0.000000 0.210894 0.602942 0.748254 0.752212 0.906828 0.869647 0.456497 0.794665 0.654244 0.315697 0.252710 0.401881 0.282103 0.719555 0.660493 0.332788 0.311438 0.345696 0.268941 0.993370 0.809540 0.812629 0.968902 0.675516 0.706029 0.915899 0.983632 0.326471 0.378724 0.952258 0.971102 0.719044 0.478185 0.658047 0.658763 0.897136 0.946003 0.916152 0.912116 0.726387 0.745144 0.965479 0.636798 0.952026 0.493097 0.720341 0.611037 0.221695 0.264471 0.245585 0.265759 0.310687 0.404259 0.636795 0.407085 0.310374 0.250298 0.359231 0.269897 0.654181 0.313658 0.382548 0.287269 0.495397 0.808970 0.593935 0.662275 0.436930 0.451882 0.941967 0.975197 0.498869 0.495840 0.857803 0.805957 0.464613 0.694991 0.678218 0.533033 0.348215 0.348594 0.602109 0.749953 0.711035 0.733364 0.733550 0.915991 0.946492 0.685066 0.907623 0.470456 0.552601 0.415719 0.926229 0.823734 0.909741 0.617754 0.688165 0.738369 0.786067 0.978381 0.568263 0.577198 0.846848 0.878450 0.995869 0.903769 0.983453 0.978001 0.862692 0.973417 0.529579 0.979904 0.966120 0.750203
0.210894 0.000000 0.592924 0.765445 0.699514 0.872665 0.835107 0.435440 0.783758 0.577582 0.341556 0.257085 0.484713 0.304270 0.738809 0.644210 0.298744 0.269022 0.293514 0.235093 0.999393 0.773862 0.846326 0.991015 0.709727 0.755691 0.949368 0.987409 0.298043 0.330924 0.949170 0.910674 0.656215 0.464099 0.660987 0.652653 0.961873 0.883762 0.910185 0.865267 0.740767 0.759138 0.983971 0.599467 0.942765 0.477328 0.679973 0.572387 0.223072 0.234213 0.233465 0.251656 0.322409 0.379373 0.593372 0.397780 0.251587 0.207200 0.444911 0.320881 0.752414 0.340163 0.387868 0.268022 0.439199 0.769550 0.539728 0.663647 0.427684 0.404155 0.952879 0.937496 0.427536 0.451561 0.763759 0.820285 0.441782 0.635184 0.620422 0.410450 0.262383 0.276913 0.591120 0.662716 0.756944 0.723939 0.715752 0.848964 0.943055 0.710264 0.897961 0.492321 0.539191 0.434733 0.919108 0.781834 0.939160 0.607013 0.704762 0.742551 0.775207 0.974732 0.553131 0.584158 0.816582 0.903383 0.979180 0.827712 0.984059 0.980721 0.854919 0.992164 0.566041 0.922053 0.966055 0.734120
0.602942 0.592924 0.000000 0.666595 0.722902 0.907455 0.478580 0.853642 0.651098 0.886039 0.621762 0.510025 0.820648 0.537248 0.994104 0.729730 0.694905 0.720661 0.633463 0.566318 0.948339 0.999282 0.598588 0.995536 0.523836 0.375628 0.958189 0.959587 0.653214 0.623749 0.635745 0.722138 0.788324 0.868161 0.473003 0.625394 0.752948 0.899540 0.804215 0.977805 0.978974 0.993700 0.594612 0.955194 0.680196 0.933063 0.944959 0.899401 0.671162 0.587268 0.711968 0.698996 0.767948 0.847356 0.879564 0.787373 0.595590 0.571233 0.680294 0.574395 0.909936 0.674214 0.688732 0.600908 0.299143 0.497740 0.407755 0.440469 0.646986 0.610275 0.917048 0.946987 0.768564 0.792658 0.992896 0.943913 0.733422 0.946197 0.935026 0.810793 0.722140 0.705431 0.911911 0.926105 0.732025 0.879586 0.788077 0.882300 0.809344 0.914646 0.542940 0.439961 0.380542 0.530987 0.774446 0.828240 0.834325 0.509090 0.841972 0.795126 0.992540 0.693902 0.927762 0.970791 0.808776 0.643262 0.854098 0.771965 0.950338 0.855330 0.688951 0.867724 0.996455 0.972591 0.695049 0.895983
0.748254 0.765445 0.666595 0.000000 0.997354 0.990291 0.712059 0.741567 0.926130 0.880616 0.847488 0.847980 0.771734 0.832283 0.846691 0.950900 0.775814 0.777555 0.830246 0.758536 0.974066 0.897513 0.804997 0.854517 0.837942 0.763950 0.961812 0.923171 0.862456 0.908619 0.925558 0.883803 0.659305 0.801002 0.929958 0.960133 0.995022 0.792430 0.847824 0.909772 0.919042 0.861852 0.925330 0.819804 0.827270 0.777738 0.890473 0.611459 0.765183 0.796172 0.703880 0.726799 0.675340 0.736209 0.793155 0.723909 0.759240 0.756004 0.737443 0.849931 0.715807 0.774079 0.898177 0.827308 0.767622 0.687753 0.868225 0.858561 0.723420 0.722880 0.968247 0.946736 0.912274 0.992197 0.843616 0.909548 0.914025 0.936434 0.766967 0.776396 0.801065 0.732881 0.657727 0.708824 0.581989 0.624040 0.923055 0.760200 0.782652 0.800070 0.846574 0.975575 0.878534 0.973608 0.873126 0.919858 0.707434 0.843196 0.760354 0.717804 0.988373 0.777763 0.805521 0.786908 0.674565 0.788865 0.825102 0.908694 0.928871 0.996480 0.886672 0.986666 0.750455 0.972354 0.983693 0.806249
0.752212 0.699514 0.722902 0.997354 0.000000 0.886240 0.852204 0.851510 0.778002 0.862086 0.753836 0.745236 0.907918 0.754331 0.965745 0.917086 0.693145 0.702378 0.620765 0.708770 0.963840 0.924334 0.875253 0.982272 0.995002 0.922304 0.995990 0.883351 0.801281 0.793760 0.983936 0.995704 0.939618 0.837116 0.824905 0.897262 0.961040 0.826321 0.872527 0.954465 0.907441 0.845798 0.890680 0.925735 0.946344 0.853670 0.883003 0.883184 0.780196 0.790210 0.826550 0.813630 0.838636 0.836927 0.738370 0.812069 0.744336 0.755747 0.907176 0.991695 0.913209 0.839109 0.811192 0.751002 0.656364 0.743235 0.781152 0.753559 0.720760 0.789233 0.727448 0.792749 0.783690 0.707955 0.920030 0.964828 0.706944 0.850758 0.887297 0.778429 0.689454 0.604573 0.825439 0.665626 0.953869 0.997434 0.947828 0.760015 0.896567 0.793854 0.787380 0.670635 0.716697 0.718274 0.894666 0.967909 0.974000 0.817081 0.995134 0.968270 0.995267 0.917702 0.859113 0.849427 0.877151 0.845299 0.981080 0.716644 0.877688 0.871645 0.817164 0.902113 0.995504 0.948600 0.890588 0.866599
0.906828 0.872665 0.907455 0.990291 0.886240 0.000000 0.989470 0.732746 0.856499 0.887194 0.935750 0.832093 0.895238 0.856387 0.933977 0.867879 0.981364 0.991204 0.969471 0.894987 0.816827 0.909773 0.832101 0.909341 0.813128 0.965425 0.959523 0.906909 0.834144 0.868501 0.978371 0.902444 0.937578 0.900839 0.929342 0.928805 0.874925 0.972149 0.946742 0.961271 0.880773 0.901833 0.899702 0.798287 0.953411 0.874113 0.996873 0.925516 0.872888 0.795981 0.860119 0.818115 0.954962 0.793384 0.839332 0.986526 0.965323 0.926273 0.985613 0.790061 0.974406 0.780501 0.907905 0.906305 0.844440 0.853978 0.901706 0.983997 0.844392 0.962195 0.948518 0.946010 0.965137 0.967123 0.860784 0.983612 0.786963 0.906823 0.918524 0.990326 0.979285 0.982294 0.997328 0.822846 0.894091 0.986330 0.998946 0.885966 0.799894 0.777166 0.881314 0.964391 0.896680 0.904698 0.929183 0.987294 0.968137 0.903589 0.949234 0.964002 0.836018 0.954628 0.937312 0.961619 0.886055 0.991679 0.892255 0.772398 0.869348 0.794494 0.894307 0.961289 0.983481 0.948577 0.976981 0.974149
0.869647 0.835107 0.478580 0.712059 0.852204 0.989470 0.000000 0.607432 0.461963 0.617361 0.877517 0.935174 0.834910 0.803988 0.942684 0.804896 0.907389 0.974273 0.921991 0.871157 0.798906 0.911715 0.994428 0.673459 0.981683 0.772745 0.680637 0.826681 0.941851 0.956541 0.753957 0.723717 0.617956 0.747963 0.679736 0.794601 0.969947 0.990521 0.980359 0.914317 0.873819 0.825193 0.415427 0.615856 0.388732 0.741988 0.808071 0.687338 0.912674 0.749654 0.920555 0.839144 0.851106 0.951308 0.904625 0.935287 0.896070 0.756764 0.990533 0.811037 0.452997 0.843856 0.897727 0.999771 0.595152 0.434576 0.388747 0.309787 0.650062 0.686082 0.969134 0.813155 0.954932 0.915155 0.949014 0.972418 0.989328 0.937871 0.864407 0.868969 0.964370 0.877159 0.959922 0.974639 0.856525 0.883195 0.914899 0.729617 0.976879 0.819872 0.461257 0.542414 0.496164 0.563704 0.843983 0.982859 0.705000 0.526128 0.499966 0.500132 0.628031 0.579573 0.857115 0.818329 0.849147 0.721774 0.817857 0.625909 0.911627 0.903958 0.582569 0.553638 0.733062 0.998565 0.736282 0.922159
0.456497 0.435440 0.853642 0.741567 0.851510 0.732746 0.607432 0.000000 0.763412 0.345926 0.310383 0.354409 0.466230 0.511787 0.820078 0.778149 0.373413 0.440776 0.533910 0.462204 0.759931 0.923864 0.694190 0.686591 0.517687 0.756536 0.775123 0.854604 0.345283 0.357444 0.922592 0.870130 0.589932 0.413358 0.802469 0.780620 0.846294 0.993517 0.864356 0.993845 0.985379 0.983368 0.692892 0.430305 0.594706 0.391943 0.702604 0.540832 0.435999 0.520364 0.441541 0.510844 0.616214 0.553245 0.856457 0.642368 0.472321 0.521956 0.505526 0.518657 0.401408 0.265532 0.360825 0.358696 0.669995 0.835103 0.975332 0.865318 0.839914 0.735527 0.992042 0.876945 0.627606 0.619531 0.698156 0.898446 0.527530 0.760378 0.675555 0.706200 0.476622 0.549070 0.761291 0.856738 0.896280 0.994741 0.813438 0.878189 0.878427 0.965876 0.793702 0.877258 0.916782 0.867606 0.935637 0.762229 0.808007 0.928840 0.433761 0.512204 0.534462 0.705077 0.622090 0.530481 0.810054 0.888995 0.958021 0.890696 0.911797 0.972336 0.771899 0.660886 0.473523 0.933279 0.881039 0.743754
0.794665 0.783758 0.651098 0.926130 0.778002 0.856499 0.461963 0.763412 0.000000 0.713298 0.955104 0.860696 0.988915 0.739787 0.928625 0.882180 0.963781 0.860408 0.798555 0.805679 0.981623 0.882066 0.952682 0.678597 0.983055 0.810398 0.753228 0.803632 0.965367 0.996768 0.690853 0.743449 0.912915 0.956144 0.726950 0.920589 0.971419 0.983849 0.912300 0.845750 0.767353 0.825205 0.569220 0.721347 0.584417 0.801794 0.936604 0.829280 0.871216 0.785404 0.932742 0.902328 0.896274 0.972941 0.811832 0.946150 0.844012 0.749731 0.881279 0.844010 0.693381 0.883521 0.972978 0.912530 0.669831 0.544923 0.587486 0.507502 0.695313 0.727484 0.982991 0.886599 0.812107 0.850383 0.980580 0.893690 0.988698 0.944617 0.955348 0.746998 0.897035 0.830511 0.840717 0.842967 0.990478 0.860023 0.780837 0.683572 0.999614 0.824289 0.648105 0.583231 0.596913 0.586672 0.827967 0.898564 0.862113 0.799370 0.693392 0.721120 0.656839 0.731154 0.980172 0.886355 0.789606 0.711702 0.830605 0.614383 0.987251 0.861537 0.659453 0.775189 0.825415 0.833148 0.750678 0.994731
0.654244 0.577582 0.886039 0.880616 0.862086 0.887194 0.617361 0.345926 0.713298 0.000000 0.422216 0.471918 0.599015 0.673108 0.859036 0.854876 0.409083 0.460908 0.658063 0.635293 0.890084 0.854566 0.684186 0.647865 0.610283 0.783005 0.669230 0.871086 0.421485 0.383677 0.811470 0.784905 0.591746 0.481870 0.838116 0.908099 0.959875 0.919838 0.865537 0.836566 0.994981 0.933455 0.603258 0.386532 0.501616 0.387377 0.730007 0.550083 0.578787 0.741946 0.601158 0.719947 0.760754 0.743553 0.817098 0.686359 0.554406 0.674470 0.668951 0.757718 0.471004 0.429026 0.453750 0.414706 0.712087 0.904808 0.935046 0.808892 0.910701 0.869911 0.865805 0.600874 0.631726 0.705836 0.812747 0.879446 0.646679 0.690812 0.678642 0.691783 0.505065 0.597977 0.794423 0.772677 0.979579 0.899102 0.937824 0.961546 0.810373 0.982400 0.830691 0.890201 0.876359 0.921728 0.980815 0.778159 0.804682 0.944576 0.425768 0.430221 0.628793 0.722739 0.646396 0.556274 0.914546 0.983464 0.810413 0.822896 0.824382 0.968331 0.853050 0.607778 0.561216 0.989391 0.929946 0.771813
0.315697 0.341556 0.621762 0.847488 0.753836 0.935750 0.877517 0.310383 0.955104 0.422216 0.000000 0.249797 0.362790 0.355198 0.721142 0.656377 0.270604 0.301571 0.373879 0.350153 0.813401 0.937656 0.657669 0.766716 0.487370 0.610097 0.887391 0.928299 0.253033 0.265027 0.942962 0.981313 0.601658 0.417968 0.677867 0.739923 0.869121 0.980583 0.799845 0.835084 0.878114 0.806744 0.852943 0.543591 0.781538 0.418321 0.756559 0.593819 0.352422 0.433647 0.398393 0.451918 0.527487 0.533105 0.702561 0.596622 0.377577 0.387544 0.359682 0.427940 0.467779 0.282308 0.256215 0.239932 0.483458 0.863799 0.806090 0.884751 0.668031 0.640607 0.939727 0.887414 0.486872 0.514068 0.812237 0.855267 0.502179 0.654522 0.567577 0.607223 0.365677 0.421864 0.750535 0.765641 0.903874 0.964168 0.737033 0.975108 0.909595 0.835066 0.988484 0.615216 0.645474 0.577653 0.937189 0.727148 0.845089 0.749752 0.533642 0.621550 0.645764 0.825842 0.586800 0.488989 0.884794 0.921800 0.964602 0.990526 0.914592 0.858216 0.979109 0.866685 0.515301 0.910332 0.909042 0.717405
0.252710 0.257085 0.510025 0.847980 0.745236 0.832093 0.935174 0.354409 0.860696 0.471918 0.249797 0.000000 0.345991 0.244026 0.695550 0.558505 0.272483 0.289781 0.350367 0.271525 0.884027 0.813244 0.727712 0.935929 0.499094 0.549492 0.953856 0.937843 0.284000 0.273802 0.893950 0.946305 0.697573 0.444454 0.572266 0.650886 0.867616 0.995039 0.826136 0.885893 0.851771 0.867999 0.982456 0.579688 0.907561 0.456384 0.774288 0.638713 0.293614 0.339646 0.344705 0.378364 0.459810 0.523335 0.740763 0.533737 0.306751 0.290884 0.391094 0.332887 0.594579 0.265408 0.277577 0.210603 0.408997 0.837802 0.652612 0.728443 0.535023 0.527728 0.962166 0.863404 0.494415 0.545507 0.785301 0.818049 0.436116 0.630847 0.681832 0.550806 0.350244 0.351610 0.657558 0.763757 0.869715 0.840117 0.730687 0.851310 0.874371 0.820168 0.883598 0.466025 0.499430 0.474061 0.906670 0.713806 0.953433 0.676375 0.620536 0.715266 0.728249 0.946391 0.608489 0.595584 0.918268 0.870058 0.959197 0.920965 0.909712 0.905848 0.904784 0.921209 0.516370 0.935167 0.979001 0.717128
0.401881 0.484713 0.820648 0.771734 0.907918 0.895238 0.834910 0.466230 0.988915 0.599015 0.362790 0.345991 0.000000 0.371609 0.484868 0.522272 0.412914 0.437272 0.487401 0.517167 0.826311 0.879208 0.980557 0.983598 0.664318 0.732318 0.976683 0.951925 0.406844 0.425577 0.986596 0.969790 0.629254 0.515046 0.731309 0.798278 0.873448 0.830187 0.840455 0.976747 0.923091 0.909905 0.806979 0.575804 0.887568 0.569902 0.791598 0.656280 0.470908 0.531160 0.520449 0.537595 0.597931 0.637008 0.892570 0.714655 0.513606 0.496997 0.413123 0.437320 0.463035 0.420017 0.323582 0.357269 0.775323 0.936329 0.990602 0.975976 0.788725 0.766735 0.970220 0.884579 0.665861 0.768287 0.911401 0.807366 0.570353 0.656688 0.701949 0.766460 0.556415 0.533561 0.717614 0.890621 0.723836 0.748679 0.801935 0.926768 0.991016 0.816876 0.941403 0.619402 0.740117 0.584294 0.920670 0.802107 0.830086 0.796564 0.578402 0.689785 0.641035 0.888869 0.608234 0.682118 0.797099 0.942891 0.850206 0.960068 0.912633 0.974443 0.959734 0.931555 0.548931 0.966775 0.790770 0.685974
0.282103 0.304270 0.537248 0.832283 0.754331 0.856387 0.803988 0.511787 0.739787 0.673108 0.355198 0.244026 0.371609 0.000000 0.594174 0.452935 0.355331 0.339621 0.353820 0.329626 0.932178 0.774737 0.937767 0.840096 0.658843 0.632348 0.916890 0.974657 0.381330 0.379841 0.923714 0.902342 0.748505 0.510402 0.581743 0.683717 0.873354 0.955427 0.791277 0.879542 0.837229 0.796185 0.963056 0.678459 0.945055 0.553602 0.804027 0.689677 0.336283 0.334970 0.389025 0.372191 0.469040 0.520077 0.793476 0.623993 0.402339 0.312230 0.453647 0.358723 0.723238 0.396084 0.341588 0.288541 0.488462 0.847424 0.641904 0.671915 0.541822 0.551847 0.924633 0.919345 0.550389 0.559995 0.795885 0.797880 0.533595 0.643451 0.648969 0.570017 0.410301 0.352075 0.639471 0.776604 0.760257 0.644064 0.699199 0.797080 0.904828 0.740567 0.801921 0.412544 0.448553 0.359707 0.893314 0.820051 0.943423 0.589403 0.751268 0.809643 0.845436 0.999722 0.666398 0.647389 0.870442 0.898754 0.942300 0.789965 0.943766 0.936971 0.868564 0.949651 0.619405 0.980804 0.976465 0.799438
0.719555 0.738809 0.994104 0.846691 0.965745 0.933977 0.942684 0.820078 0.928625 0.859036 0.721142 0.695550 0.484868 0.594174 0.000000 0.458937 0.691983 0.661045 0.687839 0.762366 0.976329 0.970103 0.631803 0.789453 0.977649 0.965849 0.865841 0.971756 0.728029 0.710499 0.748169 0.819056 0.630416 0.692651 0.977790 0.920343 0.935392 0.842509 0.878663 0.946866 0.974496 0.989414 0.717234 0.636069 0.947784 0.691345 0.884068 0.704205 0.728369 0.740172 0.785434 0.723392 0.794914 0.780849 0.999730 0.924463 0.759881 0.693708 0.758605 0.683583 0.756332 0.746491 0.575736 0.640711 0.897545 0.779157 0.808197 0.859198 0.972218 0.955126 0.795832 0.770080 0.812632 0.996988 0.974377 0.899360 0.715897 0.752191 0.709619 0.826769 0.753104 0.696873 0.712653 0.938441 0.642769 0.520916 0.832789 0.874165 0.941094 0.797828 0.936400 0.837147 0.831202 0.738627 0.946417 0.913160 0.965926 0.778962 0.799240 0.740016 0.758448 0.934828 0.882433 0.833233 0.834239 0.906385 0.801798 0.988425 0.999217 0.935524 0.899088 0.997016 0.860068 0.933118 0.667290 0.907088
0.660493 0.644210 0.729730 0.950900 0.917086 0.867879 0.804896 0.778149 0.882180 0.854876 0.656377 0.558505 0.522272 0.452935 0.458937 0.000000 0.670326 0.668473 0.649282 0.700306 0.959853 0.793823 0.859898 0.742188 0.846255 0.819028 0.906412 0.990254 0.681672 0.614860 0.937323 0.981693 0.800544 0.770346 0.783842 0.841178 0.993413 0.800895 0.930481 0.925969 0.993571 0.973809 0.938429 0.731352 0.817427 0.806374 0.955271 0.798335 0.705389 0.662339 0.758583 0.722790 0.878120 0.888414 0.994664 0.942229 0.659045 0.640038 0.731445 0.592782 0.913866 0.727481 0.556799 0.548385 0.800247 0.970766 0.868082 0.840106 0.840794 0.764900 0.794742 0.855832 0.829830 0.883380 0.922144 0.805538 0.772008 0.627139 0.782421 0.738010 0.692369 0.598870 0.809148 0.971209 0.778066 0.561188 0.776251 0.800417 0.953963 0.889549 0.743367 0.600657 0.595128 0.601359 0.962905 0.831362 0.958097 0.672755 0.995652 0.984204 0.829507 0.935015 0.859864 0.812172 0.927205 0.854736 0.957914 0.828594 0.949761 0.929776 0.871245 0.912256 0.804492 0.942822 0.838953 0.864709
0.332788 0.298744 0.694905 0.775814 0.693145 0.981364 0.907389 0.373413 0.963781 0.409083 0.270604 0.272483 0.412914 0.355331 0.691983 0.670326 0.000000 0.209149 0.318620 0.311903 0.982972 0.842342 0.819153 0.836543 0.624207 0.700840 0.880778 0.995215 0.282105 0.260878 0.922579 0.853308 0.524135 0.359681 0.685596 0.783158 0.983285 0.878670 0.869375 0.785010 0.868885 0.796698 0.799370 0.478055 0.731692 0.394128 0.649584 0.452493 0.318695 0.459798 0.393499 0.471949 0.513535 0.574226 0.601298 0.501009 0.302526 0.346540 0.455715 0.526006 0.573440 0.357867 0.276605 0.221730 0.533992 0.889926 0.787332 0.892878 0.590878 0.604498 0.860681 0.744805 0.433754 0.479986 0.764687 0.880258 0.474078 0.627529 0.536397 0.474999 0.252141 0.293424 0.624383 0.608790 0.736377 0.785049 0.761234 0.856011 0.874055 0.737047 0.912162 0.551706 0.605556 0.499792 0.857271 0.732868 0.910834 0.776996 0.496245 0.576079 0.753019 0.861171 0.502837 0.536027 0.873012 0.907067 0.773660 0.932548 0.970446 0.873959 0.998554 0.812635 0.520233 0.977068 0.920658 0.705816
0.311438 0.269022 0.720661 0.777555 0.702378 0.991204 0.974273 0.440776 0.860408 0.460908 0.301571 0.289781 0.437272 0.339621 0.661045 0.668473 0.209149 0.000000 0.276990 0.294458 0.973868 0.788659 0.896587 0.914257 0.694429 0.749459 0.902236 0.931910 0.271427 0.266246 0.890898 0.787011 0.484327 0.386735 0.714060 0.770127 0.950775 0.872158 0.867176 0.723872 0.720815 0.747359 0.813857 0.503344 0.771997 0.409977 0.659749 0.453439 0.307880 0.419169 0.378783 0.428836 0.478309 0.516322 0.554078 0.484388 0.302686 0.305410 0.482195 0.509274 0.632239 0.417840 0.293890 0.240072 0.534519 0.808083 0.740168 0.838267 0.555918 0.572701 0.853604 0.762165 0.381362 0.441447 0.823280 0.804150 0.468445 0.573567 0.480981 0.388595 0.237999 0.268370 0.559375 0.623653 0.741977 0.761987 0.750896 0.804060 0.884716 0.751058 0.916539 0.530330 0.564808 0.442296 0.869091 0.748019 0.914039 0.764092 0.559383 0.612330 0.792508 0.882191 0.515300 0.506665 0.816383 0.887833 0.851666 0.886520 0.988528 0.926830 0.986155 0.918541 0.538803 0.969855 0.926373 0.765273
0.345696 0.293514 0.633463 0.830246 0.620765 0.969471 0.921991 0.533910 0.798555 0.658063 0.373879 0.350367 0.487401 0.353820 0.687839 0.649282 0.318620 0.276990 0.000000 0.295217 0.978085 0.854563 0.964437 0.989167 0.757198 0.740866 0.970172 0.951147 0.365853 0.369721 0.944156 0.908610 0.570075 0.466812 0.671645 0.781226 0.977098 0.883219 0.831294 0.906338 0.729516 0.832825 0.961013 0.681475 0.935154 0.601221 0.685889 0.572098 0.393640 0.417233 0.452418 0.446295 0.524070 0.557405 0.559788 0.547802 0.339397 0.332283 0.512775 0.524090 0.783370 0.491019 0.401492 0.349554 0.517970 0.720243 0.674097 0.739034 0.508595 0.549417 0.847688 0.864304 0.410321 0.472523 0.855536 0.881169 0.433514 0.709482 0.547454 0.448759 0.318720 0.308339 0.629384 0.599839 0.763745 0.771342 0.705527 0.740350 0.870598 0.726333 0.878699 0.501463 0.561155 0.428624 0.834534 0.752054 0.932488 0.629613 0.763500 0.829825 0.809014 0.982340 0.571889 0.612560 0.908133 0.941475 0.922196 0.762366 0.981469 0.988773 0.835619 0.951544 0.645894 0.954472 0.950721 0.716549
0.268941 0.235093 0.566318 0.758536 0.708770 0.894987 0.871157 0.462204 0.805679 0.635293 0.350153 0.271525 0.517167 0.329626 0.762366 0.700306 0.311903 0.294458 0.295217 0.000000 0.990818 0.838061 0.844010 0.975338 0.708108 0.692971 0.964120 0.945187 0.350777 0.383055 0.906844 0.957281 0.711696 0.481623 0.658987 0.652823 0.919049 0.842045 0.911395 0.826499 0.762880 0.807924 0.928354 0.704824 0.999319 0.573784 0.774856 0.614219 0.295139 0.311214 0.324349 0.349123 0.410292 0.461787 0.582226 0.420823 0.305523 0.266568 0.503278 0.424344 0.796701 0.376695 0.446514 0.343061 0.450186 0.769771 0.544572 0.666336 0.424218 0.404890 0.983723 0.936892 0.406999 0.468046 0.817595 0.829818 0.389031 0.679677 0.608083 0.450773 0.297182 0.296226 0.547582 0.651939 0.779902 0.771138 0.696377 0.785569 0.862079 0.774973 0.841392 0.518131 0.557017 0.468374 0.838683 0.782028 0.977564 0.650887 0.713521 0.788568 0.834729 0.983812 0.619281 0.679960 0.859038 0.820985 0.991298 0.852212 0.979729 0.935915 0.918106 0.979699 0.625054 0.891181 0.994316 0.703511
0.993370 0.999393 0.948339 0.974066 0.963840 0.816827 0.798906 0.759931 0.981623 0.890084 0.813401 0.884027 0.826311 0.932178 0.976329 0.959853 0.982972 0.973868 0.978085 0.990818 0.000000 0.815406 0.831342 0.857509 0.859492 0.925351 0.958663 0.954452 0.923217 0.921480 0.916607 0.953402 0.956901 0.937678 0.973338 0.858853 0.665391 0.830008 0.799451 0.824154 0.676649 0.861077 0.985526 0.980085 0.943109 0.947649 0.825567 0.966114 0.945318 0.944223 0.993029 0.969661 0.970555 0.891267 0.830445 0.876584 0.991574 0.979637 0.845155 0.925912 0.799507 0.860915 0.844159 0.914187 0.940284 0.896494 0.864061 0.878722 0.858617 0.953289 0.977137 0.963654 0.878025 0.896255 0.943239 0.872541 0.917424 0.932453 0.918380 0.896503 0.922563 0.881432 0.844055 0.934812 0.773290 0.876335 0.907692 0.885365 0.906084 0.855435 0.741980 0.908440 0.925528 0.873164 0.979222 0.921277 0.916212 0.992450 0.926696 0.912211 0.881441 0.757206 0.988410 0.971160 0.889248 0.963606 0.834655 0.865908 0.900986 0.814338 0.865240 0.826692 0.908627 0.812192 0.913327 0.968741
0.809540 0.773862 0.999282 0.897513 0.924334 0.909773 0.911715 0.923864 0.882066 0.854566 0.937656 0.813244 0.879208 0.774737 0.970103 0.793823 0.842342 0.788659 0.854563 0.838061 0.815406 0.000000 0.967509 0.846003 0.945374 0.913185 0.990297 0.947013 0.882800 0.860353 0.900398 0.915792 0.966726 0.899009 0.910484 0.903743 0.918715 0.633405 0.946734 0.762847 0.791209 0.796886 0.921088 0.856293 0.952912 0.852164 0.838032 0.860715 0.789005 0.842570 0.798136 0.837502 0.883920 0.909492 0.934180 0.843189 0.859555 0.822161 0.939668 0.841678 0.998376 0.900240 0.901531 0.817474 0.916252 0.972809 0.875831 0.939545 0.921093 0.908256 0.891074 0.849328 0.869181 0.790605 0.867602 0.994556 0.875092 0.757727 0.979732 0.748957 0.774653 0.721758 0.810616 0.841510 0.780186 0.797252 0.857705 0.864594 0.971432 0.798301 0.969654 0.722935 0.858591 0.852674 0.957109 0.856108 0.940188 0.951096 0.989536 0.906871 0.937156 0.969567 0.868396 0.948396 0.978457 0.973117 0.980189 0.783480 0.832244 0.827500 0.922402 0.934646 0.906121 0.849893 0.931390 0.998237
0.812629 0.846326 0.598588 0.804997 0.875253 0.832101 0.994428 0.694190 0.952682 0.684186 0.657669 0.727712 0.980557 0.937767 0.631803 0.859898 0.819153 0.896587 0.964437 0.844010 0.831342 0.967509 0.000000 0.453772 0.504359 0.594858 0.753959 0.998409 0.741629 0.714369 0.723652 0.844471 0.854624 0.842367 0.794904 0.756135 0.788836 0.925941 0.992699 0.977054 0.997504 0.952007 0.879578 0.891052 0.880876 0.812822 0.964183 0.982600 0.841999 0.884532 0.833010 0.926939 0.947237 0.976955 0.875989 0.846622 0.776113 0.893426 0.773256 0.830045 0.778742 0.625046 0.798114 0.740659 0.559266 0.844749 0.745807 0.879972 0.893795 0.861824 0.718208 0.978008 0.950063 0.856141 0.938994 0.988081 0.844332 0.920605 0.970469 0.978252 0.846374 0.949408 0.845355 0.908293 0.637922 0.551799 0.983759 0.766231 0.924157 0.887166 0.931304 0.857993 0.833834 0.992057 0.958078 0.852954 0.978404 0.982101 0.852677 0.945148 0.875329 0.917349 0.967054 0.778084 0.879573 0.768986 0.767953 0.767893 0.871573 0.926957 0.978383 0.839742 0.852995 0.937168 0.814780 0.932130
0.968902 0.991015 0.995536 0.854517 0.982272 0.909341 0.673459 0.686591 0.678597 0.647865 0.766716 0.935929 0.983598 0.840096 0.789453 0.742188 0.836543 0.914257 0.989167 0.975338 0.857509 0.846003 0.453772 0.000000 0.686063 0.898044 0.686003 0.956901 0.787214 0.775097 0.979571 0.809237 0.859343 0.755984 0.973098 0.922807 0.969800 0.924587 0.892905 0.933918 0.964157 0.908999 0.804146 0.752276 0.644741 0.757189 0.924224 0.907316 0.960797 0.949649 0.963990 0.936415 0.899449 0.988264 0.876752 0.926156 0.869461 0.964509 0.924728 0.937448 0.729159 0.771677 0.802216 0.866881 0.857934 0.993568 0.903075 0.735995 0.871394 0.945398 0.913174 0.956776 0.906487 0.918672 0.844577 0.989431 0.847424 0.971865 0.898110 0.945629 0.893735 0.955275 0.808446 0.967946 0.729593 0.519130 0.952535 0.659718 0.879098 0.855421 0.824649 0.821332 0.845175 0.789838 0.981640 0.933366 0.991874 0.868127 0.622934 0.821929 0.793547 0.766247 0.982614 0.822763 0.992343 0.947173 0.942890 0.698573 0.912188 0.972579 0.840737 0.766513 0.900532 0.915603 0.969516 0.921476
0.675516 0.709727 0.523836 0.837942 0.995002 0.813128 0.981683 0.517687 0.983055 0.610283 0.487370 0.499094 0.664318 0.658843 0.977649 0.846255 0.624207 0.694429 0.757198 0.708108 0.859492 0.945374 0.504359 0.686063 0.000000 0.374394 0.658596 0.843445 0.562786 0.500824 0.707845 0.830635 0.967298 0.741901 0.664831 0.767922 0.689135 0.776450 0.894944 0.921275 0.962650 0.895741 0.990039 0.787673 0.960263 0.733931 0.837134 0.921700 0.694584 0.746577 0.767689 0.816889 0.890269 0.904626 0.968533 0.873479 0.671822 0.721585 0.571097 0.598597 0.600895 0.515218 0.495729 0.532876 0.471687 0.799430 0.796595 0.871079 0.943254 0.870522 0.789624 0.891792 0.815605 0.778226 0.880732 0.862646 0.781338 0.922383 0.963083 0.917057 0.776754 0.853758 0.950274 0.924562 0.704524 0.707861 0.913706 0.785048 0.720702 0.872601 0.885705 0.748621 0.735415 0.800302 0.975225 0.830067 0.939270 0.865577 0.731169 0.912460 0.797603 0.990468 0.840325 0.762037 0.904215 0.842503 0.957264 0.955116 0.923111 0.839256 0.984832 0.878489 0.726374 0.975873 0.896343 0.848197
0.706029 0.755691 0.375628 0.763950 0.922304 0.965425 0.772745 0.756536 0.810398 0.783005 0.610097 0.549492 0.732318 0.632348 0.965849 0.819028 0.700840 0.749459 0.740866 0.692971 0.925351 0.913185 0.594858 0.898044 0.374394 0.000000 0.872252 0.927849 0.697115 0.642944 0.486008 0.632118 0.829748 0.894512 0.548586 0.744513 0.645914 0.864647 0.730440 0.963258 0.941028 0.993396 0.686352 0.961719 0.829346 0.967561 0.996481 0.909713 0.778538 0.821673 0.860524 0.939822 0.991705 0.925529 0.933367 0.873210 0.692903 0.731574 0.596743 0.683436 0.816128 0.665401 0.657520 0.642222 0.466294 0.643542 0.665306 0.653681 0.815121 0.819940 0.788716 0.988795 0.825550 0.853535 0.918935 0.955543 0.828829 0.966519 0.990246 0.986129 0.872557 0.850720 0.985503 0.992064 0.742304 0.739345 0.802344 0.933686 0.801349 0.919670 0.599074 0.535861 0.519254 0.689470 0.803480 0.805318 0.930848 0.690758 0.994759 0.936753 0.965501 0.737877 0.965173 0.970725 0.856469 0.698275 0.914007 0.823412 0.966020 0.809560 0.949107 0.958439 0.975990 0.871482 0.827518 0.825545
0.915899 0.949368 0.958189 0.961812 0.995990 0.959523 0.680637 0.775123 0.753228 0.669230 0.887391 0.953856 0.976683 0.916890 0.865841 0.906412 0.880778 0.902236 0.970172 0.964120 0.958663 0.990297 0.753959 0.686003 0.658596 0.872252 0.000000 0.759093 0.833439 0.857360 0.976381 0.817539 0.825898 0.828517 0.719273 0.993991 0.998035 0.899478 0.935515 0.945613 0.983414 0.931272 0.714322 0.801925 0.673030 0.823493 0.954111 0.849390 0.991062 0.789347 0.961506 0.835876 0.844181 0.896814 0.906789 0.992021 0.969309 0.838387 0.999007 0.877790 0.703179 0.858873 0.845203 0.894809 0.905808 0.933557 0.778350 0.705762 0.809893 0.730139 0.960441 0.930459 0.913238 0.909169 0.980298 0.942521 0.900952 0.905680 0.943921 0.984533 0.947591 0.964095 0.825970 0.983827 0.842040 0.719410 0.951142 0.778720 0.798819 0.819433 0.881790 0.883158 0.865804 0.882981 0.919679 0.902468 0.921057 0.769477 0.669805 0.737114 0.828986 0.784670 0.947014 0.797476 0.957790 0.930672 0.961086 0.809553 0.911378 0.948405 0.795498 0.783894 0.783692 0.735986 0.934902 0.879928
0.983632 0.987409 0.959587 0.923171 0.883351 0.906909 0.826681 0.854604 0.803632 0.871086 0.928299 0.937843 0.951925 0.974657 0.971756 0.990254 0.995215 0.931910 0.951147 0.945187 0.954452 0.947013 0.998409 0.956901 0.843445 0.927849 0.759093 0.000000 0.913178 0.885459 0.981406 0.823060 0.958218 0.996053 0.981838 0.709043 0.775000 0.958446 0.918695 0.962789 0.961720 0.835865 0.882769 0.993301 0.900288 0.894106 0.936727 0.862927 0.963067 0.997707 0.999207 0.987532 0.973335 0.985475 0.962569 0.881390 0.989155 0.985909 0.996698 0.972144 0.845738 0.878098 0.959719 0.959765 0.983340 0.891916 0.960559 0.910824 0.986445 0.966884 0.983278 0.934203 0.859146 0.969626 0.987882 0.975096 0.951168 0.918866 0.979524 0.984462 0.971133 0.940757 0.999185 0.954243 0.872049 0.886596 0.919604 0.840079 0.859556 0.691114 0.900856 0.963718 0.934683 0.979280 0.937331 0.805581 0.940809 0.989742 0.944249 0.960981 0.963202 0.937125 0.962816 0.863328 0.999075 0.949631 0.944670 0.873586 0.838583 0.872465 0.805379 0.998040 0.988550 0.973603 0.993563 0.987783
0.326471 0.298043 0.653214 0.862456 0.801281 0.834144 0.941851 0.345283 0.965367 0.421485 0.253033 0.284000 0.406844 0.381330 0.728029 0.681672 0.282105 0.271427 0.365853 0.350777 0.923217 0.882800 0.741629 0.787214 0.562786 0.697115 0.833439 0.913178 0.000000 0.243198 0.963943 0.830211 0.534134 0.371650 0.717599 0.751030 0.945386 0.956389 0.834378 0.829173 0.803698 0.810280 0.823375 0.501575 0.763025 0.375397 0.706749 0.547904 0.318712 0.384662 0.336257 0.397694 0.464991 0.464722 0.655408 0.518330 0.359541 0.352289 0.394706 0.434571 0.530713 0.298298 0.278130 0.246082 0.484265 0.852363 0.761545 0.871510 0.684461 0.632231 0.996382 0.895527 0.412961 0.502572 0.810994 0.798448 0.433196 0.637057 0.551639 0.494347 0.329276 0.394483 0.672338 0.722332 0.863343 0.931865 0.807358 0.947013 0.897327 0.825139 0.963200 0.592290 0.673414 0.564149 0.825429 0.737172 0.886796 0.750049 0.521663 0.654446 0.667934 0.796339 0.552456 0.484435 0.792602 0.909419 0.932739 0.965603 0.898239 0.971420 0.966955 0.866182 0.486219 0.941908 0.974928 0.752996
0.378724 0.330924 0.623749 0.908619 0.793760 0.868501 0.956541 0.357444 0.996768 0.383677 0.265027 0.273802 0.425577 0.379841 0.710499 0.614860 0.260878 0.266246 0.369721 0.383055 0.921480 0.860353 0.714369 0.775097 0.500824 0.642944 0.857360 0.885459 0.243198 0.000000 0.870423 0.835742 0.562482 0.370628 0.630389 0.719384 0.983734 0.970818 0.858939 0.760026 0.817260 0.796937 0.748567 0.430959 0.733172 0.356013 0.676370 0.498866 0.350916 0.429009 0.420546 0.458340 0.540324 0.559359 0.700543 0.627331 0.345776 0.355281 0.462833 0.462648 0.568010 0.339232 0.241639 0.208031 0.452202 0.808732 0.727555 0.870049 0.714796 0.647834 0.901070 0.800596 0.480725 0.545690 0.829493 0.820591 0.487873 0.587461 0.572526 0.496559 0.323647 0.394907 0.717333 0.699906 0.957355 0.943148 0.757028 0.944289 0.818732 0.889781 0.919696 0.556652 0.590136 0.517026 0.904644 0.694532 0.912423 0.740328 0.573336 0.698792 0.658861 0.815440 0.563626 0.482587 0.889311 0.891959 0.906841 0.975624 0.862571 0.889147 0.976095 0.848927 0.503285 0.925920 0.968537 0.763791
0.952258 0.949170 0.635745 0.925558 0.983936 0.978371 0.753957 0.922592 0.690853 0.811470 0.942962 0.893950 0.986596 0.923714 0.748169 0.937323 0.922579 0.890898 0.944156 0.906844 0.916607 0.900398 0.723652 0.979571 0.707845 0.486008 0.976381 0.981406 0.963943 0.870423 0.000000 0.458669 0.631282 0.753533 0.818245 0.869927 0.660915 0.913546 0.926965 0.912851 0.941084 0.953305 0.412547 0.510104 0.588612 0.636373 0.730564 0.603965 0.919420 0.969144 0.944764 0.877023 0.889485 0.802314 0.999822 0.972079 0.973491 0.989833 0.736201 0.934388 0.979866 0.959665 0.924468 0.951301 0.792405 0.761965 0.806389 0.611544 0.779900 0.844585 0.648759 0.751117 0.985275 0.955179 0.889956 0.938297 0.881302 0.723573 0.875727 0.763268 0.840843 0.924372 0.966187 0.983556 0.843359 0.788958 0.929045 0.813528 0.930515 0.899665 0.726226 0.805053 0.801739 0.954645 0.867960 0.980141 0.962141 0.994886 0.799770 0.774970 0.697411 0.727224 0.782284 0.859705 0.844552 0.754384 0.825114 0.898964 0.894626 0.830923 0.837999 0.791528 0.813313 0.969232 0.743089 0.833400
0.971102 0.910674 0.722138 0.883803 0.995704 0.902444 0.723717 0.870130 0.743449 0.784905 0.981313 0.946305 0.969790 0.902342 0.819056 0.981693 0.853308 0.787011 0.908610 0.957281 0.953402 0.915792 0.844471 0.809237 0.830635 0.632118 0.817539 0.823060 0.830211 0.835742 0.458669 0.000000 0.528787 0.712714 0.840465 0.976678 0.704880 0.862966 0.811206 0.769073 0.920748 0.984568 0.479958 0.541542 0.576268 0.628571 0.711511 0.550361 0.890462 0.948820 0.901196 0.891879 0.939530 0.807463 0.859260 0.927059 0.910965 0.960238 0.815390 0.944178 0.960590 0.975930 0.892301 0.905904 0.876613 0.836017 0.888801 0.646875 0.834956 0.990283 0.594586 0.726187 0.846961 0.962863 0.947664 0.896779 0.846895 0.793616 0.743776 0.685256 0.775416 0.892313 0.858629 0.932808 0.887067 0.835515 0.971520 0.825816 0.992809 0.974737 0.764343 0.820982 0.837229 0.975037 0.963744 0.932233 0.951737 0.900819 0.792292 0.864647 0.798571 0.767708 0.817970 0.849917 0.780292 0.938714 0.925500 0.941988 0.898102 0.813776 0.774779 0.775552 0.897389 0.947298 0.847292 0.890202
0.719044 0.656215 0.788324 0.659305 0.939618 0.937578 0.617956 0.589932 0.912915 0.591746 0.601658 0.697573 0.629254 0.748505 0.630416 0.800544 0.524135 0.484327 0.570075 0.711696 0.956901 0.966726 0.854624 0.859343 0.967298 0.829748 0.825898 0.958218 0.534134 0.562482 0.631282 0.528787 0.000000 0.461006 0.881502 0.904584 0.687060 0.894847 0.983924 0.802407 0.884606 0.919959 0.496695 0.459370 0.541110 0.484697 0.750649 0.510617 0.675860 0.804503 0.733588 0.753680 0.810067 0.724534 0.760123 0.850304 0.633587 0.692709 0.778357 0.856044 0.607524 0.670671 0.541370 0.570105 0.991511 0.811775 0.773832 0.698928 0.965585 0.915173 0.792341 0.751839 0.665248 0.749091 0.842829 0.970648 0.648997 0.698316 0.536261 0.580220 0.551675 0.639933 0.767956 0.728626 0.666392 0.754939 0.974155 0.918099 0.969888 0.841660 0.821143 0.923168 0.983647 0.851407 0.995110 0.890563 0.852530 0.885908 0.583124 0.590105 0.753847 0.690748 0.684387 0.582105 0.706956 0.888313 0.796260 0.914321 0.953842 0.943157 0.869773 0.797442 0.636512 0.838142 0.887161 0.859957
0.478185 0.464099 0.868161 0.801002 0.837116 0.900839 0.747963 0.413358 0.956144 0.481870 0.417968 0.444454 0.515046 0.510402 0.692651 0.770346 0.359681 0.386735 0.466812 0.481623 0.937678 0.899009 0.842367 0.755984 0.741901 0.894512 0.828517 0.996053 0.371650 0.370628 0.753533 0.712714 0.461006 0.000000 0.893660 0.883102 0.906998 0.852676 0.952704 0.820342 0.874356 0.872360 0.579475 0.359126 0.566746 0.365281 0.667210 0.506133 0.457732 0.567860 0.525658 0.558120 0.631856 0.611826 0.808273 0.666749 0.501903 0.529023 0.616992 0.619487 0.567670 0.430701 0.366307 0.379756 0.681321 0.921110 0.976599 0.838193 0.848386 0.821479 0.808700 0.710856 0.567161 0.680222 0.796586 0.909294 0.414707 0.680233 0.611060 0.590625 0.449249 0.521818 0.672131 0.735656 0.799106 0.842748 0.834417 0.935418 0.853466 0.870277 0.916385 0.723783 0.795220 0.692307 0.926826 0.723783 0.994009 0.975623 0.467784 0.639029 0.718633 0.769076 0.556961 0.626338 0.873269 0.958436 0.779950 0.961831 0.840571 0.923390 0.941977 0.725237 0.534206 0.997388 0.922523 0.860849
0.658047 0.660987 0.473003 0.929958 0.824905 0.929342 0.679736 0.802469 0.726950 0.838116 0.677867 0.572266 0.731309 0.581743 0.977790 0.783842 0.685596 0.714060 0.671645 0.658987 0.973338 0.910484 0.794904 0.973098 0.664831 0.548586 0.719273 0.981838 0.717599 0.630389 0.818245 0.840465 0.881502 0.893660 0.000000 0.813977 0.739181 0.916749 0.960561 0.828625 0.974041 0.929678 0.749903 0.941550 0.845343 0.843823 0.895545 0.905742 0.666207 0.610426 0.758559 0.734428 0.799467 0.890389 0.964994 0.823018 0.645856 0.580303 0.739182 0.639933 0.979456 0.749782 0.674148 0.614079 0.545893 0.639015 0.523398 0.567475 0.735065 0.594080 0.870678 0.946118 0.779721 0.883497 0.900693 0.995906 0.912394 0.893292 0.803221 0.785705 0.710026 0.708561 0.738470 0.856323 0.819785 0.928425 0.853722 0.825967 0.928604 0.908731 0.660436 0.537445 0.586267 0.550840 0.872216 0.764391 0.950621 0.670226 0.921768 0.785796 0.941754 0.802364 0.917787 0.924060 0.787322 0.817643 0.967565 0.787383 0.962001 0.912634 0.894858 0.905611 0.953287 0.865322 0.714237 0.838031
0.658763 0.652653 0.625394 0.960133 0.897262 0.928805 0.794601 0.780620 0.920589 0.908099 0.739923 0.650886 0.798278 0.683717 0.920343 0.841178 0.783158 0.770127 0.781226 0.652823 0.858853 0.903743 0.756135 0.922807 0.767922 0.744513 0.993991 0.709043 0.751030 0.719384 0.869927 0.976678 0.904584 0.883102 0.813977 0.000000 0.732324 0.954898 0.976748 0.915474 0.959841 0.991527 0.815451 0.965023 0.895262 0.800989 0.950438 0.891023 0.689188 0.598393 0.627099 0.616047 0.671286 0.670060 0.728880 0.757041 0.617228 0.601072 0.723259 0.580547 0.907794 0.641724 0.758832 0.693787 0.668402 0.864487 0.618343 0.728467 0.660446 0.640820 0.972679 0.918699 0.808254 0.902837 0.947874 0.828946 0.679664 0.961282 0.921816 0.944235 0.820624 0.769451 0.861488 0.906569 0.909493 0.930214 0.687906 0.918278 0.991058 0.963906 0.795826 0.712659 0.595604 0.687797 0.894148 0.926578 0.907548 0.632591 0.985906 0.926789 0.958816 0.955567 0.922839 0.829341 0.932649 0.913408 0.897701 0.908250 0.995011 0.972403 0.907945 0.870736 0.921458 0.863773 0.961416 0.882109
0.897136 0.961873 0.752948 0.995022 0.961040 0.874925 0.969947 0.846294 0.971419 0.959875 0.869121 0.867616 0.873448 0.873354 0.935392 0.993413 0.983285 0.950775 0.977098 0.919049 0.665391 0.918715 0.788836 0.969800 0.689135 0.645914 0.998035 0.775000 0.945386 0.983734 0.660915 0.704880 0.687060 0.906998 0.739181 0.732324 0.000000 0.769015 0.811359 0.666730 0.866312 0.769723 0.767228 0.813322 0.756992 0.896330 0.993887 0.985509 0.984896 0.887655 0.944519 0.946318 0.951005 0.997576 0.993522 0.966065 0.926857 0.940963 0.701981 0.754592 0.861772 0.846084 0.909309 0.948799 0.877535 0.918222 0.876908 0.881514 0.970182 0.992054 0.721209 0.746289 0.963654 0.912137 0.978951 0.985088 0.942801 0.691689 0.943278 0.803383 0.873824 0.868086 0.850775 0.763576 0.796357 0.826674 0.856948 0.828619 0.965599 0.795905 0.971646 0.941136 0.959423 0.991484 0.991752 0.905912 0.969452 0.833938 0.988055 0.919067 0.971089 0.993808 0.951677 0.899161 0.936471 0.944355 0.848241 0.932263 0.893911 0.993186 0.950116 0.914749 0.920762 0.894056 0.998250 0.957449
0.946003 0.883762 0.899540 0.792430 0.826321 0.972149 0.990521 0.993517 0.983849 0.919838 0.980583 0.995039 0.830187 0.955427 0.842509 0.800895 0.878670 0.872158 0.883219 0.842045 0.830008 0.633405 0.925941 0.924587 0.776450 0.864647 0.899478 0.958446 0.956389 0.970818 0.913546 0.862966 0.894847 0.852676 0.916749 0.954898 0.769015 0.000000 0.852567 0.763149 0.664201 0.833151 0.971700 0.985516 0.795866 0.866960 0.897769 0.900947 0.915031 0.975922 0.900746 0.935976 0.870415 0.911505 0.832516 0.740620 0.917687 0.901175 0.979483 0.852072 0.965863 0.938546 0.870014 0.962202 0.997281 0.932069 0.931863 0.947431 0.834229 0.846364 0.915748 0.817182 0.761734 0.802212 0.946955 0.959833 0.808597 0.926976 0.922120 0.774573 0.776245 0.768871 0.782488 0.606574 0.763471 0.833655 0.986113 0.777299 0.983655 0.706047 0.974865 0.883027 0.959365 0.983836 0.967291 0.814054 0.820204 0.869817 0.954647 0.889396 0.905887 0.991330 0.907237 0.898566 0.998693 0.960209 0.818634 0.885032 0.853560 0.911924 0.995444 0.902213 0.992265 0.988090 0.918941 0.839315
