0.000000 0.193206 0.477833 0.642431 0.706279 0.922546 0.479472 0.529351 0.945340 0.782387 0.379953 0.322594 0.322148 0.469402 0.687444 0.737307 0.321733 0.363944 0.281151 0.292269 0.743141 0.979353 0.682773 0.776177 0.819525 0.947467 0.944978 0.995734 0.514971 0.438365 0.896879 0.959596 0.363703 0.333369 0.720465 0.900764 0.509275 0.746952 0.754567 0.782334 0.774413 0.947930 0.821236 0.793451 0.933959 0.838478 0.471389 0.518060 0.728115 0.537820 0.596911 0.540446 0.973091 0.785535 0.392899 0.494303 0.285146 0.214126 0.288076 0.337519 0.264254 0.366619 0.225833 0.216571 0.575558 0.401739 0.355976 0.559400 0.301317 0.283826 0.713795 0.982322 0.536407 0.723753 0.687262 0.780561 0.711205 0.781223 0.514979 0.480778 0.251539 0.269713 0.369834 0.346917 0.272094 0.356470 0.582681 0.634035 0.457319 0.492360 0.612365 0.533897 0.512274 0.484627 0.972175 0.861797 0.378887 0.934825 0.861843 0.910439 0.791600 0.907204 0.743652 0.738259 0.623808 0.520709 0.979201 0.963197 0.836688 0.590435 0.989163 0.720837 0.910333 0.842225 0.670796 0.771484
0.193206 0.000000 0.527186 0.610203 0.743148 0.916371 0.523636 0.481666 0.973605 0.801818 0.410928 0.271654 0.364883 0.459831 0.711812 0.708587 0.299258 0.314582 0.291902 0.263993 0.778615 0.918775 0.660619 0.732964 0.860985 0.863693 0.957766 0.976650 0.473931 0.395465 0.911219 0.939086 0.371270 0.358311 0.761163 0.976247 0.530702 0.681616 0.769255 0.793782 0.772163 0.844214 0.711448 0.721141 0.915345 0.817775 0.421081 0.498529 0.706405 0.541609 0.574496 0.520853 0.996381 0.789400 0.444358 0.510322 0.269017 0.185453 0.311119 0.339238 0.311883 0.370870 0.233852 0.185933 0.640553 0.411862 0.384168 0.533793 0.327748 0.284377 0.650023 0.934571 0.571889 0.712988 0.742490 0.745040 0.649130 0.664171 0.426675 0.428605 0.247447 0.282575 0.419298 0.394738 0.340599 0.384646 0.641467 0.689919 0.533280 0.518469 0.647497 0.587633 0.581563 0.480863 0.985083 0.819468 0.375983 0.899305 0.804403 0.856741 0.816756 0.903132 0.695838 0.725493 0.576491 0.471715 0.981677 0.958244 0.874934 0.593520 0.932219 0.690899 0.868541 0.852791 0.638126 0.780803
0.477833 0.527186 0.000000 0.363096 0.824898 0.857883 0.547647 0.687464 0.806942 0.742846 0.762572 0.678201 0.389544 0.670106 0.577408 0.626663 0.760499 0.838862 0.597815 0.653549 0.680822 0.863510 0.500507 0.515238 0.506241 0.634596 0.785271 0.934794 0.898038 0.895818 0.763477 0.891729 0.604649 0.649839 0.608857 0.870303 0.475262 0.741949 0.634686 0.891113 0.840825 0.808867 0.962585 0.985744 0.918301 0.952816 0.725470 0.626651 0.945092 0.578004 0.664671 0.567313 0.869986 0.982363 0.432567 0.680752 0.783119 0.620894 0.438244 0.445562 0.425509 0.545889 0.571438 0.615558 0.275567 0.466746 0.443893 0.635647 0.515374 0.462083 0.844164 0.990500 0.541131 0.742760 0.786860 0.803333 0.765324 0.957306 0.669141 0.799746 0.714700 0.710483 0.658335 0.644853 0.379948 0.363049 0.615555 0.798330 0.454913 0.529455 0.617301 0.641065 0.561736 0.692179 0.976923 0.998133 0.684596 0.991618 0.829509 0.795052 0.711639 0.799088 0.933247 0.962886 0.699541 0.606538 0.889335 0.920195 0.948037 0.777373 0.952451 0.978346 0.947124 0.896534 0.684692 0.888472
0.642431 0.610203 0.363096 0.000000 0.865815 0.874695 0.564441 0.497793 0.775137 0.897704 0.918644 0.653874 0.470172 0.604962 0.517952 0.475385 0.867484 0.885294 0.697143 0.713678 0.792888 0.995941 0.470628 0.413330 0.553607 0.772284 0.781459 0.968673 0.881581 0.913061 0.703867 0.938181 0.712682 0.683653 0.736135 0.976794 0.564225 0.711071 0.619194 0.867320 0.902805 0.981597 0.870741 0.893671 0.946311 0.835537 0.672967 0.558234 0.921071 0.595168 0.597933 0.568172 0.851081 0.946689 0.596383 0.766850 0.870945 0.709625 0.552443 0.538657 0.532367 0.533971 0.670277 0.648903 0.407153 0.513829 0.558408 0.633718 0.762619 0.607089 0.870853 0.974085 0.771418 0.861227 0.844458 0.825503 0.690803 0.858806 0.695282 0.873510 0.830288 0.888592 0.712264 0.726932 0.541551 0.390148 0.671651 0.919139 0.598259 0.551996 0.797862 0.778538 0.747613 0.782332 0.990350 0.862274 0.706572 0.930566 0.938727 0.936616 0.799433 0.798636 0.996173 0.924518 0.617883 0.551892 0.824746 0.711037 0.927623 0.775989 0.931686 0.905763 0.948431 0.821908 0.719599 0.861246
0.706279 0.743148 0.824898 0.865815 0.000000 0.994838 0.812813 0.843212 0.994811 0.892665 0.756929 0.764323 0.667764 0.794201 0.822171 0.727588 0.790905 0.814833 0.719078 0.803500 0.924221 0.820175 0.785936 0.851120 0.779700 0.906962 0.969681 0.912862 0.808804 0.816473 0.988219 0.958532 0.832320 0.767405 0.860627 0.906387 0.878405 0.934149 0.956223 0.735976 0.921515 0.915974 0.978045 0.981102 0.936679 0.991491 0.817010 0.767588 0.984434 0.925658 0.891098 0.900137 0.899399 0.820705 0.832094 0.939102 0.741723 0.782864 0.743054 0.774185 0.754155 0.801019 0.747735 0.735852 0.806758 0.768392 0.836591 0.884079 0.707282 0.709878 0.961186 0.985005 0.824795 0.955417 0.911503 0.942041 0.971678 0.920623 0.845592 0.837528 0.762722 0.780505 0.810679 0.819448 0.712852 0.729947 0.894840 0.841545 0.797110 0.828316 0.861425 0.910821 0.892730 0.808057 0.865918 0.984380 0.820983 0.915762 0.976261 0.977580 0.884308 0.976950 0.922570 0.817264 0.933114 0.762473 0.912764 0.914092 0.878946 0.938013 0.843223 0.987948 0.923788 0.950337 0.759038 0.975710
0.922546 0.916371 0.857883 0.874695 0.994838 0.000000 0.950061 0.883423 0.920874 0.850259 0.866476 0.836525 0.962400 0.888190 0.952017 0.941034 0.868671 0.838225 0.911380 0.934020 0.840361 0.932280 0.805430 0.833960 0.755542 0.851657 0.850291 0.806594 0.812236 0.822941 0.782696 0.971323 0.989370 0.937402 0.829495 0.812422 0.878229 0.863986 0.947732 0.767202 0.855832 0.901754 0.872229 0.851837 0.912751 0.907967 0.948362 0.997041 0.927225 0.936202 0.999947 0.928118 0.969263 0.883109 0.924756 0.893816 0.845163 0.911928 0.996476 0.999914 0.927936 0.879871 0.902797 0.908303 0.799732 0.953452 0.968068 0.974343 0.988803 0.935515 0.968224 0.864425 0.927617 0.905893 0.794964 0.960544 0.997157 0.922930 0.918449 0.863107 0.895862 0.846225 0.978857 0.975491 0.928283 0.948046 0.878357 0.980439 0.818311 0.986561 0.867306 0.934702 0.991924 0.976180 0.960808 0.897401 0.806886 0.817891 0.765750 0.743013 0.784921 0.940690 0.846882 0.848904 0.909038 0.980706 0.985976 0.985409 0.954954 0.947167 0.928872 0.874985 0.948811 0.951932 0.894921 0.864200
0.479472 0.523636 0.547647 0.564441 0.812813 0.950061 0.000000 0.351388 0.547226 0.719143 0.500830 0.547558 0.324019 0.317267 0.400028 0.505747 0.516225 0.541692 0.330719 0.472303 0.801475 0.985883 0.704314 0.786720 0.921143 0.863841 0.861320 0.899954 0.430570 0.523142 0.686413 0.649650 0.352120 0.292004 0.807442 0.933414 0.722356 0.765994 0.939620 0.909004 0.916402 0.870903 0.494288 0.431464 0.490141 0.405467 0.425363 0.330444 0.523725 0.462400 0.431901 0.484249 0.640940 0.769706 0.629171 0.581888 0.556819 0.576747 0.410067 0.608851 0.321897 0.496710 0.367728 0.442160 0.764365 0.602595 0.310225 0.324056 0.788338 0.641947 0.554658 0.720723 0.590959 0.592825 0.788332 0.632713 0.460056 0.616496 0.525443 0.612167 0.574185 0.672467 0.588008 0.646872 0.587402 0.580347 0.812438 0.844135 0.729276 0.805023 0.840201 0.927207 0.977513 0.921696 0.901813 0.888046 0.515185 0.920803 0.549827 0.571693 0.887102 0.708163 0.603964 0.492598 0.528572 0.597686 0.871835 0.733174 0.884815 0.679028 0.741284 0.523414 0.673364 0.553107 0.658587 0.618513
0.529351 0.481666 0.687464 0.497793 0.843212 0.883423 0.351388 0.000000 0.679118 0.740093 0.526262 0.396903 0.481868 0.329327 0.629024 0.519231 0.597365 0.586579 0.471620 0.528613 0.936034 0.951317 0.892986 0.815142 0.859688 0.810737 0.844055 0.840288 0.468996 0.499767 0.899850 0.762301 0.561510 0.412057 0.988503 0.992791 0.741415 0.703738 0.871560 0.831462 0.973978 0.878778 0.523918 0.530805 0.660795 0.481996 0.398302 0.383580 0.532693 0.532524 0.402255 0.478777 0.749807 0.934767 0.592475 0.595682 0.594056 0.549673 0.449403 0.542676 0.360247 0.305695 0.450894 0.408977 0.871176 0.430367 0.476894 0.426354 0.803418 0.594486 0.812145 0.934923 0.755212 0.747125 0.779994 0.690696 0.581177 0.633618 0.610072 0.649982 0.607314 0.704072 0.587031 0.672528 0.722792 0.548330 0.822963 0.967008 0.783392 0.779460 0.904106 0.946471 0.930404 0.754105 0.897565 0.767474 0.531674 0.881285 0.588273 0.599978 0.788055 0.885410 0.620794 0.572482 0.604739 0.551242 0.865767 0.707305 0.883298 0.698580 0.749375 0.525751 0.668967 0.630272 0.676471 0.616543
0.945340 0.973605 0.806942 0.775137 0.994811 0.920874 0.547226 0.679118 0.000000 0.651902 0.938622 0.977137 0.701326 0.701287 0.716839 0.799935 0.944996 0.975903 0.806272 0.946365 0.972803 0.991093 0.936751 0.924917 0.893160 0.988096 0.871722 0.918197 0.818583 0.933483 0.837974 0.866606 0.787194 0.780174 0.757209 0.881875 0.870029 0.924462 0.931311 0.995496 0.879000 0.918074 0.718046 0.662473 0.598815 0.565344 0.693557 0.697886 0.731503 0.700587 0.617682 0.679195 0.611946 0.617901 0.892725 0.810433 0.994606 0.961599 0.739038 0.957213 0.718532 0.833827 0.857305 0.935571 0.893723 0.846933 0.629744 0.571786 0.913977 0.972420 0.783915 0.832431 0.806471 0.769562 0.903859 0.798970 0.691889 0.772203 0.916441 0.971419 0.913386 0.856487 0.949057 0.995063 0.975325 0.917766 0.959680 0.978553 0.868974 0.896997 0.824410 0.774937 0.990569 0.851111 0.718785 0.985769 0.867099 0.936208 0.749516 0.772549 0.963428 0.805088 0.853488 0.738508 0.818529 0.808057 0.754004 0.818820 0.939023 0.919785 0.835564 0.795049 0.786223 0.774505 0.794728 0.724748
0.782387 0.801818 0.742846 0.897704 0.892665 0.850259 0.719143 0.740093 0.651902 0.000000 0.983735 0.939834 0.892178 0.875347 0.897463 0.912373 0.890497 0.957646 0.989341 0.877332 0.912521 0.925507 0.754010 0.717273 0.514058 0.745061 0.557611 0.801453 0.768691 0.910826 0.868261 0.624770 0.990153 0.850623 0.747355 0.820556 0.829450 0.979032 0.685377 0.824115 0.819553 0.843649 0.479101 0.473790 0.333804 0.381790 0.799592 0.746194 0.496188 0.790117 0.669266 0.809822 0.555169 0.511562 0.786016 0.961634 0.913944 0.787596 0.996635 0.873753 0.983778 0.967289 0.927315 0.939270 0.553970 0.778826 0.908356 0.708447 0.616925 0.783270 0.897837 0.673251 0.922073 0.733191 0.983046 0.812485 0.729417 0.719164 0.984244 0.998776 0.819657 0.681740 0.771891 0.665643 0.565779 0.620483 0.769824 0.704136 0.693557 0.618935 0.384050 0.442361 0.455543 0.522151 0.829835 0.839466 0.982887 0.732648 0.450216 0.373140 0.441232 0.612126 0.545474 0.618147 0.830311 0.913152 0.817565 0.668131 0.987178 0.950037 0.670300 0.694988 0.550576 0.686049 0.994012 0.941991
0.379953 0.410928 0.762572 0.918644 0.756929 0.866476 0.500830 0.526262 0.938622 0.983735 0.000000 0.313638 0.488869 0.487103 0.804263 0.821660 0.387282 0.369473 0.387576 0.344692 0.917532 0.914619 0.961746 0.925351 0.767325 0.658236 0.766191 0.812676 0.449853 0.346951 0.888897 0.907955 0.509135 0.380608 0.981819 0.827466 0.822751 0.820054 0.965399 0.889324 0.848960 0.873995 0.781431 0.783976 0.803742 0.777384 0.620960 0.609038 0.682441 0.735011 0.734954 0.763847 0.902786 0.764198 0.687919 0.607276 0.390394 0.412093 0.530344 0.632827 0.379200 0.441912 0.346584 0.350986 0.919709 0.514570 0.573976 0.549725 0.567297 0.521112 0.792929 0.944275 0.574250 0.617538 0.665914 0.825556 0.758165 0.755378 0.605784 0.495939 0.359439 0.379427 0.578721 0.520157 0.603598 0.642511 0.745826 0.840080 0.743494 0.796823 0.884224 0.757537 0.800989 0.650251 0.890426 0.913028 0.575065 0.945702 0.720435 0.815463 0.923274 0.883519 0.645841 0.665868 0.749994 0.709538 0.838239 0.916127 0.762640 0.691676 0.902831 0.710102 0.865072 0.781373 0.770062 0.744292
0.322594 0.271654 0.678201 0.653874 0.764323 0.836525 0.547558 0.396903 0.977137 0.939834 0.313638 0.000000 0.469945 0.401474 0.784580 0.687610 0.399444 0.343216 0.357754 0.310320 0.849511 0.878081 0.838892 0.816110 0.959179 0.711256 0.971397 0.865146 0.425115 0.316922 0.929587 0.908205 0.507797 0.397439 0.949761 0.952279 0.682180 0.676187 0.917315 0.757875 0.913928 0.830369 0.740745 0.791282 0.909883 0.827299 0.515798 0.597832 0.727100 0.678880 0.661321 0.673556 0.866671 0.693835 0.609227 0.572913 0.327112 0.310250 0.462651 0.496910 0.336512 0.288383 0.325733 0.249846 0.822881 0.376605 0.534318 0.541490 0.483794 0.409815 0.813541 0.982515 0.598877 0.721556 0.722208 0.777000 0.780062 0.661080 0.528688 0.477841 0.329960 0.368927 0.520516 0.496828 0.513794 0.448661 0.701648 0.828507 0.634587 0.640888 0.796836 0.642550 0.720702 0.530118 0.881445 0.729637 0.489061 0.873134 0.785402 0.806030 0.987499 0.990112 0.626377 0.666956 0.643118 0.561468 0.912023 0.927318 0.822623 0.582174 0.829831 0.692529 0.831046 0.807066 0.676485 0.760716
0.322148 0.364883 0.389544 0.470172 0.667764 0.962400 0.324019 0.481868 0.701326 0.892178 0.488869 0.469945 0.000000 0.390103 0.444924 0.477874 0.439110 0.514731 0.324039 0.378163 0.649019 0.982803 0.505018 0.601887 0.756421 0.986611 0.921628 0.930880 0.540750 0.557043 0.725879 0.870130 0.369047 0.354005 0.735294 0.884126 0.573363 0.747681 0.715619 0.778969 0.733531 0.967677 0.738188 0.678574 0.840595 0.697402 0.496424 0.416946 0.764431 0.495906 0.553539 0.523581 0.913840 0.997193 0.524165 0.587677 0.482967 0.423024 0.350622 0.465919 0.274778 0.432926 0.292123 0.354769 0.465975 0.431086 0.357787 0.494240 0.508127 0.421646 0.651489 0.871623 0.543058 0.675312 0.752001 0.731923 0.548267 0.731533 0.555766 0.531859 0.467432 0.499266 0.475142 0.500315 0.319265 0.321292 0.633122 0.689962 0.499249 0.529871 0.794423 0.778519 0.667897 0.693896 0.928113 0.998248 0.522182 0.973696 0.847152 0.893242 0.822204 0.994591 0.808169 0.665048 0.625200 0.528258 0.945915 0.952253 0.983742 0.727678 0.936186 0.717020 0.827810 0.777003 0.642825 0.722478
0.469402 0.459831 0.670106 0.604962 0.794201 0.888190 0.317267 0.329327 0.701287 0.875347 0.487103 0.401474 0.390103 0.000000 0.544179 0.499313 0.481455 0.445163 0.308393 0.378273 0.827370 0.898436 0.678139 0.656044 0.925243 0.818893 0.993414 0.873776 0.387953 0.404540 0.807113 0.646181 0.411541 0.354008 0.834084 0.974256 0.783476 0.657103 0.880659 0.789177 0.995395 0.764283 0.609603 0.575988 0.694847 0.576615 0.444686 0.479848 0.679291 0.626611 0.583181 0.636936 0.910649 0.970285 0.702403 0.644048 0.461201 0.530326 0.532514 0.683615 0.396861 0.446233 0.393496 0.386073 0.823828 0.534595 0.484107 0.474327 0.751331 0.642832 0.674350 0.732840 0.690784 0.728662 0.843544 0.700628 0.624869 0.563595 0.545609 0.570975 0.491627 0.567821 0.536277 0.584129 0.561857 0.477539 0.837519 0.734561 0.750287 0.690105 0.965476 0.919810 0.878763 0.750380 0.921640 0.792343 0.517462 0.910320 0.660721 0.625330 0.974978 0.801175 0.625517 0.599312 0.606274 0.657589 0.973103 0.872306 0.913400 0.659094 0.766050 0.633386 0.739884 0.651785 0.767941 0.653850
0.687444 0.711812 0.577408 0.517952 0.822171 0.952017 0.400028 0.629024 0.716839 0.897463 0.804263 0.784580 0.444924 0.544179 0.000000 0.362249 0.715074 0.699566 0.586957 0.655228 0.687614 0.994062 0.482224 0.557629 0.762077 0.909018 0.834590 0.898560 0.664221 0.747842 0.530635 0.584425 0.498419 0.574354 0.830664 0.945325 0.784393 0.815277 0.834169 0.955633 0.809916 0.796685 0.692645 0.651225 0.797972 0.735313 0.627746 0.571812 0.908451 0.731800 0.776570 0.763454 0.852038 0.921077 0.798735 0.893661 0.752957 0.766125 0.678458 0.838426 0.614090 0.775805 0.581414 0.673135 0.622535 0.753167 0.566525 0.624966 0.887815 0.762582 0.623600 0.689171 0.801470 0.852727 0.986154 0.674847 0.617821 0.687818 0.695326 0.698043 0.751841 0.842063 0.668754 0.716782 0.627938 0.573478 0.758320 0.828755 0.736079 0.731511 0.896235 0.883815 0.965059 0.993645 0.856750 0.945039 0.710325 0.999810 0.755498 0.757139 0.940160 0.802762 0.810919 0.707092 0.649454 0.740226 0.887018 0.744380 0.966886 0.921245 0.987586 0.781965 0.848478 0.699086 0.848129 0.860265
0.737307 0.708587 0.626663 0.475385 0.727588 0.941034 0.505747 0.519231 0.799935 0.912373 0.821660 0.687610 0.477874 0.499313 0.362249 0.000000 0.798466 0.757596 0.644433 0.696727 0.718529 0.891915 0.529378 0.517960 0.740256 0.894724 0.855671 0.940502 0.732899 0.793479 0.619686 0.686527 0.607960 0.614291 0.872214 0.892333 0.812787 0.797505 0.801972 0.800937 0.781854 0.921569 0.680359 0.680488 0.938716 0.792940 0.625641 0.623804 0.975603 0.829801 0.776049 0.785295 0.946365 0.993051 0.851081 0.960154 0.802739 0.793828 0.697175 0.772621 0.626029 0.678354 0.666618 0.682021 0.678062 0.652596 0.662697 0.691464 0.880447 0.691133 0.778446 0.780731 0.811876 0.793981 0.912780 0.639718 0.712175 0.719216 0.769189 0.749773 0.850029 0.922244 0.777881 0.781597 0.735425 0.512832 0.846929 0.956910 0.788643 0.743351 0.946212 0.960811 0.989815 0.918905 0.996476 0.950971 0.790483 0.969028 0.817910 0.803568 0.934363 0.936078 0.797397 0.704234 0.705535 0.649175 0.915732 0.796042 0.966729 0.921442 0.954555 0.765033 0.781083 0.722533 0.768060 0.916364
0.321733 0.299258 0.760499 0.867484 0.790905 0.868671 0.516225 0.597365 0.944996 0.890497 0.387282 0.399444 0.439110 0.481455 0.715074 0.798466 0.000000 0.236759 0.269780 0.272236 0.927585 0.890372 0.785489 0.899987 0.907921 0.685882 0.995090 0.949130 0.356380 0.293779 0.863067 0.751593 0.342818 0.362758 0.939852 0.918252 0.693666 0.810847 0.973247 0.820482 0.771196 0.744310 0.598145 0.597715 0.785331 0.748512 0.500909 0.580326 0.705196 0.684816 0.690027 0.688012 0.990564 0.831225 0.659905 0.619414 0.231141 0.281280 0.497770 0.594615 0.456666 0.565121 0.273255 0.266914 0.856855 0.586264 0.477583 0.563859 0.496541 0.521389 0.548497 0.776591 0.657601 0.751879 0.779477 0.738736 0.649099 0.568203 0.372650 0.370148 0.231436 0.287565 0.431970 0.429490 0.471236 0.574254 0.799132 0.675250 0.709611 0.716138 0.870485 0.831287 0.766047 0.654744 0.978192 0.946047 0.491230 0.897574 0.693831 0.749751 0.929441 0.835310 0.565603 0.566113 0.672444 0.653902 0.973060 0.948337 0.841169 0.654622 0.916735 0.650649 0.834350 0.715082 0.694131 0.787832
0.363944 0.314582 0.838862 0.885294 0.814833 0.838225 0.541692 0.586579 0.975903 0.957646 0.369473 0.343216 0.514731 0.445163 0.699566 0.757596 0.236759 0.000000 0.299978 0.215536 0.847527 0.862148 0.809192 0.869356 0.864364 0.607615 0.995969 0.939987 0.312514 0.246342 0.895974 0.702414 0.370258 0.347946 0.932650 0.965468 0.747061 0.676818 0.968297 0.889616 0.746318 0.688592 0.607854 0.613831 0.779465 0.788207 0.564330 0.638456 0.747900 0.781155 0.802568 0.829218 0.848730 0.710089 0.749304 0.672444 0.220736 0.290278 0.580398 0.688530 0.522308 0.589424 0.316454 0.274036 0.928470 0.634067 0.529685 0.577692 0.514376 0.526243 0.565067 0.705793 0.668456 0.676837 0.842605 0.748316 0.705511 0.494328 0.397224 0.330498 0.238040 0.282452 0.484958 0.477365 0.537827 0.606185 0.808848 0.706375 0.756525 0.759703 0.928450 0.836072 0.865439 0.716868 0.897679 0.795545 0.456982 0.918438 0.658276 0.686849 0.960917 0.846539 0.500355 0.569232 0.570570 0.684793 0.938670 0.937786 0.845715 0.648986 0.847299 0.628291 0.868593 0.732448 0.783590 0.769330
0.281151 0.291902 0.597815 0.697143 0.719078 0.911380 0.330719 0.471620 0.806272 0.989341 0.387576 0.357754 0.324039 0.308393 0.586957 0.644433 0.269780 0.299978 0.000000 0.261739 0.769251 0.897200 0.658241 0.743282 0.975945 0.774694 0.952981 0.963848 0.320657 0.324118 0.763092 0.691182 0.309545 0.257389 0.784076 0.992771 0.686934 0.714509 0.936766 0.781487 0.892459 0.821383 0.606161 0.562923 0.700926 0.645508 0.443334 0.460350 0.667629 0.569913 0.578448 0.579337 0.942605 0.929111 0.563246 0.567960 0.269087 0.330077 0.389173 0.539142 0.327124 0.478166 0.236013 0.260310 0.778410 0.545133 0.349557 0.461113 0.504449 0.493886 0.529466 0.757423 0.567517 0.688067 0.770367 0.721125 0.601951 0.602709 0.424227 0.442485 0.288734 0.358609 0.442215 0.462420 0.418375 0.481302 0.792291 0.690112 0.661716 0.669169 0.903568 0.809747 0.761172 0.638922 0.954484 0.856860 0.433126 0.920702 0.659459 0.664463 0.922737 0.831918 0.599515 0.523585 0.548952 0.592087 0.995108 0.937830 0.856206 0.596991 0.821943 0.581661 0.802933 0.720944 0.677325 0.720271
0.292269 0.263993 0.653549 0.713678 0.803500 0.934020 0.472303 0.528613 0.946365 0.877332 0.344692 0.310320 0.378163 0.378273 0.655228 0.696727 0.272236 0.215536 0.261739 0.000000 0.810246 0.834583 0.695044 0.760809 0.999581 0.742717 0.959857 0.919865 0.374845 0.268125 0.815743 0.776287 0.355364 0.327447 0.827816 0.993962 0.659959 0.587243 0.913295 0.861831 0.797158 0.722484 0.673973 0.675162 0.832893 0.815727 0.552953 0.587225 0.776528 0.689218 0.728387 0.728000 0.883539 0.752569 0.665354 0.644672 0.236054 0.265077 0.479753 0.575410 0.400207 0.496415 0.272025 0.243838 0.754034 0.525508 0.450549 0.544591 0.448421 0.445210 0.533446 0.737723 0.591264 0.654584 0.767805 0.733423 0.631676 0.548883 0.399379 0.352792 0.252145 0.283113 0.459225 0.461496 0.415075 0.479464 0.729992 0.711159 0.659759 0.643935 0.788353 0.743682 0.729654 0.681074 0.918343 0.872318 0.428940 0.979550 0.782407 0.796293 0.878420 0.913000 0.581864 0.640102 0.548677 0.617011 0.943671 0.968129 0.852920 0.664818 0.866961 0.669649 0.899941 0.763708 0.734319 0.739946
0.743141 0.778615 0.680822 0.792888 0.924221 0.840361 0.801475 0.936034 0.972803 0.912521 0.917532 0.849511 0.649019 0.827370 0.687614 0.718529 0.927585 0.847527 0.769251 0.810246 0.000000 0.870054 0.655152 0.697042 0.786435 0.764121 0.772339 0.702061 0.939308 0.953031 0.845304 0.957193 0.803598 0.821061 0.747458 0.743524 0.821052 0.885682 0.786869 0.973566 0.815991 0.869458 0.971861 0.954166 0.984855 0.966352 0.869962 0.918424 0.940687 0.828275 0.903994 0.872276 0.974474 0.992058 0.848024 0.967414 0.855093 0.839269 0.763551 0.819084 0.744369 0.864892 0.785544 0.819335 0.672142 0.850833 0.740322 0.920359 0.766315 0.738880 0.865887 0.850869 0.746749 0.791914 0.978091 0.889535 0.806219 0.915914 0.958981 0.799472 0.905881 0.860485 0.868953 0.936650 0.711040 0.670394 0.865610 0.884038 0.859449 0.751775 0.851424 0.859149 0.829487 0.893264 0.864899 0.910069 0.827103 0.979502 0.970992 0.986973 0.877833 0.906084 0.933160 0.981941 0.868524 0.852860 0.859605 0.920475 0.920310 0.969711 0.985057 0.971107 0.989616 0.994214 0.938440 0.985002
0.979353 0.918775 0.863510 0.995941 0.820175 0.932280 0.985883 0.951317 0.991093 0.925507 0.914619 0.878081 0.982803 0.898436 0.994062 0.891915 0.890372 0.862148 0.897200 0.834583 0.870054 0.000000 0.965283 0.971016 0.986173 0.998651 0.841767 0.992157 0.905565 0.827101 0.814535 0.794601 0.981254 0.948290 0.937423 0.814957 0.950325 0.907135 0.894293 0.818462 0.981079 0.924735 0.796625 0.853746 0.965982 0.982743 0.918849 0.980969 0.946741 0.914640 0.928115 0.963775 0.901955 0.942616 0.850403 0.965058 0.838277 0.914543 0.992672 0.940808 0.974861 0.957520 0.995301 0.924833 0.923624 0.979962 0.966788 0.960904 0.892458 0.908282 0.910222 0.980054 0.902490 0.942429 0.972824 0.985516 0.867176 0.644477 0.948941 0.936237 0.928851 0.962678 0.871450 0.967472 0.929906 0.967262 0.990665 0.837639 0.913424 0.947154 0.976646 0.906162 0.899424 0.903207 0.962018 0.943931 0.947038 0.953101 0.960690 0.885207 0.991211 0.859394 0.834513 0.899861 0.867743 0.788827 0.986976 0.974689 0.706387 0.951331 0.995961 0.960055 0.909195 0.976052 0.952994 0.976445
0.682773 0.660619 0.500507 0.470628 0.785936 0.805430 0.704314 0.892986 0.936751 0.754010 0.961746 0.838892 0.505018 0.678139 0.482224 0.529378 0.785489 0.809192 0.658241 0.695044 0.655152 0.965283 0.000000 0.285565 0.436159 0.751248 0.613055 0.833499 0.856025 0.904462 0.506769 0.818120 0.600639 0.770070 0.639296 0.940488 0.612113 0.774699 0.759363 0.979020 0.866739 0.939141 0.917272 0.876939 0.936512 0.989675 0.722810 0.731819 0.902353 0.721712 0.882256 0.765797 0.974094 0.969287 0.778712 0.984762 0.759932 0.732233 0.716977 0.740975 0.735056 0.897775 0.667942 0.694719 0.482077 0.844893 0.660610 0.856359 0.712885 0.705300 0.646537 0.717121 0.865095 0.950103 0.939474 0.815940 0.761969 0.871316 0.646264 0.761838 0.759939 0.825362 0.716458 0.753274 0.452747 0.462621 0.762454 0.669477 0.611667 0.519060 0.795380 0.868594 0.811502 0.845253 0.852981 0.973168 0.781352 0.931810 0.930061 0.937528 0.591634 0.851026 0.988623 0.937762 0.701830 0.743530 0.944970 0.939650 0.892080 0.890553 0.998891 0.979285 0.994255 0.970034 0.787154 0.957935
0.776177 0.732964 0.515238 0.413330 0.851120 0.833960 0.786720 0.815142 0.924917 0.717273 0.925351 0.816110 0.601887 0.656044 0.557629 0.517960 0.899987 0.869356 0.743282 0.760809 0.697042 0.971016 0.285565 0.000000 0.438420 0.743256 0.551857 0.903236 0.899725 0.918397 0.685445 0.886902 0.774595 0.825579 0.696591 0.862563 0.663010 0.723464 0.708945 0.940429 0.899546 0.987251 0.942907 0.957539 0.798219 0.899804 0.822377 0.826560 0.821131 0.873239 0.979796 0.912568 0.847153 0.860427 0.787975 0.976155 0.853752 0.789763 0.823730 0.840029 0.794001 0.831560 0.798468 0.774483 0.487921 0.759209 0.775667 0.960718 0.781467 0.737642 0.833036 0.857309 0.991098 0.918681 0.958773 0.865119 0.901250 0.911887 0.741820 0.879943 0.831511 0.854790 0.678394 0.716557 0.528141 0.422504 0.731966 0.705509 0.669760 0.544286 0.764320 0.760538 0.789932 0.821636 0.941013 0.895757 0.879347 0.926662 0.851959 0.852954 0.613850 0.790173 0.874523 0.992702 0.757868 0.796681 0.951081 0.981252 0.809251 0.899737 0.944708 0.956486 0.874067 0.982921 0.899824 0.914120
0.819525 0.860985 0.506241 0.553607 0.779700 0.755542 0.921143 0.859688 0.893160 0.514058 0.767325 0.959179 0.756421 0.925243 0.762077 0.740256 0.907921 0.864364 0.975945 0.999581 0.786435 0.986173 0.436159 0.438420 0.000000 0.470802 0.559580 0.765830 0.704967 0.736180 0.736538 0.779550 0.967213 0.916495 0.572163 0.982640 0.620117 0.930605 0.548283 0.899724 0.795700 0.859378 0.661565 0.674655 0.551009 0.627486 0.929403 0.979836 0.642727 0.980038 0.895636 0.962518 0.873765 0.851110 0.721146 0.989866 0.943361 0.906930 0.858825 0.758138 0.922416 0.973843 0.984638 0.985254 0.342969 0.832366 0.920380 0.851697 0.714992 0.662031 0.957129 0.904875 0.912824 0.920010 0.984320 0.985023 0.908672 0.799700 0.980386 0.975583 0.993616 0.955654 0.838978 0.775567 0.547979 0.544763 0.667767 0.777672 0.564847 0.542745 0.542993 0.646101 0.652263 0.786033 0.972560 0.920601 0.977683 0.882038 0.546265 0.542514 0.471469 0.607929 0.619220 0.711071 0.952685 0.885489 0.964291 0.978225 0.916466 0.980694 0.625152 0.724384 0.726016 0.782258 0.967499 0.912893
0.947467 0.863693 0.634596 0.772284 0.906962 0.851657 0.863841 0.810737 0.988096 0.745061 0.658236 0.711256 0.986611 0.818893 0.909018 0.894724 0.685882 0.607615 0.774694 0.742717 0.764121 0.998651 0.751248 0.743256 0.470802 0.000000 0.769640 0.732518 0.596215 0.576354 0.772607 0.875673 0.863876 0.728392 0.684829 0.948580 0.747208 0.902479 0.703195 0.903995 0.947802 0.618584 0.677098 0.721393 0.681679 0.730512 0.858371 0.876050 0.696084 0.975724 0.948327 0.958945 0.891458 0.867047 0.803318 0.915074 0.723709 0.807330 0.957803 0.881897 0.941199 0.872140 0.805395 0.760325 0.520315 0.945946 0.973331 0.790287 0.904046 0.933035 0.845583 0.875725 0.898269 0.904775 0.927248 0.908552 0.868066 0.761173 0.819010 0.803787 0.717208 0.772764 0.933452 0.950007 0.872265 0.811432 0.934476 0.990228 0.817244 0.869576 0.682922 0.838711 0.700336 0.971113 0.928074 0.790007 0.905760 0.836335 0.566956 0.584180 0.683495 0.753701 0.610596 0.557285 0.826415 0.985182 0.916327 0.853474 0.891220 0.881574 0.677523 0.693339 0.773146 0.840361 0.905482 0.759170
0.944978 0.957766 0.785271 0.781459 0.969681 0.850291 0.861320 0.844055 0.871722 0.557611 0.766191 0.971397 0.921628 0.993414 0.834590 0.855671 0.995090 0.995969 0.952981 0.959857 0.772339 0.841767 0.613055 0.551857 0.559580 0.769640 0.000000 0.832034 0.908659 0.937394 0.822722 0.976647 0.997344 0.885590 0.821166 0.879679 0.901558 0.877190 0.887051 0.934715 0.962345 0.993943 0.741221 0.693537 0.586598 0.613944 0.859707 0.782045 0.569436 0.817056 0.766660 0.806746 0.696239 0.736918 0.954539 0.837172 0.981844 0.997885 0.894274 0.972832 0.897034 0.937898 0.955880 0.982297 0.652401 0.879039 0.971311 0.809722 0.843891 0.962261 0.959912 0.996577 0.920832 0.791085 0.974152 0.938825 0.824307 0.939641 0.983772 0.994572 0.978928 0.945138 0.816838 0.946769 0.741547 0.710661 0.862717 0.818934 0.811278 0.782240 0.729380 0.746985 0.780121 0.804739 0.900286 0.956513 0.896613 0.945886 0.701412 0.702098 0.634726 0.775673 0.788799 0.796959 0.944708 0.910909 0.954620 0.904538 0.905786 0.899731 0.764117 0.789567 0.750352 0.910838 0.894670 0.805819
0.995734 0.976650 0.934794 0.968673 0.912862 0.806594 0.899954 0.840288 0.918197 0.801453 0.812676 0.865146 0.930880 0.873776 0.898560 0.940502 0.949130 0.939987 0.963848 0.919865 0.702061 0.992157 0.833499 0.903236 0.765830 0.732518 0.832034 0.000000 0.943195 0.846912 0.940981 0.936197 0.973928 0.865701 0.966199 0.863924 0.985745 0.694622 0.961014 0.807142 0.831158 0.961439 0.982309 0.981928 0.842726 0.924276 0.964553 0.932364 0.894444 0.993034 0.992615 0.957045 0.969288 0.943462 0.975399 0.979653 0.967117 0.987222 0.917543 0.891480 0.944764 0.914672 0.995616 0.944910 0.825778 0.965623 0.998150 0.807572 0.970824 0.861103 0.891793 0.895845 0.922947 0.861844 0.847305 0.966793 0.852093 0.961517 0.958734 0.960027 0.954800 0.975232 0.940881 0.965145 0.957340 0.932768 0.999921 0.981656 0.934029 0.891560 0.908462 0.932865 0.849753 0.985539 0.874395 0.741672 0.951986 0.914154 0.895618 0.855729 0.804814 0.840161 0.835662 0.857314 0.773196 0.965617 0.898985 0.907735 0.997230 0.981506 0.836944 0.777496 0.984605 0.947997 0.977390 0.731872
0.514971 0.473931 0.898038 0.881581 0.808804 0.812236 0.430570 0.468996 0.818583 0.768691 0.449853 0.425115 0.540750 0.387953 0.664221 0.732899 0.356380 0.312514 0.320657 0.374845 0.939308 0.905565 0.856025 0.899725 0.704967 0.596215 0.908659 0.943195 0.000000 0.254262 0.844213 0.563206 0.412085 0.348517 0.947694 0.992253 0.837605 0.781726 0.845917 0.871492 0.927963 0.752331 0.428552 0.428826 0.557937 0.553425 0.492143 0.526517 0.579186 0.665483 0.629308 0.710466 0.927133 0.972502 0.805025 0.660473 0.342342 0.472250 0.585514 0.735568 0.523580 0.578347 0.363088 0.362603 0.911505 0.694298 0.526847 0.503044 0.701875 0.690176 0.533506 0.682520 0.734538 0.774261 0.888783 0.700214 0.582234 0.487763 0.449243 0.441055 0.385907 0.493556 0.561548 0.684811 0.718468 0.710389 0.902620 0.833108 0.852407 0.914868 0.806377 0.893297 0.955744 0.857438 0.944764 0.801670 0.521035 0.899430 0.519405 0.485207 0.810363 0.706792 0.479930 0.392295 0.613832 0.714528 0.946447 0.919682 0.924730 0.635032 0.712835 0.541102 0.689255 0.662450 0.786877 0.767379
0.438365 0.395465 0.895818 0.913061 0.816473 0.822941 0.523142 0.499767 0.933483 0.910826 0.346951 0.316922 0.557043 0.404540 0.747842 0.793479 0.293779 0.246342 0.324118 0.268125 0.953031 0.827101 0.904462 0.918397 0.736180 0.576354 0.937394 0.846912 0.254262 0.000000 0.906399 0.661031 0.433565 0.401540 0.924064 0.992543 0.810156 0.671762 0.851346 0.884900 0.944101 0.697972 0.588172 0.605007 0.737476 0.747992 0.582010 0.661421 0.715526 0.789531 0.768828 0.828460 0.911551 0.751730 0.803556 0.724751 0.249664 0.369215 0.629129 0.741158 0.509320 0.522466 0.364229 0.309537 0.931932 0.596805 0.594226 0.591215 0.598815 0.622789 0.601014 0.750706 0.672134 0.761978 0.774292 0.699028 0.708299 0.509814 0.446574 0.396247 0.289551 0.347339 0.506530 0.563281 0.639915 0.658202 0.825686 0.779503 0.820450 0.846185 0.979175 0.915722 0.916204 0.762088 0.940329 0.818014 0.523282 0.875078 0.653009 0.621608 0.894467 0.769384 0.478883 0.477912 0.624050 0.673651 0.914368 0.978808 0.841754 0.643503 0.765239 0.625680 0.836178 0.708029 0.792492 0.737677
0.896879 0.911219 0.763477 0.703867 0.988219 0.782696 0.686413 0.899850 0.837974 0.868261 0.888897 0.929587 0.725879 0.807113 0.530635 0.619686 0.863067 0.895974 0.763092 0.815743 0.845304 0.814535 0.506769 0.685445 0.736538 0.772607 0.822722 0.940981 0.844213 0.906399 0.000000 0.522264 0.673066 0.811784 0.857741 0.810135 0.701326 0.813435 0.953716 0.976938 0.948196 0.911860 0.650829 0.629449 0.791873 0.802633 0.843361 0.771634 0.969575 0.773558 0.809110 0.790925 0.693881 0.677908 0.932442 0.906373 0.881127 0.937433 0.855037 0.900447 0.912460 0.905099 0.854573 0.879234 0.787175 0.949494 0.729156 0.827138 0.973236 0.948072 0.548381 0.551719 0.792591 0.809143 0.913174 0.729022 0.567479 0.701106 0.703644 0.774521 0.934437 0.937809 0.907284 0.966590 0.848078 0.848272 0.995572 0.940152 0.927163 0.974069 0.957411 0.781442 0.922694 0.844408 0.833116 0.870227 0.929970 0.954201 0.889907 0.823977 0.862243 0.832529 0.789806 0.730417 0.629900 0.817302 0.863514 0.787568 0.956564 0.918961 0.921621 0.827624 0.887493 0.802057 0.960613 0.923866
0.959596 0.939086 0.891729 0.938181 0.958532 0.971323 0.649650 0.762301 0.866606 0.624770 0.907955 0.908205 0.870130 0.646181 0.584425 0.686527 0.751593 0.702414 0.691182 0.776287 0.957193 0.794601 0.818120 0.886902 0.779550 0.875673 0.976647 0.936197 0.563206 0.661031 0.522264 0.000000 0.622624 0.651829 0.895079 0.718712 0.963837 0.926716 0.807431 0.973130 0.979084 0.776660 0.488064 0.453007 0.603419 0.627832 0.737164 0.787205 0.806490 0.880089 0.851300 0.930130 0.811441 0.809679 0.992862 0.930583 0.746455 0.925433 0.980844 0.886119 0.963236 0.904745 0.800651 0.823063 0.786098 0.854375 0.830752 0.754760 0.881818 0.878278 0.642706 0.531820 0.992896 0.912418 0.979100 0.710514 0.673298 0.551108 0.723099 0.767370 0.800108 0.969799 0.857574 0.936136 0.954724 0.976945 0.786991 0.950687 0.843547 0.930204 0.606794 0.656456 0.637665 0.854192 0.914566 0.859104 0.902429 0.942157 0.540835 0.451718 0.783022 0.671566 0.539342 0.595543 0.727421 0.796288 0.914382 0.810506 0.966159 0.787535 0.755174 0.628661 0.782972 0.693270 0.988077 0.958327
0.363703 0.371270 0.604649 0.712682 0.832320 0.989370 0.352120 0.561510 0.787194 0.990153 0.509135 0.507797 0.369047 0.411541 0.498419 0.607960 0.342818 0.370258 0.309545 0.355364 0.803598 0.981254 0.600639 0.774595 0.967213 0.863876 0.997344 0.973928 0.412085 0.433565 0.673066 0.622624 0.000000 0.287756 0.754597 0.936169 0.610891 0.809987 0.883711 0.885826 0.704194 0.833085 0.537147 0.477876 0.665975 0.615521 0.424203 0.495938 0.646811 0.547958 0.590658 0.573980 0.792773 0.965735 0.611403 0.598475 0.343061 0.391484 0.440089 0.577768 0.417731 0.593020 0.268472 0.328968 0.748480 0.652348 0.353161 0.450053 0.577386 0.550388 0.467489 0.691855 0.605351 0.675453 0.763733 0.611104 0.497828 0.589049 0.364542 0.472053 0.353254 0.448879 0.492329 0.501940 0.445618 0.512841 0.822240 0.699311 0.630448 0.729626 0.982404 0.917563 0.876264 0.763928 0.960097 0.956856 0.460556 0.921066 0.637660 0.675136 0.955301 0.821098 0.598619 0.579721 0.579773 0.585018 0.988977 0.948909 0.962788 0.607214 0.814900 0.588562 0.768564 0.622340 0.690450 0.756023
0.333369 0.358311 0.649839 0.683653 0.767405 0.937402 0.292004 0.412057 0.780174 0.850623 0.380608 0.397439 0.354005 0.354008 0.574354 0.614291 0.362758 0.347946 0.257389 0.327447 0.821061 0.948290 0.770070 0.825579 0.916495 0.728392 0.885590 0.865701 0.348517 0.401540 0.811784 0.651829 0.287756 0.000000 0.848278 0.995275 0.661660 0.755325 0.934774 0.836457 0.796259 0.849620 0.517801 0.489247 0.580031 0.499611 0.409317 0.400998 0.505662 0.501804 0.493590 0.551222 0.835202 0.997834 0.571286 0.504051 0.332662 0.364098 0.372118 0.527809 0.306189 0.446330 0.265568 0.288203 0.820047 0.584152 0.337574 0.399898 0.585015 0.491042 0.602662 0.765765 0.617252 0.643597 0.742254 0.708219 0.519095 0.609982 0.446929 0.484811 0.338716 0.440037 0.443482 0.497524 0.496204 0.527816 0.812542 0.759899 0.656998 0.714407 0.990935 0.857661 0.911623 0.739676 0.981553 0.786400 0.456343 0.862812 0.540336 0.588739 0.891480 0.806034 0.553036 0.514572 0.542256 0.568738 0.969682 0.890360 0.960866 0.586954 0.774129 0.477853 0.732111 0.608223 0.692349 0.696332
0.720465 0.761163 0.608857 0.736135 0.860627 0.829495 0.807442 0.988503 0.757209 0.747355 0.981819 0.949761 0.735294 0.834084 0.830664 0.872214 0.939852 0.932650 0.784076 0.827816 0.747458 0.937423 0.639296 0.696591 0.572163 0.684829 0.821166 0.966199 0.947694 0.924064 0.857741 0.895079 0.754597 0.848278 0.000000 0.948430 0.686353 0.802486 0.629343 0.854461 0.881197 0.957247 0.852725 0.948182 0.925044 0.885485 0.912968 0.889349 0.832671 0.938929 0.977404 0.894222 0.994978 0.964241 0.710663 0.735810 0.904793 0.843030 0.750557 0.806923 0.794873 0.952167 0.836079 0.887008 0.524954 0.848819 0.634411 0.772523 0.746154 0.802417 0.789274 0.868011 0.812577 0.820989 0.901217 0.993017 0.942281 0.998298 0.848189 0.907424 0.903409 0.866565 0.827203 0.764873 0.623992 0.681020 0.941896 0.739299 0.687183 0.757824 0.686129 0.726274 0.742159 0.822823 0.889492 0.893451 0.810667 0.904000 0.820368 0.821231 0.530723 0.900262 0.879930 0.894924 0.795945 0.822918 0.984988 0.934149 0.949837 0.970933 0.788691 0.880727 0.795560 0.857451 0.882192 0.808402
0.900764 0.976247 0.870303 0.976794 0.906387 0.812422 0.933414 0.992791 0.881875 0.820556 0.827466 0.952279 0.884126 0.974256 0.945325 0.892333 0.918252 0.965468 0.992771 0.993962 0.743524 0.814957 0.940488 0.862563 0.982640 0.948580 0.879679 0.863924 0.992253 0.992543 0.810135 0.718712 0.936169 0.995275 0.948430 0.000000 0.919415 0.903914 0.978766 0.960084 0.951166 0.821182 0.852644 0.877283 0.929897 0.973304 0.983653 0.933353 0.989765 0.908323 0.941605 0.910845 0.980143 0.959054 0.916621 0.828326 0.967612 0.938614 0.898062 0.933041 0.850596 0.816834 0.870630 0.922921 0.897997 0.798928 0.972577 0.959588 0.821254 0.972677 0.879778 0.769525 0.975622 0.933658 0.746888 0.861534 0.857715 0.754704 0.945500 0.949576 0.914375 0.868282 0.898885 0.838324 0.836181 0.864182 0.883617 0.901159 0.781422 0.953747 0.841265 0.876283 0.810085 0.904386 0.931333 0.939133 0.975132 0.960097 0.851942 0.744801 0.974951 0.894763 0.858759 0.989680 0.872103 0.833675 0.982619 0.877353 0.934396 0.973392 0.972583 0.999296 0.958117 0.897241 0.814965 0.814204
0.509275 0.530702 0.475262 0.564225 0.878405 0.878229 0.722356 0.741415 0.870029 0.829450 0.822751 0.682180 0.573363 0.783476 0.784393 0.812787 0.693666 0.747061 0.686934 0.659959 0.821052 0.950325 0.612113 0.663010 0.620117 0.747208 0.901558 0.985745 0.837605 0.810156 0.701326 0.963837 0.610891 0.661660 0.686353 0.919415 0.000000 0.805252 0.811373 0.944658 0.700262 0.749211 0.909187 0.877752 0.963873 0.943352 0.713521 0.659324 0.905144 0.610707 0.715659 0.639314 0.861260 0.976621 0.512799 0.697432 0.659524 0.537224 0.547845 0.517782 0.574741 0.672948 0.593778 0.566683 0.530434 0.640576 0.567601 0.780433 0.526550 0.502322 0.799641 0.881632 0.647546 0.757071 0.731141 0.769629 0.797003 0.855578 0.649151 0.745503 0.639318 0.661981 0.590010 0.683523 0.498180 0.509520 0.726071 0.719244 0.561818 0.673097 0.564776 0.689696 0.611776 0.790911 0.986954 0.988527 0.700898 0.927379 0.880033 0.882636 0.635363 0.816686 0.919693 0.918673 0.723281 0.687835 0.978815 0.934789 0.919128 0.621627 0.957947 0.960339 0.933579 0.904075 0.689173 0.871553
0.746952 0.681616 0.741949 0.711071 0.934149 0.863986 0.765994 0.703738 0.924462 0.979032 0.820054 0.676187 0.747681 0.657103 0.815277 0.797505 0.810847 0.676818 0.714509 0.587243 0.885682 0.907135 0.774699 0.723464 0.930605 0.902479 0.877190 0.694622 0.781726 0.671762 0.813435 0.926716 0.809987 0.755325 0.802486 0.903914 0.805252 0.000000 0.850873 0.988365 0.947020 0.776326 0.900448 0.893334 0.928765 0.954052 0.897772 0.901905 0.953528 0.922222 0.887673 0.898593 0.837536 0.845975 0.884413 0.938287 0.722777 0.701544 0.869709 0.874224 0.779236 0.765786 0.804448 0.687505 0.827258 0.772849 0.763297 0.771680 0.790655 0.792078 0.767548 0.603884 0.809224 0.790641 0.998544 0.819030 0.872636 0.725590 0.711840 0.652196 0.752819 0.773421 0.859720 0.879333 0.782602 0.761467 0.963939 0.943582 0.819164 0.898201 0.899389 0.917999 0.952583 0.960522 0.797359 0.814832 0.770706 0.933710 0.954811 0.884124 0.931499 0.862558 0.762827 0.894262 0.630323 0.742832 0.781386 0.986771 0.977974 0.967638 0.904665 0.961727 0.972339 0.983665 0.762977 0.831674
