0.000000 0.248111 0.671205 0.729198 0.826159 0.831031 0.942354 0.483154 0.880846 0.734332 0.380231 0.304033 0.515223 0.385793 0.853725 0.816592 0.391893 0.364507 0.401002 0.296314 0.971019 0.872298 0.792909 0.969863 0.722679 0.771875 0.907995 0.978066 0.385835 0.448732 0.877539 0.937677 0.809104 0.577297 0.755101 0.653055 0.813015 0.933697 0.961632 0.987950 0.772544 0.812555 0.877015 0.737676 0.996075 0.583085 0.762877 0.687069 0.270863 0.294428 0.276482 0.289100 0.328838 0.418136 0.647205 0.413575 0.369328 0.299686 0.396591 0.302487 0.697632 0.343022 0.455580 0.329495 0.620237 0.923228 0.596329 0.703002 0.461866 0.449214 0.763405 0.827811 0.571010 0.550535 0.860026 0.799686 0.524566 0.828663 0.761330 0.613851 0.404380 0.412454 0.661731 0.808691 0.774792 0.849093 0.806906 0.992167 0.951005 0.750732 0.992414 0.589230 0.659231 0.514291 0.918374 0.913352 0.885538 0.699301 0.742455 0.771945 0.774624 0.935860 0.611297 0.699621 0.832116 0.903374 0.882061 0.952826 0.983437 0.931512 0.946473 0.997145 0.603143 0.979939 0.996682 0.758488
0.248111 0.000000 0.683284 0.711342 0.787077 0.780854 0.905764 0.454253 0.860974 0.653283 0.421715 0.303951 0.583337 0.389115 0.846275 0.779432 0.348014 0.305561 0.338189 0.257101 0.970026 0.841547 0.848995 0.975245 0.765239 0.835361 0.922054 0.997447 0.357140 0.375163 0.999983 0.912915 0.728445 0.546731 0.764919 0.629437 0.872187 0.882435 0.944764 0.929475 0.792362 0.836248 0.900908 0.686869 0.991308 0.561728 0.719975 0.627936 0.274522 0.262324 0.259034 0.272117 0.339395 0.378039 0.590714 0.414811 0.300656 0.245406 0.504826 0.357434 0.788806 0.374289 0.451667 0.296303 0.576704 0.906633 0.530559 0.701294 0.472051 0.404335 0.893311 0.954729 0.510627 0.511056 0.764325 0.816905 0.503423 0.736616 0.678680 0.463973 0.292347 0.321318 0.651293 0.702671 0.805298 0.804602 0.790352 0.913290 0.969187 0.781683 0.996023 0.589989 0.625677 0.519115 0.915739 0.866240 0.910911 0.685794 0.772725 0.778055 0.766097 0.928665 0.595165 0.717707 0.801174 0.927234 0.865410 0.935429 0.993003 0.974130 0.956183 0.985432 0.649573 0.929672 0.949117 0.755344
0.671205 0.683284 0.000000 0.651615 0.755127 0.883134 0.509942 0.912050 0.718323 0.956819 0.687334 0.602218 0.986707 0.723346 0.800925 0.908539 0.801867 0.834271 0.749499 0.633841 0.922575 0.997439 0.543489 0.888226 0.545426 0.400146 0.985556 0.964774 0.736448 0.739271 0.571578 0.694634 0.672749 0.973572 0.534943 0.652765 0.752283 0.939978 0.889823 0.931372 0.998487 0.973792 0.544071 0.856649 0.689522 0.955967 0.922637 0.793398 0.731285 0.656620 0.803006 0.775366 0.840163 0.906980 0.928045 0.808516 0.657359 0.651349 0.771909 0.662088 0.816836 0.740993 0.817593 0.712056 0.339846 0.541922 0.460505 0.461955 0.652001 0.616795 0.854187 0.836726 0.819908 0.835062 0.992928 0.972760 0.778408 0.908771 0.943753 0.900787 0.841102 0.819447 0.989839 0.973895 0.661043 0.735852 0.808810 0.966181 0.786579 0.972164 0.588327 0.597244 0.484182 0.651719 0.794324 0.911527 0.841615 0.576025 0.804889 0.760582 0.942887 0.701758 0.952859 0.990234 0.796729 0.615859 0.799797 0.828572 0.945572 0.890547 0.719459 0.905987 0.959026 0.958905 0.654542 0.907658
0.729198 0.711342 0.651615 0.000000 0.981667 0.920905 0.727716 0.708080 0.987803 0.880690 0.862876 0.757844 0.613537 0.627717 0.677633 0.789836 0.715591 0.720467 0.739933 0.738391 0.980825 0.986141 0.684417 0.722479 0.860718 0.758997 0.881650 0.940314 0.834809 0.838829 0.890891 0.845180 0.607168 0.710238 0.950804 0.931706 0.894120 0.885083 0.986479 0.890600 0.985081 0.963089 0.948504 0.798888 0.903445 0.754579 0.889583 0.579757 0.780438 0.769535 0.649790 0.693053 0.652099 0.690640 0.747277 0.769323 0.772792 0.719807 0.704447 0.790655 0.639783 0.743753 0.803872 0.717841 0.699931 0.595647 0.948905 0.864004 0.808555 0.769190 0.909276 0.858885 0.955331 0.969832 0.827147 0.822639 0.947583 0.853283 0.719371 0.727034 0.727321 0.659958 0.629231 0.686194 0.540432 0.509484 0.893971 0.761791 0.694782 0.731053 0.857610 0.838932 0.990660 0.825456 0.902483 0.960314 0.742632 0.916537 0.809102 0.732011 0.933025 0.779639 0.765355 0.909077 0.701584 0.801805 0.798674 0.949889 0.937821 0.962994 0.835163 0.994416 0.828779 0.886931 0.948011 0.863109
0.826159 0.787077 0.755127 0.981667 0.000000 0.981613 0.896598 0.891317 0.842086 0.898971 0.828315 0.824912 0.967166 0.866924 0.874700 0.949085 0.767747 0.789594 0.706541 0.770176 0.912312 0.976229 0.846241 0.944963 0.989830 0.950370 0.958591 0.948493 0.869189 0.927186 0.961593 0.993267 0.998958 0.982394 0.897748 0.930078 0.960831 0.798810 0.910975 0.940500 0.966589 0.906820 0.850831 0.999143 0.949553 0.933201 0.855117 0.924270 0.851942 0.856340 0.893220 0.871715 0.891616 0.886719 0.772544 0.830215 0.829262 0.835581 0.969531 0.938919 0.885777 0.886474 0.938840 0.859398 0.738451 0.828243 0.830480 0.782929 0.730698 0.812344 0.832463 0.863630 0.805444 0.767251 0.883158 0.949668 0.745545 0.952218 0.978869 0.854324 0.784437 0.680009 0.882416 0.765081 0.908974 0.903751 0.963527 0.859647 0.900006 0.853287 0.828908 0.792843 0.818549 0.836039 0.908764 0.943220 0.990031 0.879251 0.965686 0.943323 0.958273 0.956378 0.953769 0.896915 0.869121 0.843134 0.985762 0.828473 0.947862 0.944024 0.869791 0.887115 0.914943 0.957484 0.842801 0.881763
0.831031 0.780854 0.883134 0.920905 0.981613 0.000000 0.996283 0.671268 0.928608 0.818091 0.863861 0.704804 0.745852 0.652107 0.775940 0.686389 0.921539 0.926100 0.895232 0.845814 0.816367 0.963670 0.980231 0.984307 0.764535 0.951463 0.982572 0.995223 0.723258 0.786296 0.958371 0.866762 0.823066 0.814036 0.888406 0.979847 0.822473 0.957842 0.951457 0.965298 0.806233 0.848735 0.907564 0.740750 0.946217 0.798897 0.973135 0.994503 0.821532 0.737372 0.784317 0.753833 0.911892 0.763416 0.886448 0.993877 0.945428 0.843887 0.907079 0.711413 0.854916 0.710865 0.775511 0.755304 0.890991 0.783826 0.899496 0.979160 0.868518 0.942494 0.987743 0.988281 0.972646 0.970588 0.780207 0.914329 0.774760 0.816483 0.979231 0.900701 0.888451 0.866768 0.912335 0.860021 0.980687 0.880862 0.987961 0.890738 0.893185 0.918153 0.905183 0.884445 0.999626 0.977714 0.969259 0.969905 0.978782 0.862695 0.930627 0.904657 0.785946 0.922372 0.999542 0.939371 0.870833 0.984039 0.976325 0.788053 0.807125 0.756795 0.915466 0.964345 0.963069 0.953226 0.955302 0.948900
0.942354 0.905764 0.509942 0.727716 0.896598 0.996283 0.000000 0.565989 0.493051 0.552957 0.780863 0.953590 0.691459 0.946858 0.796381 0.933403 0.765326 0.841047 0.985455 0.928506 0.804561 0.919179 0.937086 0.758715 0.949679 0.805847 0.702796 0.868705 0.833712 0.826135 0.721690 0.705749 0.527015 0.624618 0.730279 0.811379 0.967763 0.983903 0.963637 0.950404 0.873741 0.845925 0.374650 0.511295 0.389087 0.630744 0.782667 0.596298 0.980707 0.798496 0.983555 0.893320 0.905690 0.992777 0.945601 0.958649 0.953889 0.820986 0.907087 0.875654 0.424093 0.784395 0.720249 0.850716 0.634027 0.499985 0.422915 0.339365 0.669935 0.696264 0.918529 0.716885 0.992449 0.948168 0.938902 0.993153 0.944532 0.966929 0.797466 0.931031 0.940979 0.969033 0.963649 0.983412 0.804534 0.988034 0.937679 0.773253 0.958098 0.877005 0.496137 0.646622 0.558290 0.643222 0.846821 0.933901 0.712366 0.593547 0.453049 0.468019 0.622355 0.595394 0.784300 0.806958 0.845988 0.739653 0.746083 0.639755 0.910265 0.930774 0.592372 0.571663 0.695154 0.946637 0.701560 0.919156
0.483154 0.454253 0.912050 0.708080 0.891317 0.671268 0.565989 0.000000 0.717840 0.377008 0.332961 0.350764 0.470236 0.511297 0.810593 0.796927 0.357431 0.432163 0.542549 0.484264 0.743813 0.989214 0.783861 0.727924 0.552970 0.805545 0.816540 0.883581 0.347320 0.330287 0.941316 0.858276 0.599842 0.432618 0.867200 0.783636 0.783940 0.976607 0.857739 0.964054 0.922737 0.957160 0.735347 0.456870 0.643058 0.413619 0.744205 0.541542 0.477313 0.551470 0.462839 0.530831 0.634994 0.563442 0.848651 0.674999 0.518956 0.550166 0.512652 0.537426 0.421541 0.292011 0.307627 0.309192 0.789102 0.760904 0.973490 0.841853 0.891348 0.758385 0.910029 0.905954 0.678584 0.676874 0.702934 0.867891 0.572815 0.789715 0.686058 0.739214 0.477370 0.562268 0.771408 0.872775 0.889448 0.988642 0.869660 0.852388 0.921788 0.947425 0.745941 0.903542 0.953851 0.918953 0.951662 0.803951 0.791585 0.974063 0.483836 0.528090 0.533603 0.673502 0.625645 0.633021 0.802234 0.864538 0.988149 0.797781 0.918224 0.999329 0.702586 0.664490 0.550284 0.974506 0.876399 0.765894
0.880846 0.860974 0.718323 0.987803 0.842086 0.928608 0.493051 0.717840 0.000000 0.626667 0.922039 0.961254 0.914586 0.835219 0.860752 0.977811 0.900951 0.976210 0.880534 0.857181 0.962386 0.937905 0.956031 0.714441 0.928532 0.870369 0.733127 0.812076 0.915051 0.877510 0.657504 0.755191 0.852545 0.837226 0.807236 0.913662 0.916255 0.997694 0.893350 0.875311 0.813969 0.870561 0.505146 0.603090 0.531703 0.663040 0.879182 0.780112 0.975950 0.847407 0.981335 0.950420 0.938967 0.987461 0.811361 0.988012 0.923527 0.829445 0.948758 0.899092 0.687164 0.818537 0.870571 0.952186 0.784997 0.664632 0.593991 0.535135 0.755460 0.744169 0.916490 0.808100 0.888091 0.919750 0.995242 0.896137 0.933195 0.972524 0.987759 0.803786 0.970166 0.915987 0.879857 0.870463 0.985209 0.914791 0.844192 0.695948 0.974532 0.876687 0.693153 0.644559 0.640381 0.638844 0.801488 0.961198 0.891271 0.873501 0.605920 0.691007 0.646766 0.770170 0.973100 0.807684 0.804151 0.724441 0.751768 0.682946 0.996715 0.887163 0.731801 0.776198 0.730484 0.828195 0.757064 0.985118
0.734332 0.653283 0.956819 0.880690 0.898971 0.818091 0.552957 0.377008 0.626667 0.000000 0.474575 0.547203 0.749666 0.814865 0.986903 0.961232 0.457921 0.515481 0.766810 0.690973 0.860923 0.893631 0.654201 0.598585 0.635874 0.827722 0.669257 0.843634 0.470812 0.441103 0.847135 0.780535 0.663015 0.584001 0.928311 0.895737 0.972526 0.882617 0.924409 0.920122 0.973938 0.988530 0.640564 0.426616 0.499893 0.429206 0.762296 0.592579 0.634847 0.807725 0.670934 0.781369 0.816378 0.778167 0.845325 0.710020 0.613712 0.751188 0.758530 0.840461 0.562833 0.484449 0.510511 0.470438 0.780807 0.875186 0.922619 0.805694 0.936370 0.891737 0.952385 0.653617 0.687374 0.755753 0.799809 0.915224 0.689992 0.777917 0.744314 0.763112 0.579924 0.686485 0.893795 0.837180 0.903212 0.793645 0.955386 0.854177 0.831725 0.879372 0.763267 0.951072 0.984594 0.875774 0.989733 0.863584 0.779992 0.852035 0.470728 0.438598 0.671649 0.685874 0.733941 0.612578 0.939114 0.992249 0.854158 0.723974 0.836166 0.971300 0.782308 0.585860 0.635511 0.971153 0.961256 0.802352
0.380231 0.421715 0.687334 0.862876 0.828315 0.863861 0.780863 0.332961 0.922039 0.474575 0.000000 0.332498 0.575200 0.548207 0.947892 0.923075 0.335337 0.372692 0.491879 0.393731 0.767920 0.978809 0.544265 0.641910 0.511460 0.653247 0.861327 0.839128 0.308706 0.345215 0.862180 0.974259 0.732058 0.550612 0.773110 0.697653 0.775941 0.961774 0.889489 0.933568 0.888206 0.858504 0.913295 0.631817 0.777698 0.494272 0.787912 0.696823 0.406261 0.486574 0.467106 0.511926 0.572844 0.564494 0.730336 0.602223 0.429892 0.466504 0.446102 0.511384 0.576506 0.326395 0.320832 0.316044 0.542948 0.913134 0.808759 0.902548 0.677743 0.656230 0.769955 0.966791 0.558798 0.553418 0.812519 0.908996 0.565042 0.817169 0.670748 0.721401 0.468157 0.542853 0.889058 0.851965 0.954916 0.839799 0.771316 0.881983 0.884136 0.991010 0.880915 0.835279 0.826209 0.800187 0.983159 0.828266 0.820410 0.849327 0.567975 0.638833 0.675085 0.781160 0.696172 0.573760 0.916300 0.925816 0.926068 0.848770 0.916696 0.919236 0.925350 0.833568 0.581777 0.856853 0.971896 0.749838
0.304033 0.303951 0.602218 0.757844 0.824912 0.704804 0.953590 0.350764 0.961254 0.547203 0.332498 0.000000 0.420846 0.310866 0.810038 0.672771 0.336661 0.368787 0.398166 0.301922 0.828548 0.911085 0.760795 0.910125 0.528980 0.626583 0.964701 0.924382 0.353367 0.345542 0.797826 0.922332 0.767972 0.545245 0.670173 0.659868 0.736665 0.994193 0.834760 0.979409 0.932713 0.990370 0.904977 0.687082 0.971327 0.563548 0.812197 0.725346 0.386694 0.379401 0.360645 0.400833 0.484274 0.523301 0.736530 0.554840 0.391894 0.366425 0.430272 0.359751 0.593624 0.270236 0.339734 0.240417 0.591226 0.970615 0.649459 0.792175 0.581612 0.525875 0.814166 0.993518 0.591996 0.638628 0.753554 0.791710 0.518255 0.772441 0.785501 0.631471 0.413199 0.417898 0.689935 0.839551 0.883417 0.936998 0.839376 0.931356 0.907788 0.886639 0.985467 0.565555 0.603936 0.594585 0.884772 0.800452 0.925538 0.759947 0.675905 0.750104 0.683413 0.882619 0.664047 0.775485 0.886479 0.890937 0.934367 0.911263 0.887935 0.973094 0.968098 0.870554 0.614562 0.981921 0.981255 0.722521
0.515223 0.583337 0.986707 0.613537 0.967166 0.745852 0.691459 0.470236 0.914586 0.749666 0.575200 0.420846 0.000000 0.398121 0.551173 0.598973 0.565748 0.609210 0.575534 0.600025 0.756972 0.970433 0.874846 0.920699 0.731438 0.872947 0.930698 0.974396 0.578265 0.589958 0.927907 0.940871 0.688252 0.599603 0.897981 0.845753 0.727202 0.775140 0.804005 0.848627 0.940101 0.882268 0.945400 0.716276 0.969504 0.734297 0.832296 0.770295 0.659982 0.621258 0.552550 0.589758 0.646753 0.637036 0.893066 0.784502 0.688697 0.655490 0.504987 0.488407 0.418900 0.441970 0.468061 0.475337 0.921163 0.613207 0.990594 0.887263 0.897893 0.805401 0.787375 0.985999 0.842007 0.906581 0.840630 0.747734 0.697194 0.811111 0.852889 0.890250 0.686880 0.650958 0.702551 0.980129 0.638740 0.744972 0.954253 0.973947 0.899347 0.855335 0.754447 0.691911 0.886099 0.710850 0.917968 0.921312 0.851255 0.882242 0.632951 0.751870 0.567701 0.843119 0.690660 0.992397 0.736325 0.911115 0.950617 0.821169 0.947090 0.916082 0.882421 0.841133 0.671618 0.858696 0.792109 0.694901
0.385793 0.389115 0.723346 0.627717 0.866924 0.652107 0.946858 0.511297 0.835219 0.814865 0.548207 0.310866 0.398121 0.000000 0.638115 0.513829 0.501666 0.499724 0.420521 0.396810 0.866948 0.933976 0.938676 0.791778 0.725662 0.779573 0.866757 0.964110 0.534707 0.529804 0.833311 0.928049 0.793986 0.642846 0.732034 0.714593 0.689831 0.894405 0.752517 0.995873 0.973692 0.986781 0.812026 0.829998 0.832191 0.731528 0.852226 0.772084 0.509952 0.409787 0.403164 0.402832 0.507744 0.495637 0.762898 0.690991 0.563648 0.443471 0.530172 0.397762 0.669948 0.420661 0.485398 0.389367 0.803246 0.830590 0.639564 0.768288 0.654854 0.565983 0.798956 0.963481 0.720969 0.723498 0.741312 0.751401 0.665821 0.795930 0.757118 0.657120 0.502433 0.440128 0.640320 0.867625 0.702923 0.660695 0.864364 0.878816 0.966392 0.784119 0.971719 0.476029 0.558130 0.451084 0.853601 0.947884 0.986132 0.682632 0.859833 0.862917 0.785191 0.908125 0.748348 0.922407 0.803968 0.922775 0.953644 0.953505 0.935254 0.966806 0.932038 0.986172 0.787052 0.910181 0.972809 0.823468
0.853725 0.846275 0.800925 0.677633 0.874700 0.775940 0.796381 0.810593 0.860752 0.986903 0.947892 0.810038 0.551173 0.638115 0.000000 0.545106 0.887327 0.869168 0.792276 0.847262 0.956992 0.886586 0.569802 0.750457 0.923182 0.826131 0.822482 0.957875 0.920514 0.939996 0.810909 0.820078 0.676537 0.802774 0.853210 0.959346 0.894549 0.822126 0.851471 0.905903 0.883387 0.793233 0.836692 0.758851 0.997459 0.840443 0.911498 0.802447 0.911184 0.821114 0.820796 0.770322 0.849138 0.777145 0.986198 0.984725 0.933724 0.842977 0.881351 0.741966 0.711297 0.770695 0.776262 0.823539 0.627055 0.490778 0.788482 0.749427 0.941636 0.989912 0.979880 0.852699 0.965648 0.864553 0.869458 0.841861 0.824433 0.904362 0.841461 0.934796 0.906634 0.824606 0.733591 0.836096 0.592501 0.526340 0.935441 0.980283 0.832519 0.826116 0.757721 0.951045 0.999107 0.932764 0.923540 0.958665 0.989746 0.873423 0.860450 0.765631 0.694215 0.870129 0.989141 0.932310 0.794057 0.856682 0.857333 0.903996 0.994190 0.824949 0.968087 0.919966 0.998267 0.930982 0.690863 0.916004
0.816592 0.779432 0.908539 0.789836 0.949085 0.686389 0.933403 0.796927 0.977811 0.961232 0.923075 0.672771 0.598973 0.513829 0.545106 0.000000 0.900845 0.923755 0.794377 0.797757 0.961731 0.931540 0.773274 0.708851 0.921882 0.960557 0.875840 0.986377 0.915168 0.855018 0.956592 0.963729 0.908302 0.928690 0.949875 0.863594 0.830099 0.749602 0.912584 0.919104 0.864545 0.811678 0.912001 0.898424 0.712920 0.975001 0.997093 0.949479 0.934690 0.758161 0.806073 0.787886 0.941412 0.900255 0.995940 0.857098 0.847226 0.831323 0.877828 0.653322 0.883184 0.762477 0.800081 0.751223 0.902559 0.697819 0.879984 0.968894 0.932273 0.800257 0.950790 0.984291 0.972759 0.962281 0.851608 0.754079 0.913707 0.810266 0.977691 0.887040 0.877252 0.750888 0.809814 0.898781 0.714825 0.576813 0.922576 0.915184 0.879865 0.979715 0.911492 0.708979 0.744470 0.771134 0.931070 0.971272 0.896294 0.734093 0.928829 0.948620 0.772705 0.969648 0.994663 0.856548 0.878515 0.820303 0.846786 0.976724 0.961612 0.998775 0.958753 0.992471 0.947065 0.889035 0.856283 0.881384
0.391893 0.348014 0.801867 0.715591 0.767747 0.921539 0.765326 0.357431 0.900951 0.457921 0.335337 0.336661 0.565748 0.501666 0.887327 0.900845 0.000000 0.258888 0.379122 0.331711 0.937181 0.913705 0.760816 0.743064 0.654661 0.780006 0.865308 0.948797 0.345842 0.337054 0.990633 0.864629 0.597094 0.455939 0.798220 0.777564 0.905427 0.840384 0.923195 0.878470 0.917213 0.892800 0.884019 0.561992 0.742800 0.477743 0.657398 0.523754 0.387182 0.506760 0.419347 0.506477 0.542948 0.578922 0.591483 0.490949 0.355685 0.423078 0.528098 0.593595 0.610268 0.367994 0.355501 0.275467 0.669860 0.968940 0.786398 0.949504 0.608453 0.591813 0.943081 0.879151 0.505794 0.531179 0.725268 0.894836 0.538959 0.794586 0.628115 0.546543 0.300855 0.357892 0.700044 0.668898 0.805197 0.935039 0.841631 0.971026 0.875601 0.832178 0.946147 0.729486 0.780838 0.691521 0.848219 0.832347 0.868350 0.893360 0.517361 0.588935 0.724272 0.786731 0.559644 0.668072 0.854530 0.927166 0.887841 0.904591 0.962922 0.942891 0.868946 0.734953 0.590660 0.970731 0.974304 0.702996
0.364507 0.305561 0.834271 0.720467 0.789594 0.926100 0.841047 0.432163 0.976210 0.515481 0.372692 0.368787 0.609210 0.499724 0.869168 0.923755 0.258888 0.000000 0.326683 0.303573 0.990801 0.844999 0.822377 0.811211 0.739553 0.836095 0.898180 0.880155 0.334660 0.336559 0.969017 0.785879 0.554769 0.483980 0.844567 0.753196 0.954195 0.826090 0.935725 0.796906 0.745638 0.829584 0.901379 0.597083 0.783002 0.497091 0.675835 0.523952 0.368172 0.455258 0.404872 0.454870 0.503851 0.511767 0.543276 0.468264 0.346735 0.366456 0.567016 0.576399 0.682215 0.441030 0.386726 0.307841 0.660385 0.935673 0.730273 0.885556 0.567599 0.547548 0.958865 0.911263 0.439613 0.470605 0.798666 0.803034 0.520777 0.725106 0.545750 0.439910 0.277232 0.326893 0.639925 0.670824 0.821986 0.922562 0.821716 0.908239 0.875894 0.854851 0.935416 0.718994 0.736387 0.632764 0.858004 0.851113 0.863325 0.900002 0.594187 0.633784 0.762279 0.806566 0.565662 0.615306 0.787046 0.920327 0.993202 0.965929 0.970106 0.994903 0.890462 0.855353 0.601481 0.940276 0.977830 0.761403
0.401002 0.338189 0.749499 0.739933 0.706541 0.895232 0.985455 0.542549 0.880534 0.766810 0.491879 0.398166 0.575534 0.420521 0.792276 0.794377 0.379122 0.326683 0.000000 0.312933 0.968663 0.942119 0.979802 0.992380 0.812968 0.830216 0.955775 0.938877 0.455940 0.453878 0.986883 0.922785 0.637107 0.555231 0.785406 0.754523 0.851502 0.887240 0.846378 0.983045 0.781777 0.946119 0.942683 0.786539 0.985252 0.720214 0.704877 0.636712 0.482618 0.460757 0.477162 0.474147 0.538805 0.542868 0.530192 0.563603 0.406563 0.401419 0.600133 0.576519 0.806517 0.515788 0.496509 0.420095 0.686246 0.919479 0.663130 0.794441 0.545978 0.555285 0.983869 0.955986 0.504874 0.538076 0.831070 0.891788 0.496387 0.849385 0.643825 0.514307 0.374504 0.362631 0.665351 0.661933 0.778548 0.827483 0.790085 0.817509 0.913096 0.819773 0.998262 0.591132 0.663157 0.497727 0.847678 0.857569 0.938338 0.677354 0.815508 0.863792 0.810162 0.946702 0.650597 0.816638 0.892474 0.929652 0.991687 0.863367 0.992939 0.957663 0.971293 0.994758 0.739850 0.980232 0.935608 0.741744
0.296314 0.257101 0.633841 0.738391 0.770176 0.845814 0.928506 0.484264 0.857181 0.690973 0.393731 0.301922 0.600025 0.396810 0.847262 0.797757 0.331711 0.303573 0.312933 0.000000 0.971659 0.888554 0.854237 0.949925 0.745682 0.749614 0.949350 0.947697 0.386994 0.409223 0.867660 0.956150 0.761356 0.539936 0.738342 0.663051 0.869182 0.842987 0.940589 0.874360 0.808370 0.871135 0.867133 0.776218 0.969310 0.640381 0.808687 0.662643 0.332853 0.345219 0.363848 0.381396 0.446878 0.483053 0.601011 0.448562 0.350349 0.294798 0.547632 0.465308 0.828664 0.413235 0.477725 0.349142 0.558971 0.874094 0.560594 0.702838 0.467522 0.411502 0.913668 0.984150 0.466737 0.518704 0.814638 0.831257 0.440816 0.752597 0.650864 0.487213 0.316707 0.319626 0.611008 0.688716 0.823792 0.840296 0.749443 0.833369 0.887942 0.820516 0.911271 0.594602 0.621257 0.523173 0.827353 0.841088 0.949395 0.725651 0.766914 0.823641 0.825550 0.948425 0.654734 0.766028 0.849214 0.844590 0.928822 0.918261 0.968019 0.974077 0.980436 0.955496 0.687493 0.890078 0.979511 0.716125
0.971019 0.970026 0.922575 0.980825 0.912312 0.816367 0.804561 0.743813 0.962386 0.860923 0.767920 0.828548 0.756972 0.866948 0.956992 0.961731 0.937181 0.990801 0.968663 0.971659 0.000000 0.810481 0.912678 0.884108 0.830874 0.909864 0.978116 0.979426 0.871654 0.878962 0.911251 0.968744 0.897790 0.912915 0.974326 0.921164 0.699845 0.823031 0.783372 0.816781 0.664359 0.855265 0.990934 0.960607 0.942952 0.922590 0.829870 0.992217 0.961639 0.932352 0.973705 0.948549 0.967868 0.895091 0.839404 0.886954 0.990792 0.954601 0.780126 0.894255 0.765170 0.829654 0.768641 0.840512 0.960928 0.885531 0.842066 0.869234 0.872813 0.978211 0.980420 0.976930 0.928612 0.908550 0.907005 0.908580 0.881563 0.961726 0.902687 0.922797 0.955748 0.922677 0.915478 0.932103 0.860438 0.914071 0.905892 0.903546 0.916595 0.916619 0.749830 0.949802 0.949394 0.903929 0.982028 0.915249 0.911591 0.995261 0.905695 0.891818 0.858785 0.754097 0.952337 0.996292 0.863127 0.957743 0.889798 0.840516 0.882477 0.821967 0.889997 0.811167 0.899998 0.859332 0.904090 0.925688
0.872298 0.841547 0.997439 0.986141 0.976229 0.963670 0.919179 0.989214 0.937905 0.893631 0.978809 0.911085 0.970433 0.933976 0.886586 0.931540 0.913705 0.844999 0.942119 0.888554 0.810481 0.000000 0.918239 0.947960 0.904099 0.927376 0.981419 0.976047 0.946936 0.920459 0.926197 0.961646 0.935522 0.977049 0.939990 0.927995 0.903794 0.617429 0.974384 0.766523 0.771572 0.774658 0.929333 0.912765 0.953263 0.904647 0.876060 0.937587 0.829048 0.888698 0.872078 0.897757 0.929731 0.965289 0.979203 0.860486 0.889013 0.878902 0.990955 0.911399 0.911381 0.970957 0.989872 0.905336 0.896373 0.900984 0.887303 0.937628 0.927936 0.934761 0.909221 0.932398 0.906261 0.802501 0.932336 0.956230 0.916227 0.830644 0.940186 0.818971 0.842442 0.799889 0.911161 0.861519 0.916804 0.933441 0.873127 0.887507 0.955444 0.876553 0.985887 0.850182 0.943887 0.978065 0.971830 0.882139 0.931319 0.989863 0.978023 0.948628 0.967050 0.964234 0.903568 0.944391 0.951185 0.948346 0.928377 0.823879 0.859590 0.845549 0.929797 0.956187 0.923969 0.944714 0.974231 0.980821
0.792909 0.848995 0.543489 0.684417 0.846241 0.980231 0.937086 0.783861 0.956031 0.654201 0.544265 0.760795 0.874846 0.938676 0.569802 0.773274 0.760816 0.822377 0.979802 0.854237 0.912678 0.918239 0.000000 0.443342 0.559462 0.576635 0.749573 0.887987 0.672381 0.662475 0.795873 0.852437 0.822660 0.877017 0.744226 0.754106 0.914373 0.845002 0.894976 0.935419 0.891841 0.824794 0.972230 0.852825 0.832447 0.757106 0.982239 0.982596 0.749153 0.874103 0.901958 0.954820 0.966729 0.969903 0.940212 0.832099 0.709501 0.836239 0.791031 0.881975 0.962538 0.720832 0.711754 0.697342 0.423064 0.620426 0.783920 0.801570 0.832196 0.876395 0.865590 0.966619 0.875363 0.803079 0.987058 0.927596 0.829705 0.945936 0.985965 0.997336 0.845586 0.949795 0.754455 0.905164 0.542962 0.493757 0.884586 0.790695 0.839798 0.846587 0.848284 0.956963 0.847896 0.953690 0.997880 0.832725 0.993990 0.986264 0.864923 0.940070 0.978937 0.957363 0.977915 0.617288 0.819829 0.796423 0.818292 0.842405 0.871266 0.937023 0.881904 0.927642 0.820139 0.866697 0.782112 0.966090
0.969863 0.975245 0.888226 0.722479 0.944963 0.984307 0.758715 0.727924 0.714441 0.598585 0.641910 0.910125 0.920699 0.791778 0.750457 0.708851 0.743064 0.811211 0.992380 0.949925 0.884108 0.947960 0.443342 0.000000 0.668488 0.823056 0.664860 0.889279 0.690408 0.688964 0.970143 0.846886 0.873558 0.745537 0.977885 0.935552 0.926128 0.874263 0.838856 0.923416 0.961368 0.982596 0.762340 0.703039 0.606101 0.681127 0.921598 0.889611 0.855180 0.978365 0.995755 0.937953 0.897736 0.946760 0.936873 0.895778 0.796782 0.967313 0.892495 0.937981 0.844998 0.791645 0.688494 0.784828 0.706299 0.817861 0.882862 0.818347 0.956751 0.974705 0.960188 0.955835 0.807908 0.836602 0.877128 0.938636 0.780102 0.931903 0.877463 0.969981 0.862597 0.990407 0.784759 0.965447 0.683910 0.491389 0.945014 0.684448 0.798842 0.851375 0.907566 0.781736 0.851768 0.779039 0.969108 0.911009 0.998753 0.879421 0.603510 0.813686 0.862770 0.818769 0.971104 0.677348 0.957311 0.941983 0.978798 0.746846 0.917556 0.941968 0.959276 0.801008 0.828395 0.957017 0.994782 0.900601
0.722679 0.765239 0.545426 0.860718 0.989830 0.764535 0.949679 0.552970 0.928532 0.635874 0.511460 0.528980 0.731438 0.725662 0.923182 0.921882 0.654661 0.739553 0.812968 0.745682 0.830874 0.904099 0.559462 0.668488 0.000000 0.400940 0.665710 0.824454 0.584022 0.520776 0.678340 0.825353 0.989605 0.823896 0.724917 0.786228 0.652719 0.798238 0.918702 0.869005 0.918077 0.861382 0.954974 0.840112 0.979062 0.785356 0.878913 0.946565 0.746457 0.792621 0.812988 0.855769 0.926115 0.934989 0.981567 0.892845 0.726851 0.773423 0.587680 0.638751 0.644342 0.552773 0.494480 0.543944 0.554193 0.867572 0.823717 0.894243 0.964421 0.887854 0.692776 0.825063 0.840520 0.820656 0.877497 0.857663 0.808852 0.991214 0.917535 0.978776 0.830593 0.917578 0.930826 0.882446 0.708858 0.648380 0.943616 0.734872 0.730808 0.829057 0.917809 0.822821 0.787670 0.881379 0.966161 0.885010 0.935336 0.921305 0.767664 0.907789 0.817540 0.959325 0.877883 0.811690 0.907352 0.857547 0.944142 0.845960 0.904374 0.876149 0.941994 0.875233 0.795131 0.981310 0.874795 0.856690
0.771875 0.835361 0.400146 0.758997 0.950370 0.951463 0.805847 0.805545 0.870369 0.827722 0.653247 0.626583 0.872947 0.779573 0.826131 0.960557 0.780006 0.836095 0.830216 0.749614 0.909864 0.927376 0.576635 0.823056 0.400940 0.000000 0.854198 0.883572 0.761178 0.715313 0.448381 0.618037 0.745647 0.985317 0.611246 0.767372 0.650131 0.897694 0.802561 0.908054 0.938896 0.976752 0.648309 0.877429 0.829375 0.940955 0.967920 0.838095 0.840381 0.885511 0.935035 0.996217 0.945232 0.878115 0.974608 0.896858 0.749257 0.803968 0.649940 0.753740 0.893948 0.725521 0.734797 0.721422 0.514823 0.679683 0.704490 0.674008 0.832987 0.831113 0.720062 0.896425 0.864967 0.889681 0.929480 0.995897 0.863786 0.854565 0.941278 0.932166 0.967396 0.949458 0.941174 0.934541 0.694126 0.626613 0.824402 0.990374 0.784757 0.840246 0.635966 0.659070 0.598323 0.810983 0.801996 0.864949 0.951631 0.769870 0.952316 0.912158 0.941187 0.760704 0.963456 0.986603 0.853350 0.709492 0.854179 0.888154 0.964559 0.841066 0.973977 0.976622 0.977296 0.943093 0.797768 0.832267
0.907995 0.922054 0.985556 0.881650 0.958591 0.982572 0.702796 0.816540 0.733127 0.669257 0.861327 0.964701 0.930698 0.866757 0.822482 0.875840 0.865308 0.898180 0.955775 0.949350 0.978116 0.981419 0.749573 0.664860 0.665710 0.854198 0.000000 0.710253 0.808162 0.872406 0.942278 0.871738 0.850997 0.869300 0.750818 0.955606 0.991554 0.934826 0.959074 0.929170 0.990628 0.960339 0.723769 0.811752 0.683430 0.823915 0.960516 0.878974 0.985867 0.782550 0.941172 0.825424 0.839682 0.862497 0.933001 0.991918 0.955350 0.814950 0.982498 0.866757 0.757757 0.871899 0.833351 0.894079 0.883728 0.994781 0.767566 0.722752 0.857867 0.740895 0.939655 0.976251 0.876677 0.907043 0.982920 0.949059 0.906563 0.858635 0.900956 0.955380 0.975212 0.944215 0.847864 0.978552 0.829933 0.665787 0.955588 0.778537 0.749155 0.819501 0.898066 0.831156 0.827076 0.836014 0.914989 0.900636 0.893183 0.785587 0.659043 0.741592 0.855369 0.806819 0.953518 0.800561 0.970179 0.926387 0.994216 0.737150 0.854555 0.951640 0.832769 0.801217 0.794728 0.777270 0.886764 0.904580
0.978066 0.997447 0.964774 0.940314 0.948493 0.995223 0.868705 0.883581 0.812076 0.843634 0.839128 0.924382 0.974396 0.964110 0.957875 0.986377 0.948797 0.880155 0.938877 0.947697 0.979426 0.976047 0.887987 0.889279 0.824454 0.883572 0.710253 0.000000 0.850574 0.861319 0.969321 0.862850 0.972834 0.990775 0.911368 0.762451 0.870137 0.992279 0.971768 0.969314 0.883301 0.924193 0.852416 0.958905 0.860849 0.851971 0.899820 0.896358 0.973140 0.981790 0.981884 0.995407 0.967119 0.950527 0.994361 0.920334 0.944884 0.955065 0.977629 0.982130 0.931688 0.886230 0.906808 0.921955 0.891947 0.941878 0.985023 0.955812 0.945631 0.952085 0.910050 0.950679 0.807170 0.931497 0.978429 0.958367 0.939673 0.905405 0.989118 0.998352 0.967558 0.950303 0.961316 0.926183 0.816093 0.819736 0.880100 0.845986 0.806607 0.685285 0.945447 0.916170 0.911690 0.978437 0.922809 0.841432 0.934448 0.959165 0.991567 0.961240 0.999467 0.975619 0.948430 0.786715 0.969717 0.986915 0.983089 0.910569 0.807251 0.891926 0.886550 0.998967 0.929938 0.902118 0.945704 0.981796
0.385835 0.357140 0.736448 0.834809 0.869189 0.723258 0.833712 0.347320 0.915051 0.470812 0.308706 0.353367 0.578265 0.534707 0.920514 0.915168 0.345842 0.334660 0.455940 0.386994 0.871654 0.946936 0.672381 0.690408 0.584022 0.761178 0.808162 0.850574 0.000000 0.317836 0.956216 0.844420 0.622512 0.484102 0.826081 0.732486 0.832256 0.912792 0.894389 0.938587 0.840973 0.895184 0.896733 0.582677 0.768837 0.444872 0.728009 0.630777 0.375570 0.424575 0.375258 0.434479 0.494903 0.473283 0.664841 0.516081 0.422107 0.423740 0.465538 0.499145 0.594848 0.319613 0.349062 0.309726 0.587046 0.961782 0.764284 0.907262 0.704724 0.637877 0.811085 0.961658 0.473697 0.553959 0.781310 0.816783 0.488498 0.791517 0.651519 0.575307 0.410527 0.491148 0.770511 0.807945 0.957542 0.904461 0.866216 0.912728 0.898465 0.947562 0.833132 0.777611 0.852681 0.764205 0.837107 0.841743 0.864632 0.847895 0.550730 0.666033 0.669944 0.731335 0.643349 0.593333 0.793094 0.916363 0.975709 0.884908 0.884147 0.886028 0.922822 0.815586 0.559941 0.927469 0.903917 0.773141
0.448732 0.375163 0.739271 0.838829 0.927186 0.786296 0.826135 0.330287 0.877510 0.441103 0.345215 0.345542 0.589958 0.529804 0.939996 0.855018 0.337054 0.336559 0.453878 0.409223 0.878962 0.920459 0.662475 0.688964 0.520776 0.715313 0.872406 0.861319 0.317836 0.000000 0.931638 0.857308 0.663871 0.429307 0.755434 0.675975 0.892249 0.946901 0.926394 0.837513 0.848434 0.900328 0.825785 0.505539 0.732683 0.423918 0.690765 0.594516 0.421186 0.464157 0.454722 0.492032 0.575324 0.554707 0.721775 0.644199 0.395892 0.428048 0.568353 0.520447 0.614843 0.348593 0.311604 0.263712 0.567132 0.960319 0.709935 0.930819 0.762453 0.644291 0.929323 0.938259 0.584838 0.583772 0.803908 0.824918 0.546205 0.731427 0.662965 0.577951 0.393457 0.494737 0.822067 0.747078 0.972555 0.907044 0.821089 0.918880 0.817720 0.970283 0.925416 0.732745 0.758112 0.723584 0.927494 0.784470 0.888473 0.864013 0.604231 0.751035 0.603644 0.752982 0.635663 0.615120 0.874240 0.924834 0.911963 0.913869 0.918889 0.936757 0.853659 0.766023 0.538531 0.917576 0.989599 0.765890
0.877539 0.999983 0.571578 0.890891 0.961593 0.958371 0.721690 0.941316 0.657504 0.847135 0.862180 0.797826 0.927907 0.833311 0.810909 0.956592 0.990633 0.969017 0.986883 0.867660 0.911251 0.926197 0.795873 0.970143 0.678340 0.448381 0.942278 0.969321 0.956216 0.931638 0.000000 0.454232 0.677069 0.797009 0.767229 0.904784 0.719471 0.902668 0.903223 0.929422 0.960561 0.989086 0.445906 0.539962 0.612669 0.670214 0.758111 0.637224 0.974764 0.995401 0.979400 0.910615 0.921339 0.815123 0.988158 0.947522 0.984292 0.955015 0.647569 0.886678 0.984628 0.914311 0.985723 0.949219 0.758768 0.769017 0.834404 0.634315 0.750839 0.829631 0.688808 0.782119 0.921104 0.991880 0.903691 0.931317 0.926596 0.755520 0.885104 0.795049 0.888229 0.992843 0.964608 0.986256 0.905735 0.839336 0.914991 0.765090 0.905663 0.946128 0.687066 0.717113 0.708337 0.821012 0.854515 0.944124 0.933925 0.932178 0.859404 0.806170 0.710732 0.709598 0.818602 0.889012 0.866067 0.723354 0.896585 0.881672 0.932349 0.803929 0.800053 0.801752 0.865213 0.994343 0.760320 0.813822
0.937677 0.912915 0.694634 0.845180 0.993267 0.866762 0.705749 0.858276 0.755191 0.780535 0.974259 0.922332 0.940871 0.928049 0.820078 0.963729 0.864629 0.785879 0.922785 0.956150 0.968744 0.961646 0.852437 0.846886 0.825353 0.618037 0.871738 0.862850 0.844420 0.857308 0.454232 0.000000 0.547920 0.693321 0.803230 0.979139 0.805234 0.837970 0.831579 0.796709 0.992480 0.949601 0.500271 0.540586 0.584965 0.605081 0.731563 0.544812 0.908236 0.943698 0.900774 0.891909 0.932394 0.805050 0.866020 0.928950 0.930393 0.963942 0.768675 0.934411 0.949476 0.981262 0.918305 0.931498 0.846537 0.778775 0.919637 0.653504 0.833232 0.982983 0.649728 0.716377 0.864911 0.968928 0.910368 0.957613 0.863197 0.787140 0.736690 0.693968 0.785723 0.907514 0.889774 0.914165 0.898256 0.831623 0.987242 0.752957 0.979225 0.971681 0.749190 0.809155 0.819267 0.918865 0.929436 0.906398 0.986484 0.878856 0.811314 0.835230 0.802826 0.755390 0.834733 0.883283 0.817104 0.897807 0.908144 0.931980 0.914154 0.772927 0.758130 0.796089 0.952469 0.994495 0.892229 0.873123
0.809104 0.728445 0.672749 0.607168 0.998958 0.823066 0.527015 0.599842 0.852545 0.663015 0.732058 0.767972 0.688252 0.793986 0.676537 0.908302 0.597094 0.554769 0.637107 0.761356 0.897790 0.935522 0.822660 0.873558 0.989605 0.745647 0.850997 0.972834 0.622512 0.663871 0.677069 0.547920 0.000000 0.513850 0.757476 0.902958 0.814568 0.899426 0.992371 0.895999 0.985613 0.953421 0.561628 0.522647 0.572698 0.550856 0.788345 0.554376 0.788121 0.867830 0.768614 0.795444 0.840033 0.734203 0.764024 0.883779 0.734938 0.789082 0.861123 0.911896 0.604141 0.696101 0.634319 0.655186 0.824310 0.642876 0.765621 0.629638 0.982739 0.953367 0.946523 0.806175 0.749958 0.820629 0.794941 0.931652 0.711651 0.790390 0.615844 0.654597 0.628429 0.719737 0.782252 0.783555 0.664989 0.781666 0.956470 0.988345 0.991836 0.886851 0.715163 0.988883 0.859678 0.984998 0.982537 0.985312 0.897551 0.817653 0.611313 0.591828 0.744291 0.654303 0.750475 0.759198 0.697953 0.863729 0.828354 0.788649 0.963277 0.891859 0.764590 0.757876 0.732684 0.948993 0.911014 0.877266
0.577297 0.546731 0.973572 0.710238 0.982394 0.814036 0.624618 0.432618 0.837226 0.584001 0.550612 0.545245 0.599603 0.642846 0.802774 0.928690 0.455939 0.483980 0.555231 0.539936 0.912915 0.977049 0.877017 0.745537 0.823896 0.985317 0.869300 0.990775 0.484102 0.429307 0.797009 0.693321 0.513850 0.000000 0.963570 0.873584 0.975551 0.884282 0.985313 0.865378 0.917156 0.962733 0.642059 0.428023 0.611789 0.459994 0.708278 0.574481 0.580239 0.646071 0.570984 0.610119 0.679188 0.611438 0.810347 0.720057 0.598847 0.650759 0.721637 0.689108 0.593436 0.476806 0.447178 0.465183 0.871176 0.773372 0.979566 0.759553 0.952783 0.850513 0.943850 0.797979 0.708228 0.776558 0.820673 0.923271 0.495242 0.803352 0.674665 0.677488 0.517264 0.628395 0.722454 0.776380 0.818648 0.910246 0.954645 0.876830 0.893341 0.971566 0.767594 0.858159 0.951758 0.860976 0.911945 0.802998 0.945976 0.903780 0.528060 0.709579 0.679455 0.712930 0.591706 0.812650 0.833721 0.986772 0.948048 0.827926 0.901706 0.899317 0.796946 0.666993 0.604604 0.983972 0.895382 0.885964
0.755101 0.764919 0.534943 0.950804 0.897748 0.888406 0.730279 0.867200 0.807236 0.928311 0.773110 0.670173 0.897981 0.732034 0.853210 0.949875 0.798220 0.844567 0.785406 0.738342 0.974326 0.939990 0.744226 0.977885 0.724917 0.611246 0.750818 0.911368 0.826081 0.755434 0.767229 0.803230 0.757476 0.963570 0.000000 0.799445 0.676201 0.948483 0.994835 0.881136 0.961768 0.966574 0.703937 0.961034 0.815502 0.954587 0.903519 0.972560 0.761501 0.671432 0.820191 0.801903 0.840742 0.925952 0.971599 0.848129 0.721996 0.673826 0.841609 0.722009 0.905298 0.821758 0.793700 0.731834 0.623169 0.713104 0.523703 0.593605 0.760211 0.638134 0.986898 0.957336 0.884723 0.968614 0.929954 0.951535 0.969194 0.953418 0.919102 0.878197 0.831116 0.832458 0.835163 0.933349 0.752740 0.811469 0.926195 0.895566 0.928806 0.980732 0.716835 0.661441 0.687473 0.650745 0.909580 0.820981 0.950554 0.698985 0.867236 0.743217 0.904619 0.811369 0.973194 0.956240 0.759780 0.796911 0.974266 0.858113 0.927317 0.971147 0.977325 0.901890 0.865535 0.869426 0.647499 0.906710
0.653055 0.629437 0.652765 0.931706 0.930078 0.979847 0.811379 0.783636 0.913662 0.895737 0.697653 0.659868 0.845753 0.714593 0.959346 0.863594 0.777564 0.753196 0.754523 0.663051 0.921164 0.927995 0.754106 0.935552 0.786228 0.767372 0.955606 0.762451 0.732486 0.675975 0.904784 0.979139 0.902958 0.873584 0.799445 0.000000 0.762348 0.974625 0.957252 0.962900 0.936625 0.995605 0.823799 0.965893 0.897120 0.789514 0.941437 0.905852 0.664754 0.588980 0.638576 0.622196 0.693529 0.679349 0.749419 0.775569 0.592147 0.564721 0.727468 0.591369 0.944346 0.672833 0.704394 0.644851 0.659842 0.833232 0.607315 0.704395 0.688540 0.644444 0.985470 0.905875 0.835517 0.916949 0.972694 0.843344 0.722084 0.966572 0.870055 0.912343 0.797527 0.757716 0.942897 0.872141 0.870327 0.962268 0.693925 0.916228 0.956163 0.958344 0.798695 0.722869 0.573773 0.687021 0.906115 0.955628 0.988835 0.679280 0.961966 0.896457 0.938458 0.981347 0.909690 0.770062 0.950160 0.958567 0.845514 0.840044 0.997164 0.937290 0.895380 0.851721 0.928193 0.967139 0.982215 0.908185
0.813015 0.872187 0.752283 0.894120 0.960831 0.822473 0.967763 0.783940 0.916255 0.972526 0.775941 0.736665 0.727202 0.689831 0.894549 0.830099 0.905427 0.954195 0.851502 0.869182 0.699845 0.903794 0.914373 0.926128 0.652719 0.650131 0.991554 0.870137 0.832256 0.892249 0.719471 0.805234 0.814568 0.975551 0.676201 0.762348 0.000000 0.763405 0.740531 0.695763 0.851673 0.763346 0.797178 0.892921 0.762623 0.970555 0.950508 0.917613 0.914110 0.827162 0.860544 0.876769 0.900344 0.936987 0.927556 0.986019 0.878068 0.847174 0.603768 0.683102 0.789094 0.784678 0.745186 0.790357 0.892627 0.975487 0.855549 0.855279 0.982597 0.966721 0.727279 0.848715 0.993089 0.899655 0.962439 0.953682 0.932797 0.783257 0.984996 0.917363 0.972423 0.979176 0.928406 0.794905 0.905037 0.958836 0.853948 0.850624 0.920764 0.892539 0.989697 0.783459 0.928006 0.846597 0.986901 0.955271 0.926804 0.767721 0.993911 0.974675 0.955553 0.962870 0.991672 0.944761 0.949822 0.917931 0.990389 0.991909 0.973459 0.937347 0.934631 0.907379 0.909177 0.864951 0.986573 0.973310
0.933697 0.882435 0.939978 0.885083 0.798810 0.957842 0.983903 0.976607 0.997694 0.882617 0.961774 0.994193 0.775140 0.894405 0.822126 0.749602 0.840384 0.826090 0.887240 0.842987 0.823031 0.617429 0.845002 0.874263 0.798238 0.897694 0.934826 0.992279 0.912792 0.946901 0.902668 0.837970 0.899426 0.884282 0.948483 0.974625 0.763405 0.000000 0.823812 0.760876 0.649455 0.782651 0.938778 0.989479 0.780216 0.835520 0.899462 0.876023 0.865778 0.973110 0.925698 0.945854 0.885219 0.931947 0.849126 0.739203 0.881059 0.868813 0.982901 0.837343 0.907922 0.964209 0.874822 0.943921 0.914652 0.936117 0.934832 0.988418 0.815244 0.843748 0.869170 0.812252 0.726926 0.792749 0.974930 0.911551 0.795668 0.907169 0.891508 0.752459 0.753470 0.751289 0.861083 0.625778 0.886033 0.902071 0.967790 0.787353 0.997414 0.735751 0.930269 0.922163 0.965096 0.959267 0.972017 0.811194 0.771709 0.863128 0.940397 0.877042 0.858016 0.981976 0.917716 0.799452 0.964253 0.950410 0.808401 0.874933 0.841846 0.902125 0.982322 0.937269 0.991815 0.906219 0.909806 0.866583
