0.000000 0.253232 0.686121 0.722446 0.564109 0.679857 0.800575 0.825921 0.477761 0.436207 0.450933 0.415234 0.611104 0.576620 0.823056 0.860113 0.415075 0.333775 0.437664 0.290654 0.619385 0.897345 0.895896 0.586587 0.569839 0.774583 0.709856 0.915294 0.797507 0.754071 0.898016 0.905907 0.607367 0.734243 0.859897 0.885046 0.869416 0.900431 0.722472 0.984237 0.928301 0.800378 0.996998 0.850946 0.843499 0.981340 0.672890 0.664259 0.903212 0.885782 0.874248 0.932386 0.616972 0.423757 0.658048 0.628050 0.236688 0.261590 0.452722 0.404164 0.954638 0.775669 0.602327 0.588979 0.464909 0.828651 0.788578 0.991867 0.313542 0.510402 0.630495 0.589533 0.698344 0.642116 0.936024 0.826136 0.986893 0.792576 0.616953 0.498903 0.327583 0.299733 0.564564 0.315642 0.340046 0.303991 0.929229 0.593363 0.717131 0.346748 0.500146 0.575419 0.665166 0.677920 0.936812 0.885376 0.800833 0.936055 0.863072 0.938862 0.627567 0.676372 0.981171 0.778627 0.894684 0.851907 0.943880 0.947040 0.713819 0.758633 0.898694 0.891356 0.846129 0.820277 0.931020 0.747355
0.253232 0.000000 0.585984 0.561749 0.564339 0.742599 0.827195 0.935336 0.579762 0.520090 0.554134 0.453944 0.689700 0.586208 0.767204 0.992107 0.438832 0.391573 0.432124 0.287612 0.640585 0.924906 0.841304 0.588074 0.492607 0.654383 0.640120 0.901731 0.774204 0.741423 0.953969 0.854418 0.625809 0.669698 0.830737 0.884006 0.776704 0.807326 0.596744 0.977993 0.959974 0.744904 0.901950 0.789507 0.798335 0.997303 0.647416 0.671799 0.938038 0.899215 0.875449 0.961171 0.618525 0.448960 0.715842 0.662570 0.244200 0.220344 0.504582 0.474346 0.981702 0.842048 0.710165 0.619445 0.432879 0.830644 0.861651 0.973759 0.306085 0.472546 0.779150 0.646165 0.789718 0.705621 0.967869 0.839246 0.877435 0.843312 0.583520 0.518500 0.346959 0.349274 0.629709 0.352312 0.456854 0.376413 0.991672 0.718834 0.751209 0.401269 0.440195 0.540753 0.590837 0.661135 0.978029 0.942549 0.809811 0.924818 0.814288 0.940328 0.517306 0.636504 0.925029 0.840221 0.938246 0.814936 0.910903 0.973145 0.808927 0.718260 0.934215 0.888508 0.884165 0.836408 0.928801 0.746390
0.686121 0.585984 0.000000 0.338360 0.761673 0.933228 0.799561 0.720594 0.953281 0.845536 0.925510 0.716120 0.615751 0.809819 0.650435 0.752454 0.925249 0.864001 0.672435 0.708691 0.641041 0.939287 0.674303 0.680347 0.428832 0.474119 0.706509 0.994370 0.943118 0.943826 0.656649 0.652066 0.760621 0.750282 0.738306 0.834482 0.588302 0.807475 0.791450 0.852877 0.922299 0.764047 0.721340 0.731883 0.874283 0.976510 0.763556 0.802121 0.921721 0.953175 0.927873 0.973296 0.807554 0.794840 0.790630 0.884579 0.651492 0.622112 0.786851 0.689028 0.890557 0.788796 0.923198 0.974627 0.436543 0.559758 0.861597 0.937689 0.587320 0.716865 0.784000 0.805890 0.876265 0.888721 0.918589 0.859177 0.657076 0.818059 0.788143 0.674097 0.832338 0.748861 0.914421 0.823396 0.845780 0.682113 0.826883 0.824537 0.765378 0.746946 0.819372 0.983563 0.905913 0.972166 0.863719 0.968468 0.653889 0.754904 0.851330 0.760996 0.648914 0.982251 0.995691 0.963541 0.856028 0.720696 0.698620 0.906507 0.946893 0.810457 0.846124 0.940704 0.833773 0.737075 0.582072 0.998139
0.722446 0.561749 0.338360 0.000000 0.730684 0.961294 0.911431 0.591059 0.982431 0.878977 0.984571 0.743923 0.753272 0.679925 0.751798 0.654575 0.877904 0.832583 0.724613 0.774329 0.703081 0.949061 0.797651 0.536706 0.444322 0.448749 0.689371 0.970147 0.939172 0.929114 0.721170 0.693217 0.811020 0.751623 0.721964 0.898867 0.518929 0.709912 0.595487 0.780876 0.896141 0.711830 0.821423 0.787071 0.828819 0.945012 0.857658 0.871064 0.869282 0.972832 0.956831 0.938058 0.867647 0.862044 0.863234 0.867073 0.614563 0.584104 0.794265 0.717467 0.979032 0.778787 0.950693 0.920064 0.574566 0.572424 0.911997 0.965374 0.636901 0.623969 0.868879 0.968859 0.972418 0.972857 0.993890 0.993010 0.745803 0.909630 0.732246 0.754794 0.843066 0.816628 0.945575 0.794759 0.963599 0.646451 0.877806 0.821531 0.749637 0.742378 0.715302 0.764276 0.815321 0.833436 0.953426 0.938038 0.814359 0.706101 0.968280 0.872032 0.537155 0.842077 0.917096 0.904447 0.954679 0.807520 0.723226 0.927127 0.997679 0.814451 0.941691 0.868948 0.872589 0.737939 0.708411 0.919437
0.564109 0.564339 0.761673 0.730684 0.000000 0.795665 0.663967 0.840539 0.684478 0.634557 0.744221 0.796884 0.972503 0.838203 0.952289 0.867743 0.710776 0.698114 0.840261 0.584577 0.742272 0.979691 0.847107 0.832808 0.671515 0.747719 0.825114 0.897097 0.956035 0.961564 0.857471 0.984290 0.932806 0.958142 0.959740 0.714696 0.850042 0.823340 0.850596 0.966632 0.886107 0.755445 0.895943 0.944740 0.665453 0.782413 0.950208 0.956925 0.811389 0.832404 0.691998 0.716455 0.546815 0.455275 0.932491 0.943279 0.473552 0.538110 0.879413 0.708480 0.783557 0.797697 0.996425 0.900508 0.668906 0.960987 0.888880 0.739818 0.516146 0.563964 0.701936 0.652426 0.822833 0.749580 0.931739 0.964072 0.965241 0.816660 0.774617 0.802158 0.632333 0.607984 0.828051 0.676789 0.815051 0.725352 0.985850 0.924345 0.995879 0.756317 0.569432 0.574269 0.715227 0.717470 0.982921 0.935459 0.892538 0.994852 0.724714 0.746694 0.587211 0.611071 0.798495 0.989981 0.873925 0.865674 0.966911 0.918887 0.821889 0.900094 0.943359 0.761461 0.884561 0.931310 0.881150 0.782013
0.679857 0.742599 0.933228 0.961294 0.795665 0.000000 0.782839 0.748371 0.601180 0.681948 0.684042 0.774294 0.967504 0.812639 0.896083 0.772797 0.676971 0.675395 0.746817 0.731734 0.900769 0.936774 0.943585 0.849060 0.947827 0.887429 0.958338 0.824123 0.877208 0.944083 0.767308 0.880960 0.878528 0.987966 0.921981 0.952112 0.830086 0.873629 0.965278 0.706979 0.737425 0.827219 0.845153 0.878101 0.951094 0.978306 0.915977 0.917331 0.912945 0.917472 0.971173 0.922641 0.814494 0.742573 0.922900 0.799046 0.647826 0.678680 0.747419 0.836787 0.980996 0.719208 0.774942 0.825542 0.794971 0.899484 0.880096 0.989846 0.764825 0.890603 0.701032 0.588879 0.637565 0.752758 0.885412 0.851525 0.800009 0.694975 0.941075 0.971593 0.721444 0.698564 0.766353 0.672338 0.658655 0.693805 0.785267 0.839871 0.927416 0.721508 0.716061 0.794058 0.886901 0.816981 0.984368 0.985441 0.920649 0.994957 0.860811 0.886380 0.882997 0.830590 0.925600 0.947741 0.978773 0.950228 0.901421 0.817411 0.721011 0.815166 0.958743 0.985072 0.912780 0.899741 0.845358 0.747013
0.800575 0.827195 0.799561 0.911431 0.663967 0.782839 0.000000 0.350223 0.645827 0.477498 0.885479 0.817906 0.613343 0.930331 0.532392 0.710136 0.939871 0.942842 0.771018 0.897786 0.931772 0.977763 0.462837 0.987236 0.759700 0.851092 0.897012 0.832716 0.564198 0.676100 0.535511 0.729599 0.693616 0.550084 0.833400 0.909847 0.989202 0.925102 0.878747 0.967744 0.830881 0.936062 0.449552 0.531130 0.378491 0.445075 0.664034 0.704071 0.490099 0.471840 0.392594 0.430406 0.464199 0.459116 0.818986 0.749534 0.803925 0.827812 0.792578 0.965912 0.323050 0.331873 0.698566 0.681040 0.891397 0.789823 0.487579 0.444371 0.712686 0.751447 0.492086 0.573998 0.658979 0.570722 0.899188 0.762178 0.653620 0.610917 0.848656 0.936140 0.848556 0.706486 0.974048 0.744058 0.997749 0.881494 0.967887 0.842750 0.852261 0.901292 0.549899 0.529821 0.796073 0.841858 0.679817 0.777861 0.735515 0.846588 0.365667 0.409029 0.767521 0.594151 0.724655 0.855058 0.706616 0.681706 0.850125 0.865617 0.777814 0.868955 0.724661 0.658156 0.445431 0.719935 0.480617 0.736333
0.825921 0.935336 0.720594 0.591059 0.840539 0.748371 0.350223 0.000000 0.672781 0.553686 0.764735 0.806310 0.644903 0.818442 0.601828 0.500914 0.903177 0.918585 0.890228 0.863135 0.992208 0.892562 0.603313 0.823623 0.922502 0.984388 0.980726 0.881933 0.808968 0.803112 0.606871 0.785525 0.820164 0.619894 0.827958 0.964670 0.917265 0.888227 0.868224 0.955727 0.749574 0.966602 0.611360 0.651493 0.622209 0.670253 0.838373 0.892657 0.742979 0.669867 0.538256 0.534380 0.576847 0.532522 0.972990 0.894817 0.906641 0.931631 0.863734 0.998009 0.439388 0.317785 0.827856 0.744839 0.869354 0.610107 0.658388 0.612158 0.759817 0.936040 0.581120 0.684399 0.764907 0.702833 0.872627 0.910676 0.688433 0.692568 0.839303 0.979036 0.798703 0.695481 0.934177 0.752553 0.845150 0.954784 0.928708 0.715494 0.763456 0.886145 0.748923 0.842788 0.914616 0.975134 0.847521 0.880604 0.839152 0.834868 0.600588 0.591571 0.952401 0.835136 0.962154 0.950152 0.843673 0.888109 0.775685 0.867601 0.828831 0.872836 0.904642 0.918888 0.581725 0.719346 0.554533 0.888389
0.477761 0.579762 0.953281 0.982431 0.684478 0.601180 0.645827 0.672781 0.000000 0.532589 0.611152 0.650258 0.986010 0.569802 0.812018 0.779525 0.436557 0.410775 0.638617 0.513232 0.833907 0.865730 0.868950 0.662807 0.735402 0.877545 0.789910 0.930121 0.885464 0.773211 0.751691 0.984242 0.794320 0.851946 0.947628 0.867901 0.918324 0.881828 0.802952 0.980859 0.900936 0.989719 0.870902 0.951404 0.900522 0.971657 0.793552 0.739558 0.913725 0.911009 0.883951 0.885574 0.772204 0.629178 0.700122 0.619043 0.476458 0.506788 0.592854 0.678918 0.825978 0.666293 0.693239 0.667289 0.903005 0.928804 0.852529 0.989283 0.580145 0.601377 0.574501 0.570220 0.736001 0.757584 0.995195 0.929959 0.847490 0.686939 0.755330 0.750780 0.479291 0.471769 0.588189 0.407751 0.606969 0.494848 0.784683 0.572643 0.769261 0.494407 0.521034 0.610880 0.692181 0.724073 0.971879 0.795374 0.928599 0.836044 0.799665 0.904937 0.886637 0.735780 0.891314 0.698042 0.936446 0.930322 0.853252 0.916828 0.729947 0.857667 0.909507 0.926010 0.751471 0.984556 0.802177 0.696714
0.436207 0.520090 0.845536 0.878977 0.634557 0.681948 0.477498 0.553686 0.532589 0.000000 0.572964 0.800725 0.914407 0.814395 0.858605 0.705744 0.710777 0.615420 0.840105 0.559030 0.778673 0.943840 0.728078 0.687549 0.631828 0.808978 0.719618 0.792061 0.800919 0.929775 0.530965 0.729612 0.925709 0.777348 0.932350 0.940230 0.939327 0.848426 0.839539 0.978925 0.842337 0.949757 0.560502 0.677623 0.423883 0.522860 0.835246 0.897424 0.610848 0.617592 0.444689 0.473816 0.372701 0.313206 0.931341 0.961341 0.515042 0.519803 0.903798 0.746473 0.693639 0.505540 0.964038 0.927360 0.642408 0.802989 0.795507 0.628557 0.443414 0.618666 0.466416 0.534442 0.650346 0.551334 0.884095 0.773064 0.663336 0.603593 0.971534 0.813663 0.574348 0.372597 0.752082 0.451066 0.560185 0.450494 0.833275 0.569761 0.821008 0.562109 0.567607 0.614981 0.904747 0.920100 0.804805 0.948036 0.938531 0.915444 0.501615 0.591920 0.703014 0.616445 0.763358 0.954040 0.883560 0.890652 0.924167 0.893634 0.640749 0.964444 0.915471 0.764197 0.513603 0.894077 0.735214 0.729750
0.450933 0.554134 0.925510 0.984571 0.744221 0.684042 0.885479 0.764735 0.611152 0.572964 0.000000 0.624679 0.695668 0.716015 0.959425 0.746325 0.572938 0.469646 0.641750 0.503336 0.783981 0.999276 0.913529 0.877790 0.895170 0.952645 0.934521 0.866521 0.780225 0.786414 0.775161 0.900459 0.816476 0.928615 0.941050 0.936843 0.941163 0.950329 0.949915 0.848651 0.843308 0.991476 0.909537 0.959321 0.866495 0.945296 0.915802 0.885722 0.945186 0.983933 0.821009 0.791503 0.674126 0.501760 0.845127 0.784409 0.490553 0.528702 0.712165 0.714730 0.917231 0.872209 0.685649 0.699902 0.625084 0.901398 0.960522 0.918878 0.562844 0.787977 0.628293 0.736279 0.784333 0.728832 0.870342 0.926844 0.785411 0.885570 0.754789 0.728953 0.541093 0.507717 0.702284 0.510001 0.537823 0.599890 0.771214 0.661890 0.815996 0.624164 0.748392 0.770547 0.781072 0.937617 0.969297 0.807393 0.904311 0.985868 0.776019 0.906133 0.809122 0.886634 0.926953 0.957696 0.916980 0.945322 0.876036 0.940436 0.725223 0.986556 0.926264 0.994970 0.838008 0.919557 0.935135 0.796522
0.415234 0.453944 0.716120 0.743923 0.796884 0.774294 0.817906 0.806310 0.650258 0.800725 0.624679 0.000000 0.475539 0.397638 0.535016 0.748555 0.415173 0.362960 0.383063 0.407269 0.714295 0.934313 0.614588 0.637968 0.791672 0.935999 0.813872 0.941525 0.545940 0.482674 0.791661 0.737618 0.476196 0.502287 0.804769 0.981505 0.917734 0.909004 0.780949 0.962398 0.951309 0.981171 0.735372 0.645790 0.779919 0.667338 0.554382 0.532295 0.603357 0.600918 0.718482 0.700146 0.955201 0.821155 0.520194 0.521954 0.444706 0.430507 0.404852 0.542317 0.617968 0.841247 0.397357 0.347050 0.623422 0.769385 0.599455 0.685521 0.601556 0.699467 0.934827 0.835473 0.886146 0.895676 0.860842 0.988401 0.834741 0.946075 0.499367 0.453237 0.396157 0.502427 0.513931 0.500179 0.444190 0.478805 0.927152 0.714112 0.609761 0.547890 0.715481 0.756541 0.673950 0.648411 0.869606 0.844090 0.814713 0.938834 0.881657 0.841225 0.756805 0.789106 0.892975 0.720753 0.749895 0.741083 0.988438 0.956929 0.828999 0.711393 0.789676 0.868517 0.917968 0.803569 0.673041 0.813497
0.611104 0.689700 0.615751 0.753272 0.972503 0.967504 0.613343 0.644903 0.986010 0.914407 0.695668 0.475539 0.000000 0.598272 0.485478 0.675687 0.832808 0.695468 0.595095 0.724920 0.827012 0.963881 0.553569 0.653614 0.902574 0.961901 0.898830 0.799976 0.763259 0.747727 0.788787 0.783083 0.698203 0.658817 0.809353 0.986428 0.919769 0.884173 0.887979 0.953424 0.846980 0.949381 0.828413 0.814214 0.829926 0.781743 0.722971 0.752619 0.743398 0.689248 0.735034 0.679235 0.917816 0.989600 0.683115 0.729406 0.696284 0.680822 0.521130 0.552299 0.416457 0.669001 0.557177 0.628964 0.577550 0.598010 0.613325 0.639432 0.831681 0.878828 0.983422 0.989137 0.898777 0.874618 0.948815 0.890403 0.851003 0.981261 0.788448 0.592513 0.749845 0.768873 0.783403 0.769414 0.556319 0.547648 0.784238 0.828255 0.672492 0.661092 0.943616 0.964959 0.967458 0.854713 0.901889 0.898403 0.703775 0.983870 0.764451 0.779185 0.863557 0.863079 0.941635 0.966176 0.837137 0.877749 0.994951 0.940229 0.994820 0.851936 0.759529 0.990226 0.830356 0.796162 0.648661 0.948957
0.576620 0.586208 0.809819 0.679925 0.838203 0.812639 0.930331 0.818442 0.569802 0.814395 0.716015 0.397638 0.598272 0.000000 0.680654 0.631117 0.484212 0.392874 0.488340 0.543095 0.790961 0.959677 0.724182 0.503069 0.764317 0.796478 0.860209 0.784892 0.725060 0.448323 0.853004 0.699638 0.578209 0.531984 0.829901 0.878719 0.821018 0.833784 0.646704 0.884275 0.868402 0.993820 0.896223 0.787521 0.878611 0.791404 0.707671 0.651125 0.775444 0.701847 0.823185 0.781137 0.943164 0.939778 0.572019 0.512119 0.552861 0.543173 0.547153 0.657924 0.767140 0.807343 0.502237 0.475036 0.859149 0.674420 0.687130 0.701612 0.726123 0.717377 0.948268 0.830321 0.964413 0.964811 0.929373 0.992072 0.865718 0.972924 0.636655 0.532378 0.469541 0.546682 0.508327 0.445527 0.643416 0.485384 0.771199 0.649912 0.584440 0.618038 0.664280 0.666278 0.702499 0.626409 0.835154 0.914662 0.865690 0.881001 0.967307 0.867933 0.756354 0.842607 0.984105 0.746351 0.891476 0.785522 0.975797 0.978763 0.866961 0.929482 0.832277 0.863922 0.997679 0.831336 0.819176 0.867236
0.823056 0.767204 0.650435 0.751798 0.952289 0.896083 0.532392 0.601828 0.812018 0.858605 0.959425 0.535016 0.485478 0.680654 0.000000 0.526678 0.860819 0.829533 0.636742 0.794006 0.872531 0.874972 0.435098 0.745649 0.984826 0.979661 0.997443 0.768396 0.634471 0.594059 0.540226 0.714695 0.595669 0.551797 0.696789 0.901223 0.918589 0.914404 0.897445 0.977604 0.897796 0.867564 0.611836 0.634905 0.691507 0.670576 0.643179 0.639280 0.641590 0.642666 0.617956 0.551887 0.780445 0.869794 0.663851 0.691530 0.842098 0.825120 0.647077 0.758036 0.436113 0.563174 0.656977 0.608656 0.704769 0.688788 0.675633 0.664756 0.999691 0.936672 0.775594 0.781156 0.820629 0.994860 0.907475 0.846552 0.640342 0.764334 0.712545 0.630480 0.758180 0.910247 0.826438 0.882398 0.718135 0.815183 0.946332 0.976775 0.835177 0.913675 0.973074 0.973478 0.847912 0.797189 0.816888 0.961206 0.878597 0.979693 0.670002 0.683032 0.843309 0.927433 0.910123 0.930081 0.893886 0.759723 0.794742 0.986453 0.871316 0.874256 0.819794 0.877896 0.812200 0.811016 0.540339 0.941375
0.860113 0.992107 0.752454 0.654575 0.867743 0.772797 0.710136 0.500914 0.779525 0.705744 0.746325 0.748555 0.675687 0.631117 0.526678 0.000000 0.983359 0.965594 0.962128 0.887790 0.939602 0.938913 0.642766 0.747883 0.959188 0.872778 0.919662 0.724001 0.912863 0.718189 0.580982 0.671026 0.874222 0.698504 0.883796 0.982566 0.839399 0.883506 0.758033 0.845487 0.691620 0.929124 0.818893 0.856789 0.850366 0.845144 0.917806 0.888993 0.919971 0.836991 0.720906 0.617561 0.668126 0.662463 0.926937 0.992111 0.935739 0.969527 0.871850 0.952091 0.676071 0.553794 0.903406 0.830441 0.951353 0.668027 0.889725 0.713269 0.814435 0.987415 0.644884 0.731816 0.782728 0.923151 0.830300 0.905648 0.724368 0.874641 0.858458 0.757514 0.964686 0.854906 0.901080 0.884710 0.830192 0.991659 0.967202 0.772716 0.906074 0.859214 0.958264 0.890926 0.814950 0.729554 0.891473 0.883361 0.925550 0.984017 0.837337 0.805789 0.837366 0.896752 0.951691 0.950017 0.892335 0.918443 0.806037 0.980717 0.840956 0.949683 0.985084 0.994882 0.851780 0.875004 0.687268 0.916076
0.415075 0.438832 0.925249 0.877904 0.710776 0.676971 0.939871 0.903177 0.436557 0.710777 0.572938 0.415173 0.832808 0.484212 0.860819 0.983359 0.000000 0.264381 0.423099 0.343676 0.758420 0.859120 0.845790 0.727017 0.778435 0.941968 0.817611 0.945794 0.542763 0.461850 0.926790 0.844486 0.510744 0.537942 0.937377 0.975411 0.802504 0.880736 0.729388 0.953855 0.989791 0.869815 0.849184 0.653569 0.875370 0.700463 0.553482 0.511818 0.652420 0.642143 0.841193 0.834990 0.942380 0.724187 0.641361 0.475098 0.384417 0.390022 0.473017 0.600758 0.932217 0.895215 0.473648 0.400311 0.761004 0.983902 0.674932 0.791536 0.554173 0.635703 0.827126 0.661118 0.887025 0.868394 0.953166 0.962429 0.919418 0.941500 0.492143 0.559764 0.332288 0.448389 0.480378 0.438134 0.477221 0.477042 0.942238 0.578258 0.786976 0.490371 0.601333 0.643102 0.589634 0.639183 0.858597 0.805884 0.892064 0.897119 0.991522 0.903080 0.786978 0.734911 0.859075 0.655363 0.821377 0.749959 0.985941 0.997337 0.824596 0.834210 0.903440 0.774785 0.998463 0.913751 0.956012 0.836945
0.333775 0.391573 0.864001 0.832583 0.698114 0.675395 0.942842 0.918585 0.410775 0.615420 0.469646 0.362960 0.695468 0.392874 0.829533 0.965594 0.264381 0.000000 0.355892 0.294397 0.742023 0.944690 0.844976 0.632071 0.769233 0.929638 0.864326 0.950446 0.596778 0.520437 0.956762 0.862208 0.511648 0.569240 0.928068 0.955946 0.873982 0.898968 0.728403 0.919972 0.959217 0.885377 0.920657 0.752278 0.933053 0.791691 0.643567 0.586619 0.719016 0.701132 0.951019 0.939395 0.849236 0.648004 0.579135 0.470194 0.328998 0.335640 0.448608 0.564490 0.902022 0.891483 0.433209 0.399839 0.689649 0.920532 0.678673 0.797693 0.484425 0.580111 0.760592 0.641904 0.854161 0.820992 0.964046 0.977007 0.985206 0.869090 0.497578 0.509074 0.264183 0.332981 0.486178 0.308224 0.397833 0.402359 0.815438 0.507681 0.754100 0.452477 0.605426 0.609881 0.617782 0.632202 0.839533 0.817567 0.867367 0.854994 0.952022 0.917029 0.724858 0.719074 0.945466 0.719166 0.809625 0.772022 0.953486 0.992131 0.726149 0.813828 0.897898 0.860805 0.940917 0.827280 0.917483 0.800067
0.437664 0.432124 0.672435 0.724613 0.840261 0.746817 0.771018 0.890228 0.638617 0.840105 0.641750 0.383063 0.595095 0.488340 0.636742 0.962128 0.423099 0.355892 0.000000 0.352724 0.724472 0.892872 0.494569 0.685856 0.718477 0.862562 0.769382 0.900315 0.512354 0.535233 0.689161 0.658246 0.340462 0.413746 0.757884 0.940020 0.794332 0.986062 0.755025 0.973463 0.945213 0.910772 0.582270 0.491705 0.694244 0.533864 0.396772 0.373408 0.508676 0.452593 0.682810 0.639981 0.952003 0.873831 0.518601 0.407646 0.442019 0.425541 0.374805 0.482674 0.704793 0.943616 0.413100 0.375489 0.626207 0.939506 0.497598 0.608754 0.569947 0.704671 0.977701 0.856354 0.948318 0.990156 0.936861 0.942915 0.756172 0.978869 0.500241 0.506589 0.398582 0.497022 0.518740 0.457233 0.397161 0.468604 0.867030 0.694814 0.748620 0.484145 0.776056 0.902437 0.751621 0.731287 0.730641 0.738064 0.766769 0.759260 0.727975 0.650062 0.878407 0.872769 0.742486 0.623113 0.680142 0.513589 0.890288 0.970210 0.912677 0.690450 0.739109 0.763430 0.776472 0.658687 0.721499 0.920740
0.290654 0.287612 0.708691 0.774329 0.584577 0.731734 0.897786 0.863135 0.513232 0.559030 0.503336 0.407269 0.724920 0.543095 0.794006 0.887790 0.343676 0.294397 0.352724 0.000000 0.657204 0.867791 0.788214 0.680394 0.639298 0.776670 0.689098 0.944513 0.650180 0.635864 0.935704 0.876871 0.507953 0.616771 0.860138 0.993912 0.795670 0.814284 0.705253 0.992832 0.889772 0.806637 0.838892 0.709591 0.982346 0.856397 0.598185 0.581361 0.783958 0.761721 0.991720 0.981817 0.726525 0.534485 0.609737 0.542729 0.298286 0.285677 0.519062 0.519984 0.996663 0.817674 0.558645 0.502163 0.567733 0.949586 0.759583 0.927951 0.353142 0.509287 0.753647 0.668747 0.913549 0.853693 0.979946 0.960893 0.896569 0.882017 0.526060 0.534251 0.287932 0.311535 0.558604 0.329864 0.387651 0.411174 0.960036 0.607227 0.782790 0.392220 0.595606 0.689029 0.696707 0.684018 0.893852 0.778208 0.849495 0.895322 0.947610 0.960034 0.653734 0.694774 0.936044 0.727092 0.794906 0.727834 0.949173 0.995216 0.874058 0.727273 0.853298 0.938814 0.934561 0.821475 0.938336 0.777751
0.619385 0.640585 0.641041 0.703081 0.742272 0.900769 0.931772 0.992208 0.833907 0.778673 0.783981 0.714295 0.827012 0.790961 0.872531 0.939602 0.758420 0.742023 0.724472 0.657204 0.000000 0.944696 0.873518 0.861618 0.601387 0.650011 0.870796 0.878692 0.868875 0.933094 0.861304 0.668628 0.692100 0.773183 0.974985 0.848634 0.840014 0.768605 0.796505 0.813641 0.997670 0.811621 0.839981 0.753209 0.994573 0.938261 0.807382 0.691789 0.939822 0.865557 0.985762 0.970747 0.933588 0.764669 0.685989 0.861036 0.583543 0.632201 0.722895 0.610814 0.980545 0.991199 0.871754 0.844020 0.675956 0.844825 0.892783 0.997770 0.611174 0.762142 0.905912 0.868889 0.976383 0.959128 0.931239 0.939095 0.815292 0.910667 0.777934 0.628622 0.710300 0.674596 0.691157 0.747625 0.765922 0.691854 0.835737 0.926863 0.810425 0.724403 0.788676 0.847872 0.980207 0.936584 0.926905 0.898365 0.820652 0.927384 0.908642 0.875693 0.807448 0.899016 0.892197 0.785632 0.898312 0.736835 0.820404 0.966016 0.805282 0.781214 0.910781 0.895170 0.976092 0.579946 0.738119 0.762593
0.897345 0.924906 0.939287 0.949061 0.979691 0.936774 0.977763 0.892562 0.865730 0.943840 0.999276 0.934313 0.963881 0.959677 0.874972 0.938913 0.859120 0.944690 0.892872 0.867791 0.944696 0.000000 0.842331 0.995619 0.880223 0.879514 0.857079 0.965100 0.821765 0.963408 0.953363 0.945473 0.960553 0.894967 0.885191 0.960041 0.884982 0.944345 0.985414 0.922455 0.824825 0.896860 0.923745 0.917088 0.985408 0.939064 0.821152 0.853797 0.956195 0.951510 0.996753 0.970377 0.923198 0.909884 0.937097 0.969128 0.964644 0.971071 0.980114 0.986318 0.912418 0.909876 0.987557 0.953740 0.977095 0.867954 0.901607 0.945619 0.853372 0.958806 0.929418 0.975173 0.971312 0.946424 0.992953 0.929987 0.873983 0.803677 0.926568 0.877410 0.842970 0.922233 0.921425 0.988086 0.917770 0.904372 0.971310 0.909190 0.980887 0.902016 0.927257 0.918033 0.997577 0.991148 0.954105 0.831730 0.970475 0.992419 0.911561 0.874793 0.932311 0.926157 0.956098 0.989880 0.873376 0.874457 0.992312 0.920854 0.877907 0.800061 0.909166 0.969648 0.991203 0.978049 0.968260 0.947201
0.895896 0.841304 0.674303 0.797651 0.847107 0.943585 0.462837 0.603313 0.868950 0.728078 0.913529 0.614588 0.553569 0.724182 0.435098 0.642766 0.845790 0.844976 0.494569 0.788214 0.873518 0.842331 0.000000 0.790907 0.930874 0.932061 0.946909 0.677789 0.593141 0.661306 0.392614 0.512136 0.477072 0.478499 0.672317 0.949051 0.890381 0.875893 0.913661 0.987070 0.826938 0.989546 0.408423 0.423602 0.472480 0.408075 0.405689 0.454132 0.434613 0.393184 0.430200 0.359289 0.619174 0.667673 0.609668 0.585939 0.953599 0.893067 0.581137 0.721719 0.525728 0.660413 0.598634 0.570403 0.829553 0.932629 0.460600 0.475731 0.981086 0.987484 0.615104 0.750742 0.732822 0.781748 0.882224 0.847241 0.509895 0.796223 0.686940 0.656493 0.806332 0.947584 0.797621 0.935444 0.664199 0.803798 0.976618 0.957438 0.882824 0.796506 0.882820 0.794809 0.979197 0.879696 0.698544 0.892877 0.837209 0.795962 0.460368 0.493998 0.903522 0.812285 0.685982 0.760503 0.730879 0.541844 0.864522 0.970695 0.894160 0.720837 0.770715 0.749400 0.567486 0.725536 0.462988 0.919200
0.586587 0.588074 0.680347 0.536706 0.832808 0.849060 0.987236 0.823623 0.662807 0.687549 0.877790 0.637968 0.653614 0.503069 0.745649 0.747883 0.727017 0.632071 0.685856 0.680394 0.861618 0.995619 0.790907 0.000000 0.668080 0.703922 0.774291 0.905316 0.992444 0.833931 0.991043 0.784193 0.791179 0.796642 0.801102 0.977042 0.898055 0.832513 0.639211 0.893619 0.951920 0.916734 0.872363 0.998024 0.849458 0.959737 0.855037 0.836043 0.963940 0.924146 0.994028 0.909176 0.875633 0.812340 0.775499 0.727436 0.562092 0.548833 0.586062 0.607124 0.901435 0.963428 0.756424 0.766845 0.771279 0.666605 0.772384 0.866882 0.664190 0.672415 0.811951 0.786377 0.730750 0.703376 0.968776 0.833567 0.919743 0.750272 0.811294 0.769407 0.702839 0.661951 0.693817 0.587959 0.694368 0.428145 0.813450 0.738893 0.670426 0.567780 0.668171 0.650644 0.798289 0.723107 0.990224 0.957160 0.943174 0.789205 0.997091 0.990767 0.664993 0.756696 0.925822 0.890026 0.945483 0.959008 0.916701 0.836152 0.803020 0.858705 0.884233 0.863836 0.915276 0.920724 0.893019 0.785573
0.569839 0.492607 0.428832 0.444322 0.671515 0.947827 0.759700 0.922502 0.735402 0.631828 0.895170 0.791672 0.902574 0.764317 0.984826 0.959188 0.778435 0.769233 0.718477 0.639298 0.601387 0.880223 0.930874 0.668080 0.000000 0.288492 0.568665 0.889621 0.853234 0.929943 0.860962 0.742419 0.813446 0.896539 0.735318 0.896562 0.584916 0.720851 0.599586 0.817109 0.893862 0.702747 0.884617 0.828130 0.683080 0.848948 0.776521 0.768028 0.799852 0.950647 0.748738 0.853438 0.692953 0.607657 0.848778 0.858707 0.531205 0.502448 0.770525 0.565391 0.703947 0.874218 0.818413 0.971561 0.586064 0.741590 0.980689 0.886566 0.443928 0.599840 0.983356 0.902438 0.927427 0.939177 0.959509 0.991319 0.751065 0.999078 0.770334 0.707069 0.729609 0.601074 0.878687 0.601213 0.842162 0.567084 0.811758 0.996117 0.837030 0.592203 0.542238 0.763206 0.798488 0.902605 0.981923 0.978453 0.749182 0.812843 0.922961 0.947149 0.656020 0.753163 0.951198 0.847409 0.864907 0.709658 0.766267 0.968478 0.916534 0.739560 0.910499 0.785063 0.989192 0.806028 0.838025 0.874730
0.774583 0.654383 0.474119 0.448749 0.747719 0.887429 0.851092 0.984388 0.877545 0.808978 0.952645 0.935999 0.961901 0.796478 0.979661 0.872778 0.941968 0.929638 0.862562 0.776670 0.650011 0.879514 0.932061 0.703922 0.288492 0.000000 0.635842 0.902549 0.814385 0.930055 0.780232 0.743900 0.902172 0.881632 0.748630 0.956194 0.513880 0.640401 0.591241 0.850027 0.971659 0.610540 0.849459 0.845515 0.731542 0.837349 0.830345 0.841535 0.783260 0.925247 0.799292 0.905013 0.828309 0.777256 0.852427 0.879981 0.730388 0.660573 0.939180 0.686726 0.688351 0.988282 0.753253 0.881670 0.720048 0.725736 0.953227 0.908028 0.554808 0.643847 0.871842 0.972638 0.959953 0.939469 0.922936 0.981846 0.714684 0.921686 0.811592 0.767174 0.846556 0.753283 0.996119 0.707697 0.999030 0.711571 0.822143 0.944033 0.805223 0.692221 0.711197 0.901987 0.934745 0.970901 0.969818 0.969612 0.704214 0.821526 0.955505 0.924491 0.682895 0.894451 0.979879 0.853162 0.781879 0.772234 0.765157 0.941665 0.978755 0.748456 0.920136 0.874792 0.974948 0.776753 0.837958 0.929974
0.709856 0.640120 0.706509 0.689371 0.825114 0.958338 0.897012 0.980726 0.789910 0.719618 0.934521 0.813872 0.898830 0.860209 0.997443 0.919662 0.817611 0.864326 0.769382 0.689098 0.870796 0.857079 0.946909 0.774291 0.568665 0.635842 0.000000 0.752778 0.919173 0.983826 0.916943 0.969871 0.988195 0.910659 0.906228 0.906708 0.715511 0.898010 0.791349 0.823426 0.991506 0.853775 0.904423 0.848102 0.848973 0.952878 0.841689 0.796990 0.927085 0.982907 0.878984 0.983764 0.805211 0.765958 0.832519 0.846444 0.703950 0.664245 0.814942 0.666619 0.850531 0.891085 0.989595 0.904902 0.797558 0.876952 0.917291 0.987680 0.700050 0.686306 0.974924 0.912452 0.921938 0.996866 0.811158 0.980112 0.823550 0.942206 0.887018 0.832879 0.872513 0.729886 0.907162 0.730812 0.827441 0.652544 0.961234 0.884795 0.825769 0.632277 0.764996 0.998204 0.949790 0.903361 0.981374 0.880412 0.774600 0.822456 0.999333 0.990733 0.814814 0.924238 0.885905 0.816310 0.904340 0.756301 0.985121 0.976612 0.955794 0.771939 0.691599 0.927877 0.986023 0.976912 0.857778 0.971049
0.915294 0.901731 0.994370 0.970147 0.897097 0.824123 0.832716 0.881933 0.930121 0.792061 0.866521 0.941525 0.799976 0.784892 0.768396 0.724001 0.945794 0.950446 0.900315 0.944513 0.878692 0.965100 0.677789 0.905316 0.889621 0.902549 0.752778 0.000000 0.894762 0.892716 0.759337 0.733189 0.772247 0.829129 0.967024 0.996283 0.844508 0.826754 0.981437 0.783262 0.929093 0.740047 0.908927 0.916782 0.758431 0.765243 0.841318 0.867675 0.773321 0.726756 0.700241 0.674579 0.808081 0.750446 0.841509 0.876479 0.905459 0.884304 0.859815 0.933976 0.763104 0.911093 0.779709 0.911910 0.901171 0.943252 0.787006 0.761466 0.819963 0.799954 0.986133 0.983558 0.995058 0.997362 0.979352 0.928944 0.854519 0.945845 0.939904 0.874331 0.995171 0.871360 0.816157 0.938857 0.964144 0.979082 0.933781 0.929250 0.990224 0.901128 0.973737 0.965090 0.937114 0.838142 0.949307 0.851713 0.983977 0.907853 0.819428 0.838155 0.921441 0.902780 0.992935 0.963228 0.885952 0.955296 0.918939 0.955723 0.870109 0.986736 0.935705 0.977010 0.871119 0.998633 0.918448 0.990321
0.797507 0.774204 0.943118 0.939172 0.956035 0.877208 0.564198 0.808968 0.885464 0.800919 0.780225 0.545940 0.763259 0.725060 0.634471 0.912863 0.542763 0.596778 0.512354 0.650180 0.868875 0.821765 0.593141 0.992444 0.853234 0.814385 0.919173 0.894762 0.000000 0.343225 0.669779 0.722910 0.457412 0.387296 0.902294 0.935762 0.974173 0.931664 0.989892 0.956611 0.992194 0.984024 0.567284 0.517253 0.512661 0.464324 0.518896 0.490830 0.423098 0.489691 0.523552 0.588633 0.714322 0.839659 0.646609 0.586864 0.782289 0.783232 0.607358 0.841228 0.568471 0.702363 0.467385 0.417190 0.901121 0.959262 0.561298 0.593698 0.952428 0.944986 0.779698 0.880391 0.791932 0.761384 0.949001 0.888576 0.738315 0.764218 0.600477 0.668085 0.613872 0.859038 0.577162 0.860987 0.737044 0.932271 0.975214 0.836971 0.846352 0.843895 0.955889 0.924751 0.807477 0.869108 0.783586 0.802516 0.829398 0.900893 0.684409 0.655344 0.844434 0.913394 0.749704 0.790401 0.715574 0.637380 0.838206 0.866025 0.990902 0.832593 0.800240 0.629253 0.708588 0.733648 0.711318 0.951500
0.754071 0.741423 0.943826 0.929114 0.961564 0.944083 0.676100 0.803112 0.773211 0.929775 0.786414 0.482674 0.747727 0.448323 0.594059 0.718189 0.461850 0.520437 0.535233 0.635864 0.933094 0.963408 0.661306 0.833931 0.929943 0.930055 0.983826 0.892716 0.343225 0.000000 0.695820 0.727527 0.489287 0.401522 0.899621 0.845450 0.826442 0.867319 0.880692 0.967521 0.874999 0.987280 0.711118 0.603671 0.649585 0.572620 0.592202 0.528918 0.557750 0.587764 0.618127 0.626691 0.762278 0.878742 0.601830 0.500175 0.746061 0.729470 0.594330 0.818412 0.600560 0.666934 0.488676 0.404489 0.948214 0.844804 0.628104 0.599158 0.915109 0.881038 0.893583 0.961873 0.800907 0.815531 0.910063 0.826041 0.800126 0.853343 0.557850 0.539957 0.539898 0.774891 0.518616 0.707768 0.766970 0.801432 0.901174 0.752769 0.736132 0.799031 0.882193 0.901363 0.723767 0.763988 0.806352 0.840276 0.859248 0.891735 0.820295 0.757016 0.956985 0.988041 0.845210 0.767530 0.825014 0.689292 0.845851 0.882462 0.938543 0.916244 0.834033 0.607633 0.836321 0.823876 0.770629 0.886627
0.898016 0.953969 0.656649 0.721170 0.857471 0.767308 0.535511 0.606871 0.751691 0.530965 0.775161 0.791661 0.788787 0.853004 0.540226 0.580982 0.926790 0.956762 0.689161 0.935704 0.861304 0.953363 0.392614 0.991043 0.860962 0.780232 0.916943 0.759337 0.669779 0.695820 0.000000 0.460396 0.522255 0.465189 0.690233 0.926063 0.710533 0.981098 0.903122 0.897943 0.777818 0.921238 0.357488 0.391546 0.534664 0.474314 0.469554 0.489102 0.570623 0.493879 0.450760 0.404242 0.562892 0.591924 0.715778 0.710240 0.944879 0.986732 0.752534 0.833673 0.703669 0.562880 0.816910 0.713214 0.957824 0.975166 0.614852 0.540768 0.897619 0.942035 0.490048 0.594814 0.620891 0.612932 0.929033 0.737863 0.430988 0.561853 0.663285 0.771610 0.969104 0.839111 0.942902 0.893245 0.989686 0.958219 0.780419 0.784665 0.970928 0.973308 0.926089 0.758367 0.930823 0.930489 0.666670 0.911444 0.746554 0.831926 0.461050 0.464203 0.956378 0.748504 0.659777 0.791257 0.796737 0.567070 0.670337 0.817391 0.747043 0.775949 0.769690 0.713393 0.548072 0.752855 0.501208 0.763768
0.905907 0.854418 0.652066 0.693217 0.984290 0.880960 0.729599 0.785525 0.984242 0.729612 0.900459 0.737618 0.783083 0.699638 0.714695 0.671026 0.844486 0.862208 0.658246 0.876871 0.668628 0.945473 0.512136 0.784193 0.742419 0.743900 0.969871 0.733189 0.722910 0.727527 0.460396 0.000000 0.531429 0.568069 0.851739 0.993435 0.820678 0.927356 0.887456 0.762552 0.770808 0.892703 0.605035 0.548499 0.654291 0.565325 0.485596 0.507144 0.634476 0.568654 0.610623 0.550800 0.712692 0.807784 0.649791 0.661068 0.830058 0.838274 0.619879 0.689182 0.836235 0.735323 0.763152 0.723174 0.973380 0.997518 0.652471 0.609902 0.888379 0.916233 0.720896 0.767615 0.795419 0.799096 0.957196 0.891358 0.575705 0.827013 0.699675 0.625736 0.799124 0.957529 0.706881 0.943047 0.919038 0.898489 0.769426 0.844241 0.971882 0.834771 0.918882 0.991962 0.848342 0.869668 0.788750 0.986462 0.722948 0.729769 0.612779 0.627420 0.998808 0.887497 0.680619 0.674874 0.957994 0.548887 0.920989 0.906987 0.985740 0.778738 0.752636 0.875467 0.618395 0.668072 0.590582 0.940791
0.607367 0.625809 0.760621 0.811020 0.932806 0.878528 0.693616 0.820164 0.794320 0.925709 0.816476 0.476196 0.698203 0.578209 0.595669 0.874222 0.510744 0.511648 0.340462 0.507953 0.692100 0.960553 0.477072 0.791179 0.813446 0.902172 0.988195 0.772247 0.457412 0.489287 0.522255 0.531429 0.000000 0.371071 0.703513 0.990355 0.857106 0.969822 0.853160 0.940376 0.832626 0.885426 0.514324 0.408913 0.556996 0.430294 0.394171 0.350946 0.435323 0.402072 0.523025 0.506932 0.788311 0.928278 0.578667 0.447338 0.587560 0.594792 0.441748 0.564850 0.656829 0.791149 0.464658 0.419344 0.729414 0.975825 0.474251 0.552171 0.740530 0.809503 0.896332 0.970508 0.917408 0.882080 0.950907 0.893308 0.710772 0.775801 0.470774 0.537467 0.523936 0.706551 0.534452 0.620555 0.569424 0.643741 0.947743 0.841253 0.824687 0.615610 0.821129 0.955687 0.781928 0.732358 0.718273 0.819425 0.770741 0.833625 0.621017 0.565204 0.931773 0.943436 0.714053 0.634142 0.689835 0.567958 0.907658 0.945752 0.956615 0.751864 0.767667 0.709090 0.689302 0.586217 0.668523 0.980372
0.734243 0.669698 0.750282 0.751623 0.958142 0.987966 0.550084 0.619894 0.851946 0.777348 0.928615 0.502287 0.658817 0.531984 0.551797 0.698504 0.537942 0.569240 0.413746 0.616771 0.773183 0.894967 0.478499 0.796642 0.896539 0.881632 0.910659 0.829129 0.387296 0.401522 0.465189 0.568069 0.371071 0.000000 0.768878 0.792304 0.740443 0.908120 0.738017 0.926520 0.820943 0.813543 0.437580 0.352574 0.497234 0.406428 0.384097 0.371507 0.438056 0.385299 0.443709 0.423323 0.637202 0.749324 0.556324 0.452173 0.713449 0.706364 0.468429 0.700347 0.574531 0.597201 0.451377 0.359011 0.845259 0.906018 0.450546 0.478430 0.901976 0.850955 0.734591 0.887664 0.804793 0.767968 0.928024 0.853846 0.588284 0.673824 0.516579 0.580380 0.630906 0.875158 0.622764 0.751898 0.748941 0.748943 0.938849 0.908220 0.757656 0.725438 0.887240 0.979736 0.782572 0.703911 0.689642 0.765647 0.712645 0.738834 0.532502 0.502008 0.974402 0.923022 0.707137 0.668594 0.704970 0.522513 0.749099 0.958091 0.955517 0.705539 0.817747 0.679027 0.687317 0.644428 0.562232 0.884004
0.859897 0.830737 0.738306 0.721964 0.959740 0.921981 0.833400 0.827958 0.947628 0.932350 0.941050 0.804769 0.809353 0.829901 0.696789 0.883796 0.937377 0.928068 0.757884 0.860138 0.974985 0.885191 0.672317 0.801102 0.735318 0.748630 0.906228 0.967024 0.902294 0.899621 0.690233 0.851739 0.703513 0.768878 0.000000 0.953604 0.846284 0.916357 0.837436 0.870477 0.825396 0.868589 0.648796 0.649563 0.812812 0.766656 0.680589 0.689540 0.843582 0.729275 0.770540 0.782376 0.856064 0.909501 0.819136 0.723648 0.871306 0.853369 0.795563 0.759052 0.844224 0.829101 0.878263 0.831487 0.805954 0.871699 0.726702 0.779058 0.950979 0.947632 0.753250 0.969099 0.935302 0.836372 0.961507 0.924460 0.659013 0.716604 0.843632 0.841751 0.887823 0.936929 0.988189 0.872752 0.852749 0.825391 0.989492 0.939932 0.825639 0.819079 0.887852 0.956729 0.897756 0.822028 0.869523 0.977470 0.837841 0.854163 0.747955 0.711347 0.898864 0.970696 0.752416 0.777089 0.769719 0.825541 0.869057 0.980269 0.942812 0.816545 0.756729 0.816848 0.687912 0.836809 0.694243 0.898531
0.885046 0.884006 0.834482 0.898867 0.714696 0.952112 0.909847 0.964670 0.867901 0.940230 0.936843 0.981505 0.986428 0.878719 0.901223 0.982566 0.975411 0.955946 0.940020 0.993912 0.848634 0.960041 0.949051 0.977042 0.896562 0.956194 0.906708 0.996283 0.935762 0.845450 0.926063 0.993435 0.990355 0.792304 0.953604 0.000000 0.888780 0.948307 0.958749 0.945944 0.747498 0.902810 0.948657 0.890176 0.802575 0.859257 0.925011 0.821237 0.912202 0.860111 0.827710 0.858910 0.793856 0.722101 0.891310 0.799982 0.826501 0.875828 0.910693 0.917370 0.949206 0.936811 0.856876 0.914458 0.766642 0.948305 0.816425 0.735000 0.786755 0.964229 0.943367 0.910508 0.881092 0.880503 0.848475 0.976422 0.999206 0.905406 0.997817 0.990112 0.907592 0.891068 0.957771 0.991584 0.955234 0.948576 0.933998 0.915367 0.997570 0.915306 0.904146 0.878357 0.861682 0.961890 0.966592 0.704048 0.868564 0.713470 0.848312 0.806298 0.714029 0.832281 0.772495 0.699487 0.935626 0.800918 0.994565 0.943493 0.975263 0.901849 0.889186 0.775471 0.938844 0.919107 0.953726 0.795136
0.869416 0.776704 0.588302 0.518929 0.850042 0.830086 0.989202 0.917265 0.918324 0.939327 0.941163 0.917734 0.919769 0.821018 0.918589 0.839399 0.802504 0.873982 0.794332 0.795670 0.840014 0.884982 0.890381 0.898055 0.584916 0.513880 0.715511 0.844508 0.974173 0.826442 0.710533 0.820678 0.857106 0.740443 0.846284 0.888780 0.000000 0.722179 0.669142 0.746572 0.984586 0.799608 0.735898 0.709433 0.940598 0.981923 0.817988 0.737264 0.903183 0.981880 0.938838 0.974986 0.973730 0.968295 0.782834 0.809866 0.852480 0.818957 0.965934 0.953336 0.807055 0.983145 0.884992 0.968573 0.864432 0.835479 0.928810 0.933810 0.772326 0.739279 0.799238 0.710354 0.710680 0.759083 0.981649 0.836868 0.753696 0.813861 0.781073 0.803157 0.827558 0.844804 0.919216 0.840316 0.983569 0.834013 0.814412 0.939023 0.788259 0.851696 0.852484 0.942467 0.774509 0.954155 0.930538 0.943343 0.892149 0.737762 0.921926 0.835051 0.875921 0.984276 0.816004 0.680115 0.760746 0.626476 0.726389 0.829250 0.887594 0.860264 0.975470 0.937777 0.963147 0.827072 0.733839 0.894965
0.900431 0.807326 0.807475 0.709912 0.823340 0.873629 0.925102 0.888227 0.881828 0.848426 0.950329 0.909004 0.884173 0.833784 0.914404 0.883506 0.880736 0.898968 0.986062 0.814284 0.768605 0.944345 0.875893 0.832513 0.720851 0.640401 0.898010 0.826754 0.931664 0.867319 0.981098 0.927356 0.969822 0.908120 0.916357 0.948307 0.722179 0.000000 0.748486 0.906543 0.942280 0.638490 0.983393 0.984041 0.797846 0.803508 0.897356 0.928533 0.797749 0.789071 0.830754 0.783713 0.918542 0.867049 0.977585 0.993707 0.807841 0.779755 0.887351 0.977247 0.794521 0.892217 0.877170 0.999843 0.905534 0.732801 0.853593 0.846392 0.690622 0.654659 0.951617 0.989053 0.836436 0.852833 0.922833 0.874640 0.963263 0.929109 0.750750 0.852764 0.852079 0.769096 0.811078 0.868894 0.913162 0.919311 0.760402 0.973439 0.778642 0.861343 0.885423 0.803607 0.976947 0.946839 0.890503 0.889924 0.982712 0.878334 0.892684 0.914799 0.862975 0.847822 0.887698 0.882213 0.990639 0.873489 0.831301 0.738256 0.968855 0.891583 0.877589 0.794590 0.814554 0.762198 0.956814 0.810984
