0.000000 0.267106 0.541403 0.639329 0.969008 0.831676 0.547316 0.485888 0.931028 0.727778 0.310839 0.279454 0.390922 0.443514 0.496708 0.479870 0.320503 0.231872 0.371888 0.285952 0.726707 0.842312 0.510017 0.654849 0.777440 0.726200 0.933323 0.957248 0.265980 0.265825 0.478480 0.473816 0.414307 0.370133 0.724955 0.850181 0.539495 0.703949 0.732965 0.757815 0.705054 0.831526 0.568681 0.493514 0.605717 0.516046 0.504126 0.420676 0.774442 0.679771 0.715750 0.757221 0.776792 0.912766 0.665361 0.796078 0.357050 0.338029 0.510179 0.422095 0.316313 0.377057 0.269588 0.305227 0.560742 0.497853 0.563554 0.411163 0.402687 0.351011 0.538103 0.595984 0.460438 0.526226 0.743016 0.798938 0.520253 0.590884 0.528853 0.383480 0.268103 0.288981 0.408029 0.479234 0.511610 0.524237 0.793573 0.936523 0.884613 0.580248 0.982188 0.965110 0.907714 0.973767 0.563272 0.645828 0.611995 0.850488 0.598241 0.608630 0.751180 0.671403 0.569095 0.667892 0.549002 0.572117 0.898785 0.899416 0.972480 0.737240 0.874618 0.675484 0.673652 0.707053 0.779825 0.929191
0.267106 0.000000 0.754077 0.797013 0.928774 0.942938 0.660105 0.561454 0.927689 0.681197 0.408687 0.354494 0.628947 0.592585 0.656369 0.596313 0.205071 0.209773 0.458567 0.349416 0.796833 0.831991 0.635975 0.812478 0.948655 0.887611 0.833381 0.958094 0.314239 0.288057 0.577174 0.603196 0.476216 0.442329 0.820753 0.745628 0.708937 0.649213 0.888008 0.891052 0.801328 0.649340 0.549874 0.494872 0.586411 0.535208 0.592881 0.470474 0.657305 0.679804 0.683249 0.743592 0.795502 0.864127 0.868194 0.936692 0.186443 0.185062 0.512660 0.468966 0.488374 0.513027 0.230560 0.205518 0.839546 0.733576 0.620453 0.461798 0.524080 0.369722 0.490629 0.502084 0.516247 0.524372 0.828484 0.718239 0.540127 0.379499 0.513796 0.517958 0.255694 0.437335 0.403427 0.491511 0.696777 0.761657 0.705865 0.817613 0.984977 0.768688 0.885818 0.887679 0.823547 0.952805 0.585573 0.734256 0.674444 0.690495 0.548553 0.530554 0.736990 0.667854 0.467851 0.579582 0.524317 0.510910 0.769505 0.798523 0.938280 0.805454 0.791460 0.637058 0.732017 0.801924 0.786163 0.949141
0.541403 0.754077 0.000000 0.223047 0.979362 0.568440 0.202156 0.300943 0.610126 0.496581 0.513921 0.608671 0.421419 0.574919 0.521735 0.526794 0.786733 0.622382 0.392949 0.477027 0.715123 0.801660 0.347648 0.386658 0.622881 0.365406 0.889696 0.911776 0.706308 0.576240 0.316830 0.404132 0.368085 0.334716 0.591279 0.730022 0.640925 0.749154 0.487473 0.777628 0.923029 0.994891 0.350178 0.359652 0.388791 0.394433 0.375279 0.382951 0.640031 0.547225 0.578835 0.551828 0.606770 0.766301 0.639870 0.580152 0.887348 0.884556 0.508742 0.529277 0.427407 0.495251 0.714952 0.810105 0.282063 0.265819 0.267532 0.330667 0.763185 0.635135 0.482913 0.487476 0.577798 0.534125 0.751307 0.802944 0.515206 0.771565 0.578277 0.463897 0.686324 0.516657 0.831118 0.818020 0.614309 0.484643 0.894982 0.970898 0.833947 0.610648 0.597822 0.636824 0.616638 0.574734 0.642544 0.651060 0.367401 0.847496 0.460192 0.447658 0.549570 0.501763 0.599024 0.629372 0.474943 0.543894 0.690854 0.686283 0.930473 0.859152 0.802888 0.606474 0.481038 0.663735 0.690373 0.901918
0.639329 0.797013 0.223047 0.000000 0.961816 0.580785 0.257506 0.304543 0.627258 0.482336 0.595615 0.677188 0.494512 0.525159 0.515455 0.491730 0.862265 0.674860 0.386715 0.494077 0.640207 0.740497 0.368660 0.361223 0.704546 0.396452 0.873655 0.972892 0.711842 0.623441 0.372797 0.429708 0.383306 0.351110 0.645519 0.697779 0.663919 0.810378 0.598671 0.848205 0.995353 0.925225 0.365366 0.381245 0.474806 0.466717 0.414927 0.432945 0.648364 0.558528 0.632155 0.577432 0.659647 0.757470 0.712501 0.666868 0.928796 0.919588 0.507770 0.597005 0.561543 0.574953 0.799183 0.890237 0.372004 0.295335 0.332102 0.398041 0.875189 0.710043 0.470257 0.469908 0.665461 0.575700 0.850452 0.731394 0.479107 0.710840 0.584607 0.532523 0.782811 0.576018 0.892114 0.817549 0.690293 0.492871 0.966099 0.920489 0.872157 0.622985 0.523797 0.532363 0.564326 0.481362 0.755344 0.607138 0.433182 0.765561 0.468055 0.408084 0.522619 0.554176 0.612878 0.573370 0.518283 0.612994 0.725976 0.699514 0.955888 0.851510 0.860636 0.606421 0.474600 0.574277 0.746057 0.854571
0.969008 0.928774 0.979362 0.961816 0.000000 0.944425 0.907272 0.876863 0.978613 0.868040 0.919944 0.910388 0.897846 0.921916 0.974759 0.914832 0.886082 0.909416 0.921070 0.991855 0.943164 0.936306 0.899713 0.951465 0.853750 0.908767 0.990090 0.953549 0.911344 0.922805 0.985800 0.931470 0.969946 0.955974 0.957790 0.959800 0.763973 0.948225 0.868943 0.959574 0.849728 0.924938 0.851611 0.880459 0.857792 0.811545 0.986638 0.878884 0.697918 0.763905 0.846907 0.798120 0.829564 0.744500 0.998419 0.918584 0.914243 0.880097 0.842601 0.837834 0.852582 0.865267 0.812766 0.854366 0.969571 0.924536 0.947011 0.928330 0.944982 0.975033 0.859006 0.866022 0.972829 0.978696 0.959540 0.917151 0.917114 0.962771 0.806610 0.978086 0.832203 0.921427 0.886238 0.966396 0.999575 0.995855 0.966654 0.960915 0.954798 0.913451 0.887544 0.901929 0.915277 0.991982 0.882926 0.975199 0.936578 0.827418 0.869986 0.739352 0.874578 0.953960 0.952575 0.795092 0.925903 0.934278 0.824000 0.977070 0.730313 0.883809 0.964008 0.721293 0.759093 0.915148 0.916752 0.967410
0.831676 0.942938 0.568440 0.580785 0.944425 0.000000 0.568185 0.742148 0.803297 0.734961 0.823490 0.753921 0.627075 0.794164 0.674316 0.529178 0.988872 0.850052 0.642037 0.736286 0.835895 0.796538 0.607200 0.601580 0.753917 0.495138 0.767486 0.654210 0.896471 0.831988 0.696697 0.729299 0.631914 0.573523 0.714863 0.916373 0.949487 0.977733 0.747347 0.898973 0.995840 0.916161 0.647876 0.594800 0.762648 0.805193 0.789120 0.675897 0.941246 0.764976 0.852256 0.747806 0.798561 0.860710 0.842426 0.827692 0.926473 0.943388 0.871506 0.842343 0.802781 0.894298 0.932882 0.978612 0.593376 0.621231 0.645262 0.724063 0.905254 0.763714 0.786459 0.701160 0.807564 0.670344 0.758287 0.828721 0.802750 0.854459 0.813211 0.583055 0.851411 0.681050 0.985273 0.952534 0.695856 0.575120 0.863042 0.759242 0.927350 0.787280 0.707431 0.703851 0.723806 0.667830 0.766804 0.622538 0.676550 0.882605 0.740297 0.701749 0.909595 0.741932 0.885418 0.750613 0.667082 0.790184 0.887897 0.892505 0.992055 0.868014 0.985385 0.806606 0.688671 0.891621 0.915138 0.975304
0.547316 0.660105 0.202156 0.257506 0.907272 0.568185 0.000000 0.212362 0.546289 0.323249 0.560125 0.625227 0.481542 0.683781 0.594542 0.564089 0.698717 0.573178 0.379290 0.460458 0.741261 0.818079 0.294543 0.479833 0.762887 0.483239 0.989115 0.892006 0.692710 0.561825 0.318797 0.451241 0.306033 0.260053 0.532873 0.614102 0.658540 0.776757 0.678686 0.833605 0.956420 0.928509 0.221901 0.236934 0.239299 0.262442 0.346018 0.309656 0.468457 0.415283 0.443109 0.407870 0.471172 0.620279 0.680394 0.582945 0.752098 0.757072 0.378194 0.426789 0.394934 0.442084 0.602639 0.680235 0.366182 0.328791 0.174906 0.242815 0.864577 0.611960 0.338664 0.336202 0.653630 0.520851 0.808475 0.736053 0.385069 0.689438 0.504177 0.473794 0.628940 0.560363 0.819265 0.814812 0.684513 0.606306 0.982083 0.931792 0.848268 0.724678 0.421600 0.463915 0.445152 0.442915 0.621835 0.579109 0.318107 0.735877 0.283956 0.293082 0.411350 0.421825 0.482855 0.497695 0.354272 0.399688 0.549070 0.596079 0.836556 0.877073 0.695229 0.490629 0.412762 0.613767 0.600631 0.882191
0.485888 0.561454 0.300943 0.304543 0.876863 0.742148 0.212362 0.000000 0.543640 0.289234 0.462571 0.551831 0.497139 0.593034 0.633197 0.591289 0.615404 0.504647 0.400057 0.378869 0.808102 0.808522 0.393650 0.550655 0.943406 0.637180 0.851083 0.821143 0.580964 0.512112 0.427601 0.473561 0.358654 0.314067 0.668582 0.643915 0.694823 0.812001 0.812965 0.893498 0.877493 0.816920 0.309622 0.352669 0.340688 0.352455 0.460213 0.403395 0.504707 0.486205 0.530976 0.505349 0.582664 0.665665 0.776132 0.674248 0.638003 0.617741 0.356799 0.421480 0.397264 0.356670 0.530242 0.558553 0.516693 0.380017 0.283757 0.308193 0.835024 0.567842 0.351952 0.385574 0.696667 0.614944 0.859648 0.791230 0.414129 0.633873 0.544800 0.573388 0.590984 0.554037 0.788779 0.786503 0.782118 0.693920 0.983741 0.912199 0.818860 0.704047 0.420043 0.466121 0.433584 0.459287 0.569625 0.626316 0.352945 0.664116 0.268794 0.265280 0.355038 0.441190 0.407139 0.456302 0.373404 0.400909 0.565861 0.600906 0.866469 0.802203 0.706939 0.455093 0.388071 0.582839 0.624983 0.901106
0.931028 0.927689 0.610126 0.627258 0.978613 0.803297 0.546289 0.543640 0.000000 0.422292 0.950119 0.983490 0.886406 0.921083 0.974669 0.957982 0.882028 0.875113 0.953654 0.980465 0.936674 0.906569 0.818782 0.935893 0.946422 0.842145 0.884067 0.875798 0.857054 0.866466 0.768421 0.926096 0.864393 0.767529 0.821572 0.774782 0.948957 0.932042 0.992539 0.886219 0.789948 0.980233 0.622694 0.667994 0.586795 0.596180 0.773422 0.796189 0.536703 0.513999 0.521831 0.505474 0.492077 0.542210 0.985665 0.843480 0.820403 0.873153 0.550085 0.680242 0.767664 0.698440 0.986688 0.982989 0.824305 0.727696 0.615354 0.730744 0.813845 0.962511 0.712455 0.727350 0.908957 0.981230 0.992594 0.951466 0.810010 0.909679 0.928543 0.882942 0.837444 0.810483 0.774523 0.748699 0.769349 0.924030 0.964503 0.860275 0.764827 0.862616 0.511912 0.610667 0.624540 0.510862 0.815258 0.863503 0.632118 0.837090 0.551989 0.566273 0.662769 0.599776 0.716601 0.695772 0.675327 0.691474 0.591124 0.598120 0.975784 0.873068 0.773177 0.688312 0.619382 0.907906 0.641926 0.844408
0.727778 0.681197 0.496581 0.482336 0.868040 0.734961 0.323249 0.289234 0.422292 0.000000 0.682528 0.699864 0.651585 0.872903 0.771989 0.726915 0.715099 0.704473 0.592589 0.587307 0.946321 0.883627 0.520322 0.738859 0.865311 0.836858 0.878325 0.796869 0.756396 0.682697 0.632260 0.646881 0.551378 0.483972 0.765454 0.579907 0.874869 0.930343 0.913629 0.918849 0.916516 0.872677 0.396124 0.426542 0.388112 0.427835 0.571047 0.493654 0.407513 0.443028 0.519966 0.498213 0.556240 0.624225 0.864083 0.760680 0.771303 0.768269 0.447415 0.534857 0.582891 0.522141 0.687961 0.681964 0.756578 0.602693 0.436936 0.511798 0.929213 0.680976 0.429652 0.434130 0.863772 0.755847 0.888428 0.797449 0.549842 0.618548 0.634831 0.643874 0.726852 0.764812 0.940582 0.859466 0.992442 0.952527 0.927969 0.932477 0.833207 0.832727 0.397845 0.447323 0.466704 0.478827 0.619354 0.651263 0.368324 0.674167 0.305847 0.290769 0.410409 0.432926 0.467143 0.516490 0.511533 0.452730 0.540769 0.606555 0.859991 0.957402 0.720369 0.544825 0.483170 0.809737 0.673378 0.821371
0.310839 0.408687 0.513921 0.595615 0.919944 0.823490 0.560125 0.462571 0.950119 0.682528 0.000000 0.357475 0.377222 0.520990 0.573880 0.561550 0.528909 0.402491 0.424550 0.329262 0.840888 0.885650 0.635470 0.701173 0.922436 0.817239 0.927899 0.975830 0.419083 0.387604 0.583621 0.602669 0.539152 0.511811 0.841897 0.889893 0.660703 0.808532 0.787199 0.860696 0.755422 0.986857 0.654392 0.606287 0.658071 0.583048 0.631625 0.582127 0.834309 0.715886 0.804586 0.804453 0.825643 0.917749 0.747369 0.786749 0.548331 0.485288 0.588046 0.511267 0.379592 0.387366 0.422747 0.474841 0.634861 0.529578 0.648170 0.479565 0.512361 0.551871 0.640424 0.622281 0.535607 0.656407 0.742129 0.815400 0.542516 0.625093 0.643917 0.504044 0.448851 0.393410 0.616431 0.627234 0.721222 0.683727 0.859094 0.902162 0.891073 0.658820 0.935515 0.960137 0.918957 0.954793 0.685821 0.668883 0.634930 0.960155 0.639816 0.611909 0.745507 0.594336 0.587333 0.697028 0.573681 0.634678 0.888760 0.922876 0.997064 0.823275 0.869389 0.695748 0.694079 0.709329 0.793899 0.954520
0.279454 0.354494 0.608671 0.677188 0.910388 0.753921 0.625227 0.551831 0.983490 0.699864 0.357475 0.000000 0.320112 0.411739 0.392097 0.311882 0.384665 0.292321 0.427346 0.395477 0.789887 0.821223 0.456705 0.580152 0.824892 0.756738 0.995908 0.941807 0.278108 0.269565 0.558477 0.504062 0.462985 0.433238 0.875522 0.990029 0.706519 0.869007 0.827217 0.906352 0.869289 0.897748 0.608755 0.539342 0.709232 0.574643 0.620593 0.470181 0.814078 0.651169 0.726957 0.692448 0.784378 0.780870 0.786995 0.868317 0.514721 0.465929 0.611869 0.506424 0.323450 0.379759 0.291126 0.345646 0.611737 0.502765 0.698348 0.546797 0.586234 0.430726 0.631816 0.622010 0.389082 0.458864 0.653079 0.698422 0.612087 0.506667 0.569429 0.417443 0.339713 0.330473 0.465438 0.546913 0.504476 0.505351 0.768296 0.955681 0.914496 0.633717 0.975911 0.987118 0.968893 0.904202 0.624006 0.697709 0.651756 0.864342 0.682107 0.605261 0.803918 0.703146 0.670108 0.795916 0.515621 0.573332 0.919065 0.979647 0.911242 0.744271 0.944596 0.649701 0.659295 0.793367 0.742089 0.988926
0.390922 0.628947 0.421419 0.494512 0.897846 0.627075 0.481542 0.497139 0.886406 0.651585 0.377222 0.320112 0.000000 0.439739 0.394575 0.342182 0.721417 0.555739 0.440176 0.512039 0.789755 0.908709 0.446219 0.484748 0.762646 0.585536 0.849769 0.989873 0.499713 0.439467 0.584106 0.571599 0.523530 0.497489 0.838800 0.972690 0.717337 0.901097 0.663393 0.814244 0.925233 0.907128 0.588570 0.520771 0.685992 0.537920 0.540049 0.478367 0.797344 0.521527 0.664030 0.609601 0.690497 0.742414 0.664940 0.675330 0.820227 0.720502 0.564984 0.468517 0.287089 0.360923 0.511804 0.614224 0.400595 0.353222 0.620311 0.526047 0.601565 0.581806 0.695051 0.662979 0.461333 0.562594 0.767011 0.783792 0.680583 0.734337 0.615396 0.438475 0.571353 0.374522 0.686622 0.683341 0.532158 0.416677 0.875744 0.770978 0.729181 0.567629 0.928288 0.943636 0.964933 0.917220 0.689360 0.662884 0.560634 0.972734 0.705669 0.604931 0.720703 0.617673 0.716141 0.839332 0.588512 0.668858 0.949461 0.983987 0.873170 0.769531 0.998070 0.766450 0.615174 0.728135 0.826038 0.942932
0.443514 0.592585 0.574919 0.525159 0.921916 0.794164 0.683781 0.593034 0.921083 0.872903 0.520990 0.411739 0.439739 0.000000 0.310803 0.330537 0.702688 0.493227 0.406568 0.428262 0.709267 0.742306 0.488018 0.455358 0.688301 0.587261 0.938744 0.905153 0.400794 0.407075 0.561036 0.507535 0.503071 0.514269 0.942594 0.984709 0.729478 0.921621 0.706725 0.793719 0.895630 0.813651 0.698746 0.669955 0.918442 0.785427 0.600340 0.644225 0.967790 0.925829 0.993148 0.922295 0.974927 0.932380 0.665692 0.831742 0.744972 0.726678 0.766277 0.756767 0.566960 0.582458 0.639155 0.674457 0.484546 0.426170 0.724475 0.672792 0.605228 0.522090 0.720483 0.763641 0.500382 0.612041 0.798202 0.755289 0.655692 0.718246 0.684199 0.517341 0.581543 0.359902 0.527178 0.450347 0.436275 0.331546 0.959598 0.822017 0.859366 0.491252 0.983935 0.989119 0.945064 0.993316 0.690209 0.735059 0.748085 0.773586 0.836368 0.724578 0.746838 0.772664 0.814959 0.901134 0.693184 0.736827 0.912365 0.945373 0.897726 0.762063 0.929046 0.811164 0.737041 0.766206 0.888401 0.909597
0.496708 0.656369 0.521735 0.515455 0.974759 0.674316 0.594542 0.633197 0.974669 0.771989 0.573880 0.392097 0.394575 0.310803 0.000000 0.308486 0.690511 0.506433 0.430908 0.504566 0.719664 0.725556 0.344384 0.368159 0.617417 0.556584 0.792746 0.851795 0.480530 0.413876 0.452893 0.389086 0.448406 0.464774 0.818184 0.967402 0.780247 0.980902 0.704907 0.887301 0.942884 0.979388 0.612505 0.597725 0.807433 0.688070 0.540592 0.560961 0.906461 0.849274 0.951240 0.855312 0.942995 0.956042 0.705759 0.787273 0.834318 0.839131 0.780126 0.784574 0.536910 0.657831 0.644581 0.736262 0.482833 0.467096 0.674327 0.642565 0.683329 0.650928 0.690399 0.772040 0.467075 0.563652 0.755759 0.751890 0.648351 0.713337 0.526333 0.512035 0.554762 0.398609 0.515590 0.513784 0.443218 0.350815 0.975773 0.785647 0.978648 0.655726 0.976969 0.942418 0.959278 0.944934 0.756441 0.731629 0.692539 0.874667 0.832028 0.707399 0.849151 0.838512 0.908777 0.951688 0.672533 0.757565 0.939900 0.866490 0.966469 0.813568 0.943246 0.815832 0.703596 0.843953 0.862231 0.900260
0.479870 0.596313 0.526794 0.491730 0.914832 0.529178 0.564089 0.591289 0.957982 0.726915 0.561550 0.311882 0.342182 0.330537 0.308486 0.000000 0.637151 0.495342 0.362489 0.484603 0.708273 0.676701 0.335274 0.354129 0.592263 0.521273 0.843377 0.786160 0.432578 0.384969 0.509820 0.453920 0.413120 0.378474 0.849728 0.977154 0.744498 0.911056 0.724402 0.841556 0.984933 0.926980 0.534646 0.460917 0.755820 0.604873 0.543733 0.478552 0.839838 0.647817 0.753354 0.652814 0.766465 0.797447 0.650554 0.790124 0.787027 0.746975 0.627411 0.657554 0.484384 0.565977 0.555495 0.638617 0.447360 0.406174 0.626404 0.611956 0.690276 0.495944 0.617278 0.637538 0.453487 0.470932 0.674159 0.723779 0.623130 0.670366 0.575768 0.427400 0.554411 0.392215 0.655561 0.599034 0.427448 0.318949 0.779024 0.850444 0.980259 0.614040 0.905697 0.900637 0.931793 0.969785 0.698265 0.633259 0.638287 0.768598 0.726671 0.586709 0.848450 0.695933 0.762741 0.857959 0.558062 0.653530 0.980624 0.992038 0.917158 0.705081 0.958982 0.719244 0.597790 0.766655 0.835472 0.969284
0.320503 0.205071 0.786733 0.862265 0.886082 0.988872 0.698717 0.615404 0.882028 0.715099 0.528909 0.384665 0.721417 0.702688 0.690511 0.637151 0.000000 0.211226 0.495317 0.399560 0.798225 0.810470 0.634817 0.839386 0.881790 0.906350 0.866024 0.940472 0.338415 0.312248 0.596691 0.566715 0.493478 0.469984 0.850758 0.776454 0.745370 0.675919 0.919218 0.921931 0.769480 0.656073 0.579047 0.549927 0.615214 0.583361 0.639667 0.472363 0.691560 0.730695 0.732445 0.798144 0.842044 0.902933 0.895513 0.976137 0.214533 0.256461 0.559652 0.582853 0.556499 0.594939 0.262421 0.258209 0.870990 0.795403 0.665469 0.539024 0.513117 0.406077 0.542310 0.561953 0.531577 0.545205 0.770850 0.706544 0.576605 0.484848 0.500009 0.572004 0.239308 0.467029 0.411294 0.551021 0.674013 0.802099 0.746503 0.761182 0.922278 0.865202 0.959924 0.953169 0.906823 0.952299 0.638981 0.760466 0.679641 0.706475 0.630800 0.607102 0.828661 0.734601 0.510905 0.641035 0.553499 0.543603 0.818105 0.859940 0.970411 0.764969 0.830839 0.684282 0.773248 0.782800 0.773193 0.944216
0.231872 0.209773 0.622382 0.674860 0.909416 0.850052 0.573178 0.504647 0.875113 0.704473 0.402491 0.292321 0.555739 0.493227 0.506433 0.495342 0.211226 0.000000 0.350447 0.248525 0.729931 0.762322 0.477360 0.641120 0.796286 0.761662 0.945789 0.899714 0.250534 0.204901 0.486878 0.475749 0.383909 0.337979 0.732453 0.841906 0.662481 0.691989 0.791061 0.899985 0.725210 0.751140 0.512329 0.465528 0.587494 0.539898 0.582702 0.406689 0.729633 0.715351 0.763795 0.790775 0.823324 0.914877 0.813683 0.915554 0.253425 0.269263 0.569930 0.534413 0.451713 0.511548 0.246745 0.259522 0.698660 0.621061 0.575395 0.423040 0.526866 0.419218 0.486234 0.523518 0.468517 0.467899 0.780668 0.621884 0.479226 0.463596 0.487221 0.431988 0.226653 0.302972 0.370384 0.468056 0.530001 0.607039 0.788634 0.888012 0.939241 0.701365 0.876898 0.872946 0.807097 0.957377 0.567667 0.737099 0.665527 0.710709 0.578647 0.542885 0.750941 0.666415 0.527499 0.619475 0.477653 0.508898 0.809231 0.900811 0.964038 0.768449 0.870517 0.598624 0.682526 0.693476 0.781323 0.922015
0.371888 0.458567 0.392949 0.386715 0.921070 0.642037 0.379290 0.400057 0.953654 0.592589 0.424550 0.427346 0.440176 0.406568 0.430908 0.362489 0.495317 0.350447 0.000000 0.281361 0.601965 0.709832 0.361782 0.434662 0.634091 0.568625 0.955613 0.891137 0.385422 0.334941 0.398349 0.370960 0.301496 0.282988 0.742209 0.691639 0.636227 0.807781 0.658095 0.895535 0.913772 0.809977 0.426660 0.399120 0.542020 0.502671 0.425572 0.368773 0.709452 0.661977 0.775515 0.752230 0.824515 0.958018 0.798081 0.807570 0.543465 0.562577 0.518939 0.563625 0.506875 0.589469 0.476533 0.585318 0.487157 0.457689 0.437819 0.461305 0.592468 0.471957 0.461544 0.485012 0.559950 0.525694 0.717412 0.709337 0.452277 0.563191 0.545080 0.441101 0.482043 0.374270 0.656191 0.588104 0.571324 0.497656 0.875466 0.944854 0.960711 0.672790 0.764301 0.755087 0.740322 0.777986 0.721304 0.562598 0.546643 0.710572 0.547981 0.437997 0.603484 0.579908 0.564687 0.591485 0.509012 0.566035 0.886675 0.865181 0.996211 0.843493 0.857395 0.662644 0.568809 0.635327 0.800507 0.990993
0.285952 0.349416 0.477027 0.494077 0.991855 0.736286 0.460458 0.378869 0.980465 0.587307 0.329262 0.395477 0.512039 0.428262 0.504566 0.484603 0.399560 0.248525 0.281361 0.000000 0.689936 0.715832 0.447854 0.555121 0.789898 0.667904 0.921211 0.880567 0.339747 0.290073 0.445514 0.402480 0.368772 0.310984 0.677169 0.763377 0.631791 0.726337 0.708652 0.920464 0.742787 0.806172 0.485671 0.446902 0.565931 0.556374 0.504176 0.431258 0.756274 0.741305 0.837093 0.839336 0.856139 0.992732 0.791335 0.839574 0.412912 0.429028 0.548907 0.576662 0.504277 0.541833 0.414307 0.442767 0.610849 0.528419 0.497737 0.444179 0.556994 0.433270 0.485713 0.503619 0.549132 0.532469 0.692258 0.713337 0.451328 0.560431 0.578235 0.429738 0.389011 0.314071 0.533063 0.569450 0.621748 0.581482 0.816943 0.953722 0.944622 0.606777 0.778343 0.752814 0.727899 0.806046 0.566914 0.624127 0.574780 0.692219 0.510632 0.486971 0.631407 0.565374 0.484220 0.563507 0.492300 0.541565 0.863038 0.870146 0.997966 0.801222 0.781227 0.639452 0.628752 0.680307 0.773887 0.984688
0.726707 0.796833 0.715123 0.640207 0.943164 0.835895 0.741261 0.808102 0.936674 0.946321 0.840888 0.789887 0.789755 0.709267 0.719664 0.708273 0.798225 0.729931 0.601965 0.689936 0.000000 0.835059 0.672098 0.652566 0.673305 0.713707 0.822813 0.857449 0.837624 0.717242 0.656406 0.660212 0.684443 0.622933 0.832507 0.915240 0.719426 0.864371 0.669937 0.897026 0.906174 0.921831 0.745774 0.739429 0.828430 0.805064 0.622316 0.677388 0.933028 0.915931 0.933221 0.936844 0.961025 0.918127 0.933491 0.903058 0.790845 0.848764 0.776579 0.776128 0.798057 0.886883 0.752735 0.874370 0.672577 0.717109 0.712250 0.736750 0.860309 0.726055 0.853053 0.839396 0.713383 0.772849 0.767613 0.791593 0.829790 0.859465 0.781542 0.727751 0.818774 0.703958 0.761821 0.690945 0.748899 0.664676 0.917869 0.947447 0.932158 0.824733 0.992787 0.959925 0.941053 0.975556 0.962872 0.669159 0.841684 0.983328 0.910802 0.761850 0.957055 0.983961 0.781442 0.815642 0.955932 0.874325 0.952636 0.980345 0.909873 0.924667 0.868842 0.947202 0.904491 0.800897 0.900902 0.879169
0.842312 0.831991 0.801660 0.740497 0.936306 0.796538 0.818079 0.808522 0.906569 0.883627 0.885650 0.821223 0.908709 0.742306 0.725556 0.676701 0.810470 0.762322 0.709832 0.715832 0.835059 0.000000 0.774087 0.713180 0.813822 0.837715 0.853810 0.813053 0.806368 0.772378 0.701730 0.693495 0.723348 0.714795 0.731464 0.820594 0.947841 0.658311 0.938266 0.982664 0.940708 0.996656 0.748993 0.767096 0.847247 0.844085 0.878598 0.791986 0.915062 0.914404 0.978169 0.914651 0.946786 0.968890 0.918898 0.947219 0.914235 0.900932 0.860815 0.949911 0.947927 0.983263 0.889566 0.931049 0.832990 0.787117 0.795782 0.820364 0.962343 0.821218 0.753094 0.790823 0.828733 0.786678 0.925898 0.946586 0.890428 0.807057 0.913432 0.772457 0.851682 0.832750 0.869794 0.932662 0.904168 0.811061 0.938516 0.985886 0.981227 0.946497 0.825449 0.896086 0.858790 0.872138 0.864668 0.855526 0.956941 0.766656 0.842106 0.801350 0.866734 0.844562 0.807921 0.704776 0.803270 0.851267 0.964910 0.973420 0.918614 0.836020 0.987299 0.881639 0.867527 0.790016 0.946384 0.886225
0.510017 0.635975 0.347648 0.368660 0.899713 0.607200 0.294543 0.393650 0.818782 0.520322 0.635470 0.456705 0.446219 0.488018 0.344384 0.335274 0.634817 0.477360 0.361782 0.447854 0.672098 0.774087 0.000000 0.325090 0.601106 0.450032 0.944014 0.996918 0.536533 0.383965 0.283247 0.301496 0.263667 0.253448 0.600755 0.828254 0.640354 0.906614 0.656418 0.871380 0.988548 0.926039 0.309683 0.299920 0.431798 0.380648 0.359548 0.329194 0.616234 0.591111 0.627734 0.545173 0.637627 0.769510 0.612047 0.658055 0.745108 0.761678 0.544334 0.569116 0.411880 0.534305 0.556061 0.620700 0.376104 0.379934 0.341785 0.383085 0.798173 0.538817 0.418071 0.440823 0.490741 0.410328 0.726498 0.717954 0.418145 0.669335 0.471228 0.453644 0.533135 0.436079 0.603913 0.624392 0.474876 0.430955 0.996497 0.945412 0.966099 0.710427 0.667795 0.722451 0.693363 0.800297 0.583611 0.618812 0.413568 0.724947 0.498112 0.430342 0.644248 0.617590 0.606821 0.669338 0.405732 0.458064 0.691362 0.861586 0.887913 0.796049 0.750068 0.569727 0.488279 0.733010 0.665628 0.958346
0.654849 0.812478 0.386658 0.361223 0.951465 0.601580 0.479833 0.550655 0.935893 0.738859 0.701173 0.580152 0.484748 0.455358 0.368159 0.354129 0.839386 0.641120 0.434662 0.555121 0.652566 0.713180 0.325090 0.000000 0.543836 0.425629 0.876693 0.990364 0.678608 0.505728 0.435836 0.401035 0.439460 0.426714 0.758790 0.961805 0.758527 0.879601 0.549678 0.858859 0.959952 0.957516 0.548189 0.534477 0.720922 0.672481 0.536998 0.527670 0.860437 0.792134 0.861568 0.782366 0.891778 0.943327 0.755695 0.689687 0.945347 0.977896 0.783098 0.799891 0.618529 0.750605 0.817094 0.882255 0.409749 0.388973 0.532353 0.594589 0.839433 0.703602 0.627631 0.657743 0.513357 0.513013 0.790100 0.789806 0.640109 0.776222 0.626391 0.542913 0.698378 0.483580 0.783806 0.692110 0.506630 0.388655 0.974072 0.796389 0.950426 0.729475 0.772719 0.771850 0.802377 0.840111 0.749916 0.770999 0.596344 0.734097 0.742862 0.623316 0.727930 0.810727 0.798070 0.899963 0.720669 0.734182 0.887146 0.947942 0.954503 0.795141 0.933838 0.771813 0.640601 0.699509 0.930703 0.975423
0.777440 0.948655 0.622881 0.704546 0.853750 0.753917 0.762887 0.943406 0.946422 0.865311 0.922436 0.824892 0.762646 0.688301 0.617417 0.592263 0.881790 0.796286 0.634091 0.789898 0.673305 0.813822 0.601106 0.543836 0.000000 0.439995 0.694792 0.805704 0.809958 0.737201 0.509833 0.522856 0.640073 0.675331 0.625647 0.982816 0.696816 0.785972 0.546411 0.740433 0.989336 0.932653 0.747844 0.716372 0.839358 0.801042 0.664228 0.652538 0.960475 0.964580 0.920879 0.918070 0.980271 0.899300 0.777377 0.858386 0.993202 0.972922 0.872212 0.900561 0.807307 0.963257 0.886157 0.998510 0.509291 0.649192 0.686993 0.777811 0.768926 0.783716 0.948975 0.940781 0.532743 0.638780 0.725022 0.981576 0.820654 0.972256 0.779850 0.673158 0.842062 0.714304 0.733438 0.871805 0.533734 0.483978 0.889394 0.930280 0.912410 0.818284 0.805970 0.785306 0.835619 0.874622 0.972512 0.887202 0.803123 0.994247 0.960204 0.988448 0.891995 0.972454 0.990986 0.898427 0.864669 0.916672 0.922714 0.992910 0.951107 0.916449 0.961748 0.984739 0.979978 0.862495 0.885686 0.936645
0.726200 0.887611 0.365406 0.396452 0.908767 0.495138 0.483239 0.637180 0.842145 0.836858 0.817239 0.756738 0.585536 0.587261 0.556584 0.521273 0.906350 0.761662 0.568625 0.667904 0.713707 0.837715 0.450032 0.425629 0.439995 0.000000 0.693416 0.825300 0.837511 0.697432 0.402658 0.461520 0.468421 0.495236 0.647439 0.834738 0.735338 0.814389 0.472414 0.633217 0.956140 0.848724 0.518722 0.481847 0.676351 0.666018 0.563517 0.534676 0.866627 0.745273 0.715612 0.684308 0.739542 0.850065 0.671972 0.708328 0.976779 0.992411 0.716883 0.762063 0.688483 0.808341 0.868183 0.975397 0.347545 0.405356 0.457119 0.537949 0.860450 0.706572 0.682484 0.569219 0.568923 0.498586 0.776066 0.892309 0.673805 0.876646 0.654940 0.559206 0.827007 0.574777 0.790424 0.830167 0.531169 0.367314 0.914014 0.807389 0.850298 0.653052 0.786107 0.787212 0.803210 0.671381 0.783475 0.798039 0.592012 0.819225 0.738395 0.705277 0.819556 0.656613 0.802754 0.817489 0.572268 0.757546 0.809582 0.871768 0.921335 0.760680 0.967167 0.844473 0.673667 0.802249 0.839630 0.875689
0.933323 0.833381 0.889696 0.873655 0.990090 0.767486 0.989115 0.851083 0.884067 0.878325 0.927899 0.995908 0.849769 0.938744 0.792746 0.843377 0.866024 0.945789 0.955613 0.921211 0.822813 0.853810 0.944014 0.876693 0.694792 0.693416 0.000000 0.774303 0.991015 0.930678 0.912048 0.947363 0.984325 0.963032 0.956070 0.770399 0.897042 0.918694 0.797516 0.888355 0.891050 0.948748 0.974886 0.975055 0.884693 0.920353 0.972107 0.974993 0.956666 0.977754 0.952698 0.965780 0.963117 0.917162 0.885437 0.872020 0.774153 0.769481 0.935632 0.929117 0.964038 0.885802 0.861976 0.766672 0.741465 0.829968 0.969055 0.898863 0.954701 0.974550 0.791296 0.840453 0.939124 0.966054 0.824446 0.947228 0.945490 0.841463 0.947887 0.896192 0.915752 0.856461 0.972891 0.990269 0.664666 0.657864 0.991090 0.718994 0.883692 0.857804 0.852450 0.957643 0.860760 0.959162 0.815295 0.993705 0.898613 0.703268 0.779460 0.861119 0.817635 0.973238 0.704088 0.809415 0.896578 0.738788 0.847175 0.811768 0.836005 0.955254 0.758150 0.880607 0.877027 0.991789 0.896193 0.962057
0.957248 0.958094 0.911776 0.972892 0.953549 0.654210 0.892006 0.821143 0.875798 0.796869 0.975830 0.941807 0.989873 0.905153 0.851795 0.786160 0.940472 0.899714 0.891137 0.880567 0.857449 0.813053 0.996918 0.990364 0.805704 0.825300 0.774303 0.000000 0.932426 0.928786 0.984337 0.971859 0.951093 0.922855 0.881635 0.901066 0.945669 0.982915 0.945823 0.979124 0.962972 0.993041 0.956246 0.961913 0.851470 0.913542 0.922860 0.980002 0.886214 0.967087 0.919751 0.961346 0.962233 0.955415 0.963806 0.813829 0.937055 0.935596 0.996026 0.951451 0.892079 0.801840 0.949285 0.994803 0.955642 0.870706 0.922222 0.898584 0.887540 0.925075 0.980860 0.899583 0.941168 0.894193 0.825935 0.909164 0.926528 0.948555 0.989613 0.909124 0.958617 0.934283 0.960638 0.989719 0.908285 0.836401 0.782506 0.898945 0.734960 0.884701 0.855504 0.879842 0.832070 0.908476 0.923979 0.801662 0.938296 0.982355 0.934067 0.955767 0.680439 0.896154 0.954426 0.936491 0.994736 0.911605 0.835700 0.715549 0.806284 0.961616 0.891137 0.886621 0.896672 0.942352 0.937613 0.987184
0.265980 0.314239 0.706308 0.711842 0.911344 0.896471 0.692710 0.580964 0.857054 0.756396 0.419083 0.278108 0.499713 0.400794 0.480530 0.432578 0.338415 0.250534 0.385422 0.339747 0.837624 0.806368 0.536533 0.678608 0.809958 0.837511 0.991015 0.932426 0.000000 0.237106 0.586982 0.499109 0.493487 0.442279 0.832831 0.914433 0.650672 0.784356 0.851914 0.941987 0.753190 0.804402 0.653806 0.610914 0.760569 0.657836 0.646741 0.515556 0.794053 0.805848 0.877428 0.877377 0.921563 0.987180 0.723160 0.850190 0.398763 0.392126 0.672851 0.589761 0.482471 0.510133 0.329974 0.342782 0.727573 0.625285 0.723152 0.605234 0.484051 0.409865 0.583808 0.663621 0.501174 0.603281 0.719526 0.791327 0.537250 0.486103 0.661057 0.491785 0.281825 0.330966 0.452681 0.458469 0.523377 0.578203 0.769515 0.995930 0.981935 0.582000 0.978890 0.976586 0.966471 0.958495 0.624686 0.755394 0.718782 0.811434 0.719517 0.657829 0.776125 0.724870 0.705043 0.729670 0.603219 0.630309 0.987184 0.987629 0.927114 0.669963 0.879109 0.659775 0.741808 0.708355 0.830747 0.909661
0.265825 0.288057 0.576240 0.623441 0.922805 0.831988 0.561825 0.512112 0.866466 0.682697 0.387604 0.269565 0.439467 0.407075 0.413876 0.384969 0.312248 0.204901 0.334941 0.290073 0.717242 0.772378 0.383965 0.505728 0.737201 0.697432 0.930678 0.928786 0.237106 0.000000 0.435543 0.398034 0.336848 0.342867 0.742555 0.826693 0.623037 0.744470 0.671665 0.930011 0.759848 0.791395 0.505970 0.451015 0.623305 0.548540 0.553029 0.411738 0.767120 0.718264 0.801075 0.783293 0.846832 0.939222 0.719232 0.820025 0.381753 0.375422 0.648981 0.568229 0.426059 0.485349 0.312681 0.317242 0.631094 0.552623 0.584209 0.458424 0.471072 0.392770 0.468562 0.521518 0.383105 0.389271 0.756647 0.647024 0.485066 0.485612 0.521481 0.429674 0.271417 0.270439 0.412921 0.393237 0.523209 0.546254 0.846817 0.958747 0.966911 0.658931 0.913837 0.938468 0.900903 0.961894 0.538783 0.682526 0.551542 0.688492 0.614535 0.535377 0.719193 0.637265 0.570085 0.719323 0.546148 0.518469 0.888483 0.950374 0.995319 0.703802 0.820322 0.618922 0.651029 0.695029 0.813200 0.961831
0.478480 0.577174 0.316830 0.372797 0.985800 0.696697 0.318797 0.427601 0.768421 0.632260 0.583621 0.558477 0.584106 0.561036 0.452893 0.509820 0.596691 0.486878 0.398349 0.445514 0.656406 0.701730 0.283247 0.435836 0.509833 0.402658 0.912048 0.984337 0.586982 0.435543 0.000000 0.285080 0.241636 0.282460 0.506417 0.686732 0.590364 0.690970 0.575455 0.767944 0.911384 0.864549 0.297662 0.283381 0.354532 0.350254 0.344363 0.326420 0.603525 0.627307 0.585809 0.568860 0.624853 0.812922 0.662994 0.710105 0.682999 0.704882 0.532704 0.539761 0.449231 0.552100 0.550805 0.621099 0.405525 0.413781 0.283886 0.316954 0.795648 0.555842 0.400273 0.416502 0.437482 0.384619 0.689795 0.763600 0.417373 0.649202 0.480033 0.437628 0.551522 0.539428 0.559205 0.655217 0.622114 0.534418 0.930932 0.897809 0.960036 0.671714 0.740329 0.836089 0.761879 0.803733 0.663769 0.674801 0.423888 0.745141 0.484725 0.493610 0.638428 0.602504 0.593769 0.603431 0.445259 0.503482 0.681919 0.729161 0.950375 0.820993 0.684374 0.625787 0.520160 0.652505 0.564530 0.954220
0.473816 0.603196 0.404132 0.429708 0.931470 0.729299 0.451241 0.473561 0.926096 0.646881 0.602669 0.504062 0.571599 0.507535 0.389086 0.453920 0.566715 0.475749 0.370960 0.402480 0.660212 0.693495 0.301496 0.401035 0.522856 0.461520 0.947363 0.971859 0.499109 0.398034 0.285080 0.000000 0.332627 0.360815 0.582029 0.789861 0.623362 0.817533 0.592592 0.864078 0.915330 0.801347 0.465232 0.469866 0.560286 0.587188 0.483618 0.470117 0.773717 0.857802 0.863126 0.845586 0.920060 0.932604 0.717993 0.766149 0.682761 0.758746 0.679193 0.749929 0.572752 0.690842 0.611193 0.672248 0.505228 0.507872 0.474025 0.533135 0.680588 0.543508 0.553236 0.562677 0.462553 0.483094 0.686586 0.869112 0.582006 0.643326 0.577077 0.518320 0.533557 0.462608 0.632330 0.683650 0.593103 0.536089 0.997692 0.923365 0.994049 0.739006 0.864973 0.913141 0.855295 0.900576 0.703212 0.708588 0.481053 0.745308 0.629556 0.610002 0.729703 0.725580 0.623194 0.659363 0.590521 0.654848 0.859343 0.873076 0.969832 0.760450 0.764611 0.710233 0.635847 0.729875 0.705978 0.912697
0.414307 0.476216 0.368085 0.383306 0.969946 0.631914 0.306033 0.358654 0.864393 0.551378 0.539152 0.462985 0.523530 0.503071 0.448406 0.413120 0.493478 0.383909 0.301496 0.368772 0.684443 0.723348 0.263667 0.439460 0.640073 0.468421 0.984325 0.951093 0.493487 0.336848 0.241636 0.332627 0.000000 0.212087 0.602479 0.649092 0.589582 0.722343 0.678811 0.838290 0.935058 0.802927 0.263256 0.234958 0.347725 0.337943 0.334920 0.305860 0.586440 0.565337 0.565627 0.519745 0.618167 0.753349 0.652435 0.667105 0.586853 0.581643 0.479490 0.486591 0.414235 0.460215 0.452440 0.530279 0.402985 0.379880 0.273715 0.294763 0.751721 0.447288 0.330721 0.360477 0.475009 0.359374 0.765114 0.674862 0.362684 0.608615 0.434570 0.428645 0.473347 0.430592 0.563265 0.596520 0.525935 0.480607 0.938691 0.919409 0.977979 0.703614 0.624444 0.694084 0.630182 0.730007 0.602973 0.614552 0.405290 0.638503 0.398712 0.387887 0.531403 0.510904 0.525004 0.574285 0.336139 0.400973 0.696677 0.705561 0.991389 0.763786 0.693405 0.568100 0.460757 0.656862 0.579857 0.893870
0.370133 0.442329 0.334716 0.351110 0.955974 0.573523 0.260053 0.314067 0.767529 0.483972 0.511811 0.433238 0.497489 0.514269 0.464774 0.378474 0.469984 0.337979 0.282988 0.310984 0.622933 0.714795 0.253448 0.426714 0.675331 0.495236 0.963032 0.922855 0.442279 0.342867 0.282460 0.360815 0.212087 0.000000 0.558357 0.699253 0.589468 0.701527 0.672448 0.874833 0.866118 0.846551 0.273764 0.231241 0.360194 0.334472 0.359876 0.291263 0.548938 0.517465 0.554591 0.533928 0.605534 0.756756 0.657672 0.677188 0.546482 0.551935 0.423908 0.460675 0.400956 0.473876 0.417318 0.491638 0.428322 0.391000 0.279726 0.272450 0.731370 0.440038 0.344330 0.380823 0.542486 0.446209 0.754727 0.695402 0.368311 0.565832 0.435476 0.365984 0.421439 0.393711 0.582936 0.583494 0.528742 0.482114 0.817110 0.881250 0.998274 0.699384 0.621486 0.616051 0.617394 0.672923 0.549169 0.582749 0.451470 0.636825 0.394962 0.365007 0.594501 0.523631 0.514617 0.527869 0.345028 0.398636 0.695547 0.694600 0.977205 0.742345 0.711421 0.518257 0.465824 0.595685 0.619932 0.970109
0.724955 0.820753 0.591279 0.645519 0.957790 0.714863 0.532873 0.668582 0.821572 0.765454 0.841897 0.875522 0.838800 0.942594 0.818184 0.849728 0.850758 0.732453 0.742209 0.677169 0.832507 0.731464 0.600755 0.758790 0.625647 0.647439 0.956070 0.881635 0.832831 0.742555 0.506417 0.582029 0.602479 0.558357 0.000000 0.783426 0.625706 0.714479 0.742459 0.855935 0.976776 0.945780 0.539779 0.553159 0.489803 0.581221 0.680264 0.576392 0.759032 0.711804 0.689442 0.674945 0.734790 0.818936 0.792585 0.787990 0.812395 0.807925 0.688839 0.662057 0.702906 0.805567 0.726023 0.762486 0.728211 0.744344 0.497342 0.520550 0.878207 0.815715 0.625971 0.610994 0.765030 0.637030 0.932905 0.917183 0.685265 0.768165 0.707362 0.676180 0.742611 0.796530 0.927525 0.996730 0.846754 0.840648 0.873088 0.790552 0.978000 0.877529 0.707000 0.806410 0.704550 0.703677 0.703915 0.840403 0.667905 0.835188 0.560512 0.697571 0.773603 0.803605 0.740037 0.651066 0.612108 0.613674 0.734393 0.721166 0.769187 0.850135 0.651962 0.670216 0.780127 0.799619 0.822592 0.784178
0.850181 0.745628 0.730022 0.697779 0.959800 0.916373 0.614102 0.643915 0.774782 0.579907 0.889893 0.990029 0.972690 0.984709 0.967402 0.977154 0.776454 0.841906 0.691639 0.763377 0.915240 0.820594 0.828254 0.961805 0.982816 0.834738 0.770399 0.901066 0.914433 0.826693 0.686732 0.789861 0.649092 0.699253 0.783426 0.000000 0.835048 0.575505 0.899404 0.950757 0.931438 0.883648 0.595781 0.593189 0.531568 0.660164 0.669982 0.665439 0.685840 0.681201 0.712436 0.733334 0.814252 0.845852 0.891545 0.953223 0.743399 0.733712 0.653589 0.754105 0.917588 0.828540 0.829432 0.801184 0.874831 0.858703 0.525054 0.589337 0.923610 0.769521 0.499026 0.489236 0.950836 0.805892 0.989463 0.972793 0.604396 0.697997 0.727514 0.904568 0.826000 0.920217 0.962982 0.866843 0.882082 0.965619 0.848770 0.894653 0.965017 0.941645 0.588450 0.623428 0.601484 0.609572 0.878311 0.674347 0.686283 0.640436 0.516244 0.531083 0.605464 0.569493 0.615365 0.597395 0.706820 0.677587 0.666731 0.648210 0.925224 0.932257 0.689195 0.746077 0.687701 0.716352 0.707907 0.801436
0.539495 0.708937 0.640925 0.663919 0.763973 0.949487 0.658540 0.694823 0.948957 0.874869 0.660703 0.706519 0.717337 0.729478 0.780247 0.744498 0.745370 0.662481 0.636227 0.631791 0.719426 0.947841 0.640354 0.758527 0.696816 0.735338 0.897042 0.945669 0.650672 0.623037 0.590364 0.623362 0.589582 0.589468 0.625706 0.835048 0.000000 0.762860 0.690129 0.818200 0.900500 0.932869 0.706244 0.663087 0.690274 0.682294 0.624046 0.616825 0.878160 0.794315 0.804177 0.837941 0.870086 0.973338 0.799640 0.879675 0.726340 0.740351 0.674674 0.681000 0.640077 0.669592 0.661268 0.715818 0.673812 0.679436 0.627834 0.579236 0.790230 0.714752 0.666122 0.747198 0.704504 0.690937 0.864271 0.898773 0.573380 0.771433 0.729672 0.766169 0.686714 0.711144 0.836166 0.843746 0.778949 0.761310 0.937819 0.766663 0.962613 0.743839 0.953421 0.899851 0.879972 0.902647 0.770634 0.735551 0.761216 0.917921 0.716482 0.735759 0.945269 0.819570 0.630857 0.741934 0.606876 0.672085 0.965866 0.819785 0.969924 0.786354 0.841899 0.701336 0.771837 0.866611 0.775414 0.782509
0.703949 0.649213 0.749154 0.810378 0.948225 0.977733 0.776757 0.812001 0.932042 0.930343 0.808532 0.869007 0.901097 0.921621 0.980902 0.911056 0.675919 0.691989 0.807781 0.726337 0.864371 0.658311 0.906614 0.879601 0.785972 0.814389 0.918694 0.982915 0.784356 0.744470 0.690970 0.817533 0.722343 0.701527 0.714479 0.575505 0.762860 0.000000 0.730974 0.864224 0.793865 0.997655 0.691087 0.654651 0.626632 0.662140 0.705334 0.689433 0.772389 0.665142 0.643643 0.708526 0.739493 0.779103 0.804270 0.820595 0.653341 0.640751 0.730026 0.705060 0.776351 0.805635 0.661381 0.698373 0.795205 0.781921 0.642658 0.566104 0.829727 0.704521 0.640530 0.701557 0.723726 0.671195 0.975365 0.992799 0.817464 0.713612 0.822310 0.834662 0.726914 0.819681 0.781484 0.904212 0.863929 0.857453 0.861188 0.918006 0.976208 0.955972 0.891680 0.864211 0.863636 0.843398 0.861459 0.793709 0.866989 0.813628 0.765835 0.785058 0.832927 0.716839 0.712166 0.792506 0.789654 0.697755 0.835921 0.789849 0.903157 0.911033 0.732540 0.803552 0.881300 0.724441 0.781761 0.775824
