0.000000 0.294136 0.970253 0.786911 0.954906 0.806748 0.997555 0.878856 0.872496 0.905170 0.525404 0.426206 0.442127 0.468695 0.683422 0.557391 0.422368 0.400587 0.402392 0.337244 0.922213 0.729292 0.761223 0.783306 0.767171 0.874976 0.766523 0.950202 0.653259 0.571183 0.917851 0.919560 0.809924 0.817105 0.966510 0.932163 0.725618 0.586005 0.902308 0.599691 0.793213 0.894440 0.807614 0.717022 0.975559 0.801109 0.555987 0.621803 0.715582 0.478579 0.679982 0.476949 0.801537 0.963249 0.756437 0.738363 0.367358 0.319917 0.586271 0.514584 0.812925 0.842416 0.666329 0.549259 0.973230 0.943477 0.904090 0.950660 0.355087 0.386326 0.942756 0.993828 0.848650 0.683142 0.751568 0.903221 0.814456 0.895743 0.640272 0.555085 0.333375 0.311567 0.471431 0.407058 0.569080 0.682996 0.797431 0.794662 0.892034 0.587085 0.924091 0.964900 0.824466 0.926198 0.968432 0.907645 0.885324 0.908493 0.796148 0.898445 0.819200 0.940733 0.644416 0.758917 0.958454 0.916316 0.966022 0.997210 0.834182 0.777366 0.955453 0.949011 0.979695 0.799438 0.788554 0.930605
0.294136 0.000000 0.988223 0.833460 0.907459 0.725339 0.948390 0.888162 0.874142 0.910308 0.552820 0.436731 0.551162 0.534191 0.811744 0.612841 0.413983 0.361065 0.386812 0.356160 0.880192 0.780580 0.806417 0.832741 0.805148 0.794731 0.782328 0.864075 0.644918 0.625972 0.895073 0.902987 0.836042 0.771370 0.928755 0.982819 0.823801 0.554165 0.951239 0.668750 0.847355 0.951398 0.696046 0.600585 0.900952 0.676975 0.558173 0.613498 0.600177 0.382433 0.559052 0.406074 0.693739 0.882775 0.819689 0.752944 0.251049 0.239454 0.589911 0.494587 0.863702 0.893894 0.661511 0.548300 0.929594 0.866724 0.908249 0.942896 0.491658 0.398461 0.938326 0.957372 0.996915 0.775438 0.857012 0.947621 0.778909 0.872928 0.617182 0.553419 0.340361 0.342461 0.537975 0.385670 0.607893 0.735954 0.890681 0.823008 0.916457 0.669178 0.929910 0.981490 0.883660 0.915445 0.922092 0.990713 0.985322 0.874355 0.835661 0.837385 0.889191 0.920475 0.599953 0.779657 0.978761 0.971757 0.973912 0.979598 0.972877 0.730272 0.798671 0.913095 0.862032 0.667253 0.789532 0.933819
0.970253 0.988223 0.000000 0.407451 0.899591 0.807608 0.461551 0.491975 0.484585 0.912736 0.875042 0.979719 0.781463 0.833414 0.938111 0.867771 0.882569 0.868250 0.811112 0.929437 0.916762 0.999957 0.653543 0.733298 0.626209 0.499893 0.878440 0.933449 0.921367 0.930809 0.685498 0.722280 0.631487 0.686244 0.754023 0.832940 0.760148 0.993839 0.925056 0.989007 0.955750 0.997282 0.703081 0.726922 0.741557 0.771540 0.654978 0.751513 0.850315 0.943378 0.954933 0.916119 0.847184 0.877994 0.919474 0.897536 0.990069 0.894608 0.875586 0.894361 0.492257 0.523322 0.914923 0.918082 0.416062 0.361129 0.561047 0.521628 0.965742 0.949579 0.726276 0.732920 0.754836 0.773288 0.874979 0.911094 0.779010 0.809870 0.897646 0.880815 0.853637 0.930489 0.982625 0.883886 0.817488 0.690156 0.944399 0.939368 0.927948 0.996554 0.623989 0.796041 0.687905 0.830548 0.861312 0.952427 0.822258 0.953764 0.661511 0.705146 0.704519 0.899425 0.991722 0.830178 0.710805 0.890390 0.875039 0.841442 0.750282 0.931097 0.812171 0.855197 0.777339 0.854389 0.751501 0.993007
0.786911 0.833460 0.407451 0.000000 0.933715 0.882197 0.544684 0.392612 0.505326 0.812949 0.857687 0.753927 0.615452 0.614662 0.773608 0.611426 0.976270 0.988957 0.662275 0.789845 0.985379 0.845226 0.451784 0.605100 0.668583 0.623385 0.931865 0.980262 0.995767 0.944509 0.681695 0.595302 0.636691 0.684682 0.774818 0.839465 0.719338 0.913132 0.895235 0.862695 0.905038 0.992613 0.563598 0.536855 0.744032 0.638198 0.526928 0.574862 0.984426 0.762627 0.703055 0.676174 0.684929 0.655767 0.867519 0.994030 0.874472 0.958704 0.730095 0.754381 0.529041 0.451227 0.997089 0.880944 0.516151 0.450473 0.617661 0.577566 0.846864 0.908345 0.680754 0.669410 0.780075 0.808264 0.863451 0.950822 0.696010 0.788760 0.882210 0.820147 0.918126 0.909224 0.830008 0.907567 0.786250 0.673688 0.847506 0.970654 0.746153 0.860050 0.575972 0.742734 0.670084 0.784234 0.894774 0.899063 0.708967 0.845422 0.536849 0.586788 0.612192 0.865509 0.902782 0.755078 0.595442 0.746325 0.908041 0.690326 0.651039 0.829966 0.745687 0.812985 0.733799 0.798833 0.632825 0.985304
0.954906 0.907459 0.899591 0.933715 0.000000 0.902710 0.916360 0.929753 0.909945 0.950789 0.938129 0.980414 0.950431 0.996282 0.923330 0.934852 0.967151 0.962588 0.983565 0.888829 0.976950 0.955788 0.928190 0.993820 0.917746 0.978000 0.922280 0.943984 0.977273 0.968934 0.851961 0.901993 0.924482 0.970213 0.893646 0.912548 0.976104 0.881148 0.937933 0.913657 0.887850 0.891659 0.932625 0.923106 0.879257 0.881601 0.983843 0.885250 0.840963 0.878897 0.849954 0.916319 0.971346 0.989799 0.909299 0.836995 0.897231 0.904294 0.941832 0.954537 0.843623 0.974969 0.903338 0.947078 0.924454 0.898289 0.888565 0.942146 0.909511 0.961153 0.901966 0.927690 0.993453 0.913518 0.910579 0.996218 0.947028 0.929672 0.841909 0.925038 0.982849 0.939162 0.929810 0.842568 0.977294 0.943209 0.935045 0.992705 0.829740 0.876750 0.969404 0.957166 0.942514 0.956452 0.878155 0.926627 0.905102 0.881585 0.983319 0.964969 0.986361 0.984152 0.919645 0.840911 0.960782 0.818829 0.868291 0.964102 0.905631 0.966281 0.948525 0.895042 0.960150 0.829300 0.942371 0.946847
0.806748 0.725339 0.807608 0.882197 0.902710 0.000000 0.989207 0.890624 0.789252 0.970950 0.717265 0.834588 0.963224 0.949719 0.840957 0.836334 0.655549 0.624334 0.706968 0.850994 0.842003 0.870709 0.892696 0.754042 0.774421 0.615252 0.881824 0.717127 0.750349 0.822093 0.923405 0.979928 0.948093 0.947811 0.882986 0.974043 0.865033 0.834479 0.816994 0.909427 0.997808 0.999864 0.964506 0.908504 0.944355 0.919156 0.959952 0.988529 0.952298 0.929656 0.978550 0.988922 0.821880 0.888929 0.773602 0.898865 0.603189 0.662778 0.806966 0.910157 0.900736 0.737420 0.694024 0.767395 0.780816 0.639634 0.864974 0.842958 0.920571 0.877432 0.777279 0.912879 0.793829 0.913347 0.887659 0.988530 0.972921 0.963062 0.815760 0.969749 0.759701 0.878597 0.792812 0.811518 0.859001 0.761724 0.938970 0.982519 0.958666 0.959334 0.739245 0.826677 0.772150 0.882427 0.996299 0.837909 0.684078 0.872396 0.930157 0.966766 0.896474 0.952569 0.794563 0.997605 0.940273 0.924861 0.813480 0.976197 0.961898 0.909690 0.916097 0.966844 0.910774 0.970678 0.975260 0.928151
0.997555 0.948390 0.461551 0.544684 0.916360 0.989207 0.000000 0.346344 0.544854 0.640557 0.744830 0.759625 0.929591 0.911999 0.904089 0.989054 0.877410 0.953648 0.715268 0.921284 0.938767 0.857736 0.724708 0.924126 0.965121 0.787429 0.632305 0.681195 0.798050 0.790779 0.458548 0.536876 0.404648 0.406066 0.773507 0.704755 0.877476 0.982592 0.887751 0.913881 0.968747 0.989821 0.503155 0.551589 0.427817 0.484593 0.601144 0.632268 0.842101 0.825570 0.708129 0.807704 0.734967 0.678664 0.925965 0.910137 0.956568 0.975904 0.580825 0.719960 0.338001 0.494786 0.696361 0.697459 0.818408 0.627424 0.303599 0.332730 0.923707 0.901095 0.752753 0.683198 0.740040 0.833344 0.976767 0.795114 0.652302 0.622816 0.915816 0.861580 0.944735 0.854728 0.957697 0.876861 0.903444 0.978272 0.828398 0.716685 0.857880 0.749178 0.736848 0.957822 0.815861 0.964770 0.877347 0.883265 0.912355 0.692484 0.498691 0.557721 0.488571 0.765005 0.736294 0.597237 0.662523 0.764826 0.868083 0.737993 0.819510 0.834033 0.700271 0.803963 0.652070 0.776705 0.605710 0.923037
0.878856 0.888162 0.491975 0.392612 0.929753 0.890624 0.346344 0.000000 0.510653 0.508443 0.701914 0.599336 0.769101 0.745756 0.941395 0.777579 0.851500 0.925472 0.620701 0.798506 0.931649 0.990595 0.631007 0.980503 0.957485 0.808895 0.744037 0.842992 0.807606 0.750439 0.499466 0.540737 0.443281 0.387569 0.868351 0.824037 0.693238 0.890734 0.966418 0.993733 0.836234 0.923813 0.437405 0.441045 0.521351 0.480454 0.463365 0.490610 0.825074 0.747828 0.637622 0.682590 0.723755 0.562717 0.950077 0.979120 0.939309 0.983994 0.573493 0.690609 0.366557 0.321196 0.746854 0.641574 0.835030 0.557040 0.446263 0.396964 0.924003 0.961999 0.602587 0.585263 0.716487 0.830440 0.929629 0.873627 0.648789 0.635145 0.849267 0.833236 0.903821 0.914666 0.997585 0.944673 0.908122 0.986002 0.886237 0.698159 0.932975 0.810571 0.679672 0.907565 0.823027 0.990340 0.929273 0.805665 0.772330 0.704865 0.454939 0.447744 0.446689 0.834647 0.683598 0.549822 0.555719 0.735183 0.949235 0.644839 0.741250 0.724671 0.707855 0.737641 0.613302 0.741335 0.629358 0.963749
0.872496 0.874142 0.484585 0.505326 0.909945 0.789252 0.544854 0.510653 0.000000 0.681561 0.966196 0.999139 0.977308 0.867448 0.882877 0.873423 0.853105 0.782776 0.872719 0.967418 0.974638 0.908367 0.672019 0.859012 0.812836 0.522537 0.850635 0.908285 0.949341 0.857442 0.633306 0.690499 0.637315 0.695635 0.699247 0.850459 0.736499 0.971577 0.869646 0.930965 0.837461 0.852306 0.579409 0.654606 0.586502 0.688213 0.668084 0.802219 0.964471 0.935769 0.807304 0.897774 0.749984 0.559137 0.932352 0.985964 0.915066 0.782725 0.899328 0.998217 0.577872 0.511169 0.884204 0.946319 0.610977 0.527933 0.477904 0.566580 0.872165 0.783680 0.597620 0.591249 0.677014 0.842445 0.996420 0.930409 0.716365 0.823521 0.997701 0.948222 0.770769 0.786091 0.944392 0.810801 0.914125 0.857443 0.952801 0.910866 0.902772 0.982520 0.474214 0.638089 0.565889 0.710975 0.852608 0.988409 0.671289 0.795396 0.506125 0.520839 0.600103 0.851821 0.878457 0.754153 0.667565 0.715617 0.833373 0.631090 0.840483 0.787048 0.796205 0.797937 0.658803 0.807321 0.877160 0.860002
0.905170 0.910308 0.912736 0.812949 0.950789 0.970950 0.640557 0.508443 0.681561 0.000000 0.732268 0.738367 0.829667 0.901783 0.890354 0.905570 0.901043 0.973430 0.833148 0.955212 0.831101 0.819416 0.950885 0.642451 0.746098 0.964887 0.726986 0.825771 0.688781 0.739210 0.526809 0.630746 0.617827 0.544803 0.884505 0.909826 0.730297 0.811884 0.988560 0.940901 0.882620 0.759886 0.562597 0.593559 0.544485 0.535567 0.771286 0.679220 0.691421 0.878662 0.805660 0.966666 0.872228 0.596680 0.902903 0.973218 0.923636 0.882211 0.759523 0.933271 0.681397 0.558851 0.785415 0.677355 0.797143 0.969909 0.675892 0.638060 0.985448 0.889270 0.603415 0.616978 0.704184 0.765563 0.940698 0.856481 0.661124 0.654337 0.866420 0.898515 0.988744 0.702970 0.812757 0.816123 0.631708 0.633781 0.649579 0.577484 0.896576 0.670537 0.897673 0.890023 0.944527 0.841160 0.972723 0.818086 0.828294 0.694806 0.580025 0.491675 0.596357 0.829668 0.635782 0.649189 0.712070 0.760290 0.969560 0.589111 0.934737 0.717871 0.831091 0.664519 0.662614 0.873310 0.957008 0.985965
0.525404 0.552820 0.875042 0.857687 0.938129 0.717265 0.744830 0.701914 0.966196 0.732268 0.000000 0.467600 0.778143 0.760944 0.935618 0.835512 0.386671 0.380389 0.435282 0.443735 0.855817 0.984301 0.879928 0.874606 0.989511 0.788300 0.915636 0.751175 0.408155 0.369464 0.704342 0.707658 0.588549 0.489308 0.953838 0.956676 0.879826 0.699341 0.993604 0.829933 0.903447 0.797868 0.830689 0.703622 0.874910 0.736307 0.664317 0.691432 0.814978 0.702579 0.895214 0.774735 0.971122 0.968949 0.974624 0.986562 0.531950 0.563794 0.536322 0.533481 0.634335 0.788731 0.404235 0.377447 0.814890 0.894490 0.829607 0.797474 0.526577 0.617684 0.823873 0.959998 0.689520 0.582878 0.831688 0.921821 0.752326 0.709073 0.647904 0.788490 0.523823 0.741479 0.677458 0.696639 0.990363 0.941925 0.859480 0.912874 0.862659 0.965207 0.758637 0.688862 0.606928 0.688341 0.973654 0.850803 0.986168 0.669426 0.784549 0.786525 0.952318 0.909743 0.595102 0.560103 0.983713 0.806938 0.923373 0.895454 0.888963 0.759318 0.923268 0.901088 0.764279 0.827350 0.796870 0.889657
0.426206 0.436731 0.979719 0.753927 0.980414 0.834588 0.759625 0.599336 0.999139 0.738367 0.467600 0.000000 0.531931 0.512892 0.769590 0.600912 0.377189 0.395072 0.418809 0.379803 0.893578 0.821496 0.751748 0.998664 0.969891 0.816309 0.965580 0.747064 0.501112 0.389226 0.739119 0.713806 0.577645 0.543917 0.912869 0.979379 0.710372 0.621119 0.955291 0.725981 0.734535 0.784203 0.646864 0.560548 0.790344 0.623138 0.536706 0.545613 0.635950 0.551091 0.567858 0.502780 0.724092 0.715245 0.869215 0.820360 0.519529 0.440361 0.546803 0.534300 0.606618 0.630645 0.446361 0.323064 0.775874 0.926577 0.883283 0.848179 0.488482 0.511327 0.777047 0.760152 0.778339 0.760158 0.887589 0.992134 0.737111 0.751200 0.567726 0.661246 0.352453 0.545085 0.611845 0.574035 0.867479 0.937571 0.993538 0.898713 0.975999 0.874265 0.952368 0.891103 0.824121 0.764152 0.987479 0.730929 0.887612 0.706991 0.701491 0.747869 0.850672 0.874101 0.556915 0.519295 0.773105 0.785537 0.935302 0.871865 0.825996 0.682773 0.840346 0.868501 0.870745 0.739207 0.770828 0.898156
0.442127 0.551162 0.781463 0.615452 0.950431 0.963224 0.929591 0.769101 0.977308 0.829667 0.778143 0.531931 0.000000 0.303217 0.412814 0.381276 0.661414 0.631955 0.577681 0.532956 0.858816 0.719270 0.491503 0.554371 0.713258 0.937700 0.811885 0.989713 0.849978 0.751394 0.969000 0.866878 0.750381 0.928885 0.868373 0.980300 0.803814 0.860706 0.938571 0.758839 0.800781 0.925121 0.846160 0.780335 0.903473 0.937137 0.608955 0.752444 0.993248 0.728139 0.721180 0.523353 0.744413 0.839081 0.825689 0.831161 0.650779 0.580568 0.772993 0.686909 0.688372 0.703854 0.807147 0.712173 0.756546 0.768651 0.960711 0.969500 0.584304 0.547512 0.804603 0.876779 0.828186 0.806136 0.741930 0.856585 0.847140 0.970606 0.783614 0.650523 0.567705 0.490007 0.537400 0.601026 0.491644 0.533985 0.720766 0.818317 0.764878 0.593519 0.838730 0.838216 0.925670 0.908330 0.933162 0.793729 0.799815 0.944927 0.859247 0.932140 0.941768 0.876722 0.953016 0.746285 0.832170 0.911369 0.942381 0.976395 0.746262 0.922961 0.926954 0.998191 0.977070 0.808890 0.731914 0.915683
0.468695 0.534191 0.833414 0.614662 0.996282 0.949719 0.911999 0.745756 0.867448 0.901783 0.760944 0.512892 0.303217 0.000000 0.404016 0.295795 0.600228 0.593804 0.542929 0.522685 0.939111 0.764990 0.418509 0.514162 0.692577 0.876360 0.902402 0.927893 0.796075 0.705123 0.911126 0.750653 0.676737 0.879569 0.900204 0.942250 0.757993 0.791094 0.893275 0.752509 0.799384 0.900265 0.749161 0.692471 0.995194 0.876903 0.571167 0.774417 0.918965 0.711158 0.623258 0.500420 0.550858 0.677184 0.842790 0.812800 0.612719 0.583773 0.804464 0.743764 0.676059 0.652182 0.792657 0.666748 0.819597 0.788559 0.981854 0.993734 0.607532 0.593827 0.731693 0.769204 0.794268 0.850456 0.755478 0.910227 0.825721 0.962245 0.648491 0.675315 0.528873 0.536374 0.492747 0.587629 0.487075 0.523513 0.715626 0.910310 0.752263 0.587287 0.790014 0.832793 0.903980 0.896888 0.934574 0.876726 0.783333 0.911256 0.790991 0.881092 0.974067 0.855180 0.859181 0.665219 0.852598 0.803469 0.880487 0.900889 0.819492 0.822930 0.886219 0.990586 0.937647 0.756692 0.747294 0.991714
0.683422 0.811744 0.938111 0.773608 0.923330 0.840957 0.904089 0.941395 0.882877 0.890354 0.935618 0.769590 0.412814 0.404016 0.000000 0.359945 0.758360 0.810440 0.806314 0.735923 0.930945 0.828439 0.481159 0.551348 0.707136 0.890396 0.779287 0.842296 0.892014 0.844039 0.928396 0.785307 0.839899 0.951454 0.968245 0.982430 0.863241 0.964845 0.877229 0.839739 0.825009 0.929697 0.910710 0.888030 0.841951 0.956004 0.698068 0.872932 0.904360 0.911290 0.830088 0.666376 0.755290 0.821409 0.848708 0.847469 0.839564 0.807418 0.901563 0.845802 0.823709 0.791842 0.929013 0.853635 0.741530 0.814969 0.892891 0.893443 0.658652 0.753902 0.754553 0.897772 0.852875 0.872131 0.836203 0.794401 0.897629 0.978303 0.753645 0.733215 0.755087 0.727632 0.567500 0.749779 0.515060 0.539184 0.802625 0.840793 0.667712 0.656188 0.901301 0.917266 0.993389 0.921705 0.893797 0.828557 0.785406 0.971488 0.953330 0.963798 0.859401 0.953672 0.950560 0.843811 0.825246 0.808553 0.812020 0.915638 0.735667 0.922889 0.989083 0.983334 0.941325 0.970675 0.838823 0.914264
0.557391 0.612841 0.867771 0.611426 0.934852 0.836334 0.989054 0.777579 0.873423 0.905570 0.835512 0.600912 0.381276 0.295795 0.359945 0.000000 0.705782 0.707596 0.682017 0.616700 0.986161 0.767307 0.412211 0.449836 0.673673 0.844261 0.864528 0.841351 0.855347 0.745001 0.895593 0.742922 0.758597 0.885409 0.985023 0.994413 0.836335 0.839465 0.833937 0.814707 0.854702 0.903373 0.757605 0.708476 0.977397 0.843235 0.550444 0.708908 0.945121 0.715892 0.618264 0.480096 0.600048 0.736413 0.789414 0.795855 0.705830 0.677093 0.801215 0.695671 0.738181 0.645823 0.899801 0.754447 0.744454 0.726879 0.983034 0.977491 0.668860 0.636958 0.796270 0.905834 0.885934 0.852542 0.796935 0.828323 0.904973 0.953882 0.668453 0.692039 0.628700 0.610946 0.483684 0.587168 0.502668 0.456654 0.779355 0.872757 0.667071 0.626427 0.855992 0.892165 0.972996 0.991832 0.931548 0.854469 0.800056 0.895906 0.893463 0.903253 0.948075 0.990926 0.958292 0.767102 0.832698 0.794008 0.865182 0.948566 0.786187 0.863542 0.873264 0.977660 0.950640 0.795024 0.707628 0.979388
0.422368 0.413983 0.882569 0.976270 0.967151 0.655549 0.877410 0.851500 0.853105 0.901043 0.386671 0.377189 0.661414 0.600228 0.758360 0.705782 0.000000 0.257229 0.406958 0.385631 0.818483 0.962546 0.832899 0.915864 0.999754 0.620569 0.923318 0.814813 0.367216 0.327178 0.866899 0.782825 0.664909 0.601245 0.861734 0.938499 0.908782 0.701163 0.933378 0.821466 0.885902 0.853786 0.796833 0.669362 0.916026 0.759776 0.656718 0.701971 0.699970 0.614853 0.736084 0.613123 0.862377 0.937902 0.980939 0.877559 0.410975 0.361486 0.510525 0.537395 0.764592 0.922075 0.348094 0.301950 0.699271 0.689697 0.994751 0.991166 0.467870 0.510229 0.934247 0.958148 0.814865 0.724502 0.875632 0.912958 0.771672 0.727081 0.462304 0.649431 0.314587 0.565405 0.536067 0.522176 0.880558 0.979925 0.920433 0.965557 0.953056 0.887605 0.695306 0.690698 0.588507 0.686675 0.863181 0.861158 0.917014 0.705056 0.851119 0.905847 0.945499 0.971536 0.585621 0.622894 0.977859 0.846093 0.963402 0.940885 0.891593 0.716818 0.905324 0.949721 0.880325 0.807640 0.732844 0.788212
0.400587 0.361065 0.868250 0.988957 0.962588 0.624334 0.953648 0.925472 0.782776 0.973430 0.380389 0.395072 0.631955 0.593804 0.810440 0.707596 0.257229 0.000000 0.378890 0.377038 0.841232 0.905359 0.809200 0.992071 0.963623 0.627035 0.879964 0.811248 0.406866 0.368175 0.944736 0.826588 0.720093 0.687288 0.858860 0.956162 0.953572 0.664426 0.913633 0.757295 0.856895 0.824644 0.880029 0.708232 0.977169 0.826905 0.729708 0.747784 0.760935 0.618488 0.779700 0.647038 0.872051 0.986438 0.998659 0.895774 0.348257 0.308481 0.576055 0.567067 0.856897 0.986617 0.372650 0.325500 0.711236 0.645234 0.914886 0.885028 0.454639 0.458619 0.938165 0.981633 0.881238 0.752650 0.820359 0.945066 0.864158 0.808884 0.496784 0.720439 0.324922 0.508688 0.493184 0.451997 0.832186 0.996337 0.994155 0.961021 0.969476 0.820304 0.716698 0.746469 0.615652 0.759340 0.920802 0.878586 0.915229 0.727018 0.906873 0.949316 0.862622 0.943248 0.587254 0.668418 0.968115 0.907423 0.933644 0.992568 0.997477 0.767125 0.901822 0.993872 0.887150 0.754045 0.807057 0.817995
0.402392 0.386812 0.811112 0.662275 0.983565 0.706968 0.715268 0.620701 0.872719 0.833148 0.435282 0.418809 0.577681 0.542929 0.806314 0.682017 0.406958 0.378890 0.000000 0.372261 0.889112 0.839096 0.696681 0.890665 0.861747 0.893441 0.887713 0.774680 0.537167 0.550196 0.831268 0.661530 0.560616 0.563404 0.977569 0.967820 0.709630 0.608120 0.989480 0.786363 0.760424 0.856467 0.598195 0.482956 0.796995 0.606501 0.491138 0.542799 0.692984 0.496909 0.655673 0.537424 0.781242 0.792190 0.941160 0.909985 0.368128 0.410854 0.536308 0.567994 0.652616 0.734038 0.538425 0.440063 0.958554 0.968970 0.873860 0.856909 0.514487 0.571829 0.794472 0.844366 0.832952 0.764562 0.868420 0.943739 0.712574 0.753970 0.576322 0.617938 0.445093 0.571175 0.545653 0.524349 0.786500 0.893690 0.974673 0.983986 0.958555 0.842526 0.996729 0.936816 0.873284 0.915226 0.859839 0.847507 0.905796 0.761595 0.619680 0.698994 0.928107 0.770753 0.511635 0.654884 0.842303 0.902817 0.891119 0.764795 0.918354 0.601025 0.776215 0.878900 0.771543 0.616069 0.737391 0.910667
0.337244 0.356160 0.929437 0.789845 0.888829 0.850994 0.921284 0.798506 0.967418 0.955212 0.443735 0.379803 0.532956 0.522685 0.735923 0.616700 0.385631 0.377038 0.372261 0.000000 0.900776 0.801839 0.797455 0.871105 0.849423 0.893464 0.812066 0.850127 0.549999 0.489107 0.966301 0.840435 0.716017 0.665891 0.941443 0.941116 0.697663 0.539853 0.923393 0.586985 0.764920 0.809153 0.753687 0.662250 0.929364 0.746519 0.553258 0.587749 0.666287 0.490483 0.677843 0.509644 0.777104 0.897784 0.798355 0.783935 0.414608 0.367205 0.676437 0.553840 0.795725 0.785135 0.623570 0.488613 0.888753 0.914225 0.952448 0.979462 0.403682 0.400776 0.854808 0.936447 0.824108 0.724632 0.809979 0.888677 0.784656 0.896504 0.628341 0.636316 0.388526 0.442192 0.558071 0.435541 0.696353 0.826608 0.945247 0.923028 0.931252 0.746668 0.935564 0.908000 0.786517 0.858829 0.874059 0.815019 0.857494 0.816139 0.789975 0.841275 0.994089 0.870839 0.625742 0.715124 0.933434 0.906531 0.922612 0.924143 0.874109 0.638068 0.928935 0.940957 0.956851 0.729923 0.822784 0.857813
0.922213 0.880192 0.916762 0.985379 0.976950 0.842003 0.938767 0.931649 0.974638 0.831101 0.855817 0.893578 0.858816 0.939111 0.930945 0.986161 0.818483 0.841232 0.889112 0.900776 0.000000 0.989229 0.936424 0.858021 0.921878 0.860815 0.975058 0.909463 0.894130 0.872617 0.928688 0.935987 0.966209 0.887693 0.972469 0.861994 0.827436 0.694968 0.920372 0.929577 0.925111 0.925011 0.909113 0.844524 0.975251 0.946489 0.868303 0.791729 0.896496 0.860946 0.972750 0.928224 0.958087 0.956071 0.918227 0.876779 0.772449 0.850392 0.834157 0.842667 0.921741 0.991814 0.934840 0.860250 0.904793 0.847905 0.909594 0.928909 0.823159 0.863775 0.963154 0.984578 0.970618 0.973655 0.967359 0.903394 0.926114 0.879366 0.865411 0.934152 0.906594 0.986768 0.883290 0.784331 0.862518 0.831982 0.920566 0.976969 0.913092 0.924244 0.831502 0.891726 0.805260 0.845117 0.922310 0.883319 0.958231 0.864442 0.931375 0.861739 0.996398 0.733726 0.864673 0.969413 0.943071 0.959753 0.844150 0.919768 0.979279 0.904687 0.816539 0.831010 0.929341 0.886433 0.998643 0.910879
0.729292 0.780580 0.999957 0.845226 0.955788 0.870709 0.857736 0.990595 0.908367 0.819416 0.984301 0.821496 0.719270 0.764990 0.828439 0.767307 0.962546 0.905359 0.839096 0.801839 0.989229 0.000000 0.864262 0.709698 0.949371 0.992640 0.712026 0.994802 0.894172 0.987379 0.837949 0.987158 0.923687 0.867040 0.902983 0.849250 0.907007 0.819965 0.818423 0.666935 0.939979 0.895748 0.993433 0.934314 0.822637 0.975499 0.879191 0.897525 0.980541 0.824187 0.884377 0.807113 0.944577 0.923824 0.809362 0.789429 0.817394 0.803740 0.920796 0.920105 0.936656 0.948457 0.980913 0.980740 0.899897 0.987174 0.761092 0.853649 0.820147 0.805874 0.800837 0.917652 0.836203 0.769129 0.731257 0.961226 0.990550 0.745848 0.995547 0.802037 0.827733 0.732034 0.731822 0.685550 0.799273 0.776145 0.682341 0.719196 0.857849 0.817075 0.957233 0.898491 0.981610 0.957928 0.905173 0.966698 0.805914 0.943187 0.909344 0.899685 0.959619 0.965171 0.942705 0.858640 0.974467 0.995513 0.815953 0.868298 0.953826 0.908106 0.993779 0.942628 0.806743 0.871327 0.925565 0.935555
0.761223 0.806417 0.653543 0.451784 0.928190 0.892696 0.724708 0.631007 0.672019 0.950885 0.879928 0.751748 0.491503 0.418509 0.481159 0.412211 0.832899 0.809200 0.696681 0.797455 0.936424 0.864262 0.000000 0.511687 0.740162 0.760869 0.996656 0.921731 0.866184 0.830773 0.731288 0.586484 0.601780 0.809208 0.925020 0.885012 0.869107 0.977328 0.976468 0.931449 0.932175 0.898766 0.679703 0.636792 0.920389 0.802137 0.641774 0.787297 0.900156 0.892778 0.713724 0.677782 0.587045 0.679665 0.980887 0.949560 0.823263 0.853109 0.811302 0.828901 0.579647 0.635365 0.846518 0.767519 0.575572 0.649177 0.779086 0.857345 0.829295 0.846051 0.699289 0.706418 0.734838 0.864010 0.809268 0.976861 0.780952 0.899267 0.713592 0.795213 0.810136 0.876910 0.608104 0.783020 0.614627 0.578469 0.915986 0.980659 0.686826 0.734044 0.692357 0.868083 0.840943 0.801092 0.831169 0.925851 0.797240 0.854241 0.710879 0.750156 0.870055 0.924442 0.971382 0.721217 0.692970 0.705020 0.810095 0.834330 0.773133 0.883611 0.846308 0.892812 0.801698 0.791709 0.660875 0.888664
0.783306 0.832741 0.733298 0.605100 0.993820 0.754042 0.924126 0.980503 0.859012 0.642451 0.874606 0.998664 0.554371 0.514162 0.551348 0.449836 0.915864 0.992071 0.890665 0.871105 0.858021 0.709698 0.511687 0.000000 0.509925 0.590355 0.763265 0.815918 0.828220 0.892608 0.950853 0.889334 0.950446 0.855843 0.916681 0.938006 0.929994 0.977033 0.726429 0.805410 0.924569 0.965453 0.952615 0.909606 0.850503 0.948564 0.761937 0.890900 0.852180 0.883621 0.865673 0.741484 0.716524 0.990824 0.802284 0.884133 0.885176 0.884964 0.915743 0.904448 0.910257 0.844904 0.789177 0.842772 0.496923 0.609963 0.947966 0.987830 0.855079 0.870574 0.971430 0.962917 0.986577 0.985082 0.773574 0.908461 0.984788 0.865492 0.904628 0.748108 0.913010 0.688808 0.621901 0.742155 0.429455 0.361130 0.664180 0.628566 0.533234 0.555041 0.799360 0.809264 0.814476 0.828520 0.885679 0.920655 0.762611 0.874496 0.999513 0.950389 0.881554 0.974039 0.799879 0.973997 0.895606 0.924442 0.928432 0.968289 0.898492 0.910170 0.979941 0.843379 0.928051 0.883390 0.822346 0.922327
0.767171 0.805148 0.626209 0.668583 0.917746 0.774421 0.965121 0.957485 0.812836 0.746098 0.989511 0.969891 0.713258 0.692577 0.707136 0.673673 0.999754 0.963623 0.861747 0.849423 0.921878 0.949371 0.740162 0.509925 0.000000 0.538857 0.772796 0.794822 0.897213 0.897983 0.929886 0.840858 0.874721 0.984951 0.825470 0.958473 0.788909 0.795513 0.693085 0.781058 0.886500 0.965597 0.909683 0.950959 0.975030 0.996596 0.768698 0.872624 0.929506 0.839122 0.954170 0.840655 0.837833 0.956561 0.738210 0.806137 0.828452 0.908747 0.978261 0.865109 0.858896 0.849681 0.804067 0.847070 0.540820 0.644090 0.944008 0.890007 0.715358 0.812427 0.959695 0.911780 0.835683 0.780862 0.885061 0.919767 0.920017 0.970803 0.893047 0.738269 0.850443 0.675833 0.720736 0.783946 0.504112 0.461697 0.744108 0.707395 0.671714 0.629386 0.863018 0.914234 0.859809 0.923103 0.892723 0.926377 0.886872 0.876001 0.928593 0.950713 0.899671 0.922490 0.926988 0.968945 0.952449 0.985000 0.779375 0.987163 0.898229 0.976007 0.992681 0.913435 0.981377 0.974206 0.893818 0.986087
0.874976 0.794731 0.499893 0.623385 0.978000 0.615252 0.787429 0.808895 0.522537 0.964887 0.788300 0.816309 0.937700 0.876360 0.890396 0.844261 0.620569 0.627035 0.893441 0.893464 0.860815 0.992640 0.760869 0.590355 0.538857 0.000000 0.933310 0.829933 0.699112 0.704109 0.802412 0.865581 0.837748 0.964388 0.660735 0.993721 0.781033 0.969497 0.674545 0.844303 0.934972 0.886399 0.850184 0.948090 0.841545 0.935880 0.830466 0.909594 0.863666 0.933840 0.982727 0.986736 0.810363 0.908389 0.835421 0.973020 0.783579 0.703975 0.820224 0.879076 0.764029 0.661228 0.603749 0.645260 0.445587 0.413530 0.697673 0.680388 0.895481 0.837897 0.760190 0.777756 0.777336 0.920622 0.910245 0.978768 0.950902 0.976888 0.815616 0.999613 0.752576 0.911646 0.993818 0.837802 0.732044 0.602200 0.807795 0.848193 0.779026 0.810583 0.631898 0.738246 0.645653 0.791619 0.914592 0.959793 0.736705 0.969155 0.805298 0.870680 0.833531 0.942986 0.839622 0.985592 0.868153 0.922486 0.842840 0.955603 0.915503 0.933636 0.948214 0.891360 0.987965 0.965758 0.996908 0.887774
0.766523 0.782328 0.878440 0.931865 0.922280 0.881824 0.632305 0.744037 0.850635 0.726986 0.915636 0.965580 0.811885 0.902402 0.779287 0.864528 0.923318 0.879964 0.887713 0.812066 0.975058 0.712026 0.996656 0.763265 0.772796 0.933310 0.000000 0.884674 0.968317 0.938442 0.721980 0.874141 0.760204 0.794262 0.938894 0.778899 0.949356 0.782810 0.861250 0.859158 0.895067 0.976052 0.824414 0.920334 0.691718 0.813593 0.950305 0.976186 0.950932 0.857427 0.924144 0.896590 0.871264 0.745216 0.902246 0.839894 0.775252 0.762689 0.917816 0.919303 0.756856 0.769427 0.962774 0.926264 0.944481 0.870563 0.617903 0.698642 0.769677 0.787967 0.766360 0.745735 0.852180 0.888781 0.960353 0.856401 0.960804 0.794066 0.919538 0.840399 0.868794 0.658507 0.767033 0.771893 0.749292 0.807636 0.864774 0.507398 0.870719 0.645118 0.834348 0.972322 0.879842 0.989325 0.857326 0.941607 0.979463 0.895563 0.831431 0.870148 0.720525 0.899671 0.990422 0.874930 0.853897 0.998546 0.902426 0.855040 0.933973 0.994206 0.909271 0.971349 0.824117 0.998313 0.908967 0.938632
0.950202 0.864075 0.933449 0.980262 0.943984 0.717127 0.681195 0.842992 0.908285 0.825771 0.751175 0.747064 0.989713 0.927893 0.842296 0.841351 0.814813 0.811248 0.774680 0.850127 0.909463 0.994802 0.921731 0.815918 0.794822 0.829933 0.884674 0.000000 0.697735 0.762173 0.837055 0.833153 0.776264 0.758002 0.889400 0.861432 0.924542 0.986577 0.916366 0.978978 0.946401 0.936359 0.841078 0.801531 0.705526 0.733453 0.858204 0.825028 0.744959 0.840594 0.800199 0.862259 0.946023 0.847925 0.999520 0.972173 0.860970 0.826659 0.703095 0.766068 0.744549 0.893427 0.643306 0.707783 0.832937 0.892411 0.713210 0.784270 0.964285 0.953346 0.924934 0.927802 0.889427 0.906231 0.836795 0.965721 0.821572 0.855646 0.883767 0.868669 0.807013 0.919015 0.992431 0.971488 0.887205 0.806371 0.876473 0.863475 0.891985 0.856890 0.997627 0.991418 0.987475 0.979477 0.981616 0.973304 0.875935 0.790968 0.818736 0.790507 0.809248 0.701839 0.677121 0.734253 0.860404 0.863564 0.906759 0.891900 0.942569 0.786885 0.924832 0.921639 0.898150 0.843378 0.914586 0.966593
0.653259 0.644918 0.921367 0.995767 0.977273 0.750349 0.798050 0.807606 0.949341 0.688781 0.408155 0.501112 0.849978 0.796075 0.892014 0.855347 0.367216 0.406866 0.537167 0.549999 0.894130 0.894172 0.866184 0.828220 0.897213 0.699112 0.968317 0.697735 0.000000 0.300475 0.684374 0.634990 0.583883 0.524107 0.871916 0.880312 0.950330 0.787361 0.897215 0.882259 0.929085 0.803117 0.828356 0.700833 0.790376 0.695078 0.728146 0.720101 0.705958 0.720262 0.819183 0.757126 0.950387 0.953113 0.863939 0.992306 0.619480 0.585059 0.540923 0.562972 0.683657 0.866953 0.364453 0.345173 0.697420 0.762208 0.859319 0.905254 0.597250 0.779013 0.904222 0.993818 0.712362 0.668740 0.913112 0.981330 0.826389 0.683948 0.591228 0.805038 0.502678 0.832673 0.671912 0.734713 0.962551 0.863870 0.790910 0.810989 0.847653 0.916031 0.662988 0.545577 0.492482 0.592571 0.923895 0.856545 0.928388 0.730694 0.859482 0.865362 0.963366 0.965098 0.594030 0.567717 0.925102 0.812448 0.991377 0.915616 0.958130 0.782171 0.911974 0.952487 0.819252 0.809723 0.765748 0.834249
0.571183 0.625972 0.930809 0.944509 0.968934 0.822093 0.790779 0.750439 0.857442 0.739210 0.369464 0.389226 0.751394 0.705123 0.844039 0.745001 0.327178 0.368175 0.550196 0.489107 0.872617 0.987379 0.830773 0.892608 0.897983 0.704109 0.938442 0.762173 0.300475 0.000000 0.640795 0.650881 0.584485 0.499512 0.914761 0.894241 0.987906 0.802045 0.954087 0.843286 0.990690 0.816468 0.861252 0.717359 0.869901 0.747665 0.694328 0.706318 0.759419 0.731744 0.823467 0.735026 0.908163 0.959867 0.959866 0.951365 0.652102 0.585688 0.512578 0.535441 0.647060 0.808550 0.322017 0.274792 0.673648 0.790529 0.856098 0.848170 0.532440 0.671042 0.859021 0.975032 0.722277 0.649815 0.825102 0.973513 0.835798 0.623168 0.527553 0.732595 0.417453 0.766005 0.624999 0.694241 0.944597 0.891439 0.831162 0.843562 0.832985 0.905077 0.660930 0.547234 0.483993 0.560338 0.983829 0.751146 0.948994 0.676924 0.899930 0.891207 0.937294 0.975046 0.613917 0.535897 0.881788 0.720220 0.975951 0.971622 0.850988 0.771576 0.967342 0.939833 0.928232 0.857196 0.685534 0.763784
0.917851 0.895073 0.685498 0.681695 0.851961 0.923405 0.458548 0.499466 0.633306 0.526809 0.704342 0.739119 0.969000 0.911126 0.928396 0.895593 0.866899 0.944736 0.831268 0.966301 0.928688 0.837949 0.731288 0.950853 0.929886 0.802412 0.721980 0.837055 0.684374 0.640795 0.000000 0.398613 0.430335 0.423529 0.843416 0.748194 0.905662 0.989085 0.930022 0.906560 0.951171 0.830015 0.649861 0.684890 0.558747 0.609333 0.719344 0.710269 0.945598 0.989771 0.849382 0.956753 0.790855 0.687830 0.852338 0.899187 0.897719 0.823923 0.740928 0.857327 0.428639 0.512476 0.701649 0.665730 0.983393 0.744314 0.471903 0.460903 0.969512 0.827159 0.668829 0.683487 0.654712 0.709393 0.915739 0.851629 0.719043 0.533439 0.822869 0.985294 0.949062 0.745889 0.951045 0.826985 0.822852 0.899731 0.794651 0.685851 0.966827 0.745303 0.932995 0.810511 0.930028 0.810820 0.969515 0.679150 0.914785 0.654390 0.698166 0.711393 0.524200 0.870764 0.894091 0.592667 0.662744 0.644330 0.817628 0.703852 0.817363 0.908385 0.835800 0.915974 0.780513 0.896154 0.738468 0.936917
0.919560 0.902987 0.722280 0.595302 0.901993 0.979928 0.536876 0.540737 0.690499 0.630746 0.707658 0.713806 0.866878 0.750653 0.785307 0.742922 0.782825 0.826588 0.661530 0.840435 0.935987 0.987158 0.586484 0.889334 0.840858 0.865581 0.874141 0.833153 0.634990 0.650881 0.398613 0.000000 0.458145 0.559111 0.850224 0.858224 0.896521 0.857642 0.929952 0.945541 0.980122 0.879984 0.555671 0.549210 0.603439 0.552828 0.636587 0.681847 0.832442 0.812498 0.690717 0.740166 0.663051 0.604222 0.950334 0.998221 0.886379 0.984025 0.699584 0.791105 0.547607 0.616748 0.707339 0.647158 0.935328 0.814669 0.613780 0.591697 0.872902 0.971445 0.688197 0.761681 0.786135 0.834991 0.910847 0.970972 0.714849 0.602397 0.695561 0.802842 0.809970 0.922895 0.759897 0.937604 0.993093 0.958471 0.939156 0.769887 0.962532 0.850294 0.879082 0.862371 0.960261 0.971929 0.983450 0.704903 0.865289 0.778884 0.628277 0.725943 0.654856 0.720225 0.744416 0.689534 0.658451 0.704584 0.791362 0.653328 0.757998 0.783430 0.793664 0.874969 0.686553 0.842277 0.627717 0.922430
0.809924 0.836042 0.631487 0.636691 0.924482 0.948093 0.404648 0.443281 0.637315 0.617827 0.588549 0.577645 0.750381 0.676737 0.839899 0.758597 0.664909 0.720093 0.560616 0.716017 0.966209 0.923687 0.601780 0.950446 0.874721 0.837748 0.760204 0.776264 0.583883 0.584485 0.430335 0.458145 0.000000 0.405342 0.854286 0.740596 0.729546 0.858125 0.940360 0.954930 0.857537 0.746067 0.523389 0.527377 0.496827 0.523148 0.527976 0.649920 0.779146 0.761886 0.669801 0.722443 0.679425 0.639584 0.979575 0.970573 0.821907 0.858871 0.610701 0.737168 0.372826 0.497449 0.583109 0.531668 0.913869 0.778138 0.478685 0.513510 0.809107 0.894168 0.620684 0.638024 0.576608 0.733481 0.838091 0.929901 0.727785 0.577651 0.716553 0.765908 0.701484 0.941898 0.748775 0.895993 0.905187 0.908787 0.886973 0.773818 0.986131 0.919193 0.857200 0.931059 0.966866 0.884328 0.831309 0.746625 0.844993 0.623645 0.530784 0.624519 0.687647 0.714619 0.719223 0.473531 0.738099 0.755475 0.973109 0.754942 0.850138 0.739375 0.699788 0.844864 0.667902 0.694932 0.609051 0.994030
0.817105 0.771370 0.686244 0.684682 0.970213 0.947811 0.406066 0.387569 0.695635 0.544803 0.489308 0.543917 0.928885 0.879569 0.951454 0.885409 0.601245 0.687288 0.563404 0.665891 0.887693 0.867040 0.809208 0.855843 0.984951 0.964388 0.794262 0.758002 0.524107 0.499512 0.423529 0.559111 0.405342 0.000000 0.881331 0.812799 0.836465 0.813896 0.918199 0.993945 0.903781 0.827731 0.522301 0.505967 0.510036 0.459136 0.510529 0.500948 0.740130 0.689317 0.714248 0.734751 0.842302 0.777971 0.933694 0.935967 0.775634 0.815803 0.460662 0.544879 0.402041 0.502543 0.516196 0.458325 0.941867 0.819719 0.468348 0.441481 0.808496 0.875425 0.791326 0.785184 0.726859 0.722203 0.933922 0.882405 0.699069 0.550028 0.690874 0.806872 0.725997 0.961434 0.881451 0.956621 0.853650 0.899514 0.731943 0.709548 0.868818 0.768284 0.932328 0.749643 0.797380 0.663245 0.912677 0.784633 0.943464 0.585461 0.629268 0.595949 0.560292 0.926614 0.614432 0.510149 0.708223 0.687834 0.974956 0.703854 0.920801 0.668882 0.763141 0.842936 0.660366 0.743699 0.637450 0.851385
0.966510 0.928755 0.754023 0.774818 0.893646 0.882986 0.773507 0.868351 0.699247 0.884505 0.953838 0.912869 0.868373 0.900204 0.968245 0.985023 0.861734 0.858860 0.977569 0.941443 0.972469 0.902983 0.925020 0.916681 0.825470 0.660735 0.938894 0.889400 0.871916 0.914761 0.843416 0.850224 0.854286 0.881331 0.000000 0.963702 0.957831 0.954215 0.851494 0.907956 0.960229 0.939242 0.813604 0.885307 0.777643 0.779315 0.802858 0.815257 0.931753 0.891532 0.946851 0.988542 0.864884 0.899017 0.791794 0.883081 0.932250 0.858088 0.947236 0.938577 0.864600 0.798298 0.898999 0.911023 0.741306 0.804368 0.666847 0.644407 0.972106 0.910682 0.881598 0.903075 0.888113 0.800042 0.872981 0.974833 0.904815 0.846449 0.968204 0.966436 0.920305 0.986616 0.934347 0.927659 0.913194 0.876345 0.948671 0.982735 0.812636 0.929828 0.825851 0.872378 0.823128 0.851198 0.910087 0.956102 0.764130 0.713136 0.777492 0.841430 0.968825 0.891366 0.849862 0.944479 0.892898 0.840292 0.800239 0.876941 0.885850 0.956493 0.948821 0.972512 0.725659 0.971851 0.856411 0.944123
0.932163 0.982819 0.832940 0.839465 0.912548 0.974043 0.704755 0.824037 0.850459 0.909826 0.956676 0.979379 0.980300 0.942250 0.982430 0.994413 0.938499 0.956162 0.967820 0.941116 0.861994 0.849250 0.885012 0.938006 0.958473 0.993721 0.778899 0.861432 0.880312 0.894241 0.748194 0.858224 0.740596 0.812799 0.963702 0.000000 0.916334 0.805052 0.839932 0.914059 0.927544 0.984131 0.803551 0.774634 0.728134 0.772534 0.846417 0.993380 0.866695 0.880366 0.879443 0.933252 0.770170 0.828908 0.916019 0.904719 0.987003 0.991618 0.800136 0.949966 0.758585 0.849262 0.898081 0.896119 0.937444 0.905108 0.679039 0.767859 0.872261 0.876583 0.876357 0.960409 0.980597 0.853156 0.928044 0.810207 0.806237 0.662604 0.926989 0.935854 0.945545 0.945379 0.944872 0.831042 0.990332 0.989318 0.791446 0.904185 0.872355 0.989524 0.875950 0.849046 0.940942 0.941914 0.954594 0.963194 0.994816 0.901453 0.879487 0.755089 0.804531 0.907837 0.917797 0.813697 0.879160 0.945572 0.928212 0.980370 0.985149 0.984969 0.852631 0.912651 0.930229 0.902810 0.792068 0.856005
0.725618 0.823801 0.760148 0.719338 0.976104 0.865033 0.877476 0.693238 0.736499 0.730297 0.879826 0.710372 0.803814 0.757993 0.863241 0.836335 0.908782 0.953572 0.709630 0.697663 0.827436 0.907007 0.869107 0.929994 0.788909 0.781033 0.949356 0.924542 0.950330 0.987906 0.905662 0.896521 0.729546 0.836465 0.957831 0.916334 0.000000 0.663895 0.846482 0.792444 0.588535 0.815899 0.624704 0.701063 0.786842 0.744079 0.661368 0.699092 0.761616 0.769338 0.757776 0.777902 0.765126 0.679011 0.704277 0.829712 0.815216 0.848175 0.966816 0.995638 0.826832 0.651912 0.887259 0.928572 0.922830 0.839029 0.925153 0.846395 0.673630 0.724451 0.681886 0.579210 0.773205 0.824207 0.973913 0.965043 0.701036 0.912599 0.932088 0.808641 0.855490 0.807110 0.883816 0.844806 0.830979 0.879765 0.859551 0.957991 0.913885 0.853913 0.742405 0.772517 0.831240 0.878894 0.971191 0.952053 0.676810 0.983085 0.626947 0.701850 0.862517 0.786329 0.839164 0.865771 0.872239 0.996355 0.912646 0.769201 0.838198 0.751366 0.859497 0.821040 0.965392 0.874804 0.936196 0.938840
0.586005 0.554165 0.993839 0.913132 0.881148 0.834479 0.982592 0.890734 0.971577 0.811884 0.699341 0.621119 0.860706 0.791094 0.964845 0.839465 0.701163 0.664426 0.608120 0.539853 0.694968 0.819965 0.977328 0.977033 0.795513 0.969497 0.782810 0.986577 0.787361 0.802045 0.989085 0.857642 0.858125 0.813896 0.954215 0.805052 0.663895 0.000000 0.807161 0.588496 0.761476 0.787201 0.751575 0.736336 0.889718 0.778140 0.643339 0.625849 0.656366 0.572159 0.732904 0.695694 0.792744 0.912162 0.757342 0.646464 0.540225 0.603296 0.891607 0.790862 0.987896 0.893626 0.897144 0.777284 0.886746 0.871838 0.855512 0.941474 0.598414 0.626413 0.929746 0.820778 0.960711 0.894486 0.848979 0.989626 0.912772 0.977519 0.800313 0.869826 0.604560 0.627820 0.750226 0.534443 0.840691 0.974930 0.941503 0.846544 0.973326 0.793776 0.996293 0.974563 0.898949 0.933492 0.891366 0.783708 0.849783 0.879555 0.820762 0.858602 0.987034 0.994057 0.613264 0.905812 0.944103 0.984965 0.972009 0.982434 0.900481 0.703320 0.839202 0.792723 0.972207 0.711220 0.999308 0.948674
