0.000000 0.376763 0.982937 0.829460 0.843922 0.878370 0.805129 0.695575 0.969467 0.695439 0.564478 0.531059 0.938177 0.804794 0.924895 0.863293 0.470157 0.510410 0.578648 0.531151 0.913927 0.868645 0.997479 0.975228 0.996380 0.897485 0.997330 0.853509 0.654490 0.697693 0.851689 0.835699 0.496393 0.559735 0.892804 0.945262 0.748739 0.705666 0.963079 0.952655 0.769262 0.914378 0.813894 0.678832 0.719245 0.757467 0.831784 0.808356 0.838241 0.877118 0.869141 0.954141 0.919352 0.865838 0.861638 0.785574 0.384606 0.387969 0.595615 0.762874 0.729030 0.866338 0.461688 0.474247 0.820442 0.985912 0.719805 0.685354 0.482226 0.605405 0.642592 0.625920 0.732281 0.739113 0.920633 0.905760 0.688315 0.690665 0.724028 0.712428 0.462366 0.482655 0.914679 0.722287 0.987803 0.844166 0.900639 0.864769 0.778209 0.965615 0.743194 0.762259 0.799787 0.843149 0.964451 0.860382 0.718601 0.935965 0.456065 0.662047 0.833916 0.909113 0.629235 0.577426 0.739293 0.943045 0.892460 0.897874 0.910451 0.846487 0.672599 0.795378 0.802974 0.954787 0.950897 0.990226
0.376763 0.000000 0.853374 0.902654 0.950437 0.898445 0.938149 0.661341 0.864693 0.682296 0.619578 0.451228 0.973240 0.714537 0.971235 0.794872 0.438483 0.405942 0.599844 0.448773 0.947196 0.944755 0.967437 0.979228 0.916425 0.766249 0.930500 0.817567 0.628114 0.562503 0.886555 0.823810 0.560984 0.567787 0.969069 0.914843 0.774509 0.674794 0.886879 0.959466 0.811112 0.747850 0.806062 0.628423 0.767014 0.739401 0.938205 0.826086 0.859940 0.883446 0.971035 0.972872 0.778799 0.723684 0.935411 0.816845 0.327072 0.292233 0.763695 0.799936 0.825475 0.804339 0.535803 0.397578 0.731469 0.991792 0.874225 0.759892 0.531757 0.576582 0.579397 0.644073 0.757075 0.729968 0.986885 0.946090 0.703293 0.706411 0.755377 0.687056 0.436320 0.460226 0.851041 0.656424 0.865584 0.893248 0.943952 0.903218 0.690583 0.923947 0.788931 0.758174 0.869729 0.890812 0.925199 0.831820 0.749005 0.864008 0.502651 0.647554 0.756625 0.988701 0.647515 0.550154 0.835859 0.938703 0.949018 0.940600 0.926464 0.802434 0.691509 0.727656 0.730897 0.884079 0.972192 0.996623
0.982937 0.853374 0.000000 0.444774 0.774068 0.934987 0.345910 0.733283 0.593436 0.828451 0.827410 0.866514 0.633298 0.978258 0.617258 0.797014 0.947538 0.999015 0.691775 0.988741 0.823947 0.794392 0.485514 0.657378 0.419228 0.448009 0.877152 0.873320 0.945141 0.898878 0.501398 0.721803 0.646476 0.644235 0.648493 0.966808 0.832471 0.955603 0.640304 0.919351 0.872527 0.895728 0.649002 0.736726 0.807734 0.905652 0.632266 0.690290 0.750200 0.986275 0.973179 0.956763 0.808225 0.831640 0.825504 0.906864 0.925711 0.853664 0.676501 0.962380 0.618069 0.891310 0.776514 0.891963 0.384103 0.584081 0.430560 0.566786 0.957308 0.989968 0.837747 0.873568 0.859388 0.979132 0.717913 0.815917 0.683995 0.852939 0.786264 0.850036 0.996500 0.889189 0.990503 0.943065 0.514485 0.602155 0.904485 0.993730 0.769507 0.907092 0.890857 0.831147 0.840505 0.692334 0.992600 0.891064 0.979009 0.854090 0.992468 0.874891 0.789273 0.807226 0.955020 0.988571 0.757669 0.542402 0.965577 0.959818 0.928376 0.947939 0.904231 0.905118 0.999353 0.982895 0.869528 0.847334
0.829460 0.902654 0.444774 0.000000 0.869756 0.859472 0.354352 0.451607 0.682889 0.585615 0.854186 0.833813 0.681632 0.818582 0.705020 0.582342 0.822026 0.879851 0.582470 0.809222 0.865753 0.913420 0.453334 0.497163 0.599288 0.626228 0.948561 0.989624 0.916580 0.771850 0.494030 0.661744 0.636119 0.637589 0.740331 0.948786 0.624979 0.780774 0.701668 0.946887 0.821051 0.963500 0.619552 0.710607 0.965955 0.982495 0.731703 0.721275 0.717058 0.920009 0.991554 0.910364 0.805146 0.727631 0.908914 0.835851 0.870104 0.940939 0.723224 0.924275 0.667647 0.912752 0.607641 0.821620 0.614478 0.641096 0.561197 0.698018 0.901833 0.939023 0.588716 0.625463 0.645269 0.773153 0.755373 0.822953 0.575196 0.832562 0.727718 0.850768 0.786848 0.730256 0.973488 0.826578 0.659487 0.599919 0.925842 0.978472 0.947920 0.947774 0.693848 0.621598 0.737766 0.667734 0.912463 0.879992 0.872369 0.994573 0.875702 0.733805 0.983652 0.640703 0.769247 0.784607 0.764915 0.613130 0.991115 0.875424 0.831167 0.855163 0.903415 0.931646 0.951977 0.973468 0.994169 0.913711
0.843922 0.950437 0.774068 0.869756 0.000000 0.829256 0.854755 0.968221 0.808392 0.938520 0.761013 0.925100 0.783300 0.920411 0.792709 0.925592 0.954534 0.899020 0.879579 0.975628 0.921775 0.894961 0.904361 0.999654 0.785698 0.838662 0.814530 0.957612 0.884362 0.953795 0.885361 0.910892 0.764689 0.769521 0.818730 0.884079 0.920552 0.932094 0.834048 0.922475 0.881671 0.963822 0.959674 0.869612 0.749712 0.886521 0.882132 0.805667 0.904073 0.895118 0.882564 0.971661 0.962499 0.955921 0.945158 0.905914 0.967370 0.993958 0.822706 0.870116 0.693923 0.928921 0.966811 0.930296 0.688392 0.656331 0.722469 0.621840 0.802408 0.942850 0.969659 0.889736 0.955642 0.840443 0.963905 0.887929 0.945467 0.919120 0.917043 0.961234 0.924582 0.899152 0.988503 0.985537 0.788372 0.767951 0.864865 0.977153 0.859825 0.833041 0.947905 0.971094 0.968538 0.884803 0.914110 0.986091 0.909946 0.914336 0.934288 0.985009 0.887546 0.922972 0.963830 0.810351 0.751254 0.871105 0.892118 0.942980 0.878547 0.951737 0.860352 0.951270 0.954850 0.952461 0.924457 0.708195
0.878370 0.898445 0.934987 0.859472 0.829256 0.000000 0.867188 0.763543 0.867181 0.893830 0.888836 0.837910 0.801177 0.998879 0.999581 0.812570 0.988287 0.988433 0.939185 0.966608 0.911241 0.825065 0.945953 0.972914 0.867453 0.871632 0.936763 0.873895 0.961687 0.968935 0.871189 0.985959 0.881688 0.864426 0.755477 0.863994 0.815911 0.844285 0.879248 0.895000 0.981757 0.980050 0.947326 0.952764 0.936021 0.908018 0.967326 0.999138 0.911884 0.970992 0.940615 0.965458 0.960488 0.853957 0.970311 0.986931 0.953869 0.924868 0.792176 0.900076 0.690212 0.791302 0.871936 0.881179 0.957741 0.782713 0.874126 0.756601 0.954605 0.921487 0.879374 0.940922 0.957972 0.906950 0.977403 0.972402 0.932267 0.956908 0.978005 0.978203 0.871873 0.833565 0.937631 0.966706 0.996416 0.947047 0.952602 0.858555 0.996118 0.945665 0.798333 0.803801 0.706713 0.826657 0.986688 0.963987 0.864875 0.923295 0.849934 0.988757 0.855306 0.769228 0.871326 0.985409 0.936305 0.868584 0.961687 0.953549 0.979386 0.907624 0.860957 0.910727 0.961235 0.893831 0.925600 0.867588
0.805129 0.938149 0.345910 0.354352 0.854755 0.867188 0.000000 0.527668 0.650943 0.611013 0.700369 0.934516 0.660682 0.827761 0.618311 0.648368 0.742557 0.791598 0.491524 0.782792 0.836813 0.836411 0.421487 0.497209 0.521807 0.593943 0.988039 0.995706 0.810498 0.739285 0.445989 0.574484 0.532366 0.521814 0.705402 0.976706 0.741887 0.935590 0.682073 0.968886 0.878140 0.978202 0.550937 0.655863 0.830940 0.910240 0.603942 0.656505 0.725167 0.921192 0.953895 0.922202 0.837310 0.824321 0.899642 0.830626 0.829627 0.933358 0.682675 0.890780 0.653054 0.910397 0.540097 0.883926 0.572280 0.696522 0.449237 0.648562 0.835657 0.880461 0.659396 0.700239 0.636267 0.750743 0.761140 0.782312 0.615165 0.790446 0.636946 0.711432 0.737144 0.658816 0.923238 0.892355 0.513352 0.553414 0.907611 0.974372 0.946786 0.991123 0.736594 0.641404 0.733372 0.662841 0.934958 0.849185 0.877303 0.888036 0.816848 0.668090 0.881960 0.627868 0.793574 0.801645 0.742159 0.612187 0.991266 0.858623 0.921368 0.898372 0.816620 0.956543 0.908459 0.951883 0.920986 0.889242
0.695575 0.661341 0.733283 0.451607 0.968221 0.763543 0.527668 0.000000 0.875383 0.514167 0.813849 0.551324 0.690515 0.612883 0.899782 0.477710 0.719067 0.760606 0.586065 0.676793 0.962585 0.870602 0.671387 0.649108 0.875440 0.819984 0.923800 0.906301 0.778136 0.651748 0.617858 0.700168 0.660344 0.623820 0.846482 0.969218 0.663085 0.841708 0.835577 0.936388 0.899759 0.777743 0.694003 0.657044 0.975405 0.882763 0.830479 0.772886 0.853473 0.870244 0.955073 0.907521 0.894633 0.902603 0.953908 0.912350 0.673605 0.687404 0.692961 0.893721 0.682083 0.694389 0.527266 0.550460 0.993629 0.825999 0.743349 0.776001 0.750705 0.735377 0.543447 0.641062 0.601849 0.695236 0.796789 0.944491 0.660637 0.847554 0.717971 0.785848 0.637890 0.614981 0.881063 0.654643 0.977894 0.825087 0.968032 0.955846 0.902477 0.981829 0.578407 0.542294 0.660185 0.692828 0.906466 0.834125 0.717060 0.879487 0.717222 0.704576 0.742945 0.561903 0.682519 0.552002 0.842260 0.714347 0.975997 0.834021 0.809442 0.800190 0.796085 0.921704 0.812462 0.852075 0.968130 0.966146
0.969467 0.864693 0.593436 0.682889 0.808392 0.867181 0.650943 0.875383 0.000000 0.781060 0.910125 0.869204 0.779435 0.862236 0.797588 0.885857 0.990168 0.898538 0.936189 0.948002 0.921169 0.783888 0.801987 0.922793 0.771267 0.694586 0.999735 0.797809 0.963273 0.885334 0.789078 0.992149 0.934373 0.938092 0.739256 0.889372 0.858728 0.993017 0.789317 0.778475 0.878056 0.986678 0.825790 0.879015 0.798885 0.920224 0.644645 0.856016 0.993771 0.879074 0.834767 0.842061 0.687741 0.832485 0.851681 0.936114 0.884049 0.865100 0.591081 0.775193 0.667143 0.961210 0.944424 0.938842 0.622407 0.732520 0.672865 0.796233 0.882644 0.995477 0.883589 0.877235 0.995652 0.930586 0.890368 0.898987 0.807770 0.981181 0.945019 0.982538 0.987875 0.949671 0.847089 0.947531 0.792889 0.929863 0.853886 0.851368 0.708385 0.846027 0.758008 0.805915 0.732361 0.753709 0.928138 0.910176 0.933544 0.921305 0.939785 0.900756 0.919400 0.958055 0.909160 0.980691 0.830302 0.757413 0.875700 0.863332 0.936309 0.977043 0.870317 0.905432 0.814285 0.975611 0.873249 0.805325
0.695439 0.682296 0.828451 0.585615 0.938520 0.893830 0.611013 0.514167 0.781060 0.000000 0.784270 0.781521 0.908564 0.758934 0.926573 0.661994 0.662063 0.676608 0.547281 0.599871 0.990060 0.995726 0.729781 0.737383 0.926926 0.949037 0.945451 0.917291 0.757903 0.681313 0.627039 0.690628 0.714302 0.613618 0.833022 0.940075 0.597890 0.840096 0.938125 0.989877 0.945504 0.786726 0.567631 0.636396 0.862143 0.835832 0.781608 0.762236 0.959978 0.976908 0.910685 0.912771 0.953776 0.996632 0.989982 0.846649 0.649260 0.729283 0.788146 0.966152 0.881885 0.935015 0.611487 0.660158 0.952692 0.997771 0.808503 0.928006 0.806845 0.881958 0.501482 0.593161 0.682984 0.670461 0.874937 0.816750 0.663200 0.825445 0.754751 0.809841 0.589839 0.656775 0.910356 0.742320 0.967124 0.869637 0.902736 0.986851 0.753289 0.908467 0.559636 0.574933 0.664037 0.804227 0.937576 0.900847 0.818187 0.898400 0.670737 0.645882 0.874958 0.767846 0.594822 0.620582 0.923075 0.858503 0.960661 0.788688 0.867422 0.959064 0.863925 0.774490 0.852086 0.920091 0.993277 0.967287
0.564478 0.619578 0.827410 0.854186 0.761013 0.888836 0.700369 0.813849 0.910125 0.784270 0.000000 0.640445 0.743325 0.794770 0.792416 0.833505 0.533248 0.548855 0.556717 0.552351 0.854731 0.881737 0.945026 0.898009 0.896753 0.990166 0.909513 0.816866 0.594097 0.593940 0.814553 0.788943 0.600133 0.526244 0.975257 0.959840 0.964166 0.984970 0.898936 0.935465 0.919533 0.982378 0.803446 0.694306 0.792489 0.842248 0.777330 0.773406 0.951803 0.972530 0.874260 0.888181 0.821843 0.764092 0.996834 0.899857 0.577682 0.599311 0.746879 0.861456 0.753084 0.940615 0.551301 0.674752 0.973695 0.978482 0.717299 0.696434 0.574943 0.670215 0.752532 0.820518 0.701964 0.740775 0.946672 0.803163 0.801356 0.819211 0.660460 0.544343 0.555733 0.489999 0.977457 0.836031 0.883610 0.924184 0.775048 0.953699 0.896557 0.793189 0.922564 0.904056 0.930840 0.910448 0.849822 0.869821 0.873263 0.934925 0.649678 0.755132 0.984079 0.873989 0.771008 0.791569 0.795309 0.938158 0.893173 0.873425 0.952728 0.877293 0.838117 0.958186 0.917491 0.874101 0.928693 0.827774
0.531059 0.451228 0.866514 0.833813 0.925100 0.837910 0.934516 0.551324 0.869204 0.781521 0.640445 0.000000 0.797657 0.593538 0.970916 0.628413 0.597258 0.588239 0.672566 0.584330 0.992594 0.970501 0.965722 0.948774 0.871745 0.787687 0.953534 0.778988 0.688257 0.572873 0.974780 0.907418 0.678349 0.734584 0.882473 0.987834 0.818789 0.815590 0.947557 0.989617 0.832056 0.749056 0.940525 0.740647 0.966897 0.893742 0.994267 0.849103 0.976469 0.918546 0.969015 0.868611 0.862704 0.843569 0.955080 0.916912 0.497333 0.459489 0.798968 0.748174 0.775793 0.697646 0.522340 0.379755 0.691930 0.977340 0.981430 0.871605 0.609599 0.655286 0.683134 0.744250 0.720472 0.761524 0.914021 0.917866 0.854653 0.872898 0.801758 0.770885 0.531591 0.518596 0.867732 0.564916 0.794359 0.988501 0.884192 0.970394 0.835290 0.873757 0.818626 0.776229 0.886761 0.922308 0.996529 0.845659 0.797650 0.813381 0.701110 0.778004 0.736097 0.838877 0.773000 0.587881 0.885065 0.991111 0.958888 0.960275 0.820560 0.732693 0.790282 0.908116 0.843923 0.891936 0.952383 0.949249
0.938177 0.973240 0.633298 0.681632 0.783300 0.801177 0.660682 0.690515 0.779435 0.908564 0.743325 0.797657 0.000000 0.718966 0.590942 0.605775 0.945058 0.874526 0.839242 0.955538 0.780840 0.906223 0.765957 0.805166 0.788508 0.729128 0.925482 0.978071 0.840140 0.765804 0.774092 0.929384 0.715074 0.761602 0.918334 0.932473 0.869794 0.990389 0.848174 0.866388 0.990508 0.937519 0.790265 0.725915 0.883108 0.940724 0.780366 0.772510 0.794477 0.966286 0.868983 0.928975 0.948411 0.849767 0.899651 0.982129 0.994118 0.982081 0.750398 0.855771 0.626668 0.923646 0.728795 0.846504 0.697973 0.810542 0.764720 0.713260 0.952118 0.979841 0.917325 0.949801 0.938727 0.900679 0.817947 0.882725 0.899588 0.847402 0.875773 0.770447 0.870006 0.773283 0.917264 0.888177 0.786580 0.835145 0.899068 0.968368 0.742715 0.976734 0.932135 0.907268 0.871437 0.874464 0.986527 0.890980 0.951281 0.985744 0.987902 0.991350 0.997906 0.853127 0.897835 0.911626 0.817313 0.736398 0.995886 0.935116 0.842303 0.785411 0.938855 0.941946 0.987613 0.943464 0.946470 0.852341
0.804794 0.714537 0.978258 0.818582 0.920411 0.998879 0.827761 0.612883 0.862236 0.758934 0.794770 0.593538 0.718966 0.000000 0.718025 0.545711 0.674643 0.611784 0.640312 0.680132 0.984645 0.965402 0.791687 0.743910 0.988459 0.884256 0.999188 0.773272 0.671675 0.553434 0.803294 0.709619 0.768937 0.804964 0.793817 0.966626 0.958935 0.926892 0.978704 0.997392 0.916986 0.846140 0.692963 0.713743 0.995896 0.958644 0.918893 0.800650 0.932700 0.807630 0.890442 0.797477 0.945409 0.943889 0.964836 0.949510 0.674856 0.707761 0.962399 0.886561 0.901295 0.929232 0.595046 0.641392 0.857398 0.800637 0.939129 0.942379 0.882577 0.958941 0.803180 0.830541 0.790370 0.804273 0.943967 0.917267 0.890759 0.807467 0.754933 0.680913 0.641406 0.556294 0.653464 0.683564 0.945322 0.885679 0.976274 0.711617 0.890427 0.804730 0.922081 0.857542 0.954546 0.980914 0.924550 0.779463 0.923636 0.907222 0.824364 0.757634 0.858980 0.811887 0.730315 0.654163 0.944580 0.918381 0.999122 0.940057 0.851291 0.730134 0.930217 0.881888 0.869084 0.864638 0.986744 0.888255
0.924895 0.971235 0.617258 0.705020 0.792709 0.999581 0.618311 0.899782 0.797588 0.926573 0.792416 0.970916 0.590942 0.718025 0.000000 0.666211 0.837192 0.781458 0.677894 0.868272 0.740367 0.775440 0.579665 0.684657 0.647334 0.767450 0.801001 0.940928 0.698317 0.699816 0.697298 0.749650 0.692150 0.738239 0.987725 0.919031 0.928075 0.980022 0.779601 0.793669 0.956241 0.952255 0.532924 0.599286 0.732205 0.821917 0.650107 0.517329 0.969838 0.869840 0.964443 0.970705 0.849718 0.965901 0.942624 0.968773 0.927721 0.973305 0.876007 0.869697 0.850091 0.752410 0.714692 0.999691 0.584822 0.833372 0.735052 0.800322 0.961460 0.940138 0.970308 0.975391 0.906066 0.924655 0.920366 0.823265 0.830911 0.756712 0.706349 0.732068 0.807945 0.769907 0.762567 0.849672 0.553508 0.633175 0.907549 0.941764 0.798043 0.953603 0.991307 0.963683 0.979763 0.976885 0.878617 0.781812 0.960400 0.975055 0.911580 0.781393 0.796912 0.969335 0.909297 0.969715 0.880187 0.778246 0.987989 0.933578 0.922439 0.813371 0.846347 0.931185 0.940376 0.922381 0.841177 0.862497
0.863293 0.794872 0.797014 0.582342 0.925592 0.812570 0.648368 0.477710 0.885857 0.661994 0.833505 0.628413 0.605775 0.545711 0.666211 0.000000 0.750037 0.730768 0.640447 0.712694 0.900312 0.816816 0.590098 0.555234 0.811053 0.848537 0.997438 0.923148 0.724114 0.530266 0.719482 0.685338 0.787857 0.782534 0.950963 0.926512 0.757536 0.878617 0.862336 0.921066 0.913133 0.851187 0.662562 0.642616 0.960867 0.965264 0.843074 0.714096 0.838681 0.889997 0.944628 0.845453 0.915382 0.990868 0.902897 0.887366 0.779388 0.792176 0.916392 0.944570 0.841659 0.922620 0.594160 0.662866 0.949104 0.903041 0.957516 0.972098 0.924988 0.934560 0.652637 0.770155 0.744364 0.818719 0.811295 0.910562 0.818386 0.824465 0.820481 0.764763 0.683071 0.637605 0.780313 0.625039 0.860528 0.749633 0.978969 0.771128 0.998433 0.997469 0.816025 0.813532 0.902127 0.956135 0.991687 0.738971 0.916955 0.865000 0.885755 0.763478 0.916526 0.848098 0.804261 0.655999 0.901446 0.900406 0.966187 0.999945 0.870051 0.761803 0.900618 0.962308 0.853483 0.931525 0.977800 0.925120
0.470157 0.438483 0.947538 0.822026 0.954534 0.988287 0.742557 0.719067 0.990168 0.662063 0.533248 0.597258 0.945058 0.674643 0.837192 0.750037 0.000000 0.328625 0.443736 0.428980 0.883701 0.891579 0.837701 0.812404 0.954948 0.853500 0.887293 0.787716 0.471192 0.449249 0.755967 0.637826 0.512666 0.512388 0.990315 0.901242 0.849186 0.818956 0.998837 0.984384 0.772701 0.835461 0.590152 0.523063 0.759128 0.760729 0.794581 0.736396 0.981042 0.952671 0.929326 0.874247 0.780414 0.793208 0.931812 0.905528 0.326530 0.403476 0.818211 0.993104 0.896663 0.912932 0.457641 0.494745 0.875604 0.948498 0.738339 0.778944 0.594253 0.632349 0.610662 0.646873 0.707429 0.656407 0.839345 0.852510 0.737074 0.753656 0.615247 0.554607 0.354975 0.400944 0.736745 0.683859 0.914046 0.766902 0.944990 0.970001 0.809712 0.887760 0.867194 0.817748 0.929856 0.970386 0.957458 0.784464 0.803517 0.973052 0.643172 0.568976 0.875104 0.930483 0.646596 0.592349 0.840068 0.974381 0.922175 0.959376 0.996582 0.783584 0.664997 0.773702 0.715696 0.898600 0.904040 0.934595
0.510410 0.405942 0.999015 0.879851 0.899020 0.988433 0.791598 0.760606 0.898538 0.676608 0.548855 0.588239 0.874526 0.611784 0.781458 0.730768 0.328625 0.000000 0.463006 0.404114 0.912318 0.944878 0.825678 0.804850 0.957688 0.800656 0.800343 0.797090 0.424838 0.382946 0.799501 0.650750 0.513227 0.503397 0.985121 0.907267 0.863248 0.826202 0.904828 0.991886 0.847676 0.796800 0.593891 0.498289 0.712986 0.724444 0.820365 0.667073 0.971433 0.921644 0.879849 0.887354 0.760336 0.716074 0.890671 0.959679 0.321376 0.378771 0.888515 0.971389 0.928009 0.907425 0.465621 0.495460 0.882739 0.983214 0.771413 0.793584 0.622906 0.646768 0.666510 0.722492 0.743022 0.681973 0.887732 0.843664 0.721141 0.681076 0.615548 0.559124 0.327043 0.345145 0.645468 0.628242 0.884492 0.715457 0.987100 0.917000 0.734528 0.861884 0.935609 0.842040 0.994169 0.990791 0.968947 0.760885 0.830855 0.954594 0.633362 0.556039 0.902012 0.983847 0.644120 0.604031 0.863583 0.996194 0.965465 0.998715 0.980659 0.754670 0.672162 0.681842 0.709148 0.896705 0.920942 0.937608
0.578648 0.599844 0.691775 0.582470 0.879579 0.939185 0.491524 0.586065 0.936189 0.547281 0.556717 0.672566 0.839242 0.640312 0.677894 0.640447 0.443736 0.463006 0.000000 0.438589 0.936325 0.902367 0.555133 0.589239 0.749227 0.977658 0.943422 0.786766 0.566724 0.518268 0.594275 0.476954 0.478351 0.470212 0.921301 0.938579 0.781595 0.897000 0.894130 0.998396 0.911263 0.910625 0.555722 0.597917 0.878116 0.921442 0.764816 0.686041 0.788201 0.835434 0.778253 0.707299 0.805424 0.906323 0.942310 0.896005 0.491046 0.613946 0.897667 0.791378 0.911264 0.793234 0.421318 0.657563 0.910859 0.984527 0.648769 0.791484 0.686414 0.793993 0.496847 0.591464 0.614037 0.645619 0.861190 0.802768 0.645827 0.706141 0.575210 0.579726 0.452374 0.410069 0.740788 0.687938 0.697610 0.621915 0.875243 0.900694 0.756692 0.797544 0.750100 0.667390 0.818814 0.816752 0.877980 0.798121 0.803878 0.951544 0.640705 0.512996 0.989305 0.738675 0.668522 0.653737 0.860107 0.836468 0.962280 0.983146 0.987357 0.879983 0.793775 0.806058 0.835326 0.982308 0.926326 0.914644
0.531151 0.448773 0.988741 0.809222 0.975628 0.966608 0.782792 0.676793 0.948002 0.599871 0.552351 0.584330 0.955538 0.680132 0.868272 0.712694 0.428980 0.404114 0.438589 0.000000 0.992132 0.993301 0.854634 0.807313 0.971726 0.801040 0.894747 0.693804 0.534825 0.501831 0.841005 0.657061 0.614364 0.578689 0.923501 0.859084 0.775525 0.811857 0.928822 0.952238 0.866968 0.864086 0.693138 0.604324 0.919070 0.917237 0.890960 0.759450 0.913577 0.897693 0.787800 0.716601 0.724761 0.783989 0.839773 0.942924 0.415538 0.451631 0.938048 0.919539 0.977721 0.946629 0.501436 0.534637 0.819246 0.920744 0.843272 0.879330 0.598283 0.644218 0.529968 0.702345 0.651902 0.634234 0.943071 0.878959 0.684571 0.755895 0.641003 0.645923 0.389628 0.425331 0.783270 0.602861 0.994152 0.870427 0.952197 0.989459 0.652292 0.787208 0.812550 0.748828 0.914528 0.936017 0.940439 0.855827 0.866989 0.969497 0.630644 0.592057 0.921554 0.910667 0.667957 0.575894 0.925274 0.991916 0.966064 0.985476 0.934374 0.907825 0.736998 0.779125 0.865019 0.843496 0.982039 0.930659
0.913927 0.947196 0.823947 0.865753 0.921775 0.911241 0.836813 0.962585 0.921169 0.990060 0.854731 0.992594 0.780840 0.984645 0.740367 0.900312 0.883701 0.912318 0.936325 0.992132 0.000000 0.887187 0.885277 0.898627 0.783593 0.803001 0.764191 0.980666 0.993384 0.882233 0.930208 0.897426 0.846147 0.839824 0.945834 0.979106 0.983790 0.948419 0.889731 0.959480 0.994069 0.966767 0.888484 0.782009 0.879341 0.917201 0.830933 0.783324 0.966273 0.843235 0.902300 0.896996 0.949350 0.953921 0.831756 0.773139 0.911650 0.980902 0.851422 0.966103 0.750974 0.990246 0.844044 0.982317 0.769782 0.781658 0.801289 0.804892 0.984311 0.973392 0.956783 0.980558 0.856251 0.919017 0.879153 0.952101 0.961839 0.879610 0.985982 0.908333 0.926164 0.948674 0.984074 0.986010 0.815744 0.803834 0.933381 0.919973 0.898343 0.962511 0.987682 0.978618 0.949067 0.925327 0.895014 0.777096 0.867676 0.969071 0.949688 0.962091 0.969681 0.918444 0.857068 0.958721 0.921068 0.810448 0.992098 0.911461 0.906228 0.968444 0.738770 0.943791 0.971386 0.946365 0.851548 0.926656
0.868645 0.944755 0.794392 0.913420 0.894961 0.825065 0.836411 0.870602 0.783888 0.995726 0.881737 0.970501 0.906223 0.965402 0.775440 0.816816 0.891579 0.944878 0.902367 0.993301 0.887187 0.000000 0.843451 0.956808 0.774142 0.710858 0.889781 0.822624 0.838503 0.883709 0.842159 0.965594 0.926117 0.870548 0.905680 0.948357 0.969932 0.960870 0.820759 0.826735 0.867207 0.904595 0.772085 0.736964 0.752369 0.806845 0.788577 0.804210 0.866803 0.811631 0.862822 0.808131 0.839352 0.970894 0.866628 0.769923 0.909751 0.937564 0.738886 0.883746 0.848653 0.974696 0.906706 0.979570 0.823123 0.806470 0.831206 0.837836 0.850804 0.875423 0.920032 0.978147 0.919805 0.898304 0.799548 0.966296 0.899492 0.915984 0.824890 0.900254 0.912375 0.969537 0.847431 0.967882 0.913632 0.955042 0.991089 0.913305 0.874271 0.890923 0.913390 0.953366 0.896464 0.944834 0.865577 0.753095 0.899023 0.995211 0.794007 0.830151 0.981692 0.981669 0.846123 0.899027 0.825572 0.853333 0.918885 0.997126 0.931509 0.929896 0.776938 0.963105 0.840384 0.969980 0.840246 0.758525
0.997479 0.967437 0.485514 0.453334 0.904361 0.945953 0.421487 0.671387 0.801987 0.729781 0.945026 0.965722 0.765957 0.791687 0.579665 0.590098 0.837701 0.825678 0.555133 0.854634 0.885277 0.843451 0.000000 0.365858 0.566306 0.686665 0.898577 0.995320 0.861993 0.747944 0.492915 0.523080 0.682002 0.740003 0.902201 0.980342 0.800281 0.973956 0.729050 0.998291 0.980845 0.943686 0.566883 0.736690 0.940541 0.955529 0.780570 0.740164 0.682425 0.858426 0.835026 0.831540 0.912987 0.813319 0.908249 0.729633 0.920528 0.958509 0.964003 0.634987 0.934247 0.753530 0.711500 0.966526 0.545301 0.750226 0.695394 0.878178 0.906857 0.915628 0.623199 0.725038 0.851134 0.865556 0.797094 0.879601 0.678984 0.757866 0.796585 0.803546 0.835368 0.751859 0.771945 0.890435 0.487627 0.445315 0.759346 0.863921 0.943410 0.944504 0.864318 0.713692 0.882913 0.767515 0.878088 0.775427 0.991435 0.886050 0.962811 0.693436 0.802275 0.789128 0.950080 0.915619 0.894041 0.726258 0.996009 0.932560 0.982531 0.878651 0.943625 0.974130 0.887633 0.991233 0.943258 0.920983
0.975228 0.979228 0.657378 0.497163 0.999654 0.972914 0.497209 0.649108 0.922793 0.737383 0.898009 0.948774 0.805166 0.743910 0.684657 0.555234 0.812404 0.804850 0.589239 0.807313 0.898627 0.956808 0.365858 0.000000 0.650276 0.806654 0.995503 0.927271 0.822382 0.694223 0.622737 0.500783 0.774172 0.820781 0.956276 0.966432 0.850178 0.950139 0.748614 0.923940 0.974946 0.956458 0.627519 0.796701 0.932108 0.919663 0.815554 0.771063 0.696647 0.829311 0.843564 0.791088 0.900260 0.786346 0.869551 0.712152 0.877678 0.976560 0.893938 0.591704 0.985131 0.830754 0.701483 0.954070 0.757283 0.872324 0.839583 0.982209 0.896246 0.989221 0.700113 0.704158 0.737166 0.694747 0.884259 0.900701 0.754452 0.835054 0.830832 0.766752 0.789663 0.698791 0.850249 0.853999 0.573226 0.504342 0.832892 0.816377 0.972437 0.946431 0.880407 0.772090 0.974680 0.892151 0.769313 0.806455 0.999150 0.903374 0.990779 0.718535 0.985817 0.745726 0.897297 0.838206 0.914526 0.860152 0.958657 0.906070 0.914412 0.893800 0.965362 0.965532 0.908269 0.931828 0.918899 0.940606
0.996380 0.916425 0.419228 0.599288 0.785698 0.867453 0.521807 0.875440 0.771267 0.926926 0.896753 0.871745 0.788508 0.988459 0.647334 0.811053 0.954948 0.957688 0.749227 0.971726 0.783593 0.774142 0.566306 0.650276 0.000000 0.512103 0.786587 0.856915 0.932792 0.820041 0.552047 0.711614 0.703549 0.697346 0.748583 0.970468 0.871453 0.876520 0.677781 0.860948 0.887175 0.941437 0.658721 0.747400 0.793126 0.831547 0.681609 0.674664 0.886229 0.871698 0.945148 0.837557 0.808266 0.882635 0.890925 0.928790 0.945646 0.877483 0.816394 0.860804 0.715406 0.858250 0.861247 0.861814 0.462932 0.621085 0.628028 0.692103 0.961101 0.996054 0.960615 0.959897 0.911673 0.980480 0.817340 0.926291 0.743457 0.877332 0.830176 0.953670 0.995450 0.914176 0.936012 0.965423 0.528895 0.545641 0.771850 0.934003 0.799763 0.947075 0.932964 0.976511 0.978301 0.934235 0.852430 0.869422 0.901168 0.956821 0.980955 0.888027 0.857253 0.981954 0.985866 0.882245 0.803704 0.665398 0.849483 0.968974 0.966694 0.963747 0.862985 0.865098 0.972227 0.878761 0.925023 0.842379
0.897485 0.766249 0.448009 0.626228 0.838662 0.871632 0.593943 0.819984 0.694586 0.949037 0.990166 0.787687 0.729128 0.884256 0.767450 0.848537 0.853500 0.800656 0.977658 0.801040 0.803001 0.710858 0.686665 0.806654 0.512103 0.000000 0.825594 0.735866 0.876750 0.936306 0.645123 0.878126 0.841740 0.834254 0.690690 0.877367 0.800000 0.990811 0.688950 0.888312 0.870211 0.865731 0.807122 0.816041 0.828336 0.881843 0.699056 0.792684 0.912827 0.899551 0.888499 0.802385 0.785694 0.872788 0.888143 0.992491 0.789062 0.755995 0.731716 0.961358 0.660403 0.961539 0.991467 0.817606 0.503065 0.611510 0.650173 0.668334 0.921017 0.985003 0.958483 0.977917 0.964451 0.828498 0.789607 0.926669 0.897491 0.990159 0.987091 0.928730 0.823700 0.862040 0.974101 0.878650 0.679238 0.767864 0.914223 0.999004 0.733298 0.853530 0.998594 0.988229 0.931274 0.888429 0.965937 0.995795 0.961787 0.997881 0.883061 0.946516 0.868252 0.942278 0.988089 0.842795 0.865067 0.670378 0.946872 0.939011 0.918508 0.978189 0.955199 0.819722 0.951647 0.998258 0.943322 0.800139
0.997330 0.930500 0.877152 0.948561 0.814530 0.936763 0.988039 0.923800 0.999735 0.945451 0.909513 0.953534 0.925482 0.999188 0.801001 0.997438 0.887293 0.800343 0.943422 0.894747 0.764191 0.889781 0.898577 0.995503 0.786587 0.825594 0.000000 0.987467 0.866776 0.800809 0.842428 0.975980 0.916114 0.843941 0.946830 0.852859 0.890093 0.898060 0.907684 0.926421 0.971049 0.961478 0.915195 0.760260 0.815705 0.895866 0.982098 0.832462 0.963321 0.777328 0.974004 0.882446 0.912853 0.962097 0.924403 0.939722 0.889785 0.926290 0.999072 0.997160 0.936415 0.935769 0.993184 0.974954 0.777047 0.773085 0.859598 0.882037 0.961695 0.823507 0.985599 0.977093 0.987939 0.911721 0.864665 0.978372 0.959197 0.960846 0.894693 0.970024 0.914172 0.928959 0.822068 0.938995 0.963014 0.773467 0.934972 0.912263 0.906952 0.973879 0.833036 0.877410 0.798410 0.963464 0.981759 0.913412 0.844984 0.999215 0.868427 0.955414 0.993177 0.848387 0.995126 0.871247 0.958596 0.920818 0.900023 0.961966 0.899836 0.909965 0.924734 0.930310 0.900630 0.959566 0.838550 0.912077
0.853509 0.817567 0.873320 0.989624 0.957612 0.873895 0.995706 0.906301 0.797809 0.917291 0.816866 0.778988 0.978071 0.773272 0.940928 0.923148 0.787716 0.797090 0.786766 0.693804 0.980666 0.822624 0.995320 0.927271 0.856915 0.735866 0.987467 0.000000 0.804208 0.785368 0.901986 0.976838 0.966472 0.883886 0.845318 0.913587 0.936469 0.969310 0.964450 0.920833 0.935962 0.904015 0.978871 0.901138 0.961715 0.997412 0.928741 0.916386 0.973847 0.926214 0.876098 0.801055 0.863313 0.964149 0.957933 0.957907 0.804607 0.806132 0.854777 0.908329 0.894509 0.962905 0.922074 0.953950 0.849376 0.965416 0.933061 0.960831 0.766501 0.913106 0.886784 0.959479 0.693041 0.720607 0.936382 0.989575 0.988370 0.976417 0.931286 0.761252 0.822033 0.766082 0.867135 0.815213 0.950878 0.916978 0.939723 0.764297 0.885641 0.652180 0.992281 0.982572 0.899239 0.931325 0.936017 0.979142 0.959379 0.951641 0.867005 0.809139 0.890614 0.869780 0.997003 0.889066 0.997444 0.852387 0.955213 0.912968 0.999975 0.909493 0.956432 0.921542 0.924295 0.909025 0.980115 0.868282
0.654490 0.628114 0.945141 0.916580 0.884362 0.961687 0.810498 0.778136 0.963273 0.757903 0.594097 0.688257 0.840140 0.671675 0.698317 0.724114 0.471192 0.424838 0.566724 0.534825 0.993384 0.838503 0.861993 0.822382 0.932792 0.876750 0.866776 0.804208 0.000000 0.431367 0.789883 0.721500 0.631520 0.582152 0.990814 0.991914 0.919709 0.965532 0.993972 0.960928 0.839305 0.873496 0.564828 0.514201 0.681650 0.642310 0.753759 0.628685 0.898616 0.801083 0.968206 0.985549 0.960099 0.807205 0.953743 0.946399 0.526940 0.542562 0.882214 0.996795 0.923958 0.962553 0.620747 0.648859 0.937777 0.972458 0.785296 0.795484 0.662239 0.665462 0.869678 0.927210 0.766053 0.706875 0.843524 0.767172 0.836449 0.697897 0.628066 0.595178 0.453829 0.474672 0.634794 0.658806 0.872469 0.800189 0.921871 0.823411 0.850606 0.903489 0.988901 0.947435 0.964762 0.861906 0.954089 0.773718 0.858094 0.928133 0.697376 0.677968 0.856553 0.857993 0.788704 0.741912 0.901163 0.987967 0.962597 0.939219 0.931609 0.775255 0.711020 0.826733 0.737809 0.941174 0.943247 0.917689
0.697693 0.562503 0.898878 0.771850 0.953795 0.968935 0.739285 0.651748 0.885334 0.681313 0.593940 0.572873 0.765804 0.553434 0.699816 0.530266 0.449249 0.382946 0.518268 0.501831 0.882233 0.883709 0.747944 0.694223 0.820041 0.936306 0.800809 0.785368 0.431367 0.000000 0.722769 0.643950 0.624204 0.545982 0.933313 0.964093 0.882348 0.801447 0.956544 0.984334 0.907252 0.824386 0.548103 0.443496 0.827446 0.729367 0.785071 0.578339 0.977330 0.907425 0.888273 0.919850 0.901284 0.857195 0.879473 0.948817 0.477296 0.528542 0.927686 0.947977 0.879089 0.977638 0.552505 0.553770 0.977131 0.923646 0.866667 0.841030 0.727969 0.743784 0.701958 0.820764 0.713793 0.671931 0.834380 0.894633 0.803032 0.744657 0.628316 0.604208 0.456194 0.431960 0.612388 0.642485 0.913187 0.757925 0.991517 0.785467 0.889300 0.863233 0.993329 0.958083 0.865996 0.928766 0.970692 0.769273 0.952455 0.898709 0.813977 0.694520 0.920735 0.930073 0.762596 0.629717 0.884273 0.962543 0.930935 0.909626 0.893518 0.753644 0.766566 0.885223 0.725435 0.866983 0.955731 0.858760
0.851689 0.886555 0.501398 0.494030 0.885361 0.871189 0.445989 0.617858 0.789078 0.627039 0.814553 0.974780 0.774092 0.803294 0.697298 0.719482 0.755967 0.799501 0.594275 0.841005 0.930208 0.842159 0.492915 0.622737 0.552047 0.645123 0.842428 0.901986 0.789883 0.722769 0.000000 0.628348 0.589367 0.545160 0.692334 0.994985 0.781289 0.913165 0.675040 0.925629 0.881455 0.915090 0.582373 0.650027 0.783755 0.840411 0.710988 0.745883 0.859621 0.986924 0.997012 0.976684 0.885050 0.948529 0.892497 0.877164 0.862521 0.928119 0.779336 0.903730 0.754390 0.877971 0.694296 0.891340 0.636098 0.785621 0.617383 0.716956 0.949559 0.960507 0.667986 0.762739 0.875190 0.915963 0.831217 0.842529 0.669448 0.773973 0.745090 0.782372 0.787666 0.735977 0.844622 0.968864 0.670115 0.637997 0.940701 0.999327 0.927168 0.971230 0.840668 0.784195 0.866648 0.754424 0.942086 0.979399 0.887013 0.940077 0.888021 0.817921 0.978837 0.698158 0.888923 0.929933 0.909286 0.758839 0.979215 0.899316 0.989242 0.961247 0.957991 0.909994 0.871440 0.994340 0.949373 0.843288
0.835699 0.823810 0.721803 0.661744 0.910892 0.985959 0.574484 0.700168 0.992149 0.690628 0.788943 0.907418 0.929384 0.709619 0.749650 0.685338 0.637826 0.650750 0.476954 0.657061 0.897426 0.965594 0.523080 0.500783 0.711614 0.878126 0.975980 0.976838 0.721500 0.643950 0.628348 0.000000 0.637082 0.630967 0.990971 0.893570 0.888320 0.978057 0.927338 0.920315 0.973318 0.983101 0.577462 0.730501 0.937862 0.952838 0.831802 0.774901 0.795201 0.818741 0.833067 0.779422 0.931938 0.999231 0.927676 0.802872 0.683125 0.806877 0.931695 0.661654 0.954173 0.692858 0.591098 0.830095 0.868851 0.971260 0.785771 0.906588 0.963335 0.977818 0.662654 0.738142 0.807926 0.780642 0.939873 0.877650 0.720637 0.737135 0.688430 0.728012 0.663147 0.612577 0.755951 0.862150 0.672083 0.616200 0.858076 0.852575 0.789470 0.942510 0.870164 0.775734 0.918958 0.893711 0.877884 0.779487 0.887351 0.970677 0.851834 0.622128 0.999394 0.806480 0.845228 0.755037 0.997914 0.935760 0.949262 0.944418 0.986918 0.921782 0.821069 0.899370 0.900727 0.977667 0.911815 0.898855
0.496393 0.560984 0.646476 0.636119 0.764689 0.881688 0.532366 0.660344 0.934373 0.714302 0.600133 0.678349 0.715074 0.768937 0.692150 0.787857 0.512666 0.513227 0.478351 0.614364 0.846147 0.926117 0.682002 0.774172 0.703549 0.841740 0.916114 0.966472 0.631520 0.624204 0.589367 0.637082 0.000000 0.411818 0.748477 0.885410 0.746950 0.811752 0.923554 0.968806 0.786974 0.875528 0.612983 0.576331 0.680773 0.747731 0.745557 0.674144 0.906427 0.914796 0.912371 0.967677 0.932767 0.817772 0.933125 0.997205 0.527028 0.585188 0.674455 0.926863 0.647075 0.950032 0.473264 0.615577 0.822416 0.832001 0.511885 0.524582 0.710694 0.733933 0.672654 0.695582 0.797228 0.906218 0.865228 0.921926 0.656109 0.638992 0.632913 0.685659 0.534636 0.476201 0.817302 0.767818 0.693774 0.597054 0.969471 0.934025 0.892425 0.918401 0.850218 0.736947 0.806438 0.825150 0.982518 0.825119 0.880401 0.936983 0.658143 0.709804 0.949487 0.839868 0.754490 0.766193 0.743562 0.776537 0.979001 0.984384 0.948188 0.836503 0.707870 0.867202 0.843675 0.980235 0.918302 0.982939
0.559735 0.567787 0.644235 0.637589 0.769521 0.864426 0.521814 0.623820 0.938092 0.613618 0.526244 0.734584 0.761602 0.804964 0.738239 0.782534 0.512388 0.503397 0.470212 0.578689 0.839824 0.870548 0.740003 0.820781 0.697346 0.834254 0.843941 0.883886 0.582152 0.545982 0.545160 0.630967 0.411818 0.000000 0.695342 0.866356 0.729956 0.866504 0.856233 0.944637 0.863304 0.925696 0.559115 0.478721 0.597183 0.653309 0.689689 0.599911 0.974608 0.859190 0.974234 0.997499 0.904295 0.839667 0.923472 0.948406 0.523444 0.610488 0.663027 0.932848 0.669757 0.975372 0.508156 0.674172 0.825288 0.799864 0.484792 0.500368 0.633151 0.664393 0.648331 0.763921 0.692913 0.811909 0.873873 0.793933 0.662571 0.664818 0.570095 0.646599 0.509293 0.503311 0.801909 0.773988 0.757907 0.672909 0.989954 0.931234 0.861469 0.924667 0.784423 0.748638 0.829220 0.773421 0.998819 0.837157 0.827756 0.930197 0.604073 0.674147 0.981233 0.748145 0.746809 0.718625 0.738016 0.737615 0.957816 0.946504 0.993411 0.825506 0.656928 0.755128 0.689191 0.940111 0.895573 0.835284
0.892804 0.969069 0.648493 0.740331 0.818730 0.755477 0.705402 0.846482 0.739256 0.833022 0.975257 0.882473 0.918334 0.793817 0.987725 0.950963 0.990315 0.985121 0.921301 0.923501 0.945834 0.905680 0.902201 0.956276 0.748583 0.690690 0.946830 0.845318 0.990814 0.933313 0.692334 0.990971 0.748477 0.695342 0.000000 0.963537 0.741303 0.909728 0.783526 0.938410 0.925687 0.967552 0.885087 0.883932 0.681505 0.791747 0.840990 0.866981 0.977125 0.777000 0.842716 0.786729 0.795601 0.920097 0.701580 0.939029 0.981510 0.972129 0.579826 0.771690 0.559077 0.830788 0.908111 0.954651 0.654848 0.602880 0.519618 0.538468 0.871232 0.877220 0.967352 0.967826 0.969112 0.913938 0.902788 0.916804 0.867217 0.898949 0.934622 0.973583 0.963018 0.969138 0.974842 0.989286 0.802263 0.757944 0.961057 0.842630 0.898477 0.730557 0.835780 0.807548 0.724111 0.737027 0.858478 0.884050 0.742449 0.927659 0.883163 0.907638 0.925483 0.826454 0.885350 0.915883 0.764551 0.693361 0.938234 0.869384 0.981681 0.972375 0.850126 0.812098 0.912193 0.904151 0.907646 0.936257
0.945262 0.914843 0.966808 0.948786 0.884079 0.863994 0.976706 0.969218 0.889372 0.940075 0.959840 0.987834 0.932473 0.966626 0.919031 0.926512 0.901242 0.907267 0.938579 0.859084 0.979106 0.948357 0.980342 0.966432 0.970468 0.877367 0.852859 0.913587 0.991914 0.964093 0.994985 0.893570 0.885410 0.866356 0.963537 0.000000 0.829588 0.911109 0.955927 0.831830 0.985899 0.882991 0.990802 0.973629 0.977832 0.940027 0.833511 0.962789 0.873176 0.884778 0.892721 0.918768 0.838506 0.928195 0.896389 0.953893 0.868336 0.910671 0.963050 0.986407 0.947719 0.965040 0.981925 0.976989 0.971468 0.916532 0.900357 0.857703 0.942812 0.870534 0.852323 0.959504 0.956297 0.959260 0.926765 0.897220 0.995410 0.988043 0.850198 0.956185 0.915974 0.989433 0.809859 0.975727 0.947845 0.953697 0.865463 0.965281 0.987135 0.852278 0.873156 0.843288 0.894063 0.978503 0.992001 0.906802 0.960343 0.939091 0.977074 0.988609 0.890896 0.921018 0.865714 0.970569 0.909522 0.971885 0.989078 0.960744 0.895577 0.992731 0.911196 0.935984 0.975236 0.942584 0.930588 0.972794
0.748739 0.774509 0.832471 0.624979 0.920552 0.815911 0.741887 0.663085 0.858728 0.597890 0.964166 0.818789 0.869794 0.958935 0.928075 0.757536 0.849186 0.863248 0.781595 0.775525 0.983790 0.969932 0.800281 0.850178 0.871453 0.800000 0.890093 0.936469 0.919709 0.882348 0.781289 0.888320 0.746950 0.729956 0.741303 0.829588 0.000000 0.687403 0.933664 0.957414 0.778639 0.936425 0.778761 0.781913 0.911664 0.945925 0.995891 0.874661 0.945594 0.944970 0.824705 0.958508 0.916083 0.940110 0.981175 0.908880 0.767823 0.798990 0.771221 0.908329 0.729904 0.785412 0.771845 0.726233 0.897929 0.777084 0.825917 0.831540 0.803511 0.860722 0.620220 0.701648 0.769004 0.833851 0.766066 0.924468 0.779724 0.838655 0.813112 0.936638 0.766937 0.835258 0.890038 0.777640 0.959108 0.776379 0.964604 0.913189 0.990555 0.996509 0.788482 0.744276 0.748159 0.873551 0.913875 0.989180 0.825823 0.868410 0.754443 0.805679 0.980777 0.841452 0.871277 0.841010 0.749020 0.810185 0.981943 0.830981 0.867640 0.969337 0.831484 0.788556 0.921027 0.964364 0.949910 0.965943
0.705666 0.674794 0.955603 0.780774 0.932094 0.844285 0.935590 0.841708 0.993017 0.840096 0.984970 0.815590 0.990389 0.926892 0.980022 0.878617 0.818956 0.826202 0.897000 0.811857 0.948419 0.960870 0.973956 0.950139 0.876520 0.990811 0.898060 0.969310 0.965532 0.801447 0.913165 0.978057 0.811752 0.866504 0.909728 0.911109 0.687403 0.000000 0.927667 0.851182 0.853399 0.991483 0.826150 0.794210 0.906709 0.889854 0.938804 0.898368 0.845986 0.792417 0.769835 0.806630 0.865743 0.912097 0.928711 0.933503 0.750476 0.736465 0.789090 0.846939 0.799371 0.736814 0.825613 0.703865 0.947150 0.827512 0.939431 0.908989 0.777024 0.814973 0.762689 0.709983 0.875557 0.826002 0.839542 0.922938 0.781966 0.883241 0.906092 0.965575 0.871826 0.881969 0.947821 0.819558 0.972615 0.855338 0.963106 0.951103 0.953768 0.808770 0.968595 0.956692 0.904541 0.962148 0.987641 0.944292 0.962201 0.944878 0.852812 0.925689 0.936716 0.841004 0.907414 0.741987 0.814116 0.798057 0.883551 0.865317 0.811403 0.850196 0.891669 0.955336 0.875633 0.869372 0.887216 0.817660
