0.000000 0.347621 0.662032 0.682222 0.887140 0.668002 0.375585 0.393289 0.476145 0.535857 0.385346 0.287100 0.397297 0.446250 0.565061 0.666717 0.437003 0.426166 0.410912 0.481115 0.926724 0.960838 0.791812 0.998479 0.830134 0.975112 0.744898 0.827520 0.438888 0.537320 0.950798 0.975979 0.493322 0.424912 0.696784 0.902120 0.904635 0.960523 0.765967 0.999471 0.879878 0.841661 0.642105 0.657562 0.644454 0.600806 0.596398 0.559269 0.866580 0.789218 0.733844 0.605598 0.785469 0.892581 0.781077 0.658260 0.391623 0.349595 0.243396 0.309550 0.264438 0.346223 0.416550 0.370366 0.738751 0.658067 0.580512 0.583073 0.554141 0.694124 0.623851 0.766568 0.903469 0.911870 0.900241 0.986004 0.588771 0.864945 0.609050 0.890073 0.448892 0.678944 0.910199 0.718519 0.659458 0.814858 0.975324 0.859319 0.589574 0.628403 0.689329 0.673904 0.758276 0.698122 0.794768 0.815334 0.595874 0.792939 0.470593 0.439334 0.689932 0.724542 0.613306 0.679919 0.529615 0.464581 0.775589 0.622608 0.694825 0.729872 0.683998 0.729052 0.569831 0.895257 0.639865 0.849617
0.347621 0.000000 0.500973 0.460275 0.995754 0.707738 0.336378 0.325837 0.586923 0.733684 0.656789 0.507201 0.678006 0.611215 0.766172 0.753182 0.600744 0.632585 0.416576 0.376136 0.815573 0.882755 0.674712 0.754801 0.857089 0.725452 0.871409 0.853645 0.687131 0.770235 0.685556 0.771822 0.440433 0.357429 0.579460 0.839654 0.771412 0.873456 0.931256 0.933606 0.730946 0.916247 0.399513 0.436447 0.550399 0.546381 0.497069 0.417539 0.930306 0.687591 0.602876 0.486070 0.668293 0.733147 0.723450 0.598653 0.415453 0.377064 0.425562 0.359796 0.412165 0.331212 0.719306 0.675051 0.594564 0.454577 0.394626 0.407147 0.470943 0.564778 0.490298 0.587229 0.626477 0.694449 0.822454 0.891948 0.584407 0.761585 0.728823 0.850970 0.552145 0.660441 0.814316 0.787483 0.608991 0.581614 0.990786 0.924912 0.629116 0.554211 0.578851 0.708967 0.629692 0.705568 0.710423 0.866179 0.534958 0.772225 0.493579 0.491424 0.669597 0.685113 0.638020 0.821322 0.414110 0.410625 0.801032 0.562350 0.703395 0.713619 0.648468 0.712066 0.615461 0.771251 0.573347 0.939621
0.662032 0.500973 0.000000 0.220527 0.911498 0.822829 0.379562 0.461543 0.627812 0.979547 0.988925 0.776982 0.788971 0.722994 0.772629 0.623270 0.915802 0.881807 0.505948 0.434160 0.474680 0.745679 0.318020 0.417232 0.397737 0.306852 0.971559 0.852985 0.934310 0.875814 0.364778 0.522546 0.391450 0.397259 0.451398 0.735461 0.448194 0.671929 0.835122 0.712198 0.771703 0.950737 0.424831 0.561095 0.737138 0.832880 0.462160 0.468473 0.786141 0.925026 0.724587 0.784730 0.831402 0.809731 0.667417 0.742168 0.850260 0.797345 0.725358 0.678008 0.572343 0.506267 0.960957 0.999121 0.250264 0.287395 0.307236 0.331823 0.623221 0.741093 0.397147 0.451627 0.513441 0.557372 0.845071 0.837572 0.617983 0.473167 0.952253 0.698830 0.795778 0.620577 0.781269 0.912206 0.484745 0.402656 0.923282 0.852011 0.626963 0.648011 0.612512 0.789179 0.620819 0.639264 0.641531 0.760855 0.630113 0.899399 0.692113 0.657177 0.758418 0.882787 0.855451 0.980750 0.543868 0.484850 0.730658 0.802623 0.768469 0.775016 0.634869 0.857774 0.868641 0.829341 0.791082 0.920540
0.682222 0.460275 0.220527 0.000000 0.928136 0.770043 0.376655 0.425907 0.693203 0.977592 0.964381 0.739941 0.903149 0.730223 0.893819 0.715660 0.929745 0.949588 0.536036 0.409510 0.453457 0.783641 0.385543 0.387895 0.405071 0.308366 0.989200 0.879561 0.948191 0.961490 0.394165 0.525200 0.431858 0.415856 0.485694 0.676296 0.513652 0.626631 0.778728 0.760638 0.707581 0.936139 0.399827 0.516121 0.737934 0.857160 0.403292 0.437992 0.752235 0.930445 0.682183 0.742190 0.821728 0.771354 0.706990 0.714668 0.827334 0.813695 0.703602 0.627261 0.605803 0.456389 0.908868 0.937248 0.301379 0.224027 0.267170 0.265484 0.634164 0.756162 0.354233 0.378888 0.464452 0.548892 0.745769 0.778477 0.603854 0.470666 0.964676 0.696838 0.846491 0.695954 0.773707 0.929624 0.533591 0.392850 0.879179 0.925387 0.663390 0.662339 0.560010 0.781879 0.567092 0.648677 0.670279 0.706287 0.560013 0.838426 0.657821 0.656996 0.690603 0.847020 0.830802 0.976498 0.493796 0.477111 0.748843 0.759435 0.714322 0.746083 0.639475 0.830839 0.877134 0.824555 0.697161 0.868494
0.887140 0.995754 0.911498 0.928136 0.000000 0.991170 0.995135 0.958804 0.735021 0.768012 0.858280 0.916241 0.638766 0.860916 0.608908 0.794085 0.807746 0.845318 0.811651 0.960870 0.907548 0.883362 0.858633 0.915432 0.949707 0.878580 0.765388 0.942861 0.819713 0.837793 0.887625 0.797994 0.936688 0.980290 0.884551 0.887676 0.937633 0.880925 0.979936 0.647355 0.822709 0.972741 0.922085 0.873796 0.974551 0.963790 0.932834 0.924065 0.831505 0.826796 0.811480 0.777553 0.900692 0.717721 0.885170 0.999504 0.892189 0.766306 0.865597 0.981702 0.811689 0.990817 0.726170 0.786189 0.788814 0.930042 0.955030 0.900276 0.984455 0.985608 0.990920 0.816156 0.760177 0.792507 0.854925 0.868188 0.922767 0.984014 0.980545 0.933869 0.771080 0.901583 0.890761 0.672249 0.717052 0.982625 0.899234 0.839492 0.730400 0.872934 0.869737 0.954457 0.860124 0.940216 0.980259 0.937118 0.839353 0.848569 0.988708 0.999123 0.750811 0.828804 0.966711 0.891877 0.848520 0.889459 0.887627 0.893327 0.919213 0.880583 0.886053 0.830589 0.905279 0.888734 0.801492 0.996410
0.668002 0.707738 0.822829 0.770043 0.991170 0.000000 0.586457 0.520051 0.606080 0.610474 0.782413 0.692638 0.906759 0.978986 0.989680 0.977049 0.840227 0.837392 0.809733 0.703912 0.981433 0.850545 0.971283 0.887107 0.880180 0.943375 0.618598 0.884339 0.833832 0.984087 0.991370 0.919856 0.752622 0.719756 0.834453 0.986357 0.981782 0.922410 0.852728 0.980601 0.799763 0.967479 0.698564 0.655436 0.770289 0.771000 0.711663 0.739410 0.954724 0.840115 0.764693 0.727890 0.793495 0.798140 0.831723 0.738492 0.854533 0.826359 0.679322 0.553975 0.683467 0.567403 0.935666 0.897524 0.943765 0.719786 0.662814 0.640858 0.764341 0.631555 0.745983 0.748725 0.842019 0.908219 0.851334 0.867743 0.785761 0.861046 0.966034 0.971384 0.919081 0.969837 0.793472 0.966879 0.970025 0.965019 0.896169 0.880783 0.862128 0.982732 0.569956 0.590458 0.594815 0.606710 0.959485 0.858276 0.730052 0.756863 0.581676 0.615902 0.721734 0.711473 0.788454 0.700021 0.729207 0.745074 0.799755 0.704239 0.904017 0.847360 0.693212 0.683583 0.666618 0.848602 0.602443 0.851268
0.375585 0.336378 0.379562 0.376655 0.995135 0.586457 0.000000 0.201532 0.352700 0.544743 0.624655 0.449043 0.678216 0.688477 0.779662 0.741983 0.580288 0.562116 0.432060 0.392610 0.774367 0.775811 0.649545 0.810188 0.833042 0.655705 0.692989 0.883979 0.610808 0.654973 0.622747 0.781950 0.399767 0.292206 0.445600 0.851178 0.754674 0.855955 0.932054 0.893921 0.698815 0.890537 0.362969 0.356805 0.447487 0.489790 0.480453 0.403302 0.912996 0.661869 0.464338 0.452108 0.531840 0.562296 0.639773 0.622425 0.634004 0.565017 0.395475 0.417219 0.378627 0.316524 0.731745 0.633279 0.577215 0.445163 0.252524 0.313734 0.580541 0.671959 0.342542 0.470388 0.568951 0.653228 0.838327 0.903395 0.432544 0.610067 0.737098 0.847777 0.585332 0.690402 0.926235 0.880952 0.730527 0.720688 0.902763 0.780879 0.665939 0.694325 0.351685 0.492217 0.402131 0.432956 0.634026 0.696983 0.370404 0.665492 0.320087 0.372931 0.548988 0.573830 0.571270 0.685004 0.384233 0.342771 0.630180 0.538316 0.630014 0.617788 0.485004 0.628227 0.603802 0.716348 0.537141 0.859219
0.393289 0.325837 0.461543 0.425907 0.958804 0.520051 0.201532 0.000000 0.431169 0.528192 0.616873 0.420926 0.727386 0.675382 0.861195 0.859746 0.660806 0.647833 0.528681 0.422130 0.808368 0.786520 0.753786 0.874987 0.898801 0.702952 0.641023 0.836364 0.656004 0.741906 0.659600 0.782333 0.445185 0.339148 0.485715 0.853362 0.866270 0.892875 0.918083 0.904753 0.658297 0.858088 0.379175 0.381992 0.570253 0.590095 0.519912 0.479002 0.990862 0.745401 0.551373 0.513411 0.624009 0.634351 0.752418 0.633955 0.604146 0.581773 0.413865 0.362162 0.375186 0.245427 0.763813 0.661762 0.655817 0.410758 0.270359 0.298436 0.612977 0.631721 0.384445 0.436513 0.618253 0.661939 0.834666 0.851350 0.518730 0.704505 0.849536 0.887738 0.662072 0.796387 0.982309 0.980155 0.786368 0.767894 0.970464 0.739158 0.676514 0.741560 0.334102 0.525117 0.377757 0.451832 0.681199 0.684578 0.393290 0.612954 0.340922 0.401037 0.480665 0.551543 0.597606 0.712808 0.362881 0.339913 0.592511 0.524540 0.640614 0.598347 0.466760 0.608611 0.562130 0.762864 0.476719 0.863816
0.476145 0.586923 0.627812 0.693203 0.735021 0.606080 0.352700 0.431169 0.000000 0.437921 0.464330 0.487573 0.590160 0.740034 0.687730 0.722876 0.583669 0.533659 0.616201 0.634618 0.992699 0.868945 0.816801 0.929131 0.915664 0.936149 0.716520 0.770473 0.502526 0.601061 0.875323 0.998463 0.557201 0.486041 0.625188 0.992446 0.862637 0.989139 0.863785 0.869841 0.746787 0.839361 0.631595 0.574886 0.540693 0.578399 0.738979 0.696126 0.750396 0.804906 0.655290 0.672435 0.649783 0.789989 0.580513 0.737715 0.799625 0.642498 0.448469 0.577393 0.428894 0.475048 0.637121 0.533323 0.754712 0.751006 0.525024 0.593752 0.709766 0.714155 0.549093 0.733439 0.798991 0.887651 0.891312 0.933629 0.584991 0.793093 0.665151 0.952096 0.586239 0.713327 0.971372 0.719324 0.804701 0.921990 0.871811 0.877016 0.604897 0.804056 0.565736 0.524611 0.585217 0.485486 0.745216 0.860716 0.638832 0.752157 0.427408 0.492386 0.693032 0.693468 0.648239 0.754103 0.620297 0.515050 0.755065 0.613381 0.718130 0.803037 0.612811 0.727592 0.635977 0.776376 0.693493 0.967583
0.535857 0.733684 0.979547 0.977592 0.768012 0.610474 0.544743 0.528192 0.437921 0.000000 0.442633 0.522618 0.713938 0.935733 0.773019 0.937671 0.510592 0.466949 0.728082 0.823527 0.726814 0.920657 0.798449 0.515967 0.609043 0.727977 0.653685 0.771718 0.419025 0.598549 0.799010 0.701666 0.857357 0.702184 0.777430 0.885519 0.821969 0.855922 0.732787 0.972718 0.889161 0.783150 0.807623 0.684495 0.584030 0.559102 0.895100 0.865298 0.605457 0.737050 0.653488 0.642286 0.672262 0.775872 0.884109 0.762972 0.770595 0.675224 0.500514 0.688506 0.629361 0.650420 0.572905 0.461699 0.874240 0.936186 0.751064 0.867397 0.844719 0.809100 0.642636 0.859878 0.993704 0.964156 0.957128 0.933097 0.628582 0.982762 0.822357 0.842694 0.596938 0.881473 0.908174 0.812259 0.909222 0.697410 0.763206 0.696265 0.789773 0.971619 0.525448 0.460450 0.561357 0.474868 0.880886 0.768054 0.651511 0.664344 0.409083 0.508858 0.683577 0.622784 0.512666 0.620784 0.701747 0.702893 0.799417 0.634984 0.838329 0.783794 0.648960 0.723648 0.441404 0.792842 0.755587 0.899836
0.385346 0.656789 0.988925 0.964381 0.858280 0.782413 0.624655 0.616873 0.464330 0.442633 0.000000 0.323356 0.423303 0.530676 0.641833 0.774263 0.427229 0.417015 0.696619 0.721470 0.703646 0.914236 0.888544 0.684517 0.555497 0.685065 0.720004 0.679268 0.337222 0.421890 0.827784 0.790984 0.735910 0.664667 0.948885 0.742607 0.866964 0.885332 0.824762 0.954956 0.983460 0.781215 0.971226 0.898256 0.780318 0.715979 0.937263 0.919032 0.763702 0.922266 0.931383 0.855545 0.909888 0.935905 0.829708 0.853275 0.617926 0.520291 0.407904 0.537114 0.403017 0.512560 0.329333 0.272014 0.931966 0.995732 0.893431 0.925307 0.799144 0.827206 0.919848 0.957274 0.837265 0.831794 0.858172 0.939119 0.830939 0.824342 0.623766 0.982049 0.439406 0.731541 0.977123 0.695115 0.889264 0.904720 0.846371 0.927385 0.755215 0.817490 0.901588 0.812878 0.953668 0.865230 0.876189 0.934534 0.847138 0.873149 0.653942 0.674195 0.788126 0.834115 0.713227 0.797934 0.739751 0.721854 0.871207 0.803107 0.777520 0.816485 0.801781 0.881402 0.713671 0.955868 0.731442 0.890515
0.287100 0.507201 0.776982 0.739941 0.916241 0.692638 0.449043 0.420926 0.487573 0.522618 0.323356 0.000000 0.397857 0.434082 0.619417 0.687461 0.512550 0.480772 0.588868 0.570028 0.907873 0.940655 0.904429 0.935064 0.756137 0.894687 0.775171 0.755248 0.425899 0.489547 0.942822 0.896184 0.578050 0.500087 0.810581 0.878478 0.892932 0.911854 0.846639 0.923956 0.912916 0.891747 0.825142 0.782615 0.774862 0.750806 0.692804 0.689469 0.918391 0.948881 0.894672 0.772620 0.898059 0.982795 0.871327 0.752683 0.553789 0.531473 0.302778 0.391413 0.286944 0.311256 0.407937 0.347489 0.813586 0.672311 0.647644 0.653795 0.780234 0.793477 0.730800 0.835553 0.976213 0.951918 0.805995 0.921125 0.636657 0.962296 0.701035 0.906260 0.494274 0.743365 0.935711 0.712442 0.719592 0.867767 0.958999 0.880744 0.645975 0.724285 0.743894 0.758072 0.799144 0.744246 0.811872 0.796057 0.704414 0.768377 0.548858 0.570412 0.701126 0.768109 0.697492 0.727200 0.543695 0.522461 0.780617 0.768907 0.776559 0.800754 0.744620 0.726932 0.669431 0.995413 0.685914 0.868032
0.397297 0.678006 0.788971 0.903149 0.638766 0.906759 0.678216 0.727386 0.590160 0.713938 0.423303 0.397857 0.000000 0.393812 0.377251 0.456295 0.613799 0.595871 0.577373 0.729189 0.888535 0.881195 0.712430 0.986358 0.767780 0.868491 0.922632 0.852942 0.473046 0.507960 0.927818 0.837183 0.651290 0.703034 0.963769 0.699662 0.967413 0.844244 0.823440 0.871716 0.827967 0.994430 0.953110 0.989028 0.950471 0.884135 0.805701 0.783266 0.916992 0.900316 0.845908 0.977350 0.904939 0.735555 0.867947 0.955592 0.608268 0.537842 0.451173 0.594455 0.343033 0.561068 0.403577 0.427695 0.697330 0.824546 0.922266 0.937202 0.868865 0.843995 0.958071 0.864732 0.807351 0.745441 0.872246 0.898442 0.838050 0.995582 0.741433 0.804695 0.564909 0.704588 0.886362 0.701374 0.570789 0.843073 0.922404 0.864892 0.749811 0.788923 0.960160 0.915747 0.865295 0.954170 0.880315 0.904877 0.988459 0.954361 0.806634 0.715572 0.990276 0.922938 0.897480 0.929480 0.799950 0.604573 0.952001 0.976661 0.915016 0.945878 0.866832 0.875187 0.794362 0.927411 0.868613 0.939961
0.446250 0.611215 0.722994 0.730223 0.860916 0.978986 0.688477 0.675382 0.740034 0.935733 0.530676 0.434082 0.393812 0.000000 0.578030 0.566412 0.752566 0.728840 0.582161 0.705106 0.967940 0.931172 0.608620 0.761099 0.978873 0.983340 0.972787 0.916821 0.670700 0.541085 0.816818 0.879998 0.489134 0.582921 0.815518 0.899076 0.823890 0.909487 0.985278 0.849629 0.986632 0.995183 0.945993 0.967558 0.912944 0.935926 0.831531 0.800368 0.733592 0.749930 0.842011 0.939764 0.844587 0.749833 0.967815 0.988880 0.513068 0.576276 0.472673 0.466744 0.358868 0.479998 0.477055 0.523239 0.696275 0.633584 0.764700 0.700720 0.889252 0.834641 0.907683 0.840476 0.958121 0.906288 0.811503 0.966391 0.902289 0.897473 0.813276 0.772028 0.685247 0.899964 0.714223 0.771516 0.538905 0.648620 0.842164 0.974179 0.688095 0.641600 0.899817 0.822222 0.866367 0.877425 0.912535 0.814006 0.913909 0.988418 0.914706 0.895655 0.860912 0.908523 0.983276 0.917603 0.720322 0.683825 0.921223 0.978470 0.834015 0.817950 0.887539 0.978303 0.998835 0.832673 0.798853 0.992861
0.565061 0.766172 0.772629 0.893819 0.608908 0.989680 0.779662 0.861195 0.687730 0.773019 0.641833 0.619417 0.377251 0.578030 0.000000 0.435894 0.687079 0.661244 0.616031 0.814236 0.877618 0.966263 0.600757 0.925140 0.965590 0.991369 0.903580 0.992507 0.527606 0.612244 0.944505 0.907022 0.623436 0.744415 0.819592 0.870287 0.797073 0.937385 0.864181 0.842656 0.973195 0.923315 0.941349 0.976997 0.826479 0.831033 0.759237 0.749228 0.819327 0.999508 0.990103 0.954889 0.963478 0.836500 0.716459 0.785597 0.697430 0.638679 0.560437 0.748043 0.501127 0.719228 0.578350 0.573059 0.635990 0.881822 0.895705 0.940265 0.825085 0.708596 0.857435 0.966996 0.975802 0.961704 0.858132 0.970901 0.878788 0.995878 0.784807 0.908534 0.665663 0.724582 0.651541 0.638894 0.495941 0.762799 0.758992 0.991053 0.691461 0.701109 0.949874 0.957715 0.840464 0.961237 0.843939 0.801778 0.989082 0.944393 0.825957 0.766542 0.863645 0.962721 0.973980 0.984751 0.836027 0.668818 0.941799 0.970710 0.996691 0.922652 0.799305 0.907749 0.823000 0.943642 0.931519 0.996159
0.666717 0.753182 0.623270 0.715660 0.794085 0.977049 0.741983 0.859746 0.722876 0.937671 0.774263 0.687461 0.456295 0.566412 0.435894 0.000000 0.822797 0.737990 0.564758 0.700996 0.855574 0.970836 0.436982 0.656227 0.858494 0.822435 0.904844 0.991360 0.650456 0.683738 0.788799 0.885013 0.615170 0.695178 0.847447 0.934737 0.650679 0.946851 0.917827 0.828856 0.943101 0.809506 0.832795 0.868294 0.859789 0.846044 0.572252 0.670210 0.936948 0.997022 0.977003 0.942908 0.974227 0.889621 0.664559 0.914863 0.805270 0.760159 0.716129 0.841218 0.591371 0.721195 0.740132 0.754270 0.536160 0.726002 0.862254 0.881142 0.830387 0.853830 0.822563 0.919744 0.959602 0.949294 0.809394 0.911208 0.831938 0.782981 0.735737 0.771163 0.746231 0.660836 0.668506 0.659931 0.456884 0.605247 0.858900 0.914670 0.754784 0.747912 0.966263 0.979552 0.885822 0.958622 0.701380 0.838342 0.947290 0.930571 0.904809 0.812842 0.850965 0.893983 0.993081 0.939381 0.738286 0.754479 0.991544 0.991994 0.944161 0.999431 0.966896 0.901789 0.941308 0.983187 0.971504 0.997328
0.437003 0.600744 0.915802 0.929745 0.807746 0.840227 0.580288 0.660806 0.583669 0.510592 0.427229 0.512550 0.613799 0.752566 0.687079 0.822797 0.000000 0.325395 0.522555 0.634344 0.770687 0.970693 0.977144 0.821429 0.742539 0.816221 0.858573 0.861159 0.403703 0.452980 0.965354 0.820690 0.735133 0.660346 0.779998 0.913372 0.979003 0.974853 0.824927 0.978093 0.854763 0.817744 0.857403 0.758204 0.508090 0.473372 0.824368 0.730443 0.575371 0.608316 0.669275 0.635537 0.638140 0.800419 0.668509 0.674466 0.529330 0.397274 0.477766 0.648978 0.546233 0.665111 0.383479 0.342905 0.999660 0.956356 0.805125 0.861449 0.636878 0.821190 0.780638 0.938013 0.980272 0.948713 0.938145 0.971914 0.757617 0.967769 0.648758 0.973174 0.337737 0.571380 0.778495 0.574899 0.822974 0.982548 0.836261 0.957702 0.768530 0.657084 0.820074 0.784202 0.924812 0.822684 0.771850 0.995654 0.667083 0.873262 0.590299 0.692952 0.882145 0.893452 0.629747 0.653095 0.821469 0.739023 0.985372 0.832528 0.716518 0.859333 0.781500 0.859757 0.730321 0.828569 0.855582 0.991833
0.426166 0.632585 0.881807 0.949588 0.845318 0.837392 0.562116 0.647833 0.533659 0.466949 0.417015 0.480772 0.595871 0.728840 0.661244 0.737990 0.325395 0.000000 0.540156 0.647829 0.804662 0.952143 0.963436 0.778217 0.752875 0.813320 0.848113 0.863096 0.305551 0.374586 0.964551 0.883663 0.688111 0.610228 0.816064 0.808246 0.953864 0.982223 0.785318 0.995089 0.961721 0.789199 0.889222 0.774028 0.522385 0.459755 0.821767 0.747936 0.582624 0.586907 0.667303 0.629355 0.665534 0.790277 0.647651 0.659577 0.558807 0.434722 0.469874 0.674100 0.539731 0.650785 0.360773 0.293770 0.973958 0.927758 0.802625 0.886147 0.587042 0.832622 0.803346 0.972380 0.958288 0.975293 0.948324 0.935005 0.753605 0.984157 0.589497 0.998738 0.309579 0.509049 0.873569 0.522782 0.845168 0.985475 0.751363 0.907254 0.721119 0.735096 0.844351 0.765077 0.890453 0.812519 0.795437 0.855603 0.669047 0.844266 0.574435 0.671778 0.847303 0.847503 0.576649 0.548885 0.699552 0.745722 0.858060 0.831879 0.828863 0.822451 0.795138 0.842880 0.656386 0.767908 0.854824 0.956293
0.410912 0.416576 0.505948 0.536036 0.811651 0.809733 0.432060 0.528681 0.616201 0.728082 0.696619 0.588868 0.577373 0.582161 0.616031 0.564758 0.522555 0.540156 0.000000 0.474158 0.873059 0.915847 0.547753 0.756030 0.879712 0.807218 0.952631 0.994163 0.647474 0.703631 0.733885 0.889961 0.443513 0.422571 0.579989 0.886901 0.731354 0.971538 0.923814 0.923334 0.932870 0.975463 0.590288 0.604228 0.540593 0.531789 0.504517 0.485074 0.809347 0.718566 0.630240 0.607797 0.684016 0.748045 0.664959 0.640040 0.504037 0.414057 0.448389 0.507112 0.450235 0.532354 0.607579 0.646388 0.533500 0.627470 0.548000 0.581218 0.525715 0.739369 0.555893 0.733036 0.806392 0.851818 0.865977 0.910191 0.621692 0.630990 0.785539 0.773569 0.562587 0.659111 0.733189 0.720870 0.533491 0.667403 0.958842 0.924341 0.717530 0.613999 0.693472 0.749392 0.779615 0.708596 0.737162 0.759336 0.596274 0.856575 0.571109 0.571286 0.851948 0.867003 0.696566 0.809767 0.623638 0.510355 0.829797 0.720491 0.718342 0.748761 0.696434 0.754410 0.732387 0.826593 0.847253 0.847807
0.481115 0.376136 0.434160 0.409510 0.960870 0.703912 0.392610 0.422130 0.634618 0.823527 0.721470 0.570028 0.729189 0.705106 0.814236 0.700996 0.634344 0.647829 0.474158 0.000000 0.702256 0.880305 0.610697 0.635543 0.747997 0.631760 0.906986 0.915639 0.712033 0.776700 0.646435 0.648972 0.449710 0.433640 0.580437 0.835423 0.709654 0.833406 0.987917 0.932530 0.703473 0.941790 0.465551 0.491914 0.637472 0.640393 0.470849 0.372604 0.968930 0.713296 0.701332 0.657413 0.767012 0.753271 0.574363 0.600138 0.652949 0.605113 0.607115 0.489985 0.511024 0.412502 0.788397 0.756790 0.532044 0.438577 0.424913 0.439520 0.513933 0.673163 0.551959 0.657534 0.626822 0.697629 0.696702 0.782229 0.681170 0.789996 0.811114 0.826913 0.569288 0.514250 0.796299 0.798438 0.581690 0.570364 0.969401 0.948931 0.761805 0.612530 0.624638 0.797932 0.671167 0.724686 0.673455 0.897657 0.573054 0.796985 0.620102 0.611696 0.773968 0.761972 0.678087 0.887634 0.466569 0.549973 0.735060 0.754595 0.730443 0.797118 0.758758 0.863634 0.714424 0.720878 0.622035 0.994259
0.926724 0.815573 0.474680 0.453457 0.907548 0.981433 0.774367 0.808368 0.992699 0.726814 0.703646 0.907873 0.888535 0.967940 0.877618 0.855574 0.770687 0.804662 0.873059 0.702256 0.000000 0.747686 0.455082 0.430732 0.369144 0.373002 0.824488 0.862479 0.788782 0.936410 0.455779 0.525571 0.641891 0.692217 0.695779 0.768260 0.650724 0.711933 0.822120 0.804051 0.769393 0.683461 0.646078 0.754635 0.995272 0.915403 0.679734 0.719211 0.676360 0.924839 0.953558 0.988064 0.983346 0.920011 0.892331 0.902844 0.954059 0.858574 0.929614 0.962253 0.938919 0.798949 0.685569 0.707307 0.460801 0.474163 0.574939 0.569635 0.859065 0.861730 0.660844 0.588271 0.593835 0.628975 0.773148 0.718089 0.920881 0.707712 0.840577 0.797858 0.882809 0.846802 0.689909 0.936861 0.647109 0.507551 0.719911 0.995552 0.902918 0.809413 0.807919 0.934702 0.863580 0.912034 0.793204 0.813906 0.877726 0.891726 0.992404 0.963214 0.978925 0.992282 0.780594 0.715651 0.700731 0.752035 0.817299 0.967923 0.858163 0.910288 0.937878 0.989881 0.995299 0.905496 0.825416 0.996784
0.960838 0.882755 0.745679 0.783641 0.883362 0.850545 0.775811 0.786520 0.868945 0.920657 0.914236 0.940655 0.881195 0.931172 0.966263 0.970836 0.970693 0.952143 0.915847 0.880305 0.747686 0.000000 0.813799 0.872098 0.806080 0.819194 0.939602 0.934519 0.924170 0.976553 0.741683 0.891263 0.830855 0.808249 0.699275 0.864242 0.808730 0.839775 0.985625 0.897346 0.809821 0.853273 0.812660 0.813931 0.765134 0.882135 0.986057 0.743312 0.998540 0.831204 0.810601 0.840528 0.717437 0.690880 0.947207 0.752972 0.939667 0.918667 0.960005 0.911718 0.951272 0.931708 0.937068 0.999313 0.890942 0.914956 0.685714 0.790021 0.826396 0.884180 0.735560 0.717837 0.844535 0.716045 0.869829 0.838657 0.847700 0.725099 0.917260 0.867262 0.950781 0.987139 0.980234 0.959930 0.945855 0.943670 0.992885 0.974650 0.936905 0.805754 0.688609 0.842477 0.711500 0.750529 0.790927 0.860744 0.788902 0.890952 0.798256 0.875802 0.809989 0.870990 0.920146 0.909666 0.852334 0.824076 0.870616 0.873718 0.896750 0.802979 0.732642 0.909068 0.943023 0.724796 0.870343 0.997089
0.791812 0.674712 0.318020 0.385543 0.858633 0.971283 0.649545 0.753786 0.816801 0.798449 0.888544 0.904429 0.712430 0.608620 0.600757 0.436982 0.977144 0.963436 0.547753 0.610697 0.455082 0.813799 0.000000 0.288072 0.407870 0.407551 0.785133 0.815709 0.987340 0.892073 0.384048 0.497026 0.403927 0.541804 0.573748 0.788475 0.441852 0.724864 0.849366 0.737462 0.877824 0.809700 0.627741 0.779583 0.945628 0.987113 0.572896 0.597516 0.711096 0.852051 0.983340 0.988270 0.969143 0.941391 0.721453 0.873170 0.865164 0.868809 0.841687 0.814096 0.617547 0.670749 0.989460 0.950463 0.251977 0.411486 0.560096 0.543737 0.807997 0.810528 0.625180 0.625064 0.690303 0.704818 0.740051 0.810163 0.829051 0.528801 0.985906 0.651042 0.893939 0.738094 0.612573 0.887052 0.341819 0.337487 0.763677 0.967809 0.708450 0.627738 0.933629 0.906543 0.956514 0.951554 0.701186 0.736707 0.868860 0.952747 0.940072 0.888552 0.968781 0.901963 0.885697 0.751158 0.696418 0.617765 0.941836 0.978378 0.949224 0.925379 0.833945 0.967816 0.946569 0.920432 0.919414 0.935970
0.998479 0.754801 0.417232 0.387895 0.915432 0.887107 0.810188 0.874987 0.929131 0.515967 0.684517 0.935064 0.986358 0.761099 0.925140 0.656227 0.821429 0.778217 0.756030 0.635543 0.430732 0.872098 0.288072 0.000000 0.320082 0.361327 0.737818 0.786804 0.705249 0.896024 0.377268 0.382496 0.582985 0.709374 0.661936 0.729092 0.528595 0.674267 0.743069 0.829732 0.883608 0.785542 0.678262 0.835659 0.938673 0.870907 0.639402 0.640624 0.571793 0.857889 0.977481 0.940122 0.918519 0.969403 0.806516 0.911695 0.951450 0.975902 0.929409 0.941783 0.844809 0.787086 0.784808 0.723859 0.359223 0.411942 0.637212 0.592038 0.817281 0.899333 0.777606 0.676533 0.657855 0.708077 0.792456 0.772406 0.969336 0.635344 0.920001 0.638280 0.932859 0.807941 0.687619 0.996977 0.474840 0.322354 0.727970 0.842383 0.890665 0.654819 0.963203 0.760252 0.948304 0.886959 0.763808 0.894432 0.897330 0.942759 0.847617 0.939979 0.926094 0.828498 0.781347 0.687523 0.804992 0.765076 0.948549 0.930772 0.984954 0.972875 0.973520 0.871751 0.757362 0.987962 0.954012 0.972367
0.830134 0.857089 0.397737 0.405071 0.949707 0.880180 0.833042 0.898801 0.915664 0.609043 0.555497 0.756137 0.767780 0.978873 0.965590 0.858494 0.742539 0.752875 0.879712 0.747997 0.369144 0.806080 0.407870 0.320082 0.000000 0.239144 0.678735 0.746884 0.685200 0.865577 0.318140 0.414599 0.636665 0.736018 0.622573 0.635274 0.433344 0.489600 0.636126 0.721058 0.809122 0.844035 0.672792 0.847793 0.992136 0.865492 0.676637 0.761784 0.651925 0.913719 0.902599 0.939359 0.939538 0.948801 0.811569 0.848593 0.896123 0.855172 0.800687 0.872014 0.948695 0.929047 0.624481 0.610224 0.401507 0.479959 0.609383 0.585159 0.820561 0.913903 0.631856 0.589491 0.501810 0.515257 0.837086 0.842168 0.886286 0.567185 0.820899 0.724621 0.940946 0.770824 0.675721 0.967261 0.562408 0.353116 0.811542 0.929724 0.857484 0.714066 0.952412 0.848126 0.869248 0.972094 0.776132 0.800728 0.875837 0.937813 0.899253 0.913808 0.958316 0.816984 0.866234 0.739283 0.845304 0.864076 0.887065 0.927989 0.960057 0.937272 0.978433 0.836931 0.789331 0.933648 0.979746 0.974013
0.975112 0.725452 0.306852 0.308366 0.878580 0.943375 0.655705 0.702952 0.936149 0.727977 0.685065 0.894687 0.868491 0.983340 0.991369 0.822435 0.816221 0.813320 0.807218 0.631760 0.373002 0.819194 0.407551 0.361327 0.239144 0.000000 0.888141 0.797966 0.764287 0.878386 0.287821 0.393782 0.569773 0.642555 0.638110 0.611615 0.411602 0.524047 0.700912 0.736005 0.750258 0.858843 0.516338 0.687095 0.899621 0.994965 0.552249 0.663263 0.705033 0.984328 0.781628 0.913663 0.953712 0.851064 0.737412 0.851756 0.894463 0.898141 0.915983 0.979055 0.899933 0.726418 0.615499 0.652814 0.362169 0.360587 0.479686 0.471954 0.785440 0.852060 0.529590 0.474400 0.436799 0.471955 0.866817 0.740540 0.794981 0.547253 0.824903 0.703989 0.979088 0.759684 0.769266 0.954016 0.587786 0.380945 0.813870 0.981863 0.807547 0.734069 0.742695 0.966515 0.707202 0.826717 0.748939 0.790606 0.780484 0.970453 0.923761 0.892963 0.845355 0.996121 0.963169 0.822991 0.703704 0.720501 0.778215 0.932848 0.887809 0.899256 0.818522 0.999111 0.942004 0.866785 0.885713 0.969365
0.744898 0.871409 0.971559 0.989200 0.765388 0.618598 0.692989 0.641023 0.716520 0.653685 0.720004 0.775171 0.922632 0.972787 0.903580 0.904844 0.858573 0.848113 0.952631 0.906986 0.824488 0.939602 0.785133 0.737818 0.678735 0.888141 0.000000 0.893151 0.754501 0.856054 0.951092 0.955702 0.972298 0.811805 0.927115 0.884565 0.768157 0.908995 0.757139 0.704733 0.998895 0.837333 0.854765 0.702650 0.777925 0.732262 0.945980 0.861362 0.935350 0.851200 0.773219 0.703433 0.727247 0.717303 0.934653 0.924682 0.992419 0.944100 0.760612 0.665076 0.755229 0.734452 0.899464 0.814845 0.761152 0.973422 0.835116 0.847328 0.962342 0.859817 0.891761 0.893888 0.898578 0.988094 0.864837 0.884403 0.893209 0.997057 0.966607 0.938905 0.974887 0.917336 0.758816 0.855068 0.666973 0.706854 0.882855 0.951669 0.967890 0.809867 0.613300 0.691437 0.683264 0.664550 0.886667 0.978045 0.738602 0.772118 0.713176 0.715074 0.516832 0.633671 0.776044 0.792812 0.906231 0.923085 0.763968 0.610490 0.753259 0.841404 0.821596 0.695472 0.838980 0.818600 0.759562 0.980540
0.827520 0.853645 0.852985 0.879561 0.942861 0.884339 0.883979 0.836364 0.770473 0.771718 0.679268 0.755248 0.852942 0.916821 0.992507 0.991360 0.861159 0.863096 0.994163 0.915639 0.862479 0.934519 0.815709 0.786804 0.746884 0.797966 0.893151 0.000000 0.782739 0.784210 0.826483 0.954463 0.972506 0.905684 0.950863 0.993083 0.780582 0.907353 0.957766 0.915477 0.931946 0.970565 0.986231 0.918455 0.921471 0.910057 0.900467 0.846452 0.852765 0.956428 0.920223 0.874295 0.864864 0.947390 0.853792 0.783276 0.931200 0.894491 0.847857 0.970996 0.863465 0.860949 0.830635 0.713508 0.827012 0.918387 0.992936 0.941252 0.928565 0.873470 0.949511 0.909523 0.847280 0.957675 0.941051 0.998332 0.873952 0.906213 0.722187 0.835492 0.909825 0.895514 0.815800 0.969935 0.871945 0.846252 0.914358 0.889320 0.925257 0.793418 0.854372 0.793061 0.876786 0.837880 0.933095 0.940897 0.959959 0.852805 0.783355 0.845891 0.810123 0.792011 0.884573 0.863024 0.878695 0.842118 0.963133 0.753524 0.926796 0.924316 0.979374 0.876950 0.838218 0.980596 0.768638 0.995089
0.438888 0.687131 0.934310 0.948191 0.819713 0.833832 0.610808 0.656004 0.502526 0.419025 0.337222 0.425899 0.473046 0.670700 0.527606 0.650456 0.403703 0.305551 0.647474 0.712033 0.788782 0.924170 0.987340 0.705249 0.685200 0.764287 0.754501 0.782739 0.000000 0.332480 0.939539 0.827177 0.671539 0.672531 0.833030 0.763022 0.977402 0.907122 0.718538 0.964786 0.930365 0.804003 0.955936 0.841745 0.584264 0.519354 0.884036 0.807383 0.598621 0.719221 0.789082 0.715435 0.765208 0.906441 0.727749 0.678764 0.656158 0.560437 0.495459 0.667311 0.472985 0.614958 0.346655 0.276378 0.971949 0.928746 0.871521 0.962830 0.736852 0.808709 0.855326 0.970485 0.975850 0.961968 0.954711 0.904070 0.743065 0.957640 0.563186 0.953716 0.388508 0.614144 0.823026 0.544748 0.826033 0.964901 0.885139 0.945404 0.750889 0.769257 0.857274 0.800031 0.933177 0.812383 0.813344 0.870627 0.814131 0.847245 0.604939 0.674641 0.881769 0.849455 0.647882 0.750886 0.722850 0.745591 0.837847 0.838960 0.887875 0.751619 0.847378 0.826599 0.681118 0.802450 0.787692 0.955569
0.537320 0.770235 0.875814 0.961490 0.837793 0.984087 0.654973 0.741906 0.601061 0.598549 0.421890 0.489547 0.507960 0.541085 0.612244 0.683738 0.452980 0.374586 0.703631 0.776700 0.936410 0.976553 0.892073 0.896024 0.865577 0.878386 0.856054 0.784210 0.332480 0.000000 0.921284 0.997135 0.656504 0.639541 0.874094 0.781487 0.913550 0.864475 0.846135 0.915474 0.991631 0.916374 0.953418 0.936972 0.758480 0.761015 0.980226 0.887786 0.844709 0.940357 0.916190 0.891267 0.885441 0.978849 0.839788 0.834383 0.686580 0.638533 0.562647 0.773450 0.518955 0.650654 0.343694 0.293003 0.989443 0.983607 0.872600 0.932294 0.843907 0.909588 0.888823 0.947721 0.993442 0.963462 0.962247 0.816397 0.788243 0.947052 0.695407 0.976585 0.395124 0.634863 0.688231 0.570883 0.784757 0.931984 0.838519 0.949626 0.768934 0.732541 0.990668 0.965949 0.946771 0.982888 0.885105 0.871122 0.864081 0.976745 0.788726 0.882719 0.893533 0.975280 0.823079 0.869532 0.783595 0.875341 0.918987 0.986431 0.994101 0.893876 0.946702 0.981340 0.893611 0.968955 0.905978 0.944850
0.950798 0.685556 0.364778 0.394165 0.887625 0.991370 0.622747 0.659600 0.875323 0.799010 0.827784 0.942822 0.927818 0.816818 0.944505 0.788799 0.965354 0.964551 0.733885 0.646435 0.455779 0.741683 0.384048 0.377268 0.318140 0.287821 0.951092 0.826483 0.939539 0.921284 0.000000 0.314570 0.421712 0.551883 0.531462 0.680524 0.464608 0.555832 0.809849 0.867670 0.674572 0.973293 0.558176 0.683494 0.819161 0.914311 0.681235 0.679872 0.673699 0.992489 0.759561 0.891363 0.896089 0.818186 0.717607 0.781403 0.962533 0.949159 0.995804 0.891565 0.754110 0.670313 0.855681 0.881961 0.473111 0.442642 0.460336 0.472213 0.742824 0.780038 0.580073 0.467556 0.453747 0.509846 0.840939 0.730403 0.876413 0.606963 0.944123 0.693903 0.934737 0.735858 0.637555 0.969628 0.604511 0.441914 0.896498 0.937097 0.793620 0.672704 0.816819 0.880967 0.793608 0.949670 0.726027 0.777676 0.685817 0.900860 0.922049 0.944620 0.840791 0.980845 0.960970 0.848529 0.705696 0.679742 0.752747 0.898443 0.881579 0.791170 0.794654 0.942072 0.872581 0.791573 0.816103 0.912021
0.975979 0.771822 0.522546 0.525200 0.797994 0.919856 0.781950 0.782333 0.998463 0.701666 0.790984 0.896184 0.837183 0.879998 0.907022 0.885013 0.820690 0.883663 0.889961 0.648972 0.525571 0.891263 0.497026 0.382496 0.414599 0.393782 0.955702 0.954463 0.827177 0.997135 0.314570 0.000000 0.584271 0.663665 0.687560 0.741156 0.625752 0.602074 0.756269 0.950575 0.795065 0.870925 0.675598 0.727582 0.985689 0.979475 0.768856 0.743319 0.587546 0.901858 0.892356 0.970648 0.990677 0.918273 0.829269 0.917234 0.945931 0.926046 0.880811 0.954040 0.886059 0.762355 0.766741 0.799296 0.608299 0.514650 0.619974 0.592800 0.841271 0.948628 0.745089 0.604412 0.554482 0.549979 0.902418 0.724207 0.986017 0.708424 0.891682 0.796714 0.952218 0.861425 0.784889 0.896430 0.730797 0.518815 0.911661 0.923825 0.883966 0.853202 0.931508 0.789116 0.877416 0.979096 0.770756 0.893703 0.776559 0.917174 0.955943 0.935856 0.858603 0.981887 0.897508 0.738674 0.730531 0.834954 0.861328 0.876894 0.928996 0.987141 0.973865 0.855824 0.869491 0.832565 0.861644 0.951971
0.493322 0.440433 0.391450 0.431858 0.936688 0.752622 0.399767 0.445185 0.557201 0.857357 0.735910 0.578050 0.651290 0.489134 0.623436 0.615170 0.735133 0.688111 0.443513 0.449710 0.641891 0.830855 0.403927 0.582985 0.636665 0.569773 0.972298 0.972506 0.671539 0.656504 0.421712 0.584271 0.000000 0.313841 0.444982 0.812797 0.609147 0.822735 0.970063 0.889107 0.689141 0.991697 0.578701 0.636601 0.706270 0.754009 0.606456 0.559399 0.821247 0.948496 0.777356 0.809942 0.869787 0.911513 0.659165 0.627001 0.612768 0.590723 0.536619 0.471990 0.357165 0.387332 0.685279 0.682628 0.454979 0.435509 0.403423 0.397965 0.639498 0.661004 0.529810 0.541195 0.637946 0.703038 0.773184 0.795599 0.723392 0.650351 0.818933 0.707352 0.615655 0.623536 0.694143 0.756572 0.452028 0.458160 0.915120 0.991579 0.636606 0.580228 0.761812 0.984207 0.755366 0.838792 0.733057 0.638041 0.648470 0.852775 0.650459 0.699188 0.774552 0.854636 0.851937 0.942403 0.518104 0.467645 0.740424 0.810147 0.795402 0.664618 0.738820 0.894044 0.831668 0.837397 0.603461 0.979508
0.424912 0.357429 0.397259 0.415856 0.980290 0.719756 0.292206 0.339148 0.486041 0.702184 0.664667 0.500087 0.703034 0.582921 0.744415 0.695178 0.660346 0.610228 0.422571 0.433640 0.692217 0.808249 0.541804 0.709374 0.736018 0.642555 0.811805 0.905684 0.672531 0.639541 0.551883 0.663665 0.313841 0.000000 0.475563 0.788501 0.754677 0.833754 0.976345 0.833152 0.778287 0.914904 0.490086 0.502383 0.617195 0.657283 0.568153 0.509074 0.939678 0.822292 0.656824 0.644083 0.705101 0.732814 0.701531 0.676095 0.634057 0.579179 0.480103 0.456502 0.381156 0.353173 0.708064 0.641020 0.552735 0.448836 0.323835 0.353854 0.618409 0.692704 0.407508 0.488289 0.669677 0.654918 0.827567 0.823451 0.591864 0.645013 0.755983 0.781873 0.606272 0.661092 0.779126 0.825363 0.619669 0.613152 0.982488 0.969278 0.626954 0.636619 0.567032 0.752669 0.547244 0.641561 0.696071 0.753553 0.524144 0.827774 0.508407 0.563475 0.588058 0.720276 0.697912 0.798172 0.490183 0.454445 0.608607 0.589409 0.734772 0.692263 0.655826 0.821898 0.676425 0.809022 0.645782 0.952992
0.696784 0.579460 0.451398 0.485694 0.884551 0.834453 0.445600 0.485715 0.625188 0.777430 0.948885 0.810581 0.963769 0.815518 0.819592 0.847447 0.779998 0.816064 0.579989 0.580437 0.695779 0.699275 0.573748 0.661936 0.622573 0.638110 0.927115 0.950863 0.833030 0.874094 0.531462 0.687560 0.444982 0.475563 0.000000 0.745269 0.715267 0.826939 0.926729 0.849431 0.673504 0.862415 0.515547 0.555252 0.580482 0.678162 0.706195 0.558505 0.977557 0.788579 0.601641 0.703186 0.618745 0.681585 0.640428 0.593736 0.752219 0.771258 0.711100 0.653261 0.660927 0.647140 0.937966 0.892837 0.548128 0.574138 0.367822 0.447479 0.685687 0.733533 0.436515 0.513128 0.601794 0.572256 0.935525 0.783433 0.636470 0.658837 0.930271 0.841351 0.787439 0.769706 0.772005 0.858014 0.670478 0.625210 0.889863 0.984175 0.805573 0.664360 0.559689 0.757272 0.590319 0.614946 0.634541 0.719733 0.578368 0.770142 0.646074 0.666431 0.756410 0.848943 0.751898 0.950925 0.661225 0.511590 0.902237 0.742562 0.708889 0.638857 0.643636 0.922011 0.859110 0.818898 0.681371 0.973492
0.902120 0.839654 0.735461 0.676296 0.887676 0.986357 0.851178 0.853362 0.992446 0.885519 0.742607 0.878478 0.699662 0.899076 0.870287 0.934737 0.913372 0.808246 0.886901 0.835423 0.768260 0.864242 0.788475 0.729092 0.635274 0.611615 0.884565 0.993083 0.763022 0.781487 0.680524 0.741156 0.812797 0.788501 0.745269 0.000000 0.734144 0.858716 0.803659 0.896212 0.786097 0.884062 0.723505 0.805925 0.880507 0.985199 0.885753 0.851998 0.871195 0.950401 0.755153 0.872422 0.762799 0.752314 0.829284 0.902869 0.903405 0.942485 0.864295 0.960841 0.932883 0.905745 0.755998 0.765524 0.803069 0.737749 0.688107 0.696294 0.979438 0.835480 0.691194 0.689403 0.679757 0.749702 0.927920 0.879496 0.822801 0.881526 0.934825 0.964437 0.937183 0.978855 0.920061 0.929360 0.899383 0.732808 0.887486 0.927362 0.909045 0.880412 0.792885 0.972608 0.687632 0.836592 0.980419 0.890395 0.747354 0.923282 0.909130 0.968881 0.774360 0.869395 0.943229 0.911803 0.881059 0.875610 0.908294 0.875691 0.792955 0.897802 0.847535 0.974582 0.875078 0.918043 0.960413 0.937652
0.904635 0.771412 0.448194 0.513652 0.937633 0.981782 0.754674 0.866270 0.862637 0.821969 0.866964 0.892932 0.967413 0.823890 0.797073 0.650679 0.979003 0.953864 0.731354 0.709654 0.650724 0.808730 0.441852 0.528595 0.433344 0.411602 0.768157 0.780582 0.977402 0.913550 0.464608 0.625752 0.609147 0.754677 0.715267 0.734144 0.000000 0.498496 0.700689 0.724122 0.720859 0.992581 0.672057 0.838586 0.869057 0.977554 0.613394 0.739801 0.887151 0.950670 0.809725 0.901844 0.965284 0.946557 0.676389 0.828196 0.903349 0.910804 0.972826 0.995443 0.869147 0.857085 0.925570 0.918467 0.482472 0.633605 0.658874 0.626766 0.758417 0.814272 0.671425 0.648883 0.603157 0.652296 0.921284 0.888470 0.820924 0.574790 0.890445 0.839818 0.802081 0.705307 0.637762 0.818034 0.522482 0.440645 0.994770 0.971173 0.701031 0.583192 0.963658 0.990347 0.916825 0.968674 0.817951 0.768441 0.902220 0.952078 0.897542 0.907048 0.967652 0.788026 0.884674 0.893420 0.798642 0.833935 0.948785 0.919621 0.795207 0.887505 0.783097 0.952451 0.898371 0.835349 0.978996 0.947364
0.960523 0.873456 0.671929 0.626631 0.880925 0.922410 0.855955 0.892875 0.989139 0.855922 0.885332 0.911854 0.844244 0.909487 0.937385 0.946851 0.974853 0.982223 0.971538 0.833406 0.711933 0.839775 0.724864 0.674267 0.489600 0.524047 0.908995 0.907353 0.907122 0.864475 0.555832 0.602074 0.822735 0.833754 0.826939 0.858716 0.498496 0.000000 0.658877 0.724260 0.832643 0.939848 0.823108 0.881391 0.967571 0.924323 0.693199 0.852301 0.846685 0.969677 0.847905 0.975600 0.968828 0.982489 0.901933 0.923712 0.940977 0.932941 0.974822 0.926884 0.995236 0.894556 0.856212 0.905167 0.699591 0.713357 0.752771 0.723854 0.837659 0.922684 0.725035 0.725585 0.540148 0.621174 0.871068 0.992527 0.873169 0.705337 0.905383 0.834661 0.886210 0.806301 0.692333 0.829956 0.722286 0.543183 0.991459 0.891853 0.811120 0.683872 0.987913 0.900856 0.922819 0.939017 0.776552 0.832089 0.853504 0.861672 0.931579 0.915286 0.940109 0.809603 0.978895 0.852690 0.891112 0.995045 0.842803 0.925125 0.901895 0.975219 0.965247 0.810228 0.879767 0.836094 0.955571 0.858034
