0.000000 0.314966 0.586131 0.573081 0.826140 0.617916 0.371922 0.320863 0.600990 0.670222 0.363928 0.284624 0.304930 0.401079 0.590797 0.569396 0.362689 0.390858 0.406273 0.382942 0.934552 0.894420 0.671848 0.822657 0.984462 0.852562 0.921192 0.877208 0.452776 0.475924 0.724303 0.820213 0.361657 0.301049 0.638126 0.867259 0.649305 0.811695 0.924712 0.846810 0.836926 0.838302 0.627216 0.655140 0.615977 0.634907 0.493946 0.575836 0.924010 0.870158 0.740507 0.769031 0.934974 0.969745 0.748216 0.696030 0.369792 0.337071 0.289719 0.346035 0.258409 0.262145 0.365700 0.385713 0.606439 0.495769 0.449204 0.459548 0.540886 0.670780 0.568167 0.679976 0.847851 0.779094 0.883701 0.877637 0.587514 0.706614 0.645734 0.778425 0.329850 0.504329 0.740582 0.637914 0.479659 0.614398 0.997950 0.916475 0.590252 0.581874 0.713532 0.856898 0.750027 0.848905 0.728497 0.744768 0.561808 0.700937 0.462782 0.446929 0.616399 0.748369 0.562041 0.665173 0.435645 0.594539 0.850362 0.638484 0.589370 0.685397 0.695926 0.676900 0.727198 0.943499 0.739723 0.977835
0.314966 0.000000 0.656593 0.594164 0.925506 0.678527 0.472331 0.342141 0.744851 0.727183 0.597884 0.423556 0.549244 0.546049 0.774356 0.673018 0.380675 0.449363 0.425116 0.341675 0.958579 0.897210 0.748448 0.777637 0.939132 0.799625 0.954927 0.913735 0.522619 0.631140 0.735535 0.800765 0.422536 0.381664 0.721420 0.837592 0.729636 0.939142 0.971407 0.878770 0.751187 0.888586 0.490953 0.501199 0.504179 0.469873 0.460657 0.493444 0.735474 0.679853 0.576838 0.637297 0.849360 0.960277 0.660904 0.692833 0.284474 0.220897 0.398238 0.366366 0.451469 0.312771 0.569792 0.568542 0.657786 0.488015 0.499784 0.461630 0.479279 0.533495 0.648129 0.724486 0.687106 0.664797 0.756973 0.765983 0.663888 0.711858 0.659358 0.678693 0.412811 0.459079 0.687993 0.620457 0.544054 0.577050 0.946290 0.963485 0.714277 0.617500 0.745420 0.909786 0.796236 0.957813 0.647440 0.890418 0.494181 0.708318 0.486056 0.437946 0.720661 0.796745 0.562525 0.728294 0.462517 0.606088 0.978788 0.664963 0.552377 0.660364 0.628109 0.559071 0.688149 0.794873 0.638072 0.999981
0.586131 0.656593 0.000000 0.204409 0.919167 0.756117 0.268203 0.388385 0.564618 0.984929 0.830725 0.784268 0.555803 0.604563 0.574790 0.433886 0.912648 0.861473 0.419776 0.538667 0.594733 0.880906 0.293024 0.385576 0.347631 0.305248 0.852375 0.831834 0.962413 0.919372 0.350265 0.518361 0.438090 0.386023 0.405945 0.656705 0.398676 0.628054 0.814181 0.841272 0.852692 0.988159 0.473427 0.580517 0.699988 0.781506 0.512879 0.441688 0.845576 0.898743 0.748572 0.784826 0.772912 0.743829 0.641576 0.688705 0.889095 0.829703 0.687122 0.759775 0.545431 0.628576 0.871409 0.994335 0.219361 0.353402 0.319830 0.364961 0.651267 0.880785 0.434051 0.422466 0.731749 0.771351 0.840761 0.989223 0.597571 0.547279 0.858742 0.662099 0.762181 0.661696 0.717441 0.855743 0.354334 0.357286 0.855355 0.901336 0.662009 0.571350 0.509470 0.703897 0.557791 0.644876 0.624604 0.852549 0.590298 0.914763 0.676491 0.615571 0.750765 0.790525 0.809493 0.935581 0.578868 0.578506 0.861043 0.775607 0.635909 0.883790 0.724752 0.903739 0.884332 0.922649 0.798457 0.982995
0.573081 0.594164 0.204409 0.000000 0.996679 0.688866 0.274798 0.344416 0.639218 0.975012 0.827233 0.717704 0.584226 0.553160 0.636126 0.472366 0.888838 0.846940 0.370540 0.452703 0.610614 0.925801 0.312766 0.314262 0.348714 0.302477 0.824129 0.817642 0.993015 0.943521 0.386461 0.503613 0.418392 0.385156 0.421827 0.606159 0.469895 0.642717 0.749222 0.810784 0.835253 0.933671 0.455737 0.562285 0.725859 0.803448 0.449036 0.440837 0.816929 0.926241 0.747276 0.818587 0.814351 0.800692 0.722275 0.716206 0.810523 0.804198 0.685554 0.687213 0.556233 0.570825 0.897906 0.980523 0.220015 0.249780 0.288089 0.282791 0.681646 0.887675 0.409958 0.420544 0.739806 0.789464 0.748962 0.943112 0.598486 0.545955 0.883961 0.644971 0.776954 0.667027 0.709959 0.888509 0.341554 0.316584 0.800630 0.841735 0.648351 0.558045 0.489309 0.736125 0.553268 0.683192 0.649102 0.796558 0.583272 0.835481 0.654550 0.573068 0.708610 0.733993 0.808765 0.939103 0.555860 0.573212 0.907450 0.774367 0.604677 0.891275 0.667874 0.842116 0.894757 0.947208 0.752754 0.972710
0.826140 0.925506 0.919167 0.996679 0.000000 0.953108 0.868645 0.892618 0.691017 0.696722 0.882359 0.853433 0.753203 0.863598 0.708376 0.875054 0.747149 0.830635 0.906177 0.992104 0.993796 0.973210 0.859248 0.879069 0.944080 0.855613 0.857849 0.908264 0.777301 0.780265 0.958605 0.891039 0.816637 0.831516 0.737610 0.983053 0.903531 0.868596 0.985637 0.817406 0.922289 0.865898 0.917972 0.860758 0.897343 0.928238 0.957245 0.983188 0.988927 0.919975 0.934940 0.882189 0.910850 0.939506 0.950205 0.886008 0.868920 0.796086 0.707682 0.834251 0.756973 0.899357 0.645200 0.707126 0.891743 0.990471 0.817135 0.892740 0.942267 0.936120 0.878201 0.826928 0.947341 0.964424 0.897066 0.927696 0.911079 0.902961 0.926147 0.942829 0.753699 0.981951 0.899732 0.776973 0.841255 0.982112 0.943040 0.681707 0.794274 0.979918 0.842675 0.822671 0.860913 0.769180 0.985936 0.967971 0.846011 0.994336 0.784448 0.914145 0.964462 0.991764 0.723400 0.845451 0.894830 0.758124 0.917607 0.795886 0.924031 0.921719 0.911247 0.987327 0.866627 0.940118 0.981063 0.890660
0.617916 0.678527 0.756117 0.688866 0.953108 0.000000 0.599148 0.559824 0.761525 0.839637 0.736371 0.688670 0.739330 0.833902 0.965988 0.856334 0.784303 0.738390 0.668938 0.686472 0.848473 0.981700 0.892276 0.907620 0.962925 0.791165 0.944062 0.832025 0.906489 0.921107 0.923667 0.950532 0.711014 0.689041 0.842448 0.860489 0.769832 0.884785 0.951539 0.744909 0.956480 0.874259 0.654174 0.739168 0.764760 0.753192 0.591028 0.734521 0.994487 0.862458 0.785260 0.808730 0.907627 0.881431 0.857793 0.778973 0.733192 0.739331 0.680354 0.653353 0.656291 0.572114 0.841900 0.866940 0.747889 0.587920 0.616973 0.567862 0.758094 0.835324 0.752885 0.811047 0.887630 0.883197 0.947539 0.948712 0.754787 0.723890 0.903702 0.844705 0.686082 0.795310 0.832183 0.995272 0.828678 0.791479 0.885630 0.925186 0.768484 0.805583 0.678570 0.752078 0.712687 0.775131 0.999186 0.772839 0.736442 0.900069 0.597313 0.670550 0.773293 0.802109 0.708829 0.661412 0.815093 0.801963 0.893303 0.842318 0.865835 0.839870 0.697460 0.712327 0.869486 0.926220 0.791050 0.848832
0.371922 0.472331 0.268203 0.274798 0.868645 0.599148 0.000000 0.201520 0.420692 0.664104 0.569121 0.495519 0.412922 0.501497 0.517902 0.431121 0.606334 0.549520 0.335240 0.425750 0.721909 0.906541 0.416825 0.580229 0.603191 0.481227 0.983005 0.999509 0.668047 0.629742 0.467116 0.625206 0.343478 0.273134 0.429417 0.680750 0.475819 0.628134 0.910341 0.758430 0.812810 0.888077 0.406108 0.475101 0.490833 0.557996 0.440016 0.428943 0.966074 0.798757 0.573154 0.648028 0.670092 0.704426 0.633719 0.661027 0.664360 0.592989 0.436948 0.607663 0.383131 0.422361 0.615908 0.680121 0.330612 0.363742 0.235459 0.295440 0.637275 0.803738 0.340481 0.414037 0.664803 0.678376 0.811427 0.971550 0.432999 0.487546 0.686901 0.731417 0.497345 0.585817 0.710864 0.731995 0.403226 0.464222 0.966641 0.998619 0.633230 0.567021 0.389306 0.574065 0.434896 0.558832 0.581153 0.690454 0.413589 0.715785 0.391812 0.374715 0.591364 0.626024 0.575466 0.692484 0.410829 0.467171 0.803800 0.644741 0.582323 0.739410 0.581760 0.702245 0.761161 0.832734 0.709856 0.901992
0.320863 0.342141 0.388385 0.344416 0.892618 0.559824 0.201520 0.000000 0.528817 0.621412 0.521174 0.383628 0.426568 0.466827 0.635637 0.554602 0.510080 0.495625 0.338764 0.369864 0.851470 0.902508 0.549285 0.647049 0.734541 0.597593 0.934644 0.943248 0.596857 0.620461 0.561267 0.697772 0.350765 0.292451 0.511205 0.732024 0.602125 0.724902 0.922086 0.710857 0.812577 0.867974 0.415717 0.487435 0.525676 0.557553 0.418441 0.465505 0.910872 0.799737 0.597423 0.681201 0.759090 0.829815 0.718662 0.642641 0.499333 0.444257 0.395262 0.487547 0.350530 0.294692 0.559352 0.605218 0.431921 0.348871 0.293534 0.291944 0.601247 0.703547 0.424172 0.478681 0.713554 0.670231 0.779658 0.958223 0.485958 0.555161 0.713756 0.711784 0.460211 0.564316 0.744550 0.759391 0.464196 0.522658 0.945220 0.958599 0.643868 0.571682 0.467926 0.666624 0.499478 0.691859 0.623158 0.679404 0.379455 0.645293 0.381898 0.337889 0.569904 0.637814 0.536126 0.664241 0.398095 0.459079 0.831175 0.638211 0.536811 0.633672 0.479802 0.616926 0.694183 0.857360 0.670769 0.869178
0.600990 0.744851 0.564618 0.639218 0.691017 0.761525 0.420692 0.528817 0.000000 0.485238 0.607752 0.637220 0.574571 0.815152 0.602369 0.637344 0.640778 0.663769 0.725639 0.725794 0.859361 0.967970 0.694852 0.973937 0.936089 0.835661 0.958433 0.977254 0.606079 0.609936 0.812298 0.983764 0.650017 0.554390 0.672567 0.977663 0.702369 0.737248 0.862676 0.881840 0.894431 0.715585 0.676090 0.624631 0.605637 0.632852 0.731535 0.686627 0.878175 0.842667 0.637576 0.627818 0.588367 0.654566 0.667941 0.678490 0.958033 0.768218 0.431209 0.656598 0.507680 0.632558 0.603502 0.616635 0.618711 0.795048 0.553106 0.653708 0.783531 0.871770 0.521480 0.635040 0.700228 0.818340 0.890564 0.794745 0.508473 0.660799 0.683427 0.986569 0.584244 0.809918 0.930533 0.760545 0.741156 0.903953 0.838477 0.793500 0.666335 0.751941 0.552668 0.490509 0.567139 0.493175 0.694463 0.999309 0.530005 0.786619 0.494967 0.490301 0.733591 0.701723 0.616200 0.672793 0.539844 0.493728 0.689689 0.648960 0.763533 0.768270 0.691439 0.765151 0.630044 0.763027 0.798507 0.877531
0.670222 0.727183 0.984929 0.975012 0.696722 0.839637 0.664104 0.621412 0.485238 0.000000 0.599509 0.603360 0.777275 0.931535 0.765721 0.925323 0.492472 0.505915 0.877558 0.884952 0.794267 0.952558 0.877657 0.589554 0.634827 0.749748 0.814191 0.769031 0.491164 0.526663 0.844615 0.725210 0.906600 0.746173 0.867392 0.907905 0.992091 0.960511 0.846397 0.866257 0.897544 0.672340 0.800472 0.714918 0.597105 0.588696 0.921097 0.953813 0.694685 0.777697 0.582512 0.605067 0.661762 0.719952 0.994112 0.868139 0.782810 0.644137 0.483180 0.781589 0.716967 0.719875 0.568346 0.470395 0.912302 0.902792 0.768359 0.882270 0.852240 0.858371 0.613102 0.747113 0.811321 0.772322 0.936636 0.858295 0.574196 0.748943 0.730887 0.855642 0.559273 0.926351 0.948679 0.778291 0.896285 0.720728 0.760896 0.579625 0.937779 0.925400 0.569220 0.478171 0.550009 0.541454 0.813324 0.842748 0.595763 0.666402 0.413442 0.504012 0.668433 0.656484 0.408079 0.496368 0.631232 0.620237 0.791391 0.574300 0.801271 0.669456 0.633119 0.698510 0.529384 0.767828 0.758320 0.789086
0.363928 0.597884 0.830725 0.827233 0.882359 0.736371 0.569121 0.521174 0.607752 0.599509 0.000000 0.297032 0.355874 0.473886 0.729885 0.724657 0.409517 0.394942 0.562212 0.572155 0.896945 0.934270 0.901603 0.982894 0.790727 0.905876 0.841259 0.742849 0.402724 0.333340 0.893930 0.914062 0.535142 0.475692 0.832804 0.901396 0.927754 0.921023 0.973177 0.810123 0.969834 0.772205 0.977764 0.913610 0.765938 0.755484 0.784026 0.860981 0.940049 0.990299 0.950760 0.971298 0.931397 0.802882 0.814346 0.847795 0.589772 0.526052 0.468164 0.547735 0.351642 0.372152 0.278687 0.280181 0.860838 0.758279 0.694759 0.702592 0.797578 0.910936 0.823950 0.962821 0.868417 0.994443 0.911581 0.967990 0.811252 0.928494 0.649769 0.915522 0.328431 0.548666 0.918067 0.641057 0.725573 0.859539 0.857459 0.902092 0.686773 0.721581 0.955233 0.999516 0.958340 0.996672 0.846849 0.765706 0.764001 0.809769 0.652020 0.630931 0.698084 0.884570 0.728725 0.787904 0.596553 0.778850 0.884094 0.861121 0.813062 0.742246 0.780642 0.863849 0.819941 0.887920 0.855615 0.883765
0.284624 0.423556 0.784268 0.717704 0.853433 0.688670 0.495519 0.383628 0.637220 0.603360 0.297032 0.000000 0.329599 0.417306 0.684621 0.689803 0.318384 0.365362 0.533932 0.454736 0.997199 0.962172 0.838379 0.934396 0.798430 0.956960 0.919315 0.778014 0.396339 0.370670 0.920522 0.956633 0.475036 0.412516 0.780922 0.985794 0.919815 0.929028 0.964069 0.784016 0.876970 0.839651 0.793348 0.755117 0.667199 0.687320 0.662086 0.682256 0.897880 0.927515 0.860938 0.878049 0.983866 0.905460 0.845243 0.807495 0.437235 0.413053 0.339047 0.405662 0.294085 0.242884 0.313338 0.289601 0.758664 0.578922 0.569098 0.554806 0.733923 0.730135 0.730000 0.830280 0.993297 0.854579 0.836229 0.917321 0.660615 0.787009 0.657689 0.809926 0.336262 0.567972 0.819141 0.654463 0.653958 0.768361 0.950811 0.906893 0.712168 0.678653 0.792756 0.911384 0.841702 0.899683 0.786440 0.822166 0.657335 0.744514 0.508837 0.514848 0.661546 0.811048 0.592810 0.666631 0.520225 0.627057 0.900214 0.769653 0.660514 0.728752 0.693152 0.675830 0.789935 0.961170 0.758793 0.959918
0.304930 0.549244 0.555803 0.584226 0.753203 0.739330 0.412922 0.426568 0.574571 0.777275 0.355874 0.329599 0.000000 0.298859 0.474699 0.457665 0.515617 0.507628 0.455223 0.477579 0.783892 0.997316 0.503283 0.709841 0.902686 0.807428 0.977618 0.898835 0.522204 0.397544 0.610273 0.747591 0.333083 0.335310 0.621382 0.881709 0.706167 0.747378 0.992392 0.801469 0.879464 0.886856 0.794288 0.837393 0.852335 0.874275 0.703775 0.680591 0.777086 0.842690 0.976727 0.994759 0.932599 0.895945 0.804245 0.865181 0.578062 0.540435 0.422052 0.493443 0.216446 0.331927 0.292463 0.389380 0.537246 0.489201 0.494309 0.536402 0.766869 0.794167 0.649932 0.761193 0.988094 0.995936 0.870902 0.956078 0.742416 0.742439 0.760567 0.721067 0.385426 0.591116 0.738621 0.737248 0.406668 0.559209 0.882576 0.927429 0.626439 0.613325 0.803089 0.972520 0.872684 0.865712 0.855362 0.787639 0.710834 0.889927 0.641458 0.670298 0.690329 0.808202 0.752866 0.846084 0.566890 0.588763 0.860154 0.802275 0.735518 0.817446 0.851632 0.873540 0.939176 0.979809 0.793181 0.972018
0.401079 0.546049 0.604563 0.553160 0.863598 0.833902 0.501497 0.466827 0.815152 0.931535 0.473886 0.417306 0.298859 0.000000 0.505268 0.460936 0.654420 0.545347 0.397378 0.482823 0.830489 0.955598 0.453409 0.566776 0.842111 0.797673 0.898606 0.982890 0.643552 0.488042 0.546249 0.607526 0.277404 0.362007 0.610434 0.740247 0.655050 0.863416 0.859250 0.798416 0.888396 0.989635 0.854813 0.908359 0.927935 0.963186 0.794858 0.786208 0.697068 0.758688 0.930023 0.898293 0.850127 0.789797 0.955617 0.990550 0.515065 0.541512 0.538016 0.530597 0.328536 0.416479 0.399760 0.512537 0.556679 0.427018 0.517915 0.438693 0.878653 0.827817 0.728342 0.670081 0.896716 0.955319 0.801239 0.849374 0.874978 0.777072 0.724416 0.641214 0.520117 0.669219 0.589332 0.764037 0.375962 0.456651 0.782593 0.911787 0.629827 0.542549 0.879094 0.850958 0.923756 0.956996 0.913173 0.747123 0.808874 0.925815 0.776949 0.756110 0.661362 0.912065 0.869239 0.984556 0.600664 0.728450 0.983486 0.916071 0.756047 0.851195 0.804264 0.947290 0.909781 0.840533 0.849905 0.938805
0.590797 0.774356 0.574790 0.636126 0.708376 0.965988 0.517902 0.635637 0.602369 0.765721 0.729885 0.684621 0.474699 0.505268 0.000000 0.429779 0.765838 0.697188 0.653360 0.743699 0.672748 0.902961 0.421385 0.728488 0.787892 0.763417 0.898246 0.918282 0.713220 0.613054 0.523920 0.753924 0.473172 0.503650 0.583841 0.779556 0.518902 0.675182 0.968615 0.984534 0.781877 0.920697 0.778026 0.881675 0.748431 0.840926 0.828080 0.733680 0.805134 0.952020 0.813784 0.744167 0.736105 0.750435 0.836522 0.802079 0.837521 0.779424 0.530152 0.714270 0.458849 0.695249 0.570524 0.619714 0.573424 0.697881 0.533163 0.618377 0.843014 0.783549 0.549196 0.498860 0.814337 0.875917 0.900016 0.973005 0.739137 0.773068 0.695876 0.878675 0.714678 0.916560 0.577563 0.774090 0.495376 0.653692 0.789285 0.999534 0.760692 0.652727 0.667889 0.736655 0.735624 0.666255 0.792512 0.847431 0.727263 0.831685 0.665694 0.701316 0.826598 0.831314 0.749490 0.823323 0.623892 0.539270 0.726672 0.610343 0.740328 0.962486 0.825999 0.891971 0.993415 0.809047 0.792047 0.974873
0.569396 0.673018 0.433886 0.472366 0.875054 0.856334 0.431121 0.554602 0.637344 0.925323 0.724657 0.689803 0.457665 0.460936 0.429779 0.000000 0.766109 0.619880 0.461878 0.513292 0.590354 0.998152 0.342656 0.495623 0.612235 0.522926 0.804370 0.888041 0.662972 0.605157 0.407723 0.496475 0.385833 0.432021 0.507342 0.613219 0.421210 0.677383 0.981435 0.886137 0.811599 0.991412 0.675104 0.710480 0.722913 0.748181 0.666883 0.651823 0.857673 0.937173 0.811722 0.792064 0.806348 0.806670 0.714672 0.852650 0.750480 0.752064 0.651172 0.801925 0.525310 0.656847 0.667724 0.766286 0.462429 0.527895 0.486554 0.522356 0.826527 0.851324 0.555298 0.527367 0.768317 0.659828 0.786345 0.914240 0.735361 0.747409 0.638134 0.613926 0.586062 0.657142 0.567641 0.769520 0.375910 0.445343 0.808148 0.898873 0.758815 0.682049 0.614616 0.860091 0.708719 0.707816 0.673099 0.881300 0.685220 0.874834 0.716385 0.750164 0.772010 0.812529 0.824203 0.961677 0.576858 0.728639 0.889783 0.831997 0.773422 0.910965 0.895291 0.903050 0.977746 0.940205 0.868973 0.935095
0.362689 0.380675 0.912648 0.888838 0.747149 0.784303 0.606334 0.510080 0.640778 0.492472 0.409517 0.318384 0.515617 0.654420 0.765838 0.766109 0.000000 0.278676 0.595852 0.484305 0.907546 0.956993 0.976973 0.894627 0.738022 0.844397 0.917498 0.753834 0.288493 0.362856 0.972045 0.978840 0.577064 0.497309 0.840777 0.978472 0.890628 0.942456 0.950505 0.834667 0.769164 0.829592 0.741158 0.647086 0.511060 0.478142 0.685498 0.750253 0.638077 0.716465 0.665976 0.710175 0.843644 0.980868 0.764261 0.746378 0.381629 0.304155 0.384745 0.534894 0.495714 0.418217 0.372001 0.307994 0.943169 0.815603 0.667123 0.694419 0.662504 0.740920 0.750231 0.908139 0.868147 0.713984 0.934031 0.841202 0.691682 0.801988 0.645426 0.982348 0.281668 0.508886 0.763115 0.505145 0.772393 0.902601 0.948424 0.896986 0.788125 0.789964 0.803203 0.844214 0.836503 0.878323 0.635620 0.965879 0.635674 0.632326 0.485432 0.503661 0.729276 0.798082 0.504828 0.521166 0.483219 0.688919 0.956113 0.708988 0.760423 0.742696 0.769688 0.599007 0.629651 0.825362 0.728820 0.967683
0.390858 0.449363 0.861473 0.846940 0.830635 0.738390 0.549520 0.495625 0.663769 0.505915 0.394942 0.365362 0.507628 0.545347 0.697188 0.619880 0.278676 0.000000 0.528346 0.476532 0.928336 0.902236 0.912697 0.949245 0.795813 0.962036 0.948991 0.832111 0.278512 0.300063 0.860814 0.862611 0.516817 0.484787 0.812662 0.892563 0.727390 0.848470 0.910024 0.824128 0.834774 0.789742 0.765380 0.670191 0.495762 0.475232 0.709716 0.782269 0.713361 0.729231 0.642355 0.709270 0.817751 0.922578 0.733418 0.858765 0.388615 0.343502 0.455247 0.640253 0.512442 0.485203 0.372697 0.314173 0.922239 0.792875 0.619543 0.643917 0.653301 0.724761 0.724964 0.808317 0.804525 0.639127 0.975916 0.811389 0.719157 0.778536 0.523016 0.860760 0.236069 0.449596 0.697763 0.530492 0.752755 0.821367 0.922180 0.914900 0.741680 0.809253 0.742775 0.833458 0.754597 0.862455 0.740628 0.877661 0.630785 0.714465 0.495976 0.534862 0.633773 0.767357 0.473828 0.551222 0.480477 0.762377 0.918740 0.751353 0.754428 0.724002 0.762139 0.670861 0.720225 0.840677 0.792105 0.994633
0.406273 0.425116 0.419776 0.370540 0.906177 0.668938 0.335240 0.338764 0.725639 0.877558 0.562212 0.533932 0.455223 0.397378 0.653360 0.461878 0.595852 0.528346 0.000000 0.362491 0.789346 0.981704 0.433441 0.498790 0.631200 0.567149 0.921084 0.950286 0.682953 0.641591 0.446751 0.552022 0.271809 0.279749 0.455952 0.628159 0.511368 0.731693 0.832448 0.801993 0.793755 0.997273 0.546985 0.604599 0.618162 0.653132 0.488666 0.551206 0.987083 0.916993 0.749229 0.862080 0.919757 0.982645 0.672230 0.774899 0.494451 0.503784 0.593004 0.613869 0.466932 0.458082 0.596389 0.697591 0.446902 0.373238 0.361739 0.333500 0.645590 0.783563 0.517768 0.599031 0.870431 0.798468 0.764738 0.809705 0.657353 0.602898 0.742302 0.686716 0.491835 0.517956 0.609167 0.716346 0.364641 0.388288 0.880723 0.826425 0.599971 0.571437 0.652561 0.929810 0.716598 0.894714 0.742246 0.713834 0.594995 0.837519 0.563086 0.550095 0.703064 0.835375 0.735783 0.882461 0.547576 0.699498 0.984480 0.740589 0.675255 0.844917 0.725464 0.726258 0.828529 0.961946 0.882614 0.946877
0.382942 0.341675 0.538667 0.452703 0.992104 0.686472 0.425750 0.369864 0.725794 0.884952 0.572155 0.454736 0.477579 0.482823 0.743699 0.513292 0.484305 0.476532 0.362491 0.000000 0.767170 0.998105 0.589382 0.553817 0.711570 0.652997 0.949061 0.955105 0.590858 0.631824 0.612302 0.589057 0.352901 0.355216 0.673127 0.712554 0.627595 0.869118 0.878091 0.808448 0.811023 0.976512 0.577258 0.589690 0.660822 0.661932 0.521937 0.557330 0.954846 0.827291 0.793258 0.858203 0.975265 0.985887 0.684624 0.705670 0.428581 0.415094 0.591835 0.568527 0.513804 0.409369 0.606368 0.659219 0.540508 0.421074 0.500548 0.433351 0.542875 0.704427 0.602536 0.726416 0.811813 0.703687 0.746677 0.701392 0.675165 0.723328 0.674975 0.679758 0.427873 0.375958 0.624511 0.662111 0.440362 0.454775 0.847913 0.843102 0.740058 0.581387 0.750232 0.975793 0.798185 0.961153 0.649155 0.999405 0.603413 0.788000 0.631652 0.533040 0.754334 0.792815 0.638875 0.834033 0.460615 0.734874 0.952091 0.835783 0.708359 0.854836 0.785892 0.729854 0.836242 0.973014 0.774378 0.992035
0.934552 0.958579 0.594733 0.610614 0.993796 0.848473 0.721909 0.851470 0.859361 0.794267 0.896945 0.997199 0.783892 0.830489 0.672748 0.590354 0.907546 0.928336 0.789346 0.767170 0.000000 0.939729 0.517584 0.559173 0.562867 0.552211 0.715395 0.835575 0.834138 0.926449 0.646100 0.743906 0.735673 0.754989 0.738127 0.737469 0.647438 0.659205 0.902575 0.924532 0.763800 0.945056 0.750911 0.848347 0.964197 0.958096 0.783805 0.807241 0.724376 0.914002 0.974192 0.986344 0.927774 0.780322 0.866119 0.905588 0.980796 0.932896 0.921890 0.934917 0.848365 0.935411 0.932804 0.831783 0.536492 0.636969 0.656888 0.681293 0.867681 0.997417 0.662657 0.655279 0.898296 0.887659 0.888374 0.912948 0.883744 0.736279 0.954063 0.759687 0.947101 0.995787 0.740345 0.961547 0.632440 0.620225 0.578496 0.767893 0.947175 0.801707 0.742354 0.841208 0.853633 0.726314 0.832881 0.904431 0.889656 0.998182 0.955501 0.908726 0.949006 0.957188 0.957573 0.921943 0.872808 0.753480 0.945537 0.914131 0.990390 0.871353 0.831185 0.995164 0.838521 0.938210 0.835647 0.954957
0.894420 0.897210 0.880906 0.925801 0.973210 0.981700 0.906541 0.902508 0.967970 0.952558 0.934270 0.962172 0.997316 0.955598 0.902961 0.998152 0.956993 0.902236 0.981704 0.998105 0.939729 0.000000 0.937551 0.980845 0.935967 0.970852 0.838804 0.887061 0.945005 0.973940 0.924654 0.905689 0.974809 0.950295 0.894026 0.997391 0.887291 0.906105 0.969007 0.926627 0.756774 0.869487 0.994273 0.947310 0.861451 0.924097 0.957028 0.893742 0.942043 0.938419 0.765078 0.808855 0.898521 0.790266 0.979101 0.836985 0.879895 0.902835 0.891562 0.882808 0.911687 0.957798 0.953697 0.918448 0.961756 0.952820 0.903812 0.911074 0.817034 0.773646 0.899089 0.889849 0.942675 0.901761 0.924676 0.944860 0.849705 0.837075 0.925739 0.955755 0.955554 0.935717 0.850792 0.949516 0.980884 0.867938 0.979907 0.984030 0.886559 0.737777 0.895243 0.872117 0.894821 0.949703 0.734665 0.984181 0.927535 0.989260 0.870453 0.796766 0.929154 0.901128 0.835755 0.910812 0.817154 0.868733 0.927081 0.905650 0.935548 0.963215 0.759671 0.867831 0.993862 0.937002 0.779705 0.938319
0.671848 0.748448 0.293024 0.312766 0.859248 0.892276 0.416825 0.549285 0.694852 0.877657 0.901603 0.838379 0.503283 0.453409 0.421385 0.342656 0.976973 0.912697 0.433441 0.589382 0.517584 0.937551 0.000000 0.279852 0.367013 0.412277 0.728525 0.802518 0.987072 0.881708 0.288121 0.414693 0.368757 0.404765 0.421225 0.597639 0.455295 0.696690 0.820619 0.902246 0.820942 0.876249 0.596806 0.722533 0.888257 0.937871 0.656667 0.569014 0.623196 0.860993 0.939493 0.904544 0.892637 0.840901 0.765999 0.846820 0.874372 0.869639 0.759546 0.789521 0.530779 0.704025 0.801218 0.969679 0.258713 0.368306 0.407020 0.412900 0.826790 0.894174 0.533840 0.472160 0.869959 0.881488 0.767856 0.898086 0.775070 0.580809 0.876443 0.688639 0.824709 0.821739 0.577163 0.929039 0.257698 0.299389 0.713750 0.805865 0.652176 0.515687 0.656319 0.891410 0.732906 0.768912 0.735463 0.828268 0.747319 0.984448 0.810226 0.773931 0.850953 0.862199 0.992679 0.896863 0.649416 0.610250 0.960821 0.815538 0.814820 0.942285 0.876235 0.984053 0.930210 0.954016 0.858803 0.966466
0.822657 0.777637 0.385576 0.314262 0.879069 0.907620 0.580229 0.647049 0.973937 0.589554 0.982894 0.934396 0.709841 0.566776 0.728488 0.495623 0.894627 0.949245 0.498790 0.553817 0.559173 0.980845 0.279852 0.000000 0.285133 0.349051 0.707698 0.731089 0.824999 0.942301 0.339587 0.333830 0.496023 0.564783 0.577825 0.603112 0.592934 0.758183 0.735836 0.946907 0.913100 0.777425 0.671290 0.807193 0.990421 0.968086 0.650468 0.596403 0.647784 0.886157 0.967436 0.921991 0.926139 0.975052 0.774562 0.873512 0.888633 0.964971 0.988569 0.917049 0.734376 0.767051 0.971861 0.814172 0.333065 0.336534 0.546275 0.462592 0.861047 0.982324 0.728057 0.678753 0.943952 0.919920 0.725224 0.856703 0.942632 0.747223 0.949636 0.616795 0.961712 0.730179 0.609166 0.974618 0.328585 0.244099 0.652383 0.586336 0.753825 0.548854 0.847463 0.874841 0.924824 0.963834 0.735833 0.911905 0.860047 0.950974 0.965243 0.921249 0.958373 0.993931 0.823733 0.725159 0.813542 0.831776 0.874762 0.930350 0.891261 0.836205 0.946350 0.926275 0.826142 0.948856 0.902198 0.930169
0.984462 0.939132 0.347631 0.348714 0.944080 0.962925 0.603191 0.734541 0.936089 0.634827 0.790727 0.798430 0.902686 0.842111 0.787892 0.612235 0.738022 0.795813 0.631200 0.711570 0.562867 0.935967 0.367013 0.285133 0.000000 0.263751 0.678595 0.699313 0.691364 0.759875 0.342442 0.446590 0.654501 0.689788 0.550380 0.580581 0.515891 0.670164 0.694505 0.970159 0.885210 0.810303 0.629656 0.773409 0.951178 0.968899 0.674110 0.649547 0.731118 0.988283 0.915151 0.994884 0.936995 0.832460 0.749558 0.814786 0.918970 0.870432 0.855941 0.882657 0.959040 0.966906 0.768535 0.612607 0.374104 0.499802 0.577961 0.586324 0.824394 0.944892 0.658098 0.624240 0.822246 0.910537 0.809036 0.972271 0.845627 0.710674 0.940244 0.739158 0.885840 0.820020 0.656412 0.959663 0.473329 0.364328 0.758392 0.711903 0.811770 0.657791 0.749267 0.952120 0.768941 0.909095 0.770645 0.915647 0.813531 0.954194 0.982008 0.935553 0.984100 0.944564 0.892001 0.792066 0.867454 0.870467 0.998657 0.980633 0.901888 0.896831 0.973398 0.884028 0.839060 0.991811 0.929209 0.881304
0.852562 0.799625 0.305248 0.302477 0.855613 0.791165 0.481227 0.597593 0.835661 0.749748 0.905876 0.956960 0.807428 0.797673 0.763417 0.522926 0.844397 0.962036 0.567149 0.652997 0.552211 0.970852 0.412277 0.349051 0.263751 0.000000 0.845400 0.801447 0.825079 0.853070 0.362326 0.437996 0.610121 0.650359 0.623397 0.513554 0.442650 0.619334 0.789314 0.947103 0.908452 0.891459 0.502752 0.664367 0.789547 0.839342 0.554796 0.524851 0.874054 0.868141 0.749454 0.816960 0.784943 0.713505 0.651176 0.815656 0.972836 0.979605 0.989100 0.995560 0.829551 0.854858 0.806754 0.695099 0.344378 0.436568 0.504235 0.525749 0.770492 0.986449 0.588749 0.556273 0.655621 0.774306 0.871940 0.994081 0.717085 0.671047 0.986013 0.652429 0.989865 0.782417 0.750831 0.976216 0.496385 0.389194 0.790277 0.790721 0.805876 0.716971 0.608003 0.810768 0.650463 0.759160 0.772998 0.859385 0.672367 0.953333 0.860307 0.816033 0.843585 0.817402 0.993465 0.953974 0.805434 0.762863 0.892948 0.885746 0.739781 0.997863 0.909316 0.967967 0.973033 0.929150 0.889760 0.985589
0.921192 0.954927 0.852375 0.824129 0.857849 0.944062 0.983005 0.934644 0.958433 0.814191 0.841259 0.919315 0.977618 0.898606 0.898246 0.804370 0.917498 0.948991 0.921084 0.949061 0.715395 0.838804 0.728525 0.707698 0.678595 0.845400 0.000000 0.760715 0.794651 0.911081 0.779626 0.855100 0.870705 0.899928 0.826662 0.740164 0.783373 0.870851 0.833286 0.997379 0.665022 0.975088 0.998963 0.996147 0.900788 0.826520 0.965577 0.943618 0.722918 0.861094 0.958938 0.903802 0.876511 0.942805 0.988820 0.923925 0.978133 0.948888 0.933396 0.910801 0.961183 0.875255 0.985906 0.909650 0.806352 0.821449 0.828749 0.817564 0.972788 0.934349 0.905203 0.856354 0.857731 0.957622 0.903433 0.974820 0.991354 0.853555 0.980988 0.947710 0.997174 0.977226 0.770297 0.853113 0.776023 0.741388 0.877813 0.940850 0.859840 0.841236 0.959359 0.953943 0.956523 0.952793 0.820754 0.924339 0.981967 0.978950 0.985435 0.950394 0.843585 0.933413 0.960831 0.936896 0.965378 0.924981 0.813905 0.999063 0.933711 0.725734 0.854486 0.877516 0.840939 0.961424 0.903242 0.875409
0.877208 0.913735 0.831834 0.817642 0.908264 0.832025 0.999509 0.943248 0.977254 0.769031 0.742849 0.778014 0.898835 0.982890 0.918282 0.888041 0.753834 0.832111 0.950286 0.955105 0.835575 0.887061 0.802518 0.731089 0.699313 0.801447 0.760715 0.000000 0.737668 0.759589 0.768677 0.915664 0.906310 0.956655 0.847538 0.857604 0.725234 0.933999 0.897591 0.941765 0.885875 0.879249 0.985126 0.967680 0.894380 0.850959 0.987764 0.950920 0.752505 0.882733 0.954483 0.915628 0.915586 0.956918 0.991927 0.898516 0.925421 0.848491 0.866463 0.936317 0.918468 0.851787 0.800720 0.710901 0.808798 0.817205 0.889609 0.823128 0.944905 0.963287 0.969991 0.853550 0.982730 0.902066 0.994897 0.947392 0.926110 0.969611 0.987935 0.834685 0.869245 0.980451 0.994668 0.827671 0.860357 0.732761 0.989586 0.872858 0.994830 0.834722 0.919221 0.980906 0.925205 0.983127 0.929672 0.800583 0.917366 0.851789 0.911178 0.866240 0.878797 0.914355 0.926766 0.888432 0.998382 0.912393 0.984460 0.895019 0.938306 0.768936 0.971980 0.940482 0.802202 0.953283 0.854574 0.942419
0.452776 0.522619 0.962413 0.993015 0.777301 0.906489 0.668047 0.596857 0.606079 0.491164 0.402724 0.396339 0.522204 0.643552 0.713220 0.662972 0.288493 0.278512 0.682953 0.590858 0.834138 0.945005 0.987072 0.824999 0.691364 0.825079 0.794651 0.737668 0.000000 0.273651 0.949126 0.952522 0.601323 0.594378 0.889937 0.885198 0.877779 0.970978 0.784943 0.924782 0.920259 0.802643 0.885631 0.781430 0.544324 0.490772 0.843846 0.832326 0.583518 0.698669 0.698040 0.722716 0.811478 0.950671 0.730794 0.727071 0.513869 0.419956 0.468842 0.653744 0.517961 0.503189 0.352897 0.285549 0.961602 0.979223 0.826567 0.870578 0.741001 0.715516 0.850787 0.938156 0.828183 0.695512 0.949977 0.860562 0.772132 0.950305 0.516854 0.946541 0.315488 0.528825 0.709944 0.468811 0.835886 0.978691 0.938751 0.905502 0.795420 0.828838 0.898983 0.936893 0.941733 0.953393 0.786822 0.957768 0.651651 0.819796 0.595757 0.613365 0.766633 0.917533 0.586235 0.647569 0.607078 0.813755 0.853311 0.832898 0.731932 0.637629 0.752939 0.735307 0.683642 0.832199 0.840001 0.976945
0.475924 0.631140 0.919372 0.943521 0.780265 0.921107 0.629742 0.620461 0.609936 0.526663 0.333340 0.370670 0.397544 0.488042 0.613054 0.605157 0.362856 0.300063 0.641591 0.631824 0.926449 0.973940 0.881708 0.942301 0.759875 0.853070 0.911081 0.759589 0.273651 0.000000 0.903415 0.947182 0.560060 0.528584 0.885530 0.937702 0.881163 0.876832 0.930435 0.861837 0.944526 0.845757 0.985816 0.866486 0.685748 0.681002 0.917216 0.910474 0.842545 0.925856 0.843738 0.884896 0.928080 0.949734 0.848783 0.949137 0.576951 0.529265 0.505885 0.716102 0.473550 0.522152 0.271464 0.246519 0.976227 0.897856 0.765224 0.802239 0.877638 0.912180 0.838771 0.978885 0.978188 0.869467 0.953596 0.989953 0.784252 0.855123 0.570351 0.898160 0.305999 0.563933 0.681909 0.525532 0.742172 0.887340 0.924011 0.934860 0.786603 0.819630 0.896386 0.982022 0.930997 0.950120 0.859944 0.890830 0.790471 0.878102 0.651721 0.722237 0.721892 0.900492 0.665137 0.733388 0.629280 0.838317 0.930830 0.896258 0.906511 0.816821 0.883282 0.803430 0.859446 0.954673 0.859680 0.937281
0.724303 0.735535 0.350265 0.386461 0.958605 0.923667 0.467116 0.561267 0.812298 0.844615 0.893930 0.920522 0.610273 0.546249 0.523920 0.407723 0.972045 0.860814 0.446751 0.612302 0.646100 0.924654 0.288121 0.339587 0.342442 0.362326 0.779626 0.768677 0.949126 0.903415 0.000000 0.344970 0.389090 0.504052 0.495123 0.642445 0.453258 0.669952 0.860961 0.955622 0.823292 0.954231 0.621308 0.736238 0.789392 0.833676 0.687459 0.683768 0.790054 0.974854 0.845094 0.931519 0.912638 0.883487 0.744017 0.828462 0.821033 0.811099 0.857438 0.912707 0.621969 0.752841 0.879498 0.981843 0.384962 0.465497 0.497981 0.511713 0.748394 0.846932 0.635567 0.535200 0.778571 0.818428 0.784358 0.889449 0.858889 0.745297 0.833190 0.615264 0.830774 0.711652 0.538032 0.938593 0.363829 0.351344 0.756656 0.743766 0.721529 0.575069 0.735145 0.982408 0.784569 0.918035 0.679164 0.855335 0.688651 0.891977 0.890025 0.790834 0.850276 0.822867 0.987586 0.913396 0.674712 0.708928 0.901400 0.855532 0.843185 0.963916 0.883833 0.989247 0.912848 0.946507 0.870388 0.889679
0.820213 0.800765 0.518361 0.503613 0.891039 0.950532 0.625206 0.697772 0.983764 0.725210 0.914062 0.956633 0.747591 0.607526 0.753924 0.496475 0.978840 0.862611 0.552022 0.589057 0.743906 0.905689 0.414693 0.333830 0.446590 0.437996 0.855100 0.915664 0.952522 0.947182 0.344970 0.000000 0.533239 0.590357 0.690800 0.643190 0.617324 0.768950 0.751355 0.999832 0.950807 0.809619 0.723875 0.750772 0.908393 0.902054 0.720947 0.715080 0.790142 0.945776 0.957225 0.965661 0.955544 0.966067 0.772086 0.946390 0.830975 0.874031 0.976722 0.974304 0.778467 0.831810 0.971066 0.922437 0.518440 0.525976 0.644560 0.571277 0.883988 0.985208 0.830613 0.750652 0.841018 0.785417 0.806225 0.818667 0.973545 0.798051 0.855541 0.641682 0.867376 0.705915 0.637766 0.962698 0.484316 0.402113 0.811771 0.706683 0.854672 0.765914 0.871418 0.876294 0.890119 0.952312 0.733948 0.898413 0.854359 0.943389 0.998371 0.931899 0.859647 0.879374 0.917619 0.815632 0.765417 0.930895 0.918029 0.962685 0.946789 0.878019 0.998363 0.907786 0.862172 0.971224 0.934478 0.901829
0.361657 0.422536 0.438090 0.418392 0.816637 0.711014 0.343478 0.350765 0.650017 0.906600 0.535142 0.475036 0.333083 0.277404 0.473172 0.385833 0.577064 0.516817 0.271809 0.352901 0.735673 0.974809 0.368757 0.496023 0.654501 0.610121 0.870705 0.906310 0.601323 0.560060 0.389090 0.533239 0.000000 0.270674 0.506410 0.687456 0.480051 0.746739 0.885127 0.832683 0.792966 0.987383 0.603654 0.668747 0.669820 0.713804 0.579338 0.611489 0.884556 0.998333 0.839924 0.891047 0.961287 0.981394 0.749816 0.751644 0.486634 0.468223 0.502830 0.542432 0.324620 0.409118 0.462546 0.585079 0.408060 0.369944 0.377552 0.351717 0.678676 0.733206 0.582524 0.564606 0.840730 0.784245 0.749228 0.831174 0.698722 0.647756 0.633156 0.658039 0.461048 0.525024 0.534346 0.680443 0.293781 0.349918 0.869579 0.861198 0.601513 0.482567 0.724605 0.990151 0.775791 0.931157 0.767480 0.765487 0.645644 0.843102 0.604791 0.581756 0.757924 0.786378 0.746799 0.861500 0.499846 0.628102 0.908047 0.807209 0.713685 0.825173 0.763686 0.809768 0.907694 0.958707 0.833527 0.926598
0.301049 0.381664 0.386023 0.385156 0.831516 0.689041 0.273134 0.292451 0.554390 0.746173 0.475692 0.412516 0.335310 0.362007 0.503650 0.432021 0.497309 0.484787 0.279749 0.355216 0.754989 0.950295 0.404765 0.564783 0.689788 0.650359 0.899928 0.956655 0.594378 0.528584 0.504052 0.590357 0.270674 0.000000 0.468968 0.727441 0.552479 0.728685 0.809119 0.820263 0.828092 0.906524 0.520877 0.540672 0.599662 0.635877 0.494980 0.491268 0.968870 0.900412 0.722071 0.760070 0.843251 0.901264 0.672861 0.784351 0.496546 0.462999 0.439699 0.521082 0.325934 0.374238 0.468487 0.543296 0.419429 0.361621 0.300979 0.306879 0.611585 0.725530 0.482714 0.551930 0.850048 0.782826 0.763701 0.897438 0.627216 0.555437 0.660866 0.729490 0.415569 0.514954 0.575732 0.670915 0.346455 0.408458 0.874476 0.923454 0.532433 0.521112 0.602368 0.826664 0.653912 0.783485 0.662602 0.795709 0.565179 0.848558 0.482307 0.452473 0.661206 0.737569 0.624209 0.744581 0.455071 0.550546 0.893390 0.659519 0.653076 0.772871 0.694458 0.719930 0.793413 0.907675 0.731107 0.938322
0.638126 0.721420 0.405945 0.421827 0.737610 0.842448 0.429417 0.511205 0.672567 0.867392 0.832804 0.780922 0.621382 0.610434 0.583841 0.507342 0.840777 0.812662 0.455952 0.673127 0.738127 0.894026 0.421225 0.577825 0.550380 0.623397 0.826662 0.847538 0.889937 0.885530 0.495123 0.690800 0.506410 0.468968 0.000000 0.697702 0.582669 0.711770 0.855773 0.825080 0.784756 0.808462 0.544184 0.624326 0.684447 0.773511 0.592080 0.570351 0.877867 0.933566 0.743952 0.794649 0.742127 0.776999 0.694511 0.711893 0.814348 0.825502 0.673506 0.787111 0.599779 0.728423 0.810565 0.893231 0.374238 0.484456 0.347979 0.442643 0.785452 0.914364 0.469588 0.496069 0.760900 0.750509 0.968448 0.899905 0.658940 0.561533 0.821073 0.819500 0.747783 0.769782 0.716403 0.829176 0.450438 0.473032 0.762592 0.982330 0.707432 0.629959 0.487370 0.716422 0.588289 0.609038 0.665124 0.727371 0.616230 0.792991 0.652667 0.628313 0.775121 0.804319 0.759228 0.940259 0.673049 0.551654 0.999519 0.696819 0.643232 0.772134 0.738289 0.912568 0.905150 0.912367 0.877329 0.916993
0.867259 0.837592 0.656705 0.606159 0.983053 0.860489 0.680750 0.732024 0.977663 0.907905 0.901396 0.985794 0.881709 0.740247 0.779556 0.613219 0.978472 0.892563 0.628159 0.712554 0.737469 0.997391 0.597639 0.603112 0.580581 0.513554 0.740164 0.857604 0.885198 0.937702 0.642445 0.643190 0.687456 0.727441 0.697702 0.000000 0.510875 0.764083 0.803773 0.874164 0.732497 0.922125 0.612402 0.785096 0.800534 0.897661 0.765710 0.733289 0.873270 0.954983 0.773529 0.818224 0.809455 0.751665 0.842756 0.980345 0.863393 0.929420 0.985390 0.931406 0.940691 0.947664 0.956215 0.873229 0.637592 0.611417 0.573090 0.564407 0.932273 0.861092 0.653910 0.585043 0.809164 0.774400 0.961899 0.963541 0.692184 0.818247 0.986248 0.941774 0.916928 0.924438 0.680675 0.935016 0.615149 0.571815 0.869499 0.879584 0.876961 0.775471 0.628381 0.826616 0.613804 0.754401 0.884095 0.783319 0.834915 0.807396 0.803765 0.844624 0.812246 0.758422 0.814327 0.926041 0.790799 0.875339 0.960677 0.863795 0.841477 0.933862 0.930323 0.885875 0.958891 0.976636 0.942364 0.990685
0.649305 0.729636 0.398676 0.469895 0.903531 0.769832 0.475819 0.602125 0.702369 0.992091 0.927754 0.919815 0.706167 0.655050 0.518902 0.421210 0.890628 0.727390 0.511368 0.627595 0.647438 0.887291 0.455295 0.592934 0.515891 0.442650 0.783373 0.725234 0.877779 0.881163 0.453258 0.617324 0.480051 0.552479 0.582669 0.510875 0.000000 0.574635 0.852433 0.882057 0.725083 0.983372 0.622768 0.712604 0.719807 0.782484 0.600224 0.663858 0.892479 0.859578 0.705480 0.733746 0.755306 0.725875 0.720818 0.758551 0.814957 0.783558 0.731405 0.878113 0.707864 0.828642 0.850785 0.961733 0.481312 0.587350 0.474596 0.478804 0.739851 0.828876 0.538393 0.444338 0.692691 0.695991 0.961558 0.941698 0.701927 0.705411 0.714800 0.815103 0.729998 0.777937 0.646054 0.835858 0.480272 0.491789 0.917330 0.968297 0.686628 0.620758 0.594000 0.724950 0.602132 0.701215 0.783518 0.841042 0.690631 0.846384 0.682833 0.683449 0.797556 0.824820 0.766091 0.884754 0.567759 0.754450 0.815376 0.704277 0.772801 0.898633 0.841668 0.821748 0.888976 0.867818 0.931947 0.956421
0.811695 0.939142 0.628054 0.642717 0.868596 0.884785 0.628134 0.724902 0.737248 0.960511 0.921023 0.929028 0.747378 0.863416 0.675182 0.677383 0.942456 0.848470 0.731693 0.869118 0.659205 0.906105 0.696690 0.758183 0.670164 0.619334 0.870851 0.933999 0.970978 0.876832 0.669952 0.768950 0.746739 0.728685 0.711770 0.764083 0.574635 0.000000 0.858846 0.984929 0.856331 0.929063 0.757610 0.799875 0.808304 0.908384 0.740492 0.775758 0.855705 0.990213 0.840669 0.871960 0.835579 0.809410 0.776707 0.920637 0.994133 0.964528 0.793699 0.989541 0.803843 0.922011 0.908080 0.960508 0.671254 0.754284 0.590681 0.653662 0.948165 0.957776 0.625235 0.673094 0.712794 0.859289 0.916629 0.873594 0.819147 0.907981 0.926961 0.897382 0.894660 0.900405 0.876186 0.958456 0.770503 0.743288 0.906223 0.914208 0.866593 0.976005 0.608809 0.701455 0.636596 0.683219 0.858902 0.860743 0.692494 0.774916 0.817608 0.811430 0.886612 0.761814 0.869415 0.866076 0.841173 0.770924 0.751874 0.714023 0.799056 0.969126 0.970710 0.868078 0.840601 0.672922 0.856600 0.799395
