0.000000 0.293728 0.680493 0.523578 0.714031 0.780691 0.741271 0.738264 0.966493 0.942145 0.461047 0.455768 0.338422 0.451711 0.489844 0.486603 0.412937 0.461884 0.462869 0.489693 0.729017 0.993894 0.630010 0.537501 0.688505 0.905579 0.760773 0.934708 0.589197 0.611874 0.956124 0.878121 0.553231 0.631721 0.975284 0.727958 0.690142 0.789577 0.598683 0.807815 0.784336 0.822135 0.769734 0.718490 0.814406 0.686840 0.400397 0.435751 0.468310 0.442630 0.663288 0.584685 0.873817 0.873256 0.553675 0.556095 0.349910 0.254048 0.333578 0.303369 0.397977 0.560277 0.390611 0.412424 0.562357 0.443978 0.860794 0.860751 0.517515 0.468815 0.977019 0.991158 0.888877 0.816584 0.780001 0.885880 0.736724 0.812914 0.541934 0.584833 0.343283 0.365841 0.543250 0.420840 0.441053 0.478529 0.908384 0.808331 0.569945 0.511332 0.934215 0.867129 0.987066 0.836297 0.843504 0.783877 0.825310 0.998900 0.761529 0.768040 0.924734 0.976484 0.988815 0.948792 0.640198 0.640390 0.999946 0.904975 0.913774 0.948853 0.980670 0.698903 0.782234 0.899058 0.756658 0.959420
0.293728 0.000000 0.685873 0.463227 0.826530 0.703644 0.597546 0.605341 0.886421 0.899224 0.404982 0.409878 0.467887 0.425180 0.603738 0.452954 0.331416 0.343955 0.421504 0.356936 0.642335 0.812828 0.635994 0.502487 0.728365 0.848313 0.854546 0.906494 0.410619 0.442020 0.730455 0.614574 0.442622 0.470752 0.972031 0.777991 0.669494 0.759013 0.678973 0.776893 0.834797 0.728893 0.550748 0.519053 0.614496 0.541319 0.450668 0.421418 0.418737 0.404746 0.490574 0.449634 0.688280 0.951343 0.658060 0.489565 0.285274 0.262150 0.423573 0.397539 0.378295 0.504671 0.331722 0.317951 0.665179 0.479902 0.725399 0.671973 0.617157 0.519882 0.753790 0.772101 0.716746 0.614961 0.780697 0.882552 0.640527 0.667753 0.504710 0.516025 0.345767 0.451494 0.491996 0.496357 0.574037 0.509379 0.965715 0.815106 0.680644 0.522979 0.944173 0.971256 0.890329 0.861283 0.811608 0.781298 0.851161 0.967725 0.632682 0.648728 0.951126 0.991391 0.810826 0.884205 0.591505 0.609996 0.989209 0.896621 0.835186 0.972167 0.919759 0.654739 0.703788 0.789011 0.750448 0.931717
0.680493 0.685873 0.000000 0.436367 0.526767 0.749016 0.523912 0.686951 0.660070 0.704624 0.813694 0.774539 0.581840 0.746270 0.584391 0.559722 0.763688 0.671891 0.463141 0.596742 0.519446 0.877891 0.398622 0.584608 0.494189 0.492866 0.974086 0.894826 0.577197 0.645782 0.589910 0.671424 0.476718 0.556896 0.790768 0.914717 0.511650 0.847959 0.691452 0.726870 0.854183 0.930984 0.608312 0.684609 0.669355 0.719605 0.615427 0.651540 0.733786 0.810202 0.810606 0.818061 0.837578 0.991249 0.710245 0.826151 0.718224 0.706425 0.717163 0.740600 0.461481 0.743053 0.745830 0.716950 0.437846 0.548282 0.557779 0.632146 0.916562 0.644385 0.684545 0.744864 0.667680 0.641441 0.946158 0.793814 0.642417 0.605271 0.845090 0.636689 0.771892 0.725248 0.751874 0.833223 0.652998 0.722171 0.919090 0.911661 0.809254 0.739136 0.743444 0.757766 0.763621 0.759504 0.844764 0.600984 0.902887 0.822446 0.660684 0.575012 0.856802 0.814113 0.877780 0.941485 0.713804 0.674654 0.828048 0.891563 0.955574 0.989716 0.811587 0.645945 0.542685 0.763557 0.879236 0.981267
0.523578 0.463227 0.436367 0.000000 0.686794 0.501382 0.408552 0.365430 0.655203 0.576561 0.617655 0.381871 0.532235 0.386656 0.630961 0.409184 0.562270 0.505514 0.384758 0.353774 0.542349 0.896147 0.400470 0.386599 0.620764 0.549565 0.969336 0.910350 0.455221 0.438983 0.484536 0.540027 0.376934 0.402799 0.839754 0.910314 0.670017 0.734811 0.735169 0.810654 0.871824 0.996710 0.511868 0.593250 0.559261 0.620605 0.427532 0.489133 0.658306 0.645306 0.606783 0.609695 0.719822 0.839021 0.633240 0.644298 0.607444 0.597900 0.625821 0.612958 0.331349 0.372847 0.474205 0.403243 0.630720 0.287945 0.495443 0.531362 0.893836 0.601515 0.618616 0.667551 0.611316 0.567994 0.754472 0.602643 0.583987 0.532397 0.748963 0.540762 0.639901 0.555223 0.609884 0.749039 0.676713 0.601925 0.983025 0.961764 0.757693 0.664725 0.650859 0.846986 0.654661 0.876359 0.714873 0.535478 0.731539 0.820655 0.502251 0.503229 0.644028 0.793606 0.743751 0.853448 0.543415 0.649191 0.841537 0.966850 0.743684 0.896021 0.822336 0.599526 0.574384 0.715765 0.686717 0.927165
0.714031 0.826530 0.526767 0.686794 0.000000 0.795469 0.836823 0.850390 0.906883 0.904028 0.903289 0.825680 0.538120 0.780706 0.542812 0.582689 0.903994 0.838515 0.746391 0.894000 0.769111 0.951037 0.530822 0.615749 0.632037 0.774410 0.657427 0.858023 0.840526 0.816437 0.945621 0.988571 0.727377 0.910961 0.871781 0.820036 0.808462 0.897527 0.930284 0.620039 0.842251 0.940875 0.865335 0.911840 0.929078 0.873787 0.710848 0.759732 0.637061 0.826240 0.950879 0.912919 0.937961 0.788860 0.667875 0.829735 0.918577 0.753884 0.778206 0.739707 0.625200 0.767915 0.808252 0.773572 0.466739 0.609603 0.961367 0.953017 0.786781 0.648883 0.923669 0.849023 0.874673 0.982306 0.880654 0.954290 0.888788 0.877244 0.946100 0.703373 0.783651 0.698201 0.786300 0.714332 0.518320 0.652937 0.618414 0.892129 0.602767 0.635881 0.967637 0.923844 0.953059 0.964897 0.869329 0.977288 0.985360 0.966383 0.979598 0.877178 0.818688 0.987222 0.921893 0.903944 0.976294 0.874904 0.810755 0.897067 0.965415 0.903032 0.876113 0.996098 0.708547 0.963032 0.939203 0.978911
0.780691 0.703644 0.749016 0.501382 0.795469 0.000000 0.592366 0.527397 0.702542 0.643021 0.775258 0.572794 0.843169 0.588130 0.886321 0.582596 0.763642 0.711810 0.686777 0.604922 0.771835 0.892081 0.705221 0.632318 0.842610 0.792537 0.855704 0.994197 0.714040 0.656401 0.566019 0.639646 0.538021 0.643612 0.811408 0.813338 0.860795 0.866038 0.908292 0.964712 0.764656 0.962580 0.657206 0.690731 0.736534 0.771939 0.771345 0.735070 0.852555 0.745006 0.666145 0.695610 0.691160 0.752898 0.743079 0.868621 0.806019 0.881368 0.905445 0.788430 0.668703 0.591087 0.783749 0.599475 0.938213 0.585057 0.747951 0.634437 0.964510 0.799479 0.751953 0.751176 0.702399 0.731367 0.994484 0.672341 0.738869 0.626351 0.922966 0.746502 0.866855 0.813833 0.862066 0.945737 0.920760 0.855131 0.990055 0.953289 0.986048 0.897589 0.704935 0.865072 0.711937 0.797448 0.861508 0.798852 0.962287 0.779487 0.658241 0.755147 0.676786 0.862088 0.917808 0.783010 0.783145 0.936561 0.976105 0.958674 0.807546 0.921992 0.799010 0.821527 0.829580 0.876056 0.797871 0.834329
0.741271 0.597546 0.523912 0.408552 0.836823 0.592366 0.000000 0.274980 0.415850 0.323919 0.604367 0.543593 0.851509 0.633972 0.873332 0.596557 0.563470 0.446773 0.401343 0.458785 0.653185 0.847838 0.603825 0.667704 0.940935 0.783020 0.667600 0.856680 0.373318 0.321663 0.321723 0.411582 0.337556 0.272421 0.620942 0.968533 0.799346 0.807051 0.802968 0.959751 0.809340 0.867934 0.284450 0.351912 0.257626 0.374659 0.738721 0.560657 0.668710 0.610964 0.442747 0.480401 0.413598 0.455942 0.848025 0.852056 0.610765 0.748688 0.762801 0.824259 0.383255 0.532398 0.471062 0.392472 0.939677 0.637969 0.238867 0.293751 0.953172 0.754621 0.456612 0.415857 0.438814 0.392338 0.949236 0.639697 0.486086 0.462227 0.692539 0.659133 0.794502 0.930767 0.824089 0.910604 0.940757 0.997111 0.875361 0.839247 0.927731 0.923163 0.366487 0.540152 0.460864 0.661038 0.763467 0.583931 0.572304 0.650604 0.253061 0.299097 0.456997 0.500585 0.528489 0.642713 0.457805 0.659769 0.658888 0.723863 0.634713 0.830380 0.588916 0.489140 0.358370 0.668126 0.600970 0.875119
0.738264 0.605341 0.686951 0.365430 0.850390 0.527397 0.274980 0.000000 0.528721 0.308863 0.618451 0.365971 0.809769 0.485059 0.963875 0.693257 0.676196 0.597772 0.582264 0.486642 0.770402 0.918783 0.712445 0.697410 0.997666 0.857189 0.658213 0.890747 0.466142 0.413183 0.490583 0.528779 0.475842 0.384323 0.666394 0.991076 0.976521 0.902336 0.905112 0.931913 0.865846 0.980226 0.437767 0.502623 0.361827 0.413549 0.659445 0.545111 0.631130 0.554434 0.435509 0.458285 0.443938 0.484194 0.764316 0.650816 0.794502 0.812766 0.730116 0.677977 0.379389 0.284249 0.465031 0.316653 0.976612 0.485396 0.357243 0.329313 0.912386 0.708052 0.640538 0.628499 0.564618 0.552277 0.830565 0.629232 0.537967 0.608595 0.827831 0.779851 0.797507 0.847833 0.871427 0.972941 0.976897 0.947978 0.944685 0.940362 0.941149 0.810214 0.447591 0.745768 0.519524 0.814203 0.802415 0.682336 0.600239 0.718637 0.348410 0.436852 0.417608 0.646242 0.672809 0.759522 0.495642 0.709461 0.697321 0.867536 0.660161 0.754074 0.644585 0.620855 0.495075 0.704532 0.641190 0.839587
0.966493 0.886421 0.660070 0.655203 0.906883 0.702542 0.415850 0.528721 0.000000 0.406884 0.770611 0.745242 0.987775 0.932977 0.947622 0.746734 0.801381 0.677480 0.748946 0.688675 0.673272 0.796878 0.765422 0.894015 0.979932 0.725423 0.726408 0.865951 0.537783 0.603069 0.450125 0.604241 0.596658 0.517316 0.682900 0.973374 0.736898 0.945950 0.772750 0.979590 0.715389 0.882927 0.515318 0.606833 0.543235 0.714453 0.957437 0.905099 0.878132 0.925459 0.750194 0.829190 0.607830 0.634035 0.974677 0.898439 0.817544 0.997321 0.911712 0.837043 0.685429 0.721770 0.775823 0.710461 0.942773 0.850364 0.456639 0.553685 0.974721 0.812515 0.489181 0.531351 0.551492 0.571609 0.932167 0.721712 0.666314 0.639926 0.907215 0.728943 0.943358 0.879554 0.926555 0.838877 0.880561 0.846412 0.874659 0.874277 0.791610 0.838337 0.486212 0.501617 0.575576 0.522308 0.762487 0.759843 0.866955 0.713006 0.518807 0.502460 0.576977 0.660394 0.721660 0.840898 0.718473 0.860503 0.748666 0.757281 0.821100 0.936121 0.720761 0.722503 0.680201 0.737788 0.803000 0.852782
0.942145 0.899224 0.704624 0.576561 0.904028 0.643021 0.323919 0.308863 0.406884 0.000000 0.836676 0.646007 0.943153 0.840580 0.963075 0.799966 0.830735 0.695440 0.685001 0.633743 0.811932 0.935164 0.799039 0.925676 0.949891 0.850562 0.619191 0.845412 0.552550 0.527683 0.407240 0.525360 0.604308 0.445815 0.590743 0.807597 0.953608 0.915792 0.925110 0.937064 0.910109 0.989331 0.499934 0.588168 0.435084 0.587562 0.930233 0.789346 0.893549 0.909868 0.681946 0.740825 0.571536 0.517578 0.965235 0.951002 0.971242 0.876699 0.970416 0.928866 0.638088 0.561512 0.725100 0.590238 0.878770 0.782069 0.363087 0.421416 0.822024 0.870432 0.486333 0.488202 0.578542 0.521485 0.994355 0.699047 0.675823 0.615060 0.995907 0.835769 0.969245 0.870853 0.964283 0.691849 0.759558 0.768916 0.824781 0.810036 0.851523 0.885318 0.344642 0.536669 0.461595 0.583791 0.870932 0.717079 0.677913 0.687538 0.371856 0.442311 0.428735 0.537808 0.682151 0.836635 0.647899 0.854444 0.739022 0.859416 0.753924 0.907945 0.541842 0.648526 0.517112 0.768586 0.781641 0.792574
0.461047 0.404982 0.813694 0.617655 0.903289 0.775258 0.604367 0.618451 0.770611 0.836676 0.000000 0.425871 0.575539 0.477870 0.654591 0.588791 0.416731 0.424108 0.507859 0.528915 0.728993 0.992038 0.804202 0.665734 0.966930 0.963844 0.959644 0.991671 0.464187 0.436378 0.782170 0.747693 0.529571 0.532823 0.917097 0.734505 0.744051 0.752372 0.581501 0.799106 0.788660 0.805036 0.596671 0.584988 0.713221 0.648423 0.586068 0.645688 0.558000 0.605709 0.580488 0.596781 0.752288 0.904279 0.727128 0.673492 0.435396 0.442242 0.550516 0.588394 0.474123 0.528573 0.435546 0.392080 0.843381 0.575756 0.782038 0.683230 0.803895 0.647457 0.841087 0.837020 0.650271 0.687521 0.799805 0.760098 0.627292 0.820693 0.571330 0.609998 0.454435 0.480037 0.631656 0.603191 0.705090 0.671163 0.905773 0.701616 0.774381 0.674208 0.981062 0.897434 0.952733 0.879790 0.793667 0.791600 0.870670 0.963792 0.720189 0.826286 0.970556 0.999730 0.876150 0.970169 0.704783 0.788613 0.940130 0.984243 0.766103 0.914216 0.916054 0.750760 0.616156 0.931452 0.736221 0.723087
0.455768 0.409878 0.774539 0.381871 0.825680 0.572794 0.543593 0.365971 0.745242 0.646007 0.425871 0.000000 0.489246 0.278363 0.668896 0.464398 0.536389 0.491344 0.532683 0.442027 0.701321 0.986353 0.664890 0.552254 0.908074 0.910669 0.953423 0.959679 0.449823 0.439467 0.758401 0.709137 0.502571 0.501621 0.960825 0.848458 0.929533 0.840386 0.762709 0.917759 0.925842 0.963308 0.646652 0.639580 0.655189 0.590704 0.447692 0.494840 0.550081 0.495422 0.534015 0.492286 0.658903 0.797005 0.652209 0.575195 0.594558 0.524349 0.548760 0.490179 0.358324 0.226523 0.373821 0.279069 0.814840 0.297500 0.703886 0.593156 0.873787 0.595010 0.841838 0.827474 0.699347 0.689914 0.752544 0.754020 0.644322 0.729525 0.706652 0.672868 0.534114 0.493988 0.625436 0.613117 0.682549 0.617156 0.892362 0.793032 0.667584 0.686632 0.802622 0.947657 0.843273 0.918664 0.780619 0.734682 0.797243 0.851550 0.633586 0.694595 0.727294 0.956544 0.918279 0.943035 0.533571 0.717504 0.944913 0.966731 0.803963 0.882854 0.922690 0.674501 0.698595 0.878471 0.736972 0.834078
0.338422 0.467887 0.581840 0.532235 0.538120 0.843169 0.851509 0.809769 0.987775 0.943153 0.575539 0.489246 0.000000 0.428844 0.292777 0.359171 0.636778 0.656097 0.544821 0.618167 0.723747 0.957695 0.410116 0.433580 0.714397 0.874379 0.634742 0.714136 0.649117 0.715986 0.914039 0.932754 0.654579 0.782317 0.994069 0.751329 0.690018 0.950915 0.748774 0.733972 0.966072 0.970563 0.858901 0.882844 0.928596 0.805069 0.425329 0.486635 0.486069 0.592829 0.799640 0.718759 0.956688 0.760408 0.620233 0.646821 0.610183 0.380346 0.440239 0.384314 0.421285 0.546304 0.554872 0.563209 0.347210 0.356747 0.986881 0.978079 0.683405 0.467943 0.881658 0.861652 0.916405 0.987495 0.767395 0.891764 0.806123 0.903330 0.732793 0.635881 0.563030 0.391415 0.564016 0.458420 0.354436 0.432837 0.812100 0.796126 0.511466 0.563005 0.882456 0.820462 0.881686 0.839441 0.808633 0.805973 0.992919 0.962387 0.910303 0.846491 0.806322 0.881914 0.837681 0.863419 0.820220 0.689311 0.926151 0.954692 0.969947 0.968748 0.920130 0.778965 0.842578 0.971547 0.815125 0.915786
0.451711 0.425180 0.746270 0.386656 0.780706 0.588130 0.633972 0.485059 0.932977 0.840580 0.477870 0.278363 0.428844 0.000000 0.595409 0.448868 0.570381 0.560781 0.519245 0.503975 0.750673 0.981778 0.539412 0.361939 0.886863 0.901252 0.996093 0.850925 0.536536 0.436803 0.797113 0.664763 0.505197 0.595830 0.991198 0.828530 0.897769 0.832582 0.847296 0.833865 0.960553 0.885048 0.636372 0.609722 0.698034 0.596892 0.413597 0.455571 0.569933 0.469350 0.498535 0.466390 0.696252 0.832754 0.581500 0.517769 0.617383 0.502687 0.494619 0.444730 0.415372 0.344264 0.467571 0.369438 0.775000 0.293108 0.797267 0.676335 0.955953 0.681226 0.988306 0.892222 0.749402 0.771847 0.778363 0.729655 0.666846 0.780899 0.692929 0.606447 0.553216 0.445810 0.554523 0.538681 0.638571 0.480236 0.825180 0.709158 0.617885 0.575021 0.950920 0.779255 0.998630 0.771511 0.762302 0.761046 0.789196 0.952939 0.717075 0.804043 0.817209 0.964816 0.955574 0.974019 0.651442 0.745084 0.954705 0.943146 0.782473 0.838549 0.991399 0.780293 0.747793 0.885811 0.644759 0.896981
0.489844 0.603738 0.584391 0.630961 0.542812 0.886321 0.873332 0.963875 0.947622 0.963075 0.654591 0.668896 0.292777 0.595409 0.000000 0.315573 0.627788 0.595231 0.512319 0.659554 0.571110 0.926309 0.334237 0.420850 0.608109 0.724376 0.552331 0.690167 0.678210 0.708985 0.928956 0.982862 0.617768 0.801030 0.972993 0.868564 0.655229 0.914405 0.815097 0.629344 0.914056 0.968328 0.867513 0.896330 0.997453 0.963410 0.617284 0.646836 0.704667 0.815047 0.976175 0.932156 0.931118 0.695547 0.722235 0.815734 0.584952 0.472483 0.627294 0.653248 0.588054 0.778823 0.705339 0.733668 0.341994 0.495041 0.986949 0.957812 0.602753 0.558290 0.960129 0.963974 0.955423 0.889952 0.807044 0.797360 0.900838 0.887795 0.854896 0.543749 0.580963 0.471415 0.555998 0.541670 0.385048 0.448588 0.764704 0.814814 0.557255 0.680506 0.951450 0.890165 0.892680 0.921250 0.698086 0.739336 0.997741 0.985757 0.898696 0.871825 0.758239 0.981693 0.873368 0.907448 0.876757 0.818981 0.995721 0.860468 0.957284 0.878579 0.924868 0.801160 0.805972 0.987261 0.847991 0.941520
0.486603 0.452954 0.559722 0.409184 0.582689 0.582596 0.596557 0.693257 0.746734 0.799966 0.588791 0.464398 0.359171 0.448868 0.315573 0.000000 0.524808 0.468138 0.381885 0.458130 0.575560 0.886170 0.289893 0.310870 0.719535 0.738356 0.757660 0.797256 0.521835 0.504480 0.672962 0.735249 0.428687 0.572518 0.991997 0.814640 0.601786 0.786440 0.753424 0.742177 0.877461 0.941484 0.598032 0.625227 0.730685 0.732815 0.527898 0.528906 0.581119 0.657421 0.699154 0.660867 0.780459 0.980767 0.749448 0.847529 0.497863 0.483193 0.661223 0.676747 0.461334 0.596253 0.562793 0.528361 0.460628 0.399241 0.772544 0.802481 0.747741 0.623513 0.753260 0.711487 0.813409 0.714655 0.829158 0.745738 0.735074 0.629714 0.721001 0.508159 0.639035 0.573120 0.576905 0.656866 0.553290 0.548472 0.953877 0.892555 0.657990 0.783132 0.795992 0.872191 0.852849 0.911849 0.649117 0.657712 0.947485 0.828831 0.678764 0.618054 0.962190 0.903026 0.924006 0.945466 0.692196 0.774216 0.905636 0.989642 0.823689 0.885321 0.913772 0.588593 0.666587 0.908678 0.787501 0.935035
0.412937 0.331416 0.763688 0.562270 0.903994 0.763642 0.563470 0.676196 0.801381 0.830735 0.416731 0.536389 0.636778 0.570381 0.627788 0.524808 0.000000 0.251923 0.451462 0.428629 0.618556 0.816988 0.744899 0.624667 0.854518 0.856343 0.958876 0.883130 0.438016 0.381279 0.629103 0.603263 0.476713 0.470425 0.964492 0.789557 0.705057 0.776052 0.790859 0.839491 0.751018 0.695531 0.506743 0.496249 0.648999 0.642152 0.577387 0.540061 0.574020 0.560553 0.576765 0.595683 0.776364 0.940923 0.695980 0.682931 0.284314 0.369944 0.564523 0.659543 0.515368 0.675025 0.371026 0.363258 0.816401 0.684652 0.693326 0.684521 0.627679 0.574371 0.638973 0.662547 0.652778 0.523857 0.776273 0.810342 0.727137 0.714795 0.555437 0.456875 0.385717 0.496782 0.514005 0.657842 0.722276 0.701094 0.894851 0.890749 0.793031 0.695167 0.846364 0.953118 0.917670 0.941460 0.792337 0.736072 0.735986 0.928775 0.603323 0.646289 0.935887 0.880795 0.898948 0.787892 0.621349 0.702327 0.886038 0.864439 0.724157 0.951288 0.721606 0.693796 0.634990 0.824519 0.765612 0.890361
0.461884 0.343955 0.671891 0.505514 0.838515 0.711810 0.446773 0.597772 0.677480 0.695440 0.424108 0.491344 0.656097 0.560781 0.595231 0.468138 0.251923 0.000000 0.332653 0.389215 0.551906 0.814833 0.677357 0.549820 0.799428 0.811068 0.944173 0.980439 0.350936 0.297384 0.511215 0.459367 0.342176 0.361495 0.892479 0.865267 0.775547 0.778283 0.728461 0.872313 0.837189 0.678600 0.395003 0.396974 0.544635 0.567695 0.585751 0.523459 0.599894 0.586966 0.531624 0.573288 0.704233 0.873865 0.715738 0.667965 0.273539 0.400928 0.591419 0.719855 0.457745 0.638120 0.324092 0.332721 0.812279 0.647974 0.603867 0.572806 0.710258 0.667010 0.584300 0.579690 0.589551 0.484788 0.860531 0.756269 0.619743 0.555912 0.505659 0.383444 0.400774 0.524289 0.523559 0.639210 0.735138 0.686681 0.958259 0.855091 0.849889 0.736126 0.791488 0.885071 0.859626 0.997674 0.764187 0.620923 0.677390 0.837595 0.487258 0.544401 0.845501 0.760520 0.770409 0.706546 0.555025 0.679669 0.835837 0.859544 0.788449 0.976382 0.757496 0.590699 0.513760 0.790749 0.699431 0.880144
0.462869 0.421504 0.463141 0.384758 0.746391 0.686777 0.401343 0.582264 0.748946 0.685001 0.507859 0.532683 0.544821 0.519245 0.512319 0.381885 0.451462 0.332653 0.000000 0.384537 0.553099 0.849107 0.452057 0.446485 0.721790 0.749711 0.979794 0.964308 0.422060 0.393997 0.516911 0.521563 0.356829 0.338822 0.916757 0.893012 0.707100 0.741718 0.745980 0.823344 0.939874 0.811361 0.495456 0.542954 0.563691 0.606069 0.571234 0.511331 0.649772 0.638728 0.624520 0.639900 0.725971 0.819335 0.807614 0.756371 0.411645 0.458035 0.593152 0.661815 0.411822 0.655466 0.467882 0.477437 0.673499 0.528026 0.531721 0.620291 0.773680 0.700254 0.604613 0.555045 0.570771 0.491841 0.934286 0.691729 0.580781 0.514623 0.666499 0.531076 0.584948 0.588443 0.656285 0.744788 0.752436 0.729497 0.979629 0.980376 0.821968 0.812872 0.663836 0.772192 0.714433 0.806141 0.731133 0.582747 0.688664 0.847160 0.468064 0.498467 0.790838 0.721100 0.763604 0.771034 0.635542 0.689878 0.818730 0.875957 0.747693 0.959855 0.805227 0.473965 0.404006 0.783036 0.708953 0.912819
0.489693 0.356936 0.596742 0.353774 0.894000 0.604922 0.458785 0.486642 0.688675 0.633743 0.528915 0.442027 0.618167 0.503975 0.659554 0.458130 0.428629 0.389215 0.384537 0.000000 0.632176 0.800940 0.563871 0.511435 0.728186 0.722288 0.933952 0.914484 0.392870 0.429885 0.517280 0.519999 0.435085 0.347421 0.941520 0.931360 0.674289 0.778517 0.651160 0.893277 0.762821 0.823790 0.525826 0.555583 0.615427 0.647412 0.605800 0.511917 0.706477 0.623109 0.613747 0.642931 0.716363 0.792284 0.741193 0.646001 0.460548 0.520456 0.689780 0.649423 0.451919 0.531952 0.461061 0.445470 0.780240 0.501260 0.587925 0.621938 0.801115 0.582645 0.520620 0.561114 0.545428 0.501394 0.712418 0.771187 0.553614 0.579733 0.706250 0.565908 0.562171 0.613604 0.632172 0.754527 0.782835 0.726823 0.866398 0.999144 0.818533 0.783152 0.639831 0.769734 0.623776 0.852346 0.799344 0.589893 0.728781 0.798470 0.482820 0.510904 0.745377 0.771505 0.733256 0.836150 0.583187 0.707962 0.839193 0.906370 0.729215 0.949552 0.812660 0.581226 0.621377 0.738076 0.752738 0.798727
0.729017 0.642335 0.519446 0.542349 0.769111 0.771835 0.653185 0.770402 0.673272 0.811932 0.728993 0.701321 0.723747 0.750673 0.571110 0.575560 0.618556 0.551906 0.553099 0.632176 0.000000 0.748833 0.566673 0.690482 0.680961 0.597121 0.877968 0.932856 0.561887 0.597332 0.546607 0.647563 0.603342 0.604895 0.945037 0.941442 0.679460 0.911768 0.868046 0.709416 0.838571 0.947545 0.714684 0.748151 0.813786 0.881030 0.786442 0.813790 0.876432 0.898075 0.892402 0.914189 0.920897 0.975271 0.811062 0.919846 0.611264 0.691900 0.886219 0.934664 0.695885 0.806851 0.743107 0.701877 0.655650 0.685347 0.726027 0.774591 0.787414 0.648134 0.650699 0.722426 0.648989 0.651418 0.980825 0.748087 0.817019 0.643161 0.817017 0.609040 0.713110 0.678848 0.692407 0.788763 0.755890 0.739401 0.764531 0.964973 0.919964 0.901098 0.807135 0.951053 0.850379 0.870777 0.643488 0.755339 0.916644 0.963346 0.744008 0.720229 0.937967 0.807154 0.923787 0.925562 0.638809 0.836505 0.953150 0.904214 0.854009 0.887113 0.877105 0.707163 0.728226 0.941061 0.882726 0.996844
0.993894 0.812828 0.877891 0.896147 0.951037 0.892081 0.847838 0.918783 0.796878 0.935164 0.992038 0.986353 0.957695 0.981778 0.926309 0.886170 0.816988 0.814833 0.849107 0.800940 0.748833 0.000000 0.861531 0.885009 0.994167 0.906231 0.941136 0.939394 0.827638 0.912261 0.754871 0.760501 0.826996 0.851384 0.930499 0.938009 0.881619 0.954211 0.958227 0.839733 0.975102 0.979425 0.820716 0.820309 0.868808 0.937658 0.895478 0.875117 0.990440 0.911610 0.917942 0.964123 0.822507 0.824426 0.981763 0.986444 0.864153 0.921087 0.859787 0.913364 0.983805 0.913884 0.931168 0.942910 0.987525 0.941575 0.821121 0.988682 0.888664 0.962663 0.737794 0.684413 0.928785 0.808044 0.995925 0.743382 0.909316 0.840682 0.946261 0.980498 0.988674 0.991109 0.984789 0.952962 0.926108 0.964984 0.903855 0.835529 0.963157 0.943126 0.740085 0.784896 0.788893 0.772352 0.872185 0.863540 0.904609 0.889418 0.780900 0.837068 0.864328 0.887236 0.861168 0.764988 0.795720 0.802124 0.839470 0.837645 0.792077 0.852748 0.893347 0.930635 0.966810 0.691346 0.884811 0.903576
0.630010 0.635994 0.398622 0.400470 0.530822 0.705221 0.603825 0.712445 0.765422 0.799039 0.804202 0.664890 0.410116 0.539412 0.334237 0.289893 0.744899 0.677357 0.452057 0.563871 0.566673 0.861531 0.000000 0.293166 0.556935 0.531445 0.774005 0.793583 0.594383 0.610189 0.626103 0.723388 0.457022 0.616262 0.904818 0.989727 0.571307 0.830160 0.795292 0.729612 0.894632 0.974590 0.644049 0.714355 0.706048 0.749211 0.581721 0.579866 0.684629 0.752850 0.798789 0.769456 0.841973 0.986091 0.739125 0.847466 0.713705 0.658867 0.747166 0.734624 0.466559 0.677282 0.740198 0.714067 0.369564 0.416342 0.697848 0.772470 0.869008 0.649240 0.791958 0.727890 0.834255 0.706799 0.780768 0.708755 0.762365 0.621600 0.863974 0.579792 0.765840 0.664732 0.651142 0.750192 0.535620 0.526474 0.867508 0.949463 0.692303 0.763533 0.758658 0.833989 0.778365 0.855400 0.695443 0.630150 0.892989 0.865995 0.653876 0.571356 0.933845 0.834931 0.866458 0.967416 0.699370 0.704055 0.840984 0.919638 0.861556 0.935740 0.954440 0.688497 0.644004 0.848339 0.715218 0.952266
0.537501 0.502487 0.584608 0.386599 0.615749 0.632318 0.667704 0.697410 0.894015 0.925676 0.665734 0.552254 0.433580 0.361939 0.420850 0.310870 0.624667 0.549820 0.446485 0.511435 0.690482 0.885009 0.293166 0.000000 0.650641 0.684522 0.814543 0.796624 0.608756 0.521730 0.710953 0.656086 0.451542 0.622465 0.971972 0.864023 0.722553 0.808617 0.752144 0.777603 0.926944 0.975795 0.637844 0.651441 0.762742 0.756911 0.536549 0.612515 0.680133 0.671704 0.688046 0.668118 0.827700 0.999120 0.705380 0.674622 0.600128 0.550143 0.663766 0.642697 0.505918 0.617805 0.600332 0.587493 0.559479 0.388876 0.817725 0.805988 0.872990 0.718294 0.918321 0.810938 0.812967 0.758911 0.799665 0.729275 0.746235 0.709506 0.678074 0.486052 0.644805 0.519697 0.564423 0.566172 0.561272 0.438183 0.866837 0.761918 0.645796 0.594671 0.948855 0.971944 0.966814 0.906975 0.805635 0.715943 0.901747 0.864598 0.736594 0.690706 0.989317 0.926823 0.893742 0.951741 0.804234 0.832668 0.940731 0.969451 0.842692 0.977006 0.977432 0.716447 0.702690 0.911848 0.748866 0.971884
0.688505 0.728365 0.494189 0.620764 0.632037 0.842610 0.940935 0.997666 0.979932 0.949891 0.966930 0.908074 0.714397 0.886863 0.608109 0.719535 0.854518 0.799428 0.721790 0.728186 0.680961 0.994167 0.556935 0.650641 0.000000 0.416022 0.679151 0.911514 0.779999 0.897403 0.804911 0.849605 0.647038 0.788348 0.999113 0.976766 0.598243 0.810520 0.721104 0.669923 0.885032 0.929435 0.942580 0.999827 0.989486 0.923710 0.660885 0.862673 0.903960 0.988263 0.901010 0.887319 0.746364 0.578350 0.722385 0.749609 0.750809 0.752575 0.779784 0.808049 0.680287 0.875957 0.875800 0.931094 0.437364 0.604449 0.937123 0.915406 0.677380 0.701604 0.803988 0.912873 0.915876 0.753189 0.760362 0.851557 0.942739 0.750445 0.978975 0.666859 0.648012 0.651078 0.681445 0.652714 0.437190 0.494919 0.828800 0.974052 0.726143 0.651612 0.913261 0.964295 0.923525 0.987071 0.911475 0.679452 0.982620 0.999453 0.942087 0.906250 0.863938 0.849218 0.995419 0.990312 0.836859 0.821384 0.961474 0.913504 0.868827 0.985045 0.865435 0.992557 0.850244 0.964361 0.967106 0.869084
0.905579 0.848313 0.492866 0.549565 0.774410 0.792537 0.783020 0.857189 0.725423 0.850562 0.963844 0.910669 0.874379 0.901252 0.724376 0.738356 0.856343 0.811068 0.749711 0.722288 0.597121 0.906231 0.531445 0.684522 0.416022 0.000000 0.928481 0.915357 0.716802 0.817322 0.546764 0.672411 0.603481 0.693981 0.869661 0.897992 0.559448 0.780865 0.750751 0.686511 0.842702 0.982129 0.763006 0.862896 0.848847 0.956365 0.759797 0.911981 0.962132 0.954852 0.985700 0.941599 0.969600 0.848728 0.872545 0.916233 0.856198 0.940088 0.991530 0.978520 0.724676 0.846231 0.940941 0.934668 0.575796 0.665462 0.741947 0.770555 0.979672 0.863593 0.621406 0.712745 0.725859 0.593115 0.819210 0.723084 0.857467 0.721124 0.947392 0.694929 0.812380 0.780167 0.715625 0.880710 0.672599 0.690112 0.888814 0.991804 0.958602 0.816399 0.830317 0.828342 0.795353 0.850003 0.830012 0.735365 0.937557 0.978525 0.789096 0.755924 0.868141 0.975020 0.867192 0.955660 0.799978 0.873821 0.860735 0.978814 0.942248 0.974662 0.956855 0.904901 0.806338 0.858857 0.968697 0.894464
0.760773 0.854546 0.974086 0.969336 0.657427 0.855704 0.667600 0.658213 0.726408 0.619191 0.959644 0.953423 0.634742 0.996093 0.552331 0.757660 0.958876 0.944173 0.979794 0.933952 0.877968 0.941136 0.774005 0.814543 0.679151 0.928481 0.000000 0.732339 0.941038 0.855218 0.719133 0.729030 0.924081 0.751912 0.848934 0.855034 0.870238 0.932215 0.976067 0.655370 0.952923 0.877947 0.794449 0.751731 0.632210 0.727081 0.869732 0.988652 0.880676 0.894681 0.728511 0.794448 0.678506 0.437483 0.905489 0.952750 0.843708 0.739518 0.912772 0.858736 0.961309 0.902237 0.962031 0.902649 0.553222 0.871128 0.602311 0.603243 0.621299 0.787220 0.773533 0.755347 0.665642 0.836115 0.813539 0.884911 0.747876 0.827399 0.872588 0.827110 0.744443 0.707805 0.811483 0.636440 0.455790 0.522458 0.743238 0.717236 0.597543 0.735701 0.608284 0.711481 0.676295 0.772524 0.842015 0.994972 0.776731 0.806982 0.693770 0.779665 0.527183 0.663451 0.721213 0.823542 0.911785 0.933287 0.932784 0.810879 0.709291 0.860383 0.740128 0.865603 0.870925 0.821877 0.964018 0.883904
0.934708 0.906494 0.894826 0.910350 0.858023 0.994197 0.856680 0.890747 0.865951 0.845412 0.991671 0.959679 0.714136 0.850925 0.690167 0.797256 0.883130 0.980439 0.964308 0.914484 0.932856 0.939394 0.793583 0.796624 0.911514 0.915357 0.732339 0.000000 0.980979 0.956856 0.842883 0.859154 0.898529 0.905810 0.933825 0.794112 0.843215 0.798790 0.960028 0.705708 0.989606 0.786955 0.977027 0.907881 0.860323 0.906036 0.808530 0.859575 0.933736 0.995389 0.923322 0.925931 0.869619 0.725166 0.837384 0.862368 0.969974 0.842774 0.895996 0.847316 0.971115 0.992472 0.993017 0.973661 0.697772 0.847784 0.807801 0.888545 0.949237 0.786542 0.966606 0.930095 0.799349 0.894733 0.838179 0.921592 0.944739 0.815481 0.906725 0.843000 0.949541 0.790282 0.901254 0.830198 0.743269 0.753317 0.998416 0.976129 0.729630 0.730978 0.769300 0.848641 0.772575 0.774377 0.928882 0.989394 0.946510 0.831403 0.844539 0.937972 0.731081 0.841347 0.772432 0.887272 0.911430 0.942387 0.936754 0.784433 0.940489 0.802106 0.828469 0.959219 0.908599 0.999385 0.840056 0.930687
0.589197 0.410619 0.577197 0.455221 0.840526 0.714040 0.373318 0.466142 0.537783 0.552550 0.464187 0.449823 0.649117 0.536536 0.678210 0.521835 0.438016 0.350936 0.422060 0.392870 0.561887 0.827638 0.594383 0.608756 0.779999 0.716802 0.941038 0.980979 0.000000 0.331805 0.476533 0.468115 0.358098 0.327259 0.837844 0.941545 0.722279 0.797589 0.716413 0.933220 0.835063 0.806017 0.426158 0.468063 0.468618 0.531194 0.608268 0.569360 0.613909 0.630700 0.529934 0.586584 0.641367 0.741330 0.854502 0.661376 0.474869 0.583006 0.689357 0.714991 0.403049 0.545962 0.425259 0.395201 0.782896 0.543023 0.515366 0.506548 0.913030 0.622146 0.532549 0.546472 0.474237 0.404525 0.788182 0.774346 0.522052 0.532236 0.661942 0.516813 0.606223 0.666375 0.642162 0.771172 0.794892 0.754045 0.967239 0.995691 0.896566 0.855136 0.672652 0.790827 0.723882 0.824886 0.753529 0.630953 0.760820 0.760508 0.442849 0.526899 0.717576 0.743712 0.713857 0.842205 0.488275 0.676676 0.832872 0.819710 0.805082 0.914551 0.861606 0.574347 0.526790 0.727956 0.689484 0.848251
0.611874 0.442020 0.645782 0.438983 0.816437 0.656401 0.321663 0.413183 0.603069 0.527683 0.436378 0.439467 0.715986 0.436803 0.708985 0.504480 0.381279 0.297384 0.393997 0.429885 0.597332 0.912261 0.610189 0.521730 0.897403 0.817322 0.855218 0.956856 0.331805 0.000000 0.408825 0.374176 0.350046 0.347909 0.845711 0.974302 0.787611 0.736994 0.816052 0.875363 0.839440 0.806166 0.325642 0.314132 0.392515 0.439907 0.601737 0.530546 0.599039 0.557223 0.417292 0.452929 0.522185 0.661170 0.720317 0.648632 0.440751 0.575323 0.617324 0.762962 0.396515 0.498624 0.344220 0.305231 0.891702 0.568702 0.470396 0.397411 0.959412 0.692695 0.595608 0.522466 0.465769 0.378139 0.853636 0.679990 0.562325 0.525819 0.637189 0.446468 0.518862 0.653222 0.515052 0.777262 0.863811 0.737876 0.990231 0.864381 0.881191 0.777814 0.692570 0.894934 0.825263 0.971758 0.737243 0.734028 0.653631 0.888989 0.462046 0.496806 0.705551 0.738157 0.678498 0.773704 0.514351 0.697374 0.796351 0.935774 0.762094 0.863055 0.717332 0.621088 0.465264 0.766973 0.639300 0.843712
0.956124 0.730455 0.589910 0.484536 0.945621 0.566019 0.321723 0.490583 0.450125 0.407240 0.782170 0.758401 0.914039 0.797113 0.928956 0.672962 0.629103 0.511215 0.516911 0.517280 0.546607 0.754871 0.626103 0.710953 0.804911 0.546764 0.719133 0.842883 0.476533 0.408825 0.000000 0.268793 0.398718 0.346824 0.714582 0.874742 0.712068 0.678641 0.905838 0.985435 0.773625 0.834864 0.347436 0.420525 0.410169 0.593473 0.887445 0.791378 0.904375 0.854882 0.615949 0.720490 0.580788 0.566593 0.925846 0.954412 0.669646 0.942172 0.989743 0.869220 0.650136 0.759320 0.738280 0.633241 0.991384 0.795510 0.365019 0.406596 0.920985 0.952467 0.308218 0.288670 0.376111 0.312769 0.975656 0.643346 0.607727 0.359686 0.878300 0.623767 0.871310 0.996041 0.801292 0.852157 0.866090 0.979258 0.903033 0.826447 0.837306 0.926625 0.438566 0.549023 0.487696 0.597993 0.739476 0.642290 0.720591 0.829792 0.341294 0.426339 0.486696 0.536048 0.533990 0.680798 0.589481 0.806702 0.716009 0.804969 0.733279 0.976958 0.642781 0.633707 0.513208 0.689879 0.721540 0.946967
0.878121 0.614574 0.671424 0.540027 0.988571 0.639646 0.411582 0.528779 0.604241 0.525360 0.747693 0.709137 0.932754 0.664763 0.982862 0.735249 0.603263 0.459367 0.521563 0.519999 0.647563 0.760501 0.723388 0.656086 0.849605 0.672411 0.729030 0.859154 0.468115 0.374176 0.268793 0.000000 0.434707 0.385027 0.806336 0.888440 0.817577 0.702625 0.883382 0.971787 0.908426 0.834323 0.370633 0.386103 0.456476 0.570027 0.811952 0.703149 0.895700 0.789536 0.561367 0.634309 0.607659 0.619566 0.919574 0.761396 0.629822 0.882403 0.936437 0.984176 0.661595 0.751221 0.656082 0.593496 0.923087 0.801897 0.451549 0.450302 0.916118 0.984857 0.421374 0.376668 0.382153 0.344245 0.992041 0.760477 0.588590 0.402032 0.758118 0.598560 0.783081 0.921254 0.765285 0.987421 0.868444 0.907047 0.894139 0.975066 0.862130 0.958794 0.612962 0.730063 0.630946 0.794129 0.820899 0.719759 0.731977 0.876716 0.460673 0.511953 0.534391 0.580040 0.545938 0.704484 0.604312 0.776637 0.813861 0.821336 0.811838 0.940451 0.701360 0.701346 0.561159 0.717333 0.705710 0.999383
0.553231 0.442622 0.476718 0.376934 0.727377 0.538021 0.337556 0.475842 0.596658 0.604308 0.529571 0.502571 0.654579 0.505197 0.617768 0.428687 0.476713 0.342176 0.356829 0.435085 0.603342 0.826996 0.457022 0.451542 0.647038 0.603481 0.924081 0.898529 0.358098 0.350046 0.398718 0.434707 0.000000 0.326817 0.687940 0.980124 0.678237 0.700707 0.688712 0.833873 0.780699 0.779542 0.342408 0.358638 0.400451 0.451198 0.528857 0.539059 0.550972 0.524250 0.462021 0.517994 0.613421 0.765513 0.630497 0.665365 0.449208 0.537146 0.610643 0.681422 0.332500 0.543699 0.457726 0.396407 0.658419 0.492871 0.462866 0.427846 0.875317 0.699287 0.560570 0.538906 0.544294 0.468048 0.758251 0.660988 0.549184 0.483246 0.647580 0.480800 0.520653 0.599509 0.601316 0.712707 0.677519 0.622655 0.990339 0.939910 0.854098 0.741361 0.678633 0.800268 0.699069 0.911029 0.762669 0.510605 0.689898 0.755081 0.408594 0.480731 0.681046 0.724058 0.676987 0.738719 0.517732 0.604280 0.776570 0.797193 0.739260 0.919978 0.812242 0.629526 0.409244 0.732748 0.570199 0.854210
0.631721 0.470752 0.556896 0.402799 0.910961 0.643612 0.272421 0.384323 0.517316 0.445815 0.532823 0.501621 0.782317 0.595830 0.801030 0.572518 0.470425 0.361495 0.338822 0.347421 0.604895 0.851384 0.616262 0.622465 0.788348 0.693981 0.751912 0.905810 0.327259 0.347909 0.346824 0.385027 0.326817 0.000000 0.716491 0.951318 0.758293 0.758296 0.767143 0.910807 0.903064 0.825647 0.361886 0.431702 0.369954 0.458546 0.647125 0.584731 0.656472 0.597950 0.484032 0.563295 0.557102 0.608503 0.848481 0.755948 0.507271 0.646869 0.687156 0.775420 0.398258 0.545724 0.455276 0.404481 0.867692 0.614515 0.386827 0.399748 0.941775 0.759790 0.398139 0.422275 0.443070 0.338177 0.943248 0.699557 0.479870 0.459755 0.659292 0.534322 0.675617 0.769968 0.731347 0.917607 0.939452 0.895962 0.928981 0.948000 0.959836 0.875031 0.547978 0.644989 0.548317 0.753861 0.731262 0.554656 0.683868 0.756497 0.326321 0.389571 0.563156 0.599495 0.641871 0.726046 0.508347 0.657764 0.734474 0.745914 0.701523 0.937735 0.728382 0.540815 0.390269 0.734135 0.684553 0.881476
0.975284 0.972031 0.790768 0.839754 0.871781 0.811408 0.620942 0.666394 0.682900 0.590743 0.917097 0.960825 0.994069 0.991198 0.972993 0.991997 0.964492 0.892479 0.916757 0.941520 0.945037 0.930499 0.904818 0.971972 0.999113 0.869661 0.848934 0.933825 0.837844 0.845711 0.714582 0.806336 0.687940 0.716491 0.000000 0.869846 0.977321 0.849643 0.970849 0.983127 0.942166 0.881813 0.655047 0.713104 0.583160 0.639875 0.937525 0.886231 0.781979 0.869963 0.767276 0.800098 0.680947 0.766492 0.863813 0.932711 0.994719 0.991829 0.916664 0.906701 0.717071 0.819301 0.843984 0.783573 0.921054 0.948091 0.631446 0.567546 0.963105 0.836559 0.689627 0.837782 0.987334 0.817427 0.879643 0.912922 0.750703 0.832036 0.887827 0.900928 0.975328 0.905647 0.953313 0.796161 0.968394 0.964463 0.862984 0.883105 0.901684 0.881957 0.728668 0.729953 0.746072 0.847014 0.851458 0.770751 0.862645 0.879513 0.695808 0.762923 0.749269 0.771743 0.791602 0.971695 0.906536 0.823726 0.928563 0.848168 0.932520 0.951640 0.831880 0.978314 0.735758 0.862764 0.696062 0.789126
0.727958 0.777991 0.914717 0.910314 0.820036 0.813338 0.968533 0.991076 0.973374 0.807597 0.734505 0.848458 0.751329 0.828530 0.868564 0.814640 0.789557 0.865267 0.893012 0.931360 0.941442 0.938009 0.989727 0.864023 0.976766 0.897992 0.855034 0.794112 0.941545 0.974302 0.874742 0.888440 0.980124 0.951318 0.869846 0.000000 0.844839 0.913684 0.817236 0.939930 0.820639 0.956865 0.952635 0.947108 0.868996 0.990847 0.857315 0.787679 0.849033 0.863687 0.923299 0.846078 0.950303 0.922443 0.844945 0.873597 0.764775 0.713919 0.844015 0.748854 0.927101 0.925184 0.856119 0.783482 0.893229 0.827257 0.864087 0.936154 0.886097 0.891596 0.893697 0.822600 0.935609 0.906269 0.929282 0.939941 0.865316 0.971744 0.817103 0.964819 0.923435 0.799148 0.943339 0.752088 0.850404 0.886839 0.966445 0.961908 0.867871 0.827781 0.874526 0.911915 0.794385 0.957987 0.923094 0.976904 0.842397 0.867612 0.921758 0.939032 0.811045 0.855735 0.752678 0.935170 0.988374 0.992970 0.979400 0.984661 0.957069 0.986048 0.981989 0.827344 0.957564 0.971727 0.903049 0.905231
0.690142 0.669494 0.511650 0.670017 0.808462 0.860795 0.799346 0.976521 0.736898 0.953608 0.744051 0.929533 0.690018 0.897769 0.655229 0.601786 0.705057 0.775547 0.707100 0.674289 0.679460 0.881619 0.571307 0.722553 0.598243 0.559448 0.870238 0.843215 0.722279 0.787611 0.712068 0.817577 0.678237 0.758293 0.977321 0.844839 0.000000 0.705235 0.610783 0.627543 0.596797 0.774783 0.722518 0.745297 0.832155 0.896645 0.683642 0.784581 0.730386 0.886759 0.906203 0.903376 0.972193 0.853679 0.753591 0.978283 0.611460 0.720057 0.793837 0.887135 0.684804 0.895297 0.862172 0.868486 0.495756 0.726432 0.738341 0.831828 0.674963 0.742339 0.688249 0.723388 0.757323 0.737527 0.842288 0.879224 0.864682 0.691286 0.912762 0.670874 0.695709 0.785267 0.677047 0.780587 0.642987 0.689596 0.939646 0.973115 0.827183 0.781383 0.963409 0.818010 0.894267 0.862333 0.833465 0.723961 0.876326 0.919269 0.784019 0.755161 0.975912 0.928141 0.862248 0.980904 0.773150 0.773161 0.976665 0.947640 0.916805 0.866595 0.903116 0.817612 0.886153 0.859846 0.968925 0.922162
0.789577 0.759013 0.847959 0.734811 0.897527 0.866038 0.807051 0.902336 0.945950 0.915792 0.752372 0.840386 0.950915 0.832582 0.914405 0.786440 0.776052 0.778283 0.741718 0.778517 0.911768 0.954211 0.830160 0.808617 0.810520 0.780865 0.932215 0.798790 0.797589 0.736994 0.678641 0.702625 0.700707 0.758296 0.849643 0.913684 0.705235 0.000000 0.840119 0.836239 0.844162 0.740333 0.790797 0.774055 0.851518 0.857687 0.770463 0.913864 0.823036 0.919695 0.864460 0.859333 0.905035 0.939131 0.839519 0.996509 0.718603 0.800656 0.848752 0.992279 0.802229 0.854163 0.875807 0.844053 0.833187 0.733290 0.774998 0.816460 0.762497 0.900204 0.767792 0.690936 0.746123 0.647320 0.827635 0.932150 0.867292 0.669193 0.870063 0.805703 0.700771 0.871687 0.675841 0.844198 0.781148 0.683466 0.858028 0.797813 0.750655 0.828337 0.973659 0.998340 0.923420 0.978292 0.773096 0.819086 0.985343 0.986794 0.872076 0.936917 0.928249 0.921036 0.737862 0.944781 0.870943 0.904066 0.932794 0.995402 0.896702 0.928936 0.974741 0.938745 0.814760 0.938028 0.851249 0.921312
