0.000000 0.364870 0.557644 0.525127 0.775594 0.610735 0.359990 0.303396 0.578193 0.630069 0.329409 0.263698 0.326011 0.391086 0.609850 0.580556 0.340357 0.349840 0.394326 0.363077 0.969993 0.956754 0.663225 0.857273 0.898772 0.920219 0.873332 0.936257 0.343221 0.401529 0.712438 0.809623 0.346309 0.289017 0.592002 0.909221 0.689729 0.890174 0.846064 0.975533 0.839017 0.833266 0.602126 0.611789 0.576604 0.592421 0.471200 0.550799 0.854909 0.844601 0.785882 0.778471 0.902668 0.957932 0.716620 0.700589 0.370560 0.413482 0.284767 0.397616 0.271636 0.311200 0.295515 0.329630 0.624450 0.489070 0.416309 0.431265 0.598957 0.659578 0.552021 0.657265 0.795314 0.662284 0.913465 0.905779 0.566967 0.715734 0.585153 0.837210 0.342928 0.503483 0.733933 0.555691 0.463414 0.677984 0.990619 0.909308 0.648622 0.628851 0.679816 0.803684 0.718745 0.808764 0.779065 0.751362 0.585052 0.703033 0.451155 0.432602 0.586304 0.668143 0.524196 0.622938 0.453637 0.585089 0.930045 0.629026 0.639840 0.768961 0.774057 0.744234 0.663926 0.946359 0.781465 0.982323
0.364870 0.000000 0.746175 0.684359 0.900850 0.790478 0.594327 0.445805 0.781411 0.737201 0.636222 0.450589 0.629664 0.594661 0.801830 0.678281 0.321121 0.393806 0.555525 0.420163 0.991623 0.935932 0.799162 0.852754 0.992383 0.873410 0.941576 0.858602 0.435662 0.502636 0.766351 0.838927 0.457797 0.455613 0.770183 0.855444 0.741078 0.958866 0.954595 0.932119 0.748859 0.862642 0.596879 0.598011 0.510677 0.460063 0.520159 0.566627 0.654020 0.668926 0.570052 0.643194 0.859933 0.986207 0.637225 0.687159 0.273367 0.208967 0.459616 0.373823 0.486487 0.322045 0.521694 0.471153 0.723135 0.503391 0.569220 0.517932 0.456531 0.543146 0.723671 0.808622 0.738862 0.719453 0.765352 0.771638 0.709480 0.771610 0.607971 0.707809 0.362198 0.441332 0.631355 0.493379 0.571565 0.617710 0.983018 0.942799 0.741278 0.616443 0.840368 0.985081 0.868593 0.965356 0.642571 0.912955 0.506203 0.706343 0.532635 0.515719 0.794878 0.892043 0.603563 0.799156 0.550312 0.663102 0.923084 0.655644 0.629172 0.678241 0.650557 0.574546 0.749333 0.803476 0.665820 0.977038
0.557644 0.746175 0.000000 0.223583 0.858164 0.820633 0.274387 0.405006 0.514340 0.872589 0.648913 0.735529 0.463065 0.533426 0.457199 0.409240 0.824520 0.745389 0.394752 0.549210 0.715878 0.883571 0.296036 0.444103 0.517090 0.409358 0.912550 0.814976 0.698437 0.735151 0.309393 0.480053 0.378632 0.354614 0.404838 0.737874 0.490156 0.737969 0.947495 0.874671 0.857122 0.986644 0.491993 0.567826 0.570047 0.665172 0.552105 0.464877 0.992762 0.871669 0.732113 0.768969 0.718167 0.727347 0.542045 0.652514 0.881661 0.890592 0.631439 0.870667 0.500102 0.714241 0.684512 0.835736 0.279335 0.457277 0.345059 0.417564 0.704372 0.909900 0.476202 0.459037 0.703600 0.660073 0.843655 0.955610 0.568163 0.584447 0.707141 0.786477 0.735891 0.657560 0.572000 0.761180 0.366072 0.444806 0.842183 0.849637 0.705038 0.592002 0.566059 0.710420 0.640430 0.676716 0.685148 0.852662 0.662416 0.903714 0.662900 0.569852 0.725506 0.754490 0.769733 0.799497 0.608245 0.613389 0.871591 0.746034 0.733587 0.965853 0.897127 0.961372 0.846647 0.900857 0.877905 0.906506
0.525127 0.684359 0.223583 0.000000 0.930629 0.748736 0.255102 0.336939 0.585113 0.896683 0.594798 0.642956 0.450226 0.438765 0.513882 0.443847 0.772707 0.695799 0.298497 0.432759 0.770956 0.936635 0.304292 0.360007 0.547691 0.444035 0.903208 0.782387 0.693341 0.722310 0.328250 0.446330 0.322799 0.326079 0.405073 0.683953 0.572579 0.799847 0.898337 0.829416 0.810889 0.926235 0.465885 0.530682 0.569882 0.664234 0.471009 0.449356 0.983241 0.894051 0.731205 0.803418 0.747793 0.786314 0.601996 0.651213 0.784729 0.864996 0.609660 0.804853 0.498042 0.667503 0.663561 0.834586 0.309552 0.351958 0.302943 0.318828 0.745193 0.923021 0.442709 0.445855 0.676223 0.634595 0.733311 0.965609 0.554195 0.578688 0.707983 0.759045 0.733466 0.642777 0.537772 0.774579 0.351514 0.405467 0.790234 0.762136 0.684523 0.552982 0.543716 0.732041 0.641454 0.716058 0.721483 0.783469 0.674404 0.816830 0.617231 0.502499 0.663282 0.670173 0.746845 0.746481 0.587938 0.605832 0.949018 0.754726 0.708866 0.994685 0.860833 0.892355 0.852754 0.952745 0.844314 0.888637
0.775594 0.900850 0.858164 0.930629 0.000000 0.837873 0.820422 0.798576 0.669288 0.674321 0.844198 0.807209 0.751177 0.849799 0.723707 0.906139 0.777638 0.852233 0.885417 0.969211 0.994263 0.959404 0.851495 0.890700 0.952088 0.879990 0.943447 0.908632 0.805635 0.807267 0.937020 0.892128 0.819675 0.781215 0.703605 0.990805 0.893959 0.842882 0.982154 0.851881 0.950703 0.873386 0.860051 0.837372 0.895407 0.935649 0.976550 0.943761 0.960795 0.907425 0.927422 0.848814 0.896891 0.911885 0.980915 0.896179 0.864693 0.810994 0.676047 0.750432 0.708088 0.830974 0.660304 0.706130 0.836409 0.909068 0.763067 0.803472 0.962022 0.939855 0.806092 0.766618 0.945312 0.994138 0.943472 0.910280 0.890131 0.902300 0.955879 0.993101 0.792722 0.967123 0.932500 0.846763 0.854523 0.975300 0.891274 0.646458 0.735611 0.950692 0.761951 0.755272 0.761854 0.712324 0.976887 0.962040 0.773148 0.956573 0.734461 0.846193 0.982539 0.923916 0.708133 0.803721 0.821309 0.661983 0.867374 0.721468 0.856274 0.888104 0.845499 0.930433 0.820203 0.939718 0.891709 0.915205
0.610735 0.790478 0.820633 0.748736 0.837873 0.000000 0.591039 0.581980 0.698803 0.743432 0.606681 0.642054 0.687403 0.784572 0.883573 0.852886 0.747429 0.658613 0.607478 0.642995 0.948559 0.957786 0.910819 0.977083 0.847620 0.951637 0.928549 0.799737 0.710746 0.805417 0.938178 0.922852 0.676944 0.639267 0.805914 0.962288 0.880213 0.994442 0.871911 0.932295 0.958513 0.897581 0.636881 0.684612 0.666048 0.659320 0.619320 0.740044 0.859995 0.815773 0.826157 0.818262 0.854700 0.898531 0.796943 0.864706 0.728938 0.836099 0.628552 0.779549 0.658764 0.673514 0.707719 0.766142 0.860694 0.713096 0.631457 0.599329 0.897705 0.855035 0.786063 0.854337 0.839763 0.709558 0.972181 0.921125 0.736538 0.714663 0.774464 0.984437 0.687479 0.796438 0.917027 0.904091 0.830902 0.898646 0.956164 0.973813 0.826022 0.863617 0.688544 0.743513 0.752889 0.768170 0.907482 0.831303 0.805387 0.950388 0.597293 0.665853 0.781910 0.741223 0.649507 0.601437 0.792675 0.838838 0.973223 0.909526 0.967351 0.974854 0.865425 0.817350 0.767084 0.891080 0.877779 0.938146
0.359990 0.594327 0.274387 0.255102 0.820422 0.591039 0.000000 0.191859 0.405833 0.566004 0.410787 0.463402 0.351120 0.438082 0.501760 0.484237 0.579717 0.479946 0.281823 0.405456 0.901670 0.943094 0.455757 0.656562 0.847726 0.652237 0.921999 0.904013 0.453514 0.545323 0.482397 0.615531 0.320388 0.265596 0.424864 0.789652 0.613134 0.814900 0.948637 0.939858 0.810187 0.900063 0.391424 0.422094 0.416011 0.488169 0.446189 0.424157 0.847062 0.777093 0.637915 0.666019 0.632609 0.719376 0.586277 0.637418 0.667955 0.717091 0.384840 0.715503 0.385116 0.547824 0.472357 0.592142 0.433801 0.469320 0.248863 0.320799 0.722853 0.823436 0.357049 0.406605 0.596741 0.522948 0.840243 0.955498 0.421348 0.524310 0.582559 0.862317 0.546840 0.616374 0.687221 0.714107 0.457197 0.613198 0.957375 0.995012 0.717250 0.661401 0.400390 0.525148 0.478513 0.541189 0.705120 0.687773 0.518716 0.713490 0.379138 0.326351 0.519111 0.522927 0.521161 0.538076 0.435592 0.488375 0.868997 0.634337 0.650980 0.840388 0.768515 0.765526 0.666357 0.851798 0.809083 0.969796
0.303396 0.445805 0.405006 0.336939 0.798576 0.581980 0.191859 0.000000 0.491370 0.524688 0.366009 0.343183 0.362376 0.391240 0.611618 0.571040 0.450305 0.387417 0.270360 0.335621 0.974495 0.955959 0.562542 0.715456 0.967644 0.787608 0.857663 0.977238 0.357420 0.478031 0.559319 0.675013 0.302740 0.261247 0.478122 0.827806 0.699104 0.908873 0.926487 0.995803 0.780457 0.874883 0.408015 0.430473 0.433107 0.466710 0.421290 0.459788 0.772082 0.756994 0.652771 0.691065 0.703665 0.844746 0.636348 0.621871 0.488819 0.544918 0.340528 0.596326 0.351616 0.416227 0.386531 0.482702 0.540096 0.458055 0.300956 0.310660 0.676468 0.727447 0.431113 0.470780 0.630567 0.499023 0.817853 0.960184 0.472806 0.573381 0.580610 0.825078 0.460748 0.553580 0.670792 0.673361 0.488311 0.653281 0.950956 0.985835 0.705755 0.631487 0.482324 0.622692 0.540494 0.675689 0.724158 0.689878 0.468214 0.651201 0.358800 0.305995 0.521415 0.545647 0.474148 0.519019 0.415690 0.482321 0.931082 0.650516 0.622877 0.735444 0.655134 0.695492 0.614345 0.887930 0.779062 0.949988
0.578193 0.781411 0.514340 0.585113 0.669288 0.698803 0.405833 0.491370 0.000000 0.448481 0.573193 0.612598 0.558771 0.784986 0.599387 0.656204 0.646995 0.649088 0.696108 0.701924 0.928485 0.953519 0.703572 0.993935 0.982512 0.858986 0.906450 0.966635 0.522546 0.581015 0.801602 0.998000 0.633251 0.541589 0.647645 0.939673 0.736749 0.794618 0.818951 0.971013 0.913588 0.732557 0.636241 0.608754 0.571335 0.602400 0.725843 0.663465 0.833812 0.838071 0.663742 0.629225 0.579544 0.654943 0.676446 0.697174 0.946198 0.819682 0.419302 0.674700 0.488283 0.640007 0.560515 0.585228 0.605759 0.795027 0.519439 0.629674 0.821436 0.868140 0.497411 0.608669 0.688775 0.760381 0.908597 0.752478 0.484271 0.650231 0.648715 0.955826 0.608250 0.828034 0.935467 0.756246 0.747605 0.955034 0.868518 0.785999 0.692248 0.802325 0.510893 0.471013 0.525532 0.466399 0.765700 0.997802 0.539737 0.805093 0.470124 0.468160 0.701272 0.659830 0.581119 0.645795 0.527872 0.464691 0.685350 0.640069 0.749036 0.784652 0.738715 0.758444 0.591771 0.755156 0.797236 0.867809
0.630069 0.737201 0.872589 0.896683 0.674321 0.743432 0.566004 0.524688 0.448481 0.000000 0.579756 0.578188 0.734637 0.866048 0.770315 0.912325 0.529962 0.503157 0.767731 0.784991 0.771074 0.971956 0.928569 0.622930 0.601740 0.739494 0.792338 0.866838 0.454268 0.552800 0.883311 0.769066 0.843523 0.685627 0.782362 0.905660 0.972601 0.997679 0.839506 0.908757 0.869817 0.694646 0.692912 0.629255 0.567743 0.565242 0.845928 0.847712 0.693356 0.751842 0.621292 0.604818 0.631760 0.716696 0.978769 0.848019 0.769165 0.700015 0.440060 0.777389 0.685089 0.711660 0.552445 0.487366 0.956243 0.932957 0.659616 0.785224 0.864467 0.839466 0.514974 0.640788 0.733054 0.685693 0.919908 0.838598 0.520629 0.664927 0.704138 0.850307 0.589193 0.917817 0.903087 0.803784 0.942631 0.715269 0.821476 0.571861 0.938892 0.882576 0.462648 0.414712 0.457365 0.462087 0.857375 0.833068 0.569630 0.685199 0.361610 0.457718 0.599340 0.590584 0.358368 0.502431 0.561463 0.554122 0.822943 0.552733 0.728571 0.696598 0.648319 0.703937 0.462726 0.776529 0.781153 0.754573
0.329409 0.636222 0.648913 0.594798 0.844198 0.606681 0.410787 0.366009 0.573193 0.579756 0.000000 0.286655 0.306080 0.408585 0.761074 0.729553 0.466375 0.416981 0.416491 0.451295 0.825000 0.888965 0.791839 0.928446 0.761303 0.921090 0.800746 0.913091 0.383911 0.394100 0.820508 0.833916 0.464804 0.386522 0.702494 0.919254 0.923292 0.947194 0.970974 0.950706 0.969676 0.829205 0.805258 0.736982 0.739004 0.745643 0.645843 0.711970 0.962077 0.986053 0.991888 0.978074 0.994965 0.836407 0.777511 0.825900 0.608977 0.643898 0.417416 0.581052 0.346750 0.427001 0.265584 0.350105 0.770855 0.649605 0.544273 0.553372 0.835210 0.890494 0.683181 0.799228 0.941590 0.794981 0.913210 0.967357 0.717444 0.835445 0.655679 0.880073 0.405356 0.551290 0.985591 0.684091 0.647277 0.848182 0.907089 0.885557 0.724680 0.762903 0.794683 0.823277 0.826832 0.851212 0.907718 0.732366 0.774703 0.825083 0.571139 0.538051 0.566828 0.663882 0.624641 0.625044 0.562396 0.685450 0.953866 0.869896 0.766069 0.829277 0.848022 0.903995 0.705819 0.842614 0.892727 0.906585
0.263698 0.450589 0.735529 0.642956 0.807209 0.642054 0.463402 0.343183 0.612598 0.578188 0.286655 0.000000 0.365870 0.404243 0.732096 0.697447 0.314298 0.329869 0.492077 0.413395 0.915945 0.998922 0.822057 0.955142 0.706942 0.892969 0.854129 0.867075 0.316119 0.328933 0.898622 0.950049 0.451665 0.395544 0.715423 0.979423 0.909026 0.997909 0.883718 0.905238 0.848491 0.823050 0.751158 0.702851 0.636347 0.647720 0.616770 0.636562 0.852496 0.892789 0.905449 0.876741 0.951300 0.901628 0.822393 0.775677 0.424658 0.466469 0.325312 0.418353 0.304473 0.273727 0.265431 0.256513 0.763252 0.547036 0.521687 0.496855 0.739679 0.711900 0.684659 0.764162 0.909524 0.732907 0.870566 0.925347 0.644693 0.775047 0.610902 0.829054 0.351114 0.545883 0.841567 0.601194 0.643471 0.818861 0.981262 0.891096 0.739162 0.702895 0.732239 0.838427 0.780563 0.832998 0.824408 0.824295 0.668567 0.746073 0.477704 0.489194 0.619212 0.717006 0.554106 0.618893 0.511091 0.602778 0.981135 0.760105 0.672884 0.774727 0.721085 0.702521 0.726256 0.936486 0.785942 0.947112
0.326011 0.629664 0.463065 0.450226 0.751177 0.687403 0.351120 0.362376 0.558771 0.734637 0.306080 0.365870 0.000000 0.282556 0.479850 0.496716 0.570889 0.511545 0.390197 0.433807 0.866665 0.997972 0.465479 0.656264 0.997665 0.873327 0.996860 0.976504 0.473082 0.436822 0.607230 0.678869 0.327887 0.306323 0.577891 0.925542 0.793203 0.874183 0.951094 0.993183 0.880420 0.960849 0.706884 0.708499 0.810855 0.855997 0.624621 0.630462 0.800199 0.863480 0.945086 0.992302 0.988176 0.924082 0.739241 0.842848 0.620018 0.681704 0.390447 0.532503 0.241689 0.437361 0.271210 0.418873 0.511053 0.453014 0.450964 0.466945 0.775897 0.844126 0.594861 0.684407 0.890756 0.829626 0.852874 0.922956 0.719977 0.724117 0.724575 0.776490 0.483270 0.623926 0.744605 0.793253 0.401417 0.593280 0.889291 0.914470 0.651856 0.670984 0.762096 0.857494 0.868933 0.807329 0.904034 0.752278 0.775375 0.852452 0.626233 0.594949 0.618523 0.706154 0.714741 0.696155 0.547970 0.570870 0.903318 0.797117 0.736630 0.880268 0.965957 0.906189 0.828977 0.942583 0.845816 0.931929
0.391086 0.594661 0.533426 0.438765 0.849799 0.784572 0.438082 0.391240 0.784986 0.866048 0.408585 0.404243 0.282556 0.000000 0.529609 0.500972 0.666271 0.533239 0.362195 0.441856 0.912122 0.972115 0.436637 0.550582 0.939325 0.847620 0.981070 0.918970 0.568399 0.480241 0.537376 0.578059 0.269563 0.330755 0.572107 0.776726 0.713296 0.948733 0.899675 0.968783 0.880030 0.979296 0.774177 0.806656 0.871448 0.921105 0.728519 0.715128 0.727247 0.789128 0.906216 0.915368 0.913166 0.817834 0.911023 0.923850 0.537881 0.635521 0.495934 0.553786 0.321181 0.460314 0.354541 0.500279 0.541215 0.360410 0.463735 0.373311 0.919089 0.839667 0.674132 0.604536 0.989556 0.821859 0.779631 0.867563 0.823388 0.770323 0.697809 0.675062 0.573300 0.691857 0.619352 0.798803 0.381393 0.507416 0.803333 0.931275 0.658217 0.597716 0.810676 0.982943 0.878411 0.967223 0.961784 0.725444 0.828451 0.901630 0.719138 0.667674 0.585385 0.769662 0.803270 0.853431 0.582028 0.675370 0.943498 0.882458 0.731450 0.905465 0.881277 0.955063 0.982036 0.823965 0.877927 0.931740
0.609850 0.801830 0.457199 0.513882 0.723707 0.883573 0.501760 0.611618 0.599387 0.770315 0.761074 0.732096 0.479850 0.529609 0.000000 0.416789 0.828234 0.728205 0.664626 0.721543 0.671081 0.847408 0.379205 0.670454 0.757095 0.697139 0.851247 0.815677 0.719590 0.676292 0.526079 0.747972 0.475614 0.518126 0.553273 0.773502 0.530944 0.725804 0.960180 0.999920 0.812225 0.984479 0.735286 0.852101 0.758809 0.858853 0.817967 0.716593 0.774259 0.933637 0.834191 0.765459 0.759884 0.746518 0.837797 0.850899 0.846967 0.839479 0.540529 0.702179 0.454448 0.706583 0.594534 0.666592 0.446399 0.579724 0.487016 0.549358 0.806922 0.812273 0.522559 0.467776 0.823462 0.875822 0.932610 0.975300 0.727718 0.710377 0.693752 0.876964 0.749468 0.928843 0.598650 0.799656 0.433927 0.596106 0.736275 0.983360 0.762060 0.698656 0.654173 0.740544 0.737422 0.653560 0.825938 0.827631 0.772277 0.876560 0.679913 0.705952 0.837680 0.869817 0.747773 0.831951 0.617379 0.540935 0.697012 0.662634 0.701656 0.949650 0.859680 0.875365 0.973440 0.817847 0.787947 0.966585
0.580556 0.678281 0.409240 0.443847 0.906139 0.852886 0.484237 0.571040 0.656204 0.912325 0.729553 0.697447 0.496716 0.500972 0.416789 0.000000 0.760502 0.614406 0.564875 0.558095 0.603328 0.987688 0.354857 0.511159 0.618203 0.468557 0.839365 0.905081 0.619162 0.556211 0.408620 0.500696 0.408354 0.476109 0.543413 0.619786 0.436815 0.687144 0.999170 0.937821 0.831684 0.993465 0.710814 0.765765 0.725092 0.754300 0.679722 0.677102 0.862891 0.955122 0.786383 0.783780 0.820008 0.798088 0.724496 0.846692 0.755403 0.756805 0.670206 0.788019 0.505659 0.626595 0.653915 0.724764 0.412067 0.441001 0.491959 0.505749 0.811176 0.857988 0.572383 0.555876 0.800732 0.722327 0.759840 0.953455 0.726918 0.764606 0.618844 0.615222 0.585828 0.676897 0.578194 0.773921 0.378056 0.445088 0.809814 0.909512 0.766425 0.697416 0.642639 0.883651 0.722676 0.737832 0.678388 0.871034 0.676445 0.855966 0.719745 0.753941 0.778307 0.865751 0.829670 0.957963 0.619088 0.734638 0.845152 0.787155 0.784179 0.928177 0.900406 0.873422 0.997089 0.936682 0.867913 0.932534
0.340357 0.321121 0.824520 0.772707 0.777638 0.747429 0.579717 0.450305 0.646995 0.529962 0.466375 0.314298 0.570889 0.666271 0.828234 0.760502 0.000000 0.281826 0.619602 0.463637 0.910907 0.987584 0.934412 0.920583 0.773315 0.901466 0.889540 0.777223 0.319202 0.360224 0.944166 0.999108 0.568669 0.492395 0.795602 0.983265 0.836504 0.919793 0.950490 0.808009 0.759164 0.807206 0.716395 0.635462 0.552612 0.511737 0.597675 0.690427 0.665450 0.718130 0.669595 0.703765 0.851048 0.980755 0.763181 0.706925 0.371569 0.297064 0.399133 0.464935 0.485539 0.355751 0.393550 0.310019 0.861156 0.680149 0.583817 0.583839 0.600661 0.695731 0.684373 0.842634 0.843147 0.722302 0.909720 0.853392 0.665163 0.789221 0.668228 0.932194 0.275980 0.483129 0.846087 0.468758 0.729736 0.863624 0.921765 0.848790 0.794482 0.763322 0.745235 0.803656 0.756083 0.834384 0.584980 0.921353 0.567544 0.577977 0.470139 0.486444 0.687978 0.779259 0.505367 0.587811 0.502048 0.633526 0.988146 0.630735 0.735762 0.759987 0.696353 0.583299 0.623471 0.848205 0.701213 0.916694
0.349840 0.393806 0.745389 0.695799 0.852233 0.658613 0.479946 0.387417 0.649088 0.503157 0.416981 0.329869 0.511545 0.533239 0.728205 0.614406 0.281826 0.000000 0.526097 0.423743 0.930457 0.931646 0.865273 0.988094 0.819549 0.958021 0.900743 0.847211 0.278633 0.289644 0.819463 0.831514 0.487333 0.442853 0.757634 0.851894 0.688087 0.835100 0.948082 0.808978 0.828791 0.781130 0.688428 0.625155 0.505037 0.487695 0.611702 0.688702 0.738881 0.728183 0.637172 0.689425 0.801452 0.906212 0.738773 0.821586 0.375676 0.350965 0.435323 0.576491 0.465328 0.397634 0.377438 0.308184 0.827223 0.622370 0.498997 0.508448 0.627408 0.686303 0.630430 0.723144 0.760499 0.639735 0.987144 0.845443 0.651232 0.736972 0.540272 0.806956 0.236371 0.440214 0.773031 0.536404 0.701636 0.782369 0.935055 0.877086 0.741789 0.809588 0.639897 0.756226 0.639753 0.792831 0.725237 0.838984 0.543786 0.677402 0.438509 0.476931 0.561331 0.702961 0.433011 0.573328 0.457560 0.666904 0.915342 0.672516 0.680375 0.734397 0.708331 0.631308 0.679063 0.843051 0.753099 0.951363
0.394326 0.555525 0.394752 0.298497 0.885417 0.607478 0.281823 0.270360 0.696108 0.767731 0.416491 0.492077 0.390197 0.362195 0.664626 0.564875 0.619602 0.526097 0.000000 0.345393 0.961980 0.951126 0.472826 0.560176 0.848623 0.694354 0.933379 0.861368 0.546935 0.632916 0.468397 0.543834 0.283988 0.270120 0.456833 0.737344 0.663403 0.909455 0.921291 0.894262 0.802587 0.991784 0.485611 0.519204 0.569644 0.622258 0.450090 0.500517 0.946173 0.904769 0.814728 0.860960 0.856720 0.962877 0.658491 0.735911 0.550238 0.670041 0.527053 0.703628 0.463807 0.564606 0.507378 0.669948 0.528647 0.417291 0.341824 0.321293 0.755148 0.805309 0.493062 0.550848 0.744652 0.619500 0.761322 0.870216 0.601435 0.632687 0.701756 0.778830 0.597116 0.593539 0.682714 0.788040 0.442054 0.548002 0.887828 0.868006 0.688196 0.679928 0.590296 0.774861 0.679972 0.804077 0.864787 0.703776 0.664346 0.815956 0.512156 0.455753 0.571306 0.619781 0.645610 0.653266 0.557128 0.654102 0.973793 0.699104 0.697804 0.962971 0.879780 0.773664 0.707578 0.988996 0.947100 0.924893
0.363077 0.420163 0.549210 0.432759 0.969211 0.642995 0.405456 0.335621 0.701924 0.784991 0.451295 0.413395 0.433807 0.441856 0.721543 0.558095 0.463637 0.423743 0.345393 0.000000 0.905624 0.980664 0.628989 0.626167 0.884754 0.763595 0.933489 0.918249 0.414923 0.543178 0.605330 0.589356 0.333627 0.345204 0.676010 0.793377 0.712451 0.994151 0.947404 0.954288 0.791922 0.993745 0.554475 0.565246 0.590880 0.599292 0.519473 0.541315 0.865896 0.807492 0.813117 0.849009 0.928449 0.994519 0.674737 0.695396 0.435567 0.504441 0.543705 0.625049 0.486370 0.450230 0.496068 0.573112 0.615927 0.442228 0.492893 0.433630 0.595048 0.721909 0.594572 0.715107 0.736965 0.609684 0.756414 0.737090 0.629557 0.732548 0.606390 0.747975 0.458285 0.402327 0.623143 0.676075 0.481566 0.572382 0.847905 0.829954 0.797008 0.653970 0.721814 0.902337 0.789360 0.920626 0.754127 0.999000 0.640662 0.789151 0.579177 0.481522 0.667460 0.675177 0.572284 0.685450 0.478131 0.720588 0.959861 0.805296 0.742022 0.925166 0.893284 0.738023 0.778303 0.980340 0.835911 0.960646
0.969993 0.991623 0.715878 0.770956 0.994263 0.948559 0.901670 0.974495 0.928485 0.771074 0.825000 0.915945 0.866665 0.912122 0.671081 0.603328 0.910907 0.930457 0.961980 0.905624 0.000000 0.890054 0.603559 0.641014 0.575079 0.580880 0.698268 0.874474 0.868617 0.988110 0.702655 0.832129 0.805255 0.897424 0.857001 0.759678 0.657036 0.692955 0.963340 0.953023 0.769897 0.940119 0.905135 0.981365 0.983751 0.946586 0.941353 0.954352 0.755506 0.891285 0.991045 0.991372 0.974045 0.795061 0.888771 0.925179 0.965821 0.954657 0.983461 0.973776 0.897788 0.976040 0.932162 0.872936 0.591099 0.695541 0.802380 0.821058 0.830762 0.946775 0.793777 0.792584 0.990805 0.973361 0.912238 0.925696 0.960872 0.775918 0.973130 0.772908 0.975781 0.972665 0.671563 0.992142 0.703322 0.654783 0.597214 0.721801 0.944783 0.827511 0.899585 0.989598 0.988988 0.857880 0.872788 0.859480 0.976402 0.928719 0.977059 0.965149 0.919026 0.855725 0.892407 0.854108 0.980057 0.870457 0.912117 0.984899 0.942329 0.900291 0.786375 0.982711 0.708456 0.959334 0.871478 0.978891
0.956754 0.935932 0.883571 0.936635 0.959404 0.957786 0.943094 0.955959 0.953519 0.971956 0.888965 0.998922 0.997972 0.972115 0.847408 0.987688 0.987584 0.931646 0.951126 0.980664 0.890054 0.000000 0.919654 0.932928 0.893056 0.974483 0.772700 0.916161 0.993479 0.961888 0.930006 0.932821 0.989804 0.949300 0.909809 0.979776 0.893094 0.935201 0.984268 0.968521 0.782829 0.953455 0.988477 0.962485 0.873631 0.951288 0.986379 0.952374 0.956335 0.944997 0.763719 0.815873 0.887377 0.796903 0.992425 0.964165 0.920050 0.952177 0.921842 0.896858 0.931232 0.973281 0.987500 0.932182 0.931896 0.926414 0.929578 0.924406 0.832599 0.868537 0.893479 0.934546 0.906743 0.945199 0.911110 0.969799 0.879417 0.778501 0.913364 0.962326 0.973246 0.961143 0.732105 0.983151 0.942035 0.846299 0.941592 0.935377 0.813675 0.810714 0.924796 0.909269 0.916138 0.989628 0.791161 0.911601 0.919714 0.947271 0.888008 0.879074 0.991097 0.861381 0.848188 0.965567 0.771704 0.884737 0.947286 0.965115 0.936577 0.951789 0.791198 0.901298 0.975316 0.940822 0.803450 0.944380
0.663225 0.799162 0.296036 0.304292 0.851495 0.910819 0.455757 0.562542 0.703572 0.928569 0.791839 0.822057 0.465479 0.436637 0.379205 0.354857 0.934412 0.865273 0.472826 0.628989 0.603559 0.919654 0.000000 0.299280 0.451644 0.456499 0.787708 0.795103 0.897378 0.787073 0.270305 0.397816 0.365006 0.411961 0.452448 0.646409 0.527459 0.795933 0.894889 0.897362 0.835310 0.857714 0.642978 0.746995 0.860149 0.919444 0.673396 0.622209 0.661008 0.834278 0.932388 0.902623 0.893212 0.831784 0.731050 0.837672 0.883104 0.907683 0.748089 0.819496 0.507529 0.752129 0.703140 0.886080 0.262220 0.357096 0.445709 0.425527 0.826061 0.934125 0.565136 0.508129 0.877625 0.853697 0.731284 0.887574 0.785610 0.636618 0.827774 0.717491 0.828676 0.834285 0.506322 0.924568 0.275962 0.336782 0.761542 0.790001 0.666336 0.501356 0.726266 0.904452 0.805267 0.813015 0.771662 0.812856 0.809033 0.945181 0.821259 0.753265 0.831953 0.853136 0.993582 0.968439 0.710785 0.631192 0.936731 0.784655 0.899206 0.903283 0.967419 0.982685 0.920854 0.979680 0.878346 0.948292
0.857273 0.852754 0.444103 0.360007 0.890700 0.977083 0.656562 0.715456 0.993935 0.622930 0.928446 0.955142 0.656264 0.550582 0.670454 0.511159 0.920583 0.988094 0.560176 0.626167 0.641014 0.932928 0.299280 0.000000 0.361599 0.412020 0.734186 0.730248 0.936132 0.960723 0.332129 0.323355 0.503130 0.595514 0.646335 0.650628 0.685375 0.858789 0.808592 0.846848 0.937756 0.729731 0.748994 0.863992 0.963356 0.979710 0.720293 0.694015 0.695262 0.847885 0.967821 0.904563 0.916963 0.972075 0.728168 0.875646 0.909929 0.984828 0.972055 0.983559 0.734143 0.847032 0.937177 0.886398 0.385906 0.354720 0.645604 0.536262 0.870165 0.934740 0.817273 0.767633 0.979326 0.929137 0.680585 0.829495 0.990056 0.821936 0.895776 0.644362 0.967486 0.749747 0.470746 0.970655 0.365276 0.271768 0.691603 0.525517 0.746799 0.542162 0.976703 0.822716 0.934868 0.867673 0.795793 0.915704 0.971695 0.950684 0.925858 0.940734 0.991184 0.964415 0.793709 0.853255 0.888679 0.902623 0.885358 0.883096 0.983110 0.816602 0.920158 0.920821 0.774019 0.909535 0.936055 0.825377
0.898772 0.992383 0.517090 0.547691 0.952088 0.847620 0.847726 0.967644 0.982512 0.601740 0.761303 0.706942 0.997665 0.939325 0.757095 0.618203 0.773315 0.819549 0.848623 0.884754 0.575079 0.893056 0.451644 0.361599 0.000000 0.305733 0.641972 0.808535 0.743208 0.875225 0.392689 0.491032 0.748528 0.831302 0.685419 0.623101 0.562467 0.711299 0.743131 0.943071 0.902997 0.801495 0.849231 0.968672 0.980836 0.951943 0.843265 0.855636 0.798233 0.961657 0.876748 0.971542 0.988226 0.851070 0.734072 0.881707 0.885106 0.888052 0.744487 0.793683 0.963852 0.872572 0.791127 0.686172 0.458097 0.613619 0.782827 0.761718 0.796463 0.864391 0.834564 0.827133 0.961350 0.949943 0.820865 0.943282 0.972493 0.824804 0.978104 0.789476 0.915121 0.824636 0.500941 0.959653 0.548160 0.396233 0.815644 0.626435 0.826775 0.618380 0.992256 0.845580 0.987842 0.897314 0.763762 0.982792 0.905635 0.933771 0.844553 0.909398 0.808315 0.823763 0.769897 0.737440 0.979100 0.962738 0.970457 0.954972 0.919480 0.886207 0.953837 0.857314 0.686411 0.999726 0.973817 0.748309
0.920219 0.873410 0.409358 0.444035 0.879990 0.951637 0.652237 0.787608 0.858986 0.739494 0.921090 0.892969 0.873327 0.847620 0.697139 0.468557 0.901466 0.958021 0.694354 0.763595 0.580880 0.974483 0.456499 0.412020 0.305733 0.000000 0.810950 0.829187 0.966004 0.997362 0.360494 0.435408 0.637461 0.746052 0.696773 0.547649 0.452595 0.643816 0.927463 0.907642 0.921169 0.899185 0.652924 0.787722 0.733965 0.768496 0.680191 0.663982 0.987675 0.838555 0.708779 0.817914 0.789090 0.716237 0.567657 0.833587 0.969557 0.977185 0.943789 0.877870 0.888474 0.970887 0.874280 0.786628 0.414836 0.568604 0.652663 0.668895 0.750068 0.966526 0.735040 0.696911 0.738528 0.798405 0.928728 0.981187 0.803339 0.750416 0.863086 0.751725 0.945031 0.753327 0.565412 0.868932 0.528717 0.422294 0.812176 0.707394 0.833682 0.695084 0.789636 0.969813 0.824621 0.894968 0.772416 0.909323 0.758147 0.971420 0.964614 0.926666 0.987585 0.999826 0.920323 0.908106 0.909874 0.922682 0.917046 0.933522 0.908351 0.958727 0.977444 0.964580 0.887045 0.906200 0.965550 0.875750
0.873332 0.941576 0.912550 0.903208 0.943447 0.928549 0.921999 0.857663 0.906450 0.792338 0.800746 0.854129 0.996860 0.981070 0.851247 0.839365 0.889540 0.900743 0.933379 0.933489 0.698268 0.772700 0.787708 0.734186 0.641972 0.810950 0.000000 0.798581 0.746857 0.884870 0.819758 0.893039 0.943915 0.993565 0.943213 0.751432 0.850369 0.837207 0.823766 0.968452 0.757541 0.929855 0.916708 0.892283 0.856197 0.772258 0.895403 0.837974 0.693875 0.796829 0.992773 0.896270 0.818318 0.936310 0.973175 0.887527 0.985457 0.946376 0.874252 0.937147 0.955802 0.887722 0.935285 0.902451 0.812838 0.790378 0.917721 0.874895 0.974828 0.889237 0.995816 0.961058 0.759721 0.820882 0.868282 0.969354 0.967074 0.906709 0.983579 0.954836 0.970870 0.967465 0.765026 0.787196 0.826840 0.723556 0.882931 0.959984 0.854140 0.851374 0.928803 0.866637 0.944891 0.952809 0.817961 0.945358 0.941938 0.950021 0.941481 0.902289 0.791925 0.801761 0.886773 0.885926 0.956621 0.989874 0.926436 0.989998 0.896554 0.769597 0.855051 0.927991 0.761973 0.948451 0.869213 0.860407
0.936257 0.858602 0.814976 0.782387 0.908632 0.799737 0.904013 0.977238 0.966635 0.866838 0.913091 0.867075 0.976504 0.918970 0.815677 0.905081 0.777223 0.847211 0.861368 0.918249 0.874474 0.916161 0.795103 0.730248 0.808535 0.829187 0.798581 0.000000 0.830714 0.781938 0.737097 0.862012 0.870263 0.953999 0.833347 0.903311 0.857653 0.937440 0.885591 0.956586 0.964718 0.897984 0.891629 0.923169 0.979335 0.911510 0.976213 0.993950 0.799840 0.882523 0.954813 0.927658 0.966216 0.939718 0.988848 0.931196 0.909414 0.762936 0.948201 0.866417 0.969259 0.821101 0.872349 0.742568 0.835570 0.828727 0.840523 0.807247 0.907952 0.956858 0.949992 0.839496 0.955223 0.971464 0.975020 0.910997 0.997161 0.995381 0.972207 0.951777 0.812637 0.916708 0.960552 0.780234 0.849791 0.789955 0.941485 0.876624 0.931015 0.904935 0.859955 0.895459 0.903539 0.934968 0.871892 0.826227 0.917673 0.909150 0.940388 0.978427 0.992733 0.909409 0.984615 0.989293 0.953318 0.959780 0.978656 0.966126 0.909564 0.690046 0.907363 0.878116 0.919751 0.957687 0.848198 0.905489
0.343221 0.435662 0.698437 0.693341 0.805635 0.710746 0.453514 0.357420 0.522546 0.454268 0.383911 0.316119 0.473082 0.568399 0.719590 0.619162 0.319202 0.278633 0.546935 0.414923 0.868617 0.993479 0.897378 0.936132 0.743208 0.966004 0.746857 0.830714 0.000000 0.339230 0.868786 0.956491 0.501021 0.472488 0.749233 0.934674 0.797515 0.946053 0.851175 0.873570 0.871452 0.785410 0.675562 0.613214 0.512392 0.469037 0.641472 0.612149 0.639521 0.658556 0.695013 0.681019 0.755983 0.915651 0.728219 0.667490 0.475664 0.434529 0.359704 0.538368 0.413341 0.361461 0.363646 0.323852 0.828123 0.716606 0.578488 0.619010 0.689175 0.637231 0.639391 0.723445 0.690621 0.604447 0.921351 0.889343 0.624230 0.800837 0.519199 0.895772 0.333084 0.499337 0.856481 0.540331 0.702145 0.902948 0.987560 0.839718 0.788752 0.876875 0.660154 0.750964 0.727428 0.770144 0.766360 0.887965 0.501119 0.777092 0.454130 0.462694 0.578275 0.726685 0.463197 0.609448 0.465941 0.640367 0.838533 0.711997 0.551690 0.644573 0.658893 0.688981 0.545542 0.816377 0.817210 0.917526
0.401529 0.502636 0.735151 0.722310 0.807267 0.805417 0.545323 0.478031 0.581015 0.552800 0.394100 0.328933 0.436822 0.480241 0.676292 0.556211 0.360224 0.289644 0.632916 0.543178 0.988110 0.961888 0.787073 0.960723 0.875225 0.997362 0.884870 0.781938 0.339230 0.000000 0.857480 0.916209 0.523721 0.464543 0.789133 0.999563 0.756635 0.806703 0.986280 0.746283 0.925031 0.827719 0.912216 0.816790 0.727844 0.717176 0.779092 0.802104 0.929746 0.929280 0.834962 0.857934 0.933497 0.963840 0.856299 0.899893 0.529464 0.465538 0.472377 0.557136 0.406656 0.370695 0.299611 0.249636 0.784227 0.637980 0.615825 0.596001 0.755697 0.856606 0.702639 0.853642 0.990777 0.878681 0.913687 0.988885 0.741697 0.792269 0.605769 0.763800 0.264679 0.495121 0.776177 0.503442 0.645243 0.766338 0.875222 0.864653 0.718459 0.740940 0.776631 0.904794 0.786878 0.862373 0.767750 0.840259 0.667248 0.822670 0.588784 0.658949 0.670403 0.868081 0.642570 0.769682 0.558950 0.719503 0.935528 0.829311 0.789253 0.765181 0.723159 0.710738 0.817841 0.985928 0.754860 0.982992
0.712438 0.766351 0.309393 0.328250 0.937020 0.938178 0.482397 0.559319 0.801602 0.883311 0.820508 0.898622 0.607230 0.537376 0.526079 0.408620 0.944166 0.819463 0.468397 0.605330 0.702655 0.930006 0.270305 0.332129 0.392689 0.360494 0.819758 0.737097 0.868786 0.857480 0.000000 0.322263 0.383989 0.499127 0.473677 0.675539 0.482613 0.734820 0.927793 0.913663 0.822858 0.953051 0.636449 0.724627 0.761608 0.806986 0.674181 0.681846 0.829227 0.983915 0.862545 0.933797 0.899350 0.887560 0.697608 0.805249 0.812936 0.838508 0.831530 0.947573 0.619573 0.800360 0.811713 0.973991 0.354912 0.441480 0.497082 0.486513 0.745009 0.851526 0.644030 0.533045 0.765706 0.754374 0.786016 0.895463 0.861500 0.767204 0.777488 0.646082 0.827936 0.701181 0.518526 0.887308 0.357088 0.366865 0.785817 0.749449 0.731130 0.569535 0.755945 0.964181 0.808501 0.920288 0.684503 0.842963 0.719586 0.873488 0.885298 0.767132 0.847976 0.816964 0.994234 0.999719 0.690599 0.716525 0.954348 0.849117 0.879858 0.975232 0.940004 0.962012 0.962399 0.967892 0.896972 0.857429
0.809623 0.838927 0.480053 0.446330 0.892128 0.922852 0.615531 0.675013 0.998000 0.769066 0.833916 0.950049 0.678869 0.578059 0.747972 0.500696 0.999108 0.831514 0.543834 0.589356 0.832129 0.932821 0.397816 0.323355 0.491032 0.435408 0.893039 0.862012 0.956491 0.916209 0.322263 0.000000 0.513839 0.586747 0.687819 0.646469 0.656923 0.913165 0.771433 0.864161 0.967897 0.793263 0.731001 0.747091 0.896745 0.894215 0.729565 0.720416 0.809448 0.923487 0.972352 0.951583 0.949036 0.974976 0.756779 0.965562 0.833807 0.911426 0.993440 0.924562 0.763382 0.882458 0.897540 0.941998 0.504112 0.483994 0.646290 0.562205 0.883884 0.968041 0.843440 0.747030 0.811400 0.773801 0.813312 0.799666 0.987230 0.818389 0.845000 0.618427 0.866769 0.697699 0.622431 0.964451 0.479918 0.399996 0.823324 0.685455 0.900223 0.744306 0.897805 0.891639 0.935205 0.948441 0.778114 0.866956 0.937071 0.965229 0.995741 0.903831 0.830338 0.842579 0.940088 0.968975 0.834153 0.946854 0.926260 0.987418 0.907687 0.866203 0.912365 0.920578 0.861776 0.930844 0.946531 0.826350
0.346309 0.457797 0.378632 0.322799 0.819675 0.676944 0.320388 0.302740 0.633251 0.843523 0.464804 0.451665 0.327887 0.269563 0.475614 0.408354 0.568669 0.487333 0.283988 0.333627 0.805255 0.989804 0.365006 0.503130 0.748528 0.637461 0.943915 0.870263 0.501021 0.523721 0.383989 0.513839 0.000000 0.260517 0.485966 0.723642 0.535450 0.821552 0.924197 0.972899 0.795789 0.999138 0.567686 0.622060 0.630447 0.678962 0.539854 0.569034 0.924272 0.986810 0.855077 0.882661 0.927146 0.993660 0.729513 0.721179 0.491700 0.536466 0.467248 0.553345 0.303366 0.424249 0.403198 0.541259 0.374792 0.290774 0.332970 0.292197 0.700568 0.731852 0.551800 0.525346 0.786943 0.709898 0.743416 0.850929 0.662024 0.656469 0.593831 0.707740 0.494519 0.543750 0.556430 0.689716 0.290045 0.394354 0.869680 0.875569 0.652061 0.529980 0.687350 0.916304 0.758301 0.885704 0.804627 0.743341 0.655573 0.813064 0.577210 0.521145 0.686736 0.707847 0.707218 0.768699 0.503499 0.594742 0.921587 0.755341 0.713877 0.873875 0.826012 0.812611 0.836090 0.955276 0.857216 0.907224
0.289017 0.455613 0.354614 0.326079 0.781215 0.639267 0.265596 0.261247 0.541589 0.685627 0.386522 0.395544 0.306323 0.330755 0.518126 0.476109 0.492395 0.442853 0.270120 0.345204 0.897424 0.949300 0.411961 0.595514 0.831302 0.746052 0.993565 0.953999 0.472488 0.464543 0.499127 0.586747 0.260517 0.000000 0.452030 0.804339 0.616790 0.873215 0.911675 0.944608 0.821175 0.937907 0.507668 0.513910 0.564590 0.609782 0.470680 0.496855 0.970821 0.897406 0.764991 0.764710 0.818594 0.901455 0.636763 0.769333 0.505810 0.556641 0.412293 0.557268 0.324099 0.445922 0.376727 0.485122 0.453616 0.357940 0.300414 0.279016 0.615411 0.767083 0.465994 0.529308 0.791429 0.668668 0.761196 0.897681 0.620185 0.569115 0.602022 0.755972 0.448575 0.522088 0.555855 0.663550 0.375347 0.489769 0.924392 0.933175 0.543224 0.559688 0.597881 0.763098 0.650427 0.757445 0.751550 0.794096 0.629315 0.839020 0.454144 0.421732 0.612263 0.655088 0.581546 0.602696 0.468487 0.545549 0.935735 0.660772 0.691396 0.821562 0.790933 0.730334 0.743346 0.967043 0.770628 0.905803
0.592002 0.770183 0.404838 0.405073 0.703605 0.805914 0.424864 0.478122 0.647645 0.782362 0.702494 0.715423 0.577891 0.572107 0.553273 0.543413 0.795602 0.757634 0.456833 0.676010 0.857001 0.909809 0.452448 0.646335 0.685419 0.696773 0.943213 0.833347 0.749233 0.789133 0.473677 0.687819 0.485966 0.452030 0.000000 0.777055 0.648749 0.794319 0.935493 0.964191 0.789503 0.799707 0.536724 0.619604 0.619461 0.716504 0.576913 0.582327 0.951124 0.923277 0.736455 0.772188 0.710359 0.767928 0.679955 0.699840 0.806850 0.868518 0.628758 0.815931 0.560929 0.746816 0.708094 0.796639 0.402900 0.489487 0.339992 0.433054 0.818635 0.928107 0.453011 0.494879 0.734130 0.678707 0.942730 0.927525 0.626284 0.583706 0.753320 0.875268 0.759869 0.787772 0.680699 0.842951 0.487251 0.572516 0.799295 0.979166 0.720641 0.676275 0.474029 0.673740 0.567243 0.595804 0.740558 0.736567 0.616533 0.741994 0.600958 0.575173 0.697166 0.715260 0.703969 0.801480 0.671888 0.527354 0.988339 0.609597 0.686070 0.810284 0.800540 0.914885 0.870144 0.916315 0.909126 0.887840
0.909221 0.855444 0.737874 0.683953 0.990805 0.962288 0.789652 0.827806 0.939673 0.905660 0.919254 0.979423 0.925542 0.776726 0.773502 0.619786 0.983265 0.851894 0.737344 0.793377 0.759678 0.979776 0.646409 0.650628 0.623101 0.547649 0.751432 0.903311 0.934674 0.999563 0.675539 0.646469 0.723642 0.804339 0.777055 0.000000 0.529607 0.784046 0.871249 0.957219 0.721171 0.941952 0.718456 0.864902 0.803873 0.893425 0.816992 0.813583 0.911491 0.954374 0.741031 0.814671 0.822460 0.755606 0.816491 0.933966 0.867424 0.909828 0.986247 0.907535 0.967369 0.987804 0.987571 0.932074 0.691058 0.647567 0.652478 0.614825 0.958189 0.887462 0.720399 0.651230 0.855529 0.841441 0.943241 0.978211 0.741942 0.879414 0.947036 0.997565 0.900166 0.927908 0.635077 0.944786 0.665282 0.607540 0.920443 0.866357 0.891356 0.775767 0.740361 0.904278 0.715064 0.838820 0.863386 0.779805 0.868476 0.752249 0.850818 0.885189 0.851407 0.884961 0.867167 0.950534 0.861923 0.951172 0.954203 0.811293 0.914379 0.918837 0.956589 0.884068 0.900256 0.991648 0.880626 0.942692
0.689729 0.741078 0.490156 0.572579 0.893959 0.880213 0.613134 0.699104 0.736749 0.972601 0.923292 0.909026 0.793203 0.713296 0.530944 0.436815 0.836504 0.688087 0.663403 0.712451 0.657036 0.893094 0.527459 0.685375 0.562467 0.452595 0.850369 0.857653 0.797515 0.756635 0.482613 0.656923 0.535450 0.616790 0.648749 0.529607 0.000000 0.556207 0.863459 0.945702 0.740967 0.925798 0.727579 0.821883 0.703810 0.753276 0.673201 0.729804 0.965674 0.845185 0.672037 0.714082 0.746321 0.727570 0.728362 0.756508 0.814698 0.753607 0.777176 0.914726 0.722626 0.820830 0.814092 0.861594 0.532080 0.629747 0.545343 0.540756 0.789912 0.824616 0.610210 0.536704 0.755198 0.766673 0.967886 0.997950 0.731562 0.793152 0.673862 0.861847 0.699575 0.798063 0.598492 0.760888 0.541500 0.557281 0.951812 0.936779 0.715021 0.612617 0.666633 0.800957 0.643414 0.776973 0.778907 0.888792 0.658641 0.830811 0.712254 0.729622 0.866170 0.902731 0.800358 0.946732 0.631758 0.780087 0.809395 0.639433 0.831631 0.938075 0.850687 0.810774 0.928006 0.828149 0.937397 0.922128
0.890174 0.958866 0.737969 0.799847 0.842882 0.994442 0.814900 0.908873 0.794618 0.997679 0.947194 0.997909 0.874183 0.948733 0.725804 0.687144 0.919793 0.835100 0.909455 0.994151 0.692955 0.935201 0.795933 0.858789 0.711299 0.643816 0.837207 0.937440 0.946053 0.806703 0.734820 0.913165 0.821552 0.873215 0.794319 0.784046 0.556207 0.000000 0.972743 0.934838 0.922837 0.905948 0.890719 0.953781 0.818522 0.891958 0.909857 0.923665 0.922818 0.990428 0.861133 0.902879 0.883035 0.857888 0.812643 0.919895 0.972325 0.929331 0.899492 0.969311 0.879398 0.959011 0.923259 0.916795 0.746311 0.834857 0.728527 0.806127 0.945536 0.972555 0.759922 0.789334 0.864429 0.981609 0.865848 0.863222 0.923449 0.978195 0.965545 0.951024 0.853051 0.916244 0.771596 0.842213 0.829015 0.794631 0.943759 0.921947 0.863566 0.972116 0.736974 0.847200 0.722452 0.795264 0.908433 0.918735 0.763771 0.847445 0.893352 0.947978 0.960266 0.958595 0.951993 0.963959 0.899840 0.886218 0.779465 0.784322 0.842271 0.930218 0.964668 0.880439 0.953973 0.665589 0.853798 0.882370
