0.000000 0.212592 0.461686 0.536964 0.968580 0.763228 0.481905 0.417352 0.998845 0.647079 0.327096 0.252926 0.315193 0.384831 0.442454 0.429419 0.262287 0.206740 0.316581 0.256067 0.688694 0.844252 0.439099 0.536292 0.677573 0.642643 0.879475 0.962154 0.238144 0.237586 0.408739 0.419204 0.338035 0.294528 0.628071 0.799930 0.476799 0.682549 0.698398 0.743100 0.726344 0.747800 0.491809 0.426104 0.509252 0.440052 0.436624 0.361365 0.699197 0.589928 0.639482 0.663713 0.711120 0.875746 0.596413 0.758858 0.287151 0.282424 0.399000 0.343774 0.270078 0.334540 0.214192 0.226911 0.469453 0.429786 0.473243 0.357932 0.389778 0.304540 0.520760 0.532608 0.421047 0.472149 0.770313 0.715819 0.490040 0.496792 0.455997 0.385839 0.224945 0.234161 0.399271 0.452363 0.449944 0.448595 0.857362 0.962934 0.867290 0.549674 0.908242 0.952579 0.813935 0.998207 0.505456 0.672467 0.561822 0.710358 0.517809 0.539341 0.750910 0.704483 0.509638 0.598348 0.465878 0.523310 0.859497 0.852296 0.905985 0.656241 0.792089 0.527705 0.641527 0.688780 0.689779 0.938526
0.212592 0.000000 0.621000 0.641723 0.899390 0.862575 0.589827 0.469039 0.975624 0.649004 0.418510 0.303925 0.482138 0.477255 0.553308 0.493745 0.198067 0.232773 0.406130 0.330652 0.741454 0.857149 0.526538 0.652421 0.821932 0.775382 0.781503 0.963148 0.271999 0.281954 0.490680 0.568265 0.419330 0.364277 0.707654 0.681717 0.618608 0.620390 0.798411 0.833950 0.800731 0.607502 0.502938 0.465299 0.510283 0.468663 0.497211 0.403523 0.585295 0.557125 0.588943 0.634186 0.715636 0.810724 0.720396 0.858777 0.202219 0.181181 0.374838 0.365632 0.380749 0.390042 0.197005 0.159203 0.660212 0.572170 0.526700 0.392517 0.443886 0.273812 0.485888 0.468345 0.450687 0.503568 0.849543 0.677661 0.513214 0.374510 0.448836 0.505418 0.213794 0.360763 0.392641 0.439334 0.564864 0.601630 0.795696 0.826509 0.918013 0.646134 0.875581 0.912884 0.782697 0.999288 0.505120 0.743873 0.610212 0.568881 0.519024 0.508564 0.766495 0.733972 0.465536 0.594520 0.435034 0.474950 0.747530 0.780625 0.930619 0.724323 0.714126 0.539654 0.688856 0.739629 0.701966 0.924943
0.461686 0.621000 0.000000 0.208629 0.987930 0.627363 0.180454 0.247602 0.525844 0.414277 0.459024 0.507295 0.333321 0.566086 0.483281 0.520147 0.664976 0.551082 0.426130 0.485839 0.739112 0.827631 0.321504 0.374190 0.645803 0.400724 0.976950 0.829611 0.627164 0.529856 0.287272 0.415880 0.331555 0.346495 0.525270 0.747562 0.595920 0.786517 0.549649 0.731184 0.954320 0.949987 0.310342 0.336645 0.298067 0.300636 0.343331 0.371269 0.526583 0.451136 0.478133 0.442006 0.478864 0.654100 0.627756 0.546454 0.760712 0.756795 0.403651 0.403844 0.294380 0.352650 0.560243 0.606595 0.296277 0.261097 0.244599 0.280999 0.814813 0.619310 0.428024 0.436773 0.538422 0.530526 0.801845 0.740731 0.453305 0.680086 0.493722 0.450445 0.573483 0.505748 0.710424 0.762602 0.618664 0.507455 0.887577 0.950302 0.785931 0.617738 0.550909 0.668132 0.559938 0.657227 0.543270 0.643905 0.324887 0.773764 0.376822 0.396798 0.585180 0.524369 0.525262 0.583747 0.384318 0.463048 0.640868 0.654461 0.779245 0.810108 0.680829 0.464296 0.443411 0.652603 0.563889 0.820092
0.536964 0.641723 0.208629 0.000000 0.881593 0.627441 0.238354 0.227684 0.523301 0.416778 0.545875 0.540310 0.370105 0.487696 0.455808 0.454710 0.713773 0.599801 0.426568 0.513025 0.668883 0.779565 0.303541 0.337088 0.755374 0.446635 0.941104 0.873283 0.599954 0.562349 0.321223 0.452797 0.340225 0.352436 0.603186 0.721194 0.638862 0.853450 0.696138 0.828327 0.982322 0.880327 0.303567 0.352791 0.364224 0.352553 0.384857 0.422187 0.540126 0.454751 0.516012 0.441182 0.506234 0.623898 0.689241 0.621030 0.791283 0.776950 0.394270 0.443738 0.377982 0.374362 0.610483 0.642512 0.350389 0.264011 0.305047 0.331953 0.923403 0.659728 0.384341 0.394425 0.599699 0.560363 0.832887 0.660007 0.423261 0.606197 0.518925 0.542884 0.643225 0.560665 0.739940 0.725287 0.657610 0.482507 0.957030 0.979757 0.802494 0.599702 0.472931 0.573463 0.483815 0.592475 0.596169 0.605075 0.405902 0.691921 0.372983 0.350672 0.535586 0.583336 0.540852 0.514146 0.378012 0.515568 0.679884 0.662753 0.806082 0.828745 0.736448 0.430017 0.412983 0.548874 0.548502 0.775099
0.968580 0.899390 0.987930 0.881593 0.000000 0.828703 0.906176 0.864285 0.982906 0.959763 0.965348 0.905469 0.868878 0.939622 0.906451 0.814575 0.935177 0.997562 0.962711 0.941386 0.969322 0.931694 0.804701 0.840435 0.928381 0.987064 0.882021 0.956089 0.936975 0.954044 0.913265 0.943578 0.929282 0.933854 0.937707 0.996718 0.875647 0.968163 0.989935 0.884586 0.904335 0.920604 0.882509 0.891996 0.820054 0.821055 0.954542 0.853216 0.720027 0.720328 0.806426 0.758930 0.818967 0.708477 0.956035 0.871854 0.976264 0.926582 0.800397 0.794677 0.813014 0.797512 0.854260 0.868579 0.930351 0.836951 0.888175 0.877717 0.965709 0.977579 0.795843 0.815068 0.916885 0.921144 0.939818 0.945915 0.934945 0.985880 0.868430 0.943611 0.839887 0.916187 0.929514 0.957890 0.882920 0.878375 0.991626 0.901309 0.952378 0.958960 0.876838 0.900205 0.881025 0.982771 0.910183 0.994783 0.934030 0.749524 0.866929 0.769439 0.930435 0.987566 0.955660 0.839915 0.867713 0.902359 0.806027 0.985604 0.718564 0.892452 0.934341 0.790396 0.794526 0.886646 0.913620 0.940636
0.763228 0.862575 0.627363 0.627441 0.828703 0.000000 0.582182 0.698283 0.659137 0.692085 0.732711 0.622988 0.555890 0.792372 0.674292 0.514964 0.905969 0.841500 0.712689 0.770412 0.875801 0.776481 0.608713 0.675659 0.851068 0.614286 0.881250 0.616808 0.805806 0.819570 0.701238 0.721601 0.666119 0.624888 0.730347 0.998006 0.975316 0.826249 0.881704 0.875946 0.973006 0.914501 0.651868 0.609815 0.705886 0.702979 0.770104 0.677462 0.893371 0.704863 0.755071 0.642105 0.660762 0.714535 0.858377 0.781753 0.968767 0.985545 0.788822 0.706526 0.641476 0.687404 0.797751 0.844858 0.655940 0.607325 0.684464 0.689076 0.890800 0.765378 0.770113 0.664357 0.755330 0.687005 0.777128 0.879414 0.705983 0.849452 0.812532 0.584983 0.778551 0.674942 0.982179 0.878428 0.730488 0.610397 0.838633 0.882265 0.885353 0.694210 0.689770 0.778930 0.735498 0.779080 0.717169 0.687270 0.698121 0.946499 0.698796 0.654250 0.872581 0.732151 0.882094 0.681066 0.604581 0.753557 0.861863 0.909365 0.951004 0.941345 0.933360 0.721153 0.617947 0.787679 0.717190 0.960160
0.481905 0.589827 0.180454 0.238354 0.906176 0.582182 0.000000 0.187808 0.447841 0.259967 0.486840 0.559018 0.417655 0.664027 0.574915 0.554378 0.589094 0.503544 0.365787 0.449010 0.781597 0.800951 0.332166 0.477982 0.786193 0.496406 0.917351 0.867129 0.615036 0.533324 0.321560 0.434187 0.290049 0.266353 0.532874 0.639300 0.635087 0.814107 0.739101 0.752327 0.955158 0.876049 0.189545 0.209152 0.196804 0.200405 0.319574 0.300457 0.399439 0.360094 0.381950 0.349927 0.388486 0.551093 0.678582 0.565604 0.645093 0.664175 0.308026 0.370459 0.334761 0.398408 0.489389 0.550267 0.393338 0.331092 0.164882 0.230663 0.865022 0.615482 0.325824 0.305120 0.621484 0.514669 0.823654 0.693084 0.332110 0.606495 0.445324 0.442735 0.543439 0.530167 0.771574 0.779829 0.686832 0.614156 0.978585 0.838827 0.796502 0.739511 0.381666 0.457639 0.401344 0.474160 0.539284 0.580297 0.310490 0.699196 0.223975 0.251203 0.448773 0.417021 0.440672 0.453503 0.303871 0.362115 0.536653 0.572113 0.739899 0.847461 0.595355 0.364196 0.348232 0.611838 0.481896 0.778017
0.417352 0.469039 0.247602 0.227684 0.864285 0.698283 0.187808 0.000000 0.486280 0.253868 0.445200 0.480220 0.413229 0.543252 0.551888 0.532298 0.523764 0.453126 0.373359 0.357966 0.758780 0.802034 0.357223 0.461115 0.899963 0.606615 0.781259 0.841949 0.529565 0.476153 0.379389 0.452696 0.314219 0.286697 0.608046 0.605796 0.645681 0.803555 0.816755 0.868747 0.877498 0.761431 0.282243 0.327707 0.291798 0.307967 0.404449 0.376482 0.451869 0.424580 0.473744 0.442196 0.519348 0.614714 0.744098 0.669733 0.549146 0.537114 0.276265 0.349600 0.337042 0.307695 0.442183 0.440608 0.460126 0.339743 0.235997 0.274468 0.833415 0.532593 0.325943 0.347210 0.654420 0.593869 0.862669 0.711868 0.398688 0.546947 0.453523 0.566282 0.493925 0.503577 0.710516 0.697424 0.722716 0.615690 0.997387 0.886041 0.791732 0.664084 0.394504 0.472154 0.361498 0.517300 0.496524 0.626496 0.361744 0.584243 0.231631 0.252659 0.397712 0.497155 0.379417 0.434588 0.315184 0.381661 0.563106 0.589945 0.784296 0.764469 0.645665 0.343318 0.378507 0.579401 0.534427 0.795433
0.998845 0.975624 0.525844 0.523301 0.982906 0.659137 0.447841 0.486280 0.000000 0.399145 0.964175 0.995508 0.845012 0.956942 0.947996 0.924335 0.992776 0.988773 0.855202 0.865856 0.971661 0.865285 0.721799 0.803142 0.977732 0.720132 0.938313 0.944411 0.908362 0.933588 0.695458 0.803266 0.749371 0.683036 0.757492 0.734527 0.975049 0.901657 0.957862 0.879712 0.854667 0.923662 0.513846 0.578630 0.498204 0.555416 0.705166 0.705706 0.513716 0.529472 0.517059 0.510590 0.483654 0.563175 0.962601 0.816728 0.965674 0.946766 0.564011 0.678968 0.760615 0.753512 0.951927 0.961764 0.746146 0.683142 0.498671 0.647637 0.770000 0.901250 0.664176 0.636743 0.966432 0.912025 0.978985 0.939820 0.732748 0.811635 0.822295 0.869821 0.939944 0.894253 0.875579 0.833551 0.886451 0.975587 0.890632 0.913705 0.761164 0.896749 0.414340 0.483791 0.464192 0.423841 0.783888 0.863005 0.603006 0.783202 0.494560 0.507437 0.581204 0.570055 0.709510 0.602178 0.631527 0.659293 0.528640 0.603215 0.955632 0.866075 0.703536 0.566586 0.556404 0.865896 0.577925 0.784203
0.647079 0.649004 0.414277 0.416778 0.959763 0.692085 0.259967 0.253868 0.399145 0.000000 0.597712 0.662558 0.644120 0.813534 0.751058 0.719011 0.593660 0.577501 0.488142 0.474423 0.938737 0.856143 0.529414 0.666084 0.923972 0.760929 0.881659 0.862774 0.703242 0.613424 0.571330 0.548024 0.469456 0.406846 0.779200 0.602670 0.878739 0.905732 0.903067 0.950308 0.937367 0.758428 0.334293 0.351938 0.372137 0.397216 0.518156 0.467853 0.421346 0.468382 0.539467 0.516675 0.550851 0.647893 0.854962 0.769469 0.646208 0.689456 0.439566 0.557742 0.608447 0.590945 0.631444 0.628222 0.714592 0.579116 0.378729 0.483876 0.930596 0.661873 0.425510 0.412909 0.842264 0.682463 0.889934 0.722058 0.485004 0.551939 0.554944 0.593095 0.651065 0.681243 0.890733 0.834386 0.951474 0.877163 0.938042 0.928575 0.905993 0.848202 0.347078 0.372805 0.395789 0.457588 0.545798 0.594149 0.380876 0.653889 0.252443 0.250751 0.427359 0.417316 0.437855 0.465971 0.474169 0.437238 0.565787 0.582538 0.857887 0.921449 0.644534 0.433431 0.416126 0.770416 0.623402 0.782367
0.327096 0.418510 0.459024 0.545875 0.965348 0.732711 0.486840 0.445200 0.964175 0.597712 0.000000 0.402830 0.457279 0.524295 0.643365 0.620527 0.469864 0.291996 0.293558 0.234031 0.803712 0.859337 0.672095 0.642978 0.883223 0.731993 0.976392 0.941691 0.407481 0.355222 0.572504 0.530222 0.496183 0.411669 0.843533 0.903627 0.691380 0.847286 0.803298 0.800649 0.837786 0.921270 0.574249 0.526076 0.619725 0.560876 0.583132 0.561240 0.800023 0.740754 0.816727 0.824488 0.866436 0.967784 0.833091 0.903033 0.434476 0.423772 0.598809 0.556321 0.492926 0.553600 0.398653 0.459755 0.687263 0.599221 0.594299 0.485988 0.595597 0.613570 0.680082 0.620428 0.599514 0.593048 0.860695 0.703062 0.527528 0.520550 0.582817 0.456120 0.433759 0.360823 0.670672 0.658181 0.766793 0.712493 0.885925 0.977479 0.981662 0.773366 0.834136 0.858728 0.839834 0.870810 0.650226 0.623454 0.660572 0.935962 0.570639 0.562039 0.718663 0.627511 0.552323 0.584016 0.567201 0.676565 0.866993 0.880024 0.978808 0.825213 0.802517 0.587560 0.655112 0.721999 0.787211 0.947960
0.252926 0.303925 0.507295 0.540310 0.905469 0.622988 0.559018 0.480220 0.995508 0.662558 0.402830 0.000000 0.274664 0.344629 0.327659 0.247546 0.360154 0.282566 0.400596 0.370825 0.660806 0.802487 0.376175 0.417669 0.693431 0.621368 0.983445 0.908362 0.277381 0.251997 0.461943 0.457331 0.374470 0.354833 0.726538 0.948165 0.623199 0.797498 0.754085 0.898232 0.863479 0.830050 0.569389 0.507850 0.622286 0.532741 0.536174 0.411307 0.776347 0.578900 0.675564 0.622565 0.735543 0.760503 0.726813 0.818720 0.474336 0.432517 0.532584 0.430579 0.293160 0.334719 0.281650 0.290094 0.503596 0.403034 0.586651 0.465194 0.575811 0.384371 0.580458 0.545300 0.346156 0.375444 0.681231 0.653105 0.593563 0.431874 0.491728 0.437532 0.306212 0.251401 0.430778 0.477957 0.410301 0.383030 0.818510 0.899090 0.899997 0.542708 0.923126 0.994138 0.865032 0.887898 0.578828 0.691043 0.606634 0.734669 0.634117 0.562071 0.807702 0.751228 0.609449 0.753191 0.439769 0.503329 0.877219 0.962718 0.994689 0.678719 0.893406 0.598156 0.673078 0.726414 0.730088 0.959155
0.315193 0.482138 0.333321 0.370105 0.868878 0.555890 0.417655 0.413229 0.845012 0.644120 0.457279 0.274664 0.000000 0.363290 0.301967 0.282073 0.558190 0.462450 0.403858 0.451174 0.704504 0.870048 0.295557 0.313888 0.610871 0.470485 0.970562 0.988811 0.425318 0.396163 0.431368 0.494365 0.375289 0.408325 0.643882 0.907713 0.623677 0.846561 0.604268 0.798274 0.860437 0.974048 0.468002 0.447604 0.525947 0.445092 0.448827 0.388333 0.738685 0.458138 0.589381 0.524484 0.623205 0.706244 0.589801 0.639531 0.665771 0.603233 0.444924 0.371293 0.213509 0.285626 0.400425 0.458982 0.272263 0.256195 0.476089 0.393043 0.622482 0.475363 0.589123 0.543537 0.388723 0.457537 0.747779 0.673600 0.563485 0.637278 0.502823 0.477109 0.429632 0.289629 0.534743 0.567120 0.375420 0.271817 0.958586 0.789990 0.723167 0.472586 0.815733 0.906337 0.792735 0.979245 0.626779 0.699754 0.550724 0.762036 0.581733 0.516606 0.736000 0.712357 0.666216 0.749355 0.450608 0.554261 0.900595 0.953581 0.755317 0.728554 0.839575 0.554284 0.555840 0.645147 0.681540 0.815164
0.384831 0.477255 0.566086 0.487696 0.939622 0.792372 0.664027 0.543252 0.956942 0.813534 0.524295 0.344629 0.363290 0.000000 0.276127 0.308126 0.607089 0.437200 0.437169 0.441582 0.673830 0.749687 0.423902 0.381842 0.663660 0.576366 0.920069 0.970185 0.342349 0.365078 0.491358 0.513915 0.444186 0.473111 0.827811 0.977329 0.640980 0.917934 0.756584 0.797575 0.919669 0.804049 0.643645 0.633027 0.795507 0.690810 0.560243 0.617509 0.944666 0.822093 0.896259 0.810374 0.883167 0.994845 0.627319 0.832337 0.638209 0.616634 0.650143 0.627703 0.449850 0.452731 0.507171 0.505244 0.455483 0.409482 0.669556 0.589655 0.660530 0.498088 0.666259 0.694479 0.459139 0.563840 0.836334 0.654993 0.622422 0.622217 0.615825 0.530109 0.498014 0.344384 0.440282 0.369633 0.417409 0.319024 0.991881 0.834374 0.842175 0.463018 0.943172 0.973291 0.884965 0.911503 0.623846 0.743856 0.735236 0.691772 0.736995 0.665126 0.785812 0.850830 0.741076 0.825503 0.597899 0.667962 0.953657 0.984957 0.966787 0.711088 0.960923 0.680642 0.707683 0.723718 0.775281 0.960728
0.442454 0.553308 0.483281 0.455808 0.906451 0.674292 0.574915 0.551888 0.947996 0.751058 0.643365 0.327659 0.301967 0.276127 0.000000 0.244016 0.604730 0.514829 0.488109 0.555120 0.717187 0.786948 0.246447 0.300216 0.522831 0.514100 0.982282 0.916905 0.433877 0.409826 0.368794 0.387219 0.365153 0.437747 0.682815 0.981752 0.679749 0.960241 0.695873 0.923636 0.926364 0.953963 0.566250 0.567848 0.681357 0.588544 0.494753 0.517354 0.836836 0.717387 0.820419 0.706359 0.814484 0.932849 0.592192 0.691133 0.760116 0.744686 0.623761 0.613847 0.387842 0.459389 0.530206 0.567766 0.383212 0.387480 0.600044 0.554804 0.684979 0.559272 0.608066 0.677924 0.403088 0.517335 0.746571 0.731071 0.619501 0.652580 0.508933 0.566226 0.477894 0.386333 0.439612 0.473611 0.350824 0.270487 0.999114 0.834403 0.932372 0.552574 0.962213 0.907718 0.959178 0.827213 0.682724 0.752947 0.642536 0.715890 0.732463 0.648929 0.891881 0.888650 0.837766 0.894822 0.524810 0.622001 0.987242 0.928595 0.866843 0.716478 0.918948 0.688749 0.670526 0.790631 0.745277 0.987980
0.429419 0.493745 0.520147 0.454710 0.814575 0.514964 0.554378 0.532298 0.924335 0.719011 0.620527 0.247546 0.282073 0.308126 0.244016 0.000000 0.549843 0.461145 0.432088 0.524066 0.688859 0.685102 0.255762 0.288777 0.565110 0.527647 0.955422 0.829845 0.382208 0.375775 0.448544 0.443516 0.353922 0.406596 0.734804 0.981745 0.714951 0.914376 0.755867 0.886276 0.949554 0.864440 0.483166 0.464735 0.638700 0.535387 0.514451 0.446105 0.777271 0.594231 0.671914 0.563755 0.667873 0.709409 0.650841 0.725019 0.691614 0.658662 0.567208 0.547354 0.363278 0.427150 0.445654 0.467974 0.396073 0.362163 0.573077 0.525794 0.697494 0.464979 0.529667 0.552577 0.369563 0.408204 0.657581 0.666242 0.568605 0.595982 0.520280 0.498019 0.444684 0.346372 0.532650 0.514726 0.347179 0.263781 0.840360 0.892890 0.901320 0.572198 0.830261 0.912850 0.822493 0.952722 0.629709 0.674293 0.626852 0.684791 0.666758 0.559223 0.838552 0.744612 0.739106 0.811880 0.459329 0.562691 0.918989 0.996342 0.949923 0.714757 0.853650 0.587808 0.569461 0.708014 0.694676 0.900237
0.262287 0.198067 0.664976 0.713773 0.935177 0.905969 0.589094 0.523764 0.992776 0.593660 0.469864 0.360154 0.558190 0.607089 0.604730 0.549843 0.000000 0.195428 0.383102 0.349876 0.731199 0.794679 0.562783 0.709116 0.786886 0.799417 0.871494 0.920656 0.290746 0.296215 0.537350 0.477154 0.414672 0.368212 0.800077 0.744496 0.655671 0.676794 0.881842 0.821235 0.802376 0.585266 0.485848 0.448859 0.540395 0.487217 0.523867 0.408367 0.629405 0.614333 0.645796 0.704671 0.765703 0.871907 0.772756 0.909439 0.173756 0.227563 0.404227 0.481550 0.482803 0.547563 0.211690 0.228030 0.725407 0.683237 0.565792 0.477586 0.462591 0.366159 0.527653 0.501611 0.505882 0.516824 0.807777 0.667915 0.510144 0.406132 0.402606 0.497498 0.212209 0.395063 0.455642 0.516250 0.604811 0.683877 0.798485 0.787471 0.984341 0.794335 0.880867 0.903269 0.835484 0.983067 0.593133 0.726433 0.624076 0.617138 0.519565 0.498243 0.851681 0.726470 0.459243 0.549918 0.497566 0.511524 0.818819 0.815366 0.926623 0.656947 0.769531 0.552508 0.686276 0.767841 0.705314 0.917751
0.206740 0.232773 0.551082 0.599801 0.997562 0.841500 0.503544 0.453126 0.988773 0.577501 0.291996 0.282566 0.462450 0.437200 0.514829 0.461145 0.195428 0.000000 0.265910 0.220482 0.728785 0.748770 0.518844 0.604869 0.781379 0.691007 0.950906 0.907817 0.214588 0.195983 0.497005 0.422406 0.361482 0.280768 0.766937 0.863128 0.605606 0.717658 0.811838 0.749367 0.806088 0.683965 0.458706 0.396494 0.564346 0.466991 0.521402 0.404381 0.663928 0.628459 0.691225 0.723085 0.761331 0.881749 0.755701 0.882660 0.214332 0.229594 0.449202 0.484615 0.426244 0.517333 0.192232 0.225092 0.668880 0.595365 0.543516 0.423820 0.485157 0.424219 0.502690 0.499101 0.484716 0.461470 0.819747 0.587650 0.457856 0.386056 0.421991 0.366939 0.225977 0.262424 0.438705 0.493084 0.565869 0.598327 0.793045 0.875261 0.964103 0.729503 0.830129 0.841309 0.795243 0.929582 0.528566 0.662540 0.618775 0.701956 0.493418 0.470306 0.762424 0.634559 0.450994 0.542741 0.449715 0.506883 0.847528 0.840949 0.978086 0.704768 0.813091 0.521847 0.627509 0.712802 0.725280 0.967911
0.316581 0.406130 0.426130 0.426568 0.962711 0.712689 0.365787 0.373359 0.855202 0.488142 0.293558 0.400596 0.403858 0.437169 0.488109 0.432088 0.383102 0.265910 0.000000 0.263616 0.723448 0.719468 0.466625 0.484183 0.740268 0.645850 0.940791 0.932277 0.310555 0.288867 0.446432 0.370774 0.333300 0.281284 0.814793 0.779815 0.627062 0.892544 0.784820 0.770897 0.954305 0.768198 0.355126 0.338675 0.495184 0.418872 0.413862 0.402773 0.612059 0.611321 0.716083 0.699176 0.746665 0.893135 0.825870 0.840103 0.406267 0.457199 0.449291 0.527064 0.458856 0.579488 0.348002 0.456492 0.578170 0.530388 0.474192 0.474913 0.604112 0.517410 0.474895 0.477259 0.568055 0.537181 0.777439 0.598436 0.413043 0.482174 0.504462 0.385923 0.408741 0.377460 0.696641 0.587930 0.668713 0.621329 0.906948 0.935360 0.972553 0.799503 0.698542 0.726022 0.736222 0.771013 0.603732 0.557899 0.562064 0.713194 0.425806 0.376253 0.642359 0.554766 0.495275 0.493627 0.478422 0.577429 0.868276 0.851664 0.875426 0.847376 0.736045 0.482142 0.472915 0.695454 0.658783 0.842971
0.256067 0.330652 0.485839 0.513025 0.941386 0.770412 0.449010 0.357966 0.865856 0.474423 0.234031 0.370825 0.451174 0.441582 0.555120 0.524066 0.349876 0.220482 0.263616 0.000000 0.738458 0.756273 0.539929 0.598205 0.866139 0.726354 0.864938 0.921761 0.312103 0.275916 0.501638 0.400595 0.390766 0.297639 0.723502 0.789451 0.637213 0.780047 0.786906 0.841967 0.822337 0.811951 0.475284 0.425125 0.550135 0.493437 0.502556 0.430971 0.673500 0.661910 0.768020 0.778787 0.790120 0.959224 0.792575 0.852357 0.341550 0.344245 0.475273 0.522601 0.467510 0.510690 0.327656 0.356680 0.670978 0.580544 0.535174 0.472385 0.557730 0.456042 0.575382 0.535470 0.582393 0.587031 0.789335 0.636338 0.481877 0.498728 0.531622 0.416023 0.374746 0.322559 0.573353 0.589849 0.725068 0.674441 0.895554 0.925248 0.947312 0.696427 0.775278 0.783855 0.760349 0.846644 0.538436 0.636156 0.563193 0.711998 0.474957 0.463906 0.622149 0.559677 0.476247 0.505525 0.494072 0.573346 0.868164 0.842121 0.904572 0.761449 0.699172 0.539083 0.594972 0.724707 0.693886 0.904342
0.688694 0.741454 0.739112 0.668883 0.969322 0.875801 0.781597 0.758780 0.971661 0.938737 0.803712 0.660806 0.704504 0.673830 0.717187 0.688859 0.731199 0.728785 0.723448 0.738458 0.000000 0.813332 0.649832 0.665047 0.745938 0.771521 0.955349 0.915872 0.739627 0.686846 0.650040 0.731862 0.657313 0.624816 0.750325 0.965585 0.662886 0.870050 0.733320 0.829805 0.882292 0.951683 0.754433 0.777433 0.764135 0.726344 0.620513 0.686846 0.882640 0.816142 0.856382 0.830153 0.854843 0.991485 0.848714 0.830621 0.771631 0.777161 0.725290 0.656655 0.641557 0.675108 0.649257 0.711800 0.680743 0.657581 0.752288 0.699798 0.891351 0.722915 0.828461 0.804730 0.691871 0.760827 0.721721 0.781153 0.848711 0.783825 0.788765 0.769149 0.750835 0.690281 0.673084 0.624661 0.712553 0.673896 0.976512 0.798324 0.873170 0.705337 0.980681 0.929573 0.949963 0.868511 0.940886 0.722268 0.822693 0.903246 0.867304 0.717497 0.996998 0.981765 0.717119 0.789262 0.847503 0.742456 0.984181 0.922853 0.966535 0.891814 0.998048 0.890759 0.897219 0.799428 0.791053 0.888669
0.844252 0.857149 0.827631 0.779565 0.931694 0.776481 0.800951 0.802034 0.865285 0.856143 0.859337 0.802487 0.870048 0.749687 0.786948 0.685102 0.794679 0.748770 0.719468 0.756273 0.813332 0.000000 0.793566 0.767275 0.922839 0.842325 0.836388 0.802090 0.749900 0.798394 0.752503 0.662871 0.737018 0.710097 0.833230 0.934391 0.992273 0.763013 0.945195 0.949882 0.932820 0.973295 0.743221 0.755838 0.833902 0.799629 0.869535 0.812208 0.898773 0.903240 0.937586 0.892975 0.910222 0.950340 0.972710 0.932919 0.869552 0.860147 0.861406 0.913406 0.912516 0.974926 0.815253 0.875780 0.904481 0.842639 0.818628 0.827276 0.984241 0.868855 0.769027 0.780130 0.851964 0.773036 0.969490 0.987904 0.867378 0.768281 0.932045 0.751573 0.861185 0.855499 0.887003 0.942437 0.930630 0.849992 0.922419 0.984210 0.984653 0.993578 0.816411 0.882721 0.881342 0.879997 0.837094 0.806633 0.955325 0.877577 0.821762 0.760296 0.883543 0.826019 0.828499 0.625944 0.792777 0.842039 0.963729 0.969197 0.929907 0.838398 0.925081 0.893893 0.789935 0.782787 0.896419 0.984469
0.439099 0.526538 0.321504 0.303541 0.804701 0.608713 0.332166 0.357223 0.721799 0.529414 0.672095 0.376175 0.295557 0.423902 0.246447 0.255762 0.562783 0.518844 0.466625 0.539929 0.649832 0.793566 0.000000 0.260708 0.528191 0.441207 0.914550 0.936159 0.490264 0.427592 0.254682 0.366580 0.246480 0.325135 0.502155 0.785021 0.548916 0.856251 0.639519 0.849965 0.936157 0.899839 0.338427 0.358286 0.379353 0.346092 0.348982 0.333353 0.574628 0.472073 0.521872 0.433001 0.520425 0.668819 0.505325 0.561018 0.706582 0.690202 0.397912 0.418567 0.266124 0.320822 0.458576 0.469031 0.273952 0.277807 0.318679 0.326107 0.734394 0.466658 0.354794 0.396343 0.411142 0.436439 0.709670 0.714200 0.412815 0.631088 0.417187 0.524178 0.439704 0.412226 0.483341 0.512933 0.372778 0.311507 0.966979 0.985828 0.787017 0.556401 0.672992 0.811335 0.641806 0.942521 0.535458 0.650582 0.415712 0.601207 0.484327 0.430872 0.736998 0.710410 0.598615 0.705742 0.328650 0.386758 0.718277 0.840329 0.750878 0.709374 0.691895 0.493801 0.504534 0.659069 0.553746 0.833228
0.536292 0.652421 0.374190 0.337088 0.840435 0.675659 0.477982 0.461115 0.803142 0.666084 0.642978 0.417669 0.313888 0.381842 0.300216 0.288777 0.709116 0.604869 0.484183 0.598205 0.665047 0.767275 0.260708 0.000000 0.549523 0.483063 0.915790 0.863362 0.533414 0.454964 0.383614 0.436532 0.416377 0.417340 0.686045 0.980657 0.691074 0.936182 0.637587 0.857100 0.984643 0.972495 0.514268 0.529652 0.605882 0.531508 0.485517 0.497515 0.734299 0.627301 0.697840 0.602388 0.717872 0.781981 0.647174 0.615436 0.850321 0.835490 0.595430 0.573561 0.376812 0.449856 0.603393 0.620364 0.368003 0.320905 0.519681 0.516663 0.829603 0.617473 0.573958 0.599088 0.432460 0.530004 0.801014 0.760447 0.583874 0.697573 0.569545 0.545943 0.560350 0.465958 0.638347 0.577160 0.469040 0.365148 0.941437 0.882254 0.832214 0.613779 0.774935 0.895490 0.794600 0.980966 0.616657 0.794803 0.556884 0.659626 0.661354 0.570904 0.755031 0.876947 0.737580 0.841109 0.576388 0.635511 0.840240 0.906460 0.767560 0.739972 0.813349 0.623068 0.581041 0.654451 0.727518 0.911873
0.677573 0.821932 0.645803 0.755374 0.928381 0.851068 0.786193 0.899963 0.977732 0.923972 0.883223 0.693431 0.610871 0.663660 0.522831 0.565110 0.786886 0.781379 0.740268 0.866139 0.745938 0.922839 0.528191 0.549523 0.000000 0.452416 0.776872 0.914401 0.718370 0.685496 0.472649 0.535053 0.638790 0.726277 0.629855 0.907174 0.646927 0.853892 0.617898 0.794032 0.972656 0.931358 0.727995 0.715903 0.773453 0.714760 0.648198 0.663903 0.930981 0.890559 0.818606 0.797112 0.850886 0.992292 0.703045 0.810063 0.910366 0.934752 0.759860 0.737440 0.607947 0.755778 0.731395 0.800052 0.493802 0.635170 0.693745 0.739221 0.749074 0.709793 0.858044 0.909005 0.470564 0.659241 0.700605 0.998219 0.786586 0.905964 0.714695 0.674748 0.733268 0.722693 0.617415 0.779077 0.519759 0.486977 0.864409 0.960546 0.992964 0.781466 0.782525 0.680153 0.792871 0.727827 0.847077 0.893201 0.745077 0.981140 0.975511 0.975753 0.774600 0.999712 0.975956 0.919264 0.794807 0.846129 0.957455 0.957643 0.899018 0.803925 0.895401 0.882584 0.919551 0.892856 0.712441 0.918229
0.642643 0.775382 0.400724 0.446635 0.987064 0.614286 0.496406 0.606615 0.720132 0.760929 0.731993 0.621368 0.470485 0.576366 0.514100 0.527647 0.799417 0.691007 0.645850 0.726354 0.771521 0.842325 0.441207 0.483063 0.452416 0.000000 0.888592 0.994991 0.713949 0.627635 0.338433 0.487354 0.456730 0.509014 0.577954 0.883460 0.676601 0.883973 0.582200 0.565202 0.994666 0.913650 0.492077 0.450407 0.559065 0.511987 0.555238 0.515776 0.749297 0.609934 0.558901 0.521615 0.549501 0.668043 0.602651 0.673643 0.941825 0.882724 0.596478 0.604092 0.484625 0.568952 0.657014 0.735493 0.381297 0.409410 0.469379 0.476251 0.934996 0.729447 0.655872 0.520465 0.475802 0.469466 0.788544 0.823678 0.583814 0.838113 0.635671 0.525900 0.721464 0.592319 0.659432 0.732849 0.582584 0.445076 0.865435 0.923303 0.766837 0.618799 0.777278 0.933629 0.825233 0.829206 0.710090 0.842185 0.566414 0.825604 0.648555 0.652282 0.839172 0.691944 0.732358 0.744309 0.468361 0.712770 0.744369 0.790284 0.948537 0.744326 0.871292 0.706926 0.592272 0.784859 0.597158 0.824524
0.879475 0.781503 0.976950 0.941104 0.882021 0.881250 0.917351 0.781259 0.938313 0.881659 0.976392 0.983445 0.970562 0.920069 0.982282 0.955422 0.871494 0.950906 0.940791 0.864938 0.955349 0.836388 0.914550 0.915790 0.776872 0.888592 0.000000 0.791157 0.940253 0.866697 0.815479 0.949585 0.908560 0.872545 0.853987 0.641015 0.821192 0.823287 0.981308 0.806449 0.799307 0.923860 0.942241 0.944366 0.844833 0.919726 0.928418 0.928649 0.932720 0.945054 0.921248 0.954585 0.990361 0.937122 0.991497 0.972220 0.779957 0.781783 0.886941 0.893028 0.920060 0.877396 0.863068 0.793383 0.945395 0.980709 0.846401 0.827422 0.887009 0.815404 0.737094 0.775692 0.964564 0.866196 0.866344 0.983217 0.928140 0.830991 0.967574 0.894121 0.815225 0.992326 0.967450 0.858907 0.850472 0.842467 0.893167 0.851709 0.755274 0.933993 0.822932 0.904771 0.774866 0.963337 0.803491 0.971627 0.796644 0.620112 0.801460 0.885322 0.747230 0.984663 0.691694 0.806810 0.892102 0.775540 0.792307 0.822486 0.808666 0.912249 0.827366 0.888050 0.881271 0.975466 0.902193 0.889639
0.962154 0.963148 0.829611 0.873283 0.956089 0.616808 0.867129 0.841949 0.944411 0.862774 0.941691 0.908362 0.988811 0.970185 0.916905 0.829845 0.920656 0.907817 0.932277 0.921761 0.915872 0.802090 0.936159 0.863362 0.914401 0.994991 0.791157 0.000000 0.917004 0.967292 0.921842 0.964076 0.988044 0.987940 0.992178 0.817764 0.842010 0.875817 0.963141 0.984315 0.995347 0.979320 0.952001 0.996788 0.834137 0.922271 0.886539 0.957779 0.879723 0.972322 0.928882 0.974701 0.994652 0.999099 0.845786 0.776086 0.924042 0.910619 0.975631 0.989343 0.926357 0.882616 0.916010 0.944175 0.841483 0.807498 0.825573 0.867563 0.882052 0.974812 0.976534 0.887571 0.919143 0.980156 0.911924 0.977605 0.939792 0.927079 0.965446 0.896245 0.954692 0.977868 0.963767 0.987102 0.989890 0.946442 0.732338 0.972840 0.769664 0.938534 0.892661 0.850107 0.795014 0.900532 0.953854 0.803657 0.886791 0.907342 0.917418 0.986718 0.701766 0.947617 0.920013 0.910315 0.996743 0.921050 0.826851 0.659916 0.826638 0.999458 0.857985 0.885281 0.904907 0.970022 0.946309 0.946512
0.238144 0.271999 0.627164 0.599954 0.936975 0.805806 0.615036 0.529565 0.908362 0.703242 0.407481 0.277381 0.425318 0.342349 0.433877 0.382208 0.290746 0.214588 0.310555 0.312103 0.739627 0.749900 0.490264 0.533414 0.718370 0.713949 0.940253 0.917004 0.000000 0.214153 0.507107 0.444567 0.423533 0.344299 0.753996 0.885260 0.552975 0.756638 0.809752 0.829238 0.743243 0.754375 0.568803 0.519254 0.656739 0.573905 0.558333 0.474077 0.744582 0.716072 0.807207 0.801989 0.867149 0.973274 0.661230 0.826892 0.328722 0.349621 0.556034 0.527316 0.443300 0.497954 0.277684 0.295102 0.627465 0.551560 0.621401 0.525652 0.485111 0.391743 0.544847 0.587038 0.459867 0.512818 0.743005 0.695401 0.474369 0.432179 0.589736 0.453231 0.251809 0.269035 0.462121 0.400416 0.459881 0.498938 0.808163 0.993404 0.968165 0.566922 0.946652 0.944291 0.878033 0.966492 0.596383 0.732577 0.692684 0.717038 0.608264 0.565036 0.806480 0.772440 0.621968 0.640430 0.541200 0.610510 0.996626 0.951393 0.992024 0.641409 0.812416 0.561152 0.695097 0.675299 0.751993 0.960083
0.237586 0.281954 0.529856 0.562349 0.954044 0.819570 0.533324 0.476153 0.933588 0.613424 0.355222 0.251997 0.396163 0.365078 0.409826 0.375775 0.296215 0.195983 0.288867 0.275916 0.686846 0.798394 0.427592 0.454964 0.685496 0.627635 0.866697 0.967292 0.214153 0.000000 0.407404 0.390661 0.341217 0.264986 0.713461 0.794758 0.562439 0.718768 0.693516 0.899615 0.802238 0.799233 0.505075 0.423699 0.590431 0.497583 0.505658 0.403191 0.718187 0.634929 0.744840 0.720930 0.793343 0.902921 0.650753 0.812105 0.350044 0.336484 0.554770 0.515517 0.408165 0.464964 0.275064 0.272990 0.603006 0.528462 0.552782 0.459057 0.437477 0.377834 0.514279 0.517855 0.385536 0.374944 0.774897 0.585506 0.509381 0.441967 0.498326 0.423130 0.267692 0.242703 0.458677 0.376329 0.542949 0.541701 0.892382 0.966520 0.955925 0.649042 0.911691 0.959264 0.887519 0.928419 0.481555 0.678816 0.542156 0.647651 0.557932 0.516480 0.738032 0.681131 0.514061 0.661994 0.515218 0.537276 0.872535 0.910041 0.923508 0.662915 0.788805 0.556063 0.627383 0.728631 0.752968 0.917243
0.408739 0.490680 0.287272 0.321223 0.913265 0.701238 0.321560 0.379389 0.695458 0.571330 0.572504 0.461943 0.431368 0.491358 0.368794 0.448544 0.537350 0.497005 0.446432 0.501638 0.650040 0.752503 0.254682 0.383614 0.472649 0.338433 0.815479 0.921842 0.507107 0.407404 0.000000 0.293428 0.234885 0.284284 0.449303 0.675512 0.515378 0.686862 0.593352 0.795867 0.906192 0.858536 0.327094 0.303073 0.303860 0.290284 0.316003 0.310978 0.525166 0.511899 0.480823 0.453411 0.513697 0.715986 0.555520 0.618202 0.636549 0.633800 0.410023 0.404003 0.312066 0.384731 0.442870 0.476135 0.351046 0.348168 0.257792 0.286874 0.739224 0.479283 0.384686 0.375468 0.372255 0.373489 0.696638 0.750239 0.414283 0.582974 0.441009 0.462075 0.473286 0.503005 0.489539 0.550534 0.561834 0.477751 0.885092 0.895927 0.838923 0.582336 0.751936 0.913480 0.744997 0.912071 0.571166 0.690088 0.366075 0.680739 0.461577 0.480689 0.684396 0.657627 0.543645 0.586516 0.380474 0.455604 0.648995 0.716694 0.806811 0.717381 0.636634 0.554306 0.503673 0.638358 0.453343 0.891772
0.419204 0.568265 0.415880 0.452797 0.943578 0.721601 0.434187 0.452696 0.803266 0.548024 0.530222 0.457331 0.494365 0.513915 0.387219 0.443516 0.477154 0.422406 0.370774 0.400595 0.731862 0.662871 0.366580 0.436532 0.535053 0.487354 0.949585 0.964076 0.444567 0.390661 0.293428 0.000000 0.317480 0.366464 0.623878 0.799101 0.603668 0.842076 0.657906 0.844861 0.839543 0.807810 0.434046 0.426128 0.517643 0.513990 0.493942 0.439728 0.742318 0.786496 0.802202 0.778558 0.832078 0.986636 0.717841 0.765619 0.590985 0.666543 0.599437 0.679568 0.516443 0.627570 0.505411 0.559883 0.547899 0.538284 0.477243 0.520292 0.650849 0.566646 0.549586 0.518333 0.445253 0.497772 0.675828 0.841722 0.535015 0.565346 0.554718 0.505187 0.494237 0.455639 0.642916 0.659433 0.647733 0.578666 0.998712 0.999187 0.957852 0.745006 0.815643 0.921903 0.834211 0.947424 0.650601 0.715536 0.495626 0.755482 0.554226 0.530029 0.749297 0.691718 0.605537 0.582379 0.540455 0.612633 0.886649 0.839239 0.963768 0.716808 0.698965 0.589736 0.540534 0.716354 0.577637 0.868423
0.338035 0.419330 0.331555 0.340225 0.929282 0.666119 0.290049 0.314219 0.749371 0.469456 0.496183 0.374470 0.375289 0.444186 0.365153 0.353922 0.414672 0.361482 0.333300 0.390766 0.657313 0.737018 0.246480 0.416377 0.638790 0.456730 0.908560 0.988044 0.423533 0.341217 0.234885 0.317480 0.000000 0.236752 0.585533 0.657289 0.540008 0.740245 0.717909 0.784309 0.902338 0.763431 0.266307 0.241315 0.315191 0.272457 0.305260 0.288615 0.533491 0.465639 0.474556 0.433452 0.504493 0.667113 0.584925 0.584537 0.515356 0.490850 0.356472 0.371726 0.297248 0.342753 0.336006 0.388238 0.361909 0.336285 0.259102 0.266779 0.711000 0.415646 0.308379 0.321625 0.447481 0.384885 0.757133 0.678596 0.320793 0.538871 0.346482 0.441024 0.387116 0.386241 0.478572 0.534167 0.497148 0.428324 0.964523 0.877666 0.902774 0.644516 0.603695 0.725880 0.593510 0.821499 0.559301 0.585734 0.381539 0.611025 0.355439 0.341948 0.588152 0.533977 0.507992 0.542518 0.293047 0.344953 0.726664 0.678943 0.891875 0.683002 0.629218 0.479292 0.413420 0.651987 0.475753 0.851478
0.294528 0.364277 0.346495 0.352436 0.933854 0.624888 0.266353 0.286697 0.683036 0.406846 0.411669 0.354833 0.408325 0.473111 0.437747 0.406596 0.368212 0.280768 0.281284 0.297639 0.624816 0.710097 0.325135 0.417340 0.726277 0.509014 0.872545 0.987940 0.344299 0.264986 0.284284 0.366464 0.236752 0.000000 0.545508 0.730154 0.555134 0.705029 0.763222 0.789857 0.866113 0.840973 0.276902 0.222757 0.316182 0.260121 0.340183 0.295119 0.474822 0.440982 0.495934 0.469633 0.512902 0.691740 0.609035 0.631678 0.441766 0.454793 0.354913 0.389740 0.315052 0.394576 0.301114 0.351159 0.451629 0.383546 0.297192 0.273495 0.705657 0.418210 0.386959 0.367278 0.501199 0.434343 0.760032 0.599456 0.343089 0.493958 0.398590 0.358592 0.341712 0.344953 0.548076 0.495326 0.555351 0.535862 0.914137 0.820068 0.954035 0.699757 0.628628 0.681406 0.608642 0.750745 0.460044 0.621323 0.435502 0.617171 0.340309 0.335303 0.599761 0.550073 0.437695 0.457053 0.327415 0.408173 0.661690 0.678415 0.861312 0.727791 0.654557 0.407996 0.434379 0.633245 0.480254 0.873423
0.628071 0.707654 0.525270 0.603186 0.937707 0.730347 0.532874 0.608046 0.757492 0.779200 0.843533 0.726538 0.643882 0.827811 0.682815 0.734804 0.800077 0.766937 0.814793 0.723502 0.750325 0.833230 0.502155 0.686045 0.629855 0.577954 0.853987 0.992178 0.753996 0.713461 0.449303 0.623878 0.585533 0.545508 0.000000 0.759597 0.581929 0.688408 0.725572 0.813454 0.886845 0.891796 0.578047 0.582702 0.451449 0.519306 0.644803 0.563604 0.681995 0.588294 0.585399 0.558327 0.600752 0.734666 0.640778 0.646830 0.797747 0.746936 0.575152 0.515071 0.509384 0.570272 0.626253 0.618615 0.600164 0.606835 0.468401 0.465891 0.822247 0.661960 0.566528 0.593894 0.683903 0.648489 0.852179 0.954031 0.687111 0.782899 0.665055 0.707287 0.675803 0.752557 0.744249 0.882534 0.720296 0.716328 0.835316 0.764925 0.796927 0.766863 0.809662 0.934574 0.717920 0.870832 0.562392 0.828778 0.567392 0.771773 0.582143 0.693918 0.844577 0.852495 0.748717 0.718521 0.536738 0.550489 0.730196 0.702078 0.693841 0.751423 0.614165 0.654317 0.766981 0.791534 0.698295 0.802798
0.799930 0.681717 0.747562 0.721194 0.996718 0.998006 0.639300 0.605796 0.734527 0.602670 0.903627 0.948165 0.907713 0.977329 0.981752 0.981745 0.744496 0.863128 0.779815 0.789451 0.965585 0.934391 0.785021 0.980657 0.907174 0.883460 0.641015 0.817764 0.885260 0.794758 0.675512 0.799101 0.657289 0.730154 0.759597 0.000000 0.834954 0.559785 0.937350 0.901029 0.912142 0.825359 0.609456 0.621358 0.499332 0.629345 0.692401 0.668222 0.613833 0.644550 0.653694 0.662953 0.736220 0.766357 0.849314 0.870276 0.720173 0.693775 0.627481 0.695515 0.798276 0.699908 0.771512 0.698436 0.845407 0.827994 0.528672 0.581340 0.885367 0.665619 0.520698 0.476020 0.894420 0.804371 0.985414 0.998087 0.640003 0.697056 0.747571 0.965691 0.789402 0.926682 0.886954 0.853331 0.921779 0.966494 0.920965 0.838878 0.927049 0.920987 0.629502 0.666872 0.611287 0.688998 0.767421 0.740278 0.618716 0.620516 0.533764 0.585057 0.585783 0.559415 0.613536 0.638556 0.643712 0.631813 0.599464 0.675283 0.801863 0.916543 0.560363 0.677026 0.666853 0.709379 0.594605 0.711200
0.476799 0.618608 0.595920 0.638862 0.875647 0.975316 0.635087 0.645681 0.975049 0.878739 0.691380 0.623199 0.623677 0.640980 0.679749 0.714951 0.655671 0.605606 0.627062 0.637213 0.662886 0.992273 0.548916 0.691074 0.646927 0.676601 0.821192 0.842010 0.552975 0.562439 0.515378 0.603668 0.540008 0.555134 0.581929 0.834954 0.000000 0.747937 0.670445 0.812643 0.777694 0.902724 0.672300 0.644515 0.609761 0.620326 0.592374 0.572107 0.838600 0.755431 0.755857 0.782387 0.799172 0.951932 0.727536 0.792338 0.633978 0.660548 0.650460 0.603231 0.536749 0.570655 0.559114 0.581505 0.587114 0.609466 0.575859 0.520338 0.768334 0.626599 0.616569 0.708651 0.607676 0.617176 0.832805 0.872375 0.502502 0.743990 0.698795 0.775373 0.584683 0.634366 0.683239 0.756115 0.650806 0.682637 0.988836 0.794057 0.858431 0.731172 0.946235 0.959707 0.815907 0.987437 0.668497 0.729922 0.696133 0.857670 0.706646 0.714805 0.946996 0.873411 0.619194 0.720502 0.540864 0.632599 0.914130 0.796443 0.893230 0.743754 0.827854 0.630050 0.738832 0.849365 0.658132 0.820903
0.682549 0.620390 0.786517 0.853450 0.968163 0.826249 0.814107 0.803555 0.901657 0.905732 0.847286 0.797498 0.846561 0.917934 0.960241 0.914376 0.676794 0.717658 0.892544 0.780047 0.870050 0.763013 0.856251 0.936182 0.853892 0.883973 0.823287 0.875817 0.756638 0.718768 0.686862 0.842076 0.740245 0.705029 0.688408 0.559785 0.747937 0.000000 0.846658 0.988991 0.850876 0.983172 0.739474 0.691515 0.608618 0.620099 0.714276 0.710127 0.703230 0.613041 0.574837 0.634440 0.659614 0.690485 0.744112 0.764803 0.638420 0.588762 0.680469 0.622788 0.680283 0.700083 0.594608 0.589542 0.794927 0.798214 0.656867 0.588563 0.852347 0.655247 0.674327 0.705692 0.731321 0.691867 0.919434 0.992532 0.880577 0.665163 0.820073 0.905046 0.715277 0.854605 0.706357 0.890686 0.885430 0.889098 0.898786 0.918688 0.965833 0.926215 0.946379 0.944835 0.875612 0.969245 0.795794 0.848348 0.829908 0.803559 0.755650 0.816371 0.831549 0.745100 0.681007 0.775530 0.763120 0.668956 0.780394 0.766847 0.981505 0.861194 0.663673 0.759789 0.884596 0.809971 0.682066 0.802332
