0.000000 0.691410 0.780369 0.842786 0.921199 0.915694 0.912135 0.842052 0.862568 0.894823 0.625741 0.858695 0.882629 0.878594 0.972772 0.965057 0.700573 0.572682 0.863401 0.876914 0.938232 0.955322 0.935918 0.910076 0.924956 0.979372 0.876822 0.837079 0.779985 0.773730 0.912334 0.802308 0.816836 0.694052 0.975125 0.848157 0.916725 0.933157 0.870742 0.940126 0.856520 0.707322 0.781173 0.730946 0.710742 0.623473 0.815688 0.678948 0.665580 0.685112 0.640989 0.592188 0.714713 0.835489 0.908653 0.710741 0.624612 0.678622 0.680929 0.700116 0.771427 0.983887 0.649444 0.602980 0.820263 0.866817 0.805031 0.822610 0.894130 0.778180 0.971925 0.987250 0.988086 0.950224 0.889089 0.981930 0.936782 0.967396 0.690822 0.941060 0.533609 0.692648 0.829455 0.649749 0.995631 0.997969 0.913923 0.993119 0.998802 0.855842 0.997531 0.819246 0.995882 0.794675 0.921373 0.942987 0.879995 0.858993 0.741714 0.923782 0.953807 0.930320 0.720560 0.750897 0.971278 0.893093 0.980710 0.821105 0.928538 0.968599 0.921011 0.960850 0.882549 0.844311 0.855930 0.951674
0.691410 0.000000 0.851662 0.891693 0.842465 0.893912 0.826476 0.947339 0.667274 0.613684 0.999433 0.833735 0.935891 0.967475 0.920727 0.959409 0.767266 0.658575 0.912781 0.942300 0.923987 0.905117 0.843144 0.970243 0.785528 0.716075 0.971930 0.716350 0.965177 0.947828 0.948522 0.988154 0.904046 0.860003 0.816386 0.778179 0.936167 0.980448 0.868690 0.721286 0.747946 0.695103 0.656993 0.686083 0.905109 0.778779 0.610100 0.768945 0.934596 0.862989 0.738322 0.635341 0.902447 0.964647 0.786439 0.749027 0.601797 0.565368 0.684245 0.714141 0.998230 0.805776 0.756221 0.784350 0.996553 0.833303 0.670866 0.636599 0.841154 0.808449 0.945519 0.893689 0.934674 0.970101 0.907984 0.896976 0.912925 0.813477 0.869876 0.801374 0.734420 0.622531 0.797046 0.643538 0.899803 0.685940 0.986144 0.987131 0.953833 0.831737 0.986628 0.876989 0.739737 0.916830 0.887777 0.992230 0.887918 0.980588 0.997367 0.934605 0.922482 0.898072 0.949751 0.922194 0.869314 0.821483 0.981723 0.910272 0.910568 0.933546 0.989692 0.937650 0.923274 0.914698 0.756959 0.978185
0.780369 0.851662 0.000000 0.585395 0.888009 0.941743 0.625755 0.637089 0.754594 0.861585 0.948085 0.837585 0.752835 0.817163 0.852025 0.722382 0.808411 0.824708 0.847578 0.879528 0.768881 0.867014 0.697771 0.636014 0.717657 0.984352 0.905704 0.879350 0.985654 0.993193 0.825676 0.960155 0.892073 0.975055 0.991395 0.924013 0.949873 0.902808 0.795771 0.998592 0.928623 0.952703 0.993555 0.882686 0.809252 0.705241 0.925301 0.922049 0.682561 0.712002 0.690880 0.709555 0.918913 0.857291 0.902289 0.795795 0.802575 0.631142 0.629365 0.696579 0.902695 0.650420 0.640001 0.701037 0.577032 0.729972 0.932969 0.854642 0.964824 0.779067 0.841066 0.835163 0.924542 0.902510 0.985989 0.842883 0.994214 0.988660 0.956300 0.952129 0.731899 0.996891 0.934980 0.919959 0.818614 0.811943 0.880966 0.990830 0.679759 0.924732 0.928110 0.715203 0.966883 0.656694 0.963483 0.830257 0.969395 0.983802 0.956716 0.902241 0.984258 0.957018 0.745837 0.781545 0.947136 0.988581 0.833635 0.947322 0.977792 0.921479 0.882892 0.874344 0.868637 0.820321 0.999814 0.951350
0.842786 0.891693 0.585395 0.000000 0.907912 0.934117 0.869993 0.478132 0.998405 0.940748 0.881099 0.911272 0.925094 0.991798 0.736183 0.988501 0.845121 0.872347 0.971698 0.919233 0.842233 0.972256 0.942944 0.786144 0.663123 0.754971 0.912287 0.978264 0.676273 0.806955 0.940171 0.938984 0.839366 0.820502 0.916296 0.988570 0.939971 0.881279 0.691356 0.789725 0.976848 0.983782 0.998519 0.894571 0.571862 0.618042 0.978369 0.940497 0.586451 0.700702 0.682604 0.766673 0.729869 0.684203 0.929495 0.910934 0.930571 0.859274 0.823222 0.990687 0.782856 0.900914 0.639255 0.653397 0.781621 0.610424 0.961403 0.927586 0.814988 0.951098 0.867371 0.980748 0.996414 0.975838 0.925863 0.973048 0.993612 0.936582 0.968013 0.919536 0.745193 0.884710 0.784405 0.932974 0.973875 0.800599 0.982181 0.849083 0.781790 0.950160 0.952925 0.822476 0.890892 0.730557 0.936833 0.939291 0.960206 0.910387 0.649116 0.839782 0.972211 0.934276 0.793982 0.829791 0.857308 0.866449 0.852308 0.967695 0.831524 0.888629 0.977706 0.685930 0.911218 0.908264 0.979193 0.816042
0.921199 0.842465 0.888009 0.907912 0.000000 0.943103 0.755801 0.917601 0.706405 0.837492 0.973072 0.900266 0.671413 0.741966 0.700739 0.656049 0.954953 0.932049 0.818951 0.988970 0.835805 0.998070 0.613351 0.708353 0.988189 0.824980 0.901605 0.865981 0.910369 0.971097 0.979163 0.953043 0.897456 0.975153 0.897656 0.990998 0.860898 0.935719 0.898441 0.797015 0.918781 0.819627 0.999197 0.829731 0.888015 0.939054 0.927424 0.974327 0.960243 0.920808 0.910808 0.998001 0.971198 0.865408 0.901970 0.993547 0.758726 0.789896 0.876604 0.780094 0.744043 0.776091 0.914878 0.986520 0.673241 0.911085 0.943663 0.829059 0.833984 0.761575 0.863182 0.988865 0.958038 0.994558 0.936943 0.877187 0.902039 0.936482 0.979657 0.935917 0.771138 0.904005 0.827655 0.840860 0.608945 0.895366 0.769311 0.797471 0.933570 0.872498 0.684321 0.695522 0.969529 0.712533 0.879328 0.936147 0.865514 0.739452 0.834184 0.683598 0.885583 0.833106 0.892457 0.908685 0.922085 0.973276 0.989814 0.832904 0.981571 0.799517 0.814652 0.920477 0.934997 0.984649 0.952208 0.828966
0.915694 0.893912 0.941743 0.934117 0.943103 0.000000 0.943720 0.931661 0.912606 0.789531 0.978148 0.929083 0.954372 0.951898 0.894614 0.867056 0.963776 0.889469 0.874749 0.895531 0.867225 0.899049 0.923703 0.843771 0.636652 0.627107 0.905187 0.656968 0.896110 0.804820 0.997718 0.852134 0.862555 0.942988 0.588501 0.859241 0.934667 0.988983 0.821125 0.776693 0.752430 0.981298 0.964602 0.864362 0.892370 0.827760 0.888763 0.882323 0.754056 0.734546 0.928662 0.987781 0.878030 0.803068 0.973950 0.906209 0.871607 0.889906 0.903562 0.986744 0.943275 0.946504 0.997259 0.981454 0.661246 0.661528 0.668475 0.700043 0.847309 0.867607 0.978461 0.696468 0.891758 0.931466 0.845608 0.935156 0.937433 0.778879 0.913242 0.963892 0.882455 0.906577 0.876709 0.962573 0.728671 0.606127 0.820280 0.916892 0.952931 0.885168 0.825770 0.968747 0.759869 0.934357 0.841816 0.843446 0.982213 0.925305 0.931513 0.968412 0.984465 0.907369 0.862665 0.843554 0.831358 0.838035 0.784296 0.870259 0.958040 0.941747 0.926780 0.947241 0.921514 0.961906 0.869281 0.759120
0.912135 0.826476 0.625755 0.869993 0.755801 0.943720 0.000000 0.619168 0.644248 0.533550 0.853582 0.930601 0.512190 0.692261 0.623983 0.688231 0.978653 0.967298 0.477004 0.742253 0.669244 0.887353 0.493458 0.730582 0.946702 0.619559 0.940986 0.796962 0.706232 0.652047 0.758448 0.623476 0.701044 0.860521 0.860068 0.912993 0.778783 0.858501 0.842849 0.656195 0.895681 0.933171 0.842374 0.850701 0.993837 0.865945 0.774989 0.988881 0.868621 0.966115 0.715411 0.774643 0.961462 0.994275 0.884319 0.765319 0.817194 0.674939 0.725825 0.779955 0.678051 0.743170 0.951968 0.991667 0.760799 0.896154 0.842025 0.663026 0.784111 0.696015 0.851159 0.709334 0.758601 0.809778 0.840498 0.865416 0.950043 0.956627 0.911819 0.915784 0.946530 0.948383 0.959241 0.851393 0.709754 0.912933 0.952447 0.720523 0.726965 0.951334 0.678166 0.605638 0.886984 0.686592 0.980175 0.944949 0.916420 0.851005 0.857512 0.686054 0.974225 0.713448 0.845784 0.836503 0.976193 0.854474 0.852211 0.943488 0.970781 0.956673 0.911810 0.983738 0.963744 0.901436 0.836999 0.851431
0.842052 0.947339 0.637089 0.478132 0.917601 0.931661 0.619168 0.000000 0.888684 0.755053 0.914742 0.878868 0.956318 0.995510 0.845902 0.991019 0.958235 0.953545 0.785222 0.822212 0.693772 0.969119 0.963487 0.874793 0.866151 0.984767 0.952287 0.875723 0.954072 0.890888 0.991845 0.804152 0.981985 0.996587 0.776719 0.933742 0.922341 0.961690 0.890544 0.945230 0.951047 0.988328 0.796563 0.838582 0.585857 0.625925 0.804245 0.896465 0.630885 0.810287 0.630728 0.692295 0.814845 0.723192 0.963941 0.850380 0.881539 0.763509 0.831707 0.960141 0.932127 0.839994 0.812855 0.833674 0.951251 0.858694 0.951048 0.898082 0.954522 0.843685 0.924452 0.767195 0.837828 0.935497 0.787859 0.983514 0.965044 0.948799 0.906590 0.874338 0.865057 0.954488 0.670196 0.765266 0.903772 0.925124 0.851421 0.956630 0.858897 0.988305 0.894760 0.817103 0.878366 0.770911 0.990746 0.963575 0.927757 0.960734 0.804797 0.969582 0.927453 0.914796 0.926352 0.813026 0.973305 0.950921 0.835368 0.994914 0.930381 0.968958 0.907116 0.756360 0.817635 0.914272 0.890953 0.960394
0.862568 0.667274 0.754594 0.998405 0.706405 0.912606 0.644248 0.888684 0.000000 0.469945 0.889266 0.994438 0.641090 0.785413 0.655275 0.591035 0.936559 0.810347 0.588037 0.885541 0.873244 0.901865 0.553342 0.715978 0.846969 0.702976 0.896378 0.741235 0.808897 0.757405 0.703433 0.854478 0.971067 0.953454 0.916941 0.864318 0.844013 0.885390 0.766659 0.710112 0.807279 0.842035 0.916040 0.926899 0.885621 0.987663 0.753446 0.841870 0.903254 0.888488 0.854106 0.889503 0.799827 0.711264 0.795165 0.824355 0.689620 0.620197 0.683906 0.664382 0.884253 0.717375 0.826685 0.883752 0.793470 0.809168 0.728939 0.581186 0.767505 0.795168 0.765187 0.819208 0.914120 0.977162 0.834869 0.952809 0.926153 0.975970 0.922738 0.944602 0.879766 0.828077 0.995888 0.744601 0.838106 0.788411 0.909611 0.774467 0.888209 0.897633 0.782791 0.567238 0.821859 0.705966 0.944194 0.974693 0.848066 0.839782 0.838754 0.741966 0.866690 0.748460 0.923836 0.987922 0.781658 0.865025 0.896540 0.956599 0.989775 0.840592 0.951171 0.883692 0.890881 0.961271 0.848542 0.944210
0.894823 0.613684 0.861585 0.940748 0.837492 0.789531 0.533550 0.755053 0.469945 0.000000 0.783003 0.933907 0.683870 0.811030 0.689251 0.752383 0.932758 0.916415 0.525145 0.834165 0.797378 0.989752 0.610072 0.894480 0.699754 0.554032 0.994168 0.678704 0.655542 0.585078 0.701353 0.677508 0.901768 0.867178 0.743586 0.836258 0.834420 0.861497 0.711322 0.576435 0.813143 0.845609 0.766862 0.927329 0.901370 0.982897 0.655380 0.909568 0.853272 0.815530 0.807685 0.836481 0.792569 0.736784 0.850939 0.773540 0.776047 0.650258 0.747502 0.790556 0.853047 0.805395 0.968167 0.972524 0.975858 0.611191 0.649659 0.519903 0.772743 0.795973 0.857775 0.707171 0.789288 0.902433 0.961081 0.944995 0.859592 0.964047 0.974332 0.984134 0.995466 0.791321 0.935286 0.724190 0.978234 0.588436 0.969233 0.755903 0.899689 0.954352 0.807429 0.632061 0.825057 0.760314 0.928324 0.932785 0.857184 0.887712 0.861677 0.745212 0.920312 0.715435 0.982656 0.954220 0.801543 0.763373 0.953814 0.921240 0.924155 0.907928 0.906039 0.965925 0.915053 0.955103 0.743690 0.895797
0.625741 0.999433 0.948085 0.881099 0.973072 0.978148 0.853582 0.914742 0.889266 0.783003 0.000000 0.780451 0.743593 0.822449 0.859721 0.883849 0.743069 0.637980 0.714874 0.786074 0.963093 0.996175 0.935080 0.993386 0.920570 0.879718 0.884316 0.969752 0.664820 0.624833 0.751929 0.762741 0.661860 0.682639 0.897322 0.974972 0.907954 0.952701 0.814572 0.997639 0.957925 0.805411 0.956771 0.869789 0.886886 0.859598 0.868127 0.913151 0.815988 0.820554 0.847192 0.844647 0.758837 0.911307 0.987468 0.790106 0.874077 0.917947 0.858507 0.818293 0.742387 0.790027 0.783994 0.622725 0.884135 0.822818 0.865023 0.997610 0.990825 0.942384 0.900579 0.893178 0.997296 0.968191 0.992041 0.978026 0.980532 0.996232 0.854660 0.918848 0.724680 0.703190 0.979055 0.852902 0.946832 0.858721 0.817048 0.978823 0.942490 0.839381 0.937066 0.894566 0.995887 0.851941 0.894700 0.998755 0.903090 0.923582 0.819419 0.893264 0.877205 0.930300 0.796778 0.920229 0.915710 0.987911 0.983292 0.970185 0.881821 0.972250 0.984243 0.949901 0.963305 0.831391 0.973031 0.970083
0.858695 0.833735 0.837585 0.911272 0.900266 0.929083 0.930601 0.878868 0.994438 0.933907 0.780451 0.000000 0.807290 0.654413 0.967520 0.796564 0.859866 0.852758 0.939762 0.863535 0.809609 0.972254 0.937279 0.809909 0.810422 0.864579 0.918690 0.945509 0.875037 0.979953 0.899208 0.998344 0.704028 0.818071 0.790352 0.834791 0.918762 0.916010 0.976052 0.886682 0.986201 0.926753 0.905243 0.911638 0.950292 0.987453 0.908539 0.989721 0.954574 0.939632 0.834074 0.801006 0.912727 0.952295 0.933261 0.726794 0.897050 0.998858 0.863396 0.926968 0.783355 0.633805 0.948334 0.844254 0.899243 0.776395 0.682443 0.788165 0.999479 0.979756 0.903927 0.925036 0.932878 0.844179 0.930652 0.826235 0.990751 0.946156 0.896040 0.892136 0.976919 0.732850 0.906597 0.862344 0.883733 0.820552 0.953026 0.954523 0.973985 0.774626 0.878286 0.936665 0.824243 0.998244 0.958924 0.955021 0.780350 0.997651 0.930760 0.878610 0.812046 0.864883 0.845569 0.973223 0.941090 0.840212 0.978940 0.959761 0.989949 0.925934 0.931635 0.997260 0.852633 0.939945 0.879260 0.938442
0.882629 0.935891 0.752835 0.925094 0.671413 0.954372 0.512190 0.956318 0.641090 0.683870 0.743593 0.807290 0.000000 0.523854 0.431515 0.456307 0.894561 0.814327 0.492294 0.703623 0.834645 0.932115 0.427767 0.602551 0.998850 0.721958 0.999615 0.885745 0.654487 0.671929 0.711026 0.692702 0.595434 0.751283 0.939397 0.965214 0.883288 0.987264 0.871007 0.810208 0.962995 0.959927 0.903910 0.901360 0.702246 0.872232 0.973333 0.971522 0.896303 0.909057 0.984840 0.919291 0.733084 0.806803 0.851287 0.980158 0.977713 0.823172 0.845335 0.717283 0.513330 0.687337 0.949401 0.860798 0.638196 0.946332 0.960596 0.801514 0.814226 0.779843 0.780512 0.849257 0.839435 0.776919 0.952395 0.804848 0.815081 0.872321 0.922650 0.972996 0.980467 0.935063 0.791758 0.936421 0.545689 0.926514 0.849197 0.639784 0.745895 0.826247 0.745883 0.693955 0.936664 0.805026 0.961582 0.982306 0.888926 0.849277 0.720730 0.567210 0.970923 0.695130 0.909650 0.999946 0.900179 0.930118 0.953032 0.985542 0.982153 0.898813 0.999997 0.865827 0.866773 0.992196 0.950984 0.945710
0.878594 0.967475 0.817163 0.991798 0.741966 0.951898 0.692261 0.995510 0.785413 0.811030 0.822449 0.654413 0.523854 0.000000 0.600189 0.559170 0.970244 0.928820 0.663309 0.716830 0.845833 0.798047 0.556361 0.569815 0.953458 0.862007 0.944075 0.916151 0.717900 0.854426 0.846871 0.786342 0.675774 0.782128 0.811985 0.816612 0.863574 0.949075 0.914980 0.831787 0.953799 0.954706 0.969685 0.926786 0.769190 0.878357 0.988754 0.894087 0.925334 0.856182 0.975325 0.828606 0.786344 0.762536 0.965898 0.977145 0.932765 0.903382 0.985069 0.872742 0.609141 0.667612 0.901751 0.871666 0.701312 0.943725 0.913527 0.976187 0.839408 0.912680 0.918796 0.924200 0.987316 0.836648 0.963177 0.691091 0.838772 0.943356 0.946986 0.970997 0.966377 0.837900 0.667530 0.765207 0.582678 0.800422 0.892060 0.621274 0.753964 0.703405 0.835504 0.832697 0.906909 0.890941 0.982343 0.971628 0.972459 0.814553 0.901271 0.681354 0.975592 0.864553 0.997370 0.948229 0.882445 0.983322 0.936810 0.933647 0.968222 0.960662 0.944954 0.929328 0.936059 0.986626 0.976497 0.971668
0.972772 0.920727 0.852025 0.736183 0.700739 0.894614 0.623983 0.845902 0.655275 0.689251 0.859721 0.967520 0.431515 0.600189 0.000000 0.468912 0.937101 0.855787 0.600997 0.827182 0.909393 0.911090 0.402893 0.692114 0.953926 0.740640 0.900836 0.931729 0.583727 0.678973 0.719306 0.742313 0.641820 0.812341 0.922379 0.958036 0.857791 0.887507 0.769044 0.764891 0.934916 0.922655 0.936710 0.937388 0.664146 0.821745 0.968774 0.996187 0.808336 0.849245 0.976464 0.929246 0.743350 0.738941 0.921257 0.868091 0.920041 0.878384 0.822808 0.684236 0.635429 0.853339 0.947399 0.879573 0.651801 0.809437 0.872845 0.706677 0.664424 0.758681 0.915806 0.926607 0.805983 0.873527 0.909365 0.841021 0.849097 0.919452 0.957459 0.996776 0.983656 0.973244 0.690333 0.928013 0.560508 0.945273 0.800814 0.629492 0.856418 0.878736 0.785925 0.662794 0.993757 0.802142 0.950473 0.940161 0.826661 0.739830 0.754983 0.598750 0.910461 0.823368 0.900264 0.958659 0.972599 0.882989 0.933217 0.970419 0.956267 0.908467 0.936455 0.759312 0.832574 0.994888 0.980130 0.909937
0.965057 0.959409 0.722382 0.988501 0.656049 0.867056 0.688231 0.991019 0.591035 0.752383 0.883849 0.796564 0.456307 0.559170 0.468912 0.000000 0.980152 0.922419 0.663878 0.755962 0.900035 0.967790 0.436727 0.521783 0.856543 0.897381 0.792573 0.964479 0.728111 0.796385 0.728106 0.867263 0.751807 0.941650 0.908855 0.990872 0.982676 0.933806 0.933884 0.881641 0.967697 0.937749 0.847020 0.915257 0.816942 0.950032 0.981724 0.918765 0.940460 0.982156 0.918610 0.984423 0.808094 0.808382 0.855637 0.969045 0.916463 0.822172 0.738403 0.622086 0.770605 0.753748 0.881242 0.955936 0.512147 0.967903 0.884541 0.739859 0.769407 0.779110 0.803120 0.923116 0.891179 0.821606 0.890302 0.784876 0.859575 0.908789 0.912110 0.988271 0.857723 0.915153 0.696462 0.923130 0.536205 0.823842 0.855632 0.669007 0.817121 0.735284 0.793614 0.602990 0.997864 0.652076 0.912888 0.950589 0.818761 0.701744 0.871311 0.666122 0.936314 0.824844 0.814430 0.919480 0.927280 0.925314 0.897847 0.981576 0.994790 0.928579 0.905646 0.849501 0.840846 0.959705 0.878125 0.890435
0.700573 0.767266 0.808411 0.845121 0.954953 0.963776 0.978653 0.958235 0.936559 0.932758 0.743069 0.859866 0.894561 0.970244 0.937101 0.980152 0.000000 0.601232 0.865493 0.922348 0.956330 0.989780 0.950918 0.832942 0.865101 0.934190 0.838813 0.933799 0.765858 0.638808 0.800857 0.766098 0.754625 0.663927 0.925126 0.938620 0.963060 0.987800 0.844333 0.985643 0.967720 0.870198 0.905730 0.689534 0.765436 0.671468 0.880046 0.923564 0.782585 0.696937 0.728230 0.731400 0.805961 0.866905 0.955726 0.785161 0.688348 0.679537 0.770649 0.858028 0.835441 0.931365 0.616756 0.603453 0.785775 0.795817 0.934405 0.908969 0.967108 0.853683 0.983701 0.918773 0.975885 0.936852 0.882407 0.840402 0.842274 0.935822 0.702284 0.768211 0.594919 0.847571 0.945033 0.912795 0.947602 0.912004 0.845098 0.907545 0.985616 0.853472 0.932660 0.900995 0.915356 0.807250 0.981377 0.919539 0.915970 0.828038 0.833563 0.918032 0.975414 0.910380 0.762100 0.749578 0.983593 0.972033 0.932278 0.981036 0.968996 0.972156 0.870500 0.861976 0.885163 0.841229 0.908935 0.969369
0.572682 0.658575 0.824708 0.872347 0.932049 0.889469 0.967298 0.953545 0.810347 0.916415 0.637980 0.852758 0.814327 0.928820 0.855787 0.922419 0.601232 0.000000 0.864216 0.819246 0.999582 0.908587 0.970545 0.933258 0.927678 0.993383 0.911957 0.775988 0.752872 0.695681 0.794944 0.822152 0.675217 0.727270 0.957147 0.846251 0.886397 0.994666 0.918159 0.902956 0.866375 0.719940 0.874930 0.703295 0.803130 0.731517 0.774371 0.768893 0.820272 0.801638 0.755607 0.728180 0.843239 0.969811 0.848753 0.768034 0.601580 0.599708 0.774356 0.777482 0.792999 0.883618 0.612121 0.559589 0.915657 0.866370 0.825106 0.845865 0.912246 0.902160 0.989952 0.985200 0.844192 0.879368 0.987683 0.983446 0.812982 0.843244 0.715508 0.806376 0.618674 0.566995 0.796630 0.679300 0.895813 0.894861 0.990650 0.856113 0.989334 0.849372 0.969288 0.905301 0.916884 0.900681 0.978637 0.920989 0.885352 0.911008 0.817596 0.884551 0.970053 0.914032 0.867657 0.878998 0.891138 0.899929 0.840517 0.928725 0.867266 0.997784 0.981161 0.927137 0.953439 0.806308 0.848704 0.998223
0.863401 0.912781 0.847578 0.971698 0.818951 0.874749 0.477004 0.785222 0.588037 0.525145 0.714874 0.939762 0.492294 0.663309 0.600997 0.663878 0.865493 0.864216 0.000000 0.668963 0.781881 0.901940 0.522908 0.792655 0.780764 0.592034 0.956821 0.780673 0.639361 0.553809 0.689350 0.645891 0.733338 0.701607 0.837539 0.975224 0.762880 0.889563 0.701709 0.671195 0.930202 0.981876 0.971404 0.968653 0.831731 0.906121 0.806123 0.938905 0.858162 0.763137 0.928904 0.951880 0.734610 0.812880 0.853747 0.872919 0.958244 0.827421 0.893991 0.929127 0.650158 0.780460 0.879605 0.851534 0.879579 0.764341 0.890151 0.701603 0.902396 0.811094 0.797335 0.824147 0.798592 0.860811 0.961238 0.939959 0.816055 0.986571 0.956556 0.950694 0.893313 0.972605 0.908452 0.933522 0.742011 0.851484 0.987325 0.660823 0.806213 0.895799 0.678006 0.638722 0.911546 0.785052 0.968267 0.863466 0.965804 0.859507 0.808895 0.669349 0.989260 0.703218 0.981818 0.958753 0.919284 0.891392 0.908199 0.798506 0.983288 0.920662 0.945560 0.851542 0.857020 0.974302 0.940671 0.888879
0.876914 0.942300 0.879528 0.919233 0.988970 0.895531 0.742253 0.822212 0.885541 0.834165 0.786074 0.863535 0.703623 0.716830 0.827182 0.755962 0.922348 0.819246 0.668963 0.000000 0.759945 0.863398 0.775599 0.819655 0.994767 0.885254 0.988756 0.874366 0.814801 0.695862 0.877765 0.773091 0.855064 0.873560 0.835039 0.906392 0.907026 0.890771 0.921162 0.899294 0.955103 0.984717 0.975670 0.857083 0.984022 0.976656 0.916261 0.999308 0.998126 0.954657 0.946295 0.967030 0.982013 0.985755 0.963174 0.841388 0.912429 0.929477 0.931104 0.998956 0.888078 0.894947 0.977207 0.985943 0.893546 0.978913 0.938068 0.830706 0.985760 0.947883 0.771161 0.804778 0.889130 0.809842 0.793550 0.996756 0.803318 0.992178 0.841918 0.970634 0.967891 0.827317 0.886883 0.821941 0.879387 0.977186 0.971506 0.770858 0.783270 0.824801 0.992148 0.879533 0.931466 0.881495 0.951499 0.891119 0.993818 0.988294 0.880078 0.854879 0.997430 0.831764 0.966658 0.971619 0.952076 0.963155 0.898218 0.846267 0.956493 0.937226 0.986368 0.926981 0.997488 0.908534 0.984299 0.991982
0.938232 0.923987 0.768881 0.842233 0.835805 0.867225 0.669244 0.693772 0.873244 0.797378 0.963093 0.809609 0.834645 0.845833 0.909393 0.900035 0.956330 0.999582 0.781881 0.759945 0.000000 0.925346 0.758904 0.872736 0.959836 0.861621 0.969614 0.858102 0.944475 0.859877 0.975181 0.785494 0.940417 0.988522 0.913241 0.990140 0.855570 0.853173 0.903797 0.751863 0.922312 0.878259 0.823427 0.866971 0.860689 0.789922 0.866763 0.998416 0.835685 0.951007 0.807685 0.877125 0.967566 0.998519 0.992412 0.949201 0.820972 0.730083 0.861266 0.942324 0.864845 0.770420 0.872830 0.914927 0.882163 0.922900 0.911191 0.818914 0.954673 0.744338 0.847368 0.854462 0.721972 0.813649 0.927070 0.989610 0.938368 0.984739 0.911279 0.952010 0.838728 0.968049 0.994220 0.881780 0.855201 0.982729 0.971324 0.903581 0.969380 0.974673 0.829175 0.748162 0.956916 0.764894 0.951795 0.895232 0.978219 0.963136 0.949480 0.923247 0.938479 0.728485 0.951006 0.811337 0.996757 0.977923 0.888098 0.913151 0.972817 0.937376 0.998608 0.972980 0.924989 0.945714 0.844602 0.892750
0.955322 0.905117 0.867014 0.972256 0.998070 0.899049 0.887353 0.969119 0.901865 0.989752 0.996175 0.972254 0.932115 0.798047 0.911090 0.967790 0.989780 0.908587 0.901940 0.863398 0.925346 0.000000 0.948833 0.912613 0.979364 0.964979 0.991106 0.956258 0.974566 0.966574 0.925410 0.904216 0.921056 0.967023 0.966948 0.919287 0.858166 0.910062 0.990228 0.997305 0.956521 0.943786 0.901773 0.933345 0.918133 0.945829 0.966737 0.949736 0.896381 0.965882 0.884326 0.931917 0.822778 0.932205 0.981471 0.966264 0.952940 0.963874 0.969053 0.994111 0.979511 0.877420 0.907953 0.981448 0.942792 0.966345 0.985303 0.954375 0.929191 0.960956 0.929458 0.931721 0.993059 0.983038 0.940196 0.915682 0.902264 0.970379 0.930645 0.823721 0.959919 0.938031 0.988604 0.878186 0.882726 0.992202 0.856351 0.854353 0.862389 0.915514 0.985475 0.940850 0.934059 0.920474 0.873711 0.772611 0.973499 0.906624 0.878942 0.932778 0.994161 0.864871 0.955778 0.874937 0.877699 0.908173 0.964016 0.942567 0.891432 0.986148 0.951466 0.910165 0.946594 0.934265 0.915675 0.983645
0.935918 0.843144 0.697771 0.942944 0.613351 0.923703 0.493458 0.963487 0.553342 0.610072 0.935080 0.937279 0.427767 0.556361 0.402893 0.436727 0.950918 0.970545 0.522908 0.775599 0.758904 0.948833 0.000000 0.542166 0.992222 0.672584 0.834321 0.885687 0.706092 0.727604 0.741741 0.768769 0.714891 0.926762 0.963671 0.977174 0.821272 0.924904 0.803557 0.666392 0.930461 0.883290 0.983224 0.932129 0.797306 0.991872 0.871140 0.959659 0.940303 0.937690 0.848950 0.994752 0.800070 0.768181 0.828769 0.828585 0.822422 0.782033 0.766241 0.687668 0.636782 0.739524 0.940523 0.995605 0.545828 0.934190 0.834857 0.660601 0.720284 0.733061 0.865643 0.905381 0.780278 0.837153 0.921990 0.859037 0.850466 0.922340 0.997198 0.936694 0.898315 0.979465 0.692091 0.982332 0.473784 0.884817 0.798548 0.593951 0.795377 0.840797 0.674465 0.515720 0.947655 0.650054 0.959141 0.972356 0.851056 0.744018 0.835572 0.593110 0.961370 0.720915 0.808415 0.896554 0.942426 0.902957 0.972878 0.937113 0.987995 0.945986 0.979060 0.835148 0.842860 0.942279 0.995338 0.968172
0.910076 0.970243 0.636014 0.786144 0.708353 0.843771 0.730582 0.874793 0.715978 0.894480 0.993386 0.809909 0.602551 0.569815 0.692114 0.521783 0.832942 0.933258 0.792655 0.819655 0.872736 0.912613 0.542166 0.000000 0.703589 0.957631 0.769947 0.927852 0.991161 0.987089 0.891952 0.961995 0.863193 0.981757 0.870597 0.977777 0.882670 0.814193 0.909717 0.946840 0.928463 0.977975 0.972187 0.898328 0.991240 0.826573 0.987829 0.944583 0.798595 0.855706 0.851004 0.998778 0.986205 0.944748 0.860897 0.942997 0.864555 0.839523 0.826912 0.785542 0.805530 0.695680 0.851785 0.873393 0.493357 0.728150 0.980076 0.923912 0.852219 0.804709 0.810702 0.995953 0.956029 0.951143 0.917551 0.853726 0.948201 0.839858 0.942943 0.896926 0.734858 0.937946 0.786033 0.942563 0.524337 0.641594 0.759373 0.721152 0.698381 0.804031 0.863911 0.739489 0.949873 0.705437 0.950207 0.882092 0.883912 0.911446 0.970472 0.747677 0.993679 0.912950 0.661991 0.858871 0.819330 0.841598 0.966013 0.984626 0.915145 0.999938 0.952910 0.991401 0.923751 0.910759 0.882556 0.861219
0.924956 0.785528 0.717657 0.663123 0.988189 0.636652 0.946702 0.866151 0.846969 0.699754 0.920570 0.810422 0.998850 0.953458 0.953926 0.856543 0.865101 0.927678 0.780764 0.994767 0.959836 0.979364 0.992222 0.703589 0.000000 0.591289 0.747585 0.802438 0.802028 0.732147 0.970984 0.722334 0.923334 0.936925 0.761290 0.879798 0.854781 0.756192 0.616828 0.686973 0.870976 0.883686 0.910397 0.902972 0.738646 0.733063 0.826442 0.873150 0.626202 0.580919 0.838546 0.931873 0.736511 0.674721 0.930278 0.948991 0.977490 0.953615 0.949052 0.930370 0.944362 0.871591 0.835466 0.871894 0.593573 0.497422 0.736820 0.701279 0.949282 0.911672 0.998666 0.878312 0.906800 0.933311 0.958338 0.973330 0.942304 0.773717 0.951546 0.970756 0.834233 0.834407 0.962316 0.777059 0.818114 0.512248 0.719333 0.870087 0.836993 0.934380 0.969341 0.970471 0.779877 0.861583 0.969792 0.837442 0.944289 0.976150 0.805677 0.949602 0.846030 0.869496 0.758931 0.770355 0.746254 0.725382 0.963207 0.793442 0.936412 0.848181 0.965379 0.865128 0.884559 0.958379 0.808157 0.764974
0.979372 0.716075 0.984352 0.754971 0.824980 0.627107 0.619559 0.984767 0.702976 0.554032 0.879718 0.864579 0.721958 0.862007 0.740640 0.897381 0.934190 0.993383 0.592034 0.885254 0.861621 0.964979 0.672584 0.957631 0.591289 0.000000 0.924489 0.633308 0.732212 0.576789 0.834141 0.734849 0.898647 0.972611 0.745590 0.891301 0.794394 0.871817 0.638203 0.547445 0.860128 0.949864 0.802094 0.989681 0.762269 0.846093 0.762625 0.910130 0.769001 0.716954 0.976995 0.952966 0.784350 0.756974 0.821434 0.798536 0.951691 0.805340 0.851766 0.913039 0.796978 0.996717 0.859220 0.894380 0.848711 0.532942 0.629427 0.551208 0.875536 0.974438 0.962700 0.775000 0.776738 0.927434 0.919424 0.912209 0.944631 0.864601 0.985150 0.927060 0.937301 0.815311 0.985733 0.858338 0.948464 0.614954 0.938775 0.721761 0.973215 0.879053 0.820624 0.826560 0.861062 0.981030 0.857362 0.869358 0.889492 0.886053 0.785147 0.740560 0.967348 0.730673 0.985944 0.913391 0.844797 0.762895 0.914846 0.863634 0.946394 0.938798 0.920788 0.911683 0.961664 0.972893 0.857355 0.748051
0.876822 0.971930 0.905704 0.912287 0.901605 0.905187 0.940986 0.952287 0.896378 0.994168 0.884316 0.918690 0.999615 0.944075 0.900836 0.792573 0.838813 0.911957 0.956821 0.988756 0.969614 0.991106 0.834321 0.769947 0.747585 0.924489 0.000000 0.945891 0.968905 0.851952 0.963099 0.807064 0.915716 0.841728 0.998642 0.840026 0.970121 0.816067 0.862358 0.957492 0.959656 0.957544 0.939384 0.871403 0.889710 0.856748 0.976373 0.909553 0.865675 0.820099 0.839657 0.927570 0.954061 0.987309 0.943690 0.903112 0.848645 0.898552 0.844018 0.819364 0.887075 0.988866 0.806893 0.769207 0.694759 0.826024 0.886789 0.914676 0.990338 0.959396 0.983471 0.919717 0.980885 0.919122 0.980895 0.984512 0.891221 0.975089 0.905776 0.917025 0.867642 0.957542 0.833622 0.988854 0.813076 0.796433 0.802981 0.959180 0.878918 0.939990 0.969136 0.805097 0.999605 0.851823 0.997397 0.917513 0.997835 0.945056 0.894156 0.930212 0.926274 0.924428 0.720330 0.791256 0.965429 0.901525 0.881635 0.968375 0.961855 0.974184 0.966564 0.979225 0.950071 0.946474 0.828882 0.800607
0.837079 0.716350 0.879350 0.978264 0.865981 0.656968 0.796962 0.875723 0.741235 0.678704 0.969752 0.945509 0.885745 0.916151 0.931729 0.964479 0.933799 0.775988 0.780673 0.874366 0.858102 0.956258 0.885687 0.927852 0.802438 0.633308 0.945891 0.000000 0.920383 0.822522 0.917185 0.962832 0.878394 0.983886 0.733471 0.869494 0.921726 0.986775 0.849632 0.784556 0.847694 0.857097 0.823983 0.900578 0.984734 0.979249 0.840489 0.965406 0.994814 0.921777 0.884382 0.837141 0.981691 0.880468 0.828146 0.876092 0.866806 0.697782 0.817752 0.927464 0.998131 0.865821 0.906485 0.854822 0.890889 0.811081 0.732843 0.693399 0.999285 0.964431 0.842884 0.755512 0.872729 0.990071 0.846364 0.959512 0.980504 0.897018 0.911751 0.938749 0.865232 0.835767 0.875755 0.789887 0.910973 0.725680 0.969722 0.914085 0.820003 0.885330 0.974159 0.846782 0.852522 0.990737 0.999133 0.912873 0.965049 0.970137 0.983193 0.883611 0.969335 0.885619 0.929171 0.987711 0.810346 0.826834 0.859689 0.944199 0.970826 0.908348 0.985336 0.956073 0.944825 0.951123 0.895102 0.904467
0.779985 0.965177 0.985654 0.676273 0.910369 0.896110 0.706232 0.954072 0.808897 0.655542 0.664820 0.875037 0.654487 0.717900 0.583727 0.728111 0.765858 0.752872 0.639361 0.814801 0.944475 0.974566 0.706092 0.991161 0.802028 0.732212 0.968905 0.920383 0.000000 0.530440 0.682715 0.663900 0.622026 0.673637 0.904539 0.979828 0.910267 0.869331 0.707400 0.692022 0.955707 0.831966 0.958141 0.890482 0.720128 0.731610 0.869576 0.908075 0.709990 0.721455 0.956210 0.954620 0.683782 0.774426 0.946311 0.904177 0.892388 0.939225 0.930003 0.879257 0.725527 0.950806 0.732255 0.698485 0.949914 0.611677 0.870048 0.758166 0.760448 0.849473 0.958702 0.772066 0.812353 0.875083 0.955074 0.863505 0.967460 0.880665 0.890073 0.966667 0.695101 0.951034 0.794736 0.934678 0.876068 0.789673 0.894585 0.750754 0.989404 0.822107 0.901892 0.911653 0.966728 0.907356 0.954689 0.847813 0.921937 0.782508 0.695597 0.795444 0.998639 0.857634 0.900395 0.972627 0.828731 0.728088 0.928735 0.854326 0.729235 0.804853 0.948904 0.842976 0.944243 0.853774 0.931487 0.798666
0.773730 0.947828 0.993193 0.806955 0.971097 0.804820 0.652047 0.890888 0.757405 0.585078 0.624833 0.979953 0.671929 0.854426 0.678973 0.796385 0.638808 0.695681 0.553809 0.695862 0.859877 0.966574 0.727604 0.987089 0.732147 0.576789 0.851952 0.822522 0.530440 0.000000 0.645638 0.588734 0.743378 0.729290 0.743785 0.962371 0.875024 0.898748 0.624580 0.698159 0.975474 0.863126 0.958070 0.820615 0.767304 0.762957 0.843199 0.926612 0.739392 0.674767 0.944731 0.950885 0.713560 0.805330 0.939454 0.984549 0.875094 0.983933 0.971673 0.958358 0.781018 0.994094 0.792359 0.724325 0.837925 0.568488 0.824862 0.701435 0.900953 0.998254 0.879045 0.734130 0.710853 0.793482 0.972966 0.888271 0.894781 0.983069 0.780292 0.862575 0.694950 0.904759 0.940181 0.985885 0.985307 0.698547 0.866501 0.790886 0.924415 0.955360 0.809797 0.877242 0.885168 0.989733 0.904038 0.883347 0.955929 0.951321 0.693931 0.745018 0.976613 0.681013 0.807841 0.818352 0.881116 0.817372 0.999887 0.881468 0.881031 0.971124 0.827964 0.871767 0.938133 0.911010 0.943128 0.806291
0.912334 0.948522 0.825676 0.940171 0.979163 0.997718 0.758448 0.991845 0.703433 0.701353 0.751929 0.899208 0.711026 0.846871 0.719306 0.728106 0.800857 0.794944 0.689350 0.877765 0.975181 0.925410 0.741741 0.891952 0.970984 0.834141 0.963099 0.917185 0.682715 0.645638 0.000000 0.838329 0.715908 0.739681 0.927785 0.930392 0.888181 0.915800 0.888301 0.952113 0.971322 0.956028 0.950818 0.884466 0.760589 0.816298 0.912365 0.999667 0.819429 0.789514 0.899782 0.924933 0.761458 0.819004 0.972814 0.945056 0.972223 0.954089 0.845589 0.865086 0.847341 0.885489 0.928238 0.864251 0.953325 0.767738 0.975542 0.827512 0.879650 0.886680 0.844981 0.932831 0.926409 0.951278 0.855372 0.953953 0.773473 0.991139 0.856846 0.822363 0.798015 0.915626 0.870775 0.946146 0.903199 0.916801 0.963488 0.876967 0.828285 0.850306 0.918301 0.847550 0.920416 0.810857 0.962549 0.995020 0.981326 0.977331 0.867897 0.777905 0.970295 0.819456 0.995619 0.985920 0.951898 0.913208 0.850114 0.942801 0.873663 0.944078 0.922634 0.967636 0.984249 0.929963 0.919640 0.985479
0.802308 0.988154 0.960155 0.938984 0.953043 0.852134 0.623476 0.804152 0.854478 0.677508 0.762741 0.998344 0.692702 0.786342 0.742313 0.867263 0.766098 0.822152 0.645891 0.773091 0.785494 0.904216 0.768769 0.961995 0.722334 0.734849 0.807064 0.962832 0.663900 0.588734 0.838329 0.000000 0.670657 0.749951 0.881389 0.940563 0.830822 0.844688 0.833907 0.732095 0.926559 0.923790 0.968752 0.872506 0.814721 0.842454 0.948744 0.852687 0.874538 0.725378 0.962884 0.941109 0.729602 0.847616 0.994796 0.978095 0.942864 0.908008 0.952779 0.946874 0.733084 0.952836 0.777818 0.804951 0.903325 0.705366 0.916587 0.822998 0.782970 0.909543 0.921084 0.759165 0.804197 0.839434 0.919658 0.856740 0.914928 0.980492 0.885041 0.890136 0.800836 0.967242 0.983142 0.974725 0.915217 0.797867 0.822819 0.752041 0.926054 0.946161 0.838129 0.865957 0.999952 0.992329 0.979190 0.845599 0.954380 0.950235 0.737727 0.710190 0.946998 0.816131 0.795360 0.910514 0.975769 0.968239 0.907718 0.851596 0.950429 0.952916 0.824556 0.927840 0.917434 0.952066 0.965183 0.752958
0.816836 0.904046 0.892073 0.839366 0.897456 0.862555 0.701044 0.981985 0.971067 0.901768 0.661860 0.704028 0.595434 0.675774 0.641820 0.751807 0.754625 0.675217 0.733338 0.855064 0.940417 0.921056 0.714891 0.863193 0.923334 0.898647 0.915716 0.878394 0.622026 0.743378 0.715908 0.670657 0.000000 0.619012 0.811397 0.831881 0.956368 0.962147 0.848379 0.947748 0.917071 0.878052 0.928471 0.871964 0.730765 0.820802 0.922896 0.908988 0.912925 0.873748 0.828187 0.813001 0.757713 0.889468 0.957015 0.872173 0.868254 0.961675 0.884303 0.990235 0.533602 0.748667 0.707108 0.640684 0.861039 0.950654 0.782111 0.914002 0.804527 0.864471 0.964050 0.888510 0.893752 0.943155 0.976590 0.826403 0.973771 0.924617 0.949572 0.848864 0.787746 0.812832 0.846371 0.790349 0.737619 0.904783 0.974948 0.752877 0.952080 0.827047 0.808000 0.975812 0.800771 0.939103 0.945375 0.933496 0.824164 0.994009 0.745920 0.666300 0.732045 0.863870 0.848966 0.999589 0.906281 0.889377 0.955533 0.988815 0.959332 0.992367 0.798411 0.918710 0.957441 0.980071 0.899016 0.854836
0.694052 0.860003 0.975055 0.820502 0.975153 0.942988 0.860521 0.996587 0.953454 0.867178 0.682639 0.818071 0.751283 0.782128 0.812341 0.941650 0.663927 0.727270 0.701607 0.873560 0.988522 0.967023 0.926762 0.981757 0.936925 0.972611 0.841728 0.983886 0.673637 0.729290 0.739681 0.749951 0.619012 0.000000 0.835313 0.828311 0.934807 0.975856 0.852293 0.936993 0.898681 0.848473 0.859399 0.764031 0.711923 0.698410 0.862548 0.807648 0.790458 0.771758 0.747362 0.733700 0.684681 0.831714 0.839199 0.891977 0.805995 0.909824 0.780725 0.836880 0.606596 0.798675 0.669792 0.633232 0.907833 0.889286 0.782721 0.834255 0.892729 0.889400 0.912433 0.829988 0.972690 0.895231 0.908636 0.874874 0.847623 0.855700 0.885385 0.686141 0.677647 0.885238 0.981510 0.921158 0.942854 0.982996 0.917527 0.889185 0.969130 0.840498 0.811907 0.910438 0.853009 0.874104 0.959131 0.978666 0.950072 0.884054 0.722278 0.782596 0.799068 0.850917 0.734491 0.925993 0.938061 0.905446 0.991851 0.927189 0.987780 0.972389 0.770964 0.769911 0.968519 0.780241 0.922875 0.945776
0.975125 0.816386 0.991395 0.916296 0.897656 0.588501 0.860068 0.776719 0.916941 0.743586 0.897322 0.790352 0.939397 0.811985 0.922379 0.908855 0.925126 0.957147 0.837539 0.835039 0.913241 0.966948 0.963671 0.870597 0.761290 0.745590 0.998642 0.733471 0.904539 0.743785 0.927785 0.881389 0.811397 0.835313 0.000000 0.775771 0.824416 0.983331 0.757750 0.897267 0.874491 0.965865 0.771993 0.936497 0.808286 0.902448 0.715700 0.911181 0.976537 0.969809 0.774838 0.726511 0.910676 0.900808 0.858103 0.775732 0.993544 0.846752 0.789786 0.979643 0.779240 0.850364 0.847432 0.855111 0.779147 0.703878 0.575050 0.593192 0.915629 0.996624 0.989610 0.863259 0.842937 0.979476 0.811827 0.899824 0.997103 0.739190 0.999546 0.881389 0.948592 0.928988 0.864952 0.935071 0.762796 0.645108 0.881653 0.930081 0.964303 0.896312 0.851294 0.889415 0.775121 0.909443 0.925821 0.918614 0.938026 0.978298 0.882977 0.911808 0.944719 0.965737 0.940515 0.960996 0.863006 0.806700 0.889656 0.997448 0.834456 0.993838 0.957807 0.906766 0.925192 0.915292 0.847195 0.901412
0.848157 0.778179 0.924013 0.988570 0.990998 0.859241 0.912993 0.933742 0.864318 0.836258 0.974972 0.834791 0.965214 0.816612 0.958036 0.990872 0.938620 0.846251 0.975224 0.906392 0.990140 0.919287 0.977174 0.977777 0.879798 0.891301 0.840026 0.869494 0.979828 0.962371 0.930392 0.940563 0.831881 0.828311 0.775771 0.000000 0.876386 0.943786 0.892372 0.895934 0.832919 0.887000 0.898579 0.908081 0.901483 0.941953 0.814722 0.855235 0.992584 0.925434 0.836127 0.759717 0.889377 0.992685 0.897190 0.835533 0.847924 0.855465 0.727555 0.786471 0.845744 0.950055 0.806208 0.849336 0.957351 0.851935 0.702848 0.677497 0.967650 0.980341 0.950842 0.798642 0.930686 0.954508 0.955118 0.976010 0.902383 0.979220 0.949432 0.838541 0.965887 0.863369 0.765960 0.853510 0.869873 0.790076 0.974371 0.922664 0.926716 0.935375 0.898674 0.938416 0.763793 0.957831 0.975654 0.963934 0.782167 0.928088 0.931596 0.932957 0.861594 0.958491 0.900727 0.866331 0.820033 0.798442 0.960387 0.997116 0.896287 0.931585 0.951998 0.921908 0.941808 0.950650 0.731228 0.996133
0.916725 0.936167 0.949873 0.939971 0.860898 0.934667 0.778783 0.922341 0.844013 0.834420 0.907954 0.918762 0.883288 0.863574 0.857791 0.982676 0.963060 0.886397 0.762880 0.907026 0.855570 0.858166 0.821272 0.882670 0.854781 0.794394 0.970121 0.921726 0.910267 0.875024 0.888181 0.830822 0.956368 0.934807 0.824416 0.876386 0.000000 0.899164 0.709148 0.779710 0.916982 0.969949 0.797702 0.827686 0.957874 0.924542 0.776941 0.883966 0.953016 0.921452 0.854316 0.981473 0.993931 0.968381 0.832037 0.929368 0.839489 0.868677 0.992373 0.982780 0.858832 0.908671 0.994460 0.959168 0.931397 0.943229 0.887752 0.810761 0.841436 0.930214 0.936865 0.936182 0.918012 0.949571 0.981796 0.982932 0.874826 0.940713 0.867584 0.884385 0.917727 0.878950 0.966861 0.991267 0.865309 0.939787 0.916021 0.870856 0.987203 0.972944 0.852989 0.901065 0.998155 0.990112 0.844530 0.997230 0.973052 0.860275 0.999126 0.952153 0.955472 0.903572 0.930524 0.963241 0.858976 0.995549 0.878639 0.986173 0.986097 0.940361 0.944661 0.913300 0.946550 0.933996 0.853076 0.911333
0.933157 0.980448 0.902808 0.881279 0.935719 0.988983 0.858501 0.961690 0.885390 0.861497 0.952701 0.916010 0.987264 0.949075 0.887507 0.933806 0.987800 0.994666 0.889563 0.890771 0.853173 0.910062 0.924904 0.814193 0.756192 0.871817 0.816067 0.986775 0.869331 0.898748 0.915800 0.844688 0.962147 0.975856 0.983331 0.943786 0.899164 0.000000 0.845336 0.708804 0.954796 0.951878 0.886017 0.973389 0.968293 0.988054 0.900790 0.954845 0.937998 0.872240 0.924089 0.936813 0.943877 0.999329 0.993508 0.884553 0.933083 0.989419 0.937711 0.987089 0.913674 0.922737 0.905730 0.885575 0.880690 0.808137 0.899284 0.925209 0.827718 0.806283 0.852564 0.991284 0.889351 0.978110 0.995806 0.901907 0.913939 0.859096 0.940678 0.896682 0.939502 0.942184 0.889210 0.771737 0.986819 0.833471 0.875143 0.996560 0.725934 0.856803 0.831091 0.921570 0.945563 0.939540 0.913835 0.883015 0.943378 0.859290 0.893014 0.964813 0.795132 0.960700 0.996751 0.903537 0.746691 0.796354 0.986855 0.972194 0.986348 0.885644 0.940268 0.902770 0.971956 0.992447 0.932363 0.831333
