0.000000 0.240848 0.671884 0.388230 0.766048 0.737683 0.762399 0.623394 0.896336 0.815437 0.343946 0.325389 0.310551 0.363027 0.504260 0.435621 0.308820 0.349993 0.427854 0.384350 0.675512 0.893760 0.733262 0.640652 0.700940 0.832203 0.785298 0.925260 0.435371 0.498861 0.942665 0.933563 0.488616 0.563503 0.959727 0.653689 0.551762 0.617644 0.582487 0.632180 0.755108 0.732825 0.734349 0.675005 0.765638 0.644115 0.371470 0.407019 0.403476 0.394971 0.629628 0.563249 0.907745 0.819436 0.487112 0.467409 0.279706 0.205048 0.292597 0.294732 0.340193 0.405401 0.295367 0.305770 0.530623 0.283707 0.878017 0.853760 0.403000 0.361620 0.819857 0.859107 0.825845 0.715878 0.736009 0.779510 0.645315 0.732586 0.397737 0.516262 0.269290 0.296492 0.533006 0.376480 0.469705 0.450116 0.940759 0.989819 0.520942 0.427292 0.973407 0.992971 0.874882 0.985750 0.784577 0.797221 0.795126 0.909572 0.670259 0.752258 0.997355 0.977014 0.826854 0.828360 0.578656 0.591751 0.889457 0.961113 0.901130 0.890689 0.976268 0.612145 0.793644 0.973480 0.752687 0.948145
0.240848 0.000000 0.661288 0.347437 0.850560 0.681771 0.618276 0.534346 0.782972 0.743820 0.325473 0.326853 0.402796 0.336130 0.583160 0.393128 0.257960 0.284141 0.382682 0.299335 0.618867 0.943806 0.708743 0.568091 0.757336 0.809154 0.863938 0.913818 0.332255 0.373285 0.745508 0.678799 0.404796 0.430580 0.986669 0.689724 0.546100 0.616659 0.633619 0.642719 0.798477 0.651811 0.535538 0.496316 0.597917 0.508278 0.392544 0.377196 0.364942 0.355424 0.466176 0.432548 0.721212 0.984027 0.580786 0.458893 0.227649 0.204622 0.349015 0.357412 0.323720 0.400713 0.272678 0.267909 0.623417 0.349268 0.759586 0.688795 0.489689 0.417721 0.669206 0.692472 0.668299 0.562338 0.769040 0.807064 0.584519 0.622086 0.378376 0.448464 0.295630 0.390286 0.467973 0.441994 0.579655 0.486957 0.946597 0.954002 0.643165 0.456185 0.901277 0.939983 0.821354 0.967668 0.762295 0.802849 0.811925 0.911739 0.586112 0.629603 0.916732 0.979085 0.724049 0.791125 0.550775 0.559536 0.913289 0.927628 0.826245 0.922351 0.916919 0.586802 0.716677 0.861760 0.724218 0.920316
0.671884 0.661288 0.000000 0.468359 0.542592 0.815794 0.504135 0.682508 0.628236 0.715850 0.766273 0.807343 0.599981 0.782057 0.610839 0.582386 0.724380 0.657536 0.446315 0.589873 0.572859 0.891453 0.474257 0.664711 0.562858 0.560922 0.986500 0.980517 0.606761 0.656722 0.629192 0.723675 0.504281 0.560310 0.724846 0.856906 0.553506 0.830285 0.618858 0.776028 0.821577 0.814659 0.607201 0.660953 0.631520 0.659202 0.645291 0.659360 0.680601 0.735270 0.775581 0.785301 0.777917 0.976867 0.688897 0.891556 0.693286 0.650740 0.684916 0.692790 0.459918 0.769405 0.699505 0.696753 0.483862 0.631037 0.567180 0.655721 0.804828 0.606640 0.714736 0.763975 0.737686 0.699319 0.982912 0.788696 0.649541 0.681046 0.729291 0.664685 0.765424 0.744605 0.828485 0.859600 0.729673 0.834804 0.998561 0.871195 0.885459 0.722399 0.743415 0.731302 0.749913 0.766678 0.867788 0.680635 0.871434 0.815972 0.675999 0.565861 0.868119 0.765901 0.839190 0.853045 0.756768 0.662956 0.831650 0.752245 0.908561 0.960165 0.801781 0.715696 0.520731 0.800207 0.807825 0.937575
0.388230 0.347437 0.468359 0.000000 0.737347 0.551918 0.395694 0.299816 0.586501 0.521081 0.462771 0.340675 0.458004 0.342968 0.640816 0.400601 0.412880 0.382253 0.337731 0.301449 0.590265 0.944458 0.562329 0.503711 0.790827 0.685091 0.939528 0.990053 0.380091 0.376976 0.586979 0.645827 0.374420 0.361140 0.775175 0.768571 0.621383 0.699018 0.683404 0.798616 0.786585 0.831086 0.485357 0.529658 0.492796 0.492163 0.458314 0.447140 0.510825 0.472121 0.507193 0.501970 0.616460 0.810424 0.595351 0.626603 0.457685 0.406073 0.503084 0.466685 0.274882 0.335334 0.324197 0.289913 0.687672 0.298139 0.527087 0.564231 0.668652 0.457064 0.603765 0.658857 0.662226 0.603626 0.779257 0.587720 0.527524 0.586061 0.498554 0.532845 0.525155 0.518138 0.694265 0.720350 0.769973 0.705502 0.881419 0.875889 0.791568 0.566424 0.597077 0.759200 0.595250 0.807918 0.666750 0.605702 0.664154 0.803525 0.440447 0.457247 0.621710 0.703923 0.651406 0.699274 0.517998 0.560244 0.940144 0.857706 0.730703 0.863704 0.773441 0.559673 0.562045 0.766472 0.584783 0.864468
0.766048 0.850560 0.542592 0.737347 0.000000 0.826772 0.846491 0.880388 0.931324 0.940657 0.944677 0.893460 0.570131 0.845352 0.550730 0.618432 0.920537 0.880833 0.792983 0.932231 0.777226 0.964629 0.527622 0.631575 0.635677 0.795494 0.658583 0.874501 0.884313 0.857928 0.980110 0.946122 0.746976 0.950728 0.851157 0.806441 0.874100 0.961753 0.949885 0.689577 0.809035 0.901914 0.879605 0.917464 0.929220 0.867113 0.751271 0.788539 0.640393 0.805879 0.945224 0.902561 0.908974 0.807607 0.683929 0.828570 0.935487 0.778450 0.804521 0.746019 0.669057 0.826389 0.839754 0.830487 0.474580 0.660472 0.969477 0.967100 0.783921 0.668581 0.883467 0.800779 0.815155 0.971643 0.904023 0.989623 0.868409 0.918977 0.960576 0.745973 0.813920 0.724806 0.808987 0.751242 0.524386 0.672245 0.624462 0.906164 0.617270 0.674325 0.959738 0.922727 0.945142 0.980399 0.898619 0.978822 0.987794 0.970585 0.986594 0.894150 0.780790 0.993393 0.916695 0.912204 0.995759 0.878345 0.801029 0.940995 0.968494 0.898244 0.858731 0.974473 0.715240 0.964172 0.934324 0.958762
0.737683 0.681771 0.815794 0.551918 0.826772 0.000000 0.623700 0.553708 0.736456 0.690074 0.770406 0.617460 0.810441 0.614518 0.908071 0.609259 0.731158 0.686111 0.732439 0.660290 0.782037 0.913457 0.803719 0.713549 0.967764 0.926175 0.862868 0.994089 0.714567 0.670207 0.690787 0.729040 0.572563 0.656870 0.796321 0.714528 0.864304 0.962530 0.994777 0.949292 0.726882 0.986693 0.671485 0.679823 0.720082 0.724496 0.837748 0.732039 0.775275 0.669366 0.623483 0.625664 0.623569 0.712780 0.821228 0.841770 0.737069 0.774071 0.853409 0.727077 0.691950 0.640737 0.718052 0.601945 0.978533 0.618449 0.789278 0.671147 0.939936 0.779743 0.773592 0.817352 0.735321 0.802687 0.957082 0.737687 0.789844 0.639828 0.843008 0.769263 0.854252 0.858900 0.948071 0.967775 0.997433 0.932690 0.836204 0.820135 0.953916 0.870253 0.647727 0.807338 0.720419 0.762119 0.790421 0.814229 0.933499 0.735606 0.600730 0.774146 0.712374 0.822449 0.895269 0.740880 0.766047 0.931288 0.974912 0.991104 0.884523 0.996590 0.756706 0.725499 0.851169 0.801688 0.781097 0.825120
0.762399 0.618276 0.504135 0.395694 0.846491 0.623700 0.000000 0.297575 0.425687 0.379385 0.669314 0.615798 0.836100 0.646034 0.876046 0.586097 0.608993 0.524410 0.412266 0.503918 0.642661 0.877053 0.593424 0.678754 0.982795 0.817704 0.661435 0.837928 0.439738 0.353544 0.301738 0.384172 0.349622 0.287531 0.622374 0.990941 0.812379 0.808728 0.787019 0.938372 0.841496 0.860769 0.281567 0.347092 0.249675 0.367338 0.745311 0.561431 0.667290 0.608671 0.443413 0.471040 0.389006 0.438795 0.873815 0.896337 0.627161 0.748714 0.756767 0.819495 0.406019 0.584718 0.526737 0.490371 0.953204 0.648695 0.239247 0.291795 0.991670 0.768783 0.477189 0.429013 0.412559 0.386494 0.976075 0.649210 0.478793 0.440044 0.681670 0.673653 0.831839 0.957280 0.851777 0.893734 0.895443 0.955435 0.832196 0.800782 0.883601 0.931399 0.373479 0.533299 0.488799 0.663722 0.746424 0.627166 0.559325 0.673767 0.283288 0.290606 0.463028 0.482038 0.521137 0.636209 0.467173 0.677466 0.667685 0.671138 0.646379 0.817535 0.599067 0.513270 0.360725 0.675534 0.571361 0.879270
0.623394 0.534346 0.682508 0.299816 0.880388 0.553708 0.297575 0.000000 0.479889 0.288505 0.520075 0.343583 0.722987 0.409383 0.952752 0.640222 0.579301 0.518301 0.529770 0.446103 0.814022 0.986074 0.802199 0.754087 0.899345 0.941948 0.648739 0.842812 0.418239 0.367003 0.553823 0.593561 0.483335 0.363275 0.673791 0.867819 0.851787 0.794891 0.852615 0.995816 0.836700 0.936798 0.433018 0.474042 0.344431 0.363949 0.632994 0.488784 0.555971 0.490868 0.397973 0.413242 0.434017 0.517721 0.733021 0.674410 0.668853 0.658478 0.622885 0.601737 0.343306 0.268298 0.391390 0.295635 0.977654 0.428440 0.406231 0.368068 0.915635 0.623439 0.624621 0.601771 0.551072 0.558469 0.838762 0.628370 0.506072 0.584861 0.629793 0.722645 0.716749 0.810420 0.898343 0.960043 0.930502 0.988197 0.836834 0.829885 0.945889 0.733438 0.444339 0.682640 0.502955 0.761938 0.769896 0.716460 0.565461 0.708606 0.345093 0.418783 0.421679 0.628694 0.600157 0.677956 0.475906 0.670736 0.806466 0.827522 0.674974 0.733346 0.680312 0.568238 0.505662 0.733361 0.580828 0.843520
0.896336 0.782972 0.628236 0.586501 0.931324 0.736456 0.425687 0.479889 0.000000 0.379269 0.669218 0.654235 0.907700 0.833271 0.930333 0.695050 0.714524 0.588809 0.672781 0.621101 0.627866 0.841518 0.832650 0.959373 0.920403 0.726348 0.748713 0.831550 0.471318 0.548193 0.481256 0.637411 0.593027 0.468478 0.708639 0.943200 0.666459 0.848059 0.745467 0.870418 0.764820 0.865975 0.505383 0.580327 0.525706 0.666781 0.999097 0.829534 0.806181 0.852592 0.730052 0.791305 0.604918 0.664222 0.976557 0.899866 0.715257 0.864779 0.985065 0.927102 0.630353 0.652266 0.669380 0.618712 0.922841 0.778376 0.485615 0.574198 0.903717 0.743782 0.441269 0.484643 0.524403 0.544446 0.950920 0.680260 0.626368 0.614531 0.731565 0.692847 0.957039 0.921412 0.963346 0.892663 0.843697 0.813990 0.822622 0.756349 0.785787 0.936543 0.449949 0.480282 0.562033 0.498924 0.642426 0.764297 0.837694 0.716885 0.504046 0.488392 0.542739 0.631555 0.677767 0.779650 0.682329 0.827765 0.790842 0.775713 0.828148 0.998036 0.735060 0.671531 0.679097 0.776901 0.747949 0.840043
0.815437 0.743820 0.715850 0.521081 0.940657 0.690074 0.379385 0.288505 0.379269 0.000000 0.632944 0.524352 0.923966 0.717167 0.982660 0.741616 0.661764 0.551445 0.618425 0.550537 0.835463 0.960645 0.930893 0.978569 0.833500 0.934349 0.644609 0.815878 0.451444 0.453808 0.501451 0.633145 0.604116 0.425277 0.629207 0.968563 0.812692 0.786132 0.979795 0.959591 0.912654 0.909369 0.502180 0.552685 0.429494 0.530721 0.902742 0.707357 0.758063 0.783082 0.632419 0.671265 0.576247 0.579814 0.967231 0.924621 0.766195 0.872777 0.866580 0.936823 0.567078 0.484504 0.549068 0.457034 0.898452 0.700151 0.438013 0.483680 0.944661 0.740672 0.463923 0.467071 0.577480 0.518622 0.971727 0.695722 0.613393 0.589691 0.703673 0.768857 0.856138 0.965927 0.923738 0.807068 0.727988 0.742173 0.728989 0.653581 0.887143 0.963278 0.347377 0.474174 0.437911 0.532409 0.801366 0.766630 0.646232 0.677904 0.360490 0.440579 0.446444 0.526005 0.598921 0.730397 0.596791 0.781121 0.868534 0.843354 0.766038 0.854873 0.577747 0.573649 0.549705 0.842766 0.726112 0.790947
0.343946 0.325473 0.766273 0.462771 0.944677 0.770406 0.669314 0.520075 0.669218 0.632944 0.000000 0.288136 0.490404 0.356727 0.650354 0.516558 0.320196 0.310770 0.441767 0.401110 0.692906 0.870467 0.922944 0.789355 0.976879 0.919290 0.957330 0.988310 0.325916 0.353975 0.817443 0.830597 0.512515 0.489790 0.966832 0.638384 0.550969 0.545495 0.565260 0.602377 0.790907 0.747189 0.610923 0.582721 0.696748 0.616006 0.538216 0.573327 0.495639 0.555396 0.590461 0.597106 0.828388 0.981887 0.663241 0.618254 0.340717 0.332773 0.452823 0.520516 0.399911 0.376881 0.314967 0.275444 0.778923 0.397802 0.845519 0.737971 0.605264 0.493659 0.703118 0.710409 0.620581 0.614873 0.771796 0.683547 0.548196 0.739305 0.368480 0.548643 0.368733 0.418542 0.649827 0.528404 0.740141 0.659142 0.966781 0.953310 0.726996 0.548704 0.901466 0.978428 0.908659 0.954521 0.721736 0.809969 0.851963 0.920606 0.655843 0.794163 0.883435 0.948423 0.727979 0.845774 0.647156 0.725723 0.814192 0.923548 0.817796 0.857084 0.961602 0.657055 0.673550 0.986447 0.713055 0.781481
0.325389 0.326853 0.807343 0.340675 0.893460 0.617460 0.615798 0.343583 0.654235 0.524352 0.288136 0.000000 0.434410 0.246019 0.691333 0.455057 0.376330 0.353067 0.490223 0.375458 0.745194 0.886218 0.866593 0.714048 0.972879 0.989138 0.949903 0.989536 0.349503 0.383749 0.864241 0.857326 0.510882 0.477808 0.961306 0.715834 0.733841 0.687002 0.715790 0.776092 0.843908 0.856988 0.650769 0.615087 0.633365 0.535621 0.465240 0.459625 0.447261 0.410399 0.504552 0.467609 0.684509 0.877586 0.597883 0.544061 0.437261 0.355271 0.439244 0.417461 0.327368 0.190502 0.258804 0.200409 0.812467 0.248526 0.786230 0.669742 0.627573 0.444988 0.755538 0.758990 0.717032 0.686479 0.742032 0.720314 0.596285 0.722993 0.448992 0.601114 0.407180 0.441653 0.676475 0.544842 0.746473 0.670127 0.990977 0.990991 0.652465 0.568294 0.758515 0.919178 0.753554 0.942939 0.743016 0.785261 0.754920 0.800289 0.581496 0.686693 0.722971 0.902776 0.766292 0.784696 0.524961 0.649715 0.886784 0.980088 0.806935 0.848020 0.919716 0.597096 0.740768 0.944718 0.698183 0.828719
0.310551 0.402796 0.599981 0.458004 0.570131 0.810441 0.836100 0.722987 0.907700 0.923966 0.490404 0.434410 0.000000 0.403761 0.293382 0.327565 0.521973 0.555800 0.495104 0.543590 0.700706 0.954452 0.476723 0.489333 0.727048 0.894505 0.649390 0.735468 0.575733 0.654908 0.894307 0.876776 0.596224 0.702682 0.978016 0.708939 0.625856 0.850956 0.690976 0.625773 0.894542 0.836320 0.830034 0.840059 0.863712 0.737975 0.402287 0.454704 0.403208 0.505361 0.743742 0.670535 0.935513 0.755713 0.556080 0.559740 0.532210 0.315279 0.383801 0.324227 0.368919 0.461114 0.475342 0.479502 0.335710 0.274346 0.990642 0.970002 0.554330 0.364335 0.971942 0.922476 0.893158 0.944405 0.716499 0.803852 0.753719 0.890105 0.611009 0.574171 0.474162 0.319399 0.553373 0.406854 0.354406 0.412443 0.851153 0.872535 0.473938 0.494103 0.955460 0.897789 0.985872 0.927644 0.773897 0.803142 0.939962 0.960714 0.828884 0.826844 0.865862 0.947509 0.964517 0.982440 0.791995 0.656224 0.854242 0.956567 0.916935 0.976052 0.957313 0.749047 0.829763 0.985942 0.782700 0.893493
0.363027 0.336130 0.782057 0.342968 0.845352 0.614518 0.646034 0.409383 0.833271 0.717167 0.356727 0.246019 0.403761 0.000000 0.616377 0.443959 0.426072 0.425851 0.468847 0.415158 0.798269 0.967544 0.723664 0.498901 0.981429 0.971485 0.957739 0.944028 0.435217 0.380878 0.880766 0.771260 0.498568 0.550474 0.957554 0.707166 0.782620 0.732882 0.784204 0.774395 0.821347 0.940881 0.630500 0.572852 0.632618 0.498619 0.428157 0.425809 0.463038 0.362975 0.437437 0.410887 0.656516 0.850091 0.532106 0.472056 0.497945 0.346190 0.398199 0.345380 0.361856 0.281854 0.338711 0.276046 0.819476 0.263325 0.835994 0.706945 0.728865 0.514771 0.917805 0.841314 0.785853 0.792946 0.774634 0.690259 0.633069 0.821680 0.499630 0.583075 0.439849 0.389034 0.596658 0.487405 0.713883 0.557405 0.966251 0.856790 0.614474 0.474608 0.887328 0.863529 0.903068 0.859198 0.768496 0.796946 0.734577 0.901229 0.650176 0.790996 0.786364 0.904923 0.809337 0.827952 0.645722 0.690571 0.934681 0.984731 0.785664 0.833725 0.999604 0.725926 0.736535 0.899076 0.583421 0.864530
0.504260 0.583160 0.610839 0.640816 0.550730 0.908071 0.876046 0.952752 0.930333 0.982660 0.650354 0.691333 0.293382 0.616377 0.000000 0.302149 0.609977 0.601058 0.508134 0.644877 0.593540 0.942804 0.350380 0.442711 0.626271 0.782344 0.559604 0.732644 0.687728 0.702404 0.970590 0.968330 0.612065 0.798119 0.995326 0.824020 0.674791 0.883369 0.761789 0.641715 0.884240 0.870672 0.871777 0.879237 0.975637 0.929799 0.642483 0.661018 0.652429 0.759977 0.951207 0.904664 0.953881 0.699044 0.690592 0.811839 0.574447 0.452595 0.606805 0.616800 0.577609 0.773371 0.669100 0.711300 0.345823 0.507361 0.962672 0.922745 0.527898 0.527575 0.973962 0.980300 0.874726 0.916815 0.825621 0.782831 0.884816 0.922608 0.769987 0.553117 0.579110 0.455623 0.571347 0.542799 0.401285 0.454306 0.820530 0.832139 0.574897 0.653622 0.947204 0.921441 0.931517 0.942810 0.719588 0.792995 0.993935 0.995182 0.889034 0.879427 0.743058 0.983785 0.938892 0.974172 0.890121 0.814476 0.961984 0.941423 0.936322 0.844883 0.912877 0.847903 0.802096 0.948969 0.805174 0.927824
0.435621 0.393128 0.582386 0.400601 0.618432 0.609259 0.586097 0.640222 0.695050 0.741616 0.516558 0.455057 0.327565 0.443959 0.302149 0.000000 0.438059 0.417343 0.359598 0.426683 0.571866 0.898338 0.367816 0.384246 0.808346 0.822074 0.775754 0.853424 0.480565 0.473286 0.717191 0.803614 0.410703 0.546314 0.951672 0.728764 0.583188 0.761261 0.714696 0.727519 0.778622 0.805362 0.582541 0.587973 0.681172 0.649665 0.554238 0.512839 0.492608 0.550768 0.639319 0.599277 0.719952 0.967905 0.713798 0.803938 0.432292 0.388740 0.590478 0.584084 0.427347 0.560400 0.482401 0.465919 0.482924 0.393820 0.794458 0.819917 0.601688 0.508731 0.724151 0.696766 0.851370 0.722078 0.828668 0.718189 0.690768 0.663992 0.592107 0.506084 0.562652 0.528803 0.606766 0.631047 0.595582 0.596215 0.974058 0.995362 0.655459 0.713016 0.751595 0.825139 0.803156 0.863434 0.637599 0.705348 0.910235 0.813265 0.630134 0.597893 0.942172 0.839348 0.846259 0.847855 0.687253 0.729839 0.974603 0.932416 0.810659 0.890999 0.880522 0.572691 0.657268 0.936246 0.737424 0.895381
0.308820 0.257960 0.724380 0.412880 0.920537 0.731158 0.608993 0.579301 0.714524 0.661764 0.320196 0.376330 0.521973 0.426072 0.609977 0.438059 0.000000 0.208408 0.400520 0.338432 0.574411 0.953406 0.801035 0.671669 0.839280 0.780222 0.934443 0.908238 0.317781 0.299750 0.647855 0.644099 0.420625 0.419816 0.987615 0.702141 0.550369 0.594148 0.724420 0.671780 0.786694 0.642234 0.501457 0.482436 0.635622 0.615511 0.513905 0.481793 0.495949 0.503585 0.565214 0.572868 0.824767 0.966695 0.629111 0.599285 0.222601 0.299229 0.480398 0.586745 0.427653 0.501861 0.284971 0.278234 0.735012 0.482731 0.742233 0.710363 0.509709 0.468136 0.547820 0.574908 0.599028 0.442881 0.745226 0.734708 0.598461 0.613212 0.389357 0.401847 0.311127 0.410097 0.505204 0.566351 0.707835 0.620431 0.893043 0.948800 0.726723 0.581369 0.813125 0.861579 0.813291 0.927644 0.709857 0.754891 0.747964 0.895514 0.560814 0.625956 0.875402 0.858521 0.761671 0.705446 0.544645 0.634497 0.967181 0.921318 0.758130 0.893890 0.779161 0.619648 0.678771 0.941614 0.734042 0.899645
0.349993 0.284141 0.657536 0.382253 0.880833 0.686111 0.524410 0.518301 0.588809 0.551445 0.310770 0.353067 0.555800 0.425851 0.601058 0.417343 0.208408 0.000000 0.325146 0.319434 0.563625 0.981171 0.791492 0.645630 0.844308 0.772221 0.947028 0.987096 0.259230 0.250621 0.589305 0.559314 0.340564 0.346797 0.921084 0.754193 0.585429 0.608654 0.677385 0.704971 0.802980 0.612962 0.424475 0.418426 0.550580 0.541904 0.530846 0.480286 0.522888 0.527698 0.524348 0.559471 0.753752 0.979362 0.658423 0.607274 0.224808 0.309923 0.494244 0.627774 0.392487 0.479983 0.248711 0.257219 0.757347 0.482995 0.688823 0.632031 0.558991 0.522293 0.513355 0.515977 0.560825 0.466586 0.834829 0.700885 0.557307 0.521886 0.355338 0.354549 0.333473 0.460229 0.539041 0.556799 0.753124 0.666798 0.914004 0.965082 0.795938 0.612940 0.762282 0.806349 0.779199 0.891599 0.707699 0.664774 0.689526 0.804470 0.469200 0.545974 0.809618 0.762866 0.656361 0.629898 0.524848 0.614980 0.982483 0.900045 0.833576 0.913776 0.815517 0.523092 0.587468 0.881550 0.669472 0.880822
0.427854 0.382682 0.446315 0.337731 0.792983 0.732439 0.412266 0.529770 0.672781 0.618425 0.441767 0.490223 0.495104 0.468847 0.508134 0.359598 0.400520 0.325146 0.000000 0.355865 0.552962 0.912845 0.531173 0.520749 0.775193 0.783615 0.996760 0.967311 0.386832 0.362866 0.531161 0.553283 0.364100 0.331997 0.916930 0.811527 0.629986 0.644775 0.667185 0.785905 0.899379 0.714865 0.491423 0.528562 0.551146 0.559663 0.560145 0.489153 0.601122 0.587299 0.604874 0.621764 0.721535 0.857706 0.767680 0.758842 0.376975 0.405313 0.532795 0.597712 0.377247 0.593162 0.426650 0.433685 0.681938 0.487916 0.581050 0.648031 0.648427 0.586891 0.577315 0.514105 0.556812 0.468153 0.952129 0.653995 0.507242 0.519030 0.525927 0.514495 0.535598 0.550859 0.677085 0.701336 0.793655 0.764129 0.963067 0.918530 0.831131 0.751494 0.663435 0.747253 0.699445 0.761239 0.719509 0.650686 0.679412 0.886955 0.478385 0.473686 0.753071 0.687418 0.702594 0.705866 0.641247 0.657603 0.925876 0.866464 0.738572 0.970163 0.814770 0.499093 0.436463 0.861237 0.653063 0.893024
0.384350 0.299335 0.589873 0.301449 0.932231 0.660290 0.503918 0.446103 0.621101 0.550537 0.401110 0.375458 0.543590 0.415158 0.644877 0.426683 0.338432 0.319434 0.355865 0.000000 0.659526 0.958952 0.697064 0.636353 0.835512 0.771732 0.923812 0.968573 0.323752 0.364501 0.585660 0.625706 0.449621 0.360386 0.944928 0.780808 0.577457 0.635347 0.607388 0.804427 0.728518 0.741270 0.533587 0.529301 0.610237 0.587566 0.582611 0.480038 0.612238 0.536674 0.578231 0.601167 0.731682 0.860402 0.668810 0.661225 0.360363 0.386289 0.564511 0.558666 0.400400 0.456088 0.350664 0.350966 0.781313 0.439750 0.657668 0.678416 0.612978 0.473732 0.503462 0.527904 0.540773 0.503413 0.767581 0.745072 0.513185 0.598241 0.476846 0.551896 0.484744 0.564072 0.657688 0.700408 0.835918 0.774575 0.809898 0.848913 0.820137 0.668448 0.654310 0.726400 0.612094 0.802666 0.781945 0.689916 0.710655 0.806621 0.483150 0.519293 0.750904 0.761999 0.674338 0.746817 0.567109 0.651104 0.941390 0.880221 0.762392 0.907970 0.846565 0.553519 0.637378 0.848233 0.702086 0.797833
0.675512 0.618867 0.572859 0.590265 0.777226 0.782037 0.642661 0.814022 0.627866 0.835463 0.692906 0.745194 0.700706 0.798269 0.593540 0.571866 0.574411 0.563625 0.552962 0.659526 0.000000 0.801888 0.620795 0.734483 0.782399 0.691628 0.875265 0.942121 0.621028 0.610431 0.575237 0.688068 0.614108 0.610235 0.959580 0.897763 0.687261 0.905854 0.786438 0.740092 0.846584 0.912357 0.694932 0.717195 0.792175 0.857749 0.819261 0.831570 0.783743 0.811799 0.846899 0.869067 0.871102 0.997905 0.768804 0.969964 0.556289 0.642815 0.849045 0.913521 0.682784 0.845769 0.692456 0.692392 0.679791 0.761733 0.757506 0.814772 0.662670 0.619451 0.698070 0.774306 0.703853 0.685050 0.973968 0.753690 0.819012 0.652269 0.681791 0.558987 0.711317 0.689207 0.740253 0.802969 0.801659 0.795244 0.791811 0.982344 0.986856 0.906262 0.827773 0.855531 0.848252 0.831000 0.631702 0.867156 0.886561 0.916880 0.736912 0.688247 0.997755 0.746148 0.877758 0.826740 0.652079 0.815149 0.970281 0.978808 0.756272 0.852351 0.797619 0.774896 0.771151 0.996697 0.820667 0.967573
0.893760 0.943806 0.891453 0.944458 0.964629 0.913457 0.877053 0.986074 0.841518 0.960645 0.870467 0.886218 0.954452 0.967544 0.942804 0.898338 0.953406 0.981171 0.912845 0.958952 0.801888 0.000000 0.768266 0.765832 0.957677 0.890390 0.945535 0.974885 0.971565 0.992878 0.767953 0.726347 0.880782 0.902241 0.890450 0.994952 0.912387 0.956413 0.945112 0.959719 0.988640 0.980086 0.846824 0.871449 0.920499 0.999272 0.866897 0.886226 0.928334 0.991734 0.958160 0.995826 0.830099 0.814131 0.915038 0.897655 0.970534 0.964992 0.798490 0.838234 0.904934 0.809847 0.799787 0.899324 0.999279 0.880181 0.843663 0.963853 0.988637 0.935760 0.824912 0.739173 0.925163 0.848526 0.991737 0.828401 0.923706 0.795649 0.924938 0.951943 0.902114 0.916365 0.993119 0.940841 0.951271 0.995416 0.905310 0.908955 0.950697 0.833751 0.799869 0.786097 0.849560 0.789811 0.906619 0.833437 0.930039 0.943070 0.871181 0.817553 0.893808 0.923240 0.909362 0.817104 0.832076 0.837906 0.905958 0.846269 0.772393 0.801266 0.908017 0.951313 0.977878 0.651680 0.899518 0.937055
0.733262 0.708743 0.474257 0.562329 0.527622 0.803719 0.593424 0.802199 0.832650 0.930893 0.922944 0.866593 0.476723 0.723664 0.350380 0.367816 0.801035 0.791492 0.531173 0.697064 0.620795 0.768266 0.000000 0.318711 0.647313 0.670950 0.782292 0.825925 0.756551 0.735849 0.695216 0.802788 0.515885 0.688926 0.831397 0.989950 0.747898 0.990735 0.825212 0.892902 0.849830 0.925478 0.673096 0.722558 0.683707 0.717723 0.711149 0.646309 0.658333 0.694443 0.778051 0.736240 0.736631 0.907896 0.785527 0.911914 0.776504 0.689295 0.796465 0.732513 0.556122 0.848126 0.813671 0.831549 0.437229 0.609717 0.697895 0.807597 0.833988 0.692581 0.907126 0.854788 0.989427 0.832248 0.823761 0.769352 0.843583 0.739303 0.903481 0.667484 0.845606 0.752164 0.747950 0.853015 0.599120 0.636036 0.956351 0.947303 0.767245 0.832069 0.751821 0.817957 0.799829 0.883098 0.739199 0.712820 0.852309 0.858662 0.676394 0.590786 0.993297 0.773908 0.884926 0.927723 0.774132 0.736566 0.785374 0.751572 0.811972 0.886696 0.885505 0.778208 0.633826 0.812681 0.689343 0.989161
0.640652 0.568091 0.664711 0.503711 0.631575 0.713549 0.678754 0.754087 0.959373 0.978569 0.789355 0.714048 0.489333 0.498901 0.442711 0.384246 0.671669 0.645630 0.520749 0.636353 0.734483 0.765832 0.318711 0.000000 0.727763 0.802807 0.825263 0.857588 0.723576 0.632905 0.803377 0.725988 0.499116 0.666399 0.986349 0.854175 0.855699 0.985764 0.810790 0.911564 0.856565 0.882078 0.666384 0.661370 0.748123 0.719398 0.638329 0.642258 0.668871 0.618449 0.660164 0.630445 0.731677 0.913951 0.768884 0.688909 0.659646 0.571306 0.705762 0.628021 0.597085 0.750796 0.685363 0.703472 0.630538 0.526567 0.828127 0.832012 0.858462 0.743397 0.997896 0.902269 0.918784 0.872851 0.808897 0.787399 0.809352 0.810876 0.761126 0.544962 0.689759 0.582992 0.621778 0.622512 0.605024 0.501976 0.957914 0.776578 0.675138 0.651587 0.927423 0.968275 0.977727 0.883782 0.822644 0.735181 0.854863 0.863352 0.752895 0.712695 0.971350 0.889396 0.906636 0.909403 0.855783 0.846895 0.921118 0.883165 0.815743 0.957588 0.974609 0.730764 0.697096 0.857132 0.740564 0.986738
0.700940 0.757336 0.562858 0.790827 0.635677 0.967764 0.982795 0.899345 0.920403 0.833500 0.976879 0.972879 0.727048 0.981429 0.626271 0.808346 0.839280 0.844308 0.775193 0.835512 0.782399 0.957677 0.647313 0.727763 0.000000 0.521176 0.665523 0.966604 0.889369 0.986677 0.945342 0.990102 0.724433 0.854824 0.954527 0.973214 0.688617 0.938301 0.722663 0.783379 0.807679 0.775531 0.993816 0.981767 0.969268 0.943869 0.782353 0.909491 0.850789 0.920954 0.914486 0.910943 0.788098 0.603450 0.737093 0.819813 0.730408 0.695835 0.758772 0.761790 0.742522 0.984744 0.879322 0.958586 0.482105 0.785743 0.995111 0.993968 0.571821 0.698386 0.914149 0.961065 0.935855 0.869154 0.785867 0.952455 0.998837 0.853675 0.906930 0.699844 0.671487 0.709936 0.768801 0.695543 0.465909 0.575555 0.927558 0.978736 0.781845 0.677236 0.876328 0.990287 0.949009 0.970611 0.960745 0.750448 0.983459 0.980337 0.972402 0.927581 0.769334 0.875123 0.969090 0.945291 0.890530 0.817874 0.992794 0.975445 0.895301 0.981426 0.919151 0.931384 0.866055 0.965627 0.981190 0.881494
0.832203 0.809154 0.560922 0.685091 0.795494 0.926175 0.817704 0.941948 0.726348 0.934349 0.919290 0.989138 0.894505 0.971485 0.782344 0.822074 0.780222 0.772221 0.783615 0.771732 0.691628 0.890390 0.670950 0.802807 0.521176 0.000000 0.944377 0.995047 0.754039 0.874884 0.680963 0.826061 0.666581 0.734876 0.798163 0.986374 0.604086 0.888591 0.729578 0.809506 0.796227 0.783943 0.774133 0.835375 0.814228 0.891276 0.870953 0.925792 0.845325 0.913894 0.930362 0.992586 0.934031 0.899623 0.896363 0.998855 0.766451 0.804725 0.957964 0.977158 0.752652 0.953866 0.841414 0.893151 0.621763 0.848797 0.770579 0.838507 0.809730 0.843233 0.687877 0.811067 0.864737 0.714102 0.857606 0.807113 0.924090 0.821061 0.884132 0.702998 0.776977 0.840394 0.842923 0.939905 0.757684 0.837990 0.907959 0.891300 0.934286 0.804174 0.808561 0.708012 0.768402 0.822886 0.822660 0.832749 0.981107 0.945493 0.773823 0.752015 0.968885 0.928744 0.810466 0.924393 0.817261 0.837005 0.872730 0.808599 0.990653 0.974226 0.891294 0.920980 0.826922 0.838514 0.906003 0.942478
0.785298 0.863938 0.986500 0.939528 0.658583 0.862868 0.661435 0.648739 0.748713 0.644609 0.957330 0.949903 0.649390 0.957739 0.559604 0.775754 0.934443 0.947028 0.996760 0.923812 0.875265 0.945535 0.782292 0.825263 0.665523 0.944377 0.000000 0.712900 0.935284 0.844894 0.686954 0.680601 0.921132 0.740085 0.849894 0.863696 0.879948 0.970253 0.965054 0.680528 0.912463 0.801584 0.800026 0.751803 0.639532 0.730873 0.869976 0.984175 0.855269 0.924665 0.744719 0.807631 0.683500 0.437379 0.895470 0.914455 0.850628 0.764082 0.918260 0.867001 0.966017 0.903900 0.979418 0.925890 0.536399 0.888289 0.584929 0.590618 0.613741 0.764709 0.764789 0.726395 0.617723 0.814293 0.802813 0.876730 0.734244 0.808200 0.895263 0.799446 0.756712 0.706710 0.800420 0.642452 0.427304 0.497272 0.725930 0.717805 0.584551 0.771088 0.616034 0.741800 0.677733 0.789181 0.856589 0.980878 0.792364 0.841623 0.725697 0.784782 0.493061 0.673490 0.742157 0.844001 0.894378 0.930803 0.899135 0.815672 0.766411 0.860940 0.799126 0.861693 0.833892 0.843824 0.959762 0.910522
0.925260 0.913818 0.980517 0.990053 0.874501 0.994089 0.837928 0.842812 0.831550 0.815878 0.988310 0.989536 0.735468 0.944028 0.732644 0.853424 0.908238 0.987096 0.967311 0.968573 0.942121 0.974885 0.825925 0.857588 0.966604 0.995047 0.712900 0.000000 0.943718 0.937493 0.799010 0.829416 0.887284 0.856145 0.933639 0.791440 0.922711 0.758546 0.942250 0.753121 0.937192 0.815643 0.967185 0.908836 0.859853 0.890735 0.891101 0.941438 0.889115 0.959321 0.929217 0.949037 0.891750 0.754983 0.862035 0.808868 0.959960 0.876428 0.926691 0.864324 0.991896 0.964207 0.970096 0.977095 0.725062 0.906996 0.785570 0.862659 0.918631 0.817680 0.918919 0.846226 0.730506 0.881994 0.839516 0.874472 0.950407 0.801251 0.951709 0.897521 0.975657 0.816330 0.962192 0.890113 0.774718 0.762598 0.997051 0.947831 0.760589 0.773164 0.762185 0.897489 0.771922 0.819488 0.948316 0.911993 0.918224 0.857269 0.884685 0.914848 0.679080 0.881277 0.799130 0.891371 0.910701 0.928237 0.913499 0.842801 0.927984 0.826559 0.899367 0.909770 0.852976 0.970828 0.827727 0.937807
0.435371 0.332255 0.606761 0.380091 0.884313 0.714567 0.439738 0.418239 0.471318 0.451444 0.325916 0.349503 0.575733 0.435217 0.687728 0.480565 0.317781 0.259230 0.386832 0.323752 0.621028 0.971565 0.756551 0.723576 0.889369 0.754039 0.935284 0.943718 0.000000 0.289127 0.571958 0.600459 0.362464 0.307118 0.836934 0.816340 0.586738 0.634832 0.655193 0.779291 0.790521 0.676894 0.443707 0.455835 0.466426 0.483479 0.567935 0.516112 0.508639 0.523595 0.491557 0.546420 0.662961 0.820366 0.745814 0.650069 0.357959 0.418703 0.555603 0.610529 0.352787 0.436063 0.307883 0.292857 0.778966 0.457916 0.597116 0.573504 0.688292 0.497161 0.488368 0.501781 0.495536 0.424188 0.798535 0.712078 0.507024 0.548385 0.431066 0.461888 0.483390 0.591314 0.668089 0.684268 0.833576 0.784918 0.890019 0.868019 0.867190 0.706365 0.659407 0.710611 0.657911 0.762488 0.709666 0.690343 0.718236 0.705971 0.434629 0.533409 0.711468 0.730730 0.619931 0.700715 0.479827 0.608743 0.968746 0.807551 0.792313 0.883771 0.873624 0.534389 0.562462 0.831652 0.645158 0.832917
0.498861 0.373285 0.656722 0.376976 0.857928 0.670207 0.353544 0.367003 0.548193 0.453808 0.353975 0.383749 0.654908 0.380878 0.702404 0.473286 0.299750 0.250621 0.362866 0.364501 0.610431 0.992878 0.735849 0.632905 0.986677 0.874884 0.844894 0.937493 0.289127 0.000000 0.457661 0.458739 0.342494 0.326674 0.832202 0.852709 0.690179 0.625223 0.764153 0.764770 0.776367 0.703214 0.339886 0.304054 0.374637 0.390929 0.587179 0.501585 0.509999 0.474730 0.387258 0.420226 0.530548 0.707771 0.651392 0.624942 0.357056 0.438590 0.512298 0.660217 0.351779 0.425574 0.271617 0.256316 0.898882 0.502828 0.520252 0.438656 0.759261 0.571949 0.547488 0.491238 0.469584 0.375608 0.846817 0.631800 0.537379 0.536523 0.465310 0.429179 0.447839 0.589284 0.532866 0.718063 0.907410 0.776765 0.925409 0.992582 0.863197 0.662236 0.666915 0.831045 0.761870 0.901603 0.720243 0.781009 0.618413 0.843885 0.435217 0.509409 0.692398 0.709190 0.593170 0.675777 0.504403 0.660453 0.885747 0.906147 0.775956 0.842626 0.742865 0.586841 0.470064 0.820989 0.606543 0.841762
0.942665 0.745508 0.629192 0.586979 0.980110 0.690787 0.301738 0.553823 0.481256 0.501451 0.817443 0.864241 0.894307 0.880766 0.970590 0.717191 0.647855 0.589305 0.531161 0.585660 0.575237 0.767953 0.695216 0.803377 0.945342 0.680963 0.686954 0.799010 0.571958 0.457661 0.000000 0.281734 0.460938 0.400298 0.701826 0.949687 0.810642 0.728750 0.904112 0.890116 0.830962 0.769786 0.343302 0.384898 0.392502 0.559752 0.983458 0.812478 0.865798 0.800779 0.591889 0.678255 0.508883 0.476692 0.952882 0.914134 0.652813 0.899018 0.992042 0.875953 0.690599 0.872344 0.737242 0.687004 0.910448 0.947865 0.362366 0.428149 0.990016 0.990721 0.378525 0.344017 0.399339 0.339919 0.944427 0.701556 0.611127 0.377782 0.771533 0.675426 0.922529 0.914483 0.902601 0.762001 0.734394 0.825313 0.805474 0.745708 0.719903 0.896278 0.450077 0.500737 0.520273 0.586640 0.744388 0.770213 0.675650 0.872635 0.372335 0.423442 0.527810 0.477373 0.536824 0.633714 0.612156 0.833507 0.671203 0.666196 0.683894 0.975772 0.598845 0.697584 0.504653 0.723629 0.673827 0.931365
0.933563 0.678799 0.723675 0.645827 0.946122 0.729040 0.384172 0.593561 0.637411 0.633145 0.830597 0.857326 0.876776 0.771260 0.968330 0.803614 0.644099 0.559314 0.553283 0.625706 0.688068 0.726347 0.802788 0.725988 0.990102 0.826061 0.680601 0.829416 0.600459 0.458739 0.281734 0.000000 0.506088 0.418753 0.767303 0.925705 0.911850 0.810708 0.918313 0.938263 0.898841 0.780538 0.371168 0.366791 0.430861 0.528591 0.891883 0.720679 0.886320 0.762510 0.531016 0.597150 0.524747 0.513899 0.982842 0.872895 0.656882 0.862928 0.929959 0.985404 0.726005 0.888430 0.715088 0.697888 0.802501 0.972960 0.442986 0.455421 0.965208 0.970539 0.480306 0.438898 0.396873 0.404810 0.946150 0.823052 0.670485 0.449079 0.761030 0.631926 0.869967 0.972022 0.839603 0.928496 0.739371 0.934493 0.769923 0.998102 0.748099 0.987192 0.596230 0.709048 0.684396 0.809039 0.827184 0.778579 0.655336 0.881942 0.478007 0.518562 0.562919 0.524550 0.568267 0.673438 0.660581 0.827380 0.763185 0.718872 0.780456 0.937966 0.640860 0.730281 0.533979 0.638228 0.672335 0.991601
0.488616 0.404796 0.504281 0.374420 0.746976 0.572563 0.349622 0.483335 0.593027 0.604116 0.512515 0.510882 0.596224 0.498568 0.612065 0.410703 0.420625 0.340564 0.364100 0.449621 0.614108 0.880782 0.515885 0.499116 0.724433 0.666581 0.921132 0.887284 0.362464 0.342494 0.460938 0.506088 0.000000 0.326898 0.683557 0.906885 0.661598 0.713270 0.697176 0.834318 0.749690 0.673029 0.330334 0.317752 0.366278 0.392479 0.545240 0.500179 0.456889 0.426510 0.400933 0.438214 0.564411 0.745686 0.616244 0.651173 0.372855 0.430131 0.534072 0.613492 0.325788 0.552058 0.402210 0.390608 0.659172 0.484393 0.482560 0.446929 0.736983 0.648728 0.569700 0.566196 0.548632 0.485905 0.745965 0.695771 0.536643 0.458766 0.534432 0.454153 0.488719 0.590286 0.624736 0.698066 0.711051 0.646349 0.888380 0.941041 0.852408 0.696475 0.654633 0.719940 0.675612 0.857540 0.735331 0.556014 0.631313 0.715740 0.372334 0.474205 0.717746 0.690030 0.615102 0.659741 0.479812 0.570283 0.836209 0.719569 0.737590 0.876902 0.787954 0.562136 0.410454 0.725827 0.536284 0.842724
0.563503 0.430580 0.560310 0.361140 0.950728 0.656870 0.287531 0.363275 0.468478 0.425277 0.489790 0.477808 0.702682 0.550474 0.798119 0.546314 0.419816 0.346797 0.331997 0.360386 0.610235 0.902241 0.688926 0.666399 0.854824 0.734876 0.740085 0.856145 0.307118 0.326674 0.400298 0.418753 0.326898 0.000000 0.717009 0.948033 0.662030 0.742657 0.745943 0.895336 0.820039 0.715592 0.351086 0.415346 0.340523 0.404373 0.650132 0.541665 0.587944 0.541456 0.442696 0.512521 0.521010 0.624210 0.859717 0.718938 0.443891 0.542730 0.614311 0.702818 0.376070 0.521846 0.410785 0.391639 0.863270 0.573752 0.428456 0.419896 0.813222 0.655686 0.377641 0.413118 0.407863 0.341043 0.913407 0.727650 0.439925 0.418648 0.562081 0.488686 0.616199 0.742398 0.751954 0.859587 0.978492 0.928615 0.821516 0.827269 0.975014 0.823119 0.516593 0.585914 0.535156 0.697769 0.706774 0.566477 0.656513 0.754921 0.296776 0.353513 0.557933 0.565269 0.556962 0.663693 0.492114 0.621076 0.880885 0.709829 0.731510 0.907934 0.729600 0.465239 0.423902 0.702836 0.634262 0.875599
0.959727 0.986669 0.724846 0.775175 0.851157 0.796321 0.622374 0.673791 0.708639 0.629207 0.966832 0.961306 0.978016 0.957554 0.995326 0.951672 0.987615 0.921084 0.916930 0.944928 0.959580 0.890450 0.831397 0.986349 0.954527 0.798163 0.849894 0.933639 0.836934 0.832202 0.701826 0.767303 0.683557 0.717009 0.000000 0.906646 0.946998 0.851368 0.989752 0.998731 0.969420 0.969924 0.656087 0.714216 0.583950 0.648372 0.907110 0.863314 0.818440 0.920213 0.783486 0.802758 0.696338 0.781740 0.912241 0.956730 0.988826 0.985815 0.910172 0.917400 0.729381 0.834043 0.872924 0.840340 0.872131 0.892338 0.619084 0.552297 0.927373 0.884192 0.682983 0.830994 0.945643 0.812404 0.872768 0.954604 0.765597 0.769430 0.929545 0.905603 0.938188 0.880068 0.971575 0.799942 0.971662 0.992244 0.791386 0.864815 0.895686 0.884711 0.730896 0.746801 0.768232 0.862339 0.826958 0.724324 0.880509 0.895682 0.705704 0.770963 0.755167 0.803518 0.794166 0.974981 0.880449 0.847326 0.917097 0.852139 0.977549 0.922512 0.911929 0.958253 0.711856 0.802557 0.691332 0.836540
0.653689 0.689724 0.856906 0.768571 0.806441 0.714528 0.990941 0.867819 0.943200 0.968563 0.638384 0.715834 0.708939 0.707166 0.824020 0.728764 0.702141 0.754193 0.811527 0.780808 0.897763 0.994952 0.989950 0.854175 0.973214 0.986374 0.863696 0.791440 0.816340 0.852709 0.949687 0.925705 0.906885 0.948033 0.906646 0.000000 0.763350 0.905599 0.739674 0.785395 0.756315 0.921161 0.905849 0.895139 0.917893 0.961263 0.786697 0.762958 0.794322 0.810305 0.881775 0.824145 0.963864 0.877913 0.721325 0.788109 0.701021 0.657875 0.774802 0.684200 0.823967 0.767832 0.756007 0.675867 0.854379 0.679071 0.894308 0.974553 0.814544 0.796081 0.992399 0.937892 0.881219 0.988787 0.953555 0.930285 0.780570 0.930797 0.727122 0.922502 0.811566 0.680553 0.883185 0.680094 0.809461 0.812806 0.991669 0.957168 0.808795 0.710688 0.904696 0.935481 0.903217 0.998686 0.934506 0.953776 0.836271 0.917003 0.985738 0.964377 0.892521 0.880132 0.832788 0.997042 0.950137 0.944119 0.993938 0.969600 0.952667 0.998756 0.954637 0.817999 0.979722 0.941504 0.926301 0.904990
0.551762 0.546100 0.553506 0.621383 0.874100 0.864304 0.812379 0.851787 0.666459 0.812692 0.550969 0.733841 0.625856 0.782620 0.674791 0.583188 0.550369 0.585429 0.629986 0.577457 0.687261 0.912387 0.747898 0.855699 0.688617 0.604086 0.879948 0.922711 0.586738 0.690179 0.810642 0.911850 0.661598 0.662030 0.946998 0.763350 0.000000 0.626382 0.589779 0.484238 0.543891 0.656872 0.713700 0.712073 0.776714 0.794273 0.687599 0.726036 0.615897 0.755877 0.839881 0.833382 0.932668 0.844597 0.740338 0.901752 0.491973 0.546962 0.674681 0.748355 0.608666 0.744276 0.660721 0.648532 0.529165 0.660548 0.791378 0.864594 0.518464 0.596476 0.604027 0.661536 0.786441 0.725391 0.797501 0.807774 0.804867 0.711589 0.662590 0.630878 0.566979 0.715478 0.743753 0.710381 0.712851 0.742574 0.850968 0.823948 0.821311 0.661073 0.866746 0.751963 0.802397 0.775896 0.721193 0.721148 0.935138 0.979860 0.704707 0.735147 0.934329 0.847174 0.747822 0.870340 0.741181 0.717348 0.867290 0.964686 0.921848 0.926676 0.884307 0.745313 0.877476 0.899077 0.891474 0.964438
0.617644 0.616659 0.830285 0.699018 0.961753 0.962530 0.808728 0.794891 0.848059 0.786132 0.545495 0.687002 0.850956 0.732882 0.883369 0.761261 0.594148 0.608654 0.644775 0.635347 0.905854 0.956413 0.990735 0.985764 0.938301 0.888591 0.970253 0.758546 0.634832 0.625223 0.728750 0.810708 0.713270 0.742657 0.851368 0.905599 0.626382 0.000000 0.774283 0.791313 0.759861 0.634578 0.780493 0.724727 0.812492 0.753449 0.778613 0.849161 0.710014 0.788953 0.806975 0.795168 0.891063 0.974267 0.765973 0.970801 0.569600 0.599328 0.697456 0.835658 0.697163 0.726980 0.654736 0.622783 0.867395 0.694125 0.827913 0.855040 0.550028 0.697615 0.724621 0.649175 0.749706 0.633186 0.864170 0.897441 0.764382 0.715793 0.587572 0.801467 0.580802 0.777798 0.725395 0.787638 0.863667 0.778726 0.928564 0.998011 0.760133 0.704815 0.938998 0.957353 0.880442 0.903350 0.785706 0.917634 0.970787 0.975401 0.815865 0.909791 0.893407 0.988485 0.667767 0.949874 0.848018 0.844212 0.981040 0.969941 0.901128 0.972942 0.975674 0.891931 0.804265 0.978953 0.788185 0.899262
