0.000000 0.158278 0.319162 0.278123 0.676025 0.544069 0.233527 0.191258 0.408932 0.330810 0.155532 0.135766 0.132128 0.215576 0.213015 0.220604 0.146432 0.129430 0.128947 0.147224 0.516118 0.837443 0.269321 0.461438 0.708352 0.701169 0.874012 0.870695 0.199453 0.149785 0.283282 0.343757 0.152521 0.157372 0.480078 0.644013 0.338950 0.400291 0.677377 0.640704 0.619248 0.510228 0.228118 0.211684 0.264070 0.197850 0.225684 0.217167 0.678390 0.351804 0.423095 0.317902 0.462581 0.532552 0.464332 0.481033 0.160557 0.150271 0.181095 0.179841 0.126322 0.170160 0.124299 0.127725 0.385675 0.276069 0.274002 0.270465 0.316587 0.202999 0.248746 0.252317 0.414877 0.406632 0.615572 0.577369 0.367694 0.292859 0.177253 0.190475 0.127196 0.174284 0.439508 0.317883 0.249951 0.450167 0.986104 0.865030 0.381564 0.501387 0.565336 0.675065 0.587724 0.776643 0.475849 0.460022 0.309763 0.538056 0.241723 0.241844 0.519092 0.605156 0.249960 0.284910 0.288708 0.275973 0.679419 0.591998 0.576088 0.374223 0.578168 0.335782 0.332341 0.480628 0.421510 0.956820
0.158278 0.000000 0.484757 0.401539 0.683143 0.581619 0.362528 0.244245 0.450074 0.366371 0.232407 0.130209 0.160842 0.157764 0.201289 0.203624 0.149046 0.120118 0.172359 0.165234 0.552575 0.841346 0.305201 0.455240 0.722728 0.794695 0.908261 0.924569 0.152251 0.160780 0.344481 0.397281 0.211701 0.228301 0.562109 0.641016 0.369828 0.441322 0.792948 0.671459 0.662703 0.440466 0.264284 0.236257 0.270518 0.224948 0.290002 0.238049 0.616633 0.391446 0.454574 0.348522 0.529047 0.622352 0.592824 0.577770 0.106380 0.096494 0.250441 0.238767 0.212780 0.217701 0.156542 0.122133 0.546782 0.431027 0.403608 0.380915 0.355929 0.247791 0.242361 0.263392 0.529331 0.531706 0.686331 0.565198 0.314524 0.279446 0.250260 0.220743 0.149288 0.209690 0.370701 0.320654 0.317904 0.474124 0.892314 0.825488 0.490985 0.544021 0.642083 0.716377 0.656977 0.857132 0.432662 0.500194 0.342294 0.458169 0.274255 0.250836 0.553277 0.723457 0.293552 0.276577 0.329073 0.288631 0.734146 0.616745 0.600186 0.422094 0.562725 0.355702 0.439448 0.398247 0.435142 0.857054
0.319162 0.484757 0.000000 0.136061 0.691073 0.559948 0.150447 0.229792 0.410647 0.387211 0.338989 0.377481 0.325388 0.454100 0.397207 0.387228 0.430564 0.393378 0.263484 0.327220 0.459651 0.808330 0.251026 0.426936 0.514242 0.385074 0.964867 0.898031 0.441655 0.341896 0.215362 0.342859 0.227282 0.256243 0.387302 0.661055 0.377554 0.464700 0.571279 0.572745 0.752067 0.678419 0.293880 0.306645 0.474311 0.410261 0.359744 0.314773 0.953196 0.563408 0.646426 0.534869 0.548205 0.492312 0.432045 0.528569 0.525954 0.499235 0.306840 0.320080 0.246749 0.338085 0.343920 0.386368 0.192614 0.174885 0.187989 0.219410 0.469275 0.291901 0.368501 0.391473 0.410320 0.417002 0.546638 0.761042 0.473394 0.456641 0.341742 0.436002 0.333987 0.279668 0.590439 0.360488 0.299035 0.434926 0.896196 0.936148 0.388164 0.454030 0.540515 0.623308 0.542941 0.699405 0.548017 0.612696 0.455043 0.700997 0.454118 0.410663 0.533597 0.442202 0.439372 0.358747 0.385018 0.394216 0.702649 0.629029 0.621333 0.443959 0.681991 0.590014 0.462356 0.638803 0.548838 0.949944
0.278123 0.401539 0.136061 0.000000 0.701082 0.482421 0.163008 0.157796 0.400153 0.299951 0.360918 0.285702 0.262669 0.321465 0.287286 0.271181 0.367547 0.324925 0.227025 0.276689 0.412374 0.741675 0.171227 0.326294 0.477850 0.376524 0.979159 0.998052 0.355667 0.265233 0.179264 0.269493 0.177114 0.196383 0.319760 0.612003 0.307686 0.434234 0.503483 0.559369 0.729024 0.568101 0.253688 0.269198 0.401125 0.355626 0.303567 0.256554 0.853601 0.488761 0.586760 0.461636 0.517260 0.492981 0.386752 0.480092 0.457494 0.408395 0.284797 0.288872 0.236740 0.271864 0.290267 0.292250 0.204585 0.176233 0.183941 0.190961 0.483486 0.267861 0.290117 0.355691 0.458241 0.534143 0.511069 0.696189 0.394620 0.395297 0.280998 0.382323 0.244595 0.192663 0.466842 0.258144 0.229952 0.327229 0.911285 0.968624 0.349609 0.371338 0.498106 0.572673 0.483581 0.673961 0.497781 0.509430 0.393517 0.640050 0.385516 0.310073 0.494537 0.475948 0.350938 0.313952 0.307057 0.310648 0.738326 0.600316 0.633986 0.415606 0.627434 0.473057 0.426622 0.526237 0.538862 0.946362
0.676025 0.683143 0.691073 0.701082 0.000000 0.791574 0.638113 0.626500 0.775923 0.672062 0.737695 0.709983 0.648581 0.716601 0.699698 0.680652 0.727766 0.705882 0.644457 0.766122 0.715406 0.919908 0.681509 0.734186 0.978958 0.971543 0.872243 0.827393 0.683255 0.732287 0.827196 0.875804 0.653195 0.707806 0.787480 0.790796 0.834799 0.673923 0.889770 0.808092 0.905786 0.671461 0.598359 0.629700 0.615023 0.642650 0.690482 0.671394 0.794572 0.763377 0.641100 0.635604 0.728969 0.662585 0.789639 0.822047 0.669312 0.724523 0.639558 0.650422 0.610395 0.616162 0.645546 0.651693 0.716537 0.671386 0.659230 0.659777 0.766387 0.746782 0.603095 0.686394 0.932833 0.900941 0.885893 0.966300 0.786024 0.812458 0.771527 0.806134 0.693938 0.735817 0.676634 0.699804 0.684876 0.723926 0.949373 0.938758 0.865578 0.749999 0.712592 0.706373 0.730731 0.773057 0.995083 0.792040 0.743427 0.820161 0.668599 0.620224 0.681397 0.699579 0.575858 0.589047 0.576942 0.723750 0.818344 0.758649 0.825840 0.891057 0.698488 0.719535 0.709157 0.708720 0.768278 0.953962
0.544069 0.581619 0.559948 0.482421 0.791574 0.000000 0.452853 0.411010 0.579619 0.420837 0.584869 0.516926 0.513444 0.587960 0.566130 0.551035 0.597499 0.539096 0.550058 0.553630 0.704943 0.857955 0.534524 0.731224 0.873459 0.622219 0.982487 0.743304 0.587699 0.567884 0.576976 0.629431 0.515450 0.518778 0.618158 0.837685 0.597871 0.823772 0.813965 0.748475 0.799576 0.555550 0.438767 0.538263 0.493396 0.522668 0.458739 0.529358 0.809989 0.696808 0.644433 0.593620 0.631169 0.674925 0.680545 0.624265 0.609195 0.618854 0.572091 0.602621 0.537429 0.561866 0.520369 0.530099 0.600069 0.526849 0.460805 0.465059 0.771449 0.632585 0.457264 0.463161 0.723148 0.812993 0.749641 0.765880 0.585590 0.540567 0.547845 0.677547 0.495811 0.529264 0.744167 0.576044 0.554092 0.723262 0.851113 0.784748 0.704443 0.714757 0.409136 0.465908 0.372835 0.583468 0.708672 0.685783 0.481147 0.721194 0.431027 0.434423 0.512359 0.510845 0.567736 0.474276 0.497596 0.494010 0.876579 0.568991 0.812942 0.601785 0.758706 0.491686 0.461889 0.723516 0.614913 0.969542
0.233527 0.362528 0.150447 0.163008 0.638113 0.452853 0.000000 0.132488 0.346339 0.231796 0.267208 0.275810 0.255016 0.364944 0.337336 0.331687 0.306452 0.277749 0.172446 0.263363 0.472615 0.814118 0.259140 0.508417 0.701360 0.568215 0.892584 0.849099 0.342589 0.265161 0.255075 0.351518 0.177585 0.174412 0.395599 0.649853 0.401078 0.446256 0.597030 0.555643 0.708325 0.542285 0.216347 0.199649 0.305828 0.268465 0.294353 0.235756 0.869980 0.523445 0.534382 0.437588 0.511868 0.440443 0.414976 0.555851 0.367085 0.368013 0.201279 0.256141 0.163037 0.269673 0.227452 0.267023 0.272036 0.186224 0.133574 0.144366 0.424337 0.263027 0.275221 0.273729 0.417361 0.439537 0.523200 0.680622 0.409163 0.344783 0.294110 0.380521 0.231956 0.231510 0.542965 0.343424 0.305717 0.493095 0.972918 0.791267 0.381006 0.546437 0.455854 0.507766 0.442716 0.606544 0.529374 0.498654 0.347223 0.587814 0.298715 0.275718 0.446124 0.349517 0.331729 0.266189 0.308160 0.286293 0.698576 0.551343 0.555717 0.371182 0.548260 0.428751 0.327939 0.497097 0.493457 0.932287
0.191258 0.244245 0.229792 0.157796 0.626500 0.411010 0.132488 0.000000 0.336148 0.183878 0.272516 0.173138 0.175898 0.220381 0.223532 0.214964 0.226218 0.200270 0.162842 0.200645 0.461356 0.766526 0.193916 0.402644 0.680773 0.592833 0.877705 0.944929 0.248772 0.191799 0.249814 0.320758 0.144873 0.144853 0.385605 0.573096 0.355417 0.402230 0.655240 0.545786 0.641155 0.484178 0.186141 0.196027 0.241078 0.232062 0.259564 0.217555 0.740238 0.440352 0.456526 0.351960 0.457316 0.451084 0.455771 0.525081 0.282029 0.263990 0.224549 0.246139 0.163242 0.182792 0.180805 0.158231 0.316917 0.220264 0.171390 0.184356 0.455043 0.240160 0.218991 0.267527 0.464929 0.530498 0.583215 0.621650 0.321363 0.263421 0.219648 0.343567 0.159721 0.173297 0.411101 0.279336 0.248429 0.408772 0.983970 0.825391 0.399387 0.451168 0.372140 0.440379 0.370800 0.576267 0.433715 0.393086 0.274457 0.497146 0.211757 0.173070 0.364561 0.425973 0.255290 0.210388 0.231367 0.242947 0.692422 0.477156 0.570948 0.348203 0.519877 0.344473 0.300378 0.404552 0.461161 0.955367
0.408932 0.450074 0.410647 0.400153 0.775923 0.579619 0.346339 0.336148 0.000000 0.350089 0.397724 0.379197 0.394396 0.478623 0.470351 0.423310 0.441464 0.419518 0.396878 0.368843 0.677593 0.934188 0.425308 0.637068 0.724112 0.701981 0.945434 0.830820 0.429115 0.397849 0.430116 0.535292 0.376344 0.384743 0.540101 0.731292 0.478168 0.550723 0.838198 0.767122 0.765454 0.739135 0.405235 0.396393 0.440967 0.430718 0.443940 0.437163 0.885081 0.597498 0.602386 0.530136 0.656023 0.652645 0.642285 0.674853 0.442121 0.456878 0.442152 0.450651 0.341265 0.339769 0.425982 0.423897 0.428079 0.369149 0.406809 0.400701 0.434006 0.434392 0.400964 0.495457 0.360338 0.384920 0.704670 0.594044 0.463949 0.388315 0.522291 0.489887 0.423021 0.447092 0.652582 0.554213 0.510671 0.668378 0.938255 0.704533 0.614783 0.679573 0.544035 0.544311 0.549329 0.608553 0.619130 0.528418 0.570706 0.797242 0.373111 0.386727 0.508399 0.509509 0.509705 0.373135 0.474018 0.475572 0.754915 0.582713 0.666132 0.535684 0.499762 0.543557 0.426864 0.671453 0.586932 0.868097
0.330810 0.366371 0.387211 0.299951 0.672062 0.420837 0.231796 0.183878 0.350089 0.000000 0.331424 0.282131 0.319113 0.351837 0.352398 0.337694 0.306266 0.302855 0.291852 0.343578 0.575436 0.740689 0.357123 0.573976 0.856552 0.692997 0.867661 0.948505 0.342412 0.287724 0.393556 0.424698 0.276124 0.268573 0.417468 0.659419 0.497136 0.517178 0.735825 0.620253 0.763136 0.485964 0.318519 0.329042 0.352908 0.369469 0.449156 0.351326 0.857691 0.582416 0.564132 0.466696 0.591718 0.536403 0.577420 0.595375 0.386953 0.410890 0.358529 0.394926 0.290112 0.297721 0.314980 0.282550 0.446682 0.310923 0.294435 0.319494 0.471239 0.337445 0.335015 0.356675 0.428345 0.519063 0.616174 0.542091 0.405438 0.288359 0.371035 0.423183 0.264839 0.302503 0.540043 0.380518 0.452595 0.614686 0.962755 0.721938 0.550103 0.647742 0.399562 0.419719 0.382346 0.523228 0.576234 0.402145 0.380062 0.569025 0.254250 0.245590 0.426689 0.395158 0.374005 0.267490 0.358523 0.328603 0.728146 0.514729 0.683780 0.450075 0.563662 0.415331 0.372560 0.430308 0.534449 0.976254
0.155532 0.232407 0.338989 0.360918 0.737695 0.584869 0.267208 0.272516 0.397724 0.331424 0.000000 0.162820 0.175962 0.266119 0.270757 0.245162 0.153352 0.144515 0.162120 0.159491 0.536823 0.924848 0.347892 0.496597 0.779943 0.729627 0.904387 0.820127 0.205241 0.148754 0.324266 0.342861 0.211772 0.194858 0.564458 0.697349 0.453303 0.485622 0.765172 0.641884 0.596018 0.571668 0.325758 0.272921 0.427884 0.329311 0.348286 0.315589 0.922499 0.555622 0.621510 0.519345 0.620284 0.694958 0.589000 0.643773 0.191247 0.226178 0.260291 0.297632 0.166214 0.235701 0.164051 0.188251 0.458385 0.301706 0.332567 0.372015 0.256106 0.236491 0.313570 0.313269 0.354141 0.357543 0.680134 0.563821 0.416392 0.296722 0.227358 0.207414 0.186366 0.231849 0.444823 0.359219 0.397565 0.584629 0.959091 0.795562 0.482672 0.674410 0.693421 0.794387 0.724349 0.878765 0.543206 0.560191 0.424415 0.618709 0.372731 0.357954 0.603265 0.593806 0.355006 0.314535 0.414338 0.342955 0.730111 0.725409 0.653877 0.437123 0.652799 0.466470 0.436310 0.504649 0.481934 0.967398
0.135766 0.130209 0.377481 0.285702 0.709983 0.516926 0.275810 0.173138 0.379197 0.282131 0.162820 0.000000 0.110740 0.118584 0.142867 0.129985 0.111859 0.086729 0.133689 0.120238 0.515211 0.808412 0.234940 0.374607 0.704574 0.710267 0.910023 0.978162 0.124454 0.095229 0.283075 0.303989 0.145717 0.164888 0.516932 0.645410 0.359654 0.437310 0.728276 0.597531 0.602184 0.469061 0.259716 0.228987 0.306939 0.247567 0.273730 0.252505 0.706944 0.441729 0.504259 0.395266 0.556237 0.616350 0.543018 0.592892 0.141548 0.135609 0.246750 0.248304 0.161713 0.153413 0.114692 0.089465 0.457009 0.308054 0.335621 0.334289 0.338554 0.204982 0.227175 0.263627 0.453991 0.498882 0.664803 0.534414 0.297288 0.222597 0.173432 0.205925 0.117104 0.156590 0.317811 0.249539 0.279324 0.425134 0.953153 0.861744 0.437009 0.529991 0.600137 0.687273 0.618028 0.829053 0.400816 0.456457 0.351939 0.489557 0.266752 0.233511 0.525848 0.633455 0.274434 0.248152 0.295127 0.284816 0.740093 0.609608 0.623266 0.374884 0.563365 0.356261 0.369501 0.393749 0.447410 0.946027
0.132128 0.160842 0.325388 0.262669 0.648581 0.513444 0.255016 0.175898 0.394396 0.319113 0.175962 0.110740 0.000000 0.127798 0.112548 0.123177 0.158162 0.128365 0.148107 0.167431 0.440338 0.843510 0.176605 0.307625 0.643791 0.669932 0.945864 0.944374 0.165804 0.127878 0.246394 0.307911 0.153290 0.181204 0.530414 0.669279 0.312255 0.395106 0.696980 0.616818 0.619487 0.461642 0.247105 0.227650 0.312757 0.253982 0.249876 0.239871 0.726937 0.432776 0.493308 0.378392 0.546058 0.574820 0.522594 0.575447 0.174590 0.161977 0.244101 0.253512 0.138106 0.159866 0.109407 0.105159 0.365513 0.285297 0.318984 0.333067 0.404850 0.255173 0.227642 0.279865 0.479969 0.496384 0.669371 0.568667 0.367351 0.259102 0.194693 0.243030 0.133529 0.170114 0.312016 0.250983 0.210343 0.353603 0.964568 0.930429 0.399124 0.451024 0.604717 0.685881 0.610663 0.828691 0.417184 0.439478 0.345045 0.498446 0.297093 0.265844 0.550465 0.612405 0.262852 0.264443 0.301254 0.266160 0.709425 0.589751 0.596130 0.393332 0.620866 0.395891 0.396183 0.436102 0.443197 0.994472
0.215576 0.157764 0.454100 0.321465 0.716601 0.587960 0.364944 0.220381 0.478623 0.351837 0.266119 0.118584 0.127798 0.000000 0.115184 0.105321 0.184444 0.152168 0.202174 0.195905 0.484664 0.797542 0.188054 0.260979 0.651750 0.708098 0.940107 0.937103 0.142962 0.137514 0.272833 0.291938 0.182963 0.221408 0.521047 0.650747 0.371928 0.449847 0.730405 0.601355 0.665968 0.450978 0.302291 0.282215 0.356465 0.303936 0.298568 0.276485 0.681171 0.472049 0.532753 0.437290 0.575241 0.640003 0.559866 0.617374 0.193342 0.173808 0.306259 0.317555 0.220924 0.198050 0.150829 0.110096 0.462692 0.361106 0.393390 0.399160 0.453571 0.294210 0.267696 0.365585 0.581250 0.655505 0.745794 0.589470 0.328235 0.251192 0.236566 0.278296 0.165156 0.181073 0.229231 0.242853 0.237804 0.313209 0.934151 0.999318 0.466050 0.463601 0.677593 0.752621 0.688641 0.920990 0.402450 0.468260 0.386862 0.447299 0.360586 0.289734 0.575746 0.711422 0.287775 0.298418 0.338264 0.295572 0.789565 0.624703 0.639023 0.439342 0.626163 0.409348 0.458860 0.420568 0.478184 0.974484
0.213015 0.201289 0.397207 0.287286 0.699698 0.566130 0.337336 0.223532 0.470351 0.352398 0.270757 0.142867 0.112548 0.115184 0.000000 0.119779 0.211161 0.175072 0.219674 0.226374 0.433636 0.780251 0.174224 0.275381 0.604632 0.644769 0.979428 0.985925 0.198850 0.156276 0.266465 0.311377 0.197447 0.234346 0.513613 0.703031 0.310455 0.435366 0.728056 0.581756 0.662878 0.481478 0.294834 0.265953 0.350063 0.293082 0.305170 0.265312 0.687401 0.444264 0.517914 0.396949 0.556251 0.587824 0.513528 0.569092 0.229703 0.201306 0.316264 0.311856 0.206742 0.184815 0.172753 0.140721 0.380696 0.316609 0.387957 0.393909 0.474829 0.308559 0.275596 0.339606 0.537769 0.607352 0.726824 0.586587 0.366180 0.272733 0.232983 0.288360 0.174979 0.185157 0.292842 0.256108 0.214432 0.304873 0.871582 0.945478 0.401756 0.393218 0.647134 0.715460 0.649107 0.880097 0.403781 0.421451 0.370661 0.502692 0.337746 0.281548 0.579785 0.673164 0.292834 0.288916 0.315175 0.301030 0.711546 0.579381 0.644805 0.449045 0.659957 0.392410 0.444105 0.438197 0.484980 0.968837
0.220604 0.203624 0.387228 0.271181 0.680652 0.551035 0.331687 0.214964 0.423310 0.337694 0.245162 0.129985 0.123177 0.105321 0.119779 0.000000 0.193739 0.154408 0.190685 0.195364 0.456704 0.804010 0.161121 0.253863 0.604401 0.641105 0.993016 0.973398 0.153494 0.134075 0.240590 0.270932 0.171218 0.204242 0.528142 0.698081 0.327092 0.445955 0.669122 0.532272 0.663766 0.435995 0.285048 0.255236 0.382879 0.319536 0.294160 0.279935 0.754236 0.490171 0.569512 0.459129 0.593618 0.646475 0.561674 0.614016 0.220861 0.200433 0.305378 0.317287 0.202418 0.183082 0.162372 0.123451 0.400750 0.299396 0.357825 0.374796 0.413875 0.280160 0.255447 0.317160 0.539130 0.628298 0.703953 0.578192 0.351691 0.239416 0.225325 0.264806 0.161148 0.169721 0.229660 0.210600 0.236788 0.295841 0.940711 0.977605 0.450655 0.425820 0.662447 0.733676 0.672235 0.882625 0.428658 0.447769 0.416530 0.502035 0.373027 0.310020 0.592459 0.642231 0.272525 0.274338 0.313688 0.280213 0.739567 0.676000 0.665134 0.440036 0.701280 0.422551 0.471198 0.436233 0.494158 0.989651
0.146432 0.149046 0.430564 0.367547 0.727766 0.597499 0.306452 0.226218 0.441464 0.306266 0.153352 0.111859 0.158162 0.184444 0.211161 0.193739 0.000000 0.092876 0.148538 0.143590 0.551979 0.805624 0.328261 0.472537 0.774012 0.776157 0.917682 0.892767 0.127707 0.109681 0.340098 0.331908 0.190497 0.158710 0.561048 0.669190 0.403354 0.473141 0.761366 0.607811 0.594752 0.484234 0.307311 0.241677 0.341593 0.275390 0.305300 0.281499 0.776282 0.486651 0.574179 0.438114 0.622599 0.675941 0.598673 0.621190 0.129802 0.135553 0.238001 0.251239 0.190285 0.199608 0.135948 0.119771 0.526685 0.349110 0.360727 0.352008 0.297528 0.198312 0.288094 0.293439 0.426774 0.455730 0.675134 0.503801 0.340900 0.268907 0.171513 0.171527 0.116906 0.170524 0.382693 0.289482 0.357675 0.512327 0.958023 0.846302 0.486437 0.607058 0.680835 0.744527 0.688272 0.841371 0.434881 0.467730 0.363465 0.467851 0.313528 0.260865 0.604828 0.646504 0.288171 0.267943 0.346939 0.290802 0.757941 0.662708 0.656488 0.386322 0.575702 0.364642 0.443312 0.351666 0.517857 0.854515
0.129430 0.120118 0.393378 0.324925 0.705882 0.539096 0.277749 0.200270 0.419518 0.302855 0.144515 0.086729 0.128365 0.152168 0.175072 0.154408 0.092876 0.000000 0.121397 0.113403 0.503416 0.825929 0.280730 0.425886 0.738498 0.754166 0.896320 0.938302 0.113105 0.093016 0.310752 0.321896 0.157092 0.152003 0.531218 0.674698 0.383198 0.443712 0.740353 0.589894 0.627171 0.465480 0.263911 0.206737 0.318532 0.243087 0.279418 0.247784 0.755596 0.462606 0.547492 0.420243 0.575711 0.640861 0.550642 0.605156 0.112739 0.116444 0.232069 0.237966 0.166032 0.184953 0.107622 0.094702 0.488798 0.333950 0.336248 0.339432 0.296111 0.202301 0.242563 0.240683 0.451059 0.473354 0.650741 0.548361 0.303474 0.223267 0.166323 0.173469 0.099960 0.148322 0.341357 0.261571 0.314328 0.470059 0.980631 0.819077 0.472674 0.569787 0.629705 0.707037 0.640747 0.828909 0.436887 0.460338 0.362682 0.491698 0.291514 0.246898 0.579406 0.636179 0.268627 0.252142 0.299210 0.277195 0.743791 0.675313 0.640140 0.374128 0.586498 0.337182 0.386658 0.369153 0.455410 0.921582
0.128947 0.172359 0.263484 0.227025 0.644457 0.550058 0.172446 0.162842 0.396878 0.291852 0.162120 0.133689 0.148107 0.202174 0.219674 0.190685 0.148538 0.121397 0.000000 0.127479 0.476352 0.819421 0.233507 0.404511 0.651933 0.664705 0.893630 0.837227 0.171077 0.128561 0.232174 0.277705 0.135670 0.125140 0.448535 0.625339 0.375410 0.405845 0.618982 0.562568 0.685157 0.482485 0.214486 0.180345 0.308055 0.245488 0.258366 0.194294 0.796938 0.447557 0.533072 0.411842 0.555536 0.555193 0.497411 0.625675 0.185338 0.189763 0.187924 0.202951 0.128641 0.198343 0.120515 0.135160 0.383640 0.248751 0.245130 0.242138 0.288303 0.182062 0.204943 0.235186 0.420837 0.436850 0.568299 0.580543 0.341689 0.266365 0.200449 0.200070 0.124523 0.145513 0.370397 0.255625 0.281981 0.433750 0.990783 0.824265 0.408121 0.554594 0.614822 0.704520 0.627692 0.812705 0.472844 0.485376 0.337817 0.497182 0.307284 0.262934 0.551636 0.556620 0.283662 0.242284 0.306710 0.264239 0.658725 0.628939 0.561319 0.366966 0.561181 0.371026 0.403006 0.438491 0.457861 0.945697
0.147224 0.165234 0.327220 0.276689 0.766122 0.553630 0.263363 0.200645 0.368843 0.343578 0.159491 0.120238 0.167431 0.195905 0.226374 0.195364 0.143590 0.113403 0.127479 0.000000 0.487702 0.830918 0.273315 0.395719 0.642339 0.652956 0.922699 0.906892 0.161924 0.113986 0.255638 0.259036 0.170335 0.151325 0.510916 0.645031 0.383047 0.459090 0.731598 0.620200 0.614591 0.563870 0.255240 0.221651 0.354757 0.271962 0.281767 0.257299 0.809358 0.464365 0.578369 0.459531 0.585419 0.653597 0.548227 0.600210 0.176455 0.172782 0.252223 0.247218 0.188498 0.209917 0.156573 0.147516 0.460715 0.319345 0.312588 0.313845 0.279970 0.198731 0.236739 0.270085 0.368472 0.394528 0.662567 0.565436 0.336380 0.249812 0.183972 0.171062 0.134531 0.151940 0.403372 0.300679 0.336769 0.477831 0.960061 0.850747 0.422546 0.585701 0.648840 0.750367 0.669792 0.868013 0.444238 0.532625 0.389861 0.576666 0.334296 0.285329 0.555116 0.642313 0.324434 0.283843 0.346258 0.282146 0.705842 0.670494 0.580631 0.364586 0.577460 0.395961 0.433310 0.438945 0.455676 0.926236
0.516118 0.552575 0.459651 0.412374 0.715406 0.704943 0.472615 0.461356 0.677593 0.575436 0.536823 0.515211 0.440338 0.484664 0.433636 0.456704 0.551979 0.503416 0.476352 0.487702 0.000000 0.788647 0.389214 0.441866 0.542164 0.627944 0.942079 0.971068 0.549208 0.493600 0.447353 0.549353 0.474027 0.469634 0.628656 0.821713 0.492585 0.564055 0.679287 0.713454 0.725404 0.621945 0.516816 0.509771 0.644958 0.579471 0.531136 0.514059 0.918251 0.639668 0.761588 0.681861 0.811944 0.665820 0.507446 0.703650 0.599167 0.548248 0.535668 0.539826 0.503025 0.537388 0.480906 0.482136 0.493560 0.544339 0.528846 0.558727 0.666308 0.606188 0.485211 0.517118 0.656975 0.751298 0.747434 0.875851 0.590708 0.529865 0.505314 0.573555 0.482689 0.439713 0.557105 0.499334 0.440108 0.540262 0.998283 0.998333 0.665122 0.547302 0.708960 0.760604 0.668727 0.885937 0.632992 0.568642 0.575250 0.753223 0.660439 0.562826 0.756122 0.684087 0.515277 0.549070 0.501955 0.445331 0.844535 0.792829 0.573905 0.636071 0.843125 0.687940 0.578663 0.678982 0.636081 0.897366
0.837443 0.841346 0.808330 0.741675 0.919908 0.857955 0.814118 0.766526 0.934188 0.740689 0.924848 0.808412 0.843510 0.797542 0.780251 0.804010 0.805624 0.825929 0.819421 0.830918 0.788647 0.000000 0.734765 0.779599 0.912061 0.820739 0.879179 0.919218 0.783773 0.774863 0.782654 0.774725 0.782517 0.769502 0.772776 0.749201 0.709744 0.727511 0.861488 0.743678 0.826325 0.759698 0.714461 0.733539 0.780218 0.797988 0.864292 0.846467 0.820032 0.828102 0.878197 0.782426 0.829959 0.771427 0.812068 0.859470 0.879449 0.871468 0.814745 0.884653 0.866125 0.848246 0.854637 0.826240 0.815476 0.804798 0.791105 0.797412 0.923064 0.749778 0.769902 0.820056 0.824472 0.892525 0.809029 0.681349 0.845093 0.805027 0.821087 0.784377 0.796288 0.782519 0.779606 0.737716 0.795389 0.775280 0.964150 0.824454 0.763007 0.832751 0.916631 0.926158 0.907940 0.889948 0.811176 0.711193 0.870907 0.814879 0.773872 0.739510 0.795079 0.764470 0.809375 0.673403 0.771223 0.724703 0.976742 0.815901 0.918267 0.822344 0.880110 0.779945 0.852983 0.849983 0.810732 0.976509
0.269321 0.305201 0.251026 0.171227 0.681509 0.534524 0.259140 0.193916 0.425308 0.357123 0.347892 0.234940 0.176605 0.188054 0.174224 0.161121 0.328261 0.280730 0.233507 0.273315 0.389214 0.734765 0.000000 0.203650 0.473032 0.465653 0.971159 0.985180 0.279853 0.240525 0.157213 0.236853 0.180411 0.228969 0.429176 0.635040 0.279629 0.418850 0.580477 0.558462 0.766073 0.461568 0.281057 0.294239 0.408200 0.363333 0.313714 0.287671 0.803230 0.502534 0.585823 0.464229 0.529791 0.528115 0.457375 0.571484 0.378191 0.338722 0.330210 0.333477 0.228876 0.251964 0.231291 0.225989 0.244880 0.237486 0.295139 0.313343 0.523988 0.333322 0.249887 0.356845 0.531067 0.629520 0.664671 0.723896 0.389906 0.311890 0.296313 0.370008 0.216796 0.190313 0.319952 0.222385 0.152090 0.213685 0.930296 0.917035 0.342597 0.359990 0.600427 0.675321 0.587935 0.824094 0.437811 0.449054 0.411169 0.572961 0.409765 0.342301 0.556321 0.609698 0.334954 0.322274 0.369313 0.282924 0.749674 0.580902 0.646468 0.486864 0.718005 0.477843 0.473985 0.550256 0.483599 0.998541
0.461438 0.455240 0.426936 0.326294 0.734186 0.731224 0.508417 0.402644 0.637068 0.573976 0.496597 0.374607 0.307625 0.260979 0.275381 0.253863 0.472537 0.425886 0.404511 0.395719 0.441866 0.779599 0.203650 0.000000 0.388054 0.523612 0.999274 0.893847 0.365523 0.348442 0.296485 0.291340 0.335123 0.391332 0.549601 0.736382 0.414357 0.556911 0.603195 0.658668 0.857701 0.606293 0.501912 0.504054 0.650914 0.607396 0.500398 0.492283 0.892387 0.690701 0.793202 0.694813 0.745219 0.776274 0.606473 0.720411 0.526185 0.483367 0.562497 0.550104 0.434644 0.420528 0.384813 0.375035 0.415156 0.418662 0.514286 0.570551 0.652299 0.487680 0.432897 0.576860 0.650909 0.773879 0.822379 0.760245 0.539996 0.454654 0.423282 0.484937 0.373159 0.313922 0.314756 0.302729 0.292071 0.227556 0.825661 0.736433 0.484981 0.408551 0.837051 0.933163 0.828705 0.932250 0.524925 0.615787 0.643072 0.623485 0.667307 0.558174 0.721399 0.851413 0.536054 0.506174 0.526676 0.496786 0.885185 0.785514 0.733800 0.673064 0.818550 0.644789 0.739125 0.620899 0.654957 0.916274
0.708352 0.722728 0.514242 0.477850 0.978958 0.873459 0.701360 0.680773 0.724112 0.856552 0.779943 0.704574 0.643791 0.651750 0.604632 0.604401 0.774012 0.738498 0.651933 0.642339 0.542164 0.912061 0.473032 0.388054 0.000000 0.348856 0.897787 0.887705 0.702609 0.667965 0.424776 0.560824 0.627831 0.662600 0.571310 0.839272 0.534748 0.751148 0.535602 0.870616 0.829951 0.886637 0.703499 0.739737 0.876319 0.811942 0.645533 0.676420 0.982697 0.764696 0.987067 0.832382 0.903703 0.920757 0.674520 0.785467 0.842581 0.734829 0.778681 0.682725 0.713107 0.703363 0.743886 0.728699 0.504703 0.595587 0.712731 0.700728 0.731906 0.728364 0.671346 0.709453 0.609155 0.730550 0.813689 0.972747 0.713970 0.768886 0.683946 0.667326 0.666375 0.573336 0.739048 0.602648 0.537530 0.459634 0.940517 0.906012 0.719116 0.519464 0.939964 0.988904 0.887413 0.942270 0.708957 0.848243 0.810381 0.906399 0.885979 0.839129 0.955856 0.984013 0.898455 0.779833 0.731058 0.737251 0.884873 0.928800 0.762966 0.753855 0.895536 0.862329 0.911379 0.885222 0.813260 0.871911
0.701169 0.794695 0.385074 0.376524 0.971543 0.622219 0.568215 0.592833 0.701981 0.692997 0.729627 0.710267 0.669932 0.708098 0.644769 0.641105 0.776157 0.754166 0.664705 0.652956 0.627944 0.820739 0.465653 0.523612 0.348856 0.000000 0.762486 0.760471 0.723403 0.675263 0.396527 0.502195 0.569366 0.597585 0.420879 0.768161 0.556986 0.824101 0.543644 0.691536 0.890562 0.808331 0.577855 0.631897 0.781293 0.709025 0.529222 0.570508 0.943228 0.707156 0.861192 0.731291 0.682228 0.757677 0.562929 0.571018 0.894846 0.812885 0.637705 0.602087 0.638464 0.658785 0.728095 0.748766 0.358029 0.413619 0.504711 0.493266 0.761272 0.639877 0.696886 0.697635 0.578067 0.674937 0.671662 0.906849 0.684142 0.773285 0.663662 0.668635 0.641080 0.557731 0.819420 0.614169 0.499114 0.481197 0.971861 0.864269 0.567062 0.456526 0.814613 0.890854 0.763930 0.953672 0.662199 0.840887 0.733353 0.895629 0.791559 0.706521 0.809433 0.811126 0.784352 0.679384 0.734991 0.664849 0.845753 0.862207 0.838663 0.697135 0.996472 0.825225 0.761430 0.893411 0.661623 0.970951
0.874012 0.908261 0.964867 0.979159 0.872243 0.982487 0.892584 0.877705 0.945434 0.867661 0.904387 0.910023 0.945864 0.940107 0.979428 0.993016 0.917682 0.896320 0.893630 0.922699 0.942079 0.879179 0.971159 0.999274 0.897787 0.762486 0.000000 0.864502 0.959895 0.918739 0.904850 0.936618 0.925164 0.952853 0.924750 0.940291 0.965014 0.894862 0.902098 0.881234 0.890580 0.982662 0.991760 0.966669 0.923412 0.918825 0.972500 0.959855 0.955795 0.952874 0.843178 0.944590 0.960302 0.944899 0.911446 0.948185 0.915073 0.963951 0.942144 0.947839 0.888963 0.863560 0.883159 0.879855 0.966018 0.967411 0.935082 0.959913 0.929356 0.993528 0.968045 0.922777 0.941798 0.947143 0.977108 0.889040 0.980626 0.853620 0.944512 0.940319 0.911132 0.907464 0.941597 0.967882 0.975623 0.983895 0.961956 0.905825 0.874790 0.918828 0.772070 0.824082 0.808089 0.824853 0.908915 0.836248 0.906130 0.895923 0.829850 0.884763 0.928716 0.988219 0.862172 0.987874 0.781029 0.984964 0.913871 0.968607 0.791372 0.788182 0.852771 0.928092 0.810133 0.979199 0.989073 0.896432
0.870695 0.924569 0.898031 0.998052 0.827393 0.743304 0.849099 0.944929 0.830820 0.948505 0.820127 0.978162 0.944374 0.937103 0.985925 0.973398 0.892767 0.938302 0.837227 0.906892 0.971068 0.919218 0.985180 0.893847 0.887705 0.760471 0.864502 0.000000 0.958136 0.926676 0.996428 0.998045 0.984976 0.869000 0.948202 0.958303 0.923326 0.869887 0.838686 0.916059 0.966112 0.989802 0.949883 0.917314 0.899492 0.899871 0.955638 0.876049 0.904827 0.880250 0.935422 0.895595 0.956965 0.861646 0.974632 0.916441 0.871827 0.924298 0.904524 0.925971 0.851171 0.917612 0.942007 0.958485 0.964873 0.947191 0.884091 0.921028 0.862697 0.862835 0.891530 0.877711 0.804111 0.739965 0.987987 0.977924 0.976128 0.988951 0.963005 0.879030 0.941924 0.975509 0.952856 0.998392 0.982722 0.901941 0.970513 0.979268 0.888254 0.936699 0.979289 0.978335 0.983356 0.924464 0.994537 0.905466 0.969596 0.896358 0.912000 0.994245 0.816899 0.891723 0.869844 0.951925 0.969026 0.929540 0.814373 0.965925 0.967058 0.930213 0.808825 0.919409 0.992784 0.970660 0.955619 0.991912
0.199453 0.152251 0.441655 0.355667 0.683255 0.587699 0.342589 0.248772 0.429115 0.342412 0.205241 0.124454 0.165804 0.142962 0.198850 0.153494 0.127707 0.113105 0.171077 0.161924 0.549208 0.783773 0.279853 0.365523 0.702609 0.723403 0.959895 0.958136 0.000000 0.112472 0.304324 0.295671 0.170084 0.169872 0.542169 0.668634 0.409465 0.512612 0.710129 0.580844 0.697552 0.459715 0.304130 0.247672 0.376366 0.296828 0.284123 0.256748 0.743947 0.503276 0.577144 0.452909 0.604526 0.673878 0.573064 0.614960 0.151534 0.163186 0.267337 0.288931 0.203911 0.197618 0.140257 0.128088 0.499870 0.336839 0.358896 0.356814 0.315771 0.209544 0.287003 0.348872 0.468173 0.515268 0.695488 0.538077 0.353520 0.252985 0.201785 0.202168 0.125786 0.171859 0.317287 0.248599 0.313432 0.409438 0.975293 0.912865 0.503873 0.533114 0.726561 0.783951 0.722042 0.922427 0.421584 0.518360 0.430793 0.479139 0.368891 0.289280 0.588678 0.647793 0.293988 0.253188 0.337865 0.315010 0.794560 0.753047 0.726741 0.435760 0.558622 0.419500 0.476269 0.343697 0.487538 0.929037
0.149785 0.160780 0.341896 0.265233 0.732287 0.567884 0.265161 0.191799 0.397849 0.287724 0.148754 0.095229 0.127878 0.137514 0.156276 0.134075 0.109681 0.093016 0.128561 0.113986 0.493600 0.774863 0.240525 0.348442 0.667965 0.675263 0.918739 0.926676 0.112472 0.000000 0.250670 0.247646 0.144644 0.130227 0.490090 0.667238 0.335626 0.449046 0.705792 0.581772 0.647938 0.509145 0.278189 0.218721 0.361287 0.274806 0.293059 0.242682 0.808684 0.475615 0.580338 0.451356 0.585106 0.641830 0.530768 0.575436 0.161448 0.159342 0.237709 0.254994 0.163033 0.166660 0.125008 0.106601 0.432977 0.278496 0.310376 0.316942 0.294840 0.188661 0.269556 0.292943 0.422399 0.460152 0.624653 0.519953 0.350059 0.230700 0.152805 0.172972 0.107281 0.130555 0.324197 0.225697 0.298777 0.412431 0.918864 0.924856 0.436116 0.546626 0.679382 0.758662 0.696929 0.878456 0.421220 0.486583 0.401332 0.506528 0.344659 0.272291 0.585084 0.619331 0.292430 0.247354 0.319902 0.265651 0.724846 0.697592 0.652886 0.344069 0.594922 0.372667 0.427880 0.384342 0.493122 0.973466
0.283282 0.344481 0.215362 0.179264 0.827196 0.576976 0.255075 0.249814 0.430116 0.393556 0.324266 0.283075 0.246394 0.272833 0.266465 0.240590 0.340098 0.310752 0.232174 0.255638 0.447353 0.782654 0.157213 0.296485 0.424776 0.396527 0.904850 0.996428 0.304324 0.250670 0.000000 0.196947 0.195580 0.226305 0.433004 0.694392 0.313848 0.492442 0.533613 0.599864 0.746285 0.600624 0.296645 0.293912 0.467065 0.399220 0.331971 0.294489 0.888539 0.550626 0.665060 0.539760 0.562498 0.590963 0.470338 0.559293 0.403522 0.368043 0.322137 0.328438 0.246477 0.303343 0.286841 0.293124 0.277453 0.229104 0.285798 0.302245 0.418369 0.304489 0.315395 0.365106 0.407060 0.489625 0.610877 0.715295 0.437937 0.358676 0.327612 0.306109 0.259047 0.219756 0.439894 0.287522 0.247469 0.328107 0.929125 0.973951 0.326718 0.456352 0.708854 0.793174 0.696199 0.889203 0.491813 0.575599 0.395613 0.638615 0.485748 0.428818 0.615225 0.576513 0.445098 0.385186 0.448836 0.312220 0.685013 0.677533 0.665123 0.460760 0.737798 0.561843 0.540882 0.556754 0.536904 0.993916
0.343757 0.397281 0.342859 0.269493 0.875804 0.629431 0.351518 0.320758 0.535292 0.424698 0.342861 0.303989 0.307911 0.291938 0.311377 0.270932 0.331908 0.321896 0.277705 0.259036 0.549353 0.774725 0.236853 0.291340 0.560824 0.502195 0.936618 0.998045 0.295671 0.247646 0.196947 0.000000 0.261584 0.233543 0.532643 0.686733 0.443126 0.632923 0.600423 0.610090 0.834728 0.661566 0.392949 0.377409 0.559767 0.490844 0.436161 0.356230 0.982814 0.665654 0.774493 0.664511 0.674761 0.699757 0.559148 0.668675 0.428266 0.428091 0.394124 0.426416 0.325987 0.370840 0.294567 0.318871 0.418904 0.305235 0.356434 0.387559 0.468618 0.339064 0.416651 0.474421 0.478902 0.564289 0.628117 0.657233 0.518656 0.365096 0.290446 0.326917 0.257572 0.225176 0.398919 0.240583 0.326317 0.330232 0.870443 0.905903 0.378853 0.537066 0.823599 0.935955 0.809785 0.961692 0.537542 0.610820 0.535115 0.638321 0.585882 0.480955 0.698898 0.696079 0.502479 0.414981 0.545760 0.403792 0.768676 0.828616 0.761487 0.528391 0.763663 0.585995 0.662689 0.567494 0.602633 0.938971
0.152521 0.211701 0.227282 0.177114 0.653195 0.515450 0.177585 0.144873 0.376344 0.276124 0.211772 0.145717 0.153290 0.182963 0.197447 0.171218 0.190497 0.157092 0.135670 0.170335 0.474027 0.782517 0.180411 0.335123 0.627831 0.569366 0.925164 0.984976 0.170084 0.144644 0.195580 0.261584 0.000000 0.128510 0.401815 0.606651 0.330551 0.414164 0.616659 0.511282 0.716492 0.496558 0.219890 0.200708 0.314608 0.245341 0.253051 0.225417 0.746751 0.467906 0.514706 0.409483 0.517479 0.515288 0.425891 0.487018 0.240400 0.221209 0.186204 0.220000 0.133590 0.188246 0.137257 0.145134 0.302214 0.199052 0.214269 0.209714 0.353501 0.176804 0.230806 0.260936 0.418477 0.487912 0.584313 0.656357 0.316618 0.249110 0.186520 0.227070 0.126651 0.130153 0.378063 0.234990 0.207022 0.331994 0.933703 0.924515 0.343247 0.446091 0.570552 0.625168 0.565238 0.757855 0.424731 0.473597 0.373813 0.522967 0.290519 0.242807 0.506381 0.472192 0.262617 0.218391 0.276850 0.289842 0.742064 0.616918 0.639814 0.384077 0.590911 0.373849 0.398302 0.397604 0.464672 0.986158
0.157372 0.228301 0.256243 0.196383 0.707806 0.518778 0.174412 0.144853 0.384743 0.268573 0.194858 0.164888 0.181204 0.221408 0.234346 0.204242 0.158710 0.152003 0.125140 0.151325 0.469634 0.769502 0.228969 0.391332 0.662600 0.597585 0.952853 0.869000 0.169872 0.130227 0.226305 0.233543 0.128510 0.000000 0.380633 0.613761 0.332234 0.418646 0.583332 0.522558 0.698958 0.491925 0.228528 0.195138 0.314324 0.254423 0.256555 0.213478 0.807400 0.462355 0.545795 0.420413 0.504548 0.545722 0.430961 0.517541 0.222694 0.217138 0.181348 0.216388 0.139551 0.186514 0.138186 0.150530 0.321628 0.195290 0.180143 0.195946 0.334290 0.173038 0.263774 0.284889 0.408437 0.477265 0.601823 0.598223 0.347443 0.271266 0.168761 0.210746 0.110901 0.120608 0.374935 0.226206 0.241854 0.375856 0.999082 0.896694 0.358696 0.484736 0.572041 0.658538 0.570385 0.765397 0.452958 0.441027 0.339125 0.486591 0.313085 0.242894 0.491708 0.493441 0.243775 0.209623 0.293132 0.239270 0.730107 0.626687 0.653162 0.377384 0.568539 0.353739 0.388765 0.374859 0.477949 0.954233
0.480078 0.562109 0.387302 0.319760 0.787480 0.618158 0.395599 0.385605 0.540101 0.417468 0.564458 0.516932 0.530414 0.521047 0.513613 0.528142 0.561048 0.531218 0.448535 0.510916 0.628656 0.772776 0.429176 0.549601 0.571310 0.420879 0.924750 0.948202 0.542169 0.490090 0.433004 0.532643 0.401815 0.380633 0.000000 0.557111 0.517080 0.541132 0.617099 0.713206 0.832556 0.613834 0.414028 0.464066 0.487747 0.465382 0.482632 0.427462 0.781716 0.532767 0.606731 0.514936 0.518683 0.595029 0.469731 0.490629 0.610304 0.579946 0.436478 0.428050 0.428849 0.447012 0.503922 0.504517 0.317023 0.330599 0.330939 0.349032 0.550143 0.472251 0.535573 0.581494 0.488583 0.606339 0.662234 0.778278 0.476127 0.563310 0.528101 0.558867 0.436293 0.390451 0.646109 0.495214 0.394138 0.471594 0.927824 0.924846 0.583926 0.506025 0.566529 0.627027 0.561081 0.663236 0.751081 0.641016 0.502038 0.584409 0.472331 0.415617 0.551630 0.663431 0.496864 0.445362 0.449246 0.451915 0.781328 0.633401 0.780311 0.618723 0.636940 0.439106 0.551110 0.725228 0.569427 0.995372
0.644013 0.641016 0.661055 0.612003 0.790796 0.837685 0.649853 0.573096 0.731292 0.659419 0.697349 0.645410 0.669279 0.650747 0.703031 0.698081 0.669190 0.674698 0.625339 0.645031 0.821713 0.749201 0.635040 0.736382 0.839272 0.768161 0.940291 0.958303 0.668634 0.667238 0.694392 0.686733 0.606651 0.613761 0.557111 0.000000 0.731194 0.511970 0.827580 0.672321 0.888956 0.750783 0.606276 0.666370 0.688683 0.693038 0.728659 0.602881 0.897458 0.765338 0.744414 0.652979 0.691992 0.720208 0.849144 0.831554 0.671691 0.673665 0.624155 0.616777 0.650335 0.662198 0.616586 0.630324 0.729277 0.702859 0.588538 0.591115 0.828251 0.645785 0.665002 0.778009 0.805038 0.891575 0.845627 0.704685 0.695878 0.762556 0.639680 0.711224 0.617303 0.645681 0.688287 0.702822 0.653535 0.684086 0.819565 0.891800 0.729050 0.667694 0.781437 0.814307 0.814901 0.827002 0.790855 0.632014 0.662850 0.600665 0.652271 0.659338 0.673891 0.757449 0.613939 0.563186 0.710852 0.655531 0.695737 0.723644 0.825050 0.783681 0.628024 0.724591 0.718973 0.801412 0.613562 0.987093
0.338950 0.369828 0.377554 0.307686 0.834799 0.597871 0.401078 0.355417 0.478168 0.497136 0.453303 0.359654 0.312255 0.371928 0.310455 0.327092 0.403354 0.383198 0.375410 0.383047 0.492585 0.709744 0.279629 0.414357 0.534748 0.556986 0.965014 0.923326 0.409465 0.335626 0.313848 0.443126 0.330551 0.332234 0.517080 0.731194 0.000000 0.388988 0.616925 0.643062 0.723992 0.520780 0.376993 0.374361 0.422115 0.367813 0.390672 0.350043 0.658135 0.422977 0.515767 0.412987 0.535940 0.572424 0.501865 0.455817 0.424578 0.379751 0.365867 0.368097 0.335931 0.334003 0.369194 0.346376 0.348585 0.375772 0.394617 0.405872 0.571667 0.388109 0.376075 0.394724 0.597514 0.624324 0.656681 0.655012 0.419487 0.437916 0.383383 0.407258 0.336248 0.309972 0.543445 0.309537 0.266166 0.350606 0.938565 0.885418 0.380417 0.388030 0.614163 0.694232 0.607764 0.748673 0.439874 0.550699 0.410290 0.549969 0.412102 0.408016 0.554931 0.639043 0.341878 0.430194 0.372178 0.315256 0.790330 0.603567 0.664759 0.555023 0.779976 0.525706 0.532214 0.593555 0.499316 0.875108
0.400291 0.441322 0.464700 0.434234 0.673923 0.823772 0.446256 0.402230 0.550723 0.517178 0.485622 0.437310 0.395106 0.449847 0.435366 0.445955 0.473141 0.443712 0.405845 0.459090 0.564055 0.727511 0.418850 0.556911 0.751148 0.824101 0.894862 0.869887 0.512612 0.449046 0.492442 0.632923 0.414164 0.418646 0.541132 0.511970 0.388988 0.000000 0.673578 0.645281 0.793676 0.585844 0.359850 0.395454 0.460518 0.418697 0.509255 0.445185 0.683131 0.491523 0.504751 0.455396 0.623532 0.558086 0.611197 0.627486 0.449485 0.453710 0.431761 0.423414 0.368677 0.399122 0.390326 0.391170 0.428263 0.459629 0.445047 0.479185 0.650192 0.471363 0.468390 0.568483 0.713722 0.697878 0.854103 0.753652 0.477414 0.538674 0.490428 0.503109 0.444549 0.458195 0.525323 0.467405 0.399959 0.515200 0.874239 0.930453 0.521231 0.560409 0.583747 0.653641 0.676493 0.722196 0.535305 0.436083 0.464628 0.571498 0.434860 0.443797 0.599779 0.623139 0.382805 0.390222 0.433310 0.385826 0.684688 0.563296 0.563660 0.539666 0.658755 0.564619 0.560636 0.653838 0.413557 0.968139
