0.000000 0.193450 0.775497 0.735710 0.729742 0.740119 0.793014 0.241396 0.990729 0.363777 0.241712 0.208050 0.347348 0.281769 0.535884 0.612743 0.272587 0.242292 0.301357 0.272207 0.973784 0.946665 0.959520 0.871359 0.659336 0.866742 0.956793 0.972138 0.275091 0.290465 0.613556 0.680661 0.547161 0.407061 0.711114 0.640948 0.936158 0.998851 0.996791 0.953002 0.749026 0.837950 0.599294 0.417364 0.682025 0.390050 0.495623 0.433303 0.198030 0.239157 0.332714 0.305164 0.413940 0.509890 0.719388 0.542574 0.336668 0.308728 0.355062 0.287244 0.517875 0.268275 0.257736 0.214998 0.498738 0.839864 0.873671 0.984059 0.638510 0.514423 0.635862 0.726705 0.466224 0.457766 0.792086 0.859062 0.393401 0.564408 0.552878 0.358555 0.286707 0.313148 0.521417 0.765776 0.821343 0.868301 0.695383 0.863743 0.920031 0.688645 0.766889 0.813884 0.836158 0.560663 0.959060 0.810578 0.808262 0.658755 0.518506 0.589842 0.584946 0.834483 0.455809 0.571726 0.736642 0.804070 0.974700 0.947887 0.692210 0.981549 0.985065 0.714477 0.541861 0.982644 0.789675 0.835599
0.193450 0.000000 0.690962 0.842656 0.696095 0.828548 0.934835 0.317837 0.869342 0.422144 0.310522 0.255416 0.453325 0.354884 0.649955 0.689435 0.279672 0.247519 0.298057 0.242317 0.980112 0.885141 0.957079 0.864327 0.739841 0.849188 0.948597 0.984308 0.280243 0.319012 0.657744 0.713521 0.610677 0.465949 0.685227 0.691766 0.940084 0.993655 0.964660 0.958139 0.680514 0.841990 0.728939 0.505459 0.755567 0.451876 0.539510 0.520985 0.218385 0.260474 0.394474 0.367974 0.468015 0.580239 0.744405 0.582129 0.268860 0.221570 0.474125 0.342473 0.674671 0.343027 0.345957 0.266229 0.403711 0.693174 0.736774 0.873153 0.593019 0.466387 0.713766 0.812913 0.444696 0.508216 0.813301 0.886151 0.433735 0.580504 0.582461 0.337271 0.288212 0.290783 0.577476 0.724602 0.842665 0.885994 0.717773 0.920877 0.827753 0.762947 0.894111 0.709854 0.760213 0.511633 0.904228 0.807434 0.858313 0.603542 0.623655 0.715672 0.667435 0.929182 0.513974 0.647539 0.782854 0.928499 0.995507 0.945409 0.727210 0.992851 0.989694 0.803164 0.577903 0.962654 0.921173 0.847323
0.775497 0.690962 0.000000 0.540668 0.770325 0.949578 0.451817 0.983029 0.786273 0.966583 0.817014 0.659173 0.933258 0.675068 0.982682 0.836045 0.879138 0.858616 0.776653 0.695501 0.854074 0.969267 0.733999 0.984774 0.727200 0.447758 0.822271 0.953458 0.879059 0.869237 0.724019 0.793106 0.700413 0.937248 0.413033 0.686019 0.876321 0.867203 0.792523 0.942973 0.844754 0.850258 0.740354 0.891975 0.628081 0.861526 0.970360 0.852083 0.816406 0.734145 0.937466 0.838013 0.943813 0.998240 0.879224 0.942813 0.808268 0.684480 0.896644 0.699074 0.730494 0.806498 0.863519 0.786250 0.348145 0.686291 0.440789 0.463963 0.760116 0.725937 0.789388 0.961276 0.851967 0.966172 0.968468 0.940581 0.852300 0.936419 0.950504 0.861861 0.929798 0.784882 0.874209 0.867649 0.765105 0.975415 0.767637 0.981990 0.698317 0.972417 0.808449 0.662599 0.574815 0.645169 0.766330 0.899741 0.854347 0.588663 0.872964 0.822153 0.969612 0.708039 0.999065 0.811499 0.778610 0.701066 0.988239 0.893419 0.971827 0.991969 0.771890 0.943156 0.804453 0.905725 0.722400 0.897902
0.735710 0.842656 0.540668 0.000000 0.965682 0.891820 0.555536 0.657944 0.938529 0.761545 0.785863 0.828176 0.790391 0.841442 0.796524 0.916914 0.781280 0.782878 0.820977 0.777025 0.956881 0.947762 0.727292 0.937238 0.939351 0.699050 0.877041 0.949918 0.770462 0.818007 0.727877 0.780134 0.605713 0.729750 0.846105 0.890395 0.953751 0.873715 0.810158 0.828582 0.908772 0.930713 0.738397 0.729132 0.671219 0.670467 0.900855 0.657391 0.764773 0.822524 0.763898 0.822491 0.798854 0.844126 0.775816 0.888912 0.788927 0.853445 0.716099 0.864547 0.642757 0.720189 0.798002 0.815248 0.738322 0.751665 0.727060 0.714089 0.825872 0.843635 0.996706 0.918380 0.904697 0.934640 0.869762 0.995780 0.833951 0.883713 0.752026 0.884493 0.788595 0.798224 0.786103 0.703228 0.680172 0.793077 0.906387 0.902304 0.857913 0.776282 0.813694 0.906123 0.747997 0.928144 0.855192 0.896409 0.741321 0.888684 0.752156 0.799512 0.894471 0.751031 0.876681 0.801725 0.699405 0.727811 0.911095 0.950677 0.871245 0.990155 0.881793 0.966179 0.729050 0.899371 0.948267 0.872785
0.729742 0.696095 0.770325 0.965682 0.000000 0.895577 0.987021 0.782573 0.922354 0.783704 0.757348 0.748075 0.791463 0.789650 0.992388 0.982903 0.684817 0.706700 0.628787 0.705436 0.999826 0.920509 0.888621 0.908965 0.994935 0.828170 0.929290 0.891184 0.787918 0.798532 0.943334 0.810742 0.932596 0.837689 0.903052 0.924763 0.881337 0.980625 0.993816 0.951889 0.856653 0.833476 0.976517 0.907620 0.888212 0.848956 0.933249 0.908708 0.829694 0.833973 0.891828 0.881068 0.901527 0.912414 0.814027 0.766988 0.687771 0.733020 0.886971 0.982503 0.977594 0.866540 0.805162 0.755194 0.697675 0.716586 0.895455 0.827807 0.805308 0.782962 0.687196 0.847217 0.840053 0.786603 0.895259 0.958470 0.669430 0.775750 0.818823 0.791546 0.733373 0.641471 0.761666 0.762271 0.904183 0.906818 0.967090 0.939587 0.764640 0.821203 0.885633 0.773647 0.791892 0.735154 0.959586 0.895951 0.859384 0.869954 0.892413 0.879381 0.964101 0.889323 0.746493 0.781758 0.947594 0.979463 0.899127 0.869121 0.999628 0.908757 0.901356 0.846072 0.897051 0.942303 0.888492 0.671021
0.740119 0.828548 0.949578 0.891820 0.895577 0.000000 0.755343 0.613777 0.753065 0.731075 0.739164 0.715135 0.706971 0.674831 0.752015 0.681076 0.893362 0.846449 0.823095 0.858452 0.852027 0.974918 0.829687 0.937229 0.625690 0.934089 0.894289 0.974811 0.721475 0.726294 0.820844 0.770357 0.727155 0.836559 0.877661 0.783933 0.922747 0.924038 0.937130 0.936453 0.957423 0.902401 0.596771 0.620489 0.810316 0.726312 0.811557 0.777745 0.705909 0.586882 0.549534 0.550214 0.615740 0.519022 0.886362 0.769914 0.971133 0.995073 0.722921 0.661578 0.723578 0.630826 0.716855 0.712652 0.797089 0.773390 0.890765 0.792886 0.769061 0.885333 0.708645 0.802561 0.768340 0.644350 0.791945 0.875371 0.619608 0.748675 0.819951 0.687694 0.787001 0.935914 0.907939 0.925334 0.840143 0.925401 0.875711 0.707242 0.902660 0.981512 0.610577 0.730951 0.784458 0.862593 0.944177 0.860534 0.856288 0.886814 0.698744 0.652373 0.564043 0.686881 0.767572 0.682546 0.763734 0.666415 0.675968 0.755922 0.717297 0.904512 0.895256 0.743251 0.864484 0.932602 0.844727 0.999430
0.793014 0.934835 0.451817 0.555536 0.987021 0.755343 0.000000 0.542774 0.703747 0.532767 0.686082 0.870740 0.613213 0.882156 0.715567 0.897651 0.681031 0.704855 0.731413 0.934948 0.902479 0.977836 0.959601 0.771734 0.855867 0.759919 0.664675 0.967307 0.711861 0.655003 0.541230 0.568946 0.393038 0.514729 0.654312 0.958026 0.868910 0.794087 0.799816 0.925479 0.781524 0.895816 0.313017 0.417049 0.288163 0.467529 0.644798 0.461594 0.759431 0.828685 0.580197 0.698699 0.612127 0.571689 0.621505 0.703061 0.919638 0.937484 0.702421 0.983003 0.323164 0.743953 0.645885 0.703678 0.767624 0.752714 0.328115 0.300481 0.832857 0.949129 0.729535 0.624028 0.700127 0.644000 0.891438 0.879489 0.662500 0.620240 0.531136 0.750654 0.648642 0.893773 0.864635 0.688622 0.926557 0.776685 0.977401 0.754819 0.884136 0.852825 0.552731 0.595958 0.646713 0.749144 0.823722 0.830540 0.604148 0.667809 0.462811 0.379868 0.533244 0.504103 0.563610 0.438053 0.692282 0.517395 0.935512 0.707354 0.733257 0.951605 0.740733 0.576766 0.531008 0.809443 0.563665 0.971451
0.241396 0.317837 0.983029 0.657944 0.782573 0.613777 0.542774 0.000000 0.901967 0.295460 0.276396 0.297537 0.364253 0.342690 0.553075 0.642656 0.338677 0.317733 0.376796 0.385281 0.964709 0.996131 0.961366 0.810923 0.623799 0.970425 0.827463 0.948986 0.318963 0.341217 0.563377 0.625656 0.461847 0.395510 0.854206 0.693107 0.914352 0.908389 0.936981 0.966580 0.758293 0.839270 0.422847 0.339357 0.512744 0.340441 0.497105 0.389768 0.256635 0.289372 0.281979 0.293018 0.367646 0.407970 0.681392 0.550904 0.494020 0.498358 0.346179 0.412840 0.385994 0.278069 0.276172 0.264927 0.644086 0.999908 0.862408 0.789382 0.833458 0.634732 0.556585 0.652369 0.389888 0.379068 0.737560 0.829943 0.338645 0.506217 0.529939 0.405327 0.290426 0.412031 0.600696 0.743360 0.859106 0.971891 0.726536 0.759252 0.962406 0.701923 0.587470 0.907429 0.910029 0.808051 0.903753 0.774649 0.691518 0.839466 0.367755 0.395067 0.457966 0.661244 0.369442 0.418173 0.675527 0.604856 0.879364 0.805661 0.590863 0.958032 0.799787 0.554801 0.477778 0.853771 0.670677 0.870618
0.990729 0.869342 0.786273 0.938529 0.922354 0.753065 0.703747 0.901967 0.000000 0.852757 0.980460 0.935595 0.955885 0.926612 0.956894 0.985352 0.954998 0.901480 0.901872 0.836982 0.946025 0.914699 0.768569 0.772664 0.905783 0.827558 0.881860 0.902235 0.995167 0.997218 0.847680 0.841137 0.932374 0.966456 0.776787 0.917422 0.949667 0.976023 0.956903 0.968686 0.875490 0.949479 0.677207 0.806592 0.765213 0.883813 0.896587 0.767595 0.919403 0.939217 0.725912 0.756744 0.696373 0.662279 0.830064 0.668095 0.747974 0.733009 0.960353 0.997256 0.752817 0.821829 0.978808 0.980376 0.829643 0.639008 0.758202 0.738726 0.794667 0.912044 0.990059 0.841642 0.997407 0.860628 0.955214 0.977253 0.872008 0.863107 0.940393 0.955585 0.996147 0.835571 0.834940 0.794461 0.883017 0.818992 0.733593 0.724378 0.775927 0.904157 0.579407 0.574410 0.637737 0.704940 0.938668 0.984087 0.931688 0.839918 0.657659 0.651044 0.736063 0.743351 0.810894 0.796815 0.806328 0.771980 0.899474 0.652034 0.923723 0.973822 0.984777 0.755629 0.732534 0.995212 0.792928 0.900776
0.363777 0.422144 0.966583 0.761545 0.783704 0.731075 0.532767 0.295460 0.852757 0.000000 0.311193 0.369989 0.397718 0.431745 0.533454 0.658126 0.298191 0.300083 0.402923 0.481958 0.842174 0.949462 0.958778 0.876500 0.679367 0.893047 0.744513 0.993216 0.320248 0.299806 0.490413 0.559792 0.422666 0.413190 0.881775 0.822575 0.782211 0.822228 0.963822 0.904128 0.732167 0.801096 0.418132 0.353275 0.455380 0.340739 0.508593 0.386401 0.349697 0.488812 0.405632 0.482400 0.492239 0.588403 0.665828 0.566540 0.506108 0.576418 0.391121 0.604874 0.384573 0.378474 0.321363 0.266309 0.699802 0.912823 0.813770 0.744657 0.815102 0.717569 0.562154 0.487632 0.470288 0.469975 0.803532 0.898460 0.474109 0.507174 0.472381 0.392104 0.257879 0.392453 0.563854 0.619508 0.826481 0.995387 0.892483 0.853352 0.944899 0.639839 0.738946 0.944618 0.938834 0.746058 0.968792 0.796104 0.618958 0.870762 0.450784 0.402571 0.566798 0.745475 0.413757 0.437891 0.713588 0.711004 0.994524 0.859415 0.612285 0.957557 0.889405 0.564099 0.565494 0.911505 0.736572 0.822331
0.241712 0.310522 0.817014 0.785863 0.757348 0.739164 0.686082 0.276396 0.980460 0.311193 0.000000 0.228763 0.275007 0.288804 0.485724 0.543916 0.263643 0.239114 0.289732 0.355065 0.933219 0.990910 0.939809 0.828923 0.558614 0.818928 0.877339 0.978358 0.269073 0.257197 0.680590 0.733517 0.492945 0.429031 0.727967 0.769238 0.932867 0.968135 0.902036 0.881083 0.688047 0.807488 0.523958 0.423819 0.668281 0.432706 0.513374 0.467927 0.292999 0.351306 0.384673 0.379147 0.469558 0.512936 0.707286 0.590722 0.471162 0.447073 0.326763 0.398956 0.395119 0.299206 0.226118 0.202570 0.542944 0.902767 0.958410 0.888382 0.766974 0.665196 0.644103 0.610523 0.405737 0.417408 0.811365 0.801266 0.431550 0.535122 0.449017 0.422420 0.296118 0.349722 0.585482 0.753950 0.894027 0.947546 0.710218 0.873354 0.880321 0.685669 0.708999 0.883882 0.867039 0.607058 0.905142 0.759477 0.728311 0.743439 0.487294 0.529798 0.551012 0.772966 0.486726 0.500440 0.744727 0.792052 0.985860 0.926535 0.673998 0.885484 0.979150 0.683971 0.598186 0.909538 0.741711 0.824757
0.208050 0.255416 0.659173 0.828176 0.748075 0.715135 0.870740 0.297537 0.935595 0.369989 0.228763 0.000000 0.324110 0.209001 0.479996 0.498588 0.293369 0.258680 0.303652 0.283568 0.954243 0.929056 0.994017 0.986810 0.531650 0.692547 0.949059 0.993233 0.315939 0.304543 0.733118 0.803662 0.610663 0.471024 0.608620 0.612744 0.935861 0.998258 0.878635 0.931988 0.813247 0.889474 0.645370 0.490202 0.783064 0.487840 0.589970 0.525978 0.259620 0.286680 0.393614 0.365151 0.475599 0.562178 0.802899 0.609847 0.433020 0.378466 0.406976 0.332197 0.569716 0.267052 0.252093 0.212083 0.416421 0.879145 0.844712 0.912879 0.677507 0.586996 0.572676 0.638777 0.441673 0.452525 0.807075 0.842674 0.390410 0.559795 0.578809 0.393249 0.323208 0.329522 0.583771 0.817596 0.878697 0.820284 0.711442 0.949274 0.839296 0.711357 0.813592 0.772384 0.740510 0.534042 0.856935 0.716629 0.881427 0.622462 0.567298 0.635635 0.618628 0.869194 0.521199 0.617377 0.804262 0.854758 0.999139 0.979940 0.660998 0.909122 0.971615 0.781355 0.647592 0.964079 0.815131 0.811000
0.347348 0.453325 0.933258 0.790391 0.791463 0.706971 0.613213 0.364253 0.955885 0.397718 0.275007 0.324110 0.000000 0.360929 0.372972 0.448252 0.361692 0.349288 0.391935 0.539201 0.927069 0.991193 0.951495 0.869933 0.579664 0.775529 0.929752 0.959325 0.373069 0.306381 0.635829 0.719548 0.477122 0.464919 0.808225 0.784201 0.958261 0.858287 0.961950 0.961537 0.820361 0.884127 0.456254 0.371453 0.662324 0.451589 0.508593 0.485190 0.414729 0.413807 0.441097 0.428354 0.496208 0.521100 0.780380 0.686716 0.509034 0.535607 0.322638 0.406934 0.371802 0.455190 0.236454 0.256614 0.696302 0.874517 0.799531 0.785210 0.940384 0.789455 0.610771 0.608748 0.570266 0.548148 0.838568 0.813698 0.452973 0.434893 0.463029 0.494964 0.425179 0.486535 0.587158 0.814294 0.991640 0.961123 0.777226 0.831892 0.953992 0.762753 0.705217 0.943370 0.920443 0.680320 0.953551 0.714848 0.690182 0.797059 0.466315 0.502827 0.517106 0.751809 0.409615 0.484579 0.622032 0.639596 0.982313 0.884099 0.642456 0.840564 0.972280 0.710349 0.569952 0.866611 0.587205 0.812706
0.281769 0.354884 0.675068 0.841442 0.789650 0.674831 0.882156 0.342690 0.926612 0.431745 0.288804 0.209001 0.360929 0.000000 0.421536 0.397509 0.377133 0.345584 0.359775 0.375731 0.941848 0.970103 0.895287 0.902405 0.507659 0.647369 0.947408 0.949870 0.336254 0.320130 0.723289 0.799736 0.598336 0.472284 0.658777 0.621073 0.917701 0.965971 0.833702 0.870598 0.876516 0.862306 0.653921 0.529758 0.816149 0.512411 0.663175 0.591873 0.354242 0.337195 0.442435 0.422450 0.553378 0.610336 0.867058 0.727387 0.532801 0.460743 0.439702 0.373936 0.598193 0.313897 0.261762 0.256264 0.460218 0.937581 0.905295 0.927533 0.749680 0.648784 0.576331 0.653277 0.496764 0.486816 0.730716 0.771257 0.476710 0.611240 0.606173 0.489235 0.398164 0.385731 0.619822 0.843760 0.850588 0.740533 0.690106 0.969356 0.803196 0.735995 0.870623 0.760032 0.712722 0.513779 0.953648 0.800618 0.945862 0.573613 0.648235 0.646580 0.657682 0.854690 0.593853 0.606870 0.787104 0.813370 0.933883 0.999753 0.650971 0.949848 0.979139 0.809095 0.717214 0.945484 0.863530 0.809367
0.535884 0.649955 0.982682 0.796524 0.992388 0.752015 0.715567 0.553075 0.956894 0.533454 0.485724 0.479996 0.372972 0.421536 0.000000 0.361588 0.503411 0.512356 0.531163 0.667749 0.955461 0.966404 0.666795 0.875307 0.592772 0.820358 0.943328 0.948863 0.477968 0.384903 0.555740 0.654010 0.482610 0.460577 0.928901 0.787696 0.918130 0.878901 0.968928 0.909653 0.889641 0.907685 0.553949 0.500068 0.710520 0.490552 0.723110 0.559898 0.584013 0.582139 0.638280 0.633401 0.688274 0.751498 0.880254 0.865943 0.650443 0.643039 0.507076 0.567941 0.506930 0.530638 0.314216 0.393166 0.899591 0.982269 0.752879 0.771525 0.989550 0.836788 0.687408 0.676890 0.725873 0.799734 0.921062 0.855702 0.614439 0.639456 0.592223 0.622761 0.512329 0.605527 0.637275 0.808762 0.762143 0.720916 0.896791 0.976658 0.991841 0.708261 0.935618 0.813813 0.755408 0.629819 0.966768 0.809765 0.882261 0.763797 0.705422 0.700429 0.685545 0.830246 0.672558 0.571032 0.797705 0.733970 0.972021 0.963474 0.689142 0.961441 0.939310 0.880900 0.716976 0.894684 0.682016 0.873252
0.612743 0.689435 0.836045 0.916914 0.982903 0.681076 0.897651 0.642656 0.985352 0.658126 0.543916 0.498588 0.448252 0.397509 0.361588 0.000000 0.624859 0.631118 0.576035 0.744350 0.985436 0.939711 0.727081 0.754414 0.558085 0.665550 0.957425 0.958640 0.585646 0.465904 0.682786 0.816567 0.662591 0.655328 0.807483 0.839131 0.940883 0.814540 0.944595 0.960896 0.984020 0.978846 0.654279 0.601854 0.929551 0.696449 0.802476 0.696170 0.659234 0.640442 0.715604 0.709651 0.831347 0.854478 0.996922 0.955205 0.750085 0.730812 0.604373 0.577087 0.704735 0.625316 0.434643 0.467980 0.736114 0.966233 0.963855 0.935783 0.994516 0.832074 0.649371 0.690628 0.805670 0.730082 0.865570 0.829180 0.743903 0.600401 0.717244 0.649357 0.634490 0.661697 0.799835 0.922256 0.862063 0.684542 0.842531 0.983118 0.906663 0.879994 0.970799 0.747782 0.691479 0.604530 0.968025 0.799192 0.929799 0.664068 0.878044 0.852602 0.748105 0.913864 0.734351 0.683605 0.846196 0.721447 0.915132 0.921703 0.719554 0.889192 0.950244 0.977699 0.797703 0.957082 0.806374 0.900735
0.272587 0.279672 0.879138 0.781280 0.684817 0.893362 0.681031 0.338677 0.954998 0.298191 0.263643 0.293369 0.361692 0.377133 0.503411 0.624859 0.000000 0.177720 0.264142 0.310650 0.848970 0.908578 0.912299 0.836025 0.678426 0.790342 0.806115 0.969338 0.265339 0.214743 0.569819 0.597501 0.411208 0.327840 0.805662 0.886603 0.821912 0.915589 0.992237 0.828312 0.652438 0.773629 0.546902 0.393283 0.556144 0.352046 0.461765 0.412072 0.292419 0.447118 0.477382 0.525478 0.570409 0.671456 0.660655 0.605446 0.302914 0.360052 0.466879 0.556152 0.515513 0.424512 0.259407 0.217006 0.549987 0.723173 0.966652 0.883188 0.694312 0.625754 0.629956 0.594197 0.413308 0.484624 0.847776 0.926160 0.459577 0.494405 0.435923 0.362133 0.210394 0.269095 0.506098 0.556061 0.762068 0.889612 0.789237 0.999281 0.814566 0.696966 0.962150 0.720235 0.738160 0.498253 0.888988 0.751116 0.785409 0.734508 0.541708 0.589941 0.696124 0.896543 0.489283 0.513163 0.797072 0.853101 0.868226 0.968789 0.703959 0.870857 0.943599 0.723612 0.533330 0.942125 0.778553 0.802578
0.242292 0.247519 0.858616 0.782878 0.706700 0.846449 0.704855 0.317733 0.901480 0.300083 0.239114 0.258680 0.349288 0.345584 0.512356 0.631118 0.177720 0.000000 0.248266 0.289843 0.895647 0.880885 0.977900 0.854525 0.681882 0.814462 0.782263 0.978525 0.234050 0.218675 0.588619 0.631581 0.422869 0.347369 0.805217 0.792568 0.867807 0.904473 0.958819 0.844909 0.609801 0.805987 0.549117 0.385218 0.592124 0.356866 0.520313 0.397728 0.282118 0.406062 0.443545 0.469573 0.527684 0.606603 0.634049 0.577667 0.305245 0.331832 0.446488 0.502955 0.486200 0.403652 0.244428 0.204399 0.529318 0.743462 0.994879 0.906175 0.695327 0.635996 0.634580 0.593026 0.403193 0.448221 0.853099 0.860485 0.413950 0.486064 0.420152 0.334549 0.219810 0.267718 0.523715 0.614506 0.811998 0.919366 0.743112 0.987502 0.799588 0.743564 0.898512 0.733681 0.732908 0.511170 0.901668 0.738563 0.776811 0.753451 0.530767 0.557394 0.674420 0.850013 0.474924 0.535711 0.736064 0.876589 0.905492 0.993662 0.735478 0.935791 0.917403 0.733868 0.517981 0.920010 0.779626 0.854946
0.301357 0.298057 0.776653 0.820977 0.628787 0.823095 0.731413 0.376796 0.901872 0.402923 0.289732 0.303652 0.391935 0.359775 0.531163 0.576035 0.264142 0.248266 0.000000 0.289317 0.921597 0.956854 0.954403 0.932695 0.645176 0.693267 0.884915 0.929640 0.293224 0.266196 0.639647 0.697159 0.456607 0.396889 0.742475 0.773634 0.954925 0.950478 0.932917 0.937279 0.658817 0.870799 0.652332 0.482375 0.677926 0.466406 0.568496 0.476378 0.372685 0.409398 0.491904 0.508992 0.603728 0.652061 0.624009 0.596945 0.346043 0.377588 0.507296 0.552199 0.602584 0.436269 0.305525 0.282532 0.488909 0.684336 0.952753 0.966314 0.648090 0.553921 0.615071 0.665042 0.465351 0.466933 0.829058 0.860373 0.406908 0.594666 0.418191 0.352086 0.282419 0.306630 0.541014 0.547106 0.865385 0.943503 0.739201 0.927830 0.765152 0.746563 0.955916 0.699996 0.679560 0.522311 0.805252 0.685292 0.808671 0.676913 0.677510 0.690616 0.680145 0.905114 0.547966 0.563275 0.799541 0.824956 0.989276 0.892731 0.714473 0.992055 0.932854 0.807066 0.621069 0.904883 0.908766 0.714248
0.272207 0.242317 0.695501 0.777025 0.705436 0.858452 0.934948 0.385281 0.836982 0.481958 0.355065 0.283568 0.539201 0.375731 0.667749 0.744350 0.310650 0.289843 0.289317 0.000000 0.962357 0.941562 0.951421 0.945698 0.740925 0.802809 0.982868 0.924884 0.329388 0.355378 0.759026 0.754446 0.640230 0.474003 0.660232 0.685107 0.944810 0.877935 0.938303 0.858542 0.663123 0.835643 0.837724 0.638604 0.834573 0.540447 0.671100 0.588684 0.320279 0.361352 0.521168 0.508414 0.613071 0.707055 0.740210 0.620887 0.335901 0.292700 0.569008 0.493758 0.787519 0.384803 0.415308 0.359448 0.426600 0.706343 0.701065 0.821595 0.503289 0.437321 0.724852 0.838237 0.467763 0.540202 0.815379 0.924300 0.444239 0.676703 0.588576 0.411608 0.294121 0.255481 0.467547 0.617200 0.792457 0.822479 0.710849 0.904489 0.699575 0.774646 0.980631 0.652750 0.701159 0.501722 0.828503 0.802681 0.929241 0.648767 0.751612 0.818665 0.817708 0.992444 0.672156 0.787759 0.853203 0.977098 0.980752 0.869337 0.811864 0.962126 0.956350 0.845976 0.689776 0.944802 0.982657 0.767638
0.973784 0.980112 0.854074 0.956881 0.999826 0.852027 0.902479 0.964709 0.946025 0.842174 0.933219 0.954243 0.927069 0.941848 0.955461 0.985436 0.848970 0.895647 0.921597 0.962357 0.000000 0.950116 0.905862 0.971960 0.941575 0.988180 0.893228 0.968021 0.955285 0.952089 0.756553 0.809864 0.898522 0.894477 0.984011 0.856378 0.771337 0.936779 0.774665 0.809916 0.844236 0.952929 0.872902 0.830825 0.821659 0.837631 0.818125 0.838569 0.933731 0.903271 0.938191 0.884767 0.837408 0.809799 0.863556 0.923878 0.863426 0.994221 0.959923 0.881397 0.990173 0.958890 0.965917 0.967841 0.884935 0.926851 0.988495 0.945456 0.963837 0.947333 0.929732 0.896053 0.982611 0.936240 0.852740 0.962759 0.961608 0.940379 0.987738 0.825084 0.827294 0.837086 0.795611 0.782606 0.726732 0.983000 0.995991 0.931274 0.986491 0.961553 0.819081 0.933394 0.957333 0.954212 0.961661 0.941850 0.936681 0.900888 0.937575 0.945437 0.983007 0.928447 0.877979 0.882180 0.921954 0.883525 0.828990 0.901596 0.986527 0.829178 0.915211 0.978517 0.952060 0.989750 0.968720 0.946977
0.946665 0.885141 0.969267 0.947762 0.920509 0.974918 0.977836 0.996131 0.914699 0.949462 0.990910 0.929056 0.991193 0.970103 0.966404 0.939711 0.908578 0.880885 0.956854 0.941562 0.950116 0.000000 0.994696 0.969810 0.949726 0.991709 0.837332 0.890000 0.956688 0.918944 0.984648 0.965169 0.956926 0.925435 0.989676 0.812058 0.941670 0.667607 0.949472 0.941272 0.918526 0.850250 0.958997 0.940908 0.921710 0.929755 0.947179 0.921319 0.873462 0.964739 0.929089 0.987646 0.993813 0.984527 0.985076 0.943409 0.972507 0.937032 0.880659 0.955523 0.988412 0.954103 0.996620 0.941907 0.918936 0.996776 0.961006 0.973425 0.946949 0.946663 0.976420 0.969449 0.932988 0.925835 0.968636 0.951179 0.992665 0.923647 0.882176 0.906676 0.888005 0.900579 0.935422 0.856101 0.906456 0.918663 0.847850 0.968006 0.950690 0.943165 0.940299 0.840893 0.860442 0.927966 0.942671 0.860222 0.942829 0.882563 0.934526 0.960681 0.945994 0.954176 0.913643 0.902255 0.874157 0.990223 0.918762 0.795253 0.889792 0.893856 0.966492 0.968944 0.952266 0.779733 0.925045 0.939586
0.959520 0.957079 0.733999 0.727292 0.888621 0.829687 0.959601 0.961366 0.768569 0.958778 0.939809 0.994017 0.951495 0.895287 0.666795 0.727081 0.912299 0.977900 0.954403 0.951421 0.905862 0.994696 0.000000 0.438529 0.911391 0.979136 0.900846 0.848237 0.910357 0.872972 0.789861 0.909802 0.761719 0.885335 0.893771 0.991674 0.764907 0.873630 0.933598 0.845695 0.990006 0.899716 0.871430 0.884429 0.953007 0.965063 0.908961 0.930543 0.900408 0.881636 0.786235 0.728694 0.697809 0.629478 0.825556 0.700787 0.887251 0.914399 0.992527 0.908719 0.944734 0.906281 0.912715 0.997329 0.739666 0.926878 0.943771 0.934792 0.927339 0.935288 0.929851 0.864519 0.843159 0.781608 0.997423 0.943573 0.817988 0.970487 0.982208 0.936105 0.911544 0.821769 0.786868 0.741990 0.501699 0.464227 0.889548 0.561068 0.990279 0.877534 0.567200 0.598556 0.710616 0.686854 0.939646 0.878272 0.994854 0.848294 0.691941 0.720985 0.685762 0.764116 0.813649 0.928383 0.991543 0.911117 0.827292 0.657477 0.964272 0.910000 0.989892 0.733894 0.880428 0.939202 0.907297 0.827962
0.871359 0.864327 0.984774 0.937238 0.908965 0.937229 0.771734 0.810923 0.772664 0.876500 0.828923 0.986810 0.869933 0.902405 0.875307 0.754414 0.836025 0.854525 0.932695 0.945698 0.971960 0.969810 0.438529 0.000000 0.983757 0.874384 0.972114 0.857365 0.908555 0.933701 0.991110 0.857743 0.914102 0.872461 0.966707 0.867121 0.980729 0.832092 0.785915 0.916577 0.778243 0.908518 0.770161 0.758291 0.762347 0.845204 0.706195 0.807063 0.822949 0.860631 0.746216 0.738401 0.697322 0.663807 0.656279 0.692846 0.856242 0.922746 0.828826 0.940048 0.750845 0.886787 0.913959 0.880209 0.911560 0.987154 0.834247 0.708172 0.949074 0.958125 0.963298 0.894478 0.684829 0.793431 0.876562 0.973290 0.725059 0.752793 0.744707 0.859936 0.875019 0.991427 0.983525 0.925591 0.742910 0.531665 0.925778 0.609627 0.902184 0.995826 0.618524 0.638408 0.661150 0.763963 0.898500 0.935960 0.761363 0.793338 0.559622 0.634532 0.739211 0.741788 0.697729 0.781008 0.912471 0.939598 0.992464 0.667835 0.973423 0.847189 0.852775 0.744716 0.716981 0.848145 0.717445 0.925702
0.659336 0.739841 0.727200 0.939351 0.994935 0.625690 0.855867 0.623799 0.905783 0.679367 0.558614 0.531650 0.579664 0.507659 0.592772 0.558085 0.678426 0.681882 0.645176 0.740925 0.941575 0.949726 0.911391 0.983757 0.000000 0.541335 0.835663 0.892282 0.637360 0.598112 0.950757 0.863201 0.784451 0.735430 0.749635 0.758997 0.822948 0.945730 0.865741 0.952709 0.985373 0.878271 0.656688 0.646416 0.924801 0.798141 0.653551 0.763326 0.653012 0.606893 0.579513 0.600252 0.655348 0.599606 0.741163 0.797878 0.900675 0.874634 0.711568 0.621329 0.690316 0.556437 0.562977 0.564189 0.570560 0.944845 0.933084 0.904395 0.985810 0.958117 0.683098 0.674688 0.587397 0.570505 0.825890 0.793986 0.707338 0.677827 0.761779 0.726106 0.754470 0.852188 0.880176 0.820571 0.845950 0.998478 0.769804 0.745970 0.726920 0.928501 0.734538 0.880261 0.885660 0.879147 0.950453 0.783931 0.869439 0.784276 0.664938 0.675092 0.648382 0.791564 0.741623 0.693554 0.962283 0.852325 0.946959 0.914364 0.817783 0.861849 0.930765 0.794171 0.887154 0.962784 0.733325 0.822988
0.866742 0.849188 0.447758 0.699050 0.828170 0.934089 0.759919 0.970425 0.827558 0.893047 0.818928 0.692547 0.775529 0.647369 0.820358 0.665550 0.790342 0.814462 0.693267 0.802809 0.988180 0.991709 0.979136 0.874384 0.541335 0.000000 0.958193 0.994874 0.879260 0.781827 0.791680 0.837588 0.920535 0.976000 0.558410 0.823622 0.898175 0.841529 0.769823 0.998913 0.916604 0.916395 0.910374 0.999520 0.756545 0.895088 0.851116 0.914498 0.930661 0.898294 0.994560 0.992213 0.927451 0.954587 0.991820 0.956757 0.841100 0.847059 0.872506 0.875736 0.888946 0.962249 0.780639 0.775562 0.524004 0.654447 0.779019 0.725294 0.925008 0.937034 0.809695 0.719220 0.816012 0.882659 0.920638 0.980180 0.883006 0.931200 0.871290 0.916130 0.933303 0.847625 0.856661 0.923484 0.766734 0.995751 0.748485 0.842615 0.689262 0.992613 0.756796 0.715167 0.566999 0.662297 0.787776 0.797782 0.968897 0.659314 0.965264 0.928419 0.930622 0.740740 0.966210 0.938029 0.868556 0.863250 0.883793 0.793825 0.900680 0.905959 0.816183 0.941045 0.862997 0.903496 0.871644 0.793954
0.956793 0.948597 0.822271 0.877041 0.929290 0.894289 0.664675 0.827463 0.881860 0.744513 0.877339 0.949059 0.929752 0.947408 0.943328 0.957425 0.806115 0.782263 0.884915 0.982868 0.893228 0.837332 0.900846 0.972114 0.835663 0.958193 0.000000 0.962787 0.828537 0.848944 0.916588 0.785276 0.794161 0.804417 0.677542 0.961443 0.994788 0.903902 0.847091 0.976190 0.833594 0.961921 0.644363 0.710094 0.686900 0.783729 0.845157 0.695527 0.894882 0.939573 0.821363 0.925844 0.842096 0.813970 0.619449 0.780009 0.978521 0.879847 0.931723 0.899328 0.730952 0.904258 0.824192 0.827716 0.961941 0.934485 0.660693 0.697084 0.837077 0.703584 0.814472 0.706758 0.794865 0.747625 0.973499 0.947971 0.839637 0.938445 0.829675 0.792648 0.819704 0.915471 0.905665 0.834671 0.995224 0.914186 0.873485 0.856141 0.889673 0.990368 0.811145 0.838379 0.806872 0.924897 0.917713 0.976414 0.827781 0.763696 0.663366 0.632822 0.802272 0.728353 0.826575 0.729184 0.902476 0.944820 0.942056 0.770557 0.893498 0.919594 0.922315 0.792500 0.661384 0.999763 0.819348 0.865267
0.972138 0.984308 0.953458 0.949918 0.891184 0.974811 0.967307 0.948986 0.902235 0.993216 0.978358 0.993233 0.959325 0.949870 0.948863 0.958640 0.969338 0.978525 0.929640 0.924884 0.968021 0.890000 0.848237 0.857365 0.892282 0.994874 0.962787 0.000000 0.940815 0.929744 0.985494 0.806912 0.985598 0.975287 0.901633 0.855851 0.810263 0.933901 0.960172 0.958297 0.878615 0.993981 0.955512 0.921126 0.898498 0.999912 0.952267 0.937020 0.932520 0.984544 0.958502 0.966803 0.934793 0.963696 0.977603 0.923831 0.955480 0.939777 0.919276 0.980005 0.905492 0.986553 0.954406 0.981389 0.969842 0.916528 0.906321 0.929397 0.885436 0.913840 0.939811 0.995638 0.975986 0.985049 0.826071 0.997431 0.959336 0.973407 0.973630 0.930684 0.998690 0.951776 0.874760 0.954125 0.913816 0.987013 0.993686 0.974197 0.806203 0.767132 0.927494 0.924384 0.914386 0.909495 0.962283 0.825667 0.990778 0.842855 0.801561 0.920578 0.817378 0.945304 0.934534 0.941066 0.889682 0.952105 0.972449 0.899092 0.966420 0.974509 0.919973 0.907834 0.898253 0.864868 0.992492 0.959970
0.275091 0.280243 0.879059 0.770462 0.787918 0.721475 0.711861 0.318963 0.995167 0.320248 0.269073 0.315939 0.373069 0.336254 0.477968 0.585646 0.265339 0.234050 0.293224 0.329388 0.955285 0.956688 0.910357 0.908555 0.637360 0.879260 0.828537 0.940815 0.000000 0.215553 0.529444 0.530788 0.397637 0.320742 0.840824 0.833156 0.888271 0.879382 0.867263 0.832607 0.656736 0.768171 0.547026 0.399680 0.598791 0.343574 0.545521 0.443013 0.284544 0.346964 0.376312 0.409552 0.470554 0.532779 0.656991 0.535415 0.402849 0.370679 0.436386 0.475620 0.492607 0.346675 0.267344 0.239479 0.534001 0.817429 0.976132 0.891000 0.723933 0.597062 0.679790 0.661668 0.395600 0.440985 0.746678 0.862140 0.464335 0.488573 0.400934 0.337233 0.248168 0.323927 0.500410 0.630665 0.774548 0.888608 0.840824 0.994540 0.797098 0.737776 0.825146 0.767749 0.813847 0.557317 0.900027 0.762179 0.752036 0.714687 0.580233 0.574723 0.659954 0.786349 0.508324 0.525103 0.647759 0.829107 0.980268 0.997807 0.745681 0.965921 0.935369 0.763953 0.558537 0.861059 0.858820 0.803732
0.290465 0.319012 0.869237 0.818007 0.798532 0.726294 0.655003 0.341217 0.997218 0.299806 0.257197 0.304543 0.306381 0.320130 0.384903 0.465904 0.214743 0.218675 0.266196 0.355378 0.952089 0.918944 0.872972 0.933701 0.598112 0.781827 0.848944 0.929744 0.215553 0.000000 0.471168 0.548085 0.371418 0.289669 0.805130 0.823691 0.859439 0.946691 0.935149 0.852449 0.657073 0.798034 0.475411 0.324465 0.560497 0.325945 0.489784 0.392568 0.302203 0.387544 0.421014 0.455070 0.507625 0.580442 0.673235 0.641815 0.377898 0.384049 0.455075 0.494856 0.479734 0.402740 0.227952 0.200662 0.553543 0.771051 0.941479 0.829019 0.786529 0.608997 0.640754 0.577235 0.446949 0.473166 0.873772 0.884049 0.472051 0.462957 0.384268 0.348540 0.229354 0.337818 0.516764 0.593157 0.825873 0.886164 0.775801 0.958898 0.793110 0.784141 0.926024 0.727503 0.702363 0.480164 0.901920 0.749779 0.744467 0.659066 0.612123 0.594054 0.628223 0.819147 0.513176 0.494005 0.735908 0.821484 0.992675 0.985840 0.649182 0.927849 0.936430 0.707019 0.552109 0.830378 0.746145 0.823674
0.613556 0.657744 0.724019 0.727877 0.943334 0.820844 0.541230 0.563377 0.847680 0.490413 0.680590 0.733118 0.635829 0.723289 0.555740 0.682786 0.569819 0.588619 0.639647 0.759026 0.756553 0.984648 0.789861 0.991110 0.950757 0.791680 0.916588 0.985494 0.529444 0.471168 0.000000 0.394381 0.441219 0.447995 0.855856 0.899604 0.785882 0.910177 0.840409 0.879063 0.747953 0.787762 0.435498 0.380047 0.399306 0.323020 0.674020 0.463334 0.577516 0.672289 0.606915 0.657882 0.615550 0.704670 0.743980 0.750852 0.629251 0.690868 0.762504 0.777446 0.560332 0.655163 0.554626 0.555835 0.988050 0.967002 0.753618 0.569762 0.992784 0.815819 0.750403 0.724144 0.820296 0.707082 0.802171 0.948439 0.640846 0.547671 0.601280 0.581273 0.483349 0.685290 0.772459 0.648592 0.713903 0.897617 0.995289 0.858923 0.894493 0.721635 0.913439 0.913015 0.933854 0.803281 0.821064 0.896185 0.790913 0.906242 0.704407 0.637652 0.631184 0.711331 0.593482 0.516951 0.672033 0.708940 0.938852 0.935790 0.751719 0.901285 0.810630 0.749604 0.520579 0.820578 0.714919 0.972799
0.680661 0.713521 0.793106 0.780134 0.810742 0.770357 0.568946 0.625656 0.841137 0.559792 0.733517 0.803662 0.719548 0.799736 0.654010 0.816567 0.597501 0.631581 0.697159 0.754446 0.809864 0.965169 0.909802 0.857743 0.863201 0.837588 0.785276 0.806912 0.530788 0.548085 0.394381 0.000000 0.446146 0.475237 0.782316 0.942427 0.845840 0.796906 0.737942 0.807742 0.728728 0.814437 0.492556 0.474919 0.460614 0.415626 0.676815 0.492825 0.625449 0.703980 0.610045 0.690513 0.669024 0.694395 0.766098 0.665607 0.695095 0.750628 0.837956 0.862363 0.671601 0.682160 0.643806 0.629763 0.933359 0.984686 0.794250 0.634011 0.953286 0.754515 0.661921 0.705640 0.737641 0.759621 0.748094 0.934919 0.656277 0.568041 0.608889 0.573498 0.517406 0.723089 0.744335 0.739213 0.815702 0.953668 0.861819 0.818762 0.997735 0.786246 0.883064 0.967842 0.971253 0.873946 0.937038 0.926222 0.745628 0.993815 0.733341 0.641782 0.760887 0.788111 0.617240 0.582638 0.611902 0.804735 0.964645 0.886021 0.763244 0.856595 0.799608 0.669139 0.635850 0.709516 0.797094 0.938931
0.547161 0.610677 0.700413 0.605713 0.932596 0.727155 0.393038 0.461847 0.932374 0.422666 0.492945 0.610663 0.477122 0.598336 0.482610 0.662591 0.411208 0.422869 0.456607 0.640230 0.898522 0.956926 0.761719 0.914102 0.784451 0.920535 0.794161 0.985598 0.397637 0.371418 0.441219 0.446146 0.000000 0.370300 0.874613 0.936982 0.717530 0.814823 0.901833 0.791693 0.705302 0.823643 0.428960 0.394424 0.390074 0.349802 0.653493 0.415930 0.555560 0.653469 0.578148 0.660003 0.670024 0.682037 0.678048 0.782268 0.573510 0.666177 0.618117 0.792770 0.430053 0.587286 0.422645 0.439423 0.948164 0.990033 0.614319 0.545924 0.939861 0.758488 0.696898 0.611201 0.592151 0.620382 0.839591 0.919629 0.603722 0.519445 0.455851 0.452574 0.381843 0.564939 0.639395 0.534667 0.708800 0.894737 0.982592 0.979079 0.975253 0.742145 0.856761 0.937000 0.970348 0.788766 0.977482 0.858537 0.688538 0.953385 0.630549 0.559417 0.672477 0.708138 0.575474 0.443714 0.645036 0.691054 0.985640 0.941174 0.678374 0.954489 0.825476 0.669402 0.554784 0.787777 0.740987 0.877608
0.407061 0.465949 0.937248 0.729750 0.837689 0.836559 0.514729 0.395510 0.966456 0.413190 0.429031 0.471024 0.464919 0.472284 0.460577 0.655328 0.327840 0.347369 0.396889 0.474003 0.894477 0.925435 0.885335 0.872461 0.735430 0.976000 0.804417 0.975287 0.320742 0.289669 0.447995 0.475237 0.370300 0.000000 0.983580 0.908432 0.871539 0.780037 0.940399 0.846674 0.710474 0.779874 0.450888 0.325929 0.406518 0.298971 0.544771 0.395566 0.404932 0.494032 0.480436 0.534654 0.532045 0.607080 0.717042 0.649207 0.502799 0.512511 0.580679 0.663492 0.477988 0.474428 0.326868 0.348585 0.708109 0.910541 0.783710 0.643811 0.860866 0.724524 0.628351 0.590685 0.501442 0.544382 0.849295 0.928360 0.476015 0.552956 0.407358 0.424226 0.326718 0.489577 0.569681 0.521403 0.774909 0.937245 0.880255 0.919128 0.907410 0.765412 0.896467 0.834002 0.841127 0.677844 0.995490 0.704099 0.808905 0.917234 0.582605 0.570629 0.665664 0.743412 0.539431 0.494232 0.747115 0.816455 0.963181 0.951952 0.661532 0.996509 0.894055 0.683054 0.546445 0.850253 0.745650 0.856927
0.711114 0.685227 0.413033 0.846105 0.903052 0.877661 0.654312 0.854206 0.776787 0.881775 0.727967 0.608620 0.808225 0.658777 0.928901 0.807483 0.805662 0.805217 0.742475 0.660232 0.984011 0.989676 0.893771 0.966707 0.749635 0.558410 0.677542 0.901633 0.840824 0.805130 0.855856 0.782316 0.874613 0.983580 0.000000 0.796336 0.944537 0.891447 0.888094 0.934973 0.886692 0.871458 0.839745 0.977685 0.774426 0.998103 0.968133 0.981016 0.736568 0.689604 0.886320 0.820829 0.929900 0.973506 0.939776 0.983032 0.759195 0.658045 0.829963 0.641098 0.867996 0.787888 0.788791 0.722538 0.519207 0.731093 0.553922 0.604741 0.780053 0.684866 0.712263 0.898112 0.862162 0.976446 0.978761 0.957827 0.879711 0.974417 0.963875 0.864289 0.857542 0.761871 0.789386 0.956953 0.828959 0.981870 0.728362 0.935308 0.870031 0.923620 0.851032 0.716394 0.710452 0.619144 0.883858 0.880031 0.952438 0.588788 0.962423 0.830091 0.984761 0.761802 0.985603 0.879469 0.740772 0.844743 0.892377 0.855850 0.922237 0.986763 0.922252 0.933262 0.784413 0.950856 0.784273 0.829559
0.640948 0.691766 0.686019 0.890395 0.924763 0.783933 0.958026 0.693107 0.917422 0.822575 0.769238 0.612744 0.784201 0.621073 0.787696 0.839131 0.886603 0.792568 0.773634 0.685107 0.856378 0.812058 0.991674 0.867121 0.758997 0.823622 0.961443 0.855851 0.833156 0.823691 0.899604 0.942427 0.936982 0.908432 0.796336 0.000000 0.802834 0.865731 0.967213 0.900397 0.970764 0.871702 0.918579 0.850139 0.955191 0.849091 0.897971 0.818699 0.701504 0.582594 0.673544 0.603451 0.666149 0.717209 0.960025 0.750603 0.795671 0.742626 0.713630 0.572130 0.897088 0.635313 0.754892 0.743421 0.719425 0.983587 0.762535 0.846082 0.863193 0.744383 0.755042 0.927478 0.885563 0.915053 0.967978 0.841581 0.652901 0.975296 0.931938 0.866145 0.873813 0.852343 0.870678 0.881467 0.942868 0.891264 0.679951 0.835520 0.984257 0.955056 0.871042 0.984241 0.864288 0.833359 0.858093 0.978328 0.983145 0.731781 0.851397 0.882845 0.842294 0.998419 0.814979 0.952544 0.896800 0.936858 0.944034 0.915929 0.805252 0.888802 0.993779 0.991063 0.937212 0.889413 0.945733 0.935342
0.936158 0.940084 0.876321 0.953751 0.881337 0.922747 0.868910 0.914352 0.949667 0.782211 0.932867 0.935861 0.958261 0.917701 0.918130 0.940883 0.821912 0.867807 0.954925 0.944810 0.771337 0.941670 0.764907 0.980729 0.822948 0.898175 0.994788 0.810263 0.888271 0.859439 0.785882 0.845840 0.717530 0.871539 0.944537 0.802834 0.000000 0.784907 0.883155 0.704005 0.845189 0.796225 0.923000 0.906380 0.794308 0.869993 0.986163 0.989878 0.962748 0.918514 0.993003 0.921634 0.884264 0.872413 0.986207 0.940340 0.906245 0.954344 0.961879 0.913482 0.926069 0.930034 0.913620 0.875593 0.896780 0.877181 0.930795 0.982021 0.914114 0.912487 0.843689 0.886816 0.972586 0.977731 0.901674 0.931025 0.988617 0.801752 0.918362 0.821680 0.778779 0.730385 0.808403 0.810644 0.652212 0.706606 0.865884 0.870470 0.941667 0.732234 0.867028 0.845659 0.852566 0.867005 0.991582 0.899164 0.822484 0.976737 0.983743 0.931629 0.986562 0.894390 0.930975 0.895208 0.996840 0.897339 0.848733 0.936916 0.797207 0.939482 0.861232 0.803696 0.911534 0.993992 0.928647 0.913839
0.998851 0.993655 0.867203 0.873715 0.980625 0.924038 0.794087 0.908389 0.976023 0.822228 0.968135 0.998258 0.858287 0.965971 0.878901 0.814540 0.915589 0.904473 0.950478 0.877935 0.936779 0.667607 0.873630 0.832092 0.945730 0.841529 0.903902 0.933901 0.879382 0.946691 0.910177 0.796906 0.814823 0.780037 0.891447 0.865731 0.784907 0.000000 0.916092 0.822191 0.766099 0.859987 0.844770 0.904739 0.685896 0.848394 0.995465 0.894821 0.916806 0.960135 0.900115 0.994553 0.942890 0.924372 0.851231 0.847944 0.955365 0.921683 0.951422 0.795119 0.917926 0.855461 0.922499 0.977234 0.980453 0.796867 0.894656 0.774326 0.945173 0.938825 0.907743 0.771694 0.742497 0.815184 0.977985 0.972693 0.887316 0.954760 0.920487 0.861241 0.810666 0.910558 0.927330 0.702052 0.823926 0.988548 0.927130 0.911357 0.941013 0.828105 0.911171 0.963210 0.952859 0.860297 0.969267 0.811986 0.858389 0.861975 0.981142 0.821551 0.990849 0.880172 0.974345 0.999869 0.947857 0.977007 0.986817 0.995872 0.791527 0.936587 0.871280 0.748783 0.980651 0.931403 0.953855 0.870960
