0.000000 0.318046 0.877279 0.943931 0.920080 0.703384 0.630369 0.476391 0.896661 0.608480 0.504168 0.316845 0.428012 0.436030 0.616036 0.617304 0.410207 0.403065 0.498462 0.570107 0.827583 0.834877 0.776027 0.885617 0.604908 0.595605 0.797954 0.952985 0.503165 0.451039 0.578888 0.707653 0.559878 0.540866 0.932901 0.879412 0.824631 0.954706 0.935443 0.940180 0.893427 0.925441 0.462571 0.453443 0.498221 0.463871 0.588344 0.613743 0.404100 0.408400 0.440865 0.520334 0.706953 0.818765 0.608307 0.680183 0.381945 0.361605 0.372592 0.404716 0.453499 0.490171 0.366709 0.310713 0.725866 0.952416 0.762559 0.677697 0.621046 0.465275 0.761534 0.576539 0.727606 0.865130 0.877601 0.971165 0.622080 0.621670 0.676608 0.668372 0.351466 0.465076 0.819815 0.919833 0.609891 0.703444 0.676161 0.789623 0.654655 0.718256 0.595607 0.849770 0.739531 0.941228 0.709563 0.944891 0.785909 0.916569 0.434901 0.528153 0.748387 0.642685 0.452842 0.628850 0.805638 0.892991 0.882035 0.947515 0.883951 0.679106 0.864740 0.724018 0.588636 0.717838 0.863315 0.993311
0.318046 0.000000 0.914107 0.851353 0.809033 0.868206 0.799039 0.573959 0.947863 0.726135 0.624047 0.480852 0.588165 0.594764 0.778053 0.845935 0.448832 0.459130 0.628479 0.572868 0.971016 0.807083 0.959830 0.952678 0.782205 0.656722 0.786692 0.930063 0.577215 0.557394 0.623396 0.795295 0.750102 0.597463 0.921134 0.915446 0.971664 0.950084 0.926686 0.988033 0.811014 0.846251 0.508314 0.525228 0.626706 0.548915 0.637128 0.715358 0.490595 0.411593 0.488871 0.483124 0.702091 0.739399 0.705629 0.712326 0.321890 0.311417 0.434800 0.375657 0.647496 0.642373 0.517597 0.455241 0.727985 0.910060 0.793049 0.701598 0.559821 0.446801 0.832009 0.545700 0.699662 0.809013 0.938799 0.977115 0.704906 0.724408 0.641643 0.696390 0.476947 0.604486 0.880077 0.997473 0.868262 0.862258 0.704269 0.801432 0.789833 0.773813 0.678418 0.817124 0.764519 0.935500 0.845044 0.899019 0.719234 0.797990 0.552561 0.542962 0.831753 0.717647 0.577462 0.610327 0.881515 0.938134 0.833662 0.873585 0.988692 0.657251 0.973309 0.764340 0.626628 0.697451 0.906567 0.981352
0.877279 0.914107 0.000000 0.815221 0.967286 0.954695 0.683273 0.865093 0.830633 0.960031 0.903001 0.846710 0.877561 0.741307 0.873686 0.802455 0.937619 0.937895 0.952979 0.979099 0.944625 0.906748 0.939679 0.908114 0.589899 0.637007 0.954909 0.907256 0.923856 0.994423 0.896338 0.934552 0.978518 0.868378 0.812691 0.989520 0.950882 0.982256 0.736115 0.973904 0.781650 0.874503 0.954316 0.978355 0.799948 0.795490 0.773952 0.952482 0.735689 0.725130 0.727778 0.636789 0.744540 0.732194 0.999198 0.886686 0.963445 0.925947 0.925269 0.917723 0.904283 0.903683 0.951425 0.911990 0.552502 0.591701 0.741208 0.823226 0.950009 0.957572 0.899068 0.840694 0.916069 0.923770 0.980753 0.945602 0.945487 0.817222 0.980744 0.884021 0.929592 0.821621 0.978309 0.932417 0.901158 0.907071 0.872998 0.983772 0.773140 0.798581 0.908172 0.807988 0.881180 0.905131 0.775771 0.976809 0.838982 0.915880 0.843031 0.938225 0.956396 0.968678 0.990146 0.926969 0.940044 0.985182 0.737272 0.976810 0.969071 0.867857 0.973556 0.871449 0.982474 0.991014 0.957855 0.954570
0.943931 0.851353 0.815221 0.000000 0.963041 0.703980 0.965841 0.812128 0.904365 0.853958 0.825904 0.893161 0.809050 0.855837 0.900794 0.894842 0.939938 0.995343 0.885454 0.926635 0.987658 0.930737 0.723948 0.763302 0.666860 0.811496 0.867978 0.971378 0.991333 0.962092 0.899908 0.811798 0.992592 0.911161 0.932306 0.892463 0.988526 0.756747 0.886421 0.908444 0.908244 0.941693 0.902276 0.863928 0.976876 0.985961 0.930947 0.928547 0.974630 0.769220 0.757063 0.701231 0.712564 0.661240 0.965716 0.801029 0.809407 0.783197 0.861053 0.666128 0.969665 0.969227 0.989538 0.988659 0.719355 0.599389 0.614294 0.690898 0.809265 0.830916 0.704789 0.798109 0.777366 0.840606 0.912764 0.965721 0.923657 0.958872 0.933912 0.961879 0.947093 0.950422 0.916169 0.897765 0.875073 0.673589 0.925553 0.953085 0.877570 0.694084 0.598832 0.617808 0.559790 0.583212 0.989519 0.989765 0.919332 0.742588 0.807609 0.775172 0.975829 0.945769 0.864117 0.940230 0.880194 0.949383 0.990735 0.948693 0.927234 0.952987 0.832970 0.836283 0.928239 0.861334 0.790259 0.976135
0.920080 0.809033 0.967286 0.963041 0.000000 0.658873 0.783918 0.804093 0.541584 0.716671 0.988680 0.968471 0.801749 0.902626 0.748172 0.771474 0.956996 0.819706 0.790806 0.959896 0.834152 0.900228 0.644540 0.884032 0.797902 0.855651 0.839592 0.792847 0.886452 0.896733 0.986403 0.952457 0.885915 0.969562 0.922556 0.954759 0.971592 0.940541 0.956900 0.886994 0.842032 0.767118 0.960570 0.970171 0.844891 0.936584 0.927866 0.948221 0.965355 0.933641 0.884496 0.958087 0.760203 0.870807 0.974130 0.972918 0.835235 0.936263 0.978443 0.946918 0.792703 0.695623 0.911600 0.894165 0.954020 0.905065 0.899525 0.954014 0.932047 0.942314 0.707392 0.865294 0.866360 0.909818 0.863863 0.948196 0.789172 0.882114 0.756107 0.977078 0.981759 0.995707 0.840067 0.875468 0.693881 0.910565 0.877936 0.805392 0.839348 0.891689 0.697811 0.670429 0.764205 0.897859 0.957494 0.997661 0.889432 0.851039 0.892301 0.872804 0.797682 0.785469 0.921536 0.947711 0.991613 0.947297 0.755035 0.912174 0.836687 0.823316 0.832547 0.858443 0.980760 0.927436 0.997628 0.889714
0.703384 0.868206 0.954695 0.703980 0.658873 0.000000 0.557500 0.486764 0.667046 0.521905 0.832595 0.727248 0.764255 0.780058 0.695214 0.629598 0.689872 0.760679 0.568367 0.752081 0.758498 0.970404 0.565711 0.701839 0.832384 0.912244 0.890264 0.909797 0.693626 0.717365 0.683778 0.829580 0.610856 0.659461 0.830924 0.979266 0.781504 0.988161 0.930832 0.878018 0.989454 0.982956 0.692430 0.651145 0.496561 0.591509 0.759821 0.629534 0.588255 0.604473 0.503967 0.668969 0.587933 0.677243 0.788252 0.615640 0.871187 0.801786 0.642323 0.626960 0.553673 0.598273 0.643757 0.593363 0.913845 0.841421 0.561692 0.608893 0.968999 0.821871 0.753484 0.855797 0.877379 0.978692 0.987248 0.927435 0.655866 0.804607 0.950808 0.681274 0.646402 0.600129 0.905451 0.965627 0.529014 0.602776 0.922282 0.958556 0.821944 0.839047 0.454446 0.653219 0.497856 0.994011 0.856877 0.959974 0.847048 0.864316 0.490401 0.634470 0.703442 0.682358 0.642639 0.855868 0.870832 0.938209 0.988860 0.997240 0.858441 0.943583 0.884040 0.616280 0.705689 0.885392 0.810226 0.893463
0.630369 0.799039 0.683273 0.965841 0.783918 0.557500 0.000000 0.261790 0.580003 0.308607 0.501153 0.539024 0.485388 0.647377 0.580778 0.845310 0.457772 0.581023 0.367485 0.625689 0.803538 0.879124 0.907390 0.775600 0.631677 0.808441 0.600561 0.925254 0.376468 0.488847 0.496944 0.682015 0.466778 0.429811 0.922500 0.982329 0.855556 0.774502 0.910335 0.987366 0.826992 0.934579 0.478486 0.442744 0.481749 0.495644 0.468703 0.544266 0.605889 0.827767 0.723414 0.969429 0.962366 0.846189 0.744441 0.685622 0.770352 0.838831 0.479671 0.717923 0.244647 0.387449 0.336267 0.417647 0.802438 0.783659 0.685481 0.595089 0.952622 0.797563 0.864076 0.960056 0.820071 0.969603 0.973491 0.980620 0.538785 0.855132 0.710967 0.721231 0.455313 0.423060 0.824552 0.949620 0.601365 0.927638 0.832393 0.820225 0.965335 0.850449 0.621156 0.952132 0.774948 0.707386 0.850170 0.929804 0.782847 0.839963 0.520389 0.603239 0.500704 0.734901 0.586737 0.734798 0.737683 0.966302 0.830567 0.953195 0.758931 0.692806 0.765366 0.806721 0.632394 0.835303 0.887204 0.976578
0.476391 0.573959 0.865093 0.812128 0.804093 0.486764 0.261790 0.000000 0.589362 0.260584 0.475907 0.421001 0.418899 0.509766 0.498840 0.719882 0.411454 0.476304 0.316689 0.527856 0.842002 0.896338 0.767310 0.896302 0.580111 0.691514 0.632818 0.959744 0.333616 0.398589 0.422596 0.629656 0.434809 0.410151 0.997426 0.932101 0.832284 0.894853 0.939740 0.977156 0.944156 0.933771 0.413540 0.380627 0.385679 0.388973 0.500813 0.538975 0.428553 0.604092 0.521637 0.752473 0.767915 0.974164 0.680189 0.619577 0.591749 0.601872 0.401255 0.521227 0.259161 0.305193 0.304493 0.317595 0.685904 0.907405 0.695708 0.566300 0.858641 0.595906 0.664659 0.742586 0.738026 0.868521 0.939744 0.996849 0.495777 0.793547 0.728016 0.595643 0.396350 0.440594 0.849945 0.992892 0.573753 0.877503 0.763521 0.792555 0.834160 0.955691 0.494812 0.751940 0.637095 0.914589 0.815811 0.963467 0.689955 0.823725 0.364510 0.462925 0.479162 0.668969 0.488095 0.613706 0.752543 0.948875 0.837230 0.873126 0.845411 0.706662 0.718106 0.704281 0.589860 0.765764 0.889003 0.976140
0.896661 0.947863 0.830633 0.904365 0.541584 0.667046 0.580003 0.589362 0.000000 0.524574 0.884322 0.837206 0.709827 0.840908 0.778170 0.745535 0.910878 0.965444 0.696778 0.960028 0.787116 0.877426 0.739126 0.965977 0.891632 0.841492 0.917600 0.985934 0.784875 0.797774 0.793815 0.988364 0.831011 0.866114 0.911849 0.984810 0.835341 0.864884 0.999315 0.863194 0.785453 0.976508 0.887465 0.933029 0.790306 0.874734 0.950756 0.897928 0.851187 0.898433 0.894886 0.916139 0.861983 0.921247 0.782271 0.851217 0.991158 0.922867 0.830596 0.928053 0.634418 0.525742 0.785720 0.763199 0.944525 0.869482 0.983802 0.986809 0.921087 0.904611 0.702574 0.970922 0.952189 0.990628 0.966376 0.867070 0.798183 0.949418 0.814024 0.932126 0.919644 0.918894 0.867085 0.928430 0.621245 0.965761 0.865559 0.911640 0.873340 0.979502 0.710942 0.773010 0.867871 0.940427 0.881165 0.999219 0.946538 0.790915 0.776991 0.872186 0.759727 0.818844 0.962115 0.976998 0.936488 0.894425 0.871216 0.761613 0.934722 0.817273 0.829904 0.919571 0.826711 0.967672 0.823660 0.988462
0.608480 0.726135 0.960031 0.853958 0.716671 0.521905 0.308607 0.260584 0.524574 0.000000 0.575656 0.495748 0.456314 0.559188 0.498489 0.747181 0.529388 0.545895 0.365729 0.555359 0.839036 0.975789 0.788467 0.796238 0.548061 0.728440 0.646168 0.935243 0.395795 0.466009 0.419040 0.673578 0.470480 0.443663 0.992722 0.959191 0.800783 0.913817 0.862341 0.944091 0.911682 0.991389 0.461264 0.447935 0.383626 0.395329 0.572715 0.580729 0.453249 0.676158 0.557710 0.818637 0.789304 0.988940 0.695321 0.689678 0.752903 0.755491 0.541355 0.642978 0.321627 0.315134 0.396789 0.403090 0.624727 0.974728 0.780394 0.647756 0.928717 0.677156 0.631123 0.765365 0.851020 0.933432 0.884638 0.878653 0.556131 0.824641 0.809891 0.742570 0.492112 0.606794 0.911741 0.975404 0.677685 0.977420 0.784137 0.758889 0.909816 0.957127 0.482094 0.704572 0.618157 0.938347 0.886401 0.893785 0.835119 0.767643 0.401104 0.485545 0.550951 0.697394 0.534244 0.684671 0.824151 0.966866 0.823129 0.853687 0.849204 0.714337 0.755435 0.695401 0.679230 0.834640 0.913385 0.953453
0.504168 0.624047 0.903001 0.825904 0.988680 0.832595 0.501153 0.475907 0.884322 0.575656 0.000000 0.379493 0.351667 0.435748 0.528560 0.826035 0.475404 0.427213 0.444274 0.621396 0.916789 0.826454 0.961872 0.759535 0.441328 0.575102 0.538933 0.886355 0.410873 0.400906 0.641932 0.734150 0.494897 0.437492 0.916610 0.896020 0.938182 0.758563 0.898445 0.804109 0.979979 0.993680 0.492473 0.401106 0.493959 0.440621 0.567965 0.589841 0.551295 0.753082 0.715838 0.915256 0.984388 0.877033 0.733571 0.803113 0.709442 0.721297 0.543755 0.729845 0.351572 0.456640 0.347167 0.386359 0.570379 0.942189 0.929193 0.750573 0.871666 0.737595 0.917779 0.830899 0.865856 0.966937 0.999556 0.816654 0.645274 0.746889 0.642284 0.599382 0.379139 0.467947 0.798697 0.720419 0.796226 0.998102 0.867101 0.771817 0.820872 0.967097 0.828698 0.885065 0.967485 0.643316 0.820197 0.947543 0.798235 0.899026 0.567039 0.762913 0.523736 0.775108 0.575549 0.653968 0.897747 0.916859 0.971419 0.962516 0.754676 0.737511 0.805210 0.915990 0.686981 0.860452 0.971067 0.930049
0.316845 0.480852 0.846710 0.893161 0.968471 0.727248 0.539024 0.421001 0.837206 0.495748 0.379493 0.000000 0.283602 0.276210 0.418951 0.537577 0.421217 0.356030 0.391989 0.503598 0.820834 0.872794 0.765138 0.970568 0.412726 0.510414 0.698257 0.909148 0.392587 0.313606 0.501794 0.627573 0.408056 0.425748 0.909143 0.984020 0.837839 0.914605 0.945462 0.913850 0.940072 0.998827 0.489138 0.391088 0.364739 0.348726 0.606749 0.639571 0.363456 0.527780 0.561853 0.683589 0.812816 0.968445 0.634678 0.728099 0.564299 0.558274 0.511784 0.635103 0.358500 0.360866 0.343840 0.271917 0.564720 0.821521 0.857410 0.716254 0.794243 0.522670 0.759329 0.627326 0.795813 0.820433 0.972413 0.949489 0.620977 0.759346 0.655027 0.538260 0.314865 0.443560 0.711254 0.779037 0.593376 0.797970 0.821520 0.863009 0.642900 0.841432 0.737101 0.973487 0.895144 0.801235 0.822975 0.964880 0.835631 0.980748 0.450640 0.541875 0.665462 0.667931 0.443974 0.534453 0.846858 0.976554 0.867848 0.906879 0.830681 0.707653 0.828084 0.714455 0.643529 0.719627 0.963992 0.972132
0.428012 0.588165 0.877561 0.809050 0.801749 0.764255 0.485388 0.418899 0.709827 0.456314 0.351667 0.283602 0.000000 0.266427 0.337927 0.598199 0.501550 0.493489 0.403372 0.550464 0.774700 0.917068 0.794184 0.906562 0.373898 0.453959 0.680853 0.906669 0.353295 0.301657 0.540565 0.649314 0.419387 0.491766 0.896891 0.918431 0.949356 0.794811 0.938304 0.860902 0.963193 0.951054 0.526121 0.458560 0.425175 0.390619 0.625651 0.646146 0.448770 0.688784 0.688781 0.836783 0.920361 0.852509 0.752393 0.765873 0.695563 0.624278 0.570572 0.734772 0.294750 0.306891 0.355794 0.292289 0.535736 0.848617 0.994831 0.789274 0.869986 0.569067 0.709416 0.677462 0.807407 0.902723 0.982412 0.909273 0.597006 0.713058 0.754176 0.624202 0.370092 0.498267 0.686431 0.842217 0.639772 0.948675 0.840387 0.835083 0.716953 0.916507 0.820989 0.985918 0.999187 0.729874 0.850348 0.990770 0.775231 0.906655 0.526771 0.635064 0.622297 0.709837 0.551907 0.560133 0.978292 0.948662 0.879747 0.917046 0.769437 0.753746 0.786098 0.804015 0.708264 0.712187 0.959757 0.923741
0.436030 0.594764 0.741307 0.855837 0.902626 0.780058 0.647377 0.509766 0.840908 0.559188 0.435748 0.276210 0.266427 0.000000 0.336663 0.462600 0.521197 0.448185 0.471002 0.469882 0.901432 0.959215 0.689606 0.933151 0.397057 0.499612 0.728968 0.931985 0.411996 0.337661 0.562941 0.608246 0.484677 0.540741 0.868716 0.972241 0.903666 0.879349 0.943070 0.883809 0.986782 0.965705 0.618551 0.510252 0.443274 0.404772 0.644375 0.721799 0.417737 0.609005 0.647190 0.745595 0.882018 0.929290 0.745650 0.796670 0.710568 0.584799 0.662882 0.733811 0.424612 0.361870 0.419869 0.314348 0.540138 0.812597 0.953233 0.824381 0.916371 0.588489 0.678105 0.616589 0.808866 0.847099 0.955562 0.972710 0.679667 0.836343 0.717412 0.567570 0.413467 0.516977 0.668200 0.796794 0.596784 0.867540 0.888638 0.916620 0.640987 0.799309 0.839022 0.966664 0.967992 0.814922 0.807084 0.968854 0.862335 0.930137 0.542467 0.656911 0.689911 0.737828 0.572038 0.584890 0.884941 0.981259 0.959816 0.910956 0.790183 0.778866 0.812364 0.805819 0.702284 0.753154 0.976286 0.992329
0.616036 0.778053 0.873686 0.900794 0.748172 0.695214 0.580778 0.498840 0.778170 0.498489 0.528560 0.418951 0.337927 0.336663 0.000000 0.446994 0.627254 0.546092 0.500618 0.577916 0.847391 0.953096 0.554974 0.891789 0.422627 0.549568 0.746353 0.902258 0.408633 0.366749 0.603964 0.637354 0.430321 0.573559 0.960762 0.987875 0.915529 0.884499 0.960416 0.885210 0.977775 0.923591 0.648762 0.576857 0.397702 0.408091 0.668097 0.691864 0.449511 0.665246 0.698137 0.787794 0.808161 0.988227 0.809189 0.832643 0.919040 0.755772 0.775151 0.851837 0.427026 0.421604 0.476633 0.415539 0.629855 0.841540 0.866512 0.813217 0.974019 0.590061 0.613902 0.616885 0.872773 0.929096 0.847058 0.971829 0.615331 0.934262 0.791475 0.646106 0.494001 0.598760 0.539156 0.774243 0.540973 0.812077 0.984127 0.983511 0.664494 0.855190 0.802126 0.886753 0.868103 0.884959 0.849346 0.867035 0.961649 0.926935 0.514323 0.636405 0.640671 0.714070 0.599957 0.580556 0.923177 0.931064 0.937950 0.994080 0.935447 0.931272 0.810598 0.729174 0.834075 0.737538 0.946328 0.947564
0.617304 0.845935 0.802455 0.894842 0.771474 0.629598 0.845310 0.719882 0.745535 0.747181 0.826035 0.537577 0.598199 0.462600 0.446994 0.000000 0.819661 0.763320 0.649190 0.694529 0.850659 0.873819 0.303373 0.495444 0.705599 0.677136 0.933538 0.884039 0.729208 0.567411 0.784719 0.690895 0.662494 0.814387 0.889924 0.907156 0.876072 0.955884 0.907977 0.927502 0.848089 0.797412 0.896930 0.767374 0.553880 0.645421 0.899859 0.799413 0.578810 0.600827 0.677153 0.650883 0.634423 0.822313 0.788447 0.876491 0.951606 0.741379 0.854383 0.798797 0.668389 0.618972 0.724665 0.595835 0.960686 0.973999 0.763216 0.867773 0.946652 0.699858 0.618372 0.718957 0.838383 0.951236 0.847502 0.917506 0.816626 0.968044 0.972946 0.742984 0.705801 0.689628 0.512541 0.819354 0.345224 0.511444 0.990161 0.702908 0.482099 0.566113 0.741371 0.772285 0.756189 0.909007 0.806059 0.934380 0.953790 0.996073 0.607050 0.680293 0.919833 0.725404 0.661218 0.860255 0.847353 0.918718 0.950922 0.982707 0.980926 0.934923 0.820265 0.705959 0.848931 0.866478 0.791212 0.968861
0.410207 0.448832 0.937619 0.939938 0.956996 0.689872 0.457772 0.411454 0.910878 0.529388 0.475404 0.421217 0.501550 0.521197 0.627254 0.819661 0.000000 0.338292 0.438905 0.577423 0.856426 0.823244 0.926136 0.919329 0.620244 0.676647 0.637613 0.928542 0.357905 0.418008 0.506448 0.719799 0.489522 0.383385 0.923323 0.959978 0.827694 0.879019 0.896336 0.996334 0.992922 0.794477 0.430164 0.360295 0.439428 0.419060 0.390570 0.481178 0.467330 0.553113 0.596635 0.733584 0.811534 0.926759 0.567356 0.597277 0.506488 0.547087 0.413859 0.503776 0.397215 0.493939 0.328382 0.327346 0.711094 0.958696 0.654677 0.566965 0.773877 0.565768 0.898910 0.763515 0.790884 0.939542 0.985736 0.991624 0.483571 0.704740 0.593440 0.655214 0.339983 0.408369 0.833320 0.785390 0.717392 0.845098 0.884328 0.765511 0.858908 0.948630 0.623232 0.962072 0.757827 0.849201 0.818622 0.795393 0.723221 0.911223 0.465528 0.516280 0.584638 0.618200 0.554621 0.649659 0.812730 0.876049 0.920570 0.910140 0.809070 0.599411 0.816116 0.748604 0.552415 0.718131 0.894095 0.819889
0.403065 0.459130 0.937895 0.995343 0.819706 0.760679 0.581023 0.476304 0.965444 0.545895 0.427213 0.356030 0.493489 0.448185 0.546092 0.763320 0.338292 0.000000 0.467757 0.469416 0.940012 0.908954 0.918275 0.947037 0.576473 0.708017 0.603149 0.999375 0.368861 0.341509 0.469576 0.597920 0.467723 0.403560 0.916134 0.931793 0.841158 0.994280 0.955107 0.943468 0.890298 0.869030 0.369550 0.340476 0.420535 0.326796 0.482416 0.509135 0.371092 0.463866 0.506266 0.636347 0.823382 0.876714 0.662085 0.617710 0.541692 0.545755 0.504448 0.552380 0.477521 0.518034 0.372033 0.337344 0.606185 0.902824 0.712100 0.582002 0.784199 0.522795 0.835528 0.684649 0.753515 0.853843 0.990130 0.959131 0.626276 0.756361 0.493174 0.480593 0.295626 0.437797 0.858646 0.737724 0.799829 0.840646 0.840430 0.743351 0.851194 0.928429 0.721076 0.994293 0.788292 0.829025 0.716828 0.927360 0.808120 0.913031 0.456548 0.512340 0.662946 0.708675 0.435993 0.603886 0.812725 0.935387 0.978054 0.994890 0.881418 0.678026 0.808829 0.789661 0.652443 0.728924 0.997834 0.903253
0.498462 0.628479 0.952979 0.885454 0.790806 0.568367 0.367485 0.316689 0.696778 0.365729 0.444274 0.391989 0.403372 0.471002 0.500618 0.649190 0.438905 0.467757 0.000000 0.452133 0.712447 0.860805 0.772023 0.929747 0.542049 0.683263 0.647992 0.998896 0.347861 0.371719 0.481213 0.574607 0.465136 0.361166 0.926375 0.968981 0.816979 0.921043 0.947524 0.864446 0.920052 0.892973 0.402933 0.309455 0.387644 0.376136 0.559021 0.497981 0.481100 0.608053 0.562027 0.753730 0.803756 0.965340 0.744259 0.632957 0.667624 0.687649 0.488233 0.604092 0.318144 0.350750 0.336772 0.341607 0.670561 0.875137 0.676397 0.579859 0.851768 0.686164 0.678101 0.718518 0.721300 0.855859 0.973238 0.995656 0.590353 0.737480 0.748426 0.623115 0.427339 0.428232 0.765308 0.839250 0.581042 0.848471 0.763288 0.896480 0.768174 0.953648 0.539105 0.853383 0.726030 0.836170 0.906575 0.994989 0.777019 0.943717 0.405581 0.520258 0.575320 0.680363 0.441711 0.677034 0.775618 0.928270 0.899949 0.987496 0.781452 0.728017 0.760416 0.664584 0.632073 0.735448 0.822010 0.937890
0.570107 0.572868 0.979099 0.926635 0.959896 0.752081 0.625689 0.527856 0.960028 0.555359 0.621396 0.503598 0.550464 0.469882 0.577916 0.694529 0.577423 0.469416 0.452133 0.000000 0.896958 0.952791 0.825454 0.957411 0.684486 0.815678 0.778865 0.942457 0.480213 0.485321 0.564916 0.597023 0.596473 0.539503 0.845757 0.965612 0.960829 0.973323 0.947973 0.896905 0.993896 0.979225 0.607355 0.488529 0.535105 0.473713 0.595914 0.635872 0.525274 0.600072 0.584220 0.705828 0.873561 0.926868 0.812232 0.709372 0.665443 0.598747 0.593241 0.622997 0.531045 0.538527 0.447540 0.416673 0.679880 0.940170 0.714044 0.596296 0.760017 0.641746 0.754593 0.735134 0.824124 0.767947 0.969515 0.978143 0.689034 0.909970 0.646248 0.568838 0.519715 0.498460 0.786629 0.850236 0.693311 0.846996 0.788772 0.935367 0.791849 0.929523 0.680538 0.891409 0.800162 0.861066 0.786079 0.963210 0.840320 0.747011 0.548624 0.611093 0.774661 0.823555 0.579200 0.566054 0.762895 0.909164 0.912091 0.949315 0.814773 0.763426 0.906620 0.737510 0.805824 0.744158 0.939246 0.934429
0.827583 0.971016 0.944625 0.987658 0.834152 0.758498 0.803538 0.842002 0.787116 0.839036 0.916789 0.820834 0.774700 0.901432 0.847391 0.850659 0.856426 0.940012 0.712447 0.896958 0.000000 0.973614 0.877857 0.881729 0.927060 0.800334 0.894615 0.982893 0.874089 0.864253 0.979104 0.901353 0.936805 0.833324 0.969201 0.977655 0.968123 0.889197 0.728763 0.889857 0.988819 0.988958 0.869291 0.803052 0.822237 0.838683 0.972400 0.800424 0.901112 0.933907 0.881168 0.896389 0.851086 0.868631 0.997020 0.809639 0.965019 0.923860 0.866223 0.851375 0.802685 0.832439 0.847589 0.827794 0.908273 0.934013 0.974572 0.907617 0.966375 0.853017 0.810925 0.823209 0.972961 0.973061 0.997252 0.939329 0.942804 0.849725 0.970554 0.989640 0.882261 0.858266 0.856004 0.846886 0.866788 0.995854 0.965038 0.933717 0.889328 0.948588 0.742703 0.857701 0.881626 0.980576 0.969445 0.927623 0.940031 0.972346 0.847133 0.864616 0.950870 0.848966 0.801443 0.997323 0.996853 0.793994 0.858229 0.982026 0.824950 0.869656 0.936807 0.805644 0.919098 0.824983 0.783081 0.937183
0.834877 0.807083 0.906748 0.930737 0.900228 0.970404 0.879124 0.896338 0.877426 0.975789 0.826454 0.872794 0.917068 0.959215 0.953096 0.873819 0.823244 0.908954 0.860805 0.952791 0.973614 0.000000 0.879411 0.825586 0.991662 0.886068 0.860687 0.987494 0.935574 0.951929 0.955885 0.968360 0.879672 0.864021 0.882107 0.835118 0.871979 0.968776 0.933895 0.837252 0.910411 0.827702 0.899502 0.903094 0.982910 0.979080 0.856134 0.982016 0.912142 0.985145 0.972244 0.909072 0.901951 0.892637 0.858325 0.986388 0.748274 0.868244 0.857791 0.854840 0.884093 0.918986 0.902252 0.906357 0.942768 0.938289 0.989067 0.989243 0.894104 0.977762 0.880444 0.837885 0.880511 0.960402 0.912708 0.977660 0.943934 0.909634 0.990654 0.957682 0.953650 0.908744 0.975546 0.938265 0.943300 0.890768 0.875796 0.820695 0.971339 0.922772 0.971145 0.896912 0.953525 0.894899 0.871681 0.835979 0.949144 0.883125 0.951706 0.991840 0.915914 0.939313 0.946230 0.995772 0.980125 0.951212 0.824047 0.979871 0.972401 0.856141 0.875623 0.925226 0.864497 0.937071 0.768923 0.856983
0.776027 0.959830 0.939679 0.723948 0.644540 0.565711 0.907390 0.767310 0.739126 0.788467 0.961872 0.765138 0.794184 0.689606 0.554974 0.303373 0.926136 0.918275 0.772023 0.825454 0.877857 0.879411 0.000000 0.439716 0.903769 0.825601 0.762169 0.849313 0.822221 0.717897 0.821993 0.696782 0.748687 0.953775 0.833682 0.906000 0.869372 0.929294 0.832291 0.947177 0.923843 0.885943 0.986620 0.928099 0.710974 0.782499 0.994945 0.905463 0.729863 0.665072 0.733419 0.673815 0.601972 0.744067 0.910611 0.849529 0.997356 0.798331 0.943970 0.845352 0.811705 0.781953 0.874574 0.768683 0.857366 0.907652 0.669428 0.847892 0.970439 0.723616 0.527801 0.769743 0.868363 0.996186 0.977062 0.904336 0.794858 0.981074 0.883493 0.841856 0.883470 0.814882 0.587332 0.922718 0.371193 0.439872 0.946827 0.643911 0.584098 0.476690 0.708495 0.639248 0.665865 0.743003 0.883764 0.940208 0.989419 0.955302 0.722421 0.737955 0.923656 0.772187 0.766541 0.940318 0.860412 0.849207 0.874128 0.983663 0.959794 0.812623 0.804791 0.705289 0.990873 0.962407 0.872979 0.980185
0.885617 0.952678 0.908114 0.763302 0.884032 0.701839 0.775600 0.896302 0.965977 0.796238 0.759535 0.970568 0.906562 0.933151 0.891789 0.495444 0.919329 0.947037 0.929747 0.957411 0.881729 0.825586 0.439716 0.000000 0.875386 0.991002 0.626100 0.931015 0.888785 0.995362 0.901943 0.930210 0.990337 0.840308 0.866782 0.811387 0.977712 0.817451 0.964056 0.983690 0.837083 0.890946 0.799835 0.896811 0.930656 0.995095 0.898798 0.965165 0.921588 0.707963 0.807754 0.663497 0.661308 0.651060 0.952876 0.862681 0.975887 0.849685 0.958240 0.899320 0.856583 0.863854 0.874870 0.995868 0.765734 0.910034 0.666366 0.874800 0.996917 0.782918 0.840941 0.882080 0.965689 0.949906 0.839484 0.972361 0.997203 0.950402 0.950000 0.900252 0.985251 0.907176 0.699833 0.910368 0.594558 0.429907 0.855293 0.583943 0.636352 0.580346 0.862055 0.857715 0.782828 0.795108 0.924784 0.942066 0.939382 0.985071 0.883723 0.910863 0.810403 0.897884 0.884806 0.970633 0.870377 0.805083 0.800700 0.807919 0.968021 0.738584 0.954428 0.760579 0.992989 0.859080 0.917081 0.947904
0.604908 0.782205 0.589899 0.666860 0.797902 0.832384 0.631677 0.580111 0.891632 0.548061 0.441328 0.412726 0.373898 0.397057 0.422627 0.705599 0.620244 0.576473 0.542049 0.684486 0.927060 0.991662 0.903769 0.875386 0.000000 0.466969 0.648020 0.979111 0.488918 0.504019 0.685243 0.759545 0.504220 0.631148 0.853761 0.999191 0.872813 0.842291 0.920509 0.875136 0.979154 0.907158 0.587720 0.536045 0.406928 0.407123 0.721771 0.713758 0.478617 0.698026 0.675207 0.803025 0.881260 0.966230 0.764146 0.917028 0.879542 0.886292 0.747482 0.844807 0.462500 0.416136 0.493593 0.438553 0.402552 0.728834 0.942762 0.913673 0.918013 0.713811 0.821717 0.785804 0.944806 0.989063 0.979645 0.960976 0.650927 0.812333 0.744217 0.608934 0.440431 0.674571 0.783256 0.852573 0.802254 0.943218 0.947683 0.815101 0.712150 0.983687 0.776892 0.964967 0.902681 0.740295 0.782720 0.937917 0.942958 0.961480 0.532739 0.672922 0.624608 0.727780 0.613422 0.568849 0.899929 0.964020 0.898198 0.932441 0.832007 0.856795 0.819011 0.822047 0.695000 0.746727 0.935243 0.903621
0.595605 0.656722 0.637007 0.811496 0.855651 0.912244 0.808441 0.691514 0.841492 0.728440 0.575102 0.510414 0.453959 0.499612 0.549568 0.677136 0.676647 0.708017 0.683263 0.815678 0.800334 0.886068 0.825601 0.991002 0.466969 0.000000 0.896143 0.897454 0.700359 0.654409 0.763770 0.857868 0.755333 0.839247 0.813239 0.950024 0.972577 0.869983 0.932300 0.970225 0.967745 0.992895 0.768794 0.714802 0.616456 0.632688 0.921139 0.839596 0.596299 0.730979 0.774597 0.773942 0.790833 0.946507 0.881502 0.997614 0.830438 0.725148 0.850480 0.827212 0.643900 0.522893 0.698888 0.579327 0.604884 0.653886 0.847003 0.911287 0.937081 0.707403 0.802607 0.675740 0.961303 0.948417 0.902447 0.889165 0.797872 0.757426 0.854612 0.738518 0.648176 0.788644 0.708877 0.921642 0.795592 0.998807 0.922677 0.947703 0.679474 0.763173 0.783781 0.813659 0.931745 0.966856 0.947668 0.971107 0.988760 0.970201 0.686357 0.617386 0.776469 0.801966 0.679761 0.650269 0.902859 0.960636 0.923985 0.862000 0.939226 0.951667 0.953186 0.793257 0.907164 0.929935 0.849021 0.910901
0.797954 0.786692 0.954909 0.867978 0.839592 0.890264 0.600561 0.632818 0.917600 0.646168 0.538933 0.698257 0.680853 0.728968 0.746353 0.933538 0.637613 0.603149 0.647992 0.778865 0.894615 0.860687 0.762169 0.626100 0.648020 0.896143 0.000000 0.972830 0.610285 0.665613 0.694586 0.849437 0.695124 0.518186 0.973925 0.929119 0.817054 0.814881 0.982209 0.859861 0.987248 0.919078 0.619550 0.557266 0.635256 0.607105 0.543023 0.685998 0.671454 0.833362 0.870666 0.974070 0.797469 0.846003 0.780184 0.828165 0.901537 0.998803 0.756695 0.878100 0.594292 0.673002 0.621559 0.661539 0.717612 0.973528 0.879525 0.712446 0.921833 0.969949 0.913102 0.833585 0.945756 0.991909 0.990862 0.992276 0.830052 0.851662 0.797031 0.764987 0.575066 0.686935 0.944005 0.967746 0.932950 0.869209 0.753872 0.629411 0.953260 0.814943 0.917770 0.872105 0.952420 0.672775 0.854984 0.973630 0.933837 0.979596 0.675146 0.803780 0.682260 0.929149 0.729582 0.815789 0.869240 0.881001 0.857926 0.951843 0.984141 0.704325 0.925596 0.975575 0.739841 0.810956 0.995522 0.921968
0.952985 0.930063 0.907256 0.971378 0.792847 0.909797 0.925254 0.959744 0.985934 0.935243 0.886355 0.909148 0.906669 0.931985 0.902258 0.884039 0.928542 0.999375 0.998896 0.942457 0.982893 0.987494 0.849313 0.931015 0.979111 0.897454 0.972830 0.000000 0.938588 0.927611 0.982116 0.982186 0.998282 0.998400 0.857961 0.856054 0.981819 0.839874 0.954571 0.969001 0.912869 0.963056 0.941427 0.976431 0.992662 0.955202 0.973795 0.946567 0.990168 0.999845 0.966780 0.981428 0.991752 0.987161 0.945235 0.960248 0.946152 0.985083 0.904268 0.902068 0.886761 0.989236 0.961727 0.959333 0.808547 0.982733 0.993028 0.982993 0.932100 0.862298 0.926420 0.937157 0.898647 0.891508 0.985194 0.836067 0.992996 0.989284 0.953441 0.846515 0.969842 0.885275 0.931087 0.893062 0.775812 0.791730 0.894985 0.947030 0.922255 0.918846 0.970766 0.995280 0.985483 0.981795 0.991552 0.983432 0.897103 0.950853 0.955051 0.928782 0.983968 0.866590 0.884797 0.911107 0.862464 0.806830 0.829676 0.961485 0.961448 0.909065 0.905353 0.975640 0.960218 0.814488 0.864503 0.998797
0.503165 0.577215 0.923856 0.991333 0.886452 0.693626 0.376468 0.333616 0.784875 0.395795 0.410873 0.392587 0.353295 0.411996 0.408633 0.729208 0.357905 0.368861 0.347861 0.480213 0.874089 0.935574 0.822221 0.888785 0.488918 0.700359 0.610285 0.938588 0.000000 0.269141 0.397530 0.568941 0.429828 0.338046 0.982040 0.977461 0.922109 0.886891 0.934294 0.783241 0.991431 0.985279 0.415732 0.362153 0.395923 0.323730 0.435945 0.533485 0.429777 0.586832 0.585213 0.783973 0.852921 0.983455 0.676536 0.629094 0.610047 0.634368 0.495537 0.641680 0.311411 0.409434 0.268519 0.303948 0.584008 0.968474 0.730372 0.618279 0.860811 0.594209 0.707194 0.702726 0.755311 0.880511 0.993508 0.907996 0.502245 0.835848 0.570871 0.557052 0.303715 0.377461 0.808460 0.866018 0.661869 0.909566 0.922399 0.838083 0.861250 0.985233 0.706410 0.986983 0.837979 0.752484 0.880064 0.965030 0.724200 0.899361 0.481435 0.567186 0.492092 0.607882 0.506759 0.540034 0.821802 0.953631 0.920506 0.987440 0.782691 0.708272 0.773163 0.732466 0.637603 0.671595 0.995443 0.911673
0.451039 0.557394 0.994423 0.962092 0.896733 0.717365 0.488847 0.398589 0.797774 0.466009 0.400906 0.313606 0.301657 0.337661 0.366749 0.567411 0.418008 0.341509 0.371719 0.485321 0.864253 0.951929 0.717897 0.995362 0.504019 0.654409 0.665613 0.927611 0.269141 0.000000 0.462850 0.532402 0.387132 0.369206 0.987202 0.961857 0.919029 0.932263 0.911970 0.786828 0.935461 0.960633 0.486760 0.412491 0.398636 0.351041 0.503924 0.566099 0.421431 0.578026 0.610820 0.762125 0.887292 0.943964 0.651870 0.668554 0.598952 0.609330 0.506112 0.643071 0.332805 0.391478 0.317964 0.281237 0.623813 0.961291 0.760681 0.596741 0.782575 0.534186 0.649128 0.744304 0.784329 0.816585 0.965206 0.906972 0.589985 0.737380 0.631865 0.543543 0.325526 0.421198 0.672394 0.769441 0.600839 0.842354 0.884440 0.950239 0.704036 0.886005 0.792076 0.952680 0.905175 0.741611 0.824817 0.940925 0.694972 0.958185 0.467651 0.583956 0.589781 0.677769 0.445323 0.594556 0.883355 0.939566 0.946582 0.979329 0.823005 0.770787 0.771740 0.760538 0.678503 0.691169 0.974055 0.987720
0.578888 0.623396 0.896338 0.899908 0.986403 0.683778 0.496944 0.422596 0.793815 0.419040 0.641932 0.501794 0.540565 0.562941 0.603964 0.784719 0.506448 0.469576 0.481213 0.564916 0.979104 0.955885 0.821993 0.901943 0.685243 0.763770 0.694586 0.982116 0.397530 0.462850 0.000000 0.534885 0.513200 0.444689 0.973860 0.979224 0.912022 0.878055 0.946724 0.985932 0.963763 0.977704 0.537560 0.478253 0.511582 0.476114 0.596538 0.645920 0.514647 0.623902 0.691796 0.815086 0.882058 0.937546 0.743417 0.637883 0.597163 0.668441 0.612193 0.736152 0.485915 0.523964 0.465794 0.429420 0.688519 0.917782 0.761511 0.674738 0.888513 0.662850 0.803010 0.649551 0.848028 0.937989 0.878661 0.811016 0.615060 0.895040 0.713199 0.611755 0.439913 0.546749 0.998487 0.937833 0.704778 0.921743 0.766603 0.717465 0.933919 0.907246 0.736864 0.923746 0.810119 0.890040 0.924318 0.964476 0.911453 0.862243 0.555570 0.466405 0.635857 0.614095 0.523388 0.725498 0.875129 0.937675 0.799709 0.880451 0.884163 0.716989 0.762246 0.794822 0.745212 0.845870 0.877355 0.907054
0.707653 0.795295 0.934552 0.811798 0.952457 0.829580 0.682015 0.629656 0.988364 0.673578 0.734150 0.627573 0.649314 0.608246 0.637354 0.690895 0.719799 0.597920 0.574607 0.597023 0.901353 0.968360 0.696782 0.930210 0.759545 0.857868 0.849437 0.982186 0.568941 0.532402 0.534885 0.000000 0.600563 0.610626 0.889819 0.807754 0.975540 0.859192 0.957650 0.793854 0.990942 0.885673 0.621828 0.577760 0.726026 0.605638 0.680822 0.740701 0.718096 0.724669 0.796180 0.841179 0.994973 0.920114 0.975276 0.749122 0.826322 0.860765 0.793764 0.811866 0.633982 0.712616 0.622327 0.626247 0.961609 0.885040 0.793611 0.695334 0.966262 0.749413 0.751702 0.790118 0.689506 0.855692 0.965082 0.942795 0.801037 0.922021 0.813013 0.656567 0.631691 0.559318 0.767270 0.870551 0.722190 0.756372 0.999456 0.986025 0.853827 0.704642 0.840962 0.968545 0.866394 0.851079 0.950690 0.909805 0.887618 0.879659 0.742683 0.691367 0.891866 0.861652 0.549204 0.814892 0.816514 0.873262 0.985608 0.914179 0.952239 0.959136 0.773184 0.969845 0.841799 0.947899 0.880162 0.928141
0.559878 0.750102 0.978518 0.992592 0.885915 0.610856 0.466778 0.434809 0.831011 0.470480 0.494897 0.408056 0.419387 0.484677 0.430321 0.662494 0.489522 0.467723 0.465136 0.596473 0.936805 0.879672 0.748687 0.990337 0.504220 0.755333 0.695124 0.998282 0.429828 0.387132 0.513200 0.600563 0.000000 0.460251 0.955927 0.963305 0.830555 0.921485 0.973396 0.991744 0.877935 0.939385 0.517469 0.439664 0.366692 0.380599 0.555003 0.534568 0.471562 0.669569 0.676983 0.854762 0.913342 0.905411 0.757920 0.660775 0.713098 0.762068 0.537988 0.762731 0.362065 0.437634 0.392572 0.356351 0.635483 0.965466 0.694280 0.571797 0.893787 0.615471 0.822498 0.806034 0.810500 0.821584 0.974151 0.840499 0.534261 0.754131 0.783903 0.524180 0.379551 0.481004 0.772845 0.708113 0.633977 0.752671 0.947387 0.873703 0.825052 0.994233 0.784296 0.905464 0.882565 0.666530 0.820398 0.963471 0.797298 0.973948 0.450005 0.627461 0.605584 0.791367 0.524036 0.600016 0.815833 0.911978 0.929932 0.997049 0.873080 0.814181 0.749142 0.715328 0.757793 0.757930 0.989171 0.999330
0.540866 0.597463 0.868378 0.911161 0.969562 0.659461 0.429811 0.410151 0.866114 0.443663 0.437492 0.425748 0.491766 0.540741 0.573559 0.814387 0.383385 0.403560 0.361166 0.539503 0.833324 0.864021 0.953775 0.840308 0.631148 0.839247 0.518186 0.998400 0.338046 0.369206 0.444689 0.610626 0.460251 0.000000 0.984731 0.861441 0.755614 0.845937 0.890710 0.833413 0.974080 0.987726 0.443817 0.315032 0.394207 0.357585 0.407343 0.583281 0.486861 0.633989 0.654067 0.852452 0.939662 0.936503 0.626534 0.618832 0.659974 0.765007 0.489789 0.669119 0.371391 0.483758 0.344106 0.375388 0.649094 0.955825 0.668931 0.482818 0.832953 0.692677 0.826001 0.701556 0.805596 0.839813 0.971600 0.913632 0.568514 0.786165 0.665781 0.649438 0.356512 0.381186 0.818112 0.734260 0.748139 0.871490 0.862111 0.833454 0.971437 0.948601 0.701527 0.955469 0.850346 0.689723 0.952304 0.949516 0.873869 0.970726 0.495389 0.589339 0.628297 0.649158 0.469970 0.725171 0.860579 0.955739 0.777015 0.972563 0.716225 0.670499 0.816074 0.757524 0.630039 0.762166 0.879637 0.926888
0.932901 0.921134 0.812691 0.932306 0.922556 0.830924 0.922500 0.997426 0.911849 0.992722 0.916610 0.909143 0.896891 0.868716 0.960762 0.889924 0.923323 0.916134 0.926375 0.845757 0.969201 0.882107 0.833682 0.866782 0.853761 0.813239 0.973925 0.857961 0.982040 0.987202 0.973860 0.889819 0.955927 0.984731 0.000000 0.911183 0.836503 0.870062 0.752188 0.987379 0.881236 0.942803 0.927511 0.875653 0.965724 0.971738 0.894629 0.893552 0.979813 0.972310 0.942864 0.909881 0.958169 0.929953 0.759208 0.869141 0.918777 0.967022 0.974680 0.995288 0.958421 0.888899 0.983585 0.959272 0.765354 0.868405 0.742714 0.933334 0.992283 0.977422 0.822517 0.971896 0.965674 0.961194 0.820116 0.919487 0.853810 0.844554 0.898441 0.836695 0.978128 0.966250 0.838808 0.950769 0.839907 0.759503 0.922793 0.900596 0.991858 0.940021 0.977834 0.970702 0.896903 0.974196 0.928411 0.962790 0.960308 0.887961 0.993047 0.861959 0.886586 0.849080 0.915252 0.928012 0.981409 0.977946 0.908335 0.885143 0.997635 0.849468 0.926847 0.918734 0.870258 0.959321 0.893672 0.973775
0.879412 0.915446 0.989520 0.892463 0.954759 0.979266 0.982329 0.932101 0.984810 0.959191 0.896020 0.984020 0.918431 0.972241 0.987875 0.907156 0.959978 0.931793 0.968981 0.965612 0.977655 0.835118 0.906000 0.811387 0.999191 0.950024 0.929119 0.856054 0.977461 0.961857 0.979224 0.807754 0.963305 0.861441 0.911183 0.000000 0.946352 0.883047 0.914616 0.985476 0.874909 0.913136 0.979454 0.983246 0.938463 0.976176 0.953330 0.939627 0.917192 0.884155 0.846419 0.807765 0.785748 0.791082 0.807274 0.854797 0.798301 0.739787 0.850047 0.745900 0.933862 0.979160 0.988642 0.952914 0.976428 0.955818 0.809522 0.945128 0.919170 0.725467 0.858091 0.931070 0.965629 0.980203 0.869876 0.892269 0.966504 0.994485 0.992495 0.928879 0.978553 0.905166 0.939175 0.882864 0.913024 0.959309 0.835201 0.896617 0.788625 0.950027 0.777032 0.847473 0.771021 0.698256 0.771158 0.914242 0.925238 0.906618 0.804228 0.790119 0.874133 0.973698 0.919742 0.944355 0.822969 0.849187 0.867152 0.860841 0.931417 0.945233 0.864516 0.927584 0.937657 0.766775 0.976890 0.791200
0.824631 0.971664 0.950882 0.988526 0.971592 0.781504 0.855556 0.832284 0.835341 0.800783 0.938182 0.837839 0.949356 0.903666 0.915529 0.876072 0.827694 0.841158 0.816979 0.960829 0.968123 0.871979 0.869372 0.977712 0.872813 0.972577 0.817054 0.981819 0.922109 0.919029 0.912022 0.975540 0.830555 0.755614 0.836503 0.946352 0.000000 0.823838 0.918074 0.917595 0.967424 0.991207 0.851675 0.838670 0.726446 0.745206 0.899245 0.838487 0.754759 0.828217 0.821591 0.916179 0.919974 0.863446 0.771678 0.889000 0.959719 0.905968 0.915115 0.938240 0.857768 0.791956 0.875333 0.844072 0.909520 0.928307 0.777402 0.854277 0.955967 0.930951 0.972847 0.866220 0.947147 0.905114 0.926055 0.860026 0.811267 0.949833 0.905897 0.963693 0.852490 0.858741 0.988238 0.892478 0.891488 0.856185 0.842323 0.920228 0.958168 0.997662 0.749009 0.889173 0.748254 0.955488 0.980226 0.956999 0.926278 0.950271 0.719945 0.943188 0.953666 0.825814 0.808272 0.946607 0.956986 0.990745 0.968458 0.915789 0.899357 0.905300 0.850056 0.860371 0.724189 0.896929 0.952176 0.896587
0.954706 0.950084 0.982256 0.756747 0.940541 0.988161 0.774502 0.894853 0.864884 0.913817 0.758563 0.914605 0.794811 0.879349 0.884499 0.955884 0.879019 0.994280 0.921043 0.973323 0.889197 0.968776 0.929294 0.817451 0.842291 0.869983 0.814881 0.839874 0.886891 0.932263 0.878055 0.859192 0.921485 0.845937 0.870062 0.883047 0.823838 0.000000 0.867690 0.968801 0.861071 0.987870 0.971925 0.943635 0.888303 0.936060 0.837045 0.935227 0.977887 0.939777 0.829679 0.742565 0.800027 0.760337 0.910025 0.914762 0.907983 0.892942 0.888155 0.890671 0.747221 0.823713 0.808192 0.826107 0.892532 0.942551 0.948646 0.912865 0.861128 0.863834 0.793590 0.955287 0.996659 0.799692 0.925093 0.948265 0.752913 0.875740 0.898899 0.958456 0.837601 0.810603 0.880984 0.895642 0.836200 0.995641 0.887142 0.980631 0.872204 0.994736 0.910006 0.890561 0.895656 0.764137 0.942212 0.913687 0.824407 0.946147 0.954622 0.963200 0.835054 0.823799 0.928752 0.971454 0.990588 0.906444 0.903273 0.971410 0.682637 0.880859 0.964074 0.966501 0.787341 0.980535 0.906469 0.948928
