0.000000 0.430739 0.662386 0.556959 0.946370 0.686218 0.554182 0.450204 0.719814 0.927330 0.428292 0.379047 0.481304 0.482492 0.729066 0.534899 0.430006 0.419234 0.470747 0.375216 0.816670 0.942074 0.679161 0.655718 0.707220 0.662727 0.923733 0.774847 0.457993 0.491002 0.549894 0.578818 0.413669 0.404933 0.561287 0.791394 0.587137 0.791048 0.969343 0.995268 0.845405 0.844713 0.639196 0.616103 0.626258 0.665099 0.541842 0.650527 0.968639 0.806410 0.783040 0.854504 0.897998 0.966480 0.671024 0.792172 0.420156 0.511013 0.432119 0.742383 0.460351 0.589862 0.355159 0.468722 0.679713 0.627033 0.484214 0.576054 0.617569 0.697589 0.556364 0.657257 0.725601 0.615885 0.901497 0.798519 0.612375 0.730501 0.679204 0.798693 0.410956 0.430462 0.535935 0.629520 0.540617 0.541726 0.972074 0.961123 0.741832 0.651170 0.651536 0.874555 0.673019 0.851855 0.668979 0.818570 0.676838 0.707551 0.552643 0.564328 0.687444 0.741264 0.582369 0.631320 0.534628 0.755344 0.984668 0.742179 0.796821 0.890526 0.940791 0.855051 0.879666 0.870931 0.852750 0.907971
0.430739 0.000000 0.953535 0.828436 0.920585 0.897505 0.831556 0.628585 0.934504 0.882611 0.808474 0.477162 0.862101 0.796883 0.977856 0.715476 0.309583 0.323958 0.731708 0.541243 0.895073 0.940398 0.972491 0.836912 0.805600 0.794536 0.950059 0.983261 0.446489 0.434859 0.784373 0.809253 0.648903 0.653019 0.852892 0.832639 0.775912 0.856323 0.951266 0.898664 0.751680 0.837380 0.727555 0.671263 0.539232 0.494496 0.672427 0.706533 0.668717 0.610355 0.551457 0.648055 0.832879 0.902521 0.652802 0.737040 0.287419 0.237929 0.666787 0.615330 0.771133 0.501384 0.633800 0.451391 0.943357 0.738504 0.715943 0.739258 0.450946 0.531518 0.741766 0.878995 0.691808 0.641772 0.735124 0.793203 0.740877 0.791071 0.555216 0.663223 0.306642 0.372514 0.546736 0.504899 0.816720 0.652124 0.947330 0.897083 0.841105 0.708510 0.851216 0.950741 0.833063 0.926394 0.578358 0.998667 0.542251 0.738407 0.627504 0.673032 0.874768 0.924352 0.570610 0.765261 0.644696 0.855184 0.917966 0.840005 0.820569 0.759006 0.865512 0.651204 0.940847 0.772779 0.713890 0.989215
0.662386 0.953535 0.000000 0.231384 0.834174 0.840439 0.231483 0.347593 0.503683 0.783623 0.464941 0.787917 0.359321 0.473358 0.427999 0.455496 0.968346 0.902003 0.387898 0.558506 0.744275 0.938250 0.274325 0.385968 0.476974 0.344842 0.974580 0.885775 0.723364 0.812247 0.320033 0.410946 0.401991 0.344869 0.500394 0.790084 0.652794 0.842035 0.877521 0.847054 0.959073 0.845151 0.510276 0.608747 0.637106 0.716692 0.560777 0.473157 0.944502 0.906718 0.834749 0.876880 0.810559 0.793689 0.573522 0.745133 0.930805 0.896733 0.564189 0.837195 0.361043 0.819419 0.592024 0.970457 0.258453 0.445913 0.359033 0.438864 0.928534 0.883451 0.526513 0.553725 0.881238 0.818723 0.907979 0.913502 0.595718 0.633773 0.861128 0.788073 0.945586 0.733157 0.695213 0.910832 0.335451 0.449589 0.732368 0.736277 0.775914 0.738255 0.564617 0.633183 0.663356 0.638907 0.738136 0.915247 0.796998 0.912851 0.647191 0.571162 0.667923 0.708290 0.813418 0.852407 0.661030 0.627885 0.916210 0.741428 0.777627 0.912767 0.920067 0.947187 0.833765 0.918199 0.886322 0.783563
0.556959 0.828436 0.231384 0.000000 0.893340 0.747744 0.218763 0.258448 0.554523 0.811414 0.367336 0.648064 0.326948 0.367939 0.486789 0.465628 0.908313 0.753829 0.292694 0.410711 0.815886 0.968373 0.303044 0.288160 0.473059 0.388236 0.953914 0.785436 0.657744 0.728755 0.290422 0.342788 0.316308 0.274704 0.481886 0.753644 0.694331 0.877376 0.834669 0.848092 0.985145 0.836292 0.464956 0.533144 0.614857 0.698575 0.495249 0.453845 0.934256 0.901028 0.836025 0.910507 0.842660 0.859602 0.595272 0.726224 0.896967 0.995766 0.553514 0.822445 0.362921 0.770059 0.500006 0.891044 0.317735 0.382014 0.309612 0.360730 0.880955 0.917881 0.487013 0.522408 0.812797 0.737267 0.817882 0.867792 0.591553 0.606408 0.759522 0.755027 0.834749 0.617379 0.628759 0.877424 0.329961 0.387943 0.743402 0.644112 0.725526 0.677168 0.540937 0.667285 0.645665 0.692642 0.763817 0.863336 0.799538 0.850471 0.592290 0.484206 0.588475 0.605850 0.735290 0.718121 0.613221 0.612152 0.984262 0.801268 0.742003 0.921551 0.922864 0.896687 0.820076 0.942889 0.869637 0.763938
0.946370 0.920585 0.834174 0.893340 0.000000 0.977926 0.869918 0.881598 0.794430 0.819333 0.969834 0.959076 0.829318 0.851028 0.710562 0.856586 0.955858 0.986249 0.910697 0.948270 0.782959 0.870462 0.799484 0.986114 0.885312 0.951572 0.917389 0.869673 0.919050 0.962732 0.807290 0.957313 0.839713 0.848370 0.698488 0.870301 0.764914 0.800615 0.871331 0.995261 0.873274 0.971729 0.874424 0.944703 0.924851 0.983541 0.925215 0.892080 0.934147 0.937566 0.826095 0.806421 0.745017 0.740757 0.932855 0.998385 0.955141 0.982133 0.699720 0.828467 0.785920 0.953268 0.788402 0.905455 0.779954 0.921915 0.746514 0.801957 0.882733 0.906667 0.820569 0.739521 0.853541 0.932840 0.874693 0.952488 0.975053 0.969509 0.932798 0.931734 0.989720 0.879923 0.859432 0.957842 0.851987 0.938884 0.977475 0.797557 0.764169 0.934915 0.722156 0.745875 0.721946 0.687469 0.979561 0.958236 0.851612 0.940640 0.812465 0.927465 0.987401 0.976493 0.749782 0.836206 0.904348 0.654899 0.810658 0.663832 0.873485 0.972162 0.921019 0.980969 0.936970 0.829425 0.791057 0.817846
0.686218 0.897505 0.840439 0.747744 0.977926 0.000000 0.690815 0.643613 0.785391 0.852253 0.650593 0.715634 0.738538 0.802172 0.892970 0.813277 0.868676 0.782117 0.644374 0.681838 0.901842 0.943217 0.896247 0.844193 0.990427 0.815949 0.946785 0.696250 0.839531 0.919293 0.890514 0.757485 0.773495 0.703441 0.814449 0.946909 0.943535 0.977755 0.977512 0.973750 0.999622 0.852293 0.617484 0.678843 0.739501 0.724063 0.685838 0.766872 0.920674 0.847522 0.903618 0.900754 0.931720 0.890292 0.857553 0.973402 0.763785 0.982832 0.815455 0.964653 0.762688 0.833715 0.802878 0.931355 0.863851 0.747501 0.697113 0.671286 0.993923 0.913488 0.808938 0.855097 0.891055 0.728066 0.996492 0.875027 0.709465 0.667513 0.781082 0.983217 0.857117 0.833958 0.983565 0.928804 0.877767 0.850879 0.877721 0.879868 0.894190 0.903884 0.669916 0.756167 0.756284 0.755880 0.915012 0.918779 0.867824 0.943483 0.661224 0.722089 0.808102 0.680076 0.653957 0.615841 0.861562 0.940910 0.947817 0.895762 0.953933 0.887591 0.892895 0.877770 0.975822 0.883863 0.886005 0.913821
0.554182 0.831556 0.231483 0.218763 0.869918 0.690815 0.000000 0.218815 0.521820 0.640506 0.393173 0.660837 0.330602 0.416040 0.449308 0.465088 0.918057 0.738959 0.281253 0.443392 0.781914 0.971413 0.319349 0.431260 0.611375 0.412749 0.995993 0.822091 0.632766 0.758076 0.345976 0.398387 0.342117 0.299418 0.506123 0.715069 0.694600 0.887540 0.924292 0.824800 0.973570 0.881049 0.378424 0.472532 0.497849 0.576609 0.464082 0.438572 0.963552 0.802245 0.743904 0.769022 0.732359 0.712600 0.609490 0.730160 0.888603 0.982457 0.501814 0.860379 0.380257 0.787400 0.538243 0.921745 0.329425 0.413808 0.271549 0.368681 0.926253 0.975805 0.394745 0.436482 0.807083 0.717014 0.905706 0.869424 0.472412 0.540390 0.771325 0.795329 0.876646 0.725469 0.692409 0.960216 0.366890 0.490052 0.763313 0.738952 0.839630 0.769647 0.412675 0.520548 0.519581 0.537179 0.736180 0.842067 0.731220 0.807522 0.476198 0.401631 0.559971 0.529788 0.662893 0.675903 0.604588 0.559452 0.959299 0.721468 0.798129 0.959112 0.923300 0.811520 0.739149 0.881157 0.854407 0.849507
0.450204 0.628585 0.347593 0.258448 0.881598 0.643613 0.218815 0.000000 0.575916 0.630788 0.369718 0.516462 0.393721 0.389492 0.574032 0.486759 0.726406 0.569116 0.245204 0.331727 0.859174 0.987028 0.422857 0.449063 0.635903 0.451730 0.950053 0.799170 0.490978 0.646779 0.356299 0.402096 0.299363 0.274432 0.503170 0.701702 0.657171 0.897553 0.883188 0.855022 0.906286 0.953209 0.369128 0.443147 0.431660 0.498408 0.440518 0.480136 0.855632 0.733909 0.655065 0.741420 0.700830 0.738135 0.598810 0.700029 0.664218 0.771907 0.491984 0.838923 0.418458 0.668185 0.466402 0.781040 0.452723 0.433238 0.297703 0.346407 0.814998 0.883870 0.405927 0.419372 0.707034 0.580318 0.794433 0.799126 0.472527 0.522385 0.694805 0.772784 0.710474 0.600431 0.604636 0.837848 0.438535 0.492307 0.817638 0.730749 0.818463 0.724223 0.434856 0.608536 0.508056 0.655195 0.713060 0.834764 0.626101 0.742734 0.425541 0.365622 0.522557 0.547689 0.542929 0.602255 0.555605 0.604765 0.962281 0.699782 0.735249 0.964752 0.868182 0.781827 0.753793 0.842629 0.841090 0.890242
0.719814 0.934504 0.503683 0.554523 0.794430 0.785391 0.521820 0.575916 0.000000 0.599092 0.676828 0.796743 0.576771 0.746043 0.552027 0.553383 0.880152 0.858133 0.743337 0.709115 0.751988 0.988559 0.570804 0.747050 0.738282 0.564370 0.987022 0.732724 0.656554 0.733545 0.588780 0.770232 0.616410 0.605550 0.679016 0.919877 0.677316 0.692886 0.935371 0.813947 0.997365 0.826841 0.638156 0.700924 0.669328 0.726682 0.740335 0.702850 0.973315 0.895356 0.748460 0.713790 0.636517 0.588747 0.791617 0.772186 0.989474 0.990580 0.537332 0.791784 0.488064 0.798359 0.649007 0.800704 0.505875 0.744116 0.592849 0.724809 0.860662 0.964725 0.528073 0.555852 0.729369 0.816610 0.936156 0.995186 0.548921 0.664099 0.750288 0.938790 0.854460 0.897506 0.869937 0.920237 0.677003 0.801540 0.896304 0.979569 0.890154 0.865395 0.548633 0.564781 0.611002 0.527400 0.848738 0.864544 0.702737 0.857128 0.689915 0.614121 0.761045 0.698623 0.669022 0.782321 0.679179 0.510951 0.742081 0.680419 0.814306 0.943760 0.977712 0.923288 0.769077 0.713198 0.814244 0.997490
0.927330 0.882611 0.783623 0.811414 0.819333 0.852253 0.640506 0.630788 0.599092 0.000000 0.908362 0.970023 0.835812 0.865308 0.638559 0.775080 0.871692 0.770210 0.774280 0.854755 0.988304 0.973600 0.799288 0.921315 0.886416 0.959829 0.949238 0.830044 0.738398 0.861248 0.804579 0.882769 0.866939 0.763706 0.790058 0.906997 0.871668 0.986636 0.998541 0.786953 0.834868 0.883167 0.569810 0.634663 0.581382 0.588406 0.881796 0.790491 0.837419 0.765852 0.610622 0.563303 0.575125 0.520146 0.976969 0.945762 0.846970 0.869958 0.703109 0.988165 0.849414 0.994044 0.861180 0.924554 0.893450 0.965702 0.677303 0.812441 0.997254 0.902933 0.451725 0.478401 0.759458 0.732546 0.965117 0.916711 0.524067 0.571257 0.837291 0.975578 0.987193 0.824256 0.938908 0.911414 0.966623 0.878869 0.855917 0.881897 0.830485 0.770576 0.408252 0.426563 0.432959 0.418950 0.890805 0.907697 0.670537 0.776907 0.579208 0.533831 0.686344 0.593843 0.499851 0.724544 0.765084 0.576961 0.970915 0.499818 0.896624 0.890041 0.830014 0.694767 0.649071 0.681570 0.780465 0.849442
0.428292 0.808474 0.464941 0.367336 0.969834 0.650593 0.393173 0.369718 0.676828 0.908362 0.000000 0.474859 0.311167 0.341102 0.658038 0.544647 0.747529 0.671137 0.316900 0.413989 0.888067 0.855155 0.489762 0.472443 0.742985 0.554872 0.992425 0.766826 0.559641 0.617428 0.427070 0.444184 0.382399 0.335276 0.565170 0.805829 0.695667 0.936359 0.849651 0.967114 0.906684 0.996459 0.636766 0.667870 0.719996 0.778630 0.580465 0.635372 0.896471 0.947219 0.920901 0.964730 0.914496 0.953270 0.670398 0.828800 0.764348 0.897430 0.591411 0.916153 0.358698 0.684939 0.376164 0.708717 0.533088 0.480050 0.428123 0.437059 0.899107 0.947852 0.547774 0.642635 0.825451 0.724630 0.886388 0.800527 0.659337 0.672493 0.830360 0.851661 0.695885 0.627473 0.788865 0.854138 0.462951 0.506730 0.853906 0.734550 0.747747 0.747450 0.672536 0.830221 0.738588 0.806093 0.835126 0.763964 0.883559 0.898634 0.657618 0.610118 0.563632 0.700458 0.728173 0.679684 0.707686 0.794050 0.942891 0.838331 0.843651 0.915696 0.957709 0.955548 0.885244 0.950889 0.939615 0.792467
0.379047 0.477162 0.787917 0.648064 0.959076 0.715634 0.660837 0.516462 0.796743 0.970023 0.474859 0.000000 0.616991 0.562525 0.877962 0.603605 0.457301 0.358984 0.575084 0.429245 0.793319 0.931118 0.729660 0.684559 0.863026 0.700402 0.976233 0.904713 0.447912 0.392350 0.629711 0.675844 0.432845 0.492063 0.712738 0.778639 0.620681 0.773830 0.899342 0.967839 0.719493 0.841437 0.820488 0.787813 0.615404 0.669692 0.725859 0.710590 0.912800 0.829966 0.813236 0.866860 0.890908 0.922493 0.728898 0.852739 0.480993 0.491915 0.545271 0.648191 0.458548 0.376158 0.420859 0.380653 0.781204 0.534657 0.575330 0.530496 0.672979 0.610431 0.716300 0.753493 0.728353 0.623686 0.819125 0.866499 0.779013 0.819420 0.639580 0.692083 0.367578 0.439770 0.661024 0.608714 0.667540 0.592120 0.968681 0.869220 0.779732 0.701124 0.785290 0.975963 0.803667 0.962534 0.743337 0.965393 0.772259 0.862789 0.716051 0.733037 0.726784 0.821576 0.652908 0.731331 0.678839 0.837012 0.940925 0.899183 0.838412 0.910748 0.951851 0.892592 0.957449 0.934576 0.820727 0.969177
0.481304 0.862101 0.359321 0.326948 0.829318 0.738538 0.330602 0.393721 0.576771 0.835812 0.311167 0.616991 0.000000 0.291297 0.397682 0.398697 0.875754 0.727479 0.349880 0.449175 0.711493 0.988583 0.326623 0.387216 0.633589 0.540163 0.828964 0.757129 0.636879 0.634627 0.420313 0.424799 0.361992 0.318927 0.559154 0.794951 0.730469 0.900897 0.913260 0.963671 0.986728 0.890235 0.563815 0.614855 0.783725 0.845203 0.562184 0.596218 0.746579 0.945277 0.962008 0.984080 0.944433 0.862045 0.654569 0.878970 0.855655 0.982277 0.513616 0.885564 0.315313 0.832346 0.335009 0.755086 0.398339 0.490248 0.381486 0.508068 0.916734 0.956872 0.468892 0.575799 0.917546 0.865142 0.878364 0.768310 0.614598 0.593950 0.910888 0.837196 0.780922 0.734066 0.670228 0.997097 0.377933 0.453466 0.745121 0.808449 0.703303 0.764421 0.587912 0.705471 0.729108 0.653206 0.820141 0.789111 0.857434 0.904009 0.581233 0.592289 0.644541 0.691476 0.729303 0.696251 0.691860 0.675813 0.925000 0.748298 0.792661 0.905126 0.917054 0.928017 0.895607 0.921630 0.915277 0.797149
0.482492 0.796883 0.473358 0.367939 0.851028 0.802172 0.416040 0.389492 0.746043 0.865308 0.341102 0.562525 0.291297 0.000000 0.485137 0.416556 0.861367 0.649223 0.349348 0.411754 0.832137 0.937510 0.407242 0.390664 0.659726 0.618758 0.868800 0.702307 0.637824 0.572292 0.402006 0.386641 0.324735 0.319547 0.581743 0.680513 0.667823 0.967564 0.771426 0.986339 0.992184 0.871659 0.636831 0.688890 0.817277 0.881833 0.679220 0.682481 0.735903 0.900857 0.950660 0.946693 0.979433 0.960578 0.826388 0.969324 0.736553 0.879437 0.579666 0.951883 0.399584 0.806574 0.332774 0.701234 0.507061 0.471619 0.418579 0.439763 0.993142 0.993004 0.554361 0.522534 0.929306 0.792920 0.793343 0.754355 0.693962 0.670488 0.816179 0.811242 0.728684 0.717673 0.592136 0.900605 0.416115 0.421472 0.789907 0.737641 0.684693 0.734024 0.621992 0.840614 0.694999 0.812844 0.895203 0.725479 0.877199 0.913692 0.608559 0.639127 0.550133 0.730537 0.738239 0.788423 0.673810 0.777840 0.933497 0.815466 0.762502 0.919160 0.968993 0.962313 0.972015 0.981326 0.934467 0.833234
0.729066 0.977856 0.427999 0.486789 0.710562 0.892970 0.449308 0.574032 0.552027 0.638559 0.658038 0.877962 0.397682 0.485137 0.000000 0.408218 0.998854 0.856124 0.618250 0.726009 0.704669 0.881103 0.369413 0.572544 0.630639 0.627720 0.790804 0.753213 0.795409 0.743104 0.481766 0.593260 0.548405 0.516906 0.639301 0.826031 0.761817 0.861642 0.883675 0.960552 0.941380 0.866612 0.640877 0.747780 0.780862 0.845522 0.764519 0.697283 0.759384 0.947982 0.884745 0.835108 0.830969 0.733401 0.858095 0.950062 0.988512 0.965650 0.603986 0.907139 0.445148 0.968773 0.539692 0.823433 0.417546 0.647726 0.494480 0.644841 0.980779 0.933664 0.488768 0.502381 0.999261 0.994464 0.964049 0.882967 0.636252 0.667244 0.844270 0.905468 0.941238 0.964003 0.677871 0.969595 0.453434 0.585706 0.693610 0.891920 0.839797 0.836717 0.556070 0.606482 0.674102 0.548259 0.812248 0.930639 0.839126 0.856328 0.615605 0.673428 0.815712 0.756497 0.749301 0.841062 0.678470 0.595188 0.763349 0.666909 0.816967 0.876618 0.937959 0.844355 0.936584 0.842888 0.895761 0.882583
0.534899 0.715476 0.455496 0.465628 0.856586 0.813277 0.465088 0.486759 0.553383 0.775080 0.544647 0.603605 0.398697 0.416556 0.408218 0.000000 0.783469 0.615368 0.559844 0.536881 0.646534 0.977185 0.373361 0.481528 0.587052 0.451955 0.889845 0.868939 0.531066 0.479504 0.397659 0.475393 0.373357 0.415058 0.606359 0.714508 0.579604 0.775085 0.976984 0.984837 0.998158 0.941096 0.678970 0.741708 0.724941 0.739443 0.682906 0.681951 0.859942 0.957068 0.800172 0.804237 0.842723 0.793739 0.781243 0.905531 0.774876 0.794316 0.555276 0.740225 0.333863 0.603970 0.447137 0.620669 0.453218 0.474769 0.506261 0.559477 0.877820 0.923723 0.550879 0.560112 0.866277 0.783984 0.787375 0.873862 0.688325 0.739588 0.647664 0.661122 0.607680 0.674590 0.631478 0.797627 0.390340 0.438836 0.797288 0.882396 0.781483 0.795722 0.609948 0.829957 0.706717 0.716468 0.751402 0.921434 0.699070 0.869815 0.630608 0.716330 0.694234 0.790261 0.771541 0.921310 0.657112 0.748732 0.893452 0.769575 0.779273 0.974051 0.928229 0.850482 0.928926 0.937265 0.880775 0.860794
0.430006 0.309583 0.968346 0.908313 0.955858 0.868676 0.918057 0.726406 0.880152 0.871692 0.747529 0.457301 0.875754 0.861367 0.998854 0.783469 0.000000 0.322832 0.816043 0.610703 0.894722 0.970771 0.996614 0.950581 0.910555 0.932808 0.961510 0.932845 0.449175 0.447104 0.795832 0.852690 0.722203 0.697043 0.836701 0.884521 0.745967 0.764614 0.962503 0.831076 0.699242 0.724784 0.856904 0.743409 0.638900 0.616265 0.811697 0.859513 0.784063 0.730989 0.685434 0.751728 0.852426 0.931776 0.757497 0.777462 0.330610 0.274902 0.706191 0.678625 0.748968 0.506414 0.604047 0.377679 0.977902 0.809713 0.774758 0.782224 0.498728 0.605956 0.743052 0.836801 0.736332 0.627296 0.863348 0.762537 0.828970 0.851627 0.676592 0.834924 0.312550 0.490473 0.694771 0.510442 0.896216 0.785062 0.956034 0.982166 0.927335 0.762222 0.866561 0.971058 0.823443 0.977442 0.586641 0.951307 0.630729 0.652188 0.770108 0.719267 0.862316 0.926405 0.616253 0.681849 0.642106 0.859476 0.964329 0.800856 0.918710 0.781162 0.947770 0.734369 0.944632 0.851153 0.753829 0.906875
0.419234 0.323958 0.902003 0.753829 0.986249 0.782117 0.738959 0.569116 0.858133 0.770210 0.671137 0.358984 0.727479 0.649223 0.856124 0.615368 0.322832 0.000000 0.649243 0.540535 0.875226 0.940744 0.838429 0.802782 0.888133 0.790946 0.946226 0.922544 0.403260 0.344351 0.667933 0.665933 0.556211 0.599702 0.767318 0.728237 0.674232 0.832798 0.984204 0.881982 0.793946 0.816194 0.745963 0.680205 0.561906 0.543560 0.754628 0.744542 0.863560 0.769722 0.699646 0.724301 0.835242 0.895202 0.734484 0.864976 0.301611 0.306058 0.669035 0.727333 0.624747 0.488165 0.504976 0.337743 0.894239 0.674082 0.618049 0.650581 0.605925 0.597443 0.655558 0.699309 0.748607 0.602242 0.849893 0.816258 0.728364 0.716130 0.509100 0.658723 0.285674 0.497063 0.598050 0.599124 0.799059 0.680157 0.995368 0.982626 0.843013 0.757043 0.703921 0.934028 0.674981 0.906547 0.698822 0.949771 0.571985 0.789103 0.643370 0.642774 0.720836 0.821984 0.547313 0.697073 0.596229 0.786914 0.998692 0.842525 0.875401 0.818106 0.920204 0.735898 0.954564 0.862888 0.775498 0.970919
0.470747 0.731708 0.387898 0.292694 0.910697 0.644374 0.281253 0.245204 0.743337 0.774280 0.316900 0.575084 0.349880 0.349348 0.618250 0.559844 0.816043 0.649243 0.000000 0.361445 0.919323 0.960243 0.457139 0.439147 0.679491 0.556630 0.998489 0.759475 0.580080 0.702195 0.399933 0.402317 0.350388 0.293347 0.493183 0.719423 0.755604 0.980003 0.890901 0.899258 0.934302 0.909394 0.445236 0.494027 0.594081 0.648888 0.476195 0.508394 0.999845 0.855604 0.850213 0.920459 0.866947 0.928993 0.619121 0.803611 0.706707 0.880637 0.582553 0.940960 0.482061 0.805850 0.472085 0.849217 0.515039 0.476337 0.340446 0.384678 0.910168 0.955859 0.483551 0.572850 0.827601 0.687995 0.810631 0.765902 0.573827 0.596318 0.792921 0.813679 0.780426 0.629552 0.680635 0.950494 0.453020 0.498725 0.801001 0.724574 0.740179 0.761187 0.510961 0.689154 0.613057 0.736264 0.817948 0.770978 0.764477 0.825464 0.479018 0.453895 0.562419 0.586362 0.643218 0.619724 0.620834 0.716740 0.968949 0.746600 0.811566 0.916860 0.983231 0.781976 0.771305 0.936775 0.965147 0.839203
0.375216 0.541243 0.558506 0.410711 0.948270 0.681838 0.443392 0.331727 0.709115 0.854755 0.413989 0.429245 0.449175 0.411754 0.726009 0.536881 0.610703 0.540535 0.361445 0.000000 0.820720 0.959779 0.600074 0.516644 0.677340 0.594148 0.979008 0.785277 0.438898 0.607839 0.514414 0.486065 0.330508 0.346902 0.636327 0.766774 0.690328 0.982837 0.885834 0.961382 0.860012 0.954064 0.530635 0.554672 0.577705 0.617421 0.518216 0.558260 0.877730 0.760753 0.735650 0.840933 0.828023 0.891245 0.656647 0.772663 0.586894 0.645899 0.492722 0.717800 0.494812 0.595523 0.471948 0.697967 0.594096 0.490325 0.468186 0.466468 0.652014 0.793296 0.551042 0.672430 0.697290 0.588706 0.773782 0.675290 0.601146 0.667929 0.765761 0.787532 0.582850 0.434996 0.559613 0.741859 0.488726 0.482182 0.749575 0.701316 0.762952 0.718858 0.638434 0.847756 0.721291 0.880017 0.725684 0.950191 0.747763 0.779371 0.541722 0.499596 0.626334 0.702894 0.574195 0.635682 0.570111 0.756039 0.964995 0.809626 0.725006 0.963450 0.971495 0.793626 0.820179 0.886814 0.882505 0.922185
0.816670 0.895073 0.744275 0.815886 0.782959 0.901842 0.781914 0.859174 0.751988 0.988304 0.888067 0.793319 0.711493 0.832137 0.704669 0.646534 0.894722 0.875226 0.919323 0.820720 0.000000 0.917321 0.709777 0.788121 0.744230 0.757592 0.868543 0.900959 0.899767 0.801396 0.748004 0.890750 0.712269 0.789662 0.811168 0.785205 0.761023 0.716992 0.948613 0.768338 0.855646 0.972872 0.917681 0.987031 0.928071 0.973352 0.886014 0.877464 0.846858 0.888654 0.950679 0.952367 0.980971 0.845896 0.807856 0.863232 0.991981 0.898052 0.653579 0.668889 0.601487 0.755985 0.770317 0.783008 0.628602 0.696344 0.723904 0.756978 0.802222 0.978096 0.706281 0.854608 0.967695 0.932153 0.960239 0.905078 0.879280 0.790888 0.939352 0.789643 0.736086 0.861459 0.813222 0.874014 0.699243 0.692515 0.799940 0.821848 0.801963 0.913661 0.834145 0.892037 0.901402 0.779651 0.838847 0.951521 0.818113 0.975037 0.799330 0.929666 0.960803 0.993544 0.936251 0.963074 0.845767 0.672516 0.842903 0.930817 0.968302 0.948986 0.963062 0.875610 0.938641 0.950602 0.764126 0.942957
0.942074 0.940398 0.938250 0.968373 0.870462 0.943217 0.971413 0.987028 0.988559 0.973600 0.855155 0.931118 0.988583 0.937510 0.881103 0.977185 0.970771 0.940744 0.960243 0.959779 0.917321 0.000000 0.958996 0.874136 0.795913 0.933717 0.781460 0.817590 0.953216 0.995016 0.889404 0.922658 0.994963 0.989398 0.950725 0.963431 0.967812 0.908950 0.939994 0.885552 0.939466 0.969926 0.983430 0.958285 0.974053 0.991759 0.996445 0.936959 0.921430 0.927131 0.924008 0.933579 0.960504 0.964235 0.994142 0.944736 0.937676 0.931413 0.976124 0.958113 0.967673 0.969705 0.971290 0.912740 0.930544 0.988309 0.993054 0.957701 0.876535 0.885763 0.968198 0.988027 0.907226 0.990812 0.904107 0.954470 0.929003 0.833630 0.970630 0.870772 0.956552 0.925272 0.762494 0.928094 0.953039 0.830425 0.971452 0.985018 0.872875 0.814865 0.957442 0.964337 0.958450 0.955503 0.980244 0.926791 0.902073 0.994823 0.922190 0.897717 0.942479 0.878462 0.916187 0.952674 0.763879 0.941003 0.927112 0.899657 0.963933 0.907702 0.856038 0.934837 0.913380 0.954275 0.869962 0.932579
0.679161 0.972491 0.274325 0.303044 0.799484 0.896247 0.319349 0.422857 0.570804 0.799288 0.489762 0.729660 0.326623 0.407242 0.369413 0.373361 0.996614 0.838429 0.457139 0.600074 0.709777 0.958996 0.000000 0.329670 0.435359 0.448959 0.844882 0.918174 0.777349 0.669238 0.309802 0.381477 0.355654 0.341711 0.505792 0.725438 0.646092 0.825553 0.829478 0.909252 0.992892 0.792480 0.681616 0.768124 0.848776 0.900223 0.663071 0.627373 0.691881 0.870746 0.947996 0.946555 0.926544 0.827131 0.755731 0.900877 0.954157 0.942872 0.612676 0.783131 0.315342 0.767017 0.462503 0.794588 0.298457 0.385756 0.407257 0.440495 0.968992 0.850417 0.519202 0.562214 0.999388 0.946482 0.840349 0.872614 0.713895 0.664992 0.857811 0.726894 0.841842 0.774004 0.641312 0.965092 0.286504 0.394617 0.762283 0.793645 0.683802 0.652761 0.656691 0.748138 0.749834 0.697627 0.767142 0.851034 0.853906 0.893600 0.726243 0.686173 0.734978 0.743660 0.907041 0.888928 0.717017 0.611505 0.933399 0.790584 0.896977 0.898270 0.944570 0.970079 0.972282 0.964879 0.884772 0.865500
0.655718 0.836912 0.385968 0.288160 0.986114 0.844193 0.431260 0.449063 0.747050 0.921315 0.472443 0.684559 0.387216 0.390664 0.572544 0.481528 0.950581 0.802782 0.439147 0.516644 0.788121 0.874136 0.329670 0.000000 0.404973 0.481241 0.875339 0.862689 0.778057 0.656913 0.379464 0.341941 0.370969 0.367627 0.634024 0.824599 0.790506 0.908589 0.789192 0.969278 0.893596 0.746663 0.696988 0.746072 0.855485 0.899224 0.647106 0.630628 0.787379 0.910057 0.995582 0.905190 0.913188 0.949226 0.664683 0.878666 0.918112 0.999147 0.737126 0.840690 0.428164 0.734059 0.530652 0.832295 0.412878 0.377350 0.515596 0.477853 0.901689 0.807967 0.678306 0.760604 0.968173 0.924172 0.772557 0.848828 0.835315 0.751671 0.801394 0.672395 0.782689 0.590802 0.562534 0.852644 0.353948 0.306739 0.749827 0.545927 0.608241 0.601810 0.839150 0.961159 0.950002 0.992936 0.807551 0.848122 0.878723 0.994359 0.779116 0.752225 0.770109 0.869670 0.974421 0.904456 0.756864 0.826838 0.955800 0.954494 0.835144 0.901469 0.932675 0.986416 0.978802 0.966845 0.907257 0.788125
0.707220 0.805600 0.476974 0.473059 0.885312 0.990427 0.611375 0.635903 0.738282 0.886416 0.742985 0.863026 0.633589 0.659726 0.630639 0.587052 0.910555 0.888133 0.679491 0.677340 0.744230 0.795913 0.435359 0.404973 0.000000 0.472532 0.815125 0.937972 0.897950 0.728257 0.425665 0.495436 0.516071 0.541748 0.591580 0.786775 0.697153 0.776002 0.790299 0.970391 0.998414 0.859628 0.871968 0.909637 0.950001 0.975358 0.714034 0.732474 0.838912 0.927692 0.929785 0.933836 0.948156 0.927727 0.718674 0.857546 0.945479 0.867993 0.780108 0.658195 0.513478 0.701571 0.643512 0.794843 0.398835 0.500807 0.618318 0.616142 0.738220 0.872947 0.769745 0.894296 0.991767 0.943756 0.824481 0.912796 0.872070 0.838011 0.867177 0.703934 0.735023 0.562317 0.513793 0.699704 0.363055 0.363636 0.845581 0.769454 0.595785 0.486284 0.993660 0.904858 0.979230 0.895672 0.745995 0.890301 0.783098 0.814189 0.924255 0.869323 0.970664 0.955442 0.928878 0.896669 0.732167 0.790420 0.910443 0.943983 0.928852 0.907096 0.873002 0.958461 0.855408 0.970523 0.919016 0.794693
0.662727 0.794536 0.344842 0.388236 0.951572 0.815949 0.412749 0.451730 0.564370 0.959829 0.554872 0.700402 0.540163 0.618758 0.627720 0.451955 0.932808 0.790946 0.556630 0.594148 0.757592 0.933717 0.448959 0.481241 0.472532 0.000000 0.988673 0.978453 0.644195 0.719974 0.424351 0.513759 0.460775 0.490926 0.649656 0.740727 0.619787 0.741012 0.955629 0.994405 0.957014 0.919653 0.647160 0.776428 0.649142 0.684431 0.598728 0.588647 0.919763 0.838580 0.759460 0.865239 0.820664 0.866595 0.543929 0.779366 0.947303 0.942823 0.644525 0.673326 0.408018 0.620463 0.672575 0.863820 0.362900 0.432276 0.523331 0.526276 0.779288 0.918699 0.735746 0.747010 0.833643 0.832097 0.855823 0.988601 0.727854 0.718074 0.690417 0.720824 0.751669 0.580428 0.676501 0.762216 0.409646 0.448597 0.834946 0.767066 0.736524 0.704236 0.769298 0.885577 0.823613 0.849463 0.739358 0.876906 0.751269 0.884803 0.777097 0.736203 0.764885 0.885761 0.903352 0.971570 0.710338 0.728116 0.883650 0.901400 0.746411 0.953202 0.955843 0.969109 0.981078 0.986215 0.881851 0.809921
0.923733 0.950059 0.974580 0.953914 0.917389 0.946785 0.995993 0.950053 0.987022 0.949238 0.992425 0.976233 0.828964 0.868800 0.790804 0.889845 0.961510 0.946226 0.998489 0.979008 0.868543 0.781460 0.844882 0.875339 0.815125 0.988673 0.000000 0.829040 0.940581 0.925909 0.956603 0.911236 0.949451 0.919189 0.978721 0.893727 0.970001 0.874960 0.847097 0.971872 0.874592 0.963092 0.858086 0.929493 0.839864 0.825553 0.920780 0.889176 0.706481 0.784971 0.949797 0.869636 0.767262 0.932471 0.998186 0.864234 0.906446 0.932563 0.891608 0.724120 0.828139 0.957698 0.802823 0.843025 0.911332 0.788460 0.896651 0.865119 0.984693 0.885863 0.990679 0.949938 0.797850 0.800894 0.852041 0.964490 0.997999 0.892356 0.981461 0.830578 0.887520 0.971153 0.800976 0.876892 0.837741 0.792333 0.826542 0.965980 0.724294 0.869454 0.892229 0.889952 0.888511 0.961828 0.910010 0.876428 0.944914 0.826954 0.980907 0.994000 0.888521 0.926753 0.993903 0.980765 0.934915 0.936751 0.997862 0.888095 0.929628 0.861543 0.888118 0.983319 0.770162 0.877353 0.833413 0.948328
0.774847 0.983261 0.885775 0.785436 0.869673 0.696250 0.822091 0.799170 0.732724 0.830044 0.766826 0.904713 0.757129 0.702307 0.753213 0.868939 0.932845 0.922544 0.759475 0.785277 0.900959 0.817590 0.918174 0.862689 0.937972 0.978453 0.829040 0.000000 0.860377 0.946084 0.841421 0.881837 0.823343 0.804394 0.810020 0.875454 0.994273 0.964210 0.868044 0.970776 0.926795 0.889739 0.833237 0.791037 0.902889 0.943433 0.891151 0.892143 0.923575 0.966048 0.950595 0.985548 0.928588 0.931202 0.987930 0.955349 0.862944 0.918631 0.762162 0.950046 0.868480 0.875434 0.797073 0.988556 0.929976 0.942234 0.796219 0.876134 0.934515 0.995015 0.846261 0.792492 0.900066 0.888208 0.855822 0.986393 0.752292 0.859417 0.861664 0.992156 0.979148 0.998021 0.958847 0.922712 0.928322 0.892348 0.937876 0.929605 0.978290 0.970424 0.718074 0.752705 0.816046 0.785834 0.868375 0.967506 0.964225 0.878531 0.798958 0.774880 0.829084 0.826800 0.737135 0.717665 0.814172 0.888648 0.978016 0.851639 0.877387 0.820747 0.979840 0.979647 0.908385 0.854909 0.869649 0.974105
0.457993 0.446489 0.723364 0.657744 0.919050 0.839531 0.632766 0.490978 0.656554 0.738398 0.559641 0.447912 0.636879 0.637824 0.795409 0.531066 0.449175 0.403260 0.580080 0.438898 0.899767 0.953216 0.777349 0.778057 0.897950 0.644195 0.940581 0.860377 0.000000 0.463544 0.599078 0.706827 0.500950 0.563192 0.713650 0.910181 0.649781 0.837021 0.984712 0.911471 0.799098 0.876601 0.677064 0.638944 0.500663 0.462788 0.706561 0.644272 0.715727 0.625357 0.608564 0.661881 0.660750 0.762612 0.673242 0.664209 0.486238 0.482110 0.545514 0.744136 0.530602 0.501668 0.519872 0.514473 0.779709 0.692127 0.620410 0.667060 0.658094 0.580278 0.632453 0.650446 0.545106 0.532082 0.774293 0.746452 0.700735 0.725476 0.575301 0.764758 0.460395 0.536704 0.671674 0.611162 0.696613 0.706219 0.852466 0.945938 0.889481 0.902241 0.659582 0.905000 0.741043 0.838682 0.681068 0.951977 0.580243 0.866509 0.647696 0.598719 0.684416 0.882669 0.539452 0.745526 0.585463 0.793137 0.924604 0.750576 0.650587 0.817319 0.892233 0.808426 0.811748 0.725760 0.820120 0.977473
0.491002 0.434859 0.812247 0.728755 0.962732 0.919293 0.758076 0.646779 0.733545 0.861248 0.617428 0.392350 0.634627 0.572292 0.743104 0.479504 0.447104 0.344351 0.702195 0.607839 0.801396 0.995016 0.669238 0.656913 0.728257 0.719974 0.925909 0.946084 0.463544 0.000000 0.576598 0.643614 0.503748 0.558583 0.803886 0.862854 0.660978 0.759387 0.904502 0.843815 0.821365 0.824777 0.908892 0.841659 0.760173 0.735323 0.871913 0.802915 0.947255 0.962659 0.784987 0.836493 0.925089 0.934419 0.807867 0.897178 0.462204 0.418653 0.680209 0.684247 0.489894 0.449989 0.409128 0.297612 0.770252 0.616592 0.684638 0.688627 0.636089 0.719682 0.685555 0.767794 0.846956 0.761855 0.818415 0.902673 0.832357 0.760137 0.595613 0.596518 0.308531 0.542655 0.602802 0.598663 0.678421 0.565686 0.965185 0.931055 0.770958 0.694259 0.821274 0.923392 0.820840 0.974533 0.694027 0.943654 0.673518 0.903446 0.784929 0.831623 0.826569 0.955379 0.720175 0.919533 0.723906 0.831768 0.946911 0.903279 0.995030 0.798894 0.891400 0.820019 0.888002 0.877630 0.756679 0.972178
0.549894 0.784373 0.320033 0.290422 0.807290 0.890514 0.345976 0.356299 0.588780 0.804579 0.427070 0.629711 0.420313 0.402006 0.481766 0.397659 0.795832 0.667933 0.399933 0.514414 0.748004 0.889404 0.309802 0.379464 0.425665 0.424351 0.956603 0.841421 0.599078 0.576598 0.000000 0.367352 0.317266 0.343951 0.474992 0.775615 0.594074 0.810800 0.889973 0.947488 0.923931 0.906192 0.653914 0.697972 0.683911 0.753080 0.679019 0.654207 0.885528 0.999872 0.833605 0.949525 0.859610 0.892772 0.709446 0.800151 0.795094 0.836478 0.590403 0.791236 0.331749 0.653175 0.469122 0.702794 0.389176 0.433711 0.427994 0.439245 0.786082 0.974972 0.505301 0.490994 0.803329 0.705807 0.745513 0.834507 0.688314 0.712229 0.682978 0.657610 0.685836 0.633687 0.593701 0.724558 0.357566 0.410375 0.808275 0.790185 0.710423 0.670290 0.656489 0.824050 0.699220 0.822019 0.718380 0.806900 0.668720 0.827928 0.700289 0.633925 0.637681 0.756580 0.826908 0.888106 0.585118 0.641848 0.960159 0.774776 0.818796 0.966273 0.873315 0.996257 0.927487 0.999240 0.829506 0.879486
0.578818 0.809253 0.410946 0.342788 0.957313 0.757485 0.398387 0.402096 0.770232 0.882769 0.444184 0.675844 0.424799 0.386641 0.593260 0.475393 0.852690 0.665933 0.402317 0.486065 0.890750 0.922658 0.381477 0.341941 0.495436 0.513759 0.911236 0.881837 0.706827 0.643614 0.367352 0.000000 0.413689 0.376188 0.612595 0.747763 0.778204 0.933901 0.815360 0.925550 0.906215 0.774403 0.634973 0.612673 0.764183 0.773171 0.653477 0.606770 0.911080 0.979839 0.918516 0.992892 0.989628 0.998277 0.713096 0.978941 0.797929 0.896032 0.706664 0.944708 0.471920 0.750888 0.542406 0.831761 0.480148 0.453803 0.476249 0.485749 0.943515 0.843246 0.666011 0.634878 0.924190 0.775366 0.783692 0.749774 0.710236 0.668653 0.778445 0.653871 0.772946 0.648937 0.578524 0.877731 0.429151 0.443564 0.750264 0.716062 0.798308 0.720714 0.709024 0.872627 0.781813 0.862022 0.788628 0.845582 0.854432 0.871821 0.726195 0.678054 0.678203 0.726720 0.849993 0.812609 0.690828 0.814701 0.970877 0.908948 0.985726 0.953367 0.945713 0.986525 0.997996 0.941455 0.900381 0.886357
0.413669 0.648903 0.401991 0.316308 0.839713 0.773495 0.342117 0.299363 0.616410 0.866939 0.382399 0.432845 0.361992 0.324735 0.548405 0.373357 0.722203 0.556211 0.350388 0.330508 0.712269 0.994963 0.355654 0.370969 0.516071 0.460775 0.949451 0.823343 0.500950 0.503748 0.317266 0.413689 0.000000 0.299755 0.493640 0.669373 0.503505 0.734117 0.812708 0.964336 0.863881 0.925538 0.596980 0.669372 0.638259 0.723944 0.546451 0.619493 0.893586 0.970134 0.808797 0.927469 0.899262 0.910095 0.718920 0.756987 0.687158 0.725510 0.459553 0.690557 0.302993 0.550435 0.340066 0.591534 0.402973 0.332691 0.334027 0.327696 0.772984 0.868778 0.496717 0.514995 0.766747 0.697250 0.807592 0.805936 0.617868 0.705243 0.673168 0.689647 0.562781 0.514428 0.554059 0.733275 0.329637 0.347014 0.819429 0.753734 0.693053 0.656535 0.616752 0.857149 0.676473 0.839882 0.742685 0.800750 0.691918 0.807529 0.566595 0.587865 0.633436 0.715570 0.687038 0.783029 0.617507 0.700877 0.951777 0.793093 0.763608 0.950365 0.969040 0.913192 0.909713 0.876135 0.920887 0.810763
0.404933 0.653019 0.344869 0.274704 0.848370 0.703441 0.299418 0.274432 0.605550 0.763706 0.335276 0.492063 0.318927 0.319547 0.516906 0.415058 0.697043 0.599702 0.293347 0.346902 0.789662 0.989398 0.341711 0.367627 0.541748 0.490926 0.919189 0.804394 0.563192 0.558583 0.343951 0.376188 0.299755 0.000000 0.459661 0.707724 0.603500 0.788660 0.758955 0.910747 0.929640 0.870197 0.495808 0.532905 0.600812 0.665120 0.499358 0.508476 0.937214 0.882592 0.761250 0.827113 0.816354 0.825221 0.631563 0.890165 0.692026 0.782230 0.495152 0.750998 0.339213 0.646722 0.381428 0.668561 0.413692 0.356389 0.321831 0.327546 0.758302 0.958746 0.449276 0.553992 0.801736 0.695606 0.779368 0.751076 0.623748 0.598805 0.743356 0.740200 0.629969 0.536991 0.538045 0.778705 0.345897 0.369538 0.790497 0.756851 0.654224 0.657216 0.547334 0.740483 0.626352 0.733620 0.741963 0.822418 0.761578 0.800757 0.529361 0.505352 0.601034 0.674816 0.632262 0.651868 0.538701 0.658575 0.954797 0.698660 0.764096 0.975864 0.986573 0.809738 0.849687 0.962766 0.802846 0.796258
0.561287 0.852892 0.500394 0.481886 0.698488 0.814449 0.506123 0.503170 0.679016 0.790058 0.565170 0.712738 0.559154 0.581743 0.639301 0.606359 0.836701 0.767318 0.493183 0.636327 0.811168 0.950725 0.505792 0.634024 0.591580 0.649656 0.978721 0.810020 0.713650 0.803886 0.474992 0.612595 0.493640 0.459661 0.000000 0.762204 0.580101 0.729759 0.827982 0.992115 0.848095 0.872487 0.654749 0.681395 0.704961 0.790419 0.622477 0.664102 0.898851 0.919061 0.813222 0.874030 0.763891 0.823933 0.691932 0.795260 0.880490 0.918529 0.533679 0.824969 0.484108 0.780666 0.551984 0.753730 0.480293 0.561161 0.388485 0.469902 0.889883 0.963262 0.560035 0.624256 0.751407 0.780690 0.959696 0.846189 0.741017 0.755072 0.818390 0.810690 0.747401 0.670345 0.676535 0.796490 0.467046 0.559966 0.802247 0.982759 0.740337 0.745271 0.545138 0.739967 0.630244 0.657234 0.808969 0.795128 0.750537 0.715315 0.649933 0.666747 0.698922 0.772201 0.713897 0.795846 0.661872 0.562178 0.971547 0.639173 0.698444 0.896218 0.882376 0.994440 0.902189 0.864376 0.924188 0.778435
0.791394 0.832639 0.790084 0.753644 0.870301 0.946909 0.715069 0.701702 0.919877 0.906997 0.805829 0.778639 0.794951 0.680513 0.826031 0.714508 0.884521 0.728237 0.719423 0.766774 0.785205 0.963431 0.725438 0.824599 0.786775 0.740727 0.893727 0.875454 0.910181 0.862854 0.775615 0.747763 0.669373 0.707724 0.762204 0.000000 0.736123 0.824967 0.868804 0.887830 0.810900 0.994551 0.858314 0.947300 0.847767 0.932133 0.799175 0.841202 0.924327 0.997135 0.835149 0.882736 0.879550 0.919676 0.898517 0.971613 0.865472 0.836658 0.783259 0.781431 0.739300 0.807930 0.764683 0.847228 0.729236 0.601960 0.584432 0.541598 0.948053 0.916959 0.733125 0.743585 0.957073 0.852244 0.938350 0.982697 0.827199 0.898296 0.998273 0.913123 0.764109 0.807305 0.683599 0.969767 0.627613 0.633321 0.981943 0.963030 0.816213 0.894826 0.806851 0.909471 0.714869 0.882978 0.899179 0.784355 0.976847 0.732612 0.817912 0.845856 0.727559 0.825007 0.874730 0.859240 0.751835 0.835009 0.963528 0.915395 0.917587 0.914982 0.941414 0.815345 0.978423 0.835529 0.944591 0.953807
0.587137 0.775912 0.652794 0.694331 0.764914 0.943535 0.694600 0.657171 0.677316 0.871668 0.695667 0.620681 0.730469 0.667823 0.761817 0.579604 0.745967 0.674232 0.755604 0.690328 0.761023 0.967812 0.646092 0.790506 0.697153 0.619787 0.970001 0.994273 0.649781 0.660978 0.594074 0.778204 0.503505 0.603500 0.580101 0.736123 0.000000 0.669401 0.852183 0.883198 0.689389 0.759236 0.889233 0.939125 0.782534 0.867660 0.760812 0.878140 0.949926 0.951965 0.741676 0.878265 0.806145 0.878952 0.859177 0.829051 0.783459 0.728637 0.528859 0.630890 0.495454 0.608076 0.552011 0.600868 0.665710 0.640291 0.597589 0.535647 0.780754 0.885851 0.705776 0.619179 0.760883 0.773036 0.946926 0.942338 0.834783 0.964093 0.669035 0.789362 0.606911 0.747157 0.712114 0.649575 0.622435 0.658164 0.939312 0.951928 0.702622 0.712347 0.789794 0.915233 0.740553 0.905169 0.679968 0.932116 0.711563 0.906742 0.807083 0.815807 0.797042 0.987808 0.762089 0.978390 0.707673 0.753264 0.966176 0.715529 0.711965 0.703548 0.870811 0.993999 0.958019 0.853682 0.937822 0.878766
0.791048 0.856323 0.842035 0.877376 0.800615 0.977755 0.887540 0.897553 0.692886 0.986636 0.936359 0.773830 0.900897 0.967564 0.861642 0.775085 0.764614 0.832798 0.980003 0.982837 0.716992 0.908950 0.825553 0.908589 0.776002 0.741012 0.874960 0.964210 0.837021 0.759387 0.810800 0.933901 0.734117 0.788660 0.729759 0.824967 0.669401 0.000000 0.906477 0.833372 0.855032 0.846817 0.990106 0.935626 0.867596 0.959481 0.934469 0.968819 0.916732 0.920940 0.933375 0.948657 0.930587 0.974597 0.905127 0.888111 0.892638 0.804680 0.707120 0.597561 0.682028 0.698326 0.765711 0.660168 0.772583 0.748886 0.755897 0.766800 0.831081 0.898772 0.829121 0.824869 0.899353 0.985316 0.966423 0.852041 0.964792 0.942000 0.940153 0.941426 0.731396 0.835992 0.807219 0.818978 0.797659 0.824228 0.975474 0.861467 0.896748 0.986076 0.889636 0.992759 0.831103 0.907172 0.913140 0.928175 0.867478 0.823395 0.948912 0.984280 0.965358 0.955170 0.968482 0.985252 0.790917 0.771016 0.807799 0.872496 0.805253 0.860381 0.906779 0.904081 0.945261 0.869173 0.879925 0.909120
