0.000000 0.284311 0.521825 0.474910 0.797501 0.760265 0.512047 0.406084 0.705697 0.717199 0.426231 0.310807 0.350254 0.499404 0.505572 0.567708 0.310109 0.314668 0.355275 0.343323 0.737072 0.779748 0.577778 0.593775 0.778030 0.705551 0.849052 0.917653 0.357230 0.315498 0.479991 0.580249 0.419408 0.398123 0.734232 0.765127 0.692054 0.749010 0.858775 0.925786 0.936888 0.834920 0.538678 0.511939 0.447188 0.395736 0.408122 0.441423 0.695365 0.413470 0.421930 0.503632 0.625699 0.594974 0.605773 0.751698 0.420121 0.355773 0.289518 0.340028 0.266120 0.352498 0.251024 0.283493 0.517092 0.422551 0.457117 0.334171 0.459965 0.386036 0.635441 0.634846 0.501936 0.487319 0.855638 0.784316 0.638386 0.558095 0.426265 0.491287 0.278389 0.298885 0.469266 0.501763 0.424402 0.380184 0.937295 0.653238 0.681048 0.630238 0.779019 0.873180 0.782629 0.921069 0.628765 0.653758 0.628304 0.673778 0.536660 0.530831 0.719329 0.836361 0.616083 0.660530 0.596342 0.700843 0.934418 0.863213 0.729028 0.672083 0.943786 0.562140 0.594121 0.702604 0.702327 0.907979
0.284311 0.000000 0.675724 0.599837 0.755202 0.935141 0.645640 0.469437 0.870640 0.808445 0.488588 0.364410 0.511568 0.541212 0.625435 0.662557 0.261236 0.308942 0.450328 0.405750 0.682095 0.840203 0.711266 0.748432 0.845147 0.813368 0.748157 0.904695 0.318523 0.342586 0.561847 0.697831 0.505061 0.477231 0.886803 0.757731 0.722835 0.729040 0.865214 0.889838 0.935913 0.643255 0.580672 0.567807 0.529812 0.511339 0.477673 0.494790 0.709379 0.567495 0.519645 0.621964 0.802438 0.701012 0.720739 0.856114 0.284496 0.249281 0.360929 0.406104 0.376951 0.401944 0.278727 0.189854 0.656281 0.545352 0.568940 0.409361 0.476725 0.344949 0.692563 0.671680 0.510609 0.543480 0.980648 0.816919 0.687200 0.501897 0.539217 0.667223 0.306583 0.405075 0.444876 0.454440 0.557809 0.530526 0.991298 0.913721 0.797570 0.680474 0.896152 0.952713 0.835627 0.983676 0.627878 0.768518 0.735622 0.567492 0.632039 0.575710 0.798078 0.913514 0.665496 0.646228 0.568417 0.748930 0.926183 0.902281 0.896120 0.689647 0.837549 0.572579 0.713540 0.717964 0.740969 0.930942
0.521825 0.675724 0.000000 0.197196 0.872225 0.640068 0.235175 0.289065 0.389196 0.495348 0.486097 0.517475 0.343740 0.586416 0.487755 0.534259 0.704778 0.536963 0.392118 0.490685 0.709866 0.741031 0.396667 0.374339 0.664458 0.431080 0.927142 0.999683 0.600422 0.536385 0.368899 0.403986 0.362598 0.409259 0.806463 0.896622 0.674877 0.943863 0.637807 0.771730 0.800455 0.966980 0.341589 0.343044 0.377867 0.407965 0.324190 0.431387 0.712004 0.513874 0.502047 0.459910 0.539815 0.511102 0.599759 0.658607 0.843239 0.854243 0.485045 0.566266 0.299688 0.423164 0.665958 0.733516 0.248945 0.224851 0.303492 0.298014 0.756117 0.671048 0.511791 0.600649 0.561797 0.532110 0.925046 0.762859 0.573627 0.675968 0.604622 0.529939 0.588848 0.442489 0.727677 0.723476 0.484561 0.366367 0.916684 0.762219 0.684050 0.570287 0.523915 0.591893 0.559531 0.613029 0.555077 0.653092 0.532550 0.693864 0.461746 0.416352 0.605143 0.610765 0.699078 0.595459 0.488101 0.586848 0.936290 0.780077 0.812367 0.841361 0.869913 0.519996 0.504938 0.798366 0.632600 0.882789
0.474910 0.599837 0.197196 0.000000 0.865992 0.625687 0.234804 0.227951 0.391391 0.485169 0.524242 0.427828 0.345697 0.467140 0.426755 0.422996 0.655973 0.485645 0.343860 0.462564 0.596811 0.667643 0.348642 0.339305 0.710488 0.435557 0.989153 0.972763 0.490342 0.458806 0.312969 0.359098 0.281753 0.302693 0.758389 0.862290 0.684296 0.944802 0.732364 0.850580 0.866462 0.897440 0.297877 0.287144 0.344995 0.367968 0.295085 0.418768 0.709955 0.498224 0.482585 0.398098 0.534286 0.462763 0.602991 0.675538 0.785929 0.790691 0.433119 0.520264 0.286577 0.369587 0.611289 0.639544 0.273025 0.207228 0.273665 0.264303 0.749949 0.610451 0.425273 0.486998 0.511359 0.476806 0.833839 0.714130 0.509696 0.630697 0.549100 0.495235 0.551620 0.390532 0.677065 0.583524 0.440446 0.312658 0.941702 0.798122 0.719492 0.536267 0.445415 0.543324 0.479710 0.560874 0.563327 0.668834 0.532507 0.636913 0.402391 0.364139 0.557545 0.597116 0.670259 0.511940 0.442039 0.563841 0.951840 0.820537 0.888959 0.861975 0.827958 0.449379 0.462162 0.676137 0.589146 0.888011
0.797501 0.755202 0.872225 0.865992 0.000000 0.831270 0.774315 0.763690 0.937555 0.988314 0.870394 0.805829 0.731668 0.893127 0.788554 0.780478 0.758203 0.809654 0.733887 0.895514 0.707899 0.762545 0.765992 0.835772 0.980517 0.928893 0.724364 0.851013 0.740249 0.747163 0.838690 0.970762 0.792596 0.745434 0.994054 0.979771 0.939928 0.857029 0.858117 0.942083 0.909101 0.913462 0.849352 0.840437 0.765304 0.729764 0.670765 0.735054 0.907719 0.820335 0.821601 0.827151 0.927821 0.762688 0.897291 0.794924 0.851643 0.881519 0.767132 0.798563 0.682531 0.743896 0.699261 0.779367 0.813903 0.764387 0.724127 0.768765 0.823920 0.869359 0.663650 0.840660 0.846155 0.925220 0.982546 0.742271 0.860113 0.956814 0.914704 0.931137 0.657439 0.706389 0.707897 0.774947 0.703270 0.739089 0.812978 0.873409 0.970283 0.899021 0.934744 0.896152 0.916643 0.995664 0.889668 0.890933 0.932911 0.832283 0.887021 0.777297 0.984477 0.982258 0.908877 0.881805 0.845408 0.834976 0.942144 0.989652 0.760630 0.936631 0.980293 0.831328 0.789745 0.839902 0.932897 0.971894
0.760265 0.935141 0.640068 0.625687 0.831270 0.000000 0.518742 0.618649 0.564672 0.622115 0.780564 0.837270 0.658568 0.883912 0.810321 0.680999 0.963754 0.883587 0.721699 0.824328 0.799214 0.994458 0.687824 0.717139 0.961245 0.842499 0.875849 0.847434 0.854878 0.912636 0.666603 0.788834 0.680292 0.691445 0.664514 0.896779 0.951295 0.761600 0.951350 0.918425 0.980859 0.930070 0.582976 0.581152 0.557467 0.599207 0.600131 0.594758 0.994458 0.727791 0.740186 0.614990 0.658202 0.614257 0.806563 0.780665 0.870567 0.879146 0.755225 0.728365 0.688400 0.757363 0.868911 0.996345 0.756769 0.629488 0.523298 0.663963 0.894414 0.822025 0.634407 0.577606 0.861811 0.858678 0.818642 0.872933 0.656534 0.900668 0.781844 0.710590 0.773966 0.675521 0.995699 0.842181 0.776629 0.698006 0.978078 0.873363 0.998597 0.831171 0.542906 0.617486 0.524077 0.597729 0.652375 0.733067 0.638515 0.929880 0.647734 0.688631 0.688752 0.616749 0.833114 0.700854 0.630448 0.846343 0.998074 0.933343 0.889393 0.948038 0.854506 0.734583 0.651115 0.727522 0.693603 0.806939
0.512047 0.645640 0.235175 0.234804 0.774315 0.518742 0.000000 0.205542 0.364530 0.362663 0.448445 0.545624 0.376745 0.631152 0.568887 0.572171 0.575229 0.439856 0.292304 0.470444 0.659916 0.668624 0.476484 0.511745 0.860994 0.610791 0.969780 0.988255 0.550108 0.506691 0.443655 0.433420 0.323560 0.302306 0.816913 0.854958 0.784595 0.983284 0.873977 0.824516 0.940055 0.921004 0.242251 0.214246 0.273852 0.319031 0.307364 0.355751 0.752873 0.524243 0.476941 0.446566 0.573142 0.407667 0.636687 0.690478 0.720152 0.791685 0.443281 0.608854 0.340768 0.515154 0.589862 0.698871 0.380861 0.297128 0.195153 0.262890 0.715022 0.669635 0.397729 0.449852 0.577205 0.512989 0.921801 0.699105 0.459379 0.626081 0.584988 0.488088 0.524067 0.390790 0.729130 0.713767 0.531571 0.446382 0.889203 0.814784 0.790730 0.739427 0.359109 0.381272 0.387915 0.397134 0.512224 0.636652 0.498862 0.670791 0.364080 0.326001 0.506177 0.451213 0.592066 0.429229 0.438470 0.534197 0.909349 0.760245 0.810360 0.847856 0.778555 0.438575 0.396660 0.650968 0.640267 0.877893
0.406084 0.469437 0.289065 0.227951 0.763690 0.618649 0.205542 0.000000 0.468072 0.355393 0.453780 0.371044 0.329213 0.470257 0.473800 0.470271 0.485918 0.362432 0.299682 0.370205 0.640644 0.676514 0.456567 0.472460 0.863312 0.635083 0.913007 0.982980 0.427498 0.391807 0.452916 0.447668 0.296678 0.275412 0.841067 0.887363 0.763932 0.940138 0.867437 0.870941 0.966378 0.823084 0.265359 0.244648 0.283328 0.290332 0.308118 0.337213 0.633347 0.427934 0.421175 0.378781 0.548256 0.390566 0.647996 0.715161 0.598590 0.606032 0.319264 0.448372 0.271913 0.334082 0.503254 0.495557 0.384524 0.256655 0.242065 0.251483 0.708173 0.508887 0.426845 0.470960 0.542617 0.500749 0.907697 0.642746 0.507766 0.532860 0.510166 0.544103 0.469857 0.361949 0.685174 0.618864 0.491217 0.387208 0.940753 0.814261 0.788535 0.616461 0.412024 0.466306 0.403736 0.524960 0.453984 0.585482 0.496118 0.582131 0.326609 0.266220 0.457046 0.543319 0.536788 0.443584 0.382368 0.483372 0.935291 0.778153 0.841674 0.757248 0.799127 0.384766 0.398507 0.613024 0.648527 0.800698
0.705697 0.870640 0.389196 0.391391 0.937555 0.564672 0.364530 0.468072 0.000000 0.503307 0.730523 0.701185 0.551874 0.676353 0.634347 0.572739 0.841384 0.767330 0.556340 0.665054 0.752780 0.749208 0.502096 0.470522 0.776765 0.593043 0.853453 0.955917 0.783540 0.714804 0.526050 0.443199 0.551682 0.547522 0.756587 0.939841 0.884027 0.988431 0.818700 0.820410 0.779790 0.913187 0.431867 0.444550 0.473571 0.517108 0.470358 0.549128 0.797376 0.600979 0.522148 0.505083 0.517751 0.458975 0.708956 0.689936 0.991324 0.943931 0.628846 0.767187 0.546528 0.691537 0.816812 0.923200 0.494625 0.457301 0.401154 0.547793 0.806736 0.776021 0.538775 0.644810 0.648915 0.605093 0.932230 0.767795 0.663698 0.714175 0.806591 0.575948 0.777926 0.649584 0.826740 0.877070 0.660828 0.561723 0.709393 0.760197 0.762000 0.753329 0.444737 0.509205 0.427890 0.506395 0.625391 0.767773 0.548612 0.729344 0.473686 0.507277 0.545873 0.549284 0.768120 0.641999 0.621867 0.628515 0.860547 0.691371 0.983313 0.980201 0.807257 0.574638 0.570109 0.956114 0.675485 0.859825
0.717199 0.808445 0.495348 0.485169 0.988314 0.622115 0.362663 0.355393 0.503307 0.000000 0.594915 0.657643 0.604625 0.708727 0.776710 0.728480 0.719209 0.626287 0.558131 0.580832 0.830062 0.876740 0.697230 0.728106 0.920667 0.771226 0.863769 0.918048 0.748153 0.677197 0.686850 0.543724 0.536776 0.500494 0.907644 0.931509 0.994683 0.931449 0.955906 0.949483 0.897181 0.854569 0.399567 0.387428 0.473385 0.490001 0.584459 0.536634 0.735359 0.554552 0.570540 0.500334 0.621031 0.496856 0.807120 0.839503 0.819349 0.890958 0.519773 0.665802 0.613660 0.616805 0.794243 0.806965 0.630855 0.499884 0.436324 0.518778 0.881155 0.705524 0.614307 0.583735 0.799027 0.700632 0.874506 0.764389 0.600313 0.650241 0.734123 0.581965 0.787250 0.680533 0.939677 0.884315 0.835640 0.733300 0.980276 0.932539 0.975294 0.863458 0.417176 0.398020 0.422848 0.451984 0.615382 0.618760 0.536628 0.710755 0.364943 0.401907 0.491949 0.398785 0.590592 0.539740 0.629110 0.572470 0.968784 0.756514 0.971305 0.858066 0.814048 0.532668 0.516070 0.825979 0.738241 0.789675
0.426231 0.488588 0.486097 0.524242 0.870394 0.780564 0.448445 0.453780 0.730523 0.594915 0.000000 0.450403 0.495091 0.635089 0.756696 0.742130 0.445904 0.317377 0.308410 0.309702 0.731252 0.785402 0.813497 0.709671 0.976726 0.806435 0.996891 0.908649 0.488858 0.377681 0.609307 0.631005 0.561716 0.450331 0.946361 0.885607 0.862921 0.836708 0.898405 0.844663 0.963637 0.998068 0.581356 0.517048 0.565729 0.551958 0.543800 0.566719 0.912326 0.627402 0.619495 0.691468 0.739985 0.602256 0.784204 0.971047 0.485045 0.514783 0.556740 0.622748 0.466318 0.611761 0.401371 0.509040 0.681929 0.572946 0.550502 0.409719 0.649694 0.701968 0.696365 0.673017 0.686180 0.577778 0.949992 0.762361 0.673122 0.573560 0.654580 0.530429 0.474571 0.446297 0.635991 0.709373 0.781883 0.680936 0.980422 0.792824 0.940232 0.902905 0.739810 0.732009 0.767702 0.737188 0.720604 0.727710 0.784494 0.906168 0.645195 0.580474 0.697070 0.624166 0.597383 0.544583 0.688925 0.826403 0.904676 0.906724 0.975967 0.833791 0.879717 0.643453 0.642994 0.761081 0.827356 0.981263
0.310807 0.364410 0.517475 0.427828 0.805829 0.837270 0.545624 0.371044 0.701185 0.657643 0.450403 0.000000 0.310800 0.313531 0.354347 0.401893 0.435788 0.379661 0.425929 0.378060 0.613889 0.772944 0.479439 0.485711 0.848823 0.748952 0.979340 0.930024 0.335183 0.331596 0.505041 0.564607 0.463239 0.455535 0.840995 0.919600 0.768752 0.758343 0.835255 0.954363 0.958448 0.878793 0.614341 0.587260 0.505650 0.501269 0.463089 0.460636 0.708010 0.461794 0.495413 0.499709 0.705333 0.589195 0.724665 0.847761 0.553034 0.505788 0.397905 0.418685 0.278191 0.286833 0.365021 0.324783 0.504894 0.398537 0.548446 0.402288 0.666391 0.511410 0.657823 0.698925 0.487412 0.504564 0.853169 0.715531 0.663954 0.496224 0.561839 0.627435 0.478002 0.430281 0.475046 0.588400 0.459241 0.417936 0.943632 0.768353 0.770818 0.590277 0.838704 0.907636 0.794143 0.993606 0.648185 0.720506 0.732573 0.634961 0.602920 0.511529 0.725744 0.872203 0.643308 0.710362 0.548041 0.599240 0.941975 0.929156 0.873279 0.671148 0.885619 0.613743 0.704238 0.655551 0.682961 0.985972
0.350254 0.511568 0.343740 0.345697 0.731668 0.658568 0.376745 0.329213 0.551874 0.604625 0.495091 0.310800 0.000000 0.351149 0.295041 0.326143 0.544916 0.517372 0.373450 0.460173 0.662562 0.768832 0.322235 0.356368 0.809174 0.653914 0.998092 0.966782 0.464565 0.448012 0.425949 0.544418 0.424658 0.448396 0.794641 0.863405 0.717885 0.859812 0.742758 0.830162 0.954599 0.995149 0.436576 0.427374 0.414158 0.405821 0.374988 0.373642 0.756085 0.374998 0.380598 0.379930 0.510706 0.450038 0.610320 0.726982 0.704730 0.684096 0.353048 0.436371 0.224468 0.325706 0.424968 0.500473 0.315588 0.304572 0.379232 0.339903 0.736491 0.609687 0.531587 0.534724 0.498349 0.517332 0.882176 0.624234 0.595895 0.644088 0.584848 0.615236 0.505087 0.438221 0.531974 0.723562 0.393797 0.336403 0.828775 0.700482 0.674127 0.599309 0.668878 0.728939 0.610911 0.801060 0.647756 0.742901 0.659751 0.723637 0.525945 0.480425 0.658046 0.764556 0.605848 0.699616 0.435163 0.560827 0.987773 0.801174 0.682815 0.766599 0.887973 0.580935 0.576820 0.628861 0.617439 0.870035
0.499404 0.541212 0.586416 0.467140 0.893127 0.883912 0.631152 0.470257 0.676353 0.708727 0.635089 0.313531 0.351149 0.000000 0.274546 0.262029 0.640770 0.561431 0.483654 0.549013 0.655600 0.746060 0.404188 0.377249 0.836172 0.701446 0.962593 0.953673 0.426418 0.447111 0.478484 0.595912 0.517770 0.525747 0.865373 0.982355 0.702370 0.770816 0.865131 0.837653 0.998966 0.828140 0.573841 0.569853 0.652509 0.621636 0.593173 0.581378 0.782913 0.543307 0.517530 0.483634 0.660651 0.553361 0.786654 0.952964 0.704039 0.684764 0.475888 0.565490 0.423672 0.444872 0.486665 0.469862 0.480864 0.458051 0.568628 0.512201 0.955201 0.613187 0.591079 0.649001 0.647712 0.542496 0.950376 0.636394 0.582534 0.586513 0.640799 0.734562 0.709716 0.688095 0.540681 0.732669 0.530130 0.452493 0.875282 0.824344 0.818078 0.659447 0.743101 0.809537 0.647126 0.887206 0.679694 0.800217 0.864843 0.638727 0.609524 0.568164 0.671829 0.879394 0.616044 0.843756 0.523872 0.552141 0.987110 0.767854 0.861795 0.747120 0.903344 0.657432 0.697466 0.711907 0.638779 0.985710
0.505572 0.625435 0.487755 0.426755 0.788554 0.810321 0.568887 0.473800 0.634347 0.776710 0.756696 0.354347 0.295041 0.274546 0.000000 0.229146 0.704763 0.678434 0.575013 0.652985 0.671977 0.753756 0.203306 0.286963 0.611238 0.654332 0.964324 0.979452 0.512320 0.526683 0.376154 0.505691 0.455371 0.528858 0.695936 0.976661 0.643272 0.849204 0.809898 0.941792 0.951743 0.995035 0.587007 0.602827 0.561068 0.557766 0.500767 0.537579 0.773296 0.537511 0.544098 0.481328 0.643988 0.595852 0.581587 0.740087 0.872822 0.843050 0.520065 0.570047 0.325301 0.381412 0.551124 0.578974 0.326177 0.372059 0.491416 0.464245 0.897844 0.639269 0.554767 0.691596 0.480423 0.559880 0.856035 0.699021 0.595449 0.685762 0.630594 0.759239 0.622619 0.579426 0.504095 0.714723 0.304692 0.302223 0.807169 0.705178 0.768764 0.574010 0.789489 0.899074 0.706960 0.985836 0.684893 0.798730 0.765355 0.676348 0.655881 0.614061 0.769323 0.958567 0.788596 0.926898 0.466353 0.530500 0.987503 0.816902 0.793970 0.766526 0.907720 0.654866 0.726778 0.787225 0.589135 0.986989
0.567708 0.662557 0.534259 0.422996 0.780478 0.680999 0.572171 0.470271 0.572739 0.728480 0.742130 0.401893 0.326143 0.262029 0.229146 0.000000 0.751390 0.696457 0.553699 0.672194 0.621003 0.760019 0.247242 0.264828 0.734355 0.704075 0.895920 0.913635 0.536546 0.573063 0.440113 0.554523 0.501122 0.555579 0.767808 0.981128 0.804994 0.866599 0.856607 0.930425 0.918583 0.971179 0.517873 0.551121 0.577694 0.542062 0.501923 0.515368 0.849571 0.539481 0.507273 0.426443 0.550994 0.457738 0.703032 0.768432 0.903335 0.895196 0.518796 0.612566 0.399810 0.459483 0.590102 0.608204 0.418615 0.407581 0.489197 0.522686 0.918973 0.709283 0.459207 0.564319 0.564181 0.608595 0.785187 0.688180 0.586311 0.694714 0.667995 0.723554 0.690625 0.630901 0.569104 0.727014 0.432325 0.343058 0.880470 0.830349 0.823269 0.702594 0.654409 0.726658 0.552717 0.844494 0.717633 0.795306 0.787083 0.689752 0.650224 0.591071 0.733508 0.782248 0.733110 0.903579 0.460595 0.569786 0.925801 0.858679 0.875517 0.870129 0.918648 0.682925 0.690182 0.680740 0.612844 0.901912
0.310109 0.261236 0.704778 0.655973 0.758203 0.963754 0.575229 0.485918 0.841384 0.719209 0.445904 0.435788 0.544916 0.640770 0.704763 0.751390 0.000000 0.240560 0.380721 0.440932 0.671983 0.764482 0.762950 0.833724 0.892014 0.906670 0.838853 0.917732 0.336418 0.337988 0.658787 0.620297 0.525038 0.467236 0.979364 0.765829 0.805748 0.761776 0.916129 0.823233 0.779548 0.682423 0.603419 0.550622 0.539679 0.553296 0.553320 0.517195 0.825728 0.640660 0.580736 0.724277 0.846401 0.713363 0.730066 0.953500 0.207861 0.280964 0.409118 0.558606 0.463367 0.586498 0.265437 0.258722 0.725051 0.665939 0.561019 0.432176 0.432910 0.501948 0.645782 0.634494 0.598878 0.590690 0.970902 0.800743 0.644450 0.481231 0.481122 0.620943 0.295079 0.444837 0.467405 0.549428 0.610687 0.622434 0.939211 0.902708 0.877673 0.838652 0.836620 0.859490 0.822605 0.914039 0.697410 0.785598 0.769577 0.594078 0.626840 0.547289 0.905220 0.846781 0.572654 0.519058 0.682957 0.712091 0.883693 0.881992 0.870141 0.603150 0.837220 0.580867 0.703064 0.686682 0.814030 0.982022
0.314668 0.308942 0.536963 0.485645 0.809654 0.883587 0.439856 0.362432 0.767330 0.626287 0.317377 0.379661 0.517372 0.561431 0.678434 0.696457 0.240560 0.000000 0.241892 0.283187 0.688203 0.688282 0.757570 0.758486 0.917488 0.774466 0.860705 0.897335 0.269089 0.262312 0.613232 0.540121 0.416758 0.354043 0.991754 0.886251 0.764310 0.837963 0.929005 0.805787 0.981126 0.705253 0.492984 0.433245 0.492460 0.476565 0.475411 0.473046 0.788986 0.605525 0.565542 0.659414 0.799349 0.620821 0.763860 0.909654 0.278462 0.301114 0.421314 0.558847 0.389067 0.539356 0.260680 0.300019 0.647990 0.529158 0.486079 0.376259 0.522349 0.537102 0.651146 0.661521 0.592537 0.496322 0.924923 0.718090 0.632501 0.492537 0.486251 0.540475 0.345753 0.335560 0.507373 0.502128 0.611535 0.546854 0.963241 0.865438 0.897565 0.777903 0.700248 0.725744 0.723225 0.766484 0.649789 0.651212 0.737339 0.644286 0.512798 0.446868 0.711657 0.710570 0.593182 0.461416 0.590263 0.711908 0.766206 0.889223 0.920084 0.676446 0.911657 0.490679 0.569037 0.644828 0.718911 0.967265
0.355275 0.450328 0.392118 0.343860 0.733887 0.721699 0.292304 0.299682 0.556340 0.558131 0.308410 0.425929 0.373450 0.483654 0.575013 0.553699 0.380721 0.241892 0.000000 0.317911 0.672881 0.646740 0.593282 0.575203 0.883641 0.692510 0.933920 0.923728 0.356214 0.291718 0.505275 0.519275 0.402933 0.289746 0.930180 0.843730 0.754359 0.946612 0.849279 0.774407 0.981604 0.809391 0.369862 0.317146 0.414376 0.402805 0.364107 0.422211 0.779076 0.486175 0.453671 0.505690 0.625929 0.443559 0.693631 0.834771 0.477923 0.521019 0.396431 0.574427 0.324211 0.517738 0.334926 0.449551 0.468198 0.407437 0.359869 0.336781 0.613904 0.579809 0.517707 0.559089 0.603746 0.498895 0.971351 0.602897 0.577218 0.599986 0.559643 0.455311 0.421783 0.362496 0.625487 0.616214 0.530933 0.471689 0.880396 0.800196 0.832497 0.781452 0.542202 0.572107 0.571491 0.597172 0.601993 0.676198 0.713202 0.659829 0.429386 0.409630 0.628356 0.626663 0.553900 0.475631 0.525156 0.678240 0.915837 0.840424 0.812680 0.794154 0.896580 0.436101 0.476770 0.640654 0.646030 0.923352
0.343323 0.405750 0.490685 0.462564 0.895514 0.824328 0.470444 0.370205 0.665054 0.580832 0.309702 0.378060 0.460173 0.549013 0.652985 0.672194 0.440932 0.283187 0.317911 0.000000 0.791246 0.699767 0.715850 0.684744 0.971029 0.743899 0.871474 0.877075 0.373171 0.324974 0.624871 0.560224 0.436440 0.372791 0.919716 0.941380 0.837017 0.838847 0.898765 0.871151 0.898088 0.909258 0.538699 0.466794 0.522597 0.496332 0.484597 0.489472 0.745978 0.528714 0.545992 0.598895 0.674475 0.609736 0.774046 0.835280 0.454402 0.417399 0.461238 0.539108 0.394744 0.470227 0.368806 0.408971 0.608195 0.501148 0.537469 0.424080 0.635014 0.524346 0.751271 0.745381 0.629100 0.538216 0.903458 0.697822 0.677187 0.635994 0.600016 0.537371 0.505204 0.389319 0.626706 0.651718 0.682204 0.588028 0.853025 0.826089 0.797600 0.693233 0.713492 0.736957 0.766022 0.821767 0.657435 0.699867 0.720553 0.731139 0.485533 0.472927 0.589793 0.696641 0.700563 0.551714 0.630859 0.727555 0.891998 0.836330 0.857333 0.747538 0.811541 0.567509 0.583128 0.775943 0.726662 0.880117
0.737072 0.682095 0.709866 0.596811 0.707899 0.799214 0.659916 0.640644 0.752780 0.830062 0.731252 0.613889 0.662562 0.655600 0.671977 0.621003 0.671983 0.688203 0.672881 0.791246 0.000000 0.770065 0.615502 0.596872 0.933583 0.818515 0.890268 0.937331 0.677248 0.723331 0.594348 0.754353 0.627219 0.569378 0.812860 0.993540 0.779683 0.919232 0.992456 0.918638 0.922600 0.890061 0.661216 0.678807 0.704120 0.704650 0.611120 0.706397 0.992328 0.801483 0.823071 0.805681 0.853801 0.761349 0.897458 0.981369 0.798567 0.804644 0.700700 0.752161 0.628161 0.692276 0.662736 0.683660 0.687168 0.603733 0.647755 0.613958 0.893612 0.826328 0.572035 0.605020 0.657554 0.705092 0.833887 0.733181 0.686402 0.583485 0.764071 0.757324 0.675114 0.693456 0.583602 0.646682 0.687128 0.659258 0.897460 0.955248 0.934064 0.834509 0.747080 0.814129 0.691266 0.829287 0.839219 0.864607 0.859592 0.778617 0.786022 0.666891 0.859665 0.790359 0.728432 0.656339 0.693449 0.750731 0.924808 0.783885 0.965617 0.981251 0.956828 0.759713 0.841128 0.764706 0.895660 0.859825
0.779748 0.840203 0.741031 0.667643 0.762545 0.994458 0.668624 0.676514 0.749208 0.876740 0.785402 0.772944 0.768832 0.746060 0.753756 0.760019 0.764482 0.688282 0.646740 0.699767 0.770065 0.000000 0.744247 0.752774 0.994643 0.842749 0.892309 0.789506 0.631657 0.703833 0.775054 0.605712 0.578452 0.668220 0.926155 0.992173 0.938136 0.890731 0.982482 0.839166 0.975787 0.945204 0.719048 0.659862 0.745917 0.742799 0.719579 0.821167 0.909413 0.858480 0.789164 0.815933 0.909201 0.716747 0.781251 0.878646 0.789871 0.813850 0.861694 0.836471 0.678075 0.822691 0.744341 0.774794 0.708854 0.683897 0.645652 0.642566 0.892745 0.877271 0.703619 0.779611 0.841856 0.689397 0.808302 0.950092 0.765729 0.773812 0.995174 0.753666 0.818797 0.742393 0.789909 0.870629 0.756133 0.702137 0.915074 0.915641 0.825646 0.811114 0.695157 0.798800 0.783339 0.801420 0.810475 0.952702 0.941146 0.834673 0.741544 0.692690 0.859689 0.919823 0.911505 0.763248 0.868654 0.668514 0.936418 0.900117 0.977202 0.897906 0.788104 0.738532 0.787102 0.782735 0.853625 0.907837
0.577778 0.711266 0.396667 0.348642 0.765992 0.687824 0.476484 0.456567 0.502096 0.697230 0.813497 0.479439 0.322235 0.404188 0.203306 0.247242 0.762950 0.757570 0.593282 0.715850 0.615502 0.744247 0.000000 0.245249 0.511309 0.546696 0.891540 0.992965 0.601283 0.633204 0.322031 0.475461 0.396382 0.536778 0.616845 0.937060 0.677424 0.954566 0.794508 0.929395 0.932869 0.980412 0.476625 0.536097 0.493793 0.495457 0.406402 0.503586 0.777883 0.555903 0.542696 0.436281 0.566222 0.569286 0.537267 0.653363 0.979161 0.965672 0.500160 0.579158 0.338383 0.403290 0.643492 0.685980 0.254614 0.313321 0.385022 0.428990 0.852205 0.635202 0.446197 0.568092 0.467573 0.574254 0.808556 0.752215 0.515515 0.749912 0.594487 0.714873 0.603609 0.563187 0.545190 0.674137 0.271775 0.255084 0.822488 0.780848 0.709839 0.575496 0.661913 0.785251 0.584817 0.890055 0.633830 0.765359 0.644701 0.663800 0.613182 0.568592 0.800189 0.843532 0.805283 0.886449 0.432975 0.509405 0.945525 0.863194 0.748912 0.836955 0.871878 0.643157 0.681982 0.783616 0.574177 0.939254
0.593775 0.748432 0.374339 0.339305 0.835772 0.717139 0.511745 0.472460 0.470522 0.728106 0.709671 0.485711 0.356368 0.377249 0.286963 0.264828 0.833724 0.758486 0.575203 0.684744 0.596872 0.752774 0.245249 0.000000 0.588125 0.507677 0.924071 0.989573 0.591665 0.626649 0.353512 0.462951 0.515684 0.530763 0.683559 0.987535 0.768249 0.927128 0.775843 0.847690 0.941967 0.961901 0.497989 0.567110 0.568519 0.529959 0.445455 0.546272 0.757746 0.569237 0.537665 0.470540 0.533483 0.526860 0.596358 0.695149 0.988076 0.986840 0.514913 0.615577 0.390569 0.484336 0.666293 0.758343 0.328054 0.334855 0.459358 0.482589 0.945332 0.737841 0.502795 0.655872 0.561265 0.620556 0.880542 0.731869 0.598465 0.724290 0.693604 0.651185 0.649659 0.590242 0.645418 0.710185 0.395830 0.338205 0.779055 0.717580 0.747978 0.616433 0.646249 0.742361 0.595908 0.818685 0.694724 0.868323 0.716263 0.743719 0.674867 0.596698 0.699725 0.861785 0.826992 0.883553 0.528877 0.669444 0.960334 0.817877 0.814795 0.903677 0.930268 0.697154 0.641309 0.794289 0.583391 0.946438
0.778030 0.845147 0.664458 0.710488 0.980517 0.961245 0.860994 0.863312 0.776765 0.920667 0.976726 0.848823 0.809174 0.836172 0.611238 0.734355 0.892014 0.917488 0.883641 0.971029 0.933583 0.994643 0.511309 0.588125 0.000000 0.479664 0.907711 0.878468 0.859607 0.899623 0.569481 0.643188 0.751281 0.877210 0.599784 0.998142 0.607364 0.971860 0.741356 0.941084 0.857442 0.848358 0.831490 0.912255 0.877898 0.865511 0.713040 0.904558 0.908871 0.950518 0.915713 0.878451 0.876878 0.926134 0.590693 0.818240 0.972079 0.982072 0.790287 0.819194 0.691087 0.736201 0.886158 0.878994 0.540831 0.669468 0.781094 0.773725 0.759189 0.756502 0.866916 0.998641 0.622736 0.868760 0.850093 0.939175 0.855934 0.996339 0.743716 0.869995 0.688008 0.783487 0.756061 0.753448 0.464107 0.480199 0.999843 0.846689 0.821301 0.673869 0.962834 0.855694 0.958552 0.882115 0.697142 0.939662 0.847225 0.780284 0.968649 0.938282 0.808307 0.842851 0.838756 0.933689 0.740709 0.908737 0.895848 0.990219 0.876701 0.877821 0.904659 0.824495 0.917924 0.835841 0.730883 0.990521
0.705551 0.813368 0.431080 0.435557 0.928893 0.842499 0.610791 0.635083 0.593043 0.771226 0.806435 0.748952 0.653914 0.701446 0.654332 0.704075 0.906670 0.774466 0.692510 0.743899 0.818515 0.842749 0.546696 0.507677 0.479664 0.000000 0.969954 0.825325 0.724427 0.752288 0.467108 0.543470 0.507092 0.630695 0.772096 0.821164 0.636916 0.986176 0.636451 0.691435 0.796907 0.867686 0.562095 0.558730 0.617680 0.589579 0.506092 0.633066 0.711359 0.659335 0.614617 0.597620 0.607253 0.724163 0.595844 0.655103 0.991570 0.929853 0.620234 0.660501 0.563702 0.584352 0.815874 0.855983 0.401521 0.428652 0.568377 0.534572 0.860374 0.709946 0.761659 0.653613 0.598715 0.612819 0.842519 0.890312 0.585573 0.876686 0.806085 0.620324 0.763152 0.623333 0.800381 0.618612 0.525262 0.427907 0.927449 0.752602 0.649764 0.480100 0.666012 0.801338 0.748736 0.765871 0.664981 0.809676 0.650555 0.679490 0.622382 0.561803 0.781957 0.823077 0.883553 0.715154 0.599116 0.891146 0.940340 0.791219 0.939335 0.926200 0.972582 0.708524 0.628120 0.970292 0.586754 0.929959
0.849052 0.748157 0.927142 0.989153 0.724364 0.875849 0.969780 0.913007 0.853453 0.863769 0.996891 0.979340 0.998092 0.962593 0.964324 0.895920 0.838853 0.860705 0.933920 0.871474 0.890268 0.892309 0.891540 0.924071 0.907711 0.969954 0.000000 0.982843 0.840725 0.829423 0.961984 0.986543 0.947998 0.867460 0.997385 0.929022 0.914387 0.976488 0.895882 0.966969 0.863746 0.972739 0.983661 0.965912 0.893244 0.908808 0.894758 0.900982 0.810581 0.916545 0.882268 0.967314 0.960712 0.946664 0.873421 0.882609 0.733601 0.716198 0.843770 0.814249 0.897013 0.886041 0.835398 0.756945 0.987792 0.988806 0.934160 0.938219 0.914571 0.742089 0.987487 0.944793 0.973757 0.934821 0.935173 0.930665 0.893813 0.956142 0.971823 0.957836 0.811051 0.847757 0.953712 0.824208 0.946263 0.971392 0.807173 0.924151 0.863297 0.817450 0.972658 0.873957 0.934627 0.883828 0.963972 0.894974 0.974881 0.834142 0.943155 0.945519 0.942639 0.810715 0.882193 0.849679 0.937217 0.939390 0.971455 0.895812 0.935090 0.865636 0.983661 0.850691 0.879800 0.980357 0.949783 0.964021
0.917653 0.904695 0.999683 0.972763 0.851013 0.847434 0.988255 0.982980 0.955917 0.918048 0.908649 0.930024 0.966782 0.953673 0.979452 0.913635 0.917732 0.897335 0.923728 0.877075 0.937331 0.789506 0.992965 0.989573 0.878468 0.825325 0.982843 0.000000 0.891433 0.972618 0.980639 0.972206 0.839334 0.951816 0.946676 0.953813 0.986466 0.998722 0.957359 0.924546 0.904608 0.874034 0.990487 0.890045 0.980818 0.996272 0.994277 0.957200 0.927258 0.885655 0.961550 0.929268 0.948121 0.999084 0.908941 0.879302 0.895865 0.878889 0.963180 0.996343 0.963798 0.997744 0.880036 0.873275 0.998733 0.982945 0.985497 0.946874 0.917360 0.966309 0.914872 0.901316 0.891736 0.949286 0.866692 0.912601 0.765909 0.955009 0.938802 0.967825 0.901783 0.915788 0.978949 0.928961 0.992657 0.913853 0.807602 0.899576 0.999448 0.951214 0.920963 0.992383 0.993564 0.943599 0.793118 0.956894 0.918606 0.790943 0.951524 0.917010 0.951450 0.944010 0.955277 0.800184 0.884781 0.951915 0.824920 0.905558 0.873819 0.948393 0.954809 0.979850 0.965480 0.989711 0.834562 0.934021
0.357230 0.318523 0.600422 0.490342 0.740249 0.854878 0.550108 0.427498 0.783540 0.748153 0.488858 0.335183 0.464565 0.426418 0.512320 0.536546 0.336418 0.269089 0.356214 0.373171 0.677248 0.631657 0.601283 0.591665 0.859607 0.724427 0.840725 0.891433 0.000000 0.281565 0.501535 0.579695 0.453087 0.387899 0.861920 0.915193 0.755417 0.815191 0.905056 0.796082 0.918864 0.786057 0.544360 0.499569 0.525803 0.511029 0.475104 0.451725 0.739626 0.553717 0.526864 0.554541 0.723499 0.595394 0.653652 0.805981 0.410793 0.427795 0.445590 0.470769 0.358515 0.462433 0.265382 0.303020 0.584972 0.481100 0.505217 0.406141 0.633163 0.514329 0.661374 0.659196 0.538917 0.490275 0.929125 0.774522 0.567848 0.536066 0.565132 0.584300 0.401468 0.405998 0.476692 0.464605 0.493124 0.483705 0.863539 0.885338 0.842845 0.615254 0.797582 0.843901 0.779022 0.931982 0.613756 0.811348 0.824345 0.633026 0.582736 0.491730 0.770552 0.908413 0.700413 0.594206 0.557083 0.636274 0.911949 0.923111 0.876676 0.632853 0.836864 0.545501 0.626475 0.628281 0.612744 0.933994
0.315498 0.342586 0.536385 0.458806 0.747163 0.912636 0.506691 0.391807 0.714804 0.677197 0.377681 0.331596 0.448012 0.447111 0.526683 0.573063 0.337988 0.262312 0.291718 0.324974 0.723331 0.703833 0.633204 0.626649 0.899623 0.752288 0.829423 0.972618 0.281565 0.000000 0.492462 0.551542 0.444632 0.319705 0.955256 0.883011 0.786527 0.825013 0.827737 0.877138 0.947092 0.895173 0.585873 0.486409 0.504084 0.483677 0.449545 0.490187 0.767420 0.502005 0.509922 0.558398 0.650088 0.540059 0.584414 0.811294 0.438932 0.422784 0.479013 0.549561 0.351239 0.459130 0.315566 0.332663 0.583348 0.492044 0.496537 0.409513 0.542235 0.474565 0.632395 0.688360 0.539422 0.448309 0.841928 0.674640 0.724114 0.606644 0.558331 0.551202 0.402767 0.338173 0.473525 0.453205 0.574082 0.495442 0.787808 0.702113 0.819489 0.671394 0.785470 0.861016 0.818227 0.918180 0.620957 0.805346 0.762533 0.636944 0.572507 0.511679 0.699630 0.792634 0.586089 0.601175 0.658427 0.708316 0.932425 0.926630 0.912548 0.733219 0.871987 0.597907 0.622707 0.741543 0.734074 0.997088
0.479991 0.561847 0.368899 0.312969 0.838690 0.666603 0.443655 0.452916 0.526050 0.686850 0.609307 0.505041 0.425949 0.478484 0.376154 0.440113 0.658787 0.613232 0.505275 0.624871 0.594348 0.775054 0.322031 0.353512 0.569481 0.467108 0.961984 0.980639 0.501535 0.492462 0.000000 0.414505 0.364870 0.409000 0.625286 0.813337 0.563808 0.819573 0.741269 0.962673 0.993654 0.888240 0.447744 0.444886 0.454952 0.454970 0.364192 0.467960 0.747873 0.573994 0.525053 0.472733 0.569009 0.576725 0.471007 0.645446 0.812210 0.794950 0.506089 0.519661 0.326739 0.413934 0.566478 0.592467 0.312811 0.294035 0.354879 0.347928 0.709719 0.514837 0.475401 0.541628 0.457134 0.426304 0.819227 0.862531 0.559279 0.623994 0.594919 0.588802 0.493744 0.460378 0.500410 0.498727 0.378024 0.306503 0.871924 0.714989 0.676727 0.503324 0.703689 0.828207 0.648274 0.849325 0.584343 0.840733 0.588453 0.684875 0.608553 0.580573 0.692518 0.779464 0.741321 0.699677 0.558928 0.646126 0.961552 0.841068 0.890115 0.756029 0.946032 0.616979 0.602744 0.760583 0.553164 0.936060
0.580249 0.697831 0.403986 0.359098 0.970762 0.788834 0.433420 0.447668 0.443199 0.543724 0.631005 0.564607 0.544418 0.595912 0.505691 0.554523 0.620297 0.540121 0.519275 0.560224 0.754353 0.605712 0.475461 0.462951 0.643188 0.543470 0.986543 0.972206 0.579695 0.551542 0.414505 0.000000 0.419184 0.457107 0.773718 0.980450 0.737609 0.889933 0.713813 0.906279 0.943860 0.879901 0.495868 0.466747 0.526727 0.591520 0.536754 0.566761 0.860089 0.696623 0.626097 0.637699 0.684046 0.628347 0.625018 0.821759 0.758957 0.825020 0.602245 0.715672 0.455461 0.610190 0.683252 0.695563 0.434841 0.430412 0.466423 0.441668 0.669728 0.681361 0.616212 0.669991 0.580554 0.553788 0.836387 0.896449 0.642750 0.613492 0.689722 0.539657 0.641897 0.550363 0.672366 0.664360 0.564291 0.447260 0.918001 0.745493 0.816042 0.664378 0.580494 0.730771 0.628536 0.728569 0.694848 0.839045 0.654206 0.727751 0.561993 0.550098 0.703515 0.713106 0.833500 0.597619 0.637165 0.660697 0.835957 0.878640 0.997598 0.869699 0.831636 0.580244 0.636806 0.832340 0.570487 0.918526
0.419408 0.505061 0.362598 0.281753 0.792596 0.680292 0.323560 0.296678 0.551682 0.536776 0.561716 0.463239 0.424658 0.517770 0.455371 0.501122 0.525038 0.416758 0.402933 0.436440 0.627219 0.578452 0.396382 0.515684 0.751281 0.507092 0.947998 0.839334 0.453087 0.444632 0.364870 0.419184 0.000000 0.338370 0.762865 0.781416 0.737128 0.932177 0.861561 0.875261 0.914589 0.852582 0.327782 0.303415 0.361050 0.343608 0.332102 0.424038 0.708703 0.537009 0.491613 0.446402 0.572032 0.507643 0.548413 0.637698 0.638399 0.598825 0.402960 0.483867 0.325594 0.372124 0.483700 0.518339 0.356783 0.295584 0.296563 0.254533 0.671212 0.495484 0.416481 0.486746 0.537472 0.461140 0.934148 0.761757 0.416298 0.612173 0.457436 0.560034 0.443196 0.352183 0.544483 0.482412 0.405421 0.318891 0.924296 0.836130 0.753383 0.568568 0.483006 0.599138 0.518755 0.682812 0.548836 0.649733 0.471937 0.500226 0.407161 0.343570 0.639654 0.658104 0.728768 0.509531 0.443279 0.512637 0.855923 0.797481 0.849960 0.723624 0.801969 0.497896 0.446642 0.681879 0.570428 0.986625
0.398123 0.477231 0.409259 0.302693 0.745434 0.691445 0.302306 0.275412 0.547522 0.500494 0.450331 0.455535 0.448396 0.525747 0.528858 0.555579 0.467236 0.354043 0.289746 0.372791 0.569378 0.668220 0.536778 0.530763 0.877210 0.630695 0.867460 0.951816 0.387899 0.319705 0.409000 0.457107 0.338370 0.000000 0.754144 0.898949 0.675740 0.834879 0.884888 0.879204 0.967469 0.918815 0.378842 0.304652 0.355114 0.352045 0.338772 0.439644 0.747589 0.493207 0.498209 0.461592 0.607575 0.504308 0.639804 0.681543 0.559046 0.576941 0.412285 0.548590 0.332079 0.442726 0.443028 0.480600 0.444579 0.340588 0.317676 0.298093 0.709854 0.550620 0.525171 0.551347 0.557487 0.535129 0.817878 0.692369 0.529593 0.573201 0.556843 0.466727 0.473583 0.356709 0.606028 0.528403 0.490645 0.442793 0.882123 0.794695 0.840537 0.698837 0.559299 0.615840 0.589775 0.620923 0.569627 0.686920 0.650976 0.616604 0.387151 0.383018 0.601823 0.647465 0.597373 0.420775 0.526118 0.667781 0.989537 0.739977 0.883512 0.813102 0.800120 0.408888 0.487010 0.658622 0.585319 0.893352
0.734232 0.886803 0.806463 0.758389 0.994054 0.664514 0.816913 0.841067 0.756587 0.907644 0.946361 0.840995 0.794641 0.865373 0.695936 0.767808 0.979364 0.991754 0.930180 0.919716 0.812860 0.926155 0.616845 0.683559 0.599784 0.772096 0.997385 0.946676 0.861920 0.955256 0.625286 0.773718 0.762865 0.754144 0.000000 0.924111 0.684624 0.903068 0.956903 0.877906 0.995042 0.936434 0.746117 0.819500 0.665840 0.671156 0.669231 0.827385 0.715479 0.687076 0.738583 0.681123 0.738833 0.900378 0.559217 0.643146 0.892267 0.976244 0.733064 0.660379 0.697572 0.727316 0.845351 0.873605 0.648195 0.693014 0.695192 0.736661 0.895289 0.657848 0.899793 0.888416 0.742679 0.816692 0.741081 0.988642 0.778311 0.900663 0.768050 0.789994 0.734828 0.772019 0.868173 0.839839 0.532769 0.614120 0.978534 0.857216 0.789869 0.690366 0.918252 0.951283 0.878907 0.971531 0.721297 0.877496 0.750767 0.859623 0.794845 0.894820 0.967292 0.875649 0.942849 0.997023 0.780775 0.803409 0.997563 0.912955 0.707254 0.975934 0.736374 0.759333 0.911162 0.886115 0.781783 0.945064
0.765127 0.757731 0.896622 0.862290 0.979771 0.896779 0.854958 0.887363 0.939841 0.931509 0.885607 0.919600 0.863405 0.982355 0.976661 0.981128 0.765829 0.886251 0.843730 0.941380 0.993540 0.992173 0.937060 0.987535 0.998142 0.821164 0.929022 0.953813 0.915193 0.883011 0.813337 0.980450 0.781416 0.898949 0.924111 0.000000 0.926881 0.799831 0.966900 0.930906 0.811054 0.899662 0.802509 0.756382 0.797354 0.792892 0.789687 0.759479 0.923789 0.868196 0.792909 0.789656 0.854112 0.817178 0.842905 0.864445 0.834724 0.797255 0.776583 0.781609 0.885836 0.875928 0.796057 0.834221 0.878815 0.874560 0.779533 0.741875 0.792139 0.681013 0.804256 0.610165 0.912068 0.831054 0.907806 0.949164 0.828356 0.869858 0.756068 0.872440 0.765592 0.831901 0.805851 0.752558 0.884671 0.855831 0.939717 0.903463 0.900859 0.861874 0.943261 0.905027 0.961174 0.883677 0.863244 0.968743 0.806965 0.765397 0.913491 0.906251 0.966236 0.817920 0.858209 0.879614 0.942482 0.967111 0.934739 0.955401 0.876286 0.915192 0.793218 0.875059 0.828340 0.921110 0.899561 0.984973
0.692054 0.722835 0.674877 0.684296 0.939928 0.951295 0.784595 0.763932 0.884027 0.994683 0.862921 0.768752 0.717885 0.702370 0.643272 0.804994 0.805748 0.764310 0.754359 0.837017 0.779683 0.938136 0.677424 0.768249 0.607364 0.636916 0.914387 0.986466 0.755417 0.786527 0.563808 0.737609 0.737128 0.675740 0.684624 0.926881 0.000000 0.874393 0.744264 0.857012 0.939066 0.827845 0.761770 0.753990 0.701648 0.769607 0.709376 0.761106 0.780954 0.775072 0.770773 0.773726 0.822443 0.987155 0.783340 0.865868 0.812951 0.730127 0.683961 0.707802 0.616190 0.648109 0.779623 0.703865 0.557030 0.639165 0.747774 0.650829 0.834905 0.764970 0.982951 0.859865 0.741493 0.729288 0.804253 0.999455 0.776762 0.815537 0.716443 0.948416 0.780590 0.814377 0.813811 0.754537 0.571001 0.606476 0.941855 0.929809 0.718813 0.681905 0.978924 0.887250 0.894952 0.965394 0.753624 0.788783 0.877727 0.833158 0.759760 0.812779 0.919046 0.919891 0.805885 0.807701 0.602738 0.804419 0.935095 0.840921 0.829352 0.768504 0.909822 0.612541 0.923964 0.998134 0.848722 0.939993
0.749010 0.729040 0.943863 0.944802 0.857029 0.761600 0.983284 0.940138 0.988431 0.931449 0.836708 0.758343 0.859812 0.770816 0.849204 0.866599 0.761776 0.837963 0.946612 0.838847 0.919232 0.890731 0.954566 0.927128 0.971860 0.986176 0.976488 0.998722 0.815191 0.825013 0.819573 0.889933 0.932177 0.834879 0.903068 0.799831 0.874393 0.000000 0.969390 0.973610 0.742758 0.998743 0.924363 0.917840 0.949714 0.920345 0.971625 0.935838 0.933920 0.863692 0.802327 0.889764 0.976248 0.968879 0.964313 0.975396 0.683794 0.685028 0.853719 0.818140 0.875953 0.838473 0.771000 0.677305 0.870491 0.902464 0.947887 0.832318 0.922029 0.877402 0.994146 0.983966 0.811428 0.834728 0.968352 0.847472 0.931392 0.674213 0.939769 0.984918 0.948501 0.942411 0.823053 0.938523 0.967174 0.968571 0.796293 0.971181 0.948690 0.975010 0.882497 0.941706 0.957167 0.925086 0.988331 0.987268 0.834443 0.869892 0.898940 0.988600 0.926736 0.966703 0.854794 0.966353 0.955188 0.950358 0.910174 0.932076 0.914285 0.737141 0.912935 0.923691 0.920338 0.942692 0.864656 0.877201
