0.000000 0.324077 0.929680 0.947051 0.750751 0.687958 0.669712 0.572790 0.718492 0.577563 0.462558 0.511045 0.830572 0.838038 0.962308 0.865979 0.352518 0.386629 0.488463 0.462866 0.892322 0.937166 0.741248 0.747091 0.730468 0.795503 0.847089 0.768347 0.558291 0.550285 0.943256 0.860023 0.579006 0.589169 0.929490 0.874798 0.895793 0.863260 0.993492 0.973131 0.749546 0.944471 0.612350 0.555726 0.502846 0.480459 0.774145 0.568350 0.494319 0.544504 0.645746 0.700836 0.804439 0.830395 0.885056 0.863815 0.315637 0.353673 0.498332 0.803122 0.494905 0.666641 0.517053 0.422129 0.694644 0.967867 0.701528 0.647315 0.713934 0.636495 0.807676 0.801766 0.862731 0.718063 0.930336 0.775998 0.623765 0.712456 0.783336 0.671902 0.435961 0.574133 0.954695 0.805359 0.834249 0.728514 0.900162 0.617998 0.785584 0.808205 0.600051 0.648671 0.721382 0.842931 0.836437 0.882431 0.618733 0.876334 0.416065 0.479814 0.606286 0.765469 0.502892 0.584514 0.861162 0.833350 0.863938 0.817278 0.929771 0.911993 0.661296 0.597761 0.682211 0.900022 0.829604 0.983783
0.324077 0.000000 0.816809 0.888881 0.771759 0.718049 0.787108 0.627505 0.854699 0.599292 0.527696 0.499373 0.929579 0.844786 0.897958 0.994301 0.386468 0.381582 0.539947 0.459553 0.860516 0.819136 0.689316 0.668000 0.734423 0.761209 0.928530 0.783585 0.559724 0.543876 0.925911 0.876441 0.562555 0.576081 0.941150 0.944847 0.913555 0.836552 0.972711 0.984713 0.779217 0.855993 0.637545 0.561257 0.511779 0.458537 0.833784 0.615423 0.528269 0.543444 0.730927 0.763559 0.950123 0.922525 0.864908 0.780675 0.279135 0.284619 0.572720 0.741690 0.596614 0.643121 0.622145 0.424200 0.682445 0.949345 0.689314 0.600395 0.749615 0.626083 0.779916 0.842093 0.886679 0.747932 0.921928 0.744580 0.642890 0.668952 0.734547 0.682043 0.456438 0.625984 0.955419 0.846599 0.761326 0.745982 0.840282 0.695664 0.720066 0.776849 0.641700 0.678876 0.753068 0.846884 0.798392 0.911663 0.639202 0.839576 0.471405 0.543335 0.607140 0.762718 0.532959 0.603665 0.950151 0.904742 0.993582 0.862432 0.994758 0.916063 0.653526 0.551389 0.675096 0.885232 0.920578 0.968854
0.929680 0.816809 0.000000 0.363396 0.939564 0.873072 0.547668 0.774576 0.707793 0.967769 0.890772 0.711473 0.947106 0.895786 0.764437 0.965238 0.909357 0.805274 0.727906 0.868051 0.996701 0.891275 0.401990 0.525879 0.567676 0.619264 0.976529 0.851054 0.946058 0.797006 0.437824 0.521672 0.683882 0.792790 0.676397 0.961712 0.793704 0.900531 0.669386 0.812930 0.922734 0.929137 0.764465 0.899266 0.968581 0.904168 0.694029 0.848720 0.780236 0.950879 0.874227 0.818143 0.754711 0.713546 0.759005 0.845420 0.851837 0.773307 0.829447 0.987683 0.907772 0.897783 0.967718 0.696308 0.444234 0.619219 0.627362 0.856442 0.938691 0.916176 0.791879 0.756965 0.774143 0.779652 0.936200 0.861134 0.697516 0.745414 0.894416 0.925547 0.837527 0.878573 0.943000 0.767244 0.602814 0.717699 0.950960 0.930499 0.999906 0.818549 0.845280 0.747320 0.824831 0.638454 0.960589 0.910537 0.944076 0.871072 0.993192 0.859951 0.891414 0.724594 0.976030 0.938743 0.757765 0.661807 0.877601 0.735662 0.990489 0.962995 0.935204 0.917096 0.985902 0.897748 0.891841 0.926408
0.947051 0.888881 0.363396 0.000000 0.909653 0.895938 0.679852 0.771590 0.705108 0.902938 0.811841 0.806505 0.960122 0.913432 0.863028 0.884397 0.858180 0.756253 0.830891 0.947439 0.961875 0.957187 0.474994 0.489217 0.541860 0.571334 0.950983 0.767463 0.899128 0.749700 0.498881 0.664303 0.794462 0.917867 0.645747 0.987031 0.676124 0.747630 0.699749 0.859526 0.822066 0.982690 0.885037 0.970958 0.811047 0.776844 0.821936 0.928538 0.684293 0.877552 0.941401 0.903739 0.840729 0.717186 0.718726 0.927801 0.871458 0.835666 0.759401 0.835422 0.900798 0.909043 0.973489 0.789673 0.494248 0.501843 0.681157 0.871840 0.968128 0.958406 0.739098 0.690564 0.712859 0.770150 0.879135 0.854284 0.724885 0.843780 0.853308 0.949284 0.925186 0.884432 0.925820 0.886395 0.704474 0.704140 0.930004 0.876375 0.954110 0.742695 0.832311 0.782025 0.765833 0.660448 0.905703 0.937716 0.942777 0.982852 0.961402 0.965290 0.973048 0.704695 0.968332 0.978439 0.743820 0.756878 0.875841 0.730642 0.911106 0.937539 0.955956 0.875570 0.902312 0.785858 0.992591 0.906843
0.750751 0.771759 0.939564 0.909653 0.000000 0.726727 0.927970 0.910613 0.990714 0.817837 0.736583 0.734944 0.863289 0.891668 0.935848 0.953216 0.845613 0.768017 0.779487 0.746741 0.911564 0.973377 0.987816 0.963574 0.911662 0.786411 0.961631 0.893973 0.835354 0.839742 0.977251 0.882024 0.787627 0.857859 0.922265 0.736830 0.954311 0.953067 0.862675 0.876876 0.915785 0.903706 0.976368 0.902644 0.830785 0.838742 0.924697 0.861518 0.968025 0.935966 0.977251 0.982935 0.986768 0.979410 0.827143 0.987506 0.800119 0.767720 0.967627 0.960760 0.861170 0.906683 0.839697 0.909007 0.842239 0.998281 0.809822 0.784039 0.957325 0.880265 0.916861 0.976903 0.889021 0.792268 0.988524 0.934622 0.892957 0.834388 0.924677 0.959973 0.754304 0.719708 0.969295 0.993155 0.958363 0.993228 0.975508 0.987947 0.842847 0.729074 0.936033 0.920558 0.970359 0.937505 0.981421 0.983321 0.867061 0.976406 0.880939 0.894781 0.938522 0.926082 0.961034 0.971744 0.957392 0.839148 0.826238 0.965784 0.988042 0.855181 0.813295 0.946812 0.893083 0.943085 0.988037 0.728550
0.687958 0.718049 0.873072 0.895938 0.726727 0.000000 0.708459 0.636225 0.757150 0.599913 0.611871 0.560603 0.727367 0.781882 0.926500 0.700265 0.721648 0.709936 0.725126 0.793849 0.992781 0.940222 0.793500 0.785216 0.716455 0.743793 0.723188 0.931028 0.752485 0.669153 0.992976 0.959451 0.898774 0.757232 0.815383 0.834080 0.972413 0.957137 0.984217 0.866569 0.947334 0.840180 0.856188 0.784801 0.708558 0.685173 0.935139 0.800951 0.740472 0.845301 0.881000 0.941504 0.827517 0.804718 0.817714 0.910741 0.690397 0.775262 0.806042 0.932977 0.667960 0.783432 0.702405 0.705343 0.666499 0.873456 0.885364 0.845267 0.983453 0.844121 0.842386 0.897397 0.873427 0.838200 0.867928 0.762622 0.850588 0.867654 0.798650 0.789719 0.861836 0.794659 0.936561 0.944734 0.803953 0.707207 0.892118 0.993965 0.901371 0.684023 0.731174 0.782070 0.738373 0.791795 0.934008 0.993666 0.700259 0.832564 0.587518 0.755272 0.643103 0.705662 0.796727 0.742830 0.915756 0.930883 0.655141 0.979866 0.889307 0.961824 0.812254 0.779693 0.723085 0.969218 0.962820 0.770724
0.669712 0.787108 0.547668 0.679852 0.927970 0.708459 0.000000 0.378134 0.572273 0.460621 0.559700 0.803307 0.659566 0.704536 0.889876 0.850526 0.681535 0.742440 0.387308 0.798555 0.854786 0.980899 0.819478 0.970153 0.845052 0.904217 0.627607 0.853097 0.728336 0.695274 0.704374 0.577294 0.562346 0.460880 0.990245 0.862030 0.877851 0.962828 0.799097 0.907864 0.983013 0.913642 0.523326 0.584658 0.510327 0.579632 0.600875 0.586512 0.718132 0.761960 0.555578 0.618814 0.601571 0.527896 0.975115 0.935519 0.739222 0.898799 0.508206 0.918170 0.497811 0.868095 0.501143 0.798175 0.967272 0.915581 0.481717 0.618251 0.989866 0.922749 0.684256 0.684714 0.750803 0.648177 0.935376 0.672079 0.532581 0.662547 0.756961 0.752780 0.896782 0.855701 0.860614 0.974449 0.930489 0.890760 0.932229 0.777236 0.858086 0.884380 0.446922 0.408811 0.568294 0.534393 0.841826 0.848775 0.710711 0.975184 0.496543 0.482359 0.698965 0.505427 0.699438 0.675373 0.843977 0.640519 0.727416 0.654709 0.997960 0.992919 0.706239 0.738670 0.608056 0.951827 0.928412 0.936693
0.572790 0.627505 0.774576 0.771590 0.910613 0.636225 0.378134 0.000000 0.576926 0.408181 0.502034 0.522436 0.638282 0.600650 0.951703 0.780070 0.632904 0.720804 0.421093 0.727019 0.729960 0.912224 0.893782 0.777199 0.681371 0.826238 0.613353 0.762730 0.665637 0.589786 0.907408 0.771948 0.648504 0.552997 0.894492 0.842129 0.857983 0.960370 0.864032 0.985341 0.983137 0.999251 0.584471 0.587429 0.538204 0.560787 0.776951 0.599115 0.620610 0.732889 0.557165 0.682805 0.637295 0.520468 0.877387 0.979033 0.647522 0.772991 0.499631 0.664851 0.396609 0.519326 0.566962 0.584084 0.789275 0.884750 0.692593 0.643386 0.938152 0.851750 0.676427 0.777094 0.784683 0.721374 0.986142 0.792639 0.599996 0.790999 0.824400 0.780756 0.885339 0.959553 0.788893 0.954780 0.692742 0.579002 0.828476 0.657435 0.823651 0.824113 0.372094 0.405960 0.578535 0.577519 0.742281 0.899780 0.638799 0.820086 0.445699 0.517848 0.535575 0.416146 0.635279 0.559416 0.964445 0.690122 0.782055 0.755430 0.927893 0.964035 0.720461 0.669838 0.598870 0.825985 0.922527 0.977497
0.718492 0.854699 0.707793 0.705108 0.990714 0.757150 0.572273 0.576926 0.000000 0.674720 0.784478 0.853886 0.844393 0.864464 0.938460 0.695818 0.745001 0.821117 0.666581 0.832576 0.889926 0.858260 0.935863 0.986318 0.978169 0.861212 0.875534 0.964611 0.862232 0.904815 0.790860 0.774165 0.806982 0.780009 0.988208 0.771747 0.615188 0.825761 0.868463 0.807342 0.873760 0.951776 0.630957 0.675526 0.742706 0.805393 0.649147 0.659507 0.763362 0.682342 0.569013 0.644130 0.596172 0.585698 0.987797 0.973634 0.764837 0.878012 0.602232 0.702177 0.613324 0.740666 0.864154 0.809472 0.875143 0.785619 0.811121 0.915613 0.849833 0.829217 0.726799 0.696573 0.884825 0.782136 0.883271 0.858216 0.704053 0.847239 0.867301 0.896012 0.902388 0.973342 0.885324 0.908661 0.913595 0.789788 0.829243 0.827622 0.929558 0.909545 0.583765 0.639728 0.679948 0.730979 0.845154 0.925917 0.769357 0.979037 0.614568 0.633059 0.746143 0.763476 0.668427 0.766671 0.893150 0.656228 0.695403 0.745361 0.940332 0.983547 0.843992 0.815808 0.833217 0.962939 0.805349 0.899641
0.577563 0.599292 0.967769 0.902938 0.817837 0.599913 0.460621 0.408181 0.674720 0.000000 0.437136 0.569022 0.633148 0.677649 0.985993 0.828818 0.553215 0.558191 0.463634 0.675320 0.766279 0.899862 0.738195 0.657126 0.493043 0.573060 0.635222 0.750535 0.603961 0.484140 0.961601 0.847147 0.804400 0.551051 0.762226 0.836147 0.972497 0.901190 0.946046 0.892322 0.931635 0.953445 0.542610 0.513154 0.415064 0.413182 0.772047 0.587928 0.459585 0.670708 0.588875 0.760871 0.780227 0.735987 0.756692 0.975505 0.573326 0.721818 0.643659 0.923105 0.564270 0.775079 0.505169 0.546951 0.543205 0.738350 0.771219 0.795197 0.963862 0.884003 0.688011 0.748059 0.937229 0.746791 0.950585 0.767840 0.625618 0.809353 0.846614 0.828393 0.795203 0.845496 0.794620 0.919435 0.661128 0.547781 0.871493 0.788276 0.747021 0.647357 0.391909 0.450929 0.622295 0.727887 0.766855 0.946032 0.680303 0.800315 0.396284 0.459560 0.553212 0.622111 0.527592 0.481273 0.987869 0.870460 0.814421 0.764726 0.969206 0.964142 0.731883 0.518891 0.573348 0.820365 0.955540 0.828689
0.462558 0.527696 0.890772 0.811841 0.736583 0.611871 0.559700 0.502034 0.784478 0.437136 0.000000 0.487134 0.582878 0.612728 0.952899 0.897806 0.448325 0.423333 0.484785 0.527387 0.818540 0.933761 0.658768 0.599952 0.500828 0.569032 0.732357 0.648364 0.458108 0.393553 0.912773 0.873627 0.695993 0.535203 0.764599 0.863032 0.952049 0.841709 0.978291 0.979936 0.932653 0.945140 0.651074 0.550785 0.405724 0.409074 0.800527 0.564259 0.427455 0.566525 0.628634 0.649755 0.792191 0.776808 0.759791 0.971468 0.492404 0.567991 0.593005 0.831518 0.471343 0.729843 0.473436 0.512251 0.549652 0.849270 0.783032 0.722206 0.904105 0.779287 0.856881 0.963216 0.912883 0.739749 0.987030 0.766516 0.762793 0.755505 0.907256 0.691211 0.674046 0.662257 0.981921 0.877979 0.749045 0.644166 0.854283 0.781357 0.794051 0.604023 0.553254 0.589200 0.803434 0.842040 0.855208 0.951812 0.770662 0.899611 0.444235 0.463581 0.615344 0.714736 0.712786 0.678115 0.929197 0.887115 0.784898 0.876110 0.998325 0.933771 0.737432 0.610152 0.533803 0.894724 0.953486 0.925543
0.511045 0.499373 0.711473 0.806505 0.734944 0.560603 0.803307 0.522436 0.853886 0.569022 0.487134 0.000000 0.729158 0.662635 0.828774 0.675987 0.575537 0.572004 0.683953 0.605952 0.808030 0.861127 0.548769 0.583816 0.516122 0.584498 0.705820 0.675814 0.634768 0.525139 0.742393 0.905303 0.850747 0.776712 0.757863 0.878708 0.890694 0.976563 0.984011 0.882214 0.875354 0.887505 0.892958 0.793541 0.653275 0.625360 0.995495 0.716208 0.577864 0.784396 0.751141 0.880186 0.839137 0.827644 0.757343 0.929541 0.546397 0.534591 0.646579 0.672415 0.509796 0.480111 0.588434 0.381492 0.477697 0.899641 0.988469 0.800021 0.763702 0.664246 0.969989 0.978288 0.860652 0.777732 0.966737 0.903124 0.858646 0.981079 0.901703 0.847006 0.680374 0.730665 0.932110 0.709949 0.566781 0.542719 0.854768 0.782586 0.863158 0.712559 0.665324 0.756314 0.822401 0.905007 0.731499 0.979568 0.664799 0.847213 0.578883 0.717394 0.577947 0.736846 0.762241 0.636267 0.851839 0.973076 0.868834 0.961248 0.956472 0.861275 0.732024 0.731312 0.732227 0.811184 0.973169 0.873958
0.830572 0.929579 0.947106 0.960122 0.863289 0.727367 0.659566 0.638282 0.844393 0.633148 0.582878 0.729158 0.000000 0.528431 0.747456 0.729180 0.839404 0.825567 0.738441 0.920513 0.877974 0.996804 0.821643 0.822088 0.683886 0.713190 0.757584 0.794311 0.798728 0.686956 0.916150 0.953433 0.960446 0.830841 0.689974 0.891714 0.787014 0.810234 0.931131 0.961879 0.762850 0.797045 0.746204 0.690112 0.765431 0.722229 0.824085 0.738858 0.801400 0.916634 0.918267 0.964679 0.957024 0.916909 0.738010 0.932469 0.898189 0.985304 0.851076 0.939870 0.688886 0.906250 0.655105 0.841502 0.776409 0.783504 0.985916 0.933835 0.857799 0.916786 0.838141 0.895004 0.943657 0.959669 0.931718 0.820854 0.811325 0.887537 0.940336 0.901520 0.901993 0.913630 0.902658 0.873589 0.845693 0.678106 0.975623 0.904684 0.978425 0.695869 0.636084 0.669242 0.820516 0.780618 0.889471 0.899454 0.901073 0.903536 0.650060 0.666561 0.695159 0.713628 0.872396 0.782693 0.911362 0.987691 0.862366 0.898553 0.965699 0.988703 0.759645 0.806485 0.704800 0.939810 0.934119 0.975662
0.838038 0.844786 0.895786 0.913432 0.891668 0.781882 0.704536 0.600650 0.864464 0.677649 0.612728 0.662635 0.528431 0.000000 0.797220 0.738723 0.771445 0.744482 0.606921 0.765842 0.698742 0.926708 0.903387 0.893087 0.813615 0.780788 0.898711 0.778974 0.593955 0.618285 0.922796 0.880150 0.848996 0.755118 0.807331 0.886876 0.993103 0.925540 0.925512 0.916182 0.887302 0.937199 0.686664 0.654753 0.763081 0.734445 0.877884 0.652293 0.791384 0.908433 0.986596 0.924186 0.996735 0.959143 0.785008 0.936149 0.878349 0.965064 0.914562 0.956284 0.827069 0.870770 0.766734 0.868349 0.883024 0.997771 0.969487 0.973159 0.915167 0.994301 0.939680 0.960297 0.903889 0.881841 0.932976 0.740726 0.791420 0.908346 0.963644 0.824880 0.944264 0.962640 0.893120 0.870905 0.780434 0.723529 0.945433 0.872160 0.843351 0.651151 0.699414 0.754075 0.998543 0.862674 0.890478 0.855336 0.996443 0.846125 0.681558 0.700239 0.675900 0.677922 0.961005 0.856658 0.892461 0.971802 0.863775 0.900726 0.967327 0.932076 0.829854 0.767358 0.645735 0.932004 0.942741 0.972274
0.962308 0.897958 0.764437 0.863028 0.935848 0.926500 0.889876 0.951703 0.938460 0.985993 0.952899 0.828774 0.747456 0.797220 0.000000 0.727028 0.974028 0.970719 0.922959 0.985925 0.796898 0.915464 0.806773 0.753922 0.830112 0.868432 0.825548 0.771701 0.815227 0.966164 0.861838 0.796715 0.933733 0.961185 0.885881 0.891027 0.922061 0.797459 0.865194 0.884415 0.991528 0.908999 0.717649 0.748047 0.983017 0.941573 0.674713 0.769203 0.954025 0.989390 0.939147 0.950386 0.972546 0.852352 0.970652 0.854674 0.988973 0.916055 0.919079 0.728635 0.896879 0.730026 0.992069 0.805404 0.740616 0.989973 0.923830 0.787063 0.928965 0.827787 0.985118 0.986504 0.788675 0.825895 0.943233 0.979655 0.909449 0.912058 0.958299 0.905578 0.932876 0.862024 0.856134 0.846765 0.792162 0.954074 0.862021 0.965371 0.939433 0.989774 0.981836 0.983358 0.935490 0.973066 0.911946 0.976780 0.855647 0.990447 0.924762 0.820101 0.890251 0.968141 0.964254 0.991667 0.989443 0.968189 0.884272 0.784511 0.941603 0.939031 0.826971 0.885417 0.950681 0.940845 0.917983 0.959852
0.865979 0.994301 0.965238 0.884397 0.953216 0.700265 0.850526 0.780070 0.695818 0.828818 0.897806 0.675987 0.729180 0.738723 0.727028 0.000000 0.928228 0.989026 0.904559 0.914001 0.843678 0.950303 0.998448 0.893474 0.992138 0.937558 0.918349 0.987058 0.902808 0.904324 0.974439 0.962607 0.851708 0.943118 0.879014 0.740291 0.760020 0.996205 0.871013 0.888900 0.897957 0.913521 0.873921 0.919145 0.980121 0.940667 0.828103 0.793602 0.822641 0.992336 0.850507 0.988699 0.769180 0.911008 0.945581 0.898497 0.979064 0.990418 0.850734 0.982737 0.855941 0.853792 0.895637 0.863639 0.923427 0.932694 0.795902 0.801429 0.938824 0.976152 0.994034 0.916286 0.908225 0.946802 0.940284 0.986011 0.972094 0.891376 0.982205 0.998335 0.933662 0.942246 0.884813 0.802169 0.973152 0.843147 0.986447 0.987058 0.894036 0.929398 0.864913 0.976231 0.915075 0.992916 0.887676 0.971290 0.934758 0.917596 0.846154 0.927632 0.837610 0.874065 0.942716 0.840219 0.930229 0.977821 0.712489 0.924737 0.932352 0.983946 0.927999 0.988097 0.957192 0.894497 0.980702 0.914492
0.352518 0.386468 0.909357 0.858180 0.845613 0.721648 0.681535 0.632904 0.745001 0.553215 0.448325 0.575537 0.839404 0.771445 0.974028 0.928228 0.000000 0.288535 0.455212 0.486667 0.952075 0.948408 0.752348 0.680048 0.706009 0.744213 0.844018 0.767087 0.392262 0.415645 0.975198 0.841520 0.576555 0.529752 0.860833 0.889794 0.885985 0.929597 0.962261 0.892713 0.838308 0.989864 0.517389 0.500490 0.454984 0.481823 0.733125 0.525582 0.469717 0.523767 0.647923 0.686412 0.885021 0.900967 0.790147 0.854924 0.302844 0.402554 0.587664 0.868435 0.618084 0.821601 0.566303 0.471608 0.688443 0.961589 0.736779 0.699848 0.750199 0.650468 0.889560 0.837504 0.876510 0.781328 0.899693 0.718048 0.705662 0.758104 0.716647 0.599209 0.439084 0.617066 0.945678 0.828429 0.812415 0.771047 0.807585 0.668441 0.734826 0.786333 0.640982 0.707996 0.798967 0.937028 0.809231 0.892143 0.718456 0.979050 0.430883 0.418488 0.631384 0.802598 0.532906 0.685681 0.953415 0.937653 0.858302 0.850608 0.948975 0.938302 0.636442 0.588299 0.620663 0.925014 0.831098 0.942292
0.386629 0.381582 0.805274 0.756253 0.768017 0.709936 0.742440 0.720804 0.821117 0.558191 0.423333 0.572004 0.825567 0.744482 0.970719 0.989026 0.288535 0.000000 0.498722 0.452453 0.913156 0.961086 0.676756 0.651838 0.646925 0.637393 0.922744 0.753624 0.408981 0.388987 0.916198 0.847082 0.619051 0.549603 0.810181 0.848758 0.973208 0.970666 0.939730 0.980984 0.901314 0.996507 0.565154 0.510787 0.432434 0.431764 0.780899 0.522652 0.455154 0.503733 0.717092 0.681307 0.966027 0.973604 0.740717 0.904264 0.311075 0.410325 0.709376 0.960859 0.673886 0.876176 0.578585 0.508529 0.636731 0.902768 0.778045 0.741940 0.805372 0.678323 0.948442 0.942528 0.993644 0.820264 0.962340 0.729323 0.698183 0.702578 0.744706 0.657889 0.477793 0.609576 0.990223 0.865343 0.791881 0.738453 0.867882 0.715545 0.671498 0.737042 0.722487 0.760713 0.892451 0.949614 0.818279 0.931896 0.771372 0.958583 0.466879 0.463792 0.671106 0.884158 0.566401 0.737690 0.994796 0.994928 0.915226 0.861657 0.907758 0.997472 0.689019 0.536194 0.602986 0.909200 0.857612 0.921492
0.488463 0.539947 0.727906 0.830891 0.779487 0.725126 0.387308 0.421093 0.666581 0.463634 0.484785 0.683953 0.738441 0.606921 0.922959 0.904559 0.455212 0.498722 0.000000 0.603861 0.837604 0.979967 0.952406 0.882352 0.836734 0.801134 0.738648 0.839934 0.548630 0.519750 0.788208 0.594724 0.459543 0.402875 0.989016 0.860230 0.936082 0.976086 0.845314 0.942168 0.920341 0.968213 0.451528 0.478381 0.442053 0.464409 0.729256 0.483686 0.603346 0.606329 0.617764 0.615494 0.734563 0.713895 0.938280 0.951947 0.513837 0.642896 0.555342 0.879935 0.543918 0.877630 0.502824 0.666019 0.897999 0.934136 0.508670 0.586683 0.921065 0.834381 0.710687 0.839483 0.821426 0.725386 0.993461 0.685755 0.529957 0.615335 0.673345 0.666853 0.691597 0.757622 0.908002 0.977481 0.969535 0.811162 0.918428 0.727817 0.746356 0.808991 0.506996 0.485291 0.668889 0.684475 0.909734 0.854531 0.703184 0.940931 0.427496 0.393344 0.608027 0.571250 0.611258 0.705185 0.860610 0.767579 0.757024 0.817099 0.869961 0.954675 0.729221 0.602077 0.580226 0.978112 0.847605 0.891871
0.462866 0.459553 0.868051 0.947439 0.746741 0.793849 0.798555 0.727019 0.832576 0.675320 0.527387 0.605952 0.920513 0.765842 0.985925 0.914001 0.486667 0.452453 0.603861 0.000000 0.865871 0.896195 0.768198 0.833851 0.792815 0.750647 0.992736 0.784342 0.546408 0.602565 0.973373 0.848876 0.603886 0.638430 0.967081 0.952905 0.760196 0.869201 0.957598 0.985506 0.745780 0.852172 0.727878 0.654061 0.613183 0.640009 0.818670 0.621089 0.638824 0.623602 0.803828 0.760602 0.908992 0.966148 0.912496 0.942398 0.488514 0.456485 0.625314 0.784081 0.676206 0.774530 0.684752 0.573365 0.751664 0.944913 0.795641 0.739731 0.700628 0.654778 0.889295 0.933797 0.826124 0.731844 0.952472 0.891190 0.736598 0.786206 0.790444 0.724994 0.493100 0.587013 0.948157 0.798471 0.879594 0.855705 0.902618 0.727213 0.809580 0.810117 0.749530 0.726964 0.863605 0.992749 0.799748 0.897783 0.893447 0.896139 0.603289 0.612280 0.771866 0.948313 0.764183 0.711663 0.947515 0.976086 0.903454 0.892747 0.974564 0.994712 0.754150 0.694738 0.786982 0.948699 0.958729 0.978084
0.892322 0.860516 0.996701 0.961875 0.911564 0.992781 0.854786 0.729960 0.889926 0.766279 0.818540 0.808030 0.877974 0.698742 0.796898 0.843678 0.952075 0.913156 0.837604 0.865871 0.000000 0.986940 0.860647 0.868392 0.865856 0.908602 0.884250 0.918946 0.753546 0.799413 0.983731 0.981152 0.988048 0.958484 0.807862 0.848497 0.969995 0.982324 0.985020 0.878224 0.979443 0.984026 0.836658 0.911394 0.885497 0.843968 0.798623 0.929936 0.813024 0.905441 0.958646 0.933438 0.922239 0.956577 0.962782 0.837213 0.919843 0.925281 0.903138 0.941549 0.867092 0.764980 0.958566 0.807743 0.944319 0.992519 0.863625 0.956725 0.940417 0.981380 0.942262 0.950211 0.776343 0.972573 0.815246 0.901624 0.869868 0.889727 0.956241 0.985116 0.935380 0.895784 0.938156 0.998740 0.737709 0.680850 0.972423 0.837907 0.972660 0.943343 0.848376 0.825702 0.917802 0.988678 0.836926 0.977573 0.936829 0.962897 0.801759 0.911108 0.926633 0.856846 0.808430 0.838298 0.969168 0.869005 0.990990 0.956804 0.896695 0.880479 0.986913 0.797868 0.822065 0.890685 0.965797 0.857401
0.937166 0.819136 0.891275 0.957187 0.973377 0.940222 0.980899 0.912224 0.858260 0.899862 0.933761 0.861127 0.996804 0.926708 0.915464 0.950303 0.948408 0.961086 0.979967 0.896195 0.986940 0.000000 0.827227 0.849717 0.857794 0.942988 0.990660 0.799080 0.941673 0.897948 0.852572 0.825690 0.959258 0.988971 0.901179 0.952336 0.941318 0.899044 0.986097 0.969319 0.997670 0.992637 0.947812 0.999747 0.980812 0.994085 0.930374 0.843869 0.966018 0.947958 0.976657 0.947910 0.954644 0.962837 0.962858 0.948436 0.945876 0.897433 0.967710 0.948096 0.924547 0.845252 0.998837 0.857957 0.881574 0.985964 0.922415 0.971884 0.976496 0.960710 0.921457 0.976162 0.887755 0.984725 0.890661 0.955523 0.924561 0.955353 0.880568 0.983284 0.918427 0.956734 0.899378 0.854976 0.887407 0.910295 0.942634 0.923538 0.922011 0.803959 0.944666 0.999410 0.876581 0.920527 0.959258 0.728003 0.879932 0.996669 0.975655 0.977697 0.951734 0.927138 0.897420 0.980536 0.853128 0.958781 0.881537 0.799514 0.892466 0.909282 0.972804 0.907593 0.852040 0.976207 0.798360 0.988968
0.741248 0.689316 0.401990 0.474994 0.987816 0.793500 0.819478 0.893782 0.935863 0.738195 0.658768 0.548769 0.821643 0.903387 0.806773 0.998448 0.752348 0.676756 0.952406 0.768198 0.860647 0.827227 0.000000 0.327913 0.398574 0.563385 0.843807 0.719035 0.802630 0.677263 0.472612 0.697516 0.815356 0.998079 0.569763 0.846652 0.884176 0.887696 0.706824 0.839201 0.848007 0.995090 0.946571 0.890375 0.801461 0.741265 0.872471 0.996833 0.629138 0.790433 0.971310 0.980955 0.851720 0.888437 0.743880 0.853090 0.694558 0.700933 0.982119 0.852387 0.777727 0.698251 0.879407 0.524495 0.425456 0.678451 0.690821 0.912460 0.932080 0.813947 0.908080 0.836367 0.739683 0.808553 0.847418 0.927271 0.889088 0.867012 0.858726 0.996933 0.891855 0.999291 0.897495 0.792100 0.388367 0.434845 0.944684 0.839362 0.920934 0.799678 0.900212 0.972793 0.928306 0.802884 0.815294 0.955221 0.920243 0.749159 0.734236 0.896875 0.683294 0.904989 0.848695 0.778572 0.772120 0.868385 0.904517 0.813192 0.874034 0.999109 0.934818 0.720342 0.814680 0.856636 0.949952 0.993235
0.747091 0.668000 0.525879 0.489217 0.963574 0.785216 0.970153 0.777199 0.986318 0.657126 0.599952 0.583816 0.822088 0.893087 0.753922 0.893474 0.680048 0.651838 0.882352 0.833851 0.868392 0.849717 0.327913 0.000000 0.392017 0.577797 0.758865 0.701312 0.745726 0.607817 0.530670 0.766489 0.953434 0.892534 0.603991 0.918835 0.843941 0.932535 0.661534 0.936116 0.787595 0.953381 0.909902 0.805202 0.662193 0.635289 0.878712 0.916574 0.577926 0.715936 0.832284 0.908410 0.986258 0.991504 0.727887 0.838018 0.660004 0.694288 0.900012 0.803524 0.693534 0.714293 0.807722 0.532946 0.454241 0.741576 0.855351 0.944127 0.965745 0.838115 0.907617 0.824697 0.809330 0.818529 0.919487 0.987274 0.969323 0.976334 0.985858 0.898556 0.885548 0.995884 0.924750 0.900284 0.386905 0.421523 0.967177 0.823069 0.867165 0.774060 0.798207 0.871525 0.968676 0.944258 0.775433 0.963164 0.848121 0.824779 0.647256 0.771702 0.729452 0.926525 0.785692 0.753616 0.837486 0.962883 0.968074 0.809384 0.942445 0.924498 0.930855 0.663687 0.659745 0.766120 0.918578 0.968129
0.730468 0.734423 0.567676 0.541860 0.911662 0.716455 0.845052 0.681371 0.978169 0.493043 0.500828 0.516122 0.683886 0.813615 0.830112 0.992138 0.706009 0.646925 0.836734 0.792815 0.865856 0.857794 0.398574 0.392017 0.000000 0.404834 0.649596 0.636227 0.735784 0.562424 0.527749 0.774125 0.927470 0.839492 0.579377 0.883400 0.812638 0.769854 0.773456 0.817357 0.817401 0.994705 0.937680 0.801097 0.581936 0.569793 0.959402 0.853062 0.506693 0.773041 0.755464 0.870197 0.903982 0.896917 0.759119 0.884667 0.696394 0.760318 0.818503 0.896750 0.642183 0.752996 0.568954 0.481601 0.318671 0.567255 0.952470 0.946137 0.979580 0.868262 0.984273 0.957413 0.846448 0.989325 0.916628 0.994832 0.958491 0.953249 0.944278 0.963765 0.897234 0.897365 0.846610 0.850644 0.454827 0.481952 0.871164 0.891662 0.837242 0.756577 0.680348 0.728464 0.874990 0.941939 0.700145 0.950998 0.779480 0.797608 0.614147 0.724480 0.628367 0.880651 0.763062 0.621989 0.884648 0.968275 0.981465 0.961304 0.960930 0.855993 0.868524 0.663208 0.667381 0.768186 0.966559 0.841058
0.795503 0.761209 0.619264 0.571334 0.786411 0.743793 0.904217 0.826238 0.861212 0.573060 0.569032 0.584498 0.713190 0.780788 0.868432 0.937558 0.744213 0.637393 0.801134 0.750647 0.908602 0.942988 0.563385 0.577797 0.404834 0.000000 0.729748 0.657442 0.699323 0.548558 0.693481 0.874555 0.996372 0.863391 0.784603 0.891021 0.746025 0.790954 0.708560 0.783536 0.833641 0.931245 0.973121 0.870344 0.647720 0.640117 0.853232 0.877712 0.680776 0.841428 0.941229 0.999857 0.973408 0.963036 0.721869 0.955853 0.752218 0.749465 0.943772 0.996538 0.804990 0.943846 0.625354 0.632054 0.413834 0.596067 0.979789 0.911290 0.981069 0.933683 0.954530 0.929282 0.918641 0.865576 0.873639 0.914205 0.827764 0.902742 0.983416 0.973527 0.883372 0.792802 0.875893 0.887576 0.666816 0.699818 0.915256 0.937193 0.802988 0.732543 0.759635 0.773195 0.891998 0.964719 0.808727 0.942390 0.835355 0.862201 0.673469 0.740486 0.764965 0.932984 0.874057 0.734664 0.854133 0.794683 0.969788 0.951781 0.967554 0.934516 0.829152 0.722136 0.768896 0.800756 0.955533 0.892095
0.847089 0.928530 0.976529 0.950983 0.961631 0.723188 0.627607 0.613353 0.875534 0.635222 0.732357 0.705820 0.757584 0.898711 0.825548 0.918349 0.844018 0.922744 0.738648 0.992736 0.884250 0.990660 0.843807 0.758865 0.649596 0.729748 0.000000 0.782476 0.887641 0.733806 0.948908 0.969925 0.842353 0.830515 0.805618 0.806847 0.923786 0.993560 0.970697 0.885207 0.936035 0.989599 0.819314 0.866164 0.779728 0.777289 0.786036 0.937091 0.764286 0.971452 0.812798 0.925574 0.736566 0.837420 0.917867 0.979608 0.933413 0.977157 0.748495 0.925772 0.648480 0.831694 0.632491 0.692499 0.702352 0.796977 0.926213 0.830553 0.955597 0.915456 0.857815 0.871703 0.965968 0.991291 0.917534 0.914447 0.893815 0.919495 0.938859 0.912356 0.996838 0.922520 0.750592 0.867547 0.818664 0.710855 0.973936 0.873074 0.873428 0.974669 0.711543 0.752212 0.790290 0.945513 0.878691 0.990013 0.773186 0.916257 0.715896 0.765754 0.722796 0.746819 0.874563 0.770012 0.910916 0.843623 0.914658 0.872289 0.998538 0.930594 0.962944 0.889794 0.814360 0.927530 0.899064 0.909840
0.768347 0.783585 0.851054 0.767463 0.893973 0.931028 0.853097 0.762730 0.964611 0.750535 0.648364 0.675814 0.794311 0.778974 0.771701 0.987058 0.767087 0.753624 0.839934 0.784342 0.918946 0.799080 0.719035 0.701312 0.636227 0.657442 0.782476 0.000000 0.781596 0.620361 0.788240 0.916514 0.845659 0.814184 0.746172 0.988767 0.990717 0.976674 0.994912 0.919283 0.915209 0.899578 0.953377 0.875488 0.692331 0.748183 0.944983 0.928371 0.720439 0.851174 0.791509 0.878110 0.880510 0.874792 0.814092 0.912027 0.847494 0.813556 0.900145 0.885382 0.750946 0.790411 0.710834 0.715156 0.679217 0.907569 0.984568 0.854943 0.917769 0.918009 0.977375 0.947155 0.959826 0.805717 0.922110 0.935763 0.987826 0.914520 0.988061 0.768688 0.833008 0.759251 0.857380 0.885781 0.820234 0.797198 0.856171 0.956713 0.879205 0.705871 0.858229 0.886236 0.967782 0.895116 0.900968 0.876199 0.968943 0.936505 0.846565 0.823847 0.876791 0.917830 0.958020 0.962580 0.950124 0.909320 0.999489 0.860814 0.911103 0.772740 0.915041 0.829771 0.797315 0.838543 0.987971 0.998462
0.558291 0.559724 0.946058 0.899128 0.835354 0.752485 0.728336 0.665637 0.862232 0.603961 0.458108 0.634768 0.798728 0.593955 0.815227 0.902808 0.392262 0.408981 0.548630 0.546408 0.753546 0.941673 0.802630 0.745726 0.735784 0.699323 0.887641 0.781596 0.000000 0.383691 0.965524 0.888761 0.724251 0.637832 0.813537 0.888448 0.987605 0.997616 0.975904 0.900027 0.924613 0.903757 0.572862 0.562538 0.512380 0.527943 0.753673 0.557899 0.528889 0.613878 0.729336 0.684537 0.916225 0.933715 0.832719 0.915047 0.521671 0.592470 0.773390 0.912138 0.738281 0.846868 0.662262 0.642115 0.728884 0.953036 0.902184 0.807118 0.791072 0.800221 0.961570 0.959390 0.947714 0.817093 0.942214 0.728799 0.774303 0.744705 0.816861 0.694863 0.628120 0.744883 0.873684 0.864314 0.829128 0.788061 0.908172 0.791480 0.776088 0.748688 0.760981 0.817223 0.925224 0.966002 0.837505 0.896877 0.904850 0.907884 0.553769 0.559080 0.708121 0.775255 0.740671 0.825805 0.956106 0.990321 0.860153 0.848438 0.984039 0.935816 0.651743 0.706648 0.627070 0.909216 0.858579 0.971009
0.550285 0.543876 0.797006 0.749700 0.839742 0.669153 0.695274 0.589786 0.904815 0.484140 0.393553 0.525139 0.686956 0.618285 0.966164 0.904324 0.415645 0.388987 0.519750 0.602565 0.799413 0.897948 0.677263 0.607817 0.562424 0.548558 0.733806 0.620361 0.383691 0.000000 0.890651 0.957985 0.731078 0.614358 0.659893 0.821908 0.857715 0.927094 0.994510 0.997464 0.886026 0.895310 0.580941 0.525301 0.443367 0.449164 0.864080 0.547781 0.442763 0.631212 0.746963 0.752389 0.929497 0.890454 0.683272 0.991530 0.511100 0.619690 0.776225 0.932616 0.674255 0.838012 0.575500 0.551718 0.537205 0.800769 0.926534 0.772799 0.914587 0.903957 0.973418 0.938040 0.943960 0.890611 0.983168 0.814093 0.842002 0.816639 0.794153 0.629929 0.634067 0.702603 0.999106 0.899686 0.685047 0.606581 0.881826 0.806110 0.715600 0.582475 0.697641 0.774782 0.959059 0.981263 0.834888 0.984556 0.835675 0.947535 0.528515 0.567512 0.635535 0.721371 0.684606 0.751186 0.850305 0.925867 0.821046 0.983763 0.992776 0.968460 0.760614 0.671129 0.614124 0.885491 0.986921 0.884720
0.943256 0.925911 0.437824 0.498881 0.977251 0.992976 0.704374 0.907408 0.790860 0.961601 0.912773 0.742393 0.916150 0.922796 0.861838 0.974439 0.975198 0.916198 0.788208 0.973373 0.983731 0.852572 0.472612 0.530670 0.527749 0.693481 0.948908 0.788240 0.965524 0.890651 0.000000 0.544158 0.728439 0.794180 0.634085 0.977343 0.800320 0.903196 0.610179 0.797668 0.835569 0.881522 0.776236 0.920498 0.972422 0.927009 0.834650 0.888977 0.814030 0.955641 0.992372 0.911729 0.931634 0.863961 0.799302 0.828264 0.904763 0.865424 0.952491 0.919046 0.922416 0.844043 0.882129 0.700371 0.553607 0.717525 0.740951 0.887892 0.957853 0.926798 0.718075 0.722787 0.790749 0.717524 0.844413 0.683107 0.736237 0.765840 0.883400 0.810092 0.975513 0.954384 0.910606 0.840812 0.619173 0.680414 0.902347 0.999612 0.979681 0.974884 0.957827 0.900266 0.889674 0.785896 0.808953 0.936094 0.959570 0.861375 0.990244 0.942941 0.966690 0.784063 0.955658 0.902257 0.879383 0.816090 0.950372 0.732807 0.958626 0.920253 0.913733 0.915443 0.947624 0.825586 0.997046 0.988760
0.860023 0.876441 0.521672 0.664303 0.882024 0.959451 0.577294 0.771948 0.774165 0.847147 0.873627 0.905303 0.953433 0.880150 0.796715 0.962607 0.841520 0.847082 0.594724 0.848876 0.981152 0.825690 0.697516 0.766489 0.774125 0.874555 0.969925 0.916514 0.888761 0.957985 0.544158 0.000000 0.590299 0.586775 0.790674 0.989304 0.799865 0.954729 0.699976 0.725143 0.867700 0.960208 0.644291 0.739226 0.721677 0.746043 0.653701 0.595430 0.884966 0.711691 0.739010 0.626326 0.778520 0.749125 0.811695 0.986257 0.844057 0.931892 0.735736 0.999635 0.822860 0.938925 0.861217 0.923167 0.707308 0.749472 0.576269 0.674366 0.864002 0.894235 0.835764 0.800553 0.938577 0.807659 0.984053 0.693170 0.628741 0.579647 0.756575 0.718194 0.950062 0.892400 0.910740 0.915038 0.717364 0.833240 0.984683 0.852509 0.884320 0.917713 0.777725 0.762299 0.866222 0.737302 0.953410 0.905083 0.948051 0.936717 0.819258 0.714686 0.995606 0.852209 0.911879 0.931584 0.852901 0.746043 0.910128 0.744665 0.862476 0.928429 0.811404 0.817164 0.814437 0.870777 0.872389 0.941269
0.579006 0.562555 0.683882 0.794462 0.787627 0.898774 0.562346 0.648504 0.806982 0.804400 0.695993 0.850747 0.960446 0.848996 0.933733 0.851708 0.576555 0.619051 0.459543 0.603886 0.988048 0.959258 0.815356 0.953434 0.927470 0.996372 0.842353 0.845659 0.724251 0.731078 0.728439 0.590299 0.000000 0.466187 0.841843 0.877528 0.817559 0.757426 0.825014 0.850828 0.777407 0.939139 0.585757 0.640572 0.573526 0.653604 0.710223 0.637538 0.833420 0.663996 0.744638 0.683371 0.807734 0.815448 0.972634 0.921766 0.591577 0.659338 0.565198 0.760129 0.638967 0.866877 0.667039 0.796429 0.908178 0.698075 0.440137 0.414873 0.852664 0.800475 0.781699 0.844245 0.776937 0.689693 0.934368 0.749973 0.648810 0.637690 0.675005 0.604985 0.661656 0.663053 0.970978 0.946489 0.833290 0.887995 0.934991 0.768875 0.723587 0.942651 0.733650 0.693040 0.793257 0.792591 0.847585 0.786416 0.813508 0.914676 0.669701 0.625487 0.792432 0.722817 0.755466 0.858116 0.787398 0.753862 0.952422 0.927720 0.940481 0.884411 0.773907 0.865758 0.754625 0.950744 0.950887 0.974793
0.589169 0.576081 0.792790 0.917867 0.857859 0.757232 0.460880 0.552997 0.780009 0.551051 0.535203 0.776712 0.830841 0.755118 0.961185 0.943118 0.529752 0.549603 0.402875 0.638430 0.958484 0.988971 0.998079 0.892534 0.839492 0.863391 0.830515 0.814184 0.637832 0.614358 0.794180 0.586775 0.466187 0.000000 0.977272 0.909473 0.872180 0.990372 0.868221 0.969107 0.938112 0.935844 0.599672 0.561863 0.425122 0.496965 0.646175 0.542619 0.622464 0.565233 0.603856 0.546445 0.805310 0.681820 0.983274 0.996920 0.566186 0.693922 0.559997 0.856129 0.580124 0.853510 0.577253 0.723342 0.925574 0.873721 0.470791 0.470715 0.854165 0.763349 0.799367 0.872303 0.773714 0.670633 0.938673 0.607170 0.635548 0.594576 0.762252 0.667099 0.729283 0.737345 0.983891 0.939329 0.940666 0.940798 0.908475 0.839539 0.741710 0.854359 0.600530 0.616629 0.751648 0.722427 0.843502 0.854943 0.771652 0.882359 0.522304 0.531326 0.710411 0.678979 0.753652 0.819695 0.874189 0.768192 0.803802 0.808319 0.940649 0.966482 0.773451 0.621097 0.520356 0.978886 0.948569 0.859359
0.929490 0.941150 0.676397 0.645747 0.922265 0.815383 0.990245 0.894492 0.988208 0.762226 0.764599 0.757863 0.689974 0.807331 0.885881 0.879014 0.860833 0.810181 0.989016 0.967081 0.807862 0.901179 0.569763 0.603991 0.579377 0.784603 0.805618 0.746172 0.813537 0.659893 0.634085 0.790674 0.841843 0.977272 0.000000 0.857030 0.839403 0.945561 0.962674 0.966042 0.838840 0.824211 0.882256 0.806768 0.802848 0.748506 0.939025 0.925403 0.682186 0.854361 0.904414 0.924642 0.917438 0.987403 0.660879 0.896588 0.906299 0.980101 0.926528 0.937466 0.904310 0.888819 0.905828 0.849775 0.634666 0.716109 0.700611 0.829530 0.896215 0.984698 0.835160 0.918805 0.747147 0.826494 0.945123 0.959256 0.872315 0.977633 0.969400 0.932302 0.920661 0.889605 0.916648 0.985900 0.610636 0.551058 0.949995 0.925629 0.976327 0.700222 0.971710 0.958960 0.925135 0.849164 0.906723 0.977725 0.969186 0.861114 0.800964 0.933682 0.726828 0.973332 0.898393 0.805328 0.849753 0.929810 0.929396 0.902454 0.921806 0.968758 0.984474 0.750943 0.731437 0.753682 0.890910 0.908358
0.874798 0.944847 0.961712 0.987031 0.736830 0.834080 0.862030 0.842129 0.771747 0.836147 0.863032 0.878708 0.891714 0.886876 0.891027 0.740291 0.889794 0.848758 0.860230 0.952905 0.848497 0.952336 0.846652 0.918835 0.883400 0.891021 0.806847 0.988767 0.888448 0.821908 0.977343 0.989304 0.877528 0.909473 0.857030 0.000000 0.971510 0.846994 0.936832 0.915123 0.839494 0.951631 0.818414 0.855922 0.973978 0.878734 0.947246 0.887375 0.830179 0.967664 0.969758 0.980763 0.963794 0.984862 0.832891 0.985117 0.899145 0.965073 0.990143 0.848416 0.982987 0.929563 0.945464 0.912251 0.896531 0.800422 0.803117 0.756208 0.981361 0.970186 0.849066 0.907910 0.912828 0.920565 0.869304 0.958672 0.998330 0.958494 0.852699 0.987308 0.990178 0.979216 0.809828 0.921435 0.841347 0.715658 0.985830 0.901575 0.967558 0.984725 0.841763 0.778842 0.876591 0.929764 0.995740 0.904382 0.885874 0.983420 0.757431 0.769832 0.784018 0.913162 0.816977 0.879479 0.859653 0.950020 0.880701 0.958313 0.874405 0.920537 0.993545 0.876315 0.954269 0.970182 0.942167 0.909130
0.895793 0.913555 0.793704 0.676124 0.954311 0.972413 0.877851 0.857983 0.615188 0.972497 0.952049 0.890694 0.787014 0.993103 0.922061 0.760020 0.885985 0.973208 0.936082 0.760196 0.969995 0.941318 0.884176 0.843941 0.812638 0.746025 0.923786 0.990717 0.987605 0.857715 0.800320 0.799865 0.817559 0.872180 0.839403 0.971510 0.000000 0.755131 0.870898 0.795037 0.690553 0.791193 0.956585 0.924419 0.956465 0.839046 0.895595 0.993830 0.978331 0.937922 0.737515 0.795252 0.757677 0.750222 0.824973 0.947589 0.903325 0.873248 0.681736 0.702651 0.855922 0.742450 0.895154 0.901615 0.790550 0.653239 0.918717 0.873953 0.769725 0.727810 0.937041 0.775714 0.743597 0.789695 0.937972 0.886650 0.872208 0.986457 0.855032 0.936430 0.799755 0.892520 0.935797 0.807507 0.959582 0.909147 0.742447 0.851491 0.870617 0.777587 0.920685 0.969241 0.875851 0.951012 0.792959 0.924703 0.922212 0.941239 0.933358 0.978642 0.989092 0.958471 0.979429 0.992749 0.943073 0.834395 0.982659 0.847155 0.842257 0.945667 0.961412 0.961239 0.965380 0.904450 0.964310 0.937034
0.863260 0.836552 0.900531 0.747630 0.953067 0.957137 0.962828 0.960370 0.825761 0.901190 0.841709 0.976563 0.810234 0.925540 0.797459 0.996205 0.929597 0.970666 0.976086 0.869201 0.982324 0.899044 0.887696 0.932535 0.769854 0.790954 0.993560 0.976674 0.997616 0.927094 0.903196 0.954729 0.757426 0.990372 0.945561 0.846994 0.755131 0.000000 0.978723 0.895300 0.714708 0.931628 0.927505 0.990592 0.966009 0.949038 0.897912 0.965999 0.937167 0.907980 0.916869 0.935908 0.921314 0.959043 0.901991 0.801695 0.924077 0.886001 0.809383 0.680411 0.899087 0.768273 0.931099 0.912292 0.821860 0.617416 0.871368 0.772916 0.770251 0.913811 0.951225 0.891718 0.833134 0.917765 0.848614 0.972789 0.939889 0.944280 0.887358 0.935810 0.837829 0.854683 0.977678 0.888137 0.947930 0.865131 0.942379 0.895271 0.991701 0.873159 0.932059 0.865641 0.971620 0.940527 0.990129 0.914108 0.983267 0.969367 0.997330 0.962483 0.918057 0.946781 0.843235 0.977814 0.778968 0.817478 0.960106 0.927947 0.904653 0.985198 0.884875 0.991702 0.933073 0.898067 0.880136 0.888718
