0.000000 0.295889 0.662687 0.991051 0.770942 0.808424 0.770195 0.789534 0.817786 0.861659 0.441989 0.375705 0.819358 0.684555 0.814377 0.935859 0.402572 0.384001 0.444948 0.326768 0.861263 0.932014 0.576215 0.848906 0.849597 0.841369 0.941680 0.968934 0.468171 0.633267 0.780152 0.733429 0.888827 0.632357 0.815664 0.773340 0.843318 0.906710 0.977677 0.919806 0.848767 0.905451 0.944902 0.660092 0.879963 0.678997 0.709625 0.665984 0.288223 0.345227 0.364012 0.366263 0.522590 0.734588 0.595414 0.441191 0.364227 0.350438 0.271242 0.261489 0.809262 0.465673 0.578361 0.463646 0.736655 0.953328 0.773004 0.850070 0.426399 0.436674 0.941864 0.958139 0.550081 0.545701 0.888698 0.786564 0.622028 0.854841 0.886605 0.745345 0.442600 0.475155 0.865856 0.832686 0.914823 0.999236 0.669328 0.780586 0.995020 0.696343 0.700235 0.455848 0.581014 0.529250 0.960323 0.807092 0.811238 0.932109 0.893717 0.892190 0.714894 0.910166 0.713089 0.668967 0.921879 0.953597 0.897807 0.885868 0.959209 0.966550 0.908492 0.985396 0.719361 0.974558 0.965881 0.874228
0.295889 0.000000 0.587988 0.923531 0.723707 0.717047 0.691072 0.684611 0.699973 0.756669 0.563721 0.317526 0.857517 0.604607 0.893506 0.764886 0.380432 0.309817 0.423588 0.295793 0.737868 0.951925 0.664808 0.924400 0.810168 0.802025 0.932174 0.924160 0.454615 0.520046 0.907423 0.873616 0.786672 0.569247 0.806457 0.736218 0.876713 0.905169 0.959962 0.938053 0.916197 0.992376 0.893714 0.588649 0.909599 0.618027 0.642183 0.553200 0.330774 0.311492 0.353997 0.343646 0.540851 0.719185 0.559472 0.492144 0.265079 0.246585 0.352198 0.290282 0.852295 0.419906 0.491985 0.323156 0.694242 0.959864 0.708914 0.871187 0.493575 0.372597 0.856469 0.715119 0.597074 0.597119 0.776965 0.818422 0.521033 0.723730 0.766132 0.592909 0.306532 0.385946 0.820337 0.739393 0.969923 0.984580 0.683495 0.856029 0.844635 0.765049 0.698447 0.440358 0.528666 0.512369 0.904127 0.763480 0.762849 0.964269 0.855218 0.903896 0.676243 0.941232 0.645057 0.712300 0.868978 0.847199 0.899876 0.961449 0.961445 0.883601 0.835832 0.922053 0.713413 0.916470 0.996248 0.852357
0.662687 0.587988 0.000000 0.659149 0.656017 0.846663 0.464222 0.888159 0.670819 0.834616 0.771818 0.610999 0.810890 0.858215 0.649412 0.879866 0.791858 0.802087 0.858975 0.606848 0.769953 0.967077 0.553018 0.786524 0.581189 0.417395 0.891659 0.926444 0.679300 0.726522 0.600562 0.623917 0.739446 0.978418 0.630029 0.671325 0.810186 0.912941 0.962962 0.846583 0.994551 0.948848 0.699201 0.995786 0.724671 0.987064 0.996408 0.972251 0.595910 0.529657 0.679925 0.655380 0.745591 0.940089 0.752385 0.722772 0.578826 0.568169 0.665293 0.564613 0.777765 0.685752 0.840432 0.651664 0.361880 0.568943 0.499701 0.534947 0.720198 0.522491 0.996374 0.912463 0.892359 0.916438 0.990441 0.962164 0.721240 0.923988 0.916673 0.973660 0.821184 0.902300 0.891012 0.916284 0.598287 0.610512 0.819492 0.793618 0.745942 0.897767 0.600294 0.654178 0.586102 0.661851 0.899759 0.974253 0.915287 0.712547 0.987326 0.807696 0.981527 0.665948 0.869446 0.991965 0.877756 0.851700 0.870825 0.955935 0.996476 0.793350 0.840017 0.968871 0.909353 0.927439 0.733887 0.910762
0.991051 0.923531 0.659149 0.000000 0.825986 0.902886 0.661007 0.709707 0.950258 0.919721 0.939065 0.844723 0.636010 0.642914 0.614404 0.738879 0.876556 0.860284 0.899812 0.917691 0.950340 0.913622 0.621549 0.610837 0.926969 0.798812 0.901242 0.956941 0.954707 0.964088 0.880755 0.835025 0.684418 0.752407 0.876476 0.920919 0.925830 0.861583 0.998949 0.982483 0.825060 0.908722 0.904292 0.847637 0.773070 0.813131 0.931105 0.677986 0.969105 0.953449 0.866316 0.915772 0.851447 0.874953 0.964147 0.987227 0.967137 0.939251 0.928700 0.974326 0.568965 0.786099 0.890678 0.800376 0.542910 0.445852 0.796238 0.663350 0.976656 0.992947 0.938424 0.797561 0.849799 0.787322 0.819158 0.890571 0.873153 0.954980 0.713080 0.829600 0.811047 0.764325 0.620939 0.709586 0.531730 0.505747 0.764355 0.702550 0.738307 0.737219 0.794642 0.958395 0.961532 0.998350 0.959321 0.891102 0.830793 0.823474 0.840390 0.706361 0.965822 0.668539 0.937193 0.997492 0.804760 0.869697 0.813891 0.946101 0.963077 0.996244 0.723153 0.950905 0.942918 0.903104 0.850841 0.828966
0.770942 0.723707 0.656017 0.825986 0.000000 0.997047 0.585418 0.938185 0.679699 0.913225 0.915953 0.821934 0.823892 0.954583 0.771311 0.977832 0.748139 0.862334 0.868620 0.786482 0.802618 0.906113 0.680972 0.880163 0.977971 0.885798 0.981181 0.931568 0.897494 0.908447 0.999496 0.901363 0.887055 0.854093 0.805938 0.775768 0.883809 0.973268 0.943813 0.959661 0.932984 0.936523 0.904770 0.971688 0.794345 0.966107 0.975808 0.899624 0.714178 0.665792 0.735064 0.706845 0.716830 0.835559 0.646618 0.729689 0.768705 0.719667 0.797947 0.801211 0.755092 0.934825 0.957099 0.822951 0.650817 0.625166 0.667517 0.681516 0.821729 0.694114 0.860141 0.824485 0.988447 0.916154 0.997958 0.931522 0.815625 0.984580 0.913779 0.962019 0.847843 0.826009 0.913483 0.931823 0.691886 0.662133 0.736328 0.757022 0.808306 0.969570 0.674447 0.671863 0.763042 0.667590 0.897680 0.930310 0.939109 0.809580 0.950232 0.854706 0.964830 0.779486 0.828942 0.956623 0.783427 0.877962 0.955825 0.967844 0.885658 0.880769 0.864164 0.978236 0.923378 0.942887 0.999480 0.884839
0.808424 0.717047 0.846663 0.902886 0.997047 0.000000 0.950893 0.540134 0.945870 0.642674 0.847712 0.664818 0.773905 0.619062 0.801408 0.597046 0.878576 0.751579 0.782767 0.762405 0.781341 0.982322 0.937630 0.963549 0.707494 0.899950 0.927146 0.937260 0.635619 0.676565 0.881497 0.879864 0.761353 0.690801 0.946676 0.968170 0.891116 0.934638 0.942092 0.903044 0.875447 0.761649 0.853290 0.681948 0.893663 0.719383 0.876444 0.749571 0.722613 0.751860 0.750139 0.682732 0.919208 0.719604 0.943098 0.938952 0.826333 0.812899 0.881543 0.727677 0.794925 0.617681 0.715290 0.655106 0.956361 0.813527 0.984109 0.872261 0.899543 0.917699 0.886701 0.817819 0.919560 0.965778 0.775256 0.827784 0.757394 0.722643 0.947735 0.948623 0.817678 0.853768 0.873787 0.899128 0.951580 0.920005 0.970918 0.909162 0.839636 0.912146 0.854532 0.936575 0.978019 0.944327 0.800262 0.893799 0.796385 0.949110 0.772256 0.788466 0.657217 0.906443 0.857863 0.905211 0.861101 0.906383 0.958382 0.827318 0.863866 0.835225 0.839971 0.897068 0.997046 0.949068 0.977789 0.923562
0.770195 0.691072 0.464222 0.661007 0.585418 0.950893 0.000000 0.591017 0.395530 0.748375 0.881929 0.943809 0.570060 0.953249 0.592747 0.961552 0.976698 0.971338 0.920716 0.766521 0.934122 0.845736 0.675882 0.992894 0.913596 0.785154 0.876258 0.849581 0.996613 0.958485 0.755504 0.685709 0.667984 0.733572 0.735731 0.755999 0.929560 0.876254 0.893383 0.940018 0.723302 0.876106 0.598944 0.738020 0.413494 0.701809 0.986189 0.874193 0.763219 0.624516 0.795839 0.754532 0.773496 0.987473 0.580690 0.722031 0.706518 0.616649 0.806236 0.720228 0.434347 0.897944 0.803467 0.962347 0.528308 0.404657 0.395623 0.374554 0.606456 0.493536 0.897544 0.927720 0.881624 0.856465 0.901586 0.968907 0.911271 0.940319 0.874818 0.875804 0.906446 0.883385 0.893324 0.971377 0.652981 0.710554 0.751400 0.866323 0.832243 0.909256 0.380736 0.507965 0.503370 0.497450 0.981470 0.966272 0.989738 0.736009 0.652775 0.522235 0.772338 0.510083 0.955556 0.893796 0.785678 0.861413 0.851934 0.747262 0.878452 0.836847 0.718284 0.705163 0.829272 0.947022 0.723287 0.967982
0.789534 0.684611 0.888159 0.709707 0.938185 0.540134 0.591017 0.000000 0.711198 0.379640 0.590046 0.469159 0.534151 0.554885 0.729535 0.625029 0.611902 0.560514 0.771526 0.689702 0.584334 0.869905 0.992758 0.854640 0.472251 0.737273 0.784528 0.840347 0.494122 0.423739 0.898687 0.857728 0.623844 0.474209 0.963957 0.892953 0.752114 0.902048 0.811836 0.823057 0.708247 0.787614 0.686195 0.516605 0.529498 0.408887 0.834512 0.585299 0.700865 0.785215 0.673091 0.667092 0.820923 0.693004 0.944329 0.929333 0.746068 0.788746 0.767690 0.728767 0.414163 0.352748 0.380746 0.407952 0.982692 0.604608 0.828835 0.627082 0.817284 0.998820 0.994616 0.774850 0.999453 0.973515 0.730337 0.882253 0.673804 0.813978 0.755664 0.930975 0.642007 0.807109 0.861257 0.971554 0.895141 0.949103 0.942688 0.938431 0.887725 0.904212 0.638268 0.937739 0.886567 0.891634 0.815939 0.789469 0.762798 0.875145 0.461193 0.528426 0.501557 0.642296 0.716879 0.773254 0.734414 0.794484 0.977986 0.708395 0.889657 0.963780 0.597280 0.608235 0.603878 0.988331 0.794818 0.781179
0.817786 0.699973 0.670819 0.950258 0.679699 0.945870 0.395530 0.711198 0.000000 0.815529 0.863311 0.897364 0.727333 0.932098 0.717247 0.986532 0.924155 0.904093 0.926581 0.788507 0.928758 0.874769 0.819215 0.821835 0.872992 0.836943 0.919514 0.825576 0.988943 0.992168 0.779067 0.789271 0.854874 0.881121 0.812091 0.935724 0.985726 0.908942 0.874138 0.949920 0.734087 0.792244 0.744420 0.851964 0.587836 0.793610 0.873581 0.975385 0.808263 0.738268 0.851466 0.854197 0.848422 0.940924 0.589243 0.849286 0.783133 0.683445 0.793466 0.832318 0.654914 0.966925 0.905505 0.883668 0.692674 0.616076 0.553392 0.548664 0.727010 0.576085 0.940730 0.844013 0.861612 0.867955 0.976924 0.998247 0.962132 0.964601 0.941356 0.703239 0.812370 0.805289 0.989987 0.847726 0.816069 0.846449 0.810797 0.976123 0.912251 0.921664 0.546800 0.526306 0.618578 0.556947 0.967195 0.878598 0.950710 0.922131 0.757253 0.667923 0.776173 0.793721 0.793253 0.901353 0.798728 0.804096 0.898169 0.858470 0.971102 0.771486 0.912153 0.824919 0.931009 0.883783 0.802458 0.992629
0.861659 0.756669 0.834616 0.919721 0.913225 0.642674 0.748375 0.379640 0.815529 0.000000 0.584983 0.611414 0.835278 0.860877 0.984981 0.906511 0.641844 0.631418 0.979919 0.773009 0.554904 0.988731 0.738180 0.626129 0.557935 0.740001 0.656406 0.900176 0.501031 0.467041 0.881966 0.851089 0.703884 0.642849 0.942833 0.835126 0.855399 0.990104 0.912699 0.899147 0.851560 0.969069 0.706481 0.535212 0.571616 0.424338 0.888696 0.684340 0.680419 0.775955 0.692589 0.704370 0.809680 0.686162 0.956931 0.816123 0.762346 0.814812 0.794191 0.760462 0.663010 0.525056 0.506874 0.516613 0.820166 0.892188 0.875348 0.767550 0.860586 0.958748 0.923449 0.651944 0.949362 0.958063 0.804440 0.944710 0.706518 0.833226 0.874224 0.975658 0.771962 0.974403 0.984051 0.933970 0.760463 0.738290 0.921363 0.800497 0.792301 0.869149 0.737336 0.889191 0.871347 0.837071 0.792615 0.878210 0.776237 0.812806 0.466740 0.540613 0.575305 0.679634 0.727848 0.719183 0.866020 0.923857 0.968961 0.614245 0.808553 0.983779 0.775146 0.605764 0.678895 0.962655 0.918671 0.775722
0.441989 0.563721 0.771818 0.939065 0.915953 0.847712 0.881929 0.590046 0.863311 0.584983 0.000000 0.466045 0.730000 0.796144 0.865749 0.953062 0.382669 0.473064 0.612715 0.483940 0.744473 0.993242 0.484682 0.583053 0.606204 0.751648 0.776573 0.871871 0.360485 0.472841 0.849348 0.899541 0.825007 0.624244 0.811328 0.700501 0.750705 0.941347 0.900188 0.988256 0.970194 0.940366 0.842292 0.624472 0.875813 0.546303 0.799298 0.775677 0.444428 0.517359 0.517106 0.544914 0.671628 0.676885 0.823348 0.665214 0.541173 0.611277 0.447023 0.471913 0.678014 0.515350 0.441069 0.528445 0.647483 0.950144 0.887299 0.994211 0.755295 0.751962 0.762179 0.965121 0.639731 0.617088 0.791087 0.913589 0.745136 0.922059 0.880186 0.821457 0.610700 0.730752 0.871194 0.992783 0.898590 0.800945 0.682992 0.693103 0.947349 0.988458 0.911932 0.778128 0.824690 0.833007 0.969365 0.825242 0.874218 0.961647 0.721297 0.752316 0.618552 0.830127 0.795253 0.598791 0.980499 0.980214 0.845886 0.844977 0.889895 0.982873 0.877959 0.857252 0.707204 0.980859 0.962324 0.853683
0.375705 0.317526 0.610999 0.844723 0.821934 0.664818 0.943809 0.469159 0.897364 0.611414 0.466045 0.000000 0.564520 0.409447 0.936881 0.619853 0.367507 0.367370 0.467971 0.322727 0.713855 0.984096 0.739975 0.923347 0.576175 0.643732 0.853789 0.883647 0.374064 0.416637 0.787607 0.851052 0.793652 0.514670 0.774736 0.726210 0.743379 0.959861 0.843980 0.918446 0.946274 0.853107 0.934878 0.593090 0.973424 0.549292 0.738493 0.628652 0.421155 0.408225 0.360603 0.400558 0.565269 0.694664 0.738650 0.617913 0.395337 0.411695 0.401582 0.355086 0.595634 0.279545 0.370742 0.269653 0.721848 0.874527 0.787828 0.974610 0.667405 0.555772 0.962055 0.791768 0.729575 0.770821 0.761965 0.783080 0.550953 0.774967 0.818002 0.699737 0.396861 0.458356 0.780269 0.875499 0.919460 0.973268 0.853345 0.931245 0.859192 0.911136 0.864590 0.528217 0.598845 0.628365 0.990178 0.719114 0.849542 0.960002 0.730801 0.815201 0.646845 0.936747 0.678885 0.795855 0.906668 0.933591 0.919276 0.873555 0.870703 0.908722 0.802234 0.826534 0.633188 0.958107 0.926549 0.786666
0.819358 0.857517 0.810890 0.636010 0.823892 0.773905 0.570060 0.534151 0.727333 0.835278 0.730000 0.564520 0.000000 0.384718 0.508303 0.581595 0.710807 0.789460 0.652189 0.766032 0.888518 0.934978 0.738812 0.795497 0.766070 0.936998 0.923361 0.968701 0.717502 0.709344 0.978674 0.962363 0.740068 0.659083 0.941418 0.981745 0.752921 0.729878 0.754852 0.922303 0.746488 0.666700 0.948528 0.832482 0.858695 0.791555 0.945853 0.867119 0.945086 0.891694 0.712000 0.774676 0.791524 0.708725 0.825613 0.947769 0.953552 0.978301 0.860251 0.825413 0.395274 0.596248 0.586486 0.684635 0.757394 0.505672 0.887199 0.730384 0.868565 0.920766 0.791701 0.987979 0.944989 0.960223 0.807215 0.822660 0.863171 0.930496 0.917472 0.945455 0.773170 0.744926 0.727764 0.979051 0.584615 0.688997 0.831564 0.894529 0.866020 0.990864 0.735418 0.843923 0.964701 0.910539 0.833577 0.935564 0.953834 0.978609 0.804670 0.799137 0.738642 0.778551 0.883846 0.917681 0.879860 0.915923 0.988871 0.936080 0.924651 0.804802 0.791462 0.824368 0.800710 0.916053 0.846705 0.783744
0.684555 0.604607 0.858215 0.642914 0.954583 0.619062 0.953249 0.554885 0.932098 0.860877 0.796144 0.409447 0.384718 0.000000 0.592291 0.391520 0.632813 0.639089 0.542432 0.556964 0.805141 0.998356 0.832042 0.731969 0.711797 0.769936 0.892161 0.946216 0.641640 0.620086 0.893181 0.969346 0.772231 0.662083 0.843153 0.865611 0.660517 0.837511 0.729634 0.942895 0.813774 0.671009 0.894677 0.861942 0.906930 0.825667 0.902500 0.763847 0.774164 0.647092 0.526949 0.572096 0.656242 0.650376 0.917640 0.956379 0.733075 0.704725 0.728597 0.633074 0.589550 0.517325 0.572087 0.500309 0.986243 0.693819 0.799439 0.986080 0.976085 0.798286 0.841584 0.894312 0.958430 0.972005 0.778711 0.771325 0.777969 0.812711 0.811095 0.740647 0.592162 0.591479 0.685817 0.958285 0.689593 0.717948 0.919259 0.910389 0.990045 0.994771 0.979821 0.589734 0.644374 0.645873 0.910858 0.893503 0.997676 0.831798 0.899695 0.896025 0.843168 0.932601 0.829658 0.917473 0.876603 0.931692 0.980828 0.969456 0.966953 0.966084 0.838777 0.914654 0.869634 0.956778 0.906072 0.826263
0.814377 0.893506 0.649412 0.614404 0.771311 0.801408 0.592747 0.729535 0.717247 0.984981 0.865749 0.936881 0.508303 0.592291 0.000000 0.541003 0.972453 0.973827 0.938211 0.933379 0.981552 0.851358 0.439939 0.643801 0.973808 0.827186 0.798245 0.974665 0.951579 0.989318 0.742446 0.656605 0.657388 0.850483 0.775820 0.885278 0.981424 0.803700 0.776636 0.876336 0.739063 0.592942 0.881101 0.929642 0.828094 0.942015 0.982760 0.875720 0.758861 0.822868 0.989567 0.964969 0.924267 0.877621 0.727749 0.757751 0.822869 0.858531 0.791152 0.863893 0.625406 0.883805 0.903853 0.963261 0.525420 0.443442 0.701611 0.610722 0.688045 0.700048 0.922835 0.903071 0.791455 0.719168 0.844654 0.915697 0.976824 0.969369 0.806077 0.985093 0.997322 0.925275 0.702902 0.834328 0.538776 0.533989 0.772644 0.774062 0.845729 0.996117 0.617185 0.875648 0.866458 0.851605 0.990109 0.993306 0.953609 0.950424 0.886105 0.709162 0.934208 0.820239 0.844280 0.828314 0.808969 0.868876 0.940686 0.994066 0.953848 0.829459 0.892052 0.821039 0.919565 0.935769 0.729404 0.913836
0.935859 0.764886 0.879866 0.738879 0.977832 0.597046 0.961552 0.625029 0.986532 0.906511 0.953062 0.619853 0.581595 0.391520 0.541003 0.000000 0.890250 0.795810 0.731110 0.739359 0.916520 0.928202 0.671304 0.689928 0.859504 0.919636 0.919623 0.983702 0.842271 0.797670 0.952071 0.931062 0.803070 0.799991 0.979757 0.948910 0.947506 0.905289 0.839720 0.990024 0.806104 0.633363 0.952943 0.889027 0.964446 0.919348 0.985799 0.821662 0.988099 0.871378 0.802747 0.797440 0.932512 0.880375 0.974543 0.860633 0.820121 0.876778 0.975010 0.882367 0.760070 0.649048 0.752350 0.636564 0.880133 0.654730 0.952063 0.904850 0.934761 0.877186 0.917884 0.813979 0.894688 0.854897 0.848114 0.764769 0.807836 0.733177 0.783277 0.807405 0.707980 0.666302 0.669044 0.999899 0.675085 0.639367 0.873525 0.789962 0.964557 0.955290 0.937207 0.826423 0.815287 0.851762 0.954914 0.844624 0.997039 0.894306 0.930890 0.912201 0.838919 0.945635 0.918060 0.882246 0.866624 0.836650 0.918949 0.975472 0.999574 0.985475 0.840307 0.965412 0.900641 0.951256 0.833076 0.854271
0.402572 0.380432 0.791858 0.876556 0.748139 0.878576 0.976698 0.611902 0.924155 0.641844 0.382669 0.367507 0.710807 0.632813 0.972453 0.890250 0.000000 0.316396 0.479392 0.359088 0.672251 0.958654 0.622181 0.754651 0.736030 0.829484 0.814302 0.955321 0.381686 0.430169 0.949586 0.994600 0.662559 0.543410 0.826107 0.749585 0.817208 0.991709 0.910898 0.962134 0.982832 0.907584 0.808377 0.553561 0.937302 0.530839 0.618355 0.583505 0.406400 0.414715 0.379006 0.419462 0.555902 0.640523 0.695188 0.563899 0.397366 0.414116 0.368844 0.420439 0.689106 0.467269 0.362878 0.359413 0.751219 0.965439 0.833582 0.984561 0.647433 0.556191 0.959294 0.840451 0.641788 0.621672 0.713834 0.899726 0.670760 0.863475 0.773921 0.640639 0.356621 0.450862 0.846552 0.796264 0.940541 0.960104 0.707916 0.842659 0.854622 0.774539 0.822719 0.579073 0.648574 0.632094 0.944719 0.783262 0.909504 0.966769 0.695639 0.789027 0.649825 0.822845 0.629974 0.650100 0.887137 0.881804 0.999755 0.868564 0.895003 0.898291 0.826424 0.805087 0.674101 0.969176 0.888778 0.768151
0.384001 0.309817 0.802087 0.860284 0.862334 0.751579 0.971338 0.560514 0.904093 0.631418 0.473064 0.367370 0.789460 0.639089 0.973827 0.795810 0.316396 0.000000 0.452012 0.353836 0.670383 0.912668 0.730795 0.832484 0.764011 0.881228 0.793424 0.803483 0.383863 0.440019 0.959539 0.909757 0.589049 0.468983 0.921432 0.810470 0.925021 0.875266 0.941994 0.994196 0.924404 0.901979 0.684347 0.474780 0.822050 0.435121 0.580587 0.415829 0.373447 0.440268 0.429952 0.432176 0.628726 0.722797 0.649455 0.552707 0.345721 0.358047 0.388904 0.397811 0.680540 0.414196 0.371761 0.304149 0.828350 0.906238 0.913647 0.881126 0.637551 0.538343 0.903344 0.757404 0.561093 0.574398 0.734072 0.783355 0.606781 0.721576 0.640599 0.553403 0.272533 0.421123 0.763000 0.732854 0.886356 0.949420 0.738819 0.896585 0.842754 0.765436 0.882113 0.609691 0.694175 0.642855 0.941646 0.690736 0.792540 0.881250 0.660763 0.721208 0.614712 0.785093 0.615198 0.552939 0.766748 0.756163 0.877729 0.894806 0.918254 0.893467 0.675521 0.821544 0.619347 0.912233 0.806257 0.864417
0.444948 0.423588 0.858975 0.899812 0.868620 0.782767 0.920716 0.771526 0.926581 0.979919 0.612715 0.467971 0.652189 0.542432 0.938211 0.731110 0.479392 0.452012 0.000000 0.425227 0.945583 0.967439 0.900519 0.908828 0.896098 0.964443 0.972517 0.914906 0.558370 0.615614 0.984910 0.960960 0.738918 0.641027 0.827294 0.844551 0.774786 0.933675 0.808669 0.860488 0.986128 0.942755 0.941199 0.734638 0.885502 0.814114 0.688575 0.695857 0.565164 0.455859 0.498180 0.462154 0.650374 0.669347 0.731696 0.773863 0.518081 0.525691 0.538565 0.475509 0.810271 0.624617 0.565880 0.563470 0.878591 0.913968 0.751489 0.897990 0.627416 0.610466 0.974489 0.972218 0.667126 0.623736 0.819423 0.813450 0.706953 0.877298 0.845152 0.572634 0.472605 0.481314 0.789968 0.798965 0.786540 0.820404 0.766242 0.975657 0.953382 0.899168 0.817553 0.528524 0.595076 0.569847 0.836130 0.820259 0.963852 0.813115 0.951982 0.991265 0.743358 0.977523 0.749425 0.850029 0.895359 0.867142 0.921507 0.909717 0.891121 0.853742 0.890086 0.915675 0.856557 0.914854 0.990297 0.892416
0.326768 0.295793 0.606848 0.917691 0.786482 0.762405 0.766521 0.689702 0.788507 0.773009 0.483940 0.322727 0.766032 0.556964 0.933379 0.739359 0.359088 0.353836 0.425227 0.000000 0.779791 0.949233 0.700165 0.921282 0.771380 0.724992 0.912359 0.902878 0.450422 0.538516 0.786867 0.893922 0.843297 0.641505 0.829706 0.657391 0.816281 0.986761 0.908408 0.985291 0.985100 0.961839 0.988202 0.706070 0.823897 0.720935 0.761152 0.663076 0.357838 0.332739 0.371896 0.377112 0.561978 0.681760 0.658346 0.556006 0.353986 0.338632 0.397080 0.328468 0.847390 0.481077 0.537031 0.421116 0.672161 0.953490 0.657006 0.842744 0.536993 0.405436 0.974903 0.850334 0.621547 0.660578 0.794823 0.809971 0.590770 0.752616 0.838248 0.633306 0.408793 0.457170 0.849722 0.850791 0.950763 0.982119 0.637564 0.867828 0.861897 0.849730 0.677213 0.473767 0.515124 0.518938 0.960610 0.798647 0.915703 0.852689 0.880279 0.955758 0.705152 0.951225 0.671371 0.793043 0.871644 0.985750 0.893010 0.981499 0.964433 0.941159 0.844563 0.970529 0.769585 0.960197 0.918075 0.771174
0.861263 0.737868 0.769953 0.950340 0.802618 0.781341 0.934122 0.584334 0.928758 0.554904 0.744473 0.713855 0.888518 0.805141 0.981552 0.916520 0.672251 0.670383 0.945583 0.779791 0.000000 0.930061 0.872747 0.763894 0.722314 0.787422 0.908048 0.878263 0.686766 0.651956 0.918678 0.893901 0.723108 0.709846 0.906908 0.931005 0.771688 0.908915 0.804453 0.914297 0.798109 0.931156 0.808453 0.717988 0.737881 0.613941 0.905921 0.686963 0.761209 0.770156 0.750049 0.743348 0.753664 0.758233 0.978538 0.953835 0.749059 0.744254 0.751674 0.784079 0.789456 0.644507 0.628767 0.579984 0.848001 0.976561 0.967129 0.843033 0.862473 0.859820 0.896732 0.688672 0.982773 0.891596 0.805163 0.884640 0.788103 0.898078 0.821781 0.978011 0.762159 0.957482 0.994546 0.983671 0.870596 0.814444 0.883002 0.741475 0.763709 0.976365 0.819978 0.950786 0.995338 0.920765 0.760781 0.881403 0.765614 0.986970 0.591984 0.763902 0.814062 0.806016 0.724886 0.874160 0.841947 0.971053 0.980893 0.834979 0.923975 0.808273 0.753445 0.616604 0.795297 0.913845 0.896302 0.893190
0.932014 0.951925 0.967077 0.913622 0.906113 0.982322 0.845736 0.869905 0.874769 0.988731 0.993242 0.984096 0.934978 0.998356 0.851358 0.928202 0.958654 0.912668 0.967439 0.949233 0.930061 0.000000 0.839110 0.986576 0.907447 0.915695 0.921805 0.969956 0.951455 0.975647 0.979069 0.951356 0.917832 0.918242 0.901407 0.968869 0.948026 0.722908 0.998390 0.719042 0.821182 0.943862 0.960485 0.933561 0.833139 0.938641 0.987665 0.901038 0.970141 0.920310 0.915858 0.954906 0.943147 0.961853 0.905144 0.936861 0.974367 0.927278 0.979836 0.939179 0.823372 0.873548 0.974370 0.991708 0.857499 0.754807 0.850807 0.840856 0.959192 0.976115 0.978795 0.988294 0.945387 0.873000 0.980278 0.885864 0.999081 0.931744 0.897076 0.875433 0.964593 0.900220 0.994697 0.936236 0.886897 0.847346 0.809045 0.961623 0.980256 0.997730 0.873041 0.858565 0.919248 0.934290 0.970834 0.911740 0.927563 0.985470 0.975827 0.889480 0.975416 0.872641 0.985450 0.934823 0.841763 0.852203 0.983644 0.969786 0.972125 0.888674 0.931429 0.870107 0.992342 0.992550 0.979615 0.963271
0.576215 0.664808 0.553018 0.621549 0.680972 0.937630 0.675882 0.992758 0.819215 0.738180 0.484682 0.739975 0.738812 0.832042 0.439939 0.671304 0.622181 0.730795 0.900519 0.700165 0.872747 0.839110 0.000000 0.420373 0.737101 0.668782 0.746416 0.948825 0.574050 0.649410 0.769133 0.748880 0.834513 0.913838 0.727845 0.628166 0.885457 0.905981 0.857209 0.948374 0.767767 0.690988 0.989329 0.819470 0.895763 0.790023 0.870422 0.975584 0.521389 0.570357 0.671895 0.700950 0.769473 0.909900 0.685223 0.640517 0.594273 0.631389 0.556702 0.602218 0.845988 0.814724 0.726864 0.725475 0.364761 0.478894 0.669073 0.647058 0.652503 0.653738 0.932791 0.998844 0.740927 0.670681 0.924853 0.957919 0.753797 0.963125 0.970353 0.943109 0.806961 0.908665 0.683647 0.963137 0.480949 0.462494 0.623686 0.575582 0.834202 0.939398 0.641240 0.771490 0.745513 0.828119 0.937233 0.910756 0.915557 0.947693 0.933038 0.925587 0.924153 0.871857 0.865753 0.633960 0.816320 0.893086 0.866017 0.823102 0.922655 0.929352 0.845875 0.976183 0.818154 0.974555 0.818933 0.969312
0.848906 0.924400 0.786524 0.610837 0.880163 0.963549 0.992894 0.854640 0.821835 0.626129 0.583053 0.923347 0.795497 0.731969 0.643801 0.689928 0.754651 0.832484 0.908828 0.921282 0.763894 0.986576 0.420373 0.000000 0.713817 0.831035 0.725921 0.911764 0.657914 0.665483 0.992533 0.963556 0.983538 0.845664 0.913068 0.790724 0.947739 0.998644 0.864103 0.911442 0.929373 0.790399 0.791542 0.746817 0.792286 0.664898 0.971059 0.999193 0.700462 0.799532 0.872451 0.877842 0.985870 0.889990 0.978993 0.847444 0.841628 0.876059 0.821626 0.828428 0.975276 0.881778 0.725917 0.841402 0.598141 0.686657 0.988567 0.995963 0.973837 0.937730 0.964243 0.969200 0.823424 0.817353 0.960867 0.960902 0.806243 0.933703 0.996040 0.867874 0.976511 0.867182 0.670986 0.868883 0.545796 0.470956 0.725258 0.542011 0.761830 0.892912 0.993627 0.878245 0.920809 0.891197 0.866187 0.987971 0.979981 0.986035 0.700542 0.917929 0.778567 0.973946 0.993893 0.683288 0.973934 0.952128 0.941185 0.724257 0.900726 0.956495 0.947147 0.807133 0.869572 0.938968 0.981978 0.925546
0.849597 0.810168 0.581189 0.926969 0.977971 0.707494 0.913596 0.472251 0.872992 0.557935 0.606204 0.576175 0.766070 0.711797 0.973808 0.859504 0.736030 0.764011 0.896098 0.771380 0.722314 0.907447 0.737101 0.713817 0.000000 0.424454 0.638260 0.847985 0.536581 0.467188 0.786868 0.902750 0.944464 0.781862 0.815855 0.796408 0.731689 0.786304 0.890421 0.817125 0.836506 0.864870 0.972638 0.836024 0.829586 0.705264 0.971956 0.943862 0.750531 0.780352 0.751740 0.771527 0.836250 0.802341 0.950554 0.932692 0.854762 0.848891 0.779895 0.732599 0.685989 0.535672 0.527389 0.575994 0.577445 0.967721 0.838601 0.966579 0.877177 0.961489 0.746847 0.894275 0.988143 0.978637 0.845877 0.903374 0.771312 0.938711 0.906740 0.995426 0.819126 0.996342 0.925809 0.887862 0.756240 0.715739 0.927539 0.811526 0.770132 0.798051 0.944699 0.963361 0.890596 0.984365 0.973434 0.919987 0.982014 0.957805 0.683641 0.846325 0.818049 0.900425 0.845384 0.879920 0.979511 0.943903 0.887887 0.809258 0.889916 0.873601 0.908980 0.847526 0.693583 0.976791 0.889493 0.845030
0.841369 0.802025 0.417395 0.798812 0.885798 0.899950 0.785154 0.737273 0.836943 0.740001 0.751648 0.643732 0.936998 0.769936 0.827186 0.919636 0.829484 0.881228 0.964443 0.724992 0.787422 0.915695 0.668782 0.831035 0.424454 0.000000 0.831251 0.851185 0.663481 0.632902 0.509534 0.695951 0.815010 0.994074 0.649423 0.746563 0.658236 0.867244 0.834258 0.876890 0.930270 0.985736 0.678341 0.909064 0.920068 0.959332 0.917945 0.854606 0.780040 0.766721 0.799499 0.867424 0.884028 0.994801 0.991565 0.921213 0.806973 0.788423 0.775330 0.767953 0.937213 0.681619 0.737186 0.691469 0.466994 0.720441 0.635148 0.657916 0.970359 0.785813 0.751003 0.965602 0.997956 0.998643 0.950859 0.912747 0.775330 0.948089 0.911110 0.945220 0.946785 0.973759 0.905135 0.907740 0.675100 0.617259 0.960951 0.916509 0.807359 0.724473 0.764641 0.775350 0.706829 0.847920 0.977067 0.978985 0.982164 0.754361 0.975260 0.883672 0.933242 0.811978 0.903589 0.991751 0.944825 0.780255 0.919447 0.976375 0.955598 0.885347 0.950035 0.995158 0.911216 0.931874 0.786814 0.805173
0.941680 0.932174 0.891659 0.901242 0.981181 0.927146 0.876258 0.784528 0.919514 0.656406 0.776573 0.853789 0.923361 0.892161 0.798245 0.919623 0.814302 0.793424 0.972517 0.912359 0.908048 0.921805 0.746416 0.725921 0.638260 0.831251 0.000000 0.742915 0.695131 0.790618 0.944328 0.919308 0.807390 0.851892 0.761074 0.999254 0.978182 0.954037 0.938018 0.971246 0.964689 0.864899 0.707499 0.734269 0.712425 0.670069 0.887150 0.902742 0.806867 0.998398 0.905057 0.984327 0.976374 0.961295 0.891622 0.947307 0.933411 0.996314 0.854570 0.916046 0.793313 0.773248 0.723849 0.777771 0.816405 0.985803 0.837830 0.807398 0.979874 0.951491 0.919050 0.954934 0.774896 0.813723 0.997630 0.966883 0.782123 0.938703 0.898170 0.978963 0.848399 0.999091 0.897102 0.987387 0.833486 0.745188 0.972211 0.795010 0.788278 0.951668 0.923429 0.876767 0.898140 0.915017 0.963537 0.977962 0.925227 0.896491 0.704521 0.792648 0.763859 0.757960 0.836257 0.724523 0.960707 0.967236 0.956709 0.619292 0.818129 0.898844 0.904252 0.954978 0.724213 0.968849 0.997929 0.937093
0.968934 0.924160 0.926444 0.956941 0.931568 0.937260 0.849581 0.840347 0.825576 0.900176 0.871871 0.883647 0.968701 0.946216 0.974665 0.983702 0.955321 0.803483 0.914906 0.902878 0.878263 0.969956 0.948825 0.911764 0.847985 0.851185 0.742915 0.000000 0.868259 0.923671 0.913604 0.872777 0.952771 0.943138 0.999357 0.827609 0.863465 0.985024 0.940006 0.971056 0.935406 0.998167 0.777970 0.857147 0.789115 0.841454 0.908958 0.922217 0.958046 0.988751 0.970102 0.940530 0.932592 0.805757 0.928710 0.994528 0.864433 0.908154 0.921628 0.970472 0.843515 0.833206 0.885544 0.868435 0.945964 0.926827 0.918248 0.833874 0.915131 0.940317 0.845763 0.912631 0.785675 0.898074 0.932619 0.985208 0.857335 0.957479 0.896219 0.977661 0.881735 0.941876 0.973574 0.993881 0.995879 0.998780 0.930717 0.975977 0.811906 0.831356 0.897629 0.905908 0.946024 0.923031 0.977029 0.967187 0.889359 0.988572 0.981360 0.941003 0.975771 0.954761 0.954225 0.812284 0.943495 0.977965 0.916351 0.978461 0.782494 0.997795 0.805590 0.896602 0.855348 0.843437 0.938098 0.951944
0.468171 0.454615 0.679300 0.954707 0.897494 0.635619 0.996613 0.494122 0.988943 0.501031 0.360485 0.374064 0.717502 0.641640 0.951579 0.842271 0.381686 0.383863 0.558370 0.450422 0.686766 0.951455 0.574050 0.657914 0.536581 0.663481 0.695131 0.868259 0.000000 0.352305 0.927682 0.965424 0.652618 0.543041 0.792031 0.725518 0.736933 0.946137 0.860336 0.978157 0.991615 0.970369 0.778432 0.550933 0.857597 0.470826 0.693659 0.639509 0.428665 0.455512 0.428011 0.458871 0.619741 0.609878 0.735361 0.654460 0.493351 0.507056 0.437481 0.406837 0.651304 0.409412 0.348027 0.371340 0.662479 0.985367 0.854252 0.968913 0.818644 0.704417 0.897988 0.885191 0.642270 0.713112 0.830717 0.866791 0.569214 0.892436 0.789651 0.747051 0.505788 0.689093 0.962224 0.985668 0.885845 0.785901 0.748882 0.742081 0.850517 0.999075 0.969656 0.705305 0.800655 0.779792 0.979872 0.787200 0.851413 0.951895 0.668709 0.794738 0.549586 0.830189 0.702563 0.641392 0.930167 0.951703 0.898212 0.791339 0.809748 0.944661 0.823704 0.807010 0.682628 0.964363 0.991747 0.852388
0.633267 0.520046 0.726522 0.964088 0.908447 0.676565 0.958485 0.423739 0.992168 0.467041 0.472841 0.416637 0.709344 0.620086 0.989318 0.797670 0.430169 0.440019 0.615614 0.538516 0.651956 0.975647 0.649410 0.665483 0.467188 0.632902 0.790618 0.923671 0.352305 0.000000 0.979544 0.913298 0.714276 0.489516 0.751895 0.700817 0.769374 0.895612 0.888330 0.963315 0.983759 0.986730 0.826988 0.593384 0.829770 0.491509 0.692305 0.668233 0.561926 0.531698 0.507221 0.517818 0.678628 0.613072 0.838127 0.803968 0.565084 0.580098 0.599427 0.550603 0.671154 0.452980 0.318991 0.358099 0.618817 0.969104 0.776530 0.960563 0.998193 0.780909 0.945423 0.839296 0.844477 0.820583 0.773194 0.900704 0.673863 0.808670 0.808419 0.740565 0.523932 0.727630 0.977103 0.964002 0.819375 0.771227 0.845946 0.813206 0.763707 0.871871 0.987436 0.740808 0.804228 0.816160 0.934548 0.738944 0.889436 0.991233 0.643614 0.876339 0.597241 0.811302 0.676172 0.716655 0.893404 0.954528 0.841697 0.819857 0.831794 0.861158 0.769917 0.791349 0.600133 0.954907 0.968920 0.763714
0.780152 0.907423 0.600562 0.880755 0.999496 0.881497 0.755504 0.898687 0.779067 0.881966 0.849348 0.787607 0.978674 0.893181 0.742446 0.952071 0.949586 0.959539 0.984910 0.786867 0.918678 0.979069 0.769133 0.992533 0.786868 0.509534 0.944328 0.913604 0.927682 0.979544 0.000000 0.474782 0.644225 0.816290 0.769958 0.840934 0.767454 0.945062 0.994284 0.988157 0.990803 0.955103 0.526763 0.702745 0.712831 0.793983 0.818762 0.675890 0.831972 0.856453 0.884289 0.984080 0.892448 0.836123 0.951134 0.817803 0.924943 0.901949 0.717043 0.823216 0.983982 0.872779 0.957144 0.955020 0.714347 0.806795 0.745027 0.597223 0.712546 0.715624 0.690285 0.775764 0.856854 0.943375 0.862659 0.996296 0.996007 0.784354 0.794940 0.861183 0.956014 0.956935 0.957953 0.944983 0.968482 0.882252 0.951184 0.947570 0.946757 0.917586 0.668313 0.735184 0.717676 0.794644 0.859904 0.910533 0.914435 0.860018 0.815791 0.779160 0.771921 0.711041 0.954856 0.904468 0.903581 0.627528 0.989858 0.905810 0.933717 0.869582 0.795614 0.851555 0.981856 0.990364 0.723588 0.857147
0.733429 0.873616 0.623917 0.835025 0.901363 0.879864 0.685709 0.857728 0.789271 0.851089 0.899541 0.851052 0.962363 0.969346 0.656605 0.931062 0.994600 0.909757 0.960960 0.893922 0.893901 0.951356 0.748880 0.963556 0.902750 0.695951 0.919308 0.872777 0.965424 0.913298 0.474782 0.000000 0.575499 0.799229 0.797051 0.994313 0.894480 0.924975 0.996975 0.832587 0.903971 0.888148 0.592742 0.737579 0.705477 0.774880 0.814850 0.717656 0.800647 0.849848 0.905673 0.928573 0.834711 0.875692 0.957117 0.840951 0.876246 0.899602 0.760588 0.820799 0.880611 0.906927 0.903196 0.976532 0.720731 0.776819 0.777983 0.604944 0.709106 0.795351 0.784117 0.803798 0.979299 0.887801 0.907466 0.978679 0.993650 0.865713 0.725236 0.843069 0.952627 0.964119 0.871874 0.940222 0.946771 0.877214 0.974634 0.937295 0.951555 0.917875 0.712834 0.728938 0.807961 0.822736 0.855650 0.993684 0.919288 0.916510 0.846218 0.899487 0.834595 0.693329 0.993389 0.917010 0.880518 0.818304 0.921422 0.960666 0.958050 0.892686 0.768572 0.872000 0.922363 0.975069 0.776857 0.927625
0.888827 0.786672 0.739446 0.684418 0.887055 0.761353 0.667984 0.623844 0.854874 0.703884 0.825007 0.793652 0.740068 0.772231 0.657388 0.803070 0.662559 0.589049 0.738918 0.843297 0.723108 0.917832 0.834513 0.983538 0.944464 0.815010 0.807390 0.952771 0.652618 0.714276 0.644225 0.575499 0.000000 0.517402 0.721810 0.850168 0.905916 0.951403 0.918375 0.967974 0.915351 0.976232 0.536687 0.575906 0.607571 0.571596 0.701843 0.605221 0.865841 0.906283 0.787204 0.768777 0.895794 0.714008 0.942074 0.981793 0.819048 0.827516 0.824214 0.827929 0.597136 0.717275 0.600294 0.669135 0.739430 0.621204 0.703495 0.529535 0.890836 0.933121 0.964255 0.858592 0.868155 0.948860 0.735304 0.868820 0.781979 0.862525 0.681473 0.729835 0.651997 0.803083 0.816983 0.911230 0.707670 0.776060 0.992692 0.958478 0.956723 0.801549 0.692081 0.966271 0.903069 0.977597 0.908744 0.914721 0.975428 0.808105 0.609276 0.604712 0.741372 0.584391 0.814510 0.766458 0.754615 0.795143 0.965736 0.817798 0.961149 0.922005 0.752381 0.806208 0.825200 0.994410 0.774609 0.923443
0.632357 0.569247 0.978418 0.752407 0.854093 0.690801 0.733572 0.474209 0.881121 0.642849 0.624244 0.514670 0.659083 0.662083 0.850483 0.799991 0.543410 0.468983 0.641027 0.641505 0.709846 0.918242 0.913838 0.845664 0.781862 0.994074 0.851892 0.943138 0.543041 0.489516 0.816290 0.799229 0.517402 0.000000 0.934326 0.968241 0.955092 0.978664 0.949605 0.950329 0.930379 0.932657 0.527984 0.413271 0.627701 0.447031 0.578316 0.509258 0.649630 0.730049 0.635386 0.638760 0.852692 0.743261 0.907148 0.855291 0.617386 0.679150 0.659144 0.627197 0.538560 0.465537 0.405003 0.461629 0.973672 0.674131 0.831038 0.605090 0.971523 0.920293 0.883601 0.740508 0.799728 0.823801 0.790389 0.849457 0.584262 0.748796 0.666100 0.797324 0.534926 0.677150 0.805226 0.886692 0.804196 0.850768 0.992898 0.944413 0.895802 0.954724 0.759400 0.884791 0.977525 0.919131 0.897801 0.772840 0.846619 0.775646 0.524452 0.696682 0.624976 0.746170 0.666623 0.793559 0.750774 0.766718 0.991583 0.735777 0.860104 0.979106 0.681351 0.701571 0.621721 0.997824 0.753979 0.970315
0.815664 0.806457 0.630029 0.876476 0.805938 0.946676 0.735731 0.963957 0.812091 0.942833 0.811328 0.774736 0.941418 0.843153 0.775820 0.979757 0.826107 0.921432 0.827294 0.829706 0.906908 0.901407 0.727845 0.913068 0.815855 0.649423 0.761074 0.999357 0.792031 0.751895 0.769958 0.797051 0.721810 0.934326 0.000000 0.729517 0.672208 0.921685 0.972179 0.978912 0.947128 0.972858 0.690013 0.902216 0.761517 0.930819 0.907513 0.961331 0.815299 0.657881 0.769714 0.761516 0.792278 0.922417 0.958809 0.829050 0.794270 0.752374 0.813510 0.758347 0.844610 0.938922 0.871699 0.837954 0.614933 0.641229 0.519520 0.571442 0.850638 0.683200 0.994587 0.963816 0.954516 0.980643 0.947978 0.971302 0.880306 0.992002 0.985836 0.870132 0.951342 0.946855 0.945732 0.987002 0.698543 0.700400 0.927206 0.965696 0.962914 0.865457 0.693673 0.669978 0.707885 0.692083 0.975042 0.883199 0.941612 0.775808 0.880758 0.698101 0.929043 0.712748 0.946663 0.890728 0.861704 0.971445 0.924123 0.755162 0.870260 0.982566 0.963912 0.947642 0.901960 0.995736 0.556388 0.896968
0.773340 0.736218 0.671325 0.920919 0.775768 0.968170 0.755999 0.892953 0.935724 0.835126 0.700501 0.726210 0.981745 0.865611 0.885278 0.948910 0.749585 0.810470 0.844551 0.657391 0.931005 0.968869 0.628166 0.790724 0.796408 0.746563 0.999254 0.827609 0.725518 0.700817 0.840934 0.994313 0.850168 0.968241 0.729517 0.000000 0.763221 0.992101 0.954065 0.962372 0.971917 0.938467 0.843909 0.970682 0.790710 0.893304 0.950696 0.967188 0.712646 0.608686 0.650433 0.666560 0.763197 0.747232 0.711336 0.819094 0.707933 0.676038 0.777380 0.693758 0.940009 0.788067 0.815316 0.751002 0.620509 0.758250 0.566358 0.695004 0.813628 0.696318 0.985290 0.936822 0.907343 0.960135 0.948422 0.858308 0.812931 0.956686 0.927377 0.986590 0.832457 0.857203 0.914443 0.982006 0.718018 0.808383 0.678147 0.760482 0.912543 0.895477 0.680631 0.695433 0.612825 0.734890 0.905363 0.976744 0.991176 0.768400 0.925220 0.819717 0.981857 0.847274 0.950783 0.848400 0.867609 0.954109 0.788311 0.839856 0.861187 0.981283 0.929951 0.909496 0.927154 0.939552 0.963759 0.883251
0.843318 0.876713 0.810186 0.925830 0.883809 0.891116 0.929560 0.752114 0.985726 0.855399 0.750705 0.743379 0.752921 0.660517 0.981424 0.947506 0.817208 0.925021 0.774786 0.816281 0.771688 0.948026 0.885457 0.947739 0.731689 0.658236 0.978182 0.863465 0.736933 0.769374 0.767454 0.894480 0.905916 0.955092 0.672208 0.763221 0.000000 0.836669 0.597851 0.818773 0.867425 0.879312 0.846270 0.972258 0.936159 0.953192 0.974130 0.998664 0.882493 0.818654 0.762232 0.824977 0.790235 0.788893 0.971408 0.961092 0.960227 0.902120 0.780783 0.818771 0.784055 0.798551 0.804956 0.829036 0.845823 0.978450 0.799852 0.834587 0.953675 0.942865 0.702495 0.964013 0.992425 0.949171 0.973300 0.900695 0.893095 0.796618 0.994749 0.967502 0.935933 0.989510 0.984806 0.890929 0.950584 0.915190 0.960925 0.875407 0.877277 0.792607 0.961728 0.802786 0.867730 0.913245 0.927913 0.908637 0.977186 0.707148 0.881906 0.998840 0.978070 0.971587 0.966995 0.969210 0.980066 0.800319 0.879798 0.939625 0.814237 0.934567 0.891807 0.933119 0.967400 0.916084 0.890381 0.990859
0.906710 0.905169 0.912941 0.861583 0.973268 0.934638 0.876254 0.902048 0.908942 0.990104 0.941347 0.959861 0.729878 0.837511 0.803700 0.905289 0.991709 0.875266 0.933675 0.986761 0.908915 0.722908 0.905981 0.998644 0.786304 0.867244 0.954037 0.985024 0.946137 0.895612 0.945062 0.924975 0.951403 0.978664 0.921685 0.992101 0.836669 0.000000 0.834509 0.868378 0.756594 0.799789 0.930709 0.989968 0.911167 0.904189 0.890178 0.786615 0.905177 0.968401 0.971532 0.993330 0.984857 0.813643 0.815115 0.817147 0.846641 0.814334 0.848972 0.989552 0.926941 0.969410 0.875318 0.937821 0.905194 0.988130 0.923003 0.979788 0.734320 0.849186 0.835820 0.824839 0.818593 0.911837 0.996923 0.938975 0.994380 0.944154 0.881567 0.901853 0.928192 0.823570 0.939593 0.738273 0.929770 0.862143 0.814403 0.857486 0.951413 0.779818 0.850941 0.966912 0.985847 0.996320 0.840029 0.810032 0.657276 0.710774 0.984557 0.896131 0.988982 0.896178 0.920182 0.692936 0.899801 0.735407 0.874536 0.995610 0.975307 0.967477 0.837707 0.895348 0.975439 0.946792 0.937288 0.974153
