0.000000 0.536302 0.701732 0.558834 0.869991 0.869615 0.698812 0.595334 0.997123 0.810699 0.567305 0.662474 0.826132 0.920837 0.960143 0.896079 0.475823 0.449140 0.566026 0.540164 0.776242 0.943426 0.832272 0.692783 0.885817 0.789297 0.951309 0.867940 0.837604 0.882033 0.929152 0.895475 0.557847 0.583233 0.650420 0.956313 0.783093 0.868864 0.955069 0.897877 0.685393 0.773051 0.801590 0.775050 0.844856 0.675760 0.564740 0.634726 0.751868 0.808684 0.893437 0.933376 0.983545 0.925482 0.629972 0.604851 0.424432 0.538524 0.474214 0.641842 0.600889 0.679048 0.551294 0.519663 0.843689 0.771218 0.647643 0.734701 0.703021 0.672224 0.867221 0.960407 0.955890 0.932800 0.971971 0.950005 0.897768 0.788632 0.649601 0.991142 0.502172 0.505999 0.992208 0.701565 0.819340 0.749233 0.899129 0.837945 0.755055 0.546927 0.825599 0.933791 0.852205 0.990185 0.776642 0.833862 0.740664 0.889841 0.642228 0.698163 0.918842 0.925388 0.603239 0.695470 0.914498 0.679812 0.923521 0.833383 0.925277 0.978669 0.963708 0.742532 0.876530 0.955844 0.952248 0.971169
0.536302 0.000000 0.792525 0.615909 0.751851 0.838596 0.926549 0.734081 0.964529 0.972149 0.797563 0.731090 0.801795 0.722089 0.901894 0.886389 0.652811 0.659624 0.662221 0.659613 0.819996 0.869646 0.913532 0.900630 0.824714 0.729658 0.984112 0.846252 0.997815 0.971829 0.982881 0.946461 0.712215 0.822987 0.774809 0.934448 0.817847 0.864812 0.937949 0.965505 0.782165 0.785543 0.716810 0.647315 0.803969 0.689848 0.698729 0.651367 0.680492 0.686718 0.768180 0.808915 0.773165 0.831701 0.721539 0.842965 0.528556 0.508555 0.614431 0.677443 0.862478 0.832985 0.900478 0.802388 0.795386 0.810742 0.837393 0.789902 0.680884 0.590255 0.738328 0.806566 0.883804 0.993878 0.990489 0.915504 0.762903 0.678543 0.775883 0.941762 0.784602 0.795255 0.917960 0.898467 0.979106 0.860730 0.974533 0.815124 0.872439 0.679908 0.851445 0.915360 0.848271 0.896797 0.905963 0.870619 0.727466 0.910909 0.709696 0.701872 0.992177 0.809078 0.679411 0.694646 0.840773 0.723074 0.888971 0.762949 0.967611 0.851723 0.938332 0.743953 0.745349 0.879220 0.867799 0.956991
0.701732 0.792525 0.000000 0.472048 0.954038 0.831959 0.470582 0.869274 0.618529 0.971001 0.865723 0.866348 0.865596 0.918890 0.913333 0.758247 0.833897 0.721889 0.770259 0.818210 0.762637 0.944930 0.835998 0.999716 0.675367 0.685597 0.803551 0.833827 0.986361 0.825583 0.817856 0.990404 0.585606 0.851382 0.591714 0.969550 0.768405 0.847453 0.867769 0.985397 0.712608 0.729211 0.807099 0.755781 0.735316 0.714007 0.823424 0.852943 0.889383 0.797636 0.813326 0.827469 0.795383 0.686982 0.902941 0.739082 0.665440 0.790692 0.849895 0.917734 0.768977 0.909780 0.854964 0.918913 0.496025 0.993197 0.519286 0.810831 0.716458 0.737136 0.866217 0.853670 0.971009 0.902480 0.938365 0.870900 0.818582 0.832611 0.746956 0.967349 0.700359 0.718097 0.855774 0.736414 0.595616 0.624056 0.999209 0.994483 0.802825 0.774422 0.552933 0.606144 0.516109 0.590873 0.871201 0.679732 0.710108 0.875858 0.727497 0.670732 0.922371 0.866923 0.744687 0.776185 0.811461 0.765216 0.954264 0.756927 0.994055 0.941837 0.879415 0.746889 0.817387 0.970377 0.992221 0.943306
0.558834 0.615909 0.472048 0.000000 0.970690 0.863663 0.552064 0.687486 0.736741 0.924116 0.794291 0.937642 0.764248 0.915521 0.918108 0.884215 0.796970 0.645059 0.628576 0.715655 0.799867 0.978374 0.884901 0.957635 0.701769 0.695991 0.927039 0.879975 0.993863 0.877735 0.829301 0.997311 0.587897 0.770736 0.568646 0.976449 0.890875 0.942339 0.936097 0.945505 0.689955 0.727619 0.701939 0.628820 0.690133 0.613722 0.676873 0.652286 0.792385 0.764892 0.835970 0.848554 0.791623 0.780071 0.850900 0.670570 0.634621 0.732930 0.789412 0.881448 0.706552 0.888454 0.824018 0.833095 0.559718 0.824932 0.583998 0.728377 0.758887 0.682024 0.745144 0.850906 0.934631 0.993811 0.949706 0.924383 0.735210 0.815834 0.773371 0.954403 0.669540 0.680128 0.946968 0.850002 0.701708 0.617702 0.987742 0.915195 0.912955 0.669879 0.528203 0.681095 0.503960 0.650120 0.886573 0.657144 0.677069 0.819677 0.619613 0.593162 0.964928 0.889573 0.676734 0.626594 0.748628 0.708926 0.922166 0.801607 0.942079 0.951070 0.887537 0.684906 0.867166 0.875831 0.954408 0.966477
0.869991 0.751851 0.954038 0.970690 0.000000 0.920079 0.832701 0.963736 0.744587 0.862364 0.950228 0.914071 0.916594 0.959496 0.802407 0.916977 0.961367 0.980835 0.926033 0.944518 0.804522 0.902128 0.613883 0.700405 0.908716 0.828935 0.831687 0.743528 0.867906 0.896980 0.931301 0.781883 0.937236 0.960011 0.921016 0.980680 0.889892 0.711517 0.964315 0.923064 0.803114 0.866909 0.653117 0.679729 0.938803 0.885955 0.783508 0.798820 0.833031 0.903453 0.914184 0.990612 0.882155 0.914693 0.976193 0.968420 0.818921 0.966065 0.803674 0.907341 0.860137 0.990205 0.916411 0.947339 0.797439 0.997788 0.974348 0.834515 0.795751 0.832217 0.978758 0.966255 0.856623 0.755801 0.942815 0.884580 0.967934 0.829143 0.946024 0.979743 0.934517 0.957500 0.715964 0.901014 0.696289 0.771837 0.811639 0.731766 0.931463 0.974454 0.894756 0.944656 0.947953 0.994425 0.953452 0.875698 0.961717 0.758924 0.993052 0.960236 0.884020 0.873374 0.819021 0.802781 0.890302 0.872787 0.996632 0.888606 0.845202 0.932067 0.998952 0.972437 0.896013 0.914560 0.924602 0.899807
0.869615 0.838596 0.831959 0.863663 0.920079 0.000000 0.924108 0.790909 0.960880 0.848275 0.896312 0.742410 0.854506 0.768431 0.992440 0.764208 0.982294 0.923476 0.940278 0.938156 0.970627 0.853851 0.860923 0.878596 0.945960 0.990772 0.973965 0.876646 0.987510 0.940577 0.957104 0.886903 0.988735 0.970454 0.864391 0.973090 0.892141 0.880053 0.947985 0.863187 0.938891 0.861925 0.984356 0.990598 0.894028 0.991543 0.897994 0.985946 0.921645 0.882213 0.878201 0.863643 0.930683 0.842474 0.901636 0.890904 0.977527 0.949823 0.930182 0.775085 0.849550 0.692808 0.980972 0.961408 0.926041 0.686417 0.962788 0.890980 0.879653 0.977184 0.880907 0.903335 0.994564 0.988195 0.941180 0.844701 0.927449 0.908746 0.949298 0.892689 0.943361 0.988009 0.717650 0.877948 0.788468 0.989078 0.918376 0.815478 0.994895 0.971772 0.946757 0.855157 0.988121 0.871828 0.998310 0.994693 0.944329 0.868940 0.968320 0.997700 0.870211 0.984242 0.983008 0.925179 0.907005 0.959368 0.976407 0.904926 0.933227 0.939162 0.839765 0.962486 0.962347 0.907187 0.761629 0.869406
0.698812 0.926549 0.470582 0.552064 0.832701 0.924108 0.000000 0.544077 0.603279 0.567213 0.719959 0.897461 0.865557 0.843430 0.848323 0.716834 0.708435 0.613206 0.713193 0.842141 0.961135 0.939408 0.863655 0.931556 0.962370 0.969792 0.957463 0.906457 0.784786 0.855319 0.837317 0.984044 0.541402 0.572954 0.677966 0.959841 0.955403 0.896532 0.988653 0.960058 0.734656 0.903569 0.924708 0.897124 0.610444 0.598452 0.857051 0.845103 0.887276 0.983295 0.963800 0.871304 0.926710 0.999421 0.836157 0.724003 0.825789 0.996127 0.908389 0.915241 0.453138 0.742478 0.538274 0.611697 0.725514 0.863339 0.506418 0.678980 0.995127 0.917105 0.999443 0.875543 0.985256 0.997363 0.875228 0.882751 0.956679 0.981207 0.777890 0.817843 0.534651 0.570417 0.871105 0.667397 0.572145 0.667027 0.865592 0.976992 0.912480 0.855797 0.540732 0.751971 0.575115 0.798956 0.786156 0.759000 0.750376 0.907688 0.564916 0.660532 0.986354 0.997798 0.779598 0.742043 0.942477 0.870079 0.815255 0.934247 0.885097 0.994848 0.820643 0.704839 0.834548 0.885456 0.798416 0.862936
0.595334 0.734081 0.869274 0.687486 0.963736 0.790909 0.544077 0.000000 0.816830 0.425588 0.486951 0.451202 0.797221 0.898861 0.727004 0.912810 0.562975 0.552006 0.715550 0.764546 0.954502 0.869761 0.821056 0.722156 0.699852 0.773314 0.778032 0.781750 0.647470 0.621947 0.947711 0.930995 0.695056 0.439358 0.829779 0.986328 0.836009 0.720595 0.961092 0.926954 0.781470 0.995130 0.925656 0.887807 0.682657 0.608927 0.758799 0.765707 0.785823 0.873434 0.767330 0.634702 0.717631 0.654061 0.722098 0.737333 0.839491 0.913727 0.764499 0.825618 0.378451 0.390096 0.483091 0.421172 0.910803 0.669291 0.761720 0.620810 0.875501 0.859578 0.966747 0.856469 0.971623 0.984781 0.919893 0.972314 0.907504 0.900480 0.810928 0.775963 0.580980 0.640024 0.901163 0.746066 0.988208 0.893740 0.774387 0.802093 0.998553 0.781339 0.835647 0.865135 0.883094 0.816663 0.822072 0.916904 0.832159 0.881077 0.596678 0.768527 0.801905 0.862446 0.742035 0.777427 0.920908 0.937331 0.775179 0.888000 0.828723 0.989979 0.873176 0.749504 0.874407 0.769353 0.812273 0.824656
0.997123 0.964529 0.618529 0.736741 0.744587 0.960880 0.603279 0.816830 0.000000 0.833698 0.939441 0.951343 0.800851 0.991531 0.895618 0.986677 0.933666 0.846454 0.917667 0.952104 0.961623 0.949311 0.728906 0.844754 0.964275 0.982112 0.869008 0.994959 0.889543 0.951032 0.898698 0.949859 0.825633 0.902079 0.853039 0.907858 0.963571 0.890121 0.887317 0.936844 0.834336 0.940502 0.885954 0.910484 0.923623 0.932676 0.972007 0.877114 0.917313 0.964883 0.973763 0.947750 0.841436 0.736192 0.995410 0.842213 0.965720 0.945274 0.892906 0.906597 0.733298 0.914145 0.894415 0.927254 0.622915 0.846752 0.803197 0.949952 0.999138 0.944344 0.952644 0.910161 0.873255 0.998586 0.975418 0.975854 0.873524 0.953101 0.800003 0.923877 0.838106 0.875197 0.824517 0.827117 0.691026 0.650094 0.981607 0.988343 0.902316 0.916846 0.682442 0.711896 0.731934 0.751068 0.980402 0.786973 0.797388 0.998502 0.850674 0.751955 0.870147 0.871044 0.957201 0.905477 0.837885 0.996213 0.921429 0.980207 0.917668 0.958966 0.852864 0.839317 0.810202 0.887917 0.879750 0.938761
0.810699 0.972149 0.971001 0.924116 0.862364 0.848275 0.567213 0.425588 0.833698 0.000000 0.607289 0.600299 0.984635 0.981244 0.662150 0.857952 0.669173 0.639384 0.805673 0.872183 0.936961 0.870475 0.918615 0.784217 0.550742 0.601671 0.815261 0.673194 0.633416 0.574324 0.996916 0.975213 0.824755 0.532179 0.920421 0.970821 0.748883 0.669955 0.944842 0.976581 0.893106 0.874169 0.860853 0.881890 0.743622 0.736457 0.846738 0.930987 0.857017 0.811734 0.770518 0.642069 0.662009 0.621313 0.798831 0.772884 0.962122 0.924684 0.859085 0.876076 0.441558 0.471977 0.455024 0.443732 0.799989 0.772135 0.735683 0.654611 0.712592 0.973595 0.894890 0.790364 0.930221 0.987792 0.866719 0.934602 0.887326 0.833534 0.851333 0.734691 0.595117 0.659987 0.937832 0.718127 0.893212 0.966768 0.740919 0.977394 0.919538 0.874084 0.885141 0.857565 0.987584 0.766574 0.801207 0.958966 0.955904 0.977625 0.693246 0.823345 0.825288 0.796340 0.827109 0.855607 0.889698 0.953296 0.661512 0.795129 0.898116 0.979905 0.943751 0.821484 0.934898 0.881436 0.757033 0.765818
0.567305 0.797563 0.865723 0.794291 0.950228 0.896312 0.719959 0.486951 0.939441 0.607289 0.000000 0.479506 0.841512 0.973535 0.644806 0.836656 0.539861 0.616776 0.780639 0.725972 0.962382 0.799546 0.641735 0.582461 0.852161 0.909066 0.814714 0.923299 0.799701 0.798492 0.817467 0.775991 0.749202 0.507152 0.774140 0.978565 0.904486 0.920705 0.999791 0.876033 0.736861 0.816306 0.974111 0.941573 0.881971 0.739552 0.771867 0.858181 0.851938 0.908491 0.727241 0.675825 0.676375 0.604785 0.695723 0.696529 0.795699 0.835283 0.663186 0.779141 0.543458 0.550910 0.550413 0.474808 0.838563 0.845665 0.763159 0.786163 0.909002 0.691450 0.868101 0.861386 0.836097 0.916946 0.900706 0.877151 0.917997 0.914124 0.789977 0.871475 0.638320 0.709571 0.917405 0.754238 0.919115 0.952479 0.821396 0.687544 0.906266 0.776282 0.869430 0.803475 0.910529 0.842436 0.797025 0.961274 0.809622 0.843238 0.724077 0.855903 0.824963 0.926989 0.628029 0.820583 0.940300 0.838511 0.743356 0.935455 0.835930 0.933991 0.990890 0.822183 0.897007 0.875917 0.934049 0.977995
0.662474 0.731090 0.866348 0.937642 0.914071 0.742410 0.897461 0.451202 0.951343 0.600299 0.479506 0.000000 0.676313 0.686923 0.797747 0.863215 0.640755 0.684200 0.716829 0.765380 0.933114 0.813065 0.651782 0.726031 0.660060 0.725086 0.826397 0.820314 0.721815 0.670553 0.721830 0.853574 0.931916 0.576935 0.968331 0.979670 0.883494 0.724952 0.949691 0.966608 0.874436 0.947244 0.918027 0.915077 0.893106 0.775041 0.744287 0.874662 0.890701 0.811097 0.758575 0.650196 0.690519 0.606573 0.688326 0.797134 0.888073 0.881286 0.777924 0.787092 0.548105 0.433821 0.604160 0.529026 0.710127 0.695564 0.999841 0.831743 0.953331 0.773796 0.899253 0.857415 0.982039 0.980423 0.875313 0.983441 0.868989 0.805561 0.835698 0.844535 0.727469 0.804717 0.813831 0.899274 0.764741 0.914232 0.760084 0.705087 0.991157 0.902621 0.906563 0.687510 0.880627 0.652580 0.879144 0.869083 0.908415 0.949367 0.808784 0.991310 0.734779 0.819641 0.787739 0.920271 0.846934 0.993508 0.839416 0.890485 0.873821 0.988902 0.990688 0.911373 0.908338 0.847191 0.864632 0.893702
0.826132 0.801795 0.865596 0.764248 0.916594 0.854506 0.865557 0.797221 0.800851 0.984635 0.841512 0.676313 0.000000 0.554941 0.766742 0.609884 0.934582 0.918902 0.752320 0.950158 0.911112 0.969800 0.957299 0.905092 0.930969 0.988028 0.892362 0.901730 0.894632 0.980533 0.949145 0.984628 0.973479 0.846789 0.910821 0.984529 0.948756 0.905288 0.957808 0.864832 0.827286 0.979967 0.891784 0.896173 0.983358 0.904045 0.894627 0.978459 0.909605 0.907760 0.945830 0.927071 0.913446 0.830608 0.851567 0.871408 0.977616 0.948409 0.864876 0.866088 0.739200 0.834159 0.913773 0.932560 0.877147 0.846840 0.999173 0.862261 0.810332 0.846081 0.882352 0.826965 0.878204 0.914292 0.923183 0.883573 0.714982 0.671610 0.886563 0.973203 0.940063 0.959172 0.923349 0.932169 0.996060 0.864248 0.986988 0.851718 0.982343 0.900584 0.829193 0.926437 0.787084 0.919538 0.881461 0.985137 0.878645 0.964225 0.837128 0.942109 0.952036 0.985593 0.854658 0.883938 0.885531 0.998741 0.850028 0.880494 0.957740 0.978482 0.860488 0.979346 0.922194 0.702613 0.964862 0.965655
0.920837 0.722089 0.918890 0.915521 0.959496 0.768431 0.843430 0.898861 0.991531 0.981244 0.973535 0.686923 0.554941 0.000000 0.692158 0.536662 0.962214 0.946947 0.714161 0.833187 0.954348 0.989452 0.973826 0.862578 0.922258 0.988915 0.791961 0.955888 0.864840 0.861125 0.983143 0.827033 0.886763 0.989604 0.984222 0.946472 0.821511 0.832463 0.944983 0.887148 0.945756 0.911832 0.846098 0.838760 0.996536 0.927919 0.842312 0.892441 0.925462 0.977036 0.980651 0.996913 0.818348 0.865657 0.907484 0.891381 0.970984 0.923957 0.907387 0.990052 0.979481 0.905749 0.966664 0.978334 0.993994 0.881725 0.820167 0.870836 0.909842 0.848320 0.787333 0.738307 0.869753 0.895495 0.913222 0.820476 0.591528 0.746972 0.905080 0.946525 0.965903 0.902533 0.933379 0.911505 0.846720 0.979367 0.910300 0.919371 0.883695 0.983265 0.946393 0.973680 0.983427 0.936130 0.998945 0.954989 0.948623 0.927265 0.990874 0.963967 0.868556 0.942241 0.925923 0.938623 0.983827 0.966047 0.866004 0.975798 0.863315 0.908549 0.967484 0.962646 0.916313 0.899023 0.947275 0.954261
0.960143 0.901894 0.913333 0.918108 0.802407 0.992440 0.848323 0.727004 0.895618 0.662150 0.644806 0.797747 0.766742 0.692158 0.000000 0.559950 0.814240 0.944363 0.860397 0.925918 0.968575 0.869095 0.531076 0.574482 0.828052 0.808435 0.588899 0.895154 0.999901 0.924989 0.759100 0.714289 0.992915 0.769052 0.950241 0.923112 0.898133 0.963447 0.930181 0.888599 0.921487 0.981530 0.880962 0.892730 0.795733 0.786553 0.972549 0.944977 0.851928 0.859589 0.837703 0.698851 0.511882 0.529718 0.879452 0.866959 0.986837 0.857837 0.783383 0.857912 0.793536 0.700021 0.817145 0.749850 0.619824 0.896872 0.829710 0.698203 0.846552 0.917154 0.717595 0.653379 0.782969 0.818003 0.899386 0.933061 0.838779 0.883109 0.995924 0.919492 0.876387 0.971539 0.748958 0.993429 0.773684 0.729550 0.777883 0.819120 0.979246 0.976956 0.996812 0.850950 0.990860 0.872088 0.971355 0.965220 0.871725 0.764767 0.889004 0.935210 0.742822 0.906907 0.820216 0.893689 0.792281 0.973511 0.743968 0.939248 0.983957 0.913587 0.884222 0.929750 0.999977 0.829825 0.881900 0.986546
0.896079 0.886389 0.758247 0.884215 0.916977 0.764208 0.716834 0.912810 0.986677 0.857952 0.836656 0.863215 0.609884 0.536662 0.559950 0.000000 0.853063 0.872719 0.936790 0.973431 0.930562 0.918821 0.796214 0.673908 0.938061 0.957381 0.822285 0.976741 0.949389 0.915773 0.938246 0.770990 0.890794 0.914944 0.806029 0.941571 0.928896 0.902348 0.996624 0.889864 0.926990 0.799785 0.923144 0.905649 0.771651 0.792629 0.960605 0.864779 0.778590 0.930939 0.987622 0.968253 0.760001 0.794677 0.955619 0.806959 0.888373 0.961838 0.758429 0.959084 0.925294 0.988483 0.824515 0.823698 0.979454 0.901213 0.733407 0.804998 0.991962 0.966922 0.816794 0.807338 0.747765 0.790879 0.936659 0.786325 0.831791 0.801743 0.999025 0.945788 0.759949 0.761741 0.996811 0.817631 0.888555 0.978431 0.866262 0.922913 0.874349 0.815622 0.876567 0.940821 0.865347 0.915430 0.942460 0.839007 0.864996 0.836043 0.864121 0.837107 0.949216 0.985708 0.859737 0.858226 0.932536 0.853766 0.808637 0.967116 0.915612 0.990460 0.922896 0.862555 0.873691 0.915257 0.856946 0.973860
0.475823 0.652811 0.833897 0.796970 0.961367 0.982294 0.708435 0.562975 0.933666 0.669173 0.539861 0.640755 0.934582 0.962214 0.814240 0.853063 0.000000 0.481823 0.731976 0.609719 0.941140 0.930127 0.853582 0.733298 0.895878 0.990910 0.895316 0.938034 0.742737 0.766801 0.913852 0.919243 0.682965 0.625055 0.741399 0.954502 0.813070 0.957623 0.896325 0.986822 0.852286 0.900201 0.997868 0.925888 0.884790 0.812540 0.743346 0.779302 0.828108 0.959560 0.980145 0.942996 0.882893 0.811542 0.591287 0.696389 0.590953 0.629550 0.523105 0.642953 0.555654 0.589644 0.522437 0.447249 0.946143 0.732974 0.708323 0.738875 0.868806 0.730226 0.986257 0.812390 0.990317 0.986515 0.908163 0.915483 0.983454 0.920994 0.745417 0.941280 0.521143 0.549512 0.981531 0.623886 0.832602 0.839006 0.857170 0.966082 0.781513 0.632314 0.938026 0.822792 0.987886 0.871983 0.808063 0.857855 0.787044 0.951594 0.694815 0.791544 0.923960 0.935241 0.640207 0.760963 0.983283 0.775301 0.829087 0.901774 0.985580 0.951333 0.999000 0.826744 0.890349 0.955685 0.984610 0.934186
0.449140 0.659624 0.721889 0.645059 0.980835 0.923476 0.613206 0.552006 0.846454 0.639384 0.616776 0.684200 0.918902 0.946947 0.944363 0.872719 0.481823 0.000000 0.653094 0.603003 0.843118 0.947340 0.947568 0.748356 0.999704 0.946438 0.940478 0.968206 0.643140 0.651823 0.888296 0.989225 0.595927 0.557736 0.722031 0.837610 0.830916 0.964548 0.947877 0.906788 0.731481 0.850705 0.880525 0.866690 0.803805 0.725348 0.553055 0.673030 0.721301 0.900182 0.931087 0.991298 0.997875 0.893556 0.579197 0.573519 0.498374 0.640997 0.538945 0.674950 0.528766 0.616493 0.448732 0.446115 0.850609 0.761504 0.638573 0.666836 0.930232 0.738989 0.984289 0.865930 0.987709 0.906343 0.952798 0.950888 0.963070 0.949302 0.672379 0.953904 0.369130 0.416675 0.852200 0.496331 0.708483 0.698911 0.915313 0.947505 0.751722 0.558326 0.929498 0.823491 0.978531 0.861330 0.774708 0.816072 0.857903 0.953309 0.689838 0.747232 0.952206 0.878357 0.727211 0.772923 0.906897 0.713510 0.834565 0.986825 0.874250 0.942808 0.992583 0.792647 0.844047 0.957786 0.948564 0.836552
0.566026 0.662221 0.770259 0.628576 0.926033 0.940278 0.713193 0.715550 0.917667 0.805673 0.780639 0.716829 0.752320 0.714161 0.860397 0.936790 0.731976 0.653094 0.000000 0.616742 0.919888 0.904251 0.845051 0.902254 0.987366 0.938633 0.888687 0.995915 0.822906 0.834363 0.886828 0.747878 0.699983 0.701253 0.668196 0.891520 0.939933 0.873387 0.888794 0.803688 0.803619 0.837800 0.958751 0.881437 0.830073 0.730869 0.764419 0.740291 0.819899 0.856282 0.961849 0.944341 0.840692 0.910047 0.679109 0.727282 0.736063 0.771664 0.865856 0.892664 0.681429 0.832478 0.604984 0.662552 0.795021 0.919280 0.858953 0.962681 0.798072 0.789628 0.936069 0.995729 0.825738 0.842636 0.993129 0.977887 0.801777 0.798755 0.816718 0.991498 0.679078 0.643215 0.813186 0.837085 0.686553 0.733075 0.998067 0.922449 0.965622 0.750917 0.778593 0.919051 0.794014 0.948969 0.807826 0.981228 0.853873 0.897116 0.711788 0.651018 0.961209 0.898824 0.742777 0.859643 0.848692 0.688455 0.879955 0.858413 0.990205 0.901400 0.964523 0.760588 0.870474 0.947133 0.934231 0.737682
0.540164 0.659613 0.818210 0.715655 0.944518 0.938156 0.842141 0.764546 0.952104 0.872183 0.725972 0.765380 0.950158 0.833187 0.925918 0.973431 0.609719 0.603003 0.616742 0.000000 0.854301 0.890252 0.993356 0.929374 0.967390 0.913670 0.974104 0.864358 0.841102 0.880593 0.858993 0.936023 0.738935 0.783505 0.680346 0.974222 0.826737 0.921090 0.994703 0.946325 0.853728 0.833490 0.895003 0.869382 0.854431 0.733455 0.682777 0.647289 0.709114 0.681481 0.789103 0.770581 0.784730 0.969338 0.764766 0.706426 0.631092 0.604677 0.593251 0.615634 0.798394 0.819727 0.718435 0.653001 0.878857 0.874439 0.789809 0.846270 0.802995 0.750374 0.865295 0.950797 0.879049 0.914592 0.966010 0.982235 0.863392 0.997953 0.747646 0.996350 0.692144 0.656226 0.780450 0.735211 0.821079 0.788442 0.965916 0.962976 0.850813 0.600301 0.857003 0.992168 0.913872 0.976241 0.929781 0.940692 0.831162 0.844733 0.727676 0.729310 0.857309 0.941165 0.685074 0.795623 0.890893 0.782380 0.943590 0.866296 0.883811 0.949562 0.911439 0.767458 0.837623 0.967674 0.973944 0.901377
0.776242 0.819996 0.762637 0.799867 0.804522 0.970627 0.961135 0.954502 0.961623 0.936961 0.962382 0.933114 0.911112 0.954348 0.968575 0.930562 0.941140 0.843118 0.919888 0.854301 0.000000 0.906263 0.829474 0.753654 0.767350 0.735066 0.953352 0.793140 0.884933 0.791824 0.970696 0.826385 0.792995 0.962585 0.857006 0.962084 0.737310 0.792757 0.809340 0.932221 0.905376 0.984429 0.690004 0.743762 0.981402 0.932515 0.762264 0.866907 0.958768 0.865772 0.770463 0.820458 0.960787 0.924550 0.978910 0.969981 0.641738 0.749479 0.687380 0.848270 0.993493 0.943030 0.939323 0.934951 0.856237 0.889667 0.756664 0.822470 0.786006 0.758090 0.991588 0.897379 0.968455 0.733070 0.937982 0.916938 0.956268 0.962109 0.828737 0.954769 0.913249 0.924790 0.841018 0.944838 0.977396 0.968831 0.989699 0.818032 0.828417 0.771076 0.897393 0.907493 0.935193 0.855658 0.876931 0.707610 0.782084 0.891663 0.984955 0.926314 0.917612 0.955492 0.773405 0.815058 0.992551 0.928376 0.872977 0.857879 0.987321 0.844195 0.955754 0.845946 0.901365 0.925596 0.868053 0.758958
0.943426 0.869646 0.944930 0.978374 0.902128 0.853851 0.939408 0.869761 0.949311 0.870475 0.799546 0.813065 0.969800 0.989452 0.869095 0.918821 0.930127 0.947340 0.904251 0.890252 0.906263 0.000000 0.968472 0.975464 0.973031 0.879449 0.942198 0.721775 0.879489 0.846732 0.938665 0.839067 0.971345 0.864141 0.836439 0.981291 0.864558 0.821344 0.957144 0.937770 0.992241 0.754264 0.993675 0.961448 0.913099 0.947830 0.978191 0.912381 0.975734 0.863932 0.800940 0.787066 0.819285 0.789878 0.891971 0.941270 0.967410 0.907930 0.938992 0.885105 0.876129 0.925246 0.805449 0.833655 0.879780 0.905653 0.952818 0.998560 0.915527 0.966024 0.859599 0.847871 0.886862 0.896392 0.934364 0.904404 0.985845 0.918610 0.984635 0.930366 0.966925 0.907211 0.789771 0.932703 0.962722 0.947548 0.952375 0.968506 0.909035 0.979932 0.946682 0.910528 0.915656 0.838201 0.873585 0.977414 0.973244 0.937040 0.939997 0.915824 0.957322 0.813295 0.978383 0.964097 0.787966 0.913090 0.782919 0.879149 0.995114 0.961828 0.863040 0.885349 0.891126 0.880436 0.868232 0.905713
0.832272 0.913532 0.835998 0.884901 0.613883 0.860923 0.863655 0.821056 0.728906 0.918615 0.641735 0.651782 0.957299 0.973826 0.531076 0.796214 0.853582 0.947568 0.845051 0.993356 0.829474 0.968472 0.000000 0.413897 0.854428 0.941741 0.743631 0.910235 0.979547 0.965291 0.581866 0.530637 0.911186 0.884234 0.862778 0.879056 0.916975 0.959169 0.868675 0.836739 0.910838 0.953786 0.783225 0.790352 0.999076 0.907436 0.848920 0.899767 0.891617 0.873086 0.864407 0.750238 0.604514 0.551715 0.903962 0.913771 0.901062 0.926865 0.654081 0.774666 0.953236 0.754122 0.934348 0.834004 0.535319 0.944837 0.994230 0.909976 0.899072 0.837336 0.781802 0.812955 0.649955 0.693491 0.876760 0.955253 0.950143 0.935192 0.973693 0.948227 0.942814 0.917906 0.603452 0.879140 0.479463 0.607391 0.697321 0.518318 0.916331 0.992606 0.813132 0.683768 0.851612 0.797100 0.977339 0.980583 0.920794 0.713970 0.967346 0.878011 0.693812 0.928641 0.742212 0.842696 0.799656 0.993128 0.945005 0.945054 0.992605 0.925548 0.967287 0.980454 0.997861 0.891604 0.993863 0.841169
0.692783 0.900630 0.999716 0.957635 0.700405 0.878596 0.931556 0.722156 0.844754 0.784217 0.582461 0.726031 0.905092 0.862578 0.574482 0.673908 0.733298 0.748356 0.902254 0.929374 0.753654 0.975464 0.413897 0.000000 0.865035 0.957605 0.706332 0.956705 0.967881 0.970444 0.680904 0.530467 0.973385 0.749849 0.992492 0.961364 0.821021 0.950709 0.881921 0.765063 0.833435 0.944102 0.843154 0.858365 0.902446 0.831469 0.763020 0.808321 0.793537 0.951785 0.893830 0.776293 0.684683 0.593030 0.868369 0.821649 0.783721 0.845919 0.562038 0.791460 0.835744 0.760942 0.762559 0.663375 0.666867 0.968550 0.819338 0.837008 0.872231 0.775475 0.839437 0.871091 0.595495 0.640157 0.974361 0.915241 0.959769 0.968583 0.906832 0.874871 0.746185 0.871486 0.778073 0.877559 0.697117 0.722284 0.745273 0.601720 0.846148 0.862813 0.967804 0.761421 0.962563 0.851209 0.981170 0.875842 0.882758 0.798606 0.826223 0.949545 0.788317 0.989830 0.668375 0.776456 0.855195 0.905406 0.843703 0.913369 0.960050 0.913332 0.957112 0.840568 0.997869 0.939246 0.938658 0.903012
0.885817 0.824714 0.675367 0.701769 0.908716 0.945960 0.962370 0.699852 0.964275 0.550742 0.852161 0.660060 0.930969 0.922258 0.828052 0.938061 0.895878 0.999704 0.987366 0.967390 0.767350 0.973031 0.854428 0.865035 0.000000 0.426236 0.785412 0.639196 0.697896 0.654460 0.803888 0.917904 0.835280 0.780202 0.827709 0.856360 0.716735 0.670430 0.875767 0.895797 0.931793 0.724183 0.690430 0.655353 0.985884 0.954414 0.869607 0.909046 0.939868 0.697130 0.684728 0.615474 0.645199 0.618663 0.980443 0.914396 0.663701 0.796612 0.926741 0.965233 0.709129 0.603576 0.734672 0.669875 0.559925 0.925555 0.822241 0.993506 0.749307 0.815569 0.787159 0.795285 0.938105 0.940087 0.861946 0.949099 0.809265 0.816384 0.855715 0.774927 0.951242 0.983284 0.858780 0.960938 0.815396 0.813213 0.792740 0.943775 0.802852 0.815425 0.829644 0.686154 0.772287 0.605575 0.990284 0.747449 0.850969 0.862282 0.951045 0.868560 0.905067 0.805618 0.974545 0.946420 0.779949 0.831435 0.840318 0.719097 0.922025 0.919969 0.946691 0.950982 0.952572 0.889158 0.720074 0.729575
0.789297 0.729658 0.685597 0.695991 0.828935 0.990772 0.969792 0.773314 0.982112 0.601671 0.909066 0.725086 0.988028 0.988915 0.808435 0.957381 0.990910 0.946438 0.938633 0.913670 0.735066 0.879449 0.941741 0.957605 0.426236 0.000000 0.815698 0.642577 0.734572 0.635516 0.797291 0.999008 0.841964 0.831865 0.835775 0.871840 0.643397 0.628366 0.807243 0.935345 0.880162 0.735871 0.673829 0.666290 0.918558 0.934341 0.880526 0.830437 0.925451 0.694345 0.704410 0.643540 0.722312 0.663041 0.893160 0.876606 0.677015 0.706792 0.879862 0.922657 0.785990 0.732658 0.763668 0.766261 0.592660 0.990100 0.835613 0.986593 0.696847 0.849388 0.800710 0.854733 0.960338 0.870459 0.929205 0.980416 0.783628 0.725560 0.867994 0.712359 0.980928 0.953524 0.913348 0.974232 0.873258 0.824963 0.844072 0.991147 0.700076 0.781664 0.833618 0.754099 0.787894 0.645876 0.948164 0.761314 0.850676 0.794033 0.985959 0.903505 0.905389 0.786249 0.853410 0.835952 0.843441 0.815086 0.756859 0.739937 0.921951 0.956700 0.980824 0.917505 0.903291 0.950764 0.720856 0.761676
0.951309 0.984112 0.803551 0.927039 0.831687 0.973965 0.957463 0.778032 0.869008 0.815261 0.814714 0.826397 0.892362 0.791961 0.588899 0.822285 0.895316 0.940478 0.888687 0.974104 0.953352 0.942198 0.743631 0.706332 0.785412 0.815698 0.000000 0.792859 0.907638 0.997466 0.854206 0.794842 0.995162 0.793606 0.965363 0.912470 0.915821 0.957415 0.987418 0.949814 0.963077 0.907540 0.863322 0.921370 0.815458 0.799492 0.977611 0.868528 0.847973 0.961417 0.930727 0.839714 0.708221 0.724180 0.955513 0.875948 0.971659 0.892766 0.896977 0.891205 0.921332 0.817992 0.951964 0.856655 0.722576 0.927589 0.997576 0.740822 0.926016 0.992751 0.934398 0.842843 0.929769 0.901747 0.946188 0.962944 0.878025 0.977290 0.974592 0.921711 0.961205 0.946197 0.780279 0.906166 0.814583 0.800453 0.853109 0.866351 0.931058 0.939536 0.913536 0.946986 0.991801 0.926791 0.884964 0.986583 0.866062 0.952550 0.869371 0.924877 0.850027 0.957198 0.898647 0.943922 0.731754 0.914541 0.894155 0.887990 0.879265 0.977131 0.913668 0.960695 0.967118 0.839526 0.766971 0.989586
0.867940 0.846252 0.833827 0.879975 0.743528 0.876646 0.906457 0.781750 0.994959 0.673194 0.923299 0.820314 0.901730 0.955888 0.895154 0.976741 0.938034 0.968206 0.995915 0.864358 0.793140 0.721775 0.910235 0.956705 0.639196 0.642577 0.792859 0.000000 0.864703 0.771203 0.963187 0.886703 0.947804 0.859928 0.966811 0.966229 0.720580 0.663680 0.985433 0.958661 0.875968 0.953924 0.895629 0.852519 0.818641 0.855121 0.972032 0.976520 0.871459 0.995831 0.938579 0.899630 0.859211 0.828693 0.971741 0.941459 0.762041 0.899894 0.953020 0.927589 0.826859 0.781652 0.851442 0.784712 0.815552 0.955004 0.974518 0.825038 0.664680 0.899163 0.892477 0.912226 0.893456 0.806772 0.910182 0.957408 0.955117 0.824955 0.860745 0.829123 0.996831 0.886925 0.885159 0.875528 0.952123 0.995702 0.988266 0.857414 0.911333 0.909979 0.967854 0.921521 0.862879 0.785139 0.963395 0.847556 0.860848 0.812340 0.914275 0.998259 0.899272 0.876211 0.824172 0.861462 0.819276 0.877876 0.897432 0.768042 0.892413 0.954372 0.922317 0.945581 0.963173 0.975105 0.748287 0.727126
0.837604 0.997815 0.986361 0.993863 0.867906 0.987510 0.784786 0.647470 0.889543 0.633416 0.799701 0.721815 0.894632 0.864840 0.999901 0.949389 0.742737 0.643140 0.822906 0.841102 0.884933 0.879489 0.979547 0.967881 0.697896 0.734572 0.907638 0.864703 0.000000 0.421100 0.987290 0.827653 0.863017 0.621960 0.922021 0.829677 0.840296 0.703607 0.931886 0.886431 0.965418 0.903035 0.823921 0.828942 0.972539 0.999367 0.842786 0.949177 0.987303 0.743174 0.688215 0.685288 0.839573 0.703950 0.871914 0.799016 0.994716 0.930336 0.966616 0.946263 0.615837 0.612688 0.568553 0.632533 0.955099 0.807523 0.987738 0.947482 0.732427 0.925113 0.852577 0.785309 0.966836 0.812623 0.900083 0.872503 0.991793 0.988077 0.796073 0.973707 0.709256 0.737096 0.818937 0.686527 0.874660 0.846420 0.958814 0.904279 0.988292 0.806911 0.803841 0.608361 0.733137 0.588015 0.803652 0.997881 0.848731 0.889972 0.951257 0.964658 0.983633 0.587556 0.941052 0.950320 0.855949 0.935112 0.829383 0.698935 0.988262 0.990497 0.872103 0.952077 0.930127 0.910244 0.860739 0.702789
0.882033 0.971829 0.825583 0.877735 0.896980 0.940577 0.855319 0.621947 0.951032 0.574324 0.798492 0.670553 0.980533 0.861125 0.924989 0.915773 0.766801 0.651823 0.834363 0.880593 0.791824 0.846732 0.965291 0.970444 0.654460 0.635516 0.997466 0.771203 0.421100 0.000000 0.916468 0.780919 0.844468 0.604944 0.917275 0.835119 0.786261 0.731250 0.956302 0.985679 0.991273 0.850226 0.832035 0.811355 0.926500 0.921484 0.831185 0.964357 0.862676 0.824779 0.787541 0.709908 0.832812 0.689952 0.790678 0.807718 0.962624 0.959549 0.950423 0.895641 0.663730 0.591724 0.567866 0.572994 0.794144 0.841700 0.943943 0.852265 0.670443 0.934872 0.882793 0.850486 0.892697 0.810378 0.979442 0.915495 0.916621 0.926762 0.859012 0.980180 0.737693 0.712367 0.811331 0.687584 0.913491 0.951660 0.977479 0.919798 0.944019 0.860377 0.758840 0.602931 0.706502 0.546924 0.858762 0.870648 0.864022 0.837585 0.940893 0.977902 0.955894 0.678066 0.869910 0.944485 0.892259 0.967832 0.722311 0.755946 0.939842 0.994379 0.969027 0.985533 0.921539 0.982707 0.856968 0.696281
0.929152 0.982881 0.817856 0.829301 0.931301 0.957104 0.837317 0.947711 0.898698 0.996916 0.817467 0.721830 0.949145 0.983143 0.759100 0.938246 0.913852 0.888296 0.886828 0.858993 0.970696 0.938665 0.581866 0.680904 0.803888 0.797291 0.854206 0.963187 0.987290 0.916468 0.000000 0.646352 0.721994 0.983099 0.843367 0.830507 0.983130 0.742003 0.996841 0.997876 0.875355 0.896776 0.995520 0.994770 0.891465 0.876265 0.939009 0.864297 0.843088 0.716243 0.744236 0.704981 0.719252 0.688972 0.987158 0.904741 0.882314 0.911638 0.957854 0.968613 0.992001 0.867150 0.964857 0.981201 0.711089 0.999104 0.836672 0.804966 0.905562 0.823739 0.704930 0.866753 0.812907 0.838210 0.847128 0.950399 0.976279 0.966767 0.897259 0.985746 0.881173 0.827944 0.765190 0.826763 0.591998 0.726160 0.853023 0.718920 0.955898 0.888326 0.853473 0.803988 0.824264 0.814629 0.896246 0.912315 0.983952 0.912499 0.876862 0.832673 0.860049 0.972104 0.861140 0.918457 0.882898 0.900720 0.918346 0.829028 0.961476 0.905467 0.889876 0.988174 0.976569 0.943151 0.881670 0.898797
0.895475 0.946461 0.990404 0.997311 0.781883 0.886903 0.984044 0.930995 0.949859 0.975213 0.775991 0.853574 0.984628 0.827033 0.714289 0.770990 0.919243 0.989225 0.747878 0.936023 0.826385 0.839067 0.530637 0.530467 0.917904 0.999008 0.794842 0.886703 0.827653 0.780919 0.646352 0.000000 0.881772 0.997123 0.918815 0.688972 0.796830 0.880695 0.920557 0.802123 0.847482 0.989237 0.918645 0.939995 0.937657 0.997904 0.946736 0.926334 0.955160 0.919034 0.969971 0.904431 0.720884 0.794761 0.984824 0.952279 0.933805 0.895836 0.705591 0.864974 0.933258 0.863861 0.998867 0.893205 0.818722 0.997271 0.861082 0.972649 0.840499 0.767246 0.790015 0.901976 0.734253 0.637346 0.858971 0.937773 0.874088 0.989454 0.969045 0.857016 0.897321 0.983412 0.677715 0.985277 0.679544 0.806902 0.803156 0.565814 0.791592 0.971974 0.975619 0.928998 0.980415 0.978503 0.960296 0.959817 0.884008 0.733202 0.952169 0.860419 0.911606 0.885703 0.763723 0.840854 0.935394 0.963413 0.928068 0.965030 0.926591 0.820911 0.847794 0.909478 0.952834 0.894891 0.980329 0.816058
0.557847 0.712215 0.585606 0.587897 0.937236 0.988735 0.541402 0.695056 0.825633 0.824755 0.749202 0.931916 0.973479 0.886763 0.992915 0.890794 0.682965 0.595927 0.699983 0.738935 0.792995 0.971345 0.911186 0.973385 0.835280 0.841964 0.995162 0.947804 0.863017 0.844468 0.721994 0.881772 0.000000 0.606239 0.717828 0.872252 0.879039 0.868301 0.988445 0.962720 0.728496 0.774122 0.848229 0.801098 0.741381 0.676009 0.759553 0.726986 0.844554 0.829009 0.903247 0.953575 0.957641 0.945315 0.775920 0.787995 0.579435 0.796426 0.735525 0.869707 0.628901 0.813498 0.676861 0.722317 0.731518 0.798359 0.536109 0.596000 0.885704 0.868397 0.920272 0.946854 0.896452 0.919614 0.958482 0.982600 0.870792 0.931271 0.730801 0.906282 0.591925 0.594032 0.925030 0.748561 0.646725 0.665939 0.902832 0.990164 0.926100 0.741102 0.672875 0.864688 0.719712 0.849224 0.848558 0.737386 0.671366 0.904106 0.692444 0.717105 0.946353 0.972604 0.822508 0.742648 0.907767 0.750928 0.862574 0.801981 0.855044 0.860572 0.933407 0.730268 0.792384 0.929761 0.968628 0.968618
0.583233 0.822987 0.851382 0.770736 0.960011 0.970454 0.572954 0.439358 0.902079 0.532179 0.507152 0.576935 0.846789 0.989604 0.769052 0.914944 0.625055 0.557736 0.701253 0.783505 0.962585 0.864141 0.884234 0.749849 0.780202 0.831865 0.793606 0.859928 0.621960 0.604944 0.983099 0.997123 0.606239 0.000000 0.804247 0.921146 0.962464 0.917648 0.974337 0.962019 0.732892 0.916663 0.936592 0.958095 0.770614 0.677972 0.788698 0.789430 0.802690 0.896462 0.805538 0.703197 0.734330 0.680145 0.665199 0.758047 0.798881 0.937048 0.785853 0.877675 0.462569 0.530144 0.448879 0.448442 0.919246 0.808080 0.723156 0.658893 0.977372 0.842059 0.896614 0.834250 0.983987 0.983103 0.980288 0.973711 0.987758 0.901669 0.820833 0.845366 0.565481 0.595433 0.971894 0.688673 0.834569 0.867283 0.937499 0.959040 0.973239 0.785272 0.850371 0.847778 0.907531 0.808725 0.803629 0.959582 0.877734 0.943191 0.641419 0.731174 0.893286 0.852218 0.795891 0.816837 0.940655 0.840995 0.743667 0.923421 0.853159 0.916753 0.850837 0.734552 0.829385 0.811567 0.805714 0.748228
0.650420 0.774809 0.591714 0.568646 0.921016 0.864391 0.677966 0.829779 0.853039 0.920421 0.774140 0.968331 0.910821 0.984222 0.950241 0.806029 0.741399 0.722031 0.668196 0.680346 0.857006 0.836439 0.862778 0.992492 0.827709 0.835775 0.965363 0.966811 0.922021 0.917275 0.843367 0.918815 0.717828 0.804247 0.000000 0.978890 0.853066 0.907309 0.939873 0.961471 0.704630 0.674742 0.842152 0.860806 0.751680 0.713355 0.856981 0.776487 0.790150 0.745160 0.805763 0.790851 0.816972 0.815699 0.873786 0.700740 0.695977 0.734324 0.797036 0.892606 0.813190 0.981270 0.776483 0.767511 0.697295 0.978842 0.688804 0.867720 0.685656 0.677239 0.779074 0.809934 0.931094 0.980319 0.987590 0.861068 0.944678 0.953367 0.855273 0.950048 0.706855 0.700640 0.850199 0.742375 0.663402 0.750810 0.986879 0.983827 0.986235 0.709723 0.674640 0.699658 0.630107 0.759180 0.831848 0.820864 0.762832 0.824686 0.672816 0.614175 0.979138 0.864214 0.710317 0.742571 0.823359 0.691927 0.964446 0.675727 0.903976 0.929816 0.872038 0.851246 0.953574 0.943702 0.915306 0.964812
0.956313 0.934448 0.969550 0.976449 0.980680 0.973090 0.959841 0.986328 0.907858 0.970821 0.978565 0.979670 0.984529 0.946472 0.923112 0.941571 0.954502 0.837610 0.891520 0.974222 0.962084 0.981291 0.879056 0.961364 0.856360 0.871840 0.912470 0.966229 0.829677 0.835119 0.830507 0.688972 0.872252 0.921146 0.978890 0.000000 0.956553 0.985707 0.954924 0.991752 0.996905 0.984409 0.867060 0.930832 0.873312 0.859907 0.858651 0.793443 0.829354 0.902669 0.974429 0.987292 0.890401 0.927971 0.882107 0.916273 0.903219 0.995101 0.959844 0.926386 0.972710 0.922996 0.914088 0.997406 0.897138 0.964564 0.957699 0.880638 0.865066 0.894623 0.976421 0.992015 0.953991 0.973153 0.995273 0.991587 0.932674 0.873425 0.851459 0.925049 0.915639 0.914639 0.808764 0.863828 0.827895 0.908486 0.995208 0.804647 0.955838 0.938988 0.945368 0.954340 0.984636 0.977670 0.856666 0.970555 0.964260 0.863796 0.908438 0.934134 0.994499 0.898515 0.909691 0.921590 0.883363 0.968319 0.903254 0.907514 0.996158 0.967697 0.917459 0.955272 0.941250 0.973292 0.958267 0.922771
0.783093 0.817847 0.768405 0.890875 0.889892 0.892141 0.955403 0.836009 0.963571 0.748883 0.904486 0.883494 0.948756 0.821511 0.898133 0.928896 0.813070 0.830916 0.939933 0.826737 0.737310 0.864558 0.916975 0.821021 0.716735 0.643397 0.915821 0.720580 0.840296 0.786261 0.983130 0.796830 0.879039 0.962464 0.853066 0.956553 0.000000 0.629424 0.876028 0.809631 0.797870 0.795637 0.947516 0.916785 0.821851 0.865587 0.891804 0.972824 0.972660 0.889074 0.823100 0.758375 0.863059 0.859201 0.841823 0.833282 0.657833 0.634725 0.723573 0.816328 0.898131 0.876699 0.950413 0.995036 0.785208 0.968716 0.832592 0.976819 0.692269 0.790534 0.996862 0.955088 0.975973 0.867315 0.841381 0.827866 0.944190 0.867159 0.734266 0.859851 0.860921 0.899145 0.925679 0.850959 0.926372 0.912532 0.949935 0.872192 0.760404 0.716201 0.956916 0.995254 0.949895 0.855832 0.994553 0.837976 0.810424 0.917184 0.978509 0.949577 0.945794 0.840529 0.761900 0.914436 0.794551 0.765338 0.853798 0.741875 0.980005 0.838832 0.867117 0.983673 0.998693 0.925730 0.733336 0.826186
0.868864 0.864812 0.847453 0.942339 0.711517 0.880053 0.896532 0.720595 0.890121 0.669955 0.920705 0.724952 0.905288 0.832463 0.963447 0.902348 0.957623 0.964548 0.873387 0.921090 0.792757 0.821344 0.959169 0.950709 0.670430 0.628366 0.957415 0.663680 0.703607 0.731250 0.742003 0.880695 0.868301 0.917648 0.907309 0.985707 0.629424 0.000000 0.951711 0.882613 0.842803 0.733096 0.834228 0.844329 0.940359 0.993982 0.951344 0.888204 0.884403 0.699599 0.635576 0.640147 0.832251 0.747733 0.944536 0.961604 0.697209 0.764860 0.790713 0.851045 0.736803 0.732519 0.797037 0.807531 0.894071 0.884560 0.834513 0.921100 0.715899 0.938134 0.861170 0.859033 0.968432 0.913946 0.799191 0.995736 0.881089 0.896992 0.958317 0.906947 0.958056 0.961254 0.957217 0.989593 0.973545 0.999504 0.921577 0.989360 0.806816 0.906467 0.921960 0.826926 0.807519 0.726702 0.992869 0.909209 0.755618 0.861364 0.995199 0.927968 0.963522 0.818909 0.905649 0.804132 0.822493 0.767590 0.767781 0.653774 0.972173 0.827407 0.999004 0.932550 0.977665 0.990014 0.764235 0.778845
