0.000000 0.365309 0.751417 0.928710 0.880892 0.916980 0.740103 0.951139 0.724636 0.944092 0.589415 0.477368 0.901218 0.789086 0.822841 0.942556 0.589934 0.590118 0.609000 0.437797 0.993326 0.902816 0.708140 0.972419 0.939124 0.832006 0.958837 0.997686 0.655752 0.865364 0.681884 0.687306 0.977592 0.842054 0.899460 0.810522 0.960943 0.811267 0.942209 0.950038 0.760936 0.744760 0.830559 0.936613 0.815282 0.882461 0.811842 0.839259 0.443983 0.471406 0.489405 0.564844 0.667665 0.948361 0.603653 0.491935 0.463279 0.390068 0.329537 0.347962 0.816939 0.569171 0.720509 0.580402 0.878712 0.988882 0.838611 0.870023 0.428783 0.485518 0.871990 0.940137 0.666262 0.718027 0.963975 0.823216 0.712820 0.941165 0.892044 0.798292 0.518479 0.510732 0.800557 0.710894 0.807900 0.882411 0.720192 0.991096 0.911963 0.606404 0.619409 0.544217 0.608246 0.603270 0.987486 0.889235 0.758436 0.952377 0.984991 0.929068 0.929119 0.837154 0.781347 0.670768 0.916779 0.978737 0.933774 0.962614 0.993773 0.850171 0.973082 0.948864 0.811817 0.969567 0.951206 0.879025
0.365309 0.000000 0.801050 0.762933 0.877751 0.847062 0.773082 0.791737 0.670478 0.906253 0.686273 0.427410 0.875657 0.715522 0.946101 0.777244 0.529568 0.503885 0.587768 0.423235 0.894523 0.938024 0.821910 0.917681 0.981240 0.897292 0.984894 0.994908 0.622909 0.763934 0.891924 0.831413 0.788407 0.671356 0.933131 0.789729 0.919236 0.757305 0.907099 0.949212 0.830804 0.781296 0.973896 0.786162 0.978353 0.723626 0.666452 0.633277 0.488090 0.480508 0.466383 0.537639 0.648501 0.909055 0.564609 0.547647 0.364945 0.289267 0.378981 0.426623 0.760990 0.515485 0.598051 0.437810 0.957148 0.920297 0.907748 0.989595 0.555279 0.427250 0.859804 0.806040 0.727637 0.762550 0.863551 0.820927 0.614623 0.815982 0.710677 0.676334 0.371634 0.424021 0.715545 0.589124 0.810806 0.840064 0.717897 0.936653 0.988383 0.637053 0.677113 0.575961 0.646129 0.619503 0.860878 0.802049 0.686743 0.861562 0.841306 0.859933 0.865064 0.927537 0.702996 0.684967 0.836900 0.904469 0.984739 0.999156 0.984862 0.799144 0.882776 0.967079 0.760588 0.839912 0.885422 0.834047
0.751417 0.801050 0.000000 0.578081 0.681006 0.879603 0.451247 0.934212 0.582183 0.983152 0.874205 0.695140 0.661810 0.945729 0.693455 0.990719 0.889988 0.811672 0.828333 0.800520 0.772221 0.927855 0.524274 0.700410 0.528981 0.459857 0.812107 0.907472 0.796358 0.820741 0.554695 0.702241 0.675810 0.818755 0.608742 0.719129 0.692083 0.925589 0.996105 0.973957 0.865562 0.967166 0.670597 0.786305 0.725138 0.890389 0.731279 0.780391 0.853785 0.839232 0.888960 0.905088 0.981479 0.824103 0.918418 0.811974 0.792765 0.734858 0.834650 0.681808 0.784362 0.787297 0.876969 0.678335 0.394451 0.643844 0.530084 0.580600 0.761665 0.668476 0.860198 0.984961 0.877999 0.883027 0.989916 0.990016 0.850589 0.930510 0.977394 0.987320 0.919878 0.992402 0.895969 0.906767 0.628808 0.602460 0.989583 0.738870 0.848332 0.955883 0.692169 0.725212 0.655617 0.684739 0.905892 0.936750 0.871536 0.990414 0.975142 0.954417 0.896900 0.789717 0.877783 0.895372 0.800297 0.946698 0.826690 0.801034 0.989777 0.833499 0.986416 0.971300 0.787243 0.906567 0.728082 0.883096
0.928710 0.762933 0.578081 0.000000 0.788415 0.683522 0.598621 0.571085 0.818387 0.902185 0.999947 0.793559 0.537383 0.650825 0.627897 0.680311 0.910155 0.940003 0.753226 0.865444 0.906896 0.990769 0.543517 0.533314 0.865906 0.727540 0.876658 0.864991 0.991902 0.974281 0.778797 0.862343 0.615233 0.729235 0.728616 0.930438 0.882640 0.932295 0.989094 0.950079 0.898494 0.995031 0.921458 0.834479 0.803563 0.780720 0.704996 0.647017 0.897970 0.816854 0.690375 0.669816 0.691777 0.640963 0.861141 0.903806 0.920768 0.846900 0.854549 0.897987 0.517807 0.705009 0.796580 0.800366 0.482575 0.431547 0.731035 0.575462 0.877649 0.921025 0.993814 0.884237 0.825980 0.767312 0.849814 0.922677 0.937144 0.800543 0.784865 0.832577 0.677888 0.684570 0.623524 0.732863 0.467182 0.459663 0.953795 0.650796 0.793343 0.710958 0.733626 0.943336 0.891964 0.955700 0.974637 0.852464 0.906001 0.999559 0.743484 0.725623 0.784921 0.696494 0.964807 0.950077 0.667487 0.843166 0.874860 0.978829 0.980701 0.976030 0.874844 0.939531 0.927569 0.940897 0.734832 0.903965
0.880892 0.877751 0.681006 0.788415 0.000000 0.838941 0.547406 0.728298 0.631761 0.966081 0.870360 0.988440 0.676137 0.933673 0.853541 0.934841 0.934228 0.976884 0.896745 0.994467 0.781117 0.823221 0.734643 0.853577 0.946069 0.876278 0.938521 0.994578 0.965183 0.954973 0.911491 0.926789 0.838708 0.753259 0.834365 0.812940 0.961577 0.876959 0.953849 0.904989 0.923303 0.995056 0.879096 0.926965 0.784237 0.996258 0.963380 0.992254 0.793814 0.702539 0.858272 0.834007 0.831498 0.915936 0.793647 0.814230 0.895375 0.792885 0.869134 0.878253 0.640608 0.905393 0.843551 0.978143 0.728326 0.623707 0.628526 0.635905 0.841212 0.797350 0.951122 0.918122 0.993080 0.980922 0.964894 0.882259 0.937395 0.916011 0.945008 0.993414 0.996825 0.990651 0.845426 0.779922 0.716667 0.644000 0.888308 0.781967 0.930458 0.963830 0.705748 0.817694 0.791648 0.818838 0.985519 0.994249 0.949758 0.885297 0.872020 0.818220 0.763337 0.769301 0.984938 0.937069 0.746105 0.934041 0.974708 0.951149 0.958424 0.918297 0.853465 0.976181 0.996338 0.945877 0.894394 0.985661
0.916980 0.847062 0.879603 0.683522 0.838941 0.000000 0.762083 0.598454 0.883977 0.742158 0.915941 0.818647 0.774086 0.800692 0.855921 0.668907 0.993258 0.928426 0.914564 0.914127 0.953332 0.890058 0.780818 0.866921 0.943718 0.938174 0.965753 0.835065 0.902912 0.946182 0.849653 0.968428 0.778644 0.774419 0.821910 0.838863 0.895255 0.944209 0.898092 0.931121 0.936067 0.929571 0.950500 0.851699 0.792094 0.785846 0.974845 0.743904 0.893191 0.994805 0.893125 0.870807 0.937424 0.896899 0.968709 0.959575 0.925397 0.949786 0.939707 0.912965 0.697695 0.708138 0.800409 0.798364 0.799447 0.702977 0.734573 0.716239 0.857308 0.976004 0.876936 0.846263 0.930943 0.776431 0.827943 0.816661 0.838164 0.703323 0.946436 0.945661 0.886685 0.918216 0.840519 0.948389 0.803920 0.779665 0.936645 0.826256 0.984291 0.912582 0.782476 0.944496 0.793458 0.924530 0.753305 0.886067 0.758258 0.869716 0.641757 0.750862 0.712402 0.872354 0.808913 0.939581 0.735794 0.953191 0.936157 0.831736 0.837580 0.953985 0.919060 0.932613 0.970774 0.911044 0.886179 0.937433
0.740103 0.773082 0.451247 0.598621 0.547406 0.762083 0.000000 0.577533 0.432449 0.722810 0.898104 0.919618 0.550703 0.926863 0.624320 0.848409 0.972205 0.922027 0.882002 0.841803 0.951818 0.926379 0.584573 0.851128 0.921082 0.768934 0.997003 0.884446 0.982906 0.974250 0.678523 0.744287 0.642819 0.695411 0.704490 0.751564 0.908108 0.942027 0.908344 0.898136 0.669990 0.825541 0.650998 0.683876 0.479433 0.708382 0.877871 0.783611 0.816999 0.685167 0.799249 0.775258 0.840152 0.985381 0.677651 0.713679 0.829734 0.686417 0.834771 0.679310 0.528761 0.964999 0.887570 0.882431 0.516502 0.517132 0.405291 0.440935 0.645571 0.624508 0.996172 0.958828 0.883473 0.861144 0.883856 0.995245 0.933784 0.938130 0.932785 0.914599 0.931132 0.931022 0.907710 0.983454 0.666289 0.654553 0.833510 0.701389 0.904586 0.869077 0.549377 0.607657 0.595140 0.538304 0.992948 0.887522 0.933014 0.934526 0.723611 0.672154 0.782240 0.586906 0.893981 0.996767 0.752040 0.978578 0.864044 0.957112 0.913029 0.898469 0.822973 0.773156 0.980429 0.963395 0.778115 0.993666
0.951139 0.791737 0.934212 0.571085 0.728298 0.598454 0.577533 0.000000 0.779625 0.516669 0.768757 0.588260 0.545090 0.622354 0.723035 0.587069 0.826241 0.790031 0.899539 0.795809 0.745897 0.868618 0.799301 0.881588 0.663908 0.792298 0.897153 0.932938 0.717143 0.715558 0.960311 0.940510 0.684397 0.625134 0.935066 0.968932 0.971256 0.928912 0.857213 0.857626 0.757532 0.989620 0.900982 0.765037 0.568172 0.582436 0.873998 0.676636 0.865094 0.950193 0.776454 0.805631 0.858657 0.851106 0.975181 0.995868 0.853748 0.857592 0.860723 0.897145 0.385896 0.433504 0.525035 0.544389 0.795119 0.535242 0.680696 0.569248 0.759332 0.963951 0.986845 0.814592 0.824365 0.778981 0.766668 0.928189 0.795545 0.847019 0.744667 0.964682 0.709748 0.865419 0.778019 0.872511 0.736194 0.758050 0.887664 0.756972 0.985456 0.974748 0.626015 0.829444 0.789864 0.790314 0.823772 0.835724 0.753731 0.826408 0.476756 0.520093 0.627561 0.657590 0.816989 0.826050 0.648487 0.838409 0.973434 0.829491 0.946694 0.867010 0.725646 0.673367 0.708024 0.894529 0.740792 0.825789
0.724636 0.670478 0.582183 0.818387 0.631761 0.883977 0.432449 0.779625 0.000000 0.851234 0.990871 0.746512 0.797360 0.862424 0.798653 0.926612 0.731496 0.707595 0.890865 0.682853 0.890139 0.969370 0.736574 0.978659 0.929265 0.782756 0.954546 0.877351 0.820651 0.805550 0.833426 0.959474 0.902613 0.959951 0.707485 0.849579 0.901949 0.965807 0.945490 0.942141 0.809285 0.794147 0.794806 0.931225 0.659305 0.870662 0.942795 0.991283 0.883905 0.770515 0.804372 0.869888 0.939014 0.906333 0.702398 0.876230 0.709632 0.623871 0.788961 0.748818 0.773928 0.929534 0.838901 0.685668 0.625468 0.696293 0.571735 0.656822 0.714252 0.527743 0.923768 0.750579 0.803759 0.855737 0.975920 0.979037 0.884346 0.936118 0.764952 0.702466 0.724620 0.770588 0.933069 0.926710 0.776836 0.807655 0.864274 0.846964 0.851060 0.925591 0.539095 0.499840 0.534376 0.524425 0.982008 0.917971 0.900460 0.969611 0.826606 0.827326 0.882328 0.750105 0.728936 0.989351 0.852532 0.912841 0.887005 0.998590 0.936236 0.685934 0.930566 0.989476 0.980070 0.900800 0.904379 0.968014
0.944092 0.906253 0.983152 0.902185 0.966081 0.742158 0.722810 0.516669 0.851234 0.000000 0.752099 0.815848 0.885554 0.943312 0.947581 0.865226 0.761694 0.807755 0.983794 0.844085 0.689336 0.991779 0.909046 0.803984 0.817303 0.781495 0.786227 0.847236 0.641178 0.600552 0.791380 0.845372 0.711809 0.699511 0.992781 0.981977 0.938762 0.820821 0.963550 0.972379 0.805184 0.976761 0.680777 0.539126 0.502163 0.478400 0.824469 0.689355 0.788946 0.928689 0.925966 0.982599 0.994346 0.908646 0.995547 0.966497 0.826831 0.951645 0.932438 0.986627 0.776827 0.766099 0.757859 0.780286 0.945462 0.980268 0.804754 0.826006 0.849602 0.920999 0.856289 0.702617 0.941861 0.995666 0.828548 0.902731 0.890976 0.860831 0.933010 0.942905 0.917266 0.945253 0.951172 0.975401 0.816078 0.795102 0.956514 0.999561 0.846913 0.813299 0.851613 0.847056 0.856662 0.775770 0.805643 0.839354 0.808244 0.757994 0.576062 0.659963 0.712949 0.761665 0.773017 0.758052 0.944264 0.984867 0.857459 0.899952 0.967239 0.915214 0.786901 0.682520 0.786352 0.789476 0.944849 0.831457
0.589415 0.686273 0.874205 0.999947 0.870360 0.915941 0.898104 0.768757 0.990871 0.752099 0.000000 0.603416 0.801859 0.914350 0.877649 0.961635 0.473369 0.557205 0.647025 0.558421 0.958657 0.942515 0.627303 0.705272 0.741274 0.778122 0.878200 0.864761 0.505625 0.604848 0.856964 0.881377 0.836890 0.738790 0.824176 0.775248 0.884273 0.967001 0.930980 0.931075 0.969114 0.825895 0.955991 0.811976 0.893732 0.796754 0.942086 0.913241 0.708772 0.819919 0.796278 0.938282 0.957151 0.942474 0.910219 0.820349 0.570863 0.693733 0.595915 0.732013 0.742223 0.745779 0.588027 0.692299 0.746691 0.915865 0.957434 0.992613 0.750605 0.693263 0.863745 0.961938 0.656684 0.689793 0.881693 0.874488 0.888014 0.966873 0.837159 0.805774 0.733240 0.790066 0.963169 0.859548 0.915171 0.909316 0.712149 0.911794 0.942245 0.943279 0.703198 0.734570 0.767898 0.859035 0.957486 0.850145 0.876934 0.988012 0.877371 0.815480 0.893773 0.942508 0.901294 0.662349 0.953885 0.864825 0.865836 0.924115 0.995494 0.895302 0.937662 0.978188 0.908752 0.892542 0.995491 0.811226
0.477368 0.427410 0.695140 0.793559 0.988440 0.818647 0.919618 0.588260 0.746512 0.815848 0.603416 0.000000 0.635684 0.442495 0.853267 0.571336 0.495412 0.483477 0.638971 0.408302 0.884695 0.992180 0.882832 0.914099 0.649566 0.642793 0.931082 0.934783 0.477103 0.570998 0.740151 0.881293 0.812873 0.633796 0.810489 0.745379 0.867253 0.891041 0.925692 0.974173 0.957474 0.876140 0.859458 0.851792 0.982516 0.714430 0.847353 0.768595 0.698704 0.670443 0.540148 0.675155 0.781225 0.993312 0.781089 0.727934 0.497593 0.458217 0.500981 0.516360 0.518329 0.348296 0.421038 0.300637 0.888814 0.778709 0.917965 0.925042 0.711301 0.559867 0.946774 0.803333 0.812604 0.854711 0.840063 0.764501 0.656792 0.838401 0.707702 0.692622 0.438028 0.494057 0.648114 0.726867 0.805796 0.836677 0.951408 0.868136 0.964123 0.830732 0.796333 0.587663 0.621551 0.642515 0.892845 0.810693 0.771802 0.855804 0.793955 0.751296 0.804200 0.972875 0.712662 0.727891 0.865849 0.970117 0.953081 0.892596 0.987996 0.777951 0.773399 0.825969 0.702968 0.777721 0.877697 0.736504
0.901218 0.875657 0.661810 0.537383 0.676137 0.774086 0.550703 0.545090 0.797360 0.885554 0.801859 0.635684 0.000000 0.436965 0.494257 0.529441 0.771277 0.835707 0.637495 0.759836 0.973095 0.980550 0.612192 0.635706 0.934179 0.960363 0.873818 0.961970 0.738749 0.796780 0.928756 0.885018 0.657622 0.623515 0.912525 0.987854 0.991279 0.927535 0.807524 0.952030 0.808568 0.913910 0.992688 0.876626 0.818476 0.832464 0.847803 0.811235 0.964006 0.996993 0.746146 0.867613 0.832608 0.786746 0.937121 0.904370 0.950546 0.967706 0.892202 0.957418 0.353980 0.661520 0.615424 0.726701 0.593009 0.490881 0.717718 0.598456 0.800654 0.948338 0.894251 0.957315 0.861125 0.894089 0.865810 0.886509 0.872923 0.907530 0.829005 0.915180 0.736780 0.746888 0.662924 0.868811 0.516497 0.569074 0.865294 0.701764 0.874552 0.942056 0.797730 0.919692 0.991242 0.982699 0.909799 0.974421 0.970610 0.958794 0.793937 0.772167 0.786305 0.803206 0.929760 0.946072 0.759037 0.926092 0.939070 0.967602 0.959750 0.973352 0.821446 0.797849 0.908435 0.953441 0.738414 0.857930
0.789086 0.715522 0.945729 0.650825 0.933673 0.800692 0.926863 0.622354 0.862424 0.943312 0.914350 0.442495 0.436965 0.000000 0.527700 0.406677 0.699616 0.699640 0.695592 0.621622 0.896893 0.972178 0.737374 0.633765 0.792038 0.782524 0.878042 0.920813 0.658294 0.707837 0.910118 0.971088 0.772313 0.708834 0.883810 0.859499 0.781062 0.945129 0.709146 0.975527 0.842911 0.890653 0.815588 0.983559 0.974747 0.866582 0.937734 0.816786 0.992112 0.846455 0.623152 0.748356 0.788321 0.799719 0.979800 0.989656 0.833443 0.759649 0.789868 0.755309 0.488831 0.566138 0.570514 0.510807 0.829923 0.612180 0.976725 0.861524 0.937169 0.825574 0.847280 0.867378 0.909727 0.901190 0.832162 0.804556 0.821722 0.876109 0.730569 0.765743 0.621144 0.655606 0.608071 0.901899 0.646436 0.687048 0.814431 0.822903 0.930454 0.914804 0.997861 0.677234 0.722665 0.688774 0.990442 0.934578 0.937852 0.990817 0.909883 0.810408 0.900422 0.946356 0.818102 0.967477 0.827426 0.927646 0.935418 0.951603 0.947117 0.903481 0.775931 0.820042 0.877066 0.896974 0.805994 0.873409
0.822841 0.946101 0.693455 0.627897 0.853541 0.855921 0.624320 0.723035 0.798653 0.947581 0.877649 0.853267 0.494257 0.527700 0.000000 0.502247 0.902900 0.911202 0.807904 0.940869 0.979456 0.957482 0.459367 0.614854 0.902575 0.873075 0.805169 0.938479 0.890970 0.887435 0.720363 0.658473 0.614092 0.720417 0.796140 0.954852 0.962762 0.936308 0.755562 0.836036 0.710981 0.805530 0.875143 0.849808 0.777784 0.861771 0.881395 0.794574 0.753358 0.801587 0.975612 0.933083 0.906094 0.922044 0.820578 0.741292 0.930197 0.924940 0.837360 0.813141 0.604536 0.876877 0.844032 0.893859 0.546260 0.527678 0.675207 0.593075 0.704453 0.851937 0.989644 0.807515 0.845906 0.869822 0.876427 0.974455 0.903353 0.949751 0.767549 0.926019 0.915472 0.857843 0.670764 0.911751 0.587862 0.581420 0.760403 0.758213 0.927499 0.955568 0.765103 0.950450 0.902199 0.924260 0.988576 0.945963 0.991600 0.975403 0.888972 0.727024 0.867991 0.823507 0.940192 0.905137 0.786328 0.897387 0.879026 0.919322 0.930094 0.942388 0.844328 0.767415 0.942977 0.971263 0.687159 0.872851
0.942556 0.777244 0.990719 0.680311 0.934841 0.668907 0.848409 0.587069 0.926612 0.865226 0.961635 0.571336 0.529441 0.406677 0.502247 0.000000 0.823411 0.750971 0.757464 0.721385 0.890243 0.912769 0.622482 0.612609 0.927344 0.959745 0.901475 0.995747 0.711355 0.767969 0.890258 0.806035 0.703454 0.660779 0.976135 0.928627 0.953996 0.983159 0.802175 0.960417 0.819004 0.867042 0.998149 0.853050 0.862169 0.772589 0.901990 0.752301 0.913466 0.996640 0.799715 0.870845 0.937626 0.911719 0.985539 0.849060 0.821290 0.853703 0.972096 0.927435 0.564951 0.603071 0.608220 0.544988 0.738465 0.569279 0.823624 0.657360 0.836159 0.881182 0.917300 0.719688 0.880227 0.806098 0.878168 0.853521 0.786899 0.797827 0.626426 0.827337 0.662216 0.683101 0.556407 0.909314 0.648919 0.651066 0.815535 0.682285 0.998048 0.947099 0.890667 0.878746 0.917684 0.901821 0.928364 0.894425 0.876814 0.847720 0.781936 0.750296 0.725555 0.898133 0.820931 0.985076 0.768231 0.836106 0.984988 0.950890 0.967131 0.868703 0.705602 0.772218 0.899696 0.886045 0.725513 0.901154
0.589934 0.529568 0.889988 0.910155 0.934228 0.993258 0.972205 0.826241 0.731496 0.761694 0.473369 0.495412 0.771277 0.699616 0.902900 0.823411 0.000000 0.325491 0.445720 0.395308 0.921486 0.883843 0.785202 0.875453 0.885153 0.815568 0.931009 0.864657 0.376549 0.420280 0.936933 0.863225 0.605011 0.560500 0.857293 0.778028 0.934785 0.864066 0.995614 0.971649 0.950176 0.765254 0.891289 0.637655 0.856447 0.665241 0.671304 0.661459 0.745270 0.762576 0.734230 0.928302 0.965593 0.944454 0.823157 0.878330 0.397491 0.476763 0.555054 0.747367 0.725616 0.715807 0.466623 0.490804 0.849440 0.974804 0.945833 0.929897 0.705251 0.456027 0.896340 0.743079 0.573554 0.596102 0.826349 0.840114 0.745280 0.905579 0.657705 0.563821 0.478354 0.537807 0.772079 0.744193 0.994842 0.995629 0.787087 0.980072 0.793297 0.969998 0.579756 0.524617 0.570637 0.646689 0.904147 0.803244 0.826796 0.903615 0.897085 0.880589 0.878615 0.955894 0.684151 0.642065 0.969480 0.916687 0.940268 0.842281 0.952277 0.734991 0.758638 0.797946 0.854656 0.777054 0.920284 0.752006
0.590118 0.503885 0.811672 0.940003 0.976884 0.928426 0.922027 0.790031 0.707595 0.807755 0.557205 0.483477 0.835707 0.699640 0.911202 0.750971 0.325491 0.000000 0.487233 0.398156 0.956385 0.949664 0.851747 0.907644 0.825847 0.804952 0.934031 0.820564 0.396973 0.416077 0.913956 0.797546 0.624105 0.509399 0.857728 0.837981 0.988033 0.843381 0.976972 0.984937 0.979800 0.759062 0.870666 0.631809 0.823588 0.678512 0.708968 0.651858 0.811738 0.844675 0.823436 0.974649 0.925442 0.796324 0.829366 0.866433 0.360693 0.458324 0.636692 0.751483 0.740057 0.673536 0.436762 0.420256 0.854183 0.979665 0.990024 0.868822 0.691912 0.405047 0.778191 0.673207 0.536689 0.596337 0.837686 0.794986 0.697213 0.798282 0.541489 0.535700 0.425524 0.521888 0.673769 0.690253 0.983417 0.931174 0.883629 0.999248 0.743979 0.969941 0.607540 0.516443 0.585009 0.621180 0.828411 0.831701 0.698328 0.747624 0.870169 0.850197 0.837462 0.980152 0.667143 0.646584 0.904352 0.979998 0.982336 0.876482 0.907873 0.636015 0.634853 0.817850 0.844569 0.773962 0.850848 0.833628
0.609000 0.587768 0.828333 0.753226 0.896745 0.914564 0.882002 0.899539 0.890865 0.983794 0.647025 0.638971 0.637495 0.695592 0.807904 0.757464 0.445720 0.487233 0.000000 0.510197 0.900530 0.957693 0.890459 0.841207 0.874632 0.877119 0.866250 0.945671 0.549190 0.637113 0.813408 0.803084 0.558322 0.532815 0.967806 0.970984 0.930045 0.799006 0.965370 0.987836 0.942501 0.857559 0.841924 0.681562 0.831814 0.732228 0.627686 0.634513 0.807793 0.802365 0.755718 0.900436 0.882778 0.925562 0.773403 0.964271 0.535503 0.626813 0.624650 0.801035 0.667545 0.813547 0.615987 0.691366 0.824240 0.841709 0.908479 0.826335 0.736114 0.586831 0.899793 0.842604 0.662366 0.663275 0.895277 0.821247 0.805495 0.835798 0.709674 0.593533 0.551978 0.558298 0.706205 0.698982 0.736794 0.729986 0.825224 0.844644 0.969706 0.877442 0.710374 0.624352 0.688353 0.732975 0.990651 0.865901 0.865419 0.833342 0.988930 0.914256 0.801794 0.925282 0.744713 0.737195 0.892662 0.985667 0.909910 0.769203 0.981766 0.898071 0.742920 0.953024 0.934555 0.906314 0.905569 0.960634
0.437797 0.423235 0.800520 0.865444 0.994467 0.914127 0.841803 0.795809 0.682853 0.844085 0.558421 0.408302 0.759836 0.621622 0.940869 0.721385 0.395308 0.398156 0.510197 0.000000 0.934213 0.956760 0.864566 0.925419 0.896708 0.771443 0.981312 0.899397 0.458430 0.571880 0.891547 0.946189 0.701307 0.644616 0.926248 0.750112 0.994347 0.839608 0.958193 0.966982 0.955723 0.762322 0.962341 0.793515 0.971449 0.761782 0.790887 0.721597 0.610628 0.583991 0.553186 0.708293 0.804383 0.940478 0.702939 0.729376 0.409539 0.389674 0.500993 0.511605 0.722940 0.583164 0.528992 0.450652 0.868652 0.967007 0.903640 0.967835 0.609829 0.420152 0.960541 0.785683 0.645136 0.723718 0.888862 0.794781 0.706072 0.805124 0.685833 0.603613 0.436234 0.487511 0.734306 0.695436 0.865091 0.897548 0.701948 0.974816 0.904147 0.797875 0.632118 0.519237 0.566916 0.563435 0.901130 0.888892 0.803971 0.908972 0.926115 0.869974 0.724119 0.894452 0.643538 0.720993 0.821693 0.969532 0.984158 0.975101 0.898558 0.795898 0.765461 0.916091 0.892151 0.785667 0.844597 0.763440
0.993326 0.894523 0.772221 0.906896 0.781117 0.953332 0.951818 0.745897 0.890139 0.689336 0.958657 0.884695 0.973095 0.896893 0.979456 0.890243 0.921486 0.956385 0.900530 0.934213 0.000000 0.964354 0.955247 0.943910 0.840082 0.718516 0.997348 0.899987 0.941348 0.928231 0.967916 0.978442 0.990663 0.958908 0.877199 0.994478 0.891831 0.922097 0.794335 0.984137 0.858997 0.922697 0.917455 0.907321 0.848287 0.782529 0.994927 0.821311 0.838804 0.855173 0.881547 0.896374 0.862111 0.922846 0.962738 0.976268 0.932170 0.893146 0.908413 0.890404 0.979183 0.816284 0.922684 0.819875 0.894359 0.947246 0.953698 0.933602 0.902730 0.914186 0.950534 0.840442 0.866223 0.904523 0.797136 0.820640 0.959060 0.964937 0.982270 0.946100 0.937883 0.964156 0.987125 0.998846 0.929596 0.838270 0.990340 0.972515 0.948242 0.940282 0.820670 0.907562 0.964247 0.966689 0.901376 0.866563 0.845834 0.965045 0.692079 0.824834 0.985691 0.860442 0.788692 0.843500 0.969493 0.856582 0.988539 0.881456 0.928326 0.923640 0.861851 0.706806 0.819892 0.852547 0.980005 0.974190
0.902816 0.938024 0.927855 0.990769 0.823221 0.890058 0.926379 0.868618 0.969370 0.991779 0.942515 0.992180 0.980550 0.972178 0.957482 0.912769 0.883843 0.949664 0.957693 0.956760 0.964354 0.000000 0.877289 0.994436 0.900824 0.989225 0.997151 0.956362 0.904124 0.936530 0.908411 0.970133 0.988924 0.955057 0.921532 0.958827 0.898201 0.774408 0.960894 0.754635 0.904716 0.935518 0.975553 0.982195 0.955588 0.953908 0.809433 0.989826 0.932032 0.859301 0.903998 0.926952 0.850225 0.941782 0.930110 0.948736 0.930553 0.919065 0.932040 0.979298 0.874757 0.877564 0.989662 0.994049 0.932538 0.820997 0.903978 0.966979 0.993056 0.994306 0.996716 0.949495 0.993406 0.901730 0.865695 0.894569 0.994417 0.982935 0.984430 0.929571 0.965809 0.932486 0.976859 0.999434 0.901506 0.856354 0.841082 0.939280 0.961445 0.958919 0.824989 0.932623 0.949673 0.960609 0.996546 0.937823 0.932332 0.956618 0.911970 0.880398 0.905734 0.808975 0.987413 0.910088 0.829879 0.888101 0.937796 0.944771 0.965349 0.939589 0.957742 0.953860 0.998570 0.906253 0.920491 0.925570
0.708140 0.821910 0.524274 0.543517 0.734643 0.780818 0.584573 0.799301 0.736574 0.909046 0.627303 0.882832 0.612192 0.737374 0.459367 0.622482 0.785202 0.851747 0.890459 0.864566 0.955247 0.877289 0.000000 0.429309 0.713842 0.603545 0.748994 0.919596 0.770429 0.811994 0.669656 0.673429 0.675957 0.819311 0.680672 0.677700 0.809302 0.990372 0.815960 0.916493 0.743486 0.810212 0.858227 0.958836 0.793162 0.961951 0.914958 0.795367 0.734071 0.770186 0.917034 0.970101 0.999973 0.830875 0.852890 0.757023 0.743595 0.761212 0.734186 0.766458 0.709499 0.998436 0.929411 0.895845 0.358514 0.453665 0.595510 0.519931 0.668569 0.705149 0.911953 0.872109 0.725927 0.701671 0.908799 0.983551 0.890681 0.833029 0.902782 0.984172 0.990330 0.950051 0.659628 0.982294 0.448487 0.465170 0.739216 0.573882 0.874611 0.866198 0.576112 0.773565 0.710257 0.839169 0.958656 0.992275 0.938877 0.940894 0.877273 0.773772 0.769042 0.770541 0.956557 0.754959 0.664634 0.791625 0.833125 0.926668 0.986382 0.934122 0.836938 0.862994 0.888488 0.985418 0.714932 0.909776
0.972419 0.917681 0.700410 0.533314 0.853577 0.866921 0.851128 0.881588 0.978659 0.803984 0.705272 0.914099 0.635706 0.633765 0.614854 0.612609 0.875453 0.907644 0.841207 0.925419 0.943910 0.994436 0.429309 0.000000 0.729053 0.754864 0.675121 0.864733 0.846190 0.805642 0.879718 0.842104 0.819840 0.886816 0.862485 0.793749 0.920968 0.916543 0.819452 0.991468 0.985890 0.925406 0.953578 0.945643 0.920581 0.964679 0.837524 0.833220 0.921927 0.920689 0.801086 0.769058 0.776498 0.796095 0.901865 0.979510 0.945488 0.961512 0.986853 0.900411 0.754179 0.854980 0.995183 0.935027 0.537514 0.561653 0.868776 0.756486 0.936157 0.916274 0.947419 0.893566 0.761394 0.741401 0.958562 0.912418 0.956419 0.903740 0.869789 0.849195 0.796663 0.735561 0.623686 0.837591 0.435205 0.461156 0.837231 0.537004 0.736250 0.677765 0.793033 0.992143 0.937894 0.949541 0.880980 0.995025 0.954211 0.893617 0.951066 0.888381 0.803920 0.923210 0.862449 0.810933 0.731329 0.741575 0.868186 0.960018 0.969429 0.983487 0.878019 0.971641 0.974691 0.925617 0.801098 0.840585
0.939124 0.981240 0.528981 0.865906 0.946069 0.943718 0.921082 0.663908 0.929265 0.817303 0.741274 0.649566 0.934179 0.792038 0.902575 0.927344 0.885153 0.825847 0.874632 0.896708 0.840082 0.900824 0.713842 0.729053 0.000000 0.428894 0.682713 0.903806 0.737947 0.678619 0.636318 0.842835 0.860939 0.985263 0.699687 0.827271 0.651285 0.829746 0.938540 0.862910 0.942454 0.993286 0.708451 0.841657 0.996047 0.997898 0.748077 0.804437 0.985006 0.956323 0.929968 0.979100 0.970648 0.903907 0.865985 0.972032 0.977874 0.937321 0.945344 0.879012 0.788584 0.649630 0.654365 0.628716 0.574038 0.948951 0.757718 0.873253 0.929870 0.952774 0.711646 0.914231 0.941169 0.979362 0.861891 0.908519 0.911560 0.946908 0.979551 0.991403 0.935253 0.908137 0.974312 0.958333 0.759419 0.762465 0.807297 0.877050 0.870499 0.848665 0.999171 0.919941 0.831863 0.942269 0.993770 0.929540 0.993080 0.966273 0.821248 0.836504 0.952013 0.959566 0.934283 0.913679 0.971697 0.992572 0.847678 0.766641 0.954220 0.866031 0.944300 0.924634 0.742847 0.978539 0.833448 0.795244
0.832006 0.897292 0.459857 0.727540 0.876278 0.938174 0.768934 0.792298 0.782756 0.781495 0.778122 0.642793 0.960363 0.782524 0.873075 0.959745 0.815568 0.804952 0.877119 0.771443 0.718516 0.989225 0.603545 0.754864 0.428894 0.000000 0.745877 0.841696 0.686147 0.642239 0.574492 0.812413 0.802956 0.959791 0.695672 0.754229 0.607134 0.899121 0.837746 0.913648 0.978793 0.970541 0.757406 0.900581 0.950281 0.921359 0.767504 0.851488 0.902409 0.902388 0.843288 0.980645 0.994962 0.880186 0.967778 0.956501 0.862874 0.833242 0.810848 0.770048 0.887552 0.668279 0.694755 0.642180 0.497469 0.783710 0.691992 0.718106 0.951991 0.799682 0.720807 0.977954 0.973905 0.962327 0.925225 0.958896 0.798560 0.885659 0.973894 0.972529 0.954085 0.929600 0.890070 0.886175 0.696803 0.613089 0.915785 0.789041 0.858872 0.801954 0.841354 0.781421 0.735075 0.828404 0.952394 0.965148 0.926389 0.936609 0.945234 0.980274 0.967966 0.894858 0.813603 0.856019 0.913174 0.841632 0.945399 0.805392 0.979408 0.814033 0.899470 0.925738 0.765706 0.933057 0.826228 0.874540
0.958837 0.984894 0.812107 0.876658 0.938521 0.965753 0.997003 0.897153 0.954546 0.786227 0.878200 0.931082 0.873818 0.878042 0.805169 0.901475 0.931009 0.934031 0.866250 0.981312 0.997348 0.997151 0.748994 0.675121 0.682713 0.745877 0.000000 0.834227 0.784492 0.910948 0.903119 0.915493 0.950902 0.984270 0.950731 0.940581 0.980017 0.921218 0.967217 0.994983 0.992475 0.958305 0.915888 0.875011 0.836046 0.853708 0.934815 0.991887 0.902114 0.939767 0.996272 0.961428 0.962951 0.945090 0.956863 0.975265 0.975684 0.992596 0.922720 0.992798 0.919444 0.886748 0.881033 0.899426 0.815012 0.917286 0.928983 0.927226 0.977874 0.965456 0.950581 0.888275 0.810803 0.888795 0.991036 0.941408 0.874742 0.876244 0.900840 0.906051 0.986777 0.844936 0.894925 0.904964 0.753723 0.726876 0.891136 0.733352 0.865735 0.918260 0.960799 0.919855 0.986872 0.982401 0.957493 0.971031 0.791513 0.838104 0.905566 0.991949 0.962923 0.909086 0.939198 0.939940 0.900721 0.860345 0.960195 0.820490 0.918266 0.949852 0.980818 0.945967 0.865200 0.983985 0.905632 0.978389
0.997686 0.994908 0.907472 0.864991 0.994578 0.835065 0.884446 0.932938 0.877351 0.847236 0.864761 0.934783 0.961970 0.920813 0.938479 0.995747 0.864657 0.820564 0.945671 0.899397 0.899987 0.956362 0.919596 0.864733 0.903806 0.841696 0.834227 0.000000 0.861461 0.855060 0.978836 0.833690 0.889352 0.865664 0.934830 0.954471 0.960446 0.940515 0.924538 0.850974 0.928534 0.986427 0.727383 0.763546 0.732153 0.795970 0.997225 0.925906 0.986615 0.868869 0.852892 0.777153 0.828162 0.674689 0.861301 0.928481 0.841731 0.962966 0.944425 0.943958 0.915797 0.958144 0.931034 0.925013 0.901874 0.959542 0.891394 0.868733 0.826960 0.938561 0.904139 0.933147 0.808592 0.877136 0.938314 0.966616 0.972824 0.936736 0.902862 0.986921 0.956967 0.963312 0.992322 0.989723 0.924101 0.901209 0.937680 0.997842 0.766219 0.902469 0.944732 0.971783 0.955517 0.929425 0.990863 0.985468 0.986866 0.907078 0.973131 0.910869 0.984490 0.961914 0.955323 0.787747 0.944484 0.961634 0.972269 0.932706 0.918890 0.984496 0.736842 0.935696 0.851546 0.819726 0.951385 0.965307
0.655752 0.622909 0.796358 0.991902 0.965183 0.902912 0.982906 0.717143 0.820651 0.641178 0.505625 0.477103 0.738749 0.658294 0.890970 0.711355 0.376549 0.396973 0.549190 0.458430 0.941348 0.904124 0.770429 0.846190 0.737947 0.686147 0.784492 0.861461 0.000000 0.383365 0.953204 0.847534 0.622578 0.543178 0.828498 0.728065 0.937201 0.889847 0.893491 0.987279 0.919243 0.839281 0.872929 0.646388 0.764610 0.584538 0.740661 0.714756 0.785563 0.832409 0.784237 0.962528 0.985152 0.942651 0.876382 0.955761 0.492053 0.606366 0.654316 0.770900 0.684038 0.668491 0.438476 0.483220 0.794569 0.953028 0.998319 0.909583 0.871075 0.564394 0.961026 0.781163 0.632234 0.660802 0.925889 0.816588 0.661241 0.921650 0.693702 0.684004 0.578593 0.728425 0.872700 0.912411 0.905374 0.884989 0.901679 0.940547 0.768759 0.876473 0.672832 0.643239 0.686885 0.759066 0.901076 0.842165 0.822733 0.820177 0.833277 0.866740 0.777398 0.977599 0.704999 0.661540 0.990685 0.935060 0.975897 0.920951 0.947516 0.720453 0.730193 0.767213 0.814237 0.793815 0.924067 0.849598
0.865364 0.763934 0.820741 0.974281 0.954973 0.946182 0.974250 0.715558 0.805550 0.600552 0.604848 0.570998 0.796780 0.707837 0.887435 0.767969 0.420280 0.416077 0.637113 0.571880 0.928231 0.936530 0.811994 0.805642 0.678619 0.642239 0.910948 0.855060 0.383365 0.000000 0.877178 0.763283 0.672674 0.522611 0.780885 0.785688 0.914575 0.946608 0.973103 0.968809 0.914111 0.874312 0.878877 0.662912 0.732157 0.632422 0.829952 0.786883 0.974880 0.995433 0.950495 0.862675 0.849813 0.853774 0.989862 0.884687 0.577443 0.717432 0.848810 0.968250 0.743166 0.766124 0.454317 0.520445 0.712654 0.883402 0.932826 0.927334 0.998540 0.638052 0.898833 0.706952 0.741247 0.722693 0.894294 0.854529 0.806880 0.861705 0.721424 0.668662 0.666592 0.799618 0.892671 0.877964 0.778828 0.814498 0.999900 0.976026 0.678208 0.730217 0.713590 0.637206 0.688050 0.786315 0.795241 0.818127 0.824000 0.742828 0.842081 0.952976 0.821805 0.974923 0.657036 0.733699 0.993441 0.893632 0.999093 0.903431 0.920406 0.644673 0.663659 0.794618 0.768816 0.772589 0.977604 0.774682
0.681884 0.891924 0.554695 0.778797 0.911491 0.849653 0.678523 0.960311 0.833426 0.791380 0.856964 0.740151 0.928756 0.910118 0.720363 0.890258 0.936933 0.913956 0.813408 0.891547 0.967916 0.908411 0.669656 0.879718 0.636318 0.574492 0.903119 0.978836 0.953204 0.877178 0.000000 0.511686 0.560258 0.678169 0.753533 0.822444 0.661012 0.818343 0.979159 0.974272 0.845877 0.891582 0.468295 0.570583 0.575083 0.739768 0.653993 0.614330 0.825662 0.758940 0.728232 0.733689 0.774581 0.993515 0.934749 0.677716 0.952000 0.886156 0.707049 0.630126 0.986140 0.726812 0.993739 0.863156 0.699293 0.925268 0.650694 0.628881 0.717021 0.916535 0.601620 0.700098 0.967777 0.969647 0.943804 0.982735 0.969691 0.816024 0.816181 0.843842 0.967632 0.986728 0.923371 0.951298 0.971064 0.870426 0.951349 0.825259 0.842967 0.896700 0.896115 0.846430 0.786956 0.808226 0.843386 0.852801 0.886643 0.768570 0.874191 0.918133 0.866946 0.806228 0.945264 0.997896 0.990010 0.860866 0.876258 0.830106 0.913995 0.958924 0.788678 0.879504 0.821973 0.948206 0.817003 0.863472
0.687306 0.831413 0.702241 0.862343 0.926789 0.968428 0.744287 0.940510 0.959474 0.845372 0.881377 0.881293 0.885018 0.971088 0.658473 0.806035 0.863225 0.797546 0.803084 0.946189 0.978442 0.970133 0.673429 0.842104 0.842835 0.812413 0.915493 0.833690 0.847534 0.763283 0.511686 0.000000 0.545732 0.708858 0.854307 0.940302 0.809919 0.957152 0.966661 0.951825 0.812284 0.974421 0.650745 0.714737 0.672014 0.804280 0.778545 0.750532 0.709965 0.727457 0.742579 0.680186 0.687484 0.871128 0.945967 0.685597 0.964636 0.923420 0.676134 0.654166 0.939040 0.819705 0.869224 0.988378 0.814722 0.913213 0.794482 0.678478 0.801560 0.985481 0.724731 0.653908 0.943169 0.977055 0.966180 0.962840 0.983594 0.850746 0.692115 0.693908 0.883457 0.916710 0.806088 0.892371 0.959973 0.870991 0.957937 0.797678 0.789065 0.810914 0.975585 0.913848 0.974827 0.910851 0.881078 0.985615 0.966546 0.766261 0.963224 0.968893 0.845019 0.839845 0.877906 0.932044 0.894235 0.862745 0.872123 0.850180 0.917954 0.883865 0.748414 0.845942 0.782023 0.875439 0.853196 0.955699
0.977592 0.788407 0.675810 0.615233 0.838708 0.778644 0.642819 0.684397 0.902613 0.711809 0.836890 0.812873 0.657622 0.772313 0.614092 0.703454 0.605011 0.624105 0.558322 0.701307 0.990663 0.988924 0.675957 0.819840 0.860939 0.802956 0.950902 0.889352 0.622578 0.672674 0.560258 0.545732 0.000000 0.470569 0.741393 0.893057 0.750378 0.960877 0.967412 0.925565 0.787691 0.863958 0.632715 0.548047 0.568374 0.608310 0.614991 0.553047 0.969233 0.991062 0.923355 0.995916 0.960021 0.908749 0.939064 0.888534 0.703065 0.803999 0.870566 0.993589 0.634820 0.855724 0.654785 0.753115 0.685433 0.709224 0.642104 0.514807 0.905212 0.887395 0.772634 0.709523 0.866784 0.967294 0.906323 0.892607 0.769070 0.769174 0.692573 0.681816 0.643535 0.752199 0.728497 0.824140 0.727874 0.736285 0.930580 0.769754 0.852265 0.951584 0.960171 0.961348 0.981370 0.989904 0.825234 0.864694 0.962878 0.814649 0.719823 0.709949 0.748711 0.774771 0.827755 0.857256 0.727614 0.924553 0.851691 0.844948 0.906659 0.868984 0.788458 0.799512 0.972277 0.839079 0.739435 0.924848
0.842054 0.671356 0.818755 0.729235 0.753259 0.774419 0.695411 0.625134 0.959951 0.699511 0.738790 0.633796 0.623515 0.708834 0.720417 0.660779 0.560500 0.509399 0.532815 0.644616 0.958908 0.955057 0.819311 0.886816 0.985263 0.959791 0.984270 0.865664 0.543178 0.522611 0.678169 0.708858 0.470569 0.000000 0.849884 0.999107 0.780187 0.808823 0.970724 0.932560 0.873317 0.901878 0.616411 0.496931 0.557205 0.548430 0.610244 0.537762 0.928113 0.970354 0.937032 0.924217 0.898711 0.889367 0.978216 0.910160 0.589402 0.746608 0.838291 0.962148 0.581864 0.714464 0.536614 0.615803 0.825212 0.739411 0.675679 0.561441 0.978885 0.807092 0.698988 0.656391 0.766093 0.776615 0.859276 0.843297 0.678173 0.702373 0.631334 0.737071 0.599901 0.695912 0.727500 0.776419 0.808588 0.767400 0.981731 0.791164 0.782781 0.918975 0.981842 0.843731 0.928321 0.956027 0.842227 0.749907 0.804103 0.726894 0.691004 0.739056 0.728564 0.896687 0.701645 0.784541 0.778738 0.936429 0.974965 0.817103 0.970259 0.711374 0.685965 0.664003 0.826555 0.816855 0.699281 0.990459
0.899460 0.933131 0.608742 0.728616 0.834365 0.821910 0.704490 0.935066 0.707485 0.992781 0.824176 0.810489 0.912525 0.883810 0.796140 0.976135 0.857293 0.857728 0.967806 0.926248 0.877199 0.921532 0.680672 0.862485 0.699687 0.695672 0.950731 0.934830 0.828498 0.780885 0.753533 0.854307 0.741393 0.849884 0.000000 0.793041 0.650999 0.963255 0.881457 0.865730 0.797103 0.932636 0.694730 0.755361 0.760033 0.849273 0.902721 0.816542 0.989868 0.934338 0.900920 0.954042 0.974427 0.887274 0.984708 0.922288 0.937572 0.906266 0.943736 0.865009 0.861220 0.992092 0.837906 0.798740 0.589188 0.672836 0.572065 0.590230 0.862175 0.764408 0.837222 0.990918 0.916881 0.928673 0.923227 0.954515 0.751241 0.898824 0.958366 0.835363 0.921126 0.970417 0.991088 0.971746 0.734694 0.728875 0.988571 0.947669 0.990571 0.919749 0.713737 0.717222 0.695087 0.707026 0.992629 0.997595 0.913315 0.908867 0.893914 0.948061 0.857083 0.869060 0.926075 0.974396 0.818880 0.923302 0.848247 0.954896 0.967820 0.912593 0.911657 0.997964 0.939122 0.897274 0.658630 0.976391
0.810522 0.789729 0.719129 0.930438 0.812940 0.838863 0.751564 0.968932 0.849579 0.981977 0.775248 0.745379 0.987854 0.859499 0.954852 0.928627 0.778028 0.837981 0.970984 0.750112 0.994478 0.958827 0.677700 0.793749 0.827271 0.754229 0.940581 0.954471 0.728065 0.785688 0.822444 0.940302 0.893057 0.999107 0.793041 0.000000 0.898914 0.916940 0.997328 0.883533 0.933674 0.898292 0.779171 0.843255 0.801462 0.973576 0.936437 0.956779 0.843573 0.731121 0.708878 0.748873 0.819433 0.851373 0.791142 0.847443 0.805662 0.712506 0.856643 0.745505 0.993274 0.842979 0.773584 0.724580 0.739303 0.842585 0.674351 0.777479 0.872521 0.811514 0.902633 0.979821 0.912525 0.894283 0.985295 0.870316 0.857411 0.900149 0.862498 0.988435 0.810615 0.863651 0.927897 0.915505 0.843228 0.839250 0.814373 0.807007 0.916540 0.997921 0.727714 0.776973 0.686907 0.761213 0.992641 0.905535 0.940027 0.805806 0.925866 0.902851 0.942223 0.927370 0.987468 0.789937 0.936914 0.973015 0.735456 0.962547 0.924647 0.987380 0.987228 0.916880 0.999984 0.949106 0.994137 0.841337
0.960943 0.919236 0.692083 0.882640 0.961577 0.895255 0.908108 0.971256 0.901949 0.938762 0.884273 0.867253 0.991279 0.781062 0.962762 0.953996 0.934785 0.988033 0.930045 0.994347 0.891831 0.898201 0.809302 0.920968 0.651285 0.607134 0.980017 0.960446 0.937201 0.914575 0.661012 0.809919 0.750378 0.780187 0.650999 0.898914 0.000000 0.777548 0.673432 0.921998 0.935728 0.885464 0.678720 0.756989 0.809850 0.794185 0.711400 0.741365 0.886903 0.919597 0.990561 0.952053 0.984484 0.929174 0.834024 0.915255 0.904286 0.953629 0.955892 0.932407 0.948800 0.954809 0.936375 0.942281 0.764020 0.952813 0.722898 0.671708 0.974173 0.983690 0.631668 0.814542 0.990960 0.994468 0.940796 0.961899 0.959177 0.707549 0.954554 0.987508 0.922605 0.918145 0.960173 0.845647 0.898437 0.895410 0.829056 0.823012 0.834829 0.847782 0.945565 0.846797 0.823915 0.926853 0.879485 0.869175 0.978475 0.797951 0.749064 0.967098 0.797499 0.987123 0.939110 0.952962 0.871740 0.828059 0.982974 0.936992 0.885024 0.902120 0.934320 0.963788 0.946291 0.953251 0.767410 0.994544
0.811267 0.757305 0.925589 0.932295 0.876959 0.944209 0.942027 0.928912 0.965807 0.820821 0.967001 0.891041 0.927535 0.945129 0.936308 0.983159 0.864066 0.843381 0.799006 0.839608 0.922097 0.774408 0.990372 0.916543 0.829746 0.899121 0.921218 0.940515 0.889847 0.946608 0.818343 0.957152 0.960877 0.808823 0.963255 0.916940 0.777548 0.000000 0.983220 0.986515 0.982574 0.887011 0.730932 0.783798 0.807408 0.687267 0.633784 0.623439 0.737304 0.759038 0.877902 0.828447 0.839316 0.974705 0.790647 0.860176 0.723963 0.716571 0.801972 0.849486 0.998806 0.844458 0.981230 0.862663 0.907465 0.997588 0.902889 0.947836 0.735985 0.828332 0.761991 0.698006 0.797117 0.829998 0.851067 0.914782 0.936006 0.831397 0.878806 0.881444 0.822363 0.757222 0.978998 0.816575 0.961885 0.919434 0.765085 0.916617 0.887938 0.858519 0.882385 0.983622 0.976504 0.983765 0.942495 0.738593 0.655200 0.768648 0.904115 0.840154 0.778345 0.929189 0.787086 0.632626 0.922440 0.692124 0.858811 0.929514 0.966401 0.911241 0.777135 0.933550 0.905619 0.857087 0.856338 0.868533
