0.000000 0.482858 0.824449 0.562272 0.921284 0.815152 0.685828 0.586002 0.861837 0.689268 0.522182 0.612725 0.923485 0.953720 0.921023 0.949176 0.461300 0.335911 0.512400 0.472325 0.921935 0.923450 0.907627 0.840641 0.914749 0.987488 0.923835 0.998340 0.672263 0.668094 0.877469 0.910578 0.500725 0.521427 0.769837 0.992761 0.600065 0.738248 0.916385 0.954449 0.736389 0.694248 0.947482 0.925997 0.908975 0.757258 0.601565 0.636287 0.751390 0.700645 0.826002 0.772271 0.866013 0.840236 0.581400 0.562567 0.391219 0.416485 0.374480 0.440789 0.626051 0.640828 0.475753 0.409255 0.871932 0.898978 0.675737 0.758108 0.592472 0.571300 0.872201 0.895128 0.880181 0.929073 0.958944 0.901365 0.999163 0.750684 0.810866 0.909018 0.417156 0.380086 0.746494 0.454227 0.652674 0.860641 0.998632 0.972632 0.796889 0.434096 0.810269 0.891578 0.899403 0.841778 0.719107 0.852745 0.649402 0.850762 0.669039 0.643305 0.874260 0.904763 0.458728 0.712868 0.737322 0.630522 0.927103 0.857634 0.992609 0.825565 0.967691 0.712084 0.749831 0.870611 0.852962 0.945099
0.482858 0.000000 0.757602 0.488857 0.914403 0.899287 0.734406 0.640699 0.927866 0.780724 0.737437 0.679016 0.942618 0.782483 0.956784 0.899458 0.585027 0.503055 0.487370 0.405940 0.928594 0.896971 0.827306 0.905797 0.991553 0.964717 0.925914 0.893472 0.758082 0.660162 0.739027 0.781753 0.608732 0.637234 0.835712 0.964074 0.739230 0.685057 0.876302 0.931613 0.773895 0.782784 0.843209 0.745550 0.824189 0.699729 0.714625 0.660733 0.692798 0.577645 0.649228 0.598313 0.667372 0.864747 0.743623 0.724550 0.402059 0.393857 0.520563 0.462458 0.838573 0.735694 0.773210 0.632584 0.978947 0.859734 0.723456 0.677571 0.570780 0.507509 0.688359 0.622032 0.721704 0.783228 0.965514 0.979010 0.789415 0.677397 0.958562 0.837739 0.690930 0.578898 0.732874 0.638305 0.723091 0.864596 0.934282 0.905758 0.839197 0.588494 0.708716 0.812667 0.771768 0.872374 0.767504 0.800715 0.555446 0.887349 0.685089 0.508780 0.836659 0.821429 0.571007 0.652288 0.627324 0.606490 0.866326 0.728727 0.942467 0.684180 0.979144 0.656064 0.631034 0.762350 0.788913 0.991637
0.824449 0.757602 0.000000 0.698495 0.933735 0.711976 0.679040 0.966416 0.750245 0.958295 0.943330 0.881333 0.914001 0.919236 0.965164 0.859435 0.923955 0.822683 0.882468 0.808719 0.942567 0.944398 0.913851 0.978206 0.812127 0.822278 0.904580 0.981155 0.973026 0.993188 0.828442 0.919961 0.758149 0.953162 0.772894 0.980085 0.634922 0.723919 0.967855 0.942712 0.840012 0.732757 0.946996 0.858413 0.881552 0.903928 0.940219 0.887048 0.876703 0.758308 0.734150 0.748223 0.728316 0.718741 0.929429 0.863342 0.714347 0.631850 0.722003 0.880886 0.997949 0.894543 0.990451 0.927300 0.750895 0.814687 0.690364 0.905068 0.721900 0.726319 0.906316 0.705646 0.956350 0.995227 0.857107 0.912003 0.862981 0.786689 0.902127 0.883841 0.988991 0.987938 0.757600 0.731284 0.862528 0.934672 0.842869 0.913299 0.824232 0.875057 0.810828 0.804105 0.749958 0.747981 0.827857 0.923090 0.796905 0.886985 0.857034 0.861852 0.929697 0.922736 0.850420 0.919399 0.787487 0.728396 0.857434 0.716333 0.910150 0.785767 0.892803 0.913095 0.766808 0.999632 0.863105 0.784003
0.562272 0.488857 0.698495 0.000000 0.914149 0.784972 0.707041 0.591600 0.959612 0.746137 0.721441 0.719906 0.939233 0.751638 0.919484 0.893944 0.709582 0.583805 0.514500 0.436647 0.974339 0.999397 0.772413 0.836431 0.887511 0.836176 0.978631 0.901281 0.679648 0.650437 0.676755 0.718734 0.597502 0.660702 0.875447 0.908398 0.727179 0.788910 0.988909 0.994960 0.809569 0.760329 0.829719 0.723055 0.821491 0.764508 0.718997 0.600776 0.797283 0.675668 0.728176 0.643938 0.716376 0.909395 0.766679 0.660244 0.516458 0.508190 0.612379 0.544320 0.840436 0.725134 0.717875 0.651206 0.966665 0.885279 0.655647 0.661369 0.721920 0.632399 0.680309 0.661430 0.769676 0.699104 0.986351 0.948004 0.694076 0.691706 0.923853 0.794127 0.753955 0.697169 0.677319 0.683416 0.708253 0.853344 0.945493 0.858067 0.835480 0.627360 0.611427 0.860595 0.676302 0.892492 0.784798 0.850837 0.601411 0.869886 0.653744 0.584337 0.726080 0.925343 0.562915 0.650046 0.577652 0.539402 0.972059 0.829639 0.888645 0.729592 0.935769 0.631587 0.700935 0.838676 0.687131 0.920814
0.921284 0.914403 0.933735 0.914149 0.000000 0.989470 0.916989 0.907395 0.852326 0.898174 0.902591 0.872039 0.734085 0.871592 0.781228 0.759337 0.917522 0.983623 0.939744 0.953068 0.732306 0.993512 0.741606 0.752025 0.929114 0.843064 0.816092 0.924135 0.929836 0.869197 0.887438 0.944458 0.979730 0.995825 0.987851 0.937148 0.921311 0.721406 0.934013 0.961538 0.895275 0.911564 0.786334 0.770187 0.998679 0.965652 0.763863 0.969826 0.893319 0.904776 0.825886 0.848080 0.947560 0.881857 0.889234 0.939680 0.927198 0.948926 0.856422 0.893629 0.880361 0.953046 0.931977 0.938295 0.926428 0.946911 0.935722 0.824872 0.998348 0.967098 0.941031 0.970905 0.980321 0.896415 0.869004 0.908527 0.863867 0.934469 0.727968 0.940530 0.934594 0.964227 0.787683 0.999988 0.746485 0.854759 0.877553 0.748652 0.973100 0.984403 0.908020 0.964657 0.857267 0.929469 0.921230 0.831437 0.953672 0.943673 0.995901 0.930331 0.975719 0.905422 0.979322 0.931193 0.890360 0.991248 0.946539 0.941810 0.898036 0.968108 0.994363 0.972681 0.898390 0.981095 0.905628 0.938839
0.815152 0.899287 0.711976 0.784972 0.989470 0.000000 0.929844 0.757238 0.974523 0.733770 0.855915 0.804647 0.998708 0.836281 0.853591 0.839127 0.857068 0.861392 0.891413 0.887594 0.988171 0.897709 0.961163 0.954388 0.844511 0.920307 0.999932 0.951169 0.832564 0.800913 0.882376 0.971019 0.867732 0.888609 0.876865 0.899172 0.957321 0.977732 0.973514 0.998723 0.990306 0.917342 0.956444 0.976673 0.946213 0.846385 0.801796 0.888055 0.928354 0.977068 0.866486 0.911882 0.989573 0.882086 0.876711 0.772121 0.945120 0.926754 0.861149 0.693626 0.785491 0.638225 0.809831 0.836245 0.800610 0.663984 0.862764 0.795595 0.873456 0.928458 0.841667 0.976867 0.922719 0.856655 0.996252 0.854521 0.943320 0.932472 0.894081 0.971115 0.793772 0.782257 0.943446 0.924720 0.997356 0.901732 0.928257 0.933565 0.937993 0.917592 0.854180 0.948137 0.941144 0.935244 0.986871 0.910716 0.908065 0.823775 0.811507 0.821703 0.855146 0.966640 0.848266 0.827150 0.814842 0.903673 0.927270 0.990246 0.948752 0.890738 0.934170 0.784152 0.886776 0.842011 0.838993 0.969439
0.685828 0.734406 0.679040 0.707041 0.916989 0.929844 0.000000 0.413235 0.752016 0.378167 0.584275 0.769498 0.808099 0.834142 0.655374 0.804297 0.614968 0.596149 0.669783 0.686627 0.831709 0.956461 0.969847 0.808925 0.612954 0.694159 0.701942 0.619463 0.647550 0.630462 0.801272 0.881254 0.663879 0.498275 0.975816 0.965578 0.838568 0.939918 0.848697 0.989528 0.855678 0.929955 0.934251 0.928644 0.491838 0.525602 0.880249 0.734321 0.688128 0.790551 0.839129 0.922558 0.792216 0.945374 0.940363 0.835488 0.825672 0.744662 0.653531 0.685503 0.509821 0.605859 0.628357 0.535676 0.594128 0.971267 0.637628 0.654082 0.881042 0.680581 0.793067 0.736431 0.995530 0.873051 0.760697 0.970796 0.893422 0.675249 0.878288 0.987455 0.742671 0.745945 0.958021 0.711049 0.976011 0.655273 0.863129 0.826575 0.817941 0.935541 0.518027 0.759467 0.590669 0.908843 0.740786 0.969229 0.730298 0.827384 0.461564 0.579300 0.696813 0.968337 0.632404 0.701178 0.807112 0.747956 0.882525 0.909053 0.948895 0.734063 0.996830 0.716660 0.593577 0.681920 0.911398 0.992364
0.586002 0.640699 0.966416 0.591600 0.907395 0.757238 0.413235 0.000000 0.861589 0.314111 0.410801 0.431127 0.914806 0.917560 0.672071 0.929348 0.529876 0.505191 0.589427 0.549684 0.840154 0.879573 0.897111 0.880642 0.550632 0.661238 0.689611 0.609051 0.483122 0.425442 0.834949 0.842996 0.639999 0.346341 0.947604 0.950682 0.992664 0.926586 0.883445 0.978664 0.814696 0.978718 0.987563 0.933962 0.644831 0.614422 0.807132 0.721346 0.775512 0.946194 0.969310 0.944751 0.948703 0.752044 0.810169 0.765403 0.745542 0.734918 0.643060 0.555823 0.374681 0.334674 0.443536 0.356221 0.512883 0.741064 0.698351 0.546611 0.995736 0.723127 0.841163 0.857567 0.857456 0.738288 0.842297 0.988891 0.914976 0.780484 0.947288 0.997043 0.620499 0.633223 0.982396 0.678936 0.989030 0.884459 0.799363 0.849082 0.918793 0.777015 0.646417 0.959440 0.804891 0.804137 0.730321 0.939643 0.707127 0.867687 0.503099 0.592601 0.624576 0.936840 0.558523 0.695968 0.837052 0.764875 0.905427 0.967359 0.910485 0.757278 0.875487 0.639284 0.683198 0.638596 0.938947 0.829685
0.861837 0.927866 0.750245 0.959612 0.852326 0.974523 0.752016 0.861589 0.000000 0.807122 0.970363 0.988959 0.972356 0.983957 0.962721 0.941040 0.988292 0.981756 0.892353 0.986000 0.956511 0.840847 0.889218 0.935803 0.916335 0.914836 0.979436 0.911445 0.958192 0.912397 0.967183 0.944989 0.876378 0.999159 0.952131 0.848214 0.969387 0.969483 0.956624 0.974981 0.999045 0.947775 0.852774 0.903077 0.867716 0.943759 0.928997 0.875869 0.992953 0.968280 0.877518 0.932668 0.847018 0.759085 0.925433 0.968169 0.999741 0.852088 0.968936 0.992737 0.880381 0.949067 0.927612 0.996347 0.915040 0.967589 0.801929 0.920650 0.992365 0.916893 0.931371 0.870984 0.987551 0.927387 0.914641 0.949228 0.770221 0.981861 0.980800 0.916531 0.921789 0.837225 0.916019 0.912399 0.951451 0.879998 0.971774 0.858306 0.986761 0.860768 0.771766 0.760571 0.816705 0.787697 0.919711 0.982974 0.820151 0.993705 0.892967 0.932543 0.955133 0.856385 0.996593 0.975392 0.902064 0.982662 0.983748 0.880336 0.879404 0.963415 0.938605 0.866586 0.855950 0.847400 0.892663 0.904725
0.689268 0.780724 0.958295 0.746137 0.898174 0.733770 0.378167 0.314111 0.807122 0.000000 0.514496 0.557299 0.859684 0.980904 0.595874 0.840300 0.594646 0.560316 0.676900 0.715485 0.892552 0.953764 0.816101 0.740696 0.434766 0.519211 0.674080 0.597888 0.586618 0.518470 0.944613 0.941002 0.735603 0.468810 0.995317 0.903201 0.946975 0.837366 0.821470 0.956327 0.853379 0.990904 0.946535 0.965754 0.600011 0.607057 0.830922 0.783016 0.755707 0.979972 0.962754 0.884566 0.958435 0.788492 0.880144 0.751984 0.874161 0.814823 0.659040 0.641350 0.408093 0.426420 0.519142 0.457302 0.433183 0.840028 0.700048 0.652456 0.983174 0.703649 0.844429 0.863544 0.990652 0.827268 0.758750 0.990821 0.931005 0.842399 0.881745 0.890562 0.647935 0.717425 0.864428 0.758150 0.897384 0.712488 0.743918 0.781116 0.801275 0.881334 0.686274 0.998623 0.814086 0.837925 0.762722 0.966352 0.797754 0.836160 0.512327 0.631320 0.697971 0.905314 0.618892 0.718205 0.904904 0.775978 0.975235 0.991709 0.951821 0.804920 0.906558 0.695573 0.740491 0.627398 0.909261 0.913035
0.522182 0.737437 0.943330 0.721441 0.902591 0.855915 0.584275 0.410801 0.970363 0.514496 0.000000 0.464859 0.923619 0.968570 0.706514 0.845880 0.448695 0.497537 0.658012 0.570194 0.964032 0.741502 0.797050 0.786506 0.753196 0.769389 0.827327 0.772172 0.551678 0.517119 0.885696 0.956415 0.644129 0.406265 0.848951 0.997658 0.880791 0.986366 0.951501 0.955395 0.755246 0.879295 0.920700 0.923273 0.802546 0.736368 0.823495 0.801669 0.810991 0.971874 0.885160 0.894083 0.840018 0.662318 0.791221 0.737222 0.701727 0.759636 0.606911 0.616971 0.438277 0.459362 0.379429 0.357592 0.621216 0.823305 0.696229 0.658783 0.942976 0.700613 0.980345 0.991963 0.914466 0.889492 0.931295 0.896130 0.922104 0.904448 0.875044 0.999031 0.518056 0.538381 0.902038 0.603604 0.916430 0.995447 0.872725 0.833387 0.990903 0.691257 0.803701 0.790205 0.956055 0.693960 0.673341 0.952335 0.791209 0.931525 0.699062 0.733482 0.714974 0.895214 0.536158 0.782759 0.948880 0.810482 0.754742 0.888746 0.814185 0.798095 0.964391 0.747737 0.816428 0.870970 0.959406 0.861562
0.612725 0.679016 0.881333 0.719906 0.872039 0.804647 0.769498 0.431127 0.988959 0.557299 0.464859 0.000000 0.746404 0.644512 0.974565 0.778778 0.565271 0.542980 0.581880 0.568942 0.903358 0.836174 0.964307 0.949239 0.685612 0.664009 0.900134 0.777168 0.513900 0.465298 0.963253 0.921401 0.757485 0.447175 0.873239 0.918959 0.919823 0.840750 0.974288 0.977019 0.802329 0.986528 0.950481 0.969255 0.930233 0.842692 0.732538 0.870686 0.948208 0.870107 0.820689 0.816049 0.735349 0.576931 0.693951 0.715720 0.710660 0.798202 0.786429 0.705303 0.448793 0.396988 0.422104 0.421641 0.706942 0.614990 0.857924 0.750882 0.982676 0.753811 0.990033 0.929266 0.813552 0.806265 0.932335 0.913386 0.987907 0.914789 0.995256 0.964653 0.552212 0.538530 0.866443 0.659192 0.796712 0.746903 0.896833 0.956745 0.864450 0.716964 0.985272 0.675116 0.900643 0.546112 0.696702 0.996305 0.797650 0.997619 0.830680 0.872195 0.770864 0.834931 0.687583 0.870950 0.947411 0.869400 0.749474 0.934592 0.856749 0.857923 0.886295 0.775772 0.846368 0.831322 0.943297 0.751236
0.923485 0.942618 0.914001 0.939233 0.734085 0.998708 0.808099 0.914806 0.972356 0.859684 0.923619 0.746404 0.000000 0.511059 0.514310 0.442560 0.926452 0.884187 0.997783 0.972713 0.768368 0.920161 0.722349 0.610205 0.983782 0.889909 0.691982 0.828014 0.986873 0.978781 0.736300 0.903660 0.852006 0.923441 0.936130 0.864059 0.926843 0.861550 0.910150 0.999344 0.891409 0.964866 0.922994 0.845720 0.846129 0.857298 0.974601 0.936636 0.897497 0.787841 0.857939 0.813875 0.812778 0.837510 0.728489 0.882622 0.865831 0.824724 0.673667 0.662463 0.920027 0.995461 0.875993 0.979066 0.772500 0.923034 0.773838 0.652239 0.990407 0.904601 0.861225 0.825094 0.938627 0.942670 0.941104 0.838849 0.979652 0.939606 0.802566 0.843561 0.972449 0.955182 0.785551 0.914922 0.563125 0.510893 0.927667 0.631965 0.718659 0.985771 0.809222 0.810257 0.909860 0.752639 0.887118 0.938354 0.950981 0.881948 0.832502 0.703534 0.844610 0.878025 0.940012 0.884769 0.987235 0.873200 0.771271 0.961115 0.982212 0.935422 0.872414 0.880973 0.844434 0.998356 0.935325 0.861604
0.953720 0.782483 0.919236 0.751638 0.871592 0.836281 0.834142 0.917560 0.983957 0.980904 0.968570 0.644512 0.511059 0.000000 0.525541 0.422005 0.989176 0.910850 0.690540 0.708869 0.921256 0.910577 0.624345 0.494174 0.949988 0.988536 0.667665 0.872346 0.750443 0.708690 0.897404 0.721472 0.925766 0.913572 0.880965 0.989186 0.835193 0.942188 0.990172 0.925172 0.891639 0.927323 0.914463 0.912103 0.978307 0.976705 0.810571 0.835369 0.992721 0.987393 0.958407 0.931719 0.969149 0.983327 0.860525 0.788493 0.861300 0.997669 0.827135 0.968444 0.956802 0.879033 0.814270 0.917477 0.840955 0.782453 0.974844 0.981883 0.979166 0.987388 0.890034 0.903581 0.779552 0.778037 0.979380 0.940781 0.799065 0.985274 0.871714 0.939881 0.863243 0.873500 0.745942 0.897810 0.621626 0.506917 0.986012 0.624038 0.826397 0.852203 0.974230 0.912102 0.986780 0.816574 0.848318 0.893952 0.903029 0.821799 0.994552 0.979773 0.916138 0.973131 0.938617 0.932661 0.889052 0.914860 0.801663 0.925559 0.925038 0.963904 0.869742 0.839961 0.946196 0.976811 0.847586 0.861432
0.921023 0.956784 0.965164 0.919484 0.781228 0.853591 0.655374 0.672071 0.962721 0.595874 0.706514 0.974565 0.514310 0.525541 0.000000 0.447834 0.795605 0.877234 0.894383 0.908128 0.946419 0.849793 0.508792 0.477134 0.723838 0.816532 0.542522 0.778119 0.918302 0.873581 0.940035 0.922423 0.915891 0.765473 0.932084 0.979313 0.953652 0.938646 0.868934 0.953545 0.980640 0.914360 0.945274 0.895745 0.743525 0.766514 0.956747 0.999936 0.847254 0.943341 0.974218 0.872201 0.835851 0.843240 0.962630 0.955769 0.969496 0.986056 0.708943 0.726108 0.729846 0.680146 0.890486 0.782161 0.522451 0.874348 0.778742 0.589597 0.769013 0.916375 0.943464 0.889314 0.942194 0.956614 0.916038 0.850795 0.881071 0.932488 0.765693 0.998968 0.933506 0.974110 0.640579 0.951661 0.500816 0.509845 0.821013 0.619905 0.704339 0.957342 0.872994 0.955142 0.992601 0.974051 0.931293 0.990924 0.972519 0.814765 0.813438 0.770519 0.803317 0.965007 0.909053 0.947563 0.901717 0.985287 0.949942 0.950569 0.950351 0.874619 0.990490 0.916951 0.891913 0.748398 0.817600 0.957988
0.949176 0.899458 0.859435 0.893944 0.759337 0.839127 0.804297 0.929348 0.941040 0.840300 0.845880 0.778778 0.442560 0.422005 0.447834 0.000000 0.899447 0.942792 0.851037 0.879707 0.943357 0.928770 0.445045 0.400455 0.891091 0.982696 0.632555 0.835799 0.910098 0.841180 0.931293 0.759965 0.920179 0.981393 0.985554 0.984388 0.854728 0.946415 0.936897 0.861322 0.989693 0.879139 0.947924 0.915152 0.802814 0.847991 0.988817 0.947537 0.759453 0.907699 0.978251 0.958103 0.946446 0.943287 0.931677 0.974434 0.964796 0.960759 0.690040 0.860625 0.972263 0.984293 0.959595 0.934093 0.682969 0.792947 0.895486 0.845767 0.944845 0.926350 0.890641 0.990602 0.748304 0.774058 0.951394 0.961547 0.886444 0.951563 0.812828 0.998775 0.976635 0.937936 0.643011 0.931615 0.545812 0.459570 0.856836 0.512078 0.819762 0.953320 0.940924 0.985802 0.982379 0.918690 0.926436 0.951619 0.972831 0.882409 0.852322 0.857799 0.885901 0.974688 0.940937 0.923191 0.869676 0.899358 0.871929 0.939796 0.965447 0.958874 0.812597 0.980608 0.965999 0.977810 0.822291 0.960214
0.461300 0.585027 0.923955 0.709582 0.917522 0.857068 0.614968 0.529876 0.988292 0.594646 0.448695 0.565271 0.926452 0.989176 0.795605 0.899447 0.000000 0.435769 0.585109 0.542787 0.953631 0.899769 0.864382 0.819029 0.806062 0.867188 0.821634 0.842908 0.658013 0.643182 0.897814 0.943554 0.630592 0.533556 0.819411 0.999210 0.808404 0.909730 0.813117 0.951625 0.712046 0.872154 0.995835 0.944866 0.821429 0.749217 0.750091 0.732074 0.749380 0.799877 0.884213 0.872091 0.972460 0.846126 0.690475 0.662995 0.562368 0.574658 0.476629 0.508241 0.547782 0.556879 0.478732 0.409374 0.744432 0.794401 0.668014 0.690320 0.757981 0.655571 0.866199 0.979056 0.828234 0.941069 0.848844 0.936466 0.988719 0.779153 0.889997 0.928846 0.482967 0.486727 0.925356 0.614894 0.822379 0.951488 0.950302 0.991491 0.832680 0.630847 0.835400 0.892851 0.928534 0.861161 0.706628 0.838148 0.681602 0.885355 0.627465 0.656363 0.794221 0.961169 0.520661 0.662111 0.818414 0.677490 0.947452 0.865951 0.957288 0.763560 0.989115 0.755745 0.785006 0.820127 0.934209 0.985433
0.335911 0.503055 0.822683 0.583805 0.983623 0.861392 0.596149 0.505191 0.981756 0.560316 0.497537 0.542980 0.884187 0.910850 0.877234 0.942792 0.435769 0.000000 0.517125 0.462593 0.905316 0.919448 0.922834 0.822100 0.811724 0.875446 0.934299 0.835745 0.586684 0.525796 0.857910 0.864377 0.512388 0.483475 0.796562 0.973852 0.701874 0.845582 0.930342 0.926241 0.783405 0.734756 0.926001 0.879338 0.822676 0.706848 0.623017 0.637396 0.732054 0.733853 0.832464 0.798106 0.860731 0.897467 0.707930 0.635076 0.396132 0.439119 0.393695 0.451180 0.577196 0.609471 0.455944 0.372974 0.743973 0.913242 0.597360 0.691187 0.644136 0.507223 0.864091 0.887764 0.859145 0.915421 0.866710 0.959687 0.966349 0.757213 0.806147 0.931957 0.362511 0.392283 0.774375 0.430371 0.726527 0.951385 0.972224 0.947391 0.884732 0.529454 0.850309 0.879021 0.885993 0.822357 0.691773 0.795213 0.703904 0.854750 0.623404 0.631717 0.824516 0.914532 0.437688 0.655138 0.795938 0.645811 0.986980 0.902237 0.938076 0.785478 0.961447 0.639418 0.734618 0.826721 0.924935 0.947957
0.512400 0.487370 0.882468 0.514500 0.939744 0.891413 0.669783 0.589427 0.892353 0.676900 0.658012 0.581880 0.997783 0.690540 0.894383 0.851037 0.585109 0.517125 0.000000 0.435930 0.879487 0.869943 0.758045 0.848170 0.888313 0.860613 0.930887 0.804166 0.616573 0.577956 0.742840 0.577333 0.631550 0.542767 0.858224 0.846601 0.922704 0.912849 0.753959 0.850373 0.751018 0.794787 0.907046 0.896753 0.728785 0.646514 0.683221 0.653710 0.680402 0.664250 0.832573 0.776517 0.714570 0.969721 0.696894 0.645084 0.577452 0.614206 0.696001 0.622501 0.720765 0.716516 0.569269 0.550020 0.847952 0.968630 0.837395 0.797375 0.714359 0.606572 0.649269 0.683937 0.740919 0.693331 0.998230 0.947562 0.803964 0.736098 0.983965 0.817814 0.627549 0.528229 0.689939 0.702894 0.623542 0.894905 0.933015 0.819776 0.939823 0.674018 0.694300 0.892221 0.700222 0.959306 0.645738 0.927190 0.735759 0.996561 0.631251 0.538623 0.827104 0.976823 0.576543 0.690469 0.712064 0.586002 0.937882 0.870144 0.973607 0.844378 0.888839 0.690748 0.623124 0.891566 0.870700 0.863540
0.472325 0.405940 0.808719 0.436647 0.953068 0.887594 0.686627 0.549684 0.986000 0.715485 0.570194 0.568942 0.972713 0.708869 0.908128 0.879707 0.542787 0.462593 0.435930 0.000000 0.971724 0.949600 0.812679 0.860495 0.972224 0.996172 0.997908 0.805830 0.534144 0.515902 0.643615 0.706374 0.524016 0.536713 0.843457 0.939594 0.778696 0.776645 0.928728 0.962493 0.689504 0.868310 0.889483 0.865409 0.817115 0.700228 0.654667 0.652670 0.741999 0.660957 0.771185 0.681456 0.759693 0.999169 0.836818 0.700998 0.468847 0.544186 0.568569 0.501718 0.730692 0.622445 0.579648 0.531506 0.899347 0.811407 0.674853 0.673167 0.718399 0.642963 0.680114 0.676880 0.693002 0.667672 0.952345 0.977981 0.855172 0.797213 0.926914 0.776635 0.620049 0.531918 0.678408 0.608932 0.688247 0.821971 0.957168 0.873860 0.898012 0.588932 0.734531 0.979758 0.821907 0.946883 0.715478 0.876211 0.665874 0.986642 0.633069 0.614936 0.711361 0.974571 0.567438 0.641153 0.709817 0.593212 0.958141 0.884225 0.916474 0.738803 0.962289 0.627259 0.651877 0.830309 0.792527 0.881546
0.921935 0.928594 0.942567 0.974339 0.732306 0.988171 0.831709 0.840154 0.956511 0.892552 0.964032 0.903358 0.768368 0.921256 0.946419 0.943357 0.953631 0.905316 0.879487 0.971724 0.000000 0.939507 0.783093 0.780359 0.850311 0.763832 0.992389 0.803602 0.933624 0.967830 0.952461 0.920209 0.889949 0.969851 0.939367 0.979877 0.925775 0.884706 0.835595 0.970295 0.970950 0.873118 0.888565 0.944192 0.770944 0.867585 0.795657 0.968166 0.877087 0.996726 0.913887 0.881512 0.951041 0.987375 0.821214 0.954116 0.777589 0.823829 0.762991 0.835082 0.919940 0.947463 0.916275 0.925614 0.895710 0.870191 0.824019 0.857391 0.892971 0.898915 0.938266 0.970238 0.876856 0.841203 0.940573 0.831094 0.973519 0.975384 0.839163 0.877286 0.909713 0.970835 0.973168 0.910786 0.882058 0.932565 0.963989 0.912286 0.833909 0.910695 0.786006 0.867432 0.718299 0.983895 0.871666 0.756638 0.996736 0.909449 0.778923 0.899837 0.905246 0.963674 0.978520 0.990833 0.852428 0.923458 0.902097 0.973085 0.930688 0.996780 0.962110 0.928684 0.957091 0.962318 0.884447 0.762156
0.923450 0.896971 0.944398 0.999397 0.993512 0.897709 0.956461 0.879573 0.840847 0.953764 0.741502 0.836174 0.920161 0.910577 0.849793 0.928770 0.899769 0.919448 0.869943 0.949600 0.939507 0.000000 0.968373 0.908666 0.994785 0.960027 0.973402 0.785894 0.769264 0.825523 0.942443 0.757049 0.971872 0.817587 0.974457 0.831042 0.803688 0.770572 0.984712 0.828939 0.874095 0.926677 0.974772 0.926592 0.947291 0.979723 0.952756 0.882459 0.941009 0.903023 0.769256 0.815437 0.870836 0.803839 0.988668 0.943889 0.938804 0.920903 0.931657 0.972549 0.879349 0.928063 0.774673 0.822917 0.818781 0.934942 0.952214 0.954615 0.876417 0.956041 0.984855 0.932323 0.923916 0.868718 0.948526 0.937308 0.859772 0.900295 0.901985 0.754545 0.981391 0.889275 0.897700 0.990877 0.975762 0.985098 0.975982 0.926547 0.859538 0.985035 0.956717 0.882801 0.896452 0.902082 0.863577 0.815539 0.902450 0.908340 0.986035 0.955010 0.966333 0.915021 0.982938 0.957990 0.825839 0.963007 0.767143 0.655886 0.994495 0.989568 0.860428 0.953132 0.961045 0.924784 0.861464 0.907823
0.907627 0.827306 0.913851 0.772413 0.741606 0.961163 0.969847 0.897111 0.889218 0.816101 0.797050 0.964307 0.722349 0.624345 0.508792 0.445045 0.864382 0.922834 0.758045 0.812679 0.783093 0.968373 0.000000 0.374928 0.790549 0.859475 0.700902 0.998938 0.913048 0.887058 0.706734 0.576296 0.865512 0.962905 0.939161 0.897415 0.946166 0.894492 0.864245 0.780840 0.936810 0.949157 0.968645 0.972749 0.981438 0.985385 0.855050 0.958863 0.922889 0.813064 0.819773 0.734236 0.620314 0.597903 0.953059 0.881106 0.939800 0.973028 0.716241 0.874696 0.851184 0.827045 0.896626 0.851380 0.648543 0.920912 0.969507 0.861885 0.851331 0.994135 0.676924 0.709992 0.678711 0.605740 0.942630 0.973165 0.830309 0.813856 0.746517 0.845834 0.806732 0.931040 0.610759 0.978380 0.608690 0.754050 0.711702 0.531619 0.993158 0.881025 0.764042 0.666398 0.722354 0.746059 0.928870 0.973462 0.958107 0.817421 0.967499 0.906697 0.936878 0.788288 0.956217 0.998853 0.742501 0.899264 0.942367 0.874902 0.892047 0.912947 0.878807 0.919712 0.819586 0.975632 0.812244 0.984383
0.840641 0.905797 0.978206 0.836431 0.752025 0.954388 0.808925 0.880642 0.935803 0.740696 0.786506 0.949239 0.610205 0.494174 0.477134 0.400455 0.819029 0.822100 0.848170 0.860495 0.780359 0.908666 0.374928 0.000000 0.720094 0.845901 0.645483 0.922540 0.959860 0.917090 0.787297 0.631761 0.934129 0.903542 0.973133 0.962373 0.893481 0.957848 0.998009 0.849174 0.954898 0.999531 0.975477 0.940770 0.909267 0.910737 0.907815 0.979384 0.829673 0.965583 0.937767 0.833629 0.816774 0.768727 0.978861 0.985492 0.985111 0.930364 0.650085 0.865415 0.877010 0.920843 0.857079 0.793167 0.596753 0.829704 0.886674 0.912687 0.995443 0.860405 0.837219 0.827909 0.701786 0.639046 0.867716 0.996794 0.798362 0.926643 0.723060 0.909618 0.795799 0.892706 0.699222 0.899067 0.617839 0.571910 0.798800 0.523417 0.858590 0.947381 0.946165 0.832345 0.885536 0.931383 0.951225 0.986322 0.943541 0.851818 0.871842 0.947381 0.975967 0.935348 0.857797 0.885362 0.798130 0.994671 0.999022 0.871221 0.943793 0.949343 0.793509 0.962935 0.922999 0.959291 0.761439 0.999807
0.914749 0.991553 0.812127 0.887511 0.929114 0.844511 0.612954 0.550632 0.916335 0.434766 0.753196 0.685612 0.983782 0.949988 0.723838 0.891091 0.806062 0.811724 0.888313 0.972224 0.850311 0.994785 0.790549 0.720094 0.000000 0.394383 0.685381 0.642697 0.731880 0.726238 0.846994 0.935615 0.950555 0.679619 0.908485 0.835124 0.788027 0.711702 0.815437 0.960818 0.967671 0.893622 0.791130 0.727133 0.792367 0.819403 0.973508 0.961415 0.917299 0.841857 0.777919 0.676255 0.804644 0.739026 0.983166 0.989818 0.842678 0.928489 0.944181 0.918806 0.504982 0.589123 0.675707 0.630097 0.439781 0.957330 0.967126 0.911762 0.930565 0.949899 0.933625 0.970546 0.949764 0.970167 0.795480 0.991088 0.894672 0.931657 0.977821 0.747391 0.784812 0.826050 0.743697 0.915560 0.826719 0.730472 0.762517 0.768814 0.723765 0.878983 0.905449 0.887601 0.988185 0.731922 0.986480 0.890838 0.979442 0.980284 0.728953 0.913695 0.898116 0.872323 0.851349 0.886838 0.857489 0.959463 0.947203 0.824046 0.918939 0.980657 0.978799 0.924263 0.950525 0.727419 0.701838 0.770852
0.987488 0.964717 0.822278 0.836176 0.843064 0.920307 0.694159 0.661238 0.914836 0.519211 0.769389 0.664009 0.889909 0.988536 0.816532 0.982696 0.867188 0.875446 0.860613 0.996172 0.763832 0.960027 0.859475 0.845901 0.394383 0.000000 0.731462 0.688843 0.816752 0.754647 0.720031 0.929616 0.990273 0.766082 0.887475 0.832928 0.796022 0.649460 0.822705 0.996444 0.968384 0.965104 0.751063 0.735282 0.826723 0.890216 0.978512 0.957834 0.960413 0.768596 0.696039 0.611754 0.791731 0.700631 0.937832 0.948209 0.860838 0.870024 0.965251 0.932348 0.611039 0.730552 0.719335 0.717608 0.536940 0.962462 0.868528 0.929537 0.984929 0.873554 0.893317 0.972589 0.896097 0.971395 0.886014 0.938402 0.942535 0.842799 0.974476 0.677949 0.838138 0.861362 0.853817 0.936208 0.955851 0.800746 0.823537 0.882521 0.743541 0.905761 0.952460 0.895101 0.991434 0.700956 0.946404 0.925324 0.971271 0.965990 0.855745 0.941290 0.970117 0.762900 0.923697 0.973095 0.880125 0.977174 0.858315 0.891596 0.940421 0.983824 0.987435 0.977574 0.978362 0.789561 0.781882 0.780116
0.923835 0.925914 0.904580 0.978631 0.816092 0.999932 0.701942 0.689611 0.979436 0.674080 0.827327 0.900134 0.691982 0.667665 0.542522 0.632555 0.821634 0.934299 0.930887 0.997908 0.992389 0.973402 0.700902 0.645483 0.685381 0.731462 0.000000 0.685899 0.965899 0.908302 0.943312 0.957630 0.970894 0.710513 0.921340 0.982525 0.944364 0.983111 0.949355 0.988065 0.975127 0.963077 0.913699 0.944328 0.720995 0.751636 0.969255 0.847922 0.819322 0.944209 0.946981 0.872528 0.900032 0.883122 0.986570 0.903753 0.992154 0.987154 0.852265 0.831000 0.821939 0.759503 0.953748 0.853237 0.603646 0.943687 0.938452 0.735737 0.946734 0.895025 0.963813 0.945962 0.961547 0.955782 0.941981 0.882624 0.912060 0.878984 0.958121 0.984957 0.987969 0.986828 0.690934 0.910288 0.697715 0.647455 0.869342 0.675037 0.921104 0.932401 0.835141 0.969490 0.923573 0.943564 0.941913 0.974741 0.857719 0.835127 0.777180 0.797025 0.815633 0.961754 0.884278 0.981491 0.898142 0.934938 0.857566 0.963594 0.938885 0.948803 0.956281 0.956455 0.866787 0.728370 0.853538 0.890170
0.998340 0.893472 0.981155 0.901281 0.924135 0.951169 0.619463 0.609051 0.911445 0.597888 0.772172 0.777168 0.828014 0.872346 0.778119 0.835799 0.842908 0.835745 0.804166 0.805830 0.803602 0.785894 0.998938 0.922540 0.642697 0.688843 0.685899 0.000000 0.776579 0.758216 0.926709 0.889841 0.965713 0.699874 0.963236 0.995576 0.796367 0.751505 0.833427 0.927119 0.974874 0.999332 0.973838 0.979273 0.668986 0.689801 0.971014 0.966177 0.845017 0.933855 0.958183 0.956474 0.971823 0.991653 0.869276 0.911892 0.890018 0.993354 0.919820 0.808244 0.697174 0.678817 0.850933 0.763793 0.647557 0.932487 0.926276 0.707519 0.814831 0.889219 0.953489 0.799316 0.890278 0.750585 0.869955 0.878040 0.978657 0.892661 0.981315 0.989668 0.985729 0.926830 0.933708 0.995831 0.800869 0.730950 0.915615 0.849147 0.747034 0.901735 0.829333 0.907002 0.902633 0.952849 0.860578 0.913642 0.886860 0.948231 0.712304 0.762114 0.742516 0.984642 0.967583 0.904021 0.948697 0.944593 0.834302 0.777369 0.989118 0.889606 0.995043 0.780981 0.764733 0.838077 0.817867 0.893947
0.672263 0.758082 0.973026 0.679648 0.929836 0.832564 0.647550 0.483122 0.958192 0.586618 0.551678 0.513900 0.986873 0.750443 0.918302 0.910098 0.658013 0.586684 0.616573 0.534144 0.933624 0.769264 0.913048 0.959860 0.731880 0.816752 0.965899 0.776579 0.000000 0.376094 0.698212 0.669939 0.667758 0.458119 0.946296 0.892771 0.882513 0.992617 0.845657 0.787697 0.925304 0.976673 0.998368 0.990350 0.838008 0.826662 0.822118 0.796149 0.936378 0.986825 0.961739 0.998000 0.992983 0.838446 0.936156 0.863188 0.750039 0.853703 0.811759 0.715739 0.569247 0.538184 0.515588 0.537832 0.674926 0.803477 0.703123 0.694857 0.979052 0.844601 0.824410 0.816413 0.751411 0.635648 0.816164 0.916126 0.920653 0.822332 0.934669 0.888240 0.697532 0.702998 0.906736 0.732961 0.912180 0.931578 0.908567 0.997151 0.905142 0.870023 0.831293 0.858591 0.965552 0.768161 0.658280 0.903373 0.846372 0.960544 0.703169 0.736946 0.654129 0.850116 0.704790 0.777202 0.968762 0.833848 0.930424 0.854760 0.945146 0.792681 0.779935 0.735682 0.749067 0.764696 0.946194 0.852873
0.668094 0.660162 0.993188 0.650437 0.869197 0.800913 0.630462 0.425442 0.912397 0.518470 0.517119 0.465298 0.978781 0.708690 0.873581 0.841180 0.643182 0.525796 0.577956 0.515902 0.967830 0.825523 0.887058 0.917090 0.726238 0.754647 0.908302 0.758216 0.376094 0.000000 0.657025 0.633682 0.561632 0.401647 0.864705 0.959401 0.870013 0.912376 0.883944 0.866523 0.868946 0.998263 0.945813 0.998536 0.822405 0.805564 0.875657 0.818519 0.959010 0.990006 0.951869 0.990552 0.990459 0.843654 0.955239 0.863008 0.675705 0.800847 0.785858 0.629036 0.521093 0.482147 0.505592 0.474000 0.654406 0.740213 0.669271 0.598931 0.986690 0.760733 0.817829 0.802370 0.642747 0.605069 0.937200 0.908365 0.933174 0.787626 0.955495 0.931770 0.648113 0.687208 0.811818 0.738358 0.912938 0.929796 0.949343 0.993255 0.887839 0.884726 0.803699 0.863831 0.931785 0.755874 0.695722 0.881251 0.797310 0.999004 0.717562 0.668591 0.714925 0.901846 0.699500 0.770900 0.881772 0.825420 0.954094 0.921295 0.945404 0.807465 0.838862 0.707354 0.746103 0.812395 0.969830 0.893055
0.877469 0.739027 0.828442 0.676755 0.887438 0.882376 0.801272 0.834949 0.967183 0.944613 0.885696 0.963253 0.736300 0.897404 0.940035 0.931293 0.897814 0.857910 0.742840 0.643615 0.952461 0.942443 0.706734 0.787297 0.846994 0.720031 0.943312 0.926709 0.698212 0.657025 0.000000 0.506120 0.696328 0.757684 0.943425 0.756838 0.973215 0.682694 0.830074 0.761788 0.949703 0.979551 0.903703 0.827088 0.874861 0.853792 0.977129 0.898450 0.989602 0.737847 0.706630 0.582497 0.641791 0.606045 0.746489 0.917186 0.769524 0.795062 0.890658 0.687763 0.959243 0.860039 0.925544 0.882359 0.999878 0.868159 0.670426 0.589212 0.984237 0.993342 0.620892 0.652190 0.598759 0.536870 0.843241 0.797726 0.895240 0.805316 0.924949 0.711964 0.962556 0.992722 0.860169 0.974873 0.934827 0.946085 0.971964 0.974124 0.858493 0.923328 0.645792 0.756165 0.747297 0.739438 0.829478 0.857820 0.956673 0.938655 0.749128 0.648784 0.788594 0.852249 0.855913 0.810257 0.743493 0.809729 0.809636 0.854196 0.926553 0.839260 0.885581 0.814018 0.717828 0.919993 0.774471 0.971499
0.910578 0.781753 0.919961 0.718734 0.944458 0.971019 0.881254 0.842996 0.944989 0.941002 0.956415 0.921401 0.903660 0.721472 0.922423 0.759965 0.943554 0.864377 0.577333 0.706374 0.920209 0.757049 0.576296 0.631761 0.935615 0.929616 0.957630 0.889841 0.669939 0.633682 0.506120 0.000000 0.701688 0.810394 0.867057 0.696790 0.815395 0.953889 0.806236 0.667273 0.955935 0.930119 0.903660 0.832731 0.813251 0.841658 0.983744 0.799513 0.949120 0.776549 0.856789 0.763218 0.681805 0.738441 0.940316 0.918025 0.835621 0.919446 0.921037 0.847572 0.999212 0.941732 0.932904 0.932134 0.999448 0.947792 0.942550 0.760780 0.996773 0.988895 0.592724 0.676377 0.611811 0.516602 0.982330 0.850753 0.790835 0.784056 0.915689 0.666966 0.956754 0.981424 0.792904 0.936334 0.859610 0.964111 0.870313 0.787365 0.774460 0.979164 0.743214 0.824393 0.783050 0.847240 0.838318 0.846411 0.965077 0.893077 0.811602 0.663001 0.834706 0.949972 0.883313 0.868151 0.815544 0.841838 0.962248 0.981284 0.899975 0.953251 0.792553 0.911535 0.691768 0.930476 0.823513 0.984671
0.500725 0.608732 0.758149 0.597502 0.979730 0.867732 0.663879 0.639999 0.876378 0.735603 0.644129 0.757485 0.852006 0.925766 0.915891 0.920179 0.630592 0.512388 0.631550 0.524016 0.889949 0.971872 0.865512 0.934129 0.950555 0.990273 0.970894 0.965713 0.667758 0.561632 0.696328 0.701688 0.000000 0.584935 0.824111 0.972945 0.721380 0.752203 0.917913 0.967126 0.847652 0.843763 0.990626 0.891958 0.895165 0.810118 0.719262 0.726970 0.877934 0.753691 0.791251 0.711411 0.800465 0.916327 0.837059 0.820876 0.501804 0.584537 0.587808 0.517600 0.700495 0.693721 0.672932 0.606027 0.919009 0.829438 0.634602 0.669419 0.741323 0.692674 0.819134 0.806005 0.711100 0.738080 0.960452 0.935965 0.863630 0.733239 0.793990 0.831094 0.642932 0.614464 0.755271 0.627609 0.782077 0.909627 0.996122 0.959157 0.999333 0.655500 0.663891 0.944672 0.824212 0.998884 0.902172 0.804976 0.630656 0.936153 0.718231 0.657161 0.803301 0.984189 0.665700 0.743283 0.691591 0.711711 0.942128 0.803887 0.866798 0.670542 0.933657 0.706917 0.638565 0.820997 0.812738 0.960873
0.521427 0.637234 0.953162 0.660702 0.995825 0.888609 0.498275 0.346341 0.999159 0.468810 0.406265 0.447175 0.923441 0.913572 0.765473 0.981393 0.533556 0.483475 0.542767 0.536713 0.969851 0.817587 0.962905 0.903542 0.679619 0.766082 0.710513 0.699874 0.458119 0.401647 0.757684 0.810394 0.584935 0.000000 0.834045 0.945992 0.936366 0.946341 0.897156 0.926567 0.813344 0.932399 0.957646 0.968383 0.735824 0.695301 0.841412 0.736568 0.825153 0.952382 0.947687 0.964458 0.946229 0.771694 0.799261 0.803737 0.662761 0.735643 0.650840 0.595806 0.425782 0.424523 0.419813 0.375046 0.600922 0.801938 0.691915 0.582678 0.903001 0.709688 0.897232 0.857348 0.812583 0.776324 0.949076 0.947319 0.988423 0.731997 0.969130 0.927090 0.585649 0.585140 0.876659 0.647146 0.922090 0.953634 0.962842 0.906950 0.949903 0.766248 0.724446 0.899174 0.857612 0.743969 0.653514 0.935577 0.804628 0.948613 0.624570 0.608632 0.675457 0.907470 0.575123 0.751939 0.876341 0.740880 0.931477 0.998947 0.924173 0.768380 0.868018 0.632510 0.738201 0.715032 0.944121 0.835430
0.769837 0.835712 0.772894 0.875447 0.987851 0.876865 0.975816 0.947604 0.952131 0.995317 0.848951 0.873239 0.936130 0.880965 0.932084 0.985554 0.819411 0.796562 0.858224 0.843457 0.939367 0.974457 0.939161 0.973133 0.908485 0.887475 0.921340 0.963236 0.946296 0.864705 0.943425 0.867057 0.824111 0.834045 0.000000 0.998270 0.893200 0.863746 0.857943 0.958893 0.764528 0.765925 0.986227 0.943235 0.968319 0.943028 0.962427 0.878868 0.908173 0.901444 0.898142 0.908175 0.982161 0.982996 0.918820 0.874041 0.778075 0.791204 0.841174 0.885818 0.952937 0.985084 0.808834 0.794361 0.853229 0.985195 0.831070 0.898920 0.855351 0.880047 0.988727 0.920575 0.939577 0.941571 0.908559 0.792020 0.953731 0.934593 0.963494 0.868281 0.840505 0.914425 0.821425 0.834180 0.891944 0.906695 0.803832 0.994133 0.908707 0.775215 0.937146 0.921406 0.946647 0.933447 0.885701 0.990188 0.995128 0.917005 0.936197 0.874576 0.936918 0.955348 0.885312 0.989680 0.858310 0.754293 0.950021 0.847408 0.991162 0.999747 0.880257 0.970752 0.983819 0.917096 0.999285 0.994224
0.992761 0.964074 0.980085 0.908398 0.937148 0.899172 0.965578 0.950682 0.848214 0.903201 0.997658 0.918959 0.864059 0.989186 0.979313 0.984388 0.999210 0.973852 0.846601 0.939594 0.979877 0.831042 0.897415 0.962373 0.835124 0.832928 0.982525 0.995576 0.892771 0.959401 0.756838 0.696790 0.972945 0.945992 0.998270 0.000000 0.949827 0.932344 0.872755 0.776578 0.934117 0.921219 0.779291 0.822829 0.795175 0.811779 0.978564 0.815097 0.851698 0.779330 0.855598 0.814060 0.766849 0.748560 0.957851 0.953936 0.953658 0.991753 0.979255 0.944134 0.875062 0.881065 0.973682 0.933370 0.968019 0.910678 0.934229 0.813687 0.912673 0.934831 0.878566 0.883542 0.953482 0.885682 0.913842 0.876443 0.937964 0.856842 0.877844 0.823224 0.906519 0.920410 0.910313 0.909764 0.994802 0.892004 0.967286 0.948203 0.797145 0.989824 0.827129 0.841235 0.803402 0.798361 0.877320 0.982694 0.970543 0.809179 0.878934 0.811276 0.869461 0.949141 0.885789 0.916124 0.971821 0.955457 0.962892 0.929213 0.994640 0.942443 0.949927 0.937166 0.844455 0.993092 0.917933 0.978500
0.600065 0.739230 0.634922 0.727179 0.921311 0.957321 0.838568 0.992664 0.969387 0.946975 0.880791 0.919823 0.926843 0.835193 0.953652 0.854728 0.808404 0.701874 0.922704 0.778696 0.925775 0.803688 0.946166 0.893481 0.788027 0.796022 0.944364 0.796367 0.882513 0.870013 0.973215 0.815395 0.721380 0.936366 0.893200 0.949827 0.000000 0.493839 0.838097 0.728034 0.782622 0.704797 0.809232 0.825681 0.961505 0.894729 0.789349 0.796329 0.784543 0.711397 0.642596 0.630001 0.767134 0.836511 0.716698 0.650741 0.586982 0.575366 0.594946 0.748455 0.957314 0.936307 0.928654 0.872343 0.858636 0.881524 0.741142 0.959915 0.588596 0.702063 0.946856 0.839144 0.950692 0.843991 0.951866 0.858119 0.969101 0.783299 0.807485 0.879722 0.726523 0.708221 0.821044 0.661696 0.702742 0.943028 0.973220 0.958110 0.809101 0.585000 0.794934 0.840212 0.764767 0.824596 0.949168 0.900282 0.687196 0.810055 0.824569 0.873119 0.935928 0.900681 0.641150 0.785829 0.712616 0.681161 0.865601 0.660852 0.915557 0.745725 0.927596 0.923796 0.910153 0.942637 0.769366 0.825979
0.738248 0.685057 0.723919 0.788910 0.721406 0.977732 0.939918 0.926586 0.969483 0.837366 0.986366 0.840750 0.861550 0.942188 0.938646 0.946415 0.909730 0.845582 0.912849 0.776645 0.884706 0.770572 0.894492 0.957848 0.711702 0.649460 0.983111 0.751505 0.992617 0.912376 0.682694 0.953889 0.752203 0.946341 0.863746 0.932344 0.493839 0.000000 0.985669 0.885186 0.839366 0.779536 0.836679 0.811583 0.986969 0.958934 0.867742 0.836809 0.890079 0.700615 0.624256 0.564203 0.693317 0.689414 0.928959 0.870244 0.609331 0.651940 0.735051 0.760332 0.856140 0.912100 0.918228 0.964189 0.784368 0.992879 0.755880 0.891625 0.715296 0.856899 0.805740 0.717314 0.959891 0.926329 0.821702 0.994473 0.963399 0.818071 0.862222 0.721998 0.920634 0.902198 0.932817 0.821775 0.877504 0.926901 0.936080 0.985353 0.838189 0.784028 0.833546 0.786018 0.710601 0.745519 0.929913 0.819673 0.732361 0.911117 0.876364 0.841396 0.963702 0.850638 0.856481 0.846157 0.700018 0.675908 0.748955 0.626916 0.995888 0.675209 0.934694 0.974816 0.888218 0.880583 0.733721 0.879177
