0.000000 0.231837 0.405087 0.345002 0.895403 0.700172 0.347743 0.267080 0.601936 0.506193 0.279230 0.214526 0.245914 0.341332 0.405785 0.411916 0.217155 0.228757 0.235630 0.224227 0.682714 0.757532 0.451308 0.502292 0.766000 0.647075 0.974122 0.897457 0.268580 0.231496 0.359605 0.366249 0.282010 0.265809 0.719338 0.783969 0.630889 0.828271 0.780111 0.808616 0.908532 0.877041 0.395009 0.332753 0.387194 0.306130 0.313375 0.319782 0.757652 0.425493 0.507598 0.481090 0.562739 0.625847 0.554505 0.709413 0.295694 0.277161 0.213613 0.280496 0.236495 0.344427 0.210879 0.235251 0.551781 0.367602 0.330345 0.259330 0.387931 0.314998 0.468382 0.454537 0.429351 0.461960 0.736391 0.693578 0.526695 0.394300 0.270261 0.309508 0.190529 0.233347 0.441762 0.401721 0.427103 0.430361 0.877066 0.753399 0.547853 0.690547 0.881527 0.984664 0.816606 0.941965 0.612654 0.698121 0.557664 0.698424 0.460322 0.417679 0.739956 0.828560 0.568971 0.584714 0.558161 0.557265 0.956294 0.912593 0.731729 0.550331 0.879809 0.473579 0.457804 0.574435 0.674574 0.935071
0.231837 0.000000 0.501054 0.426941 0.894412 0.799435 0.411166 0.286119 0.704205 0.509445 0.333547 0.246831 0.329060 0.338548 0.484737 0.450240 0.213320 0.232783 0.263177 0.268570 0.698778 0.772712 0.547786 0.591015 0.851604 0.749079 0.882695 0.900263 0.238413 0.259982 0.423117 0.446796 0.321221 0.301648 0.830275 0.743806 0.640095 0.839785 0.832078 0.738030 0.967223 0.666610 0.412539 0.338589 0.410057 0.364619 0.399377 0.332670 0.735871 0.499901 0.521470 0.494752 0.676333 0.612938 0.673302 0.768869 0.229827 0.207813 0.230424 0.299012 0.303624 0.373022 0.250184 0.207780 0.652596 0.459757 0.394759 0.296689 0.401962 0.253137 0.518602 0.452894 0.506422 0.542064 0.836023 0.665858 0.543685 0.363765 0.354218 0.408293 0.235218 0.296887 0.472420 0.418497 0.514885 0.509144 0.979504 0.949559 0.663008 0.730061 0.951170 0.990440 0.826604 0.992037 0.576649 0.759418 0.632659 0.528076 0.482944 0.419931 0.765945 0.829729 0.593786 0.517744 0.520036 0.554228 0.994579 0.912051 0.854350 0.592490 0.826176 0.444300 0.560758 0.536795 0.712498 0.848918
0.405087 0.501054 0.000000 0.187935 0.848080 0.688218 0.244266 0.336813 0.497199 0.609312 0.436986 0.468206 0.373521 0.584183 0.494642 0.508604 0.529759 0.456896 0.362475 0.411757 0.600813 0.753093 0.357865 0.354792 0.463184 0.379799 0.967339 0.905973 0.529235 0.464120 0.289922 0.358900 0.324221 0.390365 0.728557 0.915914 0.611686 0.963031 0.566906 0.849038 0.897668 0.949534 0.385235 0.360607 0.448213 0.444691 0.356311 0.431113 0.889670 0.599184 0.692963 0.625771 0.657276 0.645840 0.527774 0.735729 0.660632 0.653510 0.508556 0.542414 0.320408 0.440243 0.570624 0.614179 0.296110 0.241711 0.310459 0.312232 0.471792 0.502757 0.439855 0.509655 0.378977 0.408612 0.837923 0.792578 0.549520 0.553638 0.493604 0.480609 0.415448 0.329292 0.557002 0.474212 0.433734 0.340847 0.859545 0.722604 0.613073 0.630603 0.760826 0.940281 0.761992 0.891925 0.554387 0.765277 0.552493 0.746216 0.640566 0.558772 0.780136 0.733351 0.826463 0.655948 0.548965 0.647744 0.862184 0.975923 0.768667 0.742335 0.875623 0.621754 0.562276 0.771252 0.701381 0.896492
0.345002 0.426941 0.187935 0.000000 0.822183 0.643967 0.211553 0.241529 0.457919 0.538913 0.437460 0.381628 0.327974 0.470514 0.396682 0.407239 0.444097 0.392530 0.315981 0.396663 0.520175 0.671305 0.295112 0.326230 0.530338 0.400954 0.998274 0.913444 0.424690 0.392844 0.244212 0.295497 0.245755 0.274279 0.646463 0.883458 0.562653 0.947780 0.654504 0.891372 0.972594 0.873056 0.294410 0.272649 0.348484 0.347925 0.275442 0.376455 0.815013 0.560384 0.609679 0.513301 0.629996 0.611253 0.509924 0.706195 0.554365 0.565609 0.396922 0.460292 0.252837 0.350560 0.471517 0.488954 0.286233 0.197515 0.232058 0.215093 0.479158 0.452656 0.354442 0.439416 0.353561 0.439207 0.777400 0.753601 0.488385 0.477183 0.407557 0.447151 0.328012 0.277753 0.477988 0.361845 0.344242 0.279176 0.896703 0.738675 0.613799 0.588563 0.684431 0.874529 0.653668 0.835999 0.578630 0.758825 0.527740 0.675520 0.516143 0.436584 0.703664 0.737762 0.718517 0.544763 0.464719 0.551337 0.853126 0.980868 0.849869 0.755970 0.832126 0.477475 0.486872 0.642365 0.618720 0.939522
0.895403 0.894412 0.848080 0.822183 0.000000 0.739176 0.797854 0.803555 0.912099 0.913573 0.961478 0.893213 0.771221 0.916193 0.789471 0.787910 0.973006 0.989331 0.884339 0.995961 0.774641 0.787114 0.774364 0.803661 0.974589 0.961388 0.716725 0.812416 0.889242 0.957681 0.873167 0.955425 0.848575 0.866197 0.922680 0.979527 0.927683 0.863793 0.828573 0.933268 0.891041 0.894936 0.848780 0.845761 0.756860 0.772057 0.712847 0.791591 0.887957 0.770396 0.713582 0.711897 0.823761 0.615321 0.794149 0.756185 0.989658 0.976502 0.898042 0.861990 0.746378 0.746552 0.879392 0.909945 0.767346 0.726756 0.746930 0.803327 0.980184 0.921912 0.690083 0.799170 0.841367 0.931137 0.967857 0.869996 0.911292 0.974188 0.930492 0.975479 0.838526 0.838317 0.770359 0.837393 0.709666 0.720674 0.879850 0.869480 0.892200 0.767267 0.787574 0.802229 0.773214 0.905486 0.973879 0.884274 0.876249 0.898069 0.840948 0.813020 0.857299 0.952011 0.910038 0.890928 0.736820 0.886020 0.918711 0.913073 0.852139 0.927841 0.979584 0.862848 0.828411 0.846482 0.814264 0.978791
0.700172 0.799435 0.688218 0.643967 0.739176 0.000000 0.529827 0.586443 0.639629 0.614148 0.679892 0.700575 0.608897 0.799092 0.700565 0.631189 0.744183 0.720398 0.678293 0.754191 0.695196 0.987860 0.654431 0.675335 0.900915 0.863380 0.866091 0.836553 0.717288 0.735421 0.661814 0.722605 0.678877 0.666451 0.630893 0.977677 0.906797 0.720071 0.977718 0.841887 0.934750 0.972243 0.620350 0.641737 0.585897 0.607585 0.572596 0.602939 0.961190 0.844910 0.866512 0.775119 0.796126 0.796368 0.823413 0.910605 0.897576 0.927991 0.725327 0.757232 0.617933 0.705998 0.694070 0.781858 0.782588 0.621423 0.525192 0.648578 0.748911 0.760420 0.645008 0.566790 0.733350 0.871238 0.763623 0.877453 0.681576 0.704692 0.670727 0.756167 0.616613 0.603431 0.802166 0.656571 0.698607 0.698075 0.868160 0.850725 0.950202 0.869956 0.669358 0.819271 0.617975 0.819977 0.717365 0.840984 0.660958 0.912969 0.752153 0.692672 0.780626 0.674436 0.837710 0.776152 0.634001 0.801851 0.905180 0.873399 0.902050 0.975595 0.837332 0.687033 0.690459 0.705176 0.760262 0.916481
0.347743 0.411166 0.244266 0.211553 0.797854 0.529827 0.000000 0.187569 0.398080 0.380343 0.344322 0.380044 0.325760 0.502748 0.473947 0.470642 0.347642 0.296427 0.244724 0.355086 0.577211 0.654569 0.411784 0.460912 0.714961 0.580870 0.969248 0.865103 0.393604 0.358897 0.345853 0.324021 0.255821 0.252593 0.745483 0.854791 0.679349 0.987977 0.791972 0.846844 0.990833 0.807860 0.265638 0.210525 0.303553 0.326941 0.299526 0.334060 0.880266 0.633861 0.642052 0.615639 0.700687 0.581838 0.584630 0.810457 0.461667 0.527669 0.400266 0.552914 0.275566 0.460932 0.411241 0.463954 0.435560 0.289322 0.180146 0.239907 0.444551 0.459162 0.349833 0.374486 0.427138 0.461074 0.800555 0.691975 0.434819 0.413152 0.420056 0.416938 0.302107 0.264287 0.499277 0.418292 0.448594 0.404770 0.833655 0.776942 0.662897 0.746328 0.573428 0.700153 0.559034 0.664781 0.464100 0.702527 0.474898 0.621475 0.473917 0.382966 0.638990 0.533081 0.645395 0.443646 0.483925 0.536516 0.795993 0.922456 0.801125 0.712532 0.750995 0.459747 0.384689 0.597894 0.644537 0.925572
0.267080 0.286119 0.336813 0.241529 0.803555 0.586443 0.187569 0.000000 0.509359 0.339701 0.342377 0.258531 0.258544 0.356069 0.371396 0.390340 0.273502 0.252363 0.270866 0.325073 0.629976 0.698022 0.404102 0.464736 0.798098 0.656452 0.894313 0.854552 0.304005 0.295296 0.375756 0.346635 0.229627 0.227729 0.740406 0.846960 0.645938 0.927795 0.820264 0.817959 0.963456 0.756248 0.264958 0.223672 0.269083 0.270570 0.280385 0.301657 0.733343 0.551637 0.544520 0.513100 0.651927 0.609931 0.575408 0.769142 0.342300 0.371258 0.274097 0.404245 0.208501 0.298302 0.313211 0.284713 0.456026 0.275331 0.208403 0.201717 0.501568 0.362767 0.391131 0.416469 0.481841 0.553467 0.812323 0.657732 0.480811 0.359290 0.331486 0.460675 0.242956 0.271762 0.465905 0.377999 0.400638 0.378070 0.919750 0.816700 0.623154 0.637396 0.646585 0.774359 0.573525 0.793022 0.451067 0.630025 0.484598 0.543098 0.389153 0.290314 0.579712 0.671307 0.549981 0.429275 0.400400 0.469173 0.805542 0.876328 0.798062 0.614000 0.744420 0.363610 0.382701 0.523454 0.618328 0.908662
0.601936 0.704205 0.497199 0.457919 0.912099 0.639629 0.398080 0.509359 0.000000 0.624390 0.657932 0.636395 0.548000 0.682738 0.626457 0.540684 0.652844 0.638698 0.548211 0.600217 0.722057 0.794242 0.466621 0.559164 0.740280 0.672348 0.825509 0.972518 0.666265 0.652938 0.551611 0.498979 0.536658 0.502648 0.764880 0.907141 0.694648 0.883252 0.833618 0.821531 0.804964 0.865359 0.458016 0.441134 0.460792 0.478441 0.409512 0.490815 0.843410 0.663796 0.614069 0.604514 0.619694 0.624010 0.687153 0.719147 0.745037 0.815253 0.577743 0.728459 0.494771 0.659075 0.637732 0.739911 0.498994 0.496904 0.372855 0.471940 0.638974 0.707453 0.528983 0.640543 0.593806 0.636405 0.845203 0.710600 0.558392 0.656062 0.642338 0.620789 0.584614 0.556608 0.649057 0.665452 0.526345 0.507532 0.793981 0.799452 0.727881 0.797734 0.626547 0.729874 0.576573 0.701813 0.596630 0.609524 0.613155 0.735286 0.552633 0.556227 0.649916 0.656458 0.721753 0.651879 0.573381 0.638387 0.946697 0.876022 0.784231 0.906161 0.771886 0.659592 0.575339 0.888509 0.612616 0.918009
0.506193 0.509445 0.609312 0.538913 0.913573 0.614148 0.380343 0.339701 0.624390 0.000000 0.470080 0.454841 0.505801 0.555240 0.605622 0.641122 0.406335 0.422241 0.488651 0.512953 0.798332 0.840073 0.655980 0.721965 0.952540 0.836424 0.946738 0.912481 0.487359 0.469939 0.629318 0.487416 0.417069 0.411953 0.776960 0.883215 0.806871 0.895942 0.932666 0.878339 0.924851 0.689153 0.442625 0.419767 0.426968 0.459317 0.537902 0.502566 0.756267 0.715780 0.689835 0.702845 0.827112 0.804489 0.766615 0.903317 0.472143 0.573140 0.433112 0.635612 0.473464 0.537105 0.492208 0.468544 0.703341 0.539472 0.421628 0.432731 0.642760 0.518581 0.580175 0.541434 0.708932 0.751834 0.808288 0.745872 0.590735 0.472194 0.506417 0.547900 0.446622 0.521683 0.661946 0.548348 0.675713 0.659820 0.992037 0.879997 0.764104 0.849251 0.658788 0.728534 0.624132 0.761236 0.553941 0.627363 0.553662 0.523549 0.419443 0.401168 0.562778 0.521113 0.559564 0.462463 0.653229 0.555025 0.798811 0.846854 0.882451 0.727359 0.706162 0.499046 0.537734 0.667803 0.674806 0.936095
0.279230 0.333547 0.436986 0.437460 0.961478 0.679892 0.344322 0.342377 0.657932 0.470080 0.000000 0.287321 0.364450 0.460761 0.609213 0.580391 0.265193 0.210729 0.229386 0.225484 0.689111 0.766056 0.670840 0.626818 0.909209 0.705793 0.975012 0.816709 0.330708 0.245791 0.454892 0.417334 0.395966 0.322412 0.951171 0.837745 0.789414 0.897578 0.789595 0.757506 0.963051 0.871192 0.523594 0.409246 0.542395 0.505199 0.469089 0.459054 0.999997 0.687264 0.753220 0.778789 0.796603 0.759355 0.725421 0.990748 0.325927 0.351213 0.427493 0.509449 0.371781 0.537322 0.284455 0.348587 0.711520 0.499649 0.448110 0.367501 0.423979 0.489706 0.572616 0.511297 0.546894 0.506722 0.803823 0.752821 0.596388 0.386664 0.434068 0.365938 0.287053 0.320944 0.484276 0.481266 0.699471 0.646761 0.907223 0.853674 0.747476 0.924337 0.907088 0.997728 0.887699 0.938960 0.610963 0.763157 0.694948 0.819617 0.637956 0.539211 0.777852 0.674864 0.651980 0.515932 0.714795 0.716471 0.866365 0.982480 0.962486 0.648999 0.853006 0.586561 0.543336 0.658208 0.802121 0.967177
0.214526 0.246831 0.468206 0.381628 0.893213 0.700575 0.380044 0.258531 0.636395 0.454841 0.287321 0.000000 0.224761 0.236943 0.322447 0.329051 0.230130 0.242987 0.295862 0.271593 0.635351 0.741440 0.424491 0.475757 0.855381 0.734104 0.989824 0.838559 0.223852 0.208531 0.379326 0.366245 0.290742 0.287427 0.741189 0.839574 0.686972 0.822516 0.784481 0.801380 0.939958 0.849599 0.490450 0.408945 0.412105 0.390145 0.374092 0.360601 0.786893 0.560743 0.605725 0.557680 0.710715 0.741363 0.637507 0.799349 0.326442 0.326746 0.275482 0.347552 0.235036 0.307998 0.218624 0.198622 0.592745 0.391817 0.380946 0.301267 0.480203 0.346216 0.502544 0.514628 0.490528 0.525616 0.764845 0.704900 0.544427 0.351358 0.312676 0.412163 0.243749 0.325171 0.383945 0.432058 0.462538 0.482205 0.897292 0.909270 0.608343 0.709472 0.992079 0.888934 0.876636 0.833857 0.596242 0.746435 0.644329 0.608770 0.533516 0.426491 0.783191 0.897416 0.597332 0.587943 0.573896 0.484741 0.922461 0.937242 0.827325 0.532455 0.798844 0.518239 0.551204 0.544256 0.685672 0.951136
0.245914 0.329060 0.373521 0.327974 0.771221 0.608897 0.325760 0.258544 0.548000 0.505801 0.364450 0.224761 0.000000 0.245350 0.229559 0.237234 0.313233 0.349584 0.328742 0.373593 0.623684 0.735925 0.282619 0.341503 0.752057 0.669445 0.981641 0.890714 0.313757 0.302582 0.337977 0.377132 0.307408 0.328939 0.706347 0.854568 0.621636 0.860089 0.692052 0.825678 0.908612 0.914261 0.416717 0.365652 0.372190 0.359345 0.341713 0.351858 0.817116 0.525525 0.511497 0.502650 0.579097 0.646067 0.527767 0.782340 0.423079 0.442172 0.298779 0.412526 0.174813 0.289588 0.258691 0.279772 0.399615 0.303701 0.298052 0.274626 0.534020 0.415310 0.459485 0.462184 0.470877 0.554945 0.765525 0.649424 0.547380 0.426012 0.380214 0.494547 0.269463 0.340027 0.317822 0.461030 0.341623 0.339951 0.812398 0.747692 0.576252 0.629265 0.878552 0.978527 0.743454 0.917517 0.610648 0.749547 0.598926 0.663346 0.542467 0.450851 0.759745 0.828783 0.582045 0.646501 0.478581 0.493165 0.913418 0.877705 0.723017 0.621728 0.822854 0.523954 0.526352 0.569552 0.616912 0.962124
0.341332 0.338548 0.584183 0.470514 0.916193 0.799092 0.502748 0.356069 0.682738 0.555240 0.460761 0.236943 0.245350 0.000000 0.233551 0.244683 0.345656 0.383952 0.410264 0.466721 0.661914 0.723012 0.368940 0.400389 0.830370 0.762254 0.999921 0.858828 0.299171 0.328497 0.401621 0.438041 0.387083 0.399391 0.737024 0.895585 0.630775 0.793567 0.833643 0.766283 0.927927 0.767275 0.508237 0.461900 0.503191 0.487908 0.471647 0.441571 0.766702 0.636727 0.560895 0.544250 0.731166 0.741703 0.673368 0.892107 0.392949 0.406731 0.314143 0.461218 0.308680 0.394685 0.273163 0.238754 0.544356 0.463687 0.418887 0.366982 0.691903 0.431794 0.517115 0.539930 0.632965 0.654878 0.849023 0.677673 0.522374 0.378808 0.383080 0.592326 0.361462 0.518015 0.330740 0.562437 0.432459 0.460283 0.893186 0.878141 0.661744 0.710993 0.968026 0.935313 0.776741 0.876641 0.696401 0.797913 0.759563 0.569785 0.561767 0.490924 0.765789 0.984068 0.541108 0.717410 0.510791 0.469688 0.927843 0.820203 0.790524 0.590468 0.821756 0.565192 0.657960 0.594515 0.622998 0.960176
0.405785 0.484737 0.494642 0.396682 0.789471 0.700565 0.473947 0.371396 0.626457 0.605622 0.609213 0.322447 0.229559 0.233551 0.000000 0.208793 0.489766 0.541478 0.521759 0.581275 0.659750 0.702910 0.222354 0.292829 0.671571 0.658191 0.982837 0.914643 0.420883 0.439010 0.353709 0.421408 0.377004 0.438618 0.583434 0.963818 0.612780 0.882358 0.762905 0.871806 0.900123 0.957468 0.492659 0.485354 0.436184 0.436902 0.391877 0.418078 0.711385 0.585475 0.532086 0.472922 0.622296 0.692057 0.497857 0.670865 0.616912 0.628285 0.387378 0.491609 0.266496 0.335265 0.405245 0.393333 0.373023 0.345020 0.372679 0.362816 0.747452 0.511529 0.488372 0.585099 0.531730 0.674376 0.782509 0.738404 0.570668 0.513478 0.470572 0.625128 0.408441 0.486595 0.362363 0.576822 0.281948 0.317966 0.797656 0.692860 0.587664 0.551629 0.907313 0.948110 0.746615 0.863110 0.711661 0.838622 0.653552 0.604990 0.573299 0.489932 0.773848 0.991079 0.649001 0.806426 0.456101 0.462115 0.945617 0.799975 0.795623 0.675756 0.842299 0.547261 0.651681 0.674295 0.581173 0.893268
0.411916 0.450240 0.508604 0.407239 0.787910 0.631189 0.470642 0.390340 0.540684 0.641122 0.580391 0.329051 0.237234 0.244683 0.208793 0.000000 0.477823 0.520734 0.477668 0.579951 0.603081 0.779979 0.216281 0.264308 0.664435 0.689073 0.919928 0.864109 0.401057 0.438789 0.332834 0.409723 0.388999 0.450435 0.661945 0.938925 0.675342 0.851852 0.751504 0.848364 0.878215 0.888327 0.460955 0.466866 0.477784 0.451238 0.396912 0.416712 0.847568 0.608167 0.540572 0.492253 0.595764 0.615080 0.591029 0.739102 0.589627 0.607273 0.380762 0.507588 0.288496 0.400734 0.379238 0.378578 0.438506 0.381511 0.360199 0.385172 0.638530 0.515557 0.397120 0.466813 0.491769 0.659698 0.733208 0.738959 0.559612 0.466518 0.450042 0.583277 0.383237 0.486832 0.351955 0.540487 0.328743 0.320567 0.859973 0.793810 0.645993 0.696540 0.873270 0.997098 0.679244 0.909581 0.727755 0.810254 0.736437 0.634457 0.657210 0.564508 0.823289 0.903217 0.687149 0.815024 0.462309 0.502430 0.989816 0.935064 0.795706 0.726514 0.908429 0.617532 0.667293 0.587699 0.591100 0.970627
0.217155 0.213320 0.529759 0.444097 0.973006 0.744183 0.347642 0.273502 0.652844 0.406335 0.265193 0.230130 0.313233 0.345656 0.489766 0.477823 0.000000 0.164125 0.210858 0.249033 0.703867 0.702522 0.566434 0.644778 0.928640 0.770683 0.965891 0.868134 0.206000 0.195543 0.455312 0.355382 0.291988 0.256398 0.864810 0.722481 0.687882 0.852045 0.840061 0.678805 0.851645 0.697525 0.426731 0.310005 0.429735 0.408061 0.430473 0.364037 0.866836 0.601813 0.619087 0.621770 0.714392 0.697910 0.669213 0.882997 0.179566 0.236328 0.263349 0.415395 0.340135 0.480048 0.200044 0.205272 0.706825 0.523888 0.376786 0.315612 0.406913 0.342177 0.470668 0.406246 0.545569 0.530658 0.811162 0.674657 0.496680 0.333966 0.296296 0.334486 0.213676 0.315553 0.471768 0.429807 0.569636 0.587633 0.914612 0.925758 0.647728 0.846127 0.870728 0.942849 0.807730 0.960628 0.580422 0.777854 0.634064 0.555020 0.471473 0.387167 0.811338 0.769763 0.527517 0.438458 0.611732 0.508669 0.914287 0.889235 0.895806 0.510416 0.758997 0.460666 0.497473 0.519751 0.727781 0.953084
0.228757 0.232783 0.456896 0.392530 0.989331 0.720398 0.296427 0.252363 0.638698 0.422241 0.210729 0.242987 0.349584 0.383952 0.541478 0.520734 0.164125 0.000000 0.173702 0.201461 0.698635 0.691615 0.615911 0.649478 0.904885 0.715855 0.927199 0.831552 0.199595 0.187097 0.439907 0.348604 0.279133 0.237991 0.877708 0.821684 0.697553 0.899259 0.853510 0.666669 0.968633 0.697424 0.396415 0.281728 0.426224 0.392927 0.387470 0.365347 0.866518 0.636804 0.648630 0.657221 0.761002 0.710204 0.686777 0.878208 0.196455 0.223103 0.301474 0.435795 0.320498 0.493016 0.201415 0.222397 0.691272 0.479540 0.352310 0.308080 0.395192 0.372696 0.502758 0.450385 0.537084 0.488227 0.783187 0.693160 0.513860 0.322878 0.307549 0.341853 0.219331 0.272320 0.462869 0.404163 0.593857 0.584745 0.925485 0.952583 0.693884 0.836295 0.834012 0.915602 0.789602 0.911410 0.586660 0.702837 0.634308 0.619684 0.467526 0.393421 0.749735 0.735905 0.579470 0.420668 0.585760 0.569954 0.827200 0.932985 0.894836 0.547803 0.829095 0.440226 0.445179 0.526833 0.700477 0.965566
0.235630 0.263177 0.362475 0.315981 0.884339 0.678293 0.244724 0.270866 0.548211 0.488651 0.229386 0.295862 0.328742 0.410264 0.521759 0.477668 0.210858 0.173702 0.000000 0.219547 0.647492 0.675726 0.522047 0.549191 0.758396 0.627181 0.948248 0.843016 0.261799 0.205111 0.347508 0.332729 0.289890 0.229674 0.809265 0.790905 0.672360 0.969904 0.770464 0.715361 0.978804 0.724827 0.365783 0.261866 0.423138 0.395978 0.358165 0.365286 0.909955 0.578996 0.623957 0.624263 0.710189 0.609981 0.628089 0.882752 0.298029 0.327955 0.334981 0.472699 0.306248 0.513232 0.262314 0.312014 0.579147 0.427027 0.307707 0.305625 0.331654 0.353726 0.416982 0.382458 0.427139 0.407944 0.794671 0.623215 0.512290 0.360759 0.362859 0.309305 0.219096 0.253729 0.503689 0.417231 0.536898 0.523050 0.865123 0.874951 0.688643 0.851063 0.799386 0.910319 0.765586 0.876336 0.545923 0.752393 0.640445 0.651947 0.497390 0.457481 0.792252 0.728779 0.624645 0.469500 0.586202 0.595738 0.959929 0.979120 0.827998 0.626340 0.857583 0.459604 0.490593 0.575691 0.699460 0.928091
0.224227 0.268570 0.411757 0.396663 0.995961 0.754191 0.355086 0.325073 0.600217 0.512953 0.225484 0.271593 0.373593 0.466721 0.581275 0.579951 0.249033 0.201461 0.219547 0.000000 0.742155 0.740597 0.601598 0.626795 0.817347 0.642509 0.962580 0.857517 0.273644 0.225109 0.428349 0.349341 0.326534 0.276510 0.809570 0.889496 0.699987 0.903865 0.803668 0.717910 0.938440 0.847992 0.488222 0.377437 0.518708 0.467965 0.434489 0.403326 0.899043 0.590305 0.711901 0.697766 0.746464 0.773107 0.699762 0.861717 0.297515 0.290086 0.359782 0.426066 0.353132 0.487256 0.291278 0.322914 0.669191 0.480691 0.443353 0.367125 0.331550 0.360940 0.572720 0.551776 0.437269 0.431601 0.782190 0.689671 0.589541 0.422513 0.386543 0.347859 0.273093 0.278328 0.544794 0.480893 0.643861 0.620916 0.808621 0.940684 0.625168 0.824373 0.970904 0.926726 0.941095 0.938883 0.589738 0.776733 0.689455 0.751150 0.553060 0.502661 0.755558 0.828695 0.734367 0.534620 0.686912 0.636438 0.921859 0.951237 0.825172 0.589289 0.832595 0.525120 0.559132 0.659544 0.753468 0.906152
0.682714 0.698778 0.600813 0.520175 0.774641 0.695196 0.577211 0.629976 0.722057 0.798332 0.689111 0.635351 0.623684 0.661914 0.659750 0.603081 0.703867 0.698635 0.647492 0.742155 0.000000 0.781348 0.596426 0.560651 0.802000 0.735528 0.855918 0.872805 0.693082 0.739356 0.547915 0.700767 0.610977 0.566782 0.744920 0.907522 0.729877 0.989925 0.904845 0.943527 0.828644 0.931144 0.624113 0.597472 0.676387 0.680442 0.593726 0.677697 0.963429 0.749797 0.819913 0.749240 0.800120 0.696727 0.781417 0.949430 0.787587 0.782982 0.694399 0.692209 0.627436 0.687188 0.697470 0.724263 0.631967 0.560999 0.597588 0.596358 0.798159 0.762740 0.527724 0.558090 0.636331 0.659476 0.779470 0.798005 0.615984 0.538703 0.727989 0.686007 0.667383 0.664234 0.579017 0.649247 0.660787 0.657365 0.929812 0.948464 0.943102 0.854797 0.752064 0.881477 0.647850 0.843909 0.866879 0.918807 0.765957 0.855593 0.800658 0.722078 0.841080 0.806171 0.769038 0.678908 0.631928 0.737146 0.881476 0.817999 0.987805 0.995327 0.915601 0.791417 0.804403 0.717682 0.864578 0.977929
0.757532 0.772712 0.753093 0.671305 0.787114 0.987860 0.654569 0.698022 0.794242 0.840073 0.766056 0.741440 0.735925 0.723012 0.702910 0.779979 0.702522 0.691615 0.675726 0.740597 0.781348 0.000000 0.751844 0.780176 0.998159 0.825143 0.940154 0.788732 0.645596 0.719712 0.791319 0.648343 0.622842 0.684623 0.927769 0.922081 0.841649 0.926491 0.902557 0.760414 0.966562 0.971512 0.697987 0.642256 0.706342 0.710610 0.752344 0.732696 0.852075 0.841412 0.772672 0.797175 0.928242 0.755553 0.778571 0.843750 0.726380 0.767012 0.803256 0.835675 0.676072 0.816612 0.723987 0.739030 0.740795 0.712576 0.666467 0.617378 0.922415 0.878443 0.752293 0.798011 0.804695 0.749253 0.908272 0.879983 0.720454 0.734444 0.896306 0.726858 0.722617 0.719669 0.769914 0.789108 0.735440 0.700951 0.927189 0.872525 0.742247 0.748379 0.788887 0.858588 0.857270 0.838233 0.816935 0.979057 0.954489 0.812394 0.723986 0.655434 0.867415 0.938855 0.838641 0.701561 0.876580 0.678634 0.859271 0.850379 0.942073 0.845578 0.821011 0.747062 0.802282 0.720302 0.673441 0.878308
0.451308 0.547786 0.357865 0.295112 0.774364 0.654431 0.411784 0.404102 0.466621 0.655980 0.670840 0.424491 0.282619 0.368940 0.222354 0.216281 0.566434 0.615911 0.522047 0.601598 0.596426 0.751844 0.000000 0.212886 0.463803 0.499521 0.908925 0.942307 0.494890 0.526449 0.254393 0.362867 0.336428 0.448980 0.550221 0.923968 0.573007 0.926900 0.678556 0.915483 0.988747 0.961197 0.437355 0.462324 0.455633 0.443805 0.358482 0.445883 0.811178 0.591102 0.598571 0.487500 0.563717 0.651160 0.467598 0.642401 0.725676 0.741914 0.425876 0.515811 0.289703 0.369119 0.507647 0.527030 0.271179 0.285679 0.315045 0.355990 0.629975 0.490292 0.379109 0.504699 0.413357 0.579870 0.773160 0.744606 0.520839 0.584957 0.479619 0.569863 0.409281 0.451028 0.411678 0.495021 0.224256 0.221812 0.816330 0.694552 0.540247 0.549318 0.845075 0.969557 0.698414 0.918494 0.635923 0.796671 0.616969 0.646908 0.644396 0.566045 0.851782 0.942783 0.760918 0.817328 0.477279 0.501292 0.954970 0.912611 0.724912 0.749408 0.875746 0.622711 0.650626 0.710900 0.545641 0.989886
0.502292 0.591015 0.354792 0.326230 0.803661 0.675335 0.460912 0.464736 0.559164 0.721965 0.626818 0.475757 0.341503 0.400389 0.292829 0.264308 0.644778 0.649478 0.549191 0.626795 0.560651 0.780176 0.212886 0.000000 0.449612 0.426519 0.931098 0.921256 0.524824 0.536493 0.275003 0.400129 0.425508 0.481168 0.570897 0.996270 0.656432 0.954791 0.660515 0.900588 0.988564 0.976030 0.507179 0.541976 0.558037 0.515687 0.454212 0.529209 0.858486 0.670437 0.648239 0.586507 0.588197 0.671858 0.487716 0.717482 0.803165 0.793820 0.517744 0.613468 0.353351 0.453375 0.543421 0.603589 0.334557 0.310737 0.395696 0.424218 0.701352 0.572952 0.460739 0.562703 0.447483 0.583425 0.832201 0.798404 0.589689 0.601641 0.558737 0.594077 0.445914 0.479080 0.428214 0.478266 0.314169 0.271508 0.740950 0.612666 0.633915 0.626733 0.867460 0.960267 0.751498 0.937666 0.726102 0.929826 0.732754 0.754711 0.795908 0.677010 0.824030 0.952600 0.903332 0.880920 0.562610 0.685687 0.936151 0.930156 0.778877 0.815299 0.971599 0.734388 0.679241 0.761657 0.580557 0.989658
0.766000 0.851604 0.463184 0.530338 0.974589 0.900915 0.714961 0.798098 0.740280 0.952540 0.909209 0.855381 0.752057 0.830370 0.671571 0.664435 0.928640 0.904885 0.758396 0.817347 0.802000 0.998159 0.463803 0.449612 0.000000 0.345410 0.864516 0.924380 0.872105 0.846607 0.455481 0.606133 0.679438 0.790500 0.592201 0.922517 0.673604 0.909990 0.650820 0.962921 0.920378 0.975639 0.705312 0.758314 0.856981 0.790337 0.643605 0.815572 0.977183 0.828248 0.897871 0.771246 0.711435 0.875694 0.541552 0.729986 0.949793 0.990002 0.791397 0.775994 0.713764 0.747657 0.929435 0.952416 0.465863 0.572404 0.680828 0.736567 0.683650 0.738760 0.698729 0.765297 0.518741 0.657475 0.818959 0.995094 0.768774 0.930883 0.754334 0.723453 0.742756 0.702207 0.826426 0.756342 0.530515 0.472831 0.899747 0.805016 0.768973 0.692334 0.999536 0.866030 0.915540 0.909521 0.756690 0.956263 0.827373 0.902191 0.994767 0.950738 0.817879 0.891124 0.821723 0.936736 0.716399 0.901960 0.966278 0.902641 0.840320 0.852601 0.882266 0.865393 0.867233 0.924974 0.808226 0.954755
0.647075 0.749079 0.379799 0.400954 0.961388 0.863380 0.580870 0.656452 0.672348 0.836424 0.705793 0.734104 0.669445 0.762254 0.658191 0.689073 0.770683 0.715855 0.627181 0.642509 0.735528 0.825143 0.499521 0.426519 0.345410 0.000000 0.908902 0.832997 0.695033 0.672287 0.411089 0.474844 0.516562 0.579537 0.627149 0.985540 0.579413 0.958697 0.620945 0.786945 0.911207 0.950393 0.577246 0.574674 0.670076 0.592296 0.524256 0.651245 0.822078 0.699994 0.760375 0.685666 0.649590 0.796413 0.581207 0.667001 0.866180 0.842164 0.641187 0.688606 0.579051 0.631314 0.770942 0.816852 0.403552 0.433914 0.557235 0.534066 0.632240 0.673716 0.634803 0.621554 0.424434 0.518676 0.857441 0.886765 0.607873 0.762566 0.725896 0.604995 0.611733 0.547426 0.755989 0.560879 0.522728 0.450634 0.820500 0.731220 0.605660 0.654051 0.902903 0.912341 0.910594 0.981373 0.750117 0.944184 0.732710 0.815145 0.770964 0.682082 0.942011 0.993502 0.955087 0.776906 0.690878 0.878186 0.967000 0.957683 0.956519 0.871833 0.932870 0.728815 0.713885 0.994700 0.642727 0.995712
0.974122 0.882695 0.967339 0.998274 0.716725 0.866091 0.969248 0.894313 0.825509 0.946738 0.975012 0.989824 0.981641 0.999921 0.982837 0.919928 0.965891 0.927199 0.948248 0.962580 0.855918 0.940154 0.908925 0.931098 0.864516 0.908902 0.000000 0.973855 0.938850 0.927737 0.952213 0.938956 0.995730 0.907347 0.842950 0.950145 0.953748 0.954873 0.916835 0.987759 0.908946 0.991177 0.968438 0.957519 0.916999 0.927952 0.977011 0.919508 0.896882 0.910222 0.893893 0.918971 0.980938 0.865612 0.908168 0.926377 0.882558 0.843581 0.960322 0.904286 0.942865 0.894687 0.931197 0.905871 0.989575 0.966567 0.948480 0.985831 0.899943 0.882081 0.872516 0.998591 0.917326 0.992281 0.959952 0.801959 0.940788 0.946318 0.944334 0.893988 0.970069 0.927696 0.992716 0.868310 0.962317 0.977350 0.811258 0.992540 0.974226 0.859462 0.940651 0.968361 0.992776 0.983037 0.980699 0.933303 0.957134 0.913982 0.946365 0.944187 0.919787 0.922210 0.994852 0.879674 0.905105 0.908464 0.974408 0.913105 0.909359 0.858101 0.905007 0.838948 0.831028 0.992163 0.930804 0.846864
0.897457 0.900263 0.905973 0.913444 0.812416 0.836553 0.865103 0.854552 0.972518 0.912481 0.816709 0.838559 0.890714 0.858828 0.914643 0.864109 0.868134 0.831552 0.843016 0.857517 0.872805 0.788732 0.942307 0.921256 0.924380 0.832997 0.973855 0.000000 0.841003 0.887424 0.945768 0.909233 0.822969 0.930872 0.992712 0.982678 0.903798 0.931029 0.985500 0.777527 0.908363 0.923433 0.890009 0.819971 0.977927 0.938997 0.882385 0.957340 0.962813 0.902253 0.994790 0.938460 0.976622 0.987569 0.922317 0.894723 0.851215 0.844179 0.925828 0.943667 0.883540 0.957481 0.804420 0.809323 0.988872 0.934399 0.902979 0.903159 0.916240 0.986853 0.896784 0.807406 0.885150 0.992679 0.878932 0.863884 0.756101 0.854782 0.972405 0.924742 0.869703 0.898217 0.976829 0.978841 0.970380 0.941646 0.963364 0.854268 0.897073 0.950400 0.851251 0.930412 0.927433 0.904157 0.880713 0.977810 0.917174 0.817240 0.907511 0.819549 0.993190 0.876855 0.973226 0.779564 0.826480 0.977451 0.864782 0.890205 0.913715 0.901689 0.998187 0.846540 0.946701 0.940535 0.858950 0.933599
0.268580 0.238413 0.529235 0.424690 0.889242 0.717288 0.393604 0.304005 0.666265 0.487359 0.330708 0.223852 0.313757 0.299171 0.420883 0.401057 0.206000 0.199595 0.261799 0.273644 0.693082 0.645596 0.494890 0.524824 0.872105 0.695033 0.938850 0.841003 0.000000 0.193362 0.383813 0.363483 0.294280 0.258709 0.763094 0.862670 0.645603 0.894977 0.811995 0.679229 0.946517 0.734076 0.464761 0.350201 0.437798 0.411215 0.391193 0.351919 0.779010 0.616268 0.621869 0.588768 0.712716 0.726023 0.610342 0.766418 0.264331 0.296797 0.287509 0.393242 0.294171 0.442048 0.189182 0.209898 0.650007 0.466718 0.365774 0.319293 0.461216 0.349091 0.503287 0.456432 0.523099 0.537125 0.783811 0.728222 0.491303 0.362723 0.332069 0.369304 0.219629 0.315354 0.420683 0.370349 0.479616 0.518480 0.873241 0.924787 0.636822 0.702487 0.967865 0.940833 0.866750 0.896744 0.598788 0.798924 0.702822 0.584071 0.521315 0.416674 0.784458 0.905685 0.603443 0.510807 0.579844 0.495797 0.904563 0.953136 0.838259 0.557088 0.793261 0.493780 0.518894 0.500548 0.621380 0.939006
0.231496 0.259982 0.464120 0.392844 0.957681 0.735421 0.358897 0.295296 0.652938 0.469939 0.245791 0.208531 0.302582 0.328497 0.439010 0.438789 0.195543 0.187097 0.205111 0.225109 0.739356 0.719712 0.526449 0.536493 0.846607 0.672287 0.927737 0.887424 0.193362 0.000000 0.365158 0.316793 0.305201 0.221491 0.823224 0.846394 0.669610 0.931602 0.759417 0.736857 0.987821 0.843746 0.527252 0.368581 0.472336 0.433538 0.420349 0.393969 0.886062 0.618567 0.676867 0.650517 0.719031 0.721633 0.595393 0.848774 0.294794 0.310192 0.331517 0.464642 0.302497 0.465273 0.225081 0.243609 0.663600 0.483014 0.392376 0.348456 0.391148 0.340474 0.505126 0.477136 0.487910 0.479793 0.703262 0.664065 0.603406 0.382984 0.331020 0.342780 0.215462 0.264374 0.445058 0.369554 0.561915 0.546326 0.793258 0.809918 0.631634 0.807340 0.996977 0.869063 0.947987 0.887274 0.608665 0.849928 0.684962 0.642047 0.569665 0.486201 0.807053 0.840275 0.612054 0.543503 0.693542 0.575356 0.949276 0.993539 0.899746 0.573020 0.855803 0.550366 0.566935 0.595019 0.715436 0.993214
0.359605 0.423117 0.289922 0.244212 0.873167 0.661814 0.345853 0.375756 0.551611 0.629318 0.454892 0.379326 0.337977 0.401621 0.353709 0.332834 0.455312 0.439907 0.347508 0.428349 0.547915 0.791319 0.254393 0.275003 0.455481 0.411089 0.952213 0.945768 0.383813 0.365158 0.000000 0.282282 0.286619 0.315191 0.611888 0.907237 0.527498 0.932674 0.680331 0.943854 0.961706 0.912447 0.443701 0.382218 0.487430 0.435332 0.359158 0.403021 0.889617 0.615039 0.689327 0.576051 0.639832 0.663489 0.475343 0.718602 0.597952 0.587934 0.414120 0.466489 0.296062 0.418441 0.443621 0.483694 0.358440 0.283320 0.311555 0.317116 0.432104 0.391015 0.382237 0.403566 0.343494 0.402625 0.716458 0.818126 0.517184 0.460729 0.419181 0.439759 0.325222 0.308944 0.420565 0.356857 0.334672 0.296130 0.820533 0.713700 0.593406 0.632734 0.943261 0.872705 0.825808 0.912940 0.634071 0.894406 0.610662 0.737610 0.699739 0.605586 0.837118 0.849981 0.795472 0.714440 0.588862 0.603021 0.949529 0.953093 0.832870 0.650881 0.993669 0.607614 0.621274 0.653304 0.650361 0.979567
0.366249 0.446796 0.358900 0.295497 0.955425 0.722605 0.324021 0.346635 0.498979 0.487416 0.417334 0.366245 0.377132 0.438041 0.421408 0.409723 0.355382 0.348604 0.332729 0.349341 0.700767 0.648343 0.362867 0.400129 0.606133 0.474844 0.938956 0.909233 0.363483 0.316793 0.282282 0.000000 0.256918 0.289993 0.706533 0.937567 0.593505 0.929283 0.651979 0.817605 0.968431 0.889241 0.434693 0.350488 0.498307 0.487656 0.435639 0.428403 0.937663 0.722495 0.759708 0.714015 0.718068 0.778664 0.587699 0.806784 0.493943 0.542247 0.413976 0.572001 0.352444 0.531810 0.420731 0.452894 0.487965 0.394079 0.357715 0.338625 0.428451 0.463977 0.457940 0.462175 0.431680 0.474623 0.731107 0.785507 0.543004 0.465348 0.400412 0.346927 0.335144 0.337928 0.521364 0.412277 0.477684 0.409497 0.844470 0.797538 0.589760 0.747728 0.856129 0.950868 0.834955 0.994625 0.649413 0.855739 0.671360 0.720413 0.610839 0.521652 0.822769 0.789288 0.795209 0.581785 0.653647 0.581980 0.822926 0.974549 0.891203 0.660632 0.860189 0.572458 0.578779 0.670529 0.607792 0.996187
0.282010 0.321221 0.324221 0.245755 0.848575 0.678877 0.255821 0.229627 0.536658 0.417069 0.395966 0.290742 0.307408 0.387083 0.377004 0.388999 0.291988 0.279133 0.289890 0.326534 0.610977 0.622842 0.336428 0.425508 0.679438 0.516562 0.995730 0.822969 0.294280 0.305201 0.286619 0.256918 0.000000 0.264287 0.723204 0.812181 0.638093 0.968724 0.752072 0.762781 0.960117 0.803546 0.320479 0.267706 0.356421 0.326182 0.312297 0.341555 0.776205 0.608214 0.611787 0.563186 0.672646 0.664153 0.534514 0.689821 0.387258 0.402126 0.287981 0.422443 0.258114 0.376157 0.322089 0.332527 0.453363 0.315083 0.261188 0.221503 0.432890 0.355128 0.357401 0.368273 0.424164 0.499427 0.799521 0.719824 0.436562 0.365581 0.293235 0.388883 0.218096 0.250439 0.435687 0.337229 0.365247 0.347912 0.871669 0.830146 0.566288 0.624505 0.747966 0.911915 0.705788 0.964479 0.591677 0.723232 0.476325 0.515708 0.447753 0.346918 0.764430 0.757917 0.682096 0.465060 0.519090 0.467717 0.882353 0.899076 0.820638 0.583805 0.834742 0.443322 0.478553 0.549157 0.601812 0.977168
0.265809 0.301648 0.390365 0.274279 0.866197 0.666451 0.252593 0.227729 0.502648 0.411953 0.322412 0.287427 0.328939 0.399391 0.438618 0.450435 0.256398 0.237991 0.229674 0.276510 0.566782 0.684623 0.448980 0.481168 0.790500 0.579537 0.907347 0.930872 0.258709 0.221491 0.315191 0.289993 0.264287 0.000000 0.703158 0.860714 0.555454 0.857677 0.764941 0.777150 0.993465 0.814969 0.370180 0.262159 0.359828 0.338966 0.306766 0.356576 0.836914 0.571545 0.623408 0.577404 0.695397 0.680590 0.599323 0.759782 0.335324 0.369673 0.307459 0.455139 0.260817 0.408398 0.287892 0.304214 0.510561 0.333438 0.269272 0.249132 0.458569 0.374927 0.444549 0.423506 0.416936 0.507691 0.700845 0.678793 0.504525 0.339191 0.371238 0.334122 0.246103 0.254807 0.457093 0.328123 0.435732 0.441729 0.846631 0.766401 0.621044 0.722177 0.799574 0.947966 0.763448 0.889678 0.550686 0.745965 0.618272 0.604089 0.445066 0.388060 0.702512 0.740219 0.589478 0.425708 0.568796 0.565685 0.949146 0.878374 0.880870 0.667615 0.816209 0.407623 0.480911 0.564862 0.590561 0.947777
0.719338 0.830275 0.728557 0.646463 0.922680 0.630893 0.745483 0.740406 0.764880 0.776960 0.951171 0.741189 0.706347 0.737024 0.583434 0.661945 0.864810 0.877708 0.809265 0.809570 0.744920 0.927769 0.550221 0.570897 0.592201 0.627149 0.842950 0.992712 0.763094 0.823224 0.611888 0.706533 0.723204 0.703158 0.000000 0.978840 0.675985 0.924002 0.919440 0.880992 0.992099 0.980934 0.684876 0.762167 0.656890 0.623398 0.625758 0.729678 0.692179 0.610524 0.739383 0.612682 0.659206 0.862880 0.581857 0.637373 0.988440 0.913848 0.677771 0.642207 0.648262 0.659216 0.808192 0.827861 0.607562 0.595474 0.667766 0.694873 0.805356 0.653092 0.808506 0.805621 0.621611 0.787123 0.675639 0.900067 0.775144 0.822506 0.725124 0.743728 0.687233 0.675252 0.817060 0.745128 0.493936 0.556917 0.931249 0.767482 0.691710 0.641589 0.987173 0.884542 0.893438 0.915066 0.784182 0.968334 0.729759 0.831075 0.780340 0.765428 0.935433 0.883975 0.983129 0.996769 0.723636 0.745647 0.974998 0.919620 0.690921 0.995259 0.832493 0.637678 0.882544 0.984467 0.759168 0.964806
0.783969 0.743806 0.915914 0.883458 0.979527 0.977677 0.854791 0.846960 0.907141 0.883215 0.837745 0.839574 0.854568 0.895585 0.963818 0.938925 0.722481 0.821684 0.790905 0.889496 0.907522 0.922081 0.923968 0.996270 0.922517 0.985540 0.950145 0.982678 0.862670 0.846394 0.907237 0.937567 0.812181 0.860714 0.978840 0.000000 0.989173 0.760212 0.951544 0.932026 0.838623 0.860669 0.812308 0.797593 0.822548 0.796715 0.892312 0.785528 0.935535 0.881264 0.857123 0.811026 0.904147 0.824733 0.988506 0.925753 0.757640 0.775320 0.769616 0.812597 0.875749 0.884310 0.782141 0.819211 0.945794 0.919606 0.831682 0.761089 0.843450 0.737767 0.866031 0.754699 0.944167 0.924531 0.856446 0.838732 0.872746 0.850185 0.762659 0.878525 0.765649 0.830040 0.873631 0.773244 0.886437 0.886392 0.937187 0.952119 0.909289 0.958669 0.966122 0.927068 0.955201 0.919855 0.807261 0.933319 0.886402 0.722771 0.865862 0.864742 0.995561 0.843961 0.841970 0.829049 0.975137 0.974653 0.938011 0.974433 0.910506 0.871112 0.797302 0.796752 0.829627 0.919523 0.842649 0.944450
0.630889 0.640095 0.611686 0.562653 0.927683 0.906797 0.679349 0.645938 0.694648 0.806871 0.789414 0.686972 0.621636 0.630775 0.612780 0.675342 0.687882 0.697553 0.672360 0.699987 0.729877 0.841649 0.573007 0.656432 0.673604 0.579413 0.953748 0.903798 0.645603 0.669610 0.527498 0.593505 0.638093 0.555454 0.675985 0.989173 0.000000 0.844441 0.635606 0.872037 0.886428 0.736436 0.650842 0.578586 0.578514 0.611340 0.611064 0.564242 0.659037 0.634593 0.667932 0.591637 0.670501 0.842973 0.739962 0.730105 0.716585 0.666100 0.525316 0.592525 0.564145 0.584850 0.718989 0.674457 0.495363 0.555130 0.601995 0.550197 0.741468 0.627558 0.805140 0.723944 0.695839 0.681201 0.690546 0.814244 0.699968 0.684323 0.677726 0.708739 0.655188 0.672292 0.776266 0.661289 0.527828 0.509781 0.879145 0.783867 0.596400 0.595389 0.994775 0.880091 0.864534 0.974007 0.652040 0.772482 0.746733 0.711157 0.619275 0.644798 0.786828 0.961194 0.599938 0.707179 0.632311 0.611454 0.939105 0.847080 0.919922 0.796111 0.932321 0.633270 0.842305 0.884166 0.793230 0.865256
0.828271 0.839785 0.963031 0.947780 0.863793 0.720071 0.987977 0.927795 0.883252 0.895942 0.897578 0.822516 0.860089 0.793567 0.882358 0.851852 0.852045 0.899259 0.969904 0.903865 0.989925 0.926491 0.926900 0.954791 0.909990 0.958697 0.954873 0.931029 0.894977 0.931602 0.932674 0.929283 0.968724 0.857677 0.924002 0.760212 0.844441 0.000000 0.912167 0.982449 0.842271 0.983981 0.905305 0.915590 0.951904 0.923012 0.991188 0.918922 0.938492 0.844486 0.795872 0.875758 0.957951 0.964964 0.910543 0.995319 0.766137 0.792821 0.885887 0.859949 0.871959 0.829879 0.827384 0.801151 0.849386 0.878994 0.951750 0.840193 0.938922 0.984400 0.941493 0.921172 0.904341 0.938634 0.999297 0.950397 0.939961 0.788417 0.969987 0.985959 0.994553 0.925652 0.862910 0.951172 0.921538 0.917352 0.748049 0.987498 0.944733 0.992540 0.930357 0.985964 0.974281 0.982829 0.956632 0.828134 0.794566 0.916306 0.841005 0.942863 0.875734 0.915008 0.842889 0.926113 0.980342 0.939668 0.969177 0.867287 0.961110 0.751574 0.968341 0.938311 0.961049 0.953928 0.789423 0.920133
