0.000000 0.302657 0.708463 0.693976 0.833175 0.620130 0.367537 0.377731 0.514477 0.507802 0.344518 0.239648 0.366611 0.369237 0.577242 0.675027 0.390838 0.390219 0.390633 0.436699 0.891701 0.985288 0.832943 0.989771 0.776821 0.918513 0.678521 0.816611 0.402612 0.469217 0.955751 0.948327 0.454385 0.394346 0.739813 0.836525 0.942509 0.942043 0.796598 0.981003 0.915838 0.793137 0.571583 0.565921 0.549948 0.501764 0.486014 0.482489 0.752229 0.645600 0.635371 0.518009 0.718074 0.861178 0.666425 0.562918 0.352336 0.310583 0.215965 0.263433 0.224126 0.308613 0.338258 0.307616 0.803945 0.669665 0.598852 0.539669 0.685024 0.718713 0.667561 0.808633 0.882041 0.885547 0.918125 0.979135 0.563401 0.800557 0.531360 0.802691 0.415382 0.599025 0.842347 0.635977 0.662107 0.796818 0.998369 0.931312 0.610747 0.540656 0.762130 0.726507 0.843176 0.823465 0.894794 0.798312 0.620099 0.839267 0.429101 0.405599 0.664106 0.700445 0.576090 0.640525 0.490700 0.451575 0.787869 0.621437 0.684088 0.678035 0.655198 0.705426 0.518927 0.850195 0.615595 0.861152
0.302657 0.000000 0.574246 0.498211 0.950620 0.643732 0.330082 0.311617 0.635739 0.674614 0.551883 0.384858 0.599749 0.399709 0.790959 0.788997 0.534785 0.533962 0.385076 0.354465 0.864773 0.890326 0.717532 0.781861 0.951259 0.843469 0.756710 0.824180 0.601906 0.563961 0.699611 0.683411 0.364970 0.306807 0.652372 0.960120 0.823555 0.879863 0.964910 0.893970 0.832571 0.827806 0.378944 0.388161 0.504520 0.492010 0.430469 0.371559 0.871589 0.617228 0.544185 0.440246 0.647075 0.760000 0.662043 0.526947 0.353748 0.338782 0.327558 0.269746 0.303207 0.269317 0.542180 0.489859 0.702788 0.487387 0.434833 0.362162 0.698464 0.626765 0.560932 0.638741 0.648950 0.713153 0.863610 0.889928 0.576303 0.661145 0.666331 0.772074 0.478081 0.618218 0.726227 0.699680 0.633476 0.589185 0.985546 0.964826 0.650535 0.464406 0.701627 0.849410 0.760498 0.886942 0.909005 0.786233 0.587146 0.875408 0.472562 0.492031 0.608566 0.696879 0.610014 0.760940 0.399496 0.397123 0.820976 0.606544 0.701552 0.650606 0.633939 0.707271 0.584659 0.758825 0.553974 0.964089
0.708463 0.574246 0.000000 0.210903 0.882086 0.825747 0.399996 0.496851 0.625768 0.972368 0.960086 0.827046 0.810162 0.769574 0.782010 0.630138 0.977669 0.965052 0.539461 0.484285 0.464022 0.731698 0.293425 0.412413 0.391881 0.311977 0.943825 0.837638 0.997721 0.909574 0.346843 0.559151 0.407379 0.420074 0.414451 0.726388 0.404940 0.651050 0.800235 0.687118 0.750321 0.955000 0.464222 0.656643 0.819919 0.935771 0.539912 0.535638 0.690062 0.977469 0.803636 0.879852 0.869926 0.837640 0.738071 0.840269 0.899175 0.847622 0.770181 0.705620 0.599436 0.543427 0.967613 0.999716 0.241584 0.283744 0.292865 0.329967 0.649970 0.745789 0.366477 0.423178 0.533720 0.612870 0.843587 0.849741 0.627701 0.514239 0.978154 0.772698 0.884587 0.741337 0.837286 0.986758 0.509494 0.438537 0.972462 0.742475 0.594421 0.699261 0.602203 0.790104 0.587994 0.634434 0.643256 0.707025 0.633724 0.890067 0.702980 0.678614 0.722175 0.899237 0.868946 0.976501 0.574428 0.512384 0.723383 0.786796 0.745435 0.791037 0.616073 0.878101 0.888853 0.847283 0.789654 0.917235
0.693976 0.498211 0.210903 0.000000 0.957724 0.755077 0.374059 0.430516 0.689624 0.984893 0.950664 0.767463 0.906457 0.731007 0.913735 0.703030 0.953791 0.983635 0.537703 0.427674 0.452903 0.763564 0.357424 0.380859 0.415802 0.322270 0.987321 0.871242 0.927696 0.950063 0.375587 0.535249 0.423845 0.409271 0.456906 0.688878 0.478001 0.614436 0.754236 0.737054 0.683068 0.926964 0.388922 0.556520 0.771203 0.893710 0.427922 0.470500 0.697908 0.964124 0.716296 0.783074 0.819358 0.765555 0.745954 0.788412 0.839208 0.833571 0.718999 0.631397 0.608034 0.469911 0.937326 0.978267 0.304555 0.213801 0.248324 0.247625 0.679595 0.757976 0.314842 0.353810 0.475783 0.576829 0.727421 0.770305 0.583349 0.481853 0.920995 0.738973 0.899118 0.785113 0.820998 0.993358 0.550228 0.421598 0.933686 0.819413 0.639583 0.685835 0.543131 0.778679 0.533942 0.660297 0.681718 0.627381 0.543542 0.829465 0.636122 0.645176 0.635534 0.832708 0.823774 0.961095 0.490196 0.496037 0.727690 0.725744 0.699117 0.746611 0.626748 0.834906 0.858418 0.809890 0.676087 0.840282
0.833175 0.950620 0.882086 0.957724 0.000000 0.984422 0.940529 0.982711 0.698353 0.763477 0.827428 0.878608 0.574396 0.832628 0.628922 0.705412 0.795505 0.821839 0.741742 0.983345 0.930824 0.914486 0.812462 0.952778 0.932782 0.895822 0.822556 0.982889 0.790004 0.812491 0.913884 0.828330 0.890261 0.937731 0.900069 0.828571 0.975673 0.857750 0.920075 0.649202 0.844140 0.940658 0.992852 0.960283 0.927077 0.922901 0.991777 0.990090 0.745188 0.929828 0.892865 0.896044 0.981019 0.788080 0.798743 0.982834 0.890421 0.742372 0.845231 0.984089 0.767440 0.940527 0.718685 0.764520 0.759985 0.958537 0.962415 0.906833 0.967664 0.935265 0.999983 0.773767 0.742756 0.776678 0.888380 0.893431 0.996169 0.925437 0.941850 0.871098 0.771255 0.826637 0.914578 0.719735 0.662655 0.948194 0.886472 0.883790 0.769960 0.829824 0.878488 0.956739 0.855533 0.940207 0.982038 0.961355 0.817204 0.842145 0.999323 0.968286 0.780232 0.911625 0.987919 0.930656 0.925524 0.872050 0.931629 0.860333 0.945475 0.814655 0.926998 0.843075 0.874556 0.936534 0.789215 0.888068
0.620130 0.643732 0.825747 0.755077 0.984422 0.000000 0.539746 0.466079 0.626276 0.537380 0.731558 0.649335 0.862894 0.843764 0.988636 0.992393 0.809933 0.808885 0.757380 0.693663 0.936227 0.837380 0.984923 0.878297 0.851400 0.994417 0.557559 0.938341 0.810325 0.920728 0.962214 0.971587 0.681447 0.667389 0.803849 0.982466 0.981679 0.937021 0.854674 0.990828 0.768232 0.892918 0.628045 0.603375 0.693257 0.699125 0.690541 0.707194 0.909485 0.750683 0.683587 0.653164 0.731010 0.747536 0.786914 0.738465 0.787838 0.762352 0.602797 0.495197 0.606206 0.522789 0.836221 0.783184 0.969647 0.721012 0.623693 0.578218 0.853468 0.605728 0.722872 0.725577 0.812217 0.902097 0.849288 0.863824 0.708341 0.762591 0.989325 0.937453 0.880795 0.978052 0.837142 0.980005 0.976979 0.955646 0.887297 0.836233 0.874875 0.909376 0.586192 0.591357 0.582084 0.669411 0.997205 0.725596 0.709465 0.719113 0.526890 0.567907 0.573676 0.627101 0.732674 0.643872 0.661641 0.688386 0.792622 0.703689 0.829406 0.824055 0.649857 0.674068 0.592691 0.807609 0.565395 0.811415
0.367537 0.330082 0.399996 0.374059 0.940529 0.539746 0.000000 0.183622 0.369079 0.480171 0.602219 0.426394 0.649637 0.588275 0.796909 0.734756 0.570490 0.578427 0.416126 0.390448 0.814105 0.749953 0.647908 0.827469 0.885741 0.730179 0.650319 0.905148 0.609463 0.595062 0.610437 0.750670 0.357950 0.261743 0.432303 0.907275 0.742567 0.858763 0.964894 0.863981 0.701520 0.838002 0.315263 0.346948 0.418615 0.471909 0.461048 0.389881 0.881033 0.608305 0.438878 0.441885 0.482130 0.530084 0.595720 0.626399 0.606770 0.547625 0.368082 0.372745 0.330763 0.289823 0.642954 0.542331 0.622500 0.453718 0.231426 0.261288 0.712488 0.685220 0.330556 0.455481 0.575068 0.666913 0.841777 0.882512 0.399943 0.573731 0.749378 0.841726 0.608528 0.731902 0.907005 0.895859 0.752296 0.751276 0.860994 0.707721 0.648015 0.650362 0.379188 0.507278 0.421599 0.514880 0.702031 0.615354 0.360829 0.684627 0.271731 0.338691 0.448498 0.550867 0.521320 0.630699 0.351880 0.332937 0.627888 0.511989 0.581347 0.593942 0.448860 0.616529 0.557679 0.669802 0.495352 0.854093
0.377731 0.311617 0.496851 0.430516 0.982711 0.466079 0.183622 0.000000 0.455287 0.473593 0.593403 0.388644 0.684618 0.557305 0.889001 0.832684 0.625243 0.628573 0.499203 0.398780 0.853084 0.779880 0.759888 0.883769 0.965173 0.778552 0.572598 0.864067 0.635477 0.650597 0.657249 0.733084 0.399626 0.310491 0.509902 0.940550 0.867114 0.902293 0.934534 0.875526 0.673913 0.825289 0.308314 0.330814 0.479601 0.495859 0.454328 0.428693 0.912149 0.618280 0.480000 0.442868 0.534853 0.573511 0.668483 0.607021 0.568245 0.561208 0.373768 0.315250 0.323702 0.217667 0.671993 0.558158 0.709361 0.426379 0.269088 0.255213 0.752433 0.653747 0.403685 0.451061 0.620901 0.670859 0.838431 0.827345 0.473586 0.640059 0.821878 0.832028 0.655251 0.801298 0.958865 0.957272 0.810796 0.787842 0.932798 0.714145 0.693414 0.660693 0.378007 0.556127 0.429116 0.567545 0.762273 0.623225 0.397798 0.656844 0.293648 0.349867 0.402679 0.506405 0.553584 0.651424 0.330373 0.341561 0.585909 0.527581 0.612410 0.577684 0.445545 0.580758 0.509991 0.695881 0.440158 0.852545
0.514477 0.635739 0.625768 0.689624 0.698353 0.626276 0.369079 0.455287 0.000000 0.421137 0.512767 0.558609 0.608456 0.786112 0.692010 0.717458 0.633165 0.635356 0.641756 0.659490 0.990894 0.823084 0.796063 0.921581 0.911083 0.949206 0.751308 0.828962 0.562014 0.669191 0.871844 0.980843 0.582492 0.506749 0.587428 0.990228 0.840174 0.996990 0.873340 0.851223 0.712949 0.852920 0.640014 0.635225 0.607589 0.660013 0.789891 0.741174 0.789686 0.859248 0.711406 0.750316 0.666249 0.788655 0.592442 0.810201 0.830896 0.676205 0.522375 0.629967 0.473149 0.510869 0.654391 0.581226 0.754089 0.753312 0.514356 0.603597 0.730744 0.700373 0.518818 0.709432 0.828241 0.892837 0.871171 0.922014 0.583166 0.828890 0.725343 0.994423 0.684582 0.784321 0.989920 0.809530 0.808391 0.949468 0.839009 0.794791 0.568015 0.841461 0.540883 0.472673 0.558022 0.477378 0.723244 0.814415 0.609051 0.733429 0.420335 0.483294 0.654307 0.699287 0.646631 0.780988 0.620634 0.548034 0.734763 0.560062 0.717491 0.802310 0.608783 0.744363 0.633277 0.761017 0.687169 0.951861
0.507802 0.674614 0.972368 0.984893 0.763477 0.537380 0.480171 0.473593 0.421137 0.000000 0.410386 0.442428 0.650875 0.794779 0.776768 0.905273 0.475980 0.460979 0.668911 0.741891 0.713198 0.929695 0.794594 0.532627 0.567709 0.700412 0.551569 0.822684 0.408851 0.522453 0.813569 0.777928 0.783567 0.653574 0.807426 0.828934 0.815011 0.854129 0.716008 0.932535 0.919192 0.746027 0.718544 0.578804 0.452254 0.435487 0.779362 0.751597 0.463119 0.577614 0.559580 0.535708 0.567037 0.690494 0.743623 0.655324 0.727678 0.656364 0.439707 0.600018 0.545497 0.563851 0.512835 0.408092 0.867368 0.962106 0.710836 0.788080 0.908979 0.817221 0.659232 0.844296 0.965572 0.940613 0.958925 0.960055 0.569251 0.916516 0.769275 0.969308 0.570511 0.820676 0.953287 0.791492 0.892010 0.720229 0.737162 0.750592 0.814358 0.901711 0.537338 0.452915 0.613501 0.559512 0.924381 0.781175 0.638485 0.719095 0.356690 0.435854 0.636331 0.565695 0.476629 0.577193 0.660373 0.660912 0.778494 0.672389 0.795964 0.754249 0.601089 0.656988 0.413039 0.731102 0.712067 0.930790
0.344518 0.551883 0.960086 0.950664 0.827428 0.731558 0.602219 0.593403 0.512767 0.410386 0.000000 0.294717 0.402057 0.485983 0.643075 0.768841 0.370766 0.365491 0.625012 0.653061 0.683098 0.889075 0.854829 0.658270 0.530340 0.643214 0.686524 0.642764 0.304321 0.395132 0.820642 0.872190 0.694411 0.616359 0.989126 0.714464 0.844159 0.868384 0.822031 0.965606 0.976040 0.752246 0.901727 0.741035 0.667320 0.588380 0.762507 0.816191 0.629344 0.735431 0.793362 0.709001 0.828075 0.983270 0.705787 0.719509 0.529225 0.434561 0.375807 0.486368 0.384297 0.484763 0.288059 0.258622 0.877067 0.987072 0.910395 0.876017 0.863277 0.847536 0.921593 0.932746 0.890561 0.920552 0.866883 0.974878 0.786917 0.913922 0.517478 0.895080 0.387911 0.614118 0.868364 0.593089 0.871449 0.935298 0.884722 0.985861 0.770496 0.745231 0.939332 0.811881 0.997208 0.939640 0.942837 0.920322 0.825225 0.887792 0.571772 0.615476 0.794167 0.800241 0.644579 0.723290 0.680805 0.667898 0.886773 0.756225 0.778589 0.751001 0.801430 0.844045 0.620405 0.992100 0.685543 0.872852
0.239648 0.384858 0.827046 0.767463 0.878608 0.649335 0.426394 0.388644 0.558609 0.442428 0.294717 0.000000 0.377161 0.351247 0.638828 0.680161 0.413124 0.387634 0.495761 0.495435 0.849534 0.925337 0.947637 0.905372 0.712202 0.828773 0.696187 0.715677 0.359427 0.406361 0.944879 0.984602 0.527431 0.444677 0.849233 0.832776 0.879278 0.897829 0.845103 0.940236 0.961120 0.851621 0.653879 0.578378 0.614002 0.556139 0.490460 0.577107 0.744272 0.694878 0.701344 0.578636 0.778314 0.942040 0.724802 0.594523 0.421243 0.418079 0.248480 0.337763 0.263050 0.290162 0.333884 0.285637 0.903781 0.702757 0.670434 0.600078 0.896747 0.827796 0.724892 0.850793 0.948775 0.913577 0.818277 0.976010 0.575343 0.854528 0.582543 0.792448 0.408652 0.627907 0.811862 0.590694 0.717370 0.847806 0.952289 0.919479 0.675799 0.632882 0.789376 0.759682 0.849087 0.861138 0.899455 0.722260 0.651617 0.792452 0.439205 0.481215 0.658529 0.714259 0.596688 0.646683 0.478800 0.471686 0.798328 0.719506 0.788567 0.692596 0.736588 0.687812 0.535161 0.920504 0.619457 0.905652
0.366611 0.599749 0.810162 0.906457 0.574396 0.862894 0.649637 0.684618 0.608456 0.650875 0.402057 0.377161 0.000000 0.379485 0.366589 0.447010 0.554649 0.556818 0.533289 0.687210 0.848440 0.895645 0.738881 0.985552 0.733962 0.817613 0.887456 0.849374 0.443985 0.486261 0.925593 0.887485 0.613945 0.660512 0.968431 0.677537 0.961796 0.832119 0.844516 0.864749 0.823147 0.968801 0.851095 0.871176 0.840107 0.768317 0.687468 0.716041 0.816289 0.946221 0.981381 0.890284 0.995883 0.774040 0.775599 0.844567 0.537730 0.467983 0.414554 0.542106 0.322324 0.531284 0.350644 0.390550 0.741146 0.832491 0.902885 0.874421 0.948994 0.853779 0.944043 0.882386 0.834161 0.809249 0.876654 0.922209 0.799183 0.956597 0.670640 0.761237 0.536394 0.656141 0.826636 0.646557 0.566594 0.837901 0.915857 0.853992 0.730617 0.727446 0.937497 0.906641 0.850101 0.994242 0.920892 0.871324 0.967848 0.947768 0.719092 0.643877 0.966079 0.895490 0.818380 0.857235 0.736285 0.556533 0.950494 0.928320 0.888357 0.877849 0.836190 0.844467 0.709481 0.986504 0.806602 0.974650
0.369237 0.399709 0.769574 0.731007 0.832628 0.843764 0.588275 0.557305 0.786112 0.794779 0.485983 0.351247 0.379485 0.000000 0.625785 0.527538 0.529458 0.502979 0.441845 0.538110 0.969094 0.928371 0.705337 0.787850 0.898172 0.964820 0.782727 0.880570 0.493867 0.412948 0.833911 0.738104 0.444396 0.502667 0.874477 0.804101 0.881759 0.987623 0.969316 0.864325 0.956895 0.951893 0.611565 0.556951 0.659381 0.579211 0.444573 0.550569 0.837995 0.692071 0.738758 0.614171 0.825059 0.999635 0.614449 0.652367 0.370750 0.428256 0.367251 0.384553 0.324079 0.412124 0.435628 0.423596 0.803786 0.664484 0.756864 0.620601 0.993045 0.874111 0.888084 0.874704 0.874818 0.864612 0.824034 0.895043 0.765012 0.749344 0.621737 0.586138 0.512772 0.633302 0.590897 0.565651 0.563886 0.623800 0.832620 0.912415 0.753106 0.501996 0.919711 0.893465 0.835907 0.812221 0.975080 0.822022 0.811511 0.963923 0.706454 0.690391 0.805750 0.956479 0.828794 0.873822 0.579922 0.588036 0.923651 0.902824 0.806526 0.707914 0.866940 0.848163 0.781296 0.961400 0.689841 0.949332
0.577242 0.790959 0.782010 0.913735 0.628922 0.988636 0.796909 0.889001 0.692010 0.776768 0.643075 0.638828 0.366589 0.625785 0.000000 0.430524 0.714440 0.699337 0.600250 0.817945 0.872632 0.998841 0.598509 0.928101 0.958347 0.984623 0.907066 0.980836 0.565892 0.629679 0.954247 0.914425 0.629918 0.747811 0.843587 0.894006 0.809695 0.934023 0.824454 0.840136 0.937725 0.899050 0.969038 0.961694 0.882452 0.890983 0.766617 0.777682 0.855811 0.948609 0.949926 0.999656 0.982400 0.790212 0.753614 0.814709 0.710141 0.660302 0.600905 0.768384 0.527173 0.735737 0.573549 0.610087 0.645496 0.891002 0.921842 0.959261 0.828702 0.718779 0.861769 0.954206 0.949785 0.954052 0.840105 0.955669 0.879830 0.990890 0.790450 0.895047 0.690548 0.730297 0.670141 0.692755 0.497006 0.766510 0.791271 0.991383 0.694762 0.730914 0.932313 0.980444 0.822015 0.980936 0.865001 0.774506 0.993571 0.925592 0.840801 0.788736 0.838307 0.953141 0.990554 0.950634 0.863439 0.699745 0.943644 0.982225 0.961288 0.919510 0.818964 0.919816 0.824286 0.977278 0.954172 0.996086
0.675027 0.788997 0.630138 0.703030 0.705412 0.992393 0.734756 0.832684 0.717458 0.905273 0.768841 0.680161 0.447010 0.527538 0.430524 0.000000 0.844054 0.796834 0.596719 0.750458 0.866084 0.996112 0.423492 0.657264 0.886346 0.866483 0.941000 0.969723 0.697570 0.666842 0.768105 0.886794 0.565329 0.677908 0.825097 0.917362 0.607127 0.940905 0.985275 0.779047 0.956039 0.843065 0.856132 0.907078 0.856290 0.877041 0.610404 0.706714 0.967229 0.968962 0.985938 0.956963 0.987327 0.867486 0.698869 0.935164 0.818111 0.783823 0.686766 0.782870 0.548414 0.703955 0.666063 0.691009 0.546010 0.732399 0.808019 0.815135 0.973424 0.882182 0.830608 0.885669 0.985389 0.963017 0.824973 0.942794 0.833305 0.775076 0.767846 0.795832 0.805009 0.766589 0.716113 0.751459 0.493403 0.651489 0.903401 0.987367 0.710077 0.720918 0.928429 0.960445 0.874484 0.993502 0.758797 0.798438 0.978993 0.950697 0.892930 0.806023 0.926622 0.883093 0.990732 0.955230 0.731678 0.769331 0.995109 0.996863 0.878065 0.994221 0.904299 0.903538 0.941292 0.980937 0.950764 0.962710
0.390838 0.534785 0.977669 0.953791 0.795505 0.809933 0.570490 0.625243 0.633165 0.475980 0.370766 0.413124 0.554649 0.529458 0.714440 0.844054 0.000000 0.279416 0.478631 0.587640 0.732404 0.992594 0.940239 0.813745 0.678054 0.744742 0.757204 0.852768 0.348131 0.324388 0.958688 0.945270 0.650346 0.604828 0.870483 0.843691 0.970558 0.954163 0.840339 0.991927 0.939930 0.782790 0.779981 0.635363 0.446509 0.405929 0.690125 0.660590 0.496713 0.500994 0.589136 0.551110 0.620101 0.804326 0.592731 0.546571 0.436593 0.355030 0.386780 0.547648 0.465642 0.593890 0.277873 0.253831 0.915015 0.945963 0.826376 0.794919 0.849747 0.867917 0.839412 0.927524 0.970634 0.891642 0.940439 0.979970 0.720044 0.941723 0.561069 0.819844 0.295090 0.495043 0.702408 0.502083 0.837218 0.995760 0.819782 0.978914 0.793357 0.556300 0.923039 0.888204 0.961943 0.995929 0.935004 0.955128 0.681164 0.959572 0.550669 0.660029 0.844051 0.871294 0.621641 0.649978 0.758079 0.719219 0.967875 0.860325 0.746476 0.768093 0.781510 0.845399 0.673553 0.802012 0.824620 0.948834
0.390219 0.533962 0.965052 0.983635 0.821839 0.808885 0.578427 0.628573 0.635356 0.460979 0.365491 0.387634 0.556818 0.502979 0.699337 0.796834 0.279416 0.000000 0.509822 0.603857 0.762334 0.988586 0.905901 0.771966 0.699086 0.740662 0.761039 0.834507 0.263833 0.276693 0.955872 0.977402 0.623676 0.573453 0.919155 0.746772 0.976959 0.960404 0.834564 0.993002 0.953171 0.733039 0.785468 0.621295 0.453769 0.382508 0.650151 0.655921 0.488211 0.449643 0.561004 0.518901 0.646975 0.805796 0.542194 0.496243 0.443869 0.366332 0.380202 0.565833 0.472525 0.590868 0.272971 0.226041 0.873127 0.918130 0.850096 0.816057 0.834089 0.883637 0.876927 0.943314 0.915644 0.880923 0.938557 0.954278 0.730203 0.880541 0.478897 0.832251 0.257604 0.408714 0.736366 0.404615 0.844883 0.969042 0.805370 0.977362 0.764844 0.614064 0.977716 0.884467 0.968896 0.984942 0.985619 0.807850 0.695505 0.930725 0.539698 0.649863 0.827271 0.840551 0.562093 0.550819 0.644922 0.699852 0.875537 0.853729 0.850250 0.714970 0.800803 0.837402 0.601418 0.754801 0.817690 0.981586
0.390633 0.385076 0.539461 0.537703 0.741742 0.757380 0.416126 0.499203 0.641756 0.668911 0.625012 0.495761 0.533289 0.441845 0.600250 0.596719 0.478631 0.509822 0.000000 0.462651 0.923578 0.919049 0.584981 0.776992 0.939988 0.895766 0.871808 0.982497 0.605813 0.577641 0.728909 0.836937 0.379265 0.383696 0.586588 0.936230 0.729137 0.969990 0.992042 0.879222 0.985985 0.867572 0.561278 0.567732 0.487080 0.501206 0.455101 0.448921 0.756212 0.650394 0.575101 0.571074 0.649592 0.757431 0.596315 0.544359 0.451849 0.378619 0.364248 0.413277 0.362594 0.471360 0.473160 0.514755 0.594109 0.642718 0.521126 0.497939 0.694709 0.781999 0.574452 0.711317 0.790758 0.852166 0.900870 0.914273 0.614903 0.605448 0.752768 0.726106 0.526151 0.653505 0.666817 0.673047 0.565109 0.679002 0.932518 0.914160 0.686843 0.529950 0.772053 0.820887 0.854092 0.829374 0.852272 0.720137 0.601732 0.915830 0.524322 0.547279 0.769061 0.886551 0.638312 0.755191 0.601972 0.469175 0.856373 0.732603 0.655504 0.676040 0.619905 0.737931 0.702551 0.807849 0.803150 0.935994
0.436699 0.354465 0.484285 0.427674 0.983345 0.693663 0.390448 0.398780 0.659490 0.741891 0.653061 0.495435 0.687210 0.538110 0.817945 0.750458 0.587640 0.603857 0.462651 0.000000 0.773640 0.877255 0.640417 0.663782 0.809372 0.718256 0.856869 0.912004 0.667410 0.652303 0.644133 0.594927 0.390596 0.391391 0.591489 0.879186 0.714202 0.815840 0.935148 0.910077 0.719314 0.869640 0.453308 0.487240 0.639468 0.643506 0.454664 0.363233 0.947858 0.704021 0.678362 0.649902 0.778739 0.795229 0.565531 0.548159 0.558700 0.550100 0.507582 0.411528 0.432127 0.365691 0.636889 0.612402 0.606404 0.452928 0.419305 0.373254 0.687419 0.688967 0.564220 0.634258 0.630848 0.678412 0.703673 0.813813 0.663725 0.756199 0.770186 0.779298 0.528617 0.539856 0.760626 0.748227 0.597408 0.579131 0.928867 0.914079 0.739508 0.536631 0.703562 0.887646 0.727690 0.865000 0.787991 0.790353 0.551093 0.823608 0.576118 0.588518 0.680851 0.755419 0.633477 0.871814 0.435867 0.528676 0.720354 0.759259 0.733796 0.695408 0.705292 0.878070 0.664471 0.705316 0.582009 0.961029
0.891701 0.864773 0.464022 0.452903 0.930824 0.936227 0.814105 0.853084 0.990894 0.713198 0.683098 0.849534 0.848440 0.969094 0.872632 0.866084 0.732404 0.762334 0.923578 0.773640 0.000000 0.743249 0.439128 0.425328 0.343193 0.358966 0.760282 0.880809 0.754502 0.872901 0.433635 0.585075 0.679020 0.731071 0.642349 0.736934 0.629449 0.709776 0.769957 0.820230 0.722576 0.697522 0.695449 0.858008 0.926373 0.818296 0.775962 0.802810 0.577004 0.828918 0.979040 0.899955 0.962842 0.958213 0.965171 0.998069 0.907874 0.844104 0.886453 0.993331 0.981467 0.857438 0.669150 0.698143 0.445449 0.481479 0.574695 0.596057 0.862389 0.842588 0.635807 0.586944 0.592961 0.671977 0.767531 0.730446 0.943628 0.756556 0.782645 0.888989 0.828690 0.914991 0.735327 0.892718 0.637328 0.527926 0.703924 0.936358 0.868094 0.877085 0.808489 0.930240 0.829095 0.877586 0.765487 0.771854 0.898186 0.937583 0.960289 0.985941 0.954297 0.966491 0.759531 0.712910 0.719645 0.770807 0.835072 0.993808 0.905854 0.948402 0.936845 0.939196 0.972581 0.939860 0.848355 0.987542
0.985288 0.890326 0.731698 0.763564 0.914486 0.837380 0.749953 0.779880 0.823084 0.929695 0.889075 0.925337 0.895645 0.928371 0.998841 0.996112 0.992594 0.988586 0.919049 0.877255 0.743249 0.000000 0.790651 0.870229 0.817129 0.826126 0.987708 0.837544 0.929907 0.999353 0.747439 0.932705 0.848828 0.838372 0.713842 0.953460 0.785205 0.847439 0.994958 0.875566 0.758588 0.886436 0.763430 0.806451 0.752212 0.860193 0.962775 0.730019 0.968639 0.805989 0.806690 0.831261 0.660999 0.632314 0.888592 0.811966 0.918073 0.928444 0.948425 0.937197 0.965523 0.935592 0.900263 0.990187 0.869954 0.896437 0.676921 0.792762 0.822344 0.836187 0.729625 0.698587 0.849951 0.717838 0.850321 0.784928 0.822785 0.738449 0.930834 0.861796 0.905532 0.985574 0.983122 0.925055 0.966952 0.943500 0.965237 0.895391 0.912549 0.828616 0.657971 0.792616 0.690854 0.715900 0.768441 0.823468 0.723169 0.891636 0.776503 0.828221 0.806321 0.863438 0.905983 0.860216 0.795457 0.788429 0.787974 0.846932 0.867132 0.832143 0.795898 0.903019 0.964578 0.676817 0.825366 0.986972
0.832943 0.717532 0.293425 0.357424 0.812462 0.984923 0.647908 0.759888 0.796063 0.794594 0.854829 0.947637 0.738881 0.705337 0.598509 0.423492 0.940239 0.905901 0.584981 0.640417 0.439128 0.790651 0.000000 0.270240 0.397501 0.389921 0.764810 0.777106 0.942244 0.955859 0.366123 0.546561 0.428139 0.572254 0.535128 0.794353 0.393451 0.715464 0.800323 0.713777 0.824674 0.807413 0.626120 0.821936 0.945309 0.968903 0.597412 0.617208 0.690934 0.846310 0.990413 0.973836 0.996446 0.961229 0.720172 0.914234 0.917610 0.902823 0.876943 0.829443 0.650119 0.696871 0.966430 0.935089 0.223331 0.396982 0.525072 0.528059 0.807048 0.796524 0.602457 0.593949 0.681289 0.743734 0.735918 0.812527 0.827141 0.572851 0.957780 0.705475 0.971861 0.819740 0.689937 0.963656 0.356694 0.354116 0.777715 0.957740 0.675515 0.653175 0.909483 0.922757 0.918074 0.918768 0.664793 0.725305 0.856355 0.970966 0.928956 0.871060 0.988780 0.903719 0.888486 0.778912 0.697260 0.620059 0.918857 0.957767 0.899064 0.941482 0.802134 0.972138 0.931700 0.907151 0.898026 0.950978
0.989771 0.781861 0.412413 0.380859 0.952778 0.878297 0.827469 0.883769 0.921581 0.532627 0.658270 0.905372 0.985552 0.787850 0.928101 0.657264 0.813745 0.771966 0.776992 0.663782 0.425328 0.870229 0.270240 0.000000 0.309368 0.355975 0.695329 0.772027 0.692516 0.883549 0.362510 0.405772 0.585968 0.713573 0.638225 0.709090 0.479455 0.660278 0.693816 0.813664 0.844431 0.759180 0.674317 0.869692 0.910211 0.837316 0.652437 0.679375 0.498606 0.824819 0.956002 0.914708 0.905986 0.949083 0.860937 0.943598 0.949031 0.970370 0.930355 0.938569 0.867485 0.812542 0.791870 0.747784 0.354470 0.404996 0.618721 0.568728 0.855698 0.901648 0.749126 0.643483 0.661796 0.717180 0.771986 0.782529 0.972068 0.678105 0.902044 0.675179 0.905692 0.879610 0.734693 0.958923 0.483445 0.336940 0.758314 0.932765 0.856372 0.678820 0.958142 0.732475 0.975866 0.879228 0.757768 0.867468 0.878944 0.961334 0.862942 0.939900 0.935791 0.819895 0.778124 0.695246 0.797743 0.781551 0.964415 0.966721 0.980830 0.979619 0.963116 0.852055 0.767487 0.983459 0.935171 0.975593
0.776821 0.951259 0.391881 0.415802 0.932782 0.851400 0.885741 0.965173 0.911083 0.567709 0.530340 0.712202 0.733962 0.898172 0.958347 0.886346 0.678054 0.699086 0.939988 0.809372 0.343193 0.817129 0.397501 0.309368 0.000000 0.221532 0.623603 0.746500 0.634572 0.807748 0.323131 0.485347 0.698839 0.788571 0.610091 0.613849 0.427983 0.478351 0.616768 0.715383 0.801859 0.830482 0.772578 0.984425 0.886048 0.738491 0.799752 0.850618 0.524858 0.767002 0.970057 0.816533 0.859100 0.989611 0.902648 0.973977 0.817305 0.786961 0.742041 0.821777 0.899121 0.982962 0.589507 0.586136 0.386388 0.483444 0.637673 0.638911 0.785422 0.910565 0.632590 0.605023 0.529385 0.586710 0.831899 0.864504 0.934031 0.649065 0.740827 0.817763 0.868046 0.858037 0.751585 0.937014 0.576743 0.374021 0.829656 0.965464 0.852550 0.804181 0.957862 0.811135 0.856535 0.999432 0.758475 0.806948 0.924154 0.942190 0.827701 0.830149 0.931066 0.768308 0.812187 0.714225 0.909822 0.916548 0.902470 0.903109 0.955458 0.995174 0.997031 0.792923 0.718733 0.983992 0.972290 0.994186
0.918513 0.843469 0.311977 0.322270 0.895822 0.994417 0.730179 0.778552 0.949206 0.700412 0.643214 0.828773 0.817613 0.964820 0.984623 0.866483 0.744742 0.740662 0.895766 0.718256 0.358966 0.826126 0.389921 0.355975 0.221532 0.000000 0.806281 0.781579 0.697999 0.821880 0.284888 0.455240 0.621758 0.688964 0.610154 0.571077 0.387817 0.509854 0.646268 0.714490 0.724528 0.835826 0.635315 0.864664 0.932165 0.809735 0.705713 0.792702 0.520985 0.783380 0.943454 0.907114 0.926619 0.946739 0.880183 0.992448 0.828025 0.823987 0.850876 0.963858 0.956613 0.793626 0.601350 0.640409 0.356562 0.366022 0.499188 0.511656 0.817250 0.856790 0.522389 0.476334 0.491366 0.547832 0.857536 0.783338 0.854007 0.646713 0.722850 0.807197 0.890912 0.881327 0.849606 0.864099 0.604350 0.415379 0.842819 0.938686 0.772955 0.821961 0.762101 0.985415 0.694567 0.829600 0.751636 0.768507 0.830844 0.959493 0.995960 0.985191 0.853382 0.934820 0.898659 0.757890 0.766847 0.806317 0.787706 0.926220 0.906417 0.943724 0.821660 0.931122 0.880531 0.922912 0.937266 0.932799
0.678521 0.756710 0.943825 0.987321 0.822556 0.557559 0.650319 0.572598 0.751308 0.551569 0.686524 0.696187 0.887456 0.782727 0.907066 0.941000 0.757204 0.761039 0.871808 0.856869 0.760282 0.987708 0.764810 0.695329 0.623603 0.806281 0.000000 0.887384 0.714513 0.752580 0.958484 0.981768 0.874169 0.729265 0.938231 0.888320 0.790582 0.897289 0.762492 0.712001 0.989212 0.796688 0.709324 0.562311 0.610696 0.573307 0.802781 0.784629 0.801219 0.630414 0.627747 0.553706 0.605042 0.633071 0.844976 0.788753 0.850883 0.843975 0.638984 0.545022 0.677341 0.665353 0.790679 0.684958 0.710048 0.988215 0.782246 0.727340 0.899338 0.878482 0.858620 0.853334 0.853129 0.929240 0.889160 0.868519 0.804995 0.949906 0.893692 0.842226 0.917250 0.970759 0.845451 0.940947 0.642316 0.683803 0.838726 0.899285 0.970216 0.947080 0.647263 0.685052 0.692351 0.776792 0.835449 0.977405 0.701594 0.764627 0.588864 0.625867 0.434659 0.543799 0.679300 0.690521 0.809610 0.870244 0.767793 0.560780 0.690708 0.794709 0.762847 0.645544 0.703460 0.733348 0.685980 0.968259
0.816611 0.824180 0.837638 0.871242 0.982889 0.938341 0.905148 0.864067 0.828962 0.822684 0.642764 0.715677 0.849374 0.880570 0.980836 0.969723 0.852768 0.834507 0.982497 0.912004 0.880809 0.837544 0.777106 0.772027 0.746500 0.781579 0.887384 0.000000 0.796972 0.793814 0.829524 0.963761 0.996157 0.893977 0.929602 0.993008 0.752143 0.902333 0.906223 0.901832 0.901009 0.944996 0.970350 0.916588 0.888090 0.895980 0.938179 0.883793 0.810737 0.906266 0.893569 0.854768 0.880650 0.975839 0.892394 0.874630 0.926768 0.864093 0.821393 0.899083 0.827893 0.844418 0.786422 0.701386 0.811544 0.909344 0.974624 0.974805 0.880842 0.853576 0.998645 0.845186 0.871084 0.893607 0.990146 0.956897 0.898214 0.939170 0.672271 0.867031 0.859865 0.988421 0.910069 0.883764 0.879198 0.863806 0.992346 0.999024 0.912170 0.867275 0.940191 0.852983 0.948122 0.907715 0.996745 0.972178 0.924142 0.856458 0.805538 0.899059 0.855582 0.803884 0.886781 0.825051 0.895405 0.829604 0.956899 0.772824 0.855129 0.958025 0.931775 0.875649 0.842872 0.976656 0.802990 0.998758
0.402612 0.601906 0.997721 0.927696 0.790004 0.810325 0.609463 0.635477 0.562014 0.408851 0.304321 0.359427 0.443985 0.493867 0.565892 0.697570 0.348131 0.263833 0.605813 0.667410 0.754502 0.929907 0.942244 0.692516 0.634572 0.697999 0.714513 0.796972 0.000000 0.259063 0.927669 0.931386 0.612923 0.630298 0.922778 0.705925 0.932941 0.885991 0.756634 0.990039 0.990103 0.771337 0.859206 0.706541 0.516258 0.451791 0.732299 0.730944 0.518168 0.590818 0.688370 0.618038 0.727889 0.902844 0.637489 0.544290 0.547541 0.482040 0.420979 0.578324 0.428019 0.569235 0.269635 0.220751 0.887414 0.917071 0.894827 0.892421 0.939426 0.840185 0.906569 0.952376 0.957544 0.886946 0.952905 0.926524 0.713103 0.965291 0.468157 0.900430 0.342650 0.513418 0.728248 0.454193 0.825199 0.994040 0.888643 0.993837 0.761108 0.665368 0.959872 0.886249 0.959276 0.970613 0.965648 0.830085 0.804475 0.916957 0.557027 0.644616 0.869660 0.842481 0.631531 0.719188 0.652789 0.709811 0.823157 0.834146 0.893508 0.669095 0.862461 0.825110 0.629898 0.771872 0.754728 0.912465
0.469217 0.563961 0.909574 0.950063 0.812491 0.920728 0.595062 0.650597 0.669191 0.522453 0.395132 0.406361 0.486261 0.412948 0.629679 0.666842 0.324388 0.276693 0.577641 0.652303 0.872901 0.999353 0.955859 0.883549 0.807748 0.821880 0.752580 0.793814 0.259063 0.000000 0.926696 0.884548 0.589198 0.571575 0.919645 0.751698 0.941736 0.930099 0.866463 0.923527 0.965195 0.854641 0.771037 0.620150 0.481659 0.457650 0.657951 0.695287 0.566609 0.543366 0.630438 0.583177 0.678921 0.871746 0.579409 0.555045 0.517933 0.488136 0.442720 0.632943 0.466059 0.573820 0.308507 0.249586 0.941720 0.986397 0.844270 0.811359 0.973165 0.931312 0.868703 0.976294 0.861040 0.776395 0.948747 0.929361 0.691780 0.854378 0.549613 0.785130 0.311705 0.458183 0.564763 0.435385 0.785736 0.890188 0.872931 0.979545 0.787409 0.596667 0.965195 0.999577 0.903481 0.920044 0.952177 0.880615 0.773111 0.953501 0.622576 0.731151 0.836121 0.936901 0.683012 0.724941 0.653552 0.750059 0.926411 0.918140 0.920054 0.780114 0.912444 0.925264 0.725559 0.838571 0.795771 0.859614
0.955751 0.699611 0.346843 0.375587 0.913884 0.962214 0.610437 0.657249 0.871844 0.813569 0.820642 0.944879 0.925593 0.833911 0.954247 0.768105 0.958688 0.955872 0.728909 0.644133 0.433635 0.747439 0.366123 0.362510 0.323131 0.284888 0.958484 0.829524 0.927669 0.926696 0.000000 0.329055 0.423961 0.544998 0.513249 0.704059 0.434526 0.550773 0.791233 0.843542 0.668570 0.968026 0.529365 0.685970 0.808641 0.903943 0.664057 0.673550 0.674329 0.986505 0.760756 0.880892 0.860473 0.788216 0.697035 0.817228 0.978243 0.962936 0.994511 0.877836 0.753501 0.672093 0.862285 0.908939 0.467253 0.428446 0.446415 0.456050 0.748294 0.789017 0.556002 0.463695 0.435555 0.534904 0.839684 0.702423 0.870272 0.608520 0.925169 0.729038 0.964577 0.778813 0.674704 0.933637 0.617918 0.453678 0.919102 0.988839 0.782828 0.689232 0.799453 0.870261 0.774238 0.942213 0.726944 0.767238 0.686965 0.907188 0.901436 0.932373 0.828022 0.976292 0.976314 0.896955 0.704919 0.682791 0.750225 0.874550 0.856672 0.807638 0.784965 0.958301 0.881103 0.774460 0.793207 0.919075
0.948327 0.683411 0.559151 0.535249 0.828330 0.971587 0.750670 0.733084 0.980843 0.777928 0.872190 0.984602 0.887485 0.738104 0.914425 0.886794 0.945270 0.977402 0.836937 0.594927 0.585075 0.932705 0.546561 0.405772 0.485347 0.455240 0.981768 0.963761 0.931386 0.884548 0.329055 0.000000 0.540324 0.617934 0.720883 0.788148 0.650713 0.620515 0.732877 0.947435 0.808182 0.922643 0.584686 0.623513 0.872209 0.866040 0.651707 0.662589 0.696335 0.918826 0.776455 0.827264 0.901004 0.873083 0.722405 0.780652 0.932349 0.976727 0.977018 0.837706 0.806994 0.697043 0.878866 0.951825 0.665881 0.524332 0.615067 0.528635 0.942419 0.952061 0.753449 0.612776 0.493845 0.501307 0.896329 0.720003 0.959585 0.686997 0.987511 0.707271 0.926911 0.781079 0.737030 0.980541 0.741174 0.510599 0.918180 0.889707 0.894147 0.748607 0.983563 0.736866 0.923841 0.881522 0.830324 0.891921 0.758672 0.932203 0.965935 0.993604 0.813315 0.966304 0.967247 0.836870 0.669870 0.784877 0.858579 0.872512 0.967585 0.934840 0.935007 0.891503 0.949496 0.778983 0.815581 0.934394
0.454385 0.364970 0.407379 0.423845 0.890261 0.681447 0.357950 0.399626 0.582492 0.783567 0.694411 0.527431 0.613945 0.444396 0.629918 0.565329 0.650346 0.623676 0.379265 0.390596 0.679020 0.848828 0.428139 0.585968 0.698839 0.621758 0.874169 0.996157 0.612923 0.589198 0.423961 0.540324 0.000000 0.276264 0.448121 0.879387 0.626275 0.863915 0.959728 0.877199 0.723396 0.950407 0.443553 0.498786 0.549014 0.582450 0.463039 0.469200 0.989144 0.731368 0.630409 0.648500 0.729424 0.812477 0.502012 0.550787 0.560626 0.531312 0.487982 0.422460 0.320034 0.350296 0.626475 0.602335 0.501746 0.442805 0.394488 0.357530 0.716444 0.685369 0.517691 0.565363 0.581603 0.658083 0.774698 0.730374 0.664431 0.596031 0.769349 0.655916 0.583947 0.555956 0.649011 0.716246 0.459868 0.460893 0.914825 0.999413 0.643947 0.526396 0.770040 0.976976 0.782817 0.888545 0.771790 0.618172 0.632629 0.878829 0.565251 0.621513 0.707019 0.807861 0.768403 0.838557 0.462802 0.437213 0.766441 0.770121 0.735176 0.641345 0.713414 0.840451 0.738304 0.763244 0.555991 0.968089
0.394346 0.306807 0.420074 0.409271 0.937731 0.667389 0.261743 0.310491 0.506749 0.653574 0.616359 0.444677 0.660512 0.502667 0.747811 0.677908 0.604828 0.573453 0.383696 0.391391 0.731071 0.838372 0.572254 0.713573 0.788571 0.688964 0.729265 0.893977 0.630298 0.571575 0.544998 0.617934 0.276264 0.000000 0.490785 0.855287 0.764836 0.844704 0.997412 0.822907 0.795466 0.858897 0.401364 0.414721 0.506273 0.543368 0.459546 0.431977 0.937781 0.666181 0.555332 0.541953 0.622169 0.673615 0.586399 0.587403 0.575985 0.528131 0.419585 0.393229 0.328612 0.313099 0.623522 0.557212 0.594947 0.453011 0.317801 0.303916 0.713208 0.708394 0.420024 0.502857 0.616487 0.633632 0.842160 0.811706 0.541931 0.593408 0.686072 0.709703 0.572200 0.619659 0.742450 0.768632 0.631447 0.606793 0.979034 0.991985 0.638292 0.552752 0.601362 0.767292 0.593062 0.729312 0.756453 0.716455 0.516393 0.849623 0.444393 0.497920 0.533308 0.670576 0.643260 0.737390 0.449920 0.417243 0.614005 0.582477 0.688731 0.638669 0.605985 0.780382 0.613313 0.764035 0.601020 0.984772
0.739813 0.652372 0.414451 0.456906 0.900069 0.803849 0.432303 0.509902 0.587428 0.807426 0.989126 0.849233 0.968431 0.874477 0.843587 0.825097 0.870483 0.919155 0.586588 0.591489 0.642349 0.713842 0.535128 0.638225 0.610091 0.610154 0.938231 0.929602 0.922778 0.919645 0.513249 0.720883 0.448121 0.490785 0.000000 0.745797 0.682327 0.801133 0.951552 0.820820 0.646512 0.903367 0.535074 0.618463 0.637437 0.758950 0.743295 0.579843 0.925858 0.854718 0.683812 0.778742 0.635104 0.659031 0.682380 0.701375 0.836737 0.852163 0.768561 0.673696 0.682808 0.660946 0.968835 0.932996 0.508246 0.546488 0.348394 0.440872 0.645421 0.723904 0.416237 0.496427 0.617592 0.647913 0.916699 0.791923 0.613419 0.675868 0.972434 0.864699 0.882659 0.862520 0.865017 0.999911 0.702081 0.646854 0.952719 0.921945 0.817906 0.695588 0.515089 0.740705 0.548873 0.590599 0.612915 0.713819 0.593609 0.764900 0.657821 0.669350 0.773203 0.815727 0.800170 0.957356 0.689463 0.542196 0.860636 0.754496 0.697060 0.684667 0.643020 0.906814 0.894035 0.829647 0.682261 0.992908
0.836525 0.960120 0.726388 0.688878 0.828571 0.982466 0.907275 0.940550 0.990228 0.828934 0.714464 0.832776 0.677537 0.804101 0.894006 0.917362 0.843691 0.746772 0.936230 0.879186 0.736934 0.953460 0.794353 0.709090 0.613849 0.571077 0.888320 0.993008 0.705925 0.751698 0.704059 0.788148 0.879387 0.855287 0.745797 0.000000 0.730692 0.852402 0.823824 0.879346 0.851695 0.852813 0.846708 0.936703 0.984778 0.873407 0.982073 0.934090 0.782310 0.888194 0.913115 0.963748 0.892174 0.826860 0.928657 0.979681 0.821859 0.836146 0.795184 0.888836 0.877227 0.965403 0.708502 0.692615 0.774309 0.744702 0.725552 0.772407 0.937348 0.891216 0.705943 0.708628 0.697679 0.817667 0.946739 0.914935 0.898194 0.974805 0.854350 0.925656 0.880406 0.907309 0.970904 0.856919 0.946671 0.758827 0.923349 0.916376 0.917657 0.971485 0.771751 0.965652 0.697173 0.800726 0.987402 0.966746 0.805883 0.953178 0.992105 0.900997 0.861735 0.935337 0.982432 0.818352 0.980561 0.960178 0.960468 0.919734 0.849523 0.926491 0.836857 0.981815 0.797639 0.985653 0.978238 0.995326
0.942509 0.823555 0.404940 0.478001 0.975673 0.981679 0.742567 0.867114 0.840174 0.815011 0.844159 0.879278 0.961796 0.881759 0.809695 0.607127 0.970558 0.976959 0.729137 0.714202 0.629449 0.785205 0.393451 0.479455 0.427983 0.387817 0.790582 0.752143 0.932941 0.941736 0.434526 0.650713 0.626275 0.764836 0.682327 0.730692 0.000000 0.496476 0.714869 0.705411 0.708850 0.997739 0.691223 0.892225 0.884336 0.997137 0.682567 0.766206 0.852868 0.991978 0.860930 0.948366 0.949562 0.918063 0.663661 0.925157 0.981549 0.978346 0.989545 0.971713 0.875566 0.857566 0.894366 0.905395 0.441173 0.610257 0.633945 0.640635 0.717334 0.792963 0.646605 0.632540 0.602945 0.691693 0.889874 0.856360 0.804861 0.602968 0.990066 0.872323 0.891447 0.765044 0.712689 0.958931 0.527372 0.445429 0.955543 0.992380 0.708326 0.632923 0.935363 0.985841 0.892421 0.937172 0.773728 0.760433 0.918954 0.938473 0.933773 0.933810 0.978778 0.789582 0.909526 0.898402 0.817221 0.860267 0.949098 0.957408 0.753427 0.970311 0.792953 0.946954 0.855600 0.824790 0.995286 0.994530
0.942043 0.879863 0.651050 0.614436 0.857750 0.937021 0.858763 0.902293 0.996990 0.854129 0.868384 0.897829 0.832119 0.987623 0.934023 0.940905 0.954163 0.960404 0.969990 0.815840 0.709776 0.847439 0.715464 0.660278 0.478351 0.509854 0.897289 0.902333 0.885991 0.930099 0.550773 0.620515 0.863915 0.844704 0.801133 0.852402 0.496476 0.000000 0.665406 0.733359 0.821767 0.929306 0.818349 0.901184 0.972512 0.938655 0.712080 0.839245 0.847325 0.982093 0.864960 0.973156 0.993332 0.958572 0.859272 0.964173 0.916152 0.918156 0.944381 0.906030 0.976067 0.901575 0.819271 0.881225 0.683437 0.698418 0.760589 0.743698 0.754309 0.901116 0.697194 0.727132 0.495810 0.606806 0.864474 0.981560 0.874418 0.723216 0.867190 0.878223 0.919795 0.819465 0.726493 0.889622 0.712307 0.525923 0.978542 0.878947 0.831365 0.723539 0.966282 0.913080 0.897974 0.965254 0.722440 0.833899 0.848977 0.840662 0.920304 0.901121 0.925122 0.808337 0.950136 0.892237 0.906799 0.985946 0.864416 0.932531 0.899391 0.981810 0.972396 0.813181 0.871669 0.819123 0.959833 0.904702
