0.000000 0.169315 0.316036 0.228967 0.765617 0.594299 0.259598 0.181466 0.574252 0.410134 0.244089 0.159663 0.177467 0.224421 0.249907 0.263140 0.169574 0.172696 0.173590 0.168629 0.453481 0.730276 0.278421 0.322482 0.554908 0.541903 0.931396 0.942779 0.201787 0.170400 0.254087 0.298226 0.187492 0.185759 0.495458 0.634852 0.438119 0.558418 0.635526 0.701031 0.864939 0.654200 0.275638 0.245070 0.277874 0.216386 0.208544 0.205801 0.573633 0.308285 0.401174 0.332709 0.489685 0.510729 0.449055 0.553997 0.221705 0.198320 0.161065 0.207366 0.174320 0.260349 0.161009 0.170735 0.436737 0.317571 0.237431 0.190564 0.413325 0.247427 0.315751 0.328526 0.456465 0.495272 0.699221 0.648703 0.384585 0.331594 0.197222 0.244909 0.142537 0.173529 0.316602 0.285092 0.250239 0.296341 0.919973 0.747653 0.464876 0.482040 0.718927 0.881142 0.617294 0.980012 0.422432 0.530646 0.420591 0.486439 0.342434 0.318028 0.661650 0.842967 0.382834 0.444543 0.374211 0.362327 0.896747 0.731030 0.507909 0.442426 0.803879 0.424130 0.381143 0.522912 0.489869 0.957253
0.169315 0.000000 0.390232 0.293465 0.765362 0.654560 0.303271 0.195601 0.664320 0.412475 0.282644 0.176416 0.221795 0.223138 0.296061 0.285511 0.167164 0.174603 0.188365 0.187825 0.456354 0.749209 0.336075 0.385618 0.613007 0.625851 0.860011 0.947010 0.183943 0.191580 0.301619 0.353652 0.221929 0.210319 0.556656 0.622718 0.435694 0.571211 0.665362 0.637415 0.925745 0.506773 0.287383 0.249535 0.290678 0.257937 0.272468 0.213455 0.557750 0.356901 0.416857 0.347838 0.568796 0.509289 0.541298 0.602697 0.174611 0.150234 0.168937 0.216326 0.216147 0.289272 0.178567 0.152410 0.518164 0.397176 0.284760 0.232264 0.419319 0.204482 0.358545 0.324200 0.522602 0.566794 0.765182 0.629755 0.395148 0.318835 0.257241 0.309582 0.167339 0.213341 0.331788 0.294733 0.308717 0.357537 0.991831 0.903300 0.527948 0.508693 0.778277 0.869248 0.625645 0.999805 0.376351 0.558204 0.472303 0.366498 0.353550 0.330383 0.689237 0.854382 0.392299 0.394744 0.348788 0.348891 0.861717 0.731123 0.562484 0.475164 0.772404 0.410206 0.467134 0.496716 0.522705 0.871145
0.316036 0.390232 0.000000 0.156216 0.763428 0.601018 0.204035 0.275053 0.478587 0.510175 0.345462 0.371094 0.294070 0.448366 0.383411 0.396201 0.413190 0.359488 0.294361 0.311238 0.465646 0.750296 0.275597 0.273800 0.363405 0.339236 0.974394 0.917138 0.417959 0.363295 0.238359 0.307274 0.260802 0.314836 0.568316 0.782914 0.477886 0.721212 0.501663 0.755028 0.955222 0.787804 0.314822 0.296124 0.367549 0.363325 0.283922 0.344090 0.744521 0.461973 0.572559 0.497529 0.564865 0.553676 0.466097 0.630579 0.509716 0.488721 0.408053 0.432026 0.262280 0.360493 0.440821 0.462261 0.251586 0.217247 0.254878 0.254097 0.440273 0.409631 0.353613 0.426141 0.381847 0.404441 0.771142 0.734294 0.460820 0.467937 0.391906 0.380062 0.334972 0.276864 0.450458 0.405619 0.332772 0.273698 0.889631 0.721121 0.531223 0.494507 0.665307 0.851235 0.629807 0.885593 0.420442 0.616555 0.463685 0.604168 0.520394 0.461294 0.708905 0.714872 0.616683 0.526027 0.450250 0.501601 0.983369 0.836274 0.565474 0.627724 0.817155 0.570650 0.486050 0.704863 0.577788 0.898525
0.228967 0.293465 0.156216 0.000000 0.729926 0.554237 0.172293 0.187393 0.473928 0.433545 0.311511 0.271737 0.218885 0.337435 0.295978 0.302022 0.307223 0.271747 0.221374 0.251973 0.378597 0.690124 0.221305 0.250665 0.419037 0.370529 0.990662 0.915137 0.311768 0.275222 0.206350 0.255280 0.195382 0.212220 0.479179 0.737130 0.412733 0.646158 0.545239 0.769386 0.964089 0.689235 0.235840 0.212739 0.278047 0.275781 0.216029 0.278206 0.666170 0.395432 0.484520 0.398455 0.524530 0.516724 0.455863 0.616905 0.374095 0.365993 0.295677 0.335066 0.191710 0.279989 0.321531 0.327176 0.258493 0.204579 0.197623 0.176654 0.419873 0.350731 0.277975 0.342110 0.369654 0.431359 0.689932 0.689246 0.405212 0.398539 0.309008 0.323474 0.240980 0.211623 0.361427 0.302719 0.259398 0.228297 0.948460 0.741091 0.512774 0.451188 0.611720 0.802184 0.543895 0.858680 0.405037 0.571481 0.443714 0.531785 0.398898 0.353469 0.650903 0.720998 0.479550 0.403813 0.363948 0.397557 0.990415 0.817056 0.591416 0.604164 0.778541 0.452362 0.417485 0.585228 0.508542 0.906121
0.765617 0.765362 0.763428 0.729926 0.000000 0.704766 0.724127 0.716116 0.881055 0.825286 0.858668 0.774495 0.682139 0.802398 0.710830 0.708366 0.837559 0.847043 0.766301 0.853435 0.690923 0.758887 0.706331 0.722413 0.932822 0.901806 0.720149 0.802661 0.779598 0.821389 0.796738 0.957983 0.757005 0.766008 0.837472 0.941629 0.951267 0.941403 0.776699 0.978980 0.845290 0.983204 0.768224 0.764473 0.695708 0.702891 0.640710 0.708672 0.817251 0.688815 0.648536 0.649352 0.770226 0.570889 0.737538 0.693995 0.868003 0.869293 0.795341 0.761489 0.675277 0.672403 0.758452 0.772967 0.718215 0.684577 0.690620 0.716211 0.946604 0.828856 0.617147 0.716880 0.797186 0.876992 0.968164 0.834593 0.841112 0.893480 0.942529 0.854975 0.742180 0.740260 0.688729 0.763518 0.643224 0.654951 0.886049 0.855826 0.849322 0.715571 0.748415 0.772017 0.730046 0.885936 0.888121 0.810142 0.829064 0.809142 0.762417 0.733901 0.823371 0.936944 0.786874 0.795223 0.661185 0.793367 0.903989 0.818472 0.810462 0.944059 0.927003 0.802212 0.754091 0.798161 0.746490 0.977748
0.594299 0.654560 0.601018 0.554237 0.704766 0.000000 0.470692 0.513154 0.629289 0.542849 0.559855 0.601064 0.532074 0.678916 0.615561 0.556887 0.615576 0.603845 0.579664 0.648246 0.607849 0.994449 0.590468 0.599317 0.836155 0.772220 0.862532 0.841514 0.615131 0.617659 0.576004 0.644962 0.584177 0.579338 0.605214 0.878736 0.801235 0.970036 0.889585 0.938067 0.823346 0.870573 0.542208 0.552520 0.512717 0.523286 0.509179 0.528746 0.929097 0.720334 0.745194 0.668635 0.734067 0.695613 0.760473 0.849060 0.736128 0.754323 0.627790 0.652298 0.544175 0.607056 0.589783 0.651389 0.711031 0.559592 0.460360 0.541891 0.696291 0.675846 0.550472 0.490655 0.688305 0.821317 0.754821 0.839573 0.593012 0.599135 0.575556 0.674708 0.539668 0.522694 0.690532 0.567361 0.612193 0.617896 0.918174 0.824982 0.883127 0.764260 0.614332 0.776233 0.574066 0.810732 0.657109 0.748227 0.579091 0.802676 0.659825 0.598376 0.725887 0.633810 0.684586 0.660105 0.573285 0.703763 0.996562 0.962398 0.852484 0.869524 0.798970 0.644684 0.611140 0.631513 0.680002 0.889525
0.259598 0.303271 0.204035 0.172293 0.724127 0.470692 0.000000 0.163168 0.414078 0.316979 0.249337 0.292088 0.247907 0.379876 0.363870 0.362129 0.254308 0.223590 0.193321 0.255596 0.438894 0.663052 0.318832 0.361202 0.587587 0.508997 0.962240 0.882633 0.305781 0.272579 0.280044 0.274521 0.205482 0.204170 0.598145 0.712758 0.524734 0.726366 0.654459 0.738623 0.916215 0.643018 0.215978 0.169833 0.246896 0.261109 0.242750 0.264391 0.727171 0.476957 0.517854 0.483672 0.601332 0.491349 0.514296 0.706830 0.328209 0.369474 0.312949 0.422660 0.221055 0.370295 0.307198 0.342303 0.376348 0.264594 0.151932 0.190083 0.405002 0.371315 0.276710 0.301845 0.424029 0.451601 0.742564 0.646094 0.356465 0.342580 0.328975 0.327006 0.239877 0.213279 0.389544 0.339991 0.343204 0.327113 0.893706 0.765312 0.564025 0.584878 0.515116 0.657082 0.475809 0.702540 0.355274 0.553973 0.395658 0.496379 0.378236 0.313240 0.593436 0.545053 0.458946 0.341238 0.391710 0.409120 0.939617 0.787075 0.602129 0.590739 0.714794 0.433798 0.334015 0.540134 0.532697 0.899278
0.181466 0.195601 0.275053 0.187393 0.716116 0.513154 0.163168 0.000000 0.530981 0.290662 0.256561 0.186839 0.173204 0.245986 0.252029 0.268892 0.191715 0.179536 0.194257 0.211823 0.424182 0.722243 0.276655 0.328210 0.603591 0.559068 0.915148 0.894042 0.225838 0.208361 0.289441 0.294173 0.178552 0.175219 0.540608 0.685043 0.453795 0.597031 0.653960 0.690923 0.882969 0.575249 0.208398 0.181252 0.213684 0.214217 0.215342 0.214701 0.577060 0.381886 0.427209 0.377622 0.545856 0.507984 0.502901 0.635985 0.230831 0.234866 0.209343 0.293799 0.164141 0.244394 0.214086 0.192359 0.394484 0.281477 0.174454 0.171739 0.484996 0.290229 0.292730 0.319409 0.503355 0.560214 0.743593 0.630565 0.379429 0.307726 0.246492 0.342512 0.181779 0.207669 0.339739 0.304330 0.270922 0.295756 0.974332 0.809590 0.511519 0.454612 0.562693 0.703657 0.464729 0.826883 0.301469 0.466347 0.386242 0.409007 0.302671 0.249006 0.546785 0.687054 0.353375 0.320336 0.313091 0.323804 0.996877 0.708037 0.536992 0.499162 0.710045 0.380382 0.346123 0.494604 0.485940 0.902043
0.574252 0.664320 0.478587 0.473928 0.881055 0.629289 0.414078 0.530981 0.000000 0.594578 0.579187 0.625710 0.542342 0.667944 0.650940 0.569763 0.607792 0.606935 0.543462 0.560798 0.714643 0.812742 0.511518 0.573918 0.732282 0.657826 0.809444 0.938726 0.635442 0.618286 0.565366 0.509832 0.542034 0.521582 0.769817 0.828097 0.674655 0.780970 0.802198 0.804154 0.831310 0.833192 0.484121 0.449760 0.489349 0.498106 0.434622 0.526879 0.824456 0.612401 0.576912 0.598972 0.579586 0.588198 0.694094 0.731440 0.672062 0.727448 0.579641 0.696037 0.504910 0.629600 0.621209 0.696990 0.491915 0.494727 0.404130 0.458944 0.576266 0.672608 0.536307 0.644519 0.571147 0.582088 0.805598 0.662396 0.581807 0.617716 0.622269 0.582368 0.587321 0.562951 0.649604 0.683515 0.565665 0.519474 0.811240 0.801513 0.728036 0.760760 0.617080 0.709985 0.565340 0.686265 0.595122 0.582915 0.624444 0.737912 0.552642 0.531788 0.627249 0.585070 0.666143 0.605213 0.601500 0.651861 0.992475 0.846545 0.718417 0.856157 0.742583 0.655537 0.549992 0.868796 0.612084 0.889728
0.410134 0.412475 0.510175 0.433545 0.825286 0.542849 0.316979 0.290662 0.594578 0.000000 0.387073 0.376984 0.409299 0.443697 0.479531 0.507385 0.333673 0.348648 0.398385 0.412304 0.635326 0.814043 0.516433 0.574413 0.881355 0.739778 0.980107 0.925959 0.401675 0.383867 0.516330 0.418467 0.337446 0.340997 0.631509 0.760178 0.648784 0.700753 0.804952 0.791153 0.970601 0.578892 0.363288 0.345969 0.355315 0.375622 0.434267 0.404400 0.639100 0.573156 0.580234 0.568453 0.728392 0.694309 0.669790 0.794439 0.377506 0.450186 0.359383 0.513143 0.388996 0.443598 0.403745 0.386913 0.602794 0.471525 0.348326 0.352601 0.593402 0.431634 0.467181 0.448643 0.674410 0.714269 0.761295 0.689815 0.490855 0.403769 0.414387 0.455162 0.369486 0.427479 0.541052 0.451019 0.526275 0.537989 0.984075 0.855857 0.669411 0.685626 0.583604 0.679638 0.523912 0.771333 0.449591 0.522819 0.467630 0.427712 0.350785 0.330655 0.522931 0.534514 0.443177 0.383889 0.527681 0.444889 0.915246 0.742223 0.701214 0.622459 0.671003 0.451893 0.464060 0.607601 0.559008 0.929094
0.244089 0.282644 0.345462 0.311511 0.858668 0.559855 0.249337 0.256561 0.579187 0.387073 0.000000 0.235946 0.301269 0.345535 0.418968 0.415006 0.226597 0.186772 0.202667 0.192681 0.506293 0.723174 0.456690 0.434145 0.696279 0.583536 0.999136 0.871273 0.261218 0.211072 0.314971 0.311007 0.278307 0.230146 0.712120 0.729077 0.601769 0.721983 0.681780 0.663340 0.931125 0.719304 0.382279 0.312524 0.403238 0.374708 0.333580 0.337716 0.809353 0.549651 0.624648 0.588841 0.691433 0.640775 0.585726 0.812153 0.284883 0.303114 0.332258 0.405311 0.280845 0.421675 0.247605 0.300201 0.564942 0.385781 0.311131 0.271639 0.433302 0.388417 0.423851 0.408706 0.520125 0.511206 0.766849 0.708666 0.443499 0.311730 0.328196 0.294116 0.226391 0.254493 0.373847 0.363244 0.473399 0.472759 0.907827 0.819367 0.615146 0.695715 0.751656 0.883186 0.694164 0.921253 0.445534 0.621243 0.525649 0.618170 0.501455 0.428095 0.685602 0.700886 0.522391 0.427907 0.541549 0.525179 0.987145 0.835953 0.738093 0.559430 0.796473 0.503994 0.453403 0.587429 0.613318 0.932629
0.159663 0.176416 0.371094 0.271737 0.774495 0.601064 0.292088 0.186839 0.625710 0.376984 0.235946 0.000000 0.163923 0.168441 0.214067 0.224340 0.172849 0.179605 0.210799 0.194213 0.432577 0.730206 0.279695 0.328298 0.645430 0.619020 0.962608 0.890066 0.177128 0.158197 0.282800 0.305525 0.209439 0.211020 0.533026 0.680658 0.483860 0.550351 0.624949 0.687380 0.882118 0.631276 0.351715 0.301256 0.301857 0.281882 0.269423 0.240754 0.605274 0.399334 0.474445 0.400190 0.601740 0.603035 0.528204 0.652078 0.229088 0.218752 0.204235 0.252039 0.179054 0.244609 0.161414 0.148856 0.484462 0.352683 0.287732 0.233797 0.471942 0.276280 0.355190 0.367509 0.507269 0.544588 0.720455 0.659317 0.405420 0.303850 0.234166 0.321545 0.179756 0.236301 0.280917 0.309274 0.296687 0.353590 0.956958 0.872903 0.504118 0.510644 0.825062 0.973225 0.686453 0.874240 0.413122 0.558813 0.490871 0.437993 0.396278 0.335676 0.707239 0.892998 0.391262 0.441607 0.399181 0.321965 0.919595 0.763026 0.575530 0.434552 0.753679 0.474180 0.461349 0.498516 0.519399 0.980403
0.177467 0.221795 0.294070 0.218885 0.682139 0.532074 0.247907 0.173204 0.542342 0.409299 0.301269 0.163923 0.000000 0.165711 0.136849 0.153225 0.226973 0.245404 0.231697 0.262416 0.400459 0.725868 0.169118 0.213653 0.539804 0.548001 0.964602 0.944835 0.229054 0.212555 0.237369 0.303762 0.206684 0.224904 0.491164 0.679157 0.428440 0.549459 0.563277 0.700378 0.835783 0.664167 0.289946 0.269353 0.266616 0.254810 0.231822 0.226221 0.610994 0.370858 0.399344 0.345191 0.503294 0.523578 0.437415 0.601570 0.302167 0.297007 0.219249 0.295744 0.138058 0.226163 0.186200 0.190852 0.331303 0.280595 0.214682 0.203706 0.541938 0.323435 0.309046 0.334659 0.497062 0.576722 0.728283 0.632580 0.397320 0.350824 0.267417 0.373122 0.193432 0.242895 0.231425 0.331436 0.193839 0.238440 0.877480 0.748643 0.482899 0.432187 0.708628 0.871972 0.564509 0.967838 0.413020 0.559540 0.442375 0.457817 0.398387 0.347736 0.671869 0.836423 0.381415 0.478070 0.332983 0.323363 0.914448 0.689181 0.510693 0.495662 0.759774 0.479108 0.437741 0.522408 0.449113 0.981654
0.224421 0.223138 0.448366 0.337435 0.802398 0.678916 0.379876 0.245986 0.667944 0.443697 0.345535 0.168441 0.165711 0.000000 0.161361 0.175322 0.235593 0.259618 0.277815 0.301380 0.436070 0.733720 0.250174 0.281370 0.620470 0.636635 0.994576 0.900595 0.219798 0.226956 0.304970 0.355836 0.282091 0.282901 0.526916 0.726813 0.442123 0.496311 0.661105 0.654895 0.849467 0.572768 0.369821 0.342637 0.368440 0.358436 0.340552 0.297735 0.596787 0.440533 0.438882 0.397099 0.607902 0.607522 0.569981 0.722210 0.262296 0.256786 0.232252 0.327445 0.229015 0.311094 0.184277 0.162014 0.461932 0.426189 0.320000 0.286721 0.631459 0.338241 0.372291 0.392428 0.618483 0.640563 0.766484 0.652943 0.404819 0.324509 0.281125 0.429465 0.253385 0.360930 0.242931 0.420647 0.285579 0.350158 0.951813 0.855610 0.538409 0.507423 0.807195 0.926307 0.620068 0.915927 0.465892 0.584613 0.580670 0.419614 0.418272 0.392407 0.692408 0.942983 0.346498 0.519675 0.375926 0.320935 0.919821 0.653169 0.546891 0.472865 0.767743 0.528167 0.546596 0.545833 0.485715 0.990084
0.249907 0.296061 0.383411 0.295978 0.710830 0.615561 0.363870 0.252029 0.650940 0.479531 0.418968 0.214067 0.136849 0.161361 0.000000 0.155852 0.312285 0.345853 0.333497 0.363084 0.448139 0.738834 0.169953 0.228240 0.538904 0.562638 0.990292 0.932670 0.295091 0.283183 0.278773 0.350949 0.279121 0.316171 0.456256 0.751823 0.431832 0.541942 0.582144 0.715733 0.806916 0.697642 0.362818 0.347277 0.321872 0.320576 0.300486 0.279941 0.562927 0.386954 0.403025 0.350665 0.517163 0.558406 0.456242 0.590927 0.380367 0.365331 0.271875 0.336499 0.195089 0.263857 0.250470 0.235880 0.339086 0.343734 0.294484 0.280597 0.654965 0.390743 0.360783 0.413674 0.539244 0.644078 0.726656 0.684803 0.440241 0.406844 0.331652 0.457613 0.276298 0.335562 0.263238 0.426099 0.208240 0.264026 0.909251 0.709220 0.480771 0.402234 0.779708 0.933411 0.614850 0.883985 0.469087 0.599345 0.502216 0.460222 0.421435 0.386699 0.701046 0.918555 0.383398 0.563191 0.353964 0.314698 0.875441 0.663918 0.528821 0.539079 0.795438 0.531197 0.544000 0.598267 0.473248 0.975879
0.263140 0.285511 0.396201 0.302022 0.708366 0.556887 0.362129 0.268892 0.569763 0.507385 0.415006 0.224340 0.153225 0.175322 0.155852 0.000000 0.315095 0.341949 0.315188 0.371329 0.409784 0.789571 0.161621 0.202718 0.521035 0.586363 0.941850 0.895948 0.286356 0.291861 0.263287 0.340854 0.288068 0.323625 0.499447 0.747560 0.477204 0.531611 0.589670 0.708852 0.798641 0.656139 0.342707 0.342415 0.353985 0.334758 0.300245 0.284516 0.662911 0.414349 0.417831 0.365924 0.502834 0.508059 0.520130 0.628491 0.378894 0.370018 0.273704 0.354730 0.214701 0.314011 0.244055 0.237784 0.387212 0.368177 0.285207 0.299202 0.577528 0.396918 0.297244 0.342584 0.506643 0.636510 0.680552 0.692132 0.434864 0.380536 0.324103 0.427861 0.266328 0.341125 0.258908 0.406817 0.233286 0.260886 0.942595 0.789524 0.528171 0.502982 0.748410 0.890824 0.559848 0.929867 0.488325 0.589609 0.567021 0.476981 0.484739 0.444314 0.739547 0.863329 0.425353 0.580985 0.354527 0.345106 0.859123 0.758133 0.544586 0.573869 0.842006 0.577384 0.556008 0.535913 0.474947 0.931928
0.169574 0.167164 0.413190 0.307223 0.837559 0.615576 0.254308 0.191715 0.607792 0.333673 0.226597 0.172849 0.226973 0.235593 0.312285 0.315095 0.000000 0.133118 0.161382 0.184887 0.485185 0.680704 0.359749 0.434020 0.692555 0.645001 0.920812 0.916722 0.159720 0.153689 0.321442 0.278162 0.196486 0.178806 0.608985 0.605692 0.486636 0.619981 0.687261 0.594930 0.832888 0.543135 0.297843 0.225688 0.305582 0.286813 0.295302 0.241051 0.668207 0.441194 0.492739 0.443057 0.604042 0.573931 0.536572 0.703588 0.142726 0.177987 0.191081 0.301477 0.242686 0.364078 0.157586 0.164480 0.558100 0.430784 0.265069 0.235067 0.412093 0.261948 0.329090 0.299940 0.538787 0.543690 0.757616 0.626706 0.359386 0.282224 0.215859 0.260761 0.155769 0.230197 0.342664 0.302334 0.356462 0.416264 0.946192 0.884444 0.523317 0.604940 0.721168 0.838311 0.616780 0.957968 0.395757 0.592683 0.473817 0.390339 0.349657 0.297669 0.722500 0.797702 0.373250 0.344479 0.422781 0.334603 0.942615 0.734641 0.621124 0.422625 0.716422 0.405883 0.413178 0.471689 0.539429 0.961318
0.172696 0.174603 0.359488 0.271747 0.847043 0.603845 0.223590 0.179536 0.606935 0.348648 0.186772 0.179605 0.245404 0.259618 0.345853 0.341949 0.133118 0.000000 0.135633 0.149692 0.473366 0.677528 0.397066 0.436873 0.670004 0.602260 0.892922 0.885945 0.157437 0.146448 0.316311 0.281881 0.192944 0.169751 0.619960 0.680989 0.490066 0.625667 0.690756 0.590545 0.923498 0.533969 0.280597 0.211136 0.307205 0.279937 0.267526 0.241926 0.663593 0.458877 0.511447 0.467181 0.640795 0.583003 0.554622 0.699530 0.151622 0.163788 0.219679 0.312895 0.232028 0.374038 0.154970 0.168831 0.550599 0.406467 0.256241 0.233548 0.405823 0.289348 0.350999 0.328316 0.537470 0.512564 0.729532 0.647996 0.378433 0.280991 0.227696 0.266086 0.161757 0.200608 0.333325 0.288185 0.373270 0.416860 0.961311 0.907055 0.564201 0.594838 0.694291 0.816054 0.608272 0.916469 0.404184 0.533299 0.480786 0.438734 0.348638 0.306981 0.676162 0.772661 0.396486 0.329744 0.401173 0.374923 0.990984 0.757864 0.627879 0.444687 0.772522 0.398500 0.375843 0.483182 0.520205 0.969012
0.173590 0.188365 0.294361 0.221374 0.766301 0.579664 0.193321 0.194257 0.543462 0.398385 0.202667 0.210799 0.231697 0.277815 0.333497 0.315188 0.161382 0.135633 0.000000 0.160352 0.432577 0.665880 0.338222 0.369518 0.558475 0.535441 0.915485 0.896001 0.200269 0.157128 0.256272 0.274859 0.205581 0.165815 0.566179 0.655012 0.473517 0.647806 0.625485 0.631784 0.916897 0.542892 0.263977 0.203837 0.309035 0.286081 0.250978 0.244264 0.692976 0.418670 0.491308 0.444820 0.604557 0.509081 0.511071 0.699572 0.217305 0.228796 0.243669 0.336083 0.226380 0.389385 0.189159 0.217130 0.471984 0.375190 0.232718 0.234494 0.357272 0.280830 0.290489 0.280606 0.452233 0.451851 0.733482 0.601739 0.382209 0.314905 0.269472 0.241397 0.163770 0.188167 0.356070 0.300280 0.336462 0.375211 0.916323 0.844427 0.565130 0.608280 0.672330 0.813695 0.600841 0.887787 0.387425 0.569593 0.493700 0.460428 0.371721 0.358233 0.714278 0.774012 0.418472 0.363622 0.399162 0.393535 0.910104 0.778929 0.595976 0.492865 0.792387 0.419073 0.412715 0.523402 0.522535 0.937300
0.168629 0.187825 0.311238 0.251973 0.853435 0.648246 0.255596 0.211823 0.560798 0.412304 0.192681 0.194213 0.262416 0.301380 0.363084 0.371329 0.184887 0.149692 0.160352 0.000000 0.504064 0.704193 0.382145 0.407265 0.605291 0.523508 0.918043 0.912972 0.198284 0.160373 0.287686 0.272118 0.202968 0.183597 0.594267 0.704490 0.495905 0.624996 0.648708 0.629987 0.981089 0.632019 0.331741 0.264995 0.360961 0.316187 0.284808 0.253709 0.678961 0.424386 0.545280 0.478772 0.636062 0.613419 0.553092 0.675489 0.219315 0.206818 0.252866 0.302729 0.247787 0.350756 0.213326 0.226433 0.515967 0.383563 0.303888 0.247199 0.363256 0.273483 0.379542 0.389188 0.445092 0.457196 0.758528 0.640452 0.416404 0.332562 0.265705 0.276885 0.191265 0.195563 0.386190 0.324341 0.393076 0.427083 0.861216 0.892304 0.525913 0.576977 0.787374 0.931076 0.717595 0.980002 0.423580 0.600564 0.502364 0.523182 0.405158 0.366580 0.664509 0.837501 0.499485 0.409069 0.463050 0.420786 0.917586 0.774287 0.614761 0.472344 0.765305 0.449962 0.445723 0.575512 0.543808 0.937524
0.453481 0.456354 0.465646 0.378597 0.690923 0.607849 0.438894 0.424182 0.714643 0.635326 0.506293 0.432577 0.400459 0.436070 0.448139 0.409784 0.485185 0.473366 0.432577 0.504064 0.000000 0.786941 0.417097 0.408032 0.639800 0.621881 0.913121 0.905766 0.496599 0.498097 0.411038 0.562060 0.437498 0.411057 0.586341 0.860788 0.520898 0.664247 0.697174 0.780196 0.767822 0.695123 0.452973 0.427216 0.488425 0.487417 0.438143 0.446815 0.805712 0.515716 0.624069 0.542840 0.663405 0.560094 0.665079 0.815636 0.527903 0.497921 0.485901 0.482307 0.445153 0.517555 0.459631 0.458100 0.522055 0.494160 0.449591 0.448242 0.713914 0.577587 0.385903 0.400406 0.622919 0.639218 0.746253 0.723761 0.463442 0.427395 0.513496 0.525859 0.456642 0.464914 0.420768 0.466240 0.455806 0.501455 0.991850 0.909176 0.754844 0.609361 0.650843 0.802679 0.524735 0.879988 0.587645 0.675999 0.574643 0.638546 0.588299 0.553944 0.751313 0.782244 0.485763 0.492861 0.465196 0.494901 0.924013 0.697660 0.686981 0.788778 0.857570 0.709463 0.660225 0.630147 0.677153 0.968418
0.730276 0.749209 0.750296 0.690124 0.758887 0.994449 0.663052 0.722243 0.812742 0.814043 0.723174 0.730206 0.725868 0.733720 0.738834 0.789571 0.680704 0.677528 0.665880 0.704193 0.786941 0.000000 0.772773 0.799286 0.992479 0.846150 0.893935 0.757617 0.651983 0.708777 0.809471 0.664907 0.650510 0.698854 0.899774 0.903168 0.823428 0.864953 0.871261 0.770174 0.978951 0.926536 0.712347 0.650001 0.720640 0.716788 0.757647 0.739933 0.844353 0.808361 0.760402 0.801550 0.902592 0.749690 0.771958 0.870269 0.678245 0.721046 0.780576 0.796538 0.681845 0.802633 0.706686 0.727794 0.748663 0.722417 0.699715 0.630480 0.842397 0.846888 0.752523 0.767717 0.787136 0.715035 0.961043 0.839569 0.735024 0.738754 0.880122 0.698234 0.718245 0.710008 0.757824 0.771007 0.762632 0.712189 0.954290 0.866921 0.741680 0.784633 0.817879 0.888976 0.873196 0.864449 0.819296 0.933035 0.967850 0.809152 0.714798 0.650867 0.885484 0.942392 0.788212 0.682041 0.834118 0.687642 0.851650 0.834683 0.895810 0.793609 0.813652 0.726749 0.781899 0.704191 0.687639 0.928589
0.278421 0.336075 0.275597 0.221305 0.706331 0.590468 0.318832 0.276655 0.511518 0.516433 0.456690 0.279695 0.169118 0.250174 0.169953 0.161621 0.359749 0.397066 0.338222 0.382145 0.417097 0.772773 0.000000 0.171930 0.389440 0.430050 0.915017 0.947122 0.343353 0.340298 0.201317 0.299084 0.248808 0.324464 0.452046 0.719609 0.416987 0.573155 0.517347 0.757433 0.881266 0.708693 0.327468 0.331748 0.338031 0.326487 0.278185 0.306549 0.648324 0.395266 0.445859 0.363077 0.469362 0.523701 0.428927 0.571450 0.455593 0.445640 0.298905 0.356544 0.207687 0.278475 0.317606 0.321084 0.250249 0.281697 0.249716 0.262647 0.549301 0.375767 0.281743 0.362510 0.420875 0.549044 0.718329 0.689857 0.408417 0.451212 0.338863 0.418906 0.279682 0.313178 0.294044 0.376010 0.173319 0.187344 0.919252 0.700474 0.450085 0.411019 0.742690 0.928340 0.595166 0.927673 0.443172 0.584320 0.484433 0.500390 0.479023 0.440193 0.764500 0.871433 0.465013 0.577489 0.377277 0.355347 0.879342 0.756920 0.511716 0.593531 0.820125 0.587374 0.540707 0.620859 0.451712 0.926135
0.322482 0.385618 0.273800 0.250665 0.722413 0.599317 0.361202 0.328210 0.573918 0.574413 0.434145 0.328298 0.213653 0.281370 0.228240 0.202718 0.434020 0.436873 0.369518 0.407265 0.408032 0.799286 0.171930 0.000000 0.372338 0.379847 0.933662 0.917164 0.374449 0.359150 0.226422 0.337990 0.321608 0.359941 0.459536 0.804168 0.482258 0.623561 0.529772 0.764062 0.914235 0.755332 0.391122 0.401859 0.427920 0.394092 0.350824 0.375664 0.700880 0.458012 0.496849 0.447146 0.484668 0.549889 0.450130 0.644828 0.533297 0.500922 0.376485 0.437835 0.259158 0.348666 0.358743 0.385514 0.298400 0.302028 0.319327 0.324332 0.604651 0.439930 0.353368 0.425066 0.446824 0.543378 0.755289 0.724642 0.480973 0.476746 0.405883 0.436838 0.316559 0.347539 0.323052 0.387115 0.245664 0.227926 0.832622 0.633207 0.532847 0.468673 0.764198 0.936516 0.630615 0.950548 0.508384 0.696275 0.590237 0.599268 0.605722 0.532870 0.743147 0.871710 0.583925 0.641777 0.446900 0.494189 0.911516 0.782218 0.540319 0.653102 0.897151 0.678538 0.568477 0.677781 0.484622 0.936437
0.554908 0.613007 0.363405 0.419037 0.932822 0.836155 0.587587 0.603591 0.732282 0.881355 0.696279 0.645430 0.539804 0.620470 0.538904 0.521035 0.692555 0.670004 0.558475 0.605291 0.639800 0.992479 0.389440 0.372338 0.000000 0.294232 0.880167 0.910123 0.675751 0.622059 0.376625 0.524167 0.536168 0.631578 0.535564 0.877098 0.537181 0.787410 0.526657 0.847282 0.983207 0.830533 0.571246 0.593314 0.692504 0.630794 0.522097 0.617280 0.833450 0.614793 0.720943 0.616756 0.605853 0.729915 0.494624 0.685031 0.770085 0.696313 0.615663 0.594934 0.559635 0.596316 0.682754 0.673795 0.398273 0.515216 0.566146 0.582279 0.589021 0.597261 0.556268 0.602717 0.486807 0.590658 0.774960 0.910337 0.645080 0.764275 0.582985 0.581616 0.569086 0.543323 0.660121 0.614383 0.436099 0.395049 0.969132 0.789665 0.681214 0.551653 0.906399 0.948847 0.801688 0.922416 0.596257 0.845080 0.691816 0.757149 0.806060 0.775605 0.922056 0.989164 0.841508 0.833504 0.590153 0.703827 0.834031 0.979629 0.662276 0.713288 0.954381 0.799306 0.738568 0.963822 0.695357 0.902377
0.541903 0.625851 0.339236 0.370529 0.901806 0.772220 0.508997 0.559068 0.657826 0.739778 0.583536 0.619020 0.548001 0.636635 0.562638 0.586363 0.645001 0.602260 0.535441 0.523508 0.621881 0.846150 0.430050 0.379847 0.294232 0.000000 0.892520 0.840151 0.595327 0.570675 0.365341 0.420828 0.459996 0.509212 0.518899 0.884909 0.490069 0.859015 0.546132 0.695181 0.953760 0.841370 0.505672 0.496562 0.578677 0.520242 0.469687 0.559558 0.732866 0.578437 0.663173 0.596591 0.564147 0.712302 0.545697 0.608343 0.714150 0.676561 0.553120 0.590113 0.498373 0.558924 0.637868 0.665799 0.360906 0.401208 0.486512 0.479940 0.583755 0.586544 0.567502 0.556358 0.416985 0.500338 0.805556 0.835477 0.539997 0.671696 0.617132 0.518827 0.525800 0.484746 0.653100 0.514800 0.461874 0.406586 0.862194 0.726078 0.517950 0.549848 0.827202 0.983410 0.802103 0.969372 0.584901 0.787339 0.631589 0.720283 0.664905 0.609894 0.875485 0.936558 0.764463 0.655045 0.628910 0.726812 0.927594 0.879098 0.727257 0.795460 0.969190 0.708239 0.656814 0.940235 0.576573 0.957379
0.931396 0.860011 0.974394 0.990662 0.720149 0.862532 0.962240 0.915148 0.809444 0.980107 0.999136 0.962608 0.964602 0.994576 0.990292 0.941850 0.920812 0.892922 0.915485 0.918043 0.913121 0.893935 0.915017 0.933662 0.880167 0.892520 0.000000 0.994709 0.919580 0.907688 0.945674 0.956134 0.995089 0.895435 0.887370 0.981463 0.957730 0.958986 0.912902 0.985267 0.896846 0.952782 0.968922 0.960776 0.927826 0.931815 0.992037 0.926109 0.901665 0.923637 0.900388 0.937948 0.974691 0.889899 0.888539 0.919356 0.843934 0.831253 0.937766 0.884170 0.938548 0.897812 0.891310 0.885658 0.966083 0.981861 0.973504 0.978833 0.973785 0.881353 0.914394 0.947720 0.949536 0.964487 0.965396 0.812512 0.943985 0.936219 0.947718 0.958675 0.946697 0.899857 0.946515 0.858240 0.967095 0.974996 0.815030 0.998087 0.971790 0.940825 0.986615 0.988630 0.935250 0.996714 0.969625 0.943631 0.907435 0.900943 0.935614 0.943210 0.961836 0.864177 0.962599 0.874135 0.865661 0.942220 0.887808 0.975825 0.999330 0.791088 0.923153 0.807761 0.821770 0.970285 0.942977 0.819112
0.942779 0.947010 0.917138 0.915137 0.802661 0.841514 0.882633 0.894042 0.938726 0.925959 0.871273 0.890066 0.944835 0.900595 0.932670 0.895948 0.916722 0.885945 0.896001 0.912972 0.905766 0.757617 0.947122 0.917164 0.910123 0.840151 0.994709 0.000000 0.876452 0.925995 0.950633 0.923033 0.841912 0.944885 0.992467 0.971369 0.904986 0.911779 0.946023 0.827570 0.930348 0.950948 0.908632 0.857786 0.992629 0.953748 0.885166 0.974780 0.965218 0.892758 0.980335 0.947806 0.959616 0.995065 0.942162 0.918673 0.912473 0.914595 0.953944 0.970355 0.914150 0.961355 0.876008 0.883814 0.977491 0.919026 0.913414 0.905983 0.936702 0.993655 0.900567 0.854553 0.882116 0.994169 0.879405 0.863092 0.786655 0.876632 0.986849 0.942590 0.911182 0.929654 0.995223 0.989215 0.962721 0.930832 0.999168 0.853651 0.936047 0.965245 0.839518 0.919608 0.914725 0.871052 0.938083 0.944776 0.911513 0.830015 0.932637 0.828715 0.997506 0.897191 0.937659 0.832942 0.840694 0.966723 0.838068 0.902348 0.859847 0.906460 0.983117 0.823019 0.940502 0.950231 0.848769 0.981368
0.201787 0.183943 0.417959 0.311768 0.779598 0.615131 0.305781 0.225838 0.635442 0.401675 0.261218 0.177128 0.229054 0.219798 0.295091 0.286356 0.159720 0.157437 0.200269 0.198284 0.496599 0.651983 0.343353 0.374449 0.675751 0.595327 0.919580 0.876452 0.000000 0.152915 0.292394 0.303342 0.216937 0.197890 0.567456 0.712838 0.472530 0.634365 0.671158 0.602573 0.898464 0.580749 0.347992 0.267805 0.332754 0.309742 0.287929 0.253281 0.620505 0.449475 0.496155 0.437534 0.603874 0.601489 0.516916 0.637689 0.194212 0.210128 0.221908 0.295747 0.223859 0.344774 0.154359 0.169593 0.533597 0.406843 0.280698 0.247294 0.444134 0.276592 0.372216 0.352454 0.520931 0.535618 0.729754 0.672025 0.384113 0.306569 0.251671 0.287978 0.172636 0.242660 0.322402 0.289656 0.327999 0.390873 0.918762 0.892588 0.534201 0.518093 0.819262 0.940071 0.688987 0.926221 0.425501 0.615000 0.550178 0.441364 0.401641 0.330341 0.706286 0.882895 0.421400 0.395632 0.429881 0.352106 0.951360 0.795162 0.593852 0.462748 0.744858 0.452587 0.438541 0.464970 0.483357 0.936122
0.170400 0.191580 0.363295 0.275222 0.821389 0.617659 0.272579 0.208361 0.618286 0.383867 0.211072 0.158197 0.212555 0.226956 0.283183 0.291861 0.153689 0.146448 0.157128 0.160373 0.498097 0.708777 0.340298 0.359150 0.622059 0.570675 0.907688 0.925995 0.152915 0.000000 0.269415 0.263958 0.215864 0.161959 0.575437 0.700739 0.469598 0.635107 0.628448 0.648147 0.956954 0.645493 0.378030 0.277674 0.345873 0.316219 0.292536 0.264935 0.682064 0.441474 0.532065 0.465230 0.604520 0.594275 0.491504 0.677219 0.219670 0.219114 0.244364 0.334588 0.222614 0.356095 0.170022 0.179409 0.534106 0.418461 0.291489 0.266902 0.401994 0.267594 0.356837 0.354847 0.500038 0.502915 0.653872 0.626775 0.455061 0.329734 0.245873 0.260783 0.162575 0.199668 0.324826 0.280719 0.356566 0.394129 0.848607 0.796399 0.522334 0.571532 0.821658 0.978976 0.729454 0.929189 0.416537 0.638110 0.526028 0.461756 0.425297 0.379484 0.720285 0.846566 0.415822 0.416754 0.480544 0.384178 0.915894 0.807518 0.630390 0.462135 0.788958 0.491995 0.471486 0.545057 0.536602 0.993002
0.254087 0.301619 0.238359 0.206350 0.796738 0.576004 0.280044 0.289441 0.565366 0.516330 0.314971 0.282800 0.237369 0.304970 0.278773 0.263287 0.321442 0.316311 0.256272 0.287686 0.411038 0.809471 0.201317 0.226422 0.376625 0.365341 0.945674 0.950633 0.292394 0.269415 0.000000 0.236352 0.234868 0.250826 0.480731 0.758190 0.399995 0.656291 0.547990 0.795738 0.881582 0.726599 0.352232 0.295418 0.382319 0.344931 0.296580 0.310892 0.738708 0.447086 0.550367 0.456820 0.533895 0.559052 0.436107 0.639149 0.413141 0.391372 0.317184 0.352662 0.229125 0.340248 0.315246 0.343001 0.318138 0.271174 0.255135 0.260532 0.383759 0.313886 0.313146 0.323705 0.353899 0.399222 0.657678 0.758052 0.424046 0.376505 0.322910 0.335386 0.248535 0.242408 0.327057 0.301591 0.268315 0.251624 0.897524 0.713346 0.483912 0.490112 0.838251 0.973747 0.702155 0.908193 0.445361 0.681931 0.495192 0.597021 0.547563 0.500663 0.763677 0.803190 0.545218 0.537638 0.485702 0.449575 0.910871 0.900577 0.578327 0.550665 0.948576 0.582243 0.540728 0.589789 0.550529 0.959747
0.298226 0.353652 0.307274 0.255280 0.957983 0.644962 0.274521 0.294173 0.509832 0.418467 0.311007 0.305525 0.303762 0.355836 0.350949 0.340854 0.278162 0.281881 0.274859 0.272118 0.562060 0.664907 0.299084 0.337990 0.524167 0.420828 0.956134 0.923033 0.303342 0.263958 0.236352 0.000000 0.220584 0.251108 0.595570 0.795393 0.478842 0.712981 0.534244 0.707908 0.962422 0.729884 0.357986 0.282553 0.405986 0.395926 0.371199 0.350036 0.796049 0.564596 0.629240 0.582370 0.622877 0.665775 0.529703 0.732080 0.368554 0.399796 0.338478 0.457510 0.291615 0.443578 0.337669 0.364911 0.424442 0.353978 0.298867 0.282592 0.389116 0.388946 0.382922 0.380598 0.426414 0.463685 0.699896 0.728043 0.447108 0.387761 0.327788 0.293861 0.280393 0.284060 0.428002 0.340609 0.391555 0.346894 0.914605 0.780412 0.498869 0.604214 0.773092 0.978227 0.723711 0.986737 0.498344 0.687851 0.550478 0.599573 0.498733 0.439418 0.759437 0.759538 0.588757 0.462012 0.548353 0.459466 0.969914 0.920282 0.670921 0.580945 0.830688 0.545163 0.511117 0.603941 0.520005 0.950935
0.187492 0.221929 0.260802 0.195382 0.757005 0.584177 0.205482 0.178552 0.542034 0.337446 0.278307 0.209439 0.206684 0.282091 0.279121 0.288068 0.196486 0.192944 0.205581 0.202968 0.437498 0.650510 0.248808 0.321608 0.536168 0.459996 0.995089 0.841912 0.216937 0.215864 0.234868 0.220584 0.000000 0.202862 0.542977 0.677787 0.467486 0.657278 0.618678 0.661419 0.965451 0.632888 0.253492 0.209502 0.281559 0.259021 0.243470 0.255439 0.633529 0.431668 0.485100 0.434309 0.559749 0.559396 0.475633 0.595056 0.253399 0.253935 0.218725 0.309858 0.195737 0.300207 0.221483 0.229079 0.395394 0.302737 0.216351 0.181462 0.387339 0.278286 0.279821 0.292183 0.430296 0.486483 0.712063 0.667795 0.362420 0.307867 0.225723 0.279630 0.165383 0.192669 0.328471 0.285482 0.271592 0.281082 0.927224 0.819111 0.471059 0.474600 0.661223 0.829623 0.586217 0.967595 0.411929 0.543512 0.399799 0.407947 0.347550 0.285970 0.699272 0.739242 0.455679 0.342985 0.406067 0.340722 0.982358 0.744638 0.570397 0.474126 0.781803 0.427803 0.412750 0.507092 0.493913 0.981625
0.185759 0.210319 0.314836 0.212220 0.766008 0.579338 0.204170 0.175219 0.521582 0.340997 0.230146 0.211020 0.224904 0.282901 0.316171 0.323625 0.178806 0.169751 0.165815 0.183597 0.411057 0.698854 0.324464 0.359941 0.631578 0.509212 0.895435 0.944885 0.197890 0.161959 0.250826 0.251108 0.202862 0.000000 0.539193 0.700748 0.407191 0.586348 0.613477 0.668092 0.936563 0.628583 0.283059 0.199017 0.276798 0.257646 0.238627 0.255170 0.669651 0.405161 0.490041 0.435027 0.584411 0.562412 0.521798 0.659129 0.218566 0.233536 0.229513 0.329330 0.197684 0.320770 0.203391 0.213744 0.433593 0.311436 0.218298 0.198507 0.422552 0.295270 0.336370 0.319652 0.433080 0.505236 0.655515 0.626324 0.397565 0.284564 0.278461 0.257894 0.184296 0.194084 0.343460 0.256304 0.313498 0.346756 0.921165 0.759832 0.515690 0.538467 0.699064 0.863201 0.625521 0.912427 0.386279 0.560910 0.490239 0.465432 0.341036 0.310870 0.647393 0.733476 0.387176 0.316350 0.428404 0.396475 0.903822 0.742148 0.616282 0.543413 0.773039 0.395795 0.412135 0.513109 0.475404 0.910932
0.495458 0.556656 0.568316 0.479179 0.837472 0.605214 0.598145 0.540608 0.769817 0.631509 0.712120 0.533026 0.491164 0.526916 0.456256 0.499447 0.608985 0.619960 0.566179 0.594267 0.586341 0.899774 0.452046 0.459536 0.535564 0.518899 0.887370 0.992467 0.567456 0.575437 0.480731 0.595570 0.542977 0.539193 0.000000 0.778871 0.535241 0.736792 0.710786 0.989668 0.849224 0.736658 0.527627 0.566726 0.502391 0.454101 0.487566 0.524004 0.556285 0.419061 0.549230 0.454610 0.558812 0.688309 0.497216 0.593391 0.701607 0.604416 0.494683 0.453636 0.486311 0.485067 0.565154 0.559134 0.503736 0.506015 0.537511 0.501841 0.678645 0.506479 0.609560 0.582774 0.551459 0.690996 0.654835 0.802152 0.614332 0.638898 0.536301 0.599228 0.499710 0.483725 0.623879 0.544263 0.382804 0.437640 0.966588 0.727437 0.618149 0.514801 0.907300 0.937057 0.807881 0.915795 0.655526 0.789153 0.589512 0.672813 0.606474 0.581062 0.856712 0.964899 0.663090 0.766927 0.556065 0.568727 0.872861 0.816174 0.589708 0.816243 0.773348 0.556955 0.725065 0.878446 0.635244 0.886182
0.634852 0.622718 0.782914 0.737130 0.941629 0.878736 0.712758 0.685043 0.828097 0.760178 0.729077 0.680658 0.679157 0.726813 0.751823 0.747560 0.605692 0.680989 0.655012 0.704490 0.860788 0.903168 0.719609 0.804168 0.877098 0.884909 0.981463 0.971369 0.712838 0.700739 0.758190 0.795393 0.677787 0.700748 0.778871 0.000000 0.798430 0.630822 0.959700 0.838460 0.831123 0.773471 0.675644 0.678926 0.686430 0.677411 0.730787 0.644695 0.815145 0.732890 0.756199 0.682413 0.787066 0.750229 0.881495 0.776717 0.648618 0.648235 0.640989 0.681091 0.718742 0.766379 0.636530 0.662149 0.834937 0.831688 0.689879 0.664884 0.789419 0.620298 0.733340 0.657719 0.896550 0.888922 0.965553 0.803084 0.754426 0.760842 0.637217 0.711283 0.627178 0.692736 0.722563 0.684926 0.698142 0.743309 0.962464 0.934393 0.765323 0.778846 0.919854 0.838881 0.888798 0.909828 0.606136 0.777348 0.763267 0.599913 0.732101 0.764853 0.917193 0.836161 0.703718 0.708730 0.858931 0.781435 0.897457 0.836018 0.678022 0.766042 0.747840 0.731810 0.746483 0.866544 0.715323 0.962918
0.438119 0.435694 0.477886 0.412733 0.951267 0.801235 0.524734 0.453795 0.674655 0.648784 0.601769 0.483860 0.428440 0.442123 0.431832 0.477204 0.486636 0.490066 0.473517 0.495905 0.520898 0.823428 0.416987 0.482258 0.537181 0.490069 0.957730 0.904986 0.472530 0.469598 0.399995 0.478842 0.467486 0.407191 0.535241 0.798430 0.000000 0.562404 0.516616 0.746769 0.995125 0.561077 0.486777 0.433892 0.435198 0.455850 0.456766 0.399093 0.528929 0.461790 0.519970 0.441220 0.574740 0.689181 0.632205 0.611207 0.502874 0.450174 0.388763 0.436135 0.419049 0.449265 0.496399 0.452981 0.418064 0.485373 0.460293 0.413330 0.677591 0.492624 0.592483 0.536290 0.659078 0.649321 0.660402 0.760102 0.542204 0.544652 0.496066 0.546082 0.470389 0.488011 0.569482 0.500899 0.373136 0.393320 0.853195 0.771361 0.509066 0.450996 0.849660 0.992975 0.713092 0.993887 0.482830 0.599755 0.584210 0.541312 0.476052 0.506425 0.707309 0.916819 0.408045 0.531734 0.482194 0.444784 0.915463 0.700830 0.715803 0.642085 0.975003 0.577651 0.695726 0.771238 0.630751 0.862729
0.558418 0.571211 0.721212 0.646158 0.941403 0.970036 0.726366 0.597031 0.780970 0.700753 0.721983 0.550351 0.549459 0.496311 0.541942 0.531611 0.619981 0.625667 0.647806 0.624996 0.664247 0.864953 0.573155 0.623561 0.787410 0.859015 0.958986 0.911779 0.634365 0.635107 0.656291 0.712981 0.657278 0.586348 0.736792 0.630822 0.562404 0.000000 0.741162 0.826750 0.869106 0.763467 0.619823 0.641870 0.659342 0.636697 0.670526 0.572305 0.703335 0.585320 0.617708 0.602615 0.846223 0.773316 0.860160 0.787825 0.558317 0.544451 0.602475 0.587876 0.591135 0.607614 0.553778 0.512960 0.642723 0.704089 0.671008 0.619343 0.954682 0.718239 0.737624 0.755029 0.841237 0.884261 0.910293 0.914254 0.672662 0.630307 0.671066 0.734523 0.661905 0.738161 0.606304 0.722845 0.566803 0.638519 0.773964 0.955961 0.733280 0.669285 0.861088 0.860382 0.743706 0.992715 0.607720 0.603024 0.879043 0.638110 0.597997 0.702509 0.761206 0.917326 0.565306 0.697640 0.645800 0.585299 0.831522 0.717911 0.655250 0.596290 0.884271 0.775822 0.828213 0.825770 0.556848 0.937578
