0.000000 0.136880 0.356422 0.416313 0.665570 0.676371 0.740729 0.603794 0.481287 0.601826 0.334337 0.246736 0.281187 0.315482 0.497601 0.623767 0.243772 0.213652 0.243765 0.192619 0.465040 0.937100 0.577569 0.370681 0.375275 0.610310 0.404761 0.732863 0.484436 0.444253 0.853902 0.629916 0.336148 0.443674 0.802429 0.907594 0.593197 0.634897 0.802692 0.742295 0.618497 0.641188 0.908805 0.857897 0.719346 0.942265 0.604163 0.680799 0.946459 0.805838 0.931672 0.846767 0.842779 0.516131 0.376479 0.510728 0.139761 0.143982 0.394786 0.331968 0.360602 0.508728 0.246136 0.254606 0.268152 0.387045 0.712549 0.872272 0.249381 0.293668 0.606444 0.443925 0.918867 0.797195 0.758400 0.907056 0.909454 0.782250 0.488203 0.387386 0.240303 0.270113 0.339176 0.221750 0.219899 0.185573 0.920158 0.578972 0.470627 0.253645 0.312607 0.392212 0.344855 0.403886 0.882043 0.952206 0.980049 0.862948 0.727224 0.825894 0.601046 0.678867 0.951482 0.765153 0.901723 0.844390 0.955895 0.843296 0.691975 0.802291 0.827114 0.888920 0.743626 0.975972 0.754004 0.525441
0.136880 0.000000 0.319896 0.352250 0.688890 0.679773 0.705844 0.546694 0.502583 0.653712 0.391004 0.261133 0.309784 0.311314 0.477600 0.582810 0.247340 0.231651 0.240211 0.199295 0.485023 0.942984 0.521620 0.345655 0.367058 0.595290 0.393491 0.748407 0.493574 0.450943 0.765056 0.584122 0.330997 0.383490 0.761133 0.926682 0.580084 0.621753 0.732841 0.767656 0.656826 0.610489 0.968285 0.797117 0.745893 0.984033 0.572905 0.647894 0.915243 0.765723 0.878612 0.786196 0.887214 0.568592 0.405797 0.492616 0.136174 0.138724 0.367094 0.319885 0.365161 0.489731 0.268251 0.254451 0.274513 0.400601 0.680048 0.848051 0.271576 0.288083 0.674224 0.459076 0.945240 0.828330 0.727202 0.922553 0.994041 0.805526 0.463962 0.382928 0.256216 0.313452 0.367721 0.253588 0.259926 0.194645 0.960790 0.624895 0.483216 0.263778 0.301522 0.381299 0.339952 0.379584 0.906273 0.992960 0.993086 0.887810 0.747057 0.870523 0.537408 0.695299 0.953760 0.804354 0.911879 0.807563 0.861067 0.833019 0.742334 0.774866 0.816796 0.903327 0.792243 0.998562 0.726655 0.534688
0.356422 0.319896 0.000000 0.215212 0.688999 0.797001 0.638400 0.454720 0.707222 0.788690 0.618165 0.463596 0.435133 0.470862 0.614822 0.586807 0.483468 0.463276 0.388247 0.409684 0.455637 0.968883 0.568697 0.419575 0.341742 0.472583 0.496115 0.864688 0.669401 0.644574 0.686647 0.546359 0.471355 0.481617 0.747498 0.888568 0.511093 0.584208 0.691122 0.643027 0.784784 0.560315 0.938808 0.752885 0.802644 0.988602 0.656719 0.718234 0.980791 0.791212 0.879281 0.809011 0.943436 0.722490 0.514837 0.646342 0.305465 0.318893 0.497237 0.437465 0.500368 0.489019 0.506641 0.470290 0.362350 0.418989 0.677254 0.828155 0.405968 0.371262 0.906123 0.708237 0.906881 0.990056 0.860021 0.924798 0.872819 0.962242 0.548467 0.526261 0.516195 0.547234 0.567680 0.526744 0.526430 0.366466 0.955107 0.929714 0.546152 0.450431 0.502804 0.559386 0.552006 0.536117 0.970877 0.993542 0.852276 0.903650 0.933035 0.979878 0.578702 0.804165 0.954936 0.851689 0.848526 0.752060 0.701572 0.910453 0.884980 0.795940 0.789185 0.941735 0.986795 0.878638 0.626273 0.663073
0.416313 0.352250 0.215212 0.000000 0.745472 0.895466 0.524150 0.292692 0.793169 0.974003 0.784636 0.545659 0.535984 0.506188 0.699593 0.542890 0.583392 0.578991 0.463852 0.554182 0.549260 0.936438 0.515214 0.403773 0.427309 0.470120 0.567156 0.892387 0.802196 0.741551 0.572371 0.497344 0.452312 0.460404 0.672600 0.925857 0.451358 0.592724 0.683551 0.632471 0.851242 0.540067 0.836950 0.671329 0.903774 0.909250 0.632142 0.675836 0.877032 0.689922 0.703437 0.618891 0.856811 0.928132 0.558828 0.618928 0.345072 0.365038 0.384623 0.335733 0.516038 0.434877 0.522032 0.471558 0.516509 0.458494 0.589058 0.685933 0.545257 0.340971 0.978008 0.752118 0.851923 0.960127 0.799967 0.930562 0.759324 0.934098 0.514159 0.554843 0.598517 0.699336 0.651417 0.595626 0.620513 0.402309 0.805230 0.983121 0.538692 0.467998 0.553877 0.625905 0.592106 0.565386 0.911565 0.987579 0.820058 0.822821 0.957401 0.873875 0.630056 0.911968 0.984188 0.779470 0.821194 0.677670 0.630810 0.945613 0.915154 0.763371 0.802293 0.973273 0.925527 0.799452 0.545396 0.737154
0.665570 0.688890 0.688999 0.745472 0.000000 0.717204 0.927468 0.941005 0.676960 0.690479 0.848859 0.809373 0.855709 0.904760 0.953981 0.902067 0.825160 0.813296 0.739622 0.704225 0.753858 0.949132 0.997135 0.897789 0.695546 0.800625 0.834171 0.965283 0.965640 0.980531 0.993731 0.942323 0.838699 0.943966 0.847200 0.807024 0.796410 0.816686 0.816969 0.921632 0.911419 0.864297 0.949435 0.956942 0.792456 0.915760 0.873645 0.896945 0.923415 0.990529 0.902177 0.928900 0.707425 0.601460 0.899925 0.916893 0.677722 0.709857 0.770916 0.740470 0.921746 0.996849 0.861376 0.831076 0.711049 0.915128 0.898998 0.992363 0.603208 0.683089 0.753932 0.741489 0.692086 0.661233 0.951737 0.912904 0.940966 0.841894 0.870170 0.860990 0.816466 0.798768 0.845591 0.772822 0.808049 0.726560 0.984765 0.983195 0.797894 0.751314 0.749083 0.747389 0.859963 0.716252 0.980082 0.898701 0.788706 0.946987 0.881843 0.920045 0.735943 0.676372 0.888493 0.937003 0.993223 0.957778 0.955294 0.994904 0.864762 0.763452 0.966799 0.778246 0.904423 0.949277 0.951753 0.741953
0.676371 0.679773 0.797001 0.895466 0.717204 0.000000 0.818111 0.865218 0.580002 0.649991 0.655228 0.692001 0.871267 0.820901 0.940924 0.920057 0.730616 0.709245 0.727165 0.678475 0.850070 0.879133 0.958851 0.849731 0.782215 0.940494 0.731221 0.959852 0.860159 0.810680 0.858472 0.893441 0.862138 0.973567 0.980178 0.967533 0.937498 0.928786 0.956207 0.922008 0.698859 0.863753 0.722538 0.793317 0.702095 0.845320 0.985975 0.996070 0.894850 0.893324 0.794712 0.792781 0.655309 0.529405 0.936394 0.899046 0.672270 0.674576 0.828151 0.818477 0.865054 0.994605 0.799150 0.793320 0.656523 0.941408 0.974638 0.864464 0.639576 0.827887 0.693278 0.685727 0.575058 0.599701 0.969831 0.788468 0.712699 0.663346 0.972571 0.935306 0.828789 0.749963 0.786661 0.681610 0.744202 0.764664 0.837636 0.874466 0.963515 0.791517 0.558374 0.686004 0.674905 0.728012 0.922938 0.869074 0.897582 0.927155 0.699960 0.699415 0.726177 0.762227 0.908809 0.941849 0.816378 0.814950 0.854138 0.718375 0.723907 0.992507 0.859078 0.870032 0.734697 0.780929 0.841842 0.757851
0.740729 0.705844 0.638400 0.524150 0.927468 0.818111 0.000000 0.226834 0.904120 0.523829 0.985426 0.774160 0.725392 0.733465 0.736929 0.694359 0.760142 0.787455 0.580880 0.817079 0.802702 0.937364 0.362985 0.765447 0.989347 0.883926 0.943715 0.954620 0.619496 0.780924 0.422662 0.468021 0.435061 0.395559 0.769114 0.922413 0.743944 0.788595 0.842310 0.841516 0.849409 0.705530 0.434341 0.383847 0.499409 0.441275 0.473873 0.506055 0.410515 0.341732 0.280467 0.289096 0.375113 0.547562 0.564983 0.525627 0.651036 0.690892 0.403733 0.453126 0.453156 0.389219 0.504842 0.503440 0.867386 0.713504 0.362818 0.364097 0.999248 0.680934 0.614334 0.882262 0.421399 0.517197 0.796117 0.562161 0.567922 0.571521 0.472512 0.638353 0.704028 0.954521 0.756596 0.909605 0.735410 0.749069 0.684288 0.999281 0.715147 0.755856 0.965946 0.893252 0.901582 0.926861 0.650678 0.771178 0.665198 0.759087 0.516851 0.475559 0.902939 0.626041 0.750099 0.645482 0.521677 0.457905 0.547860 0.674429 0.924546 0.913389 0.702097 0.542784 0.534936 0.607234 0.378701 0.996314
0.603794 0.546694 0.454720 0.292692 0.941005 0.865218 0.226834 0.000000 0.930935 0.642742 0.922652 0.635446 0.598832 0.595997 0.683450 0.494284 0.701932 0.711843 0.573388 0.746144 0.704319 0.986147 0.409292 0.564157 0.769637 0.713047 0.786069 0.891116 0.692737 0.748177 0.471781 0.491273 0.437195 0.401552 0.728539 0.887314 0.598599 0.650634 0.946407 0.748902 0.857464 0.613710 0.628561 0.532057 0.782124 0.682788 0.589992 0.653361 0.644278 0.517018 0.434124 0.395441 0.534951 0.717932 0.585172 0.633631 0.511017 0.535332 0.403353 0.396514 0.389281 0.279997 0.481923 0.436781 0.715993 0.516429 0.498607 0.509190 0.864832 0.520103 0.733474 0.984037 0.567743 0.687889 0.729001 0.726061 0.661873 0.731721 0.493749 0.637582 0.698813 0.910647 0.735161 0.815474 0.728482 0.610947 0.718232 0.954220 0.597194 0.689530 0.793716 0.834029 0.713087 0.707714 0.809895 0.932652 0.796092 0.843911 0.749098 0.681669 0.859276 0.837272 0.937305 0.758819 0.659606 0.615534 0.561825 0.795119 0.983306 0.854532 0.795766 0.801090 0.724033 0.691560 0.447335 0.842900
0.481287 0.502583 0.707222 0.793169 0.676960 0.580002 0.904120 0.930935 0.000000 0.526744 0.575894 0.579796 0.708904 0.571354 0.838414 0.987103 0.484005 0.461213 0.513160 0.456691 0.731618 0.952155 0.888418 0.609192 0.511511 0.643999 0.563464 0.927281 0.739482 0.651754 0.983739 0.858997 0.659886 0.717534 0.857673 0.824146 0.725774 0.814121 0.852988 0.996586 0.820901 0.943061 0.939418 0.888915 0.815610 0.984183 0.721046 0.706271 0.951612 0.879714 0.930903 0.983021 0.810150 0.601864 0.617074 0.565761 0.504206 0.513967 0.621715 0.637303 0.853460 0.947453 0.652156 0.637908 0.633999 0.780028 0.808090 0.952808 0.460450 0.595194 0.616546 0.615138 0.781226 0.780803 0.880715 0.935161 0.922960 0.744880 0.722148 0.605628 0.504783 0.438064 0.552820 0.366400 0.528526 0.488755 0.813650 0.576416 0.640739 0.420537 0.543982 0.684330 0.640332 0.694297 0.938430 0.813187 0.991459 0.946115 0.792311 0.957486 0.814524 0.745248 0.857231 0.749194 0.924116 0.857225 0.999101 0.898756 0.712889 0.728366 0.797389 0.961047 0.753822 0.972426 0.994499 0.759661
0.601826 0.653712 0.788690 0.974003 0.690479 0.649991 0.523829 0.642742 0.526744 0.000000 0.531513 0.719065 0.718808 0.759633 0.892772 0.896015 0.713140 0.641388 0.834179 0.589696 0.764143 0.922335 0.763522 0.720261 0.575413 0.804114 0.634761 0.761521 0.955683 0.861887 0.528378 0.769209 0.923933 0.845417 0.930250 0.978244 0.932817 0.808188 0.791450 0.949601 0.783737 0.977565 0.472039 0.575598 0.329916 0.409536 0.796966 0.789151 0.488071 0.542292 0.409788 0.471910 0.355516 0.281358 0.912138 0.967749 0.698362 0.666515 0.918499 0.974988 0.984964 0.817563 0.940026 0.932567 0.567149 0.699074 0.675498 0.513078 0.458830 0.742349 0.379727 0.536819 0.558242 0.537930 0.891793 0.649374 0.556325 0.511040 0.922563 0.863792 0.682178 0.453229 0.728235 0.519194 0.621715 0.568042 0.653239 0.580981 0.803421 0.641069 0.586991 0.578985 0.782896 0.793968 0.668255 0.952699 0.773462 0.722928 0.432034 0.510166 0.666171 0.544655 0.740858 0.824754 0.751676 0.763356 0.763725 0.662059 0.681207 0.974852 0.910699 0.574633 0.403143 0.711688 0.690537 0.650255
0.334337 0.391004 0.618165 0.784636 0.848859 0.655228 0.985426 0.922652 0.575894 0.531513 0.000000 0.254762 0.282432 0.320627 0.417282 0.611110 0.291327 0.222082 0.460183 0.308105 0.644423 0.858052 0.879977 0.571830 0.564155 0.862690 0.494735 0.699694 0.419273 0.322931 0.841299 0.911101 0.628784 0.670257 0.949316 0.984312 0.785707 0.776115 0.909676 0.867023 0.578055 0.946921 0.596371 0.769405 0.545889 0.662858 0.945114 0.953819 0.749721 0.848535 0.707206 0.761069 0.615964 0.384062 0.559962 0.747005 0.377023 0.345975 0.849929 0.785943 0.387188 0.552010 0.414366 0.401546 0.247054 0.375274 0.891878 0.789606 0.420162 0.671093 0.494693 0.520044 0.827070 0.772016 0.748276 0.821297 0.562121 0.664491 0.773893 0.605404 0.383001 0.325285 0.411770 0.324481 0.352054 0.393355 0.554284 0.611684 0.627713 0.563203 0.331075 0.354616 0.305233 0.461394 0.745026 0.946634 0.687008 0.623174 0.419994 0.527258 0.574124 0.594817 0.760396 0.925892 0.806756 0.849695 0.764600 0.648319 0.667590 0.949751 0.953814 0.698511 0.527086 0.687779 0.999050 0.526795
0.246736 0.261133 0.463596 0.545659 0.809373 0.692001 0.774160 0.635446 0.579796 0.719065 0.254762 0.000000 0.200671 0.197244 0.323603 0.415374 0.197186 0.183741 0.302500 0.246687 0.543117 0.890511 0.579104 0.422214 0.440270 0.703349 0.403257 0.762369 0.363301 0.266354 0.835988 0.646008 0.403615 0.422215 0.801065 0.959064 0.614223 0.638651 0.785951 0.719675 0.586015 0.780233 0.802148 0.967462 0.715188 0.881355 0.707007 0.814386 0.951688 0.903167 0.985101 0.939520 0.847175 0.564659 0.388144 0.580106 0.253161 0.213016 0.611787 0.553637 0.249087 0.363419 0.235622 0.200101 0.253188 0.321862 0.883994 0.977848 0.360113 0.448454 0.670357 0.575655 0.972081 0.897086 0.635120 0.905788 0.815220 0.792927 0.568729 0.428650 0.288765 0.328012 0.306293 0.284058 0.289367 0.282143 0.738116 0.616657 0.470433 0.434526 0.274600 0.329519 0.238669 0.309945 0.801048 0.931853 0.784114 0.716245 0.596018 0.692775 0.577340 0.691240 0.937545 0.885198 0.993035 0.958231 0.967288 0.695463 0.664136 0.818657 0.892150 0.804214 0.665518 0.803240 0.762270 0.523594
0.281187 0.309784 0.435133 0.535984 0.855709 0.871267 0.725392 0.598832 0.708904 0.718808 0.282432 0.200671 0.000000 0.211504 0.300307 0.372882 0.282816 0.235913 0.351558 0.317784 0.574987 0.946936 0.567385 0.380589 0.474621 0.651508 0.463814 0.761051 0.412008 0.375453 0.890586 0.610635 0.469894 0.467267 0.846274 0.893661 0.736416 0.697859 0.879133 0.754325 0.584634 0.779586 0.830672 0.999556 0.706192 0.839063 0.726422 0.867412 0.923764 0.911976 0.994773 0.910344 0.886752 0.642068 0.376855 0.597561 0.289198 0.263129 0.647399 0.572882 0.252469 0.383468 0.270689 0.269654 0.267736 0.253525 0.906643 0.970892 0.417541 0.454455 0.655257 0.592351 0.961296 0.966142 0.707501 0.965285 0.838235 0.801098 0.582673 0.404997 0.274586 0.301766 0.361109 0.325048 0.273335 0.257571 0.673814 0.608207 0.480973 0.463451 0.401529 0.441649 0.354249 0.431726 0.820781 0.912497 0.866644 0.733929 0.663696 0.751796 0.601221 0.802243 0.880723 0.940116 0.984566 0.958831 0.986248 0.761637 0.714430 0.957547 0.904022 0.777206 0.698596 0.836299 0.733869 0.524295
0.315482 0.311314 0.470862 0.506188 0.904760 0.820901 0.733465 0.595997 0.571354 0.759633 0.320627 0.197244 0.211504 0.000000 0.295992 0.325158 0.226158 0.199921 0.321044 0.308298 0.581808 0.859824 0.536484 0.314043 0.441589 0.591655 0.444807 0.825148 0.417797 0.279110 0.786755 0.565524 0.418664 0.390508 0.818821 0.986518 0.625522 0.668093 0.783198 0.749457 0.681196 0.811526 0.894630 0.911183 0.783196 0.933588 0.678737 0.759604 0.988123 0.835916 0.939479 0.850691 0.968994 0.724442 0.351675 0.492979 0.296654 0.263902 0.602184 0.558617 0.300398 0.358354 0.272713 0.244449 0.352556 0.261458 0.828863 0.886304 0.444542 0.463347 0.735300 0.629847 0.911939 0.953232 0.676656 0.976308 0.900759 0.863530 0.539339 0.393227 0.272514 0.310154 0.296862 0.253225 0.328984 0.264734 0.719817 0.554685 0.448817 0.447540 0.364523 0.419036 0.326759 0.412207 0.909515 0.922890 0.838787 0.799992 0.688061 0.836704 0.595081 0.801298 0.972691 0.851765 0.987420 0.868695 0.918639 0.793918 0.681769 0.911122 0.837739 0.851103 0.739036 0.868268 0.725104 0.573883
0.497601 0.477600 0.614822 0.699593 0.953981 0.940924 0.736929 0.683450 0.838414 0.892772 0.417282 0.323603 0.300307 0.295992 0.000000 0.345075 0.361261 0.346865 0.479918 0.433574 0.681734 0.852698 0.560001 0.447545 0.683051 0.801942 0.625152 0.788127 0.376195 0.353037 0.825823 0.674342 0.565461 0.462721 0.903668 0.879645 0.866827 0.877200 0.872957 0.794895 0.690050 0.901420 0.981827 0.914299 0.932395 0.998909 0.721350 0.804476 0.924829 0.839782 0.885078 0.836270 0.977856 0.830173 0.418103 0.561296 0.469972 0.449688 0.763379 0.763160 0.339876 0.448643 0.397446 0.388714 0.423626 0.404152 0.926243 0.990347 0.634771 0.700522 0.738357 0.718758 0.868565 0.913275 0.707151 0.908708 0.945106 0.918489 0.586236 0.519297 0.359598 0.432992 0.460901 0.455806 0.409235 0.476056 0.740911 0.676497 0.666424 0.639778 0.568362 0.569117 0.433782 0.532107 0.929661 0.911625 0.743893 0.753971 0.789018 0.851522 0.623475 0.835983 0.968952 0.908523 0.922180 0.932569 0.912934 0.735713 0.759106 0.977804 0.938141 0.871404 0.850328 0.893438 0.739952 0.655879
0.623767 0.582810 0.586807 0.542890 0.902067 0.920057 0.694359 0.494284 0.987103 0.896015 0.611110 0.415374 0.372882 0.325158 0.345075 0.000000 0.498181 0.523523 0.632613 0.644267 0.680180 0.862678 0.581057 0.442313 0.646189 0.698453 0.692594 0.881531 0.551266 0.449529 0.696452 0.575812 0.615110 0.492686 0.893293 0.966252 0.727817 0.722001 0.859948 0.688623 0.841268 0.817450 0.958141 0.938244 0.888169 0.959529 0.833302 0.896104 0.983106 0.859740 0.833682 0.752403 0.821606 0.975607 0.555192 0.763263 0.555017 0.527529 0.755119 0.747377 0.397552 0.350967 0.483466 0.441567 0.590315 0.383641 0.950433 0.879115 0.802662 0.667285 0.954816 0.873536 0.808508 0.865971 0.587346 0.882301 0.975029 0.985241 0.674146 0.583700 0.593125 0.683025 0.557137 0.653341 0.674798 0.572321 0.841538 0.926286 0.678379 0.765779 0.567745 0.553744 0.463578 0.495191 0.899252 0.821001 0.737877 0.824311 0.808656 0.904281 0.688245 0.909231 0.928217 0.959098 0.880831 0.972539 0.843301 0.804424 0.875966 0.998646 0.985603 0.842909 0.883704 0.922221 0.725028 0.696490
0.243772 0.247340 0.483468 0.583392 0.825160 0.730616 0.760142 0.701932 0.484005 0.713140 0.291327 0.197186 0.282816 0.226158 0.361261 0.498181 0.000000 0.159998 0.240765 0.211847 0.562625 0.950147 0.554826 0.425448 0.441227 0.686385 0.455377 0.741022 0.300682 0.255693 0.776276 0.607922 0.344638 0.367201 0.810899 0.993417 0.617714 0.713454 0.835117 0.757763 0.673046 0.745479 0.949937 0.818441 0.839002 0.969537 0.551560 0.630916 0.900425 0.760891 0.906936 0.843181 0.925078 0.625077 0.351426 0.450798 0.243424 0.219707 0.528463 0.511324 0.336004 0.464000 0.244727 0.233619 0.299601 0.397668 0.757915 0.847889 0.359901 0.466534 0.702044 0.534639 0.976506 0.956620 0.691071 0.973732 0.943999 0.890066 0.487905 0.392449 0.213512 0.275062 0.267979 0.249810 0.248737 0.258857 0.813904 0.526344 0.508995 0.366123 0.352497 0.432976 0.303444 0.405670 0.938094 0.984216 0.881411 0.793114 0.725755 0.854104 0.659341 0.723000 0.935715 0.766599 0.931295 0.824032 0.946672 0.813640 0.701110 0.843981 0.839245 0.988954 0.782068 0.865535 0.765999 0.585179
0.213652 0.231651 0.463276 0.578991 0.813296 0.709245 0.787455 0.711843 0.461213 0.641388 0.222082 0.183741 0.235913 0.199921 0.346865 0.523523 0.159998 0.000000 0.243551 0.189322 0.543545 0.886098 0.597054 0.390326 0.437462 0.672117 0.453642 0.710289 0.336015 0.278344 0.873098 0.622414 0.376555 0.406564 0.843140 0.986806 0.643044 0.683309 0.830656 0.767965 0.631463 0.767227 0.869145 0.902941 0.761137 0.935495 0.645227 0.726551 0.979153 0.836211 0.999734 0.929668 0.851473 0.545106 0.341052 0.473908 0.223721 0.200916 0.556638 0.529151 0.326693 0.459821 0.237398 0.230711 0.261943 0.350991 0.802657 0.919175 0.332197 0.453269 0.635586 0.513922 0.970251 0.915467 0.725746 0.966688 0.837348 0.807434 0.505268 0.395477 0.200913 0.231446 0.286314 0.205618 0.223300 0.238226 0.752557 0.518292 0.523619 0.353158 0.322649 0.379084 0.288423 0.396674 0.926387 0.983261 0.847045 0.797759 0.657409 0.801660 0.592219 0.674720 0.995533 0.836002 0.954175 0.876053 0.981965 0.776114 0.668873 0.874582 0.861035 0.872294 0.723797 0.882702 0.774374 0.533364
0.243765 0.240211 0.388247 0.463852 0.739622 0.727165 0.580880 0.573388 0.513160 0.834179 0.460183 0.302500 0.351558 0.321044 0.479918 0.632613 0.240765 0.243551 0.000000 0.224885 0.493605 0.961298 0.350734 0.432255 0.445315 0.647354 0.492243 0.862294 0.379841 0.414453 0.595460 0.426788 0.225765 0.300882 0.690670 0.947928 0.591394 0.722427 0.819949 0.757152 0.636787 0.682127 0.827260 0.603129 0.967008 0.750455 0.379149 0.447255 0.703453 0.548150 0.725467 0.656240 0.943959 0.748533 0.314653 0.348262 0.231668 0.237841 0.362950 0.371779 0.359938 0.487918 0.217655 0.222385 0.389628 0.510704 0.514761 0.655767 0.361265 0.367754 0.854436 0.639749 0.884128 0.956899 0.789796 0.907405 0.848919 0.990012 0.375313 0.328400 0.227157 0.335514 0.304072 0.297692 0.255814 0.263099 0.921526 0.625344 0.521320 0.308401 0.476243 0.573106 0.442797 0.494208 0.850425 0.862598 0.883504 0.957595 0.983737 0.918246 0.769202 0.824946 0.783454 0.647398 0.727389 0.615164 0.822111 0.912963 0.784624 0.726137 0.684503 0.931443 0.973497 0.891645 0.575659 0.588555
0.192619 0.199295 0.409684 0.554182 0.704225 0.678475 0.817079 0.746144 0.456691 0.589696 0.308105 0.246687 0.317784 0.308298 0.433574 0.644267 0.211847 0.189322 0.224885 0.000000 0.478618 0.962753 0.568201 0.443901 0.418055 0.670507 0.409302 0.773155 0.420432 0.366441 0.802293 0.659827 0.367018 0.421090 0.851381 0.990633 0.628501 0.644280 0.777449 0.783422 0.616753 0.743636 0.917763 0.852809 0.768709 0.965593 0.598366 0.672053 0.959887 0.823602 0.992408 0.922526 0.805734 0.498707 0.390210 0.502473 0.219709 0.212454 0.529717 0.491486 0.410529 0.564875 0.286191 0.280454 0.282679 0.453231 0.761719 0.932796 0.266394 0.392033 0.642934 0.523057 0.964002 0.882379 0.766509 0.946555 0.921041 0.807076 0.508907 0.414040 0.227084 0.246941 0.342915 0.236637 0.249754 0.256459 0.847748 0.567952 0.541451 0.312529 0.343117 0.416514 0.361302 0.416145 0.944406 0.907722 0.939037 0.849290 0.702766 0.807909 0.606164 0.645813 0.998052 0.797881 0.914329 0.862637 0.959636 0.766675 0.799707 0.820667 0.843685 0.881217 0.718944 0.920400 0.795951 0.555215
0.465040 0.485023 0.455637 0.549260 0.753858 0.850070 0.802702 0.704319 0.731618 0.764143 0.644423 0.543117 0.574987 0.581808 0.681734 0.680180 0.562625 0.543545 0.493605 0.478618 0.000000 0.991325 0.671495 0.600047 0.493005 0.592863 0.597565 0.973938 0.693102 0.671044 0.743666 0.591855 0.495718 0.572687 0.990640 0.894349 0.684034 0.704226 0.821179 0.703218 0.892108 0.745640 0.948700 0.781327 0.930289 0.931173 0.673495 0.650528 0.921821 0.770235 0.917852 0.841160 0.986046 0.750367 0.518278 0.700893 0.460068 0.487278 0.592603 0.560749 0.607234 0.661669 0.538684 0.546220 0.536852 0.622477 0.723437 0.859138 0.496252 0.575490 0.880409 0.683122 0.999762 0.976137 0.869898 0.901384 0.944900 0.988404 0.645589 0.488610 0.552118 0.572992 0.517783 0.581188 0.577839 0.509934 0.929022 0.926438 0.667233 0.579349 0.603262 0.640485 0.697753 0.712034 0.987365 0.901099 0.901768 0.979804 0.952008 0.999829 0.750309 0.800318 0.958439 0.714051 0.910899 0.777094 0.876967 0.868785 0.770951 0.730735 0.856184 0.914828 0.920318 0.697644 0.675137 0.678360
0.937100 0.942984 0.968883 0.936438 0.949132 0.879133 0.937364 0.986147 0.952155 0.922335 0.858052 0.890511 0.946936 0.859824 0.852698 0.862678 0.950147 0.886098 0.961298 0.962753 0.991325 0.000000 0.817454 0.940069 0.994353 0.935582 0.899550 0.903495 0.935448 0.860458 0.842227 0.928641 0.965359 0.919760 0.966976 0.992340 0.957580 0.896309 0.973708 0.899766 0.967486 0.894457 0.755137 0.785104 0.818007 0.790304 0.767844 0.791792 0.761420 0.801196 0.799123 0.811457 0.872940 0.870015 0.981144 0.975968 0.902705 0.899360 0.952359 0.953706 0.885937 0.872145 0.962521 0.963462 0.876785 0.789256 0.820719 0.950487 0.990320 0.960886 0.863451 0.980451 0.923619 0.888573 0.945935 0.947665 0.721586 0.986876 0.927784 0.937073 0.982420 0.944850 0.948783 0.898884 0.995075 0.965890 0.941986 0.944433 0.976601 0.960970 0.852924 0.730394 0.826172 0.807910 0.801332 0.811620 0.826473 0.903877 0.726453 0.889434 0.866760 0.883995 0.841563 0.844570 0.801615 0.802404 0.888425 0.933352 0.847762 0.720854 0.933479 0.820378 0.828814 0.808207 0.982065 0.792708
0.577569 0.521620 0.568697 0.515214 0.997135 0.958851 0.362985 0.409292 0.888418 0.763522 0.879977 0.579104 0.567385 0.536484 0.560001 0.581057 0.554826 0.597054 0.350734 0.568201 0.671495 0.817454 0.000000 0.541289 0.718221 0.736378 0.760981 0.983774 0.561823 0.667314 0.346540 0.316532 0.328742 0.322828 0.647162 0.940446 0.700848 0.835049 0.933649 0.831819 0.816366 0.688814 0.503475 0.382815 0.614106 0.465096 0.290776 0.364935 0.449840 0.336834 0.386013 0.331387 0.543058 0.739401 0.391161 0.382858 0.539274 0.535825 0.392007 0.440430 0.487992 0.531073 0.375694 0.375545 0.750670 0.732008 0.404684 0.471521 0.726492 0.511969 0.786599 0.966127 0.563712 0.656939 0.745147 0.684405 0.547525 0.827103 0.399408 0.454570 0.467545 0.678562 0.577370 0.647532 0.497625 0.535429 0.873897 0.752363 0.687804 0.533380 0.821277 0.892300 0.727415 0.706703 0.754812 0.916985 0.857148 0.799265 0.677961 0.618594 0.981553 0.829134 0.641557 0.588773 0.605095 0.454787 0.656888 0.926964 0.905283 0.709641 0.702107 0.741096 0.709409 0.740843 0.424631 0.793624
0.370681 0.345655 0.419575 0.403773 0.897789 0.849731 0.765447 0.564157 0.609192 0.720261 0.571830 0.422214 0.380589 0.314043 0.447545 0.442313 0.425448 0.390326 0.432255 0.443901 0.600047 0.940069 0.541289 0.000000 0.446974 0.533487 0.565458 0.818378 0.666528 0.562876 0.847848 0.589109 0.493005 0.510252 0.808862 0.905165 0.676224 0.722841 0.751747 0.806268 0.766896 0.691066 0.949727 0.893144 0.761149 0.924383 0.660075 0.753025 0.987979 0.804009 0.877385 0.765553 0.980839 0.809907 0.438947 0.568496 0.336157 0.328686 0.510269 0.488563 0.496261 0.541085 0.425541 0.426713 0.468679 0.388543 0.757946 0.879476 0.449542 0.383816 0.733038 0.664004 0.995762 0.931462 0.833627 0.953587 0.988848 0.774374 0.594882 0.502906 0.385767 0.404005 0.458616 0.351810 0.417097 0.293474 0.874705 0.586775 0.497695 0.415741 0.471059 0.495759 0.459422 0.525635 0.931790 0.904710 0.922126 0.990489 0.813707 0.930999 0.612096 0.815584 0.962291 0.831294 0.981269 0.833096 0.919965 0.788816 0.628209 0.893932 0.814906 0.816036 0.785202 0.988264 0.841801 0.651009
0.375275 0.367058 0.341742 0.427309 0.695546 0.782215 0.989347 0.769637 0.511511 0.575413 0.564155 0.440270 0.474621 0.441589 0.683051 0.646189 0.441227 0.437462 0.445315 0.418055 0.493005 0.994353 0.718221 0.446974 0.000000 0.280118 0.396894 0.849260 0.788551 0.651608 0.837199 0.648617 0.552811 0.605126 0.640435 0.996449 0.483640 0.595438 0.528816 0.697419 0.864538 0.627232 0.885366 0.889927 0.647782 0.841016 0.704770 0.766476 0.846821 0.929758 0.892457 0.998940 0.767348 0.584125 0.588804 0.672756 0.385445 0.350317 0.636798 0.563031 0.683905 0.697481 0.597203 0.535585 0.394145 0.487249 0.853171 0.984206 0.328426 0.417281 0.769864 0.610499 0.881261 0.860136 0.804667 0.882831 0.999215 0.853972 0.694108 0.556019 0.516718 0.449833 0.541654 0.378325 0.512106 0.332283 0.890471 0.792419 0.503117 0.382522 0.388518 0.466440 0.504902 0.500162 0.866827 0.986551 0.999682 0.942706 0.735540 0.878699 0.584826 0.660223 0.961762 0.799142 0.907196 0.826522 0.904983 0.704931 0.781202 0.738951 0.875841 0.766966 0.783398 0.990361 0.777381 0.616420
0.610310 0.595290 0.472583 0.470120 0.800625 0.940494 0.883926 0.713047 0.643999 0.804114 0.862690 0.703349 0.651508 0.591655 0.801942 0.698453 0.686385 0.672117 0.647354 0.670507 0.592863 0.935582 0.736378 0.533487 0.280118 0.000000 0.554547 0.890808 0.962498 0.839372 0.732785 0.652694 0.660307 0.635267 0.634785 0.917484 0.522748 0.615302 0.592114 0.771707 0.991734 0.534899 0.898968 0.732965 0.865340 0.997725 0.700286 0.727848 0.976018 0.813855 0.920887 0.826651 0.983761 0.900889 0.624926 0.617997 0.602216 0.573251 0.665823 0.609006 0.849054 0.744719 0.755306 0.711817 0.657968 0.598845 0.772881 0.837341 0.564844 0.518975 0.982398 0.776423 0.986770 0.954973 0.896700 0.946018 0.836037 0.981726 0.723686 0.635894 0.686941 0.655382 0.743728 0.560929 0.699566 0.485912 0.994319 0.887754 0.549718 0.487234 0.671340 0.758351 0.782975 0.705137 0.986672 0.848093 0.825048 0.895534 0.956161 0.885761 0.713395 0.931077 0.914954 0.732933 0.734943 0.742557 0.789670 0.914320 0.886269 0.768519 0.923200 0.921747 0.990030 0.843173 0.701914 0.788089
0.404761 0.393491 0.496115 0.567156 0.834171 0.731221 0.943715 0.786069 0.563464 0.634761 0.494735 0.403257 0.463814 0.444807 0.625152 0.692594 0.455377 0.453642 0.492243 0.409302 0.597565 0.899550 0.760981 0.565458 0.396894 0.554547 0.000000 0.769893 0.691718 0.588659 0.873876 0.779748 0.646098 0.606896 0.851420 0.874237 0.538363 0.715901 0.682891 0.734807 0.756526 0.821277 0.841147 0.977879 0.678772 0.831577 0.794321 0.843715 0.870437 0.993059 0.918957 0.987104 0.805119 0.606940 0.575660 0.735304 0.423822 0.402903 0.704233 0.596050 0.574786 0.616799 0.558789 0.503631 0.417126 0.477948 0.889832 0.975645 0.474579 0.582794 0.741409 0.654426 0.932572 0.884607 0.655205 0.810757 0.932484 0.787010 0.746899 0.614141 0.553642 0.474203 0.557518 0.460998 0.473740 0.375991 0.804692 0.744501 0.549710 0.490327 0.406971 0.541014 0.484074 0.589574 0.860168 0.993724 0.896587 0.825981 0.708942 0.748981 0.539148 0.728587 0.957112 0.852256 0.972986 0.853646 0.980479 0.725278 0.884445 0.887895 0.785165 0.829575 0.716493 0.903379 0.787036 0.749863
0.732863 0.748407 0.864688 0.892387 0.965283 0.959852 0.954620 0.891116 0.927281 0.761521 0.699694 0.762369 0.761051 0.825148 0.788127 0.881531 0.741022 0.710289 0.862294 0.773155 0.973938 0.903495 0.983774 0.818378 0.849260 0.890808 0.769893 0.000000 0.832708 0.830570 0.793904 0.908703 0.958646 0.912349 0.903033 0.951729 0.859276 0.798614 0.933809 0.911530 0.908968 0.820655 0.879404 0.942913 0.783785 0.798084 0.950023 0.951079 0.850748 0.849880 0.882461 0.896719 0.923632 0.778211 0.874987 0.980657 0.739465 0.708387 0.951441 0.935627 0.761272 0.779845 0.841339 0.784670 0.645948 0.613925 0.912012 0.873839 0.814337 0.764126 0.894973 0.875920 0.985662 0.981392 0.831284 0.898052 0.758836 0.885272 0.892761 0.935061 0.780290 0.720917 0.884130 0.777557 0.736997 0.710877 0.926437 0.871808 0.906658 0.748047 0.779550 0.762034 0.750318 0.850282 0.881888 0.930926 0.790216 0.857666 0.784260 0.844483 0.782730 0.830025 0.992607 0.979393 0.924605 0.905083 0.835829 0.949617 0.943043 0.870121 0.969768 0.838959 0.859128 0.896090 0.987944 0.781218
0.484436 0.493574 0.669401 0.802196 0.965640 0.860159 0.619496 0.692737 0.739482 0.955683 0.419273 0.363301 0.412008 0.417797 0.376195 0.551266 0.300682 0.336015 0.379841 0.420432 0.693102 0.935448 0.561823 0.666528 0.788551 0.962498 0.691718 0.832708 0.000000 0.253790 0.743169 0.651482 0.409089 0.371844 0.941933 0.991470 0.803020 0.823217 0.973842 0.802575 0.712059 0.802885 0.899001 0.742213 0.895218 0.790184 0.581989 0.648567 0.728914 0.682754 0.774807 0.778864 0.905006 0.873478 0.427826 0.519129 0.481461 0.470751 0.659326 0.707769 0.335716 0.447473 0.328902 0.334305 0.500844 0.575142 0.718592 0.786044 0.672400 0.689855 0.949191 0.837219 0.795729 0.807279 0.725217 0.878389 0.966458 0.926486 0.558064 0.509306 0.385027 0.535135 0.386012 0.536955 0.458008 0.576429 0.848570 0.696555 0.679257 0.635952 0.620534 0.678526 0.435792 0.579599 0.963521 0.904568 0.929264 0.853928 0.903319 0.974008 0.905700 0.925328 0.865667 0.812834 0.891189 0.802078 0.868904 0.954996 0.788978 0.863047 0.864250 0.921111 0.965621 0.978790 0.715777 0.735815
0.444253 0.450943 0.644574 0.741551 0.980531 0.810680 0.780924 0.748177 0.651754 0.861887 0.322931 0.266354 0.375453 0.279110 0.353037 0.449529 0.255693 0.278344 0.414453 0.366441 0.671044 0.860458 0.667314 0.562876 0.651608 0.839372 0.588659 0.830570 0.253790 0.000000 0.770740 0.683370 0.476321 0.411488 0.968473 0.876490 0.639468 0.657759 0.820653 0.808668 0.708274 0.810270 0.845695 0.935289 0.854174 0.978264 0.715360 0.788909 0.994208 0.883270 0.990281 0.952516 0.929603 0.720418 0.464733 0.583051 0.453931 0.409625 0.739172 0.755406 0.325884 0.389628 0.344473 0.316605 0.432280 0.435885 0.895990 0.924484 0.574050 0.644963 0.799390 0.767301 0.889967 0.934948 0.718266 0.979488 0.836755 0.922605 0.602828 0.487051 0.392765 0.502797 0.352420 0.435787 0.489031 0.509468 0.736565 0.657391 0.578623 0.609577 0.416502 0.434035 0.312201 0.420179 0.874567 0.989511 0.797094 0.766304 0.652664 0.755523 0.782790 0.749628 0.992039 0.931886 0.954281 0.920425 0.976343 0.772293 0.743345 0.935972 0.932693 0.917115 0.757297 0.832510 0.847832 0.731581
0.853902 0.765056 0.686647 0.572371 0.993731 0.858472 0.422662 0.471781 0.983739 0.528378 0.841299 0.835988 0.890586 0.786755 0.825823 0.696452 0.776276 0.873098 0.595460 0.802293 0.743666 0.842227 0.346540 0.847848 0.837199 0.732785 0.873876 0.793904 0.743169 0.770740 0.000000 0.354605 0.448057 0.360091 0.659091 0.907688 0.568512 0.804342 0.863311 0.827800 0.988292 0.720224 0.437956 0.332611 0.494873 0.373213 0.341561 0.372902 0.463170 0.347918 0.356937 0.326504 0.451529 0.565401 0.612863 0.527098 0.780988 0.790278 0.508474 0.593228 0.706861 0.605824 0.625126 0.597077 0.990329 0.974422 0.410207 0.377286 0.998958 0.732585 0.562373 0.846574 0.537889 0.581094 0.851063 0.641345 0.411628 0.634261 0.465241 0.641686 0.772995 0.935796 0.842313 0.952371 0.888114 0.842828 0.660964 0.937228 0.822744 0.770723 0.936628 0.975560 0.896497 0.815690 0.649874 0.872857 0.724100 0.736805 0.526619 0.503084 0.939106 0.798904 0.604482 0.634685 0.621305 0.439146 0.587171 0.816986 0.788152 0.755154 0.742882 0.584687 0.546270 0.659432 0.438537 0.905754
0.629916 0.584122 0.546359 0.497344 0.942323 0.893441 0.468021 0.491273 0.858997 0.769209 0.911101 0.646008 0.610635 0.565524 0.674342 0.575812 0.607922 0.622414 0.426788 0.659827 0.591855 0.928641 0.316532 0.589109 0.648617 0.652694 0.779748 0.908703 0.651482 0.683370 0.354605 0.000000 0.370909 0.350401 0.698812 0.985075 0.653492 0.751696 0.872686 0.749104 0.996708 0.710693 0.624042 0.468690 0.673899 0.519991 0.354772 0.388173 0.564063 0.421663 0.482669 0.411783 0.588529 0.788996 0.467142 0.477235 0.552667 0.565808 0.417921 0.481259 0.578465 0.573688 0.458970 0.468397 0.809085 0.759719 0.462021 0.427739 0.737711 0.568826 0.843916 0.947679 0.661599 0.738352 0.764594 0.738708 0.641607 0.869279 0.450837 0.436462 0.536674 0.750145 0.559695 0.697272 0.637686 0.592537 0.813330 0.952209 0.740512 0.589444 0.795126 0.826775 0.750711 0.710041 0.776420 0.980773 0.787302 0.807687 0.703288 0.615240 0.932907 0.910441 0.642296 0.592201 0.758190 0.454870 0.716208 0.934776 0.975291 0.735907 0.653314 0.789824 0.666367 0.680685 0.475305 0.927449
0.336148 0.330997 0.471355 0.452312 0.838699 0.862138 0.435061 0.437195 0.659886 0.923933 0.628784 0.403615 0.469894 0.418664 0.565461 0.615110 0.344638 0.376555 0.225765 0.367018 0.495718 0.965359 0.328742 0.493005 0.552811 0.660307 0.646098 0.958646 0.409089 0.476321 0.448057 0.370909 0.000000 0.250069 0.669156 0.908437 0.574531 0.721575 0.900830 0.754231 0.776046 0.627914 0.668979 0.465407 0.791874 0.584265 0.317250 0.383244 0.549837 0.417848 0.520364 0.464531 0.728483 0.989010 0.347443 0.337032 0.300251 0.319060 0.293940 0.320814 0.375381 0.427804 0.248052 0.246393 0.530356 0.598013 0.421159 0.520473 0.506081 0.389419 0.985312 0.749420 0.746093 0.826243 0.784425 0.773730 0.756471 0.880293 0.314106 0.361853 0.327688 0.525393 0.392316 0.421044 0.385270 0.380586 0.847975 0.705205 0.557241 0.395167 0.559932 0.689944 0.523036 0.564661 0.810809 0.863331 0.809170 0.932975 0.852776 0.770255 0.858403 0.974231 0.735573 0.566131 0.622720 0.526353 0.774408 0.970103 0.812181 0.704787 0.714765 0.781375 0.861195 0.745795 0.535057 0.742274
0.443674 0.383490 0.481617 0.460404 0.943966 0.973567 0.395559 0.401552 0.717534 0.845417 0.670257 0.422215 0.467267 0.390508 0.462721 0.492686 0.367201 0.406564 0.300882 0.421090 0.572687 0.919760 0.322828 0.510252 0.605126 0.635267 0.606896 0.912349 0.371844 0.411488 0.360091 0.350401 0.250069 0.000000 0.652950 0.907979 0.530954 0.664343 0.820916 0.801663 0.841068 0.602878 0.633269 0.440581 0.755835 0.591496 0.320903 0.404746 0.582312 0.443909 0.510115 0.460994 0.649357 0.906689 0.379223 0.343783 0.391871 0.408592 0.388017 0.453748 0.362642 0.361826 0.283606 0.258856 0.582139 0.552070 0.452384 0.532639 0.645175 0.484293 0.881883 0.878400 0.661252 0.706581 0.746245 0.736369 0.682095 0.768863 0.342072 0.370782 0.375845 0.601121 0.441968 0.518885 0.485925 0.463246 0.860917 0.772293 0.549716 0.468421 0.604569 0.690524 0.540235 0.556677 0.823058 0.858730 0.862332 0.913534 0.828615 0.733926 0.823352 0.987437 0.765064 0.632498 0.690402 0.546643 0.627516 0.961699 0.925170 0.744718 0.746723 0.772821 0.844117 0.787556 0.438595 0.847103
0.802429 0.761133 0.747498 0.672600 0.847200 0.980178 0.769114 0.728539 0.857673 0.930250 0.949316 0.801065 0.846274 0.818821 0.903668 0.893293 0.810899 0.843140 0.690670 0.851381 0.990640 0.966976 0.647162 0.808862 0.640435 0.634785 0.851420 0.903033 0.941933 0.968473 0.659091 0.698812 0.669156 0.652950 0.000000 0.992223 0.620829 0.904540 0.742376 0.834218 0.852210 0.688916 0.678375 0.568004 0.827460 0.741332 0.596533 0.661629 0.787297 0.649267 0.712124 0.708166 0.782434 0.892088 0.718222 0.601671 0.777903 0.772533 0.684504 0.709029 0.880852 0.829923 0.759297 0.717353 0.870083 0.897097 0.652318 0.708293 0.852995 0.736410 0.864144 0.952387 0.865219 0.806397 0.984492 0.821171 0.659998 0.765576 0.775496 0.760378 0.777956 0.857769 0.896311 0.781980 0.790690 0.734502 0.877238 0.981342 0.592489 0.688409 0.894274 0.924127 0.869094 0.785015 0.834825 0.971281 0.800908 0.907354 0.810832 0.700082 0.917715 0.980610 0.623304 0.648287 0.620398 0.711527 0.770931 0.971592 0.908949 0.679486 0.723110 0.820006 0.848455 0.913937 0.555735 0.928130
0.907594 0.926682 0.888568 0.925857 0.807024 0.967533 0.922413 0.887314 0.824146 0.978244 0.984312 0.959064 0.893661 0.986518 0.879645 0.966252 0.993417 0.986806 0.947928 0.990633 0.894349 0.992340 0.940446 0.905165 0.996449 0.917484 0.874237 0.951729 0.991470 0.876490 0.907688 0.985075 0.908437 0.907979 0.992223 0.000000 0.696311 0.812164 0.886785 0.930648 0.858766 0.867855 0.942158 0.975405 0.988910 0.968019 0.954149 0.937951 0.860408 0.901666 0.901745 0.913279 0.994585 0.929432 0.968486 0.913155 0.874840 0.903427 0.910936 0.849434 0.893844 0.987562 0.937787 0.979650 0.845968 0.959285 0.987273 0.947959 0.849901 0.976117 0.894405 0.755220 0.818014 0.929395 0.939319 0.994569 0.924646 0.944288 0.986578 0.993573 0.919172 0.922711 0.973874 0.971388 0.886916 0.972035 0.988010 0.993145 0.904648 0.990041 0.973846 0.983305 0.986156 0.978715 0.884952 0.733262 0.813998 0.722626 0.983703 0.976643 0.821800 0.877825 0.843515 0.826158 0.963071 0.898249 0.928180 0.926136 0.916011 0.979833 0.969253 0.970923 0.948212 0.973819 0.927477 0.812994
0.593197 0.580084 0.511093 0.451358 0.796410 0.937498 0.743944 0.598599 0.725774 0.932817 0.785707 0.614223 0.736416 0.625522 0.866827 0.727817 0.617714 0.643044 0.591394 0.628501 0.684034 0.957580 0.700848 0.676224 0.483640 0.522748 0.538363 0.859276 0.803020 0.639468 0.568512 0.653492 0.574531 0.530954 0.620829 0.696311 0.000000 0.495333 0.580345 0.686714 0.872220 0.666955 0.950631 0.724490 0.903369 0.943923 0.710823 0.705453 0.981641 0.823985 0.887938 0.830195 0.977010 0.911941 0.641590 0.670661 0.595969 0.570112 0.645427 0.633007 0.697986 0.596516 0.624586 0.552552 0.689234 0.648697 0.693348 0.738420 0.671279 0.563385 0.893211 0.986359 0.784546 0.885134 0.813738 0.997664 0.878745 0.937590 0.681757 0.750058 0.747352 0.811256 0.676294 0.680454 0.752817 0.576056 0.896029 0.930735 0.547802 0.578259 0.574068 0.620651 0.594822 0.577334 0.976793 0.851400 0.985386 0.923798 0.952856 0.961784 0.812985 0.856474 0.810486 0.662838 0.802095 0.686392 0.812466 0.974910 0.990532 0.776703 0.907942 0.990607 0.968733 0.904462 0.660849 0.915613
0.634897 0.621753 0.584208 0.592724 0.816686 0.928786 0.788595 0.650634 0.814121 0.808188 0.776115 0.638651 0.697859 0.668093 0.877200 0.722001 0.713454 0.683309 0.722427 0.644280 0.704226 0.896309 0.835049 0.722841 0.595438 0.615302 0.715901 0.798614 0.823217 0.657759 0.804342 0.751696 0.721575 0.664343 0.904540 0.812164 0.495333 0.000000 0.690568 0.866903 0.850248 0.581106 0.859730 0.955294 0.738164 0.828972 0.961941 0.983424 0.802534 0.924806 0.909966 0.961250 0.919954 0.792837 0.809009 0.871193 0.645820 0.593156 0.822545 0.770964 0.679107 0.589293 0.693818 0.602705 0.689123 0.571562 0.972693 0.968132 0.645537 0.518074 0.949350 0.896010 0.916979 0.950249 0.734524 0.908468 0.954832 0.916797 0.763731 0.755250 0.773485 0.776435 0.672340 0.726387 0.815883 0.659732 0.933905 0.945896 0.589220 0.660332 0.619400 0.567801 0.676271 0.553461 0.834863 0.898066 0.920682 0.974714 0.810596 0.891055 0.872527 0.857870 0.920490 0.937868 0.941735 0.857531 0.876064 0.963691 0.904877 0.846233 0.884273 0.751001 0.734835 0.951353 0.853711 0.684193
