0.000000 0.387782 0.815151 0.862762 0.637463 0.854534 0.874870 0.684395 0.993031 0.657189 0.434957 0.344935 0.475781 0.566641 0.612836 0.725826 0.424711 0.416017 0.329677 0.363374 0.966165 0.959319 0.561811 0.995949 0.688009 0.538057 0.957488 0.969078 0.417776 0.509484 0.946565 0.901685 0.633217 0.750551 0.875895 0.954746 0.717269 0.867085 0.981923 0.955980 0.817454 0.825864 0.883824 0.971871 0.956997 0.858854 0.771702 0.849111 0.580176 0.722265 0.855564 0.932681 0.974236 0.682274 0.762287 0.931578 0.330676 0.301158 0.490229 0.514493 0.724065 0.654842 0.433073 0.363304 0.732223 0.703725 0.845210 0.759961 0.371526 0.409952 0.900286 0.992131 0.956482 0.926895 0.868932 0.906148 0.933866 0.876791 0.814981 0.722398 0.411135 0.442831 0.640225 0.642647 0.568620 0.890879 0.856799 0.819103 0.681605 0.598493 0.856454 0.816328 0.763158 0.639177 0.903165 0.984102 0.994266 0.935115 0.797534 0.810465 0.926638 0.807346 0.868364 0.802589 0.935530 0.865931 0.938524 0.666818 0.917258 0.912772 0.948390 0.818461 0.717958 0.886557 0.921449 0.859537
0.387782 0.000000 0.591358 0.885439 0.702215 0.716843 0.847326 0.692594 0.832244 0.712410 0.703117 0.375891 0.742508 0.502942 0.665074 0.650659 0.343078 0.303814 0.392459 0.372838 0.867201 0.978790 0.695028 0.925732 0.849833 0.573233 0.905746 0.859713 0.376369 0.415225 0.917055 0.905991 0.816137 0.785709 0.747572 0.947451 0.719325 0.985895 0.981130 0.814276 0.902827 0.796591 0.849984 0.724541 0.729102 0.580808 0.620799 0.632239 0.334572 0.457097 0.644765 0.707157 0.834973 0.833464 0.689595 0.725437 0.280104 0.261510 0.786744 0.694051 0.934161 0.699034 0.635318 0.498327 0.729582 0.738443 0.675394 0.751187 0.566157 0.444558 0.876295 0.757764 0.902912 0.907655 0.895570 0.961246 0.848486 0.911136 0.705506 0.632421 0.391651 0.403138 0.459090 0.546953 0.536502 0.895802 0.951507 0.760291 0.872264 0.721770 0.648282 0.667065 0.610219 0.485878 0.831608 0.912331 0.862794 0.907728 0.928133 0.823215 0.759904 0.694291 0.980892 0.961529 0.907722 0.943467 0.951309 0.658056 0.872098 0.963703 0.979508 0.790636 0.667405 0.795099 0.968477 0.816556
0.815151 0.591358 0.000000 0.484597 0.999822 0.579246 0.447571 0.693744 0.811773 0.987218 0.927622 0.841513 0.786632 0.908976 0.974079 0.999597 0.755088 0.653746 0.910902 0.828245 0.792163 0.840943 0.864634 0.836101 0.772963 0.552846 0.925982 0.997065 0.752147 0.804542 0.617932 0.587173 0.627922 0.753655 0.604109 0.782931 0.970737 0.850969 0.850288 0.919131 0.808331 0.880450 0.801723 0.922239 0.862132 0.996605 0.774829 0.875850 0.677183 0.806304 0.907991 0.939793 0.821333 0.723241 0.878317 0.863944 0.682673 0.626097 0.933247 0.966706 0.610202 0.896688 0.880573 0.923254 0.545490 0.574031 0.405359 0.520823 0.815807 0.822912 0.607434 0.688493 0.670310 0.747724 0.821073 0.929215 0.882893 0.798804 0.906739 0.918208 0.849876 0.868799 0.783553 0.782904 0.988071 0.830948 0.985949 0.990838 0.906448 0.877821 0.572839 0.786753 0.587141 0.688902 0.748514 0.991577 0.675937 0.991684 0.811577 0.757087 0.652722 0.742899 0.785255 0.872025 0.663668 0.723545 0.752044 0.764173 0.880525 0.790722 0.792313 0.873545 0.901976 0.922845 0.772423 0.918404
0.862762 0.885439 0.484597 0.000000 0.946203 0.810161 0.690951 0.582984 0.952066 0.881464 0.916731 0.970282 0.967299 0.773074 0.949678 0.816073 0.939241 0.902917 0.972277 0.986965 0.842102 0.828173 0.866175 0.648251 0.557160 0.451383 0.888362 0.851159 0.868608 0.933815 0.712240 0.614567 0.795260 0.826139 0.632476 0.709941 0.962824 0.868422 0.764554 0.856353 0.752492 0.941879 0.655758 0.740742 0.733790 0.777619 0.628093 0.721040 0.901015 0.937326 0.739403 0.707855 0.654621 0.672793 0.828447 0.987327 0.910708 0.854715 0.830690 0.996094 0.965993 0.847767 0.980038 0.818991 0.485209 0.426798 0.509680 0.519299 0.824829 0.825860 0.691732 0.717296 0.751816 0.819669 0.884330 0.949096 0.694753 0.653750 0.959181 0.895106 0.974186 0.921736 0.930725 0.981008 0.826535 0.556346 0.976842 0.871944 0.869202 0.835078 0.689702 0.955892 0.653623 0.863188 0.729956 0.835414 0.787312 0.896690 0.888593 0.765683 0.756339 0.865484 0.935927 0.992266 0.646499 0.685073 0.800968 0.886660 0.913430 0.965789 0.717349 0.828847 0.733915 0.874093 0.876444 0.927162
0.637463 0.702215 0.999822 0.946203 0.000000 0.946328 0.922997 0.788871 0.899783 0.873821 0.753659 0.674643 0.673200 0.658222 0.645498 0.637586 0.676578 0.766786 0.678093 0.650647 0.919401 0.923027 0.603553 0.647776 0.930728 0.793454 0.723133 0.895499 0.761039 0.756847 0.990510 0.878644 0.803443 0.949386 0.969178 0.902997 0.890225 0.953739 0.868639 0.962265 0.989501 0.965997 0.970219 0.993834 0.915369 0.886277 0.863262 0.917355 0.775427 0.775273 0.913203 0.941172 0.953441 0.806843 0.760080 0.986039 0.655071 0.713315 0.818973 0.877738 0.937606 0.678850 0.852943 0.749469 0.990228 0.968762 0.979214 0.832350 0.736744 0.658058 0.886310 0.898003 0.933307 0.976661 0.906915 0.888682 0.898162 0.888240 0.958907 0.974735 0.721811 0.659925 0.694309 0.736857 0.654391 0.794886 0.692179 0.708025 0.800041 0.721656 0.933927 0.888743 0.886810 0.811876 0.883014 0.932873 0.885848 0.981633 0.906583 0.898113 0.938794 0.897326 0.981987 0.916602 0.980454 0.982467 0.979920 0.814868 0.867234 0.723239 0.959382 0.883863 0.844336 0.975418 0.912108 0.890822
0.854534 0.716843 0.579246 0.810161 0.946328 0.000000 0.584430 0.805806 0.715049 0.927341 0.837427 0.907070 0.814587 0.976942 0.959389 0.943245 0.807538 0.766009 0.842717 0.770456 0.698498 0.976529 0.963458 0.973674 0.912130 0.743773 0.914632 0.839153 0.782254 0.807212 0.801130 0.762249 0.845630 0.862664 0.787483 0.902034 0.914128 0.987682 0.830809 0.874265 0.934143 0.962323 0.960692 0.999686 0.988993 0.927680 0.970277 0.947168 0.754627 0.788361 0.961581 0.959028 0.961431 0.857852 0.983450 0.972431 0.695270 0.695266 0.905086 0.890739 0.617086 0.893080 0.868284 0.991399 0.842952 0.750172 0.612328 0.730760 0.720725 0.842598 0.715389 0.752013 0.936595 0.756084 0.693747 0.875808 0.847392 0.859105 0.954245 0.999876 0.936903 0.878556 0.776663 0.794071 0.881465 0.976020 0.868750 0.996572 0.995077 0.961328 0.716162 0.798341 0.773759 0.745690 0.807606 0.984600 0.815975 0.968309 0.929658 0.847149 0.823473 0.892063 0.787289 0.939667 0.731219 0.907767 0.633056 0.872182 0.994420 0.909886 0.880146 0.885031 0.981520 0.940185 0.720969 0.979503
0.874870 0.847326 0.447571 0.690951 0.922997 0.584430 0.000000 0.433591 0.574431 0.567848 0.696261 0.885906 0.534979 0.774572 0.790193 0.868385 0.984533 0.925984 0.808855 0.984622 0.842891 0.815684 0.669615 0.981422 0.844266 0.854088 0.811963 0.921064 0.836692 0.843113 0.371606 0.473674 0.405797 0.441577 0.701486 0.816674 0.946028 0.885961 0.983226 0.805951 0.919786 0.947290 0.766514 0.811081 0.688185 0.826422 0.745729 0.827363 0.957274 0.972069 0.720316 0.740033 0.719514 0.671223 0.918730 0.920764 0.893695 0.914264 0.594849 0.653170 0.374431 0.792131 0.485685 0.635970 0.932481 0.887489 0.490662 0.587381 0.980104 0.871994 0.517654 0.535968 0.532688 0.543275 0.772072 0.871899 0.697981 0.692033 0.830553 0.916070 0.881671 0.988582 0.862631 0.831337 0.938803 0.871834 0.934350 0.986261 0.814068 0.923430 0.494626 0.645994 0.650701 0.833151 0.692094 0.909169 0.684570 0.806075 0.462282 0.547841 0.574689 0.592809 0.523583 0.580448 0.599946 0.606604 0.828524 0.845649 0.930394 0.767813 0.743701 0.716182 0.717437 0.810934 0.883549 0.957145
0.684395 0.692594 0.693744 0.582984 0.788871 0.805806 0.433591 0.000000 0.855283 0.600403 0.701375 0.544306 0.550501 0.472152 0.723100 0.619221 0.669953 0.740390 0.584602 0.677231 0.975085 0.938175 0.630240 0.896755 0.922374 0.943093 0.974578 0.825352 0.575573 0.627775 0.556268 0.482520 0.466901 0.457259 0.751106 0.883780 0.876516 0.875465 0.959261 0.989582 0.849213 0.918821 0.507823 0.514458 0.406566 0.444377 0.449211 0.521241 0.594521 0.536990 0.457812 0.484162 0.596863 0.711727 0.698232 0.844068 0.728948 0.718570 0.623972 0.568286 0.578952 0.513810 0.470263 0.540365 0.895321 0.794805 0.596706 0.594863 0.919276 0.671788 0.644163 0.708436 0.631218 0.651803 0.763395 0.943437 0.573775 0.735779 0.765077 0.782532 0.680409 0.788997 0.795094 0.951438 0.787805 0.847922 0.990742 0.832526 0.869800 0.717957 0.697768 0.870295 0.804926 0.938338 0.771392 0.761977 0.789327 0.737754 0.475130 0.396758 0.644552 0.771761 0.626934 0.727862 0.602868 0.699574 0.844097 0.982064 0.983869 0.836011 0.644179 0.544798 0.473082 0.653421 0.855355 0.870210
0.993031 0.832244 0.811773 0.952066 0.899783 0.715049 0.574431 0.855283 0.000000 0.631748 0.770817 0.955813 0.674242 0.933231 0.743857 0.937271 0.928499 0.845432 0.997530 0.854135 0.939308 0.921938 0.820602 0.845487 0.767520 0.972772 0.938733 0.952692 0.992617 0.980411 0.806810 0.909558 0.777055 0.865570 0.939514 0.901865 0.838650 0.839538 0.837610 0.783588 0.858992 0.909927 0.926858 0.975327 0.952660 0.995348 0.926486 0.993785 0.930854 0.962528 0.925031 0.893375 0.872883 0.858648 0.914988 0.926576 0.806811 0.826664 0.731248 0.856661 0.630677 0.802034 0.830938 0.832446 0.998575 0.926231 0.766893 0.946435 0.971949 0.872024 0.793257 0.723209 0.752512 0.613663 0.807745 0.869329 0.740924 0.935276 0.965214 0.890864 0.937839 0.817481 0.721055 0.751059 0.899247 0.764772 0.921035 0.842514 0.699693 0.947215 0.645341 0.533823 0.673318 0.628399 0.704388 0.971843 0.865622 0.914413 0.703714 0.738537 0.680934 0.765078 0.666524 0.627075 0.932751 0.858819 0.976453 0.766578 0.996030 0.795660 0.862723 0.796409 0.996983 0.886790 0.862157 0.872083
0.657189 0.712410 0.987218 0.881464 0.873821 0.927341 0.567848 0.600403 0.631748 0.000000 0.633996 0.634480 0.582321 0.751649 0.568682 0.745095 0.678030 0.685225 0.570504 0.704398 0.937958 0.926616 0.515699 0.870890 0.545164 0.675465 0.856682 0.984003 0.516509 0.520047 0.628325 0.673214 0.504246 0.571056 0.758453 0.955307 0.938404 0.923862 0.809848 0.693842 0.980039 0.821635 0.932598 0.854684 0.689550 0.733889 0.776230 0.847780 0.581394 0.668868 0.667005 0.683338 0.742611 0.892036 0.956777 0.991648 0.772149 0.695152 0.580025 0.705314 0.702640 0.842814 0.467275 0.439671 0.586720 0.586688 0.951612 0.853559 0.726244 0.554781 0.786566 0.833520 0.671192 0.663054 0.701641 0.895692 0.712904 0.938255 0.676852 0.673196 0.626167 0.814290 0.859564 0.962522 0.960863 0.685382 0.948218 0.939365 0.786650 0.983255 0.897610 0.786929 0.996386 0.849107 0.958449 0.914598 0.872201 0.837700 0.644710 0.669045 0.883504 0.844195 0.709561 0.640240 0.962959 0.892644 0.904419 0.999977 0.922962 0.910946 0.850332 0.851770 0.741538 0.827437 0.952424 0.863404
0.434957 0.703117 0.927622 0.916731 0.753659 0.837427 0.696261 0.701375 0.770817 0.633996 0.000000 0.565217 0.476617 0.786231 0.753287 0.888106 0.605840 0.656414 0.622472 0.610169 0.940627 0.902463 0.735275 0.865917 0.702908 0.820088 0.966885 0.970038 0.623425 0.686277 0.872256 0.880445 0.589196 0.747337 0.936439 0.957968 0.758980 0.851098 0.978014 0.785385 0.820091 0.830130 0.832020 0.937607 0.943979 0.924439 0.907716 0.961640 0.795885 0.842587 0.937228 0.983500 0.990255 0.771212 0.885182 0.896489 0.655171 0.625042 0.446122 0.510234 0.521523 0.654521 0.455111 0.438193 0.866883 0.858430 0.863895 0.977832 0.594027 0.517033 0.784613 0.822970 0.880400 0.956848 0.754166 0.869079 0.865443 0.974574 0.924590 0.743502 0.576521 0.686168 0.934003 0.862677 0.821000 0.791787 0.995855 0.942990 0.656540 0.707733 0.926920 0.964172 0.971722 0.958287 0.996167 0.937904 0.944980 0.998075 0.728590 0.757959 0.902175 0.997594 0.687321 0.688087 0.788645 0.855180 0.906002 0.907842 0.936532 0.787627 0.902320 0.780529 0.759367 0.931153 0.950198 0.944172
0.344935 0.375891 0.841513 0.970282 0.674643 0.907070 0.885906 0.544306 0.955813 0.634480 0.565217 0.000000 0.423299 0.396241 0.508391 0.504641 0.468912 0.498015 0.422140 0.432186 0.935530 0.959974 0.560306 0.857323 0.758232 0.649895 0.941034 0.834642 0.426392 0.521610 0.983478 0.850906 0.706992 0.760500 0.911785 0.894199 0.752810 0.938084 0.972561 0.943626 0.932473 0.919409 0.964698 0.885853 0.808142 0.685205 0.675493 0.738640 0.448104 0.593384 0.764322 0.816468 0.931073 0.749114 0.719437 0.854989 0.448215 0.401869 0.581078 0.579454 0.729959 0.438904 0.515600 0.437581 0.879837 0.911931 0.882407 0.858041 0.519357 0.447809 0.997924 0.937291 0.975024 0.989529 0.792790 0.934828 0.873371 0.864869 0.822091 0.749814 0.487756 0.523287 0.596164 0.680779 0.482199 0.900886 0.742694 0.667622 0.745728 0.567730 0.831729 0.777143 0.764382 0.639309 0.935246 0.927511 0.910700 0.930934 0.857004 0.729140 0.976331 0.773809 0.956491 0.940137 0.916853 0.959231 0.965924 0.712138 0.903633 0.939765 0.888589 0.761270 0.714642 0.866009 0.994699 0.799549
0.475781 0.742508 0.786632 0.967299 0.673200 0.814587 0.534979 0.550501 0.674242 0.582321 0.476617 0.423299 0.000000 0.474472 0.499070 0.551317 0.725296 0.827390 0.532079 0.613248 0.974067 0.867455 0.461044 0.822440 0.758934 0.767604 0.943594 0.911026 0.624301 0.662125 0.701486 0.696621 0.512400 0.657019 0.964736 0.950986 0.799220 0.940033 0.946956 0.888676 0.999979 0.998777 0.996714 0.969917 0.833869 0.823261 0.735461 0.826400 0.751536 0.827867 0.806810 0.886850 0.888598 0.905687 0.715408 0.975695 0.755640 0.713420 0.514704 0.655854 0.453020 0.530045 0.471994 0.490497 0.951118 0.936616 0.897515 0.975086 0.625934 0.593839 0.737522 0.896748 0.756078 0.819393 0.758524 0.950652 0.838377 0.977772 0.927602 0.930461 0.680259 0.745209 0.798158 0.855752 0.625093 0.981572 0.784124 0.761261 0.573858 0.661439 0.914787 0.997875 0.978020 0.846332 0.911178 0.979172 0.931213 0.896214 0.698447 0.721005 0.789320 0.980101 0.755233 0.809114 0.803292 0.826954 0.838442 0.829941 0.937746 0.750963 0.828743 0.766714 0.774346 0.923868 0.874922 0.919154
0.566641 0.502942 0.908976 0.773074 0.658222 0.976942 0.774572 0.472152 0.933231 0.751649 0.786231 0.396241 0.474472 0.000000 0.517297 0.368349 0.633479 0.645127 0.446831 0.464463 0.948876 0.958999 0.470415 0.548146 0.955160 0.850213 0.921721 0.805796 0.578371 0.542095 0.804894 0.578159 0.636098 0.668963 0.993997 0.973304 0.877068 0.999264 0.784737 0.813515 0.854704 0.950062 0.668345 0.667796 0.632812 0.560515 0.484878 0.571280 0.514217 0.599187 0.600899 0.689196 0.733277 0.985449 0.602335 0.892536 0.607318 0.612669 0.883000 0.844382 0.813318 0.563710 0.659462 0.666826 0.937963 0.879524 0.945591 0.975756 0.762046 0.642762 0.979582 0.853455 0.836639 0.939857 0.791063 0.960869 0.807666 0.972885 0.871647 0.765905 0.603524 0.539072 0.493263 0.673904 0.417639 0.604674 0.828150 0.521945 0.917768 0.660557 0.814128 0.645772 0.746670 0.548335 0.913211 0.908667 0.983959 0.879516 0.907393 0.765512 0.951477 0.802254 0.998808 0.961726 0.878599 0.948966 0.765129 0.755623 0.994057 0.859239 0.936904 0.769663 0.682227 0.843235 0.934629 0.868179
0.612836 0.665074 0.974079 0.949678 0.645498 0.959389 0.790193 0.723100 0.743857 0.568682 0.753287 0.508391 0.499070 0.517297 0.000000 0.469372 0.623252 0.672132 0.501425 0.539859 0.886073 0.960474 0.431361 0.794805 0.869722 0.721028 0.920578 0.934948 0.622000 0.549788 0.742205 0.713803 0.633197 0.700157 0.900630 0.924862 0.810257 0.908846 0.968152 0.887877 0.899680 0.989574 0.922455 0.878787 0.814838 0.757750 0.744281 0.728131 0.661004 0.672940 0.708817 0.699922 0.751553 0.965826 0.818728 0.947079 0.710467 0.711572 0.804233 0.870359 0.865184 0.723689 0.703741 0.625349 0.867217 0.824531 0.869100 0.769434 0.580655 0.648036 0.863498 0.985565 0.731577 0.764457 0.705343 0.986218 0.787058 0.969938 0.839550 0.748284 0.660951 0.646017 0.646976 0.821537 0.592433 0.935869 0.713330 0.750387 0.706089 0.810512 0.918079 0.953015 0.845206 0.740461 0.826103 0.848914 0.889913 0.809205 0.871247 0.770545 0.942046 0.820680 0.883086 0.787743 0.933307 0.947415 0.946611 0.818588 0.914162 0.828070 0.924492 0.768774 0.815110 0.801965 0.874777 0.966922
0.725826 0.650659 0.999597 0.816073 0.637586 0.943245 0.868385 0.619221 0.937271 0.745095 0.888106 0.504641 0.551317 0.368349 0.469372 0.000000 0.746712 0.759758 0.618291 0.638303 0.956708 0.932818 0.441513 0.443947 0.923490 0.866880 0.889455 0.753652 0.711128 0.654265 0.896554 0.692635 0.785488 0.888251 0.904458 0.842219 0.996387 0.858280 0.831953 0.983778 0.914501 0.906601 0.848555 0.842057 0.789663 0.700387 0.676368 0.783561 0.596746 0.710343 0.766347 0.779795 0.841433 0.968254 0.710864 0.982233 0.812504 0.764317 0.984781 0.983246 0.967200 0.618571 0.878466 0.853588 0.949354 0.876727 0.863519 0.883565 0.862108 0.787787 0.997007 0.911036 0.901050 0.892580 0.732011 0.956664 0.832755 0.970575 0.929536 0.824036 0.757934 0.680229 0.548953 0.744700 0.496873 0.580788 0.722327 0.560211 0.916538 0.741937 0.775435 0.771094 0.814122 0.628086 0.923016 0.945395 0.997647 0.856492 0.976660 0.888026 0.974504 0.715839 0.812476 0.854573 0.947436 0.977398 0.878772 0.754242 0.877545 0.991344 0.981019 0.864787 0.864542 0.942239 0.990568 0.917927
0.424711 0.343078 0.755088 0.939241 0.676578 0.807538 0.984533 0.669953 0.928499 0.678030 0.605840 0.468912 0.725296 0.633479 0.623252 0.746712 0.000000 0.297331 0.395929 0.382001 0.850155 0.980008 0.669738 0.979327 0.885055 0.646474 0.888305 0.948619 0.385882 0.370173 0.869359 0.807334 0.702707 0.682052 0.865306 0.927885 0.747202 0.953485 0.939632 0.898452 0.828605 0.854866 0.895976 0.809762 0.739177 0.647135 0.654551 0.686683 0.460034 0.509827 0.658514 0.703848 0.810106 0.905514 0.744294 0.813403 0.323818 0.347734 0.741739 0.633505 0.981500 0.791053 0.538637 0.432010 0.739765 0.736370 0.822630 0.806582 0.586642 0.433886 0.878001 0.958549 0.941716 0.989366 0.819531 0.888696 0.819969 0.949494 0.567792 0.549574 0.321713 0.394276 0.564968 0.579386 0.625027 0.984098 0.916359 0.815472 0.753664 0.753869 0.817867 0.799459 0.741467 0.628240 0.870741 0.930601 0.920052 0.973181 0.871435 0.737856 0.920702 0.774540 0.894351 0.760905 0.992470 0.972548 0.939271 0.666552 0.960612 0.964561 0.960111 0.811121 0.641387 0.717825 0.952863 0.834780
0.416017 0.303814 0.653746 0.902917 0.766786 0.766009 0.925984 0.740390 0.845432 0.685225 0.656414 0.498015 0.827390 0.645127 0.672132 0.759758 0.297331 0.000000 0.371918 0.372457 0.884363 0.975062 0.684707 0.995861 0.861416 0.621076 0.909208 0.999138 0.391864 0.362391 0.969171 0.845764 0.748146 0.707269 0.748734 0.996163 0.716398 0.977823 0.960969 0.881783 0.812887 0.821326 0.920870 0.798569 0.762290 0.651141 0.672566 0.718531 0.443508 0.502994 0.673315 0.709526 0.783221 0.890977 0.789455 0.776437 0.277673 0.291026 0.796364 0.674362 0.906146 0.891540 0.583791 0.468286 0.676362 0.676852 0.735162 0.758113 0.556040 0.467454 0.979471 0.942663 0.981412 0.972462 0.902602 0.900111 0.853260 0.979429 0.597012 0.487097 0.319220 0.361571 0.503179 0.534213 0.638277 0.979706 0.961035 0.804996 0.864126 0.792902 0.737706 0.745084 0.694821 0.563919 0.911045 0.930204 0.887949 0.922336 0.921159 0.841285 0.756306 0.758535 0.986840 0.835542 0.985220 0.990684 0.942500 0.645148 0.943137 0.958700 0.972296 0.858599 0.606114 0.735856 0.952344 0.831665
0.329677 0.392459 0.910902 0.972277 0.678093 0.842717 0.808855 0.584602 0.997530 0.570504 0.622472 0.422140 0.532079 0.446831 0.501425 0.618291 0.395929 0.371918 0.000000 0.321403 0.946136 0.920204 0.417026 0.881400 0.774290 0.576336 0.978274 0.984467 0.369694 0.352055 0.759311 0.674004 0.521296 0.599368 0.882217 0.976656 0.714548 0.905108 0.973082 0.999482 0.982795 0.883097 0.863942 0.825902 0.754520 0.683738 0.590661 0.701173 0.501618 0.589871 0.638848 0.723642 0.752208 0.954736 0.738494 0.987194 0.340660 0.369559 0.690456 0.708899 0.872030 0.818548 0.475203 0.423899 0.720651 0.682757 0.824905 0.770519 0.464142 0.448092 0.824216 0.969659 0.726269 0.906286 0.894662 0.947270 0.826678 0.982981 0.720121 0.632433 0.410324 0.415690 0.487566 0.633903 0.569686 0.980716 0.922266 0.751265 0.759356 0.756027 0.894222 0.862300 0.761858 0.609735 0.992490 0.894005 0.953673 0.836007 0.755415 0.732394 0.927080 0.845256 0.857268 0.763554 0.950929 0.854021 0.944144 0.689159 0.912252 0.910231 0.878480 0.766433 0.547962 0.743623 0.965841 0.881075
0.363374 0.372838 0.828245 0.986965 0.650647 0.770456 0.984622 0.677231 0.854135 0.704398 0.610169 0.432186 0.613248 0.464463 0.539859 0.638303 0.382001 0.372457 0.321403 0.000000 0.870089 0.938214 0.496765 0.828105 0.805550 0.620525 0.965486 0.933287 0.429406 0.394407 0.881559 0.810346 0.650426 0.752808 0.856310 0.971839 0.782227 0.864527 0.958494 0.919133 0.986620 0.759625 0.884122 0.849123 0.770141 0.705780 0.660108 0.678136 0.507632 0.536134 0.668126 0.741880 0.759673 0.918135 0.711784 0.992722 0.317818 0.355929 0.733338 0.719276 0.977932 0.795354 0.616677 0.523339 0.730087 0.720456 0.803308 0.761920 0.433236 0.478368 0.912628 0.901456 0.832372 0.953777 0.856374 0.949305 0.825820 0.970305 0.738186 0.717222 0.459281 0.435740 0.545284 0.594071 0.596142 0.964931 0.905403 0.777861 0.803117 0.683370 0.797688 0.770703 0.754101 0.573876 0.976384 0.927963 0.997514 0.842907 0.879159 0.788788 0.898440 0.817000 0.939112 0.822004 0.952719 0.906076 0.964195 0.809950 0.988084 0.913293 0.878810 0.816143 0.648867 0.746834 0.950804 0.920827
0.966165 0.867201 0.792163 0.842102 0.919401 0.698498 0.842891 0.975085 0.939308 0.937958 0.940627 0.935530 0.974067 0.948876 0.886073 0.956708 0.850155 0.884363 0.946136 0.870089 0.000000 0.976654 0.960408 0.851060 0.801530 0.747422 0.960302 0.965371 0.847046 0.826574 0.824825 0.882305 0.972933 0.964619 0.846005 0.934917 0.850436 0.916966 0.807492 0.819327 0.823030 0.916128 0.997923 0.940262 0.886140 0.884948 0.960084 0.882810 0.823509 0.700674 0.953096 0.920535 0.990547 0.945157 0.971611 0.960819 0.862688 0.855942 0.893088 0.969256 0.926632 0.901159 0.981801 0.886501 0.899844 0.812448 0.948195 0.909730 0.883787 0.861145 0.860154 0.927513 0.905486 0.865348 0.956090 0.731031 0.823546 0.958153 0.968706 0.985602 0.981514 0.953282 0.986024 0.992446 0.979693 0.877195 0.848813 0.840811 0.830300 0.935266 0.944997 0.878189 0.983936 0.876026 0.834174 0.966911 0.941415 0.799734 0.901458 0.785567 0.949663 0.903408 0.877567 0.868942 0.975962 0.897227 0.751283 0.910815 0.960362 0.883914 0.971717 0.817251 0.912225 0.794923 0.996943 0.868652
0.959319 0.978790 0.840943 0.828173 0.923027 0.976529 0.815684 0.938175 0.921938 0.926616 0.902463 0.959974 0.867455 0.958999 0.960474 0.932818 0.980008 0.975062 0.920204 0.938214 0.976654 0.000000 0.924101 0.919731 0.964310 0.851030 0.826574 0.937434 0.915082 0.827037 0.709199 0.896227 0.755524 0.787225 0.995081 0.775586 0.772345 0.772950 0.952040 0.937491 0.988181 0.860651 0.948883 0.979548 0.943539 0.998777 0.897304 0.933196 0.894583 0.958691 0.816145 0.851705 0.781094 0.776664 0.939246 0.871330 0.958611 0.986596 0.900335 0.974645 0.958036 0.882463 0.851759 0.916876 0.917563 0.910948 0.877349 0.996997 0.856830 0.944347 0.797875 0.907080 0.899530 0.793896 0.934063 0.995967 0.854646 0.793399 0.805547 0.961631 0.901570 0.898289 0.998046 0.989845 0.923892 0.889020 0.909475 0.868634 0.983005 0.986386 0.796464 0.843934 0.864918 0.917695 0.935128 0.957653 0.817044 0.878112 0.842933 0.923136 0.844460 0.895344 0.682012 0.804711 0.872948 0.804240 0.932863 0.833424 0.938441 0.800239 0.809220 0.944122 0.899830 0.834092 0.929338 0.878009
0.561811 0.695028 0.864634 0.866175 0.603553 0.963458 0.669615 0.630240 0.820602 0.515699 0.735275 0.560306 0.461044 0.470415 0.431361 0.441513 0.669738 0.684707 0.417026 0.496765 0.960408 0.924101 0.000000 0.611254 0.857597 0.750332 0.890490 0.986342 0.575304 0.525084 0.639676 0.595876 0.522268 0.697768 0.893858 0.955564 0.908587 0.987522 0.964779 0.822907 0.964213 0.931520 0.982554 0.984293 0.837740 0.836098 0.745717 0.864957 0.679331 0.750859 0.761071 0.788178 0.753670 0.971729 0.848061 0.787038 0.668062 0.676273 0.851631 0.938197 0.881511 0.831495 0.683435 0.656668 0.840325 0.797498 0.895542 0.775259 0.592902 0.660055 0.706433 0.921643 0.598733 0.759728 0.779289 0.933112 0.803860 0.974868 0.850736 0.763567 0.647514 0.583203 0.607289 0.745926 0.590033 0.906301 0.811393 0.687465 0.813208 0.836289 0.992930 0.976734 0.937994 0.705710 0.882168 0.928612 0.841761 0.911582 0.844384 0.855883 0.966204 0.928220 0.995360 0.801618 0.937258 0.859522 0.991355 0.848711 0.979161 0.898131 0.927302 0.932735 0.714286 0.914612 0.905001 0.893435
0.995949 0.925732 0.836101 0.648251 0.647776 0.973674 0.981422 0.896755 0.845487 0.870890 0.865917 0.857323 0.822440 0.548146 0.794805 0.443947 0.979327 0.995861 0.881400 0.828105 0.851060 0.919731 0.611254 0.000000 0.594879 0.844699 0.729501 0.785798 0.934947 0.945501 0.989343 0.770851 0.980343 0.891659 0.906989 0.929022 0.916821 0.764334 0.676112 0.838019 0.802950 0.707439 0.909270 0.970174 0.964994 0.909709 0.792355 0.959457 0.906138 0.969911 0.976415 0.992298 0.947123 0.969254 0.771735 0.929133 0.987495 0.992424 0.694274 0.717875 0.827387 0.915579 0.809012 0.769592 0.731613 0.722950 0.935187 0.968098 0.960902 0.933241 0.971407 0.832985 0.973916 0.868370 0.884664 0.989122 0.911618 0.911138 0.922464 0.974476 0.998660 0.778055 0.661213 0.671017 0.551539 0.417281 0.782904 0.498583 0.992699 0.820212 0.808280 0.683541 0.855817 0.720821 0.986369 0.971412 0.962561 0.971322 0.779589 0.861291 0.802153 0.770426 0.630761 0.666773 0.985326 0.975339 0.778098 0.856585 0.904029 0.971157 0.911866 0.961279 0.987685 0.850684 0.931088 0.997476
0.688009 0.849833 0.772963 0.557160 0.930728 0.912130 0.844266 0.922374 0.767520 0.545164 0.702908 0.758232 0.758934 0.955160 0.869722 0.923490 0.885055 0.861416 0.774290 0.805550 0.801530 0.964310 0.857597 0.594879 0.000000 0.485706 0.774024 0.902562 0.591544 0.756781 0.929231 0.876252 0.862804 0.883952 0.690643 0.835777 0.839593 0.994155 0.655419 0.650131 0.809446 0.744283 0.795730 0.853784 0.927444 0.898355 0.780940 0.870550 0.816060 0.929300 0.938685 0.931736 0.825714 0.856441 0.786238 0.830435 0.856347 0.737386 0.496167 0.663243 0.694067 0.918722 0.662540 0.560780 0.482945 0.476973 0.837422 0.754312 0.685569 0.628554 0.964086 0.932946 0.900989 0.939544 0.999975 0.990353 0.997572 0.914351 0.890927 0.961132 0.929424 0.930211 0.879430 0.887445 0.757358 0.406478 0.883456 0.787151 0.822071 0.941726 0.952281 0.750740 0.940073 0.998090 0.916019 0.963615 0.973981 0.892178 0.740911 0.875591 0.915787 0.841692 0.748442 0.721952 0.940709 0.974922 0.817975 0.880157 0.901124 0.912465 0.927671 0.914917 0.966589 0.979560 0.859400 0.883257
0.538057 0.573233 0.552846 0.451383 0.793454 0.743773 0.854088 0.943093 0.972772 0.675465 0.820088 0.649895 0.767604 0.850213 0.721028 0.866880 0.646474 0.621076 0.576336 0.620525 0.747422 0.851030 0.750332 0.844699 0.485706 0.000000 0.984136 0.933708 0.565580 0.617698 0.824682 0.854240 0.985550 0.994632 0.535567 0.735229 0.901962 0.899790 0.743938 0.833093 0.829065 0.905907 0.751643 0.837996 0.867533 0.938606 0.872323 0.922306 0.678506 0.838552 0.919078 0.878514 0.831762 0.661789 0.943424 0.892116 0.582674 0.510177 0.737295 0.802239 0.985215 0.953752 0.762323 0.572627 0.432567 0.408200 0.496996 0.468280 0.626969 0.613781 0.834179 0.840203 0.892956 0.851897 0.990016 0.962852 0.908660 0.743844 0.879857 0.958949 0.713985 0.777656 0.801805 0.839443 0.926342 0.668138 0.952018 0.958039 0.851784 0.993162 0.659106 0.893015 0.622407 0.673342 0.694438 0.999964 0.786630 0.981475 0.984510 0.927465 0.841008 0.768310 0.941630 0.908453 0.704243 0.852670 0.791589 0.767099 0.874210 0.968091 0.829471 0.906381 0.977966 0.958439 0.812844 0.899906
0.957488 0.905746 0.925982 0.888362 0.723133 0.914632 0.811963 0.974578 0.938733 0.856682 0.966885 0.941034 0.943594 0.921721 0.920578 0.889455 0.888305 0.909208 0.978274 0.965486 0.960302 0.826574 0.890490 0.729501 0.774024 0.984136 0.000000 0.834608 0.947632 0.944054 0.823338 0.836832 0.892485 0.813197 0.898822 0.994105 0.897234 0.947127 0.863923 0.846258 0.965435 0.921010 0.892846 0.857277 0.939144 0.981477 0.975617 0.918798 0.848457 0.898753 0.952340 0.949450 0.965193 0.822979 0.899776 0.946451 0.872729 0.909887 0.834923 0.896126 0.748875 0.910807 0.823017 0.869195 0.869099 0.898967 0.890165 0.843038 0.970119 0.949762 0.889767 0.834461 0.851245 0.862796 0.961358 0.895302 0.986266 0.811957 0.901798 0.983902 0.948017 0.842495 0.781312 0.779516 0.737821 0.713719 0.820137 0.770950 0.947250 0.891582 0.911829 0.873205 0.962386 0.984873 0.918348 0.875493 0.920774 0.932208 0.823421 0.867863 0.908867 0.883864 0.671260 0.831768 0.955919 0.884518 0.860765 0.894760 0.699248 0.964389 0.932067 0.885691 0.988489 0.790709 0.968051 0.928498
0.969078 0.859713 0.997065 0.851159 0.895499 0.839153 0.921064 0.825352 0.952692 0.984003 0.970038 0.834642 0.911026 0.805796 0.934948 0.753652 0.948619 0.999138 0.984467 0.933287 0.965371 0.937434 0.986342 0.785798 0.902562 0.933708 0.834608 0.000000 0.974366 0.950457 0.908132 0.969047 0.927954 0.896505 0.950830 0.991840 0.984318 0.982634 0.778285 0.951743 0.919303 0.842516 0.858428 0.881655 0.856654 0.844223 0.836708 0.956383 0.802131 0.895599 0.906674 0.937291 0.974920 0.983061 0.948105 0.971403 0.999073 0.988390 0.931269 0.875449 0.946915 0.847861 0.957319 0.914145 0.946529 0.875935 0.984022 0.944727 0.964483 0.952973 0.925557 0.850912 0.988301 0.973615 0.788407 0.967402 0.806394 0.886473 0.992920 0.965221 0.994194 0.990120 0.877677 0.905115 0.916065 0.825866 0.931266 0.996999 0.937579 0.940933 0.974356 0.935225 0.970411 0.940139 0.894523 0.932759 0.961387 0.815495 0.961367 0.874206 0.896180 0.938386 0.871481 0.854733 0.980260 0.859806 0.861331 0.976537 0.983666 0.955355 0.902503 0.808508 0.931364 0.953427 0.826335 0.938321
0.417776 0.376369 0.752147 0.868608 0.761039 0.782254 0.836692 0.575573 0.992617 0.516509 0.623425 0.426392 0.624301 0.578371 0.622000 0.711128 0.385882 0.391864 0.369694 0.429406 0.847046 0.915082 0.575304 0.934947 0.591544 0.565580 0.947632 0.974366 0.000000 0.319486 0.738904 0.744447 0.577846 0.546488 0.793076 0.926904 0.692149 0.973316 0.886677 0.967502 0.863298 0.828314 0.882719 0.746065 0.709558 0.638480 0.723509 0.699638 0.445532 0.528386 0.637356 0.672081 0.812448 0.961163 0.802052 0.829946 0.408878 0.368069 0.593408 0.596439 0.847019 0.750938 0.454724 0.347289 0.589610 0.624561 0.804339 0.827941 0.568556 0.377912 0.901244 0.957995 0.821151 0.862406 0.897794 0.949286 0.831583 0.960685 0.616555 0.622859 0.400895 0.486407 0.584939 0.656098 0.719814 0.881174 0.992934 0.820789 0.824235 0.847904 0.864142 0.870655 0.717962 0.583298 0.969352 0.868029 0.926867 0.863000 0.727641 0.723916 0.939665 0.974913 0.805161 0.741737 0.994905 0.963271 0.929840 0.791423 0.846050 0.976096 0.913511 0.774442 0.613815 0.780296 0.987029 0.741134
0.509484 0.415225 0.804542 0.933815 0.756847 0.807212 0.843113 0.627775 0.980411 0.520047 0.686277 0.521610 0.662125 0.542095 0.549788 0.654265 0.370173 0.362391 0.352055 0.394407 0.826574 0.827037 0.525084 0.945501 0.756781 0.617698 0.944054 0.950457 0.319486 0.000000 0.692062 0.638244 0.564190 0.524296 0.723686 0.996645 0.783025 0.996752 0.936423 0.967498 0.923297 0.858855 0.857059 0.747235 0.684927 0.659284 0.674807 0.713942 0.489718 0.559115 0.605799 0.658644 0.736684 0.943670 0.815785 0.951631 0.461380 0.453045 0.796846 0.762960 0.939038 0.902364 0.500985 0.419420 0.575886 0.623421 0.751733 0.779788 0.636309 0.456371 0.894342 0.939137 0.785558 0.852860 0.853841 0.988703 0.818062 0.903282 0.480132 0.521710 0.373082 0.439115 0.527167 0.642865 0.731808 0.935701 0.988399 0.806902 0.864885 0.938757 0.772826 0.844559 0.650932 0.534611 0.929941 0.937336 0.913121 0.867430 0.824327 0.798174 0.924842 0.882866 0.867531 0.733470 0.950400 0.946567 0.914515 0.807854 0.932443 0.913626 0.966603 0.822875 0.582338 0.695979 0.944550 0.823694
0.946565 0.917055 0.617932 0.712240 0.990510 0.801130 0.371606 0.556268 0.806810 0.628325 0.872256 0.983478 0.701486 0.804894 0.742205 0.896554 0.869359 0.969171 0.759311 0.881559 0.824825 0.709199 0.639676 0.989343 0.929231 0.824682 0.823338 0.908132 0.738904 0.692062 0.000000 0.416780 0.418727 0.371253 0.792562 0.789121 0.963659 0.912492 0.986749 0.924734 0.911668 0.967280 0.645278 0.706586 0.619630 0.735734 0.710368 0.767241 0.957931 0.885976 0.570264 0.567065 0.570792 0.494862 0.914976 0.873952 0.955527 0.935619 0.826914 0.883303 0.694585 0.932539 0.569311 0.732326 0.929664 0.964200 0.719589 0.743979 0.967865 0.920789 0.483064 0.621314 0.416459 0.491519 0.875725 0.861434 0.754236 0.589042 0.717424 0.765734 0.820655 0.918123 0.951601 0.952435 0.949287 0.897130 0.850540 0.956187 0.897027 0.871829 0.605040 0.745043 0.803918 0.973191 0.713569 0.962789 0.730007 0.821692 0.558430 0.641919 0.711310 0.595839 0.570048 0.584056 0.748379 0.671233 0.930326 0.862245 0.938446 0.875190 0.710512 0.777555 0.667295 0.761210 0.814627 0.896102
0.901685 0.905991 0.587173 0.614567 0.878644 0.762249 0.473674 0.482520 0.909558 0.673214 0.880445 0.850906 0.696621 0.578159 0.713803 0.692635 0.807334 0.845764 0.674004 0.810346 0.882305 0.896227 0.595876 0.770851 0.876252 0.854240 0.836832 0.969047 0.744447 0.638244 0.416780 0.000000 0.471908 0.418498 0.815497 0.788336 0.892076 0.981837 0.940637 0.996361 0.885602 0.981600 0.585099 0.587631 0.578637 0.644972 0.516198 0.640010 0.854423 0.805940 0.551729 0.559684 0.542327 0.609456 0.772154 0.985516 0.935058 0.970945 0.953150 0.927743 0.752994 0.885328 0.603495 0.721292 0.946542 0.900836 0.765266 0.735774 0.955455 0.857743 0.603963 0.772904 0.552918 0.580888 0.829774 0.911018 0.790736 0.660700 0.701183 0.696748 0.675420 0.740533 0.779407 0.923787 0.818786 0.829150 0.921983 0.777431 0.975468 0.995072 0.810722 0.969550 0.946146 0.855861 0.794375 0.887855 0.843473 0.891918 0.708882 0.654838 0.855778 0.779572 0.730006 0.741109 0.798717 0.691965 0.791047 0.987598 0.993147 0.818821 0.809309 0.693103 0.559701 0.783350 0.777996 0.829585
0.633217 0.816137 0.627922 0.795260 0.803443 0.845630 0.405797 0.466901 0.777055 0.504246 0.589196 0.706992 0.512400 0.636098 0.633197 0.785488 0.702707 0.748146 0.521296 0.650426 0.972933 0.755524 0.522268 0.980343 0.862804 0.985550 0.892485 0.927954 0.577846 0.564190 0.418727 0.471908 0.000000 0.355323 0.882017 0.754615 0.798126 0.826161 0.940437 0.880002 0.949268 0.911427 0.724850 0.707893 0.587738 0.629646 0.554586 0.662315 0.753130 0.716300 0.522651 0.575747 0.559472 0.720063 0.721441 0.944204 0.779251 0.776798 0.593055 0.696731 0.583773 0.804918 0.408682 0.480860 0.970604 0.913021 0.705451 0.784483 0.726937 0.624042 0.568977 0.745813 0.524684 0.590746 0.749152 0.997380 0.661280 0.735705 0.727122 0.745386 0.622054 0.696216 0.846914 0.933772 0.802449 0.922876 0.951925 0.931646 0.685221 0.811980 0.729970 0.810104 0.884120 0.924550 0.793383 0.976313 0.726051 0.750539 0.504211 0.552698 0.776628 0.726476 0.578952 0.548341 0.683923 0.642372 0.990729 0.929134 0.947959 0.805374 0.723360 0.645348 0.487224 0.696799 0.808557 0.917256
0.750551 0.785709 0.753655 0.826139 0.949386 0.862664 0.441577 0.457259 0.865570 0.571056 0.747337 0.760500 0.657019 0.668963 0.700157 0.888251 0.682052 0.707269 0.599368 0.752808 0.964619 0.787225 0.697768 0.891659 0.883952 0.994632 0.813197 0.896505 0.546488 0.524296 0.371253 0.418498 0.355323 0.000000 0.896998 0.739684 0.790791 0.899588 0.988493 0.959752 0.984720 0.982720 0.587792 0.568647 0.518039 0.556655 0.539279 0.573399 0.734480 0.668585 0.481596 0.501970 0.577511 0.633514 0.770555 0.834253 0.774872 0.779599 0.667226 0.663561 0.618660 0.859494 0.406905 0.483051 0.935895 0.933472 0.750996 0.689934 0.888895 0.711894 0.647540 0.800910 0.619012 0.601787 0.809902 0.890260 0.734211 0.637968 0.633947 0.668109 0.588501 0.699877 0.780833 0.875803 0.871405 0.943867 0.880830 0.835930 0.858205 0.964728 0.769685 0.924988 0.987000 0.850298 0.787323 0.966049 0.888951 0.790355 0.533702 0.572912 0.792100 0.750466 0.545277 0.603225 0.751876 0.672377 0.888190 0.958982 0.988662 0.835874 0.796324 0.646618 0.495391 0.661581 0.734517 0.772864
0.875895 0.747572 0.604109 0.632476 0.969178 0.787483 0.701486 0.751106 0.939514 0.758453 0.936439 0.911785 0.964736 0.993997 0.900630 0.904458 0.865306 0.748734 0.882217 0.856310 0.846005 0.995081 0.893858 0.906989 0.690643 0.535567 0.898822 0.950830 0.793076 0.723686 0.792562 0.815497 0.882017 0.896998 0.000000 0.915916 0.977023 0.821857 0.924491 0.860768 0.927298 0.854901 0.698910 0.803870 0.812699 0.873566 0.768305 0.819985 0.758959 0.939017 0.867061 0.874232 0.816017 0.732766 0.848395 0.939491 0.871923 0.780801 0.928994 0.903653 0.769641 0.878106 0.957678 0.889701 0.579528 0.571803 0.416559 0.449127 0.861872 0.793363 0.718706 0.757497 0.829277 0.906231 0.922436 0.975575 0.775119 0.844961 0.862418 0.817189 0.832413 0.818704 0.803673 0.817349 0.979848 0.826244 0.952933 0.927118 0.931137 0.863671 0.538392 0.778870 0.611008 0.699111 0.684351 0.827627 0.712715 0.827511 0.718685 0.683517 0.654773 0.721815 0.761341 0.852750 0.561422 0.691635 0.906008 0.812003 0.979723 0.987558 0.773548 0.711625 0.906494 0.822207 0.794651 0.942371
0.954746 0.947451 0.782931 0.709941 0.902997 0.902034 0.816674 0.883780 0.901865 0.955307 0.957968 0.894199 0.950986 0.973304 0.924862 0.842219 0.927885 0.996163 0.976656 0.971839 0.934917 0.775586 0.955564 0.929022 0.835777 0.735229 0.994105 0.991840 0.926904 0.996645 0.789121 0.788336 0.754615 0.739684 0.915916 0.000000 0.917187 0.688103 0.831394 0.932190 0.997969 0.926755 0.820101 0.859915 0.838254 0.905344 0.842523 0.903823 0.938689 0.996718 0.846562 0.834502 0.711845 0.759539 0.949646 0.992153 0.963528 0.954365 0.973745 0.978973 0.946514 0.934977 0.917144 0.989324 0.831003 0.834943 0.729441 0.741721 0.985099 0.957361 0.827353 0.914739 0.918657 0.791124 0.965602 0.775369 0.826576 0.663867 0.951127 0.901183 0.975214 0.907645 0.981419 0.881149 0.959249 0.982428 0.864981 0.885964 0.873449 0.950516 0.794621 0.925047 0.817556 0.864712 0.985316 0.986625 0.842416 0.859797 0.807558 0.807043 0.994167 0.748137 0.824098 0.795109 0.789275 0.821117 0.801619 0.860484 0.946301 0.996850 0.871024 0.922473 0.702494 0.858216 0.844707 0.917898
0.717269 0.719325 0.970737 0.962824 0.890225 0.914128 0.946028 0.876516 0.838650 0.938404 0.758980 0.752810 0.799220 0.877068 0.810257 0.996387 0.747202 0.716398 0.714548 0.782227 0.850436 0.772345 0.908587 0.916821 0.839593 0.901962 0.897234 0.984318 0.692149 0.783025 0.963659 0.892076 0.798126 0.790791 0.977023 0.917187 0.000000 0.785606 0.987781 0.846396 0.819904 0.892394 0.920100 0.807306 0.930385 0.833777 0.799759 0.734964 0.862628 0.825308 0.786853 0.782153 0.808759 0.908374 0.837800 0.954748 0.686287 0.744398 0.805770 0.839684 0.931770 0.864092 0.780931 0.769051 0.978456 0.894414 0.983860 0.969045 0.653618 0.650670 0.959149 0.971164 0.982080 0.897479 0.944746 0.845913 0.860678 0.907398 0.868171 0.928893 0.803765 0.758186 0.937602 0.941363 0.793374 0.970405 0.878148 0.940066 0.722904 0.781958 0.923468 0.937707 0.988336 0.962908 0.867517 0.877331 0.910699 0.876864 0.793846 0.786330 0.969621 0.990304 0.708690 0.744128 0.984245 0.781897 0.828704 0.935548 0.817752 0.748673 0.749489 0.658930 0.797126 0.796499 0.735217 0.955181
0.867085 0.985895 0.850969 0.868422 0.953739 0.987682 0.885961 0.875465 0.839538 0.923862 0.851098 0.938084 0.940033 0.999264 0.908846 0.858280 0.953485 0.977823 0.905108 0.864527 0.916966 0.772950 0.987522 0.764334 0.994155 0.899790 0.947127 0.982634 0.973316 0.996752 0.912492 0.981837 0.826161 0.899588 0.821857 0.688103 0.785606 0.000000 0.975639 0.949419 0.932018 0.653544 0.907518 0.934783 0.918119 0.954636 0.932572 0.840299 0.907124 0.916745 0.850048 0.839141 0.796532 0.807389 0.971547 0.939258 0.885263 0.997411 0.901872 0.931182 0.891031 0.888734 0.870487 0.940118 0.896976 0.918690 0.758175 0.852038 0.787768 0.958366 0.748135 0.841364 0.784449 0.780016 0.918651 0.980425 0.913347 0.729989 0.936005 0.924459 0.968364 0.984489 0.794631 0.738836 0.951428 0.880448 0.974971 0.690516 0.908964 0.891593 0.739950 0.755847 0.731795 0.696982 0.924954 0.806757 0.784866 0.793506 0.762996 0.739333 0.692369 0.875569 0.677790 0.681708 0.855680 0.895877 0.957396 0.834086 0.981462 0.894816 0.775930 0.732429 0.733720 0.644280 0.800984 0.950035
