0.000000 0.675741 0.862043 0.935245 0.921253 0.978021 0.961840 0.985375 0.828933 0.892274 0.621539 0.832781 0.901131 0.949405 0.971502 0.922778 0.726014 0.643957 0.853069 0.897474 0.870233 0.996270 0.889524 0.904728 0.989312 0.924374 0.844809 0.818963 0.853406 0.794123 0.913160 0.777426 0.860293 0.670918 0.996247 0.847800 0.990919 0.935967 0.913301 0.928304 0.861294 0.738187 0.779614 0.768405 0.792320 0.676326 0.814934 0.667711 0.713061 0.734064 0.657487 0.624630 0.822203 0.957626 0.853315 0.703700 0.632322 0.631398 0.677059 0.663826 0.735773 0.933444 0.671716 0.600902 0.859716 0.967453 0.752304 0.797190 0.848204 0.752228 0.983163 0.966884 0.998022 0.980509 0.895608 0.981429 0.963639 0.969493 0.756157 0.940729 0.499834 0.649759 0.840313 0.703107 0.976829 0.938661 0.904097 0.973658 0.977510 0.852057 0.933455 0.823563 0.902614 0.850163 0.883772 0.904671 0.895449 0.784900 0.753295 0.939479 0.891954 0.930343 0.762350 0.761866 0.966326 0.844584 0.983997 0.805144 0.963342 0.956224 0.946097 0.949275 0.909054 0.884232 0.917120 0.975682
0.675741 0.000000 0.925851 0.825723 0.833325 0.823620 0.852299 0.957555 0.665393 0.613615 0.995677 0.808950 0.927007 0.995491 0.889444 0.944492 0.782806 0.727432 0.918555 0.944629 0.848051 0.952647 0.812688 0.985686 0.756597 0.651855 0.949660 0.706299 0.899566 0.932258 0.956682 0.942381 0.923008 0.842360 0.820249 0.774073 0.833123 0.959254 0.831372 0.695281 0.754781 0.757737 0.630302 0.682901 0.957061 0.798599 0.596796 0.764767 0.958767 0.882134 0.728374 0.642755 0.986609 0.880655 0.732286 0.731563 0.604930 0.528745 0.681812 0.684108 0.987239 0.861848 0.806123 0.812880 0.968242 0.772475 0.634978 0.621264 0.811498 0.752285 0.979375 0.874793 0.937938 0.993287 0.884213 0.904182 0.908889 0.809120 0.883584 0.824228 0.715910 0.600425 0.797899 0.655826 0.895349 0.651154 0.981555 0.969992 0.990371 0.828058 0.985792 0.879266 0.696504 0.954700 0.925103 0.967381 0.898895 0.904059 0.970549 0.935750 0.895801 0.896584 0.954134 0.899130 0.856470 0.753071 0.996823 0.885527 0.886899 0.905349 0.987054 0.945558 0.965472 0.971490 0.773414 0.985591
0.862043 0.925851 0.000000 0.535037 0.914959 0.854499 0.606636 0.557814 0.799779 0.872419 0.972609 0.775091 0.792400 0.864219 0.916527 0.757917 0.783592 0.774894 0.846923 0.900002 0.832037 0.838300 0.761628 0.629830 0.655338 0.868824 0.916360 0.905093 0.923044 0.995961 0.843575 0.929138 0.929060 0.982347 0.975726 0.945392 0.842105 0.885085 0.756290 0.979976 0.955200 0.921004 0.975303 0.856642 0.733884 0.656617 0.970196 0.958041 0.641574 0.663441 0.693123 0.705632 0.827569 0.738521 0.997058 0.833230 0.825768 0.729435 0.666644 0.812167 0.867948 0.617821 0.616535 0.704199 0.559909 0.650884 0.982774 0.891533 0.948335 0.896764 0.907866 0.856397 0.888661 0.920633 0.990763 0.838980 0.965238 0.981808 0.908986 0.966265 0.817498 0.889708 0.952260 0.906744 0.809761 0.745235 0.869734 0.937598 0.683336 0.918264 0.856842 0.735567 0.857433 0.625640 0.892995 0.765237 0.975572 0.951055 0.941307 0.915525 0.942674 0.948634 0.705152 0.757356 0.930363 0.922261 0.828593 0.987680 0.955811 0.879404 0.905220 0.890396 0.846083 0.803244 0.965583 0.918738
0.935245 0.825723 0.535037 0.000000 0.891535 0.859242 0.841152 0.435176 0.975878 0.946364 0.916409 0.828324 0.912849 0.966203 0.708836 0.999744 0.812609 0.823658 0.990443 0.926794 0.894607 0.990780 0.911044 0.760180 0.605849 0.676949 0.910056 0.966453 0.647418 0.831778 0.945821 0.978441 0.828122 0.880078 0.884035 0.966427 0.839352 0.851604 0.665057 0.785576 0.957276 0.958182 0.970321 0.885720 0.528486 0.588996 0.977720 0.983490 0.567261 0.671871 0.694631 0.775316 0.668265 0.596907 0.967043 0.944954 0.957112 0.934291 0.847437 0.924010 0.843186 0.837273 0.611407 0.655986 0.744113 0.553357 0.890678 0.910504 0.745935 0.939473 0.929889 0.986514 0.950816 0.978668 0.962148 0.947091 0.979442 0.933500 0.927632 0.935338 0.832792 0.782357 0.827048 0.945269 0.996965 0.736155 0.956890 0.807428 0.780329 0.928456 0.973269 0.833400 0.796002 0.691426 0.970810 0.856757 0.949150 0.861458 0.662057 0.851832 0.946636 0.956330 0.765324 0.812608 0.841664 0.790662 0.844973 0.982681 0.828347 0.848031 0.971566 0.725114 0.889754 0.888499 0.991631 0.799371
0.921253 0.833325 0.914959 0.891535 0.000000 0.971903 0.769536 0.892484 0.697320 0.834323 0.973695 0.910874 0.658904 0.692940 0.678509 0.629611 0.959928 0.948762 0.817546 0.996338 0.819130 0.988839 0.594245 0.709807 0.968310 0.811155 0.887064 0.857019 0.890789 0.964839 0.968468 0.957672 0.892575 0.968936 0.898466 0.988499 0.838104 0.941438 0.884537 0.793832 0.910321 0.813935 0.995704 0.840911 0.854755 0.963675 0.919980 0.976371 0.984561 0.944660 0.919557 0.983330 0.936141 0.816818 0.892418 0.992666 0.763149 0.771584 0.872418 0.768209 0.754898 0.793177 0.919928 0.981193 0.688993 0.947284 0.923251 0.816917 0.834565 0.759803 0.848913 0.995296 0.957183 0.993467 0.934579 0.865141 0.920297 0.938713 0.995768 0.940906 0.762412 0.892812 0.811723 0.846309 0.612839 0.919949 0.773334 0.785802 0.933205 0.860908 0.705094 0.690612 0.999048 0.731885 0.875763 0.953797 0.869618 0.720097 0.827490 0.659313 0.886012 0.830120 0.908530 0.920236 0.920795 0.957628 0.994613 0.835758 0.969239 0.792767 0.821765 0.916541 0.924460 0.986566 0.941673 0.842686
0.978021 0.823620 0.854499 0.859242 0.971903 0.000000 0.950115 0.968641 0.899077 0.800831 0.988142 0.832145 0.944811 0.898015 0.899181 0.834413 0.917319 0.924966 0.908699 0.940978 0.846616 0.922979 0.924871 0.796954 0.590567 0.590619 0.858912 0.667043 0.880987 0.837367 0.957646 0.886257 0.887949 0.904505 0.656418 0.821306 0.891631 0.936188 0.801813 0.757024 0.759964 0.995373 0.908496 0.910568 0.895061 0.847181 0.867339 0.946102 0.784900 0.766426 0.953223 0.947521 0.876459 0.803212 0.939696 0.873226 0.926886 0.873550 0.902511 0.962097 0.917381 0.875694 0.939436 0.980759 0.626148 0.628457 0.649062 0.706125 0.962727 0.974693 0.958723 0.712970 0.963081 0.967052 0.801779 0.991397 0.995265 0.780811 0.903222 0.957806 0.933765 0.811556 0.798183 0.891318 0.722033 0.573692 0.802237 0.951228 0.927915 0.807228 0.805310 0.950687 0.719988 0.882748 0.942950 0.782390 0.944544 0.950849 0.935124 0.914705 0.897601 0.938564 0.880637 0.864241 0.793974 0.776285 0.798345 0.948382 0.975175 0.917680 0.953518 0.915335 0.927768 0.995391 0.882044 0.762876
0.961840 0.852299 0.606636 0.841152 0.769536 0.950115 0.000000 0.631834 0.638196 0.523258 0.840459 0.885064 0.499147 0.630624 0.613496 0.653860 0.999735 0.986468 0.462933 0.705502 0.676490 0.899405 0.482663 0.700133 0.975074 0.682018 0.963134 0.787638 0.713294 0.629155 0.732116 0.595943 0.708584 0.845168 0.837564 0.931733 0.821060 0.897842 0.857567 0.667943 0.890263 0.906262 0.872426 0.876321 0.997238 0.881720 0.791870 0.984901 0.890022 0.995903 0.727504 0.790972 0.956151 0.994254 0.932689 0.782679 0.840166 0.681713 0.722240 0.807150 0.672332 0.714260 0.913401 0.961980 0.740783 0.930494 0.854937 0.652646 0.842123 0.763801 0.858497 0.698582 0.728289 0.785715 0.867476 0.826905 0.907793 0.954556 0.918734 0.918957 0.962503 0.997564 0.997406 0.878558 0.706955 0.937899 0.938439 0.731749 0.704282 0.911177 0.676252 0.592977 0.879130 0.669898 0.976109 0.973752 0.933352 0.864133 0.861788 0.642263 0.989205 0.696912 0.861920 0.853376 0.997411 0.900903 0.844210 0.903943 0.981791 0.974015 0.888976 0.972303 0.955530 0.874096 0.843327 0.856588
0.985375 0.957555 0.557814 0.435176 0.892484 0.968641 0.631834 0.000000 0.925197 0.778013 0.890830 0.767128 0.967295 0.988615 0.825865 0.997086 0.900698 0.878251 0.781171 0.811297 0.795131 0.973829 0.998424 0.826510 0.773970 0.866166 0.984357 0.896070 0.892788 0.880906 0.974844 0.767800 0.979950 0.939184 0.745620 0.982961 0.929199 0.954019 0.842618 0.988569 0.963423 0.951104 0.882447 0.875596 0.577695 0.642541 0.879490 0.974972 0.661276 0.825280 0.686964 0.742000 0.758995 0.665374 0.894967 0.914571 0.941560 0.858268 0.859893 0.871340 0.987137 0.754480 0.744793 0.800068 0.880242 0.750985 0.963292 0.924422 0.825379 0.979788 0.988771 0.795231 0.783783 0.927618 0.870133 0.964047 0.997135 0.948192 0.882927 0.900692 0.958811 0.806109 0.772366 0.816135 0.935326 0.959176 0.903600 0.904468 0.833687 0.918179 0.845170 0.824474 0.784704 0.717865 0.869199 0.926263 0.907674 0.888295 0.811850 0.986409 0.827156 0.896010 0.928194 0.843370 0.976459 0.830190 0.834320 0.907993 0.934030 0.914800 0.902537 0.815647 0.804494 0.862428 0.879179 0.999782
0.828933 0.665393 0.799779 0.975878 0.697320 0.899077 0.638196 0.925197 0.000000 0.472475 0.893230 0.968421 0.653043 0.791976 0.659252 0.594524 0.948329 0.836091 0.605861 0.915307 0.834816 0.926196 0.552979 0.725467 0.847579 0.698340 0.905810 0.746964 0.791007 0.757125 0.736884 0.879987 0.957256 0.966850 0.936486 0.848485 0.830013 0.840866 0.768037 0.691294 0.831756 0.876241 0.881640 0.889505 0.905014 0.956945 0.760097 0.817788 0.930825 0.918892 0.825651 0.869004 0.791079 0.725857 0.767855 0.806766 0.664716 0.625819 0.686407 0.672817 0.888216 0.760516 0.856058 0.918271 0.810879 0.810608 0.734911 0.585953 0.741125 0.767640 0.764932 0.818022 0.927257 0.987503 0.852678 0.960742 0.976366 0.979802 0.916593 0.943201 0.872732 0.814384 0.964815 0.716122 0.833860 0.787156 0.905336 0.779217 0.917654 0.945288 0.769596 0.578934 0.825419 0.729252 0.976909 0.978303 0.836431 0.808515 0.839163 0.772035 0.837351 0.756462 0.886437 0.941282 0.762892 0.837706 0.894090 0.995921 0.996529 0.848487 0.971340 0.903096 0.881967 0.993378 0.854966 0.942576
0.892274 0.613615 0.872419 0.946364 0.834323 0.800831 0.523258 0.778013 0.472475 0.000000 0.780365 0.933134 0.685438 0.809204 0.693289 0.752694 0.932410 0.917112 0.526417 0.837908 0.791932 0.989379 0.611812 0.899492 0.717182 0.590911 0.999614 0.679314 0.657090 0.580606 0.704920 0.678186 0.905320 0.866820 0.744852 0.832450 0.843547 0.847068 0.717505 0.569939 0.816369 0.841309 0.754728 0.910465 0.911685 0.994487 0.658741 0.909012 0.858060 0.817820 0.795459 0.822945 0.797354 0.747328 0.855652 0.769910 0.769142 0.658621 0.747666 0.801286 0.848321 0.813352 0.975697 0.962323 0.975637 0.644977 0.662035 0.519496 0.783111 0.798026 0.862302 0.705749 0.787732 0.904833 0.953206 0.950949 0.865643 0.963642 0.963281 0.986813 0.999756 0.810655 0.926387 0.688628 0.974752 0.608093 0.966799 0.761099 0.902564 0.961214 0.794735 0.632077 0.842670 0.764272 0.932393 0.937826 0.851483 0.887673 0.859787 0.746189 0.927823 0.714803 0.995315 0.939131 0.796746 0.768151 0.956083 0.926899 0.927877 0.909403 0.911328 0.965962 0.912967 0.947927 0.736170 0.896507
0.621539 0.995677 0.972609 0.916409 0.973695 0.988142 0.840459 0.890830 0.893230 0.780365 0.000000 0.777851 0.741610 0.826009 0.870146 0.887148 0.748511 0.667047 0.708790 0.777786 0.927158 0.973107 0.946285 0.991889 0.935408 0.921833 0.870880 0.972054 0.691600 0.626683 0.739555 0.742055 0.677554 0.675893 0.892916 0.973191 0.948248 0.942748 0.828433 0.988285 0.968493 0.827657 0.964516 0.867762 0.901695 0.861618 0.869240 0.906511 0.814298 0.816809 0.840333 0.848489 0.788944 0.938384 0.986666 0.782491 0.873475 0.905059 0.858011 0.813447 0.734400 0.774903 0.797843 0.624691 0.897336 0.861107 0.853756 0.993662 0.990610 0.926227 0.912922 0.899878 0.998098 0.977110 0.996032 0.964891 0.972177 0.997774 0.864777 0.921863 0.717900 0.707384 0.977316 0.867890 0.948502 0.880367 0.811485 0.982763 0.922856 0.829514 0.925316 0.897981 0.981319 0.869704 0.884453 0.996521 0.907468 0.888616 0.824509 0.884508 0.863674 0.929584 0.787139 0.903061 0.919596 0.963268 0.982606 0.983390 0.889373 0.970830 0.984578 0.955056 0.976449 0.856936 0.988466 0.961720
0.832781 0.808950 0.775091 0.828324 0.910874 0.832145 0.885064 0.767128 0.968421 0.933134 0.777851 0.000000 0.832843 0.708088 0.976299 0.831525 0.889435 0.925590 0.932703 0.886371 0.878680 0.926498 0.985365 0.805438 0.754183 0.773100 0.892930 0.965668 0.951085 0.994778 0.906962 0.968137 0.746992 0.793696 0.816121 0.834757 0.817603 0.911349 0.928013 0.872733 0.979203 0.976642 0.899256 0.952788 0.961844 0.949761 0.890958 0.993228 0.894904 0.999124 0.852304 0.834454 0.976129 0.917065 0.866393 0.719759 0.904904 0.939340 0.858819 0.868165 0.753841 0.599850 0.985075 0.854259 0.861447 0.698064 0.631265 0.765971 0.942073 0.956151 0.956621 0.945789 0.918638 0.874124 0.924235 0.845955 0.957819 0.944241 0.950840 0.905858 0.972825 0.679290 0.916371 0.911932 0.869039 0.761163 0.957797 0.995493 0.951045 0.782275 0.812776 0.937877 0.734622 0.949692 0.912463 0.904312 0.795725 0.921138 0.950894 0.895301 0.772734 0.866433 0.890311 0.951621 0.932741 0.778538 0.969949 0.983069 0.977277 0.963006 0.910132 0.999699 0.822105 0.979800 0.926710 0.906188
0.901131 0.927007 0.792400 0.912849 0.658904 0.944811 0.499147 0.967295 0.653043 0.685438 0.741610 0.832843 0.000000 0.510471 0.433336 0.455283 0.886142 0.805513 0.492489 0.708585 0.826771 0.929260 0.428292 0.625126 0.993916 0.730235 0.987089 0.890595 0.651630 0.675535 0.715259 0.703787 0.605468 0.754519 0.938239 0.972499 0.865775 0.961826 0.863747 0.798840 0.960796 0.975095 0.920355 0.918441 0.706404 0.881957 0.988692 0.974776 0.908931 0.923590 0.997399 0.932511 0.735247 0.815202 0.839283 0.971090 0.969428 0.825023 0.846320 0.717938 0.506431 0.709938 0.919628 0.835174 0.655032 0.940553 0.960049 0.805572 0.810854 0.753979 0.780482 0.851470 0.844106 0.780539 0.927656 0.824976 0.823991 0.876146 0.943129 0.960050 0.983755 0.953556 0.801551 0.964276 0.537422 0.935195 0.865995 0.639169 0.750143 0.835767 0.730424 0.694200 0.928210 0.815759 0.977874 0.972354 0.878003 0.844480 0.708448 0.568649 0.970650 0.697322 0.881517 0.981630 0.910265 0.906118 0.966749 0.999198 0.973039 0.882831 0.985110 0.860451 0.854583 0.997249 0.972326 0.935804
0.949405 0.995491 0.864219 0.966203 0.692940 0.898015 0.630624 0.988615 0.791976 0.809204 0.826009 0.708088 0.510471 0.000000 0.609002 0.577553 0.938404 0.925313 0.658192 0.755612 0.843460 0.786111 0.555395 0.593798 0.964948 0.857243 0.997274 0.934113 0.722242 0.883407 0.881264 0.793647 0.663735 0.779998 0.764996 0.837603 0.861060 0.969903 0.911311 0.797305 0.960519 0.958832 0.970256 0.987194 0.816391 0.942297 0.991478 0.926970 0.993395 0.935742 0.979099 0.879380 0.839846 0.837925 0.920873 0.996058 0.980818 0.922906 0.976484 0.862061 0.568191 0.692133 0.834054 0.804085 0.706497 0.939695 0.890457 0.997336 0.776795 0.831714 0.927842 0.943432 0.966551 0.875081 0.981797 0.740605 0.912864 0.942199 0.994263 0.964461 0.964200 0.881226 0.715607 0.846462 0.537762 0.795754 0.915688 0.595487 0.751660 0.757771 0.776885 0.837965 0.865101 0.901882 0.960822 0.944087 0.924959 0.817417 0.891977 0.720267 0.994117 0.880107 0.923232 0.877721 0.910195 0.974581 0.947576 0.993378 0.991595 0.977775 0.884779 0.942315 0.932958 0.962331 0.981806 0.961797
0.971502 0.889444 0.916527 0.708836 0.678509 0.899181 0.613496 0.825865 0.659252 0.693289 0.870146 0.976299 0.433336 0.609002 0.000000 0.477125 0.911963 0.832093 0.613764 0.855032 0.889484 0.895841 0.400674 0.728325 0.925997 0.719528 0.925732 0.939734 0.570262 0.691292 0.742070 0.767020 0.639120 0.830147 0.898559 0.935143 0.824832 0.829493 0.755139 0.743195 0.938908 0.946054 0.975632 0.976213 0.670227 0.839843 0.949034 0.968643 0.831763 0.877675 0.951797 0.956374 0.742083 0.747006 0.873568 0.844706 0.889897 0.873543 0.822852 0.669255 0.638202 0.899580 0.897163 0.837183 0.683675 0.790880 0.863204 0.710472 0.627468 0.698993 0.908138 0.933597 0.834453 0.891703 0.946148 0.877984 0.886825 0.922259 0.972236 0.995035 0.998621 0.924350 0.724761 0.972897 0.554459 0.972062 0.820679 0.618196 0.875347 0.922382 0.777450 0.670318 0.984785 0.832490 0.998777 0.909818 0.801279 0.719530 0.744777 0.622578 0.881213 0.837146 0.860803 0.922845 0.997886 0.834852 0.919663 0.984173 0.969561 0.887078 0.960137 0.769951 0.818083 0.975702 0.993282 0.901185
0.922778 0.944492 0.757917 0.999744 0.629611 0.834413 0.653860 0.997086 0.594524 0.752694 0.887148 0.831525 0.455283 0.577553 0.477125 0.000000 0.965403 0.919251 0.666971 0.785657 0.896056 0.965870 0.439023 0.538372 0.858458 0.901820 0.816008 0.979710 0.733373 0.809375 0.750327 0.880774 0.752569 0.945805 0.889963 0.970375 0.982594 0.982262 0.936595 0.863817 0.978913 0.948802 0.878389 0.967138 0.855454 0.998552 0.989777 0.895374 0.993623 0.955280 0.882173 0.975476 0.842280 0.863588 0.834010 0.951167 0.882859 0.837683 0.735315 0.627345 0.754308 0.776904 0.913671 0.989937 0.517386 0.961459 0.899233 0.749015 0.744403 0.739179 0.809990 0.933926 0.909225 0.842969 0.920291 0.817026 0.911307 0.906839 0.943130 0.991770 0.860501 0.937401 0.726323 0.979323 0.511554 0.822007 0.867189 0.667641 0.826329 0.775127 0.752744 0.602162 0.967749 0.657290 0.943019 0.957578 0.786467 0.697577 0.865887 0.693014 0.923740 0.833166 0.744377 0.865681 0.946376 0.901206 0.887748 0.942374 0.969119 0.921179 0.865703 0.856978 0.834725 0.935973 0.901669 0.882963
0.726014 0.782806 0.783592 0.812609 0.959928 0.917319 0.999735 0.900698 0.948329 0.932410 0.748511 0.889435 0.886142 0.938404 0.911963 0.965403 0.000000 0.573898 0.872509 0.913367 0.989155 0.966507 0.972068 0.827322 0.838029 0.887723 0.845793 0.941802 0.732659 0.630316 0.801255 0.783773 0.743654 0.685676 0.916370 0.942314 0.981305 0.993737 0.824645 0.976309 0.970145 0.833602 0.911298 0.656925 0.726960 0.635179 0.893599 0.934858 0.748870 0.654949 0.718908 0.711117 0.752454 0.806826 0.995558 0.795064 0.686387 0.714014 0.774871 0.894748 0.854873 0.904409 0.598373 0.584289 0.769481 0.763672 0.968103 0.920678 0.999565 0.894956 0.960814 0.910146 0.985185 0.923952 0.887857 0.829672 0.824744 0.937853 0.677214 0.765353 0.628765 0.903809 0.942726 0.882161 0.939730 0.881366 0.845141 0.890412 0.972349 0.859365 0.963679 0.900657 0.871657 0.787644 0.956008 0.896349 0.911101 0.866168 0.826522 0.911812 0.947395 0.912628 0.731307 0.731671 0.977229 0.989123 0.928202 0.995009 0.954517 0.957067 0.860233 0.866918 0.868587 0.816971 0.890464 0.953382
0.643957 0.727432 0.774894 0.823658 0.948762 0.924966 0.986468 0.878251 0.836091 0.917112 0.667047 0.925590 0.805513 0.925313 0.832093 0.919251 0.573898 0.000000 0.879654 0.818989 0.996452 0.904144 0.955348 0.905133 0.997799 0.939372 0.890386 0.783656 0.742839 0.712909 0.795450 0.827943 0.666295 0.761663 0.921072 0.867452 0.927732 0.971620 0.893742 0.908483 0.887920 0.726980 0.889809 0.689870 0.768982 0.701053 0.804293 0.806884 0.801447 0.778165 0.745221 0.731483 0.821553 0.923860 0.906618 0.785309 0.627513 0.638804 0.784213 0.838800 0.825825 0.848213 0.593825 0.554245 0.885370 0.816514 0.871880 0.858786 0.983025 0.962600 0.964838 0.991818 0.896033 0.891689 0.997768 0.953416 0.798219 0.848682 0.683896 0.816160 0.673111 0.686626 0.827116 0.689908 0.913139 0.951883 0.971802 0.819894 0.985110 0.878154 0.984204 0.903025 0.987550 0.863303 0.920592 0.859482 0.905394 0.918983 0.822324 0.886658 0.971905 0.931066 0.836268 0.845904 0.909830 0.943313 0.835712 0.960559 0.866738 0.971098 0.976884 0.945070 0.954173 0.811583 0.832589 0.995254
0.853069 0.918555 0.846923 0.990443 0.817546 0.908699 0.462933 0.781171 0.605861 0.526417 0.708790 0.932703 0.492489 0.658192 0.613764 0.666971 0.872509 0.879654 0.000000 0.661809 0.798886 0.917379 0.533713 0.803376 0.806197 0.648670 0.949774 0.784919 0.658240 0.555016 0.680453 0.640050 0.755173 0.694238 0.825939 0.971923 0.787400 0.887498 0.712389 0.673388 0.922228 0.989231 0.973002 0.977237 0.844659 0.913670 0.802818 0.925416 0.861835 0.760601 0.924758 0.959619 0.756258 0.835079 0.878067 0.877252 0.962805 0.841639 0.896085 0.941490 0.637766 0.772505 0.876707 0.848083 0.875975 0.802299 0.905905 0.707113 0.929883 0.823464 0.809598 0.828049 0.789250 0.863422 0.968283 0.954458 0.805671 0.990775 0.982105 0.940813 0.877663 0.952808 0.903409 0.901414 0.735578 0.873420 0.975558 0.672240 0.796046 0.881204 0.657206 0.635309 0.884125 0.777864 0.954619 0.876626 0.963341 0.880297 0.802971 0.659609 0.957767 0.700753 0.967116 0.955056 0.921507 0.903419 0.918889 0.788924 0.974857 0.915080 0.950774 0.839203 0.856423 0.958968 0.914138 0.887032
0.897474 0.944629 0.900002 0.926794 0.996338 0.940978 0.705502 0.811297 0.915307 0.837908 0.777786 0.886371 0.708585 0.755612 0.855032 0.785657 0.913367 0.818989 0.661809 0.000000 0.759344 0.867465 0.795421 0.852109 0.984800 0.901370 0.980605 0.887283 0.828829 0.704609 0.891798 0.782534 0.873678 0.866043 0.831148 0.916229 0.902928 0.928432 0.921246 0.883991 0.951865 0.964427 0.993716 0.900356 0.942153 0.976974 0.898418 0.998066 0.949759 0.991680 0.914494 0.926287 0.932965 0.951110 0.951923 0.848900 0.926254 0.949583 0.935986 0.994584 0.862929 0.903753 0.983300 0.980872 0.900386 0.995151 0.957456 0.845293 0.992978 0.907807 0.781192 0.810984 0.891983 0.826558 0.746717 0.952143 0.835895 0.986258 0.888628 0.952372 0.948138 0.836086 0.914084 0.874831 0.862450 0.989608 0.996079 0.776880 0.785297 0.841896 0.964521 0.881883 0.883284 0.877659 0.964522 0.891598 0.974578 0.997125 0.863736 0.883152 0.984935 0.835114 0.907711 0.988672 0.967263 0.987624 0.914965 0.865252 0.980102 0.956651 0.980587 0.935346 0.989179 0.914645 0.936499 0.986615
0.870233 0.848051 0.832037 0.894607 0.819130 0.846616 0.676490 0.795131 0.834816 0.791932 0.927158 0.878680 0.826771 0.843460 0.889484 0.896056 0.989155 0.996452 0.798886 0.759344 0.000000 0.928750 0.744415 0.890448 0.899760 0.836315 0.938548 0.849067 0.948963 0.879856 0.968575 0.771540 0.920719 0.957819 0.960605 0.965315 0.867240 0.824697 0.891621 0.748440 0.904467 0.812614 0.803656 0.849021 0.874111 0.791109 0.853772 0.957582 0.824415 0.948469 0.807837 0.854051 0.962123 0.978526 0.956294 0.934908 0.777885 0.708211 0.848990 0.901868 0.897308 0.808080 0.871441 0.893793 0.906164 0.970711 0.880580 0.804302 0.887227 0.716160 0.829423 0.863614 0.779204 0.830988 0.920521 0.959880 0.936172 0.984313 0.947158 0.975538 0.791513 0.954518 0.960294 0.826359 0.871345 0.940305 0.981929 0.866455 0.956268 0.983752 0.870731 0.749489 0.978424 0.803751 0.892991 0.834885 0.949457 0.973928 0.967891 0.929577 0.874512 0.743633 0.973368 0.829708 0.979242 0.993193 0.882444 0.945310 0.978970 0.928663 0.998240 0.941400 0.904109 0.922700 0.870514 0.903660
0.996270 0.952647 0.838300 0.990780 0.988839 0.922979 0.899405 0.973829 0.926196 0.989379 0.973107 0.926498 0.929260 0.786111 0.895841 0.965870 0.966507 0.904144 0.917379 0.867465 0.928750 0.000000 0.939891 0.925544 0.976280 0.936465 0.973520 0.960141 0.970860 0.951988 0.917774 0.902850 0.905534 0.990124 0.933887 0.935842 0.861010 0.924306 0.998648 0.995967 0.964354 0.913877 0.888326 0.925220 0.932223 0.953487 0.959008 0.981705 0.892582 0.965938 0.885635 0.920576 0.825568 0.951171 0.951383 0.955395 0.977595 0.981000 0.974925 0.975423 0.954879 0.853242 0.902588 0.974557 0.962709 0.933919 0.990375 0.946536 0.882137 0.933843 0.916077 0.924611 0.965338 0.996753 0.935175 0.929392 0.901563 0.970929 0.958246 0.839495 0.926401 0.888050 0.981233 0.889515 0.895411 0.974938 0.862863 0.830682 0.857901 0.947119 0.981885 0.946081 0.984396 0.950641 0.834783 0.737566 0.990280 0.904683 0.867973 0.939375 0.943843 0.850277 0.970429 0.885297 0.890183 0.928546 0.960993 0.968806 0.887555 0.979815 0.952280 0.933662 0.955733 0.938044 0.938424 0.989499
0.889524 0.812688 0.761628 0.911044 0.594245 0.924871 0.482663 0.998424 0.552979 0.611812 0.946285 0.985365 0.428292 0.555395 0.400674 0.439023 0.972068 0.955348 0.533713 0.795421 0.744415 0.939891 0.000000 0.570726 0.981905 0.667252 0.853960 0.891228 0.699766 0.739632 0.759090 0.785367 0.713177 0.941610 0.942286 0.957911 0.804116 0.879480 0.793885 0.649157 0.931739 0.889598 0.951047 0.892633 0.804407 0.987602 0.856232 0.935989 0.965342 0.965129 0.826636 0.979732 0.803926 0.776776 0.796985 0.809764 0.794071 0.779436 0.764891 0.677136 0.640500 0.779666 0.976990 0.968993 0.573319 0.914418 0.828352 0.662258 0.689930 0.689801 0.860329 0.912127 0.806316 0.852498 0.950412 0.890556 0.878372 0.924520 0.986118 0.940659 0.886100 0.938774 0.720490 0.973225 0.468641 0.909021 0.815356 0.584006 0.805914 0.877197 0.667457 0.520160 0.957849 0.678548 0.998684 0.999026 0.828552 0.732407 0.830048 0.609261 0.934196 0.731783 0.771774 0.867271 0.962537 0.867758 0.962866 0.973474 0.999457 0.929107 0.998566 0.845498 0.834447 0.959302 0.994708 0.963454
0.904728 0.985686 0.629830 0.760180 0.709807 0.796954 0.700133 0.826510 0.725467 0.899492 0.991889 0.805438 0.625126 0.593798 0.728325 0.538372 0.827322 0.905133 0.803376 0.852109 0.890448 0.925544 0.570726 0.000000 0.678742 0.988785 0.789414 0.944008 0.973287 0.975092 0.921596 0.954817 0.869893 0.990424 0.864455 0.986193 0.952900 0.831057 0.878581 0.948502 0.904884 0.966044 0.987490 0.845168 0.921603 0.761406 0.990657 0.933197 0.730316 0.783087 0.822769 0.969845 0.946586 0.959895 0.890120 0.941631 0.842427 0.882609 0.834077 0.832766 0.790878 0.694285 0.841957 0.884228 0.484401 0.692449 0.937443 0.945638 0.866293 0.835800 0.842783 0.982638 0.960135 0.976823 0.919788 0.863468 0.996256 0.832992 0.970090 0.882698 0.760197 0.912216 0.809895 0.972734 0.512543 0.618259 0.751133 0.749971 0.699914 0.843340 0.817885 0.750654 0.896276 0.693377 0.944255 0.855046 0.867886 0.940886 0.952397 0.777289 0.995183 0.919562 0.596458 0.810873 0.823729 0.817523 0.952380 0.970429 0.889286 0.969815 0.925833 0.990306 0.945969 0.913295 0.897223 0.833390
0.989312 0.756597 0.655338 0.605849 0.968310 0.590567 0.975074 0.773970 0.847579 0.717182 0.935408 0.754183 0.993916 0.964948 0.925997 0.858458 0.838029 0.997799 0.806197 0.984800 0.899760 0.976280 0.981905 0.678742 0.000000 0.538524 0.750065 0.805074 0.752687 0.744786 0.987572 0.780806 0.948011 0.972606 0.799419 0.866499 0.758705 0.715618 0.593731 0.672709 0.875006 0.947162 0.876610 0.906188 0.698256 0.714180 0.804626 0.907980 0.612301 0.563424 0.851269 0.932684 0.672105 0.607406 0.849023 0.924293 0.992666 0.910734 0.954279 0.996466 0.971299 0.811784 0.775922 0.834362 0.568508 0.464557 0.700925 0.701960 0.880071 0.982459 0.962398 0.875231 0.939687 0.930440 0.997713 0.994712 0.955008 0.777753 0.935655 0.990580 0.884901 0.764026 0.938134 0.768021 0.816684 0.487645 0.714317 0.843782 0.808275 0.908963 0.991677 0.978793 0.728044 0.817706 0.904631 0.792106 0.939575 0.955693 0.791537 0.968660 0.805293 0.886870 0.753906 0.783872 0.731076 0.655859 0.985656 0.851238 0.927023 0.815675 0.972274 0.876389 0.851922 0.988779 0.831156 0.743340
0.924374 0.651855 0.868824 0.676949 0.811155 0.590619 0.682018 0.866166 0.698340 0.590911 0.921833 0.773100 0.730235 0.857243 0.719528 0.901820 0.887723 0.939372 0.648670 0.901370 0.836315 0.936465 0.667252 0.988785 0.538524 0.000000 0.907960 0.650742 0.707212 0.625620 0.856793 0.788420 0.880683 0.977734 0.818798 0.868841 0.724783 0.829340 0.620307 0.560668 0.851954 0.966897 0.777498 0.985859 0.717613 0.819157 0.743355 0.967214 0.759071 0.704861 0.979918 0.946152 0.736365 0.684488 0.744933 0.783531 0.920476 0.766607 0.853240 0.838490 0.857323 0.916515 0.810808 0.881072 0.802221 0.490336 0.595921 0.565917 0.784698 0.866795 0.919018 0.793147 0.860120 0.942682 0.888450 0.957245 0.948776 0.868050 0.946247 0.936410 0.990433 0.714784 0.938374 0.825313 0.973836 0.571954 0.914834 0.689960 0.992194 0.845537 0.900350 0.847575 0.771936 0.945962 0.970425 0.788142 0.873185 0.847158 0.791877 0.770482 0.883188 0.774496 0.960829 0.899598 0.823773 0.699037 0.941036 0.933799 0.943551 0.894670 0.925744 0.938279 0.942944 0.998721 0.895467 0.744239
0.844809 0.949660 0.916360 0.910056 0.887064 0.858912 0.963134 0.984357 0.905810 0.999614 0.870880 0.892930 0.987089 0.997274 0.925732 0.816008 0.845793 0.890386 0.949774 0.980605 0.938548 0.973520 0.853960 0.789414 0.750065 0.907960 0.000000 0.957350 0.936471 0.820552 0.978160 0.801121 0.902114 0.838855 0.987837 0.850872 0.944397 0.839117 0.851760 0.958602 0.959602 0.931892 0.913751 0.812000 0.843382 0.805698 0.968332 0.893284 0.807143 0.752123 0.811912 0.884765 0.892846 0.920687 0.942560 0.891919 0.816157 0.918764 0.842177 0.827099 0.894801 0.992196 0.815922 0.767200 0.694091 0.814737 0.904749 0.927474 0.974729 0.939228 0.967907 0.899445 0.957172 0.882659 0.957701 0.938153 0.922985 0.972561 0.871764 0.912816 0.873000 0.955067 0.864636 0.939664 0.801677 0.788941 0.815712 0.961928 0.870962 0.968868 0.995481 0.805966 0.967569 0.849623 0.980052 0.925915 0.977395 0.975277 0.887052 0.957502 0.928057 0.909510 0.659379 0.753271 0.978437 0.903423 0.873721 0.946144 0.986590 0.969659 0.939591 0.986135 0.960306 0.953200 0.852994 0.785449
0.818963 0.706299 0.905093 0.966453 0.857019 0.667043 0.787638 0.896070 0.746964 0.679314 0.972054 0.965668 0.890595 0.934113 0.939734 0.979710 0.941802 0.783656 0.784919 0.887283 0.849067 0.960141 0.891228 0.944008 0.805074 0.650742 0.957350 0.000000 0.919416 0.827448 0.928871 0.974705 0.876927 0.980006 0.740828 0.859383 0.913073 0.989630 0.847681 0.774073 0.850595 0.860528 0.801735 0.871029 0.972549 0.960685 0.834608 0.956747 0.984853 0.939574 0.867952 0.815366 0.991070 0.894843 0.818655 0.866427 0.853118 0.702259 0.818168 0.925305 0.998632 0.883697 0.927325 0.867380 0.883045 0.819043 0.738323 0.695701 0.982877 0.939188 0.844000 0.756171 0.880517 0.999490 0.825411 0.978187 0.955025 0.894766 0.895999 0.943761 0.866555 0.835427 0.852413 0.744961 0.913203 0.731133 0.978577 0.914036 0.826480 0.867362 0.963206 0.850288 0.864355 0.997632 0.983021 0.907772 0.955212 0.965828 0.978393 0.898584 0.963504 0.890408 0.903579 0.967141 0.797975 0.813543 0.866251 0.962037 0.961643 0.901879 0.999050 0.958230 0.949666 0.962791 0.883518 0.901712
0.853406 0.899566 0.923044 0.647418 0.890789 0.880987 0.713294 0.892788 0.791007 0.657090 0.691600 0.951085 0.651630 0.722242 0.570262 0.733373 0.732659 0.742839 0.658240 0.828829 0.948963 0.970860 0.699766 0.973287 0.752687 0.707212 0.936471 0.919416 0.000000 0.549312 0.692955 0.671190 0.614194 0.705295 0.945600 0.953859 0.890274 0.826716 0.692200 0.682341 0.942338 0.839453 0.929940 0.906773 0.705743 0.720808 0.848399 0.947848 0.707168 0.716862 0.959860 0.976994 0.678351 0.755790 0.999860 0.884687 0.927047 0.920073 0.924063 0.840025 0.750680 0.995495 0.702770 0.681842 0.918837 0.592028 0.842760 0.752190 0.704084 0.794322 0.976679 0.781825 0.866476 0.897008 0.930499 0.901880 0.982567 0.877129 0.872650 0.974161 0.739059 0.968567 0.837962 0.984124 0.887986 0.754538 0.874088 0.720823 0.987988 0.865088 0.931098 0.918859 0.919276 0.948127 0.980503 0.792725 0.893089 0.779624 0.700370 0.810789 0.944816 0.877591 0.891110 0.962260 0.804490 0.699208 0.921405 0.896339 0.735449 0.786275 0.956451 0.865093 0.946582 0.851705 0.940048 0.798619
0.794123 0.932258 0.995961 0.831778 0.964839 0.837367 0.629155 0.880906 0.757125 0.580606 0.626683 0.994778 0.675535 0.883407 0.691292 0.809375 0.630316 0.712909 0.555016 0.704609 0.879856 0.951988 0.739632 0.975092 0.744786 0.625620 0.820552 0.827448 0.549312 0.000000 0.650379 0.573729 0.748545 0.728616 0.754086 0.950940 0.911198 0.874854 0.637619 0.693703 0.975973 0.874093 0.944081 0.838926 0.795409 0.780077 0.843194 0.938685 0.755595 0.685934 0.954770 0.974215 0.748360 0.848787 0.945370 0.980230 0.891546 0.998742 0.972847 0.951651 0.773997 0.995230 0.787122 0.707130 0.840910 0.615464 0.841612 0.705529 0.895068 0.993345 0.890958 0.740757 0.723268 0.809041 0.962621 0.909988 0.915420 0.983268 0.790396 0.868157 0.692974 0.912344 0.965440 0.938099 0.982337 0.717020 0.858591 0.793085 0.917651 0.978020 0.788616 0.880342 0.909163 0.986544 0.916031 0.882302 0.937393 0.976629 0.699268 0.754368 0.973721 0.684086 0.817114 0.817115 0.871067 0.831106 0.998938 0.893373 0.895898 0.975200 0.837005 0.881122 0.950855 0.917923 0.928980 0.818610
0.913160 0.956682 0.843575 0.945821 0.968468 0.957646 0.732116 0.974844 0.736884 0.704920 0.739555 0.906962 0.715259 0.881264 0.742070 0.750327 0.801255 0.795450 0.680453 0.891798 0.968575 0.917774 0.759090 0.921596 0.987572 0.856793 0.978160 0.928871 0.692955 0.650379 0.000000 0.851550 0.741852 0.729182 0.912784 0.932719 0.911611 0.939362 0.886777 0.941713 0.968408 0.928143 0.968852 0.913513 0.783778 0.840213 0.895278 0.986991 0.842266 0.812063 0.917667 0.946478 0.787249 0.857298 0.971103 0.939111 0.972874 0.969912 0.850464 0.876664 0.821359 0.886619 0.892642 0.831848 0.957764 0.798181 0.992189 0.840693 0.897920 0.860937 0.856290 0.938586 0.915588 0.962325 0.884708 0.990177 0.786225 0.983756 0.905697 0.797295 0.775140 0.907111 0.878080 0.992964 0.888354 0.933738 0.987507 0.888607 0.832137 0.846795 0.877424 0.846223 0.971770 0.805093 0.960128 0.997766 0.988803 0.967110 0.847186 0.789499 0.936558 0.818517 0.951238 0.983362 0.942890 0.895520 0.828941 0.948428 0.887663 0.922969 0.944567 0.946507 0.999119 0.921023 0.968148 0.972132
0.777426 0.942381 0.929138 0.978441 0.957672 0.886257 0.595943 0.767800 0.879987 0.678186 0.742055 0.968137 0.703787 0.793647 0.767020 0.880774 0.783773 0.827943 0.640050 0.782534 0.771540 0.902850 0.785367 0.954817 0.780806 0.788420 0.801121 0.974705 0.671190 0.573729 0.851550 0.000000 0.684122 0.732198 0.861011 0.933334 0.856195 0.830957 0.854530 0.724534 0.904237 0.882897 0.961009 0.888822 0.855069 0.874361 0.962667 0.838071 0.899950 0.743476 0.982424 0.948224 0.750074 0.901025 0.974058 0.975035 0.933995 0.937460 0.942833 0.910914 0.705907 0.937350 0.770528 0.772273 0.921267 0.770364 0.953108 0.837757 0.826330 0.930409 0.942826 0.754873 0.772217 0.835759 0.911665 0.847884 0.944191 0.977861 0.920725 0.880173 0.768821 0.921415 0.977179 0.973485 0.897849 0.842250 0.830233 0.783211 0.938792 0.946967 0.787558 0.868259 0.939546 0.967118 0.991026 0.893723 0.959620 0.947576 0.731541 0.717524 0.983559 0.807622 0.825661 0.949087 0.978680 0.981232 0.906699 0.846563 0.958743 0.939131 0.837660 0.919665 0.912247 0.971607 0.940449 0.757292
0.860293 0.923008 0.929060 0.828122 0.892575 0.887949 0.708584 0.979950 0.957256 0.905320 0.677554 0.746992 0.605468 0.663735 0.639120 0.752569 0.743654 0.666295 0.755173 0.873678 0.920719 0.905534 0.713177 0.869893 0.948011 0.880683 0.902114 0.876927 0.614194 0.748545 0.741852 0.684122 0.000000 0.644853 0.788433 0.847719 0.950054 0.987780 0.849635 0.939829 0.904616 0.857727 0.948841 0.882607 0.737617 0.827640 0.921625 0.940361 0.925156 0.885334 0.837233 0.819357 0.748526 0.890383 0.991261 0.886331 0.890289 0.967882 0.885281 0.997151 0.556240 0.790323 0.696432 0.615838 0.878863 0.934860 0.798422 0.913221 0.773982 0.846675 0.971273 0.891225 0.920028 0.953188 0.968544 0.828458 0.995754 0.921217 0.933974 0.862508 0.815305 0.868798 0.872639 0.778953 0.744573 0.927771 0.980835 0.749721 0.968264 0.871683 0.819530 0.965121 0.835688 0.920415 0.982348 0.919163 0.834405 0.987410 0.758528 0.684214 0.801614 0.876006 0.849756 0.983566 0.920475 0.914963 0.963796 0.956620 0.962354 0.997861 0.804772 0.944328 0.955380 0.955642 0.880824 0.864633
0.670918 0.842360 0.982347 0.880078 0.968936 0.904505 0.845168 0.939184 0.966850 0.866820 0.675893 0.793696 0.754519 0.779998 0.830147 0.945805 0.685676 0.761663 0.694238 0.866043 0.957819 0.990124 0.941610 0.990424 0.972606 0.977734 0.838855 0.980006 0.705295 0.728616 0.729182 0.732198 0.644853 0.000000 0.857433 0.819836 0.979774 0.993158 0.874159 0.947866 0.904378 0.864132 0.843615 0.755059 0.736149 0.702293 0.859677 0.791834 0.790056 0.768179 0.742879 0.731341 0.718107 0.867786 0.809081 0.880942 0.795778 0.890616 0.780105 0.818389 0.594889 0.773372 0.693261 0.638757 0.931709 0.940787 0.764814 0.828058 0.940253 0.931452 0.932283 0.834553 0.991134 0.896252 0.899292 0.872526 0.833443 0.857753 0.906421 0.689283 0.661804 0.850320 0.967657 0.926911 0.935977 0.984695 0.918990 0.907093 0.952593 0.820807 0.788428 0.916894 0.818183 0.905706 0.927112 0.994732 0.947052 0.851758 0.728518 0.769359 0.774220 0.845169 0.731038 0.918217 0.949625 0.875102 0.991252 0.903371 0.980510 0.982818 0.768656 0.763626 0.979406 0.803233 0.944706 0.954909
0.996247 0.820249 0.975726 0.884035 0.898466 0.656418 0.837564 0.745620 0.936486 0.744852 0.892916 0.816121 0.938239 0.764996 0.898559 0.889963 0.916370 0.921072 0.825939 0.831148 0.960605 0.933887 0.942286 0.864455 0.799419 0.818798 0.987837 0.740828 0.945600 0.754086 0.912784 0.861011 0.788433 0.857433 0.000000 0.781516 0.878686 0.991694 0.779225 0.908283 0.860815 0.996068 0.780011 0.919118 0.781731 0.882659 0.718127 0.932028 0.992496 0.985362 0.772136 0.704628 0.855179 0.851009 0.904791 0.787445 0.990337 0.873369 0.792611 0.999189 0.803950 0.891177 0.835842 0.836349 0.802297 0.770563 0.613599 0.603462 0.884916 0.981139 0.990329 0.874253 0.835396 0.992140 0.809871 0.874728 0.996068 0.737182 0.967428 0.887884 0.923787 0.975470 0.864523 0.884437 0.772126 0.692406 0.869571 0.920188 0.940466 0.919724 0.880435 0.883390 0.834358 0.886790 0.902557 0.935788 0.930956 0.972898 0.885246 0.915440 0.996480 0.963169 0.923281 0.967699 0.870136 0.847210 0.898973 0.975869 0.849447 0.991438 0.951052 0.924911 0.913507 0.875358 0.813455 0.909425
0.847800 0.774073 0.945392 0.966427 0.988499 0.821306 0.931733 0.982961 0.848485 0.832450 0.973191 0.834757 0.972499 0.837603 0.935143 0.970375 0.942314 0.867452 0.971923 0.916229 0.965315 0.935842 0.957911 0.986193 0.866499 0.868841 0.850872 0.859383 0.953859 0.950940 0.932719 0.933334 0.847719 0.819836 0.781516 0.000000 0.855929 0.950538 0.881930 0.892671 0.833495 0.893408 0.901303 0.926801 0.931706 0.965878 0.817781 0.852283 0.965271 0.949621 0.841998 0.770263 0.929581 0.958917 0.885417 0.833355 0.851836 0.835975 0.722327 0.777330 0.830917 0.937508 0.804791 0.840892 0.949206 0.833508 0.687112 0.662444 0.982539 0.975814 0.966880 0.786996 0.930887 0.968292 0.962221 0.996027 0.913895 0.980435 0.975513 0.836534 0.949445 0.853584 0.769865 0.878254 0.861650 0.777343 0.982388 0.933690 0.918803 0.938327 0.870699 0.937456 0.734393 0.973044 0.985484 0.954261 0.787246 0.900025 0.932670 0.942069 0.850111 0.960099 0.919156 0.847226 0.820179 0.792224 0.963886 0.998549 0.879018 0.931930 0.937492 0.918700 0.949320 0.961999 0.756370 0.988805
0.990919 0.833123 0.842105 0.839352 0.838104 0.891631 0.821060 0.929199 0.830013 0.843547 0.948248 0.817603 0.865775 0.861060 0.824832 0.982594 0.981305 0.927732 0.787400 0.902928 0.867240 0.861010 0.804116 0.952900 0.758705 0.724783 0.944397 0.913073 0.890274 0.911198 0.911611 0.856195 0.950054 0.979774 0.878686 0.855929 0.000000 0.868110 0.673994 0.780374 0.873926 0.941794 0.783509 0.833381 0.965087 0.976534 0.735144 0.857404 0.984791 0.886491 0.875885 0.970233 0.962785 0.875737 0.768492 0.909687 0.818068 0.819195 0.993025 0.922352 0.906488 0.978625 0.953514 0.967253 0.995918 0.839359 0.821944 0.798330 0.768120 0.829997 0.987927 0.947536 0.853171 0.936642 0.980932 0.923262 0.908944 0.929758 0.905942 0.901105 0.986079 0.772111 0.926510 0.941916 0.896594 0.856949 0.872782 0.813384 0.997749 0.960421 0.932924 0.903800 0.897349 0.926405 0.947644 0.887163 0.996965 0.853742 0.982950 0.948837 0.900803 0.930699 0.972459 0.985197 0.838840 0.923410 0.917741 0.948329 0.989409 0.985260 0.939091 0.921530 0.932944 0.918161 0.868732 0.885997
0.935967 0.959254 0.885085 0.851604 0.941438 0.936188 0.897842 0.954019 0.840866 0.847068 0.942748 0.911349 0.961826 0.969903 0.829493 0.982262 0.993737 0.971620 0.887498 0.928432 0.824697 0.924306 0.879480 0.831057 0.715618 0.829340 0.839117 0.989630 0.826716 0.874854 0.939362 0.830957 0.987780 0.993158 0.991694 0.950538 0.868110 0.000000 0.820538 0.705825 0.937857 0.959896 0.909005 0.960479 0.890340 0.939080 0.898814 0.956948 0.858850 0.778976 0.957738 0.978455 0.860233 0.887033 0.977894 0.886533 0.946699 0.943170 0.947083 0.949573 0.947510 0.910569 0.925520 0.913025 0.867467 0.760176 0.850200 0.891497 0.815114 0.818393 0.882847 0.992901 0.892453 0.991712 0.974016 0.939994 0.973330 0.855968 0.994208 0.904664 0.977932 0.906153 0.914737 0.817726 0.965355 0.792383 0.885605 0.965694 0.723584 0.878165 0.896084 0.910757 0.966464 0.914162 0.903800 0.852139 0.958664 0.821871 0.894389 0.917826 0.769953 0.953831 0.920600 0.954377 0.748969 0.792435 0.978186 0.956493 0.980502 0.882080 0.978406 0.906855 0.966969 0.983276 0.985081 0.817069
