0.000000 0.230892 0.442643 0.497241 0.920809 0.673439 0.459321 0.429156 0.835956 0.703578 0.355573 0.251991 0.298297 0.460280 0.434600 0.386521 0.268623 0.232599 0.332287 0.310437 0.656889 0.828864 0.445887 0.491374 0.621455 0.611655 0.964479 0.838021 0.271095 0.254081 0.394926 0.500115 0.347878 0.303075 0.645317 0.859524 0.565851 0.686498 0.754094 0.766829 0.850880 0.809677 0.473114 0.398900 0.483562 0.381377 0.413046 0.336833 0.680337 0.463320 0.521878 0.563940 0.599928 0.711475 0.589514 0.747296 0.355025 0.326228 0.363451 0.320242 0.255699 0.375658 0.209441 0.257814 0.473651 0.421502 0.449170 0.339019 0.416190 0.331100 0.522294 0.532709 0.407264 0.415699 0.748274 0.626955 0.543229 0.500384 0.424104 0.375411 0.229149 0.247909 0.374024 0.459071 0.408699 0.383965 0.958291 0.844829 0.889397 0.610618 0.873452 0.949542 0.843600 0.982416 0.530804 0.672044 0.554087 0.775712 0.566888 0.552699 0.791287 0.684366 0.572658 0.650130 0.504723 0.603064 0.928992 0.878255 0.877516 0.787230 0.916631 0.608493 0.633901 0.698426 0.668587 0.939357
0.230892 0.000000 0.610946 0.610742 0.824411 0.817586 0.573826 0.461687 0.872910 0.704054 0.444598 0.304336 0.484099 0.553704 0.563354 0.487208 0.194615 0.245346 0.403100 0.360816 0.712235 0.825960 0.549873 0.675596 0.775301 0.762398 0.824137 0.858878 0.279304 0.295743 0.486033 0.631321 0.418555 0.371332 0.730532 0.689468 0.657949 0.613986 0.804306 0.840708 0.892202 0.638853 0.487764 0.440709 0.474573 0.429577 0.464381 0.393514 0.559807 0.453431 0.502163 0.554368 0.643346 0.699616 0.690800 0.845293 0.225180 0.189547 0.349033 0.341194 0.364818 0.395925 0.205595 0.159516 0.653947 0.572047 0.508596 0.376096 0.448202 0.282456 0.514241 0.492754 0.459303 0.476282 0.856830 0.614989 0.583928 0.384588 0.446751 0.530562 0.242765 0.400477 0.403215 0.470419 0.545763 0.570038 0.855737 0.944024 0.967447 0.670047 0.875071 0.934073 0.817724 0.989788 0.515784 0.726424 0.628701 0.609617 0.546231 0.505593 0.843977 0.755501 0.508812 0.589446 0.459973 0.529534 0.809298 0.785182 0.931457 0.813364 0.792195 0.559160 0.686711 0.729254 0.656679 0.942034
0.442643 0.610946 0.000000 0.196752 0.892227 0.517422 0.188372 0.257258 0.456069 0.462675 0.433704 0.429026 0.285009 0.569181 0.431026 0.388213 0.627995 0.512682 0.371384 0.495200 0.730233 0.815752 0.309491 0.332775 0.579843 0.370859 0.952880 0.949176 0.583416 0.487117 0.294026 0.423329 0.314523 0.337255 0.607019 0.848119 0.679152 0.850104 0.583680 0.701839 0.886910 0.986275 0.297182 0.313053 0.315233 0.296830 0.301917 0.343129 0.576021 0.388301 0.424602 0.377544 0.430709 0.542721 0.564238 0.542355 0.787935 0.780039 0.414501 0.413763 0.275942 0.371362 0.523824 0.620952 0.266620 0.233590 0.263793 0.295665 0.766562 0.625227 0.450997 0.480477 0.464436 0.439333 0.735110 0.649717 0.500810 0.660160 0.471742 0.391083 0.518529 0.424318 0.650439 0.703096 0.495455 0.396497 0.874543 0.833458 0.811815 0.620913 0.582026 0.697050 0.628549 0.690963 0.585291 0.622443 0.345850 0.810152 0.419252 0.400959 0.673844 0.521456 0.596476 0.604897 0.398455 0.510099 0.719002 0.781999 0.863962 0.906306 0.802437 0.504264 0.423963 0.694036 0.536554 0.807384
0.497241 0.610742 0.196752 0.000000 0.812743 0.551175 0.225492 0.196461 0.458733 0.444813 0.508482 0.455511 0.329374 0.484405 0.413991 0.348347 0.655850 0.547070 0.366922 0.501958 0.654885 0.797689 0.302411 0.305926 0.709858 0.432970 0.957846 0.958669 0.538100 0.505704 0.326099 0.451227 0.314812 0.332834 0.676632 0.790951 0.705188 0.934919 0.727671 0.795779 0.912293 0.891582 0.298885 0.337710 0.368753 0.351347 0.346411 0.394689 0.597650 0.416790 0.478080 0.397116 0.480827 0.539724 0.633995 0.610551 0.787335 0.780994 0.407744 0.449676 0.343209 0.369309 0.559072 0.632274 0.324068 0.234500 0.301449 0.335967 0.859245 0.653118 0.411056 0.428960 0.520502 0.471219 0.751732 0.611266 0.469257 0.587971 0.497947 0.483113 0.569128 0.465886 0.678574 0.642008 0.547363 0.394449 0.928324 0.846238 0.804542 0.594728 0.495179 0.594663 0.528496 0.612462 0.626847 0.594798 0.403622 0.704585 0.388864 0.341586 0.583583 0.573255 0.593794 0.533516 0.395226 0.556250 0.749243 0.770491 0.884595 0.902856 0.846108 0.459337 0.401020 0.590096 0.528232 0.792791
0.920809 0.824411 0.892227 0.812743 0.000000 0.775953 0.769649 0.728401 0.850031 0.968163 0.961248 0.894391 0.803082 0.942126 0.885817 0.818116 0.870247 0.939745 0.868324 0.992659 0.869528 0.865265 0.758303 0.832306 0.947022 0.998932 0.780779 0.918867 0.884257 0.891993 0.835241 0.936546 0.840160 0.862593 0.850628 0.838226 0.927714 0.972352 0.955304 0.821411 0.952242 0.932159 0.832737 0.842815 0.719414 0.743234 0.843443 0.818480 0.756815 0.681296 0.748671 0.724933 0.769164 0.639504 0.836727 0.802887 0.945404 0.878694 0.760490 0.761223 0.706260 0.717385 0.745546 0.802075 0.854620 0.762815 0.715453 0.747742 0.939659 0.912678 0.676282 0.712810 0.840917 0.862300 0.967068 0.879169 0.869869 0.938020 0.884378 0.956799 0.715272 0.788786 0.839353 0.884395 0.810184 0.808966 0.877268 0.998253 0.900006 0.907180 0.771931 0.820416 0.752430 0.892634 0.859378 0.954713 0.837785 0.737360 0.819181 0.740087 0.877312 0.922036 0.912693 0.846408 0.797678 0.867695 0.745689 0.866416 0.685370 0.941730 0.930139 0.727046 0.756760 0.818058 0.965840 0.990490
0.673439 0.817586 0.517422 0.551175 0.775953 0.000000 0.472671 0.559676 0.488541 0.671025 0.668163 0.632838 0.522466 0.799648 0.671019 0.522643 0.865423 0.810160 0.675197 0.764696 0.784130 0.822990 0.557960 0.611162 0.812337 0.616221 0.887541 0.684660 0.827919 0.786077 0.612507 0.716508 0.616917 0.601638 0.568261 0.899627 0.952937 0.834709 0.925176 0.963635 0.976519 0.906816 0.621569 0.606633 0.606019 0.628972 0.704937 0.648548 0.935415 0.650174 0.681630 0.604441 0.599715 0.641711 0.743523 0.766793 0.950562 0.977257 0.723163 0.662130 0.567487 0.629336 0.731794 0.812385 0.634784 0.570441 0.539577 0.574030 0.836664 0.727192 0.632069 0.561326 0.716572 0.671951 0.758538 0.792579 0.662061 0.845048 0.751152 0.588245 0.667284 0.615200 0.898194 0.832017 0.680374 0.571652 0.977120 0.820745 0.903971 0.724434 0.564802 0.697804 0.570281 0.654422 0.626648 0.658048 0.563393 0.951267 0.625213 0.636480 0.768279 0.669107 0.834831 0.682323 0.555663 0.769664 0.840909 0.818352 0.867086 0.961619 0.940391 0.751129 0.604097 0.738525 0.649404 0.973082
0.459321 0.573826 0.188372 0.225492 0.769649 0.472671 0.000000 0.191665 0.368606 0.349572 0.463871 0.499511 0.376478 0.700086 0.542735 0.448487 0.540558 0.461249 0.317146 0.479266 0.761700 0.754829 0.334636 0.458578 0.728384 0.477078 0.971992 0.997763 0.579855 0.499070 0.335580 0.483034 0.283885 0.272832 0.611900 0.702551 0.750814 0.875081 0.793943 0.743965 0.918138 0.903793 0.187437 0.198129 0.205411 0.194609 0.281037 0.281821 0.470788 0.304358 0.328196 0.298159 0.351536 0.429615 0.574760 0.536214 0.673109 0.684195 0.330100 0.399217 0.307427 0.430067 0.447481 0.564248 0.373152 0.301970 0.167088 0.242042 0.797248 0.611098 0.335308 0.328614 0.537879 0.420220 0.782322 0.583747 0.396182 0.602550 0.445856 0.395201 0.463444 0.424901 0.684622 0.702105 0.548929 0.486904 0.898921 0.898334 0.825445 0.757401 0.393480 0.472869 0.435662 0.485907 0.549336 0.581105 0.331274 0.731045 0.277936 0.271960 0.539841 0.417166 0.506746 0.466110 0.321812 0.431544 0.643209 0.678385 0.810165 0.928001 0.760095 0.409759 0.333085 0.609627 0.456722 0.797014
0.429156 0.461687 0.257258 0.196461 0.728401 0.559676 0.191665 0.000000 0.401441 0.293123 0.445553 0.391944 0.350554 0.558035 0.482735 0.379110 0.479575 0.424393 0.314558 0.391778 0.737566 0.732063 0.337582 0.426160 0.830041 0.570792 0.892052 0.987947 0.502313 0.457064 0.390298 0.496475 0.296299 0.282956 0.723080 0.706868 0.787569 0.856978 0.854482 0.861334 0.922692 0.786767 0.230271 0.266316 0.291359 0.268176 0.345869 0.329028 0.450724 0.304077 0.377823 0.329790 0.436111 0.461378 0.669181 0.648288 0.584812 0.565861 0.265684 0.347804 0.310831 0.328527 0.415578 0.462904 0.414274 0.295738 0.253938 0.295408 0.833268 0.522061 0.356212 0.370773 0.599840 0.481675 0.821846 0.562284 0.467802 0.518555 0.430182 0.514414 0.459613 0.458446 0.664007 0.676796 0.597254 0.487754 0.988894 0.902810 0.852957 0.690644 0.416458 0.488098 0.418231 0.552212 0.526773 0.561968 0.396307 0.616632 0.265490 0.237028 0.512956 0.506977 0.448824 0.454750 0.319468 0.419597 0.657390 0.695390 0.849814 0.869409 0.813400 0.351208 0.338807 0.597718 0.500524 0.775439
0.835956 0.872910 0.456069 0.458733 0.850031 0.488541 0.368606 0.401441 0.000000 0.400292 0.822994 0.822838 0.706566 0.912660 0.812893 0.699241 0.860771 0.874386 0.721493 0.810141 0.909758 0.850806 0.585395 0.658618 0.991007 0.671814 0.956613 0.977007 0.966074 0.913956 0.641013 0.703274 0.637516 0.618169 0.743965 0.725959 0.962158 0.975429 0.982965 0.871773 0.767954 0.903306 0.445489 0.529016 0.473524 0.527950 0.591786 0.619792 0.662127 0.527821 0.503949 0.476984 0.476457 0.485760 0.790529 0.704044 0.980741 0.993568 0.554900 0.665403 0.651576 0.695421 0.815295 0.889164 0.658906 0.559678 0.423109 0.592032 0.958442 0.816881 0.515970 0.526306 0.849967 0.736271 0.849617 0.781617 0.648008 0.750202 0.734042 0.692838 0.806700 0.816524 0.939151 0.956435 0.852660 0.753474 0.783825 0.822379 0.764025 0.859874 0.328360 0.415074 0.341248 0.386389 0.670694 0.809883 0.488338 0.722586 0.426108 0.458039 0.538519 0.508029 0.675142 0.572170 0.534350 0.583987 0.573667 0.670915 0.981694 0.877253 0.828827 0.538574 0.462718 0.859140 0.570719 0.760155
0.703578 0.704054 0.462675 0.444813 0.968163 0.671025 0.349572 0.293123 0.400292 0.000000 0.655616 0.659065 0.673618 0.830880 0.747709 0.678786 0.623371 0.621847 0.536429 0.514669 0.962150 0.845424 0.561929 0.712291 0.932204 0.769875 0.984428 0.918542 0.737413 0.661267 0.611293 0.564695 0.508562 0.466673 0.836491 0.644226 0.922797 0.883337 0.933109 0.971347 0.786457 0.781911 0.341307 0.369879 0.411621 0.435718 0.553790 0.498744 0.422333 0.437603 0.538419 0.492780 0.529423 0.640574 0.862954 0.815970 0.696137 0.743406 0.446774 0.590254 0.675470 0.644330 0.694341 0.694686 0.735478 0.619672 0.453611 0.536569 0.997442 0.696795 0.481582 0.476365 0.895172 0.676282 0.858778 0.679873 0.551618 0.575196 0.570745 0.630309 0.715832 0.766222 0.935813 0.916546 0.954452 0.872305 0.884318 0.967688 0.971849 0.897815 0.406586 0.408909 0.458684 0.497911 0.603702 0.522254 0.446115 0.699439 0.257055 0.278275 0.490891 0.444687 0.472726 0.467558 0.512666 0.457422 0.656709 0.607261 0.908243 0.964530 0.726772 0.470792 0.434323 0.838329 0.613095 0.726715
0.355573 0.444598 0.433704 0.508482 0.961248 0.668163 0.463871 0.445553 0.822994 0.655616 0.000000 0.408205 0.474951 0.635489 0.669447 0.624354 0.461954 0.301246 0.293889 0.280194 0.773736 0.859393 0.709147 0.659555 0.813493 0.688930 0.935800 0.853036 0.437912 0.372380 0.560178 0.575052 0.508880 0.414028 0.866282 0.951962 0.777192 0.884943 0.808513 0.791944 0.973664 0.966061 0.560174 0.502333 0.581692 0.512672 0.542712 0.535440 0.784986 0.620166 0.717745 0.732156 0.751920 0.815546 0.783167 0.870961 0.490625 0.464332 0.579806 0.537550 0.467718 0.593089 0.400094 0.499615 0.682402 0.587866 0.575565 0.473122 0.603152 0.617229 0.713128 0.641982 0.600372 0.546976 0.817382 0.660338 0.620901 0.553896 0.542080 0.430377 0.437824 0.376832 0.647240 0.641680 0.738866 0.645787 0.946360 0.858629 0.933517 0.807421 0.823112 0.879055 0.878319 0.864245 0.673779 0.613267 0.668821 0.999093 0.621059 0.559623 0.792192 0.614003 0.610964 0.574639 0.610831 0.774341 0.975239 0.938647 0.992364 0.939875 0.897618 0.639405 0.631622 0.749897 0.761341 0.971683
0.251991 0.304336 0.429026 0.455511 0.894391 0.632838 0.499511 0.391944 0.822838 0.659065 0.408205 0.000000 0.282892 0.392405 0.347055 0.261463 0.367690 0.295310 0.417453 0.371659 0.608174 0.786092 0.372785 0.410564 0.644676 0.577810 0.990680 0.872087 0.302473 0.270820 0.405275 0.480741 0.350683 0.337070 0.681974 0.913047 0.568887 0.713309 0.742853 0.909788 0.888180 0.867043 0.532866 0.470633 0.529003 0.460645 0.506901 0.379234 0.701027 0.457571 0.571055 0.535954 0.643697 0.670722 0.752398 0.815789 0.494299 0.430463 0.452919 0.359677 0.264222 0.285213 0.297441 0.273688 0.488406 0.389754 0.511269 0.383181 0.596705 0.399633 0.557867 0.525024 0.370449 0.376022 0.719043 0.623513 0.592811 0.434876 0.465163 0.468096 0.354708 0.338300 0.452894 0.539461 0.449184 0.403832 0.865499 0.900635 0.938085 0.573913 0.871600 0.970390 0.828720 0.941546 0.532408 0.645848 0.563341 0.743073 0.607155 0.524440 0.818569 0.711666 0.579623 0.690194 0.417116 0.515541 0.893642 0.905633 0.955300 0.711281 0.922543 0.606209 0.654447 0.652873 0.635743 0.963245
0.298297 0.484099 0.285009 0.329374 0.803082 0.522466 0.376478 0.350554 0.706566 0.673618 0.474951 0.282892 0.000000 0.386936 0.303506 0.266692 0.557749 0.477610 0.421175 0.473515 0.662499 0.841105 0.290808 0.301525 0.591086 0.471206 0.960684 0.952842 0.447061 0.415134 0.409049 0.537760 0.366699 0.416446 0.605331 0.910455 0.624544 0.824091 0.663445 0.839925 0.880122 0.994192 0.457195 0.443896 0.484582 0.417753 0.437119 0.395793 0.764498 0.409454 0.529742 0.485288 0.578112 0.627425 0.563247 0.648141 0.711549 0.631743 0.428067 0.372759 0.212200 0.273424 0.405467 0.472607 0.269968 0.255224 0.415606 0.348243 0.629128 0.504274 0.553889 0.514560 0.386105 0.445784 0.758322 0.597347 0.565698 0.641160 0.507460 0.508837 0.421372 0.314668 0.522644 0.601892 0.354122 0.269782 0.953890 0.750131 0.747562 0.519615 0.753134 0.865057 0.727954 0.910894 0.596313 0.690672 0.505731 0.784036 0.573229 0.528187 0.739933 0.692430 0.677532 0.760890 0.423228 0.588262 0.915667 0.915043 0.721070 0.784802 0.929847 0.583501 0.571299 0.609611 0.625590 0.826884
0.460280 0.553704 0.569181 0.484405 0.942126 0.799648 0.700086 0.558035 0.912660 0.830880 0.635489 0.392405 0.386936 0.000000 0.265422 0.304320 0.690310 0.551534 0.544311 0.536971 0.629356 0.773668 0.433608 0.352066 0.629847 0.576117 0.961378 0.922809 0.450444 0.477430 0.497119 0.585859 0.485377 0.541078 0.823248 0.938211 0.662031 0.867786 0.789231 0.827607 0.999947 0.874949 0.657993 0.653520 0.800730 0.678028 0.603411 0.653199 0.908662 0.748041 0.834820 0.755409 0.825086 0.932612 0.745880 0.919107 0.745028 0.713081 0.620859 0.613285 0.496322 0.476234 0.593415 0.578773 0.484776 0.459293 0.690105 0.609879 0.788961 0.574615 0.709275 0.720502 0.536433 0.617851 0.871920 0.632964 0.648723 0.656226 0.605382 0.613236 0.635356 0.541171 0.519506 0.520166 0.491886 0.380465 0.999123 0.880943 0.907350 0.550038 0.934035 0.956226 0.893378 0.916222 0.656550 0.707646 0.732210 0.745363 0.764654 0.690648 0.812500 0.882973 0.788330 0.899134 0.616069 0.725719 0.935007 0.992323 0.897247 0.790752 0.994842 0.772556 0.772247 0.748768 0.763475 0.962833
0.434600 0.563354 0.431026 0.413991 0.885817 0.671019 0.542735 0.482735 0.812893 0.747709 0.669447 0.347055 0.303506 0.265422 0.000000 0.233926 0.629106 0.549942 0.530019 0.564284 0.680310 0.768402 0.229371 0.274884 0.506242 0.504805 0.968828 0.910256 0.458421 0.443429 0.338382 0.400199 0.354684 0.446102 0.622178 0.979469 0.631179 0.907551 0.724139 0.946561 0.916363 0.994739 0.559089 0.568458 0.641555 0.567620 0.500535 0.531654 0.838037 0.679252 0.773003 0.677624 0.774390 0.879232 0.623459 0.726137 0.802697 0.772453 0.591032 0.599475 0.397285 0.434745 0.552693 0.576169 0.381827 0.395680 0.546083 0.503981 0.712135 0.606117 0.570420 0.651084 0.419439 0.545083 0.781114 0.693946 0.578850 0.645239 0.508279 0.606969 0.511108 0.453210 0.460738 0.550096 0.372501 0.308581 0.961560 0.849720 0.946587 0.589733 0.903213 0.948002 0.893519 0.898822 0.644344 0.742442 0.590035 0.726837 0.707313 0.651748 0.883416 0.864573 0.823463 0.886960 0.478419 0.626129 0.976648 0.983780 0.820319 0.753051 0.932487 0.713376 0.698337 0.757548 0.680209 0.992912
0.386521 0.487208 0.388213 0.348347 0.818116 0.522643 0.448487 0.379110 0.699241 0.678786 0.624354 0.261463 0.266692 0.304320 0.233926 0.000000 0.557370 0.488325 0.466227 0.528001 0.588624 0.690402 0.201204 0.222937 0.530999 0.485852 0.951925 0.853875 0.428159 0.399328 0.353200 0.437385 0.299059 0.380724 0.600121 0.896592 0.623990 0.818067 0.770805 0.938357 0.901677 0.903305 0.434235 0.434463 0.514463 0.449739 0.479754 0.416818 0.737308 0.494833 0.571214 0.487752 0.573566 0.629622 0.672839 0.726349 0.728535 0.674379 0.468676 0.469038 0.312425 0.348002 0.444207 0.448502 0.365064 0.328874 0.426451 0.394462 0.721200 0.481364 0.429668 0.457279 0.380368 0.414226 0.679630 0.632622 0.489968 0.589144 0.469557 0.527793 0.455236 0.420237 0.531057 0.573720 0.382403 0.289478 0.926266 0.925807 0.917094 0.617021 0.699368 0.828659 0.671413 0.914307 0.535841 0.609465 0.490436 0.669030 0.581569 0.512621 0.759000 0.665546 0.671731 0.782167 0.383122 0.538547 0.877522 0.850875 0.832453 0.739201 0.846848 0.599771 0.560390 0.631367 0.584946 0.907539
0.268623 0.194615 0.627995 0.655850 0.870247 0.865423 0.540558 0.479575 0.860771 0.623371 0.461954 0.367690 0.557749 0.690310 0.629106 0.557370 0.000000 0.194916 0.362662 0.355996 0.700416 0.774065 0.575208 0.712098 0.735840 0.769125 0.886330 0.840672 0.290637 0.291521 0.512587 0.522789 0.399232 0.355457 0.812588 0.713777 0.675434 0.670910 0.868591 0.818113 0.856900 0.616327 0.463907 0.417794 0.478717 0.434152 0.478531 0.381433 0.590928 0.510847 0.554466 0.626252 0.692189 0.759292 0.742656 0.873893 0.182134 0.220561 0.363101 0.441621 0.447198 0.539784 0.212699 0.212500 0.711652 0.665631 0.517361 0.434296 0.438728 0.373232 0.527192 0.512211 0.499753 0.495149 0.833306 0.624534 0.548429 0.412555 0.398072 0.506365 0.231455 0.410713 0.457535 0.518962 0.593266 0.652247 0.872530 0.918275 0.954048 0.804714 0.854830 0.900140 0.844573 0.995975 0.578836 0.710164 0.617348 0.637342 0.524909 0.472179 0.901654 0.716792 0.468299 0.502031 0.515363 0.552648 0.853036 0.816789 0.913106 0.723038 0.809197 0.562743 0.658991 0.717716 0.638864 0.939069
0.232599 0.245346 0.512682 0.547070 0.939745 0.810160 0.461249 0.424393 0.874386 0.621847 0.301246 0.295310 0.477610 0.551534 0.549942 0.488325 0.194916 0.000000 0.248234 0.230566 0.709558 0.755267 0.561420 0.638621 0.726940 0.669412 0.952996 0.821830 0.222754 0.195593 0.486044 0.472017 0.355816 0.268708 0.801888 0.887498 0.636632 0.735437 0.792961 0.737621 0.918401 0.718274 0.447548 0.372619 0.512671 0.425469 0.476807 0.383182 0.635252 0.519294 0.594902 0.636637 0.683114 0.758778 0.722653 0.854949 0.235739 0.237563 0.427270 0.461075 0.394720 0.526885 0.202928 0.233779 0.659478 0.585312 0.512521 0.402296 0.477126 0.439342 0.550145 0.550566 0.484495 0.430785 0.801534 0.557533 0.553813 0.422322 0.416621 0.391466 0.259448 0.294297 0.452011 0.498967 0.559924 0.567539 0.868999 0.998477 0.928527 0.739428 0.830654 0.866545 0.845141 0.932947 0.560036 0.658103 0.633585 0.741842 0.515102 0.451672 0.831120 0.646364 0.509018 0.508375 0.491377 0.585790 0.931942 0.872545 0.998637 0.801581 0.911146 0.540958 0.611364 0.691061 0.668532 0.988804
0.332287 0.403100 0.371384 0.366922 0.868324 0.675197 0.317146 0.314558 0.721493 0.536429 0.293889 0.417453 0.421175 0.544311 0.530019 0.466227 0.362662 0.248234 0.000000 0.274444 0.715110 0.678914 0.507006 0.524514 0.693259 0.625555 0.939147 0.893179 0.315343 0.287419 0.425643 0.422951 0.337394 0.271283 0.801436 0.797418 0.668963 0.915692 0.785762 0.774228 0.951549 0.779434 0.344278 0.320914 0.434655 0.378090 0.389994 0.389364 0.604079 0.523853 0.628777 0.633649 0.676055 0.778708 0.736805 0.797877 0.437446 0.466576 0.440950 0.525449 0.429354 0.587705 0.352945 0.468625 0.568158 0.511370 0.426763 0.441470 0.601162 0.511936 0.501711 0.488814 0.561604 0.507158 0.767531 0.535353 0.511078 0.530191 0.499984 0.402885 0.399568 0.374870 0.669578 0.579672 0.640068 0.580569 0.990376 0.958573 0.993536 0.812864 0.677537 0.729886 0.732964 0.746866 0.567145 0.592437 0.560801 0.747358 0.434834 0.376256 0.698846 0.574756 0.531707 0.441721 0.493192 0.664231 0.954528 0.851200 0.869265 0.899955 0.849817 0.490165 0.470922 0.640514 0.614428 0.881380
0.310437 0.360816 0.495200 0.501958 0.992659 0.764696 0.479266 0.391778 0.810141 0.514669 0.280194 0.371659 0.473515 0.536971 0.564284 0.528001 0.355996 0.230566 0.274444 0.000000 0.749518 0.752839 0.596677 0.630992 0.832636 0.726399 0.900051 0.804563 0.323118 0.278271 0.529946 0.447431 0.406755 0.300886 0.799736 0.901879 0.711571 0.812073 0.759912 0.825134 0.974643 0.852323 0.477379 0.407490 0.561053 0.487775 0.494299 0.428647 0.643740 0.567599 0.701279 0.708050 0.736346 0.869535 0.797505 0.856673 0.370604 0.361472 0.483523 0.521800 0.482525 0.564538 0.356239 0.393047 0.690480 0.605124 0.584319 0.513300 0.600713 0.484469 0.685094 0.625889 0.605494 0.550579 0.741854 0.587596 0.609351 0.535288 0.518419 0.440270 0.441718 0.383420 0.597409 0.618437 0.732163 0.654192 0.930023 0.981775 0.995312 0.719468 0.836477 0.860081 0.892312 0.928743 0.612019 0.635016 0.625267 0.775553 0.517795 0.467447 0.722386 0.635997 0.580394 0.517261 0.568286 0.653580 0.980089 0.890751 0.920997 0.889924 0.820487 0.570752 0.618660 0.774869 0.701222 0.902873
0.656889 0.712235 0.730233 0.654885 0.869528 0.784130 0.761700 0.737566 0.909758 0.962150 0.773736 0.608174 0.662499 0.629356 0.680310 0.588624 0.700416 0.709558 0.715110 0.749518 0.000000 0.739987 0.609050 0.605901 0.702945 0.730387 0.872439 0.881377 0.699465 0.681462 0.636369 0.728609 0.655242 0.627188 0.737564 0.896396 0.703597 0.892447 0.782445 0.797852 0.874527 0.962417 0.739763 0.761184 0.762609 0.710087 0.620037 0.678767 0.919385 0.804918 0.833738 0.817663 0.826497 0.921805 0.806944 0.828265 0.790146 0.794954 0.724379 0.665567 0.636550 0.672915 0.631987 0.697266 0.660472 0.630306 0.737480 0.686519 0.866876 0.725781 0.784930 0.752721 0.640331 0.740732 0.742065 0.717114 0.805031 0.748906 0.765564 0.702136 0.692031 0.632758 0.622300 0.606354 0.630462 0.615427 0.957828 0.940730 0.876840 0.725166 0.977397 0.967313 0.896080 0.916162 0.860127 0.756320 0.790501 0.904107 0.887395 0.727701 0.971553 0.983699 0.677477 0.765351 0.785249 0.754931 0.996686 0.974680 0.983241 0.886305 0.987099 0.913218 0.891670 0.783195 0.783622 0.871856
0.828864 0.825960 0.815752 0.797689 0.865265 0.822990 0.754829 0.732063 0.850806 0.845424 0.859393 0.786092 0.841105 0.773668 0.768402 0.690402 0.774065 0.755267 0.678914 0.752839 0.739987 0.000000 0.774483 0.732932 0.942684 0.888757 0.764052 0.726039 0.727963 0.764563 0.751581 0.701539 0.678367 0.693849 0.838479 0.866342 0.943226 0.856616 0.995002 0.942835 0.983536 0.971150 0.740664 0.736807 0.789887 0.764037 0.800934 0.799402 0.889679 0.866814 0.903830 0.856895 0.928533 0.909237 0.958987 0.875773 0.826702 0.826421 0.859542 0.847272 0.832315 0.918665 0.761191 0.809448 0.890268 0.831404 0.752274 0.802678 0.951782 0.829100 0.770711 0.756957 0.827091 0.762424 0.986630 0.961892 0.869202 0.739599 0.931945 0.776528 0.847310 0.835986 0.878107 0.872112 0.919294 0.857477 0.992370 0.998992 0.980226 0.962506 0.791851 0.898649 0.871573 0.905505 0.812930 0.778572 0.904943 0.857784 0.786674 0.696583 0.877596 0.911420 0.840752 0.670373 0.831495 0.804218 0.958865 0.920167 0.997945 0.905692 0.839845 0.853030 0.806409 0.789632 0.916038 0.908980
0.445887 0.549873 0.309491 0.302411 0.758303 0.557960 0.334636 0.337582 0.585395 0.561929 0.709147 0.372785 0.290808 0.433608 0.229371 0.201204 0.575208 0.561420 0.507006 0.596677 0.609050 0.774483 0.000000 0.236044 0.499799 0.432692 0.982150 0.995883 0.522220 0.474012 0.257078 0.404562 0.258790 0.358411 0.500069 0.830701 0.571856 0.852340 0.708427 0.871253 0.980581 0.949943 0.345703 0.369748 0.377664 0.346524 0.359258 0.357237 0.617156 0.433012 0.479584 0.399718 0.473453 0.588162 0.528843 0.602475 0.776475 0.754753 0.399777 0.435957 0.286922 0.337994 0.476946 0.508395 0.273923 0.286616 0.299766 0.315451 0.765230 0.521788 0.352937 0.391422 0.408645 0.427301 0.707972 0.656988 0.409817 0.618260 0.419724 0.533336 0.452375 0.450348 0.478747 0.562928 0.348923 0.300282 0.939288 0.916887 0.809393 0.615372 0.642631 0.791107 0.611398 0.891664 0.533334 0.632435 0.387337 0.636839 0.504432 0.460652 0.774219 0.685216 0.623459 0.756770 0.311742 0.420694 0.725331 0.843543 0.746406 0.797931 0.759358 0.554775 0.540303 0.687401 0.509000 0.842266
0.491374 0.675596 0.332775 0.305926 0.832306 0.611162 0.458578 0.426160 0.658618 0.712291 0.659555 0.410564 0.301525 0.352066 0.274884 0.222937 0.712098 0.638621 0.524514 0.630992 0.605901 0.732932 0.236044 0.000000 0.520720 0.441306 0.997709 0.917752 0.541115 0.499829 0.349083 0.420311 0.398173 0.435083 0.633362 0.968945 0.635261 0.865253 0.716122 0.866037 0.987821 0.964563 0.501440 0.531828 0.578259 0.511952 0.464365 0.515580 0.786299 0.578968 0.653207 0.557785 0.627658 0.687173 0.630067 0.641237 0.914052 0.897808 0.550961 0.573199 0.373479 0.446010 0.593715 0.657739 0.341192 0.310903 0.461144 0.461789 0.838501 0.658980 0.508144 0.564120 0.425778 0.511570 0.771147 0.737711 0.541110 0.680931 0.551883 0.546645 0.544803 0.481336 0.608810 0.632800 0.429378 0.324396 0.913956 0.778860 0.830421 0.647708 0.714009 0.852045 0.728165 0.919914 0.635863 0.752434 0.514073 0.701345 0.668383 0.592436 0.752025 0.776195 0.724618 0.839015 0.511064 0.652085 0.878147 0.890106 0.798207 0.808585 0.862131 0.674381 0.581505 0.705293 0.631701 0.890781
0.621455 0.775301 0.579843 0.709858 0.947022 0.812337 0.728384 0.830041 0.991007 0.932204 0.813493 0.644676 0.591086 0.629847 0.506242 0.530999 0.735840 0.726940 0.693259 0.832636 0.702945 0.942684 0.499799 0.520720 0.000000 0.449432 0.797923 0.963276 0.675602 0.625834 0.432382 0.481063 0.594339 0.691637 0.568129 0.917251 0.579950 0.874480 0.611151 0.813384 0.983775 0.916833 0.705819 0.704098 0.730824 0.703625 0.609527 0.638550 0.982509 0.881498 0.808061 0.788367 0.840210 0.964024 0.618047 0.785691 0.887384 0.904855 0.756576 0.720488 0.571063 0.706685 0.700566 0.761979 0.465245 0.597423 0.636618 0.686077 0.677564 0.680184 0.810138 0.863485 0.448943 0.626708 0.664810 0.937175 0.764912 0.897032 0.676718 0.636542 0.656614 0.663121 0.586648 0.726326 0.467851 0.466719 0.849284 0.936381 0.973418 0.769548 0.837605 0.716027 0.873577 0.760999 0.764196 0.856026 0.675372 0.954936 0.937317 0.949080 0.781719 0.974115 0.957892 0.945084 0.744958 0.829801 0.947391 0.958711 0.888686 0.797639 0.929105 0.855778 0.890947 0.868439 0.677185 0.925286
0.611655 0.762398 0.370859 0.432970 0.998932 0.616221 0.477078 0.570792 0.671814 0.769875 0.688930 0.577810 0.471206 0.576117 0.504805 0.485852 0.769125 0.669412 0.625555 0.726399 0.730387 0.888757 0.432692 0.441306 0.449432 0.000000 0.887402 0.972418 0.693451 0.585623 0.326723 0.463398 0.426587 0.494706 0.591758 0.867125 0.675968 0.922788 0.579037 0.552694 0.952141 0.929668 0.488570 0.448294 0.536728 0.507616 0.519102 0.490240 0.779727 0.577820 0.540099 0.495559 0.529469 0.624121 0.585492 0.637546 0.931782 0.873997 0.590181 0.571317 0.456033 0.549171 0.629711 0.717633 0.374670 0.391038 0.439262 0.445004 0.867049 0.726590 0.639717 0.514681 0.450798 0.425156 0.745342 0.818831 0.572376 0.827025 0.593243 0.473412 0.674631 0.548363 0.622648 0.655792 0.543046 0.420490 0.834709 0.827941 0.780639 0.622570 0.752462 0.926506 0.813156 0.824097 0.681569 0.808634 0.518939 0.809565 0.638067 0.621298 0.845393 0.667134 0.733248 0.740055 0.488996 0.700406 0.769296 0.813689 0.944351 0.799222 0.902140 0.723163 0.570375 0.813393 0.585157 0.846990
0.964479 0.824137 0.952880 0.957846 0.780779 0.887541 0.971992 0.892052 0.956613 0.984428 0.935800 0.990680 0.960684 0.961378 0.968828 0.951925 0.886330 0.952996 0.939147 0.900051 0.872439 0.764052 0.982150 0.997709 0.797923 0.887402 0.000000 0.946070 0.941014 0.896933 0.887463 0.975133 0.944192 0.881608 0.992357 0.779108 0.933338 0.861109 0.990174 0.907957 0.970922 0.960028 0.966137 0.930253 0.900496 0.935791 0.931947 0.951322 0.907945 0.894723 0.881751 0.905878 0.978979 0.866609 0.989973 0.972685 0.803779 0.808026 0.923286 0.932596 0.942614 0.955812 0.883174 0.839928 0.923137 0.947486 0.946893 0.925767 0.926332 0.857523 0.877444 0.911179 0.954879 0.849172 0.877635 0.988251 0.919155 0.886077 0.999998 0.868460 0.896615 0.984790 0.984304 0.889886 0.870040 0.888107 0.865283 0.975421 0.762655 0.952115 0.931625 0.990079 0.969591 0.920118 0.930805 0.910083 0.937610 0.684169 0.898261 0.911159 0.886037 0.869109 0.815566 0.782247 0.956242 0.875077 0.899490 0.931574 0.898946 0.995042 0.933770 0.904649 0.917764 0.941252 0.934310 0.902797
0.838021 0.858878 0.949176 0.958669 0.918867 0.684660 0.997763 0.987947 0.977007 0.918542 0.853036 0.872087 0.952842 0.922809 0.910256 0.853875 0.840672 0.821830 0.893179 0.804563 0.881377 0.726039 0.995883 0.917752 0.963276 0.972418 0.946070 0.000000 0.826583 0.874497 0.996972 0.993784 0.926275 0.920958 0.868447 0.942127 0.897635 0.893281 0.985032 0.998441 0.810517 0.957873 0.998556 0.948745 0.940323 0.990660 0.924383 0.992403 0.899719 0.952771 0.938264 0.954990 0.985307 0.977709 0.898414 0.886824 0.817803 0.802556 0.973647 0.946473 0.986492 0.984253 0.834799 0.817830 0.872394 0.880287 0.977808 0.995475 0.789993 0.964984 0.898326 0.963039 0.980308 0.953519 0.949197 0.990599 0.942748 0.884885 0.991966 0.847873 0.842483 0.859820 0.956610 0.902020 0.996721 0.949179 0.891716 0.975671 0.852606 0.888620 0.974186 0.950542 0.957232 0.989073 0.842268 0.844194 0.975506 0.993416 0.963811 0.936653 0.828537 0.998142 0.940645 0.801607 0.913273 0.983350 0.915780 0.788291 0.931231 0.894719 0.906595 0.976086 0.941682 0.889206 0.954216 0.877344
0.271095 0.279304 0.583416 0.538100 0.884257 0.827919 0.579855 0.502313 0.966074 0.737413 0.437912 0.302473 0.447061 0.450444 0.458421 0.428159 0.290637 0.222754 0.315343 0.323118 0.699465 0.727963 0.522220 0.541115 0.675602 0.693451 0.941014 0.826583 0.000000 0.207103 0.482343 0.498789 0.406995 0.315928 0.760050 0.897418 0.557724 0.747073 0.757767 0.831913 0.849626 0.792963 0.545915 0.475989 0.594371 0.511446 0.514337 0.444601 0.666903 0.578276 0.697552 0.706100 0.778888 0.856757 0.666156 0.790845 0.343506 0.338834 0.519151 0.467562 0.411938 0.502790 0.281387 0.290323 0.629624 0.551755 0.582424 0.487577 0.505064 0.397560 0.587192 0.610249 0.483517 0.487011 0.752544 0.653296 0.541177 0.442300 0.561828 0.478335 0.305665 0.334743 0.469644 0.414312 0.490591 0.498872 0.894180 0.934405 0.982572 0.575735 0.941050 0.979822 0.935173 0.943264 0.598268 0.721452 0.693421 0.754491 0.621103 0.532689 0.875942 0.816046 0.680612 0.625861 0.588957 0.658568 0.940376 0.904293 0.946067 0.760952 0.874161 0.561446 0.697850 0.655755 0.714903 0.992394
0.254081 0.295743 0.487117 0.505704 0.891993 0.786077 0.499070 0.457064 0.913956 0.661267 0.372380 0.270820 0.415134 0.477430 0.443429 0.399328 0.291521 0.195593 0.287419 0.278271 0.681462 0.764563 0.474012 0.499829 0.625834 0.585623 0.896933 0.874497 0.207103 0.000000 0.381106 0.424120 0.338235 0.239889 0.709564 0.824159 0.576896 0.719113 0.684844 0.869775 0.917616 0.843869 0.489633 0.390627 0.539328 0.444902 0.468699 0.391206 0.672405 0.507235 0.638833 0.625577 0.676702 0.765803 0.628545 0.795033 0.386190 0.352426 0.516307 0.487138 0.384902 0.484995 0.271635 0.287116 0.596227 0.524964 0.520540 0.424568 0.459437 0.391402 0.558039 0.560453 0.396648 0.348464 0.743451 0.567856 0.605923 0.466796 0.473257 0.432628 0.299693 0.270560 0.456725 0.394151 0.542488 0.504060 0.962378 0.900605 0.941974 0.648464 0.914140 0.992692 0.958670 0.933341 0.517402 0.711895 0.566498 0.716782 0.590404 0.508509 0.802845 0.680466 0.566100 0.621971 0.549753 0.625868 0.959283 0.925216 0.942578 0.779117 0.853322 0.581796 0.621633 0.749705 0.692122 0.936016
0.394926 0.486033 0.294026 0.326099 0.835241 0.612507 0.335580 0.390298 0.641013 0.611293 0.560178 0.405275 0.409049 0.497119 0.338382 0.353200 0.512587 0.486044 0.425643 0.529946 0.636369 0.751581 0.257078 0.349083 0.432382 0.326723 0.887463 0.996972 0.482343 0.381106 0.000000 0.310419 0.234816 0.295719 0.482181 0.730538 0.581940 0.747838 0.640106 0.798645 0.977512 0.882466 0.323320 0.297091 0.313754 0.287214 0.300134 0.298964 0.563158 0.458716 0.438439 0.404606 0.466301 0.626323 0.510901 0.611841 0.670023 0.662984 0.418631 0.408375 0.307293 0.406144 0.424868 0.488023 0.342221 0.336004 0.267578 0.293455 0.718746 0.477875 0.401483 0.393576 0.344092 0.308497 0.638665 0.680977 0.464691 0.574024 0.419262 0.418817 0.430181 0.455229 0.458400 0.506613 0.475224 0.403911 0.861352 0.920627 0.861762 0.603676 0.762294 0.931285 0.786244 0.936729 0.589350 0.674473 0.372125 0.717976 0.496688 0.493562 0.736910 0.654327 0.595901 0.631175 0.418395 0.498694 0.717172 0.797811 0.838304 0.797670 0.720655 0.604686 0.494647 0.692013 0.442556 0.894682
0.500115 0.631321 0.423329 0.451227 0.936546 0.716508 0.483034 0.496475 0.703274 0.564695 0.575052 0.480741 0.537760 0.585859 0.400199 0.437385 0.522789 0.472017 0.422951 0.447431 0.728609 0.701539 0.404562 0.420311 0.481063 0.463398 0.975133 0.993784 0.498789 0.424120 0.310419 0.000000 0.350246 0.388654 0.670169 0.903869 0.639889 0.864701 0.626611 0.837278 0.980350 0.870184 0.455073 0.438248 0.544414 0.538258 0.511510 0.450700 0.738366 0.724279 0.761389 0.733142 0.775545 0.940132 0.774253 0.806671 0.664400 0.725787 0.622314 0.689059 0.564840 0.698363 0.567364 0.629400 0.572435 0.572134 0.532989 0.556412 0.705366 0.639328 0.632128 0.599206 0.479736 0.499268 0.639570 0.813829 0.592150 0.580796 0.523607 0.500744 0.578900 0.545424 0.667161 0.701034 0.682075 0.584463 0.966253 0.925062 0.976427 0.791123 0.860929 0.979241 0.927929 0.993659 0.702424 0.697276 0.520013 0.808418 0.601962 0.549535 0.853081 0.724060 0.685238 0.602942 0.590790 0.671682 0.928435 0.888387 0.973445 0.852934 0.749484 0.658295 0.576783 0.794090 0.562863 0.846019
0.347878 0.418555 0.314523 0.314812 0.840160 0.616917 0.283885 0.296299 0.637516 0.508562 0.508880 0.350683 0.366699 0.485377 0.354684 0.299059 0.399232 0.355816 0.337394 0.406755 0.655242 0.678367 0.258790 0.398173 0.594339 0.426587 0.944192 0.926275 0.406995 0.338235 0.234816 0.350246 0.000000 0.231973 0.625804 0.724391 0.599184 0.765735 0.740932 0.758844 0.993683 0.792400 0.259430 0.222741 0.305904 0.260344 0.299559 0.283597 0.541373 0.403156 0.415093 0.382506 0.452265 0.570928 0.572807 0.579832 0.550927 0.515071 0.363191 0.380696 0.301053 0.365012 0.338210 0.402655 0.352009 0.324020 0.252102 0.257791 0.720279 0.447075 0.338988 0.339173 0.418065 0.343003 0.744802 0.612074 0.356690 0.528561 0.340583 0.416156 0.384144 0.371575 0.449303 0.525593 0.448418 0.382482 0.981802 0.971384 0.912694 0.668742 0.604638 0.733680 0.624522 0.814003 0.544656 0.613777 0.385558 0.638027 0.381017 0.351453 0.661817 0.540697 0.545571 0.538549 0.298708 0.387562 0.763426 0.702746 0.914329 0.767368 0.714692 0.508290 0.428299 0.655532 0.441328 0.869625
0.303075 0.371332 0.337255 0.332834 0.862593 0.601638 0.272832 0.282956 0.618169 0.466673 0.414028 0.337070 0.416446 0.541078 0.446102 0.380724 0.355457 0.268708 0.271283 0.300886 0.627188 0.693849 0.358411 0.435083 0.691637 0.494706 0.881608 0.920958 0.315928 0.239889 0.295719 0.388654 0.231973 0.000000 0.592507 0.778533 0.595127 0.753333 0.747024 0.759850 0.996327 0.872862 0.284945 0.219166 0.313421 0.265846 0.314243 0.294540 0.501380 0.379001 0.449314 0.419127 0.471226 0.602623 0.557861 0.602808 0.460230 0.462882 0.368452 0.390218 0.307853 0.416508 0.298934 0.360949 0.447767 0.379936 0.303507 0.274299 0.675332 0.437244 0.435341 0.422858 0.477781 0.385660 0.716435 0.562548 0.423613 0.512129 0.391556 0.347538 0.339500 0.318834 0.522214 0.461797 0.503992 0.479428 0.987150 0.995344 0.973665 0.692292 0.654440 0.724616 0.681094 0.783974 0.482263 0.638294 0.463887 0.656386 0.371067 0.338577 0.683592 0.583995 0.502947 0.438424 0.373956 0.460691 0.745520 0.723588 0.900647 0.832043 0.751615 0.431240 0.438817 0.669380 0.456360 0.889733
0.645317 0.730532 0.607019 0.676632 0.850628 0.568261 0.611900 0.723080 0.743965 0.836491 0.866282 0.681974 0.605331 0.823248 0.622178 0.600121 0.812588 0.801888 0.801436 0.799736 0.737564 0.838479 0.500069 0.633362 0.568129 0.591758 0.992357 0.868447 0.760050 0.709564 0.482181 0.670169 0.625804 0.592507 0.000000 0.878362 0.698344 0.800236 0.808943 0.882919 0.964650 0.836494 0.597964 0.600521 0.537091 0.549630 0.644648 0.580083 0.762473 0.553503 0.564813 0.519860 0.549382 0.648342 0.593780 0.689908 0.892710 0.821536 0.631557 0.559577 0.543696 0.652526 0.613112 0.673044 0.601221 0.621570 0.541420 0.528477 0.846931 0.664475 0.600951 0.637439 0.662027 0.584510 0.773755 0.833128 0.759501 0.737837 0.661747 0.672019 0.631343 0.705269 0.709745 0.855600 0.608225 0.615837 0.876558 0.997577 0.828504 0.796550 0.870239 0.989498 0.813322 0.940719 0.650257 0.785022 0.618386 0.866480 0.674434 0.771047 0.942581 0.878862 0.880624 0.903818 0.608450 0.607123 0.765807 0.814663 0.730816 0.905898 0.673599 0.744200 0.790606 0.943419 0.724964 0.769326
0.859524 0.689468 0.848119 0.790951 0.838226 0.899627 0.702551 0.706868 0.725959 0.644226 0.951962 0.913047 0.910455 0.938211 0.979469 0.896592 0.713777 0.887498 0.797418 0.901879 0.896396 0.866342 0.830701 0.968945 0.917251 0.867125 0.779108 0.942127 0.897418 0.824159 0.730538 0.903869 0.724391 0.778533 0.878362 0.000000 0.873628 0.649762 0.973833 0.938866 0.948268 0.816693 0.601686 0.592309 0.534215 0.602351 0.720223 0.649711 0.566734 0.566477 0.592837 0.597897 0.671192 0.648633 0.853094 0.837707 0.768954 0.752721 0.650402 0.720511 0.825571 0.797807 0.764951 0.736639 0.879478 0.835286 0.597471 0.660150 0.944054 0.637206 0.585508 0.461795 0.882407 0.728599 0.954442 0.980883 0.742961 0.689645 0.723905 0.879708 0.765673 0.884219 0.848464 0.778042 0.986893 0.952673 0.951572 0.934840 0.912229 0.984194 0.657848 0.688479 0.703957 0.740216 0.781856 0.819729 0.679416 0.652741 0.617968 0.601798 0.637417 0.570775 0.663118 0.713892 0.744251 0.708850 0.666753 0.802967 0.801130 0.982406 0.588721 0.752172 0.653752 0.784400 0.685912 0.747967
0.565851 0.657949 0.679152 0.705188 0.927714 0.952937 0.750814 0.787569 0.962158 0.922797 0.777192 0.568887 0.624544 0.662031 0.631179 0.623990 0.675434 0.636632 0.668963 0.711571 0.703597 0.943226 0.571856 0.635261 0.579950 0.675968 0.933338 0.897635 0.557724 0.576896 0.581940 0.639889 0.599184 0.595127 0.698344 0.873628 0.000000 0.836468 0.639071 0.749226 0.984677 0.932592 0.705124 0.651792 0.712230 0.670665 0.650199 0.575845 0.839681 0.730443 0.743334 0.757065 0.812155 0.930850 0.806224 0.860329 0.681975 0.719962 0.723920 0.634993 0.607565 0.653321 0.621776 0.633421 0.615926 0.649991 0.733459 0.647329 0.863929 0.675872 0.780571 0.828817 0.610075 0.582232 0.767957 0.817410 0.592784 0.768164 0.670648 0.754383 0.666965 0.710226 0.715790 0.786419 0.620513 0.668762 0.915456 0.852681 0.924052 0.784441 0.915105 0.917072 0.998714 0.834403 0.720466 0.764495 0.784595 0.916114 0.798902 0.758347 0.885542 0.976207 0.736836 0.820952 0.611953 0.697584 0.983967 0.944186 0.915590 0.821638 0.939722 0.699335 0.811779 0.958367 0.762367 0.794425
0.686498 0.613986 0.850104 0.934919 0.972352 0.834709 0.875081 0.856978 0.975429 0.883337 0.884943 0.713309 0.824091 0.867786 0.907551 0.818067 0.670910 0.735437 0.915692 0.812073 0.892447 0.856616 0.852340 0.865253 0.874480 0.922788 0.861109 0.893281 0.747073 0.719113 0.747838 0.864701 0.765735 0.753333 0.800236 0.649762 0.836468 0.000000 0.894331 0.957860 0.898298 0.985845 0.766384 0.718859 0.672619 0.665972 0.769988 0.713074 0.725025 0.649959 0.600134 0.645494 0.729874 0.726521 0.847714 0.824051 0.611837 0.603497 0.711241 0.632658 0.713181 0.707604 0.622558 0.573463 0.825901 0.820093 0.739803 0.670700 0.865191 0.688412 0.742000 0.751531 0.712269 0.665932 0.872230 0.966696 0.899647 0.663311 0.816004 0.891227 0.740527 0.886507 0.746714 0.887114 0.861941 0.901085 0.854619 0.919555 0.971746 0.985245 0.994439 0.971233 0.928737 0.949814 0.835123 0.843693 0.838370 0.772829 0.758468 0.817850 0.815698 0.787343 0.703176 0.868033 0.808075 0.660378 0.791735 0.878653 0.946040 0.834739 0.694998 0.825877 0.918154 0.854345 0.769757 0.799867
