0.000000 0.266232 0.733204 0.876812 0.968595 0.826365 0.433964 0.437025 0.862841 0.507415 0.254799 0.240704 0.335119 0.433376 0.411772 0.517332 0.287497 0.272437 0.331398 0.302832 0.885159 0.883431 0.375062 0.967686 0.911413 0.917823 0.935210 0.917452 0.267989 0.299121 0.533266 0.494750 0.381597 0.362639 0.980002 0.964524 0.616353 0.821103 0.888143 0.952169 0.672759 0.796507 0.794588 0.682668 0.763849 0.659089 0.612491 0.549950 0.633379 0.671752 0.808310 0.784530 0.837525 0.883869 0.753822 0.729074 0.313087 0.285085 0.402487 0.370138 0.333236 0.520067 0.257242 0.263604 0.954043 0.957813 0.784831 0.797125 0.318371 0.315367 0.526371 0.585388 0.612648 0.642361 0.685243 0.910788 0.588445 0.665921 0.505880 0.332452 0.235449 0.314072 0.610253 0.565450 0.713000 0.961648 0.941404 0.799998 0.818648 0.662939 0.983516 0.962212 0.967583 0.808651 0.694505 0.837703 0.747001 0.912259 0.536572 0.546901 0.812345 0.767482 0.528064 0.568379 0.580953 0.618783 0.904971 0.894437 0.949941 0.796739 0.877862 0.674455 0.547485 0.784599 0.884109 0.829552
0.266232 0.000000 0.794413 0.881649 0.922279 0.851018 0.389030 0.365710 0.830924 0.411720 0.377882 0.317909 0.515603 0.542745 0.511057 0.604800 0.214197 0.207263 0.336248 0.297556 0.993516 0.818508 0.422709 0.989021 0.822246 0.892985 0.895685 0.986176 0.256549 0.269668 0.522107 0.491410 0.340625 0.300905 0.929476 0.819721 0.662238 0.807734 0.994989 0.940003 0.796232 0.677959 0.559343 0.457002 0.530574 0.469094 0.542662 0.425905 0.453185 0.509055 0.604610 0.593720 0.667702 0.899186 0.784739 0.720388 0.210174 0.197977 0.407372 0.377743 0.450327 0.593263 0.230312 0.220012 0.883494 0.893044 0.712240 0.694249 0.402728 0.291301 0.452762 0.500295 0.599655 0.571753 0.760585 0.837651 0.492261 0.499775 0.443125 0.369988 0.223398 0.362129 0.567651 0.605127 0.790079 0.914513 0.769227 0.768258 0.862684 0.790356 0.768935 0.746361 0.822715 0.955739 0.598860 0.828843 0.678519 0.736557 0.374229 0.363391 0.746519 0.592642 0.386298 0.421042 0.498409 0.506774 0.792177 0.895476 0.971864 0.837754 0.742450 0.516041 0.475632 0.668167 0.803666 0.896457
0.733204 0.794413 0.000000 0.292184 0.964180 0.759805 0.389194 0.563367 0.983042 0.986521 0.775642 0.833109 0.766108 0.634419 0.726689 0.622660 0.776887 0.708146 0.680606 0.675139 0.594937 0.794921 0.492734 0.442786 0.428538 0.385022 0.767566 0.856049 0.882079 0.788120 0.470574 0.485473 0.511865 0.579909 0.519517 0.700156 0.712824 0.748932 0.454957 0.763101 0.955121 0.943147 0.572184 0.615480 0.666655 0.681899 0.512124 0.520294 0.998884 0.925352 0.866329 0.900868 0.888320 0.929333 0.753954 0.777130 0.817693 0.844316 0.868219 0.837810 0.706182 0.733007 0.855512 0.936530 0.469916 0.464054 0.346319 0.441124 0.789247 0.855209 0.649737 0.626120 0.635826 0.676549 0.723979 0.946554 0.676944 0.826354 0.739386 0.659262 0.766820 0.665236 0.726576 0.774476 0.664002 0.509334 0.896466 0.991535 0.985574 0.682009 0.913221 0.948096 0.765445 0.767878 0.749919 0.740600 0.493499 0.909654 0.794632 0.759301 0.834191 0.852633 0.885323 0.886184 0.594856 0.817298 0.967006 0.873548 0.969907 0.866556 0.869836 0.971448 0.819069 0.855999 0.853761 0.975590
0.876812 0.881649 0.292184 0.000000 0.851002 0.764096 0.471345 0.543942 0.948844 0.977504 0.875485 0.974763 0.915183 0.711410 0.835126 0.695818 0.854294 0.796864 0.726457 0.736255 0.623290 0.784504 0.559535 0.457305 0.468768 0.371835 0.658692 0.808620 0.945496 0.872410 0.570470 0.511011 0.633110 0.663141 0.490588 0.637949 0.754109 0.847459 0.536131 0.828856 0.935859 0.972460 0.589764 0.651012 0.710281 0.736260 0.549751 0.614400 0.981462 0.877821 0.875522 0.892057 0.892154 0.966663 0.814365 0.845664 0.853602 0.891059 0.916926 0.889250 0.953300 0.856312 0.986459 0.941544 0.528645 0.468237 0.375833 0.454150 0.851867 0.949677 0.634606 0.642894 0.738677 0.752038 0.962309 0.970602 0.657751 0.775539 0.764260 0.750227 0.856035 0.684698 0.764760 0.810044 0.742309 0.526217 0.941482 0.844964 0.930105 0.700493 0.759924 0.929607 0.654180 0.663115 0.813497 0.722914 0.573525 0.847587 0.817277 0.736387 0.780455 0.886304 0.915662 0.845015 0.606864 0.810949 0.992860 0.900113 0.982886 0.917255 0.843904 0.948838 0.757586 0.842278 0.988890 0.828494
0.968595 0.922279 0.964180 0.851002 0.000000 0.987179 0.938649 0.882998 0.988633 0.975796 0.970865 0.936378 0.994598 0.901792 0.939933 0.921853 0.922423 0.955940 0.983140 0.939452 0.827130 0.948936 0.907182 0.945536 0.970502 0.940974 0.891828 0.873447 0.969947 0.961195 0.946883 0.988906 0.997114 0.943540 0.980583 0.880665 0.851444 0.956422 0.851510 0.925710 0.851369 0.995548 0.929231 0.940470 0.904106 0.901124 0.937980 0.917446 0.904352 0.817626 0.825561 0.776841 0.814539 0.774670 0.916530 0.993617 0.907921 0.896178 0.893579 0.879975 0.917667 0.795539 0.893888 0.876926 0.917515 0.825029 0.879663 0.868998 0.950478 0.963957 0.857615 0.763806 0.953193 0.928891 0.946085 0.888030 0.984618 0.948305 0.919173 0.981126 0.879827 0.886996 0.838770 0.995464 0.899286 0.898617 0.868941 0.846170 0.892995 0.929264 0.705488 0.939478 0.786567 0.914751 0.994559 0.981882 0.928223 0.837120 0.906219 0.836571 0.797611 0.983469 0.990515 0.914711 0.824193 0.967169 0.780647 0.940347 0.757239 0.898700 0.879780 0.837473 0.799760 0.986453 0.945252 0.923486
0.826365 0.851018 0.759805 0.764096 0.987179 0.000000 0.769902 0.913516 0.949189 0.890238 0.802602 0.697303 0.622240 0.672357 0.661931 0.463055 0.861703 0.823328 0.717188 0.791179 0.708548 0.761896 0.667212 0.645659 0.831623 0.775162 0.787042 0.593656 0.882255 0.821123 0.843138 0.737048 0.779034 0.749437 0.987041 0.955729 0.964244 0.907647 0.737504 0.958544 0.914003 0.985665 0.937792 0.902242 0.865675 0.899564 0.975710 0.878097 0.890737 0.948268 0.862961 0.943508 0.906800 0.868019 0.873662 0.894518 0.931171 0.905824 0.973411 0.965847 0.923574 0.937161 0.900235 0.928318 0.963768 0.955546 0.919253 0.965094 0.890995 0.794130 0.876173 0.828210 0.814541 0.740178 0.696068 0.839100 0.895915 0.729981 0.866421 0.730220 0.832928 0.741184 0.992506 0.886357 0.856667 0.854956 0.855663 0.796386 0.842408 0.992653 0.951327 0.955090 0.988662 0.934614 0.890358 0.795610 0.868481 0.984076 0.982421 0.908820 0.834332 0.970275 0.918477 0.919151 0.771044 0.920760 0.795105 0.920626 0.957482 0.897165 0.910698 0.968882 0.907287 0.865352 0.973233 0.937333
0.433964 0.389030 0.389194 0.471345 0.938649 0.769902 0.000000 0.266369 0.737193 0.514010 0.512892 0.545630 0.577599 0.597348 0.562869 0.578439 0.411912 0.383228 0.354182 0.367656 0.717447 0.776196 0.305115 0.722588 0.816578 0.729800 0.997144 0.944161 0.493979 0.442420 0.313240 0.333868 0.281531 0.268806 0.644494 0.655040 0.634126 0.795773 0.729319 0.890416 0.880114 0.775322 0.401318 0.377475 0.430485 0.425247 0.434916 0.348311 0.582868 0.571606 0.606381 0.615573 0.655083 0.917200 0.848881 0.769085 0.393899 0.415937 0.457609 0.496916 0.515683 0.648352 0.430906 0.483361 0.870496 0.857877 0.414409 0.520459 0.573065 0.518632 0.431974 0.404173 0.601559 0.556636 0.716528 0.881872 0.486574 0.545120 0.481723 0.467439 0.461430 0.537317 0.680301 0.722673 0.828102 0.905517 0.945313 0.857279 0.956882 0.789033 0.661174 0.761351 0.712101 0.783413 0.656348 0.702028 0.409089 0.736632 0.381700 0.358549 0.675657 0.618541 0.474447 0.481739 0.452559 0.557710 0.733882 0.832530 0.820057 0.815342 0.667329 0.692532 0.529804 0.665264 0.766799 0.980706
0.437025 0.365710 0.563367 0.543942 0.882998 0.913516 0.266369 0.000000 0.759921 0.435124 0.472550 0.548966 0.662814 0.637523 0.700413 0.737052 0.362022 0.389187 0.396053 0.353722 0.900184 0.857038 0.434172 0.897732 0.959197 0.917450 0.958250 0.946488 0.426576 0.440729 0.440537 0.406855 0.376601 0.348878 0.772005 0.699009 0.700321 0.915007 0.928892 0.950624 0.865095 0.720177 0.483999 0.494627 0.452923 0.464664 0.514217 0.484697 0.507582 0.556110 0.635496 0.640355 0.714737 0.944772 0.880186 0.746395 0.345775 0.352205 0.459418 0.471202 0.622928 0.629179 0.425495 0.431869 0.973162 0.965942 0.536894 0.602548 0.557770 0.489919 0.413549 0.460108 0.671015 0.708664 0.811427 0.995428 0.443497 0.592660 0.505356 0.525940 0.431816 0.525054 0.683236 0.729922 0.952285 0.941733 0.881496 0.806742 0.888911 0.794216 0.576474 0.681293 0.652039 0.815012 0.633608 0.738860 0.484749 0.692089 0.338871 0.330620 0.580677 0.595890 0.426053 0.425188 0.454079 0.540733 0.745321 0.801044 0.859854 0.855091 0.601163 0.599995 0.386698 0.602754 0.784626 0.970852
0.862841 0.830924 0.983042 0.948844 0.988633 0.949189 0.737193 0.759921 0.000000 0.567904 0.758925 0.827174 0.733931 0.943696 0.937042 0.980774 0.902348 0.989022 0.907851 0.942013 0.937619 0.900186 0.981790 0.720390 0.749207 0.768450 0.765113 0.981035 0.914842 0.996784 0.950064 0.982495 0.945379 0.832705 0.840181 0.897239 0.806794 0.939159 0.807383 0.996306 0.996836 0.928330 0.967390 0.903841 0.868886 0.782513 0.958720 0.865994 0.689658 0.691611 0.714480 0.735848 0.728316 0.815609 0.834436 0.990080 0.953702 0.856129 0.542245 0.718662 0.722919 0.761862 0.760373 0.784140 0.787290 0.785712 0.974526 0.897822 0.909124 0.823910 0.980822 0.980319 0.803399 0.895214 0.890301 0.974119 0.952707 0.923100 0.868890 0.970501 0.964771 0.861429 0.835270 0.795398 0.819125 0.683291 0.941934 0.784940 0.839712 0.998515 0.887333 0.911312 0.906482 0.864409 0.965016 0.951831 0.993122 0.984105 0.788725 0.747629 0.996282 0.927966 0.669011 0.730656 0.910152 0.926473 0.865370 0.858556 0.720304 0.987673 0.836401 0.945655 0.879580 0.895659 0.656260 0.987943
0.507415 0.411720 0.986521 0.977504 0.975796 0.890238 0.514010 0.435124 0.567904 0.000000 0.519116 0.491281 0.538938 0.721868 0.618166 0.771244 0.462918 0.530367 0.436687 0.448942 0.956073 0.845203 0.591394 0.809816 0.546950 0.627155 0.733387 0.949929 0.425139 0.457478 0.683406 0.646427 0.553167 0.485959 0.797506 0.903643 0.888061 0.931594 0.830413 0.820438 0.980429 0.740107 0.712727 0.655428 0.651536 0.620226 0.747596 0.676663 0.405354 0.520499 0.667900 0.659178 0.739782 0.909676 0.920426 0.947376 0.466995 0.406381 0.383982 0.513461 0.699202 0.892954 0.394685 0.388969 0.492921 0.510947 0.943581 0.865305 0.569758 0.463768 0.623490 0.666022 0.840932 0.836628 0.783197 0.828936 0.587475 0.607284 0.482914 0.622237 0.500053 0.741015 0.941497 0.883092 0.773444 0.503933 0.773052 0.662569 0.895047 0.907553 0.721847 0.616039 0.938728 0.956366 0.800174 0.940128 0.720009 0.730436 0.407537 0.412588 0.754852 0.653344 0.412779 0.465403 0.799303 0.685156 0.794821 0.871813 0.780247 0.874588 0.777400 0.740617 0.520546 0.760596 0.894518 0.990318
0.254799 0.377882 0.775642 0.875485 0.970865 0.802602 0.512892 0.472550 0.758925 0.519116 0.000000 0.341241 0.341850 0.523295 0.541522 0.613594 0.415323 0.422854 0.431758 0.389435 0.992977 0.866450 0.517595 0.986182 0.884639 0.900269 0.894924 0.920436 0.406740 0.416889 0.631607 0.586562 0.496171 0.526299 0.943380 0.907903 0.698470 0.874705 0.947159 0.992485 0.715587 0.712411 0.927103 0.814566 0.848404 0.766364 0.800495 0.733194 0.707033 0.761797 0.900147 0.869845 0.891409 0.859683 0.860985 0.769217 0.460323 0.407016 0.460070 0.470519 0.413395 0.585610 0.361866 0.387105 0.887604 0.932588 0.859289 0.903418 0.347548 0.427151 0.561822 0.553500 0.696393 0.765071 0.683669 0.939000 0.624882 0.670833 0.637565 0.416234 0.351877 0.430180 0.762808 0.703850 0.854963 0.853109 0.989381 0.721747 0.812077 0.768799 0.946117 0.942154 0.967101 0.904083 0.787315 0.882241 0.764220 0.922137 0.587438 0.605109 0.824858 0.770231 0.529715 0.575375 0.652654 0.669514 0.951987 0.972469 0.851872 0.807684 0.896172 0.726927 0.592059 0.831628 0.869126 0.935401
0.240704 0.317909 0.833109 0.974763 0.936378 0.697303 0.545630 0.548966 0.827174 0.491281 0.341241 0.000000 0.287456 0.451344 0.391070 0.411837 0.325190 0.345712 0.411494 0.419990 0.904376 0.884938 0.391178 0.931562 0.881334 0.902588 0.919934 0.982616 0.319969 0.332433 0.632948 0.566005 0.445179 0.439316 0.962595 0.959341 0.738855 0.943960 0.951623 0.993534 0.785336 0.877843 0.838975 0.711552 0.857673 0.723443 0.733929 0.616710 0.672228 0.670330 0.802164 0.740843 0.834898 0.989779 0.821065 0.791480 0.423561 0.348915 0.466612 0.414010 0.346135 0.529794 0.258674 0.279611 0.915670 0.938448 0.904810 0.898218 0.402888 0.344652 0.598773 0.643059 0.593309 0.566236 0.639038 0.860787 0.656356 0.658263 0.511206 0.360274 0.272539 0.367940 0.649392 0.633179 0.718683 0.955444 0.890172 0.894690 0.853902 0.718446 0.967378 0.988112 0.901894 0.677175 0.702873 0.873203 0.804879 0.960027 0.645313 0.591586 0.906343 0.808822 0.612449 0.670424 0.591274 0.636016 0.937668 0.896687 0.977465 0.814638 0.955323 0.720018 0.552406 0.880713 0.861277 0.886931
0.335119 0.515603 0.766108 0.915183 0.994598 0.622240 0.577599 0.662814 0.733931 0.538938 0.341850 0.287456 0.000000 0.431529 0.405055 0.367542 0.544351 0.559663 0.477664 0.546343 0.814843 0.912936 0.418278 0.818807 0.960160 0.947628 0.986802 0.955951 0.466073 0.451586 0.675392 0.589243 0.553477 0.541239 0.860354 0.928463 0.741217 0.987415 0.839223 0.974933 0.803339 0.958194 0.970397 0.841936 0.985861 0.844678 0.793865 0.737563 0.807031 0.763267 0.908405 0.843552 0.899773 0.924232 0.838077 0.836522 0.650368 0.540903 0.528295 0.542234 0.374877 0.639114 0.408763 0.457734 0.935768 0.925346 0.984578 0.960910 0.440068 0.467498 0.704891 0.736610 0.662094 0.694693 0.690050 0.913504 0.756504 0.726896 0.601567 0.451188 0.465545 0.497351 0.772001 0.690826 0.776413 0.957794 0.952288 0.942960 0.795915 0.820142 0.814961 0.879738 0.718923 0.702631 0.814545 0.903733 0.818901 0.961253 0.773828 0.756643 0.989896 0.888918 0.702072 0.768858 0.785917 0.790755 0.945961 0.789863 0.842540 0.748747 0.963326 0.933840 0.716079 0.997582 0.899751 0.926688
0.433376 0.542745 0.634419 0.711410 0.901792 0.672357 0.597348 0.637523 0.943696 0.721868 0.523295 0.451344 0.431529 0.000000 0.353664 0.396116 0.578648 0.527678 0.422150 0.430892 0.746289 0.800519 0.405534 0.620711 0.860584 0.837999 0.916503 0.934317 0.492896 0.451614 0.584854 0.441778 0.533873 0.516053 0.983116 0.962366 0.790428 0.977971 0.682205 0.800028 0.826490 0.962537 0.810620 0.772499 0.992047 0.866516 0.620296 0.671322 0.906583 0.952451 0.958986 0.993878 0.976329 0.757136 0.703119 0.801481 0.658565 0.641662 0.804465 0.760122 0.657638 0.803079 0.629138 0.640048 0.862395 0.888530 0.907891 0.888578 0.458614 0.523190 0.786471 0.838478 0.572017 0.728222 0.775077 0.938991 0.613214 0.711835 0.631502 0.448970 0.471132 0.345033 0.542041 0.547132 0.621374 0.785968 0.914249 0.906291 0.963134 0.745251 0.797762 0.846731 0.807607 0.686060 0.689852 0.869226 0.807184 0.929249 0.847795 0.802430 0.996679 0.884650 0.765689 0.781303 0.721354 0.776603 0.845155 0.816980 0.860312 0.783544 0.936713 0.936966 0.775228 0.923043 0.946616 0.920761
0.411772 0.511057 0.726689 0.835126 0.939933 0.661931 0.562869 0.700413 0.937042 0.618166 0.541522 0.391070 0.405055 0.353664 0.000000 0.413403 0.510447 0.480378 0.417087 0.430899 0.806615 0.795325 0.413566 0.720188 0.969430 0.928849 0.946973 0.911978 0.483073 0.396875 0.527216 0.481646 0.499756 0.487410 0.969332 0.988355 0.777495 0.933759 0.769204 0.911359 0.801067 0.999906 0.794556 0.697146 0.935028 0.828348 0.678361 0.606605 0.827575 0.814467 0.939821 0.881562 0.959707 0.864821 0.871123 0.911889 0.641078 0.601736 0.632638 0.655293 0.576285 0.811286 0.546440 0.557561 0.984073 0.959930 0.914564 0.954275 0.398504 0.489535 0.757691 0.762522 0.559350 0.613975 0.714207 0.857515 0.676075 0.685765 0.466515 0.447185 0.462218 0.447324 0.636193 0.595950 0.744795 0.918384 0.988115 0.963970 0.888788 0.820948 0.848967 0.893248 0.748429 0.704957 0.731591 0.945757 0.770600 0.887162 0.767031 0.712101 0.975704 0.923404 0.696063 0.749429 0.798484 0.822217 0.974190 0.811443 0.980190 0.759332 0.901024 0.904924 0.781035 0.914001 0.988578 0.990677
0.517332 0.604800 0.622660 0.695818 0.921853 0.463055 0.578439 0.737052 0.980774 0.771244 0.613594 0.411837 0.367542 0.396116 0.413403 0.000000 0.571129 0.565255 0.471689 0.551393 0.714587 0.744827 0.367847 0.508965 0.751084 0.759783 0.868086 0.756841 0.588420 0.493354 0.607221 0.485369 0.519799 0.495804 0.962651 0.982778 0.840998 0.981673 0.703710 0.860753 0.969599 0.962766 0.732504 0.664237 0.970993 0.830723 0.689368 0.614210 0.954077 0.787109 0.897789 0.805996 0.895485 0.977543 0.769868 0.925092 0.719668 0.647190 0.726004 0.726977 0.597327 0.786302 0.591353 0.645916 0.823689 0.815082 0.848721 0.856168 0.604388 0.575247 0.705123 0.677379 0.548523 0.569658 0.725325 0.805672 0.725464 0.671178 0.596389 0.465844 0.554400 0.473985 0.709725 0.650731 0.661014 0.715140 0.808111 0.885356 0.985764 0.791914 0.883699 0.931850 0.851327 0.765769 0.772948 0.809677 0.750085 0.884000 0.817210 0.744560 0.998450 0.878822 0.813441 0.860789 0.647528 0.706611 0.923228 0.846984 0.903536 0.723460 0.933316 0.908793 0.729667 0.976813 0.990494 0.968545
0.287497 0.214197 0.776887 0.854294 0.922423 0.861703 0.411912 0.362022 0.902348 0.462918 0.415323 0.325190 0.544351 0.578648 0.510447 0.571129 0.000000 0.197508 0.343569 0.285054 0.978655 0.795249 0.412856 0.974430 0.885178 0.927680 0.941333 0.968417 0.292083 0.262333 0.469774 0.460189 0.328836 0.312366 0.920279 0.858145 0.747714 0.829375 0.997368 0.954651 0.801429 0.719996 0.527519 0.480882 0.535010 0.495796 0.542652 0.456796 0.486535 0.522627 0.633156 0.603350 0.698851 0.902088 0.816418 0.801048 0.233969 0.225907 0.428346 0.419927 0.498147 0.643599 0.249434 0.251408 0.899301 0.929609 0.701368 0.718737 0.447800 0.315900 0.423192 0.449690 0.568966 0.552831 0.709042 0.860638 0.499379 0.543748 0.420882 0.388558 0.230746 0.384462 0.580901 0.638006 0.818920 0.926803 0.784348 0.766780 0.882770 0.812519 0.756908 0.753129 0.824962 0.934541 0.652989 0.817624 0.665081 0.765684 0.395238 0.376323 0.682238 0.619720 0.451816 0.461108 0.474043 0.471448 0.791722 0.932167 0.995940 0.851379 0.772798 0.550556 0.437559 0.654932 0.789117 0.917772
0.272437 0.207263 0.708146 0.796864 0.955940 0.823328 0.383228 0.389187 0.989022 0.530367 0.422854 0.345712 0.559663 0.527678 0.480378 0.565255 0.197508 0.000000 0.327408 0.255439 0.908980 0.783095 0.363235 0.881778 0.986244 0.970634 0.947556 0.990773 0.272461 0.245464 0.431308 0.423053 0.313915 0.274011 0.819937 0.854191 0.666784 0.806954 0.885240 0.901899 0.716581 0.748326 0.515884 0.437198 0.530605 0.501065 0.537867 0.414174 0.543837 0.576358 0.680779 0.665123 0.730949 0.948708 0.750874 0.747822 0.213878 0.229915 0.490122 0.443258 0.509076 0.660691 0.280009 0.269189 0.967832 0.978441 0.644031 0.628846 0.425509 0.345065 0.423314 0.454147 0.523151 0.487977 0.775279 0.817248 0.468611 0.514080 0.434707 0.335213 0.216396 0.318613 0.519934 0.552281 0.743386 0.969171 0.831044 0.840018 0.902711 0.757105 0.762884 0.777289 0.781677 0.942769 0.580786 0.833273 0.647674 0.746258 0.426112 0.413624 0.778964 0.623684 0.456291 0.486912 0.465192 0.508723 0.819391 0.965040 0.977804 0.846426 0.768092 0.540220 0.483615 0.631635 0.845170 0.862629
0.331398 0.336248 0.680606 0.726457 0.983140 0.717188 0.354182 0.396053 0.907851 0.436687 0.431758 0.411494 0.477664 0.422150 0.417087 0.471689 0.343569 0.327408 0.000000 0.251909 0.797760 0.714625 0.343399 0.841782 0.996384 0.988362 0.966939 0.952929 0.301714 0.287515 0.404681 0.362563 0.315647 0.280206 0.975450 0.807871 0.722309 0.881668 0.838785 0.996748 0.890905 0.753298 0.574740 0.528713 0.656808 0.612891 0.544589 0.489702 0.588514 0.628624 0.785681 0.748330 0.867713 0.928280 0.914282 0.876410 0.365512 0.378976 0.486424 0.522979 0.632038 0.868948 0.393710 0.426667 0.862179 0.851562 0.760200 0.877693 0.431561 0.358685 0.502115 0.533405 0.585759 0.590459 0.719499 0.845918 0.522714 0.515037 0.476034 0.395428 0.383255 0.435187 0.698480 0.718460 0.912695 0.912759 0.790772 0.845384 0.975220 0.903481 0.847177 0.758497 0.945733 0.923737 0.786215 0.709930 0.681711 0.784129 0.448183 0.426556 0.746820 0.634136 0.465246 0.463698 0.606338 0.652930 0.901465 0.969039 0.980059 0.864450 0.826945 0.713664 0.481233 0.688288 0.962591 0.939359
0.302832 0.297556 0.675139 0.736255 0.939452 0.791179 0.367656 0.353722 0.942013 0.448942 0.389435 0.419990 0.546343 0.430892 0.430899 0.551393 0.285054 0.255439 0.251909 0.000000 0.893372 0.728515 0.359640 0.855303 0.934336 0.976100 0.849958 0.957043 0.310331 0.243189 0.414223 0.346894 0.343499 0.293292 0.918765 0.842338 0.710315 0.856571 0.813497 0.992120 0.798385 0.708167 0.573277 0.539455 0.651101 0.659799 0.601544 0.508992 0.649066 0.707425 0.860015 0.835364 0.896242 0.874059 0.899913 0.914957 0.297082 0.324546 0.499979 0.535748 0.628177 0.828858 0.395284 0.376146 0.846106 0.868133 0.746524 0.799199 0.417718 0.388660 0.465380 0.501635 0.584076 0.643343 0.737877 0.835214 0.447099 0.514151 0.451500 0.413733 0.315573 0.388647 0.688948 0.685538 0.939063 0.889164 0.781859 0.731762 0.980689 0.868477 0.819012 0.706449 0.851490 0.963498 0.669962 0.792448 0.630553 0.710264 0.422020 0.405691 0.724481 0.601019 0.417283 0.435062 0.558316 0.563347 0.869311 0.904529 0.979136 0.801816 0.792407 0.628476 0.502600 0.654724 0.951430 0.970265
0.885159 0.993516 0.594937 0.623290 0.827130 0.708548 0.717447 0.900184 0.937619 0.956073 0.992977 0.904376 0.814843 0.746289 0.806615 0.714587 0.978655 0.908980 0.797760 0.893372 0.000000 0.831830 0.663860 0.617574 0.589954 0.612347 0.768731 0.780443 0.955968 0.934906 0.740281 0.701248 0.804536 0.774486 0.702914 0.903773 0.890772 0.918949 0.549968 0.810183 0.949309 0.869893 0.846713 0.858010 0.951220 0.936384 0.699671 0.800379 0.869986 0.935677 0.955746 0.945252 0.953175 0.826629 0.900201 0.947585 0.909545 0.992797 0.993992 0.958241 0.902527 0.987429 0.961937 0.950574 0.671540 0.723816 0.705539 0.776248 0.957103 0.940319 0.893023 0.899986 0.799851 0.843600 0.890296 0.852950 0.997527 0.974143 0.933338 0.831758 0.955961 0.789747 0.846217 0.748026 0.773562 0.668179 0.927234 0.837230 0.965209 0.871506 0.902477 0.838694 0.950598 0.983738 0.928877 0.690497 0.853782 0.809075 0.921898 0.979292 0.984070 0.873091 0.992891 0.959991 0.984979 0.955724 0.840717 0.851667 0.895654 0.977311 0.924837 0.806252 0.966962 0.945620 0.929888 0.935124
0.883431 0.818508 0.794921 0.784504 0.948936 0.761896 0.776196 0.857038 0.900186 0.845203 0.866450 0.884938 0.912936 0.800519 0.795325 0.744827 0.795249 0.783095 0.714625 0.728515 0.831830 0.000000 0.781305 0.897095 0.896910 0.877946 0.880545 0.765558 0.833464 0.780240 0.687096 0.717276 0.764058 0.753969 0.876767 0.802339 0.859737 0.691343 0.865140 0.988464 0.875008 0.827051 0.756459 0.771161 0.837902 0.884727 0.918774 0.788202 0.951654 0.908681 0.954807 0.910778 0.905028 0.953913 0.920407 0.884066 0.851183 0.892608 0.897280 0.958177 0.946180 0.856686 0.895238 0.922066 0.944810 0.956360 0.893580 0.967163 0.864375 0.838748 0.784883 0.755635 0.760624 0.744158 0.887773 0.796013 0.878202 0.765530 0.858738 0.785977 0.840235 0.876249 0.939178 0.977858 0.919768 0.985468 0.904494 0.755517 0.883932 0.943488 0.794151 0.856849 0.896214 0.888087 0.918602 0.900133 0.930203 0.787412 0.801965 0.787017 0.916157 0.815773 0.677508 0.634375 0.845489 0.948062 0.958289 0.924859 0.959864 0.837696 0.915451 0.956920 0.880105 0.837291 0.976873 0.875171
0.375062 0.422709 0.492734 0.559535 0.907182 0.667212 0.305115 0.434172 0.981790 0.591394 0.517595 0.391178 0.418278 0.405534 0.413566 0.367847 0.412856 0.363235 0.343399 0.359640 0.663860 0.781305 0.000000 0.564829 0.823230 0.733059 0.935354 0.883871 0.439488 0.342685 0.344596 0.281761 0.291846 0.310295 0.776328 0.882018 0.691221 0.903940 0.697162 0.935275 0.893758 0.861167 0.540134 0.492304 0.659332 0.600526 0.515254 0.447804 0.719245 0.677870 0.749689 0.695333 0.769838 0.962831 0.814581 0.830934 0.434657 0.437329 0.587469 0.552979 0.504199 0.733340 0.409114 0.457740 0.900033 0.905189 0.633377 0.682082 0.530796 0.492285 0.480103 0.489300 0.492087 0.457859 0.748433 0.807678 0.539599 0.573048 0.458829 0.396402 0.387727 0.409168 0.608757 0.656568 0.714921 0.844538 0.904775 0.976649 0.957238 0.796730 0.869595 0.899654 0.903561 0.862373 0.667171 0.750071 0.548602 0.842887 0.539804 0.518491 0.838500 0.766057 0.583884 0.590381 0.531047 0.607026 0.842121 0.947468 0.920030 0.720636 0.810637 0.792666 0.514886 0.826936 0.926411 0.947972
0.967686 0.989021 0.442786 0.457305 0.945536 0.645659 0.722588 0.897732 0.720390 0.809816 0.986182 0.931562 0.818807 0.620711 0.720188 0.508965 0.974430 0.881778 0.841782 0.855303 0.617574 0.897095 0.564829 0.000000 0.443340 0.417661 0.706657 0.816810 0.930703 0.862454 0.690867 0.573629 0.742078 0.799419 0.676085 0.903458 0.932061 0.957339 0.466417 0.801994 0.995796 0.827502 0.773625 0.809125 0.994622 0.997177 0.756500 0.767840 0.766380 0.869113 0.875973 0.897850 0.877639 0.867307 0.874874 0.913187 0.953391 0.928682 0.780073 0.856944 0.979737 0.975661 0.905887 0.861920 0.528200 0.516835 0.674305 0.671765 0.996345 0.957140 0.850423 0.808735 0.680147 0.708923 0.960910 0.938800 0.810089 0.892460 0.859060 0.801415 0.935717 0.707406 0.742481 0.680023 0.651567 0.464448 0.946932 0.670840 0.910782 0.866441 0.987250 0.894888 0.941288 0.993269 0.818896 0.876030 0.726810 0.913096 0.924662 0.998385 0.971117 0.958216 0.871167 0.834449 0.824369 0.906732 0.868475 0.895279 0.942781 0.872944 0.942427 0.875120 0.999051 0.906378 0.836811 0.939860
0.911413 0.822246 0.428538 0.468768 0.970502 0.831623 0.816578 0.959197 0.749207 0.546950 0.884639 0.881334 0.960160 0.860584 0.969430 0.751084 0.885178 0.986244 0.996384 0.934336 0.589954 0.896910 0.823230 0.443340 0.000000 0.276740 0.565231 0.798554 0.798082 0.900269 0.710181 0.773785 0.819381 0.922165 0.469469 0.825157 0.912249 0.781488 0.457810 0.655037 0.980842 0.850310 0.772148 0.796780 0.873306 0.868360 0.700347 0.746591 0.766856 0.924466 0.965189 0.989803 0.972448 0.976135 0.738409 0.844883 0.835332 0.786395 0.795582 0.896812 0.970486 0.902203 0.829326 0.721576 0.299197 0.336225 0.486795 0.512258 0.941777 0.844331 0.990177 0.901903 0.708827 0.729400 0.931885 0.937055 0.948115 0.921401 0.945388 0.875648 0.913805 0.841949 0.759456 0.831628 0.542616 0.313537 0.839894 0.716533 0.928595 0.691599 0.850899 0.666941 0.964775 0.923164 0.949779 0.911359 0.841789 0.866811 0.780934 0.848541 0.949945 0.965053 0.731717 0.738891 0.839157 0.994547 0.884964 0.944351 0.824598 0.963429 0.986458 0.816531 0.864527 0.932364 0.960207 0.876466
0.917823 0.892985 0.385022 0.371835 0.940974 0.775162 0.729800 0.917450 0.768450 0.627155 0.900269 0.902588 0.947628 0.837999 0.928849 0.759783 0.927680 0.970634 0.988362 0.976100 0.612347 0.877946 0.733059 0.417661 0.276740 0.000000 0.606590 0.765760 0.842886 0.939587 0.666173 0.698367 0.769107 0.838157 0.457933 0.812445 0.859400 0.807690 0.484088 0.649886 0.993863 0.989737 0.692450 0.702223 0.815765 0.837802 0.672698 0.737712 0.841586 0.958318 0.913115 0.943175 0.912018 0.966581 0.740408 0.787166 0.902637 0.815662 0.813222 0.860796 0.987653 0.907919 0.853682 0.739901 0.315827 0.322086 0.425565 0.461368 0.979046 0.899214 0.915460 0.817481 0.677589 0.674109 0.976428 0.905166 0.913663 0.997060 0.953573 0.856595 0.984211 0.784471 0.716226 0.834105 0.541359 0.289363 0.882816 0.681602 0.932511 0.689657 0.992624 0.844696 0.827853 0.782978 0.852637 0.866121 0.715901 0.997706 0.853327 0.949224 0.951766 0.985267 0.837098 0.851195 0.747351 0.978753 0.965609 0.966201 0.879985 0.923897 0.951120 0.890647 0.980729 0.953622 0.969110 0.924529
0.935210 0.895685 0.767566 0.658692 0.891828 0.787042 0.997144 0.958250 0.765113 0.733387 0.894924 0.919934 0.986802 0.916503 0.946973 0.868086 0.941333 0.947556 0.966939 0.849958 0.768731 0.880545 0.935354 0.706657 0.565231 0.606590 0.000000 0.783823 0.900111 0.841255 0.997400 0.976300 0.939837 0.973834 0.853252 0.985725 0.886716 0.950493 0.764068 0.786012 0.940108 0.882033 0.911223 0.957743 0.979655 0.914243 0.766895 0.905116 0.941612 0.977465 0.945404 0.977548 0.981075 0.952384 0.766364 0.811267 0.901537 0.876636 0.896874 0.985373 0.936882 0.984594 0.878515 0.811740 0.554731 0.610203 0.767804 0.796857 0.883415 0.978541 0.941103 0.906019 0.971805 0.973341 0.927690 0.914584 0.936586 0.912050 0.977286 0.922032 0.965733 0.834516 0.758635 0.840596 0.579774 0.528171 0.868197 0.584546 0.956515 0.716698 0.887189 0.846405 0.956159 0.920698 0.902254 0.948333 0.944547 0.818831 0.794450 0.887314 0.864392 0.908070 0.705304 0.779770 0.957209 0.890765 0.806728 0.803788 0.770340 0.858527 0.857117 0.868778 0.951416 0.924864 0.967031 0.989455
0.917452 0.986176 0.856049 0.808620 0.873447 0.593656 0.944161 0.946488 0.981035 0.949929 0.920436 0.982616 0.955951 0.934317 0.911978 0.756841 0.968417 0.990773 0.952929 0.957043 0.780443 0.765558 0.883871 0.816810 0.798554 0.765760 0.783823 0.000000 0.953706 0.954168 0.907340 0.919181 0.921706 0.924180 0.870335 0.933241 0.952017 0.951489 0.751378 0.966952 0.891094 0.852712 0.877089 0.879691 0.990753 0.989587 0.870515 0.967086 0.960133 0.984460 0.985069 0.959069 0.968745 0.949820 0.949817 0.888087 0.948856 0.947862 0.998270 0.904685 0.914828 0.851626 0.972291 0.911718 0.917911 0.944065 0.872591 0.979474 0.980725 0.935959 0.918503 0.943873 0.931197 0.801791 0.842196 0.950794 0.886870 0.933228 0.959495 0.898983 0.976896 0.961342 0.973034 0.946056 0.946952 0.834388 0.803750 0.940345 0.835178 0.888940 0.966549 0.870789 0.990776 0.845696 0.783005 0.826567 0.967012 0.943123 0.941723 0.960360 0.885855 0.965534 0.951291 0.984885 0.992673 0.989251 0.842795 0.944269 0.886146 0.793885 0.944853 0.979984 0.994320 0.958088 0.880519 0.940147
0.267989 0.256549 0.882079 0.945496 0.969947 0.882255 0.493979 0.426576 0.914842 0.425139 0.406740 0.319969 0.466073 0.492896 0.483073 0.588420 0.292083 0.272461 0.301714 0.310331 0.955968 0.833464 0.439488 0.930703 0.798082 0.842886 0.900111 0.953706 0.000000 0.235508 0.516905 0.493296 0.408204 0.321276 0.976416 0.957268 0.642350 0.875666 0.985239 0.984454 0.736207 0.706167 0.657560 0.560542 0.660872 0.585396 0.647027 0.530478 0.514810 0.567600 0.717186 0.683732 0.785530 0.961357 0.769577 0.747075 0.301424 0.284755 0.453239 0.448922 0.518527 0.691937 0.274358 0.264367 0.777244 0.785080 0.874148 0.869893 0.368115 0.290388 0.522329 0.616770 0.568885 0.584018 0.779808 0.857320 0.530984 0.545878 0.501401 0.410670 0.262497 0.380426 0.602992 0.627457 0.857794 0.865740 0.783490 0.825310 0.864071 0.821397 0.899879 0.782174 0.987119 0.824736 0.683141 0.828516 0.741231 0.797563 0.459846 0.482087 0.780005 0.594535 0.465893 0.494303 0.642581 0.619029 0.884621 0.985529 0.956012 0.772846 0.760371 0.562036 0.449528 0.633186 0.880429 0.855619
0.299121 0.269668 0.788120 0.872410 0.961195 0.821123 0.442420 0.440729 0.996784 0.457478 0.416889 0.332433 0.451586 0.451614 0.396875 0.493354 0.262333 0.245464 0.287515 0.243189 0.934906 0.780240 0.342685 0.862454 0.900269 0.939587 0.841255 0.954168 0.235508 0.000000 0.400899 0.379426 0.327075 0.285367 0.937669 0.911073 0.660112 0.853960 0.859380 0.967619 0.782003 0.746091 0.561548 0.481311 0.636184 0.590554 0.624669 0.489595 0.598062 0.603730 0.736600 0.681951 0.790203 0.940380 0.842037 0.860249 0.316639 0.298726 0.545436 0.524585 0.536991 0.776423 0.301091 0.293104 0.804473 0.824395 0.834597 0.818832 0.374646 0.332766 0.482703 0.529670 0.460262 0.459073 0.785850 0.796622 0.496850 0.481419 0.409105 0.389961 0.281913 0.378286 0.611959 0.637007 0.903981 0.894098 0.758134 0.784031 0.975558 0.914439 0.882227 0.787731 0.994943 0.786032 0.630234 0.794896 0.626520 0.732958 0.440984 0.436954 0.755610 0.600847 0.438484 0.496388 0.635653 0.545617 0.838990 0.932091 0.937381 0.754243 0.784181 0.583882 0.483216 0.615830 0.916103 0.974419
0.533266 0.522107 0.470574 0.570470 0.946883 0.843138 0.313240 0.440537 0.950064 0.683406 0.631607 0.632948 0.675392 0.584854 0.527216 0.607221 0.469774 0.431308 0.404681 0.414223 0.740281 0.687096 0.344596 0.690867 0.710181 0.666173 0.997400 0.907340 0.516905 0.400899 0.000000 0.286099 0.290078 0.303391 0.652552 0.799643 0.662070 0.790177 0.671547 0.784649 0.927819 0.848374 0.375762 0.346635 0.421771 0.427987 0.445195 0.390054 0.639830 0.623184 0.612848 0.597567 0.656764 0.850052 0.848864 0.860442 0.534244 0.565890 0.637078 0.677306 0.656282 0.854915 0.518127 0.591378 0.904235 0.928472 0.536864 0.599659 0.629165 0.592810 0.516530 0.476114 0.399589 0.444667 0.749602 0.861115 0.521482 0.630523 0.487559 0.489324 0.548854 0.597976 0.584558 0.747159 0.874761 0.875929 0.913521 0.833935 0.947457 0.936064 0.840699 0.928074 0.932897 0.951022 0.699830 0.756256 0.525682 0.824014 0.470760 0.519974 0.805564 0.596861 0.565021 0.557655 0.587041 0.649219 0.768624 0.840524 0.925777 0.810153 0.631689 0.758229 0.527664 0.624112 0.746065 0.969850
0.494750 0.491410 0.485473 0.511011 0.988906 0.737048 0.333868 0.406855 0.982495 0.646427 0.586562 0.566005 0.589243 0.441778 0.481646 0.485369 0.460189 0.423053 0.362563 0.346894 0.701248 0.717276 0.281761 0.573629 0.773785 0.698367 0.976300 0.919181 0.493296 0.379426 0.286099 0.000000 0.306508 0.337911 0.738505 0.795933 0.636750 0.911309 0.690785 0.867995 0.949851 0.786162 0.454268 0.450684 0.577471 0.593761 0.462498 0.478609 0.733504 0.766831 0.803089 0.773875 0.852755 0.968060 0.823070 0.843916 0.512998 0.547102 0.695490 0.720955 0.697021 0.867741 0.546826 0.605007 0.896100 0.906329 0.602394 0.676324 0.607840 0.535462 0.533200 0.498766 0.467206 0.479827 0.773337 0.898202 0.525489 0.628929 0.464083 0.522812 0.485716 0.465804 0.634148 0.678853 0.823144 0.848749 0.850511 0.949144 0.979534 0.903696 0.835507 0.851532 0.891438 0.978968 0.714603 0.754150 0.532496 0.795888 0.530061 0.547580 0.793283 0.634830 0.549637 0.535478 0.555323 0.609436 0.936315 0.892408 0.993620 0.717863 0.727187 0.706069 0.511843 0.697821 0.837541 0.929725
0.381597 0.340625 0.511865 0.633110 0.997114 0.779034 0.281531 0.376601 0.945379 0.553167 0.496171 0.445179 0.553477 0.533873 0.499756 0.519799 0.328836 0.313915 0.315647 0.343499 0.804536 0.764058 0.291846 0.742078 0.819381 0.769107 0.939837 0.921706 0.408204 0.327075 0.290078 0.306508 0.000000 0.250020 0.752202 0.722403 0.647943 0.760384 0.728392 0.869635 0.910097 0.745921 0.410459 0.377264 0.440086 0.425701 0.391334 0.361446 0.535785 0.566098 0.605303 0.598079 0.690277 0.920106 0.738262 0.706060 0.382380 0.389802 0.509378 0.525531 0.505342 0.681087 0.355927 0.423713 0.900384 0.922227 0.521950 0.582684 0.508157 0.432197 0.473069 0.470952 0.451231 0.408741 0.699968 0.835443 0.497564 0.590249 0.455277 0.436647 0.361201 0.436255 0.570406 0.695156 0.731247 0.884694 0.878102 0.802202 0.962305 0.786083 0.801535 0.833973 0.836499 0.970686 0.723577 0.786205 0.549724 0.724151 0.428376 0.413174 0.732913 0.596895 0.512316 0.522550 0.460859 0.548873 0.787407 0.858772 0.960642 0.781358 0.702545 0.667638 0.470756 0.661687 0.753265 0.991321
0.362639 0.300905 0.579909 0.663141 0.943540 0.749437 0.268806 0.348878 0.832705 0.485959 0.526299 0.439316 0.541239 0.516053 0.487410 0.495804 0.312366 0.274011 0.280206 0.293292 0.774486 0.753969 0.310295 0.799419 0.922165 0.838157 0.973834 0.924180 0.321276 0.285367 0.303391 0.337911 0.250020 0.000000 0.782968 0.821321 0.603187 0.827117 0.762016 0.875027 0.841675 0.785416 0.403868 0.330403 0.469130 0.421379 0.436776 0.322278 0.503209 0.490573 0.580993 0.585871 0.679389 0.893847 0.756698 0.739069 0.335432 0.344343 0.457114 0.496529 0.549914 0.730926 0.341241 0.386913 0.994024 0.982608 0.603068 0.625116 0.498747 0.374060 0.510771 0.500848 0.523979 0.493461 0.779194 0.790188 0.499964 0.523760 0.446810 0.387514 0.357021 0.434348 0.565391 0.634193 0.784057 0.928923 0.752332 0.860537 0.937626 0.826156 0.803964 0.765117 0.884103 0.972352 0.585671 0.773290 0.601393 0.716954 0.403648 0.378362 0.793724 0.591322 0.437675 0.471790 0.497766 0.524111 0.813009 0.872773 0.954334 0.766308 0.725695 0.637090 0.473965 0.602406 0.806716 0.915939
0.980002 0.929476 0.519517 0.490588 0.980583 0.987041 0.644494 0.772005 0.840181 0.797506 0.943380 0.962595 0.860354 0.983116 0.969332 0.962651 0.920279 0.819937 0.975450 0.918765 0.702914 0.876767 0.776328 0.676085 0.469469 0.457933 0.853252 0.870335 0.976416 0.937669 0.652552 0.738505 0.752202 0.782968 0.000000 0.695742 0.731811 0.716104 0.577499 0.806126 0.960938 0.976920 0.605346 0.641269 0.606381 0.697537 0.693216 0.641172 0.985668 0.877956 0.802469 0.827989 0.846234 0.879112 0.840462 0.874611 0.851834 0.931450 0.970370 0.921205 0.878578 0.761721 0.959477 0.990390 0.546581 0.509478 0.391826 0.346416 0.995050 0.916359 0.750970 0.697686 0.718652 0.701865 0.966679 0.993394 0.808280 0.841777 0.894044 0.844436 0.911707 0.842741 0.772242 0.847197 0.741447 0.598177 0.861559 0.916838 0.854159 0.726317 0.736832 0.956708 0.683161 0.705255 0.782381 0.816894 0.637728 0.934255 0.851669 0.810946 0.889863 0.872568 0.977865 0.913766 0.634658 0.763808 0.861755 0.801270 0.922584 0.988875 0.753736 0.806600 0.923119 0.809787 0.908066 0.880493
0.964524 0.819721 0.700156 0.637949 0.880665 0.955729 0.655040 0.699009 0.897239 0.903643 0.907903 0.959341 0.928463 0.962366 0.988355 0.982778 0.858145 0.854191 0.807871 0.842338 0.903773 0.802339 0.882018 0.903458 0.825157 0.812445 0.985725 0.933241 0.957268 0.911073 0.799643 0.795933 0.722403 0.821321 0.695742 0.000000 0.751746 0.583583 0.887824 0.932968 0.992877 0.895845 0.680143 0.722966 0.614728 0.736407 0.689041 0.753581 0.796923 0.821427 0.829902 0.867432 0.881340 0.942176 0.930728 0.946821 0.812237 0.849714 0.881109 0.927002 0.968306 0.845975 0.905762 0.929831 0.810342 0.776552 0.517964 0.640655 0.891916 0.890140 0.668941 0.789381 0.951370 0.887820 0.911501 0.764346 0.748977 0.800892 0.881173 0.997329 0.863471 0.904355 0.946123 0.987953 0.968577 0.871431 0.974332 0.892719 0.950193 0.822912 0.650188 0.745067 0.624439 0.631047 0.956602 0.772952 0.778468 0.696451 0.689125 0.573461 0.790414 0.736324 0.836467 0.700767 0.777027 0.857779 0.948676 0.702911 0.877558 0.989864 0.759973 0.770475 0.746364 0.697242 0.774259 0.834040
0.616353 0.662238 0.712824 0.754109 0.851444 0.964244 0.634126 0.700321 0.806794 0.888061 0.698470 0.738855 0.741217 0.790428 0.777495 0.840998 0.747714 0.666784 0.722309 0.710315 0.890772 0.859737 0.691221 0.932061 0.912249 0.859400 0.886716 0.952017 0.642350 0.660112 0.662070 0.636750 0.647943 0.603187 0.731811 0.751746 0.000000 0.687477 0.728762 0.851829 0.695379 0.862335 0.795234 0.674956 0.732375 0.712985 0.666926 0.601556 0.815946 0.791246 0.812001 0.845340 0.897085 0.968748 0.781561 0.778561 0.718130 0.732051 0.729254 0.735772 0.632367 0.657801 0.684442 0.721330 0.833994 0.855776 0.706203 0.696717 0.670249 0.664069 0.761563 0.871042 0.832316 0.679875 0.954700 0.928107 0.771952 0.802027 0.781878 0.753473 0.719940 0.670068 0.834622 0.895793 0.788126 0.853027 0.990497 0.915485 0.813439 0.705274 0.971029 0.958019 0.969943 0.945255 0.825850 0.824685 0.842193 0.886015 0.726789 0.740409 0.982226 0.841044 0.655823 0.724732 0.778606 0.818134 0.949199 0.942348 0.912220 0.729724 0.733803 0.688929 0.778706 0.791389 0.770214 0.870424
0.821103 0.807734 0.748932 0.847459 0.956422 0.907647 0.795773 0.915007 0.939159 0.931594 0.874705 0.943960 0.987415 0.977971 0.933759 0.981673 0.829375 0.806954 0.881668 0.856571 0.918949 0.691343 0.903940 0.957339 0.781488 0.807690 0.950493 0.951489 0.875666 0.853960 0.790177 0.911309 0.760384 0.827117 0.716104 0.583583 0.687477 0.000000 0.743594 0.928012 0.900141 0.852639 0.822314 0.771883 0.731852 0.794843 0.793341 0.722147 0.914909 0.811631 0.805291 0.825100 0.820875 0.909755 0.882286 0.849129 0.803100 0.848365 0.841587 0.842487 0.771972 0.788846 0.817983 0.859290 0.805486 0.797629 0.629368 0.675823 0.788143 0.830418 0.729180 0.798329 0.787343 0.756987 0.871037 0.985992 0.973372 0.897340 0.934775 0.912868 0.814722 0.842745 0.910825 0.954516 0.858730 0.849094 0.988596 0.770754 0.972057 0.824721 0.983698 0.955538 0.911796 0.825741 0.966610 0.807317 0.848095 0.843638 0.871867 0.786537 0.847185 0.834541 0.794403 0.793798 0.850976 0.911188 0.876105 0.880982 0.910696 0.971242 0.806568 0.806150 0.915287 0.698149 0.839709 0.920671
