0.000000 0.337699 0.879937 0.945644 0.825585 0.826319 0.990931 0.641858 0.748517 0.650771 0.461647 0.323979 0.465545 0.438706 0.589365 0.610540 0.403209 0.351002 0.356664 0.294519 0.805398 0.993625 0.549541 0.653132 0.993186 0.616147 0.792666 0.821965 0.431920 0.495748 0.871087 0.868801 0.679927 0.777693 0.915669 0.817719 0.666893 0.988451 0.800769 0.827990 0.911560 0.819783 0.857046 0.807970 0.898523 0.697699 0.621293 0.693630 0.512603 0.618721 0.888198 0.964787 0.937275 0.683595 0.793251 0.907571 0.308063 0.393714 0.518103 0.641838 0.858112 0.725055 0.453776 0.374326 0.808219 0.750603 0.870888 0.782152 0.455459 0.546364 0.882541 0.971608 0.852004 0.949201 0.934506 0.905898 0.780481 0.992927 0.860553 0.724626 0.430390 0.375327 0.494191 0.569049 0.401389 0.628003 0.991803 0.620951 0.740969 0.507637 0.789851 0.638234 0.685621 0.551086 0.963189 0.931772 0.852770 0.900576 0.859398 0.892228 0.868929 0.735645 0.935071 0.926142 0.990012 0.883098 0.971543 0.694019 0.814572 0.906137 0.965501 0.859959 0.794046 0.963814 0.994024 0.873906
0.337699 0.000000 0.609149 0.899066 0.880516 0.675793 0.724510 0.753605 0.605934 0.725151 0.733275 0.363226 0.694107 0.468996 0.691607 0.599741 0.367200 0.366035 0.471227 0.330475 0.964430 0.971538 0.633420 0.670974 0.890593 0.547753 0.815324 0.703556 0.456958 0.502151 0.917018 0.969467 0.915326 0.889154 0.700305 0.801812 0.806823 0.759915 0.824343 0.742484 0.966037 0.881932 0.952266 0.822433 0.875578 0.631673 0.663022 0.783601 0.314927 0.497547 0.917143 0.980124 0.880839 0.585737 0.809126 0.960108 0.251477 0.239356 0.839699 0.793015 0.842690 0.756724 0.681160 0.502515 0.618742 0.629404 0.575092 0.617626 0.592711 0.487096 0.836039 0.710681 0.897421 0.751675 0.928616 0.990942 0.931237 0.893099 0.816291 0.723457 0.430334 0.327879 0.409987 0.446958 0.387334 0.605085 0.989301 0.556279 0.977301 0.680960 0.487846 0.434952 0.465464 0.372384 0.885423 0.937062 0.963655 0.879620 0.889403 0.884667 0.687962 0.503833 0.830889 0.824079 0.767148 0.838227 0.859833 0.550603 0.826614 0.969632 0.883113 0.988705 0.801959 0.984386 0.864445 0.811672
0.879937 0.609149 0.000000 0.428612 0.970801 0.509651 0.309634 0.585585 0.748199 0.836351 0.831254 0.902713 0.697857 0.935400 0.849876 0.997942 0.905395 0.866992 0.937363 0.841424 0.807626 0.924803 0.910992 0.987393 0.909405 0.531234 0.717994 0.840506 0.924913 0.976173 0.453082 0.485544 0.468914 0.546498 0.508871 0.786323 0.914398 0.672635 0.894337 0.879832 0.976158 0.930904 0.473744 0.561074 0.568477 0.751858 0.618340 0.561103 0.705081 0.993202 0.571620 0.593928 0.540731 0.395258 0.803245 0.934898 0.743006 0.573595 0.824547 0.978526 0.443307 0.887390 0.710113 0.903813 0.353363 0.515460 0.292716 0.347279 0.727800 0.805384 0.547873 0.504494 0.587718 0.512189 0.838404 0.955232 0.694400 0.591307 0.927261 0.935489 0.972677 0.789044 0.789806 0.818025 0.858050 0.937611 0.977799 0.944362 0.841544 0.937298 0.459429 0.600499 0.568822 0.633929 0.745292 0.896156 0.704551 0.924349 0.549660 0.470253 0.527300 0.543496 0.501222 0.525741 0.526051 0.494755 0.990379 0.753870 0.843491 0.680822 0.659953 0.589248 0.704350 0.689634 0.500776 0.966899
0.945644 0.899066 0.428612 0.000000 0.969744 0.659941 0.462643 0.429260 0.871656 0.690089 0.850204 0.805596 0.674473 0.699054 0.722678 0.731888 0.948853 0.963039 0.816203 0.897602 0.821335 0.879256 0.725225 0.765622 0.865280 0.614708 0.775814 0.973130 0.881025 0.816000 0.422601 0.482015 0.553368 0.578908 0.746315 0.916283 0.818995 0.719962 0.841002 0.944895 0.890108 0.996289 0.463103 0.527330 0.563037 0.639899 0.574596 0.546810 0.969050 0.799116 0.488091 0.476114 0.545668 0.533359 0.785493 0.965368 0.890385 0.775849 0.863112 0.925927 0.595376 0.710370 0.647351 0.810915 0.495409 0.497153 0.531810 0.532994 0.820483 0.893161 0.626918 0.537481 0.570284 0.597520 0.694484 0.950403 0.575250 0.550061 0.782671 0.817550 0.855089 0.984696 0.965837 0.965818 0.873554 0.782642 0.976399 0.936349 0.998870 0.850198 0.640616 0.773465 0.735252 0.840653 0.716371 0.828361 0.782943 0.892466 0.627221 0.555519 0.669390 0.689379 0.611487 0.716844 0.641752 0.496697 0.929754 0.855903 0.806040 0.798847 0.658597 0.647499 0.650080 0.761549 0.668080 0.810918
0.825585 0.880516 0.970801 0.969744 0.000000 0.931053 0.950212 0.923688 0.883527 0.982389 0.899589 0.834117 0.826268 0.792878 0.739998 0.769786 0.939935 0.944715 0.851994 0.828392 0.871191 0.962293 0.746916 0.666756 0.958864 0.838027 0.766754 0.738293 0.910232 0.926199 0.928307 0.931280 0.903235 0.970368 0.998299 0.876313 0.929006 0.794912 0.932844 0.982471 0.974371 0.903586 0.927731 0.915302 0.907146 0.946015 0.984061 0.892537 0.768595 0.798079 0.825621 0.863400 0.827207 0.991900 0.781404 0.979482 0.904308 0.971658 0.936225 0.997860 0.980079 0.712353 0.970124 0.964515 0.949402 0.963392 0.979186 0.913425 0.818429 0.832133 0.991225 0.923905 0.911863 0.934668 0.956102 0.971295 0.934185 0.772334 0.820905 0.950129 0.957567 0.974761 0.855252 0.891486 0.723194 0.827880 0.838821 0.725808 0.778851 0.889926 0.930521 0.930740 0.960940 0.985839 0.854299 0.993976 0.993470 0.938407 0.967745 0.885612 0.925480 0.945506 0.888057 0.997428 0.855101 0.937220 0.830922 0.993004 0.863846 0.806804 0.977616 0.849960 0.992496 0.954515 0.961645 0.830355
0.826319 0.675793 0.509651 0.659941 0.931053 0.000000 0.463206 0.687692 0.677473 0.828650 0.855716 0.862250 0.888300 0.997029 0.895367 0.940673 0.856989 0.861437 0.929029 0.813589 0.733897 0.955340 0.923439 0.978988 0.908247 0.618413 0.768495 0.933452 0.844497 0.949579 0.660330 0.683066 0.676921 0.767093 0.676408 0.988544 0.985725 0.817964 0.802499 0.954633 0.962586 0.890973 0.558157 0.660421 0.694488 0.855818 0.830505 0.747052 0.814201 0.992584 0.646607 0.678670 0.679702 0.536068 0.842807 0.782292 0.689836 0.545957 0.856104 0.916590 0.561572 0.868716 0.825924 0.992162 0.565847 0.508569 0.498606 0.517421 0.631834 0.760802 0.660657 0.619654 0.827768 0.630757 0.733712 0.783072 0.709713 0.766769 0.919042 0.851303 0.994852 0.803145 0.847686 0.803526 0.836515 0.925906 0.832426 0.849561 0.973815 0.928671 0.583843 0.618931 0.660316 0.676962 0.849806 0.929027 0.741120 0.850319 0.673129 0.564704 0.666561 0.666148 0.671842 0.749755 0.676661 0.709823 0.987756 0.788587 0.882353 0.921515 0.817972 0.685986 0.860693 0.880502 0.615126 0.994493
0.990931 0.724510 0.309634 0.462643 0.950212 0.463206 0.000000 0.440828 0.671667 0.614053 0.673164 0.964799 0.524365 0.804842 0.707749 0.783704 0.978565 0.982395 0.782510 0.882161 0.692232 0.941837 0.816252 0.949286 0.964229 0.639524 0.824368 0.955843 0.882429 0.793926 0.336575 0.436997 0.397942 0.446550 0.578902 0.882207 0.920249 0.688193 0.785016 0.884288 0.986151 0.935945 0.332836 0.423491 0.442230 0.616530 0.614686 0.494898 0.872840 0.871693 0.448962 0.477989 0.501367 0.371667 0.822739 0.857211 0.786909 0.617650 0.690888 0.918355 0.310437 0.799892 0.540877 0.724331 0.502269 0.524185 0.254283 0.329223 0.705441 0.823377 0.441569 0.394244 0.465344 0.402015 0.794511 0.820168 0.522703 0.477570 0.742946 0.778144 0.876779 0.843901 0.903620 0.887634 0.888882 0.988389 0.995650 0.939457 0.877575 0.901047 0.429166 0.546615 0.595349 0.651031 0.759061 0.680674 0.672263 0.816882 0.384806 0.327003 0.405472 0.438056 0.428002 0.423066 0.522028 0.450020 0.967481 0.713387 0.773709 0.736558 0.682567 0.534415 0.666699 0.678555 0.560794 0.951715
0.641858 0.753605 0.585585 0.429260 0.923688 0.687692 0.440828 0.000000 0.921928 0.477017 0.638651 0.497966 0.415122 0.407577 0.581450 0.540245 0.716636 0.742630 0.602813 0.695840 0.768929 0.958804 0.616533 0.701798 0.919634 0.853411 0.894055 0.784762 0.629542 0.649575 0.489704 0.474063 0.482976 0.482118 0.749238 0.915165 0.825279 0.807128 0.752570 0.974265 0.839470 0.983350 0.319365 0.360509 0.360074 0.371311 0.421277 0.389500 0.623810 0.464406 0.410133 0.421630 0.621855 0.688889 0.745707 0.919723 0.822238 0.919292 0.560112 0.678238 0.435625 0.407963 0.435578 0.497391 0.616386 0.572625 0.565605 0.563278 0.915537 0.822340 0.620516 0.654049 0.579592 0.623717 0.718123 0.856413 0.484188 0.643704 0.849459 0.761812 0.649968 0.820145 0.793252 0.912890 0.681271 0.660933 0.999263 0.781770 0.882857 0.636935 0.748640 0.907235 0.847227 0.977082 0.705169 0.739482 0.732493 0.879514 0.456432 0.385792 0.595453 0.812706 0.549598 0.682288 0.620132 0.628968 0.870272 0.933871 0.672247 0.777075 0.659126 0.478638 0.585403 0.698696 0.703122 0.790577
0.748517 0.605934 0.748199 0.871656 0.883527 0.677473 0.671667 0.921928 0.000000 0.923610 0.964428 0.759976 0.942434 0.801283 0.929341 0.964263 0.737561 0.671101 0.852091 0.677630 0.909592 0.959529 0.988524 0.889035 0.960092 0.797263 0.950735 0.995065 0.739169 0.797446 0.901806 0.932319 0.904357 0.927458 0.670743 0.974963 0.980050 0.764008 0.890454 0.844165 0.970322 0.987900 0.882940 0.978195 0.898129 0.937681 0.952649 0.959311 0.762894 0.993682 0.830597 0.750813 0.755512 0.649823 0.935062 0.940733 0.624790 0.556609 0.959327 0.950112 0.799850 0.910964 0.856901 0.799203 0.650306 0.744396 0.634051 0.761365 0.784863 0.881073 0.793104 0.660805 0.746766 0.658763 0.906990 0.899889 0.646511 0.906791 0.862792 0.861852 0.723195 0.604736 0.643659 0.638168 0.736067 0.852688 0.820196 0.774418 0.766427 0.916320 0.491141 0.435013 0.453449 0.507834 0.753093 0.845677 0.768815 0.755918 0.650816 0.668471 0.605267 0.675710 0.733508 0.695352 0.790509 0.808553 0.845230 0.637385 0.893990 0.872161 0.889986 0.703312 0.940775 0.842826 0.914097 0.812861
0.650771 0.725151 0.836351 0.690089 0.982389 0.828650 0.614053 0.477017 0.923610 0.000000 0.514214 0.553404 0.528381 0.554688 0.417567 0.439877 0.539181 0.539106 0.522835 0.638957 0.809015 0.933302 0.442905 0.619582 0.998916 0.943104 0.970498 0.952915 0.501247 0.438628 0.536370 0.559429 0.504740 0.542687 0.899864 0.827261 0.792720 0.990542 0.896712 0.872500 0.993777 0.876665 0.593326 0.580679 0.561653 0.481340 0.596041 0.540708 0.590056 0.496288 0.623357 0.625191 0.796150 0.916461 0.982226 0.992824 0.755389 0.842377 0.682238 0.961312 0.752197 0.657523 0.491412 0.449147 0.935770 0.984654 0.812742 0.889070 0.951578 0.795116 0.659005 0.724061 0.669656 0.676973 0.749810 0.871179 0.612461 0.657002 0.735392 0.553610 0.494379 0.653003 0.623924 0.724915 0.652587 0.675975 0.955188 0.844366 0.982289 0.711635 0.990930 0.951183 0.974450 0.820859 0.902109 0.856283 0.759848 0.876538 0.740181 0.636308 0.829841 0.996093 0.732977 0.631868 0.768615 0.732777 0.926535 0.975264 0.587656 0.971280 0.837961 0.748822 0.797403 0.790841 0.907195 0.681517
0.461647 0.733275 0.831254 0.850204 0.899589 0.855716 0.673164 0.638651 0.964428 0.514214 0.000000 0.536221 0.399271 0.579704 0.582403 0.596410 0.524696 0.466012 0.488693 0.586365 0.708999 0.966193 0.630221 0.702339 0.979842 0.943238 0.885053 0.983098 0.503397 0.483753 0.638425 0.736091 0.500834 0.612053 0.976302 0.977728 0.724622 0.990290 0.827400 0.987057 0.882312 0.917131 0.732296 0.701641 0.842370 0.739318 0.681877 0.710551 0.811975 0.779964 0.877874 0.937977 0.981118 0.885831 0.969026 0.970701 0.701980 0.786366 0.439655 0.629404 0.546686 0.781919 0.366438 0.338706 0.975525 0.999172 0.751339 0.877558 0.833858 0.830445 0.704075 0.702263 0.627583 0.768655 0.885273 0.884084 0.672743 0.765608 0.783527 0.610335 0.548873 0.589885 0.722785 0.757390 0.715975 0.665432 0.815531 0.774641 0.784488 0.611637 0.974643 0.852291 0.880986 0.767581 0.975530 0.855270 0.775767 0.782721 0.740455 0.750051 0.904110 0.936652 0.690957 0.675546 0.768226 0.811263 0.856449 0.883553 0.823774 0.799111 0.991394 0.832735 0.869784 0.935112 0.864130 0.919299
0.323979 0.363226 0.902713 0.805596 0.834117 0.862250 0.964799 0.497966 0.759976 0.553404 0.536221 0.000000 0.428928 0.271325 0.455938 0.380227 0.410978 0.407554 0.396665 0.328191 0.917290 0.982080 0.403531 0.428498 0.960317 0.662331 0.814062 0.757737 0.386437 0.458044 0.796457 0.790300 0.696242 0.691871 0.871439 0.736003 0.684617 0.955624 0.905586 0.803300 0.928038 0.884660 0.758806 0.733534 0.758078 0.562591 0.611922 0.642852 0.362134 0.471570 0.766050 0.843497 0.991054 0.727346 0.860355 0.910319 0.440449 0.462265 0.626060 0.680947 0.849956 0.481454 0.479873 0.370375 0.890001 0.982350 0.877958 0.850553 0.609690 0.588506 0.897623 0.935090 0.855422 0.986703 0.880745 0.984513 0.744248 0.966756 0.855391 0.756571 0.482379 0.439249 0.487972 0.637880 0.324219 0.381360 0.909219 0.476160 0.831987 0.539692 0.742147 0.598003 0.653575 0.495801 0.978588 0.839404 0.976309 0.871139 0.880456 0.859573 0.895085 0.710927 0.987296 0.968594 0.964692 0.974033 0.819876 0.681541 0.816775 0.915145 0.915308 0.878990 0.857077 0.973813 0.972970 0.751899
0.465545 0.694107 0.697857 0.674473 0.826268 0.888300 0.524365 0.415122 0.942434 0.528381 0.399271 0.428928 0.000000 0.380855 0.391554 0.448775 0.542231 0.552572 0.382628 0.529900 0.820956 0.937998 0.444519 0.650073 0.959061 0.908222 0.929778 0.974864 0.481176 0.462773 0.497422 0.543407 0.405726 0.517706 0.827541 0.978651 0.726554 0.885695 0.801332 0.970013 0.983035 0.913876 0.460979 0.487348 0.541819 0.503029 0.445616 0.442839 0.649567 0.569358 0.526642 0.589931 0.693442 0.834096 0.685861 0.986201 0.639444 0.777810 0.505756 0.720376 0.503223 0.590407 0.390890 0.372523 0.820891 0.881130 0.661990 0.764003 0.782893 0.806852 0.573647 0.677219 0.541848 0.642959 0.854441 0.917780 0.535811 0.658478 0.736261 0.757250 0.593190 0.675052 0.604342 0.809241 0.602808 0.670642 0.853509 0.664174 0.692704 0.602900 0.854540 0.969581 0.998221 0.817460 0.899856 0.755894 0.727162 0.917639 0.546153 0.503041 0.728894 0.875902 0.573291 0.619945 0.618807 0.694591 0.895271 0.928968 0.828691 0.662265 0.710157 0.595302 0.677568 0.728901 0.706761 0.889901
0.438706 0.468996 0.935400 0.699054 0.792878 0.997029 0.804842 0.407577 0.801283 0.554688 0.579704 0.271325 0.380855 0.000000 0.418682 0.334161 0.495198 0.473182 0.369967 0.386359 0.850868 0.935617 0.368494 0.404266 0.965010 0.712512 0.877199 0.807123 0.383793 0.428954 0.676211 0.574065 0.588235 0.566291 0.918096 0.841620 0.754408 0.931571 0.841644 0.767109 0.859482 0.908823 0.533225 0.536550 0.573976 0.471733 0.491518 0.509646 0.392318 0.433712 0.520125 0.647760 0.788352 0.967931 0.681953 0.944779 0.558111 0.639585 0.743556 0.814074 0.770779 0.476796 0.460672 0.423796 0.964095 0.848858 0.991914 0.999280 0.769828 0.684746 0.790157 0.905904 0.696704 0.809140 0.759172 0.867622 0.732781 0.843016 0.813961 0.697808 0.505579 0.513816 0.483965 0.709892 0.339956 0.349375 0.880927 0.477621 0.921249 0.582069 0.834305 0.657043 0.698335 0.548615 0.960998 0.791698 0.998743 0.903701 0.845754 0.694204 0.998005 0.850656 0.923792 0.932845 0.934681 0.924331 0.799898 0.759118 0.828406 0.840388 0.910740 0.769198 0.739758 0.904020 0.912836 0.719551
0.589365 0.691607 0.849876 0.722678 0.739998 0.895367 0.707749 0.581450 0.929341 0.417567 0.582403 0.455938 0.391554 0.418682 0.000000 0.296745 0.469185 0.490175 0.390900 0.521652 0.875107 0.953013 0.254090 0.443827 0.906134 0.803732 0.903098 0.926790 0.466740 0.400236 0.529072 0.538944 0.449739 0.525269 0.979277 0.879347 0.743413 0.882742 0.933355 0.994097 0.973365 0.833479 0.580460 0.593452 0.599508 0.503248 0.599079 0.498479 0.566818 0.532784 0.542263 0.572012 0.648405 0.864634 0.773788 0.983054 0.668473 0.804004 0.838911 0.911487 0.870827 0.704218 0.515277 0.479890 0.966487 0.965043 0.882903 0.971808 0.763802 0.836520 0.600103 0.720111 0.566478 0.622112 0.794794 0.937477 0.621288 0.717400 0.746527 0.639863 0.515764 0.610414 0.538717 0.753697 0.451105 0.526146 0.752663 0.600316 0.816916 0.719084 0.945560 0.918074 0.865897 0.731213 0.924942 0.857184 0.791021 0.982182 0.817621 0.671001 0.886271 0.942449 0.843401 0.653689 0.822738 0.831844 0.982276 0.865790 0.764762 0.821003 0.846053 0.765349 0.742565 0.774276 0.726055 0.835657
0.610540 0.599741 0.997942 0.731888 0.769786 0.940673 0.783704 0.540245 0.964263 0.439877 0.596410 0.380227 0.448775 0.334161 0.296745 0.000000 0.518446 0.503605 0.412928 0.545604 0.844273 0.944790 0.296822 0.366555 0.968390 0.707260 0.917520 0.834557 0.375087 0.380474 0.637765 0.583993 0.575512 0.636346 0.862322 0.827767 0.815535 0.942058 0.926012 0.890083 0.988366 0.858438 0.585149 0.556560 0.610181 0.492747 0.617983 0.573135 0.423904 0.535321 0.582403 0.652430 0.785975 0.968850 0.769480 0.962566 0.706744 0.757589 0.861559 0.972740 0.879062 0.581046 0.548101 0.491761 0.894671 0.956499 0.990449 0.969190 0.872499 0.783044 0.786104 0.791676 0.695448 0.723997 0.771148 0.926823 0.716444 0.769162 0.696963 0.644596 0.554456 0.630717 0.498908 0.765295 0.460688 0.403844 0.803375 0.505869 0.984229 0.711797 0.800098 0.768298 0.731793 0.591140 0.997045 0.746392 0.906402 0.967406 0.912873 0.762910 0.992215 0.894695 0.999704 0.842030 0.930811 0.996949 0.898370 0.807511 0.771493 0.939497 0.954870 0.885346 0.808297 0.855356 0.949705 0.763380
0.403209 0.367200 0.905395 0.948853 0.939935 0.856989 0.978565 0.716636 0.737561 0.539181 0.524696 0.410978 0.542231 0.495198 0.469185 0.518446 0.000000 0.262501 0.398838 0.372143 0.882122 0.962354 0.516261 0.626189 0.858278 0.669008 0.852789 0.968365 0.333562 0.286157 0.743215 0.726987 0.619522 0.609538 0.869065 0.862713 0.734073 0.861201 0.873431 0.784437 0.844066 0.847949 0.802613 0.702296 0.761383 0.531356 0.631296 0.611891 0.508866 0.545605 0.839110 0.946819 0.998031 0.770698 0.847671 0.965186 0.329165 0.395592 0.809411 0.862536 0.966848 0.864685 0.453248 0.326259 0.742057 0.659266 0.858043 0.827476 0.718808 0.596932 0.886710 0.985940 0.869664 0.975417 0.879799 0.995356 0.823496 0.835484 0.589379 0.580366 0.271093 0.312227 0.454644 0.409823 0.453310 0.592895 0.951513 0.581954 0.957087 0.728767 0.576280 0.514597 0.509839 0.437574 0.953007 0.889220 0.963682 0.711953 0.955217 0.973756 0.827641 0.653539 0.970840 0.834854 0.935283 0.995443 0.826886 0.560572 0.745856 0.936985 0.908227 0.996530 0.758254 0.885548 0.893518 0.774857
0.351002 0.366035 0.866992 0.963039 0.944715 0.861437 0.982395 0.742630 0.671101 0.539106 0.466012 0.407554 0.552572 0.473182 0.490175 0.503605 0.262501 0.000000 0.327336 0.363131 0.803883 0.927367 0.512383 0.605239 0.852665 0.638960 0.810669 0.907367 0.338829 0.263946 0.775205 0.747486 0.644678 0.629909 0.704471 0.844369 0.748023 0.879023 0.813324 0.850687 0.843360 0.811523 0.825610 0.704077 0.817291 0.581804 0.658872 0.634368 0.511781 0.603900 0.875053 0.951333 0.972926 0.772837 0.900554 0.989963 0.344110 0.420262 0.821630 0.905270 0.986314 0.959591 0.422668 0.334128 0.672003 0.647358 0.825155 0.771708 0.690396 0.694804 0.887199 0.925555 0.824401 0.968476 0.936745 0.992916 0.806317 0.831230 0.589662 0.487739 0.267828 0.284742 0.387798 0.441756 0.467591 0.596048 0.967189 0.588368 0.993103 0.748929 0.585877 0.534844 0.486923 0.432383 0.924825 0.834386 0.972862 0.767908 0.952654 0.999293 0.766984 0.676830 0.943029 0.905282 0.913230 0.977680 0.891655 0.605087 0.772578 0.922356 0.894976 0.951989 0.735859 0.907233 0.939725 0.855799
0.356664 0.471227 0.937363 0.816203 0.851994 0.929029 0.782510 0.602813 0.852091 0.522835 0.488693 0.396665 0.382628 0.369967 0.390900 0.412928 0.398838 0.327336 0.000000 0.383489 0.795635 0.992989 0.354313 0.502144 0.928490 0.632245 0.867120 0.940660 0.377223 0.355907 0.691331 0.602669 0.521202 0.610213 0.899116 0.880984 0.659559 0.980817 0.808157 0.872459 0.994984 0.863843 0.636372 0.601999 0.680589 0.535805 0.506923 0.524175 0.500836 0.542720 0.638068 0.761476 0.798452 0.964970 0.730089 0.972861 0.414669 0.565389 0.760421 0.955023 0.849697 0.795226 0.434053 0.394771 0.912003 0.817941 0.997137 0.906241 0.630647 0.684849 0.733494 0.834407 0.699261 0.839066 0.906227 0.889081 0.706664 0.805216 0.683282 0.575372 0.414318 0.434991 0.418954 0.564257 0.393152 0.581453 0.849886 0.560903 0.834046 0.613235 0.839263 0.751033 0.694606 0.638829 0.937293 0.714956 0.894174 0.983085 0.859905 0.756934 0.984108 0.819671 0.884919 0.776915 0.948139 0.786247 0.978073 0.680032 0.735684 0.866246 0.936050 0.808519 0.657562 0.778234 0.896932 0.842843
0.294519 0.330475 0.841424 0.897602 0.828392 0.813589 0.882161 0.695840 0.677630 0.638957 0.586365 0.328191 0.529900 0.386359 0.521652 0.545604 0.372143 0.363131 0.383489 0.000000 0.919029 0.997712 0.443230 0.515588 0.967955 0.639933 0.822487 0.873774 0.412607 0.462942 0.899285 0.871024 0.729934 0.806750 0.809372 0.762316 0.693974 0.993392 0.857841 0.756725 0.986888 0.770865 0.880975 0.826352 0.831890 0.610994 0.633570 0.644737 0.420150 0.447695 0.802350 0.906374 0.978957 0.699449 0.709287 0.891914 0.287265 0.373073 0.733566 0.797380 0.959050 0.680653 0.606333 0.474453 0.809195 0.732224 0.748665 0.713095 0.437021 0.505172 0.949990 0.835185 0.935374 0.871180 0.851871 0.965869 0.842879 0.968036 0.844843 0.774058 0.438860 0.326960 0.402652 0.440347 0.303069 0.554590 0.931714 0.548122 0.848061 0.538149 0.633535 0.531207 0.604353 0.490181 0.982328 0.967442 0.997227 0.875325 0.923907 0.999927 0.803140 0.598241 0.931091 0.952209 0.973076 0.972327 0.912795 0.645721 0.863592 0.945480 0.928202 0.962519 0.812203 0.925697 0.968403 0.807822
0.805398 0.964430 0.807626 0.821335 0.871191 0.733897 0.692232 0.768929 0.909592 0.809015 0.708999 0.917290 0.820956 0.850868 0.875107 0.844273 0.882122 0.803883 0.795635 0.919029 0.000000 0.844708 0.948721 0.926388 0.894594 0.853012 0.989327 0.922957 0.848725 0.862906 0.588889 0.685716 0.736631 0.733139 0.953433 0.913824 0.984567 0.982874 0.769478 0.857489 0.995471 0.865166 0.695468 0.722727 0.878706 0.847918 0.834160 0.814657 0.995079 0.921083 0.796202 0.780438 0.841873 0.772218 0.926815 0.857018 0.979010 0.934916 0.842159 0.908251 0.737206 0.921732 0.616884 0.753203 0.984603 0.899101 0.832901 0.817129 0.926032 0.919516 0.692698 0.761286 0.730686 0.633205 0.807780 0.766259 0.908077 0.786148 0.754584 0.708007 0.780377 0.854998 0.936348 0.991124 0.977487 0.955938 0.753038 0.912162 0.974925 0.799867 0.869080 0.974120 0.988441 0.910892 0.918816 0.804809 0.865461 0.981866 0.768882 0.867394 0.884518 0.858987 0.766975 0.743134 0.878003 0.810415 0.934912 0.937538 0.851336 0.940037 0.994175 0.928042 0.877983 0.956695 0.814324 0.842947
0.993625 0.971538 0.924803 0.879256 0.962293 0.955340 0.941837 0.958804 0.959529 0.933302 0.966193 0.982080 0.937998 0.935617 0.953013 0.944790 0.962354 0.927367 0.992989 0.997712 0.844708 0.000000 0.994715 0.993769 0.966593 0.794626 0.808647 0.955765 0.987957 0.888578 0.899168 0.963622 0.865692 0.827161 0.964882 0.712105 0.863039 0.771306 0.931304 0.955277 0.997483 0.998946 0.993649 0.986474 0.965706 0.987513 0.922454 0.887540 0.890278 0.910830 0.889267 0.955485 0.876223 0.891682 0.907452 0.848285 0.988651 0.986348 0.968830 0.999700 0.981786 0.950156 0.927485 0.950925 0.994884 0.986669 0.888760 0.922108 0.946329 0.895910 0.900317 0.960616 0.992581 0.996364 0.796378 0.960984 0.886717 0.865839 0.950260 0.981830 0.950292 0.947394 0.939870 0.908794 0.991605 0.954021 0.875122 0.971353 0.988101 0.987145 0.965033 0.971236 0.990938 0.997552 0.940699 0.959640 0.939710 0.984141 0.980393 0.963041 0.960497 0.958970 0.939423 0.980691 0.916939 0.793734 0.893286 0.976704 0.996262 0.839028 0.911114 0.953881 0.943836 0.935936 0.794383 0.954081
0.549541 0.633420 0.910992 0.725225 0.746916 0.923439 0.816252 0.616533 0.988524 0.442905 0.630221 0.403531 0.444519 0.368494 0.254090 0.296822 0.516261 0.512383 0.354313 0.443230 0.948721 0.994715 0.000000 0.365780 0.967697 0.678244 0.818570 0.965191 0.452468 0.431244 0.654823 0.635457 0.542917 0.657214 0.850840 0.831043 0.696315 0.886633 0.982427 0.953230 0.992775 0.761135 0.708730 0.701802 0.691214 0.586028 0.626659 0.580676 0.509842 0.493445 0.584075 0.660228 0.731479 0.965719 0.781445 0.869575 0.631812 0.757011 0.877247 0.876173 0.979254 0.652347 0.622142 0.544461 0.973061 0.916653 0.999140 0.859077 0.653444 0.733375 0.690083 0.825213 0.617495 0.720332 0.787256 0.933994 0.698189 0.817016 0.846602 0.742123 0.588410 0.574498 0.502028 0.720179 0.384782 0.480490 0.722981 0.537940 0.824374 0.680068 0.889965 0.851689 0.824150 0.692460 0.941655 0.799621 0.863244 0.900237 0.914847 0.774207 0.975688 0.864449 0.971052 0.753004 0.944005 0.847873 0.977854 0.855445 0.734299 0.905247 0.869903 0.839080 0.812569 0.852632 0.903778 0.786601
0.653132 0.670974 0.987393 0.765622 0.666756 0.978988 0.949286 0.701798 0.889035 0.619582 0.702339 0.428498 0.650073 0.404266 0.443827 0.366555 0.626189 0.605239 0.502144 0.515588 0.926388 0.993769 0.365780 0.000000 0.950593 0.748458 0.931429 0.923118 0.504744 0.552519 0.802446 0.733714 0.721043 0.769035 0.837168 0.716258 0.804658 0.949834 0.954254 0.794296 0.894602 0.935632 0.813693 0.771639 0.783261 0.668415 0.794761 0.707151 0.522488 0.586700 0.701430 0.813997 0.886478 0.933931 0.805005 0.894448 0.755607 0.814136 0.953170 0.945299 0.979764 0.608097 0.692602 0.641729 0.899916 0.980053 0.907386 0.845862 0.797388 0.737001 0.851886 0.930597 0.891193 0.889450 0.767906 0.923469 0.829088 0.992747 0.877349 0.760985 0.637812 0.635474 0.624153 0.711827 0.403084 0.398863 0.776233 0.501717 0.900703 0.647742 0.766158 0.727408 0.675433 0.616810 0.863633 0.841628 0.902628 0.838232 0.938828 0.907412 0.849851 0.804985 0.884076 0.999898 0.956854 0.980076 0.991397 0.797144 0.905533 0.937532 0.978358 0.927101 0.993768 0.985964 0.913881 0.733798
0.993186 0.890593 0.909405 0.865280 0.958864 0.908247 0.964229 0.919634 0.960092 0.998916 0.979842 0.960317 0.959061 0.965010 0.906134 0.968390 0.858278 0.852665 0.928490 0.967955 0.894594 0.966593 0.967697 0.950593 0.000000 0.758194 0.957282 0.884865 0.925033 0.910022 0.869761 0.783604 0.939410 0.856239 0.942181 0.952805 0.941188 0.954857 0.764109 0.920519 0.939151 0.899770 0.852654 0.779739 0.891563 0.854729 0.735049 0.756064 0.960711 0.916730 0.842098 0.709810 0.727253 0.839779 0.854617 0.749354 0.883833 0.972182 0.927982 0.962250 0.968805 0.842983 0.862883 0.915983 0.908158 0.983358 0.997979 0.991646 0.776683 0.990082 0.854235 0.920358 0.963642 0.891924 0.944037 0.873639 0.837197 0.905781 0.828452 0.759815 0.755282 0.767483 0.878896 0.944465 0.925160 0.951303 0.984494 0.949193 0.935323 0.897903 0.969327 0.921685 0.994403 0.941597 0.964751 0.990860 0.983662 0.906919 0.944090 0.950642 0.986948 0.901669 0.837300 0.990845 0.946690 0.986221 0.975640 0.976854 0.996692 0.877270 0.996887 0.858416 0.746382 0.802708 0.777138 0.893040
0.616147 0.547753 0.531234 0.614708 0.838027 0.618413 0.639524 0.853411 0.797263 0.943104 0.943238 0.662331 0.908222 0.712512 0.803732 0.707260 0.669008 0.638960 0.632245 0.639933 0.853012 0.794626 0.678244 0.748458 0.758194 0.000000 0.716972 0.976028 0.657778 0.723214 0.688884 0.813697 0.854702 0.819640 0.627344 0.735471 0.883150 0.771381 0.899956 0.813290 0.938231 0.925249 0.797566 0.852033 0.827583 0.987709 0.916747 0.852771 0.576683 0.815755 0.835292 0.730580 0.764927 0.543451 0.960323 0.918874 0.528747 0.518511 0.943628 0.928061 0.663853 0.955271 0.994337 0.818400 0.509997 0.579927 0.520836 0.475605 0.588114 0.723842 0.753081 0.781296 0.820627 0.744074 0.910195 0.892393 0.830883 0.751328 0.948242 0.978524 0.801099 0.679267 0.619566 0.763613 0.633489 0.728235 0.819734 0.672519 0.933155 0.819906 0.538446 0.604964 0.545693 0.568057 0.745339 0.941379 0.835297 0.789909 0.722585 0.729914 0.650118 0.561249 0.620065 0.846068 0.626700 0.685798 0.924862 0.674506 0.985504 0.912599 0.709150 0.687440 0.909430 0.873267 0.645459 0.939502
0.792666 0.815324 0.717994 0.775814 0.766754 0.768495 0.824368 0.894055 0.950735 0.970498 0.885053 0.814062 0.929778 0.877199 0.903098 0.917520 0.852789 0.810669 0.867120 0.822487 0.989327 0.808647 0.818570 0.931429 0.957282 0.716972 0.000000 0.902978 0.936559 0.916953 0.838023 0.830846 0.874413 0.814885 0.708475 0.893781 0.989513 0.967483 0.950469 0.940251 0.980154 0.905927 0.754970 0.754839 0.772628 0.849433 0.846036 0.795865 0.857193 0.879584 0.856986 0.887964 0.871623 0.763575 0.894829 0.849374 0.796377 0.861988 0.988459 0.966005 0.789654 0.999454 0.931341 0.994522 0.706485 0.773893 0.689883 0.600468 0.769258 0.854285 0.884676 0.877602 0.974308 0.958180 0.900088 0.996361 0.975604 0.857090 0.962680 0.940567 0.894299 0.800602 0.790248 0.900519 0.862415 0.916949 0.914950 0.839630 0.865448 0.992990 0.932180 0.916374 0.848541 0.909005 0.859071 0.948639 0.915257 0.973589 0.881999 0.857570 0.891779 0.903094 0.815549 0.989021 0.794183 0.843653 0.967226 0.862295 0.795131 0.884797 0.887565 0.915376 0.900725 0.749798 0.810165 0.980010
0.821965 0.703556 0.840506 0.973130 0.738293 0.933452 0.955843 0.784762 0.995065 0.952915 0.983098 0.757737 0.974864 0.807123 0.926790 0.834557 0.968365 0.907367 0.940660 0.873774 0.922957 0.955765 0.965191 0.923118 0.884865 0.976028 0.902978 0.000000 0.982055 0.992259 0.918184 0.919769 0.967786 0.980842 0.941434 0.873407 0.958098 0.987472 0.963035 0.969820 0.959895 0.920415 0.896708 0.877206 0.865095 0.841523 0.953967 0.835151 0.689604 0.780409 0.854394 0.790633 0.920105 0.969161 0.910378 0.914078 0.861947 0.849394 0.966422 0.892807 0.977486 0.770787 0.955408 0.959197 0.936284 0.903467 0.902598 0.911636 0.990391 0.871571 0.927521 0.916505 0.990274 0.920165 0.997270 0.945288 0.883014 0.890144 0.964681 0.884774 0.928655 0.971336 0.946541 0.975510 0.788920 0.805537 0.896064 0.924021 0.854606 0.923940 0.985672 0.986730 0.967808 0.944822 0.879557 0.936982 0.940259 0.743657 0.872089 0.903513 0.907112 0.942303 0.887680 0.843222 0.899356 0.847956 0.959118 0.917754 0.956711 0.984437 0.951998 0.858934 0.835453 0.963647 0.939028 0.941256
0.431920 0.456958 0.924913 0.881025 0.910232 0.844497 0.882429 0.629542 0.739169 0.501247 0.503397 0.386437 0.481176 0.383793 0.466740 0.375087 0.333562 0.338829 0.377223 0.412607 0.848725 0.987957 0.452468 0.504744 0.925033 0.657778 0.936559 0.982055 0.000000 0.271784 0.660433 0.641109 0.552686 0.558194 0.839019 0.893129 0.739287 0.869109 0.913230 0.814879 0.906153 0.870043 0.701904 0.607423 0.694387 0.487624 0.659656 0.571125 0.475478 0.562987 0.756332 0.879854 0.963925 0.843382 0.826218 0.943397 0.477697 0.512818 0.730752 0.847339 0.869009 0.723053 0.439284 0.335357 0.777194 0.813130 0.940209 0.922084 0.711319 0.595465 0.873061 0.910905 0.787324 0.907203 0.866402 0.951706 0.819445 0.780640 0.588064 0.613296 0.339909 0.400045 0.440015 0.477000 0.431031 0.553715 0.909851 0.504821 0.942464 0.728958 0.672970 0.568231 0.566190 0.463658 0.957155 0.812045 0.980548 0.787220 0.995802 0.863630 0.889347 0.811960 0.969770 0.884303 0.973038 0.978041 0.903993 0.676579 0.769587 0.973289 0.963718 0.981130 0.784318 0.886382 0.974165 0.715893
0.495748 0.502151 0.976173 0.816000 0.926199 0.949579 0.793926 0.649575 0.797446 0.438628 0.483753 0.458044 0.462773 0.428954 0.400236 0.380474 0.286157 0.263946 0.355907 0.462942 0.862906 0.888578 0.431244 0.552519 0.910022 0.723214 0.916953 0.992259 0.271784 0.000000 0.607223 0.567924 0.470746 0.464623 0.807833 0.959583 0.771509 0.927146 0.882516 0.828247 0.859680 0.852234 0.663000 0.557438 0.639609 0.478454 0.581432 0.508938 0.542540 0.581061 0.690501 0.819871 0.865194 0.947928 0.796734 0.952450 0.494850 0.582890 0.839163 0.971262 0.866562 0.858814 0.391315 0.311149 0.808656 0.790280 0.991870 0.974182 0.849823 0.708981 0.815097 0.845337 0.748575 0.837172 0.893970 0.979656 0.778155 0.683774 0.461433 0.473797 0.273961 0.379370 0.407396 0.451618 0.493034 0.567210 0.894718 0.561726 0.951791 0.809396 0.651617 0.587136 0.537566 0.469953 0.911182 0.826637 0.960781 0.768338 0.996163 0.887580 0.907761 0.798343 0.951448 0.797374 0.987098 0.934097 0.917082 0.687282 0.717217 0.868379 0.939353 0.962792 0.706330 0.805519 0.885973 0.761665
0.871087 0.917018 0.453082 0.422601 0.928307 0.660330 0.336575 0.489704 0.901806 0.536370 0.638425 0.796457 0.497422 0.676211 0.529072 0.637765 0.743215 0.775205 0.691331 0.899285 0.588889 0.899168 0.654823 0.802446 0.869761 0.688884 0.838023 0.918184 0.660433 0.607223 0.000000 0.370683 0.361963 0.320224 0.735113 0.911070 0.889276 0.753682 0.793424 0.999601 0.953911 0.923016 0.354603 0.419428 0.499837 0.534119 0.591216 0.440353 0.971246 0.829996 0.474300 0.471571 0.522933 0.488178 0.827888 0.928012 0.950622 0.828776 0.784532 0.981834 0.498835 0.875729 0.416098 0.576870 0.692352 0.706817 0.466700 0.502084 0.850953 0.832531 0.370235 0.454401 0.425772 0.391307 0.786967 0.851962 0.577166 0.366964 0.584010 0.615167 0.668354 0.888003 0.896630 0.933212 0.902692 0.830642 0.971206 0.900079 0.941079 0.912899 0.675013 0.836347 0.829671 0.969511 0.755956 0.763384 0.728700 0.935990 0.561184 0.484874 0.591856 0.598335 0.462403 0.492027 0.585800 0.558483 0.879847 0.889590 0.775436 0.828765 0.727928 0.701975 0.654339 0.701919 0.552109 0.771466
0.868801 0.969467 0.485544 0.482015 0.931280 0.683066 0.436997 0.474063 0.932319 0.559429 0.736091 0.790300 0.543407 0.574065 0.538944 0.583993 0.726987 0.747486 0.602669 0.871024 0.685716 0.963622 0.635457 0.733714 0.783604 0.813697 0.830846 0.919769 0.641109 0.567924 0.370683 0.000000 0.395508 0.369925 0.730727 0.855884 0.888696 0.876700 0.768955 0.921269 0.986071 0.933055 0.329897 0.366034 0.442240 0.486674 0.475727 0.394206 0.873271 0.741862 0.410905 0.461164 0.505914 0.545968 0.761167 0.783848 0.959222 0.897567 0.932186 0.898161 0.624316 0.812119 0.490050 0.607122 0.716860 0.740364 0.576946 0.608350 0.779206 0.986313 0.506978 0.621712 0.540902 0.535457 0.671655 0.859922 0.641091 0.432558 0.621101 0.584538 0.595585 0.798731 0.732761 0.906448 0.771445 0.724868 0.881711 0.784890 0.930591 0.921979 0.832874 0.958437 0.950118 0.946872 0.843782 0.688450 0.793054 0.963664 0.675249 0.486322 0.752210 0.749802 0.611277 0.595102 0.688881 0.644017 0.912452 0.986475 0.758366 0.825895 0.819269 0.629263 0.589710 0.657648 0.524794 0.663125
0.679927 0.915326 0.468914 0.553368 0.903235 0.676921 0.397942 0.482976 0.904357 0.504740 0.500834 0.696242 0.405726 0.588235 0.449739 0.575512 0.619522 0.644678 0.521202 0.729934 0.736631 0.865692 0.542917 0.721043 0.939410 0.854702 0.874413 0.967786 0.552686 0.470746 0.361963 0.395508 0.000000 0.360943 0.768941 0.841273 0.675565 0.761729 0.750848 0.943887 0.933512 0.901228 0.429770 0.411393 0.458515 0.456114 0.530925 0.382266 0.885208 0.690383 0.458303 0.558790 0.593211 0.648866 0.738617 0.965849 0.848141 0.999874 0.678866 0.969894 0.522142 0.762397 0.396779 0.452584 0.688409 0.853406 0.495712 0.585690 0.964910 0.851999 0.480711 0.540194 0.489241 0.578687 0.793455 0.945545 0.587523 0.469922 0.694680 0.622004 0.553400 0.743673 0.791394 0.768737 0.725270 0.758987 0.969905 0.760609 0.815016 0.756786 0.812656 0.929001 0.960467 0.935807 0.833310 0.795558 0.646628 0.957331 0.615086 0.536656 0.673273 0.745740 0.538193 0.492753 0.649541 0.527370 0.960410 0.999266 0.716818 0.762520 0.729258 0.565854 0.568651 0.702927 0.561856 0.840633
0.777693 0.889154 0.546498 0.578908 0.970368 0.767093 0.446550 0.482118 0.927458 0.542687 0.612053 0.691871 0.517706 0.566291 0.525269 0.636346 0.609538 0.629909 0.610213 0.806750 0.733139 0.827161 0.657214 0.769035 0.856239 0.819640 0.814885 0.980842 0.558194 0.464623 0.320224 0.369925 0.360943 0.000000 0.790606 0.790898 0.848203 0.797070 0.798348 0.928386 0.984944 0.989651 0.402105 0.376570 0.438773 0.431456 0.518937 0.416982 0.868863 0.731450 0.533185 0.601939 0.634175 0.691290 0.800595 0.894202 0.860180 0.945675 0.779871 0.918544 0.518282 0.797901 0.348390 0.437864 0.775762 0.784438 0.551432 0.537910 0.916578 0.992007 0.527316 0.603251 0.562464 0.568644 0.819447 0.899436 0.688386 0.467289 0.573573 0.601358 0.519113 0.717985 0.785089 0.723629 0.756681 0.726063 0.979667 0.746447 0.995887 0.873561 0.919748 0.922620 0.929837 0.853037 0.818456 0.774252 0.826751 0.945909 0.677173 0.592922 0.724325 0.810679 0.606111 0.603371 0.728359 0.662751 0.845310 0.919958 0.766238 0.767233 0.858198 0.723892 0.600319 0.761015 0.558538 0.744232
0.915669 0.700305 0.508871 0.746315 0.998299 0.676408 0.578902 0.749238 0.670743 0.899864 0.976302 0.871439 0.827541 0.918096 0.979277 0.862322 0.869065 0.704471 0.899116 0.809372 0.953433 0.964882 0.850840 0.837168 0.942181 0.627344 0.708475 0.941434 0.839019 0.807833 0.735113 0.730727 0.768941 0.790606 0.000000 0.944527 0.943356 0.729773 0.901616 0.995622 0.973300 0.874182 0.655974 0.768436 0.710723 0.836014 0.752962 0.714808 0.720654 0.940076 0.730829 0.759199 0.708226 0.631376 0.771530 0.827468 0.822670 0.755973 0.739369 0.798781 0.532652 0.831037 0.863089 0.982884 0.517681 0.624644 0.439675 0.468334 0.879885 0.933755 0.792158 0.729043 0.852920 0.806836 0.953633 0.948224 0.778647 0.860975 0.966437 0.789611 0.875585 0.698789 0.695762 0.810758 0.854088 0.833358 0.820693 0.861835 0.749020 0.978478 0.552391 0.644202 0.600251 0.632821 0.729612 0.924764 0.758074 0.654659 0.589842 0.564192 0.559332 0.628646 0.575665 0.691426 0.529732 0.632933 0.959081 0.759699 0.914643 0.868176 0.746195 0.610453 0.873409 0.754417 0.576971 0.835435
0.817719 0.801812 0.786323 0.916283 0.876313 0.988544 0.882207 0.915165 0.974963 0.827261 0.977728 0.736003 0.978651 0.841620 0.879347 0.827767 0.862713 0.844369 0.880984 0.762316 0.913824 0.712105 0.831043 0.716258 0.952805 0.735471 0.893781 0.873407 0.893129 0.959583 0.911070 0.855884 0.841273 0.790898 0.944527 0.000000 0.968189 0.846825 0.965686 0.948251 0.906873 0.983950 0.951623 0.943617 0.938912 0.960747 0.921830 0.971233 0.758425 0.771272 0.967474 0.973156 0.941730 0.854709 0.990358 0.948040 0.858707 0.881581 0.966211 0.947820 0.888084 0.861842 0.997925 0.952964 0.884424 0.959197 0.761141 0.768700 0.902409 0.844884 0.977567 0.884557 0.908073 0.925234 0.927991 0.879668 0.879780 0.726385 0.973778 0.997490 0.897223 0.893599 0.898426 0.922901 0.775746 0.785165 0.911579 0.948394 0.865141 0.852735 0.885746 0.956289 0.884794 0.886638 0.906069 0.915337 0.863991 0.985491 0.980568 0.987563 0.932480 0.802877 0.852323 0.921633 0.910869 0.853115 0.945762 0.964949 0.831935 0.822743 0.985401 0.926027 0.795377 0.875074 0.754773 0.988323
0.666893 0.806823 0.914398 0.818995 0.929006 0.985725 0.920249 0.825279 0.980050 0.792720 0.724622 0.684617 0.726554 0.754408 0.743413 0.815535 0.734073 0.748023 0.659559 0.693974 0.984567 0.863039 0.696315 0.804658 0.941188 0.883150 0.989513 0.958098 0.739287 0.771509 0.889276 0.888696 0.675565 0.848203 0.943356 0.968189 0.000000 0.934232 0.948922 0.871141 0.958459 0.996478 0.979031 0.928209 0.998770 0.878383 0.779941 0.899563 0.946080 0.876624 0.849102 0.956173 0.996835 0.884402 0.870721 0.796764 0.711937 0.798334 0.724293 0.829540 0.936603 0.880086 0.716011 0.681916 0.873481 0.930194 0.960441 0.922338 0.698746 0.731622 0.797398 0.904482 0.922159 0.944471 0.861876 0.944405 0.781462 0.892426 0.903063 0.910682 0.749786 0.663597 0.880684 0.904497 0.688592 0.724390 0.904031 0.804946 0.766916 0.646323 0.980709 0.938574 0.992671 0.894738 0.858089 0.894739 0.697793 0.881630 0.892359 0.905913 0.987903 0.858449 0.821109 0.867180 0.985380 0.702051 0.925778 0.927032 0.806005 0.843843 0.799443 0.743256 0.924383 0.973259 0.967440 0.801563
0.988451 0.759915 0.672635 0.719962 0.794912 0.817964 0.688193 0.807128 0.764008 0.990542 0.990290 0.955624 0.885695 0.931571 0.882742 0.942058 0.861201 0.879023 0.980817 0.993392 0.982874 0.771306 0.886633 0.949834 0.954857 0.771381 0.967483 0.987472 0.869109 0.927146 0.753682 0.876700 0.761729 0.797070 0.729773 0.846825 0.934232 0.000000 0.999803 0.991426 0.925000 0.803946 0.772173 0.885175 0.817424 0.942027 0.907973 0.841362 0.808845 0.963593 0.680017 0.757385 0.660678 0.658474 0.824733 0.898633 0.867961 0.731043 0.913267 0.926314 0.779967 0.884701 0.888388 0.968838 0.684095 0.734143 0.669265 0.734093 0.874095 0.876508 0.667828 0.716218 0.639977 0.687630 0.996623 0.838480 0.869288 0.777714 0.884304 0.829966 0.940196 0.871248 0.792166 0.866354 0.965302 0.934151 0.927623 0.903720 0.816137 0.968768 0.585941 0.668347 0.677948 0.666280 0.771202 0.869766 0.710046 0.787430 0.747356 0.704192 0.642287 0.713228 0.729677 0.823509 0.826812 0.630278 0.950926 0.765616 0.934928 0.813598 0.698076 0.744871 0.861715 0.773906 0.684735 0.908225
