0.000000 0.227975 0.916714 0.783260 0.751531 0.825466 0.760920 0.318256 0.967554 0.454759 0.276371 0.263699 0.459858 0.394551 0.683459 0.737680 0.285767 0.265449 0.413934 0.336064 0.885477 0.961280 0.932026 0.811749 0.707579 0.972949 0.811235 0.919526 0.326033 0.357859 0.717758 0.751299 0.562450 0.457704 0.906091 0.753160 0.860410 0.995124 0.920810 0.836237 0.684276 0.789063 0.569373 0.475709 0.689045 0.467015 0.498983 0.508342 0.281288 0.311922 0.445507 0.404876 0.553307 0.644818 0.727282 0.670269 0.390917 0.376806 0.406806 0.356681 0.494186 0.377121 0.284393 0.261781 0.610277 0.904858 0.948062 0.942406 0.773020 0.682214 0.774319 0.830347 0.577617 0.583308 0.864512 0.819552 0.505686 0.653600 0.568982 0.419003 0.302971 0.314242 0.605372 0.723876 0.684670 0.851577 0.624917 0.820137 0.946052 0.689933 0.797459 0.836380 0.914452 0.612497 0.989406 0.863555 0.784989 0.846988 0.523132 0.636169 0.661949 0.863243 0.471012 0.639501 0.885446 0.809375 0.952693 0.943844 0.737368 0.983251 0.957099 0.744764 0.537652 0.967330 0.695271 0.820382
0.227975 0.000000 0.814757 0.911478 0.667695 0.963732 0.931007 0.409018 0.803859 0.544024 0.371816 0.323083 0.609498 0.491907 0.876127 0.849738 0.289959 0.283941 0.466307 0.318479 0.894137 0.878175 0.847242 0.760693 0.790084 0.964622 0.749009 0.900782 0.354598 0.411010 0.804059 0.829736 0.674535 0.529445 0.896022 0.845737 0.869400 0.997643 0.956180 0.778811 0.627682 0.805287 0.713826 0.587244 0.763140 0.535118 0.553639 0.615342 0.295585 0.382060 0.557817 0.528457 0.665317 0.770035 0.740327 0.713147 0.305743 0.256523 0.523622 0.408918 0.643986 0.457587 0.384173 0.322252 0.500645 0.779727 0.780419 0.980040 0.727768 0.616534 0.930044 0.978408 0.644145 0.695210 0.898968 0.855186 0.605541 0.706246 0.610472 0.420634 0.308401 0.280367 0.687377 0.637783 0.708892 0.879965 0.626106 0.895838 0.811424 0.743930 0.976789 0.682338 0.797851 0.522410 0.884341 0.876343 0.845892 0.792876 0.652895 0.794424 0.768189 0.990435 0.570211 0.764969 0.934428 0.960532 0.891271 0.948066 0.765658 0.990091 0.980119 0.863433 0.597929 0.949794 0.818772 0.804752
0.916714 0.814757 0.000000 0.440964 0.746296 0.897106 0.415350 0.811700 0.701014 0.820382 0.963689 0.842999 0.822966 0.910801 0.734325 0.953029 0.957493 0.972545 0.977476 0.871084 0.937714 0.966313 0.604766 0.865465 0.802288 0.505477 0.970370 0.863596 0.915866 0.937215 0.547568 0.642650 0.580978 0.792294 0.558982 0.830449 0.937635 0.876342 0.880759 0.827791 0.940966 0.876469 0.705385 0.735406 0.578150 0.708498 0.873864 0.672822 0.995911 0.940271 0.738728 0.833369 0.732614 0.711854 0.850471 0.890209 0.912799 0.797260 0.996268 0.834380 0.716079 0.970536 0.978288 0.938203 0.430840 0.739537 0.429346 0.541752 0.960244 0.961053 0.961493 0.855016 0.904341 0.805187 0.824345 0.904993 0.917688 0.775431 0.894001 0.968602 0.987997 0.835903 0.944425 0.915951 0.826587 0.993220 0.618646 0.919449 0.678396 0.973741 0.683543 0.625902 0.588836 0.661928 0.742071 0.986839 0.835692 0.783315 0.791939 0.697843 0.799079 0.628854 0.883007 0.657669 0.564774 0.642102 0.896794 0.870706 0.960059 0.973019 0.768493 0.844076 0.716270 0.795258 0.791342 0.885502
0.783260 0.911478 0.440964 0.000000 0.886167 0.877099 0.497181 0.639816 0.850891 0.703116 0.788492 0.835840 0.728357 0.804384 0.643129 0.827821 0.817967 0.797325 0.738055 0.760757 0.953143 0.926595 0.579222 0.788863 0.904299 0.691281 0.959279 0.868041 0.739103 0.788898 0.638296 0.696672 0.546835 0.697048 0.842460 0.886856 0.942534 0.866970 0.827931 0.998591 0.944600 0.913514 0.727565 0.716443 0.646083 0.662566 0.855265 0.634568 0.785030 0.746359 0.700266 0.747207 0.714991 0.767413 0.817615 0.906898 0.853249 0.941050 0.775721 0.956445 0.681477 0.711260 0.813526 0.834113 0.665024 0.754620 0.629029 0.733675 0.807971 0.850151 0.855897 0.850680 0.768453 0.806476 0.813024 0.997257 0.746318 0.832807 0.780300 0.878055 0.818745 0.838336 0.757458 0.786318 0.633878 0.755626 0.774178 0.844873 0.810862 0.808987 0.756393 0.816461 0.683272 0.859020 0.790800 0.910399 0.762381 0.868880 0.739429 0.759471 0.856111 0.740455 0.821476 0.727098 0.662996 0.725454 0.968682 0.909931 0.894239 0.956509 0.832874 0.942698 0.717854 0.976095 0.947887 0.884977
0.751531 0.667695 0.746296 0.886167 0.000000 0.863343 0.954086 0.809443 0.748041 0.851201 0.785876 0.753120 0.869925 0.824098 0.864875 0.930980 0.718608 0.726313 0.722115 0.710250 0.978949 0.891353 0.784955 0.808543 0.914246 0.839885 0.799323 0.808302 0.775531 0.831502 0.945789 0.880024 0.994067 0.863363 0.915876 0.887474 0.937100 0.977216 0.975073 0.918706 0.904800 0.937011 0.948576 0.922726 0.890568 0.853936 0.904096 0.930672 0.811911 0.851816 0.930473 0.943792 0.990162 0.971801 0.784700 0.771912 0.699608 0.657026 0.863888 0.941983 0.930687 0.874311 0.805957 0.763597 0.683620 0.792127 0.854297 0.939899 0.905375 0.765627 0.865028 0.927020 0.947769 0.971133 0.965891 0.945761 0.810561 0.846964 0.804230 0.836662 0.741961 0.679658 0.838590 0.750340 0.865709 0.843491 0.872862 0.977433 0.763800 0.836562 0.859437 0.689350 0.736885 0.667250 0.990096 0.926879 0.901788 0.917659 0.930354 0.975551 0.953412 0.804924 0.805360 0.909617 0.977592 0.946317 0.802789 0.845907 0.955636 0.995344 0.907387 0.881102 0.915707 0.940022 0.845876 0.728703
0.825466 0.963732 0.897106 0.877099 0.863343 0.000000 0.667772 0.666954 0.711094 0.775726 0.779460 0.793047 0.765026 0.769202 0.811433 0.717634 0.919164 0.909582 0.897276 0.951641 0.867361 0.969048 0.890940 0.951671 0.725111 0.958548 0.799462 0.955415 0.832204 0.797219 0.836025 0.804364 0.753310 0.850522 0.934717 0.903459 0.995922 0.939502 0.911063 0.925411 0.962944 0.952262 0.573818 0.666762 0.791692 0.773941 0.829908 0.802730 0.813308 0.683614 0.609696 0.609254 0.658758 0.578605 0.921233 0.858408 0.869721 0.805828 0.795363 0.793482 0.715305 0.706003 0.753971 0.774252 0.927305 0.700553 0.772483 0.734539 0.659600 0.970748 0.773686 0.782680 0.854041 0.678352 0.766948 0.833589 0.647470 0.771777 0.867652 0.754162 0.812731 0.978904 0.983055 0.909218 0.921074 0.951732 0.965820 0.747775 0.925281 0.970069 0.615370 0.673994 0.686215 0.766519 0.923489 0.875108 0.860274 0.934680 0.675433 0.623109 0.586096 0.683562 0.745789 0.695521 0.784988 0.653425 0.674516 0.678989 0.741290 0.973773 0.848987 0.725502 0.805791 0.915447 0.700327 0.992687
0.760920 0.931007 0.415350 0.497181 0.954086 0.667772 0.000000 0.467776 0.648597 0.438417 0.633811 0.792063 0.502396 0.762291 0.555343 0.765652 0.684427 0.676913 0.595792 0.860365 0.946474 0.976943 0.757553 0.944133 0.892361 0.774508 0.832893 0.959396 0.624896 0.573836 0.461062 0.492885 0.361933 0.467889 0.731052 0.988619 0.867532 0.768442 0.827950 0.912302 0.855918 0.900730 0.344438 0.380362 0.317798 0.437192 0.617895 0.415640 0.695895 0.638356 0.407030 0.511097 0.438018 0.432776 0.660714 0.662424 0.911899 0.931132 0.705043 0.984311 0.397521 0.656389 0.629659 0.656131 0.778749 0.787016 0.312631 0.399874 0.927785 0.946162 0.600487 0.538463 0.579516 0.537795 0.805807 0.894467 0.547578 0.540753 0.558870 0.670108 0.650024 0.887638 0.763711 0.753818 0.905085 0.860103 0.840738 0.889351 0.851297 0.868133 0.510248 0.566933 0.618829 0.718607 0.782968 0.778938 0.617346 0.743382 0.457127 0.344422 0.471564 0.490303 0.527058 0.384655 0.596953 0.510913 0.868236 0.716651 0.744535 0.898237 0.713323 0.545502 0.522084 0.738746 0.615248 0.968064
0.318256 0.409018 0.811700 0.639816 0.809443 0.666954 0.467776 0.000000 0.918898 0.323552 0.321962 0.330886 0.410421 0.375842 0.623240 0.673413 0.379861 0.368540 0.456702 0.448342 0.937528 0.976341 0.959893 0.859267 0.696207 0.906858 0.732565 0.960129 0.353945 0.382051 0.595576 0.635659 0.474398 0.399291 0.994559 0.798369 0.858000 0.899486 0.878872 0.928308 0.802793 0.842302 0.390824 0.376570 0.464811 0.359451 0.473781 0.413756 0.294088 0.295948 0.314093 0.324202 0.431585 0.469817 0.684133 0.624303 0.585704 0.612165 0.397631 0.518078 0.363614 0.304277 0.310318 0.304200 0.790675 0.878161 0.728551 0.667215 0.944893 0.714477 0.660171 0.732364 0.491909 0.472760 0.745203 0.817894 0.426380 0.556875 0.586774 0.463920 0.330426 0.440935 0.631363 0.707273 0.723019 0.967962 0.809407 0.865135 0.976866 0.683166 0.618955 0.898846 0.837371 0.868971 0.878170 0.803822 0.699695 0.995334 0.376742 0.407425 0.490075 0.691591 0.399123 0.462891 0.680816 0.616213 0.947996 0.777595 0.629601 0.905830 0.747438 0.576329 0.479877 0.845948 0.597892 0.836742
0.967554 0.803859 0.701014 0.850891 0.748041 0.711094 0.648597 0.918898 0.000000 0.822991 0.952978 0.900557 0.871649 0.923400 0.743514 0.911150 0.947901 0.926885 0.988485 0.848730 0.988223 0.989406 0.877992 0.940445 0.952780 0.818081 0.906058 0.941282 0.992215 0.963314 0.749422 0.727342 0.816493 0.989376 0.770394 0.927999 0.904988 0.871111 0.978787 0.927995 0.969853 0.897893 0.746181 0.851163 0.841413 0.939952 0.935382 0.817856 0.986160 0.920272 0.721026 0.713652 0.639614 0.643146 0.946332 0.799433 0.732069 0.640303 0.955993 0.888131 0.869421 0.906077 0.946158 0.946584 0.790406 0.778423 0.708172 0.891847 0.842273 0.867206 0.774611 0.731089 0.784719 0.719305 0.847051 0.981826 0.714804 0.781958 0.950974 0.900414 0.981454 0.859234 0.919005 0.744954 0.964263 0.946668 0.687612 0.828651 0.715083 0.984992 0.547321 0.490592 0.533049 0.596997 0.849669 0.923550 0.824599 0.839127 0.677978 0.625862 0.719795 0.697430 0.789145 0.695324 0.850595 0.748126 0.817888 0.710366 0.885126 0.944733 0.970282 0.752742 0.746900 0.921241 0.790310 0.901796
0.454759 0.544024 0.820382 0.703116 0.851201 0.775726 0.438417 0.323552 0.822991 0.000000 0.356950 0.430228 0.425925 0.479388 0.547354 0.668500 0.357160 0.357531 0.441548 0.543220 0.796910 0.924526 0.824428 0.956622 0.780205 0.996254 0.733367 0.982565 0.348853 0.332882 0.474712 0.538752 0.410775 0.408167 0.985866 0.934986 0.721074 0.779770 0.982069 0.931105 0.754723 0.761818 0.396977 0.378244 0.422449 0.370908 0.486237 0.406721 0.412376 0.532330 0.435061 0.521965 0.534328 0.630086 0.690151 0.649305 0.614552 0.720230 0.466589 0.764557 0.400697 0.435782 0.375856 0.325864 0.852906 0.996778 0.672814 0.661443 0.881895 0.814623 0.595007 0.521866 0.509169 0.497270 0.793409 0.896574 0.519073 0.525006 0.530292 0.426822 0.315233 0.438878 0.585531 0.615607 0.690030 0.936713 0.976698 0.947962 0.989977 0.642694 0.727865 0.968365 0.937745 0.843007 0.963309 0.795323 0.599803 0.993167 0.453724 0.406320 0.580192 0.745631 0.431309 0.442502 0.711058 0.689250 0.973752 0.822714 0.647932 0.908810 0.805872 0.556900 0.577471 0.872940 0.679448 0.801905
0.276371 0.371816 0.963689 0.788492 0.785876 0.779460 0.633811 0.321962 0.952978 0.356950 0.000000 0.255704 0.326548 0.340285 0.566863 0.603641 0.285641 0.264780 0.351499 0.411086 0.975616 0.974835 0.993928 0.840070 0.617316 0.910998 0.804335 0.988504 0.295519 0.290915 0.725783 0.754348 0.488924 0.464348 0.857724 0.871192 0.864241 0.944646 0.950175 0.835295 0.679658 0.773834 0.504810 0.466441 0.660361 0.485477 0.518143 0.516915 0.356289 0.379021 0.440944 0.427000 0.547096 0.588874 0.711323 0.679631 0.541088 0.541130 0.376570 0.483831 0.390743 0.364344 0.255695 0.233158 0.641223 0.969077 0.858526 0.832626 0.866596 0.788617 0.716253 0.676585 0.475884 0.491931 0.856125 0.779383 0.505600 0.587521 0.481128 0.456588 0.321836 0.360375 0.609158 0.720340 0.773005 0.900588 0.732631 0.897607 0.906975 0.690378 0.721874 0.933003 0.956673 0.689147 0.940938 0.777768 0.714300 0.871166 0.489859 0.540059 0.583968 0.772644 0.507782 0.525495 0.820882 0.787248 0.975615 0.925914 0.730533 0.845177 0.946990 0.692869 0.598756 0.941749 0.686827 0.808878
0.263699 0.323083 0.842999 0.835840 0.753120 0.793047 0.792063 0.330886 0.900557 0.430228 0.255704 0.000000 0.395947 0.257410 0.620236 0.575338 0.300509 0.283509 0.411114 0.345301 0.983628 0.908852 0.998896 0.963931 0.573368 0.798752 0.792661 0.953130 0.352716 0.344736 0.796604 0.841253 0.618571 0.480899 0.756145 0.738082 0.861974 0.992823 0.949455 0.803256 0.786392 0.859184 0.590802 0.534973 0.730242 0.522363 0.552807 0.572510 0.303940 0.358176 0.507763 0.478356 0.630187 0.696718 0.792082 0.713879 0.521535 0.474795 0.446268 0.423522 0.510128 0.319554 0.261660 0.239675 0.536983 0.988019 0.957060 0.937357 0.842556 0.740458 0.722977 0.769186 0.568876 0.575775 0.859678 0.820544 0.511067 0.642189 0.610836 0.453832 0.336117 0.318367 0.629985 0.741499 0.704695 0.763155 0.699477 0.993707 0.849680 0.674533 0.865571 0.768583 0.811078 0.560496 0.873453 0.741110 0.872523 0.793844 0.565751 0.670276 0.677328 0.912966 0.558054 0.678089 0.879042 0.866513 0.887774 0.961930 0.693923 0.886619 0.972983 0.813684 0.663428 0.929901 0.717558 0.755890
0.459858 0.609498 0.822966 0.728357 0.869925 0.765026 0.502396 0.410421 0.871649 0.425925 0.326548 0.395947 0.000000 0.405425 0.392755 0.464641 0.435736 0.424028 0.442059 0.623082 0.954152 0.987188 0.792212 0.957607 0.692655 0.909966 0.938915 0.947159 0.426286 0.350349 0.599005 0.673584 0.445572 0.476871 0.932926 0.889931 0.898067 0.901943 0.993421 0.934040 0.853158 0.850423 0.450052 0.424867 0.623417 0.497033 0.502955 0.516044 0.510368 0.450797 0.490175 0.472730 0.554513 0.571857 0.801223 0.794058 0.645414 0.715662 0.419869 0.580291 0.395892 0.534095 0.311259 0.334963 0.869046 0.970822 0.640085 0.714364 0.964479 0.913372 0.619438 0.647864 0.570505 0.557623 0.832525 0.823667 0.507595 0.462568 0.546017 0.534566 0.497372 0.545842 0.591066 0.810385 0.848547 0.947878 0.896747 0.940206 0.966972 0.779918 0.688013 0.958650 0.937607 0.808235 0.957013 0.707240 0.674042 0.933815 0.475537 0.500812 0.529941 0.733380 0.441871 0.471576 0.618815 0.625193 0.999984 0.862819 0.718961 0.771034 0.896324 0.703249 0.565882 0.861867 0.551303 0.811075
0.394551 0.491907 0.910801 0.804384 0.824098 0.769202 0.762291 0.375842 0.923400 0.479388 0.340285 0.257410 0.405425 0.000000 0.510341 0.430155 0.425575 0.409415 0.455184 0.445364 0.991698 0.979285 0.828368 0.857487 0.571934 0.770171 0.827002 0.933330 0.378106 0.357329 0.728133 0.787736 0.588499 0.469862 0.800919 0.736117 0.867612 0.976047 0.879690 0.817012 0.891871 0.823552 0.608595 0.573134 0.733364 0.533653 0.621711 0.613895 0.416833 0.400259 0.536623 0.525444 0.689064 0.718308 0.860725 0.836725 0.678856 0.619631 0.511093 0.529657 0.556406 0.366162 0.299514 0.313181 0.612161 0.906072 0.929793 0.902940 0.896908 0.791267 0.679637 0.758928 0.584477 0.565825 0.756817 0.773395 0.592088 0.673882 0.670361 0.568885 0.446771 0.415674 0.664554 0.794914 0.666499 0.660032 0.763708 0.941596 0.846468 0.709578 0.904191 0.789276 0.807847 0.565666 0.990436 0.815635 0.953901 0.714002 0.656418 0.674197 0.700697 0.887140 0.645443 0.634131 0.800790 0.821809 0.977213 0.946437 0.683687 0.919273 0.905588 0.833600 0.726328 0.957224 0.790563 0.786952
0.683459 0.876127 0.734325 0.643129 0.864875 0.811433 0.555343 0.623240 0.743514 0.547354 0.566863 0.620236 0.392755 0.510341 0.000000 0.371853 0.626453 0.623789 0.538069 0.751089 0.922794 0.967627 0.474382 0.757054 0.847563 0.971178 0.894314 0.932978 0.582552 0.465781 0.446441 0.568929 0.446303 0.479856 0.995822 0.919829 0.834256 0.973712 0.963931 0.953366 0.855542 0.789022 0.602012 0.571874 0.698440 0.576764 0.755828 0.611032 0.735384 0.662013 0.691679 0.675563 0.693380 0.765413 0.964024 0.993011 0.820744 0.894513 0.680080 0.853282 0.628291 0.668575 0.470180 0.543656 0.902612 0.961284 0.591856 0.783187 0.991583 0.945364 0.576564 0.637514 0.642405 0.667687 0.831564 0.877798 0.578856 0.592662 0.706267 0.652045 0.639964 0.701978 0.663199 0.871591 0.625781 0.651690 0.920523 0.860748 0.864071 0.754487 0.855665 0.930687 0.986010 0.864916 0.847415 0.765024 0.785984 0.847743 0.707754 0.660396 0.668539 0.753142 0.689199 0.499080 0.755811 0.681007 0.952708 0.901305 0.783797 0.858690 0.920530 0.841440 0.739320 0.848481 0.630644 0.860951
0.737680 0.849738 0.953029 0.827821 0.930980 0.717634 0.765652 0.673413 0.911150 0.668500 0.603641 0.575338 0.464641 0.430155 0.371853 0.000000 0.694483 0.702206 0.600452 0.811995 0.965081 0.921424 0.616290 0.661411 0.692886 0.759340 0.980747 0.927238 0.633948 0.494765 0.627335 0.745417 0.630903 0.646556 0.874290 0.937134 0.897133 0.871515 0.985112 0.981240 0.964368 0.960229 0.651442 0.634469 0.865194 0.720477 0.784854 0.708542 0.738443 0.688801 0.770734 0.763265 0.874053 0.886581 0.974084 0.879642 0.883734 0.907140 0.707858 0.756132 0.733370 0.689965 0.509522 0.547511 0.880133 0.955050 0.810521 0.860111 0.922279 0.928005 0.636604 0.714071 0.785323 0.696914 0.832389 0.851363 0.745835 0.602936 0.782734 0.698395 0.705395 0.716552 0.809319 0.937172 0.730235 0.621415 0.999311 0.877140 0.982301 0.882408 0.994630 0.882309 0.846879 0.734846 0.964021 0.781400 0.910257 0.723047 0.875531 0.833302 0.749735 0.902486 0.758041 0.653183 0.824955 0.718182 0.924061 0.990290 0.766614 0.844760 0.967755 0.973452 0.816400 0.881697 0.758607 0.886327
0.285767 0.289959 0.957493 0.817967 0.718608 0.919164 0.684427 0.379861 0.947901 0.357160 0.285641 0.300509 0.435736 0.425575 0.626453 0.694483 0.000000 0.190059 0.335141 0.340988 0.836978 0.877232 0.975129 0.817214 0.716753 0.837889 0.731760 0.984883 0.274315 0.236572 0.673461 0.645680 0.455064 0.369047 0.896147 0.954319 0.789093 0.902411 0.959859 0.741473 0.637143 0.788465 0.541909 0.431686 0.576924 0.400859 0.476784 0.462899 0.319018 0.455462 0.526621 0.577840 0.648531 0.750801 0.672948 0.661644 0.324099 0.368550 0.500854 0.586912 0.516710 0.472101 0.279861 0.227364 0.593817 0.775920 0.931393 0.831942 0.784773 0.677829 0.742148 0.663616 0.524831 0.610906 0.884802 0.917349 0.535854 0.551506 0.442465 0.396087 0.227159 0.281520 0.539092 0.534138 0.691758 0.876947 0.776811 0.995599 0.818307 0.703391 0.996343 0.744031 0.786526 0.552748 0.899841 0.768460 0.795287 0.811151 0.563179 0.626889 0.752593 0.930197 0.527256 0.587368 0.871848 0.871914 0.816199 0.955622 0.735803 0.871698 0.928759 0.755059 0.553036 0.954745 0.744960 0.790009
0.265449 0.283941 0.972545 0.797325 0.726313 0.909582 0.676913 0.368540 0.926885 0.357531 0.264780 0.283509 0.424028 0.409415 0.623789 0.702206 0.190059 0.000000 0.308250 0.325004 0.854933 0.872260 0.987513 0.857885 0.748161 0.885268 0.698945 0.992242 0.256981 0.248286 0.664087 0.673764 0.452880 0.385065 0.929442 0.888143 0.809136 0.887995 0.995238 0.789254 0.593053 0.770962 0.540961 0.420169 0.596062 0.408671 0.531977 0.439599 0.329991 0.441581 0.506250 0.534487 0.606755 0.693323 0.640917 0.644786 0.341922 0.380693 0.499002 0.580294 0.491471 0.474736 0.271853 0.228518 0.600210 0.797061 0.926231 0.853971 0.770239 0.730256 0.730719 0.654606 0.509559 0.545634 0.902226 0.846499 0.490685 0.539050 0.438894 0.370458 0.237540 0.277427 0.564023 0.583468 0.706600 0.894804 0.759940 0.993167 0.818687 0.744011 0.931885 0.780710 0.803677 0.579654 0.915649 0.751538 0.784993 0.858367 0.540463 0.581882 0.726291 0.870504 0.500513 0.584501 0.818834 0.884360 0.863902 0.986545 0.776176 0.910034 0.886241 0.747774 0.520510 0.930929 0.726560 0.844827
0.413934 0.466307 0.977476 0.738055 0.722115 0.897276 0.595792 0.456702 0.988485 0.441548 0.351499 0.411114 0.442059 0.455184 0.538069 0.600452 0.335141 0.308250 0.000000 0.363931 0.859619 0.903645 0.795810 0.985527 0.819152 0.832112 0.858249 0.878882 0.363706 0.328776 0.616261 0.654020 0.428567 0.427494 0.890956 0.893942 0.838153 0.856126 0.974807 0.962099 0.657768 0.804913 0.632282 0.532500 0.642227 0.519750 0.589615 0.525300 0.491103 0.493858 0.576343 0.606435 0.687259 0.734838 0.659685 0.703851 0.462723 0.552694 0.635580 0.779934 0.637145 0.564229 0.390402 0.376174 0.662623 0.743314 0.871440 0.906629 0.719155 0.672094 0.602410 0.670845 0.482280 0.485817 0.866387 0.822914 0.454347 0.584212 0.480865 0.389866 0.338904 0.369203 0.585872 0.560936 0.690329 0.869117 0.823673 0.907727 0.862054 0.767581 0.933070 0.867417 0.856297 0.698607 0.924025 0.680158 0.787647 0.812061 0.677181 0.665917 0.725671 0.870860 0.555203 0.531440 0.839898 0.788039 0.987656 0.908494 0.800512 0.936519 0.953038 0.794541 0.604100 0.871250 0.850007 0.733792
0.336064 0.318479 0.871084 0.760757 0.710250 0.951641 0.860365 0.448342 0.848730 0.543220 0.411086 0.345301 0.623082 0.445364 0.751089 0.811995 0.340988 0.325004 0.363931 0.000000 0.877499 0.934776 0.894633 0.975978 0.817571 0.907317 0.859615 0.942532 0.369253 0.405664 0.794330 0.771722 0.620742 0.513755 0.806323 0.798133 0.879346 0.826695 0.993630 0.804790 0.629882 0.760063 0.821922 0.694853 0.795126 0.590465 0.677587 0.643593 0.393237 0.428443 0.637137 0.625996 0.750009 0.829266 0.734315 0.726910 0.420273 0.389482 0.657042 0.649420 0.782246 0.475563 0.468492 0.425870 0.527098 0.785057 0.815250 0.911232 0.580380 0.548310 0.804362 0.954261 0.537548 0.597993 0.882980 0.905880 0.539726 0.738475 0.629903 0.470831 0.323615 0.254496 0.506326 0.558103 0.621460 0.760205 0.726878 0.891366 0.716956 0.765178 0.939534 0.696429 0.780819 0.558878 0.871069 0.844413 0.935395 0.793325 0.772767 0.855953 0.876773 0.995779 0.715325 0.807196 0.951863 0.992153 0.963413 0.895129 0.874025 0.959701 0.915353 0.892338 0.708666 0.970846 0.923159 0.741114
0.885477 0.894137 0.937714 0.953143 0.978949 0.867361 0.946474 0.937528 0.988223 0.796910 0.975616 0.983628 0.954152 0.991698 0.922794 0.965081 0.836978 0.854933 0.859619 0.877499 0.000000 0.959292 0.926585 0.997820 0.983332 0.927402 0.947532 0.927477 0.901217 0.925377 0.758437 0.835501 0.895450 0.880966 0.906664 0.918657 0.807289 0.929176 0.789083 0.879032 0.872587 0.950143 0.882989 0.791737 0.856391 0.820443 0.834228 0.818591 0.884374 0.985227 0.972252 0.976070 0.916734 0.880705 0.885306 0.896983 0.793182 0.896812 0.998510 0.948206 0.977595 0.999796 0.931459 0.920589 0.967391 0.862372 0.936051 0.998317 0.851684 0.852876 0.903414 0.815946 0.932234 0.900364 0.825591 0.985749 0.984930 0.884594 0.973704 0.781535 0.813346 0.839206 0.821092 0.832391 0.806363 0.962228 0.945472 0.995123 0.993057 0.966351 0.867071 0.951926 0.921751 0.924156 0.950678 0.959383 0.962567 0.965394 0.933616 0.946225 0.993448 0.956626 0.831891 0.878456 0.959357 0.869223 0.886956 0.911882 0.968667 0.804930 0.922903 0.975539 0.939134 0.989447 0.966978 0.955341
0.961280 0.878175 0.966313 0.926595 0.891353 0.969048 0.976943 0.976341 0.989406 0.924526 0.974835 0.908852 0.987188 0.979285 0.967627 0.921424 0.877232 0.872260 0.903645 0.934776 0.959292 0.000000 0.945758 0.898427 0.941392 0.980002 0.869493 0.883731 0.942470 0.888354 0.933965 0.955499 0.960934 0.858233 0.970315 0.731616 0.923595 0.748219 0.890876 0.969433 0.941625 0.841338 0.937698 0.929995 0.901449 0.919212 0.865416 0.879994 0.868849 0.957932 0.919141 0.975134 0.974399 0.966456 0.960670 0.945874 0.969473 0.962376 0.867010 0.961363 0.999473 0.930884 0.968142 0.929877 0.917976 0.979057 0.994500 0.962447 0.946207 0.909469 0.959027 0.925149 0.927013 0.894687 0.958178 0.947625 0.943354 0.944598 0.874526 0.912956 0.870010 0.898483 0.944777 0.881127 0.884206 0.926472 0.980067 0.883881 0.962124 0.933191 0.956580 0.895382 0.906303 0.947515 0.900428 0.841861 0.946073 0.860215 0.965102 0.985875 0.936851 0.905530 0.979188 0.902069 0.923880 0.992971 0.912009 0.831855 0.866963 0.963248 0.920346 0.914799 0.923805 0.898492 0.883546 0.978473
0.932026 0.847242 0.604766 0.579222 0.784955 0.890940 0.757553 0.959893 0.877992 0.824428 0.993928 0.998896 0.792212 0.828368 0.474382 0.616290 0.975129 0.987513 0.795810 0.894633 0.926585 0.945758 0.000000 0.417028 0.792705 0.949216 0.698374 0.788122 0.893303 0.835679 0.574013 0.715188 0.667787 0.813894 0.996608 0.997088 0.802473 0.950825 0.954927 0.850492 0.993840 0.805105 0.925357 0.978660 0.951445 0.921754 0.969665 0.960630 0.912983 0.998363 0.961356 0.921065 0.948111 0.880371 0.827579 0.761512 0.997284 0.920392 0.923770 0.748185 0.902046 0.947852 0.971182 0.977635 0.731032 0.931734 0.779025 0.926570 0.772067 0.897051 0.731074 0.912008 0.831809 0.839373 0.844757 0.935442 0.925030 0.832191 0.943745 0.956700 0.972892 0.899797 0.774190 0.904685 0.540177 0.518951 0.710701 0.592932 0.843373 0.933912 0.866271 0.991585 0.998840 0.946560 0.810970 0.973868 0.889404 0.796804 0.850613 0.939798 0.920871 0.980754 0.937837 0.813385 0.847830 0.832240 0.976298 0.873222 0.977512 0.968751 0.905043 0.901310 0.966131 0.921669 0.970508 0.899853
0.811749 0.760693 0.865465 0.788863 0.808543 0.951671 0.944133 0.859267 0.940445 0.956622 0.840070 0.963931 0.957607 0.857487 0.757054 0.661411 0.817214 0.857885 0.985527 0.975978 0.997820 0.898427 0.417028 0.000000 0.885040 0.937072 0.892355 0.752152 0.920327 0.978093 0.869314 0.968458 0.999171 0.945074 0.927432 0.852574 0.970689 0.965093 0.840339 0.994501 0.853830 0.871132 0.809426 0.809423 0.868513 0.910927 0.745477 0.875487 0.839913 0.887863 0.792524 0.768087 0.771968 0.742422 0.658635 0.721857 0.795406 0.836553 0.783747 0.815259 0.755453 0.903859 0.889151 0.865504 0.846498 0.976662 0.966256 0.788130 0.913624 0.996489 0.877752 0.990865 0.848471 0.948926 0.970165 0.997032 0.850948 0.905537 0.752894 0.888171 0.866700 0.964317 0.968747 0.985941 0.683935 0.510392 0.801343 0.603147 0.994405 0.996498 0.712993 0.820645 0.806842 0.884788 0.995933 0.984615 0.811760 0.749441 0.628419 0.741515 0.807052 0.823315 0.731325 0.923099 0.979681 0.978803 0.965883 0.775439 0.978120 0.883268 0.948263 0.782549 0.757645 0.984390 0.773570 0.959392
0.707579 0.790084 0.802288 0.904299 0.914246 0.725111 0.892361 0.696207 0.952780 0.780205 0.617316 0.573368 0.692655 0.571934 0.847563 0.692886 0.716753 0.748161 0.819152 0.817571 0.983332 0.941392 0.792705 0.885040 0.000000 0.606760 0.721330 0.973674 0.726722 0.691593 0.955913 0.983511 0.868634 0.793944 0.842774 0.854327 0.821299 0.937815 0.908719 0.895148 0.998266 0.890438 0.676032 0.716699 0.922620 0.850665 0.696293 0.827082 0.706591 0.719398 0.681010 0.715199 0.807155 0.725857 0.732125 0.880457 0.960572 0.929914 0.729905 0.667067 0.661832 0.616003 0.606324 0.613621 0.619995 0.870846 0.937148 0.798345 0.916821 0.937556 0.918087 0.808866 0.794368 0.759109 0.877839 0.800267 0.891042 0.779148 0.799421 0.818420 0.807578 0.884801 0.980273 0.898695 0.864518 0.975155 0.698012 0.772335 0.712335 0.884160 0.838154 0.995291 0.843786 0.821029 0.914885 0.852541 0.901543 0.920173 0.717577 0.771426 0.722158 0.834900 0.827767 0.824784 0.986403 0.890478 0.953191 0.914500 0.841056 0.877950 0.931454 0.864636 0.928093 0.901876 0.668266 0.769083
0.972949 0.964622 0.505477 0.691281 0.839885 0.958548 0.774508 0.906858 0.818081 0.996254 0.910998 0.798752 0.909966 0.770171 0.971178 0.759340 0.837889 0.885268 0.832112 0.907317 0.927402 0.980002 0.949216 0.937072 0.606760 0.000000 0.891807 0.984175 0.987750 0.888546 0.716257 0.776281 0.855240 0.945534 0.658915 0.927311 0.952637 0.871518 0.820156 0.880192 0.977885 0.956356 0.890562 0.913439 0.738555 0.805495 0.916049 0.816777 0.941242 0.869230 0.806373 0.782242 0.724196 0.774418 0.993838 0.929781 0.918898 0.959222 0.949658 0.989573 0.865999 0.887376 0.856062 0.869697 0.590764 0.702440 0.821344 0.780110 0.988237 0.895763 0.934169 0.795009 0.963662 0.993054 0.994312 0.993451 0.985750 0.995475 0.918726 0.982965 0.990180 0.871973 0.977856 0.955747 0.838865 0.980496 0.695278 0.888660 0.683734 0.997224 0.700536 0.738431 0.613502 0.708394 0.782020 0.814884 0.988299 0.750434 0.923126 0.877599 0.844944 0.710662 0.948881 0.880902 0.738732 0.846172 0.828282 0.821153 0.922899 0.885908 0.799629 0.887155 0.823929 0.844910 0.942654 0.803375
0.811235 0.749009 0.970370 0.959279 0.799323 0.799462 0.832893 0.732565 0.906058 0.733367 0.804335 0.792661 0.938915 0.827002 0.894314 0.980747 0.731760 0.698945 0.858249 0.859615 0.947532 0.869493 0.698374 0.892355 0.721330 0.891807 0.000000 0.999532 0.701528 0.754540 0.984810 0.875156 0.896626 0.778592 0.846551 0.937002 0.873830 0.957850 0.819078 0.874365 0.830844 0.984867 0.657721 0.626798 0.702155 0.709969 0.812720 0.635568 0.697074 0.887620 0.681726 0.791810 0.754989 0.726410 0.594732 0.613100 0.888248 0.881981 0.805867 0.870049 0.688376 0.749585 0.722051 0.687348 0.749615 0.971271 0.859766 0.666803 0.821180 0.852071 0.984418 0.759226 0.935140 0.892397 0.977114 0.988458 0.853396 0.951809 0.715022 0.768492 0.755797 0.877896 0.927905 0.804854 0.836283 0.802922 0.808237 0.854510 0.810323 0.910564 0.939993 0.944657 0.976983 0.867783 0.806534 0.991179 0.979501 0.885099 0.688181 0.722538 0.824281 0.826015 0.840022 0.874468 0.840938 0.983694 0.989089 0.809352 0.800914 0.927785 0.936490 0.843063 0.725066 0.975205 0.870404 0.940487
0.919526 0.900782 0.863596 0.868041 0.808302 0.955415 0.959396 0.960129 0.941282 0.982565 0.988504 0.953130 0.947159 0.933330 0.932978 0.927238 0.984883 0.992242 0.878882 0.942532 0.927477 0.883731 0.788122 0.752152 0.973674 0.984175 0.999532 0.000000 0.953334 0.931421 0.926457 0.790420 0.958620 0.989832 0.903172 0.925111 0.858965 0.961832 0.990845 0.859469 0.929157 0.913217 0.966302 0.948928 0.982852 0.964300 0.927592 0.964495 0.932143 0.993974 0.943288 0.944235 0.941816 0.977209 0.960510 0.962131 0.999470 0.979501 0.880677 0.870286 0.903358 0.984735 0.929829 0.953454 0.969025 0.942280 0.979900 0.973005 0.869566 0.921496 0.977446 0.966656 0.987659 0.916533 0.856722 0.990265 0.957425 0.988239 0.988819 0.911603 0.977023 0.967456 0.822467 0.923967 0.981833 0.982786 0.866058 0.883513 0.823406 0.820683 0.892072 0.965486 0.939046 0.929833 0.963395 0.804510 0.948873 0.797466 0.810980 0.951268 0.838772 0.974400 0.948009 0.898440 0.827206 0.939422 0.952794 0.923240 0.996988 0.988578 0.991765 0.926316 0.862650 0.840002 0.992406 0.889781
0.326033 0.354598 0.915866 0.739103 0.775531 0.832204 0.624896 0.353945 0.992215 0.348853 0.295519 0.352716 0.426286 0.378106 0.582552 0.633948 0.274315 0.256981 0.363706 0.369253 0.901217 0.942470 0.893303 0.920327 0.726722 0.987750 0.701528 0.953334 0.000000 0.244228 0.566015 0.557043 0.399045 0.325703 0.967141 0.978903 0.811448 0.847554 0.917879 0.775327 0.670746 0.711946 0.514295 0.432428 0.544614 0.360436 0.542135 0.463173 0.328892 0.396960 0.435458 0.482734 0.556739 0.625880 0.647681 0.612724 0.467578 0.464809 0.489866 0.608365 0.459941 0.396725 0.288708 0.264490 0.657182 0.912647 0.843605 0.776447 0.796937 0.691483 0.781631 0.730648 0.501080 0.517011 0.773542 0.834913 0.560870 0.522177 0.431745 0.381305 0.261148 0.326522 0.546525 0.567334 0.611655 0.830633 0.888492 0.950869 0.810260 0.702282 0.865701 0.801737 0.884818 0.612801 0.918043 0.793365 0.760740 0.870582 0.581170 0.579725 0.702008 0.792054 0.527919 0.551777 0.673455 0.834745 0.917442 0.965783 0.795687 0.977479 0.884799 0.789149 0.533872 0.889709 0.760805 0.765727
0.357859 0.411010 0.937215 0.788898 0.831502 0.797219 0.573836 0.382051 0.963314 0.332882 0.290915 0.344736 0.350349 0.357329 0.465781 0.494765 0.236572 0.248286 0.328776 0.405664 0.925377 0.888354 0.835679 0.978093 0.691593 0.888546 0.754540 0.931421 0.244228 0.000000 0.516750 0.552047 0.368670 0.308831 0.969737 0.939992 0.795321 0.911542 0.987079 0.810251 0.655127 0.760693 0.454521 0.360063 0.523040 0.356418 0.494549 0.419235 0.356901 0.426499 0.482917 0.524919 0.585695 0.665132 0.678903 0.727420 0.455440 0.491801 0.526950 0.629314 0.470241 0.463344 0.262366 0.230935 0.672574 0.858960 0.808604 0.738181 0.886578 0.701798 0.710809 0.637119 0.524337 0.537134 0.898498 0.872644 0.543202 0.493909 0.420457 0.394688 0.255173 0.352078 0.546765 0.554977 0.676771 0.813031 0.854361 0.981447 0.814737 0.772996 0.957249 0.786099 0.793820 0.567482 0.932696 0.762792 0.759915 0.776132 0.620752 0.597268 0.663778 0.825815 0.545407 0.511723 0.779258 0.833432 0.943186 0.982036 0.702581 0.875089 0.899879 0.734871 0.541892 0.833021 0.667828 0.805694
0.717758 0.804059 0.547568 0.638296 0.945789 0.836025 0.461062 0.595576 0.749422 0.474712 0.725783 0.796604 0.599005 0.728133 0.446441 0.627335 0.673461 0.664087 0.616261 0.794330 0.758437 0.933965 0.574013 0.869314 0.955913 0.716257 0.984810 0.926457 0.566015 0.516750 0.000000 0.371656 0.411046 0.469006 0.809239 0.945102 0.757318 0.847853 0.831304 0.951689 0.833746 0.773740 0.479505 0.438787 0.434584 0.394587 0.685669 0.503204 0.667930 0.660568 0.585850 0.626651 0.580416 0.673625 0.807393 0.845189 0.757390 0.855269 0.856798 0.953534 0.645780 0.707710 0.643598 0.643587 0.859941 0.933355 0.616525 0.618629 0.954229 0.860093 0.634060 0.678810 0.692747 0.604675 0.753288 0.967046 0.612702 0.524632 0.706970 0.594996 0.588187 0.757678 0.767753 0.736989 0.632392 0.820664 0.872341 0.976281 0.820225 0.784659 0.813607 0.908119 0.903225 0.961194 0.727129 0.880027 0.730927 0.948080 0.711927 0.611371 0.610176 0.674318 0.603704 0.465283 0.645415 0.680093 0.988923 0.893318 0.811516 0.994391 0.764769 0.737817 0.542766 0.789230 0.716865 0.991046
0.751299 0.829736 0.642650 0.696672 0.880024 0.804364 0.492885 0.635659 0.727342 0.538752 0.754348 0.841253 0.673584 0.787736 0.568929 0.745417 0.645680 0.673764 0.654020 0.771722 0.835501 0.955499 0.715188 0.968458 0.983511 0.776281 0.875156 0.790420 0.557043 0.552047 0.371656 0.000000 0.426891 0.486482 0.711549 0.994566 0.811954 0.763394 0.748408 0.956892 0.777853 0.764751 0.530539 0.505034 0.466294 0.452213 0.690989 0.496160 0.677913 0.675572 0.583187 0.657284 0.615343 0.669230 0.809431 0.711264 0.781229 0.892860 0.918918 0.984529 0.726449 0.708846 0.697797 0.674492 0.975843 0.989506 0.673078 0.668089 0.977347 0.771419 0.593157 0.669704 0.672060 0.662987 0.716150 0.937462 0.611556 0.543599 0.682167 0.586385 0.576048 0.761750 0.719415 0.787610 0.721869 0.864324 0.699439 0.952974 0.938530 0.802623 0.848882 0.906167 0.861450 0.996921 0.889060 0.896130 0.769478 0.959439 0.727415 0.604155 0.731225 0.752490 0.615707 0.527944 0.592007 0.795134 0.917936 0.844828 0.827744 0.956747 0.764358 0.665276 0.625407 0.673672 0.776893 0.937507
0.562450 0.674535 0.580978 0.546835 0.994067 0.753310 0.361933 0.474398 0.816493 0.410775 0.488924 0.618571 0.445572 0.588499 0.446303 0.630903 0.455064 0.452880 0.428567 0.620742 0.895450 0.960934 0.667787 0.999171 0.868634 0.855240 0.896626 0.958620 0.399045 0.368670 0.411046 0.426891 0.000000 0.377192 0.840093 0.911131 0.710041 0.771737 0.912316 0.907628 0.732678 0.766107 0.468996 0.409758 0.430695 0.394474 0.671602 0.413627 0.595851 0.599917 0.520249 0.599307 0.608256 0.646900 0.721336 0.835371 0.629907 0.749710 0.677091 0.895933 0.505777 0.617540 0.469601 0.468760 0.996166 0.992066 0.549421 0.601568 0.859686 0.749202 0.628448 0.549172 0.542445 0.558023 0.792893 0.943243 0.569358 0.485420 0.511060 0.430332 0.431427 0.601738 0.643357 0.588640 0.651225 0.846131 0.900838 0.934018 0.939066 0.776572 0.793566 0.937336 0.920356 0.893515 0.952576 0.804105 0.658869 0.932881 0.625185 0.544080 0.639476 0.666947 0.578984 0.409405 0.630046 0.660302 0.929531 0.895232 0.701365 0.970578 0.799620 0.637234 0.529905 0.776174 0.724915 0.911847
0.457704 0.529445 0.792294 0.697048 0.863363 0.850522 0.467889 0.399291 0.989376 0.408167 0.464348 0.480899 0.476871 0.469862 0.479856 0.646556 0.369047 0.385065 0.427494 0.513755 0.880966 0.858233 0.813894 0.945074 0.793944 0.945534 0.778592 0.989832 0.325703 0.308831 0.469006 0.486482 0.377192 0.000000 0.882207 0.992191 0.815733 0.764297 0.901776 0.879341 0.787016 0.794556 0.441290 0.350590 0.396053 0.317468 0.537004 0.419105 0.428515 0.470926 0.477736 0.530422 0.541814 0.626401 0.727384 0.699663 0.558668 0.586199 0.620612 0.744571 0.489714 0.478826 0.357334 0.370921 0.804355 0.994426 0.678191 0.601243 0.889981 0.755189 0.665638 0.635099 0.550179 0.570735 0.836095 0.910093 0.515449 0.576448 0.470532 0.443050 0.370036 0.508419 0.558469 0.509680 0.671748 0.873615 0.968657 0.978504 0.910965 0.764222 0.884797 0.905599 0.926186 0.762640 0.972946 0.727041 0.778679 0.988988 0.592614 0.556655 0.659723 0.744840 0.557437 0.503980 0.735933 0.807109 0.949763 0.933701 0.702505 0.932623 0.867763 0.693405 0.561677 0.855789 0.708391 0.821128
0.906091 0.896022 0.558982 0.842460 0.915876 0.934717 0.731052 0.994559 0.770394 0.985866 0.857724 0.756145 0.932926 0.800919 0.995822 0.874290 0.896147 0.929442 0.890956 0.806323 0.906664 0.970315 0.996608 0.927432 0.842774 0.658915 0.846551 0.903172 0.967141 0.969737 0.809239 0.711549 0.840093 0.882207 0.000000 0.976500 0.934763 0.885445 0.953359 0.894794 0.821578 0.891222 0.825437 0.882143 0.792470 0.897140 0.987848 0.852881 0.919800 0.959892 0.843466 0.899151 0.806076 0.785341 0.917421 0.812269 0.918452 0.883517 0.968680 0.875935 0.840536 0.963360 0.897808 0.867380 0.694773 0.836720 0.692730 0.666474 0.890147 0.899793 0.786031 0.991888 0.959727 0.957878 0.920160 0.989939 0.944765 0.921429 0.888798 0.983232 0.949803 0.802877 0.898477 0.981205 0.998621 0.895715 0.740917 0.903668 0.870174 0.927026 0.801181 0.767274 0.800739 0.699508 0.924921 0.957363 0.964977 0.766280 0.909669 0.777441 0.916551 0.707879 0.943956 0.844922 0.583208 0.806988 0.810939 0.885476 0.983433 0.917980 0.940398 0.863134 0.732669 0.889069 0.846741 0.822507
0.753160 0.845737 0.830449 0.886856 0.887474 0.903459 0.988619 0.798369 0.927999 0.934986 0.871192 0.738082 0.889931 0.736117 0.919829 0.937134 0.954319 0.888143 0.893942 0.798133 0.918657 0.731616 0.997088 0.852574 0.854327 0.927311 0.937002 0.925111 0.978903 0.939992 0.945102 0.994566 0.911131 0.992191 0.976500 0.000000 0.851619 0.867271 0.908103 0.937827 0.992757 0.963132 0.929891 0.930356 0.980750 0.928093 0.934250 0.882671 0.829999 0.734792 0.829683 0.753968 0.809422 0.853483 0.956695 0.840981 0.928084 0.930268 0.812903 0.739250 0.901797 0.766805 0.844059 0.862043 0.869263 0.907078 0.851026 0.915143 0.997541 0.930694 0.859309 0.946143 0.992957 0.977400 0.925605 0.826056 0.779240 0.924255 0.987104 0.983725 0.948182 0.904431 0.941499 0.917295 0.930887 0.846231 0.716481 0.849769 0.979249 0.939741 0.940258 0.995891 0.922473 0.883932 0.832850 0.971504 0.926160 0.886816 0.875378 0.926426 0.910948 0.989316 0.867758 0.987112 0.987356 0.957233 0.992022 0.889760 0.882245 0.898822 0.960890 0.952842 0.962607 0.824586 0.892935 0.919585
0.860410 0.869400 0.937635 0.942534 0.937100 0.995922 0.867532 0.858000 0.904988 0.721074 0.864241 0.861974 0.898067 0.867612 0.834256 0.897133 0.789093 0.809136 0.838153 0.879346 0.807289 0.923595 0.802473 0.970689 0.821299 0.952637 0.873830 0.858965 0.811448 0.795321 0.757318 0.811954 0.710041 0.815733 0.934763 0.851619 0.000000 0.780287 0.877879 0.777627 0.847207 0.833236 0.907033 0.861489 0.821959 0.839700 0.951326 0.977176 0.908353 0.980266 0.909448 0.976088 0.984302 0.957707 0.953596 0.991052 0.831596 0.867814 0.926573 0.988372 0.938036 0.873276 0.863816 0.812571 0.953060 0.949244 0.967859 0.962668 0.848490 0.801772 0.778759 0.778581 0.941571 0.931061 0.836529 0.954242 0.874008 0.736696 0.865550 0.747237 0.738276 0.727158 0.763081 0.874040 0.698115 0.751090 0.871586 0.891967 0.915034 0.751561 0.928984 0.926072 0.888357 0.902390 0.983852 0.865176 0.805011 0.933217 0.947941 0.887041 0.989737 0.911124 0.850678 0.872924 0.934582 0.865466 0.904310 0.904218 0.777994 0.924618 0.807112 0.752515 0.888435 0.921630 0.916033 0.904325
0.995124 0.997643 0.876342 0.866970 0.977216 0.939502 0.768442 0.899486 0.871111 0.779770 0.944646 0.992823 0.901943 0.976047 0.973712 0.871515 0.902411 0.887995 0.856126 0.826695 0.929176 0.748219 0.950825 0.965093 0.937815 0.871518 0.957850 0.961832 0.847554 0.911542 0.847853 0.763394 0.771737 0.764297 0.885445 0.867271 0.780287 0.000000 0.977626 0.988108 0.776334 0.804494 0.853138 0.883024 0.701076 0.854440 0.977638 0.857624 0.935727 0.998976 0.836270 0.941396 0.842958 0.855585 0.874687 0.840250 0.945147 0.864643 0.914586 0.730408 0.955815 0.850980 0.926054 0.973429 0.949347 0.839084 0.849453 0.856351 0.866812 0.950928 0.800544 0.671906 0.650679 0.707612 0.946513 0.976037 0.786858 0.922569 0.919855 0.840094 0.800918 0.914751 0.915998 0.768195 0.808406 0.973071 0.816885 0.912903 0.978174 0.858431 0.855258 0.877140 0.900368 0.808255 0.985237 0.788009 0.878515 0.867105 0.951571 0.782323 0.957708 0.861076 0.902488 0.926063 0.941541 0.985918 0.911708 0.954122 0.787113 0.985116 0.876159 0.706543 0.969892 0.973857 0.952200 0.904822
