0.000000 0.218271 0.861466 0.534862 0.764712 0.600661 0.651364 0.521589 0.834449 0.693050 0.306984 0.291938 0.349496 0.395924 0.561266 0.427947 0.256428 0.290364 0.365817 0.324635 0.789577 0.860032 0.774200 0.735017 0.935286 0.914135 0.957745 0.991920 0.387171 0.403686 0.941664 0.906668 0.439278 0.446823 0.860356 0.658622 0.704217 0.746227 0.779364 0.650593 0.748853 0.759540 0.634916 0.620507 0.621913 0.540065 0.337361 0.339466 0.356828 0.393801 0.613795 0.536248 0.889229 0.765555 0.432226 0.400659 0.247981 0.213965 0.262120 0.309099 0.301841 0.382247 0.246392 0.259350 0.655543 0.413262 0.791588 0.760168 0.466113 0.489860 0.763704 0.835868 0.704732 0.672046 0.724387 0.808669 0.604756 0.687022 0.405160 0.473126 0.249563 0.255237 0.504109 0.339572 0.453627 0.518915 0.903905 0.987808 0.585857 0.414500 0.988671 0.916370 0.956170 0.853640 0.739072 0.699393 0.740598 0.829289 0.519858 0.591232 0.906808 0.964844 0.701323 0.688827 0.551791 0.596361 0.937110 0.984659 0.796574 0.887454 0.908794 0.473150 0.663669 0.921667 0.757595 0.953319
0.218271 0.000000 0.776949 0.473769 0.816838 0.590981 0.584512 0.496411 0.735720 0.678882 0.291250 0.298861 0.369183 0.374896 0.557863 0.353801 0.248578 0.257978 0.356497 0.278502 0.707948 0.994126 0.723488 0.659771 0.906395 0.998316 0.944932 0.932078 0.307829 0.343946 0.786103 0.730143 0.350604 0.374513 0.941329 0.668264 0.624384 0.711852 0.743572 0.637409 0.797482 0.664643 0.498688 0.478394 0.540151 0.468292 0.341130 0.335645 0.312347 0.348798 0.466396 0.436693 0.753611 0.871134 0.484731 0.413632 0.211573 0.179892 0.303433 0.346656 0.282516 0.394714 0.255485 0.260925 0.608785 0.435598 0.738135 0.655018 0.490780 0.469592 0.652491 0.709640 0.622169 0.565930 0.730889 0.825644 0.555030 0.592891 0.377432 0.406714 0.280958 0.312710 0.456441 0.373681 0.496308 0.509349 0.987501 0.970802 0.628115 0.451014 0.957342 0.989935 0.918803 0.873960 0.708442 0.693320 0.796701 0.833482 0.509298 0.542848 0.908892 0.994633 0.672596 0.677820 0.565788 0.551513 0.941797 0.957837 0.775225 0.948283 0.913157 0.462403 0.650324 0.853738 0.753321 0.990364
0.861466 0.776949 0.000000 0.396799 0.701236 0.978331 0.573005 0.739950 0.748604 0.871770 0.908326 0.912206 0.675021 0.763580 0.647515 0.662768 0.976152 0.865240 0.652278 0.707975 0.640884 0.874787 0.493443 0.627149 0.527093 0.502180 0.943444 0.939711 0.775783 0.855534 0.622943 0.673707 0.617392 0.692343 0.758372 0.906728 0.651070 0.785671 0.553476 0.860588 0.936863 0.819156 0.733697 0.733653 0.794297 0.775901 0.756453 0.786571 0.877824 0.749621 0.720715 0.740869 0.755122 0.878076 0.864520 0.964782 0.867477 0.782331 0.910693 0.746415 0.647735 0.858899 0.925729 0.919784 0.444927 0.605357 0.692065 0.725354 0.786651 0.628614 0.819977 0.716940 0.805129 0.709869 0.872534 0.814195 0.697807 0.708314 0.726017 0.825345 0.991490 0.951249 0.911178 0.980446 0.831926 0.865856 0.940509 0.935437 0.915081 0.801924 0.688746 0.660156 0.689331 0.684446 0.990928 0.840179 0.829523 0.774898 0.825328 0.729367 0.865006 0.736803 0.952679 0.950581 0.739896 0.783118 0.853952 0.708506 0.973740 0.964631 0.900747 0.760254 0.751870 0.857215 0.811477 0.827720
0.534862 0.473769 0.396799 0.000000 0.736942 0.711166 0.535403 0.438846 0.657964 0.703148 0.548688 0.483538 0.448242 0.408049 0.566455 0.437179 0.654889 0.564505 0.505139 0.441747 0.607925 0.994618 0.567943 0.557175 0.717609 0.634430 0.948692 0.913135 0.536844 0.583664 0.710166 0.765032 0.484764 0.518957 0.802216 0.743610 0.611236 0.660397 0.585661 0.740844 0.844319 0.877455 0.674994 0.659313 0.715463 0.671699 0.566631 0.631931 0.622918 0.544019 0.610416 0.592026 0.740935 0.977242 0.689376 0.740131 0.616481 0.487359 0.672561 0.523438 0.430788 0.472059 0.589538 0.551673 0.430886 0.288302 0.704518 0.709449 0.571774 0.354121 0.706616 0.689989 0.838858 0.680544 0.877714 0.703411 0.652409 0.696982 0.471974 0.636825 0.725801 0.633836 0.781203 0.752513 0.665720 0.676919 0.927190 0.957152 0.736939 0.591358 0.709645 0.761492 0.659802 0.748300 0.686424 0.720989 0.775196 0.783187 0.674255 0.672427 0.784994 0.816243 0.835519 0.900362 0.616969 0.643630 0.980366 0.900832 0.921200 0.982233 0.966435 0.652082 0.769065 0.882277 0.708607 0.785158
0.764712 0.816838 0.701236 0.736942 0.000000 0.805955 0.763519 0.762378 0.998645 0.892390 0.935357 0.805247 0.592972 0.773908 0.598576 0.625508 0.911148 0.886516 0.807228 0.923460 0.927356 0.957067 0.567409 0.568062 0.718242 0.967044 0.731062 0.923580 0.888215 0.844737 0.921514 0.920187 0.722598 0.910100 0.963387 0.910049 0.970554 0.946888 0.998616 0.833874 0.792597 0.916248 0.811243 0.851732 0.834653 0.768652 0.691774 0.738074 0.665627 0.711213 0.760523 0.717019 0.777502 0.954983 0.712506 0.801307 0.899123 0.786484 0.790501 0.692159 0.661798 0.754995 0.801278 0.778983 0.633566 0.662192 0.932359 0.919576 0.855729 0.732512 0.874012 0.839504 0.867324 0.982519 0.833647 0.903855 0.941905 0.845030 0.919214 0.732801 0.834079 0.786997 0.846749 0.783431 0.623115 0.696871 0.657931 0.916377 0.645355 0.718447 0.931704 0.937745 0.992181 0.956836 0.978807 0.972222 0.819510 0.847061 0.869306 0.808375 0.911416 0.859232 0.971567 0.970660 0.828390 0.884692 0.784235 0.952181 0.962841 0.954130 0.819540 0.871751 0.686672 0.954955 0.922829 0.927520
0.600661 0.590981 0.978331 0.711166 0.805955 0.000000 0.617719 0.553538 0.733700 0.635683 0.652662 0.569029 0.773594 0.659419 0.876548 0.564365 0.590924 0.582195 0.638490 0.612924 0.815925 0.944337 0.852864 0.831687 0.828090 0.851067 0.814364 0.982828 0.644520 0.586391 0.793655 0.789381 0.605367 0.603225 0.998754 0.668654 0.856160 0.970882 0.910448 0.816598 0.719550 0.984459 0.652107 0.678726 0.674962 0.662180 0.752301 0.692062 0.628693 0.671006 0.691709 0.647891 0.664944 0.861100 0.826525 0.777787 0.646114 0.706787 0.721560 0.713485 0.644066 0.631373 0.632617 0.525960 0.986476 0.702289 0.827314 0.727819 0.920471 0.877292 0.710686 0.802520 0.703645 0.822661 0.962045 0.883281 0.809999 0.640632 0.769625 0.711263 0.704860 0.724056 0.861775 0.833143 0.907943 0.954406 0.907916 0.862133 0.976779 0.797524 0.743953 0.921089 0.854369 0.907563 0.751008 0.821460 0.987072 0.716990 0.573134 0.695930 0.720326 0.896981 0.784868 0.769122 0.766406 0.946406 0.954130 0.915156 0.848180 0.934228 0.751280 0.668091 0.800439 0.809769 0.898136 0.921167
0.651364 0.584512 0.573005 0.535403 0.763519 0.617719 0.000000 0.324223 0.367752 0.396916 0.567348 0.607990 0.768150 0.736850 0.796075 0.517924 0.548501 0.464080 0.367888 0.495488 0.719330 0.917784 0.597356 0.811145 0.903011 0.972894 0.657775 0.836745 0.408377 0.362117 0.369954 0.455454 0.317142 0.274620 0.741404 0.932981 0.851861 0.845625 0.826935 0.980901 0.825975 0.852038 0.303896 0.375202 0.284832 0.379474 0.683910 0.569429 0.561673 0.632245 0.525468 0.550570 0.474268 0.606483 0.810212 0.839500 0.567467 0.693953 0.671542 0.822418 0.386947 0.624405 0.512051 0.495683 0.830467 0.713576 0.279967 0.326616 0.931782 0.782118 0.475494 0.428658 0.441471 0.401018 0.980563 0.735400 0.505931 0.451080 0.618882 0.649271 0.762247 0.836221 0.821997 0.969286 0.957567 0.947342 0.960111 0.869776 0.927210 0.881579 0.474435 0.613785 0.630482 0.763668 0.671257 0.596575 0.600103 0.575275 0.309931 0.291678 0.539925 0.555336 0.518586 0.688536 0.488765 0.696519 0.692120 0.749470 0.694725 0.892035 0.684552 0.424976 0.378205 0.726105 0.692520 0.890930
0.521589 0.496411 0.739950 0.438846 0.762378 0.553538 0.324223 0.000000 0.421856 0.276365 0.422439 0.317830 0.617829 0.471253 0.846919 0.546137 0.517747 0.454817 0.478400 0.442775 0.865667 0.941231 0.805931 0.891608 0.785976 0.904972 0.667369 0.862727 0.381181 0.370407 0.674230 0.736663 0.461854 0.355264 0.782351 0.794964 0.829426 0.833238 0.895249 0.868033 0.830269 0.951438 0.454295 0.506845 0.360756 0.369000 0.574921 0.483556 0.432864 0.507136 0.471020 0.470418 0.504552 0.702585 0.659102 0.642340 0.603251 0.588688 0.538583 0.589445 0.294752 0.271257 0.385438 0.295598 0.870554 0.484309 0.460994 0.437096 0.852471 0.612048 0.597017 0.631642 0.623889 0.604168 0.832935 0.691103 0.513095 0.610654 0.554665 0.661034 0.643340 0.690112 0.864997 0.824302 0.920731 0.993460 0.952748 0.845005 0.881802 0.688294 0.541486 0.762808 0.631662 0.860451 0.698193 0.677959 0.639178 0.649226 0.373066 0.396421 0.487819 0.719439 0.584051 0.713084 0.506425 0.647970 0.847818 0.902587 0.716395 0.831031 0.731953 0.477992 0.507175 0.771583 0.699582 0.892872
0.834449 0.735720 0.748604 0.657964 0.998645 0.733700 0.367752 0.421856 0.000000 0.374674 0.640514 0.615135 0.905204 0.831141 0.924554 0.679820 0.693299 0.576886 0.622656 0.606132 0.737098 0.922491 0.858187 0.974965 0.772123 0.889347 0.695340 0.839125 0.445391 0.522272 0.450439 0.600620 0.565442 0.426887 0.838039 0.963798 0.815516 0.971796 0.789924 0.912168 0.805764 0.854781 0.494393 0.556197 0.497475 0.621678 0.946801 0.777704 0.780077 0.815063 0.687315 0.746525 0.560233 0.603886 0.956181 0.957198 0.685945 0.843513 0.909055 0.967735 0.617009 0.637722 0.635917 0.605306 0.992980 0.806900 0.482897 0.555128 0.958883 0.802156 0.433886 0.443611 0.492094 0.532608 0.916417 0.731679 0.560428 0.582526 0.714880 0.702148 0.919519 0.977824 0.948946 0.931058 0.793349 0.749339 0.818656 0.785719 0.756210 0.901733 0.419199 0.526246 0.579544 0.618360 0.665651 0.765004 0.728500 0.644317 0.476305 0.445355 0.490421 0.569436 0.625200 0.767200 0.630640 0.871598 0.760299 0.793449 0.850080 0.963330 0.773805 0.556748 0.714535 0.820251 0.800846 0.883017
0.693050 0.678882 0.871770 0.703148 0.892390 0.635683 0.396916 0.276365 0.374674 0.000000 0.559540 0.483009 0.867539 0.757413 0.980721 0.677608 0.562449 0.486347 0.572790 0.533320 0.911494 0.949562 0.964184 0.880055 0.697548 0.851803 0.644314 0.785926 0.419594 0.435652 0.577679 0.712675 0.577420 0.397618 0.752254 0.969384 0.825056 0.852265 0.880010 0.879369 0.889005 0.911084 0.482876 0.555997 0.401620 0.493228 0.813263 0.649117 0.628380 0.785795 0.664767 0.703644 0.613296 0.666555 0.891922 0.835202 0.664698 0.787383 0.728187 0.913156 0.516587 0.479948 0.485512 0.411364 0.875270 0.807822 0.458447 0.524803 0.922800 0.838260 0.449538 0.512158 0.555411 0.538916 0.934952 0.732130 0.591442 0.588113 0.669464 0.708413 0.723268 0.884810 0.988914 0.964567 0.805115 0.719981 0.815886 0.659576 0.917714 0.931170 0.412347 0.600576 0.566610 0.730441 0.773541 0.704304 0.689933 0.636727 0.323186 0.391617 0.436468 0.585941 0.528211 0.652857 0.619301 0.762765 0.865473 0.893574 0.719483 0.873828 0.565212 0.482615 0.526132 0.826115 0.775621 0.884506
0.306984 0.291250 0.908326 0.548688 0.935357 0.652662 0.567348 0.422439 0.640514 0.559540 0.000000 0.242879 0.487746 0.371624 0.683514 0.488300 0.292530 0.265338 0.377873 0.343506 0.800577 0.808537 0.937739 0.844127 0.862459 0.880512 0.905623 0.927190 0.297022 0.302541 0.809381 0.806229 0.439791 0.378671 0.913496 0.655057 0.713877 0.689099 0.713278 0.669312 0.805860 0.775593 0.535591 0.541791 0.579156 0.525553 0.475754 0.497731 0.443857 0.515650 0.548875 0.553277 0.807422 0.955751 0.591877 0.540258 0.305410 0.317204 0.396562 0.492463 0.346322 0.346959 0.272777 0.248164 0.866428 0.477090 0.767664 0.652062 0.672426 0.588116 0.673703 0.693923 0.545503 0.575498 0.748888 0.692383 0.511169 0.687166 0.356701 0.501122 0.345849 0.354531 0.641498 0.478937 0.716567 0.713656 0.931042 0.970487 0.764931 0.545219 0.910494 0.979698 0.946925 0.929877 0.704645 0.700809 0.782532 0.818613 0.508578 0.640183 0.795382 0.894580 0.617195 0.699049 0.589118 0.684368 0.848659 0.922410 0.758343 0.846100 0.916128 0.487064 0.584084 0.971742 0.723940 0.900459
0.291938 0.298861 0.912206 0.483538 0.805247 0.569029 0.607990 0.317830 0.615135 0.483009 0.242879 0.000000 0.386721 0.296366 0.640738 0.417863 0.332886 0.335843 0.470811 0.366390 0.813244 0.890543 0.885450 0.803862 0.854956 0.858545 0.911763 0.952722 0.341718 0.358711 0.910748 0.927763 0.493595 0.443755 0.963820 0.682415 0.730957 0.743232 0.843294 0.661740 0.809663 0.851157 0.608375 0.601644 0.581161 0.500611 0.426977 0.424934 0.371551 0.423101 0.530872 0.486325 0.709704 0.998983 0.508120 0.502922 0.386873 0.318441 0.386880 0.417704 0.291059 0.187363 0.252973 0.201502 0.796499 0.354712 0.777087 0.679114 0.601450 0.491003 0.712392 0.780903 0.701659 0.690824 0.709769 0.726853 0.584529 0.711030 0.447401 0.545391 0.346393 0.364867 0.619619 0.463239 0.661746 0.689736 0.931224 0.969419 0.633404 0.531024 0.806016 0.998106 0.862837 0.939408 0.688318 0.736003 0.785006 0.796400 0.532615 0.610351 0.727805 0.962374 0.697648 0.732908 0.557484 0.638074 0.880978 0.943261 0.759759 0.888347 0.880689 0.520856 0.678494 0.943142 0.765956 0.903455
0.349496 0.369183 0.675021 0.448242 0.592972 0.773594 0.768150 0.617829 0.905204 0.867539 0.487746 0.386721 0.000000 0.320275 0.306687 0.334482 0.551295 0.574023 0.528635 0.509160 0.784008 0.960140 0.490116 0.451685 0.770154 0.964442 0.698422 0.816726 0.573325 0.632645 0.921400 0.940343 0.557163 0.626946 0.992108 0.720825 0.686176 0.809307 0.745488 0.629678 0.878630 0.811827 0.783287 0.800390 0.806786 0.677867 0.387997 0.438153 0.429839 0.442305 0.625501 0.551364 0.861610 0.804126 0.568813 0.534895 0.528663 0.316001 0.430551 0.289137 0.355708 0.394399 0.488067 0.482868 0.372382 0.269470 0.960788 0.917526 0.529268 0.385842 0.995047 0.972233 0.996939 0.873578 0.689413 0.777948 0.696801 0.838025 0.573469 0.534626 0.492091 0.358337 0.521394 0.400771 0.354435 0.391479 0.867193 0.865259 0.458991 0.448527 0.993376 0.894509 0.990729 0.904180 0.808863 0.795800 0.876562 0.886972 0.750163 0.772781 0.960903 0.980334 0.958925 0.952048 0.729707 0.697602 0.900265 0.980054 0.865255 0.927412 0.992279 0.682038 0.799729 0.960979 0.705130 0.888174
0.395924 0.374896 0.763580 0.408049 0.773908 0.659419 0.736850 0.471253 0.831141 0.757413 0.371624 0.296366 0.320275 0.000000 0.487150 0.385247 0.504020 0.474156 0.498689 0.457647 0.830221 0.939287 0.670151 0.544580 0.979146 0.980630 0.956419 0.876072 0.483231 0.477885 0.998630 0.905470 0.520208 0.598065 0.941534 0.640824 0.709209 0.738027 0.784954 0.614321 0.829094 0.962182 0.719368 0.657357 0.726509 0.588536 0.461614 0.509242 0.460101 0.397210 0.512712 0.465889 0.740839 0.967803 0.516394 0.515064 0.539405 0.341565 0.476904 0.375880 0.382396 0.324590 0.464081 0.384406 0.607404 0.284374 0.978728 0.849879 0.650764 0.491922 0.914372 0.890018 0.913625 0.834061 0.774355 0.727574 0.679712 0.875715 0.448504 0.545894 0.498479 0.382471 0.573844 0.428909 0.587052 0.542105 0.926192 0.865190 0.562401 0.462191 0.985150 0.824061 0.989925 0.864026 0.767203 0.824606 0.881001 0.966853 0.752702 0.832866 0.911880 0.973264 0.873120 0.905443 0.727597 0.701548 0.889476 0.926817 0.847002 0.929133 0.968139 0.750201 0.810217 0.948879 0.667947 0.868499
0.561266 0.557863 0.647515 0.566455 0.598576 0.876548 0.796075 0.846919 0.924554 0.980721 0.683514 0.640738 0.306687 0.487150 0.000000 0.302080 0.667609 0.629460 0.527867 0.592115 0.675894 0.951225 0.334430 0.341841 0.666519 0.809793 0.601983 0.761227 0.685385 0.681156 0.877023 0.899414 0.585603 0.726255 0.946482 0.822469 0.750464 0.879185 0.789259 0.706684 0.884233 0.829634 0.832881 0.832031 0.933884 0.879941 0.634297 0.652434 0.700587 0.680303 0.817962 0.778372 0.942891 0.802459 0.739809 0.783582 0.613131 0.481036 0.671166 0.588103 0.575298 0.704771 0.682193 0.712384 0.397541 0.462189 0.989095 0.967282 0.529318 0.577216 0.961222 0.897467 0.961521 0.857428 0.863843 0.761384 0.818830 0.840935 0.720042 0.528724 0.639354 0.516515 0.548303 0.565365 0.457292 0.449990 0.876748 0.815373 0.580385 0.643363 0.963493 0.943774 0.996731 0.953631 0.773160 0.822302 0.895182 0.938209 0.822848 0.817831 0.856972 0.904868 0.989985 0.951567 0.846839 0.885368 0.938424 0.963759 0.884173 0.914420 0.923992 0.799912 0.838350 0.988137 0.779092 0.916776
0.427947 0.353801 0.662768 0.437179 0.625508 0.564365 0.517924 0.546137 0.679820 0.677608 0.488300 0.417863 0.334482 0.385247 0.302080 0.000000 0.431252 0.416119 0.370161 0.372028 0.663210 0.913570 0.374922 0.406564 0.891231 0.913175 0.827844 0.894140 0.456150 0.444435 0.680061 0.739730 0.378612 0.463546 0.996713 0.721720 0.639266 0.746260 0.800239 0.644018 0.734656 0.777767 0.545175 0.558718 0.629652 0.598180 0.539063 0.495035 0.486840 0.522208 0.578792 0.529428 0.670745 0.958099 0.703424 0.734527 0.412892 0.372599 0.580832 0.575816 0.401613 0.510398 0.468692 0.451266 0.506068 0.420737 0.777280 0.778351 0.560455 0.553822 0.686233 0.659608 0.741587 0.634132 0.820859 0.738130 0.652640 0.633337 0.544327 0.450753 0.536785 0.521020 0.527556 0.592103 0.569452 0.598738 0.993245 0.985728 0.657134 0.648454 0.725025 0.876518 0.823323 0.936532 0.654468 0.693994 0.899256 0.785697 0.572429 0.548021 0.875765 0.841420 0.792713 0.809801 0.675135 0.755174 0.909027 0.933659 0.743618 0.933537 0.827799 0.527936 0.641515 0.896983 0.719809 0.905325
0.256428 0.248578 0.976152 0.654889 0.911148 0.590924 0.548501 0.517747 0.693299 0.562449 0.292530 0.332886 0.551295 0.504020 0.667609 0.431252 0.000000 0.176888 0.354072 0.310843 0.751457 0.995032 0.885282 0.825461 0.879283 0.839731 0.923433 0.986635 0.284396 0.263572 0.741888 0.699776 0.400745 0.362512 0.868333 0.699690 0.732304 0.787301 0.930278 0.683258 0.767332 0.705614 0.453670 0.468209 0.516896 0.509776 0.452557 0.409254 0.407342 0.520536 0.595679 0.587575 0.841861 0.862521 0.554275 0.491453 0.193889 0.302763 0.368889 0.573161 0.389867 0.494583 0.218981 0.231421 0.886373 0.652377 0.696791 0.668281 0.587319 0.654704 0.557510 0.618308 0.519316 0.495500 0.728082 0.841259 0.573032 0.613767 0.393926 0.400898 0.266500 0.350639 0.506532 0.475025 0.663339 0.700536 0.993447 0.946067 0.774802 0.582055 0.891645 0.995637 0.966084 0.849352 0.682272 0.645601 0.717380 0.763630 0.441638 0.482714 0.821367 0.890932 0.633606 0.572510 0.552916 0.629692 0.999617 0.977908 0.677341 0.906345 0.777733 0.449769 0.585775 0.869162 0.791748 0.965690
0.290364 0.257978 0.865240 0.564505 0.886516 0.582195 0.464080 0.454817 0.576886 0.486347 0.265338 0.335843 0.574023 0.474156 0.629460 0.416119 0.176888 0.000000 0.284668 0.285421 0.694648 0.969035 0.828781 0.784111 0.925797 0.943083 0.924602 0.928098 0.242363 0.208735 0.641753 0.584951 0.329406 0.284401 0.949280 0.742732 0.721627 0.737748 0.858463 0.677697 0.766982 0.673476 0.402773 0.412113 0.466787 0.480005 0.489361 0.428287 0.440496 0.539741 0.564203 0.570916 0.780517 0.906520 0.597715 0.524785 0.202869 0.300531 0.405638 0.618352 0.361031 0.474992 0.228186 0.234526 0.841007 0.600158 0.656452 0.597064 0.588099 0.626018 0.505107 0.541387 0.499996 0.442983 0.819185 0.770694 0.554101 0.536630 0.352932 0.350237 0.302460 0.386096 0.495843 0.487349 0.684616 0.709913 0.992875 0.997918 0.827795 0.578753 0.832694 0.946761 0.912929 0.929985 0.650262 0.596921 0.679898 0.763264 0.384778 0.452973 0.792266 0.815839 0.593144 0.571580 0.539157 0.619650 0.999458 0.970981 0.757103 0.949191 0.795211 0.424733 0.545428 0.862653 0.708049 0.981037
0.365817 0.356497 0.652278 0.505139 0.807228 0.638490 0.367888 0.478400 0.622656 0.572790 0.377873 0.470811 0.528635 0.498689 0.527867 0.370161 0.354072 0.284668 0.000000 0.319898 0.728774 0.981164 0.575964 0.669478 0.994487 0.975199 0.908689 0.918094 0.343393 0.325762 0.589119 0.568160 0.341374 0.297953 0.914083 0.781323 0.776485 0.761983 0.788155 0.764548 0.807094 0.785059 0.507746 0.536659 0.519850 0.545155 0.551342 0.493934 0.533874 0.603037 0.673356 0.648484 0.772473 0.996905 0.717463 0.682338 0.350448 0.410081 0.489315 0.603841 0.373493 0.592207 0.407606 0.408301 0.717200 0.567223 0.594286 0.647290 0.652327 0.646590 0.581630 0.526155 0.556794 0.454503 0.897006 0.767343 0.529973 0.554714 0.459395 0.502605 0.507760 0.493782 0.632759 0.614235 0.704581 0.779038 0.970428 0.985968 0.855910 0.699957 0.762457 0.893935 0.835711 0.940112 0.658985 0.624055 0.688133 0.823412 0.443719 0.432611 0.805059 0.767298 0.669229 0.729197 0.641482 0.697723 0.939080 0.968053 0.735490 0.903140 0.863823 0.436960 0.506266 0.874331 0.730945 0.940072
0.324635 0.278502 0.707975 0.441747 0.923460 0.612924 0.495488 0.442775 0.606132 0.533320 0.343506 0.366390 0.509160 0.457647 0.592115 0.372028 0.310843 0.285421 0.319898 0.000000 0.725142 0.997063 0.710651 0.757322 0.975300 0.956454 0.880045 0.980246 0.309795 0.353860 0.670961 0.712735 0.427315 0.327076 0.951433 0.721565 0.648978 0.695525 0.725375 0.720244 0.750429 0.800838 0.551330 0.549332 0.587756 0.574064 0.546648 0.477046 0.533803 0.553162 0.633886 0.634731 0.800062 0.953793 0.630695 0.601226 0.321606 0.354157 0.488931 0.560889 0.382328 0.476465 0.357448 0.349092 0.721691 0.512585 0.714328 0.706343 0.567937 0.508854 0.494661 0.533403 0.565526 0.488680 0.810691 0.794585 0.517042 0.622851 0.389152 0.501719 0.475750 0.490593 0.613895 0.606954 0.722377 0.792104 0.915534 0.905274 0.826362 0.627416 0.742574 0.826319 0.754691 0.928756 0.709793 0.650044 0.751432 0.749035 0.475977 0.464300 0.804539 0.857440 0.682437 0.732291 0.597639 0.646839 0.978549 0.936721 0.783465 0.984322 0.893242 0.428516 0.631168 0.882402 0.766648 0.867097
0.789577 0.707948 0.640884 0.607925 0.927356 0.815925 0.719330 0.865667 0.737098 0.911494 0.800577 0.813244 0.784008 0.830221 0.675894 0.663210 0.751457 0.694648 0.728774 0.725142 0.000000 0.863060 0.714141 0.757214 0.866467 0.785426 0.889336 0.835386 0.740608 0.690923 0.642168 0.726372 0.757277 0.728987 0.961707 0.893708 0.696883 0.984343 0.776309 0.786422 0.998597 0.909991 0.749675 0.715093 0.846925 0.883838 0.838683 0.812241 0.855338 0.834125 0.845817 0.857495 0.889638 0.960352 0.865161 0.978260 0.704674 0.724256 0.897854 0.922368 0.792204 0.895097 0.802960 0.801208 0.716032 0.791467 0.776709 0.801504 0.713237 0.675310 0.773648 0.804201 0.690640 0.801708 0.793646 0.858678 0.863873 0.674663 0.740512 0.683521 0.824189 0.775715 0.829205 0.864248 0.838564 0.797412 0.870228 0.981391 0.999644 0.961084 0.870390 0.878170 0.882580 0.840549 0.665691 0.882467 0.850780 0.872809 0.802958 0.771677 0.944479 0.754084 0.930717 0.762504 0.681419 0.852963 0.991658 0.953424 0.754360 0.840044 0.871354 0.826586 0.879722 0.953708 0.846448 0.965687
0.860032 0.994126 0.874787 0.994618 0.957067 0.944337 0.917784 0.941231 0.922491 0.949562 0.808537 0.890543 0.960140 0.939287 0.951225 0.913570 0.995032 0.969035 0.981164 0.997063 0.863060 0.000000 0.817028 0.774711 0.911538 0.912927 0.918920 0.953298 0.965282 0.945344 0.793719 0.726895 0.922732 0.925090 0.936964 0.983353 0.944979 0.974519 0.896668 0.965776 0.947867 0.981145 0.883388 0.910635 0.941014 0.990948 0.861747 0.922552 0.879903 0.974624 0.941600 0.994762 0.814570 0.747860 0.888532 0.858552 0.991742 0.946941 0.837274 0.828903 0.897775 0.791546 0.819092 0.889408 0.985964 0.847061 0.872935 0.943259 0.915229 0.934841 0.830333 0.810166 0.958045 0.891582 0.907462 0.888454 0.913538 0.834553 0.870091 0.874279 0.886029 0.876711 0.946310 0.912883 0.904986 0.942003 0.935062 0.850101 0.953635 0.788539 0.799782 0.799853 0.833469 0.790287 0.978456 0.839243 0.926856 0.923530 0.935687 0.844190 0.847631 0.859811 0.951384 0.786065 0.892467 0.838584 0.868720 0.762523 0.800961 0.781931 0.952649 0.941903 0.972504 0.652059 0.884792 0.987455
0.774200 0.723488 0.493443 0.567943 0.567409 0.852864 0.597356 0.805931 0.858187 0.964184 0.937739 0.885450 0.490116 0.670151 0.334430 0.374922 0.885282 0.828781 0.575964 0.710651 0.714141 0.817028 0.000000 0.318055 0.683242 0.733519 0.752837 0.795612 0.784310 0.797059 0.716638 0.759702 0.540737 0.693795 0.870568 0.986776 0.857249 0.969756 0.798542 0.891104 0.886258 0.941475 0.734942 0.756901 0.748738 0.750113 0.748959 0.678897 0.727276 0.683742 0.742903 0.691574 0.724737 0.883395 0.887212 0.905522 0.822528 0.716707 0.866439 0.730783 0.624594 0.875589 0.877380 0.898025 0.366666 0.589801 0.777773 0.853783 0.788857 0.683979 0.948101 0.826451 0.991692 0.816262 0.894534 0.834133 0.823814 0.766129 0.854037 0.716602 0.945745 0.837265 0.740310 0.854839 0.586273 0.632958 0.991428 0.885395 0.762086 0.832305 0.759579 0.832984 0.812627 0.880418 0.801911 0.800733 0.840398 0.787032 0.753081 0.658898 0.971146 0.815535 0.928352 0.994959 0.785937 0.828446 0.752452 0.727887 0.887579 0.881648 0.963022 0.766990 0.725552 0.850225 0.704012 0.944282
0.735017 0.659771 0.627149 0.557175 0.568062 0.831687 0.811145 0.891608 0.974965 0.880055 0.844127 0.803862 0.451685 0.544580 0.341841 0.406564 0.825461 0.784111 0.669478 0.757322 0.757214 0.774711 0.318055 0.000000 0.671260 0.779153 0.731814 0.802573 0.843535 0.781509 0.908466 0.810359 0.600714 0.790156 0.997199 0.838541 0.805750 0.945566 0.754348 0.814798 0.907827 0.876243 0.788083 0.751268 0.898289 0.829882 0.695368 0.752279 0.740284 0.669998 0.721849 0.682841 0.812849 0.979849 0.840653 0.787388 0.761860 0.611675 0.809258 0.659702 0.694277 0.841677 0.836613 0.848381 0.443471 0.542705 0.981815 0.969818 0.802284 0.684780 0.950483 0.968231 0.959856 0.964605 0.870715 0.869918 0.873605 0.891056 0.801538 0.584256 0.793589 0.665398 0.671018 0.634696 0.532246 0.467141 0.958516 0.778043 0.615883 0.678570 0.985184 0.957919 0.952850 0.936408 0.872986 0.844995 0.946485 0.890162 0.934643 0.862981 0.831326 0.979235 0.984423 0.951009 0.950722 0.932223 0.959605 0.911036 0.924460 0.895424 0.923589 0.817672 0.801848 0.962478 0.803747 0.922073
0.935286 0.906395 0.527093 0.717609 0.718242 0.828090 0.903011 0.785976 0.772123 0.697548 0.862459 0.854956 0.770154 0.979146 0.666519 0.891231 0.879283 0.925797 0.994487 0.975300 0.866467 0.911538 0.683242 0.671260 0.000000 0.504194 0.606635 0.881897 0.908382 0.816699 0.981364 0.974394 0.902604 0.953820 0.984380 0.981757 0.738177 0.869997 0.639957 0.948301 0.941084 0.798501 0.907453 0.921260 0.826428 0.837509 0.889174 0.971502 0.949347 0.942955 0.953701 0.949181 0.808260 0.688017 0.896482 0.957583 0.946489 0.843446 0.998258 0.802258 0.934272 0.878971 0.899903 0.827023 0.448197 0.772914 0.905694 0.895954 0.619207 0.690787 0.961708 0.955986 0.791899 0.971328 0.865607 0.961440 0.964972 0.890468 0.988597 0.917639 0.962738 0.949759 0.891994 0.870508 0.609361 0.631126 0.978136 0.980380 0.764946 0.805446 0.921121 0.892306 0.871796 0.838980 0.899523 0.933664 0.925252 0.985363 0.870774 0.906676 0.754907 0.932015 0.898270 0.998350 0.894193 0.898354 0.919604 0.865787 0.776097 0.981219 0.850371 0.871723 0.959469 0.983522 0.969557 0.985987
0.914135 0.998316 0.502180 0.634430 0.967044 0.851067 0.972894 0.904972 0.889347 0.851803 0.880512 0.858545 0.964442 0.980630 0.809793 0.913175 0.839731 0.943083 0.975199 0.956454 0.785426 0.912927 0.733519 0.779153 0.504194 0.000000 0.833875 0.860183 0.991969 0.855969 0.751554 0.829172 0.864551 0.991445 0.788413 0.965657 0.723014 0.854192 0.577121 0.935101 0.984328 0.814480 0.968479 0.937593 0.940494 0.937035 0.988663 0.958597 0.877217 0.955471 0.903201 0.966884 0.943947 0.993667 0.869496 0.861221 0.975522 0.982342 0.779742 0.981142 0.989692 0.899043 0.872521 0.815739 0.577880 0.805854 0.977408 0.984912 0.828906 0.810058 0.866413 0.824047 0.959617 0.867521 0.984996 0.916682 0.944985 0.903180 0.946407 0.959164 0.854900 0.853701 0.994551 0.888962 0.924275 0.890628 0.790643 0.948647 0.919638 0.972078 0.786742 0.634195 0.726196 0.683808 0.997637 0.918093 0.950637 0.887595 0.937620 0.998763 0.962221 0.929808 0.988614 0.923949 0.851433 0.979423 0.939187 0.756190 0.777382 0.986175 0.892218 0.999450 0.897994 0.958596 0.950077 0.883936
0.957745 0.944932 0.943444 0.948692 0.731062 0.814364 0.657775 0.667369 0.695340 0.644314 0.905623 0.911763 0.698422 0.956419 0.601983 0.827844 0.923433 0.924602 0.908689 0.880045 0.889336 0.918920 0.752837 0.731814 0.606635 0.833875 0.000000 0.630067 0.865512 0.794300 0.773966 0.738868 0.884266 0.726772 0.944399 0.914407 0.924042 0.933953 0.947057 0.792508 0.985658 0.819583 0.793497 0.757366 0.640220 0.708547 0.947073 0.972213 0.993416 0.947462 0.858035 0.899590 0.782172 0.586761 0.971886 0.982217 0.980001 0.844209 0.959253 0.887339 0.914499 0.908821 0.890407 0.851565 0.560141 0.846903 0.583481 0.610906 0.691363 0.758705 0.736692 0.739180 0.624634 0.841263 0.849771 0.990028 0.791423 0.832396 0.962441 0.850237 0.936225 0.854297 0.821374 0.808898 0.562820 0.531379 0.845268 0.788484 0.599990 0.858418 0.729682 0.824470 0.795411 0.897016 0.944015 0.943887 0.852429 0.776049 0.712115 0.766896 0.560541 0.749125 0.701926 0.921739 0.851560 0.953287 0.981084 0.947567 0.781715 0.896551 0.857529 0.832880 0.778262 0.857110 0.974131 0.939680
0.991920 0.932078 0.939711 0.913135 0.923580 0.982828 0.836745 0.862727 0.839125 0.785926 0.927190 0.952722 0.816726 0.876072 0.761227 0.894140 0.986635 0.928098 0.918094 0.980246 0.835386 0.953298 0.795612 0.802573 0.881897 0.860183 0.630067 0.000000 0.940891 0.899434 0.835077 0.848517 0.908003 0.852350 0.957898 0.800934 0.907934 0.812920 0.997332 0.717618 0.898567 0.842989 0.925316 0.905023 0.817454 0.857362 0.955077 0.998571 0.975383 0.952956 0.985228 0.977193 0.920522 0.802146 0.950802 0.806133 0.977687 0.927701 0.968390 0.900256 0.949263 0.962918 0.934490 0.906268 0.708432 0.852268 0.742351 0.877111 0.822567 0.846720 0.901469 0.930917 0.815926 0.954319 0.881004 0.922141 0.952369 0.828727 0.982433 0.949734 0.929560 0.912488 0.941823 0.937780 0.791691 0.703608 0.960091 0.982370 0.795393 0.762712 0.810931 0.938434 0.811610 0.892689 0.956453 0.904158 0.923384 0.862916 0.861531 0.877784 0.684110 0.821273 0.722562 0.880185 0.923385 0.877197 0.985605 0.842744 0.933941 0.945987 0.889042 0.861081 0.749779 0.988934 0.894543 0.988641
0.387171 0.307829 0.775783 0.536844 0.888215 0.644520 0.408377 0.381181 0.445391 0.419594 0.297022 0.341718 0.573325 0.483231 0.685385 0.456150 0.284396 0.242363 0.343393 0.309795 0.740608 0.965282 0.784310 0.843535 0.908382 0.991969 0.865512 0.940891 0.000000 0.266568 0.604004 0.646858 0.340267 0.263861 0.970399 0.782385 0.705977 0.776857 0.808763 0.764760 0.764513 0.709096 0.424894 0.452147 0.425435 0.451245 0.531891 0.479644 0.434142 0.531347 0.522412 0.577870 0.684645 0.920515 0.671072 0.564957 0.329177 0.400138 0.478194 0.611487 0.336229 0.448208 0.288635 0.288586 0.819334 0.575041 0.589382 0.567304 0.703028 0.616567 0.494747 0.502760 0.459582 0.422910 0.790181 0.758713 0.499172 0.540231 0.416640 0.477139 0.440410 0.497669 0.608498 0.606819 0.774996 0.838612 0.968082 0.890107 0.870045 0.690945 0.715122 0.822870 0.783780 0.942609 0.662717 0.630391 0.717421 0.669593 0.376160 0.454715 0.714088 0.786819 0.560111 0.639476 0.536434 0.621869 0.932812 0.868247 0.750408 0.927795 0.854532 0.430086 0.574473 0.820992 0.768992 0.922308
0.403686 0.343946 0.855534 0.583664 0.844737 0.586391 0.362117 0.370407 0.522272 0.435652 0.302541 0.358711 0.632645 0.477885 0.681156 0.444435 0.263572 0.208735 0.325762 0.353860 0.690923 0.945344 0.797059 0.781509 0.816699 0.855969 0.794300 0.899434 0.266568 0.000000 0.568669 0.568672 0.328425 0.309523 0.980184 0.800785 0.763959 0.795181 0.903026 0.738071 0.790445 0.728166 0.350227 0.319787 0.348387 0.369179 0.516876 0.466035 0.402363 0.495662 0.459780 0.479998 0.611233 0.881301 0.576638 0.550456 0.313671 0.408405 0.408130 0.647549 0.328132 0.445129 0.252145 0.241971 0.909763 0.629074 0.533664 0.464394 0.761217 0.683111 0.537756 0.527555 0.475649 0.436388 0.853276 0.725085 0.545710 0.538531 0.424169 0.403111 0.385827 0.466908 0.544134 0.585120 0.794746 0.803026 0.966365 0.968365 0.871478 0.654598 0.788554 0.958900 0.925230 0.925170 0.640004 0.678191 0.624383 0.751297 0.384629 0.425581 0.721062 0.785070 0.539711 0.597676 0.519177 0.650130 0.899694 0.981182 0.753971 0.895293 0.803269 0.455364 0.480348 0.816261 0.704987 0.988160
0.941664 0.786103 0.622943 0.710166 0.921514 0.793655 0.369954 0.674230 0.450439 0.577679 0.809381 0.910748 0.921400 0.998630 0.877023 0.680061 0.741888 0.641753 0.589119 0.670961 0.642168 0.793719 0.716638 0.908466 0.981364 0.751554 0.773966 0.835077 0.604004 0.568669 0.000000 0.303572 0.491374 0.493178 0.752388 0.941288 0.835708 0.777391 0.811093 0.971644 0.856774 0.741479 0.409280 0.420259 0.497555 0.626918 0.996161 0.878690 0.856425 0.853173 0.656489 0.757236 0.568228 0.552301 0.991817 0.854534 0.679754 0.913290 0.992684 0.835014 0.747289 0.970300 0.807935 0.774819 0.954988 0.985926 0.451358 0.531117 0.964897 0.991601 0.397756 0.344752 0.497682 0.422452 0.898793 0.798711 0.621944 0.392725 0.751390 0.699862 0.954182 0.893736 0.974623 0.792900 0.769198 0.780857 0.844904 0.741487 0.732596 0.815397 0.512285 0.495435 0.584197 0.622168 0.758845 0.830409 0.701782 0.783746 0.505657 0.503050 0.629939 0.486674 0.565720 0.746894 0.621150 0.890269 0.681556 0.695396 0.803853 0.873358 0.721817 0.666499 0.603467 0.801516 0.836383 0.893867
0.906668 0.730143 0.673707 0.765032 0.920187 0.789381 0.455454 0.736663 0.600620 0.712675 0.806229 0.927763 0.940343 0.905470 0.899414 0.739730 0.699776 0.584951 0.568160 0.712735 0.726372 0.726895 0.759702 0.810359 0.974394 0.829172 0.738868 0.848517 0.646858 0.568672 0.303572 0.000000 0.511832 0.488870 0.834564 0.926583 0.907126 0.854775 0.844146 0.925984 0.934739 0.809053 0.435866 0.420406 0.525573 0.615993 0.902155 0.796828 0.859145 0.834011 0.642320 0.706400 0.637163 0.689844 0.969332 0.940053 0.664402 0.855648 0.941366 0.930988 0.754668 0.994693 0.799654 0.776085 0.987402 0.959950 0.542175 0.555035 0.990237 0.983984 0.481316 0.486108 0.561227 0.453203 0.933972 0.851595 0.725752 0.485003 0.739965 0.592198 0.898917 0.997875 0.903818 0.977510 0.840771 0.914959 0.825563 0.992271 0.736386 0.929818 0.700285 0.704205 0.780775 0.821094 0.803976 0.805027 0.756524 0.872715 0.600764 0.579331 0.720810 0.555271 0.634642 0.786946 0.678240 0.818819 0.843635 0.802406 0.909457 0.902483 0.713831 0.696738 0.565031 0.737636 0.796589 0.963222
0.439278 0.350604 0.617392 0.484764 0.722598 0.605367 0.317142 0.461854 0.565442 0.577420 0.439791 0.493595 0.557163 0.520208 0.585603 0.378612 0.400745 0.329406 0.341374 0.427315 0.757277 0.922732 0.540737 0.600714 0.902604 0.864551 0.884266 0.908003 0.340267 0.328425 0.491374 0.511832 0.000000 0.285408 0.826455 0.859810 0.766466 0.726070 0.789308 0.804873 0.751481 0.675358 0.323275 0.315974 0.359134 0.374088 0.516991 0.459065 0.405123 0.418541 0.397280 0.420793 0.558142 0.816937 0.603684 0.600538 0.351140 0.407227 0.500283 0.595646 0.323071 0.560096 0.399200 0.404280 0.631268 0.545918 0.493374 0.466465 0.709034 0.701266 0.570123 0.523374 0.541684 0.464327 0.767291 0.750516 0.510968 0.457764 0.488982 0.480882 0.483840 0.537238 0.552637 0.626189 0.651220 0.680253 0.968642 0.991410 0.801454 0.633781 0.699837 0.791059 0.777558 0.955058 0.706474 0.578062 0.614063 0.636897 0.362511 0.445909 0.732574 0.729265 0.547632 0.686897 0.491928 0.612010 0.863109 0.711542 0.783239 0.921591 0.812919 0.456352 0.450616 0.759109 0.646564 0.876118
0.446823 0.374513 0.692343 0.518957 0.910100 0.603225 0.274620 0.355264 0.426887 0.397618 0.378671 0.443755 0.626946 0.598065 0.726255 0.463546 0.362512 0.284401 0.297953 0.327076 0.728987 0.925090 0.693795 0.790156 0.953820 0.991445 0.726772 0.852350 0.263861 0.309523 0.493178 0.488870 0.285408 0.000000 0.845790 0.880997 0.706270 0.790276 0.794061 0.831868 0.776089 0.752866 0.335934 0.401887 0.328639 0.384534 0.574641 0.462941 0.471612 0.549890 0.500943 0.547051 0.586739 0.776110 0.765165 0.648169 0.363500 0.468262 0.522753 0.666025 0.341752 0.535773 0.371278 0.366342 0.803936 0.645735 0.439451 0.445237 0.753913 0.670931 0.392283 0.431755 0.418005 0.365781 0.821470 0.797232 0.428511 0.429799 0.506390 0.495194 0.542785 0.624194 0.697245 0.718973 0.841725 0.917050 0.908751 0.872434 0.962809 0.771989 0.614583 0.694858 0.691221 0.850009 0.634777 0.507682 0.676955 0.643397 0.267337 0.328611 0.624676 0.632385 0.508867 0.642372 0.466705 0.606618 0.956736 0.801732 0.733359 0.984975 0.762314 0.343542 0.430840 0.715535 0.681108 0.896165
0.860356 0.941329 0.758372 0.802216 0.963387 0.998754 0.741404 0.782351 0.838039 0.752254 0.913496 0.963820 0.992108 0.941534 0.946482 0.996713 0.868333 0.949280 0.914083 0.951433 0.961707 0.936964 0.870568 0.997199 0.984380 0.788413 0.944399 0.957898 0.970399 0.980184 0.752388 0.834564 0.826455 0.845790 0.000000 0.817284 0.966983 0.860447 0.989556 0.947943 0.800488 0.876937 0.685447 0.766551 0.665862 0.696867 0.906802 0.852155 0.891572 0.951773 0.734617 0.797323 0.664684 0.686501 0.992128 0.986336 0.879452 0.935383 0.999509 0.977813 0.844042 0.906824 0.989011 0.976262 0.872917 0.973353 0.666698 0.611897 0.876967 0.945797 0.758550 0.835031 0.954988 0.924856 0.997975 0.903040 0.813035 0.743878 0.993700 0.983986 0.860331 0.825547 0.922968 0.734432 0.883049 0.930284 0.830995 0.836095 0.925252 0.947589 0.697325 0.680931 0.750178 0.828612 0.923665 0.752715 0.842440 0.846332 0.772547 0.826718 0.643790 0.713934 0.781838 0.955690 0.853387 0.839485 0.898373 0.740107 0.985049 0.810781 0.854756 0.941029 0.784943 0.735632 0.734757 0.921021
0.658622 0.668264 0.906728 0.743610 0.910049 0.668654 0.932981 0.794964 0.963798 0.969384 0.655057 0.682415 0.720825 0.640824 0.822469 0.721720 0.699690 0.742732 0.781323 0.721565 0.893708 0.983353 0.986776 0.838541 0.981757 0.965657 0.914407 0.800934 0.782385 0.800785 0.941288 0.926583 0.859810 0.880997 0.817284 0.000000 0.716277 0.918749 0.801250 0.823062 0.738526 0.871269 0.898132 0.872369 0.955171 0.919587 0.766190 0.786276 0.790347 0.772603 0.858929 0.778840 0.938465 0.899012 0.740709 0.771419 0.704991 0.651282 0.775311 0.676011 0.791008 0.737005 0.753275 0.680118 0.901423 0.663396 0.891552 0.997461 0.788225 0.859340 0.928029 0.999317 0.786469 0.919917 0.947934 0.953307 0.773085 0.883993 0.689241 0.877066 0.787191 0.667077 0.834343 0.658684 0.822292 0.812441 0.988150 0.978294 0.810437 0.687700 0.925701 0.911576 0.922294 0.986518 0.930201 0.918805 0.846858 0.901984 0.953451 0.979098 0.932854 0.903409 0.868252 0.966751 0.936017 0.979361 0.954818 0.920444 0.990271 0.910444 0.956359 0.824326 0.998041 0.977032 0.988604 0.887896
0.704217 0.624384 0.651070 0.611236 0.970554 0.856160 0.851861 0.829426 0.815516 0.825056 0.713877 0.730957 0.686176 0.709209 0.750464 0.639266 0.732304 0.721627 0.776485 0.648978 0.696883 0.944979 0.857249 0.805750 0.738177 0.723014 0.924042 0.907934 0.705977 0.763959 0.835708 0.907126 0.766466 0.706270 0.966983 0.716277 0.000000 0.712032 0.685463 0.594114 0.694780 0.669901 0.755315 0.697787 0.792511 0.774156 0.720871 0.752594 0.730067 0.714320 0.721176 0.717353 0.846583 0.968196 0.883113 0.920060 0.618806 0.613864 0.747049 0.735585 0.689168 0.747534 0.742619 0.720762 0.665738 0.697895 0.838421 0.877018 0.606235 0.717858 0.608315 0.662269 0.755807 0.760555 0.994214 0.906036 0.755788 0.688308 0.686099 0.681729 0.702038 0.838645 0.818207 0.783842 0.897184 0.844539 0.724848 0.729032 0.897998 0.800931 0.784600 0.738216 0.732504 0.786177 0.862213 0.796725 0.984484 0.973943 0.721162 0.749358 0.775468 0.783395 0.749857 0.716345 0.784248 0.779197 0.917042 0.880593 0.917006 0.987606 0.919277 0.727466 0.963742 0.876741 0.836870 0.895412
0.746227 0.711852 0.785671 0.660397 0.946888 0.970882 0.845625 0.833238 0.971796 0.852265 0.689099 0.743232 0.809307 0.738027 0.879185 0.746260 0.787301 0.737748 0.761983 0.695525 0.984343 0.974519 0.969756 0.945566 0.869997 0.854192 0.933953 0.812920 0.776857 0.795181 0.777391 0.854775 0.726070 0.790276 0.860447 0.918749 0.712032 0.000000 0.828821 0.889996 0.927799 0.686169 0.823006 0.797536 0.854225 0.796378 0.826424 0.844891 0.841448 0.799500 0.766500 0.762145 0.875429 0.895603 0.787697 0.987291 0.668528 0.651340 0.820176 0.845475 0.757483 0.784849 0.783069 0.770565 0.812787 0.712796 0.881862 0.901182 0.573379 0.716123 0.776831 0.703055 0.854361 0.625046 0.860792 0.841883 0.758838 0.753214 0.635341 0.846047 0.764575 0.883104 0.794257 0.846106 0.921449 0.853621 0.935392 0.933507 0.784420 0.773272 0.895656 0.874453 0.813283 0.839680 0.918751 0.916089 0.985645 0.997088 0.845174 0.935016 0.866135 0.927486 0.727795 0.873180 0.811679 0.758185 0.874559 0.933433 0.995210 0.956689 0.990410 0.798995 0.787975 0.991126 0.672680 0.938902
