0.000000 0.412032 0.902903 0.994614 0.963341 0.921983 0.815934 0.662585 0.992583 0.642582 0.604503 0.540664 0.995368 0.841538 0.987048 0.838319 0.478472 0.509039 0.634818 0.583733 0.954704 0.998139 0.904047 0.927619 0.761166 0.787473 0.883171 0.821118 0.665915 0.634901 0.978991 0.910806 0.622454 0.635253 0.947868 0.982616 0.844175 0.748920 0.954983 0.969768 0.803231 0.933953 0.820649 0.692987 0.678719 0.695461 0.833990 0.794977 0.621652 0.781192 0.650729 0.821354 0.909574 0.924081 0.913716 0.862947 0.399359 0.418756 0.645638 0.839083 0.729352 0.828770 0.481963 0.455889 0.731172 0.873446 0.853318 0.823901 0.602420 0.691287 0.664571 0.729196 0.820372 0.722647 0.908647 0.939166 0.739903 0.728298 0.878502 0.847271 0.523283 0.527778 0.892571 0.723856 0.966449 0.986434 0.989304 0.900411 0.812354 0.962160 0.756391 0.761639 0.851653 0.943277 0.917312 0.871260 0.766294 0.874235 0.504314 0.645256 0.772454 0.961826 0.662573 0.559689 0.875253 0.987582 0.955016 0.854989 0.967743 0.894851 0.728594 0.751848 0.768959 0.952027 0.967763 0.881386
0.412032 0.000000 0.711438 0.897625 0.951646 0.994107 0.968816 0.755411 0.833567 0.719991 0.699070 0.530707 0.826390 0.850203 0.797778 0.979150 0.488428 0.475780 0.678371 0.515769 0.925730 0.909640 0.811497 0.867596 0.767723 0.686039 0.962147 0.785200 0.703486 0.602905 0.934129 0.911177 0.670152 0.668823 0.914494 0.879641 0.859105 0.705195 0.871709 0.959810 0.820222 0.761568 0.911675 0.734622 0.755457 0.713075 0.970624 0.901758 0.653567 0.784679 0.749427 0.887979 0.895407 0.910588 0.980508 0.816538 0.357701 0.326004 0.798068 0.813918 0.873380 0.782755 0.619619 0.455961 0.649325 0.881142 0.956638 0.886318 0.622638 0.621171 0.634871 0.759042 0.820096 0.687748 0.973282 0.958870 0.769972 0.745387 0.874102 0.852447 0.532033 0.586628 0.870577 0.735706 0.817762 0.943780 0.997888 0.940616 0.662705 0.924481 0.839498 0.832339 0.928997 0.990052 0.896193 0.877511 0.767599 0.825946 0.573431 0.711225 0.705410 0.969407 0.725025 0.610084 0.958715 0.937529 0.974684 0.926461 0.989020 0.904677 0.748149 0.722238 0.749846 0.930420 0.957324 0.909328
0.902903 0.711438 0.000000 0.475189 0.815793 0.975236 0.467544 0.851747 0.570598 0.998912 0.981950 0.669583 0.802396 0.926995 0.674706 0.999459 0.875149 0.789121 0.798145 0.799793 0.888090 0.843011 0.448757 0.664916 0.555585 0.541088 0.899319 0.796582 0.885433 0.783887 0.522484 0.722727 0.698420 0.763725 0.627148 0.932455 0.871182 0.931499 0.678293 0.883038 0.872046 0.879276 0.718436 0.916393 0.885633 0.982902 0.671363 0.800018 0.802144 0.967416 0.918609 0.849650 0.712779 0.665246 0.771372 0.931357 0.768770 0.707411 0.746824 0.993040 0.754876 0.891305 0.971307 0.708816 0.407292 0.605081 0.508936 0.671234 0.954907 0.840532 0.914288 0.908723 0.917304 0.992603 0.809829 0.826701 0.721335 0.805141 0.888265 0.980933 0.809965 0.886548 0.951968 0.774987 0.508446 0.629562 0.937777 0.924793 0.747560 0.871011 0.896072 0.847366 0.809860 0.646064 0.953579 0.932301 0.990185 0.836261 0.926363 0.935865 0.751618 0.857568 0.984301 0.805108 0.813515 0.593463 0.931358 0.851871 0.990013 0.990701 0.972971 0.916046 0.951371 0.955837 0.816103 0.892849
0.994614 0.897625 0.475189 0.000000 0.912648 0.939376 0.585292 0.758065 0.674737 0.967539 0.862181 0.826634 0.999408 0.999293 0.843010 0.876809 0.922003 0.787214 0.771727 0.972210 0.876097 0.997050 0.454255 0.493758 0.556339 0.593008 0.933031 0.849891 0.773353 0.747292 0.514053 0.675482 0.706945 0.834030 0.656078 0.961828 0.657635 0.762091 0.722039 0.886015 0.793496 0.982094 0.840970 0.954937 0.871486 0.796657 0.794134 0.932597 0.702367 0.906839 0.914711 0.975599 0.785093 0.573906 0.742105 0.931727 0.905866 0.873777 0.774991 0.958573 0.876363 0.964399 0.935725 0.863095 0.572233 0.625143 0.638122 0.814272 0.938629 0.883647 0.726770 0.673326 0.657454 0.814062 0.831741 0.846492 0.712993 0.811399 0.816418 0.984465 0.986406 0.989264 0.939276 0.918068 0.596559 0.574972 0.951984 0.952591 0.892245 0.828122 0.812753 0.781854 0.742504 0.628051 0.837359 0.988553 0.932280 0.922129 0.897283 0.957055 0.879884 0.759089 0.919117 0.952759 0.754735 0.716582 0.919594 0.791460 0.947928 0.984124 0.925719 0.933200 0.853053 0.930163 0.924109 0.941343
0.963341 0.951646 0.815793 0.912648 0.000000 0.777700 0.834673 0.978855 0.877408 0.911286 0.776309 0.938411 0.752205 0.980416 0.859138 0.884579 0.975838 0.964714 0.921844 0.946310 0.915648 0.884833 0.879234 0.992079 0.982781 0.953750 0.872272 0.967232 0.904777 0.959217 0.915925 0.919381 0.854600 0.858176 0.842303 0.879657 0.926492 0.917129 0.974577 0.987559 0.962616 0.883304 0.918041 0.870608 0.763615 0.823553 0.945576 0.763836 0.974591 0.864184 0.956343 0.929893 0.952736 0.925075 0.917552 0.901055 0.943009 0.911231 0.884153 0.920981 0.770286 0.948729 0.989866 0.863078 0.817247 0.796073 0.742221 0.683009 0.984985 0.988512 0.981843 0.848377 0.968994 0.950329 0.976054 0.967561 0.839296 0.918077 0.948611 0.873774 0.962868 0.998571 0.955295 0.859159 0.825312 0.870243 0.925524 0.924305 0.861488 0.824970 0.960501 0.921973 0.962266 0.835526 0.952350 0.933058 0.921904 0.995272 0.915349 0.910788 0.944084 0.909400 0.913358 0.784825 0.892281 0.974236 0.925596 0.989190 0.938869 0.961475 0.821358 0.991888 0.945327 0.951485 0.961874 0.727149
0.921983 0.994107 0.975236 0.939376 0.777700 0.000000 0.868422 0.775108 0.851850 0.777339 0.807446 0.783121 0.794192 0.999132 0.939744 0.865412 0.961704 0.950930 0.943429 0.904944 0.978578 0.878717 0.817841 0.786434 0.822560 0.872844 0.796087 0.960291 0.907910 0.972439 0.948124 0.855212 0.953274 0.995854 0.942163 0.819087 0.955509 0.824679 0.997157 0.931582 0.998282 0.825408 0.906549 0.959475 0.788771 0.734689 0.935898 0.952531 0.810493 0.860464 0.848680 0.855028 0.771661 0.953835 0.996545 0.910192 0.955918 0.988606 0.762263 0.862193 0.686468 0.767612 0.897183 0.896638 0.863755 0.977426 0.932827 0.866705 0.914730 0.928446 0.935355 0.872964 0.974613 0.975056 0.964116 0.974054 0.898108 0.972064 0.936311 0.892891 0.927826 0.970961 0.852936 0.923308 0.900589 0.850304 0.970013 0.924003 0.963847 0.904912 0.829800 0.844636 0.794604 0.901547 0.904872 0.978706 0.926335 0.854844 0.819080 0.967476 0.760593 0.864053 0.893831 0.991873 0.980587 0.923316 0.894547 0.992763 0.968825 0.965828 0.876009 0.915838 0.895698 0.929514 0.951329 0.837249
0.815934 0.968816 0.467544 0.585292 0.834673 0.868422 0.000000 0.574946 0.627965 0.624837 0.669232 0.983608 0.695005 0.868422 0.697105 0.828215 0.847281 0.926297 0.559817 0.931144 0.992924 0.892719 0.582927 0.738441 0.914448 0.873607 0.875445 0.972780 0.905956 0.902396 0.605476 0.741082 0.639833 0.591815 0.821985 0.940516 0.941090 0.965777 0.771591 0.986755 0.932659 0.907897 0.620009 0.761739 0.722273 0.846674 0.651841 0.737112 0.988588 0.993427 0.872800 0.967584 0.718684 0.653756 0.907664 0.901212 0.950866 0.944383 0.669794 0.887789 0.689629 0.913202 0.602092 0.965373 0.762869 0.926038 0.524923 0.743770 0.933016 0.977756 0.729766 0.754890 0.717988 0.779919 0.817606 0.737861 0.637485 0.812596 0.783175 0.864944 0.932322 0.844978 0.936070 0.944456 0.621763 0.795109 0.921515 0.908523 0.927058 0.927277 0.652440 0.583018 0.672588 0.622608 0.946788 0.921063 0.848786 0.898775 0.756045 0.676649 0.948287 0.668801 0.795487 0.875924 0.844073 0.684836 0.937087 0.750879 0.991271 0.951397 0.860579 0.896369 0.858400 0.972395 0.934257 0.902080
0.662585 0.755411 0.851747 0.758065 0.978855 0.775108 0.574946 0.000000 0.817472 0.510431 0.679146 0.589626 0.772443 0.735896 0.944589 0.715111 0.797628 0.923427 0.647277 0.829218 0.848685 0.999500 0.948779 0.969722 0.789359 0.884491 0.710416 0.834628 0.860817 0.820186 0.863430 0.902165 0.803441 0.702940 0.958672 0.966674 0.913258 0.969245 0.870329 0.857215 0.915419 0.902474 0.853606 0.808026 0.805741 0.786958 0.854476 0.877622 0.822511 0.987925 0.716719 0.970920 0.765153 0.716261 0.940485 0.997395 0.787777 0.807757 0.663056 0.836194 0.663564 0.674855 0.586576 0.633614 0.835029 0.936289 0.802754 0.874154 0.802773 0.829208 0.624917 0.757017 0.676196 0.691980 0.935369 0.931773 0.743312 0.922109 0.919417 0.999827 0.853653 0.858394 0.849943 0.890986 0.896755 0.810789 0.948626 0.875659 0.878008 0.892469 0.492086 0.504588 0.620813 0.667901 0.902437 0.946684 0.717290 0.843007 0.663456 0.719996 0.674221 0.587485 0.713536 0.624115 0.940146 0.842316 0.947446 0.783975 0.983699 0.902260 0.859102 0.845479 0.788541 0.854177 0.986927 0.967613
0.992583 0.833567 0.570598 0.674737 0.877408 0.851850 0.627965 0.817472 0.000000 0.843587 0.934231 0.854673 0.832389 0.847321 0.790161 0.809649 0.975542 0.883738 0.951492 0.890235 0.991667 0.771161 0.764946 0.872523 0.812112 0.661062 0.931125 0.804907 0.973968 0.825002 0.757201 0.952950 0.980690 0.954862 0.761226 0.926071 0.765089 0.969541 0.761766 0.851059 0.837345 0.987581 0.801439 0.864788 0.822285 0.916233 0.625306 0.814725 0.943996 0.810319 0.707307 0.730273 0.593433 0.676039 0.827994 0.994444 0.880183 0.865269 0.604056 0.776160 0.643508 0.864960 0.990340 0.973795 0.622937 0.692497 0.714862 0.823294 0.928151 0.990905 0.902500 0.932558 0.992069 0.985502 0.860565 0.926232 0.801496 0.978334 0.989196 0.894858 0.919294 0.870330 0.887325 0.981122 0.799644 0.891986 0.920945 0.876662 0.682449 0.790848 0.789061 0.843296 0.748429 0.842398 0.903458 0.938945 0.915921 0.924076 0.933060 0.862432 0.964441 0.985619 0.862204 0.907041 0.854262 0.681222 0.860040 0.816438 0.913970 0.968677 0.909503 0.967034 0.893979 0.993911 0.856253 0.851933
0.642582 0.719991 0.998912 0.967539 0.911286 0.777339 0.624837 0.510431 0.843587 0.000000 0.518748 0.640873 0.741443 0.764159 0.991275 0.798727 0.662531 0.671585 0.632188 0.735851 0.873879 0.966944 0.886054 0.830279 0.605203 0.677196 0.758738 0.790262 0.695092 0.598164 0.972350 0.996180 0.898626 0.686303 0.922681 0.879645 0.993582 0.967191 0.915784 0.877333 0.967441 0.992582 0.665052 0.626955 0.622350 0.628126 0.851720 0.761365 0.632931 0.894820 0.759321 0.993371 0.953227 0.958916 0.877493 0.952979 0.713591 0.783772 0.767555 0.981150 0.764001 0.908281 0.564384 0.620915 0.700787 0.692187 0.894285 0.980700 0.905095 0.862337 0.670127 0.764244 0.828663 0.744004 0.996690 0.847751 0.721895 0.973450 0.943726 0.954082 0.781985 0.797717 0.837281 0.879559 0.830660 0.720834 0.946213 0.846753 0.791243 0.744862 0.519942 0.571175 0.705646 0.861667 0.891142 0.960075 0.792261 0.860704 0.533756 0.608968 0.721844 0.802071 0.600816 0.632020 0.976346 0.953622 0.999930 0.817651 0.972987 0.982862 0.865447 0.689074 0.697356 0.851096 0.965407 0.916726
0.604503 0.699070 0.981950 0.862181 0.776309 0.807446 0.669232 0.679146 0.934231 0.518748 0.000000 0.613930 0.677772 0.746243 0.769538 0.855015 0.579086 0.552302 0.610273 0.640069 0.920052 0.911312 0.901034 0.836446 0.627662 0.646025 0.903247 0.749258 0.567779 0.511533 0.985187 0.977955 0.798307 0.647160 0.836742 0.956919 0.871419 0.871698 0.997334 0.923209 0.947363 0.975184 0.781623 0.684122 0.583917 0.642061 0.860442 0.757807 0.663124 0.806712 0.872768 0.958649 0.937053 0.949104 0.864196 0.992931 0.646699 0.701730 0.801522 0.969988 0.718179 0.967267 0.546204 0.659296 0.787792 0.776860 0.860705 0.879039 0.837466 0.798991 0.775950 0.929423 0.859429 0.796413 0.964675 0.825310 0.842599 0.847713 0.926144 0.810872 0.729479 0.655413 0.933150 0.833501 0.999816 0.843081 0.956243 0.927818 0.895745 0.669609 0.751227 0.732057 0.907061 0.943463 0.992276 0.984210 0.860147 0.983299 0.544518 0.619936 0.881742 0.883989 0.810407 0.786146 0.897061 0.987327 0.887631 0.943396 0.987564 0.907243 0.815796 0.737567 0.721547 0.908606 0.969555 0.960429
0.540664 0.530707 0.669583 0.826634 0.938411 0.783121 0.983608 0.589626 0.854673 0.640873 0.613930 0.000000 0.852767 0.673609 0.898124 0.739172 0.653469 0.669678 0.791384 0.695668 0.854116 0.922318 0.671000 0.723528 0.535641 0.544604 0.716035 0.714584 0.757717 0.616792 0.757936 0.882233 0.900574 0.867423 0.746702 0.985095 0.987056 0.919183 0.868378 0.868203 0.978710 0.858098 0.939789 0.869509 0.844249 0.763598 0.940289 0.919983 0.686602 0.960602 0.801448 0.982513 0.992665 0.993311 0.906713 0.905635 0.572396 0.560220 0.825162 0.810610 0.766617 0.684701 0.556369 0.416315 0.518032 0.713784 0.895588 0.977280 0.722358 0.780917 0.777418 0.931049 0.855483 0.813682 0.966694 0.903784 0.947295 0.942141 0.990440 0.988014 0.692347 0.700405 0.990787 0.656342 0.666686 0.666721 0.989247 0.967615 0.829354 0.790714 0.747938 0.774097 0.892294 0.980347 0.909696 0.960257 0.781454 0.835414 0.631169 0.790607 0.677352 0.890854 0.824285 0.617969 0.928283 0.869431 0.930070 0.967406 0.920230 0.892176 0.792788 0.806757 0.753534 0.860429 0.903297 0.958875
0.995368 0.826390 0.802396 0.999408 0.752205 0.794192 0.695005 0.772443 0.832389 0.741443 0.677772 0.852767 0.000000 0.812766 0.690342 0.792561 0.953758 0.960744 0.961505 0.898674 0.985739 0.967526 0.976791 0.879740 0.806422 0.905409 0.931797 0.934181 0.903947 0.902154 0.971734 0.857078 0.962154 0.909828 0.905211 0.945064 0.901689 0.838242 0.984407 0.990161 0.872743 0.838609 0.904362 0.891666 0.785241 0.830675 0.852870 0.814175 0.918815 0.924734 0.918949 0.969694 0.832008 0.953150 0.909100 0.973863 0.837375 0.824602 0.785902 0.980640 0.665085 0.917112 0.801266 0.977548 0.948733 0.937360 0.864327 0.902292 0.895907 0.874447 0.957210 0.927639 0.984051 0.931364 0.875526 0.816159 0.956250 0.980560 0.966107 0.968376 0.838233 0.924135 0.919071 0.904015 0.935561 0.861343 0.954724 0.898271 0.806710 0.849115 0.804748 0.857077 0.856348 0.879163 0.890968 0.977800 0.977554 0.993338 0.858411 0.959922 0.896591 0.851034 0.976982 0.996693 0.931688 0.951858 0.977113 0.973641 0.899863 0.914130 0.900349 0.937610 0.873387 0.939621 0.924918 0.917458
0.841538 0.850203 0.926995 0.999293 0.980416 0.999132 0.868422 0.735896 0.847321 0.764159 0.746243 0.673609 0.812766 0.000000 0.843988 0.716071 0.747619 0.740687 0.628525 0.694084 0.814687 0.966405 0.910428 0.899033 0.854438 0.712095 0.873989 0.677945 0.727116 0.657854 0.955296 0.822754 0.876654 0.891732 0.728732 0.943797 0.906524 0.946305 0.976586 0.853752 0.872869 0.977003 0.820635 0.861529 0.986088 0.995902 0.994632 0.910852 0.981030 0.753502 0.855561 0.697623 0.832792 0.960383 0.840912 0.929599 0.802606 0.862101 0.857761 0.783711 0.799399 0.853082 0.689782 0.841493 0.773158 0.692469 0.906237 0.820048 0.921993 0.908022 0.778316 0.896344 0.832469 0.747741 0.974894 0.874286 0.960249 0.925466 0.865751 0.814532 0.815615 0.730461 0.875945 0.917921 0.977252 0.913965 0.954970 0.794611 0.782243 0.635240 0.851104 0.871215 0.957602 0.994161 0.891805 0.864864 0.953068 0.990506 0.820939 0.790706 0.879334 0.789009 0.861313 0.738879 0.834942 0.734207 0.961676 0.954816 0.970153 0.858869 0.940595 0.852148 0.876683 0.876812 0.986694 0.867871
0.987048 0.797778 0.674706 0.843010 0.859138 0.939744 0.697105 0.944589 0.790161 0.991275 0.769538 0.898124 0.690342 0.843988 0.000000 0.776101 0.917320 0.915108 0.808956 0.969020 0.956017 0.891567 0.717680 0.791200 0.862548 0.820793 0.884139 0.922634 0.799856 0.903228 0.783147 0.816343 0.847291 0.881265 0.939363 0.908460 0.956093 0.913421 0.757321 0.756107 0.924803 0.831190 0.652392 0.773948 0.832088 0.923801 0.633859 0.624788 0.955484 0.895420 0.961272 0.911392 0.858245 0.925833 0.969748 0.945200 0.930324 0.838634 0.920824 0.813581 0.906194 0.766185 0.876235 0.865686 0.683369 0.912053 0.866388 0.942144 0.971146 0.791788 0.919937 0.969277 0.987509 0.903812 0.956560 0.831677 0.981673 0.840729 0.883816 0.817577 0.992597 0.928997 0.863874 0.992855 0.616376 0.791298 0.915807 0.964388 0.766172 0.976606 0.937599 0.927313 0.940875 0.935130 0.868641 0.982064 0.885808 0.872100 0.965358 0.840668 0.783601 0.920629 0.992717 0.860521 0.992139 0.829902 0.975038 0.871101 0.990067 0.940487 0.956522 0.938519 0.996099 0.955106 0.842599 0.907016
0.838319 0.979150 0.999459 0.876809 0.884579 0.865412 0.828215 0.715111 0.809649 0.798727 0.855015 0.739172 0.792561 0.716071 0.776101 0.000000 0.897103 0.963828 0.832968 0.851276 0.936163 0.885680 0.939857 0.854706 0.923148 0.986032 0.801593 0.945719 0.907913 0.838075 0.972981 0.855626 0.905482 0.949354 0.873066 0.851052 0.848444 0.995841 0.938342 0.856539 0.990324 0.993952 0.921614 0.963657 0.958771 0.962790 0.837109 0.863058 0.886834 0.937001 0.799205 0.982313 0.826726 0.883673 0.959534 0.924592 0.947382 0.931830 0.898665 0.962345 0.916440 0.956349 0.725117 0.799939 0.856915 0.829120 0.821752 0.740845 0.883826 0.907070 0.874660 0.913938 0.811677 0.876794 0.951897 0.940269 0.925210 0.955775 0.999550 0.998317 0.891900 0.848788 0.926017 0.724946 0.977629 0.939154 0.976852 0.817644 0.972981 0.964728 0.869698 0.997571 0.927264 0.934864 0.981750 0.948837 0.918139 0.958318 0.882032 0.914014 0.920170 0.958274 0.891815 0.813902 0.977751 0.922397 0.812244 0.920887 0.981892 0.951693 0.950598 0.924299 0.952482 0.994364 0.958840 0.977962
0.478472 0.488428 0.875149 0.922003 0.975838 0.961704 0.847281 0.797628 0.975542 0.662531 0.579086 0.653469 0.953758 0.747619 0.917320 0.897103 0.000000 0.365250 0.508907 0.489571 0.993518 0.981106 0.986142 0.946947 0.767801 0.707150 0.963128 0.795868 0.507921 0.495308 0.987462 0.786524 0.682112 0.651410 0.833682 0.935012 0.953958 0.900302 0.907457 0.968473 0.876790 0.908924 0.665138 0.626979 0.731849 0.786733 0.861170 0.860195 0.732438 0.888577 0.866634 0.968721 0.874018 0.913676 0.910101 0.912651 0.367114 0.458456 0.898998 0.905889 0.977769 0.898354 0.529688 0.544553 0.740593 0.748911 0.904486 0.995593 0.677871 0.714122 0.667772 0.722149 0.832331 0.761654 0.898260 0.871843 0.820644 0.809059 0.786231 0.741532 0.450979 0.527201 0.779998 0.736809 0.986958 0.999764 0.967717 0.958845 0.728670 0.839993 0.822867 0.812682 0.945045 0.957994 0.953570 0.873272 0.834995 0.976804 0.592495 0.549705 0.801828 0.995922 0.637899 0.677213 0.977491 0.897645 0.917337 0.942039 0.953188 0.911211 0.723084 0.720388 0.710426 0.985138 0.955288 0.980176
0.509039 0.475780 0.789121 0.787214 0.964714 0.950930 0.926297 0.923427 0.883738 0.671585 0.552302 0.669678 0.960744 0.740687 0.915108 0.963828 0.365250 0.000000 0.561335 0.442936 0.909903 0.956029 0.904061 0.901077 0.721858 0.600874 0.958781 0.751215 0.483515 0.448278 0.927286 0.832630 0.733102 0.666253 0.786215 0.954963 0.977855 0.938935 0.808052 0.913927 0.945572 0.918640 0.727827 0.645392 0.703500 0.744434 0.877857 0.794431 0.698588 0.864972 0.929982 0.971525 0.799111 0.809320 0.842173 0.970624 0.376656 0.445976 0.976800 0.866878 0.970443 0.863428 0.571631 0.588172 0.696625 0.718251 0.953149 0.973468 0.678254 0.724331 0.754995 0.835429 0.889870 0.734854 0.967086 0.875282 0.835477 0.772482 0.799726 0.734097 0.455462 0.492506 0.774024 0.757148 0.975251 0.951176 0.896489 0.977794 0.652447 0.800410 0.913910 0.868990 0.961898 0.906045 0.938645 0.867580 0.891780 0.987446 0.600540 0.581423 0.853930 0.905080 0.675518 0.697753 0.911189 0.822941 0.982104 0.960604 0.937236 0.950462 0.746879 0.643964 0.706662 0.930569 0.986917 0.952725
0.634818 0.678371 0.798145 0.771727 0.921844 0.943429 0.559817 0.647277 0.951492 0.632188 0.610273 0.791384 0.961505 0.628525 0.808956 0.832968 0.508907 0.561335 0.000000 0.549108 0.991768 0.979989 0.661335 0.752280 0.995310 0.854645 0.918539 0.817407 0.661437 0.588808 0.760226 0.621328 0.582859 0.559678 0.981780 0.937402 0.969224 0.917042 0.973248 0.958132 0.935582 0.984812 0.604432 0.702291 0.808656 0.893315 0.798842 0.775452 0.966521 0.941259 0.997009 0.854571 0.952670 0.878225 0.994391 0.938497 0.583664 0.696265 0.914636 0.787921 0.989791 0.801041 0.517328 0.769529 0.977857 0.865861 0.717518 0.907552 0.762183 0.882132 0.549747 0.673972 0.608888 0.604360 0.907265 0.767526 0.692848 0.737273 0.709070 0.686570 0.591393 0.560316 0.838570 0.872357 0.733974 0.838097 0.857329 0.939128 0.758313 0.787360 0.742567 0.672530 0.860723 0.836611 0.874722 0.842534 0.815457 0.900360 0.675535 0.551302 0.964301 0.783139 0.679565 0.756464 0.996316 0.956001 0.929607 0.918467 0.918171 0.943594 0.875612 0.812391 0.822554 0.978758 0.984963 0.997464
0.583733 0.515769 0.799793 0.972210 0.946310 0.904944 0.931144 0.829218 0.890235 0.735851 0.640069 0.695668 0.898674 0.694084 0.969020 0.851276 0.489571 0.442936 0.549108 0.000000 0.921811 0.844055 0.982897 0.922208 0.809388 0.688717 0.999397 0.749157 0.618814 0.576968 0.980002 0.724436 0.746221 0.771033 0.839243 0.903538 0.903419 0.894150 0.828709 0.896837 0.888595 0.915880 0.826819 0.801003 0.917679 0.956036 0.937366 0.894962 0.903870 0.957285 0.967894 0.837058 0.804838 0.925521 0.917461 0.957575 0.466843 0.492103 0.989637 0.889030 0.900789 0.916122 0.606425 0.614844 0.703220 0.743799 0.994208 0.896556 0.668692 0.743895 0.627219 0.745015 0.674791 0.618356 0.999880 0.897980 0.823887 0.758734 0.769873 0.755708 0.447777 0.487335 0.742030 0.690891 0.999297 0.985767 0.986910 0.965817 0.666229 0.817072 0.871590 0.799213 0.956086 0.959409 0.961477 0.901892 0.865513 0.994721 0.710209 0.655386 0.917986 0.973196 0.710706 0.661083 0.960436 0.822039 0.977570 0.922312 0.987533 0.977512 0.878235 0.815459 0.923414 0.875046 0.965313 0.836124
0.954704 0.925730 0.888090 0.876097 0.915648 0.978578 0.992924 0.848685 0.991667 0.873879 0.920052 0.854116 0.985739 0.814687 0.956017 0.936163 0.993518 0.909903 0.991768 0.921811 0.000000 0.950805 0.865484 0.939794 0.863973 0.814996 0.851942 0.907645 0.830339 0.914667 0.983354 0.999208 0.926708 0.973209 0.856634 0.878207 0.963983 0.975556 0.979117 0.879020 0.934467 0.914594 0.995376 0.899739 0.970434 0.933478 0.978487 0.927089 0.869886 0.979392 0.970030 0.949420 0.978721 0.977969 0.940397 0.744654 0.950896 0.920942 0.952440 0.981139 0.933090 0.867481 0.978376 0.853018 0.852798 0.879115 0.812308 0.902917 0.913714 0.999500 0.978613 0.974226 0.892441 0.855668 0.944908 0.934079 0.944411 0.982660 0.909891 0.981926 0.980228 0.976422 0.959143 0.890243 0.806940 0.755402 0.901128 0.966423 0.958486 0.987536 0.932222 0.928069 0.969359 0.904323 0.840490 0.897789 0.849113 0.997618 0.881540 0.974899 0.907900 0.942000 0.990517 0.855184 0.978787 0.906428 0.929885 0.946543 0.966477 0.925318 0.914297 0.908113 0.853727 0.800201 0.888126 0.887755
0.998139 0.909640 0.843011 0.997050 0.884833 0.878717 0.892719 0.999500 0.771161 0.966944 0.911312 0.922318 0.967526 0.966405 0.891567 0.885680 0.981106 0.956029 0.979989 0.844055 0.950805 0.000000 0.826096 0.923692 0.827507 0.822312 0.973624 0.850538 0.926825 0.953115 0.892257 0.935084 0.972286 0.996486 0.959514 0.989801 0.997251 0.937566 0.949594 0.988232 0.949131 0.949227 0.837558 0.891019 0.875603 0.889531 0.849863 0.882804 0.945078 0.856215 0.865957 0.806310 0.886866 0.908937 0.997634 0.884282 0.986520 0.943366 0.894920 0.958679 0.947683 0.988165 0.930632 0.880947 0.846581 0.857908 0.908389 0.921053 0.926773 0.966570 0.966238 0.962115 0.826478 0.924703 0.828018 0.944314 0.926938 0.949386 0.897788 0.995131 0.932213 0.853068 0.881727 0.962486 0.914097 0.944524 0.890075 0.996184 0.798406 0.898496 0.924693 0.992534 0.893577 0.966057 0.850430 0.772380 0.901719 0.942796 0.942290 0.936321 0.937490 0.917614 0.994115 0.989667 0.891575 0.997886 0.875877 0.866404 0.931761 0.929039 0.851922 0.963899 0.784959 0.979746 0.791965 0.816330
0.904047 0.811497 0.448757 0.454255 0.879234 0.817841 0.582927 0.948779 0.764946 0.886054 0.901034 0.671000 0.976791 0.910428 0.717680 0.939857 0.986142 0.904061 0.661335 0.982897 0.865484 0.826096 0.000000 0.411283 0.493282 0.624919 0.850730 0.886153 0.903803 0.899390 0.476458 0.598476 0.698113 0.817725 0.715218 0.890550 0.882747 0.899537 0.717925 0.864000 0.922987 0.949169 0.700173 0.915676 0.948409 0.814831 0.780942 0.863354 0.685697 0.871647 0.922317 0.965158 0.890487 0.718780 0.856297 0.891169 0.890439 0.822456 0.969891 0.816885 0.930782 0.722493 0.959090 0.673236 0.504102 0.698560 0.647458 0.861501 0.996721 0.866588 0.775495 0.787352 0.753442 0.820638 0.847933 0.813840 0.763592 0.800000 0.786305 0.823700 0.987388 0.944748 0.892882 0.822234 0.432792 0.460478 0.899592 0.898711 0.896303 0.939708 0.989478 0.912734 0.949305 0.718807 0.816834 0.908089 0.996328 0.768744 0.861565 0.892979 0.708004 0.830717 0.972688 0.855245 0.824636 0.810795 0.853025 0.869948 0.900023 0.931388 0.967693 0.866664 0.902039 0.945400 0.868299 0.901881
0.927619 0.867596 0.664916 0.493758 0.992079 0.786434 0.738441 0.969722 0.872523 0.830279 0.836446 0.723528 0.879740 0.899033 0.791200 0.854706 0.946947 0.901077 0.752280 0.922208 0.939794 0.923692 0.411283 0.000000 0.545839 0.685701 0.892758 0.953888 0.900791 0.875982 0.597199 0.573850 0.802353 0.956266 0.819351 0.988412 0.843033 0.909017 0.695831 0.948374 0.897460 0.987236 0.832284 0.959489 0.788817 0.712468 0.842285 0.937782 0.658124 0.820511 0.871685 0.900340 0.920498 0.716101 0.874836 0.848703 0.919769 0.871337 0.906947 0.750220 0.792562 0.792940 0.978202 0.716923 0.676336 0.800915 0.864160 0.947975 0.982621 0.877628 0.817712 0.756488 0.719459 0.717670 0.933135 0.896593 0.905149 0.843824 0.866730 0.840135 0.967709 0.903327 0.925026 0.883295 0.524103 0.522118 0.960128 0.877390 0.974955 0.927688 0.985041 0.946675 0.989298 0.845695 0.756276 0.970198 0.945318 0.780188 0.794167 0.968774 0.795111 0.858289 0.992003 0.920029 0.839454 0.951731 0.911988 0.809179 0.934701 0.978115 0.922694 0.823322 0.820548 0.864102 0.970785 0.993006
0.761166 0.767723 0.555585 0.556339 0.982781 0.822560 0.914448 0.789359 0.812112 0.605203 0.627662 0.535641 0.806422 0.854438 0.862548 0.923148 0.767801 0.721858 0.995310 0.809388 0.863973 0.827507 0.493282 0.545839 0.000000 0.441132 0.741148 0.691817 0.727867 0.664863 0.577262 0.715155 0.807462 0.957949 0.656284 0.866184 0.763094 0.799299 0.751476 0.788984 0.853814 0.990643 0.934028 0.874691 0.804296 0.746850 0.842566 0.999070 0.663929 0.979644 0.984042 0.846784 0.918855 0.846871 0.807166 0.937439 0.749737 0.766850 0.992525 0.977083 0.911013 0.841778 0.705163 0.563026 0.442846 0.534120 0.804920 0.856625 0.956949 0.840372 0.994782 0.967997 0.956962 0.948369 0.893388 0.987112 0.906840 0.858137 0.938093 0.980046 0.832628 0.845024 0.935770 0.799225 0.534570 0.502969 0.905264 0.912884 0.793774 0.786682 0.797477 0.818820 0.933650 0.912540 0.806081 0.995695 0.822023 0.789490 0.684432 0.831677 0.682339 0.900812 0.815193 0.641258 0.860955 0.810407 0.879171 0.955659 0.947907 0.858947 0.921587 0.741635 0.776952 0.797269 0.861667 0.993242
0.787473 0.686039 0.541088 0.593008 0.953750 0.872844 0.873607 0.884491 0.661062 0.677196 0.646025 0.544604 0.905409 0.712095 0.820793 0.986032 0.707150 0.600874 0.854645 0.688717 0.814996 0.822312 0.624919 0.685701 0.441132 0.000000 0.801416 0.630540 0.663006 0.574866 0.691261 0.837162 0.926314 0.994413 0.707684 0.868775 0.724161 0.880009 0.691139 0.751106 0.854006 0.920701 0.955616 0.943765 0.891091 0.818189 0.739255 0.977268 0.819935 0.953255 0.849269 0.755123 0.787794 0.760479 0.730671 0.976092 0.688139 0.684433 0.863298 0.912530 0.916308 0.999620 0.719308 0.649170 0.458381 0.557201 0.816685 0.845088 0.962183 0.846682 0.931744 0.996619 0.953318 0.800141 0.914509 0.993300 0.951538 0.981778 0.967711 0.901555 0.746327 0.725094 0.977404 0.850545 0.648186 0.651195 0.940400 0.941389 0.723612 0.709975 0.852416 0.830144 0.994342 0.914765 0.932959 0.996379 0.895942 0.901349 0.698270 0.761873 0.753902 0.916060 0.884147 0.711267 0.822798 0.659221 0.934672 0.894762 0.929740 0.933488 0.900205 0.715969 0.773227 0.851021 0.919943 0.951397
0.883171 0.962147 0.899319 0.933031 0.872272 0.796087 0.875445 0.710416 0.931125 0.758738 0.903247 0.716035 0.931797 0.873989 0.884139 0.801593 0.963128 0.958781 0.918539 0.999397 0.851942 0.973624 0.850730 0.892758 0.741148 0.801416 0.000000 0.903840 0.902052 0.915030 0.862272 0.949119 0.951683 0.947994 0.894494 0.824220 0.861884 0.932224 0.906655 0.960317 0.939107 0.942225 0.925964 0.993574 0.978123 0.930496 0.940178 0.978695 0.916317 0.839385 0.980757 0.844466 0.871587 0.966220 0.975270 0.976463 0.979517 0.959599 0.932237 0.947179 0.946225 0.928093 0.785023 0.800369 0.707525 0.705450 0.908446 0.944775 0.992268 0.990871 0.986541 0.973108 0.899500 0.953098 0.960251 0.965498 0.942148 0.991599 0.976000 0.997814 0.951919 0.916105 0.860399 0.858453 0.881868 0.730719 0.970136 0.946948 0.863101 0.975888 0.802750 0.836203 0.835584 0.983306 0.964405 0.913670 0.789497 0.871173 0.742946 0.820878 0.887502 0.768247 0.814549 0.722404 0.949542 0.998420 0.931910 0.930113 0.977718 0.998624 0.993012 0.992352 0.964054 0.973082 0.849004 0.965684
0.821118 0.785200 0.796582 0.849891 0.967232 0.960291 0.972780 0.834628 0.804907 0.790262 0.749258 0.714584 0.934181 0.677945 0.922634 0.945719 0.795868 0.751215 0.817407 0.749157 0.907645 0.850538 0.886153 0.953888 0.691817 0.630540 0.903840 0.000000 0.766246 0.666326 0.795543 0.950773 0.986626 0.911378 0.742713 0.998121 0.918911 0.959432 0.955886 0.849517 0.862623 0.958131 0.968883 0.886968 0.851865 0.888959 0.918868 0.933528 0.894079 0.933887 0.935953 0.804416 0.908230 0.946100 0.868253 0.909599 0.791098 0.805237 0.852207 0.886136 0.932576 0.969018 0.834563 0.879204 0.749181 0.806410 0.909463 0.920471 0.849152 0.932261 0.908112 0.999948 0.829707 0.750879 0.996466 0.997905 0.958461 0.960489 0.954716 0.728957 0.811823 0.742206 0.946347 0.885885 0.953515 0.866619 0.949272 0.880566 0.873880 0.626952 0.912785 0.872091 0.956982 0.972363 0.902873 0.902574 0.959583 0.861687 0.785988 0.748421 0.998353 0.869957 0.897549 0.838859 0.981391 0.820388 0.958147 0.929379 0.981627 0.893123 0.945841 0.841552 0.850297 0.843942 0.922522 0.921902
0.665915 0.703486 0.885433 0.773353 0.904777 0.907910 0.905956 0.860817 0.973968 0.695092 0.567779 0.757717 0.903947 0.727116 0.799856 0.907913 0.507921 0.483515 0.661437 0.618814 0.830339 0.926825 0.903803 0.900791 0.727867 0.663006 0.902052 0.766246 0.000000 0.524318 0.990603 0.911209 0.830273 0.728852 0.819184 0.954402 0.907676 0.904592 0.918181 0.907183 0.924152 0.992161 0.662645 0.642056 0.642029 0.674279 0.818691 0.774577 0.679340 0.800400 0.902446 0.956538 0.973848 0.841447 0.934909 0.952596 0.620274 0.655645 0.996122 0.896348 0.992459 0.925914 0.721738 0.734830 0.772505 0.773468 0.958777 0.989027 0.736706 0.792729 0.947269 0.960387 0.949639 0.815169 0.951239 0.805030 0.926601 0.753599 0.847888 0.768905 0.615937 0.656929 0.824822 0.802640 0.976232 0.880337 0.974541 0.972348 0.820066 0.788212 0.878818 0.888335 0.982665 0.844259 0.911732 0.904146 0.893991 0.992723 0.631153 0.669477 0.798266 0.935736 0.788284 0.841674 0.882012 0.861312 0.942375 0.973918 0.973454 0.935115 0.763842 0.767804 0.685996 0.957201 0.928672 0.960176
0.634901 0.602905 0.783887 0.747292 0.959217 0.972439 0.902396 0.820186 0.825002 0.598164 0.511533 0.616792 0.902154 0.657854 0.903228 0.838075 0.495308 0.448278 0.588808 0.576968 0.914667 0.953115 0.899390 0.875982 0.664863 0.574866 0.915030 0.666326 0.524318 0.000000 0.930647 0.939167 0.850187 0.727263 0.675208 0.984243 0.835731 0.994346 0.846422 0.917275 0.903705 0.968757 0.747105 0.634852 0.723336 0.730091 0.950559 0.803171 0.681332 0.939153 0.991515 0.901267 0.827146 0.839810 0.754660 0.945624 0.548467 0.612364 0.949325 0.810663 0.992889 0.900015 0.593884 0.623709 0.648916 0.630442 0.926549 0.906229 0.780709 0.903317 0.785347 0.924779 0.963306 0.808498 0.976396 0.952167 0.979510 0.838706 0.861167 0.810408 0.587877 0.594827 0.811791 0.823835 0.878188 0.787980 0.879343 0.934401 0.735108 0.635935 0.904278 0.943700 0.870324 0.891063 0.956497 0.983444 0.942111 0.986369 0.696318 0.714188 0.824439 0.978389 0.776166 0.755621 0.813502 0.777501 0.906005 0.942521 0.978243 0.996810 0.885060 0.835339 0.698940 0.952172 0.961325 0.870947
0.978991 0.934129 0.522484 0.514053 0.915925 0.948124 0.605476 0.863430 0.757201 0.972350 0.985187 0.757936 0.971734 0.955296 0.783147 0.972981 0.987462 0.927286 0.760226 0.980002 0.983354 0.892257 0.476458 0.597199 0.577262 0.691261 0.862272 0.795543 0.990603 0.930647 0.000000 0.647104 0.697315 0.716426 0.679837 0.966352 0.827532 0.891573 0.672878 0.851080 0.854956 0.981764 0.730984 0.889974 0.947867 0.969575 0.761000 0.925583 0.858682 0.987835 0.915380 0.860521 0.845564 0.788229 0.761425 0.938599 0.917661 0.904126 0.843859 0.957092 0.949853 0.852607 0.981337 0.819005 0.596674 0.747464 0.691970 0.834519 0.994463 0.868722 0.751326 0.783423 0.894554 0.896733 0.842501 0.819633 0.732022 0.780658 0.887224 0.879793 0.966995 0.968024 0.942050 0.841299 0.612197 0.608382 0.981399 0.987885 0.878872 0.936283 0.966428 0.934992 0.926929 0.779782 0.818338 0.946904 0.971876 0.830346 0.932540 0.975304 0.929694 0.845281 0.952920 0.863378 0.940135 0.756222 0.905180 0.830700 0.961527 0.970651 0.893624 0.977806 0.989324 0.879214 0.887777 0.891364
0.910806 0.911177 0.722727 0.675482 0.919381 0.855212 0.741082 0.902165 0.952950 0.996180 0.977955 0.882233 0.857078 0.822754 0.816343 0.855626 0.786524 0.832630 0.621328 0.724436 0.999208 0.935084 0.598476 0.573850 0.715155 0.837162 0.949119 0.950773 0.911209 0.939167 0.647104 0.000000 0.717615 0.733525 0.875791 0.864192 0.819512 0.956561 0.827768 0.965002 0.849243 0.941856 0.720534 0.911055 0.971370 0.937492 0.798153 0.869758 0.863271 0.917229 0.962794 0.944703 0.998023 0.851311 0.900665 0.921933 0.812290 0.874837 0.981219 0.759952 0.840657 0.742131 0.835651 0.937317 0.823853 0.971171 0.829597 0.978974 0.964308 0.997521 0.759030 0.749282 0.792656 0.727828 0.987821 0.839179 0.831123 0.705279 0.774257 0.829646 0.836460 0.791069 0.803544 0.932343 0.667377 0.677570 0.880992 0.928711 0.808600 0.950562 0.972501 0.905563 0.962174 0.837941 0.958124 0.925773 0.970067 0.945980 0.992907 0.817303 0.860687 0.938565 0.918674 0.936211 0.978460 0.957867 0.978602 0.838654 0.841826 0.991834 0.912986 0.936047 0.948882 0.951663 0.909062 0.988296
0.622454 0.670152 0.698420 0.706945 0.854600 0.953274 0.639833 0.803441 0.980690 0.898626 0.798307 0.900574 0.962154 0.876654 0.847291 0.905482 0.682112 0.733102 0.582859 0.746221 0.926708 0.972286 0.698113 0.802353 0.807462 0.926314 0.951683 0.986626 0.830273 0.850187 0.697315 0.717615 0.000000 0.495018 0.768891 0.790997 0.855265 0.740959 0.878671 0.972954 0.757841 0.977222 0.673077 0.728291 0.736529 0.822357 0.786555 0.766897 0.983498 0.866224 0.887581 0.874854 0.926318 0.966733 0.816184 0.940773 0.682099 0.739144 0.696608 0.916781 0.786769 0.953100 0.631020 0.818323 0.831026 0.855825 0.512991 0.595044 0.798631 0.798013 0.757303 0.796417 0.811731 0.841078 0.871276 0.844227 0.676105 0.649379 0.736123 0.819649 0.717676 0.689680 0.902734 0.996805 0.664746 0.635267 0.966995 0.893847 0.901266 0.978181 0.898143 0.794461 0.845764 0.835420 0.994961 0.788985 0.953576 0.908998 0.820672 0.804642 0.991708 0.874090 0.826526 0.923830 0.812582 0.839567 0.996705 0.909295 0.978328 0.865597 0.763007 0.954984 0.902400 0.970116 0.996735 0.924602
0.635253 0.668823 0.763725 0.834030 0.858176 0.995854 0.591815 0.702940 0.954862 0.686303 0.647160 0.867423 0.909828 0.891732 0.881265 0.949354 0.651410 0.666253 0.559678 0.771033 0.973209 0.996486 0.817725 0.956266 0.957949 0.994413 0.947994 0.911378 0.728852 0.727263 0.716426 0.733525 0.495018 0.000000 0.854364 0.817275 0.870791 0.931420 0.911135 0.982553 0.872435 0.988637 0.644502 0.646107 0.560565 0.659062 0.712402 0.690244 0.779330 0.737894 0.739138 0.787391 0.930763 0.872867 0.883407 0.961929 0.651389 0.738073 0.694317 0.973744 0.749195 0.997591 0.621533 0.788290 0.919947 0.936910 0.556898 0.609924 0.758767 0.775242 0.747031 0.868013 0.779102 0.811423 0.851594 0.758323 0.676690 0.648752 0.752553 0.865909 0.726429 0.743390 0.850754 0.910188 0.754387 0.818074 0.964356 0.909680 0.876938 0.935242 0.765669 0.733742 0.820100 0.785735 0.970144 0.872270 0.857713 0.932550 0.662317 0.725257 0.951245 0.790193 0.803414 0.893035 0.891455 0.820225 0.974049 0.829314 0.920343 0.933726 0.760374 0.745914 0.641025 0.995170 0.957319 0.945647
0.947868 0.914494 0.627148 0.656078 0.842303 0.942163 0.821985 0.958672 0.761226 0.922681 0.836742 0.746702 0.905211 0.728732 0.939363 0.873066 0.833682 0.786215 0.981780 0.839243 0.856634 0.959514 0.715218 0.819351 0.656284 0.707684 0.894494 0.742713 0.819184 0.675208 0.679837 0.875791 0.768891 0.854364 0.000000 0.960983 0.840102 0.942524 0.823326 0.998546 0.834647 0.980240 0.984355 0.939976 0.940161 0.984755 0.919495 0.925298 0.863545 0.892786 0.900160 0.809763 0.853002 0.880834 0.681359 0.999479 0.854234 0.928442 0.720509 0.745093 0.784125 0.950317 0.903922 0.855561 0.614439 0.592183 0.610234 0.596702 0.983659 0.986362 0.939684 0.945696 0.933280 0.959179 0.998597 0.999275 0.832383 0.911477 0.963866 0.956798 0.915681 0.950899 0.892164 0.839780 0.712004 0.638664 0.862646 0.940253 0.886493 0.691022 0.928272 0.849449 0.796936 0.744498 0.968854 0.922486 0.924283 0.910619 0.905254 0.994721 0.858820 0.910702 0.976093 0.773618 0.812244 0.745129 0.993193 0.912751 0.965034 0.962887 0.982264 0.931250 0.777666 0.818540 0.856483 0.967744
0.982616 0.879641 0.932455 0.961828 0.879657 0.819087 0.940516 0.966674 0.926071 0.879645 0.956919 0.985095 0.945064 0.943797 0.908460 0.851052 0.935012 0.954963 0.937402 0.903538 0.878207 0.989801 0.890550 0.988412 0.866184 0.868775 0.824220 0.998121 0.954402 0.984243 0.966352 0.864192 0.790997 0.817275 0.960983 0.000000 0.872314 0.839695 0.955754 0.940315 0.925216 0.957868 0.992051 0.972961 0.974155 0.943332 0.873770 0.960873 0.877840 0.967473 0.948796 0.984663 0.912786 0.996707 0.976908 0.942901 0.884685 0.907187 0.990159 0.892915 0.981690 0.952974 0.967148 0.986603 0.909945 0.856274 0.842228 0.800340 0.961218 0.856113 0.871457 0.967538 0.952150 0.960554 0.888112 0.970054 0.907407 0.906763 0.919609 0.938513 0.928565 0.966711 0.778428 0.970945 0.980921 0.882495 0.991521 0.973960 0.990265 0.923579 0.877748 0.886856 0.936270 0.910763 0.964540 0.818927 0.980239 0.989343 0.936467 0.937944 0.887519 0.955441 0.901947 0.985410 0.851290 0.950167 0.975622 0.966460 0.931254 0.924551 0.876181 0.973568 0.949998 0.940149 0.985650 0.993245
0.844175 0.859105 0.871182 0.657635 0.926492 0.955509 0.941090 0.913258 0.765089 0.993582 0.871419 0.987056 0.901689 0.906524 0.956093 0.848444 0.953958 0.977855 0.969224 0.903419 0.963983 0.997251 0.882747 0.843033 0.763094 0.724161 0.861884 0.918911 0.907676 0.835731 0.827532 0.819512 0.855265 0.870791 0.840102 0.872314 0.000000 0.644788 0.913253 0.844367 0.718475 0.949212 0.933226 0.970353 0.927163 0.896036 0.888486 0.984615 0.947209 0.895737 0.664331 0.803039 0.832689 0.804065 0.834697 0.980129 0.857810 0.843491 0.767335 0.790802 0.856668 0.801632 0.985212 0.869353 0.839545 0.766237 0.948659 0.962329 0.772410 0.873100 0.780059 0.730114 0.776116 0.858030 0.878230 0.965531 0.877213 0.811914 0.853989 0.933640 0.879138 0.949241 0.913978 0.875047 0.940144 0.791040 0.871055 0.947646 0.910582 0.803671 0.960490 0.930020 0.826250 0.899127 0.959733 0.996072 0.885111 0.911848 0.948477 0.978267 0.940948 0.969567 0.951254 0.958012 0.718527 0.819397 0.955131 0.783869 0.877878 0.906301 0.995811 0.968820 0.964491 0.972966 0.981852 0.909393
0.748920 0.705195 0.931499 0.762091 0.917129 0.824679 0.965777 0.969245 0.969541 0.967191 0.871698 0.919183 0.838242 0.946305 0.913421 0.995841 0.900302 0.938935 0.917042 0.894150 0.975556 0.937566 0.899537 0.909017 0.799299 0.880009 0.932224 0.959432 0.904592 0.994346 0.891573 0.956561 0.740959 0.931420 0.942524 0.839695 0.644788 0.000000 0.919574 0.856573 0.794499 0.896011 0.957408 0.954809 0.955289 0.934396 0.977466 0.939595 0.962250 0.881705 0.829788 0.862597 0.965166 0.970834 0.863084 0.912299 0.795717 0.771860 0.875271 0.803547 0.891875 0.816677 0.942802 0.794618 0.898006 0.816056 0.979426 0.938742 0.794639 0.910326 0.746094 0.707729 0.940778 0.951268 0.863846 0.976116 0.820924 0.836713 0.946373 0.950557 0.918323 0.962761 0.964166 0.878630 0.992225 0.826006 0.992341 0.944385 0.991633 0.788033 0.906516 0.888419 0.950790 0.981900 0.956576 0.994528 0.970893 0.940168 0.976037 0.939120 0.941846 0.824986 0.963808 0.915932 0.780089 0.861971 0.901038 0.960536 0.923159 0.988565 0.986331 0.950030 0.973740 0.924376 0.987738 0.860410
