0.000000 0.156785 0.319527 0.278567 0.680397 0.548112 0.239858 0.191928 0.412709 0.333318 0.162183 0.137545 0.138735 0.223610 0.221432 0.228129 0.147436 0.127487 0.131875 0.144306 0.506261 0.875952 0.270783 0.458038 0.699927 0.686483 0.875020 0.880796 0.201478 0.147280 0.279978 0.349809 0.153768 0.155903 0.473542 0.640132 0.338724 0.394438 0.679953 0.633205 0.661676 0.506768 0.218055 0.184202 0.262578 0.198841 0.221839 0.211720 0.665834 0.352024 0.418849 0.318266 0.459648 0.524202 0.457957 0.479233 0.153862 0.146074 0.178716 0.178892 0.128751 0.169776 0.126541 0.129405 0.385862 0.275068 0.271908 0.266632 0.314675 0.195390 0.250970 0.260819 0.413077 0.404855 0.614478 0.574856 0.362229 0.296222 0.180951 0.184184 0.124664 0.172898 0.443220 0.318761 0.248535 0.444417 0.981213 0.872084 0.377034 0.496542 0.565989 0.673376 0.578602 0.775662 0.462915 0.458985 0.310398 0.533680 0.242435 0.240505 0.516826 0.613506 0.257654 0.277645 0.285548 0.288523 0.676896 0.575826 0.577132 0.364175 0.611704 0.328572 0.333311 0.490837 0.420429 0.973400
0.156785 0.000000 0.487938 0.406975 0.685066 0.585773 0.374882 0.249278 0.460659 0.371026 0.240663 0.133610 0.166352 0.170372 0.213081 0.217902 0.156933 0.125741 0.180738 0.169217 0.527909 0.907508 0.303424 0.445907 0.708190 0.776728 0.899921 0.937206 0.167553 0.169515 0.342823 0.402413 0.211624 0.236865 0.568343 0.639126 0.372842 0.452525 0.798913 0.675753 0.712227 0.431673 0.266673 0.232469 0.271627 0.227389 0.289733 0.245750 0.592033 0.386335 0.439026 0.346138 0.523382 0.601401 0.575503 0.573417 0.110996 0.098191 0.252235 0.240552 0.217201 0.218605 0.159985 0.125919 0.546847 0.434422 0.415274 0.389742 0.355584 0.246328 0.251134 0.274551 0.526223 0.530212 0.682786 0.578783 0.313541 0.280723 0.256235 0.225709 0.150497 0.211001 0.384186 0.318690 0.305973 0.458591 0.897392 0.840398 0.481283 0.536367 0.640303 0.712515 0.635094 0.856224 0.415719 0.493487 0.340690 0.456666 0.274321 0.254725 0.550494 0.737088 0.310075 0.284940 0.332386 0.317124 0.728538 0.593684 0.596606 0.433247 0.625171 0.358407 0.433721 0.427680 0.432164 0.882772
0.319527 0.487938 0.000000 0.139733 0.687307 0.554781 0.158478 0.234428 0.414679 0.393823 0.347815 0.380346 0.328622 0.462044 0.401989 0.393748 0.436676 0.395219 0.269732 0.333292 0.435581 0.844264 0.250578 0.423840 0.512776 0.392221 0.958991 0.909958 0.447540 0.342327 0.221701 0.347340 0.232308 0.262852 0.386408 0.675196 0.379662 0.471933 0.571434 0.574683 0.797090 0.669944 0.296626 0.295091 0.478086 0.416992 0.365067 0.318414 0.936004 0.561156 0.639891 0.534822 0.551137 0.479632 0.420976 0.528981 0.531258 0.502474 0.313394 0.322468 0.248131 0.341943 0.345071 0.389223 0.194742 0.177199 0.189339 0.223759 0.473049 0.298191 0.373886 0.400728 0.411808 0.417638 0.543728 0.770433 0.482178 0.460866 0.342042 0.441240 0.335336 0.282862 0.601705 0.367133 0.297803 0.427274 0.896023 0.942663 0.388998 0.453852 0.540794 0.624723 0.529901 0.704239 0.545473 0.602280 0.468897 0.700659 0.454254 0.416566 0.535284 0.456207 0.450658 0.365107 0.380050 0.403821 0.707591 0.634846 0.619057 0.443885 0.711611 0.592517 0.465221 0.657576 0.548157 0.960235
0.278567 0.406975 0.139733 0.000000 0.693599 0.477269 0.167095 0.160727 0.404009 0.303420 0.364739 0.288084 0.262238 0.326716 0.290079 0.276558 0.371809 0.326190 0.230820 0.281346 0.378950 0.773058 0.168814 0.321940 0.483927 0.386405 0.966284 0.998108 0.359617 0.266035 0.182865 0.270029 0.181272 0.199134 0.319407 0.623169 0.309540 0.439942 0.506382 0.566734 0.758548 0.563563 0.255831 0.258053 0.405814 0.366966 0.311250 0.259232 0.843093 0.492495 0.583106 0.467449 0.522553 0.479904 0.377656 0.489350 0.460750 0.414689 0.291902 0.294545 0.238227 0.277659 0.290018 0.294699 0.206104 0.178605 0.184840 0.192895 0.488860 0.282647 0.294627 0.359821 0.459237 0.538936 0.511555 0.702674 0.399221 0.395690 0.284221 0.386915 0.247475 0.197776 0.473767 0.269447 0.226666 0.321222 0.901002 0.975704 0.355731 0.373015 0.496401 0.571746 0.469573 0.675842 0.493422 0.507177 0.410109 0.646847 0.385866 0.314690 0.495723 0.484178 0.358626 0.316720 0.302653 0.322583 0.739182 0.601098 0.629557 0.415946 0.650232 0.470894 0.426904 0.539873 0.538929 0.939274
0.680397 0.685066 0.687307 0.693599 0.000000 0.805144 0.632827 0.616981 0.775229 0.670904 0.739034 0.707863 0.648342 0.706616 0.699032 0.675275 0.723071 0.706241 0.636964 0.756746 0.730213 0.916703 0.676606 0.732176 0.985980 0.983794 0.885916 0.822268 0.678321 0.731480 0.813774 0.870428 0.653729 0.702963 0.788624 0.782221 0.837837 0.653895 0.896239 0.786058 0.884193 0.685712 0.585682 0.607316 0.618315 0.652664 0.686504 0.654149 0.809068 0.779759 0.653306 0.643448 0.739082 0.665862 0.810334 0.842279 0.664193 0.726696 0.639486 0.654293 0.611454 0.620126 0.649092 0.650052 0.713378 0.670988 0.650085 0.648855 0.770567 0.738482 0.591536 0.684842 0.941303 0.911123 0.890755 0.973448 0.762847 0.816316 0.777207 0.796899 0.700096 0.740420 0.670589 0.711015 0.690239 0.727416 0.951039 0.931964 0.861863 0.746556 0.705195 0.698974 0.733345 0.763276 0.975513 0.817649 0.741166 0.825227 0.673344 0.612027 0.674439 0.691562 0.563433 0.572430 0.584321 0.720061 0.821484 0.729405 0.822103 0.886487 0.699841 0.726140 0.717125 0.693821 0.765794 0.950176
0.548112 0.585773 0.554781 0.477269 0.805144 0.000000 0.454874 0.405243 0.580093 0.426878 0.596058 0.516455 0.516692 0.582592 0.567361 0.547970 0.598986 0.541857 0.548906 0.550570 0.719485 0.872551 0.528976 0.728399 0.870816 0.616007 0.962982 0.738975 0.588138 0.567173 0.570370 0.626985 0.519674 0.523742 0.621276 0.843440 0.602091 0.821043 0.816023 0.725556 0.816796 0.562691 0.433858 0.522989 0.500772 0.534802 0.457999 0.517684 0.815911 0.707677 0.652030 0.596502 0.643422 0.671911 0.693314 0.639101 0.613369 0.623450 0.578235 0.605735 0.538860 0.567656 0.525941 0.530611 0.597357 0.528563 0.455180 0.462216 0.778104 0.622136 0.448907 0.470697 0.733689 0.818717 0.747868 0.778407 0.573387 0.551153 0.548741 0.674854 0.503059 0.535060 0.751624 0.587756 0.560463 0.720112 0.845576 0.791650 0.695652 0.709803 0.401653 0.461434 0.367822 0.579783 0.689552 0.697929 0.490969 0.722372 0.435900 0.432160 0.507288 0.514946 0.565131 0.471157 0.503640 0.488265 0.887855 0.554803 0.808674 0.595660 0.779965 0.504548 0.476228 0.724789 0.611044 0.967858
0.239858 0.374882 0.158478 0.167095 0.632827 0.454874 0.000000 0.135385 0.352290 0.235997 0.270820 0.280964 0.254701 0.366967 0.341014 0.337540 0.311065 0.283067 0.175523 0.268206 0.444611 0.833694 0.257432 0.505955 0.715193 0.579457 0.878648 0.845460 0.347643 0.271162 0.256571 0.349325 0.185777 0.177451 0.403522 0.657267 0.408019 0.449717 0.606616 0.563541 0.713828 0.548808 0.220373 0.188804 0.316918 0.292192 0.307569 0.237137 0.870593 0.540091 0.540656 0.453833 0.526275 0.432443 0.419238 0.581475 0.371111 0.382462 0.214153 0.270676 0.169130 0.283048 0.231321 0.272638 0.276165 0.193546 0.135342 0.145701 0.437024 0.287746 0.279070 0.275725 0.425162 0.456530 0.530689 0.689583 0.406728 0.346675 0.305220 0.386017 0.243579 0.244765 0.548600 0.363820 0.306265 0.492769 0.952798 0.798863 0.394119 0.551504 0.452412 0.504911 0.433034 0.604524 0.520847 0.514766 0.369597 0.605656 0.304745 0.281097 0.447769 0.352115 0.335171 0.266498 0.313274 0.300688 0.700535 0.542759 0.549748 0.372629 0.563203 0.431217 0.333297 0.504067 0.496263 0.934996
0.191928 0.249278 0.234428 0.160727 0.616981 0.405243 0.135385 0.000000 0.339199 0.186085 0.274510 0.175202 0.174847 0.225354 0.225952 0.220106 0.228383 0.199143 0.165655 0.203963 0.427387 0.794978 0.192215 0.398766 0.684324 0.600629 0.861668 0.947346 0.249681 0.190864 0.253325 0.321319 0.148742 0.145035 0.385233 0.582935 0.356867 0.405804 0.658889 0.554584 0.671895 0.480595 0.185754 0.179578 0.245050 0.244394 0.267169 0.219105 0.733265 0.445149 0.455282 0.360002 0.462674 0.438935 0.446436 0.533900 0.279931 0.269288 0.230646 0.251941 0.164468 0.188508 0.179477 0.160148 0.318908 0.222429 0.171316 0.184742 0.459869 0.256571 0.223156 0.270156 0.464913 0.535562 0.584590 0.622827 0.324801 0.262825 0.223436 0.346600 0.161611 0.178008 0.415524 0.290178 0.244811 0.403704 0.995710 0.830398 0.406838 0.453406 0.370622 0.439300 0.357400 0.577650 0.429654 0.392919 0.293370 0.506184 0.211743 0.176385 0.365850 0.432747 0.261589 0.208467 0.225052 0.254784 0.691919 0.478084 0.566833 0.344562 0.537407 0.336457 0.300483 0.413872 0.461816 0.963757
0.412709 0.460659 0.414679 0.404009 0.775229 0.580093 0.352290 0.339199 0.000000 0.356965 0.406276 0.383123 0.395280 0.480912 0.473866 0.428071 0.448551 0.426456 0.402020 0.375324 0.660308 0.960447 0.421483 0.632920 0.728416 0.708310 0.939718 0.835427 0.436544 0.404136 0.432887 0.533938 0.383337 0.394467 0.550826 0.744168 0.484851 0.559443 0.844272 0.772247 0.786727 0.740068 0.414029 0.396057 0.451820 0.449723 0.454676 0.441798 0.881091 0.607984 0.604439 0.539016 0.667860 0.641398 0.642187 0.691145 0.450799 0.469687 0.455269 0.461050 0.345501 0.350817 0.430561 0.428677 0.429968 0.375924 0.413005 0.408488 0.445600 0.449289 0.403989 0.501956 0.368564 0.396776 0.705716 0.606032 0.464998 0.393594 0.528456 0.497965 0.433781 0.458122 0.664681 0.567933 0.509784 0.662469 0.950085 0.712498 0.617676 0.680599 0.539541 0.541830 0.536617 0.608552 0.610124 0.535524 0.587765 0.806960 0.377710 0.393121 0.508720 0.517217 0.516523 0.381087 0.479864 0.486829 0.761859 0.578746 0.659475 0.544249 0.523669 0.554900 0.434029 0.687226 0.586817 0.872013
0.333318 0.371026 0.393823 0.303420 0.670904 0.426878 0.235997 0.186085 0.356965 0.000000 0.332443 0.285518 0.320878 0.357339 0.359616 0.346701 0.308891 0.306274 0.294799 0.343859 0.553287 0.775357 0.357040 0.569320 0.857784 0.687829 0.855901 0.946515 0.349546 0.293712 0.389853 0.425696 0.278443 0.268250 0.419393 0.653570 0.500491 0.517974 0.745369 0.625321 0.770471 0.489170 0.316194 0.318507 0.356224 0.378982 0.452370 0.352749 0.846448 0.588277 0.561121 0.474998 0.593611 0.527396 0.575130 0.608099 0.386931 0.415759 0.361439 0.402192 0.295613 0.303310 0.317805 0.286194 0.449227 0.314963 0.297657 0.319098 0.474723 0.347911 0.339838 0.359079 0.429752 0.527949 0.621978 0.542593 0.397658 0.287721 0.381445 0.424188 0.269508 0.308151 0.542800 0.389001 0.446666 0.610380 0.976446 0.730773 0.553562 0.646772 0.398381 0.416618 0.372157 0.520209 0.562922 0.415216 0.385574 0.577694 0.257709 0.246746 0.426078 0.398994 0.379704 0.262414 0.362873 0.349651 0.721727 0.493314 0.680770 0.451155 0.591727 0.411117 0.371046 0.439275 0.535299 0.988522
0.162183 0.240663 0.347815 0.364739 0.739034 0.596058 0.270820 0.274510 0.406276 0.332443 0.000000 0.167971 0.178757 0.270496 0.279237 0.254906 0.155969 0.149473 0.164765 0.158852 0.516648 0.952560 0.348216 0.493003 0.788738 0.723359 0.893095 0.815532 0.212084 0.156405 0.318486 0.343053 0.216044 0.193902 0.571326 0.686752 0.458862 0.483853 0.778266 0.646886 0.600854 0.579542 0.323781 0.261402 0.433067 0.343954 0.353743 0.315775 0.913693 0.568121 0.620868 0.531193 0.624948 0.687825 0.593211 0.663539 0.189600 0.234946 0.265548 0.309473 0.174657 0.244956 0.169520 0.193747 0.461903 0.307941 0.337073 0.371543 0.264352 0.251387 0.318127 0.314815 0.359011 0.373741 0.689025 0.566364 0.403621 0.296356 0.242857 0.206250 0.195244 0.241443 0.445975 0.372370 0.393760 0.583398 0.941309 0.806080 0.489864 0.674364 0.690554 0.788303 0.715416 0.871540 0.526096 0.580638 0.428599 0.631056 0.378361 0.358884 0.601639 0.593190 0.358732 0.308840 0.424491 0.366747 0.722770 0.693908 0.650466 0.439146 0.680429 0.465484 0.435168 0.511938 0.484253 0.978177
0.137545 0.133610 0.380346 0.288084 0.707863 0.516455 0.280964 0.175202 0.383123 0.285518 0.167971 0.000000 0.113268 0.124439 0.147950 0.135884 0.113675 0.085394 0.136769 0.121093 0.493781 0.841086 0.234402 0.371258 0.703109 0.707858 0.902778 0.983127 0.124854 0.093237 0.283816 0.306727 0.149269 0.165778 0.516970 0.649888 0.361217 0.438150 0.731718 0.598785 0.639663 0.466636 0.257189 0.210340 0.309647 0.256153 0.277033 0.251705 0.698711 0.444978 0.501420 0.399666 0.558035 0.605855 0.535815 0.596836 0.137197 0.137991 0.250327 0.251861 0.163852 0.157745 0.115596 0.091722 0.458224 0.309824 0.337051 0.335264 0.341885 0.211511 0.230348 0.269411 0.454440 0.501681 0.664754 0.533945 0.296628 0.225159 0.177512 0.204488 0.118449 0.159934 0.322470 0.258497 0.277099 0.419892 0.948646 0.868422 0.438515 0.528983 0.599360 0.685968 0.606849 0.829363 0.391917 0.456835 0.362571 0.493999 0.267772 0.235559 0.525692 0.640996 0.281367 0.245475 0.292051 0.296835 0.739343 0.602582 0.620913 0.370122 0.589079 0.351292 0.370738 0.403301 0.447212 0.957166
0.138735 0.166352 0.328622 0.262238 0.648342 0.516692 0.254701 0.174847 0.395280 0.320878 0.178757 0.113268 0.000000 0.128177 0.115247 0.124413 0.155934 0.124993 0.146941 0.164185 0.427725 0.850764 0.177778 0.309150 0.655777 0.672531 0.943480 0.941528 0.158451 0.122189 0.244482 0.308506 0.159374 0.176044 0.527708 0.670589 0.314400 0.383489 0.701961 0.612522 0.632955 0.469621 0.238560 0.197401 0.317550 0.268537 0.254426 0.230154 0.734302 0.447376 0.502816 0.390829 0.554715 0.574632 0.529410 0.591380 0.164506 0.166033 0.248332 0.260469 0.141232 0.167697 0.111474 0.107615 0.367763 0.286920 0.313209 0.326563 0.410900 0.264317 0.226015 0.281661 0.484400 0.505519 0.674624 0.560741 0.359765 0.262944 0.201519 0.235710 0.137711 0.176530 0.309033 0.268425 0.216948 0.358492 0.958666 0.933383 0.408161 0.454625 0.603774 0.684373 0.609495 0.826168 0.408188 0.454384 0.360160 0.508901 0.301309 0.265028 0.550622 0.612114 0.261094 0.251336 0.299771 0.269365 0.710776 0.581642 0.595157 0.378622 0.623685 0.388613 0.402353 0.429556 0.445580 0.996040
0.223610 0.170372 0.462044 0.326716 0.706616 0.582592 0.366967 0.225354 0.480912 0.357339 0.270496 0.124439 0.128177 0.000000 0.115682 0.107097 0.186763 0.151063 0.205506 0.202169 0.457297 0.798665 0.190064 0.264625 0.669066 0.729065 0.926522 0.941648 0.135595 0.133445 0.282174 0.292596 0.194531 0.222750 0.524341 0.668764 0.376935 0.450840 0.734127 0.611620 0.682608 0.456886 0.306319 0.265550 0.367566 0.327773 0.314572 0.276651 0.694566 0.489262 0.545345 0.454911 0.590726 0.638108 0.562237 0.637208 0.188571 0.186545 0.320126 0.330394 0.225101 0.212268 0.152579 0.115689 0.468434 0.367379 0.393994 0.401968 0.466761 0.322559 0.271291 0.367798 0.588122 0.667698 0.751064 0.584768 0.335486 0.256169 0.243181 0.280781 0.173970 0.193588 0.230337 0.268196 0.246066 0.319376 0.920440 0.999553 0.484446 0.474040 0.678396 0.754996 0.686017 0.924191 0.406647 0.477419 0.419156 0.466834 0.365958 0.296966 0.581660 0.714432 0.289992 0.296299 0.334248 0.297980 0.795382 0.639927 0.636757 0.433026 0.618705 0.403625 0.467161 0.418017 0.483808 0.979274
0.221432 0.213081 0.401989 0.290079 0.699032 0.567361 0.341014 0.225952 0.473866 0.359616 0.279237 0.147950 0.115247 0.115682 0.000000 0.121357 0.214401 0.176962 0.222593 0.230341 0.418536 0.790315 0.174102 0.276992 0.618331 0.656252 0.981174 0.986635 0.195844 0.154707 0.270360 0.311428 0.208165 0.238533 0.519223 0.716516 0.316830 0.433691 0.732941 0.580005 0.681716 0.489311 0.297467 0.248863 0.361953 0.316201 0.317046 0.261786 0.698769 0.462699 0.529840 0.412016 0.572514 0.585098 0.521421 0.590830 0.229109 0.213427 0.329469 0.323649 0.211715 0.198640 0.177614 0.146068 0.384532 0.323034 0.388699 0.396726 0.487657 0.325456 0.276256 0.345219 0.547748 0.619921 0.730637 0.589530 0.366005 0.281113 0.239973 0.289296 0.185735 0.197797 0.297274 0.280072 0.223374 0.308547 0.863162 0.939656 0.412544 0.399321 0.645337 0.715473 0.645528 0.880695 0.397475 0.435584 0.396653 0.517753 0.344785 0.286840 0.582284 0.677409 0.294492 0.287777 0.317139 0.303667 0.720746 0.581627 0.641434 0.444888 0.667415 0.395881 0.455595 0.438214 0.487921 0.972236
0.228129 0.217902 0.393748 0.276558 0.675275 0.547970 0.337540 0.220106 0.428071 0.346701 0.254906 0.135884 0.124413 0.107097 0.121357 0.000000 0.199758 0.157908 0.196062 0.203922 0.432233 0.818711 0.159740 0.253954 0.617165 0.658764 0.985230 0.972324 0.152585 0.134402 0.248855 0.270526 0.183281 0.212616 0.538498 0.718868 0.334592 0.452749 0.673601 0.537035 0.689794 0.440531 0.294447 0.246587 0.397123 0.345411 0.310590 0.282843 0.761231 0.506667 0.578556 0.473857 0.611035 0.639511 0.564180 0.634972 0.224517 0.216152 0.322828 0.331050 0.207423 0.198759 0.166638 0.129634 0.405418 0.307790 0.362665 0.383248 0.429617 0.304653 0.258919 0.323766 0.549622 0.641735 0.706751 0.585785 0.358409 0.247505 0.231613 0.271172 0.173464 0.184293 0.237606 0.236348 0.243201 0.296361 0.927812 0.970687 0.462632 0.432849 0.660684 0.734754 0.664521 0.885976 0.426408 0.456358 0.447447 0.519335 0.379690 0.319273 0.596759 0.649959 0.277591 0.280549 0.314896 0.285170 0.750230 0.685720 0.660070 0.442508 0.713256 0.429228 0.482010 0.442987 0.497291 0.992823
0.147436 0.156933 0.436676 0.371809 0.723071 0.598986 0.311065 0.228383 0.448551 0.308891 0.155969 0.113675 0.155934 0.186763 0.214401 0.199758 0.000000 0.095201 0.151160 0.146419 0.520650 0.842232 0.323451 0.465211 0.777407 0.777850 0.902651 0.893408 0.132304 0.113650 0.339467 0.328986 0.193864 0.162373 0.572234 0.674035 0.408096 0.481422 0.770194 0.616864 0.618705 0.483794 0.312970 0.236942 0.348676 0.291969 0.314089 0.285843 0.767671 0.495306 0.570336 0.447146 0.629323 0.661004 0.593320 0.637125 0.130499 0.145054 0.246941 0.260907 0.193654 0.207985 0.136699 0.122133 0.528564 0.354886 0.368287 0.358100 0.305836 0.216249 0.292292 0.295841 0.430134 0.466920 0.677850 0.511446 0.337718 0.267910 0.178923 0.174278 0.123700 0.178918 0.389612 0.302500 0.350456 0.504222 0.976566 0.857170 0.490840 0.607025 0.676535 0.740327 0.672033 0.839526 0.421133 0.475285 0.377818 0.480612 0.315569 0.264690 0.604142 0.651914 0.294230 0.271625 0.351007 0.309526 0.756536 0.648380 0.648913 0.392784 0.607363 0.366352 0.442275 0.364339 0.517104 0.864407
0.127487 0.125741 0.395219 0.326190 0.706241 0.541857 0.283067 0.199143 0.426456 0.306274 0.149473 0.085394 0.124993 0.151063 0.176962 0.157908 0.095201 0.000000 0.122324 0.113831 0.476539 0.872948 0.271093 0.414297 0.736105 0.749346 0.888277 0.943398 0.119295 0.096738 0.305939 0.316514 0.158030 0.158330 0.544727 0.680244 0.387825 0.452197 0.748565 0.590311 0.656636 0.462830 0.269233 0.202651 0.325470 0.258176 0.284604 0.249372 0.743195 0.469283 0.540467 0.424474 0.582844 0.621411 0.545347 0.619890 0.116065 0.124216 0.240400 0.244893 0.167259 0.191269 0.107930 0.094399 0.487656 0.338832 0.343924 0.346861 0.303253 0.210722 0.242950 0.244774 0.455584 0.482581 0.649705 0.565979 0.295542 0.223396 0.170463 0.175417 0.106222 0.154976 0.351296 0.271997 0.304701 0.456185 0.965459 0.833496 0.468399 0.564752 0.621846 0.700550 0.619917 0.826077 0.414555 0.466135 0.372653 0.499793 0.292450 0.248898 0.575357 0.644113 0.274126 0.258905 0.305053 0.294426 0.745540 0.653828 0.629589 0.383404 0.632802 0.346479 0.386983 0.386494 0.450408 0.931863
0.131875 0.180738 0.269732 0.230820 0.636964 0.548906 0.175523 0.165655 0.402020 0.294799 0.164765 0.136769 0.146941 0.205506 0.222593 0.196062 0.151160 0.122324 0.000000 0.130771 0.444202 0.845914 0.231163 0.400462 0.660420 0.672207 0.878052 0.837567 0.172735 0.130001 0.234176 0.276514 0.141092 0.126652 0.453881 0.633285 0.379448 0.409871 0.625682 0.571619 0.703688 0.483178 0.216883 0.167131 0.315158 0.262915 0.268415 0.195755 0.792253 0.457846 0.533525 0.422990 0.563752 0.543931 0.493325 0.640615 0.184180 0.199130 0.197079 0.212789 0.131903 0.207458 0.121148 0.138428 0.386404 0.253534 0.248105 0.244606 0.297192 0.202532 0.208797 0.237412 0.424237 0.447714 0.572178 0.584526 0.341857 0.266518 0.207634 0.202270 0.130751 0.154106 0.375068 0.271211 0.279045 0.429858 0.974348 0.831340 0.417250 0.557387 0.612422 0.702361 0.615410 0.812377 0.465617 0.492091 0.356782 0.510611 0.309800 0.267371 0.552831 0.561386 0.288951 0.242373 0.306782 0.278516 0.659277 0.623275 0.555724 0.367408 0.580658 0.368325 0.403987 0.448011 0.459068 0.952179
0.144306 0.169217 0.333292 0.281346 0.756746 0.550570 0.268206 0.203963 0.375324 0.343859 0.158852 0.121093 0.164185 0.202169 0.230341 0.203922 0.146419 0.113831 0.130771 0.000000 0.443985 0.876512 0.268923 0.386533 0.643173 0.654219 0.900189 0.909343 0.168539 0.117551 0.255903 0.257632 0.170344 0.153041 0.517557 0.647472 0.384681 0.470321 0.738879 0.636506 0.645937 0.556355 0.258853 0.216847 0.356943 0.281244 0.288184 0.264895 0.790347 0.464745 0.566702 0.463940 0.584914 0.634331 0.532273 0.606793 0.176119 0.177990 0.256827 0.253016 0.190055 0.213609 0.154132 0.148647 0.462000 0.322626 0.320438 0.319464 0.283247 0.216158 0.243497 0.271369 0.365501 0.400252 0.663427 0.571664 0.337300 0.244324 0.189498 0.174551 0.135854 0.155529 0.410020 0.306114 0.323795 0.466172 0.941415 0.860883 0.426345 0.584446 0.646042 0.746683 0.649363 0.867599 0.434199 0.529984 0.398894 0.584525 0.332435 0.289019 0.554475 0.649537 0.334414 0.288142 0.345042 0.305831 0.699290 0.658187 0.573530 0.371234 0.613946 0.390834 0.425346 0.458893 0.454199 0.941761
0.506261 0.527909 0.435581 0.378950 0.730213 0.719485 0.444611 0.427387 0.660308 0.553287 0.516648 0.493781 0.427725 0.457297 0.418536 0.432233 0.520650 0.476539 0.444202 0.443985 0.000000 0.769409 0.372639 0.429474 0.546303 0.588948 0.969044 0.982116 0.517026 0.463324 0.403577 0.533662 0.452766 0.427930 0.595558 0.779991 0.472610 0.502290 0.676495 0.661737 0.689823 0.632599 0.462600 0.433504 0.624109 0.559799 0.495725 0.460687 0.928176 0.643840 0.765946 0.674434 0.801734 0.673503 0.525105 0.707610 0.560623 0.518266 0.503069 0.519792 0.487193 0.516589 0.467026 0.460145 0.473664 0.520467 0.488316 0.512229 0.646639 0.559971 0.450944 0.497390 0.647759 0.745283 0.748513 0.850810 0.533874 0.517734 0.496172 0.526754 0.461179 0.416585 0.521262 0.489727 0.435498 0.540505 0.988158 0.997778 0.647030 0.528068 0.696599 0.745034 0.675510 0.866020 0.589822 0.593341 0.540182 0.739293 0.652039 0.527616 0.736886 0.657744 0.479574 0.489946 0.490706 0.418160 0.831331 0.733750 0.566947 0.584747 0.827916 0.665343 0.571618 0.632871 0.622741 0.898170
0.875952 0.907508 0.844264 0.773058 0.916703 0.872551 0.833694 0.794978 0.960447 0.775357 0.952560 0.841086 0.850764 0.798665 0.790315 0.818711 0.842232 0.872948 0.845914 0.876512 0.769409 0.000000 0.741031 0.794206 0.972040 0.891812 0.900215 0.944898 0.815483 0.821453 0.814721 0.769481 0.829684 0.819474 0.843529 0.809533 0.755343 0.772303 0.891031 0.783156 0.896900 0.804663 0.783944 0.807844 0.845343 0.894878 0.933356 0.884934 0.881199 0.903950 0.927958 0.847435 0.905493 0.779709 0.862979 0.960032 0.935186 0.950763 0.888675 0.950912 0.900210 0.914543 0.887954 0.861363 0.841510 0.853521 0.833103 0.846383 0.989037 0.852290 0.791586 0.834017 0.878666 0.963292 0.838069 0.737592 0.867443 0.833287 0.861806 0.836050 0.867537 0.852423 0.814224 0.821243 0.825967 0.799202 0.972549 0.809749 0.817565 0.868796 0.911476 0.930013 0.911004 0.894862 0.821802 0.780618 0.956401 0.890273 0.814698 0.783112 0.817319 0.771165 0.820684 0.729561 0.823520 0.748119 0.988095 0.842465 0.934555 0.881263 0.874673 0.846307 0.895324 0.867872 0.833304 0.937588
0.270783 0.303424 0.250578 0.168814 0.676606 0.528976 0.257432 0.192215 0.421483 0.357040 0.348216 0.234402 0.177778 0.190064 0.174102 0.159740 0.323451 0.271093 0.231163 0.268923 0.372639 0.741031 0.000000 0.206389 0.482005 0.473020 0.973392 0.983317 0.267053 0.227204 0.158822 0.240226 0.183455 0.219957 0.414885 0.641165 0.276184 0.405669 0.578351 0.552932 0.788405 0.461297 0.267735 0.256679 0.406285 0.366484 0.313528 0.276450 0.803850 0.505503 0.589605 0.468338 0.531721 0.527699 0.454628 0.572238 0.364115 0.333955 0.328270 0.331861 0.226604 0.252383 0.228013 0.224746 0.245734 0.233435 0.283639 0.303105 0.522764 0.335182 0.247475 0.358221 0.528882 0.626968 0.664901 0.710261 0.389904 0.313892 0.294767 0.360436 0.211597 0.188782 0.314648 0.232935 0.158596 0.217950 0.934250 0.919064 0.350040 0.363211 0.602370 0.677037 0.587300 0.825924 0.437598 0.448096 0.423799 0.574226 0.408267 0.339863 0.557366 0.612375 0.334097 0.306398 0.356270 0.278148 0.750339 0.588487 0.648178 0.466062 0.713194 0.461380 0.476576 0.543403 0.484794 0.995368
0.458038 0.445907 0.423840 0.321940 0.732176 0.728399 0.505955 0.398766 0.632920 0.569320 0.493003 0.371258 0.309150 0.264625 0.276992 0.253954 0.465211 0.414297 0.400462 0.386533 0.429474 0.794206 0.206389 0.000000 0.393295 0.518695 0.999826 0.891846 0.354045 0.334736 0.292895 0.296396 0.331835 0.378536 0.530838 0.729570 0.407369 0.541756 0.600759 0.650455 0.876712 0.601530 0.483607 0.469368 0.640479 0.595597 0.490895 0.480770 0.881645 0.682159 0.785777 0.688610 0.734207 0.774048 0.598221 0.708112 0.509466 0.469980 0.550705 0.540959 0.430279 0.412760 0.379476 0.370854 0.413593 0.410618 0.502864 0.558028 0.642178 0.476244 0.430124 0.576286 0.642081 0.763176 0.819751 0.742837 0.535004 0.452403 0.419906 0.471377 0.361235 0.305141 0.306616 0.302595 0.293004 0.229798 0.835813 0.738136 0.484172 0.407222 0.838857 0.932276 0.826506 0.933713 0.520704 0.608982 0.635755 0.616278 0.661228 0.550947 0.718904 0.851839 0.535570 0.487470 0.512977 0.496083 0.877169 0.780137 0.737070 0.653934 0.822385 0.624826 0.732188 0.615470 0.653236 0.907309
0.699927 0.708190 0.512776 0.483927 0.985980 0.870816 0.715193 0.684324 0.728416 0.857784 0.788738 0.703109 0.655777 0.669066 0.618331 0.617165 0.777407 0.736105 0.660420 0.643173 0.546303 0.972040 0.482005 0.393295 0.000000 0.340120 0.888711 0.865521 0.713138 0.666413 0.432557 0.579309 0.623376 0.668860 0.561193 0.836820 0.534414 0.756644 0.536118 0.857823 0.908285 0.862800 0.696335 0.729272 0.860366 0.782448 0.631312 0.679845 0.972859 0.735777 0.954275 0.805387 0.877325 0.904141 0.652234 0.746970 0.842461 0.715874 0.764065 0.665994 0.709916 0.688332 0.742569 0.726185 0.508003 0.592084 0.715574 0.704248 0.716697 0.692493 0.678043 0.726120 0.602568 0.707706 0.800440 0.976862 0.721888 0.772033 0.675692 0.666475 0.652067 0.561347 0.751910 0.584041 0.534873 0.452542 0.970630 0.902635 0.695683 0.513721 0.942088 0.990274 0.872897 0.940487 0.704563 0.813303 0.786089 0.874809 0.874930 0.835635 0.948843 0.999559 0.913270 0.785206 0.721740 0.748187 0.881502 0.920438 0.770538 0.752459 0.950531 0.859084 0.899903 0.911837 0.806406 0.903435
0.686483 0.776728 0.392221 0.386405 0.983794 0.616007 0.579457 0.600629 0.708310 0.687829 0.723359 0.707858 0.672531 0.729065 0.656252 0.658764 0.777850 0.749346 0.672207 0.654219 0.588948 0.891812 0.473020 0.518695 0.340120 0.000000 0.787407 0.752387 0.737278 0.678160 0.402943 0.517734 0.558839 0.595475 0.408069 0.755121 0.550252 0.837977 0.546538 0.710126 0.945002 0.779940 0.571834 0.628781 0.761047 0.678307 0.519435 0.585255 0.890779 0.673270 0.822341 0.711126 0.652861 0.736334 0.524413 0.538662 0.890619 0.791876 0.620684 0.588151 0.635634 0.640689 0.719212 0.744670 0.363439 0.410285 0.513375 0.496794 0.739656 0.627954 0.711415 0.702148 0.557985 0.653730 0.666578 0.901603 0.695632 0.758871 0.660262 0.671419 0.620857 0.541382 0.823617 0.586738 0.479732 0.468073 0.978001 0.861371 0.559358 0.453344 0.821097 0.890499 0.742742 0.956565 0.664838 0.802037 0.707771 0.872035 0.776827 0.705516 0.807691 0.825781 0.804935 0.682033 0.719616 0.696834 0.823829 0.851516 0.842665 0.702480 0.951650 0.801466 0.734828 0.926900 0.659783 0.991840
0.875020 0.899921 0.958991 0.966284 0.885916 0.962982 0.878648 0.861668 0.939718 0.855901 0.893095 0.902778 0.943480 0.926522 0.981174 0.985230 0.902651 0.888277 0.878052 0.900189 0.969044 0.900215 0.973392 0.999826 0.888711 0.787407 0.000000 0.849948 0.948401 0.911298 0.928437 0.943149 0.917155 0.932374 0.912808 0.907914 0.960734 0.860030 0.908535 0.903461 0.844728 0.965379 0.983269 0.992356 0.915445 0.913432 0.988212 0.934194 0.969637 0.964583 0.853051 0.947874 0.958302 0.957619 0.935482 0.962248 0.896763 0.953796 0.927190 0.944505 0.887149 0.857599 0.882024 0.872767 0.971162 0.960170 0.917802 0.936000 0.922290 0.985952 0.953164 0.911686 0.941540 0.952311 0.968602 0.871340 0.943607 0.848568 0.949809 0.961477 0.907403 0.902096 0.921267 0.967413 0.978062 0.974890 0.963067 0.904776 0.880200 0.924405 0.765244 0.813961 0.818701 0.808596 0.932247 0.868147 0.883607 0.895252 0.830158 0.866158 0.918523 0.992257 0.841212 0.981787 0.785256 0.989865 0.903867 0.922630 0.790569 0.758912 0.836629 0.919165 0.808979 0.993123 0.986356 0.895466
0.880796 0.937206 0.909958 0.998108 0.822268 0.738975 0.845460 0.947346 0.835427 0.946515 0.815532 0.983127 0.941528 0.941648 0.986635 0.972324 0.893408 0.943398 0.837567 0.909343 0.982116 0.944898 0.983317 0.891846 0.865521 0.752387 0.849948 0.000000 0.958076 0.934385 0.995784 0.996552 0.990686 0.865900 0.938792 0.953493 0.929994 0.866898 0.851940 0.900464 0.919241 0.994269 0.954384 0.921937 0.909300 0.921008 0.943988 0.878143 0.889818 0.904948 0.951065 0.918379 0.970757 0.870956 0.990666 0.889811 0.871492 0.939201 0.914376 0.942829 0.859894 0.931079 0.945778 0.963935 0.970849 0.955008 0.886935 0.920084 0.875999 0.894350 0.894678 0.870384 0.813856 0.765082 0.997779 0.974827 0.983139 0.984867 0.977391 0.882038 0.954534 0.988505 0.960557 0.981435 0.979654 0.891881 0.996047 0.979792 0.911514 0.927295 0.978424 0.976180 0.977409 0.919862 0.993756 0.935039 0.981837 0.877034 0.920111 0.996543 0.822523 0.880642 0.864310 0.946934 0.979265 0.938098 0.814162 0.957829 0.965371 0.924422 0.785950 0.920995 0.992579 0.959075 0.949560 0.998682
0.201478 0.167553 0.447540 0.359617 0.678321 0.588138 0.347643 0.249681 0.436544 0.349546 0.212084 0.124854 0.158451 0.135595 0.195844 0.152585 0.132304 0.119295 0.172735 0.168539 0.517026 0.815483 0.267053 0.354045 0.713138 0.737278 0.948401 0.958076 0.000000 0.118201 0.304648 0.284161 0.177074 0.181737 0.567110 0.689046 0.419544 0.529840 0.720130 0.587656 0.711363 0.462462 0.321657 0.256317 0.394183 0.329068 0.301527 0.261646 0.746292 0.523057 0.580666 0.467770 0.626725 0.655925 0.575953 0.648172 0.161332 0.183740 0.288439 0.306012 0.206874 0.213972 0.141835 0.129948 0.501385 0.347601 0.370425 0.370961 0.334240 0.237056 0.287349 0.352069 0.481461 0.536330 0.697828 0.562575 0.350862 0.255317 0.207815 0.210854 0.141743 0.188552 0.329253 0.273375 0.308335 0.398119 0.997726 0.928934 0.509810 0.534469 0.717528 0.779223 0.703105 0.922568 0.402545 0.532571 0.459554 0.500547 0.374680 0.297229 0.587999 0.654487 0.296606 0.267501 0.348549 0.327762 0.805410 0.745162 0.712795 0.454456 0.590611 0.440485 0.484110 0.356853 0.484833 0.926541
0.147280 0.169515 0.342327 0.266035 0.731480 0.567173 0.271162 0.190864 0.404136 0.293712 0.156405 0.093237 0.122189 0.133445 0.154707 0.134402 0.113650 0.096738 0.130001 0.117551 0.463324 0.821453 0.227204 0.334736 0.666413 0.678160 0.911298 0.934385 0.118201 0.000000 0.248467 0.238847 0.147340 0.140940 0.507861 0.684010 0.341243 0.463516 0.712186 0.582908 0.683074 0.505033 0.290535 0.221663 0.372869 0.295539 0.302805 0.246308 0.798132 0.484193 0.574916 0.456328 0.598026 0.619601 0.524996 0.593927 0.170351 0.171707 0.251781 0.263848 0.162910 0.175669 0.124944 0.105980 0.431104 0.284409 0.319484 0.328906 0.305997 0.201430 0.269543 0.298668 0.430114 0.471117 0.621127 0.543229 0.347731 0.232751 0.153769 0.178576 0.116273 0.139689 0.338167 0.240157 0.289796 0.395658 0.901267 0.941905 0.432035 0.542364 0.670461 0.753604 0.674189 0.878839 0.399998 0.489400 0.419786 0.516986 0.346435 0.277594 0.582098 0.630230 0.298628 0.261263 0.326198 0.278338 0.733379 0.686103 0.639488 0.356473 0.641949 0.390043 0.432011 0.404913 0.487474 0.978778
0.279978 0.342823 0.221701 0.182865 0.813774 0.570370 0.256571 0.253325 0.432887 0.389853 0.318486 0.283816 0.244482 0.282174 0.270360 0.248855 0.339467 0.305939 0.234176 0.255903 0.403577 0.814721 0.158822 0.292895 0.432557 0.402943 0.928437 0.995784 0.304648 0.248467 0.000000 0.200438 0.194280 0.219402 0.425121 0.690661 0.310525 0.495083 0.537307 0.616883 0.768546 0.591643 0.290770 0.275927 0.462038 0.398293 0.334146 0.298025 0.868900 0.544985 0.653039 0.541859 0.555410 0.578684 0.452020 0.557231 0.395449 0.365273 0.318993 0.329072 0.246326 0.301685 0.281479 0.293160 0.279790 0.227392 0.285703 0.299042 0.415064 0.318703 0.322848 0.363454 0.398213 0.488803 0.613211 0.707204 0.441816 0.350367 0.331311 0.304771 0.252806 0.217438 0.438079 0.289137 0.238322 0.323734 0.917407 0.976852 0.336493 0.458193 0.710925 0.792160 0.683094 0.889743 0.491857 0.567555 0.401479 0.641576 0.480849 0.429566 0.616435 0.580708 0.453360 0.378917 0.438831 0.330988 0.673611 0.673610 0.664344 0.456133 0.755461 0.542301 0.528418 0.567916 0.538012 0.990253
0.349809 0.402413 0.347340 0.270029 0.870428 0.626985 0.349325 0.321319 0.533938 0.425696 0.343053 0.306727 0.308506 0.292596 0.311428 0.270526 0.328986 0.316514 0.276514 0.257632 0.533662 0.769481 0.240226 0.296396 0.579309 0.517734 0.943149 0.996552 0.284161 0.238847 0.200438 0.000000 0.268779 0.226218 0.526215 0.693527 0.443948 0.625336 0.602946 0.611161 0.834515 0.667230 0.386058 0.349267 0.563334 0.503067 0.443015 0.348277 0.988328 0.676407 0.782513 0.675156 0.682697 0.702780 0.564199 0.681759 0.417799 0.431832 0.398707 0.432816 0.327765 0.378017 0.294418 0.321105 0.422563 0.306181 0.348404 0.380253 0.475063 0.354760 0.416306 0.473541 0.482452 0.572301 0.634428 0.643553 0.518431 0.367729 0.295252 0.320268 0.260095 0.231395 0.393469 0.261001 0.334902 0.339434 0.864757 0.907759 0.395184 0.544560 0.824799 0.936708 0.812133 0.961909 0.539348 0.619969 0.553010 0.649293 0.588286 0.481641 0.701816 0.694536 0.500121 0.402151 0.540424 0.401885 0.770382 0.833949 0.762067 0.512488 0.749880 0.574561 0.666245 0.557137 0.606812 0.942700
0.153768 0.211624 0.232308 0.181272 0.653729 0.519674 0.185777 0.148742 0.383337 0.278443 0.216044 0.149269 0.159374 0.194531 0.208165 0.183281 0.193864 0.158030 0.141092 0.170344 0.452766 0.829684 0.183455 0.331835 0.623376 0.558839 0.917155 0.990686 0.177074 0.147340 0.194280 0.268779 0.000000 0.128414 0.397898 0.601061 0.331545 0.414300 0.622727 0.512130 0.748971 0.492143 0.213661 0.181120 0.313017 0.246351 0.251784 0.226486 0.727382 0.464683 0.504852 0.409914 0.511885 0.504024 0.415993 0.486482 0.237342 0.219252 0.184956 0.221493 0.138157 0.188863 0.139773 0.148539 0.304824 0.200577 0.216823 0.208882 0.351687 0.177261 0.237626 0.268441 0.415076 0.487152 0.585643 0.657631 0.313280 0.249918 0.193823 0.225448 0.125511 0.130805 0.382921 0.237451 0.202311 0.326615 0.932025 0.933240 0.342732 0.443232 0.571805 0.623363 0.552827 0.756687 0.413004 0.472551 0.371861 0.521989 0.290945 0.243708 0.505287 0.481962 0.273830 0.213717 0.275546 0.311884 0.733810 0.597429 0.640003 0.381225 0.630450 0.365713 0.393823 0.413004 0.464497 0.994210
0.155903 0.236865 0.262852 0.199134 0.702963 0.523742 0.177451 0.145035 0.394467 0.268250 0.193902 0.165778 0.176044 0.222750 0.238533 0.212616 0.162373 0.158330 0.126652 0.153041 0.427930 0.819474 0.219957 0.378536 0.668860 0.595475 0.932374 0.865900 0.181737 0.140940 0.219402 0.226218 0.128414 0.000000 0.393798 0.611113 0.337390 0.429025 0.596423 0.533910 0.705743 0.491665 0.234713 0.197693 0.321027 0.271774 0.264705 0.219407 0.792318 0.471942 0.536947 0.430146 0.510993 0.524169 0.424436 0.540433 0.229036 0.229127 0.189373 0.228051 0.143434 0.194610 0.138549 0.152295 0.321445 0.200976 0.188534 0.200764 0.342146 0.193441 0.268592 0.284277 0.410669 0.492170 0.606350 0.616515 0.337373 0.265231 0.179748 0.216150 0.119263 0.129547 0.382243 0.238032 0.227263 0.363172 0.972386 0.913672 0.361999 0.482091 0.563726 0.649555 0.546817 0.758977 0.430328 0.454176 0.347216 0.501683 0.314569 0.245308 0.487609 0.495914 0.249558 0.214048 0.302458 0.268250 0.723173 0.595083 0.641818 0.392747 0.614934 0.358406 0.382231 0.394073 0.475242 0.967502
0.473542 0.568343 0.386408 0.319407 0.788624 0.621276 0.403522 0.385233 0.550826 0.419393 0.571326 0.516970 0.527708 0.524341 0.519223 0.538498 0.572234 0.544727 0.453881 0.517557 0.595558 0.843529 0.414885 0.530838 0.561193 0.408069 0.912808 0.938792 0.567110 0.507861 0.425121 0.526215 0.397898 0.393798 0.000000 0.559446 0.521827 0.560277 0.624375 0.719816 0.860266 0.603706 0.425911 0.486061 0.492723 0.474120 0.485743 0.438221 0.754326 0.530385 0.586914 0.511516 0.519604 0.563215 0.453199 0.500351 0.632802 0.591233 0.443656 0.432792 0.430528 0.450094 0.506467 0.505904 0.309774 0.333500 0.342714 0.360034 0.554501 0.477088 0.541425 0.588240 0.488759 0.612410 0.656819 0.815705 0.468506 0.560499 0.533580 0.573236 0.443577 0.394979 0.665787 0.494974 0.372823 0.446125 0.945702 0.946970 0.570703 0.493727 0.553673 0.615491 0.527021 0.656609 0.726969 0.639439 0.500960 0.587429 0.470425 0.418379 0.543039 0.674428 0.509071 0.464795 0.459624 0.480837 0.779014 0.600122 0.767020 0.649906 0.708573 0.454957 0.543852 0.765928 0.560200 0.977676
0.640132 0.639126 0.675196 0.623169 0.782221 0.843440 0.657267 0.582935 0.744168 0.653570 0.686752 0.649888 0.670589 0.668764 0.716516 0.718868 0.674035 0.680244 0.633285 0.647472 0.779991 0.809533 0.641165 0.729570 0.836820 0.755121 0.907914 0.953493 0.689046 0.684010 0.690661 0.693527 0.601061 0.611113 0.559446 0.000000 0.730610 0.523223 0.841440 0.701582 0.888309 0.743450 0.606065 0.676908 0.680401 0.682800 0.725885 0.620593 0.863682 0.753488 0.722481 0.655879 0.676319 0.706542 0.825109 0.823807 0.672396 0.671029 0.616779 0.620850 0.657551 0.657669 0.616692 0.634757 0.733818 0.705240 0.603850 0.595397 0.816736 0.658291 0.682259 0.773741 0.789517 0.888157 0.852269 0.702520 0.692972 0.745597 0.655115 0.717630 0.613640 0.642875 0.689141 0.689825 0.633195 0.677542 0.844429 0.902389 0.733215 0.668359 0.785510 0.810210 0.797822 0.823207 0.783453 0.635040 0.645289 0.608384 0.649917 0.660861 0.675761 0.760309 0.630986 0.563320 0.714564 0.702404 0.673127 0.691310 0.826173 0.800257 0.674229 0.706874 0.694989 0.827113 0.619082 0.957785
0.338724 0.372842 0.379662 0.309540 0.837837 0.602091 0.408019 0.356867 0.484851 0.500491 0.458862 0.361217 0.314400 0.376935 0.316830 0.334592 0.408096 0.387825 0.379448 0.384681 0.472610 0.755343 0.276184 0.407369 0.534414 0.550252 0.960734 0.929994 0.419544 0.341243 0.310525 0.443948 0.331545 0.337390 0.521827 0.730610 0.000000 0.390844 0.622936 0.642111 0.752925 0.518162 0.377978 0.368836 0.425188 0.374886 0.392087 0.351680 0.646860 0.426554 0.509334 0.415439 0.537930 0.558059 0.495871 0.464810 0.429490 0.383326 0.369435 0.371813 0.339016 0.337286 0.371896 0.348462 0.348584 0.378793 0.399996 0.409989 0.573821 0.389586 0.379422 0.401227 0.598572 0.627652 0.656123 0.666368 0.414340 0.439246 0.388588 0.409719 0.339708 0.313562 0.552384 0.315875 0.260644 0.341710 0.945253 0.872439 0.377434 0.384291 0.610680 0.690166 0.592420 0.746683 0.422825 0.552972 0.414321 0.552809 0.413312 0.409913 0.552127 0.647250 0.349831 0.434772 0.375618 0.332474 0.788433 0.584445 0.659973 0.562729 0.823417 0.531045 0.530892 0.611983 0.496758 0.889913
0.394438 0.452525 0.471933 0.439942 0.653895 0.821043 0.449717 0.405804 0.559443 0.517974 0.483853 0.438150 0.383489 0.450840 0.433691 0.452749 0.481422 0.452197 0.409871 0.470321 0.502290 0.772303 0.405669 0.541756 0.756644 0.837977 0.860030 0.866898 0.529840 0.463516 0.495083 0.625336 0.414300 0.429025 0.560277 0.523223 0.390844 0.000000 0.681785 0.672097 0.805356 0.576871 0.375794 0.416498 0.468778 0.438409 0.525747 0.462389 0.668852 0.496604 0.492564 0.463666 0.631723 0.527698 0.593715 0.647588 0.462666 0.471082 0.445614 0.435641 0.368736 0.407897 0.386258 0.391950 0.426063 0.467117 0.460348 0.494970 0.662652 0.506278 0.476491 0.566996 0.716824 0.713083 0.857108 0.780275 0.481008 0.530005 0.497505 0.520860 0.454630 0.469297 0.536598 0.477567 0.379485 0.496717 0.908106 0.945642 0.527794 0.559644 0.572554 0.644946 0.646713 0.719031 0.523029 0.434122 0.483604 0.589115 0.431779 0.451594 0.598057 0.627721 0.389388 0.406503 0.435874 0.410448 0.680472 0.552334 0.544796 0.566272 0.697179 0.572935 0.551392 0.684513 0.406706 0.959682
