0.000000 0.231216 0.665111 0.898835 0.643362 0.977353 0.616156 0.629333 0.911128 0.932425 0.363131 0.313943 0.342201 0.517776 0.729873 0.773714 0.355722 0.401561 0.343832 0.357985 0.996080 0.912867 0.678150 0.853103 0.991864 0.822524 0.969265 0.919955 0.558499 0.487720 0.936487 0.959961 0.443755 0.427193 0.858778 0.840288 0.718325 0.905317 0.980678 0.974082 0.876107 0.974321 0.924663 0.951548 0.991774 0.893656 0.627630 0.587818 0.661586 0.526683 0.586230 0.538870 0.893553 0.834943 0.474269 0.597745 0.323086 0.250058 0.362004 0.370548 0.279074 0.304296 0.281298 0.285726 0.688699 0.682284 0.705829 0.879484 0.391573 0.325784 0.905354 0.774865 0.617654 0.793711 0.676089 0.825752 0.923556 0.950880 0.533442 0.578911 0.271355 0.314900 0.414436 0.368355 0.298219 0.529176 0.572020 0.635217 0.477062 0.519940 0.570760 0.442086 0.539986 0.411257 0.921314 0.945647 0.496238 0.989047 0.910473 0.968873 0.800895 0.768898 0.803033 0.829814 0.812293 0.714891 0.918064 0.905608 0.857743 0.670713 0.957649 0.810217 0.972414 0.882550 0.735030 0.726694
0.231216 0.000000 0.699987 0.857866 0.716124 0.983552 0.690064 0.575207 0.962160 0.893817 0.425948 0.263289 0.398503 0.484429 0.792571 0.755502 0.344754 0.379992 0.394567 0.344873 0.951933 0.960644 0.731160 0.796738 0.982619 0.826934 0.989531 0.928403 0.567305 0.509737 0.875447 0.888677 0.502200 0.465224 0.871560 0.887118 0.703477 0.860325 0.928665 0.916044 0.869031 0.981664 0.999814 0.996273 0.957581 0.905081 0.556031 0.605704 0.715634 0.569873 0.583126 0.538347 0.956360 0.809954 0.490198 0.603876 0.314159 0.221224 0.401493 0.402117 0.328447 0.289555 0.317345 0.295889 0.691386 0.612356 0.746883 0.866901 0.389434 0.319602 0.896369 0.730527 0.651141 0.807054 0.711938 0.802278 0.828387 0.833165 0.524289 0.536343 0.301994 0.325078 0.433104 0.382896 0.335113 0.495577 0.562594 0.659457 0.501873 0.529188 0.508563 0.442063 0.529125 0.401372 0.939627 0.915865 0.521235 0.998826 0.955153 0.966293 0.784932 0.704484 0.903842 0.873242 0.801187 0.693219 0.927369 0.931699 0.850988 0.629462 0.990573 0.805248 0.937386 0.903648 0.716109 0.775788
0.665111 0.699987 0.000000 0.333595 0.878470 0.845156 0.588125 0.589847 0.894235 0.644679 0.919774 0.875129 0.740709 0.898656 0.962164 0.856585 0.978305 0.931121 0.808188 0.895197 0.596906 0.916697 0.859006 0.574688 0.442928 0.508777 0.829322 0.775847 0.830699 0.820718 0.787225 0.919657 0.770175 0.672356 0.640403 0.966218 0.456819 0.852492 0.583680 0.728128 0.803382 0.848656 0.766795 0.814161 0.849125 0.919849 0.555195 0.510614 0.913830 0.787603 0.724402 0.658369 0.948306 0.862483 0.436755 0.668359 0.951426 0.800575 0.544437 0.562681 0.698035 0.805072 0.884512 0.984323 0.307892 0.432205 0.430828 0.496496 0.632297 0.571017 0.868396 0.947289 0.765956 0.821141 0.749493 0.897606 0.697956 0.916407 0.856812 0.928926 0.905562 0.852622 0.847204 0.743472 0.631273 0.349149 0.752254 0.859487 0.584046 0.635424 0.908149 0.932405 0.795248 0.998620 0.846523 0.815642 0.696720 0.763806 0.903990 0.855251 0.925710 0.778899 0.962341 0.989473 0.634903 0.539734 0.877531 0.803249 0.908633 0.718392 0.974745 0.989002 0.954686 0.923479 0.715031 0.979087
0.898835 0.857866 0.333595 0.000000 0.771257 0.774886 0.670232 0.465804 0.890000 0.674825 0.889809 0.997251 0.915013 0.957127 0.824480 0.817474 0.829259 0.782995 0.977764 0.983721 0.641219 0.986069 0.974355 0.508588 0.431394 0.418109 0.852684 0.745992 0.673706 0.697768 0.820497 0.992219 0.985197 0.799764 0.786762 0.913610 0.559694 0.823783 0.494668 0.612081 0.850092 0.947398 0.560524 0.661058 0.791775 0.897796 0.504708 0.493930 0.797227 0.913017 0.762988 0.714483 0.987174 0.879070 0.621318 0.724562 0.897353 0.983797 0.680292 0.684606 0.902057 0.925844 0.889939 0.829237 0.415156 0.391192 0.466255 0.462497 0.825170 0.772280 0.796541 0.947069 0.951441 0.947986 0.841367 0.950552 0.607221 0.948500 0.930731 0.958335 0.873311 0.944312 0.982340 0.923803 0.877889 0.390881 0.906596 0.714681 0.752283 0.747945 0.736855 0.832838 0.596796 0.781320 0.848512 0.797844 0.765130 0.759537 0.926199 0.940232 0.845992 0.869416 0.922444 0.925179 0.609288 0.526457 0.806150 0.686993 0.875932 0.799019 0.887711 0.971005 0.766875 0.856970 0.754006 0.931321
0.643362 0.716124 0.878470 0.771257 0.000000 0.843186 0.879468 0.996710 0.762917 0.834217 0.688086 0.688378 0.622998 0.715510 0.756458 0.822968 0.647167 0.731780 0.675978 0.810500 0.868283 0.942558 0.779386 0.916497 0.741682 0.696091 0.895011 0.888235 0.639484 0.667152 0.819738 0.946585 0.789057 0.782705 0.928098 0.883451 0.815730 0.944712 0.846717 0.893317 0.881562 0.883528 0.857918 0.857599 0.831133 0.880942 0.930077 0.879866 0.749066 0.772951 0.784877 0.806185 0.836926 0.890345 0.915659 0.902202 0.694767 0.762311 0.761597 0.835362 0.663581 0.701537 0.610995 0.600270 0.937596 0.906960 0.922462 0.847211 0.835170 0.808806 0.962159 0.772676 0.987009 0.971306 0.925909 0.894245 0.831028 0.947538 0.745533 0.883025 0.671485 0.758872 0.725680 0.810885 0.687312 0.988196 0.836324 0.730207 0.819573 0.872919 0.735294 0.758468 0.581581 0.684168 0.864450 0.982886 0.894923 0.705359 0.917637 0.931361 0.737909 0.972713 0.888248 0.844872 0.974189 0.970789 0.999595 0.797954 0.991506 0.978415 0.875279 0.835035 0.900731 0.920148 0.896506 0.933878
0.977353 0.983552 0.845156 0.774886 0.843186 0.000000 0.977061 0.867466 0.798410 0.776898 0.985156 0.981822 0.936981 0.990299 0.828555 0.955131 0.942901 0.945648 0.861351 0.928108 0.694046 0.923427 0.716614 0.901754 0.697610 0.586454 0.944560 0.567522 0.883583 0.822988 0.987862 0.877270 0.954067 0.869546 0.755715 0.808876 0.821178 0.934442 0.760152 0.495975 0.625868 0.885850 0.673827 0.701387 0.998640 0.891731 0.789761 0.817106 0.862912 0.865296 0.906535 0.935731 0.900600 0.858828 0.874283 0.681463 0.997827 0.977384 0.883461 0.958218 0.996073 0.982505 0.927725 0.900096 0.781179 0.632639 0.620462 0.545965 0.955687 0.930805 0.998601 0.857413 0.889827 0.992883 0.923214 0.978277 0.987962 0.848924 0.949658 0.860048 0.918790 0.980040 0.952137 0.954149 0.970027 0.723605 0.946411 0.854940 0.978798 0.853346 0.717137 0.919283 0.672182 0.806269 0.933402 0.684300 0.783417 0.670293 0.900383 0.891418 0.662884 0.925990 0.937754 0.912508 0.951375 0.740057 0.978823 0.987170 0.930955 0.974811 0.910334 0.939187 0.982422 0.958294 0.912067 0.798087
0.616156 0.690064 0.588125 0.670232 0.879468 0.977061 0.000000 0.378393 0.631608 0.702259 0.586324 0.647962 0.409220 0.479099 0.593019 0.593150 0.695448 0.717612 0.392815 0.605349 0.917748 0.923651 0.688701 0.842349 0.918628 0.921837 0.862648 0.894822 0.633030 0.646513 0.758938 0.655992 0.524395 0.411498 0.994154 0.869712 0.858618 0.981207 0.943282 0.974114 0.971823 0.963699 0.631386 0.533886 0.614177 0.467285 0.582090 0.386640 0.600135 0.510510 0.525148 0.599698 0.695227 0.792822 0.670221 0.750992 0.739136 0.773837 0.513762 0.646249 0.423857 0.549642 0.579161 0.663170 0.835684 0.761298 0.615892 0.709291 0.849173 0.691356 0.716952 0.758006 0.557405 0.600571 0.806758 0.714699 0.545629 0.767299 0.685834 0.747006 0.738552 0.827083 0.775688 0.814236 0.727089 0.677547 0.893400 0.968523 0.730293 0.840979 0.782017 0.892854 0.948363 0.932420 0.889733 0.984234 0.627300 0.887840 0.568058 0.608067 0.848091 0.777778 0.614031 0.539036 0.730163 0.772407 0.851052 0.704056 0.897213 0.741229 0.702507 0.600044 0.681081 0.683164 0.785716 0.607105
0.629333 0.575207 0.589847 0.465804 0.996710 0.867466 0.378393 0.000000 0.792552 0.890124 0.656782 0.542114 0.566640 0.508763 0.875450 0.598711 0.748025 0.742695 0.548763 0.615272 0.894740 0.924685 0.967672 0.746326 0.942222 0.909901 0.916970 0.944135 0.751441 0.727277 0.894554 0.786546 0.676282 0.457090 0.953778 0.971509 0.715445 0.782294 0.793431 0.795138 0.962020 0.946654 0.450191 0.449573 0.813667 0.539223 0.393573 0.351951 0.704239 0.605751 0.452950 0.508696 0.843702 0.988704 0.608708 0.659246 0.712618 0.679565 0.488768 0.550231 0.513134 0.469598 0.669076 0.685993 0.782258 0.490790 0.549030 0.580793 0.777638 0.606529 0.801792 0.894835 0.718210 0.750870 0.813843 0.751620 0.501318 0.643848 0.707382 0.739018 0.765794 0.802300 0.788646 0.809216 0.820596 0.512700 0.904745 0.862657 0.773828 0.802786 0.802205 0.921420 0.866585 0.939264 0.964993 0.807665 0.584165 0.802324 0.638674 0.647165 0.739765 0.911458 0.683096 0.572153 0.643888 0.576841 0.784689 0.673263 0.852476 0.714659 0.691430 0.591791 0.592121 0.686957 0.680400 0.727871
0.911128 0.962160 0.894235 0.890000 0.762917 0.798410 0.631608 0.792552 0.000000 0.396306 0.773165 0.891470 0.699916 0.732830 0.573738 0.642520 0.823417 0.848587 0.663871 0.895736 0.865433 0.832378 0.696798 0.932278 0.629104 0.630334 0.877871 0.759537 0.642481 0.684107 0.864979 0.730814 0.838676 0.790141 0.927981 0.793847 0.795289 0.798346 0.651773 0.730574 0.835897 0.873619 0.864765 0.697916 0.536231 0.570018 0.938753 0.827475 0.562926 0.639652 0.767091 0.814947 0.523996 0.563934 0.865581 0.898614 0.924818 0.988652 0.893541 0.985371 0.759245 0.788317 0.762048 0.757072 0.763646 0.740270 0.876422 0.844991 0.809539 0.987285 0.913594 0.832858 0.829050 0.880945 0.929764 0.892781 0.883853 0.828333 0.905820 0.937507 0.906315 0.950813 0.972694 0.915238 0.922567 0.785417 0.969169 0.907264 0.892341 0.861226 0.910630 0.824553 0.813706 0.930699 0.931202 0.823349 0.993680 0.876759 0.634771 0.640233 0.956954 0.726210 0.645237 0.673445 0.906642 0.985531 0.855381 0.869526 0.990959 0.985384 0.810027 0.830968 0.717824 0.744401 0.977385 0.762771
0.932425 0.893817 0.644679 0.674825 0.834217 0.776898 0.702259 0.890124 0.396306 0.000000 0.849487 0.956108 0.824611 0.797474 0.593340 0.731603 0.884321 0.874044 0.752913 0.950927 0.741484 0.893037 0.796325 0.702427 0.441472 0.520408 0.736440 0.637502 0.583555 0.638175 0.822056 0.604027 0.944893 0.845557 0.661436 0.904900 0.723947 0.839382 0.520157 0.600675 0.785593 0.995942 0.819241 0.646194 0.393372 0.486203 0.923707 0.940205 0.433107 0.648161 0.769476 0.874567 0.519988 0.429845 0.758173 0.792889 0.960029 0.918552 0.973291 0.940229 0.844769 0.877113 0.857079 0.797956 0.489193 0.545547 0.743164 0.698810 0.726690 0.881357 0.955988 0.696945 0.787081 0.763431 0.941261 0.845000 0.826225 0.792370 0.954798 0.929909 0.985218 0.831995 0.922391 0.755972 0.741365 0.535185 0.816261 0.966344 0.785478 0.747089 0.857509 0.720982 0.854818 0.935661 0.996131 0.855158 0.890458 0.955174 0.516529 0.442518 0.897402 0.607524 0.584393 0.641142 0.862710 0.791345 0.859919 0.834348 0.898854 0.899073 0.723565 0.707325 0.680041 0.757739 0.941050 0.835713
0.363131 0.425948 0.919774 0.889809 0.688086 0.985156 0.586324 0.656782 0.773165 0.849487 0.000000 0.320972 0.381255 0.465030 0.671618 0.760190 0.344129 0.334459 0.358228 0.324511 0.927017 0.977445 0.856632 0.910699 0.716348 0.668322 0.811208 0.791580 0.436854 0.356368 0.873996 0.959464 0.482507 0.416237 0.988528 0.807684 0.941289 0.910331 0.810472 0.912949 0.914796 0.886253 0.948620 0.973424 0.807055 0.779931 0.837750 0.696655 0.603949 0.633802 0.669996 0.696511 0.970432 0.896673 0.740992 0.646384 0.401495 0.404605 0.535638 0.607021 0.342732 0.370043 0.328459 0.326319 0.972032 0.832329 0.809018 0.905486 0.648941 0.578368 0.880272 0.924962 0.588559 0.700729 0.712665 0.874404 0.915858 0.815756 0.576092 0.488903 0.352528 0.389008 0.561013 0.541294 0.564289 0.784634 0.808766 0.729927 0.755307 0.764320 0.748481 0.606205 0.654164 0.528800 0.786428 0.927220 0.640132 0.901928 0.775526 0.918523 0.964236 0.965326 0.635111 0.743165 0.967765 0.887392 0.809813 0.862534 0.856481 0.815797 0.936733 0.784524 0.945693 0.798504 0.780047 0.664733
0.313943 0.263289 0.875129 0.997251 0.688378 0.981822 0.647962 0.542114 0.891470 0.956108 0.320972 0.000000 0.397659 0.373004 0.741298 0.718571 0.319655 0.326193 0.373435 0.325459 0.839231 0.956821 0.834270 0.936115 0.785664 0.690208 0.889076 0.794706 0.424307 0.378010 0.872112 0.974355 0.475515 0.417269 0.978531 0.900152 0.805408 0.825906 0.928978 0.973133 0.956075 0.950905 0.953002 0.936974 0.868195 0.796712 0.616937 0.642479 0.631316 0.586191 0.551432 0.569463 0.940641 0.868284 0.663164 0.632134 0.303313 0.289305 0.467986 0.511935 0.308359 0.233952 0.281559 0.256032 0.936557 0.684481 0.783110 0.862705 0.536206 0.453287 0.945061 0.770003 0.662133 0.804836 0.722565 0.741722 0.863230 0.732733 0.532632 0.489266 0.317681 0.362591 0.463932 0.479823 0.487741 0.628176 0.684916 0.685888 0.668517 0.678494 0.629116 0.504891 0.584136 0.432487 0.857237 0.936571 0.537434 0.977519 0.812617 0.867462 0.939287 0.925491 0.730510 0.738421 0.880753 0.776787 0.861053 0.970087 0.862006 0.700169 0.896190 0.721380 0.891814 0.826389 0.711852 0.683566
0.342201 0.398503 0.740709 0.915013 0.622998 0.936981 0.409220 0.566640 0.699916 0.824611 0.381255 0.397659 0.000000 0.374182 0.482515 0.507040 0.396890 0.441340 0.293851 0.388956 0.967437 0.892570 0.529939 0.784487 0.867590 0.712123 0.899870 0.856600 0.467124 0.474509 0.932103 0.846402 0.394984 0.372688 0.914080 0.878246 0.875513 0.963629 0.951957 0.940783 0.867162 0.997742 0.965985 0.850929 0.748100 0.646462 0.642098 0.522112 0.577061 0.476328 0.541508 0.557532 0.745715 0.913938 0.632547 0.661823 0.461958 0.449745 0.434744 0.552647 0.267789 0.362906 0.280636 0.342831 0.774138 0.820561 0.756283 0.882097 0.646284 0.523350 0.840779 0.897809 0.624777 0.699603 0.804170 0.789282 0.715680 0.835945 0.549081 0.585477 0.424731 0.513517 0.488241 0.490614 0.398528 0.628576 0.646693 0.615399 0.592727 0.607341 0.756873 0.634338 0.631313 0.512005 0.994107 0.936230 0.586618 0.978950 0.722766 0.801442 0.893260 0.968056 0.783640 0.701731 0.801183 0.768693 0.896683 0.992365 0.924453 0.844852 0.953112 0.689305 0.799517 0.804713 0.762071 0.613674
0.517776 0.484429 0.898656 0.957127 0.715510 0.990299 0.479099 0.508763 0.732830 0.797474 0.465030 0.373004 0.374182 0.000000 0.573815 0.504522 0.467080 0.426281 0.372580 0.415469 0.898638 0.971820 0.673004 0.776012 0.748555 0.720442 0.904349 0.828140 0.396611 0.459017 0.915304 0.703488 0.417149 0.403664 0.935037 0.979607 0.928069 0.840478 0.963437 0.973417 0.994973 0.879742 0.803590 0.708314 0.667347 0.557399 0.575605 0.550450 0.592068 0.579281 0.539964 0.606376 0.793755 0.901140 0.780365 0.742815 0.465787 0.536323 0.586797 0.733443 0.394095 0.386422 0.368839 0.387571 0.973915 0.797815 0.793501 0.819078 0.832010 0.693593 0.826298 0.986975 0.784430 0.753821 0.810403 0.638239 0.732133 0.645384 0.526874 0.580118 0.487525 0.573051 0.482261 0.591441 0.565400 0.660100 0.832396 0.630341 0.745297 0.690308 0.889069 0.779647 0.764302 0.626520 0.965607 0.938117 0.596024 0.939647 0.649881 0.647250 0.997368 0.939521 0.689367 0.694068 0.833839 0.873594 0.902592 0.986405 0.972116 0.704786 0.771561 0.673653 0.770676 0.694721 0.801208 0.599288
0.729873 0.792571 0.962164 0.824480 0.756458 0.828555 0.593019 0.875450 0.573738 0.593340 0.671618 0.741298 0.482515 0.573815 0.000000 0.436744 0.621953 0.622622 0.594318 0.733102 0.942147 0.911668 0.440310 0.884020 0.753320 0.649340 0.978860 0.842018 0.499090 0.575102 0.676999 0.623834 0.524727 0.674649 0.966587 0.861840 0.934142 0.863435 0.675734 0.696510 0.995598 0.946442 0.940425 0.881900 0.674237 0.689320 0.918416 0.846605 0.662027 0.679383 0.838556 0.868719 0.700138 0.757772 0.949854 0.965407 0.746435 0.776996 0.837256 0.989558 0.628224 0.719902 0.534220 0.575522 0.993432 0.749968 0.905794 0.810902 0.935725 0.921680 0.934560 0.975718 0.817184 0.915018 0.893825 0.753710 0.865765 0.876119 0.755069 0.770778 0.694863 0.864543 0.634983 0.707619 0.722588 0.979029 0.787545 0.659849 0.862342 0.857557 0.865014 0.870276 0.661729 0.691440 0.926006 0.862578 0.910254 0.850732 0.687064 0.727711 0.802688 0.952123 0.828676 0.827659 0.977480 0.926114 0.920181 0.962801 0.971518 0.997101 0.944415 0.686285 0.892686 0.739224 0.951592 0.676941
0.773714 0.755502 0.856585 0.817474 0.822968 0.955131 0.593150 0.598711 0.642520 0.731603 0.760190 0.718571 0.507040 0.504522 0.436744 0.000000 0.741452 0.749704 0.675979 0.769966 0.866641 0.979640 0.609464 0.662666 0.985157 0.941251 0.939131 0.967404 0.647385 0.761348 0.719476 0.709664 0.651136 0.655194 0.959860 0.999522 0.892137 0.933780 0.959084 0.971900 0.923632 0.928366 0.729258 0.612482 0.770474 0.591472 0.647318 0.643634 0.740945 0.722608 0.659873 0.693123 0.675597 0.751609 0.870131 0.931929 0.808412 0.802073 0.746342 0.875340 0.655841 0.666488 0.640160 0.674644 0.820244 0.914334 0.895237 0.907600 0.939456 0.854483 0.901924 0.997775 0.947793 0.842159 0.852720 0.680839 0.707938 0.780657 0.711228 0.787994 0.843862 0.950978 0.689126 0.749209 0.799783 0.726047 0.866463 0.880547 0.901426 0.787535 0.985156 0.976067 0.859698 0.854805 0.976306 0.957501 0.843851 0.885601 0.688114 0.691039 0.945289 0.966083 0.861983 0.744007 0.849531 0.828541 0.937645 0.876019 0.973339 0.985245 0.860290 0.678700 0.639685 0.592676 0.767170 0.845004
0.355722 0.344754 0.978305 0.829259 0.647167 0.942901 0.695448 0.748025 0.823417 0.884321 0.344129 0.319655 0.396890 0.467080 0.621953 0.741452 0.000000 0.228981 0.360756 0.320010 0.776308 0.993342 0.729903 0.995346 0.699091 0.571654 0.960320 0.807940 0.372176 0.308030 0.888119 0.946286 0.462096 0.476631 0.960833 0.804731 0.909013 0.935815 0.793198 0.932548 0.898248 0.915902 0.914964 0.978198 0.872108 0.845418 0.783836 0.802123 0.629477 0.653403 0.739360 0.764076 0.962428 0.885925 0.753429 0.743642 0.275514 0.310465 0.618013 0.689486 0.406590 0.380043 0.299142 0.280029 0.953384 0.883373 0.958596 0.944864 0.604715 0.560979 0.951773 0.858660 0.661811 0.809789 0.781464 0.768241 0.971129 0.751707 0.465199 0.458494 0.265980 0.321945 0.434430 0.451337 0.450909 0.751907 0.663272 0.564732 0.678079 0.696662 0.589309 0.556828 0.495075 0.468178 0.821571 0.965847 0.624879 0.930239 0.870190 0.948806 0.795072 0.971858 0.743848 0.775908 0.962618 0.967313 0.806893 0.794327 0.898255 0.806454 0.988304 0.756416 0.997550 0.755089 0.808285 0.680045
0.401561 0.379992 0.931121 0.782995 0.731780 0.945648 0.717612 0.742695 0.848587 0.874044 0.334459 0.326193 0.441340 0.426281 0.622622 0.749704 0.228981 0.000000 0.376424 0.271609 0.758686 0.927601 0.748228 0.994217 0.650519 0.530222 0.981014 0.785459 0.318997 0.265797 0.878379 0.923690 0.468919 0.539643 0.916771 0.839072 0.950874 0.868847 0.763793 0.867274 0.903987 0.885164 0.907224 0.984633 0.884863 0.884948 0.846364 0.841143 0.661159 0.735726 0.805637 0.857471 0.951982 0.846159 0.842194 0.790229 0.273851 0.334548 0.700512 0.762517 0.464936 0.413426 0.318703 0.285334 0.973414 0.917248 0.999796 0.915164 0.619014 0.600640 0.872561 0.908539 0.663997 0.778995 0.827437 0.785939 0.973504 0.720585 0.457184 0.444897 0.277918 0.326324 0.442188 0.463285 0.505950 0.796796 0.694189 0.545768 0.725685 0.774178 0.599025 0.582874 0.495965 0.487336 0.754025 0.942396 0.639099 0.867892 0.846434 0.922390 0.801956 0.991507 0.754893 0.749908 0.939486 0.971560 0.805030 0.763930 0.921532 0.789579 0.973857 0.772842 0.982131 0.773479 0.880707 0.652908
0.343832 0.394567 0.808188 0.977764 0.675978 0.861351 0.392815 0.548763 0.663871 0.752913 0.358228 0.373435 0.293851 0.372580 0.594318 0.675979 0.360756 0.376424 0.000000 0.343668 0.889848 0.967747 0.581283 0.888170 0.735668 0.621876 0.915423 0.760175 0.398253 0.350846 0.954282 0.826476 0.434509 0.376732 0.950060 0.839867 0.942731 0.985162 0.777268 0.868615 0.982694 0.978897 0.979286 0.863056 0.754292 0.670573 0.707282 0.547548 0.521283 0.458443 0.583135 0.613995 0.800964 0.946724 0.681767 0.737347 0.383043 0.421766 0.477686 0.558301 0.302349 0.343768 0.299469 0.320803 0.961090 0.886848 0.817189 0.979004 0.598041 0.535942 0.805436 0.993434 0.545392 0.709424 0.767524 0.770501 0.790854 0.809958 0.532684 0.591782 0.350087 0.429921 0.511962 0.543582 0.476288 0.722485 0.774069 0.624922 0.656727 0.702432 0.784731 0.689364 0.642635 0.524915 0.967211 0.914800 0.566381 0.943763 0.741589 0.775153 0.901413 0.932789 0.684581 0.665989 0.876747 0.896239 0.934766 0.979268 0.872750 0.712211 0.858650 0.691510 0.866121 0.750417 0.824005 0.565668
0.357985 0.344873 0.895197 0.983721 0.810500 0.928108 0.605349 0.615272 0.895736 0.950927 0.324511 0.325459 0.388956 0.415469 0.733102 0.769966 0.320010 0.271609 0.343668 0.000000 0.814740 0.921035 0.749120 0.925427 0.787506 0.683283 0.945674 0.788609 0.449877 0.342109 0.921372 0.936385 0.512513 0.481446 0.935917 0.848067 0.866817 0.804808 0.918776 0.918704 0.907316 0.931347 0.960770 0.972904 0.948324 0.888136 0.759364 0.735436 0.701226 0.690294 0.729314 0.776109 0.941901 0.827073 0.714329 0.699885 0.311532 0.336865 0.585605 0.628568 0.409642 0.389423 0.343149 0.339069 0.899456 0.774661 0.885932 0.968854 0.568217 0.539757 0.776824 0.956663 0.601825 0.690364 0.814972 0.854990 0.803247 0.776842 0.489114 0.487969 0.310219 0.328781 0.467777 0.455385 0.454907 0.673447 0.661862 0.610207 0.651980 0.679287 0.625399 0.594164 0.611475 0.528499 0.829550 0.944436 0.592203 0.898293 0.888474 0.961301 0.846431 0.994475 0.767390 0.770766 0.833740 0.907060 0.828532 0.897133 0.893884 0.691402 0.951422 0.797941 0.964026 0.813692 0.814011 0.629579
0.996080 0.951933 0.596906 0.641219 0.868283 0.694046 0.917748 0.894740 0.865433 0.741484 0.927017 0.839231 0.967437 0.898638 0.942147 0.866641 0.776308 0.758686 0.889848 0.814740 0.000000 0.992420 0.960200 0.709518 0.531885 0.510216 0.744643 0.635161 0.722907 0.672429 0.783260 0.835506 0.965531 0.952164 0.766521 0.920720 0.755893 0.866871 0.708271 0.638845 0.867355 0.983086 0.793184 0.817685 0.960048 0.919209 0.788505 0.730226 0.868581 0.971888 0.896168 0.863124 0.964091 0.978419 0.748876 0.837616 0.842524 0.961639 0.833668 0.890116 0.991602 0.908722 0.894334 0.831567 0.556009 0.705516 0.626991 0.641077 0.957550 0.849302 0.986063 0.968841 0.888037 0.948395 0.932503 0.987521 0.863943 0.966094 0.977974 0.903512 0.857756 0.893190 0.924841 0.969188 0.952297 0.647177 0.998008 0.775102 0.883168 0.853049 0.807963 0.957273 0.735348 0.864216 0.952734 0.758196 0.874207 0.885705 0.990704 0.923418 0.800439 0.760123 0.863503 0.921411 0.792591 0.724578 0.967808 0.955818 0.900052 0.992599 0.977439 0.928197 0.941504 0.989285 0.853525 0.863450
0.912867 0.960644 0.916697 0.986069 0.942558 0.923427 0.923651 0.924685 0.832378 0.893037 0.977445 0.956821 0.892570 0.971820 0.911668 0.979640 0.993342 0.927601 0.967747 0.921035 0.992420 0.000000 0.944526 0.991706 0.952556 0.992769 0.862723 0.944003 0.995589 0.936609 0.972318 0.956434 0.812919 0.911787 0.922323 0.952417 0.955158 0.873794 0.939961 0.961104 0.856455 0.803727 0.947249 0.935479 0.987384 0.996218 0.980474 0.987926 0.955847 0.960099 0.963109 0.989894 0.939221 0.992196 0.886931 0.943743 0.972865 0.983904 0.963439 0.938989 0.941445 0.997437 0.923509 0.971809 0.835730 0.960568 0.879614 0.955516 0.998217 0.990738 0.833651 0.962574 0.987918 0.903896 0.950838 0.975359 0.975062 0.831153 0.932453 0.865474 0.969048 0.949305 0.838487 0.922365 0.789421 0.914567 0.850369 0.854083 0.796885 0.899204 0.938663 0.938262 0.963041 0.982497 0.958907 0.891430 0.996496 0.906378 0.998579 0.969899 0.928042 0.814333 0.981782 0.916127 0.890478 0.957477 0.988150 0.969590 0.912628 0.971462 0.981814 0.962017 0.983665 0.894837 0.979531 0.857985
0.678150 0.731160 0.859006 0.974355 0.779386 0.716614 0.688701 0.967672 0.696798 0.796325 0.856632 0.834270 0.529939 0.673004 0.440310 0.609464 0.729903 0.748228 0.581283 0.749120 0.960200 0.944526 0.000000 0.654055 0.981785 0.748651 0.864259 0.935531 0.679734 0.729475 0.677233 0.760324 0.608845 0.803382 0.897798 0.899202 0.951420 0.820059 0.807359 0.670243 0.993594 0.936493 0.795135 0.967734 0.876811 0.846694 0.886173 0.807394 0.755036 0.593969 0.855085 0.798141 0.646437 0.718086 0.836186 0.960471 0.752523 0.743349 0.782688 0.830467 0.669931 0.797693 0.582989 0.621782 0.857756 0.756538 0.912325 0.754308 0.850404 0.773612 0.955634 0.981554 0.862958 0.942515 0.912815 0.825197 0.882712 0.928478 0.679649 0.857010 0.668002 0.809233 0.655062 0.642192 0.552439 0.854133 0.752441 0.521800 0.728366 0.654104 0.730256 0.740216 0.600016 0.613025 0.954669 0.827454 0.852935 0.861896 0.944363 0.935890 0.621973 0.873532 0.944020 0.958153 0.963156 0.953760 0.908363 0.994216 0.907456 0.903903 0.934417 0.890189 0.958374 0.958605 0.994297 0.801666
0.853103 0.796738 0.574688 0.508588 0.916497 0.901754 0.842349 0.746326 0.932278 0.702427 0.910699 0.936115 0.784487 0.776012 0.884020 0.662666 0.995346 0.994217 0.888170 0.925427 0.709518 0.991706 0.654055 0.000000 0.520689 0.692204 0.703041 0.754955 0.941543 0.891485 0.802666 0.910075 0.805408 0.836693 0.728643 0.866422 0.700702 0.848781 0.676403 0.851751 0.769882 0.976973 0.884552 0.894682 0.819197 0.991354 0.636146 0.679969 0.805174 0.959056 0.893438 0.835960 0.979168 0.905024 0.732625 0.817980 0.956534 0.858667 0.802001 0.873938 0.894955 0.914071 0.901572 0.952622 0.510234 0.659598 0.700298 0.733091 0.872713 0.821744 0.865824 0.917176 0.850578 0.805882 0.863511 0.850322 0.835283 0.921701 0.751879 0.943929 0.925831 0.903908 0.745774 0.671514 0.662917 0.448160 0.671766 0.844819 0.764779 0.643188 0.982794 0.834078 0.920244 0.923336 0.975610 0.821131 0.880529 0.949800 0.874753 0.934427 0.908230 0.762617 0.721040 0.945876 0.683002 0.693593 0.998913 0.954342 0.981188 0.835801 0.947202 0.970170 0.948509 0.935541 0.919235 0.988921
0.991864 0.982619 0.442928 0.431394 0.741682 0.697610 0.918628 0.942222 0.629104 0.441472 0.716348 0.785664 0.867590 0.748555 0.753320 0.985157 0.699091 0.650519 0.735668 0.787506 0.531885 0.952556 0.981785 0.520689 0.000000 0.310141 0.687350 0.566580 0.498180 0.497001 0.788084 0.761627 0.943820 0.937754 0.582263 0.793038 0.552724 0.811844 0.429095 0.602451 0.779568 0.964503 0.910296 0.999685 0.581293 0.770682 0.768024 0.827090 0.565884 0.824946 0.972953 0.919135 0.834565 0.756867 0.643209 0.760687 0.768728 0.937351 0.849310 0.830032 0.859144 0.823698 0.766141 0.691936 0.348138 0.547873 0.575200 0.572106 0.871409 0.835217 0.956060 0.933292 0.859859 0.856473 0.963061 0.894422 0.907532 0.843309 0.924772 0.811008 0.800105 0.911093 0.955232 0.865776 0.857377 0.486998 0.804865 0.800899 0.745771 0.702486 0.891783 0.962367 0.650625 0.837884 0.877516 0.788093 0.896287 0.768844 0.673846 0.699515 0.938985 0.693338 0.667895 0.775703 0.743374 0.589812 0.945417 0.918764 0.937497 0.913943 0.861733 0.784973 0.946669 0.928642 0.861352 0.749351
0.822524 0.826934 0.508777 0.418109 0.696091 0.586454 0.921837 0.909901 0.630334 0.520408 0.668322 0.690208 0.712123 0.720442 0.649340 0.941251 0.571654 0.530222 0.621876 0.683283 0.510216 0.992769 0.748651 0.692204 0.310141 0.000000 0.826211 0.516341 0.453611 0.427991 0.798759 0.924173 0.839693 0.922409 0.638013 0.781007 0.626625 0.862235 0.480465 0.549997 0.775043 0.955558 0.720931 0.839649 0.683552 0.861486 0.780182 0.867110 0.564964 0.765974 0.978037 0.961596 0.866584 0.823137 0.748618 0.778487 0.656339 0.770577 0.926662 0.919708 0.759640 0.721798 0.603055 0.545561 0.468054 0.525206 0.527103 0.489091 0.995617 0.967197 0.895275 0.961688 0.840627 0.950408 0.979376 0.912598 0.889066 0.949904 0.833926 0.836740 0.629480 0.760524 0.780526 0.904721 0.914488 0.600033 0.927351 0.585840 0.933934 0.849771 0.685882 0.792924 0.453043 0.618637 0.812796 0.759815 0.950926 0.771869 0.770113 0.754852 0.791032 0.819221 0.815982 0.766889 0.771078 0.642430 0.849690 0.899086 0.926530 0.979987 0.935768 0.797220 0.991995 0.989100 0.893420 0.656026
0.969265 0.989531 0.829322 0.852684 0.895011 0.944560 0.862648 0.916970 0.877871 0.736440 0.811208 0.889076 0.899870 0.904349 0.978860 0.939131 0.960320 0.981014 0.915423 0.945674 0.744643 0.862723 0.864259 0.703041 0.687350 0.826211 0.000000 0.945526 0.911929 0.871779 0.860839 0.877414 0.995316 0.877301 0.963198 0.839556 0.819508 0.842854 0.825280 0.993896 0.934678 0.927622 0.883962 0.848725 0.673935 0.723933 0.986988 0.909677 0.671578 0.823407 0.833942 0.863479 0.811279 0.825446 0.918302 0.873784 0.958582 0.998524 0.884690 0.898274 0.813080 0.846832 0.927543 0.906038 0.707283 0.888500 0.974991 0.960281 0.886147 0.995732 0.984164 0.947362 0.860499 0.788666 0.887480 0.912816 0.996621 0.873755 0.971197 0.991617 0.972591 0.956639 0.812712 0.924325 0.842142 0.770544 0.811217 0.851245 0.800124 0.927017 0.875794 0.923371 0.995520 0.959579 0.974482 0.992201 0.994813 0.986726 0.786553 0.838243 0.851900 0.736278 0.682713 0.771112 0.914961 0.962207 0.956667 0.893469 0.991757 0.977555 0.884180 0.884395 0.855270 0.904010 0.976998 0.766797
0.919955 0.928403 0.775847 0.745992 0.888235 0.567522 0.894822 0.944135 0.759537 0.637502 0.791580 0.794706 0.856600 0.828140 0.842018 0.967404 0.807940 0.785459 0.760175 0.788609 0.635161 0.944003 0.935531 0.754955 0.566580 0.516341 0.945526 0.000000 0.727634 0.628413 0.989937 0.927594 0.960872 0.913596 0.676824 0.867287 0.880108 0.930487 0.727055 0.585635 0.700470 0.969219 0.808801 0.936697 0.823358 0.920736 0.848303 0.853161 0.736256 0.786415 0.968959 0.995062 0.888501 0.884967 0.816537 0.755403 0.832883 0.908192 0.925744 0.988729 0.881668 0.838869 0.810887 0.759717 0.609507 0.752417 0.720787 0.728251 0.952353 0.933487 0.998037 0.890489 0.755211 0.850439 0.961158 0.948234 0.967364 0.987764 0.944345 0.989670 0.820800 0.879082 0.897748 0.965571 0.991186 0.724908 0.965797 0.804357 0.977514 0.845973 0.857974 0.956094 0.727080 0.834896 0.934294 0.898399 0.987963 0.850594 0.904409 0.836526 0.986324 0.737996 0.829649 0.818485 0.988838 0.776848 0.913082 0.977127 0.943840 0.955631 0.976108 0.823169 0.980202 0.969310 0.992157 0.742669
0.558499 0.567305 0.830699 0.673706 0.639484 0.883583 0.633030 0.751441 0.642481 0.583555 0.436854 0.424307 0.467124 0.396611 0.499090 0.647385 0.372176 0.318997 0.398253 0.449877 0.722907 0.995589 0.679734 0.941543 0.498180 0.453611 0.911929 0.727634 0.000000 0.257984 0.991230 0.741466 0.480013 0.501346 0.851145 0.856440 0.941165 0.999003 0.590906 0.751406 0.965548 0.925482 0.965472 0.843499 0.594133 0.641725 0.861183 0.793700 0.460435 0.622773 0.704918 0.812370 0.782332 0.862951 0.949979 0.875229 0.404053 0.519530 0.731049 0.830379 0.487502 0.451691 0.352419 0.332824 0.756760 0.865408 0.922342 0.837620 0.825689 0.757239 0.904777 0.984971 0.719695 0.819062 0.901127 0.687679 0.921686 0.744130 0.524716 0.544653 0.417759 0.548736 0.514881 0.694067 0.688322 0.986309 0.875578 0.599272 0.851478 0.897236 0.790070 0.785506 0.559852 0.595053 0.879870 0.951227 0.762287 0.836000 0.620475 0.648589 0.928761 0.861671 0.635636 0.619780 0.955414 0.871463 0.947708 0.883313 0.895705 0.838540 0.812838 0.610995 0.894556 0.704268 0.930046 0.646947
0.487720 0.509737 0.820718 0.697768 0.667152 0.822988 0.646513 0.727277 0.684107 0.638175 0.356368 0.378010 0.474509 0.459017 0.575102 0.761348 0.308030 0.265797 0.350846 0.342109 0.672429 0.936609 0.729475 0.891485 0.497001 0.427991 0.871779 0.628413 0.257984 0.000000 0.927878 0.765289 0.537227 0.549977 0.734495 0.752756 0.954333 0.961354 0.579164 0.723842 0.954665 0.887415 0.919227 0.966241 0.752758 0.787122 0.924812 0.869301 0.536813 0.675453 0.806679 0.891012 0.918291 0.967958 0.930464 0.896040 0.326326 0.443610 0.751699 0.808916 0.490941 0.446862 0.368771 0.319427 0.729437 0.903040 0.877265 0.776822 0.724606 0.702093 0.910364 0.995242 0.612318 0.796588 0.827536 0.758764 0.992398 0.741078 0.536430 0.542823 0.333503 0.424471 0.528487 0.620783 0.659028 0.984292 0.807745 0.586401 0.840178 0.903383 0.713907 0.707063 0.520953 0.557473 0.782347 0.939147 0.732327 0.859136 0.732055 0.759494 0.876542 0.801190 0.630479 0.614873 0.989928 0.883650 0.867366 0.859826 0.981098 0.815154 0.869162 0.680283 0.980209 0.768163 0.938398 0.592743
0.936487 0.875447 0.787225 0.820497 0.819738 0.987862 0.758938 0.894554 0.864979 0.822056 0.873996 0.872112 0.932103 0.915304 0.676999 0.719476 0.888119 0.878379 0.954282 0.921372 0.783260 0.972318 0.677233 0.802666 0.788084 0.798759 0.860839 0.989937 0.991230 0.927878 0.000000 0.684712 0.789855 0.867846 0.848332 0.797137 0.762665 0.949007 0.992146 0.957937 0.953701 0.993908 0.789775 0.750809 0.804700 0.762484 0.936520 0.852600 0.920488 0.814971 0.821576 0.858824 0.623349 0.651499 0.925393 0.953610 0.857169 0.872335 0.922878 0.981524 0.975887 0.950134 0.980437 0.953065 0.854688 0.938070 0.818919 0.881951 0.798548 0.898844 0.812181 0.734500 0.912345 0.894341 0.833045 0.838664 0.703315 0.938906 0.932566 0.960262 0.872919 0.758573 0.984374 0.889226 0.960847 0.918133 0.917946 0.857167 0.989962 0.960078 0.831140 0.842811 0.827783 0.876464 0.934278 0.957891 0.917395 0.929966 0.914533 0.854596 0.917992 0.913005 0.827642 0.950393 0.783684 0.904536 0.934751 0.784814 0.960986 0.969501 0.887562 0.864749 0.923631 0.780551 0.968978 0.838743
0.959961 0.888677 0.919657 0.992219 0.946585 0.877270 0.655992 0.786546 0.730814 0.604027 0.959464 0.974355 0.846402 0.703488 0.623834 0.709664 0.946286 0.923690 0.826476 0.936385 0.835506 0.956434 0.760324 0.910075 0.761627 0.924173 0.877414 0.927594 0.741466 0.765289 0.684712 0.000000 0.785749 0.803463 0.866618 0.912427 0.934862 0.923972 0.794426 0.752289 0.988615 0.935002 0.776658 0.688434 0.692987 0.673374 0.920392 0.861847 0.791654 0.817705 0.849446 0.954037 0.688924 0.685844 0.959800 0.933306 0.982997 0.868768 0.981820 0.911010 0.926543 0.995528 0.936446 0.938146 0.801722 0.825154 0.998671 0.956769 0.778856 0.803018 0.820292 0.619849 0.884716 0.895322 0.989342 0.717245 0.836178 0.705198 0.881347 0.920412 0.984271 0.864816 0.934402 0.913662 0.906798 0.908582 0.787481 0.935184 0.862649 0.942588 0.733045 0.739321 0.858066 0.894495 0.992848 0.994678 0.981549 0.946594 0.602069 0.603804 0.911555 0.671507 0.601611 0.731651 0.949382 0.942239 0.759520 0.796394 0.856596 0.939871 0.769694 0.733620 0.822872 0.746195 0.841084 0.835633
0.443755 0.502200 0.770175 0.985197 0.789057 0.954067 0.524395 0.676282 0.838676 0.944893 0.482507 0.475515 0.394984 0.417149 0.524727 0.651136 0.462096 0.468919 0.434509 0.512513 0.965531 0.812919 0.608845 0.805408 0.943820 0.839693 0.995316 0.960872 0.480013 0.537227 0.789855 0.785749 0.000000 0.376925 0.765914 0.970860 0.783631 0.933585 0.942821 0.973385 0.787764 0.937067 0.931427 0.845961 0.762793 0.699346 0.677802 0.672466 0.668591 0.573086 0.555531 0.601012 0.738402 0.951708 0.635500 0.638952 0.489615 0.515631 0.496397 0.605080 0.385684 0.441123 0.347669 0.400414 0.817958 0.809355 0.648070 0.767561 0.738591 0.653415 0.874740 0.955904 0.701674 0.837121 0.767067 0.747068 0.853419 0.826758 0.523924 0.590063 0.466498 0.555513 0.555422 0.553493 0.470754 0.616811 0.766257 0.689712 0.647987 0.697415 0.856154 0.639512 0.777265 0.536412 0.952838 0.977457 0.459382 0.947718 0.712897 0.801337 0.993046 0.959478 0.698460 0.786096 0.845305 0.753247 0.882723 0.958544 0.965112 0.741550 0.795317 0.722660 0.941397 0.722950 0.760099 0.711553
0.427193 0.465224 0.672356 0.799764 0.782705 0.869546 0.411498 0.457090 0.790141 0.845557 0.416237 0.417269 0.372688 0.403664 0.674649 0.655194 0.476631 0.539643 0.376732 0.481446 0.952164 0.911787 0.803382 0.836693 0.937754 0.922409 0.877301 0.913596 0.501346 0.549977 0.867846 0.803463 0.376925 0.000000 0.881272 0.987101 0.803014 0.918459 0.979984 0.891030 0.805689 0.969346 0.707358 0.661624 0.687338 0.509279 0.559933 0.440901 0.528934 0.469229 0.404895 0.477691 0.742672 0.905622 0.572123 0.551291 0.524756 0.515210 0.378915 0.489265 0.320522 0.340665 0.407237 0.440776 0.809820 0.654450 0.536902 0.634628 0.755603 0.592282 0.783181 0.966601 0.682860 0.728410 0.687408 0.760547 0.657001 0.765517 0.553373 0.562880 0.500388 0.588599 0.595134 0.654880 0.572756 0.568601 0.865187 0.855702 0.703266 0.646945 0.988141 0.785335 0.919366 0.689520 0.983637 0.868954 0.566193 0.881607 0.640697 0.714696 0.815824 0.951813 0.597333 0.653995 0.797332 0.669681 0.983033 0.937362 0.994630 0.726484 0.741928 0.596203 0.773553 0.590356 0.684796 0.737760
0.858778 0.871560 0.640403 0.786762 0.928098 0.755715 0.994154 0.953778 0.927981 0.661436 0.988528 0.978531 0.914080 0.935037 0.966587 0.959860 0.960833 0.916771 0.950060 0.935917 0.766521 0.922323 0.897798 0.728643 0.582263 0.638013 0.963198 0.676824 0.851145 0.734495 0.848332 0.866618 0.765914 0.881272 0.000000 0.716915 0.673939 0.878266 0.647553 0.755954 0.747054 0.958878 0.977685 0.970608 0.936294 0.928311 0.843334 0.827327 0.791361 0.991361 0.876350 0.820477 0.891176 0.993838 0.713263 0.757269 0.924829 0.965110 0.779296 0.828998 0.904269 0.990400 0.936380 0.982613 0.568807 0.743168 0.586390 0.590365 0.900156 0.866657 0.827825 0.971809 0.958575 0.923528 0.925342 0.992373 0.948621 0.968205 0.940316 0.998855 0.944556 0.987047 0.983223 0.891658 0.781254 0.692723 0.945706 0.978304 0.798414 0.744425 0.960140 0.849030 0.903174 0.968515 0.727896 0.994118 0.842303 0.999027 0.865854 0.791932 0.871768 0.823813 0.930667 0.891394 0.782676 0.642037 0.999923 0.988907 0.871547 0.946203 0.849487 0.763747 0.940814 0.956357 0.850914 0.974555
0.840288 0.887118 0.966218 0.913610 0.883451 0.808876 0.869712 0.971509 0.793847 0.904900 0.807684 0.900152 0.878246 0.979607 0.861840 0.999522 0.804731 0.839072 0.839867 0.848067 0.920720 0.952417 0.899202 0.866422 0.793038 0.781007 0.839556 0.867287 0.856440 0.752756 0.797137 0.912427 0.970860 0.987101 0.716915 0.000000 0.895886 0.784328 0.785861 0.845633 0.962289 0.961917 0.881690 0.927609 0.979269 0.998515 0.940790 0.931979 0.862370 0.929480 0.902993 0.930756 0.978729 0.896002 0.915025 0.920526 0.758679 0.827316 0.983098 0.987270 0.888882 0.887412 0.845906 0.851764 0.957170 0.918819 0.746409 0.766833 0.839449 0.928186 0.826837 0.957324 0.869031 0.983070 0.856253 0.898130 0.811279 0.849983 0.840177 0.969545 0.764312 0.790393 0.969637 0.853821 0.874494 0.982135 0.861718 0.952462 0.990657 0.977456 0.857968 0.961921 0.712311 0.857952 0.844529 0.979357 0.944325 0.901676 0.964478 0.913419 0.889849 0.937244 0.961513 0.847118 0.849351 0.815287 0.943091 0.896505 0.959635 0.988022 0.952236 0.991416 0.954610 0.994262 0.992363 0.844819
0.718325 0.703477 0.456819 0.559694 0.815730 0.821178 0.858618 0.715445 0.795289 0.723947 0.941289 0.805408 0.875513 0.928069 0.934142 0.892137 0.909013 0.950874 0.942731 0.866817 0.755893 0.955158 0.951420 0.700702 0.552724 0.626625 0.819508 0.880108 0.941165 0.954333 0.762665 0.934862 0.783631 0.803014 0.673939 0.895886 0.000000 0.730680 0.643664 0.798045 0.808439 0.877635 0.789635 0.855340 0.832248 0.997150 0.628907 0.707449 0.918188 0.892897 0.799680 0.760846 0.946465 0.848587 0.561462 0.726231 0.831979 0.733677 0.697401 0.663138 0.816311 0.845994 0.874905 0.913637 0.531287 0.583083 0.580123 0.642111 0.671802 0.661142 0.897978 0.957852 0.743366 0.819371 0.826776 0.847376 0.748016 0.934939 0.780143 0.925279 0.878554 0.824889 0.778416 0.808275 0.746848 0.520848 0.799116 0.946257 0.719172 0.728658 0.888210 0.840210 0.931421 0.989931 0.928266 0.816141 0.747949 0.801527 0.885027 0.884789 0.992940 0.759653 0.969088 0.979849 0.602680 0.670998 0.941282 0.855352 0.987207 0.734188 0.998055 0.927736 0.963395 0.901528 0.690492 0.987096
0.905317 0.860325 0.852492 0.823783 0.944712 0.934442 0.981207 0.782294 0.798346 0.839382 0.910331 0.825906 0.963629 0.840478 0.863435 0.933780 0.935815 0.868847 0.985162 0.804808 0.866871 0.873794 0.820059 0.848781 0.811844 0.862235 0.842854 0.930487 0.999003 0.961354 0.949007 0.923972 0.933585 0.918459 0.878266 0.784328 0.730680 0.000000 0.712636 0.845788 0.982474 0.914744 0.809358 0.896430 0.987936 0.978305 0.797250 0.912336 0.915961 0.859112 0.871341 0.935049 0.822151 0.841130 0.826403 0.880691 0.872322 0.864178 0.937653 0.956620 0.933465 0.887619 0.961186 0.934532 0.832142 0.676947 0.790486 0.733173 0.889307 0.875824 0.864800 0.853358 0.942359 0.912689 0.997258 0.830280 0.906806 0.766905 0.858107 0.918480 0.942973 0.916038 0.877165 0.872631 0.928878 0.759135 0.837998 0.941533 0.724091 0.926733 0.999459 0.973471 0.908139 0.861245 0.937813 0.800055 0.855309 0.864356 0.992317 0.906097 0.823774 0.984872 0.925453 0.937126 0.562588 0.704687 0.932288 0.969025 0.917082 0.907847 0.958391 0.999829 0.875815 0.937075 0.722891 0.977861
