0.000000 0.259970 0.979539 0.781962 0.903415 0.851666 0.825409 0.575761 0.719196 0.614381 0.344173 0.343538 0.501432 0.448772 0.627522 0.712011 0.344689 0.283217 0.334148 0.317523 0.595755 0.991881 0.582042 0.739826 0.891462 0.683443 0.797807 0.880269 0.395895 0.422311 0.657441 0.689368 0.587824 0.600784 0.886586 0.851784 0.755780 0.954749 0.755029 0.810145 0.790804 0.826090 0.800803 0.723881 0.865976 0.705660 0.574359 0.664374 0.457251 0.633687 0.837224 0.926367 0.986389 0.728820 0.747020 0.952963 0.266455 0.377534 0.521449 0.668529 0.684054 0.786938 0.358949 0.377303 0.749886 0.767465 0.869653 0.797976 0.492650 0.559231 0.794543 0.872727 0.666375 0.826166 0.931230 0.986069 0.768555 0.875177 0.706649 0.478940 0.352600 0.300415 0.397920 0.563508 0.365037 0.560100 0.883917 0.621983 0.854690 0.566844 0.757798 0.593059 0.622040 0.477327 0.923786 0.933755 0.854873 0.787202 0.844539 0.851775 0.856534 0.762855 0.849228 0.876701 0.942082 0.958722 0.810204 0.666217 0.887432 0.957861 0.933017 0.900750 0.785157 0.993527 0.978457 0.769869
0.259970 0.000000 0.904356 0.851281 0.990367 0.758547 0.945202 0.577831 0.650218 0.678559 0.485893 0.395195 0.623903 0.514874 0.807314 0.825214 0.353942 0.338710 0.433642 0.346328 0.675835 0.945611 0.731140 0.855742 0.793368 0.765137 0.936970 0.812792 0.425714 0.484140 0.749821 0.726635 0.680244 0.608586 0.900875 0.954144 0.782407 0.968702 0.755402 0.732328 0.785161 0.883186 0.839742 0.714916 0.807290 0.654106 0.571671 0.698570 0.381662 0.601204 0.852567 0.959399 0.945519 0.681634 0.730872 0.903341 0.236636 0.252582 0.607097 0.643842 0.737404 0.722875 0.460850 0.409343 0.697875 0.782328 0.787802 0.857688 0.558049 0.493137 0.947421 0.977245 0.778292 0.970770 0.967186 0.981506 0.834632 0.912044 0.710001 0.528490 0.379293 0.314685 0.482091 0.517860 0.410821 0.592918 0.873251 0.613638 0.957197 0.613508 0.629955 0.487913 0.572106 0.418042 0.872435 0.947438 0.910289 0.795451 0.884809 0.933209 0.813906 0.665610 0.870494 0.995226 0.922832 0.908882 0.682768 0.621663 0.925611 0.952996 0.951929 0.939675 0.768401 0.972591 0.922195 0.758357
0.979539 0.904356 0.000000 0.451724 0.772339 0.716575 0.379472 0.603838 0.711997 0.726428 0.899463 0.968876 0.696964 0.858336 0.717481 0.810730 0.951797 0.998742 0.846828 0.980025 0.931793 0.924983 0.625079 0.829788 0.900834 0.647976 0.994589 0.943316 0.867990 0.879787 0.582455 0.597270 0.558445 0.731832 0.578562 0.906654 0.959433 0.872319 0.912797 0.853133 0.977969 0.959171 0.618844 0.630100 0.561852 0.655006 0.684879 0.613125 0.865545 0.629672 0.485025 0.506263 0.509108 0.445276 0.715687 0.886051 0.971323 0.796347 0.931890 0.775603 0.628539 0.751086 0.933951 0.989025 0.462943 0.746322 0.416941 0.594800 0.932076 0.844648 0.853075 0.821857 0.750377 0.566593 0.772549 0.919372 0.771455 0.655576 0.942643 0.967017 0.929122 0.934468 0.932939 0.964307 0.873287 0.997869 0.744504 0.858626 0.810332 0.967044 0.595039 0.654300 0.675017 0.738310 0.765977 0.927534 0.726725 0.938651 0.641174 0.560234 0.711925 0.706887 0.746129 0.592462 0.584698 0.573821 0.936726 0.912400 0.961970 0.758370 0.735175 0.761350 0.655147 0.723122 0.656473 0.951590
0.781962 0.851281 0.451724 0.000000 0.759175 0.757689 0.452076 0.416266 0.794545 0.641182 0.752455 0.651674 0.605015 0.604428 0.582423 0.612270 0.800432 0.810705 0.695567 0.672240 0.884406 0.956667 0.497011 0.610495 0.907694 0.822671 0.952633 0.921427 0.699413 0.752792 0.533238 0.635201 0.551857 0.697691 0.751924 0.883108 0.840486 0.818915 0.862910 0.970394 0.927649 0.963172 0.616308 0.603805 0.587179 0.573298 0.716064 0.637279 0.673844 0.467862 0.505671 0.499606 0.616657 0.661157 0.740469 0.963977 0.867332 0.984023 0.773121 0.989891 0.579897 0.521109 0.753240 0.822897 0.591550 0.651192 0.577206 0.714291 0.932131 0.761005 0.830570 0.785491 0.675576 0.613209 0.665138 0.938636 0.567708 0.709495 0.843497 0.889675 0.814751 0.863996 0.793028 0.897540 0.652297 0.685338 0.802467 0.740842 0.867455 0.712882 0.769370 0.834592 0.806750 0.899523 0.762909 0.927551 0.750232 0.946885 0.658199 0.602880 0.762442 0.767141 0.762255 0.721860 0.642479 0.643113 0.936907 0.989981 0.984022 0.815024 0.726932 0.753213 0.643813 0.868338 0.872468 0.830122
0.903415 0.990367 0.772339 0.759175 0.000000 0.816069 0.777599 0.852157 0.834832 0.989707 0.862985 0.886256 0.792538 0.778615 0.756209 0.768089 0.968243 0.999270 0.880337 0.965233 0.952384 0.892823 0.751953 0.678438 0.945147 0.991675 0.847278 0.782861 0.983112 0.941094 0.924829 0.994391 0.871843 0.981614 0.936345 0.947178 0.848470 0.935120 0.971855 0.994799 0.930811 0.949632 0.849634 0.867411 0.943000 0.997026 0.872905 0.870507 0.908708 0.893566 0.773582 0.801964 0.738816 0.858003 0.861073 0.919111 0.961304 0.811790 0.905083 0.868430 0.775360 0.830654 0.932328 0.988890 0.860351 0.807552 0.805249 0.901080 0.936145 0.947920 0.942882 0.952153 0.818153 0.821990 0.978109 0.859162 0.977201 0.895333 0.887502 0.987645 0.984002 0.972325 0.922018 0.988041 0.783761 0.805862 0.978433 0.782669 0.743295 0.996217 0.760118 0.818483 0.958947 0.891139 0.984251 0.995419 0.996447 0.991332 0.893639 0.805958 0.831944 0.804874 0.971009 0.958507 0.900154 0.849039 0.836402 0.925222 0.909003 0.729363 0.993576 0.923412 0.933623 0.962842 0.753171 0.837456
0.851666 0.758547 0.716575 0.757689 0.816069 0.000000 0.619751 0.726701 0.648257 0.805779 0.956241 0.982468 0.902947 0.959869 0.843192 0.744463 0.871436 0.807417 0.898354 0.832659 0.945081 0.887421 0.991835 0.936397 0.916528 0.867869 0.777711 0.811930 0.859095 0.926962 0.900932 0.844061 0.821491 0.990885 0.763881 0.965874 0.994775 0.899708 0.832500 0.977383 0.822699 0.971760 0.603697 0.719624 0.716405 0.794871 0.879045 0.787892 0.973657 0.842987 0.680037 0.714394 0.739224 0.629095 0.898039 0.926814 0.755620 0.608101 0.874121 0.996365 0.718535 0.758289 0.970458 0.973621 0.632713 0.579802 0.555373 0.603504 0.640076 0.896659 0.751657 0.686116 0.931201 0.852443 0.716792 0.908613 0.732192 0.873331 0.938472 0.966572 0.941316 0.767288 0.908718 0.865209 0.907246 0.982492 0.926178 0.847911 0.958922 0.920335 0.644994 0.625366 0.631157 0.647483 0.869372 0.846026 0.734104 0.704597 0.707324 0.608424 0.702045 0.799968 0.802276 0.839645 0.707799 0.667845 0.781835 0.760220 0.784502 0.961859 0.729379 0.674924 0.872850 0.805790 0.765074 0.861542
0.825409 0.945202 0.379472 0.452076 0.777599 0.619751 0.000000 0.426481 0.706268 0.470763 0.699019 0.760307 0.478590 0.652682 0.508260 0.594162 0.745182 0.757964 0.577477 0.827805 0.823276 0.994665 0.550612 0.793760 0.989742 0.880005 0.974822 0.944862 0.679765 0.593114 0.369968 0.456485 0.367769 0.491747 0.727536 0.999135 0.841313 0.761199 0.743599 0.923595 0.993337 0.999995 0.363368 0.404964 0.375619 0.460261 0.558203 0.418946 0.669251 0.506173 0.314566 0.366373 0.405349 0.404648 0.648062 0.809569 0.875859 0.890621 0.784127 0.819927 0.410627 0.671222 0.649973 0.714416 0.642428 0.760064 0.344647 0.512270 0.961506 0.833618 0.566672 0.551439 0.556267 0.458288 0.745276 0.830486 0.529033 0.513320 0.669458 0.706196 0.705061 0.938594 0.771256 0.820849 0.774334 0.938041 0.748733 0.901514 0.854513 0.872059 0.609978 0.662297 0.739684 0.795754 0.795753 0.714659 0.660604 0.785735 0.473996 0.350083 0.535369 0.596073 0.577855 0.449804 0.615100 0.507151 0.884170 0.877303 0.823480 0.797330 0.640890 0.578345 0.558233 0.646437 0.663863 0.894011
0.575761 0.577831 0.603838 0.416266 0.852157 0.726701 0.426481 0.000000 0.940396 0.439975 0.585212 0.409313 0.432953 0.378405 0.553257 0.515513 0.613441 0.649726 0.571171 0.593293 0.789671 0.923595 0.579516 0.720079 0.952306 0.945495 0.944371 0.747034 0.561821 0.582926 0.505243 0.526730 0.477263 0.504862 0.851573 0.924913 0.811523 0.850362 0.718862 0.954299 0.885198 0.977695 0.364011 0.379214 0.381942 0.350185 0.456914 0.396392 0.342661 0.301045 0.385705 0.412583 0.617231 0.745663 0.675764 0.861359 0.659549 0.768708 0.517506 0.768100 0.349159 0.343355 0.479855 0.498876 0.705353 0.648972 0.567678 0.604581 0.976942 0.633177 0.679220 0.722890 0.636174 0.618698 0.712754 0.874342 0.525603 0.660029 0.818094 0.718782 0.578224 0.721866 0.646114 0.787840 0.526980 0.659580 0.913976 0.751136 0.875503 0.632926 0.854018 0.976442 0.899038 0.887824 0.740001 0.803172 0.729269 0.895326 0.463238 0.394547 0.694416 0.873026 0.579336 0.676461 0.663079 0.694429 0.863894 0.996761 0.793606 0.775246 0.616199 0.524779 0.574877 0.713589 0.765248 0.799255
0.719196 0.650218 0.711997 0.794545 0.834832 0.648257 0.706268 0.940396 0.000000 0.836936 0.869082 0.783646 0.982410 0.839502 0.836521 0.941963 0.835246 0.749064 0.852144 0.738043 0.901511 0.967452 0.981051 0.913678 0.951930 0.773326 0.972119 0.941044 0.775740 0.891175 0.835663 0.892720 0.900830 0.944028 0.726736 0.904785 0.993156 0.785400 0.890529 0.875619 0.965530 0.941321 0.798341 0.900663 0.841167 0.972532 0.986518 0.832911 0.866143 0.914643 0.720865 0.622593 0.629002 0.567673 0.959094 0.919902 0.648868 0.538580 0.872552 0.765493 0.938964 0.899585 0.790198 0.801508 0.639452 0.759317 0.655786 0.808239 0.770671 0.803535 0.779392 0.660458 0.807811 0.658023 0.857630 0.908598 0.698047 0.791135 0.933776 0.955806 0.843660 0.708157 0.718950 0.726237 0.808167 0.870471 0.724626 0.769900 0.760216 0.830581 0.501079 0.455956 0.472671 0.531044 0.780131 0.966181 0.784958 0.758453 0.672961 0.669559 0.636443 0.703154 0.732846 0.729502 0.791092 0.779390 0.821615 0.701070 0.866519 0.881163 0.849193 0.741011 0.790179 0.824632 0.848654 0.848773
0.614381 0.678559 0.726428 0.641182 0.989707 0.805779 0.470763 0.439975 0.836936 0.000000 0.453521 0.515677 0.559337 0.612171 0.513594 0.564681 0.452399 0.510317 0.560519 0.651684 0.646962 0.992862 0.590257 0.786273 0.960958 0.990563 0.907780 0.973005 0.494126 0.424018 0.371718 0.506483 0.422277 0.469362 0.979432 0.950495 0.678379 0.801151 0.848518 0.943969 0.902435 0.948079 0.499191 0.487648 0.504460 0.453369 0.529375 0.425271 0.479452 0.524722 0.530551 0.590482 0.718230 0.851848 0.790817 0.879061 0.679726 0.822941 0.579286 0.960279 0.535750 0.582071 0.465573 0.411792 0.927636 0.969586 0.696033 0.750268 0.867595 0.719615 0.557448 0.546318 0.596260 0.565660 0.782432 0.906365 0.622441 0.545887 0.684101 0.493151 0.442637 0.616041 0.686573 0.700541 0.610652 0.763279 0.878720 0.949754 0.891011 0.744795 0.917975 0.999253 0.964893 0.866366 0.925961 0.912758 0.649395 0.942492 0.575181 0.503708 0.747557 0.929160 0.536671 0.559221 0.729325 0.694062 0.964998 0.949062 0.691527 0.939871 0.734255 0.642545 0.715887 0.796301 0.822316 0.750150
0.344173 0.485893 0.899463 0.752455 0.862985 0.956241 0.699019 0.585212 0.869082 0.453521 0.000000 0.366019 0.412258 0.471296 0.470003 0.498227 0.346906 0.328514 0.341289 0.436304 0.682742 0.965828 0.490250 0.649807 0.999437 0.759739 0.758981 0.992625 0.401626 0.331610 0.595320 0.689409 0.477208 0.591125 0.813062 0.977917 0.706130 0.922710 0.862757 0.875426 0.811876 0.838681 0.722712 0.689419 0.828838 0.685462 0.596126 0.644261 0.536434 0.644770 0.810721 0.898379 0.986845 0.817662 0.840334 0.953813 0.459698 0.575702 0.492125 0.781771 0.612961 0.756112 0.336853 0.332065 0.882666 0.834559 0.928323 0.899596 0.666462 0.653110 0.718590 0.712815 0.609038 0.701232 0.919719 0.912063 0.747634 0.733368 0.670435 0.500092 0.401628 0.396166 0.443111 0.601975 0.449015 0.578712 0.988171 0.675731 0.902579 0.631043 0.823032 0.709843 0.716309 0.583532 0.933570 0.836712 0.766348 0.743162 0.848291 0.773488 0.968719 0.868796 0.807199 0.690588 0.935707 0.844644 0.837850 0.718338 0.844463 0.858765 0.996927 0.821338 0.841094 0.916760 0.930791 0.781599
0.343538 0.395195 0.968876 0.651674 0.886256 0.982468 0.760307 0.409313 0.783646 0.515677 0.366019 0.000000 0.413766 0.278718 0.502829 0.455441 0.401755 0.396115 0.432956 0.415045 0.767391 0.965390 0.526698 0.568807 0.939220 0.680046 0.864121 0.801916 0.440486 0.411212 0.612685 0.679564 0.588461 0.529063 0.815170 0.834662 0.739041 0.952041 0.851568 0.788018 0.992209 0.903355 0.623974 0.600988 0.709206 0.567070 0.566990 0.584077 0.346630 0.513327 0.747007 0.837126 0.991185 0.771437 0.836611 0.979137 0.476015 0.517555 0.519458 0.616624 0.531935 0.481617 0.324634 0.315736 0.921859 0.879902 0.975582 0.982764 0.740042 0.636566 0.734606 0.761494 0.713351 0.798615 0.892087 0.963328 0.689529 0.814289 0.774363 0.617298 0.462098 0.450257 0.500307 0.695670 0.371168 0.397902 0.979392 0.573732 0.905135 0.538866 0.768704 0.604287 0.667528 0.497907 0.979571 0.801295 0.916438 0.760886 0.778422 0.741319 0.999903 0.814433 0.847004 0.861692 0.959422 0.975163 0.671764 0.740182 0.869543 0.812708 0.936736 0.813353 0.836622 0.995075 0.959467 0.706481
0.501432 0.623903 0.696964 0.605015 0.792538 0.902947 0.478590 0.432953 0.982410 0.559337 0.412258 0.413766 0.000000 0.343432 0.331991 0.366127 0.551352 0.536057 0.411741 0.612087 0.851868 0.985535 0.431242 0.651065 0.975537 0.784425 0.837747 0.908636 0.510838 0.419782 0.470519 0.540971 0.451017 0.521895 0.920758 0.949965 0.845327 0.996875 0.827745 0.977062 0.957310 0.897711 0.451710 0.455676 0.599297 0.535395 0.465655 0.499822 0.521204 0.497370 0.535200 0.574519 0.703802 0.832917 0.712280 0.998793 0.589684 0.745626 0.493703 0.748234 0.386088 0.640571 0.366352 0.417291 0.847589 0.914280 0.622602 0.774584 0.888006 0.836845 0.614446 0.700292 0.618215 0.637373 0.887278 0.813145 0.617959 0.589814 0.670434 0.680320 0.611762 0.656755 0.474619 0.809298 0.551798 0.636935 0.873750 0.670126 0.769638 0.673413 0.940128 0.910217 0.914139 0.735657 0.914208 0.723033 0.761556 0.987499 0.587246 0.523315 0.730163 0.920957 0.617034 0.644112 0.672185 0.702186 0.855203 0.862759 0.866897 0.662813 0.813596 0.679268 0.663921 0.763398 0.683173 0.809767
0.448772 0.514874 0.858336 0.604428 0.778615 0.959869 0.652682 0.378405 0.839502 0.612171 0.471296 0.278718 0.343432 0.000000 0.437811 0.368349 0.572473 0.555286 0.430612 0.491273 0.815550 0.971363 0.418718 0.451987 0.979743 0.686497 0.897960 0.846185 0.462363 0.461181 0.580928 0.583371 0.566857 0.527667 0.952551 0.849298 0.812586 0.979460 0.890042 0.787670 0.895848 0.903954 0.540356 0.553241 0.623444 0.526624 0.551501 0.577305 0.383956 0.464792 0.588242 0.688125 0.850307 0.965331 0.763186 0.987423 0.606494 0.667301 0.591286 0.698543 0.477668 0.457494 0.377709 0.430421 0.995776 0.746824 0.819000 0.878111 0.804607 0.716939 0.703426 0.815292 0.690413 0.740519 0.795655 0.870877 0.728953 0.836823 0.825828 0.741396 0.599689 0.582259 0.505973 0.775311 0.371754 0.378781 0.929602 0.533408 0.901476 0.533469 0.874928 0.695478 0.726201 0.555353 0.950709 0.831179 0.991684 0.840821 0.762562 0.642739 0.920191 0.942701 0.855008 0.832088 0.854337 0.885665 0.789916 0.787963 0.868841 0.782101 0.854853 0.753836 0.790694 0.927570 0.943717 0.782407
0.627522 0.807314 0.717481 0.582423 0.756209 0.843192 0.508260 0.553257 0.836521 0.513594 0.470003 0.502829 0.331991 0.437811 0.000000 0.315841 0.608908 0.602271 0.465369 0.658441 0.822150 0.954063 0.319007 0.530331 0.984950 0.820370 0.842443 0.951749 0.570689 0.446270 0.405445 0.559800 0.458060 0.475562 0.978734 0.887950 0.859557 0.923795 0.952716 0.969702 0.938847 0.789857 0.575929 0.585598 0.665708 0.583029 0.660406 0.588296 0.641198 0.559268 0.637249 0.621692 0.715272 0.832249 0.846258 0.912012 0.769272 0.894699 0.659886 0.932617 0.552962 0.675099 0.401626 0.503455 0.832175 0.920785 0.598616 0.847078 0.890066 0.917116 0.520214 0.616069 0.554174 0.600940 0.821965 0.833849 0.580954 0.642104 0.792107 0.663763 0.655849 0.713937 0.589453 0.839484 0.543714 0.566926 0.855103 0.678164 0.800330 0.703797 0.956687 0.999913 0.931528 0.808257 0.890680 0.779454 0.781439 0.902206 0.718426 0.616380 0.718191 0.887216 0.738680 0.560526 0.760678 0.730346 0.955815 0.912177 0.817844 0.748773 0.861467 0.782929 0.785492 0.793438 0.695569 0.797483
0.712011 0.825214 0.810730 0.612270 0.768089 0.744463 0.594162 0.515513 0.941963 0.564681 0.498227 0.455441 0.366127 0.368349 0.315841 0.000000 0.702232 0.702159 0.585555 0.790824 0.894868 0.985900 0.444912 0.475754 0.840270 0.739730 0.996287 0.853361 0.575378 0.489986 0.549460 0.640580 0.559924 0.616381 0.961155 0.947669 0.883309 0.921202 0.952165 0.970139 0.907847 0.908350 0.500134 0.525214 0.662745 0.570836 0.670314 0.601249 0.573036 0.614350 0.645186 0.672378 0.815522 0.878756 0.897288 0.908386 0.873329 0.934975 0.608195 0.800357 0.468274 0.577455 0.418944 0.489652 0.859983 0.752070 0.625250 0.743473 0.923613 0.969044 0.639096 0.631023 0.758798 0.718690 0.794414 0.885082 0.723837 0.655775 0.766883 0.780613 0.761651 0.809275 0.677376 0.941299 0.607160 0.510408 0.868107 0.695038 0.866869 0.658104 0.975927 0.896664 0.878908 0.748401 0.908861 0.781189 0.837012 0.930278 0.748006 0.638122 0.790891 0.915084 0.806094 0.711964 0.755031 0.790662 0.899051 0.903149 0.800125 0.764588 0.845955 0.810116 0.783281 0.837679 0.796150 0.839369
0.344689 0.353942 0.951797 0.800432 0.968243 0.871436 0.745182 0.613441 0.835246 0.452399 0.346906 0.401755 0.551352 0.572473 0.608908 0.702232 0.000000 0.223486 0.386382 0.384141 0.667831 0.872537 0.650987 0.839054 0.950735 0.715650 0.967580 0.981187 0.351904 0.274544 0.566079 0.602727 0.474166 0.453800 0.921398 0.964764 0.726240 0.884995 0.817722 0.766163 0.717547 0.852818 0.731987 0.626102 0.710300 0.549327 0.556268 0.539856 0.478016 0.640762 0.807578 0.977070 0.981906 0.776052 0.728417 0.916737 0.288744 0.384511 0.628442 0.835297 0.677267 0.778401 0.336389 0.275742 0.714777 0.699302 0.972873 0.981966 0.666403 0.581917 0.777525 0.705152 0.661801 0.833694 0.940738 0.977442 0.732360 0.700842 0.550071 0.427575 0.256856 0.329325 0.492320 0.446426 0.502712 0.671438 0.978273 0.689199 0.998512 0.707458 0.633927 0.580731 0.624173 0.495083 0.903785 0.852468 0.858531 0.722517 0.832489 0.807371 0.901038 0.799193 0.782304 0.705470 0.996420 0.965670 0.702946 0.684605 0.872571 0.904100 0.994872 0.883947 0.744964 0.923658 0.932184 0.789125
0.283217 0.338710 0.998742 0.810705 0.999270 0.807417 0.757964 0.649726 0.749064 0.510317 0.328514 0.396115 0.536057 0.555286 0.602271 0.702159 0.223486 0.000000 0.327259 0.351079 0.625495 0.876883 0.595238 0.773370 0.920453 0.694522 0.903405 0.992041 0.312266 0.271163 0.574192 0.653888 0.502601 0.493927 0.814099 0.942361 0.740741 0.917508 0.809002 0.814371 0.687202 0.822399 0.794319 0.672041 0.789133 0.623299 0.646472 0.591492 0.484879 0.666838 0.850685 0.984561 0.972080 0.797224 0.769370 0.903873 0.279093 0.378790 0.659462 0.852181 0.717470 0.878202 0.341276 0.311815 0.674369 0.672481 0.938542 0.861723 0.577756 0.606533 0.760807 0.717268 0.632117 0.790346 0.997160 0.982254 0.737200 0.724185 0.542834 0.403868 0.284752 0.297879 0.423329 0.473211 0.467610 0.662222 0.991083 0.659104 0.980328 0.732527 0.648904 0.590796 0.574847 0.484574 0.870093 0.858589 0.888758 0.745790 0.873212 0.845763 0.849616 0.778613 0.854629 0.774824 0.996519 0.980807 0.760792 0.703553 0.924049 0.927735 0.973971 0.961352 0.754016 0.936635 0.990860 0.833167
0.334148 0.433642 0.846828 0.695567 0.880337 0.898354 0.577477 0.571171 0.852144 0.560519 0.341289 0.432956 0.411741 0.430612 0.465369 0.585555 0.386382 0.327259 0.000000 0.339380 0.656048 0.954224 0.401230 0.617949 0.865583 0.680967 0.813970 0.995048 0.372896 0.339937 0.496039 0.529639 0.447060 0.481353 0.899538 0.920018 0.777281 0.863203 0.791976 0.875769 0.796579 0.814919 0.686897 0.639654 0.708726 0.613428 0.565164 0.582737 0.471230 0.580482 0.680441 0.807982 0.829893 0.978777 0.685743 0.840008 0.389177 0.533768 0.705609 0.985684 0.651400 0.782862 0.386402 0.423057 0.827733 0.807463 0.913101 0.933851 0.576349 0.629074 0.646686 0.789494 0.543182 0.644609 0.936687 0.864752 0.647070 0.759670 0.605001 0.456036 0.400075 0.407355 0.376420 0.550056 0.387506 0.578902 0.935978 0.558250 0.916283 0.594928 0.826562 0.731764 0.685101 0.609087 0.857384 0.748740 0.862224 0.845893 0.819679 0.745048 0.982302 0.913859 0.814310 0.700441 0.929602 0.887518 0.863129 0.665372 0.911887 0.852892 0.961077 0.857215 0.710600 0.828367 0.986078 0.756900
0.317523 0.346328 0.980025 0.672240 0.965233 0.832659 0.827805 0.593293 0.738043 0.651684 0.436304 0.415045 0.612087 0.491273 0.658441 0.790824 0.384141 0.351079 0.339380 0.000000 0.689165 0.960806 0.527545 0.696745 0.811389 0.814588 0.819604 0.965819 0.399594 0.454414 0.661335 0.672535 0.602062 0.579382 0.884603 0.902862 0.797205 0.776446 0.864368 0.769637 0.743389 0.727688 0.897499 0.818207 0.822497 0.690122 0.695073 0.699187 0.480325 0.569906 0.842043 0.962310 0.991263 0.747911 0.717798 0.929158 0.353507 0.402603 0.731839 0.901153 0.833066 0.703148 0.517407 0.507135 0.735920 0.820913 0.858806 0.814287 0.427661 0.495416 0.821947 0.994008 0.623970 0.773763 0.937018 0.985237 0.736596 0.949382 0.710171 0.567975 0.379637 0.308261 0.374951 0.481548 0.369462 0.535948 0.984875 0.532451 0.965180 0.578379 0.669854 0.570741 0.654743 0.516497 0.908984 0.898905 0.964157 0.795603 0.996430 0.944494 0.820425 0.755047 0.999362 0.922996 0.974917 0.923636 0.783475 0.650079 0.971437 0.958853 0.996752 0.939431 0.877201 0.929752 0.890217 0.750599
0.595755 0.675835 0.931793 0.884406 0.952384 0.945081 0.823276 0.789671 0.901511 0.646962 0.682742 0.767391 0.851868 0.815550 0.822150 0.894868 0.667831 0.625495 0.656048 0.689165 0.000000 0.906109 0.861251 0.986588 0.909347 0.887191 0.892886 0.919832 0.689664 0.770152 0.684238 0.750293 0.766132 0.778147 0.865655 0.974554 0.836738 0.946245 0.762593 0.826920 0.828481 0.777395 0.778167 0.731715 0.838547 0.746422 0.730111 0.718511 0.647544 0.878127 0.804835 0.850244 0.928274 0.993440 0.757870 0.841762 0.685975 0.777572 0.827769 0.989737 0.842100 0.892273 0.707971 0.720824 0.901260 0.872410 0.938419 0.981715 0.731888 0.818117 0.843091 0.770571 0.752744 0.764888 0.812073 0.937728 0.935915 0.875761 0.844175 0.706688 0.673862 0.698883 0.725064 0.818570 0.764052 0.969485 0.873589 0.932363 0.992184 0.758056 0.948122 0.945144 0.943625 0.834488 0.961062 0.922206 0.888951 0.983847 0.766355 0.832530 0.988117 0.972358 0.813570 0.785860 0.960447 0.907989 0.895009 0.916210 0.930478 0.837974 0.942501 0.938641 0.881168 0.995439 0.998156 0.870532
0.991881 0.945611 0.924983 0.956667 0.892823 0.887421 0.994665 0.923595 0.967452 0.992862 0.965828 0.965390 0.985535 0.971363 0.954063 0.985900 0.872537 0.876883 0.954224 0.960806 0.906109 0.000000 0.988455 0.994113 0.996091 0.950418 0.958252 0.984242 0.985978 0.875673 0.974832 0.998565 0.993631 0.876748 0.874939 0.747927 0.942284 0.710241 0.919374 0.931452 0.964703 0.978032 0.965417 0.995756 0.939390 0.978026 0.941610 0.929353 0.963624 0.995862 0.950412 0.980528 0.941048 0.971241 0.976033 0.892547 0.961279 0.982149 0.819420 0.957435 0.890848 0.995862 0.984996 0.943475 0.803809 0.967135 0.957257 0.985996 0.998021 0.928270 0.958341 0.923515 0.964771 0.958436 0.808380 0.913808 0.979483 0.999455 0.988162 0.976513 0.890042 0.907110 0.933210 0.896121 0.971463 0.955477 0.897716 0.953241 0.953756 0.913704 0.909982 0.909147 0.934334 0.944821 0.909382 0.906991 0.897228 0.838967 0.913070 0.856421 0.988771 0.788317 0.892691 0.867571 0.845701 0.949668 0.958767 0.854553 0.932569 0.876515 0.957707 0.997044 0.988614 0.889751 0.888455 0.942360
0.582042 0.731140 0.625079 0.497011 0.751953 0.991835 0.550612 0.579516 0.981051 0.590257 0.490250 0.526698 0.431242 0.418718 0.319007 0.444912 0.650987 0.595238 0.401230 0.527545 0.861251 0.988455 0.000000 0.400821 0.885472 0.875584 0.763909 0.931450 0.504965 0.505795 0.454728 0.562676 0.464355 0.558603 0.991764 0.866108 0.813151 0.908035 0.986728 0.973187 0.911848 0.716238 0.777425 0.760344 0.777381 0.699724 0.715860 0.719566 0.650131 0.559746 0.642611 0.678664 0.754668 0.879499 0.870034 0.908876 0.736729 0.836147 0.778101 0.919660 0.713239 0.722527 0.543633 0.633300 0.913841 0.981683 0.758352 0.970731 0.643167 0.793213 0.607915 0.821906 0.500591 0.521243 0.804119 0.862770 0.701282 0.737684 0.820578 0.709183 0.679361 0.618719 0.529328 0.821039 0.421167 0.452256 0.809462 0.513355 0.811087 0.687907 0.990509 0.931882 0.887563 0.759257 0.931789 0.879814 0.818138 0.796352 0.868133 0.758502 0.943001 0.977639 0.905920 0.651795 0.791144 0.779988 0.963442 0.853512 0.901789 0.841846 0.886972 0.940869 0.842713 0.863701 0.907384 0.776477
0.739826 0.855742 0.829788 0.610495 0.678438 0.936397 0.793760 0.720079 0.913678 0.786273 0.649807 0.568807 0.651065 0.451987 0.530331 0.475754 0.839054 0.773370 0.617949 0.696745 0.986588 0.994113 0.400821 0.000000 0.992696 0.845785 0.910024 0.955657 0.677754 0.675033 0.733461 0.735992 0.729946 0.779108 0.938121 0.754695 0.909858 0.978568 0.943927 0.856833 0.886097 0.863082 0.873020 0.861133 0.893836 0.801329 0.908809 0.886997 0.735869 0.703714 0.849222 0.889837 0.970886 0.968362 0.964473 0.945656 0.928923 0.932932 0.902384 0.964473 0.815985 0.710671 0.661439 0.753448 0.967900 0.856237 0.907319 0.947567 0.838682 0.865126 0.771309 0.902886 0.860838 0.807199 0.871089 0.915305 0.915562 0.960064 0.922698 0.862891 0.842382 0.774025 0.729250 0.878183 0.534697 0.419333 0.865944 0.548722 0.898443 0.650049 0.880471 0.811820 0.733012 0.722834 0.912011 0.952240 0.900019 0.738163 0.915554 0.928174 0.953634 0.919053 0.880524 0.941007 0.915278 0.934279 0.998549 0.823598 0.963207 0.995827 0.967071 0.998881 0.959275 0.969569 0.863195 0.820971
0.891462 0.793368 0.900834 0.907694 0.945147 0.916528 0.989742 0.952306 0.951930 0.960958 0.999437 0.939220 0.975537 0.979743 0.984950 0.840270 0.950735 0.920453 0.865583 0.811389 0.909347 0.996091 0.885472 0.992696 0.000000 0.654959 0.812850 0.956764 0.963543 0.995891 0.910654 0.858978 0.973569 0.971079 0.794413 0.976516 0.815053 0.967195 0.847757 0.957881 0.885769 0.925197 0.885189 0.993173 0.942292 0.916899 0.970898 0.972346 0.963710 0.797258 0.971229 0.840537 0.819103 0.962578 0.934659 0.814624 0.793763 0.810482 0.977978 0.930979 0.893498 0.982036 0.950846 0.944199 0.965215 0.867733 0.931252 0.853858 0.881018 0.731150 0.950559 0.767196 0.959984 0.989305 0.985403 0.980099 0.816383 0.957184 0.974062 0.887579 0.826159 0.761750 0.864509 0.792103 0.827258 0.938055 0.843702 0.802372 0.748710 0.990664 0.985940 0.943319 0.968544 0.979295 0.954927 0.941608 0.951870 0.958667 0.964593 0.967040 0.920017 0.891688 0.897396 0.950797 0.977036 0.974094 0.878678 0.940338 0.950384 0.956993 0.939457 0.995586 0.822946 0.842330 0.905267 0.815852
0.683443 0.765137 0.647976 0.822671 0.991675 0.867869 0.880005 0.945495 0.773326 0.990563 0.759739 0.680046 0.784425 0.686497 0.820370 0.739730 0.715650 0.694522 0.680967 0.814588 0.887191 0.950418 0.875584 0.845785 0.654959 0.000000 0.964352 0.978453 0.816587 0.688192 0.968502 0.976050 0.990909 0.934176 0.640048 0.910290 0.952108 0.827493 0.970097 0.784784 0.930002 0.973087 0.972694 0.995465 0.818856 0.921784 0.889686 0.975334 0.883763 0.870292 0.872314 0.719103 0.783248 0.679646 0.987107 0.947327 0.713315 0.746324 0.866508 0.789947 0.974608 0.895908 0.647358 0.655957 0.620512 0.801101 0.807622 0.779838 0.891372 0.887019 0.973631 0.864864 0.988614 0.942607 0.906409 0.976646 0.970546 0.947609 0.787599 0.890630 0.851363 0.756922 0.794968 0.980294 0.840794 0.755038 0.804096 0.840079 0.841409 0.808043 0.683062 0.651445 0.622028 0.610066 0.764872 0.819273 0.921620 0.737763 0.962896 0.910925 0.822062 0.769839 0.900733 0.983538 0.749642 0.864780 0.754021 0.845336 0.945191 0.922778 0.765908 0.824834 0.933932 0.892721 0.939941 0.898843
0.797807 0.936970 0.994589 0.952633 0.847278 0.777711 0.974822 0.944371 0.972119 0.907780 0.758981 0.864121 0.837747 0.897960 0.842443 0.996287 0.967580 0.903405 0.813970 0.819604 0.892886 0.958252 0.763909 0.910024 0.812850 0.964352 0.000000 0.993638 0.975155 0.959247 0.982778 0.901515 0.982264 0.910581 0.805710 0.964680 0.881319 0.954206 0.881704 0.945632 0.921096 0.855483 0.769731 0.719106 0.750083 0.786109 0.913283 0.745309 0.901535 0.919311 0.827380 0.917488 0.927025 0.844354 0.760857 0.760115 0.893079 0.916952 0.970118 0.965066 0.908968 0.888623 0.986050 0.954988 0.982530 0.894796 0.842280 0.642522 0.705282 0.831419 0.970098 0.901692 0.785938 0.887728 0.968113 0.984628 0.939871 0.985811 0.951062 0.931881 0.941376 0.807657 0.768710 0.974231 0.807281 0.844921 0.899658 0.764037 0.833235 0.953606 0.899329 0.997846 0.893136 0.993557 0.990718 0.940931 0.979296 0.847593 0.826233 0.905169 0.915956 0.972456 0.932841 0.927891 0.863134 0.945542 0.910395 0.840489 0.869060 0.755016 0.869210 0.914057 0.858052 0.955564 0.921230 0.910666
0.880269 0.812792 0.943316 0.921427 0.782861 0.811930 0.944862 0.747034 0.941044 0.973005 0.992625 0.801916 0.908636 0.846185 0.951749 0.853361 0.981187 0.992041 0.995048 0.965819 0.919832 0.984242 0.931450 0.955657 0.956764 0.978453 0.993638 0.000000 0.962652 0.952814 0.972465 0.942338 0.994881 0.987646 0.993689 0.923991 0.992162 0.993256 0.924138 0.995520 0.901297 0.920163 0.799725 0.824961 0.866619 0.902901 0.936365 0.806452 0.751677 0.811129 0.822188 0.792977 0.861696 0.943042 0.936996 0.932715 0.951516 0.966248 0.839962 0.732847 0.779046 0.778713 0.887500 0.928219 0.954887 0.766599 0.930609 0.900262 0.839879 0.946065 0.955688 0.946319 0.961891 0.926674 0.929753 0.921987 0.861108 0.967176 0.949511 0.889311 0.984121 0.917945 0.880345 0.871130 0.873969 0.857384 0.832505 0.971205 0.775547 0.894636 0.880838 0.960374 0.902480 0.983975 0.839784 0.846869 0.908427 0.834090 0.762666 0.791016 0.772689 0.949322 0.927233 0.890471 0.926525 0.909764 0.981541 0.970201 0.991610 0.933449 0.904500 0.846382 0.868672 0.981026 0.939658 0.977152
0.395895 0.425714 0.867990 0.699413 0.983112 0.859095 0.679765 0.561821 0.775740 0.494126 0.401626 0.440486 0.510838 0.462363 0.570689 0.575378 0.351904 0.312266 0.372896 0.399594 0.689664 0.985978 0.504965 0.677754 0.963543 0.816587 0.975155 0.962652 0.000000 0.277629 0.486855 0.490933 0.417201 0.393552 0.949430 0.946123 0.735771 0.885504 0.896437 0.815929 0.787416 0.844464 0.708017 0.611015 0.676304 0.526598 0.651822 0.547794 0.456338 0.593123 0.704347 0.861914 0.893819 0.899207 0.746985 0.812605 0.419267 0.484854 0.626890 0.904198 0.648372 0.695479 0.382825 0.356777 0.776053 0.834578 0.942427 0.987335 0.621413 0.523835 0.794792 0.779125 0.621265 0.744563 0.891711 0.970501 0.782594 0.659752 0.511239 0.452199 0.325763 0.373179 0.402760 0.482850 0.392574 0.578759 0.852042 0.565482 0.920754 0.709210 0.704316 0.589744 0.639591 0.501804 0.904852 0.873461 0.900169 0.793882 0.883876 0.788171 0.891603 0.907367 0.849698 0.772092 0.853740 0.952511 0.823412 0.701400 0.944888 0.946137 0.983840 0.955298 0.740923 0.903824 0.967343 0.693351
0.422311 0.484140 0.879787 0.752792 0.941094 0.926962 0.593114 0.582926 0.891175 0.424018 0.331610 0.411212 0.419782 0.461181 0.446270 0.489986 0.274544 0.271163 0.339937 0.454414 0.770152 0.875673 0.505795 0.675033 0.995891 0.688192 0.959247 0.952814 0.277629 0.000000 0.456013 0.534104 0.370614 0.370029 0.888178 0.969939 0.737448 0.912826 0.883730 0.832876 0.754081 0.890143 0.631872 0.530631 0.625045 0.504796 0.592619 0.496205 0.485055 0.609110 0.718870 0.868108 0.879310 0.929412 0.733792 0.895774 0.426148 0.523517 0.635675 0.908276 0.578116 0.750555 0.300571 0.267802 0.811364 0.804753 0.842142 0.908313 0.733962 0.618972 0.716471 0.637117 0.629086 0.722393 0.997613 0.964495 0.724933 0.626980 0.460483 0.442966 0.302331 0.392352 0.436581 0.451801 0.488211 0.622987 0.907682 0.627487 0.980153 0.739684 0.695271 0.620616 0.593207 0.493254 0.872554 0.849754 0.870699 0.747909 0.854171 0.761605 0.999990 0.909322 0.821611 0.677476 0.935143 0.916369 0.827890 0.751464 0.830426 0.837675 0.997607 0.865844 0.704028 0.837636 0.913418 0.782069
0.657441 0.749821 0.582455 0.533238 0.924829 0.900932 0.369968 0.505243 0.835663 0.371718 0.595320 0.612685 0.470519 0.580928 0.405445 0.549460 0.566079 0.574192 0.496039 0.661335 0.684238 0.974832 0.454728 0.733461 0.910654 0.968502 0.982778 0.972465 0.486855 0.456013 0.000000 0.393392 0.372748 0.371157 0.833483 0.902363 0.722936 0.740616 0.810164 0.994363 0.925217 0.838906 0.459244 0.427119 0.407876 0.379522 0.587271 0.433421 0.574626 0.502687 0.453934 0.463489 0.501285 0.632374 0.749661 0.830288 0.706673 0.857393 0.793275 0.872133 0.555781 0.672654 0.528727 0.546124 0.895254 0.959616 0.586625 0.664527 0.819646 0.774074 0.495013 0.541393 0.487687 0.473808 0.777837 0.966327 0.553892 0.480390 0.615501 0.595554 0.533001 0.703350 0.665859 0.679681 0.600967 0.772893 0.798914 0.787033 0.786965 0.772058 0.853961 0.950459 0.977870 0.902163 0.807636 0.805847 0.720650 0.974030 0.611918 0.525529 0.628549 0.743379 0.560390 0.499023 0.655714 0.711548 0.945731 0.945840 0.765983 0.864470 0.744369 0.739022 0.573808 0.778184 0.765391 0.833380
0.689368 0.726635 0.597270 0.635201 0.994391 0.844061 0.456485 0.526730 0.892720 0.506483 0.689409 0.679564 0.540971 0.583371 0.559800 0.640580 0.602727 0.653888 0.529639 0.672535 0.750293 0.998565 0.562676 0.735992 0.858978 0.976050 0.901515 0.942338 0.490933 0.534104 0.393392 0.000000 0.390958 0.423131 0.682881 0.941278 0.775750 0.746996 0.734548 0.897456 0.897734 0.866380 0.474079 0.458583 0.426475 0.426445 0.543193 0.451132 0.548459 0.534277 0.439233 0.535499 0.556189 0.675053 0.700045 0.695419 0.706715 0.873588 0.870287 0.828699 0.614066 0.619788 0.622418 0.596125 0.933200 0.930341 0.634055 0.702399 0.944422 0.650085 0.547504 0.692905 0.595317 0.616876 0.685307 0.982904 0.607955 0.556805 0.715714 0.611922 0.549940 0.711341 0.635783 0.739100 0.580488 0.728691 0.626726 0.729933 0.928411 0.730155 0.930300 0.953994 0.994277 0.890571 0.986260 0.762265 0.757409 0.962060 0.679584 0.509938 0.803483 0.835373 0.597255 0.598822 0.662856 0.816722 0.975385 0.958209 0.806797 0.902129 0.765687 0.629263 0.637604 0.723566 0.798381 0.753868
0.587824 0.680244 0.558445 0.551857 0.871843 0.821491 0.367769 0.477263 0.900830 0.422277 0.477208 0.588461 0.451017 0.566857 0.458060 0.559924 0.474166 0.502601 0.447060 0.602062 0.766132 0.993631 0.464355 0.729946 0.973569 0.990909 0.982264 0.994881 0.417201 0.370614 0.372748 0.390958 0.000000 0.375748 0.880058 0.899039 0.668707 0.771593 0.813346 0.876255 0.880364 0.852252 0.514299 0.431302 0.455561 0.421401 0.636334 0.443312 0.579649 0.529417 0.485905 0.598344 0.657825 0.738042 0.700269 0.906550 0.655856 0.805398 0.724562 0.871893 0.526468 0.669198 0.482347 0.462061 0.909213 0.992111 0.562888 0.699285 0.853168 0.609037 0.558936 0.553658 0.535189 0.558970 0.816799 0.966869 0.596294 0.483465 0.628658 0.518783 0.466180 0.625251 0.567321 0.577344 0.578553 0.731562 0.835268 0.677783 0.904599 0.762402 0.996734 0.959030 0.917894 0.815727 0.946807 0.785019 0.664452 0.992550 0.690312 0.570768 0.777877 0.853512 0.636547 0.492623 0.743390 0.670531 0.983130 0.893958 0.778533 0.866931 0.790797 0.609509 0.566457 0.792370 0.785150 0.809857
0.600784 0.608586 0.731832 0.697691 0.981614 0.990885 0.491747 0.504862 0.944028 0.469362 0.591125 0.529063 0.521895 0.527667 0.475562 0.616381 0.453800 0.493927 0.481353 0.579382 0.778147 0.876748 0.558603 0.779108 0.971079 0.934176 0.910581 0.987646 0.393552 0.370029 0.371157 0.423131 0.375748 0.000000 0.881715 0.893461 0.794596 0.749451 0.805192 0.873088 0.929749 0.952695 0.525096 0.433436 0.438981 0.370599 0.579301 0.451028 0.510421 0.519502 0.580965 0.684064 0.702109 0.877750 0.694318 0.813893 0.579790 0.660607 0.740837 0.959748 0.548883 0.617405 0.416825 0.418211 0.979625 0.992517 0.652388 0.658988 0.840275 0.657620 0.611571 0.664556 0.617084 0.669128 0.854559 0.994384 0.615144 0.605892 0.611417 0.561070 0.435290 0.586907 0.581199 0.485312 0.559025 0.723146 0.836480 0.660543 0.987577 0.758928 0.856909 0.782046 0.815860 0.706141 0.953101 0.740090 0.842396 0.954720 0.717138 0.638950 0.831736 0.912980 0.703277 0.609674 0.844834 0.845971 0.858573 0.850921 0.833200 0.870113 0.885798 0.723496 0.648582 0.824694 0.827626 0.740874
0.886586 0.900875 0.578562 0.751924 0.936345 0.763881 0.727536 0.851573 0.726736 0.979432 0.813062 0.815170 0.920758 0.952551 0.978734 0.961155 0.921398 0.814099 0.899538 0.884603 0.865655 0.874939 0.991764 0.938121 0.794413 0.640048 0.805710 0.993689 0.949430 0.888178 0.833483 0.682881 0.880058 0.881715 0.000000 0.961022 0.844122 0.903945 0.873537 0.974966 0.942657 0.953619 0.716497 0.761415 0.680176 0.774724 0.801972 0.733943 0.962515 0.797990 0.651125 0.638266 0.594598 0.631425 0.727527 0.741222 0.961220 0.872381 0.987836 0.922201 0.751798 0.817906 0.905035 0.859201 0.632847 0.768217 0.611153 0.632759 0.856419 0.930470 0.974541 0.975491 0.978989 0.959675 0.865782 0.840826 0.867217 0.848570 0.999011 0.912509 0.941983 0.799243 0.906518 0.993718 0.993513 0.921022 0.727140 0.942170 0.843860 0.935455 0.746032 0.811143 0.752470 0.767484 0.785010 0.962482 0.875439 0.742772 0.816521 0.700394 0.744634 0.781866 0.764003 0.855942 0.566343 0.799610 0.983554 0.931456 0.976102 0.981201 0.918529 0.821596 0.756774 0.821689 0.693945 0.954575
0.851784 0.954144 0.906654 0.883108 0.947178 0.965874 0.999135 0.924913 0.904785 0.950495 0.977917 0.834662 0.949965 0.849298 0.887950 0.947669 0.964764 0.942361 0.920018 0.902862 0.974554 0.747927 0.866108 0.754695 0.976516 0.910290 0.964680 0.923991 0.946123 0.969939 0.902363 0.941278 0.899039 0.893461 0.961022 0.000000 0.939620 0.902419 0.997289 0.914379 0.993172 0.998844 0.981025 0.933931 0.927336 0.958885 0.993782 0.988821 0.977932 0.924127 0.983368 0.934761 0.998088 0.954229 0.965932 0.913778 0.946195 0.999987 0.869433 0.861549 0.931387 0.969665 0.892506 0.989892 0.930060 0.911776 0.916924 0.895701 0.937577 0.928041 0.911260 0.980571 0.965722 0.962101 0.920123 0.908048 0.868853 0.832104 0.963528 0.985016 0.960823 0.993669 0.976979 0.943019 0.823092 0.810963 0.808924 0.959250 0.856889 0.820961 0.990270 0.995959 0.926641 0.960516 0.916460 0.938339 0.926103 0.956396 0.972275 0.952237 0.994323 0.956082 0.978201 0.927068 0.921351 0.995664 0.975101 0.939887 0.848842 0.791381 0.920630 0.884872 0.907098 0.834004 0.918248 0.912185
0.755780 0.782407 0.959433 0.840486 0.848470 0.994775 0.841313 0.811523 0.993156 0.678379 0.706130 0.739041 0.845327 0.812586 0.859557 0.883309 0.726240 0.740741 0.777281 0.797205 0.836738 0.942284 0.813151 0.909858 0.815053 0.952108 0.881319 0.992162 0.735771 0.737448 0.722936 0.775750 0.668707 0.794596 0.844122 0.939620 0.000000 0.804006 0.954916 0.788950 0.862148 0.897226 0.901740 0.848168 0.844432 0.826277 0.928920 0.932412 0.844339 0.897741 0.845099 0.911908 0.977759 0.945729 0.950919 0.937064 0.797533 0.839721 0.878619 0.992168 0.950302 0.816869 0.810244 0.712109 0.956227 0.999432 0.965691 0.906206 0.834589 0.666134 0.742446 0.751666 0.890156 0.895277 0.908336 0.912317 0.830377 0.741806 0.823404 0.751268 0.676026 0.677762 0.818326 0.827615 0.756523 0.760138 0.900171 0.853295 0.898244 0.762889 0.926903 0.888531 0.932671 0.839394 0.949232 0.940495 0.770016 0.796934 0.946723 0.894174 0.998540 0.875109 0.822756 0.822246 0.970097 0.851945 0.953577 0.906437 0.797552 0.928260 0.903955 0.765805 0.912440 0.977513 0.883532 0.786952
0.954749 0.968702 0.872319 0.818915 0.935120 0.899708 0.761199 0.850362 0.785400 0.801151 0.922710 0.952041 0.996875 0.979460 0.923795 0.921202 0.884995 0.917508 0.863203 0.776446 0.946245 0.710241 0.908035 0.978568 0.967195 0.827493 0.954206 0.993256 0.885504 0.912826 0.740616 0.746996 0.771593 0.749451 0.903945 0.902419 0.804006 0.000000 0.933431 0.954135 0.893975 0.832657 0.812281 0.858755 0.707779 0.812326 0.930925 0.820717 0.885619 0.797080 0.701470 0.770942 0.677366 0.754671 0.845993 0.908906 0.998176 0.897553 0.869595 0.705278 0.964220 0.772213 0.927655 0.969796 0.941640 0.838497 0.876853 0.873069 0.856929 0.872773 0.727424 0.701375 0.594527 0.607551 0.974653 0.907093 0.727264 0.862623 0.990401 0.891042 0.794445 0.929457 0.978066 0.821804 0.844315 0.950950 0.791670 0.979953 0.998336 0.852619 0.791603 0.864598 0.844715 0.835384 0.921017 0.783318 0.844969 0.923098 0.931813 0.811521 0.845932 0.887155 0.825267 0.883796 0.943877 0.974067 0.970326 0.930419 0.886727 0.961823 0.887045 0.703616 0.930224 0.869463 0.997817 0.956883
