0.000000 0.157310 0.695189 0.572927 0.939685 0.721377 0.589916 0.393734 0.691663 0.915403 0.321233 0.192825 0.279510 0.307319 0.518711 0.549155 0.224985 0.215700 0.254673 0.192868 0.642390 0.827711 0.705638 0.580436 0.753296 0.953793 0.629343 0.859341 0.271215 0.251207 0.810512 0.653117 0.320862 0.339332 0.938799 0.954640 0.729752 0.592916 0.965978 0.665354 0.572702 0.711868 0.965899 0.807658 0.904747 0.851854 0.576426 0.669576 0.738772 0.624418 0.695876 0.656151 0.923682 0.794021 0.338664 0.476630 0.159780 0.156532 0.365884 0.310014 0.235976 0.251989 0.195218 0.169892 0.497929 0.429528 0.805166 0.740822 0.286907 0.319860 0.807253 0.618423 0.897210 0.960420 0.737408 0.933306 0.842089 0.900395 0.477701 0.430986 0.233258 0.256932 0.352800 0.293075 0.216815 0.271403 0.857553 0.646308 0.412463 0.265152 0.424835 0.427734 0.393280 0.354759 0.943878 0.995202 0.983332 0.788814 0.823681 0.870191 0.769662 0.742583 0.998739 0.826754 0.935989 0.935671 0.920550 0.839938 0.769915 0.874747 0.855677 0.946788 0.817226 0.964005 0.795200 0.559032
0.157310 0.000000 0.593673 0.487940 0.929237 0.708043 0.561479 0.374504 0.661077 0.865330 0.396419 0.227055 0.340894 0.360815 0.548007 0.547129 0.207863 0.206913 0.251340 0.224580 0.600232 0.865893 0.649104 0.537821 0.653807 0.869238 0.550784 0.904079 0.305475 0.251802 0.710248 0.582837 0.305634 0.298045 0.844325 0.938034 0.623436 0.515032 0.860534 0.659430 0.584341 0.688487 0.941235 0.722827 0.951760 0.813918 0.483469 0.591328 0.751046 0.590353 0.661591 0.600311 0.843829 0.869394 0.314601 0.416672 0.134876 0.139685 0.347911 0.295767 0.271549 0.265621 0.240648 0.186916 0.438880 0.367502 0.698728 0.654422 0.283263 0.279941 0.866158 0.658294 0.862445 0.967613 0.728070 0.896568 0.916141 0.921074 0.433141 0.377914 0.218786 0.274299 0.302283 0.254800 0.228201 0.247736 0.808113 0.627729 0.474488 0.246870 0.388185 0.400137 0.380199 0.339310 0.968571 0.981395 0.972747 0.853534 0.792739 0.902555 0.721466 0.701916 0.997739 0.898492 0.866480 0.873682 0.860374 0.860015 0.810561 0.813616 0.813089 0.972581 0.863019 0.965213 0.740800 0.587332
0.695189 0.593673 0.000000 0.244344 0.910376 0.972643 0.474482 0.511738 0.806423 0.887409 0.914527 0.758280 0.748464 0.691139 0.652683 0.444574 0.620099 0.655511 0.509868 0.622727 0.527670 0.981172 0.342324 0.385233 0.273391 0.341816 0.475007 0.950190 0.775819 0.624058 0.373499 0.473658 0.514526 0.602923 0.465366 0.607337 0.522343 0.557327 0.617224 0.842493 0.886762 0.735497 0.851105 0.754114 0.827239 0.872553 0.642221 0.689957 0.766120 0.974972 0.914360 0.838760 0.782886 0.910758 0.665771 0.789573 0.591385 0.576479 0.727443 0.672466 0.619963 0.621036 0.752615 0.701913 0.311578 0.333095 0.431622 0.528266 0.670188 0.616027 0.621619 0.881757 0.682812 0.798735 0.657509 0.936677 0.737237 0.762551 0.757400 0.796782 0.784922 0.789654 0.509179 0.719355 0.562501 0.481453 0.814201 0.816552 0.849454 0.641597 0.794006 0.727414 0.871483 0.817324 0.993175 0.893340 0.939679 0.990931 0.863715 0.997269 0.963870 0.885993 0.900233 0.941948 0.654677 0.712750 0.736387 0.902330 0.935304 0.777726 0.782640 0.953957 0.932053 0.946406 0.533458 0.961517
0.572927 0.487940 0.244344 0.000000 0.862046 0.981237 0.332668 0.298375 0.820469 0.904368 0.915680 0.639980 0.651453 0.558914 0.626272 0.377618 0.572159 0.611152 0.407573 0.575580 0.516067 0.989978 0.237025 0.325179 0.377111 0.421112 0.510584 0.961198 0.712142 0.601558 0.274207 0.353034 0.356546 0.475056 0.473265 0.667313 0.530950 0.567262 0.777156 0.848418 0.889627 0.726553 0.638099 0.547620 0.966518 0.887361 0.492084 0.511033 0.977038 0.693078 0.622369 0.557189 0.564353 0.716732 0.567610 0.657457 0.477493 0.481094 0.516763 0.424271 0.521938 0.439381 0.630362 0.544809 0.366649 0.287631 0.329784 0.391217 0.673790 0.507249 0.542966 0.840287 0.563816 0.719789 0.664456 0.832804 0.694834 0.676458 0.543924 0.608880 0.677270 0.741044 0.481147 0.656738 0.469269 0.373722 0.925533 0.774227 0.712108 0.474404 0.847214 0.802256 0.876226 0.811046 0.848487 0.821962 0.823621 0.851198 0.952094 0.816599 0.999590 0.978078 0.994510 0.927777 0.557782 0.547644 0.635533 0.799390 0.972694 0.701661 0.701768 0.847624 0.881084 0.981975 0.438644 0.992915
0.939685 0.929237 0.910376 0.862046 0.000000 0.625590 0.746558 0.759099 0.464036 0.564124 0.880192 0.966979 0.835948 0.824805 0.651948 0.679700 0.948903 0.927174 0.897786 0.986456 0.835470 0.866019 0.669686 0.781026 0.951873 0.893830 0.984708 0.986646 0.904125 0.963371 0.692817 0.717290 0.882840 0.934564 0.925868 0.893356 0.896466 0.813030 0.824811 0.943474 0.767741 0.979839 0.857625 0.933735 0.863866 0.963184 0.997900 0.945977 0.992666 0.988581 0.845958 0.853803 0.772022 0.671276 0.992301 0.913185 0.919506 0.949560 0.964287 0.984311 0.858943 0.778631 0.943020 0.974899 0.998055 0.889585 0.872195 0.943435 0.827802 0.924448 0.677526 0.709036 0.650542 0.594577 0.978775 0.837772 0.774871 0.825403 0.996075 0.943311 0.989417 0.996580 0.966598 0.804884 0.933670 0.978591 0.855171 0.909771 0.933634 0.965489 0.654963 0.691462 0.670394 0.642910 0.791827 0.808128 0.945135 0.877178 0.711260 0.794174 0.687928 0.614630 0.779797 0.787780 0.743985 0.788493 0.911802 0.996294 0.951051 0.971860 0.897764 0.909692 0.761437 0.885523 0.867311 0.924493
0.721377 0.708043 0.972643 0.981237 0.625590 0.000000 0.862377 0.952163 0.475847 0.618726 0.641982 0.766690 0.884592 0.917336 0.975482 0.869210 0.737521 0.718845 0.887751 0.765228 0.901911 0.804565 0.751716 0.881373 0.967109 0.771932 0.835280 0.951179 0.803480 0.754231 0.737419 0.889821 0.899254 0.932409 0.889379 0.933472 0.992640 0.945072 0.980921 0.872500 0.737863 0.937298 0.751557 0.831341 0.719393 0.885550 0.955434 0.912459 0.965609 0.908262 0.856105 0.851646 0.747538 0.560680 0.906068 0.989498 0.710092 0.737896 0.890122 0.852712 0.826117 0.893127 0.835466 0.827234 0.767088 0.905264 0.882448 0.845064 0.655902 0.806900 0.616153 0.624410 0.638543 0.552593 0.861456 0.891203 0.651278 0.714875 0.858787 0.991227 0.829796 0.806755 0.802798 0.678311 0.836084 0.845575 0.882590 0.815050 0.932503 0.882504 0.484612 0.579558 0.553349 0.619160 0.698794 0.874277 0.759668 0.844717 0.620760 0.649094 0.674008 0.704233 0.701558 0.814111 0.715077 0.701982 0.857525 0.728928 0.738368 0.932118 0.849784 0.758138 0.699873 0.880848 0.748921 0.779219
0.589916 0.561479 0.474482 0.332668 0.746558 0.862377 0.000000 0.209775 0.746950 0.547149 0.952959 0.682884 0.600684 0.551017 0.645887 0.509139 0.645138 0.687348 0.414901 0.638458 0.668179 0.907802 0.342222 0.556455 0.741997 0.662956 0.782423 0.981867 0.637733 0.692263 0.261414 0.347222 0.366804 0.366191 0.584381 0.848444 0.715695 0.749480 0.954611 0.885724 0.996997 0.621131 0.520959 0.405190 0.658597 0.573128 0.435554 0.437249 0.634409 0.494292 0.394586 0.369863 0.422535 0.563608 0.533123 0.567572 0.540220 0.545878 0.341060 0.346583 0.439105 0.406910 0.474650 0.483824 0.728947 0.568879 0.362669 0.364431 0.841666 0.502262 0.553275 0.853060 0.440252 0.564683 0.706430 0.694893 0.526513 0.615970 0.510013 0.663576 0.659812 0.799874 0.634283 0.841041 0.564027 0.542783 0.783394 0.975867 0.699200 0.534358 0.927438 0.926776 0.921188 0.992569 0.678401 0.677098 0.654364 0.724230 0.567400 0.499481 0.764852 0.702771 0.663970 0.567022 0.510320 0.449492 0.538147 0.717039 0.957964 0.752060 0.628217 0.603775 0.643933 0.694100 0.429222 0.995747
0.393734 0.374504 0.511738 0.298375 0.759099 0.952163 0.209775 0.000000 0.847100 0.621250 0.748440 0.455678 0.430669 0.376717 0.523530 0.405304 0.468993 0.496813 0.297508 0.452233 0.640916 0.943240 0.340298 0.445163 0.728920 0.745908 0.771209 0.948135 0.461131 0.503148 0.348842 0.360247 0.257459 0.304165 0.648658 0.907358 0.719933 0.707180 0.938927 0.839880 0.878763 0.671801 0.550095 0.414796 0.719311 0.580423 0.386200 0.408245 0.591492 0.441035 0.366359 0.343441 0.457566 0.638406 0.438512 0.484128 0.368052 0.368046 0.293331 0.236290 0.317958 0.223058 0.356840 0.314207 0.609148 0.422972 0.426698 0.397113 0.643305 0.403760 0.661449 0.917519 0.480963 0.614416 0.722451 0.692960 0.656325 0.738217 0.397007 0.492016 0.457796 0.571944 0.507027 0.626934 0.381806 0.369828 0.890541 0.822037 0.575939 0.361347 0.926041 0.914018 0.901330 0.823256 0.727064 0.735904 0.724316 0.845123 0.680672 0.599920 0.849784 0.825557 0.761059 0.645549 0.553099 0.514443 0.604125 0.783973 0.916533 0.731807 0.642711 0.626725 0.720294 0.796373 0.486608 0.897091
0.691663 0.661077 0.806423 0.820469 0.464036 0.475847 0.746950 0.847100 0.000000 0.580142 0.620114 0.708515 0.903886 0.942439 0.923577 0.810695 0.681068 0.634787 0.926790 0.766459 0.934272 0.791996 0.646420 0.850350 0.968653 0.805620 0.849618 0.951141 0.796397 0.722767 0.639291 0.854324 0.895177 0.819143 0.828378 0.937689 0.811384 0.811278 0.828262 0.748820 0.634105 0.968412 0.830753 0.961308 0.927930 0.926450 0.903422 0.977688 0.830935 0.822845 0.989780 0.976566 0.838171 0.663576 0.770264 0.694889 0.660253 0.702001 0.789130 0.825102 0.907904 0.965755 0.759733 0.746480 0.936389 0.999618 0.858315 0.922758 0.657269 0.774579 0.511485 0.458446 0.584384 0.513642 0.937895 0.922412 0.635903 0.690564 0.811266 0.802306 0.669377 0.685021 0.771836 0.515115 0.804295 0.828264 0.778400 0.723555 0.745060 0.770488 0.366461 0.457640 0.345243 0.380167 0.780144 0.749598 0.715973 0.787405 0.638066 0.728899 0.551276 0.598404 0.904473 0.839353 0.725974 0.807038 0.838701 0.678516 0.836792 0.954350 0.943400 0.885353 0.760221 0.953412 0.796966 0.735477
0.915403 0.865330 0.887409 0.904368 0.564124 0.618726 0.547149 0.621250 0.580142 0.000000 0.748506 0.921133 0.933933 0.893130 0.943848 0.910360 0.840588 0.812638 0.937734 0.860247 0.864202 0.799565 0.797965 0.943050 0.680250 0.899044 0.667957 0.908448 0.948513 0.838328 0.661588 0.742157 0.869531 0.845924 0.993423 0.829633 0.793519 0.693385 0.601635 0.958353 0.673858 0.934488 0.537216 0.594217 0.462967 0.517847 0.806531 0.727075 0.540501 0.628649 0.487048 0.551897 0.513392 0.454654 0.981471 0.921288 0.884199 0.868955 0.744279 0.756685 0.913889 0.818524 0.888196 0.959970 0.633507 0.825026 0.794889 0.759951 0.659795 0.967927 0.598540 0.622661 0.606563 0.547273 0.908616 0.740887 0.550674 0.690876 0.895670 0.998908 0.917734 0.805938 0.764600 0.635953 0.883580 0.849319 0.550161 0.637571 0.986071 0.972576 0.433128 0.407080 0.521611 0.556112 0.594705 0.697564 0.632031 0.605691 0.302454 0.364803 0.475834 0.434248 0.575121 0.521847 0.738979 0.657427 0.693943 0.568446 0.892542 0.893807 0.787646 0.517215 0.465808 0.696722 0.727926 0.809040
0.321233 0.396419 0.914527 0.915680 0.880192 0.641982 0.952959 0.748440 0.620114 0.748506 0.000000 0.268339 0.297144 0.359519 0.452272 0.692541 0.294170 0.255771 0.478972 0.281799 0.790678 0.803865 0.962878 0.804685 0.913703 0.847268 0.738194 0.745875 0.283299 0.284180 0.845647 0.981125 0.638161 0.549173 0.805753 0.844318 0.925726 0.811268 0.939544 0.748303 0.501145 0.923095 0.614806 0.801964 0.649906 0.844414 0.954880 0.923555 0.987781 0.987790 0.904143 0.938222 0.726967 0.521682 0.579668 0.695364 0.398267 0.364061 0.771253 0.715314 0.350419 0.469721 0.363294 0.365512 0.574575 0.596859 0.797084 0.861628 0.384219 0.629172 0.559455 0.574031 0.841290 0.761681 0.782244 0.895423 0.592588 0.664695 0.722529 0.659460 0.393129 0.296896 0.528546 0.399623 0.392250 0.512436 0.724012 0.723004 0.610969 0.572091 0.422779 0.424245 0.384310 0.441511 0.726855 0.899002 0.704073 0.513344 0.591705 0.610110 0.683114 0.676368 0.836260 0.996111 0.738899 0.753245 0.739428 0.628263 0.658353 0.890172 0.927178 0.819685 0.576456 0.734605 0.956629 0.504579
0.192825 0.227055 0.758280 0.639980 0.966979 0.766690 0.682884 0.455678 0.708515 0.921133 0.268339 0.000000 0.206886 0.212355 0.359446 0.458670 0.197345 0.181992 0.274533 0.199420 0.653746 0.801731 0.703398 0.544304 0.774603 0.982185 0.648835 0.830489 0.237908 0.208889 0.864767 0.682180 0.370092 0.369501 0.903474 0.923172 0.793027 0.722264 0.989019 0.772614 0.589420 0.818347 0.914053 0.882076 0.868027 0.915878 0.648400 0.731246 0.826298 0.705553 0.766956 0.728665 0.958122 0.813532 0.364579 0.517862 0.229797 0.200426 0.505305 0.436689 0.224222 0.237116 0.222956 0.181096 0.474065 0.390728 0.900441 0.836571 0.300186 0.410164 0.760182 0.701387 0.889568 0.972488 0.719746 0.960142 0.827369 0.838077 0.497668 0.400215 0.216651 0.181036 0.324617 0.278308 0.196641 0.265550 0.758410 0.572810 0.416388 0.339715 0.461456 0.458018 0.411550 0.416108 0.900252 0.985607 0.822053 0.681924 0.773025 0.842297 0.727269 0.816233 0.986977 0.862978 0.953435 0.981674 0.993761 0.771140 0.668175 0.916082 0.868028 0.991963 0.765157 0.859935 0.817185 0.590293
0.279510 0.340894 0.748464 0.651453 0.835948 0.884592 0.600684 0.430669 0.903886 0.933933 0.297144 0.206886 0.000000 0.186931 0.257536 0.417478 0.254751 0.261523 0.281625 0.269728 0.712926 0.875980 0.658969 0.574575 0.840919 0.983493 0.707831 0.824925 0.232074 0.261486 0.792819 0.607270 0.388706 0.351725 0.936110 0.895557 0.863113 0.803931 0.868444 0.790802 0.646332 0.845896 0.943526 0.879250 0.901249 0.926236 0.675945 0.794951 0.858850 0.745791 0.780123 0.738740 0.926060 0.892372 0.404601 0.569706 0.344299 0.305624 0.580600 0.513723 0.174549 0.252080 0.220786 0.229120 0.531700 0.417024 0.926241 0.853081 0.464193 0.491489 0.827549 0.801882 0.760444 0.843394 0.666512 0.927866 0.909930 0.943619 0.561303 0.502377 0.302003 0.265625 0.400362 0.430714 0.255900 0.343723 0.851439 0.709417 0.502605 0.461398 0.641676 0.606814 0.566105 0.567382 0.937603 0.992352 0.914166 0.716094 0.889849 0.944816 0.892911 0.988689 0.956931 0.776369 0.953425 0.925308 0.982257 0.834927 0.675690 0.996148 0.858795 0.993199 0.805661 0.894813 0.764523 0.577874
0.307319 0.360815 0.691139 0.558914 0.824805 0.917336 0.551017 0.376717 0.942439 0.893130 0.359519 0.212355 0.186931 0.000000 0.243154 0.306792 0.268420 0.261561 0.260719 0.266287 0.662502 0.822367 0.533727 0.442907 0.779967 0.898692 0.687090 0.791304 0.276160 0.279141 0.718240 0.565501 0.380107 0.366486 0.837026 0.917428 0.847072 0.832292 0.922129 0.852422 0.714240 0.804457 0.991684 0.830659 0.936009 0.899372 0.638910 0.712524 0.840783 0.706975 0.709489 0.683012 0.823476 0.985410 0.393629 0.571901 0.349920 0.303250 0.559236 0.483682 0.212607 0.216669 0.257294 0.235131 0.510652 0.362805 0.825944 0.784123 0.508340 0.518556 0.943535 0.860202 0.693857 0.738857 0.603362 0.893999 0.945263 0.923589 0.511565 0.492677 0.325663 0.268722 0.390861 0.426963 0.231107 0.299435 0.810886 0.607068 0.498224 0.414458 0.669357 0.642348 0.591680 0.608939 0.971987 0.957766 0.864939 0.793219 0.931770 0.976097 0.910776 0.998721 0.936143 0.753291 0.865559 0.824075 0.955026 0.896011 0.677959 0.947415 0.798670 0.952089 0.902954 0.925881 0.702579 0.689057
0.518711 0.548007 0.652683 0.626272 0.651948 0.975482 0.645887 0.523530 0.923577 0.943848 0.452272 0.359446 0.257536 0.243154 0.000000 0.300246 0.385150 0.381159 0.438659 0.419412 0.636119 0.853929 0.546169 0.478171 0.767072 0.839312 0.739968 0.813124 0.355471 0.341038 0.731931 0.616914 0.522662 0.495267 0.854183 0.991762 0.892260 0.932930 0.931696 0.943362 0.840060 0.931008 0.986049 0.913955 0.896457 0.984323 0.786795 0.828456 0.983685 0.880494 0.854951 0.824867 0.871337 0.971459 0.526460 0.728263 0.546525 0.491443 0.784199 0.713876 0.304590 0.360607 0.423550 0.428993 0.485728 0.378284 0.871590 0.854072 0.657300 0.687510 0.981216 0.941525 0.672758 0.705966 0.565955 0.932800 0.996160 0.995803 0.607726 0.603544 0.467928 0.397390 0.448027 0.570715 0.362409 0.443122 0.810721 0.702905 0.669253 0.637846 0.790943 0.731753 0.709698 0.780977 0.995665 0.979158 0.810381 0.752483 0.900030 0.984669 0.904170 0.946966 0.968406 0.847572 0.897658 0.896632 0.987178 0.846626 0.667098 0.937145 0.829456 0.951783 0.883149 0.887156 0.774138 0.794941
0.549155 0.547129 0.444574 0.377618 0.679700 0.869210 0.509139 0.405304 0.810695 0.910360 0.692541 0.458670 0.417478 0.306792 0.300246 0.000000 0.456429 0.465603 0.391017 0.476590 0.540939 0.880544 0.264602 0.238399 0.520157 0.555358 0.574493 0.834583 0.503574 0.427804 0.483757 0.446895 0.394503 0.481983 0.557367 0.810352 0.738276 0.804064 0.919097 0.900426 0.874644 0.873864 0.798965 0.709329 0.996103 0.936264 0.603745 0.609315 0.978897 0.734653 0.687723 0.644181 0.646966 0.755518 0.481989 0.657944 0.513568 0.475101 0.658137 0.592765 0.396371 0.346315 0.509736 0.454206 0.384930 0.250632 0.534452 0.561273 0.695879 0.605149 0.759392 0.922842 0.547659 0.578535 0.548902 0.743298 0.796254 0.830702 0.550218 0.534284 0.535879 0.480352 0.407405 0.581792 0.333067 0.328489 0.773959 0.595267 0.624140 0.517650 0.847286 0.755393 0.793249 0.784778 0.841793 0.895569 0.943804 0.862771 0.997073 0.865119 0.948609 0.958735 0.921117 0.820062 0.619308 0.700117 0.802864 0.963697 0.815446 0.921659 0.756499 0.893882 0.972890 0.998367 0.558210 0.901273
0.224985 0.207863 0.620099 0.572159 0.948903 0.737521 0.645138 0.468993 0.681068 0.840588 0.294170 0.197345 0.254751 0.268420 0.385150 0.456429 0.000000 0.148359 0.271652 0.229694 0.583081 0.812820 0.674367 0.526926 0.637122 0.850969 0.574368 0.851788 0.222114 0.180678 0.770954 0.628865 0.353757 0.322228 0.842926 0.974356 0.713232 0.636252 0.904923 0.677786 0.580420 0.740846 0.978557 0.809378 0.914972 0.885594 0.544836 0.650455 0.835082 0.677811 0.769546 0.704359 0.904218 0.843653 0.286138 0.407828 0.202070 0.184814 0.489886 0.448607 0.248119 0.287408 0.241889 0.207895 0.407519 0.344648 0.788074 0.721448 0.328535 0.386049 0.802702 0.650935 0.861252 0.987567 0.653933 0.931972 0.892232 0.923610 0.496423 0.389545 0.206824 0.208777 0.284958 0.235922 0.217575 0.263427 0.697071 0.639124 0.489310 0.336102 0.406884 0.400722 0.353415 0.381694 0.930394 0.997080 0.866917 0.743200 0.736147 0.852859 0.686323 0.716570 0.999971 0.884629 0.955382 0.913366 0.985413 0.801690 0.650030 0.858850 0.836847 0.941786 0.793288 0.884839 0.751617 0.578766
0.215700 0.206913 0.655511 0.611152 0.927174 0.718845 0.687348 0.496813 0.634787 0.812638 0.255771 0.181992 0.261523 0.261561 0.381159 0.465603 0.148359 0.000000 0.284477 0.212043 0.597391 0.785968 0.714576 0.531562 0.674324 0.868493 0.588497 0.793341 0.228900 0.174990 0.830193 0.674027 0.375634 0.342523 0.876340 0.997752 0.740639 0.634102 0.899758 0.721458 0.587023 0.777383 0.929605 0.857975 0.866813 0.922232 0.607474 0.694572 0.859221 0.707848 0.798028 0.734485 0.947333 0.796815 0.300650 0.467692 0.202044 0.181815 0.516966 0.474538 0.248003 0.286121 0.244908 0.203062 0.404295 0.341220 0.837440 0.788353 0.322923 0.398239 0.749184 0.612392 0.935851 0.985242 0.682487 0.928276 0.835385 0.849357 0.478948 0.415438 0.206711 0.194193 0.295868 0.230987 0.217995 0.263619 0.656923 0.623852 0.496935 0.349700 0.372389 0.354498 0.328979 0.345223 0.946607 0.983776 0.789509 0.688698 0.699505 0.824371 0.669811 0.673194 0.944473 0.943870 0.967559 0.973327 0.990793 0.743004 0.677574 0.944172 0.872507 0.907315 0.753535 0.900204 0.791355 0.550652
0.254673 0.251340 0.509868 0.407573 0.897786 0.887751 0.414901 0.297508 0.926790 0.937734 0.478972 0.274533 0.281625 0.260719 0.438659 0.391017 0.271652 0.284477 0.000000 0.254969 0.602054 0.936450 0.454973 0.431050 0.611499 0.753880 0.584111 0.900343 0.338462 0.306732 0.550729 0.456594 0.283131 0.306546 0.720205 0.933215 0.639508 0.610225 0.959612 0.658555 0.639945 0.672629 0.929941 0.725934 0.944554 0.873451 0.498849 0.615166 0.851762 0.646418 0.665391 0.608434 0.791894 0.977769 0.328829 0.517680 0.246476 0.224323 0.410713 0.361167 0.244447 0.235445 0.252562 0.218016 0.448239 0.340736 0.630831 0.627588 0.401655 0.351011 0.957413 0.859436 0.676280 0.815964 0.670493 0.877372 0.953130 0.962151 0.525033 0.472981 0.320079 0.336851 0.345397 0.392544 0.238563 0.240607 0.814183 0.686565 0.506111 0.326508 0.611891 0.586401 0.579962 0.549751 0.891413 0.918664 0.915991 0.960826 0.967988 0.945510 0.976164 0.913379 0.889853 0.743559 0.724040 0.745255 0.831135 0.901927 0.778115 0.797806 0.697890 0.908477 0.900835 0.984725 0.591129 0.627841
0.192868 0.224580 0.622727 0.575580 0.986456 0.765228 0.638458 0.452233 0.766459 0.860247 0.281799 0.199420 0.269728 0.266287 0.419412 0.476590 0.229694 0.212043 0.254969 0.000000 0.610711 0.766222 0.667739 0.513966 0.684653 0.898811 0.582545 0.825157 0.283061 0.227494 0.801726 0.679244 0.389061 0.376140 0.899318 0.993070 0.733363 0.617791 0.936863 0.725351 0.594019 0.768673 0.836311 0.953780 0.761683 0.967232 0.674562 0.787896 0.937866 0.804830 0.866543 0.812722 0.972085 0.731647 0.398303 0.578877 0.234618 0.204879 0.519853 0.452623 0.254984 0.278857 0.252769 0.223543 0.427780 0.385888 0.862314 0.812442 0.280074 0.382927 0.835880 0.699710 0.914602 0.977986 0.701195 0.976321 0.836778 0.861787 0.537399 0.496498 0.287926 0.233843 0.335587 0.317188 0.229352 0.291877 0.765124 0.618642 0.469615 0.355268 0.454583 0.437482 0.425585 0.425967 0.915812 0.962796 0.905067 0.736866 0.728431 0.791971 0.780027 0.720126 0.920204 0.911495 0.929145 0.973258 0.995482 0.777704 0.795573 0.953604 0.926134 0.940684 0.739016 0.863732 0.816025 0.595491
0.642390 0.600232 0.527670 0.516067 0.835470 0.901911 0.668179 0.640916 0.934272 0.864202 0.790678 0.653746 0.712926 0.662502 0.636119 0.540939 0.583081 0.597391 0.602054 0.610711 0.000000 0.819814 0.544486 0.537282 0.553704 0.608039 0.584410 0.928583 0.698899 0.616506 0.597007 0.683659 0.532406 0.641053 0.695034 0.869201 0.698833 0.745338 0.876506 0.974877 0.767129 0.777260 0.952686 0.883127 0.898321 0.945383 0.750466 0.773670 0.911586 0.895563 0.895811 0.839663 0.871002 0.972889 0.615144 0.776806 0.603338 0.591989 0.746641 0.752516 0.623955 0.609512 0.665471 0.640744 0.476756 0.482704 0.599870 0.727609 0.643961 0.688016 0.849113 0.938563 0.771662 0.816478 0.683878 0.956279 0.929451 0.943709 0.667074 0.623733 0.668836 0.680651 0.550671 0.646707 0.552644 0.514820 0.782803 0.790439 0.789385 0.665741 0.694268 0.643252 0.723517 0.793807 0.968149 0.919335 0.972035 0.848023 0.800059 0.931465 0.818493 0.905980 0.854826 0.967335 0.733202 0.846879 0.989087 0.855984 0.896491 0.919000 0.951206 0.898069 0.870835 0.912683 0.677990 0.830583
0.827711 0.865893 0.981172 0.989978 0.866019 0.804565 0.907802 0.943240 0.791996 0.799565 0.803865 0.801731 0.875980 0.822367 0.853929 0.880544 0.812820 0.785968 0.936450 0.766222 0.819814 0.000000 0.991510 0.934172 0.974748 0.973140 0.942888 0.722419 0.808261 0.729222 0.863008 0.904419 0.932130 0.978292 0.992200 0.960597 0.943806 0.923952 0.913666 0.874918 0.979827 0.922905 0.808455 0.842759 0.810648 0.882115 0.975354 0.965972 0.883458 0.942165 0.877202 0.910478 0.857327 0.790778 0.838451 0.982263 0.830537 0.827704 0.990674 0.964469 0.893332 0.937641 0.848671 0.884545 0.837389 0.871061 0.886967 0.958969 0.861286 0.803676 0.838481 0.761479 0.920518 0.859073 0.933004 0.920442 0.907929 0.861914 0.842544 0.845849 0.837105 0.766244 0.838676 0.854337 0.810694 0.844458 0.825093 0.788056 0.848145 0.929149 0.771145 0.731761 0.726067 0.737468 0.774088 0.997294 0.884228 0.828609 0.742243 0.830593 0.760079 0.937200 0.707753 0.836164 0.950829 0.799498 0.845935 0.960440 0.861665 0.672076 0.961306 0.836784 0.775103 0.932166 0.787991 0.806066
0.705638 0.649104 0.342324 0.237025 0.669686 0.751716 0.342222 0.340298 0.646420 0.797965 0.962878 0.703398 0.658969 0.533727 0.546169 0.264602 0.674367 0.714576 0.454973 0.667739 0.544486 0.991510 0.000000 0.264022 0.455917 0.419076 0.622430 0.932944 0.759868 0.664287 0.251090 0.323218 0.412095 0.546746 0.429986 0.665570 0.636381 0.709011 0.847047 0.948013 0.999720 0.805321 0.588415 0.529863 0.854745 0.841419 0.500128 0.498591 0.952344 0.674393 0.576470 0.524378 0.493164 0.549684 0.588290 0.710179 0.629302 0.604420 0.601460 0.545494 0.567868 0.474698 0.666980 0.599847 0.485290 0.340898 0.326830 0.387585 0.842781 0.600329 0.451529 0.739010 0.420106 0.503949 0.649904 0.733538 0.579958 0.672707 0.590449 0.609088 0.723688 0.748017 0.513525 0.788719 0.492602 0.420032 0.964425 0.719596 0.730079 0.556926 0.952805 0.958527 0.961075 0.985910 0.751718 0.807573 0.807071 0.838556 0.797723 0.661784 0.867505 0.825016 0.824658 0.812772 0.409841 0.470866 0.670799 0.787040 0.994328 0.798534 0.671672 0.787660 0.799178 0.878075 0.433527 0.936736
0.580436 0.537821 0.385233 0.325179 0.781026 0.881373 0.556455 0.445163 0.850350 0.943050 0.804685 0.544304 0.574575 0.442907 0.478171 0.238399 0.526926 0.531562 0.431050 0.513966 0.537282 0.934172 0.264022 0.000000 0.433517 0.466456 0.549655 0.881023 0.658724 0.498776 0.502078 0.522455 0.408676 0.564020 0.499404 0.774266 0.627669 0.700509 0.749973 0.903253 0.843334 0.834877 0.789424 0.715429 0.982197 0.965529 0.548270 0.589400 0.977472 0.738382 0.705082 0.647829 0.655717 0.761893 0.520838 0.697836 0.511094 0.490175 0.653670 0.607451 0.515221 0.446528 0.615593 0.526155 0.363065 0.262954 0.438424 0.520669 0.662378 0.600234 0.746934 0.895436 0.621896 0.636213 0.626562 0.765521 0.838954 0.843702 0.582346 0.564462 0.585145 0.559574 0.407976 0.570136 0.389222 0.313521 0.756079 0.494644 0.650423 0.501478 0.789077 0.677020 0.783033 0.744565 0.848947 0.921774 0.999008 0.939020 0.956503 0.925823 0.941337 0.952707 0.957916 0.906665 0.569784 0.631862 0.891561 0.969863 0.840451 0.874499 0.801782 0.919044 0.997602 0.962156 0.582503 0.974694
0.753296 0.653807 0.273391 0.377111 0.951873 0.967109 0.741997 0.728920 0.968653 0.680250 0.913703 0.774603 0.840919 0.779967 0.767072 0.520157 0.637122 0.674324 0.611499 0.684653 0.553704 0.974748 0.455917 0.433517 0.000000 0.249495 0.411383 0.926812 0.902758 0.673538 0.530204 0.586634 0.634274 0.704105 0.481783 0.597098 0.426973 0.500486 0.495746 0.795568 0.811369 0.745460 0.969614 0.866285 0.721010 0.743003 0.707376 0.795242 0.640618 0.942524 0.927974 0.979074 0.936487 0.980547 0.717849 0.792723 0.657731 0.631182 0.894850 0.835967 0.797475 0.767759 0.868531 0.776455 0.311822 0.367854 0.584113 0.649959 0.607779 0.728298 0.701155 0.943262 0.826337 0.932059 0.713303 0.979607 0.946503 0.841264 0.875845 0.780380 0.802683 0.746024 0.501459 0.586267 0.586773 0.494216 0.630462 0.694668 0.816303 0.651811 0.655740 0.591284 0.711591 0.685017 0.892214 0.938801 0.932956 0.943334 0.657285 0.810848 0.770792 0.723622 0.829421 0.800695 0.754050 0.798628 0.866827 0.902002 0.978732 0.773166 0.926151 0.795144 0.777447 0.792360 0.594758 0.961844
0.953793 0.869238 0.341816 0.421112 0.893830 0.771932 0.662956 0.745908 0.805620 0.899044 0.847268 0.982185 0.983493 0.898692 0.839312 0.555358 0.850969 0.868493 0.753880 0.898811 0.608039 0.973140 0.419076 0.466456 0.249495 0.000000 0.568514 0.957774 0.957240 0.871962 0.460528 0.597665 0.683981 0.782496 0.399243 0.603129 0.492136 0.581076 0.600270 0.903265 0.996738 0.779071 0.784145 0.759192 0.923096 0.878548 0.710491 0.750936 0.721280 0.996027 0.945484 0.864210 0.764034 0.777732 0.761214 0.816896 0.849265 0.828225 0.931584 0.906313 0.929288 0.869408 0.993016 0.929105 0.483651 0.486735 0.475595 0.568474 0.877670 0.808407 0.555586 0.792675 0.717424 0.749349 0.726361 0.918728 0.781313 0.670615 0.906998 0.917159 0.959641 0.958808 0.634328 0.804920 0.747192 0.622787 0.694527 0.851335 0.898241 0.791393 0.924838 0.845078 0.966025 0.903247 0.969802 0.803810 0.972468 0.931479 0.903857 0.966140 0.993868 0.986139 0.900583 0.935772 0.585704 0.652503 0.783870 0.916998 0.929965 0.773088 0.975694 0.928624 0.986842 0.990139 0.565681 0.924932
0.629343 0.550784 0.475007 0.510584 0.984708 0.835280 0.782423 0.771209 0.849618 0.667957 0.738194 0.648835 0.707831 0.687090 0.739968 0.574493 0.574368 0.588497 0.584111 0.582545 0.584410 0.942888 0.622430 0.549655 0.411383 0.568514 0.000000 0.926594 0.754632 0.585522 0.677275 0.641598 0.609273 0.634449 0.646780 0.586765 0.475051 0.567816 0.622913 0.794090 0.736283 0.818361 0.847103 0.960974 0.669036 0.749203 0.826997 0.936095 0.741384 0.979623 0.949738 0.968275 0.995971 0.805177 0.652036 0.819256 0.548576 0.543276 0.814941 0.750591 0.656130 0.685390 0.718385 0.656956 0.379039 0.459238 0.712164 0.825136 0.583215 0.663669 0.993015 0.815294 0.915502 0.909679 0.647627 0.916331 0.884942 0.966555 0.791463 0.717933 0.743010 0.668964 0.501317 0.584678 0.495238 0.484666 0.697964 0.709380 0.770382 0.654064 0.510467 0.518525 0.569626 0.625345 0.890831 0.892316 0.784645 0.846558 0.580925 0.686091 0.585449 0.719537 0.851584 0.918986 0.913934 0.897256 0.935331 0.765694 0.938704 0.850081 0.912092 0.753036 0.732676 0.838129 0.813226 0.864341
0.859341 0.904079 0.950190 0.961198 0.986646 0.951179 0.981867 0.948135 0.951141 0.908448 0.745875 0.830489 0.824925 0.791304 0.813124 0.834583 0.851788 0.793341 0.900343 0.825157 0.928583 0.722419 0.932944 0.881023 0.926812 0.957774 0.926594 0.000000 0.831445 0.803542 0.956311 0.996836 0.980470 0.963462 0.948813 0.932512 0.990309 0.859938 0.934372 0.943834 0.929004 0.971161 0.818560 0.878889 0.758027 0.819371 0.872001 0.953216 0.849035 0.853444 0.882038 0.892317 0.914839 0.813612 0.985159 0.934060 0.849324 0.804100 0.960579 0.989502 0.818774 0.864348 0.848958 0.843864 0.815767 0.830735 0.875723 0.860277 0.898645 0.935398 0.990065 0.912006 0.971805 0.944696 0.929511 0.946827 0.843370 0.757100 0.916843 0.940913 0.882024 0.819385 0.873647 0.946070 0.820422 0.846665 0.976395 0.994422 0.988633 0.865825 0.838719 0.804212 0.874624 0.914174 0.925753 0.805772 0.796970 0.751227 0.826647 0.835883 0.793180 0.969674 0.896180 0.867219 0.932377 0.782789 0.839302 0.803360 0.974020 0.743221 0.916803 0.768675 0.861263 0.794659 0.928602 0.782691
0.271215 0.305475 0.775819 0.712142 0.904125 0.803480 0.637733 0.461131 0.796397 0.948513 0.283299 0.237908 0.232074 0.276160 0.355471 0.503574 0.222114 0.228900 0.338462 0.283061 0.698899 0.808261 0.759868 0.658724 0.902758 0.957240 0.754632 0.831445 0.000000 0.209744 0.855891 0.723700 0.438561 0.404907 0.991296 0.907994 0.874542 0.785925 0.894601 0.705121 0.664861 0.802141 0.998210 0.822284 0.995931 0.818961 0.649110 0.738891 0.727907 0.661098 0.731208 0.692387 0.907971 0.892081 0.367171 0.504948 0.307968 0.281399 0.532003 0.476945 0.244438 0.296699 0.240908 0.248517 0.573478 0.496960 0.914032 0.819771 0.456142 0.451506 0.826055 0.692682 0.852554 0.944837 0.713485 0.880765 0.942977 0.916778 0.535881 0.485909 0.266721 0.272058 0.426864 0.421444 0.301355 0.417613 0.804324 0.786914 0.546050 0.442054 0.604127 0.605317 0.524483 0.549161 0.977888 0.972015 0.928630 0.739688 0.885133 0.940366 0.845281 0.862030 0.922388 0.777711 0.982512 0.995423 0.974579 0.875011 0.624210 0.958183 0.833570 0.974022 0.869716 0.954468 0.855357 0.589109
0.251207 0.251802 0.624058 0.601558 0.963371 0.754231 0.692263 0.503148 0.722767 0.838328 0.284180 0.208889 0.261486 0.279141 0.341038 0.427804 0.180678 0.174990 0.306732 0.227494 0.616506 0.729222 0.664287 0.498776 0.673538 0.871962 0.585522 0.803542 0.209744 0.000000 0.802341 0.670527 0.402044 0.411578 0.905571 0.952756 0.734546 0.673353 0.936397 0.717060 0.622672 0.824379 0.924652 0.883240 0.860386 0.961435 0.615805 0.723317 0.908371 0.742999 0.828490 0.760898 0.965707 0.828773 0.332289 0.536427 0.245519 0.220742 0.558916 0.498250 0.254994 0.304696 0.279180 0.251441 0.374884 0.338430 0.826708 0.793779 0.349327 0.386321 0.827157 0.670223 0.902219 0.980047 0.716635 0.934217 0.852280 0.875832 0.541018 0.432220 0.249354 0.222729 0.314755 0.313822 0.222531 0.301753 0.702911 0.614635 0.515212 0.379236 0.453825 0.413096 0.409349 0.419941 0.874129 0.957380 0.852316 0.692825 0.713773 0.818514 0.733073 0.715765 0.967288 0.939238 0.963277 0.981510 0.971830 0.783432 0.665454 0.973755 0.794646 0.947183 0.729021 0.902170 0.820804 0.606371
0.810512 0.710248 0.373499 0.274207 0.692817 0.737419 0.261414 0.348842 0.639291 0.661588 0.845647 0.864767 0.792819 0.718240 0.731931 0.483757 0.770954 0.830193 0.550729 0.801726 0.597007 0.863008 0.251090 0.502078 0.530204 0.460528 0.677275 0.956311 0.855891 0.802341 0.000000 0.291708 0.468453 0.492523 0.470797 0.638998 0.664603 0.701577 0.949079 0.950365 0.956389 0.713385 0.466993 0.416257 0.692433 0.693597 0.457943 0.459338 0.845755 0.613701 0.513596 0.466036 0.409781 0.466023 0.635955 0.650990 0.698686 0.706576 0.561636 0.541241 0.661546 0.566099 0.736398 0.698328 0.654920 0.510269 0.284397 0.330863 0.937613 0.627055 0.385028 0.667169 0.386126 0.530426 0.776701 0.707098 0.455292 0.538596 0.600366 0.658383 0.811086 0.921130 0.687040 0.914916 0.677705 0.606214 0.883132 0.982229 0.862035 0.646327 0.848489 0.891891 0.828086 0.875571 0.695476 0.727245 0.702033 0.692309 0.657185 0.518955 0.810689 0.754870 0.743564 0.789325 0.427126 0.431885 0.554858 0.667343 0.869046 0.706413 0.639702 0.708430 0.628975 0.821241 0.397545 0.887476
0.653117 0.582837 0.473658 0.353034 0.717290 0.889821 0.347222 0.360247 0.854324 0.742157 0.981125 0.682180 0.607270 0.565501 0.616914 0.446895 0.628865 0.674027 0.456594 0.679244 0.683659 0.904419 0.323218 0.522455 0.586634 0.597665 0.641598 0.996836 0.723700 0.670527 0.291708 0.000000 0.421541 0.435186 0.518843 0.675665 0.615180 0.703662 0.908110 0.875834 0.975945 0.755925 0.535164 0.448093 0.773838 0.707158 0.415404 0.431978 0.811292 0.561350 0.516521 0.458436 0.454706 0.586542 0.567956 0.645204 0.596444 0.582264 0.508390 0.475138 0.539501 0.472476 0.572382 0.535136 0.622480 0.442634 0.441889 0.414700 0.838089 0.598060 0.559867 0.904649 0.502124 0.606066 0.713218 0.714450 0.634783 0.738988 0.558431 0.559118 0.632277 0.706774 0.527558 0.727255 0.508576 0.473200 0.948432 0.848334 0.670604 0.556448 0.956673 0.919135 0.935154 0.885369 0.753765 0.901543 0.883264 0.766388 0.770594 0.629561 0.900845 0.863827 0.723656 0.797321 0.510422 0.436242 0.593351 0.819015 0.967461 0.769850 0.598092 0.853455 0.733253 0.837012 0.496726 0.943197
0.320862 0.305634 0.514526 0.356546 0.882840 0.899254 0.366804 0.257459 0.895177 0.869531 0.638161 0.370092 0.388706 0.380107 0.522662 0.394503 0.353757 0.375634 0.283131 0.389061 0.532406 0.932130 0.412095 0.408676 0.634274 0.683981 0.609273 0.980470 0.438561 0.402044 0.468453 0.421541 0.000000 0.271417 0.615994 0.834624 0.674364 0.623278 0.944380 0.820877 0.777462 0.772906 0.728378 0.541546 0.847551 0.704196 0.403818 0.454041 0.696648 0.503129 0.491012 0.437155 0.620505 0.806680 0.328047 0.420788 0.281189 0.288927 0.315617 0.286011 0.297423 0.256175 0.295480 0.262056 0.507251 0.364240 0.440428 0.441294 0.514528 0.326320 0.885805 0.910691 0.593077 0.769338 0.665891 0.718106 0.802669 0.844212 0.400239 0.388886 0.363381 0.455402 0.368394 0.442598 0.286787 0.258440 0.984609 0.676196 0.513270 0.345273 0.658646 0.617666 0.640482 0.586826 0.864014 0.872468 0.842095 0.949290 0.904224 0.814123 0.929004 0.992531 0.890812 0.752143 0.623300 0.608528 0.748980 0.977021 0.833834 0.785589 0.722529 0.789793 0.926203 0.841835 0.535979 0.753400
0.339332 0.298045 0.602923 0.475056 0.934564 0.932409 0.366191 0.304165 0.819143 0.845924 0.549173 0.369501 0.351725 0.366486 0.495267 0.481983 0.322228 0.342523 0.306546 0.376140 0.641053 0.978292 0.546746 0.564020 0.704105 0.782496 0.634449 0.963462 0.404907 0.411578 0.492523 0.435186 0.271417 0.000000 0.726500 0.926733 0.663475 0.648026 0.970800 0.740682 0.720007 0.659063 0.729396 0.528634 0.787882 0.627908 0.382748 0.502721 0.629781 0.478746 0.499501 0.445409 0.590506 0.827628 0.342462 0.323114 0.296236 0.314721 0.336336 0.332008 0.287747 0.292876 0.265122 0.250566 0.607822 0.449886 0.555270 0.506476 0.532605 0.374573 0.969060 0.853668 0.616142 0.774873 0.659317 0.760223 0.844298 0.845030 0.403334 0.444602 0.325606 0.428349 0.435273 0.442538 0.348574 0.356435 0.993232 0.781976 0.524432 0.364556 0.648475 0.665454 0.607165 0.595877 0.874752 0.922114 0.952080 0.935024 0.896243 0.774746 0.917993 0.966090 0.755670 0.685884 0.771407 0.660920 0.700637 0.987031 0.907421 0.851696 0.746719 0.786263 0.891286 0.900258 0.576580 0.782046
0.938799 0.844325 0.465366 0.473265 0.925868 0.889379 0.584381 0.648658 0.828378 0.993423 0.805753 0.903474 0.936110 0.837026 0.854183 0.557367 0.842926 0.876340 0.720205 0.899318 0.695034 0.992200 0.429986 0.499404 0.481783 0.399243 0.646780 0.948813 0.991296 0.905571 0.470797 0.518843 0.615994 0.726500 0.000000 0.705311 0.624306 0.707212 0.745585 0.979536 0.984656 0.788121 0.667751 0.643204 0.907029 0.913054 0.627177 0.609294 0.956774 0.825061 0.754323 0.722247 0.651430 0.680429 0.725572 0.793223 0.834850 0.825066 0.789712 0.789088 0.886898 0.765643 0.925824 0.846776 0.613251 0.556804 0.440716 0.524249 0.884994 0.751901 0.647202 0.743241 0.641583 0.675383 0.653364 0.745678 0.563337 0.721958 0.767626 0.791118 0.890912 0.902516 0.636071 0.822545 0.726665 0.601161 0.795662 0.798161 0.824483 0.724541 0.971802 0.980324 0.913830 0.997798 0.786806 0.780761 0.941107 0.958766 0.897998 0.753376 0.988503 0.901446 0.922490 0.871808 0.523184 0.636686 0.689805 0.878507 0.961159 0.741685 0.713604 0.892065 0.836218 0.941396 0.607525 0.865612
0.954640 0.938034 0.607337 0.667313 0.893356 0.933472 0.848444 0.907358 0.937689 0.829633 0.844318 0.923172 0.895557 0.917428 0.991762 0.810352 0.974356 0.997752 0.933215 0.993070 0.869201 0.960597 0.665570 0.774266 0.597098 0.603129 0.586765 0.932512 0.907994 0.952756 0.638998 0.675665 0.834624 0.926733 0.705311 0.000000 0.719954 0.605571 0.763046 0.959648 0.873625 0.963793 0.866894 0.842327 0.974029 0.936237 0.888217 0.824138 0.801836 0.995426 0.974807 0.906885 0.840261 0.858022 0.961979 0.980893 0.920779 0.938538 0.960064 0.924320 0.966396 0.962649 0.909034 0.981063 0.710902 0.730242 0.668264 0.738943 0.977197 0.880281 0.687384 0.834531 0.838748 0.998899 0.856653 0.881848 0.887034 0.847484 0.957529 0.839644 0.964249 0.974203 0.842328 0.983764 0.863166 0.804568 0.983079 0.961817 0.929675 0.914265 0.945662 0.903508 0.987963 0.984648 0.953422 0.912587 0.992193 0.808155 0.932074 0.975688 0.884119 0.846979 0.939921 0.872830 0.824845 0.792903 0.866747 0.998082 0.884028 0.926970 0.961182 0.898910 0.984459 0.963680 0.815263 0.854056
0.729752 0.623436 0.522343 0.530950 0.896466 0.992640 0.715695 0.719933 0.811384 0.793519 0.925726 0.793027 0.863113 0.847072 0.892260 0.738276 0.713232 0.740639 0.639508 0.733363 0.698833 0.943806 0.636381 0.627669 0.426973 0.492136 0.475051 0.990309 0.874542 0.734546 0.664603 0.615180 0.674364 0.663475 0.624306 0.719954 0.000000 0.489760 0.648308 0.690602 0.696284 0.737281 0.885115 0.778647 0.877522 0.958753 0.644910 0.786551 0.894809 0.860090 0.884829 0.794523 0.841921 0.958364 0.710789 0.690483 0.659347 0.642740 0.714331 0.702969 0.823310 0.808527 0.780086 0.735475 0.587387 0.603920 0.634155 0.698279 0.681469 0.639707 0.774963 0.961262 0.883290 0.984833 0.693337 0.919032 0.948191 0.967038 0.805687 0.772369 0.787084 0.823734 0.617497 0.633144 0.649444 0.587003 0.753859 0.804103 0.806989 0.672289 0.636550 0.687826 0.681490 0.663490 0.957415 0.926055 0.962931 0.957671 0.809880 0.941778 0.795382 0.839773 0.998327 0.907359 0.707379 0.697891 0.930131 0.907041 0.964206 0.833498 0.878436 0.955173 0.932469 0.965688 0.785026 0.955140
0.592916 0.515032 0.557327 0.567262 0.813030 0.945072 0.749480 0.707180 0.811278 0.693385 0.811268 0.722264 0.803931 0.832292 0.932930 0.804064 0.636252 0.634102 0.610225 0.617791 0.745338 0.923952 0.709011 0.700509 0.500486 0.581076 0.567816 0.859938 0.785925 0.673353 0.701577 0.703662 0.623278 0.648026 0.707212 0.605571 0.489760 0.000000 0.659867 0.779023 0.715186 0.796449 0.994423 0.853368 0.778698 0.913409 0.716199 0.797028 0.879373 0.907864 0.946977 0.851414 0.968809 0.872639 0.679849 0.697356 0.532738 0.529605 0.716543 0.661926 0.741797 0.723568 0.719699 0.641798 0.537404 0.572299 0.744929 0.787003 0.544491 0.506199 0.872492 0.914613 0.969302 0.897429 0.838373 0.992165 0.942122 0.971404 0.805027 0.756470 0.649302 0.710591 0.642718 0.570077 0.596813 0.515161 0.772653 0.847648 0.702059 0.510901 0.593111 0.562428 0.655867 0.534281 0.902425 0.980041 0.972490 0.913833 0.705997 0.833558 0.775613 0.656020 0.870439 0.900251 0.908276 0.915656 0.866463 0.889713 0.973535 0.883376 0.920449 0.817587 0.838187 0.833141 0.833414 0.726174
