0.000000 0.160182 0.667737 0.644443 0.668096 0.756773 0.913350 0.277379 0.832309 0.411954 0.230960 0.180549 0.321372 0.233041 0.578373 0.555478 0.231235 0.205763 0.255358 0.233211 0.887708 0.849443 0.832554 0.909168 0.557587 0.710090 0.964427 0.986278 0.239756 0.228709 0.767393 0.750045 0.523309 0.377126 0.638421 0.551301 0.967815 0.896697 0.914277 0.868596 0.630353 0.677360 0.748243 0.463035 0.724169 0.335250 0.511632 0.425088 0.174047 0.200032 0.239200 0.250324 0.318797 0.437243 0.552051 0.415932 0.236167 0.197224 0.286337 0.234679 0.493205 0.199111 0.247729 0.185946 0.428873 0.654954 0.760262 0.835950 0.455351 0.374396 0.746212 0.802720 0.413243 0.397004 0.741629 0.758008 0.388747 0.509406 0.484934 0.333123 0.233698 0.258383 0.441429 0.539086 0.792562 0.830694 0.685847 0.992154 0.975955 0.567896 0.975060 0.633665 0.613395 0.440929 0.998794 0.757219 0.781680 0.678995 0.550920 0.617463 0.643556 0.863747 0.434408 0.453382 0.664193 0.830572 0.942939 0.996678 0.786273 0.959127 0.915391 0.833896 0.467752 0.828447 0.817811 0.676793
0.160182 0.000000 0.600514 0.691711 0.654259 0.764637 0.994295 0.283428 0.781797 0.409346 0.262089 0.187732 0.400222 0.246551 0.618085 0.567151 0.232948 0.215385 0.255175 0.204613 0.923947 0.811887 0.848716 0.926948 0.572360 0.702325 0.995805 0.966773 0.232645 0.248475 0.774219 0.755616 0.546940 0.398674 0.630891 0.576077 0.948049 0.867020 0.980420 0.872719 0.655949 0.713137 0.815119 0.500618 0.778797 0.388373 0.553855 0.482436 0.177964 0.203841 0.252469 0.273800 0.351173 0.466357 0.554357 0.442227 0.211344 0.168691 0.374346 0.271827 0.598850 0.204619 0.299579 0.208698 0.358322 0.636193 0.682897 0.786286 0.445045 0.356861 0.771678 0.799334 0.369947 0.411578 0.695280 0.787669 0.400803 0.511467 0.509309 0.301868 0.225304 0.246306 0.503010 0.552266 0.786086 0.794771 0.693348 0.944678 0.942041 0.615847 0.981421 0.609565 0.587853 0.442565 0.972971 0.753985 0.808224 0.622773 0.603955 0.652913 0.671582 0.897790 0.464119 0.514497 0.703881 0.892712 0.947964 0.956838 0.778272 0.941833 0.915953 0.857483 0.521047 0.842377 0.908945 0.682093
0.667737 0.600514 0.000000 0.720602 0.727460 0.941081 0.423384 0.937175 0.616801 0.957029 0.743723 0.558924 0.876405 0.546906 0.916986 0.717445 0.735616 0.730391 0.622471 0.563545 0.998786 0.924865 0.749772 0.863367 0.573285 0.374464 0.808702 0.982346 0.734316 0.701905 0.734395 0.838550 0.808339 0.883676 0.402721 0.589950 0.825485 0.985543 0.822254 0.946464 0.998557 0.969461 0.683030 0.948068 0.665390 0.983894 0.990582 0.944557 0.713984 0.609221 0.774338 0.729636 0.799510 0.888846 0.862472 0.821835 0.651797 0.550268 0.845584 0.646261 0.778691 0.725638 0.773213 0.681150 0.293155 0.479182 0.413777 0.436967 0.568686 0.570217 0.847577 0.952513 0.756083 0.855598 0.988492 0.959659 0.805096 0.919075 0.882522 0.778529 0.762320 0.685324 0.826652 0.874886 0.857441 0.912405 0.739463 0.775673 0.741231 0.872482 0.578170 0.507995 0.341958 0.497638 0.818786 0.852905 0.861917 0.514340 0.836424 0.791237 0.964584 0.736010 0.966016 0.995619 0.825992 0.704388 0.988656 0.740231 0.995991 0.923216 0.691862 0.794252 0.923985 0.981493 0.754816 0.843233
0.644443 0.691711 0.720602 0.000000 0.980668 0.902215 0.665836 0.611229 0.996971 0.709319 0.696871 0.734934 0.718913 0.768426 0.823339 0.851434 0.686844 0.701019 0.785724 0.681018 0.998253 0.991262 0.896801 0.995018 0.948352 0.837435 0.908908 0.988527 0.721377 0.764685 0.861006 0.863494 0.604405 0.735452 0.950210 0.829922 0.952011 0.870971 0.719151 0.842543 0.890233 0.845846 0.837810 0.729428 0.740720 0.653774 0.850033 0.623188 0.667209 0.732414 0.672054 0.723926 0.701867 0.777890 0.704618 0.750653 0.643639 0.688876 0.609696 0.739672 0.591459 0.617610 0.750208 0.704856 0.880675 0.794949 0.865809 0.848704 0.699013 0.662547 0.923047 0.946651 0.832122 0.887651 0.775597 0.888759 0.809337 0.846993 0.689349 0.746625 0.703026 0.669009 0.617553 0.608590 0.680979 0.746940 0.950347 0.864741 0.821058 0.706828 0.894150 0.973598 0.922062 0.936869 0.859006 0.941248 0.718404 0.875522 0.711048 0.734690 0.963306 0.785457 0.768696 0.765485 0.628560 0.748107 0.896003 0.898506 0.937561 0.944705 0.950661 0.931136 0.666779 0.961850 0.967429 0.765258
0.668096 0.654259 0.727460 0.980668 0.000000 0.972099 0.983711 0.708067 0.942005 0.744301 0.673613 0.658010 0.744667 0.687174 0.946356 0.894489 0.637889 0.667481 0.588700 0.659539 0.976667 0.969468 0.821391 0.895261 0.933530 0.823708 0.995055 0.971187 0.725664 0.730525 0.967606 0.870403 0.860641 0.755334 0.872405 0.864858 0.844081 0.879628 0.901431 0.980904 0.907494 0.839820 0.987933 0.861891 0.872181 0.805320 0.950936 0.858190 0.759426 0.754282 0.786786 0.785266 0.813709 0.825022 0.715270 0.735801 0.671748 0.718206 0.781317 0.891073 0.926911 0.738519 0.742429 0.695573 0.642105 0.728250 0.881582 0.804077 0.732926 0.750254 0.684937 0.744898 0.764431 0.691224 0.872717 0.903222 0.614875 0.733903 0.835609 0.765442 0.673511 0.621511 0.825053 0.707505 0.932869 0.959694 0.978155 0.897808 0.884468 0.769446 0.892928 0.752445 0.783291 0.728346 0.978319 0.929857 0.872981 0.805842 0.841384 0.821321 0.883434 0.920194 0.736711 0.727622 0.965496 0.980325 0.984737 0.851384 0.974954 0.871189 0.881472 0.833363 0.889482 0.989202 0.952460 0.656036
0.756773 0.764637 0.941081 0.902215 0.972099 0.000000 0.834006 0.626946 0.838702 0.759300 0.785399 0.743163 0.740518 0.742377 0.770155 0.721659 0.857540 0.805828 0.813479 0.825210 0.919398 0.910991 0.825572 0.917973 0.732430 0.982253 0.889381 0.941369 0.740288 0.723064 0.792515 0.743423 0.726636 0.790866 0.945536 0.867716 0.845182 0.976530 0.836383 0.955967 0.987048 0.928827 0.647485 0.584637 0.827696 0.668033 0.771233 0.760088 0.707948 0.622791 0.648516 0.608730 0.699140 0.573220 0.973008 0.784330 0.873631 0.852004 0.778210 0.679185 0.812187 0.735475 0.726784 0.734849 0.794051 0.980134 0.935241 0.830144 0.840888 0.851898 0.799874 0.865033 0.854755 0.693232 0.843250 0.970446 0.619833 0.706876 0.803200 0.700291 0.759294 0.871247 0.868603 0.984849 0.821271 0.887348 0.935067 0.781160 0.851292 0.987148 0.746540 0.853442 0.882727 0.939122 0.975730 0.877927 0.939823 0.916421 0.724431 0.725831 0.652526 0.805926 0.803414 0.728626 0.673505 0.756805 0.758466 0.782099 0.775332 0.887395 0.997895 0.811882 0.803428 0.797642 0.856174 0.962053
0.913350 0.994295 0.423384 0.665836 0.983711 0.834006 0.000000 0.550680 0.624660 0.535168 0.753131 0.966434 0.671920 0.972856 0.773729 0.984437 0.786675 0.792679 0.864046 0.969114 0.985716 0.879271 0.986050 0.667541 0.924130 0.617926 0.674315 0.947936 0.838655 0.815426 0.522324 0.580095 0.474420 0.616261 0.612966 0.864942 0.895822 0.954543 0.769363 0.957392 0.925328 0.948100 0.282860 0.439248 0.311007 0.558688 0.602065 0.501546 0.869242 0.971837 0.798963 0.840657 0.816074 0.706363 0.863617 0.851841 0.947002 0.878770 0.748155 0.973456 0.385312 0.843491 0.725517 0.820754 0.660956 0.664517 0.333315 0.294359 0.680329 0.805831 0.704845 0.656628 0.822570 0.759838 0.944435 0.932125 0.701943 0.747266 0.633194 0.814127 0.784508 0.942913 0.864783 0.835995 0.960361 0.735274 0.979615 0.622671 0.894927 0.936112 0.387545 0.513493 0.479801 0.647179 0.873875 0.872915 0.636434 0.590657 0.402878 0.365183 0.536540 0.548511 0.573963 0.610670 0.682300 0.542438 0.996558 0.581532 0.715072 0.996179 0.718443 0.464130 0.600347 0.792764 0.577429 0.954319
0.277379 0.283428 0.937175 0.611229 0.708067 0.626946 0.550680 0.000000 0.991278 0.276133 0.271074 0.309462 0.343285 0.356326 0.544934 0.607925 0.282536 0.278933 0.338275 0.358909 0.966838 0.958236 0.912892 0.780521 0.650226 0.943086 0.858575 0.938862 0.294954 0.294949 0.561947 0.594899 0.375543 0.311062 0.841732 0.705355 0.926358 0.922294 0.879909 0.950455 0.748474 0.799521 0.472033 0.293627 0.479355 0.251331 0.461959 0.349194 0.264567 0.308822 0.291405 0.308599 0.390339 0.392463 0.639175 0.538916 0.349501 0.390213 0.356406 0.406467 0.384308 0.269235 0.260234 0.259607 0.622895 0.858597 0.900528 0.822953 0.755377 0.581826 0.583054 0.678028 0.400390 0.384684 0.681576 0.825635 0.339743 0.440237 0.434236 0.366398 0.259395 0.352505 0.490378 0.582607 0.844655 0.990102 0.717169 0.825310 0.944353 0.698984 0.705002 0.976402 0.941782 0.740504 0.886580 0.721934 0.678239 0.857965 0.365992 0.383979 0.485357 0.683583 0.355084 0.396635 0.603485 0.589719 0.919262 0.832551 0.652027 0.924417 0.847787 0.577376 0.414532 0.711173 0.661654 0.803528
0.832309 0.781797 0.616801 0.996971 0.942005 0.838702 0.624660 0.991278 0.000000 0.930993 0.880766 0.776739 0.917736 0.717431 0.973701 0.851367 0.880237 0.834132 0.845938 0.751302 0.909199 0.915351 0.913545 0.761262 0.859463 0.686916 0.851553 0.952505 0.859408 0.896873 0.694197 0.776694 0.951286 0.934162 0.650079 0.843653 0.964357 0.931881 0.912213 0.962609 0.843752 0.959726 0.659030 0.811652 0.690257 0.882275 0.928991 0.817288 0.932054 0.895924 0.961750 0.957438 0.942977 0.826690 0.960760 0.893031 0.754775 0.703055 0.832131 0.834447 0.868814 0.964369 0.881614 0.839032 0.687413 0.660861 0.666427 0.637328 0.676088 0.747514 0.989851 0.912707 0.819544 0.996330 0.943669 0.863625 0.924733 0.921093 0.973166 0.901779 0.896653 0.784224 0.773695 0.780377 0.859232 0.775953 0.704577 0.683605 0.889869 0.953070 0.622591 0.555957 0.610162 0.631489 0.929905 0.984053 0.986042 0.858317 0.759375 0.770778 0.769026 0.831392 0.977837 0.912346 0.803367 0.743679 0.984638 0.717173 0.875485 0.953102 0.931053 0.857559 0.823549 0.904422 0.776066 0.769806
0.411954 0.409346 0.957029 0.709319 0.744301 0.759300 0.535168 0.276133 0.930993 0.000000 0.331716 0.387779 0.397978 0.457188 0.516969 0.636338 0.285082 0.295016 0.412821 0.479657 0.874744 0.910857 0.971270 0.880691 0.752983 0.931143 0.801457 0.947693 0.337603 0.305676 0.480922 0.558896 0.368881 0.358958 0.877228 0.859757 0.796197 0.856224 0.967233 0.911139 0.780400 0.803448 0.463631 0.318060 0.446086 0.292227 0.477701 0.358432 0.378558 0.521502 0.455229 0.516284 0.546629 0.605258 0.687532 0.583103 0.406117 0.513774 0.411026 0.610232 0.397454 0.390430 0.326884 0.296780 0.731680 0.845705 0.837557 0.766128 0.792770 0.685282 0.577608 0.492626 0.504735 0.503300 0.782540 0.901627 0.499325 0.487925 0.432180 0.376777 0.259664 0.367062 0.499438 0.504629 0.786544 0.947655 0.866270 0.946105 0.965050 0.649480 0.804800 0.876651 0.874635 0.726677 0.998522 0.769724 0.621756 0.919969 0.440209 0.384151 0.600132 0.785682 0.418527 0.463700 0.677006 0.723345 0.944989 0.856677 0.639865 0.942564 0.929342 0.559942 0.526145 0.781748 0.740523 0.782260
0.230960 0.262089 0.743723 0.696871 0.673613 0.785399 0.753131 0.271074 0.880766 0.331716 0.000000 0.208093 0.262458 0.255818 0.474961 0.485568 0.199010 0.189821 0.229423 0.297900 0.987011 0.926611 0.876091 0.854410 0.533780 0.728498 0.953552 0.961484 0.218606 0.187522 0.736716 0.718428 0.422330 0.342813 0.711344 0.681815 0.967073 0.918343 0.974083 0.800475 0.660825 0.698672 0.621971 0.419237 0.664964 0.338628 0.509890 0.421383 0.269572 0.313964 0.326187 0.341479 0.412601 0.460299 0.573031 0.516457 0.329419 0.322040 0.300854 0.369785 0.395197 0.252513 0.201637 0.184606 0.491262 0.724261 0.953061 0.992829 0.627833 0.541053 0.727354 0.638614 0.362067 0.369036 0.761350 0.796013 0.416066 0.467120 0.357096 0.370613 0.241853 0.292914 0.511169 0.561371 0.846077 0.895082 0.663990 0.990738 0.949072 0.627759 0.883803 0.725406 0.679100 0.505366 0.932813 0.707401 0.714235 0.711754 0.507418 0.548252 0.585529 0.781110 0.459026 0.419524 0.690692 0.805528 0.991503 0.970211 0.729879 0.848449 0.919779 0.769008 0.513151 0.743066 0.738909 0.719731
0.180549 0.187732 0.558924 0.734934 0.658010 0.743163 0.966434 0.309462 0.776739 0.387779 0.208093 0.000000 0.287258 0.170511 0.502798 0.432188 0.210639 0.194720 0.233685 0.218833 0.975859 0.838841 0.891601 0.997569 0.470328 0.596299 0.987402 0.991292 0.244863 0.210473 0.825182 0.817302 0.545905 0.378687 0.570811 0.588013 0.979001 0.946070 0.985393 0.855999 0.713428 0.750823 0.764797 0.477117 0.798911 0.388204 0.563673 0.485335 0.217055 0.240838 0.310215 0.311069 0.388048 0.487899 0.619389 0.483633 0.259940 0.219656 0.354833 0.288386 0.557266 0.227553 0.224198 0.172040 0.347567 0.640953 0.751072 0.809219 0.495274 0.419110 0.680362 0.690471 0.402724 0.411559 0.751983 0.800662 0.394490 0.461698 0.458573 0.324209 0.241145 0.249232 0.465412 0.562246 0.844433 0.790594 0.700107 0.885631 0.905629 0.633095 0.964340 0.581531 0.521997 0.403889 0.921371 0.676742 0.842785 0.656441 0.583828 0.652828 0.688518 0.898371 0.479282 0.514349 0.732823 0.904075 0.983093 0.941088 0.761295 0.863147 0.854985 0.864787 0.519194 0.818088 0.824982 0.689548
0.321372 0.400222 0.876405 0.718913 0.744667 0.740518 0.671920 0.343285 0.917736 0.397978 0.262458 0.287258 0.000000 0.319880 0.380962 0.422144 0.314949 0.304478 0.355518 0.490528 0.956338 0.950615 0.992357 0.896072 0.569826 0.740235 0.993883 0.989522 0.340625 0.265665 0.695711 0.758894 0.440752 0.408260 0.750392 0.734955 0.989261 0.883711 0.962433 0.994052 0.766935 0.796857 0.539065 0.373148 0.679325 0.390997 0.492015 0.446342 0.383800 0.384373 0.402112 0.392366 0.450231 0.483934 0.705801 0.604105 0.413056 0.440128 0.266490 0.365675 0.356300 0.400821 0.207339 0.242317 0.663015 0.762574 0.887296 0.899552 0.808801 0.661217 0.653256 0.643753 0.528926 0.506840 0.842544 0.771546 0.439087 0.423300 0.430106 0.448671 0.372730 0.432169 0.526867 0.654064 0.935009 0.991906 0.730690 0.949824 0.955033 0.689770 0.805221 0.805338 0.802788 0.588322 0.963264 0.681241 0.702331 0.816699 0.454347 0.511486 0.536945 0.779708 0.383679 0.437545 0.602808 0.657205 0.972142 0.885204 0.661504 0.821528 0.958117 0.744856 0.485367 0.710249 0.630005 0.713390
0.233041 0.246551 0.546906 0.768426 0.687174 0.742377 0.972856 0.356326 0.717431 0.457188 0.255818 0.170511 0.319880 0.000000 0.487989 0.373941 0.273936 0.255371 0.280613 0.288560 0.985035 0.864776 0.968780 0.910079 0.518742 0.587413 0.958328 0.973324 0.282148 0.241296 0.841986 0.873862 0.577277 0.412775 0.574691 0.588483 0.981063 0.979667 0.952693 0.832146 0.748348 0.720898 0.808346 0.540127 0.871429 0.426238 0.619603 0.565579 0.296228 0.283490 0.390573 0.372533 0.479972 0.564698 0.730110 0.605741 0.312207 0.260847 0.365597 0.306331 0.600801 0.290948 0.238189 0.209424 0.388426 0.663045 0.759829 0.769285 0.552605 0.467142 0.692312 0.752069 0.480579 0.484562 0.724270 0.760300 0.473304 0.525475 0.498523 0.406893 0.304839 0.273781 0.507821 0.580671 0.816795 0.727321 0.653654 0.868944 0.880442 0.659623 0.883519 0.536177 0.491919 0.362496 0.980611 0.748477 0.936934 0.611228 0.660907 0.707198 0.746742 0.929195 0.553827 0.526433 0.732101 0.879931 0.992921 0.880895 0.762367 0.888484 0.908810 0.916329 0.577330 0.864486 0.896020 0.728428
0.578373 0.618085 0.916986 0.823339 0.946356 0.770155 0.773729 0.544934 0.973701 0.516969 0.474961 0.502798 0.380962 0.487989 0.000000 0.380030 0.515824 0.516647 0.568495 0.664893 0.993435 0.965745 0.723851 0.923356 0.713464 0.867372 0.992016 0.983341 0.528027 0.427672 0.582062 0.716415 0.497895 0.505783 0.905963 0.812901 0.889528 0.821160 0.982511 0.922556 0.959455 0.944817 0.600739 0.484893 0.765215 0.495335 0.702809 0.569618 0.607326 0.626144 0.710259 0.674518 0.762590 0.793748 0.959434 0.881432 0.557069 0.585384 0.510146 0.551829 0.544354 0.544963 0.345962 0.430030 0.907263 0.973512 0.810179 0.813961 0.997159 0.860421 0.698966 0.667068 0.792722 0.852053 0.895692 0.891704 0.625784 0.627247 0.588519 0.612620 0.547435 0.560990 0.614093 0.815599 0.783293 0.707361 0.839462 0.977791 0.976678 0.733841 0.949782 0.802099 0.789955 0.688568 0.921009 0.779095 0.832307 0.790213 0.686312 0.669253 0.704109 0.901488 0.688961 0.647391 0.753669 0.781825 0.913116 0.933913 0.736068 0.960561 0.912623 0.854904 0.741463 0.845658 0.660302 0.858697
0.555478 0.567151 0.717445 0.851434 0.894489 0.721659 0.984437 0.607925 0.851367 0.636338 0.485568 0.432188 0.422144 0.373941 0.380030 0.000000 0.537503 0.553577 0.540026 0.634116 0.994259 0.860199 0.835960 0.749428 0.628156 0.672003 0.936014 0.983688 0.559399 0.442028 0.771805 0.885912 0.672019 0.634533 0.758512 0.774806 0.989798 0.808250 0.991875 0.924357 0.968435 0.949440 0.768457 0.598401 0.982706 0.660190 0.759335 0.664600 0.605826 0.583373 0.682602 0.664642 0.792720 0.836787 0.926869 0.940762 0.556738 0.566918 0.540678 0.499881 0.723039 0.583738 0.421920 0.425149 0.695075 0.839852 0.918778 0.943532 0.838160 0.688807 0.720158 0.717979 0.810215 0.745848 0.828616 0.841969 0.716337 0.542442 0.634433 0.572862 0.559796 0.532633 0.700131 0.785248 0.808222 0.628262 0.773939 0.875710 0.992178 0.818141 0.831550 0.632654 0.576446 0.552212 0.982439 0.749245 0.908912 0.685883 0.852141 0.851978 0.800686 0.971406 0.696467 0.659755 0.772776 0.771478 0.989084 0.873441 0.791091 0.863703 0.864450 0.989780 0.741801 0.846193 0.781421 0.837579
0.231235 0.232948 0.735616 0.686844 0.637889 0.857540 0.786675 0.282536 0.880237 0.285082 0.199010 0.210639 0.314949 0.273936 0.515824 0.537503 0.000000 0.156220 0.240424 0.268498 0.881784 0.883028 0.937056 0.856143 0.579122 0.701272 0.892360 0.956832 0.231176 0.188829 0.701524 0.689044 0.399250 0.304349 0.699320 0.734609 0.824815 0.850032 0.989303 0.802125 0.693935 0.713446 0.641983 0.405696 0.631247 0.336502 0.477029 0.393829 0.255736 0.375555 0.369811 0.421809 0.473087 0.575056 0.534703 0.506145 0.245385 0.304228 0.342178 0.440032 0.473433 0.283123 0.220944 0.174453 0.486356 0.696286 0.911167 0.969407 0.580609 0.529024 0.657606 0.594766 0.363132 0.406790 0.759584 0.872130 0.404737 0.479279 0.413676 0.323128 0.187111 0.229193 0.467781 0.477785 0.727701 0.803236 0.708609 0.931469 0.934177 0.579257 0.987156 0.634493 0.639295 0.447377 0.912898 0.722539 0.762334 0.733381 0.493180 0.541033 0.693512 0.871007 0.417679 0.472544 0.762855 0.844079 0.894380 0.980863 0.734294 0.840059 0.973818 0.724863 0.495213 0.841959 0.806607 0.682279
0.205763 0.215385 0.730391 0.701019 0.667481 0.805828 0.792679 0.278933 0.834132 0.295016 0.189821 0.194720 0.304478 0.255371 0.516647 0.553577 0.156220 0.000000 0.218359 0.255282 0.877290 0.846503 0.889715 0.865875 0.549456 0.699259 0.852296 0.983190 0.190862 0.175519 0.713612 0.669634 0.388031 0.308146 0.727390 0.682450 0.886143 0.839457 0.988461 0.798073 0.598750 0.727565 0.628994 0.401477 0.631476 0.322321 0.511922 0.374877 0.234137 0.339242 0.332059 0.376392 0.426400 0.514530 0.508027 0.471670 0.252258 0.273877 0.330821 0.399132 0.434023 0.264541 0.206397 0.167390 0.458512 0.672220 0.900161 0.967428 0.574223 0.524921 0.681001 0.614923 0.329678 0.371274 0.762416 0.767163 0.374746 0.458897 0.396765 0.295465 0.191024 0.240447 0.465147 0.509216 0.779954 0.859578 0.712607 0.950278 0.903374 0.627082 0.966948 0.648160 0.628833 0.455071 0.913078 0.709316 0.756526 0.749321 0.487798 0.519625 0.660759 0.829129 0.408722 0.446956 0.681279 0.868472 0.956539 0.972489 0.769864 0.904010 0.987798 0.759097 0.470824 0.826760 0.793768 0.729116
0.255358 0.255175 0.622471 0.785724 0.588700 0.813479 0.864046 0.338275 0.845938 0.412821 0.229423 0.233685 0.355518 0.280613 0.568495 0.540026 0.240424 0.218359 0.000000 0.263062 0.916057 0.917065 0.887922 0.903044 0.540009 0.607661 0.947805 0.975859 0.252728 0.230264 0.786095 0.771152 0.449993 0.371482 0.662636 0.670561 0.985700 0.901546 0.970765 0.910985 0.664189 0.792131 0.740142 0.517465 0.743906 0.451544 0.563092 0.455923 0.314966 0.350933 0.406630 0.420255 0.510517 0.576917 0.535450 0.521098 0.286901 0.313099 0.373645 0.434123 0.566788 0.310211 0.270538 0.248003 0.407162 0.575136 0.813207 0.876217 0.556080 0.500267 0.687981 0.691967 0.386180 0.396921 0.796085 0.832538 0.359955 0.578234 0.438707 0.336255 0.258092 0.284380 0.538579 0.487862 0.848443 0.917012 0.706465 0.892850 0.876629 0.649378 0.985359 0.604498 0.604460 0.452912 0.823642 0.695774 0.823765 0.662400 0.627643 0.683751 0.682562 0.907115 0.479886 0.510077 0.767532 0.868908 0.959423 0.896649 0.755774 0.976422 0.847125 0.832650 0.571663 0.851993 0.926814 0.670764
0.233211 0.204613 0.563545 0.681018 0.659539 0.825210 0.969114 0.358909 0.751302 0.479657 0.297900 0.218833 0.490528 0.288560 0.664893 0.634116 0.268498 0.255282 0.263062 0.000000 0.935730 0.861696 0.902842 0.958840 0.630149 0.670134 0.965223 0.961263 0.284046 0.299059 0.898235 0.793238 0.605777 0.430705 0.616386 0.577426 0.955159 0.799632 0.987086 0.777027 0.667880 0.733181 0.926573 0.643289 0.882566 0.496528 0.669626 0.544707 0.269246 0.297166 0.387048 0.406687 0.487935 0.603282 0.568343 0.496216 0.258238 0.222138 0.458366 0.400523 0.723887 0.265980 0.375470 0.301045 0.367868 0.619989 0.614627 0.721253 0.401615 0.349012 0.805969 0.836098 0.396474 0.474977 0.726819 0.827388 0.414464 0.611566 0.527786 0.355910 0.250781 0.225255 0.426790 0.494732 0.753187 0.758646 0.680294 0.805350 0.838877 0.664827 0.866989 0.565730 0.558361 0.441680 0.900890 0.765489 0.885607 0.660210 0.713590 0.775974 0.826705 0.972299 0.597584 0.671581 0.790292 0.996540 0.951195 0.882735 0.866653 0.934742 0.931678 0.889608 0.624147 0.825871 0.955332 0.666508
0.887708 0.923947 0.998786 0.998253 0.976667 0.919398 0.985716 0.966838 0.909199 0.874744 0.987011 0.975859 0.956338 0.985035 0.993435 0.994259 0.881784 0.877290 0.916057 0.935730 0.000000 0.911320 0.976086 0.965621 0.896088 0.842859 0.881876 0.973785 0.926866 0.910898 0.915372 0.906636 0.929338 0.946528 0.935229 0.903950 0.735890 0.874947 0.780661 0.806054 0.724738 0.864052 0.922177 0.884186 0.870187 0.855794 0.818282 0.846397 0.843188 0.999283 0.944892 0.997609 0.975442 0.895272 0.844948 0.843624 0.876315 0.940659 0.924267 0.978303 0.954028 0.945737 0.956682 0.919258 0.965760 0.839107 0.894661 0.937694 0.860495 0.885559 0.997491 0.946935 0.903155 0.873669 0.859321 0.913619 0.978382 0.891004 0.952406 0.836489 0.820830 0.839552 0.860827 0.848177 0.808003 0.958400 0.909718 0.975196 0.989942 0.895061 0.792462 0.909564 0.913700 0.892169 0.917288 0.954991 0.984533 0.927512 0.916077 0.930178 0.974821 0.890585 0.861435 0.836435 0.978718 0.971688 0.874407 0.937645 0.952662 0.863940 0.973408 0.967017 0.942073 0.918827 0.918506 0.994894
0.849443 0.811887 0.924865 0.991262 0.969468 0.910991 0.879271 0.958236 0.915351 0.910857 0.926611 0.838841 0.950615 0.864776 0.965745 0.860199 0.883028 0.846503 0.917065 0.861696 0.911320 0.000000 0.885751 0.929597 0.953369 0.920991 0.831412 0.894556 0.906235 0.895600 0.944683 0.994099 0.977243 0.930401 0.925153 0.929377 0.960180 0.633266 0.917526 0.938252 0.862720 0.880005 0.984635 0.923975 0.996015 0.938607 0.913226 0.923842 0.805152 0.882931 0.834796 0.890232 0.922109 0.918411 0.900099 0.908001 0.932717 0.869010 0.994303 0.830656 0.992333 0.846413 0.930062 0.856435 0.845660 0.982345 0.885666 0.939920 0.940744 0.944546 0.967853 0.987538 0.932048 0.837183 0.947447 0.960252 0.924638 0.948944 0.909442 0.855135 0.849188 0.822084 0.957598 0.826435 0.893959 0.858723 0.831758 0.983270 0.998345 0.812274 0.929123 0.792609 0.833697 0.889668 0.951639 0.853272 0.962760 0.889302 0.983720 0.998590 0.921045 0.946308 0.982744 0.946698 0.932312 0.980514 0.858743 0.818689 0.915461 0.892645 0.947743 0.955441 0.937733 0.813599 0.919203 0.940562
0.832554 0.848716 0.749772 0.896801 0.821391 0.825572 0.986050 0.912892 0.913545 0.971270 0.876091 0.891601 0.992357 0.968780 0.723851 0.835960 0.937056 0.889715 0.887922 0.902842 0.976086 0.885751 0.000000 0.504228 0.790721 0.902248 0.938669 0.880608 0.961506 0.971258 0.818310 0.986744 0.860460 0.946025 0.904242 0.827787 0.708098 0.735192 0.908442 0.964452 0.870234 0.920114 0.898929 0.826135 0.862003 0.876905 0.911871 0.821363 0.805516 0.746909 0.620666 0.619159 0.563478 0.512490 0.621312 0.594829 0.984301 0.934289 0.957230 0.865370 0.889648 0.822558 0.983853 0.882595 0.674104 0.962251 0.941501 0.970980 0.858595 0.843497 0.960602 0.856231 0.739624 0.647684 0.977053 0.923766 0.723758 0.861430 0.833245 0.871437 0.920622 0.944850 0.874923 0.980337 0.583224 0.536075 0.855498 0.707377 0.973365 0.991524 0.729875 0.761293 0.980929 0.873624 0.982764 0.796409 0.987778 0.940648 0.711857 0.733341 0.655247 0.702626 0.780626 0.746627 0.925148 0.967094 0.790302 0.686702 0.962016 0.871256 0.956686 0.858342 0.770544 0.833645 0.870250 0.963648
0.909168 0.926948 0.863367 0.995018 0.895261 0.917973 0.667541 0.780521 0.761262 0.880691 0.854410 0.997569 0.896072 0.910079 0.923356 0.749428 0.856143 0.865875 0.903044 0.958840 0.965621 0.929597 0.504228 0.000000 0.953894 0.857514 0.923245 0.910834 0.901132 0.932262 0.880471 0.741705 0.853305 0.789069 0.892721 0.924919 0.986702 0.784958 0.823888 0.939200 0.818071 0.903321 0.700882 0.711846 0.665078 0.795599 0.729450 0.780680 0.867183 0.883587 0.754069 0.764189 0.737817 0.647639 0.641139 0.746275 0.909631 0.992260 0.884982 0.999444 0.748018 0.888245 0.895233 0.909962 0.962251 0.970207 0.747987 0.630379 0.913322 0.954419 0.905595 0.855255 0.687331 0.730251 0.843168 0.908711 0.661957 0.747393 0.742494 0.931904 0.889067 0.964046 0.921900 0.910928 0.755117 0.533640 0.921650 0.595127 0.928122 0.971734 0.551036 0.592343 0.666375 0.741411 0.897898 0.936469 0.790604 0.847459 0.541651 0.622044 0.658209 0.655853 0.713346 0.763479 0.895833 0.863455 0.979252 0.602929 0.908130 0.857950 0.845889 0.770854 0.739523 0.868755 0.702988 0.945910
0.557587 0.572360 0.573285 0.948352 0.933530 0.732430 0.924130 0.650226 0.859463 0.752983 0.533780 0.470328 0.569826 0.518742 0.713464 0.628156 0.579122 0.549456 0.540009 0.630149 0.896088 0.953369 0.790721 0.953894 0.000000 0.465129 0.807338 0.964746 0.602048 0.525113 0.916285 0.991171 0.834912 0.704043 0.639583 0.720216 0.775228 0.845061 0.988936 0.912200 0.772210 0.971385 0.822375 0.683721 0.999451 0.731803 0.605365 0.740634 0.543962 0.540517 0.582948 0.549937 0.600851 0.595639 0.718520 0.694345 0.681729 0.621322 0.621313 0.525357 0.697591 0.582140 0.503402 0.506645 0.439974 0.668137 0.850500 0.875269 0.813849 0.763732 0.834939 0.873280 0.573657 0.560703 0.951971 0.784778 0.667874 0.677997 0.762453 0.662483 0.666109 0.736271 0.814800 0.999739 0.801028 0.924649 0.767275 0.834920 0.736920 0.890983 0.996610 0.839072 0.681800 0.629123 0.928487 0.783358 0.956747 0.765663 0.690415 0.851432 0.759092 0.976247 0.729541 0.682441 0.987242 0.998504 0.996908 0.971566 0.934324 0.805865 0.804830 0.973442 0.736580 0.841221 0.874679 0.871773
0.710090 0.702325 0.374464 0.837435 0.823708 0.982253 0.617926 0.943086 0.686916 0.931143 0.728498 0.596299 0.740235 0.587413 0.867372 0.672003 0.701272 0.699259 0.607661 0.670134 0.842859 0.920991 0.902248 0.857514 0.465129 0.000000 0.933826 0.982024 0.783969 0.690962 0.676886 0.746328 0.917179 0.943613 0.492032 0.684590 0.857540 0.935055 0.857172 0.966802 0.873268 0.894457 0.782454 0.963483 0.722206 0.973569 0.817077 0.975942 0.780550 0.752746 0.856133 0.856914 0.902337 0.956153 0.809501 0.810266 0.686184 0.665247 0.728919 0.724039 0.964283 0.850631 0.729721 0.681388 0.453113 0.427088 0.622802 0.587026 0.685963 0.722811 0.964419 0.843174 0.716833 0.780334 0.922640 0.962096 0.838248 0.895142 0.824684 0.829020 0.803526 0.732021 0.796501 0.884304 0.822382 0.992675 0.722632 0.758855 0.827456 0.857707 0.580541 0.561304 0.420472 0.516271 0.792774 0.805940 0.936613 0.597443 0.954087 0.871190 0.906469 0.704075 0.908230 0.908912 0.936871 0.810306 0.931098 0.667804 0.980111 0.829073 0.758012 0.780339 0.953213 0.900232 0.860029 0.784918
0.964427 0.995805 0.808702 0.908908 0.995055 0.889381 0.674315 0.858575 0.851553 0.801457 0.953552 0.987402 0.993883 0.958328 0.992016 0.936014 0.892360 0.852296 0.947805 0.965223 0.881876 0.831412 0.938669 0.923245 0.807338 0.933826 0.000000 0.928661 0.909709 0.932254 0.914746 0.745166 0.792065 0.817921 0.647052 0.905161 0.992141 0.980606 0.952121 0.928153 0.909453 0.985331 0.656945 0.768867 0.676579 0.845594 0.863506 0.733726 0.938598 0.880483 0.930842 0.992770 0.958768 0.901962 0.772402 0.905758 0.933796 0.844005 0.995082 0.868506 0.745631 0.957649 0.886222 0.920567 0.999642 0.915189 0.678136 0.664533 0.813526 0.733382 0.856606 0.809392 0.836207 0.843004 0.969183 0.952831 0.868207 0.993224 0.954240 0.894902 0.902851 0.998877 0.904804 0.924943 0.963982 0.870240 0.997563 0.786017 0.789285 0.939783 0.794491 0.789015 0.808652 0.899916 0.904312 0.944306 0.991688 0.777526 0.694920 0.721875 0.835303 0.775641 0.865661 0.828489 0.899272 0.969659 0.970959 0.803527 0.923463 0.953591 0.882343 0.843319 0.768716 0.844548 0.890905 0.742140
0.986278 0.966773 0.982346 0.988527 0.971187 0.941369 0.947936 0.938862 0.952505 0.947693 0.961484 0.991292 0.989522 0.973324 0.983341 0.983688 0.956832 0.983190 0.975859 0.961263 0.973785 0.894556 0.880608 0.910834 0.964746 0.982024 0.928661 0.000000 0.952105 0.953476 0.918369 0.900771 0.967853 0.904033 0.992701 0.787514 0.864637 0.964696 0.881916 0.916037 0.852667 0.950550 0.940762 0.862253 0.866318 0.952765 0.961109 0.985659 0.936824 0.998050 0.954464 0.989523 0.961071 0.972429 0.942726 0.898498 0.977577 0.994797 0.982070 0.964762 0.960263 0.997041 0.942860 0.955422 0.974426 0.967759 0.817654 0.881872 0.947887 0.950385 0.921955 0.962332 0.906868 0.949879 0.998829 0.939377 0.941165 0.829124 0.975194 0.938236 0.959076 0.991062 0.941876 0.948764 0.887134 0.941812 0.933794 0.947357 0.896525 0.683313 0.998606 0.941714 0.992761 0.893902 0.915510 0.741493 0.995747 0.810236 0.767027 0.868394 0.816768 0.920056 0.922229 0.985656 0.969245 0.947488 0.851893 0.963285 0.935543 0.977604 0.954910 0.910794 0.868557 0.934319 0.941111 0.882387
0.239756 0.232645 0.734316 0.721377 0.725664 0.740288 0.838655 0.294954 0.859408 0.337603 0.218606 0.244863 0.340625 0.282148 0.528027 0.559399 0.231176 0.190862 0.252728 0.284046 0.926866 0.906235 0.961506 0.901132 0.602048 0.783969 0.909709 0.952105 0.000000 0.192374 0.670126 0.588296 0.401094 0.314256 0.739981 0.704912 0.907862 0.867805 0.957651 0.788773 0.631375 0.686376 0.653360 0.445364 0.664972 0.320445 0.535350 0.426393 0.248446 0.301365 0.323582 0.351646 0.416054 0.490227 0.586101 0.477473 0.308023 0.286228 0.329706 0.382540 0.467137 0.252992 0.238884 0.213591 0.474850 0.698640 0.870968 0.939751 0.625214 0.522843 0.728560 0.729661 0.349915 0.417602 0.720520 0.788248 0.414908 0.476385 0.388126 0.301820 0.226879 0.279503 0.470530 0.534530 0.743746 0.853010 0.768826 0.942653 0.902329 0.650704 0.915754 0.655929 0.697832 0.478556 0.880772 0.714859 0.762449 0.707673 0.542295 0.600607 0.666195 0.805490 0.450709 0.474710 0.625124 0.859849 0.975361 0.986790 0.773483 0.990270 0.979533 0.819341 0.502826 0.777977 0.894787 0.741779
0.228709 0.248475 0.701905 0.764685 0.730525 0.723064 0.815426 0.294949 0.896873 0.305676 0.187522 0.210473 0.265665 0.241296 0.427672 0.442028 0.188829 0.175519 0.230264 0.299059 0.910898 0.895600 0.971258 0.932262 0.525113 0.690962 0.932254 0.953476 0.192374 0.000000 0.629272 0.648773 0.400646 0.299830 0.686778 0.679849 0.883457 0.926677 0.989330 0.831020 0.627222 0.716185 0.588112 0.371250 0.654675 0.316508 0.474945 0.389425 0.244356 0.319827 0.351329 0.370226 0.437714 0.523585 0.610268 0.547588 0.289928 0.293542 0.306212 0.358462 0.452022 0.269878 0.190738 0.161693 0.473755 0.659921 0.884606 0.968237 0.660929 0.538907 0.693590 0.637390 0.398638 0.414241 0.823955 0.819538 0.405053 0.459270 0.398461 0.318397 0.206613 0.277664 0.493992 0.528140 0.803500 0.844932 0.711182 0.998760 0.912024 0.650651 0.994165 0.618528 0.619685 0.412651 0.886479 0.717754 0.755313 0.641859 0.556035 0.593147 0.624928 0.846916 0.444739 0.444052 0.685515 0.845720 0.999311 0.999397 0.680041 0.895675 0.955799 0.754795 0.512509 0.775247 0.794740 0.739024
0.767393 0.774219 0.734395 0.861006 0.967606 0.792515 0.522324 0.561947 0.694197 0.480922 0.736716 0.825182 0.695711 0.841986 0.582062 0.771805 0.701524 0.713612 0.786095 0.898235 0.915372 0.944683 0.818310 0.880471 0.916285 0.676886 0.914746 0.918369 0.670126 0.629272 0.000000 0.400913 0.491266 0.546738 0.829623 0.990000 0.759764 0.983372 0.891247 0.984971 0.964118 0.978312 0.379115 0.403749 0.421071 0.430039 0.684140 0.524669 0.698889 0.823168 0.778648 0.776911 0.801745 0.809054 0.979025 0.915447 0.738174 0.837775 0.803755 0.823503 0.605567 0.691627 0.636524 0.686120 0.896565 0.792313 0.733225 0.537639 0.810436 0.955135 0.685265 0.697259 0.913284 0.821231 0.811988 0.904954 0.668155 0.652452 0.750808 0.687437 0.647655 0.790095 0.857240 0.866778 0.761444 0.917433 0.987419 0.684616 0.914576 0.824445 0.719818 0.932379 0.832905 0.993971 0.839880 0.941030 0.816094 0.969676 0.643865 0.593817 0.585900 0.727609 0.633502 0.684759 0.692032 0.702615 0.910563 0.821943 0.738625 0.847697 0.747042 0.618329 0.645209 0.928177 0.702553 0.935417
0.750045 0.755616 0.838550 0.863494 0.870403 0.743423 0.580095 0.594899 0.776694 0.558896 0.718428 0.817302 0.758894 0.873862 0.716415 0.885912 0.689044 0.669634 0.771152 0.793238 0.906636 0.994099 0.986744 0.741705 0.991171 0.746328 0.745166 0.900771 0.588296 0.648773 0.400913 0.000000 0.470105 0.529431 0.822146 0.932517 0.772653 0.872375 0.782436 0.882587 0.868942 0.985367 0.462565 0.480474 0.481737 0.479126 0.657906 0.478881 0.677924 0.783336 0.729772 0.753056 0.797145 0.757484 0.848041 0.799089 0.721692 0.830232 0.806497 0.829625 0.671247 0.686923 0.675602 0.701357 0.980285 0.920036 0.861280 0.629060 0.850932 0.920721 0.598252 0.718019 0.794571 0.834101 0.803779 0.896011 0.633746 0.675046 0.699271 0.604764 0.620776 0.773835 0.813894 0.899115 0.834779 0.973920 0.930085 0.678800 0.943076 0.869799 0.720989 0.931476 0.821570 0.969523 0.978253 0.997404 0.784439 0.982982 0.658882 0.657567 0.687311 0.794478 0.611391 0.740009 0.672744 0.894489 0.967003 0.820297 0.749154 0.812664 0.718441 0.596637 0.721747 0.829977 0.810290 0.884831
0.523309 0.546940 0.808339 0.604405 0.860641 0.726636 0.474420 0.375543 0.951286 0.368881 0.422330 0.545905 0.440752 0.577277 0.497895 0.672019 0.399250 0.388031 0.449993 0.605777 0.929338 0.977243 0.860460 0.853305 0.834912 0.917179 0.792065 0.967853 0.401094 0.400646 0.491266 0.470105 0.000000 0.390213 0.932251 0.994286 0.686644 0.903572 0.854137 0.836798 0.778898 0.862998 0.440792 0.384425 0.443238 0.356345 0.606459 0.401745 0.526583 0.645926 0.613211 0.638626 0.702992 0.695017 0.743836 0.764895 0.495165 0.610496 0.505717 0.698947 0.410399 0.512267 0.378828 0.416405 0.917501 0.976792 0.724792 0.655248 0.959043 0.799519 0.678405 0.626827 0.606531 0.614144 0.792052 0.918421 0.523144 0.557168 0.490512 0.417903 0.397175 0.510572 0.609074 0.581757 0.700392 0.868554 0.958931 0.971226 0.981649 0.681208 0.795536 0.911680 0.986330 0.779836 0.930150 0.859860 0.708948 0.942364 0.524993 0.519005 0.657769 0.735911 0.489827 0.498858 0.594634 0.703753 0.962809 0.841200 0.656602 0.937023 0.893414 0.601637 0.542522 0.732529 0.787577 0.869548
0.377126 0.398674 0.883676 0.735452 0.755334 0.790866 0.616261 0.311062 0.934162 0.358958 0.342813 0.378687 0.408260 0.412775 0.505783 0.634533 0.304349 0.308146 0.371482 0.430705 0.946528 0.930401 0.946025 0.789069 0.704043 0.943613 0.817921 0.904033 0.314256 0.299830 0.546738 0.529431 0.390213 0.000000 0.908891 0.805009 0.858932 0.822852 0.926443 0.888702 0.784304 0.817202 0.478420 0.319575 0.478196 0.311836 0.510967 0.393838 0.368371 0.463968 0.461309 0.480797 0.537236 0.583172 0.732916 0.625651 0.422764 0.455659 0.448280 0.538786 0.447640 0.355527 0.275890 0.305975 0.644705 0.905350 0.909232 0.769677 0.831451 0.729147 0.580538 0.614919 0.508136 0.547788 0.781546 0.901840 0.364742 0.561314 0.431336 0.401519 0.328157 0.422496 0.539615 0.544716 0.777250 0.891488 0.821492 0.844821 0.936042 0.693297 0.862365 0.801776 0.834607 0.667458 0.988017 0.673948 0.829531 0.935982 0.466104 0.536603 0.636413 0.752875 0.455341 0.529251 0.703273 0.821596 0.908867 0.895260 0.680097 0.991484 0.933435 0.631162 0.544471 0.862350 0.773678 0.845516
0.638421 0.630891 0.402721 0.950210 0.872405 0.945536 0.612966 0.841732 0.650079 0.877228 0.711344 0.570811 0.750392 0.574691 0.905963 0.758512 0.699320 0.727390 0.662636 0.616386 0.935229 0.925153 0.904242 0.892721 0.639583 0.492032 0.647052 0.992701 0.739981 0.686778 0.829623 0.822146 0.932251 0.908891 0.000000 0.787143 0.829086 0.949885 0.984007 0.874459 0.931297 0.925737 0.786073 0.978431 0.799882 0.889877 0.913099 0.955363 0.666324 0.616244 0.775477 0.746379 0.792580 0.896974 0.927497 0.853498 0.661566 0.552375 0.779539 0.613059 0.912682 0.730978 0.734746 0.657426 0.488941 0.535739 0.515799 0.536453 0.659996 0.553816 0.787948 0.937337 0.736777 0.888137 0.973663 0.954432 0.896479 0.891200 0.854676 0.785414 0.734673 0.705848 0.690951 0.823817 0.902210 0.971331 0.764912 0.781609 0.897728 0.831068 0.673841 0.560281 0.546951 0.479736 0.859169 0.830837 0.960240 0.601031 0.933958 0.821961 0.947634 0.759935 0.914133 0.941460 0.797303 0.861229 0.895245 0.770428 0.910182 0.955183 0.840335 0.870562 0.938203 0.857402 0.772596 0.717672
0.551301 0.576077 0.589950 0.829922 0.864858 0.867716 0.864942 0.705355 0.843653 0.859757 0.681815 0.588013 0.734955 0.588483 0.812901 0.774806 0.734609 0.682450 0.670561 0.577426 0.903950 0.929377 0.827787 0.924919 0.720216 0.684590 0.905161 0.787514 0.704912 0.679849 0.990000 0.932517 0.994286 0.805009 0.787143 0.000000 0.688903 0.992370 0.969853 0.953394 0.917211 0.959165 0.974583 0.856804 0.985373 0.731816 0.848422 0.750053 0.607593 0.509506 0.569610 0.530846 0.556985 0.631797 0.690103 0.646914 0.583941 0.535327 0.638209 0.507593 0.855164 0.580614 0.710674 0.649820 0.610764 0.761567 0.665325 0.762951 0.618499 0.548321 0.947254 0.983865 0.750950 0.805510 0.952771 0.903712 0.654388 0.890171 0.771520 0.765549 0.730559 0.718877 0.734860 0.838666 0.992194 0.892578 0.645927 0.928724 0.938468 0.890827 0.890622 0.764585 0.613513 0.648269 0.845600 0.985895 0.970892 0.661122 0.907240 0.928715 0.908466 0.997911 0.766466 0.775735 0.823186 0.980226 0.907165 0.926494 0.961209 0.993043 0.963440 0.864395 0.828972 0.988963 0.869815 0.877757
0.967815 0.948049 0.825485 0.952011 0.844081 0.845182 0.895822 0.926358 0.964357 0.796197 0.967073 0.979001 0.989261 0.981063 0.889528 0.989798 0.824815 0.886143 0.985700 0.955159 0.735890 0.960180 0.708098 0.986702 0.775228 0.857540 0.992141 0.864637 0.907862 0.883457 0.759764 0.772653 0.686644 0.858932 0.829086 0.688903 0.000000 0.846872 0.980539 0.709886 0.921977 0.796217 0.937091 0.914068 0.770936 0.868803 0.962720 0.965753 0.961330 0.889918 0.908329 0.862400 0.836603 0.806281 0.901066 0.936596 0.883390 0.932804 0.990041 0.857682 0.973461 0.980481 0.944346 0.922702 0.886506 0.935665 0.930681 0.953797 0.945788 0.948571 0.935361 0.868122 0.971827 0.991620 0.857335 0.860449 0.959733 0.786726 0.998976 0.841772 0.800814 0.767276 0.827588 0.794416 0.643985 0.764425 0.814928 0.801583 0.944195 0.752408 0.852416 0.852453 0.892787 0.889272 0.986875 0.969509 0.881185 0.968392 0.984094 0.942081 0.934573 0.834197 0.935774 0.909868 0.959827 0.966532 0.799133 0.883277 0.794783 0.958049 0.961009 0.807426 0.907372 0.956532 0.925334 0.907309
0.896697 0.867020 0.985543 0.870971 0.879628 0.976530 0.954543 0.922294 0.931881 0.856224 0.918343 0.946070 0.883711 0.979667 0.821160 0.808250 0.850032 0.839457 0.901546 0.799632 0.874947 0.633266 0.735192 0.784958 0.845061 0.935055 0.980606 0.964696 0.867805 0.926677 0.983372 0.872375 0.903572 0.822852 0.949885 0.992370 0.846872 0.000000 0.904490 0.824108 0.672886 0.794695 0.964157 0.959585 0.744802 0.830821 0.965028 0.907937 0.847089 0.960527 0.873312 0.943051 0.886940 0.920372 0.827589 0.761321 0.900434 0.895720 0.951190 0.906575 0.941852 0.821258 0.952970 0.908259 0.902206 0.965041 0.950794 0.958404 0.830922 0.823150 0.987892 0.888285 0.739953 0.778902 0.989774 0.989178 0.839168 0.988236 0.889435 0.814907 0.767715 0.796733 0.831477 0.586502 0.819857 0.978077 0.976269 0.907562 0.987756 0.745925 0.938430 0.871625 0.936064 0.988179 0.934894 0.765295 0.884268 0.925671 0.993849 0.881564 0.942760 0.979154 0.953788 0.938920 0.991541 0.952687 0.974803 0.955368 0.877449 0.978234 0.953307 0.845505 0.978745 0.988689 0.957652 0.797330
