0.000000 0.563175 0.639909 0.661337 0.955860 0.964574 0.539047 0.494798 0.861364 0.635191 0.643769 0.642320 0.720785 0.921258 0.982137 0.928590 0.508671 0.491414 0.550860 0.719555 0.845424 0.936272 0.988118 0.856848 0.796510 0.756077 0.900554 0.976619 0.731973 0.666874 0.884508 0.990120 0.550438 0.521789 0.799069 0.828512 0.992981 0.860478 0.744770 0.800334 0.905093 0.863216 0.624198 0.604210 0.739844 0.617221 0.602439 0.665431 0.695499 0.916800 0.909078 0.857612 0.924664 0.861554 0.750829 0.802481 0.460940 0.695983 0.636710 0.856543 0.458686 0.518385 0.461887 0.468090 0.740554 0.681859 0.706436 0.742323 0.878252 0.793728 0.941966 0.939897 0.990834 0.998316 0.988605 0.964759 0.716411 0.715054 0.821312 0.949718 0.536144 0.568870 0.923573 0.682565 0.733230 0.789974 0.898235 0.982210 0.803411 0.657194 0.773322 0.876096 0.836954 0.926524 0.839395 0.763224 0.819423 0.917959 0.677425 0.658569 0.728689 0.966823 0.830692 0.758647 0.934714 0.826588 0.892304 0.918721 0.742199 0.920077 0.798802 0.870357 0.812264 0.873738 0.993030 0.875455
0.563175 0.000000 0.905265 0.837175 0.892744 0.989141 0.878597 0.687544 0.958507 0.869133 0.889723 0.624814 0.807428 0.761634 0.880729 0.819600 0.561377 0.570634 0.701569 0.809792 0.981172 0.999683 0.998021 0.935228 0.834150 0.866909 0.999930 0.785758 0.712640 0.628246 0.945120 0.950456 0.593662 0.715349 0.864406 0.901065 0.889185 0.956949 0.955408 0.842905 0.932417 0.859963 0.699394 0.641326 0.727529 0.685550 0.732096 0.694613 0.696482 0.860356 0.981219 0.927569 0.956572 0.972178 0.819929 0.988075 0.523346 0.565899 0.746539 0.869633 0.703191 0.606521 0.633681 0.548556 0.885610 0.809791 0.902820 0.863215 0.833913 0.700475 0.878307 0.894125 0.986050 0.941657 0.984174 0.966376 0.850863 0.848019 0.809580 0.923429 0.606509 0.707225 0.896374 0.706463 0.923845 0.907816 0.956028 0.997521 0.886095 0.821311 0.971961 0.891320 0.972425 0.846564 0.847378 0.825127 0.894712 0.868788 0.799638 0.869309 0.856249 0.922321 0.862280 0.839261 0.933308 0.793306 0.994051 0.966439 0.882694 0.929274 0.963656 0.904848 0.929928 0.933400 0.819642 0.966972
0.639909 0.905265 0.000000 0.451271 0.875851 0.972486 0.339955 0.469308 0.714174 0.565211 0.775950 0.985009 0.946467 0.814430 0.831773 0.687211 0.818877 0.714787 0.687003 0.809129 0.818779 0.949580 0.812255 0.986617 0.709682 0.809501 0.959534 0.921604 0.933678 0.934374 0.802747 0.925398 0.542047 0.582290 0.752591 0.831090 0.969810 0.941548 0.843848 0.769730 0.887686 0.803675 0.654041 0.723101 0.752505 0.744561 0.668334 0.720556 0.912260 0.943830 0.843244 0.995032 0.911312 0.821856 0.778886 0.708079 0.754311 0.985797 0.617549 0.794022 0.479314 0.716617 0.654613 0.733229 0.498076 0.587243 0.491088 0.547878 0.927126 0.894006 0.961295 0.891537 0.972873 0.977263 0.876730 0.965865 0.713015 0.895049 0.945039 0.946134 0.632517 0.569376 0.924372 0.718425 0.570898 0.698525 0.846569 0.996648 0.784716 0.659744 0.553974 0.608140 0.517498 0.614229 0.756706 0.714573 0.704607 0.828607 0.552066 0.526248 0.714876 0.911725 0.840931 0.737861 0.776431 0.593053 0.901856 0.788564 0.788082 0.903663 0.720257 0.746239 0.748980 0.923311 0.996231 0.937613
0.661337 0.837175 0.451271 0.000000 0.991738 0.942150 0.512488 0.408842 0.915515 0.716758 0.724549 0.879258 0.928878 0.901157 0.705155 0.741758 0.909333 0.716718 0.810137 0.813356 0.786248 0.929605 0.879272 0.917493 0.606288 0.665973 0.948404 0.962832 0.975587 0.925339 0.786694 0.996331 0.601953 0.513411 0.701439 0.718768 0.898874 0.887354 0.713033 0.672195 0.857753 0.809137 0.609249 0.611097 0.763418 0.710174 0.645655 0.618484 0.892165 0.973488 0.855285 0.926937 0.827543 0.799726 0.856228 0.708310 0.849238 0.957698 0.708363 0.778850 0.626427 0.641902 0.748382 0.786951 0.519022 0.441603 0.423890 0.432069 0.709060 0.873917 0.776660 0.709671 0.998449 0.920562 0.925075 0.980235 0.725694 0.815289 0.884494 0.899344 0.664957 0.618533 0.994616 0.790992 0.721173 0.679979 0.831889 0.847816 0.954546 0.577911 0.696456 0.783027 0.590909 0.735547 0.746389 0.665293 0.714401 0.890413 0.568892 0.705929 0.701815 0.924637 0.794975 0.728883 0.766245 0.664918 0.888068 0.833754 0.733872 0.861146 0.720634 0.815994 0.942540 0.905395 0.962329 0.852316
0.955860 0.892744 0.875851 0.991738 0.000000 0.992783 0.861592 0.920795 0.766328 0.983508 0.794012 0.794335 0.914746 0.975468 0.664527 0.931556 0.879201 0.872588 0.822557 0.853516 0.870533 0.892269 0.550166 0.677661 0.850007 0.987140 0.907764 0.853912 0.885223 0.845135 0.771536 0.810746 0.974196 0.973593 0.911732 0.976458 0.915118 0.807732 0.959719 0.952892 0.997445 0.904008 0.796839 0.784173 0.966037 0.909577 0.993927 0.899886 0.987941 0.884203 0.883416 0.740562 0.778743 0.768221 0.949035 0.931231 0.844996 0.794374 0.906752 0.927957 0.882101 0.927146 0.845166 0.981735 0.680246 0.920048 0.915677 0.896273 0.890397 0.984129 0.990593 0.945733 0.691694 0.877243 0.993605 0.985315 0.928945 0.840120 0.884795 0.922040 0.833074 0.765865 0.651137 0.725424 0.589072 0.620829 0.736536 0.646756 0.780557 0.774202 0.939977 0.920612 0.973712 0.947619 0.993308 0.988911 0.959777 0.782258 0.951450 0.882982 0.931956 0.842615 0.750986 0.889306 0.936157 0.952169 0.942002 0.911906 0.906451 0.854624 0.959009 0.928851 0.966178 0.954634 0.958556 0.841890
0.964574 0.989141 0.972486 0.942150 0.992783 0.000000 0.990823 0.945477 0.993806 0.901930 0.979626 0.921023 0.859180 0.940316 0.879019 0.782389 0.891423 0.983530 0.946762 0.834968 0.829736 0.857725 0.922747 0.965388 0.807575 0.808867 0.847491 0.825713 0.940980 0.964740 0.995815 0.906457 0.941761 0.905101 0.854215 0.924200 0.898392 0.866183 0.853988 0.893800 0.870059 0.914966 0.988986 0.926362 0.849400 0.829472 0.976267 0.988975 0.933291 0.908428 0.917107 0.758647 0.943365 0.969095 0.943513 0.943319 0.968997 0.861079 0.945379 0.863417 0.998973 0.995239 0.855175 0.767630 0.877118 0.916563 0.942932 0.986763 0.845750 0.779038 0.842305 0.760961 0.957424 0.893690 0.983381 0.847571 0.904673 0.841614 0.957860 0.877784 0.952958 0.935592 0.844076 0.902335 0.933033 0.932740 0.998496 0.846965 0.966601 0.996202 0.966584 0.987402 0.918705 0.941144 0.967431 0.835500 0.881536 0.956125 0.976136 0.912502 0.962925 0.862018 0.909054 0.954345 0.971230 0.900925 0.864773 0.810577 0.955558 0.967217 0.800607 0.960280 0.934823 0.994916 0.893175 0.770202
0.539047 0.878597 0.339955 0.512488 0.861592 0.990823 0.000000 0.499433 0.660528 0.542200 0.783578 0.971036 0.826824 0.848969 0.907304 0.700335 0.739264 0.615060 0.588696 0.729849 0.867228 0.985547 0.803363 0.986554 0.776440 0.822928 0.921010 0.846809 0.902905 0.833321 0.827445 0.995277 0.497132 0.568314 0.770584 0.844109 0.994660 0.896819 0.831792 0.868421 0.869053 0.835951 0.674665 0.723332 0.778036 0.696759 0.698469 0.731694 0.865980 0.867773 0.834960 0.990919 0.881814 0.817938 0.776803 0.733468 0.670546 0.900218 0.591035 0.797804 0.373220 0.673856 0.508693 0.632517 0.521353 0.626812 0.543008 0.618738 0.979723 0.934705 0.982399 0.993131 0.981171 0.980861 0.891226 0.988858 0.727108 0.931892 0.893609 0.973758 0.553346 0.498923 0.854505 0.671610 0.507805 0.715737 0.905218 0.941780 0.747084 0.678016 0.538303 0.582689 0.576830 0.675238 0.745860 0.770184 0.711909 0.871401 0.553970 0.532767 0.762399 0.883234 0.881443 0.720991 0.825163 0.657273 0.944906 0.844766 0.729601 0.900933 0.688669 0.793393 0.797627 0.929422 0.971537 0.906414
0.494798 0.687544 0.469308 0.408842 0.920795 0.945477 0.499433 0.000000 0.922249 0.545879 0.595816 0.631020 0.914230 0.978267 0.721093 0.774757 0.763388 0.626799 0.690087 0.686002 0.869938 0.977365 0.961253 0.846552 0.794113 0.819612 0.943991 0.934476 0.848721 0.787979 0.885487 0.984520 0.553343 0.435380 0.792939 0.733120 0.963402 0.967019 0.676896 0.642643 0.952781 0.808842 0.553760 0.589727 0.823561 0.708934 0.603490 0.625268 0.901095 0.917702 0.999079 0.810169 0.700454 0.602730 0.757403 0.733306 0.724115 0.879350 0.508596 0.608521 0.486598 0.401941 0.656215 0.591460 0.677953 0.449024 0.510088 0.452593 0.888659 0.788757 0.838987 0.808326 0.962971 0.913314 0.998376 0.963913 0.562879 0.713405 0.860573 0.918339 0.670494 0.664784 0.892240 0.817829 0.853824 0.871527 0.763433 0.753863 0.862849 0.580845 0.782060 0.919905 0.699595 0.936963 0.747687 0.720973 0.671514 0.818861 0.534746 0.688205 0.611528 0.991549 0.739249 0.748435 0.843384 0.662931 0.944637 0.856880 0.741263 0.864664 0.664448 0.881579 0.872172 0.893923 0.971083 0.868442
0.861364 0.958507 0.714174 0.915515 0.766328 0.993806 0.660528 0.922249 0.000000 0.691495 0.967731 0.868615 0.808608 0.860517 0.841856 0.898770 0.907460 0.882619 0.889029 0.927045 0.961202 0.988413 0.639853 0.949403 0.949357 0.973690 0.923989 0.891539 0.833760 0.926512 0.887919 0.961087 0.843124 0.963863 0.949842 0.906723 0.982132 0.818983 0.891409 0.807837 0.921057 0.968015 0.879090 0.836772 0.972622 0.955067 0.941118 0.874081 0.968001 0.977825 0.977779 0.931970 0.856293 0.906079 0.985917 0.935314 0.801373 0.877625 0.951565 0.986191 0.650120 0.935480 0.678684 0.739532 0.695078 0.989659 0.928127 0.859794 0.836444 0.864119 0.868398 0.783309 0.990843 0.856645 0.869195 0.950306 0.964815 0.981793 0.817289 0.946344 0.758088 0.742858 0.663567 0.734926 0.602023 0.755226 0.820268 0.733296 0.844034 0.749316 0.854961 0.835535 0.849887 0.881530 0.957931 0.910498 0.860309 0.999477 0.955912 0.717066 0.922488 0.953934 0.945796 0.929705 0.837418 0.926798 0.984945 0.971690 0.899268 0.902200 0.874195 0.971064 0.995921 0.909665 0.940154 0.855100
0.635191 0.869133 0.565211 0.716758 0.983508 0.901930 0.542200 0.545879 0.691495 0.000000 0.660617 0.868381 0.974174 0.766428 0.819440 0.681161 0.785331 0.700159 0.598058 0.649716 0.846530 0.976496 0.873680 0.831631 0.958010 0.949260 0.757245 0.783134 0.784542 0.892897 0.877589 0.999718 0.598867 0.596738 0.833775 0.952084 0.931741 0.876636 0.923620 0.920201 0.941712 0.858178 0.809289 0.837267 0.912443 0.853925 0.751590 0.944252 0.900249 0.956194 0.962577 0.973703 0.806572 0.682645 0.803752 0.884556 0.716931 0.803474 0.544844 0.640323 0.563246 0.653738 0.580517 0.522962 0.855844 0.786270 0.649989 0.691219 0.778145 0.888382 0.913820 0.934892 0.962752 0.955923 0.865329 0.950160 0.753427 0.905990 0.923829 0.971804 0.690184 0.717878 0.962278 0.808214 0.788925 0.996971 0.804938 0.975639 0.790768 0.626823 0.718458 0.825133 0.699573 0.929593 0.867094 0.656114 0.576134 0.870197 0.646215 0.659069 0.706742 0.987127 0.677992 0.733367 0.721043 0.697170 0.992516 0.821992 0.725172 0.830145 0.739807 0.935348 0.910571 0.924606 0.904047 0.950773
0.643769 0.889723 0.775950 0.724549 0.794012 0.979626 0.783578 0.595816 0.967731 0.660617 0.000000 0.582859 0.832852 0.991767 0.692041 0.825857 0.798660 0.797832 0.797830 0.724231 0.809946 0.933217 0.723986 0.728136 0.971806 0.844406 0.835597 0.969449 0.888525 0.982081 0.865049 0.846966 0.819953 0.583873 0.885378 0.792275 0.979580 0.902116 0.816292 0.876108 0.907333 0.892190 0.750135 0.722687 0.997054 0.803989 0.786612 0.896092 0.975691 0.837992 0.810706 0.613102 0.671436 0.593482 0.851934 0.742702 0.873536 0.995476 0.779804 0.838706 0.741155 0.602482 0.772970 0.701730 0.958115 0.805927 0.786090 0.768664 0.856358 0.831091 0.908405 0.934581 0.901893 0.915454 0.992519 0.981057 0.660734 0.674106 0.889131 0.941533 0.833980 0.872384 0.819495 0.990833 0.909277 0.902284 0.713910 0.784785 0.914588 0.766938 0.879711 0.900638 0.833703 0.972817 0.884841 0.728662 0.758709 0.843440 0.811215 0.928044 0.720212 0.981125 0.717862 0.825597 0.979757 0.952901 0.978556 0.979604 0.892601 0.885663 0.884968 0.943301 0.880956 0.945890 0.949615 0.765861
0.642320 0.624814 0.985009 0.879258 0.794335 0.921023 0.971036 0.631020 0.868615 0.868381 0.582859 0.000000 0.689988 0.681639 0.894333 0.883110 0.748242 0.705913 0.805725 0.749648 0.965117 0.792973 0.706768 0.741481 0.977400 0.974995 0.968940 0.994147 0.855844 0.738947 0.837369 0.905498 0.880081 0.721036 0.923290 0.785800 0.999836 0.894932 0.792675 0.815713 0.974856 0.957281 0.729852 0.679006 0.987638 0.824331 0.851151 0.808543 0.932927 0.845195 0.835534 0.724777 0.770806 0.724772 0.763216 0.900600 0.747197 0.760349 0.744577 0.793025 0.736398 0.524133 0.768146 0.649602 0.932279 0.813947 0.996704 0.905189 0.909653 0.728535 0.967897 0.919828 0.924262 0.899692 0.968202 0.859132 0.690078 0.675981 0.831983 0.943979 0.827795 0.905357 0.893278 0.925776 0.833144 0.866920 0.923235 0.778706 0.912336 0.858539 0.856707 0.721658 0.895195 0.707853 0.883700 0.939742 0.891648 0.847765 0.893977 0.971024 0.808456 0.914133 0.845864 0.964054 0.933059 0.944372 0.940581 0.984300 0.933038 0.966764 0.916536 0.967850 0.992748 0.937940 0.930913 0.841838
0.720785 0.807428 0.946467 0.928878 0.914746 0.859180 0.826824 0.914230 0.808608 0.974174 0.832852 0.689988 0.000000 0.595797 0.647359 0.675512 0.826781 0.736043 0.813705 0.805119 0.988022 0.794527 0.944356 0.940230 0.975483 0.889437 0.896041 0.983336 0.846909 0.719623 0.978526 0.991371 0.934842 0.904551 0.961246 0.976099 0.988079 0.799719 0.963604 0.966559 0.933563 0.832308 0.964436 0.973101 0.925153 0.910846 0.889795 0.907251 0.949703 0.944060 0.837057 0.881328 0.913568 0.915873 0.862083 0.814480 0.744856 0.732032 0.901548 0.879015 0.626704 0.712957 0.746777 0.725683 0.970032 0.987703 0.771710 0.836554 0.935993 0.894513 0.802789 0.897504 0.980452 0.819284 0.989071 0.691598 0.943134 0.906750 0.867679 0.853393 0.819179 0.748002 0.817798 0.799555 0.805666 0.983229 0.787961 0.867895 0.787690 0.992537 0.916419 0.823481 0.827464 0.764535 0.989993 0.994825 0.946266 0.992526 0.988335 0.955671 0.927968 0.952272 0.909669 0.823871 0.958081 0.958053 0.890863 0.810961 0.982875 0.992247 0.976777 0.992247 0.999692 0.965666 0.911063 0.971608
0.921258 0.761634 0.814430 0.901157 0.975468 0.940316 0.848969 0.978267 0.860517 0.766428 0.991767 0.681639 0.595797 0.000000 0.623229 0.488779 0.894772 0.823516 0.958874 0.874767 0.894135 0.837684 0.979840 0.922630 0.935005 0.958944 0.954674 0.897391 0.910065 0.676615 0.872335 0.773014 0.983314 0.961851 0.903855 0.904067 0.975348 0.945955 0.866488 0.866314 0.991809 0.860671 0.943296 0.877908 0.985310 0.896116 0.845468 0.812368 0.995801 0.960436 0.878665 0.918359 0.987437 0.935729 0.852145 0.838647 0.905410 0.842196 0.855066 0.976823 0.937891 0.818463 0.941795 0.894899 0.945297 0.945808 0.802490 0.887742 0.901136 0.855651 0.955501 0.781334 0.979267 0.988786 0.865927 0.767108 0.939026 0.899346 0.863820 0.787437 0.928205 0.851696 0.746987 0.786030 0.999213 0.905839 0.840674 0.874020 0.974189 0.937511 0.736095 0.708284 0.682190 0.677733 0.904587 0.961423 0.817692 0.915933 0.899597 0.849434 0.936188 0.894708 0.866484 0.759668 0.842531 0.926508 0.906009 0.816725 0.844144 0.966330 0.887938 0.998441 0.916779 0.970822 0.885991 0.943083
0.982137 0.880729 0.831773 0.705155 0.664527 0.879019 0.907304 0.721093 0.841856 0.819440 0.692041 0.894333 0.647359 0.623229 0.000000 0.522076 0.866220 0.823049 0.948502 0.977108 0.914399 0.877574 0.618357 0.716629 0.990550 0.916803 0.941834 0.991654 0.809464 0.681223 0.729648 0.670598 0.996411 0.825419 0.964878 0.883330 0.953361 0.892844 0.879995 0.942493 0.988024 0.790241 0.737364 0.809691 0.980509 0.959449 0.998039 0.989133 0.950417 0.815793 0.981254 0.821149 0.706810 0.665588 0.985946 0.975209 0.812170 0.733897 0.794407 0.841783 0.965532 0.894989 0.886005 0.959808 0.892738 0.901440 0.665910 0.713283 0.988897 0.929302 0.996090 0.991214 0.836996 0.962477 0.947971 0.815389 0.784256 0.850587 0.841126 0.941513 0.860849 0.793490 0.584358 0.670979 0.714012 0.750138 0.587850 0.549169 0.890417 0.967208 0.802723 0.858833 0.660661 0.782428 0.863100 0.894691 0.781468 0.880222 0.806557 0.913265 0.731063 0.868487 0.668892 0.739654 0.924179 0.882418 0.822631 0.757981 0.951795 0.912321 0.797196 0.987920 0.988506 0.963910 0.883995 0.863933
0.928590 0.819600 0.687211 0.741758 0.931556 0.782389 0.700335 0.774757 0.898770 0.681161 0.825857 0.883110 0.675512 0.488779 0.522076 0.000000 0.987227 0.956010 0.915306 0.952518 0.954853 0.928491 0.919769 0.799565 0.973024 0.986651 0.905305 0.843043 0.964300 0.748486 0.861592 0.759453 0.891562 0.871346 0.856336 0.967299 0.872191 0.924593 0.984061 0.994632 0.959382 0.797666 0.847290 0.896162 0.885877 0.907124 0.997386 0.901234 0.990097 0.987364 0.967243 0.982023 0.828400 0.779908 0.953244 0.924278 0.944538 0.819565 0.766201 0.882151 0.868532 0.954445 0.895538 0.912936 0.947344 0.966771 0.671560 0.787340 0.892907 0.989785 0.936530 0.826843 0.887723 0.954565 0.982275 0.795088 0.859791 0.946320 0.905839 0.790928 0.921893 0.971886 0.770663 0.900920 0.982302 0.926031 0.690993 0.797684 0.932676 0.853541 0.672899 0.676387 0.577333 0.715512 0.791140 0.854716 0.701244 0.820940 0.784369 0.745166 0.834299 0.866844 0.746064 0.714014 0.886051 0.938545 0.904436 0.697621 0.864942 0.994639 0.690032 0.850025 0.997080 0.979717 0.837845 0.992946
0.508671 0.561377 0.818877 0.909333 0.879201 0.891423 0.739264 0.763388 0.907460 0.785331 0.798660 0.748242 0.826781 0.894772 0.866220 0.987227 0.000000 0.519318 0.595682 0.680714 0.973460 0.977691 0.890592 0.997411 0.882698 0.918768 0.958916 0.956346 0.660000 0.628231 0.926991 0.893602 0.655814 0.736509 0.797118 0.854863 0.881019 0.822263 0.995193 0.994728 0.986032 0.891873 0.827676 0.723474 0.785710 0.704334 0.764698 0.776847 0.731074 0.811359 0.892738 0.989408 0.890064 0.980198 0.741025 0.850413 0.502127 0.627802 0.798352 0.985409 0.640107 0.681415 0.494214 0.507352 0.810387 0.812006 0.898446 0.909728 0.779028 0.740018 0.958141 0.970674 0.995874 0.944001 0.990569 0.989829 0.815566 0.922670 0.824751 0.909368 0.475483 0.573935 0.769477 0.601591 0.720732 0.782622 0.921648 0.786815 0.828582 0.762104 0.842599 0.941225 0.982094 0.984054 0.888502 0.775917 0.839507 0.929946 0.849549 0.790935 0.958597 0.852666 0.888295 0.893416 0.950459 0.947680 0.946449 0.954636 0.853484 0.945242 0.839555 0.931850 0.765741 0.988313 0.892918 0.967769
0.491414 0.570634 0.714787 0.716718 0.872588 0.983530 0.615060 0.626799 0.882619 0.700159 0.797832 0.705913 0.736043 0.823516 0.823049 0.956010 0.519318 0.000000 0.578141 0.662639 0.916399 0.873122 0.806023 0.973220 0.759622 0.873683 0.939651 0.967987 0.655847 0.514078 0.804782 0.845054 0.544070 0.583209 0.769406 0.757896 0.914984 0.848391 0.839963 0.810531 0.887741 0.953504 0.728552 0.656098 0.741712 0.662755 0.633090 0.686791 0.761434 0.850591 0.923114 0.996658 0.961746 0.982451 0.632965 0.759141 0.462788 0.659741 0.739395 0.864966 0.499321 0.559251 0.427547 0.470945 0.694892 0.663871 0.757946 0.773676 0.968229 0.780236 0.889379 0.943466 0.848836 0.956111 0.983599 0.971637 0.854895 0.897606 0.764202 0.856827 0.405934 0.433061 0.758977 0.553589 0.649196 0.681182 0.929062 0.830876 0.775489 0.606109 0.849884 0.985678 0.948387 0.953060 0.798193 0.747886 0.885837 0.948994 0.787948 0.732146 0.888509 0.881767 0.963625 0.889556 0.848276 0.782544 0.931133 0.922402 0.757940 0.855560 0.848477 0.892154 0.822569 0.912793 0.894766 0.961472
0.550860 0.701569 0.687003 0.810137 0.822557 0.946762 0.588696 0.690087 0.889029 0.598058 0.797830 0.805725 0.813705 0.958874 0.948502 0.915306 0.595682 0.578141 0.000000 0.649924 0.932371 0.939534 0.830910 0.926464 0.915737 0.884223 0.943883 0.994815 0.642331 0.660180 0.839365 0.881353 0.591504 0.639507 0.760165 0.896492 0.973973 0.795043 0.891100 0.968106 0.963174 0.901582 0.852919 0.804882 0.915115 0.783932 0.735547 0.826503 0.880665 0.946535 0.966670 0.989902 0.922609 0.900542 0.711863 0.809471 0.599147 0.736051 0.766925 0.916892 0.562147 0.688022 0.449231 0.567248 0.788298 0.755008 0.774654 0.808620 0.789198 0.862340 0.855408 0.991052 0.877024 0.885449 0.996442 0.974881 0.838549 0.834675 0.854856 0.903358 0.545334 0.589748 0.835636 0.663941 0.667883 0.783121 0.902292 0.850724 0.739576 0.742298 0.808191 0.886314 0.886860 0.963852 0.906320 0.821436 0.772197 0.877163 0.775626 0.722492 0.808298 0.843652 0.862565 0.938276 0.920689 0.751695 0.958485 0.893359 0.808097 0.929957 0.814660 0.913985 0.832053 0.895007 0.997782 0.936543
0.719555 0.809792 0.809129 0.813356 0.853516 0.834968 0.729849 0.686002 0.927045 0.649716 0.724231 0.749648 0.805119 0.874767 0.977108 0.952518 0.680714 0.662639 0.649924 0.000000 0.926100 0.890659 0.882854 0.931530 0.942798 0.870474 0.911589 0.721898 0.836676 0.759036 0.910445 0.946128 0.739827 0.711031 0.811003 0.943290 0.926119 0.884400 0.896480 0.877561 0.910244 0.923946 0.891020 0.833324 0.961495 0.870155 0.887542 0.782246 0.986457 0.882909 0.969915 0.943546 0.819219 0.740471 0.940058 0.831924 0.746007 0.670687 0.651516 0.624739 0.675585 0.642162 0.689447 0.635079 0.968265 0.769326 0.853200 0.798941 0.911138 0.778191 0.959032 0.981635 0.915563 0.863550 0.831534 0.992505 0.801562 0.960942 0.834094 0.902447 0.686796 0.701507 0.875821 0.821408 0.854627 0.997588 0.879729 0.998696 0.830693 0.756354 0.923285 0.968441 0.956991 0.874884 0.951681 0.805379 0.762901 0.893984 0.827270 0.877641 0.757563 0.885359 0.817013 0.936438 0.875556 0.870149 0.994607 0.982421 0.828436 0.884247 0.733618 0.977133 0.995006 0.914718 0.939097 0.885462
0.845424 0.981172 0.818779 0.786248 0.870533 0.829736 0.867228 0.869938 0.961202 0.846530 0.809946 0.965117 0.988022 0.894135 0.914399 0.954853 0.973460 0.916399 0.932371 0.926100 0.000000 0.994810 0.969774 0.927663 0.766767 0.819445 0.889457 0.979312 0.878173 0.885247 0.895335 0.999610 0.902621 0.874932 0.918085 0.990929 0.795256 0.959809 0.919739 0.966345 0.974617 0.918732 0.842338 0.840206 0.905664 0.948397 0.795441 0.938574 0.941649 0.975618 0.948795 0.864835 0.837124 0.904611 0.896576 0.981970 0.911480 0.913609 0.916000 0.891489 0.957926 0.995591 0.961279 0.969644 0.880893 0.852310 0.753047 0.808522 0.923942 0.945473 0.943343 0.941504 0.949059 0.999052 0.926882 0.980444 0.901565 0.897433 0.940918 0.917141 0.945889 0.973985 0.871191 0.945433 0.917923 0.901007 0.972871 0.954578 0.964855 0.876099 0.878185 0.967068 0.840062 0.853912 0.909149 0.770975 0.819829 0.949515 0.941602 0.983843 0.802266 0.886773 0.895946 0.926222 0.895766 0.913447 0.977146 0.989449 0.800134 0.956258 0.939891 0.894586 0.911737 0.923265 0.988684 0.844223
0.936272 0.999683 0.949580 0.929605 0.892269 0.857725 0.985547 0.977365 0.988413 0.976496 0.933217 0.792973 0.794527 0.837684 0.877574 0.928491 0.977691 0.873122 0.939534 0.890659 0.994810 0.000000 0.999135 0.965954 0.925679 0.982422 0.915931 0.856104 0.998216 0.963071 0.970152 0.931794 0.988297 0.984177 0.969056 0.999648 0.984798 0.934957 0.956311 0.929030 0.918865 0.877021 0.985459 0.917612 0.984536 0.898570 0.912624 0.952371 0.940518 0.930366 0.860136 0.930887 0.902761 0.997591 0.820590 0.959056 0.856545 0.899641 0.961367 0.964394 0.883047 0.915501 0.916987 0.884835 0.935828 0.927903 0.896792 0.891315 0.995762 0.916176 0.945009 0.883990 0.824595 0.944875 0.983263 0.893983 0.965241 0.963750 0.950356 0.937529 0.989879 0.958096 0.907689 0.927522 0.978221 0.989960 0.753754 0.905882 0.981103 0.982756 0.919481 0.962735 0.849377 0.834110 0.988359 0.990424 0.979296 0.891158 0.951518 0.962767 0.908608 0.785919 0.985493 0.873850 0.964955 0.855977 0.887351 0.932227 0.996101 0.888697 0.960732 0.915811 0.994888 0.892425 0.998756 0.947009
0.988118 0.998021 0.812255 0.879272 0.550166 0.922747 0.803363 0.961253 0.639853 0.873680 0.723986 0.706768 0.944356 0.979840 0.618357 0.919769 0.890592 0.806023 0.830910 0.882854 0.969774 0.999135 0.000000 0.490142 0.859865 0.991663 0.927510 0.929420 0.933763 0.805077 0.566153 0.680829 0.854265 0.988037 0.781250 0.981062 0.843164 0.983835 0.859750 0.948671 0.934958 0.891970 0.797490 0.803483 0.966029 0.982814 0.944726 0.998691 0.972804 0.787102 0.788879 0.617130 0.778766 0.712040 0.953656 0.922427 0.831522 0.834361 0.936552 0.981254 0.847985 0.919559 0.774284 0.863976 0.587120 0.836207 0.971826 0.956367 0.892354 0.979436 0.916070 0.901061 0.716051 0.869685 0.830652 0.968746 0.824773 0.819846 0.819104 0.982529 0.693124 0.610288 0.570749 0.608153 0.416624 0.539943 0.741733 0.555208 0.892321 0.745516 0.958462 0.880718 0.959012 0.979207 0.956813 0.855931 0.850640 0.858840 0.974664 0.806557 0.846525 0.913171 0.822765 0.886480 0.741076 0.819488 0.978102 0.971828 0.875476 0.992777 0.970046 0.983423 0.927918 0.974619 0.915037 0.781552
0.856848 0.935228 0.986617 0.917493 0.677661 0.965388 0.986554 0.846552 0.949403 0.831631 0.728136 0.741481 0.940230 0.922630 0.716629 0.799565 0.997411 0.973220 0.926464 0.931530 0.927663 0.965954 0.490142 0.000000 0.829259 0.842519 0.743505 0.922806 0.971838 0.868740 0.633936 0.676916 0.982319 0.969476 0.894994 0.955996 0.923168 0.836115 0.942842 0.994109 0.947848 0.995553 0.815974 0.848516 0.980803 0.924214 0.967321 0.938453 0.938555 0.937795 0.808259 0.776618 0.873023 0.737494 0.908897 0.944213 0.967326 0.904471 0.738515 0.790015 0.887714 0.813516 0.943516 0.878838 0.666330 0.798544 0.973695 0.921931 0.749226 0.944865 0.941481 0.847563 0.756693 0.891736 0.989235 0.954750 0.763009 0.871320 0.912673 0.861422 0.873012 0.784124 0.673914 0.809320 0.585219 0.524318 0.779169 0.615623 0.905134 0.975950 0.875034 0.998646 0.875364 0.978155 0.863862 0.972432 0.995145 0.826499 0.869715 0.950054 0.853091 0.816081 0.693818 0.820437 0.860847 0.908418 0.927693 0.975133 0.979613 0.937246 0.881024 0.861901 0.950419 0.953958 0.936932 0.942759
0.796510 0.834150 0.709682 0.606288 0.850007 0.807575 0.776440 0.794113 0.949357 0.958010 0.971806 0.977400 0.975483 0.935005 0.990550 0.973024 0.882698 0.759622 0.915737 0.942798 0.766767 0.925679 0.859865 0.829259 0.000000 0.650211 0.839616 0.784859 0.912961 0.908934 0.731462 0.855217 0.763455 0.780830 0.737000 0.873340 0.871106 0.837647 0.840987 0.846173 0.764846 0.886139 0.599142 0.646708 0.584553 0.628643 0.660661 0.634107 0.730012 0.843693 0.760941 0.978063 0.870517 0.815539 0.964659 0.697052 0.810031 0.949978 0.958306 0.767949 0.847343 0.918092 0.828795 0.962707 0.610433 0.652198 0.675104 0.695061 0.772263 0.716622 0.808423 0.669449 0.928356 0.987521 0.851609 0.944997 0.881815 0.909702 0.764091 0.892871 0.671583 0.661618 0.818854 0.739804 0.711670 0.536042 0.977375 0.980586 0.953749 0.840892 0.718003 0.822470 0.713680 0.695942 0.814304 0.797179 0.920689 0.911115 0.843638 0.816300 0.839478 0.975147 0.993377 0.825384 0.973465 0.803128 0.805960 0.901601 0.937098 0.952576 0.945441 0.763074 0.841182 0.963107 0.907412 0.904035
0.756077 0.866909 0.809501 0.665973 0.987140 0.808867 0.822928 0.819612 0.973690 0.949260 0.844406 0.974995 0.889437 0.958944 0.916803 0.986651 0.918768 0.873683 0.884223 0.870474 0.819445 0.982422 0.991663 0.842519 0.650211 0.000000 0.917906 0.714153 0.999810 0.975511 0.816617 0.954103 0.811789 0.788223 0.883901 0.787596 0.796629 0.905480 0.793704 0.878944 0.841489 0.739643 0.761735 0.744417 0.844534 0.814856 0.803006 0.783134 0.786990 0.944965 0.892551 0.802946 0.958547 0.851519 0.817074 0.825943 0.901714 0.816567 0.895604 0.735350 0.936192 0.935823 0.895407 0.962797 0.663467 0.759939 0.702716 0.800735 0.880346 0.967688 0.792041 0.709820 0.920723 0.975151 0.785262 0.920758 0.820364 0.756172 0.926857 0.998729 0.817948 0.849999 0.929104 0.867937 0.856143 0.631468 0.870421 0.988950 0.974119 0.819220 0.756486 0.780783 0.754175 0.729668 0.804136 0.870489 0.997810 0.997695 0.848932 0.856189 0.852808 0.908300 0.929683 0.836675 0.890793 0.850490 0.901883 0.949646 0.973388 0.912896 0.962189 0.874644 0.843521 0.986610 0.909817 0.812727
0.900554 0.999930 0.959534 0.948404 0.907764 0.847491 0.921010 0.943991 0.923989 0.757245 0.835597 0.968940 0.896041 0.954674 0.941834 0.905305 0.958916 0.939651 0.943883 0.911589 0.889457 0.915931 0.927510 0.743505 0.839616 0.917906 0.000000 0.891992 0.901069 0.861565 0.969697 0.897597 0.871270 0.905598 0.878129 0.917729 0.904977 0.902245 0.870167 0.955744 0.860140 0.987509 0.844252 0.916625 0.857556 0.836295 0.945831 0.994189 0.861442 0.829798 0.937714 0.891558 0.978989 0.943883 0.908020 0.873810 0.874093 0.852110 0.783607 0.833062 0.919259 0.997688 0.966382 0.836593 0.836500 0.803556 0.967758 0.971294 0.709380 0.975626 0.975738 0.870759 0.880945 0.962908 0.978135 0.998302 0.964648 0.981161 0.917073 0.817830 0.922274 0.890832 0.909181 0.929215 0.943529 0.747976 0.985915 0.995535 0.845646 0.977932 0.866985 0.943420 0.857170 0.965802 0.878625 0.896940 0.886172 0.859399 0.843901 0.842671 0.895925 0.825995 0.723094 0.821867 0.852477 0.993654 0.960179 0.831847 0.965148 0.994260 0.865126 0.831677 0.945935 0.908103 0.988073 0.912907
0.976619 0.785758 0.921604 0.962832 0.853912 0.825713 0.846809 0.934476 0.891539 0.783134 0.969449 0.994147 0.983336 0.897391 0.991654 0.843043 0.956346 0.967987 0.994815 0.721898 0.979312 0.856104 0.929420 0.922806 0.784859 0.714153 0.891992 0.000000 0.938151 0.988025 0.901694 0.973525 0.964658 0.985724 0.988533 0.948393 0.943541 0.950466 0.980944 0.942268 0.962586 0.948967 0.934512 0.923726 0.907923 0.950710 0.919158 0.955371 0.972590 0.908407 0.920420 0.853809 0.873740 0.841902 0.983852 0.967698 0.969196 0.909340 0.783082 0.775226 0.839348 0.947998 0.966763 0.901668 0.935881 0.989356 0.991402 0.961251 0.973651 0.994101 0.930139 0.809648 0.931935 0.924941 0.855467 0.959478 0.957040 0.874409 0.953112 0.846151 0.987311 0.986099 0.999500 0.984083 0.935296 0.853704 0.991201 0.937513 0.909194 0.926575 0.944391 0.914596 0.978836 0.996319 0.974822 0.980021 0.802846 0.917206 0.940836 0.965536 0.997086 0.925425 0.965839 0.998471 0.973953 0.926399 0.895055 0.910370 0.798054 0.941228 0.851549 0.963027 0.976513 0.984840 0.892086 0.983104
0.731973 0.712640 0.933678 0.975587 0.885223 0.940980 0.902905 0.848721 0.833760 0.784542 0.888525 0.855844 0.846909 0.910065 0.809464 0.964300 0.660000 0.655847 0.642331 0.836676 0.878173 0.998216 0.933763 0.971838 0.912961 0.999810 0.901069 0.938151 0.000000 0.554837 0.943940 0.826282 0.815315 0.784156 0.972345 0.930255 0.980055 0.768081 0.983755 0.958654 0.901362 0.882862 0.949558 0.967639 0.957207 0.984502 0.855402 0.986749 0.957734 0.881551 0.861086 0.923424 0.871047 0.997049 0.872233 0.798594 0.716479 0.802060 0.962399 0.949323 0.786822 0.647750 0.659858 0.653663 0.957522 0.888676 0.950898 0.972517 0.864707 0.905254 0.922640 0.944335 0.817838 0.783596 0.937699 0.912239 0.864408 0.899280 0.890521 0.947347 0.727201 0.796652 0.819233 0.717607 0.920847 0.884894 0.988653 0.881302 0.866213 0.803507 0.962684 0.848793 0.868179 0.800593 0.960665 0.864948 0.997026 0.951433 0.968510 0.898925 0.957423 0.824637 0.947717 0.979332 0.909342 0.975198 0.854485 0.940098 0.958097 0.975042 0.864077 0.992715 0.760870 0.981000 0.956510 0.827194
0.666874 0.628246 0.934374 0.925339 0.845135 0.964740 0.833321 0.787979 0.926512 0.892897 0.982081 0.738947 0.719623 0.676615 0.681223 0.748486 0.628231 0.514078 0.660180 0.759036 0.885247 0.963071 0.805077 0.868740 0.908934 0.975511 0.861565 0.988025 0.554837 0.000000 0.766235 0.729279 0.712293 0.719549 0.894505 0.846433 0.941273 0.923546 0.894527 0.871039 0.995024 0.980803 0.894951 0.854785 0.945434 0.872512 0.705618 0.769247 0.808215 0.913572 0.911605 0.946256 0.877828 0.952172 0.718784 0.790836 0.611742 0.681169 0.871071 0.910776 0.693084 0.631602 0.601391 0.617254 0.810583 0.723970 0.988103 0.902154 0.984447 0.952759 0.947920 0.850388 0.828259 0.825998 0.929246 0.921835 0.938188 0.910100 0.754384 0.723863 0.630271 0.592965 0.681878 0.600063 0.744365 0.751919 0.801676 0.816826 0.819421 0.777330 0.875397 0.823315 0.805111 0.809470 0.898885 0.963001 0.992571 0.976856 0.885789 0.960588 0.952094 0.869799 0.908670 0.988784 0.912190 0.824909 0.943580 0.924917 0.922010 0.973544 0.884553 0.936362 0.853959 0.996287 0.912759 0.971752
0.884508 0.945120 0.802747 0.786694 0.771536 0.995815 0.827445 0.885487 0.887919 0.877589 0.865049 0.837369 0.978526 0.872335 0.729648 0.861592 0.926991 0.804782 0.839365 0.910445 0.895335 0.970152 0.566153 0.633936 0.731462 0.816617 0.969697 0.901694 0.943940 0.766235 0.000000 0.603909 0.647267 0.801402 0.696473 0.923143 0.923596 0.792003 0.936305 0.829578 0.948378 0.924352 0.865818 0.871062 0.707960 0.751451 0.738181 0.654990 0.722507 0.721315 0.673660 0.676354 0.817266 0.732833 0.909474 0.803290 0.809816 0.884910 0.980270 0.982226 0.896858 0.979730 0.824853 0.877845 0.721131 0.771186 0.774501 0.731502 0.819873 0.959276 0.711158 0.731951 0.783976 0.770956 0.998738 0.987210 0.982572 0.926460 0.845711 0.991864 0.749853 0.708038 0.705046 0.687567 0.604203 0.590420 0.899544 0.739513 0.973051 0.885925 0.849157 0.854945 0.843379 0.867882 0.996924 0.864746 0.835131 0.971865 0.768175 0.784273 0.993737 0.935973 0.921087 0.921659 0.889524 0.819919 0.981858 0.855539 0.858660 0.919795 0.886452 0.875467 0.897128 0.910915 0.961534 0.865861
0.990120 0.950456 0.925398 0.996331 0.810746 0.906457 0.995277 0.984520 0.961087 0.999718 0.846966 0.905498 0.991371 0.773014 0.670598 0.759453 0.893602 0.845054 0.881353 0.946128 0.999610 0.931794 0.680829 0.676916 0.855217 0.954103 0.897597 0.973525 0.826282 0.729279 0.603909 0.000000 0.838405 0.852759 0.836811 0.877013 0.986336 0.915340 0.964558 0.803905 0.988360 0.992347 0.961511 0.993202 0.839750 0.944397 0.830449 0.809915 0.992653 0.971236 0.923133 0.815123 0.812083 0.794110 0.822271 0.816200 0.902701 0.938792 0.804361 0.919574 0.956699 0.985364 0.876734 0.902262 0.806902 0.813318 0.917146 0.856630 0.852483 0.997401 0.994795 0.843462 0.804864 0.777163 0.982110 0.878315 0.900630 0.979798 0.843698 0.839228 0.888621 0.749239 0.671558 0.709899 0.707666 0.672004 0.704250 0.666634 0.948500 0.913508 0.890052 0.919371 0.838534 0.992245 0.836572 0.881997 0.997468 0.980368 0.961895 0.920548 0.907653 0.832724 0.823630 0.856839 0.882652 0.976479 0.993302 0.903351 0.903682 0.909655 0.922014 0.907923 0.910921 0.981175 0.913716 0.769095
0.550438 0.593662 0.542047 0.601953 0.974196 0.941761 0.497132 0.553343 0.843124 0.598867 0.819953 0.880081 0.934842 0.983314 0.996411 0.891562 0.655814 0.544070 0.591504 0.739827 0.902621 0.988297 0.854265 0.982319 0.763455 0.811789 0.871270 0.964658 0.815315 0.712293 0.647267 0.838405 0.000000 0.525155 0.729010 0.850850 0.964111 0.967323 0.921462 0.849001 0.794304 0.822144 0.635080 0.568345 0.604241 0.546110 0.696459 0.580281 0.672907 0.777645 0.826962 0.950731 0.996780 0.940255 0.782184 0.886657 0.562795 0.702885 0.666434 0.841258 0.526821 0.658743 0.510941 0.549559 0.711363 0.704147 0.593637 0.598623 0.931186 0.902660 0.873202 0.951539 0.999490 0.895742 0.933977 0.957094 0.788011 0.874685 0.856119 0.975418 0.514583 0.542020 0.842195 0.661888 0.653557 0.759571 0.939420 0.909405 0.822995 0.768028 0.690477 0.776692 0.677183 0.822649 0.734514 0.709483 0.705223 0.835947 0.553232 0.610615 0.802926 0.975949 0.844029 0.692399 0.912883 0.675410 0.876837 0.799650 0.788968 0.836119 0.746155 0.734814 0.789699 0.901611 0.960773 0.970783
0.521789 0.715349 0.582290 0.513411 0.973593 0.905101 0.568314 0.435380 0.963863 0.596738 0.583873 0.721036 0.904551 0.961851 0.825419 0.871346 0.736509 0.583209 0.639507 0.711031 0.874932 0.984177 0.988037 0.969476 0.780830 0.788223 0.905598 0.985724 0.784156 0.719549 0.801402 0.852759 0.525155 0.000000 0.788804 0.695483 0.928257 0.949574 0.768408 0.666000 0.905508 0.852765 0.633239 0.615234 0.798931 0.673772 0.619569 0.609790 0.851935 0.987805 0.928526 0.911051 0.772875 0.714229 0.767055 0.688955 0.682912 0.838406 0.671929 0.687773 0.582797 0.487073 0.595063 0.544284 0.766054 0.529319 0.520389 0.477836 0.968811 0.782406 0.965588 0.840344 0.902881 0.872331 0.981465 0.963868 0.764340 0.743745 0.856972 0.888343 0.635018 0.629014 0.982473 0.778850 0.773928 0.804769 0.880556 0.957780 0.851069 0.630618 0.809870 0.945762 0.766407 0.925327 0.826876 0.701464 0.696945 0.910706 0.563243 0.656236 0.667146 0.941504 0.749527 0.788591 0.822707 0.756344 0.985614 0.844041 0.843996 0.814548 0.698954 0.842448 0.784290 0.997266 0.956316 0.955016
0.799069 0.864406 0.752591 0.701439 0.911732 0.854215 0.770584 0.792939 0.949842 0.833775 0.885378 0.923290 0.961246 0.903855 0.964878 0.856336 0.797118 0.769406 0.760165 0.811003 0.918085 0.969056 0.781250 0.894994 0.737000 0.883901 0.878129 0.988533 0.972345 0.894505 0.696473 0.836811 0.729010 0.788804 0.000000 0.883229 0.908954 0.892023 0.982068 0.864119 0.996271 0.909341 0.773525 0.815801 0.711596 0.696448 0.796697 0.763408 0.823139 0.840707 0.833731 0.830287 0.916950 0.886764 0.875254 0.657115 0.842254 0.891068 0.963584 0.932244 0.785601 0.867751 0.750799 0.744014 0.784267 0.855692 0.771474 0.788978 0.994770 0.807351 0.790929 0.759391 0.897742 0.952153 0.972705 0.998427 0.925643 0.877333 0.742131 0.996203 0.668311 0.655723 0.794535 0.670319 0.728397 0.742411 0.907390 0.851736 0.968652 0.798162 0.742924 0.800027 0.701401 0.854177 0.850453 0.734583 0.801944 0.891982 0.763668 0.758029 0.981619 0.867990 0.859497 0.861615 0.966400 0.808886 0.899179 0.703414 0.887811 0.987348 0.842324 0.851099 0.979935 0.972756 0.844669 0.935221
0.828512 0.901065 0.831090 0.718768 0.976458 0.924200 0.844109 0.733120 0.906723 0.952084 0.792275 0.785800 0.976099 0.904067 0.883330 0.967299 0.854863 0.757896 0.896492 0.943290 0.990929 0.999648 0.981062 0.955996 0.873340 0.787596 0.917729 0.948393 0.930255 0.846433 0.923143 0.877013 0.850850 0.695483 0.883229 0.000000 0.798473 0.932711 0.899003 0.718036 0.941888 0.960782 0.887770 0.884007 0.930920 0.922627 0.913629 0.840149 0.983006 0.906230 0.985893 0.910155 0.939029 0.970109 0.769017 0.826895 0.887543 0.999093 0.948171 0.926799 0.789783 0.764739 0.876819 0.882622 0.757689 0.704009 0.794459 0.736385 0.838283 0.961605 0.808602 0.855479 0.882310 0.972483 0.852892 0.970643 0.915476 0.851858 0.960494 0.928403 0.841220 0.805296 0.910683 0.985647 0.897136 0.847813 0.973526 0.943015 0.932431 0.798735 0.995890 0.950103 0.916258 0.994785 0.770854 0.994509 0.949910 0.993869 0.820560 0.895406 0.978468 0.881797 0.977761 0.935255 0.988209 0.890973 0.899309 0.999100 0.944042 0.908034 0.949490 0.913047 0.927440 0.993914 0.856499 0.939689
0.992981 0.889185 0.969810 0.898874 0.915118 0.898392 0.994660 0.963402 0.982132 0.931741 0.979580 0.999836 0.988079 0.975348 0.953361 0.872191 0.881019 0.914984 0.973973 0.926119 0.795256 0.984798 0.843164 0.923168 0.871106 0.796629 0.904977 0.943541 0.980055 0.941273 0.923596 0.986336 0.964111 0.928257 0.908954 0.798473 0.000000 0.900005 0.951085 0.989895 0.960203 0.901809 0.965964 0.960195 0.976798 0.971857 0.946632 0.897677 0.994334 0.990052 0.967996 0.977125 0.932450 0.900137 0.871080 0.981610 0.929324 0.946737 0.993816 0.996672 0.983553 0.960438 0.997104 0.976320 0.841632 0.882113 0.959629 0.897400 0.938311 0.964248 0.850729 0.814313 0.955181 0.824091 0.869178 0.953191 0.947301 0.856187 0.786865 0.882610 0.928436 0.968620 0.922664 0.926712 0.920523 0.893576 0.979558 0.993250 0.961601 0.882205 0.932209 0.958900 0.882236 0.976043 0.964375 0.941752 0.898911 0.954055 0.937194 0.898664 0.964046 0.906786 0.834686 0.938528 0.911569 0.827808 0.916237 0.971773 0.994105 0.946555 0.967013 0.838728 0.897466 0.810146 0.729952 0.959951
0.860478 0.956949 0.941548 0.887354 0.807732 0.866183 0.896819 0.967019 0.818983 0.876636 0.902116 0.894932 0.799719 0.945955 0.892844 0.924593 0.822263 0.848391 0.795043 0.884400 0.959809 0.934957 0.983835 0.836115 0.837647 0.905480 0.902245 0.950466 0.768081 0.923546 0.792003 0.915340 0.967323 0.949574 0.892023 0.932711 0.900005 0.000000 0.987250 0.998383 0.954236 0.845786 0.791489 0.780914 0.724254 0.708822 0.834025 0.785781 0.765707 0.808960 0.686177 0.793745 0.958128 0.859408 0.961286 0.975207 0.911812 0.823341 0.947968 0.946785 0.761805 0.868770 0.851655 0.866248 0.964534 0.955963 0.797704 0.727622 0.859781 0.998860 0.790655 0.770007 0.888035 0.877012 0.966999 0.992084 0.952553 0.957740 0.962384 0.977440 0.929072 0.951599 0.952669 0.990668 0.995709 0.955321 0.960784 0.969307 0.842427 0.843679 0.935894 0.888295 0.834903 0.825850 0.858749 0.997284 0.967755 0.932759 0.930065 0.944236 0.885938 0.879578 0.855927 0.809958 0.943797 0.871113 0.987166 0.852143 0.989657 0.964046 0.983039 0.932117 0.925266 0.812806 0.991882 0.916418
