0.000000 0.283210 0.524255 0.475237 0.793296 0.761535 0.522444 0.410440 0.716650 0.724101 0.423818 0.310270 0.350434 0.498882 0.509599 0.567593 0.309402 0.314262 0.356966 0.343193 0.740948 0.781313 0.588291 0.591918 0.781401 0.709220 0.830867 0.922029 0.360627 0.314292 0.497018 0.577018 0.423439 0.416647 0.741734 0.772658 0.692643 0.751770 0.844348 0.928866 0.940434 0.836229 0.559771 0.539428 0.463035 0.411207 0.411815 0.440313 0.688116 0.423880 0.433036 0.521819 0.636810 0.599905 0.600082 0.740622 0.419643 0.355731 0.294495 0.338868 0.265592 0.349464 0.251729 0.285095 0.511667 0.417106 0.471307 0.355205 0.469938 0.384523 0.648094 0.647171 0.505866 0.496430 0.858385 0.778787 0.647858 0.552372 0.447934 0.493072 0.276969 0.297688 0.471660 0.502993 0.424590 0.378697 0.930662 0.648844 0.684117 0.628838 0.780012 0.874034 0.780432 0.922982 0.631425 0.652854 0.630040 0.678826 0.546026 0.532900 0.715103 0.840962 0.608349 0.663333 0.601925 0.712044 0.940764 0.871036 0.725440 0.671365 0.949922 0.582846 0.606598 0.704144 0.712384 0.913432
0.283210 0.000000 0.677587 0.600438 0.751444 0.935701 0.653549 0.473366 0.876166 0.812968 0.486734 0.363881 0.512157 0.540824 0.628878 0.662666 0.260012 0.308430 0.451926 0.405712 0.685418 0.841671 0.719231 0.747340 0.848123 0.815603 0.729188 0.908178 0.322044 0.341678 0.576214 0.695222 0.508568 0.493372 0.892744 0.761518 0.723516 0.730918 0.852942 0.892697 0.938765 0.644633 0.599990 0.592055 0.543444 0.523972 0.481124 0.494204 0.703519 0.574948 0.529020 0.635896 0.807999 0.704624 0.716366 0.847939 0.283480 0.248256 0.365589 0.405331 0.376777 0.399529 0.279169 0.191103 0.652164 0.541198 0.580262 0.428077 0.486178 0.343536 0.703112 0.682797 0.513477 0.551445 0.983416 0.812441 0.695321 0.496832 0.556833 0.668568 0.304739 0.404315 0.446897 0.455739 0.558262 0.529659 0.986040 0.910659 0.800814 0.679626 0.895191 0.952637 0.833755 0.984437 0.630001 0.768089 0.737512 0.573276 0.639524 0.577955 0.794685 0.916339 0.659165 0.648636 0.574718 0.758284 0.933059 0.908759 0.893784 0.689229 0.843065 0.592191 0.722346 0.719307 0.749696 0.935250
0.524255 0.677587 0.000000 0.197513 0.872279 0.631647 0.232373 0.284535 0.385215 0.486512 0.484345 0.517300 0.342287 0.589259 0.480649 0.532312 0.707547 0.535501 0.388085 0.489060 0.725259 0.741276 0.388379 0.376319 0.677178 0.423607 0.940530 0.992188 0.617705 0.533882 0.364786 0.395626 0.356671 0.404123 0.791653 0.874023 0.687538 0.946074 0.623114 0.759227 0.805842 0.957070 0.344174 0.347541 0.373712 0.402269 0.319139 0.423720 0.693782 0.502273 0.491243 0.453875 0.529594 0.501557 0.592782 0.661522 0.841645 0.851979 0.477824 0.562734 0.297649 0.427570 0.660897 0.727071 0.243976 0.224082 0.301646 0.297276 0.782374 0.675750 0.499957 0.588227 0.577966 0.522146 0.931662 0.763223 0.562581 0.669301 0.589991 0.523153 0.586894 0.443174 0.720625 0.716236 0.497222 0.377266 0.903624 0.772457 0.679961 0.589514 0.511791 0.580944 0.548687 0.601589 0.549662 0.658318 0.533288 0.682083 0.453645 0.407516 0.595566 0.598897 0.688892 0.588808 0.479086 0.575245 0.982925 0.766163 0.814976 0.850794 0.854722 0.511282 0.496307 0.791161 0.618955 0.864363
0.475237 0.600438 0.197513 0.000000 0.862582 0.623889 0.243425 0.229340 0.403908 0.490990 0.521196 0.427498 0.344720 0.466974 0.427290 0.421386 0.657733 0.484947 0.343226 0.461806 0.604192 0.668335 0.355601 0.336719 0.716516 0.437525 0.995208 0.979084 0.497409 0.456722 0.326822 0.352930 0.282434 0.316349 0.760150 0.866695 0.687933 0.949219 0.713830 0.849236 0.863879 0.895618 0.321092 0.316267 0.356230 0.377034 0.295583 0.414357 0.697755 0.499394 0.484934 0.411659 0.540312 0.464027 0.595555 0.666044 0.786189 0.792194 0.433305 0.517901 0.284476 0.367634 0.611472 0.639315 0.265174 0.200601 0.285673 0.279731 0.762653 0.610819 0.433836 0.496142 0.519383 0.480418 0.838011 0.708858 0.514933 0.623710 0.558822 0.493773 0.552137 0.389388 0.676959 0.582040 0.443520 0.313551 0.932059 0.797253 0.721313 0.540036 0.446836 0.542977 0.474971 0.562317 0.563287 0.669188 0.533323 0.637239 0.408057 0.362967 0.550315 0.599644 0.660567 0.511733 0.444284 0.571195 0.968980 0.822820 0.887038 0.863987 0.828966 0.465120 0.470863 0.675086 0.594729 0.887076
0.793296 0.751444 0.872279 0.862582 0.000000 0.831796 0.775263 0.762421 0.938240 0.990443 0.870908 0.800995 0.727132 0.890923 0.784556 0.778730 0.752992 0.806474 0.730772 0.892594 0.702803 0.758489 0.763847 0.835531 0.985074 0.928661 0.730039 0.844473 0.738051 0.746173 0.840636 0.966353 0.788834 0.751734 0.999109 0.998152 0.940843 0.860999 0.866346 0.944596 0.904674 0.914392 0.859149 0.847861 0.776041 0.737338 0.673163 0.739028 0.916442 0.829561 0.830525 0.833597 0.932097 0.767865 0.901361 0.800119 0.849068 0.876709 0.767903 0.798262 0.681592 0.743499 0.693770 0.775964 0.817338 0.766222 0.733991 0.774750 0.820917 0.868095 0.662762 0.847376 0.835601 0.922241 0.986317 0.744713 0.860748 0.960904 0.910281 0.931340 0.647665 0.703517 0.704295 0.774251 0.701964 0.738637 0.819002 0.869598 0.963187 0.901880 0.941190 0.898879 0.921212 0.995671 0.885540 0.890173 0.927332 0.832215 0.891132 0.783556 0.989079 0.981710 0.914581 0.879027 0.849539 0.839362 0.949511 0.998211 0.761900 0.936741 0.985997 0.834276 0.797241 0.838284 0.935882 0.975896
0.761535 0.935701 0.631647 0.623889 0.831796 0.000000 0.509005 0.609950 0.553867 0.609030 0.777198 0.835765 0.655465 0.885204 0.800058 0.678088 0.965393 0.880232 0.715061 0.820839 0.813330 0.993455 0.673025 0.717412 0.971670 0.825902 0.886441 0.854617 0.869072 0.907733 0.651827 0.777172 0.671168 0.676005 0.650533 0.872212 0.961344 0.760113 0.958160 0.936029 0.985999 0.941011 0.572261 0.571280 0.546423 0.587195 0.591082 0.585604 0.974528 0.709821 0.721973 0.602309 0.643493 0.602575 0.799159 0.784958 0.873696 0.882536 0.744117 0.723746 0.683518 0.760115 0.862565 0.995100 0.749665 0.627385 0.513705 0.649447 0.917314 0.825824 0.618950 0.566411 0.876836 0.842378 0.825245 0.873529 0.643080 0.893485 0.760628 0.701768 0.771597 0.674910 0.986420 0.833808 0.786813 0.706588 0.965625 0.883204 0.994424 0.847310 0.530826 0.606219 0.514221 0.586711 0.646032 0.737790 0.638626 0.913791 0.634238 0.674968 0.679051 0.604705 0.823211 0.693055 0.618182 0.824336 0.960715 0.918159 0.891918 0.940294 0.838983 0.715742 0.636945 0.720768 0.677617 0.789959
0.522444 0.653549 0.232373 0.243425 0.775263 0.509005 0.000000 0.203756 0.351252 0.347168 0.449712 0.551678 0.381501 0.639687 0.560749 0.572521 0.586675 0.444322 0.293213 0.473815 0.690909 0.674106 0.461670 0.517707 0.883775 0.589692 0.997434 0.996109 0.583135 0.506740 0.427237 0.419519 0.320344 0.291910 0.796922 0.831222 0.805672 0.976984 0.852151 0.803810 0.946505 0.906254 0.234682 0.212618 0.260984 0.306766 0.300445 0.345277 0.718544 0.496951 0.452387 0.427685 0.546363 0.392645 0.625495 0.695631 0.721961 0.792560 0.433804 0.605249 0.341663 0.525365 0.587947 0.692399 0.374340 0.300016 0.187237 0.254394 0.762146 0.680568 0.383451 0.430032 0.613968 0.498893 0.935636 0.700657 0.443850 0.616295 0.561074 0.479724 0.530172 0.398443 0.721046 0.703959 0.555463 0.467391 0.864823 0.830559 0.790831 0.767179 0.339044 0.368257 0.373096 0.384273 0.509654 0.648588 0.508561 0.652809 0.349233 0.311266 0.492249 0.435758 0.576207 0.425552 0.422008 0.511953 0.988125 0.744528 0.815024 0.864254 0.759222 0.421606 0.380104 0.644071 0.611007 0.849175
0.410440 0.473366 0.284535 0.229340 0.762421 0.609950 0.203756 0.000000 0.460483 0.349521 0.451512 0.373022 0.329220 0.474492 0.468280 0.468997 0.491202 0.362792 0.297229 0.370192 0.659493 0.678355 0.448635 0.473641 0.877594 0.621525 0.887956 0.993570 0.448462 0.390107 0.445910 0.436022 0.292700 0.274434 0.828642 0.873397 0.776628 0.945042 0.850117 0.857256 0.969382 0.814566 0.269537 0.254064 0.280180 0.287145 0.302411 0.328341 0.610644 0.415512 0.409666 0.374869 0.535503 0.382039 0.638135 0.714461 0.598991 0.606331 0.314031 0.445279 0.269919 0.338634 0.500643 0.491820 0.376359 0.254022 0.240231 0.251707 0.738697 0.514917 0.419266 0.462219 0.564028 0.492433 0.916569 0.641159 0.498572 0.524304 0.500871 0.536613 0.470769 0.363708 0.679592 0.612531 0.504627 0.398122 0.923499 0.822730 0.787899 0.634372 0.399669 0.456441 0.392259 0.514748 0.450668 0.591366 0.499382 0.572403 0.320741 0.257477 0.445743 0.532778 0.523478 0.439132 0.374186 0.475162 0.985301 0.767984 0.843001 0.767567 0.786990 0.382689 0.392359 0.607702 0.632639 0.785114
0.716650 0.876166 0.385215 0.403908 0.938240 0.553867 0.351252 0.460483 0.000000 0.475623 0.728898 0.707064 0.557076 0.688752 0.622832 0.576676 0.850723 0.767026 0.553579 0.667106 0.790188 0.755632 0.481137 0.484706 0.807794 0.568793 0.888469 0.940310 0.819964 0.712505 0.498343 0.432136 0.542991 0.518122 0.730087 0.901582 0.909325 0.994100 0.800085 0.793412 0.796074 0.894350 0.403075 0.416142 0.444390 0.490237 0.459604 0.535180 0.758304 0.564395 0.490607 0.475296 0.487097 0.440372 0.698507 0.705547 0.986804 0.950807 0.612478 0.760902 0.546575 0.704435 0.808964 0.908304 0.491149 0.465151 0.379149 0.517851 0.862525 0.789670 0.511343 0.605235 0.694208 0.583102 0.948434 0.773720 0.632797 0.705041 0.758479 0.565740 0.781326 0.656525 0.813513 0.860445 0.691157 0.590510 0.688434 0.786476 0.761288 0.792488 0.417937 0.490042 0.413775 0.486629 0.620845 0.782462 0.562513 0.704266 0.450329 0.485704 0.533600 0.524988 0.750247 0.633139 0.594175 0.592202 0.784890 0.670212 0.987440 0.963263 0.779121 0.538966 0.537263 0.938696 0.634813 0.821555
0.724101 0.812968 0.486512 0.490990 0.990443 0.609030 0.347168 0.349521 0.475623 0.000000 0.597746 0.660605 0.604429 0.717597 0.756903 0.725973 0.727791 0.627464 0.552317 0.582379 0.858838 0.876413 0.663429 0.733767 0.904377 0.740399 0.883750 0.908913 0.781645 0.675354 0.648466 0.532883 0.524798 0.474109 0.870447 0.876816 0.975329 0.933571 0.947131 0.916289 0.912797 0.837469 0.376952 0.364346 0.448090 0.466140 0.569449 0.525994 0.707402 0.526194 0.541284 0.472270 0.586653 0.478272 0.797898 0.858210 0.818129 0.885145 0.507218 0.662589 0.610535 0.631381 0.783313 0.793419 0.626480 0.508005 0.414745 0.490914 0.926884 0.719603 0.578182 0.550782 0.829915 0.671671 0.888069 0.773618 0.571746 0.646650 0.685927 0.571341 0.784233 0.684231 0.920385 0.867230 0.857811 0.755087 0.997110 0.955364 0.963307 0.899032 0.397058 0.385330 0.412443 0.434983 0.607257 0.636503 0.544875 0.685662 0.349452 0.388656 0.485302 0.381822 0.583429 0.531475 0.603317 0.540243 0.888189 0.726055 0.977771 0.879661 0.781371 0.498178 0.488663 0.811959 0.695725 0.752722
0.423818 0.486734 0.484345 0.521196 0.870908 0.777198 0.449712 0.451512 0.728898 0.597746 0.000000 0.446736 0.491395 0.634203 0.751797 0.739955 0.443408 0.314161 0.305045 0.306329 0.734859 0.783660 0.807053 0.708984 0.974327 0.802622 0.997521 0.909179 0.494952 0.375573 0.610358 0.628586 0.557410 0.457086 0.954898 0.867336 0.866507 0.834864 0.896725 0.839628 0.960566 0.994086 0.590797 0.530301 0.571111 0.555286 0.542362 0.564872 0.907819 0.628905 0.621390 0.692452 0.739107 0.601997 0.782084 0.974943 0.482695 0.510689 0.554844 0.620614 0.464076 0.611981 0.396443 0.505302 0.679678 0.571500 0.554983 0.418236 0.660593 0.702460 0.691292 0.674725 0.687080 0.574962 0.950908 0.762648 0.671176 0.571175 0.651850 0.528437 0.467966 0.444159 0.632029 0.706406 0.785000 0.683493 0.977838 0.797131 0.936279 0.909320 0.738106 0.729362 0.764666 0.734246 0.716306 0.728544 0.781782 0.900496 0.645451 0.579949 0.694412 0.623585 0.594048 0.541001 0.687351 0.821829 0.925687 0.898327 0.977354 0.837068 0.872573 0.645436 0.644997 0.757824 0.823246 0.990396
0.310270 0.363881 0.517300 0.427498 0.800995 0.835765 0.551678 0.373022 0.707064 0.660605 0.446736 0.000000 0.310160 0.312326 0.356452 0.400266 0.436502 0.378880 0.426269 0.377369 0.620706 0.774661 0.487701 0.482901 0.855084 0.747827 0.960185 0.936734 0.341177 0.329110 0.516508 0.557768 0.465374 0.467226 0.846101 0.934132 0.771210 0.762285 0.816615 0.954475 0.961815 0.878203 0.624584 0.604060 0.513250 0.508799 0.463243 0.455986 0.695259 0.464778 0.498504 0.512092 0.707949 0.589760 0.716966 0.837499 0.552740 0.506553 0.399269 0.416125 0.276027 0.283379 0.365324 0.325017 0.496848 0.391458 0.554298 0.415985 0.678738 0.510775 0.666374 0.703095 0.495449 0.510309 0.857634 0.708698 0.668762 0.487764 0.575572 0.626339 0.479057 0.429201 0.475955 0.587647 0.460968 0.417453 0.933359 0.765206 0.775146 0.591061 0.832453 0.904073 0.787898 0.990560 0.649812 0.720373 0.735878 0.637151 0.605733 0.509113 0.718258 0.871961 0.632458 0.711547 0.549799 0.608232 0.956165 0.935941 0.870253 0.671790 0.889617 0.626990 0.707667 0.655441 0.687891 0.985488
0.350434 0.512157 0.342287 0.344720 0.727132 0.655465 0.381501 0.329220 0.557076 0.604429 0.491395 0.310160 0.000000 0.350845 0.295092 0.323993 0.546721 0.516724 0.372390 0.459328 0.671718 0.770241 0.328274 0.353621 0.816958 0.650644 0.978784 0.958700 0.473172 0.445422 0.434599 0.535994 0.424616 0.455530 0.795689 0.868750 0.722460 0.864461 0.722107 0.827806 0.956478 0.992377 0.449496 0.446000 0.420001 0.411449 0.373480 0.367639 0.740778 0.376086 0.382479 0.391401 0.514631 0.449357 0.601498 0.717464 0.704743 0.685299 0.352460 0.433272 0.221676 0.323623 0.424371 0.499684 0.306471 0.297527 0.385408 0.350682 0.751896 0.610389 0.536995 0.539355 0.508875 0.519308 0.887604 0.617813 0.597635 0.635833 0.591971 0.612227 0.505821 0.437223 0.531322 0.721115 0.397717 0.337840 0.816451 0.699760 0.676049 0.603657 0.662154 0.724186 0.603278 0.796935 0.647673 0.743767 0.662163 0.721748 0.526378 0.475547 0.649072 0.761966 0.593994 0.698755 0.435328 0.565835 0.970845 0.803180 0.679934 0.769296 0.887910 0.589285 0.579217 0.627196 0.619356 0.867953
0.498882 0.540824 0.589259 0.466974 0.890923 0.885204 0.639687 0.474492 0.688752 0.717597 0.634203 0.312326 0.350845 0.000000 0.278032 0.261528 0.640889 0.561638 0.485275 0.549296 0.657499 0.746609 0.415968 0.375482 0.837731 0.706514 0.968384 0.955909 0.428894 0.446860 0.495826 0.595295 0.521080 0.541561 0.870419 0.993007 0.702670 0.771835 0.856089 0.841094 0.998653 0.829542 0.595604 0.595307 0.664150 0.632755 0.596756 0.582064 0.779920 0.553799 0.529315 0.503987 0.672548 0.560644 0.784062 0.947824 0.704329 0.685510 0.480562 0.565465 0.424056 0.443019 0.487502 0.471446 0.477818 0.454714 0.581717 0.528961 0.957133 0.612511 0.602934 0.662487 0.649103 0.550532 0.951892 0.632012 0.593282 0.583343 0.655449 0.736294 0.710505 0.688190 0.542665 0.734049 0.530305 0.451634 0.871696 0.821752 0.820150 0.658989 0.747897 0.812482 0.648170 0.890235 0.681533 0.799786 0.866576 0.644288 0.619027 0.572415 0.670138 0.883541 0.611584 0.845933 0.532377 0.568917 0.988753 0.772181 0.859916 0.746616 0.907873 0.674318 0.708222 0.713386 0.652373 0.989114
0.509599 0.628878 0.480649 0.427290 0.784556 0.800058 0.560749 0.468280 0.622832 0.756903 0.751797 0.356452 0.295092 0.278032 0.000000 0.227697 0.710406 0.678000 0.571608 0.652338 0.690851 0.756199 0.203103 0.286453 0.627205 0.640656 0.993462 0.992427 0.530840 0.523261 0.374017 0.490662 0.451594 0.520431 0.689884 0.971562 0.655263 0.856474 0.784889 0.929810 0.951711 0.986523 0.573886 0.593670 0.546451 0.546386 0.491862 0.524392 0.745600 0.520009 0.527248 0.474215 0.628143 0.582418 0.568806 0.733312 0.872920 0.844894 0.512190 0.565257 0.321565 0.383026 0.549874 0.575843 0.314419 0.365394 0.480444 0.458056 0.924857 0.643490 0.548858 0.674862 0.503749 0.553194 0.866213 0.693728 0.586140 0.673764 0.622963 0.749772 0.626272 0.579871 0.500895 0.708034 0.316791 0.310491 0.786874 0.710273 0.771689 0.587962 0.764844 0.881050 0.689628 0.967112 0.682295 0.802611 0.770563 0.666651 0.640537 0.597121 0.753435 0.939666 0.771273 0.920868 0.455633 0.522386 0.946205 0.812727 0.793130 0.774951 0.899077 0.644594 0.709266 0.781605 0.577015 0.997069
0.567593 0.662666 0.532312 0.421386 0.778730 0.678088 0.572521 0.468997 0.576676 0.725973 0.739955 0.400266 0.323993 0.261528 0.227697 0.000000 0.752267 0.695265 0.551655 0.670859 0.627837 0.759907 0.251801 0.263305 0.739541 0.700986 0.902580 0.917599 0.544197 0.571102 0.447230 0.549534 0.499127 0.559332 0.764422 0.978829 0.809393 0.868099 0.846717 0.925669 0.917718 0.967707 0.528621 0.562671 0.580407 0.544922 0.500408 0.511634 0.839780 0.540026 0.509208 0.436863 0.555109 0.458632 0.697916 0.765285 0.902849 0.894961 0.517354 0.610296 0.397788 0.459157 0.587976 0.606111 0.413413 0.403894 0.493956 0.527790 0.929452 0.710291 0.462088 0.568921 0.570105 0.607451 0.788121 0.685545 0.587169 0.689880 0.668579 0.720424 0.689457 0.630033 0.566979 0.724344 0.436704 0.345807 0.873110 0.832624 0.822404 0.708902 0.651445 0.722997 0.548639 0.839530 0.715532 0.796468 0.787440 0.687341 0.649087 0.587828 0.727861 0.778671 0.726318 0.900791 0.461957 0.574132 0.914836 0.855184 0.875243 0.873332 0.914482 0.685045 0.689681 0.678443 0.615527 0.896697
0.309402 0.260012 0.707547 0.657733 0.752992 0.965393 0.586675 0.491202 0.850723 0.727791 0.443408 0.436502 0.546721 0.640889 0.710406 0.752267 0.000000 0.240159 0.383298 0.441684 0.675461 0.766451 0.773836 0.832674 0.895674 0.908941 0.818538 0.922537 0.338879 0.336938 0.673529 0.617084 0.530497 0.485916 0.989241 0.778746 0.805555 0.765358 0.901433 0.828741 0.783319 0.684691 0.623568 0.578985 0.554105 0.566518 0.557027 0.516101 0.818277 0.646692 0.589028 0.736939 0.852386 0.717801 0.724558 0.943106 0.206591 0.281048 0.414385 0.558108 0.463480 0.583820 0.267115 0.261090 0.720118 0.661156 0.573895 0.452448 0.442016 0.500429 0.661351 0.648846 0.603892 0.600862 0.974434 0.794339 0.655916 0.474652 0.504789 0.623158 0.294757 0.444370 0.470847 0.551329 0.610257 0.620592 0.932232 0.897371 0.884466 0.834669 0.837483 0.861785 0.820683 0.917750 0.701529 0.784789 0.773297 0.601376 0.635738 0.549813 0.901251 0.853169 0.564068 0.522913 0.688444 0.725312 0.890727 0.892837 0.866471 0.601393 0.846272 0.603907 0.714165 0.689066 0.822575 0.988922
0.314262 0.308430 0.535501 0.484947 0.806474 0.880232 0.444322 0.362792 0.767026 0.627464 0.314161 0.378880 0.516724 0.561638 0.678000 0.695265 0.240159 0.000000 0.240887 0.281748 0.695680 0.688837 0.757876 0.757256 0.923843 0.770846 0.841670 0.902863 0.277355 0.260021 0.617626 0.533816 0.416658 0.365344 0.992198 0.888632 0.768279 0.841099 0.916415 0.803968 0.982345 0.703350 0.505752 0.453348 0.498258 0.482092 0.474372 0.468550 0.777008 0.603719 0.565414 0.662536 0.795832 0.619216 0.757326 0.904379 0.277072 0.299732 0.421209 0.556504 0.387019 0.538278 0.259164 0.299033 0.641574 0.524266 0.491342 0.387434 0.538274 0.537536 0.654265 0.663655 0.600890 0.498751 0.929269 0.713530 0.634320 0.485532 0.495880 0.538592 0.343833 0.334296 0.506629 0.500503 0.615040 0.548522 0.954077 0.865542 0.900221 0.781549 0.695571 0.722510 0.716972 0.764001 0.649328 0.651793 0.739161 0.643811 0.515419 0.444685 0.704676 0.710031 0.583662 0.460752 0.589556 0.713336 0.798136 0.890232 0.918704 0.678981 0.910881 0.503389 0.573551 0.643413 0.719162 0.963814
0.356966 0.451926 0.388085 0.343226 0.730772 0.715061 0.293213 0.297229 0.553579 0.552317 0.305045 0.426269 0.372390 0.485275 0.571608 0.551655 0.383298 0.240887 0.000000 0.316775 0.686122 0.647813 0.589255 0.574087 0.894328 0.683330 0.911249 0.932534 0.370577 0.289156 0.504213 0.508755 0.400130 0.294765 0.924184 0.838358 0.762544 0.951610 0.831487 0.767525 0.981865 0.803995 0.377288 0.332055 0.413163 0.402171 0.359834 0.413949 0.759623 0.478308 0.447473 0.504638 0.618360 0.438321 0.684228 0.830350 0.477546 0.521011 0.392563 0.570704 0.321150 0.518275 0.332983 0.447044 0.459235 0.401990 0.360169 0.340705 0.637644 0.582452 0.515695 0.554980 0.619344 0.495769 0.978384 0.598460 0.572833 0.591132 0.558270 0.450578 0.421621 0.362149 0.622453 0.611735 0.538773 0.476967 0.866012 0.803785 0.833898 0.790589 0.532279 0.564742 0.560847 0.590813 0.599607 0.678834 0.715863 0.653706 0.426200 0.401712 0.617468 0.620443 0.540963 0.472589 0.518673 0.671173 0.952502 0.836546 0.811980 0.800119 0.890124 0.441001 0.475075 0.636890 0.638940 0.913126
0.343193 0.405712 0.489060 0.461806 0.892594 0.820839 0.473815 0.370192 0.667106 0.582379 0.306329 0.377369 0.459328 0.549296 0.652338 0.670859 0.441684 0.281748 0.316775 0.000000 0.799268 0.700445 0.716191 0.683303 0.977968 0.740047 0.851828 0.882917 0.381641 0.322625 0.628154 0.553284 0.436073 0.382714 0.919196 0.946354 0.841241 0.842230 0.884806 0.868309 0.896434 0.906623 0.547989 0.483988 0.526328 0.500480 0.483005 0.484366 0.733141 0.527820 0.545351 0.603255 0.674118 0.607581 0.767124 0.829015 0.453519 0.416651 0.460416 0.536561 0.392508 0.469046 0.367581 0.407910 0.601287 0.495967 0.540266 0.432948 0.650422 0.524904 0.752047 0.743522 0.638555 0.539706 0.908063 0.693033 0.677427 0.629048 0.605915 0.535121 0.504871 0.388221 0.625808 0.649555 0.686008 0.589960 0.842736 0.826348 0.799411 0.697719 0.707482 0.732890 0.758806 0.817727 0.656860 0.700686 0.722445 0.729247 0.487948 0.469666 0.582312 0.695676 0.690971 0.550736 0.628702 0.727569 0.916294 0.836877 0.855744 0.750320 0.810938 0.576333 0.586245 0.774196 0.725678 0.877448
0.740948 0.685418 0.725259 0.604192 0.702803 0.813330 0.690909 0.659493 0.790188 0.858838 0.734859 0.620706 0.671718 0.657499 0.690851 0.627837 0.675461 0.695680 0.686122 0.799268 0.000000 0.775085 0.650043 0.597732 0.930511 0.839843 0.895598 0.938530 0.670918 0.729711 0.636453 0.762681 0.646221 0.610687 0.841259 0.944592 0.772642 0.924989 0.982313 0.938683 0.933313 0.902017 0.709001 0.732737 0.738786 0.737392 0.629240 0.717185 0.999171 0.826201 0.848010 0.841787 0.884213 0.783495 0.898902 0.964197 0.803980 0.813320 0.718796 0.758975 0.636824 0.690135 0.675529 0.697117 0.689469 0.602758 0.682598 0.654617 0.882154 0.824853 0.614158 0.647100 0.655092 0.733249 0.833771 0.725909 0.719065 0.584692 0.808783 0.770946 0.684477 0.698144 0.598509 0.659130 0.681520 0.653634 0.899137 0.969349 0.947724 0.818478 0.771838 0.834048 0.704365 0.852665 0.853124 0.862126 0.866655 0.800937 0.812901 0.685568 0.865219 0.818393 0.729109 0.671903 0.718148 0.788534 0.895034 0.811330 0.960035 0.989575 0.982560 0.805211 0.872512 0.776636 0.926521 0.836149
0.781313 0.841671 0.741276 0.668335 0.758489 0.993455 0.674106 0.678355 0.755632 0.876413 0.783660 0.774661 0.770241 0.746609 0.756199 0.759907 0.766451 0.688837 0.647813 0.700445 0.775085 0.000000 0.749948 0.751486 0.999431 0.842318 0.875215 0.793405 0.635845 0.703021 0.780995 0.601357 0.580896 0.676123 0.930756 0.993210 0.936595 0.894451 0.971269 0.840866 0.978633 0.945340 0.727745 0.675597 0.749092 0.746654 0.719768 0.817752 0.900436 0.855512 0.788430 0.819767 0.908117 0.717760 0.775806 0.870598 0.790528 0.815998 0.861755 0.835574 0.677427 0.821686 0.746211 0.776224 0.703612 0.679623 0.651693 0.651512 0.899909 0.877782 0.711906 0.783763 0.849696 0.694150 0.803643 0.953410 0.770063 0.768583 0.998616 0.753407 0.822183 0.742670 0.791540 0.870558 0.757554 0.702111 0.907491 0.913201 0.829292 0.810899 0.695499 0.798532 0.779645 0.802797 0.812495 0.953149 0.944995 0.836171 0.743863 0.691152 0.854633 0.920253 0.904808 0.764740 0.867601 0.677521 0.947106 0.905705 0.975195 0.898365 0.792479 0.748815 0.790560 0.783228 0.855490 0.907833
0.588291 0.719231 0.388379 0.355601 0.763847 0.673025 0.461670 0.448635 0.481137 0.663429 0.807053 0.487701 0.328274 0.415968 0.203103 0.251801 0.773836 0.757876 0.589255 0.716191 0.650043 0.749948 0.000000 0.253093 0.542448 0.525312 0.934535 0.987180 0.634167 0.630067 0.310852 0.455528 0.392643 0.514150 0.605233 0.930117 0.700549 0.965511 0.762526 0.907057 0.936246 0.996613 0.449371 0.510452 0.465248 0.472884 0.394606 0.485532 0.735469 0.521847 0.510112 0.415756 0.536734 0.545819 0.522716 0.651612 0.978134 0.967043 0.487959 0.574683 0.337571 0.413135 0.642726 0.680970 0.244685 0.311543 0.364276 0.410980 0.898612 0.646258 0.433126 0.539356 0.511317 0.559724 0.826634 0.749002 0.497680 0.733994 0.573740 0.700278 0.612465 0.567930 0.541505 0.664654 0.299446 0.277407 0.792956 0.793977 0.715040 0.604171 0.624029 0.757127 0.560360 0.859524 0.630875 0.774707 0.655386 0.646063 0.585264 0.541857 0.776261 0.812977 0.780758 0.875238 0.413524 0.487359 0.876773 0.852085 0.751959 0.853027 0.854045 0.615731 0.648967 0.774503 0.546277 0.910806
0.591918 0.747340 0.376319 0.336719 0.835531 0.717412 0.517707 0.473641 0.484706 0.733767 0.708984 0.482901 0.353621 0.375482 0.286453 0.263305 0.832674 0.757256 0.574087 0.683303 0.597732 0.751486 0.253093 0.000000 0.587963 0.513700 0.921148 0.989581 0.593973 0.625809 0.369150 0.463761 0.514997 0.542148 0.682193 0.991224 0.769423 0.926146 0.771391 0.847302 0.942707 0.963034 0.520265 0.587076 0.580917 0.540412 0.448446 0.547423 0.757613 0.578500 0.548077 0.487454 0.546844 0.532869 0.595103 0.693026 0.988517 0.987565 0.517057 0.614902 0.389935 0.483480 0.664204 0.757119 0.326443 0.332845 0.473268 0.495963 0.947299 0.737514 0.508647 0.665740 0.558454 0.622689 0.880215 0.731030 0.604372 0.723382 0.698431 0.651618 0.645707 0.588873 0.644216 0.709794 0.396962 0.338638 0.777937 0.718655 0.744440 0.620118 0.652852 0.744408 0.597729 0.819796 0.693044 0.868351 0.713795 0.744711 0.680503 0.600414 0.699399 0.862418 0.826125 0.882433 0.535445 0.677789 0.959913 0.814594 0.814741 0.904515 0.928395 0.705794 0.650550 0.793508 0.595297 0.944905
0.781401 0.848123 0.677178 0.716516 0.985074 0.971670 0.883775 0.877594 0.807794 0.904377 0.974327 0.855084 0.816958 0.837731 0.627205 0.739541 0.895674 0.923843 0.894328 0.977968 0.930511 0.999431 0.542448 0.587963 0.000000 0.502595 0.914992 0.880240 0.853960 0.904422 0.606540 0.649154 0.766812 0.903378 0.625141 0.958070 0.602037 0.965629 0.724801 0.957657 0.847416 0.858303 0.863847 0.946364 0.900810 0.888570 0.726794 0.911377 0.912798 0.966255 0.933097 0.906063 0.901103 0.913450 0.590111 0.800644 0.967271 0.990218 0.804357 0.824289 0.697613 0.733798 0.897230 0.889999 0.541023 0.667337 0.806340 0.803576 0.752877 0.755082 0.897871 0.977163 0.621596 0.890681 0.850539 0.945260 0.880075 0.996347 0.782951 0.880323 0.696088 0.787203 0.768095 0.763039 0.459715 0.475180 0.999956 0.834558 0.832758 0.661214 0.950124 0.844500 0.966162 0.867771 0.708908 0.937542 0.853630 0.798890 0.986348 0.949301 0.805493 0.827022 0.838800 0.921740 0.760120 0.935478 0.875380 0.965670 0.871370 0.871266 0.883417 0.861081 0.941409 0.826870 0.762180 0.987108
0.709220 0.815603 0.423607 0.437525 0.928661 0.825902 0.589692 0.621525 0.568793 0.740399 0.802622 0.747827 0.650644 0.706514 0.640656 0.700986 0.908941 0.770846 0.683330 0.740047 0.839843 0.842318 0.525312 0.513700 0.502595 0.000000 0.985321 0.836318 0.749244 0.747728 0.448537 0.532744 0.496329 0.605447 0.746629 0.776324 0.658828 0.986924 0.627017 0.673007 0.809286 0.853758 0.537968 0.533850 0.592397 0.567541 0.495090 0.620570 0.688865 0.633381 0.590654 0.572787 0.582782 0.701494 0.590583 0.668623 0.996427 0.924386 0.606365 0.656218 0.560040 0.593493 0.806145 0.843886 0.399294 0.432462 0.546647 0.513641 0.895611 0.718769 0.728894 0.626187 0.623284 0.592705 0.852643 0.893866 0.564313 0.868121 0.766946 0.609488 0.759729 0.625082 0.788036 0.610321 0.546951 0.448200 0.911358 0.772407 0.643631 0.515196 0.640422 0.777607 0.730354 0.741476 0.655860 0.817747 0.652373 0.660543 0.600131 0.545206 0.768555 0.793953 0.871054 0.703212 0.580022 0.851782 0.990672 0.766430 0.944406 0.940522 0.997137 0.674524 0.602857 0.985611 0.563050 0.897068
0.830867 0.729188 0.940530 0.995208 0.730039 0.886441 0.997434 0.887956 0.888469 0.883750 0.997521 0.960185 0.978784 0.968384 0.993462 0.902580 0.818538 0.841670 0.911249 0.851828 0.895598 0.875215 0.934535 0.921148 0.914992 0.985321 0.000000 0.964873 0.838085 0.817301 0.923635 0.991666 0.917214 0.836148 0.948287 0.815100 0.918102 0.954107 0.935481 0.939749 0.836407 0.957278 0.959334 0.925935 0.877717 0.885330 0.878931 0.898936 0.823594 0.910295 0.874085 0.938287 0.982095 0.932313 0.881144 0.919345 0.714034 0.685403 0.822923 0.802686 0.884890 0.886899 0.804700 0.727920 0.977506 0.998135 0.915502 0.906650 0.912993 0.733784 0.958739 0.920263 0.947232 0.897312 0.944268 0.947871 0.925960 0.966019 0.968704 0.969462 0.773978 0.833467 0.928782 0.805960 0.949123 0.977842 0.819680 0.947123 0.823368 0.839206 0.977315 0.885943 0.931986 0.904192 0.937303 0.890072 0.951299 0.806028 0.924971 0.941436 0.949061 0.836689 0.895444 0.822588 0.921731 0.972980 0.998677 0.947233 0.946057 0.871296 0.973168 0.804741 0.855822 0.963693 0.923531 0.924910
0.922029 0.908178 0.992188 0.979084 0.844473 0.854617 0.996109 0.993570 0.940310 0.908913 0.909179 0.936734 0.958700 0.955909 0.992427 0.917599 0.922537 0.902863 0.932534 0.882917 0.938530 0.793405 0.987180 0.989581 0.880240 0.836318 0.964873 0.000000 0.889204 0.975972 0.999347 0.972113 0.851880 0.968790 0.967616 0.995177 0.982823 0.993425 0.972064 0.937304 0.913317 0.880959 0.994865 0.916032 0.971150 0.991175 0.998414 0.955397 0.931075 0.882113 0.955572 0.916414 0.937679 0.992794 0.911610 0.893841 0.899900 0.886451 0.954634 0.993058 0.968170 0.995886 0.889903 0.882334 0.996196 0.985961 0.996827 0.964176 0.915286 0.965917 0.939888 0.918145 0.898120 0.966093 0.869197 0.919262 0.785634 0.951611 0.913816 0.974351 0.912221 0.919241 0.968677 0.935410 0.989805 0.909899 0.811492 0.909947 0.986903 0.939592 0.928101 0.999604 0.991693 0.955427 0.802962 0.955565 0.909275 0.804513 0.962717 0.921825 0.952604 0.958478 0.959882 0.809953 0.895088 0.936849 0.820563 0.882030 0.878234 0.943590 0.973778 0.997039 0.953269 0.982345 0.853889 0.952473
0.360627 0.322044 0.617705 0.497409 0.738051 0.869072 0.583135 0.448462 0.819964 0.781645 0.494952 0.341177 0.473172 0.428894 0.530840 0.544197 0.338879 0.277355 0.370577 0.381641 0.670918 0.635845 0.634167 0.593973 0.853960 0.749244 0.838085 0.889204 0.000000 0.290756 0.546638 0.593224 0.472132 0.436524 0.886123 0.947964 0.748502 0.817707 0.901163 0.816922 0.927298 0.798693 0.601506 0.564730 0.570670 0.551633 0.496587 0.468195 0.754379 0.590201 0.565001 0.602355 0.760972 0.623175 0.659171 0.792967 0.416820 0.434893 0.467658 0.479971 0.369631 0.462399 0.277706 0.317611 0.591331 0.483572 0.547720 0.455204 0.623409 0.514031 0.698751 0.701220 0.531179 0.520695 0.926672 0.770770 0.603409 0.541469 0.612952 0.600489 0.406992 0.411495 0.491490 0.479083 0.488951 0.480019 0.870314 0.874116 0.852021 0.603640 0.825085 0.864885 0.794738 0.953731 0.626709 0.809197 0.828522 0.657505 0.617423 0.517234 0.780193 0.933645 0.706076 0.609517 0.587108 0.678942 0.880885 0.945526 0.872996 0.627039 0.860600 0.599335 0.667395 0.640921 0.656018 0.959593
0.314292 0.341678 0.533882 0.456722 0.746173 0.907733 0.506740 0.390107 0.712505 0.675354 0.375573 0.329110 0.445422 0.446860 0.523261 0.571102 0.336938 0.260021 0.289156 0.322625 0.729711 0.703021 0.630067 0.625809 0.904422 0.747728 0.817301 0.975972 0.290756 0.000000 0.496344 0.547057 0.441555 0.329338 0.948622 0.870729 0.791379 0.825261 0.819570 0.871605 0.948767 0.891244 0.592111 0.499643 0.508757 0.487209 0.448043 0.486844 0.758917 0.503468 0.511607 0.562565 0.649885 0.539080 0.579868 0.810819 0.437353 0.419975 0.477248 0.547222 0.349104 0.459284 0.311902 0.329885 0.579059 0.489290 0.500353 0.416848 0.558020 0.475547 0.629497 0.687291 0.544116 0.447519 0.844506 0.673095 0.720503 0.602400 0.559131 0.548533 0.398131 0.336672 0.470534 0.450874 0.578659 0.498723 0.781210 0.705828 0.816915 0.679370 0.779181 0.854737 0.812257 0.910891 0.617669 0.806698 0.761713 0.634033 0.572540 0.509552 0.694583 0.787546 0.579880 0.598042 0.655566 0.706398 0.955295 0.920636 0.913056 0.737241 0.865979 0.601186 0.623374 0.738440 0.731247 0.988315
0.497018 0.576214 0.364786 0.326822 0.840636 0.651827 0.427237 0.445910 0.498343 0.648466 0.610358 0.516508 0.434599 0.495826 0.374017 0.447230 0.673529 0.617626 0.504213 0.628154 0.636453 0.780995 0.310852 0.369150 0.606540 0.448537 0.923635 0.999347 0.546638 0.496344 0.000000 0.402110 0.363004 0.388874 0.606304 0.781564 0.598487 0.830940 0.719095 0.931677 0.998395 0.871126 0.417931 0.418007 0.426597 0.431945 0.356792 0.455312 0.708398 0.538155 0.492494 0.445879 0.535304 0.552033 0.465285 0.657532 0.813575 0.796756 0.494494 0.520548 0.332681 0.433298 0.566949 0.589007 0.312011 0.303738 0.335210 0.331127 0.768942 0.535206 0.453775 0.509689 0.507718 0.413314 0.839138 0.863717 0.535178 0.615521 0.562906 0.577743 0.505033 0.472191 0.498421 0.495033 0.415631 0.340877 0.844222 0.739772 0.679776 0.548471 0.661728 0.794514 0.624001 0.813824 0.581745 0.852376 0.601622 0.662750 0.577780 0.554553 0.673558 0.744439 0.722052 0.689620 0.534201 0.610207 0.946790 0.819328 0.895718 0.780485 0.915738 0.580891 0.568499 0.750460 0.521443 0.981038
0.577018 0.695222 0.395626 0.352930 0.966353 0.777172 0.419519 0.436022 0.432136 0.532883 0.628586 0.557768 0.535994 0.595295 0.490662 0.549534 0.617084 0.533816 0.508755 0.553284 0.762681 0.601357 0.455528 0.463761 0.649154 0.532744 0.991666 0.972113 0.593224 0.547057 0.402110 0.000000 0.405034 0.445921 0.747410 0.971839 0.748456 0.884409 0.716520 0.887131 0.954762 0.868503 0.489850 0.458767 0.518044 0.577968 0.527081 0.560410 0.851442 0.683684 0.614980 0.621488 0.668114 0.616352 0.623142 0.837177 0.754175 0.816238 0.590644 0.710174 0.449963 0.613755 0.670887 0.683768 0.433146 0.431652 0.458610 0.431245 0.691199 0.684335 0.589911 0.653633 0.583272 0.535608 0.837725 0.902631 0.624429 0.611977 0.659781 0.530870 0.629885 0.546935 0.659747 0.655095 0.574454 0.456948 0.914313 0.761061 0.801517 0.686339 0.571221 0.717035 0.620785 0.712249 0.681804 0.842562 0.646646 0.711184 0.550563 0.541944 0.698418 0.694917 0.830954 0.585282 0.624606 0.642139 0.888406 0.850362 0.992085 0.879459 0.807008 0.560622 0.621707 0.821625 0.557544 0.892232
0.423439 0.508568 0.356671 0.282434 0.788834 0.671168 0.320344 0.292700 0.542991 0.524798 0.557410 0.465374 0.424616 0.521080 0.451594 0.499127 0.530497 0.416658 0.400130 0.436073 0.646221 0.580896 0.392643 0.514997 0.766812 0.496329 0.917214 0.851880 0.472132 0.441555 0.363004 0.405034 0.000000 0.336244 0.755961 0.774976 0.748703 0.939455 0.838194 0.863936 0.914875 0.844856 0.328612 0.311307 0.354092 0.338831 0.325236 0.412019 0.681824 0.519764 0.476572 0.440709 0.558922 0.496066 0.535990 0.630645 0.638746 0.600330 0.396420 0.479486 0.322001 0.373984 0.482401 0.515346 0.345345 0.289307 0.292228 0.255545 0.701876 0.500078 0.413221 0.478120 0.560728 0.455780 0.944145 0.756867 0.411221 0.600536 0.454708 0.552209 0.445792 0.352999 0.541059 0.477082 0.417256 0.327353 0.904371 0.841128 0.755916 0.582911 0.466912 0.586457 0.503659 0.670081 0.546409 0.654001 0.476202 0.493012 0.398633 0.331231 0.624593 0.646197 0.711767 0.505480 0.433178 0.505116 0.909247 0.792807 0.849268 0.732376 0.793978 0.494106 0.439238 0.676710 0.559022 0.970888
0.416647 0.493372 0.404123 0.316349 0.751734 0.676005 0.291910 0.274434 0.518122 0.474109 0.457086 0.467226 0.455530 0.541561 0.520431 0.559332 0.485916 0.365344 0.294765 0.382714 0.610687 0.676123 0.514150 0.542148 0.903378 0.605447 0.836148 0.968790 0.436524 0.329338 0.388874 0.445921 0.336244 0.000000 0.727647 0.859101 0.706923 0.843641 0.867291 0.850392 0.978106 0.900246 0.355960 0.289290 0.335003 0.335665 0.333185 0.430073 0.712310 0.464456 0.469567 0.435918 0.572484 0.484141 0.631899 0.697241 0.567098 0.582979 0.404510 0.549152 0.338427 0.462291 0.445581 0.479653 0.442617 0.351237 0.301714 0.284452 0.767358 0.570203 0.498451 0.519545 0.602062 0.516207 0.836295 0.700294 0.506320 0.568622 0.524016 0.460419 0.482999 0.371443 0.599729 0.523862 0.525019 0.473899 0.857525 0.819154 0.836989 0.738757 0.527618 0.592405 0.569946 0.596159 0.566097 0.703247 0.660684 0.596769 0.369365 0.367749 0.588222 0.618739 0.585260 0.418846 0.504060 0.630153 0.903837 0.716883 0.890625 0.836208 0.772419 0.385734 0.460681 0.651302 0.552044 0.854332
0.741734 0.892744 0.791653 0.760150 0.999109 0.650533 0.796922 0.828642 0.730087 0.870447 0.954898 0.846101 0.795689 0.870419 0.689884 0.764422 0.989241 0.992198 0.924184 0.919196 0.841259 0.930756 0.605233 0.682193 0.625141 0.746629 0.948287 0.967616 0.886123 0.948622 0.606304 0.747410 0.755961 0.727647 0.000000 0.933281 0.702044 0.916012 0.921020 0.897662 0.993819 0.949218 0.707571 0.783560 0.632258 0.644968 0.652052 0.803210 0.672151 0.649567 0.700506 0.653189 0.705605 0.870475 0.539617 0.631475 0.892024 0.980514 0.717390 0.652970 0.690249 0.729063 0.844770 0.868609 0.629239 0.682524 0.664173 0.710298 0.936097 0.664642 0.881492 0.850113 0.782159 0.801493 0.757824 0.997085 0.756707 0.881502 0.749920 0.775306 0.744163 0.773169 0.862543 0.829088 0.549355 0.624871 0.989366 0.862998 0.797500 0.707812 0.874341 0.981832 0.849038 0.999898 0.718842 0.883234 0.760812 0.841329 0.763996 0.861442 0.941185 0.907773 0.970292 0.994441 0.752920 0.773944 0.939013 0.909940 0.705785 0.986928 0.727172 0.734357 0.873974 0.896087 0.749403 0.924318
0.772658 0.761518 0.874023 0.866695 0.998152 0.872212 0.831222 0.873397 0.901582 0.876816 0.867336 0.934132 0.868750 0.993007 0.971562 0.978829 0.778746 0.888632 0.838358 0.946354 0.944592 0.993210 0.930117 0.991224 0.958070 0.776324 0.815100 0.995177 0.947964 0.870729 0.781564 0.971839 0.774976 0.859101 0.933281 0.000000 0.902781 0.822857 0.882208 0.914645 0.817008 0.884069 0.733435 0.707507 0.729518 0.743548 0.755100 0.707925 0.836864 0.793217 0.719194 0.738458 0.794875 0.768284 0.795163 0.817743 0.834292 0.806326 0.747618 0.760554 0.871499 0.868940 0.799349 0.830259 0.834958 0.844904 0.720065 0.699009 0.848458 0.675339 0.796761 0.552504 0.986352 0.816903 0.870965 0.971405 0.799146 0.825895 0.744810 0.847549 0.786548 0.830162 0.800444 0.730541 0.899121 0.859258 0.999192 0.892861 0.928916 0.864306 0.870275 0.862324 0.908451 0.847835 0.865821 0.974789 0.826585 0.738837 0.862782 0.848306 0.917761 0.782604 0.797364 0.873849 0.896459 0.992558 0.851219 0.979612 0.859346 0.923577 0.790537 0.844426 0.775207 0.912020 0.847733 0.971379
0.692643 0.723516 0.687538 0.687933 0.940843 0.961344 0.805672 0.776628 0.909325 0.975329 0.866507 0.771210 0.722460 0.702670 0.655263 0.809393 0.805555 0.768279 0.762544 0.841241 0.772642 0.936595 0.700549 0.769423 0.602037 0.658828 0.918102 0.982823 0.748502 0.791379 0.598487 0.748456 0.748703 0.706923 0.702044 0.902781 0.000000 0.874309 0.741653 0.871717 0.934139 0.836921 0.799716 0.794888 0.733900 0.795756 0.723892 0.772535 0.794926 0.800542 0.796731 0.805069 0.850046 0.972374 0.788548 0.858531 0.815670 0.733431 0.698635 0.713704 0.623199 0.647426 0.786217 0.712165 0.562945 0.641312 0.776022 0.683572 0.823374 0.763513 0.996412 0.887108 0.732058 0.748691 0.801064 0.997971 0.799994 0.820269 0.748551 0.957984 0.782903 0.816753 0.822442 0.763594 0.566964 0.602972 0.934441 0.922244 0.722403 0.673607 0.997675 0.875121 0.907350 0.950689 0.761537 0.786898 0.878965 0.849105 0.784060 0.829577 0.927225 0.904674 0.811919 0.817250 0.626851 0.833123 0.910042 0.854865 0.827277 0.763392 0.895978 0.653541 0.947433 0.994664 0.875913 0.958352
0.751770 0.730918 0.946074 0.949219 0.860999 0.760113 0.976984 0.945042 0.994100 0.933571 0.834864 0.762285 0.864461 0.771835 0.856474 0.868099 0.765358 0.841099 0.951610 0.842230 0.924989 0.894451 0.965511 0.926146 0.965629 0.986924 0.954107 0.993425 0.817707 0.825261 0.830940 0.884409 0.939455 0.843641 0.916012 0.822857 0.874309 0.000000 0.950689 0.968334 0.747545 0.998570 0.928078 0.927696 0.949757 0.924117 0.972866 0.932307 0.922499 0.862118 0.802916 0.896453 0.976512 0.969011 0.970233 0.961600 0.684973 0.689011 0.856746 0.817880 0.876908 0.836248 0.776654 0.681432 0.864065 0.897399 0.949183 0.841288 0.927919 0.877502 0.981185 0.986101 0.822048 0.844103 0.973512 0.852821 0.938505 0.665980 0.955141 0.986392 0.957968 0.939146 0.828338 0.935967 0.967594 0.967453 0.804309 0.977725 0.959273 0.980751 0.889485 0.942168 0.961798 0.923334 0.981243 0.987378 0.824618 0.875372 0.901240 0.984962 0.920619 0.971414 0.844914 0.971856 0.955759 0.956608 0.916308 0.947107 0.917745 0.734866 0.924179 0.935591 0.920757 0.945989 0.871088 0.887035
