0.000000 0.374651 0.594708 0.608621 0.925271 0.815381 0.662508 0.703790 0.693001 0.680615 0.489687 0.539199 0.931665 0.894731 0.948451 0.888765 0.466361 0.420278 0.874513 0.759412 0.981916 0.993939 0.794397 0.816439 0.661064 0.660490 0.919997 0.846046 0.585992 0.592431 0.875591 0.910235 0.814525 0.664083 0.994734 0.969817 0.970900 0.818105 0.911744 0.885981 0.660209 0.628288 0.994592 0.800703 0.827349 0.647723 0.616498 0.687301 0.626866 0.668792 0.637098 0.678104 0.879884 0.870112 0.709694 0.773641 0.353854 0.385103 0.425220 0.455046 0.595636 0.778962 0.436318 0.397579 0.692894 0.749820 0.886939 0.799746 0.522108 0.521013 0.650555 0.743970 0.920373 0.897739 0.823938 0.957837 0.829482 0.808805 0.594729 0.705397 0.335016 0.422641 0.726658 0.490470 0.815258 0.946310 0.947393 0.826704 0.939763 0.802592 0.545197 0.525721 0.514733 0.468886 0.851774 0.795961 0.924986 0.935366 0.930706 0.831017 0.865078 0.765957 0.934931 0.766963 0.961695 0.958989 0.993563 0.988110 0.885288 0.935115 0.814446 0.957240 0.929789 0.791745 0.811547 0.858778
0.374651 0.000000 0.612336 0.665496 0.902553 0.849001 0.715556 0.747712 0.612762 0.572200 0.624601 0.569315 0.987461 0.894241 0.940445 0.894915 0.506418 0.467470 0.922463 0.860627 0.995144 0.988265 0.831408 0.814483 0.741281 0.699908 0.874290 0.765222 0.603034 0.634704 0.832447 0.918383 0.789958 0.747385 0.970118 0.956560 0.997194 0.995557 0.962419 0.860427 0.657307 0.632171 0.964549 0.778811 0.810325 0.637926 0.575429 0.646128 0.653716 0.640069 0.630746 0.641460 0.835067 0.884175 0.667591 0.808814 0.360117 0.343738 0.390154 0.405915 0.646798 0.860122 0.448465 0.416883 0.718799 0.764835 0.969319 0.746235 0.520457 0.516811 0.674503 0.758006 0.808065 0.868114 0.829983 0.948307 0.851982 0.914057 0.651130 0.642945 0.383909 0.440148 0.693229 0.484950 0.771350 0.884024 0.868280 0.795197 0.965629 0.800127 0.616501 0.571492 0.605694 0.499599 0.820063 0.751690 0.925136 0.817237 0.906033 0.862528 0.937723 0.785953 0.929856 0.827339 0.953590 0.959235 0.993717 0.962650 0.958830 0.873374 0.780688 0.905675 0.934282 0.815745 0.798183 0.769689
0.594708 0.612336 0.000000 0.395208 0.951352 0.800475 0.412162 0.480049 0.535995 0.721039 0.701414 0.841851 0.675998 0.836291 0.856494 0.620652 0.508818 0.490464 0.851599 0.914460 0.990018 0.900042 0.589055 0.551105 0.399580 0.500363 0.941215 0.936093 0.644549 0.641186 0.602319 0.677346 0.811967 0.967395 0.850662 0.838094 0.844935 0.835168 0.669245 0.849276 0.723481 0.890134 0.642872 0.815115 0.886980 0.914221 0.909915 0.997249 0.814832 0.915778 0.960100 0.974888 0.807784 0.711381 0.886060 0.925493 0.615393 0.430436 0.504555 0.532556 0.810865 0.946485 0.444269 0.464271 0.468601 0.510928 0.580794 0.952903 0.687326 0.649837 0.561973 0.637405 0.958831 0.987275 0.955896 0.848124 0.655745 0.625512 0.845417 0.843237 0.517077 0.623550 0.842663 0.686175 0.939175 0.762911 0.997288 0.880187 0.772592 0.950554 0.529753 0.502919 0.477253 0.468245 0.969017 0.695513 0.869527 0.765375 0.693057 0.600142 0.833334 0.644804 0.935329 0.731035 0.745399 0.927522 0.779621 0.894507 0.913404 0.994394 0.821268 0.951361 0.863552 0.868863 0.930195 0.837084
0.608621 0.665496 0.395208 0.000000 0.852442 0.932803 0.464269 0.392182 0.651328 0.784202 0.658023 0.678512 0.901195 0.958909 0.977379 0.777123 0.498174 0.518809 0.931638 0.953195 0.944758 0.989096 0.670800 0.611315 0.428445 0.481236 0.874956 0.994636 0.525719 0.602058 0.664821 0.686906 0.995494 0.870536 0.995767 0.864878 0.804884 0.903575 0.672116 0.857169 0.710009 0.867841 0.710736 0.798118 0.994838 0.903029 0.823972 0.994610 0.859578 0.997700 0.916324 0.985282 0.785308 0.756696 0.910206 0.982604 0.697622 0.503879 0.522823 0.567003 0.579142 0.803918 0.480024 0.466600 0.579833 0.733029 0.689291 0.953801 0.804369 0.774876 0.678219 0.699109 0.879632 0.859017 0.894756 0.931870 0.668301 0.734749 0.800748 0.831752 0.584183 0.669433 0.779337 0.736489 0.994093 0.814888 0.947083 0.918125 0.856739 0.897353 0.610958 0.538607 0.556991 0.504853 0.999511 0.727443 0.951256 0.811049 0.918337 0.750676 0.868784 0.661098 0.923770 0.740968 0.780169 0.915972 0.769743 0.881220 0.887833 0.969124 0.938346 0.817066 0.878322 0.887640 0.994523 0.829867
0.925271 0.902553 0.951352 0.852442 0.000000 0.801276 0.866004 0.884946 0.842754 0.913308 0.975762 0.850867 0.718303 0.834424 0.795284 0.742089 0.981043 0.983705 0.838414 0.960097 0.846706 0.956510 0.764148 0.792340 0.978552 0.868092 0.924635 0.960364 0.969428 0.979698 0.946858 0.906751 0.890266 0.981835 0.855910 0.906033 0.891116 0.886756 0.870392 0.842390 0.977335 0.925425 0.905787 0.765137 0.996529 0.797951 0.916307 0.853235 0.799096 0.743589 0.863507 0.915743 0.896449 0.983977 0.940507 0.977206 0.814075 0.906545 0.926187 0.870394 0.786163 0.844474 0.986696 0.999803 0.799106 0.701828 0.843453 0.931856 0.770060 0.704364 0.875924 0.952274 0.972819 0.920451 0.922828 0.961661 0.909985 0.995973 0.919727 0.962653 0.838952 0.937311 0.907804 0.891403 0.776500 0.866970 0.823740 0.855288 0.931118 0.962135 0.755546 0.827130 0.833813 0.809737 0.962969 0.997114 0.927692 0.860045 0.835743 0.725831 0.935949 0.928600 0.861279 0.868279 0.944355 0.945479 0.971116 0.858058 0.980520 0.796773 0.870864 0.925239 0.976496 0.961616 0.893160 0.880123
0.815381 0.849001 0.800475 0.932803 0.801276 0.000000 0.760486 0.805387 0.865338 0.714579 0.846879 0.970423 0.735782 0.995827 0.950470 0.730572 0.908398 0.809047 0.909493 0.911544 0.889443 0.906258 0.892152 0.944813 0.808995 0.767520 0.802705 0.931567 0.864023 0.828671 0.937258 0.966320 0.851082 0.958867 0.865790 0.947767 0.927253 0.927099 0.829791 0.979685 0.968962 0.981578 0.934598 0.700659 0.772131 0.606208 0.840914 0.610093 0.627750 0.602163 0.747833 0.801807 0.793306 0.845535 0.700366 0.880182 0.640473 0.800800 0.895666 0.829421 0.857442 0.760941 0.787087 0.817007 0.816949 0.535683 0.773322 0.774376 0.714145 0.626038 0.679966 0.770129 0.856047 0.866063 0.962020 0.964356 0.827079 0.847065 0.858875 0.821371 0.718075 0.761309 0.835706 0.733614 0.990159 0.981095 0.930785 0.902776 0.937451 0.757331 0.552208 0.631849 0.594021 0.703358 0.902317 0.880889 0.773883 0.990454 0.782208 0.684878 0.741148 0.901407 0.954804 0.780726 0.763801 0.891682 0.923657 0.946554 0.953987 0.960514 0.993129 0.805826 0.723116 0.942394 0.935989 0.767224
0.662508 0.715556 0.412162 0.464269 0.866004 0.760486 0.000000 0.449190 0.589166 0.688724 0.793524 0.862268 0.589455 0.884036 0.811754 0.570036 0.696869 0.665488 0.703120 0.929029 0.926425 0.885762 0.569209 0.579779 0.471516 0.682886 0.976208 0.914633 0.743862 0.774270 0.653378 0.592999 0.739917 0.875810 0.924600 0.898194 0.991499 0.907067 0.768385 0.936490 0.779969 0.862388 0.807737 0.949854 0.994219 0.830185 0.875336 0.911615 0.723968 0.816332 0.894772 0.946686 0.925602 0.906319 0.921996 0.937195 0.683983 0.541854 0.545186 0.546477 0.949498 0.976570 0.649316 0.627453 0.506689 0.580699 0.592742 0.991923 0.641380 0.631735 0.676511 0.665731 0.956919 0.959108 0.817712 0.870651 0.749187 0.681018 0.842338 0.952080 0.668756 0.767114 0.891623 0.794931 0.824984 0.725998 0.964118 0.986158 0.780666 0.988008 0.492831 0.501748 0.443532 0.500310 0.944025 0.746773 0.891227 0.978689 0.805697 0.690219 0.829486 0.579308 0.791202 0.663971 0.783478 0.877828 0.848942 0.896155 0.812568 0.936812 0.908881 0.930769 0.838342 0.905861 0.939299 0.924070
0.703790 0.747712 0.480049 0.392182 0.884946 0.805387 0.449190 0.000000 0.712305 0.552185 0.766435 0.907295 0.945037 0.919294 0.778476 0.886034 0.700514 0.609716 0.838056 0.900202 0.912407 0.942197 0.932315 0.858539 0.621398 0.653987 0.835193 0.889327 0.638242 0.728566 0.823227 0.662120 0.975208 0.981317 0.846895 0.987119 0.974547 0.969637 0.757447 0.905148 0.809729 0.950254 0.911203 0.990767 0.736198 0.704892 0.803288 0.827672 0.653545 0.819185 0.792204 0.841792 0.963522 0.993834 0.880302 0.931926 0.707609 0.574297 0.655793 0.736692 0.788829 0.936252 0.593377 0.594232 0.816491 0.667488 0.830683 0.982365 0.773955 0.711366 0.639850 0.523856 0.949423 0.980176 0.818067 0.993488 0.765612 0.831289 0.816594 0.868391 0.673035 0.700254 0.583017 0.636867 0.807215 0.923102 0.797423 0.778329 0.992249 0.887436 0.543698 0.546863 0.524905 0.562517 0.997683 0.854596 0.718729 0.813318 0.898936 0.800942 0.736227 0.718757 0.953230 0.685070 0.881729 0.895254 0.773333 0.843447 0.915428 0.979277 0.877012 0.886725 0.930294 0.945917 0.986087 0.999921
0.693001 0.612762 0.535995 0.651328 0.842754 0.865338 0.589166 0.712305 0.000000 0.587564 0.732625 0.918064 0.699189 0.878208 0.855023 0.547034 0.662314 0.530453 0.741001 0.955481 0.987556 0.997949 0.633299 0.677442 0.688049 0.618192 0.895045 0.830742 0.715051 0.735829 0.561162 0.745196 0.948884 0.905359 0.784592 0.785217 0.898101 0.832353 0.861566 0.976127 0.684171 0.805937 0.676042 0.843946 0.774037 0.975027 0.946878 0.864710 0.998615 0.959079 0.887383 0.865104 0.759546 0.541260 0.856501 0.805129 0.611229 0.479626 0.622746 0.558363 0.821876 0.942287 0.560757 0.553049 0.590532 0.730095 0.679096 0.879646 0.709615 0.725817 0.548834 0.671990 0.889653 0.992467 0.819980 0.816011 0.624773 0.717744 0.888626 0.878312 0.618216 0.634532 0.902510 0.663771 0.924325 0.906338 0.953372 0.872709 0.842866 0.939570 0.546143 0.493874 0.587546 0.521896 0.937474 0.734433 0.907305 0.836293 0.633228 0.594769 0.940035 0.548619 0.898855 0.940362 0.946471 0.903630 0.826212 0.777846 0.865323 0.836546 0.923653 0.790660 0.751387 0.935325 0.919587 0.700014
0.680615 0.572200 0.721039 0.784202 0.913308 0.714579 0.688724 0.552185 0.587564 0.000000 0.835816 0.968251 0.986830 0.894456 0.730210 0.923073 0.860425 0.638927 0.821441 0.998192 0.870764 0.858393 0.920994 0.939366 0.957663 0.864736 0.853052 0.658618 0.794128 0.891315 0.900028 0.858077 0.871181 0.953741 0.923892 0.980165 0.903087 0.958522 0.940113 0.921103 0.841987 0.855706 0.860325 0.727498 0.681821 0.589394 0.649546 0.571311 0.638183 0.644539 0.696049 0.674964 0.792508 0.992201 0.697345 0.869647 0.497330 0.524155 0.665793 0.726290 0.900466 0.833721 0.662199 0.640839 0.974121 0.776098 0.992577 0.866214 0.675096 0.609841 0.542629 0.554671 0.846393 0.868832 0.910302 0.915568 0.782343 0.878673 0.770852 0.788491 0.613404 0.595263 0.578369 0.499378 0.601807 0.619885 0.805607 0.713025 0.951004 0.709993 0.528315 0.526904 0.579207 0.569655 0.993408 0.797701 0.694537 0.799026 0.819148 0.835247 0.783861 0.801280 0.809237 0.798682 0.941276 0.928568 0.939526 0.802775 0.907273 0.953556 0.828249 0.977422 0.886986 0.939554 0.840941 0.903441
0.489687 0.624601 0.701414 0.658023 0.975762 0.846879 0.793524 0.766435 0.732625 0.835816 0.000000 0.575120 0.884780 0.896539 0.957794 0.881393 0.477103 0.399334 0.822147 0.798747 0.947898 0.939797 0.779740 0.890163 0.642535 0.596647 0.921835 0.988807 0.515421 0.450335 0.949541 0.911150 0.749981 0.654978 0.895543 0.949919 0.913253 0.843689 0.908507 0.983664 0.769098 0.752967 0.719981 0.971081 0.998457 0.901664 0.881371 0.901658 0.894223 0.939993 0.869178 0.965210 0.964838 0.752622 0.832554 0.824256 0.548066 0.521644 0.609286 0.582711 0.546733 0.731972 0.445827 0.405195 0.705237 0.799274 0.982406 0.897528 0.620623 0.672068 0.669308 0.743773 0.946775 0.993412 0.943573 0.938824 0.697975 0.769079 0.723158 0.770112 0.476428 0.444095 0.780719 0.529595 0.923393 0.982620 0.966792 0.768472 0.905119 0.843125 0.561317 0.512487 0.533978 0.513839 0.856377 0.888487 0.981528 0.946090 0.774452 0.706777 0.873528 0.833210 0.968964 0.821529 0.894432 0.958037 0.854030 0.837165 0.779055 0.863749 0.784516 0.902527 0.813282 0.897522 0.898998 0.932909
0.539199 0.569315 0.841851 0.678512 0.850867 0.970423 0.862268 0.907295 0.918064 0.968251 0.575120 0.000000 0.799423 0.712356 0.959864 0.898285 0.565628 0.604115 0.850148 0.781682 0.820960 0.969832 0.859259 0.917442 0.747976 0.727038 0.763853 0.927453 0.565588 0.653587 0.883716 0.968112 0.703408 0.671955 0.904628 0.949573 0.944261 0.925886 0.958780 0.994760 0.811373 0.738510 0.892265 0.994954 0.962260 0.900743 0.748221 0.964615 0.916405 0.906891 0.798421 0.861405 0.988892 0.910028 0.871745 0.796132 0.646943 0.644497 0.562682 0.612751 0.493409 0.489110 0.612540 0.548267 0.765401 0.936262 0.974150 0.793381 0.767360 0.788923 0.908547 0.976191 0.767756 0.696422 0.810771 0.961347 0.841378 0.880950 0.740007 0.850238 0.653372 0.607927 0.871289 0.683817 0.941349 0.968759 0.972371 0.940470 0.991653 0.908469 0.811955 0.731161 0.745288 0.652015 0.911275 0.866826 0.766473 0.852317 0.988165 0.984303 0.930285 0.943695 0.797460 0.895956 0.999429 0.928287 0.989121 0.965435 0.892370 0.928796 0.789442 0.890721 0.777476 0.850231 0.863243 0.922812
0.931665 0.987461 0.675998 0.901195 0.718303 0.735782 0.589455 0.945037 0.699189 0.986830 0.884780 0.799423 0.000000 0.546429 0.431427 0.362311 0.947375 0.999109 0.567266 0.680307 0.992251 0.888813 0.482317 0.551536 0.651699 0.858630 0.982738 0.971928 0.935047 0.967638 0.698753 0.766590 0.494860 0.661302 0.688905 0.781762 0.989728 0.814956 0.872622 0.868484 0.938487 0.906337 0.717384 0.782462 0.654397 0.856289 0.783485 0.996548 0.941188 0.967960 0.780612 0.759349 0.752446 0.807483 0.944500 0.733413 0.997099 0.870340 0.869090 0.743334 0.682981 0.777877 0.924623 0.959750 0.512476 0.625127 0.607298 0.862627 0.852022 0.872675 0.809481 0.917145 0.938601 0.917924 0.934432 0.856759 0.779318 0.748603 0.940548 0.987211 0.918533 0.976432 0.811378 0.895588 0.591936 0.615752 0.776370 0.817077 0.750392 0.832085 0.739950 0.799359 0.737531 0.829438 0.924942 0.836855 0.919427 0.972893 0.682261 0.599871 0.854348 0.693186 0.919035 0.951668 0.696439 0.790417 0.958222 0.990431 0.907606 0.949200 0.922390 0.826171 0.840449 0.991794 0.708605 0.888823
0.894731 0.894241 0.836291 0.958909 0.834424 0.995827 0.884036 0.919294 0.878208 0.894456 0.896539 0.712356 0.546429 0.000000 0.543248 0.562108 0.890420 0.987036 0.799425 0.722268 0.927439 0.770473 0.567023 0.542571 0.751388 0.951091 0.862354 0.998572 0.862185 0.977781 0.857190 0.870453 0.596898 0.802949 0.601866 0.736217 0.942073 0.805128 0.982086 0.977256 0.944045 0.892711 0.795806 0.801848 0.696824 0.770298 0.887501 0.819928 0.810877 0.749229 0.794406 0.645359 0.751069 0.719674 0.976572 0.900193 0.911196 0.995146 0.931398 0.990457 0.844119 0.765069 0.975161 0.996072 0.656412 0.760167 0.759190 0.847000 0.934656 0.922972 0.982112 0.874922 0.914483 0.948853 0.838576 0.780987 0.864663 0.818070 0.933305 0.966511 0.927449 0.966415 0.724910 0.798946 0.657054 0.674850 0.806415 0.784481 0.827221 0.647688 0.991005 0.987541 0.992828 0.993108 0.953810 0.903714 0.994110 0.861490 0.933627 0.749190 0.919350 0.941039 0.920090 0.974363 0.662135 0.743778 0.909656 0.953863 0.980542 0.893759 0.866896 0.962410 0.956800 0.952026 0.800290 0.885985
0.948451 0.940445 0.856494 0.977379 0.795284 0.950470 0.811754 0.778476 0.855023 0.730210 0.957794 0.959864 0.431427 0.543248 0.000000 0.466930 0.899799 0.934752 0.744367 0.846732 0.996118 0.902600 0.395793 0.522389 0.695397 0.874987 0.692463 0.873977 0.835361 0.966889 0.773901 0.853889 0.576275 0.808251 0.588649 0.801424 0.967465 0.888610 0.853604 0.984892 0.962994 0.995228 0.734805 0.787511 0.550704 0.722068 0.798520 0.862930 0.778636 0.782057 0.728846 0.637857 0.671970 0.711159 0.867793 0.778953 0.934422 0.986426 0.931601 0.803178 0.811952 0.960665 0.957401 0.953899 0.478522 0.827187 0.625349 0.990411 0.871437 0.994900 0.902746 0.786053 0.835766 0.854708 0.871386 0.982604 0.948012 0.806485 0.942459 0.973383 0.964712 0.888690 0.574269 0.767871 0.433634 0.468018 0.651562 0.666375 0.747755 0.708057 0.967606 0.992961 0.935710 0.971186 0.912793 0.883710 0.848459 0.785693 0.906950 0.738605 0.956190 0.852630 0.806826 0.967377 0.738212 0.837003 0.866888 0.906622 0.995841 0.966853 0.959447 0.880349 0.905953 0.966291 0.725882 0.945611
0.888765 0.894915 0.620652 0.777123 0.742089 0.730572 0.570036 0.886034 0.547034 0.923073 0.881393 0.898285 0.362311 0.562108 0.466930 0.000000 0.740828 0.787977 0.689734 0.794949 0.981258 0.900755 0.406501 0.478403 0.559878 0.700675 0.898352 0.985425 0.912484 0.852329 0.585157 0.671209 0.572425 0.822629 0.671342 0.749455 0.959708 0.761783 0.831198 0.897547 0.895150 0.958569 0.610210 0.746766 0.605488 0.832406 0.850275 0.976731 0.890423 0.887092 0.733257 0.695472 0.638989 0.598479 0.973395 0.692098 0.846372 0.706116 0.770331 0.619253 0.892366 0.895325 0.750392 0.769011 0.427797 0.636006 0.570774 0.944431 0.760562 0.827298 0.728256 0.844266 0.920356 0.963199 0.833908 0.806819 0.687579 0.699473 0.947001 0.869580 0.757213 0.878897 0.805730 0.987530 0.600743 0.614553 0.843796 0.862888 0.849280 0.794972 0.631880 0.642610 0.636319 0.655222 0.945847 0.765520 0.939469 0.880539 0.692623 0.538219 0.849052 0.605520 0.955944 0.890446 0.681933 0.818278 0.988188 0.888709 0.930209 0.959118 0.908661 0.798760 0.754907 0.978129 0.692633 0.741241
0.466361 0.506418 0.508818 0.498174 0.981043 0.908398 0.696869 0.700514 0.662314 0.860425 0.477103 0.565628 0.947375 0.890420 0.899799 0.740828 0.000000 0.342189 0.871314 0.884213 0.904487 0.997461 0.620727 0.635932 0.464679 0.466969 0.796542 0.941766 0.521412 0.390033 0.731436 0.830941 0.948049 0.706572 0.887624 0.919644 0.888283 0.964835 0.835160 0.917726 0.709364 0.796441 0.632669 0.898432 0.900293 0.939399 0.841643 0.973857 0.938596 0.982792 0.926209 0.951435 0.781720 0.623325 0.827770 0.885887 0.525811 0.404335 0.486495 0.526877 0.528249 0.820672 0.327875 0.338312 0.511516 0.715375 0.774435 0.885294 0.603055 0.641408 0.648670 0.795362 0.906737 0.907329 0.916282 0.900358 0.731278 0.726844 0.680331 0.685473 0.384305 0.424496 0.818260 0.581309 0.996935 0.881060 0.975840 0.778353 0.979681 0.988634 0.591187 0.510035 0.505452 0.447675 0.827005 0.720179 0.941246 0.924677 0.788857 0.685412 0.822061 0.758923 0.940560 0.748782 0.807555 0.977850 0.829131 0.896333 0.904249 0.901465 0.910172 0.944610 0.815862 0.964252 0.998597 0.811072
0.420278 0.467470 0.490464 0.518809 0.983705 0.809047 0.665488 0.609716 0.530453 0.638927 0.399334 0.604115 0.999109 0.987036 0.934752 0.787977 0.342189 0.000000 0.909807 0.874626 0.864255 0.987184 0.756832 0.784048 0.568557 0.484170 0.934627 0.862798 0.484745 0.396424 0.795854 0.805911 0.864879 0.722248 0.916099 0.947320 0.951110 0.975100 0.845211 0.966927 0.656715 0.745354 0.664286 0.945292 0.994512 0.848641 0.742640 0.835185 0.850527 0.908436 0.869474 0.950613 0.909243 0.643870 0.695082 0.888898 0.404879 0.334451 0.479912 0.503385 0.510064 0.913420 0.264344 0.264358 0.621695 0.679082 0.864813 0.854168 0.568725 0.633669 0.483625 0.586596 0.951397 0.978514 0.917208 0.866948 0.638128 0.745691 0.665795 0.677695 0.328276 0.310814 0.647298 0.423951 0.830305 0.909407 0.884990 0.681347 0.949087 0.874942 0.469431 0.416769 0.438029 0.424706 0.850526 0.776350 0.949623 0.825614 0.683990 0.640936 0.782490 0.753893 0.933953 0.807308 0.875257 0.951417 0.725405 0.829205 0.817785 0.907601 0.822638 0.971717 0.743921 0.933659 0.923116 0.796865
0.874513 0.922463 0.851599 0.931638 0.838414 0.909493 0.703120 0.838056 0.741001 0.821441 0.822147 0.850148 0.567266 0.799425 0.744367 0.689734 0.871314 0.909807 0.000000 0.668149 0.893584 0.723935 0.765985 0.797088 0.980668 0.967533 0.947481 0.921874 0.837924 0.753353 0.820014 0.832774 0.810058 0.560223 0.916475 0.749088 0.879725 0.901626 0.969249 0.960910 0.918475 0.832748 0.939855 0.958123 0.889433 0.952373 0.980008 0.967927 0.997175 0.964592 0.963181 0.881552 0.894768 0.964930 0.911339 0.859809 0.961258 0.955312 0.948241 0.942108 0.764821 0.908164 0.891817 0.948174 0.840745 0.903674 0.760410 0.982106 0.993910 0.866815 0.825985 0.954341 0.984936 0.946139 0.823577 0.998285 0.879077 0.847438 0.961575 0.997385 0.928101 0.934234 0.909188 0.935041 0.803523 0.852483 0.977612 0.815273 0.779253 0.897652 0.796717 0.808397 0.792390 0.854091 0.855743 0.961123 0.884682 0.983846 0.886687 0.838606 0.984446 0.755605 0.902936 0.966151 0.961352 0.836229 0.998002 0.756894 0.940345 0.894423 0.915887 0.847456 0.908292 0.979026 0.780434 0.912874
0.759412 0.860627 0.914460 0.953195 0.960097 0.911544 0.929029 0.900202 0.955481 0.998192 0.798747 0.781682 0.680307 0.722268 0.846732 0.794949 0.884213 0.874626 0.668149 0.000000 0.870729 0.914325 0.869312 0.801343 0.943323 0.951770 0.970548 0.931255 0.864603 0.793796 0.977372 0.877324 0.816583 0.817423 0.992209 0.903178 0.936472 0.766396 0.885004 0.944720 0.859300 0.829361 0.960749 0.823596 0.927666 0.868036 0.952090 0.961107 0.906295 0.826997 0.882269 0.867119 0.923896 0.954170 0.970404 0.764713 0.810338 0.952280 0.980720 0.950692 0.894630 0.904950 0.929272 0.933992 0.945501 0.975218 0.947606 0.856431 0.926145 0.921205 0.996365 0.971700 0.912347 0.991199 0.975965 0.999308 0.979905 0.917054 0.894295 0.945322 0.883294 0.872702 0.924600 0.849404 0.922548 0.947805 0.953040 0.774245 0.951880 0.777299 0.966116 0.964716 0.957819 0.954818 0.993282 0.874444 0.848389 0.926203 0.937665 0.951202 0.978117 0.894299 0.996038 0.896995 0.922798 0.786183 0.902838 0.978566 0.954614 0.975007 0.878894 0.989235 0.980814 0.885296 0.913373 0.891077
0.981916 0.995144 0.990018 0.944758 0.846706 0.889443 0.926425 0.912407 0.987556 0.870764 0.947898 0.820960 0.992251 0.927439 0.996118 0.981258 0.904487 0.864255 0.893584 0.870729 0.000000 0.901547 0.951064 0.983986 0.957977 0.905411 0.985827 0.877243 0.878403 0.828183 0.871350 0.928621 0.990100 0.965328 0.964403 0.975885 0.841111 0.796501 0.874276 0.852905 0.936710 0.934261 0.804018 0.907319 0.860237 0.886608 0.985753 0.951551 0.897807 0.965013 0.926320 0.963822 0.927384 0.958438 0.880972 0.944874 0.977056 0.981648 0.933109 0.903606 0.816948 0.834680 0.858386 0.858939 0.976074 0.894957 0.972252 0.963720 0.951916 0.867882 0.904974 0.961413 0.835442 0.985924 0.939596 0.871567 0.960476 0.994058 0.938846 0.937035 0.948131 0.868202 0.916510 0.947755 0.953770 0.973493 0.976059 0.897835 0.960186 0.971379 0.971894 0.955383 0.925022 0.981809 0.916788 0.919004 0.949517 0.983664 0.975156 0.948854 0.968794 0.910348 0.983723 0.776622 0.938376 0.845239 0.962810 0.957480 0.951988 0.881517 0.961947 0.969022 0.891657 0.929202 0.962308 0.833610
0.993939 0.988265 0.900042 0.989096 0.956510 0.906258 0.885762 0.942197 0.997949 0.858393 0.939797 0.969832 0.888813 0.770473 0.902600 0.900755 0.997461 0.987184 0.723935 0.914325 0.901547 0.000000 0.950185 0.883633 0.990755 0.923123 0.975043 0.892628 0.886411 0.881613 0.947098 0.942715 0.938322 0.966829 0.946865 0.932222 0.749493 0.972305 0.998781 0.917563 0.952462 0.917368 0.851005 0.879767 0.870156 0.913499 0.832179 0.941978 0.936901 0.979750 0.875583 0.951098 0.809385 0.912584 0.827952 0.923635 0.967100 0.988102 0.994982 0.995972 0.988558 0.959467 0.935685 0.984723 0.987839 0.950047 0.998743 0.869678 0.958250 0.905661 0.952730 0.933596 0.951063 0.978842 0.909722 0.877053 0.971522 0.996293 0.931826 0.903450 0.989312 0.906859 0.934770 0.995136 0.974915 0.930057 0.994333 0.987668 0.968284 0.981983 0.938079 0.979740 0.940610 0.977423 0.871766 0.899344 0.880879 0.914492 0.868511 0.889019 0.960536 0.905471 0.913431 0.911544 0.952717 0.776929 0.919061 0.980762 0.907709 0.918151 0.956435 0.959997 0.972989 0.968068 0.991219 0.906733
0.794397 0.831408 0.589055 0.670800 0.764148 0.892152 0.569209 0.932315 0.633299 0.920994 0.779740 0.859259 0.482317 0.567023 0.395793 0.406501 0.620727 0.756832 0.765985 0.869312 0.951064 0.950185 0.000000 0.332291 0.449038 0.665432 0.627624 0.861513 0.832148 0.751571 0.657844 0.779556 0.658109 0.962017 0.561723 0.709297 0.897787 0.829868 0.829435 0.987635 0.879312 0.864966 0.623558 0.744814 0.599351 0.829331 0.937951 0.899860 0.886857 0.815808 0.817076 0.640717 0.584932 0.566360 0.981101 0.786470 0.842226 0.724204 0.723955 0.625876 0.932529 0.875469 0.748417 0.733087 0.283171 0.661004 0.532186 0.985662 0.723953 0.837492 0.897845 0.941927 0.840605 0.818499 0.852115 0.904850 0.741988 0.647614 0.909145 0.882039 0.741822 0.859867 0.676115 0.976705 0.429258 0.408018 0.736778 0.748316 0.761041 0.666256 0.701391 0.680827 0.670640 0.655562 0.999167 0.699963 0.891229 0.886880 0.829134 0.590867 0.913123 0.656226 0.775665 0.780708 0.642050 0.831401 0.996394 0.971553 0.892602 0.968727 0.976097 0.909693 0.776634 0.913434 0.776743 0.835963
0.816439 0.814483 0.551105 0.611315 0.792340 0.944813 0.579779 0.858539 0.677442 0.939366 0.890163 0.917442 0.551536 0.542571 0.522389 0.478403 0.635932 0.784048 0.797088 0.801343 0.983986 0.883633 0.332291 0.000000 0.454708 0.701849 0.627734 0.921239 0.865199 0.800330 0.689894 0.796124 0.755133 0.966438 0.694849 0.772037 0.967395 0.736740 0.824439 0.970126 0.876345 0.916542 0.741504 0.817191 0.724941 0.932692 0.963847 0.896998 0.974895 0.868941 0.877419 0.749400 0.654514 0.645047 0.958757 0.820335 0.876116 0.742859 0.719729 0.671297 0.913059 0.913902 0.764725 0.751999 0.366284 0.685046 0.544797 0.932515 0.781963 0.878771 0.901820 0.959537 0.800866 0.795138 0.861529 0.936625 0.826497 0.717360 0.945682 0.890983 0.763107 0.918905 0.724102 0.957596 0.506084 0.425865 0.781605 0.696097 0.681219 0.628045 0.773724 0.770389 0.779177 0.703670 0.977488 0.723033 0.918340 0.976904 0.927794 0.688188 0.973296 0.743469 0.690531 0.770062 0.721845 0.754418 0.960946 0.989549 0.926743 0.987814 0.896764 0.991952 0.905920 0.887850 0.819714 0.862298
0.661064 0.741281 0.399580 0.428445 0.978552 0.808995 0.471516 0.621398 0.688049 0.957663 0.642535 0.747976 0.651699 0.751388 0.695397 0.559878 0.464679 0.568557 0.980668 0.943323 0.957977 0.990755 0.449038 0.454708 0.000000 0.447820 0.781001 0.859513 0.639112 0.523405 0.609760 0.753518 0.753284 0.925243 0.794657 0.876470 0.844791 0.857256 0.756750 0.777272 0.798983 0.839973 0.621782 0.787077 0.832559 0.995829 0.974826 0.987261 0.926683 0.976074 0.982459 0.845170 0.722832 0.737633 0.992026 0.902484 0.728384 0.555772 0.568177 0.535232 0.732782 0.874229 0.499316 0.525846 0.337879 0.574647 0.539920 0.915790 0.726125 0.740381 0.756161 0.832571 0.847804 0.840215 0.977074 0.965673 0.694979 0.615612 0.793890 0.894178 0.597740 0.688768 0.997208 0.855918 0.697973 0.576726 0.798726 0.956228 0.820937 0.793006 0.618620 0.585215 0.538098 0.525088 0.923326 0.746561 0.985110 0.942939 0.825697 0.630933 0.849679 0.719236 0.808524 0.646917 0.629042 0.903996 0.832932 0.976889 0.947132 0.971927 0.964468 0.919228 0.875779 0.992883 0.939004 0.821114
0.660490 0.699908 0.500363 0.481236 0.868092 0.767520 0.682886 0.653987 0.618192 0.864736 0.596647 0.727038 0.858630 0.951091 0.874987 0.700675 0.466969 0.484170 0.967533 0.951770 0.905411 0.923123 0.665432 0.701849 0.447820 0.000000 0.875634 0.857681 0.651250 0.512388 0.686503 0.739663 0.935021 0.835813 0.775309 0.940977 0.762735 0.908026 0.736629 0.719613 0.689603 0.810562 0.613552 0.799001 0.850890 0.984374 0.937469 0.930782 0.987660 0.932899 0.956428 0.859083 0.768514 0.662099 0.980888 0.943834 0.641824 0.542248 0.608544 0.580658 0.646008 0.886567 0.440823 0.477484 0.523069 0.680054 0.621368 0.924595 0.783877 0.750049 0.697187 0.777170 0.954105 0.930097 0.928465 0.978931 0.581800 0.640734 0.808782 0.775039 0.591495 0.599475 0.895992 0.746590 0.936256 0.807226 0.988696 0.884487 0.983519 0.866182 0.658029 0.575662 0.586495 0.536091 0.874727 0.801017 0.906573 0.800968 0.774682 0.655993 0.867897 0.751675 0.957506 0.844119 0.736964 0.938202 0.816454 0.841796 0.979566 0.991355 0.983498 0.957316 0.804639 0.883847 0.949202 0.762507
0.919997 0.874290 0.941215 0.874956 0.924635 0.802705 0.976208 0.835193 0.895045 0.853052 0.921835 0.763853 0.982738 0.862354 0.692463 0.898352 0.796542 0.934627 0.947481 0.970548 0.985827 0.975043 0.627624 0.627734 0.781001 0.875634 0.000000 0.930526 0.954323 0.904618 0.896696 0.998802 0.956696 0.882350 0.871700 0.781740 0.928257 0.871014 0.956524 0.908518 0.957107 0.872097 0.947531 0.945108 0.810434 0.886973 0.921446 0.920730 0.910652 0.877966 0.987525 0.867711 0.722293 0.746920 0.922583 0.980079 0.921059 0.895643 0.842178 0.818020 0.801961 0.748677 0.925409 0.872167 0.673558 0.993284 0.939227 0.788353 0.900138 0.994211 0.857869 0.726754 0.786165 0.650717 0.877529 0.888868 0.999022 0.918064 0.820917 0.888028 0.922286 0.972943 0.741575 0.924383 0.715486 0.684202 0.798142 0.823093 0.904130 0.737949 0.955422 0.991311 0.953304 0.976269 0.945427 0.797722 0.778703 0.955864 0.872459 0.927007 0.816248 0.951872 0.759944 0.867972 0.933879 0.873567 0.858882 0.927930 0.937894 0.990796 0.993422 0.997455 0.931724 0.920912 0.895953 0.900484
0.846046 0.765222 0.936093 0.994636 0.960364 0.931567 0.914633 0.889327 0.830742 0.658618 0.988807 0.927453 0.971928 0.998572 0.873977 0.985425 0.941766 0.862798 0.921874 0.931255 0.877243 0.892628 0.861513 0.921239 0.859513 0.857681 0.930526 0.000000 0.945280 0.936578 0.970534 0.914595 0.812951 0.969697 0.888550 0.894510 0.971093 0.972608 0.948261 0.808108 0.975813 0.838175 0.850622 0.820468 0.817328 0.854864 0.929094 0.805704 0.803012 0.820346 0.848734 0.745127 0.825958 0.994551 0.806885 0.947170 0.819497 0.779711 0.856773 0.945887 0.922783 0.815067 0.927400 0.860487 0.833623 0.971654 0.841793 0.873062 0.933805 0.912783 0.777820 0.773159 0.886501 0.873027 0.859326 0.837263 0.915239 0.939951 0.883244 0.933247 0.844869 0.861307 0.799917 0.785879 0.686452 0.706940 0.853785 0.830850 0.940386 0.796062 0.856671 0.874705 0.925767 0.980721 0.887101 0.942194 0.893008 0.958353 0.939518 0.982575 0.948011 0.995215 0.874550 0.961859 0.843962 0.935864 0.922363 0.928142 0.902078 0.945156 0.859631 0.956091 0.930420 0.989430 0.997359 0.957857
0.585992 0.603034 0.644549 0.525719 0.969428 0.864023 0.743862 0.638242 0.715051 0.794128 0.515421 0.565588 0.935047 0.862185 0.835361 0.912484 0.521412 0.484745 0.837924 0.864603 0.878403 0.886411 0.832148 0.865199 0.639112 0.651250 0.954323 0.945280 0.000000 0.456255 0.851389 0.909923 0.807094 0.664028 0.948333 0.979289 0.763750 0.920876 0.892345 0.833873 0.834034 0.713669 0.710976 0.875718 0.971485 0.869140 0.934798 0.933770 0.852632 0.904236 0.930527 0.997621 0.930684 0.779146 0.780672 0.991742 0.669674 0.597891 0.699915 0.677956 0.611543 0.896957 0.467936 0.483116 0.704731 0.715011 0.889504 0.988713 0.807400 0.835829 0.605200 0.730527 0.934325 0.972090 0.906915 0.902881 0.695902 0.801476 0.791724 0.841389 0.540211 0.588355 0.715665 0.597799 0.945122 0.967454 0.973286 0.811220 0.985635 0.865656 0.609342 0.532513 0.633288 0.616020 0.905279 0.765283 0.943252 0.686313 0.828012 0.723341 0.852595 0.763381 0.971856 0.849354 0.817446 0.942591 0.765421 0.973326 0.817892 0.985031 0.826917 0.988483 0.784002 0.991860 0.974609 0.729765
0.592431 0.634704 0.641186 0.602058 0.979698 0.828671 0.774270 0.728566 0.735829 0.891315 0.450335 0.653587 0.967638 0.977781 0.966889 0.852329 0.390033 0.396424 0.753353 0.793796 0.828183 0.881613 0.751571 0.800330 0.523405 0.512388 0.904618 0.936578 0.456255 0.000000 0.904831 0.976227 0.913654 0.665437 0.926251 0.949107 0.815175 0.974108 0.873480 0.830183 0.799494 0.721925 0.656177 0.929893 0.995831 0.883353 0.881208 0.980661 0.945539 0.949436 0.933034 0.959980 0.865018 0.754918 0.856507 0.935105 0.619739 0.554058 0.659991 0.628458 0.572610 0.932117 0.394304 0.445479 0.585236 0.663779 0.868451 0.993181 0.702408 0.733217 0.706979 0.768239 0.881103 0.935529 0.919015 0.970905 0.746281 0.844709 0.692444 0.739600 0.490781 0.529672 0.791414 0.605069 0.949171 0.910677 0.922391 0.766120 0.938782 0.981911 0.652959 0.550125 0.588632 0.556476 0.862705 0.880297 0.957268 0.864217 0.815180 0.730448 0.771791 0.872421 0.949796 0.746720 0.774274 0.954410 0.742737 0.992592 0.881775 0.868022 0.927104 0.972304 0.801309 0.933876 0.896490 0.773828
0.875591 0.832447 0.602319 0.664821 0.946858 0.937258 0.653378 0.823227 0.561162 0.900028 0.949541 0.883716 0.698753 0.857190 0.773901 0.585157 0.731436 0.795854 0.820014 0.977372 0.871350 0.947098 0.657844 0.689894 0.609760 0.686503 0.896696 0.970534 0.851389 0.904831 0.000000 0.678515 0.692242 0.772538 0.884256 0.719112 0.738233 0.702165 0.741846 0.775191 0.909569 0.953500 0.618198 0.690439 0.639391 0.756234 0.963133 0.922780 0.863368 0.810913 0.723708 0.728775 0.660990 0.652869 0.975663 0.768966 0.863162 0.706542 0.722147 0.697725 0.859980 0.923777 0.737740 0.738146 0.641652 0.903010 0.562959 0.900618 0.877941 0.908526 0.740968 0.926578 0.894923 0.960400 0.847641 0.882404 0.634951 0.733132 0.869401 0.945696 0.858758 0.855920 0.927407 0.928777 0.846682 0.772672 0.976721 0.934315 0.769303 0.813865 0.782849 0.731458 0.734084 0.662259 0.930058 0.758900 0.943199 0.917345 0.762395 0.710256 0.931222 0.650234 0.987348 0.922154 0.816177 0.917417 0.935001 0.903515 0.919344 0.916314 0.964037 0.887014 0.869961 0.911367 0.763897 0.773687
0.910235 0.918383 0.677346 0.686906 0.906751 0.966320 0.592999 0.662120 0.745196 0.858077 0.911150 0.968112 0.766590 0.870453 0.853889 0.671209 0.830941 0.805911 0.832774 0.877324 0.928621 0.942715 0.779556 0.796124 0.753518 0.739663 0.998802 0.914595 0.909923 0.976227 0.678515 0.000000 0.744635 0.867788 0.927639 0.844002 0.978673 0.873201 0.842834 0.915224 0.949749 0.997129 0.704564 0.737032 0.841982 0.866579 0.890063 0.952268 0.951636 0.815710 0.843830 0.824874 0.796301 0.816352 0.935537 0.888192 0.928931 0.773489 0.830519 0.861395 0.940839 0.948917 0.830611 0.793709 0.758472 0.894487 0.810470 0.993562 0.800443 0.977191 0.911849 0.846049 0.954311 0.974581 0.990559 0.868855 0.755913 0.811555 0.913225 0.941085 0.880632 0.858077 0.961721 0.884698 0.970581 0.882222 0.856407 0.993276 0.917896 0.987854 0.807597 0.775773 0.762484 0.807948 0.850476 0.939667 0.925336 0.956592 0.888520 0.735065 0.992645 0.791134 0.903505 0.963918 0.772445 0.810114 0.913502 0.869835 0.941686 0.966936 0.884021 0.949757 0.880298 0.999769 0.718541 0.912735
0.814525 0.789958 0.811967 0.995494 0.890266 0.851082 0.739917 0.975208 0.948884 0.871181 0.749981 0.703408 0.494860 0.596898 0.576275 0.572425 0.948049 0.864879 0.810058 0.816583 0.990100 0.938322 0.658109 0.755133 0.753284 0.935021 0.956696 0.812951 0.807094 0.913654 0.692242 0.744635 0.000000 0.660366 0.734735 0.832244 0.977909 0.734444 0.920496 0.781586 0.886043 0.883670 0.756198 0.758483 0.701480 0.776820 0.761675 0.873049 0.877215 0.862132 0.723900 0.695687 0.785386 0.933879 0.925348 0.703682 0.814270 0.913070 0.895917 0.968512 0.652196 0.706640 0.907813 0.848087 0.673361 0.726189 0.674520 0.734098 0.970527 0.977289 0.921085 0.917440 0.964207 0.938568 0.998037 0.851138 0.969396 0.822020 0.822913 0.873930 0.862019 0.831265 0.771883 0.739603 0.617467 0.685905 0.867569 0.860176 0.883199 0.739312 0.989695 0.950277 0.940038 0.954758 0.953268 0.887919 0.818014 0.905863 0.839113 0.730227 0.727369 0.886064 0.945973 0.900610 0.633433 0.780123 0.955430 0.891917 0.973097 0.926821 0.964078 0.960857 0.983484 0.938898 0.713262 0.993475
0.664083 0.747385 0.967395 0.870536 0.981835 0.958867 0.875810 0.981317 0.905359 0.953741 0.654978 0.671955 0.661302 0.802949 0.808251 0.822629 0.706572 0.722248 0.560223 0.817423 0.965328 0.966829 0.962017 0.966438 0.925243 0.835813 0.882350 0.969697 0.664028 0.665437 0.772538 0.867788 0.660366 0.000000 0.897082 0.828573 0.964104 0.816388 0.938903 0.988594 0.972307 0.801883 0.958434 0.894443 0.806270 0.820765 0.772710 0.892400 0.907903 0.942330 0.809833 0.864109 0.848429 0.956856 0.848140 0.931973 0.772565 0.838664 0.837837 0.816217 0.560382 0.677332 0.740634 0.721845 0.968167 0.973262 0.824947 0.797489 0.838429 0.977354 0.987338 0.975017 0.923793 0.888465 0.782176 0.980216 0.939658 0.909476 0.766365 0.689280 0.703817 0.737944 0.918049 0.809331 0.883745 0.936234 0.977166 0.929601 0.810515 0.952699 0.966460 0.901699 0.939492 0.845177 0.914752 0.971248 0.881542 0.867240 0.861830 0.966917 0.957712 0.842039 0.897294 0.918853 0.975630 0.850622 0.976668 0.896402 0.962364 0.991619 0.989802 0.900450 0.973086 0.799755 0.820486 0.905659
0.994734 0.970118 0.850662 0.995767 0.855910 0.865790 0.924600 0.846895 0.784592 0.923892 0.895543 0.904628 0.688905 0.601866 0.588649 0.671342 0.887624 0.916099 0.916475 0.992209 0.964403 0.946865 0.561723 0.694849 0.794657 0.775309 0.871700 0.888550 0.948333 0.926251 0.884256 0.927639 0.734735 0.897082 0.000000 0.819327 0.837846 0.946315 0.749050 0.905603 0.925074 0.906059 0.717243 0.803311 0.621166 0.736003 0.815278 0.868338 0.734652 0.722370 0.743085 0.628801 0.714483 0.679635 0.916081 0.814783 0.978027 0.981143 0.971233 0.958599 0.882837 0.915711 0.966239 0.982380 0.645222 0.784675 0.692488 0.829660 0.929334 0.994662 0.940257 0.889790 0.967946 0.971649 0.812025 0.811368 0.841421 0.673441 0.993904 0.932357 0.958973 0.930984 0.784863 0.999944 0.622284 0.685985 0.868294 0.889176 0.891923 0.765259 0.948192 0.999656 0.958490 0.988991 0.867817 0.861449 0.897074 0.969154 0.819242 0.694784 0.979515 0.901869 0.964069 0.984199 0.790087 0.959643 0.950011 0.941372 0.901115 0.874382 0.998599 0.830259 0.881454 0.971184 0.823198 0.865026
0.969817 0.956560 0.838094 0.864878 0.906033 0.947767 0.898194 0.987119 0.785217 0.980165 0.949919 0.949573 0.781762 0.736217 0.801424 0.749455 0.919644 0.947320 0.749088 0.903178 0.975885 0.932222 0.709297 0.772037 0.876470 0.940977 0.781740 0.894510 0.979289 0.949107 0.719112 0.844002 0.832244 0.828573 0.819327 0.000000 0.876917 0.980149 0.817309 0.958709 0.986810 0.893540 0.843771 0.889823 0.770631 0.893570 0.949321 0.909521 0.910952 0.875705 0.941285 0.799812 0.750341 0.860173 0.947482 0.946570 0.987976 0.944702 0.980687 0.937401 0.955237 0.949793 0.953427 0.951617 0.782077 0.877393 0.861386 0.818004 0.857161 0.916699 0.934635 0.811311 0.937836 0.941421 0.830409 0.886346 0.903348 0.948329 0.918460 0.978074 0.935064 0.971229 0.794522 0.945157 0.786519 0.791482 0.939828 0.959574 0.907975 0.874111 0.918370 0.886883 0.907321 0.887725 0.946356 0.738884 0.979642 0.984573 0.907877 0.848011 0.926233 0.699876 0.942013 0.904834 0.876488 0.833149 0.953648 0.981053 0.956852 0.990782 0.894597 0.917196 0.939692 0.980726 0.657236 0.985862
0.970900 0.997194 0.844935 0.804884 0.891116 0.927253 0.991499 0.974547 0.898101 0.903087 0.913253 0.944261 0.989728 0.942073 0.967465 0.959708 0.888283 0.951110 0.879725 0.936472 0.841111 0.749493 0.897787 0.967395 0.844791 0.762735 0.928257 0.971093 0.763750 0.815175 0.738233 0.978673 0.977909 0.964104 0.837846 0.876917 0.000000 0.894802 0.796496 0.735241 0.931299 0.933484 0.687563 0.666760 0.759679 0.749520 0.825012 0.794761 0.758100 0.797941 0.768386 0.796164 0.807961 0.831399 0.788097 0.811375 0.921650 0.976301 0.958540 0.925314 0.843436 0.919281 0.903277 0.923847 0.897699 0.984439 0.836132 0.840906 0.924505 0.877859 0.973307 0.928751 0.984103 0.985374 0.967880 0.929455 0.819999 0.888729 0.936878 0.830773 0.984298 0.948391 0.942181 0.992761 0.911678 0.903095 0.945895 0.974539 0.931538 0.818057 0.960489 0.987595 0.986021 0.974657 0.826619 0.910921 0.895114 0.893287 0.912067 0.904344 0.945603 0.993348 0.959881 0.980790 0.951301 0.984551 0.941899 0.929883 0.955657 0.948781 0.956534 0.932446 0.964794 0.945469 0.875127 0.814333
0.818105 0.995557 0.835168 0.903575 0.886756 0.927099 0.907067 0.969637 0.832353 0.958522 0.843689 0.925886 0.814956 0.805128 0.888610 0.761783 0.964835 0.975100 0.901626 0.766396 0.796501 0.972305 0.829868 0.736740 0.857256 0.908026 0.871014 0.972608 0.920876 0.974108 0.702165 0.873201 0.734444 0.816388 0.946315 0.980149 0.894802 0.000000 0.983199 0.709273 0.913696 0.922540 0.790071 0.734139 0.761723 0.736021 0.918853 0.880903 0.786155 0.811048 0.728878 0.734193 0.715936 0.786496 0.921215 0.735770 0.880860 0.969602 0.970486 0.986914 0.984662 0.930110 0.969607 0.980238 0.842138 0.959682 0.834106 0.942008 0.881846 0.786186 0.942097 0.992177 0.927533 0.969374 0.893538 0.798865 0.905911 0.827702 0.932368 0.950004 0.904316 0.889333 0.820824 0.816242 0.845263 0.815952 0.995809 0.897010 0.697058 0.733548 0.934327 0.981373 0.962121 0.981634 0.984538 0.846777 0.952847 0.852871 0.995772 0.942037 0.824197 0.898121 0.955763 0.918673 0.909627 0.915295 0.977184 0.993908 0.908127 0.893251 0.929402 0.943742 0.963758 0.975130 0.993318 0.867722
