0.000000 0.159702 0.293508 0.310988 0.620897 0.627518 0.256655 0.222198 0.396204 0.337529 0.150159 0.147389 0.138757 0.246802 0.227711 0.269064 0.169359 0.156062 0.162031 0.177715 0.500162 0.899830 0.334447 0.534210 0.606702 0.674354 0.992447 0.853365 0.226994 0.205353 0.255966 0.416775 0.157348 0.170965 0.498694 0.625856 0.323071 0.373287 0.716924 0.688301 0.616924 0.521739 0.273679 0.233098 0.241362 0.223091 0.256972 0.284537 0.742764 0.367228 0.474205 0.378427 0.574178 0.607132 0.493364 0.494350 0.182125 0.158228 0.198458 0.217094 0.125242 0.207151 0.124035 0.134295 0.351689 0.305455 0.283686 0.309005 0.257893 0.208449 0.278339 0.239163 0.429874 0.435019 0.616570 0.585815 0.376343 0.321435 0.234287 0.251971 0.156056 0.212636 0.454927 0.351209 0.251239 0.427334 0.979619 0.758654 0.469820 0.501876 0.605475 0.686431 0.615356 0.730013 0.557911 0.521813 0.393527 0.574559 0.244205 0.270321 0.575982 0.636828 0.269111 0.340906 0.301865 0.283280 0.622336 0.681155 0.635517 0.489757 0.659145 0.407531 0.376973 0.542033 0.431496 0.919668
0.159702 0.000000 0.428322 0.384478 0.604544 0.648999 0.362848 0.266917 0.434007 0.392203 0.209578 0.133664 0.152717 0.170767 0.194158 0.212337 0.158756 0.123368 0.178345 0.163467 0.489344 0.892275 0.313930 0.455360 0.526689 0.724840 0.962226 0.881227 0.188929 0.184522 0.297598 0.415878 0.219413 0.224879 0.594076 0.660775 0.343966 0.413700 0.782247 0.715323 0.597586 0.513028 0.281672 0.235478 0.277044 0.269149 0.293404 0.294229 0.764889 0.444993 0.574404 0.475512 0.680902 0.758624 0.625954 0.646663 0.112025 0.106508 0.291627 0.305284 0.206355 0.248928 0.145056 0.128991 0.457698 0.410252 0.419912 0.404616 0.303060 0.289634 0.233427 0.245002 0.505751 0.536496 0.691229 0.626827 0.313632 0.309079 0.293753 0.232200 0.163769 0.217597 0.372314 0.338023 0.305407 0.409240 0.948773 0.794608 0.560190 0.567818 0.696673 0.745423 0.707052 0.837476 0.558639 0.535030 0.429546 0.560600 0.300235 0.274260 0.637955 0.789906 0.312401 0.327944 0.344717 0.299571 0.706927 0.703800 0.619933 0.505864 0.601570 0.416622 0.459236 0.487786 0.450980 0.852128
0.293508 0.428322 0.000000 0.134595 0.632019 0.568227 0.127564 0.183761 0.413832 0.289604 0.330716 0.336582 0.302231 0.431792 0.366308 0.354383 0.358577 0.339296 0.243095 0.312382 0.483095 0.789410 0.254952 0.477787 0.488451 0.380817 0.889626 0.882163 0.412319 0.289648 0.219492 0.367002 0.202685 0.208592 0.386014 0.514027 0.306697 0.395440 0.600239 0.645037 0.701138 0.631931 0.237224 0.247718 0.402084 0.360800 0.324874 0.287352 0.994369 0.517905 0.620352 0.531956 0.607892 0.496915 0.526744 0.562783 0.445623 0.426107 0.265388 0.348250 0.217657 0.324401 0.273339 0.314499 0.159459 0.168539 0.152393 0.194251 0.452767 0.276953 0.340244 0.370225 0.460770 0.479372 0.447496 0.759255 0.426730 0.455153 0.290365 0.457764 0.292195 0.271638 0.536568 0.370450 0.261053 0.381157 0.892856 0.915205 0.439578 0.466800 0.521390 0.561759 0.522010 0.623933 0.588005 0.515824 0.476543 0.603934 0.388782 0.318160 0.554838 0.455561 0.382212 0.319764 0.324647 0.340352 0.708513 0.719397 0.624434 0.486003 0.635526 0.538185 0.407354 0.580895 0.514064 0.912836
0.310988 0.384478 0.134595 0.000000 0.660871 0.532005 0.155269 0.144178 0.451326 0.238129 0.375541 0.281828 0.277752 0.326106 0.293241 0.262550 0.348205 0.303932 0.223061 0.275261 0.428876 0.776159 0.181621 0.340594 0.411129 0.378224 0.916332 0.940176 0.354284 0.239599 0.191618 0.295762 0.188587 0.200925 0.398393 0.511174 0.271768 0.384757 0.529093 0.623149 0.718603 0.543217 0.217624 0.255746 0.419732 0.378487 0.336493 0.251272 0.990373 0.514401 0.661125 0.552419 0.609565 0.496429 0.527420 0.591110 0.429869 0.396156 0.324837 0.392345 0.255348 0.306136 0.258118 0.271843 0.185467 0.177644 0.198451 0.224566 0.499514 0.281501 0.290944 0.351163 0.493186 0.556619 0.457559 0.713493 0.368707 0.417130 0.277656 0.434800 0.240292 0.207484 0.438266 0.274889 0.231302 0.293253 0.837675 0.939557 0.447349 0.420037 0.523161 0.541038 0.510700 0.652334 0.574548 0.445417 0.482510 0.585135 0.387148 0.265683 0.541133 0.476560 0.344682 0.311274 0.307834 0.308202 0.756752 0.701768 0.600041 0.451863 0.610360 0.499201 0.415885 0.518639 0.552874 0.997254
0.620897 0.604544 0.632019 0.660871 0.000000 0.795652 0.599640 0.610145 0.726344 0.696916 0.672551 0.654801 0.612923 0.711828 0.641700 0.686338 0.690455 0.641898 0.534933 0.662375 0.715061 0.816364 0.675483 0.750256 0.841779 0.973793 0.994918 0.746240 0.660693 0.684526 0.758267 0.845710 0.599365 0.621214 0.760032 0.756289 0.672858 0.645455 0.904044 0.725862 0.890060 0.599672 0.574074 0.565360 0.574285 0.643299 0.724859 0.623304 0.910869 0.762320 0.803958 0.760486 0.890554 0.804232 0.911513 0.911021 0.616234 0.674755 0.650049 0.676147 0.580016 0.636772 0.612336 0.635936 0.628284 0.620894 0.639190 0.603177 0.672731 0.711062 0.625445 0.630547 0.860856 0.888079 0.880506 0.998963 0.707656 0.718806 0.744823 0.809191 0.673203 0.693424 0.759027 0.706158 0.686597 0.677252 0.929091 0.991125 0.900206 0.894965 0.688129 0.685469 0.734226 0.701894 0.913640 0.871923 0.748675 0.844612 0.592148 0.558545 0.795440 0.641443 0.569637 0.626594 0.507208 0.644042 0.709231 0.808825 0.857117 0.926653 0.698729 0.680635 0.712909 0.857276 0.677585 0.814558
0.627518 0.648999 0.568227 0.532005 0.795652 0.000000 0.515566 0.481379 0.560418 0.493444 0.688008 0.610484 0.606141 0.711139 0.668486 0.649467 0.707472 0.670874 0.618919 0.622924 0.690780 0.809861 0.595516 0.807948 0.740053 0.561993 0.968435 0.750202 0.716714 0.705129 0.589346 0.682026 0.592906 0.604413 0.608587 0.768694 0.519297 0.881698 0.799260 0.927674 0.866703 0.673329 0.538073 0.625889 0.573056 0.600765 0.568226 0.639110 0.961440 0.814866 0.755065 0.717369 0.778147 0.796652 0.769503 0.686329 0.723041 0.721483 0.649318 0.703019 0.602925 0.638675 0.618817 0.624389 0.608595 0.575312 0.519581 0.496054 0.811409 0.726065 0.513812 0.587189 0.820311 0.886923 0.837858 0.843039 0.662691 0.672495 0.673290 0.787728 0.574174 0.603922 0.863123 0.693446 0.629567 0.733700 0.909770 0.715892 0.786058 0.753014 0.427336 0.475286 0.376443 0.582090 0.745629 0.759287 0.584528 0.827013 0.491648 0.515026 0.516156 0.527576 0.616759 0.612882 0.622722 0.540307 0.909999 0.638871 0.806872 0.805632 0.737636 0.551021 0.624649 0.830354 0.705825 0.824149
0.256655 0.362848 0.127564 0.155269 0.599640 0.515566 0.000000 0.136741 0.390335 0.220492 0.304986 0.302308 0.280626 0.393391 0.346925 0.338076 0.311973 0.282361 0.181583 0.273710 0.485414 0.851281 0.252753 0.500629 0.556272 0.491909 0.985333 0.787398 0.369121 0.271906 0.234820 0.363644 0.186152 0.182328 0.406823 0.554921 0.330804 0.418229 0.580593 0.654951 0.696080 0.549614 0.181953 0.191215 0.298583 0.279723 0.298146 0.241389 0.994428 0.532905 0.603723 0.516347 0.597235 0.480580 0.512421 0.608560 0.364303 0.367900 0.242010 0.331216 0.178578 0.296603 0.227135 0.273289 0.210036 0.163472 0.145229 0.148194 0.425965 0.295451 0.280343 0.275833 0.423147 0.448243 0.497658 0.729411 0.402808 0.385345 0.300206 0.401848 0.232501 0.237910 0.544835 0.371717 0.274105 0.417743 0.939178 0.814025 0.433070 0.548529 0.472546 0.490103 0.463728 0.582878 0.620017 0.475702 0.398876 0.576954 0.279657 0.229851 0.514198 0.389263 0.337776 0.289076 0.291168 0.305393 0.691763 0.645478 0.546946 0.437276 0.560584 0.435776 0.333274 0.512064 0.482395 0.868595
0.222198 0.266917 0.183761 0.144178 0.610145 0.481379 0.136741 0.000000 0.351987 0.180189 0.300664 0.197386 0.196191 0.248309 0.242322 0.226961 0.254481 0.219503 0.176947 0.211136 0.438696 0.803653 0.208408 0.404225 0.493208 0.487404 0.969621 0.883417 0.266737 0.208610 0.209010 0.330261 0.158052 0.163554 0.374620 0.523460 0.297874 0.390087 0.629304 0.652878 0.638911 0.512200 0.178155 0.201508 0.259946 0.256961 0.286613 0.237595 0.893393 0.457581 0.537381 0.424607 0.539018 0.490624 0.515331 0.605627 0.320574 0.293294 0.265675 0.305101 0.176691 0.202722 0.189103 0.176199 0.260415 0.191111 0.188561 0.207213 0.422833 0.258887 0.254323 0.279923 0.435664 0.507081 0.538251 0.664223 0.318359 0.300643 0.244565 0.361908 0.169315 0.180798 0.424631 0.294332 0.240232 0.347364 0.982630 0.828054 0.465669 0.451595 0.413578 0.454129 0.412324 0.585164 0.508876 0.406968 0.354892 0.538640 0.231862 0.170994 0.418445 0.443040 0.273115 0.255506 0.251370 0.264327 0.662037 0.580813 0.548734 0.423702 0.557980 0.390854 0.340214 0.469992 0.479929 0.909894
0.396204 0.434007 0.413832 0.451326 0.726344 0.560418 0.390335 0.351987 0.000000 0.331604 0.393732 0.380947 0.404057 0.511281 0.483618 0.490347 0.428232 0.432352 0.422777 0.385450 0.731403 0.937054 0.526234 0.744811 0.695901 0.695957 0.881103 0.894866 0.450480 0.445965 0.454772 0.579818 0.379397 0.417343 0.536778 0.695633 0.554395 0.658279 0.899383 0.741949 0.721435 0.806406 0.449199 0.453867 0.428570 0.430715 0.456283 0.503946 0.943344 0.634020 0.682084 0.591607 0.719446 0.717419 0.707437 0.654492 0.475547 0.455107 0.432806 0.434292 0.360056 0.363918 0.441411 0.426980 0.492695 0.414155 0.455963 0.430703 0.437270 0.457671 0.461354 0.491953 0.418274 0.445567 0.804619 0.674906 0.485209 0.455607 0.541949 0.493978 0.429519 0.468988 0.750298 0.637151 0.568818 0.724180 0.917069 0.600012 0.631404 0.757911 0.550433 0.539555 0.551516 0.563119 0.640121 0.632827 0.610521 0.798171 0.359239 0.385664 0.595731 0.579535 0.561448 0.408236 0.462727 0.548914 0.757482 0.697027 0.774628 0.591232 0.553324 0.524701 0.485977 0.640684 0.555647 0.825006
0.337529 0.392203 0.289604 0.238129 0.696916 0.493444 0.220492 0.180189 0.331604 0.000000 0.368782 0.316860 0.338359 0.395066 0.353170 0.351861 0.342685 0.326585 0.282029 0.317039 0.536323 0.802525 0.320229 0.564397 0.600462 0.530696 0.916388 0.857891 0.401070 0.310067 0.326833 0.435358 0.283088 0.281630 0.393457 0.575504 0.395506 0.497767 0.712183 0.672020 0.745641 0.539417 0.299351 0.327618 0.374768 0.397164 0.447305 0.361821 0.977743 0.601544 0.663155 0.553298 0.638382 0.580600 0.622174 0.642632 0.429371 0.439058 0.424809 0.461510 0.303847 0.318675 0.340927 0.324321 0.337001 0.264505 0.299389 0.325636 0.446551 0.402809 0.306608 0.365375 0.363779 0.454193 0.596816 0.553461 0.377779 0.314267 0.386033 0.460445 0.273680 0.292675 0.549474 0.411729 0.419377 0.549556 0.942235 0.716300 0.622666 0.634540 0.402702 0.395288 0.387644 0.489215 0.624739 0.392890 0.450997 0.642067 0.242617 0.233816 0.534629 0.480863 0.413857 0.311636 0.374057 0.389972 0.659589 0.592468 0.675391 0.495263 0.567204 0.453925 0.392212 0.524152 0.554529 0.940962
0.150159 0.209578 0.330716 0.375541 0.672551 0.688008 0.304986 0.300664 0.393732 0.368782 0.000000 0.176716 0.193349 0.292015 0.271970 0.284951 0.175860 0.178849 0.200720 0.191603 0.536291 0.905600 0.383432 0.543940 0.661516 0.671610 0.975686 0.802290 0.246352 0.210441 0.312951 0.397623 0.219045 0.211641 0.573568 0.658684 0.408562 0.456100 0.797392 0.650492 0.591313 0.595675 0.336029 0.281881 0.376296 0.330680 0.324977 0.354875 0.921711 0.510231 0.626107 0.538423 0.673819 0.746240 0.589914 0.511317 0.199424 0.204816 0.266894 0.296878 0.171733 0.262312 0.178369 0.192438 0.405312 0.319031 0.343030 0.366206 0.230483 0.248694 0.326434 0.297410 0.368950 0.388083 0.705762 0.565163 0.391802 0.338730 0.262285 0.219526 0.202162 0.241527 0.513902 0.427038 0.344957 0.515972 0.921195 0.749883 0.503989 0.597608 0.703436 0.771956 0.728249 0.813800 0.668184 0.543259 0.434594 0.607841 0.296900 0.305913 0.635099 0.671069 0.315725 0.342004 0.362380 0.348778 0.691756 0.809467 0.673186 0.539903 0.717737 0.511841 0.471489 0.531162 0.435284 0.841423
0.147389 0.133664 0.336582 0.281828 0.654801 0.610484 0.302308 0.197386 0.380947 0.316860 0.176716 0.000000 0.119225 0.146115 0.142490 0.150626 0.143727 0.113190 0.161726 0.147641 0.481527 0.872864 0.260085 0.400238 0.508446 0.637533 0.987541 0.940845 0.149035 0.132755 0.239814 0.342614 0.149922 0.184385 0.554499 0.641927 0.301279 0.404811 0.743297 0.653855 0.563634 0.514118 0.271732 0.238129 0.317086 0.261698 0.279516 0.283651 0.801403 0.424096 0.559181 0.435551 0.609219 0.658777 0.571049 0.591704 0.170624 0.146330 0.277851 0.276802 0.165388 0.174648 0.125887 0.094677 0.394181 0.299570 0.356902 0.365501 0.308073 0.217259 0.254924 0.237412 0.443799 0.513268 0.655656 0.579495 0.299917 0.264955 0.217463 0.232742 0.130808 0.160077 0.336672 0.269181 0.253300 0.343499 0.985404 0.847275 0.474078 0.505436 0.649202 0.700070 0.654669 0.810102 0.524542 0.451608 0.433400 0.528484 0.274617 0.245548 0.570360 0.668003 0.270987 0.303366 0.280652 0.294385 0.697557 0.700473 0.619286 0.460165 0.667170 0.432766 0.417499 0.484694 0.463644 0.879430
0.138757 0.152717 0.302231 0.277752 0.612923 0.606141 0.280626 0.196191 0.404057 0.338359 0.193349 0.119225 0.000000 0.153436 0.131692 0.158633 0.177356 0.140195 0.177225 0.192221 0.444152 0.880457 0.242199 0.379496 0.494833 0.614095 0.976691 0.931463 0.185730 0.159675 0.226589 0.366545 0.163901 0.200385 0.542149 0.653653 0.272258 0.374041 0.719276 0.664813 0.587654 0.476574 0.246617 0.236802 0.300487 0.257605 0.250437 0.261246 0.790577 0.386479 0.523378 0.396556 0.612851 0.606472 0.570800 0.579307 0.195613 0.156947 0.258280 0.255333 0.152119 0.184271 0.118018 0.107028 0.349154 0.302986 0.344760 0.360459 0.357894 0.264148 0.274248 0.275767 0.475383 0.488769 0.639395 0.588322 0.360691 0.287072 0.206074 0.253314 0.143063 0.177293 0.357948 0.298132 0.209033 0.325472 0.983268 0.891237 0.452005 0.440343 0.637707 0.690579 0.642003 0.811890 0.480267 0.463388 0.381876 0.523350 0.288772 0.267051 0.602849 0.650237 0.258505 0.296305 0.277866 0.279618 0.656080 0.693622 0.585908 0.464488 0.673501 0.449585 0.414707 0.495635 0.442870 0.905201
0.246802 0.170767 0.431792 0.326106 0.711828 0.711139 0.393391 0.248309 0.511281 0.395066 0.292015 0.146115 0.153436 0.000000 0.136908 0.133179 0.210289 0.163104 0.230668 0.217977 0.448904 0.887747 0.232137 0.291104 0.460997 0.648918 0.998956 0.966001 0.164507 0.155435 0.250955 0.319831 0.212305 0.255841 0.571409 0.641888 0.346048 0.418829 0.732008 0.651344 0.644301 0.498804 0.295243 0.296069 0.384046 0.330018 0.303666 0.287445 0.792040 0.456294 0.596175 0.482043 0.606961 0.637571 0.600771 0.659671 0.219577 0.188199 0.356786 0.353598 0.255041 0.226029 0.174593 0.133630 0.438704 0.369853 0.447437 0.449658 0.417256 0.318260 0.317766 0.367051 0.520699 0.613584 0.730302 0.636885 0.324041 0.290413 0.251755 0.268770 0.179901 0.183978 0.251248 0.266231 0.230716 0.266837 0.974123 0.986561 0.516181 0.446663 0.748230 0.784529 0.756598 0.943665 0.507180 0.465079 0.435336 0.495523 0.389912 0.303474 0.647089 0.754741 0.269308 0.336953 0.346482 0.329203 0.713083 0.694215 0.614757 0.479261 0.686673 0.486098 0.509440 0.451397 0.527743 0.971372
0.227711 0.194158 0.366308 0.293241 0.641700 0.668486 0.346925 0.242322 0.483618 0.353170 0.271970 0.142490 0.131692 0.136908 0.000000 0.148841 0.218875 0.171162 0.216020 0.224635 0.390953 0.873097 0.220243 0.324271 0.432816 0.626599 0.914454 0.934250 0.196597 0.157846 0.247806 0.360674 0.213280 0.245074 0.591771 0.683623 0.282648 0.386150 0.718426 0.624577 0.647835 0.491978 0.285449 0.263450 0.380095 0.322938 0.304194 0.259620 0.809030 0.413843 0.596470 0.458185 0.638862 0.583375 0.586069 0.620111 0.236582 0.205418 0.359135 0.352525 0.236266 0.219249 0.175239 0.150073 0.358619 0.330435 0.426790 0.446819 0.435381 0.316412 0.304363 0.322620 0.498344 0.575975 0.713675 0.611114 0.331060 0.285467 0.224920 0.290743 0.180034 0.195444 0.328899 0.278947 0.215945 0.284924 0.895165 0.986944 0.483856 0.431335 0.674486 0.711581 0.696916 0.867305 0.497242 0.394975 0.438803 0.510075 0.343151 0.291158 0.684248 0.693444 0.289901 0.320979 0.309330 0.310124 0.669202 0.698461 0.598736 0.511654 0.684713 0.479998 0.452912 0.462895 0.519642 0.931777
0.269064 0.212337 0.354383 0.262550 0.686338 0.649467 0.338076 0.226961 0.490347 0.351861 0.284951 0.150626 0.158633 0.133179 0.148841 0.000000 0.196899 0.150804 0.202085 0.189015 0.452677 0.844820 0.170704 0.254550 0.450985 0.598323 0.951714 0.919221 0.163418 0.125974 0.247667 0.283236 0.205623 0.234484 0.593196 0.632719 0.290045 0.441986 0.671235 0.648700 0.637448 0.471798 0.254795 0.252247 0.437703 0.366575 0.326536 0.280864 0.931719 0.515853 0.686556 0.567547 0.693278 0.679456 0.689809 0.709929 0.231043 0.206341 0.380091 0.396174 0.253895 0.228775 0.179139 0.145838 0.382477 0.296632 0.405099 0.414346 0.433024 0.319281 0.272482 0.336318 0.514767 0.587880 0.672457 0.597514 0.317439 0.269544 0.231865 0.267287 0.166631 0.166977 0.272185 0.246457 0.244126 0.256723 0.941012 0.930642 0.529580 0.459303 0.714825 0.730736 0.735023 0.892639 0.520730 0.428711 0.493499 0.511305 0.401880 0.283329 0.670461 0.702455 0.275265 0.275636 0.321876 0.311779 0.744883 0.797878 0.624175 0.465167 0.694608 0.501678 0.491282 0.471063 0.521097 0.912676
0.169359 0.158756 0.358577 0.348205 0.690455 0.707472 0.311973 0.254481 0.428232 0.342685 0.175860 0.143727 0.177356 0.210289 0.218875 0.196899 0.000000 0.107593 0.168267 0.160106 0.505096 0.887032 0.304519 0.443441 0.539749 0.673360 0.980688 0.860523 0.162345 0.137341 0.260963 0.336182 0.193218 0.175610 0.574495 0.653597 0.367492 0.427765 0.750527 0.694303 0.552513 0.529060 0.298994 0.229702 0.355013 0.303682 0.303677 0.343813 0.901034 0.506458 0.668640 0.537667 0.714457 0.734345 0.647745 0.648661 0.148253 0.144558 0.297456 0.315269 0.194098 0.237459 0.149140 0.138299 0.414238 0.327574 0.381254 0.377151 0.264861 0.228719 0.277292 0.268965 0.401769 0.441557 0.678873 0.563443 0.338927 0.311599 0.224996 0.190194 0.135859 0.176681 0.388259 0.326773 0.317471 0.411057 0.972992 0.862677 0.515589 0.572082 0.740387 0.760068 0.738795 0.815908 0.543529 0.480008 0.443988 0.515807 0.356296 0.282442 0.706364 0.711965 0.334281 0.310414 0.349710 0.348756 0.694181 0.740629 0.645781 0.465789 0.628741 0.461085 0.474045 0.409854 0.524014 0.779141
0.156062 0.123368 0.339296 0.303932 0.641898 0.670874 0.282361 0.219503 0.432352 0.326585 0.178849 0.113190 0.140195 0.163104 0.171162 0.150804 0.107593 0.000000 0.135001 0.132143 0.478567 0.891017 0.252350 0.393961 0.526162 0.678385 0.982051 0.835989 0.142822 0.109044 0.257894 0.322809 0.160536 0.164527 0.551048 0.650205 0.315517 0.400914 0.738496 0.682609 0.605730 0.481576 0.252834 0.200549 0.328110 0.273931 0.298626 0.274851 0.887907 0.491712 0.640558 0.519847 0.670309 0.700333 0.604857 0.653585 0.115176 0.117535 0.289047 0.314053 0.174332 0.216049 0.115222 0.105971 0.388799 0.313514 0.363986 0.359594 0.270407 0.238469 0.238500 0.227996 0.418734 0.464981 0.635342 0.605299 0.313617 0.269570 0.199523 0.177179 0.105336 0.138315 0.319448 0.269099 0.260111 0.347806 0.977489 0.910901 0.505541 0.538692 0.699441 0.718463 0.700639 0.818403 0.553964 0.465372 0.428828 0.525877 0.312729 0.231790 0.657815 0.688132 0.276708 0.270237 0.297664 0.304758 0.693326 0.763350 0.629430 0.446133 0.637052 0.400600 0.434040 0.423893 0.465933 0.858888
0.162031 0.178345 0.243095 0.223061 0.534933 0.618919 0.181583 0.176947 0.422777 0.282029 0.200720 0.161726 0.177225 0.230668 0.216020 0.202085 0.168267 0.135001 0.000000 0.139023 0.471643 0.875851 0.212440 0.396080 0.512664 0.619421 0.999932 0.732453 0.203639 0.162892 0.228085 0.300524 0.146540 0.139643 0.487547 0.537864 0.309677 0.388796 0.617554 0.646853 0.682499 0.486379 0.192326 0.169633 0.306472 0.283764 0.266991 0.208778 0.934467 0.507532 0.653558 0.551894 0.688399 0.636261 0.593218 0.675668 0.175585 0.196694 0.251984 0.319542 0.149603 0.245714 0.120953 0.151272 0.297042 0.227851 0.259007 0.250015 0.320187 0.244064 0.188804 0.235150 0.446556 0.490775 0.600792 0.646240 0.328359 0.313855 0.241825 0.251917 0.135687 0.164822 0.359568 0.280780 0.231792 0.328782 0.947291 0.846587 0.501947 0.574241 0.633536 0.664507 0.640550 0.757326 0.608066 0.466404 0.398617 0.470790 0.281165 0.191627 0.634002 0.587661 0.263720 0.269138 0.282748 0.285291 0.687754 0.720748 0.581954 0.472460 0.582715 0.390508 0.432759 0.472673 0.405497 0.864560
0.177715 0.163467 0.312382 0.275261 0.662375 0.622924 0.273710 0.211136 0.385450 0.317039 0.191603 0.147641 0.192221 0.217977 0.224635 0.189015 0.160106 0.132143 0.139023 0.000000 0.477261 0.861427 0.252005 0.396162 0.526323 0.641191 0.989856 0.796632 0.195240 0.151514 0.255188 0.284527 0.185862 0.164286 0.549330 0.553011 0.322631 0.418826 0.725104 0.704583 0.600609 0.568541 0.249902 0.214653 0.362442 0.315416 0.314737 0.287734 0.953779 0.537426 0.694507 0.597810 0.715372 0.724516 0.624639 0.659430 0.171533 0.173184 0.307339 0.360604 0.203534 0.244560 0.152821 0.156536 0.385925 0.308112 0.328099 0.333178 0.285411 0.246196 0.213190 0.270336 0.404018 0.458201 0.650717 0.614894 0.336243 0.306276 0.231138 0.216843 0.150161 0.179318 0.397371 0.313097 0.297729 0.374114 0.932035 0.846597 0.543114 0.598139 0.673382 0.715874 0.688489 0.802976 0.565233 0.500898 0.482150 0.566284 0.322162 0.243144 0.637378 0.659275 0.310233 0.292770 0.343734 0.293085 0.737458 0.766384 0.617241 0.478048 0.600987 0.411630 0.478009 0.464168 0.427217 0.888097
0.500162 0.489344 0.483095 0.428876 0.715061 0.690780 0.485414 0.438696 0.731403 0.536323 0.536291 0.481527 0.444152 0.448904 0.390953 0.452677 0.505096 0.478567 0.471643 0.477261 0.000000 0.740860 0.445283 0.510805 0.442641 0.614449 0.968484 0.994145 0.539294 0.440530 0.458592 0.565155 0.450879 0.434837 0.670519 0.784752 0.460302 0.529133 0.716077 0.736194 0.768667 0.652002 0.463791 0.455376 0.587405 0.514912 0.495220 0.455536 0.869876 0.570604 0.691265 0.652050 0.810585 0.703474 0.564454 0.665904 0.542098 0.504746 0.505162 0.554232 0.474542 0.501834 0.440985 0.439945 0.485150 0.540720 0.517008 0.522198 0.668655 0.594874 0.536335 0.540918 0.628258 0.837247 0.747874 0.882957 0.552597 0.473194 0.468603 0.596330 0.451648 0.429331 0.593415 0.516995 0.436961 0.505082 0.996141 0.993952 0.695325 0.554498 0.710138 0.735544 0.687618 0.875665 0.707441 0.451209 0.667423 0.668886 0.595237 0.517030 0.799096 0.774314 0.440305 0.555417 0.519520 0.414182 0.758889 0.820163 0.526454 0.663083 0.711617 0.670096 0.601379 0.644825 0.654813 0.877483
0.899830 0.892275 0.789410 0.776159 0.816364 0.809861 0.851281 0.803653 0.937054 0.802525 0.905600 0.872864 0.880457 0.887747 0.873097 0.844820 0.887032 0.891017 0.875851 0.861427 0.740860 0.000000 0.824360 0.875253 0.845709 0.803984 0.732775 0.893854 0.869958 0.841054 0.796781 0.859159 0.872567 0.812515 0.888932 0.902299 0.831078 0.794739 0.866718 0.751822 0.894661 0.826631 0.796336 0.785689 0.909857 0.947434 0.908426 0.968412 0.984113 0.938497 0.985341 0.902987 0.922554 0.901222 0.886079 0.927088 0.936423 0.929742 0.887269 0.948038 0.929059 0.916281 0.903913 0.886054 0.835927 0.840405 0.848861 0.882617 0.889944 0.813557 0.775600 0.849417 0.856295 0.977964 0.859277 0.776608 0.867615 0.853525 0.816479 0.913586 0.888069 0.865762 0.858519 0.868051 0.913012 0.902982 0.915074 0.996677 0.931586 0.947552 0.932739 0.920412 0.923445 0.874986 0.877210 0.674879 0.956243 0.945174 0.881568 0.855984 0.858662 0.847919 0.852754 0.775530 0.782552 0.806709 0.957928 0.977523 0.961242 0.888159 0.878230 0.901565 0.898290 0.871017 0.895996 0.895626
0.334447 0.313930 0.254952 0.181621 0.675483 0.595516 0.252753 0.208408 0.526234 0.320229 0.383432 0.260085 0.242199 0.232137 0.220243 0.170704 0.304519 0.252350 0.212440 0.252005 0.445283 0.824360 0.000000 0.198125 0.385537 0.470887 0.892632 0.908414 0.288363 0.210813 0.192295 0.234472 0.224894 0.256078 0.532243 0.509936 0.271204 0.427242 0.603253 0.683615 0.739278 0.458831 0.234644 0.285191 0.475318 0.434157 0.367718 0.299488 0.957670 0.576365 0.756063 0.644881 0.688723 0.557384 0.668606 0.763050 0.347167 0.337801 0.438230 0.501769 0.306667 0.351410 0.235005 0.248524 0.244711 0.257913 0.349528 0.382741 0.555973 0.391889 0.227054 0.346813 0.553872 0.601936 0.606681 0.756782 0.347858 0.353393 0.303171 0.396771 0.227234 0.212261 0.335268 0.267289 0.186700 0.204144 0.816722 0.925995 0.498970 0.476078 0.638654 0.646858 0.637944 0.809350 0.567295 0.410776 0.500862 0.518547 0.437241 0.283542 0.679024 0.632595 0.380392 0.325323 0.388959 0.317431 0.782955 0.748488 0.620394 0.514601 0.692086 0.503443 0.464951 0.528993 0.527896 0.927184
0.534210 0.455360 0.477787 0.340594 0.750256 0.807948 0.500629 0.404225 0.744811 0.564397 0.543940 0.400238 0.379496 0.291104 0.324271 0.254550 0.443441 0.393961 0.396080 0.396162 0.510805 0.875253 0.198125 0.000000 0.351852 0.626084 0.936962 0.963595 0.369569 0.312832 0.373424 0.292533 0.405018 0.428188 0.710359 0.574605 0.403312 0.505855 0.676829 0.774932 0.805986 0.594305 0.422690 0.486496 0.729145 0.666120 0.534232 0.460887 0.873603 0.727035 0.915931 0.809712 0.825777 0.708600 0.828781 0.912863 0.473321 0.462842 0.664139 0.693267 0.522496 0.497986 0.389797 0.381644 0.438380 0.448664 0.587693 0.638357 0.714671 0.532326 0.417166 0.576816 0.682061 0.738834 0.743459 0.809503 0.490285 0.518335 0.406997 0.488894 0.378869 0.327404 0.346318 0.345970 0.314418 0.221622 0.826553 0.736595 0.594317 0.488499 0.860475 0.875063 0.868585 0.960263 0.671670 0.477025 0.668205 0.542679 0.672186 0.464343 0.772038 0.812524 0.518509 0.482085 0.497565 0.486675 0.955767 0.881560 0.647452 0.646761 0.772233 0.666424 0.694299 0.555979 0.724637 0.977891
0.606702 0.526689 0.488451 0.411129 0.841779 0.740053 0.556272 0.493208 0.695901 0.600462 0.661516 0.508446 0.494833 0.460997 0.432816 0.450985 0.539749 0.526162 0.512664 0.526323 0.442641 0.845709 0.385537 0.351852 0.000000 0.450077 0.684499 0.926783 0.512080 0.435529 0.398902 0.502133 0.505319 0.487017 0.630552 0.652895 0.415995 0.589948 0.597110 0.866701 0.743971 0.708986 0.498642 0.547378 0.706998 0.651689 0.509602 0.460270 0.991755 0.622821 0.847272 0.716956 0.886729 0.762635 0.756776 0.843869 0.580480 0.531147 0.629090 0.652384 0.587877 0.587246 0.517183 0.494235 0.444774 0.542022 0.575863 0.604049 0.737233 0.572338 0.552564 0.616819 0.629888 0.794446 0.704715 0.879727 0.559833 0.629903 0.498450 0.660892 0.495534 0.463891 0.524226 0.483557 0.451065 0.384405 0.867304 0.945621 0.711956 0.503770 0.846678 0.860581 0.774811 0.954530 0.661620 0.567077 0.734825 0.579380 0.722492 0.604025 0.775499 0.858649 0.660112 0.599915 0.569915 0.505283 0.945184 0.843834 0.643545 0.662540 0.650149 0.705670 0.730769 0.639536 0.750153 0.809265
0.674354 0.724840 0.380817 0.378224 0.973793 0.561993 0.491909 0.487404 0.695957 0.530696 0.671610 0.637533 0.614095 0.648918 0.626599 0.598323 0.673360 0.678385 0.619421 0.641191 0.614449 0.803984 0.470887 0.626084 0.450077 0.000000 0.639764 0.768621 0.691253 0.597129 0.412090 0.535747 0.539027 0.532004 0.448956 0.539985 0.511894 0.718562 0.639650 0.747188 0.860302 0.735377 0.541614 0.596878 0.738136 0.681626 0.513989 0.528420 0.941503 0.699904 0.832230 0.722529 0.760277 0.732934 0.671699 0.634652 0.786183 0.719951 0.571676 0.615291 0.585799 0.624707 0.616697 0.631716 0.381625 0.433760 0.436841 0.453424 0.768946 0.596931 0.665261 0.721354 0.694861 0.784564 0.558602 0.860840 0.673720 0.749522 0.577696 0.753354 0.577693 0.534503 0.679851 0.596880 0.479201 0.505421 0.950182 0.939071 0.594302 0.494445 0.772242 0.804186 0.697036 0.888311 0.627505 0.707061 0.668735 0.801259 0.757643 0.650796 0.761117 0.732992 0.667548 0.626669 0.725842 0.585348 0.812489 0.855897 0.799259 0.704185 0.881965 0.788238 0.725107 0.805099 0.653323 0.856425
0.992447 0.962226 0.889626 0.916332 0.994918 0.968435 0.985333 0.969621 0.881103 0.916388 0.975686 0.987541 0.976691 0.998956 0.914454 0.951714 0.980688 0.982051 0.999932 0.989856 0.968484 0.732775 0.892632 0.936962 0.684499 0.639764 0.000000 0.831913 0.980578 0.925687 0.816494 0.911282 0.989418 0.946810 0.938873 0.961748 0.897590 0.957615 0.970804 0.916727 0.950839 0.918146 0.909574 0.874038 0.998456 0.999683 0.944926 0.935273 0.951582 0.874503 0.966072 0.938266 0.931772 0.923179 0.973741 0.973780 0.961715 0.914316 0.983592 0.998565 0.959852 0.927029 0.996841 0.990565 0.828841 0.968742 0.979601 0.996586 0.978292 0.858454 0.987244 0.953260 0.987320 0.991648 0.852211 0.983847 0.924203 0.882084 0.901301 0.970657 0.992747 0.997676 0.929264 0.929671 0.942768 0.869514 0.878478 0.862734 0.889186 0.838985 0.834591 0.881650 0.846656 0.877053 0.885750 0.932319 0.911030 0.976879 0.858423 0.927070 0.954087 0.992858 0.911177 0.966232 0.872238 0.952869 0.992335 0.856606 0.947403 0.925664 0.960726 0.966425 0.975421 0.981315 0.984307 0.991456
0.853365 0.881227 0.882163 0.940176 0.746240 0.750202 0.787398 0.883417 0.894866 0.857891 0.802290 0.940845 0.931463 0.966001 0.934250 0.919221 0.860523 0.835989 0.732453 0.796632 0.994145 0.893854 0.908414 0.963595 0.926783 0.768621 0.831913 0.000000 0.879103 0.871909 0.999458 0.909937 0.912848 0.845687 0.950070 0.859910 0.998770 0.864302 0.792630 0.991186 0.935590 0.906169 0.802502 0.811016 0.875281 0.898725 0.978481 0.778009 0.811604 0.996526 0.916026 0.939455 0.959346 0.885278 0.983461 0.822346 0.797580 0.870943 0.944035 0.987425 0.834339 0.914287 0.875433 0.930274 0.919992 0.848020 0.865858 0.880071 0.856886 0.899849 0.840748 0.831630 0.691397 0.689348 0.990912 0.907373 0.901939 0.927183 0.913652 0.829047 0.897378 0.950560 0.971328 0.931747 0.945341 0.961203 0.884450 0.926783 0.954647 0.899340 0.916064 0.898318 0.983417 0.886049 0.989821 0.908406 0.935958 0.993523 0.790609 0.817324 0.945175 0.837374 0.875645 0.815171 0.854338 0.968304 0.891153 0.969022 0.958511 0.990222 0.738580 0.923403 0.940499 0.904370 0.820407 0.912958
0.226994 0.188929 0.412319 0.354284 0.660693 0.716714 0.369121 0.266737 0.450480 0.401070 0.246352 0.149035 0.185730 0.164507 0.196597 0.163418 0.162345 0.142822 0.203639 0.195240 0.539294 0.869958 0.288363 0.369569 0.512080 0.691253 0.980578 0.879103 0.000000 0.142304 0.281811 0.321973 0.200731 0.206730 0.579119 0.674932 0.399981 0.502347 0.720681 0.709740 0.647746 0.504425 0.302669 0.262204 0.404469 0.319448 0.286405 0.279938 0.873472 0.481872 0.644321 0.506163 0.630691 0.681259 0.595375 0.675352 0.186637 0.180050 0.330050 0.343989 0.225349 0.210127 0.161328 0.143047 0.447082 0.329588 0.404024 0.411527 0.317976 0.238515 0.346177 0.381021 0.456853 0.511144 0.684999 0.577225 0.376850 0.314249 0.224340 0.236508 0.151638 0.184990 0.316329 0.265517 0.280493 0.321139 0.960745 0.977379 0.557630 0.492592 0.781100 0.803364 0.782861 0.931267 0.522542 0.505644 0.493195 0.508294 0.404178 0.297668 0.662833 0.673562 0.313239 0.306309 0.327838 0.363892 0.760419 0.849200 0.701399 0.490448 0.603214 0.495075 0.511065 0.443686 0.539948 0.897579
0.205353 0.184522 0.289648 0.239599 0.684526 0.705129 0.271906 0.208610 0.445965 0.310067 0.210441 0.132755 0.159675 0.155435 0.157846 0.125974 0.137341 0.109044 0.162892 0.151514 0.440530 0.841054 0.210813 0.312832 0.435529 0.597129 0.925687 0.871909 0.142304 0.000000 0.216555 0.270281 0.166428 0.163914 0.540892 0.621140 0.292489 0.371565 0.723559 0.683144 0.592073 0.525434 0.227365 0.191480 0.392231 0.299055 0.294092 0.243669 0.932177 0.462872 0.642545 0.518452 0.630549 0.622526 0.611994 0.630902 0.178177 0.177768 0.317164 0.350318 0.193336 0.199922 0.146857 0.128150 0.326262 0.252253 0.346650 0.359730 0.319558 0.234132 0.280344 0.299803 0.372553 0.436265 0.593505 0.575294 0.335630 0.276555 0.177003 0.221807 0.131629 0.145084 0.292741 0.249126 0.247991 0.305834 0.926811 0.995068 0.480176 0.510664 0.730055 0.746956 0.751882 0.856230 0.555001 0.432809 0.490629 0.503173 0.375809 0.256999 0.656622 0.671927 0.308585 0.259057 0.294221 0.300960 0.723266 0.771616 0.599584 0.411034 0.616176 0.455503 0.442444 0.437744 0.507781 0.898211
0.255966 0.297598 0.219492 0.191618 0.758267 0.589346 0.234820 0.209010 0.454772 0.326833 0.312951 0.239814 0.226589 0.250955 0.247806 0.247667 0.260963 0.257894 0.228085 0.255188 0.458592 0.796781 0.192295 0.373424 0.398902 0.412090 0.816494 0.999458 0.281811 0.216555 0.000000 0.255905 0.178500 0.198372 0.453179 0.527972 0.282886 0.428084 0.576291 0.680588 0.667741 0.559272 0.242885 0.250652 0.391201 0.351271 0.306962 0.287996 0.938173 0.498102 0.650720 0.539864 0.613297 0.584265 0.539091 0.591462 0.320312 0.305434 0.296478 0.356226 0.230812 0.309463 0.214495 0.223920 0.270718 0.265208 0.261849 0.289631 0.449265 0.292936 0.297826 0.364307 0.493279 0.559298 0.560174 0.671172 0.407795 0.382226 0.274565 0.364035 0.221003 0.224579 0.377143 0.309766 0.232659 0.307557 0.905095 0.909722 0.379127 0.447053 0.689719 0.723481 0.676572 0.814960 0.526247 0.522648 0.389449 0.534605 0.429679 0.357335 0.634581 0.576085 0.394364 0.371783 0.416747 0.305747 0.681225 0.720058 0.649186 0.496244 0.607571 0.538567 0.442810 0.523642 0.539350 0.935081
0.416775 0.415878 0.367002 0.295762 0.845710 0.682026 0.363644 0.330261 0.579818 0.435358 0.397623 0.342614 0.366545 0.319831 0.360674 0.283236 0.336182 0.322809 0.300524 0.284527 0.565155 0.859159 0.234472 0.292533 0.502133 0.535747 0.911282 0.909937 0.321973 0.270281 0.255905 0.000000 0.313093 0.291657 0.637395 0.535225 0.468350 0.653353 0.712656 0.768426 0.788261 0.614776 0.369046 0.393771 0.611742 0.554053 0.483694 0.392071 0.798191 0.763659 0.911093 0.798309 0.763117 0.740720 0.720353 0.796256 0.401603 0.416409 0.498371 0.546380 0.390883 0.443458 0.309644 0.334205 0.425113 0.347167 0.413775 0.434221 0.541260 0.408549 0.399175 0.509533 0.575886 0.638910 0.659424 0.768129 0.490635 0.446361 0.305368 0.399034 0.278925 0.251155 0.398962 0.315359 0.335095 0.312223 0.917892 0.896058 0.508437 0.559186 0.856836 0.875587 0.820478 0.998111 0.687111 0.506263 0.575888 0.578924 0.620230 0.427049 0.740037 0.717162 0.499673 0.425206 0.529629 0.473435 0.818436 0.896169 0.712317 0.576410 0.693283 0.636755 0.693551 0.547116 0.587015 0.891939
0.157348 0.219413 0.202685 0.188587 0.599365 0.592906 0.186152 0.158052 0.379397 0.283088 0.219045 0.149922 0.163901 0.212305 0.213280 0.205623 0.193218 0.160536 0.146540 0.185862 0.450879 0.872567 0.224894 0.405018 0.505319 0.539027 0.989418 0.912848 0.200731 0.166428 0.178500 0.313093 0.000000 0.125256 0.417947 0.559576 0.276418 0.386641 0.643123 0.629128 0.635872 0.503137 0.236781 0.206729 0.309355 0.257524 0.279036 0.259794 0.879591 0.469072 0.593734 0.474337 0.611533 0.586713 0.491280 0.544410 0.238598 0.220205 0.217856 0.255827 0.133547 0.216109 0.132558 0.141321 0.266042 0.213395 0.218817 0.226032 0.326358 0.208272 0.247664 0.264782 0.458136 0.538674 0.552674 0.712662 0.318033 0.278066 0.210483 0.286995 0.138165 0.141089 0.371220 0.261711 0.206088 0.293319 0.924480 0.883081 0.424311 0.480240 0.589414 0.609356 0.574647 0.698483 0.531436 0.497737 0.440293 0.578376 0.306656 0.258705 0.580374 0.505876 0.264598 0.274347 0.269538 0.311640 0.696744 0.697717 0.666995 0.471224 0.602310 0.429575 0.409901 0.484957 0.480393 0.920032
0.170965 0.224879 0.208592 0.200925 0.621214 0.604413 0.182328 0.163554 0.417343 0.281630 0.211641 0.184385 0.200385 0.255841 0.245074 0.234484 0.175610 0.164527 0.139643 0.164286 0.434837 0.812515 0.256078 0.428188 0.487017 0.532004 0.946810 0.845687 0.206730 0.163914 0.198372 0.291657 0.125256 0.000000 0.384664 0.534205 0.301816 0.385061 0.609286 0.610959 0.643637 0.497539 0.227030 0.195028 0.327184 0.293737 0.288530 0.241065 0.948754 0.490429 0.646627 0.516250 0.628960 0.619412 0.506675 0.560227 0.231408 0.224693 0.223733 0.269535 0.149903 0.228761 0.138581 0.159508 0.267253 0.201510 0.190578 0.210057 0.308240 0.196817 0.264618 0.282894 0.419422 0.515210 0.598461 0.643434 0.349021 0.306406 0.188481 0.272269 0.124779 0.137104 0.388802 0.270144 0.238437 0.328337 0.969199 0.835292 0.444541 0.491854 0.595063 0.641599 0.595742 0.715193 0.550435 0.472330 0.420468 0.500548 0.322759 0.254309 0.583650 0.532914 0.270272 0.238810 0.277914 0.277640 0.705548 0.701026 0.652236 0.470050 0.560551 0.407240 0.395841 0.448609 0.464515 0.870117
0.498694 0.594076 0.386014 0.398393 0.760032 0.608587 0.406823 0.374620 0.536778 0.393457 0.573568 0.554499 0.542149 0.571409 0.591771 0.593196 0.574495 0.551048 0.487547 0.549330 0.670519 0.888932 0.532243 0.710359 0.630552 0.448956 0.938873 0.950070 0.579119 0.540892 0.453179 0.637395 0.417947 0.384664 0.000000 0.432127 0.503875 0.531189 0.594491 0.806421 0.898718 0.695076 0.478769 0.511498 0.500787 0.505571 0.574397 0.494851 0.961562 0.647680 0.693544 0.614648 0.617491 0.675752 0.549487 0.584002 0.615466 0.614528 0.433819 0.476009 0.426041 0.473984 0.486147 0.501539 0.383978 0.373264 0.310700 0.359119 0.592038 0.516596 0.591044 0.640091 0.610148 0.717559 0.696676 0.800749 0.570477 0.611101 0.554056 0.675736 0.451665 0.455570 0.585364 0.532680 0.473025 0.540366 0.946841 0.815974 0.667494 0.587621 0.540264 0.604480 0.520027 0.634834 0.689563 0.695562 0.521903 0.656756 0.494476 0.462107 0.560271 0.581664 0.459652 0.496365 0.514692 0.512052 0.696613 0.632566 0.864192 0.659140 0.656863 0.447113 0.576358 0.722049 0.623711 0.979860
0.625856 0.660775 0.514027 0.511174 0.756289 0.768694 0.554921 0.523460 0.695633 0.575504 0.658684 0.641927 0.653653 0.641888 0.683623 0.632719 0.653597 0.650205 0.537864 0.553011 0.784752 0.902299 0.509936 0.574605 0.652895 0.539985 0.961748 0.859910 0.674932 0.621140 0.527972 0.535225 0.559576 0.534205 0.432127 0.000000 0.613011 0.521514 0.645705 0.904288 0.881854 0.843921 0.542652 0.619242 0.662143 0.688295 0.708413 0.623675 0.989992 0.786548 0.802058 0.751161 0.756787 0.739154 0.865795 0.914432 0.664395 0.687308 0.655099 0.693736 0.572950 0.612859 0.600374 0.613580 0.520667 0.517388 0.492878 0.562147 0.728562 0.661216 0.536005 0.724856 0.751060 0.779879 0.811288 0.865979 0.688516 0.732682 0.713603 0.691222 0.606487 0.606771 0.601831 0.677417 0.561215 0.538632 0.797215 0.975683 0.727244 0.665237 0.769856 0.887417 0.782091 0.863584 0.902744 0.692332 0.694630 0.785684 0.696687 0.621204 0.626206 0.776388 0.651056 0.631568 0.714718 0.600275 0.610192 0.741465 0.859384 0.881632 0.746045 0.649175 0.773807 0.739783 0.606969 0.862384
0.323071 0.343966 0.306697 0.271768 0.672858 0.519297 0.330804 0.297874 0.554395 0.395506 0.408562 0.301279 0.272258 0.346048 0.282648 0.290045 0.367492 0.315517 0.309677 0.322631 0.460302 0.831078 0.271204 0.403312 0.415995 0.511894 0.897590 0.998770 0.399981 0.292489 0.282886 0.468350 0.276418 0.301816 0.503875 0.613011 0.000000 0.370378 0.689935 0.752196 0.611763 0.507927 0.330573 0.353468 0.460805 0.422955 0.425009 0.363999 0.896770 0.541572 0.663687 0.580332 0.769640 0.700018 0.649833 0.656676 0.369724 0.358104 0.409723 0.483734 0.312605 0.345664 0.282776 0.286893 0.326269 0.342878 0.372762 0.428254 0.548553 0.418517 0.288904 0.376579 0.640806 0.677929 0.634210 0.754703 0.401391 0.405993 0.327958 0.509059 0.301351 0.306579 0.426325 0.307296 0.278913 0.375064 0.778116 0.957358 0.553071 0.513032 0.599072 0.653060 0.601263 0.737792 0.518467 0.596110 0.474328 0.564331 0.419844 0.388772 0.659816 0.646146 0.385818 0.444454 0.344111 0.316096 0.798099 0.660701 0.610500 0.605731 0.658903 0.447467 0.475963 0.627866 0.486532 0.893902
0.373287 0.413700 0.395440 0.384757 0.645455 0.881698 0.418229 0.390087 0.658279 0.497767 0.456100 0.404811 0.374041 0.418829 0.386150 0.441986 0.427765 0.400914 0.388796 0.418826 0.529133 0.794739 0.427242 0.505855 0.589948 0.718562 0.957615 0.864302 0.502347 0.371565 0.428084 0.653353 0.386641 0.385061 0.531189 0.521514 0.370378 0.000000 0.659543 0.633428 0.702586 0.632021 0.333535 0.368937 0.430269 0.397668 0.496676 0.436349 0.686213 0.411287 0.505120 0.451462 0.596957 0.518952 0.621390 0.643189 0.436096 0.436117 0.434515 0.471367 0.359683 0.402076 0.366638 0.373384 0.372891 0.437470 0.445424 0.519094 0.559980 0.434059 0.419199 0.472846 0.609147 0.589723 0.724459 0.743405 0.474846 0.544686 0.462932 0.509082 0.424228 0.430915 0.469398 0.449082 0.387476 0.472294 0.865398 0.958183 0.499775 0.548245 0.663795 0.723117 0.749089 0.752414 0.652852 0.502626 0.562950 0.605920 0.454551 0.449419 0.659065 0.718867 0.431489 0.396926 0.441610 0.379425 0.583273 0.562729 0.573947 0.545468 0.696529 0.575466 0.486091 0.626041 0.513438 0.867934
