0.000000 0.333895 0.873769 0.849462 0.816147 0.951023 0.662637 0.615533 0.800269 0.684277 0.374102 0.355189 0.512531 0.572881 0.653971 0.600101 0.426341 0.430577 0.449378 0.482666 0.947351 0.913192 0.870121 0.981506 0.831865 0.800078 0.864099 0.705241 0.564978 0.531099 0.718660 0.816112 0.434626 0.471832 0.947752 0.883808 0.666629 0.615613 0.903045 0.883824 0.790833 0.810191 0.597671 0.499360 0.592725 0.569854 0.661888 0.662453 0.850550 0.861543 0.682111 0.806647 0.913270 0.996415 0.845083 0.857425 0.310682 0.328169 0.479837 0.586747 0.428099 0.573880 0.341759 0.351841 0.957075 0.814110 0.747972 0.722718 0.378419 0.551743 0.539173 0.480881 0.722105 0.694695 0.963383 0.829592 0.812446 0.638890 0.678048 0.538693 0.473635 0.600417 0.815456 0.768767 0.880598 0.963563 0.893659 0.863690 0.988112 0.935995 0.888912 0.961494 0.966393 0.967337 0.947144 0.888867 0.663952 0.794138 0.411882 0.594434 0.749104 0.801422 0.538780 0.533554 0.713630 0.697250 0.787609 0.874426 0.769635 0.798789 0.712775 0.709119 0.639872 0.904232 0.659447 0.946367
0.333895 0.000000 0.938577 0.921207 0.825624 0.956026 0.809411 0.560907 0.759231 0.617444 0.475621 0.274990 0.522201 0.437316 0.594775 0.457903 0.326775 0.309735 0.463831 0.401461 0.923431 0.896830 0.802322 0.867686 0.925758 0.732801 0.916192 0.766595 0.448269 0.426717 0.776203 0.794002 0.523491 0.520436 0.963637 0.854685 0.672360 0.631248 0.797532 0.878935 0.737191 0.690048 0.620986 0.517524 0.635422 0.626992 0.794983 0.726753 0.872365 0.918424 0.781228 0.854227 0.983500 0.847578 0.889160 0.957255 0.237635 0.231015 0.689288 0.703990 0.555215 0.524687 0.406039 0.282437 0.844204 0.873801 0.961758 0.860145 0.440469 0.601222 0.423163 0.437082 0.719604 0.720690 0.971593 0.821500 0.635077 0.520941 0.714860 0.519773 0.404171 0.564267 0.684854 0.706830 0.974743 0.960198 0.896974 0.812922 0.862219 0.899100 0.858771 0.865100 0.984622 0.904724 0.932192 0.784847 0.693507 0.772453 0.402450 0.499393 0.698721 0.942515 0.594814 0.509406 0.737065 0.708845 0.775537 0.826628 0.816434 0.821351 0.651766 0.655105 0.647556 0.774813 0.698462 0.848961
0.873769 0.938577 0.000000 0.358512 0.698455 0.841673 0.305837 0.599493 0.758062 0.719909 0.741295 0.964245 0.722898 0.992469 0.833554 0.787454 0.874905 0.867603 0.609021 0.843404 0.760627 0.774576 0.529438 0.741950 0.623429 0.549486 0.878074 0.921438 0.923161 0.737104 0.463626 0.684770 0.552641 0.513673 0.626378 0.836738 0.843641 0.851783 0.670716 0.856510 0.954125 0.956609 0.494876 0.541818 0.795591 0.813130 0.627545 0.570522 0.667477 0.948559 0.878579 0.902160 0.954621 0.904973 0.806468 0.970553 0.975044 0.949095 0.582563 0.868289 0.592040 0.984873 0.717484 0.958080 0.387047 0.479366 0.298556 0.413746 0.864629 0.733685 0.820437 0.899757 0.845081 0.879464 0.642383 0.939650 0.823234 0.934531 0.744782 0.855314 0.829127 0.701601 0.960906 0.846179 0.511030 0.651740 0.886017 0.920693 0.768632 0.953593 0.867657 0.835250 0.865153 0.774613 0.988721 0.856065 0.839906 0.971824 0.938301 0.793055 0.971808 0.643858 0.801552 0.767366 0.732575 0.611084 0.986079 0.975930 0.843986 0.744397 0.805313 0.990013 0.895975 0.937765 0.805516 0.873455
0.849462 0.921207 0.358512 0.000000 0.802079 0.796649 0.304349 0.383989 0.937822 0.492961 0.842509 0.803224 0.814514 0.805097 0.807377 0.604459 0.787110 0.774011 0.526910 0.707339 0.723327 0.773214 0.390637 0.500591 0.729748 0.665591 0.973193 0.873290 0.856912 0.622906 0.424597 0.510595 0.496312 0.464063 0.706038 0.862121 0.691983 0.773564 0.668819 0.809279 0.980849 0.887368 0.443208 0.520799 0.930141 0.900160 0.750407 0.568024 0.621319 0.821057 0.868975 0.792200 0.930937 0.798413 0.858259 0.939177 0.862509 0.954746 0.724891 0.993678 0.721476 0.912275 0.626255 0.795578 0.594940 0.548775 0.420817 0.509871 0.915145 0.717414 0.654907 0.748758 0.755836 0.855719 0.698758 0.946958 0.762488 0.862164 0.646249 0.823568 0.647356 0.517769 0.834836 0.626561 0.579294 0.525837 0.870079 0.845705 0.959103 0.933064 0.719322 0.636200 0.759830 0.734569 0.998196 0.755611 0.821500 0.884113 0.892461 0.609778 0.850709 0.511132 0.684366 0.626927 0.692969 0.594123 0.979085 0.954598 0.795289 0.684862 0.808128 0.837013 0.794651 0.841814 0.877340 0.988602
0.816147 0.825624 0.698455 0.802079 0.000000 0.918547 0.745414 0.815502 0.737703 0.943153 0.804676 0.821519 0.687427 0.910839 0.713911 0.915914 0.888299 0.813675 0.750415 0.913583 0.850295 0.830541 0.823004 0.993864 0.868156 0.967116 0.880272 0.839211 0.793782 0.855033 0.842993 0.929769 0.674155 0.701353 0.823682 0.919529 0.933726 0.911638 0.908408 0.774783 0.933740 0.808364 0.684348 0.630503 0.530041 0.649640 0.786266 0.664386 0.988538 0.855883 0.998655 0.907367 0.973038 0.943072 0.940295 0.907364 0.861052 0.901794 0.678820 0.721644 0.610899 0.775801 0.839017 0.883576 0.582681 0.584637 0.664969 0.583829 0.706709 0.899483 0.900003 0.948530 0.884378 0.789251 0.923689 0.838163 0.801180 0.888114 0.916602 0.948089 0.883256 0.910036 0.913451 0.915348 0.780417 0.760254 0.855732 0.927912 0.802781 0.877162 0.903654 0.913062 0.891131 0.817122 0.976021 0.961924 0.902401 0.935769 0.775424 0.730131 0.983954 0.850702 0.808519 0.971257 0.690800 0.724602 0.883501 0.973416 0.883832 0.976518 0.806743 0.804433 0.910709 0.822728 0.693181 0.707848
0.951023 0.956026 0.841673 0.796649 0.918547 0.000000 0.801905 0.745880 0.831037 0.749757 0.933001 0.893718 0.856348 0.987670 0.993972 0.840220 0.981406 0.991906 0.925047 0.954681 0.794370 0.754477 0.838906 0.962694 0.808070 0.703542 0.982902 0.709742 0.991960 0.980527 0.757993 0.932199 0.876694 0.780213 0.674064 0.932925 0.784451 0.841196 0.769390 0.986909 0.987801 0.872864 0.857841 0.876826 0.857637 0.822862 0.814696 0.952266 0.946913 0.966737 0.978281 0.990346 0.957462 0.870670 0.957315 0.933203 0.989683 0.991477 0.804134 0.906382 0.794727 0.840142 0.905195 0.916661 0.854428 0.760783 0.766243 0.705051 0.998768 0.991140 0.852139 0.966107 0.966673 0.840946 0.924596 0.988669 0.888457 0.962420 0.988626 0.940218 0.880373 0.838467 0.908934 0.963584 0.956642 0.886873 0.886866 0.805134 0.989893 0.978575 0.673005 0.706940 0.571713 0.756231 0.964510 0.933861 0.858782 0.877928 0.832229 0.826120 0.773998 0.729973 0.823363 0.908010 0.931457 0.607064 0.910289 0.884514 0.963392 0.999408 0.931338 0.724176 0.935610 0.971741 0.867505 0.719934
0.662637 0.809411 0.305837 0.304349 0.745414 0.801905 0.000000 0.353098 0.755042 0.482204 0.611249 0.718094 0.623469 0.710272 0.711920 0.570051 0.640534 0.632177 0.372042 0.619996 0.758693 0.852371 0.398249 0.593164 0.783014 0.767055 0.908390 0.746973 0.717030 0.549340 0.398714 0.516515 0.388171 0.362722 0.691020 0.828271 0.745077 0.805772 0.707704 0.860635 0.983243 0.859119 0.364256 0.432119 0.770560 0.749932 0.581136 0.486739 0.636919 0.842045 0.931348 0.865931 0.929676 0.784785 0.842146 0.940391 0.698034 0.808974 0.553602 0.856752 0.505945 0.840360 0.452222 0.669773 0.579540 0.503102 0.325002 0.420183 0.745546 0.677764 0.598443 0.644100 0.669100 0.713015 0.754580 0.903748 0.773435 0.733239 0.612863 0.689111 0.540762 0.473540 0.842010 0.711178 0.492623 0.594016 0.918924 0.920399 0.909394 0.950013 0.715046 0.655997 0.782453 0.737015 0.979253 0.768644 0.711812 0.886539 0.689527 0.532855 0.859722 0.444998 0.579937 0.526771 0.646950 0.567286 0.917463 0.882276 0.760330 0.660075 0.713649 0.775526 0.708579 0.871556 0.757892 0.891539
0.615533 0.560907 0.599493 0.383989 0.815502 0.745880 0.353098 0.000000 0.747104 0.321606 0.684445 0.488534 0.631284 0.504008 0.697057 0.402689 0.532799 0.518600 0.392455 0.493064 0.773227 0.752104 0.455595 0.566832 0.890451 0.900939 0.842388 0.784511 0.578497 0.455099 0.483192 0.492126 0.421400 0.381815 0.744781 0.785893 0.662752 0.756673 0.872043 0.849038 0.923825 0.736759 0.383157 0.403799 0.718553 0.686057 0.694651 0.543058 0.807386 0.869708 0.928252 0.988705 0.891040 0.856059 0.986803 0.857522 0.543531 0.604633 0.615590 0.785252 0.560432 0.600802 0.439459 0.440089 0.902658 0.595908 0.529065 0.537620 0.695461 0.593501 0.475510 0.564746 0.670207 0.751576 0.806227 0.891669 0.675843 0.574291 0.592953 0.685573 0.424296 0.418083 0.668911 0.566797 0.787062 0.669082 0.939171 0.955964 0.925426 0.993896 0.575454 0.559218 0.693425 0.738560 0.884542 0.675385 0.634225 0.767443 0.530873 0.378653 0.600412 0.495685 0.523710 0.404634 0.630032 0.570950 0.829243 0.764902 0.700650 0.639672 0.633731 0.671365 0.616959 0.780125 0.777977 0.883361
0.800269 0.759231 0.758062 0.937822 0.737703 0.831037 0.755042 0.747104 0.000000 0.731896 0.691644 0.809255 0.685106 0.883907 0.845890 0.825263 0.739328 0.795554 0.777205 0.739649 0.942863 0.867239 0.918884 0.941846 0.888902 0.967569 0.898266 0.917586 0.756864 0.797841 0.783545 0.915611 0.787720 0.720690 0.816870 0.901595 0.942508 0.927397 0.992413 0.905035 0.894719 0.971119 0.686842 0.679167 0.612221 0.690550 0.637103 0.771700 0.923616 0.946386 0.982525 0.944902 0.979860 0.822599 0.956927 0.964554 0.784771 0.799551 0.648935 0.697746 0.642188 0.769304 0.813682 0.815004 0.821324 0.745679 0.706480 0.674415 0.738765 0.872575 0.824955 0.914637 0.878844 0.911470 0.868622 0.870573 0.823437 0.841314 0.981129 0.790239 0.838941 0.898704 0.987011 0.942007 0.963664 0.851564 0.757434 0.704471 0.935059 0.841920 0.889531 0.912556 0.942914 0.828904 0.861104 0.864252 0.867272 0.920622 0.715249 0.811660 0.924153 0.917092 0.877795 0.793199 0.798330 0.769546 0.954714 0.946444 0.872715 0.806518 0.666253 0.918251 0.913128 0.862086 0.749755 0.659657
0.684277 0.617444 0.719909 0.492961 0.943153 0.749757 0.482204 0.321606 0.731896 0.000000 0.744553 0.619412 0.789209 0.619972 0.778282 0.525047 0.590984 0.606631 0.473944 0.530172 0.784477 0.836184 0.531611 0.662997 0.906776 0.884391 0.769484 0.814566 0.701662 0.547289 0.539336 0.527816 0.571898 0.516931 0.713774 0.821760 0.692786 0.844605 0.944481 0.880335 0.968851 0.780170 0.502685 0.537418 0.820156 0.796350 0.758638 0.630055 0.784206 0.814558 0.990328 0.871181 0.969648 0.959637 0.928385 0.863178 0.589371 0.710648 0.782731 0.952518 0.727880 0.753417 0.571674 0.582298 0.978335 0.748808 0.638421 0.675815 0.744868 0.850089 0.459679 0.612835 0.623551 0.714384 0.844154 0.773270 0.733931 0.549553 0.690713 0.753946 0.487859 0.515641 0.741839 0.701633 0.895556 0.850188 0.937586 0.960722 0.746506 0.882301 0.565591 0.566630 0.630982 0.672913 0.915254 0.668092 0.657952 0.748572 0.541431 0.477812 0.728610 0.643600 0.641535 0.490284 0.814129 0.653892 0.855528 0.768503 0.817704 0.711670 0.668481 0.739439 0.721191 0.864273 0.800608 0.888319
0.374102 0.475621 0.741295 0.842509 0.804676 0.933001 0.611249 0.684445 0.691644 0.744553 0.000000 0.430245 0.419946 0.604758 0.598962 0.584912 0.406521 0.411600 0.431944 0.433054 0.843124 0.932066 0.835042 0.914850 0.904940 0.889702 0.901573 0.723690 0.533799 0.476927 0.740013 0.760760 0.515542 0.481534 0.992767 0.892265 0.839997 0.813584 0.950684 0.867455 0.820626 0.879568 0.599598 0.541559 0.721037 0.701701 0.628761 0.671692 0.898652 0.974619 0.947253 0.989179 0.982240 0.820102 0.976303 0.894603 0.405769 0.451704 0.572538 0.687733 0.453935 0.724732 0.392687 0.443011 0.923908 0.789528 0.689484 0.703277 0.444331 0.611115 0.588603 0.558462 0.655164 0.668711 0.958726 0.702684 0.791176 0.654387 0.579114 0.420895 0.488573 0.562937 0.827770 0.855514 0.802011 0.962774 0.776438 0.835278 0.925211 0.875175 0.961911 0.964382 0.934482 0.986128 0.886843 0.841496 0.699384 0.878529 0.469865 0.605359 0.819633 0.827913 0.572561 0.622233 0.698071 0.687422 0.851806 0.968863 0.832733 0.784450 0.830804 0.795766 0.799042 0.890014 0.583231 0.823132
0.355189 0.274990 0.964245 0.803224 0.821519 0.893718 0.718094 0.488534 0.809255 0.619412 0.430245 0.000000 0.453744 0.352904 0.496809 0.373185 0.314506 0.303078 0.423438 0.386377 0.882016 0.884183 0.730566 0.779391 0.942541 0.756635 0.881620 0.787724 0.400835 0.372368 0.736984 0.704928 0.444075 0.481481 0.890832 0.912060 0.651901 0.695743 0.837252 0.826441 0.700466 0.731536 0.582368 0.489247 0.693854 0.626104 0.736276 0.689120 0.934888 0.971192 0.799722 0.885536 0.960249 0.927264 0.937824 0.961554 0.285655 0.290705 0.669287 0.709564 0.536915 0.533797 0.336760 0.238204 0.844464 0.848116 0.876657 0.820381 0.522387 0.578429 0.472425 0.442668 0.695839 0.758724 0.986606 0.803622 0.630615 0.489300 0.581751 0.501669 0.368398 0.459877 0.605039 0.617442 0.906750 0.869203 0.895584 0.959699 0.962376 0.875464 0.844675 0.845812 0.982605 0.973248 0.944456 0.732810 0.694005 0.719862 0.413328 0.460204 0.676174 0.803987 0.546852 0.491322 0.626980 0.685627 0.831118 0.859040 0.741845 0.743533 0.725136 0.651469 0.657273 0.823539 0.696478 0.845722
0.512531 0.522201 0.722898 0.814514 0.687427 0.856348 0.623469 0.631284 0.685106 0.789209 0.419946 0.453744 0.000000 0.501696 0.359909 0.466858 0.518241 0.416561 0.532729 0.575874 0.750822 0.922939 0.684903 0.800663 0.977241 0.906101 0.964071 0.884098 0.508821 0.468074 0.707366 0.818593 0.494973 0.528310 0.969977 0.985474 0.748416 0.795298 0.923650 0.851895 0.858689 0.854214 0.546928 0.479601 0.592913 0.630931 0.641330 0.623773 0.923962 0.903346 0.930563 0.865969 0.962185 0.880161 0.991783 0.946216 0.503725 0.508764 0.613220 0.691898 0.427049 0.677579 0.422388 0.454064 0.763197 0.717497 0.728337 0.713862 0.654018 0.728347 0.652904 0.641473 0.824655 0.863690 0.964058 0.720798 0.823502 0.552809 0.592857 0.493807 0.529601 0.579917 0.760199 0.820647 0.677551 0.810108 0.876386 0.950962 0.772615 0.910874 0.989078 0.974010 0.970906 0.997123 0.923395 0.800239 0.740305 0.868098 0.578636 0.653322 0.891971 0.831051 0.607578 0.688001 0.626348 0.639327 0.861623 0.958506 0.768013 0.718577 0.848375 0.685866 0.777114 0.821539 0.665552 0.819373
0.572881 0.437316 0.992469 0.805097 0.910839 0.987670 0.710272 0.504008 0.883907 0.619972 0.604758 0.352904 0.501696 0.000000 0.427284 0.368069 0.411294 0.340815 0.475767 0.446847 0.878379 0.962167 0.621745 0.655167 0.928393 0.730269 0.877048 0.779104 0.449727 0.395063 0.747378 0.611748 0.534930 0.596722 0.860879 0.926303 0.812161 0.799418 0.811126 0.860530 0.916179 0.784468 0.572140 0.568109 0.780020 0.788410 0.781950 0.688273 0.926313 0.850875 0.940800 0.984724 0.935996 0.925590 0.906928 0.835055 0.394462 0.439277 0.860234 0.928239 0.747258 0.751698 0.397924 0.351288 0.872324 0.971073 0.948659 0.932828 0.696720 0.781039 0.563374 0.564232 0.683203 0.776199 0.945421 0.788004 0.643368 0.466375 0.563028 0.526933 0.391881 0.431599 0.519417 0.613884 0.769832 0.785224 0.965806 0.865793 0.983641 0.864423 0.860958 0.774279 0.999892 0.965091 0.992755 0.706179 0.747883 0.806588 0.515463 0.443136 0.775889 0.798856 0.533428 0.527684 0.729519 0.801629 0.861493 0.788501 0.771548 0.728818 0.774902 0.608933 0.756886 0.708726 0.806697 0.993805
0.653971 0.594775 0.833554 0.807377 0.713911 0.993972 0.711920 0.697057 0.845890 0.778282 0.598962 0.496809 0.359909 0.427284 0.000000 0.473015 0.541440 0.443673 0.560413 0.563208 0.651458 0.933258 0.624099 0.723993 0.930456 0.850531 0.891404 0.873758 0.496967 0.444823 0.753090 0.758642 0.578170 0.616924 0.886739 0.973984 0.783762 0.781392 0.820095 0.816169 0.933296 0.903317 0.595230 0.502945 0.738684 0.761132 0.712162 0.598052 0.886535 0.965367 0.943532 0.987398 0.976398 0.994309 0.974049 0.890506 0.559750 0.599846 0.837084 0.902866 0.663824 0.789768 0.514622 0.526107 0.783287 0.797340 0.877834 0.851137 0.771264 0.854998 0.678147 0.690160 0.823607 0.941888 0.927527 0.715830 0.755964 0.535058 0.565614 0.552626 0.528202 0.566982 0.704157 0.737085 0.647063 0.725373 0.933107 0.902130 0.817221 0.898139 0.990701 0.943589 0.908957 0.946308 0.970823 0.644739 0.855571 0.831895 0.664009 0.608757 0.957098 0.886089 0.681514 0.726456 0.695574 0.733822 0.960818 0.933412 0.712202 0.748346 0.837345 0.631008 0.848456 0.723112 0.807935 0.891019
0.600101 0.457903 0.787454 0.604459 0.915914 0.840220 0.570051 0.402689 0.825263 0.525047 0.584912 0.373185 0.466858 0.368069 0.473015 0.000000 0.418461 0.352856 0.437695 0.417367 0.756086 0.875996 0.457141 0.516036 0.919131 0.958419 0.929491 0.846236 0.446947 0.304336 0.652413 0.554458 0.467211 0.486891 0.981371 0.928276 0.667968 0.774134 0.975441 0.832389 0.833489 0.755145 0.478207 0.451902 0.819126 0.758085 0.720169 0.616638 0.828486 0.904828 0.995863 0.938307 0.978388 0.983847 0.876710 0.805706 0.434359 0.453735 0.776618 0.904922 0.632877 0.670472 0.397980 0.354766 0.965175 0.754839 0.807372 0.787374 0.731958 0.718919 0.456392 0.522394 0.698803 0.776985 0.951371 0.780238 0.603477 0.484447 0.561864 0.535629 0.393491 0.398425 0.596420 0.572459 0.731630 0.643630 0.939270 0.811144 0.974356 0.976184 0.795343 0.730454 0.918214 0.914752 0.910109 0.671985 0.784781 0.806662 0.578081 0.446301 0.802090 0.756843 0.531647 0.446270 0.580738 0.657264 0.992413 0.936707 0.762397 0.668075 0.814620 0.700571 0.682699 0.755908 0.764367 0.887003
0.426341 0.326775 0.874905 0.787110 0.888299 0.981406 0.640534 0.532799 0.739328 0.590984 0.406521 0.314506 0.518241 0.411294 0.541440 0.418461 0.000000 0.246978 0.364950 0.344791 0.859734 0.943004 0.665658 0.742614 0.997514 0.828077 0.937043 0.716339 0.384064 0.317496 0.665896 0.620682 0.456515 0.431214 0.947465 0.854803 0.720929 0.726294 0.860662 0.921912 0.752558 0.769788 0.539258 0.470179 0.767739 0.721212 0.678921 0.697905 0.904197 0.915940 0.986095 0.936578 0.886594 0.899938 0.895931 0.908937 0.254238 0.317022 0.726795 0.811371 0.590180 0.671574 0.335471 0.308529 0.945561 0.860660 0.817979 0.806018 0.493158 0.605633 0.425003 0.434651 0.635844 0.665856 0.954995 0.757754 0.682803 0.570648 0.539891 0.414517 0.309594 0.414767 0.621346 0.636227 0.820017 0.863146 0.913910 0.990668 0.965802 0.853879 0.898515 0.865482 0.985031 0.934580 0.882786 0.747456 0.680126 0.800928 0.548895 0.492806 0.815112 0.818172 0.583520 0.458852 0.724719 0.776845 0.823241 0.889397 0.821518 0.721542 0.678257 0.716189 0.670776 0.738002 0.737004 0.794539
0.430577 0.309735 0.867603 0.774011 0.813675 0.991906 0.632177 0.518600 0.795554 0.606631 0.411600 0.303078 0.416561 0.340815 0.443673 0.352856 0.246978 0.000000 0.334907 0.310987 0.828379 0.969626 0.603454 0.707230 0.977573 0.768809 0.972728 0.703026 0.331668 0.261398 0.694137 0.594774 0.418237 0.417839 0.943532 0.858306 0.700608 0.693061 0.836533 0.900086 0.802830 0.702259 0.505793 0.432693 0.736918 0.696986 0.728095 0.624715 0.879197 0.925103 0.996532 0.961027 0.917111 0.891824 0.923899 0.890306 0.246653 0.297731 0.745880 0.826347 0.560353 0.668919 0.306118 0.275127 0.987362 0.813288 0.813043 0.798091 0.494550 0.631815 0.428490 0.430023 0.679675 0.707507 0.936458 0.776660 0.651514 0.492813 0.492665 0.399530 0.264937 0.358130 0.518258 0.562579 0.741996 0.775333 0.993530 0.929634 0.993480 0.882393 0.920606 0.855920 0.960158 0.970634 0.951493 0.721355 0.694522 0.808085 0.520313 0.436994 0.789439 0.841958 0.527718 0.467824 0.680609 0.699316 0.835915 0.968554 0.804012 0.709905 0.692435 0.615149 0.695769 0.712645 0.692827 0.878541
0.449378 0.463831 0.609021 0.526910 0.750415 0.925047 0.372042 0.392455 0.777205 0.473944 0.431944 0.423438 0.532729 0.475767 0.560413 0.437695 0.364950 0.334907 0.000000 0.332800 0.845377 0.955696 0.447058 0.604457 0.949997 0.909552 0.903174 0.592017 0.462273 0.382938 0.561954 0.467866 0.356339 0.329113 0.907885 0.778674 0.720367 0.750365 0.972936 0.893340 0.934721 0.792847 0.420538 0.433115 0.794500 0.796506 0.660175 0.533370 0.717069 0.787935 0.921520 0.810875 0.922468 0.945094 0.973380 0.823076 0.369642 0.486087 0.688496 0.908947 0.545269 0.781299 0.282724 0.413520 0.846834 0.705541 0.583091 0.650140 0.565123 0.609227 0.370289 0.447322 0.620579 0.644016 0.861904 0.800319 0.668079 0.561963 0.530405 0.497275 0.317741 0.360939 0.610777 0.602015 0.584011 0.679380 0.924087 0.963147 0.908124 0.788201 0.740898 0.700708 0.886001 0.808914 0.952420 0.753204 0.649326 0.824785 0.512449 0.354922 0.817925 0.604009 0.481070 0.438804 0.688522 0.640419 0.869986 0.893873 0.782825 0.774309 0.701701 0.640334 0.699615 0.829916 0.672915 0.903373
0.482666 0.401461 0.843404 0.707339 0.913583 0.954681 0.619996 0.493064 0.739649 0.530172 0.433054 0.386377 0.575874 0.446847 0.563208 0.417367 0.344791 0.310987 0.332800 0.000000 0.837377 0.948511 0.619793 0.706799 0.926606 0.799220 0.925397 0.655008 0.446853 0.362889 0.700919 0.502765 0.504193 0.443326 0.913520 0.749047 0.687073 0.755330 0.867282 0.974640 0.810923 0.864677 0.524668 0.502828 0.890867 0.846492 0.800771 0.695342 0.775918 0.787413 0.905868 0.795106 0.845153 0.914241 0.882650 0.837355 0.347651 0.416990 0.814290 0.940379 0.675863 0.753639 0.366358 0.371345 0.952087 0.869361 0.792598 0.810571 0.517521 0.628572 0.385294 0.482196 0.613767 0.653297 0.972735 0.714918 0.720484 0.545326 0.509925 0.482841 0.351150 0.424088 0.608818 0.591450 0.857141 0.851119 0.984023 0.993406 0.830821 0.795556 0.839816 0.815613 0.994371 0.927284 0.955085 0.791315 0.763760 0.855494 0.539689 0.457969 0.810168 0.746297 0.575774 0.480934 0.760899 0.689851 0.911502 0.949710 0.793560 0.763618 0.700422 0.681622 0.760641 0.732948 0.681943 0.989588
0.947351 0.923431 0.760627 0.723327 0.850295 0.794370 0.758693 0.773227 0.942863 0.784477 0.843124 0.882016 0.750822 0.878379 0.651458 0.756086 0.859734 0.828379 0.845377 0.837377 0.000000 0.758258 0.755888 0.824341 0.745619 0.829722 0.840176 0.985472 0.925853 0.708295 0.790049 0.831355 0.812483 0.785239 0.977968 0.938169 0.859047 0.914360 0.972354 0.985040 0.957768 0.933695 0.773634 0.714505 0.947532 0.910272 0.841287 0.778985 0.873695 0.944059 0.961648 0.989546 0.948959 0.995338 0.811519 0.921396 0.941082 0.991487 0.890581 0.968384 0.803048 0.918735 0.862596 0.870742 0.745774 0.787359 0.830591 0.811506 0.964414 0.969047 0.880872 0.900333 0.896863 0.878068 0.880396 0.962941 0.992014 0.820186 0.804835 0.890311 0.829725 0.822811 0.969240 0.891110 0.867498 0.850801 0.970526 0.964938 0.915340 0.969569 0.950014 0.921817 0.894632 0.937633 0.944428 0.715293 0.861070 0.941441 0.980158 0.897088 0.982331 0.974276 0.810381 0.967707 0.882886 0.733083 0.963628 0.972673 0.786716 0.912380 0.923800 0.930537 0.919375 0.941657 0.945622 0.905934
0.913192 0.896830 0.774576 0.773214 0.830541 0.754477 0.852371 0.752104 0.867239 0.836184 0.932066 0.884183 0.922939 0.962167 0.933258 0.875996 0.943004 0.969626 0.955696 0.948511 0.758258 0.000000 0.850476 0.937468 0.766209 0.726448 0.722954 0.950339 0.924890 0.868336 0.761770 0.959905 0.889065 0.820023 0.915960 0.914989 0.915985 0.896573 0.874435 0.852090 0.999849 0.849499 0.793345 0.753119 0.767666 0.833010 0.889377 0.957166 0.922409 0.850831 0.934353 0.839011 0.891018 0.899858 0.871057 0.784029 0.961447 0.937400 0.828043 0.889525 0.918093 0.877405 0.987251 0.945096 0.856357 0.807365 0.807340 0.823977 0.875377 0.807322 0.809695 0.916272 0.989362 0.931535 0.746090 0.982743 0.852405 0.927035 0.863782 0.931391 0.931212 0.943742 0.935237 0.972782 0.991872 0.980096 0.940064 0.956883 0.846554 0.985018 0.784726 0.840250 0.822589 0.829032 0.838294 0.735084 0.958483 0.981717 0.832787 0.821968 0.848104 0.865572 0.916906 0.793309 0.866007 0.792203 0.989319 0.951333 0.994427 0.931007 0.818056 0.975294 0.938608 0.995607 0.935565 0.799067
0.870121 0.802322 0.529438 0.390637 0.823004 0.838906 0.398249 0.455595 0.918884 0.531611 0.835042 0.730566 0.684903 0.621745 0.624099 0.457141 0.665658 0.603454 0.447058 0.619793 0.755888 0.850476 0.000000 0.347446 0.715636 0.852259 0.948150 0.809801 0.729334 0.534903 0.483557 0.458951 0.536742 0.579767 0.937080 0.820460 0.740113 0.845133 0.828024 0.959856 0.943277 0.772158 0.459656 0.555925 0.935820 0.970599 0.808448 0.675728 0.561832 0.738925 0.736825 0.709275 0.921684 0.832127 0.912529 0.726546 0.725605 0.835474 0.968987 0.802413 0.816451 0.986136 0.594164 0.739758 0.625721 0.662059 0.659154 0.747867 0.998097 0.898557 0.463816 0.606497 0.792683 0.820927 0.804793 0.963314 0.680466 0.688868 0.717845 0.728565 0.576185 0.517566 0.713193 0.676937 0.476137 0.455899 0.752203 0.789938 0.974340 0.849525 0.763060 0.606924 0.830339 0.775974 0.946008 0.628101 0.869813 0.915427 0.812493 0.510430 0.972954 0.656698 0.762854 0.627619 0.805375 0.668106 0.973507 0.956649 0.839925 0.755546 0.827425 0.753826 0.771429 0.845647 0.887593 0.917352
0.981506 0.867686 0.741950 0.500591 0.993864 0.962694 0.593164 0.566832 0.941846 0.662997 0.914850 0.779391 0.800663 0.655167 0.723993 0.516036 0.742614 0.707230 0.604457 0.706799 0.824341 0.937468 0.347446 0.000000 0.707671 0.980292 0.944353 0.857499 0.762396 0.601644 0.676218 0.475568 0.712120 0.733191 0.944419 0.930838 0.791292 0.886572 0.853520 0.933812 0.943901 0.917995 0.683357 0.782703 0.838015 0.836772 0.981064 0.859798 0.569301 0.664464 0.720556 0.678218 0.935449 0.853318 0.861294 0.650117 0.788841 0.875175 0.849284 0.686617 0.986994 0.953815 0.695244 0.784405 0.871937 0.874450 0.887201 0.976053 0.940814 0.881010 0.622115 0.712333 0.714566 0.746534 0.898741 0.914489 0.772668 0.825018 0.722788 0.751097 0.659757 0.549037 0.756764 0.691603 0.620648 0.489043 0.853898 0.727126 0.975631 0.977029 0.864626 0.718758 0.920534 0.903374 0.869179 0.682948 0.950655 0.961888 0.918876 0.642769 0.924939 0.706741 0.860148 0.712192 0.781693 0.831642 0.843886 0.980080 0.892614 0.886376 0.934820 0.880974 0.878181 0.826116 0.877999 0.994332
0.831865 0.925758 0.623429 0.729748 0.868156 0.808070 0.783014 0.890451 0.888902 0.906776 0.904940 0.942541 0.977241 0.928393 0.930456 0.919131 0.997514 0.977573 0.949997 0.926606 0.745619 0.766209 0.715636 0.707671 0.000000 0.583837 0.744404 0.849740 0.977213 0.866665 0.739451 0.891769 0.944278 0.850908 0.814327 0.955298 0.932268 0.950645 0.741365 0.998734 0.939065 0.985862 0.844831 0.895644 0.969750 0.965884 0.880973 0.833334 0.763979 0.951382 0.822621 0.960437 0.887227 0.929970 0.973258 0.884683 0.911293 0.871884 0.978497 0.845152 0.975539 0.897676 0.976866 0.875239 0.618662 0.766060 0.808063 0.860154 0.925227 0.985264 0.986771 0.926795 0.864367 0.997855 0.825516 0.953157 0.847948 0.981618 0.959595 0.879470 0.987220 0.923425 0.956756 0.966823 0.835991 0.725958 0.909143 0.950208 0.954056 0.964560 0.994596 0.929564 0.872714 0.864169 0.974035 0.768806 0.909804 0.963053 0.902746 0.973858 0.910795 0.991953 0.844113 0.983160 0.857676 0.819312 0.955301 0.989272 0.923523 0.929214 0.790727 0.927461 0.966920 0.982150 0.959367 0.694113
0.800078 0.732801 0.549486 0.665591 0.967116 0.703542 0.767055 0.900939 0.967569 0.884391 0.889702 0.756635 0.906101 0.730269 0.850531 0.958419 0.828077 0.768809 0.909552 0.799220 0.829722 0.726448 0.852259 0.980292 0.583837 0.000000 0.699543 0.701859 0.790875 0.924597 0.719863 0.947750 0.973384 0.891494 0.569095 0.816714 0.949906 0.903029 0.701194 0.909651 0.989058 0.932000 0.855146 0.884910 0.965822 0.974160 0.745804 0.800663 0.843475 0.940661 0.903068 0.985657 0.938366 0.952977 0.854018 0.867747 0.736784 0.729854 0.812893 0.932391 0.924543 0.945626 0.856983 0.769295 0.561208 0.646588 0.634452 0.610853 0.900972 0.969822 0.892447 0.814036 0.933959 0.865214 0.711789 0.976837 0.950738 0.828465 0.968134 0.852893 0.884034 0.994322 0.894599 0.945205 0.829971 0.790333 0.933784 0.919978 0.852394 0.753015 0.980172 0.968682 0.877734 0.961475 0.919779 0.993070 0.941906 0.983085 0.781423 0.918026 0.856622 0.930420 0.955507 0.941536 0.968575 0.827027 0.996903 0.940512 0.986532 0.898041 0.997503 0.832230 0.909919 0.958119 0.946074 0.760783
0.864099 0.916192 0.878074 0.973193 0.880272 0.982902 0.908390 0.842388 0.898266 0.769484 0.901573 0.881620 0.964071 0.877048 0.891404 0.929491 0.937043 0.972728 0.903174 0.925397 0.840176 0.722954 0.948150 0.944353 0.744404 0.699543 0.000000 0.787244 0.966066 0.944976 0.821278 0.908140 0.968536 0.984448 0.980888 0.974852 0.981820 0.925152 0.942654 0.922135 0.949586 0.954880 0.935197 0.862464 0.959211 0.984449 0.921626 0.952467 0.917067 0.790917 0.945368 0.883357 0.987004 0.973039 0.982055 0.918253 0.915622 0.952322 0.992694 0.989697 0.960717 0.886057 0.879688 0.883191 0.656675 0.877104 0.986610 0.977775 0.917853 0.894085 0.942111 0.936755 0.869330 0.812825 0.866144 0.991246 0.992999 0.779727 0.910585 0.993008 0.883311 0.894960 0.931388 0.987392 0.907416 0.833942 0.912752 0.902911 0.796494 0.853308 0.702882 0.778999 0.734964 0.853640 0.935380 0.969212 0.787566 0.985190 0.725781 0.839187 0.943617 0.940561 0.876923 0.892311 0.876551 0.983241 0.985937 0.813605 0.911695 0.989887 0.921464 0.982237 0.930963 0.976606 0.971370 0.921016
0.705241 0.766595 0.921438 0.873290 0.839211 0.709742 0.746973 0.784511 0.917586 0.814566 0.723690 0.787724 0.884098 0.779104 0.873758 0.846236 0.716339 0.703026 0.592017 0.655008 0.985472 0.950339 0.809801 0.857499 0.849740 0.701859 0.787244 0.000000 0.741415 0.750219 0.996801 0.802319 0.779547 0.753232 0.968674 0.855196 0.902546 0.895120 0.900074 0.891468 0.999637 0.934168 0.768946 0.787027 0.949580 0.947291 0.978392 0.735655 0.834943 0.884477 0.898194 0.841443 0.892439 0.812163 0.981332 0.862702 0.671039 0.760216 0.952259 0.959860 0.816028 0.876201 0.746342 0.811955 0.984127 0.882211 0.885695 0.910140 0.731592 0.847205 0.717691 0.769639 0.649554 0.660004 0.924827 0.890183 0.898918 0.849263 0.765247 0.722315 0.740112 0.827566 0.834495 0.829556 0.851049 0.978801 0.863856 0.973764 0.903323 0.714057 0.913721 0.860755 0.941728 0.919889 0.976855 0.971811 0.932460 0.970323 0.751683 0.669597 0.995345 0.795908 0.817063 0.717674 0.809995 0.956388 0.966657 0.978338 0.977679 0.956669 0.769867 0.833782 0.889473 0.965536 0.916038 0.859904
0.564978 0.448269 0.923161 0.856912 0.793782 0.991960 0.717030 0.578497 0.756864 0.701662 0.533799 0.400835 0.508821 0.449727 0.496967 0.446947 0.384064 0.331668 0.462273 0.446853 0.925853 0.924890 0.729334 0.762396 0.977213 0.790875 0.966066 0.741415 0.000000 0.369905 0.787098 0.674142 0.500589 0.473850 0.997815 0.906830 0.833594 0.876930 0.913897 0.965545 0.800282 0.768293 0.544468 0.488317 0.692315 0.623178 0.655883 0.574175 0.968046 0.934867 0.930190 0.917080 0.928638 0.973992 0.971965 0.916751 0.390576 0.406141 0.744671 0.772223 0.584316 0.595285 0.435798 0.374351 0.991685 0.764231 0.783851 0.762955 0.543122 0.569027 0.630500 0.662440 0.700546 0.742734 0.926924 0.699154 0.732378 0.537696 0.557968 0.474046 0.366566 0.471281 0.565957 0.580965 0.779910 0.794334 0.872481 0.932913 0.985123 0.991540 0.938519 0.871153 0.990605 0.958856 0.845763 0.736841 0.750071 0.775156 0.565723 0.521336 0.750576 0.758899 0.621696 0.541286 0.707397 0.750047 0.950595 0.980748 0.829234 0.724888 0.633512 0.706460 0.773242 0.718752 0.805499 0.856531
0.531099 0.426717 0.737104 0.622906 0.855033 0.980527 0.549340 0.455099 0.797841 0.547289 0.476927 0.372368 0.468074 0.395063 0.444823 0.304336 0.317496 0.261398 0.382938 0.362889 0.708295 0.868336 0.534903 0.601644 0.866665 0.924597 0.944976 0.750219 0.369905 0.000000 0.592326 0.529299 0.443782 0.391449 0.982172 0.857281 0.667119 0.636483 0.931036 0.879270 0.791844 0.781253 0.407547 0.343461 0.753202 0.660787 0.661261 0.507367 0.857479 0.977341 0.960019 0.985396 0.972575 0.979117 0.923289 0.912900 0.341727 0.413683 0.730283 0.851259 0.551602 0.626256 0.375152 0.333263 0.874725 0.684081 0.739334 0.742575 0.604637 0.608333 0.480100 0.513026 0.617739 0.668031 0.840190 0.745010 0.694896 0.516768 0.445443 0.482388 0.338765 0.389441 0.511993 0.553946 0.724518 0.726285 0.983167 0.839062 0.910781 0.944305 0.946627 0.895783 0.894531 0.998017 0.970230 0.649615 0.782772 0.765226 0.607971 0.483187 0.783405 0.808931 0.588896 0.457914 0.617034 0.639083 0.854594 0.966177 0.716401 0.620884 0.671916 0.721360 0.661203 0.737138 0.742433 0.857751
0.718660 0.776203 0.463626 0.424597 0.842993 0.757993 0.398714 0.483192 0.783545 0.539336 0.740013 0.736984 0.707366 0.747378 0.753090 0.652413 0.665896 0.694137 0.561954 0.700919 0.790049 0.761770 0.483557 0.676218 0.739451 0.719863 0.821278 0.996801 0.787098 0.592326 0.000000 0.572966 0.473176 0.460892 0.718975 0.876650 0.754602 0.811838 0.776555 0.901411 0.926467 0.834737 0.471990 0.480141 0.772629 0.751750 0.683653 0.643965 0.751356 0.927281 0.972148 0.949161 0.886742 0.908112 0.877304 0.928566 0.727360 0.814051 0.673181 0.888745 0.616194 0.889112 0.601833 0.718657 0.652185 0.629960 0.506435 0.574537 0.857287 0.729604 0.635713 0.742205 0.745825 0.829388 0.803768 0.904231 0.783930 0.830869 0.750263 0.754917 0.653182 0.631187 0.837138 0.800146 0.678501 0.716450 0.876981 0.965195 0.831436 0.994937 0.838324 0.773113 0.898988 0.768331 0.945199 0.844115 0.726673 0.872065 0.797036 0.707926 0.808802 0.556674 0.788575 0.682681 0.905555 0.633764 0.884222 0.821242 0.918081 0.758580 0.710845 0.850110 0.750708 0.885884 0.817414 0.873784
0.816112 0.794002 0.684770 0.510595 0.929769 0.932199 0.516515 0.492126 0.915611 0.527816 0.760760 0.704928 0.818593 0.611748 0.758642 0.554458 0.620682 0.594774 0.467866 0.502765 0.831355 0.959905 0.458951 0.475568 0.891769 0.947750 0.908140 0.802319 0.674142 0.529299 0.572966 0.000000 0.585556 0.543117 0.999820 0.739862 0.834733 0.944727 0.996529 0.948254 0.983300 0.982515 0.582189 0.682836 0.906519 0.945833 0.899203 0.730771 0.559599 0.611905 0.767362 0.671717 0.924478 0.901987 0.988186 0.773971 0.674972 0.792205 0.997488 0.854509 0.876402 0.996349 0.546124 0.649483 0.920325 0.835224 0.743571 0.806780 0.908179 0.815477 0.598419 0.711674 0.711191 0.725080 0.874506 0.888686 0.855949 0.690600 0.577137 0.708037 0.507578 0.436009 0.679882 0.622083 0.677936 0.615782 0.911737 0.745497 0.928141 0.986893 0.872804 0.749481 0.910172 0.922431 0.942954 0.683968 0.773738 0.887823 0.869667 0.576969 0.856995 0.641815 0.772927 0.567091 0.861225 0.838185 0.955031 0.949601 0.861029 0.772281 0.750470 0.906455 0.915932 0.807983 0.851695 0.996909
0.434626 0.523491 0.552641 0.496312 0.674155 0.876694 0.388171 0.421400 0.787720 0.571898 0.515542 0.444075 0.494973 0.534930 0.578170 0.467211 0.456515 0.418237 0.356339 0.504193 0.812483 0.889065 0.536742 0.712120 0.944278 0.973384 0.968536 0.779547 0.500589 0.443782 0.473176 0.585556 0.000000 0.299839 0.794528 0.812698 0.641407 0.681330 0.919851 0.775210 0.836089 0.735973 0.426781 0.386801 0.650480 0.635903 0.670380 0.540757 0.843604 0.943870 0.966312 0.991441 0.957733 0.988027 0.830526 0.997710 0.462649 0.528444 0.521748 0.691999 0.422551 0.691904 0.330122 0.407013 0.771559 0.606442 0.486324 0.487152 0.588134 0.569113 0.512554 0.513390 0.772832 0.871564 0.855487 0.954805 0.676654 0.570487 0.585950 0.590236 0.397156 0.383359 0.682619 0.537546 0.607625 0.588757 0.981039 0.942103 0.874577 0.962460 0.811415 0.737615 0.863902 0.839540 0.950905 0.828623 0.733965 0.835346 0.578522 0.591713 0.812592 0.590856 0.521872 0.505449 0.577113 0.627094 0.867782 0.925648 0.852112 0.735797 0.659385 0.702243 0.736217 0.789835 0.686124 0.922750
0.471832 0.520436 0.513673 0.464063 0.701353 0.780213 0.362722 0.381815 0.720690 0.516931 0.481534 0.481481 0.528310 0.596722 0.616924 0.486891 0.431214 0.417839 0.329113 0.443326 0.785239 0.820023 0.579767 0.733191 0.850908 0.891494 0.984448 0.753232 0.473850 0.391449 0.460892 0.543117 0.299839 0.000000 0.717442 0.792761 0.650294 0.740609 0.795620 0.802910 0.862067 0.778403 0.388810 0.343971 0.668472 0.647667 0.572808 0.427841 0.813902 0.961329 0.990132 0.960184 0.976865 0.989730 0.860453 0.952689 0.460919 0.540245 0.513159 0.685261 0.423251 0.664958 0.343219 0.441130 0.736157 0.547505 0.422173 0.424139 0.531392 0.504768 0.497148 0.602179 0.699772 0.801524 0.830726 0.842498 0.728185 0.607835 0.462745 0.565113 0.346541 0.361145 0.686917 0.547756 0.660804 0.652877 0.942830 0.959810 0.911439 0.985949 0.755255 0.730214 0.849444 0.777915 0.905401 0.783789 0.655651 0.761985 0.576651 0.511033 0.790219 0.558031 0.551921 0.406439 0.587628 0.578535 0.854598 0.897504 0.834454 0.683177 0.567330 0.693487 0.678713 0.734389 0.656909 0.856795
0.947752 0.963637 0.626378 0.706038 0.823682 0.674064 0.691020 0.744781 0.816870 0.713774 0.992767 0.890832 0.969977 0.860879 0.886739 0.981371 0.947465 0.943532 0.907885 0.913520 0.977968 0.915960 0.937080 0.944419 0.814327 0.569095 0.980888 0.968674 0.997815 0.982172 0.718975 0.999820 0.794528 0.717442 0.000000 0.797640 0.869545 0.946594 0.626007 0.999523 0.976856 0.983594 0.763054 0.762049 0.687573 0.747550 0.855682 0.736731 0.935140 0.923964 0.969332 0.922308 0.804836 0.925896 0.810315 0.877916 0.961707 0.919660 0.638526 0.764727 0.698700 0.850168 0.952602 0.969361 0.684465 0.613824 0.504173 0.506023 0.900890 0.874182 0.985824 0.863838 0.967031 0.947088 0.857789 0.937407 0.930339 0.971143 0.975258 0.960131 0.926518 0.910591 0.987710 0.951388 0.880045 0.860817 0.901965 0.821877 0.960314 0.863244 0.786153 0.842427 0.696465 0.755518 0.970502 0.888755 0.720160 0.882730 0.904350 0.897868 0.893419 0.775738 0.859929 0.937386 0.904075 0.733491 0.875908 0.860116 0.969379 0.915951 0.815401 0.783979 0.988511 0.993001 0.911203 0.950435
0.883808 0.854685 0.836738 0.862121 0.919529 0.932925 0.828271 0.785893 0.901595 0.821760 0.892265 0.912060 0.985474 0.926303 0.973984 0.928276 0.854803 0.858306 0.778674 0.749047 0.938169 0.914989 0.820460 0.930838 0.955298 0.816714 0.974852 0.855196 0.906830 0.857281 0.876650 0.739862 0.812698 0.792761 0.797640 0.000000 0.886132 0.778536 0.945846 0.942921 0.939581 0.992529 0.754090 0.800115 0.854979 0.912697 0.993264 0.847134 0.915313 0.899370 0.995673 0.986511 0.976745 0.954594 0.868819 0.963646 0.824181 0.891989 0.913872 0.891129 0.837569 0.884789 0.877603 0.858022 0.872538 0.764950 0.778836 0.760244 0.792481 0.855116 0.729209 0.955072 0.984831 0.934440 0.868055 0.959850 0.994054 0.858396 0.996485 0.983946 0.818788 0.903313 0.727045 0.815701 0.986625 0.873413 0.879346 0.965506 0.949881 0.955488 0.981289 0.885599 0.926938 0.942818 0.940573 0.897446 0.867844 0.976578 0.895266 0.791134 0.933244 0.996510 0.976649 0.839026 0.985217 0.902373 0.661178 0.911963 0.880389 0.996245 0.786819 0.848459 0.966611 0.827783 0.821819 0.881221
0.666629 0.672360 0.843641 0.691983 0.933726 0.784451 0.745077 0.662752 0.942508 0.692786 0.839997 0.651901 0.748416 0.812161 0.783762 0.667968 0.720929 0.700608 0.720367 0.687073 0.859047 0.915985 0.740113 0.791292 0.932268 0.949906 0.981820 0.902546 0.833594 0.667119 0.754602 0.834733 0.641407 0.650294 0.869545 0.886132 0.000000 0.626541 0.959692 0.998184 0.739055 0.823142 0.718784 0.673185 0.885317 0.813673 0.971383 0.826266 0.985121 0.989163 0.926967 0.985672 0.899987 0.948811 0.940301 0.964681 0.658019 0.674912 0.813673 0.920357 0.726462 0.717586 0.682901 0.649853 0.926053 0.757052 0.865018 0.814860 0.803339 0.807317 0.576829 0.676854 0.860299 0.881421 0.960315 0.989842 0.790597 0.695544 0.722738 0.913193 0.702039 0.721414 0.814034 0.645096 0.920736 0.836018 0.883316 0.987181 0.950783 0.915624 0.860535 0.790100 0.887369 0.805815 0.796212 0.989573 0.749698 0.690259 0.728296 0.740979 0.920914 0.802527 0.822051 0.752772 0.684645 0.708831 0.941665 0.799989 0.767127 0.886228 0.779307 0.617978 0.792783 0.866285 0.840966 0.916041
0.615613 0.631248 0.851783 0.773564 0.911638 0.841196 0.805772 0.756673 0.927397 0.844605 0.813584 0.695743 0.795298 0.799418 0.781392 0.774134 0.726294 0.693061 0.750365 0.755330 0.914360 0.896573 0.845133 0.886572 0.950645 0.903029 0.925152 0.895120 0.876930 0.636483 0.811838 0.944727 0.681330 0.740609 0.946594 0.778536 0.626541 0.000000 0.923552 0.763146 0.873031 0.924938 0.639204 0.607173 0.737607 0.729146 0.920355 0.808742 0.826142 0.799272 0.709369 0.728405 0.847098 0.830278 0.952740 0.971233 0.652140 0.670405 0.745725 0.805619 0.679390 0.702665 0.704568 0.659318 0.874034 0.772364 0.901974 0.870928 0.731673 0.668490 0.665149 0.665990 0.954712 0.825729 0.846242 0.970911 0.834340 0.830002 0.864345 0.834198 0.813516 0.853845 0.828430 0.775480 0.914606 0.853866 0.880087 0.979995 0.874105 0.880367 0.929743 0.879084 0.797655 0.957037 0.964682 0.922112 0.885499 0.807317 0.774564 0.805259 0.842833 0.960693 0.837850 0.727317 0.776470 0.707692 0.775590 0.787957 0.710726 0.839711 0.814909 0.841556 0.722503 0.816647 0.876665 0.857681
