0.000000 0.127221 0.378007 0.385734 0.845397 0.703884 0.581082 0.448306 0.606755 0.737149 0.314984 0.235670 0.292639 0.332180 0.496592 0.553485 0.204447 0.188837 0.228564 0.165110 0.456836 0.912305 0.568252 0.396231 0.419777 0.624329 0.475120 0.766223 0.353339 0.346595 0.767119 0.619932 0.315430 0.377609 0.736698 0.971093 0.603385 0.565421 0.844663 0.656264 0.568536 0.588096 0.975412 0.776807 0.849694 0.923150 0.537925 0.620253 0.802136 0.664219 0.751363 0.687414 0.971151 0.733198 0.327375 0.464432 0.134826 0.131862 0.348659 0.295475 0.306806 0.384826 0.221516 0.223015 0.297322 0.326313 0.677868 0.744464 0.236960 0.282870 0.767555 0.566668 0.922441 0.958325 0.732723 0.921624 0.929931 0.946262 0.423240 0.393316 0.206556 0.239045 0.293908 0.216636 0.166778 0.180542 0.781630 0.478061 0.423922 0.231507 0.347522 0.398584 0.341346 0.359836 0.932848 0.908532 0.954915 0.835548 0.805479 0.883745 0.679068 0.703169 0.953891 0.832530 0.805872 0.844706 0.870017 0.831934 0.710190 0.801470 0.817026 0.982167 0.851483 0.979842 0.692910 0.580620
0.127221 0.000000 0.313167 0.326387 0.849297 0.705879 0.572449 0.433352 0.576914 0.706985 0.391856 0.263551 0.342644 0.371997 0.528672 0.545926 0.202478 0.194382 0.238077 0.196415 0.454642 0.962983 0.506241 0.356212 0.359576 0.563571 0.412581 0.824479 0.389880 0.350765 0.687115 0.565397 0.302345 0.350210 0.674201 0.938903 0.542401 0.510005 0.761003 0.676467 0.587553 0.581513 0.896902 0.710372 0.902554 0.871793 0.472170 0.562125 0.771977 0.607476 0.695255 0.618222 0.898116 0.800145 0.307474 0.410562 0.118526 0.121844 0.327168 0.274922 0.339867 0.391012 0.256296 0.232606 0.275466 0.292960 0.604618 0.680886 0.243788 0.257591 0.817538 0.576285 0.899906 0.964978 0.743274 0.890525 0.990004 0.958226 0.390173 0.338845 0.190538 0.252562 0.275822 0.198914 0.175423 0.168311 0.757271 0.460980 0.450898 0.217021 0.323653 0.373289 0.333958 0.333057 0.962698 0.949409 0.963262 0.890469 0.797159 0.913235 0.629271 0.667267 0.954555 0.902623 0.755126 0.792947 0.818837 0.841916 0.758205 0.756628 0.779458 0.981933 0.889670 0.995131 0.667498 0.603192
0.378007 0.313167 0.000000 0.250168 0.850281 0.779185 0.485685 0.479125 0.736451 0.806732 0.619717 0.534239 0.494604 0.527371 0.590780 0.546530 0.368815 0.389762 0.366218 0.424533 0.520875 0.905761 0.389716 0.379164 0.357965 0.452665 0.451059 0.940216 0.536215 0.497608 0.509148 0.479704 0.378760 0.394482 0.646370 0.820300 0.558165 0.589138 0.756582 0.726722 0.595460 0.653729 0.737536 0.605718 0.981359 0.816007 0.475103 0.545497 0.800821 0.611074 0.675420 0.597129 0.757832 0.981909 0.424316 0.482810 0.312080 0.335220 0.434328 0.404356 0.428367 0.528262 0.438086 0.439427 0.303441 0.337118 0.460175 0.572645 0.507421 0.408628 0.956023 0.746478 0.777865 0.889660 0.775084 0.886238 0.789721 0.822910 0.460305 0.529119 0.435614 0.523852 0.419493 0.467629 0.366229 0.324110 0.858758 0.648719 0.612781 0.400277 0.534719 0.559396 0.555958 0.520642 0.979678 0.935597 0.959860 0.986001 0.928987 0.925470 0.784028 0.827112 0.973107 0.920715 0.737165 0.682811 0.709245 0.921918 0.809103 0.772660 0.750285 0.906236 0.998499 0.893735 0.624477 0.739373
0.385734 0.326387 0.250168 0.000000 0.963879 0.891659 0.348996 0.247886 0.906996 0.950817 0.729908 0.484821 0.468484 0.452470 0.585565 0.418715 0.435858 0.455004 0.389500 0.486399 0.566551 0.929429 0.264647 0.281761 0.482025 0.507592 0.569367 0.996114 0.576804 0.522133 0.393566 0.391613 0.321256 0.380252 0.574737 0.830328 0.554327 0.603601 0.836776 0.721765 0.715205 0.679980 0.607231 0.504533 0.847255 0.679830 0.431756 0.470299 0.662798 0.446997 0.446366 0.370576 0.546090 0.763760 0.428995 0.508532 0.329677 0.345393 0.324385 0.232582 0.377436 0.369023 0.412087 0.365710 0.398485 0.285815 0.381639 0.412063 0.609331 0.374272 0.801473 0.892859 0.665494 0.827381 0.689403 0.806432 0.730245 0.746534 0.365073 0.479517 0.457210 0.621155 0.432182 0.518503 0.404576 0.305411 0.969037 0.658067 0.555030 0.389486 0.662115 0.655281 0.642158 0.560571 0.862661 0.875076 0.861549 0.894250 0.918374 0.815781 0.890046 0.974969 0.970568 0.863227 0.634688 0.569034 0.641104 0.825765 0.879075 0.715126 0.697689 0.785113 0.860713 0.841981 0.516369 0.879299
0.845397 0.849297 0.850281 0.963879 0.000000 0.689066 0.792193 0.761836 0.515423 0.477207 0.958222 0.904528 0.846980 0.811853 0.694353 0.670564 0.963690 0.960268 0.980285 0.912561 0.940490 0.861903 0.808191 0.890680 0.665972 0.795836 0.800939 0.877537 0.817482 0.862673 0.756386 0.816947 0.945739 0.885342 0.968361 0.884732 0.804111 0.769546 0.751153 0.987482 0.814870 0.977822 0.888725 0.917578 0.696024 0.770934 0.958236 0.941108 0.835273 0.885291 0.774022 0.809377 0.693876 0.572799 0.965935 0.928820 0.839951 0.883923 0.931928 0.896249 0.806098 0.723137 0.902353 0.907675 0.791977 0.978252 0.948260 0.883431 0.694040 0.826820 0.721174 0.639705 0.652512 0.588923 0.782213 0.829192 0.874533 0.843709 0.969903 0.911996 0.968573 0.891567 0.989478 0.793330 0.880290 0.855874 0.888184 0.744355 0.853892 0.826420 0.689001 0.778158 0.747098 0.716392 0.759502 0.888167 0.915838 0.937238 0.705866 0.816857 0.622520 0.631891 0.666179 0.855240 0.888953 0.862141 0.933370 0.875435 0.916582 0.993213 0.904464 0.829056 0.735813 0.866893 0.844519 0.788642
0.703884 0.705879 0.779185 0.891659 0.689066 0.000000 0.899286 0.966853 0.548239 0.622112 0.654625 0.761678 0.911949 0.896544 0.989904 0.962494 0.744441 0.749846 0.810892 0.735238 0.905512 0.909513 0.882975 0.970184 0.820011 0.846121 0.704090 0.998829 0.839333 0.777226 0.810458 0.896936 0.859505 0.974947 0.965040 0.986494 0.920381 0.888426 0.988402 0.946577 0.730800 0.889265 0.767092 0.829299 0.670588 0.798513 0.926644 0.900527 0.862287 0.864753 0.823096 0.808474 0.728498 0.563168 0.977908 0.979998 0.679549 0.703660 0.859782 0.824477 0.846458 0.918668 0.861903 0.827712 0.632616 0.828299 0.981554 0.866352 0.652975 0.819838 0.715118 0.698226 0.668495 0.665765 0.918531 0.895247 0.647250 0.751786 0.992303 0.973401 0.863983 0.792454 0.800627 0.712296 0.770682 0.785360 0.925785 0.776384 0.859736 0.852852 0.501780 0.616645 0.597383 0.656253 0.751070 0.811829 0.820131 0.829336 0.621509 0.662290 0.666576 0.692446 0.756765 0.796958 0.773825 0.760764 0.957738 0.795487 0.759922 0.994457 0.826231 0.881465 0.662258 0.799346 0.809584 0.794424
0.581082 0.572449 0.485685 0.348996 0.792193 0.899286 0.000000 0.216502 0.910688 0.541635 0.903657 0.612433 0.594390 0.532900 0.653181 0.544364 0.596210 0.610067 0.409255 0.627219 0.600922 0.892712 0.265863 0.540956 0.833524 0.696651 0.844165 0.970162 0.529907 0.617653 0.249263 0.357315 0.293402 0.306475 0.541368 0.835306 0.682664 0.718725 0.926673 0.820107 0.919912 0.614841 0.452455 0.348445 0.468531 0.360468 0.398238 0.378830 0.371618 0.293457 0.266812 0.266084 0.364254 0.526297 0.464835 0.476013 0.538511 0.549086 0.298921 0.343580 0.383187 0.368594 0.374742 0.386630 0.767883 0.603560 0.264989 0.301374 0.872200 0.494384 0.547079 0.846542 0.392507 0.490503 0.660173 0.591006 0.507545 0.517284 0.349701 0.562569 0.587086 0.812659 0.585367 0.788519 0.597195 0.573495 0.753333 0.940548 0.680227 0.544848 0.991735 0.982055 0.961938 0.897920 0.601370 0.615060 0.659520 0.722934 0.481406 0.427595 0.765115 0.674438 0.549672 0.491728 0.426842 0.389845 0.589280 0.730903 0.946655 0.669997 0.586220 0.520262 0.534755 0.527445 0.361330 0.982370
0.448306 0.433352 0.479125 0.247886 0.761836 0.966853 0.216502 0.000000 0.855872 0.618684 0.749369 0.410294 0.436578 0.373274 0.528630 0.351415 0.486634 0.487451 0.385549 0.509397 0.604732 0.963035 0.243281 0.335883 0.779150 0.729170 0.837742 0.963087 0.461807 0.471453 0.315733 0.403342 0.274741 0.333601 0.545094 0.885499 0.659707 0.652733 0.993253 0.778594 0.818056 0.685989 0.562748 0.453040 0.639116 0.500200 0.446611 0.460435 0.490246 0.362730 0.303569 0.284467 0.421749 0.573610 0.439721 0.521024 0.425199 0.411078 0.327038 0.276195 0.280394 0.191201 0.316495 0.267019 0.625230 0.393510 0.374481 0.342040 0.753371 0.417214 0.656541 0.872912 0.475668 0.591635 0.619701 0.649198 0.640148 0.664074 0.329811 0.514569 0.466171 0.693901 0.503975 0.650785 0.490060 0.422408 0.937880 0.791413 0.593367 0.462558 0.861565 0.817413 0.806433 0.691121 0.694449 0.723195 0.798273 0.900337 0.671889 0.628999 0.870427 0.838298 0.757908 0.680493 0.502802 0.536144 0.676468 0.852205 0.933699 0.695751 0.671534 0.632111 0.689562 0.742710 0.462633 0.951441
0.606755 0.576914 0.736451 0.906996 0.515423 0.548239 0.910688 0.855872 0.000000 0.471962 0.689083 0.789521 0.928690 0.904621 0.996594 0.854875 0.607715 0.618565 0.702785 0.626596 0.775648 0.911676 0.895699 0.936386 0.506079 0.699374 0.545790 0.887897 0.831823 0.811391 0.823411 0.934749 0.798514 0.807448 0.952289 0.978925 0.691365 0.783980 0.814127 0.845299 0.759842 0.896142 0.951279 0.933529 0.814046 0.947396 0.773506 0.831350 0.941792 0.899735 0.926390 0.970364 0.810950 0.576337 0.692579 0.604511 0.563754 0.608551 0.690629 0.733818 0.992311 0.923465 0.813838 0.826769 0.654023 0.868114 0.933041 0.935252 0.467799 0.753843 0.635239 0.486023 0.713797 0.673208 0.987486 0.988738 0.817875 0.765724 0.881012 0.764020 0.631792 0.526995 0.662812 0.431306 0.592772 0.642557 0.840612 0.567898 0.674245 0.603971 0.450519 0.627697 0.493370 0.592902 0.777135 0.944041 0.938084 0.967547 0.679052 0.870691 0.552270 0.649251 0.927361 0.995632 0.916008 0.971510 0.891148 0.876645 0.745006 0.939863 0.880466 0.996136 0.782812 0.949559 0.963761 0.694202
0.737149 0.706985 0.806732 0.950817 0.477207 0.622112 0.541635 0.618684 0.471962 0.000000 0.669280 0.934227 0.942037 0.930688 0.979931 0.801602 0.796334 0.790310 0.975367 0.768975 0.895649 0.911271 0.709394 0.974567 0.538308 0.822364 0.601687 0.792988 0.910641 0.967777 0.552177 0.763732 0.849722 0.846871 0.861297 0.980204 0.888609 0.781861 0.704809 0.992455 0.676097 0.998665 0.587774 0.639251 0.378231 0.460654 0.857221 0.769625 0.531552 0.618802 0.490417 0.577128 0.461210 0.330553 0.968597 0.988149 0.736360 0.750205 0.903072 0.943985 0.895476 0.732975 0.928211 0.940713 0.584449 0.838783 0.680766 0.605117 0.512980 0.866225 0.390839 0.399827 0.500277 0.433821 0.836667 0.667361 0.558455 0.548760 0.861968 0.947776 0.798438 0.614415 0.823806 0.577559 0.723570 0.735523 0.632829 0.643889 0.890179 0.804025 0.447773 0.508859 0.565441 0.637765 0.528511 0.719381 0.729329 0.697968 0.331552 0.429232 0.419739 0.427381 0.573632 0.624403 0.639742 0.668459 0.838827 0.650839 0.780822 0.838319 0.795141 0.519672 0.440235 0.673653 0.641396 0.632303
0.314984 0.391856 0.619717 0.729908 0.958222 0.654625 0.903657 0.749369 0.689083 0.669280 0.000000 0.269299 0.285441 0.333474 0.412766 0.572292 0.291023 0.243381 0.438147 0.250452 0.585305 0.824373 0.861458 0.588679 0.613537 0.891950 0.567481 0.705277 0.346592 0.333374 0.933681 0.911533 0.606159 0.604429 0.997445 0.944500 0.815667 0.746933 0.970004 0.785603 0.511455 0.885793 0.654057 0.823216 0.598754 0.736828 0.939855 0.963597 0.825490 0.925294 0.823668 0.867510 0.707686 0.506672 0.576925 0.742735 0.383809 0.341376 0.793204 0.739562 0.363369 0.505345 0.378054 0.389965 0.347306 0.446719 0.933542 0.904215 0.380984 0.624856 0.615662 0.623629 0.906805 0.857108 0.688805 0.914004 0.633757 0.752645 0.744776 0.671340 0.412123 0.322424 0.457842 0.387964 0.343569 0.421968 0.601353 0.640332 0.614060 0.557584 0.386828 0.381072 0.358029 0.451382 0.756476 0.975247 0.711823 0.562236 0.541725 0.602293 0.622253 0.668885 0.800637 0.982568 0.839301 0.844661 0.786135 0.592465 0.649328 0.977530 0.934057 0.782997 0.597769 0.721091 0.929412 0.529555
0.235670 0.263551 0.534239 0.484821 0.904528 0.761678 0.612433 0.410294 0.789521 0.934227 0.269299 0.000000 0.201898 0.187849 0.311692 0.352247 0.195225 0.176878 0.279087 0.212146 0.508694 0.832164 0.516234 0.380172 0.578212 0.785238 0.596121 0.834445 0.249468 0.199129 0.713387 0.611887 0.344439 0.381097 0.716722 0.982712 0.674919 0.648182 0.901227 0.739123 0.635514 0.757229 0.975390 0.833902 0.910348 0.913466 0.633355 0.705754 0.859309 0.720789 0.772919 0.727784 0.926130 0.868905 0.376051 0.557564 0.272059 0.216215 0.542134 0.465272 0.206867 0.230098 0.203696 0.164638 0.350352 0.283286 0.788247 0.769216 0.374790 0.409039 0.876815 0.801805 0.817980 0.889513 0.612897 0.901849 0.929105 0.952777 0.462202 0.412538 0.244673 0.297135 0.282616 0.314161 0.247176 0.272568 0.705270 0.534060 0.461323 0.396219 0.434501 0.427594 0.381360 0.383250 0.932745 0.936876 0.845277 0.725027 0.795515 0.858479 0.750301 0.810898 0.989208 0.885571 0.831733 0.910514 0.968410 0.730748 0.670875 0.813518 0.831100 0.993469 0.826575 0.871466 0.694969 0.635508
0.292639 0.342644 0.494604 0.468484 0.846980 0.911949 0.594390 0.436578 0.928690 0.942037 0.285441 0.201898 0.000000 0.163894 0.217239 0.297896 0.266575 0.245436 0.293999 0.272676 0.520528 0.939508 0.480883 0.340820 0.593894 0.714737 0.597861 0.827710 0.318764 0.314270 0.708119 0.569472 0.386892 0.390546 0.749265 0.955788 0.774604 0.749591 0.985541 0.772207 0.609608 0.755708 0.948290 0.895542 0.841472 0.988869 0.695717 0.787392 0.965915 0.802965 0.826082 0.766343 0.944084 0.883517 0.395786 0.604103 0.348490 0.300501 0.604059 0.534496 0.195833 0.299787 0.230006 0.250525 0.362332 0.277282 0.811226 0.822586 0.464310 0.475933 0.828143 0.829346 0.771744 0.846318 0.582127 0.953958 0.957761 0.963693 0.511380 0.472917 0.307801 0.316495 0.330155 0.397023 0.254594 0.268071 0.723641 0.564791 0.518354 0.457181 0.574422 0.532805 0.519062 0.534285 0.938759 0.939191 0.880401 0.705509 0.847914 0.908090 0.820221 0.956843 0.975314 0.860780 0.866749 0.879936 0.973683 0.771777 0.657926 0.924371 0.899434 0.942011 0.811255 0.859386 0.656078 0.615009
0.332180 0.371997 0.527371 0.452470 0.811853 0.896544 0.532900 0.373274 0.904621 0.930688 0.333474 0.187849 0.163894 0.000000 0.216702 0.240501 0.256652 0.238721 0.288474 0.291321 0.552099 0.875356 0.428464 0.292119 0.649675 0.738664 0.660608 0.848313 0.293986 0.269813 0.639922 0.532258 0.379689 0.362832 0.747348 0.932243 0.770940 0.768231 0.995548 0.756936 0.687679 0.785709 0.959629 0.809348 0.969717 0.874978 0.634274 0.692199 0.831921 0.693491 0.701514 0.658108 0.806737 0.985499 0.376543 0.568562 0.362731 0.306982 0.561399 0.499525 0.202770 0.239632 0.230284 0.220256 0.436071 0.287874 0.757019 0.743329 0.532231 0.507868 0.942947 0.887334 0.718753 0.735785 0.576984 0.834113 0.976011 0.995923 0.474916 0.485676 0.314587 0.353602 0.341532 0.413837 0.299019 0.299013 0.756732 0.548980 0.518730 0.460045 0.602580 0.585013 0.535652 0.537322 0.963572 0.922436 0.880151 0.764039 0.939803 0.978240 0.874570 0.992795 0.929869 0.789233 0.852477 0.803498 0.928954 0.826213 0.642307 0.916896 0.787528 0.933792 0.911893 0.941565 0.640526 0.695743
0.496592 0.528672 0.590780 0.585565 0.694353 0.989904 0.653181 0.528630 0.996594 0.979931 0.412766 0.311692 0.217239 0.216702 0.000000 0.283715 0.366250 0.353002 0.448750 0.414932 0.574951 0.918409 0.468571 0.375665 0.699622 0.750709 0.731609 0.835285 0.367647 0.353165 0.702724 0.622715 0.510463 0.464492 0.812085 0.976410 0.886428 0.928662 0.997594 0.885013 0.819468 0.842621 0.956661 0.847194 0.976010 0.934475 0.738187 0.775385 0.918202 0.805679 0.804210 0.775336 0.849608 0.970038 0.478242 0.650710 0.533860 0.478547 0.753934 0.698691 0.293805 0.377506 0.383673 0.391022 0.464601 0.358843 0.847933 0.852554 0.655416 0.674915 0.913672 0.934766 0.680110 0.721355 0.583757 0.896492 0.949057 0.964044 0.546869 0.560562 0.421307 0.436336 0.449757 0.530923 0.392094 0.437941 0.813799 0.602780 0.661828 0.618392 0.730598 0.685925 0.644418 0.691759 0.994045 0.928411 0.813016 0.731939 0.938725 0.993244 0.852670 0.991832 0.924505 0.837575 0.888501 0.869890 0.943991 0.791614 0.638905 0.974988 0.876992 0.991133 0.927943 0.909815 0.714137 0.782699
0.553485 0.545926 0.546530 0.418715 0.670564 0.962494 0.544364 0.351415 0.854875 0.801602 0.572292 0.352247 0.297896 0.240501 0.283715 0.000000 0.424096 0.420145 0.502240 0.548864 0.603358 0.908405 0.351239 0.286100 0.686071 0.692688 0.767306 0.970133 0.434346 0.354482 0.506066 0.477059 0.461067 0.447690 0.718192 0.923987 0.818179 0.792948 0.989169 0.769537 0.820393 0.906117 0.835782 0.743918 0.903274 0.806715 0.677869 0.685238 0.828796 0.648576 0.608364 0.550893 0.602105 0.714009 0.483956 0.651593 0.526508 0.473860 0.645587 0.569682 0.291731 0.264665 0.391530 0.352543 0.526652 0.273447 0.687631 0.585120 0.799850 0.593598 0.866821 0.933466 0.643099 0.694081 0.547848 0.755340 0.830682 0.879399 0.498333 0.522793 0.485943 0.594116 0.438909 0.608732 0.502646 0.444283 0.758572 0.749472 0.679192 0.611812 0.763634 0.678668 0.685480 0.636134 0.895575 0.926826 0.828777 0.809346 0.995528 0.908468 0.957738 0.963959 0.928597 0.906466 0.803962 0.811360 0.834515 0.928013 0.790065 0.923500 0.796955 0.921797 0.981807 0.997356 0.636859 0.848862
0.204447 0.202478 0.368815 0.435858 0.963690 0.744441 0.596210 0.486634 0.607715 0.796334 0.291023 0.195225 0.266575 0.256652 0.366250 0.424096 0.000000 0.133311 0.223110 0.197264 0.436815 0.932900 0.495738 0.351571 0.382036 0.588446 0.460409 0.807570 0.236453 0.209015 0.668277 0.558188 0.298680 0.313236 0.702259 0.915537 0.611553 0.608559 0.837276 0.672096 0.615246 0.672860 0.923111 0.728916 0.972008 0.844275 0.485519 0.580935 0.782046 0.627963 0.738635 0.677411 0.891960 0.841681 0.288119 0.394900 0.194321 0.170078 0.454786 0.426756 0.267992 0.342023 0.214744 0.201582 0.279628 0.272152 0.641761 0.677678 0.319617 0.377359 0.869446 0.669936 0.840662 0.914478 0.665124 0.829060 0.996412 0.959017 0.421801 0.349821 0.184289 0.232063 0.225798 0.221413 0.189132 0.220159 0.724118 0.483673 0.467109 0.308048 0.380083 0.412182 0.325114 0.376557 0.971435 0.941643 0.962833 0.825675 0.809599 0.928852 0.684002 0.717858 0.938009 0.823452 0.794064 0.800187 0.923411 0.799442 0.645009 0.771446 0.784436 0.942438 0.893469 0.945601 0.640629 0.582200
0.188837 0.194382 0.389762 0.455004 0.960268 0.749846 0.610067 0.487451 0.618565 0.790310 0.243381 0.176878 0.245436 0.238721 0.353002 0.420145 0.133311 0.000000 0.229382 0.177174 0.444644 0.874621 0.527513 0.355122 0.420584 0.612904 0.480063 0.747358 0.237504 0.211620 0.717352 0.579681 0.324747 0.334110 0.729709 0.924586 0.640795 0.604180 0.832417 0.699984 0.626436 0.698201 0.972396 0.778942 0.919001 0.897788 0.546721 0.619859 0.833811 0.671816 0.783417 0.718825 0.927522 0.795674 0.286446 0.444481 0.186558 0.160897 0.476718 0.444464 0.253476 0.328565 0.210158 0.191984 0.260097 0.260182 0.687961 0.733959 0.325785 0.387620 0.833172 0.661374 0.871523 0.933976 0.686359 0.860929 0.936386 0.971819 0.428220 0.376455 0.183747 0.220268 0.236676 0.223060 0.183818 0.219405 0.665977 0.501305 0.487064 0.316529 0.357708 0.369292 0.309976 0.354157 0.977321 0.909682 0.893088 0.781527 0.766731 0.900074 0.661030 0.692988 0.987528 0.883763 0.820975 0.854040 0.928222 0.768405 0.652100 0.833579 0.809308 0.972146 0.856404 0.959998 0.645684 0.573005
0.228564 0.238077 0.366218 0.389500 0.980285 0.810892 0.409255 0.385549 0.702785 0.975367 0.438147 0.279087 0.293999 0.288474 0.448750 0.502240 0.223110 0.229382 0.000000 0.214938 0.473137 0.920451 0.379145 0.401118 0.498495 0.634610 0.547136 0.885028 0.283941 0.339312 0.548857 0.455225 0.233961 0.258367 0.633114 0.959799 0.592476 0.623736 0.934449 0.641735 0.619893 0.550526 0.779720 0.591941 0.891378 0.696177 0.391394 0.485478 0.640175 0.502152 0.593602 0.554973 0.782343 0.946778 0.260089 0.401516 0.237045 0.226205 0.359713 0.352478 0.276796 0.336539 0.202015 0.206690 0.391192 0.377373 0.527156 0.634009 0.376893 0.339546 0.991588 0.778480 0.669034 0.739599 0.708798 0.768185 0.863683 0.856778 0.366433 0.383664 0.240775 0.319302 0.294297 0.326837 0.226130 0.244203 0.846203 0.541892 0.475349 0.298041 0.547533 0.599069 0.497215 0.506166 0.825649 0.805656 0.860747 0.929487 0.936588 0.852757 0.918136 0.902495 0.783892 0.649568 0.624561 0.620776 0.752852 0.923571 0.727451 0.692026 0.649468 0.822498 0.965246 0.835018 0.517427 0.613766
0.165110 0.196415 0.424533 0.486399 0.912561 0.735238 0.627219 0.509397 0.626596 0.768975 0.250452 0.212146 0.272676 0.291321 0.414932 0.548864 0.197264 0.177174 0.214938 0.000000 0.448806 0.900716 0.570274 0.438599 0.499068 0.707782 0.510963 0.769038 0.297581 0.302193 0.755431 0.666415 0.346896 0.355999 0.788156 0.981202 0.676854 0.598464 0.904949 0.705567 0.553585 0.662925 0.992201 0.815358 0.864333 0.938906 0.580542 0.684413 0.835416 0.720547 0.828540 0.777360 0.976805 0.710306 0.349707 0.489368 0.213145 0.196149 0.487427 0.440384 0.304520 0.381854 0.240853 0.236392 0.317462 0.371577 0.769510 0.842567 0.251906 0.366082 0.787332 0.644290 0.883738 0.960860 0.741709 0.893808 0.927697 0.973915 0.441419 0.421745 0.228939 0.232733 0.335281 0.267159 0.205052 0.254735 0.753695 0.512435 0.477937 0.311219 0.395525 0.440179 0.382034 0.405663 0.962389 0.907446 0.965052 0.811472 0.800812 0.870734 0.698632 0.712708 0.966573 0.844789 0.843332 0.887465 0.933700 0.780613 0.743170 0.842993 0.889347 0.983152 0.834420 0.930709 0.721563 0.562922
0.456836 0.454642 0.520875 0.566551 0.940490 0.905512 0.600922 0.604732 0.775648 0.895649 0.585305 0.508694 0.520528 0.552099 0.574951 0.603358 0.436815 0.444644 0.473137 0.448806 0.000000 0.949168 0.576788 0.567744 0.586356 0.672090 0.637269 0.974075 0.468447 0.473418 0.635437 0.541803 0.406543 0.449175 0.967817 0.909901 0.701223 0.725642 0.916282 0.769441 0.794598 0.763331 0.843508 0.703745 0.889992 0.786634 0.601024 0.588917 0.743149 0.648340 0.735760 0.672715 0.811537 0.986143 0.473254 0.540839 0.462009 0.466496 0.530265 0.566839 0.467272 0.563412 0.423325 0.458346 0.534531 0.545760 0.629058 0.685887 0.563836 0.606266 0.972964 0.791385 0.795425 0.834781 0.783002 0.838268 0.941331 0.941496 0.517053 0.410268 0.438162 0.537215 0.434361 0.539490 0.490280 0.507733 0.926518 0.827296 0.672880 0.552948 0.612302 0.646457 0.642778 0.687241 0.972985 0.818091 0.917127 0.955134 0.965919 0.972269 0.835695 0.896218 0.905810 0.795578 0.777552 0.715910 0.901295 0.855733 0.780513 0.823460 0.846131 0.949835 0.968906 0.782294 0.611769 0.791405
0.912305 0.962983 0.905761 0.929429 0.861903 0.909513 0.892712 0.963035 0.911676 0.911271 0.824373 0.832164 0.939508 0.875356 0.918409 0.908405 0.932900 0.874621 0.920451 0.900716 0.949168 0.000000 0.827852 0.984068 0.926122 0.841762 0.890886 0.811729 0.984218 0.857361 0.770177 0.818543 0.922478 0.874653 0.885170 0.989397 0.869207 0.904383 0.993636 0.849649 0.980588 0.775810 0.741738 0.754565 0.812295 0.809473 0.802203 0.857158 0.789558 0.840560 0.815010 0.830697 0.882325 0.855540 0.978287 0.918015 0.905270 0.896444 0.957988 0.994306 0.918253 0.944545 0.932363 0.933623 0.954689 0.888117 0.778783 0.960583 0.983408 0.906139 0.814662 0.981119 0.931733 0.823430 0.984754 0.959311 0.736953 0.860994 0.951711 0.980462 0.968700 0.895323 0.939703 0.917404 0.968737 0.985660 0.883706 0.977084 0.993839 0.984568 0.838436 0.767906 0.791645 0.778479 0.713344 0.850793 0.816104 0.802061 0.717176 0.831077 0.867770 0.889810 0.832692 0.854768 0.837252 0.681798 0.873231 0.928911 0.923611 0.691592 0.991279 0.820108 0.791170 0.723840 0.835373 0.867718
0.568252 0.506241 0.389716 0.264647 0.808191 0.882975 0.265863 0.243281 0.895699 0.709394 0.861458 0.516234 0.480883 0.428464 0.468571 0.351239 0.495738 0.527513 0.379145 0.570274 0.576788 0.827852 0.000000 0.342386 0.611804 0.556060 0.759221 0.991296 0.505657 0.508840 0.229259 0.317590 0.308985 0.311387 0.482916 0.814019 0.637657 0.700301 0.923406 0.788119 0.893104 0.662870 0.416572 0.323265 0.555615 0.445330 0.327180 0.358574 0.487613 0.329199 0.315393 0.278953 0.379224 0.512847 0.397896 0.453463 0.523386 0.500692 0.435655 0.403482 0.380409 0.341744 0.417269 0.367458 0.575760 0.392534 0.344688 0.363418 0.793713 0.483972 0.571771 0.824771 0.386547 0.478135 0.645599 0.605940 0.516426 0.581873 0.308640 0.437107 0.482108 0.687093 0.480377 0.669354 0.488861 0.439433 0.943596 0.727587 0.670662 0.501621 0.912006 0.881926 0.844547 0.748900 0.715847 0.744630 0.833500 0.784405 0.664256 0.563725 0.900285 0.839993 0.665033 0.686099 0.433756 0.420741 0.605086 0.816460 0.919536 0.657052 0.632932 0.677741 0.672312 0.687649 0.368475 0.957906
0.396231 0.356212 0.379164 0.281761 0.890680 0.970184 0.540956 0.335883 0.936386 0.974567 0.588679 0.380172 0.340820 0.292119 0.375665 0.286100 0.351571 0.355122 0.401118 0.438599 0.567744 0.984068 0.342386 0.000000 0.514624 0.537148 0.656994 0.917625 0.501488 0.399672 0.556978 0.514439 0.398844 0.431133 0.640811 0.962826 0.683965 0.713763 0.864486 0.798374 0.732379 0.762482 0.778149 0.681314 0.958073 0.813346 0.495019 0.570936 0.796287 0.579924 0.573167 0.493528 0.637327 0.812523 0.374345 0.529042 0.351603 0.336937 0.487039 0.413152 0.346221 0.335077 0.387387 0.348175 0.401409 0.225205 0.563589 0.589776 0.583635 0.450872 0.983224 0.945540 0.742827 0.791113 0.760733 0.816613 0.858370 0.940186 0.453121 0.457992 0.357799 0.451416 0.373265 0.432676 0.358132 0.273748 0.783350 0.512565 0.537040 0.414792 0.643365 0.584813 0.598475 0.561735 0.944667 0.927298 0.984446 0.929565 0.963943 0.903933 0.894062 0.901144 0.973166 0.872627 0.753227 0.715828 0.855869 0.952411 0.675545 0.893756 0.768817 0.943869 0.973636 0.955917 0.660700 0.809540
0.419777 0.359576 0.357965 0.482025 0.665972 0.820011 0.833524 0.779150 0.506079 0.538308 0.613537 0.578212 0.593894 0.649675 0.699622 0.686071 0.382036 0.420584 0.498495 0.499068 0.586356 0.926122 0.611804 0.514624 0.000000 0.297811 0.391717 0.860342 0.680455 0.581628 0.792268 0.617040 0.538591 0.548261 0.712255 0.877244 0.489404 0.526623 0.585395 0.671460 0.606562 0.682533 0.878338 0.746954 0.855423 0.998890 0.527110 0.655408 0.960526 0.739751 0.887751 0.774404 0.958016 0.809716 0.508263 0.488271 0.371497 0.378053 0.600066 0.552814 0.662304 0.748503 0.588159 0.553441 0.310245 0.401251 0.725164 0.785063 0.390899 0.520395 0.859953 0.557866 0.980669 0.863748 0.822763 0.992589 0.945400 0.984766 0.603592 0.505687 0.429779 0.428674 0.412090 0.303416 0.370506 0.345327 0.696179 0.499691 0.572752 0.414051 0.362678 0.419099 0.368455 0.391182 0.825501 0.929761 0.928882 0.917458 0.662173 0.846221 0.583797 0.602858 0.902891 0.960843 0.878126 0.773948 0.853070 0.821691 0.823612 0.819568 0.942872 0.846592 0.809322 0.960986 0.738236 0.659725
0.624329 0.563571 0.452665 0.507592 0.795836 0.846121 0.696651 0.729170 0.699374 0.822364 0.891950 0.785238 0.714737 0.738664 0.750709 0.692688 0.588446 0.612904 0.634610 0.707782 0.672090 0.841762 0.556060 0.537148 0.297811 0.000000 0.551679 0.931185 0.801724 0.725832 0.626148 0.570255 0.578601 0.526967 0.658701 0.870668 0.545252 0.603490 0.666522 0.736345 0.860805 0.609409 0.679700 0.593628 0.898072 0.797037 0.469259 0.553608 0.800387 0.617693 0.685866 0.581795 0.722714 0.895854 0.490165 0.440561 0.560896 0.576145 0.591769 0.582742 0.766097 0.796057 0.685453 0.675927 0.553563 0.534508 0.599341 0.647082 0.634953 0.570931 0.946027 0.759484 0.884709 0.933738 0.881430 0.903575 0.825946 0.809046 0.579431 0.585649 0.570413 0.643078 0.546043 0.509665 0.548497 0.484378 0.776866 0.654359 0.609800 0.526785 0.683641 0.709168 0.682468 0.615495 0.978866 0.882717 0.894304 0.956811 0.995136 0.877560 0.831944 0.895279 0.984897 0.887906 0.746547 0.620085 0.718905 0.937448 0.891206 0.814761 0.980380 0.962402 0.960432 0.829802 0.632060 0.856907
0.475120 0.412581 0.451059 0.569367 0.800939 0.704090 0.844165 0.837742 0.545790 0.601687 0.567481 0.596121 0.597861 0.660608 0.731609 0.767306 0.460409 0.480063 0.547136 0.510963 0.637269 0.890886 0.759221 0.656994 0.391717 0.551679 0.000000 0.874092 0.692348 0.623594 0.833851 0.697562 0.620912 0.560767 0.806248 0.726053 0.527047 0.615151 0.673410 0.692190 0.682269 0.737336 0.940438 0.931511 0.766018 0.901862 0.736419 0.853924 0.949365 0.899008 0.984777 0.882912 0.923465 0.700917 0.548022 0.628386 0.440943 0.456094 0.685316 0.632502 0.647274 0.753113 0.600725 0.604590 0.397996 0.522169 0.825880 0.929256 0.443263 0.612710 0.756026 0.539792 0.939338 0.805882 0.715061 0.902863 0.896485 0.876219 0.706688 0.615078 0.569003 0.504838 0.500530 0.457847 0.430629 0.441966 0.757351 0.635784 0.676009 0.554944 0.383843 0.482843 0.447487 0.525934 0.810714 0.834477 0.817206 0.898367 0.649390 0.712739 0.502423 0.688776 0.821572 0.975828 0.992084 0.866669 0.972851 0.757183 0.847755 0.938274 0.921532 0.836822 0.735376 0.927868 0.848242 0.739757
0.766223 0.824479 0.940216 0.996114 0.877537 0.998829 0.970162 0.963087 0.887897 0.792988 0.705277 0.834445 0.827710 0.848313 0.835285 0.970133 0.807570 0.747358 0.885028 0.769038 0.974075 0.811729 0.991296 0.917625 0.860342 0.931185 0.874092 0.000000 0.903045 0.900796 0.792858 0.908919 0.974244 0.955629 0.925579 0.931659 0.965297 0.944105 0.867516 0.890296 0.966152 0.887228 0.881623 0.953706 0.813459 0.866767 0.975400 0.980736 0.912824 0.906345 0.871394 0.887485 0.847012 0.730437 0.934647 0.970133 0.791575 0.776933 0.946034 0.958077 0.872944 0.957289 0.844454 0.854588 0.779423 0.839137 0.888918 0.838003 0.768329 0.881147 0.820996 0.810161 0.926470 0.915976 0.972641 0.992788 0.821288 0.799830 0.936654 0.906492 0.802226 0.700116 0.894233 0.825744 0.742012 0.789084 0.971452 0.887994 0.987153 0.767173 0.801333 0.787342 0.798467 0.871185 0.915006 0.920173 0.837970 0.819306 0.828671 0.843500 0.713627 0.839817 0.963169 0.984412 0.973598 0.850891 0.867007 0.840746 0.939647 0.815413 0.963591 0.806847 0.920405 0.870295 0.991543 0.792314
0.353339 0.389880 0.536215 0.576804 0.817482 0.839333 0.529907 0.461807 0.831823 0.910641 0.346592 0.249468 0.318764 0.293986 0.367647 0.434346 0.236453 0.237504 0.283941 0.297581 0.468447 0.984218 0.505657 0.501488 0.680455 0.801724 0.692348 0.903045 0.000000 0.192191 0.616072 0.597361 0.311008 0.319742 0.737541 0.911011 0.739710 0.724056 0.986649 0.732693 0.744659 0.682060 0.861087 0.681757 0.842610 0.703640 0.548182 0.593090 0.671376 0.596339 0.682913 0.681377 0.820028 0.993013 0.365956 0.471867 0.380091 0.342964 0.557612 0.547950 0.262928 0.300475 0.243120 0.242043 0.466876 0.430056 0.630157 0.647015 0.537086 0.494044 0.930551 0.932511 0.702717 0.717362 0.687410 0.767969 0.908628 0.827798 0.450216 0.444268 0.312843 0.417325 0.323266 0.453384 0.363531 0.439044 0.814885 0.675081 0.583401 0.480611 0.631599 0.632784 0.522498 0.566211 0.910337 0.813098 0.982472 0.859043 0.993615 0.937432 0.944695 0.907597 0.782664 0.745191 0.740675 0.785787 0.871359 0.906157 0.682065 0.726725 0.771880 0.855908 0.956055 0.905270 0.613265 0.730762
0.346595 0.350765 0.497608 0.522133 0.862673 0.777226 0.617653 0.471453 0.811391 0.967777 0.333374 0.199129 0.314270 0.269813 0.353165 0.354482 0.209015 0.211620 0.339312 0.302193 0.473418 0.857361 0.508840 0.399672 0.581628 0.725832 0.623594 0.900796 0.192191 0.000000 0.612951 0.583721 0.361620 0.372006 0.779201 0.850804 0.671721 0.597876 0.871728 0.728878 0.702535 0.739241 0.984445 0.795392 0.974970 0.835281 0.584151 0.664650 0.834997 0.689394 0.765395 0.727739 0.861430 0.947527 0.372974 0.548132 0.345683 0.292690 0.602363 0.557199 0.243111 0.262499 0.267106 0.231618 0.373240 0.304799 0.694580 0.682832 0.491832 0.460738 0.994724 0.878785 0.779118 0.825215 0.654824 0.833949 0.952906 0.966655 0.488651 0.438686 0.307761 0.420960 0.288895 0.404729 0.362963 0.390783 0.718407 0.611494 0.567999 0.482122 0.473917 0.422999 0.402463 0.400915 0.940197 0.933146 0.883587 0.768520 0.816198 0.894246 0.839532 0.747538 0.957495 0.913478 0.855813 0.879821 0.966221 0.784718 0.703463 0.782760 0.803109 0.966550 0.885777 0.985543 0.684507 0.726610
0.767119 0.687115 0.509148 0.393566 0.756386 0.810458 0.249263 0.315733 0.823411 0.552177 0.933681 0.713387 0.708119 0.639922 0.702724 0.506066 0.668277 0.717352 0.548857 0.755431 0.635437 0.770177 0.229259 0.556978 0.792268 0.626148 0.833851 0.792858 0.616072 0.612951 0.000000 0.300441 0.368562 0.325608 0.544706 0.688484 0.676867 0.674726 0.981036 0.816662 0.987650 0.685902 0.385279 0.306047 0.406614 0.337036 0.356709 0.368296 0.416224 0.305513 0.279205 0.260913 0.317915 0.399591 0.511552 0.510605 0.692160 0.689149 0.476720 0.491617 0.520228 0.432834 0.534186 0.503723 0.812683 0.610497 0.282529 0.282723 0.989050 0.602393 0.429148 0.728029 0.367424 0.465147 0.739788 0.555039 0.419733 0.454155 0.369870 0.529001 0.661812 0.948927 0.648709 0.875712 0.739808 0.680952 0.790254 0.922158 0.781930 0.670794 0.955667 0.984879 0.988334 0.884660 0.592784 0.719462 0.705508 0.730675 0.511465 0.472109 0.830186 0.779260 0.617831 0.698857 0.432104 0.408975 0.581330 0.700508 0.920854 0.626721 0.666020 0.560322 0.509485 0.592435 0.403708 0.880517
0.619932 0.565397 0.479704 0.391613 0.816947 0.896936 0.357315 0.403342 0.934749 0.763732 0.911533 0.611887 0.569472 0.532258 0.622715 0.477059 0.558188 0.579681 0.455225 0.666415 0.541803 0.818543 0.317590 0.514439 0.617040 0.570255 0.697562 0.908919 0.597361 0.583721 0.300441 0.000000 0.371009 0.338032 0.578105 0.681575 0.642367 0.671454 0.945611 0.758103 0.942094 0.722389 0.508512 0.402222 0.608427 0.500292 0.375881 0.348218 0.549049 0.377617 0.403743 0.359108 0.416049 0.595715 0.452881 0.493754 0.567937 0.567936 0.425809 0.446218 0.498936 0.459037 0.475592 0.458367 0.682105 0.488463 0.403538 0.382318 0.813809 0.607790 0.662189 0.953356 0.536528 0.607935 0.668779 0.673028 0.640361 0.689073 0.417334 0.415616 0.522217 0.705056 0.460934 0.648149 0.563807 0.504157 0.933863 0.784098 0.654916 0.552769 0.863818 0.849223 0.837227 0.776763 0.745388 0.807105 0.875624 0.786724 0.694026 0.582173 0.941348 0.846995 0.633223 0.718601 0.557619 0.414124 0.611398 0.853390 0.942218 0.685810 0.552138 0.740579 0.658563 0.669391 0.422107 0.980802
0.315430 0.302345 0.378760 0.321256 0.945739 0.859505 0.293402 0.274741 0.798514 0.849722 0.606159 0.344439 0.386892 0.379689 0.510463 0.461067 0.298680 0.324747 0.233961 0.346896 0.406543 0.922478 0.308985 0.398844 0.538591 0.578601 0.620912 0.974244 0.311008 0.361620 0.368562 0.371009 0.000000 0.201772 0.535452 0.887717 0.593825 0.586804 0.949025 0.757415 0.763270 0.630426 0.597659 0.431313 0.690374 0.521070 0.310837 0.364704 0.485629 0.357989 0.404978 0.373967 0.574520 0.805152 0.315655 0.351064 0.282766 0.288627 0.275764 0.267992 0.272761 0.288583 0.226470 0.211080 0.462668 0.387768 0.350233 0.428641 0.503631 0.310329 0.825443 0.928340 0.565621 0.686408 0.700720 0.626385 0.710899 0.711624 0.242762 0.336828 0.298782 0.486309 0.323098 0.428886 0.318752 0.320704 0.956720 0.630679 0.508119 0.361704 0.636862 0.683327 0.621149 0.585471 0.782016 0.754642 0.771337 0.963104 0.792580 0.714600 0.947382 0.972152 0.727966 0.655239 0.497136 0.521793 0.666344 0.928286 0.793916 0.644647 0.636841 0.700608 0.770422 0.733844 0.441152 0.791844
0.377609 0.350210 0.394482 0.380252 0.885342 0.974947 0.306475 0.333601 0.807448 0.846871 0.604429 0.381097 0.390546 0.362832 0.464492 0.447690 0.313236 0.334110 0.258367 0.355999 0.449175 0.874653 0.311387 0.431133 0.548261 0.526967 0.560767 0.955629 0.319742 0.372006 0.325608 0.338032 0.201772 0.000000 0.524070 0.802771 0.544781 0.575288 0.863613 0.727737 0.789470 0.556100 0.615951 0.436579 0.681513 0.517873 0.302853 0.389020 0.503949 0.385405 0.437347 0.404454 0.555957 0.798563 0.316002 0.292211 0.350361 0.351554 0.344108 0.366134 0.313840 0.328704 0.236621 0.241062 0.525964 0.435728 0.387710 0.455252 0.568528 0.402875 0.778446 0.960742 0.552028 0.648737 0.677012 0.679664 0.691453 0.667221 0.298813 0.366649 0.323470 0.506989 0.379413 0.460853 0.367519 0.378142 0.994408 0.643499 0.506141 0.380085 0.661459 0.703138 0.617141 0.591737 0.790385 0.798616 0.793987 0.976267 0.779587 0.694292 0.928387 0.967418 0.691994 0.636373 0.576872 0.528901 0.645000 0.960704 0.818807 0.680896 0.672488 0.705550 0.758385 0.758418 0.426084 0.874638
0.736698 0.674201 0.646370 0.574737 0.968361 0.965040 0.541368 0.545094 0.952289 0.861297 0.997445 0.716722 0.749265 0.747348 0.812085 0.718192 0.702259 0.729709 0.633114 0.788156 0.967817 0.885170 0.482916 0.640811 0.712255 0.658701 0.806248 0.925579 0.737541 0.779201 0.544706 0.578105 0.535452 0.524070 0.000000 0.838545 0.629714 0.760696 0.812623 0.953156 0.885175 0.698212 0.542158 0.474043 0.667678 0.586949 0.481475 0.523027 0.621108 0.493879 0.507136 0.511650 0.579567 0.687866 0.640395 0.563746 0.693381 0.698832 0.586958 0.585687 0.701038 0.635881 0.660070 0.594351 0.756094 0.660440 0.502062 0.533124 0.851550 0.618640 0.743376 0.809610 0.649796 0.732367 0.855536 0.719054 0.589930 0.663940 0.617535 0.659696 0.651935 0.787862 0.699411 0.746237 0.651091 0.628741 0.986288 0.829549 0.614521 0.623769 0.970547 0.942802 0.916720 0.802057 0.804914 0.837847 0.847795 0.956516 0.755161 0.631129 0.959554 0.955975 0.663924 0.727501 0.528766 0.653663 0.650792 0.857873 0.865572 0.704990 0.679206 0.769607 0.727803 0.844477 0.583906 0.987555
0.971093 0.938903 0.820300 0.830328 0.884732 0.986494 0.835306 0.885499 0.978925 0.980204 0.944500 0.982712 0.955788 0.932243 0.976410 0.923987 0.915537 0.924586 0.959799 0.981202 0.909901 0.989397 0.814019 0.962826 0.877244 0.870668 0.726053 0.931659 0.911011 0.850804 0.688484 0.681575 0.887717 0.802771 0.838545 0.000000 0.756437 0.678535 0.893152 0.836376 0.912387 0.978187 0.826542 0.747447 0.780634 0.799901 0.839862 0.784233 0.954170 0.832037 0.854178 0.814744 0.762098 0.802633 0.861374 0.842510 0.926605 0.950841 0.935619 0.936308 0.929698 0.854253 0.963449 0.909399 0.895140 0.844171 0.737938 0.662898 0.867606 0.944741 0.745860 0.773838 0.796065 0.982975 0.800794 0.898364 0.949725 0.725021 0.898082 0.866157 0.969084 0.918076 0.868762 0.998509 0.974635 0.936800 0.938261 0.888744 0.894183 0.968778 0.905804 0.860328 0.868040 0.862161 0.953278 0.814833 0.900986 0.705254 0.995337 0.950121 0.939299 0.953378 0.825465 0.987560 0.895589 0.837372 0.953294 0.942178 0.908625 0.823156 0.882430 0.987189 0.872684 0.912832 0.825227 0.842314
0.603385 0.542401 0.558165 0.554327 0.804111 0.920381 0.682664 0.659707 0.691365 0.888609 0.815667 0.674919 0.774604 0.770940 0.886428 0.818179 0.611553 0.640795 0.592476 0.676854 0.701223 0.869207 0.637657 0.683965 0.489404 0.545252 0.527047 0.965297 0.739710 0.671721 0.676867 0.642367 0.593825 0.544781 0.629714 0.756437 0.000000 0.526057 0.704769 0.672382 0.633846 0.625340 0.830883 0.702969 0.953224 0.846563 0.588903 0.705970 0.860516 0.685079 0.749759 0.696779 0.816388 0.976755 0.574195 0.559013 0.586502 0.579063 0.612256 0.601884 0.725710 0.707752 0.616689 0.597255 0.639386 0.649401 0.628163 0.693574 0.653208 0.610979 0.830416 0.868885 0.854870 0.948038 0.755296 0.920436 0.934868 0.953414 0.743307 0.714420 0.663059 0.757657 0.608935 0.585450 0.600774 0.573659 0.856827 0.733576 0.631048 0.617704 0.560026 0.629832 0.523484 0.520246 0.961716 0.998413 0.968339 0.932907 0.901939 0.992037 0.818165 0.824833 0.921429 0.788143 0.743087 0.689719 0.950862 0.972986 0.992870 0.809807 0.876505 0.937681 0.987242 0.926588 0.757316 0.895916
0.565421 0.510005 0.589138 0.603601 0.769546 0.888426 0.718725 0.652733 0.783980 0.781861 0.746933 0.648182 0.749591 0.768231 0.928662 0.792948 0.608559 0.604180 0.623736 0.598464 0.725642 0.904383 0.700301 0.713763 0.526623 0.603490 0.615151 0.944105 0.724056 0.597876 0.674726 0.671454 0.586804 0.575288 0.760696 0.678535 0.526057 0.000000 0.641237 0.772986 0.630126 0.681978 0.979084 0.828466 0.942557 0.930324 0.683229 0.778775 0.967000 0.800702 0.866863 0.795304 0.891472 0.920059 0.633511 0.620272 0.518980 0.506207 0.677287 0.627414 0.650767 0.612868 0.619440 0.536474 0.593653 0.563243 0.763747 0.724086 0.578260 0.478835 0.939913 0.848668 0.877205 0.983325 0.802369 0.931801 0.927278 0.957430 0.683518 0.707198 0.610438 0.720602 0.555526 0.557379 0.634624 0.567588 0.821575 0.764759 0.642694 0.531192 0.519388 0.503852 0.547472 0.417168 0.917896 0.948936 0.985711 0.938151 0.788411 0.895554 0.867865 0.738536 0.946373 0.951966 0.910634 0.848635 0.859804 0.875377 0.938704 0.856410 0.926487 0.862128 0.870141 0.945818 0.835281 0.693030
