0.000000 0.119356 0.208178 0.212809 0.593396 0.494586 0.174049 0.145364 0.357412 0.275387 0.145139 0.107923 0.118445 0.206445 0.200669 0.194398 0.111566 0.101436 0.117217 0.115462 0.428951 0.743571 0.194893 0.391795 0.637980 0.558246 0.853738 0.945069 0.154717 0.122676 0.225973 0.318570 0.132341 0.142525 0.441499 0.572442 0.328125 0.404817 0.637504 0.605695 0.661286 0.464211 0.185680 0.162105 0.211310 0.162501 0.187916 0.182298 0.594052 0.286815 0.331300 0.246087 0.399990 0.398468 0.419785 0.437507 0.124229 0.115424 0.132990 0.151203 0.109224 0.153847 0.116243 0.107690 0.306067 0.217847 0.190389 0.180955 0.265357 0.173025 0.187793 0.215439 0.348645 0.338286 0.562406 0.555867 0.309548 0.240952 0.149809 0.170029 0.097923 0.138939 0.404045 0.263532 0.205628 0.360085 0.941627 0.952316 0.364032 0.456513 0.483114 0.563576 0.489099 0.656098 0.400096 0.439025 0.284770 0.473513 0.221608 0.205445 0.484589 0.532544 0.259430 0.255189 0.272447 0.264853 0.719140 0.500800 0.535725 0.323652 0.623723 0.298465 0.279669 0.410620 0.417266 0.951520
0.119356 0.000000 0.253636 0.243670 0.615993 0.501759 0.208194 0.163216 0.394697 0.292283 0.182650 0.123367 0.140196 0.190040 0.220488 0.211324 0.128068 0.103835 0.133567 0.130526 0.417873 0.753706 0.217590 0.386032 0.627960 0.570747 0.891707 0.976845 0.143152 0.137055 0.228265 0.315782 0.145129 0.165126 0.473947 0.564385 0.334051 0.451132 0.676623 0.613890 0.754090 0.394371 0.171720 0.156812 0.204998 0.166709 0.198109 0.166206 0.548440 0.310899 0.344140 0.271274 0.433866 0.414838 0.437333 0.460967 0.103157 0.086048 0.136594 0.168877 0.147241 0.196378 0.137564 0.116009 0.372004 0.287932 0.214316 0.203467 0.277415 0.165159 0.205508 0.233946 0.415484 0.405747 0.569505 0.560415 0.306511 0.280111 0.200913 0.200084 0.114446 0.145469 0.379496 0.238632 0.223231 0.351217 0.989500 0.924198 0.409856 0.456899 0.538559 0.598499 0.521110 0.696553 0.326000 0.477782 0.288591 0.394519 0.247127 0.222629 0.486615 0.555422 0.297764 0.216342 0.272444 0.270994 0.798317 0.549388 0.575297 0.346133 0.620637 0.316416 0.336082 0.371121 0.406135 0.891193
0.208178 0.253636 0.000000 0.109598 0.600343 0.483557 0.133161 0.160070 0.310323 0.317074 0.238901 0.223131 0.220860 0.318512 0.287581 0.278903 0.263041 0.209077 0.171056 0.177706 0.368019 0.750098 0.179405 0.321661 0.475365 0.356405 0.879056 0.947644 0.275653 0.216298 0.163142 0.259140 0.153359 0.179069 0.453375 0.627284 0.310652 0.465242 0.566453 0.590402 0.765169 0.562517 0.207726 0.184282 0.302139 0.290006 0.262566 0.240364 0.737546 0.413066 0.439708 0.372532 0.450733 0.380089 0.411891 0.515438 0.303785 0.293778 0.278170 0.279788 0.175543 0.221401 0.260896 0.261953 0.173185 0.135071 0.172944 0.177841 0.319993 0.233266 0.215873 0.291573 0.351974 0.323846 0.606161 0.614520 0.318722 0.277290 0.266875 0.297924 0.214184 0.189126 0.435456 0.278869 0.250592 0.307897 0.861188 0.965309 0.398435 0.425808 0.429855 0.505136 0.440151 0.563278 0.394358 0.535178 0.346538 0.521575 0.326324 0.283233 0.474560 0.440907 0.379646 0.261059 0.306421 0.349285 0.767014 0.508073 0.578696 0.427652 0.660305 0.412065 0.335192 0.502015 0.459446 0.958723
0.212809 0.243670 0.109598 0.000000 0.660472 0.432925 0.137611 0.128490 0.324371 0.267231 0.283062 0.201030 0.216453 0.277152 0.257801 0.244793 0.251651 0.203912 0.178967 0.180009 0.343707 0.707626 0.159789 0.295785 0.459942 0.335563 0.875999 0.891944 0.258884 0.195911 0.158803 0.223165 0.139601 0.151297 0.392032 0.595167 0.290005 0.466606 0.523767 0.619670 0.747733 0.524686 0.180996 0.171333 0.260664 0.256571 0.225910 0.210427 0.661219 0.360351 0.409921 0.332965 0.453301 0.380282 0.380035 0.484073 0.297046 0.270693 0.259479 0.266686 0.191863 0.208526 0.257623 0.234614 0.204107 0.147714 0.156055 0.145821 0.356806 0.231946 0.200595 0.296389 0.383932 0.418477 0.552034 0.605330 0.290461 0.290585 0.237859 0.298197 0.186188 0.150467 0.388579 0.217697 0.224206 0.262765 0.864585 0.995338 0.395933 0.378650 0.400907 0.482307 0.397041 0.538312 0.362056 0.492194 0.307184 0.483499 0.295018 0.236634 0.459484 0.439618 0.339259 0.243163 0.268191 0.319582 0.818679 0.526463 0.595692 0.413031 0.590581 0.350110 0.314377 0.422931 0.469373 0.991130
0.593396 0.615993 0.600343 0.660472 0.000000 0.757690 0.577041 0.601615 0.727063 0.650284 0.640620 0.647858 0.566006 0.658374 0.646701 0.625993 0.637058 0.624697 0.569391 0.662070 0.745046 0.833108 0.629876 0.731479 0.994066 0.917293 0.794003 0.961100 0.612554 0.649358 0.728001 0.814141 0.601711 0.614498 0.780119 0.812329 0.823049 0.736248 0.847550 0.746217 0.832801 0.686568 0.577423 0.597100 0.609731 0.598552 0.570249 0.600416 0.773701 0.677306 0.547583 0.585038 0.659013 0.580047 0.728973 0.675354 0.593142 0.659567 0.585806 0.649154 0.539343 0.575835 0.559632 0.584138 0.617228 0.593815 0.570516 0.590945 0.762458 0.665896 0.512727 0.637955 0.810370 0.765347 0.968504 0.720481 0.743689 0.742209 0.742814 0.684460 0.622480 0.634426 0.572979 0.638693 0.559507 0.624234 0.862237 0.907156 0.762293 0.688444 0.676589 0.656857 0.723914 0.736869 0.912773 0.793546 0.696682 0.700364 0.612559 0.601309 0.680499 0.704805 0.555535 0.615286 0.599935 0.669070 0.798024 0.554752 0.767773 0.852241 0.770823 0.718017 0.646985 0.723407 0.656298 0.989694
0.494586 0.501759 0.483557 0.432925 0.757690 0.000000 0.392617 0.372413 0.551059 0.428117 0.547685 0.503040 0.521336 0.649431 0.623271 0.577972 0.534697 0.476938 0.494383 0.508399 0.657861 0.934691 0.566278 0.738783 0.811714 0.585994 0.993444 0.837516 0.517133 0.530643 0.534619 0.629817 0.481988 0.460548 0.568448 0.756943 0.600089 0.873732 0.811452 0.881202 0.734469 0.548585 0.358277 0.434338 0.392204 0.414154 0.377450 0.436206 0.694154 0.557802 0.539276 0.478314 0.599678 0.545868 0.610642 0.602651 0.547532 0.534983 0.513400 0.526417 0.489471 0.520623 0.502344 0.512497 0.587684 0.476458 0.356673 0.389705 0.627053 0.472946 0.425114 0.435015 0.654027 0.685737 0.611919 0.759403 0.546214 0.517825 0.451566 0.624922 0.445275 0.451608 0.734074 0.460243 0.537227 0.655086 0.915332 0.916602 0.747649 0.644715 0.369219 0.437348 0.328035 0.507362 0.533181 0.697169 0.433054 0.698838 0.422726 0.418044 0.496085 0.444792 0.544409 0.431330 0.471849 0.560397 0.946056 0.629004 0.765762 0.629083 0.658707 0.456475 0.418639 0.571000 0.613878 0.892636
0.174049 0.208194 0.133161 0.137611 0.577041 0.392617 0.000000 0.100018 0.304218 0.198816 0.200424 0.189238 0.201572 0.307148 0.295560 0.286633 0.190059 0.154433 0.128969 0.170850 0.383495 0.746170 0.233643 0.439398 0.679232 0.523410 0.794508 0.999046 0.239507 0.197670 0.219090 0.308355 0.142201 0.130072 0.473865 0.626159 0.367193 0.480221 0.623566 0.604088 0.688837 0.469241 0.154422 0.115069 0.192849 0.201732 0.230062 0.194432 0.693687 0.406323 0.379297 0.330103 0.459921 0.345056 0.402525 0.554930 0.211505 0.232277 0.197271 0.253652 0.140736 0.218938 0.200644 0.209034 0.263338 0.164858 0.108985 0.116444 0.315349 0.222027 0.171632 0.205067 0.366975 0.360996 0.552516 0.566173 0.290151 0.234488 0.255545 0.286674 0.166642 0.171560 0.441431 0.281350 0.280350 0.391381 0.890696 0.879144 0.419656 0.519222 0.356731 0.402113 0.353316 0.458423 0.366463 0.481529 0.278122 0.455519 0.231527 0.200515 0.410789 0.326529 0.302602 0.197808 0.269947 0.291405 0.822213 0.475094 0.554642 0.379268 0.555260 0.302894 0.236970 0.366449 0.440309 0.912359
0.145364 0.163216 0.160070 0.128490 0.601615 0.372413 0.100018 0.000000 0.325968 0.170936 0.220701 0.142330 0.164398 0.238339 0.236816 0.233937 0.163289 0.138262 0.151298 0.158369 0.391355 0.760826 0.201580 0.395326 0.661157 0.506677 0.807332 0.956141 0.202590 0.167393 0.228993 0.301329 0.122936 0.118280 0.399009 0.562241 0.326527 0.427349 0.640877 0.603508 0.655440 0.441921 0.134971 0.133876 0.160882 0.169110 0.202595 0.175118 0.573579 0.324538 0.316741 0.264117 0.400813 0.349219 0.383353 0.472561 0.186999 0.180284 0.168359 0.206304 0.131217 0.151591 0.172723 0.143479 0.263884 0.173078 0.110455 0.115747 0.362161 0.185017 0.187420 0.238281 0.408597 0.430766 0.549477 0.552454 0.269977 0.233071 0.188389 0.285320 0.131430 0.147699 0.413221 0.241418 0.216642 0.339243 0.958346 0.897234 0.394481 0.402489 0.318545 0.376689 0.309355 0.462051 0.311700 0.395358 0.220376 0.393877 0.179103 0.143475 0.343663 0.377558 0.251134 0.170389 0.206360 0.254669 0.800365 0.427952 0.549238 0.344600 0.516579 0.267482 0.225501 0.339455 0.417345 0.929046
0.357412 0.394697 0.310323 0.324371 0.727063 0.551059 0.304218 0.325968 0.000000 0.350201 0.347180 0.334409 0.348787 0.451212 0.427429 0.387975 0.391461 0.359686 0.361665 0.333521 0.598220 0.828054 0.358615 0.552318 0.706022 0.561545 0.977606 0.955495 0.387914 0.364474 0.362990 0.466828 0.327746 0.341860 0.568785 0.679905 0.436413 0.509667 0.741299 0.666673 0.875037 0.669196 0.346348 0.318412 0.370777 0.376982 0.354131 0.381602 0.753975 0.494221 0.455843 0.410417 0.532941 0.484451 0.568702 0.561870 0.378676 0.403376 0.380424 0.405156 0.296492 0.334606 0.385927 0.399280 0.313877 0.304081 0.328802 0.327720 0.381650 0.394079 0.351586 0.469040 0.362091 0.336554 0.654891 0.561982 0.415105 0.368439 0.452398 0.390817 0.386335 0.393491 0.566776 0.483657 0.429363 0.527224 0.925942 0.860811 0.547534 0.596595 0.508145 0.505156 0.492777 0.536679 0.522881 0.496933 0.517943 0.715662 0.340895 0.357309 0.506374 0.440240 0.460399 0.325832 0.448314 0.462981 0.786805 0.537000 0.688487 0.559688 0.559274 0.489585 0.401090 0.594885 0.508791 0.920683
0.275387 0.292283 0.317074 0.267231 0.650284 0.428117 0.198816 0.170936 0.350201 0.000000 0.285091 0.246320 0.294694 0.357187 0.356235 0.361124 0.252486 0.251935 0.279103 0.306958 0.536820 0.772531 0.364074 0.558210 0.848852 0.622773 0.840969 0.968037 0.304334 0.275573 0.379709 0.418261 0.231244 0.229234 0.438448 0.651275 0.446926 0.498639 0.726765 0.669198 0.762102 0.447590 0.254023 0.257625 0.264271 0.293008 0.374657 0.313619 0.655531 0.453676 0.421513 0.359157 0.545398 0.444679 0.512794 0.564811 0.293599 0.313047 0.267506 0.316263 0.246000 0.245471 0.293407 0.258806 0.379998 0.257830 0.237490 0.244277 0.414615 0.252132 0.316074 0.327190 0.408241 0.454533 0.562832 0.503028 0.333150 0.271011 0.335260 0.375182 0.245107 0.287634 0.550930 0.341299 0.399610 0.537132 0.987935 0.791365 0.513488 0.569577 0.363975 0.373605 0.342375 0.436863 0.429172 0.406512 0.328303 0.448793 0.208801 0.205628 0.389979 0.344288 0.333545 0.224129 0.324552 0.340002 0.832584 0.461102 0.649843 0.472631 0.534906 0.327460 0.280330 0.352343 0.494002 0.955999
0.145139 0.182650 0.238901 0.283062 0.640620 0.547685 0.200424 0.220701 0.347180 0.285091 0.000000 0.135479 0.140298 0.222201 0.231933 0.209175 0.127026 0.121725 0.131821 0.147819 0.441136 0.791423 0.240005 0.395204 0.697966 0.604523 0.943159 0.914279 0.170578 0.130702 0.234573 0.297026 0.185485 0.177280 0.552850 0.612338 0.417402 0.463343 0.708068 0.593184 0.646944 0.500588 0.265205 0.215092 0.338337 0.298530 0.305396 0.272907 0.832235 0.478465 0.502957 0.425754 0.531897 0.503198 0.507855 0.640648 0.151750 0.194147 0.222512 0.276018 0.144542 0.233523 0.148800 0.171414 0.337564 0.242992 0.258128 0.272776 0.245887 0.236712 0.234178 0.257247 0.356416 0.340014 0.631989 0.577907 0.336225 0.236766 0.232077 0.193986 0.161039 0.217906 0.375705 0.322039 0.330060 0.466872 0.879199 0.895669 0.474324 0.640896 0.598659 0.658959 0.610408 0.720298 0.442152 0.567143 0.407017 0.548925 0.354082 0.308759 0.583772 0.505142 0.339083 0.263974 0.397595 0.343659 0.783570 0.606711 0.634135 0.395576 0.657207 0.393349 0.353353 0.450209 0.460670 0.975338
0.107923 0.123367 0.223131 0.201030 0.647858 0.503040 0.189238 0.142330 0.334409 0.246320 0.135479 0.000000 0.097525 0.125970 0.143944 0.128815 0.102936 0.086291 0.118168 0.114248 0.434670 0.747979 0.164459 0.335559 0.648702 0.551587 0.918562 0.980652 0.111364 0.086294 0.213851 0.262763 0.122524 0.143741 0.449837 0.568965 0.331296 0.394400 0.631791 0.565395 0.682926 0.433555 0.203892 0.181891 0.252131 0.208471 0.225038 0.191697 0.623060 0.357743 0.384525 0.314494 0.471929 0.456043 0.439537 0.506306 0.118821 0.122168 0.146292 0.181395 0.106330 0.139303 0.097564 0.083825 0.305141 0.214706 0.213119 0.198034 0.295670 0.174363 0.216449 0.255488 0.407373 0.417259 0.570879 0.558869 0.285349 0.228887 0.156214 0.195102 0.110068 0.157935 0.328452 0.235166 0.213006 0.344351 0.900482 0.933182 0.379699 0.468074 0.544900 0.611311 0.543556 0.721091 0.356119 0.462557 0.333957 0.438739 0.257222 0.212987 0.504594 0.538184 0.263029 0.216904 0.281044 0.265158 0.773654 0.536881 0.574768 0.302320 0.575057 0.333213 0.314088 0.376970 0.405119 0.984381
0.118445 0.140196 0.220860 0.216453 0.566006 0.521336 0.201572 0.164398 0.348787 0.294694 0.140298 0.097525 0.000000 0.117974 0.105060 0.111173 0.130162 0.115534 0.130612 0.143977 0.384581 0.747377 0.132539 0.281035 0.619174 0.561309 0.916888 0.979410 0.126263 0.104923 0.200433 0.275930 0.154409 0.165906 0.497953 0.596812 0.301747 0.370227 0.625086 0.575911 0.664840 0.443679 0.209712 0.181435 0.274834 0.234546 0.218696 0.188954 0.656934 0.375605 0.381727 0.315396 0.478444 0.459283 0.451241 0.521260 0.130073 0.144409 0.178425 0.221300 0.099168 0.151130 0.096788 0.094492 0.264409 0.223254 0.226600 0.224971 0.356226 0.243685 0.221785 0.280457 0.433815 0.418435 0.617957 0.549011 0.357807 0.251493 0.196011 0.224163 0.132427 0.182763 0.292879 0.263738 0.181231 0.305264 0.897939 0.993235 0.382030 0.416108 0.571046 0.639077 0.576310 0.741887 0.387320 0.483250 0.353898 0.464284 0.296617 0.247957 0.527965 0.560811 0.260297 0.239931 0.297442 0.245307 0.736653 0.506075 0.560905 0.341192 0.614193 0.367667 0.367977 0.420987 0.397771 0.973551
0.206445 0.190040 0.318512 0.277152 0.658374 0.649431 0.307148 0.238339 0.451212 0.357187 0.222201 0.125970 0.117974 0.000000 0.104851 0.109800 0.185800 0.175365 0.201177 0.217363 0.425039 0.732803 0.151433 0.239379 0.637733 0.600019 0.939172 0.904398 0.140210 0.140515 0.243040 0.268943 0.199578 0.221792 0.488497 0.600963 0.331360 0.376628 0.622329 0.554607 0.727350 0.452425 0.286381 0.258380 0.352882 0.315426 0.280131 0.235077 0.617767 0.427342 0.430856 0.392161 0.536297 0.552402 0.506118 0.568064 0.177836 0.189794 0.211962 0.266796 0.163463 0.196705 0.137503 0.118260 0.311980 0.282350 0.293248 0.279610 0.439840 0.296911 0.317315 0.394736 0.571202 0.580559 0.660766 0.632547 0.360621 0.286510 0.240172 0.298460 0.205460 0.247091 0.241753 0.300898 0.203977 0.282935 0.889265 0.931124 0.421241 0.414171 0.684881 0.758669 0.686377 0.873538 0.395260 0.511737 0.432914 0.406091 0.373116 0.304171 0.577016 0.656471 0.266446 0.298860 0.335006 0.284720 0.822736 0.569480 0.578363 0.377822 0.589329 0.422079 0.466372 0.457774 0.431221 0.936588
0.200669 0.220488 0.287581 0.257801 0.646701 0.623271 0.295560 0.236816 0.427429 0.356235 0.231933 0.143944 0.105060 0.104851 0.000000 0.112451 0.215257 0.195895 0.217697 0.225782 0.402265 0.742354 0.129495 0.256733 0.599729 0.553890 0.984922 0.984002 0.182113 0.152096 0.234090 0.282100 0.214090 0.236202 0.487312 0.665753 0.302329 0.398421 0.631139 0.545348 0.708111 0.502471 0.288182 0.257916 0.355550 0.308281 0.294235 0.227744 0.637636 0.400273 0.414416 0.349657 0.497812 0.495415 0.450755 0.519054 0.218505 0.214699 0.242888 0.271437 0.155766 0.180207 0.158005 0.140169 0.266988 0.263247 0.306760 0.296882 0.465586 0.311837 0.316290 0.371803 0.497548 0.530278 0.635022 0.610346 0.398629 0.301638 0.251581 0.297071 0.208431 0.243551 0.292595 0.315893 0.185551 0.286174 0.821780 0.882324 0.368407 0.352187 0.653928 0.720852 0.656716 0.845656 0.408419 0.500743 0.421885 0.497904 0.357271 0.296121 0.574751 0.642087 0.284015 0.305714 0.320810 0.276861 0.723677 0.522126 0.612422 0.419845 0.645633 0.424398 0.445983 0.488839 0.432079 0.909758
0.194398 0.211324 0.278903 0.244793 0.625993 0.577972 0.286633 0.233937 0.387975 0.361124 0.209175 0.128815 0.111173 0.109800 0.112451 0.000000 0.188651 0.168104 0.185720 0.208594 0.411345 0.778164 0.120886 0.229306 0.578181 0.538778 0.998885 0.943549 0.140086 0.129652 0.198820 0.253852 0.190671 0.208242 0.504040 0.630843 0.313774 0.388064 0.573174 0.497071 0.694426 0.449682 0.267394 0.239237 0.351126 0.293468 0.259530 0.224669 0.665923 0.401770 0.425776 0.369191 0.493417 0.484387 0.488917 0.523253 0.202690 0.204182 0.229746 0.265368 0.144082 0.187667 0.138720 0.123668 0.282970 0.240722 0.273921 0.281711 0.386153 0.277372 0.271129 0.333184 0.503842 0.542843 0.626915 0.605349 0.365413 0.267750 0.226473 0.249531 0.183971 0.209375 0.234104 0.243935 0.191732 0.250222 0.841986 0.881208 0.401591 0.390186 0.646037 0.721487 0.654170 0.831748 0.413385 0.498855 0.430010 0.469374 0.382293 0.317874 0.593598 0.586908 0.265772 0.290198 0.327955 0.288227 0.727353 0.600551 0.602698 0.429194 0.690882 0.448308 0.451695 0.450030 0.435365 0.954887
0.111566 0.128068 0.263041 0.251651 0.637058 0.534697 0.190059 0.163289 0.391461 0.252486 0.127026 0.102936 0.130162 0.185800 0.215257 0.188651 0.000000 0.082438 0.117332 0.126976 0.446565 0.692408 0.233079 0.409518 0.721867 0.623040 0.904252 0.956479 0.116624 0.099905 0.239156 0.269560 0.145153 0.128755 0.512932 0.575880 0.393268 0.466955 0.665067 0.580928 0.675784 0.441538 0.218973 0.170919 0.253089 0.223804 0.247625 0.223055 0.683118 0.385581 0.427044 0.337147 0.500254 0.445990 0.470066 0.553804 0.110655 0.118930 0.156755 0.197035 0.136976 0.187740 0.122069 0.114908 0.370093 0.243478 0.217877 0.207248 0.261316 0.173919 0.236173 0.252829 0.374530 0.375163 0.580531 0.506721 0.312787 0.231566 0.168666 0.168923 0.101109 0.154748 0.353953 0.264455 0.277640 0.396568 0.943809 0.934926 0.425784 0.547065 0.575326 0.623209 0.576935 0.692507 0.360404 0.475778 0.325839 0.426809 0.291442 0.225474 0.561339 0.521711 0.276561 0.220708 0.329036 0.262420 0.809918 0.572095 0.618582 0.326788 0.608936 0.319182 0.341362 0.326099 0.478907 0.928564
0.101436 0.103835 0.209077 0.203912 0.624697 0.476938 0.154433 0.138262 0.359686 0.251935 0.121725 0.086291 0.115534 0.175365 0.195895 0.168104 0.082438 0.000000 0.092206 0.097518 0.398361 0.726043 0.203648 0.384462 0.665813 0.575947 0.879572 0.995783 0.108698 0.086808 0.208582 0.265325 0.118260 0.119712 0.493179 0.602817 0.357365 0.448421 0.651195 0.563048 0.708253 0.423600 0.175591 0.133902 0.227921 0.186942 0.201287 0.177219 0.660392 0.364003 0.399739 0.317512 0.480857 0.420489 0.440080 0.529425 0.098993 0.105163 0.150940 0.191734 0.112611 0.168092 0.108006 0.097957 0.330559 0.215585 0.184091 0.187963 0.243221 0.167064 0.204405 0.219141 0.382154 0.375818 0.559674 0.546146 0.283239 0.209358 0.157000 0.179532 0.098500 0.136577 0.342775 0.233155 0.245220 0.365994 0.899718 0.900967 0.433281 0.512665 0.526207 0.587390 0.522232 0.669392 0.334360 0.464073 0.319307 0.422173 0.262807 0.213192 0.528453 0.503610 0.274817 0.203951 0.270191 0.263977 0.800319 0.582877 0.590549 0.304855 0.635870 0.294304 0.285410 0.343566 0.406695 0.944880
0.117217 0.133567 0.171056 0.178967 0.569391 0.494383 0.128969 0.151298 0.361665 0.279103 0.131821 0.118168 0.130612 0.201177 0.217697 0.185720 0.117332 0.092206 0.000000 0.113176 0.387458 0.721658 0.187137 0.364676 0.611830 0.545429 0.858442 0.957075 0.150016 0.114419 0.177154 0.263671 0.133533 0.122230 0.461658 0.582650 0.354250 0.434879 0.575272 0.560029 0.721591 0.428313 0.179372 0.136689 0.246696 0.217640 0.206177 0.170314 0.694559 0.366211 0.398471 0.329562 0.478507 0.407463 0.420580 0.563857 0.141784 0.155079 0.162464 0.199471 0.110285 0.199499 0.120158 0.133064 0.292784 0.198087 0.174424 0.169478 0.253823 0.184853 0.174269 0.215386 0.380720 0.368025 0.550790 0.528290 0.321109 0.245807 0.212885 0.186867 0.119429 0.141858 0.336359 0.251364 0.235519 0.349770 0.887985 0.921680 0.420450 0.519411 0.544760 0.616926 0.546459 0.686118 0.394074 0.494634 0.332930 0.433253 0.288374 0.245125 0.546088 0.508708 0.291358 0.235104 0.306851 0.276615 0.733373 0.552791 0.549562 0.340901 0.625820 0.314922 0.324034 0.390754 0.419513 0.979189
0.115462 0.130526 0.177706 0.180009 0.662070 0.508399 0.170850 0.158369 0.333521 0.306958 0.147819 0.114248 0.143977 0.217363 0.225782 0.208594 0.126976 0.097518 0.113176 0.000000 0.382855 0.713977 0.195776 0.348096 0.579464 0.484978 0.919663 0.991393 0.150929 0.106461 0.185456 0.233517 0.127056 0.128534 0.490363 0.618522 0.342065 0.456575 0.673939 0.602707 0.712468 0.502304 0.190543 0.162502 0.264805 0.213794 0.208837 0.213510 0.685579 0.354901 0.429060 0.350678 0.500616 0.454939 0.438952 0.521823 0.145829 0.142967 0.172536 0.199194 0.143733 0.190972 0.148124 0.145813 0.314618 0.223917 0.202784 0.191699 0.239541 0.179449 0.198049 0.243663 0.332899 0.333416 0.578010 0.564228 0.295776 0.238451 0.175014 0.173279 0.122897 0.134992 0.395751 0.255247 0.257825 0.372937 0.856632 0.922148 0.383364 0.516075 0.555624 0.632698 0.556777 0.711636 0.348886 0.520823 0.339870 0.490709 0.294687 0.250148 0.535756 0.549654 0.335601 0.251643 0.313634 0.285171 0.748518 0.578241 0.534619 0.311497 0.618628 0.330410 0.336547 0.407016 0.411727 0.929098
0.428951 0.417873 0.368019 0.343707 0.745046 0.657861 0.383495 0.391355 0.598220 0.536820 0.441136 0.434670 0.384581 0.425039 0.402265 0.411345 0.446565 0.398361 0.387458 0.382855 0.000000 0.771163 0.365340 0.403833 0.550984 0.537618 0.945797 0.918839 0.464481 0.417206 0.353500 0.450883 0.408345 0.351862 0.588651 0.697670 0.445822 0.491332 0.611099 0.679341 0.683399 0.625064 0.360608 0.336562 0.476918 0.440686 0.404539 0.387211 0.769388 0.487708 0.583068 0.532501 0.668492 0.511480 0.505367 0.655386 0.452421 0.416453 0.427353 0.453634 0.415029 0.465511 0.420614 0.414509 0.413478 0.438754 0.403533 0.421684 0.561136 0.465788 0.377113 0.443025 0.598750 0.625420 0.745019 0.766753 0.473983 0.407776 0.434537 0.434029 0.410449 0.369987 0.439637 0.424254 0.398846 0.453863 0.978935 0.943334 0.580999 0.522432 0.607394 0.686031 0.624253 0.744086 0.479700 0.576814 0.449144 0.623864 0.574949 0.474613 0.683658 0.554937 0.435586 0.406562 0.456895 0.431257 0.875415 0.632545 0.531343 0.606105 0.709978 0.558294 0.496184 0.585003 0.556988 0.901046
0.743571 0.753706 0.750098 0.707626 0.833108 0.934691 0.746170 0.760826 0.828054 0.772531 0.791423 0.747979 0.747377 0.732803 0.742354 0.778164 0.692408 0.726043 0.721658 0.713977 0.771163 0.000000 0.746441 0.801939 0.955102 0.811360 0.936896 0.871009 0.709476 0.698139 0.785091 0.673939 0.711585 0.703901 0.872285 0.800818 0.801204 0.865099 0.821686 0.855528 0.882622 0.867216 0.730408 0.724383 0.768895 0.792865 0.769598 0.793478 0.815934 0.780979 0.778721 0.770774 0.887927 0.739189 0.744998 0.912357 0.749052 0.782062 0.788646 0.868767 0.762382 0.798506 0.778759 0.771760 0.744921 0.742426 0.732251 0.709770 0.801605 0.765903 0.718087 0.802133 0.752668 0.752846 0.960679 0.593741 0.788160 0.783342 0.820150 0.708530 0.739649 0.731549 0.700597 0.767398 0.763881 0.686489 0.914317 0.847792 0.763230 0.790905 0.842135 0.890596 0.902214 0.854721 0.795000 0.848788 0.845126 0.747983 0.739687 0.725825 0.866734 0.839151 0.775010 0.713513 0.813393 0.725868 0.939189 0.804985 0.917807 0.800832 0.803010 0.814062 0.781689 0.831104 0.748872 0.959093
0.194893 0.217590 0.179405 0.159789 0.629876 0.566278 0.233643 0.201580 0.358615 0.364074 0.240005 0.164459 0.132539 0.151433 0.129495 0.120886 0.233079 0.203648 0.187137 0.195776 0.365340 0.746441 0.000000 0.177951 0.452269 0.387635 0.984864 0.943838 0.180602 0.163886 0.137607 0.200412 0.162222 0.180519 0.430581 0.590051 0.253998 0.381407 0.520013 0.531249 0.771199 0.486592 0.236280 0.218610 0.335192 0.284837 0.224999 0.201095 0.650044 0.373165 0.408739 0.342412 0.430403 0.442256 0.400365 0.471288 0.245755 0.238432 0.229651 0.241963 0.139400 0.170300 0.165961 0.166003 0.178009 0.173525 0.217247 0.215364 0.396419 0.267552 0.247646 0.358220 0.443895 0.489480 0.637221 0.621903 0.357787 0.293979 0.238671 0.273135 0.174304 0.174805 0.265895 0.218313 0.120907 0.169316 0.878484 0.843087 0.326548 0.298629 0.593207 0.692063 0.598277 0.798714 0.368485 0.493348 0.366586 0.460047 0.365136 0.299358 0.548055 0.590454 0.290870 0.279399 0.326169 0.265087 0.732197 0.533270 0.578057 0.454211 0.669482 0.441517 0.416892 0.510146 0.388810 0.983344
0.391795 0.386032 0.321661 0.295785 0.731479 0.738783 0.439398 0.395326 0.552318 0.558210 0.395204 0.335559 0.281035 0.239379 0.256733 0.229306 0.409518 0.384462 0.364676 0.348096 0.403833 0.801939 0.177951 0.000000 0.369202 0.360694 0.964535 0.824070 0.315939 0.292794 0.228870 0.246936 0.323285 0.351823 0.508053 0.641501 0.398681 0.535884 0.528791 0.620555 0.841320 0.620719 0.417982 0.409364 0.545078 0.494025 0.388771 0.370681 0.767818 0.533603 0.594806 0.562760 0.576655 0.614232 0.533424 0.596262 0.440154 0.426808 0.441525 0.461021 0.337764 0.365277 0.333682 0.344269 0.309519 0.319932 0.400478 0.422118 0.556722 0.450054 0.415635 0.551273 0.568229 0.606160 0.767748 0.710223 0.507454 0.420214 0.395364 0.402106 0.341337 0.310390 0.259881 0.306720 0.259166 0.198395 0.763485 0.673590 0.449632 0.391292 0.794972 0.911503 0.809884 0.989601 0.483474 0.664003 0.566930 0.537054 0.636072 0.524738 0.692886 0.781878 0.514808 0.477180 0.514031 0.472112 0.834205 0.679812 0.644959 0.595133 0.751669 0.631657 0.638523 0.697502 0.555950 0.885670
0.637980 0.627960 0.475365 0.459942 0.994066 0.811714 0.679232 0.661157 0.706022 0.848852 0.697966 0.648702 0.619174 0.637733 0.599729 0.578181 0.721867 0.665813 0.611830 0.579464 0.550984 0.955102 0.452269 0.369202 0.000000 0.251447 0.858386 0.793183 0.655583 0.613389 0.381862 0.517652 0.583798 0.634138 0.576965 0.811005 0.542182 0.792473 0.485233 0.832278 0.921190 0.860870 0.635999 0.659133 0.761094 0.701865 0.553232 0.611900 0.872487 0.620841 0.803375 0.694252 0.708835 0.776237 0.554458 0.665008 0.767475 0.646310 0.716024 0.613488 0.651638 0.627573 0.703344 0.686182 0.465459 0.549571 0.666876 0.639364 0.635660 0.646224 0.656531 0.706969 0.565093 0.648795 0.743530 0.868493 0.710698 0.745259 0.646928 0.585468 0.608494 0.538468 0.672782 0.574874 0.496761 0.407863 0.941510 0.870060 0.681845 0.477024 0.920755 0.999742 0.862207 0.967282 0.639953 0.836223 0.722247 0.829469 0.835238 0.797004 0.942955 0.954897 0.874277 0.734626 0.695642 0.723421 0.859829 0.943165 0.816975 0.733338 0.965834 0.825278 0.804747 0.896354 0.722439 0.973358
0.558246 0.570747 0.356405 0.335563 0.917293 0.585994 0.523410 0.506677 0.561545 0.622773 0.604523 0.551587 0.561309 0.600019 0.553890 0.538778 0.623040 0.575947 0.545429 0.484978 0.537618 0.811360 0.387635 0.360694 0.251447 0.000000 0.849108 0.694205 0.566718 0.538166 0.329993 0.390844 0.456753 0.474827 0.464966 0.736841 0.480366 0.769471 0.521864 0.703707 0.935952 0.786250 0.469765 0.512329 0.590652 0.548025 0.436039 0.495726 0.731607 0.534699 0.640067 0.551199 0.531083 0.605286 0.536429 0.520022 0.693923 0.615965 0.579907 0.537124 0.536328 0.506590 0.619995 0.614033 0.346055 0.353483 0.479621 0.453840 0.574380 0.532514 0.533834 0.601330 0.450609 0.561827 0.707467 0.791514 0.519471 0.591139 0.573420 0.524523 0.502929 0.443733 0.633801 0.464421 0.434090 0.367430 0.934224 0.879414 0.509604 0.454694 0.688747 0.773719 0.652910 0.836763 0.520421 0.744563 0.580445 0.699248 0.634466 0.555081 0.714144 0.743462 0.735388 0.547814 0.605682 0.649830 0.839994 0.739916 0.795457 0.720636 0.930706 0.674321 0.615409 0.790578 0.567522 0.978689
0.853738 0.891707 0.879056 0.875999 0.794003 0.993444 0.794508 0.807332 0.977606 0.840969 0.943159 0.918562 0.916888 0.939172 0.984922 0.998885 0.904252 0.879572 0.858442 0.919663 0.945797 0.936896 0.984864 0.964535 0.858386 0.849108 0.000000 0.989541 0.945039 0.907068 0.966433 0.955554 0.856891 0.863067 0.897614 0.898688 0.932697 0.813686 0.858680 0.911717 0.907615 0.936387 0.902519 0.907147 0.851048 0.854789 0.939135 0.894441 0.884354 0.915596 0.795369 0.874852 0.919949 0.788411 0.830893 0.893795 0.892087 0.933647 0.868121 0.899449 0.869187 0.858621 0.857305 0.868315 0.927459 0.879464 0.819418 0.856284 0.968592 0.928104 0.914686 0.885639 0.974705 0.978725 0.947206 0.767417 0.945936 0.854196 0.922578 0.993955 0.879182 0.826557 0.936447 0.904989 0.887286 0.903311 0.892413 0.974341 0.983503 0.992575 0.753129 0.760648 0.793944 0.739218 0.978714 0.847656 0.880805 0.837466 0.814787 0.845101 0.872438 0.860291 0.819072 0.884674 0.696076 0.996265 0.904165 0.902329 0.871644 0.744497 0.918773 0.807956 0.767294 0.883283 0.951791 0.908555
0.945069 0.976845 0.947644 0.891944 0.961100 0.837516 0.999046 0.956141 0.955495 0.968037 0.914279 0.980652 0.979410 0.904398 0.984002 0.943549 0.956479 0.995783 0.957075 0.991393 0.918839 0.871009 0.943838 0.824070 0.793183 0.694205 0.989541 0.000000 0.946837 0.973441 0.937901 0.878986 0.929488 0.977621 0.906952 0.960590 0.898984 0.922791 0.929629 0.908214 0.997186 0.899184 0.960708 0.986196 0.944690 0.981353 0.904001 0.988330 0.995994 0.911771 0.981830 0.925594 0.924225 0.967756 0.973565 0.978267 0.928176 0.961070 0.982362 0.950155 0.975928 0.995715 0.978880 0.976731 0.945637 0.930947 0.951266 0.916436 0.971141 0.980650 0.975212 0.920167 0.993533 0.908460 0.778255 0.914485 0.917896 0.956210 0.992372 0.916500 0.988120 0.950300 0.916868 0.930661 0.959053 0.860756 0.991918 0.986277 0.996325 0.945883 0.948824 0.956944 0.928716 0.993122 0.957999 0.851240 0.910456 0.828598 0.954987 0.944539 0.961295 0.950121 0.901702 0.957286 0.952077 0.914086 0.798625 0.943851 0.954302 0.929137 0.991509 0.984707 0.992270 0.996108 0.880499 0.987098
0.154717 0.143152 0.275653 0.258884 0.612554 0.517133 0.239507 0.202590 0.387914 0.304334 0.170578 0.111364 0.126263 0.140210 0.182113 0.140086 0.116624 0.108698 0.150016 0.150929 0.464481 0.709476 0.180602 0.315939 0.655583 0.566718 0.945039 0.946837 0.000000 0.101927 0.209196 0.256652 0.143445 0.166553 0.488441 0.628816 0.375509 0.499626 0.639439 0.532563 0.765874 0.420165 0.243610 0.207020 0.304798 0.254697 0.222342 0.198196 0.641476 0.406027 0.432399 0.353771 0.486178 0.474427 0.462998 0.507774 0.144708 0.161453 0.179571 0.221931 0.142645 0.188391 0.117860 0.120698 0.342954 0.241169 0.230805 0.231130 0.282547 0.212065 0.259514 0.319986 0.423391 0.443906 0.620185 0.545739 0.328224 0.247676 0.190914 0.209095 0.124852 0.166762 0.308309 0.245832 0.227681 0.316703 0.874988 0.992848 0.448469 0.462159 0.633340 0.692183 0.619966 0.804785 0.363979 0.520998 0.370859 0.436051 0.339116 0.259323 0.561560 0.570277 0.287677 0.247109 0.330020 0.270145 0.800510 0.630785 0.645083 0.368343 0.625319 0.393332 0.377189 0.367384 0.432345 0.925770
0.122676 0.137055 0.216298 0.195911 0.649358 0.530643 0.197670 0.167393 0.364474 0.275573 0.130702 0.086294 0.104923 0.140515 0.152096 0.129652 0.099905 0.086808 0.114419 0.106461 0.417206 0.698139 0.163886 0.292794 0.613389 0.538166 0.907068 0.973441 0.101927 0.000000 0.185115 0.215926 0.127596 0.130706 0.479129 0.616510 0.340879 0.464956 0.637103 0.563474 0.723283 0.485096 0.238948 0.187062 0.298857 0.241131 0.241656 0.210170 0.713240 0.379528 0.436000 0.351444 0.486430 0.438875 0.424741 0.515931 0.146394 0.144866 0.189688 0.218737 0.123589 0.171470 0.113304 0.104933 0.313641 0.218180 0.219614 0.221578 0.263101 0.176793 0.229340 0.272471 0.380493 0.389847 0.539286 0.536479 0.321754 0.223882 0.155858 0.168088 0.102208 0.125175 0.306584 0.218627 0.235201 0.313751 0.807254 0.968478 0.396521 0.491549 0.591869 0.666282 0.601248 0.753850 0.355949 0.517479 0.379425 0.463385 0.330169 0.257427 0.577479 0.553612 0.298698 0.251879 0.330486 0.275529 0.759928 0.617616 0.616802 0.336414 0.641314 0.364573 0.362250 0.370730 0.450657 0.984930
0.225973 0.228265 0.163142 0.158803 0.728001 0.534619 0.219090 0.228993 0.362990 0.379709 0.234573 0.213851 0.200433 0.243040 0.234090 0.198820 0.239156 0.208582 0.177154 0.185456 0.353500 0.785091 0.137607 0.228870 0.381862 0.329993 0.966433 0.937901 0.209196 0.185115 0.000000 0.176726 0.170261 0.182753 0.453475 0.624877 0.296512 0.519002 0.508874 0.622601 0.747267 0.550882 0.238373 0.207464 0.349143 0.309642 0.246098 0.232278 0.733623 0.418581 0.492790 0.412408 0.485455 0.466792 0.408519 0.533509 0.279392 0.257756 0.265382 0.276522 0.194674 0.248464 0.232196 0.240356 0.236674 0.183536 0.224344 0.225972 0.289871 0.258893 0.265100 0.319047 0.353104 0.383726 0.580489 0.660643 0.365601 0.283565 0.262084 0.239267 0.187871 0.163427 0.333098 0.220837 0.213320 0.235391 0.859721 0.911864 0.373288 0.416989 0.631356 0.716498 0.609476 0.775369 0.392507 0.570745 0.357464 0.548687 0.433004 0.372260 0.601520 0.540554 0.410873 0.327998 0.393184 0.359212 0.744485 0.661037 0.634496 0.447884 0.708829 0.462124 0.444729 0.455247 0.495470 0.993844
0.318570 0.315782 0.259140 0.223165 0.814141 0.629817 0.308355 0.301329 0.466828 0.418261 0.297026 0.262763 0.275930 0.268943 0.282100 0.253852 0.269560 0.265325 0.263671 0.233517 0.450883 0.673939 0.200412 0.246936 0.517652 0.390844 0.955554 0.878986 0.256652 0.215926 0.176726 0.000000 0.241942 0.222406 0.576248 0.704398 0.376801 0.609465 0.559780 0.599954 0.863919 0.626674 0.333977 0.284089 0.458195 0.436332 0.358417 0.326889 0.858313 0.550850 0.625315 0.551840 0.606930 0.583554 0.538035 0.666388 0.336157 0.344054 0.346311 0.381622 0.289222 0.338008 0.295540 0.304343 0.345719 0.257705 0.313733 0.309397 0.401535 0.339132 0.365515 0.430949 0.468213 0.502986 0.598054 0.631700 0.428261 0.334451 0.291044 0.283502 0.256399 0.244365 0.355002 0.263124 0.328052 0.296777 0.862439 0.880089 0.412285 0.512645 0.736786 0.861100 0.745224 0.888844 0.425308 0.611319 0.478367 0.537321 0.528253 0.425860 0.721304 0.673324 0.489062 0.373272 0.490062 0.401712 0.847261 0.768393 0.701134 0.506124 0.712487 0.486498 0.566400 0.523329 0.565983 0.977510
0.132341 0.145129 0.153359 0.139601 0.601711 0.481988 0.142201 0.122936 0.327746 0.231244 0.185485 0.122524 0.154409 0.199578 0.214090 0.190671 0.145153 0.118260 0.133533 0.127056 0.408345 0.711585 0.162222 0.323285 0.583798 0.456753 0.856891 0.929488 0.143445 0.127596 0.170261 0.241942 0.000000 0.122830 0.413347 0.565280 0.338494 0.447118 0.612616 0.548124 0.781859 0.489963 0.171778 0.148294 0.229601 0.193242 0.206641 0.203521 0.611834 0.370598 0.382854 0.322321 0.451349 0.404781 0.402464 0.460003 0.165189 0.160133 0.153437 0.198420 0.119354 0.153555 0.154065 0.139255 0.256883 0.159883 0.156060 0.135027 0.261097 0.163651 0.187735 0.242076 0.347567 0.391026 0.581056 0.596148 0.253352 0.198641 0.179101 0.208012 0.111875 0.125364 0.362173 0.222727 0.206872 0.287857 0.894848 0.954764 0.370830 0.422490 0.471970 0.527404 0.472891 0.620193 0.333464 0.469862 0.283108 0.410536 0.243232 0.195644 0.490631 0.438581 0.285284 0.181319 0.271087 0.289592 0.778969 0.517624 0.572636 0.339341 0.608891 0.317710 0.311708 0.363838 0.431911 0.974942
0.142525 0.165126 0.179069 0.151297 0.614498 0.460548 0.130072 0.118280 0.341860 0.229234 0.177280 0.143741 0.165906 0.221792 0.236202 0.208242 0.128755 0.119712 0.122230 0.128534 0.351862 0.703901 0.180519 0.351823 0.634138 0.474827 0.863067 0.977621 0.166553 0.130706 0.182753 0.222406 0.122830 0.000000 0.412148 0.582144 0.318699 0.444769 0.579962 0.552688 0.725827 0.443096 0.173551 0.137964 0.224429 0.205490 0.203195 0.202831 0.677412 0.357399 0.392361 0.322612 0.445076 0.392070 0.430819 0.508982 0.169030 0.168295 0.166378 0.218636 0.130569 0.178429 0.153534 0.144807 0.259599 0.156151 0.126809 0.135553 0.297543 0.179856 0.200292 0.234670 0.348439 0.416089 0.550437 0.543450 0.267914 0.197818 0.191081 0.199687 0.119361 0.122502 0.342528 0.229708 0.216457 0.306246 0.900631 0.994262 0.389576 0.466018 0.454131 0.540431 0.460996 0.591730 0.349876 0.436462 0.308453 0.412025 0.256441 0.195350 0.466291 0.437056 0.254418 0.190386 0.292433 0.272378 0.767662 0.493383 0.617597 0.408621 0.613615 0.272841 0.297848 0.343958 0.421990 0.900094
0.441499 0.473947 0.453375 0.392032 0.780119 0.568448 0.473865 0.399009 0.568785 0.438448 0.552850 0.449837 0.497953 0.488497 0.487312 0.504040 0.512932 0.493179 0.461658 0.490363 0.588651 0.872285 0.430581 0.508053 0.576965 0.464966 0.897614 0.906952 0.488441 0.479129 0.453475 0.576248 0.413347 0.412148 0.000000 0.560775 0.480149 0.599342 0.684071 0.805809 0.742504 0.569488 0.437758 0.477957 0.443013 0.426505 0.470471 0.471460 0.557400 0.423131 0.479703 0.409946 0.457049 0.549155 0.474745 0.488871 0.559322 0.486883 0.443507 0.387627 0.434968 0.398992 0.483310 0.451146 0.393706 0.395274 0.413851 0.423169 0.529362 0.400842 0.511953 0.543640 0.499335 0.609030 0.637881 0.724187 0.453162 0.474483 0.490079 0.537122 0.421983 0.390511 0.632725 0.457379 0.366943 0.447639 0.939051 0.997187 0.587490 0.456685 0.559163 0.645036 0.550573 0.673866 0.604512 0.634666 0.472704 0.561150 0.430329 0.407761 0.550542 0.738350 0.492602 0.496913 0.453142 0.509910 0.802958 0.545485 0.729321 0.751259 0.650707 0.384335 0.536528 0.685031 0.578650 0.977138
0.572442 0.564385 0.627284 0.595167 0.812329 0.756943 0.626159 0.562241 0.679905 0.651275 0.612338 0.568965 0.596812 0.600963 0.665753 0.630843 0.575880 0.602817 0.582650 0.618522 0.697670 0.800818 0.590051 0.641501 0.811005 0.736841 0.898688 0.960590 0.628816 0.616510 0.624877 0.704398 0.565280 0.582144 0.560775 0.000000 0.635790 0.542081 0.898294 0.748377 0.761194 0.672342 0.573560 0.629930 0.620818 0.631932 0.665782 0.590832 0.778153 0.658545 0.649210 0.603004 0.675155 0.676063 0.789464 0.758976 0.591924 0.579729 0.569094 0.583182 0.620391 0.635088 0.553018 0.575331 0.700734 0.666374 0.559915 0.573675 0.764849 0.580954 0.583996 0.661257 0.777550 0.786800 0.896926 0.699991 0.609165 0.638181 0.580459 0.663555 0.535640 0.574239 0.585501 0.562025 0.574434 0.618598 0.902491 0.978349 0.698712 0.658046 0.703816 0.721996 0.733624 0.727685 0.653501 0.647458 0.598242 0.515795 0.625380 0.624910 0.698778 0.737974 0.564591 0.565122 0.704182 0.672367 0.878124 0.623910 0.745122 0.718284 0.682252 0.650607 0.624034 0.742039 0.640866 0.929695
0.328125 0.334051 0.310652 0.290005 0.823049 0.600089 0.367193 0.326527 0.436413 0.446926 0.417402 0.331296 0.301747 0.331360 0.302329 0.313774 0.393268 0.357365 0.354250 0.342065 0.445822 0.801204 0.253998 0.398681 0.542182 0.480366 0.932697 0.898984 0.375509 0.340879 0.296512 0.376801 0.338494 0.318699 0.480149 0.635790 0.000000 0.373416 0.509004 0.644152 0.765494 0.477489 0.342319 0.328483 0.373275 0.357098 0.367497 0.300880 0.562671 0.399343 0.422242 0.359394 0.498869 0.534810 0.549563 0.506371 0.382745 0.344350 0.312970 0.327414 0.298128 0.277055 0.362558 0.320123 0.274731 0.319166 0.345853 0.321779 0.511081 0.376838 0.414770 0.418242 0.584735 0.573744 0.586229 0.650587 0.445015 0.365673 0.350026 0.428787 0.353213 0.346412 0.515767 0.365640 0.263888 0.305561 0.911151 0.867048 0.398388 0.348710 0.616445 0.694820 0.576139 0.738739 0.425815 0.517655 0.430996 0.544436 0.384826 0.403633 0.499559 0.602706 0.315316 0.391563 0.343028 0.346592 0.743210 0.557719 0.641993 0.525605 0.773807 0.478771 0.534871 0.592996 0.482002 0.894391
0.404817 0.451132 0.465242 0.466606 0.736248 0.873732 0.480221 0.427349 0.509667 0.498639 0.463343 0.394400 0.370227 0.376628 0.398421 0.388064 0.466955 0.448421 0.434879 0.456575 0.491332 0.865099 0.381407 0.535884 0.792473 0.769471 0.813686 0.922791 0.499626 0.464956 0.519002 0.609465 0.447118 0.444769 0.599342 0.542081 0.373416 0.000000 0.675353 0.665713 0.721602 0.570536 0.444209 0.467449 0.512233 0.485993 0.544726 0.458874 0.660711 0.513853 0.481394 0.488202 0.699443 0.628570 0.711659 0.688881 0.423555 0.447149 0.417993 0.433740 0.367437 0.366930 0.384875 0.355666 0.409877 0.463800 0.491731 0.480527 0.667447 0.540893 0.519315 0.580211 0.686927 0.692261 0.835916 0.765724 0.493156 0.497825 0.499280 0.528710 0.486671 0.524930 0.538063 0.550004 0.397472 0.519838 0.842878 0.921095 0.533001 0.577322 0.615759 0.656156 0.674388 0.756056 0.556631 0.478753 0.578222 0.552090 0.435834 0.471201 0.614128 0.647489 0.357492 0.438545 0.438194 0.423919 0.710088 0.571205 0.565182 0.487571 0.770120 0.605377 0.581309 0.660896 0.405580 0.980458
