0.000000 0.320702 0.732721 0.867283 0.824033 0.656188 0.796516 0.625879 0.810808 0.706509 0.497119 0.510020 0.731929 0.667892 0.964263 0.762474 0.318218 0.330300 0.454199 0.400295 0.989621 0.924179 0.668526 0.834827 0.800468 0.747843 0.954495 0.868213 0.523696 0.486344 0.920863 0.753893 0.596583 0.565975 0.882841 0.855655 0.906564 0.921469 0.996670 0.897037 0.829599 0.859019 0.594325 0.479331 0.534608 0.522873 0.733494 0.611672 0.584157 0.521067 0.715342 0.694279 0.834122 0.875787 0.938455 0.777910 0.296817 0.354376 0.612740 0.980084 0.637001 0.805857 0.489224 0.409813 0.673641 0.918707 0.780331 0.754080 0.665026 0.638910 0.867711 0.830053 0.820931 0.667953 0.929990 0.685968 0.691681 0.724608 0.702172 0.623934 0.407513 0.498065 0.765995 0.730556 0.864096 0.896724 0.960645 0.732177 0.846776 0.900382 0.641563 0.777689 0.777650 0.979541 0.840992 0.851903 0.717161 0.882489 0.481830 0.537465 0.675869 0.835665 0.476586 0.570437 0.803843 0.893613 0.842531 0.915162 0.871747 0.854293 0.764843 0.648567 0.747870 0.881430 0.828575 0.924647
0.320702 0.000000 0.650192 0.829542 0.829444 0.686950 0.877515 0.649668 0.935394 0.709338 0.564715 0.437201 0.847317 0.716825 0.936264 0.857944 0.350808 0.330448 0.505102 0.439964 0.989201 0.795261 0.645210 0.787942 0.800736 0.707796 0.983327 0.843031 0.547103 0.452082 0.920589 0.805016 0.570182 0.552640 0.890122 0.917469 0.929937 0.894038 0.999145 0.893237 0.792953 0.817934 0.649881 0.521769 0.554777 0.500642 0.822526 0.651737 0.607621 0.535412 0.759062 0.738278 0.916403 0.894351 0.921893 0.721027 0.266084 0.274277 0.646945 0.880519 0.696299 0.721956 0.578886 0.383921 0.651346 0.957921 0.745001 0.700420 0.694498 0.571083 0.792700 0.873608 0.776345 0.626504 0.912457 0.705793 0.696796 0.718443 0.629337 0.610079 0.392891 0.523892 0.798643 0.743972 0.788527 0.917655 0.873535 0.770736 0.801133 0.863698 0.668862 0.783718 0.773162 0.942133 0.797832 0.877190 0.699504 0.879850 0.534623 0.626625 0.670450 0.788665 0.484840 0.569367 0.863425 0.935824 0.919454 0.991559 0.857265 0.839667 0.749432 0.607658 0.725604 0.906958 0.867930 0.904870
0.732721 0.650192 0.000000 0.394258 0.988011 0.778718 0.660992 0.894857 0.688426 0.908338 0.831332 0.568903 0.975309 0.948352 0.765658 0.856774 0.712139 0.680506 0.947575 0.819586 0.997167 0.847503 0.484376 0.691226 0.669452 0.624272 0.923401 0.895801 0.866022 0.700817 0.561431 0.691646 0.829004 0.966625 0.768916 0.895036 0.842755 0.868982 0.836830 0.888494 0.939831 0.791052 0.832802 0.985859 0.898152 0.816964 0.751027 0.876884 0.778294 0.913695 0.999939 0.875445 0.904873 0.815611 0.832844 0.834485 0.694632 0.614474 0.869845 0.807396 0.918712 0.948464 0.816025 0.608541 0.390187 0.559960 0.732896 0.881454 0.849093 0.775646 0.899440 0.860702 0.957321 0.966378 0.971432 0.975245 0.806202 0.767703 0.936056 0.911609 0.677711 0.650836 0.881985 0.675999 0.736090 0.890876 0.925006 0.891198 0.857873 0.838034 0.906707 0.778377 0.948416 0.655687 0.975568 0.990654 0.844404 0.916243 0.952320 0.938122 0.867122 0.813907 0.870170 0.815911 0.861473 0.766863 0.929947 0.731004 0.880851 0.866333 0.939900 0.910945 0.949030 0.962376 0.927032 0.839480
0.867283 0.829542 0.394258 0.000000 0.952904 0.802127 0.838366 0.909380 0.774530 0.749187 0.756333 0.689492 0.983395 0.898522 0.800853 0.997036 0.797813 0.760288 0.936153 0.969519 0.956928 0.915542 0.509758 0.534595 0.536103 0.550530 0.834823 0.731466 0.885461 0.755891 0.546551 0.659837 0.811528 0.990230 0.693415 0.925033 0.704239 0.742941 0.777102 0.811850 0.964913 0.916042 0.862944 0.998442 0.763325 0.712140 0.823702 0.921779 0.630858 0.890738 0.951525 0.910103 0.986004 0.839029 0.719184 0.989818 0.830232 0.768571 0.839422 0.787653 0.993772 0.997617 0.842060 0.697972 0.397170 0.485502 0.752430 0.876035 0.971906 0.862385 0.907565 0.788611 0.885896 0.947598 0.895338 0.883420 0.822390 0.836219 0.916094 0.952298 0.857638 0.820388 0.956974 0.859803 0.696102 0.699036 0.907259 0.909381 0.811953 0.671856 0.935009 0.904132 0.896752 0.751325 0.910521 0.910832 0.883811 0.981569 0.916461 0.979198 0.946795 0.833398 0.909520 0.854651 0.773365 0.796707 0.917326 0.808359 0.817078 0.895124 0.975207 0.827779 0.825228 0.842339 0.978803 0.818813
0.824033 0.829444 0.988011 0.952904 0.000000 0.754138 0.866210 0.876208 0.990631 0.816963 0.728827 0.763896 0.823745 0.843430 0.968381 0.950496 0.898522 0.795075 0.728146 0.727819 0.872108 0.942988 0.938533 0.973710 0.918828 0.831130 0.985702 0.887875 0.833159 0.844934 0.933178 0.818451 0.734748 0.811400 0.941843 0.760047 0.969054 0.907831 0.901068 0.869043 0.979407 0.843806 0.937854 0.889375 0.822395 0.823720 0.991331 0.842263 0.951849 0.943483 0.963537 0.970136 0.938381 0.953049 0.855317 0.984033 0.852380 0.825826 0.964527 0.987217 0.856952 0.969931 0.827770 0.935262 0.894048 0.981937 0.770502 0.772488 0.969860 0.867655 0.914216 0.990373 0.851738 0.755623 0.942333 0.930364 0.899597 0.822424 0.899292 0.932262 0.812670 0.760800 0.996097 0.993390 0.900667 0.959085 0.936705 0.962314 0.858904 0.692226 0.912514 0.884088 0.966260 0.900153 0.966385 0.934927 0.930732 0.954741 0.877734 0.913724 0.923627 0.925737 0.932266 0.954011 0.949062 0.860149 0.825243 0.991603 0.959717 0.924640 0.831651 0.979954 0.918784 0.947843 0.964779 0.837420
0.656188 0.686950 0.778718 0.802127 0.754138 0.000000 0.765988 0.659962 0.783069 0.645703 0.652153 0.589087 0.736133 0.780262 0.979239 0.732407 0.701516 0.688005 0.729486 0.751078 0.982440 0.940721 0.733923 0.797841 0.756476 0.722218 0.796109 0.989557 0.758986 0.686737 0.937495 0.872245 0.846666 0.744943 0.789448 0.859819 0.944714 0.994208 0.990194 0.883071 0.987006 0.905343 0.800863 0.706316 0.688106 0.657856 0.906862 0.773692 0.762546 0.808497 0.919679 0.922639 0.902614 0.855954 0.808873 0.837326 0.672758 0.770099 0.849175 0.985981 0.727729 0.825881 0.721909 0.719585 0.669359 0.857653 0.904752 0.840373 0.998096 0.856851 0.910941 0.898480 0.935257 0.895185 0.898149 0.708833 0.843973 0.872854 0.834815 0.795781 0.867219 0.775237 0.983752 0.935453 0.784392 0.779310 0.999918 0.992473 0.912846 0.724903 0.780805 0.852291 0.828782 0.878654 0.891223 0.994277 0.728513 0.767140 0.601310 0.782256 0.693806 0.759631 0.796851 0.742693 0.942064 0.947996 0.656516 0.985942 0.891532 0.966171 0.826286 0.820180 0.802167 0.841111 0.979689 0.782950
0.796516 0.877515 0.660992 0.838366 0.866210 0.765988 0.000000 0.411781 0.553777 0.446480 0.543985 0.860990 0.658198 0.839654 0.895172 0.979402 0.777727 0.776935 0.500557 0.836070 0.873142 0.997150 0.994986 0.798734 0.676575 0.797004 0.683356 0.794885 0.723231 0.744156 0.905471 0.702713 0.629469 0.533714 0.860033 0.941466 0.934462 0.999425 0.977801 0.913982 0.917595 0.825743 0.532540 0.587248 0.453432 0.549110 0.630686 0.568212 0.652530 0.698044 0.615448 0.585930 0.701227 0.578205 0.876466 0.990602 0.815917 0.978365 0.512219 0.761412 0.439564 0.766887 0.622477 0.798565 0.936729 0.878660 0.540528 0.573938 0.903560 0.979366 0.760631 0.791759 0.991738 0.868228 0.965335 0.727101 0.586586 0.666100 0.887557 0.815642 0.997504 0.967424 0.846567 0.930344 0.883841 0.728897 0.827116 0.697887 0.974082 0.860088 0.459628 0.439291 0.669214 0.572694 0.750510 0.862243 0.768226 0.918142 0.509008 0.503564 0.703992 0.600980 0.756264 0.740893 0.913941 0.704524 0.744650 0.693005 0.894745 0.976989 0.660347 0.706770 0.598927 0.855208 0.886050 0.988095
0.625879 0.649668 0.894857 0.909380 0.876208 0.659962 0.411781 0.000000 0.610834 0.454070 0.479582 0.558577 0.576716 0.573726 0.966306 0.822605 0.637311 0.660761 0.407147 0.675035 0.774827 0.902512 0.761510 0.682731 0.629952 0.773645 0.663327 0.788411 0.588962 0.564483 0.994368 0.728402 0.604612 0.514377 0.773912 0.845788 0.906886 0.941821 0.946713 0.905568 0.896339 0.950203 0.508265 0.506615 0.457731 0.496590 0.724391 0.568573 0.580281 0.645475 0.587635 0.608931 0.695078 0.574036 0.825963 0.888613 0.657351 0.796992 0.574325 0.676737 0.417210 0.532124 0.610896 0.592299 0.801940 0.905308 0.759828 0.629433 0.982183 0.915399 0.798636 0.870751 0.931445 0.882791 0.977754 0.750213 0.640621 0.759493 0.834720 0.736120 0.912679 0.986701 0.865854 0.944443 0.608904 0.583910 0.848112 0.677327 0.872263 0.829904 0.417184 0.510095 0.714912 0.704359 0.715129 0.852012 0.753800 0.782261 0.459017 0.528378 0.550172 0.522972 0.640427 0.629416 0.996948 0.734278 0.792334 0.827214 0.902543 0.972284 0.735233 0.677100 0.614198 0.746357 0.863833 0.952272
0.810808 0.935394 0.688426 0.774530 0.990631 0.783069 0.553777 0.610834 0.000000 0.697951 0.790422 0.926150 0.839064 0.903247 0.869077 0.754490 0.804199 0.865813 0.703828 0.879308 0.892709 0.849143 0.930951 0.967909 0.981208 0.859546 0.911811 0.924824 0.862724 0.946842 0.808239 0.749144 0.768729 0.783562 0.956453 0.762156 0.675334 0.780255 0.873282 0.822883 0.959221 0.997202 0.624126 0.710543 0.717534 0.789549 0.642277 0.685918 0.753627 0.680237 0.589229 0.619661 0.624741 0.603957 0.924016 0.991626 0.840485 0.945301 0.634019 0.693250 0.609045 0.753721 0.913416 0.869614 0.821633 0.773625 0.847232 0.921021 0.944023 0.924377 0.797499 0.733283 0.992996 0.945698 0.863185 0.852999 0.682075 0.840170 0.927738 0.894866 0.998992 0.906391 0.889977 0.963391 0.934234 0.790571 0.870035 0.838865 0.936452 0.920987 0.659121 0.711403 0.795751 0.785999 0.866977 0.941949 0.839340 0.957861 0.660081 0.655559 0.796656 0.862821 0.730194 0.865131 0.947292 0.677085 0.757119 0.731692 0.926532 0.951728 0.837950 0.838378 0.868806 0.926790 0.800347 0.996325
0.706509 0.709338 0.908338 0.749187 0.816963 0.645703 0.446480 0.454070 0.697951 0.000000 0.455279 0.645615 0.656940 0.785864 0.989279 0.916462 0.624743 0.601840 0.510967 0.761257 0.779687 0.885086 0.664876 0.556833 0.440787 0.523527 0.654458 0.759187 0.597182 0.567440 0.856586 0.863077 0.809906 0.557007 0.702110 0.853995 0.940271 0.911955 0.872348 0.914440 0.888434 0.898100 0.550586 0.542676 0.372623 0.380312 0.774531 0.594174 0.428272 0.640164 0.617104 0.736885 0.821303 0.772038 0.716038 0.974594 0.662704 0.804353 0.688308 0.903658 0.564745 0.779883 0.574649 0.601033 0.556904 0.752706 0.811171 0.787436 0.876602 0.986832 0.764433 0.833969 0.913118 0.927584 0.942141 0.779775 0.642391 0.811490 0.911079 0.804007 0.892121 0.956147 0.830633 0.966570 0.599204 0.510157 0.901197 0.791461 0.764484 0.634638 0.467105 0.525177 0.741487 0.794930 0.746511 0.951740 0.750581 0.782747 0.454123 0.482513 0.615228 0.720875 0.594123 0.585171 0.915345 0.898570 0.868176 0.819750 0.976997 0.997792 0.696385 0.522093 0.567756 0.798991 0.909290 0.877453
0.497119 0.564715 0.831332 0.756333 0.728827 0.652153 0.543985 0.479582 0.790422 0.455279 0.000000 0.518721 0.555341 0.608985 0.930487 0.867427 0.468994 0.429204 0.451204 0.528649 0.849444 0.925074 0.606087 0.607271 0.478689 0.549674 0.744745 0.700306 0.417869 0.438175 0.905568 0.840057 0.663932 0.493047 0.730047 0.855513 0.955196 0.830067 0.949236 0.941641 0.884204 0.955632 0.622648 0.523805 0.374999 0.389632 0.758055 0.577597 0.455174 0.557758 0.639299 0.644174 0.777322 0.782321 0.796323 0.896227 0.514637 0.607146 0.632033 0.917155 0.485784 0.758644 0.457703 0.514363 0.550923 0.837092 0.789393 0.724373 0.901144 0.788422 0.870107 0.949723 0.920088 0.756277 0.976202 0.732272 0.770484 0.720310 0.926799 0.724338 0.686280 0.710444 0.997594 0.839996 0.723731 0.704340 0.871762 0.783902 0.784796 0.613967 0.541776 0.631734 0.828619 0.889162 0.831943 0.880501 0.761068 0.903008 0.463609 0.455200 0.638043 0.787337 0.685695 0.703613 0.920639 0.919111 0.812429 0.881986 0.992810 0.909021 0.715612 0.636912 0.507238 0.861217 0.884368 0.985076
0.510020 0.437201 0.568903 0.689492 0.763896 0.589087 0.860990 0.558577 0.926150 0.645615 0.518721 0.000000 0.738344 0.603040 0.892802 0.653033 0.498935 0.455991 0.622907 0.542093 0.895997 0.841662 0.521682 0.670018 0.594457 0.598851 0.752523 0.728371 0.561775 0.425271 0.764951 0.941518 0.738214 0.663009 0.702972 0.866195 0.903172 0.999895 0.955873 0.965923 0.857779 0.883317 0.803925 0.669283 0.572185 0.535299 0.895971 0.658849 0.538219 0.643512 0.711775 0.748140 0.818954 0.818677 0.753788 0.840659 0.485620 0.480382 0.739824 0.792354 0.621264 0.569951 0.593311 0.381800 0.500044 0.866604 0.991498 0.799929 0.721977 0.613660 0.968002 0.939021 0.842757 0.783115 0.970730 0.825622 0.891063 0.992092 0.758534 0.690701 0.599589 0.619904 0.923471 0.626301 0.639397 0.727321 0.945261 0.858648 0.869687 0.758465 0.755936 0.925789 0.971091 0.905944 0.713096 0.875924 0.780618 0.844004 0.636544 0.774948 0.657168 0.849002 0.706764 0.679313 0.866825 0.999280 0.807606 0.887620 0.921337 0.791912 0.794775 0.803212 0.761903 0.777616 0.886438 0.857789
0.731929 0.847317 0.975309 0.983395 0.823745 0.736133 0.658198 0.576716 0.839064 0.656940 0.555341 0.738344 0.000000 0.462640 0.698216 0.665872 0.803935 0.762026 0.640239 0.735648 0.862513 0.919852 0.829843 0.937452 0.724911 0.747355 0.761198 0.916249 0.707812 0.659504 0.979466 0.825146 0.833436 0.752317 0.697818 0.844294 0.883422 0.761050 0.866229 0.956250 0.753252 0.890763 0.651189 0.600718 0.742565 0.664268 0.676276 0.708558 0.806754 0.851078 0.879632 0.931797 0.927379 0.918435 0.796448 0.974455 0.816023 0.933287 0.809552 0.882403 0.714147 0.971518 0.574441 0.787748 0.781711 0.759485 0.940620 0.975183 0.969258 0.980365 0.786157 0.770696 0.960794 0.900346 0.940695 0.739638 0.806451 0.818001 0.976765 0.906244 0.980440 0.990571 0.991185 0.987012 0.864742 0.804695 0.998442 0.936171 0.967213 0.749855 0.534464 0.633136 0.736443 0.810753 0.857873 0.822026 0.838509 0.911710 0.609545 0.630803 0.696863 0.759000 0.769206 0.721521 0.898731 0.952100 0.878648 0.827696 0.883280 0.977139 0.769233 0.879627 0.747708 0.767989 0.944450 0.965330
0.667892 0.716825 0.948352 0.898522 0.843430 0.780262 0.839654 0.573726 0.903247 0.785864 0.608985 0.603040 0.462640 0.000000 0.776865 0.602750 0.702681 0.659198 0.561493 0.590127 0.777356 0.872230 0.845947 0.971410 0.840058 0.785919 0.889777 0.980705 0.550997 0.565268 0.934247 0.815946 0.762648 0.701144 0.794481 0.828740 0.957356 0.904025 0.981550 0.967199 0.853279 0.974485 0.635209 0.585225 0.785964 0.726762 0.794781 0.685914 0.860829 0.858377 0.938800 0.906365 0.955858 0.940863 0.861660 0.968435 0.727033 0.831109 0.905399 0.950769 0.871458 0.918353 0.664646 0.753644 0.832853 0.932855 0.993492 0.988623 0.928380 0.839170 0.924827 0.929160 0.922136 0.754378 0.983123 0.726797 0.824068 0.875334 0.853246 0.857267 0.846457 0.869045 0.952236 0.882214 0.768012 0.908361 0.972479 0.918774 0.893997 0.802761 0.608158 0.804630 0.890730 0.955161 0.862137 0.739906 0.944807 0.906168 0.665784 0.718325 0.653829 0.779266 0.786148 0.765613 0.978818 0.935136 0.850753 0.912835 0.866331 0.927727 0.885105 0.895158 0.723302 0.891179 0.915903 0.944736
0.964263 0.936264 0.765658 0.800853 0.968381 0.979239 0.895172 0.966306 0.869077 0.989279 0.930487 0.892802 0.698216 0.776865 0.000000 0.650675 0.974651 0.997020 0.929166 0.924335 0.795137 0.864095 0.809507 0.703061 0.849493 0.877746 0.795868 0.757826 0.840830 0.947743 0.874545 0.812187 0.931448 0.941405 0.874518 0.881318 0.931901 0.784824 0.884839 0.939670 0.936054 0.969255 0.706376 0.744053 0.985472 0.962549 0.650975 0.766270 0.984820 0.978620 0.951051 0.991623 0.993498 0.908812 0.959070 0.865864 0.968017 0.949473 0.994502 0.746816 0.937542 0.767058 0.936736 0.882417 0.780315 0.975797 0.922560 0.758064 0.943919 0.917440 0.928420 0.887644 0.831846 0.888804 0.990224 0.988700 0.885953 0.926882 0.974305 0.974639 0.968546 0.889430 0.862228 0.900964 0.843312 0.950268 0.929759 0.911110 0.918652 0.979433 0.898679 0.903072 0.994600 0.966014 0.950179 0.986793 0.956804 0.976915 0.877082 0.822469 0.931309 0.976476 0.950106 0.880153 0.948821 0.978441 0.874640 0.660959 0.990235 0.910918 0.830514 0.917766 0.981236 0.959494 0.951932 0.940897
0.762474 0.857944 0.856774 0.997036 0.950496 0.732407 0.979402 0.822605 0.754490 0.916462 0.867427 0.653033 0.665872 0.602750 0.650675 0.000000 0.841409 0.866189 0.915136 0.752644 0.928100 0.945891 0.906217 0.837718 0.999991 0.967888 0.998964 0.877939 0.825252 0.782621 0.991438 0.889708 0.964694 0.980268 0.792741 0.718931 0.793520 0.997045 0.889257 0.851458 0.985777 0.877354 0.796175 0.805595 0.945068 0.883878 0.819801 0.787943 0.834824 0.917066 0.828736 0.917722 0.823802 0.914100 0.909847 0.982399 0.854378 0.877327 0.916881 0.932859 0.942345 0.929010 0.878745 0.808671 0.888218 0.894789 0.706198 0.773685 0.885025 0.900360 0.937491 0.901838 0.899655 0.952997 0.957790 0.924820 0.960975 0.894606 0.952410 0.924990 0.841140 0.833334 0.753127 0.693568 0.956344 0.979278 0.954317 0.928114 0.850474 0.932477 0.882862 0.898697 0.990176 0.821518 0.888724 0.898869 0.978493 0.928920 0.839015 0.951908 0.830035 0.976587 0.872128 0.836785 0.909619 0.898415 0.757344 0.937666 0.980581 0.987135 0.963167 0.952660 0.974136 0.938907 0.914149 0.964421
0.318218 0.350808 0.712139 0.797813 0.898522 0.701516 0.777727 0.637311 0.804199 0.624743 0.468994 0.498935 0.803935 0.702681 0.974651 0.841409 0.000000 0.276123 0.457784 0.447439 0.996468 0.886226 0.660450 0.733423 0.731661 0.672636 0.906478 0.866421 0.387407 0.398847 0.937184 0.821430 0.614740 0.549961 0.811269 0.872678 0.881453 0.914581 0.965596 0.839728 0.804737 0.905714 0.578292 0.502006 0.505821 0.514841 0.772263 0.611446 0.526933 0.508992 0.660867 0.674773 0.847663 0.868829 0.823884 0.810488 0.286664 0.354109 0.645113 0.930255 0.675855 0.805711 0.539956 0.393168 0.613009 0.907811 0.819381 0.786633 0.652487 0.599871 0.853071 0.817322 0.777938 0.668918 0.906524 0.689260 0.711737 0.802798 0.637743 0.574190 0.386964 0.554142 0.853648 0.723308 0.767105 0.873591 0.825258 0.711934 0.773140 0.851519 0.642605 0.788356 0.787305 0.977459 0.783375 0.880318 0.747745 0.965283 0.505617 0.502633 0.678420 0.859713 0.508855 0.612666 0.891163 0.963142 0.846474 0.940040 0.900238 0.856441 0.704650 0.631625 0.686192 0.893340 0.823634 0.882558
0.330300 0.330448 0.680506 0.760288 0.795075 0.688005 0.776935 0.660761 0.865813 0.601840 0.429204 0.455991 0.762026 0.659198 0.997020 0.866189 0.276123 0.000000 0.451679 0.418494 0.976985 0.930489 0.629975 0.758140 0.673027 0.599388 0.930207 0.826235 0.400556 0.364427 0.916376 0.812261 0.598225 0.526858 0.796111 0.843953 0.921408 0.987422 0.975106 0.953106 0.843039 0.903892 0.592264 0.495459 0.474342 0.448339 0.786226 0.559245 0.506813 0.484737 0.698914 0.679454 0.892688 0.904434 0.801570 0.855372 0.270578 0.342914 0.683939 0.983708 0.685166 0.840273 0.498890 0.406989 0.566998 0.857901 0.790692 0.781770 0.693352 0.563973 0.855623 0.885813 0.833331 0.631633 0.934448 0.720033 0.710117 0.757958 0.654579 0.596527 0.400183 0.525146 0.878094 0.735383 0.758917 0.853913 0.848284 0.743286 0.726671 0.802085 0.648303 0.769929 0.802544 0.959657 0.774979 0.851250 0.748423 0.994323 0.503090 0.527589 0.669234 0.879869 0.492576 0.618653 0.932600 0.993335 0.876725 0.922023 0.894179 0.898589 0.734098 0.606657 0.642798 0.869513 0.818397 0.871658
0.454199 0.505102 0.947575 0.936153 0.728146 0.729486 0.500557 0.407147 0.703828 0.510967 0.451204 0.622907 0.640239 0.561493 0.929166 0.915136 0.457784 0.451679 0.000000 0.494495 0.907132 0.998455 0.832799 0.792089 0.730748 0.684360 0.830075 0.845028 0.503767 0.492953 0.940933 0.657924 0.508404 0.442802 0.889128 0.908942 0.944022 0.998463 0.990483 0.920261 0.993544 0.987599 0.447861 0.416267 0.446614 0.469223 0.755480 0.494178 0.612456 0.549350 0.697741 0.632421 0.799283 0.767829 0.921557 0.859805 0.469310 0.601045 0.575160 0.845823 0.551709 0.840770 0.501837 0.559755 0.805141 0.997019 0.580601 0.609454 0.875249 0.777274 0.727064 0.872656 0.882902 0.717684 0.977350 0.699150 0.602396 0.630175 0.705622 0.719877 0.652623 0.758753 0.986369 0.899216 0.783037 0.789423 0.805503 0.683654 0.861494 0.840369 0.440826 0.506146 0.667997 0.742481 0.826024 0.795281 0.736221 0.905039 0.415696 0.422194 0.573886 0.634312 0.554139 0.621554 0.817694 0.857314 0.750825 0.855236 0.947412 0.951742 0.758642 0.608024 0.624642 0.869095 0.813667 0.907473
0.400295 0.439964 0.819586 0.969519 0.727819 0.751078 0.836070 0.675035 0.879308 0.761257 0.528649 0.542093 0.735648 0.590127 0.924335 0.752644 0.447439 0.418494 0.494495 0.000000 0.948111 0.953910 0.777424 0.964146 0.856458 0.749882 0.997088 0.889259 0.507519 0.547964 0.996224 0.731855 0.513960 0.552341 0.985369 0.943403 0.757603 0.938430 0.966840 0.865021 0.838495 0.765553 0.652718 0.573864 0.618382 0.651747 0.721345 0.603553 0.727852 0.615993 0.805612 0.770101 0.875927 0.957087 0.989572 0.870226 0.427876 0.442635 0.618390 0.896840 0.705339 0.857922 0.556605 0.533996 0.763418 0.977329 0.771466 0.758142 0.670610 0.600325 0.894849 0.907185 0.704214 0.622084 0.934041 0.836045 0.764257 0.770767 0.763305 0.692159 0.467415 0.519466 0.775958 0.718263 0.945552 0.986226 0.948191 0.793425 0.845936 0.926076 0.698938 0.783128 0.817536 0.975996 0.785236 0.749943 0.897962 0.952494 0.603554 0.623557 0.746181 0.969058 0.652570 0.653817 0.841732 0.966612 0.868398 0.893309 0.938658 0.945395 0.805776 0.786059 0.802535 0.886655 0.904510 0.959934
0.989621 0.989201 0.997167 0.956928 0.872108 0.982440 0.873142 0.774827 0.892709 0.779687 0.849444 0.895997 0.862513 0.777356 0.795137 0.928100 0.996468 0.976985 0.907132 0.948111 0.000000 0.945372 0.841137 0.800712 0.848887 0.917985 0.969921 0.898088 0.806773 0.916214 0.928190 0.955726 0.932355 0.997113 0.815827 0.892209 0.962311 0.982713 0.993210 0.825067 0.892496 0.995594 0.870865 0.949190 0.885522 0.891425 0.834777 0.962336 0.833281 0.913572 0.998232 0.972860 0.968361 0.985188 0.912947 0.839239 0.985550 0.978192 0.969855 0.966120 0.884640 0.789137 0.996473 0.888903 0.979504 0.992990 0.819623 0.927310 0.908310 0.883796 0.965508 0.866753 0.615236 0.802143 0.866651 0.870291 0.905875 0.941083 0.895811 0.950778 0.821957 0.824992 0.938191 0.902634 0.706688 0.642849 0.929396 0.832790 0.984875 0.926202 0.954006 0.901500 0.898435 0.959026 0.840183 0.997906 0.939580 0.940560 0.890006 0.927757 0.990629 0.936286 0.872597 0.927969 0.937256 0.911564 0.914035 0.913114 0.820902 0.882105 0.993576 0.831411 0.858891 0.901621 0.970683 0.820133
0.924179 0.795261 0.847503 0.915542 0.942988 0.940721 0.997150 0.902512 0.849143 0.885086 0.925074 0.841662 0.919852 0.872230 0.864095 0.945891 0.886226 0.930489 0.998455 0.953910 0.945372 0.000000 0.819271 0.811846 0.848046 0.959046 0.945983 0.798685 0.994458 0.884209 0.824467 0.807722 0.936460 0.922255 0.938002 0.941105 0.917112 0.922166 0.992912 0.951469 0.881005 0.975980 0.942062 0.998938 0.923973 0.938608 0.948157 0.856580 0.889672 0.942329 0.902749 0.979444 0.981015 0.939767 0.931413 0.962522 0.899363 0.843087 0.939017 0.891672 0.912028 0.764041 0.994605 0.827428 0.859863 0.979295 0.937524 0.916258 0.924205 0.924340 0.961259 0.960109 0.851632 0.992220 0.864223 0.946014 0.925367 0.951477 0.994122 0.918244 0.863622 0.930539 0.972323 0.930330 0.915656 0.897733 0.880357 0.911768 0.866071 0.865885 0.936221 0.954066 0.894125 0.868771 0.920915 0.824778 0.880444 0.991685 0.978649 0.999229 0.964921 0.914387 0.895640 0.987362 0.830898 0.969721 0.894532 0.680243 0.915909 0.807888 0.991849 0.913873 0.944874 0.951676 0.847852 0.895285
0.668526 0.645210 0.484376 0.509758 0.938533 0.733923 0.994986 0.761510 0.930951 0.664876 0.606087 0.521682 0.829843 0.845947 0.809507 0.906217 0.660450 0.629975 0.832799 0.777424 0.841137 0.819271 0.000000 0.400003 0.438614 0.598162 0.705396 0.707375 0.764923 0.686313 0.569235 0.844141 0.904853 0.833120 0.620827 0.780358 0.884486 0.830153 0.793003 0.917827 0.856415 0.969467 0.956418 0.808317 0.715359 0.659352 0.974468 0.956280 0.616394 0.779981 0.936666 0.995785 0.939516 0.911751 0.811784 0.857656 0.656190 0.691589 0.967217 0.971305 0.753983 0.769068 0.740385 0.525284 0.423710 0.614019 0.790438 0.944354 0.942751 0.778042 0.949516 0.900760 0.849853 0.923970 0.840919 0.999224 0.950643 0.933125 0.977612 0.935058 0.853240 0.892039 0.865807 0.784735 0.433740 0.518561 0.978907 0.845581 0.788413 0.793658 0.818355 0.878464 0.966261 0.851221 0.835325 0.970905 0.865245 0.781909 0.650864 0.792355 0.647946 0.991352 0.791047 0.710689 0.861777 0.977727 0.960554 0.791720 0.995440 0.992254 0.926256 0.684411 0.706602 0.970409 0.951824 0.961997
0.834827 0.787942 0.691226 0.534595 0.973710 0.797841 0.798734 0.682731 0.967909 0.556833 0.607271 0.670018 0.937452 0.971410 0.703061 0.837718 0.733423 0.758140 0.792089 0.964146 0.800712 0.811846 0.400003 0.000000 0.415820 0.650085 0.666236 0.655660 0.803966 0.779914 0.592890 0.801841 0.946643 0.834504 0.681981 0.919175 0.860626 0.914903 0.741383 0.916489 0.832341 0.936127 0.924129 0.861037 0.624612 0.616128 0.901587 0.941180 0.557207 0.743487 0.822502 0.915218 0.914403 0.960310 0.735361 0.914328 0.772564 0.809424 0.887390 0.855551 0.641797 0.702323 0.790782 0.620154 0.506418 0.761517 0.959685 0.898712 0.926113 0.890574 0.976141 0.879134 0.820614 0.811079 0.913639 0.966690 0.958272 0.994330 0.977728 0.934060 0.984610 0.947639 0.761147 0.997274 0.407064 0.411996 0.961484 0.760450 0.746529 0.731596 0.774246 0.764191 0.925052 0.934757 0.779058 0.976884 0.839219 0.825906 0.665712 0.717436 0.785991 0.840980 0.833363 0.754907 0.876877 0.872914 0.976858 0.832539 0.939934 0.945256 0.903375 0.650751 0.593655 0.907573 0.948754 0.963961
0.800468 0.800736 0.669452 0.536103 0.918828 0.756476 0.676575 0.629952 0.981208 0.440787 0.478689 0.594457 0.724911 0.840058 0.849493 0.999991 0.731661 0.673027 0.730748 0.856458 0.848887 0.848046 0.438614 0.415820 0.000000 0.455453 0.549547 0.648733 0.712443 0.651586 0.589574 0.842711 0.995111 0.736515 0.595757 0.846338 0.812862 0.751400 0.812292 0.875895 0.792469 0.942129 0.874553 0.787349 0.498151 0.500542 0.975564 0.827284 0.482049 0.771690 0.731598 0.835997 0.859574 0.891579 0.785740 0.891740 0.763092 0.842257 0.838181 0.999452 0.625826 0.825274 0.540593 0.564988 0.368104 0.574275 0.976648 0.901387 0.957905 0.932598 0.990478 0.968598 0.841098 0.982104 0.901744 0.972441 0.931590 0.891260 0.991696 0.989344 0.953782 0.931569 0.779822 0.888470 0.492457 0.522400 0.933545 0.933548 0.754707 0.692082 0.667829 0.691363 0.860264 0.913093 0.742997 0.900012 0.776865 0.876827 0.613197 0.664271 0.631895 0.891505 0.781991 0.680402 0.858172 0.969779 0.982102 0.948877 0.995817 0.872135 0.844674 0.660021 0.580718 0.842911 0.990481 0.919356
0.747843 0.707796 0.624272 0.550530 0.831130 0.722218 0.797004 0.773645 0.859546 0.523527 0.549674 0.598851 0.747355 0.785919 0.877746 0.967888 0.672636 0.599388 0.684360 0.749882 0.917985 0.959046 0.598162 0.650085 0.455453 0.000000 0.705462 0.667152 0.667397 0.538953 0.764351 0.988363 0.900454 0.759835 0.814310 0.890378 0.764087 0.743862 0.769142 0.869079 0.880496 0.998301 0.895425 0.782572 0.567243 0.550191 0.950199 0.801081 0.637709 0.767758 0.890293 0.937893 0.997524 0.980323 0.750312 0.897219 0.707032 0.711372 0.912811 0.935343 0.827184 0.988517 0.567974 0.630114 0.404905 0.575854 0.891325 0.866049 0.994672 0.907449 0.861954 0.989511 0.965989 0.806420 0.817799 0.835549 0.789183 0.870948 0.881915 0.866791 0.835905 0.733599 0.948881 0.862134 0.716057 0.783410 0.946657 0.982463 0.747316 0.709692 0.702286 0.718691 0.839608 0.947974 0.781117 0.915736 0.774665 0.890743 0.645591 0.694102 0.797315 0.884992 0.833933 0.695790 0.859281 0.827284 0.991100 0.931498 0.890674 0.854080 0.808360 0.715507 0.715523 0.783124 0.965562 0.841706
0.954495 0.983327 0.923401 0.834823 0.985702 0.796109 0.683356 0.663327 0.911811 0.654458 0.744745 0.752523 0.761198 0.889777 0.795868 0.998964 0.906478 0.930207 0.830075 0.997088 0.969921 0.945983 0.705396 0.666236 0.549547 0.705462 0.000000 0.722342 0.905950 0.763142 0.869100 0.934264 0.899438 0.887507 0.690381 0.852824 0.890152 0.988464 0.935550 0.883058 0.816942 0.964226 0.823066 0.858220 0.759400 0.800581 0.839765 0.938838 0.753658 0.977832 0.867652 0.941201 0.825649 0.893101 0.894990 0.979751 0.979051 0.964696 0.839191 0.929415 0.682493 0.845421 0.722349 0.725571 0.677666 0.779706 0.978193 0.864910 0.897548 0.854856 0.930043 0.954649 0.872803 0.905056 0.919711 0.951297 0.989779 0.966331 0.954814 0.916487 0.945279 0.989779 0.718302 0.904934 0.681318 0.668866 0.935227 0.925430 0.952915 0.867631 0.751266 0.825698 0.918102 0.978595 0.899418 0.965425 0.861729 0.961112 0.775980 0.827117 0.694607 0.844552 0.908716 0.824610 0.859871 0.908761 0.946195 0.838193 0.904790 0.962623 0.989994 0.889885 0.820339 0.928040 0.967461 0.985827
0.868213 0.843031 0.895801 0.731466 0.887875 0.989557 0.794885 0.788411 0.924824 0.759187 0.700306 0.728371 0.916249 0.980705 0.757826 0.877939 0.866421 0.826235 0.845028 0.889259 0.898088 0.798685 0.707375 0.655660 0.648733 0.667152 0.722342 0.000000 0.840049 0.746840 0.722858 0.851492 0.854312 0.860732 0.726181 0.977967 0.936245 0.993016 0.923011 0.947014 0.968162 0.979041 0.980546 0.922861 0.706561 0.729653 0.951760 0.934169 0.712427 0.852741 0.863604 0.871311 0.915644 0.915748 0.784089 0.937484 0.945167 0.886631 0.908879 0.843713 0.741653 0.754369 0.784536 0.773872 0.720931 0.936803 0.951247 0.796005 0.999748 0.929905 0.960110 0.885550 0.978942 0.880792 0.838418 0.966752 0.992933 0.917754 0.943594 0.815957 0.915455 0.859619 0.763550 0.920423 0.815678 0.765716 0.847051 0.874114 0.910370 0.730025 0.901965 0.874019 0.962372 0.880263 0.869778 0.910772 0.984477 0.962210 0.853346 0.843851 0.937941 0.931270 0.983619 0.984209 0.957005 0.943404 0.928222 0.773708 0.993558 0.833890 0.919515 0.836718 0.804657 0.857019 0.977321 0.993830
0.523696 0.547103 0.866022 0.885461 0.833159 0.758986 0.723231 0.588962 0.862724 0.597182 0.417869 0.561775 0.707812 0.550997 0.840830 0.825252 0.387407 0.400556 0.503767 0.507519 0.806773 0.994458 0.764923 0.803966 0.712443 0.667397 0.905950 0.840049 0.000000 0.379155 0.962486 0.882598 0.693969 0.614086 0.756488 0.865156 0.961998 0.971512 0.949447 0.865959 0.971686 0.947340 0.585028 0.550477 0.510970 0.524669 0.745136 0.591855 0.548307 0.598047 0.692818 0.674390 0.832351 0.842189 0.827446 0.864498 0.487740 0.566009 0.783378 0.971646 0.725307 0.834043 0.583314 0.564364 0.669972 0.900158 0.915457 0.846444 0.794875 0.710160 0.958953 0.969700 0.848261 0.717228 0.912837 0.762871 0.762132 0.784076 0.778836 0.711715 0.589733 0.717705 0.889443 0.766198 0.783990 0.860181 0.873818 0.776639 0.800052 0.723639 0.702029 0.828368 0.911281 0.965429 0.785585 0.804177 0.895158 0.977079 0.590632 0.578640 0.718969 0.839469 0.635641 0.749081 0.987875 0.968566 0.835991 0.849739 0.986558 0.985255 0.685181 0.770285 0.635551 0.849652 0.803173 0.901450
0.486344 0.452082 0.700817 0.755891 0.844934 0.686737 0.744156 0.564483 0.946842 0.567440 0.438175 0.425271 0.659504 0.565268 0.947743 0.782621 0.398847 0.364427 0.492953 0.547964 0.916214 0.884209 0.686313 0.779914 0.651586 0.538953 0.763142 0.746840 0.379155 0.000000 0.952621 0.872081 0.638046 0.590500 0.654344 0.818441 0.920211 0.934022 0.948902 0.921744 0.988367 0.993505 0.608425 0.524100 0.497787 0.456300 0.847932 0.588619 0.511599 0.611368 0.685365 0.705256 0.845931 0.803073 0.772281 0.893558 0.448843 0.493548 0.755465 0.956215 0.702713 0.818275 0.519294 0.462380 0.525472 0.805156 0.929208 0.804473 0.768077 0.734804 0.923110 0.989722 0.854312 0.698494 0.972629 0.770635 0.816378 0.855786 0.716369 0.532574 0.516245 0.592806 0.867598 0.752488 0.711419 0.812915 0.911440 0.856030 0.776845 0.666382 0.670228 0.827387 0.901535 0.972518 0.808154 0.907471 0.797353 0.980318 0.580475 0.662452 0.670879 0.761252 0.613557 0.665490 0.918639 0.944895 0.811396 0.953214 0.941517 0.905854 0.787854 0.747063 0.692427 0.804191 0.889453 0.884609
0.920863 0.920589 0.561431 0.546551 0.933178 0.937495 0.905471 0.994368 0.808239 0.856586 0.905568 0.764951 0.979466 0.934247 0.874545 0.991438 0.937184 0.916376 0.940933 0.996224 0.928190 0.824467 0.569235 0.592890 0.589574 0.764351 0.869100 0.722858 0.962486 0.952621 0.000000 0.667667 0.786420 0.909804 0.723097 0.984967 0.837706 0.834332 0.711189 0.782675 0.906151 0.800603 0.838640 0.965833 0.895329 0.853571 0.929657 0.939239 0.770907 0.942080 0.957798 0.922144 0.990073 0.874491 0.824423 0.877882 0.911803 0.880914 0.994880 0.953418 0.900809 0.910272 0.765270 0.739915 0.563799 0.676087 0.870302 0.929321 0.971999 0.941161 0.720607 0.753039 0.856922 0.748267 0.816558 0.759925 0.779562 0.786478 0.969660 0.852225 0.993801 0.974836 0.840109 0.912113 0.728442 0.714596 0.735055 0.970419 0.822270 0.942768 0.985282 0.989001 0.917684 0.841955 0.847986 0.946600 0.991417 0.829227 0.953158 0.970978 0.992917 0.902594 0.965981 0.869415 0.864737 0.879187 0.977385 0.786883 0.961062 0.915209 0.902809 0.877092 0.901769 0.903159 0.930169 0.917045
0.753893 0.805016 0.691646 0.659837 0.818451 0.872245 0.702713 0.728402 0.749144 0.863077 0.840057 0.941518 0.825146 0.815946 0.812187 0.889708 0.821430 0.812261 0.657924 0.731855 0.955726 0.807722 0.844141 0.801841 0.842711 0.988363 0.934264 0.851492 0.882598 0.872081 0.667667 0.000000 0.650451 0.663445 0.854451 0.971868 0.753301 0.986249 0.755077 0.763760 0.869667 0.952665 0.691150 0.734597 0.786915 0.791950 0.690834 0.582338 0.899736 0.687226 0.768800 0.664073 0.816721 0.734541 0.810425 0.953167 0.752293 0.831658 0.618275 0.814526 0.750108 0.890033 0.824704 0.909975 0.831157 0.767824 0.641390 0.721103 0.972339 0.960489 0.776566 0.774515 0.912293 0.705580 0.957679 0.696374 0.629300 0.622437 0.828166 0.752916 0.857063 0.867326 0.781629 0.995656 0.899714 0.899131 0.943622 0.820674 0.996788 0.854126 0.666451 0.726716 0.797150 0.698849 0.866370 0.960955 0.908423 0.885736 0.813477 0.770540 0.943112 0.841992 0.828860 0.772425 0.791991 0.797081 0.903485 0.688302 0.984120 0.973836 0.823554 0.816893 0.903655 0.966493 0.920963 0.853748
0.596583 0.570182 0.829004 0.811528 0.734748 0.846666 0.629469 0.604612 0.768729 0.809906 0.663932 0.738214 0.833436 0.762648 0.931448 0.964694 0.614740 0.598225 0.508404 0.513960 0.932355 0.936460 0.904853 0.946643 0.995111 0.900454 0.899438 0.854312 0.693969 0.638046 0.786420 0.650451 0.000000 0.489374 0.944938 0.922673 0.790433 0.762221 0.886784 0.873717 0.814940 0.962908 0.625416 0.657577 0.605330 0.686439 0.732473 0.648570 0.842836 0.671231 0.742753 0.695128 0.792693 0.744871 0.983073 0.888551 0.576748 0.636672 0.500818 0.673687 0.583631 0.754492 0.641529 0.669508 0.999613 0.718802 0.491428 0.475906 0.765285 0.748452 0.738400 0.848238 0.715209 0.611372 0.868974 0.737461 0.675906 0.676148 0.689062 0.637846 0.620140 0.690571 0.926693 0.979096 0.958285 0.906131 0.867100 0.768528 0.816401 0.912566 0.671528 0.687106 0.799149 0.798516 0.834053 0.849087 0.776877 0.922486 0.685158 0.689642 0.756695 0.719379 0.669574 0.797585 0.825303 0.870451 0.951528 0.879836 0.906852 0.866364 0.799929 0.867818 0.802715 0.871467 0.925245 0.951511
0.565975 0.552640 0.966625 0.990230 0.811400 0.744943 0.533714 0.514377 0.783562 0.557007 0.493047 0.663009 0.752317 0.701144 0.941405 0.980268 0.549961 0.526858 0.442802 0.552341 0.997113 0.922255 0.833120 0.834504 0.736515 0.759835 0.887507 0.860732 0.614086 0.590500 0.909804 0.663445 0.489374 0.000000 0.913777 0.910315 0.861738 0.939863 0.926308 0.972317 0.986472 0.936213 0.636326 0.567147 0.430779 0.504106 0.719483 0.573460 0.622721 0.548150 0.621853 0.551638 0.821637 0.650464 0.976625 0.989644 0.536143 0.655801 0.543816 0.785808 0.527043 0.731749 0.564338 0.608503 0.819925 0.891236 0.542963 0.505125 0.798001 0.714293 0.804832 0.889379 0.752298 0.612615 0.881933 0.626777 0.652523 0.643092 0.802835 0.702909 0.696054 0.745914 0.982611 0.864246 0.898709 0.907268 0.872241 0.818120 0.814985 0.826927 0.548847 0.637030 0.769100 0.749955 0.811632 0.849936 0.792065 0.877897 0.547043 0.591334 0.650389 0.747891 0.698683 0.752283 0.857960 0.832150 0.807252 0.798449 0.950867 0.980985 0.812469 0.637190 0.575849 0.885137 0.921984 0.913103
0.882841 0.890122 0.768916 0.693415 0.941843 0.789448 0.860033 0.773912 0.956453 0.702110 0.730047 0.702972 0.697818 0.794481 0.874518 0.792741 0.811269 0.796111 0.889128 0.985369 0.815827 0.938002 0.620827 0.681981 0.595757 0.814310 0.690381 0.726181 0.756488 0.654344 0.723097 0.854451 0.944938 0.913777 0.000000 0.843976 0.857929 0.911854 0.971926 0.983493 0.909082 0.855657 0.818602 0.780343 0.745560 0.677376 0.864198 0.882164 0.664212 0.845748 0.822656 0.889708 0.808552 0.915141 0.714473 0.883472 0.863498 0.955793 0.997704 0.900410 0.841027 0.861768 0.804988 0.816425 0.644820 0.734331 0.781158 0.882469 0.943440 0.929295 0.919805 0.990436 0.862992 0.943096 0.995662 0.896055 0.927265 0.971075 0.916876 0.863014 0.990226 0.963200 0.934652 0.955669 0.635758 0.618848 0.972394 0.913443 0.902061 0.696320 0.879010 0.977821 0.954334 0.911522 0.906924 0.888767 0.927022 0.873368 0.730949 0.882190 0.672694 0.923654 0.850085 0.740375 0.875783 0.987380 0.915498 0.944293 0.967285 0.928481 0.956408 0.734993 0.640010 0.796167 0.960888 0.892121
0.855655 0.917469 0.895036 0.925033 0.760047 0.859819 0.941466 0.845788 0.762156 0.853995 0.855513 0.866195 0.844294 0.828740 0.881318 0.718931 0.872678 0.843953 0.908942 0.943403 0.892209 0.941105 0.780358 0.919175 0.846338 0.890378 0.852824 0.977967 0.865156 0.818441 0.984967 0.971868 0.922673 0.910315 0.843976 0.000000 0.983382 0.843158 0.923742 0.918649 0.782390 0.891288 0.776258 0.822107 0.946043 0.866476 0.979117 0.854065 0.840462 0.951160 0.938641 0.984012 0.985800 0.988741 0.824937 0.955281 0.851491 0.936149 0.990495 0.858047 0.992469 0.933730 0.947809 0.896188 0.874631 0.820807 0.745635 0.740925 0.968385 0.977746 0.853472 0.908817 0.864229 0.881040 0.910539 0.940567 0.970517 0.984043 0.949230 0.953683 0.984010 0.988923 0.904622 0.896637 0.759331 0.732905 0.994017 0.942154 0.942778 0.988126 0.819702 0.820686 0.920473 0.965175 0.992844 0.985283 0.862332 0.991542 0.763144 0.783870 0.725028 0.973111 0.796554 0.895169 0.810703 0.999217 0.952498 0.895117 0.951916 0.953587 0.984881 0.908648 0.943854 0.951456 0.865748 0.848658
0.906564 0.929937 0.842755 0.704239 0.969054 0.944714 0.934462 0.906886 0.675334 0.940271 0.955196 0.903172 0.883422 0.957356 0.931901 0.793520 0.881453 0.921408 0.944022 0.757603 0.962311 0.917112 0.884486 0.860626 0.812862 0.764087 0.890152 0.936245 0.961998 0.920211 0.837706 0.753301 0.790433 0.861738 0.857929 0.983382 0.000000 0.784659 0.870192 0.724602 0.729469 0.797592 0.939210 0.966346 0.974839 0.850948 0.862707 0.975634 0.990493 0.881961 0.761816 0.785193 0.799001 0.792103 0.838067 0.990760 0.889431 0.892000 0.711361 0.706342 0.886025 0.770851 0.907275 0.920005 0.795258 0.692509 0.939227 0.876490 0.793913 0.788246 0.994866 0.818503 0.773123 0.858243 0.962921 0.904916 0.911282 0.993396 0.828195 0.876681 0.823006 0.905236 0.871522 0.794637 0.934576 0.909231 0.850043 0.899323 0.840632 0.759547 0.996155 0.936480 0.966956 0.975413 0.767756 0.889972 0.996042 0.887384 0.994738 0.975273 0.955161 0.914751 0.959947 0.943537 0.986734 0.835972 0.980668 0.919267 0.786393 0.988410 0.978654 0.911174 0.952508 0.985226 0.983866 0.933607
0.921469 0.894038 0.868982 0.742941 0.907831 0.994208 0.999425 0.941821 0.780255 0.911955 0.830067 0.999895 0.761050 0.904025 0.784824 0.997045 0.914581 0.987422 0.998463 0.938430 0.982713 0.922166 0.830153 0.914903 0.751400 0.743862 0.988464 0.993016 0.971512 0.934022 0.834332 0.986249 0.762221 0.939863 0.911854 0.843158 0.784659 0.000000 0.840564 0.952551 0.730157 0.962997 0.949291 0.953198 0.984256 0.944445 0.907456 0.988937 0.976497 0.898536 0.867137 0.902270 0.834832 0.887893 0.933521 0.845334 0.943016 0.908780 0.796912 0.651726 0.902492 0.735596 0.892504 0.933443 0.792677 0.605498 0.872906 0.791407 0.787219 0.927294 0.965480 0.859033 0.817549 0.926485 0.770918 0.950916 0.894616 0.975801 0.878079 0.892317 0.876929 0.866806 0.949440 0.938823 0.885659 0.843617 0.961426 0.905646 0.947349 0.869569 0.908331 0.832840 0.985880 0.951752 0.989289 0.917487 0.933045 0.888815 0.969843 0.924322 0.939518 0.997985 0.860518 0.974795 0.763667 0.810617 0.995077 0.923607 0.972812 0.983667 0.891398 0.988811 0.944963 0.978787 0.878501 0.934392
