0.000000 0.409361 0.912495 0.962250 0.916917 0.922346 0.849557 0.725736 0.952249 0.736559 0.625145 0.550258 0.969609 0.820701 0.964134 0.896553 0.498749 0.524128 0.635777 0.591208 0.983004 0.951068 0.925724 0.959235 0.840670 0.832145 0.917718 0.854164 0.722262 0.684212 0.972771 0.939977 0.571776 0.635513 0.992394 0.981701 0.871179 0.783225 0.932372 0.986816 0.785797 0.974122 0.890841 0.744390 0.750518 0.794548 0.900564 0.891861 0.753905 0.923324 0.815495 0.957531 0.917985 0.893775 0.934916 0.817478 0.416437 0.427012 0.660257 0.826987 0.787106 0.930077 0.483281 0.479920 0.734965 0.872845 0.820433 0.782797 0.565517 0.650072 0.650683 0.649950 0.799331 0.755746 0.919549 0.908063 0.749167 0.740405 0.825519 0.774310 0.491207 0.482486 0.959203 0.783083 0.982698 0.938957 0.921012 0.872797 0.817313 0.933044 0.759968 0.760749 0.799151 0.890788 0.988770 0.885863 0.727620 0.947108 0.534759 0.698076 0.794926 0.930031 0.653768 0.589317 0.831954 0.980462 0.935589 0.889587 0.937773 0.858870 0.777121 0.845988 0.824388 0.986878 0.964664 0.976429
0.409361 0.000000 0.740626 0.925583 0.994568 0.976381 0.954605 0.789803 0.817943 0.790191 0.673826 0.523223 0.889597 0.836564 0.775739 0.996414 0.504499 0.482847 0.676465 0.527749 0.968745 0.975912 0.813289 0.872808 0.819964 0.738985 0.986048 0.817148 0.743176 0.642985 0.965132 0.932024 0.638240 0.655973 0.939292 0.895912 0.879025 0.753448 0.864228 0.978137 0.804653 0.795004 0.969210 0.766961 0.795935 0.787455 0.984697 0.967351 0.739113 0.884800 0.882577 0.990380 0.773601 0.771411 0.977305 0.773123 0.375053 0.335153 0.790984 0.789148 0.893914 0.850576 0.616014 0.460491 0.664266 0.886412 0.931248 0.842292 0.584327 0.600885 0.636119 0.706407 0.819822 0.739128 0.990469 0.946563 0.776261 0.758531 0.844320 0.795941 0.519916 0.548816 0.948114 0.781219 0.824815 0.974974 0.935967 0.892998 0.678516 0.903452 0.838251 0.827604 0.876047 0.938637 0.944965 0.901216 0.747786 0.886590 0.580505 0.744269 0.732004 0.989020 0.701272 0.639238 0.909832 0.942883 0.956714 0.965671 0.986421 0.886904 0.800493 0.778644 0.794187 0.959231 0.982703 0.999393
0.912495 0.740626 0.000000 0.473606 0.795383 0.978361 0.468979 0.849476 0.576478 0.997982 0.998905 0.689700 0.786697 0.912405 0.671605 0.965695 0.869999 0.791485 0.792168 0.837512 0.873113 0.840344 0.438517 0.649013 0.549394 0.559474 0.897400 0.808618 0.870005 0.784258 0.541546 0.718472 0.702294 0.755812 0.632075 0.921042 0.859899 0.940106 0.677799 0.877010 0.877937 0.879741 0.738782 0.917495 0.882091 0.977299 0.681146 0.792781 0.765354 0.972045 0.941109 0.867845 0.751210 0.739162 0.785166 0.958376 0.770114 0.721909 0.736574 0.988948 0.737448 0.883325 0.953742 0.703942 0.421140 0.618970 0.505729 0.668731 0.964937 0.839631 0.898559 0.902979 0.917646 0.981984 0.800654 0.814482 0.725268 0.799531 0.886220 0.980220 0.824897 0.915341 0.959217 0.786715 0.501874 0.585671 0.942344 0.937618 0.781938 0.883526 0.895433 0.841582 0.816907 0.648146 0.967477 0.933230 0.977696 0.824792 0.923837 0.934087 0.752425 0.875795 0.981996 0.825762 0.799257 0.586328 0.930810 0.882556 0.991786 0.999308 0.981757 0.886392 0.948272 0.942307 0.822288 0.880958
0.962250 0.925583 0.473606 0.000000 0.911695 0.954541 0.566272 0.698321 0.654265 0.984073 0.908926 0.872682 0.973070 0.993540 0.817874 0.827695 0.935686 0.815330 0.757415 0.990896 0.901213 0.952883 0.475704 0.505329 0.576223 0.608624 0.931098 0.877652 0.805946 0.774020 0.552849 0.670210 0.734001 0.805813 0.698738 0.961094 0.624699 0.749642 0.698988 0.890549 0.797289 0.998232 0.823255 0.983264 0.909770 0.825671 0.757066 0.881651 0.731029 0.965628 0.861353 0.927919 0.740965 0.602532 0.737596 0.938756 0.931868 0.901399 0.751151 0.965080 0.818737 0.906996 0.909926 0.900579 0.573482 0.618303 0.649678 0.824584 0.913544 0.906647 0.730610 0.710694 0.668988 0.819190 0.814307 0.855519 0.692938 0.804638 0.835632 0.978779 0.966590 0.996004 0.930630 0.969850 0.616220 0.587300 0.999295 0.940172 0.935177 0.830122 0.805948 0.781720 0.764322 0.667311 0.879210 0.975104 0.969744 0.913797 0.943087 0.915126 0.909165 0.784236 0.895161 0.966603 0.768281 0.669113 0.932024 0.812627 0.944758 0.964459 0.951136 0.985876 0.898953 0.940594 0.904225 0.968424
0.916917 0.994568 0.795383 0.911695 0.000000 0.779980 0.839201 0.971939 0.855618 0.921217 0.742056 0.899012 0.739427 0.989091 0.859301 0.886412 0.996548 0.937467 0.888098 0.986179 0.950127 0.845508 0.900199 0.968070 0.963484 0.970776 0.856267 0.955500 0.887880 0.964687 0.919254 0.897253 0.836840 0.827487 0.854133 0.895265 0.941524 0.917131 0.939806 0.981428 0.912200 0.870517 0.953549 0.863222 0.757675 0.851155 0.941051 0.780045 0.936454 0.884366 0.902382 0.973644 0.989767 0.999094 0.906879 0.892067 0.964495 0.943940 0.879000 0.906932 0.749883 0.964793 0.983014 0.871078 0.811681 0.799949 0.744634 0.683339 0.956324 0.942776 0.984878 0.908789 0.963263 0.933973 0.995418 0.961573 0.833295 0.927845 0.967254 0.898893 0.965632 0.990166 0.889600 0.863230 0.853360 0.883074 0.927547 0.872536 0.884762 0.795525 0.935683 0.901327 0.931323 0.819309 0.936185 0.946560 0.937511 0.977592 0.888971 0.906680 0.945270 0.912630 0.961577 0.807450 0.864930 0.978867 0.931103 0.972305 0.962025 0.968056 0.863541 0.993977 0.934310 0.976676 0.927017 0.725544
0.922346 0.976381 0.978361 0.954541 0.779980 0.000000 0.883075 0.788804 0.880460 0.813606 0.814280 0.795189 0.787923 0.964643 0.916459 0.904787 0.957410 0.948689 0.943593 0.903014 0.971590 0.856931 0.818449 0.789063 0.858813 0.906915 0.813865 0.941564 0.928209 0.990580 0.976360 0.846932 0.979017 0.998625 0.918579 0.815149 0.945396 0.825111 0.983658 0.953103 0.999052 0.822463 0.896228 0.976845 0.806925 0.766719 0.954697 0.991114 0.851155 0.910362 0.897112 0.895688 0.836073 0.972167 0.994953 0.896160 0.956693 0.981079 0.764150 0.851669 0.688317 0.795037 0.894334 0.905084 0.870918 0.983155 0.922216 0.853528 0.953999 0.899732 0.935464 0.905490 0.989457 0.962100 0.963840 0.967023 0.897990 0.967759 0.969788 0.938059 0.951145 0.949701 0.826279 0.903468 0.905362 0.861154 0.938531 0.904602 0.968582 0.911589 0.839297 0.856453 0.779355 0.898719 0.936843 0.982176 0.892462 0.886499 0.819117 0.980229 0.754637 0.840598 0.868813 0.992071 0.976592 0.938841 0.886335 0.986477 0.989772 0.975508 0.881863 0.943279 0.918245 0.928870 0.955044 0.812515
0.849557 0.954605 0.468979 0.566272 0.839201 0.883075 0.000000 0.589589 0.648457 0.638675 0.710925 0.983656 0.717647 0.874109 0.713953 0.842911 0.873473 0.953645 0.577224 0.939814 0.942021 0.893408 0.544945 0.696557 0.879568 0.860926 0.883356 0.982036 0.930584 0.913201 0.592804 0.745224 0.646667 0.616986 0.805864 0.949312 0.951025 0.968861 0.785556 0.985096 0.947277 0.904241 0.635039 0.765227 0.741812 0.873434 0.670457 0.753611 0.933941 0.966908 0.908721 0.997738 0.754242 0.719017 0.917200 0.905821 0.973985 0.925514 0.690862 0.885771 0.706328 0.877253 0.617299 0.998508 0.753529 0.919856 0.521613 0.753206 0.950114 0.995325 0.730596 0.753334 0.706389 0.780153 0.802939 0.729741 0.643286 0.819778 0.760378 0.862897 0.935198 0.849990 0.933035 0.920842 0.602263 0.748828 0.944614 0.930438 0.940119 0.929501 0.667632 0.599002 0.687239 0.638081 0.919756 0.906722 0.871530 0.877537 0.775474 0.687967 0.948523 0.662535 0.824602 0.884902 0.851434 0.702932 0.943128 0.775773 0.989671 0.944543 0.863680 0.929816 0.884268 0.987245 0.947435 0.891312
0.725736 0.789803 0.849476 0.698321 0.971939 0.788804 0.589589 0.000000 0.898044 0.555585 0.765083 0.639989 0.797693 0.716712 0.896256 0.750664 0.866712 0.983651 0.672839 0.840943 0.926318 0.958962 0.881180 0.892357 0.855184 0.921063 0.750358 0.856012 0.923244 0.857173 0.824050 0.901650 0.792212 0.743324 0.913364 0.985202 0.910862 0.961003 0.894984 0.855329 0.949992 0.917269 0.861533 0.841833 0.876995 0.853545 0.927208 0.924826 0.923275 0.884570 0.784649 0.965921 0.832911 0.803128 0.933083 0.989472 0.832474 0.847889 0.695678 0.866932 0.726452 0.719521 0.595763 0.684742 0.851448 0.963464 0.776372 0.870354 0.815846 0.838098 0.620337 0.738608 0.633614 0.678421 0.875823 0.896582 0.726331 0.932190 0.854456 0.978324 0.852695 0.856894 0.844055 0.921825 0.935210 0.895586 0.935052 0.913941 0.850052 0.910912 0.515960 0.527666 0.623502 0.685156 0.941852 0.914083 0.722693 0.903620 0.703210 0.742009 0.665222 0.550939 0.727124 0.659442 0.946662 0.877509 0.946731 0.809965 0.902909 0.887167 0.842793 0.922487 0.828942 0.878582 0.947762 0.939675
0.952249 0.817943 0.576478 0.654265 0.855618 0.880460 0.648457 0.898044 0.000000 0.901621 0.967110 0.816292 0.823208 0.833873 0.832347 0.817474 0.960839 0.845041 0.957850 0.883423 0.917519 0.807145 0.706116 0.829817 0.768824 0.669443 0.975815 0.780254 0.903999 0.800264 0.748386 0.944806 0.940350 0.970538 0.766645 0.956592 0.813187 0.999249 0.822111 0.823769 0.866539 0.988719 0.840884 0.911994 0.895011 0.984094 0.678180 0.890196 0.925511 0.902940 0.832458 0.839395 0.713961 0.817533 0.896500 0.947484 0.842258 0.836594 0.630171 0.780664 0.686761 0.955133 0.990130 0.913592 0.638940 0.724474 0.692551 0.806764 0.948223 0.954290 0.872286 0.881497 0.996260 0.943262 0.848255 0.899086 0.813276 0.993789 0.940641 0.975296 0.954303 0.917675 0.877378 0.948583 0.767438 0.825153 0.840002 0.919964 0.684209 0.825087 0.797992 0.843255 0.742565 0.784402 0.951899 0.923040 0.923381 0.888044 0.996352 0.925921 0.902430 0.991972 0.935533 0.931827 0.824673 0.759709 0.861758 0.878271 0.904649 0.965226 0.939160 0.888594 0.814987 0.990649 0.882210 0.777222
0.736559 0.790191 0.997982 0.984073 0.921217 0.813606 0.638675 0.555585 0.901621 0.000000 0.633333 0.718511 0.799572 0.770833 0.943465 0.834713 0.729437 0.741603 0.662844 0.765109 0.938484 0.959640 0.972182 0.906623 0.645100 0.685005 0.772336 0.805604 0.745644 0.619758 0.937576 0.998699 0.894824 0.748116 0.954593 0.898785 0.972674 0.970045 0.880484 0.860632 0.932024 0.972374 0.667549 0.647091 0.684882 0.675870 0.921730 0.803822 0.697199 0.982218 0.832008 0.936834 0.996112 0.976921 0.851846 0.938306 0.775669 0.853358 0.831367 0.939278 0.858302 0.983742 0.602083 0.698397 0.709918 0.701743 0.877846 0.998814 0.967923 0.917011 0.649807 0.745277 0.796028 0.716636 0.949784 0.814972 0.714163 0.983968 0.892718 0.937670 0.793849 0.818142 0.843417 0.938499 0.870594 0.791044 0.926119 0.914508 0.787800 0.747333 0.536365 0.585930 0.720898 0.865985 0.941032 0.915830 0.823965 0.897101 0.592991 0.641722 0.747709 0.779119 0.674337 0.648711 0.965902 0.984096 0.984564 0.837354 0.910474 0.998787 0.858628 0.759299 0.742146 0.875407 0.914741 0.901186
0.625145 0.673826 0.998905 0.908926 0.742056 0.814280 0.710925 0.765083 0.967110 0.633333 0.000000 0.636806 0.647821 0.718162 0.834104 0.912860 0.599066 0.573141 0.615541 0.648264 0.983147 0.985301 0.933448 0.880217 0.718680 0.707183 0.910372 0.801172 0.643225 0.567962 0.953989 0.976827 0.716787 0.643988 0.862049 0.942640 0.830507 0.823607 0.950510 0.982901 0.968158 0.950576 0.860757 0.746383 0.676429 0.769995 0.936089 0.882822 0.856143 0.993001 0.907776 0.865788 0.854924 0.814751 0.836563 0.926056 0.668504 0.704476 0.825573 0.973545 0.793348 0.894227 0.568479 0.711084 0.796840 0.777004 0.829039 0.822600 0.782471 0.785927 0.724046 0.821727 0.851673 0.848430 0.983751 0.811414 0.822515 0.836707 0.850524 0.685129 0.683480 0.586904 0.951400 0.946889 0.986316 0.894100 0.816626 0.888056 0.910267 0.645425 0.752198 0.728734 0.832621 0.866279 0.884162 0.968238 0.810516 0.917472 0.574967 0.691179 0.917025 0.869347 0.796246 0.787215 0.975289 0.962338 0.882219 0.996392 0.969232 0.880573 0.862456 0.879470 0.822447 0.936323 0.994569 0.827883
0.550258 0.523223 0.689700 0.872682 0.899012 0.795189 0.983656 0.639989 0.816292 0.718511 0.636806 0.000000 0.861296 0.676314 0.842507 0.786109 0.679497 0.693038 0.780642 0.689950 0.916532 0.958042 0.711861 0.757558 0.599258 0.589189 0.752869 0.735735 0.812187 0.650681 0.800206 0.855581 0.848092 0.880228 0.790757 0.979311 0.981563 0.941227 0.853839 0.920314 0.948272 0.886739 0.884343 0.891693 0.927723 0.861357 0.849362 0.997496 0.807194 0.896759 0.959674 0.851828 0.844945 0.855754 0.885544 0.877964 0.592897 0.566493 0.854079 0.787571 0.830646 0.776382 0.572969 0.448443 0.529519 0.721535 0.922978 0.989920 0.707294 0.761468 0.734723 0.844946 0.833823 0.826174 0.978692 0.913637 0.938392 0.958626 0.950057 0.942171 0.667131 0.659158 0.940842 0.724612 0.678366 0.711233 0.930091 0.946768 0.823652 0.753085 0.745772 0.764210 0.847577 0.928376 0.995401 0.956338 0.783848 0.882972 0.653057 0.825049 0.704486 0.859351 0.823994 0.627482 0.974891 0.853869 0.925615 0.989957 0.914337 0.834418 0.839414 0.887858 0.831066 0.917410 0.909019 0.960337
0.969609 0.889597 0.786697 0.973070 0.739427 0.787923 0.717647 0.797693 0.823208 0.799572 0.647821 0.861296 0.000000 0.787687 0.717546 0.827948 0.950950 0.965878 0.950113 0.919397 0.933305 0.981646 0.984204 0.905954 0.863598 0.959328 0.958030 0.959942 0.941386 0.934556 0.974862 0.865201 0.910649 0.900305 0.952712 0.905564 0.877783 0.807368 0.985251 0.942854 0.918760 0.846414 0.948177 0.895453 0.815391 0.894073 0.877298 0.864172 0.987098 0.981156 0.965663 0.949292 0.950714 0.912654 0.926351 0.987513 0.843682 0.854888 0.786863 0.917202 0.675087 0.981214 0.814922 0.999837 0.929961 0.943706 0.852239 0.864522 0.943754 0.905479 0.994792 0.994451 0.981051 0.924216 0.921062 0.832583 0.935943 0.978076 0.995921 0.947403 0.878308 0.984695 0.839095 0.835071 0.935749 0.866265 0.875728 0.846841 0.805996 0.832138 0.798600 0.844641 0.805845 0.846793 0.961215 0.977556 0.939955 0.956578 0.844159 0.972336 0.901248 0.839914 0.974431 0.991323 0.984763 0.939808 0.984899 0.991753 0.922692 0.859599 0.932439 0.981888 0.950883 0.967187 0.970890 0.848216
0.820701 0.836564 0.912405 0.993540 0.989091 0.964643 0.874109 0.716712 0.833873 0.770833 0.718162 0.676314 0.787687 0.000000 0.854099 0.745198 0.737560 0.727311 0.666505 0.736064 0.873603 0.981581 0.951494 0.914686 0.849779 0.753115 0.873223 0.726054 0.731264 0.660782 0.935450 0.822696 0.878183 0.881637 0.763046 0.963815 0.903423 0.941103 0.938463 0.888041 0.850273 0.994482 0.822729 0.858439 0.983482 0.982152 0.991538 0.910755 0.992076 0.753272 0.900645 0.741385 0.855081 0.931786 0.904177 0.962246 0.781224 0.833127 0.910170 0.845133 0.835211 0.877593 0.666225 0.795704 0.771974 0.711667 0.916330 0.862325 0.894809 0.927445 0.837196 0.928282 0.831898 0.769319 0.978559 0.882912 0.966847 0.921634 0.837285 0.804621 0.788207 0.706211 0.874322 0.912318 0.979178 0.895369 0.990497 0.836930 0.804743 0.710248 0.873504 0.894856 0.979805 0.981841 0.898257 0.894599 0.963909 0.984636 0.790819 0.781706 0.837909 0.777223 0.819063 0.776125 0.836900 0.734639 0.992435 0.941844 0.963301 0.843197 0.918514 0.836328 0.888130 0.854093 0.995380 0.905001
0.964134 0.775739 0.671605 0.817874 0.859301 0.916459 0.713953 0.896256 0.832347 0.943465 0.834104 0.842507 0.717546 0.854099 0.000000 0.812100 0.944610 0.953370 0.820904 0.991933 0.867317 0.912955 0.664423 0.748774 0.806420 0.802453 0.886125 0.906804 0.826469 0.915581 0.766122 0.840927 0.844483 0.913237 0.955430 0.933627 0.979208 0.925070 0.784208 0.777548 0.950853 0.808797 0.668194 0.783864 0.879499 0.970064 0.666136 0.655456 0.971377 0.947461 0.990449 0.959801 0.900833 0.959033 0.994808 0.941354 0.894784 0.807173 0.954259 0.799719 0.957825 0.698250 0.894405 0.801783 0.671727 0.909766 0.852956 0.949529 0.990567 0.791715 0.914319 0.990046 0.985042 0.890947 0.929918 0.810038 0.993234 0.859049 0.850147 0.817301 0.988431 0.933611 0.855267 0.981631 0.582292 0.722114 0.933906 0.995911 0.783639 0.972297 0.916883 0.909406 0.935413 0.946257 0.822930 0.974770 0.887263 0.849801 0.990580 0.865825 0.786128 0.948805 0.975609 0.846717 0.978614 0.869778 0.974798 0.897342 0.964080 0.928150 0.962741 0.997510 0.956128 0.977575 0.874466 0.889957
0.896553 0.996414 0.965695 0.827695 0.886412 0.904787 0.842911 0.750664 0.817474 0.834713 0.912860 0.786109 0.827948 0.745198 0.812100 0.000000 0.936378 0.990056 0.828488 0.852009 0.991513 0.852830 0.869554 0.802994 0.984621 0.958457 0.804311 0.947567 0.935895 0.849303 0.966846 0.864743 0.923344 0.922854 0.844631 0.863886 0.863622 0.982335 0.949249 0.843850 0.988733 0.988734 0.930630 0.972552 0.870904 0.877641 0.886221 0.907388 0.989001 0.854032 0.893957 0.903413 0.878857 0.936121 0.990213 0.923071 0.989744 0.971858 0.961927 0.953402 0.992162 0.974753 0.775108 0.873985 0.888145 0.856466 0.828002 0.730786 0.899140 0.897441 0.825011 0.871405 0.797607 0.888901 0.921824 0.943046 0.969218 0.964117 0.973950 0.980139 0.922838 0.882046 0.992115 0.778265 0.966765 0.965730 0.958066 0.805003 0.945156 0.997734 0.873196 0.992651 0.928557 0.955521 0.953853 0.894005 0.988105 0.984349 0.909875 0.936675 0.944725 0.953173 0.932931 0.808489 0.984678 0.905783 0.848510 0.984689 0.996397 0.978127 0.948065 0.844782 0.997838 0.959987 0.954381 0.991847
0.498749 0.504499 0.869999 0.935686 0.996548 0.957410 0.873473 0.866712 0.960839 0.729437 0.599066 0.679497 0.950950 0.737560 0.944610 0.936378 0.000000 0.380600 0.530172 0.516359 0.974702 0.986619 0.987910 0.999168 0.814694 0.726911 0.975718 0.829847 0.551404 0.536115 0.927540 0.777144 0.639384 0.669530 0.889925 0.955405 0.997768 0.953508 0.889529 0.993609 0.850053 0.924613 0.723463 0.664111 0.780547 0.848061 0.895776 0.931087 0.827599 0.997028 0.996549 0.867941 0.749227 0.810134 0.903295 0.881964 0.385439 0.476863 0.917539 0.936695 0.953688 0.800912 0.549482 0.570514 0.738176 0.731451 0.886755 0.969826 0.696075 0.742458 0.645395 0.671198 0.834450 0.759499 0.940391 0.857968 0.838469 0.801835 0.749955 0.669441 0.419733 0.482033 0.813538 0.822541 0.990517 0.945710 0.934107 0.953043 0.783785 0.825139 0.822478 0.802906 0.902320 0.993076 0.980632 0.882542 0.792726 0.947096 0.630343 0.601127 0.850005 0.989977 0.668862 0.684369 0.973236 0.851917 0.904697 0.938214 0.950643 0.838855 0.768157 0.796169 0.779946 0.998143 0.955834 0.949413
0.524128 0.482847 0.791485 0.815330 0.937467 0.948689 0.953645 0.983651 0.845041 0.741603 0.573141 0.693038 0.965878 0.727311 0.953370 0.990056 0.380600 0.000000 0.571429 0.461819 0.968636 0.974934 0.932352 0.941500 0.776459 0.634121 0.940214 0.782776 0.521501 0.478361 0.975604 0.840615 0.690942 0.678261 0.832330 0.962064 0.945724 0.971539 0.779690 0.954919 0.933271 0.938293 0.779981 0.672999 0.755193 0.814090 0.932409 0.864146 0.793609 0.979056 0.944073 0.868493 0.679082 0.710079 0.836614 0.935933 0.390726 0.455403 0.993605 0.895310 0.898849 0.766630 0.579408 0.613626 0.698061 0.715287 0.928944 0.990793 0.673682 0.726277 0.736654 0.777827 0.875706 0.745152 0.981130 0.856456 0.842369 0.775986 0.752575 0.675137 0.425275 0.450063 0.814569 0.821801 0.997040 0.990214 0.982152 0.966662 0.674781 0.788397 0.918945 0.866512 0.994562 0.952125 0.996131 0.873893 0.853930 0.943902 0.626549 0.619241 0.874912 0.927703 0.685491 0.712156 0.951424 0.786051 0.967928 0.979276 0.949561 0.898905 0.782606 0.707564 0.768220 0.958090 0.990145 0.972969
0.635777 0.676465 0.792168 0.757415 0.888098 0.943593 0.577224 0.672839 0.957850 0.662844 0.615541 0.780642 0.950113 0.666505 0.820904 0.828488 0.530172 0.571429 0.000000 0.542553 0.986743 0.952236 0.645980 0.723366 0.966713 0.865627 0.947575 0.822174 0.682612 0.612610 0.753171 0.634006 0.572549 0.563361 0.967772 0.941535 0.967386 0.941089 0.960296 0.991074 0.909087 0.969300 0.659690 0.717141 0.836201 0.938881 0.830197 0.804388 0.960133 0.874205 0.909940 0.789060 0.871503 0.973608 0.980705 0.969637 0.598543 0.702512 0.921469 0.806542 0.977283 0.750079 0.525705 0.784041 0.981176 0.870838 0.708102 0.887106 0.758301 0.877172 0.532907 0.643163 0.618340 0.619269 0.919807 0.759040 0.698196 0.741926 0.706907 0.681745 0.594999 0.548247 0.878242 0.900106 0.730333 0.791675 0.895343 0.953553 0.762810 0.770426 0.739259 0.665224 0.841717 0.811402 0.849905 0.849227 0.836077 0.867674 0.690033 0.574084 0.991514 0.796942 0.700389 0.757792 0.951914 0.945598 0.930494 0.946208 0.918268 0.926046 0.911653 0.847936 0.847490 0.989092 0.976738 0.961912
0.591208 0.527749 0.837512 0.990896 0.986179 0.903014 0.939814 0.840943 0.883423 0.765109 0.648264 0.689950 0.919397 0.736064 0.991933 0.852009 0.516359 0.461819 0.542553 0.000000 0.945610 0.911075 0.991628 0.914836 0.843278 0.723265 0.979373 0.752641 0.629269 0.589680 0.972658 0.756033 0.737695 0.765500 0.825644 0.897576 0.897517 0.894236 0.840260 0.941107 0.875147 0.936681 0.862102 0.798937 0.955665 0.986628 0.984706 0.922898 0.968977 0.901950 0.889596 0.776483 0.755079 0.866446 0.896762 0.983558 0.488313 0.507443 0.978058 0.903910 0.868167 0.875199 0.620053 0.633393 0.727710 0.776708 0.988976 0.918780 0.657048 0.732140 0.609892 0.711915 0.676838 0.655338 0.982812 0.896796 0.803731 0.776999 0.766845 0.765696 0.481804 0.506417 0.813598 0.710800 0.996958 0.989550 0.987941 0.988230 0.644286 0.794136 0.867871 0.797394 0.938935 0.993140 0.990607 0.891617 0.915764 0.948381 0.709611 0.663939 0.928659 0.977950 0.723086 0.671677 0.992899 0.854619 0.988851 0.983682 0.984091 0.995934 0.905768 0.839704 0.943278 0.921670 0.984482 0.887556
0.983004 0.968745 0.873113 0.901213 0.950127 0.971590 0.942021 0.926318 0.917519 0.938484 0.983147 0.916532 0.933305 0.873603 0.867317 0.991513 0.974702 0.968636 0.986743 0.945610 0.000000 0.939972 0.945613 0.958061 0.901598 0.805003 0.821676 0.917564 0.880448 0.908625 0.989443 0.909832 0.928215 0.969399 0.887429 0.943880 0.972916 0.998146 0.946099 0.859496 0.976964 0.962200 0.956877 0.875278 0.919983 0.988925 0.865513 0.827420 0.958211 0.867264 0.862318 0.826071 0.923594 0.971080 0.856410 0.717181 0.994789 0.953761 0.895285 0.955040 0.822272 0.961022 0.955282 0.916966 0.820427 0.847179 0.825083 0.889921 0.963590 0.973389 0.996513 0.972295 0.945785 0.879481 0.978471 0.966223 0.990550 0.919917 0.862820 0.978645 0.986452 0.944889 0.981036 0.906092 0.836105 0.828884 0.907803 0.887933 0.909629 0.948760 0.963288 0.940708 0.990626 0.956713 0.886811 0.857193 0.896094 0.963559 0.961891 0.978077 0.937929 0.869241 0.908965 0.855228 0.961327 0.817663 0.939415 0.860563 0.976123 0.971312 0.848391 0.980513 0.922302 0.871100 0.794614 0.934454
0.951068 0.975912 0.840344 0.952883 0.845508 0.856931 0.893408 0.958962 0.807145 0.959640 0.985301 0.958042 0.981646 0.981581 0.912955 0.852830 0.986619 0.974934 0.952236 0.911075 0.939972 0.000000 0.823101 0.923643 0.826544 0.798994 0.952123 0.858892 0.943732 0.976220 0.911635 0.932324 0.990709 0.968096 0.947437 0.987297 0.980923 0.945450 0.973515 0.936063 0.973175 0.928204 0.851067 0.850057 0.864161 0.901466 0.910426 0.867104 0.934582 0.862520 0.888206 0.825029 0.926385 0.996779 0.961709 0.843859 0.989901 0.999883 0.853293 0.919033 0.918546 0.994520 0.985407 0.913898 0.854192 0.845481 0.888859 0.884599 0.886774 0.965552 0.950603 0.974128 0.856204 0.904936 0.798107 0.949511 0.897938 0.951301 0.870487 0.985555 0.970401 0.932903 0.899141 0.991941 0.906548 0.916100 0.916265 0.985203 0.893838 0.896759 0.936768 0.989287 0.885756 0.954069 0.848401 0.789056 0.920846 0.932678 0.893788 0.889230 0.990596 0.935117 0.948057 0.981706 0.878079 0.955565 0.868615 0.940222 0.930936 0.936775 0.856588 0.954821 0.820556 0.942305 0.783575 0.781014
0.925724 0.813289 0.438517 0.475704 0.900199 0.818449 0.544945 0.881180 0.706116 0.972182 0.933448 0.711861 0.984204 0.951494 0.664423 0.869554 0.987910 0.932352 0.645980 0.991628 0.945613 0.823101 0.000000 0.425080 0.537349 0.663725 0.871801 0.927329 0.971652 0.944252 0.528869 0.582711 0.745319 0.791792 0.786096 0.882598 0.839192 0.872153 0.673958 0.892044 0.921337 0.967622 0.664430 0.870420 0.982234 0.880169 0.701463 0.779304 0.766203 0.983901 0.973552 0.946781 0.777543 0.644692 0.864573 0.869176 0.913185 0.832143 0.955307 0.796575 0.992649 0.795284 0.947756 0.702401 0.499219 0.690973 0.670179 0.896480 0.997665 0.863316 0.778641 0.842095 0.774544 0.811662 0.836002 0.831238 0.746001 0.787068 0.835171 0.903712 0.939794 0.999358 0.881737 0.884255 0.452292 0.490977 0.835492 0.896152 0.920314 0.939550 0.993949 0.905438 0.987660 0.760833 0.879505 0.891382 0.928518 0.784341 0.901398 0.845192 0.719776 0.872678 0.965556 0.881986 0.848489 0.758015 0.879847 0.870907 0.883857 0.999335 0.992526 0.948636 0.982932 0.969746 0.849266 0.970974
0.959235 0.872808 0.649013 0.505329 0.968070 0.789063 0.696557 0.892357 0.829817 0.906623 0.880217 0.757558 0.905954 0.914686 0.748774 0.802994 0.999168 0.941500 0.723366 0.914836 0.958061 0.923643 0.425080 0.000000 0.577430 0.701009 0.938148 0.979645 0.975092 0.936515 0.642619 0.567559 0.838844 0.916682 0.897925 0.969094 0.811348 0.863784 0.681301 0.966306 0.922093 0.967618 0.781488 0.993355 0.844538 0.765959 0.762806 0.867789 0.730532 0.924913 0.991786 0.989426 0.795520 0.651427 0.879826 0.831568 0.959214 0.897151 0.933420 0.740685 0.857581 0.866948 0.990916 0.762146 0.673786 0.790287 0.880306 0.920095 0.994528 0.893343 0.850769 0.808506 0.711831 0.725948 0.906769 0.911915 0.891924 0.834061 0.891359 0.905773 0.993724 0.944093 0.908717 0.957520 0.534542 0.560823 0.903077 0.884564 0.990949 0.914404 0.991495 0.952454 0.954551 0.877153 0.801793 0.965838 0.904955 0.795165 0.843133 0.914314 0.827407 0.865897 0.981513 0.933911 0.881297 0.920306 0.922244 0.816683 0.916885 0.889602 0.956465 0.896873 0.894606 0.897218 0.954594 0.956237
0.840670 0.819964 0.549394 0.576223 0.963484 0.858813 0.879568 0.855184 0.768824 0.645100 0.718680 0.599258 0.863598 0.849779 0.806420 0.984621 0.814694 0.776459 0.966713 0.843278 0.901598 0.826544 0.537349 0.577430 0.000000 0.445719 0.741884 0.703643 0.764188 0.689513 0.600013 0.700937 0.820932 0.896164 0.660009 0.862647 0.717263 0.787548 0.716075 0.789757 0.844718 0.967711 0.917271 0.907594 0.885115 0.813020 0.767191 0.927158 0.745441 0.911343 0.911066 0.752086 0.852673 0.826999 0.766692 0.954050 0.800279 0.825279 0.927567 0.993955 0.983325 0.922159 0.762592 0.631352 0.444324 0.531902 0.801836 0.835866 0.997765 0.871752 0.962935 0.992577 0.967997 0.934533 0.900130 0.992147 0.915739 0.840762 0.972603 0.939758 0.845973 0.870417 0.896861 0.878919 0.535444 0.504821 0.863286 0.944280 0.812289 0.764980 0.804661 0.827466 0.929308 0.921997 0.874214 0.953141 0.844889 0.821843 0.734395 0.879014 0.712963 0.878501 0.870354 0.646754 0.857902 0.742645 0.852825 0.938645 0.910148 0.824222 0.927852 0.803302 0.832901 0.812281 0.835396 0.981487
0.832145 0.738985 0.559474 0.608624 0.970776 0.906915 0.860926 0.921063 0.669443 0.685005 0.707183 0.589189 0.959328 0.753115 0.802453 0.958457 0.726911 0.634121 0.865627 0.723265 0.805003 0.798994 0.663725 0.701009 0.445719 0.000000 0.801828 0.638640 0.664308 0.580960 0.704038 0.827931 0.925617 0.958970 0.713310 0.870818 0.702646 0.885349 0.691854 0.760353 0.867914 0.933790 0.950689 0.942506 0.924591 0.840751 0.706909 0.953827 0.837209 0.921326 0.813530 0.725177 0.788323 0.814964 0.706642 0.993563 0.721474 0.727719 0.816156 0.907914 0.862003 0.959797 0.769586 0.691627 0.477925 0.569553 0.812930 0.826877 0.989463 0.883499 0.918408 0.987598 0.953683 0.788837 0.904453 0.982924 0.960457 0.967181 0.974801 0.908172 0.774275 0.765020 0.967964 0.895705 0.655617 0.641912 0.942203 0.963651 0.752793 0.698515 0.856503 0.834601 0.995218 0.926403 0.972692 0.988340 0.945321 0.891551 0.729995 0.783429 0.797570 0.912410 0.943679 0.718003 0.824461 0.641971 0.917198 0.892226 0.914928 0.910694 0.922061 0.716345 0.800164 0.874716 0.915086 0.949321
0.917718 0.986048 0.897400 0.931098 0.856267 0.813865 0.883356 0.750358 0.975815 0.772336 0.910372 0.752869 0.958030 0.873223 0.886125 0.804311 0.975718 0.940214 0.947575 0.979373 0.821676 0.952123 0.871801 0.938148 0.741884 0.801828 0.000000 0.925433 0.930495 0.939953 0.903388 0.995805 0.971933 0.926489 0.914633 0.790212 0.829661 0.887260 0.904159 0.936438 0.961541 0.964213 0.935383 0.974774 0.958115 0.938590 0.923210 0.961680 0.943331 0.796097 0.932985 0.823784 0.905146 0.957834 0.977758 0.983234 0.999336 0.985940 0.956151 0.978892 0.975544 0.961834 0.833981 0.831367 0.719004 0.699873 0.900743 0.950752 0.941821 0.912388 0.973396 0.969520 0.933049 0.930225 0.917684 0.986462 0.940320 0.979914 0.981725 0.942448 0.949851 0.907866 0.847198 0.945741 0.893138 0.711099 0.887371 0.960129 0.937275 0.971836 0.802952 0.830766 0.832291 0.999363 0.998670 0.941256 0.800552 0.865246 0.768814 0.855670 0.943598 0.806125 0.870072 0.714243 0.980394 0.970031 0.921547 0.954578 0.952399 0.959655 0.998354 0.946897 0.973256 0.958077 0.872627 0.991476
0.854164 0.817148 0.808618 0.877652 0.955500 0.941564 0.982036 0.856012 0.780254 0.805604 0.801172 0.735735 0.959942 0.726054 0.906804 0.947567 0.829847 0.782776 0.822174 0.752641 0.917564 0.858892 0.927329 0.979645 0.703643 0.638640 0.925433 0.000000 0.781347 0.675313 0.791733 0.941008 0.985119 0.934516 0.745931 0.978233 0.926636 0.970769 0.959245 0.852215 0.860503 0.975323 0.978975 0.891827 0.882567 0.917929 0.869915 0.946067 0.924653 0.900312 0.901931 0.773854 0.890446 0.955160 0.853132 0.920949 0.820917 0.834704 0.825452 0.866348 0.884575 0.996987 0.851987 0.915399 0.760712 0.823177 0.919879 0.915713 0.877800 0.945285 0.896084 0.984321 0.819665 0.751002 0.979342 0.984561 0.957068 0.973582 0.951060 0.764581 0.831056 0.763673 0.942222 0.893040 0.970152 0.907177 0.932751 0.857625 0.857136 0.632412 0.921716 0.877759 0.948460 0.979992 0.888635 0.894382 0.999979 0.874280 0.815852 0.760437 0.987196 0.869704 0.933125 0.847992 0.985127 0.819489 0.950830 0.906943 0.966666 0.888927 0.958216 0.862756 0.861795 0.879653 0.904632 0.927741
0.722262 0.743176 0.870005 0.805946 0.887880 0.928209 0.930584 0.923244 0.903999 0.745644 0.643225 0.812187 0.941386 0.731264 0.826469 0.935895 0.551404 0.521501 0.682612 0.629269 0.880448 0.943732 0.971652 0.975092 0.764188 0.664308 0.930495 0.781347 0.000000 0.540601 0.971959 0.903576 0.812535 0.774129 0.871667 0.968957 0.885172 0.886519 0.887088 0.902062 0.942029 0.973087 0.681736 0.658643 0.686986 0.713987 0.889427 0.812332 0.737265 0.878834 0.987347 0.970784 0.891394 0.808440 0.928190 0.945651 0.658915 0.693074 0.960582 0.871283 0.906585 0.838193 0.736239 0.791670 0.767788 0.769175 0.934886 0.981322 0.784462 0.837466 0.931163 0.986308 0.923332 0.790998 0.922677 0.761228 0.937041 0.754267 0.795668 0.745083 0.591991 0.628837 0.791731 0.846264 0.974077 0.978644 0.944992 0.915769 0.818845 0.790426 0.901244 0.897860 0.982473 0.858140 0.950875 0.889969 0.889577 0.980492 0.684648 0.698029 0.821996 0.916200 0.835079 0.857922 0.892579 0.802208 0.934343 0.987521 0.985835 0.876580 0.773412 0.845431 0.733531 0.993694 0.973214 0.926087
0.684212 0.642985 0.784258 0.774020 0.964687 0.990580 0.913201 0.857173 0.800264 0.619758 0.567962 0.650681 0.934556 0.660782 0.915581 0.849303 0.536115 0.478361 0.612610 0.589680 0.908625 0.976220 0.944252 0.936515 0.689513 0.580960 0.939953 0.675313 0.540601 0.000000 0.963557 0.911368 0.838730 0.759901 0.687271 0.974770 0.831002 0.976430 0.845482 0.923649 0.907091 0.973036 0.758609 0.652459 0.757019 0.763320 0.979226 0.825536 0.718815 0.997435 0.940529 0.851409 0.784597 0.833318 0.752891 0.946209 0.579560 0.652287 0.904986 0.798888 0.915909 0.842418 0.624413 0.664126 0.660727 0.641860 0.931077 0.905306 0.818196 0.940484 0.751364 0.907511 0.965080 0.781411 0.967751 0.941880 0.959721 0.829056 0.833890 0.789855 0.600868 0.605522 0.829538 0.876379 0.898754 0.823883 0.923782 0.908916 0.756076 0.640626 0.910584 0.946333 0.878974 0.894736 0.917471 0.948480 0.947052 0.971431 0.729940 0.739779 0.853068 0.987080 0.809477 0.763162 0.833291 0.748191 0.919150 0.942809 0.987081 0.978770 0.884828 0.882524 0.725854 0.962519 0.951225 0.859599
0.972771 0.965132 0.541546 0.552849 0.919254 0.976360 0.592804 0.824050 0.748386 0.937576 0.953989 0.800206 0.974862 0.935450 0.766122 0.966846 0.927540 0.975604 0.753171 0.972658 0.989443 0.911635 0.528869 0.642619 0.600013 0.704038 0.903388 0.791733 0.971959 0.963557 0.000000 0.661973 0.706613 0.676841 0.697929 0.959979 0.832663 0.888553 0.695574 0.857619 0.877459 0.973716 0.728697 0.875306 0.888037 0.982682 0.705956 0.909761 0.908255 0.937557 0.853545 0.818351 0.820376 0.820627 0.755790 0.960171 0.963813 0.949190 0.790575 0.978877 0.872181 0.890250 0.931099 0.883968 0.625101 0.771993 0.695105 0.824518 0.960868 0.906499 0.808561 0.811497 0.891376 0.926618 0.853033 0.817842 0.761498 0.775445 0.886030 0.885656 0.998172 0.943523 0.923137 0.885781 0.627607 0.634115 0.977268 0.984923 0.881987 0.919664 0.964522 0.940265 0.924893 0.789039 0.846979 0.913432 0.979506 0.850950 0.971233 0.957559 0.960471 0.836087 0.990357 0.866581 0.958015 0.762177 0.882679 0.823104 0.947511 0.945015 0.907764 0.985340 0.940942 0.917902 0.883905 0.893088
0.939977 0.932024 0.718472 0.670210 0.897253 0.846932 0.745224 0.901650 0.944806 0.998699 0.976827 0.855581 0.865201 0.822696 0.840927 0.864743 0.777144 0.840615 0.634006 0.756033 0.909832 0.932324 0.582711 0.567559 0.700937 0.827931 0.995805 0.941008 0.903576 0.911368 0.661973 0.000000 0.730574 0.742202 0.923984 0.855635 0.850129 0.943845 0.878574 0.943913 0.890654 0.960235 0.707533 0.893360 0.955689 0.925946 0.797951 0.880919 0.833251 0.911461 0.963204 0.940947 0.970573 0.875181 0.928488 0.932508 0.815879 0.882587 0.965093 0.792952 0.826815 0.726454 0.854119 0.921045 0.820437 0.965388 0.840078 0.991580 0.968819 0.967489 0.766476 0.769681 0.789247 0.758035 0.961408 0.860422 0.811076 0.704918 0.748342 0.821625 0.849156 0.812661 0.839352 0.908367 0.673790 0.699926 0.940426 0.924631 0.801930 0.952400 0.981980 0.924148 0.973507 0.847067 0.930238 0.890724 0.999187 0.932794 0.992849 0.814310 0.878412 0.935773 0.942231 0.923334 0.998801 0.987918 0.999467 0.889879 0.844179 0.947004 0.892400 0.953577 0.970269 0.969229 0.898094 0.989880
0.571776 0.638240 0.702294 0.734001 0.836840 0.979017 0.646667 0.792212 0.940350 0.894824 0.716787 0.848092 0.910649 0.878183 0.844483 0.923344 0.639384 0.690942 0.572549 0.737695 0.928215 0.990709 0.745319 0.838844 0.820932 0.925617 0.971933 0.985119 0.812535 0.838730 0.706613 0.730574 0.000000 0.466287 0.783470 0.818410 0.874967 0.780361 0.881665 0.922201 0.734120 0.971874 0.718257 0.714154 0.700606 0.817536 0.763574 0.776863 0.978353 0.869178 0.927283 0.903076 0.978498 0.951405 0.829045 0.903696 0.650042 0.699229 0.664712 0.867424 0.730823 0.949127 0.613786 0.768059 0.850118 0.881711 0.527238 0.583420 0.761449 0.787794 0.755729 0.777772 0.833400 0.874871 0.921986 0.863519 0.694103 0.650785 0.750195 0.791669 0.698355 0.654842 0.953372 0.994388 0.696672 0.669705 0.981558 0.843366 0.914962 0.955138 0.878318 0.778603 0.817669 0.807019 0.997331 0.824610 0.932840 0.914276 0.779856 0.800492 0.986075 0.887541 0.805213 0.902451 0.785643 0.821382 0.985229 0.927917 0.971929 0.856872 0.805316 0.944825 0.907309 0.973611 0.953075 0.976906
0.635513 0.655973 0.755812 0.805813 0.827487 0.998625 0.616986 0.743324 0.970538 0.748116 0.643988 0.880228 0.900305 0.881637 0.913237 0.922854 0.669530 0.678261 0.563361 0.765500 0.969399 0.968096 0.791792 0.916682 0.896164 0.958970 0.926489 0.934516 0.774129 0.759901 0.676841 0.742202 0.466287 0.000000 0.805336 0.833475 0.899210 0.966180 0.921773 0.965125 0.848314 0.999783 0.703749 0.658885 0.592434 0.721262 0.756772 0.744407 0.869031 0.828994 0.865285 0.882981 0.945439 0.985334 0.889753 0.924230 0.664467 0.735206 0.701742 0.936871 0.781413 0.919673 0.630863 0.815828 0.912013 0.941293 0.541072 0.585152 0.747714 0.778991 0.718186 0.810050 0.774939 0.825604 0.876418 0.752772 0.681850 0.656353 0.720946 0.805924 0.699550 0.694273 0.905745 0.972027 0.739806 0.761770 0.962383 0.888321 0.883798 0.912283 0.766464 0.726741 0.782865 0.751199 0.968541 0.879086 0.842411 0.968147 0.674347 0.752041 0.967616 0.780181 0.799383 0.893344 0.848012 0.827625 0.964546 0.862417 0.914521 0.882780 0.803882 0.803730 0.704343 0.959289 0.942816 0.874557
0.992394 0.939292 0.632075 0.698738 0.854133 0.918579 0.805864 0.913364 0.766645 0.954593 0.862049 0.790757 0.952712 0.763046 0.955430 0.844631 0.889925 0.832330 0.967772 0.825644 0.887429 0.947437 0.786096 0.897925 0.660009 0.713310 0.914633 0.745931 0.871667 0.687271 0.697929 0.923984 0.783470 0.805336 0.000000 0.939320 0.816369 0.906973 0.819968 0.959370 0.845860 0.999086 0.972854 0.926824 0.881032 0.973860 0.846289 0.915232 0.903084 0.823343 0.814366 0.753757 0.806572 0.873931 0.682453 0.993383 0.898652 0.960818 0.674447 0.769880 0.691819 0.888584 0.950146 0.918610 0.626334 0.597169 0.609514 0.605236 0.906599 0.903792 0.986519 0.928725 0.919848 0.924281 0.994412 0.988397 0.857621 0.921103 0.950590 0.923903 0.918197 0.924482 0.895221 0.917812 0.740330 0.665513 0.929041 0.898264 0.894166 0.679682 0.920969 0.862510 0.799868 0.774160 0.918402 0.884460 0.878625 0.900785 0.937806 0.993686 0.908562 0.883764 0.966825 0.748275 0.855388 0.739236 0.986864 0.881863 0.989954 0.970882 0.998531 0.994815 0.873391 0.866138 0.862117 0.994723
0.981701 0.895912 0.921042 0.961094 0.895265 0.815149 0.949312 0.985202 0.956592 0.898785 0.942640 0.979311 0.905564 0.963815 0.933627 0.863886 0.955405 0.962064 0.941535 0.897576 0.943880 0.987297 0.882598 0.969094 0.862647 0.870818 0.790212 0.978233 0.968957 0.974770 0.959979 0.855635 0.818410 0.833475 0.939320 0.000000 0.852947 0.837400 0.986754 0.923130 0.886252 0.966022 0.982103 0.950743 0.950887 0.961493 0.894095 0.999421 0.903435 0.995680 0.980957 0.976118 0.958436 0.934165 0.955734 0.983116 0.892873 0.922534 0.997224 0.909922 0.977734 0.923344 0.942786 0.974930 0.884835 0.842230 0.855742 0.825893 0.995567 0.870191 0.858922 0.951429 0.970144 0.916009 0.909445 0.953394 0.902826 0.913905 0.879654 0.902045 0.966559 0.928706 0.776785 0.975162 0.984472 0.882078 0.944686 0.974889 0.996972 0.923725 0.887486 0.897869 0.925822 0.940951 0.949955 0.815961 0.984435 0.971030 0.939078 0.955791 0.888241 0.939400 0.902855 0.983591 0.856305 0.996274 0.991062 0.933639 0.943369 0.899684 0.881761 0.972826 0.935102 0.951987 0.997760 0.958571
0.871179 0.879025 0.859899 0.624699 0.941524 0.945396 0.951025 0.910862 0.813187 0.972674 0.830507 0.981563 0.877783 0.903423 0.979208 0.863622 0.997768 0.945724 0.967386 0.897517 0.972916 0.980923 0.839192 0.811348 0.717263 0.702646 0.829661 0.926636 0.885172 0.831002 0.832663 0.850129 0.874967 0.899210 0.816369 0.852947 0.000000 0.625316 0.912994 0.869928 0.741377 0.958889 0.931365 0.985840 0.889239 0.859928 0.943200 0.984710 0.969745 0.909524 0.680868 0.816634 0.843198 0.825396 0.833685 0.965228 0.884202 0.862986 0.791140 0.823202 0.884265 0.811195 0.979580 0.902266 0.819503 0.743594 0.938074 0.973623 0.794314 0.870677 0.791185 0.741450 0.751334 0.854320 0.836178 0.955413 0.869536 0.845374 0.841551 0.905082 0.900658 0.967611 0.910290 0.861680 0.921161 0.730168 0.933250 0.970294 0.970189 0.811525 0.979567 0.947150 0.850912 0.921607 0.972476 0.989329 0.935837 0.928320 0.958977 0.994680 0.974047 0.997882 0.952611 0.979794 0.751275 0.803619 0.961903 0.824819 0.850973 0.907017 0.995919 0.975587 0.943846 0.931193 0.963378 0.908806
0.783225 0.753448 0.940106 0.749642 0.917131 0.825111 0.968861 0.961003 0.999249 0.970045 0.823607 0.941227 0.807368 0.941103 0.925070 0.982335 0.953508 0.971539 0.941089 0.894236 0.998146 0.945450 0.872153 0.863784 0.787548 0.885349 0.887260 0.970769 0.886519 0.976430 0.888553 0.943845 0.780361 0.966180 0.906973 0.837400 0.625316 0.000000 0.948462 0.905760 0.805312 0.895381 0.944092 0.956796 0.950103 0.941800 0.991670 0.970613 0.937996 0.857050 0.798810 0.830799 0.934523 0.915718 0.835885 0.943253 0.824992 0.807114 0.889761 0.854547 0.909761 0.793108 0.950672 0.810441 0.885768 0.802226 0.979253 0.957251 0.847333 0.936444 0.761945 0.752595 0.936601 0.910484 0.840170 0.990858 0.827351 0.848921 0.953212 0.908538 0.946143 0.989505 0.988795 0.858932 0.969334 0.766693 0.952459 0.985797 0.995346 0.773772 0.894450 0.882723 0.928517 0.946001 0.981252 0.994765 0.956847 0.938941 0.999266 0.949407 0.956223 0.825188 0.975927 0.940382 0.804307 0.846565 0.906933 0.940084 0.888558 0.971555 0.995924 0.959456 0.966552 0.941072 0.984152 0.827209
