0.000000 0.357168 0.998277 0.945207 0.988021 0.939753 0.610247 0.498238 0.876993 0.547405 0.344746 0.305387 0.429137 0.545585 0.522391 0.643749 0.371589 0.346859 0.426871 0.394315 0.992830 0.967965 0.446832 0.846701 0.716272 0.731666 0.936662 0.899766 0.333016 0.383070 0.724080 0.647331 0.471006 0.452261 0.849941 0.959473 0.693661 0.907086 0.941019 0.991145 0.626514 0.798736 0.974709 0.842229 0.902419 0.775969 0.743993 0.688225 0.666554 0.730718 0.880445 0.871854 0.908133 0.857182 0.744934 0.739501 0.368726 0.328680 0.509080 0.460163 0.542615 0.565170 0.316432 0.308606 0.867369 0.883214 0.980969 0.940091 0.351040 0.390485 0.652584 0.765020 0.808229 0.832911 0.798788 0.989164 0.685192 0.794652 0.607466 0.430088 0.292961 0.394313 0.704611 0.618916 0.742117 0.895966 0.922310 0.863592 0.779888 0.655972 0.966529 0.939686 0.966271 0.830337 0.770528 0.936737 0.901128 0.903520 0.634154 0.626511 0.892486 0.923422 0.606789 0.657472 0.706131 0.714564 0.957728 0.801226 0.991552 0.869231 0.975886 0.667713 0.607041 0.829862 0.970118 0.738652
0.357168 0.000000 0.859176 0.979836 0.934611 0.988493 0.718151 0.466109 0.946538 0.508601 0.569974 0.371921 0.688181 0.566166 0.578641 0.663767 0.255147 0.256595 0.386722 0.351534 0.903546 0.965024 0.503426 0.884447 0.725221 0.714308 0.923051 0.994897 0.307749 0.315785 0.728066 0.590252 0.481053 0.413563 0.866475 0.955789 0.729829 0.879858 0.869153 0.885105 0.785238 0.682505 0.625671 0.502918 0.631712 0.519509 0.601996 0.481924 0.448126 0.521975 0.632973 0.627347 0.697624 0.892157 0.745392 0.698751 0.245047 0.250456 0.676625 0.587851 0.831577 0.713450 0.367642 0.343760 0.795084 0.813960 0.956989 0.925410 0.483270 0.387292 0.616453 0.762910 0.804531 0.743156 0.836547 0.901585 0.589316 0.583125 0.523323 0.419556 0.268502 0.390445 0.595335 0.597906 0.766908 0.900390 0.813921 0.867719 0.920453 0.847555 0.906011 0.863078 0.946508 0.841570 0.693235 0.879346 0.850394 0.761578 0.567266 0.462939 0.951018 0.881800 0.536884 0.582950 0.714644 0.656400 0.879301 0.944012 0.956265 0.954032 0.870154 0.543521 0.511298 0.668104 0.848715 0.781370
0.998277 0.859176 0.000000 0.423980 0.986456 0.854330 0.544411 0.741853 0.963733 0.839857 0.908860 0.838969 0.983416 0.975636 0.860777 0.992922 0.873724 0.967473 0.939612 0.978678 0.747999 0.947291 0.833367 0.685282 0.629371 0.478239 0.770105 0.898188 0.826424 0.828682 0.818004 0.863885 0.821846 0.870087 0.656028 0.768860 0.905780 0.914455 0.643430 0.882899 0.928028 0.967213 0.921098 0.985464 0.938659 0.987412 0.818744 0.870884 0.778029 0.827527 0.905676 0.826938 0.912430 0.826196 0.781603 0.909356 0.910964 0.898218 0.941022 0.934410 0.784673 0.772770 0.913489 0.873432 0.477144 0.470475 0.420151 0.518794 0.922478 0.921003 0.848694 0.808755 0.944092 0.951634 0.992098 0.893057 0.927161 0.903925 0.977123 0.946340 0.956290 0.941382 0.955252 0.934559 0.784260 0.573103 0.917430 0.922899 0.864817 0.625727 0.843081 0.910972 0.625983 0.566763 0.867079 0.963658 0.716366 0.990918 0.991300 0.988926 0.802779 0.963656 0.964253 0.955967 0.764987 0.969559 0.966318 0.887476 0.880408 0.954616 0.963999 0.890609 0.889208 0.963210 0.944196 0.942114
0.945207 0.979836 0.423980 0.000000 0.946937 0.888722 0.740239 0.684748 0.827105 0.845987 0.966337 0.844375 0.867629 0.809572 0.941148 0.864312 0.962929 0.941128 0.878833 0.888742 0.757695 0.873712 0.756583 0.579756 0.534555 0.466793 0.658499 0.842219 0.904698 0.936671 0.811898 0.657214 0.887992 0.848762 0.687372 0.699660 0.885103 0.947470 0.671147 0.806169 0.892045 0.958252 0.762949 0.847500 0.887255 0.901817 0.668068 0.787523 0.936514 0.984044 0.989528 0.981869 0.960819 0.925314 0.796804 0.918732 0.973492 0.976740 0.875934 0.950724 0.818965 0.975014 0.803641 0.763338 0.560312 0.510349 0.595055 0.608707 0.934666 0.893481 0.801937 0.824081 0.942544 0.947880 0.898778 0.888437 0.804917 0.875144 0.920896 0.800023 0.987574 0.772827 0.791537 0.823637 0.758567 0.542985 0.939930 0.769067 0.888601 0.719038 0.846987 0.979647 0.699003 0.713077 0.886022 0.838946 0.818332 0.908256 0.946338 0.938391 0.913637 0.933797 0.897799 0.993124 0.801308 0.936079 0.903332 0.998220 0.989869 0.963444 0.915477 0.933894 0.880803 0.890918 0.888076 0.979898
0.988021 0.934611 0.986456 0.946937 0.000000 0.942064 0.894110 0.922996 0.973104 0.983332 0.923454 0.903675 0.936309 0.905367 0.970634 0.892870 0.940547 0.979985 0.976866 0.883907 0.898050 0.860618 0.886352 0.922072 0.989766 0.934494 0.857410 0.944022 0.946248 0.937102 0.923724 0.914732 0.972865 0.916548 0.897954 0.958883 0.886210 0.962227 0.913649 0.883877 0.909243 0.926689 0.994990 0.980197 0.931448 0.914955 0.870264 0.973989 0.928945 0.877718 0.882728 0.847327 0.877384 0.853195 0.919741 0.913675 0.939309 0.914737 0.843862 0.839587 0.846318 0.770002 0.871376 0.860675 0.918767 0.837675 0.847910 0.865698 0.984086 0.898575 0.869346 0.784682 0.956956 0.867086 0.933087 0.875168 0.967207 0.997243 0.985668 0.999044 0.904616 0.923940 0.920680 0.984535 0.915155 0.910351 0.840134 0.873006 0.817389 0.878480 0.723802 0.926377 0.788153 0.931858 0.970736 0.999253 0.886564 0.905823 0.878490 0.818212 0.780133 0.988635 0.980155 0.889099 0.790618 0.988658 0.826822 0.958868 0.869627 0.837144 0.973099 0.898686 0.916024 0.929729 0.911660 0.923033
0.939753 0.988493 0.854330 0.888722 0.942064 0.000000 0.839199 0.980939 0.903981 0.935274 0.840985 0.832802 0.678979 0.854215 0.824978 0.611545 0.978788 0.975736 0.887410 0.953618 0.776453 0.851187 0.798363 0.769660 0.965928 0.849363 0.794400 0.619212 0.996967 0.986569 0.933022 0.925185 0.923345 0.885455 0.955901 0.921372 0.853461 0.834501 0.818191 0.871611 0.887701 0.986304 0.868635 0.906318 0.718782 0.730569 0.839382 0.923859 0.806837 0.846852 0.757640 0.821470 0.804873 0.825020 0.850746 0.842339 0.947602 0.990044 0.957569 0.988489 0.920194 0.934857 0.979399 0.986601 0.996654 0.990742 0.955155 0.922426 0.942013 0.872952 0.979310 0.911649 0.955423 0.855573 0.804910 0.914353 0.992639 0.864718 0.999940 0.901751 0.960833 0.887500 0.870421 0.985653 0.936912 0.923478 0.843978 0.769930 0.950017 0.981917 0.900125 0.875154 0.926078 0.833742 0.955168 0.897127 0.952370 0.986950 0.920940 0.999681 0.882470 0.954301 0.967822 0.988652 0.846028 0.992345 0.773524 0.936982 0.884990 0.938598 0.868032 0.949031 0.960148 0.776030 0.883799 0.945364
0.610247 0.718151 0.544411 0.740239 0.894110 0.839199 0.000000 0.408373 0.665349 0.604089 0.548234 0.838069 0.727511 0.959276 0.974629 0.976317 0.747076 0.674289 0.670000 0.692110 0.889499 0.923851 0.606832 0.934903 0.859435 0.911028 0.986338 0.980507 0.719668 0.778889 0.558140 0.747141 0.463165 0.468673 0.765097 0.723055 0.814605 0.990692 0.988157 0.945227 0.838745 0.820481 0.779020 0.766795 0.659216 0.733034 0.800523 0.721025 0.787554 0.813723 0.842589 0.903331 0.868075 0.949664 0.909552 0.870763 0.637605 0.609357 0.449405 0.504097 0.523208 0.669536 0.571449 0.587851 0.935679 0.926993 0.468064 0.571829 0.652003 0.672018 0.614247 0.559058 0.918649 0.905115 0.995411 0.971439 0.687945 0.803976 0.767787 0.732838 0.732722 0.826537 0.975266 0.888259 0.983396 0.961397 0.889764 0.890029 0.760465 0.696042 0.552618 0.586921 0.541710 0.582676 0.738031 0.919165 0.612216 0.811676 0.475346 0.506523 0.628675 0.629459 0.543317 0.542032 0.566731 0.705758 0.832044 0.805566 0.994812 0.902911 0.788383 0.796297 0.841575 0.865916 0.993720 0.870066
0.498238 0.466109 0.741853 0.684748 0.922996 0.980939 0.408373 0.000000 0.836142 0.501486 0.530762 0.653291 0.778147 0.734306 0.890331 0.915781 0.484397 0.477683 0.473842 0.454274 0.972255 0.961382 0.560195 0.911113 0.796994 0.917472 0.969893 0.914569 0.487151 0.536670 0.550627 0.534168 0.470469 0.436865 0.920718 0.793612 0.788811 0.984066 0.921939 0.963396 0.839049 0.725631 0.657612 0.659793 0.566674 0.587863 0.662659 0.650493 0.572296 0.649360 0.748063 0.771419 0.807935 0.979258 0.853628 0.768602 0.418835 0.409510 0.593564 0.547477 0.790253 0.691612 0.511116 0.500864 0.900382 0.954897 0.718566 0.727318 0.567525 0.556675 0.525253 0.602879 0.855219 0.951736 0.939800 0.905268 0.539819 0.690358 0.629542 0.566352 0.518942 0.605623 0.762758 0.742021 0.988554 0.878422 0.895780 0.844003 0.853367 0.777094 0.628821 0.698947 0.664264 0.838985 0.681257 0.836384 0.634737 0.748963 0.456931 0.417006 0.673127 0.709716 0.507794 0.503520 0.592502 0.646954 0.850513 0.861002 0.933939 0.957457 0.680190 0.659663 0.506939 0.659761 0.906053 0.827380
0.876993 0.946538 0.963733 0.827105 0.973104 0.903981 0.665349 0.836142 0.000000 0.630276 0.674368 0.899759 0.678639 0.861037 0.957190 0.876329 0.982130 0.920115 0.991611 0.964294 0.956852 0.928547 0.912066 0.661267 0.698514 0.768978 0.833323 0.978023 0.950142 0.915564 0.990905 0.806966 0.983978 0.900709 0.887700 0.947362 0.843889 0.958148 0.866566 0.910378 0.970059 0.996835 0.866845 0.973595 0.931504 0.891243 0.888424 0.989460 0.809302 0.806098 0.842167 0.875932 0.853640 0.928447 0.841988 0.990177 0.954223 0.919498 0.513123 0.676086 0.623475 0.738697 0.769144 0.789482 0.811439 0.796655 0.953363 0.947322 0.883656 0.788033 0.957238 0.997833 0.760585 0.828132 0.912325 0.951776 0.991340 0.969909 0.986283 0.949766 0.945167 0.792033 0.725702 0.801934 0.788461 0.673719 0.927901 0.780982 0.750297 0.965724 0.867647 0.892934 0.970882 0.814232 0.974298 0.925324 0.996520 0.939961 0.783595 0.803767 0.952011 0.836606 0.689993 0.774000 0.944845 0.996364 0.970059 0.791728 0.862471 0.999624 0.897297 0.993768 0.949481 0.998672 0.747176 0.967435
0.547405 0.508601 0.839857 0.845987 0.983332 0.935274 0.604089 0.501486 0.630276 0.000000 0.550086 0.550167 0.571021 0.790299 0.708568 0.878697 0.565118 0.606618 0.476786 0.523617 0.877617 0.894590 0.659606 0.669658 0.415884 0.505058 0.755472 0.933590 0.477220 0.505335 0.773942 0.743138 0.597711 0.540042 0.684214 0.977941 0.957504 0.865835 0.736659 0.815031 0.982373 0.761617 0.859617 0.775480 0.746258 0.724255 0.868898 0.802770 0.488823 0.606073 0.761844 0.761907 0.817373 0.973158 0.928254 0.978534 0.548672 0.470163 0.488823 0.569815 0.788137 0.936926 0.437855 0.434700 0.451587 0.457866 0.830954 0.774243 0.578497 0.509418 0.713379 0.754205 0.945013 0.984378 0.840869 0.883768 0.665928 0.674688 0.529279 0.649221 0.573485 0.814796 0.995767 0.895544 0.751153 0.465536 0.791774 0.676336 0.872008 0.905712 0.776056 0.652221 0.955034 0.954538 0.840065 0.988193 0.841873 0.796141 0.497390 0.480005 0.819275 0.714473 0.472655 0.534979 0.925689 0.769755 0.880425 0.895692 0.846898 0.927866 0.837743 0.811632 0.630844 0.829323 0.979638 0.934369
0.344746 0.569974 0.908860 0.966337 0.923454 0.840985 0.548234 0.530762 0.674368 0.550086 0.000000 0.474720 0.399457 0.714516 0.725597 0.797568 0.561801 0.579355 0.596201 0.532693 0.914445 0.964770 0.616803 0.817884 0.682643 0.794862 0.899286 0.894472 0.521618 0.563718 0.767458 0.776270 0.562423 0.641404 0.836414 0.956379 0.799527 0.988819 0.930976 0.889663 0.691500 0.754412 0.859200 0.978965 0.985119 0.925754 0.995529 0.934685 0.807812 0.862282 0.991901 0.998898 0.990043 0.817673 0.917670 0.808637 0.599585 0.520367 0.479801 0.499806 0.474543 0.594737 0.434367 0.439548 0.847709 0.901072 0.904555 0.951865 0.429983 0.494309 0.664696 0.656694 0.827547 0.943420 0.785235 0.897933 0.715025 0.837148 0.792139 0.585214 0.494626 0.601823 0.944182 0.777047 0.944879 0.785687 0.908492 0.757866 0.721029 0.754404 0.875078 0.858887 0.876878 0.970482 0.847699 0.979176 0.879956 0.967825 0.643247 0.680792 0.818245 0.815522 0.568627 0.636538 0.732669 0.764546 0.973900 0.972117 0.953144 0.809435 0.984946 0.795840 0.722110 0.930942 0.961765 0.909119
0.305387 0.371921 0.838969 0.844375 0.903675 0.832802 0.838069 0.653291 0.899759 0.550167 0.474720 0.000000 0.395106 0.524824 0.470949 0.492458 0.384271 0.410051 0.496983 0.505102 0.961228 0.952012 0.475831 0.908512 0.720320 0.701652 0.935662 0.986719 0.372271 0.395341 0.928015 0.727247 0.605978 0.570994 0.757322 0.842544 0.834786 0.970388 0.878144 0.987947 0.754962 0.869443 0.992579 0.844123 0.987234 0.832591 0.851510 0.744139 0.681170 0.708339 0.860371 0.807191 0.896988 0.974201 0.777600 0.798958 0.464871 0.392921 0.642620 0.556565 0.634907 0.602192 0.340328 0.348002 0.817798 0.848961 0.821368 0.898673 0.443315 0.419358 0.752038 0.868720 0.793574 0.735554 0.727062 0.947935 0.772547 0.772096 0.581235 0.429404 0.308909 0.419676 0.701174 0.659730 0.720650 0.904950 0.915535 0.973754 0.851919 0.748268 0.892245 0.954014 0.839101 0.651748 0.792604 0.967315 0.994154 0.960981 0.809993 0.698647 0.971590 0.975602 0.736860 0.811853 0.781712 0.761713 0.996030 0.778975 0.990459 0.925756 0.940856 0.719778 0.609135 0.904954 0.931765 0.780891
0.429137 0.688181 0.983416 0.867629 0.936309 0.678979 0.727511 0.778147 0.678639 0.571021 0.399457 0.395106 0.000000 0.624481 0.566626 0.524219 0.692056 0.736432 0.669147 0.732854 0.938466 0.955729 0.545485 0.981636 0.714408 0.773564 0.989760 0.992902 0.583463 0.622046 0.976267 0.846138 0.719837 0.706860 0.683398 0.828639 0.860040 0.855280 0.961996 0.932554 0.774425 0.974531 0.744033 0.892829 0.767782 0.948834 0.978837 0.980438 0.895317 0.881588 0.963872 0.997706 0.971170 0.865874 0.871176 0.880459 0.791201 0.660151 0.565544 0.596491 0.481972 0.651367 0.490603 0.514572 0.859366 0.858722 0.846787 0.829560 0.512129 0.546105 0.852772 0.923030 0.866890 0.912965 0.838349 0.998266 0.896711 0.921605 0.726118 0.626575 0.592750 0.660331 0.945986 0.792330 0.854140 0.869857 0.918273 0.982834 0.687729 0.799783 0.854318 0.968995 0.780209 0.818421 0.900688 0.956914 0.985663 0.913807 0.889507 0.876949 0.984552 0.988654 0.778825 0.853148 0.922624 0.928944 0.894329 0.755191 0.925026 0.783661 0.842874 0.994875 0.864758 0.877672 0.982359 0.860576
0.545585 0.566166 0.975636 0.809572 0.905367 0.854215 0.959276 0.734306 0.861037 0.790299 0.714516 0.524824 0.624481 0.000000 0.432316 0.463026 0.626865 0.582827 0.494031 0.476860 0.872050 0.998795 0.485624 0.723317 0.989735 0.984837 0.923699 0.971821 0.562842 0.526718 0.865508 0.515594 0.754249 0.657717 0.776267 0.944916 0.872787 0.877982 0.821165 0.744915 0.835377 0.925536 0.901909 0.859002 0.868575 0.938960 0.665167 0.752080 0.870168 0.940712 0.946776 0.984795 0.966854 0.795454 0.686662 0.807734 0.675706 0.685353 0.962776 0.961915 0.977774 0.915613 0.789228 0.768110 0.960486 0.965769 0.762267 0.893922 0.550312 0.635791 0.975378 0.878015 0.776909 0.970985 0.880658 0.993223 0.699041 0.788270 0.698082 0.520925 0.512773 0.362805 0.563600 0.557044 0.608269 0.813728 0.898890 0.806540 0.981254 0.809679 0.708209 0.785218 0.735099 0.631405 0.749069 0.932049 0.982509 0.907519 0.956271 0.929620 0.819546 0.836111 0.914146 0.936295 0.931096 0.907088 0.787940 0.667662 0.900653 0.910774 0.841966 0.929858 0.758502 0.914541 0.904311 0.828375
0.522391 0.578641 0.860777 0.941148 0.970634 0.824978 0.974629 0.890331 0.957190 0.708568 0.725597 0.470949 0.566626 0.432316 0.000000 0.522630 0.611017 0.586824 0.544434 0.557042 0.974360 0.986708 0.599557 0.899938 0.829867 0.824482 0.945663 0.929098 0.565843 0.511411 0.899866 0.706439 0.790162 0.693547 0.707416 0.848385 0.896237 0.933170 0.978549 0.891702 0.758614 0.995103 0.974367 0.894136 0.823340 0.997856 0.829397 0.790850 0.844266 0.884603 0.961319 0.996277 0.937720 0.828100 0.830279 0.930581 0.710762 0.683802 0.847405 0.844258 0.910701 0.920121 0.706841 0.680481 0.853557 0.839093 0.716654 0.773871 0.440030 0.600012 0.994631 0.898640 0.844356 0.878211 0.885370 0.973801 0.838507 0.826645 0.544875 0.554275 0.528125 0.501432 0.697222 0.636553 0.741921 0.976289 0.967988 0.852716 0.868646 0.841891 0.734765 0.854734 0.656985 0.647702 0.833662 0.911814 0.966042 0.893039 0.997742 0.878015 0.870248 0.784081 0.857565 0.919762 0.925977 0.988838 0.963979 0.640657 0.997715 0.903434 0.734513 0.923889 0.896377 0.972087 0.860622 0.872709
0.643749 0.663767 0.992922 0.864312 0.892870 0.611545 0.976317 0.915781 0.876329 0.878697 0.797568 0.492458 0.524219 0.463026 0.522630 0.000000 0.663015 0.666607 0.591537 0.668875 0.846864 0.935465 0.496875 0.622915 0.886608 0.958665 0.861268 0.771587 0.671661 0.610837 0.996984 0.678137 0.796403 0.683460 0.798850 0.836852 0.957776 0.851940 0.864009 0.825243 0.955882 0.967384 0.905173 0.814405 0.812897 0.971558 0.816962 0.767549 0.961818 0.827045 0.966821 0.883422 0.965375 0.979391 0.724891 0.935031 0.778874 0.718054 0.952803 0.920826 0.939413 0.896280 0.758340 0.780945 0.927449 0.903776 0.798363 0.903847 0.679849 0.688013 0.916385 0.982502 0.801858 0.795704 0.874237 0.893991 0.870749 0.786450 0.708928 0.562524 0.626762 0.513118 0.765676 0.673218 0.649281 0.745718 0.825701 0.767663 0.990674 0.821300 0.771051 0.876641 0.765119 0.697827 0.860983 0.908093 0.983900 0.886924 0.954154 0.904245 0.830610 0.837776 0.982835 0.958025 0.880211 0.866113 0.840080 0.682306 0.890079 0.865677 0.785381 0.923031 0.805372 0.978595 0.886060 0.932160
0.371589 0.255147 0.873724 0.962929 0.940547 0.978788 0.747076 0.484397 0.982130 0.565118 0.561801 0.384271 0.692056 0.626865 0.611017 0.663015 0.000000 0.262108 0.414887 0.352078 0.900626 0.956327 0.526743 0.878433 0.749588 0.721919 0.947931 0.996630 0.322256 0.307391 0.667009 0.613051 0.486475 0.445775 0.879270 0.955768 0.822782 0.936573 0.859982 0.899801 0.771379 0.720325 0.647301 0.575899 0.666390 0.587031 0.655800 0.557271 0.498490 0.555738 0.696302 0.681708 0.769302 0.924979 0.771524 0.791269 0.277730 0.279987 0.681926 0.593067 0.828423 0.750501 0.379962 0.357657 0.796337 0.831138 0.964882 0.941587 0.518564 0.389932 0.573871 0.717343 0.776530 0.730115 0.819290 0.934229 0.611640 0.635106 0.488754 0.438888 0.284911 0.421631 0.644484 0.618088 0.813292 0.894201 0.837980 0.841283 0.893098 0.851388 0.900150 0.859828 0.935188 0.828912 0.720947 0.890287 0.877524 0.851607 0.605252 0.482931 0.869880 0.885223 0.576250 0.611574 0.705759 0.644930 0.899789 0.929211 0.979731 0.998970 0.920649 0.597861 0.535671 0.684531 0.872248 0.787974
0.346859 0.256595 0.967473 0.941128 0.979985 0.975736 0.674289 0.477683 0.920115 0.606618 0.579355 0.410051 0.736432 0.582827 0.586824 0.666607 0.262108 0.000000 0.387727 0.314414 0.959985 0.931007 0.446561 0.969154 0.841214 0.841535 0.958472 0.995816 0.334986 0.301772 0.607478 0.523454 0.432460 0.362597 0.965794 0.952922 0.740272 0.892050 0.959405 0.867566 0.702101 0.734936 0.613213 0.518476 0.639699 0.576275 0.616682 0.497533 0.550519 0.607643 0.726574 0.719874 0.765725 0.951679 0.726929 0.748528 0.245792 0.269333 0.710374 0.613899 0.832479 0.763498 0.391209 0.365277 0.875705 0.895810 0.939226 0.827562 0.480726 0.440728 0.576921 0.669741 0.707923 0.665667 0.886068 0.885360 0.562183 0.590665 0.518130 0.377142 0.260380 0.353303 0.553934 0.560301 0.734783 0.994743 0.827565 0.924698 0.932845 0.790332 0.857618 0.839232 0.851375 0.875225 0.646552 0.910378 0.844078 0.751158 0.590929 0.512616 0.954343 0.863328 0.587269 0.617984 0.637708 0.622219 0.900865 0.897043 0.963302 0.952803 0.871719 0.548896 0.509637 0.650364 0.914359 0.734156
0.426871 0.386722 0.939612 0.878833 0.976866 0.887410 0.670000 0.473842 0.991611 0.476786 0.596201 0.496983 0.669147 0.494031 0.544434 0.591537 0.414887 0.387727 0.000000 0.308757 0.952167 0.892111 0.456058 0.963826 0.785890 0.746813 0.962957 0.980761 0.363851 0.362098 0.646172 0.477478 0.481574 0.385536 0.743346 0.910350 0.826009 0.996433 0.951056 0.971727 0.879440 0.713515 0.704476 0.654043 0.808402 0.722225 0.639985 0.611053 0.582542 0.653981 0.840316 0.814021 0.918494 0.923561 0.901421 0.894308 0.391160 0.419486 0.701821 0.698979 0.971623 0.983179 0.522716 0.529262 0.731141 0.735798 0.904090 0.880793 0.488410 0.457120 0.676030 0.787503 0.844660 0.857171 0.860303 0.928049 0.632028 0.601026 0.564196 0.469211 0.434639 0.472463 0.743223 0.735751 0.919560 0.845226 0.762673 0.940004 0.988663 0.941843 0.922192 0.782870 0.998219 0.878566 0.872831 0.799516 0.923395 0.772426 0.619332 0.520805 0.917559 0.897301 0.585154 0.589375 0.821702 0.783099 0.975502 0.876881 0.963477 0.992764 0.934815 0.715393 0.487002 0.700854 0.940951 0.809762
0.394315 0.351534 0.978678 0.888742 0.883907 0.953618 0.692110 0.454274 0.964294 0.523617 0.532693 0.505102 0.732854 0.476860 0.557042 0.668875 0.352078 0.314414 0.308757 0.000000 0.961617 0.887247 0.469900 0.980142 0.754744 0.762692 0.850523 0.997593 0.365990 0.303470 0.621255 0.453218 0.514550 0.408998 0.814681 0.965956 0.805413 0.980570 0.971633 0.942779 0.797830 0.684573 0.711029 0.664712 0.803979 0.772905 0.711298 0.632377 0.659505 0.743125 0.932621 0.923426 0.947906 0.853280 0.886470 0.921159 0.338102 0.377451 0.743948 0.713087 0.956218 0.943242 0.546101 0.491732 0.742325 0.772177 0.924088 0.979867 0.487814 0.475658 0.642065 0.760223 0.795326 0.919234 0.844008 0.890775 0.539873 0.599505 0.544475 0.452951 0.375944 0.421103 0.732181 0.658680 0.934911 0.846278 0.758291 0.808289 0.949444 0.905878 0.930303 0.788917 0.924320 0.882816 0.722926 0.872443 0.881541 0.757774 0.621858 0.528765 0.921967 0.856650 0.552388 0.573050 0.782616 0.714826 0.993336 0.953533 0.960478 0.921004 0.919862 0.682359 0.552995 0.677128 0.955645 0.817078
0.992830 0.903546 0.747999 0.757695 0.898050 0.776453 0.889499 0.972255 0.956852 0.877617 0.914445 0.961228 0.938466 0.872050 0.974360 0.846864 0.900626 0.959985 0.952167 0.961617 0.000000 0.941570 0.833688 0.716070 0.683046 0.696999 0.735698 0.816439 0.842174 0.874499 0.969828 0.890641 0.994862 0.941820 0.828093 0.956250 0.974758 0.994327 0.651821 0.856995 0.988511 0.871077 0.997309 0.986322 0.930501 0.923486 0.813070 0.953414 0.833984 0.854546 0.865382 0.828338 0.854001 0.770266 0.892742 0.975265 0.997770 0.912801 0.963153 0.958380 0.996912 0.980502 0.905816 0.853897 0.699548 0.754432 0.825004 0.881585 0.972932 0.994453 0.947069 0.926909 0.957287 0.939907 0.966902 0.908604 0.903749 0.839391 0.960304 0.963538 0.946802 0.883302 0.933096 0.813662 0.791194 0.699822 0.903785 0.793908 0.994282 0.876079 0.903550 0.856472 0.955882 0.941963 0.988607 0.767189 0.997429 0.831808 0.810060 0.872759 0.950357 0.806421 0.867413 0.851575 0.866626 0.795306 0.780581 0.848504 0.871898 0.887219 0.839195 0.783859 0.861120 0.904558 0.994255 0.846639
0.967965 0.965024 0.947291 0.873712 0.860618 0.851187 0.923851 0.961382 0.928547 0.894590 0.964770 0.952012 0.955729 0.998795 0.986708 0.935465 0.956327 0.931007 0.892111 0.887247 0.941570 0.000000 0.989720 0.930104 0.955049 0.982242 0.837598 0.815770 0.975612 0.940610 0.853422 0.890586 0.959880 0.907802 0.919668 0.858028 0.927241 0.731802 0.997972 0.974938 0.883607 0.815107 0.896106 0.928663 0.951256 0.950949 0.917119 0.951043 0.959068 0.994752 0.957848 0.990840 0.991540 0.961615 0.891378 0.768575 0.960459 0.998258 0.956024 0.870168 0.863809 0.795486 0.998359 0.986028 0.869907 0.899439 0.994349 0.954547 0.929704 0.988634 0.868210 0.838848 0.938534 0.851590 0.899921 0.892624 0.982102 0.848469 0.922825 0.986504 0.966289 0.995423 0.933671 0.828567 0.837738 0.912425 0.930314 0.774244 0.965330 0.919462 0.771197 0.777705 0.860231 0.798926 0.966793 0.980750 0.952452 0.757730 0.883920 0.852940 0.921196 0.879670 0.693727 0.693306 0.942016 0.983648 0.989526 0.920928 0.993244 0.954410 0.922304 0.897892 0.967530 0.912106 0.929015 0.790069
0.446832 0.503426 0.833367 0.756583 0.886352 0.798363 0.606832 0.560195 0.912066 0.659606 0.616803 0.475831 0.545485 0.485624 0.599557 0.496875 0.526743 0.446561 0.456058 0.469900 0.833688 0.989720 0.000000 0.756224 0.916400 0.966073 0.913008 0.934638 0.499851 0.455798 0.643607 0.465879 0.481828 0.448779 0.926367 0.956026 0.841396 0.886531 0.947048 0.941445 0.877717 0.822168 0.799682 0.725028 0.899882 0.807209 0.694597 0.657839 0.765549 0.774361 0.888879 0.854981 0.891521 0.962424 0.753980 0.868610 0.481183 0.481195 0.759604 0.671429 0.761136 0.816142 0.521342 0.527516 0.990223 0.982886 0.957658 0.905065 0.545241 0.561930 0.664355 0.752801 0.752356 0.748474 0.959755 0.911921 0.671757 0.721960 0.550830 0.435635 0.435412 0.441270 0.676140 0.654854 0.695769 0.899398 0.876288 0.911644 0.989080 0.757962 0.935016 0.892039 0.919053 0.824582 0.709727 0.905562 0.842069 0.877811 0.745583 0.682576 0.979059 0.992894 0.730059 0.716178 0.753716 0.779012 0.953675 0.785347 0.984357 0.848439 0.959834 0.847693 0.615615 0.917588 0.864082 0.707215
0.846701 0.884447 0.685282 0.579756 0.922072 0.769660 0.934903 0.911113 0.661267 0.669658 0.817884 0.908512 0.981636 0.723317 0.899938 0.622915 0.878433 0.969154 0.963826 0.980142 0.716070 0.930104 0.756224 0.000000 0.523601 0.530056 0.691077 0.839114 0.795967 0.939155 0.936554 0.786053 0.941671 0.956250 0.847126 0.989546 0.936521 0.828004 0.557968 0.798330 0.994719 0.814402 0.954035 0.996425 0.792615 0.838113 0.901433 0.959876 0.731044 0.790197 0.774652 0.775016 0.786546 0.838055 0.861526 0.923815 0.852389 0.809347 0.610305 0.684555 0.780293 0.880923 0.682169 0.690126 0.583526 0.562250 0.929336 0.843704 0.894800 0.835858 0.937041 0.914449 0.919436 0.957137 0.874862 0.982756 0.943631 0.954623 0.956882 0.945032 0.940206 0.781140 0.819134 0.709945 0.656547 0.479753 0.950005 0.561014 0.922128 0.881142 0.922466 0.868153 0.981376 0.963011 0.896959 0.975599 0.926065 0.925660 0.708805 0.804206 0.847491 0.737809 0.684379 0.657434 0.961865 0.925996 0.777303 0.779581 0.913303 0.988787 0.807059 0.813591 0.874804 0.839411 0.717737 0.968237
0.716272 0.725221 0.629371 0.534555 0.989766 0.965928 0.859435 0.796994 0.698514 0.415884 0.682643 0.720320 0.714408 0.989735 0.829867 0.886608 0.749588 0.841214 0.785890 0.754744 0.683046 0.955049 0.916400 0.523601 0.000000 0.351775 0.573320 0.827200 0.638495 0.666184 0.966293 0.990870 0.887552 0.850485 0.601439 0.899196 0.999198 0.888460 0.582641 0.636001 0.963170 0.866606 0.886810 0.940695 0.985747 0.980658 0.780395 0.874983 0.748910 0.866494 0.990654 0.943345 0.981133 0.995231 0.752203 0.867102 0.744603 0.663598 0.635647 0.724668 0.779089 0.989256 0.616636 0.544871 0.335796 0.353457 0.705835 0.657492 0.806443 0.686061 0.815018 0.848400 0.940015 0.940131 0.886497 0.858004 0.915674 0.787133 0.775033 0.965768 0.794038 0.916004 0.816230 0.906452 0.546541 0.316067 0.851741 0.622982 0.930830 0.701413 0.814145 0.679286 0.975630 0.928108 0.865713 0.995023 0.951815 0.867445 0.580301 0.681818 0.848105 0.743541 0.562825 0.599671 0.979494 0.867210 0.868969 0.837486 0.812234 0.861915 0.919063 0.787148 0.802222 0.980611 0.970854 0.920856
0.731666 0.714308 0.478239 0.466793 0.934494 0.849363 0.911028 0.917472 0.768978 0.505058 0.794862 0.701652 0.773564 0.984837 0.824482 0.958665 0.721919 0.841535 0.746813 0.762692 0.696999 0.982242 0.966073 0.530056 0.351775 0.000000 0.612698 0.790655 0.677210 0.693982 0.892421 0.944218 0.995517 0.956336 0.550288 0.860224 0.983664 0.901934 0.575169 0.712473 0.991189 0.968949 0.880068 0.907457 0.976220 0.985927 0.845809 0.949366 0.746172 0.838397 0.970924 0.919480 0.992911 0.993703 0.758923 0.843950 0.755033 0.666381 0.746341 0.774647 0.924530 0.961864 0.676439 0.596855 0.336103 0.342512 0.529570 0.536640 0.886211 0.771016 0.916098 0.979205 0.842718 0.863784 0.860186 0.826583 0.937002 0.836967 0.831657 0.981595 0.818803 0.924430 0.837439 0.908047 0.601698 0.325274 0.912217 0.615500 0.987028 0.674505 0.983981 0.891113 0.790815 0.734814 0.924478 0.985312 0.875224 0.962366 0.695622 0.770526 0.923579 0.920212 0.707864 0.735816 0.871324 0.908143 0.899128 0.921252 0.808544 0.990569 0.968930 0.805468 0.816610 0.956297 0.915328 0.983674
0.936662 0.923051 0.770105 0.658499 0.857410 0.794400 0.986338 0.969893 0.833323 0.755472 0.899286 0.935662 0.989760 0.923699 0.945663 0.861268 0.947931 0.958472 0.962957 0.850523 0.735698 0.837598 0.913008 0.691077 0.573320 0.612698 0.000000 0.756037 0.900422 0.823330 0.937855 0.965626 0.939715 0.953706 0.861689 0.996041 0.910030 0.958131 0.700041 0.822451 0.973488 0.882774 0.898202 0.937166 0.974254 0.898682 0.753322 0.897918 0.921457 0.960122 0.932926 0.964506 0.975500 0.958642 0.778870 0.794475 0.926855 0.893059 0.926167 0.975642 0.935606 0.957886 0.889399 0.825207 0.593632 0.633780 0.798512 0.830614 0.900558 0.986846 0.911215 0.880863 0.937889 0.968863 0.933345 0.903111 0.937121 0.896059 0.997376 0.963064 0.980610 0.836554 0.793960 0.862271 0.606391 0.565999 0.902191 0.591210 0.921706 0.749391 0.917021 0.885508 0.942740 0.902546 0.886300 0.932101 0.967520 0.871339 0.809937 0.905793 0.875507 0.874517 0.702365 0.761174 0.959070 0.895683 0.827057 0.807996 0.756039 0.904687 0.858074 0.898900 0.983722 0.904429 0.944350 0.958030
0.899766 0.994897 0.898188 0.842219 0.944022 0.619212 0.980507 0.914569 0.978023 0.933590 0.894472 0.986719 0.992902 0.971821 0.929098 0.771587 0.996630 0.995816 0.980761 0.997593 0.816439 0.815770 0.934638 0.839114 0.827200 0.790655 0.756037 0.000000 0.904503 0.989688 0.991164 0.932091 0.954972 0.971316 0.888763 0.966991 0.963868 0.959827 0.750587 0.978420 0.865688 0.840130 0.900642 0.883797 0.979749 0.984821 0.858936 0.995628 0.972394 0.987375 0.997819 0.981956 0.993471 0.973420 0.950789 0.885292 0.941571 0.933398 0.998452 0.858760 0.885317 0.862770 0.959783 0.891434 0.938002 0.953180 0.927643 0.965859 0.971175 0.945647 0.975116 0.910626 0.975391 0.792016 0.886045 0.992958 0.903406 0.975634 0.916687 0.955413 0.977658 0.970082 0.983657 0.866906 0.933477 0.852181 0.835502 0.952866 0.880391 0.917988 0.970116 0.855977 0.995891 0.826937 0.777045 0.840827 0.985220 0.871692 0.935496 0.972522 0.886094 0.956609 0.891819 0.948442 0.992620 0.952976 0.893282 0.993862 0.873980 0.779168 0.953969 0.893744 0.971101 0.911148 0.881997 0.888119
0.333016 0.307749 0.826424 0.904698 0.946248 0.996967 0.719668 0.487151 0.950142 0.477220 0.521618 0.372271 0.583463 0.562842 0.565843 0.671661 0.322256 0.334986 0.363851 0.365990 0.842174 0.975612 0.499851 0.795967 0.638495 0.677210 0.900422 0.904503 0.000000 0.281045 0.635504 0.594526 0.496260 0.398056 0.806262 0.919933 0.693644 0.988096 0.831369 0.990454 0.732568 0.696284 0.744268 0.631755 0.753633 0.658199 0.736880 0.599086 0.523005 0.592257 0.755892 0.740965 0.841381 0.966403 0.769706 0.745835 0.346804 0.334253 0.623022 0.580055 0.771935 0.760836 0.371244 0.339806 0.697623 0.720143 0.889035 0.968338 0.449734 0.355494 0.640107 0.831670 0.714981 0.716512 0.880135 0.903859 0.594615 0.641259 0.530765 0.489877 0.312719 0.433814 0.683964 0.648817 0.865372 0.833778 0.785867 0.879130 0.861251 0.849006 0.961911 0.825568 0.944808 0.800233 0.725191 0.886901 0.903636 0.838679 0.588701 0.546002 0.903509 0.783321 0.550632 0.589798 0.792057 0.761274 0.947408 0.904311 0.963893 0.865431 0.874846 0.568374 0.482545 0.658562 0.938624 0.771060
0.383070 0.315785 0.828682 0.936671 0.937102 0.986569 0.778889 0.536670 0.915564 0.505335 0.563718 0.395341 0.622046 0.526718 0.511411 0.610837 0.307391 0.301772 0.362098 0.303470 0.874499 0.940610 0.455798 0.939155 0.666184 0.693982 0.823330 0.989688 0.281045 0.000000 0.606739 0.505895 0.479854 0.390143 0.782884 0.950768 0.749264 0.996722 0.903432 0.932441 0.779205 0.696298 0.697689 0.604086 0.789629 0.710274 0.742705 0.608457 0.601819 0.643850 0.800211 0.761966 0.853652 0.951167 0.829755 0.883997 0.351974 0.344355 0.760416 0.690891 0.856778 0.878294 0.416647 0.374595 0.677328 0.710436 0.832112 0.946117 0.437764 0.416466 0.640860 0.781480 0.646710 0.663283 0.938823 0.868087 0.597402 0.571759 0.438174 0.444522 0.320675 0.420095 0.659703 0.649003 0.911866 0.830719 0.739811 0.844510 0.983918 0.947685 0.965212 0.816449 0.949970 0.741484 0.680028 0.900020 0.885046 0.765156 0.624305 0.539101 0.908382 0.838750 0.553702 0.609103 0.849694 0.688362 0.909044 0.945921 0.950855 0.866441 0.902044 0.593490 0.515078 0.632503 0.981788 0.822542
0.724080 0.728066 0.818004 0.811898 0.923724 0.933022 0.558140 0.550627 0.990905 0.773942 0.767458 0.928015 0.976267 0.865508 0.899866 0.996984 0.667009 0.607478 0.646172 0.621255 0.969828 0.853422 0.643607 0.936554 0.966293 0.892421 0.937855 0.991164 0.635504 0.606739 0.000000 0.607489 0.511909 0.429258 0.861298 0.940879 0.808418 0.963481 0.990546 0.774946 0.859582 0.801149 0.591301 0.581369 0.557263 0.595961 0.679550 0.652646 0.691066 0.732767 0.713325 0.752908 0.753145 0.863281 0.835733 0.943199 0.656976 0.693571 0.759955 0.788477 0.890386 0.986897 0.684300 0.708840 0.950357 0.922552 0.769361 0.727592 0.702303 0.750794 0.697647 0.744851 0.667779 0.776384 0.865887 0.979355 0.678104 0.840310 0.671764 0.659531 0.737649 0.775167 0.720552 0.823125 0.992539 0.987921 0.840405 0.888258 0.926163 0.882404 0.795335 0.794890 0.838023 0.976405 0.742912 0.986941 0.841949 0.890845 0.601330 0.655395 0.857096 0.744520 0.602134 0.584779 0.815431 0.819391 0.810990 0.924088 0.934188 0.978720 0.700077 0.813322 0.687165 0.658308 0.949395 0.822926
0.647331 0.590252 0.863885 0.657214 0.914732 0.925185 0.747141 0.534168 0.806966 0.743138 0.776270 0.727247 0.846138 0.515594 0.706439 0.678137 0.613051 0.523454 0.477478 0.453218 0.890641 0.890586 0.465879 0.786053 0.990870 0.944218 0.965626 0.932091 0.594526 0.505895 0.607489 0.000000 0.579376 0.512476 0.923435 0.936526 0.754909 0.882844 0.943761 0.828411 0.928694 0.711917 0.676145 0.676497 0.816747 0.800433 0.601996 0.724405 0.781662 0.892397 0.959270 0.950161 0.974592 0.885854 0.750099 0.888628 0.575558 0.639959 0.973701 0.952412 0.915714 0.972190 0.742130 0.763790 0.975826 0.962110 0.988803 0.957239 0.648077 0.658415 0.773462 0.794881 0.764006 0.837274 0.977327 0.938286 0.703889 0.768001 0.607831 0.599006 0.566841 0.501097 0.660600 0.664241 0.827840 0.906859 0.818408 0.916628 0.992663 0.919722 0.922337 0.841320 0.919029 0.942668 0.816342 0.923134 0.868100 0.819690 0.796580 0.748413 0.966826 0.928527 0.708211 0.676526 0.844513 0.752171 0.922039 0.926248 0.908716 0.830718 0.833199 0.754917 0.596830 0.741633 0.991086 0.862385
0.471006 0.481053 0.821846 0.887992 0.972865 0.923345 0.463165 0.470469 0.983978 0.597711 0.562423 0.605978 0.719837 0.754249 0.790162 0.796403 0.486475 0.432460 0.481574 0.514550 0.994862 0.959880 0.481828 0.941671 0.887552 0.995517 0.939715 0.954972 0.496260 0.479854 0.511909 0.579376 0.000000 0.353464 0.954139 0.797931 0.782441 0.897614 0.977937 0.940081 0.834768 0.715312 0.646014 0.613744 0.589428 0.595498 0.593935 0.595860 0.583936 0.666739 0.721708 0.751071 0.809661 0.983898 0.678782 0.718746 0.456611 0.439664 0.574554 0.572134 0.656837 0.719710 0.417868 0.461594 0.986854 0.962050 0.711710 0.697860 0.506615 0.513715 0.634142 0.686255 0.715403 0.640766 0.953269 0.968957 0.645540 0.766375 0.650561 0.587123 0.460934 0.549965 0.710694 0.761170 0.779977 0.989109 0.826435 0.860197 0.827609 0.700798 0.767887 0.716361 0.747916 0.961455 0.816120 0.985088 0.777455 0.712436 0.527007 0.498201 0.771724 0.724586 0.563128 0.590059 0.601900 0.642320 0.862572 0.942026 0.899958 0.901659 0.804521 0.670884 0.614664 0.737395 0.926187 0.869440
0.452261 0.413563 0.870087 0.848762 0.916548 0.885455 0.468673 0.436865 0.900709 0.540042 0.641404 0.570994 0.706860 0.657717 0.693547 0.683460 0.445775 0.362597 0.385536 0.408998 0.941820 0.907802 0.448779 0.956250 0.850485 0.956336 0.953706 0.971316 0.398056 0.390143 0.429258 0.512476 0.353464 0.000000 0.989525 0.905406 0.704692 0.953030 0.978616 0.889903 0.812892 0.767377 0.564173 0.480106 0.603337 0.555434 0.586920 0.463099 0.551632 0.563056 0.668386 0.697135 0.761505 0.927535 0.727630 0.782723 0.404107 0.399781 0.596811 0.597392 0.773564 0.821984 0.434508 0.460728 0.902577 0.875701 0.837228 0.771960 0.532330 0.477900 0.674244 0.700260 0.748764 0.730190 0.978239 0.878778 0.625176 0.629346 0.566151 0.462334 0.448267 0.522787 0.648613 0.673466 0.820346 0.998160 0.712911 0.931330 0.899358 0.808054 0.839252 0.733626 0.881494 0.975633 0.625371 0.917059 0.837015 0.723326 0.534145 0.476275 0.900493 0.740067 0.516899 0.553997 0.655671 0.619462 0.895132 0.964581 0.980694 0.889800 0.815058 0.649637 0.569577 0.639203 0.947276 0.755111
0.849941 0.866475 0.656028 0.687372 0.897954 0.955901 0.765097 0.920718 0.887700 0.684214 0.836414 0.757322 0.683398 0.776267 0.707416 0.798850 0.879270 0.965794 0.743346 0.814681 0.828093 0.919668 0.926367 0.847126 0.601439 0.550288 0.861689 0.888763 0.806262 0.782884 0.861298 0.923435 0.954139 0.989525 0.000000 0.743552 0.875379 0.827313 0.779420 0.931491 0.969120 0.940677 0.798924 0.876800 0.738504 0.882311 0.913120 0.869627 0.885773 0.966020 0.932368 0.990867 0.980243 0.938148 0.879749 0.912031 0.976469 0.914185 0.976754 0.970866 0.920566 0.795395 0.890119 0.881333 0.582488 0.544983 0.451616 0.413737 0.885166 0.789817 0.891769 0.855050 0.934933 0.897733 0.779695 0.919241 0.944413 0.937619 0.886169 0.937916 0.910457 0.957155 0.944288 0.997912 0.826744 0.666304 0.869144 0.881299 0.947943 0.671924 0.675907 0.935317 0.626959 0.631858 0.888332 0.961558 0.758525 0.947944 0.925828 0.941765 0.852495 0.901372 0.914738 0.959411 0.689433 0.890148 0.883041 0.799378 0.997258 0.931254 0.866734 0.846534 0.879760 0.900360 0.956170 0.955603
0.959473 0.955789 0.768860 0.699660 0.958883 0.921372 0.723055 0.793612 0.947362 0.977941 0.956379 0.842544 0.828639 0.944916 0.848385 0.836852 0.955768 0.952922 0.910350 0.965956 0.956250 0.858028 0.956026 0.989546 0.899196 0.860224 0.996041 0.966991 0.919933 0.950768 0.940879 0.936526 0.797931 0.905406 0.743552 0.000000 0.786909 0.627462 0.940178 0.927821 0.993149 0.933771 0.816391 0.868526 0.701708 0.842511 0.794896 0.899941 0.903368 0.925443 0.919111 0.958681 0.927235 0.971057 0.987372 0.997516 0.916063 0.930318 0.948119 0.974788 0.988151 0.919003 0.989367 0.981921 0.831979 0.800771 0.592375 0.667107 0.920436 0.988204 0.770104 0.844062 0.935585 0.966526 0.974688 0.747029 0.835500 0.834343 0.954867 0.926374 0.989771 0.982284 0.992021 0.933605 0.989934 0.906716 0.928769 0.924906 0.949536 0.816276 0.688400 0.754263 0.619933 0.663618 0.964781 0.837651 0.885237 0.719118 0.751073 0.662803 0.870664 0.770599 0.902887 0.748602 0.806121 0.873898 0.987954 0.742667 0.951563 0.974893 0.792661 0.815174 0.815237 0.803728 0.862600 0.844226
0.693661 0.729829 0.905780 0.885103 0.886210 0.853461 0.814605 0.788811 0.843889 0.957504 0.799527 0.834786 0.860040 0.872787 0.896237 0.957776 0.822782 0.740272 0.826009 0.805413 0.974758 0.927241 0.841396 0.936521 0.999198 0.983664 0.910030 0.963868 0.693644 0.749264 0.808418 0.754909 0.782441 0.704692 0.875379 0.786909 0.000000 0.704849 0.865080 0.890808 0.680861 0.852885 0.909452 0.768878 0.815097 0.798178 0.753368 0.683208 0.831075 0.836219 0.865908 0.909844 0.951519 0.994617 0.717357 0.785916 0.771249 0.785851 0.817436 0.826326 0.799878 0.700570 0.772584 0.784083 0.876534 0.909918 0.856047 0.824614 0.696904 0.715983 0.884680 0.953707 0.987162 0.835217 0.996432 0.856205 0.854455 0.938965 0.887212 0.818363 0.767368 0.735608 0.860717 0.917193 0.788375 0.885017 0.972352 0.975674 0.834048 0.706312 0.938194 0.975027 0.918177 0.964148 0.926887 0.915772 0.979108 0.855495 0.828127 0.854973 0.926908 0.945243 0.764769 0.820369 0.939262 0.925408 0.997168 0.990655 0.899903 0.799375 0.788309 0.685488 0.862505 0.753168 0.821900 0.987683
0.907086 0.879858 0.914455 0.947470 0.962227 0.834501 0.990692 0.984066 0.958148 0.865835 0.988819 0.970388 0.855280 0.877982 0.933170 0.851940 0.936573 0.892050 0.996433 0.980570 0.994327 0.731802 0.886531 0.828004 0.888460 0.901934 0.958131 0.959827 0.988096 0.996722 0.963481 0.882844 0.897614 0.953030 0.827313 0.627462 0.704849 0.000000 0.853397 0.932308 0.919220 0.845471 0.938388 0.885934 0.815969 0.874169 0.861625 0.825475 0.938061 0.875268 0.849028 0.885542 0.857114 0.918522 0.924715 0.857167 0.868034 0.922568 0.933488 0.947931 0.936023 0.841075 0.917800 0.950122 0.848596 0.826237 0.770538 0.784242 0.851406 0.920848 0.852179 0.937868 0.942092 0.904445 0.989435 0.929729 0.928954 0.984797 0.938843 0.979203 0.891687 0.908296 0.961181 0.879662 0.871830 0.879231 0.957230 0.800140 0.957096 0.826269 0.990474 0.924370 0.894753 0.819052 0.981428 0.862296 0.999958 0.829151 0.962106 0.859160 0.920653 0.955427 0.889505 0.846271 0.910665 0.986879 0.887247 0.926650 0.955083 0.951409 0.871841 0.810857 0.937939 0.767703 0.889108 0.956780
