0.000000 0.264127 0.637438 0.900660 0.807327 0.760022 0.771132 0.670256 0.775273 0.850577 0.498564 0.346702 0.776518 0.596198 0.913096 0.786188 0.432013 0.400032 0.524182 0.344641 0.766844 0.903157 0.657304 0.941776 0.799537 0.809060 0.976385 0.911504 0.465524 0.585914 0.872054 0.827598 0.862363 0.586584 0.831628 0.742508 0.852955 0.922729 0.979839 0.885788 0.868971 0.925984 0.900517 0.622772 0.959810 0.596740 0.664350 0.595040 0.295605 0.361959 0.360697 0.390529 0.509809 0.725011 0.648621 0.460318 0.354141 0.321176 0.292172 0.268331 0.769955 0.365966 0.522516 0.349845 0.744719 0.995243 0.752779 0.889546 0.474809 0.434136 0.975816 0.930138 0.641100 0.621213 0.897535 0.802410 0.582728 0.835251 0.850092 0.739726 0.414382 0.486887 0.833122 0.845514 0.886095 0.948027 0.719629 0.778713 0.989406 0.717698 0.770147 0.479012 0.631387 0.521768 0.921046 0.811779 0.755369 0.942847 0.811374 0.887302 0.685074 0.956190 0.615119 0.689456 0.849674 0.884306 0.837850 0.877620 0.948592 0.948974 0.837139 0.908006 0.636506 0.991187 0.913947 0.887381
0.264127 0.000000 0.609894 0.894835 0.773019 0.710527 0.698987 0.653241 0.708811 0.782864 0.558119 0.331633 0.846236 0.585156 0.923590 0.720385 0.403950 0.345731 0.459931 0.317119 0.736455 0.915104 0.694309 0.962236 0.821221 0.843588 0.978730 0.915904 0.462418 0.516409 0.962527 0.926712 0.804953 0.569128 0.816272 0.699130 0.881134 0.915025 0.989613 0.927326 0.914692 0.969813 0.888254 0.583202 0.929186 0.591390 0.621031 0.549565 0.321270 0.317706 0.356870 0.371836 0.532591 0.697122 0.590908 0.470459 0.283939 0.252310 0.361215 0.277274 0.860308 0.398060 0.498807 0.303128 0.708309 0.969332 0.681352 0.869178 0.480813 0.377618 0.869599 0.774440 0.608381 0.599195 0.797198 0.818206 0.534917 0.747870 0.791739 0.596388 0.323148 0.415690 0.822948 0.773036 0.951615 0.943988 0.677294 0.827421 0.907081 0.772516 0.733013 0.472618 0.568654 0.516508 0.863197 0.813057 0.763397 0.953201 0.844886 0.918601 0.646866 0.960404 0.603130 0.727100 0.835460 0.808357 0.843293 0.984073 0.935075 0.886357 0.830689 0.882689 0.688330 0.923231 0.973135 0.886295
0.637438 0.609894 0.000000 0.613306 0.662453 0.855844 0.459298 0.938714 0.680884 0.846404 0.721121 0.624881 0.792123 0.881754 0.596110 0.944711 0.771026 0.802719 0.833603 0.612970 0.785516 0.976136 0.494571 0.757460 0.600722 0.430742 0.888128 0.941802 0.662303 0.743331 0.596306 0.608459 0.711549 0.943287 0.628562 0.672678 0.797774 0.919255 0.926002 0.865549 0.990054 0.987734 0.668225 0.971141 0.674757 0.979052 0.990969 0.922161 0.620525 0.571079 0.707433 0.706284 0.791385 0.938610 0.746402 0.677776 0.596547 0.594050 0.640963 0.582612 0.752153 0.720187 0.869985 0.681606 0.351784 0.543048 0.495926 0.498279 0.664885 0.529179 0.970381 0.938988 0.837471 0.847382 0.980226 0.968539 0.744141 0.952475 0.882909 0.966063 0.835647 0.898468 0.870140 0.888013 0.588858 0.605671 0.780942 0.792300 0.757721 0.925395 0.572605 0.636624 0.560475 0.666517 0.951790 0.984830 0.942148 0.684349 0.950396 0.798394 0.980836 0.652770 0.889718 0.992998 0.884604 0.833676 0.874518 0.941911 0.976496 0.787094 0.802109 0.949181 0.938769 0.967431 0.722351 0.906855
0.900660 0.894835 0.613306 0.000000 0.800896 0.925760 0.666583 0.739189 0.926606 0.965654 0.992774 0.847177 0.633783 0.660188 0.626770 0.760696 0.848243 0.853636 0.841201 0.877587 0.975210 0.933484 0.638728 0.639513 0.881719 0.713159 0.870567 0.934596 0.969405 0.960481 0.869342 0.819961 0.676029 0.756249 0.901046 0.969955 0.881264 0.882409 0.927789 0.993300 0.865762 0.950196 0.908899 0.821317 0.805409 0.801202 0.906214 0.658901 0.941791 0.948507 0.819047 0.849886 0.805390 0.838049 0.927174 0.937336 0.931307 0.904016 0.888591 0.925789 0.596537 0.799606 0.898748 0.825833 0.538230 0.459849 0.843408 0.692852 0.946359 0.962962 0.894461 0.904608 0.902451 0.813806 0.850920 0.894727 0.840933 0.990392 0.749716 0.804173 0.806541 0.768133 0.628355 0.711396 0.518412 0.485752 0.803146 0.748478 0.660267 0.729615 0.809056 0.959669 0.952214 0.970250 0.990534 0.977152 0.883462 0.859893 0.888422 0.733417 0.944581 0.665091 0.945156 0.987161 0.815015 0.868917 0.847241 0.947270 0.998962 0.949089 0.788103 0.980278 0.953232 0.910374 0.854421 0.885338
0.807327 0.773019 0.662453 0.800896 0.000000 0.968072 0.630768 0.928735 0.671085 0.891975 0.891044 0.840681 0.811466 0.978127 0.732343 0.946529 0.735533 0.847064 0.831741 0.813408 0.780571 0.912156 0.658211 0.839594 0.974234 0.846421 0.926689 0.888412 0.915948 0.938704 0.923804 0.866387 0.885175 0.862949 0.842073 0.835360 0.901250 0.987976 0.916994 0.946551 0.918382 0.971810 0.882818 0.981560 0.792439 0.958679 0.998288 0.922418 0.806954 0.803235 0.837626 0.860867 0.869788 0.963634 0.638126 0.736438 0.789252 0.775486 0.793588 0.882299 0.764657 0.965699 0.977155 0.853285 0.668268 0.619007 0.730018 0.729048 0.796875 0.737387 0.827192 0.763050 0.946215 0.900170 0.996833 0.914707 0.835560 0.997789 0.926466 0.982900 0.876358 0.830080 0.894197 0.962718 0.674841 0.642149 0.725501 0.782968 0.804526 0.976685 0.673039 0.669797 0.743589 0.690205 0.896817 0.945903 0.911034 0.862234 0.961315 0.863478 0.970594 0.740679 0.854619 0.977536 0.769056 0.874245 0.966454 0.928224 0.902791 0.819696 0.884058 0.966984 0.896509 0.932089 0.951718 0.885094
0.760022 0.710527 0.855844 0.925760 0.968072 0.000000 0.986184 0.592059 0.903596 0.687975 0.809485 0.669829 0.777064 0.636142 0.818274 0.639955 0.873626 0.771527 0.766764 0.750183 0.831276 0.967538 0.980126 0.955016 0.725389 0.964537 0.964959 0.989368 0.608291 0.696266 0.858758 0.885754 0.787433 0.761623 0.929429 0.915383 0.878557 0.979902 0.921580 0.955563 0.856553 0.814720 0.867894 0.666124 0.949661 0.723011 0.883745 0.826630 0.696571 0.692334 0.719806 0.658253 0.870233 0.685479 0.950047 0.891655 0.829112 0.805639 0.860048 0.693865 0.821100 0.638704 0.724225 0.673588 0.935347 0.819264 0.969856 0.948583 0.934729 0.889746 0.948948 0.907087 0.890686 0.956824 0.764518 0.793015 0.739148 0.715045 0.980226 0.879635 0.808603 0.840204 0.889600 0.858693 0.946745 0.914131 0.924180 0.889090 0.847812 0.951150 0.876011 0.926193 0.994505 0.944085 0.878383 0.937472 0.863119 0.877975 0.822476 0.792857 0.669018 0.887501 0.899613 0.879111 0.854667 0.937491 0.954747 0.792408 0.877398 0.734696 0.906352 0.960858 0.982251 0.911986 0.956432 0.911249
0.771132 0.698987 0.459298 0.666583 0.630768 0.986184 0.000000 0.574294 0.404459 0.744844 0.858258 0.947976 0.579438 0.968405 0.599890 0.963789 0.992453 0.992603 0.957636 0.788840 0.939329 0.844326 0.682986 0.984321 0.911699 0.799405 0.861514 0.858927 0.999792 0.955775 0.794275 0.706925 0.652358 0.723487 0.742481 0.745426 0.927549 0.891309 0.914077 0.931670 0.747734 0.869748 0.598622 0.735174 0.406607 0.747663 0.991982 0.860505 0.767916 0.637905 0.792292 0.752343 0.769812 0.953366 0.619335 0.714770 0.729139 0.631573 0.821693 0.728597 0.432815 0.905934 0.795830 0.958781 0.529940 0.417101 0.399104 0.363332 0.612626 0.507312 0.915377 0.955772 0.904399 0.857489 0.919563 0.984656 0.915166 0.943416 0.859662 0.868035 0.920909 0.893983 0.880030 0.993061 0.666455 0.734512 0.756919 0.866042 0.846144 0.895941 0.404435 0.514709 0.519107 0.503884 0.976064 0.963177 0.982073 0.721250 0.644179 0.526570 0.779888 0.525547 0.948069 0.906089 0.834349 0.863371 0.846976 0.771595 0.894238 0.856696 0.716826 0.684076 0.844110 0.961691 0.743664 0.976647
0.670256 0.653241 0.938714 0.739189 0.928735 0.592059 0.574294 0.000000 0.652399 0.397511 0.445274 0.456280 0.531031 0.592539 0.788450 0.690350 0.517630 0.524655 0.664211 0.620977 0.666530 0.880805 0.916887 0.795431 0.501627 0.806271 0.794573 0.857854 0.443736 0.405002 0.913261 0.881275 0.625102 0.465817 0.956204 0.864171 0.725835 0.892062 0.848676 0.841176 0.738509 0.873497 0.682091 0.464267 0.560165 0.440127 0.822190 0.607942 0.623218 0.716136 0.633588 0.661783 0.810217 0.703193 0.981250 0.849800 0.707143 0.762455 0.683087 0.646068 0.421917 0.369287 0.369167 0.425827 0.980572 0.616400 0.860569 0.661601 0.920268 0.955942 0.950849 0.868862 0.882412 0.906342 0.738737 0.864798 0.665665 0.833893 0.796848 0.892452 0.609466 0.779774 0.847029 0.983787 0.884344 0.940833 0.962994 0.884097 0.937055 0.920460 0.690981 0.951324 0.921479 0.894326 0.903051 0.836401 0.817210 0.913954 0.509243 0.519685 0.468382 0.633539 0.738845 0.747913 0.785276 0.811782 0.969958 0.740758 0.869169 0.991806 0.652459 0.604286 0.626624 0.979476 0.802888 0.813983
0.775273 0.708811 0.680884 0.926606 0.671085 0.903596 0.404459 0.652399 0.000000 0.788805 0.918215 0.910701 0.712182 0.970265 0.656628 0.953336 0.933508 0.910623 0.881328 0.783586 0.985087 0.866192 0.774561 0.870500 0.838868 0.877238 0.904285 0.792445 0.988177 0.959407 0.738324 0.752034 0.809528 0.860703 0.823642 0.914788 0.995471 0.894032 0.838515 0.944669 0.711664 0.807925 0.713868 0.820337 0.536636 0.767725 0.900403 0.992093 0.799268 0.743969 0.862333 0.872353 0.874685 0.954937 0.542886 0.802188 0.786185 0.694937 0.770682 0.813774 0.614586 0.936775 0.856365 0.938004 0.692694 0.586435 0.548919 0.531495 0.644625 0.565786 0.935436 0.889336 0.791594 0.819298 0.965083 0.975330 0.989966 0.987349 0.969773 0.733411 0.849753 0.816291 0.958285 0.843474 0.795948 0.837704 0.745001 0.929888 0.957321 0.926752 0.528173 0.527027 0.606609 0.545799 0.938063 0.941109 0.958295 0.942225 0.716579 0.649523 0.790903 0.742006 0.822603 0.873117 0.773098 0.792411 0.855600 0.825092 0.968905 0.766480 0.877144 0.803530 0.901404 0.907025 0.765953 0.994489
0.850577 0.782864 0.846404 0.965654 0.891975 0.687975 0.744844 0.397511 0.788805 0.000000 0.518628 0.624542 0.858120 0.909516 0.959246 0.976527 0.604189 0.624196 0.935155 0.762424 0.576778 0.998005 0.679487 0.580574 0.568551 0.745311 0.652260 0.917558 0.501158 0.490384 0.935557 0.909072 0.730085 0.670263 0.944020 0.867316 0.874744 0.989927 0.897646 0.936206 0.860295 0.951638 0.724713 0.555459 0.597965 0.515357 0.922008 0.748964 0.714722 0.824639 0.748134 0.802280 0.896193 0.793112 0.933279 0.792267 0.772912 0.840819 0.767124 0.794802 0.677196 0.563475 0.525715 0.546117 0.817951 0.914310 0.864673 0.786153 0.899543 0.961670 0.930583 0.653037 0.881691 0.977673 0.810165 0.925485 0.702014 0.833320 0.887597 0.981821 0.775606 0.962089 0.975296 0.944971 0.744399 0.712981 0.871580 0.790750 0.775160 0.868484 0.782079 0.899284 0.904036 0.822311 0.841446 0.870195 0.783121 0.806322 0.473311 0.537636 0.582393 0.706921 0.770251 0.720755 0.928702 0.948607 0.949908 0.656847 0.841414 0.974027 0.791649 0.595945 0.722382 0.989648 0.943955 0.764910
0.498564 0.558119 0.721121 0.992774 0.891044 0.809485 0.858258 0.445274 0.918215 0.518628 0.000000 0.415685 0.686825 0.720456 0.945126 0.917662 0.357947 0.435940 0.634875 0.486245 0.584283 0.991001 0.518097 0.608825 0.505728 0.637134 0.742072 0.818494 0.340391 0.411213 0.862289 0.942909 0.750797 0.577311 0.813246 0.745825 0.734846 0.944594 0.902576 0.962800 0.952441 0.966468 0.800677 0.606779 0.790767 0.528154 0.785342 0.696195 0.521220 0.626773 0.596784 0.669726 0.767095 0.813451 0.831504 0.723958 0.507096 0.600213 0.451123 0.552762 0.607915 0.419307 0.341213 0.398065 0.646840 0.981294 0.923965 0.915962 0.821114 0.764855 0.821717 0.907207 0.698858 0.683781 0.798337 0.951745 0.683630 0.878397 0.788647 0.832098 0.561047 0.719210 0.889399 0.962965 0.895921 0.799596 0.739997 0.722071 0.901654 0.970984 0.965712 0.776003 0.852000 0.829236 0.914447 0.797198 0.790760 0.987744 0.590072 0.726401 0.606731 0.802251 0.738744 0.608717 0.995357 0.935584 0.837158 0.806085 0.914658 0.924010 0.792176 0.785762 0.651071 0.918634 0.944175 0.830987
0.346702 0.331633 0.624881 0.847177 0.840681 0.669829 0.947976 0.456280 0.910701 0.624542 0.415685 0.000000 0.566136 0.414635 0.938555 0.605935 0.350058 0.369985 0.443949 0.316805 0.719335 0.979673 0.724097 0.909082 0.578138 0.665560 0.876493 0.888227 0.370966 0.415906 0.797086 0.851202 0.795811 0.531290 0.764079 0.734394 0.734104 0.963042 0.880524 0.916999 0.955912 0.842955 0.938788 0.598864 0.985911 0.573725 0.742504 0.638658 0.432237 0.445929 0.410691 0.484394 0.625776 0.749620 0.725548 0.599536 0.393304 0.419618 0.383643 0.371455 0.603719 0.276912 0.366002 0.256903 0.730807 0.879749 0.782504 0.965492 0.628088 0.549366 0.949023 0.822832 0.693221 0.740535 0.784328 0.774920 0.547313 0.783547 0.827499 0.696227 0.394660 0.461034 0.789378 0.882577 0.917241 0.966618 0.834079 0.912817 0.886690 0.918922 0.861493 0.528768 0.608467 0.625462 0.982970 0.758584 0.856924 0.957503 0.724399 0.824919 0.633802 0.939163 0.684848 0.796783 0.919095 0.927000 0.906283 0.878641 0.880782 0.909122 0.817229 0.817052 0.644363 0.954603 0.928019 0.798998
0.776518 0.846236 0.792123 0.633783 0.811466 0.777064 0.579438 0.531031 0.712182 0.858120 0.686825 0.566136 0.000000 0.386816 0.500927 0.561380 0.697161 0.786662 0.619675 0.747577 0.912541 0.938722 0.741705 0.809889 0.780409 0.975838 0.907345 0.976299 0.709615 0.704777 0.989281 0.954165 0.730337 0.669665 0.927665 0.964969 0.728946 0.721789 0.811513 0.906744 0.766826 0.662189 0.950114 0.821908 0.873278 0.787758 0.935221 0.849874 0.905062 0.857237 0.713572 0.773437 0.792328 0.737899 0.852482 0.964217 0.932129 0.958780 0.841987 0.790714 0.405245 0.595689 0.576166 0.684318 0.753990 0.510916 0.908632 0.743394 0.893732 0.945036 0.771444 0.934674 0.966442 0.968980 0.828308 0.824166 0.866143 0.942810 0.931406 0.933631 0.769245 0.748077 0.735951 0.978066 0.580362 0.680036 0.841491 0.917651 0.826160 0.987689 0.736000 0.843278 0.975647 0.892784 0.813135 0.984144 0.926284 0.962960 0.815353 0.814248 0.728781 0.777243 0.891421 0.924898 0.884758 0.916384 0.976597 0.926522 0.915166 0.773855 0.822968 0.841829 0.806415 0.930249 0.849176 0.813944
0.596198 0.585156 0.881754 0.660188 0.978127 0.636142 0.968405 0.592539 0.970265 0.909516 0.720456 0.414635 0.386816 0.000000 0.617644 0.404899 0.620549 0.647659 0.489081 0.539400 0.870209 0.989017 0.865425 0.753578 0.752583 0.846713 0.866118 0.944675 0.622522 0.642845 0.900903 0.967779 0.803927 0.699692 0.848886 0.803006 0.648092 0.810666 0.767434 0.952383 0.826772 0.702200 0.868817 0.854715 0.853282 0.823005 0.895704 0.797558 0.715574 0.585096 0.498588 0.548031 0.633138 0.617334 0.898163 0.888142 0.722252 0.692303 0.688285 0.568150 0.615577 0.532234 0.584982 0.527382 0.995430 0.705262 0.756387 0.938108 0.900737 0.766813 0.795210 0.995649 0.991432 0.966933 0.775418 0.748664 0.788070 0.835829 0.860255 0.715299 0.604256 0.589420 0.717615 0.979376 0.686280 0.704321 0.976000 0.955448 0.922191 0.960802 0.968661 0.580293 0.626702 0.624017 0.839915 0.979912 0.937234 0.787067 0.954970 0.913196 0.825873 0.944506 0.852797 0.924326 0.868651 0.947081 0.946164 0.962341 0.931764 0.894044 0.899799 0.966975 0.882000 0.920972 0.914208 0.856856
0.913096 0.923590 0.596110 0.626770 0.732343 0.818274 0.599890 0.788450 0.656628 0.959246 0.945126 0.938555 0.500927 0.617644 0.000000 0.570838 0.996658 0.981472 0.852878 0.987879 0.907946 0.839037 0.463644 0.678370 0.916887 0.717985 0.764583 0.955244 0.972788 0.980294 0.742443 0.670531 0.648725 0.872776 0.799750 0.925322 0.940794 0.764713 0.843737 0.877451 0.764361 0.615639 0.889659 0.896131 0.887819 0.931298 0.990002 0.881249 0.864439 0.944534 0.948309 0.948035 0.998349 0.821865 0.766094 0.802438 0.860979 0.892597 0.834719 0.966294 0.650493 0.913647 0.906179 0.989015 0.514142 0.443204 0.740066 0.656528 0.761296 0.751878 0.856004 0.959768 0.860040 0.771309 0.857237 0.892710 0.973256 0.985203 0.848374 0.940219 0.995749 0.913992 0.710878 0.835052 0.511552 0.508008 0.828447 0.821477 0.770144 0.978342 0.643811 0.886895 0.875472 0.882146 0.927258 0.921959 0.865103 0.894759 0.964237 0.722035 0.928269 0.818951 0.785793 0.853089 0.835800 0.904833 0.936674 0.981839 0.971437 0.719466 0.987509 0.901968 0.888057 0.933687 0.732864 0.954766
0.786188 0.720385 0.944711 0.760696 0.946529 0.639955 0.963789 0.690350 0.953336 0.976527 0.917662 0.605935 0.561380 0.404899 0.570838 0.000000 0.823889 0.777340 0.602644 0.659925 0.926021 0.951236 0.721223 0.730516 0.929873 0.948604 0.862928 0.996813 0.804444 0.807261 0.950005 0.939250 0.819504 0.815840 0.999899 0.873053 0.907638 0.878263 0.897109 0.987862 0.840035 0.706227 0.928657 0.849420 0.869092 0.929259 0.973880 0.839397 0.872014 0.738214 0.717365 0.713038 0.855077 0.805755 0.916944 0.955202 0.778938 0.836829 0.954927 0.742703 0.802410 0.680128 0.781221 0.686982 0.872460 0.663606 0.880483 0.977031 0.921812 0.808793 0.993966 0.967489 0.986220 0.973397 0.864250 0.723560 0.831922 0.762479 0.843967 0.742360 0.684343 0.630572 0.656828 0.986712 0.640433 0.595905 0.978822 0.846594 0.941792 0.983318 0.996720 0.804764 0.772716 0.823935 0.920785 0.936339 0.894656 0.814665 0.950309 0.934261 0.803215 0.947548 0.954041 0.884895 0.894883 0.843589 0.871153 0.998394 0.968199 0.908242 0.948258 0.993144 0.937267 0.993190 0.831118 0.898754
0.432013 0.403950 0.771026 0.848243 0.735533 0.873626 0.992453 0.517630 0.933508 0.604189 0.357947 0.350058 0.697161 0.620549 0.996658 0.823889 0.000000 0.313455 0.489640 0.362877 0.611920 0.964104 0.640315 0.743053 0.683713 0.790018 0.838116 0.962902 0.412705 0.425717 0.920476 0.977398 0.670687 0.519607 0.826034 0.798662 0.867376 0.964680 0.966614 0.962459 0.970598 0.974952 0.792343 0.581001 0.890446 0.556547 0.653803 0.563814 0.460519 0.517852 0.473481 0.566761 0.673938 0.782174 0.672511 0.589323 0.405189 0.430065 0.380767 0.491172 0.664828 0.417378 0.340148 0.305998 0.770040 0.952826 0.870602 0.933956 0.667492 0.573868 0.981003 0.782868 0.644496 0.656562 0.744043 0.868527 0.646069 0.838097 0.735940 0.701227 0.360068 0.458972 0.864169 0.777461 0.954573 0.944077 0.714929 0.819166 0.835694 0.838477 0.850730 0.604255 0.681455 0.640351 0.977080 0.764369 0.830086 0.947642 0.593536 0.776205 0.615126 0.849061 0.612864 0.689023 0.930607 0.839676 0.970837 0.894816 0.966869 0.823060 0.755510 0.715880 0.663185 0.938217 0.897120 0.742305
0.400032 0.345731 0.802719 0.853636 0.847064 0.771527 0.992603 0.524655 0.910623 0.624196 0.435940 0.369985 0.786662 0.647659 0.981472 0.777340 0.313455 0.000000 0.437407 0.365265 0.644054 0.916015 0.724943 0.807588 0.742044 0.870366 0.809738 0.792481 0.406490 0.457191 0.990725 0.926735 0.595781 0.484973 0.917968 0.835838 0.940883 0.852087 0.969557 0.994523 0.924226 0.962763 0.689186 0.505145 0.811471 0.492592 0.613111 0.432808 0.438214 0.532778 0.519967 0.571034 0.734448 0.836196 0.624523 0.554167 0.358333 0.386365 0.390098 0.459751 0.678815 0.405084 0.373856 0.288341 0.841826 0.908520 0.932527 0.859072 0.618733 0.554969 0.873922 0.727693 0.530583 0.555615 0.764139 0.773150 0.602504 0.716793 0.620214 0.583639 0.280739 0.429318 0.784116 0.728742 0.903934 0.966881 0.726419 0.885420 0.840151 0.803026 0.894280 0.627250 0.712489 0.656608 0.912535 0.714815 0.756991 0.838654 0.610638 0.722038 0.600463 0.806806 0.622858 0.585820 0.805285 0.729003 0.851597 0.910498 0.960899 0.849778 0.653571 0.771592 0.632596 0.905894 0.819321 0.852670
0.524182 0.459931 0.833603 0.841201 0.831741 0.766764 0.957636 0.664211 0.881328 0.935155 0.634875 0.443949 0.619675 0.489081 0.852878 0.602644 0.489640 0.437407 0.000000 0.451999 0.832451 0.963837 0.955936 0.905928 0.821499 0.883896 0.974778 0.886951 0.587163 0.601548 0.966015 0.990214 0.690790 0.620295 0.817471 0.893063 0.768680 0.970461 0.836986 0.811250 0.977996 0.799367 0.925166 0.771025 0.942077 0.834310 0.704508 0.629497 0.673785 0.607631 0.623370 0.639101 0.787783 0.856688 0.701820 0.831299 0.521254 0.544970 0.573599 0.577635 0.771211 0.564280 0.531952 0.487988 0.902658 0.893445 0.795662 0.977989 0.674721 0.647658 0.947974 0.842422 0.708645 0.697959 0.858872 0.838568 0.698729 0.864088 0.764913 0.619273 0.463897 0.489513 0.794612 0.783504 0.802288 0.836343 0.824935 0.993959 0.923150 0.962069 0.879422 0.550387 0.643972 0.579255 0.941787 0.811337 0.947598 0.889891 0.938053 0.988055 0.722214 0.983698 0.708294 0.904819 0.894173 0.793036 0.881408 0.922995 0.940042 0.957922 0.813822 0.987257 0.836057 0.964921 0.990872 0.866463
0.344641 0.317119 0.612970 0.877587 0.813408 0.750183 0.788840 0.620977 0.783586 0.762424 0.486245 0.316805 0.747577 0.539400 0.987879 0.659925 0.362877 0.365265 0.451999 0.000000 0.743709 0.942380 0.736146 0.939123 0.735085 0.712896 0.957574 0.891743 0.469043 0.515180 0.822353 0.917064 0.825972 0.621885 0.807310 0.696367 0.821133 0.968471 0.967450 0.976511 0.989134 0.909896 0.981788 0.704588 0.856868 0.712871 0.766288 0.628481 0.393177 0.406878 0.441384 0.490846 0.636670 0.782348 0.661370 0.584778 0.360428 0.344432 0.415844 0.374429 0.836173 0.442554 0.521278 0.369945 0.698598 0.969387 0.668782 0.867969 0.554634 0.414719 0.993188 0.829705 0.639714 0.693045 0.840218 0.804130 0.578815 0.742667 0.812025 0.644267 0.395310 0.471246 0.832578 0.854226 0.939247 0.966383 0.656128 0.859124 0.862736 0.901189 0.700428 0.499178 0.563442 0.531947 0.977440 0.788805 0.875702 0.883480 0.826585 0.956497 0.685163 0.970046 0.641201 0.816657 0.887718 0.942145 0.869082 0.975741 0.988133 0.894514 0.810407 0.894819 0.754701 0.921325 0.895403 0.770731
0.766844 0.736455 0.785516 0.975210 0.780571 0.831276 0.939329 0.666530 0.985087 0.576778 0.584283 0.719335 0.912541 0.870209 0.907946 0.926021 0.611920 0.644054 0.832451 0.743709 0.000000 0.914135 0.748010 0.650595 0.766167 0.859255 0.902076 0.884323 0.653500 0.697209 0.986613 0.957002 0.756600 0.773726 0.901486 0.888657 0.745045 0.893190 0.796364 0.942094 0.810266 0.959668 0.856316 0.730138 0.818635 0.679325 0.937429 0.762649 0.729275 0.733554 0.746135 0.752425 0.785593 0.759329 0.909223 0.858300 0.729750 0.748857 0.669678 0.735977 0.829945 0.698305 0.653918 0.646611 0.822090 0.978815 0.987498 0.897456 0.979847 0.826505 0.939026 0.772192 0.883291 0.983855 0.788486 0.907252 0.798657 0.925606 0.870326 0.970224 0.780765 0.947232 0.934680 0.972883 0.835067 0.780031 0.757582 0.671319 0.802232 0.984954 0.858826 0.929917 0.957609 0.905194 0.862338 0.973532 0.823976 0.979666 0.635630 0.766132 0.801145 0.847729 0.799324 0.856319 0.882027 0.975922 0.988017 0.846303 0.907135 0.860398 0.837033 0.668218 0.853026 0.971353 0.939589 0.897668
0.903157 0.915104 0.976136 0.933484 0.912156 0.967538 0.844326 0.880805 0.866192 0.998005 0.991001 0.979673 0.938722 0.989017 0.839037 0.951236 0.964104 0.916015 0.963837 0.942380 0.914135 0.000000 0.849166 0.982209 0.896568 0.915653 0.909577 0.982618 0.949184 0.974850 0.964799 0.961498 0.908943 0.946626 0.950804 0.996254 0.915297 0.749517 0.981553 0.724218 0.821523 0.914368 0.977084 0.970862 0.848953 0.973838 0.972211 0.917322 0.933256 0.885351 0.874133 0.918007 0.906186 0.971957 0.935853 0.929227 0.953911 0.909453 0.965979 0.911855 0.830063 0.890040 0.994468 0.993760 0.851394 0.766268 0.845398 0.848719 0.947455 0.955289 0.995613 0.991177 0.960061 0.870084 0.996878 0.883963 0.961718 0.908628 0.891225 0.870398 0.957241 0.895172 0.982790 0.908213 0.898457 0.869505 0.784558 0.942845 0.997456 0.985554 0.871459 0.851211 0.896487 0.922101 0.976499 0.933339 0.930426 0.982684 0.959149 0.899310 0.971046 0.871333 0.998536 0.939289 0.856493 0.863437 0.991486 0.955515 0.998390 0.838950 0.940524 0.838866 0.979710 0.987807 0.980618 0.987508
0.657304 0.694309 0.494571 0.638728 0.658211 0.980126 0.682986 0.916887 0.774561 0.679487 0.518097 0.724097 0.741705 0.865425 0.463644 0.721223 0.640315 0.724943 0.955936 0.736146 0.748010 0.849166 0.000000 0.432522 0.665800 0.565170 0.717799 0.936546 0.581668 0.626528 0.759779 0.751414 0.849485 0.901793 0.729155 0.688536 0.899816 0.877680 0.889264 0.969130 0.789137 0.772672 0.982665 0.853932 0.945981 0.801457 0.883855 0.953963 0.621364 0.703927 0.767159 0.825472 0.873062 0.990902 0.698581 0.691792 0.606953 0.657075 0.586484 0.709895 0.876686 0.767797 0.688439 0.654447 0.357519 0.481541 0.713523 0.694306 0.716560 0.690999 0.989350 0.882106 0.795700 0.729428 0.925364 0.943461 0.723804 0.985708 0.975737 0.986775 0.807131 0.917250 0.669895 0.960277 0.457433 0.442775 0.674172 0.604019 0.778810 0.905840 0.677639 0.775393 0.766932 0.837945 0.835380 0.862684 0.835472 0.994556 0.830992 0.936484 0.925060 0.863568 0.835331 0.642453 0.835025 0.918221 0.872470 0.812884 0.953950 0.850468 0.916961 0.973963 0.793722 0.942657 0.816475 0.930893
0.941776 0.962236 0.757460 0.639513 0.839594 0.955016 0.984321 0.795431 0.870500 0.580574 0.608825 0.909082 0.809889 0.753578 0.678370 0.730516 0.743053 0.807588 0.905928 0.939123 0.650595 0.982209 0.432522 0.000000 0.652101 0.734476 0.686561 0.895303 0.672396 0.653379 0.957374 0.966385 0.925901 0.840337 0.906841 0.877925 0.964663 0.978957 0.900559 0.945992 0.937461 0.880515 0.783415 0.775585 0.754934 0.723157 0.992646 0.963103 0.821429 0.945293 0.987747 0.974466 0.892848 0.945946 0.961865 0.915051 0.837865 0.902956 0.844653 0.944136 0.989432 0.859800 0.686656 0.789854 0.615325 0.699409 0.953810 0.942778 0.972860 0.969385 0.906494 0.894247 0.851910 0.864972 0.975803 0.925556 0.777519 0.904158 0.928196 0.842117 0.956903 0.875749 0.683734 0.903921 0.538097 0.460797 0.775365 0.596430 0.705863 0.859060 0.972467 0.883742 0.909585 0.881236 0.794588 0.970240 0.921147 0.933562 0.612779 0.905706 0.801187 0.977752 0.993357 0.705689 0.991829 0.967255 0.971953 0.704115 0.946456 0.885953 0.994012 0.765628 0.873226 0.986620 0.973345 0.893416
0.799537 0.821221 0.600722 0.881719 0.974234 0.725389 0.911699 0.501627 0.838868 0.568551 0.505728 0.578138 0.780409 0.752583 0.916887 0.929873 0.683713 0.742044 0.821499 0.735085 0.766167 0.896568 0.665800 0.652101 0.000000 0.448135 0.638778 0.882296 0.512394 0.462873 0.757799 0.858039 0.945021 0.804145 0.786085 0.821149 0.698993 0.791747 0.909027 0.824085 0.860638 0.876641 0.952820 0.842741 0.878651 0.755293 0.985508 0.966856 0.736086 0.786848 0.781190 0.819157 0.884789 0.859291 0.994804 0.901234 0.838441 0.851857 0.734290 0.724432 0.705195 0.567527 0.526878 0.601849 0.576175 0.940850 0.836633 0.933603 0.937244 0.941751 0.702386 0.839689 0.899749 0.901603 0.863151 0.889232 0.777562 0.956789 0.876151 0.993544 0.813279 0.986419 0.911101 0.891870 0.752316 0.709035 0.969509 0.786850 0.794198 0.803292 0.990125 0.942937 0.869666 0.974490 0.960159 0.946329 0.938889 0.939935 0.712103 0.856510 0.815600 0.916170 0.892208 0.855829 0.974429 0.910110 0.910860 0.811904 0.897861 0.885126 0.965489 0.880289 0.737120 0.973413 0.865635 0.854632
0.809060 0.843588 0.430742 0.713159 0.846421 0.964537 0.799405 0.806271 0.877238 0.745311 0.637134 0.665560 0.975838 0.846713 0.717985 0.948604 0.790018 0.870366 0.883896 0.712896 0.859255 0.915653 0.565170 0.734476 0.448135 0.000000 0.818106 0.902877 0.667457 0.680378 0.429977 0.604881 0.756021 0.955982 0.650277 0.777365 0.674307 0.907500 0.822159 0.913925 0.953349 0.993580 0.629002 0.855502 0.848647 0.938599 0.865617 0.783831 0.810385 0.825775 0.860114 0.955194 0.980802 0.933868 0.948928 0.867235 0.827948 0.831156 0.731595 0.796245 0.974898 0.750769 0.795056 0.773356 0.458232 0.668955 0.653216 0.624004 0.878341 0.794659 0.730846 0.941789 0.876653 0.893183 0.956781 0.940021 0.807635 0.912675 0.866839 0.905412 0.985297 0.976457 0.858859 0.910378 0.635689 0.569997 0.879752 0.889890 0.808775 0.724461 0.698052 0.758747 0.657120 0.861669 0.878828 0.987001 0.961792 0.766424 0.971428 0.875412 0.934676 0.745904 0.971113 0.983654 0.868611 0.738462 0.925648 0.965015 0.973774 0.851496 0.903483 0.982116 0.984421 0.981693 0.729569 0.794482
0.976385 0.978730 0.888128 0.870567 0.926689 0.964959 0.861514 0.794573 0.904285 0.652260 0.742072 0.876493 0.907345 0.866118 0.764583 0.862928 0.838116 0.809738 0.974778 0.957574 0.902076 0.909577 0.717799 0.686561 0.638778 0.818106 0.000000 0.744250 0.728483 0.852025 0.881894 0.953022 0.861240 0.890547 0.746024 0.991651 0.985318 0.994231 0.974479 0.984541 0.968608 0.907542 0.754335 0.807893 0.718977 0.759228 0.930836 0.953791 0.888422 0.929820 0.966778 0.951688 0.956042 0.979380 0.861792 0.922631 0.983183 0.947655 0.869290 0.968707 0.805509 0.802051 0.778693 0.825428 0.816249 0.965022 0.821974 0.793138 0.989395 0.905646 0.952381 0.997821 0.738291 0.787611 0.998424 0.957612 0.824147 0.909520 0.890841 0.911889 0.907107 0.981454 0.841744 0.994731 0.792921 0.712227 0.990246 0.794038 0.786316 0.945360 0.908179 0.849899 0.900566 0.888700 0.954651 0.970362 0.957224 0.851748 0.669212 0.796927 0.749525 0.813135 0.853231 0.769542 0.950152 0.985884 0.999805 0.695583 0.832683 0.831166 0.884925 0.910627 0.755791 0.921449 0.961610 0.962766
0.911504 0.915904 0.941802 0.934596 0.888412 0.989368 0.858927 0.857854 0.792445 0.917558 0.818494 0.888227 0.976299 0.944675 0.955244 0.996813 0.962902 0.792481 0.886951 0.891743 0.884323 0.982618 0.936546 0.895303 0.882296 0.902877 0.744250 0.000000 0.844990 0.908587 0.918871 0.865446 0.948313 0.953202 0.967367 0.811925 0.803346 0.989291 0.983045 0.982134 0.906300 0.991071 0.805294 0.874489 0.804449 0.817271 0.878096 0.903201 0.897331 0.938108 0.998626 0.985748 0.999980 0.903123 0.949323 0.980996 0.847244 0.895658 0.906333 0.914046 0.857585 0.835660 0.882482 0.882871 0.951820 0.936564 0.935960 0.845490 0.880795 0.924282 0.885514 0.997240 0.726153 0.885487 0.924637 0.984794 0.890960 0.999003 0.940130 0.987031 0.904664 0.959809 0.989828 0.979434 0.979357 0.971414 0.927720 0.952196 0.900634 0.853730 0.875950 0.903846 0.915248 0.961920 0.967714 0.902195 0.920561 0.966884 0.995342 0.971591 0.947902 0.964011 0.957921 0.762583 0.908595 0.984137 0.913144 0.970103 0.720193 0.975930 0.834673 0.950280 0.861606 0.824358 0.951873 0.908334
0.465524 0.462418 0.662303 0.969405 0.915948 0.608291 0.999792 0.443736 0.988177 0.501158 0.340391 0.370966 0.709615 0.622522 0.972788 0.804444 0.412705 0.406490 0.587163 0.469043 0.653500 0.949184 0.581668 0.672396 0.512394 0.667457 0.728483 0.844990 0.000000 0.358049 0.940758 0.963195 0.679161 0.561841 0.797852 0.714764 0.764869 0.946549 0.889138 0.987191 0.987718 0.980805 0.782825 0.568236 0.838293 0.470989 0.706367 0.657619 0.446941 0.485285 0.461337 0.512090 0.647337 0.646899 0.744054 0.647860 0.510743 0.516472 0.448597 0.430707 0.645371 0.375039 0.335739 0.339043 0.663354 0.995478 0.849275 0.967259 0.838064 0.712482 0.907130 0.903565 0.653010 0.724749 0.833459 0.835861 0.549410 0.885355 0.791567 0.766231 0.524177 0.706767 0.993224 0.989452 0.883621 0.798558 0.747450 0.715852 0.865453 0.988930 0.993008 0.728369 0.829689 0.780564 0.985800 0.814343 0.828384 0.970284 0.613958 0.794822 0.523175 0.837648 0.692323 0.652965 0.915606 0.932018 0.864357 0.799748 0.832138 0.938531 0.798241 0.784350 0.666465 0.967269 0.984877 0.842856
0.585914 0.516409 0.743331 0.960481 0.938704 0.696266 0.955775 0.405002 0.959407 0.490384 0.411213 0.415906 0.704777 0.642845 0.980294 0.807261 0.425717 0.457191 0.601548 0.515180 0.697209 0.974850 0.626528 0.653379 0.462873 0.680378 0.852025 0.908587 0.358049 0.000000 0.970759 0.934240 0.746219 0.502733 0.744302 0.693910 0.798509 0.894853 0.953903 0.999711 0.985902 0.981148 0.816756 0.580635 0.839161 0.502868 0.713218 0.689624 0.529670 0.512778 0.512671 0.551844 0.690472 0.653295 0.824184 0.778866 0.564764 0.571379 0.584364 0.527465 0.686915 0.444509 0.320271 0.354202 0.626150 0.968020 0.757072 0.987390 0.972340 0.758474 0.930025 0.908130 0.813998 0.782041 0.799534 0.853095 0.655418 0.798933 0.827693 0.733813 0.522919 0.733618 0.988187 0.971159 0.827195 0.789440 0.797898 0.756583 0.789229 0.849663 0.998820 0.759771 0.817385 0.820290 0.949028 0.770945 0.899323 0.992872 0.641692 0.878075 0.573904 0.814603 0.690858 0.728677 0.933084 0.951540 0.811570 0.834586 0.881513 0.888499 0.785500 0.769942 0.605927 0.959222 0.960086 0.766985
0.872054 0.962527 0.596306 0.869342 0.923804 0.858758 0.794275 0.913261 0.738324 0.935557 0.862289 0.797086 0.989281 0.900903 0.742443 0.950005 0.920476 0.990725 0.966015 0.822353 0.986613 0.964799 0.759779 0.957374 0.757799 0.429977 0.881894 0.918871 0.940758 0.970759 0.000000 0.481586 0.687485 0.826254 0.793334 0.923956 0.776103 0.986984 0.932049 0.977469 0.990537 0.999795 0.541973 0.675803 0.729562 0.731690 0.799615 0.695832 0.970096 0.979056 0.991268 0.864153 0.941460 0.720690 0.933199 0.857762 0.943309 0.953662 0.731075 0.953768 0.992715 0.892844 0.957793 0.949072 0.728743 0.804397 0.818778 0.661784 0.726802 0.773904 0.752631 0.929085 0.848158 0.946423 0.872315 0.958534 0.998294 0.795079 0.855565 0.833515 0.963156 0.942981 0.965672 0.920348 0.933615 0.833300 0.977434 0.887842 0.972949 0.904185 0.671263 0.725977 0.703265 0.831111 0.864581 0.974060 0.966209 0.910859 0.854408 0.803617 0.755873 0.702751 0.947319 0.885465 0.882732 0.642205 0.980205 0.904205 0.960575 0.778800 0.838582 0.897274 0.992328 0.990273 0.710600 0.827772
0.827598 0.926712 0.608459 0.819961 0.866387 0.885754 0.706925 0.881275 0.752034 0.909072 0.942909 0.851202 0.954165 0.967779 0.670531 0.939250 0.977398 0.926735 0.990214 0.917064 0.957002 0.961498 0.751414 0.966385 0.858039 0.604881 0.953022 0.865446 0.963195 0.934240 0.481586 0.000000 0.601694 0.814555 0.787205 0.924828 0.902947 0.883764 0.911817 0.858986 0.925397 0.894689 0.611974 0.716673 0.725759 0.734550 0.798620 0.708609 0.919107 0.992808 0.993953 0.931388 0.982307 0.767644 0.976391 0.891893 0.911377 0.943042 0.783029 0.944974 0.907906 0.913602 0.903566 0.949494 0.726882 0.778802 0.832669 0.634381 0.756024 0.846510 0.809799 0.940969 0.999245 0.889936 0.909781 0.994617 0.995713 0.879261 0.772638 0.838540 0.977049 0.945984 0.914720 0.940858 0.929029 0.834824 0.926090 0.867680 0.939081 0.945086 0.695036 0.713827 0.796450 0.867360 0.853996 0.889138 0.866313 0.943610 0.881580 0.922432 0.811464 0.711670 0.994632 0.916314 0.861298 0.828744 0.974393 0.959145 0.993087 0.790091 0.822650 0.944858 0.938450 0.979085 0.788883 0.873657
0.862363 0.804953 0.711549 0.676029 0.885175 0.787433 0.652358 0.625102 0.809528 0.730085 0.750797 0.795811 0.730337 0.803927 0.648725 0.819504 0.670687 0.595781 0.690790 0.825972 0.756600 0.908943 0.849485 0.925901 0.945021 0.756021 0.861240 0.948313 0.679161 0.746219 0.687485 0.601694 0.000000 0.552005 0.761849 0.867617 0.918969 0.961155 0.991051 0.960834 0.931973 0.942687 0.549689 0.601048 0.626604 0.610559 0.739497 0.596920 0.854172 0.894800 0.823484 0.808742 0.921449 0.798262 0.867249 0.965572 0.811274 0.825299 0.820052 0.808991 0.619675 0.721954 0.619039 0.695889 0.719481 0.629433 0.715045 0.530957 0.927363 0.946827 0.963176 0.909213 0.816453 0.939923 0.790745 0.841277 0.797462 0.874633 0.681159 0.753432 0.673834 0.823088 0.866418 0.912343 0.718460 0.779234 0.960324 0.990296 0.995511 0.841440 0.676172 0.930603 0.859666 0.983395 0.898623 0.989513 0.981096 0.779323 0.581814 0.623142 0.713627 0.612181 0.854118 0.798434 0.805188 0.774041 0.985624 0.812631 0.988531 0.916371 0.789458 0.791701 0.853787 0.986087 0.790893 0.930187
0.586584 0.569128 0.943287 0.756249 0.862949 0.761623 0.723487 0.465817 0.860703 0.670263 0.577311 0.531290 0.669665 0.699692 0.872776 0.815840 0.519607 0.484973 0.620295 0.621885 0.773726 0.946626 0.901793 0.840337 0.804145 0.955982 0.890547 0.953202 0.561841 0.502733 0.826254 0.814555 0.552005 0.000000 0.925784 0.956289 0.988730 0.994424 0.991608 0.975300 0.954597 0.979665 0.522156 0.400876 0.627329 0.493188 0.592131 0.531292 0.626242 0.717995 0.637018 0.684121 0.857434 0.792546 0.898250 0.826914 0.620111 0.676204 0.636951 0.607079 0.560620 0.481793 0.430595 0.480348 0.963813 0.688958 0.855984 0.619925 0.922290 0.902620 0.885852 0.784896 0.753070 0.777403 0.824904 0.838208 0.584444 0.759351 0.691434 0.804515 0.534722 0.683339 0.786375 0.869682 0.804637 0.849118 0.939468 0.900596 0.922398 0.979689 0.796839 0.902009 0.969823 0.933383 0.915205 0.788681 0.849622 0.773084 0.546371 0.703474 0.613487 0.755130 0.663207 0.823512 0.815005 0.755498 0.972573 0.806939 0.883837 0.969607 0.690276 0.644340 0.635893 0.989645 0.761059 0.994689
0.831628 0.816272 0.628562 0.901046 0.842073 0.929429 0.742481 0.956204 0.823642 0.944020 0.813246 0.764079 0.927665 0.848886 0.799750 0.999899 0.826034 0.917968 0.817471 0.807310 0.901486 0.950804 0.729155 0.906841 0.786085 0.650277 0.746024 0.967367 0.797852 0.744302 0.793334 0.787205 0.761849 0.925784 0.000000 0.785574 0.668136 0.905833 0.994147 0.970081 0.962290 0.913969 0.723858 0.922716 0.753865 0.948410 0.933459 0.980703 0.826996 0.696003 0.818509 0.825357 0.851598 0.973313 0.945585 0.868851 0.774040 0.748830 0.818681 0.793864 0.852016 0.923893 0.838901 0.809732 0.635319 0.663386 0.550801 0.574293 0.858545 0.668584 0.991297 0.967953 0.965852 0.966420 0.971447 0.992155 0.925254 0.965090 0.981469 0.842259 0.921587 0.937125 0.941931 0.996597 0.720953 0.720564 0.939167 0.962417 0.938586 0.844184 0.693882 0.667383 0.729722 0.692492 0.969743 0.892432 0.949079 0.781712 0.889174 0.712319 0.911895 0.734113 0.985483 0.900903 0.839512 0.953315 0.960265 0.843762 0.945958 0.973057 0.945405 0.912555 0.898582 0.948036 0.586336 0.879543
0.742508 0.699130 0.672678 0.969955 0.835360 0.915383 0.745426 0.864171 0.914788 0.867316 0.745825 0.734394 0.964969 0.803006 0.925322 0.873053 0.798662 0.835838 0.893063 0.696367 0.888657 0.996254 0.688536 0.877925 0.821149 0.777365 0.991651 0.811925 0.714764 0.693910 0.923956 0.924828 0.867617 0.956289 0.785574 0.000000 0.757339 0.956284 0.940609 0.981940 0.974736 0.970647 0.852309 0.996736 0.827259 0.810029 0.981311 0.925681 0.675860 0.573260 0.604363 0.600489 0.677571 0.653360 0.781143 0.809296 0.702236 0.663850 0.790107 0.651608 0.953670 0.750401 0.783354 0.714543 0.631933 0.792681 0.555756 0.715773 0.836326 0.694053 0.994249 0.999516 0.973184 0.982122 0.986186 0.894156 0.806750 0.947096 0.950968 0.972228 0.847791 0.880613 0.911252 0.998536 0.765299 0.884309 0.710288 0.763015 0.999049 0.951307 0.755212 0.710290 0.647735 0.708611 0.847587 0.948065 0.970203 0.742018 0.932477 0.816254 0.967711 0.878492 0.897171 0.837111 0.987313 0.967854 0.763360 0.868559 0.973231 0.913993 0.936590 0.858841 0.993585 0.945509 0.984736 0.942525
0.852955 0.881134 0.797774 0.881264 0.901250 0.878557 0.927549 0.725835 0.995471 0.874744 0.734846 0.734104 0.728946 0.648092 0.940794 0.907638 0.867376 0.940883 0.768680 0.821133 0.745045 0.915297 0.899816 0.964663 0.698993 0.674307 0.985318 0.803346 0.764869 0.798509 0.776103 0.902947 0.918969 0.988730 0.668136 0.757339 0.000000 0.815553 0.689566 0.802279 0.856915 0.753031 0.849241 0.959826 0.932922 0.933709 0.944135 0.959776 0.889446 0.818496 0.798929 0.840930 0.815657 0.830354 0.982658 0.944076 0.944046 0.892422 0.800467 0.823362 0.786406 0.766797 0.788980 0.814393 0.859190 0.963039 0.803753 0.848398 0.942506 0.929855 0.727261 0.942131 0.978421 0.892195 0.948931 0.919462 0.868286 0.815533 0.966292 0.950640 0.954269 0.989594 0.929806 0.893247 0.948524 0.932296 0.970078 0.843883 0.852846 0.769805 0.984821 0.833286 0.917986 0.896962 0.969609 0.834983 0.971870 0.734223 0.918528 0.990302 0.969452 0.956350 0.999395 0.937601 0.977031 0.810015 0.921730 0.996006 0.868276 0.886826 0.909473 0.961963 0.974297 0.955205 0.892411 0.984019
0.922729 0.915025 0.919255 0.882409 0.987976 0.979902 0.891309 0.892062 0.894032 0.989927 0.944594 0.963042 0.721789 0.810666 0.764713 0.878263 0.964680 0.852087 0.970461 0.968471 0.893190 0.749517 0.877680 0.978957 0.791747 0.907500 0.994231 0.989291 0.946549 0.894853 0.986984 0.883764 0.961155 0.994424 0.905833 0.956284 0.815553 0.000000 0.874006 0.848427 0.755079 0.779771 0.918465 0.996678 0.913092 0.957156 0.912979 0.818224 0.945211 0.918083 0.935658 0.926681 0.910199 0.775136 0.820501 0.831308 0.835505 0.832194 0.823619 0.962227 0.936675 0.988354 0.883805 0.937186 0.910506 0.982052 0.892774 0.968945 0.698996 0.848819 0.814647 0.770904 0.779754 0.867769 0.989902 0.944187 0.957116 0.913002 0.858984 0.896405 0.900136 0.795378 0.911283 0.693545 0.943900 0.902321 0.786302 0.840737 0.990284 0.795419 0.801644 0.938096 0.937380 0.983178 0.864222 0.776863 0.643965 0.696404 0.965306 0.876927 0.959304 0.908695 0.946817 0.697611 0.964954 0.763236 0.830375 0.985013 0.993800 0.976558 0.825906 0.888629 0.956190 0.948431 0.955806 0.990726
