0.000000 0.311347 0.926859 0.967004 0.846875 0.980615 0.976640 0.912510 0.930592 0.884771 0.404424 0.416749 0.918346 0.918697 0.990209 0.907292 0.368811 0.360338 0.666488 0.579813 0.817202 0.941920 0.853470 0.921629 0.956003 0.979755 0.995003 0.828551 0.559461 0.556969 0.945823 0.969358 0.594153 0.553115 0.940797 0.909939 0.768496 0.729924 0.930354 0.740395 0.561279 0.659119 0.770540 0.671637 0.802872 0.673644 0.506321 0.573071 0.627062 0.626060 0.717252 0.735977 0.998502 0.740829 0.529266 0.644821 0.290235 0.382148 0.400438 0.411987 0.530294 0.649256 0.524621 0.434265 0.970790 0.798148 0.749988 0.570838 0.426581 0.535598 0.993204 0.954664 0.647355 0.691187 0.668015 0.990940 0.949398 0.987590 0.530653 0.658823 0.352773 0.389705 0.668804 0.446670 0.615329 0.685277 0.940142 0.956176 0.883850 0.672183 0.763068 0.757008 0.828900 0.701993 0.701608 0.935409 0.780722 0.945741 0.920083 0.996866 0.933465 0.772819 0.830293 0.745564 0.681520 0.797406 0.859655 0.989908 0.963105 0.801156 0.901491 0.764221 0.901492 0.865030 0.811042 0.972657
0.311347 0.000000 0.916573 0.981926 0.809396 0.985520 0.974037 0.917274 0.885787 0.801239 0.473610 0.436515 0.913776 0.837347 0.928586 0.919366 0.422094 0.406432 0.689604 0.628767 0.877638 0.946297 0.886245 0.931071 0.962559 0.945923 0.974893 0.763314 0.516079 0.550156 0.980412 0.978076 0.570123 0.573251 0.902283 0.995131 0.847617 0.820209 0.936704 0.767448 0.571326 0.647720 0.799124 0.695624 0.786408 0.658893 0.513230 0.566045 0.650813 0.600793 0.683904 0.684008 0.931357 0.787904 0.533625 0.693005 0.316660 0.328841 0.357870 0.343228 0.520422 0.680064 0.497330 0.416481 0.959640 0.840255 0.738398 0.574353 0.441519 0.511790 0.973865 0.969301 0.625140 0.716704 0.679463 0.984772 0.977481 0.979166 0.524364 0.615017 0.369558 0.406205 0.631686 0.435787 0.580804 0.668391 0.865394 0.965200 0.930704 0.687528 0.776586 0.755022 0.837850 0.668593 0.723611 0.927433 0.778444 0.958386 0.933907 0.977074 0.951313 0.814927 0.861088 0.784941 0.706745 0.762744 0.894993 0.935205 0.988118 0.756642 0.851909 0.754771 0.950830 0.890432 0.789207 0.885068
0.926859 0.916573 0.000000 0.296101 0.829206 0.863652 0.446600 0.375039 0.479953 0.667381 0.963486 0.907792 0.608841 0.762332 0.930319 0.517583 0.799554 0.797458 0.676188 0.597727 0.832618 0.945724 0.665651 0.565514 0.367258 0.404509 0.943702 0.951918 0.856113 0.859899 0.549274 0.668561 0.692416 0.790657 0.905290 0.933398 0.687426 0.605711 0.555713 0.646318 0.913645 0.966478 0.604450 0.684542 0.954838 0.978750 0.884725 0.846993 0.869618 0.995822 0.986352 0.977709 0.940251 0.978677 0.937996 0.879075 0.911233 0.641708 0.693954 0.779863 0.892435 0.784694 0.528631 0.591681 0.375707 0.416402 0.646147 0.895988 0.941737 0.909858 0.478005 0.463238 0.857093 0.809796 0.955833 0.802123 0.599733 0.636188 0.853235 0.998224 0.733402 0.808189 0.795137 0.816120 0.997637 0.811045 0.938912 0.724422 0.807509 0.829497 0.512164 0.517101 0.466987 0.443470 0.971444 0.775261 0.806234 0.769348 0.779169 0.675395 0.813160 0.702316 0.996478 0.842577 0.727781 0.837058 0.851071 0.924133 0.965416 0.922160 0.885584 0.955688 0.924608 0.874452 0.900318 0.916454
0.967004 0.981926 0.296101 0.000000 0.746079 0.872374 0.466885 0.347297 0.553151 0.720778 0.850306 0.821502 0.638408 0.648579 0.913086 0.545015 0.883735 0.932374 0.660697 0.525306 0.783284 0.978449 0.633190 0.533134 0.353481 0.391989 0.886194 0.962620 0.945291 0.947949 0.593722 0.678701 0.609201 0.751789 0.864483 0.978503 0.630360 0.619762 0.531297 0.673815 0.998452 0.954968 0.664145 0.685354 0.991232 0.973195 0.916310 0.869263 0.913245 0.913680 0.978341 0.999026 0.941575 0.940871 0.874588 0.852760 0.993147 0.777518 0.765460 0.848609 0.899142 0.793703 0.634197 0.705619 0.355997 0.387830 0.630085 0.840410 0.856360 0.923806 0.571257 0.507642 0.951772 0.864441 0.968220 0.834207 0.685789 0.706716 0.783722 0.949763 0.839283 0.923885 0.825436 0.962266 0.880044 0.714969 0.912410 0.789746 0.783093 0.734162 0.594436 0.580508 0.492764 0.495388 0.945637 0.754309 0.855971 0.871329 0.865776 0.791282 0.775613 0.734442 0.997639 0.864156 0.628517 0.758595 0.946226 0.962363 0.983466 0.888870 0.995918 0.882477 0.995467 0.860181 0.918095 0.939790
0.846875 0.809396 0.829206 0.746079 0.000000 0.894318 0.845882 0.784755 0.883484 0.975833 0.912095 0.953407 0.995474 0.823655 0.850495 0.791806 0.950529 0.919146 0.778550 0.850504 0.731374 0.990475 0.818072 0.888506 0.842857 0.749386 0.877153 0.865143 0.807076 0.896695 0.812602 0.799456 0.742189 0.764103 0.892140 0.929066 0.835853 0.772572 0.861400 0.815014 0.888318 0.971767 0.779836 0.732348 0.845395 0.772048 0.818145 0.772983 0.806386 0.753577 0.865545 0.843525 0.883872 0.957009 0.936619 0.862722 0.862535 0.934586 0.918392 0.912017 0.972177 0.953166 0.983552 0.982905 0.761236 0.848534 0.855660 0.803937 0.915339 0.832579 0.901357 0.879501 0.814162 0.899087 0.967757 0.938123 0.823583 0.866809 0.831786 0.977890 0.893328 0.880566 0.850717 0.808716 0.836582 0.805407 0.873499 0.973480 0.898711 0.799591 0.990083 0.944788 0.933216 0.976556 0.889698 0.792381 0.960595 0.980942 0.922529 0.959750 0.781354 0.992817 0.945272 0.864953 0.867614 0.955530 0.950920 0.938444 0.956520 0.824726 0.894479 0.930844 0.961817 0.965643 0.944332 0.912804
0.980615 0.985520 0.863652 0.872374 0.894318 0.000000 0.682920 0.614830 0.873523 0.587766 0.971368 0.879641 0.836041 0.884139 0.753284 0.846007 0.917530 0.938990 0.791470 0.986932 0.823014 0.963828 0.848947 0.826592 0.971673 0.875228 0.496006 0.973340 0.998834 0.906988 0.919082 0.757008 0.813954 0.757696 0.910280 0.874321 0.970363 0.881538 0.907010 0.916577 0.924126 0.942007 0.979843 0.872772 0.821278 0.736913 0.994262 0.745451 0.745638 0.753409 0.857809 0.826575 0.805642 0.849242 0.798372 0.993108 0.815016 0.895244 0.973106 0.981648 0.825128 0.795067 0.893114 0.899936 0.857490 0.752911 0.862852 0.705749 0.873841 0.817266 0.597814 0.613234 0.664747 0.746978 0.949720 0.986990 0.802839 0.888453 0.990395 0.964695 0.909187 0.907200 0.651922 0.790099 0.735831 0.782979 0.779715 0.811533 0.793457 0.656044 0.556615 0.609624 0.616943 0.770857 0.894741 0.976191 0.636581 0.814557 0.652328 0.739376 0.749600 0.895216 0.824862 0.997829 0.877968 0.943214 0.961281 0.895192 0.952659 0.899270 0.940630 0.857892 0.744216 0.980506 0.997888 0.891199
0.976640 0.974037 0.446600 0.466885 0.845882 0.682920 0.000000 0.365095 0.558770 0.673820 0.926195 0.972895 0.682203 0.952798 0.958705 0.573579 0.960476 0.924494 0.529693 0.779616 0.903889 0.966762 0.655694 0.674659 0.580737 0.673640 0.813276 0.914187 0.977962 0.947287 0.535922 0.514961 0.515948 0.614530 0.937530 0.986134 0.935220 0.875982 0.741324 0.843551 0.968850 0.845024 0.725922 0.816514 0.948746 0.934585 0.906101 0.927267 0.838259 0.915383 0.928211 0.919974 0.970723 0.922189 0.848997 0.855679 0.950401 0.711169 0.839231 0.811374 0.910031 0.957726 0.760273 0.767846 0.600322 0.607758 0.484554 0.653178 0.931532 0.827893 0.647780 0.589005 0.810769 0.851224 0.886476 0.950550 0.745531 0.722407 0.916631 0.882002 0.888378 0.998665 0.849778 0.960788 0.867675 0.751921 0.970116 0.891698 0.916473 0.984241 0.602030 0.594884 0.561241 0.623980 0.850236 0.793926 0.760656 0.836666 0.804376 0.734217 0.895677 0.691036 0.935460 0.743537 0.729731 0.878700 0.909747 0.981789 0.879414 0.916754 0.983995 0.926571 0.826020 0.961024 0.950937 0.947901
0.912510 0.917274 0.375039 0.347297 0.784755 0.614830 0.365095 0.000000 0.586799 0.538015 0.846408 0.721951 0.715079 0.808921 0.886955 0.612378 0.990451 0.981937 0.544871 0.591185 0.917472 0.978121 0.839963 0.742146 0.513391 0.546431 0.822500 0.931574 0.986580 0.960439 0.661607 0.625129 0.531983 0.610091 0.952929 0.934818 0.792204 0.757013 0.690818 0.723739 0.885109 0.986192 0.760613 0.843176 0.890420 0.837672 0.898538 0.946466 0.756471 0.898374 0.875528 0.878772 0.898717 0.806073 0.886870 0.915913 0.984726 0.803740 0.912477 0.960319 0.887152 0.643290 0.722320 0.789643 0.581317 0.361185 0.591726 0.705355 0.961187 0.902845 0.510933 0.418394 0.762357 0.779348 0.976929 0.915781 0.714548 0.767381 0.846737 0.922293 0.923885 0.977422 0.706626 0.936286 0.990313 0.860707 0.819829 0.728679 0.930391 0.947102 0.485392 0.542486 0.433766 0.557292 0.905656 0.797243 0.644665 0.824758 0.767988 0.721843 0.706090 0.772914 0.872135 0.812184 0.650535 0.752901 0.919350 0.954525 0.972304 0.921190 0.979097 0.991758 0.930539 0.912357 0.914011 0.957948
0.930592 0.885787 0.479953 0.553151 0.883484 0.873523 0.558770 0.586799 0.000000 0.622337 0.979919 0.893565 0.620305 0.850270 0.903523 0.507573 0.819531 0.773508 0.676967 0.829833 0.825853 0.979756 0.693526 0.778369 0.657697 0.497016 0.999142 0.930361 0.934116 0.909178 0.508401 0.680161 0.694261 0.791627 0.848859 0.905950 0.765565 0.821677 0.675862 0.756178 0.818187 0.924450 0.571891 0.660045 0.756374 0.858376 0.805950 0.945570 0.929787 0.881349 0.816808 0.891798 0.806966 0.749193 0.994839 0.796057 0.870551 0.623576 0.762386 0.713806 0.950125 0.827868 0.611294 0.644275 0.548298 0.625407 0.668540 0.864630 0.959652 0.993743 0.530305 0.536891 0.949335 0.866779 0.903438 0.726222 0.516079 0.632926 0.898047 0.985134 0.789675 0.810252 0.840842 0.866184 0.974883 0.873482 0.928801 0.717131 0.880005 0.954260 0.544747 0.519730 0.549955 0.542609 0.888062 0.802626 0.783350 0.738622 0.663376 0.638311 0.898519 0.596072 0.807325 0.982627 0.826327 0.992467 0.853222 0.906565 0.915174 0.976150 0.987667 0.841409 0.887462 0.819198 0.923118 0.891936
0.884771 0.801239 0.667381 0.720778 0.975833 0.587766 0.673820 0.538015 0.622337 0.000000 0.989367 0.833947 0.802913 0.971207 0.678317 0.794262 0.962159 0.830060 0.785317 0.880964 0.994642 0.853277 0.878494 0.941793 0.879984 0.754676 0.761491 0.758411 0.964183 0.975683 0.914326 0.894733 0.907678 0.890018 0.944808 0.868702 0.967224 0.910723 0.955225 0.902432 0.939762 0.931057 0.997505 0.839367 0.765486 0.681373 0.874822 0.764612 0.689829 0.660606 0.741542 0.683746 0.754522 0.897968 0.803745 0.905605 0.734164 0.660834 0.758569 0.778766 0.911874 0.683358 0.694495 0.704851 0.927652 0.600964 0.869636 0.868262 0.888129 0.701030 0.498601 0.517755 0.807965 0.794058 0.910818 0.834251 0.718966 0.839224 0.943192 0.857859 0.776237 0.766783 0.578408 0.734388 0.571068 0.747229 0.733789 0.600712 0.909817 0.772542 0.421295 0.456800 0.453153 0.551134 0.972027 0.832867 0.703760 0.746686 0.729356 0.806542 0.712784 0.854586 0.709290 0.962461 0.863527 0.933002 0.963240 0.862956 0.860215 0.957117 0.861257 0.928110 0.923123 0.806917 0.904924 0.948979
0.404424 0.473610 0.963486 0.850306 0.912095 0.971368 0.926195 0.846408 0.979919 0.989367 0.000000 0.451605 0.855913 0.883848 0.995469 0.977264 0.416521 0.328141 0.608473 0.598292 0.890841 0.984254 0.831528 0.987349 0.960416 0.945118 0.949469 0.965545 0.491949 0.431884 0.931149 0.975602 0.647764 0.551266 0.982454 0.858321 0.803972 0.752019 0.874879 0.847000 0.640294 0.732150 0.999219 0.898843 0.976732 0.900425 0.675449 0.710837 0.899310 0.880681 0.917124 0.999361 0.832819 0.641132 0.614175 0.804397 0.443275 0.463944 0.594913 0.517211 0.460574 0.633464 0.524014 0.452243 0.986321 0.720945 0.755658 0.672496 0.428464 0.555194 0.988533 0.902836 0.743814 0.766566 0.780485 0.950481 0.947645 0.980137 0.567099 0.690201 0.467345 0.409924 0.731745 0.479916 0.744318 0.704863 0.958918 0.977225 0.822062 0.716565 0.820188 0.791094 0.897715 0.792640 0.708952 0.995646 0.884309 0.974934 0.949594 0.784323 0.890708 0.888874 0.959201 0.822792 0.764609 0.825325 0.728016 0.899075 0.885528 0.791204 0.829138 0.903513 0.987816 0.944876 0.874462 0.958951
0.416749 0.436515 0.907792 0.821502 0.953407 0.879641 0.972895 0.721951 0.893565 0.833947 0.451605 0.000000 0.785711 0.755871 0.911264 0.837717 0.482534 0.511189 0.716868 0.612543 0.942101 0.941499 0.748928 0.939538 0.994901 0.914892 0.950193 0.998350 0.559541 0.609729 0.999953 0.987049 0.648362 0.605861 0.949487 0.899866 0.765412 0.771917 0.889388 0.749456 0.643820 0.665395 0.889984 0.836933 0.973810 0.880202 0.606487 0.775002 0.861907 0.803249 0.800601 0.881721 0.923548 0.784491 0.663512 0.743100 0.505467 0.543911 0.528411 0.496501 0.464148 0.412410 0.664970 0.559322 0.964916 0.586293 0.833193 0.668810 0.484674 0.592728 0.787560 0.720442 0.590639 0.632034 0.677665 0.903593 0.908726 0.949743 0.549017 0.745809 0.525548 0.548450 0.890282 0.608685 0.884823 0.820656 0.924633 0.777429 0.862452 0.810278 0.938267 0.977441 0.918412 0.893484 0.790343 0.994301 0.674542 0.927112 0.905325 0.999167 0.969033 0.992372 0.691636 0.750600 0.706174 0.721938 0.848662 0.983236 0.955264 0.755474 0.871664 0.752593 0.902873 0.976172 0.882579 0.951323
0.918346 0.913776 0.608841 0.638408 0.995474 0.836041 0.682203 0.715079 0.620305 0.802913 0.855913 0.785711 0.000000 0.725583 0.610080 0.449200 0.923949 0.931526 0.796236 0.869582 0.844238 0.921766 0.660865 0.657433 0.648322 0.694840 0.947138 0.979448 0.933316 0.992227 0.658959 0.727410 0.670382 0.795622 0.856266 0.941925 0.707185 0.732445 0.698012 0.720258 0.949841 0.825476 0.711844 0.714131 0.792904 0.873299 0.811600 0.937557 0.886456 0.797845 0.672527 0.728659 0.690989 0.758206 0.891136 0.752011 0.938707 0.929673 0.891101 0.898614 0.843066 0.851676 0.883449 0.909356 0.616364 0.701772 0.755149 0.877254 0.821778 0.819366 0.677917 0.773359 0.925907 0.853750 0.793599 0.846735 0.628803 0.682419 0.770680 0.840563 0.990198 0.958160 0.956370 0.946156 0.824473 0.668329 0.962910 0.938693 0.738298 0.890923 0.626324 0.568834 0.621569 0.637045 0.821840 0.872754 0.820522 0.790406 0.820304 0.811995 0.963641 0.654105 0.902780 0.974565 0.721184 0.880998 0.888198 0.937521 0.983438 0.792145 0.975239 0.888745 0.822679 0.994888 0.760098 0.955165
0.918697 0.837347 0.762332 0.648579 0.823655 0.884139 0.952798 0.808921 0.850270 0.971207 0.883848 0.755871 0.725583 0.000000 0.682031 0.660688 0.859112 0.980548 0.850391 0.697825 0.998712 0.810548 0.651095 0.628563 0.781312 0.760293 0.775402 0.933791 0.886012 0.961422 0.900914 0.798999 0.743861 0.924184 0.835696 0.960051 0.817643 0.746886 0.869936 0.876203 0.926807 0.892832 0.855903 0.772563 0.852073 0.816990 0.924491 0.837902 0.825099 0.649092 0.764196 0.655602 0.790421 0.772246 0.920170 0.981973 0.914120 0.909036 0.949415 0.872249 0.998761 0.826096 0.927592 0.952857 0.700577 0.722391 0.986461 0.952918 0.782692 0.617234 0.919787 0.914657 0.993082 0.877271 0.905498 0.839156 0.786533 0.854299 0.713348 0.988982 0.935490 0.974169 0.820026 0.817096 0.864455 0.751517 0.935699 0.968930 0.938081 0.697802 0.936884 0.878040 0.838420 0.877607 0.950438 0.989585 0.988212 0.938784 0.918398 0.972928 0.988674 0.998189 0.854790 0.996616 0.711461 0.758640 0.944434 0.999463 0.909722 0.853022 0.824088 0.944199 0.908612 0.966887 0.830106 0.956501
0.990209 0.928586 0.930319 0.913086 0.850495 0.753284 0.958705 0.886955 0.903523 0.678317 0.995469 0.911264 0.610080 0.682031 0.000000 0.654433 0.822675 0.985415 0.925516 0.986261 0.900048 0.968492 0.495071 0.641790 0.853687 0.877133 0.681277 0.873813 0.928272 0.937107 0.694488 0.783147 0.807539 0.978977 0.813835 0.888709 0.862256 0.879298 0.803365 0.977997 0.945638 0.947594 0.806075 0.694390 0.620855 0.630706 0.862111 0.860141 0.660128 0.562254 0.593987 0.550130 0.527676 0.612879 0.743804 0.841619 0.901280 0.962186 0.942214 0.930249 0.966222 0.746834 0.902341 0.956523 0.724730 0.821703 0.886056 0.876614 0.889620 0.725268 0.859688 0.777663 0.844033 0.837116 0.880266 0.953589 0.920116 0.858288 0.850962 0.912842 0.906956 0.864164 0.595653 0.777442 0.625871 0.586078 0.822612 0.723130 0.840341 0.790370 0.857668 0.952558 0.948172 0.977098 0.949746 0.988429 0.818850 0.860648 0.844847 0.978562 0.764006 0.833473 0.847463 0.998268 0.957115 0.985169 0.881893 0.980296 0.905016 0.905536 0.900097 0.970636 0.967261 0.983469 0.803488 0.930838
0.907292 0.919366 0.517583 0.545015 0.791806 0.846007 0.573579 0.612378 0.507573 0.794262 0.977264 0.837717 0.449200 0.660688 0.654433 0.000000 0.916971 0.919186 0.688653 0.707270 0.829840 0.928470 0.542743 0.601858 0.578326 0.568815 0.974543 0.957125 0.947236 0.998790 0.485621 0.584014 0.571044 0.713872 0.827431 0.897382 0.759863 0.658878 0.674228 0.672742 0.981398 0.977972 0.514021 0.545548 0.638816 0.717717 0.711904 0.839710 0.794847 0.730445 0.646455 0.688473 0.636833 0.728062 0.815255 0.653301 0.924456 0.834513 0.908427 0.825360 0.931960 0.884358 0.755011 0.804480 0.518674 0.683531 0.636604 0.786383 0.837636 0.896312 0.629312 0.634945 0.863978 0.792488 0.840429 0.821888 0.509980 0.649086 0.681357 0.921274 0.951834 0.994866 0.908528 0.911925 0.805824 0.695792 0.958194 0.868397 0.858226 0.805836 0.642959 0.620116 0.648965 0.656676 0.904600 0.773075 0.830866 0.901117 0.762767 0.654809 0.911581 0.621427 0.822151 0.971799 0.692818 0.802616 0.995456 0.838727 0.923552 0.823534 0.964402 0.871776 0.759874 0.941059 0.758285 0.818067
0.368811 0.422094 0.799554 0.883735 0.950529 0.917530 0.960476 0.990451 0.819531 0.962159 0.416521 0.482534 0.923949 0.859112 0.822675 0.916971 0.000000 0.307153 0.691463 0.700284 0.909345 0.939876 0.624963 0.762213 0.764423 0.761435 0.865632 0.915425 0.499551 0.424133 0.907158 0.861524 0.782162 0.613716 0.932321 0.860156 0.927280 0.928192 0.954103 0.898202 0.602134 0.778198 0.937942 0.962824 0.976572 0.917440 0.679964 0.781350 0.891181 0.947489 0.995644 0.923543 0.716686 0.524058 0.663766 0.764848 0.407691 0.394602 0.437899 0.487218 0.468134 0.719338 0.420767 0.364669 0.737579 0.915665 0.832836 0.637151 0.531269 0.746778 0.942650 0.969104 0.660162 0.776604 0.780100 0.905771 0.877020 0.843704 0.618440 0.672539 0.367564 0.380744 0.745329 0.514491 0.806738 0.887359 0.916140 0.985958 0.918575 0.857171 0.714200 0.658064 0.726980 0.605898 0.714281 0.880713 0.816832 0.981467 0.962215 0.851216 0.877614 0.747325 0.906060 0.739650 0.909732 0.823456 0.806792 0.944452 0.964105 0.850054 0.941180 0.791115 0.933751 0.993814 0.988147 0.946683
0.360338 0.406432 0.797458 0.932374 0.919146 0.938990 0.924494 0.981937 0.773508 0.830060 0.328141 0.511189 0.931526 0.980548 0.985415 0.919186 0.307153 0.000000 0.691131 0.659591 0.971963 0.987561 0.773091 0.884279 0.794515 0.768175 0.991453 0.862659 0.432752 0.377153 0.919451 0.896533 0.719781 0.589923 0.974624 0.889986 0.888127 0.916297 0.975388 0.907840 0.571879 0.772719 0.915944 0.941515 0.964333 0.848056 0.635448 0.700684 0.838349 0.855738 0.933224 0.988325 0.836764 0.561721 0.587074 0.811091 0.371299 0.342908 0.480207 0.456963 0.475441 0.796640 0.364507 0.310668 0.822113 0.934521 0.856509 0.691635 0.499075 0.619081 0.818880 0.924897 0.736150 0.868688 0.819218 0.890472 0.791503 0.840370 0.576950 0.651003 0.363804 0.325848 0.611332 0.417024 0.675744 0.739636 0.917105 0.857653 0.908332 0.742627 0.622108 0.571368 0.674884 0.593183 0.730296 0.928359 0.980381 0.901206 0.860946 0.779362 0.815933 0.721511 0.982023 0.791709 0.878678 0.817558 0.695579 0.862079 0.889020 0.850159 0.858202 0.882677 0.872044 0.980058 0.919558 0.891051
0.666488 0.689604 0.676188 0.660697 0.778550 0.791470 0.529693 0.544871 0.676967 0.785317 0.608473 0.716868 0.796236 0.850391 0.925516 0.688653 0.691463 0.691131 0.000000 0.564115 0.888388 0.969282 0.854033 0.902016 0.890434 0.832609 0.832501 0.960032 0.637415 0.578327 0.655143 0.654267 0.544048 0.437669 0.886872 0.966922 0.932988 0.843163 0.807815 0.881954 0.825425 0.898459 0.793748 0.832928 0.884375 0.909643 0.724243 0.839075 0.970665 0.917116 0.994183 0.976032 0.961197 0.817289 0.777619 0.877049 0.768056 0.910495 0.831279 0.825089 0.666558 0.840155 0.899112 0.877803 0.848054 0.677407 0.544769 0.588247 0.745306 0.892425 0.719057 0.679578 0.703347 0.715170 0.839777 0.966349 0.835004 0.806149 0.675782 0.805985 0.811256 0.735575 0.926928 0.762482 0.843351 0.814199 0.930542 0.988054 0.939697 0.908354 0.870799 0.872527 0.768814 0.899806 0.746910 0.938318 0.753576 0.972635 0.897736 0.850765 0.981293 0.955253 0.965069 0.993723 0.795788 0.895130 0.931176 0.939801 0.935978 0.943809 0.884310 0.939814 0.931872 0.867902 0.855010 0.895259
0.579813 0.628767 0.597727 0.525306 0.850504 0.986932 0.779616 0.591185 0.829833 0.880964 0.598292 0.612543 0.869582 0.697825 0.986261 0.707270 0.700284 0.659591 0.564115 0.000000 0.796284 0.996413 0.909443 0.788250 0.686042 0.652977 0.934137 0.900096 0.727480 0.718676 0.818080 0.867598 0.634192 0.710288 0.873676 0.904260 0.762131 0.601602 0.780239 0.740837 0.685222 0.848095 0.773085 0.734778 0.986396 0.916637 0.746531 0.761648 0.962878 0.825913 0.995660 0.970867 0.905597 0.726373 0.712584 0.828476 0.652539 0.817693 0.874843 0.792899 0.830503 0.708040 0.986138 0.910886 0.680664 0.513648 0.733164 0.751187 0.587586 0.754673 0.763116 0.641111 0.827818 0.777297 0.928821 0.952164 0.872845 0.961435 0.632601 0.965605 0.833133 0.760531 0.903321 0.805494 0.836664 0.786197 0.968936 0.967390 0.896875 0.599865 0.924410 0.965838 0.843165 0.886743 0.821061 0.967443 0.815756 0.907381 0.967728 0.932102 0.964465 0.912893 0.938517 0.966313 0.591818 0.713527 0.985758 0.942379 0.921148 0.850452 0.869270 0.951751 0.993346 0.825835 0.896163 0.986509
0.817202 0.877638 0.832618 0.783284 0.731374 0.823014 0.903889 0.917472 0.825853 0.994642 0.890841 0.942101 0.844238 0.998712 0.900048 0.829840 0.909345 0.971963 0.888388 0.796284 0.000000 0.940565 0.932055 0.986362 0.883734 0.794528 0.991631 0.833608 0.998821 0.956061 0.749300 0.945082 0.861003 0.840322 0.826390 0.949989 0.670417 0.822697 0.722730 0.774280 0.986578 0.885270 0.685359 0.730170 0.804369 0.840068 0.795070 0.854922 0.827147 0.852713 0.886524 0.894691 0.948372 0.995695 0.964050 0.890560 0.938946 0.954446 0.939981 0.976198 0.967359 0.929250 0.897581 0.948141 0.834896 0.885538 0.777372 0.798293 0.836031 0.859564 0.742108 0.853970 0.874236 0.822319 0.935803 0.884774 0.792018 0.829154 0.848799 0.905507 0.935585 0.977813 0.972397 0.985771 0.938936 0.895151 0.980693 0.796228 0.988047 0.888981 0.912830 0.838505 0.868344 0.868393 0.904342 0.929389 0.900083 0.919393 0.822226 0.906743 0.809219 0.955445 0.939969 0.686632 0.824625 0.951743 0.992621 0.958198 0.833123 0.888767 0.988956 0.955079 0.871550 0.993040 0.923142 0.839146
0.941920 0.946297 0.945724 0.978449 0.990475 0.963828 0.966762 0.978121 0.979756 0.853277 0.984254 0.941499 0.921766 0.810548 0.968492 0.928470 0.939876 0.987561 0.969282 0.996413 0.940565 0.000000 0.986827 0.986220 0.977484 0.985314 0.978094 0.983254 0.911116 0.912347 0.900310 0.963658 0.995332 0.942708 0.858016 0.968636 0.726387 0.904384 0.848249 0.823649 0.878436 0.997045 0.803599 0.834818 0.797158 0.814636 0.805483 0.843107 0.883705 0.963920 0.808494 0.898675 0.816322 0.888945 0.839202 0.806877 0.924547 0.984695 0.952564 0.964756 0.974628 0.985085 0.978387 0.964546 0.981857 0.965576 0.944104 0.947711 0.986201 0.957865 0.851109 0.998023 0.976828 0.997099 0.824159 0.937159 0.996262 0.998014 0.891995 0.947123 0.922375 0.864117 0.915323 0.928416 0.862270 0.911822 0.974637 0.956394 0.982644 0.948753 0.991603 0.978159 0.981008 0.989126 0.996897 0.915222 0.932298 0.965098 0.815012 0.949452 0.980504 0.863581 0.892382 0.776697 0.941865 0.941793 0.992481 0.996513 0.988605 0.949750 0.954106 0.988912 0.952394 0.977366 0.898967 0.820633
0.853470 0.886245 0.665651 0.633190 0.818072 0.848947 0.655694 0.839963 0.693526 0.878494 0.831528 0.748928 0.660865 0.651095 0.495071 0.542743 0.624963 0.773091 0.854033 0.909443 0.932055 0.986827 0.000000 0.392537 0.607603 0.690908 0.687675 0.809993 0.823427 0.831231 0.617754 0.661568 0.712116 0.983402 0.758071 0.771202 0.884757 0.868928 0.787479 0.913155 0.838242 0.848372 0.626823 0.581642 0.585742 0.675120 0.937637 0.803043 0.760516 0.632866 0.707467 0.587053 0.464227 0.560370 0.871266 0.810688 0.939309 0.749459 0.748939 0.715593 0.711870 0.666137 0.744382 0.711643 0.462741 0.993384 0.706298 0.993345 0.954070 0.900726 0.987671 0.951715 0.806718 0.810257 0.988321 0.939757 0.729420 0.699652 0.967838 0.984029 0.813406 0.909748 0.791949 0.936628 0.593234 0.521898 0.894896 0.819836 0.816400 0.713995 0.907875 0.827609 0.854593 0.790589 0.956587 0.817563 0.793484 0.985918 0.991068 0.751158 0.938810 0.736652 0.900210 0.851297 0.797896 0.967901 0.907082 0.972152 0.938196 0.937001 0.949422 0.895832 0.835478 0.971113 0.844976 0.909577
0.921629 0.931071 0.565514 0.533134 0.888506 0.826592 0.674659 0.742146 0.778369 0.941793 0.987349 0.939538 0.657433 0.628563 0.641790 0.601858 0.762213 0.884279 0.902016 0.788250 0.986362 0.986220 0.392537 0.000000 0.487637 0.688822 0.649757 0.964256 0.845696 0.896514 0.751289 0.735079 0.815164 0.938796 0.811599 0.899065 0.811219 0.765530 0.713258 0.858302 0.909443 0.955893 0.703896 0.610310 0.727381 0.792127 0.936372 0.725888 0.889891 0.734245 0.806138 0.758856 0.621198 0.744824 0.855020 0.833884 0.963561 0.806959 0.761938 0.792648 0.772791 0.868999 0.752941 0.774977 0.437570 0.826757 0.696662 0.940632 0.985427 0.922633 0.920854 0.943662 0.843391 0.819369 0.998528 0.961424 0.751835 0.710651 0.953366 0.914688 0.910134 0.996807 0.875299 0.879633 0.657359 0.478822 0.930196 0.875901 0.679199 0.648034 0.878023 0.883664 0.864579 0.806033 0.973407 0.817640 0.873066 0.919480 0.976379 0.767259 0.951647 0.814376 0.899730 0.904001 0.747694 0.792894 0.965745 0.958998 0.932079 0.873374 0.959427 0.904452 0.971035 0.946060 0.862336 0.957104
0.956003 0.962559 0.367258 0.353481 0.842857 0.971673 0.580737 0.513391 0.657697 0.879984 0.960416 0.994901 0.648322 0.781312 0.853687 0.578326 0.764423 0.794515 0.890434 0.686042 0.883734 0.977484 0.607603 0.487637 0.000000 0.417294 0.819361 0.934885 0.746257 0.721551 0.615110 0.762782 0.713683 0.896839 0.832711 0.959133 0.687797 0.642287 0.610142 0.622697 0.950811 0.947948 0.585474 0.619440 0.918835 0.952992 0.921500 0.790376 0.985871 0.866592 0.963784 0.922097 0.852795 0.982353 0.872167 0.849380 0.997806 0.734283 0.694043 0.781484 0.709694 0.951399 0.535182 0.621922 0.293213 0.545315 0.664524 0.981380 0.938133 0.969467 0.640636 0.643018 0.945017 0.958111 0.963723 0.880625 0.627047 0.680023 0.924860 0.912069 0.799805 0.818454 0.854490 0.907954 0.828558 0.695363 0.951258 0.816538 0.756948 0.720719 0.643499 0.637749 0.566771 0.506810 0.965301 0.788703 0.887419 0.880513 0.880713 0.739197 0.775978 0.770660 0.990139 0.801662 0.604168 0.821859 0.845788 0.999966 0.987207 0.896718 0.876108 0.912741 0.945390 0.955049 0.963322 0.880980
0.979755 0.945923 0.404509 0.391989 0.749386 0.875228 0.673640 0.546431 0.497016 0.754676 0.945118 0.914892 0.694840 0.760293 0.877133 0.568815 0.761435 0.768175 0.832609 0.652977 0.794528 0.985314 0.690908 0.688822 0.417294 0.000000 0.863893 0.910161 0.887785 0.780954 0.618569 0.724316 0.730822 0.915650 0.735154 0.945304 0.623802 0.676042 0.615270 0.590874 0.880571 0.939364 0.589561 0.665811 0.904479 0.918696 0.885128 0.918381 0.967998 0.805958 0.888807 0.885416 0.858967 0.889016 0.910025 0.857248 0.893584 0.704769 0.701041 0.785347 0.749243 0.865231 0.540648 0.599096 0.422150 0.544005 0.767293 0.964072 0.910860 0.963116 0.556945 0.571739 0.953988 0.908343 0.965620 0.836662 0.537761 0.633204 0.891940 0.970482 0.780945 0.754779 0.849798 0.856531 0.986442 0.848594 0.923935 0.763705 0.891580 0.768746 0.598259 0.552469 0.519453 0.483462 0.901128 0.862665 0.821991 0.829117 0.794322 0.704201 0.807880 0.743453 0.893098 0.958175 0.686745 0.849563 0.829780 0.919458 0.976641 0.894992 0.957137 0.961084 0.921734 0.869289 0.956308 0.910464
0.995003 0.974893 0.943702 0.886194 0.877153 0.496006 0.813276 0.822500 0.999142 0.761491 0.949469 0.950193 0.947138 0.775402 0.681277 0.974543 0.865632 0.991453 0.832501 0.934137 0.991631 0.978094 0.687675 0.649757 0.819361 0.863893 0.000000 0.798385 0.931522 0.956682 0.982391 0.916305 0.956539 0.813779 0.844281 0.808311 0.835557 0.830058 0.903679 0.949033 0.945623 0.928281 0.928656 0.817804 0.836786 0.818831 0.947153 0.793962 0.815140 0.740757 0.887560 0.841531 0.718866 0.798079 0.885200 0.953452 0.918832 0.999800 0.839800 0.874830 0.752854 0.819424 0.979747 0.949852 0.678440 0.906377 0.925559 0.677884 0.908806 0.799306 0.827975 0.727502 0.735184 0.789505 0.894510 0.931172 0.998957 0.970834 0.989698 0.977118 0.996614 0.979638 0.703388 0.803311 0.784310 0.699600 0.920823 0.935032 0.770375 0.695090 0.816050 0.835605 0.843294 0.953560 0.878977 0.886577 0.710457 0.879174 0.799383 0.881737 0.817632 0.992598 0.821542 0.976915 0.969680 0.952931 0.925112 0.885472 0.959831 0.919649 0.985728 0.913940 0.789706 0.911733 0.909601 0.929343
0.828551 0.763314 0.951918 0.962620 0.865143 0.973340 0.914187 0.931574 0.930361 0.758411 0.965545 0.998350 0.979448 0.933791 0.873813 0.957125 0.915425 0.862659 0.960032 0.900096 0.833608 0.983254 0.809993 0.964256 0.934885 0.910161 0.798385 0.000000 0.877698 0.975197 0.978474 0.855419 0.837865 0.961751 0.821180 0.926865 0.913405 0.988340 0.987190 0.806353 0.932438 0.886193 0.889791 0.807881 0.859413 0.829224 0.941275 0.812459 0.768783 0.728896 0.840238 0.747964 0.813674 0.970528 0.795377 0.898058 0.822453 0.767393 0.884797 0.903600 0.880042 0.837168 0.891862 0.861505 0.874294 0.944280 0.980114 0.959361 0.839096 0.816126 0.850777 0.851909 0.940520 0.909910 0.958492 0.812745 0.907081 0.942822 0.859106 0.848942 0.881035 0.847268 0.766264 0.807929 0.687495 0.738413 0.868478 0.848648 0.993397 0.738788 0.828815 0.882541 0.879374 0.993869 0.842768 0.816579 0.778154 0.922703 0.923818 0.930495 0.928362 0.972455 0.875861 0.995323 0.991841 0.982046 0.973686 0.922798 0.897905 0.969308 0.911182 0.980287 0.956663 0.941360 0.917172 0.945113
0.559461 0.516079 0.856113 0.945291 0.807076 0.998834 0.977962 0.986580 0.934116 0.964183 0.491949 0.559541 0.933316 0.886012 0.928272 0.947236 0.499551 0.432752 0.637415 0.727480 0.998821 0.911116 0.823427 0.845696 0.746257 0.887785 0.931522 0.877698 0.000000 0.407591 0.994728 0.999589 0.710690 0.612215 0.969385 0.911310 0.919306 0.959673 0.950779 0.926184 0.694714 0.743322 0.879823 0.963148 0.967834 0.858105 0.807163 0.847737 0.833003 0.816941 0.937842 0.989288 0.930163 0.770301 0.667912 0.926314 0.622362 0.546578 0.634203 0.599753 0.577112 0.885796 0.483152 0.515442 0.781103 0.985428 0.909784 0.790160 0.638905 0.726614 0.850946 0.992861 0.720160 0.911865 0.819516 0.856423 0.890472 0.895457 0.673319 0.851954 0.511348 0.520507 0.648498 0.533559 0.861694 0.856418 0.986242 0.932238 0.974393 0.829018 0.743369 0.753738 0.857381 0.730370 0.796152 0.874455 0.954935 0.874805 0.906727 0.769599 0.762099 0.787240 0.995278 0.808408 0.975104 0.930723 0.709503 0.997347 0.854372 0.899513 0.795643 0.891439 0.883171 0.917841 0.992376 0.765131
0.556969 0.550156 0.859899 0.947949 0.896695 0.906988 0.947287 0.960439 0.909178 0.975683 0.431884 0.609729 0.992227 0.961422 0.937107 0.998790 0.424133 0.377153 0.578327 0.718676 0.956061 0.912347 0.831231 0.896514 0.721551 0.780954 0.956682 0.975197 0.407591 0.000000 0.930451 0.943774 0.727096 0.602771 0.968144 0.969245 0.984083 0.987247 0.948906 0.931749 0.688298 0.756529 0.875861 0.982447 0.914146 0.880153 0.750444 0.886436 0.925528 0.939223 0.978772 0.969806 0.849292 0.721369 0.697101 0.883875 0.606392 0.547496 0.574258 0.582964 0.463914 0.863301 0.444286 0.462895 0.744834 0.982000 0.743449 0.689533 0.656633 0.762994 0.949896 0.975120 0.665413 0.844762 0.844007 0.920534 0.879116 0.985094 0.665942 0.788557 0.514562 0.457848 0.699347 0.532959 0.865570 0.831834 0.937979 0.845144 0.988508 0.887438 0.773621 0.712444 0.818602 0.705805 0.723043 0.999579 0.861964 0.928015 0.962444 0.854854 0.773049 0.872373 0.951033 0.789191 0.959169 0.879053 0.659901 0.984677 0.887656 0.830424 0.756590 0.868623 0.921991 0.877187 0.853841 0.951326
0.945823 0.980412 0.549274 0.593722 0.812602 0.919082 0.535922 0.661607 0.508401 0.914326 0.931149 0.999953 0.658959 0.900914 0.694488 0.485621 0.907158 0.919451 0.655143 0.818080 0.749300 0.900310 0.617754 0.751289 0.615110 0.618569 0.982391 0.978474 0.994728 0.930451 0.000000 0.598962 0.596923 0.711494 0.994361 0.921203 0.765442 0.731216 0.696830 0.748895 0.967806 0.908938 0.543214 0.552700 0.625650 0.711481 0.768127 0.841384 0.817654 0.771073 0.713953 0.774461 0.753696 0.797791 0.712226 0.805252 0.972350 0.799450 0.873939 0.832997 0.999558 0.999927 0.772181 0.805102 0.581288 0.774654 0.532918 0.751691 0.943971 0.957079 0.664614 0.725791 0.871920 0.866488 0.886636 0.865829 0.568808 0.655246 0.734265 0.860059 0.983819 0.993480 0.934104 0.995340 0.847579 0.741818 0.969951 0.781318 0.948534 0.902200 0.735888 0.680336 0.657982 0.646037 0.943014 0.893272 0.862577 0.955999 0.741680 0.745659 0.981851 0.633858 0.919831 0.970781 0.804773 0.977906 0.997912 0.895841 0.992573 0.988502 0.986040 0.916374 0.816949 0.990634 0.841106 0.869753
0.969358 0.978076 0.668561 0.678701 0.799456 0.757008 0.514961 0.625129 0.680161 0.894733 0.975602 0.987049 0.727410 0.798999 0.783147 0.584014 0.861524 0.896533 0.654267 0.867598 0.945082 0.963658 0.661568 0.735079 0.762782 0.724316 0.916305 0.855419 0.999589 0.943774 0.598962 0.000000 0.673015 0.783851 0.973681 0.855004 0.986239 0.928088 0.864368 0.920530 0.934824 0.883284 0.718839 0.800061 0.837844 0.868998 0.822672 0.990980 0.976449 0.848897 0.861322 0.834735 0.846220 0.866294 0.878370 0.936743 0.948478 0.809627 0.937458 0.903277 0.945212 0.945612 0.865352 0.826853 0.735269 0.805235 0.689377 0.764036 0.850529 0.950426 0.837405 0.865362 0.846816 0.909199 0.916139 0.887487 0.811959 0.821470 0.839104 0.922890 0.886313 0.962095 0.997027 0.961331 0.897190 0.805885 0.824486 0.953300 0.933537 0.936082 0.779249 0.706215 0.710022 0.814718 0.855862 0.971623 0.869461 0.996576 0.878315 0.754291 0.949750 0.786126 0.940346 0.916431 0.734214 0.890451 0.990471 0.955879 0.998160 0.933069 0.953450 0.914036 0.822450 0.932572 0.744631 0.975512
0.594153 0.570123 0.692416 0.609201 0.742189 0.813954 0.515948 0.531983 0.694261 0.907678 0.647764 0.648362 0.670382 0.743861 0.807539 0.571044 0.782162 0.719781 0.544048 0.634192 0.861003 0.995332 0.712116 0.815164 0.713683 0.730822 0.956539 0.837865 0.710690 0.727096 0.596923 0.673015 0.000000 0.451878 0.903010 0.981579 0.842502 0.796925 0.830951 0.715206 0.755054 0.878900 0.590256 0.589303 0.714845 0.709660 0.627893 0.653072 0.748501 0.655161 0.715786 0.709485 0.797919 0.978758 0.587561 0.619848 0.612910 0.802585 0.742819 0.735631 0.718352 0.775366 0.900900 0.869592 0.677053 0.634305 0.526085 0.517976 0.695542 0.746077 0.793692 0.743635 0.684153 0.715235 0.779385 0.916705 0.711182 0.694104 0.647675 0.767955 0.725499 0.678611 0.772411 0.681616 0.600174 0.565787 0.998116 0.960891 0.868321 0.684580 0.858276 0.828227 0.764369 0.878478 0.804356 0.812470 0.748010 0.815240 0.759220 0.829179 0.969542 0.870041 0.789948 0.987232 0.547514 0.738027 0.941365 0.956938 0.901513 0.764337 0.922406 0.883792 0.825029 0.953927 0.815172 0.945069
0.553115 0.573251 0.790657 0.751789 0.764103 0.757696 0.614530 0.610091 0.791627 0.890018 0.551266 0.605861 0.795622 0.924184 0.978977 0.713872 0.613716 0.589923 0.437669 0.710288 0.840322 0.942708 0.983402 0.938796 0.896839 0.915650 0.813779 0.961751 0.612215 0.602771 0.711494 0.783851 0.451878 0.000000 0.933828 0.930001 0.852974 0.787514 0.849348 0.800368 0.738247 0.839984 0.737821 0.757135 0.789712 0.791276 0.625115 0.712648 0.847026 0.879521 0.852134 0.924112 0.970662 0.831265 0.705773 0.768628 0.598833 0.741807 0.684909 0.668644 0.591803 0.740596 0.795359 0.752534 0.895186 0.712494 0.529522 0.556124 0.652114 0.842596 0.749327 0.679863 0.547698 0.696029 0.645843 0.972292 0.814012 0.798011 0.651597 0.681165 0.643994 0.625713 0.851435 0.653678 0.779224 0.724892 0.923890 0.910042 0.906975 0.860622 0.902377 0.909435 0.837907 0.974603 0.714252 0.855690 0.712264 0.935713 0.768184 0.889179 0.961470 0.928072 0.826764 0.867249 0.765900 0.798129 0.791365 0.926899 0.989401 0.837975 0.962124 0.808653 0.875370 0.882489 0.836982 0.950071
0.940797 0.902283 0.905290 0.864483 0.892140 0.910280 0.937530 0.952929 0.848859 0.944808 0.982454 0.949487 0.856266 0.835696 0.813835 0.827431 0.932321 0.974624 0.886872 0.873676 0.826390 0.858016 0.758071 0.811599 0.832711 0.735154 0.844281 0.821180 0.969385 0.968144 0.994361 0.973681 0.903010 0.933828 0.000000 0.950391 0.750545 0.880177 0.757484 0.857981 0.937213 0.974614 0.663276 0.666028 0.692415 0.648600 0.772902 0.709161 0.673731 0.662975 0.715028 0.694098 0.775219 0.804667 0.956802 0.787838 0.882639 0.905977 0.926086 0.902106 0.914555 0.985796 0.980093 0.985398 0.773144 0.984407 0.852036 0.936684 0.816130 0.826662 0.967669 0.993672 0.928709 0.978002 0.978792 0.767905 0.794065 0.760601 0.967937 0.948989 0.944410 0.966202 0.912114 0.984417 0.796172 0.792037 0.961161 0.941761 0.848865 0.694339 0.988477 0.959270 0.969612 0.975962 0.867886 0.819640 0.918796 0.818843 0.906583 0.794867 0.926655 0.956721 0.898684 0.779012 0.792220 0.872081 0.997742 0.962611 0.919064 0.750950 0.986646 0.840016 0.825171 0.912155 0.843469 0.836842
0.909939 0.995131 0.933398 0.978503 0.929066 0.874321 0.986134 0.934818 0.905950 0.868702 0.858321 0.899866 0.941925 0.960051 0.888709 0.897382 0.860156 0.889986 0.966922 0.904260 0.949989 0.968636 0.771202 0.899065 0.959133 0.945304 0.808311 0.926865 0.911310 0.969245 0.921203 0.855004 0.981579 0.930001 0.950391 0.000000 0.912622 0.858797 0.920184 0.923203 0.849634 0.921441 0.862508 0.897411 0.742922 0.827776 0.993836 0.956159 0.877179 0.877654 0.904707 0.809639 0.740093 0.803478 0.927125 0.982883 0.945319 0.912203 0.961663 0.853466 0.859019 0.835607 0.934457 0.909440 0.932753 0.833178 0.953270 0.934766 0.769624 0.979321 0.887924 0.785436 0.853114 0.948759 0.975669 0.857071 0.985596 0.939508 0.924279 0.992306 0.932180 0.905456 0.915349 0.991844 0.885301 0.909466 0.945372 0.959445 0.936887 0.944378 0.999070 0.970357 0.985445 0.986959 0.946830 0.834918 0.959790 0.974076 0.960033 0.865666 0.936321 0.717264 0.944334 0.974110 0.949970 0.937681 0.987660 0.931879 0.905218 0.895631 0.937235 0.952601 0.921083 0.943774 0.737331 0.917779
0.768496 0.847617 0.687426 0.630360 0.835853 0.970363 0.935220 0.792204 0.765565 0.967224 0.803972 0.765412 0.707185 0.817643 0.862256 0.759863 0.927280 0.888127 0.932988 0.762131 0.670417 0.726387 0.884757 0.811219 0.687797 0.623802 0.835557 0.913405 0.919306 0.984083 0.765442 0.986239 0.842502 0.852974 0.750545 0.912622 0.000000 0.633432 0.772580 0.571429 0.890394 0.962781 0.625886 0.588560 0.790613 0.755687 0.719912 0.760379 0.769384 0.776539 0.779452 0.802525 0.882487 0.980005 0.806388 0.797358 0.786633 0.892976 0.962508 0.922935 0.987253 0.776905 0.916645 0.969006 0.643961 0.683123 0.796393 0.891914 0.737027 0.757388 0.738980 0.799037 0.930026 0.908041 0.961632 0.899375 0.750570 0.802417 0.737599 0.735561 0.855146 0.868971 0.921685 0.865448 0.828562 0.775402 0.956169 0.776111 0.865835 0.721016 0.876705 0.892725 0.824471 0.829185 0.866074 0.845458 0.952909 0.949205 0.818513 0.865065 0.834235 0.925240 0.863525 0.794742 0.875965 0.866578 0.962158 0.941115 0.982226 0.956060 0.968667 0.944772 0.962581 0.925295 0.806893 0.798283
0.729924 0.820209 0.605711 0.619762 0.772572 0.881538 0.875982 0.757013 0.821677 0.910723 0.752019 0.771917 0.732445 0.746886 0.879298 0.658878 0.928192 0.916297 0.843163 0.601602 0.822697 0.904384 0.868928 0.765530 0.642287 0.676042 0.830058 0.988340 0.959673 0.987247 0.731216 0.928088 0.796925 0.787514 0.880177 0.858797 0.633432 0.000000 0.744290 0.582247 0.864369 0.995548 0.713671 0.650787 0.850886 0.780219 0.809745 0.691231 0.828793 0.798782 0.778807 0.812480 0.904700 0.993623 0.742558 0.817697 0.727081 0.918855 0.970809 0.889280 0.942075 0.767922 0.912213 0.988959 0.624249 0.651749 0.817921 0.924261 0.624976 0.717917 0.773938 0.773477 0.860906 0.738536 0.822554 0.694209 0.734123 0.845706 0.710682 0.941580 0.881285 0.873190 0.846301 0.812784 0.850335 0.747271 0.996013 0.848778 0.664937 0.648904 0.947276 0.906505 0.863435 0.816324 0.917338 0.949438 0.969846 0.879876 0.988516 0.967033 0.846530 0.914183 0.895231 0.937785 0.785750 0.827499 0.948957 0.883653 0.914735 0.842270 0.922342 0.973234 0.886502 0.962660 0.894061 0.867080
