0.000000 0.125416 0.200655 0.192993 0.645905 0.471690 0.167869 0.141266 0.362154 0.272490 0.175610 0.117295 0.130330 0.218753 0.208054 0.234565 0.115834 0.113909 0.119404 0.128925 0.419831 0.746121 0.226133 0.378599 0.565614 0.489230 0.930257 0.978423 0.161354 0.130517 0.210813 0.279475 0.132723 0.140536 0.400946 0.577281 0.351943 0.447403 0.622861 0.656542 0.704391 0.506796 0.192509 0.172017 0.209457 0.162479 0.173413 0.166492 0.589909 0.261238 0.334825 0.240370 0.373004 0.384741 0.393199 0.422559 0.143251 0.133149 0.125647 0.155389 0.108742 0.177133 0.115583 0.121135 0.317816 0.213880 0.189341 0.163725 0.286749 0.182681 0.236330 0.232582 0.316965 0.315009 0.565263 0.552586 0.297481 0.265956 0.140589 0.182096 0.094770 0.129137 0.398726 0.282793 0.209351 0.346444 0.934743 0.974444 0.377355 0.441220 0.482275 0.557579 0.464445 0.668504 0.364969 0.409656 0.280804 0.475424 0.226568 0.209507 0.521628 0.564451 0.278216 0.289111 0.293726 0.288188 0.732394 0.515498 0.577239 0.321190 0.624644 0.343068 0.279452 0.413917 0.453805 0.920315
0.125416 0.000000 0.237362 0.216405 0.646095 0.488849 0.192399 0.153377 0.424700 0.297752 0.209807 0.125539 0.145865 0.199192 0.220218 0.241917 0.131210 0.115061 0.125076 0.139416 0.402308 0.737218 0.233625 0.374904 0.563380 0.507740 0.936299 0.972371 0.142887 0.146424 0.218558 0.276835 0.142659 0.162686 0.448136 0.566033 0.337786 0.491268 0.625858 0.629643 0.770616 0.402197 0.176712 0.161100 0.206085 0.172274 0.180703 0.144730 0.541807 0.288540 0.343209 0.263541 0.417996 0.402368 0.407546 0.442491 0.114634 0.101668 0.117936 0.155633 0.128178 0.197500 0.125311 0.113812 0.363662 0.265286 0.208846 0.174560 0.297355 0.164455 0.247966 0.242721 0.401075 0.407601 0.602457 0.589349 0.297773 0.305089 0.186476 0.212992 0.110397 0.134943 0.368549 0.252020 0.214354 0.331239 0.986011 0.929948 0.401088 0.426858 0.546486 0.606816 0.510017 0.729964 0.284626 0.455829 0.288892 0.370213 0.262583 0.219394 0.553821 0.602405 0.309708 0.246411 0.285669 0.269325 0.798016 0.564419 0.572831 0.326774 0.610158 0.336828 0.333502 0.358995 0.427829 0.865466
0.200655 0.237362 0.000000 0.108590 0.657169 0.440898 0.143133 0.169977 0.314754 0.333000 0.254516 0.229378 0.224485 0.333288 0.300658 0.303652 0.269134 0.217322 0.186602 0.188121 0.378831 0.733048 0.218012 0.319540 0.386783 0.292233 0.961513 0.921218 0.278860 0.232558 0.167587 0.262793 0.159901 0.199661 0.426328 0.648531 0.329432 0.525895 0.535301 0.665034 0.787879 0.549572 0.195023 0.195875 0.283911 0.274567 0.232689 0.244506 0.701849 0.361168 0.431074 0.343638 0.433711 0.378125 0.420457 0.499394 0.309245 0.294254 0.288642 0.299788 0.183143 0.249002 0.283837 0.280626 0.190338 0.144352 0.178825 0.179274 0.315602 0.245570 0.227681 0.274898 0.286747 0.261792 0.647328 0.621880 0.291264 0.287035 0.252588 0.292567 0.212976 0.196029 0.461835 0.319419 0.263895 0.304873 0.913009 0.966716 0.437128 0.429657 0.410309 0.489375 0.404064 0.557290 0.348097 0.517535 0.365099 0.536468 0.310681 0.291843 0.494758 0.479454 0.415449 0.297430 0.313845 0.361321 0.812248 0.542885 0.634893 0.438712 0.675536 0.445182 0.328440 0.516326 0.479721 0.900469
0.192993 0.216405 0.108590 0.000000 0.660569 0.401952 0.137064 0.130920 0.318974 0.278138 0.282613 0.185046 0.199156 0.272263 0.253749 0.243161 0.245812 0.201322 0.180277 0.182745 0.354704 0.704657 0.181675 0.299092 0.395235 0.305750 0.947570 0.888400 0.245722 0.201677 0.158290 0.234737 0.128284 0.166005 0.361225 0.609257 0.294337 0.485977 0.511773 0.687959 0.734179 0.498996 0.157069 0.173181 0.229432 0.227482 0.192976 0.217661 0.625588 0.319786 0.389848 0.300540 0.434110 0.384409 0.399658 0.471472 0.273960 0.257943 0.234456 0.262620 0.169131 0.209225 0.254758 0.227344 0.204898 0.147704 0.149317 0.135249 0.330600 0.235836 0.187702 0.254651 0.318012 0.346456 0.588997 0.616639 0.258353 0.279142 0.222688 0.289873 0.182810 0.159893 0.397499 0.248148 0.228764 0.256648 0.922233 0.975667 0.424905 0.392440 0.393646 0.472773 0.370088 0.544915 0.335626 0.492814 0.333286 0.483996 0.264285 0.243002 0.478029 0.464446 0.333515 0.268317 0.260013 0.307581 0.847142 0.556790 0.637049 0.420334 0.600922 0.380879 0.316490 0.425225 0.462462 0.961120
0.645905 0.646095 0.657169 0.660569 0.000000 0.681812 0.636376 0.628332 0.811937 0.700001 0.748210 0.691952 0.591367 0.684280 0.648001 0.623110 0.695685 0.703707 0.645356 0.757513 0.672170 0.726142 0.618542 0.678883 0.887014 0.859467 0.842408 0.898595 0.676644 0.727116 0.758721 0.852151 0.656320 0.692739 0.806703 0.842720 0.897648 0.850213 0.773672 0.843374 0.811395 0.679362 0.593963 0.652555 0.645971 0.642717 0.559883 0.633434 0.778258 0.633111 0.553497 0.556367 0.678429 0.517229 0.758117 0.667548 0.696990 0.733380 0.695948 0.727571 0.620831 0.625305 0.638532 0.635038 0.647015 0.629449 0.601942 0.645335 0.854118 0.727070 0.494620 0.629889 0.774091 0.788526 0.950020 0.698892 0.734740 0.762638 0.742648 0.748444 0.639384 0.673318 0.599983 0.699646 0.565278 0.601481 0.929410 0.897840 0.845255 0.673664 0.606530 0.626137 0.634455 0.725162 0.835770 0.715087 0.740562 0.725004 0.661494 0.624581 0.744497 0.832310 0.638976 0.707704 0.576352 0.690254 0.811020 0.578670 0.814813 0.900898 0.808244 0.731479 0.668646 0.697249 0.692628 0.992037
0.471690 0.488849 0.440898 0.401952 0.681812 0.000000 0.365736 0.353261 0.499311 0.414428 0.532664 0.474293 0.474937 0.578859 0.564956 0.505865 0.536224 0.487901 0.477620 0.514096 0.591412 0.945799 0.510525 0.625111 0.781335 0.592888 0.926932 0.863559 0.534806 0.532251 0.491514 0.597399 0.455774 0.477216 0.495601 0.758778 0.608346 0.843677 0.853976 0.938244 0.679311 0.624799 0.357125 0.447390 0.391345 0.414248 0.406033 0.443196 0.746355 0.556207 0.524931 0.478838 0.580893 0.523163 0.644361 0.692438 0.571329 0.567275 0.488401 0.531817 0.468551 0.516657 0.480101 0.503226 0.595133 0.472854 0.338328 0.384275 0.653017 0.484648 0.357460 0.380595 0.617081 0.641469 0.631483 0.699497 0.430971 0.493031 0.421037 0.624230 0.429845 0.452171 0.656143 0.475998 0.514091 0.617790 0.952746 0.928492 0.767782 0.676958 0.343381 0.427541 0.314572 0.502160 0.588031 0.672902 0.435804 0.731193 0.424198 0.442912 0.485750 0.468716 0.539996 0.513946 0.419749 0.583021 0.924270 0.622396 0.778230 0.678456 0.661556 0.552109 0.450836 0.540782 0.600126 0.917351
0.167869 0.192399 0.143133 0.137064 0.636376 0.365736 0.000000 0.101640 0.295635 0.202793 0.211551 0.198869 0.209501 0.328075 0.311256 0.326487 0.192254 0.156866 0.140765 0.177256 0.386262 0.711272 0.286515 0.439433 0.603236 0.470063 0.883745 0.967277 0.251731 0.209086 0.227212 0.307498 0.149985 0.146420 0.457618 0.636452 0.401849 0.540364 0.630970 0.702785 0.706817 0.485103 0.143633 0.115785 0.172564 0.184517 0.210689 0.204283 0.668089 0.362595 0.382155 0.318021 0.461407 0.340601 0.413712 0.549162 0.207390 0.228916 0.214816 0.292621 0.158244 0.261912 0.223955 0.230303 0.301309 0.192574 0.115937 0.129073 0.315358 0.237883 0.194395 0.190085 0.298648 0.292676 0.599566 0.546887 0.258296 0.241897 0.246139 0.278720 0.166531 0.176703 0.469721 0.321108 0.307132 0.404891 0.924971 0.884686 0.471675 0.534117 0.329893 0.376917 0.315429 0.432692 0.317182 0.451467 0.289337 0.477712 0.213361 0.206952 0.422544 0.356966 0.338550 0.231830 0.277777 0.320395 0.862137 0.505834 0.619701 0.399169 0.565420 0.331678 0.230107 0.381305 0.472280 0.893074
0.141266 0.153377 0.169977 0.130920 0.628332 0.353261 0.101640 0.000000 0.332248 0.181450 0.231556 0.142046 0.168382 0.251835 0.246666 0.261288 0.165842 0.142015 0.160000 0.167752 0.394949 0.735644 0.242904 0.403610 0.600302 0.468453 0.880548 0.925236 0.205396 0.178526 0.238916 0.306363 0.123867 0.133449 0.388577 0.579533 0.348250 0.465420 0.634742 0.672076 0.659683 0.440560 0.129960 0.140884 0.147717 0.155394 0.182633 0.187301 0.548095 0.295413 0.316648 0.255019 0.399255 0.348635 0.396406 0.463709 0.179720 0.177345 0.165476 0.222882 0.128551 0.172947 0.179033 0.147744 0.285056 0.188076 0.116346 0.116771 0.361971 0.200459 0.206470 0.220260 0.361078 0.383617 0.599040 0.556003 0.252627 0.236774 0.180523 0.289335 0.133851 0.155785 0.432540 0.273411 0.236209 0.344409 0.992368 0.896456 0.433825 0.411448 0.307550 0.366326 0.286964 0.464847 0.271305 0.377685 0.241305 0.406980 0.164039 0.150820 0.368610 0.406156 0.256911 0.195332 0.210833 0.267950 0.832936 0.452018 0.598913 0.358175 0.528280 0.298269 0.230038 0.349719 0.432422 0.903081
0.362154 0.424700 0.314754 0.318974 0.811937 0.499311 0.295635 0.332248 0.000000 0.350793 0.366781 0.353681 0.360807 0.465553 0.433532 0.415879 0.414662 0.385858 0.373186 0.354497 0.558227 0.836404 0.386429 0.530187 0.655971 0.519803 0.901793 0.971014 0.428199 0.382176 0.374274 0.448635 0.351288 0.354780 0.557359 0.707905 0.458141 0.524992 0.750569 0.734643 0.889369 0.712959 0.373140 0.342274 0.402527 0.390687 0.359738 0.388112 0.785439 0.481623 0.469751 0.423770 0.527088 0.452275 0.551779 0.584431 0.435415 0.450995 0.409427 0.452776 0.318683 0.388962 0.400865 0.433368 0.346191 0.328366 0.339388 0.339144 0.420978 0.426035 0.373206 0.465434 0.359821 0.348084 0.668839 0.529659 0.417322 0.381891 0.434525 0.414236 0.386621 0.397742 0.580219 0.529814 0.447336 0.533672 0.902853 0.910224 0.594920 0.625329 0.481357 0.489889 0.454371 0.532337 0.496651 0.464889 0.509956 0.758994 0.357282 0.377040 0.517972 0.438258 0.484682 0.379744 0.456622 0.495086 0.793317 0.549646 0.691394 0.565842 0.600218 0.545567 0.401454 0.620058 0.518487 0.904996
0.272490 0.297752 0.333000 0.278138 0.700001 0.414428 0.202793 0.181450 0.350793 0.000000 0.285785 0.248584 0.305843 0.375768 0.367041 0.391454 0.258107 0.251541 0.293983 0.309157 0.537249 0.777914 0.412239 0.574920 0.812879 0.605627 0.922174 0.980156 0.314899 0.277063 0.389741 0.416974 0.237777 0.240297 0.447851 0.692829 0.465260 0.521853 0.753490 0.745757 0.778793 0.458151 0.263825 0.272383 0.267033 0.283814 0.375165 0.335427 0.642681 0.435968 0.433097 0.365846 0.548847 0.450941 0.519198 0.568679 0.294290 0.312471 0.266962 0.343181 0.252961 0.277476 0.302570 0.270308 0.416620 0.287000 0.256781 0.253853 0.418741 0.269399 0.342469 0.311567 0.379448 0.414057 0.580602 0.512793 0.336613 0.278876 0.322484 0.376081 0.251696 0.296498 0.576620 0.367527 0.430876 0.549471 0.991708 0.817773 0.551087 0.587916 0.362014 0.367022 0.338614 0.444768 0.409495 0.400354 0.351222 0.499698 0.197961 0.222540 0.396847 0.328288 0.337219 0.243546 0.340197 0.367502 0.881302 0.489760 0.701042 0.481127 0.563442 0.378317 0.282269 0.384885 0.509245 0.922646
0.175610 0.209807 0.254516 0.282613 0.748210 0.532664 0.211551 0.231556 0.366781 0.285785 0.000000 0.171206 0.195469 0.274193 0.287354 0.314880 0.139399 0.127545 0.140778 0.153598 0.457013 0.752709 0.337386 0.423554 0.649737 0.510766 0.974947 0.988596 0.183348 0.137299 0.251228 0.255042 0.209397 0.177093 0.569197 0.652862 0.479756 0.582325 0.681077 0.619176 0.754821 0.555143 0.304433 0.240620 0.368274 0.328886 0.306901 0.277943 0.840943 0.479353 0.550137 0.460192 0.551676 0.510789 0.504933 0.639778 0.180988 0.206954 0.266940 0.321371 0.185879 0.298686 0.171193 0.209720 0.399084 0.271790 0.296925 0.285076 0.278654 0.276984 0.342740 0.326024 0.354276 0.327041 0.669022 0.567652 0.369108 0.290166 0.249624 0.204434 0.165192 0.206095 0.416627 0.336979 0.382566 0.492953 0.859524 0.936985 0.523533 0.626694 0.594298 0.657913 0.607066 0.720666 0.393480 0.512901 0.420995 0.600241 0.387373 0.319438 0.610031 0.546021 0.395752 0.269012 0.463776 0.424965 0.856670 0.623429 0.760728 0.429389 0.671490 0.443990 0.365584 0.473997 0.544803 0.994888
0.117295 0.125539 0.229378 0.185046 0.691952 0.474293 0.198869 0.142046 0.353681 0.248584 0.171206 0.000000 0.102819 0.133255 0.148403 0.159492 0.110328 0.104645 0.134011 0.139367 0.409168 0.722754 0.185489 0.318534 0.568073 0.479654 0.985196 0.926409 0.111530 0.100522 0.202203 0.235819 0.121976 0.152035 0.406173 0.575079 0.356100 0.436238 0.603921 0.619873 0.709043 0.464326 0.207620 0.199630 0.244754 0.210094 0.206240 0.183450 0.615997 0.325858 0.382303 0.293242 0.448374 0.449526 0.428874 0.480549 0.133691 0.138401 0.147749 0.183561 0.104360 0.148799 0.099103 0.089235 0.306738 0.207410 0.214594 0.186044 0.318304 0.189793 0.251838 0.266232 0.364942 0.379970 0.576097 0.554645 0.281221 0.239751 0.151924 0.222531 0.112338 0.159675 0.318245 0.246680 0.213566 0.322897 0.920243 0.929316 0.402165 0.439101 0.545844 0.616809 0.510405 0.750316 0.323001 0.434370 0.353494 0.426538 0.262511 0.213830 0.547197 0.607481 0.284679 0.245598 0.299578 0.271406 0.791696 0.550060 0.629328 0.306740 0.575625 0.368966 0.324267 0.363850 0.424166 0.971095
0.130330 0.145865 0.224485 0.199156 0.591367 0.474937 0.209501 0.168382 0.360807 0.305843 0.195469 0.102819 0.000000 0.113557 0.098969 0.119965 0.142541 0.149074 0.152067 0.190093 0.355610 0.735162 0.132925 0.246469 0.526447 0.494873 0.993458 0.985320 0.134551 0.133742 0.179648 0.255427 0.153173 0.183683 0.439315 0.606179 0.331375 0.412697 0.587473 0.627973 0.675545 0.476862 0.211799 0.202700 0.267273 0.235284 0.199424 0.176380 0.652667 0.336010 0.372086 0.285389 0.435992 0.431402 0.431195 0.506673 0.165987 0.179300 0.182240 0.225355 0.098384 0.162074 0.104982 0.108765 0.260281 0.208765 0.217954 0.208073 0.392268 0.260000 0.238735 0.275367 0.382860 0.398537 0.637144 0.549291 0.309827 0.261487 0.191842 0.259596 0.136214 0.189472 0.265288 0.293954 0.168302 0.270599 0.900708 0.986251 0.407126 0.393960 0.556817 0.627436 0.520801 0.758723 0.347253 0.459594 0.362052 0.459278 0.307754 0.258425 0.580483 0.619734 0.284460 0.293872 0.292514 0.253552 0.738467 0.516550 0.611681 0.346734 0.605635 0.415348 0.376846 0.403295 0.419101 0.999510
0.218753 0.199192 0.333288 0.272263 0.684280 0.578859 0.328075 0.251835 0.465553 0.375768 0.274193 0.133255 0.113557 0.000000 0.100615 0.119179 0.205400 0.213632 0.234813 0.260507 0.375558 0.715083 0.155557 0.212839 0.553255 0.544864 0.968190 0.864159 0.155667 0.173867 0.231514 0.259286 0.210565 0.251056 0.445780 0.629231 0.358284 0.412702 0.611242 0.625317 0.717870 0.487058 0.290204 0.290628 0.350802 0.316839 0.266456 0.236978 0.626463 0.390500 0.419948 0.361555 0.512165 0.529695 0.495763 0.562178 0.216960 0.229498 0.218441 0.280084 0.169055 0.212034 0.148034 0.136231 0.315066 0.283114 0.293166 0.274654 0.476978 0.321019 0.323314 0.381544 0.518631 0.549289 0.671799 0.620534 0.336745 0.295495 0.232606 0.333231 0.213502 0.265369 0.234167 0.337572 0.199644 0.260640 0.904872 0.929484 0.454883 0.411174 0.671775 0.749145 0.626638 0.885644 0.374084 0.494857 0.451841 0.411632 0.389381 0.322300 0.626935 0.718627 0.290542 0.360385 0.334296 0.285672 0.823151 0.590788 0.613086 0.380184 0.602238 0.483525 0.483635 0.436307 0.437496 0.968813
0.208054 0.220218 0.300658 0.253749 0.648001 0.564956 0.311256 0.246666 0.433532 0.367041 0.287354 0.148403 0.098969 0.100615 0.000000 0.111455 0.230923 0.236734 0.243936 0.285189 0.390376 0.751793 0.124115 0.228222 0.503285 0.504705 0.940564 0.959233 0.189887 0.191195 0.219883 0.290235 0.215059 0.265208 0.410978 0.661268 0.333376 0.423150 0.603416 0.610663 0.704944 0.514928 0.276924 0.281608 0.336872 0.303268 0.267769 0.223379 0.631688 0.363131 0.392654 0.307369 0.445221 0.471303 0.452803 0.503163 0.246338 0.253760 0.236821 0.270515 0.148909 0.187912 0.167283 0.154081 0.252135 0.249621 0.290337 0.284754 0.483583 0.331727 0.303704 0.354719 0.430780 0.492900 0.643481 0.600991 0.355648 0.298559 0.258647 0.338747 0.216859 0.266030 0.274769 0.360629 0.173703 0.255634 0.875595 0.910477 0.405350 0.357075 0.637279 0.704663 0.585834 0.851928 0.383188 0.492198 0.438262 0.465533 0.350548 0.310269 0.616020 0.703952 0.294180 0.364122 0.312881 0.266340 0.713930 0.538758 0.660526 0.435595 0.647579 0.469191 0.462009 0.472123 0.434835 0.949232
0.234565 0.241917 0.303652 0.243161 0.623110 0.505865 0.326487 0.261288 0.415879 0.391454 0.314880 0.159492 0.119965 0.119179 0.111455 0.000000 0.241508 0.252322 0.250101 0.303510 0.367658 0.784039 0.107647 0.186881 0.474041 0.496962 0.905005 0.895960 0.191711 0.204160 0.188727 0.263941 0.220386 0.274083 0.441097 0.642915 0.369223 0.435061 0.575684 0.616074 0.677037 0.503533 0.273127 0.296407 0.360189 0.321659 0.262670 0.247240 0.695324 0.378459 0.416460 0.333062 0.457837 0.450087 0.503892 0.532691 0.287813 0.293403 0.257338 0.293701 0.175469 0.216226 0.184355 0.171230 0.283121 0.249455 0.275599 0.294208 0.442837 0.323709 0.254313 0.325398 0.441271 0.512786 0.622101 0.591596 0.336150 0.287109 0.240542 0.323174 0.214201 0.259066 0.229844 0.312994 0.188132 0.220303 0.902434 0.912434 0.453745 0.409688 0.625076 0.700556 0.570491 0.838203 0.406935 0.484295 0.467014 0.463017 0.412140 0.361325 0.659434 0.670698 0.315431 0.401686 0.321755 0.294418 0.708398 0.640535 0.653854 0.459754 0.713193 0.532407 0.494478 0.423237 0.460665 0.992685
0.115834 0.131210 0.269134 0.245812 0.695685 0.536224 0.192254 0.165842 0.414662 0.258107 0.139399 0.110328 0.142541 0.205400 0.230923 0.241508 0.000000 0.089719 0.118934 0.134073 0.438946 0.672658 0.276732 0.412327 0.668361 0.570304 0.954835 0.989783 0.121166 0.105633 0.245449 0.242573 0.151638 0.130163 0.489357 0.574512 0.411129 0.501440 0.649148 0.622553 0.697905 0.473242 0.234155 0.181092 0.255118 0.229325 0.243666 0.218745 0.679160 0.364339 0.437459 0.339185 0.497109 0.456151 0.457060 0.540069 0.111215 0.126985 0.157731 0.207151 0.133578 0.208481 0.118173 0.120626 0.386926 0.246898 0.228945 0.204614 0.277806 0.183216 0.292164 0.270462 0.354016 0.354309 0.606097 0.514480 0.315291 0.252258 0.162844 0.179955 0.106049 0.154073 0.353671 0.281023 0.291791 0.401216 0.946247 0.943015 0.441922 0.530550 0.590115 0.641483 0.571983 0.723150 0.336619 0.461647 0.337218 0.417595 0.303381 0.227439 0.607458 0.581393 0.297101 0.248446 0.359395 0.276754 0.824757 0.588945 0.642872 0.324206 0.606825 0.342206 0.344925 0.333710 0.502672 0.933803
0.113909 0.115061 0.217322 0.201322 0.703707 0.487901 0.156866 0.142015 0.385858 0.251541 0.127545 0.104645 0.149074 0.213632 0.236734 0.252322 0.089719 0.000000 0.089898 0.099582 0.420188 0.713675 0.279247 0.409349 0.622406 0.512353 0.917860 0.955119 0.114224 0.089654 0.226474 0.237338 0.130173 0.117012 0.478897 0.609348 0.386077 0.504323 0.628994 0.595014 0.776642 0.454121 0.199872 0.146449 0.238149 0.200884 0.199191 0.176023 0.653181 0.357357 0.424024 0.336190 0.484120 0.441942 0.439117 0.517176 0.099360 0.108779 0.160969 0.210409 0.120623 0.205349 0.109319 0.111098 0.364442 0.229354 0.206493 0.189994 0.260539 0.188554 0.285316 0.263425 0.376707 0.358643 0.578774 0.551400 0.312844 0.243145 0.164156 0.193693 0.105463 0.131472 0.363360 0.244347 0.280305 0.385976 0.908367 0.912071 0.460995 0.499016 0.540920 0.606046 0.530203 0.694800 0.310809 0.439649 0.335338 0.419807 0.272842 0.214896 0.556094 0.557724 0.300331 0.214800 0.323923 0.301490 0.844186 0.599949 0.646440 0.320569 0.643780 0.320623 0.291234 0.368014 0.446245 0.936117
0.119404 0.125076 0.186602 0.180277 0.645356 0.477620 0.140765 0.160000 0.373186 0.293983 0.140778 0.134011 0.152067 0.234813 0.243936 0.250101 0.118934 0.089898 0.000000 0.111447 0.400243 0.682085 0.259225 0.383582 0.537368 0.481380 0.947943 0.984537 0.157883 0.118524 0.190226 0.248298 0.149760 0.134609 0.468236 0.599030 0.393439 0.514545 0.564445 0.638598 0.770557 0.439361 0.180981 0.142858 0.244686 0.215284 0.186612 0.177883 0.670283 0.331894 0.416139 0.331617 0.493160 0.406136 0.425159 0.552321 0.139695 0.148562 0.184195 0.237149 0.133768 0.250634 0.138110 0.154359 0.339761 0.231461 0.196759 0.186883 0.255300 0.203419 0.226846 0.226855 0.332948 0.320429 0.601952 0.520557 0.320251 0.274565 0.207464 0.172676 0.118559 0.139853 0.376361 0.286831 0.270091 0.368746 0.916211 0.940671 0.467596 0.526969 0.533065 0.603887 0.524723 0.670420 0.333811 0.456504 0.348589 0.458366 0.290423 0.256169 0.577959 0.553962 0.333510 0.263453 0.334825 0.316595 0.778669 0.594301 0.621927 0.353685 0.644538 0.343221 0.325684 0.411712 0.471245 0.952032
0.128925 0.139416 0.188121 0.182745 0.757513 0.514096 0.177256 0.167752 0.354497 0.309157 0.153598 0.139367 0.190093 0.260507 0.285189 0.303510 0.134073 0.099582 0.111447 0.000000 0.432987 0.708381 0.283378 0.378157 0.531385 0.404946 0.959402 0.946021 0.151039 0.114676 0.207862 0.213646 0.137963 0.123981 0.460684 0.630161 0.378984 0.537412 0.622985 0.611300 0.809404 0.524564 0.217267 0.178560 0.270261 0.225025 0.199464 0.206843 0.662048 0.342654 0.452645 0.367237 0.490939 0.483500 0.440858 0.509223 0.148218 0.142689 0.185016 0.214624 0.158820 0.235327 0.157920 0.167688 0.355159 0.234792 0.226271 0.187183 0.254821 0.203544 0.288468 0.298873 0.326044 0.319686 0.614717 0.577267 0.308061 0.279709 0.193328 0.185258 0.129398 0.125772 0.420389 0.271393 0.296964 0.395066 0.865032 0.935510 0.415112 0.497666 0.564651 0.649056 0.563545 0.731527 0.321219 0.499980 0.350918 0.492212 0.298655 0.249803 0.552401 0.609164 0.373073 0.257921 0.373678 0.335929 0.811661 0.585761 0.610521 0.339498 0.613529 0.355775 0.338181 0.442051 0.460656 0.893750
0.419831 0.402308 0.378831 0.354704 0.672170 0.591412 0.386262 0.394949 0.558227 0.537249 0.457013 0.409168 0.355610 0.375558 0.390376 0.367658 0.438946 0.420188 0.400243 0.432987 0.000000 0.746428 0.335011 0.360051 0.517650 0.513448 0.980190 0.925507 0.441998 0.447030 0.334972 0.481273 0.371216 0.365817 0.482378 0.711643 0.478302 0.480637 0.598295 0.682513 0.646718 0.671631 0.357907 0.353294 0.433342 0.406811 0.383307 0.382337 0.769518 0.462597 0.546937 0.487906 0.607060 0.509478 0.523327 0.663280 0.452299 0.430277 0.404768 0.431581 0.383405 0.438822 0.405796 0.403616 0.397047 0.410229 0.371263 0.391124 0.563244 0.482247 0.350373 0.393701 0.533102 0.564670 0.779824 0.714812 0.370769 0.361192 0.458150 0.481301 0.414184 0.387040 0.369399 0.435650 0.378040 0.421858 0.959986 0.976771 0.632658 0.514196 0.588871 0.682034 0.556332 0.765002 0.502799 0.590376 0.466223 0.614308 0.549195 0.474814 0.680445 0.619781 0.412942 0.430177 0.418724 0.426922 0.865442 0.582971 0.607873 0.648374 0.672087 0.607891 0.524894 0.539743 0.512111 0.920920
0.746121 0.737218 0.733048 0.704657 0.726142 0.945799 0.711272 0.735644 0.836404 0.777914 0.752709 0.722754 0.735162 0.715083 0.751793 0.784039 0.672658 0.713675 0.682085 0.708381 0.746428 0.000000 0.745297 0.807734 0.983883 0.793300 0.891262 0.788744 0.671606 0.703398 0.799139 0.691328 0.674421 0.685893 0.855343 0.795119 0.792982 0.859828 0.748279 0.728015 0.948767 0.868903 0.740795 0.704685 0.749008 0.782166 0.752819 0.774492 0.821943 0.801455 0.774703 0.783836 0.910092 0.765755 0.757474 0.902640 0.708735 0.759635 0.762257 0.817701 0.699200 0.740914 0.729760 0.724499 0.713356 0.691818 0.710568 0.670447 0.788258 0.759224 0.748716 0.793008 0.785631 0.769468 0.921096 0.624551 0.747397 0.754928 0.850313 0.729730 0.738291 0.721244 0.660774 0.733226 0.748698 0.700693 0.891380 0.905387 0.759501 0.745770 0.855926 0.926547 0.908612 0.904319 0.797511 0.850652 0.844763 0.699737 0.747568 0.693355 0.910688 0.921417 0.731536 0.672264 0.790938 0.707181 0.980285 0.733531 0.909162 0.815804 0.737386 0.766177 0.802361 0.764851 0.711055 0.873019
0.226133 0.233625 0.218012 0.181675 0.618542 0.510525 0.286515 0.242904 0.386429 0.412239 0.337386 0.185489 0.132925 0.155557 0.124115 0.107647 0.276732 0.279247 0.259225 0.283378 0.335011 0.745297 0.000000 0.158280 0.370929 0.379894 0.905482 0.934358 0.222997 0.236111 0.140760 0.235448 0.190681 0.255955 0.385508 0.612135 0.303795 0.419405 0.538961 0.657367 0.719490 0.525871 0.239638 0.274039 0.332432 0.297365 0.231372 0.236305 0.659983 0.340509 0.396685 0.304248 0.408529 0.430028 0.426977 0.484525 0.306071 0.306339 0.251042 0.269659 0.164003 0.192839 0.213049 0.206112 0.190351 0.194034 0.228201 0.238332 0.435872 0.304818 0.227198 0.325686 0.371633 0.443521 0.655838 0.629678 0.308384 0.304591 0.248630 0.331064 0.212638 0.236796 0.260879 0.295518 0.127819 0.158278 0.931574 0.880626 0.382202 0.333299 0.588278 0.680773 0.532949 0.814012 0.370060 0.507317 0.419074 0.470914 0.388054 0.348770 0.625059 0.673999 0.339798 0.392864 0.311863 0.265977 0.721175 0.587062 0.623911 0.474439 0.683785 0.519256 0.457043 0.481817 0.403855 0.986031
0.378599 0.374904 0.319540 0.299092 0.678883 0.625111 0.439433 0.403610 0.530187 0.574920 0.423554 0.318534 0.246469 0.212839 0.228222 0.186881 0.412327 0.409349 0.383582 0.378157 0.360051 0.807734 0.158280 0.000000 0.327502 0.359681 0.921815 0.835205 0.316410 0.322886 0.212137 0.264560 0.314987 0.382269 0.469818 0.696229 0.412732 0.550085 0.543020 0.679964 0.777945 0.622900 0.395065 0.430597 0.517154 0.463032 0.363370 0.374040 0.769137 0.492038 0.552997 0.505636 0.541510 0.573425 0.529845 0.613159 0.463630 0.454424 0.406668 0.446537 0.313750 0.353465 0.326919 0.346910 0.302195 0.310605 0.376471 0.394473 0.558380 0.456534 0.362759 0.475879 0.503781 0.557388 0.780620 0.705307 0.434609 0.406081 0.373395 0.414376 0.337746 0.332195 0.254397 0.359318 0.242359 0.181991 0.783922 0.696974 0.477514 0.427060 0.757495 0.861318 0.722318 0.964477 0.476790 0.665640 0.574022 0.563682 0.624999 0.543690 0.726094 0.779046 0.507181 0.537732 0.463290 0.447788 0.822117 0.699057 0.664957 0.580592 0.758236 0.704162 0.645627 0.645642 0.532859 0.975240
0.565614 0.563380 0.386783 0.395235 0.887014 0.781335 0.603236 0.600302 0.655971 0.812879 0.649737 0.568073 0.526447 0.553255 0.503285 0.474041 0.668361 0.622406 0.537368 0.531385 0.517650 0.983883 0.370929 0.327502 0.000000 0.274600 0.835631 0.861844 0.609803 0.564331 0.321814 0.467579 0.511367 0.596766 0.517858 0.765085 0.474099 0.696528 0.488044 0.844211 0.817460 0.820913 0.565301 0.602869 0.702448 0.645980 0.514229 0.566925 0.862893 0.583988 0.739830 0.635833 0.654306 0.721588 0.531123 0.667844 0.713110 0.615870 0.613065 0.538371 0.547812 0.546584 0.625603 0.611974 0.392362 0.476739 0.590023 0.571580 0.576355 0.578913 0.546483 0.598577 0.513178 0.601006 0.730811 0.871913 0.604889 0.680737 0.570592 0.534432 0.557064 0.502678 0.592648 0.558622 0.426482 0.360300 0.946107 0.897232 0.620671 0.489280 0.887452 0.956204 0.817242 0.990391 0.624880 0.833366 0.687010 0.779067 0.786045 0.768713 0.945525 0.911489 0.807764 0.747717 0.605050 0.643693 0.796453 0.938099 0.720342 0.678702 0.932111 0.809750 0.768849 0.833470 0.661368 0.965704
0.489230 0.507740 0.292233 0.305750 0.859467 0.592888 0.470063 0.468453 0.519803 0.605627 0.510766 0.479654 0.494873 0.544864 0.504705 0.496962 0.570304 0.512353 0.481380 0.404946 0.513448 0.793300 0.379894 0.359681 0.274600 0.000000 0.824423 0.752390 0.513505 0.480572 0.307935 0.358899 0.393802 0.435084 0.438379 0.732885 0.412015 0.701367 0.522462 0.684095 0.856875 0.764287 0.433603 0.466435 0.541238 0.488466 0.412042 0.475137 0.705914 0.505761 0.606333 0.533931 0.529088 0.621855 0.533357 0.533470 0.611492 0.549210 0.499317 0.484608 0.444342 0.447044 0.547765 0.544055 0.318374 0.312663 0.445315 0.408763 0.512933 0.482402 0.488040 0.515983 0.420726 0.491793 0.745321 0.803388 0.445524 0.538804 0.515945 0.459625 0.466221 0.409207 0.584059 0.428119 0.410962 0.366615 0.905481 0.883686 0.472905 0.453574 0.688307 0.780535 0.668941 0.847427 0.534407 0.763695 0.573093 0.701580 0.590722 0.526667 0.700597 0.733118 0.683225 0.524880 0.559861 0.610146 0.847381 0.723338 0.742018 0.693401 0.899207 0.663044 0.588639 0.761809 0.495597 0.993645
0.930257 0.936299 0.961513 0.947570 0.842408 0.926932 0.883745 0.880548 0.901793 0.922174 0.974947 0.985196 0.993458 0.968190 0.940564 0.905005 0.954835 0.917860 0.947943 0.959402 0.980190 0.891262 0.905482 0.921815 0.835631 0.824423 0.000000 0.980391 0.979935 0.955887 0.904300 0.897382 0.917444 0.924032 0.982367 0.965614 0.989535 0.921402 0.873874 0.949873 0.967799 0.950327 0.953199 0.960360 0.887367 0.895204 0.979037 0.967170 0.841265 0.939597 0.856992 0.923776 0.996998 0.862657 0.865733 0.874925 0.913367 0.936823 0.939964 0.955893 0.950471 0.911527 0.942661 0.927114 0.997749 0.955336 0.908318 0.922253 0.999738 0.974852 0.969212 0.959867 0.993723 0.980194 0.994688 0.866898 0.972646 0.932417 0.985587 0.964637 0.952112 0.879707 0.973453 0.933024 0.968037 0.962018 0.894312 0.958705 0.950708 0.985437 0.818417 0.799484 0.873140 0.782703 0.969566 0.883524 0.966149 0.921980 0.865279 0.895223 0.941786 0.893793 0.887949 0.890727 0.772697 0.924796 0.992023 0.971560 0.981129 0.764163 0.934182 0.831927 0.806114 0.927328 0.953480 0.881467
0.978423 0.972371 0.921218 0.888400 0.898595 0.863559 0.967277 0.925236 0.971014 0.980156 0.988596 0.926409 0.985320 0.864159 0.959233 0.895960 0.989783 0.955119 0.984537 0.946021 0.925507 0.788744 0.934358 0.835205 0.861844 0.752390 0.980391 0.000000 0.916596 0.948564 0.965599 0.918719 0.882853 0.981068 0.953253 0.964037 0.918191 0.941054 0.977852 0.832746 0.895247 0.965805 0.940289 0.951804 0.966389 0.996400 0.900397 0.964555 0.980319 0.902728 0.990180 0.915515 0.872394 0.973555 0.948223 0.963904 0.994985 0.981422 0.993895 0.965622 0.972471 0.962645 0.933601 0.912081 0.951681 0.922218 0.940279 0.917699 0.983324 0.968273 0.942911 0.992736 0.999923 0.917395 0.972558 0.909495 0.812330 0.900953 0.975012 0.962287 0.964113 0.939192 0.897919 0.916372 0.960330 0.884862 0.997733 0.985759 0.981298 0.961203 0.890155 0.933286 0.932512 0.949397 0.950336 0.869753 0.896235 0.853439 0.978452 0.929728 0.984235 0.970998 0.947133 0.938392 0.867007 0.915357 0.790514 0.981661 0.960275 0.982928 0.954307 0.936388 0.985779 0.960855 0.841896 0.938492
0.161354 0.142887 0.278860 0.245722 0.676644 0.534806 0.251731 0.205396 0.428199 0.314899 0.183348 0.111530 0.134551 0.155667 0.189887 0.191711 0.121166 0.114224 0.157883 0.151039 0.441998 0.671606 0.222997 0.316410 0.609803 0.513505 0.979935 0.916596 0.000000 0.101595 0.214954 0.219179 0.148004 0.170631 0.469359 0.628523 0.378750 0.530433 0.613641 0.571434 0.777207 0.452849 0.263364 0.220995 0.309610 0.266438 0.227588 0.194723 0.635370 0.380056 0.444239 0.354684 0.492677 0.498463 0.454192 0.494953 0.143404 0.164037 0.188001 0.230172 0.136694 0.197188 0.111500 0.116584 0.358501 0.241484 0.250138 0.233642 0.309487 0.216905 0.313421 0.338330 0.407986 0.421439 0.638388 0.567685 0.332671 0.266953 0.172778 0.220105 0.131205 0.164983 0.296357 0.243446 0.239990 0.320489 0.870214 0.999740 0.452606 0.427428 0.655463 0.728281 0.631079 0.854770 0.352980 0.508188 0.396647 0.431419 0.361072 0.257745 0.612740 0.660678 0.318978 0.277775 0.362244 0.279655 0.827535 0.650566 0.655494 0.364776 0.617475 0.407380 0.378968 0.365635 0.446935 0.959864
0.130517 0.146424 0.232558 0.201677 0.727116 0.532251 0.209086 0.178526 0.382176 0.277063 0.137299 0.100522 0.133742 0.173867 0.191195 0.204160 0.105633 0.089654 0.118524 0.114676 0.447030 0.703398 0.236111 0.322886 0.564331 0.480572 0.955887 0.948564 0.101595 0.000000 0.200513 0.198527 0.136357 0.130366 0.455344 0.628021 0.369640 0.513843 0.620281 0.604591 0.791229 0.509028 0.259192 0.203757 0.303194 0.246906 0.234070 0.212812 0.699289 0.366928 0.453820 0.359458 0.474828 0.459871 0.425617 0.497511 0.144898 0.146910 0.196687 0.235924 0.129533 0.207351 0.115277 0.118103 0.342942 0.232951 0.239580 0.224355 0.270505 0.199167 0.297996 0.307245 0.361264 0.360968 0.548542 0.541338 0.347659 0.248241 0.165307 0.183017 0.110353 0.124283 0.326557 0.234975 0.269216 0.330242 0.819909 0.954847 0.430060 0.484836 0.605002 0.679486 0.597847 0.775678 0.333909 0.505223 0.401117 0.466246 0.331055 0.264053 0.594119 0.596780 0.317396 0.261746 0.380728 0.307565 0.807614 0.636898 0.689012 0.354608 0.653999 0.398068 0.370141 0.403038 0.483509 0.992719
0.210813 0.218558 0.167587 0.158290 0.758721 0.491514 0.227212 0.238916 0.374274 0.389741 0.251228 0.202203 0.179648 0.231514 0.219883 0.188727 0.245449 0.226474 0.190226 0.207862 0.334972 0.799139 0.140760 0.212137 0.321814 0.307935 0.904300 0.965599 0.214954 0.200513 0.000000 0.178832 0.170177 0.203274 0.399811 0.633824 0.297309 0.514501 0.502585 0.703797 0.719320 0.550786 0.231525 0.226601 0.333867 0.295183 0.232428 0.235061 0.724403 0.374409 0.469075 0.372251 0.448853 0.462825 0.412844 0.529413 0.286911 0.274655 0.251365 0.278117 0.177815 0.251695 0.229391 0.240348 0.233974 0.181555 0.219555 0.221046 0.294337 0.267079 0.244295 0.277682 0.302346 0.337056 0.579094 0.662295 0.336186 0.271777 0.236040 0.255422 0.189559 0.180453 0.319552 0.256102 0.208940 0.223273 0.896411 0.923207 0.398911 0.427321 0.622694 0.714457 0.566906 0.796520 0.389713 0.575129 0.380981 0.544715 0.421306 0.384069 0.623060 0.585059 0.421546 0.383377 0.384616 0.339488 0.756577 0.686170 0.636382 0.444742 0.723253 0.502054 0.443821 0.456883 0.472937 0.966836
0.279475 0.276835 0.262793 0.234737 0.852151 0.597399 0.307498 0.306363 0.448635 0.416974 0.255042 0.235819 0.255427 0.259286 0.290235 0.263941 0.242573 0.237338 0.248298 0.213646 0.481273 0.691328 0.235448 0.264560 0.467579 0.358899 0.897382 0.918719 0.219179 0.198527 0.178832 0.000000 0.219922 0.212908 0.528789 0.719932 0.368818 0.618731 0.536295 0.632865 0.874565 0.588372 0.311424 0.276163 0.417122 0.392182 0.319105 0.321105 0.811502 0.502519 0.601628 0.514992 0.570948 0.605154 0.550916 0.647863 0.281781 0.305110 0.308232 0.368659 0.254044 0.337611 0.271489 0.285277 0.348890 0.252276 0.304344 0.292229 0.356265 0.333523 0.357839 0.391112 0.405098 0.428100 0.620411 0.639824 0.395276 0.309723 0.272438 0.257172 0.242733 0.240288 0.357923 0.278264 0.335759 0.299425 0.905101 0.887674 0.437511 0.521164 0.732108 0.859244 0.719605 0.891944 0.409982 0.627928 0.493487 0.532518 0.482523 0.420770 0.703973 0.691098 0.475406 0.368942 0.493127 0.387584 0.896947 0.784772 0.749707 0.510430 0.715644 0.503059 0.553719 0.546573 0.540115 0.969161
0.132723 0.142659 0.159901 0.128284 0.656320 0.455774 0.149985 0.123867 0.351288 0.237777 0.209397 0.121976 0.153173 0.210565 0.215059 0.220386 0.151638 0.130173 0.149760 0.137963 0.371216 0.674421 0.190681 0.314987 0.511367 0.393802 0.917444 0.882853 0.148004 0.136357 0.170177 0.219922 0.000000 0.132067 0.389941 0.575638 0.352140 0.477665 0.602369 0.620829 0.787440 0.515812 0.174713 0.161667 0.224546 0.189261 0.190048 0.205394 0.605532 0.334360 0.382186 0.304355 0.446976 0.404133 0.394944 0.436252 0.172431 0.168609 0.159445 0.211889 0.117693 0.167004 0.157599 0.143043 0.264743 0.163925 0.163035 0.132991 0.273751 0.176331 0.217256 0.236780 0.304659 0.344419 0.591886 0.587869 0.262600 0.201031 0.161622 0.223567 0.112659 0.128271 0.365825 0.237166 0.215037 0.281386 0.918787 0.955215 0.396830 0.406671 0.474703 0.538598 0.447297 0.650817 0.300999 0.445802 0.306018 0.407175 0.246086 0.196244 0.530667 0.502039 0.308032 0.209525 0.288964 0.288424 0.798317 0.539450 0.598115 0.334607 0.623910 0.344958 0.317130 0.357438 0.436598 0.978128
0.140536 0.162686 0.199661 0.166005 0.692739 0.477216 0.146420 0.133449 0.354780 0.240297 0.177093 0.152035 0.183683 0.251056 0.265208 0.274083 0.130163 0.117012 0.134609 0.123981 0.365817 0.685893 0.255955 0.382269 0.596766 0.435084 0.924032 0.981068 0.170631 0.130366 0.203274 0.212908 0.132067 0.000000 0.399511 0.593908 0.334421 0.471445 0.592710 0.618670 0.754817 0.473760 0.190447 0.148927 0.219394 0.198247 0.203965 0.217201 0.657807 0.332820 0.408844 0.331415 0.452707 0.429231 0.436194 0.497812 0.150595 0.155802 0.174246 0.245138 0.135886 0.212051 0.159772 0.154371 0.297895 0.182856 0.151470 0.149707 0.301655 0.193653 0.262143 0.245293 0.315986 0.366320 0.572657 0.549976 0.277770 0.211630 0.188450 0.199368 0.132596 0.128854 0.359729 0.246532 0.254693 0.335749 0.902798 0.989640 0.423181 0.466511 0.475608 0.563940 0.472238 0.619458 0.340183 0.438476 0.336340 0.431747 0.252216 0.202827 0.484843 0.483970 0.274454 0.206190 0.334865 0.299871 0.816048 0.516919 0.669621 0.420962 0.622769 0.299744 0.300049 0.375735 0.437596 0.907469
0.400946 0.448136 0.426328 0.361225 0.806703 0.495601 0.457618 0.388577 0.557359 0.447851 0.569197 0.406173 0.439315 0.445780 0.410978 0.441097 0.489357 0.478897 0.468236 0.460684 0.482378 0.855343 0.385508 0.469818 0.517858 0.438379 0.982367 0.953253 0.469359 0.455344 0.399811 0.528789 0.389941 0.399511 0.000000 0.618827 0.434906 0.579052 0.710244 0.880225 0.667558 0.568819 0.410010 0.470845 0.419041 0.375242 0.438342 0.449570 0.546621 0.353905 0.444472 0.361762 0.436710 0.510476 0.400258 0.469638 0.563320 0.473699 0.397794 0.362022 0.396370 0.365735 0.457735 0.427621 0.369222 0.372984 0.390744 0.382471 0.523778 0.362581 0.478646 0.456585 0.440061 0.559532 0.624106 0.747257 0.413038 0.453862 0.404882 0.503285 0.394527 0.370740 0.602539 0.458104 0.325300 0.400567 0.999865 0.951619 0.554732 0.443255 0.560702 0.630987 0.520127 0.701239 0.562399 0.637597 0.462448 0.614233 0.426598 0.406861 0.601057 0.699772 0.478713 0.526983 0.410844 0.462379 0.799830 0.578336 0.679219 0.658317 0.661871 0.431662 0.502846 0.647013 0.539974 0.919789
0.577281 0.566033 0.648531 0.609257 0.842720 0.758778 0.636452 0.579533 0.707905 0.692829 0.652862 0.575079 0.606179 0.629231 0.661268 0.642915 0.574512 0.609348 0.599030 0.630161 0.711643 0.795119 0.612135 0.696229 0.765085 0.732885 0.965614 0.964037 0.628523 0.628021 0.633824 0.719932 0.575638 0.593908 0.618827 0.000000 0.634686 0.557321 0.893766 0.786032 0.744811 0.620111 0.563042 0.626532 0.621273 0.616679 0.635672 0.598721 0.738072 0.630608 0.651946 0.591428 0.679078 0.651061 0.750655 0.709164 0.589726 0.574787 0.559100 0.585696 0.622733 0.644634 0.563615 0.583849 0.695469 0.675436 0.563715 0.568831 0.749925 0.571278 0.611928 0.637296 0.746558 0.795151 0.936830 0.764344 0.627233 0.654104 0.568806 0.656359 0.544658 0.585008 0.627175 0.605628 0.577753 0.618925 0.891878 0.998657 0.694793 0.666177 0.719699 0.705394 0.722857 0.736169 0.564384 0.660844 0.604976 0.523904 0.629863 0.641263 0.774898 0.695075 0.551260 0.571559 0.699716 0.654088 0.870390 0.672559 0.733152 0.659697 0.697821 0.645223 0.609595 0.760001 0.656892 0.989378
0.351943 0.337786 0.329432 0.294337 0.897648 0.608346 0.401849 0.348250 0.458141 0.465260 0.479756 0.356100 0.331375 0.358284 0.333376 0.369223 0.411129 0.386077 0.393439 0.378984 0.478302 0.792982 0.303795 0.412732 0.474099 0.412015 0.989535 0.918191 0.378750 0.369640 0.297309 0.368818 0.352140 0.334421 0.434906 0.634686 0.000000 0.423042 0.462766 0.679169 0.824598 0.493532 0.352090 0.349532 0.360200 0.360212 0.355815 0.293233 0.522691 0.367450 0.425345 0.345711 0.472098 0.560569 0.542940 0.472257 0.397434 0.353451 0.322001 0.330097 0.313935 0.295205 0.394839 0.345066 0.283532 0.318433 0.361345 0.317216 0.536818 0.391520 0.480234 0.458392 0.547263 0.546128 0.603873 0.680009 0.439087 0.398710 0.370220 0.455562 0.375647 0.359610 0.519883 0.383636 0.276611 0.302114 0.881748 0.865370 0.409878 0.317719 0.641533 0.714531 0.575548 0.774120 0.400179 0.516231 0.452937 0.530764 0.387583 0.411627 0.542174 0.670495 0.343707 0.415571 0.383782 0.365678 0.779034 0.577053 0.717982 0.539057 0.759814 0.504314 0.544237 0.603638 0.521624 0.859447
0.447403 0.491268 0.525895 0.485977 0.850213 0.843677 0.540364 0.465420 0.524992 0.521853 0.582325 0.436238 0.412697 0.412702 0.423150 0.435061 0.501440 0.504323 0.514545 0.537412 0.480637 0.859828 0.419405 0.550085 0.696528 0.701367 0.921402 0.941054 0.530433 0.513843 0.514501 0.618731 0.477665 0.471445 0.579052 0.557321 0.423042 0.000000 0.675892 0.758003 0.793784 0.621424 0.463704 0.507118 0.520532 0.492301 0.530400 0.466424 0.638026 0.474113 0.492764 0.465610 0.661254 0.604281 0.677762 0.629595 0.485760 0.488405 0.471694 0.474646 0.426952 0.416125 0.444683 0.409469 0.425418 0.492160 0.514500 0.498623 0.724382 0.586191 0.592658 0.625933 0.631612 0.678676 0.800935 0.752055 0.517900 0.524403 0.533786 0.594625 0.522486 0.555399 0.556421 0.593347 0.414362 0.503536 0.838217 0.953296 0.587271 0.555854 0.616908 0.637276 0.615310 0.769046 0.481657 0.448524 0.599611 0.575011 0.444876 0.495701 0.651263 0.667241 0.387925 0.458712 0.472039 0.454125 0.729231 0.589113 0.672142 0.482484 0.795173 0.659407 0.596916 0.686908 0.440313 0.980544
