0.000000 0.156672 0.682388 0.567845 0.942478 0.715100 0.576116 0.397612 0.693141 0.914615 0.322678 0.195752 0.284129 0.303489 0.521017 0.550202 0.224185 0.214330 0.251554 0.190503 0.640414 0.835682 0.708070 0.581445 0.738990 0.939330 0.628126 0.853847 0.269316 0.248262 0.802507 0.645656 0.322797 0.335888 0.939848 0.950160 0.731125 0.585661 0.969392 0.660185 0.582611 0.700031 0.973516 0.802323 0.910995 0.845351 0.573574 0.665471 0.734320 0.621189 0.695248 0.654876 0.917877 0.791797 0.341973 0.478595 0.160310 0.156037 0.365861 0.308051 0.240853 0.262377 0.194106 0.169503 0.495661 0.428768 0.799976 0.736155 0.290609 0.323116 0.810631 0.590439 0.901234 0.965187 0.730795 0.925905 0.848589 0.899461 0.472060 0.430221 0.232289 0.258382 0.364241 0.298380 0.214262 0.269063 0.862947 0.627705 0.397478 0.269913 0.421464 0.431685 0.385402 0.366077 0.944841 0.996314 0.997259 0.791566 0.828884 0.878756 0.773764 0.743268 0.994153 0.819588 0.931571 0.921360 0.916015 0.843333 0.770507 0.871617 0.845041 0.936703 0.827874 0.975702 0.778056 0.572039
0.156672 0.000000 0.586842 0.486183 0.929538 0.704043 0.554079 0.379621 0.665073 0.860784 0.395684 0.227438 0.343730 0.356647 0.550432 0.543032 0.209232 0.205637 0.253697 0.220682 0.604673 0.869108 0.649985 0.535162 0.649258 0.864448 0.549360 0.899223 0.305166 0.245864 0.707460 0.581334 0.309412 0.301137 0.845899 0.940323 0.624247 0.511435 0.860718 0.653951 0.593493 0.680498 0.939004 0.722063 0.956597 0.809967 0.486202 0.592658 0.746478 0.585776 0.660177 0.597357 0.843212 0.866225 0.317623 0.427507 0.136815 0.139743 0.349012 0.293360 0.274344 0.273045 0.236954 0.183457 0.436602 0.367278 0.695116 0.649670 0.289281 0.279666 0.865200 0.618993 0.870325 0.969275 0.711685 0.891739 0.919615 0.913753 0.422743 0.375614 0.216709 0.274553 0.318758 0.262446 0.223398 0.242438 0.809251 0.599171 0.452595 0.254059 0.380911 0.395313 0.363497 0.341938 0.974518 0.972273 0.983442 0.851950 0.796364 0.906829 0.720533 0.699526 0.996173 0.891630 0.860144 0.860889 0.869279 0.858328 0.813028 0.814300 0.810641 0.967156 0.871772 0.982234 0.732601 0.602398
0.682388 0.586842 0.000000 0.251058 0.903312 0.969002 0.486756 0.530565 0.865939 0.850251 0.907468 0.748822 0.746299 0.684563 0.651149 0.417646 0.611630 0.641663 0.507314 0.607895 0.521208 0.928189 0.333554 0.348654 0.281953 0.350564 0.460667 0.943902 0.769554 0.596593 0.385163 0.474110 0.496387 0.601196 0.470116 0.602885 0.517572 0.563418 0.592873 0.818120 0.880576 0.757219 0.861537 0.756856 0.838212 0.879470 0.633292 0.673316 0.783527 0.949241 0.903757 0.820882 0.780010 0.912639 0.644726 0.785801 0.574325 0.564771 0.709898 0.660831 0.617912 0.626071 0.735658 0.684476 0.300737 0.323361 0.409992 0.504778 0.664718 0.597956 0.644344 0.946084 0.704903 0.804815 0.649447 0.916684 0.745313 0.768276 0.729067 0.762121 0.765222 0.762282 0.494300 0.698628 0.536054 0.450958 0.818340 0.728397 0.803545 0.626287 0.764647 0.696486 0.831134 0.790299 0.980369 0.920257 0.923763 0.957239 0.870435 0.984763 0.953171 0.891805 0.936688 0.963043 0.637820 0.699328 0.769464 0.925215 0.916255 0.825272 0.777425 0.976760 0.926573 0.980152 0.547509 0.943892
0.567845 0.486183 0.251058 0.000000 0.863675 0.975776 0.340145 0.301883 0.839581 0.920988 0.909954 0.629906 0.646098 0.553853 0.623684 0.351249 0.576962 0.607665 0.419747 0.565598 0.533944 0.981080 0.226383 0.299215 0.401187 0.444441 0.510423 0.962836 0.715746 0.585127 0.277193 0.367612 0.358385 0.488910 0.471022 0.658501 0.525922 0.575340 0.761568 0.838033 0.883311 0.741307 0.650568 0.555972 0.965285 0.890813 0.504056 0.525486 0.972131 0.679904 0.614250 0.544404 0.573095 0.715742 0.559307 0.678046 0.475768 0.478738 0.516570 0.417950 0.515338 0.433947 0.617454 0.529985 0.362534 0.282773 0.325342 0.382915 0.683836 0.490225 0.554214 0.879893 0.574750 0.726624 0.639228 0.832507 0.702853 0.684059 0.524463 0.598347 0.668623 0.734160 0.496840 0.658649 0.455521 0.354115 0.917355 0.716595 0.670943 0.476232 0.829946 0.772012 0.842799 0.780586 0.831400 0.842440 0.830819 0.870129 0.953001 0.821674 0.985497 0.980095 0.995162 0.927583 0.546205 0.550978 0.674199 0.814681 0.974277 0.718598 0.722148 0.851416 0.887069 0.961988 0.456995 0.989627
0.942478 0.929538 0.903312 0.863675 0.000000 0.638409 0.734455 0.759559 0.494574 0.561769 0.879360 0.965752 0.837860 0.810331 0.639485 0.666114 0.964305 0.938525 0.898246 0.974709 0.829331 0.873145 0.663588 0.775275 0.959543 0.885981 0.973841 0.986993 0.891282 0.954709 0.690838 0.705852 0.875748 0.937326 0.911963 0.880238 0.896626 0.819409 0.822953 0.923340 0.738070 0.991974 0.854641 0.931128 0.860476 0.955726 0.989419 0.923195 0.996528 0.986639 0.841545 0.849824 0.770759 0.673680 0.999420 0.915326 0.920283 0.956553 0.975025 0.993515 0.856847 0.778152 0.935333 0.969136 0.991279 0.885639 0.867657 0.938722 0.837192 0.925366 0.665130 0.705580 0.649428 0.581370 0.938904 0.836406 0.765613 0.844086 0.975073 0.928609 0.995243 0.981478 0.949119 0.823905 0.921581 0.974302 0.862043 0.911007 0.948616 0.967720 0.654902 0.684658 0.665579 0.632607 0.767406 0.820894 0.936156 0.857137 0.711716 0.794978 0.686511 0.628061 0.793271 0.772418 0.727939 0.762288 0.897172 0.986077 0.972406 0.962356 0.893957 0.921113 0.742871 0.854279 0.865891 0.894194
0.715100 0.704043 0.969002 0.975776 0.638409 0.000000 0.861908 0.936697 0.460104 0.605620 0.642906 0.769988 0.889579 0.916182 0.982453 0.863292 0.727518 0.712049 0.871711 0.764415 0.879696 0.796218 0.747104 0.884977 0.986775 0.791912 0.821581 0.939139 0.795005 0.746707 0.728900 0.907689 0.882366 0.914516 0.875436 0.920328 0.996021 0.943403 0.980605 0.856030 0.743187 0.935789 0.761500 0.841718 0.736632 0.902127 0.978517 0.946027 0.981920 0.924965 0.861629 0.859678 0.764619 0.560725 0.898998 0.963754 0.697513 0.731244 0.873953 0.847189 0.834352 0.907834 0.833135 0.826107 0.764528 0.903829 0.900950 0.863267 0.643429 0.810791 0.606882 0.582523 0.626369 0.556420 0.879271 0.915655 0.655963 0.718029 0.848670 0.982511 0.819738 0.788841 0.781386 0.665207 0.825840 0.837283 0.900148 0.780123 0.926448 0.869501 0.475955 0.586007 0.545169 0.633258 0.693923 0.869998 0.794091 0.836719 0.636574 0.674866 0.681633 0.721989 0.749256 0.840717 0.721587 0.728971 0.861461 0.723680 0.730950 0.957705 0.825311 0.795444 0.709620 0.898982 0.762234 0.774192
0.576116 0.554079 0.486756 0.340145 0.734455 0.861908 0.000000 0.220941 0.802764 0.567748 0.946317 0.671781 0.595113 0.543059 0.645165 0.484076 0.639372 0.675776 0.412063 0.625301 0.663115 0.955894 0.332863 0.524377 0.758850 0.678379 0.766529 0.976278 0.632093 0.667394 0.266244 0.349018 0.350024 0.362632 0.592900 0.850024 0.713587 0.760906 0.969751 0.861413 0.996137 0.640130 0.525409 0.403223 0.642810 0.563504 0.430111 0.430586 0.613812 0.461517 0.375597 0.343972 0.417119 0.559457 0.512179 0.567455 0.523471 0.534872 0.323805 0.331097 0.433338 0.407908 0.453063 0.462540 0.724542 0.563169 0.341513 0.340122 0.836726 0.481704 0.572932 0.911302 0.456776 0.567276 0.701670 0.675379 0.531027 0.612495 0.480451 0.631985 0.639534 0.775613 0.621052 0.823633 0.539369 0.514125 0.774735 0.953943 0.648570 0.519840 0.949491 0.949265 0.952590 0.983433 0.658019 0.694448 0.643822 0.747110 0.552693 0.486285 0.771938 0.678460 0.639421 0.551473 0.492314 0.440744 0.574432 0.735030 0.943389 0.797086 0.627712 0.576963 0.645386 0.658858 0.439705 0.985384
0.397612 0.379621 0.530565 0.301883 0.759559 0.936697 0.220941 0.000000 0.841690 0.625931 0.744198 0.448689 0.425300 0.381356 0.526090 0.388212 0.490793 0.506560 0.320623 0.452302 0.673938 0.958982 0.335915 0.431034 0.766134 0.781872 0.781508 0.954376 0.478329 0.498497 0.351545 0.391101 0.277540 0.328175 0.652894 0.904084 0.718201 0.723283 0.948976 0.828710 0.859940 0.690415 0.567731 0.430603 0.726563 0.596226 0.418730 0.453996 0.601322 0.438838 0.365127 0.339102 0.476037 0.636608 0.442540 0.521302 0.378384 0.377520 0.312215 0.242246 0.313323 0.217882 0.351665 0.306801 0.614939 0.426591 0.436777 0.403226 0.667560 0.391549 0.675443 0.942330 0.487573 0.627334 0.712067 0.705887 0.669752 0.740355 0.397179 0.505528 0.460315 0.586156 0.547532 0.649611 0.383855 0.362514 0.901419 0.788642 0.546673 0.376378 0.918151 0.885772 0.875790 0.789917 0.719065 0.744530 0.750450 0.867689 0.686180 0.616861 0.864596 0.820371 0.782635 0.669075 0.554391 0.543071 0.651844 0.802039 0.938107 0.741556 0.680899 0.641052 0.737180 0.799325 0.511926 0.885254
0.693141 0.665073 0.865939 0.839581 0.494574 0.460104 0.802764 0.841690 0.000000 0.591799 0.646783 0.734393 0.924354 0.928234 0.937951 0.792701 0.650339 0.624321 0.876458 0.765657 0.987550 0.790873 0.649692 0.847373 0.945081 0.897835 0.849175 0.968361 0.765394 0.730664 0.677083 0.925134 0.857895 0.769739 0.845348 0.932375 0.826815 0.780759 0.849294 0.761500 0.682952 0.999131 0.880510 0.997376 0.956350 0.892479 0.848437 0.904687 0.807834 0.817479 0.995733 0.975671 0.891917 0.675656 0.758461 0.635508 0.647776 0.692155 0.761307 0.816319 0.928317 0.998563 0.770599 0.764575 0.929297 0.989470 0.892339 0.942710 0.638124 0.802169 0.548789 0.487435 0.612106 0.565278 0.984407 0.966651 0.676836 0.717649 0.816676 0.786104 0.669321 0.665473 0.712382 0.487538 0.798214 0.836402 0.828140 0.732467 0.773119 0.743389 0.396143 0.535735 0.400797 0.469745 0.776592 0.781928 0.795432 0.837196 0.674664 0.790766 0.609811 0.607015 0.984808 0.908115 0.745139 0.869103 0.956461 0.728046 0.775110 0.972466 0.971103 0.944255 0.803938 0.971453 0.870518 0.746479
0.914615 0.860784 0.850251 0.920988 0.561769 0.605620 0.567748 0.625931 0.591799 0.000000 0.753470 0.928553 0.928164 0.895759 0.948594 0.891236 0.827650 0.807399 0.960415 0.860200 0.844410 0.818516 0.791852 0.956191 0.637816 0.857776 0.681694 0.905241 0.960472 0.846278 0.681617 0.767102 0.878333 0.870530 0.995560 0.830355 0.793632 0.668282 0.609675 0.965020 0.679609 0.956067 0.554920 0.609783 0.464445 0.527823 0.825900 0.749276 0.541516 0.618510 0.479965 0.540778 0.530491 0.452325 0.981712 0.951876 0.878454 0.863274 0.751167 0.756576 0.908112 0.809569 0.879450 0.949789 0.629484 0.819537 0.796832 0.756012 0.653540 0.980103 0.612984 0.647885 0.620566 0.557953 0.932303 0.748205 0.560623 0.700726 0.880087 0.990488 0.920152 0.807573 0.755847 0.630119 0.888401 0.858449 0.562659 0.654852 0.954491 0.963066 0.439932 0.430771 0.540563 0.585395 0.571992 0.717844 0.652764 0.622730 0.302383 0.380514 0.492677 0.416087 0.603096 0.538006 0.731710 0.668536 0.753436 0.584668 0.877791 0.922229 0.819746 0.528621 0.474058 0.678405 0.761630 0.808577
0.322678 0.395684 0.907468 0.909954 0.879360 0.642906 0.946317 0.744198 0.646783 0.753470 0.000000 0.268693 0.297551 0.357132 0.454419 0.692339 0.299849 0.258941 0.481313 0.281136 0.798056 0.823904 0.963490 0.809319 0.908268 0.852571 0.738827 0.744345 0.287187 0.284421 0.847780 0.978697 0.644831 0.552177 0.804704 0.841544 0.924644 0.807106 0.934881 0.747114 0.505687 0.911875 0.617429 0.803381 0.650821 0.846455 0.955087 0.927424 0.986063 0.990862 0.902806 0.936604 0.727959 0.520684 0.587534 0.705061 0.403012 0.366141 0.774480 0.715045 0.350321 0.470608 0.363200 0.364992 0.572899 0.596320 0.798150 0.863190 0.392452 0.630985 0.561726 0.549591 0.840993 0.762944 0.767249 0.894616 0.596953 0.656510 0.720338 0.664794 0.395993 0.307568 0.549463 0.414880 0.394104 0.513156 0.721955 0.720942 0.604071 0.581150 0.422302 0.422182 0.375333 0.446090 0.724562 0.897751 0.712358 0.508469 0.592110 0.611639 0.682695 0.672697 0.830716 0.993863 0.740112 0.763446 0.739103 0.627351 0.677821 0.893370 0.929914 0.817808 0.583490 0.737733 0.965232 0.521406
0.195752 0.227438 0.748822 0.629906 0.965752 0.769988 0.671781 0.448689 0.734393 0.928553 0.268693 0.000000 0.206327 0.211482 0.359995 0.457886 0.207310 0.187615 0.277920 0.199804 0.667046 0.818213 0.703009 0.546947 0.772008 0.979190 0.659685 0.831025 0.244201 0.211148 0.852547 0.685908 0.382055 0.372666 0.901304 0.921028 0.792193 0.718474 0.985035 0.769815 0.586536 0.810139 0.916447 0.881467 0.865811 0.918715 0.658670 0.747899 0.832594 0.710455 0.769091 0.731314 0.959361 0.814014 0.372861 0.531205 0.236316 0.204750 0.515076 0.439351 0.223760 0.238440 0.223783 0.181346 0.475117 0.390464 0.904421 0.840658 0.315350 0.410883 0.763838 0.694774 0.885229 0.971755 0.715945 0.964705 0.829517 0.839294 0.503739 0.417282 0.221664 0.198072 0.357576 0.299056 0.202044 0.267271 0.757806 0.565784 0.408560 0.350338 0.463181 0.456335 0.405007 0.417280 0.894925 0.991993 0.822638 0.678692 0.772009 0.840719 0.728340 0.815145 0.978557 0.872287 0.956262 0.986218 0.993659 0.771388 0.687843 0.902274 0.874191 0.995290 0.765898 0.851964 0.806805 0.595770
0.284129 0.343730 0.746299 0.646098 0.837860 0.889579 0.595113 0.425300 0.924354 0.928164 0.297551 0.206327 0.000000 0.186821 0.258190 0.412012 0.267796 0.268593 0.292713 0.269975 0.730952 0.887164 0.657230 0.574955 0.848016 0.989989 0.717165 0.827943 0.241747 0.262974 0.786517 0.617630 0.403987 0.363369 0.933695 0.897027 0.861795 0.804454 0.867065 0.790768 0.644650 0.841946 0.940558 0.883265 0.897381 0.931748 0.690387 0.812576 0.865648 0.750983 0.782096 0.740801 0.932397 0.892652 0.413334 0.590878 0.353909 0.311942 0.591983 0.517060 0.173734 0.251706 0.220803 0.228357 0.533677 0.418456 0.931768 0.857801 0.480797 0.490112 0.828139 0.790551 0.758625 0.844891 0.651600 0.936131 0.909678 0.939652 0.563865 0.517747 0.307863 0.283016 0.435260 0.451443 0.261106 0.344950 0.845522 0.703279 0.490007 0.474599 0.642390 0.599543 0.556246 0.561818 0.938374 0.993070 0.908122 0.710100 0.886454 0.937769 0.889405 0.986070 0.974128 0.789714 0.954302 0.931377 0.991614 0.832441 0.697847 0.989124 0.873358 0.996183 0.805348 0.891965 0.764268 0.587441
0.303489 0.356647 0.684563 0.553853 0.810331 0.916182 0.543059 0.381356 0.928234 0.895759 0.357132 0.211482 0.186821 0.000000 0.248823 0.306939 0.271826 0.261858 0.253215 0.266474 0.660949 0.823518 0.537317 0.438339 0.771660 0.890714 0.686966 0.784054 0.277702 0.274471 0.707908 0.564782 0.379476 0.357315 0.847920 0.904104 0.848757 0.833149 0.921005 0.833812 0.705114 0.805882 0.986803 0.826329 0.942563 0.894706 0.638286 0.715865 0.837469 0.698480 0.707764 0.679203 0.817423 0.984721 0.394503 0.567301 0.343623 0.301781 0.557662 0.483204 0.215741 0.226088 0.255126 0.232777 0.510270 0.361345 0.819258 0.777575 0.507225 0.518984 0.939207 0.849215 0.699929 0.739976 0.621292 0.883608 0.944695 0.936505 0.512962 0.491717 0.321661 0.270989 0.403872 0.432314 0.228707 0.292765 0.822622 0.575025 0.487702 0.412578 0.663643 0.642092 0.583537 0.612376 0.981197 0.951616 0.879036 0.779163 0.939453 0.966429 0.913327 0.977990 0.918605 0.753430 0.867688 0.827031 0.963030 0.888895 0.687788 0.962990 0.789957 0.928877 0.900786 0.923646 0.686230 0.676002
0.521017 0.550432 0.651149 0.623684 0.639485 0.982453 0.645165 0.526090 0.937951 0.948594 0.454419 0.359995 0.258190 0.248823 0.000000 0.299977 0.398136 0.387951 0.437108 0.422820 0.643273 0.835139 0.549695 0.470288 0.771571 0.842127 0.761268 0.816284 0.363978 0.342354 0.723081 0.625895 0.527147 0.490400 0.860162 0.997271 0.894844 0.938361 0.935181 0.927253 0.816723 0.948013 0.985031 0.912832 0.898203 0.982130 0.794633 0.845413 0.981543 0.877094 0.854842 0.824444 0.867219 0.966230 0.523847 0.724483 0.545717 0.496270 0.789698 0.719952 0.308456 0.368978 0.425306 0.430964 0.493802 0.379766 0.872561 0.857628 0.672609 0.686163 0.969030 0.947793 0.668646 0.709771 0.605365 0.928941 0.995629 0.986727 0.626002 0.619378 0.469927 0.411085 0.470301 0.580868 0.368507 0.442067 0.823898 0.677684 0.668876 0.633751 0.790661 0.729826 0.705014 0.773057 0.988638 0.964727 0.813023 0.731528 0.903968 0.993249 0.909729 0.934097 0.944107 0.854243 0.907724 0.919646 0.980310 0.836763 0.673606 0.922678 0.831563 0.967775 0.867918 0.864509 0.773996 0.758061
0.550202 0.543032 0.417646 0.351249 0.666114 0.863292 0.484076 0.388212 0.792701 0.891236 0.692339 0.457886 0.412012 0.306939 0.299977 0.000000 0.465306 0.472302 0.383661 0.481321 0.555133 0.911988 0.261268 0.240863 0.507446 0.542090 0.591459 0.832635 0.509029 0.434736 0.442571 0.449306 0.405542 0.473647 0.551570 0.816970 0.736020 0.797794 0.927111 0.892851 0.862137 0.862707 0.788409 0.703290 0.999282 0.940525 0.615422 0.638617 0.990889 0.742361 0.690747 0.648336 0.644616 0.751490 0.492212 0.660392 0.515355 0.477703 0.669013 0.597075 0.392833 0.343353 0.514313 0.457262 0.384330 0.245516 0.540542 0.567929 0.700581 0.608615 0.738180 0.871603 0.532824 0.573913 0.563056 0.749655 0.790177 0.800117 0.568104 0.557506 0.542046 0.499648 0.441606 0.602262 0.342357 0.331796 0.777678 0.606303 0.638944 0.523912 0.857808 0.764278 0.807574 0.794971 0.856757 0.868988 0.938171 0.865185 0.996973 0.867847 0.954351 0.941293 0.930121 0.837886 0.627545 0.720950 0.799102 0.956307 0.839122 0.899079 0.761592 0.889986 0.977495 0.972588 0.526587 0.893445
0.224185 0.209232 0.611630 0.576962 0.964305 0.727518 0.639372 0.490793 0.650339 0.827650 0.299849 0.207310 0.267796 0.271826 0.398136 0.465306 0.000000 0.148374 0.261674 0.233222 0.567987 0.805199 0.684807 0.525597 0.617125 0.829458 0.567748 0.839239 0.220973 0.177433 0.769405 0.616578 0.346147 0.310027 0.857995 0.989959 0.719991 0.634524 0.905921 0.658494 0.588865 0.740470 0.990288 0.800179 0.932399 0.870130 0.532388 0.631948 0.819715 0.662929 0.766697 0.699054 0.889205 0.841300 0.287255 0.395951 0.195582 0.184714 0.479677 0.447066 0.264429 0.313916 0.244455 0.212187 0.409161 0.348465 0.772196 0.707445 0.323319 0.394769 0.796818 0.612773 0.877536 0.984457 0.675207 0.907339 0.897576 0.933744 0.490072 0.376604 0.203221 0.202156 0.283437 0.233171 0.213327 0.259049 0.720614 0.595856 0.476371 0.331881 0.399652 0.411588 0.345918 0.402142 0.926002 0.998955 0.903057 0.735277 0.753825 0.878649 0.696621 0.738760 0.959958 0.862703 0.950323 0.893171 0.982085 0.798693 0.643864 0.884406 0.807398 0.982629 0.804661 0.905075 0.729767 0.576709
0.214330 0.205637 0.641663 0.607665 0.938525 0.712049 0.675776 0.506560 0.624321 0.807399 0.258941 0.187615 0.268593 0.261858 0.387951 0.472302 0.148374 0.000000 0.274177 0.213201 0.588515 0.787653 0.721115 0.531785 0.654769 0.848365 0.588874 0.785148 0.227315 0.172936 0.820961 0.663389 0.371849 0.330371 0.884373 0.986160 0.744329 0.628556 0.902688 0.706832 0.590140 0.772074 0.940823 0.848799 0.878102 0.911412 0.599194 0.685622 0.850610 0.699427 0.796535 0.731864 0.934937 0.795777 0.302198 0.458212 0.197228 0.180871 0.511517 0.473126 0.257488 0.303439 0.246120 0.205394 0.404560 0.341657 0.827322 0.779977 0.322164 0.404091 0.747783 0.587500 0.942260 0.989053 0.700233 0.912603 0.840704 0.859035 0.478622 0.412389 0.204518 0.194365 0.302889 0.233878 0.216155 0.260802 0.674317 0.596735 0.489669 0.347180 0.368357 0.363145 0.323356 0.361112 0.939269 0.988840 0.816517 0.683655 0.711123 0.842879 0.678978 0.686001 0.973407 0.929949 0.966328 0.961052 0.981587 0.742661 0.676569 0.955099 0.850623 0.935880 0.761272 0.906961 0.768342 0.547961
0.251554 0.253697 0.507314 0.419747 0.898246 0.871711 0.412063 0.320623 0.876458 0.960415 0.481313 0.277920 0.292713 0.253215 0.437108 0.383661 0.261674 0.274177 0.000000 0.245222 0.587236 0.900328 0.460376 0.418373 0.602778 0.744272 0.578257 0.894875 0.328770 0.292657 0.561080 0.447483 0.273449 0.304337 0.721784 0.931901 0.644732 0.607037 0.953270 0.653575 0.658632 0.675076 0.927468 0.721711 0.959831 0.858627 0.486139 0.589834 0.830145 0.629868 0.659188 0.599813 0.783157 0.973418 0.317457 0.510358 0.240852 0.219389 0.397803 0.354006 0.255130 0.256479 0.244986 0.213135 0.446747 0.341637 0.617830 0.615320 0.401458 0.350313 0.970060 0.806522 0.692514 0.810856 0.661195 0.857939 0.951658 0.977358 0.503881 0.451384 0.309759 0.318601 0.332760 0.374668 0.223733 0.229437 0.825326 0.627121 0.469540 0.319907 0.596880 0.585193 0.559413 0.554088 0.876226 0.937914 0.890620 0.958424 0.977045 0.928402 0.978976 0.906509 0.861205 0.716235 0.710858 0.718500 0.822517 0.899776 0.748766 0.818278 0.682473 0.889172 0.914590 0.977115 0.589572 0.635346
0.190503 0.220682 0.607895 0.565598 0.974709 0.764415 0.625301 0.452302 0.765657 0.860200 0.281136 0.199804 0.269975 0.266474 0.422820 0.481321 0.233222 0.213201 0.245222 0.000000 0.609911 0.772157 0.671541 0.513272 0.671104 0.885294 0.591256 0.819824 0.283880 0.226288 0.785913 0.675265 0.389724 0.364291 0.905957 0.996095 0.734665 0.612690 0.939767 0.708131 0.584134 0.765269 0.843641 0.947013 0.766790 0.972028 0.673659 0.791438 0.936737 0.800959 0.866579 0.812186 0.980807 0.732041 0.399955 0.571718 0.230194 0.204093 0.520738 0.453167 0.257981 0.287516 0.252737 0.223612 0.428166 0.383868 0.858162 0.809823 0.285700 0.384610 0.835223 0.692786 0.914433 0.978460 0.725258 0.967744 0.837905 0.876535 0.545170 0.502759 0.286600 0.240832 0.352462 0.326001 0.230434 0.289124 0.777719 0.600492 0.466239 0.353808 0.452167 0.440907 0.420999 0.432638 0.901571 0.974996 0.916237 0.728317 0.734736 0.803754 0.786469 0.732224 0.941307 0.910537 0.933985 0.976791 0.989148 0.774741 0.800511 0.956988 0.913259 0.961253 0.737201 0.853292 0.796021 0.581791
0.640414 0.604673 0.521208 0.533944 0.829331 0.879696 0.663115 0.673938 0.987550 0.844410 0.798056 0.667046 0.730952 0.660949 0.643273 0.555133 0.567987 0.588515 0.587236 0.609911 0.000000 0.789958 0.564564 0.538439 0.531293 0.584458 0.585480 0.918034 0.683592 0.611137 0.604751 0.662459 0.517004 0.622834 0.706616 0.879533 0.712841 0.740012 0.877623 0.967045 0.791270 0.779951 0.938208 0.868804 0.923663 0.973514 0.721571 0.731094 0.944493 0.875349 0.889882 0.833266 0.850114 0.977982 0.605265 0.741835 0.592458 0.587259 0.724154 0.745759 0.645809 0.644806 0.666558 0.646315 0.485162 0.491924 0.588023 0.715155 0.632224 0.699537 0.858238 0.911644 0.790406 0.809469 0.710288 0.923486 0.924029 0.942620 0.657537 0.601437 0.659693 0.655502 0.520656 0.617985 0.544311 0.514336 0.814420 0.745028 0.777460 0.649336 0.688403 0.667727 0.725725 0.821764 0.965232 0.926565 0.982145 0.853627 0.822732 0.967270 0.837887 0.914018 0.923273 0.923229 0.728221 0.814992 0.974489 0.863998 0.851082 0.946204 0.903688 0.945176 0.891575 0.948159 0.661480 0.828347
0.835682 0.869108 0.928189 0.981080 0.873145 0.796218 0.955894 0.958982 0.790873 0.818516 0.823904 0.818213 0.887164 0.823518 0.835139 0.911988 0.805199 0.787653 0.900328 0.772157 0.789958 0.000000 0.982558 0.949497 0.968613 0.967278 0.995268 0.734801 0.796770 0.753466 0.914732 0.937242 0.922655 0.976921 0.983016 0.963625 0.938120 0.893175 0.928449 0.864429 0.990224 0.935810 0.842209 0.874558 0.814167 0.892351 0.993992 0.964564 0.881263 0.927514 0.872719 0.896220 0.892766 0.804937 0.828771 0.926708 0.826915 0.827900 0.990425 0.971192 0.905374 0.955872 0.866098 0.906919 0.848738 0.867733 0.883807 0.939733 0.873551 0.821957 0.862011 0.862193 0.968295 0.883578 0.971031 0.914294 0.920419 0.905408 0.898340 0.889466 0.849306 0.786824 0.826129 0.844758 0.832324 0.868906 0.861706 0.841590 0.907581 0.905283 0.802187 0.789952 0.782334 0.781339 0.733447 0.930321 0.898833 0.865812 0.749451 0.862156 0.806407 0.921025 0.772992 0.851913 0.929113 0.783246 0.980512 0.998344 0.820832 0.721505 0.923433 0.860410 0.773896 0.869703 0.836066 0.758067
0.708070 0.649985 0.333554 0.226383 0.663588 0.747104 0.332863 0.335915 0.649692 0.791852 0.963490 0.703009 0.657230 0.537317 0.549695 0.261268 0.684807 0.721115 0.460376 0.671541 0.564564 0.982558 0.000000 0.261831 0.462639 0.424872 0.635524 0.933444 0.767507 0.667285 0.227881 0.336851 0.425127 0.551457 0.428407 0.667687 0.635973 0.710954 0.847202 0.941896 0.990631 0.805725 0.588902 0.532882 0.858402 0.847334 0.517738 0.529795 0.958912 0.677060 0.578280 0.525552 0.499614 0.549108 0.595469 0.722040 0.633790 0.609468 0.612266 0.550135 0.567422 0.474983 0.669021 0.600737 0.488588 0.342169 0.335108 0.394113 0.849574 0.599680 0.441677 0.711431 0.418136 0.506543 0.653050 0.740425 0.581177 0.656066 0.598434 0.623251 0.727740 0.759307 0.543480 0.802693 0.498580 0.420641 0.963944 0.711224 0.728846 0.565628 0.950116 0.955958 0.958543 0.982891 0.754694 0.798803 0.818797 0.839449 0.798936 0.669582 0.869445 0.812631 0.836539 0.826702 0.414050 0.492369 0.686807 0.787646 0.992513 0.790190 0.687772 0.789268 0.805692 0.889537 0.424518 0.943060
0.581445 0.535162 0.348654 0.299215 0.775275 0.884977 0.524377 0.431034 0.847373 0.956191 0.809319 0.546947 0.574955 0.438339 0.470288 0.240863 0.525597 0.531785 0.418373 0.513272 0.538439 0.949497 0.261831 0.000000 0.408954 0.440690 0.572183 0.882248 0.654897 0.505059 0.461237 0.513209 0.412190 0.549612 0.482558 0.772706 0.626423 0.684340 0.756476 0.906262 0.841799 0.819037 0.773769 0.703323 0.980903 0.963422 0.550005 0.603877 0.973083 0.745583 0.706657 0.652244 0.646182 0.757727 0.522334 0.687524 0.510905 0.489007 0.657622 0.608169 0.515398 0.449468 0.619792 0.530755 0.362382 0.256832 0.442319 0.528151 0.667390 0.605131 0.723963 0.838562 0.601960 0.623925 0.643237 0.767480 0.829652 0.820618 0.598906 0.584994 0.589433 0.571392 0.425724 0.576603 0.395419 0.318091 0.764289 0.499215 0.664831 0.499988 0.800232 0.694717 0.802293 0.762227 0.859574 0.895312 0.996810 0.956617 0.957114 0.920565 0.955325 0.949560 0.952952 0.908423 0.574185 0.642302 0.852893 0.986693 0.838612 0.839730 0.794631 0.915239 0.999857 0.984121 0.548565 0.968704
0.738990 0.649258 0.281953 0.401187 0.959543 0.986775 0.758850 0.766134 0.945081 0.637816 0.908268 0.772008 0.848016 0.771660 0.771571 0.507446 0.617125 0.654769 0.602778 0.671104 0.531293 0.968613 0.462639 0.408954 0.000000 0.249006 0.391872 0.912843 0.884713 0.645988 0.557822 0.575314 0.607009 0.694397 0.498023 0.604163 0.433695 0.505932 0.481433 0.774585 0.825619 0.761914 0.972120 0.863311 0.746922 0.768606 0.680982 0.747342 0.678954 0.977456 0.941123 0.959626 0.924248 0.973036 0.695304 0.771427 0.636562 0.617099 0.862614 0.820895 0.806584 0.788505 0.852523 0.762772 0.307494 0.367489 0.558842 0.622510 0.590026 0.721444 0.728135 0.975987 0.861327 0.933578 0.708368 0.984393 0.950965 0.855859 0.836618 0.727535 0.777670 0.702731 0.466135 0.551319 0.557025 0.468444 0.648364 0.593062 0.767428 0.631878 0.624997 0.576823 0.674057 0.679805 0.909072 0.973756 0.975531 0.919262 0.675389 0.840180 0.767902 0.731654 0.890126 0.849762 0.734754 0.761029 0.886062 0.882743 0.978310 0.832133 0.893800 0.838325 0.789580 0.850731 0.601438 0.956644
0.939330 0.864448 0.350564 0.444441 0.885981 0.791912 0.678379 0.781872 0.897835 0.857776 0.852571 0.979190 0.989989 0.890714 0.842127 0.542090 0.829458 0.848365 0.744272 0.885294 0.584458 0.967278 0.424872 0.440690 0.249006 0.000000 0.547814 0.945270 0.975566 0.845095 0.485289 0.586848 0.656442 0.772197 0.412713 0.608237 0.497953 0.586305 0.584913 0.884189 0.984477 0.797274 0.787068 0.756596 0.946365 0.901170 0.685241 0.707279 0.757218 0.962285 0.932864 0.845380 0.753290 0.784990 0.737356 0.795053 0.827164 0.813488 0.900201 0.891752 0.937701 0.888871 0.977425 0.915796 0.478845 0.485480 0.452013 0.543002 0.856136 0.800886 0.580792 0.859592 0.749938 0.750662 0.724752 0.885311 0.786647 0.680034 0.870441 0.864693 0.934750 0.914076 0.594705 0.765752 0.717740 0.597323 0.711746 0.758502 0.852497 0.769075 0.895640 0.832138 0.934016 0.896818 0.952654 0.834689 0.934661 0.953011 0.919857 0.940359 0.990795 0.996723 0.959108 0.980372 0.567418 0.621071 0.800865 0.933907 0.975469 0.829775 0.943385 0.969065 0.995795 0.956032 0.573219 0.934614
0.628126 0.549360 0.460667 0.510423 0.973841 0.821581 0.766529 0.781508 0.849175 0.681694 0.738827 0.659685 0.717165 0.686966 0.761268 0.591459 0.567748 0.588874 0.578257 0.591256 0.585480 0.995268 0.635524 0.572183 0.391872 0.547814 0.000000 0.905370 0.747634 0.588686 0.666174 0.629433 0.610291 0.629867 0.664213 0.614579 0.488014 0.565022 0.644359 0.792595 0.772850 0.787415 0.869067 0.973037 0.690745 0.775789 0.808950 0.902509 0.762371 0.988151 0.952117 0.965375 0.995062 0.798672 0.672263 0.812143 0.549153 0.543836 0.802549 0.745554 0.667686 0.700658 0.723088 0.662747 0.380336 0.468272 0.704804 0.809884 0.559606 0.681746 0.968795 0.800879 0.935958 0.919400 0.619585 0.935931 0.907449 0.971633 0.769138 0.695356 0.740368 0.658211 0.508681 0.589097 0.496035 0.490960 0.709701 0.710661 0.771564 0.666299 0.515801 0.541827 0.580673 0.669797 0.898154 0.884673 0.826097 0.864646 0.602816 0.704817 0.595724 0.751564 0.854061 0.939617 0.903042 0.858903 0.958464 0.777730 0.950649 0.854716 0.885578 0.783548 0.768898 0.877714 0.772256 0.915010
0.853847 0.899223 0.943902 0.962836 0.986993 0.939139 0.976278 0.954376 0.968361 0.905241 0.744345 0.831025 0.827943 0.784054 0.816284 0.832635 0.839239 0.785148 0.894875 0.819824 0.918034 0.734801 0.933444 0.882248 0.912843 0.945270 0.905370 0.000000 0.822383 0.796022 0.951879 0.989325 0.970679 0.959179 0.950207 0.929533 0.990647 0.853974 0.937381 0.939309 0.950626 0.956934 0.824997 0.883950 0.767543 0.832468 0.891147 0.981536 0.862104 0.860901 0.885397 0.896967 0.919748 0.808410 0.984094 0.942857 0.844022 0.797485 0.974535 0.998454 0.820769 0.868930 0.844459 0.839932 0.808336 0.828691 0.887268 0.873679 0.881664 0.937489 0.996604 0.887053 0.960983 0.950087 0.901715 0.938419 0.852496 0.742165 0.895862 0.919233 0.874975 0.804868 0.859851 0.933012 0.809891 0.840944 0.975556 0.986046 0.999100 0.865427 0.832300 0.806896 0.869833 0.927399 0.936700 0.817091 0.820445 0.755272 0.831980 0.842892 0.792810 0.972212 0.899527 0.886425 0.944179 0.817058 0.837253 0.805960 0.967885 0.727545 0.904610 0.777990 0.879298 0.825074 0.939832 0.811859
0.269316 0.305166 0.769554 0.715746 0.891282 0.795005 0.632093 0.478329 0.765394 0.960472 0.287187 0.244201 0.241747 0.277702 0.363978 0.509029 0.220973 0.227315 0.328770 0.283880 0.683592 0.796770 0.767507 0.654897 0.884713 0.975566 0.747634 0.822383 0.000000 0.205120 0.855395 0.712815 0.430687 0.392851 0.996538 0.895998 0.878860 0.783991 0.895435 0.687029 0.667841 0.804005 0.992931 0.814330 0.990753 0.807642 0.637492 0.722794 0.716649 0.647987 0.728438 0.687360 0.895015 0.890404 0.364900 0.492654 0.300537 0.279701 0.523343 0.475142 0.256818 0.318171 0.241250 0.250191 0.573647 0.498075 0.899500 0.807654 0.451813 0.456381 0.818212 0.659293 0.864611 0.942758 0.735085 0.861203 0.945493 0.925232 0.531735 0.475282 0.262088 0.266418 0.422729 0.415288 0.296364 0.411709 0.823450 0.752183 0.533224 0.435480 0.596318 0.612463 0.516869 0.562157 0.973081 0.971996 0.956007 0.729743 0.898083 0.960987 0.852844 0.879847 0.889322 0.762612 0.979195 0.979616 0.969275 0.871506 0.619255 0.982203 0.810302 0.940765 0.875958 0.967780 0.839283 0.581602
0.248262 0.245864 0.596593 0.585127 0.954709 0.746707 0.667394 0.498497 0.730664 0.846278 0.284421 0.211148 0.262974 0.274471 0.342354 0.434736 0.177433 0.172936 0.292657 0.226288 0.611137 0.753466 0.667285 0.505059 0.645988 0.845095 0.588686 0.796022 0.205120 0.000000 0.777296 0.657064 0.401517 0.396485 0.905349 0.961748 0.734954 0.659700 0.945603 0.709765 0.627584 0.805108 0.939845 0.871727 0.865274 0.953297 0.609672 0.720399 0.906452 0.743269 0.829480 0.762530 0.954869 0.826970 0.337347 0.527423 0.241544 0.217155 0.556714 0.495732 0.257593 0.312660 0.280112 0.252940 0.371049 0.334284 0.822382 0.791032 0.346223 0.392263 0.840671 0.673510 0.898329 0.972338 0.724461 0.926999 0.862399 0.888720 0.544394 0.437817 0.248796 0.227806 0.328156 0.319947 0.222958 0.302273 0.713052 0.614451 0.518513 0.379594 0.455780 0.426202 0.413929 0.440978 0.862981 0.970915 0.869498 0.699841 0.719347 0.829041 0.742512 0.722423 0.976631 0.933759 0.964583 0.972232 0.990544 0.792317 0.673024 0.961269 0.779218 0.962952 0.738679 0.898191 0.786415 0.613166
0.802507 0.707460 0.385163 0.277193 0.690838 0.728900 0.266244 0.351545 0.677083 0.681617 0.847780 0.852547 0.786517 0.707908 0.723081 0.442571 0.769405 0.820961 0.561080 0.785913 0.604751 0.914732 0.227881 0.461237 0.557822 0.485289 0.666174 0.951879 0.855395 0.777296 0.000000 0.297132 0.456871 0.503416 0.460860 0.619013 0.656333 0.711661 0.927894 0.942212 0.957309 0.733707 0.475867 0.417885 0.681907 0.690243 0.459284 0.458435 0.830749 0.586370 0.493082 0.438792 0.410238 0.455277 0.613849 0.667947 0.691296 0.699043 0.549412 0.525613 0.651193 0.556206 0.714850 0.675445 0.647550 0.500322 0.264863 0.307662 0.945584 0.600156 0.395733 0.716650 0.392556 0.529366 0.742589 0.698481 0.456835 0.547514 0.564556 0.631553 0.795052 0.903028 0.682913 0.903878 0.652863 0.576465 0.889610 0.910465 0.806110 0.638521 0.867279 0.924372 0.863712 0.910633 0.660348 0.755207 0.703386 0.709395 0.649920 0.514951 0.824043 0.754337 0.738890 0.778340 0.399279 0.420741 0.592040 0.681107 0.881513 0.734916 0.656971 0.707263 0.627678 0.781533 0.422005 0.890623
0.645656 0.581334 0.474110 0.367612 0.705852 0.907689 0.349018 0.391101 0.925134 0.767102 0.978697 0.685908 0.617630 0.564782 0.625895 0.449306 0.616578 0.663389 0.447483 0.675265 0.662459 0.937242 0.336851 0.513209 0.575314 0.586848 0.629433 0.989325 0.712815 0.657064 0.297132 0.000000 0.408378 0.425193 0.535581 0.689364 0.623833 0.705768 0.903141 0.857604 0.984186 0.764461 0.532886 0.446151 0.758267 0.693425 0.404632 0.416464 0.790112 0.541434 0.513352 0.451265 0.448435 0.596381 0.558264 0.626551 0.582095 0.575238 0.493486 0.470985 0.553353 0.498269 0.567948 0.532933 0.621570 0.446126 0.428654 0.402011 0.817950 0.601029 0.573021 0.940116 0.528212 0.607690 0.728952 0.690779 0.637484 0.734281 0.542686 0.532395 0.619028 0.680599 0.506659 0.702406 0.494686 0.461685 0.930472 0.791012 0.646018 0.544441 0.939602 0.921779 0.922822 0.894554 0.749640 0.914778 0.852707 0.774646 0.758195 0.613065 0.898413 0.842787 0.689011 0.770429 0.504729 0.424329 0.605080 0.826583 0.999925 0.807155 0.578548 0.814989 0.728240 0.806851 0.487189 0.933785
0.322797 0.309412 0.496387 0.358385 0.875748 0.882366 0.350024 0.277540 0.857895 0.878333 0.644831 0.382055 0.403987 0.379476 0.527147 0.405542 0.346147 0.371849 0.273449 0.389724 0.517004 0.922655 0.425127 0.412190 0.607009 0.656442 0.610291 0.970679 0.430687 0.401517 0.456871 0.408378 0.000000 0.260591 0.619380 0.842782 0.682149 0.614055 0.948120 0.816589 0.794602 0.764558 0.715309 0.532788 0.835966 0.691873 0.394235 0.442625 0.684529 0.497228 0.492992 0.438915 0.608656 0.812544 0.328074 0.407159 0.278330 0.288481 0.311055 0.287113 0.314824 0.284722 0.300317 0.269897 0.508824 0.368179 0.435034 0.438553 0.508346 0.339113 0.881648 0.904591 0.602346 0.760930 0.681749 0.702394 0.795548 0.835541 0.399419 0.384154 0.362012 0.446288 0.361238 0.431682 0.285135 0.260833 0.997378 0.650623 0.506665 0.341765 0.657068 0.638472 0.646245 0.614544 0.865144 0.869483 0.817000 0.960038 0.894110 0.796296 0.942722 0.985130 0.859725 0.730706 0.621009 0.593784 0.724762 0.966814 0.809295 0.788474 0.696569 0.763663 0.912794 0.826396 0.509713 0.757164
0.335888 0.301137 0.601196 0.488910 0.937326 0.914516 0.362632 0.328175 0.769739 0.870530 0.552177 0.372666 0.363369 0.357315 0.490400 0.473647 0.310027 0.330371 0.304337 0.364291 0.622834 0.976921 0.551457 0.549612 0.694397 0.772197 0.629867 0.959179 0.392851 0.396485 0.503416 0.425193 0.260591 0.000000 0.725228 0.922331 0.668960 0.643798 0.963309 0.739269 0.739928 0.662866 0.727895 0.525347 0.775160 0.616056 0.371750 0.479936 0.609563 0.462939 0.493691 0.437409 0.583305 0.832872 0.327926 0.319833 0.290125 0.308501 0.323777 0.324573 0.298637 0.314284 0.256842 0.245436 0.605592 0.450011 0.543215 0.496476 0.530903 0.373208 0.983532 0.799123 0.630999 0.768497 0.650718 0.742393 0.843689 0.860694 0.383261 0.423926 0.314831 0.407171 0.415501 0.420265 0.332117 0.344855 0.996822 0.724504 0.486433 0.355363 0.633325 0.665235 0.586648 0.599355 0.857886 0.942046 0.924882 0.933467 0.888622 0.759290 0.922740 0.977224 0.729291 0.656939 0.757275 0.635191 0.686867 0.986797 0.866381 0.872678 0.728734 0.769645 0.879017 0.861794 0.577499 0.786212
0.939848 0.845899 0.470116 0.471022 0.911963 0.875436 0.592900 0.652894 0.845348 0.995560 0.804704 0.901304 0.933695 0.847920 0.860162 0.551570 0.857995 0.884373 0.721784 0.905957 0.706616 0.983016 0.428407 0.482558 0.498023 0.412713 0.664213 0.950207 0.996538 0.905349 0.460860 0.535581 0.619380 0.725228 0.000000 0.710279 0.623296 0.718771 0.733396 0.996402 0.952139 0.813309 0.672950 0.646020 0.905816 0.919370 0.642420 0.639403 0.952792 0.816095 0.751365 0.716474 0.651618 0.672766 0.721431 0.795368 0.831797 0.830203 0.796351 0.795438 0.888713 0.768348 0.927193 0.846158 0.619486 0.556795 0.439676 0.523285 0.897458 0.744665 0.660631 0.730031 0.642854 0.684660 0.692032 0.742243 0.573443 0.694954 0.781473 0.799376 0.890505 0.910092 0.656133 0.832443 0.729701 0.593038 0.804895 0.759851 0.818936 0.720286 0.976083 0.967816 0.920923 0.982332 0.797618 0.767985 0.949138 0.988197 0.893213 0.749073 0.990588 0.876861 0.900596 0.883482 0.529334 0.669023 0.712302 0.896324 0.968989 0.758769 0.725670 0.874100 0.858263 0.962621 0.614310 0.910056
0.950160 0.940323 0.602885 0.658501 0.880238 0.920328 0.850024 0.904084 0.932375 0.830355 0.841544 0.921028 0.897027 0.904104 0.997271 0.816970 0.989959 0.986160 0.931901 0.996095 0.879533 0.963625 0.667687 0.772706 0.604163 0.608237 0.614579 0.929533 0.895998 0.961748 0.619013 0.689364 0.842782 0.922331 0.710279 0.000000 0.720317 0.609221 0.759791 0.941454 0.902192 0.947003 0.867424 0.842834 0.970758 0.928631 0.902559 0.855365 0.791736 0.992949 0.977698 0.909663 0.839672 0.851187 0.965375 0.978548 0.922090 0.946179 0.971426 0.934283 0.964172 0.964172 0.900780 0.974300 0.719291 0.732195 0.674677 0.746738 0.965711 0.880640 0.687564 0.796061 0.831086 0.991077 0.903220 0.884666 0.894913 0.817123 0.983570 0.861451 0.957556 0.957765 0.864296 0.998571 0.875679 0.808434 0.973081 0.965857 0.908214 0.913723 0.951000 0.902754 0.994576 0.977428 0.974616 0.889351 0.981441 0.817700 0.933535 0.978174 0.887662 0.861351 0.927986 0.858341 0.839471 0.828706 0.870367 0.993573 0.874949 0.928528 0.967592 0.910341 0.995488 0.999498 0.812384 0.892921
0.731125 0.624247 0.517572 0.525922 0.896626 0.996021 0.713587 0.718201 0.826815 0.793632 0.924644 0.792193 0.861795 0.848757 0.894844 0.736020 0.719991 0.744329 0.644732 0.734665 0.712841 0.938120 0.635973 0.626423 0.433695 0.497953 0.488014 0.990647 0.878860 0.734954 0.656333 0.623833 0.682149 0.668960 0.623296 0.720317 0.000000 0.489772 0.647047 0.683186 0.691901 0.735445 0.887011 0.781619 0.876394 0.956440 0.656813 0.800836 0.892553 0.861288 0.885696 0.794796 0.846310 0.958563 0.715680 0.703377 0.663186 0.646016 0.720991 0.705111 0.822434 0.807284 0.780295 0.734886 0.588915 0.604841 0.638720 0.700970 0.689787 0.638417 0.771325 0.957698 0.884522 0.982068 0.687165 0.917283 0.949295 0.965056 0.806916 0.778430 0.789024 0.829487 0.638983 0.646153 0.651808 0.586300 0.752477 0.795321 0.801992 0.679438 0.634760 0.681288 0.672720 0.658630 0.956043 0.924305 0.967967 0.959942 0.809368 0.938886 0.792733 0.840427 0.995203 0.914915 0.708367 0.707921 0.942183 0.902676 0.956643 0.828167 0.887303 0.953228 0.930426 0.963383 0.783650 0.956199
0.585661 0.511435 0.563418 0.575340 0.819409 0.943403 0.760906 0.723283 0.780759 0.668282 0.807106 0.718474 0.804454 0.833149 0.938361 0.797794 0.634524 0.628556 0.607037 0.612690 0.740012 0.893175 0.710954 0.684340 0.505932 0.586305 0.565022 0.853974 0.783991 0.659700 0.711661 0.705768 0.614055 0.643798 0.718771 0.609221 0.489772 0.000000 0.647488 0.755655 0.704750 0.812417 0.999603 0.854282 0.788305 0.919873 0.712202 0.789318 0.891578 0.890172 0.941310 0.841226 0.964931 0.870775 0.669442 0.693004 0.522126 0.524681 0.707481 0.657534 0.744815 0.732066 0.711813 0.633557 0.535999 0.570791 0.733452 0.774459 0.544651 0.497468 0.891418 0.868615 0.986482 0.889787 0.851793 0.976412 0.933602 0.969911 0.793741 0.738211 0.637703 0.696728 0.636956 0.562655 0.584417 0.498950 0.781975 0.793082 0.673975 0.502438 0.574118 0.544785 0.628295 0.518579 0.901623 0.992112 0.959868 0.888307 0.713189 0.846529 0.771046 0.662575 0.904352 0.914394 0.904126 0.911524 0.887242 0.870635 0.962623 0.918925 0.933006 0.841500 0.832578 0.847418 0.841540 0.706482
