0.000000 0.296013 0.869324 0.701819 0.972019 0.748182 0.944870 0.861796 0.786179 0.702593 0.520975 0.379522 0.474786 0.448797 0.733107 0.627597 0.415559 0.333265 0.481546 0.365284 0.881542 0.714859 0.824909 0.676466 0.724349 0.944515 0.712701 0.893689 0.809005 0.627632 0.766867 0.974229 0.884412 0.806219 0.919909 0.935998 0.806775 0.574765 0.826183 0.659111 0.804729 0.998666 0.964549 0.846395 0.926568 0.879428 0.726013 0.710780 0.836599 0.558785 0.793869 0.629891 0.970711 0.739395 0.627221 0.753665 0.331266 0.315520 0.534286 0.488883 0.832700 0.935120 0.580857 0.509436 0.799554 0.886770 0.997755 0.988431 0.363318 0.426978 0.816916 0.769491 0.775046 0.938596 0.831343 0.737019 0.942273 0.902108 0.799122 0.589351 0.347350 0.311681 0.523685 0.403697 0.558441 0.585239 0.614306 0.705784 0.700238 0.538040 0.847026 0.862833 0.932799 0.996220 0.842242 0.999141 0.887312 0.968453 0.982481 0.878503 0.757834 0.882524 0.953634 0.974634 0.947189 0.991748 0.901044 0.828582 0.965544 0.856772 0.992999 0.862918 0.913268 0.926765 0.896878 0.937821
0.296013 0.000000 0.773585 0.608657 0.920058 0.813523 0.874197 0.811832 0.834797 0.723387 0.613651 0.398884 0.431538 0.410788 0.668034 0.520972 0.410637 0.335932 0.466090 0.348468 0.857407 0.725266 0.685096 0.586259 0.645587 0.978812 0.658332 0.902387 0.752772 0.615320 0.828328 0.958402 0.847349 0.775009 0.871659 0.967420 0.841918 0.561255 0.771316 0.630454 0.858380 0.932614 0.880415 0.768590 0.969189 0.831710 0.666037 0.648386 0.819224 0.499980 0.729231 0.542015 0.893199 0.763038 0.600101 0.758131 0.272541 0.235444 0.512185 0.379073 0.745715 0.846968 0.577247 0.466716 0.702763 0.795132 0.916573 0.923718 0.433314 0.428108 0.830364 0.780943 0.780976 0.991856 0.837971 0.812096 0.914377 0.955489 0.740108 0.645015 0.363289 0.336609 0.465819 0.420790 0.449047 0.476732 0.642794 0.612565 0.654260 0.525774 0.821167 0.815611 0.972056 0.933344 0.768029 0.956927 0.904328 0.994566 0.955109 0.911150 0.756655 0.846614 0.958449 0.949369 0.889268 0.934178 0.975125 0.863108 0.905914 0.816487 0.904903 0.934671 0.997528 0.883741 0.749507 0.923101
0.869324 0.773585 0.000000 0.305866 0.698351 0.959778 0.338891 0.408944 0.535637 0.987964 0.952748 0.859651 0.605831 0.818616 0.748697 0.744883 0.936986 0.964798 0.732756 0.812415 0.810074 0.920994 0.447402 0.501408 0.424172 0.425665 0.846341 0.906110 0.881648 0.854336 0.628042 0.776876 0.533676 0.635603 0.616963 0.791582 0.584724 0.709607 0.745861 0.952933 0.863420 0.949109 0.811834 0.786064 0.805096 0.832937 0.770576 0.821374 0.786751 0.981939 0.930828 0.988247 0.942652 0.939038 0.718772 0.969984 0.820177 0.875137 0.788191 0.818550 0.363402 0.480880 0.920998 0.965092 0.303722 0.271769 0.483037 0.491223 0.762608 0.922733 0.681191 0.655413 0.777063 0.746754 0.978753 0.837086 0.817415 0.745925 0.978861 0.978274 0.939125 0.970908 0.837681 0.936714 0.523581 0.443081 0.802557 0.883440 0.677539 0.710487 0.752490 0.939904 0.642527 0.903814 0.758485 0.980541 0.862441 0.941389 0.846061 0.830588 0.819090 0.952926 0.813716 0.868497 0.614920 0.865145 0.959559 0.887794 0.727109 0.859028 0.775727 0.868952 0.898969 0.963682 0.785161 0.972775
0.701819 0.608657 0.305866 0.000000 0.681864 0.972567 0.446467 0.387858 0.640784 0.987398 0.891755 0.656318 0.488905 0.633955 0.624603 0.551372 0.898718 0.850251 0.561656 0.613102 0.882999 0.812425 0.355031 0.387764 0.443458 0.546963 0.697973 0.930416 0.990099 0.984300 0.763023 0.761758 0.618616 0.675195 0.626523 0.821326 0.587613 0.655477 0.716789 0.826207 0.876359 0.966517 0.788678 0.728735 0.860342 0.798334 0.732486 0.693677 0.892269 0.848952 0.976932 0.850484 0.896530 0.996727 0.689388 0.961053 0.681769 0.693072 0.669987 0.685441 0.437300 0.496852 0.988789 0.800603 0.310968 0.337602 0.528308 0.574803 0.641212 0.829148 0.644677 0.700728 0.852769 0.831055 0.970605 0.847741 0.759271 0.786680 0.878915 0.895438 0.856759 0.813004 0.726626 0.778823 0.447211 0.393628 0.688064 0.794220 0.607813 0.631066 0.795048 0.961660 0.683325 0.887781 0.743402 0.968496 0.795342 0.906357 0.810961 0.774595 0.883248 0.944825 0.871118 0.828379 0.578173 0.738876 0.966038 0.865137 0.694596 0.748955 0.789610 0.802378 0.929358 0.990720 0.738030 0.995871
0.972019 0.920058 0.698351 0.681864 0.000000 0.905660 0.769417 0.791710 0.763558 0.968554 0.936868 0.933507 0.745855 0.963838 0.751619 0.878404 0.892871 0.926558 0.931523 0.897264 0.929605 0.994397 0.594262 0.671189 0.684981 0.678713 0.671989 0.877652 0.926671 0.856510 0.848707 0.966542 0.886587 0.960974 0.947967 0.903071 0.818904 0.921296 0.935815 0.922140 0.918454 0.915860 0.978353 0.975072 0.948371 0.910763 0.940562 0.946660 0.815407 0.905394 0.920820 0.978422 0.881570 0.999600 0.987245 0.996909 0.997672 0.964913 0.947531 0.996983 0.777928 0.831326 0.925544 0.966371 0.642979 0.703487 0.773925 0.863435 0.864837 0.935058 0.756398 0.944193 0.899920 0.973475 0.968065 0.948726 0.928610 0.961790 0.860921 0.980961 0.930249 0.939313 0.875886 0.976642 0.722145 0.696462 0.843401 0.820789 0.929813 0.865310 0.909727 0.993708 0.817829 0.917856 0.852469 0.994888 0.926958 0.876595 0.997565 0.992902 0.973357 0.911933 0.826239 0.824346 0.889352 0.805610 0.996829 0.933070 0.999326 0.905350 0.889402 0.951177 0.909334 0.888796 0.946686 0.909908
0.748182 0.813523 0.959778 0.972567 0.905660 0.000000 0.861982 0.799095 0.844351 0.657508 0.960295 0.918655 0.798590 0.770933 0.843250 0.876558 0.700998 0.734329 0.864665 0.806888 0.978431 0.732624 0.927319 0.812030 0.853588 0.949024 0.764942 0.997926 0.981583 0.945388 0.859230 0.961530 0.867954 0.773254 0.966949 0.897323 0.990109 0.894969 0.863830 0.812302 0.971228 0.928677 0.754703 0.834478 0.690019 0.805668 0.973165 0.926084 0.792871 0.989787 0.866059 0.988926 0.879637 0.802431 0.938795 0.951136 0.708272 0.717829 0.986073 0.956440 0.896725 0.803019 0.900248 0.942545 0.925325 0.904447 0.744508 0.802430 0.767631 0.832166 0.758826 0.860729 0.735798 0.830531 0.942323 0.912087 0.979028 0.763485 0.915001 0.903299 0.807379 0.716939 0.631034 0.733836 0.789742 0.821585 0.749835 0.853909 0.684678 0.622995 0.722626 0.841081 0.798031 0.955970 0.999264 0.890720 0.747038 0.949559 0.750633 0.711286 0.722787 0.997213 0.994076 0.823048 0.900545 0.862545 0.948901 0.882648 0.950641 0.941042 0.843602 0.785427 0.761483 0.880695 0.972722 0.864063
0.944870 0.874197 0.338891 0.446467 0.769417 0.861982 0.000000 0.352098 0.523502 0.789213 0.934798 0.814916 0.748660 0.887218 0.846223 0.845193 0.977101 0.899081 0.778397 0.864718 0.845319 0.947391 0.583981 0.716772 0.635306 0.516551 0.974289 0.923401 0.956384 0.982599 0.508036 0.620003 0.399591 0.493929 0.588102 0.735348 0.693948 0.813424 0.860413 0.992994 0.996318 0.986652 0.570532 0.613067 0.520257 0.575429 0.647589 0.674383 0.939747 0.813743 0.825043 0.835596 0.708716 0.815636 0.805679 0.923162 0.928757 0.974125 0.664146 0.748073 0.311711 0.420638 0.911713 0.828252 0.509122 0.383621 0.345666 0.315626 0.956009 0.978458 0.693232 0.627140 0.611985 0.679887 0.944837 0.779444 0.722630 0.612570 0.956267 0.905581 0.988746 0.972574 0.906669 0.954531 0.702742 0.636394 0.955329 0.945113 0.873234 0.909930 0.662621 0.961528 0.649004 0.915116 0.757335 0.865925 0.732266 0.830171 0.609680 0.625349 0.614064 0.908346 0.990254 0.925116 0.554699 0.763712 0.871012 0.789436 0.697340 0.856872 0.691832 0.794538 0.756427 0.935467 0.643931 0.923164
0.861796 0.811832 0.408944 0.387858 0.791710 0.799095 0.352098 0.000000 0.527275 0.638578 0.847993 0.669715 0.706543 0.775417 0.833639 0.715517 0.991453 0.929126 0.658547 0.734344 0.977586 0.877855 0.626160 0.743263 0.695809 0.590793 0.961903 0.975352 0.931664 0.927055 0.587391 0.597369 0.476201 0.445023 0.716646 0.860840 0.546051 0.716477 0.851991 0.887379 0.882148 0.915924 0.475693 0.460112 0.582710 0.528220 0.513120 0.488954 0.862640 0.679512 0.723276 0.688853 0.716785 0.686299 0.742031 0.914255 0.884140 0.925179 0.601458 0.684514 0.395492 0.308821 0.988616 0.755275 0.601459 0.381984 0.494870 0.386658 0.834057 0.917428 0.601673 0.564160 0.659230 0.739463 0.932433 0.841881 0.670895 0.619830 0.948000 0.836089 0.937672 0.998340 0.931889 0.986420 0.798167 0.701857 0.948202 0.975171 0.873051 0.955149 0.630745 0.919359 0.724367 0.976384 0.819504 0.830304 0.699166 0.887358 0.541511 0.509220 0.559122 0.919609 0.868067 0.867351 0.512471 0.782268 0.968662 0.714347 0.687135 0.764123 0.707415 0.702812 0.719488 0.832702 0.663071 0.943925
0.786179 0.834797 0.535637 0.640784 0.763558 0.844351 0.523502 0.527275 0.000000 0.621686 0.922782 0.844101 0.953205 0.859603 0.942235 0.972710 0.788177 0.659666 0.993209 0.856273 0.967540 0.922480 0.768263 0.927924 0.745530 0.483887 0.936901 0.991459 0.955083 0.807118 0.478464 0.654726 0.522837 0.670529 0.684483 0.936964 0.773510 0.964013 0.946147 0.959251 0.999823 0.818109 0.647662 0.696505 0.634250 0.711074 0.779683 0.809479 0.970391 0.981911 0.894923 0.991142 0.804524 0.754261 0.923258 0.964851 0.839546 0.727261 0.885621 0.955369 0.548072 0.550497 0.854999 0.923198 0.697594 0.581326 0.564915 0.498664 0.958864 0.837695 0.692823 0.594458 0.549632 0.664908 0.968426 0.892322 0.824780 0.719372 0.983960 0.840490 0.682104 0.622506 0.932592 0.739450 0.955083 0.889749 0.907393 0.991166 0.942612 0.931037 0.624281 0.974518 0.737427 0.942552 0.877296 0.923554 0.901217 0.877917 0.629000 0.661261 0.599646 0.996212 0.956796 0.841336 0.670205 0.771472 0.865482 0.725867 0.783857 0.925684 0.718631 0.686363 0.759280 0.903046 0.791944 0.981109
0.702593 0.723387 0.987964 0.987398 0.968554 0.657508 0.789213 0.638578 0.621686 0.000000 0.985536 0.960143 0.648994 0.717751 0.802271 0.843567 0.836815 0.651654 0.857231 0.834033 0.883588 0.911759 0.866438 0.663185 0.813109 0.874646 0.728368 0.916991 0.858001 0.901415 0.599964 0.628778 0.741362 0.607127 0.820683 0.955209 0.869208 0.912321 0.983364 0.988158 0.951176 0.804975 0.468289 0.548359 0.470548 0.486894 0.714404 0.648917 0.588715 0.761562 0.628444 0.846443 0.679707 0.500778 0.958769 0.879211 0.687327 0.638954 0.849156 0.972968 0.804505 0.561001 0.941520 0.886494 0.802838 0.933074 0.757897 0.602258 0.785987 0.803800 0.762415 0.672033 0.570486 0.717579 0.991289 0.846940 0.739102 0.684472 0.967044 0.902766 0.785784 0.605428 0.778346 0.696133 0.631401 0.704223 0.675669 0.769350 0.895465 0.660082 0.732582 0.975323 0.978735 0.846513 0.935010 0.826787 0.774053 0.774650 0.505331 0.524232 0.520276 0.854347 0.635080 0.590505 0.700758 0.791721 0.927996 0.627853 0.862307 0.819120 0.745586 0.655094 0.652590 0.853766 0.831665 0.855504
0.520975 0.613651 0.952748 0.891755 0.936868 0.960295 0.934798 0.847993 0.922782 0.985536 0.000000 0.624983 0.862597 0.743805 0.913180 0.972771 0.604880 0.530306 0.631158 0.593202 0.915622 0.928755 0.881352 0.995831 0.951140 0.841065 0.893587 0.984666 0.698936 0.551441 0.869738 0.883901 0.859970 0.663848 0.865922 0.887834 0.945665 0.772176 0.840934 0.839842 0.836338 0.975584 0.872867 0.777133 0.947143 0.800648 0.763628 0.797874 0.803815 0.645940 0.885399 0.824895 0.906161 0.820582 0.851189 0.897198 0.587975 0.673589 0.645919 0.588774 0.948485 0.994254 0.575128 0.663425 0.952577 0.992545 0.881908 0.860299 0.662167 0.721555 0.849262 0.821516 0.920061 0.996395 0.858858 0.761055 0.920114 0.907581 0.876359 0.749321 0.581150 0.609795 0.750981 0.714976 0.958088 0.972272 0.830639 0.877666 0.876376 0.919107 0.968026 0.973226 0.987674 0.938794 0.837202 0.939690 0.775748 0.826225 0.849560 0.949620 0.991964 0.976200 0.855187 0.772775 0.959006 0.939472 0.876818 0.963356 0.988612 0.881830 0.961705 0.939420 0.862491 0.932569 0.954575 0.956468
0.379522 0.398884 0.859651 0.656318 0.933507 0.918655 0.814916 0.669715 0.844101 0.960143 0.624983 0.000000 0.498024 0.501590 0.711512 0.556845 0.512503 0.460410 0.503597 0.357116 0.944476 0.649127 0.777731 0.708107 0.786640 0.954141 0.748206 0.971060 0.676131 0.506673 0.939991 0.899971 0.803074 0.652859 0.943431 0.971899 0.689053 0.526011 0.841793 0.660644 0.882703 0.996157 0.801415 0.711101 0.894018 0.708030 0.651797 0.536098 0.693076 0.505830 0.682434 0.555608 0.847701 0.942469 0.686264 0.789841 0.467350 0.403117 0.566732 0.461541 0.719520 0.699626 0.574840 0.392304 0.830064 0.810974 0.918168 0.843486 0.504480 0.521194 0.967813 0.915657 0.860013 0.949066 0.951029 0.897764 0.865756 0.943223 0.799564 0.554340 0.370118 0.413095 0.610811 0.491300 0.668557 0.661631 0.653348 0.763559 0.842782 0.726108 0.872208 0.893095 0.896485 0.825761 0.895523 0.881522 0.765066 0.899767 0.916416 0.923782 0.994420 0.921765 0.867766 0.921290 0.832021 0.867389 0.855034 0.920698 0.873205 0.788946 0.917792 0.964983 0.967302 0.771468 0.843168 0.955497
0.474786 0.431538 0.605831 0.488905 0.745855 0.798590 0.748660 0.706543 0.953205 0.648994 0.862597 0.498024 0.000000 0.337311 0.412030 0.372019 0.637538 0.563017 0.462898 0.504050 0.880535 0.642683 0.428711 0.377640 0.576207 0.904886 0.603938 0.951990 0.912719 0.838724 0.917419 0.987614 0.874626 0.898718 0.993194 0.927753 0.786854 0.729060 0.909372 0.828714 0.861416 0.913415 0.997252 0.878422 0.852983 0.992122 0.803312 0.817560 0.882584 0.801324 0.956623 0.688383 0.916459 0.903769 0.816623 0.865211 0.478625 0.435974 0.738027 0.599555 0.644762 0.743569 0.813149 0.653961 0.510714 0.615371 0.936243 0.968851 0.604347 0.626030 0.879681 0.964777 0.897155 0.966413 0.922476 0.980561 0.922074 0.955302 0.865928 0.606475 0.573849 0.489452 0.598445 0.566547 0.397867 0.439679 0.551303 0.643105 0.753303 0.571149 0.993045 0.956512 0.901449 0.927354 0.885247 0.956491 0.872242 0.971721 0.923359 0.962016 0.867891 0.968298 0.915578 0.815009 0.841750 0.925931 0.988617 0.903816 0.864634 0.912348 0.936521 0.996108 0.967541 0.927440 0.864663 0.959832
0.448797 0.410788 0.818616 0.633955 0.963838 0.770933 0.887218 0.775417 0.859603 0.717751 0.743805 0.501590 0.337311 0.000000 0.465458 0.356164 0.497336 0.453768 0.437862 0.507812 0.980963 0.615715 0.603444 0.529800 0.817226 0.924098 0.654209 0.949251 0.729084 0.657136 0.805773 0.919214 0.919108 0.853494 0.949083 0.926283 0.929282 0.768861 0.999001 0.816184 0.996812 0.832799 0.883703 0.736443 0.913362 0.873452 0.693044 0.720990 0.962195 0.653883 0.805227 0.558322 0.849541 0.944408 0.900700 0.843212 0.393962 0.399725 0.617968 0.506429 0.752867 0.839233 0.674672 0.566933 0.730892 0.772488 0.983569 0.966887 0.701543 0.652492 0.919138 0.824644 0.886101 0.986716 0.861207 0.996764 0.956181 0.986632 0.714187 0.523578 0.475042 0.450302 0.528942 0.545052 0.543838 0.574734 0.632599 0.666880 0.794404 0.670236 0.938296 0.951183 0.942236 0.956001 0.892074 0.929635 0.902883 0.989000 0.971119 0.910111 0.872631 0.954507 0.968583 0.992687 0.909524 0.955925 0.959292 0.825598 0.887584 0.881921 0.881450 0.968662 0.996362 0.864713 0.767221 0.959699
0.733107 0.668034 0.748697 0.624603 0.751619 0.843250 0.846223 0.833639 0.942235 0.802271 0.913180 0.711512 0.412030 0.465458 0.000000 0.329375 0.701357 0.728163 0.635135 0.757550 0.968598 0.752036 0.408502 0.454236 0.676489 0.964131 0.630833 0.885460 0.806496 0.899199 0.987172 0.867274 0.920212 0.926211 0.935953 0.981037 0.867491 0.783104 0.989929 0.987675 0.969202 0.894993 0.939552 0.868014 0.943443 0.959815 0.822906 0.873881 0.909751 0.900085 0.939689 0.744476 0.785508 0.962281 0.946959 0.880720 0.619659 0.622135 0.789395 0.757752 0.705073 0.755513 0.842394 0.693987 0.566849 0.711228 0.994783 0.987650 0.806922 0.851869 0.849559 0.916014 0.944231 0.910137 0.904506 0.949612 0.976166 0.850057 0.750193 0.707642 0.741010 0.721520 0.620101 0.683743 0.467733 0.529989 0.695617 0.623598 0.765597 0.673889 0.893175 0.936016 0.907031 0.993152 0.916598 0.881820 0.868154 0.990373 0.962729 0.909870 0.854457 0.874147 0.918910 0.813474 0.806982 0.840726 0.923769 0.997024 0.825239 0.922031 0.925030 0.907004 0.905184 0.964386 0.893172 0.934589
0.627597 0.520972 0.744883 0.551372 0.878404 0.876558 0.845193 0.715517 0.972710 0.843567 0.972771 0.556845 0.372019 0.356164 0.329375 0.000000 0.615599 0.624305 0.570698 0.619884 0.981489 0.663638 0.421740 0.436933 0.694808 0.982131 0.697787 0.839523 0.764930 0.757894 0.966331 0.837186 0.896526 0.851221 0.976027 0.962629 0.812372 0.732274 0.911516 0.898262 0.968365 0.891512 0.828162 0.703290 0.952395 0.831761 0.671565 0.685311 0.994348 0.727903 0.799265 0.597219 0.717235 0.948019 0.900679 0.873117 0.507712 0.490003 0.664106 0.577682 0.680419 0.680945 0.820966 0.569572 0.612307 0.688131 0.986658 0.997011 0.740394 0.717712 0.894688 0.926714 0.901419 0.889727 0.981757 0.895568 0.911066 0.795096 0.702967 0.670168 0.607108 0.619277 0.557298 0.553181 0.479750 0.501777 0.700504 0.695296 0.709034 0.651540 0.903560 0.943534 0.894831 0.899567 0.910707 0.952161 0.891455 0.984670 0.996322 0.849791 0.928797 0.862644 0.989714 0.844682 0.774644 0.821184 0.970279 0.957565 0.772290 0.921611 0.859569 0.860782 0.869897 0.823598 0.749071 0.927938
0.415559 0.410637 0.936986 0.898718 0.892871 0.700998 0.977101 0.991453 0.788177 0.836815 0.604880 0.512503 0.637538 0.497336 0.701357 0.615599 0.000000 0.352367 0.562094 0.440512 0.978994 0.750736 0.899468 0.790291 0.899054 0.785945 0.806110 0.958158 0.603390 0.492053 0.822133 0.942827 0.885301 0.771895 0.964530 0.940023 0.962919 0.662760 0.909872 0.671761 0.856785 0.969418 0.853824 0.731978 0.987518 0.766652 0.668535 0.647693 0.660051 0.482557 0.647188 0.514616 0.842795 0.903737 0.728726 0.617482 0.359881 0.349646 0.561334 0.411167 0.959972 0.981583 0.432911 0.391597 0.981509 0.853867 0.920503 0.967821 0.576039 0.499463 0.687436 0.706167 0.844060 0.981180 0.898598 0.798544 0.907871 0.972060 0.624980 0.605323 0.292665 0.359510 0.468272 0.417713 0.705163 0.772367 0.738090 0.597646 0.755699 0.682536 0.731979 0.873751 0.741233 0.864763 0.771408 0.939795 0.921816 0.820491 0.958921 0.948382 0.800380 0.940960 0.776741 0.876824 0.987531 0.983861 0.924461 0.876795 0.964469 0.896436 0.902567 0.924124 0.968023 0.955154 0.747193 0.913971
0.333265 0.335932 0.964798 0.850251 0.926558 0.734329 0.899081 0.929126 0.659666 0.651654 0.530306 0.460410 0.563017 0.453768 0.728163 0.624305 0.352367 0.000000 0.500518 0.403721 0.973932 0.731881 0.870694 0.683185 0.880164 0.782195 0.703420 0.930361 0.677040 0.531872 0.649913 0.919640 0.983001 0.898866 0.943473 0.953081 0.983352 0.650474 0.843032 0.704687 0.869521 0.956067 0.954854 0.919309 0.820259 0.966104 0.820275 0.790501 0.836645 0.575703 0.860988 0.684014 0.966256 0.673380 0.709489 0.716118 0.300076 0.282035 0.631957 0.489652 0.963740 0.841314 0.459986 0.459247 0.912909 0.884974 0.894476 0.853822 0.502000 0.468875 0.766836 0.608137 0.679656 0.878829 0.796204 0.769899 0.983747 0.831137 0.652821 0.649355 0.336511 0.299512 0.453817 0.385243 0.602637 0.692453 0.613906 0.597296 0.703992 0.599043 0.711384 0.893046 0.831858 0.961980 0.802902 0.988678 0.888354 0.878718 0.878940 0.831694 0.653630 0.844871 0.928402 0.977867 0.995710 0.990853 0.917118 0.766083 0.922005 0.867076 0.996238 0.820822 0.972407 0.919931 0.898035 0.945663
0.481546 0.466090 0.732756 0.561656 0.931523 0.864665 0.778397 0.658547 0.993209 0.857231 0.631158 0.503597 0.462898 0.437862 0.635135 0.570698 0.562094 0.500518 0.000000 0.439201 0.991536 0.600089 0.667968 0.594544 0.820526 0.944078 0.684679 0.924045 0.751977 0.685160 0.877444 0.842327 0.804001 0.746723 0.938726 0.912434 0.799009 0.700260 0.822345 0.769191 0.719880 0.895887 0.832160 0.742545 0.984871 0.840197 0.666524 0.601217 0.906914 0.618699 0.892181 0.669404 0.949776 0.937787 0.826505 0.824965 0.469400 0.488456 0.661992 0.527875 0.746345 0.808398 0.643119 0.598496 0.734696 0.771301 0.885508 0.875190 0.616165 0.746661 0.882295 0.956588 0.922730 0.968022 0.895225 0.978646 0.867077 0.942773 0.762045 0.600058 0.562949 0.520122 0.614818 0.608489 0.633657 0.689719 0.644216 0.654351 0.790907 0.812893 0.991307 0.937616 0.924525 0.901723 0.779344 0.885066 0.676798 0.909159 0.812566 0.805486 0.953991 0.964626 0.874503 0.964375 0.723386 0.888283 0.838933 0.949055 0.873871 0.650880 0.889415 0.955043 0.876546 0.838299 0.776512 0.998708
0.365284 0.348468 0.812415 0.613102 0.897264 0.806888 0.864718 0.734344 0.856273 0.834033 0.593202 0.357116 0.504050 0.507812 0.757550 0.619884 0.440512 0.403721 0.439201 0.000000 0.950884 0.695017 0.766782 0.649186 0.738622 0.999468 0.661172 0.975517 0.748820 0.611892 0.837469 0.995229 0.836042 0.733973 0.969073 0.985863 0.703912 0.508260 0.767478 0.593785 0.825509 0.969918 0.890750 0.796242 0.938405 0.866541 0.675405 0.635297 0.799787 0.500382 0.791569 0.584446 0.916121 0.894383 0.607031 0.746807 0.398529 0.331356 0.597622 0.472356 0.821792 0.845681 0.637293 0.464744 0.786731 0.855038 0.943752 0.935595 0.430204 0.465050 0.958650 0.870792 0.781602 0.926798 0.889971 0.861527 0.842407 0.916935 0.766433 0.676947 0.390082 0.388784 0.574187 0.439647 0.575388 0.625866 0.659982 0.707103 0.734154 0.644173 0.921862 0.933355 0.977885 0.970231 0.849299 0.898912 0.789075 0.951900 0.975502 0.974124 0.937273 0.986318 0.888074 0.967456 0.829123 0.941467 0.834448 0.996015 0.898670 0.713830 0.988427 0.936421 0.927781 0.923186 0.816662 0.888699
0.881542 0.857407 0.810074 0.882999 0.929605 0.978431 0.845319 0.977586 0.967540 0.883588 0.915622 0.944476 0.880535 0.980963 0.968598 0.981489 0.978994 0.973932 0.991536 0.950884 0.000000 0.939952 0.944956 0.874709 0.823175 0.885823 0.976623 0.988019 0.971870 0.992921 0.885321 0.905138 0.774970 0.884485 0.804736 0.801022 0.933421 0.987840 0.895359 0.940836 0.995931 0.903562 0.941175 0.980826 0.840368 0.932896 0.996704 0.838856 0.940246 0.965921 0.982503 0.937327 0.909002 0.771315 0.822694 0.850962 0.939131 0.893542 0.848590 0.962360 0.698647 0.889184 0.848814 0.952359 0.789835 0.777337 0.771776 0.851379 0.948541 0.971871 0.993511 0.912624 0.924077 0.981669 0.875557 0.928251 0.910307 0.981602 0.827131 0.944479 0.872072 0.845709 0.907841 0.953341 0.749585 0.716871 0.882972 0.891039 0.873414 0.825665 0.906736 0.746519 0.974301 0.914397 0.994272 0.963208 0.940468 0.848448 0.905574 0.833734 0.878381 0.973661 0.955272 0.922680 0.847238 0.963914 0.928343 0.982383 0.991688 0.841831 0.880895 0.837893 0.980566 0.976830 0.982586 0.993127
0.714859 0.725266 0.920994 0.812425 0.994397 0.732624 0.947391 0.877855 0.922480 0.911759 0.928755 0.649127 0.642683 0.615715 0.752036 0.663638 0.750736 0.731881 0.600089 0.695017 0.939952 0.000000 0.782267 0.750872 0.933232 0.941606 0.769612 0.832257 0.896916 0.885362 0.951733 0.945244 0.967306 0.967907 0.891934 0.871138 0.887653 0.801273 0.874943 0.721872 0.946972 0.920510 0.922937 0.837305 0.915892 0.939698 0.832615 0.816000 0.959054 0.735603 0.846572 0.686027 0.824394 0.928378 0.874826 0.822421 0.662973 0.664594 0.883820 0.732328 0.856431 0.899672 0.746616 0.688905 0.904185 0.945483 0.883866 0.939354 0.813927 0.837085 0.930126 0.987092 0.989180 0.934271 0.808472 0.918912 0.849470 0.994283 0.912158 0.686991 0.704785 0.660939 0.745252 0.657969 0.781267 0.801331 0.690696 0.760436 0.803775 0.896155 0.993954 0.920379 0.910707 0.995808 0.941350 0.904831 0.749720 0.919500 0.948427 0.896643 0.979708 0.847837 0.924892 0.953556 0.851027 0.921045 0.813480 0.913327 0.863779 0.789505 0.874336 0.873287 0.968126 0.765479 0.788589 0.877093
0.824909 0.685096 0.447402 0.355031 0.594262 0.927319 0.583981 0.626160 0.768263 0.866438 0.881352 0.777731 0.428711 0.603444 0.408502 0.421740 0.899468 0.870694 0.667968 0.766782 0.944956 0.782267 0.000000 0.310024 0.457851 0.639439 0.621619 0.886826 0.978839 0.959982 0.833096 0.855599 0.787327 0.876520 0.785754 0.859648 0.705336 0.756637 0.869749 0.950652 0.965391 0.936205 0.919116 0.877631 0.982701 0.957561 0.896330 0.867962 0.785403 0.998332 0.945203 0.898385 0.799417 0.988185 0.855713 0.928106 0.734962 0.696735 0.880881 0.791447 0.532590 0.632776 0.981862 0.816802 0.309027 0.469656 0.716421 0.802902 0.784264 0.865469 0.704233 0.823797 0.872899 0.875487 0.934421 0.776081 0.877258 0.854855 0.830910 0.917877 0.891796 0.870490 0.673431 0.770850 0.354228 0.372407 0.683732 0.710035 0.641802 0.594057 0.921893 0.933358 0.816851 0.925486 0.756567 0.957261 0.882262 0.960491 0.981380 0.862232 0.943843 0.880741 0.811901 0.665983 0.692655 0.738544 0.969313 0.962188 0.769334 0.818769 0.866944 0.817194 0.934774 0.936131 0.827969 0.989461
0.676466 0.586259 0.501408 0.387764 0.671189 0.812030 0.716772 0.743263 0.927924 0.663185 0.995831 0.708107 0.377640 0.529800 0.454236 0.436933 0.790291 0.683185 0.594544 0.649186 0.874709 0.750872 0.310024 0.000000 0.432179 0.719741 0.518781 0.824611 0.926107 0.984953 0.947579 0.918158 0.822104 0.930814 0.856136 0.852528 0.782426 0.727384 0.771203 0.921279 0.908045 0.964024 0.897509 0.999200 0.805578 0.905255 0.971209 0.920718 0.704169 0.982263 0.816025 0.958460 0.999558 0.764697 0.782905 0.970519 0.602429 0.565620 0.894590 0.753583 0.665964 0.811152 0.922633 0.803111 0.356696 0.562657 0.887444 0.951923 0.638602 0.792145 0.833309 0.965128 0.961031 0.968686 0.959777 0.925927 0.925997 0.935992 0.784579 0.841057 0.763887 0.671531 0.615191 0.597177 0.331502 0.345901 0.592859 0.665829 0.549079 0.513705 0.884429 0.833021 0.951810 0.987176 0.775064 0.892463 0.963335 0.958845 0.856795 0.937653 0.808549 0.895894 0.731600 0.626483 0.799778 0.908348 0.912326 0.905718 0.946475 0.944329 0.949551 0.997789 0.941354 0.935651 0.903989 0.982907
0.724349 0.645587 0.424172 0.443458 0.684981 0.853588 0.635306 0.695809 0.745530 0.813109 0.951140 0.786640 0.576207 0.817226 0.676489 0.694808 0.899054 0.880164 0.820526 0.738622 0.823175 0.933232 0.457851 0.432179 0.000000 0.428775 0.629453 0.804887 0.885459 0.819398 0.742255 0.903769 0.683555 0.828215 0.726932 0.822925 0.572105 0.594292 0.703836 0.843067 0.870417 0.957627 0.950133 0.989607 0.975940 0.985369 0.909780 0.915046 0.771224 0.995295 0.881948 0.984270 0.933543 0.714632 0.645889 0.920174 0.707092 0.697467 0.867821 0.806103 0.561730 0.690899 0.919766 0.904855 0.339206 0.479373 0.752697 0.768696 0.544924 0.680993 0.934831 0.830971 0.972017 0.867264 0.985191 0.919175 0.945966 0.969277 0.933981 0.997171 0.911720 0.815793 0.661411 0.708327 0.378412 0.335712 0.747968 0.768731 0.574550 0.452345 0.888745 0.616553 0.935065 0.872401 0.754072 0.977434 0.893725 0.930646 0.861572 0.819916 0.860478 0.776696 0.743837 0.670158 0.848590 0.927851 0.968061 0.937152 0.896423 0.992626 0.920995 0.926255 0.924844 0.866475 0.919450 0.935621
0.944515 0.978812 0.425665 0.546963 0.678713 0.949024 0.516551 0.590793 0.483887 0.874646 0.841065 0.954141 0.904886 0.924098 0.964131 0.982131 0.785945 0.782195 0.944078 0.999468 0.885823 0.941606 0.639439 0.719741 0.428775 0.000000 0.905714 0.825202 0.755942 0.716184 0.511046 0.812343 0.569549 0.718800 0.710799 0.736093 0.602295 0.782197 0.740512 0.872533 0.956568 0.816282 0.844141 0.870480 0.778532 0.846906 0.850515 0.915367 0.842115 0.958952 0.993764 0.960544 0.939962 0.946985 0.758898 0.981127 0.957742 0.940914 0.925173 0.999485 0.521353 0.593518 0.750974 0.891847 0.485661 0.453924 0.576223 0.537739 0.815483 0.901834 0.810355 0.655936 0.716724 0.750769 0.967402 0.935304 0.945168 0.886050 0.898906 0.823507 0.773278 0.778134 0.908789 0.882940 0.670954 0.587121 0.978497 0.983926 0.762586 0.733100 0.867110 0.743595 0.813970 0.896069 0.859575 0.930541 0.893088 0.969928 0.907346 0.991066 0.820806 0.879536 0.790853 0.847787 0.747223 0.855689 0.927164 0.938426 0.867927 0.941597 0.742983 0.983746 0.904343 0.894422 0.885162 0.997511
0.712701 0.658332 0.846341 0.697973 0.671989 0.764942 0.974289 0.961903 0.936901 0.728368 0.893587 0.748206 0.603938 0.654209 0.630833 0.697787 0.806110 0.703420 0.684679 0.661172 0.976623 0.769612 0.621619 0.518781 0.629453 0.905714 0.000000 0.875522 0.976838 0.934473 0.811822 0.954542 0.881963 0.870365 0.919697 0.990590 0.871008 0.651651 0.812023 0.902790 0.948380 0.889634 0.762954 0.856801 0.630718 0.740577 0.983632 0.974579 0.767946 0.976811 0.814482 0.929205 0.885967 0.827150 0.873834 0.950362 0.672915 0.628413 0.957688 0.852935 0.994666 0.943500 0.936328 0.902922 0.674912 0.862427 0.891393 0.869226 0.643769 0.746245 0.998887 0.867504 0.811514 0.815747 0.957309 0.953746 0.909712 0.751992 0.806044 0.971650 0.822210 0.696896 0.733768 0.727828 0.561674 0.618730 0.627133 0.671172 0.812064 0.611499 0.898467 0.956160 0.991395 0.875138 0.843998 0.941873 0.999664 0.991925 0.806773 0.855380 0.734687 0.951181 0.838261 0.751899 0.948046 0.874385 0.925713 0.925182 0.967085 0.829389 0.970838 0.994660 0.880523 0.902872 0.922567 0.983886
0.893689 0.902387 0.906110 0.930416 0.877652 0.997926 0.923401 0.975352 0.991459 0.916991 0.984666 0.971060 0.951990 0.949251 0.885460 0.839523 0.958158 0.930361 0.924045 0.975517 0.988019 0.832257 0.886826 0.824611 0.804887 0.825202 0.875522 0.000000 0.849913 0.831436 0.951775 0.868060 0.975506 0.999943 0.994560 0.943432 0.806483 0.773475 0.828340 0.991847 0.990294 0.824655 0.938115 0.941955 0.853924 0.911730 0.986446 0.957205 0.852665 0.952701 0.901170 0.926408 0.877048 0.765281 0.857262 0.988826 0.863207 0.896781 0.987110 0.932962 0.980751 0.992243 0.842411 0.943059 0.833426 0.897758 0.887674 0.888096 0.783581 0.761404 0.996597 0.870558 0.852745 0.899934 0.992957 0.974861 0.962882 0.865030 0.950549 0.794581 0.968533 0.967874 0.873960 0.877295 0.819946 0.778190 0.999892 0.982043 0.903971 0.721613 0.831101 0.723177 0.831391 0.790056 0.924264 0.828341 0.773547 0.894748 0.842008 0.795075 0.743327 0.667832 0.850342 0.723429 0.890058 0.818855 0.948527 0.927036 0.792833 0.802490 0.906207 0.942957 0.847430 0.992320 0.828882 0.902080
0.809005 0.752772 0.881648 0.990099 0.926671 0.981583 0.956384 0.931664 0.955083 0.858001 0.698936 0.676131 0.912719 0.729084 0.806496 0.764930 0.603390 0.677040 0.751977 0.748820 0.971870 0.896916 0.978839 0.926107 0.885459 0.755942 0.976838 0.849913 0.000000 0.367727 0.951233 0.611066 0.766482 0.698575 0.991351 0.953421 0.912161 0.909934 0.957524 0.855675 0.949305 0.934412 0.718728 0.669677 0.706504 0.609723 0.708070 0.672451 0.572062 0.569053 0.650221 0.687570 0.715732 0.918610 0.978476 0.756417 0.718969 0.741803 0.681181 0.622813 0.879193 0.927563 0.500868 0.507165 0.847481 0.874284 0.921422 0.908204 0.949979 0.978767 0.806225 0.767184 0.978585 0.876328 0.916575 0.957232 0.979517 0.811034 0.649308 0.680376 0.570684 0.752402 0.713680 0.716974 0.940567 0.979202 0.993237 0.842683 0.982872 0.962913 0.816957 0.858888 0.717150 0.760859 0.824555 0.884820 0.757153 0.982958 0.844888 0.874794 0.960464 0.984372 0.692936 0.716207 0.894884 0.939577 0.992173 0.993298 0.958835 0.930188 0.876669 0.903999 0.769453 0.797112 0.762098 0.986846
0.627632 0.615320 0.854336 0.984300 0.856510 0.945388 0.982599 0.927055 0.807118 0.901415 0.551441 0.506673 0.838724 0.657136 0.899199 0.757894 0.492053 0.531872 0.685160 0.611892 0.992921 0.885362 0.959982 0.984953 0.819398 0.716184 0.934473 0.831436 0.367727 0.000000 0.957732 0.741594 0.836298 0.642386 0.984597 0.970835 0.975957 0.842435 0.988566 0.765930 0.940518 0.948714 0.706731 0.637014 0.718952 0.585853 0.656173 0.598649 0.476458 0.488852 0.588050 0.605210 0.767570 0.995242 0.930351 0.724600 0.624198 0.623415 0.569789 0.495010 0.910696 0.914308 0.453072 0.410939 0.803406 0.845057 0.923454 0.900333 0.850783 0.813733 0.800359 0.762686 0.991418 0.867117 0.915383 0.978900 0.994921 0.803814 0.643305 0.605535 0.410469 0.591464 0.675152 0.630958 0.981318 0.962393 0.887168 0.781460 0.997873 0.977184 0.830393 0.923788 0.756397 0.801644 0.870610 0.984925 0.769129 0.878068 0.822187 0.867626 0.953865 0.990380 0.686466 0.710528 0.924142 0.860366 0.885265 0.890725 0.911970 0.854622 0.883070 0.902676 0.899317 0.814569 0.732186 0.985457
0.766867 0.828328 0.628042 0.763023 0.848707 0.859230 0.508036 0.587391 0.478464 0.599964 0.869738 0.939991 0.917419 0.805773 0.987172 0.966331 0.822133 0.649913 0.877444 0.837469 0.885321 0.951733 0.833096 0.947579 0.742255 0.511046 0.811822 0.951775 0.951233 0.957732 0.000000 0.498467 0.475979 0.591504 0.653331 0.873899 0.723861 0.923694 0.750866 0.953840 0.980646 0.881678 0.577310 0.626459 0.475544 0.534734 0.690635 0.729908 0.837307 0.866318 0.762584 0.909489 0.665295 0.756440 0.951119 0.946336 0.835929 0.748649 0.839414 0.939080 0.498297 0.486547 0.899953 0.941285 0.813709 0.655963 0.617199 0.455077 0.921107 0.817169 0.877874 0.719926 0.638224 0.618202 0.995929 0.823561 0.817992 0.532537 0.965393 0.950012 0.822755 0.687826 0.954688 0.851082 0.982843 0.903616 0.795345 0.942945 0.928856 0.971935 0.960158 0.752524 0.958463 0.717013 0.940320 0.847952 0.945941 0.927700 0.731562 0.794233 0.577114 0.973659 0.925353 0.940864 0.735343 0.811482 0.855008 0.803933 0.804069 0.949634 0.774949 0.839904 0.767098 0.845390 0.774697 0.971708
0.974229 0.958402 0.776876 0.761758 0.966542 0.961530 0.620003 0.597369 0.654726 0.628778 0.883901 0.899971 0.987614 0.919214 0.867274 0.837186 0.942827 0.919640 0.842327 0.995229 0.905138 0.945244 0.855599 0.918158 0.903769 0.812343 0.954542 0.868060 0.611066 0.741594 0.498467 0.000000 0.569693 0.569737 0.730835 0.935916 0.849344 0.898533 0.851850 0.976524 0.967972 0.990357 0.494368 0.460441 0.531008 0.458874 0.576858 0.583228 0.719925 0.666695 0.662148 0.705347 0.657197 0.720235 0.912483 0.897653 0.926160 0.966740 0.601166 0.686063 0.585148 0.603581 0.833301 0.730228 0.923180 0.765037 0.682045 0.581873 0.941514 0.853608 0.919013 0.904505 0.717245 0.674304 0.917271 0.901632 0.781615 0.583574 0.800468 0.738305 0.922547 0.948758 0.795802 0.949103 0.973596 0.944386 0.961181 0.965432 0.901812 0.893948 0.942738 0.832244 0.924006 0.885409 0.914683 0.864217 0.783029 0.991367 0.569553 0.685532 0.627544 0.806213 0.701638 0.836685 0.629274 0.836495 0.877794 0.827459 0.711927 0.895755 0.815687 0.828978 0.619669 0.902217 0.654206 0.978760
0.884412 0.847349 0.533676 0.618616 0.886587 0.867954 0.399591 0.476201 0.522837 0.741362 0.859970 0.803074 0.874626 0.919108 0.920212 0.896526 0.885301 0.983001 0.804001 0.836042 0.774970 0.967306 0.787327 0.822104 0.683555 0.569549 0.881963 0.975506 0.766482 0.836298 0.475979 0.569693 0.000000 0.410256 0.649315 0.783163 0.714991 0.752026 0.847228 0.877882 0.966178 0.776870 0.525300 0.555359 0.425401 0.467957 0.528994 0.631181 0.743701 0.661178 0.665886 0.777286 0.751297 0.924350 0.713018 0.847576 0.863447 0.920072 0.576000 0.709060 0.378662 0.520011 0.746787 0.708766 0.700865 0.573543 0.460167 0.389284 0.867299 0.933267 0.910500 0.824462 0.701692 0.714901 0.819915 0.946922 0.773738 0.682427 0.899141 0.844177 0.867018 0.977609 0.808897 0.914807 0.765736 0.704466 0.971604 0.856235 0.827168 0.879244 0.897344 0.809912 0.973198 0.810984 0.735806 0.881597 0.829151 0.854733 0.666885 0.775777 0.717578 0.968081 0.928528 0.794339 0.668301 0.850719 0.979494 0.956595 0.852377 0.896528 0.717074 0.882748 0.749020 0.820014 0.657448 0.928197
0.806219 0.775009 0.635603 0.675195 0.960974 0.773254 0.493929 0.445023 0.670529 0.607127 0.663848 0.652859 0.898718 0.853494 0.926211 0.851221 0.771895 0.898866 0.746723 0.733973 0.884485 0.967907 0.876520 0.930814 0.828215 0.718800 0.870365 0.999943 0.698575 0.642386 0.591504 0.569737 0.410256 0.000000 0.664153 0.857330 0.673987 0.680640 0.866191 0.886962 0.801781 0.827772 0.481691 0.469885 0.447191 0.413828 0.451523 0.488414 0.654962 0.573983 0.607160 0.691355 0.732009 0.861010 0.730705 0.826568 0.781331 0.852982 0.495387 0.535397 0.449033 0.458268 0.675385 0.564409 0.829226 0.625522 0.544118 0.426564 0.819820 0.865097 0.947088 0.810549 0.691869 0.668233 0.865107 0.998598 0.862023 0.649790 0.911517 0.785496 0.757990 0.902568 0.786972 0.872428 0.877332 0.817053 0.962480 0.921830 0.834126 0.977110 0.973036 0.827711 0.944808 0.759320 0.821060 0.914683 0.711489 0.886434 0.635052 0.751700 0.620370 0.979623 0.831203 0.696444 0.678844 0.778312 0.989528 0.823442 0.882378 0.815211 0.739704 0.884402 0.700743 0.878617 0.739401 0.972175
0.919909 0.871659 0.616963 0.626523 0.947967 0.966949 0.588102 0.716646 0.684483 0.820683 0.865922 0.943431 0.993194 0.949083 0.935953 0.976027 0.964530 0.943473 0.938726 0.969073 0.804736 0.891934 0.785754 0.856136 0.726932 0.710799 0.919697 0.994560 0.991351 0.984597 0.653331 0.730835 0.649315 0.664153 0.000000 0.824757 0.892769 0.805379 0.686424 0.929328 0.997077 0.907930 0.784425 0.788497 0.660375 0.699854 0.806200 0.835296 0.915531 0.870904 0.933052 0.982285 0.901020 0.982083 0.715687 0.895267 0.912503 0.968841 0.710911 0.839906 0.640861 0.673102 0.910153 0.834493 0.659704 0.699950 0.535708 0.567547 0.841137 0.978616 0.837147 0.793690 0.791786 0.735002 0.910399 0.959569 0.843087 0.685141 0.938458 0.978520 0.967333 0.970428 0.804477 0.978254 0.793172 0.732631 0.994294 0.980062 0.647802 0.768537 0.960899 0.831619 0.823873 0.958232 0.789695 0.920848 0.836846 0.671346 0.825699 0.925879 0.891120 0.896421 0.983788 0.984381 0.739919 0.826294 0.671246 0.860508 0.763524 0.881142 0.891121 0.901290 0.713684 0.980752 0.821236 0.946859
0.935998 0.967420 0.791582 0.821326 0.903071 0.897323 0.735348 0.860840 0.936964 0.955209 0.887834 0.971899 0.927753 0.926283 0.981037 0.962629 0.940023 0.953081 0.912434 0.985863 0.801022 0.871138 0.859648 0.852528 0.822925 0.736093 0.990590 0.943432 0.953421 0.970835 0.873899 0.935916 0.783163 0.857330 0.824757 0.000000 0.930942 0.969350 0.926495 0.888914 0.776862 0.983314 0.967688 0.972690 0.899277 0.934373 0.937123 0.845052 0.939392 0.997322 0.969667 0.955797 0.953645 0.908766 0.934749 0.889303 0.999735 0.993259 0.919493 0.965389 0.829398 0.923641 0.996021 0.963706 0.763519 0.780125 0.783045 0.830051 0.927138 0.917580 0.982447 0.894896 0.919519 0.915725 0.905781 0.888908 0.858987 0.970754 0.948155 0.963572 0.971956 0.991065 0.913342 0.935604 0.832913 0.797221 0.995731 0.910865 0.911816 0.920850 0.889311 0.929074 0.999551 0.963241 0.958577 0.861244 0.904701 0.968180 0.958956 0.919230 0.977140 0.904195 0.891166 0.931796 0.936448 0.948225 0.840001 0.883339 0.969721 0.946384 0.824542 0.906395 0.935437 0.921116 0.989067 0.863316
0.806775 0.841918 0.584724 0.587613 0.818904 0.990109 0.693948 0.546051 0.773510 0.869208 0.945665 0.689053 0.786854 0.929282 0.867491 0.812372 0.962919 0.983352 0.799009 0.703912 0.933421 0.887653 0.705336 0.782426 0.572105 0.602295 0.871008 0.806483 0.912161 0.975957 0.723861 0.849344 0.714991 0.673987 0.892769 0.930942 0.000000 0.567342 0.801464 0.862931 0.743255 0.852819 0.810957 0.814154 0.872019 0.846974 0.755035 0.717123 0.993867 0.921789 0.955767 0.953002 0.972136 0.991829 0.625097 0.914556 0.881643 0.877584 0.864118 0.910733 0.630721 0.580205 0.865701 0.822888 0.678320 0.605338 0.809485 0.705424 0.650577 0.749908 0.832574 0.696611 0.878564 0.895991 0.875883 0.960882 0.840637 0.902061 0.999149 0.988444 0.929198 0.931702 0.849371 0.781580 0.774334 0.718189 0.843924 0.953617 0.868302 0.821820 0.968118 0.758742 0.988205 0.831547 0.848139 0.994862 0.812706 0.939070 0.882614 0.915385 0.814635 0.871359 0.949508 0.809206 0.781087 0.930200 0.869066 0.903625 0.785023 0.841846 0.956092 0.976421 0.972906 0.955852 0.980987 0.859368
0.574765 0.561255 0.709607 0.655477 0.921296 0.894969 0.813424 0.716477 0.964013 0.912321 0.772176 0.526011 0.729060 0.768861 0.783104 0.732274 0.662760 0.650474 0.700260 0.508260 0.987840 0.801273 0.756637 0.727384 0.594292 0.782197 0.651651 0.773475 0.909934 0.842435 0.923694 0.898533 0.752026 0.680640 0.805379 0.969350 0.567342 0.000000 0.664759 0.670834 0.846135 0.820201 0.907223 0.879005 0.942046 0.854218 0.703232 0.678661 0.849786 0.642030 0.867256 0.777530 0.964103 0.840749 0.530056 0.708635 0.585791 0.567490 0.731079 0.659552 0.730773 0.737231 0.820255 0.609115 0.718710 0.767533 0.901749 0.833147 0.470704 0.569632 0.974900 0.985010 0.895361 0.985220 0.883637 0.951811 0.812093 0.969527 0.928245 0.927620 0.652156 0.648560 0.681294 0.599058 0.641349 0.623073 0.758949 0.753528 0.692457 0.627322 0.870864 0.701747 0.891760 0.869270 0.916502 0.848386 0.932272 0.876574 0.954493 0.989945 0.945069 0.821018 0.899820 0.934816 0.792147 0.961257 0.959938 0.927626 0.987050 0.718303 0.908334 0.888634 0.923349 0.958112 0.959543 0.967048
