0.000000 0.231586 0.808401 0.570073 0.873719 0.811226 0.740746 0.571183 0.877077 0.885375 0.336994 0.279033 0.474921 0.571465 0.590264 0.516915 0.301591 0.357416 0.441403 0.378895 0.711204 0.991234 0.753699 0.699823 0.790944 0.929713 0.825202 0.860913 0.493576 0.513498 0.919045 0.975004 0.500076 0.504457 0.935515 0.732837 0.619383 0.680233 0.720432 0.646348 0.628030 0.689435 0.711529 0.672901 0.755205 0.605663 0.381885 0.373104 0.441124 0.443940 0.716153 0.653582 0.982425 0.650510 0.495014 0.499237 0.277344 0.280786 0.296241 0.375884 0.357538 0.411375 0.404733 0.327068 0.615145 0.476027 0.734296 0.789639 0.375599 0.440128 0.838986 0.813553 0.749519 0.704566 0.700061 0.836800 0.741059 0.801058 0.481328 0.496956 0.284212 0.303427 0.620303 0.386334 0.485207 0.529380 0.924967 0.960343 0.625118 0.507824 0.988799 0.914345 0.936510 0.891640 0.652891 0.832935 0.801019 0.834538 0.698967 0.732382 0.993803 0.945843 0.783562 0.743100 0.617095 0.584111 0.960675 0.978419 0.835645 0.890149 0.942473 0.574039 0.819294 0.914540 0.777194 0.969288
0.231586 0.000000 0.753110 0.512873 0.988729 0.767106 0.702268 0.550909 0.785354 0.866714 0.325918 0.264358 0.502894 0.552808 0.601031 0.460858 0.289242 0.342450 0.451823 0.345658 0.659070 0.901265 0.749684 0.652072 0.782039 0.857313 0.838606 0.809808 0.393983 0.477719 0.806063 0.859396 0.440270 0.418542 0.980638 0.698268 0.572744 0.663572 0.658926 0.652675 0.626765 0.643811 0.644062 0.584470 0.722340 0.584777 0.409297 0.393377 0.449633 0.441609 0.617113 0.615759 0.879172 0.755069 0.566623 0.593664 0.242887 0.252580 0.333922 0.397193 0.363807 0.405765 0.426422 0.349225 0.606415 0.472398 0.690368 0.709305 0.360028 0.426311 0.732956 0.672830 0.647790 0.627593 0.726131 0.866373 0.659389 0.726172 0.436994 0.440024 0.323055 0.355274 0.601024 0.422070 0.551917 0.561596 0.996904 0.963922 0.673522 0.583183 0.956435 0.983009 0.901163 0.920198 0.614129 0.807733 0.850554 0.850384 0.678405 0.706853 0.947861 0.937642 0.775675 0.772509 0.599079 0.558428 0.929405 0.933884 0.851979 0.965535 0.936032 0.565438 0.837827 0.882155 0.811470 0.990331
0.808401 0.753110 0.000000 0.362609 0.984876 0.767669 0.522703 0.527595 0.648284 0.866165 0.782305 0.754987 0.663799 0.766415 0.788487 0.655938 0.980710 0.969061 0.610611 0.757060 0.637759 0.951129 0.704419 0.773910 0.481426 0.428670 0.989216 0.931851 0.836964 0.926894 0.621317 0.664321 0.626318 0.679891 0.918922 0.875419 0.623289 0.636044 0.541414 0.717149 0.907586 0.923704 0.677878 0.743979 0.851715 0.814411 0.671806 0.824492 0.900109 0.787336 0.683721 0.700159 0.889391 0.919297 0.846484 0.920291 0.887321 0.893702 0.846136 0.771641 0.644722 0.660405 0.917571 0.953678 0.506291 0.474140 0.643208 0.610952 0.747303 0.641034 0.718474 0.654915 0.664714 0.613138 0.989303 0.834365 0.618841 0.746298 0.639332 0.860364 0.947111 0.886854 0.995373 0.939808 0.826316 0.813055 0.906201 0.895888 0.980669 0.918412 0.658808 0.629788 0.596442 0.651647 0.840115 0.957581 0.750860 0.816015 0.821824 0.808465 0.954207 0.777375 0.993791 0.906538 0.694066 0.880711 0.958890 0.807054 0.941299 0.909825 0.974018 0.859812 0.726171 0.985993 0.774607 0.900183
0.570073 0.512873 0.362609 0.000000 0.937421 0.718551 0.533185 0.409835 0.650063 0.852800 0.561128 0.504016 0.512561 0.487557 0.592932 0.485955 0.771814 0.715864 0.505905 0.532437 0.582913 0.958462 0.563135 0.575955 0.507110 0.440044 0.860394 0.853826 0.646813 0.720070 0.627381 0.669203 0.482359 0.550751 0.878520 0.819148 0.531484 0.596896 0.499658 0.696066 0.823030 0.880288 0.639318 0.633464 0.765187 0.714957 0.579582 0.701976 0.680251 0.532168 0.565730 0.556358 0.750347 0.964635 0.710453 0.749932 0.661009 0.654125 0.705486 0.649226 0.513881 0.521994 0.821176 0.768611 0.406385 0.374116 0.657950 0.677463 0.546913 0.395846 0.666759 0.636483 0.802880 0.675175 0.876616 0.794237 0.670573 0.730569 0.454312 0.668463 0.725241 0.650705 0.828749 0.716168 0.633756 0.593302 0.883739 0.960784 0.819566 0.692737 0.732652 0.702278 0.610354 0.695821 0.675095 0.825785 0.813113 0.908156 0.747687 0.789159 0.892152 0.795991 0.885560 0.977374 0.611277 0.691993 0.932628 0.942785 0.989965 0.941179 0.818884 0.843043 0.786839 0.963323 0.685188 0.906098
0.873719 0.988729 0.984876 0.937421 0.000000 0.986918 0.984989 0.970886 0.924569 0.896689 0.935194 0.839268 0.649082 0.830449 0.663124 0.781815 0.979137 0.972682 0.932787 0.967470 0.939571 0.728485 0.808316 0.815501 0.940867 0.810138 0.771997 0.919869 0.989200 0.880606 0.891547 0.847497 0.965076 0.938067 0.881985 0.937385 0.861945 0.926165 0.925284 0.959291 0.987042 0.844730 0.937093 0.903091 0.945806 0.959004 0.880891 0.991162 0.879155 0.942888 0.969928 0.920957 0.911752 0.959997 0.913960 0.968380 0.992500 0.959462 0.911785 0.904835 0.779345 0.791290 0.910870 0.888268 0.885454 0.882534 0.955294 0.835277 0.972512 0.996117 0.855248 0.827879 0.752847 0.937981 0.954211 0.896939 0.919035 0.918238 0.896886 0.875340 0.911594 0.985846 0.966912 0.915860 0.872123 0.858660 0.761686 0.884839 0.797202 0.822020 0.969707 0.915390 0.976468 0.993324 0.892696 0.949556 0.948468 0.956347 0.928734 0.906725 0.879441 0.864665 0.886300 0.979679 0.969113 0.975458 0.916519 0.948487 0.997746 0.996241 0.984335 0.907515 0.863249 0.975105 0.962903 0.913339
0.811226 0.767106 0.767669 0.718551 0.986918 0.000000 0.655118 0.552127 0.703524 0.661666 0.895125 0.694755 0.800602 0.781013 0.986236 0.643717 0.850314 0.945314 0.697767 0.770180 0.784222 0.985911 0.962254 0.981488 0.956171 0.780746 0.670181 0.989637 0.833941 0.836605 0.786624 0.716557 0.674198 0.727772 0.920107 0.795175 0.969870 0.956349 0.903422 0.796833 0.917455 0.866083 0.687542 0.851589 0.898227 0.998037 0.907332 0.982458 0.961546 0.964179 0.897870 0.879661 0.918955 0.924642 0.938422 0.858094 0.924239 0.973771 0.883309 0.927275 0.796028 0.663725 0.848988 0.965220 0.996132 0.680227 0.885682 0.759109 0.991938 0.906194 0.488804 0.574580 0.640311 0.642493 0.990299 0.905324 0.624492 0.686051 0.857254 0.846952 0.997041 0.951484 0.805538 0.929870 0.879751 0.943843 0.817037 0.738638 0.827657 0.875720 0.540707 0.577585 0.558996 0.636333 0.813426 0.851441 0.728695 0.748905 0.522850 0.663233 0.707262 0.811639 0.684955 0.871422 0.790661 0.953759 0.923937 0.851808 0.902654 0.997761 0.937777 0.719923 0.724462 0.885530 0.883132 0.869800
0.740746 0.702268 0.522703 0.533185 0.984989 0.655118 0.000000 0.326408 0.364783 0.486561 0.653046 0.680752 0.736177 0.806311 0.685285 0.464242 0.668695 0.637917 0.368269 0.588068 0.722566 0.967249 0.559796 0.754544 0.863738 0.762044 0.793278 0.862747 0.543573 0.498179 0.322031 0.367963 0.319514 0.336246 0.933434 0.998992 0.848863 0.789836 0.812395 0.922523 0.961067 0.927533 0.360757 0.446277 0.345033 0.470549 0.744604 0.738184 0.672031 0.776516 0.585345 0.625299 0.601860 0.653895 0.889786 0.859551 0.654356 0.924037 0.832941 0.951123 0.510022 0.778828 0.786810 0.775170 0.755566 0.799195 0.336266 0.464161 0.875615 0.834849 0.497300 0.451840 0.521784 0.483855 0.972142 0.797732 0.518014 0.474785 0.613871 0.658761 0.794269 0.865836 0.812240 0.958344 0.882259 0.905266 0.869923 0.911254 0.883465 0.977990 0.517437 0.533495 0.578356 0.639781 0.671702 0.626997 0.633221 0.627746 0.411493 0.408702 0.759782 0.490910 0.599158 0.768463 0.585772 0.841720 0.803738 0.781944 0.783522 0.942086 0.850945 0.649503 0.434725 0.889766 0.685669 0.982647
0.571183 0.550909 0.527595 0.409835 0.970886 0.552127 0.326408 0.000000 0.432442 0.409682 0.551510 0.446015 0.600570 0.608809 0.688887 0.466213 0.616813 0.611148 0.388365 0.447092 0.777523 0.954035 0.678584 0.801244 0.761579 0.697356 0.839918 0.936462 0.514611 0.523993 0.507646 0.567360 0.398334 0.364769 0.915796 0.882835 0.716500 0.771851 0.742050 0.783353 0.825597 0.809561 0.435868 0.552511 0.472109 0.563417 0.649346 0.671089 0.652184 0.707866 0.612576 0.630531 0.759206 0.874272 0.840500 0.715320 0.623070 0.793036 0.677345 0.801337 0.412998 0.435682 0.775979 0.687771 0.692261 0.554092 0.485392 0.553187 0.749933 0.700459 0.411130 0.407442 0.606652 0.495140 0.808577 0.785402 0.478570 0.550623 0.519816 0.639905 0.714788 0.816312 0.940100 0.904611 0.881975 0.889897 0.734481 0.752715 0.985433 0.816352 0.463814 0.509580 0.439847 0.623011 0.693637 0.664063 0.530765 0.639390 0.368055 0.394357 0.639705 0.583744 0.506998 0.694507 0.535500 0.710671 0.853523 0.801721 0.846106 0.940132 0.933713 0.610772 0.533286 0.840951 0.646207 0.951917
0.877077 0.785354 0.648284 0.650063 0.924569 0.703524 0.364783 0.432442 0.000000 0.424033 0.744615 0.698847 0.835883 0.869313 0.815136 0.581683 0.766126 0.714107 0.552068 0.637476 0.770323 0.999312 0.735136 0.939658 0.969561 0.687644 0.786582 0.857162 0.570337 0.617844 0.378683 0.440264 0.480821 0.477913 0.921550 0.961538 0.808574 0.907654 0.755377 0.854763 0.996832 0.806031 0.417162 0.492218 0.441446 0.588144 0.896616 0.844242 0.767014 0.817994 0.599748 0.639500 0.598682 0.601561 0.901698 0.945042 0.734047 0.954923 0.971371 0.808172 0.700619 0.796328 0.880396 0.846804 0.861826 0.914452 0.546145 0.657100 0.945505 0.898800 0.447502 0.452098 0.605748 0.570027 0.949399 0.775383 0.505577 0.458289 0.690172 0.696539 0.921855 0.928270 0.907631 0.942033 0.921471 0.925893 0.691676 0.804364 0.747600 0.915978 0.453805 0.467072 0.533198 0.521141 0.756421 0.768183 0.738839 0.653782 0.491296 0.435295 0.647899 0.467632 0.595840 0.741458 0.703451 0.975598 0.822193 0.767230 0.868318 0.947357 0.863634 0.644675 0.638594 0.965783 0.756954 0.978886
0.885375 0.866714 0.866165 0.852800 0.896689 0.661666 0.486561 0.409682 0.424033 0.000000 0.778364 0.686445 0.880421 0.872794 0.922167 0.676602 0.729712 0.707078 0.611157 0.599226 0.960187 0.809402 0.918694 0.866263 0.883291 0.944132 0.728426 0.760946 0.561813 0.581297 0.584570 0.645591 0.628724 0.541971 0.885819 0.955506 0.919166 0.968684 0.919407 0.926043 0.966835 0.846343 0.558086 0.703402 0.488446 0.677663 0.989176 0.942383 0.850793 0.959232 0.855425 0.891317 0.809505 0.717749 0.821960 0.965620 0.835499 0.917147 0.978795 0.790761 0.692584 0.715990 0.873854 0.819425 0.888657 0.988945 0.638910 0.746916 0.936042 0.920182 0.385394 0.453145 0.647720 0.546658 0.990646 0.795047 0.572460 0.484762 0.769018 0.834105 0.947231 0.824534 0.902395 0.783405 0.720182 0.703916 0.660394 0.637036 0.777071 0.932084 0.370362 0.428237 0.456584 0.522069 0.906946 0.652426 0.656145 0.630337 0.323331 0.364999 0.544946 0.484948 0.388420 0.580233 0.707686 0.891852 0.854196 0.803829 0.796201 0.989631 0.680888 0.596071 0.564608 0.967246 0.800656 0.955063
0.336994 0.325918 0.782305 0.561128 0.935194 0.895125 0.653046 0.551510 0.744615 0.778364 0.000000 0.332435 0.613170 0.576758 0.643709 0.561263 0.300832 0.255822 0.398141 0.371672 0.757068 0.970792 0.813834 0.692239 0.948126 0.957561 0.868629 0.924886 0.350911 0.326455 0.746056 0.803965 0.451234 0.407650 0.968528 0.720349 0.678967 0.689447 0.695633 0.747331 0.646953 0.701687 0.686979 0.639670 0.699854 0.613742 0.548468 0.542443 0.600295 0.611887 0.710437 0.762144 0.922102 0.788977 0.622701 0.687672 0.300607 0.331086 0.461975 0.533813 0.368043 0.517509 0.343275 0.285017 0.772736 0.584552 0.677216 0.718701 0.473651 0.504105 0.791925 0.692382 0.633259 0.641129 0.769839 0.764634 0.718451 0.765216 0.404707 0.467452 0.367763 0.384827 0.651506 0.487159 0.695516 0.664313 0.988284 0.983754 0.767716 0.597681 0.975673 0.966604 0.965082 0.950295 0.632074 0.799115 0.865076 0.787567 0.736869 0.786945 0.991816 0.910820 0.737146 0.656348 0.644176 0.670217 0.830144 0.928126 0.926617 0.892187 0.954278 0.632857 0.766883 0.982716 0.726485 0.948080
0.279033 0.264358 0.754987 0.504016 0.839268 0.694755 0.680752 0.446015 0.698847 0.686445 0.332435 0.000000 0.405406 0.411463 0.518044 0.384015 0.332638 0.388271 0.436099 0.344069 0.732573 0.987616 0.738432 0.664571 0.835180 0.860937 0.870491 0.910874 0.391493 0.448138 0.809175 0.842069 0.450788 0.448834 0.981629 0.722827 0.622944 0.722421 0.717665 0.655361 0.687063 0.656108 0.636061 0.635299 0.676653 0.571031 0.441338 0.467241 0.464004 0.453978 0.615917 0.588918 0.835153 0.845728 0.606097 0.603427 0.354753 0.377486 0.445668 0.482863 0.322399 0.311322 0.472596 0.374032 0.651076 0.443339 0.770387 0.801926 0.474927 0.512114 0.649528 0.637763 0.714748 0.626773 0.666644 0.818313 0.625073 0.672995 0.453569 0.490604 0.381712 0.467668 0.702132 0.500831 0.660020 0.604489 0.908666 0.849486 0.656284 0.586320 0.773703 0.861914 0.743416 0.935931 0.694929 0.769521 0.775750 0.815663 0.609161 0.640718 0.867623 0.870568 0.644949 0.642729 0.583314 0.616485 0.899552 0.934054 0.843010 0.950728 0.960932 0.575212 0.833216 0.908251 0.732832 0.995326
0.474921 0.502894 0.663799 0.512561 0.649082 0.800602 0.736177 0.600570 0.835883 0.880421 0.613170 0.405406 0.000000 0.345434 0.295268 0.332489 0.717078 0.764452 0.567149 0.555945 0.872467 0.918660 0.426059 0.427483 0.666032 0.839700 0.687669 0.861061 0.674654 0.755581 0.976169 0.971569 0.585773 0.681963 0.963518 0.783885 0.738446 0.822509 0.721752 0.751949 0.976197 0.794688 0.818328 0.827816 0.775657 0.669574 0.489808 0.574589 0.446162 0.421035 0.580606 0.478005 0.737762 0.976017 0.684731 0.562050 0.648321 0.599385 0.622554 0.558399 0.400422 0.434686 0.720745 0.682718 0.381017 0.427173 0.937094 0.981397 0.665323 0.531169 0.939672 0.959099 0.937307 0.917233 0.737220 0.820693 0.665246 0.794448 0.661415 0.644612 0.635694 0.577610 0.650495 0.527411 0.467854 0.426901 0.916268 0.882755 0.547824 0.551531 0.859318 0.884649 0.829293 0.878852 0.825361 0.838601 0.900753 0.850114 0.752639 0.750598 0.937116 0.863036 0.916318 0.968197 0.776349 0.754007 0.943214 0.956140 0.938099 0.972704 0.878171 0.750175 0.800218 0.951748 0.692811 0.979017
0.571465 0.552808 0.766415 0.487557 0.830449 0.781013 0.806311 0.608809 0.869313 0.872794 0.576758 0.411463 0.345434 0.000000 0.347959 0.362922 0.714979 0.687442 0.565694 0.505655 0.886759 0.924036 0.498679 0.438815 0.825268 0.856372 0.738387 0.852166 0.612297 0.673629 0.950950 0.903688 0.598047 0.731481 0.874851 0.679260 0.735059 0.793439 0.789683 0.756752 0.868640 0.916138 0.873985 0.824438 0.854659 0.764110 0.671610 0.721589 0.606626 0.488998 0.646951 0.561570 0.735243 0.942424 0.729566 0.729932 0.688326 0.607089 0.765018 0.680524 0.552954 0.530198 0.741057 0.678396 0.546931 0.481575 0.898690 0.885346 0.717215 0.599238 0.889832 0.859838 0.949056 0.948813 0.884244 0.833871 0.733090 0.904209 0.588883 0.685356 0.706405 0.629489 0.673222 0.584488 0.643708 0.532276 0.993772 0.876606 0.634628 0.563908 0.897277 0.937353 0.838626 0.898067 0.851595 0.838004 0.999868 0.953551 0.835641 0.884329 0.993302 0.919999 0.863571 0.915980 0.856085 0.786599 0.897873 0.897898 0.965324 0.976335 0.810030 0.883348 0.934730 0.988435 0.724172 0.984591
0.590264 0.601031 0.788487 0.592932 0.663124 0.986236 0.685285 0.688887 0.815136 0.922167 0.643709 0.518044 0.295268 0.347959 0.000000 0.310599 0.724540 0.678532 0.557607 0.582388 0.857686 0.938822 0.284996 0.331242 0.764870 0.902071 0.604539 0.882223 0.628054 0.615835 0.807398 0.859169 0.535066 0.695711 0.961804 0.847801 0.771482 0.839786 0.779226 0.906240 0.990364 0.901607 0.785274 0.695953 0.644610 0.552984 0.618367 0.627500 0.425899 0.383751 0.515368 0.428463 0.548578 0.807473 0.631859 0.670438 0.618018 0.637674 0.746666 0.770964 0.472139 0.646872 0.614412 0.612172 0.435715 0.633053 0.902549 0.964912 0.724436 0.598648 0.957403 0.977296 0.892688 0.984880 0.850633 0.842134 0.789473 0.787489 0.740017 0.627035 0.597262 0.570683 0.497987 0.532703 0.451897 0.420022 0.845612 0.737762 0.603464 0.565420 0.969404 0.973084 0.984097 0.984085 0.802833 0.827145 0.996872 0.953817 0.817078 0.777581 0.878266 0.807895 0.941310 0.925285 0.811581 0.894239 0.972897 0.939276 0.905784 0.959969 0.897586 0.851237 0.810975 0.958823 0.721648 0.993165
0.516915 0.460858 0.655938 0.485955 0.781815 0.643717 0.464242 0.466213 0.581683 0.676602 0.561263 0.384015 0.332489 0.362922 0.310599 0.000000 0.573495 0.583702 0.412558 0.428750 0.728690 0.969527 0.379524 0.437556 0.799609 0.800318 0.878640 0.954910 0.534270 0.523961 0.596578 0.620799 0.359037 0.472370 0.946724 0.805262 0.700485 0.719380 0.721952 0.737424 0.874883 0.793655 0.518802 0.514215 0.533675 0.496553 0.580694 0.599237 0.463984 0.469203 0.432812 0.393336 0.518480 0.758194 0.714695 0.681347 0.506696 0.635967 0.703042 0.810662 0.399045 0.509354 0.685861 0.617915 0.509155 0.543111 0.755340 0.808233 0.684503 0.671677 0.674676 0.634746 0.798405 0.693710 0.853557 0.755559 0.561700 0.600155 0.554236 0.521252 0.598357 0.647717 0.592968 0.626509 0.622843 0.567423 0.985962 0.990691 0.741935 0.722299 0.678041 0.743881 0.719968 0.798842 0.679042 0.690423 0.862084 0.837667 0.572527 0.565829 0.893839 0.674888 0.712790 0.830101 0.673030 0.778154 0.924358 0.896077 0.791266 0.930177 0.980499 0.623222 0.627663 0.900251 0.625155 0.929766
0.301591 0.289242 0.980710 0.771814 0.979137 0.850314 0.668695 0.616813 0.766126 0.729712 0.300832 0.332638 0.717078 0.714979 0.724540 0.573495 0.000000 0.208824 0.436852 0.388323 0.768679 0.941009 0.915580 0.835814 0.911405 0.912896 0.996512 0.951271 0.329758 0.320318 0.770734 0.830019 0.479470 0.406397 0.944116 0.747605 0.736407 0.765891 0.866116 0.777344 0.634963 0.636823 0.620271 0.574029 0.628708 0.560201 0.560266 0.454713 0.525891 0.630960 0.767828 0.785631 0.944913 0.754803 0.639682 0.686289 0.225723 0.330390 0.407872 0.604129 0.427476 0.571252 0.304216 0.242793 0.921785 0.739314 0.642574 0.707177 0.497097 0.668754 0.707835 0.639835 0.557087 0.580095 0.775246 0.882884 0.736694 0.708307 0.464464 0.461024 0.311064 0.415801 0.597806 0.523891 0.735640 0.772675 0.981610 0.927149 0.800307 0.697370 0.948049 0.942706 0.976165 0.880158 0.656867 0.767815 0.817685 0.756540 0.628358 0.646776 0.900700 0.972609 0.661430 0.563758 0.653856 0.593460 0.983354 0.947948 0.752063 0.963055 0.900879 0.526468 0.789656 0.869175 0.857296 0.941650
0.357416 0.342450 0.969061 0.715864 0.972682 0.945314 0.637917 0.611148 0.714107 0.707078 0.255822 0.388271 0.764452 0.687442 0.678532 0.583702 0.208824 0.000000 0.418886 0.383813 0.752675 0.991030 0.839879 0.785278 0.904423 0.938418 0.896724 0.983594 0.297425 0.251822 0.716779 0.769758 0.446321 0.378490 0.987148 0.803304 0.713459 0.747397 0.851517 0.825478 0.611766 0.654820 0.638104 0.561124 0.587034 0.525529 0.603598 0.498241 0.558275 0.644980 0.749768 0.781289 0.865439 0.791749 0.674923 0.766761 0.240877 0.333264 0.478701 0.668087 0.422182 0.618678 0.255563 0.214860 0.879882 0.762480 0.619493 0.682200 0.500421 0.600990 0.760187 0.657911 0.620055 0.628490 0.843309 0.854131 0.813254 0.703190 0.465166 0.440755 0.332117 0.429422 0.549977 0.516680 0.725325 0.760893 0.977172 0.976270 0.865475 0.667653 0.974906 0.908433 0.978200 0.876737 0.623555 0.747211 0.883891 0.835049 0.669389 0.685908 0.918307 0.938541 0.693720 0.583468 0.642095 0.648672 0.923284 0.946064 0.854325 0.970443 0.924088 0.581122 0.800761 0.932745 0.786303 0.966947
0.441403 0.451823 0.610611 0.505905 0.932787 0.697767 0.368269 0.388365 0.552068 0.611157 0.398141 0.436099 0.567149 0.565694 0.557607 0.412558 0.436852 0.418886 0.000000 0.374426 0.756541 0.992783 0.587212 0.693397 0.950688 0.870047 0.946588 0.938153 0.373743 0.366668 0.558572 0.572830 0.362004 0.328144 0.890027 0.850829 0.802426 0.779315 0.746285 0.848332 0.830794 0.834015 0.586476 0.629913 0.540408 0.565860 0.601197 0.604848 0.617147 0.648130 0.717492 0.693199 0.823402 0.954858 0.769354 0.742729 0.480671 0.616854 0.605039 0.744632 0.380148 0.617326 0.589684 0.547364 0.736807 0.614568 0.531565 0.685189 0.677153 0.662926 0.608429 0.528618 0.585019 0.517632 0.866274 0.801413 0.561145 0.571562 0.472736 0.579045 0.573414 0.593477 0.755045 0.669393 0.754593 0.777730 0.890746 0.977644 0.937691 0.830775 0.699645 0.797141 0.717111 0.829126 0.624355 0.673717 0.751897 0.772777 0.542544 0.507265 0.917079 0.708532 0.693209 0.723890 0.652681 0.747745 0.991477 0.939738 0.802023 0.913815 0.974416 0.604481 0.624118 0.937308 0.658197 0.965703
0.378895 0.345658 0.757060 0.532437 0.967470 0.770180 0.588068 0.447092 0.637476 0.599226 0.371672 0.344069 0.555945 0.505655 0.582388 0.428750 0.388323 0.383813 0.374426 0.000000 0.736345 0.969102 0.688359 0.729323 0.898121 0.889061 0.997094 0.951044 0.379820 0.438835 0.719813 0.763631 0.481954 0.400752 0.930276 0.732067 0.666347 0.753638 0.736736 0.801001 0.754699 0.757416 0.640896 0.629312 0.659596 0.643842 0.652937 0.605418 0.626548 0.618714 0.751094 0.716756 0.859069 0.947765 0.786467 0.722797 0.397072 0.507603 0.637112 0.722179 0.447127 0.518049 0.551435 0.475417 0.739797 0.626700 0.739865 0.848381 0.596281 0.586562 0.577724 0.547202 0.671021 0.608737 0.886838 0.875663 0.626878 0.684020 0.514840 0.607392 0.569554 0.621547 0.717303 0.691201 0.784918 0.826486 0.909996 0.923458 0.890249 0.699156 0.741171 0.804237 0.730052 0.838126 0.720484 0.728909 0.820315 0.798580 0.556786 0.533967 0.846966 0.828120 0.715416 0.718773 0.636916 0.652433 0.958970 0.994711 0.826673 0.944278 0.965305 0.505342 0.691792 0.980564 0.782407 0.944340
0.711204 0.659070 0.637759 0.582913 0.939571 0.784222 0.722566 0.777523 0.770323 0.960187 0.757068 0.732573 0.872467 0.886759 0.857686 0.728690 0.768679 0.752675 0.756541 0.736345 0.000000 0.881776 0.836841 0.857763 0.806791 0.714376 0.921393 0.849165 0.815629 0.770781 0.670212 0.820127 0.681483 0.720056 0.953465 0.909377 0.603895 0.792400 0.657954 0.697462 0.861117 0.749169 0.680435 0.651347 0.836139 0.844249 0.696524 0.746912 0.835970 0.804952 0.826668 0.777156 0.850345 0.997400 0.877121 0.989334 0.696931 0.740097 0.750151 0.821231 0.766124 0.780013 0.914151 0.834510 0.757637 0.727091 0.674746 0.612185 0.685167 0.687329 0.759440 0.746787 0.664743 0.660084 0.778623 0.835774 0.834805 0.707728 0.719232 0.696760 0.756549 0.784359 0.927736 0.855981 0.847717 0.785852 0.958641 0.915688 0.964925 0.962984 0.827632 0.845760 0.845424 0.847306 0.781870 0.963859 0.862007 0.954796 0.814348 0.804841 0.811294 0.906365 0.863432 0.812319 0.635704 0.761135 0.951784 0.954229 0.794585 0.975358 0.960643 0.882528 0.835750 0.858099 0.885331 0.909631
0.991234 0.901265 0.951129 0.958462 0.728485 0.985911 0.967249 0.954035 0.999312 0.809402 0.970792 0.987616 0.918660 0.924036 0.938822 0.969527 0.941009 0.991030 0.992783 0.969102 0.881776 0.000000 0.981415 0.918984 0.862468 0.881192 0.945076 0.985836 0.932732 0.892988 0.844588 0.759020 0.911903 0.893196 0.837189 0.959114 0.750884 0.782472 0.928158 0.879770 0.902757 0.950326 0.816520 0.839018 0.941919 0.927926 0.942946 0.844121 0.986835 0.926195 0.899969 0.899952 0.902433 0.884065 0.978550 0.887447 0.876280 0.951213 0.961980 0.949616 0.878169 0.842756 0.911654 0.936630 0.953881 0.941704 0.877672 0.901161 0.993315 0.995014 0.854057 0.897529 0.828161 0.913778 0.852047 0.996553 0.919998 0.969091 0.983543 0.839938 0.941100 0.941478 0.977961 0.941611 0.939400 0.937520 0.983518 0.956822 0.953636 0.801944 0.992307 0.929913 0.943447 0.992675 0.948742 0.998254 0.916644 0.938855 0.993466 0.968773 0.887853 0.945061 0.945082 0.842838 0.891267 0.946131 0.973323 0.984992 0.793299 0.863951 0.943046 0.964832 0.957307 0.799297 0.983045 0.967002
0.753699 0.749684 0.704419 0.563135 0.808316 0.962254 0.559796 0.678584 0.735136 0.918694 0.813834 0.738432 0.426059 0.498679 0.284996 0.379524 0.915580 0.839879 0.587212 0.688359 0.836841 0.981415 0.000000 0.333403 0.729210 0.790873 0.655288 0.811744 0.746448 0.766546 0.727459 0.755520 0.531412 0.696423 0.961432 0.983500 0.837845 0.901759 0.797496 0.945211 0.932120 0.929718 0.692043 0.645953 0.532149 0.499991 0.694334 0.678091 0.487454 0.447303 0.490438 0.379710 0.430768 0.619936 0.733385 0.716932 0.776806 0.838798 0.902699 0.933546 0.616419 0.843762 0.804293 0.835060 0.401174 0.747197 0.778828 0.924699 0.847123 0.655480 0.968301 0.969100 0.870025 0.949363 0.881016 0.867106 0.756555 0.764956 0.817151 0.732414 0.784271 0.722516 0.563552 0.668773 0.445909 0.448746 0.892436 0.727484 0.715427 0.658347 0.883329 0.898908 0.911115 0.935581 0.843163 0.762461 0.982056 0.939275 0.774308 0.702232 0.923030 0.738180 0.967555 0.974994 0.780859 0.921660 0.896139 0.960480 0.866507 0.950961 0.889462 0.865653 0.664617 0.984663 0.687324 0.989966
0.699823 0.652072 0.773910 0.575955 0.815501 0.981488 0.754544 0.801244 0.939658 0.866263 0.692239 0.664571 0.427483 0.438815 0.331242 0.437556 0.835814 0.785278 0.693397 0.729323 0.857763 0.918984 0.333403 0.000000 0.720897 0.852958 0.631252 0.798263 0.781583 0.752710 0.911261 0.863325 0.632032 0.753119 0.983665 0.832469 0.744719 0.861217 0.749874 0.940896 0.943526 0.938152 0.780027 0.657060 0.716776 0.590704 0.658431 0.684832 0.521535 0.408916 0.466578 0.399119 0.499016 0.757926 0.685324 0.723284 0.706734 0.656800 0.801364 0.769545 0.653207 0.795441 0.731371 0.740472 0.467414 0.660907 0.897342 0.986626 0.788763 0.629384 0.869863 0.941019 0.891294 0.864954 0.895716 0.948163 0.806316 0.919710 0.756474 0.617681 0.654076 0.569550 0.525568 0.502064 0.442243 0.347284 0.855833 0.628562 0.614519 0.580476 0.917845 0.912139 0.913041 0.885277 0.789233 0.864617 0.870167 0.979197 0.974427 0.930535 0.778753 0.914806 0.921384 0.944989 0.879156 0.900089 0.959212 0.915079 0.905384 0.949954 0.753477 0.933485 0.835500 0.983261 0.744653 0.938766
0.790944 0.782039 0.481426 0.507110 0.940867 0.956171 0.863738 0.761579 0.969561 0.883291 0.948126 0.835180 0.666032 0.825268 0.764870 0.799609 0.911405 0.904423 0.950688 0.898121 0.806791 0.862468 0.729210 0.720897 0.000000 0.503135 0.811759 0.889784 0.962785 0.813642 0.902237 0.930675 0.793423 0.891084 0.976196 0.888111 0.599029 0.721350 0.669109 0.792610 0.828650 0.997074 0.831163 0.834708 0.998131 0.909178 0.678263 0.775362 0.795470 0.648844 0.691533 0.702217 0.930463 0.960740 0.706812 0.800399 0.894423 0.843460 0.834462 0.695230 0.774479 0.698016 0.915178 0.951126 0.409081 0.517685 0.859298 0.819043 0.651236 0.549225 0.950377 0.943717 0.952415 0.927547 0.730282 0.880080 0.807077 0.901327 0.881038 0.860736 0.869080 0.822437 0.955281 0.825477 0.589799 0.647586 0.953277 0.959231 0.777497 0.796283 0.884523 0.839655 0.739549 0.807580 0.894156 0.972010 0.818824 0.994153 0.950817 0.985077 0.983658 0.963609 0.902348 0.841908 0.622302 0.839672 0.990472 0.911139 0.927429 0.861269 0.893382 0.921436 0.863156 0.912732 0.882067 0.983557
0.929713 0.857313 0.428670 0.440044 0.810138 0.780746 0.762044 0.697356 0.687644 0.944132 0.957561 0.860937 0.839700 0.856372 0.902071 0.800318 0.912896 0.938418 0.870047 0.889061 0.714376 0.881192 0.790873 0.852958 0.503135 0.000000 0.958871 0.855341 0.952458 0.931805 0.747246 0.749442 0.744002 0.873275 0.775219 0.957668 0.610078 0.774943 0.632983 0.715819 0.955987 0.961650 0.737916 0.790893 0.952238 0.941514 0.811115 0.920753 0.961521 0.762334 0.675481 0.722102 0.861430 0.922044 0.935378 0.980177 0.997328 0.989894 0.966151 0.917462 0.870995 0.770231 0.846397 0.865583 0.588385 0.604378 0.822618 0.755883 0.769729 0.696375 0.725267 0.724172 0.850110 0.776485 0.932827 0.829292 0.723282 0.805173 0.836135 0.903873 0.972086 0.996859 0.961470 0.991600 0.881649 0.855187 0.786854 0.891161 0.915113 0.938515 0.681559 0.655282 0.615087 0.692638 0.762611 0.963486 0.772750 0.878505 0.900834 0.904712 0.882292 0.914171 0.979174 0.936231 0.669330 0.896051 0.913238 0.753380 0.925494 0.874626 0.879735 0.924964 0.896903 0.958043 0.790196 0.930062
0.825202 0.838606 0.989216 0.860394 0.771997 0.670181 0.793278 0.839918 0.786582 0.728426 0.868629 0.870491 0.687669 0.738387 0.604539 0.878640 0.996512 0.896724 0.946588 0.997094 0.921393 0.945076 0.655288 0.631252 0.811759 0.958871 0.000000 0.651963 0.942336 0.990565 0.840296 0.762707 0.989039 0.874578 0.834875 0.985205 0.826054 0.883533 0.949227 0.933248 0.939303 0.929664 0.899020 0.999706 0.985150 0.853997 0.815859 0.780467 0.672994 0.634462 0.787205 0.711399 0.705032 0.962204 0.676018 0.878903 0.861380 0.709842 0.879737 0.747716 0.887205 0.932977 0.768941 0.783132 0.577569 0.866597 0.841787 0.801676 0.801242 0.622523 0.623021 0.621259 0.649971 0.715461 0.860072 0.920757 0.847541 0.886879 0.935655 0.760297 0.757085 0.671885 0.611414 0.641047 0.513322 0.508097 0.753032 0.690338 0.555626 0.634566 0.690472 0.692795 0.717154 0.760408 0.984180 0.900397 0.726783 0.715375 0.718940 0.741587 0.699180 0.787516 0.743527 0.903096 0.958198 0.922848 0.878558 0.815359 0.813607 0.953910 0.874163 0.865006 0.767861 0.959172 0.904996 0.891692
0.860913 0.809808 0.931851 0.853826 0.919869 0.989637 0.862747 0.936462 0.857162 0.760946 0.924886 0.910874 0.861061 0.852166 0.882223 0.954910 0.951271 0.983594 0.938153 0.951044 0.849165 0.985836 0.811744 0.798263 0.889784 0.855341 0.651963 0.000000 0.980259 0.927896 0.844023 0.778278 0.990747 0.912887 0.830639 0.849084 0.887371 0.939378 0.848889 0.824982 0.923126 0.988729 0.996120 0.940881 0.920137 0.998128 0.860153 0.811076 0.851443 0.770703 0.913535 0.823662 0.941065 0.890995 0.808326 0.814122 0.942314 0.786243 0.878692 0.801617 0.976551 0.968458 0.908446 0.912397 0.741782 0.850534 0.870992 0.996304 0.780000 0.772266 0.847539 0.873051 0.856560 0.840643 0.899032 0.827988 0.920066 0.874215 0.844470 0.967324 0.938312 0.753037 0.861155 0.811616 0.694724 0.668671 0.843507 0.871196 0.787290 0.694890 0.762372 0.868145 0.822190 0.871621 0.900887 0.792970 0.750413 0.889877 0.866931 0.852922 0.711766 0.752870 0.701924 0.798963 0.952906 0.977800 0.889317 0.908221 0.942288 0.941047 0.823922 0.990794 0.875432 0.984491 0.827415 0.967309
0.493576 0.393983 0.836964 0.646813 0.989200 0.833941 0.543573 0.514611 0.570337 0.561813 0.350911 0.391493 0.674654 0.612297 0.628054 0.534270 0.329758 0.297425 0.373743 0.379820 0.815629 0.932732 0.746448 0.781583 0.962785 0.952458 0.942336 0.980259 0.000000 0.306450 0.660607 0.716612 0.414931 0.341906 0.972600 0.843312 0.791758 0.882333 0.855123 0.902619 0.778594 0.698308 0.664047 0.652144 0.534120 0.560318 0.659166 0.612336 0.562227 0.660429 0.723477 0.791608 0.814930 0.984536 0.803049 0.791962 0.402777 0.513130 0.613231 0.754578 0.418510 0.639462 0.385840 0.373171 0.868526 0.777931 0.606451 0.747947 0.628362 0.656392 0.668686 0.578710 0.595532 0.620618 0.855958 0.857666 0.683916 0.617193 0.513926 0.534766 0.488728 0.574426 0.636395 0.641050 0.809670 0.824307 0.903711 0.940288 0.898562 0.738298 0.827289 0.887587 0.822313 0.929033 0.719713 0.719400 0.874156 0.730959 0.587573 0.614558 0.899593 0.803095 0.637935 0.569063 0.696628 0.678335 0.921155 0.941063 0.829302 0.976411 0.980201 0.597879 0.778822 0.967877 0.873444 0.912786
0.513498 0.477719 0.926894 0.720070 0.880606 0.836605 0.498179 0.523993 0.617844 0.581297 0.326455 0.448138 0.755581 0.673629 0.615835 0.523961 0.320318 0.251822 0.366668 0.438835 0.770781 0.892988 0.766546 0.752710 0.813642 0.931805 0.990565 0.927896 0.306450 0.000000 0.594811 0.655477 0.425314 0.389928 0.993389 0.845901 0.828715 0.849028 0.910744 0.895411 0.753390 0.702163 0.620959 0.542151 0.485460 0.498536 0.700168 0.649203 0.606110 0.718389 0.716537 0.756576 0.760711 0.990432 0.717876 0.805598 0.393720 0.527311 0.580403 0.807606 0.409057 0.660053 0.342674 0.326393 0.972512 0.819412 0.536768 0.658179 0.671718 0.757493 0.694242 0.606618 0.584301 0.605468 0.910626 0.820243 0.759223 0.614690 0.522130 0.485082 0.448876 0.559576 0.632785 0.635243 0.852688 0.820326 0.927535 0.924916 0.932268 0.775317 0.857742 0.974181 0.930999 0.988623 0.625858 0.694588 0.790391 0.772191 0.600492 0.590648 0.924743 0.757509 0.588708 0.548178 0.689654 0.719171 0.994061 0.984334 0.875450 0.949871 0.942164 0.596097 0.713989 0.959253 0.725406 0.961392
0.919045 0.806063 0.621317 0.627381 0.891547 0.786624 0.322031 0.507646 0.378683 0.584570 0.746056 0.809175 0.976169 0.950950 0.807398 0.596578 0.770734 0.716779 0.558572 0.719813 0.670212 0.844588 0.727459 0.911261 0.902237 0.747246 0.840296 0.844023 0.660607 0.594811 0.000000 0.333910 0.442325 0.473161 0.962747 0.948305 0.812873 0.692051 0.821397 0.891052 0.918563 0.893994 0.402472 0.417269 0.449186 0.570773 0.916245 0.905056 0.804226 0.849921 0.559144 0.670549 0.563836 0.566151 0.898082 0.965286 0.690202 0.991133 0.979676 0.791018 0.723383 0.897361 0.877980 0.835582 0.873557 0.944484 0.452279 0.520175 0.905403 0.919048 0.486133 0.441077 0.561480 0.527764 0.994756 0.780960 0.623401 0.459764 0.659430 0.679991 0.845844 0.979266 0.898264 0.922713 0.952990 0.979184 0.806079 0.796355 0.783754 0.815834 0.574635 0.544875 0.609464 0.636298 0.721429 0.795444 0.738960 0.848691 0.564546 0.581725 0.747831 0.489698 0.643723 0.797128 0.647739 0.963324 0.823460 0.814608 0.826114 0.880086 0.820135 0.834906 0.589920 0.883258 0.781722 0.948962
0.975004 0.859396 0.664321 0.669203 0.847497 0.716557 0.367963 0.567360 0.440264 0.645591 0.803965 0.842069 0.971569 0.903688 0.859169 0.620799 0.830019 0.769758 0.572830 0.763631 0.820127 0.759020 0.755520 0.863325 0.930675 0.749442 0.762707 0.778278 0.716612 0.655477 0.333910 0.000000 0.552254 0.541827 0.986549 0.964636 0.887479 0.809645 0.913204 0.948349 0.940050 0.982002 0.490798 0.544196 0.542901 0.676750 0.903889 0.998704 0.887767 0.898516 0.629324 0.712144 0.628626 0.585823 0.946390 0.962084 0.781963 0.933286 0.925729 0.754549 0.785691 0.994735 0.935244 0.929743 0.921464 0.959760 0.507789 0.599498 0.980695 0.931458 0.501205 0.521850 0.599296 0.612846 0.942119 0.867120 0.676343 0.583360 0.722996 0.717285 0.968479 0.984126 0.939139 0.939573 0.906526 0.958811 0.742993 0.991458 0.751730 0.766866 0.595966 0.567770 0.621425 0.685678 0.685951 0.802261 0.807482 0.876478 0.653500 0.629112 0.781703 0.554419 0.675179 0.819599 0.628796 0.971102 0.898672 0.889474 0.928136 0.937442 0.828342 0.851469 0.656591 0.907999 0.763657 0.933768
0.500076 0.440270 0.626318 0.482359 0.965076 0.674198 0.319514 0.398334 0.480821 0.628724 0.451234 0.450788 0.585773 0.598047 0.535066 0.359037 0.479470 0.446321 0.362004 0.481954 0.681483 0.911903 0.531412 0.632032 0.793423 0.744002 0.989039 0.990747 0.414931 0.425314 0.442325 0.552254 0.000000 0.299092 0.944767 0.894735 0.743385 0.670834 0.782667 0.787387 0.728595 0.760615 0.392807 0.423089 0.438459 0.447413 0.602465 0.580554 0.502727 0.528655 0.461812 0.518265 0.596484 0.823054 0.699167 0.720450 0.418791 0.584778 0.603545 0.772637 0.385076 0.569500 0.600617 0.562931 0.610142 0.573627 0.480058 0.513753 0.606919 0.642097 0.584798 0.491782 0.593127 0.505812 0.792400 0.759619 0.546540 0.521079 0.543005 0.529908 0.526957 0.598161 0.630112 0.659739 0.661878 0.652605 0.969516 0.946517 0.863475 0.771394 0.665279 0.730487 0.694892 0.818981 0.593678 0.617210 0.675083 0.632694 0.458951 0.570023 0.822360 0.706624 0.607090 0.763508 0.501115 0.711053 0.936414 0.838496 0.823182 0.958376 0.981521 0.620872 0.540993 0.893234 0.657458 0.963457
0.504457 0.418542 0.679891 0.550751 0.938067 0.727772 0.336246 0.364769 0.477913 0.541971 0.407650 0.448834 0.681963 0.731481 0.695711 0.472370 0.406397 0.378490 0.328144 0.400752 0.720056 0.893196 0.696423 0.753119 0.891084 0.873275 0.874578 0.912887 0.341906 0.389928 0.473161 0.541827 0.299092 0.000000 0.978826 0.917943 0.717769 0.748098 0.757891 0.812250 0.769768 0.756085 0.453329 0.506584 0.415515 0.471802 0.636710 0.587575 0.600276 0.716918 0.624232 0.706946 0.734130 0.899425 0.873182 0.758934 0.400655 0.587679 0.601105 0.783823 0.397171 0.609661 0.554952 0.508576 0.779157 0.715652 0.422992 0.532941 0.681504 0.676932 0.485337 0.430008 0.466824 0.434557 0.732831 0.864212 0.542659 0.504836 0.498542 0.524983 0.553846 0.664018 0.767248 0.730851 0.824313 0.849103 0.781692 0.842168 0.988447 0.885869 0.651605 0.684983 0.683787 0.796350 0.624840 0.582867 0.704147 0.699899 0.428407 0.437749 0.799425 0.676694 0.581523 0.652304 0.555260 0.663368 0.945822 0.817365 0.785184 0.962325 0.923140 0.527138 0.551341 0.778142 0.686180 0.920636
0.935515 0.980638 0.918922 0.878520 0.881985 0.920107 0.933434 0.915796 0.921550 0.885819 0.968528 0.981629 0.963518 0.874851 0.961804 0.946724 0.944116 0.987148 0.890027 0.930276 0.953465 0.837189 0.961432 0.983665 0.976196 0.775219 0.834875 0.830639 0.972600 0.993389 0.962747 0.986549 0.944767 0.978826 0.000000 0.814200 0.921194 0.850353 0.950215 0.964363 0.895646 0.913405 0.811550 0.851332 0.805372 0.775833 0.897760 0.903991 0.889700 0.997217 0.828786 0.908423 0.840812 0.940835 0.987782 0.985572 0.974640 0.959291 0.980029 0.960163 0.916109 0.928109 0.918962 0.947065 0.894271 0.995404 0.818873 0.767244 0.902629 0.933338 0.943580 0.936337 0.942746 0.993709 0.965348 0.961160 0.983111 0.885765 0.990376 0.926720 0.992204 0.982284 0.964071 0.915509 0.975766 0.960795 0.937459 0.908199 0.971332 0.811180 0.969514 0.972249 0.989119 0.951066 0.849898 0.803060 0.901877 0.953557 0.960961 0.954655 0.762906 0.917667 0.969462 0.977808 0.864330 0.934389 0.986298 0.834015 0.919398 0.833560 0.986817 0.939584 0.864971 0.950657 0.832802 0.958662
0.732837 0.698268 0.875419 0.819148 0.937385 0.795175 0.998992 0.882835 0.961538 0.955506 0.720349 0.722827 0.783885 0.679260 0.847801 0.805262 0.747605 0.803304 0.850829 0.732067 0.909377 0.959114 0.983500 0.832469 0.888111 0.957668 0.985205 0.849084 0.843312 0.845901 0.948305 0.964636 0.894735 0.917943 0.814200 0.000000 0.790564 0.994426 0.945650 0.864157 0.706938 0.881456 0.994344 0.935086 0.802062 0.913754 0.857093 0.914846 0.941677 0.846622 0.972587 0.937717 0.920535 0.816107 0.807865 0.860538 0.723424 0.701976 0.817712 0.714662 0.840481 0.763291 0.842797 0.795306 0.886047 0.692412 0.879673 0.957858 0.797069 0.888499 0.923261 0.928751 0.750670 0.939417 0.982484 0.926240 0.778112 0.958583 0.768421 0.862611 0.868285 0.765700 0.857397 0.740243 0.927636 0.878957 0.960949 0.950644 0.943881 0.790826 0.960844 0.976243 0.987162 0.966225 0.913287 0.940010 0.929836 0.950457 0.985150 0.951529 0.876444 0.791950 0.899705 0.898399 0.945687 0.905503 0.985963 0.951813 0.950845 0.842752 0.983414 0.894156 0.904526 0.993251 0.916243 0.895327
0.619383 0.572744 0.623289 0.531484 0.861945 0.969870 0.848863 0.716500 0.808574 0.919166 0.678967 0.622944 0.738446 0.735059 0.771482 0.700485 0.736407 0.713459 0.802426 0.666347 0.603895 0.750884 0.837845 0.744719 0.599029 0.610078 0.826054 0.887371 0.791758 0.828715 0.812873 0.887479 0.743385 0.717769 0.921194 0.790564 0.000000 0.559226 0.693272 0.520335 0.694823 0.772654 0.681390 0.600668 0.818871 0.705252 0.653927 0.678248 0.675914 0.650388 0.667490 0.647488 0.860162 0.947652 0.776108 0.823573 0.597463 0.612732 0.696637 0.716737 0.716886 0.659587 0.780301 0.697562 0.605891 0.637532 0.790352 0.803008 0.593357 0.567054 0.746395 0.794927 0.769426 0.781474 0.939488 0.890736 0.842950 0.765269 0.684002 0.638747 0.623362 0.688010 0.796093 0.695499 0.752233 0.755207 0.815239 0.833459 0.870945 0.739628 0.873814 0.892590 0.823095 0.887031 0.799554 0.871665 0.988874 0.938582 0.841689 0.865882 0.852799 0.989428 0.884310 0.871671 0.798340 0.835624 0.921304 0.999069 0.968693 0.944207 0.961325 0.832444 0.998182 0.902553 0.833126 0.927658
0.680233 0.663572 0.636044 0.596896 0.926165 0.956349 0.789836 0.771851 0.907654 0.968684 0.689447 0.722421 0.822509 0.793439 0.839786 0.719380 0.765891 0.747397 0.779315 0.753638 0.792400 0.782472 0.901759 0.861217 0.721350 0.774943 0.883533 0.939378 0.882333 0.849028 0.692051 0.809645 0.670834 0.748098 0.850353 0.994426 0.559226 0.000000 0.782273 0.673914 0.789548 0.820741 0.724249 0.658156 0.845034 0.731104 0.773921 0.736605 0.792542 0.735575 0.653859 0.706239 0.877134 0.994019 0.710214 0.915649 0.628054 0.658125 0.737941 0.795957 0.757691 0.752249 0.843618 0.778241 0.681855 0.673117 0.793352 0.815438 0.537085 0.611532 0.824226 0.737369 0.833459 0.626837 0.876857 0.721595 0.844219 0.839641 0.594615 0.755323 0.699440 0.729814 0.769921 0.777995 0.807975 0.777647 0.914145 0.875556 0.778187 0.805273 0.939957 0.944798 0.862627 0.882299 0.770976 0.934776 0.943507 0.989082 0.921772 0.975562 0.902195 0.891255 0.907966 0.973971 0.809444 0.765960 0.910199 0.921246 0.976447 0.947606 0.998105 0.886281 0.826788 0.909891 0.662279 0.978254
