0.000000 0.249559 0.703129 0.841185 0.960891 0.815496 0.421545 0.414443 0.839304 0.484322 0.243726 0.229711 0.319433 0.400862 0.408053 0.498558 0.271472 0.255965 0.310201 0.285368 0.864701 0.876911 0.358637 0.939680 0.914699 0.911462 0.894174 0.881394 0.259290 0.283343 0.507803 0.474194 0.367102 0.347752 0.999748 0.929159 0.591792 0.793259 0.877115 0.966496 0.676771 0.761725 0.751836 0.643754 0.725957 0.626177 0.580098 0.522356 0.616437 0.644232 0.771782 0.746928 0.798850 0.911800 0.742380 0.732732 0.295789 0.272857 0.369596 0.353500 0.304625 0.496397 0.245335 0.251572 0.971221 0.977567 0.743046 0.761122 0.313793 0.300543 0.502672 0.556430 0.588831 0.613147 0.654514 0.890907 0.559548 0.642416 0.480664 0.306266 0.222331 0.298844 0.582489 0.546015 0.707162 0.959732 0.932781 0.782226 0.815960 0.676949 0.958894 0.910691 0.986137 0.827222 0.671984 0.795233 0.702523 0.879484 0.512161 0.522046 0.769629 0.737380 0.502996 0.548344 0.551915 0.590143 0.870449 0.943825 0.921060 0.802896 0.847834 0.649267 0.520200 0.763759 0.825987 0.849477
0.249559 0.000000 0.755882 0.852480 0.934982 0.842086 0.369461 0.349386 0.792218 0.381135 0.357436 0.305185 0.485608 0.534005 0.515657 0.582025 0.202564 0.198300 0.323324 0.284723 0.977942 0.813296 0.402732 0.990776 0.815210 0.874626 0.834401 0.945586 0.249075 0.258737 0.498739 0.485865 0.321874 0.285692 0.966667 0.791571 0.627112 0.767352 0.986745 0.975498 0.793050 0.626047 0.535770 0.437165 0.504665 0.448474 0.516984 0.408169 0.446132 0.490325 0.580164 0.569370 0.637971 0.881131 0.765735 0.712699 0.198790 0.186732 0.349153 0.352553 0.395580 0.554072 0.212589 0.203396 0.898033 0.911295 0.666087 0.659321 0.395803 0.274729 0.425196 0.463317 0.573385 0.542479 0.707755 0.816784 0.467845 0.481288 0.423101 0.353952 0.212198 0.358320 0.550451 0.587985 0.789991 0.901307 0.768204 0.736238 0.842069 0.806235 0.717967 0.690959 0.775584 0.991214 0.587865 0.776610 0.619906 0.678379 0.350716 0.345288 0.672667 0.570643 0.368122 0.407522 0.481684 0.479458 0.737701 0.858604 0.910622 0.838202 0.712484 0.490597 0.457706 0.652685 0.730683 0.907964
0.703129 0.755882 0.000000 0.267330 0.954726 0.748210 0.366198 0.525569 0.951907 0.957188 0.754174 0.806344 0.742449 0.602311 0.723749 0.596110 0.734089 0.681313 0.646911 0.642285 0.574736 0.789183 0.457826 0.418046 0.430435 0.400196 0.831661 0.915546 0.862199 0.757146 0.438692 0.464383 0.476786 0.540581 0.551937 0.662982 0.677553 0.716430 0.451381 0.780885 0.960649 0.894469 0.523222 0.564704 0.620587 0.634766 0.471891 0.484705 0.975079 0.879191 0.813636 0.843474 0.832591 0.967903 0.742090 0.786886 0.777372 0.815511 0.816246 0.798675 0.660231 0.695552 0.826105 0.903298 0.459482 0.451644 0.324479 0.413374 0.780104 0.810669 0.608858 0.581375 0.603931 0.634131 0.687563 0.919620 0.625526 0.790228 0.686586 0.617434 0.736532 0.648732 0.687938 0.744484 0.659826 0.516766 0.911100 0.985002 0.983060 0.703830 0.845105 0.977586 0.719458 0.747773 0.720933 0.690097 0.455499 0.869659 0.742875 0.712866 0.782652 0.808800 0.828063 0.852240 0.557721 0.764276 0.922149 0.818501 0.936664 0.876774 0.830428 0.926017 0.773525 0.827205 0.778699 0.949595
0.841185 0.852480 0.267330 0.000000 0.867167 0.755760 0.432597 0.517540 0.997710 0.959370 0.843822 0.948330 0.874403 0.711947 0.842226 0.667373 0.818329 0.781281 0.707706 0.712455 0.611771 0.779616 0.526001 0.444624 0.479825 0.396260 0.744673 0.863021 0.929160 0.850221 0.541065 0.510083 0.587192 0.620579 0.537982 0.612183 0.709325 0.798498 0.519298 0.872275 0.941801 0.902767 0.563980 0.617836 0.668718 0.699625 0.517815 0.588674 0.973159 0.847067 0.837777 0.853143 0.847565 0.987787 0.791709 0.835887 0.823153 0.864747 0.836042 0.842710 0.873918 0.801125 0.949648 0.979819 0.520174 0.457489 0.344293 0.424812 0.840036 0.905153 0.590707 0.586203 0.703406 0.707896 0.896645 0.997904 0.614065 0.747692 0.721611 0.727096 0.830263 0.684436 0.744423 0.787388 0.744371 0.544066 0.942567 0.885885 0.953520 0.720711 0.699463 0.851694 0.606345 0.620601 0.802880 0.667441 0.509758 0.777809 0.762085 0.696880 0.691897 0.852709 0.866638 0.822820 0.589268 0.760793 0.924378 0.858622 0.907860 0.916663 0.806017 0.904560 0.731409 0.822933 0.883755 0.819196
0.960891 0.934982 0.954726 0.867167 0.000000 0.982392 0.960755 0.900929 0.986610 0.985349 0.974532 0.943643 0.992009 0.883682 0.934330 0.931156 0.936685 0.966038 0.970256 0.927856 0.816994 0.951085 0.927139 0.957304 0.965109 0.942437 0.887373 0.887186 0.975526 0.950933 0.933484 0.977705 0.982688 0.931218 0.980318 0.894574 0.845590 0.961624 0.848806 0.920049 0.852764 0.990690 0.950098 0.962605 0.923390 0.920420 0.922057 0.933939 0.912378 0.832215 0.844267 0.797969 0.834426 0.784674 0.917230 0.987963 0.920931 0.903984 0.898000 0.889232 0.923225 0.804424 0.899865 0.883679 0.923390 0.831042 0.900262 0.885707 0.947339 0.975670 0.874300 0.787652 0.964014 0.944280 0.943238 0.881966 0.968080 0.958938 0.939109 0.997073 0.889606 0.893739 0.852549 0.985817 0.902505 0.900381 0.861760 0.843707 0.882427 0.926362 0.734715 0.952661 0.802729 0.912747 0.993862 0.970287 0.945833 0.834849 0.922156 0.854516 0.795340 0.970962 0.994230 0.924832 0.838478 0.981813 0.782811 0.926001 0.740122 0.893759 0.890218 0.848738 0.815924 0.995327 0.936048 0.931541
0.815496 0.842086 0.748210 0.755760 0.982392 0.000000 0.760041 0.901263 0.933381 0.873056 0.791472 0.689177 0.607084 0.661849 0.659245 0.456029 0.851138 0.816845 0.709593 0.782954 0.701926 0.757707 0.662462 0.638088 0.832082 0.778860 0.813501 0.616739 0.876359 0.813579 0.832028 0.731493 0.767731 0.740168 0.998616 0.967912 0.981639 0.924879 0.728459 0.942761 0.911128 0.963286 0.926432 0.889486 0.889305 0.917969 0.956822 0.867857 0.892000 0.959518 0.879095 0.958271 0.925045 0.874050 0.880604 0.895950 0.921003 0.897037 0.947065 0.950406 0.898430 0.956969 0.888782 0.916923 0.958989 0.949468 0.899379 0.983940 0.885940 0.783408 0.860459 0.811113 0.803499 0.730705 0.672802 0.830583 0.879998 0.721562 0.853978 0.722010 0.824487 0.736689 0.984934 0.878277 0.855177 0.857998 0.853827 0.806750 0.845358 0.997900 0.929330 0.930854 0.968610 0.919623 0.885471 0.781501 0.845566 0.961363 0.996162 0.895077 0.859871 0.982325 0.904331 0.911354 0.763063 0.904540 0.816425 0.936936 0.979207 0.895573 0.925371 0.983908 0.897872 0.872136 0.991049 0.940096
0.421545 0.369461 0.366198 0.432597 0.960755 0.760041 0.000000 0.244631 0.707041 0.474515 0.509839 0.532900 0.565115 0.567761 0.583761 0.550542 0.383416 0.377614 0.338176 0.352273 0.689710 0.777487 0.274106 0.678554 0.819547 0.761099 0.910432 0.960069 0.498675 0.429061 0.287403 0.336766 0.255056 0.245838 0.713530 0.605023 0.591385 0.746315 0.726457 0.925374 0.898547 0.712367 0.346554 0.324365 0.385265 0.380191 0.376675 0.318660 0.570758 0.529856 0.547400 0.550519 0.588786 0.860854 0.832856 0.799722 0.372907 0.412570 0.414794 0.470904 0.468444 0.602667 0.426584 0.472391 0.841786 0.825032 0.368269 0.473607 0.585551 0.482841 0.394564 0.360432 0.561392 0.504073 0.669859 0.844008 0.425204 0.516765 0.426582 0.425773 0.447016 0.535398 0.628582 0.684587 0.823681 0.913419 0.926953 0.830330 0.965859 0.831667 0.580856 0.672839 0.645108 0.761953 0.625398 0.623778 0.354175 0.688719 0.348196 0.330552 0.611592 0.571686 0.427656 0.464917 0.417675 0.502022 0.681324 0.745242 0.775623 0.844147 0.625032 0.645158 0.485645 0.638667 0.652215 0.971455
0.414443 0.349386 0.525569 0.517540 0.900929 0.901263 0.244631 0.000000 0.715834 0.396798 0.451331 0.531368 0.627782 0.631613 0.708699 0.704561 0.342063 0.379839 0.381637 0.338886 0.879892 0.851315 0.403610 0.871061 0.953451 0.939942 0.879557 0.894188 0.420661 0.426700 0.413395 0.405444 0.345146 0.322551 0.821246 0.666259 0.655333 0.861821 0.907672 0.993849 0.864452 0.656566 0.454278 0.461827 0.421593 0.435803 0.477095 0.458995 0.502417 0.530875 0.600686 0.604266 0.671373 0.918178 0.857170 0.743606 0.329286 0.339738 0.391653 0.438838 0.553046 0.580799 0.403829 0.410405 0.992972 0.943226 0.489075 0.561648 0.552922 0.460938 0.379755 0.413252 0.634897 0.660929 0.747933 0.964693 0.410094 0.567474 0.471444 0.502222 0.415956 0.524981 0.658418 0.705545 0.950302 0.928085 0.879396 0.770181 0.869326 0.817498 0.524279 0.614333 0.601187 0.774526 0.620804 0.676733 0.425077 0.625540 0.309502 0.308473 0.496103 0.567431 0.398110 0.411389 0.435256 0.501334 0.681379 0.755242 0.784987 0.859274 0.569268 0.565673 0.367634 0.586310 0.690860 0.988513
0.839304 0.792218 0.951907 0.997710 0.986610 0.933381 0.707041 0.715834 0.000000 0.551246 0.747804 0.804025 0.726863 0.991060 0.919476 0.991333 0.861689 0.954359 0.864839 0.903332 0.967408 0.890690 0.930996 0.759704 0.762741 0.775058 0.754414 0.945383 0.895704 0.963011 0.903686 0.979853 0.902725 0.793537 0.841317 0.857560 0.786159 0.925817 0.808800 0.988807 0.984505 0.917026 0.901714 0.841145 0.823934 0.735068 0.898996 0.817751 0.654377 0.651958 0.669811 0.686962 0.687751 0.778488 0.836389 0.969939 0.914296 0.831806 0.534773 0.699015 0.713554 0.746445 0.743779 0.765632 0.807423 0.807368 0.980405 0.941397 0.900017 0.792180 0.944565 0.944232 0.838486 0.940235 0.886091 0.992514 0.900049 0.890478 0.819327 0.917245 0.934145 0.889683 0.882617 0.827431 0.832732 0.691742 0.922438 0.783860 0.860845 0.991688 0.851189 0.883847 0.940002 0.867146 0.924982 0.991515 0.956015 0.981395 0.758213 0.711545 0.995213 0.887493 0.631652 0.697671 0.859403 0.886781 0.859064 0.810727 0.725040 0.974647 0.810063 0.918217 0.831528 0.866203 0.643420 0.957801
0.484322 0.381135 0.957188 0.959370 0.985349 0.873056 0.474515 0.396798 0.551246 0.000000 0.506310 0.472427 0.524758 0.677020 0.612211 0.736310 0.428671 0.501523 0.401896 0.417806 0.993284 0.837123 0.543289 0.862721 0.565138 0.630890 0.694256 0.895845 0.414323 0.431005 0.633077 0.614525 0.511550 0.448836 0.781604 0.851579 0.845126 0.972612 0.847824 0.812266 0.972150 0.703984 0.644959 0.591000 0.600347 0.568530 0.679464 0.625664 0.383296 0.483321 0.616864 0.604858 0.685727 0.868165 0.937473 0.961608 0.434448 0.388887 0.355486 0.488223 0.660146 0.851001 0.380623 0.373948 0.532592 0.554300 0.973456 0.938593 0.565387 0.434622 0.582217 0.618094 0.796739 0.780215 0.752462 0.803820 0.537459 0.574874 0.439875 0.571163 0.474403 0.715857 0.887133 0.844538 0.792271 0.515344 0.759594 0.650637 0.907269 0.895209 0.667425 0.573936 0.882109 0.973902 0.761426 0.873887 0.662632 0.701732 0.379480 0.381056 0.715113 0.611559 0.378324 0.439051 0.746385 0.636851 0.761105 0.808718 0.756925 0.888370 0.739519 0.703371 0.477465 0.729564 0.817819 0.957346
0.243726 0.357436 0.754174 0.843822 0.974532 0.791472 0.509839 0.451331 0.747804 0.506310 0.000000 0.327245 0.331164 0.480358 0.529091 0.596430 0.396813 0.400395 0.405505 0.368553 0.986980 0.859836 0.500436 0.987242 0.891549 0.900848 0.875177 0.893489 0.393396 0.396790 0.607562 0.557735 0.485393 0.511006 0.936521 0.879641 0.681559 0.858650 0.941333 0.992484 0.719510 0.696217 0.883999 0.775263 0.816196 0.735021 0.765512 0.703214 0.685736 0.735020 0.866428 0.834607 0.858738 0.884411 0.854277 0.775746 0.439673 0.392312 0.444288 0.457952 0.399713 0.571647 0.350603 0.375201 0.902282 0.948807 0.828971 0.873810 0.339063 0.412653 0.546724 0.542215 0.676521 0.739970 0.669023 0.954575 0.604224 0.650236 0.612320 0.385078 0.335086 0.405982 0.732414 0.683346 0.845230 0.856103 0.978581 0.713423 0.817467 0.775290 0.911258 0.912233 0.939091 0.908187 0.761362 0.853441 0.741613 0.909737 0.571472 0.584403 0.806962 0.744180 0.510417 0.554682 0.620597 0.648301 0.936207 0.989421 0.842227 0.813600 0.874163 0.707967 0.563829 0.811703 0.838521 0.954081
0.229711 0.305185 0.806344 0.948330 0.943643 0.689177 0.532900 0.531368 0.804025 0.472427 0.327245 0.000000 0.269063 0.426969 0.386875 0.398480 0.313851 0.332246 0.395506 0.405642 0.890448 0.879740 0.382752 0.913398 0.879631 0.893283 0.882743 0.987136 0.310517 0.319740 0.612765 0.551933 0.434530 0.428065 0.941826 0.986269 0.715030 0.917126 0.940742 0.988576 0.784537 0.844097 0.810073 0.685664 0.826440 0.699252 0.707048 0.596892 0.660444 0.651163 0.777069 0.716630 0.807339 0.992712 0.808886 0.789093 0.409358 0.337166 0.431853 0.398203 0.316332 0.507676 0.246069 0.267245 0.927328 0.952397 0.865492 0.867231 0.395487 0.333201 0.578345 0.617825 0.575438 0.548289 0.607730 0.845399 0.634382 0.640893 0.496121 0.342161 0.261250 0.355540 0.630258 0.617823 0.714545 0.950086 0.885447 0.875935 0.844707 0.728115 0.985206 0.966102 0.942227 0.693980 0.687808 0.837698 0.764629 0.927316 0.622739 0.572945 0.863983 0.786583 0.592872 0.654621 0.571561 0.614875 0.904542 0.932425 0.945665 0.816302 0.930145 0.698822 0.533977 0.864941 0.814535 0.898352
0.319433 0.485608 0.742449 0.874403 0.992009 0.607084 0.565115 0.627782 0.726863 0.524758 0.331164 0.269063 0.000000 0.370503 0.384768 0.349175 0.515755 0.529209 0.441594 0.516078 0.788547 0.904849 0.398169 0.784387 0.973439 0.953940 0.997332 0.989639 0.448458 0.424047 0.642566 0.549455 0.535033 0.519552 0.858492 0.965606 0.722908 0.972809 0.834451 0.964970 0.811139 0.944220 0.913999 0.790230 0.968583 0.802188 0.750357 0.698439 0.778751 0.728892 0.866278 0.799664 0.859997 0.955580 0.832925 0.849727 0.619736 0.520994 0.518107 0.526968 0.366476 0.625480 0.395417 0.443042 0.954055 0.944913 0.973602 0.999113 0.429671 0.447061 0.681282 0.714556 0.638986 0.667363 0.681401 0.896796 0.720960 0.700263 0.569406 0.407969 0.441807 0.464848 0.731629 0.664611 0.761553 0.967414 0.936372 0.940992 0.809859 0.826048 0.865120 0.916142 0.757338 0.697384 0.779519 0.872453 0.793915 0.963356 0.746997 0.725219 0.984634 0.854181 0.669459 0.740714 0.742832 0.760136 0.955326 0.840594 0.845661 0.757086 0.990027 0.908745 0.676701 0.976880 0.869244 0.951551
0.400862 0.534005 0.602311 0.711947 0.883682 0.661849 0.567761 0.631613 0.991060 0.677020 0.480358 0.426969 0.370503 0.000000 0.345983 0.368133 0.567272 0.522602 0.417376 0.419632 0.746740 0.792752 0.395301 0.621686 0.880664 0.864671 0.985715 0.951309 0.473266 0.439244 0.574507 0.447205 0.508395 0.496393 0.965142 0.959459 0.751276 0.978145 0.648514 0.850617 0.801412 0.896025 0.825955 0.778610 0.975404 0.862830 0.617131 0.670697 0.922669 0.953854 0.957998 0.997472 0.985448 0.737179 0.667502 0.762201 0.650659 0.622988 0.717099 0.723171 0.572639 0.751676 0.594400 0.608190 0.861099 0.884835 0.867441 0.865082 0.430640 0.499565 0.752990 0.788216 0.547092 0.705758 0.697649 0.925022 0.599849 0.699204 0.624382 0.451348 0.453556 0.340236 0.544516 0.534221 0.619629 0.806640 0.927159 0.946859 0.910048 0.747149 0.847768 0.908853 0.848483 0.722657 0.700029 0.827101 0.740933 0.847384 0.813611 0.785789 0.899035 0.880549 0.752790 0.778108 0.732642 0.751572 0.908850 0.817945 0.947289 0.760921 0.955644 0.912156 0.780008 0.923691 0.970698 0.901523
0.408053 0.515657 0.723749 0.842226 0.934330 0.659245 0.583761 0.708699 0.919476 0.612211 0.529091 0.386875 0.384768 0.345983 0.000000 0.411809 0.517216 0.481551 0.420893 0.434764 0.810239 0.793014 0.433133 0.725723 0.979419 0.939880 0.923979 0.916040 0.478289 0.397617 0.537949 0.481526 0.513621 0.500895 0.950404 0.991243 0.769145 0.919631 0.758804 0.930925 0.790198 0.978536 0.808315 0.713264 0.935803 0.835712 0.694763 0.615968 0.833976 0.819579 0.945211 0.889309 0.961636 0.856338 0.861348 0.897920 0.645451 0.599227 0.603928 0.648418 0.551367 0.797666 0.537950 0.550550 0.980689 0.957479 0.907877 0.950870 0.388372 0.492667 0.755899 0.757745 0.559735 0.619629 0.686998 0.853954 0.689099 0.687000 0.484869 0.455396 0.462231 0.445977 0.643316 0.596907 0.746447 0.928276 0.995228 0.978676 0.864845 0.821864 0.867826 0.914895 0.765413 0.716170 0.738078 0.936053 0.762575 0.857415 0.765628 0.716535 0.941719 0.926790 0.703487 0.752076 0.808037 0.822218 0.950841 0.811000 0.943501 0.749285 0.905976 0.900005 0.788988 0.916941 0.986502 0.982448
0.498558 0.582025 0.596110 0.667373 0.931156 0.456029 0.550542 0.704561 0.991333 0.736310 0.596430 0.398480 0.349175 0.368133 0.411809 0.000000 0.547325 0.547686 0.451127 0.530453 0.697742 0.739685 0.352775 0.489256 0.750025 0.768522 0.918081 0.804092 0.576893 0.476073 0.579983 0.468635 0.495892 0.473564 0.986439 0.981872 0.808263 0.984140 0.692859 0.878483 0.971002 0.993440 0.695461 0.629205 0.922808 0.792117 0.653392 0.586930 0.938438 0.758533 0.860136 0.770013 0.855632 0.953552 0.756903 0.926490 0.693609 0.628993 0.682320 0.698934 0.558126 0.752863 0.572379 0.625693 0.809810 0.798986 0.801507 0.817543 0.597291 0.551799 0.671861 0.640528 0.526794 0.544073 0.689983 0.787334 0.687402 0.648501 0.567847 0.440696 0.536164 0.461987 0.683580 0.631080 0.656979 0.719217 0.801792 0.907232 0.981404 0.805312 0.949354 0.992043 0.904175 0.787860 0.753244 0.767509 0.702128 0.846039 0.777188 0.711826 0.949793 0.847120 0.775918 0.837407 0.621015 0.673426 0.964094 0.896357 0.934249 0.728596 0.968785 0.876195 0.700705 0.954590 0.936835 0.952108
0.271472 0.202564 0.734089 0.818329 0.936685 0.851138 0.383416 0.342063 0.861689 0.428671 0.396813 0.313851 0.515755 0.567272 0.517216 0.547325 0.000000 0.189913 0.328977 0.271754 0.958123 0.790460 0.388289 0.947872 0.881651 0.910802 0.874593 0.981774 0.287153 0.252055 0.444038 0.453548 0.306938 0.292973 0.959359 0.822470 0.706653 0.786018 0.977901 0.990144 0.801763 0.665251 0.497375 0.452209 0.502970 0.468258 0.508888 0.433709 0.478866 0.499945 0.601558 0.572090 0.661111 0.878439 0.797433 0.798137 0.221401 0.216303 0.370489 0.393239 0.442036 0.601130 0.234086 0.236564 0.918476 0.952263 0.648877 0.676794 0.443750 0.297420 0.394043 0.411927 0.540861 0.519791 0.656281 0.836843 0.467557 0.521936 0.396522 0.368423 0.220513 0.381600 0.559034 0.617680 0.817960 0.915813 0.782319 0.735652 0.866744 0.831617 0.699390 0.691577 0.772091 0.971457 0.638408 0.759072 0.600830 0.707492 0.367472 0.354527 0.607996 0.592571 0.425932 0.445709 0.453680 0.441722 0.735669 0.884792 0.944195 0.855094 0.738028 0.522019 0.416748 0.637394 0.709341 0.934983
0.255965 0.198300 0.681313 0.781281 0.966038 0.816845 0.377614 0.379839 0.954359 0.501523 0.400395 0.332246 0.529209 0.522602 0.481551 0.547686 0.189913 0.000000 0.317914 0.245802 0.901201 0.778025 0.356180 0.872360 0.976399 0.988437 0.894636 0.980251 0.261645 0.235412 0.420005 0.417789 0.305642 0.267911 0.851251 0.835725 0.637774 0.772332 0.869207 0.934390 0.708076 0.701300 0.505850 0.430953 0.515625 0.489482 0.526732 0.404366 0.538456 0.563351 0.664819 0.650101 0.710498 0.939253 0.732198 0.733814 0.204882 0.216878 0.434252 0.419476 0.457466 0.625376 0.260035 0.250584 0.975189 0.988801 0.615323 0.606674 0.414531 0.330936 0.404514 0.429686 0.504689 0.471070 0.726810 0.801018 0.458425 0.499840 0.425704 0.325873 0.205286 0.312949 0.510114 0.539990 0.743661 0.983093 0.831833 0.809396 0.878319 0.767203 0.726228 0.732275 0.746643 0.974318 0.574336 0.793984 0.605354 0.691329 0.407836 0.400765 0.710975 0.608806 0.443944 0.475705 0.455484 0.490559 0.770383 0.940471 0.966249 0.842329 0.744904 0.519112 0.472966 0.620622 0.785325 0.865173
0.310201 0.323324 0.646911 0.707706 0.970256 0.709593 0.338176 0.381637 0.864839 0.401896 0.405505 0.395506 0.441594 0.417376 0.420893 0.451127 0.328977 0.317914 0.000000 0.240324 0.788181 0.709058 0.329996 0.830098 0.984617 0.965841 0.900953 0.990242 0.290643 0.276070 0.388646 0.359208 0.298112 0.266209 0.983366 0.785251 0.684532 0.838045 0.819315 0.960052 0.883144 0.695091 0.559620 0.512969 0.628652 0.591627 0.524752 0.474509 0.584110 0.611162 0.761755 0.725826 0.835957 0.940696 0.892461 0.862542 0.351465 0.362741 0.418095 0.491260 0.566586 0.820906 0.368940 0.402785 0.871740 0.865094 0.713303 0.838687 0.420272 0.339025 0.471828 0.493043 0.560522 0.562357 0.660331 0.825895 0.499988 0.497217 0.458465 0.384043 0.368638 0.433548 0.686186 0.702317 0.915079 0.894224 0.792176 0.808378 0.948192 0.917207 0.793752 0.701555 0.895221 0.962910 0.781126 0.665525 0.621596 0.718272 0.420242 0.407093 0.663776 0.614756 0.446101 0.450673 0.594909 0.620621 0.841053 0.937707 0.950484 0.860429 0.796636 0.683105 0.467712 0.675008 0.876542 0.943799
0.285368 0.284723 0.642285 0.712455 0.927856 0.782954 0.352273 0.338886 0.903332 0.417806 0.368553 0.405642 0.516078 0.419632 0.434764 0.530453 0.271754 0.245802 0.240324 0.000000 0.879761 0.723750 0.344650 0.838253 0.926964 0.957935 0.791313 0.997595 0.301760 0.232594 0.396504 0.339880 0.325957 0.279664 0.955035 0.815134 0.674862 0.816318 0.796720 0.972087 0.794539 0.656699 0.551091 0.517500 0.620592 0.632623 0.574097 0.489936 0.641690 0.685065 0.828630 0.804324 0.858875 0.893175 0.880417 0.907213 0.283933 0.311003 0.440932 0.506794 0.570513 0.784514 0.374556 0.356524 0.859795 0.885405 0.700241 0.761326 0.409994 0.369486 0.438414 0.466217 0.559213 0.612292 0.686051 0.815087 0.427759 0.495960 0.432602 0.397849 0.302694 0.384531 0.671284 0.667791 0.938746 0.875610 0.780904 0.700027 0.999015 0.882940 0.766983 0.655185 0.804914 0.998223 0.659422 0.744367 0.578079 0.652695 0.397225 0.386834 0.651668 0.579890 0.398910 0.421615 0.541873 0.534653 0.815123 0.869457 0.962324 0.801662 0.762283 0.600668 0.485087 0.639995 0.868714 0.980213
0.864701 0.977942 0.574736 0.611771 0.816994 0.701926 0.689710 0.879892 0.967408 0.993284 0.986980 0.890448 0.788547 0.746740 0.810239 0.697742 0.958123 0.901201 0.788181 0.879761 0.000000 0.827304 0.646998 0.608614 0.592331 0.622466 0.818135 0.810744 0.964442 0.923527 0.722678 0.700164 0.775396 0.750290 0.728167 0.886689 0.861967 0.887959 0.533891 0.835290 0.943858 0.914056 0.832225 0.838461 0.922474 0.913732 0.683304 0.785364 0.870317 0.953000 0.977609 0.967355 0.980174 0.835163 0.884422 0.938106 0.893513 0.977698 0.942862 0.930055 0.853964 0.952132 0.940771 0.971907 0.663664 0.714187 0.679009 0.752994 0.949327 0.916443 0.861479 0.858539 0.779318 0.818159 0.848422 0.838487 0.965153 0.956992 0.907172 0.820919 0.941557 0.789699 0.836565 0.736071 0.773410 0.675574 0.928313 0.860973 0.982628 0.880601 0.951903 0.893959 0.915269 0.955496 0.925355 0.663266 0.805381 0.850668 0.961782 0.952371 0.959966 0.893522 0.965199 0.972143 0.975912 0.990615 0.883173 0.878387 0.939731 0.979423 0.949564 0.835176 0.982097 0.956157 0.872557 0.938002
0.876911 0.813296 0.789183 0.779616 0.951085 0.757707 0.777487 0.851315 0.890690 0.837123 0.859836 0.879740 0.904849 0.792752 0.793014 0.739685 0.790460 0.778025 0.709058 0.723750 0.827304 0.000000 0.778798 0.892203 0.896532 0.879697 0.867723 0.779038 0.829159 0.775211 0.685731 0.709872 0.762280 0.752092 0.882820 0.797317 0.851853 0.682966 0.859973 0.995909 0.874117 0.815243 0.751733 0.768638 0.832874 0.878300 0.910563 0.783512 0.948987 0.902658 0.947221 0.903965 0.897932 0.949429 0.924173 0.883306 0.845668 0.887226 0.882574 0.968029 0.961116 0.869310 0.888552 0.915408 0.947425 0.959925 0.884868 0.957440 0.860711 0.832773 0.780201 0.752522 0.755697 0.741358 0.875015 0.790625 0.871740 0.760590 0.853143 0.780201 0.834997 0.873320 0.933859 0.983178 0.919011 0.982435 0.902796 0.745266 0.884006 0.939951 0.790443 0.847542 0.887159 0.878491 0.914740 0.890798 0.916378 0.771046 0.796987 0.782860 0.898761 0.810603 0.677306 0.629395 0.839764 0.938400 0.970445 0.917573 0.944772 0.835732 0.908324 0.948825 0.874293 0.832486 0.958952 0.871412
0.358637 0.402732 0.457826 0.526001 0.927139 0.662462 0.274106 0.403610 0.930996 0.543289 0.500436 0.382752 0.398169 0.395301 0.433133 0.352775 0.388289 0.356180 0.329996 0.344650 0.646998 0.778798 0.000000 0.543664 0.830681 0.760751 0.975365 0.958118 0.438021 0.333819 0.320162 0.284099 0.265297 0.284581 0.829534 0.831040 0.644563 0.848041 0.685766 0.976250 0.898039 0.790221 0.496441 0.448747 0.604347 0.554391 0.467532 0.418692 0.705946 0.640677 0.698333 0.645397 0.712610 0.925467 0.795211 0.835812 0.412850 0.424877 0.519078 0.517585 0.443297 0.678978 0.393326 0.439167 0.878883 0.879104 0.569937 0.629384 0.532737 0.461509 0.439590 0.437019 0.463489 0.422466 0.689008 0.780451 0.488745 0.546307 0.421001 0.372243 0.375371 0.413106 0.579261 0.631402 0.718487 0.860525 0.898577 0.936962 0.970521 0.826051 0.781783 0.808346 0.829515 0.909705 0.648327 0.679409 0.478048 0.776655 0.492737 0.480689 0.752159 0.721900 0.538762 0.568812 0.503808 0.556933 0.775508 0.976401 0.852235 0.736521 0.764206 0.744472 0.485061 0.798164 0.806793 0.976007
0.939680 0.990776 0.418046 0.444624 0.957304 0.638088 0.678554 0.871061 0.759704 0.862721 0.987242 0.913398 0.784387 0.621686 0.725723 0.489256 0.947872 0.872360 0.830098 0.838253 0.608614 0.892203 0.543664 0.000000 0.447985 0.431753 0.772816 0.854493 0.941765 0.848396 0.667892 0.573323 0.704468 0.764034 0.711523 0.881218 0.892884 0.999609 0.446585 0.837790 0.997392 0.886595 0.756488 0.784814 0.965087 0.965448 0.727607 0.748701 0.766129 0.892207 0.905860 0.927164 0.914782 0.878326 0.854195 0.900056 0.976133 0.948864 0.849769 0.897510 0.914082 0.976924 0.934777 0.890782 0.519043 0.505355 0.636631 0.643209 0.986404 0.990989 0.809616 0.757540 0.655006 0.679247 0.905687 0.919765 0.773210 0.871217 0.827648 0.788352 0.917283 0.708439 0.731169 0.665329 0.652028 0.474429 0.943743 0.702210 0.933511 0.878922 0.954133 0.963406 0.894641 0.969310 0.814565 0.827577 0.668853 0.852501 0.976130 0.965651 0.954196 0.982846 0.912211 0.850751 0.813558 0.867117 0.925411 0.927675 0.993715 0.868746 0.974360 0.911194 0.980301 0.920079 0.932004 0.935710
0.914699 0.815210 0.430435 0.479825 0.965109 0.832082 0.819547 0.953451 0.762741 0.565138 0.891549 0.879631 0.973439 0.880664 0.979419 0.750025 0.881651 0.976399 0.984617 0.926964 0.592331 0.896532 0.830681 0.447985 0.000000 0.272394 0.589511 0.801806 0.792925 0.892658 0.719555 0.785574 0.821082 0.922544 0.476457 0.831239 0.903305 0.766455 0.441342 0.666934 0.988665 0.872119 0.790407 0.814102 0.878711 0.877996 0.718902 0.757627 0.749811 0.917153 0.973473 0.999585 0.976972 0.966054 0.725795 0.826927 0.829689 0.784228 0.822870 0.905666 0.944091 0.887930 0.834558 0.725421 0.293572 0.331478 0.501452 0.520693 0.942073 0.847115 0.983513 0.892065 0.709001 0.733761 0.906209 0.938046 0.950330 0.918439 0.942432 0.889743 0.909782 0.852513 0.770656 0.835444 0.540986 0.309125 0.827541 0.727133 0.948204 0.689936 0.867729 0.695366 0.955136 0.901526 0.933995 0.904146 0.829893 0.892286 0.794440 0.850827 0.984382 0.959601 0.735618 0.730559 0.852591 0.997901 0.907925 0.938192 0.852860 0.969520 0.983489 0.821981 0.853297 0.937309 0.939109 0.884611
0.911462 0.874626 0.400196 0.396260 0.942437 0.778860 0.761099 0.939942 0.775058 0.630890 0.900848 0.893283 0.953940 0.864671 0.939880 0.768522 0.910802 0.988437 0.965841 0.957935 0.622466 0.879697 0.760751 0.431753 0.272394 0.000000 0.617994 0.756611 0.832700 0.923037 0.691279 0.714032 0.790488 0.857958 0.458890 0.830720 0.862137 0.802321 0.471482 0.657874 0.984131 0.999848 0.728070 0.740574 0.839572 0.864120 0.711998 0.762821 0.819424 0.938850 0.936564 0.968939 0.932867 0.985142 0.731737 0.765522 0.885219 0.805440 0.827680 0.858834 0.974373 0.905013 0.850907 0.735319 0.316013 0.323498 0.461034 0.485555 0.976604 0.888953 0.925788 0.828643 0.689534 0.694720 0.961166 0.898962 0.936666 0.983742 0.976738 0.883646 0.971213 0.798902 0.738521 0.847037 0.542298 0.284232 0.867998 0.686169 0.953460 0.684420 0.999140 0.850436 0.835146 0.762858 0.872751 0.876936 0.731494 0.982571 0.848977 0.934917 0.974175 0.996809 0.822806 0.834438 0.771660 0.991819 0.979075 0.944519 0.904763 0.913459 0.959078 0.884423 0.956598 0.966896 0.968578 0.940245
0.894174 0.834401 0.831661 0.744673 0.887373 0.813501 0.910432 0.879557 0.754414 0.694256 0.875177 0.882743 0.997332 0.985715 0.923979 0.918081 0.874593 0.894636 0.900953 0.791313 0.818135 0.867723 0.975365 0.772816 0.589511 0.617994 0.000000 0.731109 0.871090 0.790615 0.924561 0.968697 0.977814 0.897237 0.850808 0.947840 0.846830 0.922581 0.774275 0.797303 0.957312 0.855408 0.982810 0.934947 0.936249 0.995025 0.884396 0.988150 0.989389 0.953855 0.971848 0.934717 0.939367 0.896254 0.777507 0.783801 0.840139 0.838147 0.871819 0.943040 0.907660 0.977789 0.849242 0.780996 0.593305 0.651284 0.860987 0.874995 0.869888 0.920220 0.879415 0.844224 0.918446 0.954947 0.944867 0.884545 0.966215 0.859983 0.932249 0.994058 0.916643 0.879210 0.835810 0.894187 0.604863 0.545389 0.841380 0.581869 0.921960 0.706689 0.820170 0.795674 0.985889 0.921104 0.843041 0.981317 0.877146 0.810124 0.738128 0.820473 0.850309 0.844095 0.640437 0.730863 0.964613 0.824355 0.788891 0.729239 0.777665 0.877886 0.812542 0.823803 0.875622 0.879523 0.956827 0.943949
0.881394 0.945586 0.915546 0.863021 0.887186 0.616739 0.960069 0.894188 0.945383 0.895845 0.893489 0.987136 0.989639 0.951309 0.916040 0.804092 0.981774 0.980251 0.990242 0.997595 0.810744 0.779038 0.958118 0.854493 0.801806 0.756611 0.731109 0.000000 0.934096 0.988263 0.968709 0.935649 0.998841 0.995044 0.841034 0.980735 0.905452 0.996856 0.773219 0.992616 0.894297 0.913398 0.940279 0.953808 0.927240 0.950492 0.954546 0.981109 0.940560 0.971300 0.961153 0.983549 0.972422 0.982181 0.931617 0.890968 0.908062 0.917849 0.938468 0.862120 0.854802 0.806441 0.938747 0.879299 0.939765 0.968989 0.957298 0.960985 0.994639 0.987864 0.985229 0.873547 0.980124 0.872674 0.894349 0.979547 0.970706 0.974713 0.973243 0.946036 0.943030 0.976075 0.987454 0.914406 0.954718 0.830233 0.815673 0.913361 0.828883 0.876206 0.956246 0.952455 0.948884 0.876392 0.760109 0.907362 0.941697 0.992854 0.881266 0.981005 0.823696 0.921733 0.894420 0.952261 0.967465 0.927553 0.794744 0.891349 0.838697 0.802138 0.903659 0.973576 0.949162 0.930191 0.985160 0.962511
0.259290 0.249075 0.862199 0.929160 0.975526 0.876359 0.498675 0.420661 0.895704 0.414323 0.393396 0.310517 0.448458 0.473266 0.478289 0.576893 0.287153 0.261645 0.290643 0.301760 0.964442 0.829159 0.438021 0.941765 0.792925 0.832700 0.871090 0.934096 0.000000 0.226285 0.509069 0.480460 0.409020 0.324165 0.958998 0.940756 0.626656 0.855471 0.993768 0.967784 0.732474 0.681008 0.643716 0.552542 0.649127 0.575886 0.637838 0.520533 0.504922 0.556840 0.703678 0.670849 0.769609 0.950797 0.758709 0.740885 0.294155 0.275614 0.423899 0.436905 0.491822 0.672441 0.263149 0.253998 0.783768 0.793812 0.848780 0.849797 0.359554 0.285422 0.513166 0.603156 0.557507 0.573807 0.753238 0.846041 0.528399 0.535396 0.496569 0.398662 0.254031 0.368985 0.590735 0.616800 0.855470 0.858359 0.779845 0.808528 0.852730 0.827529 0.872684 0.758124 0.985617 0.838669 0.672799 0.805875 0.718179 0.767912 0.453946 0.475122 0.742700 0.583547 0.460669 0.484214 0.629716 0.607738 0.857834 0.992815 0.926672 0.771411 0.745587 0.549941 0.439416 0.623145 0.845929 0.861044
0.283343 0.258737 0.757146 0.850221 0.950933 0.813579 0.429061 0.426700 0.963011 0.431005 0.396790 0.319740 0.424047 0.439244 0.397617 0.476073 0.252055 0.235412 0.276070 0.232594 0.923527 0.775211 0.333819 0.848396 0.892658 0.923037 0.790615 0.988263 0.226285 0.000000 0.387782 0.370883 0.316608 0.277159 0.968979 0.887135 0.630902 0.819119 0.844099 0.998606 0.777209 0.700546 0.544213 0.467608 0.612745 0.571527 0.603040 0.474598 0.590815 0.587013 0.714388 0.661235 0.763195 0.926391 0.824807 0.851865 0.304850 0.286068 0.492528 0.499788 0.487924 0.739338 0.283019 0.276078 0.815150 0.838380 0.791407 0.786692 0.365819 0.318354 0.460516 0.500251 0.442164 0.441260 0.739813 0.779496 0.481115 0.466194 0.397541 0.376394 0.270285 0.372230 0.597632 0.622203 0.903810 0.881309 0.756764 0.755324 0.957911 0.926173 0.835275 0.740908 0.950309 0.814711 0.620630 0.754789 0.584602 0.681483 0.420944 0.421207 0.691099 0.583250 0.423906 0.483497 0.621020 0.523624 0.791800 0.902426 0.882450 0.752611 0.758802 0.561197 0.468858 0.603094 0.848642 0.981948
0.507803 0.498739 0.438692 0.541065 0.933484 0.832028 0.287403 0.413395 0.903686 0.633077 0.607562 0.612765 0.642566 0.574507 0.537949 0.579983 0.444038 0.420005 0.388646 0.396504 0.722678 0.685731 0.320162 0.667892 0.719555 0.691279 0.924561 0.968709 0.509069 0.387782 0.000000 0.284003 0.266496 0.280794 0.702285 0.760774 0.620083 0.743318 0.658138 0.825146 0.927770 0.782752 0.348064 0.321208 0.392062 0.399942 0.412246 0.367353 0.630390 0.593692 0.577275 0.561437 0.615299 0.823824 0.827964 0.859132 0.509155 0.546587 0.567706 0.636964 0.589022 0.798295 0.494903 0.565435 0.886362 0.905632 0.489722 0.558774 0.623603 0.558700 0.476915 0.429756 0.376744 0.413581 0.691332 0.834336 0.480489 0.603277 0.453557 0.464312 0.528625 0.595039 0.560279 0.721064 0.873084 0.890344 0.909169 0.799524 0.963316 0.956008 0.766535 0.844492 0.865629 0.992541 0.683196 0.693298 0.464571 0.759920 0.433326 0.486364 0.723060 0.567187 0.527428 0.538813 0.561754 0.602289 0.707575 0.790010 0.858200 0.817266 0.598820 0.716885 0.501167 0.606297 0.658301 0.951003
0.474194 0.485865 0.464383 0.510083 0.977705 0.731493 0.336766 0.405444 0.979853 0.614525 0.557735 0.551933 0.549455 0.447205 0.481526 0.468635 0.453548 0.417789 0.359208 0.339880 0.700164 0.709872 0.284099 0.573323 0.785574 0.714032 0.968697 0.935649 0.480460 0.370883 0.284003 0.000000 0.300781 0.332787 0.770149 0.790578 0.607413 0.875391 0.667004 0.908907 0.936026 0.733194 0.463110 0.460532 0.571085 0.592713 0.469363 0.478224 0.739116 0.764166 0.800707 0.773995 0.844076 0.961283 0.800366 0.817603 0.506703 0.532794 0.628389 0.693597 0.634960 0.829518 0.521203 0.582088 0.895218 0.903034 0.582199 0.660383 0.592787 0.520708 0.513116 0.472531 0.450754 0.467965 0.715365 0.886004 0.523079 0.619043 0.464763 0.526434 0.474925 0.466618 0.637705 0.672372 0.828309 0.866494 0.857633 0.913700 0.984644 0.910942 0.804260 0.807157 0.859224 0.982540 0.721823 0.724802 0.497797 0.729333 0.510872 0.537796 0.711868 0.629147 0.543517 0.528771 0.559134 0.594443 0.881912 0.887966 0.919037 0.700895 0.708866 0.685495 0.512059 0.692867 0.782745 0.937937
0.367102 0.321874 0.476786 0.587192 0.982688 0.767731 0.255056 0.345146 0.902725 0.511550 0.485393 0.434530 0.535033 0.508395 0.513621 0.495892 0.306938 0.305642 0.298112 0.325957 0.775396 0.762280 0.265297 0.704468 0.821082 0.790488 0.977814 0.998841 0.409020 0.316608 0.266496 0.300781 0.000000 0.229241 0.800241 0.675291 0.606809 0.717427 0.720047 0.901325 0.919340 0.689927 0.363505 0.333694 0.400336 0.386871 0.349546 0.331821 0.523901 0.529745 0.556481 0.546336 0.632859 0.876321 0.726738 0.725378 0.360285 0.380547 0.458233 0.495128 0.456323 0.635145 0.347612 0.410405 0.875105 0.891355 0.470215 0.535923 0.514058 0.405038 0.434198 0.424062 0.425362 0.376313 0.653645 0.806004 0.446695 0.559657 0.412012 0.401267 0.349242 0.433639 0.533938 0.663826 0.731032 0.893127 0.867741 0.777149 0.963186 0.817268 0.719618 0.751689 0.768226 0.993573 0.693365 0.712183 0.484668 0.675230 0.392056 0.381183 0.665681 0.558051 0.468577 0.500797 0.427865 0.501997 0.733255 0.787643 0.910726 0.801000 0.661985 0.627392 0.436096 0.637097 0.659240 0.957521
0.347752 0.285692 0.540581 0.620579 0.931218 0.740168 0.245838 0.322551 0.793537 0.448836 0.511006 0.428065 0.519552 0.496393 0.500895 0.473564 0.292973 0.267911 0.266209 0.279664 0.750290 0.752092 0.284581 0.764034 0.922544 0.857958 0.897237 0.995044 0.324165 0.277159 0.280794 0.332787 0.229241 0.000000 0.829851 0.772635 0.564982 0.779692 0.749967 0.909651 0.850239 0.725378 0.363979 0.296815 0.430286 0.387099 0.395610 0.298429 0.494462 0.462227 0.538994 0.540852 0.628035 0.856959 0.742147 0.750808 0.317638 0.336280 0.403933 0.467079 0.494220 0.681135 0.330651 0.373482 0.967461 0.985226 0.545525 0.577754 0.502200 0.351548 0.469828 0.451656 0.493837 0.455850 0.725794 0.764316 0.453463 0.498937 0.408725 0.359313 0.345066 0.432878 0.533951 0.608709 0.782581 0.938053 0.749222 0.830216 0.932983 0.853065 0.726026 0.691200 0.814868 0.990018 0.565536 0.703797 0.531342 0.663488 0.370355 0.351043 0.719563 0.556333 0.403603 0.454270 0.467518 0.482045 0.755069 0.807903 0.898240 0.782239 0.685468 0.600110 0.443176 0.582803 0.708605 0.948157
0.999748 0.966667 0.551937 0.537982 0.980318 0.998616 0.713530 0.821246 0.841317 0.781604 0.936521 0.941826 0.858492 0.965142 0.950404 0.986439 0.959359 0.851251 0.983366 0.955035 0.728167 0.882820 0.829534 0.711523 0.476457 0.458890 0.850808 0.841034 0.958998 0.968979 0.702285 0.770149 0.800241 0.829851 0.000000 0.734774 0.750940 0.722216 0.570914 0.820836 0.946574 0.974522 0.671832 0.712901 0.662991 0.753355 0.763078 0.691121 0.953615 0.917958 0.851569 0.881209 0.892677 0.913068 0.837915 0.849201 0.888898 0.952769 0.972749 0.939047 0.879286 0.773772 0.972168 0.975286 0.560746 0.524759 0.455373 0.396104 0.988068 0.887299 0.787341 0.737844 0.748119 0.744751 0.971904 0.991235 0.865828 0.871762 0.946448 0.895137 0.939371 0.870638 0.816358 0.875559 0.752871 0.605057 0.839337 0.922366 0.879135 0.717563 0.782142 0.937249 0.713139 0.686927 0.817741 0.852503 0.684431 0.920232 0.887231 0.852670 0.873532 0.911156 0.978976 0.944402 0.680089 0.806439 0.856758 0.851638 0.887164 0.997727 0.778597 0.830953 0.969675 0.835582 0.938414 0.908224
0.929159 0.791571 0.662982 0.612183 0.894574 0.967912 0.605023 0.666259 0.857560 0.851579 0.879641 0.986269 0.965606 0.959459 0.991243 0.981872 0.822470 0.835725 0.785251 0.815134 0.886689 0.797317 0.831040 0.881218 0.831239 0.830720 0.947840 0.980735 0.940756 0.887135 0.760774 0.790578 0.675291 0.772635 0.734774 0.000000 0.712304 0.547690 0.870362 0.896667 0.990148 0.837756 0.648094 0.684663 0.580864 0.699879 0.648490 0.722073 0.786772 0.791574 0.793383 0.828418 0.838137 0.920394 0.910346 0.941573 0.782762 0.825336 0.813128 0.883892 0.899829 0.798118 0.874188 0.897623 0.797520 0.760984 0.482417 0.605495 0.880642 0.850173 0.628193 0.730463 0.911228 0.839831 0.856664 0.794093 0.701576 0.773037 0.832849 0.970920 0.837735 0.899318 0.919489 0.984714 0.966610 0.883908 0.971144 0.860382 0.933188 0.840187 0.604077 0.687022 0.584101 0.596734 0.941006 0.720674 0.708113 0.638874 0.646192 0.543804 0.716524 0.707458 0.792985 0.680834 0.753230 0.808597 0.891112 0.669799 0.814114 0.990844 0.727566 0.735501 0.718653 0.679913 0.700032 0.822119
0.591792 0.627112 0.677553 0.709325 0.845590 0.981639 0.591385 0.655333 0.786159 0.845126 0.681559 0.715030 0.722908 0.751276 0.769145 0.808263 0.706653 0.637774 0.684532 0.674862 0.861967 0.851853 0.644563 0.892884 0.903305 0.862137 0.846830 0.905452 0.626656 0.630902 0.620083 0.607413 0.606809 0.564982 0.750940 0.712304 0.000000 0.662360 0.720800 0.858941 0.705634 0.826341 0.734112 0.619403 0.684248 0.664287 0.615681 0.560412 0.789665 0.749765 0.762113 0.790744 0.843078 0.931930 0.771435 0.790767 0.681046 0.706959 0.693072 0.705024 0.599137 0.629236 0.662734 0.697458 0.813764 0.832827 0.660949 0.656694 0.662787 0.630237 0.718622 0.816040 0.794407 0.639982 0.923816 0.955681 0.716454 0.767374 0.728040 0.705627 0.690650 0.647707 0.790446 0.862155 0.778331 0.850480 0.994506 0.900115 0.821553 0.722403 0.960088 0.900525 0.976530 0.930447 0.791701 0.775112 0.783224 0.857868 0.684465 0.697150 0.979609 0.798159 0.613726 0.694250 0.733255 0.769312 0.915604 0.885166 0.892201 0.742273 0.702252 0.658258 0.733018 0.763329 0.715874 0.844010
0.793259 0.767352 0.716430 0.798498 0.961624 0.924879 0.746315 0.861821 0.925817 0.972612 0.858650 0.917126 0.972809 0.978145 0.919631 0.984140 0.786018 0.772332 0.838045 0.816318 0.887959 0.682966 0.848041 0.999609 0.766455 0.802321 0.922581 0.996856 0.855471 0.819119 0.743318 0.875391 0.717427 0.779692 0.722216 0.547690 0.662360 0.000000 0.737084 0.922979 0.910293 0.828815 0.757129 0.709950 0.686230 0.742560 0.735262 0.674619 0.883827 0.768648 0.755431 0.770856 0.772413 0.872175 0.874319 0.864556 0.762864 0.821390 0.817467 0.813684 0.747901 0.763732 0.796465 0.835403 0.783759 0.774484 0.596370 0.639813 0.778399 0.792893 0.693501 0.758419 0.753757 0.716574 0.853808 0.990852 0.908555 0.861128 0.875045 0.858484 0.782782 0.813480 0.862355 0.990319 0.844372 0.839358 0.971064 0.763356 0.990370 0.835674 0.928446 0.910779 0.872617 0.819967 0.927320 0.766990 0.802998 0.829504 0.828009 0.743604 0.827503 0.792085 0.747158 0.760120 0.800359 0.862803 0.856514 0.827683 0.908552 0.959633 0.775552 0.774964 0.864377 0.669428 0.794617 0.890695
