0.000000 0.446286 0.934963 0.815130 0.907925 0.750084 0.751288 0.763705 0.888321 0.889374 0.646484 0.682175 0.603109 0.610190 0.730397 0.803870 0.537300 0.508340 0.525993 0.620081 0.983443 0.995416 0.900064 0.868354 0.995156 0.983769 0.936579 0.941766 0.675187 0.700926 0.953705 0.800399 0.671216 0.739924 0.901005 0.837450 0.950079 0.918788 0.952508 0.987169 0.866163 0.914403 0.852269 0.786698 0.822127 0.761344 0.569792 0.615738 0.774380 0.645072 0.738861 0.680619 0.989585 0.936748 0.749127 0.613756 0.433002 0.418951 0.400774 0.366985 0.547565 0.739694 0.615513 0.618962 0.996523 0.844791 0.914282 0.949479 0.710011 0.659401 0.982453 0.972967 0.792783 0.838213 0.974369 0.973842 0.802253 0.940086 0.712122 0.693618 0.539815 0.576612 0.811278 0.641566 0.794256 0.783812 0.930820 0.901357 0.762184 0.609404 0.960157 0.975105 0.946485 0.943552 0.957205 0.761786 0.746991 0.835655 0.647580 0.665632 0.893758 0.732080 0.849954 0.757419 0.753064 0.735100 0.881807 0.729017 0.887214 0.818744 0.861465 0.688162 0.749800 0.842183 0.730441 0.875025
0.446286 0.000000 0.738146 0.577975 0.928307 0.728314 0.578376 0.610540 0.963551 0.935353 0.728814 0.658690 0.792690 0.574298 0.918999 0.773940 0.613507 0.550512 0.553635 0.470360 0.738385 0.837135 0.779449 0.637061 0.791995 0.794373 0.992957 0.971490 0.757027 0.644115 0.652638 0.499007 0.516616 0.538288 0.913120 0.989817 0.857489 0.808431 0.896088 0.771424 0.850835 0.860499 0.546889 0.519853 0.711923 0.678516 0.524604 0.506679 0.815383 0.583200 0.563839 0.527798 0.793602 0.934544 0.731326 0.546113 0.443793 0.433178 0.496353 0.394358 0.539063 0.583899 0.755594 0.668745 0.859338 0.613403 0.707410 0.658939 0.806059 0.678024 0.734751 0.756797 0.633210 0.646051 0.846903 0.947323 0.721812 0.746893 0.725225 0.631462 0.557173 0.606212 0.718027 0.689011 0.760443 0.569498 0.986851 0.889174 0.775849 0.514703 0.866537 0.933056 0.840313 0.893098 0.999779 0.865209 0.736852 0.919745 0.647710 0.699137 0.844394 0.796000 0.794975 0.841345 0.665683 0.638407 0.888224 0.827527 0.847343 0.801549 0.759075 0.789968 0.757612 0.760783 0.661017 0.944122
0.934963 0.738146 0.000000 0.296124 0.899642 0.823063 0.559174 0.714393 0.855086 0.849364 0.625224 0.854287 0.946454 0.921423 0.942853 0.959631 0.763242 0.801652 0.782953 0.649738 0.462710 0.817160 0.450623 0.446114 0.327979 0.293281 0.912049 0.828688 0.687295 0.788644 0.403312 0.579880 0.586178 0.617075 0.580918 0.757451 0.487105 0.736451 0.611025 0.637595 0.783517 0.947700 0.578342 0.733025 0.972548 0.886696 0.637892 0.687374 0.617205 0.925395 0.990156 0.959714 0.952453 0.946883 0.869210 0.986028 0.970176 0.994879 0.929348 0.756439 0.786673 0.805405 0.584686 0.643941 0.298558 0.325209 0.419323 0.452002 0.804363 0.785695 0.431682 0.533398 0.642037 0.698893 0.848430 0.879781 0.754043 0.613634 0.778910 0.725568 0.894916 0.926973 0.999529 0.862307 0.642089 0.557947 0.921958 0.715104 0.798877 0.868350 0.676811 0.762294 0.622754 0.652699 0.855442 0.751177 0.814079 0.929628 0.858283 0.785954 0.827222 0.880885 0.997329 0.910410 0.708865 0.593046 0.783217 0.886450 0.915562 0.880754 0.678014 0.877158 0.885411 0.876959 0.830664 0.882967
0.815130 0.577975 0.296124 0.000000 0.984489 0.688078 0.450861 0.511874 0.854106 0.998210 0.777553 0.848870 0.988936 0.825430 0.913842 0.841241 0.914657 0.959266 0.659934 0.483689 0.477327 0.852920 0.462379 0.373140 0.419342 0.340999 0.972556 0.872423 0.805765 0.959617 0.340360 0.480095 0.524938 0.490714 0.642199 0.765250 0.587687 0.652715 0.672278 0.702816 0.806081 0.902337 0.527774 0.675414 0.919347 0.981168 0.491632 0.582726 0.693816 0.975773 0.834838 0.882165 0.955445 0.914517 0.823525 0.883005 0.907654 0.926137 0.844037 0.672089 0.680415 0.554223 0.752104 0.846269 0.451812 0.234125 0.386619 0.407973 0.836294 0.737042 0.407621 0.492494 0.545650 0.639046 0.769853 0.757041 0.684581 0.556340 0.834933 0.677822 0.997306 0.797215 0.948871 0.919573 0.699950 0.521362 0.966055 0.848945 0.772227 0.806347 0.594175 0.808506 0.557650 0.729852 0.801967 0.660806 0.689193 0.866987 0.707019 0.709981 0.673790 0.792726 0.887387 0.998433 0.606298 0.600716 0.794915 0.889846 0.802774 0.805697 0.653013 0.812258 0.848094 0.830828 0.727230 0.883965
0.907925 0.928307 0.899642 0.984489 0.000000 0.939319 0.973050 0.997082 0.828732 0.848418 0.979445 0.907547 0.540824 0.804458 0.544985 0.509019 0.834992 0.756845 0.754915 0.943615 0.912667 0.931944 0.618909 0.781624 0.888339 0.985471 0.694147 0.939337 0.727858 0.732005 0.973456 0.985598 0.808337 0.980497 0.973455 0.868649 0.875251 0.909356 0.993970 0.748382 0.974709 0.944514 0.962723 0.978804 0.877409 0.904644 0.904136 0.938985 0.656305 0.909446 0.969831 0.980977 0.982859 0.794991 0.746760 0.936752 0.930114 0.816879 0.975239 0.952545 0.766610 0.999990 0.726985 0.753437 0.764879 0.972587 0.879415 0.837924 0.932937 0.770194 0.907814 0.733275 0.850542 0.980969 0.999446 0.964775 0.796674 0.924367 0.892438 0.749460 0.819449 0.772368 0.779172 0.724005 0.625226 0.820545 0.778279 0.931391 0.736868 0.726629 0.840105 0.914029 0.827659 0.928283 0.968901 0.998893 0.856026 0.918897 0.968999 0.888674 0.789453 0.924993 0.970564 0.952682 0.870183 0.990270 0.957462 0.824769 0.962856 0.837856 0.988196 0.918130 0.856336 0.992209 0.733877 0.991761
0.750084 0.728314 0.823063 0.688078 0.939319 0.000000 0.595950 0.522479 0.725650 0.664813 0.778200 0.676118 0.994388 0.792367 0.897963 0.895754 0.934710 0.899434 0.844259 0.688056 0.956360 0.818689 0.973809 0.951180 0.984798 0.864250 0.633521 0.907551 0.851833 0.905385 0.711612 0.798443 0.638039 0.691086 0.818575 0.952892 0.994471 0.999681 0.941143 0.956614 0.747569 0.975753 0.727950 0.725837 0.815621 0.845519 0.769494 0.764792 0.990170 0.837525 0.694011 0.720575 0.766926 0.756270 0.840923 0.768129 0.972166 0.978077 0.820147 0.544313 0.651992 0.534866 0.973330 0.829964 0.951006 0.684800 0.721046 0.649022 0.956684 0.738435 0.729372 0.723821 0.666962 0.791745 0.958980 0.724392 0.725988 0.808869 0.954168 0.857332 0.983164 0.932892 0.887672 0.926166 0.887815 0.983833 0.949218 0.979262 0.974359 0.958234 0.608154 0.754759 0.606580 0.673987 0.954874 0.812672 0.832489 0.623529 0.601102 0.739773 0.566543 0.684166 0.897952 0.756149 0.786128 0.847140 0.828578 0.819897 0.866498 0.881670 0.750396 0.738496 0.790555 0.825559 0.693933 0.961512
0.751288 0.578376 0.559174 0.450861 0.973050 0.595950 0.000000 0.249749 0.555184 0.558020 0.876638 0.632527 0.973023 0.781374 0.810712 0.959939 0.922083 0.840951 0.693564 0.564974 0.732906 0.908546 0.762068 0.774619 0.844319 0.693775 0.608201 0.894592 0.823032 0.720980 0.405728 0.515022 0.446215 0.343654 0.578181 0.820567 0.895020 0.862080 0.858679 0.984182 0.767517 0.992682 0.360425 0.433213 0.464415 0.553096 0.618913 0.528572 0.941706 0.642639 0.488474 0.504282 0.529778 0.522644 0.747882 0.792160 0.872197 0.879684 0.632456 0.517806 0.360330 0.363678 0.918979 0.760590 0.846174 0.483612 0.291102 0.308437 0.988215 0.688554 0.441244 0.494400 0.508356 0.538868 0.881210 0.733456 0.578333 0.604776 0.984324 0.785237 0.962986 0.986046 0.960385 0.822256 0.943416 0.920547 0.995029 0.809711 0.930487 0.884664 0.384588 0.593951 0.431431 0.637162 0.884507 0.724624 0.507637 0.681383 0.352742 0.419734 0.437098 0.516191 0.633562 0.760589 0.454489 0.520733 0.619365 0.678321 0.685320 0.673731 0.571048 0.627587 0.549673 0.676199 0.562333 0.992757
0.763705 0.610540 0.714393 0.511874 0.997082 0.522479 0.249749 0.000000 0.544533 0.422485 0.784508 0.450324 0.979179 0.647616 0.815071 0.926552 0.924810 0.821922 0.745686 0.554829 0.813936 0.929837 0.858276 0.861173 0.971966 0.782494 0.569651 0.838790 0.726389 0.681305 0.473799 0.537900 0.526180 0.395306 0.691738 0.901387 0.960460 0.899538 0.983937 0.938983 0.827650 0.941282 0.449937 0.539347 0.503838 0.571737 0.657195 0.601803 0.907864 0.680835 0.506392 0.517382 0.562071 0.507977 0.821123 0.740528 0.972761 0.960557 0.698806 0.548182 0.370793 0.232824 0.863796 0.651941 0.992462 0.506102 0.404866 0.402976 0.906783 0.718214 0.539630 0.552382 0.530799 0.562494 0.886858 0.688954 0.593242 0.686773 0.959562 0.882233 0.977821 0.997833 0.930266 0.808663 0.861723 0.992051 0.978870 0.842667 0.930397 0.891041 0.381238 0.644969 0.451192 0.671030 0.870538 0.713946 0.572546 0.660113 0.339561 0.442965 0.374973 0.555036 0.713888 0.802143 0.496486 0.637362 0.628422 0.727531 0.701604 0.705104 0.570387 0.622887 0.551291 0.728819 0.566654 0.947770
0.888321 0.963551 0.855086 0.854106 0.828732 0.725650 0.555184 0.544533 0.000000 0.521535 0.788650 0.732922 0.975018 0.947231 0.925608 0.955734 0.918852 0.988619 0.895095 0.954383 0.913995 0.949161 0.958956 0.926959 0.889994 0.930802 0.672271 0.845188 0.774099 0.833273 0.725645 0.859625 0.770311 0.708354 0.738501 0.890942 0.974129 0.916036 0.990918 0.980163 0.715751 0.966200 0.687475 0.724912 0.665911 0.762598 0.980781 0.987770 0.891000 0.903352 0.775971 0.816290 0.637297 0.685616 0.807469 0.956540 0.840008 0.852950 0.978749 0.970363 0.638407 0.573345 0.969839 0.825863 0.985488 0.824393 0.647507 0.667090 0.918960 0.776653 0.719649 0.776298 0.792794 0.811491 0.987498 0.734559 0.814945 0.897137 0.994763 0.947714 0.829664 0.844074 0.905992 0.872103 0.859300 0.855233 0.912889 0.949701 0.982856 0.894776 0.609717 0.651163 0.683882 0.623509 0.932903 0.990225 0.896902 0.744990 0.635962 0.709671 0.633542 0.726769 0.873407 0.967037 0.769623 0.854262 0.779428 0.739852 0.877949 0.956808 0.777368 0.856495 0.799235 0.766095 0.770771 0.899748
0.889374 0.935353 0.849364 0.998210 0.848418 0.664813 0.558020 0.422485 0.521535 0.000000 0.628582 0.432751 0.826859 0.710411 0.951184 0.853058 0.813282 0.709782 0.847831 0.837384 0.844962 0.943734 0.912096 0.738206 0.632237 0.768415 0.542796 0.843021 0.480632 0.549634 0.884919 0.891637 0.787484 0.680885 0.856769 0.972255 0.737050 0.879477 0.709076 0.826463 0.983782 0.943508 0.779000 0.779858 0.471362 0.517766 0.878345 0.800413 0.614594 0.731305 0.650701 0.622229 0.600814 0.619212 0.873945 0.761726 0.890165 0.961326 0.758494 0.785056 0.461326 0.415842 0.591862 0.442594 0.697654 0.993919 0.782558 0.804070 0.816189 0.783565 0.863220 0.900309 0.866623 0.763599 0.959338 0.766139 0.854797 0.946577 0.999172 0.992468 0.930646 0.954173 0.975046 0.885496 0.738834 0.686260 0.913222 0.954707 0.982792 0.964684 0.601726 0.717850 0.736985 0.801913 0.991232 0.835996 0.783449 0.706001 0.466697 0.542254 0.564005 0.653001 0.765464 0.862630 0.756899 0.898668 0.808992 0.860235 0.840209 0.848464 0.742294 0.737327 0.574441 0.758245 0.807470 0.813797
0.646484 0.728814 0.625224 0.777553 0.979445 0.778200 0.876638 0.784508 0.788650 0.628582 0.000000 0.526926 0.783072 0.616033 0.860746 0.934367 0.543569 0.523328 0.856467 0.932857 0.807807 0.903225 0.662525 0.696625 0.530664 0.610822 0.714303 0.748842 0.465217 0.502684 0.876221 0.970927 0.895038 0.888263 0.810796 0.759435 0.749851 0.996252 0.901895 0.909782 0.958585 0.865403 0.942561 0.825193 0.746164 0.691425 0.916989 0.978368 0.601708 0.746897 0.703039 0.673963 0.820459 0.881852 0.802226 0.750129 0.689527 0.680228 0.630304 0.732853 0.647840 0.694509 0.518775 0.424342 0.549288 0.804488 0.869757 0.942258 0.919976 0.861414 0.846526 0.808701 0.827330 0.932700 0.990267 0.918273 0.900521 0.882109 0.687199 0.908295 0.646055 0.751832 0.826862 0.712243 0.836740 0.861187 0.955490 0.676059 0.984528 0.815213 0.938237 0.870227 0.863352 0.852612 0.960019 0.970084 0.953966 0.882796 0.769087 0.905986 0.872382 0.849936 0.856002 0.866854 0.991030 0.981872 0.975798 0.874826 0.835894 0.919023 0.978874 0.862494 0.763371 0.928485 0.848014 0.716358
0.682175 0.658690 0.854287 0.848870 0.907547 0.676118 0.632527 0.450324 0.732922 0.432751 0.526926 0.000000 0.656903 0.343930 0.851983 0.660604 0.681514 0.536479 0.688419 0.636930 0.999057 0.897648 0.969370 0.951786 0.766448 0.842209 0.706498 0.802884 0.438276 0.409222 0.846242 0.725424 0.690413 0.627453 0.842298 0.876944 0.735801 0.993908 0.889930 0.894682 0.934144 0.883410 0.802469 0.773725 0.639535 0.636730 0.685090 0.747250 0.694982 0.667490 0.603530 0.560994 0.721397 0.708764 0.813149 0.662626 0.845509 0.806299 0.676520 0.702036 0.482249 0.341325 0.515379 0.378949 0.710350 0.808510 0.912039 0.857213 0.771675 0.803935 0.984939 0.969009 0.657329 0.762327 0.924771 0.833314 0.732141 0.864886 0.843515 0.842816 0.732863 0.717918 0.800915 0.776808 0.938758 0.966123 0.934392 0.796962 0.894002 0.837234 0.815056 0.960847 0.913710 0.913172 0.999952 0.793373 0.838116 0.783125 0.594230 0.667636 0.639942 0.759138 0.863171 0.825780 0.736913 0.890566 0.889294 0.952016 0.865777 0.862020 0.917801 0.718230 0.713955 0.850515 0.802033 0.866241
0.603109 0.792690 0.946454 0.988936 0.540824 0.994388 0.973023 0.979179 0.975018 0.826859 0.783072 0.656903 0.000000 0.511183 0.360952 0.412655 0.681029 0.634030 0.642773 0.823695 0.977543 0.900818 0.648757 0.844470 0.939632 0.862709 0.826278 0.920844 0.582868 0.620897 0.900570 0.950263 0.898908 0.988849 0.713174 0.711151 0.933268 0.850503 0.964286 0.910336 0.812154 0.902452 0.961348 0.910266 0.949554 0.933194 0.765111 0.793778 0.665462 0.868720 0.998399 0.945614 0.866795 0.737121 0.836051 0.843360 0.776756 0.668087 0.753817 0.855312 0.690165 0.889796 0.597363 0.612104 0.904956 0.988114 0.757684 0.700376 0.939883 0.753048 0.795934 0.699041 0.913172 0.909846 0.924899 0.948162 0.901845 0.941204 0.883092 0.740465 0.762147 0.636436 0.713646 0.649461 0.694609 0.822212 0.976165 0.956266 0.852739 0.776943 0.831909 0.886924 0.802643 0.809413 0.964974 0.836006 0.886986 0.914297 0.899532 0.792134 0.852648 0.937634 0.928874 0.936758 0.917754 0.931952 0.948010 0.927778 0.998724 0.906608 0.942466 0.866354 0.961613 0.950707 0.952922 0.943842
0.610190 0.574298 0.921423 0.825430 0.804458 0.792367 0.781374 0.647616 0.947231 0.710411 0.616033 0.343930 0.511183 0.000000 0.735125 0.491947 0.593589 0.516404 0.558731 0.599316 0.981027 0.954219 0.770499 0.729693 0.890474 0.884848 0.894150 0.958546 0.493470 0.376309 0.816951 0.653215 0.676540 0.720886 0.766994 0.774871 0.975838 0.948700 0.954096 0.954818 0.909562 0.870195 0.790069 0.760414 0.714291 0.676646 0.635108 0.699661 0.671657 0.594955 0.613425 0.586616 0.801229 0.824172 0.701299 0.648182 0.682914 0.681152 0.650653 0.714891 0.602348 0.561771 0.553324 0.441118 0.845025 0.830483 0.962172 0.969542 0.790131 0.878449 0.932535 0.992575 0.678570 0.784246 0.924464 0.808612 0.774339 0.789397 0.772316 0.694015 0.663837 0.587582 0.632653 0.639163 0.889950 0.773040 0.927568 0.774079 0.861608 0.724344 0.961261 0.772003 0.898451 0.727298 0.927223 0.848165 0.919831 0.993711 0.743142 0.812564 0.827511 0.919976 0.918477 0.865420 0.850990 0.952869 0.977421 0.906064 0.843280 0.899625 0.994906 0.830122 0.873108 0.879594 0.874933 0.876237
0.730397 0.918999 0.942853 0.913842 0.544985 0.897963 0.810712 0.815071 0.925608 0.951184 0.860746 0.851983 0.360952 0.735125 0.000000 0.460215 0.718406 0.685383 0.749280 0.906753 0.828745 0.976303 0.631698 0.840055 0.948927 0.923001 0.658416 0.860132 0.697915 0.751426 0.869325 0.917458 0.919730 0.893486 0.754690 0.837729 0.939170 0.865406 0.907728 0.792217 0.910687 0.894475 0.831913 0.825493 0.892575 0.889384 0.880591 0.925044 0.797326 0.972067 0.825435 0.849132 0.766154 0.606959 0.819319 0.901483 0.779266 0.705539 0.825641 0.984633 0.884325 0.925063 0.750378 0.787876 0.807814 0.944268 0.705885 0.657532 0.844311 0.760107 0.844505 0.717766 0.800283 0.903786 0.888835 0.981117 0.854328 0.900568 0.994566 0.726670 0.735365 0.614091 0.644078 0.625968 0.587538 0.756492 0.816409 0.867793 0.725283 0.808775 0.776063 0.799398 0.730239 0.809277 0.919234 0.857535 0.883182 0.889390 0.940802 0.993274 0.719222 0.985841 0.844617 0.985135 0.873179 0.999478 0.929888 0.801002 0.877613 0.850141 0.833999 0.964150 0.975797 0.971394 0.874193 0.962342
0.803870 0.773940 0.959631 0.841241 0.509019 0.895754 0.959939 0.926552 0.955734 0.853058 0.934367 0.660604 0.412655 0.491947 0.460215 0.000000 0.770752 0.709843 0.676306 0.747629 0.879242 0.953383 0.479544 0.606219 0.944347 0.978404 0.803101 0.880838 0.721630 0.642962 0.916035 0.906557 0.753694 0.941026 0.801330 0.807215 0.807500 0.968214 0.969792 0.788924 0.953297 0.884279 0.924573 0.910982 0.912473 0.920509 0.694375 0.786875 0.726574 0.828191 0.918520 0.857799 0.996638 0.886293 0.769303 0.914059 0.832160 0.779624 0.842668 0.917163 0.784657 0.845473 0.737267 0.704338 0.821103 0.862802 0.872388 0.869669 0.943525 0.830900 0.941916 0.912937 0.975995 0.968707 0.918986 0.890228 0.967141 0.838861 0.890934 0.686337 0.855126 0.678563 0.673449 0.685289 0.671998 0.707779 0.936179 0.821200 0.747420 0.815642 0.933197 0.872876 0.875349 0.843714 0.892799 0.889217 0.893660 0.939402 0.974548 0.841765 0.914039 0.995354 0.974927 0.955977 0.999705 0.996489 0.993317 0.832075 0.932584 0.917004 0.941765 0.867099 0.959848 0.947701 0.929146 0.961907
0.537300 0.613507 0.763242 0.914657 0.834992 0.934710 0.922083 0.924810 0.918852 0.813282 0.543569 0.681514 0.681029 0.593589 0.718406 0.770752 0.000000 0.332445 0.609610 0.750302 0.892283 0.986017 0.928327 0.997624 0.770930 0.712701 0.970216 0.947885 0.549275 0.452990 0.957615 0.925810 0.785272 0.869871 0.874386 0.832351 0.899639 0.969226 0.839336 0.991901 0.956747 0.807953 0.894023 0.776658 0.697903 0.634064 0.751194 0.754277 0.517281 0.543990 0.647330 0.640830 0.820222 0.988492 0.585183 0.587112 0.472597 0.421331 0.558505 0.704438 0.704384 0.864261 0.401077 0.423120 0.763573 0.825772 0.866983 0.917800 0.881266 0.738338 0.879624 0.793178 0.965303 0.869341 0.935014 0.978189 0.966639 0.956222 0.648811 0.638449 0.401027 0.509900 0.600034 0.528575 0.882432 0.904131 0.972658 0.662835 0.858604 0.579981 0.837240 0.675940 0.729614 0.605085 0.936471 0.989936 0.832294 0.934135 0.829504 0.915260 0.930332 0.930210 0.952761 0.807680 0.976939 0.990296 0.937822 0.975894 0.808124 0.859438 0.926128 0.976123 0.870249 0.875931 0.939064 0.887954
0.508340 0.550512 0.801652 0.959266 0.756845 0.899434 0.840951 0.821922 0.988619 0.709782 0.523328 0.536479 0.634030 0.516404 0.685383 0.709843 0.332445 0.000000 0.543486 0.732530 0.946401 0.981064 0.948312 0.973694 0.788596 0.720472 0.971374 0.976857 0.432064 0.383677 0.974028 0.800640 0.659657 0.779381 0.892526 0.800221 0.827265 0.936906 0.840681 0.981515 0.952656 0.821030 0.807247 0.698178 0.627262 0.562074 0.654615 0.702942 0.483300 0.519124 0.594996 0.584058 0.806323 0.984843 0.554539 0.509310 0.451504 0.394755 0.456558 0.650465 0.580518 0.740821 0.337118 0.337514 0.778081 0.888456 0.907513 0.998994 0.906141 0.784368 0.882600 0.821585 0.938301 0.860237 0.991715 0.932497 0.957788 0.931844 0.587708 0.588806 0.361752 0.445915 0.610124 0.444950 0.831461 0.852343 0.960481 0.645708 0.811814 0.567613 0.841031 0.718576 0.754061 0.639510 0.929953 0.832953 0.808758 0.941708 0.726309 0.825277 0.990373 0.869123 0.849856 0.705501 0.862784 0.898648 0.986354 0.997505 0.902887 0.860079 0.970585 0.913810 0.704576 0.824928 0.897968 0.913637
0.525993 0.553635 0.782953 0.659934 0.754915 0.844259 0.693564 0.745686 0.895095 0.847831 0.856467 0.688419 0.642773 0.558731 0.749280 0.676306 0.609610 0.543486 0.000000 0.555359 0.884759 0.914793 0.686436 0.667926 0.866349 0.961429 0.981689 0.905356 0.723749 0.653103 0.781053 0.713817 0.613497 0.641197 0.991476 0.940108 0.884834 0.898544 0.948067 0.825565 0.872497 0.982131 0.833931 0.835573 0.729071 0.739295 0.556467 0.571783 0.775552 0.632386 0.746064 0.754600 0.894531 0.948407 0.722793 0.629018 0.616737 0.522854 0.542910 0.553852 0.601203 0.781670 0.632485 0.667805 0.869827 0.806339 0.834253 0.869120 0.821647 0.821033 0.819953 0.948195 0.749594 0.755279 0.984958 0.860196 0.885712 0.715367 0.921544 0.669836 0.653990 0.540523 0.769789 0.685945 0.781933 0.770946 0.978592 0.962853 0.816004 0.683990 0.939259 0.934621 0.957974 0.950637 0.975842 0.790572 0.724851 0.993790 0.713213 0.746222 0.875982 0.850212 0.815289 0.770731 0.911081 0.784872 0.952327 0.956827 0.756311 0.867458 0.905564 0.766745 0.737029 0.762711 0.964169 0.983314
0.620081 0.470360 0.649738 0.483689 0.943615 0.688056 0.564974 0.554829 0.954383 0.837384 0.932857 0.636930 0.823695 0.599316 0.906753 0.747629 0.750302 0.732530 0.555359 0.000000 0.704000 0.827504 0.622105 0.558402 0.737816 0.737200 0.914125 0.843279 0.818990 0.751955 0.611185 0.562722 0.553222 0.532789 0.843012 0.945743 0.828888 0.843965 0.822927 0.874848 0.740045 0.977763 0.676417 0.700602 0.792866 0.798231 0.574353 0.484276 0.999408 0.686737 0.719187 0.722635 0.856716 0.853089 0.647162 0.606147 0.740414 0.695624 0.712592 0.510834 0.608115 0.553363 0.859406 0.809601 0.791665 0.533993 0.650319 0.648769 0.877712 0.640877 0.704912 0.722372 0.581453 0.625714 0.723075 0.836500 0.763333 0.743171 0.997992 0.747392 0.726777 0.624406 0.734007 0.810123 0.769320 0.641152 0.977648 0.984092 0.775828 0.629446 0.700812 0.970900 0.698650 0.976454 0.966816 0.701981 0.694773 0.830082 0.640815 0.687889 0.789997 0.797081 0.826491 0.938214 0.683182 0.760850 0.851067 0.955926 0.801897 0.756418 0.763451 0.832774 0.783969 0.752775 0.763783 0.908440
0.983443 0.738385 0.462710 0.477327 0.912667 0.956360 0.732906 0.813936 0.913995 0.844962 0.807807 0.999057 0.977543 0.981027 0.828745 0.879242 0.892283 0.946401 0.884759 0.704000 0.000000 0.796484 0.526849 0.502013 0.469675 0.484410 0.808150 0.900107 0.848382 0.963864 0.499096 0.607199 0.669469 0.627056 0.780970 0.819975 0.752461 0.858649 0.825074 0.673257 0.807759 0.786472 0.698230 0.804389 0.916449 0.844976 0.759664 0.818934 0.705559 0.917250 0.978373 0.920172 0.917470 0.921169 0.879323 0.995955 0.914692 0.968274 0.973834 0.936601 0.922104 0.838754 0.696714 0.783224 0.487000 0.467516 0.621122 0.650296 0.845698 0.762841 0.629637 0.680566 0.716344 0.774628 0.807949 0.843682 0.892803 0.777997 0.869540 0.787007 0.975609 0.786295 0.838970 0.977865 0.676997 0.568461 0.658606 0.899782 0.854224 0.883322 0.837324 0.936754 0.833310 0.860276 0.712062 0.831798 0.890869 0.934001 0.961995 0.917114 0.993217 0.853187 0.866570 0.869055 0.673491 0.744011 0.892117 0.923329 0.984491 0.986554 0.863291 0.991458 0.859168 0.975208 0.842486 0.987611
0.995416 0.837135 0.817160 0.852920 0.931944 0.818689 0.908546 0.929837 0.949161 0.943734 0.903225 0.897648 0.900818 0.954219 0.976303 0.953383 0.986017 0.981064 0.914793 0.827504 0.796484 0.000000 0.892930 0.897815 0.909426 0.904406 0.969841 0.841887 0.956299 0.880988 0.866560 0.931226 0.896661 0.942430 0.940012 0.983507 0.932518 0.955536 0.997500 0.799253 0.906766 0.945156 0.896231 0.865526 0.966945 0.989806 0.960279 0.799896 0.950834 0.888955 0.952795 0.964439 0.856339 0.866305 0.915913 0.885406 0.984301 0.951931 0.905844 0.896799 0.952520 0.975822 0.819577 0.909529 0.923165 0.916736 0.841804 0.924351 0.832234 0.880629 0.870162 0.800311 0.963298 0.942506 0.858101 0.789800 0.954782 0.912743 0.978651 0.989256 0.932602 0.967620 0.915957 0.995129 0.971147 0.937924 0.964522 0.924037 0.961566 0.931363 0.791023 0.919406 0.828160 0.831532 0.869685 0.927101 0.872093 0.947043 0.902286 0.946931 0.921818 0.880515 0.995782 0.867730 0.860310 0.781008 0.868860 0.919281 0.928487 0.983914 0.873908 0.992683 0.991045 0.727834 0.785331 0.947671
0.900064 0.779449 0.450623 0.462379 0.618909 0.973809 0.762068 0.858276 0.958956 0.912096 0.662525 0.969370 0.648757 0.770499 0.631698 0.479544 0.928327 0.948312 0.686436 0.622105 0.526849 0.892930 0.000000 0.322896 0.424438 0.498457 0.699417 0.799150 0.939532 0.955723 0.534040 0.661686 0.599151 0.738641 0.838773 0.890402 0.500963 0.808805 0.726209 0.637817 0.896340 0.867427 0.735026 0.860608 0.979551 0.932304 0.624413 0.667646 0.914204 0.963548 0.976008 0.968142 0.925434 0.851721 0.782273 0.967506 0.948660 0.951790 0.968201 0.911099 0.796370 0.871168 0.835695 0.867679 0.354637 0.497693 0.730304 0.787170 0.917063 0.785060 0.694228 0.748275 0.816203 0.775482 0.731108 0.846556 0.913958 0.589017 0.846800 0.675974 0.999957 0.770298 0.756415 0.910521 0.474378 0.471766 0.838270 0.893412 0.747955 0.820404 0.869176 0.943936 0.827630 0.903707 0.786033 0.754413 0.934367 0.951985 0.910686 0.782001 0.983317 0.952248 0.996215 0.928231 0.802601 0.740164 0.897000 0.902105 0.961899 0.981620 0.914229 0.984900 0.961033 0.901475 0.956731 0.906865
0.868354 0.637061 0.446114 0.373140 0.781624 0.951180 0.774619 0.861173 0.926959 0.738206 0.696625 0.951786 0.844470 0.729693 0.840055 0.606219 0.997624 0.973694 0.667926 0.558402 0.502013 0.897815 0.322896 0.000000 0.379409 0.473915 0.679308 0.814757 0.795732 0.978515 0.521248 0.530389 0.601804 0.704102 0.838664 0.895552 0.565407 0.727150 0.616059 0.647348 0.884119 0.913154 0.690809 0.777472 0.936829 0.883441 0.607930 0.700031 0.785199 0.959012 0.947816 0.979471 0.952121 0.900846 0.792141 0.898508 0.806260 0.870028 0.977894 0.870915 0.922155 0.870906 0.815485 0.837401 0.437723 0.436342 0.722104 0.710762 0.883600 0.873073 0.731314 0.745009 0.733475 0.801013 0.765992 0.891246 0.899053 0.645109 0.986193 0.602814 0.926980 0.683047 0.753658 0.823489 0.524338 0.380542 0.861376 0.960874 0.759072 0.709729 0.964820 0.914812 0.913929 0.954512 0.863757 0.856849 0.879335 0.935807 0.979382 0.921509 0.956425 0.955822 0.977381 0.914272 0.857699 0.822062 0.986450 0.898091 0.941142 0.989537 0.914932 0.979965 0.954506 0.990968 0.961206 0.911337
0.995156 0.791995 0.327979 0.419342 0.888339 0.984798 0.844319 0.971966 0.889994 0.632237 0.530664 0.766448 0.939632 0.890474 0.948927 0.944347 0.770930 0.788596 0.866349 0.737816 0.469675 0.909426 0.424438 0.379409 0.000000 0.307039 0.621809 0.827773 0.626411 0.747142 0.522290 0.659986 0.661666 0.747976 0.708251 0.720031 0.516582 0.702231 0.581538 0.602541 0.835363 0.970427 0.786977 0.937388 0.807788 0.708228 0.692376 0.819196 0.598645 0.815764 0.828064 0.775412 0.727207 0.700816 0.904723 0.990767 0.935501 0.993227 0.961131 0.934007 0.983315 0.985760 0.593850 0.568897 0.287085 0.420529 0.655641 0.651132 0.737087 0.839551 0.623661 0.687936 0.794367 0.754367 0.753035 0.933094 0.917910 0.674601 0.797959 0.705138 0.972685 0.818394 0.837885 0.965638 0.428084 0.376378 0.831415 0.914449 0.785974 0.752665 0.957463 0.959380 0.820549 0.928026 0.871214 0.790426 0.936517 0.912381 0.914889 0.982258 0.923385 0.861043 0.917385 0.864518 0.852844 0.766107 0.926843 0.908910 0.927858 0.950789 0.957680 0.854799 0.920659 0.956434 0.974860 0.852489
0.983769 0.794373 0.293281 0.340999 0.985471 0.864250 0.693775 0.782494 0.930802 0.768415 0.610822 0.842209 0.862709 0.884848 0.923001 0.978404 0.712701 0.720472 0.961429 0.737200 0.484410 0.904406 0.498457 0.473915 0.307039 0.000000 0.852933 0.874623 0.631684 0.720427 0.391874 0.585070 0.652842 0.687452 0.638303 0.676403 0.511590 0.646573 0.599790 0.608469 0.770718 0.969367 0.644732 0.819357 0.869669 0.782434 0.665015 0.825730 0.557938 0.803960 0.953076 0.869676 0.868164 0.879782 0.950395 0.945517 0.954981 0.893102 0.968699 0.890610 0.884564 0.795907 0.496752 0.557092 0.331507 0.309482 0.495353 0.500668 0.870274 0.887746 0.433507 0.505437 0.709385 0.673125 0.796133 0.855410 0.823848 0.688013 0.681080 0.730115 0.920257 0.926728 0.971850 0.876033 0.596454 0.502748 0.824039 0.871880 0.801295 0.892528 0.716433 0.818480 0.638637 0.722124 0.833955 0.811755 0.898758 0.989821 0.931194 0.897329 0.844144 0.965366 0.998511 0.827603 0.740124 0.663131 0.791319 0.947708 0.984236 0.922422 0.773769 0.996417 0.979073 0.953015 0.838916 0.792497
0.936579 0.992957 0.912049 0.972556 0.694147 0.633521 0.608201 0.569651 0.672271 0.542796 0.714303 0.706498 0.826278 0.894150 0.658416 0.803101 0.970216 0.971374 0.981689 0.914125 0.808150 0.969841 0.699417 0.679308 0.621809 0.852933 0.000000 0.772678 0.793750 0.794195 0.854830 0.876947 0.896416 0.696860 0.952298 0.964408 0.759407 0.946417 0.864145 0.658927 0.955804 0.987502 0.800483 0.702540 0.594319 0.603575 0.994031 0.904183 0.910150 0.732310 0.619833 0.607166 0.595629 0.439969 0.962955 0.901945 0.891075 0.897382 0.788079 0.755592 0.660003 0.639090 0.880122 0.754339 0.605097 0.985976 0.709077 0.679700 0.721960 0.996068 0.864448 0.768255 0.730320 0.817875 0.848180 0.822044 0.694301 0.887466 0.986239 0.882625 0.871100 0.780532 0.798780 0.734877 0.457483 0.539684 0.856681 0.884898 0.784451 0.790702 0.576580 0.653087 0.654234 0.706630 0.877833 0.944232 0.759706 0.688408 0.574315 0.669734 0.523655 0.661722 0.713621 0.794476 0.797366 0.938312 0.845053 0.665689 0.753526 0.886396 0.795719 0.659497 0.724316 0.768487 0.743195 0.890110
0.941766 0.971490 0.828688 0.872423 0.939337 0.907551 0.894592 0.838790 0.845188 0.843021 0.748842 0.802884 0.920844 0.958546 0.860132 0.880838 0.947885 0.976857 0.905356 0.843279 0.900107 0.841887 0.799150 0.814757 0.827773 0.874623 0.772678 0.000000 0.899176 0.874608 0.995095 0.934172 0.959906 0.899751 0.928313 0.856754 0.769163 0.884373 0.875869 0.756375 0.871162 0.921815 0.995005 0.920588 0.830288 0.847498 0.926838 0.890777 0.878526 0.892999 0.849724 0.817762 0.845047 0.767651 0.959802 0.865009 0.960604 0.975404 0.938464 0.966955 0.822750 0.837835 0.887759 0.797504 0.747989 0.925673 0.925923 0.974036 0.869997 0.899180 0.912434 0.929893 0.939275 0.992229 0.935598 0.940592 0.881635 0.984641 0.805864 0.766492 0.956793 0.848571 0.889754 0.943032 0.804586 0.822650 0.970924 0.930832 0.878758 0.800232 0.852404 0.829773 0.877172 0.924487 0.912245 0.975268 0.979539 0.815038 0.835317 0.891134 0.776687 0.889807 0.824884 0.924920 0.861563 0.829183 0.947209 0.720329 0.894545 0.894943 0.909745 0.915846 0.862475 0.955566 0.820829 0.943713
0.675187 0.757027 0.687295 0.805765 0.727858 0.851833 0.823032 0.726389 0.774099 0.480632 0.465217 0.438276 0.582868 0.493470 0.697915 0.721630 0.549275 0.432064 0.723749 0.818990 0.848382 0.956299 0.939532 0.795732 0.626411 0.631684 0.793750 0.899176 0.000000 0.341987 0.950353 0.912956 0.753573 0.829889 0.856720 0.755394 0.726832 0.828790 0.801280 0.841127 0.956057 0.928180 0.896986 0.813387 0.539165 0.509215 0.830032 0.819481 0.425451 0.568260 0.645275 0.602795 0.726362 0.843618 0.730396 0.558857 0.753774 0.701681 0.631129 0.724828 0.516680 0.664038 0.362072 0.313159 0.662611 0.833695 0.875562 0.928976 0.818309 0.789877 0.842333 0.829377 0.862080 0.777835 0.950286 0.925223 0.858307 0.922935 0.727867 0.819203 0.631230 0.724348 0.703806 0.636587 0.984107 0.932251 0.944487 0.814641 0.973776 0.771879 0.975973 0.885947 0.873989 0.817682 0.991094 0.925456 0.952652 0.905902 0.656830 0.739993 0.881658 0.809696 0.801830 0.826273 0.836177 0.992672 0.930691 0.998339 0.965588 0.872221 0.912379 0.836448 0.714074 0.745074 0.867357 0.806566
0.700926 0.644115 0.788644 0.959617 0.732005 0.905385 0.720980 0.681305 0.833273 0.549634 0.502684 0.409222 0.620897 0.376309 0.751426 0.642962 0.452990 0.383677 0.653103 0.751955 0.963864 0.880988 0.955723 0.978515 0.747142 0.720427 0.794195 0.874608 0.341987 0.000000 0.863391 0.703701 0.648903 0.703849 0.868545 0.837673 0.856695 0.986680 0.853487 0.957077 0.965083 0.946191 0.722917 0.628688 0.472230 0.465733 0.717070 0.751295 0.445978 0.494484 0.512371 0.486421 0.635430 0.770694 0.602228 0.594891 0.634628 0.642206 0.557544 0.791816 0.498167 0.606902 0.352557 0.291651 0.727442 0.940727 0.992824 0.930769 0.806061 0.795911 0.930214 0.915772 0.765684 0.695958 0.934252 0.887030 0.843750 0.839953 0.706052 0.700994 0.515422 0.646592 0.535741 0.620346 0.967864 0.941842 0.905747 0.710979 0.920384 0.701565 0.937085 0.773534 0.818092 0.683108 0.987004 0.953521 0.868286 0.974881 0.695134 0.755800 0.885546 0.874744 0.780511 0.808981 0.818606 0.935526 0.973795 0.940909 0.933438 0.875130 0.983639 0.940995 0.714894 0.839443 0.910477 0.781619
0.953705 0.652638 0.403312 0.340360 0.973456 0.711612 0.405728 0.473799 0.725645 0.884919 0.876221 0.846242 0.900570 0.816951 0.869325 0.916035 0.957615 0.974028 0.781053 0.611185 0.499096 0.866560 0.534040 0.521248 0.522290 0.391874 0.854830 0.995095 0.950353 0.863391 0.000000 0.388486 0.421144 0.422614 0.578125 0.763756 0.629902 0.678569 0.741019 0.785771 0.694326 0.940878 0.382167 0.511247 0.689866 0.798085 0.587685 0.665776 0.862923 0.815927 0.647393 0.729462 0.743036 0.723832 0.726522 0.859346 0.927199 0.981367 0.836777 0.746913 0.607323 0.527860 0.794406 0.954978 0.586770 0.338921 0.360405 0.334635 0.986456 0.848775 0.377592 0.419128 0.509593 0.514141 0.779153 0.681985 0.701519 0.481496 0.842664 0.698354 0.991859 0.900107 0.819384 0.877950 0.807140 0.651440 0.828091 0.905419 0.883936 0.861220 0.583051 0.824992 0.563925 0.766467 0.827636 0.805022 0.690583 0.923852 0.614706 0.697910 0.587630 0.740735 0.771541 0.938075 0.586485 0.615081 0.697549 0.880786 0.828079 0.815083 0.699282 0.894512 0.811621 0.765799 0.690148 0.944355
0.800399 0.499007 0.579880 0.480095 0.985598 0.798443 0.515022 0.537900 0.859625 0.891637 0.970927 0.725424 0.950263 0.653215 0.917458 0.906557 0.925810 0.800640 0.713817 0.562722 0.607199 0.931226 0.661686 0.530389 0.659986 0.585070 0.876947 0.934172 0.912956 0.703701 0.388486 0.000000 0.457132 0.446110 0.724504 0.880542 0.810892 0.667498 0.821917 0.836861 0.839645 0.939566 0.428487 0.468926 0.691608 0.710735 0.519035 0.587639 0.962826 0.700504 0.559975 0.606921 0.725224 0.775139 0.710912 0.662963 0.799860 0.888078 0.685164 0.643520 0.596983 0.540905 0.966124 0.880543 0.755597 0.471917 0.512641 0.438817 0.970811 0.913379 0.556936 0.539455 0.506572 0.445931 0.868785 0.793610 0.702230 0.524842 0.955841 0.699200 0.832577 0.790571 0.782788 0.902697 0.846053 0.614705 0.852158 0.930636 0.870124 0.770693 0.768270 0.979076 0.745440 0.956214 0.873695 0.861643 0.704053 0.935699 0.680199 0.726470 0.683856 0.795414 0.742829 0.946456 0.554708 0.644743 0.844185 0.862739 0.913563 0.849095 0.764890 0.945645 0.688627 0.767694 0.713091 0.946068
0.671216 0.516616 0.586178 0.524938 0.808337 0.638039 0.446215 0.526180 0.770311 0.787484 0.895038 0.690413 0.898908 0.676540 0.919730 0.753694 0.785272 0.659657 0.613497 0.553222 0.669469 0.896661 0.599151 0.601804 0.661666 0.652842 0.896416 0.959906 0.753573 0.648903 0.421144 0.457132 0.000000 0.436376 0.634793 0.846410 0.810542 0.844943 0.836701 0.818242 0.717433 0.890998 0.430594 0.433417 0.566911 0.613925 0.501285 0.572671 0.835593 0.587821 0.553106 0.606693 0.737400 0.837828 0.484908 0.589890 0.650443 0.726495 0.613969 0.551898 0.454058 0.554357 0.862005 0.761890 0.706440 0.541880 0.517952 0.476066 0.926432 0.752534 0.600137 0.616381 0.559343 0.568262 0.744794 0.719266 0.694875 0.577588 0.899628 0.580549 0.669371 0.649699 0.726693 0.779115 0.660078 0.596240 0.868140 0.896437 0.777035 0.712154 0.730933 0.942174 0.708913 0.939987 0.938529 0.675220 0.649866 0.849076 0.557836 0.639880 0.690182 0.757646 0.752371 0.799531 0.559518 0.580097 0.753605 0.878666 0.874564 0.746613 0.823236 0.847445 0.619222 0.727600 0.615271 0.989548
0.739924 0.538288 0.617075 0.490714 0.980497 0.691086 0.343654 0.395306 0.708354 0.680885 0.888263 0.627453 0.988849 0.720886 0.893486 0.941026 0.869871 0.779381 0.641197 0.532789 0.627056 0.942430 0.738641 0.704102 0.747976 0.687452 0.696860 0.899751 0.829889 0.703849 0.422614 0.446110 0.436376 0.000000 0.631397 0.785763 0.961481 0.817311 0.901184 0.861177 0.844906 0.973334 0.460498 0.507662 0.562400 0.623002 0.570252 0.552110 0.932061 0.641744 0.564278 0.600778 0.665515 0.663782 0.697071 0.704985 0.827432 0.846700 0.628305 0.559247 0.459043 0.441906 0.919927 0.779335 0.830442 0.519279 0.423326 0.407312 0.996678 0.766554 0.484923 0.561526 0.513895 0.505474 0.876393 0.788066 0.614097 0.584809 0.948095 0.701045 0.864745 0.836049 0.858622 0.985281 0.929201 0.794734 0.853242 0.982505 0.960847 0.759033 0.587990 0.828510 0.561388 0.809732 0.862117 0.737726 0.611443 0.801266 0.490656 0.574956 0.554432 0.579343 0.794403 0.852676 0.538940 0.609120 0.676430 0.732625 0.808859 0.771883 0.731678 0.816353 0.608916 0.759124 0.634988 0.954264
0.901005 0.913120 0.580918 0.642199 0.973455 0.818575 0.578181 0.691738 0.738501 0.856769 0.810796 0.842298 0.713174 0.766994 0.754690 0.801330 0.874386 0.892526 0.991476 0.843012 0.780970 0.940012 0.838773 0.838664 0.708251 0.638303 0.952298 0.928313 0.856720 0.868545 0.578125 0.724504 0.634793 0.631397 0.000000 0.722664 0.833106 0.832526 0.878133 0.900864 0.772405 0.922909 0.605711 0.681621 0.763442 0.836440 0.903553 0.784096 0.887315 0.970929 0.852627 0.914288 0.777443 0.820107 0.857673 0.940426 0.953340 0.906086 0.987287 0.827803 0.834481 0.828966 0.808612 0.845263 0.692441 0.697049 0.481721 0.480321 0.877541 0.799410 0.485861 0.628527 0.850331 0.736914 0.878032 0.861136 0.813430 0.797054 0.901985 0.911251 0.877072 0.881112 0.906332 0.733669 0.945413 0.876583 0.931829 0.810106 0.940181 0.911737 0.635352 0.719967 0.622917 0.687093 0.850249 0.812771 0.774362 0.935507 0.774889 0.839093 0.792168 0.824055 0.885790 0.902091 0.791501 0.741923 0.916519 0.894882 0.965868 0.827863 0.747518 0.980602 0.822230 0.873706 0.690490 0.956393
0.837450 0.989817 0.757451 0.765250 0.868649 0.952892 0.820567 0.901387 0.890942 0.972255 0.759435 0.876944 0.711151 0.774871 0.837729 0.807215 0.832351 0.800221 0.940108 0.945743 0.819975 0.983507 0.890402 0.895552 0.720031 0.676403 0.964408 0.856754 0.755394 0.837673 0.763756 0.880542 0.846410 0.785763 0.722664 0.000000 0.941322 0.902544 0.882177 0.876008 0.988918 0.896273 0.908939 0.919654 0.954311 0.926716 0.980871 0.985844 0.770190 0.877633 0.958414 0.857390 0.997707 0.975470 0.981931 0.909271 0.859046 0.840274 0.861245 0.901543 0.965402 0.913339 0.779056 0.720008 0.774164 0.773454 0.642981 0.740928 0.870663 0.932859 0.666239 0.699452 0.952989 0.888489 0.838904 0.839592 0.946144 0.954846 0.793997 0.976197 0.984589 0.885626 0.965476 0.825839 0.954714 0.861807 0.879722 0.963671 0.955741 0.868858 0.767134 0.880370 0.663344 0.825780 0.937480 0.966734 0.725223 0.969083 0.930668 0.980223 0.805996 0.863758 0.878845 0.933676 0.865136 0.826756 0.987335 0.991884 0.879667 0.880138 0.836563 0.916308 0.922557 0.962298 0.830787 0.966624
0.950079 0.857489 0.487105 0.587687 0.875251 0.994471 0.895020 0.960460 0.974129 0.737050 0.749851 0.735801 0.933268 0.975838 0.939170 0.807500 0.899639 0.827265 0.884834 0.828888 0.752461 0.932518 0.500963 0.565407 0.516582 0.511590 0.759407 0.769163 0.726832 0.856695 0.629902 0.810892 0.810542 0.961481 0.833106 0.941322 0.000000 0.662502 0.637719 0.537035 0.701011 0.910190 0.784415 0.864834 0.925937 0.872616 0.690842 0.874010 0.839890 0.939014 0.927306 0.922710 0.862656 0.785272 0.809629 0.888297 0.874280 0.960598 0.961550 0.962998 0.966561 0.967218 0.719035 0.713704 0.424464 0.640172 0.761959 0.761953 0.745589 0.924719 0.687123 0.731579 0.846437 0.857971 0.887768 0.935145 0.996273 0.697992 0.860403 0.708174 0.919368 0.865682 0.848492 0.954892 0.556492 0.533871 0.991089 0.916665 0.799601 0.761707 0.955140 0.988549 0.968892 0.967147 0.901372 0.890761 0.889167 0.839228 0.973714 0.982380 0.928372 0.921906 0.942217 0.893447 0.905440 0.824821 0.964262 0.934261 0.867491 0.972012 0.857737 0.924669 0.846829 0.952663 0.998762 0.869956
0.918788 0.808431 0.736451 0.652715 0.909356 0.999681 0.862080 0.899538 0.916036 0.879477 0.996252 0.993908 0.850503 0.948700 0.865406 0.968214 0.969226 0.936906 0.898544 0.843965 0.858649 0.955536 0.808805 0.727150 0.702231 0.646573 0.946417 0.884373 0.828790 0.986680 0.678569 0.667498 0.844943 0.817311 0.832526 0.902544 0.662502 0.000000 0.669692 0.726975 0.889507 0.791252 0.825372 0.830628 0.985690 0.962656 0.662202 0.878883 0.888812 0.982856 0.943206 0.943573 0.953036 0.987073 0.865712 0.984502 0.903927 0.952190 0.895961 0.951876 0.920031 0.861314 0.845151 0.880996 0.725590 0.658755 0.744236 0.723808 0.818446 0.906320 0.718776 0.716790 0.722421 0.716355 0.736655 0.992695 0.851705 0.707995 0.944824 0.878844 0.867392 0.952278 0.853168 0.956946 0.730802 0.610416 0.883099 0.820640 0.771298 0.798741 0.966456 0.987339 0.908522 0.963622 0.764639 0.845896 0.901589 0.889436 0.974302 0.979712 0.915905 0.888164 0.805140 0.884069 0.865227 0.811234 0.915518 0.910607 0.890309 0.995642 0.967491 0.902695 0.917934 0.912760 0.881897 0.939858
