0.000000 0.548230 0.663486 0.687342 0.943754 0.989573 0.556921 0.512525 0.865653 0.649707 0.676369 0.656142 0.718637 0.906696 0.992967 0.953947 0.499080 0.477027 0.546111 0.731444 0.857444 0.933917 0.968342 0.898580 0.798958 0.775089 0.934726 0.980034 0.723026 0.628713 0.859801 0.969889 0.553981 0.534731 0.804282 0.824165 0.999112 0.863707 0.773607 0.819505 0.908111 0.852138 0.630223 0.605672 0.742411 0.630506 0.606930 0.668082 0.699122 0.886385 0.859376 0.904358 0.969548 0.895495 0.737249 0.820181 0.437388 0.672118 0.646517 0.875694 0.478995 0.557975 0.451281 0.459294 0.750525 0.705696 0.714885 0.756051 0.878152 0.792280 0.943502 0.951640 0.934617 0.982550 0.990014 0.973230 0.739863 0.737896 0.835988 0.949161 0.531859 0.558388 0.886401 0.657203 0.710197 0.779102 0.937567 0.904683 0.811472 0.679453 0.796056 0.885040 0.862022 0.943920 0.865195 0.782822 0.804046 0.923624 0.694124 0.656381 0.757617 0.952200 0.857585 0.759640 0.961168 0.825472 0.888521 0.892525 0.750509 0.913104 0.813372 0.897578 0.821382 0.889320 0.985589 0.901844
0.548230 0.000000 0.884566 0.818790 0.913389 0.991095 0.862422 0.647873 0.974375 0.855526 0.857024 0.622478 0.808186 0.775675 0.902086 0.835456 0.560684 0.575122 0.702379 0.822607 0.978246 0.972596 0.967417 0.915549 0.831174 0.849395 0.988412 0.803781 0.733024 0.649241 0.963784 0.964599 0.591287 0.712559 0.896458 0.913532 0.912699 0.936460 0.986826 0.832224 0.927986 0.849096 0.699149 0.639519 0.747150 0.701773 0.726513 0.703231 0.741424 0.883000 0.982415 0.885541 0.979585 0.941193 0.830766 0.999483 0.529397 0.577362 0.735819 0.862189 0.688614 0.593419 0.638999 0.551835 0.879705 0.790518 0.896923 0.849911 0.849926 0.708991 0.866753 0.888200 0.976301 0.948574 0.991249 0.983890 0.814794 0.851116 0.803603 0.910647 0.618319 0.706024 0.929518 0.731258 0.933099 0.906851 0.976491 0.961706 0.890000 0.812336 0.987424 0.893147 0.984657 0.856677 0.828584 0.830291 0.895287 0.851816 0.782493 0.867424 0.829818 0.903524 0.860168 0.841911 0.930704 0.794549 0.991195 0.966717 0.897175 0.934155 0.948516 0.911781 0.948589 0.938501 0.826798 0.949915
0.663486 0.884566 0.000000 0.458239 0.865997 0.991315 0.347613 0.480804 0.743167 0.591916 0.798844 0.963968 0.924939 0.840881 0.868640 0.713952 0.820756 0.694931 0.685195 0.778047 0.821267 0.964061 0.741363 0.955246 0.699411 0.846176 0.955911 0.908380 0.944608 0.905848 0.777870 0.893446 0.554898 0.604370 0.741294 0.807098 0.967612 0.958163 0.897168 0.779911 0.926713 0.810820 0.682922 0.749722 0.807584 0.799309 0.706205 0.754956 0.962065 0.939272 0.783721 0.944169 0.934034 0.857536 0.792204 0.792716 0.731428 0.975356 0.624379 0.783504 0.483989 0.717653 0.656213 0.723935 0.499272 0.592723 0.505256 0.568012 0.905831 0.924613 0.964805 0.890063 0.950356 0.987064 0.863347 0.983590 0.726166 0.924031 0.941871 0.943044 0.591479 0.562293 0.916345 0.710366 0.536249 0.689622 0.867414 0.926246 0.793394 0.655555 0.586254 0.618913 0.539898 0.629903 0.790028 0.700680 0.717349 0.889001 0.588748 0.533266 0.735911 0.920864 0.851017 0.755241 0.717999 0.572309 0.917167 0.778737 0.793940 0.881830 0.696214 0.724831 0.813452 0.959983 0.967368 0.956557
0.687342 0.818790 0.458239 0.000000 0.976248 0.967389 0.522219 0.417566 0.937246 0.744267 0.750917 0.899704 0.949346 0.925751 0.734894 0.767683 0.907024 0.698387 0.806015 0.793406 0.795586 0.949218 0.813665 0.869478 0.598616 0.704475 0.933041 0.977691 0.976659 0.889925 0.759044 0.961399 0.612028 0.535060 0.694113 0.700487 0.909048 0.875264 0.758321 0.686619 0.885479 0.804217 0.629329 0.627610 0.806883 0.758696 0.675485 0.647419 0.931479 0.984779 0.795117 0.986557 0.855759 0.832287 0.861335 0.779764 0.827955 0.970367 0.715065 0.773899 0.632763 0.652154 0.744979 0.776076 0.520812 0.449259 0.434272 0.448014 0.690021 0.897916 0.783340 0.713188 0.922629 0.925166 0.906316 0.996621 0.735287 0.843101 0.891039 0.893468 0.631907 0.606480 0.974798 0.773484 0.686707 0.667016 0.862762 0.913608 0.968976 0.582212 0.733729 0.796104 0.620219 0.754700 0.778209 0.656081 0.715852 0.935815 0.601856 0.708503 0.736685 0.941112 0.816408 0.738030 0.703941 0.645744 0.899913 0.817542 0.745273 0.846629 0.695180 0.815074 0.984238 0.942262 0.936090 0.878701
0.943754 0.913389 0.865997 0.976248 0.000000 0.978110 0.852293 0.943004 0.747299 0.975589 0.809633 0.790662 0.914349 0.995191 0.698052 0.947275 0.870470 0.859614 0.830006 0.873227 0.874000 0.851422 0.573070 0.691745 0.839829 0.966675 0.882815 0.830626 0.943827 0.894977 0.803832 0.848065 0.978411 0.968555 0.981102 0.968103 0.937149 0.803871 0.999312 0.973058 0.982888 0.907506 0.784275 0.775731 0.958324 0.909027 0.982098 0.899625 0.983903 0.917705 0.925729 0.760308 0.805358 0.783371 0.938030 0.934977 0.834353 0.809950 0.928995 0.945039 0.867679 0.952014 0.860390 0.979412 0.685766 0.895737 0.921264 0.913739 0.886671 0.990043 0.949637 0.928244 0.718381 0.885041 0.971626 0.925269 0.952758 0.814247 0.865378 0.901988 0.834469 0.769773 0.731079 0.786632 0.608651 0.630551 0.773709 0.665456 0.791782 0.765694 0.914284 0.919336 0.998725 0.929890 0.989828 0.976701 0.965722 0.806554 0.962813 0.888595 0.964564 0.807485 0.752377 0.869197 0.942727 0.967708 0.944089 0.940870 0.934177 0.881223 0.948320 0.922663 0.985807 0.940494 0.941931 0.884822
0.989573 0.991095 0.991315 0.967389 0.978110 0.000000 0.970360 0.976925 0.975322 0.880713 0.981961 0.926439 0.857299 0.922362 0.849785 0.754530 0.890408 0.980034 0.948426 0.836088 0.843238 0.851840 0.956557 0.994380 0.818194 0.848054 0.829906 0.819805 0.975903 0.922257 0.972030 0.952133 0.934819 0.890874 0.890122 0.922016 0.905912 0.862497 0.894567 0.918174 0.864274 0.925045 0.995082 0.933116 0.860642 0.830934 0.986434 0.989976 0.954996 0.936133 0.956483 0.788045 0.900215 0.937047 0.930951 0.958625 0.969176 0.873900 0.930677 0.854022 0.979086 0.966982 0.863382 0.770576 0.888262 0.940795 0.934323 0.995493 0.845520 0.783900 0.864971 0.779396 0.993006 0.901890 0.988632 0.827177 0.922438 0.840873 0.931283 0.884427 0.952359 0.939468 0.895232 0.940296 0.946904 0.928729 0.951490 0.899179 0.955314 0.977920 0.997974 0.999434 0.954929 0.964200 0.987931 0.847415 0.893660 0.947116 0.953252 0.913108 0.979724 0.860386 0.877925 0.967552 0.999380 0.904389 0.866593 0.816275 0.958413 0.955439 0.820319 0.936905 0.923361 0.986542 0.889992 0.806811
0.556921 0.862422 0.347613 0.522219 0.852293 0.970360 0.000000 0.508984 0.681374 0.561883 0.807354 0.989372 0.812448 0.868778 0.936783 0.720912 0.738122 0.599221 0.586328 0.714976 0.873776 0.972976 0.742180 0.980502 0.769985 0.851950 0.930039 0.837379 0.907673 0.805257 0.805577 0.964506 0.506326 0.586815 0.766695 0.828931 0.999182 0.905124 0.873222 0.881293 0.894559 0.835593 0.694769 0.740726 0.815386 0.738839 0.724119 0.755675 0.901649 0.858393 0.783063 0.935179 0.905890 0.846223 0.782711 0.794112 0.650609 0.888391 0.597273 0.795416 0.380799 0.684185 0.507321 0.624513 0.524162 0.635005 0.553774 0.634531 0.963344 0.954024 0.981492 0.990693 0.956010 0.983752 0.879730 0.998038 0.738090 0.956835 0.896287 0.969827 0.526919 0.490893 0.841462 0.660762 0.477792 0.706458 0.930380 0.864159 0.755932 0.681377 0.563266 0.591907 0.596886 0.689296 0.772105 0.764368 0.715429 0.910695 0.580520 0.536255 0.787314 0.896651 0.898262 0.732136 0.777806 0.643025 0.955349 0.831047 0.737935 0.886119 0.678110 0.788669 0.842889 0.958937 0.994774 0.925850
0.512525 0.647873 0.480804 0.417566 0.943004 0.976925 0.508984 0.000000 0.946567 0.570232 0.633177 0.649393 0.891153 0.986912 0.762857 0.814737 0.752579 0.586151 0.676726 0.653159 0.875523 0.968654 0.952577 0.896615 0.778649 0.860132 0.959476 0.919645 0.848274 0.729253 0.840876 0.963683 0.554629 0.447364 0.770744 0.695953 0.956058 0.993044 0.738720 0.653013 0.991866 0.806862 0.572444 0.605178 0.858690 0.751061 0.628914 0.644559 0.927586 0.943088 0.916206 0.888151 0.737992 0.642434 0.750628 0.811546 0.678763 0.849282 0.507572 0.603235 0.491182 0.415084 0.640913 0.565122 0.675789 0.455650 0.514138 0.463909 0.871014 0.808540 0.840439 0.807877 0.925676 0.907570 0.990601 0.956337 0.585043 0.748557 0.862363 0.915301 0.615877 0.642102 0.925691 0.785426 0.804455 0.852610 0.801369 0.836652 0.871008 0.579340 0.826936 0.933304 0.731854 0.963625 0.792505 0.710000 0.662684 0.875807 0.569438 0.684340 0.639570 0.978445 0.755293 0.758803 0.767619 0.630157 0.959262 0.823396 0.740701 0.831653 0.644462 0.876957 0.917741 0.933083 0.925231 0.899830
0.865653 0.974375 0.743167 0.937246 0.747299 0.975322 0.681374 0.946567 0.000000 0.700893 0.997409 0.853679 0.820900 0.858658 0.839305 0.910556 0.897816 0.869137 0.892783 0.950289 0.958883 0.997449 0.609487 0.924442 0.953952 0.996191 0.960343 0.886155 0.859854 0.933104 0.885035 0.962306 0.848462 0.974903 0.987675 0.905624 0.989353 0.831653 0.883440 0.806345 0.927604 0.966333 0.865829 0.827870 0.993649 0.971680 0.954810 0.887715 0.944967 0.962128 0.967472 0.902681 0.829206 0.876921 0.976356 0.925887 0.783244 0.865861 0.956144 0.994360 0.674530 0.967557 0.685874 0.744366 0.708835 0.976239 0.923210 0.857801 0.828587 0.880984 0.894820 0.790303 0.980942 0.881480 0.869583 0.996917 0.995018 0.950238 0.817029 0.952219 0.767901 0.745396 0.672918 0.748982 0.602449 0.754012 0.807728 0.686958 0.846733 0.766545 0.849708 0.837569 0.844491 0.881017 0.974848 0.949730 0.853691 0.987808 0.960816 0.724593 0.917138 0.977861 0.930688 0.947689 0.850642 0.930711 0.984617 0.994699 0.910461 0.884316 0.912875 0.947605 0.998660 0.916745 0.967258 0.861433
0.649707 0.855526 0.591916 0.744267 0.975589 0.880713 0.561883 0.570232 0.700893 0.000000 0.695373 0.884674 0.973202 0.779604 0.844075 0.701640 0.780348 0.686202 0.595183 0.655458 0.852119 0.968935 0.813030 0.866772 0.955542 0.929948 0.775620 0.786197 0.778258 0.859894 0.850050 0.965994 0.603676 0.608300 0.831541 0.959806 0.938191 0.890949 0.968570 0.938960 0.932284 0.856110 0.820116 0.845526 0.909096 0.859565 0.759743 0.944845 0.886555 0.924320 0.910001 0.906944 0.845009 0.710616 0.791091 0.904336 0.695041 0.780399 0.556030 0.662845 0.586608 0.693211 0.572499 0.515832 0.866483 0.813744 0.658687 0.705753 0.773484 0.887190 0.911247 0.924541 0.980853 0.940799 0.855171 0.947841 0.788305 0.928167 0.934927 0.966619 0.681411 0.711868 0.999769 0.783590 0.766214 0.996239 0.836518 0.953822 0.793497 0.645027 0.737987 0.830828 0.715933 0.945518 0.895440 0.680127 0.563993 0.884734 0.663827 0.658966 0.724027 0.983159 0.688512 0.737595 0.699372 0.696403 0.996813 0.798812 0.724879 0.815885 0.767099 0.951110 0.913055 0.935996 0.926638 0.923383
0.676369 0.857024 0.798844 0.750917 0.809633 0.981961 0.807354 0.633177 0.997409 0.695373 0.000000 0.596580 0.800420 0.947597 0.738662 0.874306 0.787956 0.762163 0.784603 0.684338 0.817449 0.920710 0.794988 0.777984 0.962670 0.901883 0.848035 0.954913 0.875855 0.917281 0.903654 0.905910 0.832209 0.604189 0.847434 0.754274 0.984806 0.919177 0.909476 0.905221 0.944816 0.887800 0.771730 0.738521 0.956836 0.853963 0.822589 0.925036 0.995566 0.863350 0.887838 0.677071 0.713639 0.635299 0.845443 0.832443 0.833770 0.977257 0.789551 0.832927 0.753405 0.618085 0.756843 0.673703 0.945182 0.824323 0.801756 0.798692 0.877335 0.854884 0.894264 0.918952 0.974593 0.913711 0.978413 0.955872 0.684744 0.703353 0.900013 0.938013 0.777822 0.852891 0.862649 0.970703 0.953916 0.914268 0.760493 0.897944 0.930307 0.776006 0.945299 0.873160 0.889395 0.932314 0.945163 0.704097 0.748435 0.908456 0.869758 0.931798 0.783322 0.966636 0.740503 0.831631 0.930422 0.923555 0.958924 0.950638 0.900083 0.857829 0.840713 0.946905 0.927802 0.994059 0.990434 0.804758
0.656142 0.622478 0.963968 0.899704 0.790662 0.926439 0.989372 0.649393 0.853679 0.884674 0.596580 0.000000 0.692437 0.664792 0.919755 0.857498 0.753473 0.705252 0.806691 0.747131 0.960937 0.817837 0.729038 0.757423 0.982724 0.996943 0.967680 0.984940 0.840383 0.704817 0.858249 0.931395 0.886854 0.728908 0.899908 0.774465 0.986583 0.907058 0.824934 0.830551 0.969930 0.959822 0.733425 0.682159 0.987609 0.835449 0.865394 0.814351 0.926445 0.869667 0.870364 0.745877 0.794961 0.743784 0.757757 0.922667 0.741365 0.747265 0.758838 0.807925 0.756434 0.554750 0.764689 0.649375 0.924452 0.837777 0.994939 0.921161 0.907503 0.735753 0.953127 0.930326 0.967909 0.906880 0.984185 0.848584 0.712934 0.682081 0.843421 0.954638 0.821862 0.905555 0.932057 0.899396 0.846315 0.868942 0.952933 0.807725 0.914665 0.873412 0.828699 0.715924 0.869125 0.690764 0.902129 0.940578 0.889010 0.868794 0.913655 0.969009 0.828811 0.928569 0.852001 0.967426 0.951399 0.945014 0.936996 0.987976 0.926498 0.964798 0.927683 0.965769 0.997743 0.942758 0.921402 0.865771
0.718637 0.808186 0.924939 0.949346 0.914349 0.857299 0.812448 0.891153 0.820900 0.973202 0.800420 0.692437 0.000000 0.599578 0.648143 0.679557 0.832973 0.737904 0.815285 0.791055 0.991332 0.784993 0.951596 0.919562 0.985978 0.889600 0.880506 0.972281 0.866106 0.731216 0.969941 0.997995 0.936206 0.906168 0.961018 0.971571 0.976009 0.791561 0.955245 0.976220 0.949617 0.829497 0.971906 0.981067 0.899087 0.941224 0.905059 0.927628 0.911317 0.969550 0.816614 0.853896 0.887217 0.897457 0.883034 0.852663 0.749921 0.746274 0.893684 0.859469 0.613504 0.687917 0.755777 0.727617 0.960752 0.964956 0.776390 0.840941 0.959225 0.916685 0.813474 0.908440 0.984379 0.806455 0.987943 0.705213 0.916193 0.908934 0.857248 0.848436 0.805419 0.750048 0.850789 0.819607 0.804814 0.982803 0.801783 0.869209 0.792483 0.972394 0.915763 0.825209 0.828377 0.770672 0.994055 0.969981 0.933534 0.972551 0.991478 0.957681 0.932937 0.948783 0.916669 0.821867 0.977834 0.945108 0.887803 0.804982 0.978844 0.989570 0.984174 0.986754 0.968068 0.979798 0.914430 0.960998
0.906696 0.775675 0.840881 0.925751 0.995191 0.922362 0.868778 0.986912 0.858658 0.779604 0.947597 0.664792 0.599578 0.000000 0.633227 0.499471 0.902432 0.837980 0.958559 0.869011 0.898268 0.842068 0.945139 0.951468 0.936410 0.958332 0.979270 0.895594 0.906749 0.686412 0.886129 0.779764 0.988770 0.947977 0.898640 0.908080 0.983896 0.960704 0.830476 0.853785 0.999883 0.861552 0.929323 0.866656 0.995958 0.904097 0.847089 0.818762 0.983548 0.938211 0.841787 0.867164 0.978604 0.969116 0.864114 0.839245 0.924778 0.858255 0.864563 0.993619 0.919190 0.790471 0.944292 0.898105 0.953922 0.926661 0.811946 0.899288 0.893946 0.863642 0.963642 0.778603 0.986447 0.973379 0.861015 0.759389 0.973204 0.874905 0.859249 0.788655 0.934138 0.855659 0.768599 0.796416 0.986627 0.912590 0.859346 0.902518 0.971716 0.953033 0.743840 0.711833 0.686781 0.684187 0.927156 0.983123 0.810757 0.921220 0.914879 0.852117 0.953182 0.907835 0.879988 0.771817 0.835913 0.926359 0.908922 0.793168 0.849028 0.950994 0.912570 0.981511 0.923985 0.979449 0.909666 0.931795
0.992967 0.902086 0.868640 0.734894 0.698052 0.849785 0.936783 0.762857 0.839305 0.844075 0.738662 0.919755 0.648143 0.633227 0.000000 0.541587 0.872176 0.843858 0.947291 0.976895 0.917654 0.876268 0.649019 0.747697 0.986688 0.928148 0.967759 0.985100 0.801070 0.697857 0.749586 0.678431 0.985556 0.844963 0.969224 0.866263 0.970142 0.858973 0.927186 0.959298 0.989933 0.792409 0.759763 0.829143 0.978681 0.966109 0.987367 0.992924 0.971866 0.846007 0.922262 0.876606 0.743939 0.704330 0.996808 0.996622 0.840254 0.753378 0.806009 0.861167 0.937386 0.936283 0.886905 0.965032 0.879661 0.929498 0.676250 0.729371 0.979719 0.930317 0.989439 0.986973 0.890799 0.980757 0.959673 0.799702 0.831918 0.889502 0.833546 0.938098 0.879240 0.795626 0.610770 0.682904 0.732215 0.756229 0.604409 0.561119 0.884213 0.985839 0.822136 0.862727 0.669741 0.792367 0.901299 0.917550 0.772250 0.903579 0.834561 0.916937 0.743508 0.880431 0.676517 0.754857 0.898944 0.873959 0.827586 0.720331 0.954857 0.883146 0.822706 0.973440 0.976555 0.982048 0.921489 0.878830
0.953947 0.835456 0.713952 0.767683 0.947275 0.754530 0.720912 0.814737 0.910556 0.701640 0.874306 0.857498 0.679557 0.499471 0.541587 0.000000 0.990562 0.974003 0.913635 0.943953 0.959785 0.924122 0.976570 0.832954 0.975378 0.962672 0.919817 0.839399 0.964327 0.773271 0.886432 0.778344 0.900809 0.890616 0.848829 0.950325 0.879957 0.947076 0.920751 0.985746 0.936704 0.798434 0.866717 0.913636 0.895384 0.922242 0.985575 0.892831 0.982949 0.983234 0.904839 0.905159 0.868074 0.822413 0.960854 0.962378 0.968870 0.837388 0.777145 0.894867 0.890596 0.987672 0.890551 0.905360 0.956558 0.992559 0.680787 0.806221 0.890648 0.983696 0.934790 0.817515 0.951626 0.942599 0.991074 0.799445 0.902455 0.915133 0.896679 0.784269 0.898689 0.966363 0.802097 0.920988 0.991841 0.933353 0.714619 0.851929 0.936666 0.867508 0.694046 0.678412 0.588943 0.726973 0.823570 0.865127 0.693224 0.850972 0.813563 0.745602 0.863142 0.871686 0.755416 0.722736 0.851813 0.928600 0.911557 0.669001 0.864204 0.984978 0.708182 0.851658 0.989652 0.959955 0.866504 0.967255
0.499080 0.560684 0.820756 0.907024 0.870470 0.890408 0.738122 0.752579 0.897816 0.780348 0.787956 0.753473 0.832973 0.902432 0.872176 0.990562 0.000000 0.519101 0.601290 0.694918 0.969497 0.972660 0.892574 0.996340 0.880684 0.902006 0.953589 0.951767 0.686177 0.642319 0.933297 0.906523 0.657650 0.736422 0.827812 0.856606 0.871832 0.823752 0.980376 0.987679 0.989539 0.895487 0.836319 0.731770 0.794200 0.713012 0.762668 0.780253 0.754627 0.817815 0.899181 0.998169 0.892691 0.981257 0.747582 0.849277 0.499349 0.630279 0.796842 0.987432 0.643281 0.688482 0.502578 0.513759 0.811035 0.811397 0.898429 0.905322 0.780711 0.744596 0.946871 0.977619 0.990280 0.941702 0.991216 0.966791 0.814754 0.934265 0.816114 0.907586 0.485506 0.578950 0.789613 0.621741 0.724368 0.784262 0.907348 0.778474 0.826228 0.759381 0.828326 0.937586 0.968294 0.992238 0.884897 0.798644 0.842343 0.924420 0.842791 0.793792 0.937159 0.848712 0.881471 0.903867 0.939735 0.948350 0.947818 0.947168 0.856905 0.936049 0.861709 0.931042 0.789199 0.989744 0.885848 0.953040
0.477027 0.575122 0.694931 0.698387 0.859614 0.980034 0.599221 0.586151 0.869137 0.686202 0.762163 0.705252 0.737904 0.837980 0.843858 0.974003 0.519101 0.000000 0.580581 0.679749 0.919342 0.848002 0.828923 0.988013 0.757080 0.854883 0.925887 0.983614 0.680701 0.536350 0.823417 0.856255 0.543042 0.582178 0.809341 0.770716 0.940479 0.826504 0.797574 0.799818 0.885226 0.943665 0.730372 0.656333 0.761852 0.681511 0.629627 0.696826 0.802031 0.874135 0.957114 0.961619 0.984699 0.952919 0.647933 0.759529 0.468436 0.671431 0.728764 0.857593 0.487320 0.547814 0.435674 0.475448 0.690840 0.646297 0.753344 0.760620 0.981401 0.787718 0.875741 0.936595 0.874605 0.962577 0.990116 0.991958 0.819395 0.902857 0.757738 0.844001 0.420631 0.434272 0.796524 0.582543 0.657832 0.681666 0.949151 0.849945 0.780409 0.598319 0.832313 0.984451 0.934612 0.963699 0.779848 0.757776 0.886760 0.931636 0.771760 0.731806 0.864553 0.861583 0.965176 0.893565 0.852694 0.783416 0.934385 0.925694 0.774978 0.859024 0.841004 0.899905 0.851809 0.919942 0.900521 0.943424
0.546111 0.702379 0.685195 0.806015 0.830006 0.948426 0.586328 0.676726 0.892783 0.595183 0.784603 0.806691 0.815285 0.958559 0.947291 0.913635 0.601290 0.580581 0.000000 0.653681 0.929857 0.940846 0.821110 0.927763 0.914812 0.885480 0.938375 0.996380 0.655752 0.660976 0.839836 0.881644 0.594552 0.639375 0.771966 0.894025 0.970256 0.793685 0.884460 0.965337 0.967773 0.903888 0.856745 0.808937 0.925140 0.797489 0.742570 0.833642 0.898771 0.950864 0.966285 0.991687 0.915825 0.894835 0.720126 0.823174 0.600108 0.738404 0.767460 0.915487 0.564132 0.689016 0.455269 0.570934 0.788467 0.755107 0.775671 0.808046 0.796884 0.869189 0.860290 0.993751 0.866814 0.890532 0.995266 0.976314 0.833869 0.838070 0.851016 0.904441 0.548024 0.593572 0.843817 0.671716 0.667040 0.785255 0.894711 0.835256 0.739400 0.739040 0.805135 0.886177 0.882957 0.965375 0.904311 0.826674 0.777750 0.884000 0.774104 0.725513 0.789821 0.848572 0.855226 0.941424 0.920462 0.753900 0.960090 0.896579 0.808377 0.932730 0.824966 0.906139 0.849959 0.898200 0.998817 0.939505
0.731444 0.822607 0.778047 0.793406 0.873227 0.836088 0.714976 0.653159 0.950289 0.655458 0.684338 0.747131 0.791055 0.869011 0.976895 0.943953 0.694918 0.679749 0.653681 0.000000 0.938151 0.867527 0.888954 0.922441 0.949177 0.844515 0.902735 0.722698 0.830111 0.752371 0.917079 0.965321 0.747448 0.721307 0.799213 0.946863 0.972937 0.855197 0.899941 0.881906 0.908172 0.940048 0.886186 0.830333 0.922840 0.917400 0.910738 0.815112 0.954718 0.912170 0.979780 0.951932 0.795443 0.706733 0.959855 0.880579 0.766705 0.691789 0.651082 0.609033 0.658918 0.614463 0.696930 0.639056 0.959993 0.749121 0.853828 0.801933 0.955771 0.812068 0.972239 0.979620 0.904430 0.894942 0.880028 0.959767 0.750647 0.946239 0.844279 0.892924 0.682331 0.701948 0.891614 0.824252 0.851615 0.999940 0.877357 0.993001 0.848931 0.749438 0.945713 0.958343 0.980460 0.867653 0.945363 0.768361 0.776772 0.876670 0.836997 0.878543 0.773947 0.881831 0.825620 0.925663 0.832748 0.859479 0.989981 0.995080 0.846307 0.906276 0.685592 0.983882 0.974699 0.895149 0.959675 0.899864
0.857444 0.978246 0.821267 0.795586 0.874000 0.843238 0.873776 0.875523 0.958883 0.852119 0.817449 0.960937 0.991332 0.898268 0.917654 0.959785 0.969497 0.919342 0.929857 0.938151 0.000000 0.982737 0.958073 0.895979 0.772595 0.837112 0.915797 0.977216 0.899185 0.902616 0.886522 0.966804 0.904893 0.884480 0.917643 0.981731 0.817055 0.973195 0.933226 0.982044 0.984361 0.899211 0.835400 0.830874 0.906413 0.953593 0.796191 0.939552 0.940445 0.986372 0.933877 0.874101 0.851251 0.905643 0.889845 0.982915 0.912540 0.918463 0.920099 0.888051 0.964681 0.981771 0.955607 0.972189 0.886518 0.859767 0.754675 0.812523 0.915776 0.944107 0.949033 0.953455 0.962682 0.994552 0.940902 0.991742 0.895109 0.899546 0.959911 0.912167 0.953425 0.967762 0.893848 0.962792 0.911134 0.895443 0.998630 0.912174 0.977340 0.893432 0.895007 0.976486 0.859861 0.865579 0.897611 0.776476 0.806608 0.958191 0.948992 0.981019 0.828286 0.874084 0.920386 0.916207 0.874397 0.915566 0.978200 0.981919 0.813376 0.968760 0.928458 0.922192 0.911931 0.933938 0.986413 0.864843
0.933917 0.972596 0.964061 0.949218 0.851422 0.851840 0.972976 0.968654 0.997449 0.968935 0.920710 0.817837 0.784993 0.842068 0.876268 0.924122 0.972660 0.848002 0.940846 0.867527 0.982737 0.000000 0.995880 0.983352 0.955871 0.994554 0.909801 0.830103 0.940538 0.995689 0.960207 0.967247 0.984736 0.996118 0.997276 0.983849 0.991504 0.950805 0.961031 0.951013 0.875096 0.900296 0.945550 0.958632 0.968420 0.943862 0.899237 0.982463 0.885731 0.901141 0.846205 0.920430 0.878497 0.994902 0.855439 0.908456 0.833794 0.908241 0.977176 0.995076 0.863879 0.883285 0.931708 0.881596 0.952067 0.960703 0.894607 0.894300 0.983782 0.948715 0.980077 0.914958 0.808444 0.932486 0.985522 0.942530 0.958630 0.994085 0.914537 0.957245 0.946299 0.953888 0.973956 0.975268 0.965639 0.997855 0.786412 0.914464 0.979583 0.948471 0.929788 0.967455 0.868446 0.852477 0.973581 0.979742 0.955695 0.935728 0.937055 0.957334 0.937445 0.770194 0.998704 0.840860 0.990014 0.892702 0.879082 0.950601 0.986010 0.930762 0.928809 0.951125 0.930296 0.926998 0.969231 0.912233
0.968342 0.967417 0.741363 0.813665 0.573070 0.956557 0.742180 0.952577 0.609487 0.813030 0.794988 0.729038 0.951596 0.945139 0.649019 0.976570 0.892574 0.828923 0.821110 0.888954 0.958073 0.995880 0.000000 0.510359 0.858536 0.976305 0.955557 0.935513 0.924180 0.839687 0.580945 0.698086 0.826917 0.949097 0.788260 0.994106 0.853712 0.973272 0.941099 0.975984 0.969300 0.897364 0.825531 0.826541 0.958004 0.997569 0.916311 0.985859 0.988496 0.823341 0.860266 0.677683 0.838534 0.776792 0.964665 0.862237 0.866855 0.860771 0.956685 0.997519 0.799399 0.973021 0.765393 0.866293 0.546259 0.784436 0.942938 0.913402 0.881925 0.987346 0.915352 0.887013 0.794541 0.885284 0.838075 0.988146 0.892925 0.867323 0.798570 0.976202 0.714503 0.595913 0.599057 0.616795 0.419493 0.527751 0.781355 0.602448 0.876955 0.701971 0.904341 0.860229 0.911366 0.949592 0.976179 0.835789 0.847102 0.902158 0.912202 0.786645 0.894192 0.922536 0.843073 0.905603 0.778314 0.827132 0.991056 0.982429 0.863288 0.969321 0.962150 0.996400 0.953229 0.940205 0.968387 0.801923
0.898580 0.915549 0.955246 0.869478 0.691745 0.994380 0.980502 0.896615 0.924442 0.866772 0.777984 0.757423 0.919562 0.951468 0.747697 0.832954 0.996340 0.988013 0.927763 0.922441 0.895979 0.983352 0.510359 0.000000 0.823151 0.782523 0.773889 0.909523 0.948332 0.920583 0.651473 0.726361 0.997841 0.993007 0.919776 0.962300 0.885460 0.829239 0.970891 0.966561 0.963476 0.980537 0.824912 0.853770 0.999907 0.957472 0.939695 0.917809 0.948139 0.969873 0.865127 0.848402 0.932333 0.776112 0.915453 0.886032 0.943026 0.874418 0.745118 0.792633 0.907783 0.844837 0.950143 0.861901 0.638022 0.763957 0.951357 0.882865 0.765153 0.957690 0.929920 0.821030 0.830854 0.896477 0.992533 0.975975 0.780242 0.898906 0.878560 0.861534 0.892821 0.789328 0.717243 0.843414 0.601270 0.519736 0.834233 0.680229 0.925105 0.942091 0.932435 0.978079 0.932629 0.939392 0.909116 0.984786 0.981912 0.855954 0.916192 0.950026 0.938951 0.835043 0.727373 0.814158 0.932378 0.921167 0.935392 0.944778 0.999793 0.929877 0.844922 0.888979 0.973812 0.993998 0.963112 0.996499
0.798958 0.831174 0.699411 0.598616 0.839829 0.818194 0.769985 0.778649 0.953952 0.955542 0.962670 0.982724 0.985978 0.936410 0.986688 0.975378 0.880684 0.757080 0.914812 0.949177 0.772595 0.955871 0.858536 0.823151 0.000000 0.655983 0.830183 0.807234 0.902750 0.916539 0.738468 0.851030 0.767566 0.789817 0.763942 0.876690 0.891397 0.846447 0.830260 0.844320 0.777441 0.880507 0.612584 0.657092 0.628807 0.665639 0.672805 0.656872 0.784712 0.860721 0.761688 0.971544 0.875822 0.814283 0.975154 0.729164 0.807863 0.945911 0.966089 0.789418 0.837403 0.903935 0.833375 0.959424 0.611268 0.643203 0.679212 0.695082 0.761791 0.736507 0.804292 0.668977 0.924131 0.980157 0.830759 0.943148 0.861138 0.922574 0.761422 0.882386 0.668363 0.660593 0.843230 0.757037 0.709004 0.537549 0.982715 0.980639 0.961425 0.835040 0.719765 0.828068 0.714414 0.697155 0.814214 0.796394 0.925050 0.918607 0.847661 0.818714 0.834917 0.955670 0.998096 0.834292 0.953733 0.797009 0.811813 0.898733 0.952027 0.950232 0.919195 0.764538 0.881097 0.980722 0.903820 0.899279
0.775089 0.849395 0.846176 0.704475 0.966675 0.848054 0.851950 0.860132 0.996191 0.929948 0.901883 0.996943 0.889600 0.958332 0.928148 0.962672 0.902006 0.854883 0.885480 0.844515 0.837112 0.994554 0.976305 0.782523 0.655983 0.000000 0.852890 0.739644 0.987941 0.965527 0.804157 0.978435 0.820601 0.814630 0.929519 0.796745 0.805793 0.897453 0.810742 0.897778 0.847549 0.729540 0.784501 0.760319 0.832947 0.815113 0.796541 0.782813 0.775969 0.974803 0.861452 0.842401 0.907390 0.802025 0.804896 0.827484 0.873581 0.841486 0.888943 0.718947 0.962088 0.985216 0.892846 0.968301 0.681738 0.787636 0.718586 0.814431 0.892966 0.956250 0.776225 0.720262 0.879660 0.948343 0.787448 0.874222 0.856213 0.807493 0.938003 0.988503 0.825421 0.842433 0.912786 0.865661 0.842529 0.623480 0.902828 0.955316 0.963601 0.850146 0.767846 0.790746 0.767703 0.741016 0.834839 0.915018 0.977235 0.982253 0.866419 0.858580 0.882156 0.951600 0.970330 0.854864 0.905954 0.854042 0.903698 0.901845 0.996805 0.896236 0.947511 0.924797 0.861418 0.995322 0.874920 0.825631
0.934726 0.988412 0.955911 0.933041 0.882815 0.829906 0.930039 0.959476 0.960343 0.775620 0.848035 0.967680 0.880506 0.979270 0.967759 0.919817 0.953589 0.925887 0.938375 0.902735 0.915797 0.909801 0.955557 0.773889 0.830183 0.852890 0.000000 0.898575 0.956911 0.915711 0.946628 0.967725 0.879164 0.922822 0.831023 0.913494 0.953047 0.925095 0.802280 0.922116 0.869661 0.959282 0.826862 0.898772 0.884293 0.871696 0.968695 0.990500 0.890429 0.815243 0.893575 0.831118 0.989370 0.953507 0.913450 0.841897 0.887752 0.846476 0.794377 0.829465 0.925149 0.996443 0.955659 0.830353 0.829171 0.794931 0.974348 0.990418 0.746700 0.989279 0.943215 0.844653 0.930757 0.953630 0.998407 0.931062 0.948615 0.963478 0.955777 0.820358 0.926096 0.899911 0.962991 0.977333 0.961015 0.753394 0.959047 0.918261 0.869070 0.953354 0.921240 0.965210 0.915356 0.999956 0.892211 0.860416 0.874843 0.877851 0.869714 0.839165 0.980685 0.829633 0.755466 0.793864 0.917242 0.988874 0.963914 0.844559 0.978969 0.961429 0.817128 0.854494 0.953005 0.931769 0.971771 0.970561
0.980034 0.803781 0.908380 0.977691 0.830626 0.819805 0.837379 0.919645 0.886155 0.786197 0.954913 0.984940 0.972281 0.895594 0.985100 0.839399 0.951767 0.983614 0.996380 0.722698 0.977216 0.830103 0.935513 0.909523 0.807234 0.739644 0.898575 0.000000 0.906044 0.989093 0.914727 0.953586 0.966351 0.993207 0.963607 0.951656 0.929736 0.948169 0.967507 0.954901 0.941987 0.953660 0.916391 0.907556 0.888127 0.930991 0.916126 0.941310 0.936193 0.934488 0.936322 0.856535 0.853209 0.830470 0.999048 0.944495 0.982185 0.917491 0.776427 0.766034 0.825286 0.924558 0.974052 0.899659 0.946708 0.986845 0.990524 0.957858 0.957269 0.978757 0.955208 0.829118 0.919270 0.937374 0.890285 0.938502 0.939392 0.855933 0.935245 0.866478 0.967543 0.980974 0.958410 0.985976 0.931746 0.862966 0.969246 0.949593 0.913735 0.947535 0.937490 0.915832 0.969154 0.987403 0.971173 0.973027 0.818577 0.932979 0.945395 0.968416 0.981002 0.903600 0.966978 0.982660 0.958871 0.946160 0.892380 0.903468 0.816316 0.925515 0.835129 0.973069 0.933777 0.965566 0.907324 0.995469
0.723026 0.733024 0.944608 0.976659 0.943827 0.975903 0.907673 0.848274 0.859854 0.778258 0.875855 0.840383 0.866106 0.906749 0.801070 0.964327 0.686177 0.680701 0.655752 0.830111 0.899185 0.940538 0.924180 0.948332 0.902750 0.987941 0.956911 0.906044 0.000000 0.548247 0.935256 0.835327 0.816819 0.765434 0.931036 0.945787 0.962714 0.791250 0.980046 0.963732 0.894516 0.904116 0.967243 0.957878 0.977458 0.962770 0.863051 0.999273 0.932888 0.898539 0.872919 0.910124 0.874085 0.998268 0.869119 0.794052 0.738277 0.806510 0.973733 0.962089 0.804727 0.667446 0.667454 0.670507 0.961315 0.910921 0.956407 0.972610 0.842572 0.899868 0.896574 0.941771 0.806849 0.791542 0.889499 0.884456 0.888320 0.866922 0.891073 0.977702 0.743794 0.816819 0.796710 0.705662 0.931315 0.902583 0.992955 0.880736 0.849702 0.805354 0.970185 0.861781 0.880043 0.805679 0.973861 0.874386 0.995097 0.961496 0.958757 0.903374 0.983000 0.889071 0.910013 0.966965 0.948706 0.960303 0.860764 0.912126 0.997534 0.981259 0.921132 0.970102 0.737274 0.947057 0.974082 0.826708
0.628713 0.649241 0.905848 0.889925 0.894977 0.922257 0.805257 0.729253 0.933104 0.859894 0.917281 0.704817 0.731216 0.686412 0.697857 0.773271 0.642319 0.536350 0.660976 0.752371 0.902616 0.995689 0.839687 0.920583 0.916539 0.965527 0.915711 0.989093 0.548247 0.000000 0.781350 0.754591 0.699402 0.682689 0.877164 0.845600 0.914865 0.914501 0.838000 0.846746 0.976197 0.971397 0.867903 0.833495 0.941552 0.858897 0.698900 0.761557 0.824170 0.935213 0.947293 0.988645 0.922985 0.999871 0.726715 0.766059 0.639434 0.698963 0.862269 0.901506 0.674534 0.600929 0.602573 0.624631 0.800184 0.708316 0.971581 0.880164 0.995022 0.948234 0.966019 0.843953 0.874281 0.842289 0.909653 0.894897 0.905174 0.861584 0.740644 0.737383 0.647854 0.604186 0.699208 0.607836 0.766842 0.767184 0.834763 0.872881 0.800588 0.753365 0.903420 0.834928 0.831176 0.824042 0.851445 0.950953 0.995160 0.989846 0.847750 0.958277 0.993853 0.912700 0.951201 0.971535 0.957174 0.839476 0.950235 0.881020 0.895128 0.992343 0.908100 0.973135 0.832379 0.968820 0.950021 0.993671
0.859801 0.963784 0.777870 0.759044 0.803832 0.972030 0.805577 0.840876 0.885035 0.850050 0.903654 0.858249 0.969941 0.886129 0.749586 0.886432 0.933297 0.823417 0.839836 0.917079 0.886522 0.960207 0.580945 0.651473 0.738468 0.804157 0.946628 0.914727 0.935256 0.781350 0.000000 0.609205 0.636189 0.777299 0.705792 0.932608 0.921372 0.802058 0.887452 0.812977 0.926703 0.919381 0.842600 0.850776 0.710282 0.743060 0.726240 0.648692 0.741594 0.737591 0.694261 0.699679 0.845259 0.760573 0.912597 0.775421 0.832451 0.899885 0.988301 0.987857 0.882810 0.958664 0.825478 0.884017 0.714231 0.757684 0.759490 0.709589 0.827232 0.951736 0.722465 0.728886 0.819915 0.780567 0.993551 0.973874 0.986316 0.893847 0.841460 0.995412 0.771869 0.713881 0.720822 0.695999 0.621061 0.598527 0.924099 0.766922 0.980237 0.874548 0.820774 0.846155 0.816801 0.853498 0.968280 0.864570 0.836506 0.946765 0.732470 0.779598 0.970932 0.953453 0.940700 0.906454 0.922193 0.833366 0.989552 0.881826 0.848620 0.938277 0.902090 0.862043 0.879804 0.888216 0.930535 0.878531
0.969889 0.964599 0.893446 0.961399 0.848065 0.952133 0.964506 0.963683 0.962306 0.965994 0.905910 0.931395 0.997995 0.779764 0.678431 0.778344 0.906523 0.856255 0.881644 0.965321 0.966804 0.967247 0.698086 0.726361 0.851030 0.978435 0.967725 0.953586 0.835327 0.754591 0.609205 0.000000 0.820992 0.808691 0.825652 0.863261 0.936128 0.901719 0.978650 0.759226 0.984049 0.966171 0.974135 0.986159 0.843361 0.929048 0.821156 0.799615 0.996312 0.938847 0.963424 0.872648 0.862824 0.824477 0.832592 0.793208 0.922799 0.960410 0.809340 0.934606 0.932106 0.970944 0.881432 0.908868 0.785692 0.785622 0.897100 0.826482 0.866390 0.997070 0.996879 0.820004 0.850419 0.790496 0.990907 0.866664 0.918482 0.980045 0.807279 0.849804 0.890434 0.757449 0.701915 0.727428 0.721799 0.679269 0.745343 0.713134 0.972833 0.872052 0.929496 0.936763 0.879805 0.980125 0.870879 0.872790 0.973183 0.979341 0.922499 0.918966 0.988353 0.876762 0.878116 0.855161 0.936219 0.984269 0.988952 0.944453 0.935035 0.903766 0.950203 0.839168 0.897876 0.981976 0.880443 0.800723
0.553981 0.591287 0.554898 0.612028 0.978411 0.934819 0.506326 0.554629 0.848462 0.603676 0.832209 0.886854 0.936206 0.988770 0.985556 0.900809 0.657650 0.543042 0.594552 0.747448 0.904893 0.984736 0.826917 0.997841 0.767566 0.820601 0.879164 0.966351 0.816819 0.699402 0.636189 0.820992 0.000000 0.530715 0.740110 0.847600 0.957861 0.959390 0.934821 0.855439 0.798668 0.821345 0.641817 0.573638 0.621811 0.564724 0.703122 0.588996 0.693383 0.767186 0.800182 0.923174 0.979040 0.955325 0.780345 0.895768 0.556975 0.695499 0.674080 0.852938 0.541155 0.679917 0.512457 0.551686 0.717940 0.718503 0.599314 0.604381 0.929025 0.903322 0.877546 0.955334 0.978264 0.891321 0.941415 0.957004 0.800591 0.884564 0.860179 0.973413 0.518807 0.543947 0.830272 0.656815 0.646076 0.758857 0.952074 0.871376 0.824715 0.777197 0.695617 0.779860 0.680157 0.828275 0.740559 0.728820 0.703714 0.842159 0.556995 0.614032 0.803112 0.977501 0.848037 0.697349 0.907988 0.681026 0.879099 0.793498 0.790371 0.831265 0.771113 0.737508 0.802291 0.906311 0.951545 0.961461
0.534731 0.712559 0.604370 0.535060 0.968555 0.890874 0.586815 0.447364 0.974903 0.608300 0.604189 0.728908 0.906168 0.947977 0.844963 0.890616 0.736422 0.582178 0.639375 0.721307 0.884480 0.996118 0.949097 0.993007 0.789817 0.814630 0.922822 0.993207 0.765434 0.682689 0.777299 0.808691 0.530715 0.000000 0.780807 0.690427 0.925077 0.940985 0.796626 0.683412 0.902728 0.844791 0.632844 0.612631 0.798182 0.683397 0.627987 0.613217 0.840995 0.983223 0.883310 0.953140 0.804516 0.731717 0.755113 0.705976 0.675286 0.821950 0.685971 0.710804 0.606451 0.526524 0.588680 0.542753 0.777581 0.557587 0.527321 0.488869 0.974616 0.781314 0.978159 0.854614 0.846546 0.861820 0.970637 0.954766 0.787684 0.751809 0.875115 0.895576 0.639017 0.626566 0.974328 0.750079 0.759002 0.800915 0.916052 0.984160 0.857030 0.653612 0.832896 0.953834 0.788595 0.942752 0.844179 0.719676 0.685569 0.916659 0.574372 0.656565 0.686330 0.944519 0.764347 0.783363 0.806324 0.762606 0.986948 0.833475 0.844840 0.815504 0.727305 0.859855 0.782935 0.997734 0.946498 0.985064
0.804282 0.896458 0.741294 0.694113 0.981102 0.890122 0.766695 0.770744 0.987675 0.831541 0.847434 0.899908 0.961018 0.898640 0.969224 0.848829 0.827812 0.809341 0.771966 0.799213 0.917643 0.997276 0.788260 0.919776 0.763942 0.929519 0.831023 0.963607 0.931036 0.877164 0.705792 0.825652 0.740110 0.780807 0.000000 0.883608 0.908443 0.907258 0.987392 0.871008 0.988770 0.910457 0.755494 0.801351 0.752405 0.730331 0.823562 0.783407 0.861559 0.856768 0.832103 0.844769 0.939418 0.913391 0.887557 0.693547 0.883573 0.910144 0.967998 0.922087 0.787449 0.850560 0.760666 0.761169 0.791735 0.859408 0.774375 0.796358 0.995474 0.828508 0.845558 0.781816 0.896895 0.976555 0.964237 0.923420 0.900519 0.831318 0.765864 0.988223 0.691896 0.681072 0.784078 0.662905 0.747343 0.767675 0.908226 0.847825 0.972363 0.801088 0.764296 0.811469 0.722451 0.868897 0.831777 0.717263 0.820865 0.912046 0.765383 0.768447 0.974495 0.832046 0.842088 0.839095 0.972418 0.826785 0.903444 0.768690 0.872523 0.956026 0.840394 0.826243 0.992360 0.958747 0.811191 0.918718
0.824165 0.913532 0.807098 0.700487 0.968103 0.922016 0.828931 0.695953 0.905624 0.959806 0.754274 0.774465 0.971571 0.908080 0.866263 0.950325 0.856606 0.770716 0.894025 0.946863 0.981731 0.983849 0.994106 0.962300 0.876690 0.796745 0.913494 0.951656 0.945787 0.845600 0.932608 0.863261 0.847600 0.690427 0.883608 0.000000 0.826793 0.903757 0.877598 0.715441 0.928276 0.942956 0.872256 0.868596 0.941887 0.932946 0.912500 0.846207 0.967535 0.891385 0.991849 0.876891 0.919666 0.938493 0.775952 0.828263 0.903961 0.989802 0.941385 0.916273 0.776057 0.748311 0.875293 0.882627 0.753916 0.690042 0.787565 0.726383 0.823555 0.965694 0.817694 0.859840 0.893492 0.983453 0.833751 0.950559 0.875118 0.835249 0.969785 0.920782 0.851944 0.802451 0.905002 0.986320 0.903229 0.848277 0.968250 0.917892 0.940670 0.796617 0.998029 0.945545 0.921009 0.996312 0.748420 0.975507 0.946965 0.993353 0.807971 0.891211 0.987737 0.890869 0.969328 0.950209 0.977879 0.892778 0.896404 0.986938 0.954318 0.929183 0.922858 0.921483 0.931950 0.990927 0.876733 0.944078
0.999112 0.912699 0.967612 0.909048 0.937149 0.905912 0.999182 0.956058 0.989353 0.938191 0.984806 0.986583 0.976009 0.983896 0.970142 0.879957 0.871832 0.940479 0.970256 0.972937 0.817055 0.991504 0.853712 0.885460 0.891397 0.805793 0.953047 0.929736 0.962714 0.914865 0.921372 0.936128 0.957861 0.925077 0.908443 0.826793 0.000000 0.939796 0.955064 0.985340 0.985567 0.850918 0.922535 0.914568 0.934684 0.997978 0.918484 0.871757 0.946210 0.969432 0.978489 0.976636 0.905275 0.915864 0.842767 0.921814 0.953855 0.942614 0.987911 0.980293 0.995953 0.990031 0.983527 0.972023 0.849180 0.893481 0.951481 0.887572 0.936699 0.935880 0.864515 0.837577 0.925534 0.805282 0.876496 0.976884 0.918795 0.823748 0.824800 0.875243 0.979706 0.962717 0.873956 0.889474 0.931484 0.888811 0.940947 0.977780 0.978496 0.919521 0.939879 0.946128 0.901884 0.990290 0.945029 0.951730 0.859371 0.982610 0.915280 0.883983 0.983875 0.919746 0.867378 0.976594 0.912977 0.850235 0.898582 0.969831 0.973961 0.994320 0.965117 0.902389 0.843294 0.793899 0.752429 0.996376
0.863707 0.936460 0.958163 0.875264 0.803871 0.862497 0.905124 0.993044 0.831653 0.890949 0.919177 0.907058 0.791561 0.960704 0.858973 0.947076 0.823752 0.826504 0.793685 0.855197 0.973195 0.950805 0.973272 0.829239 0.846447 0.897453 0.925095 0.948169 0.791250 0.914501 0.802058 0.901719 0.959390 0.940985 0.907258 0.903757 0.939796 0.000000 0.951579 0.995328 0.918251 0.812428 0.760331 0.748407 0.712514 0.697461 0.811068 0.772210 0.767267 0.812631 0.700752 0.805688 0.968101 0.888993 0.953904 0.931766 0.887792 0.810257 0.953244 0.943285 0.765652 0.870532 0.853919 0.860777 0.963181 0.947100 0.783492 0.705963 0.854788 0.986224 0.792854 0.776326 0.827578 0.874537 0.983178 0.998766 0.989087 0.979607 0.980284 0.985754 0.893700 0.953027 0.950936 0.993448 0.977566 0.955776 0.956688 0.997397 0.830207 0.828657 0.923749 0.888740 0.828101 0.820004 0.878415 0.995627 0.950235 0.883981 0.902426 0.935370 0.883606 0.893268 0.864605 0.784616 0.955655 0.885073 0.976090 0.858199 0.974882 0.931022 0.977977 0.966260 0.902277 0.801800 0.962634 0.918873
