0.000000 0.333066 0.973020 0.803959 0.941097 0.910771 0.762672 0.713996 0.919737 0.638134 0.433780 0.364587 0.574843 0.588566 0.803770 0.736193 0.391453 0.393998 0.428709 0.380033 0.931334 0.906569 0.873151 0.904183 0.992464 0.878991 0.897088 0.818977 0.465888 0.450858 0.804061 0.763511 0.580444 0.569836 0.986593 0.975467 0.748225 0.643707 0.971042 0.751098 0.806357 0.699828 0.732631 0.608822 0.792701 0.670290 0.546742 0.584796 0.606925 0.572633 0.732333 0.630284 0.887422 0.947226 0.762722 0.725220 0.385501 0.335364 0.498051 0.522957 0.656773 0.772040 0.522552 0.419377 0.804246 0.847872 0.816766 0.861044 0.355933 0.441403 0.796652 0.860772 0.658609 0.598329 0.788511 0.958463 0.656160 0.688168 0.570179 0.620700 0.356505 0.374316 0.464246 0.476236 0.728105 0.941536 0.998391 0.993556 0.923243 0.779048 0.912300 0.882456 0.829239 0.861296 0.982245 0.816183 0.828193 0.772014 0.682180 0.749014 0.937410 0.888059 0.536539 0.623823 0.846057 0.695377 0.957052 0.814286 0.869879 0.723003 0.854570 0.826535 0.834365 0.793559 0.795639 0.886555
0.333066 0.000000 0.982535 0.865818 0.968785 0.799309 0.686991 0.687731 0.965229 0.597557 0.491638 0.387716 0.727919 0.699478 0.971238 0.838571 0.410662 0.373506 0.411386 0.413460 0.837781 0.955633 0.953223 0.811493 0.943547 0.781968 0.967806 0.695181 0.470088 0.536705 0.837334 0.784110 0.612793 0.521223 0.991762 0.890001 0.829551 0.597280 0.939175 0.820961 0.917298 0.789813 0.560403 0.462638 0.600668 0.499923 0.541114 0.567865 0.468938 0.432316 0.570803 0.513989 0.711003 0.787339 0.851980 0.720955 0.266605 0.253550 0.491985 0.495394 0.690390 0.790813 0.552181 0.428804 0.754136 0.778774 0.802413 0.852953 0.551583 0.443864 0.888219 0.865145 0.817148 0.703909 0.900083 0.894596 0.610633 0.682061 0.527190 0.586663 0.352454 0.417813 0.655359 0.485387 0.818062 0.933836 0.897900 0.923631 0.859007 0.888602 0.995488 0.978845 0.956270 0.912405 0.910959 0.892981 0.895680 0.715231 0.654818 0.614280 0.836822 0.842497 0.464312 0.630179 0.883732 0.851944 0.872554 0.768690 0.996121 0.682155 0.693681 0.740874 0.684852 0.633742 0.804654 0.920637
0.973020 0.982535 0.000000 0.446986 0.890113 0.779486 0.548109 0.575933 0.457492 0.884372 0.915683 0.974285 0.783204 0.793083 0.887533 0.776368 0.842534 0.826375 0.812481 0.942699 0.909930 0.992613 0.601133 0.610199 0.631754 0.515092 0.909844 0.920959 0.916088 0.920756 0.589558 0.651055 0.669549 0.739323 0.671747 0.834576 0.798791 0.983065 0.809511 0.964329 0.939869 0.978812 0.694669 0.739466 0.787372 0.813970 0.658000 0.760993 0.822355 0.986982 0.998047 0.981904 0.899100 0.959143 0.981641 0.827892 0.989331 0.841657 0.901544 0.875293 0.511688 0.505686 0.879999 0.886586 0.367414 0.365858 0.596578 0.492943 0.999925 0.857049 0.745464 0.782504 0.704267 0.781067 0.878142 0.941852 0.746546 0.818067 0.882305 0.888266 0.801815 0.854745 0.920757 0.866706 0.700783 0.560713 0.944710 0.932873 0.810349 0.957980 0.721559 0.912223 0.789271 0.921111 0.840295 0.981139 0.824323 0.944169 0.725155 0.713192 0.790205 0.908164 0.922987 0.880498 0.723745 0.863625 0.871077 0.831409 0.744201 0.937175 0.852235 0.861238 0.779912 0.893064 0.758147 0.971917
0.803959 0.865818 0.446986 0.000000 0.849499 0.844427 0.487311 0.346141 0.538371 0.602003 0.837803 0.709141 0.652863 0.629918 0.802081 0.605945 0.994069 0.993345 0.634828 0.829086 0.919252 0.908821 0.433063 0.600218 0.734785 0.613778 0.891858 0.951224 0.994165 0.946873 0.510638 0.530000 0.582046 0.618238 0.774217 0.827605 0.740241 0.974162 0.847482 0.991288 0.973405 0.885906 0.589330 0.558423 0.798693 0.740149 0.583344 0.645726 0.951869 0.924988 0.889644 0.896292 0.889824 0.927961 0.978525 0.925719 0.910624 0.995794 0.702623 0.752727 0.476169 0.420345 0.938839 0.850881 0.556133 0.457013 0.538094 0.497718 0.855216 0.984964 0.658812 0.618682 0.730601 0.811767 0.932079 0.884510 0.620112 0.761041 0.891899 0.922719 0.984798 0.955407 0.844189 0.991733 0.783733 0.650198 0.908084 0.893156 0.768917 0.800537 0.698684 0.948388 0.779117 0.926647 0.855988 0.988548 0.776574 0.836169 0.618386 0.569058 0.623293 0.923480 0.977340 0.732558 0.566999 0.648774 0.930910 0.677235 0.665943 0.846529 0.731887 0.883303 0.712326 0.833532 0.619632 0.951199
0.941097 0.968785 0.890113 0.849499 0.000000 0.889195 0.937971 0.942781 0.945031 0.938157 0.885760 0.930696 0.801467 0.858126 0.812637 0.915145 0.978188 0.951400 0.895356 0.983757 0.906477 0.878936 0.754332 0.830592 0.774097 0.928884 0.876826 0.879584 0.991509 0.956598 0.820552 0.859726 0.948136 0.951340 0.706196 0.896561 0.993243 0.908582 0.915059 0.887962 0.928550 0.888183 0.847668 0.918115 0.717405 0.766552 0.949800 0.877819 0.738060 0.752062 0.710537 0.783147 0.762357 0.727806 0.928179 0.803378 0.974391 0.962134 0.919020 0.945876 0.874291 0.996750 0.920463 0.957282 0.825343 0.812237 0.945492 0.972090 0.823905 0.973471 0.993578 0.845746 0.965688 0.928121 0.932483 0.971989 0.897996 0.852419 0.879444 0.890978 0.984278 0.987529 0.857294 0.993231 0.858873 0.711334 0.935844 0.919597 0.930056 0.994323 0.848639 0.786024 0.830191 0.950749 0.885280 0.999890 0.918308 0.893149 0.835449 0.877054 0.908962 0.896521 0.869880 0.940426 0.993226 0.793399 0.976937 0.910470 0.916376 0.897158 0.975209 0.947519 0.904015 0.830162 0.920954 0.954283
0.910771 0.799309 0.779486 0.844427 0.889195 0.000000 0.991414 0.883783 0.827875 0.944698 0.732114 0.903372 0.800832 0.799626 0.725495 0.651628 0.691217 0.658065 0.754826 0.918827 0.873719 0.933573 0.820387 0.609101 0.748038 0.578660 0.940575 0.663971 0.716259 0.801011 0.963867 0.957348 0.996049 0.893562 0.952669 0.930657 0.840300 0.886834 0.698298 0.937944 0.989753 0.982144 0.960855 0.918853 0.974534 0.894223 0.932203 0.968406 0.929678 0.964592 0.981821 0.957434 0.845321 0.964676 0.717078 0.874340 0.636369 0.715937 0.845625 0.965353 0.879321 0.713738 0.703028 0.768572 0.724141 0.589285 0.914140 0.845788 0.958667 0.957607 0.779655 0.935300 0.847975 0.926049 0.875960 0.996820 0.972299 0.862132 0.829461 0.969096 0.796520 0.979237 0.836188 0.839914 0.687418 0.637254 0.878357 0.905779 0.914966 0.914825 0.752822 0.845648 0.757686 0.873286 0.984809 0.886428 0.715725 0.804541 0.961587 0.997014 0.912315 0.941379 0.813887 0.955701 0.929828 0.968972 0.822682 0.927694 0.913367 0.903653 0.983387 0.993376 0.954375 0.998587 0.972791 0.921767
0.762672 0.686991 0.548109 0.487311 0.937971 0.991414 0.000000 0.328550 0.678131 0.580319 0.682529 0.672738 0.778886 0.766124 0.908427 0.948123 0.737512 0.792759 0.624920 0.811878 0.999889 0.998610 0.789372 0.970837 0.905951 0.870286 0.692179 0.625184 0.823875 0.816984 0.549904 0.669082 0.418595 0.408128 0.802284 0.761189 0.998466 0.923484 0.908179 0.889027 0.929904 0.988708 0.538798 0.507887 0.504273 0.510421 0.556828 0.585644 0.764819 0.665319 0.647057 0.671256 0.694004 0.787262 0.939369 0.962543 0.718128 0.758662 0.453217 0.547778 0.319515 0.561207 0.599507 0.608743 0.859063 0.747421 0.283046 0.362941 0.934825 0.970922 0.801661 0.723035 0.885629 0.914245 0.911638 0.855981 0.550064 0.775515 0.753734 0.748802 0.785688 0.993308 0.849778 0.948038 0.961194 0.982118 0.966971 0.782101 0.930457 0.924239 0.693603 0.831990 0.682533 0.865054 0.764711 0.933548 0.866716 0.679457 0.494580 0.560952 0.494132 0.758387 0.753022 0.563712 0.653200 0.760291 0.823964 0.631147 0.823791 0.794896 0.601848 0.726090 0.602610 0.717985 0.587971 0.876763
0.713996 0.687731 0.575933 0.346141 0.942781 0.883783 0.328550 0.000000 0.588262 0.377768 0.687235 0.542662 0.660212 0.618184 0.918443 0.666767 0.777903 0.818451 0.541063 0.737544 0.892723 0.886670 0.638016 0.883785 0.964635 0.840572 0.801176 0.802701 0.831728 0.800049 0.493103 0.612791 0.458046 0.403289 0.872076 0.843793 0.799170 0.948451 0.960978 0.917486 0.957439 0.909442 0.440368 0.407696 0.583133 0.523127 0.444526 0.484113 0.798905 0.666766 0.645770 0.644645 0.706334 0.734997 0.909180 0.939153 0.769246 0.794833 0.484340 0.547209 0.339990 0.358022 0.693223 0.591235 0.828021 0.628117 0.424687 0.392019 0.867266 0.877277 0.617855 0.591845 0.815273 0.899046 0.908881 0.896406 0.552435 0.759081 0.713377 0.765880 0.820298 0.996096 0.834259 0.949291 0.967218 0.918334 0.955027 0.732355 0.957156 0.986253 0.673886 0.862447 0.725440 0.956465 0.798588 0.872093 0.735952 0.696081 0.469188 0.439122 0.460455 0.839650 0.737310 0.563533 0.543656 0.712806 0.897666 0.564152 0.744400 0.708557 0.598289 0.686685 0.544012 0.692416 0.610467 0.929251
0.919737 0.965229 0.457492 0.538371 0.945031 0.827875 0.678131 0.588262 0.000000 0.739154 0.938513 0.992640 0.880062 0.735874 0.808445 0.694515 0.808094 0.771782 0.831927 0.984769 0.938944 0.978735 0.642305 0.686257 0.763800 0.529403 0.843983 0.995799 0.898666 0.797192 0.663291 0.760531 0.748996 0.807277 0.703111 0.874668 0.747129 0.999513 0.776271 0.933709 0.978637 0.941840 0.558947 0.672566 0.655072 0.728969 0.668116 0.794460 0.974469 0.916858 0.809242 0.854471 0.721151 0.657937 0.936117 0.963803 0.946194 0.803496 0.947601 0.977688 0.597811 0.450922 0.783436 0.874340 0.518790 0.457627 0.636615 0.615386 0.840201 0.755706 0.590652 0.576567 0.724994 0.883051 0.964237 0.950839 0.777397 0.900351 0.996948 0.993621 0.771669 0.816736 0.921227 0.809382 0.761070 0.707040 0.996181 0.872976 0.733393 0.850212 0.502887 0.669530 0.606524 0.746614 0.822850 0.903469 0.711899 0.874980 0.541305 0.564632 0.710222 0.875298 0.929517 0.830576 0.731846 0.833681 0.865718 0.678197 0.848499 0.842289 0.833390 0.845741 0.708912 0.763170 0.882397 0.819414
0.638134 0.597557 0.884372 0.602003 0.938157 0.944698 0.580319 0.377768 0.739154 0.000000 0.628375 0.513322 0.780223 0.723766 0.961590 0.786020 0.667627 0.685271 0.564606 0.661471 0.698462 0.859116 0.886547 0.852164 0.758667 0.948109 0.793286 0.831097 0.731975 0.747853 0.679890 0.778821 0.596902 0.527956 0.946014 0.925139 0.737885 0.762846 0.947949 0.897939 0.828892 0.768231 0.485521 0.422614 0.614024 0.478502 0.573621 0.500143 0.611896 0.539235 0.578486 0.570044 0.650796 0.623018 0.873616 0.820740 0.646796 0.642383 0.557555 0.642472 0.602535 0.528757 0.695473 0.535812 0.886300 0.968131 0.678858 0.675722 0.777722 0.689636 0.571448 0.593733 0.928807 0.858476 0.926442 0.975818 0.591955 0.845476 0.643656 0.838934 0.688686 0.897601 0.843645 0.830156 0.898231 0.803072 0.897336 0.700113 0.886037 0.978677 0.725811 0.806187 0.796681 0.953828 0.877785 0.819350 0.718603 0.663497 0.482853 0.466899 0.571928 0.809094 0.557777 0.595234 0.650169 0.813247 0.994636 0.514448 0.881390 0.612352 0.648058 0.611730 0.583224 0.702047 0.819974 0.999427
0.433780 0.491638 0.915683 0.837803 0.885760 0.732114 0.682529 0.687235 0.938513 0.628375 0.000000 0.451729 0.727701 0.713394 0.917431 0.856556 0.346395 0.320431 0.432525 0.407848 0.868162 0.931716 0.908568 0.814199 0.942386 0.813643 0.967883 0.748239 0.376291 0.361462 0.654715 0.686131 0.527032 0.425659 0.990260 0.995208 0.953058 0.765537 0.937727 0.876703 0.868928 0.731348 0.902070 0.702911 0.921232 0.786486 0.689976 0.673658 0.835681 0.787197 0.963720 0.866680 0.912650 0.891188 0.935303 0.968194 0.423895 0.462892 0.525705 0.547822 0.617099 0.854832 0.377413 0.368815 0.791519 0.858996 0.742357 0.785934 0.443708 0.584321 0.851211 0.991032 0.716844 0.622482 0.806405 0.952732 0.744229 0.666896 0.640806 0.807949 0.519254 0.708325 0.508376 0.581537 0.989019 0.949490 0.820119 0.836722 0.837207 0.910361 0.716030 0.658852 0.635394 0.648978 0.998678 0.864511 0.906127 0.683142 0.861695 0.840694 0.911932 0.951987 0.629275 0.542010 0.911502 0.685800 0.928044 0.876820 0.953519 0.747643 0.870743 0.967301 0.780849 0.833546 0.765414 0.847422
0.364587 0.387716 0.974285 0.709141 0.930696 0.903372 0.672738 0.542662 0.992640 0.513322 0.451729 0.000000 0.504868 0.481580 0.776496 0.590268 0.390745 0.372002 0.378479 0.378860 0.899824 0.894567 0.740875 0.962410 0.976417 0.836634 0.999703 0.697201 0.455447 0.391477 0.624664 0.637572 0.506956 0.471180 0.922733 0.984267 0.755313 0.668981 0.976646 0.864993 0.805267 0.719017 0.625052 0.520645 0.772996 0.654666 0.544563 0.571283 0.661134 0.640677 0.693656 0.651152 0.854815 0.859158 0.871214 0.757019 0.478075 0.404704 0.505710 0.503487 0.564810 0.630336 0.441026 0.310911 0.749108 0.908548 0.771544 0.779143 0.499228 0.495972 0.724070 0.727039 0.697915 0.720001 0.891481 0.925981 0.639784 0.681671 0.472844 0.710215 0.385233 0.504675 0.537670 0.500240 0.874587 0.994222 0.922997 0.857812 0.945397 0.875802 0.950745 0.845271 0.867553 0.764939 0.950454 0.747459 0.861034 0.655754 0.692183 0.657129 0.798305 0.849799 0.566204 0.508816 0.709253 0.679992 0.976162 0.777401 0.862379 0.657077 0.828422 0.838623 0.779009 0.726258 0.744129 0.868801
0.574843 0.727919 0.783204 0.652863 0.801467 0.800832 0.778886 0.660212 0.880062 0.780223 0.727701 0.504868 0.000000 0.359435 0.433593 0.477515 0.728764 0.715224 0.640270 0.601373 0.794444 0.950990 0.546134 0.728393 0.852893 0.910643 0.960326 0.847077 0.707707 0.662697 0.649681 0.695880 0.576873 0.754435 0.931690 0.988310 0.815085 0.955756 0.998849 0.903949 0.892480 0.796028 0.786344 0.763365 0.941119 0.884810 0.659828 0.763853 0.987093 0.909637 0.863619 0.782508 0.896278 0.876210 0.924020 0.905123 0.845575 0.775720 0.764419 0.756097 0.548552 0.578279 0.734627 0.658300 0.856830 0.776022 0.844073 0.845196 0.616962 0.710345 0.623863 0.750936 0.544338 0.668339 0.759283 0.995057 0.730051 0.836183 0.805128 0.749841 0.676416 0.646919 0.701923 0.795509 0.610577 0.697282 0.893063 0.932903 0.893952 0.828681 0.880441 0.987590 0.999088 0.976801 0.994467 0.721149 0.735204 0.852103 0.790560 0.804011 0.887579 0.819189 0.931522 0.604375 0.759341 0.718074 0.931999 0.836092 0.761371 0.924259 0.921220 0.914745 0.919680 0.831033 0.748724 0.870222
0.588566 0.699478 0.793083 0.629918 0.858126 0.799626 0.766124 0.618184 0.735874 0.723766 0.713394 0.481580 0.359435 0.000000 0.461642 0.354993 0.678579 0.690284 0.582104 0.568667 0.865927 0.957071 0.455910 0.671274 0.800104 0.846593 0.932520 0.961028 0.688377 0.621957 0.583813 0.575201 0.511259 0.725633 0.953506 0.886069 0.700315 0.838250 0.943363 0.848386 0.861693 0.751011 0.686010 0.676390 0.855438 0.855927 0.611330 0.809139 0.927862 0.911756 0.782051 0.766905 0.736159 0.742342 0.934611 0.925944 0.804532 0.773711 0.821407 0.827509 0.544145 0.496525 0.754676 0.621844 0.915486 0.763742 0.791505 0.800416 0.677645 0.732225 0.519146 0.607161 0.496399 0.744912 0.769400 0.973894 0.730128 0.761489 0.692763 0.812487 0.641762 0.694556 0.632195 0.775266 0.613111 0.667355 0.872737 0.818248 0.884565 0.778243 0.802822 0.972336 0.970244 0.991491 0.982741 0.823553 0.708030 0.814926 0.709736 0.746311 0.851154 0.800407 0.853735 0.528680 0.821236 0.663915 0.863212 0.779499 0.816835 0.794938 0.885962 0.910914 0.869347 0.821859 0.771348 0.999004
0.803770 0.971238 0.887533 0.802081 0.812637 0.725495 0.908427 0.918443 0.808445 0.961590 0.917431 0.776496 0.433593 0.461642 0.000000 0.431387 0.892759 0.937404 0.856113 0.780094 0.802745 0.970218 0.553136 0.636714 0.733923 0.881191 0.883386 0.859426 0.867368 0.801894 0.758123 0.716359 0.798437 0.987405 0.989558 0.989767 0.769207 0.989239 0.910052 0.832800 0.868840 0.874935 0.962873 0.992932 0.834918 0.854077 0.816477 0.945417 0.813589 0.856955 0.963731 0.962714 0.964116 0.932149 0.973322 0.992335 0.919024 0.958027 0.973893 0.991617 0.809657 0.720451 0.963806 0.898848 0.821325 0.768029 0.924420 0.953209 0.702708 0.914236 0.581425 0.793403 0.645706 0.762613 0.883751 0.844695 0.948132 0.893714 0.932554 0.924007 0.906760 0.869583 0.843058 0.976095 0.639277 0.635459 0.948704 0.978927 0.811420 0.845754 0.953512 0.928440 0.884179 0.967783 0.965070 0.843598 0.779411 0.968376 0.951467 0.987743 0.946295 0.974149 0.926828 0.770684 0.841590 0.723483 0.918395 0.976702 0.776246 0.917639 0.855971 0.943570 0.877762 0.948922 0.892771 0.956973
0.736193 0.838571 0.776368 0.605945 0.915145 0.651628 0.948123 0.666767 0.694515 0.786020 0.856556 0.590268 0.477515 0.354993 0.431387 0.000000 0.894104 0.896047 0.717452 0.668020 0.916007 0.921407 0.406126 0.519019 0.682702 0.775041 0.983947 0.903341 0.815989 0.708804 0.568258 0.567684 0.699480 0.823394 0.929361 0.915709 0.702331 0.835594 0.782994 0.857008 0.964016 0.777960 0.699334 0.730905 0.942955 0.900230 0.627605 0.787614 0.960232 0.984798 0.851528 0.809699 0.797391 0.805118 0.891271 0.961155 0.994514 0.971110 0.895403 0.817086 0.657907 0.446106 0.986648 0.797498 0.781719 0.605090 0.902885 0.780656 0.811956 0.791861 0.533736 0.735425 0.555737 0.742376 0.850506 0.950218 0.891103 0.766519 0.803442 0.872530 0.813238 0.775880 0.747097 0.835610 0.654750 0.553903 0.949641 0.904791 0.815548 0.786817 0.861486 0.954575 0.967983 0.883510 0.996750 0.820680 0.722967 0.832058 0.826471 0.755336 0.899715 0.960343 0.956604 0.720886 0.817307 0.714946 0.912872 0.897166 0.742669 0.854978 0.935887 0.976483 0.951343 0.891904 0.745857 0.934237
0.391453 0.410662 0.842534 0.994069 0.978188 0.691217 0.737512 0.777903 0.808094 0.667627 0.346395 0.390745 0.728764 0.678579 0.892759 0.894104 0.000000 0.256156 0.440841 0.409675 0.864623 0.993209 0.999323 0.666129 0.797254 0.598043 0.977047 0.720145 0.316536 0.298371 0.781539 0.781534 0.539590 0.502892 0.865719 0.929936 0.949183 0.779311 0.826400 0.881417 0.850282 0.771573 0.823777 0.657385 0.812211 0.713927 0.677754 0.687861 0.636545 0.635018 0.760352 0.679378 0.895486 0.927346 0.938417 0.853355 0.387986 0.325770 0.496640 0.591508 0.694025 0.958083 0.290231 0.261635 0.553077 0.602236 0.817445 0.942260 0.456473 0.514389 0.893697 0.910611 0.800343 0.735025 0.852286 0.973736 0.714610 0.702266 0.456310 0.695742 0.311958 0.591849 0.550705 0.523627 0.964139 0.768168 0.820163 0.824144 0.797180 0.944579 0.761586 0.753013 0.696913 0.717853 0.904941 0.795975 0.958178 0.650721 0.785594 0.840550 0.881911 0.961013 0.569419 0.523496 0.911349 0.773437 0.962015 0.852391 0.922738 0.667630 0.896168 0.876253 0.798246 0.815664 0.782076 0.794322
0.393998 0.373506 0.826375 0.993345 0.951400 0.658065 0.792759 0.818451 0.771782 0.685271 0.320431 0.372002 0.715224 0.690284 0.937404 0.896047 0.256156 0.000000 0.408382 0.408422 0.859860 0.960972 0.939664 0.737305 0.816503 0.631462 0.962802 0.723450 0.306431 0.321598 0.803944 0.778381 0.586487 0.530950 0.844804 0.962753 0.983229 0.718237 0.818629 0.880151 0.871903 0.725088 0.893100 0.691781 0.916642 0.796027 0.766610 0.747597 0.720943 0.722119 0.855991 0.793077 0.966206 0.988011 0.988010 0.896133 0.339663 0.298920 0.545366 0.606414 0.761548 0.994073 0.302470 0.274888 0.582144 0.597484 0.911159 0.989262 0.443420 0.490881 0.885448 0.950523 0.804913 0.727840 0.852187 0.960639 0.782606 0.710011 0.465107 0.808807 0.362082 0.560035 0.517485 0.475282 0.983100 0.783337 0.856164 0.872420 0.784180 0.984977 0.728537 0.719598 0.668975 0.720262 0.951285 0.855725 0.903108 0.669963 0.858773 0.871215 0.971287 0.928855 0.545997 0.557926 0.898680 0.777104 0.936991 0.882863 0.963855 0.743962 0.849193 0.926622 0.808167 0.758980 0.836984 0.797971
0.428709 0.411386 0.812481 0.634828 0.895356 0.754826 0.624920 0.541063 0.831927 0.564606 0.432525 0.378479 0.640270 0.582104 0.856113 0.717452 0.440841 0.408382 0.000000 0.403792 0.932415 0.960355 0.676319 0.975350 0.925223 0.910539 0.967995 0.715293 0.446500 0.500966 0.611555 0.544656 0.454570 0.449661 0.977337 0.924466 0.671107 0.657770 0.948699 0.889354 0.848776 0.741992 0.576694 0.463603 0.749746 0.629980 0.502183 0.560904 0.749138 0.678770 0.795877 0.734348 0.922744 0.915762 0.957202 0.999034 0.364605 0.428908 0.540289 0.584440 0.573132 0.672099 0.525293 0.420940 0.922686 0.993366 0.751264 0.744406 0.539228 0.625626 0.748785 0.746906 0.733762 0.719716 0.961869 0.963974 0.655357 0.626293 0.565650 0.703950 0.528043 0.667611 0.529022 0.565719 0.858038 0.961561 0.882606 0.831283 0.934431 0.917573 0.935942 0.811481 0.824442 0.796513 0.826654 0.897259 0.936143 0.717204 0.634318 0.642171 0.857936 0.819064 0.585499 0.583396 0.792791 0.792184 0.898345 0.710213 0.915792 0.593920 0.748474 0.861886 0.724433 0.640637 0.703710 0.865692
0.380033 0.413460 0.942699 0.829086 0.983757 0.918827 0.811878 0.737544 0.984769 0.661471 0.407848 0.378860 0.601373 0.568667 0.780094 0.668020 0.409675 0.408422 0.403792 0.000000 0.912062 0.968206 0.789913 0.997476 0.919586 0.918745 0.901864 0.765436 0.437408 0.421542 0.728682 0.709177 0.602511 0.549055 0.983385 0.967535 0.692324 0.584151 0.975029 0.678239 0.833646 0.672269 0.726245 0.658884 0.871287 0.751667 0.595087 0.619660 0.717082 0.685311 0.843373 0.753504 0.966352 0.990261 0.862268 0.861161 0.453644 0.420188 0.666145 0.593823 0.716648 0.726217 0.598645 0.466722 0.833185 0.916658 0.911446 0.896123 0.434019 0.421544 0.805125 0.902550 0.659062 0.670674 0.853040 0.982329 0.700495 0.775660 0.629850 0.725326 0.476297 0.501758 0.539588 0.436288 0.750456 0.898145 0.860731 0.887042 0.997096 0.887318 0.843525 0.729417 0.700699 0.698930 0.892892 0.823208 0.880725 0.726223 0.821591 0.790716 0.954524 0.886741 0.676808 0.672094 0.864273 0.792363 0.920060 0.846788 0.894323 0.630808 0.927442 0.932011 0.885308 0.802960 0.846466 0.789225
0.931334 0.837781 0.909930 0.919252 0.906477 0.873719 0.999889 0.892723 0.938944 0.698462 0.868162 0.899824 0.794444 0.865927 0.802745 0.916007 0.864623 0.859860 0.932415 0.912062 0.000000 0.960374 0.799131 0.727079 0.816147 0.885806 0.937617 0.968101 0.925585 0.936146 0.924040 0.806312 0.947125 0.865466 0.922349 0.830087 0.923893 0.742600 0.906536 0.985676 0.972811 0.934044 0.839574 0.856985 0.922434 0.877939 0.923618 0.826643 0.845435 0.799438 0.900370 0.873173 0.929725 0.905925 0.913162 0.910673 0.798366 0.842632 0.825407 0.816813 0.985876 0.908656 0.939950 0.862970 0.883087 0.863356 0.911095 0.983559 0.927670 0.819138 0.984577 0.958087 0.993242 0.921153 0.963780 0.912697 0.948296 0.918232 0.854578 0.950786 0.906079 0.998360 0.986305 0.818380 0.745375 0.711849 0.925286 0.893482 0.984292 0.862894 0.932807 0.989949 0.937593 0.863651 0.963763 0.930432 0.912406 0.808340 0.871613 0.833851 0.910698 0.871425 0.823565 0.989191 0.997952 0.969731 0.818616 0.956543 0.963206 0.939501 0.810248 0.762266 0.800112 0.855615 0.884815 0.876981
0.906569 0.955633 0.992613 0.908821 0.878936 0.933573 0.998610 0.886670 0.978735 0.859116 0.931716 0.894567 0.950990 0.957071 0.970218 0.921407 0.993209 0.960972 0.960355 0.968206 0.960374 0.000000 0.975240 0.966927 0.879628 0.942502 0.801958 0.977302 0.990297 0.982483 0.995080 0.943776 0.979381 0.923597 0.938898 0.998579 0.860260 0.860223 0.973817 0.759089 0.926160 0.965931 0.906680 0.858434 0.930928 0.868879 0.887893 0.895789 0.909135 0.855634 0.840525 0.868496 0.909859 0.900944 0.864320 0.807346 0.973042 0.982183 0.942737 0.965180 0.989247 0.971999 0.996306 0.997573 0.972808 0.970998 0.920496 0.960347 0.987344 0.919247 0.914216 0.943739 0.900943 0.708313 0.828547 0.880149 0.902526 0.811611 0.994522 0.942860 0.930342 0.937844 0.894040 0.901038 0.988137 0.980688 0.891639 0.893764 0.975953 0.961353 0.891510 0.917010 0.952370 0.980166 0.964692 0.907399 0.719257 0.934690 0.952647 0.972308 0.925455 0.978069 0.969907 0.882953 0.826165 0.996346 0.897525 0.936918 0.955283 0.927862 0.990964 0.769106 0.945799 0.958737 0.979126 0.934521
0.873151 0.953223 0.601133 0.433063 0.754332 0.820387 0.789372 0.638016 0.642305 0.886547 0.908568 0.740875 0.546134 0.455910 0.553136 0.406126 0.999323 0.939664 0.676319 0.789913 0.799131 0.975240 0.000000 0.438853 0.623871 0.696905 0.992395 0.956051 0.927396 0.865680 0.567417 0.503233 0.704554 0.854056 0.969746 0.871397 0.779444 0.958759 0.923432 0.946115 0.954895 0.842542 0.764236 0.759845 0.925559 0.964163 0.771572 0.919836 0.710226 0.790912 0.928692 0.927289 0.957774 0.995732 0.905250 0.843654 0.995990 0.960628 0.920883 0.907236 0.632266 0.560876 0.973387 0.872804 0.558420 0.524008 0.809021 0.777572 0.893154 0.970831 0.641536 0.674859 0.542658 0.825141 0.880333 0.941283 0.833763 0.789652 0.891770 0.963859 0.997307 0.979096 0.752185 0.912304 0.646722 0.505658 0.956873 0.987005 0.762767 0.721347 0.849378 0.880607 0.996853 0.970968 0.856879 0.978907 0.879882 0.878801 0.832407 0.770744 0.905318 0.967165 0.916271 0.780107 0.758478 0.687961 0.947480 0.893770 0.725090 0.921793 0.925306 0.995283 0.931193 0.923840 0.660239 0.898875
0.904183 0.811493 0.610199 0.600218 0.830592 0.609101 0.970837 0.883785 0.686257 0.852164 0.814199 0.962410 0.728393 0.671274 0.636714 0.519019 0.666129 0.737305 0.975350 0.997476 0.727079 0.966927 0.438853 0.000000 0.448156 0.462666 0.882002 0.840683 0.821833 0.876053 0.711506 0.708375 0.933526 0.906450 0.888867 0.884068 0.772870 0.966814 0.689297 0.883967 0.926437 0.923201 0.942178 0.997357 0.849063 0.814572 0.907247 0.963085 0.661449 0.711787 0.798345 0.795310 0.957741 0.857290 0.985582 0.864433 0.727764 0.713506 0.780504 0.908369 0.862694 0.663309 0.672731 0.736598 0.463426 0.424369 0.976412 0.817880 0.971678 0.839035 0.792799 0.876431 0.673617 0.878340 0.899033 0.922525 0.998500 0.930416 0.868382 0.998621 0.774695 0.976705 0.957398 0.893714 0.572781 0.390921 0.844387 0.803814 0.672562 0.703551 0.898787 0.892404 0.993285 0.967352 0.962916 0.875949 0.811775 0.847417 0.946291 0.975688 0.946030 0.972235 0.717488 0.962517 0.904015 0.862284 0.988568 0.915754 0.867825 0.839109 0.973229 0.766355 0.842296 0.982066 0.850417 0.895145
0.992464 0.943547 0.631754 0.734785 0.774097 0.748038 0.905951 0.964635 0.763800 0.758667 0.942386 0.976417 0.852893 0.800104 0.733923 0.682702 0.797254 0.816503 0.925223 0.919586 0.816147 0.879628 0.623871 0.448156 0.000000 0.490165 0.795152 0.783856 0.881653 0.900599 0.722822 0.696638 0.963874 0.969829 0.862187 0.980596 0.741182 0.781511 0.565463 0.852807 0.974649 0.950719 0.998248 0.912672 0.819887 0.781919 0.936384 0.978677 0.687636 0.747302 0.703499 0.725958 0.820676 0.730108 0.992312 0.947337 0.922374 0.813520 0.817299 0.968506 0.941298 0.806455 0.693091 0.742177 0.511837 0.545470 0.955943 0.868516 0.848454 0.955921 0.953913 0.923800 0.627460 0.746639 0.984260 0.966445 0.971127 0.828480 0.891355 0.927529 0.888189 0.850296 0.845944 0.922851 0.555019 0.376831 0.865470 0.758242 0.700209 0.694608 0.898959 0.749474 0.848448 0.832903 0.985710 0.960207 0.968108 0.838960 0.887017 0.882795 0.828869 0.872917 0.799074 0.941447 0.981931 0.908534 0.948798 0.849872 0.899451 0.902811 0.920397 0.739959 0.861233 0.867379 0.882747 0.976312
0.878991 0.781968 0.515092 0.613778 0.928884 0.578660 0.870286 0.840572 0.529403 0.948109 0.813643 0.836634 0.910643 0.846593 0.881191 0.775041 0.598043 0.631462 0.910539 0.918745 0.885806 0.942502 0.696905 0.462666 0.490165 0.000000 0.971575 0.797158 0.670979 0.673115 0.779631 0.863066 0.913743 0.980887 0.710468 0.934589 0.812686 0.938538 0.592663 0.942742 0.982477 0.899988 0.889672 0.985474 0.974849 0.937339 0.900700 0.981342 0.776896 0.818357 0.879485 0.826111 0.974972 0.940004 0.918185 0.995825 0.742476 0.629301 0.824064 0.875609 0.801319 0.650182 0.613474 0.636424 0.423473 0.392013 0.790813 0.695035 0.910509 0.793149 0.772177 0.787241 0.706852 0.877092 0.910295 0.951296 0.960393 0.983346 0.776142 0.969569 0.687941 0.926701 0.951632 0.842913 0.619703 0.472706 0.828629 0.761854 0.671914 0.746805 0.751272 0.901750 0.757217 0.846870 0.875099 0.974563 0.766031 0.928463 0.872836 0.939114 0.902703 0.947024 0.823792 0.958599 0.873523 0.862798 0.906963 0.942814 0.954074 0.904234 0.933259 0.855288 0.997639 0.986548 0.975122 0.846872
0.897088 0.967806 0.909844 0.891858 0.876826 0.940575 0.692179 0.801176 0.843983 0.793286 0.967883 0.999703 0.960326 0.932520 0.883386 0.983947 0.977047 0.962802 0.967995 0.901864 0.937617 0.801958 0.992395 0.882002 0.795152 0.971575 0.000000 0.865408 0.974004 0.960903 0.838895 0.935016 0.816630 0.886247 0.882478 0.878662 0.927284 0.757360 0.983491 0.919867 0.896876 0.880744 0.809317 0.871319 0.694177 0.751405 0.935776 0.927586 0.860335 0.912841 0.762582 0.828953 0.680294 0.674041 0.950241 0.970401 0.922086 0.921985 0.869057 0.943044 0.765584 0.791891 0.916089 0.891411 0.959363 0.925035 0.647568 0.696242 0.816560 0.931279 0.803364 0.801354 0.998074 0.875546 0.988544 0.942186 0.821800 0.952946 0.939937 0.981293 0.960313 0.813428 0.835003 0.819386 0.830044 0.844950 0.963286 0.613875 0.934836 0.740263 0.745245 0.786078 0.707805 0.869199 0.900597 0.971760 0.950584 0.866563 0.761373 0.871738 0.716817 0.875479 0.930170 0.829661 0.927372 0.971617 0.865507 0.836391 0.889266 0.933088 0.737560 0.885460 0.830469 0.903617 0.871925 0.966128
0.818977 0.695181 0.920959 0.951224 0.879584 0.663971 0.625184 0.802701 0.995799 0.831097 0.748239 0.697201 0.847077 0.961028 0.859426 0.903341 0.720145 0.723450 0.715293 0.765436 0.968101 0.977302 0.956051 0.840683 0.783856 0.797158 0.865408 0.000000 0.714943 0.774000 0.912799 0.910048 0.774050 0.756815 0.848641 0.884489 0.897683 0.937252 0.819387 0.965769 0.992519 0.940431 0.808527 0.770513 0.733705 0.709181 0.816375 0.796063 0.750465 0.766870 0.764551 0.775648 0.924190 0.890524 0.948059 0.954084 0.712357 0.662613 0.614576 0.667043 0.702718 0.871310 0.637285 0.680306 0.859928 0.897514 0.693388 0.783655 0.953484 0.926848 0.980594 0.954075 0.977291 0.957292 0.859852 0.961178 0.741411 0.941209 0.787404 0.788958 0.716664 0.762469 0.894347 0.828489 0.995417 0.875468 0.956669 0.808387 0.938822 0.949404 0.961787 0.967044 0.924462 0.972026 0.880570 0.992589 0.875735 0.723843 0.827719 0.798798 0.922563 0.708877 0.751055 0.733728 0.823277 0.954782 0.959363 0.836562 0.914062 0.807726 0.943383 0.908539 0.834083 0.849626 0.926581 0.880408
0.465888 0.470088 0.916088 0.994165 0.991509 0.716259 0.823875 0.831728 0.898666 0.731975 0.376291 0.455447 0.707707 0.688377 0.867368 0.815989 0.316536 0.306431 0.446500 0.437408 0.925585 0.990297 0.927396 0.821833 0.881653 0.670979 0.974004 0.714943 0.000000 0.291373 0.752197 0.689796 0.573180 0.536457 0.855694 0.919233 0.966425 0.761150 0.888100 0.802295 0.993037 0.823839 0.861096 0.701376 0.836426 0.723471 0.700663 0.688083 0.701941 0.667458 0.798794 0.685533 0.922252 0.943046 0.952455 0.940624 0.462505 0.409010 0.561562 0.533999 0.695998 0.912157 0.383625 0.339126 0.676790 0.739251 0.890442 0.937712 0.526117 0.606222 0.919170 0.959928 0.765841 0.693708 0.871375 0.981643 0.852030 0.731469 0.538282 0.773355 0.393133 0.617761 0.544991 0.560006 0.992815 0.869552 0.831373 0.817533 0.825789 0.952933 0.723986 0.672618 0.605728 0.638471 0.937363 0.842816 0.962370 0.704911 0.844833 0.865443 0.964120 0.950493 0.562931 0.564693 0.915749 0.822606 0.963765 0.930789 0.976598 0.751662 0.972144 0.949579 0.777980 0.773513 0.794741 0.839092
0.450858 0.536705 0.920756 0.946873 0.956598 0.801011 0.816984 0.800049 0.797192 0.747853 0.361462 0.391477 0.662697 0.621957 0.801894 0.708804 0.298371 0.321598 0.500966 0.421542 0.936146 0.982483 0.865680 0.876053 0.900599 0.673115 0.960903 0.774000 0.291373 0.000000 0.663211 0.652017 0.568737 0.521753 0.913562 0.924164 0.983871 0.808834 0.926780 0.787832 0.936207 0.796620 0.914845 0.739541 0.923267 0.798500 0.685618 0.699236 0.784426 0.751649 0.862368 0.749393 0.967596 0.992199 0.973844 0.936840 0.553323 0.476499 0.553577 0.550628 0.669044 0.865748 0.352889 0.295898 0.650772 0.768684 0.855533 0.866667 0.478154 0.549225 0.897503 0.971553 0.752960 0.664559 0.780317 0.993558 0.837918 0.646134 0.531315 0.759302 0.374090 0.636077 0.493183 0.553515 0.957506 0.915825 0.837281 0.834039 0.788028 0.906397 0.663085 0.587168 0.541576 0.540334 0.963033 0.769272 0.942659 0.667470 0.937191 0.905213 0.979281 0.997062 0.624915 0.529941 0.860302 0.685314 0.940708 0.982641 0.887901 0.726418 0.983671 0.963533 0.926236 0.877539 0.708302 0.751598
0.804061 0.837334 0.589558 0.510638 0.820552 0.963867 0.549904 0.493103 0.663291 0.679890 0.654715 0.624664 0.649681 0.583813 0.758123 0.568258 0.781539 0.803944 0.611555 0.728682 0.924040 0.995080 0.567417 0.711506 0.722822 0.779631 0.838895 0.912799 0.752197 0.663211 0.000000 0.407032 0.502187 0.504662 0.933211 0.753127 0.858417 0.905004 0.810837 0.946117 0.932232 0.856491 0.686558 0.679592 0.791383 0.763759 0.638440 0.643312 0.937864 0.954986 0.902121 0.898889 0.837859 0.882075 0.951500 0.931798 0.891159 0.968187 0.709466 0.713752 0.433267 0.482847 0.751232 0.661555 0.823786 0.616542 0.572073 0.469789 0.828512 0.930857 0.670890 0.737388 0.695595 0.737560 0.786682 0.923020 0.751887 0.595669 0.783628 0.890826 0.811050 0.966551 0.663008 0.925681 0.915092 0.772056 0.968824 0.828347 0.838401 0.997953 0.934786 0.849419 0.979461 0.842618 0.915629 0.738855 0.919984 0.668192 0.748129 0.766058 0.642097 0.927253 0.912168 0.607945 0.658972 0.656455 0.872394 0.714916 0.755629 0.876961 0.767607 0.979478 0.855533 0.889650 0.605118 0.952866
0.763511 0.784110 0.651055 0.530000 0.859726 0.957348 0.669082 0.612791 0.760531 0.778821 0.686131 0.637572 0.695880 0.575201 0.716359 0.567684 0.781534 0.778381 0.544656 0.709177 0.806312 0.943776 0.503233 0.708375 0.696638 0.863066 0.935016 0.910048 0.689796 0.652017 0.407032 0.000000 0.529167 0.633329 0.977819 0.884278 0.816018 0.785468 0.896682 0.862036 0.950120 0.902600 0.663040 0.633683 0.824631 0.759820 0.653902 0.713491 0.996898 0.947340 0.870679 0.849797 0.873485 0.867809 0.936860 0.900898 0.795778 0.907007 0.772327 0.792573 0.592331 0.613571 0.777596 0.695593 0.864120 0.709728 0.751921 0.633416 0.782910 0.930003 0.753383 0.794144 0.786718 0.819933 0.893776 0.997777 0.824549 0.592548 0.775150 0.823191 0.795917 0.940647 0.646300 0.771676 0.869367 0.738265 0.994568 0.808962 0.913610 0.977310 0.964216 0.783644 0.884660 0.901403 0.985419 0.811227 0.945380 0.846116 0.743538 0.829209 0.763715 0.792863 0.828902 0.711210 0.733911 0.714483 0.927043 0.747103 0.754017 0.782729 0.866156 0.989051 0.802966 0.868844 0.562911 0.953771
0.580444 0.612793 0.669549 0.582046 0.948136 0.996049 0.418595 0.458046 0.748996 0.596902 0.527032 0.506956 0.576873 0.511259 0.798437 0.699480 0.539590 0.586487 0.454570 0.602511 0.947125 0.979381 0.704554 0.933526 0.963874 0.913743 0.816630 0.774050 0.573180 0.568737 0.502187 0.529167 0.000000 0.410030 0.925998 0.787532 0.807705 0.871253 0.957773 0.929280 0.848150 0.770038 0.608105 0.502120 0.563125 0.555212 0.461745 0.573067 0.734590 0.667575 0.651074 0.624677 0.685006 0.752230 0.897598 0.936329 0.606274 0.634811 0.552579 0.662533 0.358621 0.570281 0.505883 0.475557 0.972653 0.859115 0.472733 0.548341 0.664567 0.775252 0.669595 0.670698 0.701525 0.790931 0.795882 0.962626 0.678292 0.664144 0.618054 0.690795 0.555245 0.754591 0.577764 0.740527 0.798999 0.876262 0.990858 0.823393 0.980741 0.995270 0.837123 0.987466 0.939953 0.937911 0.774076 0.794804 0.856670 0.639975 0.519997 0.643013 0.673053 0.768944 0.667328 0.388875 0.725921 0.713942 0.988639 0.702537 0.858854 0.689819 0.633499 0.797742 0.695141 0.636842 0.564977 0.977221
0.569836 0.521223 0.739323 0.618238 0.951340 0.893562 0.408128 0.403289 0.807277 0.527956 0.425659 0.471180 0.754435 0.725633 0.987405 0.823394 0.502892 0.530950 0.449661 0.549055 0.865466 0.923597 0.854056 0.906450 0.969829 0.980887 0.886247 0.756815 0.536457 0.521753 0.504662 0.633329 0.410030 0.000000 0.929219 0.859113 0.908129 0.814133 0.964222 0.998655 0.945934 0.888756 0.595375 0.475390 0.604804 0.516261 0.459917 0.432537 0.712896 0.625256 0.708143 0.663923 0.824621 0.889695 0.963178 0.933895 0.546067 0.577691 0.403255 0.426387 0.403950 0.590134 0.464426 0.418154 0.937586 0.886839 0.479371 0.473906 0.656255 0.748031 0.841613 0.848309 0.842722 0.774705 0.881435 0.932332 0.641304 0.619436 0.535049 0.706637 0.583729 0.856144 0.669661 0.758572 0.937936 0.951715 0.837018 0.758619 0.886760 0.902047 0.976968 0.874779 0.933098 0.752306 0.851056 0.843126 0.947357 0.579789 0.620590 0.585683 0.570728 0.912091 0.586469 0.471011 0.719079 0.671323 0.965576 0.666403 0.912389 0.654885 0.691309 0.803705 0.674674 0.674206 0.594887 0.850628
0.986593 0.991762 0.671747 0.774217 0.706196 0.952669 0.802284 0.872076 0.703111 0.946014 0.990260 0.922733 0.931690 0.953506 0.989558 0.929361 0.865719 0.844804 0.977337 0.983385 0.922349 0.938898 0.969746 0.888867 0.862187 0.710468 0.882478 0.848641 0.855694 0.913562 0.933211 0.977819 0.925998 0.929219 0.000000 0.957417 0.958505 0.973158 0.906803 0.846779 0.917808 0.991007 0.836542 0.913710 0.805656 0.824049 0.797315 0.822104 0.975377 0.863573 0.909873 0.920240 0.859497 0.901018 0.843427 0.899634 0.966249 0.900160 0.936736 0.918936 0.836464 0.749507 0.861028 0.875420 0.715402 0.774163 0.728165 0.670207 0.967026 0.887873 0.914642 0.872677 0.922462 0.846805 0.932540 0.908379 0.913013 0.932186 0.930775 0.999602 0.931866 0.960633 0.988086 0.931666 0.865468 0.847803 0.958329 0.970867 0.801948 0.867584 0.791821 0.839075 0.821443 0.889532 0.958530 0.906149 0.832163 0.847912 0.835171 0.871579 0.949664 0.955261 0.905861 0.948774 0.926622 0.959728 0.847289 0.925854 0.927805 0.970431 0.987078 0.986403 0.872750 0.953550 0.853127 0.981447
0.975467 0.890001 0.834576 0.827605 0.896561 0.930657 0.761189 0.843793 0.874668 0.925139 0.995208 0.984267 0.988310 0.886069 0.989767 0.915709 0.929936 0.962753 0.924466 0.967535 0.830087 0.998579 0.871397 0.884068 0.980596 0.934589 0.878662 0.884489 0.919233 0.924164 0.753127 0.884278 0.787532 0.859113 0.957417 0.000000 0.975562 0.849850 0.975289 0.979648 0.850901 0.990264 0.814890 0.756568 0.743818 0.774369 0.808481 0.916606 0.879003 0.840540 0.838302 0.839208 0.707306 0.835510 0.974806 0.876032 0.946807 0.915212 0.810082 0.901552 0.763987 0.842175 0.940006 0.900905 0.895850 0.887509 0.725808 0.772560 0.895803 0.934076 0.906588 0.979905 0.967471 0.972649 0.908120 0.884618 0.817765 0.779831 0.930115 0.874132 0.883248 0.997264 0.912317 0.880156 0.937027 0.901876 0.906015 0.923764 0.847059 0.847429 0.859049 0.814078 0.887133 0.939852 0.840458 0.913911 0.956438 0.844697 0.855665 0.726085 0.883611 0.966614 0.918984 0.832628 0.905038 0.987323 0.925285 0.916590 0.930195 0.969476 0.784630 0.850501 0.982419 0.941231 0.785943 0.851489
0.748225 0.829551 0.798791 0.740241 0.993243 0.840300 0.998466 0.799170 0.747129 0.737885 0.953058 0.755313 0.815085 0.700315 0.769207 0.702331 0.949183 0.983229 0.671107 0.692324 0.923893 0.860260 0.779444 0.772870 0.741182 0.812686 0.927284 0.897683 0.966425 0.983871 0.858417 0.816018 0.807705 0.908129 0.958505 0.975562 0.000000 0.655862 0.728280 0.781792 0.698125 0.824193 0.646034 0.721277 0.883399 0.831483 0.656924 0.701091 0.864058 0.867773 0.887416 0.882368 0.884646 0.854051 0.785246 0.904616 0.802805 0.861922 0.981583 0.997616 0.893075 0.652891 0.839241 0.979995 0.859193 0.794009 0.969601 0.862217 0.715716 0.738127 0.735945 0.661688 0.730435 0.872485 0.897977 0.961836 0.737482 0.878642 0.899180 0.864007 0.900582 0.783802 0.771061 0.792087 0.687328 0.722097 0.829279 0.996376 0.766269 0.764386 0.871764 0.956458 0.984355 0.975636 0.932444 0.948275 0.724800 0.995725 0.732233 0.704957 0.985382 0.850027 0.936750 0.954596 0.883869 0.978198 0.843664 0.755134 0.796311 0.788960 0.971797 0.859295 0.974971 0.914345 0.950160 0.991992
0.643707 0.597280 0.983065 0.974162 0.908582 0.886834 0.923484 0.948451 0.999513 0.762846 0.765537 0.668981 0.955756 0.838250 0.989239 0.835594 0.779311 0.718237 0.657770 0.584151 0.742600 0.860223 0.958759 0.966814 0.781511 0.938538 0.757360 0.937252 0.761150 0.808834 0.905004 0.785468 0.871253 0.814133 0.973158 0.849850 0.655862 0.000000 0.793450 0.622990 0.753382 0.729886 0.765159 0.770784 0.909959 0.831731 0.679813 0.654408 0.751661 0.745221 0.864037 0.844355 0.927749 0.972225 0.833918 0.725043 0.569106 0.657003 0.971673 0.847413 0.946471 0.881278 0.956489 0.831095 0.917415 0.918167 0.813461 0.954054 0.668175 0.620841 0.942413 0.841119 0.886597 0.908008 0.873993 0.973671 0.996893 0.858219 0.834522 0.937654 0.685580 0.620001 0.690217 0.477219 0.827973 0.938864 0.999983 0.862934 0.898313 0.830463 0.911300 0.877996 0.800180 0.843032 0.877322 0.796336 0.876038 0.828842 0.876392 0.895352 0.961408 0.999590 0.674298 0.956017 0.967223 0.942156 0.953029 0.942206 0.894563 0.757066 0.906584 0.835641 0.931498 0.765365 0.998873 0.978246
