0.000000 0.230563 0.731403 0.424003 0.804479 0.675838 0.711840 0.584336 0.874434 0.766978 0.329713 0.324244 0.325756 0.361607 0.520719 0.420029 0.283245 0.322658 0.389716 0.350322 0.736192 0.854395 0.725341 0.699816 0.803285 0.929447 0.841054 0.906664 0.407607 0.455176 0.984845 0.953425 0.455352 0.506613 0.893493 0.609015 0.627362 0.633286 0.684747 0.664867 0.759243 0.757077 0.728128 0.676769 0.728863 0.622091 0.376908 0.399309 0.390920 0.411514 0.667838 0.580128 0.931675 0.765680 0.488104 0.436206 0.266767 0.212625 0.280433 0.309787 0.330947 0.410261 0.275480 0.288800 0.540751 0.307681 0.885453 0.841464 0.397370 0.397266 0.795852 0.832611 0.786890 0.661062 0.755450 0.843993 0.635359 0.743550 0.374963 0.511186 0.259177 0.283661 0.500009 0.354769 0.460610 0.483441 0.910361 0.933987 0.550605 0.403447 0.991043 0.939352 0.931171 0.954196 0.757011 0.768165 0.816580 0.898059 0.631915 0.702432 0.984087 0.976880 0.824738 0.818990 0.589192 0.612113 0.877748 0.978554 0.901547 0.906612 0.989210 0.562317 0.760668 0.960439 0.736590 0.974903
0.230563 0.000000 0.700605 0.381847 0.864257 0.647050 0.615811 0.532714 0.781376 0.728608 0.312286 0.326914 0.378601 0.345387 0.566693 0.363140 0.255865 0.275938 0.366111 0.294888 0.669307 0.998739 0.708201 0.632887 0.833924 0.909726 0.881728 0.865129 0.325589 0.366965 0.809762 0.728434 0.385495 0.405822 0.953642 0.644627 0.613570 0.635395 0.699618 0.674716 0.827952 0.669212 0.548473 0.510758 0.592712 0.505071 0.377541 0.358799 0.344045 0.363171 0.500890 0.460309 0.769918 0.904445 0.557711 0.426023 0.219451 0.187727 0.317330 0.353038 0.317926 0.417471 0.257343 0.264764 0.580606 0.367193 0.798984 0.705576 0.468200 0.420644 0.672468 0.699017 0.665395 0.540740 0.790601 0.846146 0.571951 0.641514 0.370992 0.460799 0.291426 0.358107 0.455976 0.407208 0.547174 0.516164 0.976794 0.932297 0.644081 0.461236 0.957611 0.988326 0.887384 0.942154 0.744320 0.773068 0.834536 0.906049 0.580181 0.615461 0.964100 0.960043 0.747229 0.769815 0.583923 0.559631 0.895573 0.984691 0.846625 0.954146 0.948898 0.525814 0.689408 0.877422 0.731736 0.937605
0.731403 0.700605 0.000000 0.465212 0.555162 0.851498 0.533729 0.715011 0.634894 0.765206 0.810965 0.840643 0.597500 0.816027 0.602321 0.595650 0.801147 0.740395 0.567968 0.656056 0.590684 0.849962 0.474105 0.643999 0.546091 0.516321 0.975138 0.976078 0.676628 0.737059 0.603267 0.722777 0.541526 0.622569 0.710635 0.884483 0.571717 0.838678 0.608414 0.754033 0.884407 0.786916 0.611654 0.672165 0.668810 0.685242 0.655948 0.675446 0.729537 0.749646 0.764290 0.789394 0.775527 0.971413 0.705860 0.911058 0.735218 0.691000 0.756004 0.712710 0.506316 0.788933 0.756795 0.752115 0.465258 0.646259 0.589072 0.657248 0.801461 0.630748 0.747797 0.766639 0.753724 0.735935 0.977973 0.723814 0.651983 0.666389 0.766649 0.696409 0.801029 0.789177 0.863836 0.886863 0.759499 0.840939 0.992498 0.852333 0.895606 0.747783 0.715420 0.687169 0.746886 0.748159 0.903884 0.728465 0.869488 0.805546 0.706096 0.591754 0.864485 0.758223 0.845941 0.850944 0.716164 0.701434 0.832832 0.752959 0.919456 0.991886 0.784984 0.697732 0.546158 0.813186 0.827839 0.909936
0.424003 0.381847 0.465212 0.000000 0.710116 0.578450 0.440737 0.334028 0.612929 0.556425 0.488444 0.361019 0.412587 0.378476 0.602161 0.384785 0.477039 0.438517 0.411290 0.351755 0.607888 0.972163 0.572499 0.532508 0.816746 0.732553 0.964817 0.944824 0.433964 0.429773 0.638627 0.708104 0.412516 0.412304 0.802481 0.756847 0.635571 0.726624 0.690516 0.812308 0.856643 0.830684 0.508206 0.549151 0.524216 0.514584 0.447281 0.435354 0.517819 0.483916 0.529962 0.524624 0.651508 0.861761 0.583863 0.643969 0.490467 0.407403 0.508599 0.458724 0.295170 0.358644 0.355608 0.330306 0.612625 0.308334 0.562550 0.601393 0.675133 0.432896 0.627060 0.697173 0.720912 0.659786 0.816629 0.586189 0.524791 0.604772 0.535568 0.562281 0.549916 0.519744 0.733859 0.717642 0.758951 0.734159 0.891975 0.848351 0.774190 0.612245 0.631642 0.765995 0.626763 0.802938 0.679012 0.617397 0.673951 0.810387 0.481733 0.488175 0.656888 0.721889 0.673932 0.684563 0.533723 0.551349 0.968284 0.875396 0.765844 0.901682 0.807817 0.526031 0.566613 0.791307 0.620115 0.883795
0.804479 0.864257 0.555162 0.710116 0.000000 0.807424 0.846537 0.863919 0.916384 0.953888 0.965095 0.898912 0.578275 0.830944 0.546660 0.632201 0.954756 0.918915 0.838367 0.959853 0.790509 0.971384 0.522756 0.578964 0.612987 0.756242 0.644778 0.937004 0.916732 0.886486 0.932170 0.975764 0.759929 0.977130 0.870984 0.813411 0.847590 0.974749 0.940109 0.695394 0.799100 0.906949 0.875972 0.904795 0.933591 0.877425 0.766161 0.817046 0.668988 0.797291 0.919149 0.877556 0.881990 0.832269 0.696739 0.854887 0.952409 0.808915 0.856115 0.754801 0.686481 0.811717 0.877226 0.839382 0.484031 0.651016 0.972287 0.973159 0.791096 0.676239 0.887845 0.810177 0.775858 0.968736 0.886310 0.917087 0.869561 0.889124 0.947462 0.747405 0.834628 0.763588 0.843536 0.777500 0.569388 0.669173 0.657624 0.923259 0.653260 0.703850 0.994097 0.958748 0.975418 0.973710 0.909625 0.944738 0.996559 0.990805 0.976337 0.884528 0.790876 0.999935 0.925879 0.925127 0.956538 0.900677 0.802230 0.947990 0.980301 0.919649 0.840269 0.973786 0.757243 0.974618 0.940634 0.933162
0.675838 0.647050 0.851498 0.578450 0.807424 0.000000 0.623132 0.560650 0.755788 0.675943 0.738853 0.599080 0.765386 0.624046 0.868115 0.559629 0.675622 0.629510 0.661412 0.603569 0.822089 0.926384 0.780838 0.764556 0.940643 0.990679 0.873733 0.932930 0.689399 0.643159 0.774347 0.781090 0.576534 0.638326 0.969087 0.675788 0.858791 0.991406 0.945434 0.918309 0.743945 0.964488 0.684580 0.712965 0.718678 0.717604 0.807338 0.719978 0.722950 0.676144 0.690318 0.656451 0.655229 0.809899 0.815333 0.809245 0.713329 0.753642 0.818227 0.732625 0.663987 0.643157 0.688721 0.580400 0.915975 0.625900 0.834996 0.742983 0.919843 0.831172 0.730422 0.812095 0.768948 0.811079 0.981215 0.850548 0.815475 0.646299 0.794910 0.727611 0.807847 0.795804 0.903246 0.892288 0.949364 0.965387 0.900777 0.862885 0.967843 0.835719 0.708565 0.863146 0.758713 0.774782 0.791051 0.810403 0.972894 0.769668 0.604089 0.735579 0.750283 0.836165 0.866159 0.776460 0.761471 0.907951 0.931337 0.919449 0.897770 0.966115 0.762848 0.705817 0.840902 0.767106 0.828115 0.905257
0.711840 0.615811 0.533729 0.440737 0.846537 0.623132 0.000000 0.314731 0.428128 0.380229 0.648268 0.618495 0.785413 0.676996 0.829884 0.523400 0.583583 0.491144 0.380962 0.492187 0.689721 0.915095 0.574540 0.750371 0.926124 0.909250 0.666341 0.901301 0.433460 0.365923 0.365099 0.441367 0.339960 0.280508 0.740284 0.938980 0.859720 0.847299 0.844566 0.937320 0.909925 0.849587 0.291357 0.372120 0.253398 0.365420 0.708496 0.534570 0.626794 0.620176 0.493046 0.515482 0.435599 0.527750 0.851371 0.843580 0.606872 0.720861 0.714853 0.828318 0.397176 0.618602 0.507044 0.490148 0.881229 0.679310 0.285638 0.326379 0.978260 0.811944 0.470782 0.429556 0.433867 0.387547 0.990957 0.693970 0.468074 0.445988 0.660694 0.682477 0.836085 0.900992 0.828205 0.961796 0.940981 0.901338 0.877319 0.818294 0.880962 0.947832 0.424300 0.571397 0.553996 0.678352 0.743601 0.616072 0.586603 0.677747 0.289955 0.267139 0.510734 0.528501 0.525356 0.622311 0.477923 0.665332 0.680027 0.744671 0.672284 0.841506 0.621033 0.431255 0.335350 0.682919 0.607456 0.910779
0.584336 0.532714 0.715011 0.334028 0.863919 0.560650 0.314731 0.000000 0.488910 0.280453 0.500872 0.333715 0.660918 0.425179 0.901966 0.575260 0.563460 0.488594 0.490068 0.438474 0.867758 0.938822 0.792205 0.828819 0.794742 0.946293 0.655635 0.908276 0.413146 0.378706 0.645062 0.674321 0.489231 0.368306 0.812545 0.815307 0.882588 0.844690 0.899110 0.985611 0.891359 0.944552 0.451137 0.502220 0.348581 0.362793 0.601195 0.460587 0.510184 0.495116 0.445096 0.444934 0.473747 0.604994 0.711470 0.643373 0.655587 0.630980 0.585383 0.597165 0.329818 0.280498 0.375185 0.289877 0.946507 0.446282 0.459774 0.427807 0.907367 0.646056 0.616035 0.617035 0.612383 0.584725 0.866134 0.679649 0.494585 0.601977 0.605722 0.737677 0.720451 0.762835 0.888499 0.902299 0.965453 0.946910 0.866810 0.825754 0.938789 0.765994 0.496930 0.721368 0.555582 0.780053 0.773121 0.712923 0.594153 0.727648 0.358121 0.398892 0.470925 0.670025 0.595563 0.669413 0.490481 0.642910 0.841435 0.897685 0.705986 0.785993 0.704893 0.496368 0.497256 0.741930 0.633036 0.882196
0.874434 0.781376 0.634894 0.612929 0.916384 0.755788 0.428128 0.488910 0.000000 0.382762 0.669565 0.654500 0.871956 0.839044 0.893428 0.655946 0.715908 0.595787 0.667414 0.621573 0.699966 0.858183 0.813555 0.990959 0.865865 0.766188 0.764295 0.878482 0.480722 0.572823 0.502144 0.656064 0.602934 0.483372 0.793514 0.920015 0.692683 0.868744 0.757609 0.841484 0.785772 0.854768 0.512827 0.596214 0.542119 0.674403 0.989971 0.821311 0.799883 0.862256 0.760258 0.808731 0.614131 0.704863 0.975839 0.917301 0.711614 0.858199 0.982960 0.921811 0.630373 0.663484 0.667682 0.626371 0.882996 0.790217 0.519816 0.608396 0.901788 0.766048 0.446045 0.483895 0.547097 0.561907 0.947569 0.720663 0.614367 0.623821 0.723025 0.693715 0.956299 0.936931 0.939636 0.922925 0.856722 0.780130 0.831214 0.754171 0.796467 0.932225 0.465358 0.498045 0.588794 0.514678 0.676592 0.795110 0.864047 0.725441 0.528434 0.485283 0.572172 0.643546 0.662657 0.806024 0.680223 0.841023 0.800171 0.817197 0.850566 0.977092 0.734987 0.638179 0.689604 0.780580 0.801189 0.841554
0.766978 0.728608 0.765206 0.556425 0.953888 0.675943 0.380229 0.280453 0.382762 0.000000 0.611301 0.520999 0.898166 0.720448 0.992516 0.698949 0.627831 0.520597 0.569337 0.533570 0.887828 0.931444 0.914896 0.921949 0.761883 0.983683 0.650463 0.832422 0.439370 0.455291 0.547518 0.669161 0.588280 0.408678 0.758211 0.988436 0.854827 0.814683 0.933410 0.970609 0.919975 0.919860 0.518701 0.577548 0.432022 0.534678 0.882486 0.701967 0.716799 0.789208 0.674470 0.707303 0.614090 0.651782 0.949100 0.874810 0.738697 0.845280 0.828928 0.945471 0.558770 0.499138 0.534441 0.448976 0.934281 0.723011 0.477506 0.523722 0.919070 0.779615 0.461958 0.464281 0.594422 0.494861 0.968806 0.723079 0.614736 0.601385 0.665410 0.773853 0.847289 0.979655 0.965853 0.873502 0.772966 0.706586 0.759919 0.684492 0.879863 0.970118 0.391205 0.529174 0.487729 0.577167 0.798514 0.756144 0.683278 0.703848 0.351850 0.426496 0.487666 0.580230 0.594567 0.725173 0.611297 0.768254 0.883589 0.910957 0.775035 0.883230 0.586073 0.527425 0.552174 0.844566 0.753071 0.817321
0.329713 0.312286 0.810965 0.488444 0.965095 0.738853 0.648268 0.500872 0.669565 0.611301 0.000000 0.287376 0.480093 0.358124 0.644977 0.491333 0.310870 0.302071 0.421978 0.382225 0.743086 0.834646 0.908804 0.838470 0.949155 0.994511 0.974733 0.984277 0.317506 0.340787 0.867228 0.863625 0.492542 0.460586 0.959986 0.606035 0.608704 0.562993 0.637473 0.630455 0.799026 0.767936 0.614144 0.589248 0.678132 0.605054 0.530721 0.553175 0.471956 0.561212 0.623614 0.613452 0.856516 0.921424 0.651614 0.583739 0.327767 0.324147 0.430991 0.519539 0.391503 0.383461 0.302850 0.268450 0.758744 0.413767 0.864140 0.749466 0.591261 0.514048 0.697713 0.701258 0.610293 0.582747 0.780111 0.722871 0.543753 0.753301 0.349459 0.555708 0.355295 0.396421 0.621535 0.498572 0.711091 0.681713 0.940616 0.924582 0.732088 0.537303 0.942239 0.978566 0.956761 0.989269 0.709790 0.785664 0.874535 0.915802 0.631944 0.762118 0.914972 0.991465 0.723975 0.834707 0.654263 0.714596 0.788055 0.876570 0.825889 0.883202 0.969305 0.607618 0.662132 0.996080 0.715524 0.817598
0.324244 0.326914 0.840643 0.361019 0.898912 0.599080 0.618495 0.333715 0.654500 0.520999 0.287376 0.000000 0.412394 0.248908 0.670793 0.430548 0.380888 0.357269 0.478794 0.374508 0.790806 0.857563 0.858946 0.755293 0.915743 0.947482 0.947293 0.989146 0.357019 0.389091 0.914384 0.897668 0.505183 0.469303 0.955161 0.684267 0.766560 0.708135 0.764288 0.789737 0.858284 0.862795 0.664460 0.631387 0.635082 0.539214 0.457110 0.458739 0.432643 0.415462 0.532964 0.483999 0.715165 0.938252 0.587396 0.528476 0.433593 0.350039 0.432203 0.420061 0.325985 0.192743 0.262595 0.204316 0.778901 0.259231 0.825223 0.700626 0.613640 0.458229 0.748830 0.760682 0.735188 0.676135 0.753645 0.744419 0.592636 0.731418 0.434065 0.602162 0.401097 0.423513 0.666190 0.516698 0.727065 0.697838 0.989317 0.994325 0.659070 0.577798 0.794104 0.952481 0.793508 0.962795 0.740990 0.781473 0.778221 0.817205 0.579580 0.671112 0.756592 0.943745 0.770457 0.778384 0.531126 0.652758 0.863346 0.931670 0.817752 0.872258 0.936739 0.558646 0.737009 0.954403 0.716553 0.848350
0.325756 0.378601 0.597500 0.412587 0.578275 0.765386 0.785413 0.660918 0.871956 0.898166 0.480093 0.412394 0.000000 0.363743 0.298978 0.333371 0.517235 0.563158 0.513091 0.518830 0.716058 0.957301 0.460952 0.459209 0.711040 0.859916 0.666435 0.757376 0.563978 0.626857 0.936308 0.918786 0.557433 0.653284 0.969606 0.711033 0.641110 0.819081 0.707604 0.613709 0.858288 0.806033 0.804474 0.817946 0.839612 0.716671 0.397955 0.462363 0.411544 0.482984 0.711570 0.635915 0.914172 0.763685 0.547220 0.550133 0.521011 0.316165 0.403182 0.313308 0.346711 0.412012 0.465954 0.459973 0.335760 0.237393 0.968730 0.924115 0.524073 0.342642 0.994180 0.955144 0.951791 0.882018 0.699756 0.774298 0.737399 0.861307 0.593768 0.532883 0.437638 0.322782 0.532834 0.407183 0.357500 0.384512 0.846936 0.848548 0.476982 0.447928 0.980270 0.900676 0.998275 0.933945 0.767609 0.798955 0.930326 0.955105 0.788962 0.802259 0.890268 0.948488 0.973054 0.982692 0.758380 0.687764 0.885587 0.952412 0.881687 0.981669 0.976373 0.744984 0.808600 0.975017 0.747335 0.872133
0.361607 0.345387 0.816027 0.378476 0.830944 0.624046 0.676996 0.425179 0.839044 0.720448 0.358124 0.248908 0.363743 0.000000 0.573714 0.404585 0.434894 0.427798 0.451505 0.422325 0.873956 0.938074 0.712064 0.544501 0.911689 0.903295 0.977920 0.907938 0.442087 0.409693 0.951087 0.822376 0.507923 0.558389 0.903400 0.678468 0.811985 0.771107 0.819795 0.775031 0.829600 0.941084 0.661892 0.611465 0.657017 0.518857 0.422469 0.442791 0.445110 0.371556 0.478624 0.440431 0.697875 0.932221 0.525052 0.469164 0.501737 0.343001 0.407240 0.356040 0.364620 0.295134 0.349123 0.286278 0.760108 0.280838 0.915654 0.793385 0.721290 0.543390 0.910913 0.856423 0.848389 0.809943 0.777424 0.723588 0.635725 0.837846 0.480548 0.585243 0.439809 0.373652 0.591600 0.455480 0.698737 0.604325 0.952131 0.864589 0.614795 0.507737 0.934828 0.833777 0.945109 0.842086 0.791246 0.815859 0.776190 0.941111 0.677431 0.781370 0.845236 0.950975 0.812011 0.844346 0.676412 0.696213 0.912035 0.950213 0.804357 0.877151 0.983212 0.697650 0.752556 0.919028 0.643831 0.872311
0.520719 0.566693 0.602321 0.602161 0.546660 0.868115 0.829884 0.901966 0.893428 0.992516 0.644977 0.670793 0.298978 0.573714 0.000000 0.313391 0.611472 0.618330 0.534677 0.625581 0.628258 0.932673 0.338139 0.403628 0.605301 0.738728 0.577727 0.759949 0.680121 0.680653 0.908668 0.970645 0.583792 0.758432 0.991384 0.826356 0.679711 0.854619 0.767356 0.624060 0.836576 0.840759 0.851423 0.858412 0.959454 0.915263 0.644134 0.681301 0.665874 0.740611 0.922846 0.875386 0.978309 0.715579 0.689241 0.810150 0.572515 0.461040 0.631809 0.612345 0.558367 0.731160 0.662630 0.691798 0.352392 0.472433 0.979108 0.956192 0.510269 0.507598 0.950103 0.950420 0.919289 0.863863 0.806822 0.758448 0.868411 0.894120 0.755791 0.505643 0.549754 0.469850 0.558390 0.550217 0.418872 0.431643 0.830190 0.818954 0.582104 0.618479 0.980311 0.928357 0.956516 0.954452 0.725530 0.809352 0.984420 0.999581 0.862567 0.859000 0.764577 0.974239 0.948219 0.962222 0.866552 0.856890 0.996412 0.942323 0.903058 0.877638 0.927760 0.859791 0.795727 0.950232 0.781893 0.895121
0.420029 0.363140 0.595650 0.384785 0.632201 0.559629 0.523400 0.575260 0.655946 0.698949 0.491333 0.430548 0.333371 0.404585 0.313391 0.000000 0.409698 0.405656 0.351438 0.385476 0.637248 0.926720 0.355008 0.393936 0.832876 0.826370 0.807929 0.858327 0.446242 0.437704 0.679306 0.751966 0.364616 0.476227 0.986403 0.717087 0.633745 0.732784 0.751607 0.710111 0.731420 0.778064 0.562762 0.575818 0.656010 0.626826 0.548029 0.521663 0.487186 0.537747 0.630253 0.582889 0.708808 0.979604 0.702318 0.762691 0.410714 0.380604 0.584520 0.583228 0.397885 0.523921 0.452203 0.437055 0.486533 0.374183 0.784626 0.781480 0.568538 0.512408 0.699843 0.658634 0.774182 0.640960 0.808498 0.734538 0.671338 0.648055 0.563028 0.462913 0.518975 0.510986 0.555980 0.606045 0.584534 0.592126 0.989705 0.958084 0.657793 0.656885 0.746791 0.853702 0.809169 0.876664 0.643591 0.702559 0.917997 0.813743 0.592465 0.570192 0.931985 0.856066 0.830834 0.862810 0.675610 0.765544 0.925250 0.965827 0.779498 0.919092 0.862098 0.560835 0.632303 0.922771 0.724275 0.873806
0.283245 0.255865 0.801147 0.477039 0.954756 0.675622 0.583583 0.563460 0.715908 0.627831 0.310870 0.380888 0.517235 0.434894 0.611472 0.409698 0.000000 0.193942 0.354931 0.318624 0.667702 0.996133 0.790091 0.753737 0.969643 0.929472 0.976348 0.873559 0.304319 0.286093 0.732457 0.701244 0.404496 0.390713 0.881704 0.637901 0.639346 0.638842 0.826900 0.717296 0.806289 0.699626 0.522391 0.505857 0.613491 0.603403 0.511516 0.462651 0.467046 0.525229 0.630349 0.608809 0.869232 0.882697 0.622658 0.550972 0.216115 0.299864 0.441859 0.590169 0.422165 0.526236 0.269978 0.269413 0.726949 0.517914 0.778757 0.735170 0.508955 0.518687 0.553649 0.576283 0.606671 0.421463 0.769713 0.815204 0.592542 0.647182 0.362355 0.430434 0.317754 0.385813 0.481114 0.521492 0.678599 0.668292 0.933594 0.996900 0.751301 0.574524 0.876364 0.937618 0.896644 0.982737 0.691101 0.732491 0.787077 0.888743 0.538886 0.585319 0.925850 0.930971 0.765700 0.697935 0.572808 0.638395 0.924638 0.996656 0.784543 0.939453 0.813113 0.548148 0.668042 0.936874 0.739018 0.942005
0.322658 0.275938 0.740395 0.438517 0.918915 0.629510 0.491144 0.488594 0.595787 0.520597 0.302071 0.357269 0.563158 0.427798 0.618330 0.405656 0.193942 0.000000 0.293172 0.293705 0.657782 0.967390 0.782649 0.725087 0.962050 0.909551 0.995333 0.989516 0.248800 0.231625 0.657774 0.595372 0.326713 0.310061 0.972195 0.697870 0.672958 0.640466 0.786789 0.748296 0.796535 0.664758 0.447995 0.442296 0.529521 0.532946 0.533525 0.472266 0.492497 0.546124 0.586101 0.590774 0.792430 0.947775 0.651958 0.559657 0.221054 0.313044 0.456438 0.631364 0.385714 0.495412 0.237335 0.248164 0.760196 0.512903 0.710191 0.642446 0.553736 0.568170 0.518308 0.516140 0.546480 0.423452 0.842853 0.783827 0.561407 0.561180 0.333007 0.377071 0.329252 0.431634 0.504883 0.517523 0.718374 0.703322 0.956904 0.972927 0.814341 0.589609 0.824422 0.893435 0.853313 0.951045 0.687951 0.646859 0.733295 0.810999 0.443057 0.516846 0.850577 0.836223 0.660887 0.635420 0.553748 0.624847 0.960858 0.977972 0.841256 0.949465 0.838732 0.480294 0.583355 0.869762 0.669148 0.925300
0.389716 0.366111 0.567968 0.411290 0.838367 0.661412 0.380962 0.490068 0.667414 0.569337 0.421978 0.478794 0.513091 0.451505 0.534677 0.351438 0.354931 0.293172 0.000000 0.325954 0.695267 0.962913 0.545259 0.609255 0.926146 0.936115 0.950708 0.982191 0.355261 0.334696 0.600235 0.580676 0.355481 0.304772 0.938348 0.735626 0.715697 0.689681 0.781814 0.816530 0.857074 0.786382 0.516254 0.547525 0.531272 0.553333 0.574557 0.492004 0.567638 0.602821 0.667770 0.640363 0.749886 0.931066 0.762327 0.699892 0.356282 0.410684 0.505557 0.606449 0.375573 0.597458 0.396393 0.398929 0.710191 0.520320 0.619366 0.673113 0.653648 0.643173 0.574936 0.514505 0.566767 0.433053 0.933099 0.759595 0.509562 0.566186 0.471240 0.525683 0.522136 0.528006 0.619627 0.649706 0.773117 0.805747 0.980413 0.982152 0.858188 0.721784 0.725432 0.846784 0.780000 0.849986 0.713452 0.664890 0.736331 0.894789 0.456983 0.444828 0.806271 0.772232 0.691418 0.724844 0.664979 0.681987 0.963091 0.959226 0.757283 0.927167 0.835258 0.461984 0.480485 0.854917 0.672963 0.923512
0.350322 0.294888 0.656056 0.351755 0.959853 0.603569 0.492187 0.438474 0.621573 0.533570 0.382225 0.374508 0.518830 0.422325 0.625581 0.385476 0.318624 0.293705 0.325954 0.000000 0.720237 0.999743 0.692237 0.704599 0.945370 0.902128 0.895751 0.930858 0.316485 0.352078 0.659240 0.684975 0.429306 0.343451 0.962331 0.704309 0.644898 0.674980 0.700662 0.838325 0.773104 0.785788 0.547141 0.541984 0.594721 0.577761 0.561278 0.450974 0.575390 0.546015 0.626933 0.631578 0.780792 0.945773 0.649195 0.608439 0.337523 0.369628 0.515694 0.553931 0.394674 0.478176 0.328535 0.334809 0.757614 0.465865 0.702193 0.701988 0.594909 0.502109 0.507314 0.530256 0.558444 0.489425 0.796718 0.794194 0.495716 0.617701 0.446096 0.568774 0.488443 0.524017 0.634546 0.644451 0.801945 0.812299 0.841556 0.891895 0.841364 0.672926 0.710352 0.789743 0.696348 0.848233 0.753620 0.675665 0.736214 0.802510 0.468765 0.485376 0.802790 0.835086 0.691102 0.717589 0.587433 0.651412 0.988999 0.955307 0.792004 0.945961 0.886527 0.467222 0.623539 0.865151 0.703576 0.834050
0.736192 0.669307 0.590684 0.607888 0.790509 0.822089 0.689721 0.867758 0.699966 0.887828 0.743086 0.790806 0.716058 0.873956 0.628258 0.637248 0.667702 0.657782 0.695267 0.720237 0.000000 0.816820 0.682379 0.763900 0.783124 0.727271 0.884244 0.882515 0.713402 0.651427 0.634246 0.752412 0.685147 0.685264 0.941404 0.910678 0.695647 0.909380 0.816837 0.782176 0.957736 0.908192 0.715702 0.722388 0.811431 0.868354 0.820909 0.801628 0.817574 0.841034 0.870842 0.887564 0.900745 0.990121 0.780269 0.986726 0.623202 0.677372 0.840003 0.904320 0.728059 0.881858 0.738115 0.753493 0.671158 0.785571 0.738003 0.787151 0.693637 0.598765 0.743719 0.821443 0.716399 0.753690 0.904841 0.786192 0.850951 0.693207 0.767284 0.610949 0.739811 0.714452 0.809850 0.832427 0.797416 0.785939 0.761346 0.970407 0.964299 0.905488 0.874472 0.871951 0.885620 0.823650 0.627678 0.844987 0.867684 0.885203 0.771988 0.747164 0.998736 0.744229 0.917195 0.806193 0.654265 0.798206 0.928749 0.947947 0.796314 0.860940 0.854280 0.782412 0.760970 0.999087 0.796174 0.957153
0.854395 0.998739 0.849962 0.972163 0.971384 0.926384 0.915095 0.938822 0.858183 0.931444 0.834646 0.857563 0.957301 0.938074 0.932673 0.926720 0.996133 0.967390 0.962913 0.999743 0.816820 0.000000 0.803347 0.779061 0.931190 0.886162 0.917386 0.919114 0.977034 0.970261 0.769643 0.720766 0.926168 0.940949 0.934969 0.992989 0.905366 0.951698 0.954264 0.962135 0.994465 0.959803 0.881161 0.887062 0.963831 0.965937 0.851792 0.917522 0.884605 0.971613 0.979767 0.970155 0.847670 0.806983 0.906638 0.842881 0.977444 0.946205 0.796778 0.829179 0.882573 0.774488 0.778464 0.860039 0.983435 0.870395 0.858627 0.951047 0.953955 0.989635 0.831376 0.788790 0.954325 0.904299 0.934815 0.897101 0.926030 0.819933 0.842594 0.930926 0.870130 0.892881 0.951281 0.915911 0.935403 0.978638 0.895743 0.887506 0.969231 0.794025 0.823151 0.805585 0.855975 0.750499 0.919575 0.865412 0.921917 0.964519 0.949739 0.872446 0.907886 0.914717 0.965257 0.843928 0.908910 0.892010 0.861677 0.822953 0.790914 0.744323 0.983767 0.990036 0.977200 0.690204 0.930308 0.929579
0.725341 0.708201 0.474105 0.572499 0.522756 0.780838 0.574540 0.792205 0.813555 0.914896 0.908804 0.858946 0.460952 0.712064 0.338139 0.355008 0.790091 0.782649 0.545259 0.692237 0.682379 0.803347 0.000000 0.334117 0.677061 0.696142 0.796896 0.787322 0.742275 0.736928 0.688307 0.797885 0.501340 0.670289 0.844312 0.985530 0.792889 0.993198 0.835840 0.877873 0.852647 0.924252 0.671318 0.724546 0.687588 0.715103 0.704939 0.643129 0.667460 0.693799 0.780629 0.737011 0.741555 0.925571 0.777052 0.892140 0.764727 0.680708 0.791180 0.727388 0.550935 0.847855 0.793811 0.824056 0.415394 0.605759 0.715412 0.795670 0.820075 0.684267 0.909056 0.851159 0.971022 0.820718 0.828463 0.786814 0.817341 0.741800 0.902394 0.659827 0.842389 0.748649 0.727782 0.839305 0.600487 0.647674 0.958278 0.946987 0.760428 0.821864 0.756721 0.830906 0.823659 0.886564 0.755234 0.730111 0.860673 0.848042 0.685334 0.590503 0.976120 0.794123 0.897499 0.937527 0.790910 0.774419 0.755505 0.779059 0.818631 0.883819 0.894899 0.749480 0.623723 0.830471 0.704234 0.976556
0.699816 0.632887 0.643999 0.532508 0.578964 0.764556 0.750371 0.828819 0.990959 0.921949 0.838470 0.755293 0.459209 0.544501 0.403628 0.393936 0.753737 0.725087 0.609255 0.704599 0.763900 0.779061 0.334117 0.000000 0.719960 0.797584 0.794468 0.795528 0.797979 0.709481 0.844601 0.768949 0.560206 0.738551 0.992029 0.863770 0.857758 0.982321 0.803717 0.902170 0.912801 0.847133 0.710129 0.702602 0.812452 0.766732 0.645632 0.678723 0.709592 0.642967 0.689206 0.664803 0.769294 0.955057 0.777430 0.740428 0.722922 0.602298 0.747231 0.645137 0.636502 0.793367 0.739885 0.767650 0.564024 0.545238 0.896146 0.896851 0.877685 0.736531 0.978579 0.957414 0.995651 0.957398 0.852419 0.813624 0.826973 0.831928 0.827013 0.551278 0.728331 0.613000 0.677541 0.641500 0.618703 0.527801 0.952871 0.810820 0.659304 0.706182 0.961446 0.970585 0.998810 0.914631 0.861624 0.783111 0.869062 0.893006 0.840386 0.762908 0.925011 0.896081 0.951979 0.938003 0.912988 0.884559 0.912393 0.892001 0.849997 0.929062 0.977753 0.752221 0.716135 0.903118 0.803714 0.980935
0.803285 0.833924 0.546091 0.816746 0.612987 0.940643 0.926124 0.794742 0.865865 0.761883 0.949155 0.915743 0.711040 0.911689 0.605301 0.832876 0.969643 0.962050 0.926146 0.945370 0.783124 0.931190 0.677061 0.719960 0.000000 0.520232 0.610902 0.906007 0.992104 0.904271 0.988103 0.939902 0.826338 0.988908 0.912484 0.997391 0.674535 0.978343 0.680067 0.781745 0.907322 0.785726 0.974220 0.956484 0.906743 0.896345 0.811681 0.910361 0.916468 0.955510 0.897104 0.891312 0.770790 0.597318 0.770550 0.901932 0.812205 0.752759 0.837869 0.770539 0.816114 0.926838 0.964587 0.955250 0.439947 0.819485 0.962851 0.947757 0.633140 0.690415 0.973976 0.904745 0.827473 0.998331 0.827964 0.936025 0.985464 0.882045 0.986153 0.775495 0.741763 0.790735 0.862240 0.766036 0.521104 0.597604 0.953037 0.911848 0.767752 0.755983 0.872700 0.940435 0.955924 0.948577 0.990489 0.819148 0.984262 0.991058 0.940032 0.990786 0.736461 0.899149 0.947806 0.952717 0.884908 0.825284 0.946023 0.944267 0.833737 0.954290 0.900691 0.930579 0.920220 0.995174 0.920740 0.883207
0.929447 0.909726 0.516321 0.732553 0.756242 0.990679 0.909250 0.946293 0.766188 0.983683 0.994511 0.947482 0.859916 0.903295 0.738728 0.826370 0.929472 0.909551 0.936115 0.902128 0.727271 0.886162 0.696142 0.797584 0.520232 0.000000 0.910473 0.918345 0.878725 0.992851 0.707411 0.893981 0.767541 0.884930 0.733238 0.989267 0.614370 0.934194 0.681784 0.786930 0.931744 0.795176 0.812282 0.861926 0.897353 0.947004 0.889555 0.926543 0.941363 0.950822 0.943193 0.989280 0.951738 0.901805 0.925351 0.922660 0.852202 0.864488 0.965589 0.981448 0.832869 0.981003 0.926371 0.989896 0.587958 0.880495 0.843197 0.878552 0.865650 0.827740 0.761793 0.878465 0.977114 0.876618 0.924811 0.801634 0.902395 0.845920 0.990376 0.772176 0.875052 0.933115 0.937501 0.996490 0.825453 0.875125 0.864417 0.816978 0.940645 0.894167 0.798140 0.653610 0.796346 0.780883 0.889766 0.932657 0.991867 0.918830 0.899608 0.816021 0.992827 0.914930 0.864218 0.938394 0.834267 0.905843 0.918558 0.788761 0.905678 0.952554 0.946512 0.894115 0.871554 0.916843 0.980584 0.991670
0.841054 0.881728 0.975138 0.964817 0.644778 0.873733 0.666341 0.655635 0.764295 0.650463 0.974733 0.947293 0.666435 0.977920 0.577727 0.807929 0.976348 0.995333 0.950708 0.895751 0.884244 0.917386 0.796896 0.794468 0.610902 0.910473 0.000000 0.707974 0.931822 0.836044 0.733926 0.710334 0.929102 0.744681 0.967291 0.896085 0.900108 0.939323 0.915285 0.691611 0.875053 0.820335 0.809688 0.770060 0.636078 0.728454 0.894087 0.976915 0.894742 0.932583 0.787101 0.831621 0.704641 0.484742 0.896399 0.944929 0.870234 0.772280 0.941567 0.851727 0.958409 0.915475 0.970544 0.914450 0.548636 0.867871 0.602627 0.627457 0.631447 0.697496 0.737445 0.715807 0.648132 0.822646 0.783074 0.920335 0.754763 0.802638 0.937867 0.812371 0.767693 0.753891 0.818690 0.700750 0.458516 0.468647 0.769296 0.756665 0.564840 0.779107 0.643646 0.769694 0.701353 0.798085 0.872365 0.975645 0.808247 0.865796 0.717844 0.750505 0.501536 0.683896 0.717135 0.845647 0.870265 0.954770 0.944638 0.862988 0.768709 0.859827 0.805162 0.836168 0.835574 0.822562 0.973656 0.974523
0.906664 0.865129 0.976078 0.944824 0.937004 0.932930 0.901301 0.908276 0.878482 0.832422 0.984277 0.989146 0.757376 0.907938 0.759949 0.858327 0.873559 0.989516 0.982191 0.930858 0.882515 0.919114 0.787322 0.795528 0.906007 0.918345 0.707974 0.000000 0.980698 0.970589 0.877724 0.893537 0.963777 0.928132 0.986240 0.811073 0.941518 0.796548 0.935894 0.736564 0.954182 0.827975 0.976199 0.943217 0.903642 0.928526 0.868161 0.926176 0.876349 0.926260 0.994041 0.982541 0.923603 0.789213 0.837886 0.748037 0.919653 0.861280 0.926445 0.857273 0.967210 0.990589 0.947989 0.992939 0.754676 0.872455 0.829874 0.953979 0.846643 0.823669 0.927699 0.909899 0.841237 0.986956 0.791541 0.991619 0.961416 0.852150 0.988479 0.874593 0.943274 0.796917 0.922854 0.880841 0.755821 0.694389 0.989703 0.990255 0.774783 0.692695 0.813830 0.934177 0.793786 0.820972 0.914712 0.961790 0.945755 0.899995 0.973831 0.957353 0.728840 0.880404 0.803606 0.934713 0.986534 0.928637 0.954240 0.850665 0.988308 0.941492 0.961668 0.936774 0.901577 0.991289 0.913077 0.972474
0.407607 0.325589 0.676628 0.433964 0.916732 0.689399 0.433460 0.413146 0.480722 0.439370 0.317506 0.357019 0.563978 0.442087 0.680121 0.446242 0.304319 0.248800 0.355261 0.316485 0.713402 0.977034 0.742275 0.797979 0.992104 0.878725 0.931822 0.980698 0.000000 0.298141 0.637227 0.645215 0.345866 0.285848 0.951207 0.774460 0.680001 0.666805 0.730865 0.805034 0.793734 0.719040 0.464096 0.485847 0.466390 0.488011 0.565439 0.504201 0.478323 0.540994 0.543281 0.585997 0.708451 0.903692 0.729749 0.599188 0.341222 0.404211 0.526767 0.619711 0.355780 0.463365 0.298625 0.293386 0.750212 0.494568 0.643325 0.610762 0.668199 0.544512 0.508418 0.502744 0.496007 0.391941 0.791230 0.751209 0.507168 0.580662 0.403784 0.496861 0.480076 0.555492 0.625190 0.638765 0.792653 0.823391 0.921587 0.902647 0.870051 0.704471 0.718730 0.776713 0.732030 0.828483 0.712437 0.673872 0.767443 0.716942 0.422301 0.518270 0.769088 0.805513 0.622549 0.697295 0.507396 0.604413 0.986566 0.889925 0.807125 0.920334 0.871645 0.475343 0.563488 0.829010 0.673946 0.853017
0.455176 0.366965 0.737059 0.429773 0.886486 0.643159 0.365923 0.378706 0.572823 0.455291 0.340787 0.389091 0.626857 0.409693 0.680653 0.437704 0.286093 0.231625 0.334696 0.352078 0.651427 0.970261 0.736928 0.709481 0.904271 0.992851 0.836044 0.970589 0.298141 0.000000 0.556242 0.535234 0.347673 0.326109 0.971612 0.782532 0.727750 0.675678 0.862129 0.808560 0.832481 0.728407 0.367637 0.328952 0.371092 0.394549 0.563589 0.478100 0.465567 0.492135 0.456608 0.465241 0.593629 0.816391 0.634973 0.579256 0.344259 0.423522 0.464888 0.664045 0.352762 0.457173 0.266370 0.252057 0.856137 0.538959 0.567530 0.489013 0.737990 0.617305 0.540339 0.501033 0.514317 0.372849 0.882324 0.688458 0.549063 0.560134 0.429912 0.448313 0.446472 0.535324 0.531311 0.652143 0.860024 0.818797 0.976724 0.950156 0.883764 0.674417 0.743829 0.899003 0.842756 0.942800 0.688722 0.750908 0.652844 0.859790 0.423259 0.480181 0.750645 0.779567 0.601416 0.647190 0.516490 0.631454 0.952285 0.985424 0.805036 0.886952 0.785635 0.515885 0.471681 0.822741 0.614812 0.919005
0.984845 0.809762 0.603267 0.638627 0.932170 0.774347 0.365099 0.645062 0.502144 0.547518 0.867228 0.914384 0.936308 0.951087 0.908668 0.679306 0.732457 0.657774 0.600235 0.659240 0.634246 0.769643 0.688307 0.844601 0.988103 0.707411 0.733926 0.877724 0.637227 0.556242 0.000000 0.308049 0.525086 0.489281 0.775303 0.946123 0.816732 0.777054 0.876524 0.906107 0.913048 0.745469 0.364192 0.409600 0.446928 0.602414 0.994275 0.825586 0.892739 0.836295 0.629394 0.722174 0.528530 0.507659 0.970537 0.865893 0.702716 0.925393 0.960800 0.835653 0.735718 0.948808 0.792471 0.756295 0.987142 0.994282 0.424063 0.507609 0.971675 0.971144 0.394052 0.368527 0.491873 0.423749 0.903872 0.721670 0.603321 0.380361 0.819959 0.716276 0.987442 0.879223 0.951842 0.743649 0.707739 0.739311 0.789470 0.669426 0.718402 0.790804 0.460565 0.467080 0.534871 0.557786 0.805624 0.832204 0.700132 0.894929 0.451957 0.453946 0.576130 0.462204 0.531200 0.648698 0.633333 0.843451 0.680704 0.682610 0.733931 0.909560 0.606857 0.667317 0.533107 0.756146 0.780880 0.924276
0.953425 0.728434 0.722777 0.708104 0.975764 0.781090 0.441367 0.674321 0.656064 0.669161 0.863625 0.897668 0.918786 0.822376 0.970645 0.751966 0.701244 0.595372 0.580676 0.684975 0.752412 0.720766 0.797885 0.768949 0.939902 0.893981 0.710334 0.893537 0.645215 0.535234 0.308049 0.000000 0.551034 0.487226 0.871711 0.947011 0.928033 0.877991 0.913664 0.932943 0.980705 0.780535 0.388581 0.380415 0.468736 0.558179 0.890347 0.720139 0.893167 0.788166 0.563854 0.633001 0.550917 0.558508 0.992711 0.896586 0.685687 0.874783 0.953171 0.954696 0.762287 0.967276 0.752225 0.745138 0.863136 0.962788 0.515589 0.540317 0.930124 0.920561 0.486442 0.459669 0.493688 0.473811 0.906379 0.848925 0.654946 0.448033 0.782019 0.668504 0.933619 0.954238 0.880976 0.931707 0.714394 0.844670 0.745772 0.939261 0.726245 0.874784 0.620613 0.694794 0.721424 0.801610 0.871460 0.827644 0.676947 0.909683 0.542426 0.527294 0.619875 0.531034 0.564616 0.666154 0.692493 0.826495 0.795607 0.753082 0.838503 0.988528 0.658359 0.673972 0.557307 0.667849 0.764950 0.989521
0.455352 0.385495 0.541526 0.412516 0.759929 0.576534 0.339960 0.489231 0.602934 0.588280 0.492542 0.505183 0.557433 0.507923 0.583792 0.364616 0.404496 0.326713 0.355481 0.429306 0.685147 0.926168 0.501340 0.560206 0.826338 0.767541 0.929102 0.963777 0.345866 0.347673 0.525086 0.551034 0.000000 0.317826 0.781201 0.863670 0.722486 0.734019 0.742811 0.822888 0.785619 0.681463 0.334922 0.331668 0.366471 0.388300 0.529485 0.462013 0.434345 0.439888 0.444945 0.457853 0.593854 0.822515 0.607251 0.612449 0.352836 0.410316 0.511458 0.606579 0.320214 0.570335 0.380827 0.386936 0.608302 0.504002 0.516693 0.471003 0.719567 0.679268 0.579170 0.562028 0.550511 0.482740 0.757490 0.759140 0.524723 0.484829 0.511210 0.473515 0.471054 0.557991 0.585694 0.653389 0.675475 0.676549 0.924283 0.960490 0.830867 0.676343 0.706365 0.762974 0.740311 0.893925 0.744850 0.558421 0.668994 0.703456 0.373778 0.458730 0.767176 0.730608 0.601518 0.668785 0.475456 0.563134 0.867294 0.785878 0.764641 0.908372 0.788933 0.493100 0.407387 0.713999 0.574061 0.871778
0.506613 0.405822 0.622569 0.412304 0.977130 0.638326 0.280508 0.368306 0.483372 0.408678 0.460586 0.469303 0.653284 0.558389 0.758432 0.476227 0.390713 0.310061 0.304772 0.343451 0.685264 0.940949 0.670289 0.738551 0.988908 0.884930 0.744681 0.928132 0.285848 0.326109 0.489281 0.487226 0.317826 0.000000 0.841292 0.872188 0.725290 0.788454 0.808024 0.908660 0.871575 0.766796 0.357578 0.426223 0.329916 0.395091 0.624664 0.482251 0.540795 0.551756 0.496515 0.537257 0.559723 0.715798 0.838820 0.660698 0.404641 0.508630 0.565080 0.687617 0.368773 0.550112 0.380049 0.374295 0.814668 0.602725 0.471958 0.459045 0.797688 0.694538 0.393406 0.411367 0.439659 0.343456 0.923325 0.784520 0.418102 0.448760 0.515164 0.528667 0.611009 0.692488 0.711511 0.794521 0.931834 0.970259 0.851387 0.850309 0.980883 0.823611 0.577283 0.641817 0.621529 0.759192 0.699967 0.560690 0.695439 0.738915 0.285326 0.325091 0.623126 0.629463 0.544033 0.644119 0.487726 0.589934 0.955472 0.791581 0.773047 0.963320 0.743601 0.357014 0.427809 0.698380 0.664638 0.915811
0.893493 0.953642 0.710635 0.802481 0.870984 0.969087 0.740284 0.812545 0.793514 0.758211 0.959986 0.955161 0.969606 0.903400 0.991384 0.986403 0.881704 0.972195 0.938348 0.962331 0.941404 0.934969 0.844312 0.992029 0.912484 0.733238 0.967291 0.986240 0.951207 0.971612 0.775303 0.871711 0.781201 0.841292 0.000000 0.818073 0.949537 0.865014 0.979071 0.961642 0.865940 0.880324 0.688908 0.783411 0.669619 0.706699 0.906655 0.863125 0.864357 0.974087 0.822309 0.875645 0.748832 0.833268 0.934072 0.981829 0.916426 0.969216 0.981613 0.964579 0.815734 0.915119 0.972707 0.968591 0.789144 0.955368 0.662873 0.609147 0.944775 0.952116 0.759040 0.870636 0.981866 0.917161 0.922843 0.909305 0.847504 0.788118 0.982271 0.987800 0.899838 0.864979 0.913217 0.785341 0.996392 0.992026 0.874763 0.851586 0.937500 0.905898 0.769997 0.698555 0.790895 0.827358 0.879152 0.731698 0.896814 0.868391 0.782188 0.849310 0.770298 0.780142 0.811337 0.969045 0.839770 0.809358 0.948395 0.842076 0.944768 0.846966 0.879524 0.963993 0.713278 0.773820 0.743530 0.904645
0.609015 0.644627 0.884483 0.756847 0.813411 0.675788 0.938980 0.815307 0.920015 0.988436 0.606035 0.684267 0.711033 0.678468 0.826356 0.717087 0.637901 0.697870 0.735626 0.704309 0.910678 0.992989 0.985530 0.863770 0.997391 0.989267 0.896085 0.811073 0.774460 0.782532 0.946123 0.947011 0.863670 0.872188 0.818073 0.000000 0.761516 0.887937 0.810662 0.768604 0.719960 0.861773 0.894075 0.896173 0.953403 0.932148 0.765346 0.776445 0.758714 0.797430 0.901696 0.824309 0.969539 0.836137 0.715671 0.753356 0.672770 0.648314 0.749498 0.691659 0.778907 0.729967 0.717156 0.632431 0.856100 0.659849 0.899200 0.976726 0.775727 0.824915 0.929278 0.977625 0.833577 0.920093 0.956676 0.992857 0.793624 0.907597 0.676786 0.843468 0.748593 0.635694 0.828814 0.631923 0.782247 0.806337 0.944381 0.973050 0.821125 0.643110 0.889226 0.894110 0.902288 0.999367 0.965611 0.932930 0.833250 0.895859 0.971235 0.975104 0.904628 0.876325 0.857504 0.981430 0.932451 0.955164 0.973052 0.928862 0.986771 0.971330 0.958158 0.828771 0.947432 0.973116 0.949047 0.873559
0.627362 0.613570 0.571717 0.635571 0.847590 0.858791 0.859720 0.882588 0.692683 0.854827 0.608704 0.766560 0.641110 0.811985 0.679711 0.633745 0.639346 0.672958 0.715697 0.644898 0.695647 0.905366 0.792889 0.857758 0.674535 0.614370 0.900108 0.941518 0.680001 0.727750 0.816732 0.928033 0.722486 0.725290 0.949537 0.761516 0.000000 0.651686 0.626176 0.534272 0.579414 0.650754 0.755310 0.725175 0.813480 0.831577 0.710091 0.776648 0.666002 0.773137 0.856395 0.849094 0.957305 0.838573 0.755309 0.953980 0.568196 0.596521 0.709324 0.764306 0.648394 0.762898 0.718863 0.692222 0.529100 0.673279 0.811545 0.884291 0.558478 0.571043 0.614315 0.708335 0.849653 0.774112 0.850453 0.817962 0.824504 0.722356 0.719770 0.628550 0.610344 0.752150 0.822415 0.743463 0.751961 0.762782 0.842957 0.822266 0.851364 0.723092 0.879893 0.772072 0.805582 0.759290 0.725263 0.766205 0.948284 0.939439 0.752701 0.775238 0.942634 0.854118 0.791308 0.866692 0.777198 0.764835 0.857031 0.955396 0.939491 0.901054 0.952173 0.789519 0.906629 0.948090 0.896170 0.953464
0.633286 0.635395 0.838678 0.726624 0.974749 0.991406 0.847299 0.844690 0.868744 0.814683 0.562993 0.708135 0.819081 0.771107 0.854619 0.732784 0.638842 0.640466 0.689681 0.674980 0.909380 0.951698 0.993198 0.982321 0.978343 0.934194 0.939323 0.796548 0.666805 0.675678 0.777054 0.877991 0.734019 0.788454 0.865014 0.887937 0.651686 0.000000 0.779905 0.796021 0.842780 0.640169 0.789724 0.736691 0.831521 0.763828 0.766105 0.816452 0.712850 0.803392 0.827654 0.817702 0.922453 0.980110 0.759393 0.959043 0.579764 0.599668 0.703466 0.834004 0.721534 0.763061 0.674862 0.653162 0.823286 0.718588 0.870029 0.892694 0.543963 0.709962 0.755345 0.660007 0.792006 0.675742 0.887372 0.883589 0.753537 0.724602 0.601622 0.854518 0.606259 0.781152 0.748510 0.782702 0.856385 0.799547 0.919079 0.982529 0.752348 0.735781 0.963009 0.944373 0.923402 0.909557 0.795240 0.920949 0.981755 0.999635 0.841189 0.913438 0.929898 0.961895 0.671714 0.927050 0.843505 0.825932 0.923920 0.991316 0.941477 0.959511 0.961997 0.826239 0.805601 0.960442 0.810993 0.909453
