0.000000 0.134200 0.418445 0.410429 0.850998 0.692636 0.586193 0.448623 0.608751 0.751705 0.315645 0.238237 0.293918 0.332841 0.502127 0.561872 0.210378 0.195021 0.236413 0.170345 0.491811 0.893183 0.583559 0.421655 0.469151 0.662223 0.505016 0.770374 0.350496 0.350479 0.781793 0.623739 0.317248 0.375970 0.781019 0.945188 0.661702 0.583180 0.867532 0.679962 0.562385 0.591409 0.987107 0.789714 0.845723 0.929116 0.544920 0.629335 0.797085 0.668700 0.752640 0.692020 0.973661 0.729620 0.328768 0.468836 0.139749 0.136721 0.356428 0.296269 0.308211 0.384880 0.223571 0.224706 0.329034 0.341497 0.701651 0.752868 0.244129 0.298042 0.759358 0.534304 0.920070 0.955067 0.743778 0.924769 0.896705 0.924929 0.425531 0.398589 0.209997 0.238330 0.297021 0.225558 0.170793 0.191383 0.801821 0.481101 0.423781 0.233983 0.358316 0.407113 0.346370 0.370896 0.933238 0.908602 0.964203 0.835561 0.813682 0.887800 0.699671 0.725081 0.941541 0.846885 0.824038 0.851317 0.883700 0.840839 0.730717 0.821835 0.824367 0.989053 0.848018 0.977470 0.711199 0.571098
0.134200 0.000000 0.334788 0.337782 0.848151 0.703487 0.576441 0.438457 0.580073 0.708920 0.398067 0.268347 0.348999 0.380188 0.533509 0.549249 0.205859 0.196971 0.241794 0.200352 0.471804 0.951253 0.513444 0.368025 0.387354 0.582306 0.427455 0.829675 0.390954 0.353085 0.695224 0.570502 0.308575 0.350315 0.696783 0.957187 0.575329 0.514379 0.772915 0.688265 0.569737 0.586971 0.904373 0.718639 0.892783 0.880847 0.475074 0.564828 0.780072 0.613013 0.700965 0.623292 0.902261 0.798300 0.303710 0.412098 0.120646 0.125281 0.331416 0.280719 0.347107 0.399846 0.266858 0.239126 0.290282 0.297765 0.615819 0.687592 0.242691 0.261528 0.807987 0.554187 0.902327 0.963046 0.749978 0.893932 0.971606 0.948365 0.395047 0.342831 0.193381 0.253258 0.278940 0.201809 0.179932 0.172473 0.759398 0.465173 0.459681 0.219792 0.328043 0.377759 0.337575 0.337168 0.969994 0.956580 0.970079 0.884701 0.796286 0.912421 0.635246 0.678072 0.942679 0.913444 0.765550 0.799286 0.821967 0.844166 0.770282 0.767929 0.781874 0.988056 0.882363 0.997500 0.676101 0.598954
0.418445 0.334788 0.000000 0.250899 0.839691 0.813573 0.502258 0.514960 0.752128 0.784436 0.657987 0.561727 0.534951 0.574257 0.605163 0.552725 0.387498 0.403710 0.380323 0.448035 0.499467 0.888889 0.388702 0.374504 0.345767 0.435699 0.439740 0.947350 0.557006 0.509738 0.507379 0.500968 0.417550 0.413677 0.606659 0.808532 0.519694 0.574818 0.737585 0.705565 0.576025 0.672541 0.734327 0.603040 0.995870 0.829695 0.478579 0.536844 0.843548 0.627638 0.698712 0.612934 0.769099 0.990700 0.421745 0.489888 0.336291 0.362293 0.448300 0.446275 0.472218 0.577037 0.489170 0.477517 0.299092 0.340807 0.444856 0.581132 0.510707 0.408582 0.958409 0.781679 0.797661 0.888928 0.773066 0.891170 0.756779 0.798882 0.489429 0.545422 0.457003 0.552357 0.445835 0.478067 0.396746 0.337289 0.820876 0.668300 0.658201 0.429169 0.540394 0.568593 0.570570 0.520749 0.961653 0.956454 0.955299 0.973412 0.910532 0.938413 0.758131 0.807592 0.974935 0.913279 0.725540 0.692192 0.693569 0.938969 0.788896 0.755848 0.747428 0.907046 0.990085 0.909180 0.604916 0.766562
0.410429 0.337782 0.250899 0.000000 0.953659 0.908660 0.359819 0.273538 0.914784 0.971959 0.751981 0.502942 0.494124 0.484148 0.594970 0.422917 0.445858 0.462433 0.396889 0.499209 0.556102 0.922995 0.264097 0.281427 0.473990 0.498984 0.561437 0.997466 0.590874 0.529752 0.393439 0.405275 0.346025 0.390774 0.558520 0.829055 0.540230 0.592234 0.828620 0.712432 0.692283 0.692951 0.607929 0.502912 0.861376 0.691756 0.432993 0.462929 0.695661 0.459066 0.464339 0.382607 0.556096 0.762610 0.425588 0.512772 0.341429 0.359927 0.333102 0.260989 0.405976 0.404197 0.446422 0.390901 0.393750 0.286403 0.373698 0.418231 0.606008 0.371912 0.807359 0.904955 0.679772 0.827975 0.690643 0.811457 0.715508 0.736139 0.383971 0.490062 0.470001 0.634781 0.446604 0.522174 0.421822 0.311582 0.939272 0.670478 0.586365 0.405422 0.663021 0.659888 0.651369 0.561024 0.848052 0.892268 0.862411 0.906467 0.934287 0.825849 0.869968 0.965361 0.975023 0.863220 0.630229 0.576777 0.632049 0.837252 0.872866 0.708121 0.696014 0.788948 0.870540 0.855123 0.503830 0.890805
0.850998 0.848151 0.839691 0.953659 0.000000 0.704228 0.794725 0.759770 0.518921 0.477329 0.965368 0.904049 0.842963 0.806979 0.697149 0.676178 0.960606 0.955328 0.975661 0.912783 0.960429 0.874346 0.818189 0.903694 0.662154 0.785806 0.790214 0.876045 0.817699 0.866714 0.765585 0.818495 0.942853 0.887342 0.941527 0.895485 0.780754 0.765061 0.734270 0.995664 0.813145 0.976316 0.896466 0.926520 0.696288 0.772396 0.949014 0.952065 0.830563 0.887500 0.773927 0.811632 0.696196 0.579428 0.954480 0.920395 0.841861 0.885718 0.928345 0.903312 0.802710 0.719562 0.897559 0.905339 0.784537 0.984286 0.964493 0.888525 0.694200 0.823118 0.725180 0.656786 0.652357 0.593698 0.789235 0.831508 0.895927 0.860265 0.968750 0.914694 0.966348 0.897862 0.987760 0.792252 0.882533 0.853011 0.879785 0.745842 0.863124 0.830589 0.686448 0.774719 0.742881 0.705466 0.760691 0.887105 0.910086 0.937024 0.703840 0.815611 0.619946 0.618121 0.670645 0.863969 0.900749 0.865888 0.942962 0.881788 0.897239 0.990738 0.909307 0.833568 0.737575 0.867537 0.857298 0.799604
0.692636 0.703487 0.813573 0.908660 0.704228 0.000000 0.904887 0.981648 0.546297 0.650153 0.644050 0.748853 0.897164 0.878818 0.997501 0.960082 0.738311 0.743506 0.807037 0.730078 0.923083 0.905199 0.881651 0.985169 0.860907 0.824069 0.727846 0.993856 0.817693 0.765974 0.810073 0.908022 0.845060 0.956339 0.943778 0.994144 0.952835 0.911143 0.994236 0.953299 0.753963 0.902249 0.767627 0.834169 0.686384 0.812084 0.934797 0.906793 0.892012 0.875947 0.838483 0.817922 0.736940 0.564657 0.967994 0.990674 0.680212 0.700657 0.856815 0.812791 0.831049 0.899216 0.838697 0.810305 0.663317 0.842151 0.974282 0.873565 0.665861 0.835731 0.722494 0.688807 0.682637 0.668401 0.918875 0.899708 0.635661 0.742973 0.979855 0.982033 0.852870 0.787876 0.795956 0.718028 0.762940 0.789739 0.959124 0.769371 0.840157 0.847408 0.510219 0.617512 0.589365 0.654046 0.735919 0.830456 0.822362 0.842868 0.642136 0.674205 0.698178 0.702214 0.762542 0.798766 0.772486 0.768293 0.942227 0.806838 0.756785 0.995948 0.834017 0.885411 0.674237 0.813724 0.806628 0.788763
0.586193 0.576441 0.502258 0.359819 0.794725 0.904887 0.000000 0.222754 0.908199 0.548375 0.905849 0.618028 0.599240 0.539674 0.658335 0.547594 0.601252 0.615555 0.413598 0.631189 0.616146 0.902949 0.270894 0.550499 0.842671 0.710524 0.852745 0.964697 0.533491 0.623214 0.253992 0.361455 0.299773 0.305366 0.564174 0.847926 0.709851 0.720514 0.912615 0.832550 0.906984 0.620327 0.458236 0.347471 0.473187 0.362951 0.399113 0.374181 0.383081 0.296847 0.271549 0.269858 0.368086 0.529517 0.465027 0.478416 0.539980 0.551904 0.302953 0.349193 0.390360 0.377998 0.384784 0.393205 0.773966 0.606465 0.272729 0.303913 0.869972 0.496828 0.552096 0.860882 0.396395 0.493217 0.666246 0.594421 0.520064 0.529473 0.354615 0.567489 0.592357 0.811448 0.587927 0.790262 0.601209 0.577009 0.762158 0.944690 0.686951 0.546826 0.988549 0.976709 0.969804 0.907443 0.592835 0.621201 0.665149 0.728078 0.486459 0.430322 0.769408 0.662397 0.554689 0.496846 0.431042 0.393971 0.594568 0.730742 0.962890 0.677788 0.589088 0.524964 0.539559 0.532566 0.358901 0.987831
0.448623 0.438457 0.514960 0.273538 0.759770 0.981648 0.222754 0.000000 0.857467 0.615062 0.744564 0.411847 0.436350 0.373671 0.533350 0.360703 0.491578 0.493262 0.392366 0.512515 0.635366 0.980241 0.256297 0.360914 0.811482 0.761527 0.859373 0.960318 0.459231 0.475042 0.328140 0.406667 0.276679 0.329875 0.588979 0.902846 0.712256 0.668526 0.971961 0.800467 0.815002 0.688588 0.574126 0.457892 0.640894 0.502025 0.450413 0.462142 0.489232 0.365991 0.305643 0.289076 0.426361 0.581810 0.441644 0.524616 0.428073 0.413907 0.334051 0.277522 0.282205 0.194788 0.317371 0.268092 0.648622 0.407434 0.395026 0.347185 0.756961 0.430487 0.662855 0.898856 0.476762 0.597548 0.629813 0.653409 0.668404 0.687701 0.332236 0.518985 0.469104 0.689612 0.505515 0.656340 0.491777 0.431114 0.925763 0.792505 0.590893 0.463290 0.868344 0.823740 0.811437 0.702335 0.695276 0.723174 0.806918 0.900890 0.669447 0.628845 0.860227 0.819345 0.766575 0.692011 0.515271 0.541913 0.692422 0.846793 0.956357 0.710794 0.679580 0.639065 0.692838 0.744600 0.471667 0.939649
0.608751 0.580073 0.752128 0.914784 0.518921 0.546297 0.908199 0.857467 0.000000 0.481830 0.689860 0.791988 0.927603 0.903091 0.992497 0.852759 0.611091 0.622315 0.707178 0.629104 0.791908 0.900803 0.885907 0.944509 0.535183 0.719295 0.562025 0.891056 0.835934 0.816343 0.813854 0.938255 0.799931 0.811381 0.973150 0.993915 0.723012 0.789937 0.825728 0.858011 0.751781 0.899803 0.944519 0.943283 0.808491 0.940813 0.779016 0.839251 0.942107 0.903841 0.923865 0.966656 0.808909 0.575433 0.696020 0.606343 0.565232 0.610352 0.694663 0.733926 0.991245 0.927120 0.815469 0.828741 0.666892 0.872033 0.946083 0.927882 0.469538 0.758011 0.627882 0.464970 0.715326 0.672454 0.981176 0.990899 0.798874 0.756545 0.882787 0.767675 0.634587 0.526437 0.664096 0.435143 0.594905 0.646691 0.848017 0.570394 0.676401 0.604845 0.455805 0.631965 0.495905 0.598296 0.779628 0.941379 0.932448 0.965321 0.682777 0.871960 0.565007 0.660264 0.918466 0.986012 0.902656 0.976299 0.896833 0.880427 0.754316 0.953370 0.883649 0.999345 0.778655 0.945948 0.946583 0.689463
0.751705 0.708920 0.784436 0.971959 0.477329 0.650153 0.548375 0.615062 0.481830 0.000000 0.690157 0.939420 0.955831 0.915658 0.982369 0.810508 0.794942 0.785554 0.969659 0.773364 0.864334 0.932300 0.727324 0.954111 0.525885 0.796534 0.585780 0.794094 0.909806 0.962198 0.569739 0.765340 0.842956 0.847009 0.911626 0.998771 0.839909 0.769560 0.680257 0.979986 0.669693 0.997886 0.603338 0.649416 0.379175 0.462115 0.866896 0.781626 0.523896 0.622079 0.491079 0.581929 0.467689 0.346794 0.954136 0.979528 0.742152 0.756839 0.908652 0.932433 0.884644 0.721909 0.914477 0.932586 0.573149 0.829999 0.708951 0.612924 0.514891 0.857048 0.399631 0.432385 0.501172 0.445336 0.848455 0.672926 0.596135 0.582698 0.858603 0.945997 0.799050 0.630574 0.830732 0.579197 0.732130 0.732919 0.620250 0.650960 0.908952 0.813166 0.447822 0.508280 0.564398 0.624763 0.538115 0.715850 0.740527 0.697603 0.332049 0.431820 0.414618 0.408819 0.582889 0.638814 0.658146 0.675104 0.859566 0.646364 0.750609 0.859875 0.805870 0.529854 0.444807 0.673872 0.659974 0.654295
0.315645 0.398067 0.657987 0.751981 0.965368 0.644050 0.905849 0.744564 0.689860 0.690157 0.000000 0.270414 0.286133 0.332675 0.417768 0.582138 0.296656 0.249369 0.445529 0.255790 0.620188 0.807619 0.875736 0.614157 0.661122 0.924471 0.598798 0.708146 0.339509 0.335317 0.920931 0.911897 0.603290 0.601405 0.957713 0.923986 0.868091 0.766619 0.991391 0.808615 0.513853 0.885658 0.646051 0.808308 0.600450 0.734425 0.948536 0.947671 0.842487 0.924399 0.828325 0.867144 0.709813 0.506464 0.580485 0.747279 0.388655 0.345692 0.798549 0.733159 0.362595 0.500984 0.374719 0.388163 0.383601 0.464560 0.910849 0.898012 0.391666 0.640128 0.611770 0.595320 0.913168 0.855298 0.699383 0.913461 0.602638 0.734312 0.742986 0.674616 0.414147 0.322673 0.460175 0.398121 0.346284 0.433108 0.634235 0.641271 0.607686 0.557654 0.399431 0.390355 0.361983 0.462155 0.753391 0.980345 0.706137 0.568429 0.557635 0.611707 0.649688 0.690863 0.791602 0.970059 0.820952 0.841531 0.775914 0.606378 0.665855 0.956281 0.928368 0.779500 0.599497 0.724054 0.949863 0.522050
0.238237 0.268347 0.561727 0.502942 0.904049 0.748853 0.618028 0.411847 0.791988 0.939420 0.270414 0.000000 0.203827 0.190999 0.317950 0.358126 0.201050 0.183457 0.286892 0.215704 0.542236 0.807257 0.533026 0.400678 0.611593 0.811034 0.620371 0.841882 0.251558 0.204396 0.730849 0.619106 0.347875 0.386487 0.763408 0.980778 0.730469 0.656431 0.929298 0.767365 0.615265 0.766050 0.960014 0.856108 0.897631 0.927601 0.648421 0.726833 0.862527 0.730104 0.779281 0.735678 0.931912 0.863251 0.384782 0.569724 0.272079 0.217746 0.550295 0.464477 0.210001 0.233749 0.210056 0.168976 0.372540 0.291621 0.816219 0.782931 0.373246 0.415239 0.862151 0.763242 0.818751 0.893716 0.625335 0.906967 0.889185 0.929187 0.466170 0.419519 0.249935 0.291846 0.283459 0.317815 0.249820 0.278853 0.716168 0.538036 0.464242 0.395305 0.441858 0.435448 0.388703 0.396235 0.940610 0.944440 0.831674 0.717728 0.797724 0.859324 0.761904 0.835281 0.969787 0.906124 0.856355 0.921767 0.976854 0.737436 0.697321 0.842580 0.836667 0.995863 0.816011 0.861250 0.721294 0.622214
0.293918 0.348999 0.534951 0.494124 0.842963 0.897164 0.599240 0.436350 0.927603 0.955831 0.286133 0.203827 0.000000 0.166746 0.223121 0.309682 0.272305 0.251456 0.301841 0.277619 0.555600 0.921789 0.495822 0.369430 0.639785 0.752383 0.627246 0.830420 0.312768 0.316680 0.721954 0.572142 0.387130 0.386487 0.793514 0.933519 0.827623 0.767331 0.963503 0.795486 0.609303 0.757103 0.937957 0.907779 0.840919 0.985498 0.702772 0.798308 0.954794 0.805653 0.825014 0.769480 0.945557 0.879029 0.396717 0.608281 0.353045 0.304854 0.610758 0.531771 0.197987 0.300237 0.229998 0.250729 0.396040 0.295840 0.834441 0.829472 0.472515 0.491724 0.822440 0.800714 0.769658 0.851086 0.593259 0.956141 0.926254 0.942393 0.512239 0.477375 0.310500 0.316215 0.333568 0.406155 0.258140 0.279836 0.749967 0.566747 0.514930 0.458229 0.584504 0.540877 0.523283 0.545449 0.936271 0.936290 0.872944 0.708924 0.857972 0.913183 0.840774 0.977346 0.965639 0.873574 0.883692 0.884994 0.987446 0.782493 0.675382 0.944925 0.906693 0.936748 0.810449 0.860045 0.671037 0.606031
0.332841 0.380188 0.574257 0.484148 0.806979 0.878818 0.539674 0.373671 0.903091 0.915658 0.332675 0.190999 0.166746 0.000000 0.225092 0.256677 0.264836 0.247609 0.299232 0.297869 0.593676 0.855483 0.447630 0.328006 0.701428 0.782871 0.694515 0.850876 0.288444 0.274366 0.656998 0.535790 0.379767 0.359253 0.800011 0.907731 0.833783 0.790421 0.970148 0.784846 0.692069 0.786556 0.971975 0.821841 0.970963 0.877003 0.642295 0.702733 0.818950 0.696572 0.700402 0.662336 0.809382 0.992461 0.380129 0.573857 0.369020 0.312908 0.570111 0.496348 0.204655 0.240069 0.229020 0.220790 0.474724 0.311373 0.784872 0.751087 0.542964 0.527653 0.937358 0.854872 0.716589 0.743119 0.590895 0.837703 0.987268 0.970056 0.476261 0.491472 0.318820 0.353485 0.346138 0.425726 0.303269 0.314036 0.788811 0.551545 0.513087 0.461692 0.615001 0.594756 0.541093 0.551583 0.968885 0.917539 0.872265 0.769567 0.951575 0.973009 0.898930 0.983447 0.939759 0.803895 0.872094 0.809375 0.947310 0.838898 0.663957 0.940186 0.798167 0.940264 0.912024 0.943739 0.659282 0.684340
0.502127 0.533509 0.605163 0.594970 0.697149 0.997501 0.658335 0.533350 0.992497 0.982369 0.417768 0.317950 0.223121 0.225092 0.000000 0.286441 0.372084 0.359264 0.455598 0.419193 0.596328 0.900373 0.479201 0.387815 0.714867 0.764770 0.744807 0.842914 0.373307 0.359183 0.715153 0.630491 0.517155 0.472252 0.841878 0.943401 0.917326 0.927071 0.981098 0.906276 0.797779 0.853273 0.968115 0.866046 0.961963 0.949686 0.752914 0.794553 0.928430 0.816081 0.812975 0.783570 0.855455 0.973393 0.486202 0.662958 0.534065 0.480856 0.761681 0.701274 0.300843 0.385795 0.395145 0.399211 0.475537 0.361472 0.867789 0.865687 0.651072 0.674885 0.900172 0.908062 0.683311 0.723852 0.592421 0.901330 0.975837 0.979184 0.552932 0.568051 0.428115 0.433502 0.451651 0.532397 0.396274 0.441477 0.812096 0.607972 0.669463 0.619122 0.735239 0.692800 0.653549 0.704334 0.994576 0.939242 0.801408 0.722065 0.935663 0.991560 0.854173 0.974044 0.940384 0.853197 0.908220 0.880027 0.946043 0.794094 0.656005 0.997740 0.879562 0.981735 0.916945 0.897786 0.733307 0.774210
0.561872 0.549249 0.552725 0.422917 0.676178 0.960082 0.547594 0.360703 0.852759 0.810508 0.582138 0.358126 0.309682 0.256677 0.286441 0.000000 0.426710 0.421248 0.504195 0.553169 0.605627 0.906868 0.350271 0.292099 0.690090 0.696008 0.767638 0.973561 0.433291 0.353073 0.506050 0.480892 0.469541 0.446268 0.719914 0.927928 0.820007 0.789615 0.990625 0.769199 0.808546 0.911283 0.837158 0.744046 0.909230 0.811365 0.677812 0.681530 0.840023 0.652218 0.614060 0.554371 0.605596 0.714762 0.476818 0.651718 0.529619 0.478420 0.648107 0.578208 0.304061 0.281508 0.405400 0.361266 0.530338 0.276355 0.687077 0.586363 0.797600 0.593145 0.870050 0.934145 0.648364 0.695424 0.549234 0.757790 0.830217 0.878970 0.504416 0.525807 0.489157 0.598420 0.443981 0.610109 0.508384 0.446583 0.754619 0.753784 0.690506 0.616211 0.764569 0.680887 0.688638 0.636404 0.888868 0.933538 0.826861 0.804754 0.999658 0.911422 0.951818 0.963474 0.932324 0.908954 0.804533 0.814437 0.832148 0.926396 0.788873 0.926120 0.796846 0.924098 0.986261 0.997074 0.630687 0.851032
0.210378 0.205859 0.387498 0.445858 0.960606 0.738311 0.601252 0.491578 0.611091 0.794942 0.296656 0.201050 0.272305 0.264836 0.372084 0.426710 0.000000 0.137299 0.228166 0.200686 0.458808 0.914338 0.506933 0.363414 0.407346 0.606478 0.475977 0.815454 0.239838 0.213030 0.680752 0.565884 0.305415 0.318229 0.733359 0.944761 0.650357 0.608769 0.857165 0.690980 0.588418 0.682562 0.934766 0.745502 0.956943 0.858997 0.494912 0.593534 0.793864 0.637177 0.747620 0.685380 0.898307 0.837975 0.290680 0.401828 0.193596 0.171607 0.460865 0.430353 0.275254 0.350810 0.227128 0.209491 0.292250 0.274259 0.659770 0.689048 0.313960 0.377364 0.854724 0.638181 0.844237 0.917341 0.674589 0.833877 0.968067 0.974459 0.427687 0.355800 0.189008 0.228883 0.227187 0.221952 0.192837 0.222885 0.722905 0.488620 0.476461 0.308423 0.383818 0.417694 0.331190 0.385107 0.983544 0.953416 0.951660 0.815454 0.806203 0.926824 0.686927 0.734174 0.954944 0.839548 0.812658 0.810238 0.925222 0.801661 0.663204 0.792976 0.786797 0.951875 0.881456 0.933007 0.658142 0.573425
0.195021 0.196971 0.403710 0.462433 0.955328 0.743506 0.615555 0.493262 0.622315 0.785554 0.249369 0.183457 0.251456 0.247609 0.359264 0.421248 0.137299 0.000000 0.234492 0.179963 0.465961 0.853110 0.539856 0.364472 0.439687 0.626692 0.493432 0.756289 0.244137 0.217122 0.731685 0.589161 0.332568 0.342911 0.761360 0.959777 0.678338 0.600455 0.854214 0.720966 0.592956 0.710586 0.985930 0.800573 0.899169 0.917216 0.560492 0.638120 0.849732 0.683646 0.795219 0.728717 0.935485 0.791251 0.291660 0.455323 0.183927 0.161186 0.483255 0.448390 0.261482 0.338561 0.224820 0.201328 0.268807 0.258926 0.707921 0.748472 0.316501 0.384072 0.814895 0.625726 0.876481 0.936986 0.696787 0.866635 0.904380 0.955720 0.435095 0.383516 0.189315 0.215223 0.237074 0.221342 0.187164 0.220274 0.660276 0.506948 0.498330 0.315922 0.359924 0.374236 0.316872 0.363220 0.993171 0.924765 0.879442 0.767660 0.760436 0.896533 0.660396 0.709937 0.991390 0.903512 0.842898 0.866585 0.928035 0.769261 0.673552 0.861117 0.810845 0.960295 0.840886 0.944095 0.666888 0.562724
0.236413 0.241794 0.380323 0.396889 0.975661 0.807037 0.413598 0.392366 0.707178 0.969659 0.445529 0.286892 0.301841 0.299232 0.455598 0.504195 0.228166 0.234492 0.000000 0.219049 0.491030 0.935648 0.387539 0.409709 0.514284 0.646304 0.558405 0.893932 0.290062 0.345953 0.558736 0.462890 0.242489 0.263333 0.659226 0.990309 0.625217 0.620686 0.953264 0.657471 0.590521 0.560075 0.789347 0.604168 0.906236 0.709508 0.398284 0.493598 0.656117 0.510798 0.603131 0.562561 0.788636 0.944079 0.261339 0.408779 0.236664 0.228484 0.365012 0.358346 0.286370 0.348331 0.217552 0.216751 0.398682 0.377315 0.541058 0.644781 0.370090 0.337485 0.978017 0.751541 0.673647 0.741584 0.717767 0.772905 0.886369 0.869336 0.373414 0.390381 0.246884 0.317360 0.296591 0.326927 0.231015 0.246192 0.838235 0.547978 0.487688 0.299342 0.550798 0.605340 0.505669 0.515657 0.810149 0.818413 0.870111 0.939694 0.942488 0.855568 0.914543 0.917671 0.798014 0.661816 0.638050 0.629360 0.753029 0.924241 0.746095 0.709105 0.650557 0.830950 0.976970 0.847028 0.528445 0.606836
0.170345 0.200352 0.448035 0.499209 0.912783 0.730078 0.631189 0.512515 0.629104 0.773364 0.255790 0.215704 0.277619 0.297869 0.419193 0.553169 0.200686 0.179963 0.219049 0.000000 0.470181 0.886788 0.579556 0.452730 0.527253 0.727036 0.528210 0.773684 0.295474 0.303790 0.765356 0.671218 0.351368 0.355136 0.814968 0.958441 0.712231 0.605120 0.920653 0.720457 0.538131 0.667920 0.983434 0.826673 0.855787 0.947720 0.585980 0.692236 0.839488 0.726131 0.833123 0.782489 0.973096 0.708009 0.347783 0.492500 0.215166 0.199177 0.492427 0.443209 0.309929 0.388071 0.248670 0.241081 0.335511 0.378157 0.784779 0.850905 0.252387 0.371754 0.777871 0.620080 0.884941 0.963320 0.749313 0.897097 0.905052 0.960974 0.445187 0.425928 0.231550 0.232605 0.337751 0.270903 0.208766 0.259874 0.760577 0.515924 0.483631 0.313057 0.400968 0.445328 0.385818 0.411726 0.967829 0.912600 0.957492 0.807025 0.802148 0.871200 0.707223 0.726225 0.954739 0.855841 0.856800 0.894112 0.938356 0.784740 0.757045 0.858634 0.892563 0.989435 0.827853 0.924369 0.733912 0.557198
0.491811 0.471804 0.499467 0.556102 0.960429 0.923083 0.616146 0.635366 0.791908 0.864334 0.620188 0.542236 0.555600 0.593676 0.596328 0.605627 0.458808 0.465961 0.491030 0.470181 0.000000 0.954932 0.586783 0.558856 0.558021 0.645519 0.626276 0.992171 0.509141 0.499949 0.645972 0.568116 0.443650 0.486834 0.955151 0.943408 0.687851 0.697363 0.923091 0.775531 0.741422 0.792704 0.851415 0.727823 0.924123 0.820068 0.625977 0.612588 0.797614 0.675071 0.766797 0.694479 0.827029 0.989802 0.496066 0.567933 0.472936 0.484244 0.546089 0.597479 0.506849 0.607665 0.478715 0.500532 0.516005 0.535239 0.633895 0.708042 0.551478 0.590617 0.992621 0.785376 0.815841 0.836688 0.792976 0.848836 0.943385 0.933655 0.546394 0.433919 0.466761 0.552098 0.453217 0.542045 0.515409 0.512812 0.875992 0.848168 0.718024 0.570098 0.615607 0.658750 0.667288 0.702500 0.937985 0.854752 0.926935 0.929945 0.940741 0.985840 0.803386 0.898146 0.928435 0.812044 0.792482 0.735206 0.878578 0.845963 0.796124 0.843359 0.841070 0.961988 0.945461 0.812517 0.626659 0.800852
0.893183 0.951253 0.888889 0.922995 0.874346 0.905199 0.902949 0.980241 0.900803 0.932300 0.807619 0.807257 0.921789 0.855483 0.900373 0.906868 0.914338 0.853110 0.935648 0.886788 0.954932 0.000000 0.840742 0.989111 0.904225 0.827362 0.887245 0.795039 0.944658 0.827962 0.782293 0.837157 0.944173 0.909005 0.894933 0.948941 0.874595 0.925625 0.989907 0.864576 0.939372 0.797045 0.750651 0.777480 0.837575 0.835427 0.826658 0.887897 0.824901 0.860957 0.836393 0.846609 0.893526 0.855116 0.988405 0.946707 0.901247 0.887037 0.970700 0.990919 0.897309 0.922431 0.899254 0.905550 0.970435 0.897229 0.791345 0.981965 0.995236 0.918958 0.831204 0.999003 0.944031 0.824752 0.972727 0.967442 0.750501 0.864998 0.970491 0.999305 0.945067 0.891738 0.930553 0.917067 0.953786 0.982653 0.918971 0.961962 0.980415 0.992047 0.835085 0.755607 0.767635 0.755944 0.684057 0.876757 0.826190 0.820515 0.733953 0.839301 0.890395 0.877667 0.853005 0.872897 0.856299 0.695780 0.860807 0.934176 0.893186 0.710920 0.988920 0.831062 0.808975 0.744776 0.860558 0.868720
0.583559 0.513444 0.388702 0.264097 0.818189 0.881651 0.270894 0.256297 0.885907 0.727324 0.875736 0.533026 0.495822 0.447630 0.479201 0.350271 0.506933 0.539856 0.387539 0.579556 0.586783 0.840742 0.000000 0.343096 0.606532 0.554793 0.760127 0.977075 0.528254 0.524277 0.234716 0.328954 0.325166 0.327391 0.499883 0.843727 0.655532 0.685301 0.940640 0.803943 0.854332 0.680317 0.422715 0.332077 0.574424 0.461924 0.337367 0.367045 0.518032 0.341139 0.329754 0.287941 0.385863 0.511717 0.409421 0.468148 0.524357 0.506215 0.443102 0.415672 0.398135 0.363378 0.445255 0.387631 0.569439 0.385438 0.352928 0.373917 0.782552 0.473697 0.584033 0.842495 0.394865 0.477916 0.654369 0.611360 0.529415 0.588599 0.321029 0.448434 0.496760 0.688193 0.485832 0.668498 0.499223 0.440144 0.971698 0.739216 0.693245 0.505995 0.915084 0.891525 0.862475 0.763897 0.689209 0.766318 0.843668 0.800319 0.677749 0.569276 0.917809 0.825092 0.681155 0.700983 0.443880 0.430443 0.596980 0.819631 0.945915 0.675330 0.630548 0.686878 0.686944 0.705530 0.375682 0.954660
0.421655 0.368025 0.374504 0.281427 0.903694 0.985169 0.550499 0.360914 0.944509 0.954111 0.614157 0.400678 0.369430 0.328006 0.387815 0.292099 0.363414 0.364472 0.409709 0.452730 0.558856 0.989111 0.343096 0.000000 0.504265 0.526934 0.647457 0.925970 0.517803 0.409139 0.557713 0.528650 0.423729 0.444936 0.625548 0.970007 0.666530 0.698845 0.858526 0.791348 0.706386 0.776762 0.778700 0.684715 0.973934 0.827725 0.499425 0.569451 0.828623 0.592992 0.591481 0.505833 0.647179 0.810915 0.372980 0.536057 0.363043 0.351927 0.495396 0.438789 0.376247 0.371881 0.423959 0.375178 0.396070 0.226264 0.557159 0.597612 0.579737 0.446440 0.989974 0.954937 0.756685 0.792396 0.762681 0.822173 0.846163 0.927838 0.472146 0.470064 0.372680 0.467275 0.388777 0.437423 0.376705 0.280519 0.757893 0.527498 0.569986 0.430510 0.644882 0.591001 0.609535 0.564065 0.927471 0.945943 0.983600 0.917619 0.949090 0.913206 0.872993 0.893912 0.979840 0.874793 0.751909 0.724080 0.841767 0.944304 0.669254 0.893370 0.766172 0.947521 0.963410 0.970066 0.654644 0.821316
0.469151 0.387354 0.345767 0.473990 0.662154 0.860907 0.842671 0.811482 0.535183 0.525885 0.661122 0.611593 0.639785 0.701428 0.714867 0.690090 0.407346 0.439687 0.514284 0.527253 0.558021 0.904225 0.606532 0.504265 0.000000 0.287399 0.382089 0.871347 0.705278 0.596767 0.783178 0.640301 0.581260 0.572506 0.660046 0.863026 0.445263 0.514390 0.567566 0.647717 0.588496 0.705427 0.870066 0.743573 0.844376 0.987505 0.533639 0.647942 0.995835 0.757050 0.909023 0.788822 0.964723 0.827710 0.508754 0.499906 0.401963 0.412285 0.613668 0.598944 0.706560 0.797444 0.644489 0.597058 0.306209 0.406042 0.700658 0.791078 0.402786 0.518382 0.863970 0.609899 0.966035 0.874188 0.819064 0.991227 0.993666 0.977372 0.635462 0.528260 0.458547 0.469701 0.446990 0.325426 0.410056 0.363770 0.661302 0.530410 0.630105 0.451304 0.378592 0.437333 0.394005 0.397316 0.852720 0.910336 0.939106 0.905904 0.652521 0.839916 0.564371 0.586933 0.908863 0.974013 0.861380 0.783240 0.828308 0.811646 0.798681 0.798979 0.932588 0.854876 0.806889 0.947873 0.715924 0.697907
0.662223 0.582306 0.435699 0.498984 0.785806 0.824069 0.710524 0.761527 0.719295 0.796534 0.924471 0.811034 0.752383 0.782871 0.764770 0.696008 0.606478 0.626692 0.646304 0.727036 0.645519 0.827362 0.554793 0.526934 0.287399 0.000000 0.536234 0.940824 0.826670 0.739280 0.624783 0.594372 0.617217 0.552530 0.618053 0.864030 0.506233 0.586805 0.651232 0.716668 0.832776 0.634398 0.680171 0.596054 0.918454 0.815770 0.478704 0.550949 0.849905 0.638969 0.713833 0.602373 0.737917 0.890711 0.493859 0.454371 0.580899 0.599964 0.605407 0.623676 0.803528 0.839837 0.735503 0.713562 0.536993 0.532211 0.583510 0.658513 0.634620 0.565335 0.950914 0.795815 0.904011 0.932058 0.878288 0.909510 0.792861 0.785092 0.610392 0.605224 0.594287 0.670989 0.572603 0.521225 0.578525 0.495695 0.738014 0.677791 0.661923 0.555839 0.686576 0.717086 0.698784 0.617550 0.998132 0.909440 0.892758 0.973911 0.971597 0.894118 0.800585 0.874389 0.986062 0.883166 0.737648 0.634820 0.701422 0.955772 0.873175 0.801160 0.992299 0.963198 0.972540 0.850822 0.616731 0.882245
0.505016 0.427455 0.439740 0.561437 0.790214 0.727846 0.852745 0.859373 0.562025 0.585780 0.598798 0.620371 0.627246 0.694515 0.744807 0.767638 0.475977 0.493432 0.558405 0.528210 0.626276 0.887245 0.760127 0.647457 0.382089 0.536234 0.000000 0.885643 0.717849 0.638732 0.835066 0.714844 0.648424 0.583241 0.785356 0.730726 0.513257 0.598731 0.669254 0.686612 0.649949 0.756523 0.941509 0.942011 0.747060 0.882741 0.747910 0.864431 0.914785 0.914494 0.996302 0.895428 0.916466 0.710385 0.555617 0.641811 0.453821 0.473088 0.694781 0.658955 0.677789 0.786676 0.641798 0.635405 0.390106 0.517351 0.819426 0.940049 0.440532 0.603692 0.748563 0.550199 0.927341 0.810200 0.719289 0.899477 0.909692 0.893601 0.727447 0.630377 0.588116 0.522920 0.517834 0.463633 0.452982 0.448408 0.725861 0.653246 0.712749 0.571917 0.390297 0.492865 0.464101 0.531736 0.835243 0.813281 0.817135 0.883495 0.637069 0.707622 0.488145 0.683962 0.812075 0.980359 0.989971 0.876894 0.952713 0.751030 0.846979 0.941746 0.915989 0.833966 0.724386 0.910628 0.849675 0.754607
0.770374 0.829675 0.947350 0.997466 0.876045 0.993856 0.964697 0.960318 0.891056 0.794094 0.708146 0.841882 0.830420 0.850876 0.842914 0.973561 0.815454 0.756289 0.893932 0.773684 0.992171 0.795039 0.977075 0.925970 0.871347 0.940824 0.885643 0.000000 0.917791 0.913438 0.777683 0.899767 0.979573 0.971530 0.952152 0.901130 0.940615 0.943859 0.884961 0.868698 0.980551 0.896258 0.870812 0.932865 0.800521 0.851531 0.957015 0.996043 0.906291 0.895495 0.863098 0.878897 0.841436 0.727477 0.953831 0.986736 0.792237 0.779364 0.953618 0.958815 0.876746 0.959392 0.852442 0.862231 0.787077 0.841325 0.868676 0.823331 0.765519 0.881575 0.808863 0.784759 0.924139 0.913323 0.982485 0.988475 0.794768 0.786872 0.942443 0.915107 0.810903 0.697648 0.896105 0.827786 0.746084 0.793172 0.974855 0.892985 0.983786 0.767854 0.805940 0.793890 0.807425 0.884189 0.923642 0.928716 0.828198 0.811918 0.827373 0.842639 0.718750 0.854957 0.948078 0.999930 0.953974 0.840497 0.865887 0.843618 0.962499 0.785174 0.966217 0.798077 0.911376 0.860360 0.983048 0.784836
0.350496 0.390954 0.557006 0.590874 0.817699 0.817693 0.533491 0.459231 0.835934 0.909806 0.339509 0.251558 0.312768 0.288444 0.373307 0.433291 0.239838 0.244137 0.290062 0.295474 0.509141 0.944658 0.528254 0.517803 0.705278 0.826670 0.717849 0.917791 0.000000 0.199640 0.639993 0.608319 0.310690 0.332567 0.803101 0.973001 0.811142 0.722288 0.965435 0.776460 0.701393 0.697289 0.883957 0.716449 0.864687 0.726180 0.573666 0.629431 0.682286 0.610047 0.694025 0.693320 0.829000 0.984479 0.386965 0.492811 0.370245 0.336489 0.566948 0.541825 0.259240 0.296606 0.248152 0.244722 0.478816 0.427357 0.669108 0.667793 0.522660 0.488523 0.954829 0.871652 0.702621 0.719121 0.705304 0.773930 0.969152 0.861692 0.452812 0.452804 0.319301 0.399326 0.315211 0.448988 0.361081 0.439449 0.811940 0.680617 0.585568 0.472004 0.636880 0.642895 0.535542 0.589479 0.887513 0.829235 0.995223 0.840227 0.996804 0.938129 0.949392 0.946358 0.811440 0.776295 0.779310 0.803508 0.877996 0.911825 0.729040 0.774279 0.775238 0.872436 0.975452 0.924457 0.657233 0.705430
0.350479 0.353085 0.509738 0.529752 0.866714 0.765974 0.623214 0.475042 0.816343 0.962198 0.335317 0.204396 0.316680 0.274366 0.359183 0.353073 0.213030 0.217122 0.345953 0.303790 0.499949 0.827962 0.524277 0.409139 0.596767 0.739280 0.638732 0.913438 0.199640 0.000000 0.629513 0.594319 0.367792 0.385022 0.821265 0.892956 0.718677 0.592048 0.901852 0.757824 0.662987 0.754604 0.997464 0.824730 0.997590 0.858023 0.604064 0.693073 0.852355 0.703783 0.778717 0.739436 0.870251 0.942025 0.386590 0.566382 0.340235 0.290441 0.611097 0.558405 0.247649 0.268727 0.280141 0.239705 0.379616 0.300523 0.721438 0.700008 0.479388 0.454426 0.974117 0.836214 0.783199 0.827821 0.667270 0.840304 0.909843 0.988864 0.495209 0.447015 0.315140 0.411561 0.286013 0.401390 0.365137 0.390913 0.709897 0.617652 0.577459 0.479117 0.475794 0.428148 0.411613 0.413584 0.958832 0.951504 0.865227 0.750507 0.808419 0.889806 0.837243 0.770703 0.983928 0.940127 0.886087 0.895931 0.967147 0.785648 0.735696 0.817747 0.804752 0.981033 0.866419 0.966191 0.716587 0.711454
0.781793 0.695224 0.507379 0.393439 0.765585 0.810073 0.253992 0.328140 0.813854 0.569739 0.920931 0.730849 0.721954 0.656998 0.715153 0.506050 0.680752 0.731685 0.558736 0.765356 0.645972 0.782293 0.234716 0.557713 0.783178 0.624783 0.835066 0.777683 0.639993 0.629513 0.000000 0.310956 0.384016 0.340578 0.562160 0.710459 0.694953 0.661286 0.999003 0.832860 0.952762 0.702657 0.391114 0.313550 0.422232 0.350554 0.366838 0.376145 0.445036 0.316424 0.292395 0.269234 0.323851 0.398361 0.526076 0.525792 0.693786 0.695186 0.484240 0.502997 0.536868 0.452816 0.560592 0.523501 0.805081 0.604328 0.290026 0.291307 0.979402 0.593121 0.439029 0.743991 0.375196 0.465055 0.749267 0.559965 0.431405 0.461391 0.381902 0.540725 0.677873 0.950300 0.654491 0.875908 0.750747 0.682980 0.818765 0.934312 0.802666 0.675380 0.951928 0.974570 0.969037 0.901430 0.566438 0.739661 0.714266 0.745302 0.524024 0.477002 0.847060 0.763856 0.632335 0.713479 0.441816 0.418076 0.574439 0.703095 0.889780 0.643200 0.664142 0.568133 0.521707 0.608313 0.411680 0.883738
0.623739 0.570502 0.500968 0.405275 0.818495 0.908022 0.361455 0.406667 0.938255 0.765340 0.911897 0.619106 0.572142 0.535790 0.630491 0.480892 0.565884 0.589161 0.462890 0.671218 0.568116 0.837157 0.328954 0.528650 0.640301 0.594372 0.714844 0.899767 0.608319 0.594319 0.310956 0.000000 0.376171 0.342847 0.616565 0.700983 0.687888 0.674530 0.969914 0.781580 0.923400 0.731764 0.518805 0.410939 0.617523 0.508843 0.383363 0.352957 0.558459 0.383952 0.409574 0.364633 0.420221 0.599625 0.461930 0.503440 0.567809 0.569842 0.432197 0.447778 0.503349 0.464044 0.484537 0.465379 0.693418 0.492410 0.422218 0.390046 0.810372 0.609600 0.672208 0.983080 0.538635 0.610755 0.679474 0.677362 0.668449 0.708643 0.422143 0.422120 0.529991 0.700528 0.462104 0.650346 0.567525 0.508639 0.936566 0.789419 0.660120 0.552498 0.869744 0.857694 0.848784 0.792433 0.733109 0.816242 0.886557 0.793784 0.696250 0.582721 0.939393 0.824833 0.645697 0.734401 0.573503 0.421030 0.618331 0.849790 0.972495 0.706904 0.555668 0.749182 0.666474 0.677739 0.434322 0.969796
0.317248 0.308575 0.417550 0.346025 0.942853 0.845060 0.299773 0.276679 0.799931 0.842956 0.603290 0.347875 0.387130 0.379767 0.517155 0.469541 0.305415 0.332568 0.242489 0.351368 0.443650 0.944173 0.325166 0.423729 0.581260 0.617217 0.648424 0.979573 0.310690 0.367792 0.384016 0.376171 0.000000 0.200303 0.586043 0.913737 0.655176 0.602032 0.975715 0.784852 0.753874 0.635737 0.611372 0.441016 0.695652 0.526730 0.317033 0.369967 0.486740 0.363490 0.408481 0.379975 0.579435 0.812158 0.320184 0.356560 0.285519 0.291853 0.284066 0.268615 0.274799 0.290384 0.229892 0.213953 0.489306 0.400710 0.375236 0.437329 0.506828 0.323032 0.835216 0.894056 0.566239 0.691883 0.713251 0.631447 0.746240 0.738127 0.246391 0.343132 0.303680 0.482118 0.325417 0.435431 0.321852 0.329984 0.945842 0.633771 0.507745 0.362344 0.645777 0.691831 0.628665 0.599935 0.778916 0.757383 0.782465 0.965870 0.789530 0.713790 0.960954 0.948125 0.740626 0.670897 0.514554 0.529781 0.682046 0.921517 0.820763 0.665416 0.645103 0.709404 0.776162 0.738493 0.456571 0.778852
0.375970 0.350315 0.413677 0.390774 0.887342 0.956339 0.305366 0.329875 0.811381 0.847009 0.601405 0.386487 0.386487 0.359253 0.472252 0.446268 0.318229 0.342911 0.263333 0.355136 0.486834 0.909005 0.327391 0.444936 0.572506 0.552530 0.583241 0.971530 0.332567 0.385022 0.340578 0.342847 0.200303 0.000000 0.583973 0.856061 0.614158 0.570738 0.905922 0.769142 0.746948 0.568245 0.632293 0.459398 0.699392 0.534394 0.317507 0.412536 0.514457 0.393549 0.443484 0.409922 0.559594 0.802898 0.333476 0.305286 0.340070 0.345433 0.348260 0.358730 0.311853 0.326484 0.242847 0.244469 0.535957 0.431996 0.417719 0.469744 0.554113 0.394997 0.798328 0.903310 0.549908 0.648887 0.693821 0.683787 0.742655 0.696733 0.298848 0.373094 0.330178 0.491142 0.372637 0.456148 0.365515 0.376842 0.999913 0.648672 0.508984 0.370257 0.666631 0.714298 0.632529 0.614701 0.764163 0.815049 0.811361 0.992032 0.780776 0.691372 0.931142 0.927695 0.717090 0.662807 0.607885 0.539955 0.648079 0.953877 0.870178 0.724260 0.673493 0.718289 0.773155 0.774332 0.458026 0.852824
0.781019 0.696783 0.606659 0.558520 0.941527 0.943778 0.564174 0.588979 0.973150 0.911626 0.957713 0.763408 0.793514 0.800011 0.841878 0.719914 0.733359 0.761360 0.659226 0.814968 0.955151 0.894933 0.499883 0.625548 0.660046 0.618053 0.785356 0.952152 0.803101 0.821265 0.562160 0.616565 0.586043 0.583973 0.000000 0.887201 0.611930 0.718644 0.824192 0.964020 0.810368 0.741470 0.556977 0.509791 0.718011 0.636240 0.520529 0.562881 0.700235 0.534280 0.554092 0.544917 0.604570 0.687500 0.683495 0.607446 0.705497 0.720784 0.610036 0.627600 0.751689 0.694982 0.733609 0.653134 0.720775 0.642757 0.512112 0.567045 0.829756 0.595455 0.773198 0.818771 0.680774 0.736570 0.870115 0.735774 0.595659 0.658562 0.658389 0.693459 0.693660 0.804155 0.722190 0.746965 0.684692 0.634515 0.912055 0.859447 0.678604 0.646599 0.970684 0.958065 0.952021 0.825953 0.756296 0.890388 0.863049 0.993484 0.795783 0.655310 0.988052 0.953265 0.697235 0.752981 0.551643 0.682716 0.624014 0.876333 0.893217 0.734980 0.674560 0.789086 0.763849 0.887866 0.611631 0.978539
0.945188 0.957187 0.808532 0.829055 0.895485 0.994144 0.847926 0.902846 0.993915 0.998771 0.923986 0.980778 0.933519 0.907731 0.943401 0.927928 0.944761 0.959777 0.990309 0.958441 0.943408 0.948941 0.843727 0.970007 0.863026 0.864030 0.730726 0.901130 0.973001 0.892956 0.710459 0.700983 0.913737 0.856061 0.887201 0.000000 0.800282 0.646443 0.936546 0.879600 0.973333 0.936678 0.846976 0.793666 0.815777 0.840490 0.889388 0.844206 0.998961 0.862883 0.883281 0.836868 0.772197 0.799781 0.921353 0.892455 0.928159 0.961805 0.958982 0.949312 0.953242 0.874472 0.992620 0.946303 0.884789 0.831920 0.772697 0.688167 0.878686 0.929942 0.769739 0.818814 0.803987 0.988776 0.820278 0.909537 0.993144 0.742301 0.922468 0.894262 0.991752 0.916923 0.875161 0.998035 0.995283 0.944150 0.974530 0.860057 0.859257 0.975447 0.912519 0.876999 0.900910 0.898617 0.993212 0.848169 0.869141 0.723023 0.985053 0.958328 0.918393 0.989868 0.863613 0.965399 0.944675 0.862573 0.942881 0.938864 0.831628 0.881920 0.879738 0.960569 0.900783 0.947641 0.887123 0.851020
0.661702 0.575329 0.519694 0.540230 0.780754 0.952835 0.709851 0.712256 0.723012 0.839909 0.868091 0.730469 0.827623 0.833783 0.917326 0.820007 0.650357 0.678338 0.625217 0.712231 0.687851 0.874595 0.655532 0.666530 0.445263 0.506233 0.513257 0.940615 0.811142 0.718677 0.694953 0.687888 0.655176 0.614158 0.611930 0.800282 0.000000 0.492461 0.713806 0.680722 0.563499 0.677194 0.842466 0.742777 0.995747 0.898849 0.633811 0.750536 0.944140 0.730660 0.801221 0.734387 0.842427 0.970381 0.620449 0.609070 0.609205 0.612355 0.641420 0.656115 0.786184 0.777414 0.704385 0.667585 0.606107 0.634692 0.635877 0.731187 0.639254 0.591452 0.861465 0.873778 0.888209 0.949036 0.772104 0.910116 0.928290 0.934704 0.789847 0.753047 0.711662 0.782913 0.642526 0.595228 0.644990 0.586596 0.780496 0.771162 0.708267 0.650607 0.571892 0.653874 0.569448 0.549722 0.984603 0.944895 0.980175 0.972970 0.865064 0.971342 0.767731 0.824738 0.953440 0.813029 0.765377 0.723466 0.912150 0.954129 0.972467 0.837286 0.868669 0.954981 0.953502 0.971923 0.784821 0.914594
0.583180 0.514379 0.574818 0.592234 0.765061 0.911143 0.720514 0.668526 0.789937 0.769560 0.766619 0.656431 0.767331 0.790421 0.927071 0.789615 0.608769 0.600455 0.620686 0.605120 0.697363 0.925625 0.685301 0.698845 0.514390 0.586805 0.598731 0.943859 0.722288 0.592048 0.661286 0.674530 0.602032 0.570738 0.718644 0.646443 0.492461 0.000000 0.616810 0.745675 0.623439 0.685017 0.967333 0.812182 0.940971 0.928893 0.669814 0.756202 0.985027 0.800907 0.872687 0.796048 0.892492 0.928100 0.613613 0.608937 0.527976 0.516420 0.675749 0.647343 0.670319 0.639525 0.641607 0.551245 0.581877 0.559265 0.737686 0.717702 0.579294 0.476545 0.934755 0.881344 0.885552 0.987504 0.793681 0.931170 0.964369 0.984486 0.692607 0.707319 0.612366 0.735326 0.566484 0.559412 0.644649 0.567318 0.802258 0.770614 0.667324 0.544666 0.518598 0.503520 0.546796 0.404700 0.924411 0.955753 0.994619 0.935108 0.780808 0.891265 0.849828 0.717122 0.955931 0.966594 0.890040 0.845484 0.845539 0.867167 0.964820 0.829408 0.935403 0.869150 0.871245 0.943851 0.805831 0.714343
