0.000000 0.299389 0.959108 0.862552 0.840018 0.972461 0.971496 0.866576 0.937642 0.834303 0.398453 0.393901 0.825873 0.887110 0.912322 0.816415 0.386147 0.369143 0.622177 0.541743 0.735332 0.929844 0.947598 0.973090 0.924488 0.921327 0.905125 0.762733 0.567409 0.573632 0.886334 0.997607 0.565567 0.504683 0.928585 0.877213 0.720471 0.656502 0.834336 0.701280 0.529907 0.641931 0.755884 0.658883 0.830927 0.678359 0.472376 0.529951 0.608511 0.601610 0.700923 0.718523 0.990057 0.673150 0.500427 0.658503 0.285536 0.359067 0.379702 0.381746 0.497477 0.599632 0.566133 0.464898 0.892288 0.722793 0.675662 0.532683 0.400574 0.482378 0.976238 0.916206 0.656877 0.657180 0.661717 0.983984 0.916223 0.932207 0.535330 0.593392 0.338819 0.372095 0.661552 0.430156 0.583953 0.643708 0.950993 0.972151 0.797579 0.663514 0.789348 0.778143 0.879823 0.730185 0.665047 0.935920 0.818272 0.967517 0.940248 0.996035 0.927117 0.717502 0.894931 0.833953 0.630900 0.754129 0.858242 0.975946 0.936038 0.853420 0.887263 0.744074 0.915864 0.893570 0.832339 0.955223
0.299389 0.000000 0.934821 0.848560 0.754735 0.978412 0.970113 0.851321 0.923211 0.741009 0.481718 0.394078 0.822297 0.830365 0.873967 0.806367 0.443509 0.430788 0.669767 0.558416 0.776089 0.879613 0.965213 0.951977 0.892039 0.919583 0.901756 0.702793 0.501691 0.613129 0.906849 0.942751 0.544809 0.496815 0.925363 0.918819 0.767681 0.743078 0.784185 0.766732 0.565000 0.593868 0.784491 0.683954 0.856188 0.708267 0.471172 0.515992 0.643520 0.578591 0.679995 0.693513 0.956520 0.726817 0.518974 0.727967 0.292745 0.324322 0.365783 0.321921 0.486465 0.596593 0.567574 0.487594 0.868376 0.727497 0.654519 0.547372 0.385810 0.453902 0.963686 0.882672 0.620963 0.657168 0.684510 0.974415 0.930931 0.878594 0.556461 0.581907 0.376331 0.413065 0.637976 0.446523 0.564080 0.638011 0.957491 0.976985 0.808619 0.696333 0.818397 0.812263 0.926567 0.741321 0.690695 0.959192 0.847479 0.968520 0.935765 0.996349 0.953052 0.700089 0.945704 0.907723 0.646923 0.692657 0.905475 0.879843 0.934834 0.855919 0.857093 0.725172 0.997347 0.911590 0.844887 0.887492
0.959108 0.934821 0.000000 0.275502 0.950739 0.921783 0.460639 0.437061 0.555174 0.892617 0.906499 0.787708 0.465053 0.630486 0.769529 0.415213 0.826193 0.829629 0.623665 0.617056 0.747388 0.879847 0.557041 0.488286 0.346095 0.384339 0.793895 0.997818 0.867842 0.847981 0.568200 0.719829 0.612501 0.746510 0.848886 0.920938 0.620094 0.547430 0.521386 0.623747 0.958155 0.981987 0.582515 0.644956 0.936498 0.944082 0.700251 0.731540 0.989513 0.872979 0.873016 0.896902 0.864523 0.959846 0.851358 0.860202 0.980139 0.802904 0.830380 0.995332 0.908417 0.608947 0.548937 0.624849 0.341214 0.355610 0.617135 0.781358 0.806428 0.881404 0.604218 0.532364 0.859416 0.728506 0.989168 0.749383 0.608403 0.599935 0.818087 0.952495 0.821254 0.959180 0.899806 0.968147 0.790486 0.643804 0.995543 0.819563 0.686979 0.755671 0.586023 0.606288 0.532847 0.521498 0.912158 0.767301 0.853980 0.771852 0.795147 0.744182 0.941290 0.830424 0.939149 0.775877 0.671725 0.766905 0.835952 0.871337 0.992207 0.965409 0.978107 0.976577 0.932707 0.860628 0.857809 0.938690
0.862552 0.848560 0.275502 0.000000 0.803554 0.926592 0.488687 0.398220 0.596218 0.931109 0.795406 0.706814 0.520472 0.535071 0.774455 0.450587 0.902078 0.952226 0.615046 0.535330 0.704981 0.922928 0.553691 0.465491 0.338528 0.367018 0.770914 0.946405 0.956909 0.924065 0.612793 0.702284 0.553691 0.696485 0.837798 0.922994 0.563682 0.546621 0.479352 0.640308 0.952844 0.961341 0.620360 0.629439 0.969311 0.958654 0.733707 0.739200 0.972031 0.793401 0.871939 0.876612 0.865408 0.973967 0.805828 0.817494 0.880191 0.915857 0.888889 0.955688 0.907140 0.601590 0.652558 0.731008 0.334064 0.339926 0.597693 0.733303 0.708259 0.723498 0.643824 0.548948 0.917646 0.763000 0.970844 0.772496 0.685114 0.626649 0.753007 0.931868 0.908849 0.946328 0.932378 0.913482 0.711232 0.585469 0.940618 0.851418 0.668485 0.673037 0.658939 0.643092 0.542068 0.563604 0.882622 0.725936 0.895264 0.838824 0.854041 0.832877 0.901947 0.868090 0.930273 0.798803 0.593456 0.678989 0.901511 0.952096 0.994245 0.905893 0.937029 0.964456 0.992251 0.845950 0.887221 0.940043
0.840018 0.754735 0.950739 0.803554 0.000000 0.938359 0.880081 0.787840 0.788535 0.954014 0.905840 0.855451 0.888919 0.782659 0.990139 0.856955 0.861741 0.862883 0.868655 0.816812 0.817441 0.929518 0.909319 0.973315 0.924700 0.826745 0.999049 0.844080 0.793435 0.885784 0.795493 0.775499 0.790335 0.776447 0.875752 0.962262 0.797977 0.865710 0.895050 0.881783 0.929973 0.985521 0.751744 0.668964 0.750935 0.770554 0.829126 0.740109 0.772334 0.747357 0.801171 0.804991 0.901960 0.876831 0.926083 0.799604 0.775479 0.892721 0.874963 0.931244 0.992353 0.919054 0.962956 0.944003 0.883155 0.932056 0.815353 0.748132 0.831116 0.779466 0.803428 0.819717 0.749066 0.823805 0.942692 0.929951 0.799340 0.822268 0.792943 0.925569 0.892731 0.885084 0.821410 0.827553 0.901955 0.918776 0.793186 0.899082 0.983838 0.841523 0.977588 0.904801 0.916153 0.977800 0.876391 0.762827 0.949528 0.957412 0.867516 0.859348 0.733688 0.959108 0.820895 0.773560 0.834416 0.914769 0.994736 0.958162 0.859755 0.809354 0.933089 0.950976 0.949833 0.947980 0.931872 0.825441
0.972461 0.978412 0.921783 0.926592 0.938359 0.000000 0.714810 0.642213 0.860181 0.632040 0.977866 0.826248 0.899222 0.925363 0.714376 0.883460 0.899861 0.943444 0.825255 0.990495 0.879474 0.999206 0.825006 0.820939 0.893117 0.929197 0.512333 0.943697 0.998685 0.915881 0.962600 0.780629 0.838334 0.777185 0.917865 0.878042 0.969461 0.859516 0.962394 0.944717 0.945087 0.956173 0.978514 0.888830 0.837741 0.739796 0.981549 0.764660 0.760411 0.760924 0.906542 0.852237 0.805600 0.907856 0.798669 0.997852 0.847393 0.925394 0.908394 0.948215 0.765217 0.720959 0.922814 0.939091 0.820082 0.800352 0.890904 0.684058 0.919015 0.863829 0.611624 0.625608 0.645274 0.701143 0.965343 0.998730 0.810010 0.890662 0.973272 0.978657 0.907193 0.932911 0.670120 0.797604 0.755847 0.799791 0.779950 0.798957 0.781432 0.646821 0.566466 0.632837 0.650793 0.815948 0.887659 0.982894 0.633019 0.757093 0.608648 0.742438 0.762551 0.888544 0.774678 0.966870 0.909573 0.923391 0.997270 0.890831 0.910993 0.875971 0.983422 0.838008 0.739135 0.967838 0.970673 0.866611
0.971496 0.970113 0.460639 0.488687 0.880081 0.714810 0.000000 0.370858 0.541843 0.767631 0.888287 0.865721 0.695716 0.872093 0.941878 0.574515 0.991736 0.939263 0.515514 0.795392 0.886145 0.954030 0.659621 0.681289 0.653679 0.672569 0.868224 0.891293 0.995645 0.958932 0.558320 0.515099 0.505189 0.597770 0.945618 0.961731 0.914562 0.839561 0.753457 0.838018 0.968188 0.855655 0.698044 0.770799 0.919621 0.975661 0.821751 0.855108 0.886279 0.966595 0.977043 0.987950 0.920164 0.980546 0.836639 0.857467 0.976801 0.781450 0.923989 0.918669 0.792641 0.819678 0.788052 0.801271 0.650275 0.612254 0.485188 0.596591 0.970862 0.951118 0.679433 0.592490 0.754434 0.771576 0.903164 0.915400 0.751856 0.720236 0.886279 0.913005 0.919784 0.924182 0.918103 0.993486 0.824441 0.733990 0.965758 0.915082 0.890862 0.963419 0.627577 0.627966 0.604681 0.689586 0.794912 0.793037 0.756567 0.742715 0.752644 0.743492 0.926476 0.744664 0.972275 0.769455 0.741021 0.832334 0.829619 0.935692 0.861260 0.928996 0.969093 0.977425 0.822336 0.939041 0.923567 0.928645
0.866576 0.851321 0.437061 0.398220 0.787840 0.642213 0.370858 0.000000 0.557162 0.601914 0.799061 0.631080 0.732925 0.734492 0.922251 0.623149 0.952786 0.987416 0.528531 0.585993 0.897811 0.959586 0.845009 0.760226 0.601472 0.601853 0.846879 0.906814 0.995292 0.927573 0.672826 0.609278 0.571806 0.582245 0.965604 0.925069 0.777476 0.741718 0.692919 0.697915 0.870073 0.959314 0.700123 0.774127 0.962705 0.892584 0.816303 0.862130 0.820727 0.955042 0.982643 0.965718 0.970061 0.875523 0.882102 0.843706 0.911505 0.869232 0.997603 0.962773 0.785238 0.529424 0.765256 0.844263 0.664377 0.462076 0.561109 0.622032 0.877945 0.967984 0.504073 0.406014 0.689878 0.657602 0.991734 0.860562 0.692925 0.698653 0.789640 0.907190 0.952213 0.965111 0.757457 0.965717 0.964732 0.854639 0.807099 0.754663 0.893518 0.941428 0.484756 0.534565 0.439494 0.607527 0.863454 0.792917 0.646021 0.757148 0.692609 0.669539 0.740220 0.773601 0.832929 0.884054 0.646728 0.685853 0.832336 0.937813 0.897145 0.886994 0.997024 0.920053 0.882787 0.961927 0.884061 0.923115
0.937642 0.923211 0.555174 0.596218 0.788535 0.860181 0.541843 0.557162 0.000000 0.661290 0.981914 0.866480 0.778976 0.881887 0.958529 0.595980 0.882581 0.810205 0.704843 0.830665 0.815179 0.931421 0.776956 0.851130 0.727797 0.524695 0.944189 0.937301 0.978928 0.923224 0.488895 0.629882 0.719545 0.765829 0.870472 0.946998 0.782802 0.835652 0.674224 0.781066 0.809832 0.933768 0.553147 0.646037 0.737580 0.878844 0.838466 0.915343 0.947297 0.897630 0.824602 0.906936 0.826815 0.742946 0.972367 0.832819 0.923367 0.640951 0.734398 0.718990 0.945944 0.833467 0.644586 0.660847 0.661238 0.739658 0.632218 0.871058 0.922631 0.993105 0.514275 0.507502 0.876486 0.818523 0.932510 0.749917 0.534629 0.612545 0.901922 0.987028 0.801898 0.794725 0.863707 0.836008 0.933146 0.942937 0.835228 0.682541 0.938080 0.973978 0.512283 0.489679 0.499494 0.508816 0.875155 0.793867 0.784714 0.678409 0.619731 0.601847 0.828209 0.624440 0.770850 0.971135 0.829543 0.976746 0.819643 0.862721 0.856232 0.972033 0.968898 0.815107 0.907079 0.836935 0.946494 0.876145
0.834303 0.741009 0.892617 0.931109 0.954014 0.632040 0.767631 0.601914 0.661290 0.000000 0.979623 0.882590 0.919902 0.955903 0.567590 0.970033 0.994299 0.862654 0.886380 0.934717 0.898013 0.826984 0.735959 0.756412 0.902302 0.963644 0.684138 0.714517 0.985813 0.973851 0.973241 0.906323 0.925905 0.957368 0.918950 0.940316 0.921590 0.981283 0.897215 0.959490 0.893105 0.874385 0.986979 0.844058 0.842581 0.716411 0.783993 0.706061 0.683732 0.619139 0.726706 0.670309 0.793022 0.996872 0.757961 0.932111 0.720149 0.629881 0.751702 0.698221 0.979667 0.819290 0.792758 0.796028 0.811135 0.937949 0.977251 0.947650 0.800775 0.650977 0.540913 0.583189 0.810224 0.823246 0.910908 0.908207 0.768724 0.924685 0.980723 0.815126 0.767981 0.730014 0.554850 0.654670 0.483982 0.602380 0.746837 0.637383 0.957101 0.728063 0.473321 0.496980 0.530985 0.610198 0.929150 0.893608 0.704054 0.743330 0.702256 0.772879 0.680871 0.763226 0.608789 0.856107 0.976551 0.962568 0.957708 0.935973 0.834417 0.913219 0.838899 0.921034 0.866070 0.887390 0.921663 0.913070
0.398453 0.481718 0.906499 0.795406 0.905840 0.977866 0.888287 0.799061 0.981914 0.979623 0.000000 0.436666 0.848624 0.878702 0.978777 0.940827 0.421379 0.322704 0.583999 0.574499 0.840922 0.974499 0.877128 0.976131 0.972009 0.998357 0.890913 0.916391 0.495283 0.428961 0.884528 0.996734 0.652153 0.524055 0.981901 0.840692 0.785131 0.720347 0.821217 0.827417 0.616310 0.736136 0.997735 0.894711 0.994681 0.911076 0.669330 0.689077 0.903470 0.878471 0.933673 0.986923 0.806960 0.576832 0.589655 0.812606 0.446400 0.458492 0.588460 0.516253 0.454604 0.611118 0.540345 0.458349 0.948544 0.720063 0.714036 0.650477 0.437796 0.535888 0.972989 0.876836 0.751643 0.746343 0.773771 0.943657 0.970055 0.998651 0.555047 0.639141 0.454196 0.404939 0.748329 0.490182 0.747161 0.717503 0.971923 0.974803 0.794741 0.721306 0.847416 0.807581 0.935806 0.813859 0.689344 0.984168 0.891845 0.992867 0.939873 0.810176 0.896689 0.864507 0.983584 0.860032 0.728401 0.800613 0.710413 0.891796 0.852949 0.824631 0.818990 0.901373 0.985101 0.928110 0.869802 0.951043
0.393901 0.394078 0.787708 0.706814 0.855451 0.826248 0.865721 0.631080 0.866480 0.882590 0.436666 0.000000 0.741408 0.768300 0.990576 0.747658 0.461554 0.495777 0.640447 0.539338 0.783080 0.932039 0.842539 0.982700 0.859872 0.801966 0.954903 0.914813 0.523741 0.598386 0.882530 0.882989 0.601535 0.499001 0.941185 0.863206 0.716627 0.691212 0.743267 0.702730 0.584796 0.639593 0.838712 0.808291 0.996691 0.891632 0.573929 0.707204 0.864705 0.790944 0.833028 0.893694 0.906542 0.691879 0.648903 0.778571 0.480716 0.533811 0.567768 0.492615 0.461609 0.415519 0.702281 0.598995 0.892000 0.586703 0.691519 0.620814 0.465819 0.559095 0.726122 0.639222 0.566686 0.553078 0.690615 0.908146 0.874241 0.854057 0.532771 0.683798 0.501538 0.554251 0.906910 0.617730 0.842639 0.774933 0.867106 0.767613 0.772567 0.838458 0.850292 0.898846 0.776367 0.983875 0.752511 0.967819 0.705893 0.926721 0.891349 0.948584 0.926387 0.944241 0.764421 0.809986 0.606161 0.657524 0.808254 0.931634 0.969708 0.796000 0.904399 0.714397 0.929827 0.994056 0.903974 0.923165
0.825873 0.822297 0.465053 0.520472 0.888919 0.899222 0.695716 0.732925 0.778976 0.919902 0.848624 0.741408 0.000000 0.657094 0.507804 0.388995 0.885705 0.909003 0.747193 0.850527 0.775612 0.903475 0.563373 0.502453 0.530561 0.575209 0.683201 0.906286 0.939732 0.923925 0.710328 0.820055 0.598896 0.774283 0.855571 0.972084 0.667688 0.603080 0.609877 0.728877 0.984328 0.757323 0.779401 0.767987 0.964519 0.901132 0.678303 0.825056 0.845737 0.730827 0.651603 0.721362 0.744692 0.883547 0.799203 0.846412 0.884854 0.949080 0.985022 0.847109 0.706530 0.634184 0.813877 0.841730 0.446515 0.464699 0.769908 0.838115 0.727829 0.694397 0.875179 0.845089 0.997053 0.848358 0.813944 0.830081 0.672091 0.704430 0.841507 0.805415 0.944202 0.841756 0.896259 0.806761 0.642159 0.495907 0.912251 0.980383 0.579448 0.795349 0.765229 0.756569 0.729639 0.712545 0.805627 0.927624 0.934098 0.859716 0.911846 0.958628 0.891868 0.919534 0.899267 0.778812 0.749314 0.850511 0.933871 0.925770 0.891070 0.957221 0.928735 0.881968 0.915873 0.893593 0.787009 0.940547
0.887110 0.830365 0.630486 0.535071 0.782659 0.925363 0.872093 0.734492 0.881887 0.955903 0.878702 0.768300 0.657094 0.000000 0.591728 0.599908 0.831064 0.998666 0.779366 0.693088 0.900089 0.809245 0.590227 0.573020 0.652885 0.636269 0.678608 0.898927 0.858651 0.988393 0.844781 0.754324 0.665735 0.882979 0.840592 0.990394 0.785755 0.672354 0.752560 0.836163 0.866632 0.838400 0.845864 0.788841 0.925892 0.832608 0.895592 0.817521 0.837970 0.630625 0.794505 0.666402 0.798489 0.855070 0.906910 0.961110 0.924000 0.910460 0.987108 0.841870 0.994988 0.796900 0.862698 0.871000 0.591254 0.644631 0.981243 0.955305 0.795161 0.617410 0.960699 0.915030 0.976921 0.886277 0.939483 0.861429 0.789642 0.850904 0.710473 0.996791 0.951536 0.968604 0.822348 0.798344 0.808170 0.686455 0.938158 0.971593 0.864787 0.653632 0.920813 0.869602 0.772616 0.807441 0.968497 0.960785 0.973605 0.926544 0.894995 0.999132 0.961749 0.915116 0.970038 0.879464 0.712289 0.774966 0.886905 0.953635 0.827292 0.913198 0.831171 0.919829 0.913279 0.896343 0.773662 0.894143
0.912322 0.873967 0.769529 0.774455 0.990139 0.714376 0.941878 0.922251 0.958529 0.567590 0.978777 0.990576 0.507804 0.591728 0.000000 0.571547 0.801775 0.967231 0.883082 0.977125 0.855755 0.997467 0.426181 0.521756 0.742962 0.731758 0.529946 0.809068 0.981446 0.987032 0.722806 0.857479 0.725219 0.986575 0.806466 0.948269 0.802644 0.811103 0.734693 0.953803 0.957027 0.928837 0.859720 0.726640 0.742075 0.653503 0.766754 0.787446 0.644033 0.521729 0.543125 0.521363 0.560584 0.696286 0.668433 0.878791 0.863684 0.878030 0.958276 0.891958 0.895365 0.973743 0.969696 0.994440 0.576183 0.870081 0.899643 0.948044 0.804816 0.621722 0.745706 0.756528 0.817976 0.836112 0.872036 0.973427 0.905858 0.908965 0.886415 0.868726 0.861561 0.773667 0.559418 0.686762 0.521366 0.471688 0.779042 0.686921 0.761436 0.682879 0.809880 0.858826 0.877223 0.926630 0.903969 0.962067 0.825606 0.848769 0.801068 0.920400 0.675972 0.984089 0.778458 0.836287 0.918346 0.986858 0.942780 0.966722 0.778584 0.970472 0.816143 0.960020 0.938340 0.935210 0.774864 0.899833
0.816415 0.806367 0.415213 0.450587 0.856955 0.883460 0.574515 0.623149 0.595980 0.970033 0.940827 0.747658 0.388995 0.599908 0.571547 0.000000 0.926549 0.920282 0.655465 0.696694 0.736211 0.850859 0.485511 0.500398 0.491947 0.462417 0.778542 0.903797 0.974196 0.945963 0.510386 0.623163 0.507473 0.685020 0.834334 0.976513 0.687504 0.567219 0.573997 0.660275 0.963480 0.900277 0.551808 0.570965 0.742488 0.739730 0.604892 0.739973 0.759933 0.667009 0.594625 0.657178 0.662405 0.803355 0.761899 0.720372 0.840278 0.959118 0.994771 0.964696 0.786485 0.691307 0.727759 0.773290 0.409748 0.508414 0.624279 0.727471 0.715091 0.741315 0.742123 0.682617 0.877893 0.755491 0.836800 0.793679 0.553162 0.646910 0.719433 0.900653 0.979985 0.893776 0.835400 0.809931 0.661990 0.555567 0.976025 0.910067 0.728984 0.737297 0.716751 0.712692 0.687927 0.694749 0.835887 0.782256 0.894214 0.884352 0.805146 0.756643 0.984093 0.833190 0.962469 0.860627 0.674457 0.764998 0.960097 0.795680 0.991843 0.947870 0.961568 0.862661 0.827457 0.962297 0.752120 0.874874
0.386147 0.443509 0.826193 0.902078 0.861741 0.899861 0.991736 0.952786 0.882581 0.994299 0.421379 0.461554 0.885705 0.831064 0.801775 0.926549 0.000000 0.293953 0.702602 0.675627 0.870464 0.910621 0.626493 0.762848 0.777330 0.795493 0.863009 0.890492 0.468136 0.432782 0.954527 0.940744 0.796670 0.567141 0.917657 0.830867 0.917888 0.927127 0.998957 0.918881 0.603924 0.780730 0.965370 0.936746 0.981647 0.934811 0.698678 0.757879 0.900712 0.959787 0.980393 0.900822 0.693451 0.503019 0.682843 0.793163 0.398750 0.412351 0.455132 0.534085 0.489707 0.730756 0.412755 0.355168 0.775006 0.959048 0.774117 0.637537 0.529888 0.748473 0.968174 0.889713 0.618112 0.718922 0.792811 0.876427 0.894895 0.894919 0.606654 0.672800 0.380004 0.415135 0.768345 0.582688 0.867794 0.945563 0.987768 0.975732 0.931191 0.895650 0.775377 0.723279 0.794071 0.630463 0.708141 0.896956 0.822699 0.938499 0.995389 0.923893 0.951479 0.737846 0.877370 0.726317 0.866166 0.784528 0.806343 0.988126 0.931036 0.857736 0.974126 0.761410 0.927942 0.971890 0.958982 0.964537
0.369143 0.430788 0.829629 0.952226 0.862883 0.943444 0.939263 0.987416 0.810205 0.862654 0.322704 0.495777 0.909003 0.998666 0.967231 0.920282 0.293953 0.000000 0.689564 0.639027 0.930808 0.975556 0.772281 0.891629 0.803170 0.806491 0.977845 0.838088 0.427892 0.364417 0.944447 0.943432 0.750642 0.567928 0.954382 0.857396 0.890572 0.893044 0.986799 0.897513 0.550991 0.778526 0.914282 0.935367 0.978973 0.862675 0.663020 0.680971 0.852628 0.870323 0.951984 0.993810 0.806752 0.514409 0.602179 0.829072 0.369883 0.346201 0.474471 0.479948 0.485904 0.789374 0.352411 0.293319 0.855222 0.949097 0.818829 0.683441 0.499431 0.604990 0.877410 0.972895 0.705552 0.834836 0.823146 0.897449 0.800645 0.854078 0.572921 0.630621 0.357301 0.339686 0.615516 0.461752 0.735348 0.795936 0.969325 0.874011 0.907139 0.763184 0.649924 0.597696 0.698955 0.579392 0.701801 0.908383 0.978069 0.927515 0.877686 0.822785 0.857522 0.706604 0.969476 0.784859 0.853848 0.794658 0.715513 0.862862 0.893099 0.871716 0.869736 0.866462 0.865501 0.993939 0.943441 0.900621
0.622177 0.669767 0.623665 0.615046 0.868655 0.825255 0.515514 0.528531 0.704843 0.886380 0.583999 0.640447 0.747193 0.779366 0.883082 0.655465 0.702602 0.689564 0.000000 0.581689 0.863634 0.997420 0.803619 0.838220 0.854593 0.781036 0.970177 0.994116 0.652079 0.603507 0.652489 0.675748 0.527745 0.445343 0.902169 0.970434 0.891551 0.819300 0.772048 0.885792 0.815373 0.897449 0.794395 0.818041 0.906603 0.891517 0.655334 0.778518 0.933841 0.874115 0.944267 0.936761 0.967873 0.802299 0.721336 0.883932 0.732895 0.853176 0.755640 0.734681 0.573250 0.706797 0.912608 0.877954 0.786353 0.611439 0.553837 0.542928 0.697517 0.798689 0.789081 0.705702 0.725027 0.678628 0.824918 0.990099 0.829791 0.817922 0.649096 0.780113 0.780783 0.672995 0.902003 0.722789 0.774231 0.747067 0.956218 0.990671 0.892644 0.860107 0.891690 0.922858 0.802650 0.938502 0.719322 0.954657 0.761375 0.954896 0.895519 0.860352 0.916680 0.977924 0.990519 0.935056 0.778252 0.869634 0.950134 0.939122 0.978792 0.994813 0.813944 0.937786 0.954285 0.838405 0.778069 0.884009
0.541743 0.558416 0.617056 0.535330 0.816812 0.990495 0.795392 0.585993 0.830665 0.934717 0.574499 0.539338 0.850527 0.693088 0.977125 0.696694 0.675627 0.639027 0.581689 0.000000 0.760312 0.934891 0.916533 0.808215 0.669313 0.679970 0.880615 0.868080 0.688098 0.735623 0.787246 0.822094 0.669538 0.634992 0.893994 0.876899 0.715900 0.599451 0.716228 0.759003 0.681285 0.786714 0.738704 0.693758 0.969216 0.907167 0.669105 0.708496 0.901094 0.781422 0.938334 0.934829 0.939203 0.748957 0.675983 0.780357 0.585708 0.768773 0.828463 0.736146 0.765727 0.638775 0.971207 0.892198 0.702210 0.578328 0.691589 0.693263 0.531930 0.662575 0.715444 0.602445 0.793514 0.687176 0.875521 0.978102 0.832530 0.853015 0.604521 0.914576 0.801970 0.728698 0.908445 0.787060 0.808555 0.799783 0.967056 0.975216 0.809932 0.643870 0.921646 0.931784 0.808623 0.865512 0.804757 0.998170 0.863438 0.910801 0.938500 0.881351 0.992314 0.844943 0.958314 0.972777 0.564357 0.623463 0.989800 0.985950 0.892669 0.887213 0.860223 0.885979 0.996227 0.887795 0.911903 0.982750
0.735332 0.776089 0.747388 0.704981 0.817441 0.879474 0.886145 0.897811 0.815179 0.898013 0.840922 0.783080 0.775612 0.900089 0.855755 0.736211 0.870464 0.930808 0.863634 0.760312 0.000000 0.872709 0.854211 0.898906 0.820855 0.705315 0.858646 0.756070 0.977373 0.973593 0.724691 0.968738 0.789962 0.788675 0.812641 0.902187 0.606323 0.823260 0.658126 0.791245 0.995826 0.898094 0.672146 0.685981 0.814602 0.817019 0.672178 0.737952 0.769455 0.783662 0.803522 0.829132 0.935154 0.998264 0.922413 0.894899 0.826171 0.854055 0.854356 0.837434 0.874396 0.743554 0.904762 0.970812 0.744905 0.747861 0.729856 0.697343 0.710470 0.706170 0.784092 0.829482 0.842353 0.742870 0.995559 0.848159 0.770199 0.802112 0.816024 0.864713 0.876317 0.880159 0.983102 0.940875 0.818878 0.785486 0.990061 0.823502 0.930818 0.835734 0.902624 0.865923 0.878380 0.900980 0.863074 0.929587 0.881279 0.888765 0.809609 0.865024 0.872402 0.935426 0.935131 0.767539 0.704186 0.868682 0.976841 0.987790 0.884427 0.959080 0.919736 0.923426 0.925375 0.993828 0.867715 0.814156
0.929844 0.879613 0.879847 0.922928 0.929518 0.999206 0.954030 0.959586 0.931421 0.826984 0.974499 0.932039 0.903475 0.809245 0.997467 0.850859 0.910621 0.975556 0.997420 0.934891 0.872709 0.000000 0.971226 0.949817 0.868883 0.892226 0.983382 0.940092 0.945434 0.898899 0.810286 0.908054 0.915318 0.856158 0.872641 0.977679 0.680978 0.837359 0.944996 0.820116 0.885864 0.977690 0.773398 0.812556 0.816735 0.855811 0.794895 0.789468 0.900431 0.957307 0.841076 0.922756 0.870012 0.952200 0.817302 0.861097 0.880590 0.971785 0.999175 0.981934 0.973354 0.993142 0.940170 0.994290 0.877639 0.956240 0.812377 0.934063 0.939830 0.962229 0.792834 0.910997 0.945954 0.961470 0.836714 0.936459 0.968877 0.906301 0.927373 0.886977 0.916847 0.877074 0.906920 0.912447 0.846960 0.877090 0.946864 0.998619 0.945788 0.965542 0.938576 0.924798 0.906547 0.909168 0.999268 0.893170 0.902385 0.969750 0.825738 0.938819 0.903698 0.900153 0.925493 0.844659 0.966989 0.985917 0.983050 0.957445 0.937922 0.936371 0.923018 0.985822 0.981333 0.967104 0.979012 0.843541
0.947598 0.965213 0.557041 0.553691 0.909319 0.825006 0.659621 0.845009 0.776956 0.735959 0.877128 0.842539 0.563373 0.590227 0.426181 0.485511 0.626493 0.772281 0.803619 0.916533 0.854211 0.971226 0.000000 0.347456 0.536964 0.585526 0.557368 0.785287 0.830787 0.797068 0.649934 0.718282 0.646158 0.956932 0.768319 0.855001 0.830847 0.792188 0.714642 0.885246 0.885470 0.915846 0.655546 0.607296 0.670239 0.675032 0.817309 0.728774 0.727384 0.584374 0.646458 0.551346 0.470951 0.618241 0.799544 0.852570 0.996924 0.848352 0.833920 0.906561 0.870298 0.872608 0.719170 0.686720 0.396370 0.780473 0.730306 0.938628 0.945789 0.786286 0.889019 0.917537 0.801478 0.836315 0.962221 0.894754 0.751955 0.718101 0.981625 0.986806 0.877865 0.985904 0.749789 0.843221 0.502196 0.436998 0.864815 0.789566 0.729667 0.638016 0.966159 0.919242 0.914772 0.844248 0.999430 0.834296 0.804983 0.988499 0.978202 0.841019 0.830525 0.903707 0.800929 0.720855 0.782746 0.943776 0.890771 0.923390 0.960918 0.988738 0.890559 0.915697 0.867028 0.891211 0.796234 0.952059
0.973090 0.951977 0.488286 0.465491 0.973315 0.820939 0.681289 0.760226 0.851130 0.756412 0.976131 0.982700 0.502453 0.573020 0.521756 0.500398 0.762848 0.891629 0.838220 0.808215 0.898906 0.949817 0.347456 0.000000 0.418973 0.594821 0.564616 0.924252 0.847583 0.864241 0.773709 0.799979 0.709866 0.908248 0.806543 0.970453 0.741864 0.698810 0.637532 0.823957 0.966454 0.947522 0.724779 0.639590 0.807893 0.791080 0.796584 0.668369 0.831793 0.657220 0.735529 0.706918 0.629127 0.823756 0.797375 0.840760 0.902969 0.932859 0.870968 0.991623 0.947669 0.943581 0.733123 0.757098 0.359104 0.630791 0.698279 0.976132 0.870761 0.797716 0.970819 0.987587 0.848322 0.861274 0.979885 0.910047 0.765950 0.702741 0.968460 0.889147 0.975363 0.892293 0.796829 0.760925 0.530417 0.394734 0.889145 0.837776 0.606844 0.581935 0.951682 0.957144 0.910846 0.847046 0.919757 0.812057 0.852459 0.952524 0.937926 0.871776 0.839870 0.977240 0.784886 0.749395 0.750146 0.805390 0.949671 0.983602 0.987248 0.946265 0.910601 0.940641 0.974773 0.902484 0.858083 0.998748
0.924488 0.892039 0.346095 0.338528 0.924700 0.893117 0.653679 0.601472 0.727797 0.902302 0.972009 0.859872 0.530561 0.652885 0.742962 0.491947 0.777330 0.803170 0.854593 0.669313 0.820855 0.868883 0.536964 0.418973 0.000000 0.399277 0.679496 0.938186 0.769930 0.686131 0.668956 0.812240 0.670226 0.847756 0.830540 0.886878 0.607207 0.559692 0.563744 0.587305 0.987705 0.951841 0.564220 0.574241 0.910445 0.888307 0.720408 0.667897 0.887480 0.738133 0.783163 0.790338 0.779014 0.927857 0.775834 0.793569 0.874438 0.887627 0.847792 0.984766 0.940674 0.706655 0.557494 0.651797 0.285014 0.435501 0.677327 0.859529 0.760448 0.790161 0.717276 0.705482 0.961858 0.870381 0.863360 0.803002 0.638453 0.602103 0.901257 0.900999 0.875800 0.973933 0.962794 0.937207 0.648686 0.554495 0.910879 0.877940 0.626233 0.661126 0.750696 0.734852 0.661441 0.603114 0.965617 0.760982 0.931332 0.860333 0.889732 0.823519 0.961547 0.936998 0.890321 0.716925 0.578940 0.715236 0.796756 0.920371 0.955122 0.923664 0.985362 0.979053 0.943225 0.999372 0.925886 0.866067
0.921327 0.919583 0.384339 0.367018 0.826745 0.929197 0.672569 0.601853 0.524695 0.963644 0.998357 0.801966 0.575209 0.636269 0.731758 0.462417 0.795493 0.806491 0.781036 0.679970 0.705315 0.892226 0.585526 0.594821 0.399277 0.000000 0.772209 0.879388 0.880255 0.777881 0.617829 0.739829 0.650615 0.866485 0.687628 0.908462 0.554196 0.650805 0.552707 0.574386 0.935035 0.983738 0.528730 0.598532 0.841788 0.838568 0.708709 0.759887 0.853692 0.694664 0.733613 0.750768 0.787754 0.852034 0.833191 0.821474 0.984887 0.849229 0.809350 0.966493 0.959623 0.684667 0.570656 0.636820 0.384896 0.472965 0.699010 0.830342 0.764025 0.767526 0.634001 0.614864 0.918916 0.791360 0.920801 0.754087 0.555104 0.549040 0.846502 0.942434 0.848434 0.885548 0.958048 0.984396 0.793099 0.683670 0.944737 0.803168 0.816318 0.721134 0.628256 0.608042 0.552693 0.556479 0.850733 0.815638 0.837463 0.786008 0.769759 0.712121 0.929381 0.841386 0.961782 0.896975 0.611957 0.780274 0.797589 0.832282 0.972576 0.885472 0.971185 0.901834 0.909942 0.877996 0.868505 0.907034
0.905125 0.901756 0.793895 0.770914 0.999049 0.512333 0.868224 0.846879 0.944189 0.684138 0.890913 0.954903 0.683201 0.678608 0.529946 0.778542 0.863009 0.977845 0.970177 0.880615 0.858646 0.983382 0.557368 0.564616 0.679496 0.772209 0.000000 0.734597 0.958130 0.957064 0.949918 0.892767 0.921861 0.927116 0.807907 0.857397 0.766005 0.759457 0.825947 0.877222 0.988763 0.893402 0.907574 0.798658 0.856051 0.763935 0.856507 0.734426 0.734578 0.658483 0.797631 0.755216 0.657722 0.843492 0.773086 0.913220 0.870723 0.899909 0.942841 0.940585 0.924033 0.966552 0.947365 0.943597 0.561581 0.871273 0.998860 0.829046 0.830198 0.673261 0.785652 0.759822 0.754004 0.845694 0.829653 0.879069 0.937247 0.911576 0.981065 0.933932 0.927858 0.853632 0.700547 0.694665 0.618886 0.567623 0.840530 0.818464 0.624147 0.636642 0.807045 0.824525 0.842308 0.941852 0.931062 0.896775 0.732940 0.804597 0.764286 0.853821 0.737147 0.893419 0.765054 0.917217 0.883187 0.877132 0.905784 0.934489 0.848191 0.962553 0.966165 0.995487 0.810899 0.912622 0.930386 0.924014
0.762733 0.702793 0.997818 0.946405 0.844080 0.943697 0.891293 0.906814 0.937301 0.714517 0.916391 0.914813 0.906286 0.898927 0.809068 0.903797 0.890492 0.838088 0.994116 0.868080 0.756070 0.940092 0.785287 0.924252 0.938186 0.879388 0.734597 0.000000 0.858939 0.965218 0.987993 0.890958 0.828663 0.996052 0.831429 0.960490 0.877478 0.988144 0.919732 0.766232 0.986823 0.832089 0.849871 0.762482 0.820088 0.771971 0.846110 0.733711 0.694487 0.663366 0.736974 0.662688 0.737076 0.938211 0.778384 0.853745 0.753612 0.698606 0.813682 0.816520 0.977675 0.942346 0.859604 0.827423 0.846488 0.988426 0.963185 0.881574 0.765228 0.682240 0.866026 0.864598 0.996039 0.993039 0.925918 0.840817 0.907034 0.903472 0.812891 0.863068 0.834736 0.782699 0.713245 0.775054 0.642640 0.706315 0.885173 0.819180 0.931157 0.707985 0.801418 0.876773 0.848127 0.925756 0.895674 0.832511 0.787632 0.975129 0.967033 0.964450 0.862031 0.897748 0.851824 0.998332 0.950956 0.951018 0.987659 0.977362 0.871101 0.945890 0.889694 0.912921 0.994313 0.939331 0.944659 0.970424
0.567409 0.501691 0.867842 0.956909 0.793435 0.998685 0.995645 0.995292 0.978928 0.985813 0.495283 0.523741 0.939732 0.858651 0.981446 0.974196 0.468136 0.427892 0.652079 0.688098 0.977373 0.945434 0.830787 0.847583 0.769930 0.880255 0.958130 0.858939 0.000000 0.427219 0.953962 0.960655 0.722320 0.580793 0.997449 0.956351 0.960902 0.987495 0.963348 0.915180 0.692123 0.767706 0.906577 0.999885 0.920314 0.850258 0.793747 0.834844 0.813310 0.823712 0.919838 0.976526 0.930616 0.798409 0.679467 0.933456 0.599808 0.536719 0.624618 0.617667 0.573409 0.896235 0.481408 0.496284 0.812669 0.975461 0.851868 0.759013 0.619269 0.690643 0.958571 0.939466 0.703908 0.846016 0.811605 0.844042 0.906012 0.940145 0.644391 0.814073 0.520997 0.529863 0.664062 0.569934 0.888284 0.900905 0.961171 0.961040 0.952912 0.872694 0.783757 0.798324 0.905965 0.748252 0.776393 0.899591 0.980441 0.915668 0.930593 0.800828 0.817236 0.811451 0.958526 0.784025 0.923709 0.860556 0.696590 0.987267 0.895287 0.915682 0.764996 0.890778 0.874536 0.917572 0.970875 0.784564
0.573632 0.613129 0.847981 0.924065 0.885784 0.915881 0.958932 0.927573 0.923224 0.973851 0.428961 0.598386 0.923925 0.988393 0.987032 0.945963 0.432782 0.364417 0.603507 0.735623 0.973593 0.898899 0.797068 0.864241 0.686131 0.777881 0.957064 0.965218 0.427219 0.000000 0.938071 0.935139 0.792807 0.619160 0.938660 0.942355 0.955100 0.948695 0.937389 0.908468 0.709900 0.778780 0.855725 0.989301 0.927024 0.890264 0.790697 0.894451 0.942144 0.959442 0.996081 0.947313 0.833658 0.702119 0.701661 0.882689 0.622482 0.567990 0.555509 0.620469 0.488190 0.854358 0.420980 0.434115 0.736700 0.976084 0.769925 0.709574 0.690301 0.784205 0.949401 0.990878 0.654705 0.847326 0.847226 0.908823 0.894108 0.959246 0.658830 0.791302 0.516811 0.473699 0.724913 0.589983 0.929750 0.913126 0.904490 0.839431 0.958457 0.889157 0.781888 0.718266 0.801102 0.675344 0.729842 0.957077 0.839551 0.929139 0.978817 0.909335 0.804309 0.870345 0.902553 0.764406 0.966394 0.892928 0.680705 0.992628 0.849617 0.837024 0.775648 0.842712 0.908454 0.904590 0.846784 0.972376
0.886334 0.906849 0.568200 0.612793 0.795493 0.962600 0.558320 0.672826 0.488895 0.973241 0.884528 0.882530 0.710328 0.844781 0.722806 0.510386 0.954527 0.944447 0.652489 0.787246 0.724691 0.810286 0.649934 0.773709 0.668956 0.617829 0.949918 0.987993 0.953962 0.938071 0.000000 0.578256 0.606905 0.666276 0.971829 0.973480 0.737265 0.695032 0.692437 0.734001 0.973023 0.937790 0.504543 0.492150 0.566625 0.662598 0.687402 0.772470 0.752167 0.716196 0.586830 0.697165 0.695554 0.718443 0.681502 0.784178 0.879635 0.866272 0.947581 0.931819 0.896117 0.870579 0.807174 0.844129 0.645497 0.770303 0.526291 0.690711 0.832624 0.827875 0.655201 0.702484 0.798935 0.787069 0.833685 0.837379 0.552946 0.617902 0.697396 0.882423 0.976289 0.939527 0.878501 0.976666 0.822275 0.751275 0.932109 0.793024 0.911059 0.867724 0.759071 0.689093 0.682709 0.683136 0.890886 0.889706 0.855126 0.884704 0.691774 0.736701 0.994571 0.706346 0.879948 0.998413 0.776437 0.941382 0.933767 0.836169 0.979027 0.968806 0.984160 0.977772 0.813976 0.998423 0.831089 0.816291
0.997607 0.942751 0.719829 0.702284 0.775499 0.780629 0.515099 0.609278 0.629882 0.906323 0.996734 0.882989 0.820055 0.754324 0.857479 0.623163 0.940744 0.943432 0.675748 0.822094 0.968738 0.908054 0.718282 0.799979 0.812240 0.739829 0.892767 0.890958 0.960655 0.935139 0.578256 0.000000 0.689638 0.733522 0.977080 0.886024 0.954732 0.929141 0.875188 0.939398 0.965608 0.869159 0.697271 0.751449 0.796199 0.859572 0.789562 0.939137 0.950507 0.830310 0.806616 0.797288 0.836796 0.818821 0.855710 0.936870 0.961577 0.862721 0.974208 0.950378 0.891832 0.999551 0.903862 0.874642 0.806033 0.847365 0.638981 0.720622 0.959823 0.877538 0.780882 0.797426 0.768337 0.840428 0.880328 0.874369 0.781653 0.780490 0.824504 0.899402 0.914708 0.993598 0.967843 0.967071 0.913337 0.860183 0.764784 0.957852 0.937049 0.938458 0.753420 0.679486 0.685525 0.810526 0.826790 0.978895 0.863263 0.950916 0.846793 0.716991 0.988972 0.813322 0.848244 0.990952 0.686287 0.822839 0.956124 0.924162 0.984135 0.935699 0.958051 0.963745 0.871073 0.961891 0.781905 0.918142
0.565567 0.544809 0.612501 0.553691 0.790335 0.838334 0.505189 0.571806 0.719545 0.925905 0.652153 0.601535 0.598896 0.665735 0.725219 0.507473 0.796670 0.750642 0.527745 0.669538 0.789962 0.915318 0.646158 0.709866 0.670226 0.650615 0.921861 0.828663 0.722320 0.792807 0.606905 0.689638 0.000000 0.459665 0.872193 0.991124 0.784820 0.700818 0.760715 0.701162 0.720371 0.845386 0.584784 0.583791 0.736024 0.699179 0.554892 0.577933 0.709552 0.613879 0.643448 0.655967 0.793275 0.968665 0.594570 0.688908 0.583851 0.732114 0.687106 0.632196 0.611858 0.644394 0.933158 0.899133 0.592467 0.543048 0.507185 0.492356 0.614614 0.633106 0.842590 0.767177 0.700379 0.660161 0.801168 0.874244 0.749791 0.679333 0.662338 0.779790 0.711625 0.627222 0.705185 0.639168 0.536595 0.499492 0.986374 0.963464 0.792406 0.648914 0.887040 0.883681 0.785187 0.922204 0.752182 0.796150 0.807089 0.755710 0.763435 0.898149 0.972147 0.976314 0.887732 0.885921 0.579110 0.716380 0.978862 0.893513 0.921026 0.825332 0.859916 0.879453 0.849370 0.959789 0.775616 0.989950
0.504683 0.496815 0.746510 0.696485 0.776447 0.777185 0.597770 0.582245 0.765829 0.957368 0.524055 0.499001 0.774283 0.882979 0.986575 0.685020 0.567141 0.567928 0.445343 0.634992 0.788675 0.856158 0.956932 0.908248 0.847756 0.866485 0.927116 0.996052 0.580793 0.619160 0.666276 0.733522 0.459665 0.000000 0.934209 0.954555 0.777782 0.774689 0.767937 0.794074 0.692688 0.825195 0.717359 0.720055 0.775737 0.785824 0.574466 0.665145 0.809130 0.840420 0.801164 0.890974 0.964141 0.828523 0.682822 0.739549 0.528345 0.681410 0.634106 0.617580 0.525032 0.647503 0.800165 0.743019 0.840619 0.683469 0.493145 0.477422 0.581994 0.718955 0.710483 0.646524 0.531542 0.615378 0.630057 0.975154 0.797867 0.775151 0.605643 0.632582 0.610762 0.593115 0.826264 0.640772 0.749882 0.721201 0.901863 0.892140 0.861765 0.859970 0.890517 0.884249 0.802379 0.963256 0.643082 0.824608 0.738823 0.889727 0.740225 0.846297 0.989024 0.984140 0.832332 0.889547 0.704380 0.728442 0.804582 0.920742 0.956819 0.933921 0.898799 0.815519 0.893909 0.893494 0.788198 0.984272
0.928585 0.925363 0.848886 0.837798 0.875752 0.917865 0.945618 0.965604 0.870472 0.918950 0.981901 0.941185 0.855571 0.840592 0.806466 0.834334 0.917657 0.954382 0.902169 0.893994 0.812641 0.872641 0.768319 0.806543 0.830540 0.687628 0.807907 0.831429 0.997449 0.938660 0.971829 0.977080 0.872193 0.934209 0.000000 0.978976 0.765102 0.822548 0.745825 0.837808 0.945744 0.947431 0.674602 0.684517 0.733859 0.647367 0.778762 0.721344 0.677565 0.663131 0.705992 0.697935 0.772731 0.822643 0.976554 0.843941 0.893926 0.906682 0.917450 0.873832 0.915473 0.975758 0.959062 0.952761 0.769325 0.932654 0.887398 0.969352 0.824319 0.826942 0.925953 0.981634 0.932742 0.951346 0.993332 0.784922 0.812925 0.813110 0.988277 0.993896 0.934964 0.975131 0.896892 0.989355 0.810770 0.795744 0.958232 0.950306 0.831805 0.637326 0.958413 0.928242 0.943315 0.960696 0.838253 0.825594 0.914042 0.784648 0.910063 0.849949 0.928827 0.976759 0.926090 0.844124 0.855440 0.896179 0.993030 0.937269 0.985648 0.791949 0.981952 0.830846 0.825257 0.980782 0.827941 0.865418
0.877213 0.918819 0.920938 0.922994 0.962262 0.878042 0.961731 0.925069 0.946998 0.940316 0.840692 0.863206 0.972084 0.990394 0.948269 0.976513 0.830867 0.857396 0.970434 0.876899 0.902187 0.977679 0.855001 0.970453 0.886878 0.908462 0.857397 0.960490 0.956351 0.942355 0.973480 0.886024 0.991124 0.954555 0.978976 0.000000 0.833544 0.932016 0.986510 0.903439 0.769326 0.906287 0.900208 0.934705 0.779834 0.840552 0.966595 0.980176 0.906131 0.920978 0.936092 0.847765 0.728778 0.776356 0.899838 0.915945 0.897012 0.863081 0.953181 0.851593 0.799135 0.799844 0.931775 0.892560 0.977938 0.807747 0.977396 0.957153 0.731897 0.896537 0.863801 0.795841 0.847698 0.888648 0.983453 0.912599 0.978218 0.987037 0.867609 0.932141 0.913095 0.892541 0.952487 0.961875 0.975224 0.993586 0.953483 0.915648 0.974482 0.919188 0.959904 0.989888 0.969575 0.977226 0.901015 0.894336 0.940924 0.966331 0.983814 0.962098 0.866044 0.745673 0.910513 0.967246 0.855525 0.943223 0.982945 0.912197 0.969825 0.899146 0.980727 0.891241 0.929129 0.891242 0.810493 0.873677
0.720471 0.767681 0.620094 0.563682 0.797977 0.969461 0.914562 0.777476 0.782802 0.921590 0.785131 0.716627 0.667688 0.785755 0.802644 0.687504 0.917888 0.890572 0.891551 0.715900 0.606323 0.680978 0.830847 0.741864 0.607207 0.554196 0.766005 0.877478 0.960902 0.955100 0.737265 0.954732 0.784820 0.777782 0.765102 0.833544 0.000000 0.546536 0.687278 0.542315 0.855579 0.894576 0.611773 0.575474 0.827726 0.765424 0.649168 0.694672 0.740767 0.731228 0.739231 0.778144 0.887513 0.984863 0.768396 0.819842 0.727964 0.839598 0.935821 0.828368 0.908073 0.683935 0.894262 0.996622 0.580622 0.616238 0.738505 0.846445 0.649329 0.672921 0.743189 0.776266 0.908034 0.860617 0.928320 0.879925 0.740953 0.727952 0.756980 0.718032 0.824591 0.823318 0.883766 0.811029 0.755618 0.707089 0.929257 0.789790 0.770228 0.705725 0.885665 0.895994 0.792877 0.803566 0.824498 0.826401 0.921715 0.942368 0.834433 0.902089 0.872747 0.960659 0.947419 0.901822 0.815141 0.799540 0.976489 0.990083 0.947017 0.996500 0.983535 0.979899 0.937279 0.972934 0.839956 0.814200
0.656502 0.743078 0.547430 0.546621 0.865710 0.859516 0.839561 0.741718 0.835652 0.981283 0.720347 0.691212 0.603080 0.672354 0.811103 0.567219 0.927127 0.893044 0.819300 0.599451 0.823260 0.837359 0.792188 0.698810 0.559692 0.650805 0.759457 0.988144 0.987495 0.948695 0.695032 0.929141 0.700818 0.774689 0.822548 0.932016 0.546536 0.000000 0.670479 0.589622 0.832623 0.944356 0.667208 0.609329 0.825728 0.741667 0.700413 0.652575 0.745115 0.721322 0.691302 0.748402 0.865610 0.990189 0.692071 0.763964 0.679580 0.845014 0.896160 0.810579 0.843565 0.665830 0.882322 0.978048 0.555408 0.576098 0.798232 0.857203 0.588944 0.634105 0.817513 0.784663 0.898940 0.681293 0.834812 0.732566 0.719607 0.821356 0.631469 0.894217 0.852791 0.808483 0.812303 0.741311 0.743421 0.675797 0.965712 0.846470 0.630820 0.593102 0.973321 0.922467 0.859314 0.793064 0.895264 0.873137 0.986440 0.875348 0.980245 0.968864 0.934890 0.958529 0.958089 0.960639 0.792283 0.816545 0.888638 0.867770 0.873301 0.902131 0.995426 0.997839 0.916248 0.997889 0.768303 0.900633
