0.000000 0.189786 0.356560 0.261579 0.833287 0.650040 0.290039 0.208223 0.631978 0.445860 0.259119 0.176854 0.202878 0.258913 0.294739 0.307044 0.185750 0.191070 0.193381 0.189261 0.514885 0.722201 0.339140 0.385795 0.649513 0.576500 0.914807 0.954053 0.225781 0.191803 0.281881 0.311494 0.213620 0.207327 0.597222 0.691158 0.507309 0.634235 0.629756 0.711089 0.845503 0.670912 0.306408 0.268843 0.303454 0.234455 0.244942 0.236381 0.619430 0.353558 0.435284 0.377283 0.533388 0.549283 0.470759 0.601705 0.240777 0.222271 0.175129 0.227521 0.196698 0.288630 0.176655 0.192946 0.484745 0.333152 0.266194 0.210170 0.403451 0.278233 0.354743 0.343093 0.449214 0.509734 0.735198 0.689229 0.402565 0.355514 0.222723 0.277093 0.158307 0.187919 0.339588 0.286886 0.298481 0.337455 0.963184 0.730800 0.476986 0.574775 0.801191 0.972658 0.729019 0.909019 0.510658 0.580333 0.456062 0.533310 0.371903 0.352843 0.715579 0.899253 0.428528 0.485019 0.420720 0.414864 0.942183 0.792549 0.637663 0.474200 0.862564 0.445351 0.411410 0.512684 0.552092 0.891595
0.189786 0.000000 0.440017 0.337203 0.835606 0.729322 0.346459 0.226710 0.737539 0.450823 0.298519 0.199010 0.254992 0.259380 0.354159 0.337081 0.181453 0.192636 0.211755 0.214575 0.517976 0.749241 0.415755 0.463605 0.720726 0.665604 0.849953 0.956122 0.207385 0.213994 0.341994 0.381158 0.257150 0.240837 0.682561 0.662403 0.509081 0.624333 0.658363 0.646638 0.888307 0.508918 0.326456 0.278912 0.324920 0.287147 0.324523 0.249650 0.604096 0.406791 0.449255 0.396254 0.624416 0.545160 0.579840 0.662374 0.186702 0.164834 0.191549 0.242656 0.251296 0.322530 0.198143 0.169466 0.580497 0.430569 0.327484 0.256663 0.417170 0.238313 0.402745 0.341941 0.525681 0.586581 0.812632 0.673659 0.421723 0.340776 0.293198 0.354906 0.192760 0.236957 0.359811 0.306505 0.373076 0.413653 0.938470 0.899617 0.558735 0.604269 0.865153 0.953508 0.743945 0.941245 0.470405 0.613787 0.518170 0.407431 0.390035 0.367812 0.744581 0.899895 0.431612 0.426820 0.399757 0.408303 0.896367 0.787064 0.716103 0.509130 0.824025 0.440869 0.506935 0.489261 0.592960 0.803016
0.356560 0.440017 0.000000 0.173131 0.818769 0.644819 0.224952 0.309600 0.518856 0.553266 0.377235 0.413977 0.331674 0.509217 0.435903 0.449214 0.459578 0.402082 0.328889 0.348148 0.519304 0.746342 0.321615 0.314780 0.419405 0.357913 0.986384 0.926914 0.467745 0.410634 0.261803 0.323273 0.292047 0.349603 0.650404 0.851783 0.538621 0.812539 0.499440 0.770221 0.957571 0.818734 0.346405 0.324768 0.400435 0.396594 0.321767 0.387565 0.799509 0.522390 0.623726 0.555881 0.609364 0.595584 0.487523 0.675996 0.560731 0.548873 0.449042 0.476482 0.291892 0.399055 0.490584 0.525964 0.275665 0.226016 0.281735 0.283071 0.440821 0.454293 0.393346 0.453158 0.378000 0.417791 0.804904 0.775383 0.485835 0.507707 0.439794 0.423632 0.372684 0.304140 0.487017 0.421988 0.380330 0.305399 0.920375 0.708183 0.546248 0.569708 0.728701 0.925357 0.719562 0.937138 0.488822 0.667223 0.499580 0.655857 0.564581 0.509601 0.760225 0.758664 0.687475 0.574197 0.497332 0.559367 0.933560 0.900015 0.668972 0.675901 0.869825 0.601413 0.525664 0.713611 0.638261 0.842900
0.261579 0.337203 0.173131 0.000000 0.785081 0.592282 0.187978 0.211753 0.512102 0.471153 0.342362 0.305354 0.249013 0.386937 0.339171 0.345158 0.346980 0.307888 0.249361 0.284027 0.424964 0.679007 0.260444 0.290690 0.481590 0.390804 0.973623 0.925652 0.352131 0.315660 0.225150 0.263487 0.219643 0.235596 0.555592 0.811998 0.468583 0.744163 0.543248 0.785670 0.966893 0.718740 0.258451 0.232294 0.301494 0.300225 0.246189 0.315828 0.717947 0.452677 0.531811 0.448601 0.566567 0.558349 0.473628 0.661751 0.418057 0.418510 0.325737 0.371106 0.212995 0.311507 0.361291 0.377498 0.280697 0.206935 0.216978 0.198420 0.415315 0.390531 0.311060 0.361941 0.360183 0.445196 0.717765 0.728248 0.424293 0.434751 0.349821 0.362495 0.268858 0.232226 0.390640 0.308332 0.298815 0.254101 0.982795 0.725845 0.522225 0.526397 0.673342 0.877890 0.628178 0.913291 0.473660 0.620358 0.478020 0.578977 0.432517 0.392644 0.700393 0.769980 0.542209 0.443656 0.402833 0.445650 0.934196 0.885609 0.695282 0.654424 0.832585 0.472473 0.452312 0.585522 0.564553 0.845660
0.833287 0.835606 0.818769 0.785081 0.000000 0.718295 0.765623 0.773807 0.909258 0.871321 0.919053 0.833470 0.738412 0.867225 0.757807 0.757987 0.905855 0.916539 0.827177 0.918972 0.736187 0.760508 0.746220 0.770685 0.980040 0.944927 0.701607 0.812148 0.840568 0.895064 0.842809 0.996026 0.813146 0.818193 0.859268 0.989160 0.989594 0.963768 0.803092 0.959258 0.884013 0.974336 0.813241 0.813367 0.734786 0.745531 0.683130 0.760258 0.854052 0.744101 0.696843 0.693601 0.804124 0.609228 0.758830 0.717731 0.935298 0.945648 0.845959 0.812353 0.719212 0.721238 0.817794 0.844441 0.752092 0.710016 0.730201 0.774195 0.971266 0.879697 0.662343 0.757558 0.818646 0.913300 0.985090 0.860249 0.874479 0.950631 0.984218 0.911719 0.793987 0.790996 0.730502 0.794982 0.683041 0.691563 0.892154 0.857159 0.861138 0.766688 0.784224 0.809020 0.768945 0.920468 0.938230 0.847623 0.867365 0.848733 0.803035 0.784528 0.860035 0.983078 0.853332 0.849973 0.697084 0.836801 0.937875 0.860186 0.840175 0.995285 0.964931 0.828136 0.797864 0.819255 0.785102 0.957963
0.650040 0.729322 0.644819 0.592282 0.718295 0.000000 0.496990 0.547379 0.637900 0.581290 0.632355 0.650454 0.570288 0.723844 0.641101 0.584347 0.687979 0.666949 0.630845 0.695952 0.643099 0.995044 0.601341 0.618811 0.849050 0.814953 0.890523 0.856960 0.666352 0.678510 0.607524 0.673705 0.622340 0.618141 0.593881 0.961823 0.831324 0.855432 0.931344 0.920803 0.902131 0.930564 0.573244 0.592801 0.544690 0.560553 0.531368 0.561089 0.961403 0.774529 0.805171 0.709563 0.759274 0.745295 0.775039 0.861353 0.814913 0.833239 0.669041 0.697466 0.576349 0.655335 0.645448 0.713681 0.733992 0.580917 0.485375 0.598908 0.728290 0.710444 0.594107 0.537925 0.718351 0.863575 0.759533 0.857131 0.622552 0.658268 0.618821 0.712626 0.578029 0.567781 0.735764 0.602228 0.633713 0.642873 0.907154 0.831877 0.882410 0.799802 0.635548 0.804541 0.579078 0.844049 0.665223 0.776143 0.606933 0.833731 0.694643 0.643921 0.756809 0.685914 0.754412 0.718126 0.598060 0.727707 0.966312 0.920009 0.829445 0.919383 0.832047 0.664277 0.653874 0.666897 0.703625 0.887181
0.290039 0.346459 0.224952 0.187978 0.765623 0.496990 0.000000 0.175016 0.441404 0.342896 0.284237 0.323806 0.271574 0.421191 0.401553 0.399679 0.291840 0.253893 0.215579 0.282388 0.481834 0.657621 0.354646 0.399879 0.646123 0.542036 0.944737 0.891936 0.339547 0.306267 0.304678 0.289815 0.225007 0.224178 0.655644 0.780646 0.577116 0.822311 0.669617 0.754202 0.932912 0.676807 0.235294 0.186701 0.267512 0.284333 0.265600 0.290399 0.773946 0.531449 0.565340 0.532422 0.641586 0.529502 0.535527 0.746927 0.372937 0.419207 0.342191 0.462922 0.242012 0.408097 0.342365 0.384266 0.405476 0.277401 0.165691 0.215353 0.411845 0.405674 0.305532 0.324941 0.430411 0.474083 0.766892 0.675801 0.375147 0.376941 0.363943 0.358695 0.263788 0.235694 0.421473 0.356199 0.378997 0.357064 0.913631 0.759067 0.576735 0.655208 0.555486 0.704987 0.529012 0.738783 0.398000 0.592842 0.422996 0.532985 0.407468 0.344466 0.631095 0.580868 0.512972 0.376151 0.425629 0.446847 0.891327 0.840890 0.675442 0.635162 0.755674 0.453276 0.361477 0.548431 0.577977 0.857414
0.208223 0.226710 0.309600 0.211753 0.773807 0.547379 0.175016 0.000000 0.574963 0.310920 0.279391 0.208408 0.198053 0.283554 0.291113 0.309964 0.216731 0.202944 0.218623 0.238861 0.480428 0.709542 0.325648 0.385982 0.694628 0.597599 0.889718 0.903046 0.254824 0.240409 0.317540 0.301771 0.200931 0.192505 0.622465 0.760773 0.520075 0.697916 0.655531 0.699638 0.883136 0.595633 0.225755 0.194538 0.227052 0.229068 0.247533 0.244188 0.621937 0.442357 0.469362 0.428082 0.591713 0.549785 0.522564 0.684715 0.258685 0.271350 0.227131 0.324807 0.180508 0.271050 0.239483 0.222771 0.431153 0.285801 0.188633 0.191630 0.480254 0.322763 0.329117 0.333811 0.498939 0.583207 0.776503 0.665272 0.393058 0.332993 0.279745 0.386305 0.200848 0.225998 0.365327 0.304823 0.315213 0.330235 0.985892 0.795965 0.517059 0.539223 0.622620 0.774503 0.545089 0.883161 0.360008 0.505124 0.413646 0.443261 0.324136 0.274556 0.587316 0.735697 0.402527 0.350363 0.345974 0.363932 0.934814 0.770281 0.644186 0.539941 0.760955 0.390619 0.372207 0.482834 0.542463 0.833461
0.631978 0.737539 0.518856 0.512102 0.909258 0.637900 0.441404 0.574963 0.000000 0.634773 0.640917 0.680179 0.589596 0.724412 0.695041 0.610271 0.674129 0.668890 0.594344 0.608687 0.765260 0.814815 0.537424 0.609727 0.766987 0.698182 0.829310 0.950967 0.692007 0.682143 0.601993 0.536916 0.584855 0.561878 0.784227 0.904735 0.715731 0.884675 0.834457 0.823240 0.796289 0.883191 0.516795 0.486164 0.522094 0.534870 0.461695 0.567088 0.863801 0.666972 0.629455 0.644057 0.608205 0.632938 0.714590 0.755328 0.742518 0.804523 0.622575 0.748023 0.541005 0.681653 0.678813 0.769199 0.517470 0.516447 0.430455 0.508451 0.600166 0.716858 0.581696 0.688431 0.593326 0.617938 0.818856 0.684846 0.610612 0.671771 0.674855 0.624001 0.633142 0.609439 0.694679 0.716481 0.600555 0.550086 0.813670 0.803252 0.736840 0.819247 0.648051 0.746162 0.592488 0.719116 0.624694 0.613570 0.657243 0.776627 0.587564 0.575860 0.659935 0.629083 0.733967 0.658647 0.636145 0.688136 0.952854 0.892996 0.740334 0.909275 0.778142 0.678860 0.590110 0.894291 0.645014 0.870500
0.445860 0.450823 0.553266 0.471153 0.871321 0.581290 0.342896 0.310920 0.634773 0.000000 0.418355 0.408044 0.444186 0.483202 0.525381 0.555071 0.364774 0.378990 0.431885 0.447084 0.689459 0.816369 0.571253 0.634059 0.961441 0.778611 0.989319 0.934526 0.435335 0.417182 0.556142 0.441785 0.364971 0.368535 0.701557 0.811958 0.708398 0.768891 0.816769 0.806660 0.973646 0.600786 0.391988 0.372564 0.381615 0.403436 0.474442 0.439331 0.676144 0.626562 0.620854 0.617169 0.773383 0.736009 0.699501 0.838899 0.411964 0.491626 0.387214 0.553165 0.421441 0.479222 0.437321 0.420164 0.646330 0.497032 0.376972 0.382358 0.605729 0.466986 0.505888 0.474606 0.688455 0.742275 0.789083 0.721266 0.515775 0.433133 0.449499 0.493420 0.399624 0.460527 0.576680 0.471122 0.578582 0.583232 0.956860 0.853750 0.690958 0.760552 0.627217 0.725078 0.583011 0.805607 0.503161 0.557481 0.498105 0.457666 0.375573 0.356684 0.553483 0.562157 0.481897 0.413021 0.569794 0.484366 0.876410 0.785342 0.787020 0.660357 0.704695 0.474255 0.494980 0.615609 0.604013 0.890194
0.259119 0.298519 0.377235 0.342362 0.919053 0.632355 0.284237 0.279391 0.640917 0.418355 0.000000 0.256344 0.326044 0.379628 0.473954 0.464004 0.240072 0.198715 0.218757 0.211146 0.555712 0.729745 0.532336 0.496754 0.788853 0.612746 0.996717 0.876367 0.282700 0.222206 0.351256 0.339938 0.307623 0.256292 0.828668 0.754341 0.671813 0.753929 0.677650 0.676727 0.890158 0.723702 0.422206 0.341796 0.440912 0.407903 0.377332 0.374015 0.857630 0.598893 0.657744 0.642766 0.743291 0.673541 0.625683 0.871565 0.299785 0.320314 0.363634 0.439483 0.314589 0.455201 0.266150 0.318546 0.620108 0.421603 0.350625 0.290681 0.441515 0.430685 0.459935 0.430670 0.529865 0.527877 0.810029 0.750515 0.473790 0.330129 0.358193 0.328454 0.251299 0.277295 0.401159 0.384411 0.537711 0.527341 0.951645 0.817575 0.653696 0.783779 0.817099 0.945731 0.793749 0.958231 0.530002 0.670297 0.568342 0.667321 0.541582 0.462769 0.728823 0.725304 0.554789 0.453490 0.596813 0.586975 0.961552 0.880581 0.875795 0.589936 0.835808 0.541001 0.484917 0.590275 0.675695 0.978539
0.176854 0.199010 0.413977 0.305354 0.833470 0.650454 0.323806 0.208408 0.680179 0.408044 0.256344 0.000000 0.180909 0.187780 0.246148 0.255044 0.193183 0.199825 0.234275 0.216115 0.483557 0.725693 0.330937 0.380806 0.734693 0.658660 0.949369 0.897818 0.196329 0.175706 0.312143 0.322260 0.234694 0.234303 0.622933 0.738143 0.548316 0.622059 0.625540 0.698362 0.872512 0.650947 0.388412 0.330670 0.329394 0.307527 0.307621 0.271174 0.649733 0.450927 0.515132 0.447611 0.651066 0.647952 0.555769 0.701976 0.253938 0.246170 0.224102 0.277213 0.200136 0.269891 0.178230 0.164199 0.531918 0.373083 0.319819 0.259095 0.473318 0.307664 0.395138 0.388866 0.509910 0.565719 0.753900 0.696870 0.426902 0.327788 0.261528 0.359430 0.199468 0.258972 0.301940 0.318631 0.342676 0.396300 0.994543 0.867955 0.520391 0.591642 0.905634 0.940142 0.787892 0.805627 0.486325 0.606048 0.530382 0.476224 0.429912 0.370189 0.759241 0.947500 0.435203 0.480454 0.443241 0.363611 0.961934 0.820567 0.689292 0.465666 0.801778 0.499769 0.498507 0.494393 0.576704 0.968858
0.202878 0.254992 0.331674 0.249013 0.738412 0.570288 0.271574 0.198053 0.589596 0.444186 0.326044 0.180909 0.000000 0.188654 0.157110 0.174555 0.254235 0.277299 0.261449 0.297878 0.454203 0.712609 0.203852 0.252836 0.626479 0.584786 0.943757 0.958196 0.257990 0.244629 0.258110 0.311363 0.234143 0.249519 0.575291 0.753092 0.493261 0.643045 0.554346 0.709177 0.829619 0.689187 0.318688 0.294233 0.286382 0.274280 0.268363 0.258370 0.660625 0.430343 0.436768 0.391294 0.545034 0.566610 0.450400 0.648456 0.335471 0.340997 0.237664 0.326598 0.150099 0.249242 0.206007 0.220481 0.360751 0.283964 0.234487 0.226786 0.540473 0.361412 0.347894 0.348863 0.489955 0.600027 0.761321 0.668359 0.412077 0.379400 0.304359 0.422611 0.213899 0.265101 0.242012 0.332929 0.226632 0.265442 0.911811 0.728287 0.485953 0.515946 0.789799 0.966616 0.663856 0.887882 0.492041 0.610716 0.476794 0.498740 0.431840 0.387253 0.727887 0.900831 0.433684 0.527218 0.369406 0.364863 0.968375 0.750028 0.623023 0.535370 0.817151 0.499629 0.474721 0.510427 0.502447 0.917461
0.258913 0.259380 0.509217 0.386937 0.867225 0.723844 0.421191 0.283554 0.724412 0.483202 0.379628 0.187780 0.188654 0.000000 0.184119 0.199194 0.267797 0.295696 0.315693 0.342884 0.493077 0.722829 0.293536 0.328858 0.710544 0.683609 0.975677 0.910366 0.248156 0.262448 0.335178 0.371031 0.321559 0.316483 0.604823 0.806866 0.504825 0.586474 0.665060 0.661127 0.851517 0.594821 0.409158 0.378383 0.401943 0.392591 0.393367 0.340845 0.643358 0.510175 0.483012 0.449768 0.660004 0.660777 0.596131 0.778363 0.295593 0.297419 0.253810 0.363362 0.255276 0.347726 0.206190 0.187006 0.506135 0.446305 0.354158 0.324097 0.641160 0.377297 0.420547 0.416036 0.625689 0.672023 0.800411 0.689333 0.421910 0.353036 0.319866 0.485580 0.283563 0.400780 0.257786 0.434331 0.330879 0.391560 0.987864 0.846681 0.546474 0.599389 0.895297 0.978222 0.718743 0.834787 0.545542 0.636666 0.630468 0.454969 0.454190 0.438357 0.748653 0.982910 0.395132 0.574812 0.416697 0.359834 0.973044 0.708371 0.650388 0.510996 0.824009 0.553691 0.597134 0.540401 0.540896 0.953612
0.294739 0.354159 0.435903 0.339171 0.757807 0.641101 0.401553 0.291113 0.695041 0.525381 0.473954 0.246148 0.157110 0.184119 0.000000 0.174933 0.366519 0.402601 0.384641 0.416167 0.504682 0.729926 0.192081 0.258942 0.602815 0.605974 0.986760 0.946831 0.339852 0.334901 0.306323 0.368398 0.318591 0.356164 0.506401 0.845427 0.485361 0.654798 0.593794 0.730344 0.832785 0.742417 0.400863 0.386693 0.351245 0.353113 0.341871 0.319413 0.605107 0.448200 0.451565 0.396289 0.556130 0.611201 0.470089 0.626767 0.440771 0.432029 0.302404 0.377132 0.217641 0.299313 0.289741 0.280792 0.365770 0.356108 0.324249 0.325426 0.672795 0.435431 0.410037 0.447212 0.546822 0.682084 0.750284 0.720411 0.463457 0.454162 0.380401 0.515478 0.312235 0.376908 0.287423 0.445781 0.234677 0.290895 0.930584 0.692934 0.480734 0.464533 0.854706 0.979409 0.694129 0.804447 0.532506 0.649406 0.541666 0.498982 0.458760 0.435102 0.755752 0.993150 0.446262 0.629388 0.388935 0.347713 0.927148 0.720964 0.601287 0.589547 0.852945 0.555415 0.596658 0.606340 0.520792 0.979029
0.307044 0.337081 0.449214 0.345158 0.757987 0.584347 0.399679 0.309964 0.610271 0.555071 0.464004 0.255044 0.174555 0.199194 0.174933 0.000000 0.364291 0.394288 0.361154 0.424233 0.461174 0.783908 0.185712 0.231295 0.588172 0.629969 0.959178 0.906618 0.327340 0.341550 0.288206 0.356087 0.328024 0.363457 0.560513 0.835691 0.539297 0.635587 0.596553 0.721645 0.814668 0.692715 0.377907 0.379542 0.386027 0.367301 0.342586 0.324221 0.715041 0.478828 0.464140 0.413048 0.541064 0.553263 0.539938 0.670173 0.433128 0.432394 0.302609 0.395802 0.238962 0.353405 0.278851 0.279635 0.419949 0.382443 0.313739 0.342661 0.586905 0.442501 0.335941 0.365976 0.508893 0.671170 0.703047 0.729587 0.456420 0.421011 0.370252 0.481820 0.299382 0.380737 0.279647 0.422504 0.265305 0.287972 0.970419 0.777485 0.533008 0.586274 0.822986 0.976118 0.638550 0.853355 0.559973 0.639575 0.613393 0.517698 0.528270 0.498276 0.798573 0.931194 0.489396 0.646275 0.390234 0.383413 0.908021 0.824064 0.628868 0.625547 0.904060 0.606154 0.608512 0.535878 0.524485 0.876056
0.185750 0.181453 0.459578 0.346980 0.905855 0.687979 0.291840 0.216731 0.674129 0.364774 0.240072 0.193183 0.254235 0.267797 0.366519 0.364291 0.000000 0.145614 0.179425 0.208456 0.543193 0.681633 0.436216 0.509386 0.797515 0.682361 0.917115 0.923657 0.178260 0.167293 0.361806 0.303304 0.224976 0.204663 0.731220 0.638399 0.558443 0.666092 0.682790 0.604667 0.797519 0.547912 0.336309 0.252308 0.340526 0.317942 0.344448 0.276261 0.718194 0.493645 0.527424 0.495948 0.658343 0.610882 0.575213 0.765547 0.153937 0.193233 0.215889 0.334095 0.278353 0.401101 0.173904 0.178257 0.619241 0.467330 0.304618 0.257359 0.414712 0.299878 0.365753 0.317869 0.545859 0.562324 0.802772 0.668883 0.385592 0.301547 0.243065 0.297822 0.178817 0.254653 0.371045 0.318404 0.420121 0.473879 0.993544 0.881459 0.556817 0.701500 0.795453 0.910996 0.724154 0.993466 0.485254 0.646751 0.517849 0.432062 0.385102 0.329308 0.774842 0.833743 0.405556 0.370645 0.477072 0.389605 0.975820 0.784631 0.768263 0.451335 0.759824 0.438333 0.446778 0.468180 0.605630 0.905128
0.191070 0.192636 0.402082 0.307888 0.916539 0.666949 0.253893 0.202944 0.668890 0.378990 0.198715 0.199825 0.277299 0.295696 0.402601 0.394288 0.145614 0.000000 0.150298 0.168050 0.531853 0.673170 0.473028 0.512699 0.772125 0.639401 0.881889 0.892489 0.175032 0.160975 0.353458 0.301274 0.219518 0.191725 0.731839 0.728086 0.561771 0.688217 0.688664 0.596977 0.896969 0.541735 0.314404 0.233737 0.339058 0.308033 0.311639 0.276370 0.714548 0.518618 0.551718 0.524666 0.697187 0.623904 0.589597 0.759305 0.164715 0.180615 0.243989 0.346003 0.263893 0.413680 0.170570 0.185843 0.609629 0.436379 0.290778 0.257079 0.403700 0.326881 0.391135 0.346119 0.541795 0.529818 0.769957 0.689013 0.401283 0.300518 0.256059 0.301546 0.182581 0.220752 0.359767 0.298358 0.437304 0.472405 0.993518 0.903890 0.591733 0.694628 0.767711 0.891005 0.712994 0.968436 0.489286 0.582342 0.523238 0.481242 0.381230 0.339308 0.727258 0.813813 0.436306 0.356140 0.451169 0.429652 0.947477 0.813813 0.764954 0.475546 0.821929 0.424501 0.406155 0.476916 0.583600 0.911243
0.193381 0.211755 0.328889 0.249361 0.827177 0.630845 0.215579 0.218623 0.594344 0.431885 0.218757 0.234275 0.261449 0.315693 0.384641 0.361154 0.179425 0.150298 0.000000 0.178518 0.485414 0.657220 0.399783 0.431468 0.643179 0.568741 0.900001 0.903908 0.222823 0.174787 0.283726 0.289059 0.231586 0.184393 0.661911 0.710155 0.539673 0.726825 0.624151 0.638993 0.903738 0.556370 0.292440 0.223310 0.337906 0.312537 0.288842 0.276807 0.746078 0.474920 0.533546 0.499511 0.655811 0.546310 0.538285 0.755183 0.239583 0.256770 0.268136 0.370991 0.254196 0.431694 0.209021 0.243589 0.520121 0.397682 0.260074 0.259774 0.350254 0.313936 0.323549 0.294306 0.450334 0.465943 0.769280 0.636354 0.401944 0.339001 0.302639 0.270945 0.182165 0.205706 0.383836 0.308167 0.390840 0.422200 0.954204 0.837356 0.585672 0.709463 0.741528 0.888742 0.697865 0.940673 0.461808 0.619330 0.534581 0.501880 0.403763 0.395932 0.768368 0.820429 0.465628 0.395044 0.444971 0.445039 0.952413 0.839216 0.716482 0.528949 0.844723 0.441216 0.445817 0.519007 0.582527 0.878857
0.189261 0.214575 0.348148 0.284027 0.918972 0.695952 0.282388 0.238861 0.608687 0.447084 0.211146 0.216115 0.297878 0.342884 0.416167 0.424233 0.208456 0.168050 0.178518 0.000000 0.565454 0.696130 0.444303 0.472121 0.690152 0.556798 0.899409 0.922634 0.221301 0.180458 0.316828 0.284027 0.227849 0.203376 0.680873 0.769965 0.562507 0.711626 0.651614 0.636769 0.977447 0.654660 0.366095 0.290671 0.393894 0.345189 0.325549 0.286745 0.730744 0.482914 0.595526 0.537906 0.688761 0.661822 0.580623 0.726377 0.245679 0.235859 0.277755 0.334023 0.276801 0.389558 0.237446 0.256618 0.565864 0.404035 0.336887 0.275903 0.356276 0.304044 0.424334 0.412703 0.442520 0.472752 0.792917 0.676064 0.437566 0.360416 0.298641 0.309558 0.212338 0.214010 0.417245 0.333199 0.452628 0.477568 0.892203 0.887935 0.539897 0.671790 0.866305 0.982771 0.823030 0.915119 0.496479 0.651958 0.542741 0.569288 0.439513 0.405884 0.714212 0.892231 0.559863 0.447107 0.513637 0.472401 0.963135 0.835716 0.724934 0.508023 0.816237 0.471867 0.482453 0.575229 0.603797 0.880471
0.514885 0.517976 0.519304 0.424964 0.736187 0.643099 0.481834 0.480428 0.765260 0.689459 0.555712 0.483557 0.454203 0.493077 0.504682 0.461174 0.543193 0.531853 0.485414 0.565454 0.000000 0.784672 0.471976 0.462482 0.714157 0.663630 0.925264 0.915872 0.556718 0.565859 0.450514 0.596747 0.490986 0.456205 0.654428 0.941087 0.581515 0.760050 0.709792 0.797546 0.778716 0.728261 0.497067 0.469469 0.531618 0.532497 0.493608 0.502270 0.863750 0.583102 0.682510 0.604872 0.713127 0.604517 0.696834 0.869082 0.586267 0.563424 0.534603 0.532150 0.494341 0.574140 0.513391 0.522533 0.566696 0.521309 0.494210 0.501477 0.732603 0.638137 0.429703 0.428136 0.635346 0.670580 0.774262 0.761366 0.488408 0.467441 0.576630 0.584459 0.508012 0.512714 0.455905 0.488087 0.514349 0.553562 0.961734 0.907131 0.778022 0.696750 0.708445 0.868982 0.593558 0.930739 0.664785 0.729011 0.618034 0.690835 0.637417 0.612372 0.804360 0.833469 0.545760 0.540836 0.510436 0.547127 0.969354 0.749788 0.776256 0.851406 0.912317 0.747373 0.715625 0.638353 0.742653 0.922001
0.722201 0.749241 0.746342 0.679007 0.760508 0.995044 0.657621 0.709542 0.814815 0.816369 0.729745 0.725693 0.712609 0.722829 0.729926 0.783908 0.681633 0.673170 0.657220 0.696130 0.784672 0.000000 0.768236 0.793058 0.997848 0.850546 0.892473 0.761279 0.642405 0.700383 0.809852 0.665753 0.637177 0.692749 0.903913 0.912958 0.821979 0.877213 0.877547 0.774022 0.986175 0.934228 0.709011 0.645065 0.719231 0.715202 0.749594 0.731767 0.847333 0.805338 0.763534 0.799891 0.906058 0.752653 0.774424 0.872827 0.683544 0.720597 0.780259 0.796880 0.674173 0.803137 0.703186 0.718409 0.748102 0.724045 0.695385 0.624103 0.846832 0.848063 0.749355 0.771624 0.791625 0.720130 0.959507 0.842325 0.737225 0.742246 0.882836 0.691372 0.712735 0.707681 0.759462 0.774551 0.755254 0.707556 0.955001 0.868526 0.744811 0.775244 0.818817 0.892205 0.874139 0.868496 0.817548 0.937282 0.972915 0.810623 0.714117 0.645083 0.889167 0.948829 0.790291 0.682648 0.835000 0.682027 0.846569 0.838171 0.900859 0.797162 0.816882 0.728840 0.783968 0.710261 0.683629 0.930849
0.339140 0.415755 0.321615 0.260444 0.746220 0.601341 0.354646 0.325648 0.537424 0.571253 0.532336 0.330937 0.203852 0.293536 0.192081 0.185712 0.436216 0.473028 0.399783 0.444303 0.471976 0.768236 0.000000 0.192337 0.426152 0.471097 0.940435 0.964413 0.404026 0.412324 0.226545 0.319200 0.290047 0.371736 0.479626 0.825759 0.465030 0.711610 0.542663 0.779174 0.934335 0.770199 0.365834 0.377195 0.374876 0.367296 0.316897 0.354204 0.699464 0.463711 0.511256 0.414872 0.504605 0.582326 0.442352 0.601099 0.541048 0.537239 0.340643 0.407425 0.238215 0.326226 0.377628 0.391258 0.270179 0.293908 0.278413 0.319318 0.569708 0.421303 0.329452 0.403953 0.431900 0.590173 0.735934 0.723822 0.435147 0.516034 0.395474 0.474006 0.323408 0.361937 0.332502 0.401248 0.194222 0.208005 0.929682 0.689740 0.447315 0.469929 0.806620 0.992622 0.656226 0.855266 0.490299 0.632216 0.524270 0.544627 0.526209 0.502018 0.823992 0.947766 0.550802 0.654634 0.415617 0.391603 0.935590 0.824796 0.555022 0.656812 0.879734 0.616324 0.599022 0.641747 0.494547 0.885065
0.385795 0.463605 0.314780 0.290690 0.770685 0.618811 0.399879 0.385982 0.609727 0.634059 0.496754 0.380806 0.252836 0.328858 0.258942 0.231295 0.509386 0.512699 0.431468 0.472121 0.462482 0.793058 0.192337 0.000000 0.415421 0.408001 0.956002 0.931478 0.435905 0.430155 0.248213 0.353580 0.371504 0.409151 0.502369 0.913069 0.544716 0.758229 0.540053 0.783111 0.950031 0.810050 0.434479 0.451062 0.470967 0.437508 0.403160 0.434232 0.759232 0.537267 0.560707 0.510201 0.520792 0.606183 0.461315 0.684811 0.616576 0.593887 0.422627 0.494981 0.292158 0.399083 0.417537 0.463568 0.319630 0.308517 0.352961 0.380337 0.619750 0.493495 0.405943 0.462389 0.447000 0.575820 0.779646 0.764272 0.508326 0.536315 0.470924 0.495442 0.361286 0.394000 0.355560 0.403642 0.278681 0.250008 0.846319 0.609220 0.532665 0.547249 0.840372 0.971206 0.712488 0.871098 0.576745 0.758756 0.640386 0.654780 0.665789 0.604653 0.805076 0.949035 0.680555 0.723150 0.494008 0.550311 0.971043 0.855727 0.606586 0.719812 0.968355 0.715761 0.627667 0.692910 0.534465 0.883176
0.649513 0.720726 0.419405 0.481590 0.980040 0.849050 0.646123 0.694628 0.766987 0.961441 0.788853 0.734693 0.626479 0.710544 0.602815 0.588172 0.797515 0.772125 0.643179 0.690152 0.714157 0.997848 0.426152 0.415421 0.000000 0.331364 0.906276 0.926084 0.770878 0.726779 0.419292 0.561628 0.609933 0.708399 0.556420 0.990940 0.592871 0.939488 0.560845 0.873872 0.957631 0.899329 0.630497 0.662004 0.757428 0.697204 0.587430 0.699512 0.893726 0.707217 0.807329 0.692853 0.649518 0.802677 0.513752 0.718424 0.877669 0.810920 0.685968 0.667330 0.625821 0.675051 0.778379 0.788387 0.430645 0.544349 0.622795 0.671205 0.616276 0.661640 0.632087 0.662683 0.507843 0.637439 0.792723 0.953051 0.687896 0.851776 0.665604 0.650388 0.642092 0.613646 0.727764 0.656729 0.485722 0.435263 0.975853 0.787058 0.689667 0.623011 0.974993 0.870327 0.870131 0.856867 0.649420 0.907672 0.744879 0.817904 0.875940 0.866181 0.847848 0.908592 0.960469 0.928298 0.644692 0.767669 0.886588 0.942073 0.694913 0.784090 0.886158 0.838520 0.810187 0.998390 0.754569 0.868589
0.576500 0.665604 0.357913 0.390804 0.944927 0.814953 0.542036 0.597599 0.698182 0.778611 0.612746 0.658660 0.584786 0.683609 0.605974 0.629969 0.682361 0.639401 0.568741 0.556798 0.663630 0.850546 0.471097 0.408001 0.331364 0.000000 0.896555 0.845678 0.633544 0.607762 0.388879 0.442483 0.488962 0.541348 0.592266 0.924978 0.527658 0.911774 0.551880 0.707005 0.967148 0.859063 0.537529 0.525855 0.612321 0.550302 0.502976 0.598347 0.767821 0.617401 0.697298 0.636258 0.595925 0.745264 0.570489 0.642712 0.751263 0.719218 0.586298 0.625568 0.531110 0.592680 0.677148 0.713461 0.387581 0.423531 0.518708 0.508191 0.594872 0.625040 0.603167 0.581033 0.425035 0.517356 0.833409 0.867943 0.564073 0.704765 0.658763 0.552981 0.559164 0.512831 0.686413 0.534822 0.497997 0.436156 0.887085 0.723638 0.538995 0.593569 0.877031 0.929548 0.872592 0.933881 0.642009 0.829017 0.665309 0.759961 0.701076 0.646669 0.915441 0.969454 0.811670 0.689524 0.670286 0.778188 0.952686 0.919116 0.811749 0.832002 0.929152 0.737777 0.690423 0.951644 0.616213 0.924434
0.914807 0.849953 0.986384 0.973623 0.701607 0.890523 0.944737 0.889718 0.829310 0.989319 0.996717 0.949369 0.943757 0.975677 0.986760 0.959178 0.917115 0.881889 0.900001 0.899409 0.925264 0.892473 0.940435 0.956002 0.906276 0.896555 0.000000 0.994471 0.903815 0.891369 0.958788 0.965750 0.977982 0.876328 0.930551 0.986497 0.932828 0.966462 0.922442 0.987559 0.928530 0.962191 0.952942 0.948099 0.913054 0.918536 0.986075 0.902966 0.889586 0.903372 0.894822 0.919231 0.988533 0.883685 0.876084 0.901712 0.844237 0.821234 0.923527 0.868581 0.919087 0.883192 0.878409 0.865156 0.982889 0.969452 0.955760 0.970886 0.973933 0.860168 0.922445 0.943588 0.950353 0.963797 0.951869 0.800426 0.952359 0.937556 0.958833 0.973052 0.930003 0.886821 0.937839 0.852423 0.939447 0.954556 0.802571 0.998752 0.985495 0.908555 0.968073 0.996852 0.965190 0.990800 0.998953 0.956529 0.918642 0.885113 0.922451 0.930288 0.950790 0.864345 0.956667 0.867023 0.843429 0.961382 0.889126 0.983221 0.954025 0.782819 0.930292 0.795540 0.810004 0.973626 0.921880 0.833673
0.954053 0.956122 0.926914 0.925652 0.812148 0.856960 0.891936 0.903046 0.950967 0.934526 0.876367 0.897818 0.958196 0.910366 0.946831 0.906618 0.923657 0.892489 0.903908 0.922634 0.915872 0.761279 0.964413 0.931478 0.926084 0.845678 0.994471 0.000000 0.883354 0.935606 0.962055 0.931033 0.847618 0.956315 0.987992 0.965180 0.882651 0.902624 0.947208 0.831606 0.927246 0.952885 0.918485 0.864586 0.995675 0.963919 0.895440 0.990058 0.954857 0.868337 0.970962 0.929946 0.947652 0.996740 0.933359 0.906722 0.918410 0.921981 0.964685 0.981647 0.924753 0.972274 0.882462 0.890346 0.990000 0.927621 0.924104 0.913633 0.939922 0.992248 0.909159 0.859990 0.885637 0.998999 0.888026 0.853745 0.792638 0.882340 0.998602 0.954623 0.920860 0.938734 0.995165 0.995829 0.979668 0.943221 0.993179 0.854902 0.943960 0.983600 0.848741 0.929598 0.931877 0.877022 0.956340 0.932213 0.898825 0.837466 0.941982 0.833901 0.987840 0.902328 0.923727 0.837813 0.849175 0.949559 0.833362 0.891488 0.841947 0.913153 0.991009 0.830577 0.948906 0.951999 0.858260 0.973214
0.225781 0.207385 0.467745 0.352131 0.840568 0.666352 0.339547 0.254824 0.692007 0.435335 0.282700 0.196329 0.257990 0.248156 0.339852 0.327340 0.178260 0.175032 0.222823 0.221301 0.556718 0.642405 0.404026 0.435905 0.770878 0.633544 0.903815 0.883354 0.000000 0.170136 0.323209 0.319557 0.244082 0.220019 0.660651 0.773262 0.537528 0.713705 0.672975 0.608043 0.887355 0.597183 0.384994 0.293978 0.363612 0.338393 0.330273 0.286566 0.667082 0.509979 0.539195 0.490867 0.654459 0.646879 0.543940 0.687699 0.215435 0.236574 0.243781 0.326023 0.250860 0.381877 0.170307 0.188800 0.586687 0.431266 0.312642 0.274310 0.442789 0.308666 0.415120 0.372216 0.523527 0.555813 0.764512 0.711202 0.403776 0.330376 0.282170 0.322716 0.191830 0.266095 0.347061 0.296788 0.380058 0.438765 0.955711 0.888375 0.552129 0.603212 0.901573 0.973866 0.793914 0.859504 0.502493 0.668253 0.595603 0.480538 0.436195 0.364798 0.759344 0.937728 0.469323 0.430424 0.478171 0.398104 0.996692 0.856734 0.711310 0.496378 0.793246 0.476700 0.474003 0.457685 0.538446 0.878420
0.191803 0.213994 0.410634 0.315660 0.895064 0.678510 0.306267 0.240409 0.682143 0.417182 0.222206 0.175706 0.244629 0.262448 0.334901 0.341550 0.167293 0.160975 0.174787 0.180458 0.565859 0.700383 0.412324 0.430155 0.726779 0.607762 0.891369 0.935606 0.170136 0.000000 0.300585 0.275775 0.247298 0.181461 0.685837 0.759587 0.544430 0.713610 0.621258 0.654574 0.934682 0.659601 0.422608 0.306286 0.380521 0.347092 0.343918 0.305788 0.739032 0.507999 0.579322 0.528843 0.661050 0.640601 0.518902 0.737847 0.237353 0.244587 0.269974 0.371508 0.253111 0.397037 0.187000 0.202557 0.594215 0.445436 0.328689 0.296263 0.392209 0.302473 0.401561 0.372237 0.496952 0.517920 0.688207 0.666472 0.480859 0.352970 0.279228 0.296338 0.182310 0.218042 0.349226 0.283546 0.423208 0.449315 0.888862 0.783822 0.541547 0.680859 0.915595 0.919719 0.857169 0.855336 0.506820 0.699830 0.573559 0.506929 0.464872 0.422290 0.780063 0.901074 0.464192 0.453295 0.541219 0.441302 0.961316 0.875863 0.770694 0.495688 0.845593 0.521055 0.511736 0.536696 0.605596 0.945005
0.281881 0.341994 0.261803 0.225150 0.842809 0.607524 0.304678 0.317540 0.601993 0.556142 0.351256 0.312143 0.258110 0.335178 0.306323 0.288206 0.361806 0.353458 0.283726 0.316828 0.450514 0.809852 0.226545 0.248213 0.419292 0.388879 0.958788 0.962055 0.323209 0.300585 0.000000 0.249398 0.256969 0.274696 0.540737 0.825148 0.439957 0.743154 0.558362 0.813258 0.895049 0.760497 0.382936 0.322283 0.413121 0.374226 0.325770 0.341679 0.785693 0.496246 0.598243 0.501866 0.569740 0.600206 0.454078 0.676252 0.460478 0.440389 0.345982 0.385585 0.250448 0.373903 0.349428 0.382800 0.343495 0.284830 0.277864 0.290619 0.389200 0.342577 0.344446 0.346996 0.356977 0.418142 0.679420 0.793744 0.446430 0.411345 0.355931 0.367340 0.272462 0.266231 0.353532 0.315334 0.295540 0.275063 0.918974 0.705255 0.494776 0.546587 0.902621 0.899986 0.776720 0.851864 0.497942 0.729404 0.529143 0.640601 0.588713 0.547651 0.811636 0.850942 0.604599 0.585233 0.527487 0.491173 0.950746 0.960651 0.655299 0.591073 0.997758 0.609876 0.581992 0.599045 0.597430 0.920051
0.311494 0.381158 0.323273 0.263487 0.996026 0.673705 0.289815 0.301771 0.536916 0.441785 0.339938 0.322260 0.311363 0.371031 0.368398 0.356087 0.303304 0.301274 0.289059 0.284027 0.596747 0.665753 0.319200 0.353580 0.561628 0.442483 0.965750 0.931033 0.319557 0.275775 0.249398 0.000000 0.226139 0.263228 0.646338 0.843699 0.508544 0.775650 0.547567 0.720716 0.971067 0.756686 0.378217 0.298824 0.428637 0.418573 0.389626 0.366647 0.831626 0.602382 0.666499 0.619104 0.652993 0.699912 0.549422 0.763063 0.401742 0.431212 0.357912 0.484792 0.306269 0.470803 0.359226 0.384177 0.448417 0.371036 0.315613 0.301324 0.399788 0.411057 0.405243 0.402308 0.436923 0.483556 0.719506 0.753730 0.466960 0.414154 0.344052 0.308645 0.294372 0.301226 0.452294 0.356476 0.413498 0.367044 0.931119 0.779281 0.512950 0.646803 0.814374 0.973517 0.775671 0.951246 0.536028 0.721682 0.577884 0.630510 0.525377 0.465895 0.793224 0.792319 0.630413 0.491515 0.580097 0.487382 0.939314 0.962505 0.731725 0.611514 0.863787 0.566422 0.538984 0.615411 0.550363 0.923879
0.213620 0.257150 0.292047 0.219643 0.813146 0.622340 0.225007 0.200931 0.584855 0.364971 0.307623 0.234694 0.234143 0.321559 0.318591 0.328024 0.224976 0.219518 0.231586 0.227849 0.490986 0.637177 0.290047 0.371504 0.609933 0.488962 0.977982 0.847618 0.244082 0.247298 0.256969 0.226139 0.000000 0.224995 0.618959 0.748245 0.529231 0.757135 0.622717 0.670201 0.970595 0.660245 0.278082 0.228975 0.305430 0.281766 0.276995 0.288958 0.681581 0.493938 0.532822 0.488662 0.604555 0.605368 0.494809 0.636969 0.287202 0.293068 0.239671 0.342835 0.217366 0.334426 0.248753 0.263029 0.431368 0.313993 0.237747 0.204543 0.381655 0.308569 0.313130 0.308326 0.426409 0.505590 0.740686 0.704357 0.377993 0.335928 0.254082 0.312354 0.183112 0.211490 0.354655 0.290495 0.311561 0.312726 0.958750 0.809741 0.477366 0.551913 0.726752 0.906722 0.672990 0.969187 0.479129 0.588877 0.429484 0.441813 0.375684 0.316878 0.752727 0.789944 0.515579 0.376961 0.449101 0.380932 0.963953 0.805481 0.669652 0.511854 0.835545 0.445770 0.447254 0.503254 0.547109 0.928456
0.207327 0.240837 0.349603 0.235596 0.818193 0.618141 0.224178 0.192505 0.561878 0.368535 0.256292 0.234303 0.249519 0.316483 0.356164 0.363457 0.204663 0.191725 0.184393 0.203376 0.456205 0.692749 0.371736 0.409151 0.708399 0.541348 0.876328 0.956315 0.220019 0.181461 0.274696 0.263228 0.224995 0.000000 0.613385 0.765168 0.456075 0.668992 0.619603 0.678865 0.939786 0.654833 0.310328 0.217681 0.300513 0.280413 0.267392 0.284472 0.716871 0.455545 0.534351 0.483749 0.628509 0.605114 0.545831 0.703699 0.248947 0.266808 0.251481 0.362244 0.218574 0.354571 0.226723 0.239566 0.471917 0.326905 0.240186 0.222123 0.424234 0.325833 0.373216 0.339867 0.434273 0.526595 0.680579 0.658460 0.417949 0.310492 0.310279 0.285629 0.203460 0.213183 0.370841 0.263620 0.354748 0.383966 0.950136 0.750165 0.528731 0.615513 0.762025 0.934898 0.708308 0.964334 0.445333 0.604873 0.527087 0.503239 0.368368 0.342481 0.692228 0.778868 0.433394 0.346425 0.470955 0.440150 0.946007 0.796675 0.711957 0.584601 0.820973 0.413820 0.445110 0.513880 0.522895 0.859839
0.597222 0.682561 0.650404 0.555592 0.859268 0.593881 0.655644 0.622465 0.784227 0.701557 0.828668 0.622933 0.575291 0.604823 0.506401 0.560513 0.731220 0.731839 0.661911 0.680873 0.654428 0.903913 0.479626 0.502369 0.556420 0.592266 0.930551 0.987992 0.660651 0.685837 0.540737 0.646338 0.618959 0.613385 0.000000 0.910969 0.581564 0.916720 0.783554 0.982171 0.966188 0.835641 0.588857 0.642413 0.564272 0.524324 0.544311 0.595810 0.610715 0.502333 0.648298 0.524621 0.603906 0.770954 0.528265 0.618413 0.828710 0.731994 0.568091 0.531607 0.551344 0.570795 0.665058 0.668927 0.545663 0.546203 0.593206 0.605130 0.731115 0.567402 0.695109 0.663308 0.604809 0.761516 0.666426 0.831396 0.665761 0.738318 0.620218 0.667540 0.575287 0.567599 0.700791 0.604540 0.424017 0.485321 0.989154 0.742784 0.626078 0.566545 0.948056 0.890434 0.830266 0.867606 0.677927 0.836590 0.640835 0.724913 0.668004 0.664034 0.907547 0.887885 0.780890 0.864444 0.605929 0.612282 0.933254 0.882077 0.566088 0.895851 0.827605 0.593385 0.799365 0.926695 0.679394 0.884833
0.691158 0.662403 0.851783 0.811998 0.989160 0.961823 0.780646 0.760773 0.904735 0.811958 0.754341 0.738143 0.753092 0.806866 0.845427 0.835691 0.638399 0.728086 0.710155 0.769965 0.941087 0.912958 0.825759 0.913069 0.990940 0.924978 0.986497 0.965180 0.773262 0.759587 0.825148 0.843699 0.748245 0.765168 0.910969 0.000000 0.891322 0.654958 0.952459 0.855243 0.783571 0.774081 0.738353 0.733563 0.743313 0.730831 0.819961 0.715772 0.867681 0.804532 0.795646 0.749199 0.848207 0.788469 0.932941 0.842461 0.674682 0.687934 0.695293 0.736221 0.789910 0.825640 0.683915 0.721159 0.908758 0.885068 0.758207 0.711899 0.802604 0.684067 0.795853 0.689114 0.911392 0.912964 0.913357 0.852105 0.797492 0.796993 0.698563 0.781649 0.686600 0.744482 0.767751 0.716758 0.792303 0.821929 0.911748 0.933629 0.811754 0.886299 0.999707 0.905087 0.987325 0.948296 0.714832 0.838230 0.820439 0.654317 0.787231 0.824017 0.972208 0.863525 0.748287 0.748249 0.938295 0.866761 0.920637 0.883210 0.836485 0.805907 0.788825 0.779653 0.793612 0.870755 0.790958 0.910328
0.507309 0.509081 0.538621 0.468583 0.989594 0.831324 0.577116 0.520075 0.715731 0.708398 0.671813 0.548316 0.493261 0.504825 0.485361 0.539297 0.558443 0.561771 0.539673 0.562507 0.581515 0.821979 0.465030 0.544716 0.592871 0.527658 0.932828 0.882651 0.537528 0.544430 0.439957 0.508544 0.529231 0.456075 0.581564 0.891322 0.000000 0.673937 0.531148 0.764593 0.973206 0.601621 0.536054 0.481599 0.475687 0.501897 0.515262 0.451597 0.566755 0.528587 0.579303 0.494891 0.616538 0.751328 0.659149 0.645808 0.574429 0.524802 0.431928 0.486589 0.467662 0.505297 0.563561 0.527588 0.451464 0.510636 0.506443 0.472912 0.699086 0.545637 0.666438 0.581224 0.677755 0.688196 0.678295 0.798453 0.574516 0.604458 0.563028 0.609661 0.528012 0.544762 0.623192 0.528776 0.418336 0.432892 0.825096 0.763056 0.513355 0.512412 0.922636 0.924518 0.791874 0.930892 0.539218 0.646348 0.628983 0.585731 0.517704 0.565945 0.758554 0.985960 0.472205 0.592706 0.528271 0.489189 0.966549 0.757647 0.782544 0.699982 0.958758 0.605244 0.759572 0.792852 0.689648 0.814716
0.634235 0.624333 0.812539 0.744163 0.963768 0.855432 0.822311 0.697916 0.884675 0.768891 0.753929 0.622059 0.643045 0.586474 0.654798 0.635587 0.666092 0.688217 0.726825 0.711626 0.760050 0.877213 0.711610 0.758229 0.939488 0.911774 0.966462 0.902624 0.713705 0.713610 0.743154 0.775650 0.757135 0.668992 0.916720 0.654958 0.673937 0.000000 0.727574 0.848127 0.795213 0.760030 0.704575 0.716311 0.737149 0.709020 0.791876 0.669160 0.770403 0.673026 0.664304 0.691574 0.932740 0.825858 0.929706 0.878216 0.588476 0.593305 0.676936 0.659400 0.681952 0.678919 0.615611 0.584091 0.734898 0.772582 0.765882 0.682748 0.973848 0.816155 0.826012 0.800577 0.859141 0.915410 0.979928 0.984140 0.728182 0.672923 0.763618 0.835923 0.750387 0.813552 0.662606 0.766349 0.689246 0.741614 0.701473 0.954660 0.795401 0.809166 0.967571 0.952326 0.905494 0.937947 0.762174 0.678783 0.962794 0.715947 0.667362 0.780545 0.829641 0.955408 0.618041 0.751008 0.742316 0.691438 0.860112 0.776856 0.869510 0.642829 0.944555 0.842116 0.896749 0.829005 0.653276 0.864590
