0.000000 0.216626 0.465285 0.477072 0.838778 0.733941 0.437120 0.545141 0.928336 0.490201 0.419370 0.399503 0.286228 0.387197 0.552007 0.553319 0.414369 0.364812 0.311492 0.309279 0.579296 0.888764 0.676409 0.511931 0.511107 0.638519 0.710782 0.741856 0.938092 0.903937 0.902211 0.903181 0.432165 0.383982 0.507374 0.819156 0.481227 0.583045 0.551897 0.600377 0.579432 0.940554 0.724307 0.646504 0.920848 0.824303 0.423422 0.473480 0.857478 0.575852 0.830113 0.626750 0.902165 0.613295 0.333447 0.467231 0.303725 0.231103 0.252098 0.326394 0.401631 0.701058 0.392501 0.474292 0.460886 0.425065 0.395231 0.512295 0.253315 0.290627 0.797948 0.983543 0.833375 0.735021 0.733732 0.897849 0.706720 0.901418 0.641300 0.487924 0.316866 0.233174 0.494493 0.312815 0.307932 0.333991 0.495801 0.569151 0.404831 0.353982 0.974869 0.915693 0.773189 0.753585 0.657152 0.980221 0.541201 0.851844 0.907850 0.962044 0.587672 0.991461 0.944608 0.865025 0.716470 0.662932 0.954859 0.864577 0.926902 0.792637 0.917555 0.927194 0.960877 0.967744 0.797268 0.904982
0.216626 0.000000 0.416859 0.392970 0.786440 0.721418 0.389648 0.446407 0.861461 0.561365 0.487073 0.380736 0.294728 0.351185 0.495967 0.485492 0.369406 0.320629 0.284466 0.250705 0.563412 0.890110 0.560498 0.438415 0.497527 0.635490 0.665513 0.778370 0.836678 0.786569 0.982440 0.980371 0.380385 0.375516 0.501958 0.851988 0.492051 0.509072 0.547391 0.600140 0.596864 0.840959 0.554507 0.534238 0.807545 0.758340 0.355967 0.410942 0.809863 0.568350 0.777586 0.601588 0.934925 0.627151 0.371199 0.514015 0.244665 0.172395 0.284893 0.350956 0.392167 0.625051 0.380299 0.403163 0.448647 0.380910 0.343324 0.409232 0.314458 0.341805 0.682577 0.829468 0.800021 0.682487 0.817148 0.973235 0.652040 0.943461 0.490493 0.507444 0.292631 0.234098 0.454450 0.367067 0.294271 0.309370 0.526803 0.482571 0.421962 0.340336 0.891255 0.862568 0.654353 0.724158 0.597834 0.997939 0.537246 0.872682 0.814929 0.880166 0.621072 0.968982 0.864543 0.837499 0.629722 0.571245 0.935725 0.971099 0.862067 0.767378 0.972513 0.859497 0.913002 0.931907 0.650701 0.950887
0.465285 0.416859 0.000000 0.219725 0.640364 0.776085 0.285429 0.439318 0.607420 0.649617 0.823966 0.613294 0.330394 0.645709 0.414801 0.473995 0.761515 0.789853 0.545488 0.539383 0.575680 0.816556 0.336401 0.329856 0.272595 0.314176 0.588729 0.739780 0.829659 0.792221 0.683409 0.900826 0.430140 0.540913 0.362484 0.890449 0.327619 0.486393 0.416453 0.668467 0.678421 0.929078 0.803635 0.808238 0.869361 0.893032 0.581846 0.572884 0.988432 0.676844 0.845719 0.636258 0.942898 0.787592 0.343680 0.517496 0.643037 0.487755 0.377138 0.376273 0.225362 0.344096 0.714451 0.676584 0.179212 0.217095 0.271818 0.326747 0.381867 0.468866 0.647904 0.778547 0.566692 0.603738 0.937240 0.888206 0.709821 0.969777 0.693724 0.815635 0.695951 0.589158 0.643014 0.577215 0.229877 0.245324 0.598265 0.667034 0.347414 0.346559 0.939873 0.907903 0.815699 0.853614 0.633076 0.999782 0.604733 0.852875 0.922992 0.931195 0.677353 0.855197 0.804154 0.745554 0.562413 0.526952 0.831464 0.958056 0.796721 0.788707 0.962629 0.923619 0.966862 0.900855 0.665665 0.830338
0.477072 0.392970 0.219725 0.000000 0.620752 0.726942 0.303769 0.352036 0.710459 0.642370 0.871122 0.516430 0.332279 0.548776 0.374207 0.427744 0.742705 0.689739 0.469554 0.441653 0.617806 0.857756 0.285527 0.257249 0.308054 0.409887 0.480380 0.810188 0.923562 0.879825 0.768214 0.969679 0.455981 0.540657 0.427744 0.836300 0.392134 0.458264 0.428133 0.647676 0.687293 0.844457 0.735612 0.758654 0.868557 0.885983 0.590433 0.545661 0.999371 0.711704 0.895028 0.695581 0.992907 0.727193 0.380118 0.539320 0.585757 0.445636 0.444165 0.431397 0.315359 0.421183 0.717695 0.645939 0.215649 0.247015 0.271293 0.330439 0.443748 0.547048 0.572819 0.688873 0.677663 0.682781 0.958359 0.866910 0.673463 0.941098 0.643236 0.740361 0.617466 0.540884 0.644492 0.544715 0.228819 0.252448 0.551545 0.615031 0.402229 0.339553 0.900175 0.977516 0.657905 0.741868 0.636364 0.894743 0.563427 0.876379 0.959503 0.932735 0.715667 0.886208 0.945926 0.805140 0.492924 0.438816 0.837804 0.876784 0.785477 0.730962 0.941515 0.834374 0.919796 0.914099 0.688478 0.807097
0.838778 0.786440 0.640364 0.620752 0.000000 0.869740 0.682530 0.679543 0.837123 0.919703 0.985034 0.861323 0.663592 0.892728 0.658970 0.674120 0.914292 0.941637 0.822853 0.813727 0.836922 0.923997 0.526873 0.584777 0.567056 0.602688 0.674446 0.834482 0.993364 0.902885 0.732990 0.974147 0.786495 0.788938 0.842952 0.869007 0.653373 0.805198 0.887469 0.811223 0.839899 0.924981 0.825347 0.875770 0.992871 0.974747 0.908519 0.781443 0.908204 0.983868 0.967120 0.969176 0.950596 0.820608 0.796219 0.847663 0.825866 0.799739 0.849844 0.818790 0.689238 0.680297 0.940654 0.850937 0.610606 0.621875 0.703759 0.693916 0.709721 0.724721 0.793997 0.779524 0.761586 0.920667 0.961477 0.910852 0.986685 0.988812 0.946992 0.836046 0.860572 0.900884 0.745888 0.875172 0.654888 0.642983 0.820430 0.763453 0.826299 0.730768 0.954350 0.993295 0.780966 0.964747 0.826255 0.999278 0.877381 0.918554 0.946931 0.952309 0.962816 0.884460 0.951463 0.918870 0.854283 0.705758 0.973513 0.920541 0.936760 0.860272 0.973109 0.946635 0.877677 0.815184 0.863490 0.801891
0.733941 0.721418 0.776085 0.726942 0.869740 0.000000 0.680369 0.657326 0.970014 0.957836 0.785062 0.650075 0.801769 0.751437 0.764873 0.755977 0.774278 0.693996 0.680320 0.750614 0.718638 0.910247 0.823317 0.776361 0.898807 0.861575 0.839319 0.773427 0.727005 0.749385 0.919779 0.835831 0.782335 0.697102 0.885496 0.641421 0.880810 0.850716 0.880196 0.718950 0.798056 0.914471 0.767958 0.780338 0.848318 0.871191 0.817890 0.913897 0.940865 0.894676 0.908625 0.902894 0.906376 0.684886 0.831211 0.866273 0.679167 0.747119 0.830635 0.857338 0.792651 0.815688 0.844502 0.889985 0.781196 0.702972 0.667346 0.732818 0.811412 0.892880 0.803743 0.906202 0.977174 0.980911 0.691070 0.940175 0.908212 0.941706 0.847348 0.826242 0.718388 0.711754 0.872528 0.811980 0.778668 0.739045 0.756993 0.865107 0.921218 0.827506 0.734858 0.831928 0.669641 0.738431 0.816798 0.931694 0.614052 0.741843 0.728387 0.703794 0.982782 0.964327 0.938248 0.974512 0.822065 0.699127 0.898943 0.980947 0.967191 0.734544 0.852669 0.815248 0.906139 0.915908 0.955243 0.738421
0.437120 0.389648 0.285429 0.303769 0.682530 0.680369 0.000000 0.227437 0.616244 0.812434 0.714658 0.553837 0.338459 0.478243 0.346552 0.478043 0.563034 0.567565 0.387966 0.419446 0.730413 0.888301 0.406502 0.397990 0.481289 0.493615 0.703810 0.837355 0.878544 0.968730 0.728678 0.843326 0.310719 0.365384 0.439033 0.811348 0.401364 0.490352 0.546422 0.770644 0.704276 0.826569 0.496862 0.495684 0.607016 0.623149 0.442674 0.431152 0.821755 0.643286 0.786414 0.611040 0.810785 0.875752 0.386124 0.409083 0.473531 0.391093 0.409269 0.514942 0.289958 0.425111 0.571590 0.516347 0.314966 0.304153 0.234850 0.273413 0.487861 0.567476 0.448381 0.649956 0.702889 0.658122 0.969960 0.810281 0.548135 0.826806 0.529283 0.675856 0.495124 0.461776 0.538756 0.473034 0.287486 0.340058 0.600160 0.576746 0.478932 0.447931 0.760518 0.844519 0.616331 0.675818 0.645885 0.876096 0.445786 0.808817 0.745331 0.697711 0.839889 0.851035 0.992195 0.983710 0.440084 0.520065 0.802168 0.885615 0.705838 0.679429 0.868683 0.729467 0.842086 0.911091 0.711202 0.879040
0.545141 0.446407 0.439318 0.352036 0.679543 0.657326 0.227437 0.000000 0.694046 0.928153 0.783689 0.558324 0.488258 0.451975 0.431625 0.505301 0.598675 0.550786 0.444424 0.423791 0.787258 0.860382 0.489168 0.433357 0.595832 0.578236 0.709287 0.916766 0.822053 0.877436 0.822334 0.717325 0.409492 0.418969 0.509685 0.733060 0.527328 0.486968 0.626638 0.750445 0.803091 0.713741 0.471660 0.477632 0.591749 0.619980 0.456446 0.500764 0.796793 0.730427 0.825000 0.708426 0.808187 0.861510 0.427498 0.454235 0.474794 0.440344 0.537917 0.648442 0.438429 0.490486 0.670808 0.535109 0.465884 0.404903 0.328420 0.333657 0.631503 0.688109 0.480068 0.593187 0.841987 0.759724 0.974111 0.812629 0.606549 0.808825 0.536629 0.659484 0.482640 0.493149 0.531625 0.495686 0.407036 0.439729 0.668366 0.522359 0.597138 0.513321 0.594192 0.795304 0.515810 0.635627 0.746395 0.814209 0.472605 0.811189 0.609434 0.548904 0.995543 0.783255 0.802353 0.988156 0.477359 0.575484 0.845506 0.875010 0.722695 0.780346 0.862513 0.690479 0.893234 0.896220 0.763161 0.922099
0.928336 0.861461 0.607420 0.710459 0.837123 0.970014 0.616244 0.694046 0.000000 0.894111 0.845198 0.961260 0.786531 0.987705 0.831996 0.996096 0.913509 0.952687 0.899433 0.884631 0.941951 0.998950 0.716854 0.760011 0.673815 0.557656 0.903273 0.955171 0.997124 0.895580 0.583860 0.978708 0.599155 0.811022 0.654292 0.914113 0.678374 0.713149 0.803472 0.854044 0.988762 0.811932 0.817309 0.847383 0.648405 0.762160 0.835459 0.774839 0.858406 0.767424 0.709751 0.761354 0.742012 0.846391 0.669086 0.641198 0.933931 0.903323 0.831115 0.950959 0.619997 0.621168 0.931357 0.872929 0.652578 0.713766 0.650602 0.582910 0.787737 0.894432 0.709696 0.722049 0.694183 0.754447 0.954319 0.912171 0.779335 0.865070 0.856052 0.959083 0.987903 0.978514 0.809609 0.903555 0.720596 0.747033 0.918737 0.727685 0.764042 0.769422 0.949912 0.875587 0.975814 0.977858 0.865559 0.886214 0.917995 0.922675 0.957857 0.947671 0.988706 0.986075 0.881758 0.988508 0.782659 0.808246 0.832037 0.972309 0.916757 0.904225 0.798697 0.763117 0.973124 0.921370 0.825842 0.969306
0.490201 0.561365 0.649617 0.642370 0.919703 0.957836 0.812434 0.928153 0.894111 0.000000 0.740281 0.681961 0.480630 0.629920 0.719032 0.617133 0.785675 0.749426 0.575553 0.620696 0.742374 0.873163 0.716958 0.574102 0.606314 0.759957 0.614712 0.852489 0.773846 0.853540 0.935934 0.731539 0.788483 0.854575 0.738985 0.986487 0.651798 0.943554 0.581331 0.693932 0.722261 0.850307 0.849431 0.920412 0.594622 0.661189 0.794358 0.895198 0.708422 0.904624 0.842699 0.862702 0.720707 0.589908 0.627791 0.829453 0.684206 0.578976 0.616379 0.530933 0.701634 0.943195 0.749626 0.874312 0.610855 0.623362 0.733267 0.856112 0.512542 0.580978 0.962018 0.854367 0.962111 0.984610 0.855270 0.857957 0.988903 0.749610 0.826142 0.760489 0.693299 0.548629 0.745096 0.594577 0.509817 0.531680 0.768143 0.811621 0.595340 0.522507 0.732422 0.977598 0.962565 0.978493 0.833194 0.866841 0.886280 0.909118 0.712693 0.729395 0.520100 0.822095 0.782553 0.787754 0.982851 0.859234 0.940785 0.867218 0.919449 0.952021 0.735561 0.904236 0.820434 0.912022 0.866759 0.964835
0.419370 0.487073 0.823966 0.871122 0.985034 0.785062 0.714658 0.783689 0.845198 0.740281 0.000000 0.483028 0.678310 0.577087 0.874338 0.856018 0.533301 0.418325 0.508134 0.508453 0.768170 0.901366 0.929342 0.879441 0.972505 0.959793 0.965713 0.983308 0.767488 0.638249 0.674352 0.968701 0.697570 0.499958 0.838025 0.793527 0.843220 0.857349 0.883188 0.876015 0.701421 0.970852 0.786866 0.728528 0.874446 0.854421 0.622890 0.707582 0.794994 0.766343 0.987274 0.875259 0.810786 0.677083 0.665610 0.706215 0.467070 0.491706 0.580669 0.667539 0.765928 0.958251 0.540908 0.658458 0.888506 0.793429 0.673840 0.723734 0.542672 0.582094 0.948644 0.905828 0.987731 0.813705 0.775971 0.894656 0.848714 0.931410 0.751297 0.620962 0.401065 0.407262 0.763505 0.540718 0.745848 0.757416 0.661538 0.825034 0.747041 0.739771 0.857490 0.772518 0.675760 0.731365 0.715843 0.933424 0.697649 0.830283 0.735915 0.873350 0.874677 0.845152 0.834845 0.794319 0.867337 0.889689 0.814190 0.848798 0.858725 0.831835 0.944793 0.976104 0.891948 0.951567 0.992616 0.939261
0.399503 0.380736 0.613294 0.516430 0.861323 0.650075 0.553837 0.558324 0.961260 0.681961 0.483028 0.000000 0.479171 0.367230 0.498035 0.470838 0.549978 0.332702 0.390126 0.338766 0.576262 0.941892 0.642402 0.455850 0.649967 0.863989 0.657353 0.950231 0.754386 0.671855 0.841061 0.875764 0.559641 0.446103 0.623061 0.655560 0.653070 0.525962 0.752425 0.718117 0.768718 0.889721 0.710028 0.725472 0.903541 0.943584 0.614239 0.685794 0.977362 0.899306 0.860252 0.994772 0.700751 0.458599 0.577411 0.668749 0.359507 0.382336 0.595063 0.673843 0.554458 0.675002 0.591888 0.480291 0.590298 0.505888 0.563713 0.560729 0.522302 0.546131 0.776559 0.850473 0.844831 0.732601 0.930659 0.955624 0.844048 0.901296 0.616285 0.495212 0.368210 0.337608 0.672980 0.452273 0.479685 0.441662 0.580663 0.610101 0.582512 0.492115 0.842317 0.882348 0.625663 0.801601 0.799972 0.865791 0.624798 0.812595 0.810982 0.816026 0.787398 0.947720 0.789236 0.875669 0.640302 0.622449 0.854298 0.949069 0.894851 0.784952 0.995427 0.891116 0.899478 0.917243 0.836434 0.908110
0.286228 0.294728 0.330394 0.332279 0.663592 0.801769 0.338459 0.488258 0.786531 0.480630 0.678310 0.479171 0.000000 0.396538 0.314769 0.340151 0.477229 0.511080 0.305857 0.345136 0.620052 0.826681 0.344372 0.314834 0.401972 0.561195 0.586325 0.755260 0.969685 0.992745 0.846291 0.950867 0.406993 0.470468 0.528591 0.915140 0.375789 0.587048 0.531821 0.630979 0.570439 0.997292 0.693363 0.655240 0.986904 0.924903 0.495517 0.481622 0.975142 0.639629 0.874284 0.584356 0.994036 0.762846 0.410148 0.483410 0.410363 0.297840 0.340982 0.342502 0.323916 0.525769 0.455499 0.453730 0.311531 0.326464 0.374811 0.497003 0.345887 0.381251 0.557669 0.787552 0.675772 0.681649 0.833322 0.849805 0.628702 0.955396 0.573679 0.497989 0.431529 0.344263 0.535647 0.420810 0.224023 0.280197 0.474823 0.521532 0.394975 0.354003 0.970094 0.830140 0.778047 0.733159 0.656502 0.970424 0.537950 0.921350 0.961414 0.910042 0.618668 0.989438 0.961706 0.998995 0.631680 0.544181 0.881647 0.954052 0.880454 0.774034 0.955067 0.847401 0.933965 0.995361 0.692745 0.884153
0.387197 0.351185 0.645709 0.548776 0.892728 0.751437 0.478243 0.451975 0.987705 0.629920 0.577087 0.367230 0.396538 0.000000 0.465721 0.416950 0.393115 0.305928 0.266459 0.311304 0.784124 0.915888 0.613471 0.441671 0.741792 0.859242 0.663839 0.978390 0.712496 0.634468 0.902879 0.819072 0.529378 0.457446 0.624478 0.773882 0.716433 0.559996 0.725548 0.662630 0.814796 0.837422 0.593048 0.575293 0.874734 0.822717 0.514834 0.604675 0.950469 0.829175 0.994416 0.806795 0.895336 0.647754 0.608666 0.561688 0.300384 0.345868 0.559083 0.640380 0.596536 0.737560 0.524471 0.439733 0.648458 0.554987 0.540096 0.613200 0.620052 0.623938 0.671870 0.776286 0.923337 0.844841 0.886980 0.956923 0.760240 0.817345 0.509475 0.423290 0.315983 0.288561 0.541986 0.422177 0.476160 0.485933 0.615543 0.519593 0.639147 0.568758 0.805975 0.742666 0.705073 0.684115 0.848056 0.908146 0.587739 0.774244 0.725616 0.676604 0.777578 0.782331 0.716197 0.796445 0.681446 0.699650 0.985480 0.890174 0.840570 0.771666 0.988550 0.753088 0.808854 0.918436 0.846603 0.941922
0.552007 0.495967 0.414801 0.374207 0.658970 0.764873 0.346552 0.431625 0.831996 0.719032 0.874338 0.498035 0.314769 0.465721 0.000000 0.257116 0.623734 0.611052 0.445848 0.492852 0.679849 0.821630 0.313300 0.331951 0.513598 0.660935 0.670729 0.814490 0.848237 0.914184 0.721849 0.841303 0.454705 0.499757 0.634765 0.832785 0.517665 0.568046 0.670528 0.831937 0.701655 0.869610 0.613881 0.654694 0.825026 0.826000 0.580403 0.561971 0.988314 0.802472 0.935128 0.742054 0.872525 0.821178 0.595997 0.673840 0.532517 0.473016 0.572281 0.580991 0.380610 0.414949 0.564050 0.456162 0.399810 0.386721 0.501212 0.504424 0.631115 0.643503 0.518102 0.742529 0.749006 0.711274 0.935937 0.722212 0.687785 0.759110 0.592174 0.575287 0.536480 0.509839 0.630056 0.555892 0.368310 0.397712 0.585572 0.541406 0.579450 0.505885 0.922127 0.868213 0.806184 0.841907 0.743690 0.976556 0.543767 0.881773 0.849549 0.742358 0.862783 0.951941 0.943558 0.987470 0.618790 0.593009 0.940185 0.898946 0.772133 0.847922 0.995019 0.784515 0.814289 0.944603 0.759040 0.834399
0.553319 0.485492 0.473995 0.427744 0.674120 0.755977 0.478043 0.505301 0.996096 0.617133 0.856018 0.470838 0.340151 0.416950 0.257116 0.000000 0.628021 0.601601 0.481563 0.502143 0.662500 0.786465 0.340838 0.319516 0.494594 0.681692 0.607505 0.815255 0.909409 0.933168 0.794541 0.865860 0.517409 0.548174 0.661582 0.879422 0.538790 0.649928 0.671062 0.689658 0.647094 0.973184 0.686128 0.706334 0.966797 0.975837 0.570920 0.650238 0.857432 0.952175 0.926770 0.879187 0.969850 0.667767 0.631674 0.711690 0.495142 0.456739 0.613033 0.580566 0.444157 0.461870 0.628129 0.492913 0.457632 0.409532 0.600874 0.630213 0.629676 0.584027 0.668852 0.797959 0.810007 0.750016 0.960380 0.690127 0.815503 0.830772 0.606938 0.605278 0.530701 0.475684 0.588794 0.515889 0.378078 0.364585 0.616217 0.565363 0.541689 0.473252 0.957138 0.920215 0.790240 0.912069 0.844739 0.969727 0.639818 0.878576 0.934443 0.828736 0.808933 0.976811 0.892212 0.939599 0.695604 0.588099 0.954924 0.998853 0.811633 0.920229 0.961154 0.762760 0.805906 0.990545 0.743348 0.858903
0.414369 0.369406 0.761515 0.742705 0.914292 0.774278 0.563034 0.598675 0.913509 0.785675 0.533301 0.549978 0.477229 0.393115 0.623734 0.628021 0.000000 0.291091 0.332913 0.368047 0.814916 0.990737 0.772516 0.662714 0.843669 0.950140 0.847357 0.775949 0.527738 0.518661 0.960828 0.727106 0.467213 0.453174 0.794247 0.875938 0.721976 0.703475 0.885093 0.699244 0.663887 0.822459 0.427398 0.341599 0.746618 0.650440 0.446207 0.484459 0.756196 0.689506 0.795386 0.701180 0.982956 0.830042 0.644533 0.637629 0.254419 0.325032 0.542572 0.600375 0.693190 0.913941 0.312165 0.338413 0.817696 0.740064 0.632632 0.679284 0.541778 0.574057 0.633677 0.779434 0.934352 0.808994 0.859144 0.850727 0.615390 0.687676 0.485458 0.435301 0.243852 0.294074 0.502986 0.434323 0.611261 0.639975 0.784177 0.498663 0.689961 0.636280 0.804756 0.669254 0.768535 0.742080 0.720472 0.943802 0.643445 0.849981 0.638202 0.716882 0.816879 0.717808 0.635289 0.517010 0.766154 0.792408 0.940804 0.885123 0.935028 0.813788 0.960968 0.795599 0.748895 0.912994 0.762648 0.963965
0.364812 0.320629 0.789853 0.689739 0.941637 0.693996 0.567565 0.550786 0.952687 0.749426 0.418325 0.332702 0.511080 0.305928 0.611052 0.601601 0.291091 0.000000 0.305746 0.257574 0.742667 0.928555 0.812867 0.620391 0.852610 0.998004 0.835649 0.915586 0.531383 0.456384 0.866016 0.737074 0.493171 0.380109 0.753380 0.717126 0.767187 0.589890 0.810574 0.727829 0.687095 0.763288 0.465177 0.443900 0.750979 0.709132 0.466463 0.537874 0.785342 0.783414 0.974185 0.883029 0.776568 0.578851 0.650624 0.637394 0.193745 0.276081 0.544720 0.679148 0.718632 0.937869 0.397816 0.365569 0.806094 0.709384 0.591268 0.639694 0.531653 0.542467 0.695812 0.787647 0.987776 0.807072 0.873087 0.986054 0.712510 0.718907 0.457851 0.362118 0.203729 0.225259 0.541740 0.434996 0.597082 0.598515 0.670151 0.562376 0.681672 0.602054 0.718768 0.676177 0.590445 0.643640 0.779191 0.842652 0.545720 0.787915 0.615471 0.645105 0.869252 0.792553 0.577496 0.583959 0.667338 0.718737 0.996846 0.895737 0.923928 0.733799 0.923746 0.782664 0.818132 0.869732 0.870421 0.997074
0.311492 0.284466 0.545488 0.469554 0.822853 0.680320 0.387966 0.444424 0.899433 0.575553 0.508134 0.390126 0.305857 0.266459 0.445848 0.481563 0.332913 0.305746 0.000000 0.269304 0.750460 0.916892 0.583740 0.459247 0.689044 0.808279 0.647958 0.913389 0.695334 0.690275 0.934265 0.844348 0.468861 0.417732 0.603935 0.847555 0.614068 0.612460 0.662338 0.603364 0.643869 0.889927 0.575534 0.535465 0.858033 0.831054 0.463220 0.484553 0.915543 0.742121 0.958664 0.704533 0.911276 0.708174 0.489543 0.503818 0.277633 0.287853 0.447618 0.507121 0.523137 0.770592 0.412376 0.460581 0.556113 0.489987 0.398670 0.522820 0.470611 0.565681 0.519129 0.759914 0.860114 0.819153 0.899988 0.915039 0.643424 0.852536 0.496424 0.411552 0.281742 0.256669 0.609409 0.413365 0.409110 0.454653 0.592995 0.484595 0.583118 0.553078 0.774096 0.652094 0.629598 0.609864 0.714387 0.906625 0.462121 0.811476 0.718252 0.656137 0.733540 0.775925 0.789877 0.772257 0.616360 0.595604 0.981497 0.955150 0.834410 0.654335 0.997466 0.756446 0.856474 0.951045 0.722542 0.851942
0.309279 0.250705 0.539383 0.441653 0.813727 0.750614 0.419446 0.423791 0.884631 0.620696 0.508453 0.338766 0.345136 0.311304 0.492852 0.502143 0.368047 0.257574 0.269304 0.000000 0.664388 0.962009 0.592246 0.427537 0.609907 0.753392 0.625608 0.892548 0.730579 0.671798 0.988317 0.842401 0.410987 0.390965 0.619803 0.752794 0.565346 0.474509 0.619884 0.652051 0.672953 0.749917 0.534822 0.504200 0.864233 0.855745 0.434178 0.511559 0.927431 0.698364 0.950659 0.748805 0.847280 0.626765 0.485610 0.554070 0.229875 0.227055 0.433965 0.535357 0.527156 0.750314 0.455963 0.394924 0.547883 0.488289 0.419696 0.519814 0.362270 0.428071 0.549927 0.702622 0.854973 0.740860 0.865846 0.937239 0.554929 0.771500 0.508839 0.445130 0.255903 0.228438 0.528944 0.377432 0.383470 0.409316 0.555405 0.546135 0.537956 0.438059 0.777173 0.708076 0.591238 0.593325 0.732376 0.870060 0.473308 0.879864 0.754617 0.724681 0.780801 0.821070 0.722432 0.789784 0.543700 0.578194 0.981613 0.987909 0.850241 0.754543 0.969795 0.811881 0.940208 0.905149 0.773950 0.980520
0.579296 0.563412 0.575680 0.617806 0.836922 0.718638 0.730413 0.787258 0.941951 0.742374 0.768170 0.576262 0.620052 0.784124 0.679849 0.662500 0.814916 0.742667 0.750460 0.664388 0.000000 0.893252 0.738231 0.625428 0.603123 0.679862 0.844205 0.614762 0.996215 0.961165 0.872754 0.965767 0.663669 0.613781 0.587625 0.745518 0.646846 0.655583 0.564725 0.738796 0.767585 0.975805 0.958439 0.887642 0.941239 0.939983 0.740608 0.922964 0.993899 0.885385 0.985615 0.958445 0.766645 0.572118 0.614136 0.896993 0.663351 0.603881 0.596279 0.644208 0.501016 0.558461 0.778323 0.736325 0.545271 0.507836 0.650655 0.706405 0.554062 0.611952 0.959527 0.976083 0.811893 0.922128 0.929779 0.987772 0.856589 0.983518 0.967978 0.771891 0.710538 0.642279 0.640241 0.714054 0.544649 0.478056 0.696005 0.770379 0.588897 0.562801 0.780495 0.691588 0.962928 0.865121 0.834686 0.892276 0.831340 0.947408 0.846737 0.846968 0.718527 0.792525 0.948431 0.843020 0.956881 0.802843 0.946290 0.902695 0.995076 0.917537 0.939368 0.884444 0.904821 0.945013 0.816049 0.982357
0.888764 0.890110 0.816556 0.857756 0.923997 0.910247 0.888301 0.860382 0.998950 0.873163 0.901366 0.941892 0.826681 0.915888 0.821630 0.786465 0.990737 0.928555 0.916892 0.962009 0.893252 0.000000 0.921718 0.928695 0.937000 0.904156 0.950988 0.995282 0.784555 0.732838 0.832000 0.777858 0.967724 0.988281 0.906235 0.836393 0.889870 0.975349 0.833442 0.934120 0.938857 0.881654 0.963173 0.981632 0.897315 0.972635 0.846486 0.889039 0.918018 0.757245 0.739307 0.645716 0.689202 0.857972 0.725135 0.758226 0.997750 0.875868 0.781793 0.675241 0.823057 0.791418 0.856786 0.895289 0.896567 0.897845 0.953215 0.902927 0.990376 0.934534 0.994315 0.941190 0.925498 0.870050 0.884228 0.968695 0.976720 0.765287 0.980417 0.911909 0.982750 0.897546 0.882597 0.851050 0.873465 0.884684 0.852165 0.790237 0.862783 0.907682 0.947675 0.900353 0.993423 0.993501 0.945422 0.979532 0.820397 0.895398 0.957319 0.918874 0.920577 0.940226 0.953189 0.994587 0.954166 0.918115 0.969672 0.805264 0.992593 0.881583 0.883111 0.943606 0.903139 0.987310 0.661907 0.908550
0.676409 0.560498 0.336401 0.285527 0.526873 0.823317 0.406502 0.489168 0.716854 0.716958 0.929342 0.642402 0.344372 0.613471 0.313300 0.340838 0.772516 0.812867 0.583740 0.592246 0.738231 0.921718 0.000000 0.241068 0.345027 0.478689 0.492940 0.817680 0.995228 0.912478 0.594450 0.921881 0.543744 0.676358 0.572999 0.905308 0.434728 0.558362 0.598769 0.744171 0.740388 0.916576 0.726794 0.793211 0.950221 0.996981 0.713882 0.679143 0.841358 0.889059 0.987632 0.803392 0.999216 0.816178 0.647154 0.736908 0.688341 0.598026 0.672571 0.620040 0.408071 0.408862 0.799868 0.644235 0.286390 0.326009 0.455825 0.495018 0.610265 0.663997 0.507794 0.580944 0.671501 0.743345 0.952995 0.737601 0.764200 0.834631 0.675731 0.774509 0.752311 0.706351 0.686943 0.727365 0.317644 0.336512 0.612689 0.669181 0.510956 0.461872 0.946392 0.953427 0.751980 0.835418 0.695970 0.980687 0.687752 0.931029 0.987876 0.916847 0.716081 0.899313 0.955435 0.813820 0.573081 0.503931 0.865639 0.918649 0.827102 0.798892 0.942168 0.842237 0.964570 0.889986 0.715105 0.842812
0.511931 0.438415 0.329856 0.257249 0.584777 0.776361 0.397990 0.433357 0.760011 0.574102 0.879441 0.455850 0.314834 0.441671 0.331951 0.319516 0.662714 0.620391 0.459247 0.427537 0.625428 0.928695 0.241068 0.000000 0.333714 0.492991 0.436093 0.782283 0.950418 0.993403 0.728983 0.919196 0.494930 0.550465 0.489187 0.794523 0.448407 0.468277 0.503991 0.661259 0.706409 0.838518 0.790201 0.798602 0.995620 0.963852 0.648501 0.666741 0.825790 0.907233 0.872373 0.893965 0.830468 0.598084 0.504211 0.631434 0.526608 0.460387 0.595303 0.576101 0.402926 0.477305 0.719061 0.590534 0.298844 0.303186 0.443922 0.478443 0.479383 0.593138 0.574574 0.654839 0.756080 0.753133 0.986631 0.872303 0.766919 0.834525 0.607810 0.626421 0.571075 0.501014 0.608871 0.530995 0.262895 0.255882 0.605456 0.611902 0.412404 0.365808 0.994657 0.999556 0.754222 0.862916 0.726140 0.945147 0.630608 0.886571 0.999681 0.946878 0.684585 0.929823 0.982104 0.852558 0.585036 0.544201 0.938483 0.982044 0.921374 0.865288 0.974319 0.860021 0.944034 0.879232 0.780658 0.887200
0.511107 0.497527 0.272595 0.308054 0.567056 0.898807 0.481289 0.595832 0.673815 0.606314 0.972505 0.649967 0.401972 0.741792 0.513598 0.494594 0.843669 0.852610 0.689044 0.609907 0.603123 0.937000 0.345027 0.333714 0.000000 0.261346 0.494943 0.701219 0.750778 0.701289 0.616018 0.891622 0.502942 0.637917 0.430843 0.844244 0.323110 0.532928 0.468474 0.610581 0.665931 0.950888 0.927883 0.912782 0.948519 0.944975 0.696810 0.679618 0.840522 0.834106 0.981715 0.819670 0.906787 0.648322 0.422831 0.643179 0.697426 0.567069 0.515338 0.469842 0.330198 0.407324 0.860499 0.746460 0.227154 0.278030 0.461166 0.501035 0.374749 0.421399 0.804301 0.806141 0.644200 0.654385 0.916243 0.972179 0.869088 0.940311 0.808148 0.823195 0.776338 0.660006 0.626023 0.590473 0.253253 0.242366 0.643715 0.731171 0.332658 0.307639 0.839046 0.739244 0.906316 0.966848 0.703139 0.996425 0.780575 0.971790 0.780936 0.751932 0.602976 0.725405 0.780558 0.727651 0.683888 0.610571 0.836835 0.937185 0.882053 0.921620 0.903479 0.955383 0.819226 0.802620 0.760318 0.864003
0.638519 0.635490 0.314176 0.409887 0.602688 0.861575 0.493615 0.578236 0.557656 0.759957 0.959793 0.863989 0.561195 0.859242 0.660935 0.681692 0.950140 0.998004 0.808279 0.753392 0.679862 0.904156 0.478689 0.492991 0.261346 0.000000 0.618769 0.713790 0.679219 0.626467 0.579005 0.930281 0.555079 0.703105 0.514560 0.788453 0.407287 0.619945 0.494731 0.621820 0.789799 0.931211 0.935356 0.935786 0.955703 0.968328 0.704170 0.752659 0.896443 0.793348 0.869598 0.735422 0.952356 0.834731 0.429967 0.660337 0.828176 0.705486 0.569130 0.565243 0.393434 0.460648 0.975393 0.915447 0.305232 0.353003 0.457805 0.498729 0.484458 0.536192 0.855544 0.824030 0.634353 0.740098 0.869427 0.983409 0.926556 0.853474 0.934976 0.998324 0.934463 0.832138 0.657450 0.740556 0.371528 0.349533 0.753665 0.808481 0.441936 0.430809 0.897517 0.711919 0.974910 0.955401 0.750858 0.981770 0.868941 0.984160 0.793616 0.785915 0.712480 0.762535 0.717874 0.661768 0.769308 0.654972 0.862857 0.936858 0.878616 0.868275 0.996394 0.951724 0.782329 0.858476 0.792901 0.815099
0.710782 0.665513 0.588729 0.480380 0.674446 0.839319 0.703810 0.709287 0.903273 0.614712 0.965713 0.657353 0.586325 0.663839 0.670729 0.607505 0.847357 0.835649 0.647958 0.625608 0.844205 0.950988 0.492940 0.436093 0.494943 0.618769 0.000000 0.788170 0.863798 0.853109 0.955385 0.940144 0.803018 0.871727 0.711033 0.829173 0.706953 0.644841 0.713226 0.763692 0.897979 0.962109 0.987295 0.990137 0.709490 0.732271 0.867910 0.886797 0.634103 0.941292 0.807384 0.986805 0.748983 0.674269 0.738393 0.838013 0.759958 0.733335 0.830217 0.722444 0.735608 0.766549 0.949653 0.896148 0.529696 0.552081 0.674925 0.757620 0.655849 0.713487 0.750947 0.834218 0.825702 0.939684 0.881078 0.932279 0.889360 0.937182 0.763462 0.881070 0.841120 0.740351 0.841296 0.799595 0.538899 0.512305 0.748733 0.851980 0.668640 0.603571 0.944485 0.939580 0.821947 0.837412 0.908682 0.997687 0.881785 0.925983 0.921717 0.960459 0.731637 0.942593 0.908216 0.856250 0.739350 0.710931 0.951888 0.942602 0.996128 0.863529 0.983941 0.970101 0.887106 0.789393 0.864304 0.813718
0.741856 0.778370 0.739780 0.810188 0.834482 0.773427 0.837355 0.916766 0.955171 0.852489 0.983308 0.950231 0.755260 0.978390 0.814490 0.815255 0.775949 0.915586 0.913389 0.892548 0.614762 0.995282 0.817680 0.782283 0.701219 0.713790 0.788170 0.000000 0.940334 0.930508 0.736182 0.974431 0.784997 0.902357 0.852125 0.768945 0.728378 0.914104 0.814728 0.882850 0.843902 0.909758 0.862250 0.835047 0.941313 0.946783 0.857302 0.866594 0.948770 0.936270 0.924872 0.940817 0.961942 0.827114 0.786545 0.991933 0.804157 0.800225 0.752826 0.712428 0.779896 0.847287 0.878814 0.899660 0.753356 0.765565 0.850442 0.953725 0.720463 0.650343 0.848177 0.925601 0.951184 0.995031 0.970958 0.939805 0.813666 0.988134 0.916073 0.894373 0.871210 0.853654 0.822295 0.932768 0.750859 0.723767 0.977811 0.956480 0.791498 0.717618 0.842533 0.831682 0.838944 0.874448 0.829830 0.776508 0.917484 0.914909 0.870978 0.807540 0.714439 0.852545 0.923337 0.913299 0.991115 0.966835 0.829463 0.954792 0.864832 0.843646 0.821616 0.862703 0.983847 0.957546 0.973050 0.831318
0.938092 0.836678 0.829659 0.923562 0.993364 0.727005 0.878544 0.822053 0.997124 0.773846 0.767488 0.754386 0.969685 0.712496 0.848237 0.909409 0.527738 0.531383 0.695334 0.730579 0.996215 0.784555 0.995228 0.950418 0.750778 0.679219 0.863798 0.940334 0.000000 0.262383 0.920134 0.452341 0.786186 0.678791 0.915482 0.868594 0.932402 0.934860 0.828465 0.984473 0.973925 0.801180 0.491975 0.501481 0.610096 0.652735 0.840591 0.782371 0.823955 0.933524 0.991115 0.873454 0.979787 0.958020 0.898728 0.985744 0.588772 0.808723 0.974176 0.821792 0.943421 0.894526 0.615320 0.566162 0.792542 0.905922 0.943766 0.927455 0.923120 0.850135 0.701839 0.728170 0.915667 0.935546 0.879002 0.880151 0.838767 0.486408 0.616077 0.570044 0.550572 0.738399 0.885335 0.863850 0.903730 0.913006 0.943114 0.817635 0.842139 0.831538 0.789414 0.735797 0.829807 0.901100 0.846193 0.988849 0.708313 0.969429 0.636064 0.570397 0.825220 0.669589 0.594492 0.462643 0.857995 0.945225 0.923842 0.949182 0.930581 0.883916 0.856566 0.740648 0.700897 0.882444 0.959491 0.994850
0.903937 0.786569 0.792221 0.879825 0.902885 0.749385 0.968730 0.877436 0.895580 0.853540 0.638249 0.671855 0.992745 0.634468 0.914184 0.933168 0.518661 0.456384 0.690275 0.671798 0.961165 0.732838 0.912478 0.993403 0.701289 0.626467 0.853109 0.930508 0.262383 0.000000 0.931836 0.510262 0.841285 0.690110 0.913664 0.781713 0.839854 0.914095 0.788665 0.966890 0.939257 0.843304 0.550112 0.542851 0.666121 0.719030 0.838135 0.864548 0.789482 0.944080 0.955178 0.842232 0.888209 0.826595 0.835674 0.950205 0.552741 0.763707 0.986862 0.875994 0.899518 0.847281 0.635054 0.556361 0.744822 0.869126 0.969376 0.960116 0.949626 0.918468 0.811627 0.814505 0.941312 0.937692 0.918110 0.868752 0.935970 0.503490 0.627140 0.562184 0.520742 0.672934 0.836202 0.832298 0.874097 0.883555 0.923868 0.767213 0.819245 0.854809 0.794580 0.737046 0.818940 0.856652 0.887753 0.997656 0.775394 0.939815 0.629834 0.635288 0.830806 0.755065 0.541079 0.495242 0.912285 0.908742 0.849815 0.843146 0.958078 0.913285 0.843016 0.822721 0.766567 0.891138 0.937624 0.970945
0.902211 0.982440 0.683409 0.768214 0.732990 0.919779 0.728678 0.822334 0.583860 0.935934 0.674352 0.841061 0.846291 0.902879 0.721849 0.794541 0.960828 0.866016 0.934265 0.988317 0.872754 0.832000 0.594450 0.728983 0.616018 0.579005 0.955385 0.736182 0.920134 0.931836 0.000000 0.679268 0.657876 0.880331 0.810297 0.920555 0.681548 0.833688 0.738797 0.888764 0.914756 0.838745 0.769124 0.754986 0.795660 0.846658 0.945051 0.937643 0.921008 0.978542 0.900588 0.944410 0.835004 0.916482 0.883054 0.962084 0.998795 0.992014 0.958337 0.971722 0.706703 0.637391 0.964979 0.843711 0.693455 0.750432 0.842576 0.767647 0.890416 0.945877 0.773161 0.757648 0.693007 0.806020 0.815384 0.798059 0.847371 0.648724 0.886679 0.978602 0.967522 0.910627 0.848874 0.987927 0.780033 0.771217 0.951058 0.966517 0.816540 0.850145 0.819357 0.720276 0.802831 0.747151 0.885614 0.927425 0.994017 0.809570 0.815471 0.909945 0.940245 0.888080 0.898987 0.882232 0.847165 0.877999 0.792318 0.986787 0.922540 0.956598 0.948645 0.997225 0.975588 0.921652 0.934590 0.987303
0.903181 0.980371 0.900826 0.969679 0.974147 0.835831 0.843326 0.717325 0.978708 0.731539 0.968701 0.875764 0.950867 0.819072 0.841303 0.865860 0.727106 0.737074 0.844348 0.842401 0.965767 0.777858 0.921881 0.919196 0.891622 0.930281 0.940144 0.974431 0.452341 0.510262 0.679268 0.000000 0.747606 0.714956 0.900059 0.804186 0.983199 0.900023 0.956701 0.906499 0.983021 0.793799 0.550156 0.504776 0.653100 0.697301 0.855423 0.938040 0.891915 0.921205 0.932854 0.851679 0.991099 0.973354 0.983540 0.975341 0.747329 0.932082 0.879692 0.776532 0.962456 0.997957 0.865376 0.715755 0.867329 0.966533 0.955389 0.905801 0.859285 0.763378 0.776447 0.739089 0.953845 0.982905 0.935959 0.854960 0.892566 0.542606 0.742538 0.836830 0.692751 0.864988 0.853036 0.820825 0.935002 0.956351 0.921844 0.839656 0.879584 0.935379 0.718244 0.902457 0.851430 0.956931 0.957015 0.871063 0.882585 0.885126 0.659099 0.566508 0.722566 0.775835 0.633601 0.698902 0.896864 0.950105 0.983441 0.934028 0.834425 0.911708 0.842415 0.766702 0.818800 0.935409 0.985019 0.939785
0.432165 0.380385 0.430140 0.455981 0.786495 0.782335 0.310719 0.409492 0.599155 0.788483 0.697570 0.559641 0.406993 0.529378 0.454705 0.517409 0.467213 0.493171 0.468861 0.410987 0.663669 0.967724 0.543744 0.494930 0.502942 0.555079 0.803018 0.784997 0.786186 0.841285 0.657876 0.747606 0.000000 0.346451 0.534791 0.840297 0.459767 0.502882 0.570579 0.722614 0.629615 0.717395 0.444455 0.425652 0.607732 0.613910 0.415332 0.493751 0.814957 0.677880 0.796412 0.707678 0.953529 0.785370 0.439134 0.519455 0.399011 0.370761 0.455611 0.602859 0.388280 0.574925 0.462382 0.457781 0.457940 0.436546 0.373508 0.384414 0.451787 0.534869 0.566184 0.710157 0.787745 0.718344 0.842683 0.789970 0.555206 0.801854 0.519794 0.601483 0.424465 0.443070 0.488824 0.437508 0.382580 0.381834 0.701463 0.545777 0.492533 0.461072 0.839241 0.949209 0.723400 0.816925 0.741657 0.991938 0.630006 0.914754 0.824730 0.808796 0.818540 0.891139 0.935493 0.833318 0.623218 0.629605 0.886305 0.900936 0.907083 0.801058 0.917950 0.764391 0.840626 0.889658 0.769426 0.956569
0.383982 0.375516 0.540913 0.540657 0.788938 0.697102 0.365384 0.418969 0.811022 0.854575 0.499958 0.446103 0.470468 0.457446 0.499757 0.548174 0.453174 0.380109 0.417732 0.390965 0.613781 0.988281 0.676358 0.550465 0.637917 0.703105 0.871727 0.902357 0.678791 0.690110 0.880331 0.714956 0.346451 0.000000 0.529372 0.760647 0.537292 0.527747 0.665027 0.757017 0.584217 0.800132 0.554395 0.471532 0.596908 0.607741 0.417070 0.510547 0.752488 0.716852 0.842156 0.793389 0.981296 0.684881 0.436822 0.479004 0.345173 0.329149 0.444748 0.576720 0.410577 0.581501 0.412753 0.367605 0.560327 0.499534 0.428850 0.446490 0.469409 0.535657 0.722820 0.822219 0.816877 0.637121 0.899200 0.930013 0.771041 0.791529 0.650374 0.550153 0.314453 0.346323 0.421424 0.350593 0.435179 0.445498 0.577120 0.526841 0.502430 0.560663 0.913267 0.995351 0.775514 0.836234 0.832102 0.940699 0.521522 0.949083 0.747392 0.819161 0.888203 0.883085 0.895832 0.802725 0.640187 0.678013 0.947206 0.858418 0.891323 0.770528 0.945521 0.809580 0.911175 0.974588 0.847692 0.943712
0.507374 0.501958 0.362484 0.427744 0.842952 0.885496 0.439033 0.509685 0.654292 0.738985 0.838025 0.623061 0.528591 0.624478 0.634765 0.661582 0.794247 0.753380 0.603935 0.619803 0.587625 0.906235 0.572999 0.489187 0.430843 0.514560 0.711033 0.852125 0.915482 0.913664 0.810297 0.900059 0.534791 0.529372 0.000000 0.903545 0.491941 0.481945 0.454482 0.709637 0.833163 0.927802 0.913472 0.846004 0.819391 0.885115 0.655690 0.689359 0.997687 0.807549 0.907423 0.815557 0.902997 0.713675 0.421151 0.477177 0.679508 0.568071 0.462712 0.557495 0.343250 0.443582 0.771773 0.683414 0.345647 0.342789 0.361077 0.432027 0.506559 0.608475 0.767122 0.844864 0.675940 0.772052 0.997610 0.968984 0.855311 0.989562 0.747421 0.738379 0.703470 0.601813 0.552095 0.602389 0.377665 0.361869 0.732373 0.695802 0.426935 0.467909 0.805181 0.731573 0.934459 0.972033 0.774356 0.976684 0.702424 0.830350 0.876743 0.864526 0.622164 0.817734 0.788360 0.813009 0.685482 0.762723 0.819139 0.887216 0.924819 0.907993 0.877545 0.981087 0.818610 0.883759 0.765845 0.983787
0.819156 0.851988 0.890449 0.836300 0.869007 0.641421 0.811348 0.733060 0.914113 0.986487 0.793527 0.655560 0.915140 0.773882 0.832785 0.879422 0.875938 0.717126 0.847555 0.752794 0.745518 0.836393 0.905308 0.794523 0.844244 0.788453 0.829173 0.768945 0.868594 0.781713 0.920555 0.804186 0.840297 0.760647 0.903545 0.000000 0.909431 0.708661 0.890498 0.922247 0.916340 0.809336 0.915897 0.865437 0.971469 0.988602 0.917916 0.846115 0.909283 0.814328 0.773048 0.775038 0.714790 0.629247 0.859112 0.998263 0.765135 0.839217 0.983344 0.983903 0.884373 0.891642 0.912010 0.953932 0.834703 0.769371 0.876294 0.845301 0.847340 0.802313 0.917678 0.888959 0.932952 0.967878 0.886539 0.973502 0.914580 0.973526 0.901174 0.700361 0.791089 0.805611 0.885804 0.927321 0.845011 0.790807 0.945161 0.898340 0.921179 0.871444 0.846879 0.932848 0.919283 0.971720 0.975683 0.964356 0.875609 0.963711 0.947534 0.969929 0.990828 0.956072 0.873182 0.918791 0.840235 0.917230 0.954587 0.820327 0.935044 0.904006 0.979833 0.900513 0.841685 0.787290 0.747296 0.876203
0.481227 0.492051 0.327619 0.392134 0.653373 0.880810 0.401364 0.527328 0.678374 0.651798 0.843220 0.653070 0.375789 0.716433 0.517665 0.538790 0.721976 0.767187 0.614068 0.565346 0.646846 0.889870 0.434728 0.448407 0.323110 0.407287 0.706953 0.728378 0.932402 0.839854 0.681548 0.983199 0.459767 0.537292 0.491941 0.909431 0.000000 0.562258 0.579216 0.709368 0.641484 0.951721 0.831732 0.751470 0.897922 0.896480 0.611731 0.554275 0.963468 0.708123 0.881043 0.707841 0.959569 0.836242 0.377026 0.585546 0.622715 0.493828 0.433415 0.503971 0.322470 0.502581 0.690253 0.603231 0.324044 0.373587 0.420694 0.523546 0.382800 0.440160 0.705505 0.734375 0.673273 0.560841 0.884944 0.939547 0.742102 0.972741 0.751369 0.771965 0.638569 0.553100 0.567362 0.486974 0.313396 0.334446 0.700942 0.605196 0.428036 0.423548 0.877752 0.884647 0.913437 0.878562 0.701257 0.914981 0.655972 0.889861 0.900097 0.910970 0.643521 0.859601 0.898367 0.825532 0.677596 0.616832 0.905916 0.875915 0.878298 0.787941 0.864080 0.993490 0.938467 0.965716 0.754377 0.969351
0.583045 0.509072 0.486393 0.458264 0.805198 0.850716 0.490352 0.486968 0.713149 0.943554 0.857349 0.525962 0.587048 0.559996 0.568046 0.649928 0.703475 0.589890 0.612460 0.474509 0.655583 0.975349 0.558362 0.468277 0.532928 0.619945 0.644841 0.914104 0.934860 0.914095 0.833688 0.900023 0.502882 0.527747 0.481945 0.708661 0.562258 0.000000 0.609557 0.674024 0.878843 0.602002 0.742113 0.751672 0.775703 0.840445 0.627715 0.707605 0.954101 0.822751 0.933749 0.870607 0.810019 0.678129 0.561021 0.657446 0.562844 0.519505 0.639979 0.743056 0.517762 0.578962 0.764631 0.561227 0.498568 0.497092 0.507443 0.511193 0.544720 0.593424 0.664702 0.667058 0.741134 0.735375 0.942841 0.964193 0.667883 0.847134 0.731514 0.718887 0.608457 0.578007 0.704780 0.646764 0.485652 0.457099 0.714516 0.691424 0.592941 0.528754 0.904408 0.935124 0.753390 0.779809 0.993958 0.900129 0.713175 0.833606 0.835061 0.866997 0.829889 0.928353 0.877270 0.934854 0.565035 0.676548 0.800797 0.998389 0.959452 0.843694 0.903204 0.911521 0.879256 0.943232 0.863369 0.965228
