0.000000 0.121461 0.194695 0.201044 0.588273 0.480659 0.159497 0.138011 0.349751 0.268218 0.147529 0.109340 0.120236 0.205749 0.201812 0.200440 0.112898 0.106511 0.109438 0.121575 0.433544 0.767535 0.191445 0.389418 0.627846 0.554890 0.894868 0.940998 0.153644 0.126598 0.215265 0.311564 0.129731 0.137725 0.431514 0.583126 0.335285 0.401216 0.660651 0.616508 0.665822 0.472275 0.182005 0.165721 0.208789 0.155730 0.177931 0.170969 0.599471 0.281527 0.326658 0.241104 0.391944 0.396181 0.412021 0.450204 0.138731 0.126777 0.119421 0.140969 0.104450 0.155777 0.110384 0.113574 0.297573 0.202383 0.180420 0.157017 0.263874 0.177174 0.194984 0.215744 0.336246 0.326655 0.578407 0.553724 0.314917 0.244792 0.148672 0.168595 0.095225 0.135421 0.399563 0.276376 0.197775 0.349358 0.937289 0.964403 0.373182 0.480322 0.479038 0.549912 0.485099 0.640487 0.401413 0.437620 0.277309 0.474802 0.219860 0.210303 0.484362 0.510208 0.253279 0.265360 0.280535 0.268173 0.721706 0.502272 0.538317 0.323050 0.636704 0.340373 0.283749 0.410806 0.418474 0.913443
0.121461 0.000000 0.237510 0.226894 0.607671 0.511412 0.190273 0.150187 0.398919 0.284645 0.181966 0.121985 0.143754 0.192527 0.222916 0.224400 0.126704 0.105583 0.119385 0.133519 0.425592 0.760870 0.216127 0.390789 0.624974 0.566057 0.907439 0.982481 0.138506 0.137505 0.222304 0.304749 0.138654 0.155151 0.468030 0.558784 0.334366 0.442167 0.683901 0.609054 0.752173 0.398460 0.170067 0.153829 0.202689 0.164428 0.189261 0.151213 0.551253 0.309202 0.342794 0.270227 0.432165 0.418276 0.429453 0.464593 0.109611 0.091817 0.123996 0.152386 0.135753 0.189190 0.126874 0.112910 0.357016 0.266003 0.204300 0.178520 0.274676 0.163711 0.220524 0.239972 0.411286 0.401631 0.595476 0.567205 0.318243 0.281664 0.201530 0.200721 0.112590 0.138608 0.368526 0.239974 0.214006 0.342932 0.991842 0.926775 0.409566 0.465991 0.541068 0.596594 0.527987 0.693612 0.324553 0.475424 0.283720 0.375041 0.247946 0.219072 0.496662 0.550787 0.289523 0.217362 0.283555 0.267818 0.793755 0.544695 0.565226 0.343439 0.622855 0.334545 0.338328 0.366370 0.405307 0.881282
0.194695 0.237510 0.000000 0.112633 0.622249 0.471199 0.138409 0.165576 0.301767 0.327620 0.227333 0.217207 0.216663 0.321370 0.286998 0.282478 0.256880 0.199238 0.176975 0.167864 0.374524 0.744558 0.194418 0.336440 0.461956 0.360456 0.945974 0.977608 0.271109 0.212179 0.163529 0.271099 0.153555 0.184715 0.472823 0.659087 0.313170 0.469480 0.603999 0.634183 0.750254 0.552116 0.196863 0.185604 0.288726 0.264112 0.248931 0.247628 0.715495 0.382176 0.435299 0.360066 0.460649 0.390446 0.415331 0.523010 0.295463 0.275560 0.279953 0.290153 0.181948 0.231695 0.268577 0.267169 0.182118 0.141290 0.178308 0.176394 0.302547 0.232833 0.213014 0.264292 0.310863 0.277661 0.646796 0.619211 0.311630 0.270523 0.250080 0.271318 0.212306 0.191583 0.452754 0.297387 0.257892 0.312104 0.859758 0.988146 0.423236 0.456248 0.418700 0.487509 0.438098 0.536835 0.382155 0.542314 0.354286 0.564915 0.312658 0.292044 0.463143 0.420033 0.386726 0.268504 0.306470 0.356645 0.801994 0.526628 0.596612 0.424232 0.681557 0.444055 0.327534 0.518168 0.454875 0.925379
0.201044 0.226894 0.112633 0.000000 0.677544 0.421937 0.141869 0.132054 0.315679 0.277063 0.274592 0.194590 0.212900 0.280264 0.257695 0.249596 0.243822 0.193571 0.184815 0.170705 0.350924 0.697395 0.174546 0.314353 0.445497 0.336047 0.943957 0.912969 0.250256 0.191966 0.158325 0.234211 0.137607 0.154370 0.411843 0.626650 0.292740 0.474903 0.556651 0.658251 0.733687 0.511251 0.167925 0.170352 0.244071 0.228262 0.206917 0.214753 0.634749 0.328644 0.404287 0.318704 0.463867 0.389486 0.379323 0.485569 0.286806 0.250380 0.258305 0.272705 0.196729 0.215224 0.264399 0.238096 0.210889 0.151331 0.158837 0.138623 0.337262 0.230495 0.201648 0.270405 0.342888 0.374960 0.599348 0.612489 0.284791 0.284467 0.224008 0.272031 0.183902 0.150862 0.404840 0.233171 0.229129 0.263928 0.863212 0.983482 0.418898 0.404526 0.391632 0.464032 0.395251 0.512745 0.343856 0.498503 0.313316 0.521376 0.280596 0.242315 0.453184 0.417176 0.342346 0.244774 0.268052 0.323907 0.851809 0.543990 0.618566 0.406470 0.606798 0.379077 0.307106 0.433224 0.466157 0.974479
0.588273 0.607671 0.622249 0.677544 0.000000 0.758885 0.590682 0.609497 0.728133 0.675304 0.637266 0.644352 0.554056 0.652123 0.632423 0.611220 0.640758 0.633876 0.579817 0.673840 0.710132 0.775093 0.626633 0.722944 0.991265 0.947992 0.832219 0.960724 0.634361 0.662049 0.753304 0.851108 0.611222 0.642346 0.806586 0.808834 0.833968 0.715009 0.885952 0.796246 0.756716 0.697867 0.580164 0.599774 0.613986 0.592430 0.578378 0.627505 0.782088 0.662079 0.553497 0.589399 0.696295 0.572998 0.751440 0.702139 0.597689 0.664369 0.618403 0.688284 0.554148 0.593130 0.572265 0.587721 0.635896 0.621208 0.579286 0.627970 0.764043 0.676383 0.488760 0.594088 0.782576 0.754755 0.946025 0.693519 0.703506 0.715273 0.733186 0.680653 0.630027 0.655147 0.569848 0.674117 0.567468 0.645813 0.859050 0.900455 0.808963 0.730194 0.651584 0.647249 0.700510 0.709781 0.895383 0.791014 0.705660 0.725128 0.618819 0.615256 0.693522 0.737115 0.567535 0.653827 0.569345 0.672897 0.777289 0.558122 0.744698 0.866618 0.782001 0.713969 0.655439 0.721873 0.636599 0.935223
0.480659 0.511412 0.471199 0.421937 0.758885 0.000000 0.382400 0.370445 0.520784 0.417556 0.546333 0.503226 0.497981 0.613822 0.591354 0.533744 0.547607 0.499628 0.491434 0.527135 0.613632 0.977870 0.523732 0.661709 0.789562 0.607126 0.950269 0.882280 0.554198 0.540986 0.519475 0.622787 0.490908 0.478030 0.528761 0.757334 0.613467 0.828535 0.873091 0.946289 0.703376 0.600313 0.367791 0.454974 0.414980 0.423353 0.401857 0.442877 0.751085 0.556386 0.534380 0.480820 0.585614 0.515377 0.622652 0.675083 0.593738 0.582139 0.521127 0.557989 0.504158 0.551337 0.503928 0.531811 0.600040 0.490630 0.349889 0.402259 0.651587 0.495031 0.374854 0.408290 0.634329 0.681724 0.611542 0.689172 0.505890 0.504053 0.431243 0.627688 0.437531 0.461163 0.706426 0.506237 0.526156 0.642443 0.936062 0.948645 0.785475 0.716041 0.343169 0.419066 0.309372 0.475014 0.568324 0.679798 0.417797 0.722116 0.431769 0.447451 0.473035 0.438398 0.551714 0.507249 0.450030 0.577037 0.910695 0.633433 0.738375 0.653644 0.702394 0.536061 0.435997 0.581406 0.598606 0.892991
0.159497 0.190273 0.138409 0.141869 0.590682 0.382400 0.000000 0.101308 0.295108 0.207053 0.188016 0.181017 0.193180 0.306147 0.290315 0.284447 0.182064 0.145597 0.132050 0.163977 0.380000 0.727953 0.243760 0.449598 0.669003 0.536313 0.859343 0.975128 0.237042 0.195371 0.223411 0.325992 0.141522 0.136562 0.494979 0.652201 0.372541 0.479249 0.664647 0.650723 0.658852 0.460355 0.142266 0.112823 0.177787 0.174401 0.216125 0.201761 0.675658 0.375499 0.373580 0.317554 0.474790 0.349000 0.407283 0.566485 0.202879 0.215994 0.200055 0.266722 0.145474 0.229005 0.205591 0.211286 0.275407 0.173697 0.110094 0.115651 0.298709 0.222046 0.162580 0.170534 0.324456 0.318929 0.609222 0.562768 0.274697 0.220903 0.238391 0.261955 0.163587 0.175353 0.454474 0.303998 0.286362 0.399436 0.888628 0.898274 0.450323 0.555459 0.340197 0.382051 0.345895 0.428370 0.349664 0.484339 0.282436 0.491749 0.217865 0.206845 0.403676 0.311041 0.306315 0.208823 0.261292 0.294977 0.845136 0.488920 0.563500 0.376311 0.572372 0.328909 0.229297 0.374023 0.430646 0.895500
0.138011 0.150187 0.165576 0.132054 0.609497 0.370445 0.101308 0.000000 0.322452 0.179215 0.215180 0.137795 0.162434 0.241910 0.237258 0.240186 0.157462 0.132903 0.155328 0.155565 0.395467 0.744222 0.214349 0.412609 0.653154 0.514806 0.864785 0.968593 0.197456 0.168033 0.233954 0.316727 0.122462 0.122655 0.418379 0.584207 0.332965 0.430433 0.673660 0.635506 0.636128 0.433339 0.126013 0.133455 0.147978 0.146776 0.187614 0.179156 0.554106 0.299963 0.312805 0.254134 0.413716 0.356622 0.384492 0.476886 0.180731 0.166920 0.167789 0.211000 0.133937 0.156597 0.176622 0.145512 0.270621 0.176222 0.111717 0.109126 0.347908 0.185633 0.191173 0.216493 0.375496 0.398182 0.605411 0.557598 0.265690 0.226738 0.179547 0.267341 0.131516 0.151112 0.425802 0.260014 0.220650 0.344349 0.958211 0.912035 0.418260 0.429545 0.311926 0.363051 0.310782 0.441734 0.294788 0.398810 0.224944 0.417104 0.169428 0.147777 0.346164 0.364470 0.251819 0.175205 0.206508 0.257230 0.820215 0.438471 0.561473 0.340114 0.528951 0.292523 0.222226 0.344291 0.413087 0.907529
0.349751 0.398919 0.301767 0.315679 0.728133 0.520784 0.295108 0.322452 0.000000 0.343863 0.348078 0.335831 0.338201 0.435531 0.413197 0.370228 0.399853 0.373564 0.359742 0.347147 0.574058 0.856367 0.339853 0.515702 0.692805 0.573578 0.928500 0.933560 0.409557 0.373262 0.356089 0.465566 0.333710 0.352407 0.547045 0.684811 0.447825 0.486641 0.787209 0.713378 0.845266 0.694172 0.347781 0.330939 0.379675 0.376206 0.362337 0.383765 0.781915 0.488076 0.452283 0.409369 0.526965 0.468601 0.574785 0.605945 0.408821 0.431475 0.384220 0.423337 0.305727 0.354969 0.387148 0.412253 0.320882 0.308641 0.321976 0.329124 0.397091 0.407392 0.324865 0.445412 0.349469 0.333033 0.665713 0.531041 0.395333 0.361693 0.436944 0.393317 0.381164 0.398800 0.553692 0.513582 0.423274 0.521282 0.917591 0.884513 0.578166 0.646333 0.483995 0.486582 0.471983 0.510250 0.538592 0.490731 0.505398 0.735475 0.344290 0.374755 0.492189 0.430581 0.464206 0.372507 0.434998 0.474025 0.774460 0.541600 0.674311 0.573696 0.589355 0.541710 0.409434 0.599683 0.499951 0.913256
0.268218 0.284645 0.327620 0.277063 0.675304 0.417556 0.207053 0.179215 0.343863 0.000000 0.280268 0.246673 0.296821 0.363246 0.361164 0.368404 0.251774 0.248677 0.290554 0.304562 0.548318 0.784790 0.382684 0.572178 0.841436 0.634035 0.902954 0.999395 0.304443 0.276423 0.383690 0.432937 0.237457 0.237211 0.451012 0.685053 0.455992 0.506809 0.767139 0.713323 0.760197 0.441292 0.249273 0.266612 0.256098 0.274472 0.368556 0.322417 0.638281 0.430909 0.418992 0.350297 0.551606 0.457591 0.519078 0.577479 0.293774 0.304079 0.267529 0.326964 0.257375 0.260159 0.303415 0.269266 0.398765 0.269942 0.246325 0.243862 0.406078 0.256878 0.318206 0.311298 0.377296 0.418914 0.588396 0.512802 0.334915 0.272908 0.324414 0.356687 0.246526 0.294217 0.572104 0.362281 0.411970 0.545829 0.986962 0.812874 0.539389 0.603455 0.358875 0.360347 0.348339 0.417352 0.427739 0.413162 0.335899 0.485110 0.197920 0.216220 0.378040 0.320031 0.341070 0.234944 0.333426 0.351710 0.869051 0.479982 0.673880 0.473475 0.557231 0.369750 0.275867 0.369639 0.495669 0.910443
0.147529 0.181966 0.227333 0.274592 0.637266 0.546333 0.188016 0.215180 0.348078 0.280268 0.000000 0.136296 0.147461 0.228689 0.239812 0.226424 0.124329 0.120797 0.123434 0.148533 0.458373 0.805539 0.246875 0.410264 0.691931 0.597844 0.975038 0.915413 0.159884 0.130828 0.226318 0.289013 0.180849 0.167788 0.553729 0.625086 0.422107 0.469430 0.718941 0.588972 0.662394 0.498008 0.260967 0.215198 0.332004 0.289862 0.291231 0.260857 0.825126 0.473019 0.500061 0.420564 0.527257 0.509564 0.498224 0.638431 0.154945 0.193489 0.206355 0.259512 0.135822 0.229046 0.141726 0.172939 0.326275 0.223160 0.251663 0.246444 0.237234 0.236269 0.255621 0.265617 0.346808 0.326036 0.648229 0.592918 0.353415 0.245168 0.235339 0.189238 0.160043 0.212424 0.376075 0.325813 0.325804 0.459195 0.878081 0.902538 0.475218 0.650544 0.604582 0.652623 0.615886 0.715368 0.437610 0.570335 0.405183 0.548327 0.350979 0.308961 0.589595 0.485612 0.331906 0.257937 0.412297 0.344161 0.795180 0.610028 0.646986 0.388943 0.663098 0.421781 0.354783 0.450344 0.466359 0.983899
0.109340 0.121985 0.217207 0.194590 0.644352 0.503226 0.181017 0.137795 0.335831 0.246673 0.136296 0.000000 0.101551 0.130724 0.148120 0.142380 0.102548 0.088831 0.113021 0.118638 0.441507 0.750632 0.169186 0.345925 0.643113 0.552127 0.955230 0.980942 0.108186 0.089866 0.212091 0.262096 0.120701 0.141689 0.453510 0.577433 0.337379 0.392185 0.650880 0.573890 0.678333 0.435635 0.201475 0.183320 0.248414 0.200607 0.215194 0.185837 0.620221 0.350046 0.383261 0.311392 0.475453 0.459304 0.435801 0.512281 0.124876 0.125050 0.138931 0.174311 0.102207 0.139182 0.093818 0.086161 0.299216 0.203029 0.208989 0.181611 0.290357 0.176882 0.228648 0.253236 0.393539 0.404146 0.606837 0.564486 0.292992 0.230766 0.156673 0.191386 0.111026 0.157481 0.326738 0.246557 0.209868 0.341104 0.898481 0.941452 0.390307 0.487215 0.543919 0.603142 0.544080 0.709143 0.350750 0.464065 0.333662 0.439546 0.256541 0.216191 0.512546 0.528306 0.259294 0.222423 0.289149 0.266727 0.777822 0.540000 0.577535 0.300435 0.583556 0.359936 0.317780 0.377032 0.405472 0.965357
0.120236 0.143754 0.216663 0.212900 0.554056 0.497981 0.193180 0.162434 0.338201 0.296821 0.147461 0.101551 0.000000 0.116902 0.104468 0.113092 0.135247 0.127665 0.129788 0.158298 0.378378 0.755327 0.126815 0.277049 0.607347 0.565400 0.973833 0.980853 0.133573 0.117297 0.196213 0.280840 0.156534 0.172305 0.495014 0.611156 0.316522 0.365454 0.660107 0.599198 0.649098 0.458312 0.207254 0.188291 0.274754 0.226851 0.211044 0.187442 0.668013 0.369039 0.378067 0.311515 0.479242 0.447215 0.449084 0.541567 0.151021 0.162726 0.175429 0.225290 0.101546 0.160667 0.097527 0.105928 0.261458 0.218348 0.218357 0.213676 0.356538 0.254027 0.219251 0.267753 0.413989 0.407178 0.656024 0.534603 0.348707 0.249749 0.197324 0.225736 0.133604 0.188080 0.288978 0.290946 0.175865 0.299629 0.891974 0.980188 0.406909 0.454088 0.555797 0.616258 0.554841 0.712462 0.383670 0.481290 0.347274 0.474560 0.298116 0.260181 0.532036 0.542937 0.257832 0.262831 0.293125 0.251395 0.727499 0.508718 0.564336 0.345814 0.630654 0.411601 0.377873 0.418522 0.395852 0.996553
0.205749 0.192527 0.321370 0.280264 0.652123 0.613822 0.306147 0.241910 0.435531 0.363246 0.228689 0.130724 0.116902 0.000000 0.104290 0.110278 0.191858 0.187566 0.206148 0.231359 0.416928 0.742882 0.148487 0.236372 0.624650 0.608521 0.993965 0.912812 0.150487 0.153801 0.241135 0.278988 0.205173 0.233606 0.488906 0.621858 0.348321 0.373607 0.665513 0.589241 0.707206 0.467228 0.283684 0.268284 0.352703 0.305013 0.274294 0.239442 0.627716 0.416839 0.427093 0.386934 0.538880 0.538760 0.508007 0.592374 0.199102 0.207032 0.213118 0.278419 0.171735 0.212292 0.142850 0.133132 0.317461 0.287479 0.289272 0.276329 0.440088 0.309634 0.307726 0.374247 0.544733 0.563315 0.697867 0.612460 0.348383 0.284052 0.238676 0.296687 0.207320 0.256073 0.241998 0.333704 0.202733 0.280703 0.883443 0.914195 0.453019 0.459264 0.663352 0.729706 0.657078 0.834817 0.393059 0.511469 0.428478 0.425918 0.372959 0.320856 0.575375 0.635118 0.268136 0.326932 0.328308 0.294480 0.817891 0.577375 0.586662 0.384429 0.611356 0.470904 0.475540 0.460147 0.428972 0.963091
0.201812 0.222916 0.286998 0.257695 0.632423 0.591354 0.290315 0.237258 0.413197 0.361164 0.239812 0.148120 0.104468 0.104290 0.000000 0.113653 0.219658 0.207853 0.219792 0.240377 0.394718 0.747434 0.124591 0.254959 0.587258 0.558605 0.952341 0.981625 0.188944 0.165547 0.230498 0.290249 0.216792 0.244880 0.487234 0.684919 0.318969 0.396672 0.668232 0.569756 0.689328 0.515864 0.284278 0.264908 0.354025 0.298072 0.284880 0.228301 0.647479 0.392376 0.410192 0.344683 0.499940 0.481394 0.448719 0.538835 0.238278 0.231717 0.240970 0.277502 0.159757 0.190845 0.160559 0.152695 0.265367 0.261391 0.298974 0.288232 0.463829 0.322789 0.310377 0.354771 0.474319 0.516547 0.677096 0.592591 0.386603 0.298910 0.253633 0.297373 0.209778 0.250449 0.291016 0.345735 0.180923 0.281176 0.816417 0.869862 0.395799 0.392655 0.635605 0.693799 0.629069 0.810584 0.401873 0.499400 0.415400 0.512645 0.357952 0.309689 0.578975 0.621456 0.281780 0.328382 0.314279 0.283222 0.714991 0.525855 0.621160 0.423698 0.662370 0.468576 0.456233 0.485439 0.430174 0.934853
0.200440 0.224400 0.282478 0.249596 0.611220 0.533744 0.284447 0.240186 0.370228 0.368404 0.226424 0.142380 0.113092 0.110278 0.113653 0.000000 0.204789 0.194731 0.195338 0.236709 0.394975 0.792965 0.112779 0.217421 0.565322 0.551227 0.927347 0.946996 0.165450 0.156114 0.199387 0.269093 0.203028 0.228943 0.497206 0.652064 0.341449 0.384278 0.628578 0.540557 0.668579 0.481075 0.270339 0.257090 0.359149 0.291204 0.261520 0.234350 0.693365 0.400205 0.423928 0.368992 0.495431 0.462062 0.493449 0.562978 0.242749 0.242335 0.237555 0.286647 0.160323 0.213635 0.150737 0.150321 0.291404 0.249836 0.268153 0.282936 0.397319 0.300130 0.256713 0.313895 0.481160 0.534784 0.668225 0.571153 0.346789 0.267851 0.232168 0.261163 0.190765 0.226121 0.234532 0.291853 0.191821 0.250250 0.834842 0.866081 0.444980 0.452258 0.616978 0.685181 0.612166 0.783826 0.418070 0.497242 0.421147 0.493074 0.388951 0.343389 0.592725 0.565627 0.271749 0.336364 0.316601 0.304631 0.709244 0.606119 0.608980 0.444193 0.717053 0.510658 0.469404 0.450958 0.434455 0.980159
0.112898 0.126704 0.256880 0.243822 0.640758 0.547607 0.182064 0.157462 0.399853 0.251774 0.124329 0.102548 0.135247 0.191858 0.219658 0.204789 0.000000 0.083914 0.109909 0.129280 0.455026 0.695469 0.239978 0.419071 0.720967 0.627124 0.924822 0.951897 0.116333 0.101076 0.241813 0.266333 0.144174 0.125696 0.517236 0.574618 0.395123 0.458912 0.679575 0.589609 0.668962 0.443771 0.220194 0.171588 0.252528 0.221006 0.244335 0.218724 0.681417 0.379613 0.428988 0.338006 0.507362 0.455560 0.470720 0.561208 0.114558 0.120576 0.153637 0.191875 0.132874 0.187401 0.117828 0.114244 0.366575 0.232775 0.217219 0.195732 0.259278 0.174998 0.248928 0.253344 0.366698 0.365877 0.614667 0.517937 0.322684 0.232705 0.166176 0.166128 0.103011 0.153792 0.349166 0.271097 0.277179 0.397774 0.943197 0.940859 0.433831 0.562018 0.576394 0.623072 0.584653 0.688392 0.360198 0.477276 0.328737 0.421812 0.292687 0.226455 0.567837 0.524013 0.275771 0.227675 0.339094 0.263719 0.814877 0.574791 0.611340 0.327584 0.615802 0.336201 0.343153 0.329099 0.477457 0.928431
0.106511 0.105583 0.199238 0.193571 0.633876 0.499628 0.145597 0.132903 0.373564 0.248677 0.120797 0.088831 0.127665 0.187566 0.207853 0.194731 0.083914 0.000000 0.084181 0.098041 0.421481 0.740111 0.217822 0.402939 0.667883 0.574859 0.891097 0.989051 0.104604 0.086490 0.209556 0.256767 0.117477 0.112175 0.496113 0.604548 0.357531 0.446586 0.657962 0.561333 0.719523 0.422601 0.179041 0.135885 0.227924 0.187262 0.197821 0.168243 0.654285 0.361771 0.403430 0.319919 0.483433 0.439315 0.437725 0.530914 0.101808 0.104931 0.142941 0.179219 0.106799 0.165312 0.103103 0.097835 0.324139 0.199322 0.185398 0.169381 0.241440 0.167273 0.230395 0.233376 0.381471 0.368346 0.579132 0.568973 0.307921 0.219455 0.158326 0.178013 0.101992 0.133056 0.341087 0.232495 0.246363 0.365563 0.901065 0.905725 0.432367 0.519096 0.538307 0.594579 0.544242 0.675702 0.339212 0.469088 0.324646 0.413028 0.264523 0.212429 0.535455 0.502258 0.274041 0.202712 0.294576 0.266640 0.815813 0.587435 0.588168 0.303619 0.641451 0.313214 0.286197 0.350581 0.411839 0.929376
0.109438 0.119385 0.176975 0.184815 0.579817 0.491434 0.132050 0.155328 0.359742 0.290554 0.123434 0.113021 0.129788 0.206148 0.219792 0.195338 0.109909 0.084181 0.000000 0.107530 0.395542 0.707586 0.202724 0.385440 0.604249 0.553929 0.914842 0.941814 0.141718 0.112366 0.181110 0.276596 0.133078 0.125328 0.484072 0.606296 0.360137 0.439945 0.604537 0.588291 0.706139 0.416954 0.171088 0.135965 0.234530 0.195695 0.190863 0.173504 0.673984 0.341838 0.396129 0.320437 0.492693 0.417975 0.422456 0.567126 0.132395 0.138375 0.160636 0.202083 0.111782 0.204953 0.122177 0.134030 0.300928 0.201969 0.178546 0.164476 0.236428 0.184309 0.181273 0.195945 0.348063 0.332994 0.603592 0.538483 0.319605 0.241217 0.204333 0.165897 0.119371 0.144155 0.347599 0.267575 0.241081 0.355579 0.887595 0.936577 0.442543 0.545396 0.539982 0.604769 0.545956 0.666654 0.378440 0.501129 0.341027 0.458794 0.279548 0.251036 0.547998 0.496669 0.293347 0.238024 0.309215 0.279625 0.757756 0.567734 0.563395 0.335170 0.639480 0.338601 0.321175 0.398055 0.416529 0.956607
0.121575 0.133519 0.167864 0.170705 0.673840 0.527135 0.163977 0.155565 0.347147 0.304562 0.148533 0.118638 0.158298 0.231359 0.240377 0.236709 0.129280 0.098041 0.107530 0.000000 0.411282 0.735476 0.213063 0.370191 0.581494 0.481463 0.934935 0.999361 0.145951 0.106573 0.185163 0.224012 0.127449 0.120990 0.493392 0.625984 0.343372 0.459845 0.681325 0.601678 0.731570 0.500119 0.194187 0.166557 0.264596 0.213642 0.204647 0.205038 0.677271 0.352845 0.432668 0.352502 0.500843 0.475382 0.435650 0.522169 0.149177 0.142319 0.162963 0.185595 0.139680 0.189692 0.145124 0.148315 0.309159 0.208580 0.205546 0.171373 0.237423 0.180580 0.227761 0.260888 0.332672 0.324192 0.590250 0.590112 0.324171 0.252228 0.177822 0.171350 0.127130 0.131587 0.398665 0.254858 0.260549 0.371936 0.858437 0.928435 0.380781 0.522314 0.569599 0.638777 0.579422 0.717638 0.355269 0.527915 0.346129 0.487605 0.295787 0.251058 0.541043 0.542621 0.336003 0.248807 0.341098 0.289841 0.770604 0.585239 0.536620 0.309634 0.625884 0.354170 0.337514 0.416679 0.420056 0.900208
0.433544 0.425592 0.374524 0.350924 0.710132 0.613632 0.380000 0.395467 0.574058 0.548318 0.458373 0.441507 0.378378 0.416928 0.394718 0.394975 0.455026 0.421481 0.395542 0.411282 0.000000 0.763489 0.349099 0.392975 0.540375 0.548581 0.980596 0.901391 0.479691 0.441873 0.354652 0.471572 0.414594 0.371938 0.589804 0.716632 0.474376 0.491794 0.658786 0.709555 0.649236 0.649630 0.360378 0.348563 0.480084 0.433746 0.397933 0.396259 0.792289 0.487076 0.577932 0.528804 0.673906 0.484509 0.506963 0.682548 0.482802 0.448132 0.433851 0.470995 0.424867 0.481747 0.428791 0.433441 0.414826 0.444620 0.392618 0.421153 0.563743 0.484198 0.364267 0.419444 0.573666 0.620204 0.804757 0.723923 0.448964 0.401523 0.444679 0.445061 0.414809 0.386280 0.438908 0.470338 0.393212 0.451194 0.967780 0.934004 0.622323 0.575770 0.583595 0.652496 0.582386 0.703253 0.469537 0.573435 0.440538 0.641345 0.579635 0.495153 0.695802 0.541705 0.434625 0.443615 0.434589 0.439677 0.838160 0.632405 0.538730 0.614079 0.727189 0.605075 0.517790 0.572116 0.552971 0.888369
0.767535 0.760870 0.744558 0.697395 0.775093 0.977870 0.727953 0.744222 0.856367 0.784790 0.805539 0.750632 0.755327 0.742882 0.747434 0.792965 0.695469 0.740111 0.707586 0.735476 0.763489 0.000000 0.738975 0.822205 0.964507 0.806993 0.897401 0.796712 0.707639 0.716045 0.800221 0.681905 0.703560 0.700856 0.889242 0.761591 0.804445 0.856054 0.788422 0.797767 0.935293 0.870674 0.738310 0.709301 0.773733 0.806850 0.762198 0.785841 0.830477 0.805624 0.790771 0.787199 0.914231 0.737053 0.740026 0.886573 0.748513 0.791648 0.793772 0.849236 0.741669 0.770759 0.767710 0.756543 0.708543 0.709222 0.719406 0.697263 0.799144 0.763445 0.751176 0.814713 0.777604 0.792815 0.953425 0.623153 0.795630 0.775458 0.850678 0.739146 0.752166 0.734816 0.683420 0.762079 0.750971 0.693093 0.916677 0.891134 0.756356 0.768832 0.859123 0.908890 0.905359 0.881534 0.764287 0.843131 0.842776 0.687149 0.763755 0.712699 0.931919 0.889509 0.760055 0.700399 0.803662 0.707331 0.989220 0.776579 0.885652 0.797864 0.770715 0.760484 0.801169 0.791114 0.748429 0.872908
0.191445 0.216127 0.194418 0.174546 0.626633 0.523732 0.243760 0.214349 0.339853 0.382684 0.246875 0.169186 0.126815 0.148487 0.124591 0.112779 0.239978 0.217822 0.202724 0.213063 0.349099 0.738975 0.000000 0.175733 0.438007 0.405596 0.921690 0.956725 0.196630 0.182038 0.143624 0.226502 0.173584 0.205129 0.443632 0.622593 0.277718 0.380934 0.581696 0.589221 0.729372 0.501623 0.232983 0.232561 0.334343 0.267977 0.219660 0.218504 0.657021 0.354324 0.405413 0.335889 0.444483 0.427859 0.409821 0.504001 0.266634 0.253641 0.242190 0.270018 0.157828 0.196239 0.180718 0.186361 0.194896 0.193992 0.219502 0.227106 0.394975 0.285712 0.229183 0.320850 0.404403 0.462706 0.700166 0.592297 0.330759 0.284724 0.234280 0.266530 0.179356 0.193043 0.274791 0.266983 0.125805 0.174806 0.871724 0.819978 0.377061 0.361413 0.563964 0.655594 0.560443 0.747657 0.359654 0.495257 0.367233 0.504494 0.364292 0.324956 0.546161 0.570657 0.298977 0.319461 0.307850 0.279346 0.730766 0.548629 0.593752 0.464182 0.698533 0.496222 0.429019 0.515499 0.382989 0.995051
0.389418 0.390789 0.336440 0.314353 0.722944 0.661709 0.449598 0.412609 0.515702 0.572178 0.410264 0.345925 0.277049 0.236372 0.254959 0.217421 0.419071 0.402939 0.385440 0.370191 0.392975 0.822205 0.175733 0.000000 0.352388 0.374282 0.924655 0.841504 0.332061 0.315996 0.225403 0.271540 0.336974 0.377138 0.511005 0.691349 0.431219 0.550102 0.598793 0.679342 0.818898 0.639875 0.411771 0.429371 0.542484 0.473947 0.379584 0.385677 0.778749 0.517583 0.585302 0.550026 0.574945 0.588442 0.536742 0.631499 0.470918 0.450608 0.445254 0.487237 0.360461 0.397085 0.351445 0.374888 0.329223 0.342572 0.398300 0.426774 0.556182 0.472745 0.393913 0.516245 0.527385 0.578018 0.798587 0.673585 0.479870 0.419582 0.396102 0.398663 0.344783 0.329213 0.275657 0.362439 0.263373 0.197434 0.757101 0.649567 0.501539 0.461788 0.758658 0.857087 0.752865 0.923838 0.479917 0.665565 0.559470 0.590183 0.630282 0.555933 0.680359 0.732830 0.520422 0.517489 0.494734 0.491256 0.834184 0.697869 0.681892 0.603415 0.786870 0.709039 0.652002 0.701984 0.557349 0.955380
0.627846 0.624974 0.461956 0.445497 0.991265 0.789562 0.669003 0.653154 0.692805 0.841436 0.691931 0.643113 0.607347 0.624650 0.587258 0.565322 0.720967 0.667883 0.604249 0.581494 0.540375 0.964507 0.438007 0.352388 0.000000 0.252619 0.832108 0.808838 0.663231 0.612662 0.373899 0.509243 0.581212 0.634600 0.560217 0.808441 0.542850 0.774135 0.510247 0.856528 0.900883 0.871986 0.631536 0.659704 0.760450 0.696200 0.553313 0.607614 0.886662 0.613697 0.796150 0.688952 0.702854 0.761146 0.554075 0.687380 0.777607 0.657073 0.714489 0.618463 0.650951 0.633053 0.698811 0.687446 0.460734 0.544533 0.657503 0.636007 0.639551 0.648228 0.634371 0.688142 0.553792 0.641709 0.751636 0.841666 0.692273 0.733540 0.633003 0.582290 0.600563 0.535797 0.659392 0.586571 0.487972 0.400336 0.936347 0.860382 0.694962 0.503780 0.897162 0.979227 0.839491 0.994920 0.645945 0.827346 0.711339 0.836720 0.830109 0.801209 0.925961 0.944169 0.872510 0.755657 0.682388 0.724519 0.850141 0.941773 0.803045 0.738022 0.977104 0.845449 0.803343 0.894597 0.712152 0.974648
0.554890 0.566057 0.360456 0.336047 0.947992 0.607126 0.536313 0.514806 0.573578 0.634035 0.597844 0.552127 0.565400 0.608521 0.558605 0.551227 0.627124 0.574859 0.553929 0.481463 0.548581 0.806993 0.405596 0.374282 0.252619 0.000000 0.825314 0.721277 0.575358 0.537748 0.341352 0.395079 0.464327 0.483962 0.476076 0.742077 0.477782 0.765915 0.540463 0.735548 0.920661 0.784493 0.474322 0.518694 0.593069 0.544882 0.442385 0.507435 0.721204 0.520525 0.646435 0.553841 0.545764 0.625307 0.548376 0.531007 0.691769 0.608607 0.594917 0.552996 0.547915 0.518420 0.631316 0.619018 0.355591 0.360740 0.494874 0.467147 0.574395 0.536113 0.536348 0.591153 0.437116 0.543547 0.735367 0.799889 0.523565 0.589894 0.562381 0.513597 0.508670 0.449976 0.642160 0.472735 0.445732 0.377995 0.936600 0.866541 0.523353 0.471584 0.687868 0.777956 0.667703 0.831623 0.525560 0.752333 0.595021 0.723052 0.634326 0.562838 0.708341 0.755115 0.752095 0.562682 0.613507 0.660087 0.865181 0.755282 0.792603 0.728822 0.946477 0.683006 0.612577 0.810852 0.563618 0.993177
0.894868 0.907439 0.945974 0.943957 0.832219 0.950269 0.859343 0.864785 0.928500 0.902954 0.975038 0.955230 0.973833 0.993965 0.952341 0.927347 0.924822 0.891097 0.914842 0.934935 0.980596 0.897401 0.921690 0.924655 0.832108 0.825314 0.000000 0.993386 0.944781 0.934812 0.909216 0.890601 0.893637 0.898481 0.987024 0.955286 0.960768 0.886839 0.855908 0.911936 0.947072 0.907613 0.929812 0.935916 0.858953 0.862089 0.947327 0.940952 0.826812 0.920387 0.827712 0.897013 0.971873 0.860918 0.852293 0.860340 0.877236 0.908826 0.901016 0.921060 0.907892 0.882172 0.905582 0.897313 0.972285 0.925276 0.879195 0.891081 0.961043 0.950813 0.998737 0.926424 0.981770 0.967191 0.988684 0.860199 0.990714 0.900342 0.969751 0.988747 0.928451 0.864646 0.987411 0.923409 0.945297 0.952103 0.908492 0.976040 0.963476 0.985302 0.813422 0.799220 0.861906 0.780342 0.968071 0.895792 0.943309 0.885888 0.833312 0.870060 0.918393 0.878242 0.852917 0.861876 0.758809 0.966497 0.980269 0.946263 0.944366 0.744909 0.922521 0.807975 0.784442 0.920365 0.994433 0.865125
0.940998 0.982481 0.977608 0.912969 0.960724 0.882280 0.975128 0.968593 0.933560 0.999395 0.915413 0.980942 0.980853 0.912812 0.981625 0.946996 0.951897 0.989051 0.941814 0.999361 0.901391 0.796712 0.956725 0.841504 0.808838 0.721277 0.993386 0.000000 0.965033 0.985133 0.976295 0.914062 0.941277 0.995623 0.947507 0.944540 0.894359 0.934664 0.920381 0.932704 0.930400 0.899185 0.971604 0.986204 0.937116 0.976781 0.919181 0.955878 0.998136 0.917278 0.967237 0.912651 0.876152 0.962616 0.999618 0.985704 0.937357 0.966784 0.941703 0.913797 0.960711 0.985418 0.995169 0.974651 0.964213 0.958960 0.971267 0.961244 0.969244 0.987488 0.983515 0.948065 0.986069 0.905448 0.879530 0.924736 0.899995 0.937789 0.994071 0.914606 0.995654 0.972634 0.921031 0.949580 0.976112 0.892940 0.994490 0.994278 0.965918 0.959371 0.943325 0.969078 0.931011 0.991391 0.941540 0.847890 0.889348 0.835807 0.942597 0.951643 0.936032 0.993109 0.884726 0.977772 0.933011 0.913567 0.820392 0.940452 0.976973 0.941983 0.987000 0.945053 0.984159 0.995174 0.867859 0.909760
0.153644 0.138506 0.271109 0.250256 0.634361 0.554198 0.237042 0.197456 0.409557 0.304443 0.159884 0.108186 0.133573 0.150487 0.188944 0.165450 0.116333 0.104604 0.141718 0.145951 0.479691 0.707639 0.196630 0.332061 0.663231 0.575358 0.944781 0.965033 0.000000 0.096296 0.219451 0.250617 0.143722 0.163119 0.496786 0.618441 0.368746 0.484049 0.647799 0.542966 0.756151 0.417506 0.249488 0.206770 0.307015 0.256477 0.227543 0.196253 0.634530 0.398642 0.439550 0.359363 0.500117 0.497754 0.471056 0.514955 0.139860 0.154297 0.183130 0.220392 0.139046 0.187300 0.113227 0.114143 0.343973 0.233897 0.239014 0.229621 0.282430 0.209644 0.274783 0.322268 0.420995 0.435051 0.649713 0.565958 0.343857 0.247938 0.181100 0.202507 0.127931 0.165029 0.301159 0.243143 0.232772 0.325151 0.877590 0.997257 0.452151 0.469845 0.639312 0.704810 0.643028 0.809991 0.370605 0.524887 0.382068 0.429481 0.340861 0.256933 0.564618 0.589611 0.292935 0.253339 0.347339 0.271735 0.817388 0.637246 0.625701 0.371604 0.630893 0.393594 0.373401 0.378653 0.428709 0.951279
0.126598 0.137505 0.212179 0.191966 0.662049 0.540986 0.195371 0.168033 0.373262 0.276423 0.130828 0.089866 0.117297 0.153801 0.165547 0.156114 0.101076 0.086490 0.112366 0.106573 0.441873 0.716045 0.182038 0.315996 0.612662 0.537748 0.934812 0.985133 0.096296 0.000000 0.185599 0.211458 0.129021 0.126636 0.486466 0.630979 0.344622 0.471432 0.651207 0.569444 0.737406 0.481612 0.240546 0.192086 0.296665 0.236278 0.235493 0.205260 0.702192 0.372905 0.438482 0.350888 0.488804 0.457756 0.422532 0.517447 0.148554 0.141792 0.182093 0.209901 0.122156 0.172982 0.112384 0.108791 0.312753 0.208502 0.223862 0.205948 0.258249 0.178853 0.254208 0.282280 0.372777 0.374646 0.559379 0.560239 0.344085 0.235499 0.156960 0.162351 0.106193 0.123800 0.311691 0.223003 0.239369 0.313581 0.808382 0.958968 0.400318 0.503564 0.601438 0.666834 0.616748 0.752501 0.358469 0.525470 0.386716 0.468675 0.329322 0.261189 0.580619 0.542746 0.299979 0.251130 0.353390 0.281357 0.784485 0.628467 0.628158 0.334205 0.651612 0.391984 0.363306 0.381193 0.458116 0.982964
0.215265 0.222304 0.163529 0.158325 0.753304 0.519475 0.223411 0.233954 0.356089 0.383690 0.226318 0.212091 0.196213 0.241135 0.230498 0.199387 0.241813 0.209556 0.181110 0.185163 0.354652 0.800221 0.143624 0.225403 0.373899 0.341352 0.909216 0.976295 0.219451 0.185599 0.000000 0.179695 0.176680 0.192361 0.455025 0.642801 0.301141 0.509079 0.552994 0.675353 0.729444 0.557272 0.237040 0.216967 0.348733 0.298084 0.248124 0.239802 0.733399 0.398432 0.491000 0.407337 0.490411 0.471655 0.418165 0.561573 0.288170 0.259767 0.271605 0.294162 0.205817 0.267213 0.238518 0.249843 0.251591 0.194410 0.230647 0.232481 0.290104 0.266235 0.252313 0.296554 0.326221 0.355837 0.603423 0.649023 0.355640 0.278634 0.243204 0.224651 0.186590 0.168498 0.335280 0.243495 0.218967 0.238917 0.856935 0.887441 0.401097 0.458697 0.613070 0.698955 0.599574 0.746138 0.400655 0.573108 0.361126 0.584961 0.427238 0.387459 0.582159 0.528543 0.421697 0.357446 0.391763 0.371857 0.766475 0.678936 0.635731 0.456106 0.736249 0.503168 0.443110 0.473513 0.489241 0.978430
0.311564 0.304749 0.271099 0.234211 0.851108 0.622787 0.325992 0.316727 0.465566 0.432937 0.289013 0.262096 0.280840 0.278988 0.290249 0.269093 0.266333 0.256767 0.276596 0.224012 0.471572 0.681905 0.226502 0.271540 0.509243 0.395079 0.890601 0.914062 0.250617 0.211458 0.179695 0.000000 0.248236 0.228844 0.602075 0.743726 0.380907 0.626985 0.592441 0.639906 0.866058 0.614730 0.330160 0.292013 0.450866 0.417659 0.350896 0.338222 0.834061 0.526322 0.628342 0.546143 0.619544 0.605825 0.546800 0.673781 0.327770 0.324932 0.349895 0.394163 0.302302 0.353689 0.307094 0.313279 0.365962 0.271737 0.329908 0.314307 0.387979 0.342655 0.374418 0.416766 0.436240 0.462587 0.625323 0.650223 0.434586 0.338117 0.278138 0.257711 0.259246 0.249155 0.374649 0.276518 0.343407 0.303083 0.863619 0.854010 0.431787 0.539229 0.736554 0.852666 0.751147 0.871580 0.420652 0.625579 0.495107 0.582547 0.520307 0.440067 0.710390 0.655662 0.503196 0.379052 0.503205 0.414364 0.896922 0.800226 0.732796 0.505097 0.735877 0.521234 0.563960 0.547569 0.570723 0.979732
0.129731 0.138654 0.153555 0.137607 0.611222 0.490908 0.141522 0.122462 0.333710 0.237457 0.180849 0.120701 0.156534 0.205173 0.216792 0.203028 0.144174 0.117477 0.133078 0.127449 0.414594 0.703560 0.173584 0.336974 0.581212 0.464327 0.893637 0.941277 0.143722 0.129021 0.176680 0.248236 0.000000 0.126116 0.426106 0.573336 0.342439 0.442149 0.637441 0.571052 0.763517 0.488626 0.170656 0.150025 0.225894 0.183328 0.201455 0.206705 0.603124 0.356223 0.384333 0.320416 0.464768 0.415574 0.406712 0.469028 0.164788 0.155310 0.155535 0.202177 0.120712 0.158137 0.155670 0.140707 0.260003 0.157769 0.159618 0.130449 0.254616 0.165638 0.195700 0.230996 0.328204 0.371106 0.627888 0.601770 0.256819 0.195665 0.172501 0.198013 0.114391 0.128259 0.365148 0.236264 0.210575 0.293083 0.894380 0.965754 0.388279 0.445646 0.469608 0.523429 0.479193 0.609016 0.327800 0.473578 0.289698 0.421353 0.241221 0.200266 0.495293 0.439155 0.288605 0.191339 0.276858 0.293511 0.791885 0.526230 0.571040 0.340188 0.620487 0.337245 0.312193 0.370462 0.428433 0.974451
0.137725 0.155151 0.184715 0.154370 0.642346 0.478030 0.136562 0.122655 0.352407 0.237211 0.167788 0.141689 0.172305 0.233606 0.244880 0.228943 0.125696 0.112175 0.125328 0.120990 0.371938 0.700856 0.205129 0.377138 0.634600 0.483962 0.898481 0.995623 0.163119 0.126636 0.192361 0.228844 0.126116 0.000000 0.431972 0.597956 0.318726 0.445795 0.603471 0.580496 0.720170 0.432269 0.172806 0.140722 0.218154 0.192688 0.198722 0.208831 0.656474 0.337347 0.395839 0.320097 0.460006 0.416703 0.438706 0.513604 0.159701 0.151483 0.169050 0.223461 0.135069 0.185101 0.158085 0.145711 0.270507 0.159514 0.138135 0.134200 0.287776 0.179513 0.214832 0.226615 0.326871 0.387359 0.588489 0.564998 0.279522 0.198973 0.180259 0.181387 0.122823 0.124593 0.353807 0.238107 0.227766 0.316562 0.903374 0.990784 0.404359 0.485129 0.458274 0.541969 0.480263 0.586284 0.347011 0.445245 0.322942 0.432867 0.250507 0.199383 0.464446 0.435551 0.261872 0.193759 0.307999 0.279113 0.803477 0.509769 0.626263 0.408657 0.627969 0.290986 0.292403 0.360525 0.421925 0.886036
0.431514 0.468030 0.472823 0.411843 0.806586 0.528761 0.494979 0.418379 0.547045 0.451012 0.553729 0.453510 0.495014 0.488906 0.487234 0.497206 0.517236 0.496113 0.484072 0.493392 0.589804 0.889242 0.443632 0.511005 0.560217 0.476076 0.987024 0.947507 0.496786 0.486466 0.455025 0.602075 0.426106 0.431972 0.000000 0.602994 0.496020 0.612166 0.741306 0.873899 0.734630 0.569926 0.432026 0.495237 0.436686 0.403762 0.465040 0.489743 0.543784 0.394743 0.473850 0.397198 0.458419 0.551260 0.481740 0.511702 0.569209 0.485210 0.449628 0.410052 0.458141 0.426611 0.502417 0.472306 0.420770 0.423586 0.425171 0.435272 0.523281 0.413111 0.496935 0.514196 0.458016 0.568200 0.659756 0.713497 0.440159 0.474496 0.477043 0.517547 0.423766 0.403161 0.659328 0.493795 0.378533 0.452609 0.940589 0.970125 0.628072 0.506255 0.540576 0.615993 0.533987 0.634820 0.604838 0.643312 0.478637 0.620577 0.419155 0.430745 0.528634 0.703480 0.505468 0.524384 0.450857 0.529224 0.839057 0.570995 0.765590 0.759147 0.684666 0.445823 0.537286 0.709031 0.579358 0.915625
0.583126 0.558784 0.659087 0.626650 0.808834 0.757334 0.652201 0.584207 0.684811 0.685053 0.625086 0.577433 0.611156 0.621858 0.684919 0.652064 0.574618 0.604548 0.606296 0.625984 0.716632 0.761591 0.622593 0.691349 0.808441 0.742077 0.955286 0.944540 0.618441 0.630979 0.642801 0.743726 0.573336 0.597956 0.602994 0.000000 0.653804 0.572646 0.917708 0.754902 0.756636 0.652541 0.569953 0.636601 0.609659 0.613582 0.648235 0.607584 0.743063 0.643767 0.652786 0.597812 0.699613 0.691298 0.794025 0.740475 0.580549 0.560928 0.574430 0.587491 0.634311 0.643587 0.569902 0.586367 0.716846 0.686090 0.573463 0.576426 0.747262 0.587409 0.614376 0.655834 0.753802 0.763235 0.967276 0.727578 0.619742 0.646805 0.598637 0.654731 0.550110 0.589767 0.616321 0.581402 0.589638 0.631094 0.895341 0.983443 0.721164 0.668229 0.715706 0.715046 0.738426 0.719469 0.621573 0.662794 0.616225 0.534819 0.624612 0.636905 0.725598 0.726871 0.566919 0.550375 0.712412 0.679230 0.903065 0.637306 0.790693 0.711081 0.682323 0.663666 0.631950 0.746330 0.650965 0.964181
0.335285 0.334366 0.313170 0.292740 0.833968 0.613467 0.372541 0.332965 0.447825 0.455992 0.422107 0.337379 0.316522 0.348321 0.318969 0.341449 0.395123 0.357531 0.360137 0.343372 0.474376 0.804445 0.277718 0.431219 0.542850 0.477782 0.960768 0.894359 0.368746 0.344622 0.301141 0.380907 0.342439 0.318726 0.496020 0.653804 0.000000 0.383974 0.517343 0.646069 0.780278 0.468749 0.344053 0.333482 0.369426 0.350936 0.359163 0.299309 0.543772 0.392479 0.426066 0.359053 0.505904 0.556002 0.548417 0.499825 0.380618 0.336655 0.307889 0.319180 0.299615 0.277635 0.367778 0.325664 0.271523 0.312923 0.353753 0.309007 0.503730 0.379969 0.443845 0.428754 0.576755 0.558876 0.615026 0.678441 0.468720 0.378745 0.357086 0.423585 0.361409 0.349559 0.530733 0.370693 0.270246 0.307099 0.907473 0.859800 0.400591 0.354721 0.631251 0.698062 0.597107 0.741939 0.421620 0.528441 0.442265 0.553116 0.384678 0.408334 0.511168 0.593784 0.316113 0.384757 0.368214 0.351560 0.770313 0.568435 0.660552 0.522185 0.781137 0.499267 0.538048 0.603186 0.491960 0.857902
0.401216 0.442167 0.469480 0.474903 0.715009 0.828535 0.479249 0.430433 0.486641 0.506809 0.469430 0.392185 0.365454 0.373607 0.396672 0.384278 0.458912 0.446586 0.439945 0.459845 0.491794 0.856054 0.380934 0.550102 0.774135 0.765915 0.886839 0.934664 0.484049 0.471432 0.509079 0.626985 0.442149 0.445795 0.612166 0.572646 0.383974 0.000000 0.699769 0.671911 0.719526 0.560460 0.426833 0.466409 0.494039 0.457443 0.514813 0.454352 0.641316 0.494001 0.467680 0.469413 0.698989 0.616292 0.700505 0.681095 0.421795 0.439412 0.400545 0.423053 0.363184 0.363904 0.383876 0.360487 0.400361 0.458684 0.481642 0.459343 0.648091 0.544352 0.524138 0.563063 0.652975 0.663897 0.875365 0.762331 0.486148 0.496594 0.505801 0.515503 0.484558 0.527934 0.551580 0.572309 0.388684 0.507997 0.842768 0.932711 0.548716 0.597994 0.607737 0.626186 0.651288 0.726636 0.527079 0.477596 0.572562 0.569820 0.423251 0.477028 0.622368 0.605943 0.341365 0.429046 0.431301 0.420233 0.715604 0.574645 0.597589 0.471864 0.778920 0.643622 0.586070 0.652805 0.404648 0.951280
