0.000000 0.236549 0.936651 0.763986 0.768713 0.831422 0.760757 0.358719 0.966201 0.466032 0.283802 0.274119 0.475887 0.426178 0.687695 0.755746 0.293145 0.272070 0.423207 0.345522 0.874374 0.966685 0.927174 0.799085 0.737320 0.992535 0.816314 0.923520 0.335182 0.366772 0.721256 0.759447 0.566013 0.466258 0.920267 0.772473 0.863410 0.969264 0.892435 0.826455 0.687584 0.781028 0.594081 0.502412 0.700627 0.495299 0.519355 0.519751 0.305844 0.330918 0.466927 0.423483 0.575324 0.667862 0.731841 0.687339 0.398068 0.386442 0.408976 0.373949 0.521086 0.434293 0.293613 0.273194 0.640971 0.916464 0.965724 0.942737 0.778283 0.693883 0.782242 0.810791 0.588831 0.597386 0.891543 0.830478 0.521387 0.680557 0.555690 0.432661 0.312527 0.322731 0.593309 0.711025 0.663526 0.849042 0.634568 0.844938 0.995755 0.695325 0.803195 0.844040 0.925466 0.624447 0.985746 0.900317 0.784213 0.848841 0.538511 0.646766 0.682778 0.878253 0.484032 0.637394 0.876492 0.810782 0.938316 0.933715 0.740247 0.941638 0.960413 0.764429 0.560680 0.951024 0.723015 0.814892
0.236549 0.000000 0.850828 0.872165 0.698118 0.955543 0.924565 0.429980 0.800658 0.557737 0.391466 0.336692 0.639062 0.510722 0.885463 0.868845 0.297246 0.297150 0.484852 0.334572 0.892745 0.902768 0.832630 0.742343 0.843586 0.997454 0.744614 0.883724 0.362196 0.424622 0.809836 0.817720 0.670828 0.521560 0.935349 0.880580 0.875052 0.973454 0.905962 0.763803 0.629500 0.797327 0.714369 0.590936 0.746626 0.540244 0.555258 0.603783 0.309625 0.400216 0.575159 0.553121 0.693531 0.802107 0.736397 0.722268 0.308379 0.264858 0.513140 0.426699 0.640604 0.488525 0.396999 0.328672 0.554467 0.829859 0.824818 0.985915 0.752442 0.615502 0.945009 0.961862 0.664702 0.724770 0.908882 0.879316 0.627668 0.744606 0.602862 0.442721 0.318577 0.293055 0.676487 0.612543 0.670078 0.862306 0.642536 0.946128 0.859776 0.756294 0.979927 0.684021 0.803882 0.533899 0.929816 0.915820 0.849708 0.790579 0.665193 0.781045 0.789468 0.998944 0.587248 0.752437 0.915228 0.964381 0.868015 0.960652 0.768617 0.971772 0.980246 0.868407 0.616423 0.929086 0.844598 0.781771
0.936651 0.850828 0.000000 0.441659 0.749873 0.875481 0.407692 0.757436 0.697864 0.795004 0.985374 0.894431 0.782041 0.965667 0.727824 0.924960 0.981302 0.988530 0.967466 0.899820 0.965497 0.985253 0.610239 0.856484 0.824529 0.511264 0.986698 0.896379 0.888681 0.914844 0.542526 0.624168 0.567139 0.770704 0.554859 0.841918 0.936553 0.902944 0.885957 0.821483 0.935242 0.885668 0.674521 0.702080 0.563398 0.675238 0.839912 0.653382 0.941732 0.879752 0.694058 0.778737 0.685500 0.670325 0.835352 0.859133 0.931007 0.816297 0.978597 0.879992 0.688255 0.902731 0.990351 0.971220 0.427344 0.723134 0.430273 0.534927 0.937143 0.988048 0.953848 0.877043 0.893932 0.797295 0.780276 0.903632 0.886734 0.726459 0.921983 0.931749 0.956247 0.856264 0.957996 0.917924 0.828669 0.978806 0.624690 0.921850 0.718101 0.974545 0.669899 0.639369 0.606065 0.676895 0.744253 0.966240 0.840869 0.790191 0.760917 0.677658 0.763448 0.603709 0.855329 0.648448 0.563561 0.638901 0.888274 0.876488 0.954612 0.918827 0.760550 0.809452 0.671933 0.779877 0.745468 0.899828
0.763986 0.872165 0.441659 0.000000 0.885671 0.853652 0.490518 0.589982 0.847769 0.680595 0.767782 0.774963 0.690367 0.752489 0.640007 0.801248 0.795240 0.783927 0.732204 0.726452 0.983095 0.905732 0.589194 0.782123 0.924638 0.695806 0.942427 0.906095 0.713828 0.769101 0.636358 0.674686 0.535065 0.676365 0.825019 0.877681 0.942863 0.892678 0.827944 0.992846 0.940221 0.923393 0.693837 0.682128 0.625134 0.629538 0.819992 0.614445 0.731378 0.684038 0.657955 0.694456 0.671904 0.731336 0.802688 0.875751 0.836509 0.922166 0.759672 0.907908 0.652395 0.654109 0.782501 0.801718 0.665350 0.730512 0.620439 0.709270 0.844291 0.824610 0.850717 0.873262 0.762212 0.804365 0.767697 0.997192 0.716968 0.791284 0.812834 0.843634 0.787954 0.817039 0.773749 0.787769 0.634392 0.742545 0.778909 0.841427 0.853816 0.812194 0.743194 0.830554 0.702176 0.873853 0.787950 0.953886 0.770611 0.876525 0.710378 0.734482 0.822859 0.714786 0.796510 0.716954 0.660827 0.724107 0.975178 0.914858 0.890246 0.903243 0.825119 0.904058 0.676042 0.962662 0.903681 0.870677
0.768713 0.698118 0.749873 0.885671 0.000000 0.844605 0.944288 0.867889 0.744656 0.872799 0.803965 0.797939 0.901107 0.875785 0.857960 0.904007 0.738535 0.739392 0.730740 0.733059 0.954813 0.908739 0.788295 0.799354 0.941521 0.847690 0.814874 0.789260 0.798517 0.850551 0.940155 0.907819 0.979353 0.887510 0.905352 0.900172 0.938647 0.996425 0.967185 0.912213 0.910517 0.928811 0.987912 0.963304 0.923698 0.897973 0.939778 0.957592 0.861357 0.903211 0.970760 0.989771 0.950199 0.994244 0.800182 0.802221 0.715666 0.673430 0.880769 0.988461 0.970275 0.943610 0.833117 0.793342 0.694847 0.777046 0.848246 0.913302 0.887220 0.792030 0.872487 0.906054 0.958097 0.979428 0.987574 0.946035 0.836001 0.881124 0.781945 0.865981 0.767423 0.696625 0.826500 0.747644 0.868958 0.832928 0.879931 0.982343 0.805071 0.838202 0.845894 0.701354 0.752355 0.681369 0.994358 0.970335 0.898160 0.923575 0.959186 0.997612 0.920363 0.779964 0.828395 0.920460 0.979487 0.942514 0.793407 0.851576 0.961054 0.944292 0.899547 0.918043 0.955358 0.954292 0.802414 0.742282
0.831422 0.955543 0.875481 0.853652 0.844605 0.000000 0.661920 0.640775 0.712222 0.774228 0.788717 0.772890 0.761529 0.743086 0.816331 0.710617 0.918765 0.920282 0.911393 0.956016 0.847364 0.938421 0.882645 0.953053 0.733460 0.945070 0.789736 0.920964 0.828398 0.801037 0.840470 0.779805 0.745961 0.830904 0.898765 0.917237 0.991676 0.947018 0.887076 0.926684 0.961973 0.947314 0.556852 0.645333 0.761429 0.746693 0.804790 0.777922 0.789166 0.659256 0.594327 0.591073 0.647239 0.571360 0.909227 0.842121 0.873196 0.802822 0.782947 0.776740 0.689167 0.673688 0.749647 0.763966 0.959175 0.669612 0.742474 0.702733 0.639104 0.992684 0.780805 0.796259 0.866236 0.699858 0.738961 0.855440 0.644927 0.765689 0.893917 0.753317 0.809359 0.985529 0.973819 0.919365 0.940329 0.976249 0.976757 0.782606 0.912634 0.981331 0.612045 0.685680 0.700077 0.767780 0.952986 0.859915 0.871662 0.940076 0.666016 0.605092 0.577058 0.671220 0.743821 0.686981 0.775657 0.659228 0.684395 0.681001 0.746285 0.949069 0.844448 0.704920 0.788744 0.915117 0.682745 0.968615
0.760757 0.924565 0.407692 0.490518 0.944288 0.661920 0.000000 0.461955 0.649070 0.434146 0.632385 0.775164 0.489196 0.748399 0.558477 0.759947 0.681170 0.679187 0.601510 0.858020 0.960044 0.993565 0.764951 0.944997 0.894774 0.768248 0.827392 0.979532 0.620062 0.571486 0.464965 0.492165 0.361893 0.466184 0.720455 0.994511 0.870525 0.771996 0.816158 0.912663 0.857391 0.904615 0.351161 0.384259 0.328713 0.439240 0.612185 0.417546 0.681139 0.617837 0.395815 0.491146 0.422477 0.420225 0.657341 0.655609 0.910384 0.929477 0.700133 0.975366 0.405728 0.647223 0.622221 0.648466 0.752814 0.774316 0.313203 0.413447 0.911995 0.935939 0.603799 0.546401 0.584401 0.546510 0.792417 0.904434 0.540325 0.524406 0.578342 0.660771 0.642916 0.888630 0.770847 0.751382 0.897079 0.874308 0.836382 0.904709 0.852255 0.874241 0.508970 0.573023 0.625872 0.718305 0.770732 0.766616 0.624985 0.747530 0.451298 0.349882 0.463280 0.486670 0.521697 0.384470 0.593948 0.513955 0.870874 0.716756 0.746200 0.884078 0.711832 0.541222 0.511059 0.738256 0.603735 0.956481
0.358719 0.429980 0.757436 0.589982 0.867889 0.640775 0.461955 0.000000 0.914305 0.349109 0.370601 0.340764 0.441545 0.372635 0.642670 0.682055 0.409208 0.416633 0.507238 0.488893 0.970917 0.963972 0.982426 0.854657 0.756921 0.866853 0.721896 0.902393 0.377007 0.417341 0.614401 0.601982 0.474341 0.387859 0.917306 0.845994 0.873123 0.889880 0.814516 0.923290 0.817136 0.851412 0.373184 0.361796 0.429506 0.345572 0.457850 0.390506 0.297136 0.301510 0.321828 0.338046 0.450196 0.493355 0.675942 0.619850 0.607069 0.646643 0.391660 0.531523 0.341981 0.298947 0.336050 0.318693 0.893938 0.788348 0.659128 0.603659 0.989020 0.699582 0.683782 0.740189 0.536295 0.531994 0.714426 0.865534 0.453503 0.588302 0.628392 0.502437 0.357807 0.483085 0.650534 0.691716 0.684296 0.927848 0.845474 0.944655 0.994395 0.717548 0.616868 0.902309 0.844316 0.891249 0.810881 0.816681 0.723601 0.991796 0.386252 0.382012 0.501083 0.680765 0.424514 0.452491 0.658993 0.628067 0.969646 0.768537 0.644861 0.901483 0.744509 0.558344 0.485352 0.860435 0.599354 0.796636
0.966201 0.800658 0.697864 0.847769 0.744656 0.712222 0.649070 0.914305 0.000000 0.821195 0.953789 0.898841 0.868038 0.929527 0.744340 0.909168 0.947490 0.924390 0.990630 0.843185 0.992464 0.984305 0.880424 0.940653 0.948530 0.815301 0.909226 0.937104 0.992995 0.963418 0.750334 0.729522 0.815610 0.985462 0.770506 0.925206 0.906049 0.871429 0.982964 0.928194 0.970201 0.899305 0.749177 0.849950 0.841288 0.935613 0.931642 0.817523 0.990454 0.914621 0.716559 0.703349 0.630544 0.635432 0.944427 0.797584 0.731489 0.635449 0.959425 0.887621 0.868271 0.902047 0.946034 0.948402 0.774270 0.784298 0.709034 0.889894 0.841198 0.872402 0.775442 0.733211 0.785772 0.721518 0.845544 0.985032 0.710157 0.774109 0.955439 0.897654 0.981647 0.855707 0.917818 0.747171 0.967369 0.951341 0.685701 0.834140 0.704554 0.986849 0.548148 0.493114 0.535882 0.594977 0.845327 0.919519 0.826947 0.840465 0.675656 0.632095 0.716130 0.697160 0.786524 0.695475 0.849141 0.748904 0.818747 0.710378 0.885388 0.940133 0.969162 0.753134 0.742552 0.920921 0.786076 0.907350
0.466032 0.557737 0.795004 0.680595 0.872799 0.774228 0.434146 0.349109 0.821195 0.000000 0.367308 0.438732 0.435553 0.497928 0.550875 0.679348 0.364587 0.368086 0.454130 0.558591 0.796275 0.939038 0.829790 0.948538 0.810373 0.975977 0.733682 0.991744 0.355650 0.340445 0.476681 0.541163 0.410814 0.411163 0.991968 0.958028 0.724105 0.757320 0.952934 0.924562 0.759360 0.757617 0.413974 0.395505 0.431494 0.389497 0.496906 0.411752 0.427397 0.547995 0.447041 0.535658 0.547656 0.645865 0.690631 0.658339 0.623989 0.736977 0.465772 0.787637 0.418616 0.471672 0.383905 0.333303 0.899561 0.975180 0.652219 0.661874 0.896554 0.819034 0.601130 0.506702 0.520957 0.513287 0.806199 0.911820 0.530885 0.538504 0.528668 0.436633 0.321609 0.450482 0.579955 0.602746 0.668788 0.928304 0.992489 0.978529 0.950228 0.650769 0.729436 0.961895 0.929928 0.857118 0.934662 0.817937 0.601337 0.994952 0.462137 0.412406 0.592040 0.752111 0.440101 0.437247 0.699275 0.689855 0.961133 0.812643 0.650371 0.932612 0.805478 0.567383 0.591508 0.883510 0.695643 0.791336
0.283802 0.391466 0.985374 0.767782 0.803965 0.788717 0.632385 0.370601 0.953789 0.367308 0.000000 0.273962 0.340693 0.379007 0.568306 0.622799 0.294211 0.270977 0.358191 0.428324 0.991900 0.976898 0.990282 0.824744 0.647154 0.931149 0.811405 0.996547 0.305508 0.298669 0.729053 0.766348 0.491892 0.474550 0.869267 0.896240 0.866895 0.911020 0.977980 0.822952 0.682332 0.762341 0.536245 0.498588 0.676859 0.519052 0.542924 0.530748 0.390242 0.410144 0.468186 0.454127 0.575309 0.615433 0.717211 0.701536 0.552755 0.557883 0.378227 0.514620 0.425260 0.432517 0.266570 0.246529 0.678915 0.971192 0.843292 0.843519 0.865253 0.804918 0.723409 0.647871 0.484478 0.503354 0.892631 0.788765 0.525032 0.617882 0.458996 0.477222 0.335041 0.372150 0.591945 0.704963 0.750618 0.900094 0.744493 0.924620 0.965994 0.694432 0.728190 0.944408 0.971589 0.704848 0.966208 0.820373 0.710168 0.873871 0.508201 0.555091 0.608014 0.791595 0.524770 0.521803 0.810316 0.787934 0.959326 0.913590 0.732953 0.893313 0.951626 0.718731 0.629898 0.959505 0.722195 0.804302
0.274119 0.336692 0.894431 0.774963 0.797939 0.772890 0.775164 0.340764 0.898841 0.438732 0.273962 0.000000 0.419400 0.262744 0.620472 0.584665 0.306423 0.298465 0.430909 0.370351 0.986561 0.945388 0.982039 0.945921 0.629542 0.836666 0.783086 0.923002 0.357534 0.356168 0.802241 0.816907 0.605547 0.457932 0.810801 0.779996 0.868523 0.954571 0.983354 0.781822 0.792156 0.849519 0.578215 0.524793 0.695640 0.513081 0.541984 0.543652 0.313642 0.377480 0.521864 0.505597 0.663323 0.733345 0.783477 0.719718 0.529667 0.495172 0.420435 0.445768 0.490135 0.339920 0.267852 0.236758 0.621710 0.925085 0.977665 0.885692 0.877356 0.734651 0.733573 0.738942 0.591374 0.609721 0.864363 0.852786 0.532713 0.688788 0.598549 0.487885 0.348371 0.336102 0.610945 0.706871 0.646494 0.730458 0.723103 0.930659 0.917445 0.687101 0.863294 0.770290 0.816324 0.574209 0.937286 0.782362 0.878341 0.787886 0.572665 0.640978 0.697362 0.918362 0.577039 0.652599 0.848095 0.867157 0.854526 0.941028 0.692377 0.928314 0.971462 0.812098 0.685408 0.900895 0.742406 0.716858
0.475887 0.639062 0.782041 0.690367 0.901107 0.761529 0.489196 0.441545 0.868038 0.435553 0.340693 0.419400 0.000000 0.430971 0.387488 0.474328 0.448094 0.439134 0.455442 0.656865 0.960774 0.996011 0.795599 0.943297 0.737472 0.938398 0.942085 0.955304 0.436971 0.359801 0.598097 0.669508 0.438734 0.473242 0.962515 0.924075 0.903148 0.930659 0.949171 0.942167 0.860036 0.840990 0.462697 0.438563 0.619277 0.511789 0.511867 0.511875 0.538787 0.479024 0.510503 0.498366 0.580477 0.596608 0.801729 0.810356 0.658799 0.741712 0.410275 0.612299 0.407625 0.577236 0.321198 0.344062 0.945679 0.998306 0.602744 0.704356 0.950757 0.922737 0.624462 0.617639 0.585488 0.577989 0.854076 0.842364 0.526189 0.486562 0.528994 0.563555 0.516793 0.568799 0.573341 0.790187 0.816162 0.936766 0.918572 0.985087 0.896389 0.790002 0.687239 0.945910 0.921977 0.829046 0.913256 0.743698 0.670549 0.935866 0.486102 0.496973 0.546696 0.742857 0.454351 0.455818 0.594389 0.619886 0.980162 0.845184 0.719916 0.809704 0.896375 0.715591 0.588657 0.878087 0.574739 0.793447
0.426178 0.510722 0.965667 0.752489 0.875785 0.743086 0.748399 0.372635 0.929527 0.497928 0.379007 0.262744 0.430971 0.000000 0.525404 0.439593 0.448285 0.447708 0.495956 0.479470 0.968135 0.969570 0.849321 0.867348 0.623896 0.810622 0.815484 0.985811 0.395064 0.384680 0.740068 0.752903 0.583335 0.455321 0.876008 0.779182 0.879795 0.991049 0.942154 0.811296 0.902772 0.828525 0.584601 0.553092 0.688713 0.515226 0.603509 0.584661 0.419579 0.406990 0.541763 0.540756 0.708648 0.741530 0.849779 0.830874 0.695969 0.649641 0.499648 0.543625 0.528195 0.364370 0.318610 0.322969 0.699925 0.826911 0.859248 0.832367 0.954431 0.777544 0.698101 0.758543 0.619896 0.614061 0.734452 0.814999 0.615353 0.706019 0.697285 0.604718 0.468907 0.449980 0.674762 0.775804 0.627615 0.631812 0.795735 0.871544 0.877200 0.736955 0.896796 0.792475 0.809704 0.587788 0.925894 0.833025 0.968422 0.714607 0.660744 0.640028 0.709807 0.875368 0.665928 0.617584 0.775940 0.826559 0.957010 0.932914 0.693447 0.923590 0.899564 0.811947 0.731544 0.944326 0.793982 0.751597
0.687695 0.885463 0.727824 0.640007 0.857960 0.816331 0.558477 0.642670 0.744340 0.550875 0.568306 0.620472 0.387488 0.525404 0.000000 0.376342 0.630279 0.627527 0.541977 0.755908 0.920474 0.969998 0.477452 0.760088 0.855876 0.977373 0.892866 0.934354 0.586546 0.467278 0.449093 0.581842 0.451411 0.490195 0.999920 0.927035 0.836030 0.965435 0.955322 0.955721 0.858074 0.787808 0.621030 0.591105 0.712011 0.596631 0.766440 0.623123 0.746121 0.667531 0.700106 0.680027 0.698589 0.771711 0.966416 0.999374 0.825904 0.901731 0.684629 0.863305 0.648602 0.695345 0.471086 0.549033 0.879711 0.961715 0.595991 0.795659 0.992455 0.949986 0.579753 0.632076 0.646701 0.673130 0.844485 0.882336 0.581632 0.591753 0.706044 0.653120 0.643572 0.706317 0.661954 0.868883 0.620774 0.655377 0.915221 0.852070 0.841339 0.757865 0.858705 0.927651 0.982220 0.870391 0.839626 0.772719 0.787211 0.849227 0.714518 0.672236 0.674975 0.760139 0.694041 0.502859 0.754291 0.682696 0.956874 0.898388 0.786034 0.870176 0.921943 0.850319 0.747904 0.852957 0.639247 0.861084
0.755746 0.868845 0.924960 0.801248 0.904007 0.710617 0.759947 0.682055 0.909168 0.679348 0.622799 0.584665 0.474328 0.439593 0.376342 0.000000 0.707881 0.721777 0.618706 0.837021 0.971093 0.944125 0.624618 0.666448 0.719565 0.779144 0.977537 0.947792 0.644144 0.506541 0.632079 0.736342 0.629580 0.642667 0.907879 0.961458 0.902664 0.883998 0.982197 0.986411 0.970667 0.959652 0.651489 0.635886 0.848701 0.719837 0.782489 0.700269 0.749395 0.702035 0.780718 0.779886 0.892630 0.905763 0.976821 0.876233 0.895271 0.926934 0.703391 0.771926 0.727819 0.701189 0.519280 0.554839 0.932477 0.922224 0.780288 0.837284 0.902822 0.925847 0.644681 0.706349 0.802989 0.719569 0.832525 0.870611 0.761055 0.617208 0.788403 0.718867 0.720237 0.736078 0.809197 0.925889 0.707584 0.610154 0.982095 0.840250 0.987268 0.894738 0.995382 0.885634 0.850361 0.746864 0.930646 0.796796 0.916162 0.722736 0.883172 0.821051 0.759440 0.902722 0.771418 0.645778 0.811779 0.719824 0.935885 0.998682 0.770623 0.857631 0.966202 0.969501 0.826937 0.891021 0.768343 0.870147
0.293145 0.297246 0.981302 0.795240 0.738535 0.918765 0.681170 0.409208 0.947490 0.364587 0.294211 0.306423 0.448094 0.448285 0.630279 0.707881 0.000000 0.196323 0.345181 0.349501 0.832671 0.890136 0.980923 0.806158 0.746537 0.856442 0.732960 0.990977 0.280365 0.242047 0.676751 0.648086 0.455288 0.372916 0.918081 0.979288 0.792146 0.878629 0.929339 0.731680 0.640264 0.782764 0.558075 0.450480 0.582911 0.421534 0.489957 0.468223 0.336417 0.473010 0.543387 0.598104 0.669150 0.773599 0.674060 0.673187 0.329236 0.377676 0.500345 0.607702 0.533244 0.512697 0.286651 0.234461 0.626623 0.806649 0.907915 0.826475 0.798280 0.684298 0.749866 0.646189 0.536576 0.628253 0.900684 0.932426 0.550051 0.569547 0.436357 0.406731 0.232171 0.289092 0.530239 0.518771 0.669101 0.869836 0.790441 0.972796 0.853233 0.711161 0.999042 0.748776 0.793290 0.562828 0.927516 0.794890 0.796881 0.811706 0.574864 0.630106 0.770417 0.939756 0.539611 0.582282 0.860732 0.873975 0.800165 0.964227 0.738768 0.900528 0.929863 0.766654 0.570077 0.967915 0.766384 0.780064
0.272070 0.297150 0.988530 0.783927 0.739392 0.920282 0.679187 0.416633 0.924390 0.368086 0.270977 0.298465 0.439134 0.447708 0.627527 0.721777 0.196323 0.000000 0.314027 0.333741 0.839902 0.872571 0.989424 0.846361 0.777093 0.900390 0.706271 0.998240 0.266573 0.254798 0.667155 0.689604 0.458826 0.399426 0.935989 0.908149 0.810990 0.859101 0.973577 0.779466 0.595536 0.762263 0.574298 0.455866 0.619012 0.446256 0.558748 0.459272 0.361211 0.470568 0.533083 0.561636 0.632730 0.719161 0.647944 0.665621 0.349590 0.390663 0.506085 0.610098 0.527519 0.538647 0.282519 0.242768 0.623617 0.804308 0.917520 0.868624 0.769281 0.746433 0.737691 0.631682 0.518179 0.556313 0.935602 0.854383 0.506967 0.560496 0.422642 0.381525 0.246560 0.284477 0.550887 0.571435 0.690151 0.896954 0.770239 0.985700 0.861916 0.748537 0.941193 0.788990 0.814890 0.591244 0.933862 0.786406 0.783090 0.861398 0.559402 0.600898 0.751046 0.889309 0.515565 0.585900 0.812297 0.887074 0.849565 0.977925 0.779921 0.952979 0.890293 0.773353 0.547164 0.945526 0.758796 0.844382
0.423207 0.484852 0.967466 0.732204 0.730740 0.911393 0.601510 0.507238 0.990630 0.454130 0.358191 0.430909 0.455442 0.495956 0.541977 0.618706 0.345181 0.314027 0.000000 0.371463 0.843788 0.899077 0.795156 0.993736 0.844027 0.842384 0.868413 0.867961 0.376397 0.337025 0.619741 0.675947 0.438348 0.447274 0.891404 0.909055 0.839985 0.830385 0.960480 0.955743 0.661714 0.797766 0.668674 0.571261 0.671289 0.560361 0.620156 0.550334 0.526087 0.523449 0.604766 0.634035 0.713471 0.759067 0.669740 0.726519 0.473181 0.565308 0.646941 0.814469 0.674764 0.628907 0.404096 0.394707 0.678884 0.746331 0.872112 0.926775 0.715512 0.691062 0.607852 0.651352 0.489146 0.492830 0.902851 0.827172 0.468543 0.603942 0.466524 0.398616 0.350627 0.377344 0.575284 0.553874 0.680570 0.875586 0.832121 0.894291 0.902114 0.770866 0.943156 0.876808 0.868273 0.711094 0.935133 0.710085 0.785618 0.815741 0.698497 0.689577 0.749600 0.890835 0.570672 0.537501 0.837585 0.790451 0.997163 0.914473 0.804711 0.977621 0.958477 0.822448 0.632419 0.883537 0.883138 0.739142
0.345522 0.334572 0.899820 0.726452 0.733059 0.956016 0.858020 0.488893 0.843185 0.558591 0.428324 0.370351 0.656865 0.479470 0.755908 0.837021 0.349501 0.333741 0.371463 0.000000 0.862012 0.944931 0.898511 0.961128 0.871690 0.934257 0.863967 0.942769 0.378715 0.417105 0.798678 0.774275 0.620142 0.514641 0.828236 0.827476 0.883019 0.783175 0.952096 0.787763 0.629308 0.745619 0.840600 0.715663 0.796799 0.612782 0.694328 0.645677 0.424061 0.461845 0.668401 0.666337 0.790858 0.870925 0.735729 0.746371 0.425800 0.400753 0.655225 0.691202 0.796422 0.531590 0.487732 0.441281 0.571780 0.808325 0.842610 0.923100 0.585955 0.554672 0.814625 0.929461 0.549316 0.616684 0.914200 0.923734 0.561495 0.784465 0.607304 0.496718 0.335628 0.261872 0.481967 0.530066 0.583325 0.749688 0.741575 0.844906 0.769317 0.772663 0.927615 0.700336 0.790437 0.570616 0.905880 0.894313 0.936932 0.791959 0.796834 0.858562 0.911123 0.975060 0.741283 0.801437 0.937921 0.997568 0.942077 0.905379 0.879468 0.985562 0.917484 0.913798 0.742410 0.992216 0.966677 0.725932
0.874374 0.892745 0.965497 0.983095 0.954813 0.847364 0.960044 0.970917 0.992464 0.796275 0.991900 0.986561 0.960774 0.968135 0.920474 0.971093 0.832671 0.839902 0.843788 0.862012 0.000000 0.928932 0.916884 0.996452 0.993891 0.910566 0.961102 0.895863 0.901353 0.917240 0.758928 0.872925 0.908110 0.906263 0.870333 0.936738 0.805124 0.927890 0.820733 0.882316 0.871301 0.946339 0.923617 0.834416 0.904912 0.862769 0.867926 0.857244 0.902285 0.975314 0.984817 0.972085 0.914420 0.881550 0.899485 0.913660 0.792983 0.887815 0.982652 0.942478 0.938807 0.958905 0.928866 0.927688 0.989300 0.818159 0.897151 0.947306 0.822684 0.874306 0.899005 0.812173 0.918735 0.879907 0.866284 0.993605 0.981248 0.874709 0.955057 0.764504 0.808796 0.825621 0.816377 0.844944 0.829801 0.940440 0.932776 0.969768 0.992574 0.954616 0.860042 0.956329 0.928457 0.919544 0.983609 0.964708 0.971871 0.962678 0.943688 0.982344 0.999475 0.941091 0.830066 0.896259 0.945228 0.870992 0.895843 0.907956 0.967442 0.789894 0.930729 0.997449 0.951511 0.991211 0.953602 0.981067
0.966685 0.902768 0.985253 0.905732 0.908739 0.938421 0.993565 0.963972 0.984305 0.939038 0.976898 0.945388 0.996011 0.969570 0.969998 0.944125 0.890136 0.872571 0.899077 0.944931 0.928932 0.000000 0.936799 0.905204 0.938469 0.972479 0.892090 0.932532 0.959281 0.896793 0.936672 0.997162 0.979595 0.894454 0.932847 0.739465 0.922408 0.733284 0.874970 0.973051 0.944243 0.836328 0.992008 0.983548 0.957105 0.974730 0.914063 0.925866 0.916570 0.999109 0.955976 0.991771 0.998998 0.987334 0.943244 0.917137 0.980061 0.969620 0.848649 0.995783 0.945363 0.992083 0.986201 0.956290 0.899383 0.958385 0.957136 0.975914 0.989490 0.883077 0.960515 0.908621 0.924229 0.885482 0.985294 0.964721 0.959345 0.963782 0.909119 0.925011 0.887274 0.904052 0.960021 0.889912 0.900457 0.954356 0.975073 0.910153 0.994521 0.926390 0.941594 0.908386 0.922663 0.955102 0.880651 0.875015 0.956476 0.869797 0.940123 0.944015 0.964023 0.878902 0.964703 0.886595 0.913232 0.995363 0.913529 0.835334 0.872154 0.918895 0.932398 0.960628 0.959899 0.892389 0.923042 0.953661
0.927174 0.832630 0.610239 0.589194 0.788295 0.882645 0.764951 0.982426 0.880424 0.829790 0.990282 0.982039 0.795599 0.849321 0.477452 0.624618 0.980923 0.989424 0.795156 0.898511 0.916884 0.936799 0.000000 0.421167 0.780543 0.949918 0.694628 0.781848 0.899920 0.838756 0.576690 0.736526 0.676715 0.827797 0.985563 0.997790 0.802902 0.942586 0.951567 0.852643 0.994958 0.802934 0.910926 0.962235 0.969488 0.942303 0.955610 0.974915 0.894727 0.983703 0.947168 0.904495 0.935359 0.868598 0.822678 0.752224 0.992412 0.914990 0.917117 0.727072 0.888793 0.924286 0.979229 0.967142 0.718340 0.917928 0.795321 0.913051 0.766983 0.908810 0.732894 0.905092 0.831911 0.837597 0.869352 0.939755 0.931679 0.836758 0.955227 0.963213 0.980653 0.902631 0.770645 0.906240 0.544877 0.534461 0.711231 0.599383 0.821780 0.932418 0.861489 0.995826 0.993313 0.950273 0.816503 0.987456 0.887407 0.800175 0.840739 0.928012 0.909842 0.970324 0.930326 0.821173 0.852212 0.834078 0.977425 0.874382 0.978861 0.986224 0.909142 0.888766 0.952170 0.925584 0.955683 0.909089
0.799085 0.742343 0.856484 0.782123 0.799354 0.953053 0.944997 0.854657 0.940653 0.948538 0.824744 0.945921 0.943297 0.867348 0.760088 0.666448 0.806158 0.846361 0.993736 0.961128 0.996452 0.905204 0.421167 0.000000 0.864053 0.944623 0.892091 0.762454 0.911509 0.968728 0.871966 0.967975 0.997730 0.945342 0.937159 0.860574 0.972712 0.972539 0.850632 0.996932 0.851137 0.870173 0.814730 0.813389 0.876983 0.911602 0.748905 0.880153 0.827872 0.869875 0.782113 0.747218 0.754878 0.725731 0.659433 0.718319 0.788024 0.824879 0.785262 0.796484 0.766921 0.900473 0.876910 0.856527 0.816850 0.970986 0.976228 0.806672 0.920078 0.998862 0.881683 0.995479 0.840190 0.939799 0.966572 0.997053 0.838372 0.887476 0.757711 0.869490 0.853516 0.952558 0.967288 0.982235 0.677009 0.513681 0.794547 0.591269 0.989530 0.999405 0.712526 0.823491 0.810234 0.890745 0.985206 0.996634 0.810943 0.750738 0.621364 0.751161 0.797534 0.821424 0.719464 0.924878 0.975990 0.977580 0.970692 0.778730 0.975948 0.870950 0.947838 0.783843 0.746965 0.979352 0.763151 0.956006
0.737320 0.843586 0.824529 0.924638 0.941521 0.733460 0.894774 0.756921 0.948530 0.810373 0.647154 0.629542 0.737472 0.623896 0.855876 0.719565 0.746537 0.777093 0.844027 0.871690 0.993891 0.938469 0.780543 0.864053 0.000000 0.619484 0.725966 0.961623 0.756869 0.718981 0.941989 0.998726 0.879810 0.807855 0.854343 0.886433 0.807209 0.978728 0.943762 0.878719 0.985493 0.896305 0.708759 0.751170 0.936442 0.887513 0.724630 0.840598 0.764943 0.786709 0.725059 0.773221 0.861286 0.769375 0.737452 0.913858 0.991583 0.971109 0.734764 0.721856 0.691575 0.691536 0.638144 0.643842 0.671261 0.875296 0.915824 0.809964 0.920626 0.909729 0.933021 0.771030 0.815549 0.781451 0.925879 0.810582 0.937388 0.836641 0.769215 0.875713 0.851865 0.929463 0.965276 0.907853 0.882957 0.973409 0.709713 0.802284 0.776931 0.893245 0.847781 0.977472 0.859524 0.845937 0.947004 0.915440 0.899034 0.924328 0.747260 0.784658 0.758470 0.860144 0.864509 0.823383 0.976068 0.892929 0.929812 0.896420 0.845595 0.945019 0.921018 0.898447 0.983212 0.871344 0.713522 0.759385
0.992535 0.997454 0.511264 0.695806 0.847690 0.945070 0.768248 0.866853 0.815301 0.975977 0.931149 0.836666 0.938398 0.810622 0.977373 0.779144 0.856442 0.900390 0.842384 0.934257 0.910566 0.972479 0.949918 0.944623 0.619484 0.000000 0.902554 0.999734 0.965530 0.906447 0.709857 0.764875 0.844362 0.930464 0.662279 0.941207 0.950315 0.892426 0.830031 0.873972 0.972269 0.962585 0.867372 0.888424 0.730441 0.782937 0.942039 0.804395 0.899384 0.817986 0.771173 0.734108 0.682756 0.738616 0.983217 0.906809 0.934063 0.978632 0.960979 0.948566 0.846646 0.843868 0.879839 0.894498 0.599168 0.705459 0.823550 0.775070 0.999324 0.878342 0.941456 0.777135 0.974802 0.996227 0.971738 0.990258 0.959959 0.969062 0.901575 0.949714 0.982964 0.891359 0.968482 0.959421 0.844520 0.987525 0.701857 0.878186 0.713031 0.999359 0.690007 0.747423 0.624730 0.720514 0.790112 0.847781 0.990116 0.754340 0.899151 0.863868 0.816193 0.691895 0.925600 0.874829 0.739385 0.842404 0.818493 0.826292 0.927587 0.925567 0.793537 0.863403 0.789222 0.830991 0.907862 0.810092
0.816314 0.744614 0.986698 0.942427 0.814874 0.789736 0.827392 0.721896 0.909226 0.733682 0.811405 0.783086 0.942085 0.815484 0.892866 0.977537 0.732960 0.706271 0.868413 0.863967 0.961102 0.892090 0.694628 0.892091 0.725966 0.902554 0.000000 0.979672 0.700709 0.757895 0.983060 0.860823 0.891406 0.770207 0.827594 0.947469 0.871668 0.958582 0.837156 0.874246 0.833836 0.982274 0.651269 0.621466 0.692331 0.701427 0.801761 0.628930 0.686763 0.879446 0.674476 0.784883 0.750173 0.723508 0.592355 0.608673 0.889615 0.886609 0.799254 0.864444 0.680514 0.737996 0.720463 0.683206 0.765134 0.940411 0.839185 0.658666 0.806426 0.865039 0.987943 0.764218 0.943692 0.905415 0.997409 0.999204 0.854179 0.954954 0.731575 0.769118 0.755032 0.884124 0.923966 0.800189 0.849733 0.820187 0.816932 0.876409 0.803386 0.918593 0.935023 0.942906 0.973925 0.870919 0.827142 0.987894 0.984859 0.887928 0.684114 0.712612 0.820031 0.818761 0.840568 0.867049 0.833587 0.983641 0.984576 0.807356 0.803312 0.936767 0.933186 0.831711 0.718004 0.976355 0.862544 0.956251
0.923520 0.883724 0.896379 0.906095 0.789260 0.920964 0.979532 0.902393 0.937104 0.991744 0.996547 0.923002 0.955304 0.985811 0.934354 0.947792 0.990977 0.998240 0.867961 0.942769 0.895863 0.932532 0.781848 0.762454 0.961623 0.999734 0.979672 0.000000 0.965779 0.933376 0.927982 0.848398 0.978887 0.955503 0.959583 0.913265 0.868690 0.976806 0.961417 0.865247 0.930594 0.907191 0.912182 0.897500 0.925477 0.977418 0.977913 0.919913 0.891161 0.957361 0.912135 0.918376 0.922325 0.963427 0.982071 0.933429 0.994404 0.980043 0.860307 0.843069 0.848903 0.910278 0.919332 0.932618 0.994498 0.872721 0.930434 0.904230 0.828126 0.955991 0.980915 0.984314 0.977086 0.898683 0.923378 0.967656 0.948881 0.978003 0.977843 0.908787 0.967315 0.964359 0.814225 0.936532 0.960869 0.985236 0.881428 0.924233 0.844989 0.839615 0.878962 0.976345 0.954407 0.933525 0.930402 0.779176 0.962098 0.810622 0.792904 0.904424 0.819861 0.944838 0.939757 0.924197 0.850810 0.942881 0.949750 0.922594 0.996478 0.947554 0.996980 0.884816 0.834228 0.849446 0.957815 0.926994
0.335182 0.362196 0.888681 0.713828 0.798517 0.828398 0.620062 0.377007 0.992995 0.355650 0.305508 0.357534 0.436971 0.395064 0.586546 0.644144 0.280365 0.266573 0.376397 0.378715 0.901353 0.959281 0.899920 0.911509 0.756869 0.965530 0.700709 0.965779 0.000000 0.250489 0.568851 0.556549 0.397936 0.327182 0.942400 0.995256 0.815542 0.825741 0.948484 0.766989 0.674821 0.707407 0.525444 0.445839 0.546176 0.376623 0.549923 0.464495 0.341642 0.407200 0.446828 0.495240 0.571220 0.642197 0.646989 0.620647 0.475058 0.476565 0.487584 0.625895 0.472450 0.431295 0.294800 0.270489 0.696334 0.943879 0.816826 0.766641 0.816004 0.694740 0.790191 0.717372 0.513914 0.535098 0.784642 0.851572 0.574444 0.536773 0.431195 0.390504 0.266472 0.336130 0.540801 0.552768 0.587475 0.820677 0.904564 0.915990 0.840134 0.711752 0.867337 0.806118 0.890963 0.623845 0.948674 0.816286 0.763776 0.871216 0.590488 0.579215 0.715758 0.797506 0.539197 0.545230 0.659897 0.836466 0.903238 0.956388 0.799488 0.997713 0.884399 0.795203 0.546706 0.900888 0.777735 0.753109
0.366772 0.424622 0.914844 0.769101 0.850551 0.801037 0.571486 0.417341 0.963418 0.340445 0.298669 0.356168 0.359801 0.384680 0.467278 0.506541 0.242047 0.254798 0.337025 0.417105 0.917240 0.896793 0.838756 0.968728 0.718981 0.906447 0.757895 0.933376 0.250489 0.000000 0.517846 0.560222 0.369816 0.316038 0.985504 0.963419 0.797841 0.886282 0.986127 0.800978 0.658229 0.753612 0.478278 0.385616 0.536354 0.383498 0.512059 0.429637 0.379283 0.446530 0.502097 0.545570 0.606146 0.686516 0.681954 0.742489 0.463372 0.504067 0.528849 0.654771 0.494382 0.511872 0.269582 0.240069 0.706923 0.877444 0.791410 0.744440 0.893212 0.711401 0.717733 0.617320 0.534822 0.551051 0.920108 0.885022 0.558499 0.510130 0.410573 0.405459 0.261874 0.361375 0.536192 0.540536 0.655805 0.808987 0.868025 0.953099 0.852136 0.780142 0.963286 0.792258 0.801988 0.577923 0.957436 0.791936 0.759885 0.776858 0.635608 0.605893 0.682161 0.838070 0.559072 0.508173 0.768925 0.835144 0.929304 0.972885 0.705089 0.908410 0.901787 0.751206 0.561920 0.844820 0.691449 0.798868
0.721256 0.809836 0.542526 0.636358 0.940155 0.840470 0.464965 0.614401 0.750334 0.476681 0.729053 0.802241 0.598097 0.740068 0.449093 0.632079 0.676751 0.667155 0.619741 0.798678 0.758928 0.936672 0.576690 0.871966 0.941989 0.709857 0.983060 0.927982 0.568851 0.517846 0.000000 0.389990 0.416292 0.479493 0.811155 0.951307 0.759059 0.839726 0.823593 0.953716 0.835981 0.772883 0.502638 0.461997 0.459673 0.420271 0.697458 0.518378 0.676571 0.663942 0.592346 0.627714 0.581462 0.676477 0.810500 0.851511 0.761401 0.860680 0.859721 0.964364 0.665186 0.731344 0.646202 0.648616 0.837802 0.936321 0.621298 0.641799 0.955942 0.865163 0.636912 0.674284 0.696460 0.608849 0.767812 0.963819 0.614756 0.519322 0.707315 0.592109 0.589444 0.761645 0.766581 0.735015 0.628445 0.822527 0.867804 0.983476 0.798038 0.787577 0.816592 0.905584 0.900096 0.966353 0.720886 0.888533 0.732315 0.949240 0.717811 0.624884 0.615101 0.681491 0.606444 0.469617 0.644916 0.681748 0.992495 0.890909 0.813505 0.983290 0.766598 0.748259 0.548817 0.792896 0.724583 0.989892
0.759447 0.817720 0.624168 0.674686 0.907819 0.779805 0.492165 0.601982 0.729522 0.541163 0.766348 0.816907 0.669508 0.752903 0.581842 0.736342 0.648086 0.689604 0.675947 0.774275 0.872925 0.997162 0.736526 0.967975 0.998726 0.764875 0.860823 0.848398 0.556549 0.560222 0.389990 0.000000 0.428218 0.476403 0.678880 0.990473 0.822275 0.777932 0.724087 0.958452 0.785322 0.779077 0.509193 0.485384 0.448921 0.435206 0.665144 0.480488 0.649103 0.646032 0.565042 0.636912 0.602439 0.661853 0.797791 0.694734 0.782168 0.897134 0.899300 0.994602 0.690330 0.663913 0.693262 0.663381 0.935713 0.921065 0.641170 0.631235 0.933271 0.752443 0.607132 0.691769 0.690892 0.690909 0.681762 0.917040 0.610108 0.534354 0.723094 0.584691 0.573491 0.769973 0.740097 0.783274 0.707971 0.840774 0.694485 0.990834 0.953895 0.820935 0.838721 0.916639 0.876252 0.997246 0.858282 0.875847 0.786881 0.966029 0.714702 0.581263 0.718257 0.734597 0.615548 0.523739 0.587419 0.799853 0.925354 0.845163 0.832502 0.991158 0.761542 0.641100 0.606934 0.678456 0.753118 0.909820
0.566013 0.670828 0.567139 0.535065 0.979353 0.745961 0.361893 0.474341 0.815610 0.410814 0.491892 0.605547 0.438734 0.583335 0.451411 0.629580 0.455288 0.458826 0.438348 0.620142 0.908110 0.979595 0.676715 0.997730 0.879810 0.844362 0.891406 0.978887 0.397936 0.369816 0.416292 0.428218 0.000000 0.378059 0.822439 0.899226 0.714960 0.769942 0.894383 0.906778 0.736295 0.769833 0.472568 0.414855 0.435534 0.400624 0.666795 0.415539 0.588398 0.588030 0.515115 0.590306 0.603063 0.644560 0.718225 0.830386 0.632092 0.754276 0.673156 0.893933 0.509501 0.616828 0.466388 0.465786 0.967852 0.976926 0.538472 0.599879 0.883892 0.744173 0.633713 0.553346 0.551175 0.571202 0.784149 0.955695 0.568354 0.476076 0.528858 0.422185 0.427676 0.605215 0.649873 0.584917 0.640747 0.836273 0.892686 0.913380 0.932759 0.785282 0.790796 0.938996 0.922962 0.897554 0.933596 0.800375 0.666352 0.934830 0.622887 0.542197 0.636711 0.663432 0.579089 0.408201 0.624565 0.662788 0.934753 0.892271 0.704390 0.964665 0.797859 0.633398 0.524869 0.778568 0.719688 0.899717
0.466258 0.521560 0.770704 0.676365 0.887510 0.830904 0.466184 0.387859 0.985462 0.411163 0.474550 0.457932 0.473242 0.455321 0.490195 0.642667 0.372916 0.399426 0.447274 0.514641 0.906263 0.894454 0.827797 0.945342 0.807855 0.930464 0.770207 0.955503 0.327182 0.316038 0.479493 0.476403 0.378059 0.000000 0.848457 0.992391 0.823408 0.769645 0.875772 0.880345 0.792678 0.803060 0.433405 0.346730 0.389776 0.315313 0.525599 0.411737 0.412485 0.449083 0.467134 0.515782 0.533354 0.622711 0.720507 0.689246 0.563120 0.593244 0.613205 0.732335 0.479485 0.465677 0.355262 0.366814 0.836494 0.950983 0.651007 0.580845 0.929819 0.742482 0.674890 0.648058 0.566700 0.594374 0.808825 0.930840 0.515491 0.570692 0.504841 0.439821 0.368336 0.516355 0.574756 0.508280 0.657859 0.854688 0.980842 0.946485 0.904003 0.779387 0.876938 0.902583 0.920831 0.768004 0.943616 0.715630 0.791065 0.985603 0.586748 0.542846 0.652897 0.733002 0.558647 0.499715 0.726772 0.810139 0.944138 0.930369 0.708260 0.913653 0.863303 0.676643 0.550673 0.857785 0.694700 0.802201
0.920267 0.935349 0.554859 0.825019 0.905352 0.898765 0.720455 0.917306 0.770506 0.991968 0.869267 0.810801 0.962515 0.876008 0.999920 0.907879 0.918081 0.935989 0.891404 0.828236 0.870333 0.932847 0.985563 0.937159 0.854343 0.662279 0.827594 0.959583 0.942400 0.985504 0.811155 0.678880 0.822439 0.848457 0.000000 0.977651 0.934318 0.915346 0.940024 0.892410 0.822955 0.906027 0.772685 0.826222 0.747723 0.838812 0.934270 0.812249 0.985173 0.976967 0.796730 0.848488 0.766128 0.753399 0.896596 0.777742 0.936874 0.900010 0.997542 0.927710 0.785480 0.939549 0.927869 0.906692 0.682467 0.781897 0.667974 0.627068 0.849035 0.941137 0.795135 0.982422 0.960756 0.966320 0.854727 0.974866 0.919178 0.886191 0.931791 0.956817 0.978214 0.818525 0.883383 0.976784 0.989347 0.929101 0.744874 0.927459 0.920013 0.921599 0.786407 0.788674 0.826007 0.718604 0.907209 0.993029 0.976256 0.781311 0.876012 0.738831 0.880376 0.679554 0.920843 0.828491 0.582989 0.808838 0.812605 0.890607 0.979709 0.982201 0.929355 0.815374 0.688969 0.878445 0.797550 0.858302
0.772473 0.880580 0.841918 0.877681 0.900172 0.917237 0.994511 0.845994 0.925206 0.958028 0.896240 0.779996 0.924075 0.779182 0.927035 0.961458 0.979288 0.908149 0.909055 0.827476 0.936738 0.739465 0.997790 0.860574 0.886433 0.941207 0.947469 0.913265 0.995256 0.963419 0.951307 0.990473 0.899226 0.992391 0.977651 0.000000 0.846961 0.891386 0.888710 0.944303 0.985648 0.969684 0.958255 0.959708 0.965872 0.958507 0.960086 0.899733 0.873477 0.778103 0.864428 0.791553 0.843181 0.884829 0.967382 0.865354 0.946244 0.953892 0.823483 0.776738 0.929000 0.826280 0.872112 0.889975 0.905049 0.922886 0.857676 0.906105 0.988380 0.949532 0.867658 0.964726 0.991396 0.993045 0.891824 0.831729 0.804086 0.877166 0.994582 0.976494 0.979423 0.930162 0.931118 0.922563 0.919730 0.851439 0.725175 0.865251 0.924396 0.945099 0.950871 0.992913 0.935857 0.900987 0.815865 0.926167 0.926537 0.890788 0.900463 0.943170 0.940370 0.968045 0.891840 0.992450 0.984093 0.960820 0.996631 0.880804 0.887293 0.850048 0.966514 0.926771 0.999191 0.806828 0.929960 0.922188
0.863410 0.875052 0.936553 0.942863 0.938647 0.991676 0.870525 0.873123 0.906049 0.724105 0.866895 0.868523 0.903148 0.879795 0.836030 0.902664 0.792146 0.810990 0.839985 0.883019 0.805124 0.922408 0.802902 0.972712 0.807209 0.950315 0.871668 0.868690 0.815542 0.797841 0.759059 0.822275 0.714960 0.823408 0.934318 0.846961 0.000000 0.772783 0.879610 0.776622 0.848820 0.832051 0.918386 0.874234 0.835569 0.853645 0.959629 0.983009 0.918966 0.992055 0.917926 0.985978 0.975151 0.949157 0.950825 0.984730 0.834985 0.871118 0.930640 0.977397 0.948542 0.892840 0.868518 0.818465 0.943878 0.958359 0.970173 0.958964 0.849053 0.809274 0.780659 0.774251 0.943902 0.932999 0.851529 0.954243 0.878552 0.736375 0.862193 0.746500 0.740570 0.727744 0.761518 0.873644 0.697704 0.757037 0.869571 0.890548 0.899651 0.752811 0.926402 0.928913 0.892031 0.905702 0.982511 0.872250 0.805158 0.934705 0.954265 0.896036 0.996844 0.906360 0.854851 0.876115 0.935133 0.866687 0.902227 0.905734 0.779719 0.935132 0.809615 0.765297 0.896674 0.924768 0.906449 0.907708
0.969264 0.973454 0.902944 0.892678 0.996425 0.947018 0.771996 0.889880 0.871429 0.757320 0.911020 0.954571 0.930659 0.991049 0.965435 0.883998 0.878629 0.859101 0.830385 0.783175 0.927890 0.733284 0.942586 0.972539 0.978728 0.892426 0.958582 0.976806 0.825741 0.886282 0.839726 0.777932 0.769942 0.769645 0.915346 0.891386 0.772783 0.000000 0.989670 0.994091 0.767311 0.804957 0.861873 0.888468 0.727656 0.860614 0.978879 0.870743 0.913142 0.966863 0.815348 0.907493 0.810433 0.824446 0.874630 0.831655 0.959496 0.885780 0.911544 0.750937 0.967790 0.847994 0.948853 0.955770 0.884654 0.878571 0.883062 0.889143 0.852145 0.949702 0.787646 0.678299 0.624882 0.677703 0.944821 0.994630 0.756858 0.882983 0.920051 0.795535 0.769456 0.883258 0.917354 0.777516 0.828331 0.985234 0.832665 0.948102 0.938459 0.844873 0.853129 0.881702 0.905912 0.822402 0.952255 0.753377 0.872586 0.867482 0.938362 0.799223 0.939671 0.857062 0.879655 0.932460 0.928886 0.988816 0.897479 0.962813 0.779873 0.992593 0.875640 0.708846 0.950948 0.961405 0.969875 0.920193
