0.000000 0.286363 0.988844 0.797984 0.991671 0.830601 0.831231 0.627266 0.798619 0.594169 0.394718 0.390038 0.570343 0.536619 0.694952 0.853163 0.339957 0.296322 0.407201 0.366718 0.700233 0.971224 0.748618 0.890326 0.875927 0.831596 0.919573 0.931490 0.413481 0.443733 0.751135 0.782231 0.603937 0.587722 0.948246 0.852261 0.770828 0.944283 0.766171 0.827401 0.719326 0.823817 0.846628 0.735404 0.840641 0.693558 0.620453 0.652420 0.486921 0.645378 0.810394 0.872832 0.923223 0.879483 0.766317 0.785346 0.321326 0.399287 0.503178 0.629271 0.673717 0.783743 0.370279 0.374234 0.798821 0.747262 0.955851 0.901230 0.569752 0.651430 0.814442 0.851596 0.769232 0.940852 0.952132 0.953229 0.763457 0.891494 0.617216 0.454919 0.335513 0.311299 0.439818 0.505801 0.462389 0.673153 0.872400 0.736331 0.772362 0.597808 0.857507 0.639536 0.673492 0.536713 0.920204 0.920546 0.847560 0.936630 0.809747 0.859955 0.888127 0.871585 0.764918 0.851809 0.969654 0.915499 0.831403 0.770393 0.801298 0.907332 0.879663 0.916126 0.752144 0.901672 0.920196 0.897070
0.286363 0.000000 0.878641 0.891724 0.890447 0.725021 0.984505 0.642700 0.695851 0.690480 0.541419 0.455734 0.715226 0.607930 0.895779 0.960148 0.351577 0.356115 0.507810 0.379169 0.768676 0.920959 0.890618 0.993486 0.782872 0.867152 0.981091 0.858393 0.446924 0.509309 0.839847 0.821315 0.713721 0.620300 0.959152 0.972722 0.792564 0.964062 0.769496 0.727753 0.711913 0.873012 0.918700 0.752603 0.823329 0.682584 0.627302 0.715664 0.441053 0.659389 0.877394 0.967327 0.992504 0.776082 0.746107 0.797720 0.262823 0.262832 0.608320 0.643476 0.770885 0.755005 0.493891 0.427172 0.712009 0.731682 0.839890 0.919673 0.603924 0.545016 0.973431 0.996390 0.870900 0.917993 0.992158 0.939748 0.847905 0.931722 0.639583 0.523126 0.358871 0.310832 0.527053 0.457278 0.502114 0.700279 0.855608 0.693094 0.909654 0.653148 0.687881 0.508907 0.601375 0.455488 0.884097 0.944334 0.904478 0.897364 0.895627 0.975364 0.827253 0.725524 0.831945 0.995646 0.925297 0.920709 0.705102 0.686634 0.867212 0.955047 0.888018 0.980804 0.777089 0.899098 0.953906 0.860336
0.988844 0.878641 0.000000 0.411353 0.776914 0.748551 0.384716 0.608263 0.663936 0.770642 0.966142 0.990936 0.710679 0.924369 0.698529 0.816404 0.974582 0.999986 0.924844 0.972142 0.947297 0.984191 0.642578 0.855991 0.894250 0.534751 0.991224 0.901360 0.868559 0.876573 0.548935 0.618313 0.558415 0.702511 0.583059 0.937369 0.956599 0.889985 0.830552 0.807940 0.982996 0.921970 0.612501 0.622935 0.551545 0.613234 0.726082 0.602331 0.814022 0.581289 0.508488 0.511824 0.547954 0.497676 0.811159 0.827773 0.937269 0.816732 0.932863 0.938719 0.647040 0.757935 0.931957 0.982817 0.430470 0.708680 0.461380 0.559857 0.908224 0.899687 0.881660 0.856448 0.816780 0.669784 0.783229 0.999556 0.784305 0.669415 0.889774 0.932901 0.935802 0.884192 0.941152 0.951647 0.879994 0.973896 0.672539 0.954635 0.737725 0.934164 0.618207 0.627555 0.662921 0.720220 0.703259 0.912549 0.831120 0.832943 0.694140 0.626934 0.701528 0.611274 0.746938 0.608277 0.549843 0.558628 0.876025 0.861438 0.935788 0.930834 0.765063 0.785171 0.622730 0.777126 0.641894 0.933572
0.797984 0.891724 0.411353 0.000000 0.829853 0.753865 0.451988 0.448289 0.707760 0.643616 0.769637 0.709040 0.639705 0.694289 0.604639 0.728673 0.801287 0.830291 0.776728 0.731191 0.975204 0.973034 0.599800 0.753217 0.893299 0.706639 0.938607 0.978714 0.749548 0.788359 0.598073 0.673946 0.551852 0.679173 0.703784 0.858545 0.919618 0.806758 0.832903 0.988798 0.989309 0.942760 0.619786 0.602998 0.564085 0.550614 0.724020 0.593728 0.664142 0.453112 0.508986 0.509230 0.583812 0.627872 0.717509 0.836745 0.907696 0.989128 0.741723 0.905524 0.577348 0.517291 0.751060 0.790798 0.525970 0.642658 0.534084 0.638541 0.976211 0.824854 0.831631 0.811219 0.761923 0.723641 0.743966 0.969202 0.595813 0.771522 0.805780 0.925629 0.812723 0.886680 0.834133 0.846867 0.712994 0.749450 0.805848 0.838408 0.749758 0.745405 0.698694 0.777869 0.730192 0.853551 0.716482 0.973608 0.727414 0.826528 0.653551 0.635833 0.734882 0.714087 0.697342 0.707458 0.599126 0.612554 0.940790 0.903906 0.932109 0.953402 0.780717 0.758304 0.605671 0.898456 0.784358 0.988189
0.991671 0.890447 0.776914 0.829853 0.000000 0.783966 0.895031 0.996241 0.816402 0.886159 0.927088 0.930824 0.932716 0.912767 0.783448 0.771917 0.859201 0.892512 0.976337 0.918161 0.969388 0.867637 0.743854 0.670747 0.875632 0.858468 0.753080 0.857117 0.898806 0.996820 0.867721 0.969140 0.920565 0.944657 0.953486 0.979179 0.870828 0.971316 0.904478 0.948809 0.914338 0.880573 0.956177 0.951571 0.975372 0.965177 0.963495 0.952999 0.980723 0.936208 0.912744 0.905970 0.859034 0.958677 0.988998 0.861260 0.922862 0.810206 0.959759 0.863825 0.954530 0.957667 0.961440 0.910572 0.807966 0.824684 0.901068 0.972508 0.990929 0.940726 0.956626 0.915591 0.984703 0.969804 0.970380 0.908652 0.946748 0.879753 0.845525 0.956489 0.927503 0.897176 0.993795 0.935541 0.769967 0.754635 0.895189 0.886061 0.762858 0.913064 0.874880 0.850205 0.961446 0.876185 0.991770 0.988280 0.883301 0.978443 0.943997 0.977011 0.913828 0.830377 0.891434 0.998476 0.929195 0.858315 0.788165 0.906999 0.911880 0.908379 0.979970 0.936944 0.972851 0.955187 0.775752 0.748529
0.830601 0.725021 0.748551 0.753865 0.783966 0.000000 0.647208 0.728966 0.637282 0.818751 0.956003 0.990697 0.873152 0.935932 0.842921 0.762354 0.874492 0.799236 0.854811 0.812005 0.907460 0.879712 0.981844 0.923854 0.916037 0.845584 0.811666 0.820779 0.878412 0.929565 0.874468 0.824386 0.822335 0.989700 0.760442 0.991720 0.961621 0.881833 0.858518 0.941899 0.738310 0.886011 0.596217 0.712628 0.726037 0.785711 0.885278 0.842876 0.989300 0.854939 0.708736 0.722076 0.768870 0.669600 0.917296 0.920706 0.729775 0.590205 0.889220 0.974900 0.744636 0.776080 0.967075 0.981867 0.685303 0.604373 0.574927 0.618696 0.602970 0.889962 0.763648 0.736524 0.942769 0.862090 0.696489 0.912110 0.738988 0.834320 0.979044 0.968652 0.947216 0.761550 0.862120 0.862026 0.889656 0.986582 0.867446 0.859142 0.942886 0.889900 0.672791 0.641061 0.634737 0.651455 0.878494 0.841207 0.790771 0.747905 0.724604 0.623960 0.680303 0.721778 0.792111 0.817992 0.748845 0.671849 0.790248 0.754318 0.834299 0.998766 0.756541 0.651374 0.893968 0.872864 0.757424 0.952367
0.831231 0.984505 0.384716 0.451988 0.895031 0.647208 0.000000 0.429777 0.642934 0.458967 0.681624 0.772135 0.492217 0.727175 0.564029 0.720807 0.714065 0.745509 0.646210 0.874998 0.932576 0.990479 0.704010 0.944711 0.993814 0.806182 0.857166 0.982865 0.687641 0.617627 0.480838 0.522836 0.397630 0.480918 0.669502 0.980991 0.873259 0.727645 0.776525 0.922962 0.950211 0.969775 0.368744 0.407924 0.369214 0.457726 0.586478 0.419721 0.675229 0.515467 0.336441 0.397219 0.407615 0.401578 0.653041 0.672967 0.934644 0.877572 0.726573 0.927198 0.409085 0.642666 0.639995 0.678865 0.643283 0.764575 0.307398 0.452624 0.912223 0.913289 0.575835 0.539884 0.593895 0.536754 0.795963 0.875430 0.529194 0.558056 0.594159 0.735675 0.688168 0.943824 0.808514 0.771433 0.885267 0.943667 0.774920 0.988331 0.773611 0.877922 0.557446 0.612322 0.692490 0.740980 0.756624 0.729055 0.640380 0.672505 0.467239 0.358333 0.503035 0.515133 0.515205 0.439425 0.600371 0.501584 0.888433 0.806911 0.762158 0.898324 0.691752 0.565289 0.544733 0.713858 0.610297 0.990645
0.627266 0.642700 0.608263 0.448289 0.996241 0.728966 0.429777 0.000000 0.833650 0.397262 0.583787 0.458215 0.492977 0.468334 0.641763 0.693269 0.579041 0.654938 0.696535 0.671157 0.941918 0.940007 0.796256 0.930870 0.958457 0.842362 0.781830 0.813772 0.591160 0.617518 0.632762 0.628049 0.504739 0.482063 0.750770 0.936359 0.834129 0.795229 0.765877 0.932336 0.950344 0.975071 0.391856 0.384393 0.358333 0.351604 0.488239 0.407731 0.386485 0.347484 0.394452 0.439023 0.571820 0.655258 0.652360 0.670757 0.748741 0.821634 0.468424 0.755030 0.352970 0.346262 0.486166 0.469435 0.705104 0.682323 0.463101 0.500124 0.936786 0.731202 0.664151 0.680541 0.698404 0.707460 0.741307 0.928869 0.515229 0.673158 0.707636 0.754814 0.545284 0.724286 0.722645 0.702546 0.684411 0.841071 0.937357 0.861763 0.796125 0.660132 0.766345 0.903455 0.831795 0.974983 0.689229 0.793628 0.670280 0.751147 0.444783 0.397494 0.629447 0.767778 0.471862 0.625014 0.641536 0.659478 0.867859 0.907541 0.701558 0.874006 0.666279 0.495887 0.554830 0.801543 0.681552 0.903614
0.798619 0.695851 0.663936 0.707760 0.816402 0.637282 0.642934 0.833650 0.000000 0.788547 0.954861 0.884104 0.884897 0.916260 0.778046 0.901191 0.895407 0.817124 0.886261 0.774446 0.902922 0.978102 0.957071 0.936384 0.964124 0.758413 0.982927 0.886111 0.876370 0.953442 0.788896 0.832934 0.853840 0.998411 0.711502 0.915287 0.943850 0.782411 0.897855 0.917828 0.948864 0.966994 0.698956 0.820017 0.765493 0.879522 0.931016 0.792646 0.986538 0.811702 0.626640 0.545068 0.563407 0.542321 0.963526 0.858007 0.676930 0.582028 0.944935 0.870666 0.848001 0.807462 0.879240 0.889654 0.653434 0.687402 0.636927 0.787401 0.745131 0.810388 0.807407 0.683876 0.787826 0.639457 0.863752 0.902530 0.647503 0.783668 0.971990 0.987912 0.888812 0.733077 0.749219 0.710447 0.865358 0.913113 0.672471 0.760395 0.760932 0.941157 0.490258 0.466174 0.460118 0.536345 0.804118 0.889686 0.802681 0.746565 0.632141 0.593216 0.601994 0.628382 0.696256 0.697296 0.750672 0.749686 0.850129 0.691711 0.902881 0.877602 0.835772 0.706930 0.741094 0.850104 0.791079 0.882414
0.594169 0.690480 0.770642 0.643616 0.886159 0.818751 0.458967 0.397262 0.788547 0.000000 0.422550 0.458206 0.518570 0.588213 0.579840 0.699006 0.428738 0.485492 0.585920 0.638672 0.763234 0.982284 0.756391 0.961586 0.898894 0.993381 0.777987 0.972893 0.462574 0.446616 0.514799 0.594678 0.478912 0.467505 0.958712 0.952525 0.708414 0.720239 0.942748 0.968738 0.876187 0.829094 0.479455 0.486442 0.481731 0.456769 0.544953 0.453328 0.456000 0.538482 0.484720 0.554670 0.616826 0.726072 0.769467 0.722548 0.738376 0.856504 0.521693 0.925090 0.481594 0.535282 0.454590 0.388865 0.974453 0.961048 0.620798 0.688339 0.908500 0.824111 0.558949 0.498363 0.558588 0.564511 0.846393 0.926571 0.596110 0.588306 0.604952 0.578226 0.433244 0.600044 0.691084 0.674142 0.739098 0.929714 0.905655 0.963080 0.885844 0.685362 0.803071 0.938565 0.895972 0.929904 0.877096 0.820676 0.612664 0.921683 0.513974 0.455715 0.672607 0.834908 0.486050 0.507167 0.707363 0.705611 0.904651 0.892893 0.666691 0.947899 0.786665 0.613640 0.698266 0.868558 0.741459 0.791316
0.394718 0.541419 0.966142 0.769637 0.927088 0.956003 0.681624 0.583787 0.954861 0.422550 0.000000 0.350145 0.433794 0.507707 0.567825 0.672864 0.343005 0.328378 0.396444 0.485798 0.865553 0.998349 0.750085 0.920854 0.903508 0.811038 0.995840 0.984006 0.410035 0.391198 0.792793 0.830322 0.532507 0.607124 0.868366 0.972992 0.785121 0.858986 0.961322 0.867589 0.747778 0.816522 0.739332 0.705406 0.781554 0.686533 0.662660 0.650431 0.570389 0.680826 0.750084 0.816736 0.874781 0.969568 0.788958 0.801470 0.565264 0.652206 0.445278 0.797256 0.551048 0.702811 0.348421 0.331128 0.851380 0.855137 0.808882 0.950660 0.730356 0.788558 0.710694 0.623987 0.598790 0.737239 0.963190 0.972751 0.709746 0.761113 0.541611 0.569279 0.412677 0.428776 0.532796 0.575579 0.658653 0.805368 0.954927 0.762723 0.882658 0.628056 0.994693 0.820732 0.817900 0.683296 0.950002 0.826197 0.724891 0.936908 0.723078 0.707914 0.934516 0.997066 0.733224 0.656817 0.901157 0.847327 0.839661 0.865140 0.780510 0.892147 0.934838 0.806686 0.817381 0.997470 0.874405 0.847144
0.390038 0.455734 0.990936 0.709040 0.930824 0.990697 0.772135 0.458215 0.884104 0.458206 0.350145 0.000000 0.473607 0.339240 0.593458 0.641344 0.364547 0.378774 0.520056 0.475506 0.931920 0.956799 0.779910 0.816978 0.906127 0.775124 0.935822 0.870302 0.455307 0.445911 0.786413 0.825725 0.612849 0.528493 0.876561 0.854831 0.779701 0.898421 0.929334 0.765967 0.908382 0.918911 0.679389 0.628250 0.691070 0.575620 0.625309 0.588615 0.417704 0.571696 0.734034 0.806095 0.898025 0.944756 0.791232 0.788235 0.560712 0.570276 0.460749 0.641911 0.507131 0.478032 0.315874 0.281015 0.904937 0.924584 0.848039 0.870831 0.814657 0.762589 0.720941 0.687652 0.777812 0.872737 0.921004 0.992475 0.665179 0.816938 0.642648 0.626091 0.422491 0.431517 0.581039 0.614094 0.550259 0.601139 0.945263 0.663726 0.853006 0.548025 0.912802 0.666242 0.731836 0.571494 0.977320 0.786939 0.863949 0.928427 0.696747 0.724301 0.944267 0.915255 0.740124 0.795944 0.925848 0.940627 0.649017 0.872109 0.778725 0.921906 0.979572 0.826937 0.808667 0.895624 0.884743 0.803454
0.570343 0.715226 0.710679 0.639705 0.932716 0.873152 0.492217 0.492977 0.884897 0.518570 0.433794 0.473607 0.000000 0.423491 0.368965 0.465598 0.531567 0.536936 0.502478 0.708752 0.992758 0.976934 0.601203 0.828131 0.987833 0.902897 0.963849 0.993198 0.531594 0.427117 0.577198 0.642081 0.460293 0.536206 0.877124 0.942691 0.902623 0.980580 0.854245 0.969754 0.964462 0.929927 0.507788 0.478007 0.606248 0.545406 0.510228 0.511817 0.618894 0.552192 0.591929 0.620267 0.696781 0.765323 0.703133 0.838151 0.670059 0.798224 0.464671 0.749387 0.414089 0.664884 0.366063 0.400821 0.840995 0.959386 0.529330 0.695659 0.992857 0.930691 0.614340 0.648820 0.704732 0.743766 0.897462 0.874736 0.598932 0.586537 0.558100 0.649929 0.582790 0.667396 0.537328 0.742311 0.700597 0.783921 0.894300 0.787236 0.691202 0.739797 0.874903 0.969879 0.958410 0.797555 0.887967 0.769440 0.715559 0.865325 0.584560 0.544326 0.698478 0.838629 0.555943 0.604351 0.625622 0.680257 0.883427 0.968927 0.775189 0.792602 0.877975 0.716861 0.663385 0.819362 0.621945 0.909683
0.536619 0.607930 0.924369 0.694289 0.912767 0.935932 0.727175 0.468334 0.916260 0.588213 0.507707 0.339240 0.423491 0.000000 0.487601 0.456662 0.542139 0.560763 0.538945 0.567898 0.971617 0.973856 0.579773 0.592306 0.979743 0.765919 0.985664 0.952212 0.489557 0.466068 0.694640 0.711233 0.586678 0.534059 0.997539 0.867864 0.837335 0.981330 0.934276 0.761058 0.952429 0.925563 0.655285 0.610377 0.662810 0.563058 0.631022 0.618315 0.537328 0.564754 0.700454 0.801401 0.903920 0.976612 0.746630 0.856439 0.683009 0.713316 0.571414 0.738978 0.535710 0.501245 0.376299 0.404286 0.977669 0.820791 0.730139 0.814105 0.881410 0.785812 0.675167 0.765583 0.799933 0.859535 0.759461 0.932779 0.740203 0.829629 0.734940 0.719843 0.541020 0.543424 0.577341 0.662639 0.487356 0.487669 0.955216 0.576764 0.844624 0.588758 0.874111 0.685885 0.698772 0.561199 0.904313 0.862240 0.981297 0.917463 0.802003 0.716347 0.921245 0.970353 0.818125 0.794165 0.844166 0.880113 0.794293 0.850981 0.790437 0.912736 0.937945 0.818705 0.828663 0.986451 0.923685 0.874468
0.694952 0.895779 0.698529 0.604639 0.783448 0.842921 0.564029 0.641763 0.778046 0.579840 0.567825 0.593458 0.368965 0.487601 0.000000 0.359249 0.636126 0.653832 0.542136 0.733976 0.908788 0.950166 0.398404 0.635509 0.989012 0.961898 0.858405 0.980820 0.608301 0.477125 0.439171 0.593981 0.468295 0.511086 0.914395 0.930015 0.858882 0.943882 0.937838 0.960653 0.907335 0.832226 0.641413 0.624195 0.706678 0.618613 0.729618 0.618969 0.755306 0.620658 0.706781 0.685356 0.733464 0.842528 0.878658 0.980332 0.803461 0.916040 0.701761 0.905290 0.642980 0.722648 0.450974 0.543523 0.796413 0.947464 0.582359 0.815948 0.946355 0.944237 0.560316 0.672706 0.663067 0.710556 0.845599 0.895292 0.612629 0.653831 0.732348 0.660690 0.655420 0.742321 0.668322 0.825280 0.595941 0.623974 0.808908 0.753587 0.740371 0.732893 0.938792 0.980811 0.976180 0.852810 0.858706 0.803820 0.822427 0.956285 0.780040 0.692390 0.716225 0.818999 0.735525 0.553645 0.744698 0.701234 0.994704 0.990522 0.784480 0.868234 0.929375 0.854954 0.807961 0.824708 0.653095 0.891882
0.853163 0.960148 0.816404 0.728673 0.771917 0.762354 0.720807 0.693269 0.901191 0.699006 0.672864 0.641344 0.465598 0.456662 0.359249 0.000000 0.773857 0.817286 0.698915 0.915983 0.947793 0.966597 0.503170 0.547918 0.911076 0.836150 0.986960 0.961695 0.702768 0.564572 0.585417 0.683506 0.597663 0.670282 0.948818 0.955559 0.864611 0.901882 0.927466 0.960905 0.918662 0.974754 0.632696 0.617373 0.778329 0.694298 0.759339 0.682241 0.806599 0.783708 0.829989 0.873707 0.962243 0.985428 0.917394 0.874592 0.915632 0.981778 0.718247 0.864314 0.678084 0.730596 0.538084 0.594643 0.831616 0.858883 0.648034 0.756716 0.911315 0.982644 0.635137 0.719559 0.902587 0.825378 0.797959 0.931572 0.821577 0.641810 0.810217 0.817349 0.790490 0.842663 0.788874 0.905922 0.675045 0.560468 0.831138 0.737663 0.829139 0.753690 0.905148 0.874824 0.867147 0.776265 0.864719 0.828064 0.887257 0.922093 0.910078 0.816203 0.829820 0.937739 0.826382 0.731768 0.792778 0.757537 0.952137 0.912653 0.807492 0.860384 0.913061 0.897158 0.851710 0.846202 0.798959 0.945481
0.339957 0.351577 0.974582 0.801287 0.859201 0.874492 0.714065 0.579041 0.895407 0.428738 0.343005 0.364547 0.531567 0.542139 0.636126 0.773857 0.000000 0.220555 0.371239 0.387246 0.761596 0.889119 0.784503 0.990903 0.993655 0.767638 0.906772 0.980160 0.337258 0.286795 0.676556 0.671471 0.492440 0.446016 0.961159 0.963697 0.752179 0.841230 0.877151 0.760951 0.670535 0.824834 0.716518 0.620419 0.674154 0.551723 0.569073 0.546618 0.439947 0.650316 0.749514 0.891393 0.887813 0.941056 0.704833 0.768234 0.338868 0.424638 0.581421 0.817334 0.626621 0.732919 0.330949 0.277131 0.729124 0.736434 0.888447 0.918928 0.693609 0.675367 0.759817 0.655760 0.652337 0.841685 0.957891 0.950971 0.699892 0.710727 0.482249 0.448287 0.264614 0.341543 0.518111 0.435308 0.595700 0.780549 0.972308 0.743818 0.983384 0.680098 0.785201 0.653497 0.689851 0.555380 0.897135 0.812586 0.832581 0.867621 0.755449 0.755162 0.971295 0.891837 0.722522 0.677964 0.953618 0.935846 0.713155 0.779240 0.810326 0.915767 0.966273 0.860046 0.711933 0.971873 0.889251 0.849722
0.296322 0.356115 0.999986 0.830291 0.892512 0.799236 0.745509 0.654938 0.817124 0.485492 0.328378 0.378774 0.536936 0.560763 0.653832 0.817286 0.220555 0.000000 0.324084 0.365940 0.731866 0.879989 0.759430 0.940221 0.951125 0.757080 0.956830 0.977491 0.316646 0.301792 0.702370 0.723506 0.513259 0.489283 0.886087 0.973155 0.752036 0.861628 0.880360 0.789242 0.647651 0.832391 0.799304 0.671905 0.761041 0.633332 0.668278 0.591034 0.507419 0.702946 0.805262 0.916080 0.894573 0.943473 0.725919 0.756670 0.327535 0.421131 0.612852 0.849966 0.672512 0.834916 0.339761 0.307734 0.696455 0.673773 0.952563 0.971528 0.615662 0.697864 0.742953 0.675363 0.645202 0.805010 0.983712 0.976309 0.713354 0.718732 0.475849 0.421414 0.280220 0.297355 0.471346 0.444461 0.579611 0.802469 0.974945 0.701801 0.978428 0.705913 0.801887 0.647583 0.640193 0.547995 0.853138 0.824127 0.859164 0.877344 0.783696 0.796545 0.913384 0.877877 0.763846 0.731288 0.976059 0.967856 0.745794 0.807546 0.872206 0.966172 0.933442 0.938874 0.724733 0.988975 0.939106 0.888546
0.407201 0.507810 0.924844 0.776728 0.976337 0.854811 0.646210 0.696535 0.886261 0.585920 0.396444 0.520056 0.502478 0.538945 0.542136 0.698915 0.371239 0.324084 0.000000 0.375861 0.764562 0.931242 0.563384 0.790184 0.869755 0.742976 0.899979 0.901757 0.393314 0.357200 0.610601 0.632981 0.466059 0.514478 0.933962 0.967860 0.785452 0.856441 0.814881 0.891964 0.704736 0.856530 0.826229 0.720835 0.782352 0.695622 0.669762 0.630620 0.656412 0.730219 0.816206 0.931367 0.913857 0.960980 0.672347 0.747398 0.418242 0.563487 0.722920 0.966953 0.745469 0.874966 0.424717 0.450948 0.770527 0.678291 0.878710 0.970382 0.584192 0.677679 0.632395 0.743034 0.601405 0.725335 0.932234 0.964267 0.653216 0.730550 0.501450 0.400156 0.355841 0.384088 0.445493 0.451574 0.524784 0.725083 0.942919 0.617677 0.894677 0.665118 0.830460 0.735686 0.663756 0.640033 0.855499 0.781817 0.882544 0.920875 0.869277 0.836472 0.969835 0.954721 0.806495 0.684113 0.951381 0.882310 0.921138 0.719162 0.879902 0.961020 0.934957 0.944476 0.756951 0.882639 0.991301 0.828498
0.366718 0.379169 0.972142 0.731191 0.918161 0.812005 0.874998 0.671157 0.774446 0.638672 0.485798 0.475506 0.708752 0.567898 0.733976 0.915983 0.387246 0.365940 0.375861 0.000000 0.784089 0.949311 0.660238 0.817267 0.803011 0.884944 0.919884 0.964151 0.424410 0.473989 0.767052 0.761082 0.632594 0.600228 0.894430 0.906517 0.830552 0.776480 0.887172 0.794451 0.672015 0.745795 0.999055 0.875585 0.854543 0.733298 0.756997 0.737761 0.557859 0.662252 0.910513 0.993185 0.972509 0.810617 0.707123 0.827050 0.398344 0.431395 0.735970 0.931136 0.875836 0.759447 0.550291 0.529576 0.715777 0.747001 0.897625 0.856395 0.470155 0.550484 0.829154 0.967497 0.690470 0.859302 0.930370 0.916285 0.741778 0.954143 0.655556 0.528755 0.364404 0.300794 0.420355 0.409705 0.465443 0.640459 0.954668 0.599537 0.992553 0.643184 0.707459 0.579314 0.652847 0.541120 0.877623 0.946148 0.954228 0.869720 0.993594 0.995796 0.808772 0.786547 0.970757 0.927915 0.958686 0.921243 0.816255 0.708659 0.979369 0.947797 0.945383 0.981506 0.897115 0.999789 0.882479 0.807436
0.700233 0.768676 0.947297 0.975204 0.969388 0.907460 0.932576 0.941918 0.902922 0.763234 0.865553 0.931920 0.992758 0.971617 0.908788 0.947793 0.761596 0.731866 0.764562 0.784089 0.000000 0.992150 0.914979 0.976087 0.993544 0.966813 0.950947 0.879862 0.789881 0.843517 0.714972 0.802184 0.830092 0.836933 0.896175 0.975677 0.799888 0.989701 0.749974 0.848714 0.841001 0.825322 0.903596 0.819376 0.940415 0.849946 0.817307 0.811295 0.808679 0.993706 0.958668 0.993656 0.940722 0.901056 0.845255 0.906862 0.743897 0.818506 0.939909 0.981478 0.998058 0.971485 0.827456 0.841335 0.914308 0.791369 0.893170 0.938200 0.778805 0.855134 0.889824 0.846678 0.892344 0.859321 0.776936 0.976428 0.998195 0.861579 0.903664 0.677825 0.726206 0.753783 0.796430 0.820352 0.822629 0.999703 0.889393 0.994323 0.995127 0.867803 0.869611 0.913181 0.895034 0.865803 0.969706 0.937662 0.974748 0.991275 0.915872 0.972832 0.922957 0.969825 0.849183 0.839173 0.913565 0.897480 0.952913 0.903674 0.955145 0.735293 0.961392 0.984753 0.935715 0.957633 0.950833 0.933632
0.971224 0.920959 0.984191 0.973034 0.867637 0.879712 0.990479 0.940007 0.978102 0.982284 0.998349 0.956799 0.976934 0.973856 0.950166 0.966597 0.889119 0.879989 0.931242 0.949311 0.992150 0.000000 0.931050 0.890731 0.943337 0.961142 0.995457 0.941150 0.998856 0.877675 0.961408 0.985209 0.988956 0.865297 0.870914 0.800479 0.922104 0.731779 0.950535 0.997161 0.968958 0.913763 0.984172 0.980265 0.951681 0.980096 0.932297 0.909926 0.919352 0.999371 0.975205 0.967023 0.994374 0.993997 0.910698 0.873469 0.968571 0.961693 0.825608 0.995443 0.914772 0.997998 0.988618 0.966780 0.874319 0.974389 0.948572 0.966895 0.997212 0.919008 0.960280 0.910737 0.976190 0.943202 0.870981 0.980391 0.972571 0.990101 0.929751 0.948209 0.906739 0.917069 0.995621 0.907233 0.935488 0.919831 0.966928 0.943627 0.994103 0.957928 0.895447 0.904392 0.882181 0.944753 0.905821 0.915445 0.898731 0.866608 0.924825 0.888168 0.957903 0.797130 0.917867 0.849093 0.850650 0.965558 0.971180 0.839628 0.953638 0.957483 0.966714 0.982533 0.962822 0.917577 0.952541 0.919481
0.748618 0.890618 0.642578 0.599800 0.743854 0.981844 0.704010 0.796256 0.957071 0.756391 0.750085 0.779910 0.601203 0.579773 0.398404 0.503170 0.784503 0.759430 0.563384 0.660238 0.914979 0.931050 0.000000 0.412990 0.794247 0.983036 0.708636 0.794646 0.646967 0.597597 0.466923 0.617406 0.556482 0.658949 0.977913 0.903078 0.830217 0.985718 0.952911 0.926536 0.911339 0.731747 0.968400 0.894051 0.918286 0.826860 0.842206 0.841932 0.891127 0.726949 0.862096 0.888545 0.912350 0.985325 0.972772 0.846271 0.819013 0.903161 0.935064 0.888674 0.956041 0.915169 0.722671 0.798267 0.886199 0.912164 0.838517 0.911916 0.715484 0.808705 0.675718 0.943948 0.682690 0.688092 0.810740 0.964511 0.818009 0.773985 0.901151 0.732234 0.752912 0.702219 0.631567 0.816935 0.477278 0.478637 0.769161 0.595441 0.783368 0.854399 0.896516 0.917486 0.881996 0.799226 0.883946 0.971919 0.896569 0.782478 0.920623 0.983703 0.985098 0.999562 0.986428 0.717598 0.843859 0.800784 0.939408 0.856321 0.914105 0.997912 0.950776 0.926160 0.950777 0.910644 0.932102 0.882756
0.890326 0.993486 0.855991 0.753217 0.670747 0.923854 0.944711 0.930870 0.936384 0.961586 0.920854 0.816978 0.828131 0.592306 0.635509 0.547918 0.990903 0.940221 0.790184 0.817267 0.976087 0.890731 0.412990 0.000000 0.893245 0.936152 0.861863 0.835730 0.844385 0.794699 0.753392 0.813297 0.854122 0.875844 0.969332 0.801758 0.926868 0.939366 0.989957 0.853938 0.866412 0.781391 0.965166 0.992850 0.976649 0.925497 0.985935 0.995428 0.954228 0.853234 0.976322 0.937468 0.917212 0.857684 0.874658 0.855785 0.985659 0.999567 0.946005 0.992417 0.959659 0.902572 0.853631 0.920318 0.940441 0.952146 0.993359 0.859356 0.894767 0.913873 0.828037 0.985342 0.951356 0.925983 0.901740 0.953854 0.962595 0.989677 0.915809 0.934880 0.929573 0.845401 0.789546 0.888656 0.593979 0.454733 0.845326 0.594192 0.927423 0.795563 0.787323 0.795664 0.740326 0.772306 0.974409 0.967375 0.840765 0.751467 0.741916 0.859712 0.884138 0.842476 0.816428 0.981358 0.941023 0.954181 0.972410 0.809202 0.991559 0.871391 0.930746 0.877005 0.886978 0.986455 0.870512 0.954173
0.875927 0.782872 0.894250 0.893299 0.875632 0.916037 0.993814 0.958457 0.964124 0.898894 0.903508 0.906127 0.987833 0.979743 0.989012 0.911076 0.993655 0.951125 0.869755 0.803011 0.993544 0.943337 0.794247 0.893245 0.000000 0.649366 0.738456 0.929302 0.977373 0.997350 0.838875 0.844544 0.987667 0.978970 0.827346 0.958277 0.806317 0.997114 0.799298 0.998576 0.912218 0.831525 0.883052 0.983897 0.971590 0.923842 0.994987 0.980578 0.927518 0.802305 0.993911 0.892586 0.899047 0.976488 0.957877 0.923767 0.791941 0.793550 0.920720 0.998559 0.865566 0.949242 0.920228 0.898399 0.921512 0.899120 0.870087 0.827409 0.881294 0.738097 0.984067 0.752608 0.996786 0.963783 0.992370 0.972396 0.848078 0.951229 0.960219 0.852306 0.865144 0.804236 0.816612 0.835611 0.761769 0.854935 0.822582 0.804272 0.763465 0.971799 0.925253 0.934230 0.999599 0.969818 0.998770 0.968894 0.879575 0.961962 0.896914 0.916294 0.884399 0.891096 0.962953 0.920889 0.963052 0.965830 0.854597 0.916698 0.920263 0.968403 0.907931 0.966543 0.834934 0.818111 0.874848 0.774064
0.831596 0.867152 0.534751 0.706639 0.858468 0.845584 0.806182 0.842362 0.758413 0.993381 0.811038 0.775124 0.902897 0.765919 0.961898 0.836150 0.767638 0.757080 0.742976 0.884944 0.966813 0.961142 0.983036 0.936152 0.649366 0.000000 0.950415 0.958020 0.897336 0.773253 0.818689 0.856412 0.915533 0.983517 0.641374 0.945480 0.934795 0.846231 0.886454 0.805883 0.913262 0.969081 0.885247 0.897766 0.742053 0.797225 0.982295 0.864631 0.904527 0.689674 0.739469 0.609943 0.677675 0.679467 0.959801 0.957982 0.819329 0.861406 0.917829 0.992456 0.922137 0.794063 0.767444 0.773412 0.519826 0.685079 0.816982 0.770259 0.907619 0.855421 0.946073 0.803313 0.984167 0.964284 0.960381 0.975273 0.955421 0.982696 0.829561 0.919480 0.889966 0.785073 0.893630 0.942260 0.968832 0.935677 0.732358 0.857020 0.767551 0.933955 0.676665 0.676157 0.593104 0.663908 0.742687 0.908507 0.966591 0.740366 0.921852 0.863486 0.809760 0.731584 0.879854 0.949014 0.673532 0.812187 0.814219 0.814344 0.981151 0.877632 0.751495 0.819764 0.837729 0.847612 0.843825 0.830642
0.919573 0.981091 0.991224 0.938607 0.753080 0.811666 0.857166 0.781830 0.982927 0.777987 0.995840 0.935822 0.963849 0.985664 0.858405 0.986960 0.906772 0.956830 0.899979 0.919884 0.950947 0.995457 0.708636 0.861863 0.738456 0.950415 0.000000 0.907593 0.899866 0.976282 0.916393 0.907742 0.981069 0.856003 0.816617 0.971311 0.883139 0.978708 0.834791 0.931117 0.967936 0.922238 0.673484 0.655387 0.682517 0.733599 0.862748 0.692926 0.766158 0.985902 0.719411 0.803846 0.803175 0.738334 0.719074 0.668312 0.907897 0.938680 0.879810 0.987256 0.745723 0.757930 0.891759 0.841932 0.959859 0.856009 0.767552 0.614831 0.737053 0.823553 0.930156 0.764948 0.943486 0.983702 0.954033 0.987650 0.948225 0.980947 0.826196 0.935011 0.984279 0.880451 0.846734 0.987053 0.768349 0.776469 0.836410 0.810404 0.869236 0.949141 0.962264 0.955124 0.872820 0.998148 0.997460 0.991372 0.927170 0.789662 0.683896 0.737741 0.843450 0.893403 0.856155 0.989025 0.853738 0.944680 0.868968 0.836290 0.843738 0.860530 0.866272 0.819388 0.826349 0.981732 0.898665 0.980987
0.931490 0.858393 0.901360 0.978714 0.857117 0.820779 0.982865 0.813772 0.886111 0.972893 0.984006 0.870302 0.993198 0.952212 0.980820 0.961695 0.980160 0.977491 0.901757 0.964151 0.879862 0.941150 0.794646 0.835730 0.929302 0.958020 0.907593 0.000000 0.909504 0.906067 0.956470 0.844565 0.965096 0.960903 0.922558 0.998891 0.939794 0.933829 0.964254 0.920820 0.910225 0.884386 0.845834 0.855178 0.866612 0.927420 0.977509 0.846705 0.831743 0.870365 0.831916 0.827184 0.886493 0.924428 0.917687 0.958734 0.993779 0.996733 0.835865 0.782039 0.810129 0.827444 0.912626 0.923679 0.985927 0.822958 0.891925 0.863910 0.832202 0.961770 0.921926 0.946100 0.977092 0.904420 0.936466 0.911132 0.877010 0.994881 0.974281 0.909659 0.974146 0.926842 0.810265 0.917968 0.969526 0.953808 0.857468 0.914840 0.803172 0.898647 0.868886 0.958528 0.910285 0.938259 0.854882 0.758265 0.923640 0.765875 0.776014 0.835665 0.751039 0.926905 0.850611 0.933368 0.925529 0.963800 0.968519 0.957406 0.979799 0.971479 0.934091 0.839595 0.838066 0.904009 0.902475 0.916228
0.413481 0.446924 0.868559 0.749548 0.898806 0.878412 0.687641 0.591160 0.876370 0.462574 0.410035 0.455307 0.531594 0.489557 0.608301 0.702768 0.337258 0.316646 0.393314 0.424410 0.789881 0.998856 0.646967 0.844385 0.977373 0.897336 0.899866 0.909504 0.000000 0.292983 0.590978 0.558620 0.429355 0.386660 0.989958 0.927522 0.766873 0.825756 0.960618 0.783505 0.737955 0.791571 0.727994 0.622699 0.659460 0.531789 0.674718 0.565174 0.468807 0.614233 0.690213 0.826896 0.831319 0.977807 0.718673 0.692381 0.465800 0.514724 0.593138 0.896180 0.618533 0.681218 0.378172 0.336935 0.811501 0.816942 0.844537 0.899272 0.670438 0.609162 0.777815 0.751845 0.646085 0.781635 0.914015 0.989744 0.778870 0.672783 0.472592 0.463901 0.307412 0.355825 0.435653 0.436904 0.479528 0.711447 0.876112 0.600111 0.980812 0.705189 0.827514 0.647391 0.700874 0.553547 0.905174 0.851174 0.845324 0.905876 0.816781 0.766317 0.936906 0.972988 0.768711 0.716111 0.818340 0.923455 0.784675 0.804197 0.891724 0.989023 0.975987 0.948013 0.711277 0.943760 0.964598 0.768602
0.443733 0.509309 0.876573 0.788359 0.996820 0.929565 0.617627 0.617518 0.953442 0.446616 0.391198 0.445911 0.427117 0.466068 0.477125 0.564572 0.286795 0.301792 0.357200 0.473989 0.843517 0.877675 0.597597 0.794699 0.997350 0.773253 0.976282 0.906067 0.292983 0.000000 0.520706 0.575551 0.396012 0.378859 0.950218 0.944170 0.749455 0.881633 0.916350 0.800349 0.716348 0.845735 0.659356 0.550084 0.635331 0.531594 0.614235 0.528974 0.516048 0.645870 0.730480 0.866346 0.840299 0.997643 0.732854 0.826020 0.452132 0.545818 0.639504 0.898124 0.611820 0.760646 0.331725 0.291597 0.841258 0.785013 0.793590 0.861979 0.772003 0.665735 0.721141 0.649076 0.670226 0.771774 0.970213 0.942611 0.740004 0.649645 0.448808 0.468899 0.298189 0.389416 0.461269 0.423869 0.546364 0.711873 0.909541 0.659118 0.982260 0.744767 0.769914 0.656227 0.647030 0.534319 0.889364 0.832367 0.846534 0.826845 0.851718 0.779225 0.970893 0.955201 0.784973 0.650074 0.917403 0.899899 0.818382 0.812688 0.793034 0.887457 0.958346 0.879149 0.706898 0.864472 0.859532 0.855582
0.751135 0.839847 0.548935 0.598073 0.867721 0.874468 0.480838 0.632762 0.788896 0.514799 0.792793 0.786413 0.577198 0.694640 0.439171 0.585417 0.676556 0.702370 0.610601 0.767052 0.714972 0.961408 0.466923 0.753392 0.838875 0.818689 0.916393 0.956470 0.590978 0.520706 0.000000 0.410604 0.435832 0.453908 0.802304 0.925699 0.751763 0.807754 0.772204 0.953077 0.920307 0.846726 0.550172 0.506324 0.510161 0.464181 0.647780 0.528534 0.662292 0.578725 0.603919 0.613148 0.621141 0.741292 0.845179 0.897018 0.751741 0.879364 0.902151 0.930993 0.725812 0.778860 0.646672 0.660968 0.810103 0.970392 0.648961 0.715646 0.898718 0.789163 0.585008 0.690110 0.660861 0.623693 0.802197 0.997899 0.648434 0.551680 0.700809 0.605361 0.600645 0.776449 0.733402 0.717433 0.599908 0.758687 0.765214 0.883202 0.745578 0.860098 0.914674 0.945350 0.952129 0.942217 0.777812 0.862644 0.780010 0.973202 0.782473 0.678166 0.694176 0.757161 0.631788 0.556360 0.653805 0.716748 0.991238 0.984218 0.755216 0.998606 0.772461 0.839423 0.629607 0.781587 0.752900 0.958749
0.782231 0.821315 0.618313 0.673946 0.969140 0.824386 0.522836 0.628049 0.832934 0.594678 0.830322 0.825725 0.642081 0.711233 0.593981 0.683506 0.671471 0.723506 0.632981 0.761082 0.802184 0.985209 0.617406 0.813297 0.844544 0.856412 0.907742 0.844565 0.558620 0.575551 0.410604 0.000000 0.428258 0.474166 0.663998 0.948773 0.835714 0.781374 0.688934 0.973197 0.848342 0.808755 0.559164 0.525479 0.500890 0.484626 0.622976 0.502242 0.638526 0.609206 0.591054 0.675552 0.668495 0.757343 0.769642 0.721788 0.763744 0.908766 0.940475 0.869359 0.737853 0.714375 0.708698 0.677583 0.889432 0.960861 0.664640 0.701055 0.991421 0.675116 0.571610 0.724513 0.689973 0.737766 0.691547 0.918159 0.658562 0.589407 0.727708 0.599490 0.579270 0.770937 0.688974 0.719916 0.640897 0.766513 0.597574 0.824007 0.878753 0.848653 0.968652 0.992373 0.972374 0.932609 0.906810 0.843237 0.795213 0.906955 0.807765 0.640059 0.831770 0.822658 0.659335 0.626119 0.639079 0.841707 0.946282 0.992479 0.783255 0.954670 0.811642 0.717529 0.683944 0.716194 0.805235 0.879133
0.603937 0.713721 0.558415 0.551852 0.920565 0.822335 0.397630 0.504739 0.853840 0.478912 0.532507 0.612849 0.460293 0.586678 0.468295 0.597663 0.492440 0.513259 0.466059 0.632594 0.830092 0.988956 0.556482 0.854122 0.987667 0.915533 0.981069 0.965096 0.429355 0.396012 0.435832 0.428258 0.000000 0.403966 0.843579 0.885698 0.698144 0.774327 0.809341 0.907992 0.832235 0.856528 0.539030 0.456025 0.489681 0.451869 0.690593 0.448560 0.610021 0.567407 0.548617 0.640377 0.682064 0.750817 0.719291 0.837067 0.668997 0.800880 0.727497 0.965214 0.568266 0.675309 0.495538 0.482290 0.871829 0.993337 0.554066 0.660687 0.863422 0.656826 0.585537 0.575893 0.595987 0.630353 0.844299 0.982486 0.606978 0.506319 0.570856 0.505192 0.467988 0.645073 0.610744 0.572476 0.629119 0.782580 0.809841 0.740751 0.849340 0.766560 0.945192 0.992682 0.960819 0.852557 0.909270 0.797040 0.714317 0.903935 0.709365 0.611564 0.772143 0.789375 0.641157 0.495967 0.701882 0.647724 0.992512 0.988993 0.748860 0.973408 0.848757 0.671984 0.566682 0.798797 0.762766 0.921217
0.587722 0.620300 0.702511 0.679173 0.944657 0.989700 0.480918 0.482063 0.998411 0.467505 0.607124 0.528493 0.536206 0.534059 0.511086 0.670282 0.446016 0.489283 0.514478 0.600228 0.836933 0.865297 0.658949 0.875844 0.978970 0.983517 0.856003 0.960903 0.386660 0.378859 0.453908 0.474166 0.403966 0.000000 0.820822 0.911832 0.796262 0.739095 0.831059 0.898013 0.859930 0.886396 0.518854 0.431379 0.438151 0.385522 0.609697 0.451766 0.484269 0.529401 0.569888 0.669228 0.658589 0.802762 0.744011 0.720197 0.622390 0.670375 0.709795 0.941229 0.543671 0.596134 0.424427 0.426170 0.979067 0.976088 0.608184 0.616602 0.893917 0.726069 0.641940 0.637507 0.666255 0.725654 0.873711 0.972725 0.599472 0.644514 0.554769 0.554920 0.431856 0.602445 0.581046 0.481178 0.620394 0.799112 0.867941 0.734592 0.956362 0.759661 0.943892 0.840693 0.862030 0.770821 0.922783 0.713099 0.821947 0.925738 0.700385 0.615127 0.809689 0.835910 0.662964 0.604583 0.803338 0.825460 0.869925 0.913281 0.769584 0.938269 0.890404 0.728611 0.629990 0.855285 0.792296 0.851002
0.948246 0.959152 0.583059 0.703784 0.953486 0.760442 0.669502 0.750770 0.711502 0.958712 0.868366 0.876561 0.877124 0.997539 0.914395 0.948818 0.961159 0.886087 0.933962 0.894430 0.896175 0.870914 0.977913 0.969332 0.827346 0.641374 0.816617 0.922558 0.989958 0.950218 0.802304 0.663998 0.843579 0.820822 0.000000 0.928856 0.881780 0.912975 0.854812 0.916516 0.976681 0.963337 0.648326 0.713282 0.633963 0.725483 0.781581 0.718303 0.897161 0.738563 0.628609 0.628888 0.647794 0.644988 0.783213 0.712433 0.962945 0.906979 0.947221 0.989345 0.706113 0.780407 0.970643 0.909692 0.639416 0.695786 0.624799 0.600839 0.869710 0.954586 0.984776 0.977982 0.990383 0.953637 0.806724 0.844606 0.818847 0.822030 0.932117 0.998721 0.961730 0.788129 0.944217 0.997689 0.951712 0.978732 0.708969 0.885542 0.843561 0.946898 0.762092 0.789364 0.796273 0.771229 0.801717 0.987593 0.905469 0.697961 0.800897 0.659701 0.739099 0.735485 0.757779 0.870857 0.529056 0.787889 0.930936 0.940938 0.934082 0.984674 0.871148 0.784185 0.703066 0.830632 0.734881 0.936752
0.852261 0.972722 0.937369 0.858545 0.979179 0.991720 0.980991 0.936359 0.915287 0.952525 0.972992 0.854831 0.942691 0.867864 0.930015 0.955559 0.963697 0.973155 0.967860 0.906517 0.975677 0.800479 0.903078 0.801758 0.958277 0.945480 0.971311 0.998891 0.927522 0.944170 0.925699 0.948773 0.885698 0.911832 0.928856 0.000000 0.896714 0.920678 0.979727 0.944110 0.986276 0.970862 0.992981 0.952780 0.965686 0.992399 0.974947 0.969990 0.984730 0.896693 0.960082 0.895490 0.908887 0.981260 0.983070 0.879403 0.963510 0.982064 0.854633 0.855364 0.921969 0.947017 0.912331 0.977890 0.916695 0.928376 0.950463 0.926004 0.973175 0.920178 0.912829 0.964695 0.940473 0.922015 0.995076 0.943098 0.888072 0.791382 0.956891 0.927440 0.959090 0.997182 0.978282 0.980188 0.857431 0.857681 0.808997 0.945950 0.817126 0.825666 0.942506 0.989095 0.997895 0.978157 0.876252 0.913559 0.969801 0.997985 0.948782 0.957881 0.954603 0.977820 0.970913 0.948485 0.929899 0.990250 0.949580 0.920829 0.826039 0.778866 0.957352 0.918123 0.919343 0.793798 0.995608 0.949905
0.770828 0.792564 0.956599 0.919618 0.870828 0.961621 0.873259 0.834129 0.943850 0.708414 0.785121 0.779701 0.902623 0.837335 0.858882 0.864611 0.752179 0.752036 0.785452 0.830552 0.799888 0.922104 0.830217 0.926868 0.806317 0.934795 0.883139 0.939794 0.766873 0.749455 0.751763 0.835714 0.698144 0.796262 0.881780 0.896714 0.000000 0.791272 0.926898 0.793863 0.838230 0.822104 0.923529 0.876683 0.868400 0.862247 0.972493 0.970007 0.856764 0.923856 0.877654 0.947662 0.982364 0.953967 0.977756 0.960960 0.826244 0.843763 0.909212 0.990419 0.959473 0.859222 0.829134 0.747724 0.984339 0.989200 0.982539 0.924410 0.841324 0.738833 0.751915 0.765406 0.934230 0.885234 0.851518 0.980272 0.841016 0.731077 0.854595 0.704660 0.693996 0.688942 0.814937 0.853242 0.759851 0.774461 0.909312 0.883744 0.939648 0.777411 0.919552 0.903584 0.892208 0.876907 0.967951 0.839157 0.798596 0.856847 0.970634 0.907958 0.972196 0.875782 0.828309 0.820764 0.988029 0.832100 0.948789 0.905247 0.793740 0.950586 0.862287 0.800174 0.883074 0.960610 0.868999 0.862414
0.944283 0.964062 0.889985 0.806758 0.971316 0.881833 0.727645 0.795229 0.782411 0.720239 0.858986 0.898421 0.980580 0.981330 0.943882 0.901882 0.841230 0.861628 0.856441 0.776480 0.989701 0.731779 0.985718 0.939366 0.997114 0.846231 0.978708 0.933829 0.825756 0.881633 0.807754 0.781374 0.774327 0.739095 0.912975 0.920678 0.791272 0.000000 0.983402 0.979565 0.849345 0.872147 0.794310 0.837803 0.683706 0.795567 0.940865 0.826129 0.845032 0.806320 0.691175 0.754607 0.688895 0.710598 0.856821 0.803749 0.956568 0.883175 0.939339 0.752128 0.903405 0.744714 0.978899 0.927189 0.893667 0.816085 0.833687 0.848627 0.913420 0.928183 0.744247 0.644048 0.586440 0.599366 0.931799 0.926624 0.665731 0.841597 0.901636 0.821434 0.770853 0.924698 0.988651 0.820216 0.896356 0.998590 0.813814 0.955632 0.969159 0.832542 0.767090 0.849038 0.865755 0.805845 0.986647 0.759842 0.826560 0.870435 0.865634 0.744508 0.834939 0.834360 0.789566 0.875759 0.963520 0.966244 0.953342 0.913324 0.823985 0.953988 0.872413 0.691914 0.905140 0.920128 0.988902 0.937365
