0.000000 0.186714 0.396572 0.436807 0.715327 0.749125 0.316651 0.365754 0.739087 0.744352 0.453362 0.341842 0.275550 0.358142 0.557689 0.553293 0.428877 0.396232 0.281552 0.302034 0.506039 0.910635 0.550052 0.556031 0.555949 0.621779 0.800800 0.807136 0.695731 0.715292 0.712279 0.891564 0.293380 0.290232 0.435868 0.747591 0.374197 0.523007 0.572026 0.675804 0.718587 0.895906 0.665728 0.597948 0.728123 0.663190 0.379811 0.410997 0.743822 0.517512 0.636685 0.562489 0.951407 0.778213 0.328846 0.502645 0.296546 0.211363 0.250183 0.313110 0.225147 0.372516 0.362883 0.391278 0.454701 0.336392 0.291307 0.383625 0.257204 0.273568 0.644529 0.863972 0.658555 0.688969 0.755947 0.815405 0.615369 0.827427 0.575847 0.548657 0.299791 0.271674 0.404614 0.376816 0.315289 0.336612 0.572807 0.661074 0.444358 0.437003 0.801570 0.727043 0.968047 0.879740 0.660139 0.901484 0.450224 0.882653 0.867844 0.900992 0.648282 0.844025 0.902171 0.846566 0.586535 0.503502 0.848343 0.970062 0.841043 0.636666 0.953461 0.751896 0.862345 0.950177 0.704124 0.956402
0.186714 0.000000 0.424453 0.415812 0.725970 0.748988 0.305899 0.276410 0.762681 0.816744 0.472164 0.282238 0.291624 0.315233 0.561683 0.536674 0.359786 0.332095 0.235966 0.241143 0.553714 0.900327 0.504906 0.536359 0.627807 0.738001 0.795872 0.863082 0.587054 0.607130 0.708120 0.793318 0.268414 0.285411 0.507332 0.777565 0.412043 0.518891 0.610716 0.693949 0.734243 0.815619 0.518517 0.490790 0.660854 0.603983 0.317129 0.352857 0.675328 0.469470 0.580169 0.498794 0.914807 0.849164 0.388142 0.512736 0.246861 0.164050 0.257627 0.308012 0.244451 0.347506 0.305149 0.310183 0.519930 0.364686 0.281500 0.348834 0.338136 0.322030 0.521409 0.732910 0.644600 0.681602 0.796058 0.705087 0.488289 0.684591 0.426296 0.494533 0.251060 0.264358 0.413023 0.430281 0.362692 0.377701 0.616412 0.661564 0.510017 0.469493 0.897494 0.856197 0.938909 0.915319 0.648700 0.817744 0.394878 0.844186 0.749625 0.760030 0.745561 0.896921 0.786887 0.786363 0.524600 0.452433 0.830530 0.832969 0.837639 0.598961 0.865141 0.680245 0.784402 0.913478 0.586690 0.924889
0.396572 0.424453 0.000000 0.213304 0.640755 0.801196 0.345987 0.558978 0.660045 0.547474 0.845539 0.667275 0.269709 0.584546 0.393352 0.430682 0.776034 0.777643 0.512802 0.530275 0.538992 0.815817 0.303588 0.295660 0.280049 0.319103 0.528001 0.720673 0.866539 0.836579 0.674212 0.872153 0.490065 0.631416 0.355180 0.882360 0.317620 0.509210 0.387740 0.691220 0.692616 0.951934 0.927293 0.913238 0.957108 0.992524 0.616405 0.595574 0.905510 0.726159 0.939094 0.724489 0.996688 0.745312 0.292487 0.507192 0.618136 0.439283 0.462736 0.432892 0.341578 0.417006 0.771438 0.780305 0.168115 0.192268 0.324798 0.423056 0.332393 0.438227 0.665691 0.885001 0.693414 0.790255 0.895512 0.892948 0.720803 0.921485 0.688040 0.826777 0.648627 0.467676 0.598315 0.457643 0.192933 0.213631 0.498321 0.604588 0.282447 0.309313 0.850873 0.854561 0.864262 0.911395 0.634297 0.972720 0.575678 0.888179 0.855056 0.891225 0.585142 0.804272 0.767995 0.745356 0.588624 0.560094 0.871567 0.947248 0.856508 0.771022 0.988609 0.973966 0.932146 0.868076 0.740623 0.872273
0.436807 0.415812 0.213304 0.000000 0.648454 0.800834 0.377560 0.458859 0.726225 0.577283 0.956792 0.619377 0.304790 0.523007 0.373109 0.377339 0.810862 0.749457 0.504298 0.511093 0.564755 0.894160 0.251004 0.229973 0.303386 0.407436 0.497635 0.753757 0.916891 0.867962 0.683607 0.998030 0.506043 0.632388 0.408464 0.812584 0.367248 0.519295 0.371189 0.664123 0.735987 0.866410 0.845011 0.866569 0.971058 0.951613 0.589967 0.545178 0.936984 0.718993 0.918793 0.725597 0.995749 0.728280 0.333873 0.542385 0.597117 0.414189 0.490049 0.461402 0.392546 0.420908 0.773583 0.748795 0.214549 0.231072 0.345388 0.432226 0.430371 0.503377 0.644188 0.893742 0.833641 0.918895 0.888385 0.878393 0.672497 0.969351 0.652465 0.843513 0.624939 0.492775 0.579654 0.448561 0.214268 0.210495 0.473851 0.580503 0.333476 0.269674 0.948094 0.897182 0.782109 0.888323 0.663265 0.879141 0.561297 0.942161 0.931330 0.986998 0.592589 0.759659 0.835095 0.801437 0.540240 0.478243 0.875307 0.851851 0.887081 0.717178 0.956937 0.895251 0.933049 0.898485 0.756927 0.896102
0.715327 0.725970 0.640755 0.648454 0.000000 0.982692 0.643413 0.716938 0.848610 0.891400 0.912371 0.810371 0.560675 0.746540 0.607222 0.591478 0.856020 0.871062 0.709724 0.776767 0.799971 0.888116 0.552622 0.617156 0.600202 0.669441 0.762268 0.846837 0.957430 0.967754 0.694019 0.984552 0.743634 0.765035 0.758691 0.868791 0.707955 0.827433 0.828000 0.771295 0.944148 0.909345 0.849288 0.870159 0.960851 0.986292 0.846641 0.737558 0.970342 0.932103 0.945497 0.885068 0.980322 0.822030 0.749088 0.811733 0.753748 0.743183 0.752400 0.746076 0.691666 0.698941 0.871027 0.835728 0.630699 0.628187 0.698823 0.732883 0.666902 0.662616 0.800814 0.785377 0.828853 0.964148 0.955862 0.916122 0.911736 0.972821 0.870813 0.833870 0.785233 0.804784 0.668008 0.771563 0.635064 0.637573 0.843559 0.761166 0.738672 0.698445 0.996583 0.982561 0.817962 0.996994 0.724690 0.875545 0.825951 0.959907 0.964094 0.931139 0.843603 0.909697 0.980918 0.998041 0.843545 0.693246 0.893085 0.930440 0.900442 0.913767 0.972460 0.962018 0.991297 0.906371 0.772826 0.885311
0.749125 0.748988 0.801196 0.800834 0.982692 0.000000 0.748091 0.795378 0.954853 0.961712 0.806489 0.780380 0.805578 0.800480 0.810008 0.768659 0.759204 0.690191 0.752900 0.800320 0.702601 0.870967 0.893802 0.846009 0.930062 0.918911 0.946098 0.744852 0.839469 0.859271 0.844679 0.903134 0.815153 0.804288 0.912161 0.697176 0.904164 0.876812 0.867400 0.700745 0.755757 0.884995 0.758821 0.767297 0.841763 0.853355 0.838926 0.961086 0.915155 0.937572 0.917152 0.922128 0.916827 0.700424 0.847232 0.812111 0.688077 0.743146 0.873624 0.899231 0.823906 0.847659 0.920646 0.953772 0.815829 0.720721 0.727517 0.757114 0.838660 0.884602 0.879209 0.999666 0.931555 0.998960 0.714930 0.979910 0.899392 0.981579 0.886595 0.781831 0.755101 0.678534 0.900826 0.807784 0.813943 0.778397 0.746158 0.880888 0.942536 0.817101 0.719204 0.830184 0.682876 0.746199 0.858853 0.937755 0.682941 0.640321 0.741779 0.719541 0.966071 0.990784 0.918844 0.947014 0.890460 0.802900 0.915743 0.978471 0.931913 0.824355 0.849220 0.837518 0.913914 0.987597 0.943808 0.703192
0.316651 0.305899 0.345987 0.377560 0.643413 0.748091 0.000000 0.272148 0.573195 0.942142 0.596265 0.464635 0.273780 0.361653 0.365556 0.446583 0.475447 0.465410 0.272239 0.339633 0.710053 0.939593 0.451083 0.515037 0.634972 0.635552 0.792282 0.938911 0.699301 0.776775 0.618559 0.771531 0.286519 0.327473 0.489590 0.835788 0.416923 0.508589 0.636972 0.788223 0.780435 0.843320 0.477489 0.452491 0.582168 0.557538 0.393974 0.374988 0.714375 0.538386 0.639027 0.529944 0.724030 0.983249 0.396100 0.421277 0.356140 0.296655 0.358174 0.434410 0.257597 0.350097 0.471025 0.468965 0.435753 0.319962 0.227150 0.262046 0.447386 0.497368 0.392042 0.632445 0.639129 0.610884 0.832356 0.711706 0.481956 0.719977 0.471430 0.608790 0.397400 0.377623 0.513640 0.464504 0.348847 0.403610 0.642206 0.673560 0.519182 0.550161 0.874669 0.901151 0.759827 0.837165 0.607554 0.808585 0.375331 0.841722 0.675535 0.638265 0.847526 0.873131 0.837854 0.825121 0.383597 0.431102 0.773622 0.763806 0.703065 0.603903 0.779987 0.609394 0.744589 0.833747 0.591199 0.982562
0.365754 0.276410 0.558978 0.458859 0.716938 0.795378 0.272148 0.000000 0.693946 0.932616 0.622399 0.346534 0.417502 0.322726 0.537029 0.511342 0.481154 0.462209 0.320149 0.360582 0.789023 0.987208 0.555836 0.606159 0.794316 0.842341 0.899109 0.960153 0.578986 0.646814 0.703063 0.695713 0.378083 0.340205 0.628117 0.764253 0.536121 0.594858 0.736679 0.780916 0.924237 0.770849 0.434468 0.434611 0.573777 0.500778 0.327863 0.344727 0.623907 0.476409 0.506371 0.436643 0.653476 0.938307 0.468369 0.504870 0.355385 0.294454 0.353655 0.409757 0.311422 0.296131 0.367614 0.319694 0.666127 0.476242 0.368947 0.368014 0.587946 0.506236 0.483124 0.684221 0.754211 0.729138 0.781322 0.657913 0.472425 0.671541 0.481077 0.579988 0.364964 0.456482 0.502434 0.532793 0.511736 0.524442 0.740629 0.713037 0.653669 0.600265 0.889684 0.988908 0.878760 0.968652 0.760134 0.734360 0.394852 0.837752 0.550687 0.514101 0.964390 0.952435 0.653351 0.725191 0.459565 0.443272 0.806879 0.648466 0.778850 0.622416 0.748524 0.520478 0.691371 0.828955 0.597614 0.897213
0.739087 0.762681 0.660045 0.726225 0.848610 0.954853 0.573195 0.693946 0.000000 0.919833 0.994752 0.910139 0.648072 0.847853 0.756229 0.918891 0.818858 0.923388 0.731260 0.787120 0.997710 0.996448 0.766944 0.759435 0.758946 0.697682 0.874511 0.979173 0.949693 0.954293 0.727297 0.954356 0.649205 0.780117 0.709849 0.903422 0.691585 0.742312 0.843230 0.897035 0.963739 0.824591 0.803464 0.810280 0.738808 0.778732 0.778761 0.692545 0.854245 0.697553 0.752194 0.682900 0.717988 0.828117 0.640884 0.627416 0.819359 0.781820 0.718942 0.816890 0.653236 0.718368 0.827553 0.866256 0.705239 0.709261 0.636410 0.603737 0.666138 0.797561 0.702036 0.779532 0.785503 0.762604 0.806391 0.952171 0.667477 0.943082 0.841700 0.901715 0.888066 0.886384 0.856562 0.789371 0.712795 0.747693 0.896644 0.786254 0.655881 0.781886 0.921198 0.922614 0.969417 0.866324 0.735443 0.915874 0.842319 0.894797 0.856778 0.842594 0.878672 0.899957 0.994993 0.830905 0.741630 0.724409 0.860708 0.920144 0.926101 0.930897 0.850412 0.801865 0.949781 0.948911 0.793220 0.948576
0.744352 0.816744 0.547474 0.577283 0.891400 0.961712 0.942142 0.932616 0.919833 0.000000 0.906890 0.996506 0.654852 0.870973 0.776022 0.713762 0.936063 0.959010 0.877387 0.868449 0.688005 0.963346 0.573250 0.471484 0.425797 0.535105 0.513570 0.689910 0.658556 0.699265 0.862620 0.738125 0.882427 0.918153 0.614071 0.965306 0.614984 0.900397 0.468662 0.804740 0.782959 0.877498 0.603243 0.644933 0.474361 0.507782 0.973421 0.921835 0.514223 0.813476 0.631239 0.801746 0.604046 0.493533 0.648730 0.921420 0.945889 0.803291 0.945292 0.863747 0.856580 0.937175 0.901062 0.858535 0.463214 0.579957 0.849125 0.979226 0.626871 0.766990 0.971335 0.776381 0.839514 0.766781 0.934514 0.905806 0.852135 0.699277 0.949536 0.918655 0.912713 0.687097 0.718979 0.624403 0.468593 0.469881 0.713868 0.685241 0.580856 0.456548 0.580738 0.624471 0.895505 0.847972 0.948505 0.839045 0.976489 0.822377 0.456964 0.510623 0.440679 0.617915 0.474353 0.485229 0.909930 0.987823 0.915455 0.763913 0.927203 0.998042 0.687433 0.777805 0.629739 0.730541 0.863088 0.971581
0.453362 0.472164 0.845539 0.956792 0.912371 0.806489 0.596265 0.622399 0.994752 0.906890 0.000000 0.419511 0.708583 0.568077 0.928628 0.910660 0.468789 0.388980 0.482225 0.464431 0.767480 0.758786 0.950384 0.942079 0.893219 0.878632 0.768861 0.835123 0.521523 0.447070 0.989901 0.756306 0.543024 0.404431 0.829941 0.828640 0.794931 0.788547 0.987853 0.953144 0.822673 0.918041 0.648397 0.603809 0.577798 0.635506 0.640429 0.694784 0.626522 0.711985 0.746238 0.781061 0.990626 0.897265 0.782143 0.785699 0.447667 0.517505 0.590478 0.665518 0.570091 0.732086 0.449277 0.502898 0.975843 0.781331 0.608752 0.575619 0.623891 0.636680 0.771448 0.776025 0.705756 0.555900 0.771017 0.810787 0.754027 0.725136 0.686724 0.557492 0.411534 0.496800 0.754238 0.730502 0.839288 0.865766 0.886766 0.981098 0.905305 0.958684 0.981336 0.961734 0.923555 0.965823 0.763489 0.984293 0.664993 0.838991 0.649452 0.763218 0.997121 0.891576 0.648125 0.666923 0.752386 0.769016 0.942795 0.995069 0.712925 0.734738 0.873853 0.758438 0.777055 0.892240 0.823165 0.933345
0.341842 0.282238 0.667275 0.619377 0.810371 0.780380 0.464635 0.346534 0.910139 0.996506 0.419511 0.000000 0.478859 0.308878 0.621631 0.554942 0.435359 0.321784 0.323005 0.313779 0.646781 0.860654 0.654161 0.687790 0.849666 0.998462 0.917926 0.948658 0.468907 0.461731 0.821882 0.684653 0.411754 0.338489 0.697419 0.721827 0.596565 0.588404 0.884822 0.777196 0.925481 0.874558 0.549207 0.570423 0.662632 0.651725 0.464390 0.533618 0.696375 0.617766 0.659519 0.657912 0.967301 0.828061 0.629909 0.648143 0.312702 0.326149 0.443526 0.501466 0.351461 0.359446 0.334614 0.271748 0.758031 0.548722 0.519393 0.477036 0.551887 0.471978 0.639249 0.742046 0.634610 0.624822 0.806482 0.713106 0.642430 0.605198 0.512872 0.459639 0.304019 0.396947 0.590081 0.576786 0.590862 0.572864 0.756989 0.801443 0.724986 0.669486 0.912095 0.814199 0.994615 0.771212 0.825924 0.738533 0.512659 0.811801 0.670101 0.681531 0.915098 0.945418 0.612050 0.707047 0.557653 0.520329 0.977176 0.799731 0.811334 0.611905 0.807475 0.656142 0.700880 0.844227 0.655717 0.921592
0.275550 0.291624 0.269709 0.304790 0.560675 0.805578 0.273780 0.417502 0.648072 0.654852 0.708583 0.478859 0.000000 0.394021 0.328439 0.327210 0.511539 0.559098 0.313958 0.364867 0.540092 0.984345 0.271507 0.347709 0.429904 0.550328 0.639196 0.762487 0.822803 0.875990 0.537045 0.920703 0.336612 0.441653 0.469411 0.860670 0.292364 0.538942 0.505426 0.689901 0.662625 0.985636 0.697268 0.646706 0.884472 0.809841 0.479618 0.452463 0.934940 0.613184 0.768202 0.600813 0.916561 0.839905 0.384532 0.490321 0.420710 0.295741 0.363815 0.370124 0.238630 0.336272 0.487704 0.487678 0.303755 0.259978 0.324036 0.437466 0.333006 0.374595 0.493222 0.775561 0.617867 0.685881 0.835561 0.676731 0.567012 0.809853 0.556134 0.595148 0.424816 0.350961 0.455896 0.411303 0.226319 0.274231 0.492882 0.569594 0.412614 0.397773 0.839733 0.882559 0.984674 0.990088 0.645134 0.945906 0.478819 0.953449 0.955484 0.898600 0.620442 0.842911 0.987569 0.979182 0.539257 0.434643 0.823824 0.936958 0.844415 0.709455 0.964372 0.757416 0.884737 0.946493 0.642418 0.994591
0.358142 0.315233 0.584546 0.523007 0.746540 0.800480 0.361653 0.322726 0.847853 0.870973 0.568077 0.308878 0.394021 0.000000 0.495381 0.445761 0.403927 0.334565 0.235234 0.290026 0.721372 0.865229 0.502665 0.497061 0.778435 0.868602 0.731743 0.974734 0.500957 0.489567 0.710977 0.609136 0.376121 0.361870 0.567664 0.744378 0.596612 0.503222 0.746914 0.770466 0.952249 0.813083 0.597359 0.570396 0.739969 0.699250 0.485979 0.538617 0.839213 0.745108 0.784486 0.738334 0.977129 0.800509 0.600363 0.594586 0.292472 0.340008 0.513745 0.592431 0.409636 0.437578 0.425714 0.370477 0.650902 0.481961 0.455889 0.514327 0.586398 0.612427 0.513879 0.664474 0.725467 0.773252 0.844706 0.670471 0.649452 0.594117 0.452714 0.488983 0.278932 0.314488 0.447486 0.464375 0.478538 0.479808 0.682135 0.622127 0.675683 0.632130 0.932650 0.904473 0.980282 0.933888 0.854904 0.777942 0.479262 0.845782 0.746973 0.666522 0.797608 0.939003 0.744255 0.772126 0.536861 0.555188 0.912885 0.938229 0.802404 0.628841 0.858805 0.614591 0.762513 0.901316 0.769948 0.920631
0.557689 0.561683 0.393352 0.373109 0.607222 0.810008 0.365556 0.537029 0.756229 0.776022 0.928628 0.621631 0.328439 0.495381 0.000000 0.243452 0.716399 0.672467 0.490387 0.547706 0.637241 0.859169 0.301295 0.350536 0.527288 0.631235 0.633286 0.807136 0.852853 0.924874 0.582560 0.784057 0.501401 0.605134 0.623728 0.869164 0.504809 0.537270 0.649621 0.898475 0.782935 0.872388 0.725614 0.726110 0.880032 0.878440 0.605077 0.604021 0.985107 0.818559 0.958977 0.813745 0.877873 0.834940 0.553969 0.667081 0.560722 0.502707 0.624018 0.640330 0.440685 0.450352 0.702661 0.647845 0.402221 0.375411 0.512485 0.552076 0.584758 0.659887 0.528549 0.789666 0.787150 0.824198 0.979321 0.700715 0.728022 0.812982 0.640682 0.670262 0.572093 0.494196 0.623592 0.497720 0.384321 0.402122 0.545150 0.530201 0.551250 0.499574 0.988115 0.929572 0.853931 0.896196 0.700650 0.969866 0.530531 0.942869 0.894247 0.792313 0.843932 0.993436 0.990161 0.965816 0.587356 0.593709 0.879192 0.900039 0.814760 0.861106 0.995520 0.803826 0.858095 0.978820 0.805202 0.857250
0.553293 0.536674 0.430682 0.377339 0.591478 0.768659 0.446583 0.511342 0.918891 0.713762 0.910660 0.554942 0.327210 0.445761 0.243452 0.000000 0.730119 0.682126 0.492220 0.545868 0.641008 0.877636 0.290155 0.325150 0.495062 0.656186 0.621136 0.841751 0.872319 0.926736 0.616644 0.788193 0.532810 0.603279 0.610274 0.868936 0.476862 0.621618 0.613698 0.740358 0.721294 0.978016 0.777638 0.766043 0.960325 0.983349 0.591113 0.640750 0.869458 0.949599 0.950415 0.897119 0.994706 0.722374 0.587164 0.693352 0.549427 0.494695 0.634895 0.605838 0.443074 0.422247 0.709008 0.630914 0.433110 0.370973 0.567634 0.644919 0.597700 0.617390 0.607735 0.805214 0.804031 0.842414 0.991506 0.623237 0.782073 0.830530 0.647919 0.697858 0.572481 0.484185 0.597557 0.487765 0.386999 0.364387 0.576528 0.583531 0.523384 0.480579 0.941649 0.967603 0.866654 0.988944 0.821020 0.947246 0.581712 0.947009 0.964059 0.838498 0.795664 0.900160 0.969822 0.935120 0.631740 0.535188 0.892985 0.935863 0.828524 0.868206 0.961180 0.745818 0.836307 0.957358 0.773454 0.905954
0.428877 0.359786 0.776034 0.810862 0.856020 0.759204 0.475447 0.481154 0.818858 0.936063 0.468789 0.435359 0.511539 0.403927 0.716399 0.730119 0.000000 0.268783 0.300877 0.333251 0.823047 0.820889 0.759207 0.828019 0.983815 0.966050 0.999176 0.902970 0.344563 0.379333 0.666086 0.548197 0.340026 0.340694 0.820180 0.842570 0.653558 0.693751 0.989343 0.780994 0.753046 0.781974 0.382923 0.311638 0.525814 0.510033 0.474364 0.507674 0.614089 0.628557 0.622019 0.641230 0.850263 0.970914 0.727000 0.668566 0.253240 0.342734 0.535646 0.582922 0.510425 0.627255 0.305825 0.319265 0.882675 0.706038 0.543143 0.536194 0.587567 0.601532 0.451477 0.578477 0.663269 0.642530 0.855145 0.592333 0.510322 0.421693 0.438163 0.376486 0.240760 0.349990 0.527181 0.600838 0.694759 0.732390 0.926140 0.739435 0.837934 0.840968 0.964003 0.901828 0.984877 0.952275 0.791149 0.936658 0.547998 0.811502 0.588760 0.614694 0.998107 0.790924 0.546730 0.506184 0.675785 0.690435 0.873453 0.936517 0.841810 0.629170 0.798196 0.617402 0.691157 0.848739 0.672270 0.964321
0.396232 0.332095 0.777643 0.749457 0.871062 0.690191 0.465410 0.462209 0.923388 0.959010 0.388980 0.321784 0.559098 0.334565 0.672467 0.682126 0.268783 0.000000 0.299922 0.234125 0.709947 0.771501 0.770816 0.767586 0.964397 0.960690 0.944260 0.979915 0.349264 0.325138 0.783941 0.520486 0.347373 0.297356 0.756283 0.711735 0.680519 0.528352 0.937336 0.855108 0.772248 0.711675 0.421393 0.396091 0.514358 0.562386 0.509618 0.567917 0.661502 0.739096 0.774287 0.826163 0.926262 0.781131 0.732651 0.709707 0.182180 0.301305 0.568429 0.687315 0.538099 0.652125 0.378257 0.352207 0.850787 0.660185 0.502899 0.491449 0.563073 0.589022 0.512075 0.553430 0.719172 0.624052 0.873245 0.704694 0.635885 0.457309 0.408408 0.332233 0.209298 0.275653 0.539654 0.589671 0.663173 0.670547 0.833913 0.755385 0.812432 0.797728 0.894338 0.941695 0.816552 0.951186 0.824809 0.774705 0.487020 0.792294 0.581433 0.589785 0.996684 0.866034 0.523513 0.563805 0.563185 0.633150 0.916542 0.974886 0.840173 0.588335 0.759957 0.613539 0.778511 0.823077 0.785884 0.928381
0.281552 0.235966 0.512802 0.504298 0.709724 0.752900 0.272239 0.320149 0.731260 0.877387 0.482225 0.323005 0.313958 0.235234 0.490387 0.492220 0.300877 0.299922 0.000000 0.254464 0.659069 0.883172 0.525885 0.572892 0.777802 0.857029 0.787420 0.950902 0.472607 0.513412 0.663865 0.643344 0.288479 0.288411 0.555343 0.804338 0.539099 0.556002 0.718170 0.694880 0.801620 0.840997 0.489959 0.458363 0.628417 0.603091 0.413105 0.428980 0.724378 0.620663 0.666731 0.603663 0.925578 0.886154 0.513373 0.549873 0.233456 0.262708 0.388869 0.465312 0.319764 0.439765 0.332280 0.351312 0.604061 0.435579 0.317386 0.385298 0.472948 0.526812 0.395733 0.639461 0.658465 0.689302 0.883457 0.639816 0.525422 0.585072 0.414843 0.464268 0.243828 0.293444 0.493079 0.483577 0.447807 0.481856 0.730855 0.646234 0.651868 0.652763 0.990746 0.992455 0.918074 0.977313 0.713974 0.790021 0.385154 0.831013 0.684339 0.614432 0.787917 0.918777 0.734671 0.698335 0.485723 0.456635 0.862661 0.883306 0.762995 0.552455 0.825138 0.574060 0.726619 0.872727 0.587013 0.998855
0.302034 0.241143 0.530275 0.511093 0.776767 0.800320 0.339633 0.360582 0.787120 0.868449 0.464431 0.313779 0.364867 0.290026 0.547706 0.545868 0.333251 0.234125 0.254464 0.000000 0.626057 0.807938 0.545578 0.573730 0.718642 0.805207 0.789536 0.979744 0.524733 0.501048 0.608924 0.654722 0.267641 0.320512 0.584187 0.755580 0.480800 0.433341 0.729550 0.774176 0.769912 0.713842 0.509793 0.488020 0.677020 0.706425 0.479434 0.529239 0.808411 0.669251 0.754925 0.716523 0.976932 0.797804 0.566282 0.635035 0.204376 0.229571 0.467826 0.547809 0.378549 0.471996 0.394156 0.357352 0.598919 0.443546 0.376767 0.417076 0.408877 0.453134 0.400735 0.520630 0.660318 0.613187 0.829490 0.668517 0.489360 0.545409 0.426591 0.415942 0.243151 0.253203 0.485803 0.500201 0.435229 0.464246 0.727335 0.718094 0.634563 0.599860 0.986619 0.979366 0.865265 0.951786 0.786222 0.808710 0.435242 0.895347 0.747910 0.703425 0.813859 0.931814 0.664713 0.737000 0.467344 0.538034 0.907897 0.879072 0.778185 0.625570 0.822128 0.666460 0.868017 0.863516 0.703924 0.901217
0.506039 0.553714 0.538992 0.564755 0.799971 0.702601 0.710053 0.789023 0.997710 0.688005 0.767480 0.646781 0.540092 0.721372 0.637241 0.641008 0.823047 0.709947 0.659069 0.626057 0.000000 0.863789 0.661931 0.590694 0.588194 0.658568 0.754129 0.650147 0.988983 0.957484 0.928023 0.960009 0.683535 0.667064 0.564188 0.717127 0.568103 0.612245 0.591772 0.779328 0.729979 0.980056 0.976109 0.947227 0.973351 0.975882 0.762455 0.898098 0.942680 0.914318 0.973818 0.971772 0.749317 0.583266 0.560956 0.848701 0.638264 0.569840 0.646554 0.658343 0.555930 0.618133 0.828093 0.809815 0.511260 0.470495 0.606707 0.760466 0.496202 0.586678 0.875098 0.966824 0.854589 0.944229 0.971336 0.990338 0.853633 0.952648 0.962918 0.733943 0.674703 0.532475 0.647881 0.647094 0.499791 0.462334 0.654644 0.743488 0.573964 0.578920 0.776415 0.676487 0.996628 0.926798 0.778381 0.945928 0.745766 0.928688 0.881268 0.876201 0.700591 0.778812 0.936968 0.831319 0.904473 0.796293 0.969840 0.870895 0.974480 0.967254 0.895088 0.921910 0.872381 0.898881 0.888058 0.962418
0.910635 0.900327 0.815817 0.894160 0.888116 0.870967 0.939593 0.987208 0.996448 0.963346 0.758786 0.860654 0.984345 0.865229 0.859169 0.877636 0.820889 0.771501 0.883172 0.807938 0.863789 0.000000 0.898162 0.930264 0.918588 0.845627 0.866641 0.959188 0.764896 0.717286 0.928911 0.799778 0.907385 0.870741 0.863584 0.861350 0.923062 0.973710 0.865231 0.846405 0.924710 0.899618 0.841840 0.868350 0.929616 0.961773 0.929402 0.940146 0.956753 0.992844 0.964175 0.949569 0.802205 0.886883 0.840431 0.931306 0.805456 0.912175 0.971099 0.936117 0.945860 0.860542 0.920514 0.906182 0.859977 0.906580 0.991683 0.963883 0.875070 0.872851 0.962407 0.962293 0.975061 0.924479 0.919846 0.995224 0.939529 0.787974 0.951240 0.974193 0.837052 0.936675 0.993329 0.992112 0.916860 0.936302 0.976717 0.903820 0.903063 0.990705 0.973049 0.999773 0.964089 0.972248 0.933328 0.912456 0.935181 0.893178 0.965526 0.980687 0.932406 0.996405 0.840277 0.851550 0.959839 0.968581 0.994861 0.899027 0.969662 0.988150 0.952527 0.969173 0.959832 0.885421 0.840640 0.859947
0.550052 0.504906 0.303588 0.251004 0.552622 0.893802 0.451083 0.555836 0.766944 0.573250 0.950384 0.654161 0.271507 0.502665 0.301295 0.290155 0.759207 0.770816 0.525885 0.545578 0.661931 0.898162 0.000000 0.195093 0.335870 0.483464 0.418382 0.782327 0.997187 0.950534 0.526078 0.926145 0.548680 0.733062 0.555010 0.911461 0.396838 0.565387 0.507775 0.755150 0.771717 0.952421 0.855157 0.870513 0.868217 0.930517 0.661748 0.643815 0.824258 0.827872 0.990682 0.806806 0.966598 0.763650 0.522088 0.662914 0.612862 0.500080 0.641504 0.592619 0.476561 0.456987 0.769150 0.704692 0.283825 0.313750 0.501285 0.597833 0.506800 0.572887 0.564322 0.779583 0.805339 0.935611 0.934022 0.765631 0.742319 0.926529 0.619872 0.780532 0.630623 0.534588 0.561416 0.521988 0.257424 0.267387 0.474182 0.529774 0.420759 0.349203 0.920778 0.959234 0.854789 0.945684 0.703397 0.890467 0.616660 0.955548 0.913134 0.980631 0.607607 0.811621 0.872048 0.828290 0.582569 0.543660 0.898991 0.930704 0.902059 0.781266 0.985067 0.902322 0.996839 0.884735 0.754085 0.918800
0.556031 0.536359 0.295660 0.229973 0.617156 0.846009 0.515037 0.606159 0.759435 0.471484 0.942079 0.687790 0.347709 0.497061 0.350536 0.325150 0.828019 0.767586 0.572892 0.573730 0.590694 0.930264 0.195093 0.000000 0.275643 0.411536 0.401938 0.723912 0.928207 0.896761 0.632263 0.962059 0.588464 0.741647 0.461599 0.799690 0.418623 0.516262 0.429311 0.711766 0.765022 0.888511 0.988367 0.984630 0.806794 0.846240 0.712032 0.725381 0.734223 0.966339 0.830709 0.974791 0.803994 0.569627 0.448902 0.632541 0.624696 0.513774 0.705852 0.676157 0.535758 0.536037 0.888868 0.817867 0.263500 0.301876 0.538181 0.633982 0.488446 0.611903 0.697124 0.867770 0.950104 0.987876 0.981471 0.916534 0.859071 0.996330 0.685623 0.821686 0.647842 0.487348 0.548631 0.433594 0.243053 0.219125 0.509186 0.494621 0.364719 0.288800 0.852462 0.820428 0.856260 0.984884 0.748880 0.903803 0.673298 0.964174 0.833323 0.901229 0.568451 0.757919 0.773204 0.737556 0.659361 0.636267 0.962644 0.917068 0.974456 0.854107 0.928606 0.962063 0.859464 0.803014 0.905147 0.930485
0.555949 0.627807 0.280049 0.303386 0.600202 0.930062 0.634972 0.794316 0.758946 0.425797 0.893219 0.849666 0.429904 0.778435 0.527288 0.495062 0.983815 0.964397 0.777802 0.718642 0.588194 0.918588 0.335870 0.275643 0.000000 0.228111 0.419977 0.630125 0.668858 0.637059 0.666669 0.805441 0.675519 0.849775 0.422440 0.833949 0.375981 0.595300 0.384505 0.646406 0.710768 0.979932 0.840994 0.872797 0.677381 0.735892 0.803928 0.773705 0.670529 0.972029 0.826892 0.979504 0.791521 0.563192 0.383623 0.666713 0.792208 0.619888 0.695742 0.631354 0.572355 0.606469 0.965837 0.989249 0.206688 0.314264 0.598843 0.698322 0.398806 0.477554 0.913888 0.982904 0.889841 0.998371 0.953321 0.944146 0.959808 0.776860 0.885202 0.981282 0.831156 0.609082 0.613103 0.462724 0.245565 0.232040 0.506804 0.599849 0.279238 0.243809 0.788029 0.699420 0.899721 0.975311 0.763001 0.998600 0.817794 0.948768 0.622969 0.649418 0.496057 0.666792 0.600044 0.609203 0.789048 0.725140 0.909407 0.884046 0.983136 0.963146 0.791356 0.811609 0.741181 0.737834 0.946454 0.896412
0.621779 0.738001 0.319103 0.407436 0.669441 0.918911 0.635552 0.842341 0.697682 0.535105 0.878632 0.998462 0.550328 0.868602 0.631235 0.656186 0.966050 0.960690 0.857029 0.805207 0.658568 0.845627 0.483464 0.411536 0.228111 0.000000 0.488969 0.614916 0.603648 0.561685 0.696354 0.800397 0.717088 0.917616 0.500219 0.841596 0.458170 0.656924 0.434450 0.663329 0.793909 0.972279 0.837739 0.852759 0.740076 0.773684 0.830181 0.852024 0.702718 0.955268 0.871068 0.943682 0.877540 0.711916 0.382588 0.657099 0.855401 0.726395 0.723709 0.692512 0.644403 0.711094 0.889338 0.886997 0.266148 0.369145 0.588361 0.700867 0.440727 0.568267 0.948329 0.975930 0.890242 0.957974 0.888093 0.857408 0.987852 0.666744 0.959353 0.943852 0.953731 0.722155 0.697031 0.588027 0.338988 0.311521 0.647129 0.723132 0.338721 0.351331 0.879182 0.775816 0.884572 0.934020 0.720142 0.994305 0.885845 0.959411 0.649822 0.675321 0.570779 0.775027 0.604023 0.576380 0.868155 0.808304 0.893435 0.856791 0.960184 0.953878 0.864634 0.817892 0.703605 0.832353 0.987963 0.789110
0.800800 0.795872 0.528001 0.497635 0.762268 0.946098 0.792282 0.899109 0.874511 0.513570 0.768861 0.917926 0.639196 0.731743 0.633286 0.621136 0.999176 0.944260 0.787420 0.789536 0.754129 0.866641 0.418382 0.401938 0.419977 0.488969 0.000000 0.732635 0.785103 0.782235 0.828907 0.931884 0.807533 0.978640 0.637538 0.863203 0.718431 0.637999 0.649280 0.896477 0.953232 0.938560 0.847033 0.816972 0.634318 0.638581 0.971322 0.970132 0.551532 0.840497 0.719073 0.861379 0.671723 0.602065 0.712144 0.896103 0.858948 0.814332 0.969352 0.904130 0.839766 0.815467 0.890601 0.949507 0.450922 0.521358 0.738013 0.871821 0.670117 0.774671 0.825751 0.902554 0.982795 0.848334 0.972234 0.967263 0.950334 0.833448 0.827977 0.973627 0.914857 0.743791 0.752652 0.753625 0.488054 0.458079 0.702145 0.709335 0.579705 0.501918 0.960833 0.902769 0.887589 0.951858 0.941023 0.930198 0.969020 0.894080 0.750987 0.805637 0.647691 0.799060 0.700661 0.674958 0.829257 0.907387 0.928695 0.863610 0.992404 0.924990 0.899509 0.864935 0.753289 0.781724 0.979494 0.776197
0.807136 0.863082 0.720673 0.753757 0.846837 0.744852 0.938911 0.960153 0.979173 0.689910 0.835123 0.948658 0.762487 0.974734 0.807136 0.841751 0.902970 0.979915 0.950902 0.979744 0.650147 0.959188 0.782327 0.723912 0.630125 0.614916 0.732635 0.000000 0.908511 0.788868 0.835220 0.879335 0.912179 0.983771 0.881513 0.759498 0.732121 0.992761 0.772171 0.776549 0.821103 0.964391 0.991866 0.995229 0.788879 0.892044 0.906067 0.914642 0.851110 0.971079 0.934217 0.997854 0.898065 0.798861 0.737842 0.895619 0.892375 0.844742 0.845482 0.767569 0.891903 0.939057 0.940112 0.928903 0.683389 0.748830 0.877604 0.964144 0.738188 0.694431 0.924646 0.836911 0.916847 0.804944 0.886271 0.947724 0.905148 0.890183 0.979816 0.998307 0.946934 0.850233 0.875639 0.886085 0.727627 0.697621 0.889941 0.970158 0.759479 0.695895 0.862756 0.862306 0.938311 0.960858 0.823349 0.815646 0.911673 0.894586 0.780169 0.756242 0.768087 0.815929 0.772006 0.759421 0.875222 0.937415 0.874958 0.892574 0.854446 0.947209 0.781813 0.813690 0.912906 0.932252 0.886277 0.796154
0.695731 0.587054 0.866539 0.916891 0.957430 0.839469 0.699301 0.578986 0.949693 0.658556 0.521523 0.468907 0.822803 0.500957 0.852853 0.872319 0.344563 0.349264 0.472607 0.524733 0.988983 0.764896 0.997187 0.928207 0.668858 0.603648 0.785103 0.908511 0.000000 0.197501 0.764015 0.380882 0.572326 0.475001 0.897344 0.904173 0.958279 0.891304 0.738104 0.995239 0.972405 0.816903 0.370283 0.362945 0.461684 0.476032 0.624290 0.639900 0.579848 0.717192 0.611228 0.734363 0.779227 0.845849 0.963385 0.901908 0.399736 0.606362 0.711282 0.834717 0.745842 0.787132 0.365613 0.346792 0.740876 0.967320 0.791582 0.745227 0.934047 0.900496 0.582182 0.605823 0.787798 0.685438 0.911993 0.685862 0.657792 0.359039 0.480116 0.385579 0.376637 0.625370 0.776478 0.864666 0.940403 0.926576 0.951333 0.951713 0.842750 0.813412 0.907673 0.826713 0.969426 0.872745 0.826399 0.853381 0.565913 0.911016 0.488661 0.459813 0.761231 0.706256 0.408797 0.371218 0.724135 0.791592 0.955254 0.876230 0.851117 0.714104 0.733161 0.583941 0.573288 0.730071 0.773766 0.917608
0.715292 0.607130 0.836579 0.867962 0.967754 0.859271 0.776775 0.646814 0.954293 0.699265 0.447070 0.461731 0.875990 0.489567 0.924874 0.926736 0.379333 0.325138 0.513412 0.501048 0.957484 0.717286 0.950534 0.896761 0.637059 0.561685 0.782235 0.788868 0.197501 0.000000 0.842625 0.415000 0.616097 0.516769 0.919060 0.864274 0.982453 0.846824 0.714362 0.969008 0.998582 0.840890 0.475047 0.457847 0.529894 0.579066 0.721916 0.760603 0.625562 0.803672 0.721659 0.863299 0.920330 0.970310 0.874628 0.999955 0.419119 0.633755 0.790038 0.885802 0.803127 0.843414 0.410298 0.386187 0.714754 0.938424 0.841647 0.794936 0.938459 0.929120 0.643292 0.621930 0.759924 0.667242 0.861267 0.658593 0.754828 0.383167 0.528579 0.396951 0.395759 0.605766 0.765015 0.873786 0.908450 0.900149 0.944678 0.932269 0.804116 0.808085 0.956447 0.890701 0.953185 0.892771 0.912265 0.877643 0.652264 0.895595 0.552380 0.549407 0.811268 0.774120 0.411203 0.403512 0.758090 0.801018 0.966013 0.970252 0.901212 0.758271 0.722023 0.672051 0.688293 0.773868 0.843971 0.896234
0.712279 0.708120 0.674212 0.683607 0.694019 0.844679 0.618559 0.703063 0.727297 0.862620 0.989901 0.821882 0.537045 0.710977 0.582560 0.616644 0.666086 0.783941 0.663865 0.608924 0.928023 0.928911 0.526078 0.632263 0.666669 0.696354 0.828907 0.835220 0.764015 0.842625 0.000000 0.670311 0.569297 0.735849 0.850488 0.985852 0.551284 0.791493 0.807176 0.838442 0.803697 0.908712 0.751492 0.701040 0.995659 0.949534 0.788400 0.725364 0.905274 0.804035 0.842909 0.775000 0.805651 0.920840 0.743872 0.833360 0.646665 0.678341 0.762234 0.715384 0.673894 0.685998 0.698051 0.642249 0.718722 0.703329 0.786075 0.787275 0.656403 0.715984 0.581605 0.707439 0.655575 0.745066 0.819919 0.806326 0.682365 0.691617 0.664945 0.682822 0.674519 0.713446 0.765649 0.747231 0.643902 0.664219 0.925597 0.886740 0.711235 0.773154 0.797263 0.940437 0.845524 0.866865 0.807104 0.933527 0.750051 0.697553 0.920591 0.987734 0.792348 0.963580 0.864777 0.868789 0.703001 0.797936 0.837534 0.916267 0.913276 0.842835 0.930683 0.924577 0.987387 0.921819 0.889002 0.996060
0.891564 0.793318 0.872153 0.998030 0.984552 0.903134 0.771531 0.695713 0.954356 0.738125 0.756306 0.684653 0.920703 0.609136 0.784057 0.788193 0.548197 0.520486 0.643344 0.654722 0.960009 0.799778 0.926145 0.962059 0.805441 0.800397 0.931884 0.879335 0.380882 0.415000 0.670311 0.000000 0.663017 0.618101 0.850262 0.900056 0.966781 0.887889 0.828877 0.928914 0.982848 0.806523 0.526572 0.480901 0.662089 0.696605 0.767246 0.839113 0.833813 0.936280 0.898639 0.966104 0.920979 0.966549 0.998701 0.994442 0.523458 0.746419 0.950804 0.969381 0.926264 0.920049 0.661417 0.608141 0.810817 0.995376 0.917534 0.853514 0.978666 0.897152 0.695379 0.640462 0.939216 0.866150 0.901801 0.786644 0.823852 0.523284 0.632017 0.636266 0.522426 0.689906 0.815112 0.764549 0.967726 0.988416 0.897811 0.886653 0.915621 0.935127 0.766084 0.811966 0.879645 0.994439 0.889171 0.853884 0.777452 0.882636 0.613602 0.529038 0.779826 0.706233 0.530876 0.555508 0.828325 0.893660 0.988683 0.972204 0.888808 0.810742 0.759237 0.661336 0.760270 0.771409 0.892578 0.967168
0.293380 0.268414 0.490065 0.506043 0.743634 0.815153 0.286519 0.378083 0.649205 0.882427 0.543024 0.411754 0.336612 0.376121 0.501401 0.532810 0.340026 0.347373 0.288479 0.267641 0.683535 0.907385 0.548680 0.588464 0.675519 0.717088 0.807533 0.912179 0.572326 0.616097 0.569297 0.663017 0.000000 0.280368 0.615117 0.837970 0.434801 0.535787 0.724327 0.767375 0.674599 0.769099 0.457010 0.418722 0.616820 0.587428 0.395108 0.428686 0.723616 0.571721 0.650457 0.610265 0.851770 0.923169 0.465510 0.526223 0.257634 0.258086 0.411935 0.498787 0.344688 0.463880 0.351241 0.388443 0.573591 0.439917 0.345461 0.365249 0.407185 0.471746 0.422084 0.646942 0.655029 0.640303 0.704628 0.651474 0.460335 0.642730 0.402526 0.477585 0.276022 0.315099 0.473982 0.457026 0.421618 0.441927 0.738772 0.655844 0.574546 0.605994 0.978260 0.972656 0.873676 0.998101 0.732146 0.913206 0.491693 0.931261 0.738556 0.723813 0.858535 0.899775 0.767404 0.690464 0.531667 0.539332 0.905268 0.917472 0.916809 0.606984 0.802614 0.611999 0.790680 0.789438 0.680389 0.966202
0.290232 0.285411 0.631416 0.632388 0.765035 0.804288 0.327473 0.340205 0.780117 0.918153 0.404431 0.338489 0.441653 0.361870 0.605134 0.603279 0.340694 0.297356 0.288411 0.320512 0.667064 0.870741 0.733062 0.741647 0.849775 0.917616 0.978640 0.983771 0.475001 0.516769 0.735849 0.618101 0.280368 0.000000 0.603578 0.764335 0.550092 0.592143 0.804769 0.766526 0.723632 0.825255 0.438903 0.374334 0.482154 0.447893 0.353144 0.418451 0.542467 0.522393 0.544719 0.572758 0.825237 0.946845 0.509542 0.481843 0.254445 0.272882 0.340851 0.442190 0.317826 0.413687 0.300912 0.294703 0.735619 0.555253 0.387158 0.393939 0.487002 0.475564 0.566651 0.727957 0.649070 0.554712 0.771415 0.742194 0.562101 0.581413 0.508823 0.476362 0.247618 0.335619 0.456728 0.475187 0.561270 0.581033 0.755012 0.751480 0.656914 0.739695 0.966720 0.893887 0.963587 0.927172 0.791253 0.804263 0.413381 0.898455 0.596927 0.656832 0.985818 0.903411 0.661287 0.604799 0.546182 0.563807 0.863731 0.894519 0.828144 0.602176 0.791156 0.578004 0.718349 0.806223 0.655620 0.958607
0.435868 0.507332 0.355180 0.408464 0.758691 0.912161 0.489590 0.628117 0.709849 0.614071 0.829941 0.697419 0.469411 0.567664 0.623728 0.610274 0.820180 0.756283 0.555343 0.584187 0.564188 0.863584 0.555010 0.461599 0.422440 0.500219 0.637538 0.881513 0.897344 0.919060 0.850488 0.850262 0.615117 0.603578 0.000000 0.856383 0.477010 0.479013 0.408564 0.706796 0.840781 0.966492 0.959584 0.954363 0.983341 0.981496 0.715594 0.687763 0.906246 0.866877 0.980047 0.860743 0.859077 0.663017 0.375831 0.535413 0.654716 0.521306 0.544827 0.587371 0.465193 0.557855 0.827690 0.818631 0.339275 0.342613 0.410707 0.509651 0.465327 0.573013 0.805492 0.914621 0.778539 0.856204 0.937803 0.997756 0.885634 0.915994 0.780027 0.826697 0.673596 0.490956 0.512205 0.472906 0.348017 0.343231 0.656103 0.622513 0.392181 0.467750 0.741368 0.696499 0.957775 0.975532 0.802334 0.979707 0.684317 0.979218 0.794871 0.822577 0.504906 0.812771 0.748814 0.837235 0.694140 0.697361 0.910196 0.898411 0.980764 0.855414 0.843263 0.948980 0.807447 0.871767 0.798215 0.896390
0.747591 0.777565 0.882360 0.812584 0.868791 0.697176 0.835788 0.764253 0.903422 0.965306 0.828640 0.721827 0.860670 0.744378 0.869164 0.868936 0.842570 0.711735 0.804338 0.755580 0.717127 0.861350 0.911461 0.799690 0.833949 0.841596 0.863203 0.759498 0.904173 0.864274 0.985852 0.900056 0.837970 0.764335 0.856383 0.000000 0.932463 0.739390 0.809314 0.841395 0.891788 0.804440 0.901666 0.867668 0.992920 0.972007 0.853116 0.973359 0.990760 0.925987 0.930329 0.932948 0.766712 0.673242 0.803183 0.955610 0.721083 0.764779 0.886692 0.883773 0.854328 0.850380 0.987943 0.908566 0.838711 0.766112 0.857096 0.842578 0.825850 0.721983 0.920879 0.974248 0.979062 0.979724 0.891976 0.989932 0.992645 0.981990 0.879289 0.767236 0.765424 0.755264 0.838145 0.893362 0.827413 0.769545 0.921255 0.933187 0.902473 0.809831 0.879964 0.891387 0.930424 0.958185 0.973877 0.920777 0.848010 0.945209 0.943758 0.948631 0.970038 0.984634 0.915757 0.985854 0.853799 0.864354 0.944433 0.912322 0.879967 0.837452 0.948754 0.980717 0.929949 0.869895 0.836778 0.900490
0.374197 0.412043 0.317620 0.367248 0.707955 0.904164 0.416923 0.536121 0.691585 0.614984 0.794931 0.596565 0.292364 0.596612 0.504809 0.476862 0.653558 0.680519 0.539099 0.480800 0.568103 0.923062 0.396838 0.418623 0.375981 0.458170 0.718431 0.732121 0.958279 0.982453 0.551284 0.966781 0.434801 0.550092 0.477010 0.932463 0.000000 0.602848 0.564800 0.695985 0.638729 0.941685 0.851163 0.779346 0.991362 0.914321 0.582937 0.520975 0.955845 0.664970 0.861165 0.712069 0.934465 0.844735 0.345342 0.566905 0.519542 0.379293 0.459701 0.482594 0.346316 0.422096 0.632121 0.611767 0.337277 0.323831 0.453036 0.535105 0.349996 0.391289 0.654391 0.840928 0.690832 0.701605 0.757880 0.871914 0.674837 0.938420 0.626550 0.708930 0.532622 0.419447 0.508373 0.435500 0.272821 0.287097 0.613114 0.578234 0.378082 0.378530 0.725806 0.748957 0.965762 0.959995 0.743319 0.930646 0.616544 0.887074 0.878036 0.888753 0.560484 0.790234 0.948825 0.911221 0.662313 0.641041 0.974455 0.993909 0.931659 0.750690 0.922849 0.955360 0.947584 0.986316 0.742194 0.877478
0.523007 0.518891 0.509210 0.519295 0.827433 0.876812 0.508589 0.594858 0.742312 0.900397 0.788547 0.588404 0.538942 0.503222 0.537270 0.621618 0.693751 0.528352 0.556002 0.433341 0.612245 0.973710 0.565387 0.516262 0.595300 0.656924 0.637999 0.992761 0.891304 0.846824 0.791493 0.887889 0.535787 0.592143 0.479013 0.739390 0.602848 0.000000 0.641046 0.781117 0.895526 0.594223 0.848917 0.814961 0.852142 0.924716 0.705251 0.745295 0.985594 0.875749 0.974513 0.905335 0.777096 0.680891 0.575427 0.749756 0.523478 0.487081 0.709889 0.767742 0.584747 0.625684 0.765648 0.673677 0.522657 0.496167 0.534593 0.566288 0.529685 0.594531 0.627273 0.593206 0.776581 0.770783 0.935407 0.920966 0.721979 0.846241 0.714715 0.647935 0.571005 0.477444 0.693296 0.615053 0.480460 0.484301 0.716069 0.703068 0.552233 0.583645 0.967249 0.924547 0.825724 0.822908 0.987753 0.883065 0.714108 0.847094 0.881212 0.889562 0.765670 0.931667 0.893363 0.918167 0.581055 0.705267 0.800448 0.981037 0.962174 0.868675 0.963696 0.919881 0.878370 0.935795 0.874497 0.899465
