0.000000 0.461422 0.842184 0.840324 0.780208 0.906136 0.892285 0.605876 0.857037 0.605409 0.377223 0.340435 0.476213 0.612277 0.618817 0.758811 0.456063 0.474226 0.473060 0.458173 0.792096 0.962541 0.628282 0.734187 0.632544 0.674010 0.913589 0.812727 0.408936 0.541117 0.981103 0.961071 0.699952 0.772252 0.843844 0.967773 0.762924 0.923271 0.749672 0.926875 0.689256 0.834832 0.828678 0.952443 0.988180 0.830843 0.861164 0.840339 0.686928 0.735155 0.890165 0.850362 0.955884 0.831602 0.798660 0.794992 0.426584 0.373780 0.508682 0.469745 0.647601 0.484022 0.426639 0.351556 0.849304 0.845075 0.957650 0.917538 0.394268 0.428847 0.830695 0.875357 0.929691 0.979311 0.799178 0.800550 0.783539 0.957980 0.824913 0.673223 0.439535 0.536695 0.835874 0.743322 0.778185 0.799042 0.906851 0.882378 0.684280 0.663997 0.952125 0.996595 0.935193 0.840164 0.931208 0.994403 0.994137 0.945194 0.665819 0.625691 0.914276 0.974448 0.719910 0.691588 0.751799 0.786657 0.872328 0.790839 0.914509 0.848150 0.855921 0.698921 0.617520 0.840847 0.969486 0.859556
0.461422 0.000000 0.548260 0.787575 0.805439 0.750805 0.754166 0.756166 0.913064 0.628630 0.679764 0.404220 0.839262 0.566897 0.647792 0.697524 0.348897 0.324898 0.472124 0.374933 0.686179 0.946518 0.711960 0.876407 0.727194 0.622690 0.972396 0.997599 0.388106 0.407933 0.821488 0.995373 0.920057 0.884790 0.658583 0.883717 0.807216 0.923469 0.773229 0.914991 0.824561 0.742218 0.912192 0.744773 0.793007 0.569350 0.787229 0.657669 0.398463 0.497643 0.692008 0.648308 0.817054 0.958435 0.836413 0.716608 0.313197 0.303382 0.881064 0.752047 0.850256 0.729582 0.707582 0.522173 0.719804 0.704595 0.669939 0.708152 0.588581 0.481071 0.921604 0.842687 0.929228 0.966500 0.849327 0.909987 0.721922 0.911547 0.718116 0.583112 0.427914 0.469398 0.552293 0.615410 0.759500 0.895973 0.999100 0.964498 0.916657 0.886423 0.728401 0.829790 0.737383 0.621618 0.996073 0.972785 0.857914 0.915919 0.869802 0.735393 0.830595 0.811079 0.882152 0.817282 0.992269 0.991297 0.823417 0.764436 0.898054 0.969744 0.925220 0.726203 0.618552 0.792299 0.987067 0.891403
0.842184 0.548260 0.000000 0.441079 0.911524 0.710136 0.414685 0.692702 0.869937 0.830773 0.968813 0.648467 0.952090 0.939768 0.801457 0.818926 0.695525 0.725463 0.874322 0.733937 0.645232 0.886791 0.915209 0.821272 0.641032 0.460187 0.965660 0.905870 0.742784 0.719868 0.602821 0.644901 0.652743 0.731894 0.524298 0.640017 0.902167 0.780954 0.729238 0.965239 0.934816 0.972542 0.859463 0.998340 0.914287 0.873691 0.781840 0.917914 0.561461 0.632906 0.929506 0.797803 0.946579 0.986329 0.821528 0.989765 0.659878 0.616044 0.919845 0.935633 0.604956 0.904710 0.918956 0.856458 0.459480 0.445364 0.352732 0.399098 0.895848 0.806836 0.664506 0.638173 0.696472 0.828565 0.982471 0.933397 0.965182 0.990759 0.958312 0.949693 0.895603 0.981204 0.811509 0.874885 0.884968 0.675395 0.987386 0.940652 0.824531 0.763239 0.625613 0.761246 0.547063 0.536520 0.795874 0.993827 0.659432 0.941720 0.918320 0.886372 0.685259 0.812979 0.903085 0.952139 0.712304 0.816372 0.810585 0.798061 0.947752 0.817000 0.888057 0.972584 0.937490 0.892777 0.902574 0.996204
0.840324 0.787575 0.441079 0.000000 0.988287 0.868493 0.660686 0.692801 0.892821 0.767925 0.899915 0.744584 0.893145 0.894277 0.842559 0.963370 0.820473 0.896377 0.985289 0.884421 0.696734 0.816166 0.804940 0.618491 0.472784 0.385506 0.822738 0.952173 0.833910 0.842988 0.696208 0.629035 0.792548 0.786571 0.587647 0.618309 0.865193 0.807912 0.655717 0.880579 0.905627 0.975357 0.743353 0.837003 0.838187 0.924400 0.600443 0.771109 0.786208 0.887807 0.894211 0.963039 0.898790 0.897536 0.757083 0.903042 0.825835 0.788154 0.900813 0.989667 0.969877 0.950201 0.917296 0.737754 0.444005 0.392425 0.493889 0.476304 0.943837 0.830472 0.721807 0.735062 0.762179 0.900793 0.936308 0.877740 0.831751 0.845368 0.935619 0.858935 0.977907 0.804488 0.896055 0.885478 0.712634 0.490235 0.968661 0.766459 0.953856 0.765556 0.767634 0.964819 0.669886 0.734463 0.861876 0.888670 0.780715 0.893186 0.967658 0.944613 0.851986 0.956471 0.954820 0.973626 0.719517 0.789147 0.855002 0.938472 0.983230 0.983259 0.857476 0.969319 0.908779 0.878499 0.987028 0.941444
0.780208 0.805439 0.911524 0.988287 0.000000 0.978946 0.908259 0.972277 0.910506 0.997242 0.852308 0.814699 0.871356 0.850123 0.835371 0.823934 0.798945 0.838973 0.908642 0.840527 0.964133 0.949183 0.834702 0.860014 0.993904 0.912151 0.728313 0.990333 0.841315 0.966718 0.839490 0.892314 0.940774 0.879295 0.936933 0.842284 0.924946 0.960654 0.938782 0.971885 0.994782 0.973451 0.889200 0.912226 0.916974 0.979936 0.927248 0.967668 0.893067 0.921399 0.941450 0.974636 0.874520 0.770221 0.848833 0.922993 0.780313 0.797552 0.885008 0.864941 0.973043 0.792286 0.989713 0.868101 0.979170 0.954345 0.941607 0.867837 0.793881 0.739911 0.981642 0.888567 0.931301 0.958144 0.914480 0.876878 0.976503 0.870701 0.985959 0.978803 0.820772 0.766220 0.798258 0.870516 0.815702 0.904333 0.777576 0.879684 0.871552 0.809328 0.958504 0.892459 0.990124 0.882237 0.920756 0.906676 0.964009 0.942478 0.983632 0.993570 0.877607 0.844180 0.958886 0.972246 0.924251 0.879394 0.990934 0.762657 0.965644 0.838593 0.934270 0.964761 0.995652 0.878722 0.811419 0.905357
0.906136 0.750805 0.710136 0.868493 0.978946 0.000000 0.734093 0.960085 0.938736 0.982317 0.926047 0.925154 0.762282 0.897359 0.888651 0.806973 0.844138 0.867627 0.956946 0.856881 0.698705 0.894928 0.864339 0.806242 0.876321 0.772654 0.897612 0.789992 0.886169 0.905286 0.844214 0.801516 0.807888 0.841716 0.976846 0.962960 0.875668 0.962797 0.810000 0.842763 0.928762 0.939541 0.896319 0.886240 0.752190 0.691670 0.966632 0.908971 0.723670 0.740008 0.817716 0.811741 0.856291 0.943000 0.905951 0.904322 0.761369 0.757253 0.979107 0.990881 0.813990 0.830219 0.932352 0.934796 0.909112 0.884503 0.838549 0.954602 0.853676 0.938792 0.834773 0.875573 0.898881 0.754523 0.821808 0.871056 0.936024 0.904409 0.986891 0.909221 0.994781 0.923246 0.846129 0.930231 0.929937 0.900368 0.831524 0.779832 0.992499 0.989819 0.916795 0.863260 0.958579 0.849168 0.996075 0.924355 0.970829 0.985440 0.861367 0.949052 0.977604 0.989532 0.975489 0.960330 0.869197 0.979840 0.662104 0.913569 0.862795 0.894029 0.953249 0.898242 0.899817 0.810318 0.966440 0.998268
0.892285 0.754166 0.414685 0.660686 0.908259 0.734093 0.000000 0.470348 0.666013 0.772268 0.755893 0.842492 0.759856 0.986519 0.931686 0.844716 0.893306 0.924931 0.883349 0.885760 0.698728 0.916998 0.713369 0.953247 0.973514 0.705506 0.818623 0.773653 0.917354 0.970650 0.406948 0.536792 0.441393 0.470582 0.627055 0.653773 0.857102 0.886702 0.956089 0.812193 0.825709 0.988694 0.892237 0.922892 0.774153 0.999980 0.817126 0.935428 0.774380 0.760216 0.943662 0.948257 0.997612 0.929976 0.950583 0.967189 0.843307 0.873057 0.631281 0.653652 0.393691 0.847486 0.555924 0.752726 0.789028 0.754189 0.420302 0.456048 0.985723 0.933275 0.587565 0.519686 0.597633 0.679302 0.966461 0.927272 0.831399 0.845685 0.846691 0.898623 0.898333 0.945415 0.799629 0.891623 0.974299 0.985887 0.882876 0.984344 0.786346 0.875852 0.526491 0.613685 0.613105 0.663162 0.787160 0.996038 0.663754 0.831079 0.595650 0.679843 0.602959 0.622940 0.631624 0.670721 0.657976 0.702329 0.915807 0.811517 0.995934 0.798954 0.831724 0.878564 0.923404 0.860662 0.956385 0.917021
0.605876 0.756166 0.692702 0.692801 0.972277 0.960085 0.470348 0.000000 0.819167 0.620339 0.639794 0.803196 0.780833 0.764296 0.998961 0.977585 0.678845 0.677046 0.615048 0.715757 0.992035 0.964309 0.591947 0.891877 0.896819 0.931885 0.913648 0.786726 0.573444 0.645146 0.581224 0.598004 0.499105 0.517085 0.787006 0.786965 0.794757 0.941889 0.901945 0.937481 0.797599 0.842121 0.759573 0.755930 0.573549 0.640583 0.641373 0.734189 0.801092 0.829137 0.680746 0.744454 0.792215 0.875863 0.806604 0.790999 0.685618 0.651156 0.632426 0.529015 0.610613 0.616393 0.459589 0.520999 0.929359 0.870189 0.630655 0.610530 0.736830 0.672076 0.583321 0.600887 0.618676 0.825496 0.951171 0.825873 0.616914 0.826033 0.724594 0.672380 0.610431 0.662310 0.859192 0.854463 0.913806 0.981532 0.934804 0.901252 0.782301 0.784572 0.658486 0.781726 0.734023 0.885112 0.749038 0.928229 0.668225 0.780588 0.531129 0.498447 0.649301 0.729125 0.636179 0.634883 0.607816 0.645904 0.923273 0.879524 0.887276 0.868309 0.662193 0.717935 0.590787 0.678144 0.898945 0.887111
0.857037 0.913064 0.869937 0.892821 0.910506 0.938736 0.666013 0.819167 0.000000 0.675800 0.722220 0.952839 0.635786 0.884150 0.947223 0.872992 0.883796 0.816463 0.995315 0.857408 0.934718 0.994384 0.975022 0.707168 0.757693 0.861514 0.841469 0.860810 0.952887 0.896266 0.920560 0.944027 0.936122 0.891038 0.976500 0.975282 0.783906 0.950553 0.846555 0.931320 0.909616 0.985970 0.779658 0.907396 0.988128 0.986319 0.917221 0.935266 0.970908 0.944101 0.895419 0.962240 0.897478 0.947437 0.881710 0.964497 0.819204 0.968076 0.537631 0.664176 0.546314 0.730452 0.740320 0.783691 0.891103 0.880027 0.901176 0.952141 0.897437 0.802707 0.949179 0.941063 0.955738 0.930892 0.994017 0.947561 0.988547 0.869550 0.974167 0.886393 0.911963 0.797337 0.685117 0.775660 0.801068 0.718714 0.945682 0.815046 0.736300 0.936973 0.889558 0.876053 0.978696 0.832337 0.911158 0.925528 0.999552 0.947165 0.817425 0.865247 0.881423 0.831054 0.754309 0.795489 0.997673 0.986696 0.938044 0.779270 0.827153 0.890519 0.928609 0.999059 0.857623 0.991355 0.832507 0.939637
0.605409 0.628630 0.830773 0.767925 0.997242 0.982317 0.772268 0.620339 0.675800 0.000000 0.624803 0.603305 0.595418 0.798985 0.731792 0.851916 0.676450 0.678673 0.589419 0.708763 0.880382 0.978827 0.647923 0.687097 0.497875 0.594053 0.792999 0.888008 0.508160 0.510199 0.853741 0.857042 0.707888 0.689136 0.670226 0.908173 0.989854 0.770225 0.706637 0.770297 0.994348 0.852868 0.980866 0.867603 0.777783 0.728314 0.916917 0.904136 0.566901 0.660586 0.684077 0.681594 0.769345 0.882298 0.931972 0.927445 0.733055 0.581187 0.579127 0.580340 0.729622 0.856997 0.445355 0.414529 0.512187 0.534687 0.800059 0.772362 0.734158 0.568016 0.923291 0.859047 0.837982 0.904028 0.822995 0.973807 0.766434 0.881493 0.588453 0.614700 0.604995 0.845657 0.938729 0.942671 0.816778 0.557881 0.843124 0.747187 0.880209 0.905150 0.989219 0.874273 0.841459 0.757561 0.979535 0.851886 0.957866 0.905625 0.669399 0.671779 0.957788 0.850734 0.693376 0.713124 0.952754 0.939752 0.842216 0.995275 0.829364 0.902203 0.919553 0.947889 0.741057 0.913826 0.935711 0.940599
0.377223 0.679764 0.968813 0.899915 0.852308 0.926047 0.755893 0.639794 0.722220 0.624803 0.000000 0.559938 0.433158 0.750074 0.792093 0.904044 0.620313 0.661927 0.659486 0.575886 0.855934 0.934947 0.752548 0.756076 0.692909 0.808432 0.859945 0.829568 0.585763 0.641941 0.919366 0.932443 0.668482 0.782935 0.886638 0.933235 0.787213 0.916608 0.925020 0.865932 0.719982 0.797919 0.755481 0.887229 0.982824 0.949339 0.998033 0.985780 0.868778 0.880422 0.982318 0.981751 0.981207 0.823463 0.899200 0.819274 0.660996 0.589867 0.505736 0.511398 0.510428 0.564007 0.468775 0.437966 0.897632 0.924256 0.915135 0.980915 0.508275 0.530683 0.730064 0.760396 0.838687 0.990634 0.792820 0.832079 0.775626 0.925386 0.897442 0.718403 0.551775 0.647690 0.991701 0.835409 0.929877 0.766416 0.947604 0.776552 0.648902 0.758525 0.915404 0.914193 0.934417 0.989827 0.897662 0.965297 0.932084 0.993600 0.685764 0.699833 0.823744 0.882346 0.628209 0.680314 0.768977 0.804833 0.974870 0.955574 0.931747 0.767768 0.905699 0.818746 0.750319 0.889468 0.925158 0.993342
0.340435 0.404220 0.648467 0.744584 0.814699 0.925154 0.842492 0.803196 0.952839 0.603305 0.559938 0.000000 0.505799 0.498732 0.504947 0.572482 0.444027 0.503448 0.491200 0.470759 0.782835 0.904872 0.620138 0.869928 0.636736 0.607388 0.989066 0.987549 0.434822 0.533977 0.804766 0.932251 0.906266 0.940912 0.693178 0.771010 0.904500 0.880524 0.770206 0.998889 0.852515 0.913322 0.784011 0.925633 0.869549 0.860575 0.927397 0.899085 0.604881 0.698419 0.920356 0.835662 0.978741 0.830397 0.837743 0.861112 0.472877 0.396859 0.690859 0.631226 0.879777 0.614056 0.578491 0.471392 0.756354 0.756105 0.688332 0.655471 0.441787 0.479361 0.985096 0.943241 0.969848 0.949174 0.762361 0.906004 0.863474 0.992895 0.785708 0.638082 0.479330 0.540239 0.738364 0.688161 0.735226 0.834883 0.886076 0.995142 0.796032 0.781001 0.744913 0.828472 0.713896 0.635335 0.987893 0.968064 0.854352 0.993079 0.920728 0.804706 0.901917 0.803204 0.938351 0.920423 0.951434 0.917780 0.905986 0.723900 0.912834 0.993010 0.951065 0.832209 0.692579 0.974466 0.998477 0.892591
0.476213 0.839262 0.952090 0.893145 0.871356 0.762282 0.759856 0.780833 0.635786 0.595418 0.433158 0.505799 0.000000 0.688887 0.644360 0.684823 0.791121 0.908080 0.688388 0.816548 0.999222 0.998854 0.665673 0.889040 0.670407 0.798783 0.917676 0.914400 0.663260 0.784559 0.966746 0.950105 0.752547 0.812916 0.826271 0.903389 0.871341 0.913067 0.896470 0.886597 0.862967 0.974527 0.686766 0.794701 0.759925 0.930054 0.993102 0.959145 0.953185 0.945164 0.999509 0.973843 0.998015 0.910857 0.873876 0.929946 0.878155 0.753661 0.501459 0.563916 0.481166 0.646185 0.498743 0.545317 0.903784 0.884474 0.954218 0.872346 0.556160 0.602802 0.833942 0.879258 0.912383 0.972663 0.805674 0.915094 0.934027 0.966402 0.862964 0.807159 0.724731 0.797475 0.902825 0.894327 0.892734 0.781630 0.972639 0.970546 0.599867 0.833000 0.971085 0.962427 0.865886 0.946015 0.959145 0.914898 0.975227 0.920288 0.814941 0.819600 0.900778 0.969835 0.757064 0.822466 0.882954 0.848622 0.935496 0.833529 0.881681 0.781656 0.972878 0.987411 0.876404 0.935201 0.926691 0.956513
0.612277 0.566897 0.939768 0.894277 0.850123 0.897359 0.986519 0.764296 0.884150 0.798985 0.750074 0.498732 0.688887 0.000000 0.523808 0.416327 0.614643 0.587578 0.496279 0.575533 0.983646 0.919419 0.509735 0.763534 0.984339 0.960963 0.898339 0.985927 0.568631 0.577605 0.995125 0.749895 0.818220 0.809733 0.790928 0.976442 0.940893 0.868924 0.947909 0.849413 0.927858 0.979806 0.852172 0.816800 0.961066 0.793227 0.685924 0.698965 0.764670 0.809036 0.850695 0.804363 0.879628 0.980940 0.686161 0.773275 0.682379 0.659021 0.973602 0.903942 0.982410 0.775967 0.749172 0.757366 0.907544 0.880623 0.815559 0.902499 0.680705 0.653776 0.969519 0.921858 0.852428 0.962321 0.763011 0.955245 0.735408 0.850938 0.793975 0.526123 0.534472 0.412412 0.585615 0.638144 0.526430 0.753010 0.968080 0.762156 0.964670 0.835414 0.694854 0.704057 0.721738 0.643169 0.859988 0.991397 0.952100 0.956970 0.913771 0.915668 0.799646 0.809502 0.960927 0.958945 0.883876 0.906474 0.878193 0.700670 0.941731 0.954965 0.933211 0.911538 0.714980 0.911827 0.996487 0.938996
0.618817 0.647792 0.801457 0.842559 0.835371 0.888651 0.931686 0.998961 0.947223 0.731792 0.792093 0.504947 0.644360 0.523808 0.000000 0.562201 0.637697 0.657300 0.585072 0.662090 0.961924 0.956354 0.706219 0.967128 0.845146 0.793076 0.934279 0.964576 0.617059 0.612630 0.978849 0.912128 0.898324 0.855414 0.734696 0.886551 0.939250 0.923116 0.946990 0.995333 0.856095 0.904231 0.942082 0.926510 0.874592 0.922215 0.872499 0.785142 0.773435 0.819904 0.912925 0.857564 0.972849 0.943955 0.889795 0.892345 0.760557 0.714793 0.853472 0.817940 0.935166 0.881569 0.737745 0.704386 0.879754 0.873308 0.741360 0.717366 0.570473 0.625740 0.889572 0.900111 0.960641 0.943074 0.749747 0.939727 0.927453 0.977919 0.654883 0.622217 0.602137 0.581938 0.724710 0.724095 0.702058 0.968150 0.888135 0.820837 0.806266 0.889491 0.654452 0.759783 0.594644 0.632477 0.969805 0.795027 0.885341 0.956122 0.931070 0.924172 0.811761 0.707693 0.998217 0.995865 0.878103 0.919989 0.961245 0.642244 0.962634 0.937590 0.846338 0.952480 0.902285 0.973759 0.980579 0.971318
0.758811 0.697524 0.818926 0.963370 0.823934 0.806973 0.844716 0.977585 0.872992 0.851916 0.904044 0.572482 0.684823 0.416327 0.562201 0.000000 0.769738 0.770943 0.597941 0.741195 0.979479 0.948823 0.565657 0.637699 0.941388 0.927761 0.835400 0.786821 0.725787 0.724254 0.857212 0.923018 0.976107 0.983410 0.668915 0.791209 0.910691 0.725175 0.928278 0.926630 0.908813 0.896861 0.942305 0.972754 0.749584 0.979808 0.850156 0.928702 0.817464 0.843690 0.990166 0.899594 0.964726 0.940117 0.795428 0.947711 0.875928 0.791291 0.957183 0.978170 0.865421 0.941817 0.961158 0.958116 0.994420 0.965645 0.677352 0.678251 0.800040 0.783214 0.857106 0.881840 0.977935 0.977270 0.828775 0.969261 0.978488 0.979835 0.853003 0.626449 0.757014 0.620327 0.731689 0.691254 0.646508 0.748203 0.970284 0.717665 0.977802 0.916042 0.570249 0.730865 0.606706 0.592006 0.897188 0.998724 0.836073 0.988839 0.804771 0.917943 0.738981 0.697092 0.763607 0.794573 0.947716 0.973859 0.911835 0.600972 0.949532 0.976219 0.821494 0.875232 0.918502 0.887921 0.804092 0.973835
0.456063 0.348897 0.695525 0.820473 0.798945 0.844138 0.893306 0.678845 0.883796 0.676450 0.620313 0.444027 0.791121 0.614643 0.637697 0.769738 0.000000 0.331514 0.479216 0.377235 0.739662 0.952472 0.718724 0.804470 0.762208 0.673109 0.984277 0.926527 0.374163 0.384414 0.959115 0.873712 0.789228 0.756159 0.768005 0.861045 0.879037 0.942142 0.748322 0.913821 0.788836 0.799621 0.876113 0.776034 0.776248 0.628770 0.788342 0.698645 0.524559 0.589103 0.715603 0.668623 0.818294 0.987611 0.824545 0.786831 0.363742 0.374008 0.843608 0.686894 0.983176 0.775968 0.585039 0.452435 0.759441 0.768374 0.785670 0.819607 0.614158 0.476837 0.869232 0.990991 0.896771 0.890885 0.774227 0.877813 0.735140 0.897643 0.608297 0.569226 0.362558 0.446266 0.634029 0.650003 0.804598 0.873536 0.996424 0.954150 0.839256 0.867039 0.856790 0.884476 0.824730 0.660027 0.966820 0.984643 0.900698 0.989601 0.819770 0.674518 0.997798 0.867011 0.817076 0.739041 0.923927 0.917841 0.898811 0.748057 0.966684 0.965105 0.923549 0.722582 0.555995 0.756442 0.913373 0.851791
0.474226 0.324898 0.725463 0.896377 0.838973 0.867627 0.924931 0.677046 0.816463 0.678673 0.661927 0.503448 0.908080 0.587578 0.657300 0.770943 0.331514 0.000000 0.429326 0.354811 0.790772 0.981305 0.654630 0.893108 0.846881 0.754519 0.975566 0.922638 0.398743 0.373927 0.963495 0.812377 0.748389 0.709260 0.796251 0.986305 0.820750 0.978758 0.839354 0.934323 0.747230 0.795878 0.810754 0.687589 0.691278 0.587447 0.721402 0.639230 0.518482 0.617010 0.727461 0.699188 0.829684 0.976337 0.808706 0.741877 0.317850 0.349471 0.897967 0.748452 0.914954 0.827092 0.617584 0.492591 0.803128 0.807039 0.851007 0.894632 0.625148 0.532158 0.896137 0.961018 0.879970 0.862044 0.832145 0.935717 0.702708 0.841492 0.654880 0.496908 0.343949 0.397089 0.556248 0.590253 0.741838 0.973916 0.989937 0.975481 0.886344 0.851676 0.879274 0.903979 0.896430 0.685292 0.896976 0.995098 0.904965 0.879408 0.819567 0.707779 0.900693 0.889328 0.857581 0.760034 0.885041 0.905135 0.872427 0.741870 0.970521 0.998279 0.878430 0.671030 0.519035 0.707590 0.966488 0.818640
0.473060 0.472124 0.874322 0.985289 0.908642 0.956946 0.883349 0.615048 0.995315 0.589419 0.659486 0.491200 0.688388 0.496279 0.585072 0.597941 0.479216 0.429326 0.000000 0.433527 0.909984 0.992969 0.510302 0.907711 0.828255 0.785834 0.950924 0.997568 0.398156 0.429107 0.877919 0.772633 0.617795 0.596632 0.825856 0.998725 0.830384 0.997459 0.835348 0.973989 0.928860 0.827688 0.810250 0.701595 0.822039 0.653825 0.643064 0.619663 0.623076 0.609649 0.678056 0.636391 0.804566 0.898904 0.863159 0.889337 0.471113 0.474027 0.723102 0.652196 0.899531 0.846636 0.522928 0.512583 0.849505 0.829633 0.921191 0.895150 0.559618 0.494732 0.885451 0.860699 0.755021 0.831515 0.875272 0.958929 0.734457 0.815768 0.677309 0.526474 0.487506 0.498393 0.716166 0.786414 0.782379 0.956154 0.842166 0.965494 0.872239 0.865950 0.950755 0.961380 0.865447 0.774388 0.991496 0.889523 0.982990 0.829981 0.740385 0.585980 0.995583 0.967882 0.772756 0.733790 0.843498 0.836252 0.866254 0.771273 0.938201 0.982925 0.884710 0.760244 0.534095 0.732970 0.965257 0.905109
0.458173 0.374933 0.733937 0.884421 0.840527 0.856881 0.885760 0.715757 0.857408 0.708763 0.575886 0.470759 0.816548 0.575533 0.662090 0.741195 0.377235 0.354811 0.433527 0.000000 0.658704 0.940403 0.700292 0.870226 0.760120 0.723874 0.893262 0.936806 0.430269 0.411441 0.986892 0.932379 0.779198 0.785039 0.782376 0.958957 0.841811 0.960269 0.863303 0.910116 0.855096 0.720865 0.847993 0.770377 0.828903 0.691484 0.806586 0.659194 0.613371 0.596245 0.748776 0.698554 0.798579 0.961441 0.840384 0.897366 0.343225 0.368150 0.798583 0.692135 0.965515 0.789370 0.655970 0.513534 0.792158 0.788529 0.841224 0.853084 0.517956 0.517163 0.892346 0.979414 0.875201 0.965138 0.827847 0.916219 0.650292 0.816587 0.721738 0.626109 0.465337 0.491554 0.728546 0.699761 0.850172 0.869003 0.910828 0.887361 0.905212 0.838014 0.900550 0.962722 0.914895 0.746201 0.931098 0.981266 0.974008 0.845365 0.771917 0.621388 0.972845 0.961295 0.746838 0.732958 0.830689 0.828965 0.846359 0.892557 0.987503 0.891554 0.774289 0.696563 0.553253 0.699898 0.986854 0.957057
0.792096 0.686179 0.645232 0.696734 0.964133 0.698705 0.698728 0.992035 0.934718 0.880382 0.855934 0.782835 0.999222 0.983646 0.961924 0.979479 0.739662 0.790772 0.909984 0.658704 0.000000 0.991306 0.878326 0.732784 0.644421 0.609689 0.820079 0.968516 0.751457 0.786317 0.747320 0.789397 0.883482 0.904160 0.756064 0.848364 0.891721 0.979099 0.770513 0.934015 0.921586 0.825797 0.993615 0.947646 0.955697 0.869631 0.845583 0.943267 0.714595 0.716275 0.944681 0.880971 0.963897 0.972905 0.959407 0.961280 0.723498 0.664127 0.881786 0.937883 0.885903 0.931511 0.955855 0.792965 0.716284 0.663240 0.718168 0.753866 0.769749 0.819108 0.825470 0.910868 0.838632 0.775803 0.976908 0.823357 0.870606 0.933370 0.983378 0.972548 0.946618 0.984805 0.955928 0.978262 0.881330 0.702873 0.950571 0.696588 0.918038 0.985196 0.889458 0.937274 0.864082 0.925445 0.973393 0.865601 0.956408 0.830680 0.865721 0.795009 0.929609 0.941455 0.801181 0.865473 0.980608 0.825470 0.735608 0.953343 0.878208 0.939734 0.883739 0.757075 0.850918 0.844247 0.984093 0.882564
0.962541 0.946518 0.886791 0.816166 0.949183 0.894928 0.916998 0.964309 0.994384 0.978827 0.934947 0.904872 0.998854 0.919419 0.956354 0.948823 0.952472 0.981305 0.992969 0.940403 0.991306 0.000000 0.901112 0.901971 0.928266 0.795309 0.847814 0.928751 0.964814 0.952147 0.753774 0.870885 0.822223 0.865654 0.881174 0.870887 0.817113 0.713597 0.886687 0.929364 0.975850 0.821335 0.870451 0.900033 0.947405 0.983312 0.945990 0.881678 0.881424 0.916505 0.909990 0.948710 0.887203 0.823293 0.923860 0.893268 0.941675 0.899757 0.947096 0.914088 0.986971 0.823873 0.953180 0.965767 0.998666 0.999140 0.887351 0.914027 0.957257 0.973944 0.826940 0.913394 0.890443 0.841328 0.963331 0.899489 0.891117 0.789566 0.913829 0.936784 0.945868 0.947098 0.940373 0.924690 0.937974 0.969804 0.977776 0.824439 0.977369 0.981781 0.794789 0.807665 0.851456 0.860787 0.957997 0.830452 0.997382 0.874728 0.904697 0.923285 0.914144 0.811692 0.661569 0.798100 0.837077 0.892901 0.997238 0.883085 0.925301 0.898345 0.889455 0.852968 0.975669 0.840216 0.955029 0.801057
0.628282 0.711960 0.915209 0.804940 0.834702 0.864339 0.713369 0.591947 0.975022 0.647923 0.752548 0.620138 0.665673 0.509735 0.706219 0.565657 0.718724 0.654630 0.510302 0.700292 0.878326 0.901112 0.000000 0.787570 0.910684 0.991136 0.943413 0.995676 0.584251 0.604067 0.774727 0.635322 0.647047 0.685948 0.924510 0.983416 0.981876 0.807276 0.932359 0.839162 0.969354 0.942000 0.939475 0.896378 0.915733 0.871382 0.758442 0.853427 0.789465 0.906973 0.899269 0.872451 0.984481 0.990092 0.875014 0.959774 0.714745 0.676845 0.844912 0.731453 0.805094 0.849745 0.613985 0.658882 0.988907 0.976944 0.975564 0.989405 0.762470 0.687844 0.808678 0.775245 0.798047 0.798024 0.872399 0.995449 0.800568 0.905717 0.685823 0.571902 0.584117 0.588974 0.759239 0.790595 0.703580 0.881393 0.984153 0.830069 0.972512 0.894176 0.995993 0.955071 0.975343 0.771662 0.913655 0.980759 0.951611 0.973229 0.840071 0.806181 0.981754 0.901717 0.974486 0.854644 0.878585 0.877369 0.981833 0.766106 0.893303 0.923311 0.914889 0.989704 0.677376 0.955034 0.838506 0.836743
0.734187 0.876407 0.821272 0.618491 0.860014 0.806242 0.953247 0.891877 0.707168 0.687097 0.756076 0.869928 0.889040 0.763534 0.967128 0.637699 0.804470 0.893108 0.907711 0.870226 0.732784 0.901971 0.787570 0.000000 0.529466 0.596631 0.693849 0.797723 0.748440 0.843464 0.953848 0.914145 0.889095 0.856298 0.869912 0.988521 0.850506 0.770603 0.595447 0.866126 0.904121 0.767726 0.927405 0.999776 0.859208 0.904707 0.888318 0.979455 0.864723 0.816451 0.834698 0.820477 0.802833 0.880511 0.877780 0.946963 0.798141 0.769638 0.617076 0.687259 0.753422 0.880296 0.627078 0.578737 0.598274 0.546800 0.928902 0.903704 0.832883 0.787218 0.907289 0.928573 0.971864 0.968992 0.981024 0.996522 0.986732 0.913047 0.950165 0.936836 0.876690 0.845786 0.804985 0.690789 0.616554 0.437122 0.879267 0.551643 0.897439 0.923129 0.892233 0.823571 0.985018 0.943385 0.989866 0.994837 0.970898 0.997531 0.682898 0.740936 0.818206 0.745615 0.568146 0.571458 0.942057 0.931716 0.828259 0.810146 0.962621 0.912537 0.882370 0.776537 0.835651 0.826433 0.768429 0.966083
0.632544 0.727194 0.641032 0.472784 0.993904 0.876321 0.973514 0.896819 0.757693 0.497875 0.692909 0.636736 0.670407 0.984339 0.845146 0.941388 0.762208 0.846881 0.828255 0.760120 0.644421 0.928266 0.910684 0.529466 0.000000 0.400547 0.717466 0.841006 0.616739 0.670299 0.919049 0.847665 0.985113 0.999843 0.647530 0.734100 0.952099 0.845593 0.574075 0.714380 0.898041 0.882599 0.775823 0.862992 0.938619 0.977155 0.740081 0.841071 0.753621 0.828336 0.974191 0.916588 0.998478 0.998733 0.823071 0.864499 0.732998 0.618289 0.611939 0.660113 0.750305 0.879990 0.629472 0.495112 0.412832 0.393657 0.701414 0.653631 0.759864 0.650866 0.988400 0.972343 0.946167 0.900892 0.894287 0.944937 0.936422 0.957273 0.860779 0.998152 0.850736 0.891867 0.874642 0.924694 0.626471 0.365073 0.930248 0.654723 0.877748 0.814205 0.989837 0.802792 0.863413 0.850167 0.968291 0.947756 0.990043 0.957572 0.673817 0.777249 0.950371 0.852200 0.668667 0.738103 0.913241 0.921766 0.818682 0.903188 0.830908 0.865604 0.926457 0.795606 0.881206 0.970629 0.987372 0.931548
0.674010 0.622690 0.460187 0.385506 0.912151 0.772654 0.705506 0.931885 0.861514 0.594053 0.808432 0.607388 0.798783 0.960963 0.793076 0.927761 0.673109 0.754519 0.785834 0.723874 0.609689 0.795309 0.991136 0.596631 0.400547 0.000000 0.824050 0.891235 0.679917 0.694703 0.694208 0.717968 0.838146 0.842106 0.532998 0.670629 0.961268 0.791016 0.546499 0.828276 0.996815 0.998351 0.766009 0.867200 0.893392 0.948084 0.745570 0.904756 0.667765 0.715682 0.971956 0.873463 0.975264 0.967223 0.834274 0.878372 0.674491 0.555890 0.800288 0.778570 0.996122 0.887488 0.787412 0.579764 0.398624 0.384195 0.480731 0.485256 0.829072 0.753927 0.836963 0.835325 0.802825 0.784262 0.915505 0.911891 0.988334 0.947333 0.932719 0.976628 0.842419 0.928622 0.993627 0.959635 0.711606 0.445150 0.967815 0.693632 0.981085 0.810218 0.752381 0.910830 0.671031 0.634499 0.847249 0.926580 0.775069 0.944866 0.864993 0.918784 0.928715 0.894132 0.912704 0.886931 0.798612 0.916104 0.793111 0.947399 0.826174 0.986170 0.953770 0.917742 0.926725 0.942272 0.987398 0.981630
0.913589 0.972396 0.965660 0.822738 0.728313 0.897612 0.818623 0.913648 0.841469 0.792999 0.859945 0.989066 0.917676 0.898339 0.934279 0.835400 0.984277 0.975566 0.950924 0.893262 0.820079 0.847814 0.943413 0.693849 0.717466 0.824050 0.000000 0.731540 0.873177 0.812985 0.781661 0.860279 0.839740 0.811565 0.974976 0.959696 0.797757 0.977456 0.786381 0.794148 0.914525 0.920407 0.980046 0.943009 0.952471 0.952367 0.935784 0.996876 0.829087 0.886652 0.991192 0.994532 0.937402 0.876114 0.859278 0.865635 0.984274 0.941569 0.846559 0.910163 0.766182 0.983690 0.763118 0.761224 0.788809 0.793190 0.970080 0.946935 0.945119 0.993949 0.837885 0.777977 0.802076 0.917136 0.989296 0.954630 0.936954 0.855734 0.972523 0.952473 0.957918 0.899860 0.810096 0.864728 0.710251 0.651187 0.866405 0.636460 0.969611 0.874623 0.857912 0.838093 0.965167 0.972837 0.833000 0.868720 0.858275 0.926751 0.740798 0.821935 0.897589 0.820313 0.635960 0.760463 0.919086 0.776220 0.806140 0.794872 0.790214 0.848510 0.887410 0.794010 0.931431 0.781043 0.924136 0.973110
0.812727 0.997599 0.905870 0.952173 0.990333 0.789992 0.773653 0.786726 0.860810 0.888008 0.829568 0.987549 0.914400 0.985927 0.964576 0.786821 0.926527 0.922638 0.997568 0.936806 0.968516 0.928751 0.995676 0.797723 0.841006 0.891235 0.731540 0.000000 0.875421 0.961226 0.834175 0.926366 0.893742 0.834374 0.902383 0.982975 0.940340 0.999172 0.780167 0.937836 0.875281 0.867109 0.948595 0.988480 0.910640 0.944280 0.903208 0.881458 0.917745 0.998881 0.948124 0.946714 0.898067 0.943569 0.953685 0.940759 0.879664 0.876688 0.871283 0.747234 0.751169 0.807744 0.807128 0.753555 0.979709 0.995581 0.917901 0.788065 0.962365 0.988845 0.838421 0.746387 0.887324 0.972226 0.855483 0.950428 0.944220 0.855002 0.982883 0.928936 0.905522 0.991399 0.927644 0.894005 0.914922 0.837916 0.854222 0.926433 0.917462 0.988468 0.830156 0.940316 0.843168 0.956620 0.611301 0.932623 0.896407 0.899428 0.757661 0.855211 0.884115 0.797183 0.722072 0.782581 0.853133 0.792819 0.844779 0.937956 0.876886 0.803903 0.969815 0.973577 0.989124 0.905573 0.959773 0.826091
0.408936 0.388106 0.742784 0.833910 0.841315 0.886169 0.917354 0.573444 0.952887 0.508160 0.585763 0.434822 0.663260 0.568631 0.617059 0.725787 0.374163 0.398743 0.398156 0.430269 0.751457 0.964814 0.584251 0.748440 0.616739 0.679917 0.873177 0.875421 0.000000 0.351561 0.832428 0.799875 0.678277 0.611031 0.778209 0.879590 0.777711 0.920971 0.731929 0.962104 0.798523 0.787140 0.868701 0.728998 0.775034 0.642430 0.811553 0.709076 0.549281 0.618896 0.709176 0.663978 0.849071 0.942329 0.805556 0.776964 0.435551 0.395533 0.667388 0.616189 0.846804 0.738312 0.455868 0.378398 0.689073 0.703776 0.828851 0.865660 0.557579 0.431360 0.852107 0.931608 0.768753 0.829071 0.856064 0.960261 0.711823 0.795386 0.642415 0.561010 0.396207 0.510650 0.703100 0.695226 0.870180 0.820932 0.904181 0.937495 0.813231 0.916104 0.917854 0.967541 0.807641 0.704553 0.890151 0.929656 0.961762 0.868080 0.681091 0.634992 0.996405 0.913773 0.673039 0.666674 0.894154 0.873729 0.848617 0.828527 0.897285 0.934946 0.863994 0.657504 0.531614 0.775894 0.947153 0.802798
0.541117 0.407933 0.719868 0.842988 0.966718 0.905286 0.970650 0.645146 0.896266 0.510199 0.641941 0.533977 0.784559 0.577605 0.612630 0.724254 0.384414 0.373927 0.429107 0.411441 0.786317 0.952147 0.604067 0.843464 0.670299 0.694703 0.812985 0.961226 0.351561 0.000000 0.801325 0.712172 0.679183 0.614624 0.689821 0.934217 0.870937 0.890225 0.809678 0.991316 0.880318 0.781373 0.807253 0.690430 0.752463 0.667703 0.793867 0.709461 0.585033 0.677137 0.691486 0.649244 0.816921 0.861971 0.884978 0.864015 0.478609 0.457402 0.879280 0.763476 0.962642 0.921096 0.521552 0.445681 0.629720 0.679142 0.751819 0.815077 0.660063 0.515235 0.855272 0.948266 0.758828 0.776121 0.811996 0.952874 0.725361 0.721450 0.494907 0.468026 0.388486 0.498558 0.664391 0.703845 0.944485 0.799331 0.877410 0.895919 0.956000 0.932646 0.867738 0.988205 0.757917 0.609434 0.896529 0.967304 0.960774 0.863757 0.747608 0.680211 0.996590 0.994616 0.726259 0.703446 0.995447 0.860032 0.807001 0.860623 0.885902 0.931697 0.907656 0.715746 0.530524 0.706587 0.986378 0.873717
0.981103 0.821488 0.602821 0.696208 0.839490 0.844214 0.406948 0.581224 0.920560 0.853741 0.919366 0.804766 0.966746 0.995125 0.978849 0.857212 0.959115 0.963495 0.877919 0.986892 0.747320 0.753774 0.774727 0.953848 0.919049 0.694208 0.781661 0.834175 0.832428 0.801325 0.000000 0.439493 0.453072 0.390828 0.706069 0.695560 0.910265 0.894169 0.934846 0.996652 0.888138 0.959593 0.632434 0.685724 0.620981 0.816953 0.751191 0.826981 0.891725 0.892833 0.745451 0.813548 0.796489 0.659828 0.925678 0.986238 0.887936 0.874928 0.856305 0.872061 0.695130 0.880279 0.610899 0.814927 0.939560 0.890296 0.621788 0.568661 0.936533 0.996170 0.535133 0.590614 0.506169 0.563369 0.998694 0.991100 0.806799 0.700676 0.725173 0.774204 0.834622 0.899519 0.978593 0.968943 0.927168 0.989957 0.792901 0.978039 0.973174 0.918495 0.617382 0.719443 0.771196 0.915995 0.791618 0.985631 0.810279 0.855920 0.632719 0.706839 0.783677 0.625277 0.626597 0.665690 0.777213 0.729321 0.949855 0.817266 0.941840 0.914362 0.766926 0.831234 0.748012 0.757069 0.840201 0.882636
0.961071 0.995373 0.644901 0.629035 0.892314 0.801516 0.536792 0.598004 0.944027 0.857042 0.932443 0.932251 0.950105 0.749895 0.912128 0.923018 0.873712 0.812377 0.772633 0.932379 0.789397 0.870885 0.635322 0.914145 0.847665 0.717968 0.860279 0.926366 0.799875 0.712172 0.439493 0.000000 0.527784 0.472202 0.819512 0.761219 0.864297 0.997715 0.969204 0.982392 0.998184 0.883498 0.643740 0.646356 0.713019 0.826806 0.607629 0.779826 0.912646 0.896929 0.777573 0.809977 0.798047 0.745012 0.804760 0.899117 0.991037 0.968750 0.981464 0.938354 0.793761 0.949247 0.636875 0.820450 0.857504 0.813464 0.736269 0.659520 0.956058 0.940367 0.640288 0.648752 0.535150 0.517995 0.986434 0.996720 0.865906 0.735944 0.635882 0.630094 0.644796 0.652812 0.836041 0.870221 0.861639 0.835516 0.815651 0.867186 0.976965 0.979198 0.793400 0.873273 0.883407 0.987744 0.838035 0.992935 0.852614 0.894457 0.822989 0.824135 0.889257 0.789220 0.774856 0.743448 0.796527 0.703949 0.846120 0.987322 0.954497 0.857263 0.880540 0.793738 0.688258 0.818633 0.876531 0.932335
0.699952 0.920057 0.652743 0.792548 0.940774 0.807888 0.441393 0.499105 0.936122 0.707888 0.668482 0.906266 0.752547 0.818220 0.898324 0.976107 0.789228 0.748389 0.617795 0.779198 0.883482 0.822223 0.647047 0.889095 0.985113 0.838146 0.839740 0.893742 0.678277 0.679183 0.453072 0.527784 0.000000 0.383951 0.770285 0.683680 0.769149 0.830567 0.895179 0.904179 0.878329 0.881013 0.703874 0.721436 0.610258 0.728971 0.580209 0.687666 0.937126 0.971970 0.727108 0.797495 0.843621 0.874997 0.744868 0.830930 0.822920 0.838342 0.654131 0.663229 0.571515 0.865381 0.427747 0.592007 0.889617 0.919636 0.604109 0.601284 0.755661 0.726887 0.614471 0.672675 0.573943 0.584255 0.864723 0.943495 0.740655 0.799169 0.740397 0.735461 0.635707 0.692667 0.982045 0.966357 0.838418 0.999421 0.885306 0.947485 0.765739 0.798420 0.660004 0.709226 0.758203 0.906230 0.883293 0.983116 0.761520 0.723491 0.550885 0.533099 0.743798 0.723278 0.599357 0.616299 0.634791 0.662351 0.968812 0.911280 0.971482 0.854350 0.727109 0.700222 0.638285 0.686471 0.860167 0.935070
0.772252 0.884790 0.731894 0.786571 0.879295 0.841716 0.470582 0.517085 0.891038 0.689136 0.782935 0.940912 0.812916 0.809733 0.855414 0.983410 0.756159 0.709260 0.596632 0.785039 0.904160 0.865654 0.685948 0.856298 0.999843 0.842106 0.811565 0.834374 0.611031 0.614624 0.390828 0.472202 0.383951 0.000000 0.864352 0.736712 0.774477 0.912398 0.985119 0.990767 0.881752 0.918628 0.629797 0.577404 0.600049 0.659256 0.622349 0.611033 0.900209 0.854627 0.616202 0.665176 0.749620 0.736577 0.803742 0.814102 0.837669 0.836088 0.712331 0.691091 0.682579 0.979733 0.470683 0.615869 0.978436 0.997202 0.713324 0.657252 0.871854 0.771025 0.673616 0.711941 0.603148 0.604872 0.925297 0.999587 0.785723 0.658129 0.627802 0.614066 0.619714 0.681105 0.875723 0.893222 0.906464 0.992058 0.785633 0.973457 0.847580 0.952424 0.778294 0.799967 0.930724 0.999937 0.756936 0.967569 0.908324 0.760702 0.599275 0.614804 0.822915 0.721504 0.575193 0.615112 0.728092 0.686750 0.990655 0.993657 0.977586 0.855368 0.819416 0.721211 0.573048 0.683183 0.842663 0.811910
0.843844 0.658583 0.524298 0.587647 0.936933 0.976846 0.627055 0.787006 0.976500 0.670226 0.886638 0.693178 0.826271 0.790928 0.734696 0.668915 0.768005 0.796251 0.825856 0.782376 0.756064 0.881174 0.924510 0.869912 0.647530 0.532998 0.974976 0.902383 0.778209 0.689821 0.706069 0.819512 0.770285 0.864352 0.000000 0.714512 0.787290 0.743899 0.830926 0.928773 0.952406 0.946799 0.804691 0.952235 0.820928 0.968821 0.832057 0.930554 0.666439 0.722945 0.953942 0.851503 0.929050 0.980795 0.892867 0.979501 0.833822 0.743127 0.952788 0.965159 0.804489 0.924868 0.968324 0.835700 0.551174 0.553664 0.394580 0.391720 0.938116 0.766612 0.752974 0.700646 0.794790 0.867409 0.768726 0.884970 0.885531 0.977695 0.849809 0.774529 0.838003 0.932083 0.828692 0.899568 0.924201 0.778996 0.865659 0.847590 0.904565 0.740542 0.457771 0.715929 0.484338 0.532836 0.784332 0.958818 0.676417 0.815416 0.791231 0.853846 0.688533 0.824663 0.868056 0.829531 0.637824 0.722796 0.999012 0.724863 0.996708 0.961546 0.800798 0.788248 0.935547 0.850085 0.946185 0.948775
0.967773 0.883717 0.640017 0.618309 0.842284 0.962960 0.653773 0.786965 0.975282 0.908173 0.933235 0.771010 0.903389 0.976442 0.886551 0.791209 0.861045 0.986305 0.998725 0.958957 0.848364 0.870887 0.983416 0.988521 0.734100 0.670629 0.959696 0.982975 0.879590 0.934217 0.695560 0.761219 0.683680 0.736712 0.714512 0.000000 0.766892 0.622579 0.775415 0.975904 0.854760 0.947726 0.799803 0.862365 0.718085 0.896726 0.737957 0.848000 0.883373 0.909093 0.918978 0.993027 0.887565 0.928956 0.916730 0.940566 0.933968 0.917113 0.962909 0.957123 0.832385 0.908377 0.909916 0.973543 0.683911 0.684178 0.544139 0.547959 0.949003 0.898817 0.738702 0.857573 0.857293 0.843422 0.974288 0.767729 0.833327 0.806723 0.999773 0.952561 0.980269 0.917741 0.991681 0.924665 0.940897 0.819774 0.911663 0.930314 0.957647 0.797845 0.749878 0.889955 0.677394 0.714169 0.993456 0.929047 0.825171 0.780796 0.810143 0.764061 0.908780 0.740931 0.862543 0.827220 0.779039 0.867257 0.856494 0.791314 0.930183 0.994877 0.889661 0.874837 0.836747 0.808683 0.824710 0.955168
0.762924 0.807216 0.902167 0.865193 0.924946 0.875668 0.857102 0.794757 0.783906 0.989854 0.787213 0.904500 0.871341 0.940893 0.939250 0.910691 0.879037 0.820750 0.830384 0.841811 0.891721 0.817113 0.981876 0.850506 0.952099 0.961268 0.797757 0.940340 0.777711 0.870937 0.910265 0.864297 0.769149 0.774477 0.787290 0.766892 0.000000 0.721256 0.995796 0.893189 0.776944 0.910518 0.895856 0.764238 0.793143 0.772140 0.721880 0.711959 0.920446 0.872947 0.809007 0.848513 0.894706 0.925272 0.702629 0.864965 0.802142 0.827063 0.760536 0.825606 0.808514 0.710185 0.793889 0.826424 0.845045 0.912928 0.787566 0.780023 0.666362 0.757075 0.898151 0.988765 0.997293 0.962872 0.971613 0.794774 0.889804 0.938763 0.946906 0.961573 0.858785 0.824584 0.990775 0.947902 0.825280 0.941381 0.883032 0.967698 0.704141 0.702775 0.902897 0.916281 0.976230 0.853593 0.885862 0.909809 0.930278 0.793539 0.746870 0.756679 0.973870 0.927199 0.684295 0.734621 0.856787 0.806133 0.891949 0.930906 0.811468 0.742999 0.719833 0.625428 0.841875 0.768456 0.690991 0.935265
0.923271 0.923469 0.780954 0.807912 0.960654 0.962797 0.886702 0.941889 0.950553 0.770225 0.916608 0.880524 0.913067 0.868924 0.923116 0.725175 0.942142 0.978758 0.997459 0.960269 0.979099 0.713597 0.807276 0.770603 0.845593 0.791016 0.977456 0.999172 0.920971 0.890225 0.894169 0.997715 0.830567 0.912398 0.743899 0.622579 0.721256 0.000000 0.844758 0.899437 0.834222 0.786871 0.937559 0.961652 0.929722 0.968255 0.920755 0.877182 0.839067 0.947575 0.970534 0.968077 0.924308 0.966993 0.918602 0.976795 0.973066 0.920887 0.911620 0.982525 0.912546 0.915426 0.952804 0.938661 0.804810 0.819945 0.717120 0.732275 0.799243 0.982444 0.814568 0.943125 0.862854 0.896843 0.967052 0.928173 0.943244 0.919117 0.887366 0.908858 0.991006 0.963597 0.826280 0.744264 0.975198 0.963245 0.965877 0.783320 0.901493 0.821935 0.830597 0.864621 0.777147 0.644417 0.949424 0.837244 0.895175 0.834319 0.929014 0.857730 0.823537 0.887603 0.811161 0.804273 0.865983 0.976656 0.981932 0.873764 0.989785 0.954181 0.895270 0.820122 0.898758 0.676747 0.833141 0.995822
