0.000000 0.335104 0.982172 0.805937 0.950647 0.903390 0.760627 0.712375 0.915803 0.643983 0.436623 0.364394 0.572449 0.587245 0.807339 0.734683 0.380535 0.398175 0.435600 0.380880 0.921907 0.910593 0.875247 0.897486 0.992771 0.875098 0.907738 0.817523 0.463580 0.444934 0.806345 0.771646 0.580330 0.569773 0.994978 0.978481 0.743479 0.636829 0.983473 0.743774 0.808080 0.705871 0.737865 0.611715 0.792452 0.671293 0.544167 0.583602 0.607875 0.570840 0.730821 0.623295 0.890265 0.947646 0.771514 0.729029 0.384529 0.332870 0.497138 0.528894 0.654402 0.768849 0.520998 0.420589 0.801506 0.852368 0.818881 0.865409 0.355162 0.449579 0.801096 0.856936 0.654874 0.596590 0.803672 0.955566 0.663442 0.686423 0.570790 0.622872 0.350973 0.382338 0.481548 0.484106 0.736045 0.949985 0.995530 0.998821 0.911714 0.785261 0.913903 0.883426 0.826488 0.860269 0.992141 0.828122 0.851222 0.792320 0.686554 0.751151 0.933034 0.892485 0.542542 0.615263 0.853704 0.729590 0.962757 0.825988 0.865159 0.732124 0.855614 0.830584 0.863337 0.794652 0.793802 0.887813
0.335104 0.000000 0.981677 0.867477 0.972752 0.804778 0.688763 0.689786 0.968860 0.599745 0.492684 0.387891 0.729517 0.699492 0.971271 0.833779 0.404918 0.374856 0.413812 0.414191 0.829526 0.957788 0.948103 0.816679 0.950367 0.782735 0.966305 0.696903 0.472730 0.539183 0.835203 0.783206 0.613205 0.521986 0.989600 0.896097 0.833556 0.590822 0.947681 0.824087 0.915671 0.791260 0.559288 0.463893 0.601596 0.499703 0.541700 0.566558 0.468427 0.428328 0.570111 0.509045 0.713178 0.789784 0.855557 0.722651 0.265797 0.251339 0.492477 0.495918 0.692924 0.787020 0.551249 0.428792 0.756762 0.781902 0.805566 0.853135 0.552224 0.445951 0.885885 0.865787 0.809748 0.697952 0.899368 0.892596 0.613776 0.677546 0.528358 0.586538 0.348479 0.417289 0.659031 0.485279 0.816804 0.938417 0.892868 0.927780 0.867275 0.887078 0.999379 0.981551 0.955430 0.913805 0.913865 0.892055 0.900221 0.724661 0.656646 0.615249 0.833228 0.830774 0.465801 0.629315 0.887048 0.857910 0.871162 0.771899 0.998144 0.685721 0.689759 0.743144 0.700061 0.632748 0.806633 0.923216
0.982172 0.981677 0.000000 0.456865 0.912101 0.801835 0.548502 0.575925 0.472533 0.895948 0.919932 0.981072 0.773427 0.788888 0.895139 0.776164 0.839766 0.821984 0.825697 0.940763 0.929905 0.998879 0.609136 0.629145 0.627350 0.497660 0.891996 0.921443 0.925188 0.931189 0.598462 0.670942 0.679353 0.744048 0.728904 0.823523 0.787455 0.997135 0.839875 0.963243 0.937895 0.969210 0.707783 0.748096 0.790446 0.822048 0.659307 0.771545 0.814095 0.998095 0.993871 0.985277 0.907032 0.960651 0.998928 0.823104 0.987300 0.839029 0.904317 0.884897 0.510051 0.503284 0.869098 0.878257 0.369931 0.355278 0.605241 0.508475 0.993623 0.848820 0.757005 0.775418 0.702649 0.781543 0.905761 0.935873 0.764598 0.816409 0.881316 0.891715 0.796145 0.846907 0.942667 0.858428 0.718896 0.586289 0.958657 0.917292 0.834879 0.969408 0.719781 0.911079 0.799980 0.925253 0.865431 0.961399 0.868716 0.977888 0.736342 0.722932 0.782505 0.921385 0.915792 0.876960 0.743107 0.911934 0.885211 0.855442 0.735877 0.954280 0.855931 0.871307 0.837355 0.895461 0.755761 0.975040
0.805937 0.867477 0.456865 0.000000 0.843677 0.837502 0.488603 0.348931 0.531399 0.603667 0.839240 0.709418 0.656256 0.630502 0.801545 0.598363 0.996174 0.995441 0.636669 0.830273 0.925006 0.910786 0.421625 0.589604 0.715689 0.582523 0.897928 0.958051 0.999190 0.954751 0.506868 0.527989 0.582921 0.620592 0.782499 0.836048 0.747315 0.969477 0.833892 0.996628 0.975815 0.886404 0.586384 0.560111 0.802925 0.743423 0.585839 0.647004 0.945185 0.931780 0.895770 0.903998 0.894081 0.932341 0.981266 0.923830 0.915078 0.998242 0.705724 0.751679 0.480319 0.414696 0.945431 0.854915 0.542533 0.445308 0.537956 0.497466 0.859522 0.985536 0.654692 0.621218 0.720376 0.805090 0.927276 0.882481 0.622899 0.755960 0.895354 0.922261 0.976846 0.959168 0.843090 0.988461 0.780374 0.644250 0.912187 0.900612 0.750121 0.797344 0.702774 0.952213 0.779644 0.924287 0.857793 0.993932 0.781861 0.840282 0.619920 0.570276 0.618897 0.908639 0.977296 0.737038 0.569864 0.659986 0.927276 0.679387 0.671340 0.848579 0.726650 0.885938 0.720241 0.832089 0.622707 0.954593
0.950647 0.972752 0.912101 0.843677 0.000000 0.878312 0.929199 0.944468 0.949005 0.953436 0.880699 0.939319 0.819674 0.868222 0.808052 0.924010 0.963620 0.941175 0.880679 0.982208 0.873249 0.893187 0.757119 0.825247 0.783632 0.947347 0.860728 0.889422 0.987978 0.958545 0.821282 0.850302 0.925783 0.941144 0.769247 0.886930 0.996113 0.885915 0.900765 0.901701 0.929460 0.902262 0.855916 0.930191 0.728554 0.783871 0.957995 0.902245 0.756534 0.774346 0.724244 0.797588 0.778757 0.736736 0.953649 0.816103 0.983583 0.973849 0.909711 0.938641 0.880260 0.983615 0.897186 0.939563 0.832491 0.835230 0.922911 0.963679 0.808850 0.986140 0.988805 0.836469 0.977040 0.936314 0.912206 0.982966 0.922733 0.862358 0.887743 0.890136 0.999515 0.979934 0.839502 0.998033 0.850224 0.703704 0.913386 0.908815 0.939484 0.996952 0.851925 0.790201 0.842249 0.952216 0.914774 0.981723 0.962557 0.936572 0.849232 0.896636 0.893268 0.895673 0.881633 0.928660 0.970432 0.764566 0.967305 0.935456 0.928038 0.920551 0.972724 0.962393 0.952086 0.831460 0.924039 0.962734
0.903390 0.804778 0.801835 0.837502 0.878312 0.000000 0.997568 0.884330 0.827315 0.960163 0.740375 0.896387 0.817763 0.809589 0.721283 0.662044 0.704033 0.671329 0.772868 0.918112 0.838108 0.947675 0.824767 0.607358 0.760041 0.588388 0.958818 0.674666 0.716112 0.802212 0.964211 0.967907 0.979641 0.905566 0.907507 0.941119 0.850510 0.862593 0.691048 0.956625 0.989233 0.995023 0.955929 0.931605 0.987448 0.913171 0.921878 0.996072 0.949918 0.991219 0.963796 0.935283 0.827889 0.955521 0.694141 0.863760 0.647291 0.728894 0.856874 0.973002 0.883417 0.728952 0.725386 0.787755 0.732779 0.612780 0.888729 0.838823 0.975623 0.970064 0.777878 0.946758 0.860904 0.935731 0.859027 0.991905 0.947450 0.852189 0.838772 0.967519 0.813525 0.985886 0.859143 0.848955 0.681775 0.632285 0.854425 0.897324 0.910557 0.908321 0.748845 0.842377 0.749456 0.873906 0.987877 0.872125 0.689301 0.850077 0.949078 0.975311 0.930021 0.936292 0.825592 0.969504 0.906794 0.931977 0.816013 0.951424 0.923332 0.926986 0.979383 0.978090 0.918785 0.997785 0.971805 0.931312
0.760627 0.688763 0.548502 0.488603 0.929199 0.997568 0.000000 0.328366 0.663315 0.585447 0.684838 0.666853 0.775162 0.761232 0.906312 0.933590 0.755000 0.798977 0.631330 0.811871 0.973000 0.989147 0.770167 0.987187 0.931529 0.826110 0.695275 0.636034 0.830888 0.830258 0.538809 0.663285 0.427635 0.412654 0.825678 0.782795 0.993204 0.940847 0.930748 0.852184 0.934079 0.982929 0.530336 0.512437 0.511646 0.519750 0.564705 0.600462 0.779909 0.682143 0.660205 0.687844 0.705383 0.796853 0.954198 0.970168 0.727477 0.770962 0.458516 0.544251 0.319604 0.542940 0.613521 0.619550 0.836525 0.720846 0.288411 0.359071 0.951297 0.974490 0.793111 0.719557 0.864233 0.898635 0.908770 0.846263 0.561743 0.760507 0.761327 0.746150 0.802490 0.988752 0.852333 0.944299 0.956484 0.970987 0.947880 0.790574 0.958345 0.927881 0.701775 0.839061 0.684443 0.859276 0.776301 0.930156 0.880163 0.700274 0.497929 0.572289 0.474458 0.723771 0.754820 0.575670 0.664567 0.773261 0.818819 0.637915 0.827089 0.805482 0.586655 0.734478 0.620663 0.712155 0.589683 0.885687
0.712375 0.689786 0.575925 0.348931 0.944468 0.884330 0.328366 0.000000 0.585119 0.384118 0.690082 0.540231 0.657561 0.615677 0.920512 0.658566 0.783989 0.823298 0.547889 0.737618 0.875577 0.892517 0.630308 0.880193 0.975435 0.817571 0.799665 0.808307 0.833274 0.803100 0.490986 0.616297 0.462210 0.405908 0.894077 0.849957 0.799821 0.937125 0.958207 0.901410 0.956020 0.914369 0.441379 0.411870 0.586706 0.527863 0.446178 0.488179 0.807073 0.674030 0.650307 0.647855 0.712794 0.739101 0.919790 0.944091 0.774018 0.800693 0.487192 0.549916 0.340888 0.348868 0.700874 0.597417 0.818385 0.612395 0.427685 0.395574 0.874934 0.881721 0.617194 0.589872 0.804783 0.892283 0.914836 0.891306 0.562212 0.752348 0.717237 0.766278 0.827951 0.995519 0.842035 0.950559 0.968666 0.918492 0.943796 0.733589 0.950427 0.985394 0.676488 0.865357 0.729550 0.955411 0.810614 0.877093 0.758531 0.717651 0.474273 0.443438 0.451048 0.828533 0.741306 0.563695 0.553746 0.738245 0.899291 0.576460 0.744122 0.718372 0.593388 0.692875 0.579908 0.691312 0.611399 0.934067
0.915803 0.968860 0.472533 0.531399 0.949005 0.827315 0.663315 0.585119 0.000000 0.728894 0.943426 0.997307 0.888536 0.740940 0.804989 0.701549 0.820203 0.779482 0.820828 0.984715 0.963598 0.988279 0.646399 0.688648 0.774381 0.531907 0.853418 0.992225 0.900328 0.801297 0.664702 0.757957 0.726014 0.795547 0.686683 0.855201 0.749579 0.982875 0.778965 0.951152 0.980404 0.933966 0.558146 0.661994 0.639870 0.710424 0.654915 0.768370 0.990320 0.893793 0.790472 0.831265 0.705224 0.647331 0.953233 0.971763 0.955338 0.813379 0.937171 0.974058 0.597165 0.459345 0.799565 0.888222 0.523361 0.470387 0.610866 0.611371 0.852392 0.763280 0.590921 0.583450 0.734025 0.891239 0.973488 0.958750 0.759274 0.908489 0.995375 0.994456 0.783942 0.818802 0.932487 0.812407 0.758851 0.707188 0.986381 0.875395 0.737212 0.848242 0.493856 0.663618 0.600249 0.747559 0.807819 0.911536 0.700515 0.853390 0.531771 0.542319 0.721744 0.883319 0.923451 0.811242 0.715880 0.822068 0.863189 0.668756 0.852097 0.828188 0.837751 0.834201 0.706830 0.764202 0.880964 0.826428
0.643983 0.599745 0.895948 0.603667 0.953436 0.960163 0.585447 0.384118 0.728894 0.000000 0.629714 0.516429 0.787669 0.726846 0.959117 0.779157 0.672822 0.686171 0.564625 0.664280 0.692768 0.859416 0.875213 0.868118 0.767185 0.962859 0.807893 0.838527 0.740801 0.759901 0.674913 0.770998 0.597654 0.530948 0.935842 0.942723 0.751239 0.760210 0.922564 0.910218 0.825155 0.766578 0.480196 0.423978 0.618052 0.479228 0.578477 0.498193 0.613555 0.538240 0.581178 0.571443 0.653013 0.627173 0.872555 0.821192 0.650814 0.646250 0.561128 0.639613 0.610781 0.525450 0.697529 0.536862 0.895713 0.963807 0.680805 0.673183 0.781348 0.687303 0.564657 0.600444 0.919823 0.851216 0.913446 0.975346 0.591996 0.840930 0.647108 0.838040 0.692557 0.890472 0.836352 0.823753 0.907880 0.819141 0.894917 0.715713 0.857650 0.986513 0.733176 0.811528 0.795425 0.950059 0.873556 0.809400 0.715552 0.663182 0.483423 0.466857 0.570074 0.784864 0.556633 0.600702 0.649869 0.803494 0.997017 0.513152 0.890865 0.611642 0.641360 0.612656 0.584883 0.700379 0.825963 0.995711
0.436623 0.492684 0.919932 0.839240 0.880699 0.740375 0.684838 0.690082 0.943426 0.629714 0.000000 0.452545 0.730802 0.714142 0.916878 0.851703 0.339867 0.321311 0.434073 0.408996 0.861742 0.930177 0.902064 0.821564 0.950106 0.816590 0.964056 0.751130 0.380088 0.364530 0.651848 0.684112 0.525719 0.425898 0.992151 0.983807 0.958431 0.761004 0.949939 0.882547 0.866844 0.731983 0.899308 0.704495 0.925467 0.789032 0.692381 0.673814 0.838709 0.789552 0.969443 0.871528 0.908017 0.886755 0.937265 0.969500 0.424307 0.462775 0.526647 0.547428 0.620794 0.851726 0.373183 0.367887 0.795406 0.862156 0.744103 0.785397 0.443205 0.584964 0.847808 0.992394 0.708008 0.615733 0.804555 0.954091 0.746436 0.662389 0.642541 0.807599 0.517955 0.705895 0.511731 0.579940 0.985413 0.956285 0.815696 0.843529 0.848787 0.913812 0.709891 0.654690 0.635704 0.650792 0.998579 0.861576 0.912798 0.690240 0.863022 0.843807 0.909286 0.940080 0.629706 0.540140 0.913450 0.695796 0.931673 0.876735 0.957273 0.749521 0.866864 0.969432 0.785816 0.832430 0.768174 0.849734
0.364394 0.387891 0.981072 0.709418 0.939319 0.896387 0.666853 0.540231 0.997307 0.516429 0.452545 0.000000 0.504437 0.481290 0.778989 0.590032 0.374922 0.373355 0.381956 0.378898 0.896336 0.896091 0.743772 0.954860 0.971067 0.824957 0.993222 0.691279 0.452030 0.383284 0.627331 0.645316 0.500598 0.467525 0.915378 0.976374 0.750646 0.666085 0.989319 0.856074 0.807156 0.722581 0.629967 0.520594 0.769455 0.651261 0.538910 0.563838 0.658027 0.634177 0.687398 0.639441 0.853948 0.857111 0.875043 0.758419 0.474338 0.398894 0.501691 0.507918 0.562107 0.629283 0.432721 0.306952 0.742881 0.908701 0.767922 0.782496 0.495191 0.501354 0.728460 0.725191 0.697152 0.720512 0.902119 0.925056 0.642237 0.681619 0.470781 0.711482 0.375268 0.510811 0.550575 0.506595 0.880397 0.998181 0.920993 0.851844 0.932379 0.880630 0.953828 0.847200 0.866071 0.763587 0.956503 0.758316 0.876962 0.672541 0.693888 0.653838 0.796858 0.855908 0.569933 0.493559 0.713068 0.709537 0.971684 0.786088 0.858349 0.662539 0.830451 0.839681 0.806275 0.727489 0.741804 0.867959
0.572449 0.729517 0.773427 0.656256 0.819674 0.817763 0.775162 0.657561 0.888536 0.787669 0.730802 0.504437 0.000000 0.359815 0.442048 0.478406 0.722007 0.720189 0.649053 0.601869 0.804018 0.955993 0.552061 0.742364 0.854447 0.910564 0.975670 0.843924 0.702466 0.653726 0.655372 0.709704 0.577703 0.754693 0.909059 0.978027 0.805496 0.948411 0.976505 0.897370 0.895699 0.804063 0.794906 0.767083 0.940328 0.887168 0.656835 0.765826 0.990492 0.912870 0.862317 0.776904 0.899186 0.875471 0.934672 0.909494 0.845223 0.775148 0.763906 0.763653 0.545083 0.576282 0.736178 0.661710 0.860142 0.769365 0.846414 0.852084 0.618276 0.720034 0.633222 0.746115 0.543190 0.669612 0.782547 0.998736 0.739851 0.835865 0.805601 0.752957 0.674238 0.657797 0.721404 0.805246 0.624695 0.714909 0.900320 0.920514 0.914608 0.838521 0.876114 0.990313 0.996013 0.974113 0.980855 0.741211 0.770849 0.876819 0.796211 0.806900 0.882813 0.830380 0.937459 0.592612 0.770258 0.761893 0.941772 0.852381 0.754383 0.934852 0.924429 0.919652 0.954870 0.833239 0.745648 0.871238
0.587245 0.699492 0.788888 0.630502 0.868222 0.809589 0.761232 0.615677 0.740940 0.726846 0.714142 0.481290 0.359815 0.000000 0.465436 0.353842 0.668848 0.691732 0.585655 0.568379 0.868122 0.958857 0.457607 0.679085 0.799616 0.844665 0.925762 0.957975 0.684548 0.614541 0.586756 0.583954 0.505557 0.723439 0.943425 0.875256 0.695612 0.835370 0.957078 0.839144 0.863621 0.754883 0.691079 0.676824 0.852732 0.854674 0.606329 0.806386 0.927507 0.910476 0.777335 0.758367 0.735030 0.740048 0.938884 0.927419 0.802444 0.770836 0.819203 0.831039 0.541380 0.495130 0.751451 0.620283 0.918244 0.760465 0.788681 0.804026 0.675258 0.736907 0.524419 0.605697 0.493679 0.745524 0.783267 0.972661 0.733280 0.761533 0.691357 0.813673 0.635656 0.700293 0.644547 0.780707 0.621121 0.677975 0.874606 0.812102 0.896715 0.783955 0.798930 0.970229 0.972514 0.993306 0.989178 0.834053 0.731330 0.828905 0.711809 0.744355 0.849397 0.806061 0.856784 0.514028 0.825393 0.695756 0.869043 0.788927 0.812729 0.800302 0.888129 0.912363 0.892747 0.823010 0.768895 0.998509
0.807339 0.971271 0.895139 0.801545 0.808052 0.721283 0.906312 0.920512 0.804989 0.959117 0.916878 0.778989 0.442048 0.465436 0.000000 0.428702 0.891821 0.935992 0.853714 0.781492 0.796470 0.968218 0.548059 0.630721 0.724853 0.874583 0.878621 0.856884 0.870625 0.805225 0.756757 0.713837 0.794115 0.987406 0.998669 0.994007 0.775785 0.992399 0.900679 0.829458 0.867858 0.872692 0.959987 0.991730 0.833315 0.853972 0.816250 0.942417 0.813397 0.856301 0.963117 0.962478 0.962663 0.932346 0.969058 0.990702 0.918439 0.957656 0.973519 0.994071 0.813045 0.721484 0.961563 0.896591 0.817589 0.768648 0.924931 0.955839 0.699729 0.911622 0.579485 0.797719 0.641717 0.760888 0.878293 0.843305 0.944402 0.893736 0.932484 0.923525 0.905295 0.866726 0.839202 0.972760 0.637254 0.631914 0.945463 0.984940 0.800231 0.842876 0.955402 0.927166 0.886675 0.969099 0.971489 0.839276 0.777602 0.978056 0.949633 0.989230 0.944016 0.967651 0.929443 0.768207 0.838063 0.725718 0.914860 0.971154 0.781872 0.913816 0.857135 0.945506 0.898239 0.949523 0.894999 0.956682
0.734683 0.833779 0.776164 0.598363 0.924010 0.662044 0.933590 0.658566 0.701549 0.779157 0.851703 0.590032 0.478406 0.353842 0.428702 0.000000 0.871898 0.889666 0.709658 0.664618 0.896638 0.914768 0.410956 0.529253 0.694012 0.791225 0.987907 0.916020 0.807391 0.692422 0.570641 0.572177 0.676964 0.810769 0.923175 0.888402 0.694324 0.846290 0.802834 0.827666 0.967763 0.774041 0.702525 0.721209 0.929494 0.884815 0.610117 0.763460 0.973643 0.965638 0.832091 0.782537 0.783027 0.793495 0.881185 0.955649 0.995301 0.958349 0.883335 0.817105 0.650394 0.449780 0.968998 0.782320 0.792530 0.613721 0.883534 0.779770 0.796730 0.789661 0.537333 0.735059 0.562104 0.749784 0.857463 0.944541 0.879027 0.772742 0.793581 0.872171 0.793233 0.779637 0.749326 0.838805 0.659194 0.564049 0.936652 0.896046 0.836904 0.790571 0.850044 0.961319 0.970610 0.879288 0.990387 0.826681 0.728426 0.826070 0.819714 0.736622 0.907748 0.981235 0.954398 0.692778 0.807219 0.729656 0.917004 0.895181 0.737899 0.847508 0.942947 0.968409 0.958879 0.893564 0.739340 0.941282
0.380535 0.404918 0.839766 0.996174 0.963620 0.704033 0.755000 0.783989 0.820203 0.672822 0.339867 0.374922 0.722007 0.668848 0.891821 0.871898 0.000000 0.251013 0.442436 0.400095 0.823930 0.994329 0.978040 0.683360 0.828754 0.623730 0.982188 0.738119 0.314957 0.303218 0.767588 0.770796 0.555398 0.509288 0.847910 0.971728 0.961618 0.748504 0.858965 0.920265 0.839717 0.774299 0.813039 0.664089 0.830648 0.731829 0.691248 0.712411 0.652460 0.656994 0.782819 0.704389 0.915648 0.943675 0.957366 0.860883 0.390713 0.328934 0.503068 0.583150 0.698015 0.940250 0.297354 0.264525 0.565661 0.618911 0.844388 0.942283 0.464488 0.509866 0.881261 0.907764 0.767061 0.707537 0.844422 0.984075 0.730916 0.678229 0.458097 0.688928 0.317674 0.576760 0.547999 0.509096 0.971192 0.781933 0.790256 0.836493 0.834670 0.950573 0.736566 0.733697 0.684786 0.718232 0.918212 0.787182 0.948536 0.672003 0.792640 0.864083 0.861293 0.919074 0.565710 0.540150 0.928787 0.780938 0.968268 0.857946 0.928825 0.677161 0.879364 0.889255 0.800391 0.807491 0.786512 0.804018
0.398175 0.374856 0.821984 0.995441 0.941175 0.671329 0.798977 0.823298 0.779482 0.686171 0.321311 0.373355 0.720189 0.691732 0.935992 0.889666 0.251013 0.000000 0.409457 0.410109 0.852634 0.959445 0.930119 0.749347 0.825136 0.631294 0.955340 0.728727 0.312628 0.328254 0.799555 0.772927 0.587659 0.533356 0.856691 0.978841 0.992142 0.712970 0.839221 0.890719 0.868605 0.724843 0.888204 0.693850 0.922951 0.800224 0.772035 0.751073 0.724180 0.725219 0.862573 0.799545 0.971178 0.982393 0.986737 0.897410 0.341058 0.299063 0.548111 0.604524 0.767428 0.997323 0.298699 0.274160 0.586550 0.599008 0.917565 0.991404 0.444280 0.490470 0.879655 0.953533 0.794580 0.719754 0.844987 0.959119 0.784813 0.704394 0.467294 0.808045 0.360595 0.555506 0.517594 0.471625 0.989645 0.795534 0.851399 0.883168 0.803450 0.979433 0.719830 0.713814 0.669731 0.723176 0.949798 0.848978 0.914346 0.674437 0.860047 0.876162 0.968472 0.910148 0.545630 0.560596 0.900167 0.776279 0.943153 0.880279 0.957711 0.744861 0.843369 0.928951 0.804376 0.757174 0.841503 0.801140
0.435600 0.413812 0.825697 0.636669 0.880679 0.772868 0.631330 0.547889 0.820828 0.564625 0.434073 0.381956 0.649053 0.585655 0.853714 0.709658 0.442436 0.409457 0.000000 0.407100 0.928446 0.960717 0.662794 0.957818 0.906884 0.925323 0.955793 0.722316 0.456171 0.512972 0.606143 0.537606 0.454101 0.452760 0.991430 0.943810 0.685754 0.654370 0.976769 0.902841 0.844680 0.740303 0.570528 0.465275 0.755602 0.632728 0.507232 0.560828 0.752686 0.681090 0.802622 0.741094 0.927153 0.921701 0.958662 0.999483 0.367731 0.431732 0.544341 0.581452 0.582014 0.668746 0.525519 0.421687 0.933483 0.997899 0.755057 0.741382 0.541590 0.623324 0.741031 0.753194 0.721934 0.711064 0.947140 0.963373 0.655660 0.620646 0.569310 0.703142 0.530461 0.660716 0.525346 0.559849 0.849093 0.945884 0.879750 0.847036 0.963316 0.909572 0.926536 0.805060 0.826688 0.800827 0.822746 0.885320 0.923744 0.715135 0.634869 0.644511 0.856185 0.793191 0.584112 0.589913 0.792272 0.782165 0.907823 0.705959 0.925746 0.593229 0.741388 0.863251 0.716199 0.638828 0.710268 0.869501
0.380880 0.414191 0.940763 0.830273 0.982208 0.918112 0.811871 0.737618 0.984715 0.664280 0.408996 0.378898 0.601869 0.568379 0.781492 0.664618 0.400095 0.410109 0.407100 0.000000 0.905635 0.970361 0.787731 0.997233 0.914444 0.919506 0.905634 0.764886 0.437387 0.419060 0.728605 0.712356 0.600981 0.548456 0.976889 0.964317 0.692834 0.578612 0.976356 0.671278 0.833536 0.675195 0.727645 0.660244 0.872337 0.752383 0.593616 0.617244 0.717625 0.683924 0.843989 0.750748 0.968926 0.988671 0.866553 0.862992 0.452465 0.417666 0.665986 0.596040 0.716664 0.723289 0.596504 0.466061 0.833070 0.919848 0.914059 0.897664 0.432252 0.425629 0.805806 0.901373 0.653139 0.667174 0.858610 0.984103 0.704051 0.773233 0.630200 0.725872 0.471776 0.504284 0.548636 0.439493 0.753085 0.899993 0.856300 0.886524 0.997198 0.888764 0.842026 0.728209 0.699767 0.699142 0.898232 0.827896 0.891176 0.738914 0.823656 0.792010 0.951713 0.883591 0.679188 0.667315 0.868183 0.808746 0.919255 0.852046 0.893628 0.635930 0.926535 0.934347 0.897579 0.802929 0.846474 0.790214
0.921907 0.829526 0.929905 0.925006 0.873249 0.838108 0.973000 0.875577 0.963598 0.692768 0.861742 0.896336 0.804018 0.868122 0.796470 0.896638 0.823930 0.852634 0.928446 0.905635 0.000000 0.955118 0.767172 0.683679 0.765782 0.828479 0.913250 0.994904 0.903360 0.901266 0.910130 0.785029 0.969018 0.845451 0.941527 0.877121 0.895925 0.750881 0.967861 0.939200 0.982488 0.935695 0.853922 0.845638 0.898468 0.855098 0.898437 0.795012 0.822294 0.766585 0.869718 0.830675 0.911921 0.887004 0.908086 0.905314 0.776942 0.818369 0.803368 0.823148 0.996062 0.917817 0.913582 0.843794 0.850221 0.842534 0.933651 0.989958 0.907420 0.823379 0.997407 0.949031 0.967867 0.900271 0.994299 0.906983 0.956477 0.930693 0.838631 0.952578 0.876775 0.984622 0.968623 0.832804 0.723852 0.676024 0.936783 0.861704 0.916036 0.844563 0.954512 0.974319 0.935770 0.852612 0.969634 0.904277 0.938154 0.820305 0.865755 0.809832 0.918320 0.813469 0.825152 0.970188 0.997324 0.933849 0.799067 0.968490 0.982539 0.938730 0.824397 0.751329 0.855172 0.859397 0.898030 0.862967
0.910593 0.957788 0.998879 0.910786 0.893187 0.947675 0.989147 0.892517 0.988279 0.859416 0.930177 0.896091 0.955993 0.958857 0.968218 0.914768 0.994329 0.959445 0.960717 0.970361 0.955118 0.000000 0.964653 0.951720 0.891550 0.957671 0.794336 0.986632 0.982172 0.994994 0.999965 0.935911 0.986420 0.917124 0.950309 0.978999 0.871657 0.856357 0.950203 0.767133 0.922432 0.964488 0.900685 0.860940 0.937953 0.874031 0.895232 0.902183 0.914494 0.861465 0.847527 0.877994 0.914438 0.906439 0.864783 0.808286 0.979053 0.989211 0.935847 0.968591 0.996241 0.968807 0.988371 0.997279 0.983234 0.976094 0.911250 0.963338 0.993349 0.916773 0.921264 0.947825 0.908497 0.713227 0.819167 0.878923 0.904253 0.815384 0.999216 0.941924 0.938303 0.931275 0.887647 0.895048 0.980159 0.994223 0.894478 0.882135 0.950049 0.968377 0.899238 0.922382 0.951398 0.976554 0.961376 0.897797 0.719010 0.930523 0.953603 0.978437 0.922960 0.957631 0.968255 0.865723 0.826815 0.980495 0.905314 0.931961 0.963296 0.927044 0.996947 0.770802 0.968075 0.956805 0.973661 0.930203
0.875247 0.948103 0.609136 0.421625 0.757119 0.824767 0.770167 0.630308 0.646399 0.875213 0.902064 0.743772 0.552061 0.457607 0.548059 0.410956 0.978040 0.930119 0.662794 0.787731 0.767172 0.964653 0.000000 0.444025 0.635637 0.713867 0.988909 0.971913 0.921481 0.852887 0.568506 0.502485 0.675291 0.838860 0.945106 0.842001 0.775971 0.978008 0.935547 0.916514 0.951112 0.834273 0.764597 0.746639 0.939791 0.982450 0.754101 0.891284 0.724828 0.811542 0.947445 0.950511 0.940751 0.992907 0.922658 0.851356 0.991469 0.975451 0.906585 0.904477 0.626569 0.569121 0.948716 0.853147 0.566165 0.537946 0.780921 0.773224 0.874570 0.964605 0.642901 0.678257 0.551166 0.835245 0.878083 0.949684 0.813357 0.798394 0.880620 0.963177 0.982207 0.980092 0.746308 0.912022 0.646364 0.509822 0.936728 0.983559 0.777031 0.721039 0.837727 0.886889 0.990595 0.973623 0.841670 0.981604 0.865490 0.857965 0.821563 0.746204 0.918486 0.985961 0.921525 0.751409 0.740341 0.688132 0.947488 0.883409 0.724360 0.906926 0.932424 0.982777 0.923767 0.925510 0.654265 0.888021
0.897486 0.816679 0.629145 0.589604 0.825247 0.607358 0.987187 0.880193 0.688648 0.868118 0.821564 0.954860 0.742364 0.679085 0.630721 0.529253 0.683360 0.749347 0.957818 0.997233 0.683679 0.951720 0.444025 0.000000 0.458124 0.474166 0.870358 0.856781 0.823626 0.882777 0.713461 0.702958 0.902663 0.921548 0.847403 0.857188 0.776778 0.938860 0.691222 0.849850 0.923700 0.910474 0.939802 0.987928 0.865194 0.836281 0.891042 0.996573 0.682367 0.739040 0.818784 0.819003 0.978570 0.869213 0.987327 0.876755 0.740196 0.728605 0.793974 0.914452 0.862269 0.678327 0.697689 0.757419 0.472274 0.446747 0.945599 0.810571 0.992727 0.850622 0.792572 0.886096 0.688319 0.891163 0.885896 0.934926 0.973897 0.943359 0.879476 0.999972 0.795484 0.973372 0.940800 0.898494 0.568374 0.390155 0.815803 0.800739 0.677422 0.699708 0.889045 0.899013 0.982979 0.965613 0.936358 0.889161 0.782693 0.889960 0.960258 0.948891 0.926127 0.956504 0.727339 0.984662 0.878571 0.836132 0.993860 0.937455 0.873649 0.862610 0.965616 0.782876 0.882006 0.980154 0.848469 0.906627
0.992771 0.950367 0.627350 0.715689 0.783632 0.760041 0.931529 0.975435 0.774381 0.767185 0.950106 0.971067 0.854447 0.799616 0.724853 0.694012 0.828754 0.825136 0.906884 0.914444 0.765782 0.891550 0.635637 0.458124 0.000000 0.512363 0.795590 0.806164 0.892461 0.923006 0.724807 0.696383 0.924493 0.992081 0.835985 0.970562 0.722337 0.804353 0.591956 0.792760 0.966131 0.940206 0.994774 0.927661 0.840810 0.805076 0.907949 0.978854 0.707911 0.778395 0.726508 0.757059 0.841445 0.741971 0.967258 0.958842 0.942211 0.833917 0.834647 0.968250 0.929131 0.820329 0.719319 0.761950 0.523314 0.562921 0.993359 0.862894 0.814540 0.961116 0.963101 0.924800 0.643126 0.760687 0.989242 0.952383 0.998127 0.841931 0.905711 0.925718 0.919148 0.853590 0.839782 0.926140 0.551938 0.380696 0.831162 0.767840 0.735016 0.693737 0.916168 0.756716 0.852317 0.821448 0.995674 0.954416 0.984770 0.865518 0.898104 0.911793 0.802536 0.823485 0.800389 0.980967 0.994887 0.904878 0.953806 0.858027 0.890532 0.919925 0.902282 0.751339 0.865165 0.859191 0.869941 0.992582
0.875098 0.782735 0.497660 0.582523 0.947347 0.588388 0.826110 0.817571 0.531907 0.962859 0.816590 0.824957 0.910564 0.844665 0.874583 0.791225 0.623730 0.631294 0.925323 0.919506 0.828479 0.957671 0.713867 0.474166 0.512363 0.000000 0.962584 0.824785 0.675861 0.691363 0.782949 0.868514 0.862727 0.991199 0.682115 0.994529 0.786105 0.970695 0.628023 0.873708 0.992124 0.886010 0.895648 0.994068 0.939046 0.972268 0.862362 0.927423 0.803786 0.859032 0.916881 0.871297 0.940918 0.963019 0.886559 0.989265 0.757613 0.643494 0.844615 0.869633 0.777804 0.657464 0.638345 0.652459 0.430530 0.400489 0.730265 0.681031 0.940551 0.790720 0.777173 0.780269 0.728422 0.899389 0.919145 0.964489 0.926276 0.959316 0.787578 0.967686 0.713659 0.912941 0.951330 0.828066 0.616211 0.478043 0.784929 0.774815 0.717226 0.746849 0.712475 0.878166 0.738617 0.849487 0.851286 0.963290 0.751295 0.955258 0.850759 0.895053 0.923244 0.998633 0.822963 0.989926 0.841190 0.864218 0.913448 0.931616 0.941437 0.921893 0.950477 0.871076 0.988961 0.991950 0.960854 0.860650
0.907738 0.966305 0.891996 0.897928 0.860728 0.958818 0.695275 0.799665 0.853418 0.807893 0.964056 0.993222 0.975670 0.925762 0.878621 0.987907 0.982188 0.955340 0.955793 0.905634 0.913250 0.794336 0.988909 0.870358 0.795590 0.962584 0.000000 0.868968 0.981305 0.953482 0.844103 0.949663 0.830721 0.892451 0.932312 0.873003 0.942484 0.776585 0.991798 0.913032 0.896152 0.871481 0.820473 0.880563 0.700432 0.762989 0.938528 0.943725 0.872677 0.927968 0.769731 0.834861 0.692364 0.679823 0.970870 0.962466 0.918322 0.916412 0.874415 0.951967 0.761535 0.784823 0.930430 0.903882 0.960152 0.909309 0.660662 0.709417 0.808017 0.921027 0.813485 0.793506 0.996990 0.873318 0.986950 0.934788 0.842260 0.948268 0.944284 0.983605 0.968967 0.806698 0.818323 0.812143 0.820362 0.831332 0.980370 0.605266 0.914494 0.734007 0.745277 0.787666 0.720775 0.873488 0.879042 0.952191 0.991281 0.906627 0.773838 0.884808 0.707705 0.884793 0.940364 0.829704 0.946731 0.931929 0.879559 0.861969 0.878820 0.952613 0.741067 0.897402 0.885665 0.905529 0.868973 0.971032
0.817523 0.696903 0.921443 0.958051 0.889422 0.674666 0.636034 0.808307 0.992225 0.838527 0.751130 0.691279 0.843924 0.957975 0.856884 0.916020 0.738119 0.728727 0.722316 0.764886 0.994904 0.986632 0.971913 0.856781 0.806164 0.824785 0.868968 0.000000 0.721271 0.787653 0.905062 0.904484 0.792561 0.767614 0.869587 0.913165 0.887477 0.955169 0.843745 0.997989 0.997764 0.945433 0.801476 0.778533 0.746174 0.723071 0.829925 0.817836 0.765679 0.787415 0.781565 0.797281 0.940187 0.902283 0.963002 0.961705 0.721940 0.673427 0.622910 0.663743 0.706924 0.856715 0.652769 0.692631 0.877124 0.917375 0.710258 0.782672 0.970971 0.929750 0.973005 0.952483 0.956894 0.941588 0.865538 0.952402 0.755412 0.928001 0.795740 0.786344 0.732351 0.755103 0.895895 0.823005 0.990055 0.887186 0.936916 0.818028 0.969570 0.953886 0.974938 0.976445 0.928378 0.976436 0.891666 0.997246 0.887726 0.743231 0.834585 0.815819 0.907977 0.670228 0.752365 0.752687 0.836137 0.958148 0.963862 0.842311 0.918596 0.818104 0.932018 0.919354 0.838972 0.844771 0.932377 0.889702
0.463580 0.472730 0.925188 0.999190 0.987978 0.716112 0.830888 0.833274 0.900328 0.740801 0.380088 0.452030 0.702466 0.684548 0.870625 0.807391 0.314957 0.312628 0.456171 0.437387 0.903360 0.982172 0.921481 0.823626 0.892461 0.675861 0.981305 0.721271 0.000000 0.291338 0.750605 0.694925 0.582934 0.541941 0.836983 0.929103 0.968409 0.745115 0.889095 0.811785 0.994393 0.831079 0.862641 0.708485 0.844429 0.733428 0.706179 0.700505 0.712266 0.678959 0.808473 0.693003 0.933052 0.949674 0.937986 0.947382 0.466996 0.413431 0.566780 0.538211 0.696260 0.902893 0.390168 0.346455 0.681621 0.752319 0.904948 0.941804 0.533379 0.613579 0.919239 0.965167 0.752947 0.684319 0.881614 0.988392 0.866552 0.723215 0.542868 0.774170 0.397039 0.620551 0.559869 0.563873 0.995881 0.868609 0.815748 0.816469 0.828641 0.950792 0.717791 0.667973 0.600704 0.639270 0.952472 0.851209 0.944488 0.732940 0.852329 0.878110 0.953479 0.941497 0.569031 0.566957 0.929445 0.849316 0.961049 0.942831 0.973720 0.765056 0.968069 0.958834 0.807416 0.772484 0.795536 0.845000
0.444934 0.539183 0.931189 0.954751 0.958545 0.802212 0.830258 0.803100 0.801297 0.759901 0.364530 0.383284 0.653726 0.614541 0.805225 0.692422 0.303218 0.328254 0.512972 0.419060 0.901266 0.994994 0.852887 0.882777 0.923006 0.691363 0.953482 0.787653 0.291338 0.000000 0.657690 0.655035 0.586477 0.530732 0.881814 0.945683 0.984126 0.783441 0.934200 0.808542 0.932736 0.805977 0.914777 0.750288 0.938799 0.816686 0.695915 0.722138 0.803244 0.775100 0.881655 0.769048 0.985921 0.979895 0.995882 0.947062 0.561846 0.485867 0.562507 0.553226 0.669635 0.850118 0.366308 0.307148 0.661024 0.790449 0.879379 0.871441 0.489905 0.556821 0.895085 0.978138 0.730889 0.647482 0.791642 0.982941 0.859767 0.630706 0.538045 0.758995 0.383789 0.635974 0.508672 0.554615 0.955159 0.917135 0.812261 0.834402 0.799086 0.904689 0.649999 0.576613 0.531693 0.540204 0.942359 0.777675 0.918346 0.703977 0.948585 0.926988 0.962462 0.985139 0.631220 0.539394 0.880494 0.722041 0.938387 0.998192 0.885509 0.744622 0.991294 0.978069 0.950012 0.874826 0.709545 0.760414
0.806345 0.835203 0.598462 0.506868 0.821282 0.964211 0.538809 0.490986 0.664702 0.674913 0.651848 0.627331 0.655372 0.586756 0.756757 0.570641 0.767588 0.799555 0.606143 0.728605 0.910130 0.999965 0.568506 0.713461 0.724807 0.782949 0.844103 0.905062 0.750605 0.657690 0.000000 0.408824 0.484832 0.495834 0.922212 0.736532 0.859139 0.913610 0.814122 0.933387 0.933332 0.852887 0.686882 0.673803 0.783056 0.753065 0.629692 0.624890 0.945731 0.942804 0.892122 0.885709 0.829464 0.876794 0.960188 0.935858 0.885285 0.961482 0.701984 0.712676 0.432840 0.486720 0.736675 0.650984 0.827778 0.622430 0.554768 0.468798 0.819679 0.927698 0.671709 0.740958 0.698890 0.740827 0.786860 0.927062 0.742449 0.598620 0.778619 0.890481 0.799519 0.966166 0.662472 0.924980 0.914419 0.773538 0.977666 0.829458 0.841746 0.998682 0.930861 0.851755 0.982661 0.841724 0.908315 0.739257 0.912597 0.664021 0.743447 0.754432 0.647630 0.932416 0.909341 0.590247 0.651197 0.664820 0.871877 0.712062 0.757743 0.870154 0.769797 0.973716 0.855686 0.890392 0.603988 0.948531
0.771646 0.783206 0.670942 0.527989 0.850302 0.967907 0.663285 0.616297 0.757957 0.770998 0.684112 0.645316 0.709704 0.583954 0.713837 0.572177 0.770796 0.772927 0.537606 0.712356 0.785029 0.935911 0.502485 0.702958 0.696383 0.868514 0.949663 0.904484 0.694925 0.655035 0.408824 0.000000 0.512176 0.627413 0.947003 0.879530 0.826188 0.799922 0.884426 0.850289 0.949701 0.895088 0.660614 0.628023 0.818167 0.748616 0.648991 0.694786 0.985997 0.932353 0.861070 0.837233 0.864065 0.863901 0.952944 0.908179 0.790850 0.900361 0.766991 0.788719 0.598930 0.622508 0.762000 0.684451 0.866471 0.722363 0.736429 0.630371 0.773489 0.922410 0.750904 0.803864 0.791506 0.823881 0.880400 0.995579 0.810328 0.598387 0.771525 0.822896 0.784992 0.935239 0.638332 0.767301 0.862768 0.731608 0.980620 0.820622 0.903375 0.984017 0.963860 0.785189 0.892083 0.903118 0.967877 0.801426 0.920529 0.824467 0.737329 0.816711 0.774590 0.787135 0.823479 0.701422 0.721288 0.702006 0.920366 0.736014 0.764337 0.770701 0.867356 0.980232 0.786100 0.869554 0.567648 0.949322
0.580330 0.613205 0.679353 0.582921 0.925783 0.979641 0.427635 0.462210 0.726014 0.597654 0.525719 0.500598 0.577703 0.505557 0.794115 0.676964 0.555398 0.587659 0.454101 0.600981 0.969018 0.986420 0.675291 0.902663 0.924493 0.862727 0.830721 0.792561 0.582934 0.586477 0.484832 0.512176 0.000000 0.414729 0.927760 0.822704 0.824814 0.852997 0.997913 0.966521 0.838146 0.769041 0.592677 0.504448 0.573518 0.564984 0.470403 0.586684 0.748775 0.684365 0.666918 0.644084 0.695588 0.763277 0.906392 0.941806 0.615045 0.646279 0.560828 0.654445 0.363173 0.551143 0.516547 0.482021 0.946027 0.835299 0.482389 0.540207 0.675906 0.771781 0.652163 0.671185 0.670898 0.769059 0.778741 0.955438 0.686546 0.644864 0.624277 0.685285 0.567756 0.740424 0.568871 0.727611 0.784126 0.851226 0.974568 0.843471 0.929139 0.983826 0.852672 0.999795 0.940920 0.944365 0.776000 0.778674 0.852600 0.646829 0.519927 0.655381 0.656368 0.718463 0.663624 0.401369 0.732262 0.706390 0.999583 0.698674 0.870156 0.692881 0.613405 0.804724 0.683832 0.627466 0.569578 0.964887
0.569773 0.521986 0.744048 0.620592 0.941144 0.905566 0.412654 0.405908 0.795547 0.530948 0.425898 0.467525 0.754693 0.723439 0.987406 0.810769 0.509288 0.533356 0.452760 0.548456 0.845451 0.917124 0.838860 0.921548 0.992081 0.991199 0.892451 0.767614 0.541941 0.530732 0.495834 0.627413 0.414729 0.000000 0.938310 0.880260 0.917204 0.799945 0.987248 0.976179 0.941207 0.891082 0.588578 0.478485 0.611914 0.522415 0.464926 0.437585 0.722455 0.635004 0.718779 0.675106 0.834275 0.898470 0.972146 0.938605 0.551266 0.584228 0.406868 0.422954 0.407513 0.577899 0.470200 0.422732 0.952138 0.870278 0.485412 0.471550 0.664048 0.748463 0.834088 0.848558 0.825390 0.760858 0.875801 0.926636 0.649370 0.606887 0.538928 0.704522 0.591596 0.850318 0.670075 0.753389 0.943710 0.963562 0.822903 0.769048 0.912357 0.906994 0.965837 0.866030 0.930394 0.754787 0.857059 0.837778 0.950432 0.594676 0.623745 0.593386 0.558441 0.885734 0.586387 0.477070 0.726479 0.681589 0.960191 0.669725 0.917930 0.660726 0.680342 0.809936 0.683351 0.669771 0.598143 0.857130
0.994978 0.989600 0.728904 0.782499 0.769247 0.907507 0.825678 0.894077 0.686683 0.935842 0.992151 0.915378 0.909059 0.943425 0.998669 0.923175 0.847910 0.856691 0.991430 0.976889 0.941527 0.950309 0.945106 0.847403 0.835985 0.682115 0.932312 0.869587 0.836983 0.881814 0.922212 0.947003 0.927760 0.938310 0.000000 0.997151 0.998240 0.986288 0.834604 0.876142 0.931179 0.993267 0.821613 0.914470 0.822516 0.831356 0.818813 0.825708 0.976283 0.867640 0.923739 0.939830 0.864188 0.913729 0.828899 0.896813 0.959232 0.894871 0.947623 0.906649 0.865977 0.762709 0.864143 0.881882 0.702256 0.787666 0.736543 0.669203 0.965558 0.911072 0.895507 0.898789 0.912051 0.841399 0.884007 0.905688 0.900259 0.930852 0.927680 0.995362 0.924365 0.937702 0.972204 0.959047 0.840944 0.808752 0.948594 0.984689 0.731939 0.847586 0.819105 0.857831 0.817362 0.883714 0.926776 0.955963 0.780604 0.807151 0.833698 0.875011 0.943199 0.903351 0.896352 0.978381 0.910655 0.884314 0.825936 0.894223 0.961068 0.949326 0.974073 0.994121 0.797368 0.950719 0.875716 0.978566
0.978481 0.896097 0.823523 0.836048 0.886930 0.941119 0.782795 0.849957 0.855201 0.942723 0.983807 0.976374 0.978027 0.875256 0.994007 0.888402 0.971728 0.978841 0.943810 0.964317 0.877121 0.978999 0.842001 0.857188 0.970562 0.994529 0.873003 0.913165 0.929103 0.945683 0.736532 0.879530 0.822704 0.880260 0.997151 0.000000 0.966202 0.881944 0.995853 0.966332 0.853856 0.976380 0.805252 0.769848 0.764351 0.801959 0.829292 0.963835 0.911967 0.883099 0.871147 0.881079 0.728215 0.852498 0.941074 0.855774 0.969911 0.942463 0.829392 0.902201 0.765646 0.813010 0.983922 0.931564 0.858860 0.841295 0.759223 0.771708 0.858675 0.921787 0.895547 0.972545 0.999476 0.946868 0.910137 0.864493 0.847602 0.750800 0.947667 0.870979 0.918457 0.993258 0.922286 0.878786 0.932670 0.887202 0.865450 0.931824 0.799294 0.840257 0.874851 0.823224 0.895140 0.931744 0.865545 0.910805 0.987289 0.884503 0.869485 0.754364 0.853312 0.922911 0.926630 0.868785 0.933513 0.991652 0.920994 0.933603 0.931054 0.995442 0.761364 0.869363 0.997633 0.934911 0.787933 0.827134
0.743479 0.833556 0.787455 0.747315 0.996113 0.850510 0.993204 0.799821 0.749579 0.751239 0.958431 0.750646 0.805496 0.695612 0.775785 0.694324 0.961618 0.992142 0.685754 0.692834 0.895925 0.871657 0.775971 0.776778 0.722337 0.786105 0.942484 0.887477 0.968409 0.984126 0.859139 0.826188 0.824814 0.917204 0.998240 0.966202 0.000000 0.636746 0.740254 0.791051 0.699188 0.835570 0.652845 0.731635 0.892822 0.845569 0.663370 0.718736 0.879244 0.886942 0.899930 0.896166 0.897865 0.861027 0.806690 0.913989 0.810779 0.871807 0.972922 0.991692 0.890841 0.642437 0.817914 0.995072 0.850666 0.773657 0.950156 0.869901 0.727856 0.749879 0.740431 0.655900 0.718301 0.864956 0.884012 0.970846 0.757929 0.870798 0.906062 0.866178 0.913983 0.790809 0.791029 0.799925 0.697937 0.733018 0.848157 0.988300 0.769109 0.772380 0.874929 0.959422 0.992540 0.975438 0.955010 0.935717 0.767804 0.972595 0.743495 0.719982 0.999010 0.845294 0.945239 0.964647 0.903167 0.989310 0.837996 0.777112 0.790801 0.808484 0.968892 0.871725 0.992275 0.914203 0.951542 0.999161
0.636829 0.590822 0.997135 0.969477 0.885915 0.862593 0.940847 0.937125 0.982875 0.760210 0.761004 0.666085 0.948411 0.835370 0.992399 0.846290 0.748504 0.712970 0.654370 0.578612 0.750881 0.856357 0.978008 0.938860 0.804353 0.970695 0.776585 0.955169 0.745115 0.783441 0.913610 0.799922 0.852997 0.799945 0.986288 0.881944 0.636746 0.000000 0.836532 0.577231 0.759123 0.730985 0.775528 0.762749 0.893304 0.815374 0.659297 0.628242 0.734385 0.720868 0.842049 0.813567 0.915611 0.959955 0.830768 0.720816 0.552151 0.637866 0.958276 0.852590 0.958933 0.887442 0.938691 0.817682 0.895195 0.904753 0.826647 0.949335 0.650931 0.624382 0.954844 0.834804 0.902158 0.920480 0.896891 0.976725 0.997287 0.866379 0.823642 0.939007 0.660958 0.631234 0.705297 0.487586 0.842096 0.962972 0.991469 0.884969 0.943899 0.842392 0.926198 0.887866 0.798603 0.835660 0.882455 0.816450 0.896808 0.839094 0.872840 0.879792 0.955266 0.962911 0.675747 0.926540 0.964085 0.971028 0.940141 0.951120 0.908241 0.756929 0.917420 0.829215 0.967155 0.767990 0.988851 0.986541
