0.000000 0.324737 0.706251 0.815517 0.833739 0.683432 0.818734 0.639213 0.849424 0.715421 0.512675 0.468960 0.754306 0.674586 0.981531 0.808307 0.360672 0.366127 0.496224 0.402916 0.963859 0.886116 0.580276 0.772611 0.768771 0.715437 0.970480 0.876907 0.524633 0.506616 0.859497 0.776829 0.597334 0.556125 0.933268 0.855745 0.945670 0.956671 0.934292 0.939298 0.899024 0.838798 0.592558 0.495948 0.526542 0.510231 0.705339 0.594113 0.573794 0.497055 0.722723 0.689213 0.873763 0.894441 0.942061 0.797071 0.312982 0.399326 0.605936 0.963833 0.673244 0.788120 0.483828 0.423803 0.660360 0.900982 0.792578 0.791412 0.671570 0.600539 0.901074 0.902429 0.826300 0.704709 0.977440 0.746738 0.705370 0.736244 0.751381 0.665836 0.443015 0.530530 0.737636 0.761777 0.839332 0.879045 0.967897 0.749271 0.813749 0.890862 0.640080 0.782761 0.790077 0.952239 0.791697 0.851062 0.790314 0.855477 0.478258 0.527995 0.705178 0.830054 0.490486 0.585738 0.838689 0.850640 0.860378 0.940362 0.915255 0.883098 0.789480 0.648298 0.700408 0.843451 0.793466 0.950029
0.324737 0.000000 0.598974 0.748128 0.835976 0.743788 0.942257 0.731678 0.972248 0.734575 0.636825 0.435194 0.959382 0.777777 0.873302 0.863463 0.324429 0.304868 0.587133 0.498854 0.963380 0.822637 0.616681 0.776235 0.819463 0.696222 0.993800 0.837683 0.526995 0.426512 0.878649 0.815883 0.613612 0.596558 0.867686 0.915059 0.937668 0.881413 0.964409 0.901163 0.828846 0.793343 0.665836 0.559493 0.562086 0.493576 0.823529 0.642527 0.597106 0.518116 0.787017 0.706581 0.962324 0.950073 0.930914 0.713016 0.258048 0.276829 0.726817 0.916374 0.821666 0.740929 0.592384 0.375176 0.622536 0.904373 0.798550 0.792707 0.688400 0.540427 0.871725 0.925752 0.828938 0.689649 0.925786 0.781869 0.738230 0.717689 0.610385 0.559326 0.347265 0.483446 0.756198 0.735496 0.758001 0.907778 0.801279 0.766679 0.749411 0.920403 0.716626 0.862045 0.795944 0.967548 0.770854 0.861539 0.708054 0.903772 0.553152 0.647326 0.742186 0.824956 0.512690 0.606208 0.884859 0.936794 0.913936 0.999983 0.846774 0.887115 0.741968 0.620266 0.714503 0.925615 0.835297 0.911140
0.706251 0.598974 0.000000 0.364933 0.921585 0.906336 0.636253 0.795744 0.714636 0.913151 0.955923 0.616538 0.782967 0.921665 0.709361 0.847015 0.586246 0.551423 0.890880 0.878289 0.985034 0.951019 0.534923 0.747175 0.746467 0.612868 0.917921 0.879826 0.814654 0.621495 0.565981 0.719767 0.818290 0.901406 0.740537 0.816782 0.882239 0.997445 0.830221 0.961998 0.972328 0.708722 0.860146 0.974221 0.889821 0.793385 0.836729 0.938024 0.749633 0.866892 0.992925 0.986384 0.868511 0.756287 0.858892 0.834778 0.623114 0.521917 0.838633 0.742726 0.744311 0.970631 0.818313 0.537635 0.394026 0.511142 0.713431 0.777199 0.781060 0.751670 0.840791 0.882220 0.958314 0.986757 0.983433 0.893559 0.797610 0.824530 0.780498 0.719915 0.508216 0.519025 0.817826 0.619501 0.726563 0.895021 0.859969 0.989783 0.815424 0.999876 0.887944 0.709430 0.965703 0.636433 0.963685 0.960213 0.791205 0.985966 0.939248 0.980917 0.989936 0.765486 0.866212 0.822842 0.900478 0.798652 0.981002 0.746751 0.835117 0.939759 0.969081 0.891410 0.943534 0.984582 0.990056 0.819645
0.815517 0.748128 0.364933 0.000000 0.994252 0.896212 0.795789 0.843300 0.801003 0.764480 0.850732 0.679051 0.844439 0.808882 0.744492 0.977862 0.671245 0.659334 0.908950 0.989812 0.968241 0.955337 0.512624 0.568766 0.591342 0.543551 0.798499 0.706472 0.845124 0.680859 0.524532 0.682716 0.810902 0.933104 0.668673 0.844533 0.760897 0.855065 0.803873 0.914798 0.991088 0.821864 0.865737 0.986437 0.774503 0.703959 0.890640 0.978020 0.616675 0.850795 0.949506 0.989052 0.962178 0.792283 0.760518 0.943910 0.747013 0.653199 0.846805 0.773034 0.884106 0.963062 0.814053 0.608608 0.396829 0.451245 0.735029 0.814549 0.882634 0.835650 0.869768 0.827449 0.847603 0.913917 0.942355 0.845581 0.815995 0.870849 0.946376 0.786397 0.693022 0.687619 0.992254 0.788089 0.701371 0.705639 0.925667 0.998971 0.822333 0.829519 0.931697 0.844958 0.913397 0.702469 0.907490 0.930452 0.805250 0.981556 0.888695 0.922552 0.983275 0.786593 0.886229 0.844162 0.803312 0.814056 0.952930 0.807141 0.766340 0.913180 0.971075 0.800039 0.878949 0.885243 0.972322 0.793022
0.833739 0.835976 0.921585 0.994252 0.000000 0.797900 0.788232 0.832237 0.963601 0.771019 0.708925 0.747609 0.816771 0.816611 0.975006 0.975443 0.923004 0.833353 0.686306 0.675338 0.858296 0.981575 0.903895 0.981128 0.904958 0.791072 0.982016 0.859308 0.854542 0.863541 0.904580 0.795214 0.692627 0.765981 0.852031 0.795583 0.995352 0.887772 0.880792 0.847173 0.998075 0.920629 0.874999 0.872525 0.790725 0.799990 0.929726 0.759575 0.922139 0.895306 0.880451 0.927922 0.906205 0.905547 0.843347 0.990638 0.861268 0.838861 0.863283 0.901357 0.790641 0.947116 0.785568 0.931005 0.953534 0.949475 0.698272 0.737454 0.936494 0.868647 0.860345 0.967833 0.815538 0.744522 0.941572 0.912700 0.842041 0.805714 0.895869 0.986140 0.849755 0.795423 0.992238 0.986043 0.866659 0.926251 0.911314 0.924782 0.900943 0.740018 0.838990 0.771317 0.885002 0.830085 0.962918 0.959284 0.964113 0.949043 0.837817 0.820762 0.932838 0.904880 0.915280 0.962335 0.960165 0.962934 0.835113 0.944539 0.994566 0.908718 0.804931 0.934202 0.902173 0.873020 0.859971 0.851962
0.683432 0.743788 0.906336 0.896212 0.797900 0.000000 0.683415 0.644944 0.701831 0.584402 0.651395 0.641217 0.732122 0.803502 0.965702 0.780838 0.716968 0.712574 0.679388 0.764159 0.968287 0.949080 0.778619 0.839490 0.757570 0.720974 0.781976 0.996205 0.740824 0.706163 0.942323 0.820800 0.828395 0.710286 0.806109 0.804140 0.933794 0.980296 0.993667 0.908085 0.993889 0.901100 0.685688 0.651189 0.648709 0.638655 0.919343 0.734265 0.753500 0.818702 0.913970 0.907792 0.884879 0.839381 0.803858 0.924855 0.689325 0.842952 0.851680 0.958075 0.735259 0.863345 0.744225 0.768765 0.719838 0.880889 0.869663 0.823284 0.972453 0.954225 0.883453 0.829700 0.919522 0.809507 0.904761 0.703802 0.752506 0.764281 0.785809 0.843647 0.909405 0.812938 0.999543 0.980177 0.804618 0.778577 0.980797 0.961187 0.918710 0.686853 0.727669 0.791730 0.802740 0.830976 0.922711 0.948628 0.758135 0.825281 0.597614 0.717722 0.699074 0.737617 0.744303 0.735066 0.997759 0.933750 0.626291 0.963386 0.901772 0.984782 0.901230 0.801427 0.828021 0.795869 0.971028 0.730737
0.818734 0.942257 0.636253 0.795789 0.788232 0.683415 0.000000 0.349378 0.575200 0.461407 0.488012 0.812802 0.530707 0.731100 0.846951 0.959225 0.914697 0.917738 0.485649 0.797368 0.869278 0.919284 0.922314 0.741663 0.622995 0.808305 0.691720 0.830412 0.773516 0.848130 0.900868 0.728352 0.616003 0.498635 0.890278 0.961605 0.996417 0.890676 0.994501 0.998265 0.914755 0.714075 0.547083 0.596580 0.472613 0.583873 0.696051 0.611991 0.692756 0.755377 0.634774 0.672170 0.669513 0.541925 0.864246 0.980263 0.902624 0.903975 0.516930 0.720457 0.349393 0.686677 0.642879 0.898211 0.959868 0.830530 0.536672 0.529626 0.821775 0.966923 0.720239 0.812001 0.947873 0.832565 0.990576 0.695470 0.564666 0.694515 0.952686 0.987358 0.831402 0.828900 0.818614 0.837614 0.902171 0.732480 0.987731 0.767230 0.996016 0.707681 0.453902 0.400330 0.689817 0.546457 0.785584 0.876064 0.835625 0.825562 0.528058 0.527666 0.614829 0.542821 0.786476 0.759180 0.959206 0.718068 0.803950 0.729707 0.853823 0.951876 0.713676 0.736833 0.590660 0.811540 0.966265 0.982493
0.639213 0.731678 0.795744 0.843300 0.832237 0.644944 0.349378 0.000000 0.536683 0.435904 0.459357 0.590265 0.538819 0.539183 0.875357 0.830695 0.710132 0.739129 0.372602 0.652912 0.771284 0.903598 0.800511 0.695256 0.633435 0.812277 0.699678 0.857500 0.595928 0.636038 0.929607 0.682423 0.576155 0.478417 0.820665 0.889302 0.910138 0.988621 0.943156 0.956593 0.898384 0.881156 0.420180 0.479674 0.439969 0.501219 0.716710 0.520614 0.571189 0.648948 0.556893 0.610821 0.657168 0.551232 0.843056 0.935709 0.709224 0.905963 0.542245 0.689040 0.402020 0.552994 0.605032 0.694833 0.864938 0.868618 0.709894 0.608449 0.955262 0.950436 0.776768 0.839161 0.919174 0.856627 0.987211 0.719914 0.593820 0.731209 0.905750 0.853267 0.987893 0.943846 0.889879 0.978534 0.680710 0.630009 0.934987 0.710296 0.899330 0.763317 0.390128 0.472158 0.718330 0.657882 0.721998 0.853139 0.816960 0.778108 0.460034 0.499725 0.524974 0.502607 0.619122 0.643000 0.994486 0.712618 0.794498 0.778120 0.874594 0.969513 0.767694 0.684040 0.591969 0.732782 0.857264 0.960837
0.849424 0.972248 0.714636 0.801003 0.963601 0.701831 0.575200 0.536683 0.000000 0.686376 0.728070 0.869254 0.729051 0.810930 0.912008 0.799912 0.934964 0.961410 0.731426 0.874568 0.807468 0.947789 0.942390 0.875002 0.911449 0.875470 0.898241 0.938656 0.899230 0.986814 0.792653 0.794506 0.774669 0.728538 0.935225 0.850471 0.758566 0.862875 0.944226 0.915117 0.971821 0.886092 0.664958 0.726956 0.714530 0.792996 0.722245 0.775542 0.782201 0.716197 0.636349 0.679455 0.621572 0.564717 0.878892 0.898142 0.927711 0.959729 0.714379 0.663590 0.553847 0.613395 0.998376 0.941544 0.844712 0.761226 0.908483 0.907168 0.934932 0.935927 0.793137 0.823480 0.962924 0.910469 0.939782 0.856016 0.653965 0.861691 0.874760 0.970684 0.822430 0.769486 0.846195 0.927472 0.858172 0.707476 0.980551 0.888353 0.988447 0.903139 0.671260 0.708825 0.853451 0.757615 0.884335 0.994495 0.924869 0.876929 0.680597 0.722761 0.743791 0.785864 0.781328 0.915094 0.973178 0.686588 0.828654 0.812354 0.874043 0.953292 0.944776 0.865888 0.821997 0.878996 0.898011 0.976022
0.715421 0.734575 0.913151 0.764480 0.771019 0.584402 0.461407 0.435904 0.686376 0.000000 0.458831 0.602858 0.648916 0.748852 0.968685 0.890390 0.656608 0.652583 0.522477 0.766814 0.771161 0.881893 0.593442 0.506639 0.414399 0.514082 0.652763 0.758248 0.615113 0.615875 0.856956 0.888089 0.822147 0.566043 0.674311 0.889704 0.908170 0.878207 0.865819 0.867014 0.898324 0.845239 0.558386 0.553131 0.375058 0.389181 0.845579 0.613952 0.442607 0.679266 0.633819 0.772034 0.793675 0.760263 0.688341 0.945198 0.685274 0.844321 0.740262 0.888927 0.538983 0.717394 0.585606 0.626268 0.553070 0.782544 0.822272 0.779383 0.857889 0.976968 0.746831 0.818654 0.938850 0.905218 0.938138 0.776341 0.634784 0.823129 0.944290 0.888528 0.954318 0.990932 0.807668 0.974717 0.581790 0.507830 0.974289 0.823553 0.766546 0.579012 0.471462 0.509547 0.721143 0.796447 0.779660 0.939881 0.729897 0.738909 0.465863 0.475402 0.564034 0.694806 0.621960 0.601472 0.897791 0.923158 0.886400 0.835741 0.986860 0.938013 0.691974 0.536452 0.579076 0.771972 0.940089 0.897876
0.512675 0.636825 0.955923 0.850732 0.708925 0.651395 0.488012 0.459357 0.728070 0.458831 0.000000 0.531371 0.520133 0.577668 0.862881 0.886812 0.539090 0.545725 0.412602 0.523816 0.860408 0.889923 0.621888 0.608954 0.477713 0.588965 0.757738 0.734496 0.437304 0.534638 0.943265 0.830773 0.638314 0.471316 0.808368 0.859661 0.981086 0.811824 0.987311 0.934661 0.928552 0.932622 0.556668 0.504958 0.379732 0.409975 0.731860 0.541149 0.458009 0.559295 0.598322 0.657012 0.732266 0.740794 0.808333 0.892802 0.572017 0.718352 0.571071 0.873016 0.437464 0.769433 0.439508 0.600487 0.640768 0.906694 0.721986 0.673728 0.931088 0.837342 0.828197 0.923416 0.889714 0.749164 0.990290 0.680156 0.722939 0.700501 0.976684 0.849134 0.782400 0.787708 0.992522 0.890833 0.793703 0.746792 0.949314 0.840596 0.846829 0.593927 0.511121 0.574679 0.805962 0.829191 0.810564 0.882319 0.808167 0.890630 0.456060 0.421638 0.602746 0.767551 0.653473 0.690158 0.950586 0.878801 0.806641 0.815602 0.956591 0.883151 0.720888 0.635971 0.538661 0.810952 0.853792 0.999225
0.468960 0.435194 0.616538 0.679051 0.747609 0.641217 0.812802 0.590265 0.869254 0.602858 0.531371 0.000000 0.803041 0.619545 0.913396 0.640796 0.446922 0.402465 0.599722 0.531498 0.860259 0.883087 0.552348 0.682167 0.607398 0.588361 0.768472 0.750266 0.491362 0.380428 0.799710 0.891583 0.707709 0.638597 0.706067 0.850545 0.873960 0.989524 0.963696 0.964695 0.871741 0.877570 0.699664 0.628383 0.511888 0.477375 0.821424 0.554649 0.462541 0.572904 0.660651 0.656736 0.803491 0.822302 0.764543 0.888175 0.452748 0.487967 0.716671 0.836163 0.701109 0.618447 0.555871 0.385908 0.510258 0.842659 0.979797 0.833299 0.729131 0.608332 0.939885 0.939443 0.886653 0.792519 0.964546 0.829327 0.854048 0.936768 0.725643 0.643880 0.533493 0.567633 0.847211 0.638535 0.658961 0.743991 0.867327 0.836953 0.839986 0.786103 0.735316 0.939946 0.977686 0.936783 0.662617 0.853654 0.803793 0.899365 0.597672 0.728094 0.696869 0.850561 0.658025 0.671105 0.877821 0.952887 0.766706 0.948552 0.921470 0.840537 0.793831 0.776974 0.702313 0.775419 0.805984 0.829870
0.754306 0.959382 0.782967 0.844439 0.816771 0.732122 0.530707 0.538819 0.729051 0.648916 0.520133 0.803041 0.000000 0.452237 0.590751 0.727105 0.918914 0.903704 0.554201 0.695541 0.889254 0.934776 0.915403 0.962642 0.726088 0.819952 0.825172 0.987235 0.734477 0.812491 0.954453 0.796440 0.764218 0.696070 0.861924 0.857569 0.917929 0.736018 0.914234 0.978733 0.795597 0.845550 0.535615 0.562567 0.721002 0.688738 0.629936 0.650841 0.794033 0.839437 0.796507 0.935731 0.851551 0.834663 0.831265 0.973045 0.893348 0.912999 0.650951 0.933753 0.614767 0.972192 0.562255 0.925306 0.918782 0.884412 0.803219 0.908147 0.916573 0.963081 0.731016 0.728535 0.919932 0.868934 0.962863 0.685334 0.736447 0.789896 0.954653 0.921549 0.895866 0.901637 0.999379 0.920844 0.983921 0.880736 0.871625 0.993342 0.956732 0.697668 0.488730 0.537590 0.720157 0.705788 0.838617 0.824965 0.949160 0.915224 0.603640 0.587531 0.655320 0.733221 0.715478 0.697289 0.962687 0.956854 0.855508 0.738099 0.818577 0.965629 0.815480 0.875498 0.726720 0.716527 0.997298 0.957056
0.674586 0.777777 0.921665 0.808882 0.816611 0.803502 0.731100 0.539183 0.810930 0.748852 0.577668 0.619545 0.452237 0.000000 0.700104 0.600564 0.760205 0.751831 0.508207 0.546267 0.826134 0.900146 0.902936 0.973326 0.849425 0.813751 0.871879 0.986314 0.590619 0.646845 0.876960 0.757063 0.705429 0.644818 0.890620 0.854304 0.908572 0.855662 0.987557 0.992448 0.878688 0.983264 0.536889 0.563062 0.764939 0.727792 0.715939 0.588377 0.828546 0.822330 0.835063 0.873564 0.882829 0.862082 0.884139 0.984112 0.770460 0.907971 0.767761 0.985675 0.770863 0.926063 0.621025 0.820119 0.931111 0.985096 0.892545 0.905745 0.946295 0.868506 0.850513 0.865433 0.901082 0.761407 0.993085 0.672893 0.758485 0.875495 0.921183 0.967813 0.911255 0.938630 0.948494 0.916823 0.876035 0.970428 0.978464 0.951840 0.973877 0.800312 0.543191 0.711526 0.845193 0.890442 0.829764 0.755759 0.979408 0.888907 0.635692 0.642836 0.630658 0.755903 0.753874 0.772892 0.967529 0.978945 0.873361 0.825438 0.833595 0.909115 0.859645 0.857990 0.707905 0.881146 0.862291 0.945637
0.981531 0.873302 0.709361 0.744492 0.975006 0.965702 0.846951 0.875357 0.912008 0.968685 0.862881 0.913396 0.590751 0.700104 0.000000 0.703554 0.887333 0.875006 0.899061 0.887264 0.779438 0.962574 0.860257 0.758205 0.907106 0.897739 0.814309 0.763896 0.907872 0.962100 0.836985 0.837713 0.957363 0.994338 0.938233 0.929551 0.872417 0.708986 0.921954 0.977900 0.897319 0.923604 0.701193 0.745276 0.983987 0.982475 0.706901 0.802101 0.983169 0.935378 0.951761 0.935445 0.984062 0.979181 0.930502 0.789203 0.944762 0.839293 0.969337 0.788903 0.929695 0.833387 0.969141 0.807600 0.751422 0.954445 0.952062 0.851959 0.882203 0.879514 0.863236 0.910166 0.900863 0.950812 0.944767 0.952809 0.844490 0.948822 0.843345 0.797450 0.792265 0.746274 0.918949 0.832978 0.842504 0.958322 0.801040 0.973369 0.896861 0.890844 0.863279 0.811819 0.990579 0.907728 0.939065 0.934308 0.874787 0.920444 0.895258 0.826278 0.994011 0.910301 0.976498 0.906769 0.986215 0.999513 0.940894 0.692224 0.929364 0.951443 0.902144 0.924444 0.961394 0.891916 0.998121 0.918655
0.808307 0.863463 0.847015 0.977862 0.975443 0.780838 0.959225 0.830695 0.799912 0.890390 0.886812 0.640796 0.727105 0.600564 0.703554 0.000000 0.872873 0.875259 0.962141 0.761043 0.879927 0.998471 0.877543 0.867696 0.995572 0.977729 0.948550 0.939930 0.857359 0.756808 0.945200 0.898067 0.944858 0.996678 0.775645 0.736254 0.822088 0.985045 0.945456 0.907689 0.952870 0.852830 0.795651 0.835665 0.946599 0.876388 0.849183 0.795689 0.834248 0.924959 0.840302 0.906991 0.836245 0.908222 0.878226 0.920726 0.890222 0.880114 0.995429 0.908698 0.977509 0.881003 0.934785 0.814695 0.884392 0.897099 0.661248 0.759208 0.915202 0.926905 0.944746 0.931187 0.906511 0.932899 0.971132 0.944750 0.984775 0.886160 0.990290 0.947842 0.880482 0.860289 0.755255 0.692810 0.924458 0.968405 0.982977 0.908229 0.879321 0.916022 0.891108 0.896871 0.989816 0.819950 0.884744 0.961376 0.992608 0.945931 0.863320 0.964814 0.876250 0.998630 0.922080 0.910795 0.846930 0.913381 0.826214 0.963772 0.978576 0.965213 0.979236 0.965339 0.992552 0.928671 0.915801 0.965057
0.360672 0.324429 0.586246 0.671245 0.923004 0.716968 0.914697 0.710132 0.934964 0.656608 0.539090 0.446922 0.918914 0.760205 0.887333 0.872873 0.000000 0.268487 0.591940 0.527212 0.959277 0.835805 0.514895 0.652903 0.719185 0.620309 0.898493 0.800338 0.401173 0.365755 0.873280 0.883550 0.696073 0.584095 0.763129 0.889798 0.937145 0.918476 0.961093 0.876655 0.866715 0.871629 0.674545 0.571370 0.532258 0.515832 0.866719 0.679718 0.549192 0.526706 0.746557 0.700435 0.942825 0.941761 0.800469 0.819776 0.288606 0.336905 0.815831 0.950794 0.785869 0.741189 0.599984 0.358560 0.531541 0.846295 0.935362 0.873195 0.646851 0.560791 0.939056 0.935839 0.803245 0.714827 0.952572 0.789089 0.785767 0.849522 0.657941 0.551218 0.388101 0.545255 0.863976 0.695793 0.660436 0.815258 0.776145 0.728609 0.677515 0.861491 0.717502 0.879884 0.828592 0.918914 0.768796 0.911195 0.757327 0.955825 0.564551 0.572438 0.746227 0.888229 0.583192 0.685768 0.954162 0.987910 0.893471 0.972920 0.890186 0.894590 0.715618 0.654035 0.706489 0.895639 0.852269 0.896006
0.366127 0.304868 0.551423 0.659334 0.833353 0.712574 0.917738 0.739129 0.961410 0.652583 0.545725 0.402465 0.903704 0.751831 0.875006 0.875259 0.268487 0.000000 0.596931 0.508695 0.951565 0.925495 0.501845 0.704099 0.675636 0.554482 0.913847 0.778551 0.435586 0.361643 0.836170 0.872919 0.684198 0.610016 0.745249 0.831181 0.978681 0.983538 0.912972 0.974040 0.901946 0.855127 0.698580 0.581419 0.523697 0.475369 0.875073 0.618522 0.553608 0.530873 0.793818 0.702823 0.972582 0.984723 0.790018 0.823844 0.267280 0.316124 0.836628 0.996257 0.805902 0.778750 0.559664 0.359853 0.500106 0.802779 0.906948 0.890113 0.643346 0.515037 0.927205 0.953577 0.855771 0.678932 0.951861 0.847768 0.784139 0.795659 0.621510 0.568443 0.382340 0.511907 0.889001 0.690251 0.669188 0.807720 0.792871 0.724651 0.670591 0.850152 0.717429 0.856822 0.819892 0.968821 0.802704 0.858986 0.722567 0.979039 0.560446 0.566569 0.735050 0.913388 0.579291 0.677980 0.978899 0.966248 0.911390 0.968547 0.865210 0.897358 0.743052 0.638124 0.685662 0.878261 0.841103 0.889098
0.496224 0.587133 0.890880 0.908950 0.686306 0.679388 0.485649 0.372602 0.731426 0.522477 0.412602 0.599722 0.554201 0.508207 0.899061 0.962141 0.591940 0.596931 0.000000 0.486384 0.882345 0.923532 0.773685 0.738961 0.684466 0.710120 0.870452 0.886334 0.538150 0.583419 0.939466 0.669827 0.506973 0.411087 0.938956 0.954470 0.988713 0.883387 0.982075 0.993988 0.983011 0.964456 0.442111 0.423437 0.455457 0.492571 0.799659 0.514812 0.639622 0.578364 0.704231 0.700174 0.796364 0.744102 0.932203 0.876991 0.550651 0.739838 0.565949 0.814797 0.486351 0.796601 0.514548 0.665423 0.839380 0.953792 0.576678 0.580935 0.941065 0.799050 0.734826 0.918769 0.831299 0.703034 0.954811 0.695252 0.594933 0.643718 0.832680 0.879666 0.807714 0.889049 0.966150 0.990804 0.799764 0.792471 0.956275 0.758827 0.884230 0.747667 0.433800 0.472024 0.698908 0.703639 0.808725 0.822146 0.838227 0.834849 0.436802 0.435482 0.531423 0.601298 0.564735 0.655382 0.857016 0.844530 0.782798 0.859000 0.997287 0.924662 0.811542 0.638510 0.632951 0.803063 0.846322 0.927314
0.402916 0.498854 0.878289 0.989812 0.675338 0.764159 0.797368 0.652912 0.874568 0.766814 0.523816 0.531498 0.695541 0.546267 0.887264 0.761043 0.527212 0.508695 0.486384 0.000000 0.940638 0.946486 0.779014 0.940478 0.840979 0.760876 0.974279 0.934822 0.526924 0.610074 0.996817 0.727346 0.496908 0.545423 0.982945 0.996741 0.782060 0.982079 0.946010 0.938711 0.857484 0.813392 0.621653 0.583737 0.617444 0.660215 0.697534 0.574857 0.723351 0.616249 0.777273 0.770488 0.837383 0.918077 0.999802 0.878062 0.485229 0.546070 0.582289 0.882761 0.685115 0.850088 0.548999 0.614176 0.808061 0.991169 0.744277 0.755041 0.710565 0.598319 0.879124 0.908082 0.701841 0.638375 0.953184 0.824613 0.737026 0.770440 0.855216 0.801693 0.554096 0.605050 0.747826 0.792853 0.987715 0.958082 0.987759 0.834531 0.877068 0.884711 0.688196 0.759791 0.822473 0.974662 0.773528 0.740130 0.957045 0.915271 0.590641 0.603165 0.724908 0.925070 0.664807 0.677613 0.881737 0.914177 0.895187 0.870845 0.918153 0.915651 0.835427 0.792584 0.750139 0.861459 0.890601 0.983432
0.963859 0.963380 0.985034 0.968241 0.858296 0.968287 0.869278 0.771284 0.807468 0.771161 0.860408 0.860259 0.889254 0.826134 0.779438 0.879927 0.959277 0.951565 0.882345 0.940638 0.000000 0.975650 0.803644 0.798545 0.848047 0.949336 0.994507 0.941028 0.791171 0.908578 0.877745 0.998606 0.937998 0.988061 0.807613 0.825874 0.934085 0.970083 0.970167 0.844432 0.915804 0.944669 0.859107 0.929186 0.877294 0.888545 0.855463 0.916777 0.830816 0.904006 0.987488 0.969283 0.981775 0.989666 0.951045 0.910725 0.923806 0.983686 0.929131 0.938773 0.861204 0.766236 0.950109 0.843406 0.964680 0.987502 0.818839 0.928112 0.983198 0.927940 0.944085 0.903854 0.629811 0.794837 0.881894 0.839718 0.935565 0.949014 0.975909 0.999542 0.883233 0.848413 0.921905 0.944204 0.703595 0.631797 0.901300 0.775356 0.983353 0.982222 0.921847 0.888220 0.898078 0.922143 0.843090 0.972892 0.978990 0.898691 0.872322 0.871764 0.969277 0.964227 0.835179 0.905758 0.948196 0.923148 0.957633 0.918166 0.842249 0.895124 0.942593 0.828662 0.908021 0.910847 0.969770 0.834791
0.886116 0.822637 0.951019 0.955337 0.981575 0.949080 0.919284 0.903598 0.947789 0.881893 0.889923 0.883087 0.934776 0.900146 0.962574 0.998471 0.835805 0.925495 0.923532 0.946486 0.975650 0.000000 0.919913 0.846049 0.865951 0.968244 0.979107 0.836737 0.949212 0.897953 0.826076 0.811164 0.906889 0.915810 0.963255 0.956674 0.814084 0.910386 0.904224 0.903507 0.773140 0.983790 0.986021 0.950485 0.889189 0.915895 0.992839 0.900521 0.829899 0.882364 0.808910 0.934644 0.911539 0.905356 0.941010 0.891259 0.877095 0.867367 0.857643 0.860789 0.876651 0.826836 0.929492 0.850191 0.913645 0.931144 0.969800 0.867849 0.912272 0.923800 0.965600 0.998687 0.856297 0.956597 0.880017 0.967759 0.920741 0.962034 0.962411 0.908425 0.829177 0.895192 0.996730 0.942316 0.981161 0.957676 0.897867 0.972096 0.896949 0.919058 0.938933 0.975647 0.918115 0.912542 0.847955 0.883034 0.893222 0.967915 0.938871 0.983817 0.931387 0.931380 0.822046 0.961539 0.891294 0.995597 0.980210 0.820227 0.914264 0.787294 0.897003 0.908287 0.950174 0.961266 0.924049 0.910399
0.580276 0.616681 0.534923 0.512624 0.903895 0.778619 0.922314 0.800511 0.942390 0.593442 0.621888 0.552348 0.915403 0.902936 0.860257 0.877543 0.514895 0.501845 0.773685 0.779014 0.803644 0.919913 0.000000 0.426279 0.435400 0.581092 0.696224 0.719137 0.649122 0.618139 0.596118 0.891323 0.925063 0.835895 0.575144 0.681082 0.932350 0.922558 0.817357 0.997880 0.869987 0.963579 0.806016 0.725440 0.633636 0.580416 0.937083 0.848603 0.509137 0.703426 0.885969 0.888452 0.969407 0.893212 0.813734 0.866444 0.564548 0.650088 0.929670 0.871532 0.848765 0.884316 0.676904 0.476413 0.408008 0.550803 0.827775 0.904697 0.921832 0.795594 0.934681 0.980155 0.768435 0.926980 0.873606 0.985824 0.996013 0.956688 0.886717 0.817294 0.711721 0.772540 0.929253 0.758408 0.431297 0.506772 0.896457 0.757364 0.759890 0.846524 0.774665 0.883109 0.935546 0.865230 0.821667 0.918406 0.817008 0.878072 0.572006 0.687937 0.659527 0.981878 0.683521 0.625758 0.951010 0.996871 0.946800 0.860602 0.975361 0.948596 0.912724 0.621415 0.662887 0.998800 0.965868 0.914708
0.772611 0.776235 0.747175 0.568766 0.981128 0.839490 0.741663 0.695256 0.875002 0.506639 0.608954 0.682167 0.962642 0.973326 0.758205 0.867696 0.652903 0.704099 0.738961 0.940478 0.798545 0.846049 0.426279 0.000000 0.432639 0.662043 0.631863 0.667710 0.745171 0.733812 0.642951 0.860623 0.984683 0.823307 0.640409 0.928999 0.911006 0.936934 0.776409 0.955437 0.876860 0.895328 0.826540 0.820689 0.580123 0.575509 0.972212 0.851084 0.487320 0.692082 0.762405 0.834405 0.854779 0.943251 0.757759 0.895118 0.732745 0.789334 0.847071 0.893289 0.682244 0.743311 0.741784 0.616588 0.526236 0.742920 0.995332 0.900672 0.906142 0.911102 0.985075 0.955056 0.773060 0.807909 0.961276 0.985131 0.899081 0.942227 0.945533 0.873942 0.898096 0.986326 0.806001 0.984660 0.454630 0.426684 0.893409 0.696694 0.764748 0.753411 0.741657 0.774455 0.918359 0.937527 0.783030 0.995933 0.789591 0.851821 0.608088 0.636517 0.782551 0.836315 0.771983 0.731151 0.893262 0.850381 0.999289 0.887060 0.901046 0.947061 0.875024 0.600932 0.575911 0.961965 0.921163 0.918844
0.768771 0.819463 0.746467 0.591342 0.904958 0.757570 0.622995 0.633435 0.911449 0.414399 0.477713 0.607398 0.726088 0.849425 0.907106 0.995572 0.719185 0.675636 0.684466 0.840979 0.848047 0.865951 0.435400 0.432639 0.000000 0.481414 0.563926 0.703446 0.672416 0.666842 0.606815 0.881210 0.957695 0.715101 0.627009 0.823962 0.832300 0.760430 0.833433 0.906951 0.803682 0.917138 0.792580 0.741055 0.464362 0.479207 0.921134 0.759612 0.447715 0.743219 0.699249 0.803344 0.842211 0.886691 0.815827 0.893978 0.749806 0.876725 0.774753 0.974040 0.640930 0.879993 0.498940 0.595523 0.401967 0.575854 0.931250 0.891610 0.940894 0.950144 0.990905 0.996917 0.831656 0.988968 0.905130 0.953674 0.901106 0.841824 0.973936 0.978259 0.931787 0.921256 0.810372 0.924476 0.537861 0.536418 0.944640 0.903446 0.767878 0.685259 0.629090 0.677533 0.863375 0.887000 0.737428 0.877764 0.794969 0.889870 0.582876 0.609068 0.622439 0.891918 0.721521 0.645373 0.896970 0.951179 0.938095 0.986805 0.983070 0.889847 0.842203 0.646227 0.576794 0.845123 0.970826 0.892190
0.715437 0.696222 0.612868 0.543551 0.791072 0.720974 0.808305 0.812277 0.875470 0.514082 0.588965 0.588361 0.819952 0.813751 0.897739 0.977729 0.620309 0.554482 0.710120 0.760876 0.949336 0.968244 0.581092 0.662043 0.481414 0.000000 0.706861 0.701312 0.646837 0.532311 0.749067 0.951615 0.897782 0.770516 0.789629 0.918723 0.779083 0.764024 0.774019 0.865108 0.872700 0.966017 0.875718 0.778527 0.552086 0.534428 0.981222 0.747353 0.607910 0.750409 0.879571 0.899349 0.993306 0.967783 0.759404 0.873445 0.673548 0.693982 0.918918 0.897238 0.882070 0.949818 0.542590 0.613932 0.390289 0.549273 0.896340 0.902988 0.988421 0.866879 0.876788 0.989682 0.920950 0.844253 0.858042 0.854640 0.803976 0.878582 0.858882 0.823915 0.763025 0.694725 0.992669 0.841844 0.732424 0.797470 0.921944 0.945476 0.722641 0.722254 0.707270 0.758677 0.839772 0.975935 0.796712 0.872649 0.730471 0.900928 0.639559 0.676551 0.807405 0.904104 0.832929 0.692128 0.851914 0.808679 0.978554 0.934940 0.875532 0.867323 0.756904 0.709677 0.683553 0.849766 0.964326 0.821799
0.970480 0.993800 0.917921 0.798499 0.982016 0.781976 0.691720 0.699678 0.898241 0.652763 0.757738 0.768472 0.825172 0.871879 0.814309 0.948550 0.898493 0.913847 0.870452 0.974279 0.994507 0.979107 0.696224 0.631863 0.563926 0.706861 0.000000 0.727102 0.907563 0.775660 0.857409 0.909157 0.919808 0.888308 0.683823 0.905360 0.907619 0.983774 0.933241 0.929725 0.796584 0.919434 0.819487 0.869264 0.745153 0.786576 0.838560 0.936762 0.718090 0.961723 0.842659 0.921396 0.811177 0.886335 0.861150 0.993483 0.992825 0.959500 0.882212 0.932464 0.715980 0.860667 0.714243 0.734835 0.669291 0.788217 0.985222 0.879903 0.857454 0.885921 0.935644 0.992036 0.822770 0.845657 0.939271 0.936248 0.941996 0.977330 0.917045 0.923361 0.949583 0.984121 0.743193 0.871898 0.672257 0.690743 0.936508 0.988719 0.904677 0.868260 0.784200 0.845912 0.902388 0.988069 0.863643 0.921921 0.843252 0.992031 0.794156 0.872904 0.701145 0.857733 0.944395 0.843394 0.839712 0.915114 0.942341 0.889566 0.893462 0.994807 0.954967 0.901544 0.758243 0.961369 0.996502 0.948728
0.876907 0.837683 0.879826 0.706472 0.859308 0.996205 0.830412 0.857500 0.938656 0.758248 0.734496 0.750266 0.987235 0.986314 0.763896 0.939930 0.800338 0.778551 0.886334 0.934822 0.941028 0.836737 0.719137 0.667710 0.703446 0.701312 0.727102 0.000000 0.826874 0.710783 0.726680 0.881191 0.886270 0.861963 0.699148 0.948017 0.994111 0.988270 0.962853 0.972383 0.996525 0.975343 0.985744 0.928923 0.704583 0.717731 0.957109 0.901895 0.679728 0.819625 0.840641 0.833518 0.931548 0.937915 0.793663 0.909215 0.917010 0.849424 0.964309 0.853328 0.802161 0.779781 0.767693 0.751844 0.712296 0.917209 0.967188 0.821105 0.999967 0.914171 0.925498 0.865940 0.925122 0.951763 0.877532 0.987059 0.937873 0.960553 0.926080 0.749627 0.837738 0.802583 0.777196 0.860520 0.825636 0.784466 0.798015 0.886452 0.879290 0.791737 0.937156 0.933873 0.947965 0.834636 0.839742 0.895063 0.960320 0.994481 0.875005 0.880372 0.972677 0.984938 0.981552 0.959647 0.945844 0.902590 0.912855 0.829107 0.984768 0.886642 0.817907 0.832850 0.824707 0.938757 0.990209 0.989963
0.524633 0.526995 0.814654 0.845124 0.854542 0.740824 0.773516 0.595928 0.899230 0.615113 0.437304 0.491362 0.734477 0.590619 0.907872 0.857359 0.401173 0.435586 0.538150 0.526924 0.791171 0.949212 0.649122 0.745171 0.672416 0.646837 0.907563 0.826874 0.000000 0.399348 0.957580 0.914234 0.712853 0.621683 0.780284 0.822781 0.988601 0.957511 0.975107 0.859160 0.989873 0.992440 0.615185 0.565927 0.519976 0.526190 0.776723 0.595572 0.563291 0.597959 0.722376 0.700751 0.883003 0.878338 0.836378 0.816720 0.476699 0.573256 0.791417 0.929546 0.725769 0.782603 0.573297 0.541780 0.639787 0.884103 0.946047 0.863173 0.756624 0.677398 0.994009 0.973404 0.820413 0.735584 0.955922 0.818599 0.794922 0.801809 0.773218 0.730467 0.609754 0.734055 0.914123 0.757814 0.738942 0.821730 0.901020 0.776666 0.790628 0.733641 0.700060 0.833948 0.925376 0.952481 0.761298 0.809672 0.920682 0.927450 0.594113 0.566527 0.720845 0.851938 0.637723 0.748812 0.998324 0.966464 0.835593 0.898052 0.972215 0.985602 0.674246 0.777236 0.676528 0.802453 0.799403 0.883367
0.506616 0.426512 0.621495 0.680859 0.863541 0.706163 0.848130 0.636038 0.986814 0.615875 0.534638 0.380428 0.812491 0.646845 0.962100 0.756808 0.365755 0.361643 0.583419 0.610074 0.908578 0.897953 0.618139 0.733812 0.666842 0.532311 0.775660 0.710783 0.399348 0.000000 0.886274 0.907037 0.707994 0.669473 0.614232 0.777039 0.923929 0.938251 0.971199 0.932766 0.977949 0.920245 0.687340 0.591533 0.536291 0.476966 0.923757 0.609890 0.540382 0.623092 0.725605 0.708510 0.891002 0.871477 0.782521 0.800380 0.422721 0.447051 0.858511 0.931821 0.777573 0.762624 0.533776 0.414715 0.496982 0.794363 0.999199 0.877655 0.690677 0.679075 0.989677 0.980167 0.856052 0.747774 0.978782 0.855270 0.884134 0.890488 0.653515 0.503877 0.478119 0.565747 0.884434 0.682636 0.657583 0.803793 0.860816 0.868038 0.769096 0.785432 0.720865 0.881435 0.891570 0.915013 0.790402 0.901129 0.748926 0.957224 0.609968 0.669273 0.717500 0.808692 0.665466 0.723423 0.887441 0.932274 0.815869 0.929916 0.889798 0.876490 0.736597 0.767677 0.766108 0.789461 0.866960 0.907150
0.859497 0.878649 0.565981 0.524532 0.904580 0.942323 0.900868 0.929607 0.792653 0.856956 0.943265 0.799710 0.954453 0.876960 0.836985 0.945200 0.873280 0.836170 0.939466 0.996817 0.877745 0.826076 0.596118 0.642951 0.606815 0.749067 0.857409 0.726680 0.957580 0.886274 0.000000 0.668242 0.812553 0.895759 0.735667 0.947557 0.844146 0.930878 0.706572 0.882078 0.889672 0.791121 0.894561 0.985118 0.877513 0.822668 0.953685 0.980486 0.729990 0.888973 0.967178 0.992427 0.964182 0.837356 0.859154 0.925642 0.882382 0.843945 0.975310 0.869986 0.955591 0.983077 0.753131 0.730888 0.564939 0.597223 0.873357 0.870626 0.994153 0.975645 0.680133 0.724942 0.789382 0.734287 0.804602 0.755559 0.813645 0.872593 0.989255 0.991091 0.898789 0.860500 0.924073 0.962950 0.748591 0.702452 0.877817 0.954859 0.790811 0.979147 0.977298 0.936036 0.869833 0.853283 0.832999 0.935284 0.956112 0.897133 0.914838 0.952275 0.930490 0.883469 0.908845 0.823151 0.917343 0.909970 0.984334 0.787553 0.961143 0.999638 0.957018 0.850803 0.872322 0.920716 0.958172 0.882780
0.776829 0.815883 0.719767 0.682716 0.795214 0.820800 0.728352 0.682423 0.794506 0.888089 0.830773 0.891583 0.796440 0.757063 0.837713 0.898067 0.883550 0.872919 0.669827 0.727346 0.998606 0.811164 0.891323 0.860623 0.881210 0.951615 0.909157 0.881191 0.914234 0.907037 0.668242 0.000000 0.668013 0.675975 0.873166 0.951861 0.806032 0.929093 0.786795 0.838326 0.875704 0.948590 0.740327 0.764262 0.797422 0.802491 0.787277 0.630837 0.940455 0.722734 0.798954 0.703743 0.796448 0.719391 0.845867 0.925767 0.783295 0.861037 0.689734 0.759649 0.703852 0.781807 0.857624 0.925862 0.839488 0.715678 0.657723 0.716933 0.964904 0.976952 0.762430 0.793190 0.853250 0.657708 0.997660 0.713687 0.610142 0.607943 0.859570 0.854424 0.960892 0.941176 0.806700 0.988167 0.956606 0.905584 0.987172 0.890761 0.999149 0.883631 0.675483 0.684274 0.756344 0.666010 0.864968 0.964837 0.920636 0.827814 0.828534 0.782122 0.904891 0.794133 0.888021 0.802390 0.815610 0.784851 0.936250 0.702652 0.975362 0.939865 0.854063 0.840771 0.907422 0.867763 0.928454 0.904341
0.597334 0.613612 0.818290 0.810902 0.692627 0.828395 0.616003 0.576155 0.774669 0.822147 0.638314 0.707709 0.764218 0.705429 0.957363 0.944858 0.696073 0.684198 0.506973 0.496908 0.937998 0.906889 0.925063 0.984683 0.957695 0.897782 0.919808 0.886270 0.712853 0.707994 0.812553 0.668013 0.000000 0.476930 0.904392 0.875523 0.824958 0.835899 0.911066 0.934448 0.836981 0.990229 0.615531 0.664102 0.607540 0.696430 0.725131 0.647134 0.848341 0.680033 0.734743 0.720919 0.772542 0.724668 0.988702 0.890094 0.628209 0.723703 0.481927 0.634658 0.551616 0.722930 0.635574 0.730673 0.981873 0.700274 0.478053 0.482167 0.798957 0.736144 0.727149 0.872975 0.695926 0.622415 0.901895 0.736371 0.662417 0.687579 0.778567 0.768135 0.717400 0.773785 0.915722 0.962675 0.943628 0.898622 0.959328 0.818489 0.832501 0.848572 0.663283 0.659165 0.801081 0.757308 0.821011 0.836854 0.838202 0.968046 0.677897 0.688586 0.721044 0.687051 0.684581 0.798616 0.853312 0.838187 0.975172 0.880431 0.871153 0.831908 0.828222 0.879496 0.759374 0.827805 0.925860 0.915101
0.556125 0.596558 0.901406 0.933104 0.765981 0.710286 0.498635 0.478417 0.728538 0.566043 0.471316 0.638597 0.696070 0.644818 0.994338 0.996678 0.584095 0.610016 0.411087 0.545423 0.988061 0.915810 0.835895 0.823307 0.715101 0.770516 0.888308 0.861963 0.621683 0.669473 0.895759 0.675975 0.476930 0.000000 0.936055 0.886974 0.849233 0.951637 0.882836 0.973905 0.928899 0.891834 0.601922 0.555338 0.432084 0.516925 0.727107 0.560104 0.625272 0.563940 0.592581 0.565007 0.751562 0.610855 0.953428 0.944785 0.571539 0.727798 0.525696 0.728809 0.464409 0.700758 0.541433 0.655251 0.867105 0.831537 0.493263 0.470769 0.796307 0.731740 0.749070 0.848046 0.717405 0.597340 0.876698 0.574211 0.608292 0.624387 0.829864 0.826228 0.777790 0.804261 0.999580 0.880365 0.934700 0.937614 0.950422 0.877469 0.866716 0.788010 0.531062 0.584378 0.719668 0.708651 0.817905 0.821228 0.780361 0.853390 0.529637 0.563397 0.582044 0.717709 0.689827 0.726505 0.832801 0.816012 0.801625 0.749306 0.942348 0.904408 0.799209 0.637596 0.591625 0.832255 0.904975 0.951394
0.933268 0.867686 0.740537 0.668673 0.852031 0.806109 0.890278 0.820665 0.935225 0.674311 0.808368 0.706067 0.861924 0.890620 0.938233 0.775645 0.763129 0.745249 0.938956 0.982945 0.807613 0.963255 0.575144 0.640409 0.627009 0.789629 0.683823 0.699148 0.780284 0.614232 0.735667 0.873166 0.904392 0.936055 0.000000 0.755748 0.867377 0.919013 0.983600 0.986060 0.862499 0.984035 0.825152 0.801367 0.735086 0.664183 0.933536 0.851540 0.664099 0.836808 0.825925 0.856084 0.866051 0.963926 0.717314 0.882406 0.813114 0.884210 0.933266 0.902602 0.895917 0.826621 0.820870 0.746637 0.627513 0.741993 0.741345 0.839379 0.968429 0.895104 0.884396 0.999599 0.867582 0.944489 0.981045 0.992124 0.888663 0.985601 0.803717 0.795188 0.944647 0.994898 0.906738 0.856642 0.583727 0.613940 0.938970 0.884618 0.873988 0.819681 0.867414 0.961168 0.908843 0.876074 0.885825 0.921131 0.890232 0.899296 0.762033 0.833869 0.746457 0.965884 0.876283 0.810672 0.851449 0.994657 0.911554 0.934783 0.997406 0.950077 0.913711 0.726445 0.703825 0.787970 0.990380 0.870745
0.855745 0.915059 0.816782 0.844533 0.795583 0.804140 0.961605 0.889302 0.850471 0.889704 0.859661 0.850545 0.857569 0.854304 0.929551 0.736254 0.889798 0.831181 0.954470 0.996741 0.825874 0.956674 0.681082 0.928999 0.823962 0.918723 0.905360 0.948017 0.822781 0.777039 0.947557 0.951861 0.875523 0.886974 0.755748 0.000000 0.915702 0.800521 0.951161 0.925633 0.762985 0.967518 0.835838 0.836023 0.966392 0.871958 0.913578 0.939578 0.870932 0.991312 0.950657 0.947194 0.906249 0.941603 0.848516 0.965433 0.853792 0.955636 0.867692 0.739134 0.923472 0.918323 0.999676 0.927647 0.792603 0.724873 0.636989 0.695416 0.953642 0.971239 0.964654 0.997220 0.838780 0.874995 0.840300 0.990250 0.900894 0.980823 0.996598 0.905189 0.981828 0.997795 0.914618 0.971265 0.690091 0.661158 0.960327 0.919736 0.983422 0.903930 0.894037 0.946995 0.945216 0.970484 0.953181 0.973251 0.897740 0.980941 0.803808 0.885017 0.725238 0.984900 0.802794 0.916714 0.784262 0.891179 0.947790 0.981106 0.970281 0.902722 0.945886 0.965066 0.965731 0.986990 0.983002 0.872820
0.945670 0.937668 0.882239 0.760897 0.995352 0.933794 0.996417 0.910138 0.758566 0.908170 0.981086 0.873960 0.917929 0.908572 0.872417 0.822088 0.937145 0.978681 0.988713 0.782060 0.934085 0.814084 0.932350 0.911006 0.832300 0.779083 0.907619 0.994111 0.988601 0.923929 0.844146 0.806032 0.824958 0.849233 0.867377 0.915702 0.000000 0.822617 0.882972 0.746501 0.715353 0.806031 0.982899 0.918709 0.941388 0.831686 0.911799 0.939324 0.968761 0.894716 0.788326 0.827082 0.815165 0.789842 0.862678 0.973899 0.947473 0.917359 0.797798 0.664077 0.878032 0.697709 0.864772 0.947369 0.808787 0.689186 0.979591 0.864895 0.847310 0.806701 0.981535 0.904830 0.765020 0.880243 0.989107 0.877210 0.930653 0.944434 0.939894 0.931421 0.904379 0.941569 0.898276 0.813680 0.968770 0.927677 0.868993 0.985529 0.859929 0.799277 0.948198 0.901075 0.998823 0.969170 0.733169 0.927973 0.961959 0.911125 0.972669 0.879044 0.951018 0.926771 0.989848 0.894851 0.961063 0.854318 0.955724 0.928624 0.772762 0.990203 0.998868 0.895897 0.940477 0.990658 0.937798 0.896110
0.956671 0.881413 0.997445 0.855065 0.887772 0.980296 0.890676 0.988621 0.862875 0.878207 0.811824 0.989524 0.736018 0.855662 0.708986 0.985045 0.918476 0.983538 0.883387 0.982079 0.970083 0.910386 0.922558 0.936934 0.760430 0.764024 0.983774 0.988270 0.957511 0.938251 0.930878 0.929093 0.835899 0.951637 0.919013 0.800521 0.822617 0.000000 0.872546 0.943383 0.796648 0.993893 0.958090 0.915516 0.957516 0.937162 0.952136 0.936421 0.960015 0.920763 0.949377 0.945963 0.936935 0.954827 0.962459 0.871837 0.950888 0.900843 0.913754 0.671184 0.983933 0.732995 0.847996 0.908055 0.882966 0.698109 0.952867 0.856710 0.814269 0.897325 0.912041 0.983896 0.874612 0.998029 0.797333 0.992750 0.996558 0.942699 0.915050 0.865964 0.871579 0.855509 0.957875 0.917616 0.964099 0.905651 0.961264 0.913382 0.842604 0.919078 0.837279 0.744245 0.923935 0.906016 0.987288 0.914334 0.923793 0.896866 0.906491 0.797867 0.983778 0.952442 0.914344 0.979647 0.784555 0.896938 0.991196 0.845324 0.991677 0.923681 0.900581 0.958180 0.968591 0.918376 0.925888 0.923339
