0.000000 0.306910 0.933897 0.781297 0.929421 0.788293 0.986655 0.903325 0.718919 0.753662 0.473466 0.372275 0.553092 0.510743 0.827221 0.694407 0.426519 0.347585 0.444089 0.365778 0.933547 0.723993 0.901264 0.792030 0.805847 0.785675 0.738783 0.977335 0.720538 0.503946 0.704536 0.998746 0.887703 0.812722 0.917855 0.944437 0.828949 0.586065 0.889431 0.680226 0.784901 0.969507 0.928062 0.817808 0.963859 0.854938 0.696931 0.692703 0.785277 0.537627 0.800244 0.632651 0.962076 0.731615 0.673973 0.750678 0.373853 0.340425 0.561318 0.487549 0.880837 0.990098 0.554302 0.525509 0.895061 0.995493 0.972848 0.976373 0.365037 0.430051 0.811680 0.764206 0.838061 0.999956 0.810360 0.779420 0.979804 0.952420 0.719372 0.568164 0.331341 0.292498 0.526640 0.363764 0.625727 0.694155 0.678789 0.708564 0.834579 0.571766 0.834975 0.885255 0.890900 0.987062 0.914865 0.963898 0.866507 0.964556 0.958022 0.939940 0.750911 0.885534 0.851305 0.954383 0.988056 0.990909 0.867704 0.829485 0.953285 0.878143 0.992729 0.932944 0.973998 0.886745 0.850364 0.929476
0.306910 0.000000 0.869088 0.746192 0.991468 0.760840 0.882799 0.857030 0.769482 0.808246 0.512880 0.383847 0.599846 0.582870 0.872877 0.687987 0.378247 0.306463 0.404453 0.362117 0.958463 0.804937 0.817856 0.803191 0.738128 0.837934 0.703924 0.950738 0.628830 0.478822 0.790323 0.962370 0.847877 0.725459 0.901861 0.985106 0.889411 0.577360 0.908114 0.707736 0.903338 0.894289 0.811025 0.700672 0.939217 0.753439 0.640092 0.624886 0.715786 0.456828 0.713034 0.546887 0.940011 0.755698 0.743000 0.807407 0.280887 0.237728 0.482109 0.368119 0.798828 0.934402 0.493233 0.437323 0.849390 0.979897 0.928665 0.942197 0.442239 0.417832 0.780427 0.747029 0.825757 0.928886 0.901272 0.917563 0.955260 0.961582 0.648634 0.617903 0.348234 0.366604 0.515932 0.427517 0.593970 0.660052 0.775496 0.709944 0.870698 0.613097 0.762353 0.788001 0.872403 0.875791 0.858522 0.992688 0.989985 0.921375 0.979634 0.999376 0.798534 0.857530 0.803917 0.958814 0.963808 0.939278 0.954147 0.867158 0.933847 0.783964 0.848068 0.991597 0.922571 0.783382 0.738489 0.900776
0.933897 0.869088 0.000000 0.321564 0.736500 0.782764 0.378103 0.416943 0.558829 0.944710 0.957619 0.886076 0.626546 0.734822 0.746261 0.695922 0.825822 0.904247 0.753940 0.880747 0.816654 0.929385 0.464405 0.547973 0.450317 0.451332 0.913943 0.952497 0.867952 0.903460 0.695035 0.738517 0.585021 0.728212 0.630456 0.847233 0.642238 0.879379 0.785529 0.971420 0.932266 0.867914 0.783586 0.825798 0.814006 0.859460 0.753631 0.808353 0.781395 0.965378 0.932125 0.994926 0.901345 0.970031 0.817449 0.931110 0.946441 0.998233 0.845235 0.858316 0.387181 0.490413 0.893943 0.938530 0.321067 0.303611 0.448339 0.479544 0.919865 0.949979 0.649730 0.698721 0.824979 0.865790 0.980321 0.794050 0.871307 0.830198 0.947361 0.990199 0.887531 0.998181 0.856486 0.982723 0.572834 0.486417 0.755413 0.903536 0.807224 0.793375 0.625069 0.894162 0.524611 0.795810 0.788152 0.990812 0.742485 0.893764 0.775530 0.773574 0.797070 0.913019 0.803410 0.902181 0.586326 0.778641 0.909669 0.856046 0.648476 0.840035 0.797309 0.837720 0.823799 0.994349 0.716393 0.987358
0.781297 0.746192 0.321564 0.000000 0.706366 0.821925 0.516755 0.419612 0.674787 0.899140 0.947074 0.724491 0.495238 0.563297 0.602504 0.498917 0.932782 0.978413 0.631931 0.713978 0.846975 0.806431 0.352189 0.404671 0.440271 0.563339 0.771857 0.898192 0.922114 0.993532 0.815651 0.733544 0.708049 0.798113 0.664618 0.825695 0.630380 0.838301 0.714265 0.887504 0.894238 0.885318 0.815523 0.808595 0.917020 0.875996 0.739760 0.733109 0.843216 0.943184 0.995166 0.884113 0.869550 0.979217 0.749770 0.982885 0.873204 0.857608 0.790667 0.748935 0.479814 0.505031 0.907614 0.952577 0.308484 0.342525 0.533623 0.591910 0.774071 0.942469 0.610396 0.760236 0.932019 0.977735 0.991346 0.830093 0.814381 0.866801 0.871760 0.890799 0.933286 0.851423 0.748987 0.857977 0.484515 0.409734 0.638833 0.811591 0.658854 0.677929 0.686511 0.894285 0.579093 0.777638 0.785611 0.979949 0.658415 0.918692 0.801842 0.763133 0.877187 0.891947 0.811998 0.800028 0.565570 0.653362 0.966408 0.832848 0.628130 0.765764 0.861492 0.826412 0.884422 0.978684 0.714572 0.998056
0.929421 0.991468 0.736500 0.706366 0.000000 0.824782 0.819311 0.830012 0.821142 0.931347 0.912723 0.971328 0.771012 0.914558 0.764244 0.835084 0.837036 0.890933 0.900963 0.984946 0.933961 0.958889 0.617574 0.694548 0.743917 0.758994 0.710564 0.876695 0.907860 0.878359 0.881049 0.965742 0.961251 0.997019 0.985234 0.945845 0.870383 0.940059 0.892109 0.872862 0.992302 0.817674 0.997085 0.949448 0.925761 0.893445 0.969460 0.915232 0.821416 0.873437 0.889674 0.956809 0.894627 0.970385 0.945211 0.997251 0.933035 0.970359 0.909813 0.993046 0.833890 0.871423 0.925332 0.927692 0.685680 0.749964 0.811301 0.896648 0.954511 0.959700 0.742787 0.999099 0.953918 0.972790 0.997698 0.871030 0.885910 0.965702 0.865653 0.997486 0.901850 0.964337 0.919879 0.901486 0.766244 0.737360 0.839387 0.803815 0.890369 0.958377 0.863549 0.886169 0.789358 0.843988 0.961378 0.985168 0.802522 0.840867 0.985763 0.951818 0.972902 0.893759 0.805414 0.832293 0.886799 0.681811 0.935470 0.902584 0.960338 0.928544 0.919955 0.967075 0.963488 0.855010 0.970458 0.805738
0.788293 0.760840 0.782764 0.821925 0.824782 0.000000 0.869329 0.777325 0.781528 0.934261 0.740383 0.883166 0.954616 0.931274 0.847344 0.837353 0.572758 0.622172 0.720398 0.813697 0.842142 0.900670 0.831427 0.798018 0.800761 0.634364 0.884715 0.778512 0.713378 0.842966 0.843491 0.925603 0.898997 0.957268 0.893722 0.982598 0.893480 0.867347 0.902986 0.906328 0.918001 0.938759 0.950432 0.946894 0.914389 0.954565 0.997562 0.995562 0.927260 0.869760 0.976420 0.947062 0.801978 0.866144 0.801815 0.918224 0.598271 0.654221 0.838524 0.917141 0.826723 0.714828 0.686386 0.780393 0.804907 0.651355 0.774512 0.790831 0.877926 0.841377 0.751716 0.846680 0.802116 0.995336 0.934173 0.955522 0.958418 0.993123 0.855307 0.898822 0.756679 0.820278 0.804376 0.833047 0.885053 0.811532 0.923465 0.990400 0.986519 0.869568 0.638763 0.852210 0.662090 0.865445 0.986931 0.894169 0.689475 0.940409 0.917138 0.962684 0.834142 0.892859 0.747265 0.996290 0.815442 0.833216 0.799133 0.965964 0.929466 0.932267 0.987006 0.939474 0.903926 0.930608 0.970188 0.905489
0.986655 0.882799 0.378103 0.516755 0.819311 0.869329 0.000000 0.353035 0.520118 0.807742 0.871920 0.816258 0.836500 0.912932 0.948686 0.881501 0.994288 0.939983 0.741873 0.890553 0.876039 0.954803 0.647274 0.822532 0.715296 0.593589 0.866184 0.811701 0.877649 0.895367 0.526031 0.581525 0.406228 0.486823 0.638166 0.736885 0.737940 0.938536 0.969882 0.912749 0.896311 0.873920 0.525611 0.596787 0.479082 0.545923 0.624384 0.628137 0.877372 0.808041 0.768100 0.813177 0.687863 0.769275 0.952743 0.981943 0.930064 0.986221 0.635914 0.704014 0.306432 0.436022 0.835410 0.790650 0.602015 0.486595 0.323992 0.315314 0.916627 0.905614 0.740729 0.709800 0.690086 0.743145 0.963472 0.715960 0.719575 0.631258 0.908539 0.877594 0.993161 0.929609 0.946493 0.925410 0.811549 0.739358 0.966904 0.950192 0.941563 0.960907 0.679887 0.918015 0.672667 0.930340 0.798101 0.950974 0.778065 0.768752 0.547365 0.570025 0.568422 0.888269 0.916397 0.847998 0.599818 0.729398 0.871097 0.790130 0.718145 0.825660 0.664040 0.796135 0.646497 0.816349 0.621460 0.964441
0.903325 0.857030 0.416943 0.419612 0.830012 0.777325 0.353035 0.000000 0.505684 0.692347 0.835446 0.692782 0.751582 0.775837 0.885925 0.717717 0.971262 0.923437 0.653378 0.781063 0.981931 0.943631 0.645520 0.788475 0.738866 0.609566 0.944675 0.957880 0.925680 0.891374 0.596818 0.572767 0.481267 0.478484 0.740783 0.852188 0.569464 0.830467 0.907893 0.956513 0.928399 0.981968 0.465229 0.495026 0.572639 0.542083 0.492135 0.468301 0.846647 0.714920 0.697527 0.681353 0.698263 0.649828 0.834779 0.991241 0.937701 0.974700 0.625041 0.665411 0.373387 0.303699 0.960240 0.778266 0.636188 0.429125 0.461691 0.376917 0.943648 0.972721 0.608468 0.635623 0.736242 0.823562 0.997154 0.805333 0.686106 0.656839 0.934200 0.833021 0.982067 0.956247 0.953256 0.974353 0.852602 0.742029 0.925802 0.910934 0.996033 0.960872 0.612384 0.857412 0.706201 0.965889 0.858311 0.890440 0.684231 0.833427 0.501270 0.474080 0.546965 0.927644 0.836574 0.816339 0.537874 0.704475 0.954126 0.701436 0.698058 0.750852 0.701813 0.720440 0.633120 0.759246 0.636043 0.949929
0.718919 0.769482 0.558829 0.674787 0.821142 0.781528 0.520118 0.505684 0.000000 0.673577 0.960062 0.810951 0.933399 0.933920 0.957141 0.977748 0.741942 0.646496 0.997827 0.787032 0.968560 0.884673 0.799297 0.968360 0.885604 0.527259 0.815097 0.937168 0.971720 0.848040 0.489923 0.602440 0.563620 0.683182 0.706194 0.921437 0.839589 0.857876 0.964397 0.943080 0.938857 0.937978 0.629809 0.694063 0.626992 0.707679 0.743086 0.797256 0.985656 0.987275 0.860681 0.969194 0.756608 0.658783 0.979823 0.963487 0.783061 0.663302 0.889359 0.978283 0.535263 0.518666 0.877379 0.916744 0.753423 0.585045 0.526682 0.473515 0.769464 0.702698 0.686391 0.663448 0.633326 0.774427 0.963008 0.846653 0.860992 0.751936 0.991547 0.848813 0.652214 0.590186 0.911628 0.657947 0.971449 0.946475 0.933079 0.924955 0.966244 0.936717 0.570452 0.852998 0.694033 0.867528 0.887899 0.974931 0.811804 0.839457 0.579290 0.611402 0.560238 0.991015 0.958214 0.809397 0.674024 0.734546 0.826402 0.708579 0.748800 0.916796 0.726536 0.694345 0.652906 0.850296 0.772383 0.972732
0.753662 0.808246 0.944710 0.899140 0.931347 0.934261 0.807742 0.692347 0.673577 0.000000 0.890209 0.994755 0.617423 0.629728 0.727921 0.748314 0.964701 0.803390 0.929298 0.873807 0.830988 0.850408 0.796824 0.551748 0.680543 0.988866 0.704910 0.848400 0.743463 0.861351 0.615420 0.666493 0.751408 0.621075 0.900380 0.991801 0.842150 0.854352 0.868893 0.965130 0.893323 0.778655 0.482939 0.541904 0.498343 0.492994 0.745160 0.646681 0.567488 0.747124 0.655651 0.861608 0.779974 0.548053 0.862932 0.970986 0.866546 0.776419 0.823694 0.966052 0.845281 0.643352 0.951825 0.794443 0.726894 0.938364 0.860492 0.721098 0.806059 0.879007 0.829059 0.717855 0.606965 0.663810 0.914021 0.868157 0.735027 0.661564 0.952928 0.888946 0.838157 0.618404 0.767550 0.722241 0.563814 0.596577 0.610334 0.698080 0.791246 0.610810 0.871234 0.921909 0.873549 0.769653 0.929419 0.889479 0.926898 0.795778 0.503222 0.503049 0.576206 0.844229 0.607139 0.626327 0.832043 0.862079 0.992032 0.644412 0.926678 0.870447 0.722990 0.649824 0.624815 0.761064 0.906861 0.913594
0.473466 0.512880 0.957619 0.947074 0.912723 0.740383 0.871920 0.835446 0.960062 0.890209 0.000000 0.540762 0.954047 0.909170 0.783483 0.930247 0.485210 0.434783 0.527644 0.526008 0.977103 0.995319 0.842501 0.892604 0.954294 0.781958 0.882726 0.841301 0.571892 0.486410 0.907725 0.908865 0.747363 0.584053 0.841145 0.960330 0.907251 0.639535 0.983020 0.851056 0.864438 0.961424 0.809052 0.699153 0.832770 0.699115 0.719248 0.702102 0.699267 0.557005 0.839766 0.792349 0.900383 0.817836 0.879929 0.897504 0.476983 0.546510 0.561543 0.539092 0.891616 0.998915 0.458860 0.517143 0.910711 0.885266 0.884489 0.861696 0.590479 0.621463 0.816184 0.829189 0.991618 0.850477 0.930739 0.794743 0.885360 0.959312 0.813979 0.775151 0.549618 0.612719 0.751573 0.629926 0.972664 0.972685 0.955387 0.923994 0.992692 0.885133 0.840536 0.888114 0.842070 0.901285 0.901908 0.902375 0.953803 0.748586 0.806196 0.878845 0.990785 0.957886 0.713004 0.698851 0.881359 0.944434 0.794095 0.952815 0.934636 0.867366 0.896685 0.994047 0.801950 0.762904 0.897511 0.959020
0.372275 0.383847 0.886076 0.724491 0.971328 0.883166 0.816258 0.692782 0.810951 0.994755 0.540762 0.000000 0.576830 0.595582 0.833084 0.655178 0.478913 0.441732 0.457319 0.348848 0.989568 0.685810 0.846585 0.826794 0.842653 0.851625 0.768417 0.863415 0.601574 0.407360 0.920413 0.885084 0.776756 0.619646 0.931279 0.991192 0.717824 0.516466 0.876637 0.691819 0.863256 0.979267 0.755740 0.677369 0.839479 0.671153 0.606866 0.521507 0.636502 0.468116 0.664605 0.534151 0.872109 0.954640 0.710881 0.767555 0.471249 0.397192 0.539223 0.416858 0.735856 0.749562 0.521188 0.397075 0.903043 0.919080 0.907179 0.849188 0.483058 0.509477 0.954765 0.901253 0.923188 0.979565 0.971232 0.962946 0.903402 0.920060 0.736504 0.567209 0.348090 0.402658 0.608501 0.468179 0.714190 0.741155 0.725567 0.782770 0.944835 0.763772 0.853606 0.899450 0.854111 0.796891 0.935101 0.918939 0.778069 0.836128 0.863439 0.867317 0.999066 0.950872 0.761836 0.834020 0.850806 0.883807 0.838948 0.929479 0.877190 0.768649 0.863651 0.903281 0.939859 0.752870 0.814041 0.964073
0.553092 0.599846 0.626546 0.495238 0.771012 0.954616 0.836500 0.751582 0.933399 0.617423 0.954047 0.576830 0.000000 0.308982 0.387991 0.360369 0.857041 0.739200 0.593763 0.588206 0.856090 0.601214 0.436473 0.401779 0.584558 0.900333 0.639674 0.932382 0.968656 0.907533 0.843323 0.972907 0.945259 0.945160 0.987527 0.960925 0.846968 0.847226 0.838737 0.838204 0.860028 0.845606 0.961421 0.998150 0.799237 0.903810 0.828706 0.854042 0.817499 0.890005 0.990623 0.716921 0.892994 0.942106 0.768400 0.817331 0.725191 0.631813 0.883421 0.696356 0.712886 0.761661 0.967440 0.860087 0.489284 0.595244 0.943665 0.984482 0.689850 0.710692 0.808979 0.959129 0.904680 0.917035 0.885211 0.957001 0.972168 0.874359 0.876409 0.706332 0.683117 0.533944 0.615926 0.629106 0.375854 0.420723 0.509023 0.618461 0.738921 0.546553 0.839710 0.771870 0.743226 0.798958 0.887253 0.912136 0.701922 0.982987 0.943624 0.976401 0.826158 0.940333 0.792187 0.793452 0.780195 0.895949 0.966612 0.946515 0.766092 0.954432 0.997577 0.982177 0.939179 0.982669 0.827318 0.997043
0.510743 0.582870 0.734822 0.563297 0.914558 0.931274 0.912932 0.775837 0.933920 0.629728 0.909170 0.595582 0.308982 0.000000 0.416345 0.308217 0.781234 0.702110 0.623780 0.596502 0.897320 0.597210 0.519058 0.419483 0.638669 0.881146 0.663991 0.814089 0.989482 0.829896 0.813787 0.949929 0.925558 0.999471 0.956886 0.950076 0.895333 0.823218 0.854478 0.794351 0.949552 0.841485 0.986802 0.910664 0.835756 0.973799 0.717873 0.812464 0.900982 0.790794 0.875358 0.617672 0.809434 0.935165 0.738890 0.814988 0.688949 0.615096 0.814905 0.629931 0.732458 0.771253 0.930707 0.825453 0.579606 0.621195 0.961244 0.971481 0.686584 0.665547 0.967575 0.850518 0.877929 0.830745 0.827230 0.923898 0.994101 0.852564 0.812200 0.638691 0.627410 0.517075 0.515360 0.587930 0.409242 0.410469 0.548781 0.629609 0.698271 0.537809 0.902443 0.885457 0.880800 0.866009 0.918156 0.951955 0.751750 0.993358 0.970023 0.985117 0.799396 0.873335 0.873887 0.928179 0.852298 0.887686 0.974148 0.865191 0.824307 0.937888 0.983310 0.965545 0.941879 0.930724 0.744708 0.994549
0.827221 0.872877 0.746261 0.602504 0.764244 0.847344 0.948686 0.885925 0.957141 0.727921 0.783483 0.833084 0.387991 0.416345 0.000000 0.333705 0.981823 0.954363 0.846820 0.855028 0.909653 0.691738 0.398067 0.421636 0.615183 0.854879 0.654497 0.798497 0.939110 0.956524 0.942657 0.899593 0.983930 0.871249 0.931574 0.954589 0.914276 0.899869 0.861114 0.967535 0.956798 0.849278 0.971130 0.947699 0.823765 0.880054 0.897072 0.950794 0.780209 0.956005 0.990097 0.817197 0.783392 0.963210 0.863353 0.818334 0.923056 0.864443 0.999905 0.888426 0.787102 0.777014 0.903959 0.988394 0.507063 0.636752 0.999897 0.977526 0.868479 0.932278 0.779734 0.955747 0.954767 0.917017 0.982052 0.984664 0.955842 0.905878 0.824526 0.811316 0.877338 0.779954 0.651637 0.770648 0.430123 0.468696 0.587882 0.600965 0.675165 0.623967 0.899057 0.892783 0.867556 0.831345 0.883803 0.981791 0.702927 0.987082 0.943108 0.999987 0.833333 0.833660 0.739951 0.763008 0.710948 0.807584 0.862786 0.989081 0.738091 0.960159 0.996496 0.933409 0.989036 0.884855 0.900759 0.941746
0.694407 0.687987 0.695922 0.498917 0.835084 0.837353 0.881501 0.717717 0.977748 0.748314 0.930247 0.655178 0.360369 0.308217 0.333705 0.000000 0.873246 0.832175 0.730938 0.703264 0.953566 0.643957 0.390020 0.372188 0.595943 0.827311 0.699247 0.776570 0.996212 0.875661 0.997263 0.853447 0.916237 0.981057 0.907159 0.980376 0.867136 0.840378 0.784406 0.898847 0.964930 0.876113 0.880261 0.860505 0.900460 0.957721 0.703147 0.758754 0.906919 0.825447 0.831066 0.621888 0.674748 0.915029 0.775241 0.816273 0.792602 0.713573 0.815823 0.678358 0.696180 0.659533 0.983612 0.835277 0.520813 0.575856 0.909845 0.907382 0.801624 0.791645 0.808638 0.939968 0.884965 0.921289 0.934380 0.977551 0.974153 0.990106 0.737452 0.747030 0.730796 0.672533 0.553802 0.638724 0.404766 0.391324 0.619061 0.656758 0.641830 0.583950 0.879664 0.897347 0.866789 0.955986 0.901311 0.993134 0.703738 0.952221 0.991314 0.907113 0.882477 0.826017 0.857640 0.863839 0.681292 0.753412 0.923403 0.992185 0.722040 0.903588 0.912641 0.901314 0.961405 0.923136 0.693238 0.991567
0.426519 0.378247 0.825822 0.932782 0.837036 0.572758 0.994288 0.971262 0.741942 0.964701 0.485210 0.478913 0.857041 0.781234 0.981823 0.873246 0.000000 0.302463 0.501195 0.450426 0.859286 0.884483 0.925971 0.928623 0.961636 0.592437 0.841957 0.887041 0.465217 0.394319 0.807793 0.981114 0.866697 0.713852 0.998100 0.971198 0.988837 0.620385 0.894669 0.776438 0.978127 0.984545 0.769958 0.648107 0.871645 0.677082 0.684444 0.638923 0.559819 0.431582 0.649322 0.547562 0.929524 0.870225 0.898976 0.744969 0.311690 0.315898 0.510702 0.463037 0.988628 0.885397 0.367080 0.357315 0.822522 0.677786 0.907915 0.941863 0.570753 0.463326 0.644591 0.698009 0.891641 0.904091 0.999888 0.862149 0.927576 0.881457 0.565065 0.621756 0.309327 0.453682 0.564324 0.457782 0.885072 0.999422 0.973357 0.771526 0.968467 0.781047 0.630725 0.771565 0.610291 0.747430 0.857946 0.885931 0.894488 0.775273 0.895979 0.940877 0.833405 0.947095 0.637499 0.807419 0.890495 0.916120 0.876228 0.907427 0.971402 0.866322 0.836287 0.983315 0.907945 0.742548 0.775758 0.873808
0.347585 0.306463 0.904247 0.978413 0.890933 0.622172 0.939983 0.923437 0.646496 0.803390 0.434783 0.441732 0.739200 0.702110 0.954363 0.832175 0.302463 0.000000 0.444986 0.399393 0.948161 0.843194 0.996615 0.922254 0.970953 0.621836 0.761111 0.917852 0.540609 0.432066 0.676719 0.921301 0.927215 0.800991 0.956058 0.969828 0.991657 0.599261 0.992152 0.766663 0.914338 0.995653 0.963159 0.807560 0.959621 0.850700 0.787076 0.767922 0.722838 0.516058 0.832269 0.684407 0.930382 0.682752 0.812509 0.796515 0.276127 0.256988 0.573415 0.485670 0.965415 0.811611 0.392978 0.404969 0.962684 0.749168 0.897162 0.860966 0.472433 0.431761 0.731435 0.625526 0.780192 0.988094 0.899735 0.845797 0.993608 0.966744 0.626354 0.667609 0.331010 0.361769 0.518060 0.376663 0.737378 0.868841 0.817386 0.715961 0.908293 0.665473 0.617169 0.797879 0.696242 0.851878 0.880989 0.932181 0.969047 0.841857 0.947809 0.928388 0.701122 0.891390 0.751538 0.953955 0.903075 0.912595 0.852475 0.790498 0.893312 0.858899 0.946137 0.903833 0.950072 0.778365 0.897689 0.897241
0.444089 0.404453 0.753940 0.631931 0.900963 0.720398 0.741873 0.653378 0.997827 0.929298 0.527644 0.457319 0.593763 0.623780 0.846820 0.730938 0.501195 0.444986 0.000000 0.409039 0.931878 0.738825 0.730975 0.749873 0.787238 0.898685 0.699413 0.852244 0.646463 0.606639 0.912260 0.838034 0.749166 0.664969 0.933364 0.991860 0.760278 0.635394 0.954065 0.844270 0.831482 0.913825 0.782638 0.666905 0.925516 0.759297 0.663281 0.582235 0.826627 0.560379 0.861205 0.658495 0.985476 0.910232 0.878357 0.896986 0.419097 0.429019 0.597052 0.511691 0.735285 0.828520 0.581708 0.518163 0.785298 0.886137 0.875390 0.858406 0.557962 0.643527 0.968315 0.915184 0.933168 0.972726 0.961902 0.983982 0.882864 0.911450 0.708824 0.613811 0.528842 0.555145 0.600252 0.564157 0.699817 0.770489 0.776122 0.795614 0.928335 0.790624 0.897607 0.922770 0.934425 0.974645 0.829171 0.974563 0.873503 0.879065 0.789449 0.780735 0.955681 0.984057 0.763340 0.963732 0.855515 0.964178 0.812354 0.956326 0.950069 0.661097 0.842732 0.928983 0.849560 0.726236 0.808684 0.960336
0.365778 0.362117 0.880747 0.713978 0.984946 0.813697 0.890553 0.781063 0.787032 0.873807 0.526008 0.348848 0.588206 0.596502 0.855028 0.703264 0.450426 0.399393 0.409039 0.000000 0.998050 0.717462 0.852047 0.803490 0.827252 0.851207 0.704734 0.940123 0.672281 0.510443 0.779618 0.994593 0.862377 0.734939 0.975106 0.934264 0.726975 0.513423 0.877857 0.630392 0.850775 0.932703 0.859342 0.770213 0.972481 0.834531 0.650576 0.618848 0.755443 0.494300 0.794511 0.595171 0.949887 0.874390 0.700041 0.771525 0.427415 0.351102 0.611335 0.468331 0.863589 0.904200 0.604627 0.479379 0.884128 0.972021 0.982044 0.981355 0.430721 0.436435 0.944382 0.848612 0.821123 0.973780 0.920166 0.924354 0.893608 0.928888 0.700994 0.674147 0.386605 0.404988 0.593709 0.424821 0.657485 0.750020 0.731166 0.781486 0.892927 0.697470 0.890922 0.934856 0.913730 0.951646 0.898769 0.933258 0.815729 0.908170 0.923540 0.931556 0.942677 0.970552 0.807732 0.990067 0.878826 0.955743 0.861383 0.997334 0.896773 0.719714 0.971389 0.987505 0.999621 0.846380 0.812947 0.834381
0.933547 0.958463 0.816654 0.846975 0.933961 0.842142 0.876039 0.981931 0.968560 0.830988 0.977103 0.989568 0.856090 0.897320 0.909653 0.953566 0.859286 0.948161 0.931878 0.998050 0.000000 0.983782 0.924658 0.846411 0.798775 0.846848 0.979421 0.986205 0.913938 0.935118 0.920057 0.911325 0.855014 0.962568 0.830941 0.815952 0.831574 0.892083 0.898161 0.987521 0.936578 0.950149 0.955083 0.898293 0.894976 0.968177 0.959141 0.851142 0.994542 0.939961 0.989340 0.921473 0.919232 0.824930 0.862585 0.925227 0.919477 0.983779 0.935915 0.991721 0.764406 0.920617 0.968027 0.933836 0.780163 0.754642 0.753130 0.830712 0.955154 0.982931 0.991518 0.888878 0.994851 0.916035 0.911821 0.913534 0.915199 0.886752 0.908643 0.987705 0.960450 0.884381 0.947725 0.960198 0.752039 0.693412 0.814623 0.908941 0.835398 0.818027 0.918954 0.874629 0.800957 0.949393 0.980577 0.923147 0.990857 0.912029 0.923229 0.825223 0.906741 0.984798 0.827456 0.914557 0.961658 0.879959 0.805168 0.992799 0.977801 0.895132 0.883815 0.861526 0.939663 0.848336 0.925913 0.925626
0.723993 0.804937 0.929385 0.806431 0.958889 0.900670 0.954803 0.943631 0.884673 0.850408 0.995319 0.685810 0.601214 0.597210 0.691738 0.643957 0.884483 0.843194 0.738825 0.717462 0.983782 0.000000 0.739865 0.719944 0.832801 0.998878 0.716388 0.945176 0.969518 0.949339 0.900331 0.967920 0.970696 0.882133 0.909988 0.829210 0.855860 0.791965 0.867445 0.687419 0.988427 0.895645 0.998708 0.954804 0.811516 0.939712 0.900537 0.883517 0.935005 0.837235 0.937429 0.767064 0.848495 0.991925 0.836492 0.808110 0.804844 0.774557 0.967450 0.853490 0.916449 0.925217 0.940766 0.874462 0.838202 0.904779 0.834747 0.886222 0.772294 0.785585 0.962414 0.999881 0.996223 0.844580 0.738799 0.984055 0.917323 0.851235 0.912721 0.732599 0.748340 0.674253 0.703762 0.643900 0.721634 0.747854 0.634509 0.716050 0.771285 0.783811 0.940975 0.891192 0.982480 0.941185 0.955255 0.877212 0.738795 0.956126 0.983246 0.977502 0.941473 0.928701 0.980589 0.949971 0.871461 0.930632 0.841166 0.901041 0.826375 0.851216 0.966328 0.880783 0.957975 0.867016 0.812357 0.967976
0.901264 0.817856 0.464405 0.352189 0.617574 0.831427 0.647274 0.645520 0.799297 0.796824 0.842501 0.846585 0.436473 0.519058 0.398067 0.390020 0.925971 0.996615 0.730975 0.852047 0.924658 0.739865 0.000000 0.331681 0.494087 0.660232 0.689591 0.853386 0.932738 0.950772 0.916949 0.838957 0.864316 0.994181 0.799513 0.911907 0.780448 0.926197 0.838077 0.992981 0.981052 0.823481 0.921202 0.947072 0.946029 0.977483 0.897162 0.903393 0.752003 0.938748 0.940702 0.898143 0.746399 0.956981 0.884153 0.951865 0.917334 0.859946 0.972332 0.860779 0.589067 0.648169 0.890475 0.981949 0.306111 0.462610 0.692158 0.796088 0.929216 0.995378 0.639213 0.842265 0.930028 0.981484 0.966354 0.789256 0.917637 0.955934 0.821842 0.911473 0.969426 0.909082 0.705866 0.863593 0.378409 0.388617 0.654758 0.713783 0.686474 0.654748 0.763135 0.867961 0.664381 0.774734 0.779559 0.968521 0.682585 0.971593 0.943192 0.826946 0.941538 0.859377 0.742617 0.671763 0.633386 0.657838 0.917476 0.908015 0.687358 0.807498 0.907919 0.814840 0.906488 0.951555 0.769231 0.976177
0.792030 0.803191 0.547973 0.404671 0.694548 0.798018 0.822532 0.788475 0.968360 0.551748 0.892604 0.826794 0.401779 0.419483 0.421636 0.372188 0.928623 0.922254 0.749873 0.803490 0.846411 0.719944 0.331681 0.000000 0.440514 0.701077 0.597361 0.755906 0.849327 0.951294 0.957400 0.929178 0.936474 0.891961 0.857176 0.879692 0.887960 0.969478 0.673661 0.965660 0.900083 0.825411 0.856649 0.888772 0.752069 0.795311 0.975557 0.993383 0.646135 0.904412 0.804162 0.977400 0.919543 0.821009 0.776084 0.980226 0.914290 0.833188 0.959706 0.875000 0.736883 0.811278 0.873937 0.925154 0.350628 0.499989 0.831601 0.902718 0.800893 0.970049 0.769130 0.926496 0.893315 0.787967 0.918496 0.941659 0.974352 0.922284 0.809575 0.833660 0.882113 0.727426 0.643774 0.735694 0.349946 0.326470 0.527401 0.626834 0.562049 0.562203 0.891178 0.926717 0.722754 0.818673 0.812015 0.928659 0.704804 0.966025 0.850627 0.927138 0.807573 0.847561 0.629117 0.653831 0.726475 0.805221 0.989881 0.956427 0.818693 0.925456 0.945089 0.945868 0.935673 0.892096 0.849847 0.973067
0.805847 0.738128 0.450317 0.440271 0.743917 0.800761 0.715296 0.738866 0.885604 0.680543 0.954294 0.842653 0.584558 0.638669 0.615183 0.595943 0.961636 0.970953 0.787238 0.827252 0.798775 0.832801 0.494087 0.440514 0.000000 0.538826 0.634895 0.810097 0.859567 0.945398 0.872845 0.817796 0.800015 0.924269 0.726392 0.927172 0.711268 0.835679 0.642063 0.908055 0.822076 0.807577 0.992062 0.989452 0.956695 0.946424 0.874368 0.947947 0.760047 0.973499 0.865017 0.972270 0.989704 0.726440 0.746973 0.904207 0.863172 0.855036 0.915761 0.833592 0.655849 0.776249 0.885966 0.913313 0.385114 0.506715 0.676753 0.743413 0.717723 0.924412 0.893095 0.849325 0.974020 0.980969 0.959479 0.963410 0.953198 0.978418 0.753744 0.873220 0.910605 0.768675 0.676204 0.819564 0.433079 0.387327 0.710399 0.657066 0.656230 0.596337 0.931453 0.878621 0.725412 0.921982 0.763332 0.923464 0.809789 0.940489 0.916134 0.908408 0.899911 0.739256 0.712047 0.763454 0.709215 0.811128 0.872925 0.985534 0.729365 0.882932 0.943003 0.972733 0.966721 0.808197 0.770859 0.956745
0.785675 0.837934 0.451332 0.563339 0.758994 0.634364 0.593589 0.609566 0.527259 0.988866 0.781958 0.851625 0.900333 0.881146 0.854879 0.827311 0.592437 0.621836 0.898685 0.851207 0.846848 0.998878 0.660232 0.701077 0.538826 0.000000 0.976710 0.841827 0.692338 0.764692 0.571049 0.713686 0.661897 0.841543 0.695728 0.855983 0.710305 0.934679 0.694741 0.928858 0.945087 0.999758 0.830423 0.916813 0.815134 0.916572 0.812587 0.935458 0.793371 0.847287 0.981771 0.929859 0.816439 0.973079 0.844815 0.949330 0.734748 0.710202 0.969691 0.924037 0.545047 0.568786 0.667053 0.709413 0.525346 0.406353 0.518420 0.512672 0.889314 0.805832 0.720621 0.675106 0.753269 0.926408 0.946589 0.870754 0.956931 0.905419 0.956253 0.880881 0.697508 0.746559 0.934800 0.736870 0.739172 0.630694 0.909170 0.914226 0.838471 0.901617 0.697486 0.987430 0.624905 0.939401 0.840789 0.917439 0.800480 0.982044 0.849468 0.942982 0.755804 0.840942 0.744814 0.910309 0.664855 0.729281 0.873001 0.907728 0.719617 0.912603 0.832846 0.993089 0.998899 0.897200 0.766723 0.982470
0.738783 0.703924 0.913943 0.771857 0.710564 0.884715 0.866184 0.944675 0.815097 0.704910 0.882726 0.768417 0.639674 0.663991 0.654497 0.699247 0.841957 0.761111 0.699413 0.704734 0.979421 0.716388 0.689591 0.597361 0.634895 0.976710 0.000000 0.855747 0.987475 0.982805 0.761313 0.974087 0.803665 0.831826 0.918502 0.920235 0.928845 0.702915 0.801804 0.902479 0.876154 0.887396 0.752128 0.849737 0.614369 0.722382 0.990173 0.909870 0.779820 0.992637 0.773511 0.973463 0.880379 0.792384 0.888932 0.921279 0.759026 0.705115 0.914868 0.907970 0.913365 0.867273 0.963265 0.985231 0.740448 0.942736 0.836062 0.806512 0.666021 0.810441 0.994158 0.838781 0.827388 0.817634 0.960294 0.989492 0.977662 0.803203 0.747329 0.938913 0.778785 0.647111 0.732394 0.746799 0.613065 0.687210 0.690503 0.598563 0.833202 0.629825 0.899770 0.971751 0.997394 0.855654 0.892358 0.925647 0.894772 0.963862 0.777843 0.870403 0.717872 0.919691 0.876301 0.757009 0.957040 0.884887 0.949028 0.946832 0.984285 0.839444 0.878762 0.989514 0.856489 0.857907 0.954563 0.994132
0.977335 0.950738 0.952497 0.898192 0.876695 0.778512 0.811701 0.957880 0.937168 0.848400 0.841301 0.863415 0.932382 0.814089 0.798497 0.776570 0.887041 0.917852 0.852244 0.940123 0.986205 0.945176 0.853386 0.755906 0.810097 0.841827 0.855747 0.000000 0.687533 0.781407 0.949130 0.868958 0.860105 0.837120 0.988250 0.916518 0.873223 0.910658 0.800835 0.966368 0.921627 0.958329 0.889915 0.857323 0.760544 0.812340 0.955062 0.914158 0.779311 0.871451 0.838927 0.872759 0.930850 0.794836 0.904112 0.980092 0.946008 0.939192 0.821301 0.848163 0.878522 0.946251 0.700308 0.767006 0.836706 0.876293 0.871819 0.870880 0.881772 0.865508 0.969146 0.921110 0.846741 0.813270 0.848026 0.983013 0.934649 0.887363 0.964232 0.858373 0.901515 0.977346 0.915805 0.931149 0.842130 0.784970 0.895407 0.869393 0.829487 0.751320 0.993377 0.910808 0.995723 0.991235 0.993204 0.940601 0.938636 0.846599 0.839049 0.797074 0.768828 0.684254 0.766914 0.737569 0.961651 0.956915 0.932495 0.905147 0.862539 0.841839 0.828695 0.924120 0.867242 0.813581 0.904035 0.937124
0.720538 0.628830 0.867952 0.922114 0.907860 0.713378 0.877649 0.925680 0.971720 0.743463 0.571892 0.601574 0.968656 0.989482 0.939110 0.996212 0.465217 0.540609 0.646463 0.672281 0.913938 0.969518 0.932738 0.849327 0.859567 0.692338 0.987475 0.687533 0.000000 0.384846 0.917506 0.735252 0.691000 0.609938 0.982738 0.847675 0.951588 0.747955 0.849590 0.888148 0.901242 0.929676 0.676883 0.603199 0.624441 0.525958 0.689097 0.645683 0.484025 0.487265 0.628612 0.663798 0.852644 0.944289 0.955090 0.835963 0.548463 0.575807 0.570358 0.571086 0.859993 0.968891 0.412858 0.401029 0.806105 0.750612 0.929676 0.912137 0.802969 0.830559 0.766537 0.760378 0.943734 0.765269 0.926156 0.993105 0.942579 0.768179 0.690766 0.780634 0.553820 0.788875 0.757266 0.697234 0.993849 0.888935 0.854341 0.970663 0.889016 0.986604 0.707238 0.703377 0.592147 0.650209 0.898101 0.855053 0.982401 0.872513 0.814282 0.815376 0.992528 0.957016 0.586052 0.698830 0.972886 0.991282 0.901854 0.974379 0.957000 0.873276 0.763074 0.868704 0.757217 0.669183 0.815330 0.998645
0.503946 0.478822 0.903460 0.993532 0.878359 0.842966 0.895367 0.891374 0.848040 0.861351 0.486410 0.407360 0.907533 0.829896 0.956524 0.875661 0.394319 0.432066 0.606639 0.510443 0.935118 0.949339 0.950772 0.951294 0.945398 0.764692 0.982805 0.781407 0.384846 0.000000 0.989584 0.803021 0.715087 0.558063 0.905466 0.895349 0.941765 0.643945 0.957924 0.758589 0.957461 0.934836 0.678162 0.583201 0.655688 0.539164 0.607923 0.568593 0.432132 0.386601 0.569916 0.564682 0.806372 0.940133 0.859752 0.724951 0.489380 0.472551 0.496384 0.452335 0.851448 0.911197 0.408729 0.333669 0.847072 0.806818 0.899838 0.859669 0.640096 0.616275 0.759896 0.765459 0.970099 0.778108 0.978630 0.987271 0.992353 0.752595 0.629084 0.639193 0.363953 0.572562 0.631033 0.544173 0.908305 0.993988 0.997273 0.826356 0.956590 0.905319 0.729664 0.723310 0.643958 0.670764 0.934797 0.946914 0.955697 0.800398 0.835856 0.861246 0.977496 0.974233 0.620074 0.683482 0.973974 0.886182 0.853729 0.890645 0.984955 0.815038 0.814179 0.893588 0.904755 0.670506 0.710599 0.984965
0.704536 0.790323 0.695035 0.815651 0.881049 0.843491 0.526031 0.596818 0.489923 0.615420 0.907725 0.920413 0.843323 0.813787 0.942657 0.997263 0.807793 0.676719 0.912260 0.779618 0.920057 0.900331 0.916949 0.957400 0.872845 0.571049 0.761313 0.949130 0.917506 0.989584 0.000000 0.467124 0.506020 0.607129 0.729347 0.827278 0.842572 0.931146 0.816889 0.860361 0.896242 0.978746 0.488836 0.619230 0.439708 0.503105 0.691381 0.696638 0.778469 0.841963 0.705770 0.880802 0.657722 0.676426 0.898590 0.998022 0.815187 0.705112 0.806258 0.934064 0.545346 0.540287 0.953545 0.962023 0.919770 0.732051 0.559652 0.430972 0.745431 0.692317 0.892285 0.785162 0.732112 0.686032 0.947461 0.785477 0.812614 0.546076 0.955114 0.967403 0.801782 0.641181 0.977463 0.727156 0.881301 0.983957 0.758966 0.896515 0.959254 0.819260 0.888683 0.856284 0.961089 0.758568 0.949149 0.817737 0.908949 0.839150 0.656987 0.684029 0.526047 0.937017 0.899610 0.820824 0.692686 0.728175 0.853614 0.737333 0.808206 0.947977 0.718583 0.819568 0.734439 0.814571 0.712415 0.903420
0.998746 0.962370 0.738517 0.733544 0.965742 0.925603 0.581525 0.572767 0.602440 0.666493 0.908865 0.885084 0.972907 0.949929 0.899593 0.853447 0.981114 0.921301 0.838034 0.994593 0.911325 0.967920 0.838957 0.929178 0.817796 0.713686 0.974087 0.868958 0.735252 0.803021 0.467124 0.000000 0.536790 0.597213 0.725249 0.842421 0.854019 0.893638 0.860922 0.988323 0.937116 0.977312 0.463859 0.501884 0.525039 0.471518 0.551450 0.570029 0.718226 0.644460 0.633027 0.673298 0.665823 0.703416 0.922804 0.917036 0.944856 0.965301 0.618528 0.677905 0.563618 0.598497 0.874635 0.783441 0.873680 0.749332 0.622944 0.527983 0.977240 0.904330 0.902413 0.932153 0.782132 0.736035 0.968481 0.885658 0.760456 0.643366 0.807125 0.778524 0.964882 0.908649 0.810981 0.994348 0.941222 0.896882 0.964452 0.994594 0.914460 0.906098 0.864189 0.826346 0.999290 0.922135 0.962928 0.825695 0.800794 0.899788 0.544966 0.662915 0.654117 0.797930 0.749432 0.803456 0.546571 0.739295 0.832081 0.770696 0.717295 0.810009 0.762372 0.847073 0.620794 0.866127 0.601003 0.978852
0.887703 0.847877 0.585021 0.708049 0.961251 0.898997 0.406228 0.481267 0.563620 0.751408 0.747363 0.776756 0.945259 0.925558 0.983930 0.916237 0.866697 0.927215 0.749166 0.862377 0.855014 0.970696 0.864316 0.936474 0.800015 0.661897 0.803665 0.860105 0.691000 0.715087 0.506020 0.536790 0.000000 0.409778 0.660060 0.751727 0.753449 0.833402 0.909222 0.966353 0.970018 0.854883 0.485240 0.517689 0.400184 0.447487 0.471462 0.600306 0.684116 0.651183 0.638857 0.753299 0.750189 0.897615 0.811196 0.903089 0.846214 0.913683 0.551770 0.674888 0.383271 0.534295 0.688174 0.680036 0.789804 0.669076 0.457149 0.397842 0.960925 0.986154 0.933385 0.894642 0.722686 0.744997 0.882686 0.876926 0.854638 0.682785 0.834608 0.804070 0.844671 0.978918 0.799866 0.939687 0.845792 0.802461 0.947731 0.941572 0.994527 0.987165 0.915840 0.814163 0.983135 0.794398 0.787449 0.958427 0.815122 0.784555 0.605424 0.708797 0.707788 0.986457 0.837755 0.723891 0.733287 0.828596 0.976717 0.959064 0.835045 0.892362 0.684880 0.841254 0.650239 0.705996 0.644387 0.943396
0.812722 0.725459 0.728212 0.798113 0.997019 0.957268 0.486823 0.478484 0.683182 0.621075 0.584053 0.619646 0.945160 0.999471 0.871249 0.981057 0.713852 0.800991 0.664969 0.734939 0.962568 0.882133 0.994181 0.891961 0.924269 0.841543 0.831826 0.837120 0.609938 0.558063 0.607129 0.597213 0.409778 0.000000 0.727679 0.787039 0.748379 0.736527 0.934329 0.990764 0.967668 0.917974 0.409998 0.432178 0.382178 0.358186 0.467162 0.453362 0.563837 0.521409 0.556969 0.676970 0.758253 0.851722 0.931254 0.962934 0.719487 0.803842 0.439308 0.527938 0.477192 0.538962 0.581980 0.513308 0.963682 0.789523 0.512201 0.428087 0.904506 0.851819 0.977635 0.921071 0.806375 0.708530 0.982222 0.952581 0.847480 0.620305 0.805799 0.777735 0.757255 0.965754 0.846300 0.913383 0.968883 0.971367 0.904732 0.937226 0.918423 0.871112 0.960433 0.775141 0.889423 0.681227 0.879846 0.980576 0.888516 0.765797 0.587429 0.660927 0.608080 0.984546 0.696627 0.593362 0.774031 0.756913 0.961052 0.800732 0.969819 0.720509 0.694363 0.867922 0.626744 0.683084 0.701594 0.992969
0.917855 0.901861 0.630456 0.664618 0.985234 0.893722 0.638166 0.740783 0.706194 0.900380 0.841145 0.931279 0.987527 0.956886 0.931574 0.907159 0.998100 0.956058 0.933364 0.975106 0.830941 0.909988 0.799513 0.857176 0.726392 0.695728 0.918502 0.988250 0.982738 0.905466 0.729347 0.725249 0.660060 0.727679 0.000000 0.866719 0.938750 0.844166 0.741542 0.935351 0.965167 0.946813 0.779194 0.824263 0.696295 0.750407 0.768237 0.839318 0.920643 0.900620 0.931909 0.978266 0.869492 0.995227 0.755227 0.894613 0.960664 0.979660 0.762243 0.865759 0.649651 0.684700 0.927808 0.918599 0.672053 0.713367 0.515530 0.566504 0.897216 0.952899 0.794147 0.809484 0.812000 0.837906 0.855672 0.937891 0.937505 0.784403 0.858337 0.953422 0.965621 0.969317 0.775294 0.954200 0.793801 0.742246 0.946119 0.965324 0.779720 0.787840 0.887166 0.891215 0.775343 0.922847 0.837564 0.939469 0.749403 0.615572 0.780213 0.916260 0.923705 0.833168 0.949017 0.941791 0.742636 0.729025 0.683041 0.854927 0.767123 0.844391 0.897011 0.857411 0.697342 0.968631 0.752365 0.979225
0.944437 0.985106 0.847233 0.825695 0.945845 0.982598 0.736885 0.852188 0.921437 0.991801 0.960330 0.991192 0.960925 0.950076 0.954589 0.980376 0.971198 0.969828 0.991860 0.934264 0.815952 0.829210 0.911907 0.879692 0.927172 0.855983 0.920235 0.916518 0.847675 0.895349 0.827278 0.842421 0.751727 0.787039 0.866719 0.000000 0.803067 0.909184 0.829323 0.841292 0.743165 0.946752 0.938465 0.874846 0.798123 0.842974 0.950288 0.940182 0.970296 0.953325 0.955967 0.980838 0.917681 0.992139 0.939421 0.810522 0.973639 0.971917 0.852612 0.938740 0.814581 0.919448 0.910636 0.952912 0.878280 0.849129 0.725535 0.797932 0.827246 0.864936 0.975723 0.863868 0.976172 0.896433 0.957491 0.863821 0.967373 0.723029 0.980527 0.962153 0.972079 0.984742 0.993167 0.915849 0.994807 0.918483 0.886428 0.963709 0.923900 0.928724 0.976050 0.984479 0.985853 0.975312 0.896985 0.885041 0.931758 0.954029 0.983604 0.929191 0.868487 0.986475 0.986400 0.888299 0.927380 0.956450 0.973696 0.867410 0.899981 0.937049 0.853270 0.865883 0.954457 0.963796 0.860876 0.803648
0.828949 0.889411 0.642238 0.630380 0.870383 0.893480 0.737940 0.569464 0.839589 0.842150 0.907251 0.717824 0.846968 0.895333 0.914276 0.867136 0.988837 0.991657 0.760278 0.726975 0.831574 0.855860 0.780448 0.887960 0.711268 0.710305 0.928845 0.873223 0.951588 0.941765 0.842572 0.854019 0.753449 0.748379 0.938750 0.803067 0.000000 0.643431 0.824231 0.873505 0.688807 0.934670 0.748701 0.810525 0.854053 0.838358 0.730096 0.690908 0.946690 0.905206 0.933924 0.924807 0.981486 0.940539 0.705848 0.921052 0.900565 0.914761 0.877483 0.914432 0.717413 0.661072 0.918845 0.878078 0.772139 0.717387 0.804720 0.726282 0.702147 0.819663 0.808516 0.659672 0.853050 0.902574 0.958999 0.978786 0.858544 0.920615 0.961242 0.949326 0.950118 0.939514 0.910222 0.839106 0.866308 0.844801 0.844055 0.958296 0.987577 0.977979 0.912542 0.924297 0.932556 0.968633 0.915088 0.983236 0.688892 0.955873 0.760467 0.805863 0.808565 0.928546 0.990025 0.913841 0.734583 0.847779 0.847422 0.863338 0.724823 0.786834 0.876069 0.904588 0.957836 0.965722 0.977686 0.900554
0.586065 0.577360 0.879379 0.838301 0.940059 0.867347 0.938536 0.830467 0.857876 0.854352 0.639535 0.516466 0.847226 0.823218 0.899869 0.840378 0.620385 0.599261 0.635394 0.513423 0.892083 0.791965 0.926197 0.969478 0.835679 0.934679 0.702915 0.910658 0.747955 0.643945 0.931146 0.893638 0.833402 0.736527 0.844166 0.909184 0.643431 0.000000 0.813899 0.688231 0.872633 0.831382 0.852775 0.808746 0.930379 0.824201 0.687870 0.665647 0.759728 0.619635 0.880307 0.792446 0.991991 0.822259 0.681521 0.744976 0.570403 0.576516 0.744851 0.700644 0.869632 0.869456 0.745345 0.626707 0.914853 0.990802 0.999082 0.955432 0.545878 0.609982 0.988943 0.989668 0.965503 0.982672 0.846497 0.998581 0.915345 0.973025 0.813439 0.854605 0.584567 0.634100 0.700144 0.602942 0.817501 0.874368 0.884349 0.779830 0.913744 0.767647 0.827817 0.754811 0.802389 0.891232 0.937317 0.863320 0.877555 0.838890 0.857201 0.894886 0.938731 0.817598 0.760993 0.991648 0.877502 0.994378 0.890288 0.918904 0.962134 0.695703 0.911214 0.757846 0.980816 0.851815 0.939390 0.942420
