0.000000 0.239996 0.380832 0.426377 0.828127 0.740297 0.410954 0.397193 0.744052 0.663890 0.347136 0.257315 0.292078 0.462293 0.463561 0.432628 0.258044 0.230214 0.290139 0.288008 0.571986 0.722212 0.452798 0.488409 0.550605 0.518529 0.969044 0.864389 0.285887 0.264164 0.341667 0.476335 0.326829 0.317394 0.654603 0.754224 0.574943 0.650396 0.751311 0.767210 0.990170 0.776057 0.435672 0.381975 0.403578 0.338358 0.345554 0.327297 0.628669 0.462094 0.452684 0.514362 0.570553 0.661235 0.610293 0.750107 0.326561 0.325190 0.300820 0.310924 0.216330 0.342452 0.216792 0.271675 0.367771 0.338165 0.380123 0.304014 0.432386 0.330986 0.512072 0.513861 0.389394 0.392980 0.735885 0.679304 0.545481 0.488184 0.424687 0.390092 0.254390 0.271398 0.362974 0.468286 0.393066 0.329364 0.963374 0.855088 0.751926 0.598784 0.832891 0.898738 0.807787 0.909126 0.554505 0.603321 0.540070 0.685563 0.521537 0.506279 0.721916 0.681152 0.539935 0.573521 0.520807 0.592116 0.922878 0.830989 0.779053 0.728535 0.866568 0.608974 0.611204 0.665814 0.587293 0.894437
0.239996 0.000000 0.524792 0.514610 0.716206 0.870293 0.506855 0.419580 0.786035 0.703165 0.446641 0.296766 0.468380 0.577123 0.603015 0.533215 0.203471 0.247162 0.398202 0.369102 0.628274 0.744649 0.555092 0.653341 0.672251 0.622457 0.800370 0.885731 0.304328 0.308657 0.433734 0.607722 0.388992 0.384834 0.727902 0.627378 0.647978 0.594533 0.811935 0.822252 0.956799 0.607502 0.455405 0.418532 0.402937 0.386071 0.411056 0.390252 0.550021 0.452058 0.418211 0.482522 0.593146 0.594175 0.684787 0.843101 0.223561 0.200936 0.303122 0.315417 0.289477 0.326099 0.217391 0.157444 0.519228 0.446763 0.420666 0.313974 0.469431 0.268515 0.500101 0.470308 0.400382 0.410608 0.854513 0.693738 0.596205 0.416437 0.451890 0.531933 0.242954 0.378818 0.377220 0.455041 0.507920 0.479253 0.952426 0.953359 0.830434 0.633940 0.813172 0.887809 0.762304 0.914890 0.530264 0.673266 0.590305 0.553775 0.517025 0.484595 0.760485 0.728038 0.533068 0.540767 0.437410 0.547641 0.813961 0.776947 0.868086 0.746089 0.717983 0.535217 0.646200 0.703668 0.582833 0.874678
0.380832 0.524792 0.000000 0.171943 0.819353 0.569192 0.166781 0.223324 0.409096 0.363780 0.384169 0.371161 0.275155 0.558117 0.442640 0.419655 0.522169 0.392454 0.289551 0.380612 0.650302 0.667303 0.325888 0.346574 0.598580 0.335549 0.980997 0.998202 0.507693 0.401111 0.306253 0.370156 0.274100 0.286603 0.656431 0.782968 0.642001 0.848735 0.585441 0.736114 0.769965 0.913000 0.274581 0.282924 0.283237 0.296728 0.277414 0.340176 0.514536 0.413679 0.436182 0.407694 0.471505 0.551168 0.596138 0.601729 0.662031 0.678996 0.364594 0.431788 0.242673 0.348143 0.504482 0.558990 0.233098 0.202684 0.254880 0.258416 0.651815 0.551003 0.412073 0.468737 0.470304 0.420602 0.784956 0.668898 0.478101 0.573067 0.464494 0.375377 0.452048 0.365439 0.632607 0.643102 0.481485 0.352486 0.944530 0.885367 0.712428 0.584887 0.542539 0.620450 0.596666 0.625015 0.494738 0.531380 0.326045 0.644901 0.369910 0.319666 0.610876 0.508262 0.539246 0.479364 0.400387 0.477405 0.836403 0.743288 0.775586 0.823359 0.759441 0.464025 0.413195 0.692246 0.531788 0.847279
0.426377 0.514610 0.171943 0.000000 0.784426 0.563101 0.197579 0.173017 0.417100 0.364936 0.458547 0.374756 0.318112 0.512417 0.446556 0.377008 0.552749 0.423876 0.313338 0.405109 0.577377 0.681039 0.323045 0.326364 0.700121 0.371548 0.931207 0.977944 0.466405 0.414039 0.335961 0.402285 0.261669 0.267479 0.701597 0.767734 0.651771 0.921583 0.738665 0.845260 0.817740 0.838603 0.277565 0.301353 0.325505 0.341130 0.321438 0.390386 0.576759 0.440355 0.473210 0.413627 0.516501 0.517872 0.658187 0.656841 0.671367 0.676045 0.374433 0.440232 0.280173 0.323251 0.528972 0.555700 0.284621 0.192933 0.277575 0.279063 0.720004 0.536743 0.373098 0.419175 0.490234 0.431047 0.767540 0.642724 0.444536 0.538049 0.486740 0.462103 0.482534 0.373482 0.672616 0.571241 0.513383 0.341136 0.998651 0.884159 0.704364 0.563901 0.455790 0.538121 0.498268 0.550605 0.525353 0.551187 0.363954 0.586956 0.347678 0.288827 0.531998 0.528831 0.549662 0.438671 0.387709 0.516372 0.879416 0.748837 0.846018 0.838706 0.784936 0.415480 0.389853 0.581720 0.502259 0.795068
0.828127 0.716206 0.819353 0.784426 0.000000 0.815766 0.716356 0.674775 0.782845 0.874149 0.885426 0.793471 0.739721 0.982334 0.840705 0.784079 0.750425 0.817334 0.756325 0.889565 0.839041 0.784791 0.718729 0.810038 0.946479 0.985809 0.743856 0.904925 0.775344 0.788072 0.819767 0.990861 0.760312 0.756132 0.898383 0.857436 0.972331 0.995094 0.991411 0.872328 0.966569 0.993919 0.780978 0.790234 0.674170 0.707459 0.762823 0.753914 0.686491 0.647547 0.693236 0.693327 0.776793 0.603334 0.868941 0.767110 0.829883 0.786057 0.691183 0.712563 0.623957 0.656529 0.650672 0.699344 0.785322 0.718931 0.674555 0.701430 0.867561 0.810491 0.608716 0.706313 0.827444 0.811002 0.995949 0.780470 0.823378 0.883319 0.870088 0.993395 0.626546 0.732343 0.798594 0.843965 0.751089 0.759809 0.866582 0.922767 0.867045 0.888179 0.763416 0.766191 0.735509 0.861508 0.798785 0.869998 0.813087 0.674769 0.740919 0.668229 0.824164 0.871044 0.824567 0.807942 0.742829 0.726061 0.791658 0.784940 0.687118 0.915584 0.920978 0.686440 0.701101 0.827579 0.858290 0.971604
0.740297 0.870293 0.569192 0.563101 0.815766 0.000000 0.503467 0.564945 0.483136 0.613243 0.737531 0.746775 0.627252 0.887146 0.739583 0.630303 0.912525 0.858770 0.696232 0.800285 0.809635 0.884120 0.622797 0.660082 0.872247 0.653656 0.917553 0.739524 0.918865 0.894085 0.631834 0.758940 0.646795 0.644673 0.567546 0.846458 0.940512 0.804106 0.957054 0.925824 0.940942 0.971231 0.606530 0.629270 0.582995 0.621821 0.681072 0.700087 0.898013 0.691317 0.734699 0.638014 0.646681 0.678974 0.819159 0.758092 0.908932 0.988949 0.714650 0.702726 0.654850 0.690716 0.828487 0.921244 0.699165 0.608453 0.545368 0.632307 0.868798 0.786375 0.655432 0.553634 0.787756 0.761572 0.771369 0.867178 0.669465 0.819862 0.758431 0.663906 0.749550 0.674489 0.992275 0.844595 0.771774 0.657247 0.989987 0.829071 0.895990 0.766517 0.533625 0.656555 0.537973 0.605075 0.620135 0.695579 0.585517 0.892395 0.601593 0.626715 0.679995 0.643242 0.777937 0.620633 0.561919 0.805281 0.834940 0.844756 0.877463 0.982933 0.900147 0.745592 0.626654 0.780101 0.672944 0.887709
0.410954 0.506855 0.166781 0.197579 0.716356 0.503467 0.000000 0.164246 0.352062 0.284122 0.438314 0.450307 0.371323 0.713136 0.571540 0.498843 0.464362 0.364549 0.283818 0.410810 0.686684 0.656732 0.364271 0.471909 0.712096 0.413839 0.938455 0.961282 0.533890 0.437904 0.355716 0.446168 0.244722 0.236452 0.644458 0.676492 0.687934 0.877374 0.811592 0.793755 0.823306 0.825844 0.183640 0.188199 0.190265 0.208867 0.272781 0.301864 0.451212 0.344137 0.348628 0.325061 0.404961 0.411970 0.605000 0.600415 0.586906 0.602927 0.306348 0.407131 0.260580 0.379930 0.450897 0.517426 0.314409 0.239285 0.151802 0.199491 0.697243 0.522287 0.317155 0.328253 0.511187 0.374028 0.813311 0.633039 0.378599 0.541670 0.435417 0.399670 0.399392 0.348236 0.687158 0.637715 0.513533 0.419869 0.966705 0.911581 0.738382 0.688733 0.365550 0.423596 0.415693 0.431120 0.451669 0.511420 0.297855 0.584582 0.259259 0.225159 0.479085 0.399567 0.474849 0.372852 0.320935 0.409289 0.780980 0.672046 0.753572 0.837308 0.708363 0.362265 0.312591 0.609547 0.455623 0.799165
0.397193 0.419580 0.223324 0.173017 0.674775 0.564945 0.164246 0.000000 0.393937 0.254938 0.440206 0.358389 0.356059 0.601769 0.530401 0.443164 0.435343 0.354523 0.318647 0.363782 0.666754 0.657255 0.373447 0.442518 0.786265 0.472138 0.842961 0.960151 0.484197 0.421526 0.398753 0.480723 0.262106 0.258669 0.718936 0.697543 0.719881 0.864439 0.874969 0.897501 0.846194 0.736104 0.233230 0.256378 0.265003 0.274376 0.342538 0.347085 0.457395 0.343800 0.382630 0.337264 0.461850 0.409579 0.672762 0.705312 0.537071 0.516272 0.261926 0.350139 0.250901 0.268193 0.434167 0.433013 0.339414 0.215378 0.218553 0.229931 0.731736 0.447115 0.349523 0.358944 0.535615 0.419781 0.837530 0.618936 0.454042 0.493883 0.420278 0.517514 0.401544 0.377268 0.679989 0.608565 0.546533 0.405211 0.966448 0.903368 0.762619 0.620207 0.382674 0.448974 0.393781 0.480999 0.430451 0.501434 0.344467 0.498375 0.267721 0.215205 0.441821 0.466460 0.456984 0.378204 0.309733 0.407832 0.788312 0.693509 0.787276 0.771627 0.747420 0.323324 0.317656 0.605350 0.504165 0.755195
0.744052 0.786035 0.409096 0.417100 0.782845 0.483136 0.352062 0.393937 0.000000 0.370864 0.772396 0.718012 0.615351 0.839379 0.746281 0.623664 0.775637 0.755287 0.647199 0.717568 0.856254 0.757444 0.526821 0.566967 0.968616 0.571879 0.931510 0.990401 0.890925 0.795367 0.605066 0.636386 0.566781 0.532422 0.753446 0.722924 0.950258 0.950898 0.942727 0.845199 0.725930 0.852636 0.420838 0.481083 0.461560 0.506521 0.541608 0.589333 0.669518 0.496926 0.470645 0.433710 0.451319 0.407896 0.789644 0.687619 0.915185 0.930244 0.523960 0.658720 0.556020 0.619614 0.753330 0.790400 0.567266 0.469176 0.397646 0.513917 0.924685 0.752331 0.463196 0.505667 0.759785 0.632694 0.945265 0.770701 0.619572 0.688803 0.685147 0.630656 0.711471 0.700015 0.858427 0.877753 0.766243 0.637674 0.817473 0.827588 0.706904 0.812602 0.322510 0.398347 0.346033 0.400026 0.583972 0.740831 0.465459 0.600974 0.393656 0.419592 0.505687 0.491305 0.646745 0.541619 0.491641 0.567801 0.622013 0.647058 0.962000 0.990652 0.810219 0.487402 0.447758 0.860665 0.576514 0.783791
0.663890 0.703165 0.363780 0.364936 0.874149 0.613243 0.284122 0.254938 0.370864 0.000000 0.649587 0.592607 0.599639 0.832735 0.744394 0.661103 0.621000 0.596483 0.557021 0.534373 0.914253 0.812487 0.515158 0.641362 0.931239 0.560332 0.959470 0.899163 0.761321 0.630289 0.542968 0.553106 0.425291 0.418586 0.778139 0.644550 0.853527 0.853789 0.952917 0.961239 0.752437 0.762094 0.308677 0.326974 0.350910 0.380836 0.510087 0.474582 0.464196 0.388718 0.437246 0.368951 0.449524 0.457389 0.823099 0.802404 0.726900 0.741792 0.417555 0.523266 0.531303 0.489098 0.679707 0.660460 0.551630 0.431263 0.330928 0.399064 0.981663 0.631919 0.446977 0.415666 0.725148 0.507442 0.837540 0.708163 0.493662 0.581717 0.509397 0.602818 0.665071 0.672382 0.909985 0.870542 0.832154 0.709667 0.911663 0.964684 0.890857 0.796401 0.350168 0.378259 0.409822 0.440834 0.542500 0.495003 0.374415 0.608577 0.241579 0.260316 0.420300 0.386798 0.483181 0.452988 0.451475 0.412864 0.659669 0.594776 0.861275 0.843197 0.678635 0.421835 0.349250 0.793797 0.537545 0.636156
0.347136 0.446641 0.384169 0.458547 0.885426 0.737531 0.438314 0.440206 0.772396 0.649587 0.000000 0.381320 0.444946 0.618299 0.676581 0.640022 0.437846 0.285171 0.278566 0.258365 0.711922 0.727002 0.701257 0.624537 0.742118 0.578890 0.939670 0.854803 0.434298 0.336252 0.520657 0.544810 0.473446 0.436868 0.899276 0.890624 0.792645 0.863144 0.794395 0.754951 0.928036 0.966797 0.555708 0.500716 0.543167 0.507066 0.509979 0.538524 0.791221 0.627865 0.662049 0.693306 0.713959 0.749802 0.744197 0.894896 0.478039 0.467751 0.551705 0.548642 0.415193 0.552653 0.401914 0.500943 0.582903 0.511245 0.538303 0.422841 0.560151 0.620843 0.697947 0.632511 0.549827 0.496205 0.836327 0.714861 0.630737 0.574362 0.555861 0.433836 0.429056 0.371792 0.624078 0.643256 0.716204 0.575981 0.990224 0.876730 0.903473 0.801356 0.804724 0.852379 0.860806 0.835142 0.662761 0.618998 0.642514 0.894132 0.621951 0.547181 0.747183 0.629188 0.627095 0.541054 0.623360 0.761282 0.995096 0.904706 0.925864 0.835280 0.867051 0.671507 0.628578 0.743636 0.727229 0.975490
0.257315 0.296766 0.371161 0.374756 0.793471 0.746775 0.450307 0.358389 0.718012 0.592607 0.381320 0.000000 0.281684 0.367184 0.337142 0.294673 0.354856 0.298485 0.344867 0.328025 0.544455 0.663560 0.360777 0.396814 0.608971 0.511520 0.998482 0.911426 0.307214 0.281457 0.333342 0.438444 0.327978 0.357106 0.725505 0.802971 0.636174 0.686908 0.750869 0.874771 0.901981 0.841689 0.489989 0.456013 0.442640 0.401889 0.416850 0.371770 0.610928 0.452811 0.498068 0.481876 0.592207 0.631141 0.763862 0.820488 0.458596 0.432218 0.375014 0.352986 0.237246 0.265729 0.306314 0.294308 0.411238 0.330530 0.447257 0.359092 0.623705 0.437425 0.523689 0.498389 0.363108 0.378060 0.709910 0.657314 0.608416 0.413976 0.492625 0.479956 0.396232 0.396069 0.432224 0.553424 0.475035 0.382653 0.979959 0.930202 0.799312 0.586154 0.833085 0.928143 0.792855 0.986504 0.580926 0.601185 0.553795 0.658560 0.546872 0.461988 0.742152 0.715619 0.542744 0.595435 0.433570 0.507414 0.857037 0.855676 0.869918 0.677421 0.851255 0.631975 0.646196 0.632402 0.554137 0.952480
0.292078 0.468380 0.275155 0.318112 0.739721 0.627252 0.371323 0.356059 0.615351 0.599639 0.444946 0.281684 0.000000 0.368797 0.292772 0.292148 0.523451 0.462522 0.342170 0.414491 0.626083 0.732620 0.291520 0.307124 0.598744 0.466431 0.963763 0.979149 0.424742 0.411882 0.383023 0.503929 0.371710 0.430349 0.664166 0.821834 0.686517 0.815889 0.637884 0.807048 0.952321 0.978876 0.431883 0.440427 0.437618 0.394798 0.381248 0.391440 0.660353 0.415702 0.483040 0.468666 0.556137 0.624855 0.588632 0.650599 0.655448 0.618400 0.372750 0.376540 0.213986 0.294688 0.402562 0.487411 0.241782 0.258265 0.398895 0.366269 0.639538 0.526967 0.526174 0.518060 0.435426 0.469535 0.778046 0.592182 0.580246 0.612880 0.549011 0.509081 0.442394 0.372615 0.512978 0.628925 0.377147 0.271939 0.875483 0.795544 0.656419 0.539930 0.744674 0.819109 0.715367 0.867257 0.637499 0.651155 0.518703 0.729810 0.536937 0.476700 0.713105 0.716138 0.630968 0.687858 0.449148 0.553052 0.920595 0.846795 0.646432 0.784298 0.896279 0.612891 0.578104 0.606578 0.558762 0.862176
0.462293 0.577123 0.558117 0.512417 0.982334 0.887146 0.713136 0.601769 0.839379 0.832735 0.618299 0.367184 0.368797 0.000000 0.263375 0.292866 0.686856 0.569156 0.506082 0.524980 0.604307 0.720442 0.434938 0.348949 0.579993 0.548926 0.910486 0.954414 0.436450 0.477977 0.475522 0.579019 0.504525 0.572295 0.880649 0.994408 0.703024 0.832134 0.743202 0.792319 0.894528 0.880601 0.660960 0.671762 0.775050 0.674429 0.568421 0.648505 0.868625 0.753036 0.772073 0.724430 0.810660 0.920545 0.781749 0.893778 0.733386 0.730814 0.597987 0.612472 0.488330 0.486505 0.581268 0.592896 0.434438 0.458553 0.677494 0.637365 0.842730 0.593578 0.710378 0.752126 0.576082 0.611790 0.866228 0.635044 0.661223 0.674047 0.645130 0.622353 0.683587 0.618972 0.498051 0.587365 0.482142 0.366553 0.907709 0.909419 0.829753 0.572682 0.960791 0.967324 0.911731 0.912136 0.749444 0.716238 0.770282 0.762314 0.758294 0.695741 0.843518 0.930484 0.760860 0.911853 0.655712 0.685955 0.965669 0.929177 0.859399 0.792126 0.977402 0.820481 0.781984 0.726705 0.661821 0.952723
0.463561 0.603015 0.442640 0.446556 0.840705 0.739583 0.571540 0.530401 0.746281 0.744394 0.676581 0.337142 0.292772 0.263375 0.000000 0.216151 0.647731 0.597864 0.515816 0.573893 0.626089 0.704958 0.224358 0.266900 0.427854 0.466733 0.938157 0.932395 0.472946 0.466697 0.315869 0.404006 0.394507 0.486638 0.641771 0.963457 0.700406 0.879326 0.690804 0.911185 0.973771 0.993509 0.560040 0.591144 0.617828 0.564793 0.481464 0.530523 0.797304 0.682587 0.716027 0.641233 0.757394 0.864086 0.650410 0.717998 0.815302 0.817238 0.568367 0.591058 0.397328 0.445984 0.553421 0.612084 0.336039 0.394184 0.534528 0.540668 0.808534 0.625568 0.585674 0.677273 0.425327 0.545438 0.740671 0.690847 0.603270 0.682197 0.555180 0.619020 0.564135 0.528462 0.457165 0.616949 0.359280 0.292252 0.857356 0.873331 0.879992 0.611864 0.929249 0.955070 0.907099 0.904706 0.733835 0.734650 0.637297 0.752054 0.717235 0.651724 0.907689 0.903922 0.813162 0.893761 0.514269 0.592128 0.952196 0.969717 0.782263 0.757209 0.932324 0.762445 0.700734 0.727474 0.555616 0.991081
0.432628 0.533215 0.419655 0.377008 0.784079 0.630303 0.498843 0.443164 0.623664 0.661103 0.640022 0.294673 0.292148 0.292866 0.216151 0.000000 0.597925 0.551591 0.438999 0.531062 0.598475 0.671126 0.194100 0.208600 0.506640 0.480687 0.924139 0.909789 0.446073 0.452492 0.312275 0.445155 0.352346 0.446022 0.651566 0.832175 0.711436 0.810378 0.770359 0.913435 0.944812 0.921402 0.435354 0.469882 0.493809 0.430880 0.437680 0.425748 0.656303 0.505296 0.513796 0.451515 0.521838 0.616113 0.717843 0.686964 0.748592 0.737205 0.443414 0.480428 0.352802 0.394199 0.470591 0.511966 0.365199 0.364422 0.431483 0.466082 0.820265 0.574864 0.432552 0.478931 0.434329 0.463955 0.658669 0.640865 0.514496 0.619469 0.533484 0.543491 0.547048 0.547701 0.525927 0.649775 0.426979 0.326739 0.922357 0.969515 0.863316 0.677138 0.725243 0.818898 0.675299 0.924015 0.666645 0.658451 0.561489 0.699375 0.580887 0.517339 0.766089 0.717279 0.653567 0.789709 0.412386 0.544898 0.792800 0.818144 0.806982 0.801461 0.845316 0.690042 0.600341 0.638460 0.497673 0.901610
0.258044 0.203471 0.522169 0.552749 0.750425 0.912525 0.464362 0.435343 0.775637 0.621000 0.437846 0.354856 0.523451 0.686856 0.647731 0.597925 0.000000 0.194782 0.348719 0.367683 0.637585 0.691679 0.562394 0.691051 0.620860 0.620266 0.886923 0.870929 0.306129 0.295636 0.435448 0.499956 0.357195 0.373874 0.804242 0.631238 0.679019 0.650122 0.852845 0.780410 0.978579 0.611489 0.434326 0.392865 0.401687 0.382541 0.427750 0.370036 0.565830 0.496962 0.448205 0.538570 0.609459 0.636514 0.701492 0.881378 0.174191 0.227144 0.313289 0.405398 0.357813 0.458269 0.212024 0.208247 0.555957 0.529407 0.413215 0.347583 0.449231 0.376697 0.503220 0.471919 0.425988 0.400305 0.815135 0.688109 0.535285 0.420165 0.387751 0.496442 0.218965 0.408289 0.421648 0.520253 0.535459 0.546429 0.965510 0.947103 0.906670 0.746118 0.800236 0.862808 0.797535 0.913619 0.603847 0.663414 0.559915 0.577359 0.505097 0.448341 0.843224 0.712273 0.488976 0.451773 0.505265 0.544997 0.843158 0.781458 0.810036 0.634274 0.754585 0.564614 0.616776 0.671776 0.570610 0.924085
0.230214 0.247162 0.392454 0.423876 0.817334 0.858770 0.364549 0.354523 0.755287 0.596483 0.285171 0.298485 0.462522 0.569156 0.597864 0.551591 0.194782 0.000000 0.216183 0.228657 0.606693 0.646184 0.566481 0.633298 0.610709 0.510524 0.938408 0.859125 0.251594 0.212567 0.404661 0.439738 0.303824 0.272374 0.794921 0.796153 0.630142 0.697224 0.791808 0.719203 0.910262 0.675234 0.394773 0.334841 0.395259 0.354334 0.386047 0.361248 0.603647 0.512342 0.481650 0.545180 0.614671 0.643691 0.714774 0.855636 0.223947 0.239497 0.353019 0.431374 0.299487 0.444790 0.207930 0.245601 0.491164 0.432502 0.387752 0.307790 0.477236 0.428947 0.521591 0.509749 0.429427 0.358214 0.773636 0.627259 0.562434 0.437792 0.406356 0.404213 0.271525 0.287726 0.431534 0.473463 0.520177 0.466136 0.982935 0.993956 0.890452 0.706125 0.757397 0.812232 0.777165 0.818493 0.575802 0.568856 0.563508 0.665693 0.459666 0.409596 0.719395 0.614529 0.513170 0.429808 0.482774 0.575835 0.936067 0.814099 0.895097 0.716910 0.819002 0.515191 0.556186 0.638725 0.567136 0.918113
0.290139 0.398202 0.289551 0.313338 0.756325 0.696232 0.283818 0.318647 0.647199 0.557021 0.278566 0.344867 0.342170 0.506082 0.515816 0.438999 0.348719 0.216183 0.000000 0.261685 0.644694 0.586346 0.468922 0.462177 0.573979 0.451064 0.940247 0.914014 0.298087 0.235816 0.355092 0.401381 0.297287 0.255313 0.786046 0.753931 0.632338 0.870312 0.723739 0.737121 0.855794 0.786103 0.337528 0.301544 0.387306 0.348097 0.347358 0.365481 0.621834 0.495736 0.518060 0.537049 0.599416 0.643864 0.721817 0.774060 0.434161 0.465957 0.406284 0.495508 0.310200 0.486173 0.320403 0.429835 0.397971 0.372048 0.352357 0.350875 0.574874 0.497123 0.481762 0.471781 0.459357 0.382479 0.797640 0.558077 0.504964 0.538505 0.481874 0.362426 0.372715 0.338797 0.597235 0.566794 0.538659 0.438415 0.918701 0.955184 0.866387 0.760101 0.658404 0.713634 0.715433 0.723236 0.578222 0.547307 0.533983 0.679277 0.427961 0.377907 0.670853 0.578554 0.552998 0.449092 0.475422 0.633399 0.944111 0.792974 0.768162 0.788221 0.833379 0.500285 0.456886 0.608506 0.542635 0.866710
0.288008 0.369102 0.380612 0.405109 0.889565 0.800285 0.410810 0.363782 0.717568 0.534373 0.258365 0.328025 0.414491 0.524980 0.573893 0.531062 0.367683 0.228657 0.261685 0.000000 0.683728 0.663303 0.569104 0.575489 0.683151 0.525020 0.901840 0.833532 0.333820 0.256218 0.439156 0.420946 0.348251 0.299094 0.801276 0.866923 0.702764 0.764594 0.746445 0.769451 0.848091 0.854407 0.453215 0.384815 0.478267 0.430173 0.414120 0.402627 0.673203 0.546303 0.570847 0.592529 0.642443 0.725787 0.775142 0.829434 0.391276 0.382997 0.439729 0.488828 0.356513 0.451517 0.340251 0.384200 0.502535 0.440488 0.472806 0.407698 0.588582 0.476001 0.658463 0.599645 0.493021 0.440727 0.719221 0.638027 0.606832 0.588840 0.510935 0.428841 0.445399 0.359111 0.546173 0.604342 0.656439 0.520223 0.931368 0.957178 0.835715 0.683534 0.791704 0.837284 0.849395 0.868258 0.644905 0.604827 0.579239 0.718911 0.486609 0.463558 0.644624 0.617548 0.614893 0.511293 0.554026 0.643421 0.946331 0.844923 0.857266 0.789149 0.767528 0.579984 0.571684 0.735492 0.595375 0.831872
0.571986 0.628274 0.650302 0.577377 0.839041 0.809635 0.686684 0.666754 0.856254 0.914253 0.711922 0.544455 0.626083 0.604307 0.626089 0.598475 0.637585 0.606693 0.644694 0.683728 0.000000 0.778241 0.571301 0.558758 0.700635 0.672095 0.898104 0.923705 0.614710 0.622245 0.571893 0.683890 0.579354 0.564786 0.755937 0.887124 0.629683 0.924033 0.786522 0.799596 0.945910 0.921457 0.694667 0.709487 0.714754 0.644809 0.545937 0.654293 0.859506 0.796024 0.796847 0.792329 0.777376 0.883945 0.796310 0.770480 0.728110 0.729374 0.673171 0.618873 0.558606 0.606742 0.602011 0.644546 0.603330 0.557951 0.667811 0.616275 0.770496 0.725694 0.702153 0.704233 0.612404 0.673629 0.796827 0.718357 0.743404 0.672078 0.733526 0.631198 0.614890 0.567337 0.564832 0.543241 0.572701 0.548850 0.911086 0.954968 0.853244 0.652778 0.905961 0.985888 0.834374 0.992178 0.830797 0.769617 0.717792 0.856904 0.814101 0.690253 0.952734 0.942936 0.641536 0.709013 0.706588 0.727731 0.991731 0.971421 0.961169 0.900970 0.981936 0.872466 0.873707 0.814396 0.821032 0.826479
0.722212 0.744649 0.667303 0.681039 0.784791 0.884120 0.656732 0.657255 0.757444 0.812487 0.727002 0.663560 0.732620 0.720442 0.704958 0.671126 0.691679 0.646184 0.586346 0.663303 0.778241 0.000000 0.707908 0.678275 0.872941 0.754160 0.812667 0.706170 0.631537 0.652514 0.684426 0.614236 0.556649 0.622433 0.918118 0.878738 0.983881 0.864950 0.954550 0.863505 0.866046 0.953523 0.705512 0.679375 0.740862 0.708874 0.729790 0.773446 0.876734 0.846591 0.811539 0.800813 0.867645 0.812052 0.901659 0.846441 0.749467 0.760257 0.801588 0.793852 0.684927 0.799160 0.700824 0.728808 0.736211 0.705224 0.655730 0.683304 0.869019 0.783878 0.663982 0.729581 0.784091 0.633840 0.974746 0.957979 0.769162 0.710069 0.921692 0.679109 0.748905 0.763207 0.770428 0.847005 0.825047 0.732091 0.934744 0.953402 0.881177 0.863767 0.736542 0.844623 0.829260 0.852245 0.816949 0.813954 0.824851 0.804108 0.711455 0.654156 0.876102 0.891730 0.830952 0.647714 0.787444 0.738609 0.963902 0.905355 0.977695 0.880695 0.828979 0.831767 0.751152 0.762491 0.852460 0.838353
0.452798 0.555092 0.325888 0.323045 0.718729 0.622797 0.364271 0.373447 0.526821 0.515158 0.701257 0.360777 0.291520 0.434938 0.224358 0.194100 0.562394 0.566481 0.468922 0.569104 0.571301 0.707908 0.000000 0.232760 0.465662 0.408634 0.999923 0.988097 0.512802 0.467987 0.244990 0.392568 0.281098 0.370594 0.538349 0.779106 0.630235 0.838089 0.709115 0.857454 0.899537 0.939293 0.337203 0.379878 0.357460 0.337492 0.331219 0.363080 0.557719 0.437777 0.441535 0.375694 0.459922 0.572615 0.567808 0.602642 0.749429 0.760072 0.377485 0.437329 0.291856 0.350662 0.475099 0.513905 0.255220 0.293305 0.295477 0.345045 0.806386 0.519481 0.342932 0.405555 0.412285 0.431261 0.689997 0.658148 0.409580 0.618366 0.456650 0.538297 0.472995 0.494110 0.484282 0.603717 0.348431 0.298196 0.879541 0.946280 0.754794 0.633142 0.647690 0.761644 0.612845 0.870725 0.578747 0.631363 0.426080 0.610091 0.487929 0.431666 0.771705 0.706412 0.583312 0.723252 0.343188 0.397144 0.719111 0.808247 0.720568 0.804107 0.743034 0.583244 0.539448 0.669029 0.418776 0.839779
0.488409 0.653341 0.346574 0.326364 0.810038 0.660082 0.471909 0.442518 0.566967 0.641362 0.624537 0.396814 0.307124 0.348949 0.266900 0.208600 0.691051 0.633298 0.462177 0.575489 0.558758 0.678275 0.232760 0.000000 0.510105 0.451276 0.991900 0.914176 0.492463 0.496032 0.323053 0.394081 0.430721 0.446649 0.668458 0.921180 0.695482 0.866024 0.683992 0.842622 0.898929 0.969247 0.479243 0.529858 0.534140 0.487202 0.424690 0.485106 0.678221 0.586926 0.608874 0.545418 0.592641 0.697274 0.651498 0.635637 0.871734 0.901859 0.508723 0.560109 0.383763 0.473567 0.582050 0.671685 0.349914 0.341963 0.459634 0.499902 0.857162 0.662159 0.489792 0.575538 0.484716 0.556897 0.723077 0.720698 0.557231 0.686511 0.596127 0.531604 0.559859 0.533640 0.608173 0.650960 0.456284 0.343468 0.829037 0.814540 0.776695 0.677115 0.720838 0.815155 0.708700 0.896514 0.686787 0.728739 0.528783 0.730471 0.649836 0.552728 0.746299 0.798048 0.697201 0.793207 0.523164 0.629081 0.884611 0.837024 0.770633 0.859671 0.839600 0.707440 0.584062 0.691021 0.544802 0.909769
0.550605 0.672251 0.598580 0.700121 0.946479 0.872247 0.712096 0.786265 0.968616 0.931239 0.742118 0.608971 0.598744 0.579993 0.427854 0.506640 0.620860 0.610709 0.573979 0.683151 0.700635 0.872941 0.465662 0.510105 0.000000 0.495037 0.817197 0.912684 0.525684 0.516441 0.410716 0.409124 0.580078 0.639798 0.604986 0.935978 0.615099 0.909626 0.602146 0.802192 0.940661 0.884493 0.663890 0.671765 0.708035 0.677942 0.563526 0.598023 0.852486 0.895606 0.856615 0.851045 0.862155 0.907630 0.611202 0.807728 0.746963 0.822637 0.701970 0.732869 0.601210 0.747760 0.661183 0.703206 0.535418 0.663669 0.662171 0.704611 0.560845 0.646784 0.754032 0.848393 0.446623 0.688725 0.660064 0.876532 0.726877 0.808949 0.680560 0.573148 0.581178 0.645756 0.577460 0.692821 0.487476 0.503897 0.875677 0.986767 0.958527 0.779285 0.851112 0.761865 0.890740 0.791068 0.692428 0.818388 0.666917 0.860933 0.875937 0.847629 0.827055 0.961795 0.886416 0.937309 0.727428 0.796210 0.913604 0.972683 0.863077 0.816546 0.907829 0.861633 0.893282 0.916398 0.689287 0.997438
0.518529 0.622457 0.335549 0.371548 0.985809 0.653656 0.413839 0.472138 0.571879 0.560332 0.578890 0.511520 0.466431 0.548926 0.466733 0.480687 0.620266 0.510524 0.451064 0.525020 0.672095 0.754160 0.408634 0.451276 0.495037 0.000000 0.884921 0.888520 0.538048 0.454068 0.306924 0.347534 0.358239 0.389692 0.671657 0.815484 0.688487 0.935778 0.590977 0.564472 0.810287 0.848439 0.397048 0.372727 0.451915 0.447823 0.417589 0.431108 0.623332 0.579474 0.554276 0.534083 0.561552 0.711379 0.616630 0.660843 0.747973 0.743801 0.494914 0.569061 0.448367 0.555240 0.573700 0.634802 0.400440 0.407245 0.415801 0.425125 0.733789 0.618526 0.539943 0.479566 0.487078 0.468370 0.714699 0.779774 0.502651 0.720276 0.586040 0.424785 0.594119 0.489592 0.624387 0.589726 0.579588 0.442142 0.883066 0.893089 0.718280 0.616561 0.685813 0.812996 0.749038 0.736133 0.578143 0.717922 0.471330 0.665680 0.503231 0.453064 0.749985 0.615259 0.594518 0.553591 0.471244 0.635849 0.845147 0.762907 0.933248 0.808738 0.835267 0.660523 0.511466 0.806219 0.521782 0.877327
0.969044 0.800370 0.980997 0.931207 0.743856 0.917553 0.938455 0.842961 0.931510 0.959470 0.939670 0.998482 0.963763 0.910486 0.938157 0.924139 0.886923 0.938408 0.940247 0.901840 0.898104 0.812667 0.999923 0.991900 0.817197 0.884921 0.000000 0.967434 0.921324 0.901628 0.920601 0.994372 0.939906 0.869358 0.995496 0.796087 0.894679 0.895802 0.980539 0.909413 0.980713 0.891285 0.934285 0.907471 0.888599 0.925839 0.938498 0.944874 0.879078 0.907430 0.905990 0.921863 0.972606 0.868517 0.982614 0.953984 0.788694 0.792563 0.908288 0.907291 0.927844 0.926206 0.895577 0.828043 0.957618 0.994100 0.901921 0.922814 0.991616 0.786365 0.862990 0.910760 0.989690 0.810088 0.927806 0.968582 0.949286 0.884626 0.993079 0.860934 0.866261 0.956567 0.992279 0.877018 0.878278 0.918140 0.865436 0.940335 0.814323 0.960935 0.885009 0.955182 0.920471 0.998186 0.905011 0.987664 0.892873 0.709115 0.872999 0.869166 0.868537 0.896791 0.812119 0.748771 0.918846 0.883944 0.947073 0.985470 0.926419 0.986168 0.898044 0.801976 0.822072 0.979000 0.898703 0.875956
0.864389 0.885731 0.998202 0.977944 0.904925 0.739524 0.961282 0.960151 0.990401 0.899163 0.854803 0.911426 0.979149 0.954414 0.932395 0.909789 0.870929 0.859125 0.914014 0.833532 0.923705 0.706170 0.988097 0.914176 0.912684 0.888520 0.967434 0.000000 0.881198 0.903381 0.968658 0.994551 0.877265 0.944559 0.909630 0.920112 0.845625 0.891485 0.906393 0.982249 0.889254 0.991044 0.995320 0.963397 0.967709 0.990894 0.964124 0.966576 0.832995 0.929784 0.969809 0.983041 0.983676 0.967338 0.924747 0.889567 0.857250 0.837693 0.978858 0.959959 0.957964 0.986333 0.870505 0.860299 0.914061 0.926847 0.980274 0.957879 0.763890 0.992772 0.876308 0.951502 0.967661 0.950158 0.940887 0.956961 0.938984 0.948618 0.956498 0.876181 0.867026 0.879294 0.977781 0.910117 0.985689 0.943481 0.980851 0.980729 0.946403 0.918651 0.938852 0.951727 0.980750 0.952375 0.865349 0.946052 0.958954 0.951347 0.943371 0.956170 0.902808 0.970658 0.971917 0.804061 0.927343 0.992387 0.947565 0.766914 0.882555 0.877636 0.956538 0.930563 0.943875 0.910793 0.974191 0.930683
0.285887 0.304328 0.507693 0.466405 0.775344 0.918865 0.533890 0.484197 0.890925 0.761321 0.434298 0.307214 0.424742 0.436450 0.472946 0.446073 0.306129 0.251594 0.298087 0.333820 0.614710 0.631537 0.512802 0.492463 0.525684 0.538048 0.921324 0.881198 0.000000 0.217836 0.388837 0.488722 0.388233 0.351666 0.752197 0.819138 0.580284 0.692382 0.742324 0.777141 0.988503 0.789007 0.521925 0.470710 0.510140 0.458067 0.436887 0.415004 0.647837 0.559837 0.579118 0.605844 0.695915 0.752324 0.643109 0.764902 0.361988 0.379002 0.458995 0.436576 0.339216 0.439460 0.272859 0.316087 0.485346 0.434518 0.497358 0.433442 0.545457 0.428450 0.594013 0.590141 0.405076 0.428383 0.718451 0.700109 0.567375 0.492524 0.573402 0.486675 0.343360 0.365531 0.429498 0.418479 0.446265 0.411136 0.935659 0.947439 0.859051 0.570287 0.932028 0.971184 0.912663 0.981310 0.659386 0.687397 0.687394 0.713784 0.613906 0.528709 0.797359 0.818403 0.711335 0.607223 0.582569 0.655076 0.986303 0.859442 0.870501 0.672520 0.825929 0.601394 0.678852 0.626626 0.601405 0.905123
0.264164 0.308657 0.401111 0.414039 0.788072 0.894085 0.437904 0.421526 0.795367 0.630289 0.336252 0.281457 0.411882 0.477977 0.466697 0.452492 0.295636 0.212567 0.235816 0.256218 0.622245 0.652514 0.467987 0.496032 0.516441 0.454068 0.901628 0.903381 0.217836 0.000000 0.286964 0.386585 0.303147 0.258406 0.736206 0.727348 0.642663 0.681084 0.678863 0.826914 0.875346 0.858325 0.449656 0.371058 0.438284 0.375024 0.380139 0.374892 0.617801 0.500313 0.523977 0.543945 0.594431 0.681270 0.616248 0.785765 0.369052 0.373201 0.447984 0.462821 0.325871 0.442437 0.271969 0.316989 0.476603 0.435152 0.426293 0.375489 0.495004 0.415001 0.530116 0.536600 0.362148 0.310034 0.678473 0.609049 0.612653 0.499226 0.505985 0.430057 0.338658 0.317482 0.427608 0.410490 0.547900 0.459557 0.862397 0.903985 0.897404 0.653116 0.875591 0.958753 0.921508 0.995788 0.598193 0.695696 0.549126 0.680341 0.542975 0.470373 0.744460 0.678546 0.560787 0.560050 0.571644 0.615689 0.913682 0.881772 0.875896 0.763153 0.782966 0.623908 0.597440 0.710760 0.559434 0.888540
0.341667 0.433734 0.306253 0.335961 0.819767 0.631834 0.355716 0.398753 0.605066 0.542968 0.520657 0.333342 0.383023 0.475522 0.315869 0.312275 0.435448 0.404661 0.355092 0.439156 0.571893 0.684426 0.244990 0.323053 0.410716 0.306924 0.920601 0.968658 0.388837 0.286964 0.000000 0.269739 0.236853 0.268794 0.514837 0.676129 0.562563 0.733910 0.632573 0.815266 0.921936 0.837038 0.299366 0.280609 0.299459 0.282670 0.274025 0.280928 0.498348 0.459873 0.439094 0.412804 0.487874 0.650973 0.546128 0.623889 0.582969 0.601141 0.389453 0.412188 0.304303 0.409893 0.388736 0.427178 0.335176 0.337305 0.278335 0.309149 0.672600 0.415375 0.382161 0.398220 0.332922 0.282701 0.639024 0.696078 0.437434 0.517208 0.406303 0.399061 0.385863 0.420966 0.445711 0.502778 0.460398 0.383014 0.900585 0.943579 0.813242 0.590021 0.755324 0.884361 0.780001 0.919945 0.554411 0.642667 0.385445 0.641391 0.469836 0.437558 0.727353 0.668406 0.524118 0.568535 0.425908 0.486096 0.764867 0.781610 0.809632 0.759184 0.721875 0.581353 0.485946 0.667140 0.406595 0.917929
0.476335 0.607722 0.370156 0.402285 0.990861 0.758940 0.446168 0.480723 0.636386 0.553106 0.544810 0.438444 0.503929 0.579019 0.404006 0.445155 0.499956 0.439738 0.401381 0.420946 0.683890 0.614236 0.392568 0.394081 0.409124 0.347534 0.994372 0.994551 0.488722 0.386585 0.269739 0.000000 0.322719 0.377219 0.680009 0.868392 0.649471 0.850634 0.611937 0.816120 0.866937 0.879404 0.445901 0.421798 0.500758 0.512272 0.476790 0.450394 0.738343 0.720332 0.690450 0.683475 0.724360 0.865435 0.754720 0.805920 0.641039 0.713567 0.589969 0.672003 0.487994 0.642033 0.556059 0.612926 0.480881 0.493312 0.483964 0.492378 0.659941 0.627010 0.599864 0.584046 0.417294 0.434185 0.658911 0.841862 0.594694 0.593666 0.538527 0.468563 0.553658 0.521362 0.632709 0.679497 0.644294 0.510860 0.979993 0.940157 0.894709 0.775328 0.819203 0.946546 0.892635 0.932513 0.702400 0.693988 0.498686 0.756396 0.583636 0.539084 0.813260 0.709745 0.701940 0.575160 0.583311 0.656572 0.950811 0.854263 0.917535 0.800676 0.712562 0.667585 0.579571 0.783487 0.515068 0.851880
0.326829 0.388992 0.274100 0.261669 0.760312 0.646795 0.244722 0.262106 0.566781 0.425291 0.473446 0.327978 0.371710 0.504525 0.394507 0.352346 0.357195 0.303824 0.297287 0.348251 0.579354 0.556649 0.281098 0.430721 0.580078 0.358239 0.939906 0.877265 0.388233 0.303147 0.236853 0.322719 0.000000 0.213982 0.649818 0.661474 0.614725 0.769620 0.752810 0.791808 0.857247 0.773555 0.243589 0.208644 0.262097 0.251142 0.285071 0.301925 0.501943 0.427600 0.405212 0.388057 0.465055 0.548215 0.592424 0.645826 0.477641 0.469818 0.330324 0.389708 0.266425 0.334218 0.352560 0.379947 0.297465 0.271559 0.219955 0.216812 0.666345 0.394741 0.317607 0.329077 0.396533 0.327131 0.732534 0.653253 0.341055 0.489162 0.356789 0.415025 0.356366 0.344645 0.470796 0.508852 0.439556 0.340649 0.988089 0.985291 0.799763 0.627374 0.549039 0.662680 0.584974 0.717986 0.501822 0.547704 0.360482 0.521339 0.341097 0.284155 0.616048 0.525772 0.517362 0.425532 0.332886 0.382817 0.841713 0.680848 0.825202 0.714654 0.660493 0.488232 0.409496 0.620980 0.406211 0.880209
0.317394 0.384834 0.286603 0.267479 0.756132 0.644673 0.236452 0.258669 0.532422 0.418586 0.436868 0.357106 0.430349 0.572295 0.486638 0.446022 0.373874 0.272374 0.255313 0.299094 0.564786 0.622433 0.370594 0.446649 0.639798 0.389692 0.869358 0.944559 0.351666 0.258406 0.268794 0.377219 0.213982 0.000000 0.606606 0.717940 0.602373 0.737527 0.786932 0.782536 0.819671 0.820035 0.254063 0.206552 0.251105 0.226462 0.257274 0.314579 0.473647 0.388980 0.402756 0.372444 0.461075 0.541376 0.615006 0.604731 0.451586 0.468507 0.328583 0.395082 0.265093 0.371298 0.332471 0.378960 0.345588 0.285154 0.228248 0.234979 0.706992 0.427589 0.410577 0.406953 0.442218 0.353695 0.715485 0.614920 0.416360 0.505406 0.401510 0.367926 0.366981 0.319182 0.533457 0.460105 0.486858 0.424361 0.944578 0.985623 0.871462 0.662788 0.586150 0.664938 0.630679 0.681344 0.497929 0.560900 0.447442 0.562411 0.307617 0.291482 0.600203 0.555157 0.478789 0.369432 0.391507 0.465831 0.741925 0.695700 0.826268 0.793944 0.674060 0.399118 0.398361 0.636111 0.374947 0.822716
0.654603 0.727902 0.656431 0.701597 0.898383 0.567546 0.644458 0.718936 0.753446 0.778139 0.899276 0.725505 0.664166 0.880649 0.641771 0.651566 0.804242 0.794921 0.786046 0.801276 0.755937 0.918118 0.538349 0.668458 0.604986 0.671657 0.995496 0.909630 0.752197 0.736206 0.514837 0.680009 0.649818 0.606606 0.000000 0.841022 0.673214 0.825480 0.898635 0.962181 0.941703 0.933992 0.573861 0.607653 0.536019 0.547988 0.629323 0.614883 0.685244 0.582632 0.625812 0.562997 0.612930 0.714007 0.657882 0.690342 0.872220 0.791504 0.627659 0.574711 0.617536 0.710746 0.652072 0.697016 0.670025 0.668952 0.551579 0.593005 0.865137 0.648028 0.593539 0.638228 0.734699 0.616647 0.779845 0.890538 0.740327 0.670685 0.650804 0.728160 0.641893 0.720592 0.776947 0.864399 0.652283 0.675965 0.912204 0.977766 0.874635 0.789648 0.843076 0.953367 0.795350 0.893055 0.624415 0.793637 0.613613 0.833521 0.646820 0.743120 0.898856 0.878512 0.803137 0.843228 0.617247 0.620801 0.798737 0.838060 0.755869 0.953728 0.646301 0.687019 0.776619 0.956496 0.762331 0.761438
0.754224 0.627378 0.782968 0.767734 0.857436 0.846458 0.676492 0.697543 0.722924 0.644550 0.890624 0.802971 0.821834 0.994408 0.963457 0.832175 0.631238 0.796153 0.753931 0.866923 0.887124 0.878738 0.779106 0.921180 0.935978 0.815484 0.796087 0.920112 0.819138 0.727348 0.676129 0.868392 0.661474 0.717940 0.841022 0.000000 0.973659 0.625855 0.969388 0.938370 0.992491 0.804637 0.583021 0.552736 0.520234 0.576901 0.695751 0.617180 0.547341 0.523530 0.527081 0.537758 0.618580 0.552357 0.818583 0.810158 0.714773 0.671253 0.635598 0.655604 0.734904 0.727132 0.689641 0.636715 0.805813 0.768196 0.558430 0.592154 0.843834 0.557060 0.543082 0.428748 0.814884 0.590153 0.988160 0.969347 0.687085 0.613720 0.654981 0.829028 0.664834 0.812492 0.798511 0.744264 0.918608 0.860131 0.888217 0.901080 0.889299 0.916310 0.659980 0.699768 0.712228 0.759835 0.730642 0.834245 0.621852 0.639009 0.624199 0.607607 0.675485 0.584880 0.623904 0.720081 0.706362 0.644686 0.713532 0.756039 0.763928 0.927623 0.621713 0.723231 0.652544 0.748172 0.694824 0.818432
0.574943 0.647978 0.642001 0.651771 0.972331 0.940512 0.687934 0.719881 0.950258 0.853527 0.792645 0.636174 0.686517 0.703024 0.700406 0.711436 0.679019 0.630142 0.632338 0.702764 0.629683 0.983881 0.630235 0.695482 0.615099 0.688487 0.894679 0.845625 0.580284 0.642663 0.562563 0.649471 0.614725 0.602373 0.673214 0.973659 0.000000 0.821679 0.656237 0.828333 0.905789 0.826945 0.663873 0.630871 0.622855 0.631513 0.583840 0.557376 0.751280 0.753041 0.729442 0.753497 0.815409 0.951833 0.872546 0.863464 0.658926 0.697015 0.667842 0.658375 0.618274 0.663665 0.663070 0.667831 0.596283 0.614749 0.688238 0.630597 0.797659 0.678535 0.779238 0.803216 0.676593 0.631278 0.795470 0.862521 0.647179 0.716044 0.642502 0.830920 0.714616 0.743873 0.755280 0.723029 0.657551 0.675376 0.924026 0.808053 0.837379 0.795638 0.982879 0.974141 0.936221 0.952351 0.691980 0.619887 0.723873 0.849374 0.735942 0.715034 0.961178 0.982995 0.704129 0.720818 0.623255 0.719076 0.976089 0.855145 0.798912 0.787803 0.870699 0.652404 0.806267 0.954273 0.784912 0.762463
0.650396 0.594533 0.848735 0.921583 0.995094 0.804106 0.877374 0.864439 0.950898 0.853789 0.863144 0.686908 0.815889 0.832134 0.879326 0.810378 0.650122 0.697224 0.870312 0.764594 0.924033 0.864950 0.838089 0.866024 0.909626 0.935778 0.895802 0.891485 0.692382 0.681084 0.733910 0.850634 0.769620 0.737527 0.825480 0.625855 0.821679 0.000000 0.878169 0.962747 0.936276 0.990160 0.762327 0.713810 0.678676 0.654085 0.752561 0.706767 0.674677 0.643424 0.593666 0.644122 0.721666 0.735257 0.887518 0.803315 0.558727 0.571338 0.701896 0.641535 0.719555 0.711714 0.604691 0.524326 0.825172 0.826849 0.745318 0.685504 0.854324 0.703878 0.725045 0.754055 0.723416 0.661992 0.896612 0.972633 0.867223 0.611397 0.806463 0.872107 0.735599 0.903408 0.715649 0.896592 0.861600 0.906175 0.841457 0.917951 0.986801 0.966732 0.986092 0.951531 0.929145 0.950461 0.862140 0.825321 0.861117 0.744427 0.726394 0.789858 0.835015 0.814673 0.664441 0.848173 0.819026 0.675061 0.751036 0.869053 0.992293 0.846561 0.723086 0.832660 0.927431 0.849100 0.781599 0.844544
