0.000000 0.163727 0.336441 0.307539 0.629011 0.547122 0.240098 0.198101 0.395081 0.303667 0.143894 0.138938 0.131058 0.223255 0.218517 0.250770 0.150096 0.145380 0.142622 0.155503 0.518352 0.869787 0.323817 0.541614 0.785387 0.758176 0.892470 0.851490 0.204587 0.183295 0.301965 0.395050 0.157209 0.163187 0.485395 0.670496 0.362979 0.414891 0.731588 0.633318 0.627123 0.523731 0.250561 0.223522 0.266127 0.204179 0.236089 0.241038 0.716805 0.366755 0.445119 0.337884 0.489461 0.543257 0.481299 0.514565 0.171983 0.160214 0.181731 0.191567 0.127940 0.179896 0.128758 0.133715 0.410122 0.302492 0.280433 0.285624 0.313575 0.210806 0.242585 0.261504 0.441665 0.439198 0.612270 0.592047 0.377109 0.283220 0.191196 0.216080 0.143037 0.204606 0.437566 0.340656 0.270009 0.497747 0.982207 0.794116 0.407780 0.539675 0.569668 0.663665 0.581672 0.747306 0.478841 0.515332 0.315313 0.560667 0.241931 0.253642 0.522618 0.551531 0.247709 0.296708 0.298249 0.276034 0.698277 0.565192 0.640677 0.433450 0.588363 0.341553 0.341529 0.451215 0.427341 0.971043
0.163727 0.000000 0.488739 0.407324 0.666286 0.589942 0.359722 0.244518 0.444958 0.346853 0.230483 0.129646 0.159618 0.152349 0.192463 0.207314 0.147006 0.123505 0.175188 0.162660 0.529329 0.837343 0.324454 0.487038 0.739724 0.832799 0.948254 0.902212 0.153833 0.167324 0.348755 0.417694 0.215604 0.227705 0.564924 0.681442 0.378676 0.443815 0.823395 0.676547 0.661366 0.455963 0.259523 0.227718 0.272282 0.222000 0.289567 0.238676 0.659087 0.388681 0.472735 0.373860 0.548532 0.630299 0.610558 0.620656 0.109226 0.097826 0.258755 0.258315 0.213279 0.223233 0.157915 0.124431 0.543430 0.436422 0.407068 0.381730 0.360705 0.247574 0.239827 0.269588 0.522987 0.542927 0.675224 0.574622 0.305065 0.263322 0.252245 0.218331 0.155734 0.218523 0.373132 0.330792 0.324106 0.486342 0.874324 0.814774 0.501029 0.556397 0.645907 0.700677 0.659699 0.836191 0.446896 0.505997 0.357767 0.462149 0.271657 0.250070 0.548949 0.686230 0.285686 0.267691 0.334977 0.282362 0.757950 0.592205 0.605060 0.447686 0.542650 0.350779 0.437073 0.382174 0.451063 0.867352
0.336441 0.488739 0.000000 0.138851 0.664060 0.557648 0.144245 0.229997 0.429488 0.356659 0.331359 0.383286 0.329781 0.456639 0.405700 0.383829 0.426119 0.390908 0.264003 0.335811 0.446659 0.828738 0.268004 0.457642 0.523788 0.397865 0.998492 0.884473 0.440675 0.346053 0.213216 0.352263 0.231715 0.254730 0.382204 0.684586 0.381633 0.466222 0.582965 0.603082 0.743002 0.681066 0.295675 0.305586 0.506760 0.429000 0.374220 0.323375 0.963702 0.609853 0.698252 0.584099 0.593935 0.512955 0.470343 0.586746 0.519515 0.505446 0.319053 0.346572 0.251107 0.354511 0.343493 0.384020 0.189549 0.174806 0.191704 0.224134 0.475748 0.302499 0.359737 0.382417 0.421791 0.436115 0.502612 0.796707 0.474049 0.449293 0.345861 0.426261 0.334450 0.284271 0.584590 0.356534 0.308045 0.444853 0.938768 0.901147 0.395850 0.479858 0.546718 0.609071 0.542327 0.675702 0.588678 0.622330 0.460166 0.698486 0.471019 0.418415 0.535921 0.377589 0.435474 0.350340 0.391102 0.389304 0.750454 0.647266 0.640622 0.465148 0.704083 0.603115 0.472629 0.602046 0.562371 0.944247
0.307539 0.407324 0.138851 0.000000 0.681775 0.473417 0.153691 0.155096 0.419269 0.264764 0.352995 0.292086 0.265500 0.323317 0.292798 0.263001 0.363527 0.322018 0.225634 0.281894 0.401401 0.767362 0.177634 0.346985 0.499588 0.409335 0.977983 0.964748 0.355133 0.266479 0.178325 0.272769 0.186109 0.197200 0.351281 0.656788 0.312733 0.452118 0.530399 0.570342 0.727808 0.566239 0.252763 0.270431 0.449891 0.388498 0.323375 0.265760 0.975889 0.560952 0.665377 0.545164 0.571635 0.526455 0.449801 0.565571 0.446009 0.418963 0.313455 0.346298 0.249792 0.304588 0.288580 0.291845 0.208634 0.181519 0.192609 0.202560 0.514268 0.288113 0.263030 0.341670 0.480057 0.560161 0.483138 0.719902 0.398962 0.384082 0.283768 0.381419 0.242016 0.194236 0.452284 0.259372 0.249084 0.341775 0.948966 0.941393 0.357924 0.406553 0.510334 0.546894 0.480789 0.650959 0.547214 0.499832 0.403872 0.618691 0.406022 0.312731 0.479475 0.397866 0.339076 0.297339 0.323608 0.314446 0.802649 0.612156 0.651609 0.414099 0.650124 0.498260 0.440493 0.486529 0.563783 0.955379
0.629011 0.666286 0.664060 0.681775 0.000000 0.812216 0.628815 0.609928 0.744901 0.666791 0.737164 0.687521 0.624954 0.690796 0.655928 0.676653 0.715403 0.682307 0.610643 0.739124 0.703307 0.898055 0.674266 0.752960 0.943897 0.994919 0.894498 0.771412 0.660725 0.710851 0.802069 0.856775 0.617421 0.679681 0.722048 0.818456 0.789030 0.678597 0.891438 0.816631 0.913088 0.632549 0.578777 0.605244 0.547720 0.581730 0.658390 0.629813 0.736496 0.656949 0.594487 0.576500 0.666976 0.647129 0.717116 0.793830 0.652123 0.695868 0.615264 0.602426 0.570339 0.573079 0.628962 0.634286 0.665073 0.641355 0.632608 0.624818 0.720277 0.712261 0.634374 0.689330 0.885463 0.905957 0.863851 0.993632 0.778902 0.778553 0.747144 0.790443 0.679913 0.709043 0.656519 0.662793 0.634845 0.674416 0.989769 0.817314 0.847793 0.715726 0.705462 0.722699 0.730217 0.789848 0.938933 0.792520 0.712103 0.829467 0.634466 0.600873 0.687336 0.690890 0.560045 0.603929 0.550120 0.709126 0.733983 0.694075 0.803314 0.912022 0.648953 0.650714 0.703732 0.763909 0.728675 0.954534
0.547122 0.589942 0.557648 0.473417 0.812216 0.000000 0.456575 0.416050 0.590070 0.422916 0.584973 0.516820 0.518286 0.596198 0.572516 0.560413 0.604887 0.551154 0.555869 0.555344 0.728704 0.858548 0.536099 0.727484 0.865720 0.596120 0.983117 0.718430 0.595774 0.579713 0.573801 0.633124 0.522698 0.527124 0.597497 0.829167 0.583184 0.828460 0.803094 0.776352 0.797196 0.596265 0.450753 0.558006 0.503877 0.529197 0.456888 0.551513 0.840472 0.703080 0.654938 0.610241 0.643984 0.690586 0.690606 0.631083 0.621623 0.623313 0.586975 0.618885 0.543734 0.568157 0.523967 0.533767 0.590509 0.522452 0.457626 0.463636 0.789614 0.633732 0.453436 0.462429 0.736929 0.805001 0.740138 0.752271 0.575760 0.547354 0.550646 0.674088 0.495984 0.530432 0.749758 0.588778 0.537690 0.718008 0.836423 0.767736 0.700584 0.696218 0.414045 0.470200 0.377618 0.590382 0.747008 0.691479 0.484398 0.723060 0.429517 0.429552 0.505361 0.504379 0.575664 0.497225 0.505399 0.496911 0.905914 0.577504 0.816088 0.603758 0.784943 0.477925 0.461692 0.725677 0.624287 0.965003
0.240098 0.359722 0.144245 0.153691 0.628815 0.456575 0.000000 0.130335 0.374654 0.223497 0.270854 0.275594 0.256598 0.364437 0.337915 0.327768 0.303100 0.273459 0.170878 0.262688 0.473115 0.829495 0.260214 0.512204 0.683274 0.566548 0.917120 0.825681 0.339802 0.261558 0.247668 0.352098 0.179525 0.172325 0.387200 0.667632 0.382254 0.452623 0.591148 0.596132 0.698402 0.552473 0.216537 0.205395 0.327604 0.274375 0.298325 0.240178 0.934656 0.542302 0.571690 0.473872 0.528584 0.465354 0.445644 0.596577 0.359738 0.361823 0.219663 0.276953 0.165934 0.274961 0.226092 0.262232 0.259139 0.177374 0.135554 0.138803 0.441679 0.266611 0.273864 0.263007 0.421236 0.449807 0.489991 0.714059 0.400823 0.342652 0.282401 0.363901 0.223938 0.222301 0.538605 0.335745 0.293340 0.477357 0.991045 0.805678 0.371625 0.548405 0.464742 0.501370 0.448841 0.604976 0.572568 0.495052 0.350035 0.584575 0.307292 0.271740 0.444599 0.315410 0.329313 0.269293 0.309850 0.290111 0.731348 0.567298 0.549678 0.367786 0.562319 0.427172 0.326055 0.475438 0.504546 0.911133
0.198101 0.244518 0.229997 0.155096 0.609928 0.416050 0.130335 0.000000 0.348273 0.163141 0.272182 0.172768 0.176990 0.218233 0.220706 0.215460 0.223432 0.198691 0.160715 0.200927 0.452102 0.772701 0.205833 0.426943 0.683009 0.608397 0.912154 0.924864 0.247221 0.194166 0.246811 0.328754 0.146908 0.142960 0.372935 0.604585 0.349041 0.407395 0.666459 0.573902 0.632322 0.490385 0.184457 0.195222 0.254359 0.234229 0.263243 0.221063 0.800819 0.450371 0.488344 0.385331 0.478591 0.469031 0.479341 0.572508 0.278268 0.262939 0.238618 0.268436 0.164616 0.190029 0.179766 0.156011 0.307505 0.217562 0.172955 0.182722 0.463726 0.243450 0.217879 0.263226 0.466150 0.546147 0.551745 0.649107 0.313783 0.253349 0.215807 0.333533 0.158145 0.172816 0.407620 0.276547 0.244038 0.405177 0.951105 0.825270 0.403732 0.459800 0.378119 0.430170 0.373734 0.563875 0.468061 0.399296 0.279387 0.496128 0.215277 0.171442 0.363045 0.378730 0.250390 0.211083 0.235698 0.241875 0.723086 0.475755 0.575580 0.363326 0.523377 0.335756 0.302275 0.388917 0.470538 0.948952
0.395081 0.444958 0.429488 0.419269 0.744901 0.590070 0.374654 0.348273 0.000000 0.336383 0.405372 0.390706 0.402664 0.496522 0.488595 0.468821 0.447444 0.439933 0.418997 0.379340 0.693506 0.959119 0.486432 0.734116 0.747855 0.727522 0.931452 0.805095 0.445802 0.429563 0.432508 0.595165 0.387770 0.386413 0.525497 0.771605 0.464002 0.544240 0.818107 0.727257 0.737932 0.742089 0.441226 0.425489 0.448387 0.424679 0.445044 0.465814 0.876356 0.571601 0.603212 0.518436 0.615430 0.640199 0.640311 0.662853 0.461934 0.459747 0.435156 0.433496 0.348458 0.336352 0.439022 0.432579 0.455357 0.394206 0.421390 0.412807 0.423961 0.434733 0.419815 0.494974 0.376057 0.413043 0.675227 0.634307 0.481794 0.410781 0.509662 0.505504 0.431421 0.471164 0.677927 0.569791 0.524013 0.696537 0.875152 0.645679 0.616537 0.711962 0.544572 0.544297 0.541654 0.587156 0.606227 0.579385 0.567358 0.822699 0.382866 0.424709 0.536274 0.483478 0.515757 0.410607 0.488676 0.512998 0.748005 0.588713 0.739027 0.548491 0.524934 0.554919 0.429535 0.638216 0.585721 0.869158
0.303667 0.346853 0.356659 0.264764 0.666791 0.422916 0.223497 0.163141 0.336383 0.000000 0.331545 0.260619 0.299253 0.337948 0.328169 0.342324 0.297301 0.295645 0.280030 0.314945 0.584765 0.737464 0.347978 0.576545 0.821597 0.664144 0.869569 0.914611 0.331082 0.279017 0.371744 0.432751 0.258393 0.253122 0.388474 0.678350 0.456846 0.520376 0.714796 0.603962 0.753468 0.487578 0.307806 0.326895 0.333209 0.342805 0.422646 0.340514 0.858412 0.545148 0.556222 0.459950 0.540259 0.533086 0.564034 0.581041 0.379552 0.391544 0.357343 0.388253 0.276246 0.276455 0.301365 0.272291 0.413121 0.290315 0.273744 0.290295 0.485665 0.312250 0.323582 0.343509 0.412621 0.506551 0.619371 0.536224 0.378940 0.279001 0.330386 0.420946 0.244515 0.281380 0.533848 0.378146 0.415621 0.587605 0.969521 0.752845 0.526445 0.609485 0.393892 0.404700 0.375405 0.527646 0.566949 0.397076 0.375163 0.557481 0.230434 0.220483 0.406690 0.389167 0.359735 0.274697 0.349015 0.339060 0.715792 0.483177 0.669205 0.413237 0.531350 0.403610 0.339385 0.428454 0.526396 0.956873
0.143894 0.230483 0.331359 0.352995 0.737164 0.584973 0.270854 0.272182 0.405372 0.331545 0.000000 0.157439 0.174339 0.270646 0.271497 0.263056 0.156472 0.156340 0.170214 0.154852 0.555453 0.934510 0.362465 0.519608 0.768984 0.717226 0.903760 0.821591 0.210671 0.164016 0.318432 0.367185 0.212752 0.195891 0.540334 0.692744 0.435130 0.483767 0.753652 0.665657 0.586465 0.604511 0.337021 0.289346 0.430399 0.324846 0.341239 0.333314 0.939351 0.547369 0.625833 0.523207 0.619802 0.702851 0.594049 0.643422 0.205114 0.220896 0.264740 0.295889 0.164416 0.226467 0.165614 0.187551 0.448581 0.296323 0.327474 0.364762 0.266015 0.226137 0.313316 0.311099 0.361184 0.351125 0.668086 0.564705 0.402015 0.301409 0.216837 0.200710 0.183903 0.233068 0.457402 0.371449 0.377193 0.579579 0.969260 0.773434 0.470990 0.657921 0.694647 0.791292 0.725307 0.875763 0.568756 0.578972 0.426740 0.631464 0.368791 0.354265 0.602373 0.587200 0.359362 0.334499 0.414277 0.345326 0.748810 0.731995 0.664263 0.444684 0.665818 0.459095 0.426095 0.488329 0.488122 0.960256
0.138938 0.129646 0.383286 0.292086 0.687521 0.516820 0.275594 0.172768 0.390706 0.260619 0.157439 0.000000 0.108570 0.120750 0.140862 0.139086 0.110119 0.089086 0.132473 0.119739 0.515793 0.832101 0.251376 0.411260 0.729681 0.745777 0.935549 0.943930 0.124745 0.104394 0.281761 0.318784 0.147881 0.163117 0.533238 0.679430 0.349425 0.452933 0.757776 0.611754 0.600628 0.475333 0.267466 0.237651 0.325500 0.255557 0.281673 0.262173 0.776271 0.461130 0.545884 0.435392 0.578895 0.638961 0.576647 0.643363 0.139745 0.133395 0.261859 0.272922 0.162804 0.161996 0.113302 0.086204 0.464644 0.313067 0.342179 0.341734 0.349470 0.210421 0.219905 0.255700 0.469105 0.522535 0.644732 0.564122 0.300453 0.214133 0.169368 0.202815 0.114515 0.158114 0.312047 0.250341 0.281212 0.430960 0.975162 0.857576 0.438507 0.556076 0.609978 0.678025 0.617657 0.818416 0.434624 0.466917 0.350167 0.494259 0.272891 0.236483 0.522022 0.581704 0.266852 0.255410 0.302853 0.290320 0.765380 0.607120 0.646119 0.389370 0.583009 0.352787 0.379958 0.371317 0.457221 0.937527
0.131058 0.159618 0.329781 0.265500 0.624954 0.518286 0.256598 0.176990 0.402664 0.299253 0.174339 0.108570 0.000000 0.127994 0.111070 0.134867 0.156685 0.131653 0.150023 0.168713 0.439460 0.856247 0.199330 0.350989 0.648411 0.687232 0.969603 0.934075 0.165642 0.138507 0.244950 0.327087 0.154094 0.180133 0.519332 0.691232 0.303721 0.397028 0.706512 0.637079 0.607728 0.473476 0.252014 0.231627 0.321676 0.253165 0.251651 0.249119 0.770599 0.434522 0.516154 0.398685 0.563328 0.587075 0.539593 0.609671 0.177646 0.159253 0.251580 0.264468 0.137837 0.161453 0.108994 0.102966 0.363330 0.287736 0.322375 0.335291 0.407613 0.256324 0.229466 0.277133 0.485830 0.513726 0.642682 0.595086 0.361007 0.253074 0.189934 0.236991 0.133462 0.174669 0.314075 0.251961 0.201918 0.352889 0.993982 0.912775 0.405896 0.456861 0.609471 0.676835 0.611515 0.814071 0.444361 0.460353 0.347550 0.506203 0.300544 0.268388 0.556406 0.572481 0.261387 0.271627 0.304143 0.266832 0.733571 0.593713 0.614597 0.415179 0.626601 0.389221 0.398149 0.417380 0.446819 0.989707
0.223255 0.152349 0.456639 0.323317 0.690796 0.596198 0.364437 0.218233 0.496522 0.337948 0.270646 0.120750 0.127994 0.000000 0.112111 0.111536 0.180520 0.150390 0.203932 0.195169 0.471165 0.813455 0.204210 0.298755 0.649777 0.737870 0.971736 0.970842 0.143034 0.138375 0.271450 0.309734 0.186346 0.217824 0.537022 0.690982 0.364653 0.457166 0.746128 0.613891 0.657136 0.458529 0.301051 0.279485 0.376100 0.309145 0.303583 0.275196 0.741801 0.487094 0.570297 0.473993 0.585620 0.656031 0.594588 0.664344 0.187998 0.169382 0.320224 0.339088 0.225050 0.204080 0.151875 0.108790 0.464626 0.364009 0.402795 0.401282 0.466398 0.300652 0.267252 0.359397 0.580742 0.679488 0.729457 0.628358 0.325388 0.245640 0.224030 0.271681 0.162739 0.180234 0.233787 0.242352 0.237882 0.309110 0.966828 0.991588 0.465778 0.476482 0.685653 0.737280 0.691445 0.906286 0.428807 0.469734 0.395547 0.451764 0.370828 0.293427 0.576571 0.672150 0.280420 0.292083 0.343011 0.303810 0.812366 0.624314 0.641358 0.439830 0.619782 0.418273 0.457047 0.390339 0.492680 0.988254
0.218517 0.192463 0.405700 0.292798 0.655928 0.572516 0.337915 0.220706 0.488595 0.328169 0.271497 0.140862 0.111070 0.112111 0.000000 0.127154 0.203284 0.170436 0.221707 0.228851 0.422356 0.805055 0.198879 0.324150 0.608525 0.672720 0.952522 0.998446 0.192720 0.159763 0.266824 0.331236 0.196932 0.229698 0.517671 0.730596 0.306307 0.436096 0.742440 0.595453 0.643127 0.481429 0.296291 0.263060 0.370545 0.297959 0.312716 0.267844 0.744551 0.464520 0.555240 0.426809 0.572688 0.601295 0.547197 0.613118 0.222518 0.194747 0.323782 0.325810 0.210340 0.188946 0.169973 0.134956 0.390177 0.323699 0.398665 0.399654 0.480739 0.316462 0.274199 0.329838 0.544281 0.639367 0.700945 0.631761 0.359480 0.267589 0.218668 0.282810 0.170436 0.187239 0.291315 0.249070 0.214901 0.305031 0.916764 0.968859 0.413616 0.408718 0.652970 0.697834 0.648530 0.858549 0.427149 0.441770 0.375210 0.505363 0.349700 0.286680 0.590373 0.625856 0.288061 0.283242 0.315903 0.307250 0.741193 0.594484 0.663463 0.457196 0.659135 0.403257 0.441306 0.396441 0.488606 0.984873
0.250770 0.207314 0.383829 0.263001 0.676653 0.560413 0.327768 0.215460 0.468821 0.342324 0.263056 0.139086 0.134867 0.111536 0.127154 0.000000 0.196698 0.153825 0.196800 0.199488 0.448494 0.821662 0.156862 0.249847 0.568308 0.651155 0.968757 0.999325 0.158226 0.128638 0.243926 0.270506 0.184389 0.211292 0.561804 0.723782 0.321671 0.462445 0.679133 0.582434 0.657975 0.457294 0.276866 0.255304 0.426945 0.344112 0.309276 0.278911 0.851143 0.540201 0.631426 0.527480 0.627530 0.682257 0.626620 0.682402 0.214953 0.202102 0.343020 0.367188 0.221594 0.205066 0.169282 0.129577 0.393784 0.295409 0.372150 0.376102 0.458883 0.298724 0.252687 0.310719 0.539226 0.639989 0.695328 0.613666 0.339972 0.243152 0.215024 0.253188 0.158971 0.162274 0.238824 0.213023 0.236422 0.279162 0.977826 0.946922 0.451418 0.424126 0.677453 0.713719 0.684747 0.879449 0.490612 0.427136 0.440851 0.489184 0.394596 0.303024 0.584345 0.616601 0.274977 0.261505 0.323382 0.292132 0.793275 0.702291 0.627524 0.414612 0.691642 0.448643 0.463892 0.410518 0.523400 0.975861
0.150096 0.147006 0.426119 0.363527 0.715403 0.604887 0.303100 0.223432 0.447444 0.297301 0.156472 0.110119 0.156685 0.180520 0.203284 0.196698 0.000000 0.095474 0.150790 0.138435 0.537191 0.806211 0.336582 0.488640 0.772359 0.795943 0.949894 0.867416 0.129075 0.112772 0.339361 0.347639 0.192731 0.157306 0.564801 0.699701 0.400287 0.477978 0.777242 0.624385 0.591082 0.499632 0.301634 0.237410 0.348878 0.274425 0.303448 0.280300 0.820686 0.490770 0.597341 0.465759 0.635845 0.687728 0.620357 0.658029 0.131359 0.133127 0.250508 0.270256 0.191406 0.201700 0.136875 0.120659 0.517106 0.346385 0.361941 0.347002 0.311776 0.196157 0.285587 0.294503 0.420577 0.461723 0.665888 0.517638 0.328690 0.258981 0.163386 0.165170 0.117467 0.170721 0.385660 0.296004 0.354623 0.510860 0.942771 0.853942 0.485909 0.609871 0.685535 0.729728 0.692103 0.829606 0.457502 0.467582 0.377069 0.470273 0.313259 0.255421 0.598491 0.619406 0.282310 0.262808 0.349896 0.289942 0.780436 0.649816 0.647820 0.394322 0.559387 0.363102 0.435258 0.335386 0.532965 0.851503
0.145380 0.123505 0.390908 0.322018 0.682307 0.551154 0.273459 0.198691 0.439933 0.295645 0.156340 0.089086 0.131653 0.150390 0.170436 0.153825 0.095474 0.000000 0.120621 0.113362 0.489131 0.839656 0.281804 0.432038 0.730549 0.776428 0.939968 0.902255 0.111894 0.092624 0.313564 0.323904 0.159833 0.154215 0.547519 0.708895 0.381486 0.462996 0.770798 0.621010 0.628118 0.463968 0.255114 0.201973 0.338105 0.251540 0.288331 0.242005 0.827245 0.486715 0.593099 0.468482 0.600952 0.666988 0.588843 0.666209 0.108849 0.116767 0.258173 0.273893 0.173344 0.198636 0.109951 0.097785 0.480523 0.331577 0.343165 0.338696 0.322322 0.212399 0.243663 0.240813 0.449023 0.492806 0.640674 0.584423 0.294506 0.213462 0.159876 0.170729 0.100615 0.144782 0.333896 0.257027 0.313943 0.460701 0.996788 0.855657 0.484181 0.582831 0.641209 0.690452 0.648604 0.823388 0.472502 0.454586 0.377494 0.483549 0.300940 0.238731 0.574028 0.598357 0.265285 0.244656 0.303809 0.281855 0.771042 0.675186 0.621357 0.377591 0.568693 0.342411 0.385251 0.362073 0.468762 0.902233
0.142622 0.175188 0.264003 0.225634 0.610643 0.555869 0.170878 0.160715 0.418997 0.280030 0.170214 0.132473 0.150023 0.203932 0.221707 0.196800 0.150790 0.120621 0.000000 0.128555 0.481620 0.853392 0.240337 0.420253 0.651332 0.681841 0.923156 0.805587 0.165487 0.134128 0.235930 0.282392 0.135376 0.128985 0.461641 0.646748 0.372181 0.432230 0.646554 0.590235 0.683711 0.472753 0.215353 0.186827 0.333567 0.259644 0.271659 0.199692 0.876040 0.485848 0.587829 0.463816 0.583111 0.587856 0.541133 0.686734 0.180135 0.189781 0.215229 0.239608 0.138120 0.216182 0.119402 0.135876 0.386009 0.251771 0.251848 0.245573 0.318835 0.195045 0.199843 0.228312 0.436466 0.463866 0.557762 0.617941 0.333835 0.260739 0.191262 0.206577 0.120999 0.142933 0.354438 0.248512 0.280493 0.429001 0.987628 0.835765 0.428926 0.575003 0.627817 0.686510 0.630854 0.808978 0.510691 0.494056 0.344998 0.486330 0.319837 0.253831 0.548335 0.511542 0.283603 0.245140 0.311921 0.276260 0.691883 0.644738 0.566100 0.366393 0.561339 0.384109 0.404827 0.427089 0.460279 0.915000
0.155503 0.162660 0.335811 0.281894 0.739124 0.555344 0.262688 0.200927 0.379340 0.314945 0.154852 0.119739 0.168713 0.195169 0.228851 0.199488 0.138435 0.113362 0.128555 0.000000 0.477002 0.847592 0.292854 0.433492 0.658982 0.687709 0.954335 0.886593 0.160523 0.120707 0.255782 0.276204 0.174730 0.149557 0.520716 0.680862 0.387092 0.463381 0.751385 0.628682 0.598639 0.563223 0.256774 0.222216 0.379309 0.281272 0.289789 0.265364 0.879028 0.491318 0.622446 0.503119 0.615013 0.670387 0.585292 0.656121 0.173807 0.172538 0.265426 0.273320 0.194341 0.223444 0.154987 0.145353 0.471502 0.327306 0.321070 0.321640 0.289734 0.204564 0.228682 0.262121 0.376282 0.413186 0.635470 0.591664 0.331463 0.241643 0.177820 0.163569 0.132660 0.156487 0.400492 0.300996 0.348885 0.490673 0.996391 0.819362 0.435730 0.621311 0.656735 0.732596 0.669859 0.846731 0.474571 0.541292 0.397574 0.570291 0.345156 0.290738 0.557410 0.588481 0.318903 0.279250 0.355684 0.286363 0.746019 0.684374 0.601488 0.375544 0.584436 0.402776 0.437823 0.407954 0.465822 0.920025
0.518352 0.529329 0.446659 0.401401 0.703307 0.728704 0.473115 0.452102 0.693506 0.584765 0.555453 0.515793 0.439460 0.471165 0.422356 0.448494 0.537191 0.489131 0.481620 0.477002 0.000000 0.777541 0.400206 0.464329 0.481497 0.630439 0.976619 0.986550 0.543597 0.469190 0.444442 0.569258 0.475501 0.457777 0.638142 0.865953 0.485761 0.550212 0.654463 0.713068 0.706726 0.634262 0.495550 0.481656 0.647353 0.565646 0.519431 0.484924 0.923885 0.621003 0.764930 0.687593 0.777527 0.660860 0.525977 0.716427 0.579452 0.532472 0.536257 0.537500 0.503468 0.523688 0.483363 0.480460 0.474944 0.535438 0.535809 0.539416 0.672027 0.598575 0.499139 0.517950 0.614796 0.753310 0.739777 0.909209 0.574010 0.527312 0.471729 0.554063 0.477563 0.431294 0.578719 0.499445 0.437332 0.523270 0.965134 0.959195 0.642731 0.527677 0.708742 0.741719 0.680400 0.869241 0.622504 0.548888 0.602515 0.747771 0.662229 0.562412 0.757870 0.691420 0.505098 0.513667 0.497036 0.456718 0.844352 0.775899 0.536802 0.605201 0.771226 0.710890 0.543032 0.635927 0.661438 0.887380
0.869787 0.837343 0.828738 0.767362 0.898055 0.858548 0.829495 0.772701 0.959119 0.737464 0.934510 0.832101 0.856247 0.813455 0.805055 0.821662 0.806211 0.839656 0.853392 0.847592 0.777541 0.000000 0.774444 0.831203 0.966226 0.884029 0.875136 0.948181 0.800038 0.788785 0.803424 0.826606 0.809131 0.777853 0.852737 0.789142 0.735275 0.728261 0.876554 0.699036 0.824101 0.789048 0.736679 0.745988 0.831098 0.836898 0.890332 0.865858 0.875216 0.898816 0.929483 0.832655 0.833257 0.778017 0.880194 0.892897 0.882249 0.887689 0.828281 0.918952 0.897639 0.877194 0.872304 0.840859 0.868886 0.842887 0.821929 0.823176 0.955765 0.775398 0.752690 0.816440 0.849150 0.926205 0.823317 0.695019 0.868410 0.825362 0.816451 0.808969 0.808208 0.808455 0.802079 0.769227 0.851142 0.827091 0.909251 0.895693 0.760230 0.884476 0.926420 0.903037 0.905673 0.857723 0.809237 0.721621 0.901016 0.824456 0.803737 0.771132 0.795066 0.741562 0.806479 0.657187 0.793366 0.755207 0.981776 0.820239 0.878017 0.798593 0.890030 0.855242 0.847531 0.762088 0.852039 0.970739
0.323817 0.324454 0.268004 0.177634 0.674266 0.536099 0.260214 0.205833 0.486432 0.347978 0.362465 0.251376 0.199330 0.204210 0.198879 0.156862 0.336582 0.281804 0.240337 0.292854 0.400206 0.774444 0.000000 0.199278 0.463816 0.489920 0.926829 0.997961 0.284597 0.242832 0.171655 0.224151 0.203657 0.249447 0.480446 0.660016 0.288880 0.455295 0.614021 0.621874 0.763479 0.470451 0.283287 0.308004 0.484894 0.417784 0.353942 0.305160 0.956780 0.608422 0.691425 0.576518 0.612707 0.592282 0.556476 0.685098 0.369639 0.354169 0.389902 0.420176 0.264006 0.305113 0.240347 0.236031 0.258556 0.247458 0.322707 0.338495 0.584694 0.375719 0.238992 0.346564 0.562989 0.658809 0.648754 0.763465 0.389911 0.318141 0.305757 0.366925 0.218841 0.190776 0.311182 0.221566 0.169479 0.211282 0.983783 0.912398 0.372116 0.392476 0.628636 0.656031 0.603886 0.823954 0.535954 0.435161 0.435372 0.542798 0.450481 0.340936 0.550633 0.553237 0.344852 0.315238 0.393572 0.301243 0.839306 0.642238 0.632196 0.468102 0.747672 0.515907 0.494082 0.529958 0.513256 0.959278
0.541614 0.487038 0.457642 0.346985 0.752960 0.727484 0.512204 0.426943 0.734116 0.576545 0.519608 0.411260 0.350989 0.298755 0.324150 0.249847 0.488640 0.432038 0.420253 0.433492 0.464329 0.831203 0.199278 0.000000 0.378846 0.563517 0.951607 0.916714 0.386905 0.352602 0.323234 0.273963 0.379718 0.424692 0.638931 0.758443 0.430844 0.602631 0.642351 0.755889 0.858789 0.629652 0.508819 0.526503 0.760177 0.687567 0.561841 0.516273 0.912362 0.839322 0.927667 0.838915 0.860522 0.857436 0.746545 0.861253 0.517230 0.507097 0.640464 0.660824 0.485884 0.494139 0.407106 0.393633 0.446736 0.433965 0.558869 0.609072 0.729132 0.550963 0.426966 0.561700 0.694635 0.802965 0.799020 0.816012 0.556834 0.477334 0.448645 0.471157 0.381670 0.318230 0.326522 0.310601 0.330703 0.233038 0.901494 0.723016 0.510270 0.461597 0.871706 0.914566 0.850195 0.931735 0.668828 0.579226 0.669937 0.599616 0.726945 0.566202 0.715733 0.793492 0.552761 0.497409 0.561917 0.519759 0.997084 0.879271 0.703127 0.639701 0.881927 0.695126 0.772581 0.593542 0.705474 0.973692
0.785387 0.739724 0.523788 0.499588 0.943897 0.865720 0.683274 0.683009 0.747855 0.821597 0.768984 0.729681 0.648411 0.649777 0.608525 0.568308 0.772359 0.730549 0.651332 0.658982 0.481497 0.966226 0.463816 0.378846 0.000000 0.411620 0.811827 0.944581 0.699557 0.660581 0.430397 0.545232 0.646647 0.670768 0.682799 0.907820 0.579640 0.794546 0.623140 0.869154 0.860742 0.867554 0.695717 0.723925 0.971303 0.896579 0.695230 0.672226 0.781920 0.932405 0.860174 0.986837 0.958708 0.987008 0.794348 0.946074 0.818608 0.764615 0.830347 0.788703 0.743460 0.774079 0.750339 0.737512 0.527708 0.618457 0.746857 0.744043 0.773836 0.789574 0.619837 0.700521 0.635435 0.779620 0.822410 0.985270 0.744319 0.742916 0.719506 0.680867 0.678033 0.582212 0.699454 0.600315 0.605430 0.496161 0.957700 0.928276 0.756314 0.600280 0.975139 0.984571 0.894004 0.967763 0.755892 0.822163 0.843927 0.877399 0.942157 0.859872 0.939196 0.886785 0.887530 0.721268 0.760577 0.730421 0.974563 0.931243 0.776338 0.770374 0.919921 0.942123 0.963166 0.824940 0.868096 0.863700
0.758176 0.832799 0.397865 0.409335 0.994919 0.596120 0.566548 0.608397 0.727522 0.664144 0.717226 0.745777 0.687232 0.737870 0.672720 0.651155 0.795943 0.776428 0.681841 0.687709 0.630439 0.884029 0.489920 0.563517 0.411620 0.000000 0.715124 0.779367 0.742090 0.707829 0.405302 0.514480 0.591125 0.614736 0.469883 0.795857 0.582907 0.880245 0.617541 0.708670 0.937525 0.820570 0.609070 0.658461 0.853665 0.780276 0.572707 0.602118 0.908937 0.830437 0.972402 0.834906 0.779556 0.812282 0.638412 0.658601 0.905772 0.855860 0.671716 0.669536 0.661874 0.714878 0.747926 0.767984 0.382229 0.433107 0.522248 0.529019 0.788070 0.690334 0.672316 0.698534 0.636810 0.727027 0.655524 0.949614 0.735305 0.774215 0.715969 0.697555 0.664031 0.584536 0.802368 0.629051 0.546704 0.526233 0.977400 0.904619 0.577676 0.516289 0.841907 0.892471 0.761133 0.939431 0.716960 0.869932 0.737093 0.915177 0.838520 0.737671 0.801673 0.721589 0.787763 0.682767 0.768805 0.665393 0.903421 0.867242 0.912125 0.753588 0.908395 0.872854 0.825680 0.855826 0.692246 0.975727
0.892470 0.948254 0.998492 0.977983 0.894498 0.983117 0.917120 0.912154 0.931452 0.869569 0.903760 0.935549 0.969603 0.971736 0.952522 0.968757 0.949894 0.939968 0.923156 0.954335 0.976619 0.875136 0.926829 0.951607 0.811827 0.715124 0.000000 0.886447 0.993042 0.972777 0.872673 0.902160 0.953870 0.985388 0.919727 0.939898 0.997400 0.915182 0.938738 0.878960 0.921427 0.948235 0.950431 0.929711 0.928518 0.943353 0.945939 0.990704 0.955491 0.968452 0.842130 0.954034 0.991583 0.956164 0.905082 0.958165 0.957837 0.996968 0.955475 0.968706 0.906591 0.889750 0.910331 0.909075 0.935522 0.998641 0.949273 0.994820 0.929036 0.971490 0.980258 0.956842 0.983158 0.959250 0.962394 0.861671 0.986750 0.865993 0.995819 0.902560 0.951644 0.955392 0.959383 0.987575 0.992094 0.929143 0.924009 0.845571 0.840195 0.881828 0.781868 0.847487 0.813727 0.823426 0.896654 0.890652 0.915820 0.933229 0.836908 0.913187 0.936892 0.995113 0.885587 0.946865 0.809690 0.983319 0.927361 0.952835 0.859194 0.871167 0.906440 0.919797 0.852069 0.949136 0.995967 0.938092
0.851490 0.902212 0.884473 0.964748 0.771412 0.718430 0.825681 0.924864 0.805095 0.914611 0.821591 0.943930 0.934075 0.970842 0.998446 0.999325 0.867416 0.902255 0.805587 0.886593 0.986550 0.948181 0.997961 0.916714 0.944581 0.779367 0.886447 0.000000 0.917249 0.895745 0.988221 0.965211 0.952902 0.848686 0.968373 0.934160 0.934950 0.828086 0.779560 0.910704 0.904355 0.921411 0.895292 0.861367 0.865031 0.855734 0.973149 0.832873 0.944512 0.835915 0.903406 0.854283 0.946633 0.828664 0.935308 0.911587 0.848380 0.902378 0.881954 0.898932 0.835178 0.899876 0.915000 0.941085 0.933192 0.924622 0.860881 0.890098 0.837893 0.835552 0.899577 0.866740 0.747271 0.716578 0.953166 0.984127 0.959221 0.967075 0.928412 0.853845 0.921004 0.955552 0.976477 0.952432 0.994007 0.932255 0.919621 0.998747 0.948004 0.949730 0.960494 0.944600 0.986131 0.902342 0.977315 0.909562 0.977066 0.951016 0.893285 0.959374 0.833797 0.880466 0.869325 0.913726 0.940102 0.909851 0.817210 0.985960 0.920987 0.944971 0.709779 0.924382 0.964370 0.997296 0.989429 0.987718
0.204587 0.153833 0.440675 0.355133 0.660725 0.595774 0.339802 0.247221 0.445802 0.331082 0.210671 0.124745 0.165642 0.143034 0.192720 0.158226 0.129075 0.111894 0.165487 0.160523 0.543597 0.800038 0.284597 0.386905 0.699557 0.742090 0.993042 0.917249 0.000000 0.114933 0.301420 0.300054 0.169022 0.168160 0.549786 0.701815 0.394761 0.532073 0.734853 0.610849 0.700024 0.457028 0.301932 0.249210 0.389145 0.299285 0.289898 0.254889 0.805940 0.513698 0.615883 0.489260 0.621143 0.697158 0.599541 0.664760 0.147616 0.159360 0.286567 0.313108 0.204147 0.204478 0.139939 0.126696 0.493305 0.333275 0.362926 0.356466 0.329717 0.214193 0.290102 0.344461 0.470888 0.537073 0.677308 0.579078 0.352796 0.243250 0.194938 0.196409 0.123095 0.166278 0.309164 0.240864 0.305942 0.396351 0.958500 0.952667 0.507478 0.545064 0.736917 0.775238 0.726069 0.919886 0.455764 0.517639 0.431106 0.480729 0.375254 0.285041 0.586222 0.605639 0.288621 0.259111 0.340666 0.319969 0.807161 0.752434 0.721286 0.444905 0.559765 0.411947 0.484051 0.341530 0.492684 0.912250
0.183295 0.167324 0.346053 0.266479 0.710851 0.579713 0.261558 0.194166 0.429563 0.279017 0.164016 0.104394 0.138507 0.138375 0.159763 0.128638 0.112772 0.092624 0.134128 0.120707 0.469190 0.788785 0.242832 0.352602 0.660581 0.707829 0.972777 0.895745 0.114933 0.000000 0.260228 0.252405 0.157043 0.138280 0.522545 0.708080 0.348765 0.466796 0.738522 0.616679 0.644593 0.509749 0.266577 0.210738 0.400493 0.298371 0.311463 0.239305 0.905193 0.529195 0.644592 0.522789 0.631079 0.674378 0.592431 0.658387 0.155565 0.166356 0.273454 0.309434 0.181488 0.193841 0.131461 0.114179 0.431768 0.282025 0.326371 0.323779 0.333257 0.209649 0.265977 0.292983 0.422949 0.481745 0.613717 0.556204 0.340940 0.223798 0.151514 0.169311 0.111965 0.132060 0.321484 0.226924 0.313837 0.411709 0.950871 0.943960 0.455605 0.571630 0.693852 0.733368 0.707458 0.864716 0.470369 0.471402 0.429240 0.489743 0.365285 0.268407 0.579780 0.576267 0.290961 0.227890 0.331488 0.272054 0.778132 0.712088 0.627324 0.342697 0.576476 0.397051 0.426570 0.363207 0.519037 0.952348
0.301965 0.348755 0.213216 0.178325 0.802069 0.573801 0.247668 0.246811 0.432508 0.371744 0.318432 0.281761 0.244950 0.271450 0.266824 0.243926 0.339361 0.313564 0.235930 0.255782 0.444442 0.803424 0.171655 0.323234 0.430397 0.405302 0.872673 0.988221 0.301420 0.260228 0.000000 0.215475 0.198175 0.230122 0.445243 0.714409 0.324647 0.508062 0.559243 0.609188 0.749893 0.605959 0.296622 0.294275 0.493233 0.420344 0.342534 0.304889 0.965729 0.604943 0.716027 0.595073 0.604361 0.614507 0.510166 0.615551 0.401322 0.376824 0.340839 0.367620 0.255150 0.323744 0.285261 0.295629 0.275757 0.234713 0.287713 0.307651 0.443513 0.315737 0.293595 0.362440 0.422791 0.504402 0.609692 0.718637 0.428582 0.346409 0.331170 0.316090 0.261588 0.227529 0.429249 0.298011 0.253640 0.341926 0.936245 0.933944 0.341075 0.468768 0.718111 0.770124 0.695910 0.871032 0.520857 0.586261 0.410687 0.625742 0.496095 0.423510 0.603644 0.527956 0.441556 0.373813 0.459157 0.309922 0.732528 0.677356 0.680947 0.471872 0.736024 0.588723 0.541990 0.529307 0.551213 0.988174
0.395050 0.417694 0.352263 0.272769 0.856775 0.633124 0.352098 0.328754 0.595165 0.432751 0.367185 0.318784 0.327087 0.309734 0.331236 0.270506 0.347639 0.323904 0.282392 0.276204 0.569258 0.826606 0.224151 0.273963 0.545232 0.514480 0.902160 0.965211 0.300054 0.252405 0.215475 0.000000 0.279910 0.258490 0.596694 0.704721 0.445331 0.685308 0.648568 0.673467 0.846301 0.642751 0.394083 0.395338 0.626847 0.542220 0.475700 0.368801 0.877924 0.771319 0.877737 0.772084 0.742963 0.767326 0.655080 0.774085 0.417585 0.440572 0.460312 0.514100 0.359894 0.422149 0.304105 0.330736 0.429445 0.313343 0.381360 0.408311 0.543155 0.382592 0.405282 0.464274 0.516574 0.596559 0.635709 0.701901 0.520198 0.372971 0.296952 0.339414 0.259503 0.221428 0.380393 0.240446 0.337495 0.319451 0.889729 0.858734 0.408151 0.564343 0.849352 0.910771 0.821050 0.952003 0.627069 0.587747 0.553472 0.604260 0.620452 0.466663 0.683105 0.652712 0.510181 0.414444 0.562857 0.429043 0.836109 0.877822 0.731524 0.499273 0.781836 0.625336 0.678166 0.569120 0.622459 0.998900
0.157209 0.215604 0.231715 0.186109 0.617421 0.522698 0.179525 0.146908 0.387770 0.258393 0.212752 0.147881 0.154094 0.186346 0.196932 0.184389 0.192731 0.159833 0.135376 0.174730 0.475501 0.809131 0.203657 0.379718 0.646647 0.591125 0.953870 0.952902 0.169022 0.157043 0.198175 0.279910 0.000000 0.129101 0.398287 0.635941 0.324093 0.434723 0.648048 0.539538 0.721900 0.493109 0.228641 0.208051 0.326268 0.250563 0.263642 0.232885 0.805786 0.484945 0.553085 0.442645 0.540123 0.538800 0.448538 0.533082 0.238812 0.222043 0.200620 0.239836 0.134179 0.197079 0.138463 0.145195 0.303058 0.204064 0.219055 0.214173 0.360145 0.184077 0.234008 0.259927 0.432478 0.519815 0.562191 0.699678 0.320813 0.239914 0.187172 0.231223 0.129325 0.135238 0.367803 0.232214 0.204566 0.333655 0.945648 0.932919 0.352523 0.466029 0.580846 0.619232 0.566960 0.749289 0.452766 0.495907 0.372750 0.531872 0.297728 0.245166 0.509368 0.419968 0.259775 0.230394 0.281009 0.294260 0.756380 0.612063 0.662000 0.413781 0.600841 0.368642 0.411374 0.386415 0.467067 0.975046
0.163187 0.227705 0.254730 0.197200 0.679681 0.527124 0.172325 0.142960 0.386413 0.253122 0.195891 0.163117 0.180133 0.217824 0.229698 0.211292 0.157306 0.154215 0.128985 0.149557 0.457777 0.777853 0.249447 0.424692 0.670768 0.614736 0.985388 0.848686 0.168160 0.138280 0.230122 0.258490 0.129101 0.000000 0.369119 0.641049 0.337490 0.425589 0.600405 0.540554 0.697193 0.500648 0.226919 0.191108 0.320538 0.255374 0.258339 0.216171 0.851958 0.474580 0.571600 0.447953 0.522344 0.558551 0.449166 0.555932 0.222645 0.217989 0.191134 0.234367 0.141146 0.191235 0.138583 0.151995 0.314152 0.197421 0.180098 0.192367 0.344484 0.173664 0.261092 0.288036 0.408353 0.493034 0.591151 0.616042 0.336087 0.259387 0.164577 0.213068 0.114452 0.127164 0.373378 0.233444 0.241041 0.381745 0.985768 0.884247 0.368631 0.490500 0.576343 0.642060 0.572322 0.748030 0.469226 0.456782 0.352759 0.489632 0.314377 0.238742 0.489160 0.456338 0.239584 0.206164 0.295502 0.237123 0.754234 0.614340 0.658879 0.398201 0.551323 0.356500 0.382240 0.354503 0.487861 0.951339
0.485395 0.564924 0.382204 0.351281 0.722048 0.597497 0.387200 0.372935 0.525497 0.388474 0.540334 0.533238 0.519332 0.537022 0.517671 0.561804 0.564801 0.547519 0.461641 0.520716 0.638142 0.852737 0.480446 0.638931 0.682799 0.469883 0.919727 0.968373 0.549786 0.522545 0.445243 0.596694 0.398287 0.369119 0.000000 0.574770 0.526321 0.579857 0.710562 0.673973 0.894407 0.632552 0.451271 0.486105 0.496603 0.490705 0.503465 0.444966 0.851320 0.588960 0.655433 0.550760 0.524411 0.614383 0.504188 0.506608 0.609530 0.593861 0.427440 0.435741 0.419288 0.451187 0.509253 0.505711 0.340354 0.349488 0.322392 0.355453 0.547503 0.489927 0.502234 0.580442 0.536448 0.663364 0.688421 0.816505 0.518336 0.551981 0.548109 0.611019 0.445539 0.411546 0.629910 0.521486 0.422627 0.529852 0.957175 0.872708 0.566474 0.553366 0.563864 0.612115 0.530474 0.624422 0.740971 0.692680 0.480195 0.630570 0.471837 0.426952 0.517554 0.589392 0.468747 0.448121 0.447644 0.448449 0.769516 0.544904 0.880069 0.673360 0.685347 0.456714 0.573291 0.647464 0.590046 0.984555
0.670496 0.681442 0.684586 0.656788 0.818456 0.829167 0.667632 0.604585 0.771605 0.678350 0.692744 0.679430 0.691232 0.690982 0.730596 0.723782 0.699701 0.708895 0.646748 0.680862 0.865953 0.789142 0.660016 0.758443 0.907820 0.795857 0.939898 0.934160 0.701815 0.708080 0.714409 0.704721 0.635941 0.641049 0.574770 0.000000 0.727279 0.556865 0.893064 0.764781 0.949950 0.817558 0.661235 0.721435 0.720528 0.738019 0.769710 0.654776 0.971909 0.814599 0.789983 0.697442 0.767181 0.775694 0.892523 0.873100 0.697896 0.698819 0.655784 0.649484 0.661664 0.685919 0.643563 0.646558 0.753835 0.719904 0.607213 0.624364 0.836970 0.677316 0.675856 0.793664 0.866175 0.920098 0.839349 0.732454 0.749985 0.775771 0.701257 0.720033 0.645493 0.670735 0.697539 0.730035 0.667239 0.707064 0.845521 0.911071 0.707682 0.689499 0.807257 0.859543 0.830162 0.851137 0.868895 0.670106 0.650818 0.671357 0.674599 0.686088 0.671437 0.734021 0.631117 0.622018 0.731673 0.649211 0.716838 0.711623 0.870290 0.863629 0.752045 0.703586 0.786345 0.804024 0.652108 0.975762
0.362979 0.378676 0.381633 0.312733 0.789030 0.583184 0.382254 0.349041 0.464002 0.456846 0.435130 0.349425 0.303721 0.364653 0.306307 0.321671 0.400287 0.381486 0.372181 0.387092 0.485761 0.735275 0.288880 0.430844 0.579640 0.582907 0.997400 0.934950 0.394761 0.348765 0.324647 0.445331 0.324093 0.337490 0.526321 0.727279 0.000000 0.404392 0.684314 0.660296 0.736303 0.514551 0.370746 0.366236 0.439527 0.390902 0.408400 0.359832 0.745612 0.490473 0.566925 0.468360 0.614882 0.601109 0.543096 0.520532 0.417663 0.391566 0.380647 0.414752 0.340909 0.360193 0.358609 0.343358 0.349924 0.386340 0.390218 0.417588 0.596013 0.405337 0.336522 0.389847 0.632337 0.650506 0.661254 0.641222 0.397254 0.408972 0.403025 0.429033 0.339559 0.321262 0.507606 0.308739 0.271699 0.372713 0.938597 0.954416 0.424673 0.399883 0.617510 0.661768 0.597266 0.718316 0.469460 0.580503 0.416998 0.527054 0.411721 0.385773 0.532580 0.564701 0.331599 0.411026 0.371567 0.287447 0.854000 0.596110 0.695625 0.595401 0.786153 0.544993 0.539634 0.572102 0.494806 0.868645
0.414891 0.443815 0.466222 0.452118 0.678597 0.828460 0.452623 0.407395 0.544240 0.520376 0.483767 0.452933 0.397028 0.457166 0.436096 0.462445 0.477978 0.462996 0.432230 0.463381 0.550212 0.728261 0.455295 0.602631 0.794546 0.880245 0.915182 0.828086 0.532073 0.466796 0.508062 0.685308 0.434723 0.425589 0.579857 0.556865 0.404392 0.000000 0.700856 0.627222 0.814061 0.640093 0.375937 0.401868 0.472009 0.432878 0.514634 0.459973 0.715788 0.504489 0.517526 0.483308 0.632052 0.563187 0.640961 0.649198 0.461318 0.467509 0.438991 0.444786 0.377396 0.406224 0.405509 0.405243 0.433401 0.478595 0.454879 0.487028 0.666939 0.479084 0.456437 0.584156 0.720737 0.707164 0.885959 0.741288 0.487821 0.536788 0.502386 0.521735 0.464764 0.484481 0.550380 0.513758 0.424471 0.556350 0.878788 0.893356 0.500617 0.565728 0.587236 0.641929 0.678632 0.697504 0.534966 0.448379 0.493404 0.598987 0.436508 0.459524 0.583637 0.610080 0.373659 0.382609 0.448889 0.387533 0.706666 0.502656 0.586036 0.561441 0.650610 0.595628 0.554387 0.603453 0.461892 0.942658
