0.000000 0.393682 0.960440 0.996057 0.926280 0.711326 0.601923 0.543880 0.903713 0.703256 0.535522 0.389090 0.498182 0.519649 0.611693 0.604075 0.392359 0.422171 0.576554 0.662782 0.823212 0.825071 0.761264 0.831402 0.696305 0.686339 0.835769 0.949312 0.531511 0.475193 0.676726 0.829441 0.510302 0.519319 0.926986 0.837659 0.785771 0.849215 0.767982 0.887245 0.904777 0.938298 0.493116 0.458126 0.483590 0.483431 0.537091 0.525117 0.444437 0.465551 0.531158 0.607736 0.699714 0.827039 0.566179 0.619235 0.484132 0.443029 0.414231 0.498695 0.464851 0.575596 0.420140 0.348018 0.854706 0.983741 0.598997 0.612481 0.677655 0.549184 0.897051 0.721855 0.866459 0.977506 0.989282 0.927219 0.599929 0.659008 0.657534 0.710915 0.362659 0.474657 0.609041 0.644923 0.516859 0.569462 0.742481 0.962003 0.702532 0.793049 0.719376 0.976114 0.833036 0.808548 0.779724 0.885005 0.809085 0.949044 0.445011 0.561780 0.727815 0.660639 0.475184 0.814385 0.654092 0.788697 0.922161 0.815209 0.844157 0.706985 0.781515 0.735634 0.648124 0.744473 0.798108 0.879291
0.393682 0.000000 0.910406 0.864173 0.795448 0.870828 0.781138 0.644495 0.994851 0.818622 0.668819 0.592588 0.710727 0.697321 0.800783 0.856435 0.478204 0.527723 0.736873 0.624735 0.966650 0.780413 0.936617 0.874643 0.956487 0.798285 0.910574 0.909152 0.668439 0.622684 0.758853 0.955931 0.742533 0.579686 0.959385 0.866600 0.941112 0.968735 0.753798 0.973403 0.796442 0.847702 0.556654 0.546286 0.637834 0.595003 0.595836 0.635989 0.522872 0.479454 0.562614 0.557082 0.691794 0.742972 0.632820 0.652663 0.380479 0.356394 0.524483 0.463450 0.691374 0.706454 0.632710 0.543699 0.933177 0.948950 0.639174 0.654127 0.548016 0.459995 0.963619 0.651314 0.862142 0.937834 0.886304 0.955641 0.691112 0.755804 0.636209 0.706570 0.555276 0.615185 0.666139 0.777822 0.741774 0.722273 0.779675 0.992336 0.794903 0.807645 0.790815 0.953143 0.824897 0.969598 0.921933 0.839188 0.712967 0.856451 0.570373 0.559025 0.822026 0.718033 0.625498 0.800450 0.706907 0.841497 0.880142 0.891467 0.930948 0.699670 0.965549 0.803875 0.734333 0.734640 0.836299 0.882492
0.960440 0.910406 0.000000 0.780125 0.993996 0.918953 0.647207 0.730956 0.775007 0.839693 0.994177 0.994646 0.980092 0.875987 0.966300 0.827226 0.853771 0.938013 0.848748 0.871553 0.954690 0.898685 0.987919 0.869124 0.657543 0.719663 0.973951 0.869281 0.823086 0.932739 0.758723 0.828737 0.962220 0.789496 0.904805 0.997357 0.971003 0.992745 0.810108 0.980973 0.829656 0.828093 0.932338 0.968874 0.850655 0.864071 0.708259 0.981980 0.839174 0.824529 0.871988 0.731054 0.808720 0.762024 0.995532 0.857005 0.775137 0.883501 0.816218 0.970870 0.836465 0.978957 0.863358 0.968497 0.611269 0.705562 0.802618 0.839049 0.886005 0.852681 0.994748 0.958682 0.877979 0.899601 0.919508 0.941980 0.832413 0.846376 0.949591 0.981187 0.970227 0.733974 0.980294 0.948487 0.835107 0.877189 0.786383 0.968282 0.818902 0.931136 0.971516 0.879736 0.904215 0.962791 0.841509 0.990506 0.771807 0.912508 0.920374 0.952390 0.877073 0.965136 0.979868 0.976348 0.908845 0.990362 0.697020 0.949455 0.944304 0.832641 0.875294 0.903395 0.964799 0.981059 0.994866 0.955429
0.996057 0.864173 0.780125 0.000000 0.968164 0.728263 0.972319 0.855431 0.878632 0.858735 0.783043 0.820347 0.718114 0.760254 0.855723 0.948556 0.969881 0.953972 0.888764 0.899424 0.935648 0.875357 0.730252 0.753990 0.638895 0.732233 0.861114 0.998473 0.934232 0.910268 0.929314 0.814137 0.971160 0.938407 0.868657 0.919401 0.915868 0.765078 0.840182 0.907698 0.903149 0.976311 0.865165 0.881850 0.965149 0.993063 0.881910 0.995066 0.987493 0.777212 0.793550 0.720065 0.755120 0.680739 0.906447 0.827145 0.806493 0.808952 0.895653 0.665850 0.928110 0.981530 0.925903 0.915901 0.626881 0.547874 0.551818 0.659842 0.750852 0.792824 0.712028 0.823993 0.760260 0.775669 0.966486 0.938586 0.872226 0.893474 0.910790 0.981631 0.896975 0.981265 0.941316 0.840258 0.921732 0.691145 0.944954 0.926105 0.900670 0.726408 0.552762 0.580761 0.515981 0.556394 0.988941 0.952400 0.967796 0.829007 0.822728 0.754409 0.973351 0.876229 0.876076 0.932650 0.818606 0.960893 0.954077 0.970925 0.981673 0.939364 0.817605 0.833261 0.972926 0.873208 0.812627 0.968324
0.926280 0.795448 0.993996 0.968164 0.000000 0.614003 0.762077 0.781359 0.584535 0.705452 0.969434 0.933274 0.760166 0.891818 0.729223 0.747539 0.993329 0.836915 0.790614 0.967415 0.832807 0.929549 0.647674 0.886313 0.778546 0.798980 0.853556 0.753400 0.845205 0.864774 0.965628 0.973943 0.867374 0.986948 0.953744 0.943436 0.964726 0.971771 0.984948 0.927757 0.822071 0.782507 0.952331 0.975564 0.835488 0.922180 0.950421 0.993728 0.945891 0.953189 0.839180 0.946704 0.727301 0.867725 0.998209 0.930297 0.830042 0.947772 0.928464 0.944330 0.762444 0.702424 0.865224 0.845792 0.920878 0.999285 0.918794 0.947603 0.901780 0.994870 0.685285 0.794788 0.842843 0.897140 0.894432 0.972908 0.787805 0.902816 0.762426 0.999107 0.995640 0.976333 0.860396 0.955886 0.678649 0.875077 0.927604 0.798384 0.822544 0.894381 0.741315 0.734177 0.814590 0.985585 0.927321 0.926160 0.878942 0.866704 0.896806 0.893600 0.803308 0.864215 0.953892 0.954688 0.996807 0.950095 0.797751 0.913044 0.842675 0.805418 0.831964 0.806258 0.992786 0.957587 0.973473 0.930028
0.711326 0.870828 0.918953 0.728263 0.614003 0.000000 0.565119 0.485477 0.653194 0.516046 0.834456 0.759259 0.772896 0.808956 0.682517 0.652932 0.693111 0.762409 0.551913 0.744991 0.791391 0.956740 0.569253 0.736882 0.811754 0.947881 0.924495 0.885393 0.658571 0.722227 0.684898 0.852180 0.627116 0.677762 0.783923 0.986735 0.810485 0.964125 0.957286 0.927478 0.996645 0.990330 0.614462 0.627526 0.488747 0.564480 0.708153 0.647952 0.571701 0.585736 0.519164 0.653825 0.587558 0.673001 0.745548 0.581523 0.905509 0.817093 0.683289 0.644344 0.560463 0.567591 0.671798 0.615889 0.977450 0.815528 0.565547 0.639922 0.941587 0.792392 0.731376 0.907751 0.907712 0.976398 0.907015 0.961542 0.631966 0.768744 0.929420 0.663204 0.638390 0.617816 0.861189 0.904239 0.543675 0.603917 0.936948 0.996027 0.808968 0.887177 0.485443 0.667732 0.519805 0.971668 0.888700 0.950507 0.834522 0.872732 0.501640 0.629450 0.705980 0.645849 0.673887 0.880316 0.762930 0.923287 0.999718 0.916207 0.848723 0.926800 0.788178 0.651522 0.745308 0.911182 0.857365 0.879469
0.601923 0.781138 0.647207 0.972319 0.762077 0.565119 0.000000 0.241398 0.638980 0.302189 0.484196 0.535928 0.457906 0.632659 0.548799 0.835632 0.431492 0.566094 0.413816 0.630566 0.843706 0.879626 0.900341 0.763233 0.606736 0.768651 0.620959 0.913324 0.360999 0.461720 0.513522 0.708893 0.438634 0.403046 0.959812 0.971625 0.827542 0.730829 0.871430 0.945288 0.861465 0.961494 0.436424 0.426742 0.475555 0.479042 0.475575 0.515765 0.589566 0.817346 0.661352 0.986826 0.923120 0.878216 0.753831 0.634074 0.772274 0.829341 0.454544 0.725572 0.240439 0.414909 0.330094 0.384798 0.821903 0.886455 0.660617 0.599250 0.984929 0.795597 0.882021 0.979676 0.880893 0.977547 0.987789 0.957676 0.507849 0.882672 0.682876 0.672307 0.450515 0.427969 0.773925 0.840406 0.566210 0.855616 0.845942 0.846249 0.985993 0.846636 0.674509 0.993831 0.832688 0.659218 0.914719 0.902389 0.756340 0.868897 0.519220 0.586185 0.493369 0.774150 0.574082 0.817744 0.663863 0.869969 0.838907 0.961942 0.745117 0.729185 0.711433 0.797856 0.694205 0.858752 0.874488 0.919020
0.543880 0.644495 0.730956 0.855431 0.781359 0.485477 0.241398 0.000000 0.587373 0.271658 0.512894 0.493036 0.470954 0.573433 0.504775 0.733675 0.421249 0.510902 0.368915 0.574557 0.833705 0.890091 0.758447 0.904657 0.644512 0.781346 0.666554 0.990920 0.344390 0.423020 0.488403 0.710280 0.410340 0.399657 0.921283 0.918320 0.809469 0.811482 0.939845 0.940213 0.934935 0.944951 0.415639 0.376207 0.379905 0.396773 0.471403 0.489652 0.458290 0.674802 0.576941 0.830654 0.774989 0.981952 0.651204 0.576619 0.690896 0.698774 0.450964 0.600926 0.270101 0.349422 0.361788 0.361924 0.804245 0.868283 0.583828 0.521933 0.893161 0.642217 0.739345 0.857492 0.860643 0.989278 0.976336 0.975502 0.488205 0.827503 0.728135 0.624110 0.422634 0.458622 0.685002 0.824837 0.520795 0.802861 0.816233 0.903832 0.870175 0.972916 0.564664 0.838619 0.688640 0.822370 0.888529 0.942155 0.695431 0.848553 0.371110 0.484428 0.457635 0.675649 0.500560 0.747069 0.615370 0.845746 0.865213 0.977265 0.813486 0.745741 0.649704 0.741919 0.656510 0.789010 0.873510 0.889278
0.903713 0.994851 0.775007 0.878632 0.584535 0.653194 0.638980 0.587373 0.000000 0.525337 0.898133 0.852338 0.730995 0.837417 0.805326 0.776639 0.957253 0.946303 0.669711 0.911693 0.705973 0.931009 0.721175 0.999421 0.966430 0.963947 0.827362 0.977379 0.793107 0.846059 0.829718 0.986875 0.852413 0.894428 0.895697 0.905260 0.932879 0.944521 0.916885 0.901348 0.771170 0.960818 0.863286 0.906323 0.806691 0.886873 0.892423 0.915236 0.843047 0.887880 0.951824 0.920909 0.881457 0.933772 0.758156 0.836543 0.997193 0.900264 0.898060 0.928377 0.685265 0.481049 0.871071 0.823816 0.956325 0.761202 0.989041 0.962434 0.815655 0.795958 0.667190 0.945117 0.972973 0.954953 0.922919 0.885562 0.845985 0.919109 0.802586 0.969780 0.921623 0.907284 0.815122 0.963407 0.623334 0.956249 0.869459 0.921849 0.823990 0.954986 0.716308 0.766746 0.850007 0.924368 0.908837 0.976709 0.883679 0.809201 0.775766 0.866725 0.784366 0.802033 0.996070 0.984440 0.870885 0.911677 0.890187 0.781174 0.932173 0.822646 0.830519 0.999298 0.884102 0.984058 0.809668 0.997446
0.703256 0.818622 0.839693 0.858735 0.705452 0.516046 0.302189 0.271658 0.525337 0.000000 0.611730 0.575344 0.515729 0.624135 0.515132 0.758820 0.561967 0.606241 0.419088 0.610073 0.837159 0.973052 0.787051 0.814325 0.612997 0.805007 0.694192 0.933213 0.424835 0.505698 0.488287 0.758358 0.454430 0.459017 0.930247 0.938950 0.773983 0.846165 0.965169 0.965016 0.886635 0.956747 0.483142 0.466448 0.387306 0.424794 0.571207 0.563258 0.488589 0.754208 0.633469 0.917305 0.803294 0.985811 0.691377 0.673879 0.867275 0.869402 0.602888 0.728915 0.342331 0.343606 0.473015 0.456023 0.722192 0.920910 0.693281 0.629921 0.969910 0.731827 0.697458 0.856937 0.945029 0.982942 0.997251 0.885328 0.562405 0.866739 0.818999 0.745639 0.541294 0.629604 0.800164 0.886607 0.633396 0.915103 0.852243 0.856538 0.959208 0.886674 0.548286 0.785266 0.670258 0.874960 0.951811 0.872875 0.843475 0.792516 0.422809 0.497965 0.547315 0.728795 0.573971 0.806077 0.739324 0.904356 0.854645 0.979319 0.810524 0.733227 0.716008 0.718858 0.742780 0.865656 0.848755 0.961166
0.535522 0.668819 0.994177 0.783043 0.969434 0.834456 0.484196 0.512894 0.898133 0.611730 0.000000 0.380840 0.365653 0.455227 0.514421 0.799617 0.500118 0.474285 0.548191 0.691360 0.904279 0.796056 0.965814 0.776213 0.478915 0.599254 0.593616 0.849669 0.438915 0.420978 0.704042 0.843743 0.500781 0.420317 0.904799 0.905217 0.874744 0.702080 0.778294 0.788181 0.992690 0.993834 0.534322 0.439296 0.512297 0.474018 0.599077 0.538200 0.561047 0.810221 0.726254 0.978681 0.982516 0.887032 0.799645 0.765759 0.795721 0.800520 0.582876 0.832074 0.355496 0.521122 0.382774 0.397809 0.629167 0.900948 0.899343 0.774908 0.926942 0.789228 0.998535 0.974174 0.978364 0.833994 0.923240 0.826922 0.657257 0.772399 0.662910 0.606008 0.402221 0.472471 0.669745 0.596657 0.716078 0.907347 0.839690 0.858853 0.826426 0.918495 0.930285 0.775433 0.956433 0.575968 0.925567 0.944904 0.826761 0.944113 0.604580 0.797365 0.510113 0.849563 0.569946 0.777622 0.819590 0.978778 0.976962 0.802625 0.743397 0.780097 0.799538 0.903600 0.744500 0.871704 0.963543 0.994645
0.389090 0.592588 0.994646 0.820347 0.933274 0.759259 0.535928 0.493036 0.852338 0.575344 0.380840 0.000000 0.316218 0.315239 0.415425 0.516822 0.458595 0.398857 0.470805 0.616087 0.783432 0.859150 0.776380 0.940597 0.455741 0.597987 0.742704 0.851263 0.409552 0.353076 0.566213 0.742904 0.410411 0.441165 0.971385 0.960370 0.822838 0.854157 0.796363 0.891404 0.983878 0.990716 0.553691 0.443599 0.383409 0.401676 0.621699 0.594977 0.410091 0.628772 0.690620 0.817438 0.822535 0.933421 0.719587 0.729364 0.711661 0.705417 0.609784 0.803932 0.376488 0.434338 0.416024 0.320903 0.641088 0.857842 0.807773 0.755469 0.862095 0.612842 0.868210 0.776408 0.949330 0.988768 0.886987 0.937774 0.655899 0.803811 0.673668 0.550922 0.327174 0.453477 0.523902 0.592409 0.537773 0.718988 0.833884 0.994559 0.692212 0.933763 0.885971 0.857022 0.993693 0.706813 0.923117 0.933370 0.899075 0.964404 0.511422 0.607330 0.637845 0.724927 0.475246 0.656541 0.777688 0.912679 0.925389 0.898174 0.815814 0.747059 0.801164 0.730833 0.682294 0.726726 0.958214 0.983377
0.498182 0.710727 0.980092 0.718114 0.760166 0.772896 0.457906 0.470954 0.730995 0.515729 0.365653 0.316218 0.000000 0.300533 0.325376 0.577424 0.509164 0.527672 0.498084 0.646402 0.761979 0.898896 0.794393 0.920007 0.415865 0.495469 0.702964 0.892236 0.364264 0.318802 0.611314 0.762355 0.386013 0.464090 0.952503 0.929178 0.908281 0.678368 0.800344 0.824528 0.933187 0.953715 0.603997 0.501741 0.434125 0.424206 0.626029 0.559134 0.495975 0.791544 0.758144 0.966300 0.912613 0.825637 0.792881 0.731122 0.845781 0.756966 0.616437 0.891616 0.295552 0.396667 0.387534 0.311099 0.604602 0.830272 0.916243 0.774185 0.961533 0.692087 0.823572 0.855512 0.972484 0.937375 0.948355 0.873779 0.603133 0.791237 0.766447 0.666563 0.389984 0.514142 0.509790 0.599878 0.557710 0.847889 0.858749 0.986731 0.770233 0.997390 0.976935 0.835478 0.875106 0.596798 0.951957 0.903776 0.814100 0.943234 0.567430 0.702883 0.587190 0.786085 0.563249 0.705260 0.894396 0.853206 0.898744 0.898737 0.744160 0.821829 0.732735 0.796243 0.781619 0.748086 0.930537 0.998185
0.519649 0.697321 0.875987 0.760254 0.891818 0.808956 0.632659 0.573433 0.837417 0.624135 0.455227 0.315239 0.300533 0.000000 0.329294 0.435506 0.555586 0.494558 0.567488 0.557700 0.864187 0.938048 0.680994 0.894336 0.462020 0.595230 0.764398 0.944141 0.435491 0.364524 0.663879 0.727451 0.464731 0.528295 0.940907 0.997206 0.871465 0.782614 0.878411 0.856929 0.986264 0.944095 0.695652 0.530803 0.449656 0.436691 0.643719 0.645862 0.451726 0.713468 0.748336 0.862344 0.893320 0.912998 0.766897 0.780984 0.879078 0.726338 0.766424 0.892843 0.440018 0.432283 0.485123 0.365871 0.645306 0.862956 0.869520 0.819324 0.949525 0.663970 0.792923 0.742076 0.974471 0.977629 0.835652 0.983251 0.720603 0.895190 0.749627 0.601814 0.438882 0.528172 0.443155 0.615871 0.523892 0.783327 0.920092 0.907271 0.666094 0.870280 0.967775 0.891509 0.944841 0.708163 0.897660 0.975337 0.892652 0.965790 0.572851 0.715423 0.652580 0.773829 0.588347 0.716156 0.787798 0.890237 0.999660 0.911780 0.785925 0.831642 0.786244 0.847591 0.764816 0.751685 0.945189 0.922027
0.611693 0.800783 0.966300 0.855723 0.729223 0.682517 0.548799 0.504775 0.805326 0.515132 0.514421 0.415425 0.325376 0.329294 0.000000 0.439844 0.619595 0.565877 0.599921 0.623710 0.850206 0.907350 0.567107 0.892340 0.460329 0.532515 0.776030 0.886386 0.417138 0.368309 0.658700 0.729873 0.409232 0.519509 0.988112 0.975692 0.847234 0.820051 0.914723 0.855934 0.979017 0.914271 0.693176 0.592314 0.413072 0.426670 0.679705 0.608031 0.449123 0.686801 0.654195 0.804556 0.764181 0.968713 0.848696 0.782201 0.984013 0.784158 0.763343 0.912820 0.417464 0.490981 0.468278 0.396107 0.661139 0.774471 0.841525 0.805696 0.923254 0.670246 0.679580 0.738205 0.985842 0.964743 0.832580 0.953392 0.618679 0.989180 0.794031 0.647496 0.506065 0.599119 0.465460 0.612179 0.477596 0.726033 0.987418 0.912295 0.676648 0.871895 0.898529 0.989451 0.957842 0.760153 0.939469 0.956250 0.939751 0.937465 0.531916 0.663725 0.615166 0.812742 0.583915 0.675027 0.859629 0.848381 0.903407 0.873863 0.931957 0.971012 0.785752 0.712483 0.907989 0.786391 0.899600 0.973282
0.604075 0.856435 0.827226 0.948556 0.747539 0.652932 0.835632 0.733675 0.776639 0.758820 0.799617 0.516822 0.577424 0.435506 0.439844 0.000000 0.815302 0.753416 0.679063 0.735278 0.832006 0.893741 0.322149 0.521057 0.689988 0.700497 0.935216 0.884001 0.710166 0.558562 0.795714 0.725878 0.659767 0.792964 0.903910 0.906671 0.892198 0.944428 0.992481 0.911091 0.845850 0.788468 0.889075 0.750868 0.562670 0.638854 0.898897 0.761056 0.577428 0.606574 0.685319 0.637281 0.633580 0.803805 0.823814 0.835750 0.987850 0.768887 0.888200 0.845628 0.662224 0.644852 0.714182 0.591529 0.968142 0.948808 0.771655 0.899838 0.977407 0.716790 0.624173 0.761980 0.908146 0.926106 0.828056 0.936847 0.834892 0.980654 0.974982 0.736854 0.684676 0.688905 0.433483 0.757682 0.364221 0.492422 0.968651 0.682827 0.502517 0.581772 0.792786 0.811438 0.802286 0.993907 0.868387 0.980785 0.957554 0.997530 0.619905 0.703296 0.893742 0.741712 0.657366 0.929637 0.785554 0.841790 0.939491 0.902371 0.994375 0.928304 0.801392 0.747630 0.852097 0.852272 0.830356 0.979988
0.392359 0.478204 0.853771 0.969881 0.993329 0.693111 0.431492 0.421249 0.957253 0.561967 0.500118 0.458595 0.509164 0.555586 0.619595 0.815302 0.000000 0.357877 0.504452 0.597749 0.858410 0.802954 0.941567 0.921057 0.629418 0.660948 0.653180 0.947848 0.372273 0.417697 0.544443 0.757737 0.483213 0.371404 0.927641 0.992103 0.817143 0.781794 0.855101 0.960498 0.979577 0.794248 0.434783 0.375731 0.446195 0.431236 0.404297 0.465844 0.492747 0.586763 0.588912 0.776453 0.806573 0.940829 0.620118 0.583501 0.541220 0.572049 0.391293 0.515392 0.379855 0.555277 0.321518 0.314339 0.751513 0.983953 0.588181 0.532928 0.873106 0.655349 0.968421 0.859273 0.870068 0.984024 0.984163 0.955484 0.489132 0.739450 0.562923 0.688047 0.348281 0.422373 0.738107 0.650350 0.675918 0.785217 0.900354 0.850909 0.907085 0.988014 0.697864 0.957217 0.828807 0.741920 0.902373 0.807296 0.743125 0.918849 0.480908 0.533508 0.574971 0.673026 0.513204 0.748029 0.740381 0.763575 0.920954 0.964096 0.752831 0.644979 0.770892 0.734638 0.589348 0.756820 0.855760 0.747834
0.422171 0.527723 0.938013 0.953972 0.836915 0.762409 0.566094 0.510902 0.946303 0.606241 0.474285 0.398857 0.527672 0.494558 0.565877 0.753416 0.357877 0.000000 0.533437 0.511852 0.898070 0.880892 0.926109 0.981382 0.634911 0.753790 0.640308 0.963331 0.392071 0.367864 0.514730 0.653609 0.469623 0.406977 0.945808 0.931376 0.857069 0.911794 0.878637 0.917709 0.916848 0.832316 0.416763 0.378978 0.442656 0.363224 0.490142 0.467150 0.417230 0.526773 0.544738 0.715117 0.826816 0.899793 0.714599 0.624465 0.608486 0.612687 0.520102 0.605740 0.479664 0.604749 0.395329 0.356593 0.689787 0.904831 0.624908 0.551179 0.857706 0.629268 0.927729 0.780579 0.856594 0.947890 0.994717 0.914755 0.663643 0.817441 0.475134 0.521428 0.304788 0.447109 0.708361 0.564846 0.735146 0.763085 0.853355 0.896792 0.907655 0.988134 0.821606 0.886701 0.864976 0.721715 0.789949 0.917451 0.845521 0.934208 0.479230 0.563458 0.645963 0.751872 0.394383 0.712470 0.753105 0.839246 0.995268 0.817196 0.836779 0.752940 0.764038 0.793661 0.685608 0.762778 0.968663 0.842835
0.576554 0.736873 0.848748 0.888764 0.790614 0.551913 0.413816 0.368915 0.669711 0.419088 0.548191 0.470805 0.498084 0.567488 0.599921 0.679063 0.504452 0.533437 0.000000 0.486625 0.680050 0.864655 0.764925 0.983985 0.631294 0.829418 0.729405 0.961445 0.406204 0.470460 0.534765 0.634053 0.506847 0.443808 0.968523 0.951876 0.820035 0.869637 0.926034 0.859154 0.955536 0.940697 0.455861 0.385168 0.425065 0.439623 0.562048 0.537720 0.557037 0.693494 0.678422 0.877443 0.850091 0.979103 0.732187 0.654637 0.739846 0.790722 0.554733 0.682136 0.387945 0.385131 0.470915 0.438843 0.816066 0.765378 0.580339 0.560658 0.846726 0.758062 0.734352 0.790160 0.767225 0.888441 0.957504 0.978183 0.621802 0.761997 0.771187 0.667652 0.492746 0.462930 0.676320 0.727044 0.578663 0.797087 0.811181 0.964577 0.792562 0.997918 0.595136 0.938043 0.756412 0.839294 0.928827 0.996078 0.843240 0.998867 0.454529 0.578783 0.614347 0.675881 0.474963 0.762745 0.712912 0.903650 0.957177 0.904986 0.705274 0.779964 0.731925 0.686798 0.685623 0.782655 0.798236 0.879801
0.662782 0.624735 0.871553 0.899424 0.967415 0.744991 0.630566 0.574557 0.911693 0.610073 0.691360 0.616087 0.646402 0.557700 0.623710 0.735278 0.597749 0.511852 0.486625 0.000000 0.929369 0.912895 0.797025 0.902034 0.787013 0.944452 0.862482 0.938016 0.518398 0.546047 0.647549 0.665572 0.590194 0.567454 0.947511 0.919104 0.949497 0.959737 0.989041 0.958611 0.998290 0.976433 0.620836 0.514098 0.546739 0.512049 0.534555 0.620127 0.570605 0.646991 0.645187 0.766462 0.874881 0.938817 0.740665 0.685359 0.712993 0.637683 0.655920 0.695074 0.592685 0.582142 0.572419 0.506866 0.866925 0.819886 0.598446 0.564476 0.759429 0.655926 0.806561 0.815186 0.890004 0.803856 0.897966 0.988985 0.652756 0.957349 0.652220 0.540290 0.593928 0.536827 0.707097 0.705407 0.640356 0.761461 0.881678 0.920261 0.811455 0.950300 0.752662 0.999506 0.836958 0.862565 0.809253 0.948539 0.816883 0.831584 0.574385 0.625444 0.784765 0.828281 0.640287 0.653890 0.667241 0.907867 0.964908 0.927887 0.773335 0.850533 0.819690 0.751516 0.938365 0.812637 0.997197 0.854741
0.823212 0.966650 0.954690 0.935648 0.832807 0.791391 0.843706 0.833705 0.705973 0.837159 0.904279 0.783432 0.761979 0.864187 0.850206 0.832006 0.858410 0.898070 0.680050 0.929369 0.000000 0.986523 0.856381 0.899742 0.907869 0.873604 0.848968 0.991389 0.852305 0.895475 0.961725 0.936094 0.937260 0.865166 0.977523 0.996442 0.917122 0.911160 0.747095 0.935073 0.939748 0.949679 0.854904 0.822820 0.831107 0.840790 0.983953 0.788376 0.879151 0.939128 0.898236 0.909507 0.842133 0.855232 0.983298 0.828478 0.950542 0.937715 0.923445 0.881243 0.835377 0.781780 0.902490 0.854969 0.967471 0.999823 0.986526 0.995161 0.882490 0.786242 0.811758 0.803683 0.962146 0.972236 0.944968 0.949954 0.932671 0.877451 0.947105 0.948905 0.876999 0.833580 0.803158 0.845173 0.836809 0.972971 0.984763 0.875652 0.891736 0.913696 0.748466 0.858364 0.878396 0.974425 0.995143 0.876937 0.961136 0.912966 0.849746 0.846057 0.902217 0.740168 0.869389 0.971854 0.968328 0.843756 0.924765 0.966572 0.869416 0.861528 0.851775 0.837226 0.951334 0.795169 0.821695 0.968865
0.825071 0.780413 0.898685 0.875357 0.929549 0.956740 0.879626 0.890091 0.931009 0.973052 0.796056 0.859150 0.898896 0.938048 0.907350 0.893741 0.802954 0.880892 0.864655 0.912895 0.986523 0.000000 0.892863 0.781240 0.989300 0.892914 0.883465 0.936931 0.876845 0.927766 0.962130 0.972093 0.868687 0.858763 0.846222 0.817702 0.869305 0.994446 0.862361 0.804574 0.874422 0.857753 0.866667 0.869830 0.977961 0.946132 0.846372 0.914775 0.876101 0.995736 0.981817 0.920956 0.940854 0.923176 0.928238 0.953855 0.758298 0.860224 0.904964 0.894258 0.879471 0.903467 0.899295 0.909106 0.968636 0.934661 0.963072 0.931606 0.870308 0.963908 0.876230 0.895193 0.932666 0.947064 0.985024 0.952981 0.954342 0.914833 0.991592 0.986782 0.943083 0.908553 0.942400 0.885585 0.989942 0.906978 0.873323 0.764091 0.934073 0.895407 0.914992 0.849163 0.925774 0.857896 0.848347 0.922157 0.912144 0.898393 0.952980 0.992219 0.907374 0.962093 0.988789 0.985918 0.959168 0.933305 0.825233 0.957014 0.902118 0.840483 0.948305 0.960588 0.902209 0.934495 0.808335 0.860435
0.761264 0.936617 0.987919 0.730252 0.647674 0.569253 0.900341 0.758447 0.721175 0.787051 0.965814 0.776380 0.794393 0.680994 0.567107 0.322149 0.941567 0.926109 0.764925 0.797025 0.856381 0.892863 0.000000 0.432708 0.916794 0.873400 0.728145 0.868320 0.820137 0.729840 0.837766 0.702309 0.757314 0.945360 0.823803 0.890205 0.896484 0.927100 0.871945 0.926710 0.928447 0.891366 0.987716 0.908703 0.708754 0.779590 0.950531 0.906907 0.716050 0.656106 0.743035 0.656683 0.611007 0.742917 0.892580 0.844767 0.994125 0.782724 0.968527 0.839419 0.812481 0.755860 0.894372 0.785432 0.802391 0.870655 0.662108 0.858164 0.977566 0.683414 0.504198 0.743226 0.878282 0.978817 0.924390 0.918603 0.801932 0.995860 0.885400 0.828045 0.880578 0.807970 0.538679 0.901861 0.389119 0.436415 0.952981 0.603621 0.571845 0.459132 0.711802 0.629352 0.665945 0.785738 0.892499 0.913885 0.984851 0.969179 0.714876 0.718907 0.903726 0.746969 0.764143 0.948095 0.809277 0.838175 0.868179 0.932743 0.972747 0.810412 0.766639 0.738542 0.984407 0.966020 0.855734 0.982398
0.831402 0.874643 0.869124 0.753990 0.886313 0.736882 0.763233 0.904657 0.999421 0.814325 0.776213 0.940597 0.920007 0.894336 0.892340 0.521057 0.921057 0.981382 0.983985 0.902034 0.899742 0.781240 0.432708 0.000000 0.927846 0.955663 0.632145 0.946389 0.903125 0.989532 0.936679 0.870688 0.996081 0.836485 0.865917 0.809205 0.972503 0.790263 0.978325 0.961058 0.807270 0.904305 0.873153 0.924564 0.912010 0.971140 0.943717 0.914136 0.888322 0.647734 0.802291 0.588700 0.679666 0.629023 0.939718 0.887780 0.974859 0.787592 0.941915 0.849512 0.841308 0.924924 0.853602 0.985056 0.746918 0.844039 0.684194 0.905183 0.922921 0.662104 0.786469 0.780157 0.972270 0.929576 0.843146 0.949977 0.962269 0.995986 0.948155 0.857797 0.982211 0.894184 0.698358 0.997202 0.653132 0.462571 0.870910 0.594808 0.628028 0.520504 0.790866 0.769475 0.725961 0.724025 0.872339 0.891431 0.945594 0.982832 0.860679 0.847218 0.850744 0.797941 0.903068 0.887556 0.843752 0.832173 0.767949 0.842091 0.958512 0.760238 0.920543 0.793999 0.992616 0.820708 0.968530 0.961859
0.696305 0.956487 0.657543 0.638895 0.778546 0.811754 0.606736 0.644512 0.966430 0.612997 0.478915 0.455741 0.415865 0.462020 0.460329 0.689988 0.629418 0.634911 0.631294 0.787013 0.907869 0.989300 0.916794 0.927846 0.000000 0.481988 0.654484 0.958045 0.536345 0.522605 0.749690 0.840926 0.499689 0.632558 0.881913 0.973991 0.841443 0.754698 0.985859 0.841099 0.940288 0.915422 0.687313 0.601411 0.420898 0.450407 0.767501 0.662592 0.547789 0.788290 0.726002 0.918476 0.884271 0.920437 0.820656 0.901284 0.983556 0.956398 0.770695 0.981750 0.461358 0.530742 0.518062 0.452724 0.435385 0.726508 0.954334 0.859400 0.768499 0.900396 0.916745 0.965094 0.921130 0.906433 0.966228 0.934660 0.663918 0.870538 0.737034 0.651758 0.485363 0.705673 0.696985 0.688531 0.765603 0.974456 0.992733 0.944260 0.763860 0.915878 0.889353 0.874172 0.997452 0.634657 0.878294 0.981407 0.980529 0.917847 0.581219 0.760619 0.655707 0.835026 0.577800 0.716697 0.878243 0.864649 0.862585 0.918700 0.760657 0.939731 0.834278 0.778993 0.700872 0.782089 0.962850 0.967969
0.686339 0.798285 0.719663 0.732233 0.798980 0.947881 0.768651 0.781346 0.963947 0.805007 0.599254 0.597987 0.495469 0.595230 0.532515 0.700497 0.660948 0.753790 0.829418 0.944452 0.873604 0.892914 0.873400 0.955663 0.481988 0.000000 0.837984 0.861057 0.712557 0.639980 0.840571 0.955595 0.737901 0.783033 0.834952 0.907674 0.931437 0.814104 0.947555 0.956750 0.973875 0.946214 0.823707 0.737270 0.642408 0.651145 0.927028 0.756842 0.667144 0.799021 0.792283 0.832427 0.775765 0.938006 0.914902 0.910409 0.997530 0.858698 0.871341 0.974681 0.646379 0.693692 0.664281 0.589702 0.604206 0.576073 0.905854 0.961868 0.876464 0.910085 0.905259 0.933769 0.871074 0.818152 0.886030 0.948084 0.786487 0.833908 0.847504 0.835441 0.690502 0.861094 0.655708 0.721301 0.788374 0.954257 0.961949 0.994283 0.764274 0.912175 0.944270 0.972464 0.929314 0.822453 0.908843 0.877116 0.990286 0.949886 0.755083 0.717289 0.788719 0.946074 0.694930 0.831114 0.993174 0.915379 0.969630 0.998874 0.961095 0.994247 0.916859 0.776096 0.956032 0.978262 0.871138 0.969902
0.835769 0.910574 0.973951 0.861114 0.853556 0.924495 0.620959 0.666554 0.827362 0.694192 0.593616 0.742704 0.702964 0.764398 0.776030 0.935216 0.653180 0.640308 0.729405 0.862482 0.848968 0.883465 0.728145 0.632145 0.654484 0.837984 0.000000 0.917058 0.646520 0.678645 0.718056 0.866513 0.716997 0.572669 0.985729 0.853363 0.789399 0.709090 0.992309 0.873479 0.975396 0.920173 0.701740 0.642751 0.681571 0.660224 0.660306 0.702774 0.740949 0.891124 0.891264 0.897291 0.800278 0.804179 0.869889 0.886706 0.980809 0.922618 0.762214 0.938979 0.606008 0.784425 0.622466 0.662707 0.678619 0.859057 0.859369 0.689902 0.764232 0.868652 0.842126 0.940068 0.982831 0.980454 0.915466 0.973355 0.838622 0.906606 0.748637 0.823814 0.625991 0.739940 0.976015 0.888540 0.923288 0.879480 0.842555 0.671850 0.868581 0.723339 0.996539 0.808311 0.963776 0.651101 0.914959 0.944657 0.995633 0.940209 0.729466 0.863238 0.731843 0.999333 0.740236 0.910023 0.917939 0.920738 0.857787 0.923262 0.945541 0.715235 0.907622 0.996008 0.721725 0.859923 0.986277 0.872049
0.949312 0.909152 0.869281 0.998473 0.753400 0.885393 0.913324 0.990920 0.977379 0.933213 0.849669 0.851263 0.892236 0.944141 0.886386 0.884001 0.947848 0.963331 0.961445 0.938016 0.991389 0.936931 0.868320 0.946389 0.958045 0.861057 0.917058 0.000000 0.971626 0.951863 0.983936 0.997516 0.979689 0.950547 0.916025 0.871721 0.871736 0.809272 0.921857 0.928265 0.828165 0.957322 0.900110 0.942004 0.977311 0.935529 0.970985 0.918033 0.982865 0.983471 0.936937 0.935996 0.969826 0.978812 0.851340 0.979020 0.896955 0.959076 0.946343 0.866200 0.884631 0.980901 0.951358 0.930271 0.907437 0.927215 0.985471 0.983492 0.909393 0.854965 0.966448 0.891337 0.865901 0.862681 0.998947 0.896417 0.990014 0.993931 0.894630 0.866283 0.938810 0.869094 0.901571 0.942757 0.798653 0.783560 0.991118 0.975869 0.935579 0.900945 0.962391 0.984708 0.950793 0.982748 0.977142 0.990770 0.842197 0.974614 0.929777 0.928306 0.942810 0.971151 0.890603 0.905267 0.861591 0.873630 0.879986 0.953599 0.925800 0.930875 0.976202 0.962692 0.950762 0.831462 0.864334 0.994452
0.531511 0.668439 0.823086 0.934232 0.845205 0.658571 0.360999 0.344390 0.793107 0.424835 0.438915 0.409552 0.364264 0.435491 0.417138 0.710166 0.372273 0.392071 0.406204 0.518398 0.852305 0.876845 0.820137 0.903125 0.536345 0.712557 0.646520 0.971626 0.000000 0.298251 0.426739 0.641091 0.393690 0.318456 0.936282 0.981822 0.876444 0.748364 0.848250 0.780097 0.942653 0.964056 0.489408 0.412861 0.402620 0.349080 0.453936 0.491676 0.468300 0.656143 0.631433 0.899367 0.863733 0.936669 0.713341 0.593515 0.697403 0.721714 0.488387 0.717700 0.307405 0.456947 0.284685 0.294614 0.609764 0.942220 0.646971 0.580777 0.942566 0.709921 0.801279 0.811716 0.864225 0.971966 0.983556 0.879952 0.515788 0.920356 0.551424 0.573322 0.305952 0.365183 0.678296 0.618209 0.585459 0.813272 0.932620 0.996667 0.917002 0.977250 0.819904 0.878715 0.944009 0.625814 0.955931 0.936032 0.771734 0.897113 0.505491 0.611109 0.470715 0.677016 0.507158 0.644662 0.739531 0.835673 0.907232 0.826266 0.699029 0.722345 0.746926 0.716336 0.681223 0.723059 0.958715 0.819583
0.475193 0.622684 0.932739 0.910268 0.864774 0.722227 0.461720 0.423020 0.846059 0.505698 0.420978 0.353076 0.318802 0.364524 0.368309 0.558562 0.417697 0.367864 0.470460 0.546047 0.895475 0.927766 0.729840 0.989532 0.522605 0.639980 0.678645 0.951863 0.298251 0.000000 0.524967 0.610387 0.358049 0.341526 0.998652 0.937892 0.859430 0.807256 0.832579 0.768016 0.933965 0.947947 0.519864 0.429208 0.406685 0.363549 0.532722 0.513701 0.450991 0.629822 0.606383 0.822212 0.879881 0.938742 0.674519 0.613253 0.682320 0.683247 0.503941 0.713311 0.327430 0.465345 0.319688 0.273517 0.668398 0.910044 0.678160 0.568229 0.897195 0.642160 0.740393 0.879571 0.894062 0.905078 0.951343 0.883315 0.587418 0.805410 0.617997 0.548063 0.351043 0.433960 0.554651 0.593694 0.546606 0.747351 0.911079 0.929073 0.762355 0.944136 0.895441 0.838738 0.994347 0.615254 0.927947 0.915865 0.720016 0.973990 0.489002 0.609031 0.574439 0.741297 0.429991 0.739723 0.776683 0.786829 0.949650 0.878969 0.781005 0.806974 0.734462 0.754499 0.729676 0.723274 0.945722 0.883347
0.676726 0.758853 0.758723 0.929314 0.965628 0.684898 0.513522 0.488403 0.829718 0.488287 0.704042 0.566213 0.611314 0.663879 0.658700 0.795714 0.544443 0.514730 0.534765 0.647549 0.961725 0.962130 0.837766 0.936679 0.749690 0.840571 0.718056 0.983936 0.426739 0.524967 0.000000 0.588332 0.540428 0.492315 0.965743 0.983000 0.924901 0.822231 0.991644 0.999978 0.905184 0.983838 0.615204 0.559772 0.549668 0.544794 0.613133 0.644659 0.599407 0.715348 0.803246 0.951865 0.908976 0.888757 0.816427 0.664306 0.688639 0.790968 0.656719 0.854978 0.524978 0.620830 0.537052 0.487147 0.762888 0.948100 0.686815 0.670536 0.967882 0.797107 0.886874 0.770958 0.927502 0.976342 0.920836 0.833807 0.651601 0.957002 0.732788 0.665477 0.474071 0.581189 0.902127 0.798410 0.695240 0.868624 0.777465 0.843881 0.991540 0.985236 0.843979 0.939380 0.889201 0.824617 0.855954 0.915628 0.992772 0.917943 0.622262 0.542340 0.647769 0.674221 0.527332 0.839412 0.856821 0.894006 0.852419 0.979075 0.843454 0.793623 0.750887 0.779198 0.774061 0.880381 0.852980 0.862300
0.829441 0.955931 0.828737 0.814137 0.973943 0.852180 0.708893 0.710280 0.986875 0.758358 0.843743 0.742904 0.762355 0.727451 0.729873 0.725878 0.757737 0.653609 0.634053 0.665572 0.936094 0.972093 0.702309 0.870688 0.840926 0.955595 0.866513 0.997516 0.641091 0.610387 0.588332 0.000000 0.622931 0.671836 0.987099 0.791895 0.939631 0.932332 0.937761 0.790111 0.995677 0.934232 0.707628 0.670637 0.767255 0.682694 0.699179 0.759057 0.823463 0.817199 0.891412 0.969551 0.967979 0.870248 0.974153 0.806518 0.921570 0.997571 0.840923 0.911200 0.704121 0.827253 0.727482 0.718653 0.923323 0.850105 0.672320 0.641992 0.970536 0.877864 0.840922 0.901909 0.712906 0.848575 0.966124 0.928144 0.801919 0.995564 0.832794 0.721404 0.718599 0.616933 0.717208 0.782400 0.739156 0.704795 0.914497 0.821892 0.933376 0.755694 0.908174 0.929698 0.909141 0.861848 0.970410 0.906756 0.967305 0.953574 0.801813 0.751068 0.915874 0.882484 0.567975 0.918815 0.818202 0.869016 0.951177 0.820374 0.905904 0.941287 0.742261 0.947731 0.901443 0.989347 0.826936 0.971244
0.510302 0.742533 0.962220 0.971160 0.867374 0.627116 0.438634 0.410340 0.852413 0.454430 0.500781 0.410411 0.386013 0.464731 0.409232 0.659767 0.483213 0.469623 0.506847 0.590194 0.937260 0.868687 0.757314 0.996081 0.499689 0.737901 0.716997 0.979689 0.393690 0.358049 0.540428 0.622931 0.000000 0.447284 0.957421 0.990645 0.826285 0.875936 0.958110 0.938267 0.899597 0.930245 0.484727 0.419893 0.361006 0.361320 0.547518 0.503938 0.447307 0.666633 0.632961 0.845491 0.878052 0.918040 0.765880 0.669795 0.731328 0.754391 0.537740 0.773656 0.333580 0.466688 0.380984 0.340096 0.683594 0.973808 0.675119 0.549446 0.924111 0.652275 0.843019 0.874956 0.907994 0.870294 0.998356 0.811787 0.529499 0.741004 0.744549 0.548245 0.370616 0.495352 0.706549 0.641826 0.607982 0.736067 0.969894 0.899791 0.809946 0.931270 0.827823 0.871768 0.917357 0.632350 0.879594 0.974095 0.774819 0.948715 0.441209 0.628420 0.595031 0.804685 0.477858 0.617521 0.760484 0.873867 0.904338 0.854853 0.865180 0.835679 0.674412 0.725345 0.795007 0.790042 0.975796 0.951295
0.519319 0.579686 0.789496 0.938407 0.986948 0.677762 0.403046 0.399657 0.894428 0.459017 0.420317 0.441165 0.464090 0.528295 0.519509 0.792964 0.371404 0.406977 0.443808 0.567454 0.865166 0.858763 0.945360 0.836485 0.632558 0.783033 0.572669 0.950547 0.318456 0.341526 0.492315 0.671836 0.447284 0.000000 0.947282 0.865502 0.753537 0.811709 0.809413 0.771811 0.939822 0.980723 0.419099 0.311320 0.406566 0.359643 0.424927 0.517133 0.471404 0.632533 0.586340 0.829917 0.872819 0.974972 0.671416 0.591242 0.681127 0.755005 0.491257 0.697829 0.351392 0.537579 0.332956 0.352763 0.704497 0.944182 0.666542 0.517107 0.913493 0.717050 0.854365 0.799136 0.918534 0.937680 0.975247 0.878612 0.552298 0.822454 0.635237 0.616243 0.367810 0.400393 0.742875 0.619488 0.665323 0.797145 0.878604 0.878956 0.976395 0.918428 0.792840 0.877109 0.926432 0.616964 0.964942 0.894957 0.819411 0.979030 0.503720 0.589491 0.606071 0.713663 0.456434 0.826138 0.781913 0.879004 0.785379 0.802545 0.732373 0.731606 0.728610 0.756830 0.712889 0.806322 0.845529 0.866958
0.926986 0.959385 0.904805 0.868657 0.953744 0.783923 0.959812 0.921283 0.895697 0.930247 0.904799 0.971385 0.952503 0.940907 0.988112 0.903910 0.927641 0.945808 0.968523 0.947511 0.977523 0.846222 0.823803 0.865917 0.881913 0.834952 0.985729 0.916025 0.936282 0.998652 0.965743 0.987099 0.957421 0.947282 0.000000 0.892556 0.893226 0.931524 0.831277 0.988803 0.896224 0.956625 0.984010 0.916784 0.949660 0.991169 0.893110 0.986583 0.978903 0.881825 0.972315 0.995544 0.985077 0.929187 0.759903 0.906091 0.960989 0.888340 0.908675 0.829831 0.953972 0.988669 0.997487 0.992895 0.833169 0.844832 0.793818 0.922477 0.924145 0.951973 0.909134 0.836530 0.899087 0.919459 0.885692 0.905363 0.886596 0.891597 0.885590 0.866171 0.968887 0.944982 0.959237 0.924478 0.918672 0.839846 0.935876 0.980702 0.961170 0.972976 0.859431 0.898124 0.815341 0.881886 0.988535 0.923535 0.912344 0.816705 0.947122 0.905985 0.926892 0.817529 0.932881 0.918954 0.919516 0.966645 0.861305 0.976635 0.990337 0.778306 0.863080 0.943828 0.823870 0.955631 0.867673 0.986785
0.837659 0.866600 0.997357 0.919401 0.943436 0.986735 0.971625 0.918320 0.905260 0.938950 0.905217 0.960370 0.929178 0.997206 0.975692 0.906671 0.992103 0.931376 0.951876 0.919104 0.996442 0.817702 0.890205 0.809205 0.973991 0.907674 0.853363 0.871721 0.981822 0.937892 0.983000 0.791895 0.990645 0.865502 0.892556 0.000000 0.935056 0.879113 0.939249 0.978618 0.863145 0.948949 0.986135 0.972988 0.943753 0.974714 0.930806 0.945790 0.882118 0.875282 0.849726 0.792028 0.777855 0.798348 0.813363 0.891584 0.763223 0.677957 0.893367 0.725220 0.930511 0.927824 0.980129 0.973009 0.974404 0.920422 0.858592 0.977464 0.821981 0.660317 0.831802 0.896831 0.911090 0.992606 0.908831 0.899075 0.964870 0.964229 0.995928 0.903905 0.972137 0.918732 0.981340 0.904832 0.883155 0.970413 0.811823 0.902574 0.728228 0.922391 0.773700 0.809188 0.764552 0.704613 0.750906 0.922421 0.920343 0.927157 0.796037 0.778623 0.857777 0.912125 0.943756 0.896130 0.794904 0.905924 0.891162 0.918997 0.939667 0.975285 0.800649 0.964935 0.968664 0.795186 0.988335 0.845220
0.785771 0.941112 0.971003 0.915868 0.964726 0.810485 0.827542 0.809469 0.932879 0.773983 0.874744 0.822838 0.908281 0.871465 0.847234 0.892198 0.817143 0.857069 0.820035 0.949497 0.917122 0.869305 0.896484 0.972503 0.841443 0.931437 0.789399 0.871736 0.876444 0.859430 0.924901 0.939631 0.826285 0.753537 0.893226 0.935056 0.000000 0.898721 0.834408 0.851046 0.954742 0.864990 0.778394 0.782029 0.706972 0.728877 0.899545 0.864072 0.732425 0.797530 0.832856 0.855911 0.904605 0.837112 0.861612 0.919567 0.924998 0.905941 0.943051 0.930788 0.819923 0.804752 0.847118 0.817966 0.838825 0.884310 0.812882 0.862007 0.861740 0.960442 0.923702 0.822452 0.984076 0.971963 0.995979 0.846565 0.805506 0.886003 0.938645 0.933713 0.822291 0.872796 0.973934 0.933681 0.932116 0.911986 0.900860 0.781931 0.984900 0.949780 0.735785 0.857446 0.760321 0.963707 0.968100 0.942409 0.988429 0.990874 0.715038 0.918588 0.967361 0.901048 0.805502 0.973091 0.989711 0.993029 0.951231 0.807536 0.913549 0.862411 0.871675 0.887794 0.684689 0.887687 0.912957 0.872413
0.849215 0.968735 0.992745 0.765078 0.971771 0.964125 0.730829 0.811482 0.944521 0.846165 0.702080 0.854157 0.678368 0.782614 0.820051 0.944428 0.781794 0.911794 0.869637 0.959737 0.911160 0.994446 0.927100 0.790263 0.754698 0.814104 0.709090 0.809272 0.748364 0.807256 0.822231 0.932332 0.875936 0.811709 0.931524 0.879113 0.898721 0.000000 0.839612 0.900204 0.903719 0.931964 0.936522 0.831600 0.848048 0.863638 0.811622 0.871000 0.931876 0.987391 0.916940 0.845150 0.843337 0.824139 0.935393 0.907217 0.962676 0.976732 0.824550 0.960677 0.678158 0.842821 0.709438 0.746387 0.836703 0.952184 0.963590 0.888157 0.805617 0.883035 0.846119 0.989651 0.974521 0.765734 0.858876 0.977038 0.742036 0.877584 0.863003 0.983789 0.748346 0.796607 0.914635 0.994648 0.870836 0.963652 0.905500 0.919150 0.857314 0.993095 0.957088 0.920952 0.924078 0.781846 0.940247 0.913311 0.916244 0.911178 0.895599 0.940579 0.817698 0.823554 0.990432 0.983320 0.922913 0.924967 0.902417 0.998024 0.771426 0.929544 0.958481 0.953114 0.742001 0.931824 0.889821 0.978989
