0.000000 0.219657 0.483814 0.564856 0.951656 0.780882 0.499679 0.427439 0.982928 0.650992 0.286764 0.258833 0.337911 0.400420 0.455392 0.439639 0.272299 0.211383 0.316244 0.237024 0.713374 0.840626 0.449569 0.569864 0.712328 0.685298 0.887332 0.942204 0.247695 0.232793 0.430086 0.447173 0.364634 0.315207 0.685755 0.812873 0.513299 0.692997 0.704544 0.727543 0.743638 0.749109 0.508574 0.436412 0.543601 0.467132 0.461660 0.388677 0.727389 0.635368 0.681408 0.703998 0.739810 0.896259 0.633663 0.793500 0.292864 0.286802 0.441915 0.376249 0.282285 0.353363 0.231173 0.235183 0.488577 0.440687 0.506331 0.373430 0.395296 0.322705 0.503047 0.551067 0.447571 0.509749 0.766234 0.699843 0.499772 0.521493 0.475992 0.383464 0.234038 0.263062 0.409665 0.448006 0.480891 0.460645 0.831218 0.959162 0.923566 0.559736 0.899534 0.934482 0.826065 0.969398 0.502709 0.642470 0.595342 0.746524 0.527216 0.552887 0.724383 0.686467 0.518268 0.599884 0.476624 0.551622 0.891697 0.864786 0.959674 0.700962 0.834897 0.543292 0.658639 0.711017 0.709969 0.946148
0.219657 0.000000 0.649400 0.670974 0.929044 0.884842 0.605293 0.480100 0.999405 0.635812 0.377823 0.312376 0.514347 0.494227 0.572478 0.514662 0.204551 0.229332 0.395388 0.302574 0.755923 0.863151 0.552982 0.690053 0.864367 0.799407 0.815191 0.955275 0.279512 0.258544 0.515447 0.577623 0.443923 0.366847 0.767917 0.690242 0.658438 0.615843 0.827321 0.845397 0.828648 0.613410 0.520838 0.468511 0.547513 0.493918 0.522749 0.429448 0.614431 0.606776 0.635111 0.679274 0.748835 0.837996 0.764218 0.888633 0.197131 0.178076 0.424325 0.404846 0.410723 0.432340 0.211533 0.167319 0.699103 0.606492 0.558585 0.418871 0.445781 0.285925 0.480525 0.482014 0.480676 0.528967 0.830968 0.646094 0.542630 0.374442 0.464695 0.510415 0.225846 0.382065 0.402540 0.427724 0.616540 0.640756 0.786938 0.860313 0.996352 0.683192 0.869336 0.889261 0.790692 0.964411 0.505445 0.718475 0.637549 0.606013 0.522730 0.522068 0.716792 0.702495 0.457935 0.571731 0.455945 0.506230 0.769829 0.792274 0.985105 0.763709 0.768493 0.555390 0.709648 0.789157 0.725465 0.947506
0.483814 0.649400 0.000000 0.213528 0.970364 0.617257 0.185115 0.262576 0.605872 0.425151 0.465321 0.540897 0.375850 0.574246 0.495054 0.551003 0.676941 0.534294 0.394093 0.446861 0.715048 0.843176 0.304367 0.382235 0.653318 0.399905 0.957701 0.844879 0.644216 0.509229 0.294671 0.402942 0.337057 0.324477 0.559946 0.745504 0.656401 0.777598 0.554495 0.760043 0.970276 0.954635 0.320118 0.333674 0.315352 0.329670 0.356164 0.375398 0.559530 0.521609 0.536625 0.504477 0.537621 0.718441 0.658809 0.567071 0.745639 0.764280 0.480274 0.462594 0.345173 0.429383 0.591950 0.650405 0.286886 0.268772 0.247996 0.291687 0.837309 0.635103 0.437356 0.462535 0.559955 0.522593 0.796319 0.701133 0.477329 0.681951 0.508728 0.456345 0.593687 0.509754 0.724579 0.773263 0.631054 0.505885 0.855588 0.967232 0.847652 0.667497 0.544744 0.639629 0.552348 0.611351 0.561398 0.632012 0.339642 0.808731 0.397925 0.419041 0.527237 0.512329 0.546698 0.559808 0.420196 0.508155 0.639417 0.662907 0.835212 0.838357 0.734567 0.477026 0.457711 0.692606 0.592798 0.880762
0.564856 0.670974 0.213528 0.000000 0.938574 0.614844 0.235141 0.244994 0.606073 0.414669 0.535910 0.592888 0.423617 0.503083 0.490596 0.506620 0.726923 0.577696 0.375202 0.455798 0.664330 0.795335 0.309440 0.351782 0.771670 0.429552 0.970116 0.891088 0.612478 0.535820 0.344731 0.429268 0.352810 0.320980 0.635638 0.727558 0.697116 0.861768 0.688076 0.849219 0.974856 0.876142 0.311173 0.341704 0.381847 0.380694 0.396528 0.416223 0.554265 0.523232 0.575325 0.509467 0.578507 0.698252 0.727202 0.652766 0.769755 0.783609 0.471799 0.509473 0.445168 0.479249 0.646022 0.702366 0.365872 0.286378 0.312529 0.353074 0.949404 0.674846 0.424716 0.427674 0.638225 0.556447 0.868416 0.617837 0.442225 0.606494 0.536790 0.529722 0.670015 0.563626 0.783122 0.759449 0.692474 0.513322 0.906118 0.925620 0.876805 0.674799 0.465640 0.537665 0.492532 0.522828 0.623089 0.604452 0.399132 0.723850 0.394141 0.372985 0.474678 0.564698 0.556604 0.479174 0.426928 0.575001 0.660692 0.672010 0.840469 0.845995 0.775747 0.439489 0.422725 0.605626 0.595150 0.815780
0.951656 0.929044 0.970364 0.938574 0.000000 0.872521 0.926217 0.901469 0.999263 0.948419 0.992201 0.944129 0.923026 0.899779 0.960009 0.880514 0.937799 0.984762 0.944714 0.976825 0.997922 0.943132 0.885624 0.892355 0.879727 0.973769 0.915397 0.984752 0.955981 0.931011 0.951162 0.940913 0.972762 0.919165 0.991094 0.990608 0.833829 0.978123 0.947048 0.889605 0.892131 0.896732 0.912575 0.890098 0.857334 0.839448 0.995078 0.868164 0.733877 0.752557 0.854089 0.807160 0.850118 0.747803 0.974199 0.893609 0.962622 0.927459 0.848947 0.853814 0.873968 0.882447 0.881197 0.913134 0.999266 0.895836 0.929206 0.930916 0.950467 0.994691 0.870982 0.856321 0.962062 0.945863 0.935424 0.920576 0.964183 0.967491 0.895430 0.939202 0.880282 0.933534 0.975533 0.998604 0.962319 0.970596 0.954881 0.934581 0.980190 0.954692 0.911573 0.902286 0.919931 0.996213 0.930654 0.965574 0.945145 0.781798 0.876199 0.780730 0.909436 0.988145 0.959110 0.819878 0.932908 0.959042 0.809034 0.992333 0.744608 0.899465 0.963844 0.798051 0.792400 0.955600 0.881953 0.972095
0.780882 0.884842 0.617257 0.614844 0.872521 0.000000 0.571072 0.713032 0.748176 0.706325 0.787198 0.672616 0.604854 0.804264 0.676050 0.543859 0.911585 0.820258 0.668616 0.739473 0.875902 0.820281 0.588836 0.664787 0.815641 0.582989 0.805909 0.616507 0.828065 0.796645 0.697648 0.683496 0.660367 0.594285 0.721212 0.967892 0.980636 0.862743 0.875383 0.940496 0.961920 0.939483 0.639649 0.593299 0.707414 0.729963 0.767765 0.659606 0.902931 0.767983 0.806075 0.699841 0.716719 0.779480 0.873459 0.780208 0.995922 0.999426 0.858193 0.770138 0.706219 0.791889 0.837428 0.902270 0.636462 0.619556 0.660673 0.701997 0.893265 0.756146 0.796965 0.683910 0.746219 0.657445 0.769230 0.842215 0.724506 0.842716 0.814066 0.584955 0.792165 0.666015 0.999514 0.913944 0.703993 0.592468 0.880965 0.799822 0.923442 0.764306 0.685599 0.733041 0.712238 0.713910 0.723195 0.704828 0.680244 0.935078 0.712914 0.685964 0.833300 0.709140 0.896142 0.673849 0.642297 0.783728 0.807688 0.935767 0.952897 0.937014 0.965302 0.711388 0.619028 0.842533 0.759900 0.999065
0.499679 0.605293 0.185115 0.235141 0.926217 0.571072 0.000000 0.196405 0.516320 0.274243 0.499085 0.579326 0.433436 0.664485 0.575966 0.561554 0.602473 0.503196 0.349976 0.431647 0.752615 0.817649 0.290410 0.480615 0.790991 0.496744 0.975094 0.882516 0.622496 0.525364 0.328386 0.429023 0.292731 0.256672 0.554659 0.638157 0.676251 0.818937 0.742886 0.785047 0.976992 0.876637 0.199320 0.213692 0.203929 0.219878 0.323782 0.301994 0.421502 0.409172 0.418136 0.387330 0.429686 0.597568 0.695674 0.573751 0.639347 0.670160 0.354724 0.394325 0.353305 0.436957 0.506648 0.574590 0.373551 0.324590 0.164970 0.227606 0.881874 0.620980 0.310169 0.315619 0.638528 0.518381 0.822657 0.678532 0.347152 0.603099 0.452926 0.447776 0.555979 0.537685 0.776942 0.782289 0.685752 0.600554 0.961390 0.921159 0.825456 0.767773 0.376603 0.444621 0.398007 0.446701 0.553537 0.569178 0.317801 0.717448 0.243301 0.266937 0.408736 0.414289 0.460160 0.435029 0.318419 0.380220 0.539210 0.581611 0.777314 0.859987 0.639748 0.377881 0.362385 0.638130 0.503458 0.824423
0.427439 0.480100 0.262576 0.244994 0.901469 0.713032 0.196405 0.000000 0.524665 0.253354 0.426129 0.501501 0.432187 0.560210 0.577963 0.558563 0.529344 0.451868 0.360954 0.332365 0.776476 0.813613 0.353600 0.492468 0.924018 0.629385 0.823341 0.835099 0.533558 0.464222 0.399305 0.458876 0.328690 0.278151 0.631682 0.610045 0.669869 0.809137 0.828569 0.871646 0.916317 0.775061 0.291519 0.324329 0.298483 0.315805 0.417004 0.375626 0.455844 0.452839 0.501449 0.471197 0.548234 0.647452 0.753693 0.684424 0.542570 0.537160 0.307301 0.370159 0.348433 0.331190 0.453677 0.461726 0.471313 0.343632 0.251697 0.278211 0.846361 0.539293 0.331513 0.365847 0.679419 0.615124 0.881202 0.693796 0.408219 0.555152 0.470773 0.553796 0.514156 0.525191 0.736570 0.718655 0.759439 0.648558 0.974402 0.924008 0.825748 0.693785 0.398069 0.466389 0.385720 0.489567 0.507884 0.631385 0.358969 0.594219 0.237157 0.258626 0.368264 0.474834 0.388474 0.418943 0.330137 0.391792 0.560447 0.592378 0.798323 0.767191 0.662747 0.345963 0.377539 0.612382 0.553932 0.810534
0.982928 0.999405 0.605872 0.606073 0.999263 0.748176 0.516320 0.524665 0.000000 0.408952 0.914848 0.996008 0.842308 0.905495 0.981908 0.936472 0.975626 0.940451 0.902818 0.917124 0.951021 0.896945 0.790769 0.915306 0.906583 0.863925 0.861952 0.917839 0.890796 0.905560 0.770018 0.883143 0.821587 0.738493 0.831306 0.767859 0.959391 0.954145 0.970052 0.871731 0.801245 0.978044 0.574929 0.620151 0.550685 0.565704 0.750763 0.765684 0.522773 0.510220 0.510847 0.498940 0.472382 0.536842 0.957415 0.846297 0.928500 0.945685 0.539827 0.663952 0.745164 0.710042 0.947821 0.956354 0.819844 0.734069 0.593374 0.705374 0.769485 0.954115 0.691911 0.684073 0.917038 0.993008 0.995791 0.975775 0.793929 0.842588 0.878327 0.868487 0.893338 0.820694 0.790514 0.775785 0.766219 0.921956 0.953889 0.833490 0.774742 0.912046 0.469878 0.560823 0.570126 0.492577 0.800805 0.873279 0.646449 0.815901 0.508975 0.531338 0.627069 0.566096 0.714124 0.631505 0.638381 0.673484 0.595569 0.605281 0.947549 0.870720 0.711925 0.607013 0.585621 0.909071 0.590985 0.759940
0.650992 0.635812 0.425151 0.414669 0.948419 0.706325 0.274243 0.253354 0.408952 0.000000 0.597788 0.655029 0.593028 0.812666 0.743879 0.686292 0.612873 0.622084 0.510861 0.512437 0.944569 0.878550 0.476267 0.686267 0.904185 0.792067 0.893749 0.856564 0.692447 0.637116 0.595032 0.575222 0.486781 0.433164 0.778866 0.609065 0.855168 0.951092 0.917478 0.974399 0.894117 0.747806 0.347656 0.369126 0.368313 0.388848 0.509966 0.470715 0.400530 0.444462 0.511263 0.484787 0.535064 0.628773 0.834047 0.749360 0.665891 0.693128 0.396136 0.499490 0.548796 0.535862 0.616423 0.611910 0.696392 0.554287 0.389333 0.474492 0.925334 0.645930 0.392113 0.397328 0.859373 0.734769 0.911132 0.775205 0.485517 0.543805 0.552038 0.582597 0.656696 0.711377 0.902215 0.844973 0.959057 0.876504 0.910687 0.940184 0.863533 0.814267 0.356394 0.398206 0.425867 0.470111 0.546513 0.598320 0.362696 0.637508 0.256728 0.251458 0.448457 0.419205 0.436336 0.464044 0.450031 0.401541 0.572945 0.597284 0.824054 0.888360 0.650083 0.446513 0.425134 0.790624 0.633515 0.759216
0.286764 0.377823 0.465321 0.535910 0.992201 0.787198 0.499085 0.426129 0.914848 0.597788 0.000000 0.349252 0.369310 0.507181 0.570283 0.548418 0.456676 0.333664 0.359511 0.287084 0.825635 0.869386 0.590379 0.651615 0.891588 0.805763 0.930509 0.995910 0.389312 0.367648 0.550586 0.570314 0.493691 0.453892 0.818666 0.877601 0.639512 0.824403 0.839395 0.812543 0.814393 0.899504 0.567024 0.535639 0.602338 0.536251 0.574248 0.561352 0.788112 0.695589 0.782005 0.769985 0.797049 0.909788 0.770863 0.837183 0.450717 0.424110 0.531858 0.480679 0.378042 0.430656 0.371723 0.405753 0.615995 0.522518 0.586632 0.442075 0.551692 0.562282 0.592405 0.566971 0.560472 0.644917 0.786017 0.755854 0.492370 0.518867 0.554974 0.458436 0.413617 0.382437 0.610100 0.619626 0.723655 0.651565 0.836280 0.919067 0.941516 0.668183 0.844925 0.876681 0.835139 0.908425 0.605335 0.626630 0.647365 0.894799 0.541023 0.539108 0.760213 0.599535 0.529406 0.609945 0.509374 0.584960 0.875034 0.906056 0.940880 0.793583 0.802401 0.570690 0.635834 0.706056 0.757329 0.915342
0.258833 0.312376 0.540897 0.592888 0.944129 0.672616 0.579326 0.501501 0.996008 0.655029 0.349252 0.000000 0.298977 0.378317 0.363276 0.260325 0.370526 0.289726 0.385890 0.347939 0.727158 0.824630 0.415670 0.487373 0.740513 0.694566 0.970007 0.909587 0.289463 0.246618 0.504116 0.494936 0.423773 0.368436 0.805179 0.953213 0.656577 0.820592 0.780278 0.880390 0.902396 0.841882 0.592106 0.508636 0.667097 0.553645 0.567552 0.436991 0.785573 0.605705 0.710101 0.657433 0.758339 0.775378 0.761143 0.866464 0.476599 0.433472 0.560017 0.464809 0.309483 0.361175 0.296515 0.307166 0.552224 0.434503 0.638383 0.505900 0.580479 0.403404 0.602970 0.586687 0.379214 0.444219 0.692768 0.648768 0.614024 0.468916 0.526311 0.410673 0.334774 0.301868 0.476681 0.521767 0.473462 0.433530 0.773922 0.930991 0.967183 0.588840 0.940771 0.989642 0.913641 0.912664 0.574072 0.680931 0.628219 0.765815 0.638181 0.578552 0.801900 0.715718 0.617811 0.762854 0.458571 0.537053 0.899818 0.974527 0.959927 0.702417 0.926910 0.607870 0.679127 0.784377 0.759402 0.954814
0.337911 0.514347 0.375850 0.423617 0.923026 0.604854 0.433436 0.432187 0.842308 0.593028 0.369310 0.298977 0.000000 0.408585 0.363224 0.307221 0.595992 0.480013 0.367950 0.424098 0.775144 0.910164 0.358744 0.406933 0.699983 0.549438 0.962955 0.986177 0.445574 0.382229 0.508734 0.524272 0.445297 0.413448 0.756365 0.930007 0.664585 0.906543 0.655168 0.811179 0.965732 0.980257 0.501289 0.444719 0.591198 0.465856 0.481154 0.429338 0.739235 0.480553 0.618577 0.556186 0.652741 0.714614 0.641531 0.687074 0.676674 0.607711 0.466975 0.401076 0.236538 0.336396 0.419938 0.493239 0.336336 0.312834 0.546190 0.466179 0.634156 0.515828 0.646399 0.589742 0.465359 0.541944 0.778603 0.665420 0.624653 0.644162 0.543688 0.447667 0.479701 0.353221 0.642034 0.636824 0.498176 0.361898 0.910302 0.798648 0.808925 0.546186 0.821878 0.889344 0.854582 0.925961 0.635037 0.673085 0.564546 0.831386 0.579793 0.536062 0.691512 0.655996 0.645578 0.717544 0.486843 0.626008 0.927773 0.965140 0.791825 0.756515 0.898042 0.580282 0.577252 0.753069 0.730876 0.803064
0.400420 0.494227 0.574246 0.503083 0.899779 0.804264 0.664485 0.560210 0.905495 0.812666 0.507181 0.378317 0.408585 0.000000 0.278898 0.327022 0.623084 0.426906 0.394344 0.401172 0.695559 0.773047 0.433720 0.402938 0.680754 0.585564 0.974779 0.951040 0.361516 0.347351 0.513260 0.512784 0.473595 0.470815 0.894663 0.968511 0.702234 0.926051 0.757039 0.816265 0.933926 0.778171 0.652154 0.628204 0.842010 0.733514 0.578334 0.637307 0.971269 0.892394 0.960554 0.878562 0.938833 0.956082 0.677342 0.871023 0.626665 0.629639 0.718163 0.697820 0.509526 0.543177 0.547920 0.550500 0.468102 0.431873 0.687517 0.628733 0.665094 0.505851 0.679493 0.723787 0.488270 0.585934 0.838622 0.634435 0.636652 0.640868 0.629472 0.520854 0.516057 0.357699 0.464982 0.387422 0.437943 0.320205 0.987360 0.797936 0.910692 0.516162 0.932958 0.978545 0.881518 0.980594 0.618035 0.719857 0.751022 0.720314 0.751150 0.693407 0.743512 0.822149 0.751517 0.819815 0.636677 0.727376 0.951380 0.953770 0.978784 0.749357 0.972603 0.691399 0.723256 0.786927 0.822560 0.935486
0.455392 0.572478 0.495054 0.490596 0.960009 0.676050 0.575966 0.577963 0.981908 0.743879 0.570283 0.363276 0.363224 0.278898 0.000000 0.288086 0.608588 0.473456 0.416576 0.463885 0.741417 0.775319 0.281083 0.319029 0.564099 0.507738 0.915395 0.874787 0.440217 0.365191 0.397826 0.374311 0.398879 0.419805 0.773455 0.957962 0.757209 0.987365 0.673942 0.892824 0.937770 0.927752 0.584427 0.559073 0.743670 0.637906 0.523252 0.533741 0.873974 0.809506 0.914334 0.804895 0.900787 0.985318 0.662163 0.754838 0.734440 0.748455 0.719661 0.714423 0.469488 0.592326 0.572988 0.627183 0.429095 0.428689 0.637940 0.606045 0.698641 0.575041 0.660244 0.725641 0.456821 0.538954 0.772741 0.685983 0.620165 0.679649 0.524251 0.540074 0.494106 0.379933 0.478109 0.492891 0.399614 0.306642 0.993772 0.783356 0.942687 0.639623 0.959508 0.950764 0.982673 0.901844 0.693302 0.722502 0.662850 0.784067 0.758034 0.672939 0.836850 0.866193 0.851809 0.875336 0.586111 0.715671 0.959386 0.897358 0.951575 0.774752 0.991868 0.709768 0.687602 0.865917 0.802858 0.958111
0.439639 0.514662 0.551003 0.506620 0.880514 0.543859 0.561554 0.558563 0.936472 0.686292 0.548418 0.260325 0.307221 0.327022 0.288086 0.000000 0.559824 0.445446 0.373917 0.463979 0.722015 0.705961 0.299451 0.353874 0.624140 0.570770 0.934198 0.821333 0.379889 0.342384 0.497008 0.449933 0.396542 0.372824 0.834236 0.996162 0.767126 0.953974 0.793894 0.873709 0.977067 0.896763 0.507148 0.444363 0.688707 0.546632 0.539361 0.457080 0.782989 0.622808 0.711733 0.608400 0.708441 0.747391 0.679228 0.781768 0.678256 0.648663 0.605653 0.597671 0.406137 0.500542 0.454835 0.501247 0.454205 0.412123 0.625178 0.584328 0.722041 0.484539 0.599034 0.609513 0.421388 0.460042 0.678944 0.639555 0.602750 0.613377 0.556069 0.455549 0.487390 0.384926 0.598160 0.562837 0.427406 0.324413 0.826770 0.870104 0.992844 0.653872 0.858771 0.911534 0.885099 0.983791 0.645449 0.663608 0.634979 0.739991 0.673618 0.569165 0.801899 0.705069 0.745131 0.781627 0.503634 0.634916 0.937896 0.991505 0.997908 0.726355 0.896829 0.600552 0.567882 0.795283 0.726626 0.928805
0.272299 0.204551 0.676941 0.726923 0.937799 0.911585 0.602473 0.529344 0.975626 0.612873 0.456676 0.370526 0.595992 0.623084 0.608588 0.559824 0.000000 0.198080 0.387774 0.337703 0.756980 0.789448 0.560879 0.721557 0.792635 0.819420 0.884218 0.896391 0.306310 0.293223 0.543763 0.496937 0.426208 0.391806 0.834188 0.751010 0.691094 0.667387 0.873148 0.816637 0.797367 0.582938 0.489516 0.458343 0.562959 0.517974 0.543749 0.429389 0.661037 0.667727 0.690541 0.746175 0.795798 0.893052 0.817862 0.938511 0.181385 0.239607 0.457123 0.524951 0.509574 0.578816 0.234971 0.238124 0.739839 0.695190 0.583196 0.484205 0.462677 0.383034 0.487399 0.510445 0.510158 0.530870 0.795734 0.642138 0.514793 0.431447 0.416676 0.503907 0.210606 0.410171 0.453824 0.506502 0.612676 0.686801 0.779908 0.800982 0.924785 0.828064 0.859038 0.873438 0.827112 0.980273 0.585608 0.698859 0.656852 0.628748 0.529507 0.515178 0.827015 0.710187 0.473403 0.564494 0.499614 0.523613 0.837029 0.835364 0.970182 0.703694 0.805748 0.559226 0.701198 0.775270 0.725092 0.922807
0.211383 0.229332 0.534294 0.577696 0.984762 0.820258 0.503196 0.451868 0.940451 0.622084 0.333664 0.289726 0.480013 0.426906 0.473456 0.445446 0.198080 0.000000 0.277315 0.219128 0.717122 0.746239 0.451420 0.570896 0.742209 0.678283 0.982867 0.886025 0.225114 0.203337 0.468939 0.426991 0.344977 0.299034 0.753384 0.847694 0.637435 0.690115 0.775115 0.759084 0.769155 0.668365 0.445922 0.404109 0.557916 0.493186 0.520524 0.399824 0.693905 0.682495 0.730702 0.757961 0.788314 0.912867 0.769368 0.881974 0.220123 0.250913 0.501194 0.514453 0.431777 0.532077 0.217767 0.236343 0.620647 0.557448 0.520388 0.392709 0.485182 0.412989 0.436884 0.490806 0.455287 0.450060 0.795516 0.576154 0.433205 0.414753 0.416770 0.380118 0.210944 0.259225 0.385925 0.462479 0.494553 0.524011 0.797053 0.914900 0.953289 0.718825 0.806149 0.808045 0.755319 0.897545 0.517326 0.648523 0.632954 0.682707 0.509994 0.485332 0.749592 0.638751 0.485727 0.571179 0.439690 0.492660 0.841263 0.866917 0.996570 0.732666 0.839256 0.516909 0.629903 0.688908 0.736205 0.988179
0.316244 0.395388 0.394093 0.375202 0.944714 0.668616 0.349976 0.360954 0.902818 0.510861 0.359511 0.385890 0.367950 0.394344 0.416576 0.373917 0.387774 0.277315 0.000000 0.272545 0.624104 0.740080 0.340808 0.431479 0.704488 0.599016 0.994349 0.917430 0.299528 0.292691 0.406442 0.352906 0.297168 0.263373 0.792954 0.750599 0.654146 0.877793 0.776195 0.829774 0.937697 0.763340 0.345388 0.339291 0.470460 0.420159 0.386497 0.381294 0.631042 0.637902 0.721661 0.704308 0.758724 0.919651 0.809640 0.811120 0.403232 0.461853 0.465901 0.506736 0.431409 0.568241 0.345033 0.448208 0.487366 0.471039 0.423199 0.429745 0.616428 0.483462 0.409276 0.449681 0.542269 0.511452 0.732410 0.611329 0.402020 0.464703 0.476685 0.406379 0.393346 0.363934 0.619890 0.531329 0.574723 0.504844 0.919805 0.965891 0.946983 0.757095 0.686401 0.711003 0.680600 0.764787 0.602517 0.541913 0.553087 0.699275 0.439084 0.377498 0.611239 0.576804 0.520120 0.477842 0.462157 0.559634 0.852597 0.854071 0.904166 0.836085 0.779385 0.485524 0.478200 0.679789 0.651564 0.915600
0.237024 0.302574 0.446861 0.455798 0.976825 0.739473 0.431647 0.332365 0.917124 0.512437 0.287084 0.347939 0.424098 0.401172 0.463885 0.463979 0.337703 0.219128 0.272545 0.000000 0.693658 0.755414 0.412558 0.532225 0.807506 0.695016 0.906906 0.904907 0.304257 0.272187 0.444254 0.389984 0.347375 0.306724 0.686398 0.756176 0.649774 0.739381 0.751031 0.873870 0.766639 0.769110 0.442746 0.422171 0.522738 0.502135 0.476780 0.410870 0.695837 0.697355 0.785285 0.786904 0.791609 0.970002 0.786993 0.816945 0.335788 0.354393 0.495736 0.514266 0.431110 0.481349 0.331711 0.338684 0.572365 0.501052 0.480524 0.412380 0.536407 0.413064 0.463908 0.488429 0.526378 0.554114 0.726569 0.635041 0.438776 0.497276 0.493453 0.429825 0.332100 0.293848 0.485997 0.529101 0.615621 0.548460 0.881255 0.968485 0.913397 0.636083 0.738509 0.743235 0.688952 0.820141 0.504030 0.606956 0.561815 0.670968 0.474198 0.461768 0.605403 0.558757 0.491448 0.524467 0.453282 0.524930 0.854687 0.873463 0.924046 0.774180 0.734414 0.521573 0.589155 0.684612 0.687726 0.930772
0.713374 0.755923 0.715048 0.664330 0.997922 0.875902 0.752615 0.776476 0.951021 0.944569 0.825635 0.727158 0.775144 0.695559 0.741417 0.722015 0.756980 0.717122 0.624104 0.693658 0.000000 0.885388 0.662326 0.673009 0.722449 0.741498 0.882790 0.881057 0.780921 0.684060 0.669880 0.713763 0.695570 0.606620 0.826407 0.981472 0.747356 0.902411 0.707435 0.878524 0.913187 0.890513 0.742334 0.751961 0.801856 0.772961 0.613129 0.689169 0.885425 0.891033 0.916547 0.903194 0.920689 0.947514 0.924055 0.880978 0.750165 0.799017 0.784932 0.726745 0.730937 0.817997 0.703479 0.784140 0.690252 0.698285 0.742222 0.744360 0.898244 0.719654 0.845838 0.847219 0.722254 0.783900 0.747974 0.789553 0.854042 0.820026 0.797205 0.735288 0.774818 0.700000 0.736452 0.717005 0.730314 0.688062 0.948874 0.902172 0.932475 0.849386 0.994879 0.993629 0.931893 0.976794 0.921399 0.691149 0.814151 0.911450 0.883535 0.757430 0.972617 0.989731 0.749376 0.800142 0.895622 0.820356 0.987181 0.968817 0.985615 0.920623 0.917660 0.890673 0.905210 0.891339 0.862032 0.855751
0.840626 0.863151 0.843176 0.795335 0.943132 0.820281 0.817649 0.813613 0.896945 0.878550 0.869386 0.824630 0.910164 0.773047 0.775319 0.705961 0.789448 0.746239 0.740080 0.755414 0.885388 0.000000 0.803259 0.779486 0.912615 0.875834 0.849950 0.821678 0.775115 0.789211 0.750719 0.681012 0.750831 0.745110 0.826432 0.923446 0.986607 0.715120 0.948549 0.951766 0.984372 0.988276 0.737152 0.762324 0.850823 0.829265 0.892971 0.825317 0.919045 0.943557 0.981457 0.926971 0.919680 0.959475 0.989876 0.921314 0.867742 0.881893 0.903767 0.966328 0.943222 0.977964 0.852687 0.902076 0.906120 0.842735 0.828736 0.838087 0.982952 0.862131 0.739868 0.777141 0.832295 0.782070 0.935104 0.990459 0.857737 0.793297 0.934100 0.759667 0.858909 0.851631 0.895862 0.962191 0.932362 0.860695 0.917510 0.958367 0.998833 0.949910 0.807750 0.851391 0.872299 0.845575 0.811831 0.815998 0.965752 0.856536 0.819955 0.779807 0.890553 0.787761 0.825578 0.666358 0.801164 0.828056 0.976916 0.982587 0.937509 0.861101 0.940837 0.880428 0.787311 0.799076 0.919595 0.958378
0.449569 0.552982 0.304367 0.309440 0.885624 0.588836 0.290410 0.353600 0.790769 0.476267 0.590379 0.415670 0.358744 0.433720 0.281083 0.299451 0.560879 0.451420 0.340808 0.412558 0.662326 0.803259 0.000000 0.271131 0.550955 0.402875 0.995851 0.964380 0.489593 0.346489 0.264513 0.306765 0.245161 0.238664 0.573845 0.791394 0.619892 0.878241 0.619763 0.842699 0.988812 0.903421 0.319627 0.296880 0.399725 0.352922 0.343491 0.306509 0.573864 0.540899 0.588713 0.508634 0.597450 0.747391 0.554114 0.616325 0.663217 0.679115 0.480674 0.507993 0.348827 0.462265 0.481932 0.527558 0.311002 0.321482 0.321651 0.357357 0.760671 0.481678 0.402723 0.434886 0.455312 0.421019 0.747897 0.622863 0.422709 0.629451 0.427203 0.465128 0.458160 0.400310 0.548888 0.552244 0.438535 0.370922 0.926429 0.918231 0.938304 0.697080 0.648297 0.746827 0.657929 0.834922 0.540714 0.610061 0.392035 0.654952 0.478894 0.432648 0.630493 0.650828 0.590208 0.640633 0.372095 0.467745 0.699084 0.837756 0.816267 0.744710 0.743042 0.484465 0.494191 0.753851 0.598556 0.871154
0.569864 0.690053 0.382235 0.351782 0.892355 0.664787 0.480615 0.492468 0.915306 0.686267 0.651615 0.487373 0.406933 0.402938 0.319029 0.353874 0.721557 0.570896 0.431479 0.532225 0.673009 0.779486 0.271131 0.000000 0.552403 0.453860 0.974949 0.893375 0.567025 0.425743 0.402121 0.413144 0.435559 0.403694 0.728723 0.978653 0.777887 0.915919 0.614946 0.882473 0.978080 0.936334 0.522082 0.526569 0.647104 0.594952 0.513222 0.506965 0.779590 0.744420 0.800341 0.712971 0.815828 0.879404 0.716914 0.655182 0.822263 0.856420 0.723162 0.693474 0.486990 0.611769 0.670923 0.702547 0.384015 0.355291 0.527335 0.555707 0.844255 0.633239 0.611474 0.638283 0.462158 0.513259 0.809427 0.701801 0.600905 0.714002 0.586243 0.552481 0.580326 0.455233 0.671305 0.603170 0.479522 0.377353 0.898438 0.791652 0.929684 0.720808 0.756294 0.826446 0.774130 0.920217 0.633802 0.786826 0.573659 0.695325 0.694894 0.615274 0.688851 0.856445 0.761509 0.826798 0.648546 0.716914 0.823008 0.944673 0.834169 0.792307 0.883630 0.635994 0.603905 0.719236 0.793799 0.961777
0.712328 0.864367 0.653318 0.771670 0.879727 0.815641 0.790991 0.924018 0.906583 0.904185 0.891588 0.740513 0.699983 0.680754 0.564099 0.624140 0.792635 0.742209 0.704488 0.807506 0.722449 0.912615 0.550955 0.552403 0.000000 0.443449 0.741170 0.873894 0.738770 0.665920 0.478895 0.520648 0.633459 0.692264 0.651960 0.890793 0.719326 0.833138 0.596476 0.789101 0.975792 0.970350 0.737926 0.713184 0.789105 0.751253 0.671980 0.664603 0.971577 0.970942 0.889107 0.880937 0.934047 0.927685 0.746760 0.866892 0.891334 0.938884 0.869737 0.835779 0.706504 0.870420 0.768919 0.856201 0.516576 0.674554 0.702575 0.759426 0.792994 0.754942 0.917128 0.964627 0.484216 0.618218 0.724296 0.920513 0.817901 0.923619 0.750679 0.684828 0.754080 0.717878 0.622922 0.782824 0.519770 0.488506 0.791631 0.899206 0.904059 0.856685 0.790544 0.712781 0.803224 0.773226 0.889043 0.893024 0.777617 0.976389 0.991137 0.995565 0.833634 0.987675 0.986347 0.937270 0.851328 0.922183 0.967926 0.976092 0.960865 0.848379 0.914853 0.893865 0.934374 0.901293 0.739897 0.983078
0.685298 0.799407 0.399905 0.429552 0.973769 0.582989 0.496744 0.629385 0.863925 0.792067 0.805763 0.694566 0.549438 0.585564 0.507738 0.570770 0.819420 0.678283 0.599016 0.695016 0.741498 0.875834 0.402875 0.453860 0.443449 0.000000 0.774344 0.949657 0.747621 0.623742 0.359681 0.463128 0.466194 0.511039 0.592823 0.863579 0.763939 0.871479 0.559496 0.671408 0.984250 0.846814 0.497968 0.470482 0.586275 0.587226 0.564675 0.523977 0.788236 0.731258 0.655320 0.625963 0.657755 0.771682 0.671404 0.693439 0.910887 0.908908 0.712647 0.695898 0.583214 0.718255 0.725376 0.808666 0.358616 0.428614 0.452087 0.499891 0.937492 0.724533 0.656516 0.541510 0.498692 0.453535 0.796055 0.796021 0.603710 0.825221 0.633259 0.562200 0.722402 0.572218 0.663801 0.750204 0.535850 0.403272 0.843981 0.791951 0.811749 0.699690 0.743158 0.845786 0.761798 0.732450 0.725449 0.830048 0.575669 0.830132 0.692747 0.705863 0.780589 0.702861 0.764240 0.739135 0.528460 0.770014 0.713076 0.850153 0.982487 0.783002 0.943796 0.721337 0.633809 0.837319 0.679551 0.887676
0.887332 0.815191 0.957701 0.970116 0.915397 0.805909 0.975094 0.823341 0.861952 0.893749 0.930509 0.970007 0.962955 0.974779 0.915395 0.934198 0.884218 0.982867 0.994349 0.906906 0.882790 0.849950 0.995851 0.974949 0.741170 0.774344 0.000000 0.751331 0.958218 0.901911 0.864389 0.969679 0.963200 0.912246 0.912103 0.685318 0.812531 0.838310 0.913802 0.887648 0.842758 0.969793 0.987513 0.967285 0.877980 0.907794 0.979018 0.971537 0.940440 0.902555 0.907844 0.934304 0.949540 0.902144 0.979424 0.944333 0.827347 0.790084 0.864539 0.892998 0.907977 0.818071 0.858484 0.789357 0.872507 0.939812 0.932069 0.867586 0.911229 0.875128 0.781918 0.841184 0.987182 0.952452 0.868698 0.994732 0.966408 0.898142 0.970343 0.903914 0.875368 0.917417 0.990239 0.896994 0.753805 0.749308 0.923734 0.743590 0.771174 0.936095 0.897015 0.994502 0.883653 0.946726 0.829536 0.995974 0.855694 0.658005 0.809929 0.888393 0.815461 0.994027 0.731306 0.856219 0.900621 0.781261 0.859390 0.797270 0.827181 0.917840 0.804271 0.904709 0.878955 0.979597 0.873311 0.885800
0.942204 0.955275 0.844879 0.891088 0.984752 0.616507 0.882516 0.835099 0.917839 0.856564 0.995910 0.909587 0.986177 0.951040 0.874787 0.821333 0.896391 0.886025 0.917430 0.904907 0.881057 0.821678 0.964380 0.893375 0.873894 0.949657 0.751331 0.000000 0.906914 0.939865 0.954892 0.994736 0.982887 0.972121 0.944893 0.852436 0.839874 0.933532 0.952029 0.942616 0.970891 0.980644 0.968944 0.975218 0.853015 0.929301 0.899048 0.992913 0.877003 0.962457 0.914798 0.962343 0.997478 0.969761 0.881418 0.807615 0.894247 0.906196 0.959877 0.977990 0.913925 0.842731 0.916191 0.954260 0.875304 0.811744 0.863266 0.879077 0.866217 0.980769 0.960370 0.894032 0.955638 0.938366 0.857940 0.961629 0.947916 0.907912 0.987284 0.897871 0.948992 0.946553 0.987957 0.998125 0.952754 0.901947 0.780569 0.912260 0.766550 0.933417 0.869155 0.857889 0.820000 0.902922 0.957361 0.834678 0.916907 0.935351 0.921108 0.986701 0.700761 0.958972 0.917817 0.899775 0.987031 0.935739 0.874486 0.645038 0.847736 0.960737 0.854955 0.906527 0.925412 0.952045 0.949325 0.903500
0.247695 0.279512 0.644216 0.612478 0.955981 0.828065 0.622496 0.533558 0.890796 0.692447 0.389312 0.289463 0.445574 0.361516 0.440217 0.379889 0.306310 0.225114 0.299528 0.304257 0.780921 0.775115 0.489593 0.567025 0.738770 0.747621 0.958218 0.906914 0.000000 0.204188 0.530628 0.458311 0.446233 0.356710 0.797793 0.883755 0.579914 0.761705 0.828213 0.861812 0.788641 0.739359 0.572670 0.518545 0.687445 0.598187 0.572079 0.495350 0.755431 0.753639 0.838973 0.833679 0.892831 0.983442 0.694943 0.845598 0.332320 0.358676 0.589255 0.558673 0.463653 0.533759 0.295631 0.307806 0.645755 0.572593 0.643348 0.553325 0.476934 0.403159 0.521981 0.597840 0.474020 0.542726 0.732384 0.679454 0.499005 0.433906 0.604683 0.446409 0.259575 0.299099 0.488124 0.409199 0.482765 0.511283 0.772739 0.985382 0.970914 0.598341 0.930946 0.908912 0.880838 0.982897 0.584498 0.708919 0.706097 0.728873 0.606637 0.584641 0.774734 0.734809 0.613798 0.636045 0.548230 0.632028 0.996363 0.975419 0.970401 0.663876 0.854946 0.565681 0.710897 0.722643 0.785384 0.954430
0.232793 0.258544 0.509229 0.535820 0.931011 0.796645 0.525364 0.464222 0.905560 0.637116 0.367648 0.246618 0.382229 0.347351 0.365191 0.342384 0.293223 0.203337 0.292691 0.272187 0.684060 0.789211 0.346489 0.425743 0.665920 0.623742 0.901911 0.939865 0.204188 0.000000 0.389817 0.396833 0.326533 0.285601 0.695798 0.789938 0.571586 0.721538 0.649692 0.898115 0.789925 0.757933 0.488338 0.427431 0.578411 0.510146 0.493931 0.390563 0.721622 0.662211 0.759701 0.732900 0.808394 0.915645 0.653082 0.806480 0.350238 0.344958 0.569864 0.510713 0.379494 0.448673 0.280098 0.265576 0.554600 0.479323 0.531630 0.422643 0.427966 0.352606 0.447030 0.494823 0.364360 0.384447 0.777302 0.593228 0.470751 0.454554 0.481200 0.415094 0.240474 0.238510 0.415013 0.341986 0.476661 0.471998 0.881434 0.987177 0.961835 0.610840 0.882957 0.926258 0.859143 0.965005 0.464809 0.660688 0.536132 0.620741 0.564422 0.518644 0.735106 0.683084 0.527996 0.677239 0.491170 0.510036 0.865296 0.935041 0.926025 0.673012 0.800752 0.549553 0.627633 0.707496 0.767656 0.905002
0.430086 0.515447 0.294671 0.344731 0.951162 0.697648 0.328386 0.399305 0.770018 0.595032 0.550586 0.504116 0.508734 0.513260 0.397826 0.497008 0.543763 0.468939 0.406442 0.444254 0.669880 0.750719 0.264513 0.402121 0.478895 0.359681 0.864389 0.954892 0.530628 0.389817 0.000000 0.298721 0.250791 0.276929 0.500356 0.679770 0.584586 0.683002 0.567808 0.773739 0.904375 0.862332 0.333538 0.298831 0.329157 0.328738 0.339343 0.319792 0.560944 0.594452 0.554401 0.532099 0.581736 0.783996 0.606362 0.673096 0.622132 0.642747 0.501583 0.488353 0.383168 0.477460 0.483578 0.525667 0.371129 0.370796 0.275681 0.301446 0.761688 0.507726 0.388078 0.417217 0.392838 0.381044 0.714809 0.701413 0.417116 0.623944 0.469452 0.450382 0.490310 0.511016 0.513031 0.572722 0.590675 0.499042 0.872228 0.939706 0.928527 0.654042 0.741527 0.877878 0.751627 0.854154 0.581565 0.670573 0.395389 0.715766 0.485936 0.507003 0.641179 0.643846 0.578866 0.590427 0.415655 0.512835 0.660763 0.727557 0.876492 0.772110 0.681068 0.562940 0.513047 0.663586 0.486350 0.928056
0.447173 0.577623 0.402942 0.429268 0.940913 0.683496 0.429023 0.458876 0.883143 0.575222 0.570314 0.494936 0.524272 0.512784 0.374311 0.449933 0.496937 0.426991 0.352906 0.389984 0.713763 0.681012 0.306765 0.413144 0.520648 0.463128 0.969679 0.994736 0.458311 0.396833 0.298721 0.000000 0.314342 0.370975 0.618975 0.796604 0.649309 0.849398 0.621499 0.885368 0.860601 0.770911 0.429100 0.432782 0.519966 0.548604 0.489886 0.434017 0.754171 0.843218 0.838998 0.822240 0.885614 0.944593 0.751281 0.776403 0.587495 0.685448 0.657432 0.717109 0.551709 0.694477 0.538169 0.596466 0.518475 0.528826 0.458879 0.514635 0.663570 0.564311 0.529562 0.521668 0.450190 0.487525 0.697104 0.824401 0.534614 0.567809 0.552031 0.510829 0.491021 0.451170 0.638011 0.662000 0.604177 0.534839 0.983333 0.917559 0.982710 0.778065 0.783796 0.869090 0.798977 0.879167 0.659704 0.704626 0.493045 0.750054 0.580486 0.557711 0.716073 0.699028 0.629844 0.581767 0.555463 0.634215 0.858037 0.866487 0.974791 0.734089 0.736808 0.597460 0.560804 0.733458 0.623206 0.888654
0.364634 0.443923 0.337057 0.352810 0.972762 0.660367 0.292731 0.328690 0.821587 0.486781 0.493691 0.423773 0.445297 0.473595 0.398879 0.396542 0.426208 0.344977 0.297168 0.347375 0.695570 0.750831 0.245161 0.435559 0.633459 0.466194 0.963200 0.982887 0.446233 0.326533 0.250791 0.314342 0.000000 0.228502 0.610428 0.661103 0.593644 0.736838 0.693185 0.792465 0.933020 0.760250 0.262743 0.232924 0.328397 0.305570 0.319758 0.287323 0.549422 0.537035 0.533979 0.499323 0.570771 0.726322 0.626494 0.623247 0.504612 0.504210 0.437896 0.444784 0.360755 0.429656 0.373996 0.438937 0.376599 0.357948 0.269493 0.279453 0.726664 0.440002 0.309816 0.357132 0.460190 0.385330 0.794124 0.628454 0.333280 0.562885 0.372964 0.424393 0.402653 0.401224 0.511630 0.569000 0.511394 0.446126 0.987858 0.931008 0.988218 0.731834 0.584433 0.682570 0.600070 0.748357 0.571182 0.578570 0.389754 0.618023 0.374156 0.371421 0.544986 0.509123 0.533264 0.543815 0.318840 0.380134 0.706840 0.694674 0.918532 0.714058 0.654507 0.479160 0.420390 0.689676 0.520954 0.864011
0.315207 0.366847 0.324477 0.320980 0.919165 0.594285 0.256672 0.278151 0.738493 0.433164 0.453892 0.368436 0.413448 0.470815 0.419805 0.372824 0.391806 0.299034 0.263373 0.306724 0.606620 0.745110 0.238664 0.403694 0.692264 0.511039 0.912246 0.972121 0.356710 0.285601 0.276929 0.370975 0.228502 0.000000 0.554285 0.710119 0.593910 0.726203 0.737600 0.834836 0.895623 0.826652 0.264041 0.223195 0.306731 0.276382 0.323268 0.290559 0.480431 0.477166 0.508283 0.485622 0.542174 0.714027 0.627952 0.644287 0.450919 0.470584 0.379709 0.392491 0.314118 0.400145 0.315029 0.362820 0.403874 0.355441 0.275535 0.252123 0.719379 0.424141 0.322803 0.370801 0.491453 0.439398 0.776497 0.605757 0.347237 0.505625 0.402860 0.353250 0.339539 0.365143 0.541032 0.501369 0.506841 0.469560 0.880321 0.883646 0.968312 0.719114 0.599840 0.650183 0.583032 0.708781 0.454448 0.593327 0.438787 0.596882 0.355045 0.354305 0.579021 0.555102 0.471432 0.468531 0.306200 0.409072 0.649377 0.689456 0.880317 0.739551 0.687400 0.409580 0.444467 0.633059 0.502517 0.896037
0.685755 0.767917 0.559946 0.635638 0.991094 0.721212 0.554659 0.631682 0.831306 0.778866 0.818666 0.805179 0.756365 0.894663 0.773455 0.834236 0.834188 0.753384 0.792954 0.686398 0.826407 0.826432 0.573845 0.728723 0.651960 0.592823 0.912103 0.944893 0.797793 0.695798 0.500356 0.618975 0.610428 0.554285 0.000000 0.812062 0.629437 0.687632 0.704101 0.826826 0.958179 0.897944 0.588922 0.589832 0.484404 0.571268 0.685780 0.590106 0.703987 0.674029 0.655456 0.636772 0.687475 0.788139 0.720598 0.701431 0.804114 0.773302 0.687381 0.620765 0.614688 0.695954 0.683716 0.689053 0.681605 0.684720 0.512851 0.515334 0.842947 0.736749 0.613197 0.643458 0.723724 0.633117 0.917985 0.863028 0.753302 0.785968 0.715879 0.710190 0.704351 0.773977 0.842618 0.937778 0.801443 0.816096 0.773230 0.810214 0.919768 0.890670 0.769678 0.879685 0.737826 0.775477 0.595825 0.822886 0.591708 0.808456 0.606845 0.743150 0.778044 0.823985 0.748588 0.704844 0.584747 0.613689 0.711008 0.716478 0.708706 0.807821 0.624786 0.670692 0.805311 0.845805 0.767702 0.775820
0.812873 0.690242 0.745504 0.727558 0.990608 0.967892 0.638157 0.610045 0.767859 0.609065 0.877601 0.953213 0.930007 0.968511 0.957962 0.996162 0.751010 0.847694 0.750599 0.756176 0.981472 0.923446 0.791394 0.978653 0.890793 0.863579 0.685318 0.852436 0.883755 0.789938 0.679770 0.796604 0.661103 0.710119 0.812062 0.000000 0.881925 0.587639 0.931881 0.921042 0.921244 0.853247 0.625449 0.623449 0.510400 0.638994 0.697207 0.676203 0.639851 0.677315 0.677887 0.692771 0.769129 0.803945 0.882741 0.913000 0.714612 0.683389 0.659438 0.713147 0.829837 0.725268 0.772778 0.703831 0.865295 0.845927 0.535841 0.579805 0.920935 0.683620 0.509089 0.492163 0.930952 0.806662 0.998068 0.989613 0.642927 0.709145 0.758977 0.968536 0.799460 0.925653 0.891283 0.839872 0.884351 0.948667 0.919415 0.894241 0.971394 0.942204 0.626196 0.671614 0.614037 0.687533 0.787366 0.706492 0.644854 0.662506 0.552278 0.583137 0.546627 0.578030 0.640777 0.614077 0.656806 0.672778 0.639422 0.653695 0.876764 0.950010 0.601786 0.699034 0.679510 0.701421 0.590773 0.773724
0.513299 0.658438 0.656401 0.697116 0.833829 0.980636 0.676251 0.669869 0.959391 0.855168 0.639512 0.656577 0.664585 0.702234 0.757209 0.767126 0.691094 0.637435 0.654146 0.649774 0.747356 0.986607 0.619892 0.777887 0.719326 0.763939 0.812531 0.839874 0.579914 0.571586 0.584586 0.649309 0.593644 0.593910 0.629437 0.881925 0.000000 0.777780 0.708611 0.812508 0.866561 0.921689 0.707165 0.667323 0.654892 0.644933 0.637174 0.619148 0.842464 0.772602 0.776388 0.803809 0.821220 0.943894 0.766671 0.828016 0.664430 0.677150 0.679420 0.638100 0.563916 0.595322 0.583031 0.607082 0.664753 0.670568 0.649212 0.575177 0.779612 0.686091 0.652251 0.746869 0.660454 0.677552 0.870112 0.850787 0.560911 0.752085 0.749380 0.778061 0.625817 0.698075 0.769785 0.800582 0.756408 0.788116 0.987141 0.770217 0.927353 0.779057 0.945402 0.959334 0.874263 0.962435 0.690945 0.729239 0.723273 0.898881 0.713358 0.740606 0.931586 0.842744 0.604422 0.715334 0.562191 0.663584 0.931462 0.801411 0.890808 0.770500 0.832194 0.655472 0.768376 0.907162 0.692934 0.776850
0.692997 0.615843 0.777598 0.861768 0.978123 0.862743 0.818937 0.809137 0.954145 0.951092 0.824403 0.820592 0.906543 0.926051 0.987365 0.953974 0.667387 0.690115 0.877793 0.739381 0.902411 0.715120 0.878241 0.915919 0.833138 0.871479 0.838310 0.933532 0.761705 0.721538 0.683002 0.849398 0.736838 0.726203 0.687632 0.587639 0.777780 0.000000 0.763687 0.914033 0.816128 0.996296 0.732070 0.700113 0.608443 0.650614 0.728143 0.707669 0.724549 0.668834 0.620931 0.682777 0.708937 0.733205 0.785476 0.813590 0.633941 0.594466 0.741103 0.671737 0.714723 0.732010 0.615983 0.606150 0.811316 0.793614 0.664619 0.566013 0.862485 0.675103 0.649897 0.725395 0.727889 0.680782 0.978481 0.970929 0.842054 0.718253 0.835086 0.890993 0.695126 0.836480 0.704733 0.894185 0.871311 0.890180 0.911274 0.906012 0.995166 0.952861 0.917630 0.920795 0.875657 0.933695 0.801181 0.831550 0.856271 0.804871 0.782062 0.828912 0.832600 0.764906 0.721604 0.812345 0.765637 0.682925 0.797209 0.777407 0.952043 0.914521 0.653856 0.758913 0.889379 0.759966 0.702205 0.785368
