0.000000 0.415736 0.828243 0.800215 0.627163 0.904174 0.878124 0.731340 0.941558 0.665605 0.459880 0.361812 0.421741 0.544099 0.588938 0.698204 0.493109 0.445798 0.366260 0.388795 0.986454 0.979606 0.577397 0.958172 0.669310 0.483264 0.944961 0.943108 0.452763 0.545144 0.951353 0.922613 0.674667 0.803886 0.850519 0.901210 0.744187 0.941451 0.995506 0.956823 0.835005 0.870463 0.849676 0.922482 0.958100 0.946222 0.792267 0.899728 0.619137 0.804460 0.913587 0.993696 0.965999 0.646573 0.756841 0.984360 0.377748 0.392445 0.501457 0.548129 0.693865 0.674820 0.451892 0.389799 0.671671 0.667364 0.759037 0.680406 0.368011 0.447737 0.975399 0.935856 0.941538 0.929807 0.864025 0.953165 0.958649 0.748860 0.858833 0.745832 0.461397 0.457567 0.646431 0.695018 0.496045 0.915018 0.880321 0.754987 0.615700 0.600254 0.841301 0.794069 0.678042 0.617074 0.883328 0.952176 0.990201 0.936885 0.843770 0.894437 0.899239 0.796265 0.920570 0.875248 0.963168 0.910996 0.953470 0.696625 0.915463 0.864430 0.976802 0.879188 0.820561 0.992969 0.962811 0.928072
0.415736 0.000000 0.573950 0.759100 0.728489 0.739064 0.833309 0.798106 0.878146 0.730800 0.781975 0.422208 0.689970 0.501667 0.659788 0.624771 0.394769 0.324799 0.438127 0.396921 0.892429 0.972983 0.716997 0.916538 0.856263 0.519914 0.906476 0.788802 0.412140 0.429630 0.898754 0.936346 0.848687 0.836396 0.710892 0.911632 0.768250 0.864754 0.947806 0.788452 0.893796 0.868422 0.904492 0.776006 0.821498 0.665706 0.638957 0.698262 0.364311 0.538602 0.733567 0.798268 0.917846 0.771359 0.659777 0.815820 0.297963 0.309482 0.830117 0.779454 0.950368 0.753776 0.682355 0.544610 0.644697 0.650768 0.530496 0.651289 0.576221 0.467391 0.708826 0.610126 0.852051 0.841343 0.902072 0.973005 0.931153 0.776895 0.718453 0.682928 0.441615 0.404835 0.446259 0.551051 0.466891 0.879919 0.950490 0.676348 0.854923 0.785473 0.551980 0.578591 0.462291 0.419917 0.827017 0.984915 0.855475 0.910003 0.951269 0.970353 0.676986 0.629883 0.925900 0.895831 0.772168 0.870260 0.990429 0.635404 0.935689 0.987552 0.923683 0.866484 0.761360 0.891909 0.993945 0.874348
0.828243 0.573950 0.000000 0.466008 0.980078 0.564031 0.396828 0.627647 0.841696 0.904578 0.949275 0.865096 0.822136 0.930585 0.942038 0.974097 0.811631 0.694082 0.991246 0.887525 0.798750 0.832207 0.823833 0.863286 0.932694 0.619386 0.783464 0.902735 0.848701 0.916958 0.517867 0.547856 0.592041 0.641758 0.582801 0.838309 0.995669 0.756239 0.983237 0.908975 0.809526 0.919989 0.736591 0.843347 0.776001 0.933649 0.799829 0.827241 0.678820 0.883179 0.828615 0.867964 0.738251 0.594115 0.952360 0.809993 0.715870 0.644443 0.920702 0.951173 0.607944 0.926235 0.811072 0.985767 0.608753 0.656402 0.346262 0.482474 0.804778 0.846528 0.506595 0.567831 0.626140 0.698858 0.869459 0.894345 0.817159 0.662632 0.993926 0.907548 0.892046 0.799745 0.721512 0.810726 0.866199 0.978106 0.913070 0.996592 0.971326 0.945284 0.523810 0.671813 0.562478 0.669089 0.704126 0.923256 0.673557 0.996429 0.691974 0.639243 0.564580 0.644620 0.675868 0.672887 0.636520 0.640063 0.854577 0.762469 0.995658 0.789769 0.696579 0.838760 0.834557 0.866025 0.833936 0.978508
0.800215 0.759100 0.466008 0.000000 0.983125 0.754965 0.609094 0.587589 0.985866 0.926487 0.815885 0.936768 0.955476 0.755544 0.924570 0.775718 0.826650 0.823618 0.993059 0.968200 0.796086 0.836048 0.808383 0.571445 0.688167 0.490655 0.967347 0.972740 0.875873 0.975021 0.580416 0.557965 0.810680 0.752830 0.652948 0.855316 0.953678 0.878671 0.841102 0.875596 0.738657 0.856869 0.593718 0.693581 0.746879 0.829363 0.691677 0.734883 0.827477 0.969491 0.722519 0.684638 0.635732 0.529327 0.903557 0.863163 0.778674 0.698697 0.801087 0.878573 0.931668 0.925483 0.982344 0.799911 0.507368 0.475563 0.538467 0.543003 0.740706 0.742922 0.683877 0.659135 0.676245 0.739476 0.946331 0.909164 0.695465 0.560649 0.950312 0.963360 0.879982 0.938666 0.997502 0.974424 0.907226 0.598220 0.977305 0.802968 0.862692 0.949687 0.638580 0.849932 0.692863 0.847919 0.634776 0.832816 0.805877 0.918650 0.817827 0.722232 0.734676 0.769851 0.855212 0.915666 0.699980 0.628477 0.853002 0.847692 0.998101 0.907733 0.699846 0.803196 0.823994 0.888296 0.904051 0.992838
0.627163 0.728489 0.980078 0.983125 0.000000 0.979067 0.900288 0.790209 0.887647 0.856801 0.746469 0.641284 0.674933 0.655054 0.609667 0.647049 0.724873 0.750671 0.686872 0.642050 0.946418 0.924137 0.616325 0.649143 0.947150 0.769255 0.724726 0.864491 0.770214 0.766951 0.986353 0.938196 0.842386 0.952003 0.929172 0.790499 0.878085 0.945425 0.930640 0.965012 0.985947 0.938891 0.972720 0.991821 0.959609 0.949570 0.917915 0.918489 0.803153 0.777053 0.920440 0.924179 0.954597 0.842003 0.820520 0.909477 0.685507 0.809172 0.795430 0.876042 0.915323 0.693680 0.842184 0.743311 0.937261 0.950424 0.938861 0.789767 0.755727 0.709836 0.893170 0.916933 0.904142 0.929974 0.961329 0.944003 0.878219 0.856272 0.940055 0.985159 0.749581 0.711998 0.768591 0.823690 0.651305 0.792681 0.745901 0.676945 0.771217 0.746820 0.995572 0.946573 0.885829 0.834142 0.906784 0.937973 0.922738 0.947924 0.876324 0.877252 0.908798 0.928463 0.995951 0.903251 0.934899 0.988348 0.956866 0.882738 0.920295 0.705252 0.982169 0.903368 0.931852 0.911398 0.872248 0.875387
0.904174 0.739064 0.564031 0.754965 0.979067 0.000000 0.564860 0.733754 0.753277 0.917438 0.742847 0.958078 0.818282 0.962043 0.918993 0.922688 0.888930 0.844171 0.907677 0.836007 0.714472 0.964131 0.985094 0.959798 0.942858 0.730193 0.895295 0.915474 0.824315 0.867203 0.761972 0.728903 0.803800 0.815795 0.788213 0.909929 0.939789 0.909762 0.846538 0.873294 0.929400 0.979243 0.917905 0.966942 0.963210 0.959575 0.956613 0.975085 0.770875 0.850408 0.985166 0.987898 0.934718 0.825342 0.969695 0.957170 0.715246 0.705165 0.870637 0.821565 0.598779 0.852310 0.820600 0.929376 0.803619 0.691121 0.534637 0.668102 0.741277 0.851549 0.615161 0.655135 0.885521 0.733933 0.705434 0.905704 0.814750 0.758498 0.978976 0.963526 0.997021 0.900090 0.777281 0.817358 0.860314 0.966980 0.836014 0.966743 0.972888 0.916772 0.662926 0.727918 0.719974 0.709042 0.825619 0.964444 0.831754 0.986777 0.838686 0.733806 0.742994 0.845154 0.726551 0.792062 0.668017 0.826656 0.657371 0.903532 0.947100 0.938963 0.834852 0.812964 0.984064 0.953472 0.733765 0.950356
0.878124 0.833309 0.396828 0.609094 0.900288 0.564860 0.000000 0.385821 0.616706 0.539676 0.701077 0.846691 0.555427 0.758687 0.744705 0.832748 0.930569 0.957976 0.774585 0.962863 0.844044 0.790118 0.632824 0.945452 0.797836 0.848281 0.797955 0.884782 0.797419 0.799271 0.358961 0.468185 0.385707 0.421929 0.693718 0.848699 0.923280 0.816883 0.977193 0.832668 0.878164 0.986791 0.735140 0.780151 0.634293 0.772484 0.739726 0.777718 0.983027 0.905030 0.659959 0.706357 0.677031 0.637049 0.909264 0.931602 0.892328 0.901991 0.633322 0.662075 0.390107 0.739425 0.474100 0.604226 0.883030 0.846965 0.426699 0.542905 0.979077 0.856224 0.457468 0.491442 0.537722 0.574341 0.771313 0.859852 0.656610 0.633672 0.814304 0.927780 0.816592 0.981800 0.854905 0.885844 0.974401 0.878528 0.941724 0.968002 0.840891 0.897088 0.523097 0.618368 0.653203 0.815868 0.689384 0.867894 0.706899 0.836779 0.439965 0.496961 0.531903 0.568557 0.517602 0.490089 0.574844 0.565606 0.856490 0.867804 0.987646 0.787768 0.689366 0.717348 0.703753 0.835446 0.876645 0.918554
0.731340 0.798106 0.627647 0.587589 0.790209 0.733754 0.385821 0.000000 0.789118 0.568733 0.761129 0.554996 0.489652 0.423375 0.633716 0.530286 0.771246 0.825447 0.596192 0.731485 0.911074 0.945437 0.576609 0.766145 0.874430 0.970225 0.933619 0.860477 0.610728 0.646145 0.503441 0.461410 0.485544 0.457881 0.769409 0.992284 0.912796 0.929229 0.957426 0.999681 0.778966 0.994543 0.492344 0.524769 0.459283 0.514535 0.463948 0.541858 0.631223 0.579194 0.471967 0.501178 0.612995 0.673726 0.698280 0.909580 0.866808 0.880014 0.656081 0.663026 0.523795 0.505097 0.476710 0.568347 0.856048 0.772627 0.626358 0.621339 0.989684 0.742459 0.698029 0.719825 0.603631 0.637170 0.787165 0.834082 0.582643 0.772473 0.808758 0.853746 0.741963 0.883385 0.837847 0.987181 0.724011 0.803935 0.998326 0.735072 0.817872 0.736084 0.711275 0.838606 0.861450 0.938946 0.727582 0.817461 0.830375 0.782699 0.472479 0.398702 0.654703 0.756654 0.630165 0.725194 0.674359 0.698183 0.824862 0.953319 0.962999 0.797599 0.682922 0.566249 0.584800 0.735521 0.830663 0.864961
0.941558 0.878146 0.841696 0.985866 0.887647 0.753277 0.616706 0.789118 0.000000 0.643526 0.706483 0.934475 0.700286 0.935616 0.761507 0.953668 0.997716 0.903633 0.972219 0.885136 0.909567 0.926980 0.845970 0.806079 0.757661 0.968826 0.937350 0.961758 0.970405 0.991294 0.817118 0.883459 0.779456 0.856536 0.897200 0.941732 0.839983 0.742538 0.819904 0.773282 0.872170 0.828653 0.959129 0.989617 0.932951 0.989338 0.969378 0.971509 0.957691 0.906463 0.888349 0.829610 0.833016 0.848517 0.895967 0.971903 0.858287 0.880621 0.693932 0.771343 0.648071 0.767024 0.800109 0.783787 0.999680 0.952004 0.696369 0.911115 0.954502 0.840933 0.716388 0.645454 0.698295 0.599515 0.815775 0.931453 0.681217 0.911645 0.977906 0.929870 0.992277 0.846334 0.728993 0.739249 0.873134 0.740464 0.935377 0.788014 0.695740 0.992871 0.595043 0.503361 0.593905 0.608670 0.718721 0.942054 0.840302 0.886623 0.615730 0.644181 0.643873 0.743965 0.608603 0.526357 0.858139 0.843923 0.999510 0.743398 0.976395 0.821172 0.845946 0.710532 0.906029 0.827867 0.877442 0.894856
0.665605 0.730800 0.904578 0.926487 0.856801 0.917438 0.539676 0.568733 0.643526 0.000000 0.625247 0.631977 0.563369 0.726150 0.548174 0.677784 0.630847 0.633660 0.540578 0.688785 0.939649 0.891927 0.480121 0.970160 0.552642 0.688837 0.853156 0.963005 0.487186 0.493207 0.606123 0.634171 0.469399 0.550628 0.780901 0.962688 0.924510 0.943877 0.846443 0.705406 0.988423 0.809880 0.910747 0.843166 0.648795 0.691821 0.742262 0.814590 0.564730 0.627268 0.635877 0.674148 0.726430 0.886175 0.890445 0.947378 0.764150 0.714235 0.612619 0.724423 0.684102 0.785433 0.464593 0.421357 0.611189 0.616864 0.993896 0.905784 0.723169 0.539253 0.756102 0.819589 0.684945 0.700017 0.698123 0.889060 0.725159 0.908497 0.684884 0.690417 0.567415 0.790874 0.840323 0.921681 0.877967 0.719836 0.998290 0.966702 0.772301 0.945435 0.930963 0.800168 0.997178 0.867130 0.948994 0.921311 0.884007 0.863308 0.652892 0.651686 0.877207 0.850658 0.719105 0.605580 0.917153 0.860333 0.940836 0.966000 0.913357 0.911237 0.833221 0.829787 0.721021 0.821248 0.976570 0.832135
0.459880 0.781975 0.949275 0.815885 0.746469 0.742847 0.701077 0.761129 0.706483 0.625247 0.000000 0.575881 0.413970 0.766017 0.722259 0.885384 0.741819 0.747577 0.664298 0.666101 0.985711 0.936046 0.754118 0.907652 0.636174 0.770919 0.956577 0.974217 0.694061 0.764005 0.876933 0.911025 0.673632 0.834139 0.886676 0.917075 0.776747 0.930638 0.978044 0.749704 0.835537 0.860510 0.805266 0.875577 0.928739 0.926676 0.951617 0.949464 0.864424 0.944824 0.997967 0.951108 0.937679 0.757549 0.968054 0.977082 0.783980 0.783210 0.437206 0.550755 0.480484 0.681521 0.481079 0.463155 0.779456 0.812895 0.958344 0.870547 0.635618 0.599831 0.832787 0.880020 0.827496 0.929937 0.742364 0.981201 0.852317 0.896037 1.000000 0.774571 0.677827 0.756941 0.964065 0.964632 0.831026 0.777196 0.948616 0.981328 0.597367 0.733888 0.869978 0.916049 0.961083 0.979828 0.965041 0.887154 0.955940 0.981403 0.712733 0.815853 0.909097 0.964758 0.685869 0.721238 0.880867 0.884459 0.908713 0.944227 0.921018 0.705247 0.973413 0.826467 0.938389 0.916602 0.911244 0.956709
0.361812 0.422208 0.865096 0.936768 0.641284 0.958078 0.846691 0.554996 0.934475 0.631977 0.575881 0.000000 0.391304 0.375088 0.462204 0.467710 0.523249 0.491680 0.429340 0.446181 0.964611 0.978576 0.554470 0.778965 0.719124 0.610994 0.949186 0.803700 0.441932 0.537275 0.951304 0.853624 0.729275 0.782018 0.873847 0.796676 0.731933 0.952541 0.974927 0.959910 0.953268 0.956128 0.960123 0.903623 0.866875 0.769596 0.707180 0.762466 0.492606 0.621225 0.776865 0.831812 0.961851 0.768976 0.742626 0.930059 0.517866 0.537289 0.593587 0.615513 0.694180 0.441435 0.526229 0.448135 0.857019 0.919302 0.839899 0.814257 0.542008 0.500509 0.993322 0.928103 0.914486 0.951907 0.819460 0.988652 0.873823 0.805543 0.872175 0.772555 0.527595 0.561459 0.617107 0.754304 0.424785 0.850502 0.782540 0.624578 0.668953 0.575052 0.881717 0.826212 0.712083 0.670310 0.916639 0.943967 0.879299 0.948321 0.843316 0.749027 0.992978 0.817461 0.970270 0.944411 0.982400 0.948383 0.981585 0.752241 0.846737 0.899269 0.914205 0.766916 0.823754 0.971235 0.958754 0.802145
0.421741 0.689970 0.822136 0.955476 0.674933 0.818282 0.555427 0.489652 0.700286 0.563369 0.413970 0.391304 0.000000 0.484869 0.494283 0.577058 0.643176 0.727904 0.478337 0.529009 0.997329 0.862812 0.491093 0.876483 0.704677 0.738693 0.919537 0.933071 0.544387 0.606101 0.689565 0.694294 0.519830 0.653362 0.953769 0.948158 0.773825 0.866231 0.960389 0.879303 0.992528 0.921381 0.970266 0.945364 0.819298 0.825273 0.700827 0.820647 0.728797 0.757458 0.770606 0.837023 0.857786 0.928858 0.741910 0.971886 0.657688 0.670301 0.472031 0.559052 0.460566 0.496116 0.437905 0.407970 0.885785 0.915944 0.856322 0.990051 0.577772 0.558171 0.648586 0.848467 0.716776 0.801073 0.743355 0.962029 0.781976 0.981432 0.899678 0.904539 0.617709 0.704548 0.792053 0.896336 0.634996 0.940293 0.809202 0.803079 0.599862 0.623291 0.852007 0.944314 0.991379 0.883957 0.920738 0.965777 0.901249 0.862678 0.607428 0.634035 0.731031 0.972592 0.687040 0.714501 0.740683 0.794605 0.874321 0.848781 0.931964 0.742923 0.773511 0.696806 0.724445 0.903372 0.890783 0.862375
0.544099 0.501667 0.930585 0.755544 0.655054 0.962043 0.758687 0.423375 0.935616 0.726150 0.766017 0.375088 0.484869 0.000000 0.483823 0.372322 0.622773 0.565166 0.420444 0.433574 0.938052 0.954528 0.477108 0.536343 0.970574 0.797683 0.944778 0.854184 0.525279 0.518800 0.777197 0.586874 0.666307 0.661799 0.992905 0.949173 0.851143 0.942167 0.827406 0.832104 0.847090 0.978348 0.638223 0.645184 0.653347 0.607830 0.494604 0.565891 0.523656 0.548797 0.568604 0.638211 0.703931 0.927027 0.648311 0.895850 0.581263 0.668448 0.864403 0.818433 0.812202 0.551334 0.632846 0.624400 0.976363 0.879127 0.960627 0.981006 0.772254 0.670673 0.921961 0.924549 0.780696 0.865876 0.809969 0.917717 0.744795 0.936670 0.884831 0.756186 0.588758 0.560960 0.525563 0.771511 0.395941 0.591621 0.854515 0.531159 0.918132 0.643169 0.916820 0.738736 0.768569 0.608066 0.905005 0.878128 0.967924 0.885975 0.828660 0.682273 0.980925 0.874346 0.939363 0.965417 0.864874 0.910230 0.820144 0.824772 0.921917 0.860668 0.908191 0.728257 0.700839 0.855641 0.955447 0.796475
0.588938 0.659788 0.942038 0.924570 0.609667 0.918993 0.744705 0.633716 0.761507 0.548174 0.722259 0.462204 0.494283 0.483823 0.000000 0.415356 0.563830 0.588631 0.476170 0.523700 0.950187 0.948718 0.393614 0.688418 0.875469 0.746242 0.957134 0.993976 0.590913 0.559817 0.740397 0.685126 0.606773 0.678044 0.958028 0.902271 0.800677 0.846423 0.972731 0.890950 0.938260 0.952611 0.878073 0.850303 0.750311 0.698369 0.679234 0.672611 0.618558 0.586596 0.642305 0.646541 0.696255 0.940123 0.762432 0.956995 0.660755 0.725545 0.819358 0.867380 0.854450 0.620581 0.672034 0.594589 0.969203 0.912313 0.964677 0.840666 0.597123 0.647376 0.794505 0.948065 0.724951 0.755918 0.675683 0.990694 0.715854 0.960841 0.862479 0.720145 0.567279 0.619256 0.647927 0.817865 0.444064 0.854464 0.680349 0.718873 0.719859 0.720474 0.974498 0.982618 0.896188 0.793566 0.837350 0.877821 0.901818 0.866627 0.848062 0.709413 0.912023 0.846553 0.883250 0.740371 0.860098 0.895964 0.952987 0.800623 0.859831 0.835896 0.889078 0.771466 0.775012 0.816989 0.862961 0.971734
0.698204 0.624771 0.974097 0.775718 0.647049 0.922688 0.832748 0.530286 0.953668 0.677784 0.885384 0.467710 0.577058 0.372322 0.415356 0.000000 0.685655 0.655174 0.548997 0.570870 0.955523 0.949202 0.425239 0.457587 0.978815 0.806132 0.944896 0.837495 0.598604 0.581745 0.847248 0.678536 0.779713 0.828873 0.927586 0.795736 0.954830 0.929690 0.879520 0.992185 0.900296 0.985561 0.795958 0.777006 0.729083 0.663853 0.661988 0.737728 0.555605 0.601882 0.690626 0.691656 0.761150 0.939565 0.739295 0.943180 0.730907 0.743633 0.986101 0.983994 0.976593 0.585037 0.830086 0.777214 0.974591 0.913787 0.907129 0.899472 0.847396 0.748320 0.909600 0.993154 0.851463 0.824900 0.730694 0.928369 0.751626 0.949787 0.904564 0.802935 0.694037 0.687979 0.578415 0.797640 0.491111 0.619141 0.735484 0.566513 0.968680 0.731016 0.865175 0.859310 0.845774 0.671766 0.874286 0.891100 0.991340 0.833752 0.930855 0.780330 0.976382 0.791755 0.890902 0.957740 0.899950 0.972683 0.957294 0.813230 0.815077 0.988524 0.926722 0.818789 0.810755 0.883426 0.970884 0.854475
0.493109 0.394769 0.811631 0.826650 0.724873 0.888930 0.930569 0.771246 0.997716 0.630847 0.741819 0.523249 0.643176 0.622773 0.563830 0.685655 0.000000 0.345770 0.422053 0.431615 0.889076 0.983248 0.623973 0.921497 0.819216 0.568669 0.912205 0.957227 0.392573 0.343475 0.840673 0.776280 0.667878 0.669114 0.862493 0.883650 0.799524 0.864114 0.987573 0.849887 0.840848 0.928106 0.933534 0.843263 0.754108 0.653149 0.682674 0.719936 0.473472 0.577893 0.703939 0.809473 0.863439 0.877021 0.687558 0.902992 0.357112 0.392718 0.835636 0.793581 0.943732 0.832257 0.570947 0.460245 0.657863 0.608905 0.701542 0.726438 0.612660 0.419204 0.962193 0.809665 0.991386 0.903356 0.776637 0.993900 0.907320 0.864968 0.550731 0.629308 0.329104 0.415654 0.553072 0.498857 0.524070 0.990105 0.864924 0.682533 0.777328 0.856662 0.655523 0.702178 0.539464 0.545610 0.913737 0.990873 0.918183 0.998624 0.973846 0.905568 0.827222 0.722480 0.993078 0.864225 0.866300 0.986219 0.975410 0.587586 0.997895 0.968086 0.967397 0.939409 0.731256 0.821835 0.859664 0.871885
0.445798 0.324799 0.694082 0.823618 0.750671 0.844171 0.957976 0.825447 0.903633 0.633660 0.747577 0.491680 0.727904 0.565166 0.588631 0.655174 0.345770 0.000000 0.376172 0.387360 0.942186 0.971586 0.620330 0.867035 0.862704 0.557538 0.877248 0.897130 0.417065 0.347991 0.962337 0.843923 0.733514 0.737940 0.679591 0.935400 0.734660 0.845205 0.960396 0.848094 0.853178 0.905505 0.971335 0.843616 0.826912 0.698112 0.660793 0.746645 0.435195 0.571427 0.716672 0.797749 0.836390 0.825844 0.717432 0.870927 0.332160 0.363846 0.861793 0.805170 0.936313 0.909263 0.601929 0.501705 0.617382 0.601086 0.574120 0.632859 0.540841 0.462672 0.853916 0.765472 0.968871 0.913828 0.856419 0.994456 0.899904 0.803914 0.590520 0.516045 0.323578 0.323896 0.446697 0.501435 0.468191 0.904267 0.928929 0.648996 0.812647 0.806572 0.593543 0.635043 0.481256 0.461113 0.910025 0.971103 0.854309 0.938860 0.909776 0.991461 0.655284 0.676318 0.871828 0.993537 0.825172 0.943940 0.984706 0.616287 0.970876 0.984419 0.935238 0.990909 0.738862 0.866176 0.963117 0.936035
0.366260 0.438127 0.991246 0.993059 0.686872 0.907677 0.774585 0.596192 0.972219 0.540578 0.664298 0.429340 0.478337 0.420444 0.476170 0.548997 0.422053 0.376172 0.000000 0.331670 0.988338 0.933556 0.381098 0.762405 0.792333 0.568603 0.956770 0.989180 0.385548 0.379901 0.755412 0.677463 0.525912 0.629066 0.875684 0.953598 0.731730 0.966272 0.984892 0.995354 0.962117 0.922400 0.878030 0.841273 0.757139 0.684276 0.559181 0.710020 0.500128 0.600689 0.650562 0.764148 0.757986 0.942796 0.682784 0.978343 0.349575 0.434771 0.738189 0.775794 0.851653 0.778018 0.493813 0.441951 0.749531 0.687122 0.808868 0.765688 0.466618 0.474802 0.865346 0.972898 0.787921 0.937788 0.852889 0.891363 0.823516 0.938478 0.744036 0.672586 0.409517 0.412883 0.482418 0.640626 0.434460 0.927688 0.869067 0.680042 0.762243 0.716700 0.846835 0.841126 0.710749 0.614142 0.998866 0.934831 0.979871 0.881362 0.821515 0.774573 0.909197 0.813884 0.907619 0.811739 0.974608 0.858736 0.987080 0.671946 0.924889 0.892661 0.885669 0.839899 0.608669 0.805543 0.990572 0.900596
0.388795 0.396921 0.887525 0.968200 0.642050 0.836007 0.962863 0.731485 0.885136 0.688785 0.666101 0.446181 0.529009 0.433574 0.523700 0.570870 0.431615 0.387360 0.331670 0.000000 0.957048 0.963135 0.460246 0.710797 0.806583 0.580649 0.942892 0.925352 0.453221 0.434889 0.888813 0.831169 0.672059 0.798132 0.819895 0.916277 0.786413 0.993877 0.936661 0.918900 0.981825 0.809339 0.922504 0.880831 0.813962 0.733587 0.647355 0.709557 0.515239 0.575204 0.714851 0.817590 0.807585 0.883906 0.643025 0.950734 0.323065 0.411498 0.786573 0.808641 0.954667 0.799581 0.642016 0.554545 0.716234 0.669072 0.710988 0.697717 0.439697 0.508441 0.999372 0.787201 0.904360 0.902675 0.824444 0.958920 0.847087 0.864285 0.776441 0.745303 0.487054 0.431323 0.514118 0.566860 0.461733 0.918189 0.877684 0.676436 0.776504 0.688881 0.722748 0.706457 0.647694 0.534935 0.956917 0.985279 0.969847 0.885389 0.977004 0.913949 0.832523 0.767569 0.981434 0.937520 0.966629 0.943904 0.973412 0.739643 0.991949 0.845013 0.938692 0.926759 0.737982 0.857498 0.996360 0.939963
0.986454 0.892429 0.798750 0.796086 0.946418 0.714472 0.844044 0.911074 0.909567 0.939649 0.985711 0.964611 0.997329 0.938052 0.950187 0.955523 0.889076 0.942186 0.988338 0.957048 0.000000 0.980562 0.969838 0.855497 0.855841 0.756473 0.997954 0.939873 0.918164 0.896587 0.768400 0.863035 0.963282 0.931816 0.870078 0.933952 0.880197 0.982576 0.817854 0.845890 0.837473 0.923015 0.972982 0.981111 0.903265 0.889331 0.957030 0.882432 0.833063 0.730281 0.981167 0.975689 0.997876 0.899357 0.964278 0.969923 0.877594 0.856654 0.955201 0.956353 0.921360 0.898958 0.937933 0.930404 0.933415 0.793697 0.915132 0.887742 0.958090 0.881920 0.765442 0.857463 0.831058 0.777357 0.941766 0.778202 0.833546 0.982324 0.995856 0.931887 0.995991 0.929072 0.988373 0.978673 0.969988 0.875072 0.776510 0.869766 0.898137 0.879080 0.875450 0.949755 0.950782 0.896851 0.844010 0.953914 0.923481 0.826645 0.990038 0.874780 0.957581 0.973890 0.937374 0.995957 0.960579 0.951700 0.824760 0.953526 0.988115 0.876698 0.997616 0.866021 0.932131 0.836114 0.980720 0.881873
0.979606 0.972983 0.832207 0.836048 0.924137 0.964131 0.790118 0.945437 0.926980 0.891927 0.936046 0.978576 0.862812 0.954528 0.948718 0.949202 0.983248 0.971586 0.933556 0.963135 0.980562 0.000000 0.900487 0.915101 0.992457 0.852782 0.841937 0.973394 0.942965 0.812231 0.730028 0.909730 0.730889 0.778573 0.999270 0.771230 0.786401 0.791530 0.949927 0.925019 0.921985 0.874222 0.952880 0.985604 0.901156 0.959442 0.917605 0.894668 0.913669 0.974397 0.808039 0.858431 0.761280 0.787862 0.980824 0.825007 0.960847 0.995878 0.937597 0.982379 0.941720 0.899579 0.859729 0.915469 0.919164 0.903464 0.880273 0.991078 0.884240 0.925295 0.835521 0.911729 0.919276 0.893424 0.884616 0.966482 0.857956 0.763762 0.820828 0.992888 0.876097 0.921468 0.965097 0.946908 0.947595 0.857839 0.900452 0.896323 0.993358 0.955798 0.866605 0.856624 0.887579 0.933235 0.972122 0.971412 0.873740 0.901431 0.864560 0.944292 0.851429 0.937831 0.723763 0.794004 0.912147 0.810830 0.942420 0.877159 0.924869 0.837990 0.768129 0.979174 0.894029 0.885355 0.922150 0.844739
0.577397 0.716997 0.823833 0.808383 0.616325 0.985094 0.632824 0.576609 0.845970 0.480121 0.754118 0.554470 0.491093 0.477108 0.393614 0.425239 0.623973 0.620330 0.381098 0.460246 0.969838 0.900487 0.000000 0.568824 0.805703 0.727016 0.938402 0.966290 0.511365 0.472145 0.596909 0.579300 0.507034 0.651299 0.918163 0.942648 0.875824 0.942079 0.952160 0.821004 0.916027 0.885364 0.938335 0.936225 0.768867 0.780637 0.737318 0.813310 0.664849 0.682328 0.699121 0.741959 0.695910 0.905977 0.838580 0.807745 0.636794 0.698290 0.864651 0.947911 0.879458 0.793239 0.661694 0.618073 0.819655 0.793312 0.959444 0.824452 0.584130 0.638256 0.638279 0.866806 0.597041 0.739535 0.789943 0.926570 0.763147 0.910834 0.824681 0.784969 0.596013 0.594625 0.637786 0.774523 0.557322 0.921676 0.808526 0.687731 0.839434 0.813770 0.984935 0.968733 0.947583 0.749841 0.850437 0.902094 0.851720 0.916101 0.810174 0.788401 0.916544 0.978047 0.962477 0.712817 0.897769 0.814642 0.967181 0.893600 0.916040 0.910181 0.854105 0.909817 0.682952 0.870944 0.894984 0.872512
0.958172 0.916538 0.863286 0.571445 0.649143 0.959798 0.945452 0.766145 0.806079 0.970160 0.907652 0.778965 0.876483 0.536343 0.688418 0.457587 0.921497 0.867035 0.762405 0.710797 0.855497 0.915101 0.568824 0.000000 0.740017 0.894821 0.817172 0.930436 0.907590 0.839240 0.887707 0.749863 0.959363 0.999362 0.906077 0.831477 0.994746 0.927533 0.760405 0.877683 0.803483 0.801817 0.822840 0.861052 0.872045 0.855362 0.801433 0.885113 0.864938 0.821398 0.849748 0.870044 0.831312 0.879510 0.817449 0.980913 0.909049 0.986516 0.766963 0.786894 0.822439 0.870718 0.895093 0.878604 0.801214 0.746835 0.976281 0.990877 0.996216 0.968462 0.858278 0.986116 0.890685 0.955242 0.877788 0.991221 0.796766 0.941120 0.978945 0.948820 0.929386 0.797921 0.716803 0.785282 0.594367 0.460073 0.813258 0.534081 0.953693 0.770551 0.971678 0.850575 0.931912 0.804193 0.919057 0.884140 0.952761 0.984441 0.933610 0.932487 0.910304 0.915805 0.782008 0.854665 0.932731 0.921592 0.925061 0.977910 0.975280 0.963840 0.936288 0.944710 0.971121 0.967770 0.844989 0.896750
0.669310 0.856263 0.932694 0.688167 0.947150 0.942858 0.797836 0.874430 0.757661 0.552642 0.636174 0.719124 0.704677 0.970574 0.875469 0.978815 0.819216 0.862704 0.792333 0.806583 0.855841 0.992457 0.805703 0.740017 0.000000 0.540352 0.871005 0.849824 0.597973 0.772297 0.944238 0.966077 0.756820 0.867793 0.781086 0.897412 0.914060 0.958698 0.749294 0.734452 0.861009 0.708497 0.807833 0.833093 0.988215 0.976176 0.839903 0.900528 0.791549 0.916217 0.979424 0.894164 0.821848 0.779253 0.914669 0.888701 0.864684 0.745424 0.545944 0.656781 0.664634 0.779481 0.647756 0.564283 0.626722 0.619778 0.952311 0.866286 0.648234 0.641103 0.955177 0.921542 0.952701 0.975455 0.853954 0.920154 0.982466 0.907872 0.862464 0.942752 0.848048 0.996722 0.930955 0.973915 0.919840 0.526447 0.976607 0.815750 0.847734 0.883379 0.994365 0.804141 0.946407 0.981022 0.861786 0.965085 0.988262 0.961011 0.833925 0.849861 0.888987 0.856363 0.826130 0.714990 0.964716 0.903366 0.915703 0.950146 0.894593 0.971941 0.970878 0.965115 0.960902 0.978423 0.914466 0.842130
0.483264 0.519914 0.619386 0.490655 0.769255 0.730193 0.848281 0.970225 0.968826 0.688837 0.770919 0.610994 0.738693 0.797683 0.746242 0.806132 0.568669 0.557538 0.568603 0.580649 0.756473 0.852782 0.727016 0.894821 0.540352 0.000000 0.921558 0.943810 0.537767 0.620126 0.772194 0.881138 0.932277 0.986264 0.582900 0.785511 0.951521 0.907296 0.840986 0.872346 0.847465 0.843006 0.733276 0.808630 0.898662 0.992952 0.942341 0.943284 0.615224 0.812239 0.928454 0.857242 0.824177 0.562467 0.923764 0.985108 0.492805 0.444461 0.736333 0.767192 0.980944 0.841397 0.755299 0.558117 0.476017 0.468303 0.537223 0.495688 0.566967 0.557473 0.801615 0.798194 0.847649 0.818604 0.909471 0.958180 0.877728 0.653949 0.870452 0.959125 0.603649 0.666780 0.748630 0.804294 0.760177 0.761499 0.846551 0.926806 0.876892 0.872338 0.604272 0.794684 0.609736 0.655906 0.665531 0.987477 0.821058 0.960353 0.915879 0.909078 0.813874 0.705155 0.859091 0.984262 0.754756 0.836867 0.866790 0.750706 0.951303 0.980109 0.793845 0.883608 0.983105 0.983234 0.832915 0.919418
0.944961 0.906476 0.783464 0.967347 0.724726 0.895295 0.797955 0.933619 0.937350 0.853156 0.956577 0.949186 0.919537 0.944778 0.957134 0.944896 0.912205 0.877248 0.956770 0.942892 0.997954 0.841937 0.938402 0.817172 0.871005 0.921558 0.000000 0.812742 0.955488 0.976547 0.846804 0.828192 0.836621 0.799804 0.848173 0.899138 0.909346 0.955708 0.918075 0.878878 0.988238 0.916687 0.902783 0.838839 0.858729 0.899038 0.903741 0.857536 0.892173 0.916564 0.928915 0.957149 0.933061 0.857678 0.955949 0.918662 0.887635 0.965408 0.871047 0.884093 0.741704 0.995029 0.810326 0.881191 0.961144 0.997543 0.795037 0.739210 0.983042 0.973892 0.886924 0.845120 0.963389 0.917916 0.972987 0.954961 0.987384 0.789438 0.890641 0.992783 0.989864 0.888443 0.801285 0.890035 0.861398 0.777694 0.914204 0.798223 0.916150 0.986554 0.987653 0.966630 0.923860 0.989365 0.897233 0.842582 0.917622 0.973340 0.912994 0.883799 0.929708 0.956248 0.709410 0.894735 0.898410 0.890282 0.934026 0.951023 0.731347 0.996260 0.916757 0.945132 0.942975 0.755276 0.941347 0.964628
0.943108 0.788802 0.902735 0.972740 0.864491 0.915474 0.884782 0.860477 0.961758 0.963005 0.974217 0.803700 0.933071 0.854184 0.993976 0.837495 0.957227 0.897130 0.989180 0.925352 0.939873 0.973394 0.966290 0.930436 0.849824 0.943810 0.812742 0.000000 0.981090 0.961999 0.881334 0.893380 0.868849 0.909708 0.994338 0.894598 0.977243 0.991269 0.935282 0.998336 0.938836 0.869234 0.898995 0.890084 0.941341 0.920599 0.932817 0.937065 0.828846 0.895711 0.959896 0.911297 0.999568 0.975234 0.986534 0.994892 0.934011 0.966955 0.992178 0.954028 0.954337 0.934319 0.986125 0.941395 0.965776 0.944293 0.925979 0.878295 0.921805 0.983912 0.883794 0.883359 0.970455 0.969227 0.971777 0.981911 0.854064 0.857174 0.963906 0.987252 0.992875 0.966197 0.957280 0.902526 0.963397 0.868264 0.888480 0.983726 0.909041 0.933640 0.997184 0.972468 0.991024 0.983991 0.944205 0.918734 0.990385 0.851117 0.987085 0.902434 0.968387 0.903377 0.897730 0.779330 0.864810 0.805510 0.900949 0.965981 0.984999 0.965869 0.914116 0.787994 0.926670 0.985402 0.917848 0.986282
0.452763 0.412140 0.848701 0.875873 0.770214 0.824315 0.797419 0.610728 0.970405 0.487186 0.694061 0.441932 0.544387 0.525279 0.590913 0.598604 0.392573 0.417065 0.385548 0.453221 0.918164 0.942965 0.511365 0.907590 0.597973 0.537767 0.955488 0.981090 0.000000 0.319899 0.726719 0.704116 0.539507 0.552868 0.806188 0.929069 0.751640 0.854185 0.929243 0.989271 0.928266 0.900282 0.905144 0.775291 0.710088 0.620978 0.679181 0.706602 0.439395 0.564316 0.659459 0.745982 0.834673 0.910260 0.700468 0.849155 0.435661 0.413300 0.672510 0.696144 0.819726 0.713381 0.465382 0.369512 0.616028 0.615451 0.761720 0.820190 0.581617 0.394113 0.983552 0.858598 0.910903 0.928997 0.856000 0.962114 0.856645 0.941566 0.594429 0.682797 0.381479 0.467846 0.546805 0.603419 0.554903 0.937992 0.932336 0.710460 0.829250 0.811589 0.743098 0.788589 0.602010 0.533827 0.945992 0.940708 0.888472 0.932648 0.862978 0.815482 0.891212 0.905717 0.915679 0.825278 0.945246 0.978055 0.981638 0.730958 0.855188 0.980157 0.989196 0.881446 0.659283 0.836168 0.975408 0.746049
0.545144 0.429630 0.916958 0.975021 0.766951 0.867203 0.799271 0.646145 0.991294 0.493207 0.764005 0.537275 0.606101 0.518800 0.559817 0.581745 0.343475 0.347991 0.379901 0.434889 0.896587 0.812231 0.472145 0.839240 0.772297 0.620126 0.976547 0.961999 0.319899 0.000000 0.699586 0.617201 0.519432 0.515332 0.771265 0.996300 0.824391 0.893811 0.972538 0.918513 0.945058 0.872410 0.873602 0.758025 0.649076 0.599242 0.635063 0.689895 0.469013 0.561756 0.606595 0.711745 0.735451 0.975627 0.710586 0.927811 0.438298 0.453140 0.890263 0.865452 0.922215 0.866732 0.509587 0.434862 0.603595 0.609513 0.739989 0.793723 0.676364 0.448924 0.977639 0.862297 0.883513 0.949465 0.804797 0.966172 0.833431 0.961700 0.473742 0.549805 0.310210 0.413420 0.502780 0.554936 0.567428 0.980447 0.913109 0.703606 0.923132 0.948793 0.659345 0.747511 0.560035 0.494853 0.936056 0.965699 0.902272 0.930116 0.960135 0.909123 0.857325 0.823063 0.969192 0.833675 0.924236 0.963580 0.989265 0.718416 0.951575 0.890381 0.993590 0.940161 0.573243 0.758146 0.996070 0.809422
0.951353 0.898754 0.517867 0.580416 0.986353 0.761972 0.358961 0.503441 0.817118 0.606123 0.876933 0.951304 0.689565 0.777197 0.740397 0.847248 0.840673 0.962337 0.755412 0.888813 0.768400 0.730028 0.596909 0.887707 0.944238 0.772194 0.846804 0.881334 0.726719 0.699586 0.000000 0.418803 0.398924 0.367690 0.757120 0.792198 0.967172 0.893189 0.984980 0.948175 0.882164 0.947008 0.632082 0.686660 0.575579 0.675786 0.664832 0.721283 0.932700 0.841411 0.533277 0.548554 0.533799 0.486179 0.851137 0.923949 0.955273 0.931330 0.865437 0.900086 0.691625 0.998770 0.549827 0.721300 0.972210 0.969765 0.644791 0.678666 0.988198 0.926117 0.437924 0.593198 0.475485 0.530800 0.843298 0.860383 0.702741 0.569338 0.711331 0.764566 0.758982 0.908646 0.952033 0.993066 0.960491 0.942562 0.887974 0.915986 0.932505 0.924648 0.641713 0.758123 0.780865 0.985290 0.715130 0.952420 0.741544 0.878689 0.577305 0.620167 0.694086 0.605298 0.585557 0.564390 0.709079 0.648815 0.906103 0.903930 0.979776 0.892645 0.687088 0.821155 0.636844 0.782598 0.805201 0.856998
0.922613 0.936346 0.547856 0.557965 0.938196 0.728903 0.468185 0.461410 0.883459 0.634171 0.911025 0.853624 0.694294 0.586874 0.685126 0.678536 0.776280 0.843923 0.677463 0.831169 0.863035 0.909730 0.579300 0.749863 0.966077 0.881138 0.828192 0.893380 0.704116 0.617201 0.418803 0.000000 0.467745 0.406437 0.762561 0.800803 0.933817 0.970632 0.927586 0.953128 0.852854 0.994789 0.572429 0.573947 0.545981 0.613482 0.528619 0.628888 0.843154 0.772279 0.522123 0.557905 0.515278 0.583284 0.765343 0.946210 0.925797 0.973342 0.994097 0.965380 0.761855 0.850324 0.600630 0.703686 0.932477 0.902504 0.717969 0.698176 0.944286 0.864804 0.597892 0.737872 0.597726 0.618517 0.770654 0.877258 0.761719 0.562320 0.695231 0.732918 0.641748 0.769501 0.803880 0.904637 0.775789 0.843885 0.990771 0.762028 0.933384 0.981299 0.844262 0.950763 0.950401 0.876795 0.736698 0.865993 0.840674 0.917910 0.718847 0.608190 0.871635 0.757286 0.703117 0.681004 0.757488 0.661710 0.780555 0.983101 0.950118 0.846822 0.787696 0.724092 0.558224 0.784166 0.767444 0.759848
0.674667 0.848687 0.592041 0.810680 0.842386 0.803800 0.385707 0.485544 0.779456 0.469399 0.673632 0.729275 0.519830 0.666307 0.606773 0.779713 0.667878 0.733514 0.525912 0.672059 0.963282 0.730889 0.507034 0.959363 0.756820 0.932277 0.836621 0.868849 0.539507 0.519432 0.398924 0.467745 0.000000 0.328205 0.853508 0.797923 0.808159 0.850795 0.980415 0.927527 0.946315 0.897363 0.718017 0.691297 0.551780 0.595804 0.597499 0.647088 0.763729 0.693642 0.509240 0.598133 0.549810 0.682214 0.731947 0.982946 0.767876 0.786227 0.671217 0.769491 0.589390 0.822933 0.416325 0.461888 0.921667 0.835418 0.705439 0.775149 0.763347 0.621521 0.585288 0.742683 0.575595 0.671598 0.761265 0.931431 0.663129 0.678846 0.698246 0.797203 0.591904 0.747506 0.878515 0.859922 0.798411 0.845241 0.959520 0.889051 0.769289 0.896078 0.805394 0.812520 0.951869 0.915933 0.758270 0.941824 0.737687 0.779360 0.530954 0.586054 0.787380 0.708452 0.588403 0.503571 0.709778 0.625494 0.991715 0.991690 0.989669 0.795870 0.704161 0.702121 0.485944 0.750417 0.791015 0.858341
0.803886 0.836396 0.641758 0.752830 0.952003 0.815795 0.421929 0.457881 0.856536 0.550628 0.834139 0.782018 0.653362 0.661799 0.678044 0.828873 0.669114 0.737940 0.629066 0.798132 0.931816 0.778573 0.651299 0.999362 0.867793 0.986264 0.799804 0.909708 0.552868 0.515332 0.367690 0.406437 0.328205 0.000000 0.847264 0.727082 0.828155 0.923101 0.965594 0.927448 0.919381 0.993159 0.595911 0.572048 0.483798 0.508984 0.529200 0.547507 0.734890 0.667488 0.473550 0.531929 0.560562 0.632066 0.701598 0.826760 0.806417 0.805595 0.758453 0.752114 0.620203 0.830775 0.423014 0.507124 0.989398 0.956511 0.712576 0.651676 0.921332 0.706235 0.680848 0.817327 0.678818 0.675645 0.797981 0.884438 0.732901 0.649778 0.619967 0.723298 0.553359 0.724686 0.797735 0.806467 0.779693 0.961933 0.919284 0.768906 0.898680 0.965967 0.872562 0.965713 0.960454 0.832883 0.769267 0.985229 0.896972 0.828889 0.620147 0.624560 0.799627 0.773168 0.615155 0.616438 0.769933 0.676150 0.851126 0.933728 0.964102 0.847084 0.801606 0.728421 0.478154 0.700096 0.695442 0.799829
0.850519 0.710892 0.582801 0.652948 0.929172 0.788213 0.693718 0.769409 0.897200 0.780901 0.886676 0.873847 0.953769 0.992905 0.958028 0.927586 0.862493 0.679591 0.875684 0.819895 0.870078 0.999270 0.918163 0.906077 0.781086 0.582900 0.848173 0.994338 0.806188 0.771265 0.757120 0.762561 0.853508 0.847264 0.000000 0.906696 0.986024 0.832580 0.912895 0.833474 0.910625 0.804424 0.695483 0.801548 0.806538 0.866922 0.813153 0.825524 0.743216 0.905134 0.865197 0.893275 0.824036 0.710888 0.842153 0.962343 0.819568 0.767534 0.967429 0.963277 0.762940 0.917302 0.955982 0.878851 0.553309 0.594356 0.425070 0.455682 0.854574 0.800824 0.750851 0.747726 0.812026 0.913724 0.928687 0.958400 0.811674 0.786884 0.888128 0.780426 0.808066 0.769356 0.798801 0.871726 0.962957 0.853231 0.942234 0.902561 0.928183 0.913233 0.623371 0.791683 0.663948 0.745964 0.636366 0.845943 0.705900 0.804554 0.729479 0.692850 0.687795 0.707359 0.751715 0.807800 0.590934 0.694246 0.896177 0.817249 0.969766 0.992820 0.811815 0.715465 0.906477 0.823972 0.755664 0.931383
0.901210 0.911632 0.838309 0.855316 0.790499 0.909929 0.848699 0.992284 0.941732 0.962688 0.917075 0.796676 0.948158 0.949173 0.902271 0.795736 0.883650 0.935400 0.953598 0.916277 0.933952 0.771230 0.942648 0.831477 0.897412 0.785511 0.899138 0.894598 0.929069 0.996300 0.792198 0.800803 0.797923 0.727082 0.906696 0.000000 0.967269 0.808318 0.863353 0.925133 0.939204 0.954735 0.849175 0.869994 0.845225 0.900219 0.891866 0.949783 0.922502 0.941413 0.908925 0.896543 0.740362 0.746190 0.922807 0.988355 0.984108 0.994212 0.928282 0.925901 0.962682 0.827634 0.956616 0.995276 0.933843 0.991541 0.818039 0.798774 0.957103 0.970044 0.945915 0.990788 0.997068 0.898131 0.994459 0.853418 0.929160 0.632950 0.934848 0.968322 0.986941 0.972220 0.952577 0.960702 0.875440 0.856069 0.911794 0.920324 0.760598 0.873232 0.915926 0.993821 0.893306 0.929100 0.926218 0.962348 0.820574 0.856629 0.858652 0.910503 0.880729 0.796617 0.810247 0.847940 0.836649 0.889617 0.745181 0.938211 0.857839 0.948651 0.904416 0.961373 0.677545 0.817075 0.862091 0.971931
0.744187 0.768250 0.995669 0.953678 0.878085 0.939789 0.923280 0.912796 0.839983 0.924510 0.776747 0.731933 0.773825 0.851143 0.800677 0.954830 0.799524 0.734660 0.731730 0.786413 0.880197 0.786401 0.875824 0.994746 0.914060 0.951521 0.909346 0.977243 0.751640 0.824391 0.967172 0.933817 0.808159 0.828155 0.986024 0.967269 0.000000 0.803140 0.985900 0.849947 0.870671 0.938530 0.939912 0.832009 0.955937 0.867133 0.789879 0.741205 0.885965 0.847020 0.807302 0.812280 0.812131 0.931652 0.837122 0.977181 0.729758 0.825452 0.831646 0.875686 0.918922 0.833498 0.802944 0.797043 0.897615 0.932567 0.999390 0.962580 0.668283 0.705601 0.991859 0.924369 0.951318 0.922095 0.968742 0.862536 0.850964 0.966322 0.863018 0.993959 0.823540 0.769514 0.964648 0.971093 0.724168 0.984962 0.850916 0.899953 0.732588 0.741224 0.950534 0.941833 0.971528 0.952337 0.870325 0.904670 0.961148 0.943963 0.853460 0.797443 0.981138 0.945409 0.750516 0.790196 0.979392 0.790038 0.837082 0.951213 0.841232 0.759585 0.734736 0.687527 0.884408 0.848234 0.761133 0.958649
0.941451 0.864754 0.756239 0.878671 0.945425 0.909762 0.816883 0.929229 0.742538 0.943877 0.930638 0.952541 0.866231 0.942167 0.846423 0.929690 0.864114 0.845205 0.966272 0.993877 0.982576 0.791530 0.942079 0.927533 0.958698 0.907296 0.955708 0.991269 0.854185 0.893811 0.893189 0.970632 0.850795 0.923101 0.832580 0.808318 0.803140 0.000000 0.967560 0.942926 0.979735 0.699667 0.908621 0.973238 0.977541 0.977453 0.992213 0.857718 0.833174 0.982724 0.870106 0.898369 0.823487 0.780649 0.983965 0.865525 0.914779 0.788710 0.969401 0.903761 0.837011 0.883546 0.900623 0.974328 0.805828 0.880699 0.799664 0.896406 0.879176 0.921671 0.810704 0.872105 0.778112 0.762185 0.911703 0.864025 0.918682 0.783960 0.847671 0.832704 0.921252 0.890759 0.738769 0.715445 0.973575 0.933532 0.935864 0.774382 0.863483 0.912702 0.745840 0.729615 0.779125 0.679337 0.902829 0.857842 0.829915 0.861929 0.808204 0.796311 0.734051 0.862055 0.694214 0.732343 0.940619 0.900210 0.994784 0.816718 0.908311 0.845470 0.837675 0.808624 0.905179 0.774633 0.728200 0.958921
