0.000000 0.238253 0.473286 0.523905 0.982294 0.721387 0.496457 0.457365 0.922217 0.663054 0.351581 0.270905 0.311833 0.417288 0.436414 0.415821 0.288804 0.239392 0.344269 0.318897 0.665165 0.885569 0.431592 0.469113 0.633435 0.628336 0.996395 0.901803 0.297432 0.265622 0.408138 0.463731 0.354475 0.316807 0.639632 0.852617 0.544858 0.660743 0.716645 0.778457 0.833595 0.811984 0.484985 0.418842 0.515478 0.407660 0.433310 0.340868 0.669822 0.494232 0.562650 0.593012 0.645549 0.786101 0.620586 0.780689 0.348692 0.326599 0.370974 0.313909 0.268522 0.370823 0.219121 0.258550 0.493173 0.442594 0.494665 0.370056 0.425655 0.322254 0.527454 0.539865 0.432432 0.463845 0.785672 0.653667 0.505426 0.510357 0.411333 0.384108 0.235709 0.254104 0.394792 0.483048 0.458990 0.426712 0.882284 0.940432 0.926530 0.618829 0.893387 0.962558 0.842244 0.984031 0.525516 0.645175 0.556465 0.754752 0.550910 0.549796 0.773885 0.725881 0.550856 0.653886 0.506274 0.557311 0.876701 0.866259 0.826531 0.732145 0.820009 0.617868 0.648682 0.706636 0.715065 0.912114
0.238253 0.000000 0.654444 0.646785 0.856465 0.860407 0.624714 0.506372 0.954727 0.675022 0.454543 0.320649 0.495988 0.511090 0.560704 0.499090 0.209911 0.249786 0.424606 0.366081 0.743266 0.852441 0.541113 0.648797 0.796757 0.779597 0.849671 0.899971 0.291007 0.306627 0.511513 0.610289 0.436013 0.384592 0.741681 0.730052 0.661376 0.599708 0.786407 0.837831 0.883775 0.639749 0.505924 0.461208 0.525905 0.464151 0.499467 0.407335 0.556037 0.494328 0.545326 0.589435 0.691572 0.764609 0.740785 0.882083 0.224479 0.196084 0.371027 0.354679 0.394714 0.411446 0.210090 0.167684 0.682568 0.599625 0.567562 0.419967 0.470615 0.284834 0.530782 0.506821 0.471615 0.517900 0.891093 0.638545 0.550321 0.385410 0.444974 0.536416 0.244988 0.399487 0.410931 0.485892 0.584896 0.610154 0.789260 0.862545 0.977173 0.677322 0.902519 0.948791 0.838902 0.955934 0.523417 0.738040 0.646756 0.594447 0.550280 0.517653 0.833506 0.798402 0.502122 0.605146 0.462599 0.496293 0.756648 0.791449 0.897350 0.773386 0.715957 0.574749 0.713805 0.748028 0.714532 0.916669
0.473286 0.654444 0.000000 0.202061 0.960274 0.608308 0.188771 0.254971 0.492991 0.421109 0.479289 0.527818 0.338252 0.586935 0.487470 0.515132 0.698718 0.583175 0.442615 0.523732 0.737899 0.853180 0.327929 0.360197 0.618346 0.395999 0.937262 0.863412 0.671144 0.562029 0.291332 0.431124 0.341912 0.365729 0.532294 0.781264 0.622152 0.773195 0.573558 0.740952 0.976144 0.998785 0.312287 0.342021 0.306478 0.294405 0.344237 0.376103 0.520952 0.397312 0.437782 0.398693 0.444858 0.604801 0.636055 0.578961 0.814707 0.801807 0.387665 0.396190 0.299674 0.368330 0.574521 0.639704 0.306967 0.273206 0.261433 0.291717 0.849624 0.642921 0.444885 0.463630 0.551834 0.541072 0.811093 0.720901 0.476350 0.700091 0.480350 0.470899 0.597724 0.527953 0.725470 0.803627 0.626920 0.500160 0.882246 0.987032 0.816555 0.651532 0.562678 0.681528 0.593767 0.671507 0.578130 0.636437 0.339904 0.813075 0.391276 0.407080 0.601377 0.549980 0.551471 0.598682 0.406028 0.490573 0.658286 0.670609 0.753196 0.855016 0.675330 0.522697 0.454993 0.675590 0.561207 0.799973
0.523905 0.646785 0.202061 0.000000 0.870775 0.626217 0.228776 0.198544 0.499111 0.396917 0.546119 0.539681 0.371027 0.489560 0.459236 0.455409 0.723307 0.611534 0.425788 0.522221 0.669093 0.825388 0.312606 0.319560 0.743597 0.451747 0.978495 0.879184 0.610748 0.569241 0.320824 0.453988 0.339582 0.354404 0.605129 0.739856 0.655799 0.868770 0.720554 0.831494 0.995854 0.900895 0.308343 0.359762 0.364736 0.347893 0.386966 0.422520 0.540002 0.424989 0.491301 0.416015 0.492206 0.598350 0.709014 0.647666 0.812725 0.800447 0.382390 0.431367 0.368804 0.366257 0.604586 0.646187 0.357733 0.265796 0.303342 0.331972 0.941251 0.666902 0.403889 0.410889 0.599768 0.564967 0.825875 0.670780 0.439175 0.613899 0.504814 0.550497 0.641484 0.555963 0.747369 0.728658 0.664603 0.484728 0.950368 0.985278 0.802021 0.617168 0.482543 0.579927 0.505626 0.600365 0.616165 0.610140 0.399657 0.706808 0.365028 0.347132 0.518010 0.597899 0.548214 0.533217 0.401193 0.530858 0.677522 0.673212 0.780686 0.853842 0.710259 0.473817 0.425675 0.571733 0.553553 0.779992
0.982294 0.856465 0.960274 0.870775 0.000000 0.811295 0.862824 0.806305 0.969299 0.955799 0.989618 0.873111 0.831715 0.994674 0.873776 0.786175 0.898549 0.976526 0.940296 0.955059 0.927808 0.888738 0.767358 0.822493 0.927811 0.988648 0.857077 0.965424 0.903297 0.941046 0.894599 0.953801 0.897232 0.923221 0.913393 0.969171 0.897612 0.982478 0.961461 0.865702 0.992934 0.937444 0.865380 0.882482 0.800845 0.813782 0.932536 0.850936 0.768564 0.748499 0.817642 0.776863 0.841698 0.715309 0.913503 0.864737 0.955895 0.913139 0.807784 0.806336 0.784625 0.755376 0.823418 0.835781 0.894342 0.802225 0.835520 0.843879 0.996260 0.961613 0.749131 0.756934 0.876548 0.908495 0.971123 0.903891 0.872679 0.974446 0.884192 0.954190 0.776354 0.868173 0.893044 0.949631 0.840618 0.859557 0.974902 0.891592 0.945637 0.957532 0.835387 0.853482 0.793807 0.960867 0.843231 0.981196 0.881585 0.713851 0.838390 0.767828 0.915653 0.982068 0.910127 0.838849 0.793340 0.864627 0.763708 0.948246 0.709521 0.855528 0.936606 0.759104 0.798312 0.838333 0.942466 0.962710
0.721387 0.860407 0.608308 0.626217 0.811295 0.000000 0.555981 0.673945 0.604620 0.684634 0.730085 0.628368 0.534686 0.759088 0.653108 0.500848 0.909694 0.860735 0.726369 0.803969 0.833151 0.831152 0.580367 0.614321 0.839103 0.636208 0.838251 0.655517 0.846705 0.834837 0.686623 0.734752 0.669070 0.650012 0.689275 0.999697 0.996888 0.843002 0.963479 0.955280 0.990686 0.892706 0.657148 0.638771 0.709289 0.697986 0.774850 0.685697 0.952793 0.712668 0.740438 0.646717 0.657858 0.688358 0.841226 0.827598 0.924686 0.977614 0.783169 0.728101 0.638793 0.694935 0.785648 0.863408 0.663514 0.603911 0.652129 0.675500 0.899432 0.785417 0.708396 0.623758 0.732607 0.686593 0.770527 0.812346 0.668284 0.838971 0.794286 0.603430 0.724224 0.651207 0.947319 0.893525 0.704351 0.593311 0.884438 0.847024 0.898727 0.761907 0.639871 0.729921 0.656282 0.724221 0.710285 0.671417 0.636113 0.955116 0.687762 0.686222 0.811254 0.699635 0.875876 0.756860 0.575738 0.768777 0.841840 0.892313 0.915685 0.959582 0.971654 0.792603 0.642835 0.786617 0.715028 0.937884
0.496457 0.624714 0.188771 0.228776 0.862824 0.555981 0.000000 0.194887 0.409722 0.279796 0.511358 0.584132 0.419775 0.684159 0.574494 0.541912 0.620282 0.542220 0.389733 0.504316 0.761253 0.798701 0.327898 0.454308 0.761220 0.486887 0.987224 0.915529 0.668814 0.576891 0.326379 0.463917 0.299393 0.293313 0.542502 0.657685 0.672987 0.787535 0.770272 0.776568 0.989956 0.928187 0.185494 0.210969 0.201718 0.189895 0.315748 0.304021 0.403759 0.304045 0.338741 0.306170 0.353029 0.488889 0.678329 0.583661 0.704434 0.713556 0.296666 0.368609 0.340447 0.421520 0.503266 0.587410 0.401514 0.337990 0.170804 0.235341 0.895749 0.642887 0.324947 0.308738 0.631260 0.519769 0.857214 0.648216 0.334353 0.616179 0.438394 0.458160 0.557941 0.551958 0.772147 0.823258 0.686706 0.598254 0.957657 0.922318 0.837041 0.791697 0.378953 0.454271 0.409380 0.474304 0.547620 0.558287 0.313720 0.728261 0.241867 0.265570 0.475793 0.434502 0.454660 0.467434 0.308418 0.377194 0.547135 0.571262 0.698133 0.895400 0.601053 0.419864 0.356558 0.614407 0.472695 0.763371
0.457365 0.506372 0.254971 0.198544 0.806305 0.673945 0.194887 0.000000 0.441375 0.262052 0.481917 0.509400 0.413821 0.576956 0.549323 0.521914 0.561433 0.491734 0.392019 0.408351 0.746722 0.784745 0.350547 0.436926 0.868345 0.592525 0.878443 0.906061 0.588079 0.521370 0.384951 0.488583 0.319534 0.304176 0.629868 0.643716 0.696580 0.774710 0.814920 0.885322 0.978770 0.815102 0.263332 0.309474 0.289917 0.283540 0.391946 0.369784 0.417053 0.334413 0.407141 0.371154 0.468581 0.537318 0.755320 0.685619 0.608667 0.579332 0.252558 0.330441 0.342659 0.326026 0.465313 0.476553 0.466604 0.347316 0.253099 0.284627 0.886949 0.558268 0.342833 0.364568 0.679307 0.603593 0.909428 0.648756 0.414988 0.558588 0.437464 0.589696 0.540079 0.554159 0.728275 0.762184 0.738232 0.606001 0.989176 0.948608 0.854459 0.709120 0.402173 0.481924 0.395259 0.538382 0.507733 0.599084 0.379566 0.613635 0.245024 0.249179 0.450066 0.543313 0.403938 0.429736 0.321449 0.393597 0.567906 0.583544 0.731533 0.824489 0.651240 0.378493 0.382613 0.572556 0.524363 0.769402
0.922217 0.954727 0.492991 0.499111 0.969299 0.604620 0.409722 0.441375 0.000000 0.411120 0.922515 0.971864 0.805689 0.977955 0.911656 0.870946 0.970780 0.999853 0.850456 0.869997 0.918711 0.858086 0.672778 0.752527 0.989591 0.701740 0.973171 0.928783 0.906046 0.942993 0.659112 0.781549 0.725905 0.685125 0.706753 0.687160 0.949605 0.847270 0.968174 0.939818 0.909402 0.937730 0.500108 0.586676 0.486634 0.544645 0.689334 0.694776 0.589081 0.541127 0.518274 0.519287 0.474176 0.542368 0.978344 0.811549 0.948849 0.936718 0.549203 0.691868 0.736842 0.740410 0.914337 0.959554 0.723085 0.646200 0.444692 0.598137 0.806141 0.895076 0.569224 0.563605 0.986270 0.876183 0.964928 0.877599 0.657075 0.784075 0.805341 0.835530 0.967754 0.961824 0.945218 0.857028 0.951732 0.912471 0.851595 0.997667 0.755424 0.933303 0.366878 0.425641 0.376983 0.363348 0.739334 0.818592 0.542106 0.771893 0.477663 0.529956 0.530890 0.495378 0.660304 0.612326 0.569459 0.638362 0.541948 0.578017 0.942024 0.884813 0.737967 0.604898 0.538665 0.838376 0.542381 0.763552
0.663054 0.675022 0.421109 0.396917 0.955799 0.684634 0.279796 0.262052 0.411120 0.000000 0.610447 0.684418 0.660143 0.831043 0.762705 0.719980 0.614200 0.583444 0.495690 0.474872 0.957314 0.844193 0.542105 0.686621 0.938587 0.751405 0.932436 0.885072 0.720686 0.626918 0.574819 0.539951 0.477129 0.412973 0.782810 0.621201 0.878271 0.865448 0.901128 0.962562 0.848392 0.785426 0.329256 0.351937 0.383777 0.405162 0.521389 0.474805 0.416814 0.429883 0.520293 0.489448 0.526505 0.629186 0.837986 0.787747 0.675727 0.707593 0.428958 0.564916 0.633092 0.614016 0.652606 0.657362 0.725362 0.593973 0.407241 0.492413 0.960169 0.677790 0.443816 0.452027 0.867880 0.688992 0.891282 0.689126 0.514066 0.571635 0.555125 0.615957 0.674474 0.700434 0.907607 0.881881 0.960799 0.870050 0.928569 0.969270 0.941908 0.864342 0.384679 0.394257 0.446355 0.485568 0.575125 0.580369 0.422392 0.682335 0.256215 0.263422 0.460219 0.444596 0.452943 0.426087 0.483443 0.448490 0.609439 0.585449 0.865019 0.944041 0.660764 0.454780 0.415006 0.781327 0.602399 0.733977
0.351581 0.454543 0.479289 0.546119 0.989618 0.730085 0.511358 0.481917 0.922515 0.610447 0.000000 0.426494 0.479622 0.570889 0.663068 0.630529 0.503037 0.318733 0.314031 0.269456 0.806763 0.893859 0.692576 0.620595 0.863322 0.721294 0.927884 0.886051 0.450112 0.380951 0.586485 0.564788 0.520957 0.432504 0.874131 0.940804 0.755359 0.847090 0.805348 0.801711 0.929606 0.974570 0.579404 0.526496 0.631346 0.546154 0.589515 0.555826 0.762462 0.671576 0.769870 0.776604 0.819105 0.908320 0.879427 0.913419 0.477305 0.458812 0.582129 0.535039 0.504905 0.594065 0.413724 0.492935 0.720967 0.623965 0.628346 0.507605 0.631381 0.638706 0.710590 0.651437 0.627055 0.597251 0.872390 0.699080 0.562357 0.542780 0.557349 0.458591 0.468638 0.384548 0.688621 0.679679 0.799508 0.714080 0.898170 0.944706 0.943240 0.819952 0.844287 0.882490 0.896631 0.900301 0.689420 0.617315 0.683930 0.982466 0.605035 0.564959 0.742972 0.652479 0.586228 0.602710 0.628201 0.712698 0.895180 0.907813 0.936968 0.890846 0.799401 0.655573 0.656744 0.754552 0.815459 0.936374
0.270905 0.320649 0.527818 0.539681 0.873111 0.628368 0.584132 0.509400 0.971864 0.684418 0.426494 0.000000 0.289087 0.364483 0.335817 0.251942 0.378313 0.300240 0.420787 0.406383 0.660397 0.801354 0.389345 0.405826 0.673417 0.618449 0.945656 0.857495 0.295291 0.268874 0.476816 0.487131 0.388636 0.372506 0.755393 0.986431 0.662849 0.787433 0.752697 0.912317 0.936219 0.867012 0.573004 0.507110 0.636699 0.528637 0.541335 0.411534 0.755445 0.526084 0.640783 0.585514 0.711419 0.717647 0.744906 0.828183 0.510472 0.458339 0.533931 0.424008 0.302664 0.352966 0.295698 0.306836 0.519231 0.416226 0.617504 0.486136 0.603666 0.399198 0.611740 0.569384 0.361398 0.377874 0.716471 0.619860 0.620527 0.443132 0.486884 0.455304 0.327737 0.264790 0.441321 0.507698 0.424720 0.386021 0.826346 0.864214 0.943960 0.574568 0.933940 0.985129 0.902683 0.861119 0.589309 0.681658 0.629271 0.758930 0.666405 0.572232 0.854492 0.791342 0.641357 0.776957 0.470289 0.519039 0.890885 0.974689 0.969545 0.717898 0.913731 0.637087 0.686933 0.732177 0.746475 0.952034
0.311833 0.495988 0.338252 0.371027 0.831715 0.534686 0.419775 0.413821 0.805689 0.660143 0.479622 0.289087 0.000000 0.354841 0.300003 0.281004 0.578269 0.489975 0.424787 0.491688 0.685001 0.872057 0.292867 0.294291 0.597840 0.487006 0.914133 0.973763 0.458981 0.425332 0.441305 0.523991 0.387231 0.437753 0.641473 0.935523 0.647486 0.831513 0.652676 0.851535 0.884992 0.992148 0.474232 0.463579 0.541210 0.452647 0.459576 0.405797 0.771194 0.444489 0.571681 0.513686 0.620432 0.675428 0.575877 0.674296 0.717485 0.644325 0.461313 0.396369 0.228149 0.298974 0.416041 0.486543 0.280859 0.264798 0.480447 0.404189 0.645695 0.502236 0.582081 0.537533 0.392472 0.469080 0.779995 0.605275 0.559095 0.641696 0.513236 0.510622 0.423235 0.292157 0.536137 0.614400 0.372069 0.275180 0.979755 0.779469 0.765066 0.525040 0.793761 0.887786 0.761868 0.959371 0.619031 0.681323 0.538195 0.779513 0.594375 0.546208 0.752451 0.732408 0.686126 0.796712 0.438051 0.569910 0.888846 0.940978 0.715534 0.756522 0.879787 0.599273 0.585184 0.633150 0.681792 0.804249
0.417288 0.511090 0.586935 0.489560 0.994674 0.759088 0.684159 0.576956 0.977955 0.831043 0.570889 0.364483 0.354841 0.000000 0.261693 0.296346 0.651707 0.484071 0.461226 0.506588 0.654466 0.782433 0.419279 0.332415 0.623811 0.582461 0.980181 0.917911 0.395602 0.405228 0.505742 0.564654 0.462988 0.506415 0.846215 0.948992 0.714299 0.933957 0.772518 0.823827 0.990711 0.859263 0.652768 0.640893 0.818154 0.679852 0.565632 0.624772 0.936896 0.764634 0.846562 0.763172 0.852317 0.930297 0.655213 0.877797 0.709827 0.675177 0.648160 0.621413 0.456958 0.479660 0.530483 0.543629 0.473210 0.428423 0.700613 0.624835 0.711189 0.527372 0.693139 0.717720 0.469068 0.580601 0.863728 0.600928 0.648206 0.639052 0.598033 0.560097 0.538517 0.383706 0.455393 0.416134 0.425568 0.313081 0.980427 0.793758 0.898672 0.510573 0.941736 0.953613 0.910939 0.889426 0.653081 0.734531 0.739210 0.731754 0.773174 0.681643 0.819762 0.903908 0.798942 0.899308 0.625166 0.712043 0.958111 0.959925 0.913366 0.778469 0.982520 0.755677 0.742769 0.739471 0.800607 0.964205
0.436414 0.560704 0.487470 0.459236 0.873776 0.653108 0.574494 0.549323 0.911656 0.762705 0.663068 0.335817 0.300003 0.261693 0.000000 0.244345 0.618278 0.534883 0.500888 0.584890 0.702496 0.790056 0.248014 0.291619 0.512500 0.530850 0.936813 0.902124 0.451363 0.432597 0.378866 0.405352 0.371779 0.460730 0.680062 0.958140 0.694940 0.952304 0.735111 0.960994 0.939754 0.980804 0.572128 0.580895 0.692415 0.593872 0.502305 0.533841 0.864209 0.707875 0.804778 0.697168 0.811050 0.903914 0.579123 0.725615 0.799419 0.777695 0.634562 0.631736 0.396664 0.465793 0.540056 0.586135 0.387970 0.395062 0.601959 0.564309 0.701355 0.580014 0.605812 0.673475 0.404214 0.531026 0.776210 0.680025 0.616544 0.655571 0.521509 0.597791 0.471066 0.386937 0.445762 0.517388 0.347157 0.276952 0.988900 0.829925 0.965630 0.590503 0.940264 0.925902 0.928005 0.851694 0.679518 0.740441 0.632390 0.730812 0.740948 0.671166 0.903217 0.901705 0.853867 0.933675 0.509989 0.635808 0.996671 0.934287 0.842526 0.734946 0.944822 0.722764 0.697046 0.781948 0.741968 0.997108
0.415821 0.499090 0.515132 0.455409 0.786175 0.500848 0.541912 0.521914 0.870946 0.719980 0.630529 0.251942 0.281004 0.296346 0.244345 0.000000 0.559966 0.483307 0.450025 0.562726 0.663713 0.708403 0.252373 0.251985 0.559135 0.538482 0.908876 0.824733 0.409300 0.393179 0.450501 0.468228 0.361017 0.427480 0.727808 0.993172 0.751489 0.913496 0.804267 0.937916 0.959821 0.890402 0.486036 0.477440 0.642324 0.530836 0.521829 0.450478 0.802309 0.578681 0.649981 0.551690 0.658605 0.674998 0.650718 0.743468 0.734312 0.695008 0.574764 0.558014 0.364776 0.436594 0.448316 0.484974 0.404913 0.360612 0.560344 0.525217 0.713612 0.483630 0.515932 0.529359 0.365796 0.408386 0.682427 0.617157 0.553518 0.594216 0.517547 0.509663 0.420245 0.332857 0.523124 0.531234 0.345080 0.265302 0.876454 0.863475 0.923395 0.626684 0.791803 0.881599 0.778074 0.986819 0.611205 0.657874 0.591329 0.690156 0.671370 0.576501 0.824094 0.741074 0.746205 0.870970 0.456948 0.570502 0.899854 0.980636 0.898435 0.741029 0.881476 0.637753 0.587159 0.699829 0.704632 0.899353
0.288804 0.209911 0.698718 0.723307 0.898549 0.909694 0.620282 0.561433 0.970780 0.614200 0.503037 0.378313 0.578269 0.651707 0.618278 0.559966 0.000000 0.210297 0.401522 0.386674 0.732812 0.792734 0.581142 0.704336 0.766156 0.800274 0.941751 0.857385 0.309244 0.319670 0.558814 0.512224 0.431164 0.387173 0.838863 0.783560 0.704888 0.665911 0.871211 0.818773 0.874265 0.614131 0.488881 0.444277 0.553296 0.480652 0.526716 0.409184 0.596895 0.554957 0.605808 0.664016 0.740413 0.826349 0.803367 0.922019 0.190788 0.244395 0.399881 0.469750 0.497016 0.577904 0.222527 0.238593 0.751082 0.711642 0.602437 0.504970 0.486035 0.379595 0.570933 0.535233 0.528548 0.527922 0.847567 0.646099 0.544375 0.417980 0.396370 0.518473 0.239182 0.429320 0.472991 0.550202 0.629133 0.694727 0.798916 0.833885 0.933114 0.830792 0.902343 0.934317 0.889266 0.944994 0.612146 0.722893 0.656012 0.640209 0.550494 0.502027 0.910348 0.779285 0.488569 0.557278 0.535789 0.531286 0.829998 0.828852 0.889298 0.699172 0.766882 0.589264 0.703840 0.780696 0.722544 0.917687
0.239392 0.249786 0.583175 0.611534 0.976526 0.860735 0.542220 0.491734 0.999853 0.583444 0.318733 0.300240 0.489975 0.484071 0.534883 0.483307 0.210297 0.000000 0.275528 0.235656 0.750552 0.772607 0.552756 0.606723 0.760761 0.698689 0.985187 0.856823 0.225565 0.205189 0.522643 0.449178 0.382502 0.290390 0.808934 0.928545 0.651407 0.724660 0.786940 0.738364 0.908890 0.713258 0.468742 0.395237 0.586551 0.468735 0.534864 0.407558 0.620871 0.569389 0.654831 0.683646 0.741253 0.851620 0.800705 0.910417 0.229877 0.241855 0.448345 0.471464 0.447042 0.550435 0.208646 0.236202 0.703923 0.632847 0.598441 0.461286 0.523629 0.440814 0.574394 0.562246 0.518025 0.477045 0.837751 0.578024 0.520015 0.409707 0.411325 0.395568 0.270421 0.297220 0.473085 0.527777 0.604917 0.621601 0.778951 0.899496 0.912187 0.755751 0.876610 0.894205 0.885648 0.993920 0.570218 0.671127 0.667461 0.738860 0.520794 0.472345 0.817089 0.710521 0.498582 0.553215 0.511758 0.539652 0.868762 0.867035 0.949053 0.756784 0.810552 0.562582 0.652906 0.741844 0.756102 0.961416
0.344269 0.424606 0.442615 0.425788 0.940296 0.726369 0.389733 0.392019 0.850456 0.495690 0.314031 0.420787 0.424787 0.461226 0.500888 0.450025 0.401522 0.275528 0.000000 0.278489 0.734156 0.719216 0.488375 0.481795 0.726799 0.655457 0.982506 0.902237 0.326084 0.299141 0.465761 0.391596 0.349001 0.292759 0.843718 0.826422 0.657073 0.893203 0.775121 0.789368 0.958119 0.792046 0.359215 0.339960 0.514518 0.427507 0.425985 0.409545 0.596278 0.575806 0.694970 0.677639 0.740686 0.874493 0.846153 0.858186 0.433519 0.476624 0.463771 0.534316 0.483415 0.611168 0.372866 0.481546 0.598789 0.552572 0.511364 0.503025 0.639366 0.537635 0.523243 0.514593 0.594876 0.547978 0.804176 0.556085 0.452269 0.499185 0.508790 0.416820 0.441068 0.404560 0.721128 0.625895 0.695629 0.639158 0.908327 0.944766 0.977664 0.834828 0.727484 0.753751 0.783866 0.812555 0.616037 0.551978 0.591873 0.734242 0.442993 0.387882 0.690636 0.618335 0.531512 0.505260 0.511856 0.597173 0.881107 0.851679 0.836101 0.891585 0.758516 0.507544 0.496590 0.696766 0.676629 0.829408
0.318897 0.366081 0.523732 0.522221 0.955059 0.803969 0.504316 0.408351 0.869997 0.474872 0.269456 0.406383 0.491688 0.506588 0.584890 0.562726 0.386674 0.235656 0.278489 0.000000 0.776940 0.784360 0.589622 0.608813 0.848077 0.742965 0.918811 0.873613 0.344999 0.289904 0.537452 0.431737 0.425100 0.309534 0.775108 0.877887 0.694456 0.793274 0.743227 0.841131 0.974165 0.849601 0.491152 0.426868 0.584802 0.506173 0.526979 0.438275 0.619273 0.600093 0.735641 0.741916 0.776117 0.942604 0.848312 0.889220 0.371993 0.361265 0.485574 0.517072 0.508555 0.559996 0.369398 0.389320 0.719236 0.632288 0.616290 0.529491 0.620584 0.480904 0.675510 0.625760 0.637311 0.612889 0.802752 0.615023 0.571221 0.538979 0.524764 0.457240 0.456439 0.385692 0.628017 0.642624 0.788000 0.713489 0.874030 0.929051 0.986985 0.724242 0.846496 0.857737 0.885370 0.940562 0.595003 0.647790 0.633572 0.759534 0.509264 0.472368 0.693212 0.665512 0.549307 0.515944 0.578194 0.620775 0.903509 0.869864 0.865943 0.830406 0.705661 0.581226 0.629721 0.758673 0.735363 0.882516
0.665165 0.743266 0.737899 0.669093 0.927808 0.833151 0.761253 0.746722 0.918711 0.957314 0.806763 0.660397 0.685001 0.654466 0.702496 0.663713 0.732812 0.750552 0.734156 0.776940 0.000000 0.799669 0.625953 0.640948 0.737874 0.766141 0.897591 0.884659 0.756963 0.716353 0.647713 0.752239 0.652356 0.647995 0.744679 0.985857 0.674590 0.851290 0.790744 0.852815 0.840681 0.978376 0.748332 0.778416 0.756098 0.711069 0.611019 0.692013 0.909885 0.801869 0.835507 0.815415 0.835937 0.938657 0.834934 0.835925 0.800054 0.808227 0.717768 0.662129 0.628327 0.672210 0.638604 0.718948 0.672830 0.648069 0.722966 0.687594 0.880668 0.734567 0.780721 0.760451 0.674814 0.761162 0.770680 0.752591 0.803022 0.769096 0.789512 0.768691 0.722967 0.675370 0.654584 0.645999 0.689049 0.654281 0.950564 0.871535 0.886242 0.742357 0.963002 0.975898 0.882881 0.929216 0.914331 0.704328 0.786070 0.904368 0.873354 0.727492 0.987925 0.978358 0.698938 0.810324 0.807754 0.739926 0.989737 0.915296 0.946605 0.902322 0.998276 0.917442 0.894327 0.785703 0.774408 0.883281
0.885569 0.852441 0.853180 0.825388 0.888738 0.831152 0.798701 0.784745 0.858086 0.844193 0.893859 0.801354 0.872057 0.782433 0.790056 0.708403 0.792734 0.772607 0.719216 0.784360 0.799669 0.000000 0.810802 0.760876 0.928013 0.874015 0.822014 0.760529 0.755036 0.823930 0.787373 0.710060 0.741120 0.720780 0.887794 0.967180 0.916586 0.835172 0.970910 0.911011 0.968167 0.976609 0.760471 0.753401 0.835106 0.796773 0.870379 0.823106 0.872599 0.896176 0.927536 0.886054 0.942360 0.940750 0.956123 0.939295 0.858913 0.868584 0.888189 0.897507 0.897437 0.962751 0.818412 0.855925 0.912842 0.856629 0.823553 0.859131 0.972588 0.872817 0.837099 0.794971 0.853974 0.802048 0.967064 0.947465 0.886796 0.760314 0.949963 0.777129 0.904280 0.898612 0.913539 0.940212 0.960837 0.894994 0.920531 0.935565 0.989595 0.992588 0.837889 0.909025 0.903967 0.912729 0.817796 0.836596 0.949876 0.863450 0.829413 0.737610 0.922136 0.910333 0.843238 0.664049 0.820485 0.845967 0.965240 0.973812 0.968656 0.862508 0.856796 0.883642 0.837684 0.780570 0.937551 0.924064
0.431592 0.541113 0.327929 0.312606 0.767358 0.580367 0.327898 0.350547 0.672778 0.542105 0.692576 0.389345 0.292867 0.419279 0.248014 0.252373 0.581142 0.552756 0.488375 0.589622 0.625953 0.810802 0.000000 0.237303 0.517465 0.455958 0.979933 0.958026 0.528038 0.462779 0.265906 0.396854 0.257597 0.357111 0.503779 0.804141 0.578951 0.850181 0.698235 0.891552 0.943111 0.937248 0.348510 0.377284 0.391237 0.348464 0.357514 0.350464 0.610299 0.453817 0.499634 0.418274 0.512582 0.626491 0.503257 0.598258 0.757256 0.736579 0.404992 0.433152 0.271051 0.331684 0.464529 0.492373 0.285489 0.286106 0.315151 0.333871 0.752102 0.492692 0.351070 0.388608 0.410194 0.449393 0.742740 0.669915 0.406254 0.632976 0.423647 0.546715 0.427584 0.414171 0.482873 0.550013 0.369448 0.311617 0.942694 0.965143 0.816392 0.611027 0.647886 0.788475 0.611118 0.910972 0.532677 0.637179 0.396827 0.619882 0.495962 0.454773 0.736525 0.714358 0.609427 0.756427 0.323516 0.405432 0.704925 0.836386 0.711906 0.740421 0.703993 0.552894 0.530853 0.658826 0.554683 0.835705
0.469113 0.648797 0.360197 0.319560 0.822493 0.614321 0.454308 0.436926 0.752527 0.686621 0.620595 0.405826 0.294291 0.332415 0.291619 0.251985 0.704336 0.606723 0.481795 0.608813 0.640948 0.760876 0.237303 0.000000 0.532484 0.463546 0.993646 0.889334 0.521444 0.468068 0.361318 0.414916 0.399417 0.429065 0.648876 0.943649 0.660159 0.880452 0.714565 0.876552 0.952671 0.992179 0.501872 0.534611 0.593066 0.514895 0.466671 0.500051 0.776425 0.606971 0.675766 0.581776 0.675646 0.729148 0.598695 0.635396 0.877452 0.862316 0.557664 0.573353 0.359305 0.437658 0.574548 0.624775 0.352412 0.304601 0.484124 0.483208 0.805898 0.621434 0.503097 0.561851 0.409199 0.523156 0.805428 0.735521 0.537515 0.686508 0.560178 0.541609 0.501649 0.412352 0.607318 0.598364 0.426462 0.323337 0.923235 0.795313 0.832454 0.638723 0.726781 0.846946 0.731632 0.944777 0.618783 0.763067 0.531042 0.676538 0.657350 0.584183 0.723286 0.799193 0.703166 0.825912 0.525618 0.634848 0.854549 0.915118 0.783020 0.730877 0.811323 0.668431 0.562063 0.657904 0.677608 0.883499
0.633435 0.796757 0.618346 0.743597 0.927811 0.839103 0.761220 0.868345 0.989591 0.938587 0.863322 0.673417 0.597840 0.623811 0.512500 0.559135 0.766156 0.760761 0.726799 0.848077 0.737874 0.928013 0.517465 0.532484 0.000000 0.460965 0.789783 0.945564 0.695770 0.660170 0.457591 0.510016 0.622840 0.713685 0.609488 0.915374 0.611164 0.844503 0.651212 0.827390 0.949283 0.919612 0.720349 0.717491 0.766874 0.716991 0.647642 0.660004 0.957893 0.907457 0.824196 0.808359 0.861772 0.999997 0.672284 0.815589 0.905738 0.928612 0.766057 0.748123 0.598162 0.737372 0.715770 0.786329 0.478890 0.614978 0.668168 0.718318 0.735599 0.700965 0.832897 0.879754 0.451031 0.645599 0.698842 0.966356 0.764203 0.892063 0.715739 0.675560 0.685359 0.681727 0.599519 0.769006 0.501823 0.483476 0.851894 0.974747 0.988749 0.789545 0.819484 0.714239 0.847876 0.762744 0.816595 0.880488 0.712859 0.965524 0.954579 0.979860 0.806258 0.978658 0.961675 0.897022 0.768169 0.830250 0.973037 0.981896 0.882020 0.783431 0.916567 0.879406 0.919585 0.872545 0.701446 0.910528
0.628336 0.779597 0.395999 0.451747 0.988648 0.636208 0.486887 0.592525 0.701740 0.751405 0.721294 0.618449 0.487006 0.582461 0.530850 0.538482 0.800274 0.698689 0.655457 0.742965 0.766141 0.874015 0.455958 0.463546 0.460965 0.000000 0.864920 0.991548 0.723929 0.625655 0.338527 0.491099 0.459235 0.509721 0.592015 0.867905 0.697475 0.895472 0.612828 0.570640 0.996256 0.921996 0.494178 0.454305 0.552822 0.503256 0.557968 0.505624 0.738502 0.588118 0.544071 0.508226 0.536970 0.647707 0.621093 0.662321 0.952739 0.894797 0.588760 0.589430 0.475263 0.569999 0.647137 0.735816 0.391565 0.403033 0.458140 0.466672 0.936910 0.729663 0.656355 0.512576 0.476829 0.458929 0.790962 0.845841 0.583345 0.837621 0.621000 0.509320 0.704503 0.568537 0.650017 0.700518 0.594311 0.450738 0.840708 0.882698 0.750189 0.641416 0.760862 0.918250 0.821607 0.820551 0.701362 0.841680 0.549635 0.820441 0.649610 0.643833 0.811219 0.675276 0.722427 0.764723 0.504110 0.710970 0.747416 0.788415 0.910057 0.756979 0.856822 0.740387 0.583772 0.798072 0.613585 0.841353
0.996395 0.849671 0.937262 0.978495 0.857077 0.838251 0.987224 0.878443 0.973171 0.932436 0.927884 0.945656 0.914133 0.980181 0.936813 0.908876 0.941751 0.985187 0.982506 0.918811 0.897591 0.822014 0.979933 0.993646 0.789783 0.864920 0.000000 0.868261 0.999644 0.934089 0.875144 0.992341 0.962183 0.917169 0.926072 0.720665 0.862659 0.828554 0.951690 0.855228 0.922481 0.969795 0.980237 0.959760 0.892876 0.950242 0.954778 0.970967 0.874808 0.896148 0.903379 0.921529 0.985870 0.924482 0.930736 0.925065 0.817174 0.812671 0.901669 0.895449 0.977620 0.933766 0.932428 0.841856 0.893223 0.897529 0.956678 0.912639 0.952111 0.853298 0.860070 0.905218 0.961170 0.928294 0.822516 0.981338 0.957558 0.888401 0.994769 0.818154 0.960384 0.852402 0.943433 0.951788 0.776935 0.788332 0.946054 0.847453 0.810392 0.933525 0.933753 0.985848 0.939955 0.922095 0.902498 0.989954 0.922263 0.674498 0.866408 0.904471 0.871057 0.853999 0.772869 0.776338 0.972950 0.836995 0.832516 0.881668 0.827104 0.972959 0.793585 0.911730 0.928070 0.919110 0.924308 0.882092
0.901803 0.899971 0.863412 0.879184 0.965424 0.655517 0.915529 0.906061 0.928783 0.885072 0.886051 0.857495 0.973763 0.917911 0.902124 0.824733 0.857385 0.856823 0.902237 0.873613 0.884659 0.760529 0.958026 0.889334 0.945564 0.991548 0.868261 0.000000 0.854352 0.915189 0.941821 0.982951 0.977906 0.977820 0.984683 0.879983 0.856135 0.860074 0.954927 0.969797 0.882429 0.967027 0.972176 0.977473 0.863483 0.933041 0.900147 0.982591 0.864255 0.929363 0.901219 0.938876 0.971297 0.969309 0.859524 0.836808 0.861729 0.860373 0.957895 0.990609 0.959323 0.923249 0.873653 0.886645 0.869050 0.852545 0.886334 0.910978 0.823313 0.990116 0.982401 0.967718 0.955720 0.941504 0.931234 0.969886 0.996655 0.877714 0.956512 0.853032 0.871851 0.900803 0.986482 0.935822 0.987258 0.944176 0.764238 0.984100 0.804274 0.923828 0.943971 0.904464 0.885588 0.947739 0.941577 0.786012 0.952695 0.978956 0.954012 0.988577 0.737145 0.992418 0.983336 0.906189 0.957132 0.985113 0.873967 0.706604 0.853410 0.949746 0.847612 0.945259 0.925695 0.972553 0.943150 0.900297
0.297432 0.291007 0.671144 0.610748 0.903297 0.846705 0.668814 0.588079 0.906046 0.720686 0.450112 0.295291 0.458981 0.395602 0.451363 0.409300 0.309244 0.225565 0.326084 0.344999 0.756963 0.755036 0.528038 0.521444 0.695770 0.723929 0.999644 0.854352 0.000000 0.218112 0.540352 0.491252 0.451800 0.353778 0.818961 0.964833 0.617900 0.770726 0.762738 0.829023 0.866463 0.782834 0.578704 0.510712 0.685312 0.574529 0.574821 0.468313 0.681138 0.648461 0.769481 0.762550 0.855833 0.945873 0.710489 0.837350 0.348505 0.358192 0.571870 0.511532 0.469531 0.540842 0.305580 0.310689 0.666672 0.588033 0.691477 0.576899 0.530799 0.403372 0.634524 0.649010 0.497714 0.521309 0.781491 0.663885 0.540243 0.449555 0.581827 0.475597 0.309837 0.317274 0.492761 0.421263 0.505021 0.528065 0.798433 0.988725 0.962187 0.593611 0.997894 0.989835 0.984180 0.875392 0.617152 0.737752 0.747966 0.744203 0.652875 0.566341 0.892860 0.874965 0.690513 0.670232 0.621565 0.641155 0.973791 0.969725 0.947253 0.700629 0.827999 0.590652 0.726819 0.683636 0.805781 0.963865
0.265622 0.306627 0.562029 0.569241 0.941046 0.834837 0.576891 0.521370 0.942993 0.626918 0.380951 0.268874 0.425332 0.405228 0.432597 0.393179 0.319670 0.205189 0.299141 0.289904 0.716353 0.823930 0.462779 0.468068 0.660170 0.625655 0.934089 0.915189 0.218112 0.000000 0.426671 0.404264 0.360810 0.273741 0.749627 0.848645 0.589763 0.714403 0.671313 0.883745 0.906402 0.838263 0.516394 0.424831 0.612695 0.500099 0.516271 0.407763 0.675259 0.573281 0.710819 0.678541 0.763545 0.870835 0.681748 0.838432 0.373367 0.354629 0.545660 0.500681 0.428700 0.494863 0.293467 0.289352 0.634001 0.563752 0.609747 0.494424 0.469085 0.391779 0.580051 0.587927 0.417348 0.388636 0.783794 0.591815 0.574449 0.472998 0.486844 0.449685 0.314340 0.270123 0.494690 0.408853 0.578039 0.556727 0.875967 0.994110 0.911427 0.663847 0.960493 0.984351 0.985501 0.867367 0.536782 0.688988 0.599709 0.689562 0.590847 0.520682 0.787428 0.741793 0.560939 0.660857 0.580035 0.574832 0.910988 0.951479 0.910252 0.706376 0.777253 0.602190 0.642557 0.768950 0.774277 0.899031
0.408138 0.511513 0.291332 0.320824 0.894599 0.686623 0.326379 0.384951 0.659112 0.574819 0.586485 0.476816 0.441305 0.505742 0.378866 0.450501 0.558814 0.522643 0.465761 0.537452 0.647713 0.787373 0.265906 0.361318 0.457591 0.338527 0.875144 0.941821 0.540352 0.426671 0.000000 0.305532 0.245406 0.300587 0.457396 0.695760 0.540061 0.678718 0.626759 0.817330 0.954881 0.894811 0.332143 0.313012 0.311555 0.286802 0.322972 0.313001 0.525814 0.471387 0.449184 0.422388 0.487025 0.674084 0.566284 0.639551 0.679215 0.670857 0.400955 0.399316 0.316919 0.401608 0.449568 0.499175 0.367304 0.357337 0.266589 0.292710 0.765102 0.497156 0.397231 0.389717 0.381681 0.375967 0.703819 0.735928 0.430254 0.597536 0.427781 0.471215 0.476062 0.510100 0.495039 0.567326 0.571815 0.474572 0.868196 0.962077 0.857644 0.622274 0.744479 0.911203 0.757595 0.910386 0.591227 0.683782 0.366867 0.704931 0.474231 0.491012 0.681393 0.663705 0.561179 0.614384 0.409576 0.476216 0.662776 0.725120 0.769050 0.753180 0.634459 0.614872 0.511440 0.658475 0.459146 0.879566
0.463731 0.610289 0.431124 0.453988 0.953801 0.734752 0.463917 0.488583 0.781549 0.539951 0.564788 0.487131 0.523991 0.564654 0.405352 0.468228 0.512224 0.449178 0.391596 0.431737 0.752239 0.710060 0.396854 0.414916 0.510016 0.491099 0.992341 0.982951 0.491252 0.404264 0.305532 0.000000 0.340806 0.378788 0.650732 0.862260 0.656354 0.858687 0.645835 0.863557 0.959046 0.842528 0.443111 0.431022 0.538595 0.516007 0.514237 0.437405 0.706890 0.736203 0.767665 0.743679 0.808326 0.986151 0.762008 0.792585 0.639004 0.704111 0.603428 0.674993 0.544144 0.676195 0.538721 0.600427 0.584766 0.570171 0.524552 0.556867 0.706668 0.591937 0.610468 0.571705 0.477035 0.504375 0.671582 0.827292 0.594972 0.597365 0.534367 0.525180 0.544348 0.498717 0.676290 0.687418 0.691490 0.598538 0.997708 0.970947 0.998572 0.787913 0.847894 0.963548 0.911518 0.997163 0.696277 0.721489 0.524666 0.793870 0.579128 0.538588 0.776120 0.749985 0.663652 0.617564 0.614156 0.652591 0.913263 0.856454 0.915832 0.775455 0.708335 0.650129 0.559750 0.748415 0.610627 0.846432
0.354475 0.436013 0.341912 0.339582 0.897232 0.669070 0.299393 0.319534 0.725905 0.477129 0.520957 0.388636 0.387231 0.462988 0.371779 0.361017 0.431164 0.382502 0.349001 0.425100 0.652356 0.741120 0.257597 0.399417 0.622840 0.459235 0.962183 0.977906 0.451800 0.360810 0.245406 0.340806 0.000000 0.250736 0.608371 0.686704 0.571922 0.735568 0.726091 0.802150 0.957878 0.792352 0.266619 0.240681 0.322977 0.269628 0.308465 0.290355 0.523011 0.422242 0.442173 0.400915 0.489495 0.630282 0.595351 0.597891 0.550438 0.518759 0.361058 0.369384 0.304760 0.356407 0.349300 0.405934 0.372420 0.345238 0.273875 0.279241 0.741065 0.431595 0.339354 0.338729 0.460643 0.389339 0.790090 0.645404 0.340940 0.548860 0.345209 0.460432 0.403448 0.403455 0.487953 0.560840 0.511480 0.435254 0.978356 0.913630 0.940514 0.682010 0.613166 0.736539 0.618309 0.840204 0.560721 0.576710 0.390297 0.624687 0.368977 0.348642 0.620299 0.576536 0.531063 0.565677 0.315653 0.353278 0.726771 0.672735 0.846555 0.718316 0.631444 0.514988 0.431183 0.652273 0.483879 0.850980
0.316807 0.384592 0.365729 0.354404 0.923221 0.650012 0.293313 0.304176 0.685125 0.412973 0.432504 0.372506 0.437753 0.506415 0.460730 0.427480 0.387173 0.290390 0.292759 0.309534 0.647995 0.720780 0.357111 0.429065 0.713685 0.509721 0.917169 0.977820 0.353778 0.273741 0.300587 0.378788 0.250736 0.000000 0.576941 0.766174 0.573828 0.698333 0.750293 0.785272 0.945934 0.869205 0.283295 0.223920 0.330882 0.266709 0.349871 0.300122 0.447331 0.394350 0.470367 0.437777 0.496598 0.670110 0.626369 0.646297 0.463971 0.472503 0.355345 0.384143 0.332962 0.415338 0.319499 0.367711 0.472033 0.404892 0.334641 0.294787 0.739778 0.432150 0.442058 0.417936 0.530399 0.444814 0.776639 0.595937 0.392061 0.518196 0.397603 0.382609 0.374511 0.365573 0.574593 0.521232 0.584735 0.552138 0.910167 0.855271 0.987163 0.719502 0.668399 0.718307 0.679708 0.797020 0.487875 0.626043 0.477363 0.641502 0.357971 0.339968 0.640226 0.602616 0.468287 0.449526 0.375769 0.427251 0.687684 0.690406 0.837707 0.762319 0.648131 0.438811 0.447800 0.653264 0.489558 0.861713
0.639632 0.741681 0.532294 0.605129 0.913393 0.689275 0.542502 0.629868 0.706753 0.782810 0.874131 0.755393 0.641473 0.846215 0.680062 0.727808 0.838863 0.808934 0.843718 0.775108 0.744679 0.887794 0.503779 0.648876 0.609488 0.592015 0.926072 0.984683 0.818961 0.749627 0.457396 0.650732 0.608371 0.576941 0.000000 0.806350 0.614346 0.681499 0.773268 0.862503 0.950281 0.844833 0.590986 0.606055 0.473537 0.524098 0.661701 0.577446 0.706662 0.559521 0.556709 0.534476 0.579809 0.695602 0.649136 0.703089 0.864590 0.800807 0.572852 0.528247 0.527455 0.601946 0.645281 0.660935 0.625463 0.628623 0.486807 0.485152 0.865008 0.694873 0.570520 0.611504 0.695519 0.662275 0.840417 0.907919 0.702615 0.803984 0.650364 0.731622 0.687722 0.782862 0.756532 0.926646 0.725471 0.708493 0.826072 0.834608 0.831988 0.822984 0.797749 0.929094 0.721951 0.865741 0.601301 0.819781 0.563265 0.813890 0.596478 0.721903 0.833326 0.859083 0.787486 0.774951 0.554346 0.591860 0.742742 0.713799 0.660593 0.797672 0.635791 0.735027 0.789026 0.816332 0.707792 0.774251
0.852617 0.730052 0.781264 0.739856 0.969171 0.999697 0.657685 0.643716 0.687160 0.621201 0.940804 0.986431 0.935523 0.948992 0.958140 0.993172 0.783560 0.928545 0.826422 0.877887 0.985857 0.967180 0.804141 0.943649 0.915374 0.867905 0.720665 0.879983 0.964833 0.848645 0.695760 0.862260 0.686704 0.766174 0.806350 0.000000 0.934303 0.571081 0.945654 0.912352 0.958482 0.871575 0.618336 0.622175 0.500673 0.604639 0.694925 0.658754 0.570758 0.574167 0.604201 0.613237 0.688372 0.693015 0.917918 0.851683 0.768732 0.742409 0.612073 0.664341 0.800145 0.740645 0.788169 0.732990 0.880636 0.848200 0.543465 0.601008 0.916249 0.689014 0.548848 0.485342 0.918771 0.807463 0.983910 0.963074 0.657546 0.713498 0.723695 0.941454 0.833890 0.977749 0.893552 0.844091 0.885927 0.965040 0.955374 0.945533 0.938656 0.974091 0.625995 0.677003 0.653125 0.704963 0.785515 0.743242 0.622812 0.639522 0.574752 0.577083 0.601923 0.571041 0.630847 0.673908 0.716502 0.655439 0.608569 0.695607 0.733526 0.986947 0.514868 0.748780 0.661923 0.742337 0.630475 0.744777
0.544858 0.661376 0.622152 0.655799 0.897612 0.996888 0.672987 0.696580 0.949605 0.878271 0.755359 0.662849 0.647486 0.714299 0.694940 0.751489 0.704888 0.651407 0.657073 0.694456 0.674590 0.916586 0.578951 0.660159 0.611164 0.697475 0.862659 0.856135 0.617900 0.589763 0.540061 0.656354 0.571922 0.573828 0.614346 0.934303 0.000000 0.785746 0.633455 0.820453 0.901594 0.942540 0.692490 0.650777 0.633861 0.620338 0.613733 0.571547 0.792042 0.694757 0.708372 0.738996 0.786441 0.925419 0.795185 0.835903 0.682845 0.698431 0.663756 0.586778 0.558477 0.607916 0.597889 0.616123 0.625031 0.650936 0.633575 0.569678 0.846667 0.654082 0.706604 0.779294 0.644026 0.636304 0.838470 0.855258 0.572298 0.782142 0.679960 0.816606 0.664877 0.721187 0.732752 0.799901 0.703755 0.719860 0.981779 0.787771 0.910387 0.770715 0.996159 0.975288 0.912839 0.928622 0.715810 0.743186 0.729231 0.905187 0.738734 0.722443 0.998137 0.980677 0.695564 0.789031 0.618261 0.679073 0.915520 0.810025 0.821530 0.818968 0.831890 0.684637 0.786516 0.887363 0.707714 0.814442
0.660743 0.599708 0.773195 0.868770 0.982478 0.843002 0.787535 0.774710 0.847270 0.865448 0.847090 0.787433 0.831513 0.933957 0.952304 0.913496 0.665911 0.724660 0.893203 0.793274 0.851290 0.835172 0.850181 0.880452 0.844503 0.895472 0.828554 0.860074 0.770726 0.714403 0.678718 0.858687 0.735568 0.698333 0.681499 0.571081 0.785746 0.000000 0.867115 0.994143 0.834938 0.971329 0.741329 0.690775 0.592388 0.596494 0.711029 0.695852 0.691575 0.581007 0.536763 0.603972 0.645447 0.659008 0.784642 0.785993 0.635009 0.595231 0.663977 0.591146 0.650715 0.681463 0.565974 0.564003 0.804339 0.795941 0.632874 0.579267 0.863216 0.647070 0.683318 0.696373 0.715127 0.687143 0.900758 0.965904 0.881824 0.655958 0.789486 0.895914 0.697772 0.855969 0.704856 0.867744 0.895704 0.894894 0.911114 0.936463 0.951098 0.948616 0.924825 0.937907 0.868417 0.962027 0.802118 0.859062 0.786630 0.802296 0.735733 0.796967 0.780955 0.752111 0.679595 0.832112 0.788161 0.675526 0.740415 0.767864 0.977044 0.888224 0.603617 0.801536 0.898848 0.832341 0.701372 0.830114
