0.000000 0.313461 0.882507 0.911889 0.850848 0.811554 0.974590 0.640063 0.723821 0.642575 0.402293 0.322027 0.479548 0.430485 0.596141 0.650945 0.359914 0.340924 0.338641 0.292281 0.793574 0.966287 0.528155 0.658209 0.985679 0.630161 0.794994 0.848682 0.415845 0.472844 0.837261 0.843137 0.664401 0.757488 0.896026 0.796888 0.670495 0.976141 0.803734 0.796281 0.884778 0.792729 0.863192 0.814114 0.891082 0.693238 0.616716 0.691453 0.501129 0.617221 0.901428 0.982221 0.922971 0.686041 0.794915 0.900279 0.290338 0.386818 0.514601 0.636458 0.843754 0.726445 0.464826 0.376144 0.792402 0.750050 0.856623 0.778406 0.461511 0.525167 0.848235 0.946208 0.827012 0.977039 0.934274 0.890786 0.763421 0.999398 0.843899 0.704279 0.416323 0.337344 0.458999 0.544407 0.352986 0.609434 0.994629 0.602209 0.751383 0.483522 0.762778 0.614568 0.662900 0.530408 0.953673 0.941026 0.863826 0.843057 0.893090 0.901789 0.862986 0.705477 0.920307 0.915699 0.972667 0.919367 0.972707 0.666898 0.787731 0.912468 0.943740 0.857028 0.809532 0.972622 0.961608 0.851381
0.313461 0.000000 0.623986 0.874053 0.924225 0.691334 0.775662 0.746508 0.586128 0.710264 0.613409 0.368137 0.683388 0.500563 0.749179 0.700193 0.372420 0.363973 0.473711 0.335636 0.960002 0.979137 0.665680 0.727083 0.916054 0.593450 0.812220 0.704449 0.466899 0.505453 0.943918 0.969101 0.878687 0.854131 0.707896 0.821766 0.792573 0.836724 0.821616 0.740611 0.913595 0.866909 0.988842 0.863073 0.870580 0.650532 0.711024 0.829233 0.327455 0.522674 0.987351 0.949630 0.824861 0.550671 0.854568 0.949164 0.256668 0.233938 0.760415 0.718032 0.921338 0.726036 0.674985 0.474123 0.605901 0.639969 0.617827 0.656103 0.576571 0.485019 0.877105 0.772685 0.943117 0.785263 0.977881 0.956083 0.889995 0.884927 0.821129 0.713532 0.442978 0.336782 0.401679 0.446932 0.407480 0.618426 0.942537 0.558934 0.955543 0.607049 0.501763 0.448623 0.479601 0.383639 0.849551 0.953167 0.958331 0.822522 0.908025 0.897834 0.723479 0.533072 0.889199 0.873368 0.808932 0.823045 0.867575 0.563142 0.827905 0.987531 0.917101 0.995396 0.845612 0.959526 0.794998 0.843030
0.882507 0.623986 0.000000 0.422839 0.962856 0.509737 0.308458 0.574847 0.707873 0.842434 0.831118 0.909416 0.691890 0.928035 0.829946 0.971971 0.925876 0.852345 0.946035 0.821101 0.810418 0.982691 0.893367 0.988359 0.890417 0.540964 0.752789 0.850426 0.961028 0.990185 0.473902 0.525838 0.486932 0.588845 0.469832 0.835927 0.895766 0.723054 0.888204 0.849652 0.971210 0.906645 0.457829 0.535350 0.553987 0.728708 0.597075 0.538236 0.735791 0.969095 0.512293 0.549300 0.515662 0.375972 0.750799 0.860558 0.756038 0.580257 0.775559 0.989548 0.396798 0.868273 0.720373 0.911460 0.372190 0.522191 0.253023 0.338012 0.735182 0.859797 0.588410 0.558658 0.630343 0.511120 0.800339 0.959222 0.689921 0.596566 0.935030 0.969781 0.986035 0.787489 0.766483 0.824702 0.890814 0.924064 0.982470 0.948379 0.790369 0.974302 0.439220 0.575955 0.558421 0.622697 0.716565 0.867884 0.657132 0.885039 0.502670 0.444543 0.528829 0.526728 0.489093 0.511816 0.522521 0.497291 0.979420 0.749616 0.835112 0.669444 0.699152 0.589350 0.671941 0.672021 0.463700 0.950991
0.911889 0.874053 0.422839 0.000000 0.912743 0.586451 0.361722 0.382747 0.769777 0.679777 0.712967 0.770212 0.595526 0.694765 0.696404 0.719044 0.928009 0.985928 0.842687 0.940155 0.754204 0.867388 0.754270 0.761270 0.942455 0.633766 0.802743 0.947279 0.851508 0.841733 0.399482 0.537998 0.517282 0.593877 0.644136 0.999628 0.812217 0.731205 0.796949 0.998696 0.951159 0.939780 0.421179 0.472395 0.514441 0.597029 0.582645 0.536487 0.983427 0.781330 0.461717 0.468346 0.583936 0.521217 0.764331 0.941583 0.857442 0.744094 0.663918 0.799912 0.383978 0.597629 0.594579 0.742248 0.498264 0.438736 0.376261 0.425556 0.794449 0.942375 0.605435 0.505397 0.590152 0.528020 0.665298 0.963866 0.479597 0.579945 0.837880 0.906413 0.878102 0.955480 0.932174 0.903941 0.906909 0.807457 0.971939 0.949298 0.886845 0.760481 0.546144 0.691608 0.672065 0.783046 0.713194 0.795251 0.678776 0.869040 0.465113 0.445674 0.556985 0.571236 0.492568 0.621428 0.555446 0.520260 0.908702 0.802486 0.808994 0.747753 0.671516 0.544149 0.675575 0.780623 0.656719 0.849240
0.850848 0.924225 0.962856 0.912743 0.000000 0.927741 0.942614 0.906922 0.866767 0.953800 0.893734 0.837600 0.815437 0.766993 0.722998 0.733369 0.970037 0.969718 0.864599 0.870248 0.872619 0.958769 0.708601 0.654046 0.972433 0.838005 0.798151 0.781827 0.960197 0.923282 0.929506 0.921155 0.922907 0.958119 0.958402 0.915797 0.879128 0.883546 0.964417 0.971914 0.944347 0.923624 0.899814 0.911541 0.935897 0.955204 0.928052 0.851532 0.796727 0.803379 0.817228 0.831977 0.790462 0.973776 0.793011 0.875245 0.927986 0.935280 0.929827 0.959253 0.960263 0.724884 0.982093 0.977435 0.973676 0.939916 0.987310 0.927108 0.856125 0.919900 0.992774 0.956649 0.908993 0.962105 0.924875 0.940088 0.965406 0.814756 0.815481 0.953233 0.996363 0.995539 0.844464 0.905864 0.725121 0.825893 0.863455 0.762328 0.798841 0.924017 0.914469 0.906865 0.993524 0.951964 0.941526 0.973785 0.966088 0.976698 0.964020 0.884711 0.919927 0.925199 0.878839 0.999664 0.843187 0.967936 0.835208 0.983085 0.879017 0.781041 0.966411 0.893274 0.947162 0.930749 0.904354 0.848362
0.811554 0.691334 0.509737 0.586451 0.927741 0.000000 0.487732 0.689812 0.691144 0.829236 0.924343 0.865499 0.903110 0.975182 0.856351 0.897295 0.879100 0.863490 0.937819 0.825797 0.758568 0.939880 0.959594 0.981174 0.863879 0.642835 0.740704 0.931321 0.864725 0.969934 0.657253 0.652671 0.700412 0.769753 0.681415 0.991861 0.976114 0.855200 0.816009 0.969805 0.993915 0.903627 0.529803 0.634418 0.697506 0.838094 0.790299 0.704126 0.828687 0.968529 0.590570 0.625320 0.627221 0.510959 0.809377 0.788263 0.700902 0.548461 0.915502 0.974176 0.592573 0.891606 0.838596 0.986876 0.585828 0.518446 0.518120 0.535981 0.631413 0.743566 0.657324 0.639413 0.841951 0.651576 0.724366 0.775440 0.738290 0.747527 0.880653 0.824135 0.979665 0.831200 0.876409 0.823092 0.869417 0.896105 0.857626 0.859508 0.988984 0.974608 0.600821 0.640219 0.681580 0.700263 0.852746 0.924974 0.752310 0.830096 0.700209 0.581423 0.682075 0.690448 0.695910 0.775611 0.701818 0.712774 0.991118 0.804284 0.868024 0.947993 0.838726 0.701602 0.827426 0.850170 0.610300 0.956121
0.974590 0.775662 0.308458 0.361722 0.942614 0.487732 0.000000 0.421322 0.691808 0.602829 0.694664 0.937973 0.539340 0.757491 0.663160 0.756541 0.917392 0.941086 0.726034 0.935725 0.684627 0.950701 0.751265 0.915521 0.891881 0.659421 0.846482 0.959398 0.832192 0.750988 0.312767 0.385197 0.387343 0.435823 0.587231 0.913351 0.884284 0.683026 0.766096 0.917240 0.994639 0.958195 0.305632 0.380034 0.413380 0.569012 0.551897 0.444387 0.920561 0.832171 0.370890 0.412357 0.442379 0.335650 0.760417 0.818396 0.833131 0.647558 0.746170 0.999144 0.312493 0.809487 0.543423 0.733761 0.541345 0.533732 0.261830 0.343058 0.734724 0.873857 0.439369 0.403269 0.468050 0.391586 0.747559 0.836290 0.519004 0.465700 0.704476 0.742998 0.808649 0.910282 0.958802 0.937853 0.977246 0.973252 0.940059 0.992344 0.892262 0.924150 0.467041 0.581968 0.635122 0.688880 0.758330 0.656538 0.653601 0.787122 0.410989 0.334985 0.431064 0.470428 0.441492 0.433393 0.553508 0.476730 0.967398 0.763503 0.734454 0.742956 0.681017 0.524243 0.617274 0.653894 0.552132 0.898302
0.640063 0.746508 0.574847 0.382747 0.906922 0.689812 0.421322 0.000000 0.913816 0.480416 0.595117 0.501277 0.417346 0.407963 0.584792 0.563401 0.708648 0.750305 0.609069 0.723506 0.769869 0.952894 0.606906 0.722479 0.921529 0.849650 0.914993 0.780000 0.619227 0.657161 0.495074 0.495988 0.484379 0.501201 0.731103 0.887937 0.813451 0.821713 0.748195 0.984521 0.857690 0.990488 0.325251 0.359552 0.361189 0.366934 0.417462 0.386969 0.607940 0.457549 0.392848 0.410793 0.621988 0.682450 0.728497 0.897121 0.817202 0.918989 0.496385 0.656462 0.358703 0.391596 0.442737 0.501118 0.631333 0.569111 0.518381 0.541329 0.920906 0.798469 0.629514 0.651227 0.602376 0.617781 0.704046 0.871902 0.481908 0.645647 0.857093 0.780561 0.653802 0.822725 0.792588 0.915655 0.649797 0.670460 0.982228 0.780595 0.851354 0.640521 0.740346 0.889620 0.837938 0.986407 0.701534 0.735638 0.708095 0.871784 0.426539 0.371431 0.581940 0.797567 0.518991 0.656879 0.603740 0.633082 0.872057 0.939184 0.664309 0.766149 0.651681 0.473207 0.577456 0.707746 0.703019 0.781215
0.723821 0.586128 0.707873 0.769777 0.866767 0.691144 0.691808 0.913816 0.000000 0.914107 0.855880 0.764704 0.960736 0.821131 0.876812 0.977449 0.729722 0.652357 0.856390 0.660730 0.894432 0.974912 0.961702 0.918992 0.997972 0.819009 0.982144 0.992934 0.706874 0.805419 0.888283 0.911376 0.926622 0.919483 0.670712 0.991444 0.955484 0.804688 0.820155 0.860340 0.917944 0.959258 0.844998 0.968542 0.913055 0.948748 0.973955 0.910498 0.752245 0.995684 0.781570 0.683309 0.695683 0.609388 0.963743 0.993205 0.613406 0.534096 0.972437 0.893902 0.858642 0.953278 0.851974 0.761113 0.640188 0.753748 0.640171 0.785746 0.779215 0.785971 0.784049 0.656667 0.766398 0.661460 0.900086 0.916865 0.698016 0.865783 0.886106 0.873458 0.729212 0.600392 0.663524 0.620308 0.741265 0.867278 0.725560 0.775270 0.799682 0.865703 0.492789 0.415748 0.448900 0.499531 0.730196 0.861578 0.779655 0.735619 0.665379 0.675265 0.603922 0.689797 0.759153 0.699601 0.810989 0.740368 0.796504 0.652966 0.930336 0.882655 0.872761 0.724549 0.886994 0.829876 0.867920 0.846683
0.642575 0.710264 0.842434 0.679777 0.953800 0.829236 0.602829 0.480416 0.914107 0.000000 0.473274 0.544181 0.535021 0.549469 0.405403 0.460764 0.509977 0.544847 0.520884 0.655928 0.794999 0.955248 0.422758 0.615618 0.992949 0.934293 0.954484 0.955754 0.488158 0.436039 0.531304 0.566851 0.512063 0.553865 0.907297 0.802113 0.796772 0.961622 0.908434 0.876498 0.984697 0.869630 0.594052 0.580235 0.560859 0.467422 0.579979 0.537884 0.568824 0.496718 0.620645 0.624345 0.804078 0.919846 0.973098 0.982937 0.748021 0.838486 0.647771 0.962230 0.728025 0.643823 0.498057 0.450633 0.962474 0.976014 0.800925 0.889563 0.936375 0.783954 0.652076 0.720618 0.677529 0.657488 0.751867 0.906783 0.603419 0.671678 0.740672 0.563855 0.486154 0.636206 0.612582 0.724797 0.623125 0.673595 0.927965 0.834298 0.969555 0.698683 0.989446 0.958131 0.968358 0.819547 0.914587 0.855663 0.742948 0.863408 0.726638 0.631324 0.819004 0.996428 0.723133 0.613525 0.771197 0.751733 0.914314 0.969404 0.572643 0.964770 0.843093 0.735927 0.798311 0.802019 0.914697 0.671212
0.402293 0.613409 0.831118 0.712967 0.893734 0.924343 0.694664 0.595117 0.855880 0.473274 0.000000 0.450014 0.397006 0.464709 0.455549 0.508453 0.380219 0.358786 0.358790 0.511804 0.677221 0.910839 0.487481 0.612303 0.903372 0.890971 0.868459 0.992244 0.416138 0.362948 0.566618 0.624202 0.448506 0.558789 0.933276 0.930286 0.677066 0.936318 0.834423 0.904518 0.862325 0.858325 0.676730 0.636731 0.810404 0.660488 0.545782 0.617806 0.722182 0.728737 0.786267 0.856207 0.967079 0.924293 0.879934 0.953567 0.589326 0.718828 0.531535 0.732521 0.630649 0.823772 0.316913 0.314846 0.988797 0.958641 0.848145 0.957318 0.793724 0.802408 0.661135 0.698638 0.618861 0.727077 0.830277 0.917992 0.693822 0.733274 0.707195 0.525089 0.415889 0.423705 0.560573 0.683450 0.515304 0.557366 0.928853 0.666909 0.828285 0.603961 0.910920 0.754025 0.762506 0.645993 0.966240 0.857950 0.753673 0.759404 0.835030 0.771173 0.975582 0.918487 0.732739 0.694461 0.826218 0.806844 0.893198 0.747214 0.730463 0.823394 0.957836 0.805633 0.807219 0.912586 0.840639 0.818240
0.322027 0.368137 0.909416 0.770212 0.837600 0.865499 0.937973 0.501277 0.764704 0.544181 0.450014 0.000000 0.424541 0.265157 0.461899 0.415883 0.393154 0.412173 0.400459 0.355760 0.889762 0.938530 0.396650 0.435477 0.910660 0.657444 0.816603 0.784172 0.397123 0.452365 0.783409 0.799008 0.692217 0.691832 0.854976 0.723554 0.715691 0.966260 0.908727 0.789738 0.946612 0.873432 0.765081 0.742073 0.768182 0.566395 0.609291 0.646831 0.363787 0.479482 0.799045 0.873158 0.958308 0.715927 0.883519 0.881085 0.445172 0.472253 0.572264 0.620938 0.786506 0.464188 0.475004 0.358755 0.890909 0.993539 0.903250 0.869953 0.625800 0.597590 0.872874 0.892914 0.845418 0.971280 0.880880 0.977432 0.729212 0.979951 0.870756 0.765744 0.504397 0.435645 0.484551 0.647507 0.308519 0.379127 0.928972 0.486376 0.825803 0.503019 0.740070 0.599984 0.656882 0.501205 0.983670 0.854229 0.984170 0.813522 0.874024 0.854761 0.914747 0.712902 0.988146 0.945601 0.962284 0.985009 0.808257 0.677537 0.805690 0.901461 0.883638 0.869444 0.878565 0.939657 0.954596 0.750352
0.479548 0.683388 0.691890 0.595526 0.815437 0.903110 0.539340 0.417346 0.960736 0.535021 0.397006 0.424541 0.000000 0.343804 0.346715 0.406130 0.532611 0.556098 0.395134 0.587080 0.831219 0.942714 0.401795 0.626674 0.980465 0.885419 0.943744 0.962952 0.478426 0.449874 0.520157 0.549876 0.432404 0.542166 0.836104 0.974258 0.761857 0.951640 0.801627 0.967646 0.949282 0.928953 0.441727 0.464489 0.563764 0.495689 0.404924 0.405341 0.633546 0.546243 0.489797 0.550043 0.671508 0.818594 0.665146 0.965628 0.622335 0.781542 0.476802 0.709781 0.474172 0.603691 0.380386 0.377383 0.792331 0.881022 0.652897 0.772710 0.817060 0.829663 0.586339 0.673024 0.598886 0.680069 0.830177 0.890280 0.581877 0.640596 0.733418 0.768484 0.611680 0.659353 0.567591 0.826636 0.544672 0.657856 0.814209 0.675827 0.701102 0.633043 0.870768 0.961542 0.991621 0.800274 0.874937 0.767783 0.725851 0.897934 0.540833 0.503750 0.731910 0.900931 0.574556 0.622015 0.615764 0.667759 0.905616 0.905383 0.826157 0.666981 0.686380 0.594463 0.649072 0.741336 0.683188 0.867028
0.430485 0.500563 0.928035 0.694765 0.766993 0.975182 0.757491 0.407963 0.821131 0.549469 0.464709 0.265157 0.343804 0.000000 0.419762 0.360309 0.504598 0.495532 0.403731 0.449742 0.829263 0.982814 0.384310 0.418686 0.939525 0.694982 0.886880 0.812161 0.404413 0.441042 0.679327 0.618303 0.587852 0.577876 0.937222 0.831821 0.796718 0.959798 0.849605 0.784261 0.880797 0.927169 0.536473 0.546349 0.593196 0.483515 0.509689 0.522425 0.404366 0.448723 0.562736 0.689413 0.844180 0.942802 0.716571 0.982257 0.585651 0.664975 0.617393 0.697554 0.635328 0.433529 0.433957 0.386522 0.973685 0.825546 0.907207 0.947123 0.798684 0.726220 0.761497 0.849862 0.717219 0.800326 0.782378 0.870754 0.720001 0.859157 0.853001 0.742355 0.561275 0.556821 0.513172 0.765122 0.365116 0.363037 0.896572 0.509238 0.883313 0.518313 0.866993 0.692016 0.726920 0.574119 0.966660 0.813361 0.990352 0.856072 0.782628 0.657237 0.935517 0.903592 0.860931 0.875856 0.887553 0.922313 0.802194 0.781005 0.837600 0.816376 0.881204 0.737667 0.780648 0.953717 0.940625 0.748496
0.596141 0.749179 0.829946 0.696404 0.722998 0.856351 0.663160 0.584792 0.876812 0.405403 0.455549 0.461899 0.346715 0.419762 0.000000 0.305364 0.496697 0.522385 0.440442 0.594334 0.858076 0.936864 0.263206 0.454153 0.955733 0.786239 0.920938 0.949047 0.500689 0.417364 0.553082 0.596521 0.469064 0.551642 0.977466 0.892178 0.811815 0.963710 0.927906 0.978973 0.995421 0.861847 0.579926 0.597867 0.632014 0.523920 0.615136 0.501285 0.598598 0.539611 0.584362 0.603124 0.685197 0.888495 0.825800 0.917252 0.708450 0.842502 0.707362 0.962590 0.733220 0.667939 0.487344 0.444481 0.921254 0.996361 0.776557 0.969149 0.813141 0.889344 0.589223 0.653319 0.593752 0.650133 0.797332 0.900609 0.614496 0.719338 0.790537 0.685116 0.598442 0.667203 0.582637 0.809435 0.498337 0.551279 0.808894 0.658424 0.782829 0.682402 0.993688 0.962184 0.919385 0.777976 0.894925 0.874095 0.794963 0.941616 0.742482 0.638010 0.819994 0.985369 0.783180 0.597214 0.773725 0.809210 0.999076 0.909199 0.791102 0.785683 0.810096 0.755994 0.765193 0.829064 0.732824 0.870798
0.650945 0.700193 0.971971 0.719044 0.733369 0.897295 0.756541 0.563401 0.977449 0.460764 0.508453 0.415883 0.406130 0.360309 0.305364 0.000000 0.600370 0.586345 0.525773 0.703567 0.847319 0.956293 0.345333 0.400677 0.787744 0.687469 0.960863 0.845954 0.457963 0.441581 0.704300 0.700467 0.631580 0.706561 0.883359 0.847852 0.923514 0.811741 0.943756 0.949525 0.932427 0.923670 0.586111 0.573973 0.682531 0.546169 0.645021 0.585111 0.488821 0.568653 0.637374 0.687047 0.842825 0.989332 0.833893 0.927281 0.780382 0.830975 0.690419 0.853835 0.724319 0.563784 0.521062 0.474242 0.996068 0.919630 0.866899 0.962112 0.965480 0.900947 0.801919 0.740173 0.782671 0.785550 0.784794 0.867363 0.760852 0.766801 0.770547 0.744163 0.702727 0.746363 0.583178 0.883139 0.557836 0.469055 0.853776 0.619028 0.939837 0.702312 0.874987 0.850886 0.815111 0.668850 0.943450 0.788181 0.907829 0.943458 0.808061 0.719113 0.924909 0.982615 0.937861 0.785019 0.861927 0.923283 0.900556 0.871134 0.819613 0.910224 0.914262 0.882223 0.837118 0.928418 0.913755 0.814587
0.359914 0.372420 0.925876 0.928009 0.970037 0.879100 0.917392 0.708648 0.729722 0.509977 0.380219 0.393154 0.532611 0.504598 0.496697 0.600370 0.000000 0.230811 0.369891 0.364630 0.842142 0.887755 0.530068 0.657528 0.891437 0.685401 0.817315 0.964715 0.365040 0.274890 0.718828 0.703314 0.578844 0.569541 0.862976 0.915037 0.723735 0.970230 0.852056 0.769814 0.790111 0.825280 0.834689 0.728522 0.752796 0.527209 0.633203 0.647957 0.525231 0.583939 0.910534 0.991010 0.960534 0.732270 0.889981 0.949514 0.324978 0.385104 0.731057 0.803612 0.873280 0.835937 0.421056 0.287124 0.722162 0.672564 0.924817 0.869027 0.672415 0.608571 0.852727 0.881789 0.819012 0.984942 0.905825 0.946674 0.778794 0.842403 0.614612 0.564756 0.267223 0.295591 0.431228 0.417091 0.459021 0.597014 0.992902 0.568504 0.944606 0.644535 0.581836 0.526127 0.518691 0.452325 0.914851 0.900886 0.957008 0.680939 0.983800 0.965900 0.859050 0.687318 0.934871 0.785774 0.976519 0.996381 0.828381 0.560223 0.746010 0.882903 0.971870 0.962712 0.770796 0.937824 0.951856 0.819484
0.340924 0.363973 0.852345 0.985928 0.969718 0.863490 0.941086 0.750305 0.652357 0.544847 0.358786 0.412173 0.556098 0.495532 0.522385 0.586345 0.230811 0.000000 0.327097 0.360276 0.782713 0.864237 0.533706 0.637206 0.880816 0.647349 0.811235 0.926270 0.333773 0.258155 0.744666 0.742145 0.618861 0.609885 0.707672 0.814928 0.744979 0.942380 0.806725 0.830831 0.776977 0.801104 0.853708 0.727677 0.813284 0.594289 0.704777 0.667764 0.518097 0.621391 0.929631 0.985188 0.966943 0.755413 0.930315 0.992339 0.347528 0.421998 0.795569 0.865997 0.926243 0.945181 0.429574 0.317998 0.644168 0.655263 0.847274 0.797011 0.694411 0.678312 0.835049 0.873529 0.804379 0.930878 0.965202 0.967352 0.769894 0.864883 0.593695 0.493102 0.277650 0.279700 0.385478 0.444606 0.472867 0.596930 0.955232 0.577722 0.994258 0.669834 0.574209 0.526156 0.475679 0.424620 0.882402 0.852965 0.974884 0.692513 0.938549 0.993448 0.795934 0.678649 0.992555 0.864588 0.925319 0.910948 0.900802 0.591823 0.762650 0.927116 0.918343 0.984735 0.800858 0.936574 0.979640 0.869413
0.338641 0.473711 0.946035 0.842687 0.864599 0.937819 0.726034 0.609069 0.856390 0.520884 0.358790 0.400459 0.395134 0.403731 0.440442 0.525773 0.369891 0.327097 0.000000 0.371341 0.760755 0.938933 0.378881 0.547774 0.944987 0.655369 0.844525 0.969251 0.376965 0.360311 0.654569 0.605529 0.493771 0.591237 0.908349 0.852094 0.648556 0.896715 0.804677 0.855266 0.908265 0.841485 0.674645 0.635442 0.669388 0.544506 0.551083 0.569921 0.507229 0.573936 0.700321 0.833164 0.860672 0.940657 0.758043 0.938430 0.423951 0.565512 0.712313 0.915266 0.763723 0.765775 0.448887 0.381585 0.854372 0.826036 0.956267 0.943154 0.613438 0.654783 0.685365 0.780133 0.663534 0.781615 0.933897 0.948554 0.648083 0.848193 0.698714 0.583029 0.412794 0.435632 0.429862 0.560275 0.401669 0.592155 0.857487 0.545909 0.805772 0.530100 0.841522 0.758243 0.695602 0.650313 0.896243 0.724994 0.882954 0.915242 0.856190 0.749232 0.978866 0.848118 0.827691 0.726176 0.935685 0.865811 0.981655 0.677808 0.719009 0.852367 0.918018 0.777412 0.718872 0.814792 0.980106 0.864387
0.292281 0.335636 0.821101 0.940155 0.870248 0.825797 0.935725 0.723506 0.660730 0.655928 0.511804 0.355760 0.587080 0.449742 0.594334 0.703567 0.364630 0.360276 0.371341 0.000000 0.881214 0.898795 0.493788 0.574239 0.915090 0.682038 0.795464 0.879783 0.436542 0.478023 0.845870 0.823556 0.692160 0.757989 0.828704 0.767508 0.665504 0.835714 0.855564 0.731251 0.861936 0.739560 0.936700 0.874794 0.810462 0.626325 0.693743 0.723696 0.443105 0.515486 0.882541 0.991113 0.963415 0.683813 0.744784 0.959711 0.311601 0.380980 0.750214 0.826121 0.982547 0.673588 0.640439 0.488940 0.712503 0.739300 0.757217 0.737859 0.405324 0.481865 0.885174 0.903781 0.865187 0.965855 0.916099 0.869149 0.781460 0.919468 0.856118 0.755050 0.417188 0.321819 0.406091 0.446145 0.315559 0.566758 0.926042 0.519020 0.855018 0.460492 0.629284 0.535683 0.594001 0.499417 0.906737 0.976306 0.985186 0.840216 0.896182 0.987476 0.833524 0.615084 0.961645 0.982700 0.979559 0.922028 0.941183 0.642399 0.850031 0.939920 0.915682 0.908206 0.886441 0.951398 0.905534 0.848704
0.793574 0.960002 0.810418 0.754204 0.872619 0.758568 0.684627 0.769869 0.894432 0.794999 0.677221 0.889762 0.831219 0.829263 0.858076 0.847319 0.842142 0.782713 0.760755 0.881214 0.000000 0.923714 0.928163 0.908802 0.924225 0.912769 0.990827 0.882730 0.867500 0.835195 0.568055 0.672350 0.732437 0.729117 0.992558 0.896363 0.995359 0.956225 0.788346 0.812937 0.976022 0.830004 0.696404 0.725925 0.884211 0.835442 0.795078 0.802734 0.997758 0.907679 0.817269 0.795067 0.860094 0.779459 0.929949 0.898907 0.989151 0.941514 0.876225 0.901961 0.723679 0.913463 0.617392 0.751915 0.961868 0.903590 0.835177 0.821064 0.938875 0.889524 0.664772 0.725720 0.723194 0.621564 0.795831 0.804966 0.900116 0.805845 0.759900 0.704509 0.769513 0.826944 0.915892 0.982392 0.981651 0.932453 0.745688 0.885194 0.955064 0.761123 0.908655 0.998884 0.984700 0.896187 0.920839 0.828798 0.881698 0.956077 0.806754 0.882878 0.885748 0.880396 0.768808 0.740662 0.914205 0.837707 0.937340 0.981292 0.812137 0.936348 0.952967 0.919383 0.886235 0.994374 0.843053 0.818202
0.966287 0.979137 0.982691 0.867388 0.958769 0.939880 0.950701 0.952894 0.974912 0.955248 0.910839 0.938530 0.942714 0.982814 0.936864 0.956293 0.887755 0.864237 0.938933 0.898795 0.923714 0.000000 0.972769 0.950129 0.995030 0.873518 0.844820 0.923347 0.985754 0.843759 0.886880 0.999847 0.862827 0.817198 0.963898 0.733882 0.878046 0.755653 0.982736 0.898329 0.970164 0.967767 0.990314 0.989824 0.953029 0.977571 0.890151 0.880005 0.928362 0.939790 0.909952 0.979944 0.893230 0.923907 0.911986 0.870596 0.969560 0.972701 0.914979 0.990583 0.997954 0.971832 0.919496 0.924542 0.948038 0.995516 0.934974 0.945366 0.915194 0.973198 0.894297 0.955238 0.949467 0.985935 0.841336 0.958324 0.839808 0.921137 0.963837 0.989498 0.903001 0.871453 0.958476 0.854477 0.951103 0.998083 0.929164 0.925759 0.983335 0.937399 0.978875 0.956393 0.958919 0.956682 0.928068 0.942991 0.958600 0.945149 0.972639 0.928124 0.992421 0.913690 0.977893 0.936542 0.986474 0.894598 0.956699 0.986467 0.989247 0.827243 0.913474 0.935346 0.951367 0.969853 0.838980 0.964220
0.528155 0.665680 0.893367 0.754270 0.708601 0.959594 0.751265 0.606906 0.961702 0.422758 0.487481 0.396650 0.401795 0.384310 0.263206 0.345333 0.530068 0.533706 0.378881 0.493788 0.928163 0.972769 0.000000 0.391865 0.895837 0.693715 0.793077 0.967270 0.458440 0.450809 0.652780 0.682874 0.525961 0.662982 0.884034 0.821064 0.706659 0.881703 0.985094 0.991251 0.973074 0.777770 0.723471 0.720707 0.689022 0.593235 0.659750 0.608040 0.516317 0.507970 0.622846 0.701554 0.776906 0.992165 0.812132 0.878920 0.659182 0.777079 0.731800 0.967105 0.852454 0.591035 0.601416 0.505022 0.974576 0.934853 0.898950 0.911731 0.651385 0.737473 0.667776 0.769791 0.614652 0.690125 0.808923 0.956589 0.654004 0.831793 0.891568 0.785458 0.629092 0.619589 0.536274 0.760960 0.405175 0.505456 0.728296 0.560560 0.753849 0.615989 0.946411 0.911679 0.872617 0.737954 0.947709 0.798728 0.830342 0.872575 0.827969 0.724585 0.907109 0.942247 0.903001 0.672830 0.881788 0.843515 0.970331 0.899200 0.744225 0.863695 0.852244 0.807482 0.847577 0.888284 0.927903 0.831201
0.658209 0.727083 0.988359 0.761270 0.654046 0.981174 0.915521 0.722479 0.918992 0.615618 0.612303 0.435477 0.626674 0.418686 0.454153 0.400677 0.657528 0.637206 0.547774 0.574239 0.908802 0.950129 0.391865 0.000000 0.851145 0.725913 0.961856 0.940434 0.548929 0.572109 0.811776 0.769009 0.739883 0.777203 0.840120 0.740309 0.873383 0.973702 0.973169 0.807905 0.901649 0.943648 0.825531 0.796044 0.818087 0.694209 0.822847 0.732170 0.561320 0.620679 0.771933 0.872594 0.940874 0.896044 0.867873 0.952876 0.805521 0.851377 0.864802 0.955807 0.926944 0.577309 0.676128 0.614954 0.903154 0.960983 0.978830 0.889501 0.823632 0.811263 0.817819 0.861823 0.894548 0.894486 0.814829 0.925948 0.822029 0.988660 0.917249 0.792620 0.704654 0.688601 0.668285 0.770551 0.463790 0.415216 0.813411 0.550566 0.892473 0.591959 0.804976 0.761703 0.710214 0.653048 0.845670 0.868215 0.883696 0.786166 0.986538 0.892944 0.915195 0.869032 0.921776 0.961237 0.993134 0.978861 0.995156 0.840792 0.929975 0.955876 0.997761 0.908694 0.956317 0.934946 0.875626 0.777642
0.985679 0.916054 0.890417 0.942455 0.972433 0.863879 0.891881 0.921529 0.997972 0.992949 0.903372 0.910660 0.980465 0.939525 0.955733 0.787744 0.891437 0.880816 0.944987 0.915090 0.924225 0.995030 0.895837 0.851145 0.000000 0.652735 0.927262 0.908147 0.947739 0.952719 0.836823 0.780740 0.899645 0.817058 0.900720 0.925557 0.869148 0.918327 0.748343 0.949852 0.864834 0.925418 0.921801 0.847538 0.854596 0.891796 0.857966 0.846878 0.922962 0.953072 0.906551 0.793611 0.756292 0.870547 0.903305 0.643126 0.925659 0.973731 0.983520 0.970892 0.942560 0.892105 0.923350 0.925068 0.978943 0.996742 0.925388 0.938891 0.847911 0.929396 0.827339 0.953470 0.863571 0.843232 0.990540 0.935318 0.743158 0.921579 0.815817 0.734241 0.748716 0.805569 0.930841 0.898654 0.999128 0.994741 0.934063 0.952882 0.895536 0.939084 0.964449 0.962709 0.952892 0.996372 0.974640 0.957111 0.985620 0.935658 0.915043 0.941938 0.977268 0.995012 0.762353 0.957914 0.996081 0.941208 0.993726 0.949280 0.981306 0.858884 0.965475 0.876279 0.803553 0.775908 0.890777 0.844098
0.630161 0.593450 0.540964 0.633766 0.838005 0.642835 0.659421 0.849650 0.819009 0.934293 0.890971 0.657444 0.885419 0.694982 0.786239 0.687469 0.685401 0.647349 0.655369 0.682038 0.912769 0.873518 0.693715 0.725913 0.652735 0.000000 0.751186 0.997093 0.721953 0.722908 0.693518 0.807070 0.850934 0.822694 0.593081 0.760930 0.966803 0.757220 0.911869 0.800836 0.961411 0.930501 0.814969 0.864673 0.801825 0.982043 0.944163 0.864880 0.612785 0.833483 0.787050 0.705252 0.730644 0.536478 0.990878 0.823735 0.560346 0.558964 0.972535 0.984302 0.701489 0.950637 0.963123 0.792824 0.578185 0.614593 0.543022 0.502434 0.649420 0.795718 0.779883 0.845890 0.823122 0.737437 0.924728 0.930378 0.831059 0.743707 0.994663 0.957547 0.861436 0.701935 0.643264 0.816970 0.675074 0.732306 0.878971 0.714375 0.915253 0.778306 0.547177 0.611392 0.566670 0.590586 0.781047 0.973787 0.814707 0.745298 0.738556 0.738421 0.685473 0.570131 0.627126 0.850464 0.631677 0.715867 0.907594 0.685002 0.995116 0.936274 0.773166 0.721311 0.892971 0.810458 0.672577 0.962090
0.794994 0.812220 0.752789 0.802743 0.798151 0.740704 0.846482 0.914993 0.982144 0.954484 0.868459 0.816603 0.943744 0.886880 0.920938 0.960863 0.817315 0.811235 0.844525 0.795464 0.990827 0.844820 0.793077 0.961856 0.927262 0.751186 0.000000 0.952329 0.929265 0.897844 0.896275 0.851597 0.908814 0.842666 0.694348 0.860915 0.961413 0.943436 0.991657 0.907584 0.998164 0.861666 0.753532 0.732081 0.785676 0.842478 0.842027 0.797180 0.861183 0.890258 0.851530 0.879861 0.865359 0.785603 0.897842 0.834630 0.792891 0.864973 0.935934 0.948176 0.759846 0.980047 0.913948 0.990083 0.706619 0.770345 0.667092 0.590281 0.772350 0.867275 0.929523 0.890199 0.937786 0.997832 0.899846 0.976449 0.988495 0.870837 0.998410 0.914604 0.872943 0.786231 0.759910 0.869742 0.850360 0.905903 0.866896 0.815829 0.866838 0.974981 0.912390 0.911453 0.834744 0.901713 0.877627 0.964404 0.899493 0.887585 0.829919 0.857111 0.885738 0.883365 0.838670 0.980991 0.772953 0.845246 0.987130 0.829541 0.847757 0.899701 0.913188 0.890852 0.883182 0.759766 0.797802 0.975611
0.848682 0.704449 0.850426 0.947279 0.781827 0.931321 0.959398 0.780000 0.992934 0.955754 0.992244 0.784172 0.962952 0.812161 0.949047 0.845954 0.964715 0.926270 0.969251 0.879783 0.882730 0.923347 0.967270 0.940434 0.908147 0.997093 0.952329 0.000000 0.954782 0.986434 0.925188 0.913337 0.966320 0.986681 0.933610 0.850989 0.970245 0.913357 0.964997 0.972347 0.936985 0.912774 0.891388 0.876614 0.873220 0.863898 0.998966 0.819219 0.692862 0.744485 0.842602 0.786337 0.915779 0.981189 0.926720 0.876963 0.870931 0.860438 0.971485 0.861463 0.951484 0.771883 0.971082 0.959983 0.968127 0.888847 0.905258 0.926901 0.956289 0.860511 0.946568 0.909746 0.989289 0.888887 0.990606 0.882981 0.887699 0.909208 0.996186 0.868731 0.954744 0.992505 0.955010 0.992283 0.791437 0.799383 0.861513 0.949035 0.858063 0.941158 0.989666 0.974703 0.976240 0.938119 0.862596 0.940811 0.971054 0.783938 0.887423 0.900040 0.892885 0.943645 0.921179 0.849040 0.902019 0.835414 0.939673 0.925963 0.949490 0.948067 0.958462 0.892705 0.854837 0.989579 0.926142 0.964749
0.415845 0.466899 0.961028 0.851508 0.960197 0.864725 0.832192 0.619227 0.706874 0.488158 0.416138 0.397123 0.478426 0.404413 0.500689 0.457963 0.365040 0.333773 0.376965 0.436542 0.867500 0.985754 0.458440 0.548929 0.947739 0.721953 0.929265 0.954782 0.000000 0.271353 0.642035 0.610897 0.519117 0.518056 0.863614 0.954603 0.713157 0.950286 0.909124 0.825890 0.873045 0.864568 0.727351 0.633005 0.684163 0.495742 0.687477 0.600435 0.493083 0.591262 0.787380 0.909624 0.972603 0.830584 0.851658 0.948011 0.485244 0.512670 0.658722 0.825156 0.792394 0.707214 0.426980 0.319792 0.777349 0.827926 0.996149 0.962600 0.681752 0.610414 0.845716 0.830409 0.757348 0.886635 0.912585 0.912392 0.804509 0.752827 0.577589 0.589427 0.340712 0.402652 0.404590 0.485421 0.421708 0.563040 0.918883 0.504903 0.947868 0.696414 0.695161 0.591714 0.583852 0.475205 0.916140 0.817848 0.973990 0.793389 0.968529 0.848766 0.918559 0.856438 0.928798 0.837924 0.905868 0.954797 0.936228 0.691709 0.782500 0.950035 0.994855 0.961226 0.789196 0.891441 0.978351 0.743670
0.472844 0.505453 0.990185 0.841733 0.923282 0.969934 0.750988 0.657161 0.805419 0.436039 0.362948 0.452365 0.449874 0.441042 0.417364 0.441581 0.274890 0.258155 0.360311 0.478023 0.835195 0.843759 0.450809 0.572109 0.952719 0.722908 0.897844 0.986434 0.271353 0.000000 0.603295 0.577575 0.457480 0.457060 0.817978 0.962144 0.776491 0.978718 0.862784 0.832078 0.808771 0.858569 0.687388 0.570851 0.639442 0.480869 0.610369 0.539396 0.545410 0.598216 0.739960 0.873813 0.915762 0.916738 0.826277 0.942382 0.499321 0.581999 0.761853 0.915420 0.775178 0.827017 0.377430 0.279184 0.786264 0.798230 0.955600 0.990394 0.837744 0.696039 0.790500 0.789543 0.741120 0.814974 0.920153 0.993465 0.743526 0.711268 0.483893 0.488581 0.288603 0.380394 0.410464 0.468835 0.501750 0.576650 0.917697 0.563817 0.976206 0.740019 0.660879 0.596290 0.541050 0.475886 0.874628 0.832945 0.945387 0.739223 0.972537 0.872857 0.945370 0.829384 0.911397 0.755825 0.955042 0.971914 0.918626 0.696136 0.728548 0.844006 0.956047 0.922571 0.744607 0.843400 0.942046 0.798626
0.837261 0.943918 0.473902 0.399482 0.929506 0.657253 0.312767 0.495074 0.888283 0.531304 0.566618 0.783409 0.520157 0.679327 0.553082 0.704300 0.718828 0.744666 0.654569 0.845870 0.568055 0.886880 0.652780 0.811776 0.836823 0.693518 0.896275 0.925188 0.642035 0.603295 0.000000 0.351584 0.353710 0.315130 0.737650 0.910059 0.848473 0.679692 0.756790 0.985743 0.898934 0.904763 0.385186 0.426233 0.478529 0.514988 0.591511 0.465071 0.990804 0.835633 0.485258 0.489987 0.525046 0.510032 0.820534 0.854758 0.969578 0.858915 0.768856 0.991567 0.446191 0.848179 0.432421 0.574384 0.766356 0.710604 0.436309 0.488042 0.918466 0.897478 0.373351 0.429782 0.403065 0.370305 0.783060 0.909752 0.529692 0.400254 0.595842 0.600771 0.626248 0.850528 0.885495 0.899877 0.874709 0.825511 0.945432 0.862451 0.928103 0.879228 0.681963 0.847452 0.840423 0.971646 0.802816 0.740467 0.708482 0.915450 0.553038 0.497201 0.593345 0.571394 0.455896 0.487219 0.590184 0.625760 0.856675 0.896183 0.772731 0.800477 0.732166 0.676938 0.652276 0.715298 0.608924 0.783590
0.843137 0.969101 0.525838 0.537998 0.921155 0.652671 0.385197 0.495988 0.911376 0.566851 0.624202 0.799008 0.549876 0.618303 0.596521 0.700467 0.703314 0.742145 0.605529 0.823556 0.672350 0.999847 0.682874 0.769009 0.780740 0.807070 0.851597 0.913337 0.610897 0.577575 0.351584 0.000000 0.380607 0.351188 0.697020 0.870510 0.860876 0.797806 0.744513 0.923621 0.889604 0.926411 0.375403 0.394219 0.426719 0.494177 0.552556 0.450354 0.878015 0.759545 0.466050 0.535469 0.559554 0.586640 0.793904 0.703146 0.974425 0.908608 0.883704 0.917985 0.518964 0.765506 0.514004 0.584141 0.821580 0.739805 0.511396 0.558828 0.822276 0.952274 0.462094 0.583421 0.508051 0.498076 0.727922 0.911025 0.568233 0.486122 0.626583 0.583114 0.580716 0.807217 0.767430 0.892264 0.811680 0.736915 0.906354 0.771500 0.958357 0.839860 0.812392 0.956586 0.946214 0.955315 0.936898 0.675810 0.778253 0.996899 0.650893 0.481667 0.700274 0.680091 0.546024 0.549134 0.662352 0.768942 0.897760 0.960031 0.772547 0.820907 0.853889 0.591307 0.661474 0.667301 0.652213 0.699543
0.664401 0.878687 0.486932 0.517282 0.922907 0.700412 0.387343 0.484379 0.926622 0.512063 0.448506 0.692217 0.432404 0.587852 0.469064 0.631580 0.578844 0.618861 0.493771 0.692160 0.732437 0.862827 0.525961 0.739883 0.899645 0.850934 0.908814 0.966320 0.519117 0.457480 0.353710 0.380607 0.000000 0.360226 0.775830 0.874413 0.643966 0.734074 0.725692 0.921619 0.887620 0.888318 0.455021 0.416862 0.445928 0.448349 0.541551 0.393290 0.858180 0.677313 0.450176 0.566179 0.597162 0.650109 0.719008 0.920162 0.818456 0.971120 0.690230 0.997045 0.491526 0.757539 0.420491 0.461372 0.744412 0.859060 0.487530 0.585102 0.937790 0.779191 0.478487 0.534431 0.490089 0.566186 0.778425 0.970301 0.566155 0.492597 0.682858 0.609089 0.519968 0.702992 0.761293 0.730262 0.665773 0.746174 0.953247 0.724055 0.806866 0.739918 0.845353 0.957542 0.988471 0.910856 0.857566 0.787207 0.635388 0.968761 0.644017 0.550180 0.690779 0.763732 0.523934 0.486934 0.662924 0.598436 0.962958 0.964504 0.700852 0.767552 0.724546 0.558103 0.578228 0.706397 0.615748 0.820312
0.757488 0.854131 0.588845 0.593877 0.958119 0.769753 0.435823 0.501201 0.919483 0.553865 0.558789 0.691832 0.542166 0.577876 0.551642 0.706561 0.569541 0.609885 0.591237 0.757989 0.729117 0.817198 0.662982 0.777203 0.817058 0.822694 0.842666 0.986681 0.518056 0.457060 0.315130 0.351188 0.360226 0.000000 0.785716 0.807850 0.816848 0.743714 0.772271 0.913445 0.949090 0.995458 0.435851 0.388669 0.427755 0.426036 0.552085 0.444837 0.847201 0.725661 0.547748 0.633038 0.651505 0.712760 0.799496 0.828716 0.841180 0.917589 0.785281 0.948417 0.480803 0.779436 0.379410 0.438920 0.859263 0.796911 0.545415 0.532198 0.959816 0.935655 0.511648 0.596294 0.548122 0.553769 0.840179 0.937258 0.649621 0.507380 0.564636 0.585056 0.484714 0.682057 0.773834 0.688603 0.727417 0.715445 0.975324 0.717207 0.993092 0.837473 0.937777 0.894765 0.903428 0.830278 0.887688 0.760736 0.818380 0.937199 0.694419 0.610842 0.722733 0.807911 0.592096 0.600397 0.737337 0.762342 0.831842 0.910487 0.768390 0.774030 0.884725 0.702977 0.630927 0.757725 0.647478 0.748792
0.896026 0.707896 0.469832 0.644136 0.958402 0.681415 0.587231 0.731103 0.670712 0.907297 0.933276 0.854976 0.836104 0.937222 0.977466 0.883359 0.862976 0.707672 0.908349 0.828704 0.992558 0.963898 0.884034 0.840120 0.900720 0.593081 0.694348 0.933610 0.863614 0.817978 0.737650 0.697020 0.775830 0.785716 0.000000 0.923123 0.961921 0.788728 0.879461 0.991821 0.919208 0.878883 0.635800 0.743592 0.699933 0.826388 0.723293 0.671540 0.721035 0.978994 0.663120 0.696067 0.628997 0.595277 0.738994 0.828709 0.837374 0.761497 0.764764 0.839276 0.524992 0.844260 0.879245 0.957802 0.492483 0.611021 0.421408 0.457454 0.874434 0.967070 0.815806 0.743007 0.844038 0.844683 0.914467 0.905261 0.791891 0.814214 0.992327 0.827381 0.892043 0.716088 0.717429 0.855708 0.897030 0.845265 0.818794 0.861255 0.767383 0.945310 0.549905 0.657513 0.590096 0.634065 0.690446 0.900207 0.774078 0.608663 0.601869 0.573783 0.585464 0.629439 0.579724 0.711868 0.529706 0.607504 0.987925 0.758240 0.915019 0.873478 0.743719 0.648864 0.813881 0.710118 0.546417 0.870299
0.796888 0.821766 0.835927 0.999628 0.915797 0.991861 0.913351 0.887937 0.991444 0.802113 0.930286 0.723554 0.974258 0.831821 0.892178 0.847852 0.915037 0.814928 0.852094 0.767508 0.896363 0.733882 0.821064 0.740309 0.925557 0.760930 0.860915 0.850989 0.954603 0.962144 0.910059 0.870510 0.874413 0.807850 0.923123 0.000000 0.947205 0.892039 0.991394 0.938871 0.900296 0.978040 0.937480 0.931037 0.939508 0.965102 0.942796 0.980517 0.773808 0.787354 0.983564 0.971100 0.948550 0.855275 0.974846 0.998620 0.858222 0.885281 0.935357 0.918019 0.924145 0.858609 0.966934 0.944488 0.934099 0.991849 0.795449 0.785549 0.883262 0.877098 0.967999 0.959285 0.926960 0.926090 0.897757 0.888450 0.880000 0.747644 0.997498 0.989941 0.910794 0.898958 0.866701 0.944342 0.753866 0.785552 0.942495 0.942686 0.855192 0.832159 0.886460 0.978098 0.907828 0.910411 0.875929 0.924883 0.863177 0.986558 0.996923 0.996294 0.928639 0.805416 0.849715 0.934230 0.945940 0.928172 0.925794 0.975485 0.827227 0.861883 0.914973 0.939745 0.815796 0.831585 0.778158 0.993443
0.670495 0.792573 0.895766 0.812217 0.879128 0.976114 0.884284 0.813451 0.955484 0.796772 0.677066 0.715691 0.761857 0.796718 0.811815 0.923514 0.723735 0.744979 0.648556 0.665504 0.995359 0.878046 0.706659 0.873383 0.869148 0.966803 0.961413 0.970245 0.713157 0.776491 0.848473 0.860876 0.643966 0.816848 0.961921 0.947205 0.000000 0.859687 0.962462 0.866304 0.900866 0.977519 0.991966 0.953806 0.956824 0.885830 0.830515 0.931310 0.942536 0.884406 0.853205 0.975358 0.996399 0.903801 0.863166 0.874444 0.709743 0.788509 0.737951 0.870336 0.921074 0.878470 0.758891 0.708084 0.920689 0.937959 0.948548 0.941755 0.682878 0.665001 0.782044 0.894956 0.872817 0.998153 0.872754 0.910207 0.745041 0.893103 0.873212 0.880368 0.717657 0.653962 0.864785 0.856686 0.661232 0.736734 0.888417 0.777744 0.754444 0.649214 0.975218 0.937049 0.988555 0.894588 0.889327 0.884842 0.696456 0.854313 0.922653 0.906028 0.976468 0.860187 0.785863 0.842419 0.975223 0.764396 0.920490 0.914909 0.791269 0.853736 0.800609 0.757713 0.944893 0.945312 0.987540 0.788218
0.976141 0.836724 0.723054 0.731205 0.883546 0.855200 0.683026 0.821713 0.804688 0.961622 0.936318 0.966260 0.951640 0.959798 0.963710 0.811741 0.970230 0.942380 0.896715 0.835714 0.956225 0.755653 0.881703 0.973702 0.918327 0.757220 0.943436 0.913357 0.950286 0.978718 0.679692 0.797806 0.734074 0.743714 0.788728 0.892039 0.859687 0.000000 0.998966 0.932014 0.963140 0.728026 0.831259 0.925515 0.779047 0.926563 0.945591 0.884687 0.848672 0.968948 0.735170 0.829072 0.693565 0.702742 0.838611 0.982754 0.908363 0.806105 0.962246 0.837007 0.828418 0.883683 0.962163 0.957490 0.867558 0.779737 0.734720 0.761508 0.801860 0.998172 0.627350 0.729464 0.549159 0.635224 0.981207 0.945969 0.776989 0.837800 0.961335 0.942928 0.938453 0.963224 0.839940 0.991480 0.938978 0.981409 0.944347 0.999924 0.863583 0.915619 0.670909 0.764346 0.758893 0.732569 0.875180 0.854723 0.767603 0.905599 0.868124 0.778984 0.698866 0.747715 0.741167 0.843010 0.910432 0.824261 0.993358 0.818244 0.997356 0.847848 0.761231 0.788054 0.913343 0.762152 0.844568 0.955056
