0.000000 0.490775 0.869068 0.830967 0.960265 0.998427 0.804671 0.789335 0.890091 0.942589 0.663898 0.686974 0.999129 0.956145 0.903827 0.974785 0.554303 0.500876 0.546944 0.568906 0.864825 0.924442 0.885983 0.983175 0.801389 0.850233 0.999857 0.868337 0.655261 0.790201 0.862493 0.958399 0.714819 0.535501 0.843193 0.926881 0.881438 0.837156 0.857871 0.951804 0.963545 0.804093 0.599740 0.510324 0.850916 0.740804 0.620002 0.667871 0.817888 0.895204 0.917661 0.979759 0.842750 0.661990 0.814077 0.866434 0.429377 0.511084 0.471874 0.544042 0.791914 0.753211 0.688006 0.729809 0.838336 0.793358 0.610582 0.646953 0.602467 0.620914 0.767973 0.850629 0.586946 0.629445 0.980122 0.912974 0.631858 0.756132 0.830946 0.710602 0.559550 0.555683 0.884723 0.699485 0.796602 0.769546 0.764688 0.966673 0.862897 0.713099 0.864064 0.916937 0.902290 0.967737 0.920215 0.789778 0.674877 0.784884 0.854387 0.728275 0.757957 0.952463 0.732521 0.591530 0.828944 0.899043 0.975660 0.969803 0.850758 0.749533 0.740701 0.947720 0.810579 0.951224 0.796066 0.815618
0.490775 0.000000 0.999857 0.835846 0.986105 0.944205 0.951601 0.715843 0.772509 0.792196 0.828194 0.558339 0.943392 0.867449 0.977050 0.829660 0.551984 0.483258 0.615686 0.559399 0.924119 0.958539 0.947796 0.978146 0.903872 0.967074 0.913083 0.910770 0.593225 0.686346 0.765750 0.915431 0.606309 0.509255 0.879318 0.993053 0.816536 0.776456 0.949422 0.924345 0.950211 0.838627 0.574025 0.474184 0.659704 0.571039 0.562543 0.528422 0.729785 0.750294 0.748224 0.830023 0.956669 0.848401 0.741892 0.909813 0.390604 0.356689 0.556557 0.616389 0.758522 0.643096 0.578413 0.525924 0.911139 0.881087 0.733341 0.694664 0.769406 0.547029 0.537323 0.667369 0.724943 0.702541 0.954346 0.931569 0.566361 0.733458 0.614290 0.672994 0.445900 0.537230 0.819135 0.652595 0.891696 0.850120 0.858802 0.994693 0.843328 0.779000 0.859306 0.815083 0.914083 0.890770 0.771857 0.799193 0.649554 0.727683 0.718642 0.757568 0.796153 0.883445 0.672462 0.677419 0.821453 0.844692 0.929458 0.971347 0.909259 0.747531 0.707841 0.851781 0.802623 0.817457 0.743564 0.900772
0.869068 0.999857 0.000000 0.430955 0.829075 0.918799 0.366320 0.715826 0.737319 0.872028 0.958125 0.836438 0.657467 0.943612 0.800189 0.970391 0.979005 0.912164 0.652028 0.954391 0.679442 0.897563 0.647158 0.626053 0.483745 0.516862 0.839550 0.878047 0.862468 0.828774 0.741276 0.837949 0.689943 0.746790 0.713879 0.901241 0.881146 0.983500 0.873214 0.834894 0.916065 0.955707 0.673719 0.760617 0.938660 0.980893 0.630225 0.748691 0.830263 0.990617 0.782007 0.923209 0.968291 0.962090 0.940185 0.958042 0.955796 0.840169 0.704472 0.931112 0.670370 0.984784 0.948343 0.754104 0.371069 0.506340 0.497220 0.534505 0.885290 0.796135 0.936468 0.966167 0.900076 0.930876 0.919524 0.983796 0.910504 0.952295 0.966784 0.915218 0.920038 0.854440 0.956658 0.889236 0.518881 0.537542 0.817813 0.941083 0.718254 0.779210 0.686534 0.729970 0.751458 0.601405 0.890614 0.811436 0.936517 0.920363 0.917058 0.830025 0.717706 0.844587 0.892347 0.998162 0.717836 0.836668 0.997740 0.976687 0.854853 0.919548 0.916571 0.975018 0.981824 0.799187 0.769738 0.762306
0.830967 0.835846 0.430955 0.000000 0.873716 0.758085 0.423413 0.522960 0.829315 0.952788 0.976396 0.916880 0.703962 0.835697 0.786647 0.799888 0.996785 0.993403 0.663241 0.866263 0.717236 0.966409 0.543371 0.479461 0.702080 0.563019 0.853543 0.835608 0.897979 0.871039 0.765709 0.869708 0.635738 0.654908 0.702259 0.894494 0.903282 0.955961 0.873979 0.944048 0.877744 0.956247 0.710706 0.739243 0.999248 0.965197 0.665422 0.708776 0.853709 0.989290 0.697878 0.812518 0.959751 0.917041 0.904277 0.930212 0.931991 0.994765 0.741157 0.880220 0.626579 0.803446 0.913931 0.989606 0.373101 0.380215 0.479922 0.416730 0.829076 0.832345 0.964283 0.754577 0.797123 0.820456 0.934611 0.978653 0.782694 0.784045 0.957723 0.919982 0.801687 0.799209 0.844874 0.878637 0.474765 0.444898 0.958724 0.902451 0.836399 0.690774 0.615873 0.732417 0.695925 0.669085 0.988763 0.780301 0.866589 0.941834 0.749759 0.680404 0.609718 0.737367 0.962314 0.998249 0.611901 0.750738 0.963689 0.894272 0.824125 0.982775 0.788856 0.984140 0.850586 0.854817 0.738125 0.812693
0.960265 0.986105 0.829075 0.873716 0.000000 0.896105 0.713636 0.789361 0.695668 0.932888 0.821398 0.885687 0.651718 0.857621 0.856364 0.915436 0.974918 0.910429 0.913274 0.920270 0.807695 0.762488 0.741261 0.818497 0.963248 0.898166 0.889925 0.981730 0.913443 0.991535 0.991850 0.905058 0.966580 0.871477 0.948437 0.817893 0.999828 0.894514 0.980199 0.980466 0.935151 0.981257 0.876199 0.917891 0.912509 0.950691 0.914062 0.973187 0.879232 0.800595 0.979284 0.993982 0.980743 0.937915 0.872794 0.876249 0.975061 0.946283 0.968486 0.959410 0.641743 0.790721 0.833089 0.924590 0.819805 0.733645 0.852173 0.815215 0.899728 0.863200 0.988771 0.880407 0.973353 0.996411 0.962773 0.950172 0.928191 0.915948 0.933352 0.905014 0.877907 0.853102 0.848728 0.762019 0.646969 0.608785 0.927345 0.733816 0.829646 0.864895 0.812880 0.982131 0.925835 0.982080 0.952783 0.964390 0.950724 0.984220 0.947308 0.851562 0.827968 0.913582 0.974958 0.855554 0.782344 0.971708 0.995937 0.978380 0.968277 0.946298 0.896754 0.930544 0.902766 0.965581 0.848788 0.979590
0.998427 0.944205 0.918799 0.758085 0.896105 0.000000 0.889154 0.855605 0.905785 0.930535 0.963096 0.968935 0.911945 0.947731 0.910582 0.669629 0.869010 0.934806 0.931484 0.969502 0.922408 0.882772 0.684617 0.741102 0.935445 0.835052 0.926541 0.849801 0.922789 0.890448 0.745690 0.892568 0.928278 0.943137 0.796583 0.862003 0.856636 0.872091 0.943900 0.982278 0.959611 0.868280 0.975490 0.929617 0.881734 0.970064 0.957532 0.817088 0.997138 0.942054 0.942975 0.927956 0.977256 0.973282 0.959144 0.880957 0.981162 0.984759 0.840172 0.926898 0.912664 0.893826 0.953307 0.999403 0.823294 0.795341 0.849408 0.791837 0.851163 0.929772 0.856800 0.829907 0.880184 0.753116 0.918254 0.856097 0.947998 0.777643 0.955540 0.983652 0.978497 0.986766 0.859332 0.995126 0.783648 0.776095 0.873911 0.807078 0.977715 0.949294 0.807116 0.913872 0.733774 0.936292 0.888053 0.905362 0.931126 0.901832 0.877995 0.922818 0.778121 0.927822 0.972456 0.931793 0.769525 0.935043 0.973227 0.926768 0.925078 0.962633 0.912036 0.928707 0.965215 0.914096 0.975735 0.973310
0.804671 0.951601 0.366320 0.423413 0.713636 0.889154 0.000000 0.519539 0.629557 0.948845 0.892232 0.972673 0.535002 0.784089 0.698381 0.861660 0.988474 0.982660 0.676243 0.899411 0.735292 0.986008 0.563186 0.638525 0.686476 0.641423 0.875124 0.981541 0.939532 0.873102 0.871228 0.933673 0.666835 0.691648 0.699039 0.893399 0.987721 0.933508 0.965904 0.939066 0.829469 0.943581 0.748381 0.770318 0.971158 0.971771 0.730542 0.769879 0.805807 0.902310 0.779187 0.856324 0.929850 0.978931 0.922829 0.985762 0.930106 0.872894 0.643454 0.793491 0.464236 0.777955 0.921846 0.921490 0.361253 0.389808 0.438575 0.450576 0.823975 0.772297 0.822874 0.963234 0.901891 0.892021 0.992529 0.981485 0.856734 0.955177 0.964253 0.968651 0.836407 0.827913 0.890838 0.914328 0.392470 0.446322 0.912085 0.855298 0.689433 0.703809 0.617632 0.731396 0.768876 0.643311 0.926856 0.859340 0.960736 0.864495 0.787784 0.641925 0.693650 0.760172 0.900461 0.998383 0.608678 0.821058 0.977534 0.998705 0.791619 0.902527 0.794554 0.921377 0.937467 0.822984 0.731573 0.852616
0.789335 0.715843 0.715826 0.522960 0.789361 0.855605 0.519539 0.000000 0.862199 0.733884 0.921019 0.634827 0.622065 0.644755 0.739475 0.701928 0.899152 0.802658 0.806763 0.756701 0.929516 0.938247 0.647780 0.718594 0.923488 0.982934 0.995181 0.994051 0.833869 0.894783 0.936096 0.960924 0.644880 0.574178 0.789018 0.942349 0.975288 0.972407 0.838469 0.979157 0.796466 0.954947 0.816246 0.754485 0.818919 0.800231 0.767549 0.680932 0.980585 0.958597 0.542379 0.576600 0.756114 0.910920 0.956617 0.978408 0.919532 0.849726 0.644404 0.621245 0.422142 0.408856 0.629671 0.616329 0.576298 0.470618 0.559041 0.473483 0.727839 0.939563 0.980407 0.819393 0.833577 0.801608 0.923316 0.972158 0.696405 0.781547 0.830276 0.940124 0.621222 0.811537 0.800479 0.862634 0.556258 0.587638 0.979282 0.873683 0.891654 0.671059 0.583863 0.810797 0.770369 0.789100 0.821449 0.847937 0.742266 0.951848 0.538516 0.501911 0.593750 0.746334 0.778301 0.886006 0.563290 0.746147 0.998119 0.865470 0.820933 0.883680 0.675494 0.792907 0.803452 0.994003 0.642231 0.928480
0.890091 0.772509 0.737319 0.829315 0.695668 0.905785 0.629557 0.862199 0.000000 0.951067 0.953100 0.816974 0.808534 0.970247 0.879351 0.935287 0.744508 0.713171 0.941989 0.765590 0.910662 0.982004 0.719414 0.890923 0.936318 0.795380 0.920412 0.950972 0.796561 0.660536 0.996927 0.807323 0.965343 0.904856 0.808203 0.821365 0.925227 0.991843 0.916907 0.998018 0.901605 0.837867 0.953382 0.900061 0.825145 0.949072 0.919434 0.975441 0.919767 0.994709 0.899853 0.819521 0.725586 0.725138 0.827430 0.865822 0.719406 0.682577 0.958278 0.907399 0.794267 0.985517 0.816658 0.727184 0.718359 0.777360 0.778840 0.802247 0.827779 0.598142 0.771961 0.629601 0.784393 0.840981 0.992273 0.914994 0.838547 0.893968 0.707099 0.742045 0.800543 0.830272 0.949216 0.926919 0.687107 0.761711 0.953648 0.839746 0.744942 0.886907 0.600612 0.651838 0.632236 0.694787 0.883127 0.924882 0.915313 0.913540 0.868616 0.854993 0.922231 0.862217 0.772196 0.920857 0.879622 0.938544 0.873727 0.982859 0.954976 0.751429 0.830038 0.972384 0.971628 0.922823 0.917982 0.982517
0.942589 0.792196 0.872028 0.952788 0.932888 0.930535 0.948845 0.733884 0.951067 0.000000 0.815569 0.850058 0.942387 0.990384 0.935974 0.953808 0.791624 0.840919 0.950775 0.800940 0.716784 0.945511 0.944748 0.856794 0.863772 0.790563 0.827721 0.923558 0.625347 0.719843 0.785631 0.971542 0.741406 0.805124 0.899318 0.980797 0.939597 0.779202 0.789178 0.935188 0.917220 0.943016 0.848842 0.740951 0.553820 0.575479 0.881215 0.737197 0.529758 0.651420 0.564970 0.669427 0.588841 0.623059 0.859280 0.977370 0.856654 0.789806 0.867645 0.817531 0.921750 0.748662 0.806278 0.739010 0.852875 0.837784 0.984296 0.999438 0.929565 0.867895 0.933852 0.903531 0.946364 0.986871 0.864047 0.977471 0.970724 0.860911 0.984278 0.998179 0.846711 0.935043 0.870472 0.997516 0.823987 0.771642 0.846494 0.999127 0.935894 0.874779 0.995532 0.946381 0.917619 0.935963 0.837239 0.856464 0.774008 0.884001 0.752284 0.863155 0.787773 0.900280 0.622970 0.799787 0.950859 0.936799 0.765453 0.974514 0.944169 0.852064 0.833562 0.825387 0.987380 0.853215 0.948280 0.931625
0.663898 0.828194 0.958125 0.976396 0.821398 0.963096 0.892232 0.921019 0.953100 0.815569 0.000000 0.783950 0.900370 0.947418 0.890657 0.843282 0.577993 0.601916 0.705645 0.649416 0.824374 0.916207 0.829330 0.820257 0.954251 0.948115 0.894873 0.780260 0.614923 0.706440 0.845180 0.960193 0.792657 0.728079 0.964772 0.968536 0.988725 0.999114 0.928287 0.982193 0.999578 0.910887 0.989830 0.851089 0.922373 0.937206 0.949783 0.977857 0.891344 0.911836 0.957546 0.887848 0.934096 0.953427 0.974915 0.972505 0.710837 0.805492 0.771275 0.856291 0.835110 0.929535 0.669876 0.830201 0.889483 0.936143 0.940090 0.915147 0.853271 0.794379 0.967020 0.907114 0.613294 0.735732 0.957290 0.873305 0.948065 0.875988 0.851726 0.820063 0.750363 0.780400 0.963954 0.885052 0.993514 0.993006 0.681333 0.989018 0.827573 0.988742 0.670090 0.704283 0.804999 0.775211 0.934963 0.847246 0.884886 0.974427 0.965813 0.934591 0.983049 0.981061 0.890490 0.816028 0.966771 0.844459 0.968256 0.773910 0.990401 0.883023 0.919863 0.944123 0.835406 0.915025 0.996126 0.971432
0.686974 0.558339 0.836438 0.916880 0.885687 0.968935 0.972673 0.634827 0.816974 0.850058 0.783950 0.000000 0.692381 0.530210 0.705644 0.603356 0.557231 0.468092 0.712888 0.507598 0.903788 0.940685 0.863093 0.877069 0.726827 0.776575 0.901596 0.855467 0.493280 0.533793 0.955743 0.837449 0.678117 0.564181 0.937834 0.950540 0.943605 0.913909 0.768227 0.883440 0.841763 0.982450 0.881298 0.705958 0.754526 0.674160 0.852346 0.732527 0.980908 0.970006 0.828596 0.906090 0.982610 0.907835 0.972983 0.894683 0.613962 0.540022 0.767925 0.716860 0.551652 0.463066 0.437038 0.357016 0.981457 0.814305 0.878182 0.727659 0.944274 0.692228 0.837674 0.755040 0.809228 0.849589 0.900115 0.884834 0.691967 0.750725 0.578275 0.690637 0.474384 0.543729 0.579969 0.763933 0.812855 0.783512 0.854930 0.812332 0.782387 0.924034 0.870548 0.676252 0.776735 0.682784 0.777145 0.851115 0.746275 0.804424 0.848495 0.754372 0.863744 0.851168 0.645741 0.848906 0.825254 0.944079 0.949065 0.973173 0.959529 0.722698 0.641406 0.840228 0.865742 0.770152 0.725657 0.908661
0.999129 0.943392 0.657467 0.703962 0.651718 0.911945 0.535002 0.622065 0.808534 0.942387 0.900370 0.692381 0.000000 0.429283 0.403154 0.521605 0.863131 0.827683 0.746875 0.784867 0.895071 0.868026 0.496295 0.642401 0.971549 0.944300 0.928752 0.988112 0.845216 0.806158 0.837474 0.734948 0.682467 0.732294 0.808408 0.915637 0.981439 0.882118 0.747102 0.963436 0.707155 0.813579 0.998693 0.914261 0.904489 0.904963 0.867730 0.807471 0.714568 0.878606 0.834206 0.892250 0.909098 0.819300 0.922834 0.783285 0.945690 0.983099 0.920393 0.924113 0.377236 0.706157 0.705617 0.804654 0.608551 0.621944 0.802071 0.662736 0.640224 0.883253 0.868530 0.997505 0.890157 0.902350 0.899418 0.856170 0.915793 0.948869 0.767958 0.774998 0.728595 0.707826 0.643651 0.865133 0.483407 0.568049 0.805973 0.683319 0.872567 0.958826 0.850350 0.899509 0.922343 0.968655 0.938614 0.954560 0.871900 0.920221 0.883390 0.823677 0.904861 0.805924 0.990406 0.822035 0.778466 0.877849 0.922377 0.796369 0.935362 0.993214 0.838173 0.865077 0.942790 0.997398 0.708210 0.990151
0.956145 0.867449 0.943612 0.835697 0.857621 0.947731 0.784089 0.644755 0.970247 0.990384 0.947418 0.530210 0.429283 0.000000 0.386608 0.403475 0.817313 0.741705 0.854168 0.758283 0.941182 0.863364 0.628871 0.737117 0.809359 0.801651 0.994513 0.994827 0.714773 0.646722 0.899754 0.692929 0.705600 0.722892 0.939373 0.965716 0.825887 0.911404 0.600507 0.996243 0.643919 0.814001 0.958762 0.890615 0.898203 0.838645 0.961886 0.799557 0.727447 0.887703 0.846591 0.880747 0.950488 0.846112 0.917295 0.684028 0.984774 0.911155 0.959294 0.875992 0.486205 0.643648 0.646548 0.608091 0.808412 0.740495 0.962090 0.808151 0.692889 0.987567 0.857813 0.896685 0.923662 0.933426 0.922168 0.829947 0.900685 0.942191 0.730707 0.730016 0.705229 0.740519 0.600668 0.904918 0.687471 0.725965 0.690119 0.801368 0.954336 0.946877 0.977866 0.747510 0.756388 0.776048 0.884742 0.943408 0.938992 0.964064 0.891207 0.841944 0.999779 0.860286 0.883674 0.879684 0.855923 0.915241 0.884588 0.811814 0.882692 0.935841 0.758984 0.808711 0.996145 0.897789 0.753050 0.960311
0.903827 0.977050 0.800189 0.786647 0.856364 0.910582 0.698381 0.739475 0.879351 0.935974 0.890657 0.705644 0.403154 0.386608 0.000000 0.492815 0.885111 0.844952 0.832897 0.877234 0.988054 0.883879 0.530038 0.711040 0.947093 0.935908 0.912839 0.938710 0.828343 0.775060 0.813975 0.597223 0.692571 0.803859 0.878602 0.959707 0.954829 0.961011 0.737075 0.948077 0.719508 0.830492 0.983619 0.929748 0.851177 0.860184 0.865831 0.741237 0.734039 0.923108 0.898800 0.889999 0.937259 0.816041 0.922931 0.820749 0.926601 0.975536 0.989656 0.977862 0.528750 0.756283 0.802602 0.801473 0.715350 0.728810 0.911140 0.787181 0.699143 0.930457 0.811567 0.940406 0.894753 0.939141 0.903267 0.834525 0.935696 0.943761 0.778674 0.798365 0.827887 0.791873 0.613565 0.919742 0.621183 0.673845 0.646817 0.758043 0.894798 0.991636 0.890335 0.888668 0.881153 0.919415 0.967421 0.917893 0.903457 0.990718 0.869202 0.811858 0.983544 0.821676 0.995011 0.892563 0.818523 0.914735 0.900706 0.821107 0.850894 0.943952 0.850374 0.766078 0.987499 0.985299 0.750645 0.870528
0.974785 0.829660 0.970391 0.799888 0.915436 0.669629 0.861660 0.701928 0.935287 0.953808 0.843282 0.603356 0.521605 0.403475 0.492815 0.000000 0.956978 0.821212 0.838108 0.803254 0.953520 0.836443 0.528983 0.589641 0.888644 0.955184 0.952768 0.987287 0.824561 0.792344 0.797059 0.703486 0.764905 0.751109 0.950305 0.995740 0.920451 0.968923 0.763321 0.937339 0.787752 0.806544 0.971371 0.950941 0.874705 0.831670 0.928350 0.755670 0.775006 0.925748 0.869254 0.876681 0.962007 0.902457 0.996702 0.808353 0.943628 0.885507 0.928005 0.956000 0.596563 0.663594 0.717961 0.638454 0.792928 0.726887 0.928377 0.737270 0.710119 0.934398 0.940595 0.774996 0.831188 0.832347 0.932491 0.848102 0.886343 0.894747 0.733007 0.767129 0.748128 0.729855 0.556277 0.907551 0.661091 0.692350 0.650375 0.706576 0.908303 0.983958 0.912729 0.841585 0.888563 0.839248 0.946416 0.916495 0.955621 0.899617 0.836969 0.854908 0.885547 0.910389 0.875104 0.833088 0.804281 0.840844 0.944788 0.946281 0.963649 0.868539 0.759365 0.776140 0.950983 0.904875 0.751714 0.987803
0.554303 0.551984 0.979005 0.996785 0.974918 0.869010 0.988474 0.899152 0.744508 0.791624 0.577993 0.557231 0.863131 0.817313 0.885111 0.956978 0.000000 0.358492 0.520686 0.447458 0.968234 0.912563 0.868879 0.896414 0.995544 0.901257 0.951135 0.841484 0.413203 0.436884 0.780916 0.728345 0.567109 0.571321 0.999737 0.978415 0.957020 0.953990 0.929100 0.986150 0.991259 0.815009 0.753031 0.560245 0.773552 0.697589 0.655304 0.692047 0.841062 0.901629 0.819269 0.931039 0.961845 0.900374 0.871078 0.896045 0.450265 0.483399 0.633361 0.740589 0.779535 0.821972 0.515419 0.558192 0.932801 0.965933 0.925160 0.853636 0.793586 0.526622 0.802829 0.776863 0.589013 0.601408 0.932070 0.938691 0.769117 0.857689 0.660963 0.590087 0.505865 0.590272 0.823418 0.799656 0.991646 0.986818 0.855078 0.958821 0.746931 0.939786 0.643838 0.600336 0.656189 0.694860 0.846173 0.835675 0.790191 0.888091 0.960672 0.895753 0.911798 0.978662 0.679052 0.703944 0.969798 0.893025 0.942616 0.811589 0.980870 0.710472 0.747624 0.886485 0.983925 0.845933 0.863948 0.976027
0.500876 0.483258 0.912164 0.993403 0.910429 0.934806 0.982660 0.802658 0.713171 0.840919 0.601916 0.468092 0.827683 0.741705 0.844952 0.821212 0.358492 0.000000 0.558578 0.415362 0.997210 0.984878 0.920961 0.927253 0.894447 0.864745 0.929407 0.855472 0.418084 0.415163 0.809246 0.771874 0.605689 0.514822 0.978567 0.973787 0.993270 0.911495 0.992163 0.997994 0.913095 0.852744 0.782505 0.576900 0.804741 0.703979 0.719599 0.684410 0.924845 0.939701 0.900833 0.943092 0.864494 0.841379 0.893762 0.955110 0.406022 0.438539 0.652991 0.658802 0.736908 0.684754 0.457867 0.446733 0.929995 0.977328 0.925165 0.817690 0.779897 0.461695 0.713550 0.715313 0.545811 0.597494 0.889154 0.843903 0.685687 0.793335 0.552475 0.544344 0.428562 0.506943 0.731673 0.700959 0.966445 0.913414 0.941675 0.998500 0.718887 0.901220 0.665874 0.534232 0.621102 0.635012 0.792826 0.836550 0.693861 0.805581 0.892569 0.823543 0.855747 0.985394 0.630803 0.747851 0.902904 0.977935 0.998896 0.853812 0.922078 0.637007 0.667160 0.857298 0.964326 0.836918 0.797693 0.989935
0.546944 0.615686 0.652028 0.663241 0.913274 0.931484 0.676243 0.806763 0.941989 0.950775 0.705645 0.712888 0.746875 0.854168 0.832897 0.838108 0.520686 0.558578 0.000000 0.535658 0.796885 0.873184 0.801167 0.771852 0.721586 0.709664 0.881495 0.981485 0.634403 0.699703 0.644918 0.729631 0.507476 0.515065 0.859920 0.959655 0.914779 0.824757 0.956241 0.961938 0.897964 0.895462 0.587782 0.532685 0.797398 0.771949 0.537906 0.642521 0.947258 0.980290 0.804076 0.910989 0.916936 0.846127 0.878788 0.901548 0.548388 0.698620 0.637086 0.848500 0.698970 0.910701 0.643914 0.819173 0.683654 0.725633 0.600938 0.596170 0.815926 0.683079 0.770844 0.712132 0.756066 0.702020 0.989151 0.816208 0.697245 0.813313 0.758130 0.647517 0.628296 0.574579 0.754021 0.760825 0.735845 0.677629 0.833079 0.935546 0.927404 0.872909 0.914833 0.859348 0.900775 0.989936 0.988347 0.812741 0.808656 0.817938 0.937746 0.768723 0.696059 0.880056 0.793775 0.763797 0.792797 0.897991 0.944944 0.924736 0.885952 0.906308 0.679575 0.899897 0.959347 0.998916 0.831118 0.864137
0.568906 0.559399 0.954391 0.866263 0.920270 0.969502 0.899411 0.756701 0.765590 0.800940 0.649416 0.507598 0.784867 0.758283 0.877234 0.803254 0.447458 0.415362 0.535658 0.000000 0.988873 0.944650 0.956663 0.892546 0.977345 0.911268 0.980297 0.823531 0.483590 0.476335 0.795852 0.735545 0.569222 0.552765 0.922638 0.954030 0.946253 0.818899 0.913206 0.980487 0.970367 0.853432 0.704305 0.586972 0.880286 0.744631 0.738868 0.703046 0.958914 0.910683 0.853177 0.929770 0.856891 0.811280 0.977720 0.910056 0.506511 0.519006 0.665578 0.706454 0.710768 0.723634 0.543106 0.566977 0.967077 0.880483 0.795139 0.723787 0.832452 0.544714 0.750684 0.665037 0.660009 0.735626 0.967914 0.872721 0.667820 0.743560 0.625971 0.604760 0.489191 0.552889 0.830110 0.772379 0.890139 0.863270 0.800788 0.983601 0.686352 0.901632 0.755683 0.654773 0.749139 0.727795 0.812889 0.834519 0.774453 0.832859 0.961331 0.840259 0.721015 0.993407 0.640619 0.750462 0.768621 0.923725 0.903594 0.903665 0.950337 0.728171 0.586036 0.903031 0.988579 0.781906 0.767762 0.970482
0.864825 0.924119 0.679442 0.717236 0.807695 0.922408 0.735292 0.929516 0.910662 0.716784 0.824374 0.903788 0.895071 0.941182 0.988054 0.953520 0.968234 0.997210 0.796885 0.988873 0.000000 0.933265 0.923277 0.844075 0.754720 0.622120 0.906076 0.808152 0.923667 0.938369 0.927805 0.983455 0.928302 0.885110 0.868969 0.910778 0.899097 0.934819 0.707114 0.893538 0.965778 0.928432 0.990244 0.979775 0.786662 0.771151 0.905359 0.939146 0.721448 0.762125 0.840056 0.811026 0.722743 0.805256 0.982282 0.878453 0.992671 0.865586 0.967495 0.879839 0.946530 0.843985 0.990981 0.807792 0.784511 0.778028 0.801636 0.795085 0.938292 0.963455 0.975946 0.983905 0.927301 0.906481 0.846877 0.839566 0.950923 0.913068 0.989594 0.812537 0.989296 0.897798 0.996541 0.934520 0.819407 0.719162 0.886860 0.988870 0.981812 0.902163 0.921240 0.974730 0.999431 0.904939 0.835169 0.923759 0.876906 0.955701 0.767753 0.958259 0.937461 0.944331 0.829451 0.891447 0.948603 0.980777 0.942861 0.945353 0.974621 0.993975 0.988634 0.808787 0.940496 0.936889 0.946643 0.889671
0.924442 0.958539 0.897563 0.966409 0.762488 0.882772 0.986008 0.938247 0.982004 0.945511 0.916207 0.940685 0.868026 0.863364 0.883879 0.836443 0.912563 0.984878 0.873184 0.944650 0.933265 0.000000 0.863028 0.943363 0.914242 0.999902 0.909645 0.924294 0.818553 0.917838 0.889390 0.964381 0.885529 0.893314 0.952977 0.836991 0.842418 0.807320 0.862060 0.863430 0.930962 0.948881 0.810112 0.897840 0.992408 0.914325 0.780095 0.986019 0.898018 0.856586 0.860051 0.979896 0.844665 0.989394 0.981903 0.945062 0.963623 0.982299 0.892976 0.940149 0.853950 0.825213 0.969370 0.961470 0.941821 0.879655 0.944410 0.926640 0.989647 0.986101 0.945083 0.996245 0.963203 0.881327 0.933913 0.818169 0.967350 0.984958 0.970590 0.995176 0.994242 0.952191 0.897342 0.984245 0.819822 0.831004 0.740920 0.805748 0.943824 0.902932 0.892984 0.977667 0.923382 0.907301 0.952601 0.901594 0.875629 0.921098 0.898061 0.910176 0.955894 0.920980 0.914826 0.745598 0.859041 0.853209 0.853886 0.973903 0.955407 0.870936 0.900310 0.965612 0.888015 0.944583 0.977229 0.918168
0.885983 0.947796 0.647158 0.543371 0.741261 0.684617 0.563186 0.647780 0.719414 0.944748 0.829330 0.863093 0.496295 0.628871 0.530038 0.528983 0.868879 0.920961 0.801167 0.956663 0.923277 0.863028 0.000000 0.412042 0.892502 0.735015 0.756266 0.891149 0.887092 0.923244 0.782609 0.770932 0.726691 0.786030 0.792453 0.822405 0.845297 0.996653 0.870966 0.965199 0.733230 0.813192 0.977492 0.982898 0.843931 0.888728 0.909111 0.766898 0.820764 0.881159 0.839786 0.903207 0.901828 0.854136 0.915997 0.919623 0.862521 0.853265 0.899756 0.924600 0.549704 0.783889 0.922758 0.959556 0.505889 0.516529 0.701458 0.586565 0.688941 0.778194 0.903517 0.877848 0.729952 0.737719 0.856541 0.903635 0.975042 0.845705 0.970871 0.975810 0.879464 0.807971 0.592501 0.896495 0.419531 0.458769 0.735330 0.628340 0.846627 0.794904 0.625637 0.864855 0.828956 0.892577 0.878512 0.899267 0.933279 0.999746 0.822483 0.721559 0.712366 0.725900 0.964841 0.825541 0.631345 0.810015 0.912233 0.979178 0.980425 0.991022 0.873718 0.857534 0.976412 0.963564 0.730080 0.938682
0.983175 0.978146 0.626053 0.479461 0.818497 0.741102 0.638525 0.718594 0.890923 0.856794 0.820257 0.877069 0.642401 0.737117 0.711040 0.589641 0.896414 0.927253 0.771852 0.892546 0.844075 0.943363 0.412042 0.000000 0.787625 0.715233 0.730281 0.946306 0.849167 0.888745 0.800767 0.753175 0.805914 0.777657 0.915541 0.830370 0.852630 0.924236 0.997909 0.956001 0.902872 0.922340 0.925317 0.946616 0.967737 0.970052 0.813604 0.818157 0.780374 0.909380 0.843021 0.974277 0.952848 0.913828 0.932006 0.949079 0.999509 0.945724 0.970600 0.974233 0.699882 0.858296 0.947409 0.991980 0.541188 0.524344 0.722081 0.597495 0.851981 0.841543 0.978106 0.777664 0.729216 0.779285 0.961525 0.940208 0.963136 0.843077 0.957748 0.857905 0.856896 0.755702 0.706943 0.864479 0.475060 0.472755 0.789858 0.640499 0.855753 0.809822 0.707146 0.836745 0.807351 0.826260 0.846548 0.921841 0.960300 0.895567 0.957852 0.828329 0.648923 0.835516 0.939272 0.880402 0.679184 0.722611 0.980740 0.938821 0.889303 0.943841 0.863351 0.996172 0.896354 0.936247 0.830575 0.749764
0.801389 0.903872 0.483745 0.702080 0.963248 0.935445 0.686476 0.923488 0.936318 0.863772 0.954251 0.726827 0.971549 0.809359 0.947093 0.888644 0.995544 0.894447 0.721586 0.977345 0.754720 0.914242 0.892502 0.787625 0.000000 0.521924 0.819983 0.943055 0.838827 0.810516 0.725706 0.932671 0.864764 0.858526 0.790977 0.999024 0.765025 0.926211 0.725545 0.804986 0.890149 0.959257 0.584854 0.716547 0.941918 0.932519 0.649693 0.738339 0.963964 0.831694 0.946772 0.919683 0.951111 0.850088 0.828433 0.824342 0.866561 0.999384 0.726831 0.917034 0.997170 0.769395 0.786367 0.654083 0.590839 0.802862 0.658143 0.756861 0.857530 0.989527 0.837287 0.908315 0.947717 0.914596 0.897528 0.994155 0.917375 0.956609 0.953283 0.972390 0.992499 0.874314 0.886077 0.922232 0.774040 0.811723 0.812627 0.961537 0.870247 0.869783 0.936203 0.827794 0.823202 0.756911 0.943443 0.828168 0.924409 0.997274 0.897323 0.912439 0.801271 0.974371 0.937011 0.906058 0.888616 0.947063 0.980128 0.911615 0.920263 0.933888 0.980434 0.935138 0.955312 0.943934 0.958183 0.691200
0.850233 0.967074 0.516862 0.563019 0.898166 0.835052 0.641423 0.982934 0.795380 0.790563 0.948115 0.776575 0.944300 0.801651 0.935908 0.955184 0.901257 0.864745 0.709664 0.911268 0.622120 0.999902 0.735015 0.715233 0.521924 0.000000 0.797962 0.806683 0.758417 0.692878 0.712619 0.974564 0.818015 0.845337 0.861958 0.911905 0.735960 0.958369 0.727936 0.864685 0.927031 0.920791 0.768631 0.858399 0.998811 0.975512 0.733272 0.845073 0.964189 0.968001 0.990752 0.984423 0.914022 0.878251 0.823840 0.832132 0.934990 0.920639 0.906495 0.933511 0.965898 0.807896 0.826432 0.677224 0.547358 0.693458 0.603849 0.664043 0.938425 0.826108 0.834517 0.907869 0.962886 0.971237 0.893798 0.882397 0.941248 0.904340 0.886191 0.999371 0.961727 0.890292 0.977876 0.959728 0.675098 0.630770 0.803104 0.938627 0.852136 0.763506 0.820865 0.724657 0.758063 0.723635 0.811605 0.861257 0.943678 0.956048 0.955703 0.876230 0.811776 0.900724 0.739779 0.963052 0.848966 0.869253 0.812104 0.981187 0.881317 0.912227 0.948756 0.886920 0.952674 0.857266 0.848297 0.803814
0.999857 0.913083 0.839550 0.853543 0.889925 0.926541 0.875124 0.995181 0.920412 0.827721 0.894873 0.901596 0.928752 0.994513 0.912839 0.952768 0.951135 0.929407 0.881495 0.980297 0.906076 0.909645 0.756266 0.730281 0.819983 0.797962 0.000000 0.968745 0.795512 0.940847 0.947814 0.866559 0.932379 0.953549 0.910358 0.983512 0.977892 0.998909 0.878331 0.984405 0.958331 0.955369 0.955170 0.905395 0.920377 0.916924 0.919819 0.977831 0.861911 0.927372 0.896353 0.835597 0.890928 0.890875 0.975248 0.914857 0.977051 0.922994 0.903077 0.878103 0.983583 0.905416 0.919753 0.876748 0.846560 0.856284 0.993540 0.941623 0.977136 0.968450 0.983531 0.957554 0.835763 0.923619 0.976027 0.964914 0.940029 0.960933 0.960460 0.918876 0.982526 0.954768 0.969481 0.989468 0.808825 0.781930 0.995515 0.856413 0.983641 0.983721 0.889906 0.948645 0.967175 0.891009 0.970122 0.877116 0.882202 0.761805 0.935464 0.950196 0.840122 0.915698 0.988237 0.996795 0.836091 0.842307 0.854959 0.871108 0.969379 0.991322 0.986619 0.990070 0.918308 0.918589 0.984217 0.837951
0.868337 0.910770 0.878047 0.835608 0.981730 0.849801 0.981541 0.994051 0.950972 0.923558 0.780260 0.855467 0.988112 0.994827 0.938710 0.987287 0.841484 0.855472 0.981485 0.823531 0.808152 0.924294 0.891149 0.946306 0.943055 0.806683 0.968745 0.000000 0.883057 0.916451 0.894739 0.967563 0.983894 0.950183 0.841276 0.991370 0.849690 0.984304 0.917248 0.904262 0.938772 0.951832 0.941765 0.895470 0.981264 0.929815 0.941264 0.998680 0.968055 0.975690 0.983569 0.868360 0.999649 0.888801 0.853112 0.996655 0.867334 0.919332 0.843587 0.891365 0.924848 0.878548 0.971326 0.875542 0.851758 0.954070 0.936136 0.995433 0.779244 0.882638 0.979707 0.930884 0.842273 0.926653 0.957617 0.916126 0.999487 0.993927 0.892369 0.928901 0.842284 0.860553 0.966296 0.998443 0.997436 0.942403 0.991370 0.953232 0.797506 0.987768 0.892269 0.890386 0.859183 0.951910 0.987168 0.984400 0.973574 0.903547 0.921166 0.936146 0.918153 0.839547 0.911767 0.912129 0.959026 0.963373 0.946295 0.922085 0.982242 0.953449 0.894326 0.955885 0.873516 0.819557 0.993946 0.915221
0.655261 0.593225 0.862468 0.897979 0.913443 0.922789 0.939532 0.833869 0.796561 0.625347 0.614923 0.493280 0.845216 0.714773 0.828343 0.824561 0.413203 0.418084 0.634403 0.483590 0.923667 0.818553 0.887092 0.849167 0.838827 0.758417 0.795512 0.883057 0.000000 0.397225 0.743114 0.739698 0.575029 0.573500 0.980466 0.853971 0.991655 0.869640 0.748838 0.989760 0.895877 0.868091 0.800113 0.605369 0.682457 0.585675 0.742587 0.707044 0.786466 0.834157 0.725003 0.904574 0.920564 0.901340 0.925363 0.891913 0.574862 0.547288 0.732280 0.746071 0.770012 0.743470 0.466616 0.472127 0.831192 0.872140 0.975161 0.910874 0.904797 0.547661 0.885985 0.847450 0.626803 0.641135 0.893218 0.867665 0.756490 0.850777 0.670454 0.643633 0.536883 0.700585 0.816705 0.838992 0.890550 0.891757 0.907418 0.995466 0.723119 0.971428 0.635934 0.570675 0.663606 0.628230 0.813210 0.852504 0.800627 0.825890 0.899927 0.884144 0.916034 0.990355 0.609016 0.718912 0.990266 0.928651 0.865195 0.835176 0.922903 0.702279 0.723953 0.790347 0.988602 0.789583 0.852990 0.912545
0.790201 0.686346 0.828774 0.871039 0.991535 0.890448 0.873102 0.894783 0.660536 0.719843 0.706440 0.533793 0.806158 0.646722 0.775060 0.792344 0.436884 0.415163 0.699703 0.476335 0.938369 0.917838 0.923244 0.888745 0.810516 0.692878 0.940847 0.916451 0.397225 0.000000 0.764246 0.692413 0.641668 0.595312 0.934807 0.875469 0.911816 0.999122 0.836845 0.935569 0.941571 0.947979 0.922879 0.712541 0.845538 0.762339 0.848216 0.805324 0.980116 0.966669 0.886514 0.929987 0.974147 0.960559 0.956399 0.774953 0.636732 0.613141 0.860300 0.830180 0.815331 0.798017 0.513428 0.498260 0.759077 0.822513 0.860533 0.999867 0.980971 0.585143 0.919577 0.799366 0.715430 0.715405 0.959951 0.826282 0.848733 0.865741 0.666447 0.582796 0.574980 0.697598 0.764314 0.842556 0.867772 0.869853 0.977831 0.982618 0.709971 0.867873 0.607770 0.449450 0.554154 0.540274 0.776003 0.886089 0.846231 0.839516 0.973103 0.946942 0.977586 0.907741 0.566550 0.891033 0.993326 0.874334 0.934456 0.765438 0.838516 0.657580 0.700151 0.878740 0.996755 0.833782 0.889989 0.838302
0.862493 0.765750 0.741276 0.765709 0.991850 0.745690 0.871228 0.936096 0.996927 0.785631 0.845180 0.955743 0.837474 0.899754 0.813975 0.797059 0.780916 0.809246 0.644918 0.795852 0.927805 0.889390 0.782609 0.800767 0.725706 0.712619 0.947814 0.894739 0.743114 0.764246 0.000000 0.613447 0.580705 0.673501 0.869231 0.956139 0.753074 0.869556 0.963452 0.887341 0.967386 0.942411 0.690751 0.687190 0.705447 0.706357 0.640484 0.572494 0.815161 0.830340 0.745289 0.954262 0.893809 0.841431 0.725347 0.979454 0.713567 0.781556 0.969660 0.943282 0.910643 0.949558 0.858844 0.938821 0.881733 0.996545 0.878151 0.840255 0.920185 0.850497 0.812548 0.773310 0.904830 0.903016 0.973310 0.758476 0.970407 0.836427 0.895702 0.732640 0.778109 0.761838 0.809857 0.808883 0.887114 0.895354 0.891804 0.801261 0.932579 0.923237 0.901224 0.855561 0.908309 0.906528 0.968031 0.740655 0.911258 0.862219 0.877089 0.977018 0.867225 0.953142 0.914133 0.984278 0.993503 0.993516 0.991219 0.855490 0.875782 0.870438 0.905248 0.870960 0.947047 0.990513 0.894503 0.970500
0.958399 0.915431 0.837949 0.869708 0.905058 0.892568 0.933673 0.960924 0.807323 0.971542 0.960193 0.837449 0.734948 0.692929 0.597223 0.703486 0.728345 0.771874 0.729631 0.735545 0.983455 0.964381 0.770932 0.753175 0.932671 0.974564 0.866559 0.967563 0.739698 0.692413 0.613447 0.000000 0.593245 0.794114 0.932179 0.900140 0.979955 0.919015 0.900162 0.915522 0.975894 0.878427 0.868170 0.805285 0.849386 0.834276 0.753373 0.721707 0.967716 0.949642 0.841323 0.989098 0.992514 0.965529 0.803495 0.912274 0.823013 0.780540 0.946627 0.986442 0.863869 0.988057 0.800471 0.819146 0.931759 0.976849 0.986467 0.882454 0.980735 0.876980 0.972929 0.685317 0.953866 0.921693 0.962848 0.881063 0.985695 0.880248 0.772301 0.634885 0.746722 0.732708 0.710458 0.755223 0.885208 0.865198 0.929561 0.752992 0.935667 0.976269 0.894448 0.839874 0.770086 0.891708 0.968021 0.924690 0.999784 0.807025 0.940892 0.933124 0.924068 0.954330 0.852691 0.951957 0.892196 0.922564 0.915388 0.915293 0.863579 0.856801 0.850974 0.752611 0.915779 0.905594 0.906980 0.988782
0.714819 0.606309 0.689943 0.635738 0.966580 0.928278 0.666835 0.644880 0.965343 0.741406 0.792657 0.678117 0.682467 0.705600 0.692571 0.764905 0.567109 0.605689 0.507476 0.569222 0.928302 0.885529 0.726691 0.805914 0.864764 0.818015 0.932379 0.983894 0.575029 0.641668 0.580705 0.593245 0.000000 0.507913 0.765625 0.987974 0.881676 0.926066 0.915602 0.979136 0.863574 0.822358 0.631542 0.534366 0.661965 0.641017 0.549258 0.525857 0.873275 0.843329 0.609722 0.779767 0.860144 0.919112 0.829050 0.995115 0.636068 0.637638 0.629182 0.718409 0.603256 0.760452 0.591742 0.671948 0.713009 0.756058 0.639833 0.553858 0.991607 0.833185 0.890943 0.727841 0.893660 0.909114 0.995504 0.860017 0.729262 0.794420 0.778239 0.649529 0.541860 0.619894 0.699848 0.762534 0.707568 0.724724 0.851888 0.879546 0.961316 0.725482 0.980327 0.886812 0.947501 0.939221 0.850208 0.798685 0.913106 0.900052 0.682538 0.702167 0.754025 0.795251 0.775045 0.825390 0.694493 0.921378 0.865823 0.936788 0.978135 0.839704 0.758004 0.833652 0.969124 0.968781 0.673775 0.999441
0.535501 0.509255 0.746790 0.654908 0.871477 0.943137 0.691648 0.574178 0.904856 0.805124 0.728079 0.564181 0.732294 0.722892 0.803859 0.751109 0.571321 0.514822 0.515065 0.552765 0.885110 0.893314 0.786030 0.777657 0.858526 0.845337 0.953549 0.950183 0.573500 0.595312 0.673501 0.794114 0.507913 0.000000 0.820417 0.998700 0.834764 0.851239 0.990679 0.946113 0.907722 0.863945 0.621964 0.504540 0.737972 0.660287 0.570187 0.524918 0.911606 0.934621 0.664495 0.891125 0.967740 0.930223 0.887470 0.985489 0.558618 0.611849 0.600637 0.655148 0.605006 0.648485 0.573128 0.601119 0.728550 0.707669 0.623542 0.537823 0.942642 0.740619 0.775156 0.712761 0.771743 0.738052 0.907759 0.887122 0.695628 0.671649 0.728019 0.680616 0.496459 0.580107 0.727054 0.705681 0.706757 0.682434 0.879759 0.861574 0.905739 0.812571 0.971675 0.823345 0.916014 0.934757 0.832493 0.701697 0.733531 0.845467 0.724607 0.702242 0.653117 0.978013 0.651981 0.768272 0.700881 0.901385 0.951783 0.880828 0.885000 0.669829 0.705247 0.776218 0.800194 0.892921 0.676542 0.876804
0.843193 0.879318 0.713879 0.702259 0.948437 0.796583 0.699039 0.789018 0.808203 0.899318 0.964772 0.937834 0.808408 0.939373 0.878602 0.950305 0.999737 0.978567 0.859920 0.922638 0.868969 0.952977 0.792453 0.915541 0.790977 0.861958 0.910358 0.841276 0.980466 0.934807 0.869231 0.932179 0.765625 0.820417 0.000000 0.875430 0.755855 0.966013 0.933161 0.979273 0.904394 0.994927 0.717020 0.721413 0.763224 0.765118 0.847879 0.726796 0.839620 0.767491 0.769304 0.757411 0.796734 0.873888 0.887586 0.856970 0.924020 0.887386 0.774697 0.832565 0.725779 0.789586 0.990397 0.982569 0.661453 0.711212 0.658738 0.678669 0.973953 0.903270 0.938650 0.965680 0.935175 0.918663 0.987851 0.923107 0.754115 0.787455 0.954452 0.919602 0.904208 0.883627 0.881480 0.803347 0.712473 0.752754 0.994424 0.926759 0.850227 0.774829 0.785879 0.839364 0.815310 0.778819 0.976849 0.790067 0.942570 0.951997 0.852237 0.910178 0.890395 0.706672 0.977867 0.879150 0.822885 0.996035 0.864556 0.987027 0.948068 0.979659 0.992530 0.919354 0.807005 0.943632 0.742641 0.942437
0.926881 0.993053 0.901241 0.894494 0.817893 0.862003 0.893399 0.942349 0.821365 0.980797 0.968536 0.950540 0.915637 0.965716 0.959707 0.995740 0.978415 0.973787 0.959655 0.954030 0.910778 0.836991 0.822405 0.830370 0.999024 0.911905 0.983512 0.991370 0.853971 0.875469 0.956139 0.900140 0.987974 0.998700 0.875430 0.000000 0.942698 0.990222 0.985730 0.867601 0.933532 0.962499 0.994995 0.934485 0.858851 0.916603 0.971024 0.983928 0.955040 0.940108 0.955306 0.934283 0.964734 0.967389 0.908154 0.999095 0.972849 0.908621 0.979400 0.995253 0.877568 0.881811 0.896299 0.921669 0.837078 0.877184 0.926471 0.924864 0.922289 0.934489 0.985522 0.941618 0.954894 0.934098 0.978351 0.933356 0.948463 0.898997 0.817987 0.978794 0.964166 0.932581 0.795716 0.940229 0.775166 0.834273 0.870046 0.771298 0.847323 0.823836 0.892238 0.960451 0.877976 0.946581 0.987359 0.934814 0.865613 0.947608 0.905435 0.921505 0.849005 0.869878 0.932288 0.875694 0.901837 0.929602 0.825329 0.926340 0.935715 0.994229 0.967865 0.991996 0.947440 0.984194 0.937762 0.999670
0.881438 0.816536 0.881146 0.903282 0.999828 0.856636 0.987721 0.975288 0.925227 0.939597 0.988725 0.943605 0.981439 0.825887 0.954829 0.920451 0.957020 0.993270 0.914779 0.946253 0.899097 0.842418 0.845297 0.852630 0.765025 0.735960 0.977892 0.849690 0.991655 0.911816 0.753074 0.979955 0.881676 0.834764 0.755855 0.942698 0.000000 0.690481 0.761467 0.931395 0.879332 0.900285 0.783204 0.852902 0.766160 0.716866 0.751931 0.716519 0.742851 0.692963 0.856446 0.836629 0.893805 0.883837 0.749404 0.719659 0.827461 0.822711 0.995127 0.999341 0.948449 0.987719 0.987634 0.986684 0.890966 0.974899 0.848252 0.794944 0.981851 0.937842 0.686248 0.883808 0.993283 0.938016 0.920493 0.924225 0.980234 0.775955 0.958159 0.993782 0.934032 0.891058 0.946433 0.814890 0.923035 0.958420 0.878379 0.855668 0.815948 0.837474 0.994366 0.930691 0.834035 0.986144 0.988753 0.808871 0.924879 0.834756 0.770697 0.951560 0.774190 0.953936 0.921263 0.928995 0.897389 0.842788 0.954950 0.909906 0.897839 0.814666 0.892288 0.909079 0.983357 0.924509 0.771586 0.952157
0.837156 0.776456 0.983500 0.955961 0.894514 0.872091 0.933508 0.972407 0.991843 0.779202 0.999114 0.913909 0.882118 0.911404 0.961011 0.968923 0.953990 0.911495 0.824757 0.818899 0.934819 0.807320 0.996653 0.924236 0.926211 0.958369 0.998909 0.984304 0.869640 0.999122 0.869556 0.919015 0.926066 0.851239 0.966013 0.990222 0.690481 0.000000 0.928821 0.942903 0.940390 0.844042 0.654045 0.738334 0.707765 0.681982 0.716611 0.660353 0.695006 0.693481 0.884777 0.864134 0.870689 0.990854 0.852225 0.817756 0.796123 0.808952 0.908711 0.984352 0.914522 0.903086 0.944407 0.950226 0.966255 0.953788 0.872151 0.927867 0.729712 0.831514 0.773649 0.700769 0.856011 0.825649 0.947009 0.962805 0.985786 0.889285 0.874789 0.945888 0.966806 0.949989 0.921842 0.928446 0.924835 0.993379 0.892545 0.980543 0.820992 0.967911 0.942980 0.937827 0.855955 0.901681 0.978937 0.792381 0.687026 0.722725 0.826885 0.801896 0.725040 0.912358 0.801837 0.682642 0.927958 0.721765 0.891392 0.998178 0.931803 0.911386 0.792663 0.861683 0.892142 0.835147 0.882454 0.819086
