0.000000 0.189035 0.687994 0.549892 0.971052 0.907616 0.517506 0.380332 0.764692 0.980454 0.391032 0.231698 0.330138 0.336295 0.595588 0.534338 0.247529 0.245139 0.256762 0.243209 0.694850 0.903954 0.610820 0.567395 0.698923 0.825019 0.662204 0.884937 0.328875 0.298410 0.652186 0.490790 0.313582 0.301039 0.818278 0.963587 0.636429 0.541739 0.923940 0.692824 0.636796 0.660845 0.893379 0.654713 0.987870 0.782653 0.447720 0.559545 0.742210 0.562842 0.618255 0.558057 0.787012 0.962583 0.331925 0.449913 0.188016 0.183789 0.349110 0.314988 0.288451 0.296042 0.218921 0.195094 0.584547 0.481707 0.703340 0.647050 0.348140 0.311114 0.992406 0.746853 0.766012 0.894307 0.767096 0.861131 0.955894 0.941151 0.510831 0.482549 0.271605 0.300946 0.390634 0.336893 0.256626 0.281809 0.940294 0.667772 0.396171 0.266288 0.506883 0.495961 0.464093 0.395261 0.966329 0.971670 0.987893 0.964534 0.952664 0.978624 0.898692 0.878764 0.831576 0.753034 0.791465 0.709913 0.815113 0.872086 0.884145 0.817035 0.822840 0.918742 0.952070 0.925792 0.714632 0.638358
0.189035 0.000000 0.579017 0.465463 0.942324 0.826754 0.522206 0.378717 0.731287 0.926509 0.466969 0.268367 0.397432 0.402660 0.637273 0.550273 0.238714 0.239852 0.269666 0.273392 0.622061 0.930289 0.585360 0.537827 0.591097 0.732926 0.571460 0.936348 0.383603 0.298894 0.564265 0.458043 0.323310 0.293848 0.755367 0.850899 0.509542 0.471669 0.826601 0.694560 0.636434 0.644390 0.814426 0.597048 0.986677 0.786264 0.398866 0.508364 0.790274 0.572020 0.610438 0.527582 0.734613 0.979658 0.331291 0.435404 0.158891 0.167400 0.354127 0.313886 0.344102 0.314824 0.292201 0.237696 0.500335 0.404233 0.621097 0.584434 0.326730 0.275387 0.952033 0.788840 0.731086 0.893701 0.747820 0.828700 0.993883 0.972998 0.471271 0.428129 0.272502 0.330560 0.335919 0.304084 0.289496 0.272778 0.876881 0.667000 0.481206 0.261296 0.454249 0.460688 0.437260 0.389860 0.989796 0.989589 0.976571 0.995136 0.886880 0.981962 0.826999 0.799340 0.883415 0.836760 0.744206 0.679736 0.774278 0.910890 0.910089 0.757258 0.816022 0.958160 0.973382 0.933953 0.682425 0.651340
0.687994 0.579017 0.000000 0.262312 0.963118 0.913983 0.541813 0.551180 0.792540 0.819352 0.905662 0.754582 0.761196 0.702846 0.687057 0.475500 0.638730 0.651563 0.532940 0.599102 0.538326 0.994693 0.397528 0.408996 0.277729 0.305036 0.503621 0.956207 0.831845 0.630008 0.367713 0.492295 0.561462 0.656066 0.521303 0.601445 0.516899 0.525205 0.625236 0.885359 0.872845 0.717482 0.862424 0.772462 0.766236 0.814345 0.690754 0.741177 0.719802 0.953274 0.967090 0.884108 0.845533 0.928881 0.722134 0.873188 0.591335 0.572471 0.781910 0.713311 0.657615 0.641041 0.803341 0.747612 0.278622 0.329874 0.485841 0.579164 0.633398 0.630787 0.569033 0.842746 0.665926 0.758087 0.660278 0.917014 0.773002 0.765839 0.783826 0.837417 0.829965 0.821048 0.537499 0.745712 0.621356 0.513324 0.839046 0.887662 0.877852 0.665433 0.792417 0.710513 0.875421 0.838257 0.965490 0.874640 0.904013 0.972484 0.826639 0.942408 0.972471 0.849682 0.846000 0.926798 0.650257 0.705648 0.722598 0.888798 0.948162 0.773078 0.854626 0.910102 0.888137 0.951153 0.587318 0.950049
0.549892 0.465463 0.262312 0.000000 0.912623 0.975697 0.400543 0.339036 0.802216 0.966775 0.903815 0.622634 0.650291 0.560606 0.653956 0.401856 0.575319 0.597967 0.419309 0.545641 0.545215 0.977499 0.282159 0.346118 0.389242 0.408481 0.553353 0.951034 0.740150 0.601867 0.270885 0.374910 0.393943 0.530580 0.509673 0.665606 0.537329 0.541321 0.772643 0.899781 0.874490 0.725740 0.646703 0.562001 0.961438 0.957988 0.534491 0.547312 0.955260 0.776677 0.680143 0.607022 0.628650 0.715151 0.617173 0.732782 0.464929 0.460934 0.575062 0.462150 0.543248 0.450834 0.670285 0.578088 0.335603 0.283540 0.377018 0.427562 0.632947 0.511999 0.489767 0.782531 0.555082 0.683685 0.691922 0.819191 0.724655 0.686951 0.568045 0.647347 0.713862 0.760680 0.495256 0.677432 0.521159 0.396338 0.939777 0.835918 0.742854 0.493332 0.854192 0.783430 0.889161 0.832097 0.894146 0.809735 0.807820 0.843415 0.986064 0.863420 0.971882 0.991990 0.951017 0.949909 0.531596 0.533468 0.630231 0.795073 0.984474 0.677841 0.771360 0.908897 0.915961 0.980374 0.484814 0.969016
0.971052 0.942324 0.963118 0.912623 0.000000 0.607294 0.724670 0.746243 0.485603 0.583389 0.920620 0.930364 0.797684 0.824972 0.597204 0.718510 0.986531 0.963393 0.870126 0.960011 0.940748 0.951032 0.688369 0.783806 0.858651 0.955646 0.973578 0.906586 0.840908 0.906816 0.743501 0.786078 0.868307 0.937076 0.910364 0.976326 0.844990 0.816090 0.826614 0.747153 0.722659 0.959201 0.868265 0.960989 0.820442 0.900467 0.991570 0.946980 0.920436 0.949403 0.819180 0.852759 0.743577 0.685437 0.956937 0.983596 0.961185 0.980129 0.965489 0.965804 0.775210 0.719356 0.892257 0.930381 0.990790 0.908669 0.841724 0.918324 0.897802 0.972186 0.716603 0.802327 0.805689 0.677871 0.995824 0.925073 0.829979 0.856219 0.951008 0.896349 0.956561 0.947004 0.943512 0.854631 0.881146 0.965175 0.868255 0.923400 0.967715 0.998113 0.625169 0.674505 0.644802 0.672072 0.872076 0.924695 0.994925 0.863068 0.718814 0.723673 0.733130 0.580372 0.846513 0.830170 0.760508 0.846817 0.990622 0.930391 0.922053 0.923325 0.816064 0.856614 0.827673 0.956519 0.872323 0.928522
0.907616 0.826754 0.913983 0.975697 0.607294 0.000000 0.798796 0.876344 0.520387 0.603854 0.848607 0.950223 0.959891 0.996164 0.858363 0.834313 0.951704 0.897302 0.978230 0.899162 0.791302 0.887966 0.773080 0.866305 0.871034 0.919860 0.818014 0.936818 0.935260 0.937959 0.859480 0.998278 0.996904 0.995702 0.873951 0.983228 0.792975 0.885693 0.827680 0.852364 0.801643 0.974747 0.852158 0.905756 0.657677 0.786744 0.953374 0.865615 0.798460 0.836220 0.831680 0.870494 0.759927 0.700229 0.943765 0.860586 0.866513 0.883374 0.988848 0.975755 0.918784 0.934257 0.984068 0.992334 0.839759 0.942542 0.858231 0.838847 0.771348 0.896054 0.858823 0.811858 0.877953 0.817856 0.859213 0.921473 0.754667 0.802521 0.884774 0.882772 0.974859 0.986917 0.924733 0.837655 0.951863 0.980410 0.920336 0.942749 0.948401 0.971581 0.518644 0.619601 0.576015 0.718162 0.833650 0.936304 0.859837 0.900680 0.612720 0.659504 0.753613 0.749638 0.719845 0.855376 0.808156 0.871209 0.953423 0.825897 0.949182 0.833079 0.990797 0.661564 0.808534 0.973186 0.771487 0.803871
0.517506 0.522206 0.541813 0.400543 0.724670 0.798796 0.000000 0.214345 0.718017 0.528760 0.894976 0.617356 0.555022 0.549415 0.603735 0.512810 0.565246 0.617844 0.387454 0.597588 0.760440 0.890262 0.367376 0.578332 0.827818 0.789943 0.836834 0.961659 0.519398 0.625088 0.294382 0.402153 0.371828 0.388882 0.593566 0.856331 0.808755 0.787055 0.883479 0.923926 0.951515 0.636833 0.540888 0.423729 0.645041 0.569539 0.454365 0.434579 0.605488 0.497762 0.409923 0.392023 0.422657 0.561637 0.497997 0.562490 0.488863 0.490284 0.344808 0.336784 0.350307 0.355348 0.441807 0.438921 0.729654 0.589933 0.384564 0.391674 0.816527 0.483536 0.612164 0.913893 0.518926 0.625775 0.761254 0.812895 0.546105 0.685031 0.555538 0.671038 0.600353 0.744389 0.607036 0.805765 0.515147 0.525974 0.773707 0.986477 0.676091 0.499854 0.910265 0.917652 0.881069 0.990712 0.753561 0.710255 0.711399 0.759432 0.566534 0.487180 0.759153 0.709387 0.654294 0.612092 0.530911 0.448153 0.566489 0.735269 0.864005 0.767836 0.603283 0.605211 0.665804 0.705691 0.462931 0.998305
0.380332 0.378717 0.551180 0.339036 0.746243 0.876344 0.214345 0.000000 0.799044 0.590709 0.758893 0.442460 0.436418 0.398429 0.531707 0.419261 0.455209 0.485863 0.299645 0.451610 0.702469 0.919440 0.341217 0.472854 0.764323 0.769430 0.809045 0.956668 0.441302 0.500240 0.309648 0.350173 0.284757 0.330301 0.634244 0.861544 0.738546 0.713341 0.903119 0.892990 0.897991 0.668698 0.504306 0.378456 0.689732 0.574134 0.382614 0.383703 0.601369 0.453456 0.361088 0.336268 0.406915 0.557917 0.436132 0.505884 0.364711 0.365720 0.308743 0.250467 0.306499 0.219133 0.374430 0.326198 0.645284 0.462576 0.413281 0.391590 0.665403 0.403493 0.614295 0.890819 0.478670 0.583552 0.750680 0.737796 0.634752 0.755733 0.462856 0.515401 0.464152 0.577090 0.522803 0.645844 0.389509 0.385493 0.837191 0.845322 0.566821 0.369131 0.979823 0.967055 0.963528 0.861604 0.763375 0.745319 0.736449 0.803098 0.635662 0.533139 0.806572 0.777953 0.710398 0.633049 0.527317 0.424113 0.587281 0.751267 0.899194 0.748979 0.619863 0.633659 0.703263 0.771028 0.479330 0.948521
0.764692 0.731287 0.792540 0.802216 0.485603 0.520387 0.718017 0.799044 0.000000 0.573824 0.704169 0.793641 0.997602 0.973433 0.806121 0.752352 0.764132 0.721851 0.981619 0.855594 0.932923 0.840843 0.653025 0.813319 0.980957 0.869110 0.853686 0.921320 0.891831 0.813325 0.639921 0.906304 0.923547 0.863881 0.834901 0.990350 0.774992 0.822230 0.855690 0.700135 0.665200 0.996361 0.857607 0.998968 0.940545 0.934621 0.881779 0.981808 0.879229 0.850158 0.980160 0.968060 0.826801 0.695087 0.857620 0.754079 0.736280 0.771405 0.843828 0.876948 0.979506 0.924972 0.832463 0.815359 0.983310 0.930924 0.865498 0.922777 0.732049 0.803885 0.527487 0.536458 0.665440 0.546442 0.981154 0.998845 0.672873 0.668473 0.836809 0.827446 0.739512 0.766188 0.832413 0.570000 0.874769 0.879864 0.833664 0.797073 0.818326 0.815989 0.371090 0.474535 0.385543 0.414923 0.794876 0.763363 0.739118 0.781728 0.666932 0.717902 0.612212 0.648645 0.977313 0.871475 0.748332 0.898476 0.849709 0.631597 0.953776 0.997622 0.957977 0.846120 0.815551 0.994721 0.769784 0.784563
0.980454 0.926509 0.819352 0.966775 0.583389 0.603854 0.528760 0.590709 0.573824 0.000000 0.835735 0.994930 0.875351 0.901713 0.890220 0.963109 0.926805 0.879719 0.896289 0.904422 0.803268 0.808658 0.846117 0.926791 0.560356 0.669637 0.599190 0.954521 0.801583 0.918772 0.754325 0.862777 0.856666 0.850659 0.991384 0.811572 0.656999 0.691980 0.507006 0.877093 0.743312 0.955532 0.600893 0.649981 0.459937 0.497327 0.823996 0.721944 0.478042 0.605021 0.504170 0.589899 0.533934 0.520727 0.925051 0.868677 0.954031 0.938370 0.694303 0.705670 0.771187 0.732374 0.812624 0.870655 0.640383 0.800701 0.822231 0.811164 0.703829 0.987210 0.752747 0.747079 0.768318 0.723034 0.827870 0.917411 0.613382 0.822383 0.903294 0.976188 0.980472 0.887540 0.791972 0.694137 0.981187 0.894286 0.526891 0.731032 0.917304 0.961998 0.425385 0.404756 0.474337 0.584822 0.698390 0.718900 0.699891 0.661125 0.307930 0.358614 0.503870 0.471736 0.582284 0.591207 0.807173 0.714019 0.767203 0.621819 0.913625 0.954110 0.724091 0.513338 0.540218 0.716375 0.781924 0.799945
0.391032 0.466969 0.905662 0.903815 0.920620 0.848607 0.894976 0.758893 0.704169 0.835735 0.000000 0.332431 0.347449 0.396202 0.540885 0.716264 0.365695 0.320673 0.508780 0.361533 0.816558 0.865542 0.964967 0.829141 0.836916 0.995593 0.745179 0.765457 0.385557 0.355504 0.999692 0.810343 0.648842 0.496528 0.920720 0.917301 0.768787 0.710382 0.984145 0.831910 0.583826 0.835262 0.717420 0.933143 0.731335 0.892205 0.843859 0.984218 0.958512 0.961696 0.947442 0.991762 0.813728 0.659732 0.582826 0.689910 0.484769 0.440721 0.787733 0.758018 0.445796 0.565902 0.403600 0.426880 0.701534 0.677647 0.848780 0.916207 0.453876 0.619634 0.732957 0.721456 0.988189 0.951327 0.785372 0.990266 0.656360 0.710233 0.778298 0.706836 0.473213 0.365426 0.601366 0.470207 0.465875 0.558628 0.837033 0.723717 0.603597 0.620200 0.501519 0.483474 0.444561 0.491573 0.678251 0.822153 0.711533 0.648951 0.676662 0.730906 0.832331 0.836780 0.999918 0.910586 0.834782 0.943228 0.851349 0.676338 0.805861 0.944851 0.944625 0.807893 0.657791 0.807238 0.974714 0.573580
0.231698 0.268367 0.754582 0.622634 0.930364 0.950223 0.617356 0.442460 0.793641 0.994930 0.332431 0.000000 0.255735 0.242858 0.434942 0.461542 0.241435 0.221676 0.289456 0.254897 0.693530 0.858217 0.618138 0.538044 0.722676 0.854646 0.675977 0.859095 0.323463 0.266150 0.709409 0.527079 0.366937 0.337348 0.798293 0.995588 0.687486 0.636617 0.971282 0.861158 0.678275 0.747630 0.949446 0.731799 0.966213 0.850917 0.534621 0.645061 0.835344 0.662888 0.698800 0.637586 0.832283 0.985138 0.370056 0.512114 0.275915 0.244940 0.497888 0.452761 0.287909 0.282741 0.258311 0.218974 0.569418 0.450785 0.815757 0.764252 0.351715 0.395729 0.936976 0.849367 0.761455 0.806202 0.743001 0.868635 0.926731 0.874278 0.543742 0.434272 0.266229 0.226431 0.377803 0.323623 0.242693 0.283247 0.848826 0.590807 0.388828 0.359234 0.549853 0.531953 0.498252 0.471028 0.875281 0.984768 0.859622 0.823178 0.890715 0.988079 0.855510 0.969831 0.861548 0.785540 0.814085 0.767633 0.886771 0.807265 0.784327 0.885030 0.835082 0.969765 0.859157 0.957963 0.763026 0.674778
0.330138 0.397432 0.761196 0.650291 0.797684 0.959891 0.555022 0.436418 0.997602 0.875351 0.347449 0.255735 0.000000 0.216803 0.301484 0.433469 0.312139 0.320857 0.313060 0.330478 0.757847 0.943812 0.594987 0.580343 0.813649 0.892162 0.756257 0.831419 0.302172 0.317133 0.665868 0.489266 0.405760 0.355858 0.839736 0.944387 0.774417 0.746624 0.913340 0.904502 0.724280 0.807429 0.950250 0.770728 0.969691 0.890200 0.598571 0.736969 0.883585 0.728316 0.736437 0.674575 0.837231 0.954588 0.442497 0.579939 0.405919 0.357356 0.591846 0.543970 0.224956 0.299608 0.265693 0.273920 0.619340 0.474263 0.867915 0.804435 0.518976 0.487340 0.991526 0.949874 0.644025 0.677451 0.712473 0.867904 0.984333 0.966996 0.628332 0.549995 0.363254 0.326006 0.446673 0.503201 0.316348 0.380100 0.947294 0.718638 0.495539 0.479557 0.740661 0.690378 0.659577 0.640299 0.927413 0.986592 0.931193 0.853417 0.989338 0.928559 0.986574 0.862285 0.854205 0.719720 0.836926 0.731725 0.919981 0.883488 0.737933 0.972837 0.864918 0.972824 0.894838 0.980706 0.705571 0.648429
0.336295 0.402660 0.702846 0.560606 0.824972 0.996164 0.549415 0.398429 0.973433 0.901713 0.396202 0.242858 0.216803 0.000000 0.309586 0.342533 0.343275 0.318481 0.312500 0.295761 0.692751 0.862306 0.501352 0.456781 0.765807 0.811841 0.726555 0.801550 0.363281 0.338682 0.631617 0.478703 0.403425 0.399451 0.791233 0.960707 0.784762 0.742459 0.954330 0.946155 0.778268 0.752145 0.923546 0.756822 0.938130 0.912204 0.603960 0.706273 0.906830 0.746948 0.709362 0.659051 0.811317 0.911156 0.467772 0.625219 0.406414 0.344622 0.597749 0.523656 0.274767 0.267731 0.313502 0.286902 0.570246 0.413640 0.802269 0.777681 0.531487 0.508333 0.916629 0.979870 0.596137 0.584264 0.651715 0.814916 0.979253 0.912753 0.566960 0.540894 0.399030 0.326605 0.449296 0.501923 0.297912 0.333188 0.906266 0.656195 0.510444 0.431697 0.739947 0.693102 0.682391 0.676619 0.971408 0.912081 0.894577 0.873038 0.984174 0.923843 0.987397 0.879572 0.888484 0.719320 0.748500 0.666831 0.907054 0.922299 0.773988 0.928265 0.832485 0.976999 0.936181 0.979952 0.702039 0.757807
0.595588 0.637273 0.687057 0.653956 0.597204 0.858363 0.603735 0.531707 0.806121 0.890220 0.540885 0.434942 0.301484 0.309586 0.000000 0.336186 0.480058 0.470535 0.506436 0.496699 0.713762 0.890591 0.495479 0.504736 0.795833 0.798776 0.818513 0.805603 0.433106 0.417752 0.645584 0.552902 0.538013 0.533528 0.773309 0.919581 0.851391 0.884909 0.905179 0.907490 0.937451 0.903156 0.934956 0.837045 0.966944 0.971365 0.744015 0.793283 0.986740 0.882533 0.831607 0.788193 0.817883 0.834014 0.589655 0.736272 0.639345 0.567374 0.812450 0.753916 0.349611 0.416674 0.481626 0.487122 0.575415 0.452426 0.816945 0.821110 0.724389 0.681790 0.888554 0.896522 0.600432 0.585513 0.624894 0.900002 0.943926 0.975444 0.670407 0.639508 0.544989 0.471407 0.509646 0.654279 0.418612 0.487218 0.914724 0.710189 0.680585 0.681137 0.907717 0.830005 0.855825 0.874228 0.951357 0.982604 0.803157 0.834990 0.995402 0.900246 0.974943 0.784926 0.907585 0.830245 0.776880 0.756236 0.964451 0.878662 0.715603 0.928014 0.820965 0.972798 0.928778 0.944876 0.754594 0.898592
0.534338 0.550273 0.475500 0.401856 0.718510 0.834313 0.512810 0.419261 0.752352 0.963109 0.716264 0.461542 0.433469 0.342533 0.336186 0.000000 0.489239 0.491638 0.432448 0.483728 0.588068 0.893809 0.249433 0.241666 0.556932 0.552057 0.636503 0.827414 0.535441 0.427993 0.446267 0.429662 0.415915 0.513727 0.524352 0.785059 0.758945 0.747377 0.939195 0.993133 0.897740 0.869206 0.773316 0.679666 0.997487 0.942800 0.591202 0.619533 0.998901 0.759355 0.708300 0.650708 0.663875 0.709851 0.521921 0.681727 0.528825 0.485181 0.666344 0.607168 0.397418 0.367546 0.532355 0.469867 0.386076 0.279432 0.506001 0.564103 0.672128 0.579879 0.680320 0.829563 0.540173 0.530871 0.613801 0.741217 0.782791 0.897436 0.603711 0.579613 0.563617 0.496222 0.429805 0.615495 0.341291 0.330557 0.841952 0.596948 0.597554 0.493475 0.896966 0.779756 0.883942 0.819771 0.933616 0.849239 0.960115 0.884436 0.967994 0.838706 0.983942 0.881597 0.927677 0.857853 0.528145 0.608289 0.801959 0.971187 0.840141 0.944676 0.778431 0.904450 0.975118 0.957044 0.576115 0.968988
0.247529 0.238714 0.638730 0.575319 0.986531 0.951704 0.565246 0.455209 0.764132 0.926805 0.365695 0.241435 0.312139 0.343275 0.480058 0.489239 0.000000 0.184410 0.308926 0.295648 0.667054 0.861142 0.589656 0.546718 0.625328 0.768818 0.606882 0.892218 0.267154 0.223989 0.632128 0.501330 0.345857 0.281889 0.733385 0.887425 0.638359 0.542290 0.907648 0.738611 0.658530 0.655755 0.897200 0.663422 0.968190 0.800883 0.425993 0.567518 0.817996 0.621614 0.705989 0.617250 0.794763 0.999452 0.282484 0.376345 0.239541 0.222534 0.473766 0.454615 0.290909 0.345370 0.259826 0.231731 0.505695 0.422067 0.690202 0.649125 0.380043 0.343829 0.954919 0.768863 0.768523 0.873561 0.713726 0.868761 0.996487 0.928639 0.527410 0.427097 0.237584 0.247797 0.322822 0.266995 0.245546 0.275550 0.792180 0.624288 0.471153 0.325411 0.488873 0.470902 0.461778 0.413329 0.876649 0.968143 0.892162 0.883436 0.848211 0.993486 0.849623 0.877692 0.869628 0.847283 0.811534 0.709463 0.896319 0.821185 0.787956 0.817164 0.816714 0.989108 0.862773 0.988725 0.704722 0.677596
0.245139 0.239852 0.651563 0.597967 0.963393 0.897302 0.617844 0.485863 0.721851 0.879719 0.320673 0.221676 0.320857 0.318481 0.470535 0.491638 0.184410 0.000000 0.313742 0.263662 0.647532 0.831324 0.639532 0.540023 0.629127 0.738477 0.591089 0.832561 0.306060 0.224077 0.681791 0.525128 0.363233 0.320843 0.774560 0.874371 0.620071 0.519757 0.904753 0.788216 0.655659 0.664625 0.940571 0.712341 0.954655 0.857291 0.496010 0.603774 0.864750 0.676419 0.735274 0.646409 0.839153 0.954994 0.306304 0.462134 0.238157 0.210483 0.513677 0.486174 0.308954 0.336674 0.281825 0.237124 0.486496 0.395611 0.751957 0.728100 0.376003 0.352528 0.898818 0.733649 0.815064 0.869824 0.711386 0.851488 0.911357 0.862989 0.506600 0.429159 0.242997 0.235079 0.338036 0.267265 0.256858 0.271056 0.758525 0.651952 0.491910 0.357382 0.437893 0.410216 0.411606 0.380105 0.907212 0.993341 0.815027 0.789166 0.790884 0.940265 0.790378 0.805362 0.913034 0.884910 0.828503 0.759199 0.894417 0.784226 0.787109 0.902336 0.834027 0.921748 0.809621 0.985757 0.751675 0.650408
0.256762 0.269666 0.532940 0.419309 0.870126 0.978230 0.387454 0.299645 0.981619 0.896289 0.508780 0.289456 0.313060 0.312500 0.506436 0.432448 0.308926 0.313742 0.000000 0.277089 0.653631 0.994058 0.435408 0.459622 0.615368 0.697483 0.640393 0.896631 0.388587 0.338297 0.461545 0.406869 0.307372 0.326318 0.663569 0.877822 0.600154 0.547217 0.968493 0.727944 0.657831 0.607895 0.858515 0.651066 0.991794 0.856319 0.466208 0.589188 0.864954 0.657656 0.647705 0.576278 0.747031 0.929089 0.345248 0.546612 0.270916 0.242483 0.428540 0.379428 0.273880 0.259499 0.294840 0.254965 0.496576 0.391833 0.593934 0.610521 0.406966 0.330697 0.852919 0.943701 0.622821 0.714192 0.713397 0.883450 0.929139 0.956883 0.601354 0.531461 0.362432 0.378823 0.381325 0.434339 0.279311 0.266395 0.913769 0.733892 0.495949 0.319546 0.689791 0.649878 0.675231 0.601225 0.952903 0.909587 0.894751 0.968879 0.965706 0.878169 0.915697 0.986035 0.826393 0.716467 0.640619 0.623869 0.759754 0.947525 0.820380 0.778742 0.710551 0.891567 0.922050 0.962383 0.582147 0.698597
0.243209 0.273392 0.599102 0.545641 0.960011 0.899162 0.597588 0.451610 0.855594 0.904422 0.361533 0.254897 0.330478 0.295761 0.496699 0.483728 0.295648 0.263662 0.277089 0.000000 0.631590 0.815849 0.598286 0.502821 0.608305 0.733838 0.591828 0.855098 0.397771 0.303115 0.653882 0.529153 0.388391 0.388796 0.818523 0.889861 0.588124 0.539232 0.917925 0.806935 0.664969 0.668827 0.944990 0.837947 0.811729 0.991299 0.583800 0.724140 0.978386 0.805756 0.826819 0.748594 0.945385 0.871038 0.455489 0.608109 0.285136 0.240335 0.545376 0.484558 0.344384 0.332612 0.318208 0.279719 0.499324 0.423664 0.795832 0.752731 0.327220 0.370258 0.977095 0.853156 0.748291 0.845401 0.710300 0.881004 0.904601 0.887872 0.581382 0.517902 0.358128 0.299581 0.390911 0.372416 0.301216 0.322547 0.859313 0.670251 0.490695 0.389650 0.513369 0.491569 0.492664 0.482771 0.932250 0.943041 0.942535 0.826424 0.806496 0.887314 0.870408 0.818455 0.968398 0.828862 0.804744 0.757560 0.920122 0.842189 0.900871 0.903611 0.908818 0.920976 0.811516 0.941682 0.780243 0.660267
0.694850 0.622061 0.538326 0.545215 0.940748 0.791302 0.760440 0.702469 0.932923 0.803268 0.816558 0.693530 0.757847 0.692751 0.713762 0.588068 0.667054 0.647532 0.653631 0.631590 0.000000 0.870096 0.633284 0.598784 0.528877 0.514430 0.663224 0.968636 0.817370 0.673279 0.586697 0.711607 0.631715 0.727398 0.754187 0.831792 0.649907 0.780384 0.845043 0.988586 0.755154 0.819012 0.947986 0.898568 0.818574 0.861449 0.813465 0.828147 0.830416 0.980802 0.954535 0.883995 0.932909 0.975327 0.708133 0.899593 0.648599 0.642128 0.823617 0.817467 0.729838 0.676916 0.769926 0.741650 0.495471 0.509035 0.677127 0.776593 0.642650 0.757034 0.778145 0.976964 0.690512 0.752602 0.669359 0.911750 0.948114 0.933485 0.719241 0.712314 0.764497 0.758848 0.638720 0.722237 0.673763 0.603195 0.836672 0.908942 0.846763 0.744053 0.700494 0.655706 0.728448 0.846674 0.944606 0.927052 0.954355 0.808408 0.792877 0.903800 0.817060 0.854308 0.803257 0.961985 0.758195 0.821007 0.983270 0.888439 0.910645 0.913708 0.945452 0.813735 0.911333 0.976857 0.712299 0.836878
0.903954 0.930289 0.994693 0.977499 0.951032 0.887966 0.890262 0.919440 0.840843 0.808658 0.865542 0.858217 0.943812 0.862306 0.890591 0.893809 0.861142 0.831324 0.994058 0.815849 0.870096 0.000000 0.988856 0.922963 0.992754 0.970199 0.909274 0.757232 0.860872 0.786752 0.869417 0.919766 0.957843 0.932941 0.944614 0.983973 0.991873 0.870483 0.905969 0.839841 0.937483 0.977213 0.815565 0.859369 0.821537 0.872780 0.970167 0.989465 0.854795 0.926974 0.868358 0.920038 0.887677 0.847644 0.937755 0.947382 0.890088 0.870717 0.950120 0.973131 0.975431 0.987249 0.917915 0.936386 0.886254 0.905546 0.852023 0.915556 0.955217 0.833070 0.889208 0.778983 0.978270 0.925458 0.996496 0.861806 0.962149 0.853636 0.850627 0.860579 0.893191 0.835808 0.873930 0.890348 0.874262 0.892407 0.792184 0.825190 0.917352 0.952377 0.776316 0.746268 0.752208 0.769243 0.811732 0.935399 0.885864 0.827757 0.735411 0.812522 0.819552 0.945641 0.735472 0.843771 0.962485 0.876076 0.840802 0.918965 0.940185 0.706237 0.984665 0.857630 0.772981 0.982398 0.726498 0.776147
0.610820 0.585360 0.397528 0.282159 0.688369 0.773080 0.367376 0.341217 0.653025 0.846117 0.964967 0.618138 0.594987 0.501352 0.495479 0.249433 0.589656 0.639532 0.435408 0.598286 0.633284 0.988856 0.000000 0.264215 0.536391 0.516241 0.652675 0.891280 0.659773 0.571154 0.294917 0.369501 0.406545 0.551287 0.465876 0.721606 0.713730 0.715782 0.903864 0.963257 0.961866 0.810643 0.623373 0.561847 0.871820 0.847260 0.524853 0.530792 0.932069 0.689679 0.600826 0.553086 0.530862 0.575195 0.576793 0.704587 0.557492 0.534755 0.587344 0.520787 0.474446 0.414638 0.615009 0.541803 0.433558 0.324693 0.332093 0.410724 0.763134 0.561306 0.467541 0.779520 0.492454 0.554246 0.688212 0.800697 0.618133 0.740479 0.612419 0.611239 0.660843 0.676414 0.461944 0.732156 0.428336 0.379847 0.955666 0.677037 0.692892 0.489610 0.972277 0.931293 0.945493 0.947183 0.832426 0.782277 0.829064 0.879159 0.821527 0.689781 0.867096 0.821507 0.878744 0.854871 0.409459 0.481444 0.733086 0.822660 0.959454 0.827446 0.673855 0.775383 0.860026 0.897291 0.484978 0.955226
0.567395 0.537827 0.408996 0.346118 0.783806 0.866305 0.578332 0.472854 0.813319 0.926791 0.829141 0.538044 0.580343 0.456781 0.504736 0.241666 0.546718 0.540023 0.459622 0.502821 0.598784 0.922963 0.264215 0.000000 0.460765 0.452747 0.545044 0.908150 0.686278 0.502878 0.471599 0.499351 0.423710 0.588419 0.518429 0.764041 0.636485 0.661827 0.774015 0.920046 0.878532 0.819795 0.767468 0.699604 0.975503 0.975704 0.565219 0.615266 0.953543 0.783248 0.720732 0.655758 0.671095 0.716303 0.558592 0.738310 0.516889 0.498078 0.681692 0.627107 0.530230 0.462311 0.638178 0.550694 0.361723 0.279436 0.431325 0.531181 0.652683 0.586892 0.681381 0.829988 0.608263 0.577832 0.638784 0.742263 0.833689 0.833421 0.627125 0.586580 0.613331 0.569504 0.418267 0.596080 0.409834 0.323329 0.793304 0.543759 0.667514 0.510216 0.813967 0.694070 0.824344 0.760359 0.919984 0.884527 0.969515 0.960991 0.966825 0.931703 0.976356 0.997173 0.975114 0.909239 0.511161 0.591250 0.864042 0.988782 0.924389 0.882777 0.829051 0.907384 0.974589 0.959162 0.605835 0.992826
0.698923 0.591097 0.277729 0.389242 0.858651 0.871034 0.827818 0.764323 0.980957 0.560356 0.836916 0.722676 0.813649 0.765807 0.795833 0.556932 0.625328 0.629127 0.615368 0.608305 0.528877 0.992754 0.536391 0.460765 0.000000 0.251452 0.424348 0.952105 0.929067 0.641767 0.561579 0.641390 0.669073 0.769153 0.572491 0.616415 0.446593 0.478362 0.523625 0.832271 0.764196 0.761546 0.966507 0.928822 0.610454 0.656080 0.791225 0.876117 0.583720 0.840534 0.846847 0.945870 0.928452 0.870903 0.773648 0.894567 0.617745 0.587958 0.943528 0.859983 0.811922 0.768856 0.897435 0.801173 0.236607 0.337964 0.670526 0.727247 0.510077 0.720415 0.713031 0.923439 0.839628 0.947918 0.715196 0.994516 0.982545 0.853207 0.874289 0.797367 0.823795 0.732438 0.506395 0.591555 0.628424 0.508332 0.625743 0.776975 0.847196 0.670536 0.614008 0.530293 0.671531 0.674653 0.827072 0.915415 0.992751 0.869613 0.576271 0.682835 0.739291 0.627582 0.702996 0.748800 0.764555 0.874885 0.872050 0.891768 0.984469 0.772747 0.976998 0.747615 0.702578 0.775791 0.672480 0.903100
0.825019 0.732926 0.305036 0.408481 0.955646 0.919860 0.789943 0.769430 0.869110 0.669637 0.995593 0.854646 0.892162 0.811841 0.798776 0.552057 0.768818 0.738477 0.697483 0.733838 0.514430 0.970199 0.516241 0.452747 0.251452 0.000000 0.547959 0.977440 0.994449 0.761109 0.547038 0.667470 0.684959 0.840460 0.531904 0.618379 0.551237 0.575915 0.614506 0.893746 0.891675 0.815528 0.917099 0.880412 0.711579 0.724251 0.815451 0.868451 0.629629 0.863183 0.922412 0.988211 0.987485 0.980218 0.802641 0.935592 0.737861 0.706868 0.976246 0.906058 0.878336 0.817383 0.979755 0.896504 0.318069 0.383633 0.597593 0.671603 0.707698 0.786179 0.662520 0.833443 0.750772 0.827172 0.690078 0.902886 0.901301 0.744227 0.866683 0.882126 0.917137 0.876730 0.597372 0.750984 0.728281 0.581592 0.657877 0.928648 0.927061 0.781589 0.790801 0.688158 0.858296 0.834126 0.951884 0.802037 0.937178 0.869360 0.731463 0.806178 0.859150 0.783554 0.708318 0.849322 0.656577 0.761583 0.838570 0.987701 0.991926 0.786369 0.957364 0.769699 0.856931 0.917383 0.662186 0.973119
0.662204 0.571460 0.503621 0.553353 0.973578 0.818014 0.836834 0.809045 0.853686 0.599190 0.745179 0.675977 0.756257 0.726555 0.818513 0.636503 0.606882 0.591089 0.640393 0.591828 0.663224 0.909274 0.652675 0.545044 0.424348 0.547959 0.000000 0.942592 0.827993 0.617294 0.690230 0.661821 0.646700 0.713828 0.716574 0.693224 0.449075 0.501757 0.609282 0.947403 0.753174 0.751555 0.842565 0.947152 0.639867 0.728030 0.858514 0.993069 0.712548 0.935091 0.914425 0.995392 0.968793 0.781528 0.748006 0.887589 0.561914 0.553157 0.855378 0.801359 0.717508 0.723515 0.777390 0.707423 0.385238 0.490344 0.747720 0.872963 0.557872 0.672030 0.933692 0.823230 0.952057 0.909917 0.719819 0.963046 0.889261 0.946314 0.820448 0.758839 0.793910 0.716821 0.551823 0.601446 0.573170 0.536993 0.629798 0.673533 0.787570 0.677928 0.518854 0.503743 0.587613 0.619975 0.849060 0.919119 0.823111 0.829070 0.535506 0.659279 0.584767 0.706394 0.781330 0.850299 0.848466 0.881677 0.995218 0.781209 0.968101 0.868024 0.975288 0.764890 0.689159 0.838380 0.918216 0.797480
0.884937 0.936348 0.956207 0.951034 0.906586 0.936818 0.961659 0.956668 0.921320 0.954521 0.765457 0.859095 0.831419 0.801550 0.805603 0.827414 0.892218 0.832561 0.896631 0.855098 0.968636 0.757232 0.891280 0.908150 0.952105 0.977440 0.942592 0.000000 0.849525 0.827139 0.989801 0.942255 0.970214 0.912423 0.887538 0.928692 0.953181 0.899601 0.849650 0.904211 0.945037 0.973268 0.842708 0.916971 0.836907 0.867957 0.904115 0.963124 0.884748 0.874157 0.909286 0.917361 0.920271 0.855193 0.971843 0.951668 0.886037 0.843242 0.960991 0.989233 0.831008 0.895915 0.853037 0.862044 0.872312 0.860784 0.917001 0.926180 0.915995 0.951201 0.979830 0.949101 0.988305 0.989816 0.894595 0.882096 0.861435 0.836070 0.980601 0.926350 0.917971 0.848322 0.885828 0.974242 0.838049 0.870633 0.926809 0.978290 0.975586 0.898080 0.882360 0.833572 0.909752 0.936781 0.896354 0.955302 0.759480 0.865426 0.874160 0.885271 0.890450 0.951255 0.899045 0.910621 0.905221 0.776828 0.924029 0.811955 0.885128 0.736570 0.871954 0.792222 0.891837 0.788727 0.973658 0.848891
0.328875 0.383603 0.831845 0.740150 0.840908 0.935260 0.519398 0.441302 0.891831 0.801583 0.385557 0.323463 0.302172 0.363281 0.433106 0.535441 0.267154 0.306060 0.388587 0.397771 0.817370 0.860872 0.659773 0.686278 0.929067 0.994449 0.827993 0.849525 0.000000 0.267009 0.715498 0.590420 0.442414 0.359493 0.849772 0.998156 0.802974 0.744583 0.862011 0.780670 0.789865 0.747392 0.841637 0.654363 0.819078 0.674857 0.500730 0.618226 0.664490 0.546847 0.621343 0.569933 0.726660 0.894710 0.369282 0.431432 0.378572 0.357972 0.486495 0.474845 0.279989 0.358808 0.249453 0.270067 0.731526 0.614763 0.779225 0.721069 0.568888 0.429328 0.976564 0.824401 0.748715 0.838681 0.784984 0.831759 0.919102 0.905297 0.577680 0.532539 0.299854 0.331029 0.489385 0.484066 0.324082 0.447322 0.928681 0.731465 0.511748 0.440890 0.737417 0.746766 0.680905 0.622001 0.981439 0.928360 0.941137 0.939556 0.923855 0.822612 0.968784 0.906108 0.724299 0.689180 0.836712 0.743672 0.924717 0.908727 0.720764 0.954185 0.758982 0.886047 0.999445 0.899808 0.779228 0.737368
0.298410 0.298894 0.630008 0.601867 0.906816 0.937959 0.625088 0.500240 0.813325 0.918772 0.355504 0.266150 0.317133 0.338682 0.417752 0.427993 0.223989 0.224077 0.338297 0.303115 0.673279 0.786752 0.571154 0.502878 0.641767 0.761109 0.617294 0.827139 0.267009 0.000000 0.656037 0.526127 0.409112 0.380015 0.785943 0.858241 0.639998 0.623607 0.883842 0.773470 0.714020 0.792119 0.951622 0.751059 0.961533 0.893518 0.506571 0.642173 0.908561 0.692509 0.766696 0.674140 0.856484 0.995540 0.341548 0.528232 0.294896 0.274617 0.547476 0.512970 0.310395 0.366274 0.313879 0.293319 0.466406 0.402766 0.726442 0.716926 0.402670 0.370689 0.979329 0.804771 0.793830 0.851081 0.758047 0.854290 0.958687 0.905030 0.585212 0.483224 0.297472 0.275935 0.362650 0.372088 0.263187 0.325467 0.801674 0.590606 0.507645 0.389423 0.539146 0.485008 0.508869 0.462089 0.843707 0.974973 0.869094 0.843790 0.826151 0.962838 0.870219 0.871629 0.906322 0.898541 0.834233 0.772718 0.956633 0.801156 0.809212 0.958592 0.763605 0.971971 0.837107 0.986740 0.748043 0.721275
0.652186 0.564265 0.367713 0.270885 0.743501 0.859480 0.294382 0.309648 0.639921 0.754325 0.999692 0.709409 0.665868 0.631617 0.645584 0.446267 0.632128 0.681791 0.461545 0.653882 0.586697 0.869417 0.294917 0.471599 0.561579 0.547038 0.690230 0.989801 0.715498 0.656037 0.000000 0.351866 0.435327 0.499753 0.526655 0.680529 0.739969 0.690357 0.986726 0.969792 0.917764 0.732691 0.527309 0.472268 0.794888 0.764769 0.509133 0.494315 0.868024 0.669166 0.564805 0.515942 0.491277 0.549089 0.600629 0.673762 0.557088 0.564400 0.547037 0.494947 0.519384 0.434547 0.666196 0.607418 0.520485 0.422597 0.333379 0.381967 0.791030 0.572449 0.447581 0.730379 0.449326 0.603443 0.784055 0.795700 0.522911 0.586798 0.595537 0.638226 0.711237 0.811548 0.608253 0.833998 0.596748 0.535207 0.919077 0.985419 0.828925 0.570109 0.909023 0.970415 0.872084 0.932298 0.790225 0.695676 0.695801 0.799149 0.727640 0.612347 0.893398 0.869968 0.846798 0.860095 0.450139 0.501576 0.583245 0.700895 0.993792 0.723767 0.681250 0.732018 0.701337 0.850224 0.460479 0.980802
0.490790 0.458043 0.492295 0.374910 0.786078 0.998278 0.402153 0.350173 0.906304 0.862777 0.810343 0.527079 0.489266 0.478703 0.552902 0.429662 0.501330 0.525128 0.406869 0.529153 0.711607 0.919766 0.369501 0.499351 0.641390 0.667470 0.661821 0.942255 0.590420 0.526127 0.351866 0.000000 0.390107 0.433795 0.586854 0.766678 0.724598 0.658760 0.916945 0.847676 0.864774 0.765640 0.595059 0.496362 0.872773 0.773922 0.454101 0.500628 0.843651 0.619225 0.576708 0.509505 0.564031 0.688866 0.549427 0.648894 0.473811 0.452989 0.497027 0.441681 0.410206 0.372728 0.490870 0.438401 0.500365 0.382088 0.481172 0.466387 0.672435 0.543479 0.626857 0.966848 0.611187 0.681861 0.747495 0.771168 0.708682 0.831323 0.572842 0.568435 0.533543 0.584913 0.458402 0.639706 0.422940 0.399389 0.990086 0.850442 0.607601 0.457769 0.886778 0.818308 0.891893 0.798764 0.884029 0.821572 0.900096 0.865334 0.850548 0.746664 0.971492 0.910903 0.814164 0.894098 0.485869 0.489818 0.645762 0.895857 0.989256 0.815625 0.639011 0.882015 0.822680 0.903445 0.589941 0.872378
0.313582 0.323310 0.561462 0.393943 0.868307 0.996904 0.371828 0.284757 0.923547 0.856666 0.648842 0.366937 0.405760 0.403425 0.538013 0.415915 0.345857 0.363233 0.307372 0.388391 0.631715 0.957843 0.406545 0.423710 0.669073 0.684959 0.646700 0.970214 0.442414 0.409112 0.435327 0.390107 0.000000 0.296085 0.609842 0.822262 0.696657 0.603545 0.969263 0.884913 0.819518 0.744448 0.682949 0.498621 0.808015 0.688892 0.385858 0.448704 0.706193 0.514351 0.485131 0.425548 0.579566 0.733255 0.358428 0.436354 0.286517 0.290376 0.339038 0.313468 0.300203 0.265717 0.315668 0.271612 0.542932 0.406940 0.418624 0.435077 0.530676 0.330111 0.839936 0.939115 0.588834 0.725362 0.705756 0.732980 0.783570 0.875497 0.483423 0.417402 0.374231 0.465488 0.387262 0.450625 0.302254 0.276487 0.966183 0.707574 0.506099 0.342541 0.700662 0.655448 0.692212 0.609745 0.897666 0.869093 0.861174 0.999691 0.858955 0.763815 0.981765 0.924821 0.847068 0.742201 0.578950 0.504699 0.736606 0.965912 0.849727 0.813912 0.711406 0.774428 0.922280 0.823280 0.541653 0.798086
0.301039 0.293848 0.656066 0.530580 0.937076 0.995702 0.388882 0.330301 0.863881 0.850659 0.496528 0.337348 0.355858 0.399451 0.533528 0.513727 0.281889 0.320843 0.326318 0.388796 0.727398 0.932941 0.551287 0.588419 0.769153 0.840460 0.713828 0.912423 0.359493 0.380015 0.499753 0.433795 0.296085 0.000000 0.690759 0.940483 0.731564 0.661393 0.993985 0.765194 0.704907 0.668175 0.711119 0.497695 0.761939 0.620993 0.363195 0.491395 0.635599 0.488561 0.511974 0.453476 0.591315 0.805546 0.328568 0.341186 0.286703 0.307342 0.341378 0.338938 0.264306 0.311938 0.263248 0.251104 0.641055 0.507912 0.532001 0.496025 0.509645 0.364125 0.974173 0.883721 0.654707 0.785886 0.733325 0.801133 0.833439 0.897330 0.471709 0.499777 0.315503 0.415125 0.447476 0.445405 0.342093 0.360217 0.956521 0.771807 0.497307 0.344491 0.698154 0.686206 0.688205 0.615957 0.973855 0.926189 0.960887 0.951467 0.857279 0.747692 0.990438 0.889066 0.687506 0.699625 0.735604 0.601531 0.708850 0.968717 0.917508 0.841682 0.695844 0.803799 0.860418 0.887885 0.613698 0.828173
0.818278 0.755367 0.521303 0.509673 0.910364 0.873951 0.593566 0.634244 0.834901 0.991384 0.920720 0.798293 0.839736 0.791233 0.773309 0.524352 0.733385 0.774560 0.663569 0.818523 0.754187 0.944614 0.465876 0.518429 0.572491 0.531904 0.716574 0.887538 0.849772 0.785943 0.526655 0.586854 0.609842 0.690759 0.000000 0.725543 0.760237 0.764425 0.769000 0.972580 0.898210 0.872092 0.739052 0.700171 0.923199 0.927431 0.658480 0.625802 0.997841 0.826822 0.787358 0.762442 0.729148 0.751123 0.665969 0.765910 0.753097 0.740647 0.775061 0.754856 0.762684 0.689826 0.850135 0.765625 0.549571 0.527792 0.481491 0.558375 0.785398 0.733794 0.741077 0.815234 0.736563 0.760188 0.673904 0.861162 0.627634 0.767667 0.779126 0.819926 0.805751 0.800740 0.564322 0.758829 0.649446 0.552143 0.819379 0.796767 0.796317 0.650455 0.996613 0.935581 0.933003 0.942646 0.867777 0.788877 0.998075 0.969741 0.920045 0.815024 0.963782 0.940333 0.978773 0.939410 0.579704 0.723158 0.688758 0.968208 0.900762 0.754604 0.762114 0.881434 0.865768 0.956176 0.598528 0.874485
0.963587 0.850899 0.601445 0.665606 0.976326 0.983228 0.856331 0.861544 0.990350 0.811572 0.917301 0.995588 0.944387 0.960707 0.919581 0.785059 0.887425 0.874371 0.877822 0.889861 0.831792 0.983973 0.721606 0.764041 0.616415 0.618379 0.693224 0.928692 0.998156 0.858241 0.680529 0.766678 0.822262 0.940483 0.725543 0.000000 0.769163 0.656585 0.852260 0.986883 0.969385 0.995692 0.908527 0.890391 0.930487 0.906257 0.900315 0.851336 0.850874 0.995478 0.989719 0.954240 0.905964 0.943940 0.890415 0.951484 0.836243 0.839217 0.958902 0.895087 0.959523 0.899124 0.941591 0.966841 0.610800 0.657207 0.708012 0.749626 0.925016 0.860530 0.773316 0.953303 0.865751 0.925693 0.838478 0.989044 0.955740 0.943945 0.902368 0.859921 0.955923 0.930530 0.814204 0.891798 0.824383 0.778239 0.985638 0.941015 0.960778 0.857076 0.887839 0.820518 0.950244 0.893467 0.919325 0.948688 0.984801 0.996392 0.843565 0.936053 0.837555 0.707262 0.953775 0.751567 0.856672 0.888109 0.882163 0.936412 0.909599 0.866142 0.987279 0.810971 0.948748 0.987576 0.857608 0.933688
0.636429 0.509542 0.516899 0.537329 0.844990 0.792975 0.808755 0.738546 0.774992 0.656999 0.768787 0.687486 0.774417 0.784762 0.851391 0.758945 0.638359 0.620071 0.600154 0.588124 0.649907 0.991873 0.713730 0.636485 0.446593 0.551237 0.449075 0.953181 0.802974 0.639998 0.739969 0.724598 0.696657 0.731564 0.760237 0.769163 0.000000 0.501091 0.651108 0.772440 0.633886 0.750429 0.998177 0.889504 0.720824 0.832104 0.772039 0.891406 0.812206 0.976047 0.974953 0.882372 0.986509 0.900649 0.764604 0.826715 0.559017 0.535413 0.763154 0.708027 0.784918 0.752069 0.780512 0.717822 0.491641 0.532570 0.764071 0.798594 0.556566 0.615633 0.854290 0.881082 0.922037 0.928971 0.696128 0.940146 0.967005 0.985086 0.760683 0.728662 0.760522 0.763727 0.571535 0.589634 0.661526 0.587979 0.690505 0.811805 0.845059 0.659811 0.541678 0.588779 0.585569 0.611346 0.950402 0.907095 0.948108 0.918165 0.656801 0.792473 0.750523 0.662972 0.786001 0.978764 0.784913 0.800753 0.996266 0.888295 0.976179 0.834272 0.986263 0.877680 0.808083 0.930130 0.846648 0.828004
0.541739 0.471669 0.525205 0.541321 0.816090 0.885693 0.787055 0.713341 0.822230 0.691980 0.710382 0.636617 0.746624 0.742459 0.884909 0.747377 0.542290 0.519757 0.547217 0.539232 0.780384 0.870483 0.715782 0.661827 0.478362 0.575915 0.501757 0.899601 0.744583 0.623607 0.690357 0.658760 0.603545 0.661393 0.764425 0.656585 0.501091 0.000000 0.672804 0.794309 0.715298 0.755799 0.995534 0.861768 0.747355 0.890572 0.733364 0.805422 0.851235 0.959878 0.959286 0.876671 0.980428 0.842052 0.682298 0.756861 0.475384 0.469446 0.754236 0.678219 0.724629 0.678238 0.714407 0.638282 0.477993 0.516390 0.781316 0.806368 0.525105 0.518919 0.874744 0.891035 0.948317 0.921922 0.771193 0.936874 0.931309 0.936222 0.774663 0.721498 0.627403 0.654080 0.627429 0.542552 0.613287 0.501262 0.710327 0.893978 0.750923 0.566664 0.581316 0.526473 0.596438 0.516667 0.890800 0.995233 0.925097 0.903707 0.672040 0.776218 0.728781 0.583985 0.878502 0.937904 0.902549 0.967879 0.828003 0.918245 0.963753 0.841231 0.969500 0.830520 0.792901 0.785738 0.889549 0.641935
