0.000000 0.308957 0.622740 0.942827 0.765604 0.799558 0.723515 0.801689 0.810847 0.894267 0.485839 0.397546 0.809699 0.689406 0.811083 0.900387 0.502679 0.550644 0.477485 0.365592 0.865943 0.915762 0.657461 0.948632 0.883064 0.802701 0.986351 0.999064 0.579443 0.758510 0.707854 0.711950 0.954639 0.711205 0.753070 0.738590 0.866814 0.895903 0.974272 0.918709 0.871734 0.916779 0.939610 0.715644 0.812466 0.677721 0.716260 0.697552 0.322485 0.376908 0.396057 0.451811 0.580048 0.766892 0.599059 0.446497 0.394825 0.354635 0.274908 0.288667 0.822617 0.482086 0.631908 0.507835 0.761044 0.964779 0.718402 0.809772 0.423472 0.442280 0.946831 0.972864 0.658400 0.671588 0.913195 0.850693 0.636498 0.858337 0.929413 0.781945 0.471326 0.473506 0.820961 0.769231 0.875101 0.962047 0.672856 0.921638 0.986518 0.674999 0.667821 0.527436 0.595204 0.567346 0.946782 0.828446 0.792387 0.942356 0.908571 0.940573 0.707028 0.858100 0.748248 0.708953 0.925288 0.950552 0.922584 0.927039 0.950153 0.911153 0.952769 0.981348 0.774470 0.962786 0.996272 0.864168
0.308957 0.000000 0.601011 0.848879 0.759886 0.729429 0.695943 0.668194 0.734839 0.741613 0.587305 0.330551 0.802952 0.609021 0.925860 0.745203 0.466330 0.475159 0.466970 0.338500 0.721464 0.936556 0.756165 0.978152 0.852446 0.809172 0.982842 0.966584 0.540044 0.654318 0.865846 0.868504 0.783666 0.586407 0.741723 0.724604 0.942495 0.888816 0.948252 0.970845 0.941483 0.965525 0.936031 0.596488 0.922392 0.524037 0.615407 0.546123 0.355477 0.350959 0.365603 0.410005 0.576373 0.720538 0.573176 0.484650 0.303558 0.254771 0.333169 0.313976 0.800847 0.412492 0.516021 0.357957 0.767404 0.990527 0.715168 0.907207 0.520083 0.403224 0.853943 0.741116 0.727266 0.730390 0.798687 0.892780 0.550558 0.731161 0.780234 0.638182 0.338026 0.396443 0.748888 0.680012 0.905488 0.938881 0.694088 0.972477 0.876990 0.704530 0.717302 0.533164 0.591701 0.578430 0.949879 0.783492 0.737614 0.947680 0.793015 0.894429 0.636093 0.932183 0.656771 0.740142 0.844737 0.815373 0.984592 0.958501 0.945275 0.859183 0.874023 0.934441 0.736167 0.905545 0.971770 0.845265
0.622740 0.601011 0.000000 0.640983 0.645022 0.876163 0.525106 0.862666 0.733855 0.692530 0.639168 0.599938 0.815344 0.901369 0.675252 0.986847 0.672293 0.695304 0.868151 0.637197 0.715361 0.955937 0.454688 0.593754 0.553091 0.465178 0.740057 0.927959 0.589285 0.650755 0.709519 0.731556 0.866652 0.884567 0.697227 0.707104 0.771712 0.887863 0.947012 0.866385 0.975019 0.928921 0.908182 0.793633 0.898641 0.710361 0.976825 0.913314 0.585780 0.603510 0.656216 0.727560 0.802553 0.888629 0.799193 0.679486 0.564906 0.584772 0.589422 0.563140 0.883435 0.649527 0.739859 0.599113 0.375066 0.588898 0.582674 0.626045 0.749989 0.574159 0.979154 0.868888 0.810033 0.816322 0.983252 0.997960 0.674785 0.938086 0.986832 0.987269 0.810514 0.936655 0.843276 0.848285 0.564532 0.508077 0.852606 0.605449 0.788571 0.909241 0.669027 0.641064 0.614457 0.668885 0.813768 0.944916 0.835296 0.834034 0.848829 0.914131 0.826598 0.726250 0.794813 0.913772 0.846226 0.851219 0.903589 0.945765 0.994906 0.836699 0.969042 0.894649 0.749185 0.960641 0.758202 0.939845
0.942827 0.848879 0.640983 0.000000 0.885410 0.802441 0.668470 0.661596 0.931212 0.965008 0.887300 0.839509 0.639561 0.637906 0.668545 0.651060 0.994905 0.996887 0.876861 0.919391 0.971492 0.997386 0.565784 0.482208 0.893803 0.765063 0.830775 0.906432 0.903968 0.918658 0.885403 0.885374 0.734271 0.851655 0.875221 0.940697 0.992727 0.834432 0.989621 0.985401 0.873133 0.939163 0.995118 0.943793 0.867128 0.837807 0.908895 0.680135 0.960082 0.929016 0.786582 0.785045 0.752028 0.792909 0.863641 0.937581 0.980026 0.896803 0.917314 0.938084 0.569939 0.751781 0.909416 0.812974 0.520970 0.427064 0.839543 0.649927 0.970450 0.951000 0.890157 0.880518 0.766140 0.734824 0.781659 0.932827 0.914329 0.844813 0.813097 0.820588 0.750234 0.725213 0.637706 0.671199 0.473238 0.445104 0.864655 0.557422 0.769852 0.665516 0.779626 0.955570 0.933770 0.967710 0.975004 0.907180 0.886432 0.900207 0.810575 0.682979 0.904886 0.601460 0.967791 0.978496 0.715176 0.749964 0.872828 0.925393 0.958238 0.995017 0.802177 0.991364 0.938412 0.915532 0.830756 0.879346
0.765604 0.759886 0.645022 0.885410 0.000000 0.987436 0.570741 0.903012 0.728359 0.978301 0.943641 0.869990 0.792505 0.998783 0.766694 0.958551 0.809684 0.960278 0.932143 0.871729 0.830009 0.903556 0.706899 0.836598 0.973628 0.940559 0.960085 0.855003 0.965246 0.997495 0.982183 0.893314 0.869991 0.855678 0.804371 0.791528 0.954387 0.963939 0.997624 0.980948 0.967014 0.966834 0.866803 0.984448 0.755179 0.947008 0.986186 0.895836 0.709930 0.672577 0.747957 0.719090 0.741744 0.820884 0.735651 0.691872 0.784733 0.739211 0.796832 0.784200 0.692302 0.964483 0.999116 0.880888 0.675353 0.648289 0.607040 0.629743 0.805561 0.758889 0.909800 0.901623 0.973157 0.963660 0.992196 0.942111 0.862346 0.930420 0.905708 0.999613 0.893204 0.861883 0.903856 0.874737 0.739590 0.699002 0.811627 0.761912 0.852046 0.914338 0.683400 0.741287 0.754023 0.733762 0.918955 0.962708 0.985669 0.796511 0.990297 0.831927 0.977579 0.766260 0.925631 0.979766 0.782895 0.905668 0.926185 0.959979 0.920460 0.880557 0.834480 0.989750 0.940152 0.910234 0.934272 0.923219
0.799558 0.729429 0.876163 0.802441 0.987436 0.000000 0.902941 0.542381 0.905938 0.638286 0.901323 0.679385 0.752350 0.651214 0.823961 0.618937 0.939997 0.879576 0.822136 0.809604 0.780363 0.982156 0.882544 0.953114 0.770718 0.914188 0.978873 0.869779 0.732352 0.830618 0.929907 0.934508 0.793324 0.732521 0.915235 0.967110 0.948134 0.911512 0.949957 0.920300 0.834365 0.762843 0.863697 0.697330 0.839057 0.628948 0.864074 0.736719 0.701564 0.741767 0.724386 0.683759 0.864736 0.696506 0.944780 0.881432 0.847770 0.812315 0.856128 0.715186 0.753449 0.607626 0.746680 0.689639 0.966366 0.765711 0.938683 0.825148 0.882524 0.942510 0.907075 0.848840 0.984176 0.855226 0.807401 0.885152 0.782789 0.736076 0.973898 0.989637 0.838944 0.849113 0.814025 0.974427 0.882373 0.888836 0.995589 0.954783 0.900378 0.991711 0.812215 0.991991 0.922632 0.994961 0.835394 0.875413 0.786917 0.992867 0.673709 0.777003 0.631091 0.889847 0.869585 0.940374 0.856980 0.857203 0.886850 0.811744 0.851423 0.837048 0.898420 0.914015 0.958245 0.895355 0.997432 0.938323
0.723515 0.695943 0.525106 0.668470 0.570741 0.902941 0.000000 0.625300 0.470525 0.861799 0.986669 0.937568 0.588037 0.892674 0.592562 0.796945 0.877199 0.886093 0.964618 0.797873 0.976763 0.870166 0.570831 0.814956 0.914181 0.857008 0.985765 0.827193 0.930240 0.966341 0.824450 0.755881 0.768494 0.854125 0.834653 0.775259 0.955323 0.884498 0.892672 0.917760 0.684072 0.847769 0.762116 0.893096 0.507392 0.876940 0.958243 0.985448 0.704027 0.645959 0.715581 0.749830 0.738514 0.881392 0.567298 0.636367 0.717662 0.627787 0.695567 0.690969 0.524273 0.962340 0.892181 0.912376 0.574449 0.434096 0.470687 0.448587 0.629147 0.571883 0.894221 0.884285 0.846254 0.829593 0.881423 0.984550 0.880007 0.997548 0.937223 0.935528 0.907552 0.925430 0.850103 0.982132 0.630623 0.610417 0.735958 0.657397 0.903043 0.861966 0.487470 0.538499 0.578195 0.522966 0.918399 0.977190 0.914472 0.839465 0.778039 0.609396 0.875627 0.559833 0.884077 0.973485 0.787794 0.853850 0.913233 0.889036 0.907406 0.916293 0.803180 0.798967 0.944032 0.999307 0.786483 0.930091
0.801689 0.668194 0.862666 0.661596 0.903012 0.542381 0.625300 0.000000 0.757590 0.423094 0.668228 0.472997 0.510529 0.529459 0.725812 0.541073 0.726462 0.719303 0.757999 0.677746 0.615507 0.897555 0.887415 0.957626 0.524164 0.694149 0.911187 0.876389 0.634465 0.615619 0.999189 0.928031 0.678517 0.562249 0.870198 0.864566 0.836885 0.969251 0.821924 0.820098 0.662349 0.858418 0.821124 0.618366 0.566850 0.416636 0.831323 0.625185 0.715034 0.748643 0.674608 0.667731 0.799786 0.732956 0.990941 0.935335 0.747363 0.750448 0.789906 0.721060 0.415854 0.357542 0.453934 0.453779 0.978733 0.593899 0.872565 0.644099 0.844907 0.955363 0.982143 0.800000 0.892598 0.854211 0.735502 0.945707 0.705646 0.780014 0.783786 0.923145 0.644117 0.768372 0.775544 0.924663 0.813277 0.849970 0.952623 0.872431 0.883731 0.970896 0.675655 0.914603 0.883843 0.882398 0.911477 0.775759 0.790108 0.891944 0.448828 0.560662 0.505276 0.675074 0.752560 0.829704 0.682842 0.746360 0.977635 0.748264 0.905633 0.934182 0.717017 0.706040 0.653072 0.947271 0.798422 0.775414
0.810847 0.734839 0.733855 0.931212 0.728359 0.905938 0.470525 0.757590 0.000000 0.916822 0.999775 0.858407 0.802500 0.923799 0.835494 0.995966 0.721870 0.703673 0.857896 0.748658 0.934719 0.892763 0.804563 0.965156 0.908451 0.890748 0.983553 0.846104 0.792609 0.787727 0.953825 0.988929 0.910846 0.892567 0.861831 0.977285 0.991284 0.877728 0.895543 0.923776 0.787391 0.766885 0.953324 0.930375 0.786463 0.997053 0.799765 0.838454 0.863265 0.855857 0.876810 0.971596 0.953006 0.928749 0.668021 0.899871 0.717865 0.687455 0.770595 0.873297 0.798153 0.999449 0.902948 0.768879 0.734543 0.675857 0.682884 0.723495 0.767304 0.558727 0.876080 0.713865 0.743683 0.777098 0.983372 0.940360 0.904837 0.914901 0.755756 0.657036 0.747801 0.806957 0.970773 0.891926 0.799064 0.806944 0.864238 0.858133 0.859722 0.946820 0.551527 0.510142 0.620330 0.562691 0.932391 0.849237 0.855850 0.893031 0.855151 0.813509 0.912393 0.855931 0.705085 0.980673 0.841196 0.807538 0.938401 0.912910 0.923388 0.687107 0.888723 0.994820 0.967093 0.826248 0.873504 0.967633
0.894267 0.741613 0.692530 0.965008 0.978301 0.638286 0.861799 0.423094 0.916822 0.000000 0.636487 0.588737 0.843678 0.789095 0.953714 0.767602 0.691308 0.682336 0.942252 0.707354 0.613495 0.982494 0.800935 0.735527 0.530171 0.604630 0.753911 0.884819 0.564689 0.531554 0.962600 0.898478 0.753856 0.706347 0.793707 0.790527 0.896434 0.994428 0.920485 0.889145 0.804361 0.980981 0.856231 0.598232 0.651295 0.463613 0.944910 0.760176 0.756535 0.791049 0.780383 0.796097 0.935314 0.853363 0.995897 0.892237 0.712046 0.762596 0.867242 0.787536 0.755499 0.570266 0.559236 0.538156 0.729271 0.966786 0.996554 0.886893 0.920100 0.835588 0.881420 0.678334 0.960582 0.961869 0.782067 0.945995 0.728452 0.765085 0.885327 0.886389 0.777323 0.938659 0.960569 0.972909 0.763759 0.793025 0.945820 0.911649 0.717303 0.813783 0.881877 0.965280 0.982401 0.901698 0.840583 0.858902 0.834101 0.851843 0.546188 0.649129 0.647922 0.780426 0.745016 0.798408 0.869118 0.953009 0.969358 0.720709 0.862801 0.908210 0.821980 0.704134 0.745726 0.868168 0.976947 0.713303
0.485839 0.587305 0.639168 0.887300 0.943641 0.901323 0.986669 0.668228 0.999775 0.636487 0.000000 0.453852 0.739640 0.756607 0.889749 0.951631 0.408664 0.510125 0.561110 0.436208 0.839837 0.951753 0.560162 0.676654 0.594587 0.628984 0.864394 0.832220 0.422120 0.523876 0.746940 0.880774 0.878998 0.658342 0.641461 0.650427 0.756574 0.977492 0.907527 0.997489 0.901786 0.935931 0.999887 0.683642 0.952919 0.605275 0.848833 0.847909 0.551648 0.601158 0.639548 0.723570 0.856550 0.877813 0.897633 0.740055 0.499131 0.593245 0.516178 0.545671 0.765885 0.593998 0.499044 0.557103 0.564906 0.865908 0.746245 0.865067 0.684309 0.627142 0.840184 0.974011 0.645192 0.623100 0.792608 0.926101 0.767913 0.900021 0.860158 0.757849 0.636146 0.706155 0.948170 0.948611 0.869440 0.822747 0.723647 0.813324 0.870186 0.934143 0.731186 0.698428 0.701768 0.782102 0.939780 0.792380 0.905594 0.969379 0.843835 0.835297 0.691254 0.973253 0.807127 0.653615 0.953043 0.987048 0.836569 0.981416 0.927019 0.902934 0.911225 0.911610 0.783078 0.896109 0.972859 0.808222
0.397546 0.330551 0.599938 0.839509 0.869990 0.679385 0.937568 0.472997 0.858407 0.588737 0.453852 0.000000 0.540326 0.396225 0.882811 0.562041 0.392621 0.430509 0.451277 0.326295 0.729761 0.969239 0.816442 0.991280 0.600084 0.627387 0.908471 0.896256 0.402462 0.471567 0.813991 0.923535 0.732566 0.489570 0.709582 0.724882 0.795975 0.996212 0.827333 0.927382 0.908483 0.921798 0.954976 0.559870 0.940747 0.449618 0.706300 0.625167 0.499542 0.481592 0.424938 0.529551 0.676470 0.766553 0.751663 0.686923 0.388963 0.403962 0.422009 0.408433 0.538383 0.297235 0.357200 0.273248 0.750958 0.861639 0.796692 0.977545 0.681546 0.518351 0.987880 0.756808 0.762870 0.795629 0.751742 0.817691 0.556962 0.734246 0.771392 0.667826 0.391376 0.453135 0.730859 0.820824 0.901067 0.941252 0.857130 0.998899 0.816910 0.909161 0.821635 0.549171 0.602568 0.638106 0.993437 0.743768 0.798200 0.951162 0.706477 0.809666 0.568691 0.960676 0.656287 0.785643 0.886683 0.929277 0.977281 0.902990 0.924044 0.825069 0.779355 0.809579 0.646419 0.891203 0.905958 0.781528
0.809699 0.802952 0.815344 0.639561 0.792505 0.752350 0.588037 0.510529 0.802500 0.843678 0.739640 0.540326 0.000000 0.353566 0.481810 0.471043 0.726268 0.791785 0.588811 0.696929 0.898614 0.963121 0.664811 0.665316 0.793757 0.920241 0.837520 0.973335 0.714699 0.733400 0.992233 0.908077 0.689466 0.631661 0.901888 0.941307 0.855511 0.838219 0.754903 0.930344 0.753546 0.812537 0.966956 0.854377 0.870845 0.786864 0.880257 0.845370 0.947278 0.873909 0.715433 0.784581 0.813718 0.748964 0.912319 0.910710 0.894798 0.907969 0.865004 0.822646 0.351606 0.578736 0.552627 0.643867 0.745726 0.503053 0.892027 0.671511 0.867009 0.992845 0.854623 0.960092 0.911703 0.935610 0.816260 0.875128 0.821297 0.870584 0.861852 0.870721 0.696726 0.687866 0.645552 0.906088 0.566466 0.620781 0.874143 0.762295 0.954508 0.964805 0.797975 0.871403 0.957359 0.916622 0.819851 0.951355 0.958568 0.935428 0.787175 0.776609 0.689325 0.770826 0.840127 0.962468 0.797235 0.866102 0.974575 0.951878 0.933726 0.926936 0.795622 0.827300 0.829868 0.965439 0.779083 0.810428
0.689406 0.609021 0.901369 0.637906 0.998783 0.651214 0.892674 0.529459 0.923799 0.789095 0.756607 0.396225 0.353566 0.000000 0.551208 0.385263 0.587742 0.621062 0.532264 0.539940 0.806560 0.977867 0.798142 0.709603 0.739760 0.775300 0.876426 0.923971 0.589155 0.608192 0.961763 0.932292 0.669073 0.584387 0.807132 0.884187 0.713792 0.898562 0.709189 0.957987 0.776981 0.767285 0.931800 0.777550 0.983023 0.684517 0.847308 0.723644 0.819055 0.712952 0.556814 0.675563 0.736532 0.695587 0.918829 0.976665 0.706648 0.688828 0.719537 0.671034 0.458911 0.501267 0.499249 0.460164 0.930795 0.657866 0.893779 0.882391 0.986817 0.756332 0.908189 0.815446 0.991315 0.988756 0.765585 0.812078 0.759770 0.783331 0.744424 0.725039 0.561703 0.582130 0.634590 0.888893 0.695315 0.728867 0.918859 0.864868 0.971920 0.961572 0.977197 0.608378 0.684717 0.662377 0.947412 0.927872 0.918022 0.998993 0.818907 0.833013 0.722269 0.910498 0.744089 0.951832 0.845188 0.908680 0.923127 0.983429 0.987361 0.949692 0.758266 0.843680 0.865139 0.982736 0.854926 0.832924
0.811083 0.925860 0.675252 0.668545 0.766694 0.823961 0.592562 0.725812 0.835494 0.953714 0.889749 0.882811 0.481810 0.551208 0.000000 0.475237 0.951540 0.917966 0.842779 0.964369 0.997572 0.900901 0.430406 0.564867 0.972936 0.890906 0.766889 0.977907 0.933070 0.902817 0.706405 0.612574 0.611091 0.779592 0.857188 0.917820 0.984542 0.875059 0.746825 0.856263 0.718148 0.740426 0.896954 0.913639 0.783287 0.950155 0.962290 0.873706 0.718461 0.794102 0.940481 0.894325 0.860016 0.981305 0.773216 0.683324 0.891293 0.898950 0.770820 0.824253 0.575962 0.887359 0.834865 0.896122 0.566184 0.485747 0.669888 0.562073 0.681120 0.836907 0.994390 0.805714 0.870212 0.813946 0.845875 0.940359 0.980118 0.960424 0.757792 0.906711 0.939517 0.874199 0.633321 0.924514 0.603439 0.552819 0.810243 0.697415 0.952446 0.935669 0.717683 0.959081 0.913548 0.908422 0.980076 0.960498 0.972035 0.932213 0.912504 0.693493 0.900504 0.862923 0.951029 0.865370 0.817163 0.887083 0.890592 0.918572 0.927009 0.936801 0.840936 0.775463 0.842351 0.962801 0.697593 0.892827
0.900387 0.745203 0.986847 0.651060 0.958551 0.618937 0.796945 0.541073 0.995966 0.767602 0.951631 0.562041 0.471043 0.385263 0.475237 0.000000 0.758007 0.707380 0.678127 0.694765 0.866633 0.959571 0.632673 0.663974 0.895916 0.979077 0.938819 0.986791 0.685472 0.716792 0.820606 0.768898 0.601259 0.598844 0.984726 0.948242 0.984996 0.986985 0.794677 0.976044 0.755680 0.776292 0.880996 0.717127 0.774298 0.640352 0.830546 0.689361 0.981733 0.921520 0.773462 0.840930 0.923207 0.840234 0.947506 0.856653 0.771599 0.848149 0.950918 0.895058 0.519406 0.573015 0.574763 0.524623 0.766151 0.553017 0.833784 0.630554 0.840132 0.840949 0.865224 0.690663 0.933767 0.867499 0.870377 0.814887 0.751635 0.726678 0.654805 0.802317 0.622649 0.632172 0.557548 0.909822 0.649435 0.646048 0.877483 0.730344 0.935032 0.980039 0.891474 0.846868 0.899691 0.886187 0.904605 0.891048 0.852300 0.814582 0.712354 0.742238 0.637845 0.849857 0.780533 0.986134 0.822116 0.796829 0.932106 0.905625 0.988209 0.897362 0.705776 0.787105 0.868625 0.907564 0.726848 0.884945
0.502679 0.466330 0.672293 0.994905 0.809684 0.939997 0.877199 0.726462 0.721870 0.691308 0.408664 0.392621 0.726268 0.587742 0.951540 0.758007 0.000000 0.292605 0.396779 0.322918 0.790909 0.931715 0.711508 0.847235 0.736149 0.702220 0.904948 0.872449 0.363304 0.384741 0.982260 0.890797 0.636893 0.512128 0.692703 0.717006 0.813437 0.977045 0.890591 0.927612 0.904329 0.864263 0.878677 0.551366 0.945015 0.573864 0.646142 0.636161 0.634150 0.630378 0.625986 0.760807 0.897042 0.939645 0.802946 0.804688 0.366943 0.444491 0.514092 0.599028 0.756023 0.599411 0.379694 0.379741 0.662089 0.933589 0.757846 0.946472 0.641108 0.411461 0.912486 0.724337 0.579294 0.560493 0.757777 0.877745 0.669765 0.845915 0.694910 0.531251 0.396557 0.459281 0.773234 0.768619 0.966273 0.958910 0.777343 0.934197 0.703758 0.971260 0.607396 0.476498 0.511961 0.569331 0.991335 0.803559 0.861869 0.938051 0.853699 0.887846 0.709540 0.984630 0.612196 0.668986 0.972089 0.991589 0.984966 0.931287 0.983946 0.736411 0.764363 0.784625 0.796129 0.840628 0.946992 0.742051
0.550644 0.475159 0.695304 0.996887 0.960278 0.879576 0.886093 0.719303 0.703673 0.682336 0.510125 0.430509 0.791785 0.621062 0.917966 0.707380 0.292605 0.000000 0.430660 0.350708 0.809423 0.929625 0.821969 0.884742 0.763698 0.737074 0.912536 0.768650 0.354228 0.365284 0.918335 0.774487 0.567840 0.434589 0.762510 0.807003 0.929096 0.857620 0.931623 0.977754 0.943325 0.860476 0.729979 0.470633 0.783479 0.482441 0.635087 0.542613 0.689491 0.725436 0.745906 0.864942 0.985039 0.919263 0.833043 0.839263 0.345275 0.439168 0.587368 0.657852 0.741421 0.600303 0.397573 0.360427 0.745921 0.980403 0.900117 0.914910 0.661670 0.380877 0.768552 0.628444 0.494038 0.522570 0.773780 0.802982 0.659334 0.729087 0.557379 0.492049 0.382373 0.483661 0.704549 0.717926 0.978616 0.989074 0.849567 0.966025 0.674542 0.990530 0.643701 0.499751 0.574242 0.586618 0.872924 0.774482 0.705695 0.749239 0.833955 0.849618 0.687580 0.995707 0.589439 0.627486 0.899624 0.931154 0.955620 0.879181 0.962775 0.669410 0.600294 0.782664 0.793518 0.774730 0.878959 0.826795
0.477485 0.466970 0.868151 0.876861 0.932143 0.822136 0.964618 0.757999 0.857896 0.942252 0.561110 0.451277 0.588811 0.532264 0.842779 0.678127 0.396779 0.430660 0.000000 0.394019 0.955951 0.973003 0.992940 0.886992 0.894360 0.944730 0.899305 0.953820 0.477807 0.560483 0.941211 0.851683 0.622401 0.492591 0.759929 0.825565 0.873155 0.984624 0.818640 0.919078 0.887985 0.968089 0.892978 0.630564 0.991585 0.682973 0.594662 0.641718 0.664708 0.590444 0.589435 0.652158 0.789834 0.770435 0.783340 0.845081 0.474721 0.520509 0.558062 0.565951 0.702342 0.632589 0.462550 0.504972 0.925877 0.876340 0.829720 0.968375 0.686401 0.531940 0.928283 0.828073 0.661965 0.650408 0.832385 0.876510 0.676091 0.810863 0.725724 0.563407 0.447194 0.476424 0.663786 0.766805 0.803049 0.809887 0.823725 0.938706 0.841278 0.900330 0.743515 0.555684 0.595270 0.613042 0.903340 0.884628 0.943102 0.944947 0.957233 0.929802 0.637679 0.997185 0.689810 0.798600 0.881239 0.887006 0.976197 0.868951 0.923329 0.924271 0.758882 0.945340 0.887080 0.961317 0.956856 0.911327
0.365592 0.338500 0.637197 0.919391 0.871729 0.809604 0.797873 0.677746 0.748658 0.707354 0.436208 0.326295 0.696929 0.539940 0.964369 0.694765 0.322918 0.350708 0.394019 0.000000 0.790537 0.954817 0.768691 0.949561 0.794699 0.713700 0.942665 0.898561 0.403845 0.495917 0.884676 0.971877 0.689233 0.544358 0.782626 0.689023 0.865839 0.957080 0.864976 0.986830 0.947040 0.944617 0.947058 0.601767 0.947121 0.579557 0.703863 0.624022 0.478016 0.468387 0.458132 0.565333 0.713572 0.773192 0.685792 0.676972 0.338899 0.344651 0.420562 0.414028 0.726841 0.483030 0.447198 0.377314 0.728297 0.990007 0.749154 0.969624 0.579366 0.367293 0.938453 0.749792 0.633020 0.681628 0.800826 0.826990 0.587599 0.734212 0.718412 0.593906 0.394020 0.462604 0.791540 0.788143 0.945023 0.978847 0.672103 0.885580 0.811367 0.862310 0.664050 0.477950 0.546623 0.530104 0.989141 0.820318 0.809161 0.980657 0.848682 0.916415 0.580961 0.942526 0.601979 0.750318 0.860433 0.999463 0.994012 0.971877 0.963628 0.840974 0.764621 0.906528 0.781280 0.874656 0.884823 0.767192
0.865943 0.721464 0.715361 0.971492 0.830009 0.780363 0.976763 0.615507 0.934719 0.613495 0.839837 0.729761 0.898614 0.806560 0.997572 0.866633 0.790909 0.809423 0.955951 0.790537 0.000000 0.998850 0.927181 0.867876 0.759736 0.732317 0.986085 0.911824 0.831776 0.820946 0.987117 0.992637 0.852237 0.832674 0.862041 0.933924 0.834016 0.909803 0.827259 0.928558 0.815078 0.911951 0.935546 0.824197 0.842273 0.673393 0.984159 0.711136 0.748646 0.741482 0.739956 0.733126 0.765773 0.802011 0.959557 0.898374 0.762267 0.721164 0.783629 0.760174 0.877817 0.676671 0.736921 0.659495 0.843066 0.992726 0.917531 0.966125 0.904101 0.868679 0.882759 0.784352 0.874969 0.851568 0.796997 0.817042 0.780489 0.866844 0.945378 0.982088 0.794253 0.939337 0.949802 0.996176 0.923504 0.862151 0.923243 0.864638 0.804581 0.954167 0.825963 0.979811 0.988221 0.956747 0.846861 0.810490 0.874361 0.939370 0.582267 0.836125 0.891477 0.839859 0.773035 0.913439 0.832360 0.893600 0.974280 0.873360 0.856616 0.900797 0.881750 0.726966 0.789349 0.904877 0.941251 0.890102
0.915762 0.936556 0.955937 0.997386 0.903556 0.982156 0.870166 0.897555 0.892763 0.982494 0.951753 0.969239 0.963121 0.977867 0.900901 0.959571 0.931715 0.929625 0.973003 0.954817 0.998850 0.000000 0.871222 0.978526 0.931972 0.952692 0.966614 0.942883 0.922841 0.957695 0.975474 0.996604 0.973569 0.992565 0.899841 0.985341 0.909218 0.689490 0.979536 0.676852 0.827198 0.939962 0.940587 0.943780 0.848147 0.976219 0.904321 0.885799 0.943897 0.893175 0.902454 0.930951 0.902842 0.987801 0.924487 0.956295 0.939523 0.910958 0.935940 0.939161 0.845164 0.906813 0.974621 0.970417 0.880473 0.807006 0.860164 0.908725 0.986792 0.949553 0.944488 0.996027 0.962072 0.937591 0.944882 0.863530 0.975543 0.952151 0.994117 0.897226 0.938528 0.887684 0.962022 0.940710 0.934323 0.906382 0.804940 0.981135 0.951564 0.998563 0.847788 0.912194 0.940536 0.958747 0.963376 0.956213 0.858604 0.942520 0.967395 0.906337 0.956050 0.871461 0.958885 0.924033 0.851451 0.882983 0.987117 0.964705 0.984724 0.952304 0.943691 0.918836 0.937184 0.997363 0.927056 0.980728
0.657461 0.756165 0.454688 0.565784 0.706899 0.882544 0.570831 0.887415 0.804563 0.800935 0.560162 0.816442 0.664811 0.798142 0.430406 0.632673 0.711508 0.821969 0.992940 0.768691 0.927181 0.871222 0.000000 0.393986 0.736267 0.592399 0.744654 0.936298 0.712645 0.751114 0.680648 0.689634 0.699489 0.956359 0.671346 0.636540 0.823107 0.988454 0.840395 0.953720 0.780426 0.832463 0.920648 0.882918 0.783715 0.887812 0.999296 0.913084 0.632573 0.680923 0.805401 0.865151 0.932422 0.950185 0.812662 0.675809 0.661441 0.701658 0.642087 0.695108 0.695355 0.933003 0.876410 0.847056 0.304325 0.400518 0.549914 0.464306 0.618310 0.663045 0.947081 0.947652 0.732084 0.676345 0.909811 0.966195 0.827516 0.911703 0.883133 0.979246 0.936762 0.974284 0.653619 0.990477 0.450801 0.432637 0.699162 0.560443 0.857101 0.870483 0.571737 0.744522 0.687752 0.802109 0.924656 0.913975 0.965478 0.866581 0.930064 0.768218 0.938307 0.743549 0.933972 0.759522 0.724368 0.799307 0.844008 0.924972 0.942365 0.959019 0.828362 0.894082 0.875425 0.987114 0.710698 0.919450
0.948632 0.978152 0.593754 0.482208 0.836598 0.953114 0.814956 0.957626 0.965156 0.735527 0.676654 0.991280 0.665316 0.709603 0.564867 0.663974 0.847235 0.884742 0.886992 0.949561 0.867876 0.978526 0.393986 0.000000 0.690126 0.676991 0.724711 0.811289 0.808999 0.759309 0.827590 0.893836 0.787271 0.981099 0.798556 0.740070 0.904552 0.944521 0.835110 0.979117 0.946468 0.900017 0.943365 0.882080 0.964238 0.876442 0.863968 0.840691 0.833787 0.913614 0.937409 0.916275 0.806273 0.874174 0.896468 0.933525 0.888242 0.952563 0.952106 0.952422 0.708762 0.942988 0.940355 0.985287 0.422504 0.500856 0.762071 0.675882 0.881349 0.877992 0.942356 0.948688 0.764234 0.755785 0.996593 0.995051 0.883846 0.978332 0.891162 0.878191 0.874723 0.818625 0.633684 0.830078 0.431508 0.414414 0.778300 0.546276 0.746666 0.696169 0.821469 0.989919 0.912521 0.980309 0.879622 0.981009 0.945073 0.844663 0.946605 0.875457 0.982344 0.807359 0.902894 0.821730 0.850988 0.809025 0.839860 0.948599 0.919606 0.991710 0.855333 0.925303 0.986274 0.909993 0.817850 0.856464
0.883064 0.852446 0.553091 0.893803 0.973628 0.770718 0.914181 0.524164 0.908451 0.530171 0.594587 0.600084 0.793757 0.739760 0.972936 0.895916 0.736149 0.763698 0.894360 0.794699 0.759736 0.931972 0.736267 0.690126 0.000000 0.404439 0.606352 0.828835 0.588732 0.537099 0.767270 0.898190 0.944067 0.781309 0.769554 0.822306 0.703453 0.808362 0.894001 0.803260 0.802721 0.874539 0.980884 0.812778 0.772892 0.644153 0.991534 0.963973 0.809495 0.845879 0.810771 0.875408 0.929702 0.881447 0.900165 0.950194 0.858833 0.874694 0.809682 0.783793 0.687417 0.583717 0.574221 0.613903 0.566247 0.933248 0.823409 0.930507 0.900923 0.941990 0.795609 0.948423 0.952348 0.938387 0.830484 0.890865 0.803735 0.957698 0.938590 0.999869 0.864085 0.983294 0.920277 0.895533 0.733711 0.684921 0.893803 0.780267 0.791827 0.773404 0.969373 0.910847 0.867603 0.965145 0.975130 0.884461 0.992214 0.967855 0.677432 0.841887 0.816403 0.941413 0.843116 0.894630 0.983796 0.935156 0.901523 0.853823 0.929104 0.917939 0.922128 0.850893 0.655830 0.982618 0.861439 0.833298
0.802701 0.809172 0.465178 0.765063 0.940559 0.914188 0.857008 0.694149 0.890748 0.604630 0.628984 0.627387 0.920241 0.775300 0.890906 0.979077 0.702220 0.737074 0.944730 0.713700 0.732317 0.952692 0.592399 0.676991 0.404439 0.000000 0.722207 0.861718 0.573068 0.538043 0.640781 0.845666 0.964278 0.869818 0.763931 0.780308 0.642116 0.864612 0.822988 0.869655 0.946547 0.992207 0.869245 0.887839 0.905515 0.716173 0.952987 0.958580 0.789014 0.822794 0.779113 0.918568 0.923125 0.966463 0.989940 0.931270 0.776632 0.779730 0.726157 0.767890 0.786509 0.629343 0.607750 0.617384 0.494530 0.757157 0.753851 0.793735 0.991868 0.804836 0.791251 0.979814 0.903695 0.892089 0.934315 0.958760 0.703603 0.955118 0.994190 0.980876 0.899488 0.971008 0.873600 0.873298 0.666313 0.562063 0.979481 0.748970 0.799866 0.732645 0.840049 0.755766 0.736601 0.831908 0.912254 0.959501 0.935582 0.870459 0.835227 0.956480 0.915792 0.900912 0.790834 0.897522 0.951379 0.765483 0.973868 0.843305 0.979668 0.889488 0.888824 0.894885 0.769485 0.937834 0.845445 0.841809
0.986351 0.982842 0.740057 0.830775 0.960085 0.978873 0.985765 0.911187 0.983553 0.753911 0.864394 0.908471 0.837520 0.876426 0.766889 0.938819 0.904948 0.912536 0.899305 0.942665 0.986085 0.966614 0.744654 0.724711 0.606352 0.722207 0.000000 0.723657 0.819355 0.882904 0.797546 0.958819 0.925562 0.993827 0.896397 0.975750 0.982500 0.871982 0.909888 0.999144 0.982332 0.965040 0.852103 0.853362 0.834860 0.821448 0.998241 0.936881 0.891587 0.969089 0.972549 0.932740 0.907291 0.867065 0.992626 0.997418 0.937409 0.986102 0.939346 0.959523 0.971702 0.881454 0.874453 0.887445 0.705176 0.868108 0.972878 0.997418 0.931330 0.974517 0.931712 0.882816 0.795279 0.843639 0.997141 0.959889 0.892778 0.924961 0.843894 0.976666 0.961855 0.953414 0.861419 0.985361 0.775529 0.731606 0.889070 0.787012 0.790158 0.909708 0.952949 0.939507 0.991029 0.960873 0.911903 0.978230 0.806903 0.970254 0.874007 0.985902 0.940732 0.913413 0.951444 0.877796 0.874561 0.868778 0.967129 0.722310 0.874366 0.892392 0.975452 0.868339 0.808487 0.994299 0.844942 0.976825
0.999064 0.966584 0.927959 0.906432 0.855003 0.869779 0.827193 0.876389 0.846104 0.884819 0.832220 0.896256 0.973335 0.923971 0.977907 0.986791 0.872449 0.768650 0.953820 0.898561 0.911824 0.942883 0.936298 0.811289 0.828835 0.861718 0.723657 0.000000 0.825604 0.868679 0.952698 0.809308 0.871119 0.875783 0.953328 0.886708 0.914016 0.975450 0.947169 0.887422 0.992384 0.986574 0.642233 0.770797 0.677193 0.746168 0.910991 0.889736 0.990575 0.939027 0.926155 0.880640 0.867710 0.751975 0.868499 0.987665 0.841073 0.914018 0.937954 0.995611 0.820363 0.867605 0.858925 0.867665 0.945368 0.945871 0.861840 0.787158 0.904994 0.909458 0.790707 0.871673 0.758623 0.866537 0.940927 0.976730 0.879960 0.906968 0.839313 0.975312 0.910278 0.980090 0.966188 0.939165 0.951775 0.951557 0.981488 0.874797 0.821957 0.869999 0.912652 0.948713 0.964420 0.924865 0.962014 0.982624 0.909640 0.950343 0.951951 0.914637 0.952260 0.979010 0.958594 0.814875 0.959915 0.997241 0.968033 0.965425 0.836677 0.988847 0.763736 0.873080 0.792538 0.772931 0.961832 0.974119
0.579443 0.540044 0.589285 0.903968 0.965246 0.732352 0.930240 0.634465 0.792609 0.564689 0.422120 0.402462 0.714699 0.589155 0.933070 0.685472 0.363304 0.354228 0.477807 0.403845 0.831776 0.922841 0.712645 0.808999 0.588732 0.573068 0.819355 0.825604 0.000000 0.330465 0.983153 0.845090 0.604145 0.501881 0.641794 0.706469 0.792499 0.999614 0.841207 0.966785 0.930768 0.936904 0.853528 0.551344 0.828137 0.485760 0.717686 0.707209 0.683312 0.693193 0.692520 0.817309 0.969267 0.948250 0.876425 0.891206 0.447911 0.528485 0.593903 0.614252 0.702223 0.565894 0.357632 0.390055 0.616813 0.913457 0.823824 0.985098 0.823570 0.520391 0.958926 0.762363 0.591465 0.649927 0.871861 0.865527 0.598426 0.872530 0.690492 0.620298 0.521655 0.662754 0.837824 0.909369 0.855615 0.835675 0.838665 0.914449 0.701201 0.854323 0.721657 0.586514 0.660129 0.694285 0.955331 0.834714 0.810352 0.861774 0.818279 0.898687 0.621341 0.989649 0.643437 0.695158 0.992296 0.961693 0.959046 0.982920 0.933601 0.813674 0.725226 0.776149 0.840567 0.820944 0.975585 0.824264
0.758510 0.654318 0.650755 0.918658 0.997495 0.830618 0.966341 0.615619 0.787727 0.531554 0.523876 0.471567 0.733400 0.608192 0.902817 0.716792 0.384741 0.365284 0.560483 0.495917 0.820946 0.957695 0.751114 0.759309 0.537099 0.538043 0.882904 0.868679 0.330465 0.000000 0.925378 0.784092 0.665256 0.455366 0.635518 0.718312 0.802294 0.966745 0.885166 0.938649 0.912876 0.957112 0.848998 0.563946 0.770677 0.515174 0.749001 0.745847 0.843360 0.812636 0.806410 0.933676 0.936099 0.997740 0.996927 0.966339 0.532096 0.628479 0.769323 0.784735 0.724191 0.639708 0.356927 0.408538 0.581767 0.877197 0.791046 0.976906 0.973061 0.589863 0.890202 0.694597 0.702209 0.695666 0.818026 0.883887 0.705726 0.816306 0.698635 0.632277 0.586357 0.732675 0.871205 0.908203 0.756994 0.781170 0.946602 0.905634 0.632556 0.719478 0.766435 0.592721 0.666059 0.719318 0.860647 0.790178 0.822112 0.823418 0.807246 0.976029 0.679018 0.995932 0.609002 0.769189 0.987768 0.926473 0.936421 0.957931 0.975491 0.687805 0.658473 0.757526 0.748643 0.818409 0.993437 0.757892
0.707854 0.865846 0.709519 0.885403 0.982183 0.929907 0.824450 0.999189 0.953825 0.962600 0.746940 0.813991 0.992233 0.961763 0.706405 0.820606 0.982260 0.918335 0.941211 0.884676 0.987117 0.975474 0.680648 0.827590 0.767270 0.640781 0.797546 0.952698 0.983153 0.925378 0.000000 0.469662 0.682396 0.816003 0.936826 0.930682 0.744530 0.900433 0.994643 0.987568 0.892572 0.952951 0.602408 0.758576 0.713989 0.904718 0.822060 0.728372 0.706548 0.761614 0.716481 0.800049 0.714156 0.918238 0.850290 0.672035 0.992874 0.920798 0.606031 0.707727 0.910215 0.774656 0.965784 0.962057 0.794852 0.885276 0.801134 0.641875 0.721080 0.913704 0.615260 0.703673 0.928283 0.940591 0.947090 0.995084 0.974580 0.805325 0.745732 0.781502 0.965489 0.992360 0.807815 0.962166 0.993628 0.843420 0.881236 0.819328 0.816844 0.944300 0.895402 0.856832 0.855419 0.880277 0.840769 0.925078 0.902977 0.756704 0.958438 0.912397 0.944659 0.860860 0.926829 0.990000 0.978067 0.719498 0.952688 0.872888 0.909271 0.929355 0.772697 0.866238 0.750403 0.946549 0.792801 0.905312
0.711950 0.868504 0.731556 0.885374 0.893314 0.934508 0.755881 0.928031 0.988929 0.898478 0.880774 0.923535 0.908077 0.932292 0.612574 0.768898 0.890797 0.774487 0.851683 0.971877 0.992637 0.996604 0.689634 0.893836 0.898190 0.845666 0.958819 0.809308 0.845090 0.784092 0.469662 0.000000 0.542508 0.738595 0.936878 0.949809 0.895507 0.981191 0.973859 0.912600 0.809865 0.968383 0.638375 0.752446 0.665194 0.842111 0.813541 0.754034 0.688592 0.768773 0.775364 0.751369 0.679452 0.875225 0.904619 0.672660 0.997044 0.952913 0.680708 0.735341 0.914078 0.856547 0.834853 0.944664 0.811615 0.852705 0.814122 0.628052 0.760434 0.971580 0.697579 0.678587 0.923119 0.969331 0.945949 0.992808 0.976259 0.868623 0.620486 0.711300 0.894886 0.948015 0.759194 0.938330 0.978552 0.854824 0.976480 0.880478 0.802064 0.782795 0.945063 0.922386 0.969121 0.946095 0.833738 0.967657 0.977977 0.819006 0.995842 0.974691 0.919657 0.829804 0.902478 0.920986 0.930597 0.882579 0.899709 0.837955 0.900140 0.916459 0.740281 0.853167 0.762240 0.885237 0.835719 0.957234
0.954639 0.783666 0.866652 0.734271 0.869991 0.793324 0.768494 0.678517 0.910846 0.753856 0.878998 0.732566 0.689466 0.669073 0.611091 0.601259 0.636893 0.567840 0.622401 0.689233 0.852237 0.973569 0.699489 0.787271 0.944067 0.964278 0.925562 0.871119 0.604145 0.665256 0.682396 0.542508 0.000000 0.539595 0.945068 0.929721 0.885870 0.967822 0.872217 0.948169 0.830325 0.893479 0.679298 0.654966 0.644915 0.670317 0.694664 0.666183 0.987878 0.994594 0.938871 0.967329 0.908165 0.971122 0.964892 0.866731 0.746755 0.784381 0.928747 0.932042 0.643194 0.789523 0.590076 0.629657 0.822010 0.698932 0.780318 0.564999 0.914257 0.840178 0.857224 0.722688 0.811954 0.939589 0.770271 0.892307 0.773292 0.803328 0.619712 0.610722 0.603407 0.724791 0.669998 0.790389 0.741968 0.721487 0.975642 0.702870 0.790325 0.924835 0.960191 0.911597 0.950475 0.918432 0.924459 0.973285 0.959559 0.721125 0.763857 0.661726 0.787733 0.728854 0.771199 0.837135 0.744776 0.845350 0.952334 0.962819 0.934293 0.847430 0.704199 0.811194 0.992842 0.836949 0.793687 0.858003
0.711205 0.586407 0.884567 0.851655 0.855678 0.732521 0.854125 0.562249 0.892567 0.706347 0.658342 0.489570 0.631661 0.584387 0.779592 0.598844 0.512128 0.434589 0.492591 0.544358 0.832674 0.992565 0.956359 0.981099 0.781309 0.869818 0.993827 0.875783 0.501881 0.455366 0.816003 0.738595 0.539595 0.000000 0.882206 0.919836 0.976067 0.924459 0.926112 0.910349 0.873735 0.979383 0.647392 0.475188 0.671335 0.538649 0.607796 0.603174 0.829358 0.857920 0.821462 0.898371 0.916494 0.963489 0.962040 0.975296 0.535677 0.656784 0.797078 0.775449 0.619821 0.583489 0.423090 0.455248 0.932842 0.771827 0.942749 0.682831 0.932325 0.700021 0.762994 0.629831 0.747269 0.739875 0.773242 0.898182 0.573442 0.694374 0.606018 0.670485 0.508406 0.613966 0.694126 0.796240 0.856218 0.814513 0.981968 0.841162 0.720947 0.901849 0.964012 0.757271 0.820072 0.838807 0.919509 0.808124 0.796947 0.711158 0.681194 0.768052 0.660529 0.925931 0.637301 0.800304 0.802520 0.798447 0.988371 0.983942 0.917105 0.763149 0.673418 0.684120 0.770970 0.833018 0.782455 0.935874
0.753070 0.741723 0.697227 0.875221 0.804371 0.915235 0.834653 0.870198 0.861831 0.793707 0.641461 0.709582 0.901888 0.807132 0.857188 0.984726 0.692703 0.762510 0.759929 0.782626 0.862041 0.899841 0.671346 0.798556 0.769554 0.763931 0.896397 0.953328 0.641794 0.635518 0.936826 0.936878 0.945068 0.882206 0.000000 0.738465 0.653612 0.916683 0.920435 0.929903 0.862583 0.998242 0.881347 0.897042 0.910848 0.796482 0.824970 0.873909 0.770248 0.682424 0.693463 0.741934 0.808299 0.816420 0.949238 0.803224 0.751023 0.727534 0.716872 0.712966 0.992580 0.858115 0.713614 0.720500 0.637035 0.697993 0.574352 0.713427 0.896621 0.721522 0.991954 0.915656 0.877941 0.909598 0.928034 0.951456 0.941207 0.968683 0.886803 0.794160 0.845626 0.931256 0.974459 0.906785 0.712336 0.675337 0.884005 0.801702 0.982493 0.876937 0.746449 0.667492 0.728509 0.676808 0.939050 0.847698 0.913494 0.912763 0.984296 0.876352 0.882465 0.844587 0.857621 0.989556 0.939556 0.965946 0.903567 0.862154 0.899364 0.993775 0.877975 0.906333 0.936795 0.928447 0.674908 0.925623
0.738590 0.724604 0.707104 0.940697 0.791528 0.967110 0.775259 0.864566 0.977285 0.790527 0.650427 0.724882 0.941307 0.884187 0.917820 0.948242 0.717006 0.807003 0.825565 0.689023 0.933924 0.985341 0.636540 0.740070 0.822306 0.780308 0.975750 0.886708 0.706469 0.718312 0.930682 0.949809 0.929721 0.919836 0.738465 0.000000 0.816966 0.990734 0.963352 0.938203 0.994874 0.940221 0.890730 0.964149 0.843971 0.763303 0.961578 0.929100 0.708323 0.615009 0.612812 0.684096 0.761524 0.720542 0.699207 0.791529 0.675684 0.647470 0.754720 0.662110 0.992451 0.759151 0.753934 0.721055 0.674926 0.800509 0.580843 0.739004 0.809048 0.711537 0.958313 0.919393 0.927109 0.945339 0.993239 0.874076 0.783398 0.986303 0.897310 0.985504 0.798058 0.848050 0.902826 0.962321 0.771986 0.798695 0.705405 0.724993 0.931836 0.993622 0.731045 0.709817 0.641710 0.763673 0.882806 0.946741 0.975912 0.808274 0.987025 0.843624 0.861782 0.872473 0.913558 0.769512 0.889624 0.974100 0.825882 0.880660 0.853250 0.968042 0.950391 0.936676 0.973443 0.940051 0.947775 0.908354
0.866814 0.942495 0.771712 0.992727 0.954387 0.948134 0.955323 0.836885 0.991284 0.896434 0.756574 0.795975 0.855511 0.713792 0.984542 0.984996 0.813437 0.929096 0.873155 0.865839 0.834016 0.909218 0.823107 0.904552 0.703453 0.642116 0.982500 0.914016 0.792499 0.802294 0.744530 0.895507 0.885870 0.976067 0.653612 0.816966 0.000000 0.785625 0.658245 0.878628 0.833685 0.772179 0.846598 0.994211 0.909786 0.941169 0.883837 0.985823 0.927662 0.872349 0.821726 0.901678 0.899267 0.862404 0.848756 0.993157 0.961620 0.920483 0.813838 0.829808 0.844829 0.866929 0.859354 0.893977 0.799798 0.962482 0.749964 0.748934 0.998148 0.958411 0.717163 0.920013 0.946516 0.990561 0.996860 0.947092 0.940633 0.842481 0.982128 0.965125 0.984495 0.946431 0.924325 0.780035 0.877625 0.856932 0.928696 0.747076 0.860223 0.810046 0.942245 0.778443 0.806340 0.904585 0.954284 0.963844 0.910974 0.678970 0.843014 0.930278 0.949379 0.932027 0.991635 0.908322 0.975764 0.772299 0.882987 0.938080 0.858946 0.891197 0.871422 0.980629 0.968443 0.926162 0.803215 0.993919
0.895903 0.888816 0.887863 0.834432 0.963939 0.911512 0.884498 0.969251 0.877728 0.994428 0.977492 0.996212 0.838219 0.898562 0.875059 0.986985 0.977045 0.857620 0.984624 0.957080 0.909803 0.689490 0.988454 0.944521 0.808362 0.864612 0.871982 0.975450 0.999614 0.966745 0.900433 0.981191 0.967822 0.924459 0.916683 0.990734 0.785625 0.000000 0.827206 0.914606 0.826873 0.733145 0.923879 0.994462 0.896974 0.887203 0.825715 0.786254 0.930950 0.992734 0.988035 0.973971 0.976390 0.842396 0.805949 0.879888 0.822863 0.795071 0.867011 0.986178 0.988411 0.928566 0.966237 0.885749 0.875275 0.961976 0.895292 0.917677 0.749295 0.838808 0.839137 0.779177 0.865504 0.917188 0.910334 0.948425 0.975818 0.851147 0.815457 0.855279 0.867346 0.796094 0.907848 0.702606 0.891558 0.809887 0.779389 0.829497 0.962500 0.805465 0.850165 0.968794 0.984223 0.991548 0.873977 0.833632 0.589823 0.715035 0.986707 0.847140 0.944897 0.885754 0.890337 0.635988 0.841610 0.707119 0.877468 0.983896 0.974006 0.947655 0.833338 0.943924 0.977120 0.907684 0.878844 0.931507
