0.000000 0.197202 0.806047 0.763695 0.781652 0.725300 0.792074 0.251681 0.985695 0.390253 0.240671 0.216053 0.354677 0.300152 0.564622 0.643452 0.278127 0.243922 0.346785 0.282283 0.977602 0.944404 0.946251 0.825682 0.654029 0.878479 0.977166 0.964702 0.276100 0.292687 0.634066 0.667288 0.527644 0.401842 0.725658 0.642124 0.963870 0.981778 0.975054 0.870135 0.660568 0.852400 0.589570 0.439015 0.701169 0.417418 0.482919 0.457683 0.216102 0.255222 0.358941 0.323884 0.450722 0.533522 0.739915 0.590661 0.350216 0.312805 0.358942 0.292868 0.500118 0.288594 0.261603 0.223580 0.513284 0.848075 0.865789 0.980965 0.691845 0.546224 0.661540 0.751420 0.446954 0.493739 0.763737 0.879345 0.396694 0.585158 0.526702 0.365447 0.293275 0.317863 0.534221 0.772769 0.826206 0.876254 0.634715 0.841787 0.952257 0.702239 0.760905 0.798907 0.857248 0.550932 0.992927 0.802378 0.774711 0.703571 0.523345 0.623551 0.601539 0.850097 0.473000 0.599918 0.762291 0.806226 0.986943 0.960964 0.690543 0.925897 0.968854 0.735289 0.561665 0.978255 0.775287 0.825840
0.197202 0.000000 0.709597 0.877921 0.740728 0.819341 0.944427 0.336790 0.866858 0.456699 0.314103 0.266604 0.467352 0.379617 0.687642 0.726802 0.288246 0.254701 0.353257 0.255717 0.987752 0.886442 0.928971 0.811835 0.731032 0.858672 0.970286 0.966323 0.288793 0.328087 0.687856 0.711580 0.599779 0.470555 0.702485 0.694622 0.971481 0.979583 0.978447 0.874391 0.595019 0.857727 0.729479 0.535595 0.784750 0.489005 0.537865 0.552784 0.244222 0.281651 0.426747 0.391837 0.509938 0.610025 0.766458 0.635742 0.279736 0.225335 0.481344 0.347270 0.664699 0.370461 0.356412 0.279979 0.411906 0.697426 0.723689 0.895021 0.633415 0.497360 0.747137 0.840527 0.433936 0.550755 0.786815 0.909859 0.444229 0.609247 0.561695 0.347359 0.300247 0.297257 0.594538 0.730022 0.855652 0.896228 0.656845 0.898512 0.853019 0.781044 0.891672 0.692885 0.775753 0.502789 0.927664 0.800598 0.823614 0.645111 0.634910 0.755384 0.686129 0.945009 0.538775 0.681986 0.814712 0.934407 0.968313 0.930728 0.728532 0.957731 0.986311 0.827541 0.600335 0.972006 0.909895 0.839155
0.806047 0.709597 0.000000 0.507719 0.831596 0.937649 0.446409 0.985783 0.775802 0.989069 0.830039 0.691837 0.957073 0.712315 0.983590 0.872600 0.905322 0.876911 0.834771 0.721934 0.846619 0.970163 0.728677 0.959817 0.721110 0.449196 0.795082 0.945553 0.894023 0.885708 0.697807 0.798157 0.704339 0.930618 0.420705 0.687508 0.843345 0.884838 0.810217 0.967651 0.925853 0.826920 0.738410 0.854441 0.607394 0.821082 0.974321 0.807119 0.857776 0.774348 0.994601 0.884357 0.987509 0.959961 0.845198 0.991756 0.847892 0.699489 0.915864 0.717086 0.733373 0.851623 0.884733 0.818595 0.357868 0.691171 0.429411 0.480100 0.837353 0.771869 0.817998 0.994719 0.838668 0.979365 0.995028 0.964048 0.865649 0.906886 0.969153 0.884196 0.955623 0.804176 0.897535 0.851014 0.754919 0.986231 0.699675 0.996347 0.725113 0.993214 0.805752 0.643434 0.589089 0.634652 0.795569 0.892216 0.887759 0.634316 0.854248 0.769778 0.936888 0.678281 0.969080 0.767099 0.744502 0.687832 0.968990 0.875491 0.975781 0.947886 0.785951 0.911887 0.760338 0.911049 0.727493 0.888124
0.763695 0.877921 0.507719 0.000000 0.958511 0.891171 0.535783 0.658892 0.949980 0.751614 0.804797 0.842569 0.795242 0.841830 0.775774 0.898417 0.797045 0.793955 0.798858 0.785546 0.942928 0.960577 0.684361 0.888915 0.911890 0.695394 0.868338 0.908440 0.774568 0.823216 0.708910 0.760376 0.607840 0.725716 0.854093 0.901610 0.932918 0.862380 0.792729 0.870440 0.934868 0.928133 0.727378 0.719772 0.649815 0.657498 0.887314 0.650965 0.760588 0.824093 0.758914 0.824832 0.788675 0.836062 0.777236 0.869855 0.804378 0.876917 0.736512 0.897519 0.650543 0.717785 0.807078 0.824795 0.711019 0.742186 0.702195 0.688175 0.824107 0.842650 0.978608 0.913383 0.902549 0.919787 0.885500 0.989332 0.833998 0.866974 0.765651 0.894402 0.795342 0.816872 0.789199 0.720052 0.664199 0.791313 0.872051 0.888462 0.849364 0.772753 0.818717 0.885829 0.736094 0.910914 0.832532 0.892837 0.774426 0.890452 0.752907 0.787795 0.901772 0.758446 0.867042 0.790124 0.685432 0.728969 0.916182 0.944968 0.876474 0.988549 0.842634 0.959499 0.733134 0.952456 0.954607 0.880131
0.781652 0.740728 0.831596 0.958511 0.000000 0.904666 0.954843 0.802287 0.902854 0.810318 0.778539 0.799280 0.810359 0.833217 0.979041 0.991938 0.712004 0.722594 0.657887 0.735608 0.991225 0.929052 0.931719 0.895565 0.970870 0.845243 0.941678 0.857637 0.797052 0.812133 0.942349 0.768306 0.911291 0.826530 0.918733 0.939578 0.891251 0.943065 0.947922 0.982503 0.771371 0.843277 0.955868 0.928892 0.875616 0.865493 0.910347 0.938917 0.867665 0.882719 0.947638 0.936047 0.966758 0.941112 0.836132 0.810364 0.734322 0.765191 0.920756 0.958744 0.966540 0.915064 0.828342 0.793025 0.743612 0.728958 0.914801 0.884170 0.907607 0.833575 0.687569 0.871961 0.817129 0.822426 0.871060 0.942123 0.668498 0.779886 0.795043 0.817139 0.753035 0.664514 0.778585 0.775051 0.915645 0.894738 0.992661 0.946797 0.801014 0.828969 0.880671 0.769052 0.824763 0.735921 0.977832 0.890022 0.836967 0.934172 0.900790 0.912687 0.996549 0.855556 0.756361 0.801481 0.959634 0.975335 0.847821 0.851131 0.992717 0.968677 0.956048 0.864749 0.934196 0.889870 0.891052 0.650267
0.725300 0.819341 0.937649 0.891171 0.904666 0.000000 0.761784 0.606721 0.751435 0.723347 0.733775 0.696994 0.700823 0.659250 0.752039 0.677701 0.885671 0.841014 0.814682 0.849132 0.852139 0.976272 0.837614 0.945700 0.627898 0.930275 0.891384 0.973096 0.717798 0.721783 0.821899 0.774977 0.729437 0.836905 0.873988 0.781481 0.927039 0.928626 0.942741 0.949511 0.943485 0.905454 0.600079 0.616309 0.813954 0.723484 0.814183 0.770903 0.694359 0.568588 0.529236 0.529707 0.593055 0.511748 0.880514 0.757735 0.980624 0.988741 0.716020 0.651600 0.725253 0.614727 0.710098 0.699797 0.785260 0.776681 0.894373 0.798274 0.765986 0.871690 0.708647 0.796066 0.770337 0.633423 0.796123 0.872802 0.616685 0.747247 0.822927 0.679979 0.780274 0.929330 0.902731 0.928583 0.840792 0.926987 0.886889 0.711310 0.893535 0.978421 0.611128 0.733135 0.788803 0.864356 0.934172 0.861163 0.862008 0.871257 0.696367 0.644151 0.553832 0.681609 0.763578 0.677041 0.762540 0.666078 0.665333 0.754036 0.716410 0.912683 0.902839 0.738077 0.856313 0.939392 0.846477 0.999669
0.792074 0.944427 0.446409 0.535783 0.954843 0.761784 0.000000 0.530226 0.712512 0.508429 0.691613 0.856647 0.606455 0.858506 0.690275 0.868309 0.677694 0.702733 0.690426 0.922562 0.892382 0.985191 0.912568 0.846566 0.880061 0.764346 0.652224 0.998889 0.707367 0.651392 0.525386 0.564493 0.402997 0.513956 0.672487 0.956761 0.843364 0.797060 0.799168 0.992502 0.837537 0.885860 0.315377 0.400703 0.281724 0.447532 0.642435 0.441352 0.734408 0.805087 0.547008 0.673542 0.569061 0.552331 0.610061 0.661058 0.907464 0.934945 0.705843 0.991333 0.337763 0.717015 0.641596 0.690416 0.764769 0.752543 0.323070 0.298071 0.859322 0.975559 0.706235 0.608025 0.706072 0.611319 0.914028 0.860843 0.657464 0.602574 0.552931 0.746004 0.641401 0.893363 0.853741 0.694257 0.908512 0.789260 0.922819 0.780253 0.895483 0.840088 0.561151 0.584087 0.651916 0.739844 0.825728 0.839331 0.646785 0.695308 0.460825 0.355523 0.525454 0.501989 0.548805 0.418205 0.670779 0.519098 0.913505 0.700464 0.736893 0.922781 0.726472 0.563750 0.517137 0.786790 0.579044 0.978352
0.251681 0.336790 0.985783 0.658892 0.802287 0.606721 0.530226 0.000000 0.908667 0.299923 0.285222 0.301467 0.368776 0.346091 0.556584 0.647620 0.346919 0.323563 0.386097 0.391750 0.959007 0.997543 0.989779 0.826047 0.639973 0.980518 0.830050 0.968726 0.321582 0.344971 0.563190 0.609736 0.452359 0.391491 0.859195 0.699605 0.915325 0.893141 0.917651 0.951895 0.733837 0.843745 0.412489 0.343257 0.511505 0.345831 0.486708 0.394461 0.259198 0.291279 0.282754 0.294607 0.369313 0.412488 0.688632 0.559807 0.504707 0.512575 0.356081 0.431686 0.380478 0.279841 0.281148 0.269071 0.664335 0.988464 0.850152 0.757080 0.861462 0.645582 0.559248 0.658917 0.381613 0.384791 0.733380 0.831703 0.340232 0.508515 0.525410 0.412486 0.294938 0.422535 0.606999 0.752422 0.850016 0.970589 0.725086 0.759440 0.980462 0.704780 0.586021 0.901948 0.891137 0.816251 0.875852 0.774904 0.693230 0.857525 0.368861 0.400590 0.465289 0.668176 0.372454 0.423082 0.677530 0.603772 0.891362 0.807412 0.592357 0.978273 0.772840 0.559322 0.484494 0.830555 0.667964 0.869822
0.985695 0.866858 0.775802 0.949980 0.902854 0.751435 0.712512 0.908667 0.000000 0.863479 0.982218 0.925470 0.960807 0.914679 0.967985 0.974751 0.950049 0.897488 0.886064 0.828022 0.949115 0.913855 0.772076 0.767211 0.902792 0.825097 0.888452 0.897901 0.991443 0.998938 0.858721 0.843053 0.930704 0.964265 0.771567 0.916763 0.959357 0.973139 0.959164 0.945585 0.894830 0.954013 0.679945 0.816315 0.779043 0.895371 0.897965 0.777142 0.929176 0.948568 0.733079 0.762093 0.704102 0.670905 0.835848 0.681993 0.733423 0.729126 0.962733 0.999005 0.751191 0.830106 0.974279 0.972722 0.823557 0.638258 0.769025 0.729259 0.753634 0.897513 0.980701 0.849003 0.995918 0.873222 0.948160 0.984291 0.876001 0.872637 0.935408 0.959764 0.990866 0.831118 0.828825 0.793166 0.879784 0.816369 0.758056 0.719684 0.766057 0.909748 0.579798 0.585117 0.630749 0.710250 0.932359 0.985919 0.922198 0.820466 0.661871 0.661998 0.739703 0.746741 0.819022 0.807366 0.817649 0.774395 0.907979 0.656878 0.923248 0.960545 0.983363 0.762466 0.737518 0.999696 0.790381 0.903140
0.390253 0.456699 0.989069 0.751614 0.810318 0.723347 0.508429 0.299923 0.863479 0.000000 0.327763 0.385517 0.405390 0.441002 0.529617 0.658219 0.313401 0.310761 0.407048 0.495543 0.831489 0.938755 0.912428 0.904665 0.706024 0.906819 0.744413 0.972629 0.324758 0.306061 0.482721 0.534899 0.411207 0.406647 0.886430 0.833678 0.777801 0.800456 0.990675 0.898312 0.712069 0.805305 0.402214 0.354491 0.444323 0.341183 0.492913 0.389730 0.355113 0.500079 0.412189 0.494049 0.499435 0.593011 0.674388 0.572565 0.526689 0.601242 0.409429 0.639250 0.379609 0.385311 0.331382 0.276955 0.733808 0.929906 0.790186 0.700004 0.851709 0.734629 0.558137 0.493019 0.461093 0.474770 0.802924 0.896356 0.476832 0.504469 0.470359 0.404439 0.265992 0.410853 0.571847 0.633246 0.808992 0.995037 0.898512 0.858301 0.968156 0.641211 0.738706 0.958599 0.962567 0.761361 0.995751 0.798469 0.628872 0.892794 0.452325 0.406103 0.580158 0.755856 0.414903 0.440144 0.709230 0.709364 0.979860 0.859933 0.615575 0.980598 0.846107 0.568241 0.576720 0.869306 0.735692 0.822924
0.240671 0.314103 0.830039 0.804797 0.778539 0.733775 0.691613 0.285222 0.982218 0.327763 0.000000 0.226758 0.280708 0.295618 0.508449 0.564010 0.266543 0.242627 0.319010 0.360807 0.930402 0.990916 0.932397 0.810115 0.559502 0.824639 0.888208 0.985109 0.273798 0.261728 0.697006 0.731061 0.486389 0.431787 0.737220 0.772062 0.948401 0.959159 0.910576 0.839086 0.641846 0.815678 0.523471 0.439726 0.685489 0.453482 0.512047 0.483687 0.304081 0.358663 0.396010 0.386449 0.485385 0.527652 0.718432 0.616955 0.476254 0.451450 0.330048 0.403295 0.389407 0.307999 0.230097 0.204699 0.548802 0.907216 0.964848 0.870059 0.789719 0.681939 0.662547 0.623275 0.399882 0.437217 0.798439 0.813319 0.437390 0.551090 0.438856 0.427930 0.301591 0.353376 0.594304 0.758084 0.899424 0.952863 0.683420 0.862976 0.894761 0.694940 0.707562 0.876952 0.877222 0.605340 0.919123 0.756490 0.713632 0.765253 0.493068 0.548828 0.559189 0.780796 0.499816 0.517954 0.761546 0.794769 0.994984 0.933642 0.675151 0.909100 0.973800 0.696012 0.609153 0.911983 0.735826 0.820910
0.216053 0.266604 0.691837 0.842569 0.799280 0.696994 0.856647 0.301467 0.925470 0.385517 0.226758 0.000000 0.325683 0.217097 0.493537 0.515317 0.298333 0.257376 0.332548 0.290110 0.954597 0.921713 0.985008 0.957942 0.532686 0.700866 0.964095 0.998150 0.312161 0.302066 0.740979 0.781983 0.587925 0.459136 0.615574 0.613528 0.954082 0.978197 0.902815 0.864719 0.737648 0.902161 0.627680 0.502768 0.787032 0.503500 0.570196 0.543270 0.270458 0.298405 0.414420 0.381157 0.506096 0.578699 0.822516 0.647538 0.451511 0.386886 0.413059 0.344639 0.550275 0.279178 0.251762 0.216648 0.433089 0.892035 0.848749 0.952875 0.734252 0.617257 0.584790 0.655365 0.416544 0.476878 0.783056 0.855399 0.387439 0.569118 0.553643 0.398822 0.326289 0.334829 0.594150 0.828117 0.873679 0.823477 0.664502 0.934723 0.869757 0.719668 0.807592 0.764192 0.761340 0.527559 0.893020 0.706854 0.857778 0.659356 0.567891 0.660797 0.634675 0.885291 0.530685 0.636707 0.819910 0.854950 0.962792 0.990552 0.657037 0.956804 0.997996 0.798452 0.667457 0.986170 0.802094 0.801319
0.354677 0.467352 0.957073 0.795242 0.810359 0.700823 0.606455 0.368776 0.960807 0.405390 0.280708 0.325683 0.000000 0.364485 0.383419 0.457249 0.367480 0.353736 0.405995 0.546921 0.929907 0.995278 0.940596 0.872157 0.590502 0.782568 0.934668 0.949995 0.375849 0.309300 0.640108 0.708373 0.468618 0.462797 0.813878 0.789312 0.963171 0.868792 0.976364 0.983299 0.792383 0.889511 0.449042 0.378123 0.664978 0.460595 0.501112 0.492702 0.420823 0.418363 0.446742 0.432960 0.503445 0.528305 0.788816 0.701080 0.516790 0.545993 0.329013 0.419601 0.365973 0.461346 0.239618 0.258659 0.712012 0.882771 0.794783 0.757806 0.977172 0.804910 0.617584 0.615954 0.563497 0.558573 0.832142 0.818192 0.455557 0.441040 0.456594 0.501395 0.430239 0.494702 0.593226 0.821515 0.986569 0.958652 0.767757 0.828906 0.970061 0.767272 0.703875 0.945359 0.934209 0.685048 0.973771 0.713797 0.687118 0.814019 0.468476 0.511833 0.523903 0.758715 0.414904 0.492523 0.628516 0.639380 0.996563 0.887331 0.643556 0.857475 0.952988 0.717140 0.577582 0.852424 0.583154 0.810806
0.300152 0.379617 0.712315 0.841830 0.833217 0.659250 0.858506 0.346091 0.914679 0.441002 0.295618 0.217097 0.364485 0.000000 0.424037 0.403115 0.388792 0.350504 0.375357 0.386184 0.947828 0.960694 0.867706 0.908628 0.521663 0.656804 0.955027 0.926668 0.334908 0.320411 0.719976 0.773595 0.578887 0.460489 0.664041 0.626155 0.923659 0.988834 0.859382 0.831309 0.828754 0.870507 0.634582 0.535833 0.807262 0.518576 0.643829 0.603058 0.363190 0.347560 0.457683 0.436939 0.575933 0.621019 0.883660 0.752790 0.556584 0.478275 0.452203 0.397308 0.584606 0.322918 0.264821 0.263846 0.485263 0.954572 0.922908 0.969569 0.801827 0.674138 0.578409 0.664749 0.477613 0.501285 0.715920 0.775009 0.476100 0.613185 0.591062 0.499813 0.404580 0.398025 0.629328 0.857344 0.837139 0.739732 0.669561 0.964550 0.829386 0.740588 0.867841 0.763265 0.733979 0.517251 0.994352 0.797271 0.937858 0.597340 0.649605 0.661467 0.673928 0.868585 0.599105 0.616812 0.791402 0.811415 0.958946 0.994041 0.649431 0.988452 0.938207 0.820762 0.735588 0.982027 0.856574 0.803956
0.564622 0.687642 0.983590 0.775774 0.979041 0.752039 0.690275 0.556584 0.967985 0.529617 0.508449 0.493537 0.383419 0.424037 0.000000 0.358359 0.521889 0.527000 0.519791 0.678682 0.942186 0.978481 0.630740 0.837401 0.631704 0.832583 0.935388 0.909203 0.486595 0.396336 0.543808 0.635468 0.483863 0.460808 0.926926 0.800521 0.901407 0.894843 0.990722 0.939867 0.906646 0.907010 0.545239 0.496985 0.689073 0.484220 0.712230 0.557190 0.583863 0.586145 0.636922 0.638186 0.682530 0.747627 0.882479 0.853218 0.667335 0.669238 0.529783 0.604293 0.514344 0.531271 0.328878 0.404764 0.930552 0.967702 0.727739 0.741708 0.967213 0.840453 0.674612 0.677353 0.725172 0.791168 0.932505 0.846310 0.618566 0.630810 0.605297 0.636397 0.522887 0.626577 0.643412 0.823706 0.744079 0.720618 0.931327 0.963339 0.995691 0.706978 0.937696 0.839530 0.773489 0.655621 0.940918 0.817967 0.906601 0.763207 0.707320 0.693720 0.696279 0.837514 0.668708 0.566221 0.783461 0.734531 0.972390 0.958934 0.696973 0.965031 0.983242 0.878074 0.723234 0.850741 0.691187 0.879223
0.643452 0.726802 0.872600 0.898417 0.991938 0.677701 0.868309 0.647620 0.974751 0.658219 0.564010 0.515317 0.457249 0.403115 0.358359 0.000000 0.643671 0.644577 0.572253 0.758826 0.973122 0.929142 0.690742 0.735012 0.591862 0.678955 0.953441 0.922214 0.592209 0.474848 0.669959 0.793362 0.656709 0.650617 0.809593 0.850761 0.929641 0.832292 0.968935 0.972337 0.984800 0.977439 0.641155 0.600341 0.904963 0.690572 0.788668 0.696702 0.664220 0.650235 0.722539 0.721337 0.838373 0.855118 0.996816 0.956176 0.773141 0.756750 0.625380 0.612320 0.704921 0.632017 0.447066 0.481262 0.768978 0.982520 0.934933 0.900954 0.955247 0.844199 0.641235 0.694365 0.800710 0.729921 0.871447 0.823811 0.746929 0.595093 0.721987 0.663625 0.645218 0.682745 0.807035 0.936483 0.842986 0.684325 0.864085 0.974182 0.924242 0.879055 0.970321 0.769137 0.711108 0.625570 0.998575 0.804579 0.944862 0.670529 0.879127 0.851638 0.761160 0.922814 0.732918 0.681871 0.835960 0.721080 0.922021 0.924402 0.725056 0.901273 0.993978 0.978844 0.807918 0.912463 0.809600 0.903863
0.278127 0.288246 0.905322 0.797045 0.712004 0.885671 0.677694 0.346919 0.950049 0.313401 0.266543 0.298333 0.367480 0.388792 0.521889 0.643671 0.000000 0.179573 0.292045 0.317461 0.848757 0.905384 0.917758 0.818200 0.681304 0.798401 0.816645 0.968764 0.267369 0.216676 0.582527 0.586158 0.397528 0.324606 0.816021 0.892027 0.837018 0.899999 0.991182 0.779714 0.595651 0.782101 0.539421 0.406886 0.568470 0.369791 0.452895 0.426756 0.304039 0.460558 0.494890 0.541453 0.594676 0.688093 0.672952 0.634618 0.308171 0.366701 0.473840 0.568795 0.505473 0.438855 0.263188 0.221304 0.563270 0.729507 0.967111 0.853243 0.724704 0.647097 0.645576 0.607608 0.401158 0.506209 0.832430 0.938156 0.463463 0.507171 0.420574 0.367878 0.214129 0.273503 0.514591 0.560297 0.762839 0.894497 0.757392 0.988600 0.833763 0.705590 0.960924 0.714949 0.751755 0.496429 0.911804 0.746712 0.768592 0.763231 0.545784 0.610218 0.709563 0.908160 0.500624 0.529871 0.812081 0.854907 0.840910 0.960392 0.704238 0.901380 0.927256 0.736677 0.545649 0.933284 0.770543 0.797157
0.243922 0.254701 0.876911 0.793955 0.722594 0.841014 0.702733 0.323563 0.897488 0.310761 0.242627 0.257376 0.353736 0.350504 0.527000 0.644577 0.179573 0.000000 0.268444 0.293160 0.895319 0.878305 0.976499 0.847016 0.687155 0.820932 0.789466 0.976092 0.236544 0.221246 0.598824 0.623931 0.414451 0.346739 0.812477 0.796562 0.877820 0.893039 0.970857 0.813936 0.570096 0.812267 0.544582 0.395558 0.602270 0.370959 0.515169 0.407948 0.288629 0.411949 0.452069 0.476754 0.539853 0.617494 0.642377 0.596220 0.305552 0.337272 0.452200 0.512635 0.480340 0.410920 0.247491 0.205296 0.538415 0.749179 0.993342 0.884384 0.708163 0.648831 0.646267 0.602291 0.395863 0.461969 0.843629 0.868250 0.417393 0.496224 0.411434 0.338636 0.222864 0.271423 0.530135 0.619162 0.812288 0.922827 0.725635 0.980957 0.812541 0.750042 0.897590 0.732610 0.742756 0.512883 0.918422 0.736449 0.767786 0.771779 0.534383 0.570893 0.683499 0.857920 0.483419 0.547746 0.746678 0.878082 0.887321 0.998903 0.736652 0.957976 0.904361 0.743029 0.525854 0.912477 0.774947 0.852143
0.346785 0.353257 0.834771 0.798858 0.657887 0.814682 0.690426 0.386097 0.886064 0.407048 0.319010 0.332548 0.405995 0.375357 0.519791 0.572253 0.292045 0.268444 0.000000 0.310214 0.904646 0.940838 0.879407 0.978927 0.687704 0.713091 0.882084 0.877950 0.303232 0.279194 0.620725 0.661767 0.445254 0.389715 0.747401 0.790878 0.941704 0.922290 0.970972 0.942578 0.644870 0.875707 0.630378 0.482416 0.649847 0.462189 0.547783 0.480821 0.383080 0.427136 0.506209 0.529832 0.618195 0.657048 0.635953 0.601361 0.377458 0.416166 0.538896 0.605398 0.600255 0.450536 0.324459 0.305144 0.538204 0.709932 0.995953 0.911576 0.683345 0.573419 0.603751 0.673494 0.456781 0.471763 0.833481 0.854094 0.412794 0.586858 0.422063 0.373886 0.299080 0.337856 0.553590 0.569590 0.837095 0.941442 0.762226 0.917913 0.793809 0.747589 0.956854 0.727180 0.710937 0.549689 0.851961 0.691651 0.827160 0.697921 0.680910 0.694380 0.702111 0.920374 0.548652 0.564168 0.787536 0.822982 0.994975 0.894358 0.721312 0.963827 0.998223 0.812444 0.638901 0.840198 0.910370 0.718015
0.282283 0.255717 0.721934 0.785546 0.735608 0.849132 0.922562 0.391750 0.828022 0.495543 0.360807 0.290110 0.546921 0.386184 0.678682 0.758826 0.317461 0.293160 0.310214 0.000000 0.959360 0.935759 0.940161 0.933885 0.749428 0.812619 0.992561 0.915074 0.330230 0.357782 0.763808 0.737534 0.626420 0.467939 0.667074 0.689661 0.955333 0.858024 0.958709 0.816595 0.609809 0.843690 0.827850 0.650152 0.835486 0.552865 0.659096 0.602232 0.329685 0.371219 0.538490 0.523736 0.636923 0.721418 0.752982 0.645638 0.344782 0.301145 0.580194 0.511178 0.779407 0.396205 0.421489 0.368107 0.441906 0.714908 0.710275 0.848958 0.515110 0.450883 0.734364 0.853858 0.453322 0.558580 0.801627 0.933108 0.445694 0.684827 0.574779 0.418594 0.298259 0.261267 0.474130 0.623661 0.786904 0.825020 0.686383 0.911121 0.717622 0.781800 0.981020 0.651297 0.716794 0.502489 0.854838 0.799260 0.917011 0.673159 0.756264 0.838781 0.834830 0.993495 0.681782 0.803467 0.863133 0.979021 0.995309 0.860876 0.813205 0.996451 0.930046 0.858864 0.705278 0.924604 0.977401 0.762078
0.977602 0.987752 0.846619 0.942928 0.991225 0.852139 0.892382 0.959007 0.949115 0.831489 0.930402 0.954597 0.929907 0.947828 0.942186 0.973122 0.848757 0.895319 0.904646 0.959360 0.000000 0.946610 0.887513 0.947881 0.932007 0.989034 0.886877 0.952792 0.952982 0.950226 0.748398 0.804083 0.898652 0.891075 0.988903 0.855102 0.762611 0.935108 0.770623 0.837000 0.863152 0.949126 0.868514 0.821948 0.811610 0.826898 0.814567 0.829132 0.924681 0.908100 0.946734 0.888853 0.846263 0.818941 0.858740 0.907461 0.859550 0.998326 0.957214 0.873999 0.988689 0.966486 0.964642 0.965002 0.878679 0.930250 0.997991 0.940972 0.949993 0.938102 0.918141 0.889234 0.982616 0.923171 0.861899 0.971527 0.965132 0.930385 0.982182 0.823961 0.824554 0.838645 0.791924 0.785492 0.721050 0.979476 0.973843 0.923365 0.984310 0.956090 0.819384 0.944294 0.958271 0.961815 0.958543 0.944886 0.924251 0.908596 0.934346 0.933926 0.985054 0.930210 0.870414 0.872017 0.935084 0.881809 0.835312 0.906559 0.986298 0.834354 0.903988 0.972038 0.947317 0.993790 0.965505 0.949921
0.944404 0.886442 0.970163 0.960577 0.929052 0.976272 0.985191 0.997543 0.913855 0.938755 0.990916 0.921713 0.995278 0.960694 0.978481 0.929142 0.905384 0.878305 0.940838 0.935759 0.946610 0.000000 0.978981 0.951190 0.943989 0.992752 0.831725 0.903565 0.953586 0.915884 0.974984 0.961952 0.957924 0.922867 0.984720 0.812229 0.932433 0.667810 0.949149 0.965093 0.937836 0.846315 0.956409 0.931992 0.913057 0.919400 0.945033 0.911720 0.862685 0.955340 0.916363 0.978592 0.992166 0.975719 0.990665 0.958864 0.966682 0.936846 0.880823 0.956923 0.986661 0.943522 0.993500 0.935769 0.917567 0.997421 0.970399 0.974525 0.958008 0.955801 0.966320 0.962119 0.933999 0.912674 0.961420 0.958791 0.996263 0.915419 0.877428 0.903329 0.883498 0.898804 0.939975 0.856303 0.901266 0.915762 0.870810 0.961127 0.945230 0.937987 0.939928 0.850093 0.857462 0.933138 0.939574 0.862839 0.932398 0.866521 0.938237 0.971933 0.941393 0.957146 0.921624 0.912659 0.885672 0.988262 0.909757 0.800022 0.889865 0.902252 0.961330 0.962310 0.945754 0.794398 0.928390 0.937554
0.946251 0.928971 0.728677 0.684361 0.931719 0.837614 0.912568 0.989779 0.772076 0.912428 0.932397 0.985008 0.940596 0.867706 0.630740 0.690742 0.917758 0.976499 0.879407 0.940161 0.887513 0.978981 0.000000 0.390347 0.873527 0.982827 0.938648 0.792755 0.904459 0.871177 0.749659 0.885661 0.776384 0.875071 0.922309 0.984753 0.729800 0.886566 0.951151 0.968714 0.897275 0.887943 0.902253 0.936334 0.979667 0.911592 0.934897 0.978392 0.944883 0.917457 0.839968 0.769989 0.767148 0.691811 0.857638 0.789695 0.884781 0.935006 0.983170 0.885775 0.941187 0.948599 0.910920 0.984380 0.733573 0.943822 0.891902 0.950792 0.874170 0.899712 0.990790 0.903574 0.852750 0.852238 0.966233 0.984627 0.844808 0.980388 0.958327 0.944341 0.904697 0.838872 0.782244 0.766395 0.496750 0.482921 0.800466 0.553527 0.998057 0.860102 0.592102 0.670696 0.729397 0.738803 0.934151 0.874506 0.936181 0.805059 0.727449 0.789869 0.714080 0.786899 0.862466 0.981066 0.955130 0.906405 0.870272 0.699223 0.967512 0.954330 0.959328 0.779811 0.908111 0.987774 0.898227 0.850715
0.825682 0.811835 0.959817 0.888915 0.895565 0.945700 0.846566 0.826047 0.767211 0.904665 0.810115 0.957942 0.872157 0.908628 0.837401 0.735012 0.818200 0.847016 0.978927 0.933885 0.947881 0.951190 0.390347 0.000000 0.964590 0.896661 0.992312 0.793303 0.912512 0.932472 0.960118 0.909077 0.928153 0.896578 0.960473 0.890387 0.944916 0.863975 0.831580 0.982904 0.745764 0.907491 0.812453 0.796399 0.839347 0.890635 0.749962 0.836103 0.838761 0.859925 0.759626 0.739142 0.717435 0.697740 0.674762 0.739054 0.828932 0.888000 0.807794 0.887627 0.763370 0.893380 0.906045 0.867527 0.864235 0.962985 0.906357 0.765532 0.972259 0.956821 0.993094 0.908995 0.708965 0.828001 0.862243 0.950270 0.744363 0.800985 0.744779 0.850734 0.872826 0.962542 0.985348 0.949876 0.715617 0.547467 0.868186 0.605428 0.923620 0.991013 0.637254 0.700587 0.702633 0.810728 0.943304 0.929808 0.734806 0.795782 0.589756 0.676984 0.738869 0.747840 0.734081 0.818192 0.955906 0.950305 0.998392 0.697015 0.970068 0.851914 0.935365 0.769275 0.724984 0.944363 0.724258 0.937664
0.654029 0.731032 0.721110 0.911890 0.970870 0.627898 0.880061 0.639973 0.902792 0.706024 0.559502 0.532686 0.590502 0.521663 0.631704 0.591862 0.681304 0.687155 0.687704 0.749428 0.932007 0.943989 0.873527 0.964590 0.000000 0.546088 0.852781 0.925376 0.647330 0.607407 0.977366 0.876825 0.785984 0.746976 0.763274 0.759574 0.802639 0.945731 0.862965 0.992601 0.939560 0.870522 0.670576 0.672474 0.954975 0.828215 0.666215 0.786859 0.673246 0.620366 0.598717 0.612662 0.679896 0.622790 0.754452 0.833979 0.906298 0.871021 0.711367 0.614073 0.690368 0.573758 0.570573 0.571140 0.564631 0.949390 0.958898 0.905627 0.985210 0.978333 0.716012 0.692763 0.591204 0.601291 0.811177 0.814649 0.718424 0.705757 0.752920 0.731620 0.763090 0.852179 0.890449 0.824717 0.831783 0.990949 0.731214 0.733010 0.734081 0.941607 0.736540 0.901650 0.887276 0.868531 0.950166 0.781571 0.845264 0.805870 0.676810 0.703307 0.656607 0.798669 0.762618 0.720537 0.987353 0.859079 0.964579 0.924841 0.820063 0.881963 0.913117 0.810853 0.899253 0.991371 0.729598 0.819899
0.878479 0.858672 0.449196 0.695394 0.845243 0.930275 0.764346 0.980518 0.825097 0.906819 0.824639 0.700866 0.782568 0.656804 0.832583 0.678955 0.798401 0.820932 0.713091 0.812619 0.989034 0.992752 0.982827 0.896661 0.546088 0.000000 0.951015 0.995717 0.884799 0.787479 0.787876 0.842011 0.924331 0.977307 0.564281 0.826673 0.889597 0.848114 0.776728 0.972850 0.942842 0.909858 0.912393 0.988584 0.756309 0.884012 0.848926 0.901079 0.945321 0.913346 0.985902 0.989927 0.901956 0.942190 0.998261 0.977649 0.853626 0.854894 0.879654 0.885093 0.891809 0.979043 0.787533 0.785378 0.528923 0.658271 0.781454 0.733772 0.953472 0.955080 0.820747 0.728487 0.812211 0.899262 0.912219 0.972723 0.888197 0.940102 0.865010 0.924564 0.942163 0.855518 0.864613 0.918338 0.767486 0.999242 0.732668 0.849694 0.697196 0.999339 0.757040 0.713717 0.572191 0.663104 0.797429 0.796179 0.979721 0.670462 0.960208 0.913015 0.919074 0.731966 0.975541 0.925431 0.860351 0.861237 0.868255 0.788809 0.902178 0.923324 0.824870 0.931282 0.848877 0.909497 0.875098 0.791531
0.977166 0.970286 0.795082 0.868338 0.941678 0.891384 0.652224 0.830050 0.888452 0.744413 0.888208 0.964095 0.934668 0.955027 0.935388 0.953441 0.816645 0.789466 0.882084 0.992561 0.886877 0.831725 0.938648 0.992312 0.852781 0.951015 0.000000 0.942401 0.831612 0.853258 0.907161 0.772156 0.789957 0.801069 0.677064 0.955314 0.998639 0.893340 0.860738 0.981414 0.830634 0.963123 0.636950 0.709150 0.679570 0.780684 0.836991 0.695694 0.898524 0.929014 0.825220 0.934579 0.845167 0.814503 0.622342 0.778929 0.961190 0.864082 0.943667 0.878165 0.730587 0.909921 0.830966 0.836592 0.982046 0.925205 0.650835 0.672146 0.797508 0.686876 0.809316 0.708466 0.791698 0.747290 0.971288 0.944587 0.841090 0.933315 0.831552 0.800393 0.825563 0.927728 0.901144 0.842958 0.992623 0.915813 0.885402 0.862190 0.899342 0.989693 0.812140 0.830745 0.793402 0.916261 0.934616 0.978643 0.837621 0.747280 0.664633 0.632398 0.809265 0.733313 0.825688 0.728358 0.896850 0.943735 0.946331 0.770362 0.895953 0.926700 0.898138 0.793590 0.665503 0.973485 0.820872 0.864491
0.964702 0.966323 0.945553 0.908440 0.857637 0.973096 0.998889 0.968726 0.897901 0.972629 0.985109 0.998150 0.949995 0.926668 0.909203 0.922214 0.968764 0.976092 0.877950 0.915074 0.952792 0.903565 0.792755 0.793303 0.925376 0.995717 0.942401 0.000000 0.933980 0.924262 0.975948 0.793812 0.986370 0.987846 0.919588 0.864140 0.852536 0.937832 0.968656 0.882095 0.944954 0.993131 0.971113 0.953992 0.945522 0.961872 0.941005 0.968955 0.961519 0.962056 0.990755 0.989234 0.976125 0.992355 0.962356 0.975631 0.948555 0.949914 0.915882 0.963615 0.903044 0.985931 0.961151 0.992213 0.980695 0.926083 0.947540 0.936406 0.838770 0.886208 0.979857 0.973845 0.977365 0.944803 0.856087 0.972100 0.971246 0.993718 0.991629 0.936475 0.989537 0.955952 0.865056 0.960023 0.944240 0.998360 0.926842 0.949484 0.799457 0.791165 0.927524 0.955679 0.916347 0.932340 0.965960 0.822870 0.968779 0.807396 0.818135 0.958649 0.829562 0.953297 0.961781 0.909501 0.858008 0.946371 0.948872 0.915479 0.967734 0.995879 0.954177 0.930843 0.915712 0.827975 0.982352 0.969027
0.276100 0.288793 0.894023 0.774568 0.797052 0.717798 0.707367 0.321582 0.991443 0.324758 0.273798 0.312161 0.375849 0.334908 0.486595 0.592209 0.267369 0.236544 0.303232 0.330230 0.952982 0.953586 0.904459 0.912512 0.647330 0.884799 0.831612 0.933980 0.000000 0.217682 0.535301 0.523724 0.392417 0.320505 0.844692 0.837280 0.891454 0.870320 0.876750 0.820292 0.635659 0.771503 0.542957 0.404961 0.603622 0.351669 0.541182 0.447697 0.285190 0.345252 0.375057 0.408603 0.470332 0.537508 0.661635 0.542212 0.401911 0.376701 0.441838 0.485270 0.490023 0.345958 0.269607 0.237906 0.541738 0.823430 0.970279 0.873093 0.724620 0.600420 0.684852 0.666546 0.391400 0.446101 0.743402 0.864995 0.466772 0.493944 0.398111 0.340064 0.249919 0.327906 0.503926 0.635597 0.772269 0.889934 0.836674 0.993082 0.805330 0.740891 0.824937 0.771749 0.822207 0.562868 0.912921 0.762304 0.752036 0.721188 0.582556 0.580724 0.665463 0.791307 0.512589 0.530773 0.652867 0.829569 0.970624 0.995661 0.747244 0.950767 0.921406 0.768626 0.562672 0.851312 0.857242 0.803041
0.292687 0.328087 0.885708 0.823216 0.812133 0.721783 0.651392 0.344971 0.998938 0.306061 0.261728 0.302066 0.309300 0.320411 0.396336 0.474848 0.216676 0.221246 0.279194 0.357782 0.950226 0.915884 0.871177 0.932472 0.607407 0.787479 0.853258 0.924262 0.217682 0.000000 0.479009 0.540367 0.364894 0.289098 0.809985 0.827942 0.864717 0.937053 0.946049 0.834434 0.630499 0.802306 0.470943 0.331144 0.567250 0.335773 0.484926 0.398726 0.304946 0.388815 0.423421 0.457470 0.511880 0.587110 0.679266 0.653204 0.377898 0.390446 0.460952 0.505045 0.476026 0.405349 0.230289 0.199518 0.562517 0.777143 0.937167 0.807968 0.798905 0.615434 0.647883 0.583077 0.441741 0.481164 0.868553 0.888271 0.474856 0.469721 0.379539 0.352005 0.231498 0.342298 0.521266 0.598045 0.823718 0.888067 0.768452 0.956098 0.802961 0.788319 0.925653 0.730402 0.710496 0.484951 0.916471 0.749246 0.741960 0.667071 0.614940 0.602459 0.634560 0.825156 0.518685 0.501465 0.741992 0.822150 0.980786 0.982739 0.650478 0.943349 0.922108 0.712873 0.557614 0.821622 0.743545 0.822309
0.634066 0.687856 0.697807 0.708910 0.942349 0.821899 0.525386 0.563190 0.858721 0.482721 0.697006 0.740979 0.640108 0.719976 0.543808 0.669959 0.582527 0.598824 0.620725 0.763808 0.748398 0.974984 0.749659 0.960118 0.977366 0.787876 0.907161 0.975948 0.535301 0.479009 0.000000 0.385440 0.445909 0.449429 0.863639 0.908523 0.770642 0.901036 0.826173 0.918668 0.774662 0.786660 0.431961 0.376357 0.390945 0.318174 0.666795 0.457900 0.571643 0.669477 0.597672 0.655144 0.600037 0.697425 0.743643 0.731797 0.637271 0.710976 0.777948 0.804838 0.568666 0.649241 0.563246 0.561228 0.965490 0.956131 0.731542 0.548347 0.996824 0.810866 0.734550 0.720176 0.820241 0.693432 0.818303 0.963446 0.642898 0.539755 0.616502 0.590899 0.490246 0.700485 0.773587 0.662902 0.699267 0.893623 0.959305 0.877026 0.888778 0.718289 0.916076 0.935786 0.945209 0.824096 0.803183 0.903179 0.820065 0.898542 0.704870 0.626993 0.637388 0.716778 0.588440 0.509571 0.659391 0.709824 0.945143 0.930319 0.757883 0.904924 0.779676 0.745313 0.522739 0.785987 0.724926 0.977715
0.667288 0.711580 0.798157 0.760376 0.768306 0.774977 0.564493 0.609736 0.843053 0.534899 0.731061 0.781983 0.708373 0.773595 0.635468 0.793362 0.586158 0.623931 0.661767 0.737534 0.804083 0.961952 0.885661 0.909077 0.876825 0.842011 0.772156 0.793812 0.523724 0.540367 0.385440 0.000000 0.451146 0.472707 0.794855 0.941747 0.826111 0.801667 0.741036 0.863216 0.773588 0.804890 0.491671 0.456897 0.453194 0.397460 0.675329 0.470740 0.598770 0.675990 0.574466 0.661231 0.626016 0.673817 0.751529 0.626707 0.671876 0.746402 0.833519 0.860669 0.677420 0.652606 0.633932 0.609809 0.926780 0.983957 0.782731 0.637000 0.992746 0.722212 0.644489 0.687765 0.741496 0.728524 0.766389 0.951685 0.648734 0.553187 0.622722 0.563136 0.504969 0.715985 0.732033 0.738003 0.806237 0.946687 0.821708 0.836015 0.988210 0.774783 0.884865 0.982883 0.978815 0.883676 0.945666 0.930971 0.774186 0.974389 0.725968 0.615504 0.747612 0.779748 0.601432 0.561164 0.595335 0.801332 0.943598 0.877303 0.763163 0.881148 0.794881 0.653849 0.617349 0.702523 0.805121 0.944225
0.527644 0.599779 0.704339 0.607840 0.911291 0.729437 0.402997 0.452359 0.930704 0.411207 0.486389 0.587925 0.468618 0.578887 0.483863 0.656709 0.397528 0.414451 0.445254 0.626420 0.898652 0.957924 0.776384 0.928153 0.785984 0.924331 0.789957 0.986370 0.392417 0.364894 0.445909 0.451146 0.000000 0.370977 0.879159 0.939423 0.714269 0.819222 0.907463 0.810741 0.718380 0.819322 0.432070 0.388362 0.400447 0.347052 0.655958 0.405594 0.539730 0.634275 0.555571 0.639742 0.645317 0.673078 0.669585 0.766445 0.550083 0.657246 0.610165 0.783637 0.432034 0.567812 0.413049 0.420384 0.938123 0.986500 0.621177 0.547187 0.909450 0.738836 0.694644 0.601952 0.594214 0.606159 0.845264 0.915226 0.599793 0.517575 0.460236 0.442139 0.371147 0.554760 0.631633 0.530404 0.711409 0.892624 0.970016 0.975142 0.965882 0.737876 0.857167 0.939658 0.963028 0.789870 0.967258 0.859559 0.698573 0.966944 0.627214 0.548117 0.662022 0.702039 0.569776 0.435847 0.642675 0.690133 0.976185 0.938145 0.677291 0.966576 0.832626 0.662392 0.541634 0.796229 0.743448 0.879109
0.401842 0.470555 0.930618 0.725716 0.826530 0.836905 0.513956 0.391491 0.964265 0.406647 0.431787 0.459136 0.462797 0.460489 0.460808 0.650617 0.324606 0.346739 0.389715 0.467939 0.891075 0.922867 0.875071 0.896578 0.746976 0.977307 0.801069 0.987846 0.320505 0.289098 0.449429 0.472707 0.370977 0.000000 0.986292 0.910496 0.865500 0.777444 0.936468 0.863042 0.718490 0.778172 0.449949 0.323145 0.410902 0.298264 0.543346 0.389987 0.395086 0.482063 0.465675 0.522578 0.513873 0.602020 0.714082 0.637895 0.492299 0.514746 0.582538 0.668578 0.480403 0.462320 0.324905 0.339550 0.709878 0.913594 0.778721 0.633714 0.844015 0.714535 0.625503 0.586313 0.502295 0.535189 0.855044 0.923559 0.475467 0.550747 0.413160 0.422376 0.323586 0.489701 0.567293 0.524339 0.770874 0.935267 0.896949 0.925318 0.906381 0.762884 0.897289 0.842988 0.842157 0.685829 0.991849 0.707174 0.820287 0.909946 0.581872 0.563783 0.663254 0.742834 0.536323 0.489612 0.742591 0.815678 0.966583 0.949483 0.663118 0.992425 0.885197 0.679655 0.541187 0.841821 0.748707 0.859178
0.725658 0.702485 0.420705 0.854093 0.918733 0.873988 0.672487 0.859195 0.771567 0.886430 0.737220 0.615574 0.813878 0.664041 0.926926 0.809593 0.816021 0.812477 0.747401 0.667074 0.988903 0.984720 0.922309 0.960473 0.763274 0.564281 0.677064 0.919588 0.844692 0.809985 0.863639 0.794855 0.879159 0.986292 0.000000 0.801903 0.946480 0.901028 0.900756 0.929029 0.894991 0.868244 0.847585 0.979945 0.788241 0.998438 0.960941 0.976174 0.742082 0.695724 0.895974 0.830288 0.941210 0.978130 0.933017 0.990582 0.770760 0.669812 0.840591 0.657069 0.869829 0.795202 0.795798 0.730877 0.531232 0.739192 0.573717 0.616529 0.787612 0.690356 0.713029 0.903183 0.858231 0.983029 0.977536 0.958049 0.882326 0.973413 0.962645 0.872789 0.864615 0.772375 0.794528 0.949279 0.838981 0.982160 0.733169 0.934347 0.880662 0.925469 0.850993 0.724797 0.719953 0.627701 0.899781 0.881164 0.951272 0.590336 0.960367 0.824274 0.994436 0.754387 0.987802 0.876300 0.744856 0.845101 0.882820 0.854961 0.924358 0.972933 0.943532 0.929011 0.772684 0.972438 0.784976 0.829793
0.642124 0.694622 0.687508 0.901610 0.939578 0.781481 0.956761 0.699605 0.916763 0.833678 0.772062 0.613528 0.789312 0.626155 0.800521 0.850761 0.892027 0.796562 0.790878 0.689661 0.855102 0.812229 0.984753 0.890387 0.759574 0.826673 0.955314 0.864140 0.837280 0.827942 0.908523 0.941747 0.939423 0.910496 0.801903 0.000000 0.795986 0.869558 0.962300 0.924787 0.992778 0.866709 0.918901 0.859746 0.949471 0.860619 0.897983 0.828732 0.709892 0.586318 0.681062 0.607061 0.674630 0.726228 0.967241 0.765805 0.801223 0.745754 0.716609 0.574142 0.894845 0.641670 0.759239 0.748649 0.722305 0.981259 0.763036 0.851306 0.874768 0.752175 0.766822 0.935827 0.883454 0.928720 0.960786 0.849020 0.657091 0.983434 0.926799 0.871185 0.879532 0.856648 0.876609 0.878784 0.940404 0.894503 0.668404 0.830261 0.992853 0.960699 0.870683 0.979660 0.869172 0.832368 0.847274 0.976791 0.993209 0.740134 0.855440 0.894745 0.848157 0.993418 0.823108 0.963058 0.906523 0.938710 0.954102 0.920129 0.806379 0.871342 0.995858 0.983480 0.945441 0.890620 0.942729 0.933389
0.963870 0.971481 0.843345 0.932918 0.891251 0.927039 0.843364 0.915325 0.959357 0.777801 0.948401 0.954082 0.963171 0.923659 0.901407 0.929641 0.837018 0.877820 0.941704 0.955333 0.762611 0.932433 0.729800 0.944916 0.802639 0.889597 0.998639 0.852536 0.891454 0.864717 0.770642 0.826111 0.714269 0.865500 0.946480 0.795986 0.000000 0.772278 0.903090 0.728342 0.854670 0.797255 0.909524 0.899292 0.774309 0.858898 0.972722 0.994866 0.963724 0.909471 0.989060 0.911266 0.880330 0.877313 0.983908 0.948804 0.924915 0.975534 0.978480 0.884291 0.926269 0.933842 0.922387 0.887347 0.868095 0.864966 0.904624 0.955189 0.929851 0.918558 0.830469 0.886546 0.977343 0.971708 0.910172 0.941170 0.988280 0.792196 0.923860 0.832510 0.786295 0.747691 0.812674 0.823389 0.638864 0.706209 0.846723 0.861657 0.928863 0.731005 0.867598 0.866028 0.868237 0.884366 0.984608 0.904377 0.842721 0.970159 0.982470 0.925566 0.977440 0.889424 0.925355 0.888340 0.981938 0.895557 0.846783 0.941238 0.802059 0.944818 0.826144 0.802855 0.917476 0.964565 0.926459 0.917774
0.981778 0.979583 0.884838 0.862380 0.943065 0.928626 0.797060 0.893141 0.973139 0.800456 0.959159 0.978197 0.868792 0.988834 0.894843 0.832292 0.899999 0.893039 0.922290 0.858024 0.935108 0.667810 0.886566 0.863975 0.945731 0.848114 0.893340 0.937832 0.870320 0.937053 0.901036 0.801667 0.819222 0.777444 0.901028 0.869558 0.772278 0.000000 0.926777 0.862630 0.800506 0.850376 0.846642 0.888831 0.683178 0.831982 0.998017 0.875631 0.893547 0.983194 0.870021 0.980683 0.908449 0.906590 0.835855 0.815637 0.977149 0.932805 0.961623 0.806221 0.921837 0.827658 0.933478 0.957624 0.962952 0.802011 0.893327 0.787870 0.889659 0.909450 0.894791 0.753918 0.745767 0.788060 0.990046 0.983552 0.879033 0.942420 0.929034 0.847116 0.795581 0.896935 0.914290 0.693887 0.822478 0.983469 0.898605 0.901818 0.921838 0.817816 0.911625 0.957460 0.965754 0.859185 0.949867 0.813618 0.874801 0.888471 0.974013 0.798839 0.976027 0.869207 0.960879 0.982289 0.961638 0.979690 0.966964 0.997260 0.788486 0.962364 0.881026 0.733666 0.997456 0.928821 0.948547 0.873777
