0.000000 0.301222 0.626718 0.999139 0.752894 0.802855 0.744647 0.792130 0.802329 0.855551 0.442980 0.391895 0.826856 0.693728 0.809047 0.939344 0.447721 0.477877 0.491991 0.357016 0.843383 0.945887 0.584157 0.848861 0.837544 0.824288 0.939010 0.951187 0.541545 0.682268 0.778571 0.763236 0.915474 0.674506 0.800129 0.755874 0.804417 0.914395 0.969908 0.913900 0.856017 0.897721 0.962112 0.671633 0.854026 0.671396 0.710001 0.681656 0.309711 0.363536 0.375682 0.412121 0.559962 0.753524 0.592862 0.471743 0.389324 0.357734 0.265920 0.278051 0.811746 0.466652 0.618130 0.493872 0.713376 0.941487 0.742907 0.829820 0.425814 0.454256 0.947280 0.950198 0.547335 0.573517 0.895928 0.797708 0.631093 0.861974 0.898980 0.766631 0.470687 0.487714 0.872518 0.829451 0.929057 0.991403 0.645921 0.783676 0.976516 0.724126 0.680819 0.479891 0.572103 0.534110 0.966736 0.834970 0.773454 0.926068 0.906369 0.899411 0.711271 0.883038 0.743108 0.685810 0.940515 0.986894 0.885577 0.906545 0.963710 0.932978 0.912600 0.975437 0.738760 0.979016 0.967677 0.858151
0.301222 0.000000 0.575133 0.913967 0.715728 0.725942 0.699512 0.680256 0.698874 0.720383 0.554381 0.322368 0.843526 0.610300 0.907440 0.769850 0.405924 0.387838 0.465105 0.320241 0.729097 0.947294 0.674290 0.931511 0.809852 0.805420 0.904987 0.906435 0.494164 0.565907 0.925301 0.906640 0.777116 0.581635 0.783431 0.729338 0.854613 0.910435 0.938964 0.945906 0.917862 0.981974 0.866838 0.566025 0.943560 0.549499 0.635736 0.542101 0.357465 0.351725 0.365282 0.401260 0.595836 0.743695 0.580534 0.517547 0.288457 0.254533 0.338813 0.313464 0.819084 0.416396 0.510567 0.344019 0.688529 0.962294 0.716290 0.896139 0.511949 0.394610 0.849128 0.711539 0.586788 0.609756 0.789510 0.822236 0.531654 0.734712 0.765198 0.605608 0.331054 0.398106 0.807067 0.729819 0.980648 0.998550 0.669886 0.865204 0.848174 0.785747 0.688336 0.453495 0.528729 0.514439 0.894396 0.780734 0.725344 0.975457 0.834126 0.880704 0.662616 0.938344 0.642371 0.724867 0.877307 0.854693 0.919181 0.973931 0.974995 0.863621 0.815247 0.890094 0.716948 0.907516 0.978994 0.837677
0.626718 0.575133 0.000000 0.692232 0.657976 0.872469 0.497377 0.852657 0.725137 0.763368 0.736685 0.581012 0.844841 0.864188 0.679598 0.920080 0.754316 0.779878 0.858301 0.614023 0.742248 0.964620 0.532387 0.749363 0.583903 0.437231 0.839343 0.945250 0.676496 0.738809 0.623068 0.662289 0.818809 0.949916 0.665733 0.673652 0.821582 0.949567 0.964006 0.850441 0.991551 0.950067 0.772975 0.923454 0.820667 0.852069 0.987815 0.961149 0.551133 0.520914 0.611862 0.634350 0.711228 0.891528 0.775446 0.664660 0.564277 0.546083 0.597993 0.532672 0.854444 0.626432 0.790030 0.620407 0.380291 0.596445 0.546108 0.598913 0.725881 0.557212 0.997266 0.893405 0.901612 0.936472 0.988724 0.968663 0.706459 0.961443 0.977003 0.986847 0.806866 0.897490 0.917204 0.929247 0.606078 0.582497 0.839363 0.780168 0.800693 0.937886 0.652162 0.663938 0.613398 0.671557 0.886731 0.916771 0.895906 0.824504 0.913280 0.877660 0.950920 0.709708 0.804778 0.984982 0.906971 0.889177 0.919998 0.982931 0.970958 0.831542 0.882890 0.987945 0.837721 0.957659 0.773118 0.940840
0.999139 0.913967 0.692232 0.000000 0.831327 0.870288 0.700584 0.725564 0.992958 0.967245 0.916507 0.862022 0.665740 0.637697 0.638595 0.693868 0.919264 0.914337 0.905306 0.918502 0.965812 0.911216 0.610174 0.579754 0.939381 0.818315 0.859550 0.971708 0.932697 0.988816 0.894536 0.861757 0.742624 0.823267 0.912935 0.924022 0.913718 0.900096 0.994019 0.976610 0.825992 0.903253 0.977801 0.904382 0.847760 0.887591 0.944485 0.708360 0.949451 0.961330 0.892926 0.920499 0.880247 0.907299 0.940688 0.975849 0.969866 0.933944 0.959932 0.975030 0.616202 0.810025 0.936541 0.832598 0.565318 0.460209 0.860847 0.719566 0.995580 0.989849 0.938822 0.835363 0.852393 0.806133 0.800190 0.888768 0.867357 0.907001 0.770226 0.814697 0.819610 0.763402 0.645113 0.726514 0.529987 0.479820 0.770758 0.695483 0.777757 0.751432 0.838013 0.955876 0.999800 0.988792 0.972959 0.910214 0.851038 0.915836 0.900112 0.751026 0.986214 0.695720 0.997691 0.987256 0.817111 0.885319 0.852983 0.985131 0.943261 0.982798 0.772727 0.990535 0.976982 0.936760 0.890472 0.800751
0.752894 0.715728 0.657976 0.831327 0.000000 0.987308 0.559505 0.939716 0.715575 0.934975 0.928000 0.835359 0.817038 0.964928 0.779591 0.983167 0.787653 0.911245 0.881306 0.815538 0.809844 0.901312 0.686394 0.867724 0.967376 0.916648 0.993248 0.913944 0.943825 0.961562 0.998527 0.887131 0.905303 0.848083 0.829801 0.799660 0.918741 0.958615 0.952167 0.982741 0.926982 0.965524 0.900759 0.977936 0.767409 0.957664 0.990632 0.873401 0.684510 0.638570 0.692575 0.661807 0.686843 0.802569 0.642943 0.704583 0.772149 0.705929 0.783104 0.758817 0.734898 0.924340 0.969879 0.842293 0.658920 0.630338 0.631069 0.658500 0.801073 0.741302 0.878874 0.876367 0.968372 0.955096 0.995828 0.942782 0.819919 0.959134 0.915848 0.964424 0.850255 0.830183 0.899063 0.906024 0.718534 0.677291 0.759365 0.746650 0.856577 0.911989 0.711877 0.710580 0.768711 0.695163 0.921026 0.982456 0.997544 0.778965 0.958013 0.860653 0.969265 0.798300 0.869288 0.952817 0.807205 0.916799 0.941970 0.993402 0.903545 0.933636 0.836085 0.987665 0.960650 0.941021 0.983066 0.899213
0.802855 0.725942 0.872469 0.870288 0.987308 0.000000 0.903506 0.524104 0.921057 0.600812 0.839876 0.668117 0.767628 0.644851 0.814234 0.645255 0.881975 0.789727 0.815464 0.783934 0.760516 0.983890 0.945566 0.954137 0.716399 0.919976 0.888927 0.937150 0.686415 0.739221 0.891695 0.896596 0.766939 0.701935 0.959319 0.966896 0.875765 0.931222 0.939281 0.909539 0.873735 0.774891 0.797868 0.652740 0.825935 0.635745 0.866238 0.711873 0.704078 0.759431 0.723249 0.681088 0.897856 0.691212 0.945000 0.908354 0.847610 0.825457 0.852432 0.722241 0.746380 0.594637 0.727975 0.668636 0.985879 0.786121 0.936607 0.824818 0.879712 0.948860 0.893929 0.819330 0.931277 0.941058 0.799512 0.829333 0.761981 0.744439 0.946475 0.981553 0.833814 0.865596 0.862889 0.905723 0.945450 0.935086 0.973041 0.906119 0.881680 0.931829 0.815845 0.955929 0.942214 0.963186 0.797387 0.876357 0.777101 0.989737 0.701338 0.740846 0.643457 0.873645 0.853287 0.906041 0.854006 0.891426 0.929097 0.791181 0.849234 0.809003 0.845047 0.876489 0.982176 0.922951 0.961768 0.928950
0.744647 0.699512 0.497377 0.700584 0.559505 0.903506 0.000000 0.599093 0.456386 0.796641 0.900031 0.935587 0.583145 0.915797 0.585445 0.860021 0.953305 0.963460 0.952839 0.794226 0.971260 0.847923 0.642414 0.951002 0.884792 0.815634 0.931578 0.819534 0.996030 0.948612 0.743170 0.694490 0.703616 0.789701 0.791555 0.746233 0.927513 0.835661 0.877288 0.945114 0.717847 0.868983 0.660154 0.791967 0.462456 0.785522 0.999345 0.927953 0.705337 0.609779 0.721802 0.723397 0.703656 0.933385 0.583741 0.637656 0.723083 0.617047 0.734777 0.697298 0.477166 0.937918 0.836847 0.948516 0.565011 0.418036 0.432352 0.411192 0.611066 0.553867 0.909426 0.911232 0.902149 0.911136 0.854651 0.958625 0.909575 0.981281 0.909515 0.938164 0.921885 0.897231 0.909242 0.952215 0.652111 0.666475 0.754456 0.845639 0.903848 0.862139 0.448309 0.542545 0.551304 0.519999 0.968153 0.994678 0.975002 0.825331 0.724974 0.572468 0.788741 0.536996 0.906577 0.904174 0.793102 0.877305 0.901925 0.810218 0.921242 0.894728 0.743746 0.741491 0.870141 0.979062 0.759356 0.929738
0.792130 0.680256 0.852657 0.725564 0.939716 0.524104 0.599093 0.000000 0.767148 0.384294 0.594123 0.475574 0.542423 0.547035 0.731355 0.587349 0.632964 0.606370 0.760439 0.681753 0.595352 0.878799 0.989393 0.877006 0.460461 0.714344 0.808237 0.826522 0.549700 0.489029 0.893073 0.847573 0.646795 0.514281 0.939014 0.881199 0.742571 0.911111 0.811548 0.821531 0.700368 0.818037 0.697364 0.527784 0.521218 0.391885 0.827803 0.587413 0.730864 0.798350 0.698488 0.705795 0.866323 0.738465 0.955351 0.973777 0.737528 0.778324 0.787286 0.739334 0.413126 0.358820 0.418849 0.429948 0.956082 0.614586 0.850860 0.633186 0.823088 0.968979 0.977362 0.771278 0.979576 0.999392 0.718496 0.875416 0.667399 0.769295 0.766581 0.899522 0.639559 0.795688 0.853713 0.975204 0.904118 0.936247 0.951807 0.953379 0.847964 0.876626 0.685708 0.962721 0.922279 0.910043 0.813437 0.792187 0.753410 0.895510 0.454701 0.535951 0.506590 0.656700 0.739964 0.769221 0.734005 0.797848 0.960245 0.738852 0.914138 0.927120 0.619244 0.613708 0.606619 0.953496 0.804771 0.774605
0.802329 0.698874 0.725137 0.992958 0.715575 0.921057 0.456386 0.767148 0.000000 0.878045 0.943490 0.838064 0.831981 0.889201 0.837448 0.928732 0.786719 0.764421 0.820686 0.732988 0.940534 0.869392 0.869576 0.823058 0.873965 0.872001 0.917317 0.845127 0.851510 0.856231 0.881966 0.938522 0.958197 0.937446 0.839627 0.939585 0.959836 0.824478 0.896704 0.955127 0.790332 0.731389 0.843760 0.973467 0.738424 0.919784 0.804922 0.874481 0.828209 0.791201 0.838348 0.909832 0.886345 0.935379 0.623181 0.893960 0.708688 0.652780 0.769370 0.850135 0.780385 0.980852 0.933741 0.777050 0.746952 0.684307 0.647207 0.698610 0.750839 0.544401 0.887501 0.733913 0.815478 0.857347 0.958348 0.971580 0.912242 0.951680 0.767202 0.655208 0.731096 0.761526 0.909404 0.816542 0.856397 0.876546 0.849548 0.996423 0.872449 0.924407 0.548125 0.518255 0.621243 0.563739 0.996932 0.820560 0.889362 0.903883 0.824865 0.796124 0.856405 0.845217 0.707052 0.992397 0.869314 0.846114 0.944128 0.878885 0.959763 0.693231 0.979888 0.943672 0.973147 0.828902 0.885691 0.963049
0.855551 0.720383 0.763368 0.967245 0.934975 0.600812 0.796641 0.384294 0.878045 0.000000 0.590374 0.596796 0.837530 0.809856 0.954541 0.798515 0.654167 0.641886 0.928495 0.737089 0.589416 0.955534 0.756504 0.654054 0.531424 0.700157 0.698722 0.893505 0.522561 0.489219 0.849498 0.834899 0.701820 0.662204 0.892615 0.835962 0.879494 0.976594 0.904791 0.903076 0.859574 0.975067 0.742129 0.545076 0.605108 0.425123 0.901167 0.708317 0.726716 0.779077 0.732567 0.742466 0.895493 0.775603 0.968628 0.884155 0.719136 0.772876 0.833201 0.760896 0.696645 0.540514 0.520622 0.518048 0.750714 0.930281 0.937821 0.809026 0.883583 0.896127 0.901703 0.679048 0.920368 0.960313 0.745237 0.921688 0.692276 0.736054 0.879169 0.881504 0.739615 0.941935 0.985460 0.930114 0.739590 0.760335 0.912068 0.815874 0.728912 0.828342 0.820892 0.951945 0.950250 0.886603 0.792985 0.883452 0.798820 0.839892 0.496572 0.584952 0.588626 0.707149 0.730034 0.717647 0.863188 0.918319 0.998991 0.668351 0.857559 0.930236 0.769475 0.632112 0.685192 0.885905 0.940061 0.754095
0.442980 0.554381 0.736685 0.916507 0.928000 0.839876 0.900031 0.594123 0.943490 0.590374 0.000000 0.455967 0.711212 0.758111 0.910045 0.963241 0.390733 0.484667 0.577435 0.461154 0.784197 0.955781 0.533441 0.626741 0.601059 0.731627 0.810893 0.855282 0.391613 0.487897 0.897574 0.973094 0.784304 0.606532 0.777646 0.692887 0.767649 0.968524 0.891919 0.992941 0.947693 0.904396 0.849562 0.611993 0.870907 0.523234 0.778178 0.762616 0.503023 0.557296 0.558551 0.616976 0.763663 0.755419 0.831147 0.745469 0.514048 0.587284 0.473282 0.495442 0.668193 0.525586 0.437753 0.516271 0.614775 0.934260 0.859116 0.994469 0.749877 0.706529 0.811315 0.973085 0.616311 0.590093 0.771408 0.892709 0.723630 0.859034 0.839987 0.750125 0.582064 0.701901 0.915457 0.977046 0.891153 0.825739 0.677322 0.729106 0.877609 0.970418 0.844691 0.737003 0.762744 0.804591 0.984321 0.822183 0.865236 0.997346 0.734440 0.750549 0.616876 0.850777 0.776953 0.583325 0.994156 0.978022 0.840643 0.892490 0.936987 0.918999 0.844214 0.835060 0.711698 0.911328 0.957233 0.854691
0.391895 0.322368 0.581012 0.862022 0.835359 0.668117 0.935587 0.475574 0.838064 0.596796 0.455967 0.000000 0.549469 0.393756 0.891451 0.563179 0.365246 0.387939 0.455688 0.316859 0.736148 0.971398 0.776899 0.951786 0.570609 0.629008 0.874151 0.862478 0.388719 0.424206 0.847495 0.940517 0.750150 0.499928 0.744814 0.718558 0.745127 0.991499 0.830739 0.913913 0.932957 0.903167 0.931538 0.570623 0.946845 0.509883 0.720244 0.630619 0.492715 0.469706 0.415221 0.505795 0.675080 0.779035 0.763064 0.704452 0.379609 0.403152 0.428463 0.405134 0.568090 0.294980 0.369359 0.272793 0.697562 0.882346 0.783652 0.996778 0.679120 0.517595 0.995367 0.748162 0.684747 0.728285 0.751768 0.777175 0.546033 0.741226 0.768457 0.650731 0.387611 0.448094 0.753586 0.855042 0.933329 0.961958 0.845759 0.958619 0.796106 0.967998 0.796677 0.505346 0.557014 0.605171 0.986163 0.740270 0.805406 0.966597 0.742141 0.807150 0.635983 0.960304 0.655154 0.780444 0.904213 0.948481 0.924663 0.928215 0.916043 0.819921 0.757229 0.786573 0.655650 0.893929 0.904786 0.784730
0.826856 0.843526 0.844841 0.665740 0.817038 0.767628 0.583145 0.542423 0.831981 0.837530 0.711212 0.549469 0.000000 0.361528 0.482690 0.500331 0.669280 0.731011 0.602730 0.714810 0.923247 0.955640 0.712552 0.760641 0.752835 0.908465 0.884443 0.939051 0.671338 0.657059 0.966844 0.882847 0.695907 0.626212 0.896370 0.966151 0.764389 0.781373 0.746122 0.917306 0.732582 0.741739 0.965282 0.814963 0.845399 0.792707 0.910230 0.865881 0.995059 0.935088 0.771000 0.862043 0.896025 0.806240 0.831181 0.861759 0.894927 0.947895 0.893879 0.862814 0.380072 0.612505 0.559390 0.650777 0.791087 0.522960 0.897313 0.709230 0.872589 0.982903 0.852694 0.933656 0.985241 0.966877 0.790902 0.809855 0.837083 0.872878 0.849022 0.863124 0.727268 0.713258 0.698684 0.957263 0.603391 0.672207 0.842948 0.865952 0.972228 0.948688 0.837079 0.791108 0.898335 0.869630 0.862218 0.959058 0.989542 0.965422 0.838272 0.797278 0.726437 0.811745 0.852084 0.959100 0.872611 0.929937 0.980698 0.997584 0.978355 0.929178 0.750339 0.787486 0.831390 0.989554 0.835726 0.782998
0.693728 0.610300 0.864188 0.637697 0.964928 0.644851 0.915797 0.547035 0.889201 0.809856 0.758111 0.393756 0.361528 0.000000 0.558245 0.376329 0.579462 0.590489 0.525089 0.532851 0.813660 0.990257 0.819503 0.720289 0.711607 0.764556 0.902654 0.970611 0.591348 0.576818 0.952505 0.942749 0.708090 0.597115 0.826670 0.852542 0.655892 0.900309 0.721112 0.932184 0.803199 0.747009 0.939712 0.797851 0.991568 0.747265 0.861524 0.740191 0.825116 0.712937 0.568387 0.675400 0.752066 0.722557 0.945976 0.990848 0.700994 0.697387 0.732360 0.685630 0.515993 0.513784 0.527267 0.470298 0.983734 0.681639 0.850501 0.933435 0.999399 0.747129 0.894624 0.814554 0.968878 0.967073 0.783603 0.768825 0.760934 0.814383 0.738517 0.704671 0.570125 0.578240 0.646091 0.919123 0.705473 0.725916 0.926718 0.888213 0.949310 0.952972 0.930753 0.564739 0.628433 0.628061 0.949816 0.915028 0.929218 0.975202 0.874046 0.849724 0.810803 0.932520 0.757706 0.957161 0.869161 0.941365 0.983124 0.936171 0.999851 0.941434 0.764901 0.837935 0.882775 0.990349 0.857472 0.834349
0.809047 0.907440 0.679598 0.638595 0.779591 0.814234 0.585445 0.731355 0.837448 0.954541 0.910045 0.891451 0.482690 0.558245 0.000000 0.486569 0.937402 0.903380 0.863296 0.978400 0.988703 0.892660 0.433298 0.599450 0.990281 0.876221 0.790886 0.982837 0.920070 0.883717 0.710548 0.602072 0.622827 0.772159 0.849465 0.923878 0.967721 0.863966 0.760997 0.862023 0.718325 0.696751 0.875033 0.890740 0.781724 0.927498 0.959945 0.870075 0.696433 0.764640 0.916373 0.860371 0.814035 0.982332 0.727887 0.675653 0.884051 0.880141 0.767201 0.809229 0.588409 0.896848 0.833321 0.898423 0.562579 0.469035 0.677915 0.572580 0.674805 0.823202 0.987826 0.800685 0.897516 0.836414 0.833959 0.905223 0.986776 0.940087 0.751826 0.903473 0.947151 0.886343 0.649613 0.888867 0.583754 0.544549 0.807104 0.739264 0.965855 0.902397 0.733124 0.967827 0.934304 0.914860 0.949776 0.951165 0.971150 0.934167 0.904586 0.697542 0.911396 0.860605 0.937458 0.873531 0.819714 0.903465 0.919380 0.914690 0.892857 0.956447 0.806934 0.751183 0.870768 0.979258 0.705222 0.901912
0.939344 0.769850 0.920080 0.693868 0.983167 0.645255 0.860021 0.587349 0.928732 0.798515 0.963241 0.563179 0.500331 0.376329 0.486569 0.000000 0.751441 0.666499 0.670541 0.674445 0.911135 0.947464 0.650920 0.669021 0.861456 0.929133 0.971202 0.936839 0.698161 0.678944 0.881291 0.811686 0.671984 0.649541 0.986236 0.920331 0.931696 0.989498 0.801033 0.981477 0.770688 0.748625 0.937209 0.768027 0.841124 0.760667 0.891398 0.741862 0.969997 0.963702 0.831742 0.911003 0.984949 0.924772 0.999091 0.814944 0.773862 0.872273 0.996578 0.944704 0.610171 0.616411 0.632633 0.549876 0.842006 0.608342 0.916738 0.739042 0.877129 0.806963 0.855105 0.668631 0.999184 0.916698 0.886598 0.759352 0.773778 0.767749 0.650417 0.774980 0.654920 0.638918 0.578714 0.934566 0.686445 0.660190 0.882602 0.756163 0.909504 0.900079 0.978891 0.774664 0.819720 0.825523 0.900324 0.868164 0.878546 0.867799 0.845292 0.786528 0.764582 0.918931 0.793820 0.945189 0.847175 0.842563 0.997128 0.994645 0.964428 0.903092 0.716027 0.814800 0.904410 0.899250 0.746252 0.861249
0.447721 0.405924 0.754316 0.919264 0.787653 0.881975 0.953305 0.632964 0.786719 0.654167 0.390733 0.365246 0.669280 0.579462 0.937402 0.751441 0.000000 0.297055 0.417256 0.324331 0.755996 0.903525 0.720311 0.843990 0.734605 0.794815 0.880901 0.916278 0.353706 0.385029 0.957511 0.854056 0.590106 0.482361 0.771557 0.740545 0.855662 0.942143 0.892802 0.946775 0.935746 0.827307 0.819266 0.535047 0.906635 0.526594 0.590494 0.587253 0.554944 0.538126 0.507714 0.607286 0.759804 0.810326 0.738744 0.746318 0.366302 0.410777 0.457670 0.520335 0.670416 0.514915 0.335687 0.341387 0.718681 0.987599 0.828089 0.949942 0.674906 0.479066 0.952540 0.727261 0.578255 0.555976 0.700443 0.873276 0.643973 0.778992 0.682760 0.533985 0.332777 0.431315 0.775659 0.768362 0.965785 0.998090 0.712745 0.914927 0.720940 0.893893 0.699733 0.519315 0.564104 0.596804 0.992048 0.817321 0.857138 0.911051 0.744120 0.784519 0.647781 0.877207 0.588356 0.620502 0.873833 0.899157 0.993872 0.975308 0.989320 0.753003 0.738440 0.741050 0.725484 0.838513 0.863637 0.785959
0.477877 0.387838 0.779878 0.914337 0.911245 0.789727 0.963460 0.606370 0.764421 0.641886 0.484667 0.387939 0.731011 0.590489 0.903380 0.666499 0.297055 0.000000 0.403477 0.338635 0.765717 0.882853 0.838317 0.921609 0.766465 0.836598 0.874685 0.786377 0.341510 0.363986 0.857460 0.750950 0.524384 0.407185 0.866441 0.800705 0.955825 0.802592 0.921285 0.967154 0.988643 0.808307 0.696190 0.466586 0.765558 0.445483 0.572286 0.478077 0.589709 0.619509 0.612037 0.698331 0.875859 0.929415 0.739624 0.789369 0.339994 0.397520 0.521202 0.569355 0.652670 0.499288 0.343722 0.306458 0.801666 0.931065 0.947253 0.815924 0.700988 0.455783 0.819807 0.637939 0.496673 0.510027 0.729901 0.785193 0.603987 0.678318 0.548321 0.469898 0.287853 0.430999 0.702079 0.706074 0.930986 0.924855 0.755677 0.976857 0.687094 0.936852 0.736505 0.546709 0.623471 0.609003 0.887595 0.772859 0.708178 0.729268 0.730967 0.730175 0.625312 0.861212 0.553086 0.551716 0.780465 0.812991 0.913525 0.971927 0.976633 0.695372 0.585061 0.730351 0.717515 0.780698 0.769824 0.887263
0.491991 0.465105 0.858301 0.905306 0.881306 0.815464 0.952839 0.760439 0.820686 0.928495 0.577435 0.455688 0.602730 0.525089 0.863296 0.670541 0.417256 0.403477 0.000000 0.397825 0.967371 0.990534 0.962699 0.873410 0.885575 0.939024 0.960230 0.872031 0.492684 0.532985 0.936755 0.888385 0.647564 0.545558 0.799909 0.819129 0.783490 0.973638 0.796705 0.849501 0.929992 0.942660 0.898246 0.673144 0.993819 0.751236 0.632902 0.668120 0.675180 0.584146 0.592376 0.642949 0.800723 0.786919 0.765638 0.902733 0.491822 0.536753 0.582833 0.580225 0.732504 0.635885 0.496389 0.510224 0.879662 0.904421 0.812856 0.999857 0.681901 0.547679 0.944328 0.813534 0.598800 0.602602 0.838788 0.811949 0.681357 0.859446 0.716473 0.533491 0.447727 0.474514 0.718245 0.759950 0.816120 0.819990 0.768468 0.973097 0.838509 0.994729 0.738746 0.506529 0.570866 0.565323 0.903740 0.858854 0.925071 0.995446 0.963453 0.918360 0.704677 0.996112 0.683282 0.795330 0.881810 0.897175 0.956826 0.853449 0.955192 0.969544 0.784230 0.951664 0.894504 0.979939 0.945336 0.907640
0.357016 0.320241 0.614023 0.918502 0.815538 0.783934 0.794226 0.681753 0.732988 0.737089 0.461154 0.316859 0.714810 0.532851 0.978400 0.674445 0.324331 0.338635 0.397825 0.000000 0.808899 0.935410 0.759206 0.951461 0.770607 0.728274 0.928816 0.879832 0.417736 0.489579 0.881417 0.977895 0.740710 0.561966 0.811911 0.660715 0.840028 0.926203 0.889352 0.975773 0.983302 0.968161 0.966139 0.644832 0.912478 0.645469 0.721642 0.637501 0.452656 0.432577 0.437581 0.517608 0.691099 0.775481 0.703636 0.665898 0.332568 0.340865 0.428949 0.404874 0.776791 0.488986 0.479189 0.388783 0.680021 0.972618 0.704889 0.933808 0.574478 0.376737 0.964068 0.758728 0.575143 0.630535 0.798750 0.801101 0.578972 0.729704 0.730137 0.581113 0.386023 0.446409 0.793943 0.820102 0.954068 0.966143 0.654212 0.909890 0.790888 0.913321 0.625368 0.455850 0.493094 0.510846 0.999845 0.810611 0.848575 0.995264 0.867734 0.900786 0.674997 0.949545 0.616221 0.755247 0.851602 0.986811 0.923327 0.974337 0.990333 0.824494 0.762514 0.882884 0.785155 0.881393 0.868539 0.792036
0.843383 0.729097 0.742248 0.965812 0.809844 0.760516 0.971260 0.595352 0.940534 0.589416 0.784197 0.736148 0.923247 0.813660 0.988703 0.911135 0.755996 0.765717 0.967371 0.808899 0.000000 0.964025 0.865659 0.770416 0.727862 0.777826 0.933440 0.907227 0.791129 0.764710 0.945391 0.950011 0.787242 0.784830 0.918995 0.943656 0.790545 0.888957 0.832601 0.918620 0.808406 0.901183 0.829960 0.751800 0.793333 0.624750 0.942361 0.683035 0.744746 0.731238 0.730161 0.700134 0.742745 0.755629 0.973572 0.934077 0.768829 0.730151 0.758622 0.742843 0.835349 0.648742 0.698236 0.636825 0.825175 0.999528 0.973746 0.909408 0.890708 0.903689 0.918652 0.768880 0.933238 0.894531 0.772458 0.898312 0.791139 0.840933 0.903883 0.961124 0.786285 0.960825 0.984318 0.961132 0.872627 0.825133 0.886408 0.734640 0.790313 0.996875 0.801685 0.959941 0.980002 0.930902 0.782581 0.828659 0.837909 0.930576 0.573412 0.805979 0.855491 0.798160 0.771726 0.885099 0.830841 0.935347 0.999728 0.817862 0.922195 0.894775 0.818635 0.686664 0.751810 0.932302 0.935321 0.902659
0.945887 0.947294 0.964620 0.911216 0.901312 0.983890 0.847923 0.878799 0.869392 0.955534 0.955781 0.971398 0.955640 0.990257 0.892660 0.947464 0.903525 0.882853 0.990534 0.935410 0.964025 0.000000 0.843778 0.959427 0.925303 0.918698 0.912981 0.995408 0.902055 0.913968 0.946408 0.996454 0.965174 0.957065 0.891565 0.969345 0.965863 0.715403 0.974369 0.714250 0.813781 0.931884 0.971054 0.953391 0.863690 0.956219 0.970149 0.876500 0.986041 0.942177 0.924289 0.995621 0.958009 0.951088 0.906945 0.963093 0.945361 0.923934 0.974124 0.968211 0.843047 0.876550 0.985953 0.971645 0.853323 0.762022 0.873084 0.891506 0.974757 0.927398 0.992798 0.960190 0.898664 0.875378 0.960611 0.861319 0.995254 0.962915 0.976187 0.887863 0.942086 0.894699 0.998991 0.927453 0.885574 0.839997 0.801817 0.955516 0.958356 0.983358 0.840950 0.858533 0.935000 0.919604 0.983680 0.948601 0.851238 0.971301 0.961227 0.911447 0.984093 0.857248 0.997026 0.931314 0.828193 0.874435 0.990185 0.948678 0.974817 0.997341 0.968461 0.913902 0.950488 0.978432 0.947814 0.947791
0.584157 0.674290 0.532387 0.610174 0.686394 0.945566 0.642414 0.989393 0.869576 0.756504 0.533441 0.776899 0.712552 0.819503 0.433298 0.650920 0.720311 0.838317 0.962699 0.759206 0.865659 0.843778 0.000000 0.414816 0.744953 0.670117 0.741632 0.972132 0.701802 0.768232 0.748693 0.718706 0.783295 0.988747 0.746254 0.643935 0.872841 0.947328 0.849127 0.949178 0.747068 0.758112 0.984432 0.858694 0.829102 0.811477 0.920643 0.983502 0.523906 0.558492 0.668281 0.687309 0.763630 0.902802 0.706195 0.622849 0.648623 0.650101 0.563345 0.597356 0.799570 0.831440 0.812199 0.793415 0.346297 0.459022 0.618906 0.582207 0.645665 0.717989 0.904858 0.930696 0.787712 0.705722 0.941882 0.948964 0.787679 0.949968 0.898826 0.973141 0.859214 0.935313 0.656549 0.980509 0.478204 0.459792 0.620905 0.569471 0.881888 0.954040 0.674430 0.805660 0.757557 0.841964 0.955417 0.915221 0.948147 0.892915 0.949067 0.873216 0.959117 0.862366 0.904898 0.690002 0.796417 0.885894 0.855252 0.818273 0.911111 0.987691 0.821023 0.924514 0.815902 0.985859 0.798139 0.960670
0.848861 0.931511 0.749363 0.579754 0.867724 0.954137 0.951002 0.877006 0.823058 0.654054 0.626741 0.951786 0.760641 0.720289 0.599450 0.669021 0.843990 0.921609 0.873410 0.951461 0.770416 0.959427 0.414816 0.000000 0.716445 0.807223 0.728571 0.925598 0.775552 0.784204 0.947292 0.980009 0.933926 0.928513 0.910018 0.782540 0.958393 0.970696 0.845709 0.920214 0.924339 0.820456 0.826392 0.797368 0.862078 0.700800 0.998436 0.968472 0.698813 0.779151 0.877811 0.858103 0.977127 0.892343 0.969512 0.837097 0.885581 0.888469 0.835300 0.815523 0.912094 0.903125 0.811804 0.902189 0.558330 0.642347 0.925146 0.907510 0.958078 0.978141 0.986404 0.924578 0.862719 0.833719 0.944059 0.958815 0.821087 0.914821 0.906893 0.858078 0.982919 0.852272 0.654700 0.857581 0.520280 0.459926 0.702545 0.540419 0.784398 0.890430 0.985528 0.871463 0.933538 0.884574 0.880942 0.982708 0.978262 0.933225 0.704545 0.975301 0.821718 0.996539 0.953733 0.717675 0.995720 0.940869 0.923071 0.725390 0.900910 0.976895 0.904623 0.864335 0.867066 0.910774 0.942518 0.917993
0.837544 0.809852 0.583903 0.939381 0.967376 0.716399 0.884792 0.460461 0.873965 0.531424 0.601059 0.570609 0.752835 0.711607 0.990281 0.861456 0.734605 0.766465 0.885575 0.770607 0.727862 0.925303 0.744953 0.716445 0.000000 0.428304 0.625748 0.857382 0.580013 0.531212 0.807286 0.929815 0.916779 0.762774 0.830336 0.796864 0.738891 0.819828 0.897954 0.817396 0.831455 0.883349 0.993788 0.802722 0.773258 0.634767 0.961068 0.910778 0.750878 0.788000 0.739041 0.781198 0.846830 0.806264 0.940623 0.928827 0.847272 0.840159 0.767115 0.728343 0.641014 0.516945 0.532331 0.578314 0.580556 0.980208 0.855520 0.995661 0.872916 0.964062 0.762206 0.926039 0.987464 0.970526 0.843310 0.890925 0.761677 0.930822 0.938053 0.986254 0.811796 0.985478 0.951183 0.900483 0.760151 0.716548 0.917620 0.819770 0.781431 0.804235 0.934430 0.952898 0.887662 0.983662 0.966137 0.887998 0.980926 0.995628 0.624600 0.817168 0.812671 0.875953 0.819036 0.864060 0.961221 0.965084 0.907926 0.792377 0.893052 0.892329 0.893733 0.832510 0.651423 0.978090 0.906647 0.862861
0.824288 0.805420 0.437231 0.818315 0.916648 0.919976 0.815634 0.714344 0.872001 0.700157 0.731627 0.629008 0.908465 0.764556 0.876221 0.929133 0.794815 0.836598 0.939024 0.728274 0.777826 0.918698 0.670117 0.807223 0.428304 0.000000 0.826781 0.882120 0.674603 0.642904 0.552193 0.757220 0.878745 0.936400 0.709588 0.753333 0.675122 0.931609 0.859398 0.857235 0.928435 0.999370 0.728733 0.972270 0.992863 0.877224 0.924763 0.885970 0.775151 0.768166 0.772469 0.877052 0.875988 0.996122 0.960802 0.906366 0.783980 0.772071 0.754793 0.768390 0.870244 0.646331 0.700110 0.669800 0.485235 0.749726 0.677573 0.715563 0.971311 0.793772 0.764809 0.992690 0.992205 0.983407 0.939397 0.921642 0.761257 0.932730 0.975528 0.964371 0.926192 0.989715 0.927711 0.930542 0.690546 0.621210 0.985218 0.915892 0.815695 0.731299 0.792809 0.773051 0.716869 0.848192 0.995088 0.932579 0.994052 0.842675 0.915572 0.918591 0.947757 0.844870 0.836797 0.975808 0.975515 0.803124 0.950725 0.947407 0.940513 0.884782 0.994872 0.973741 0.864679 0.950099 0.832751 0.848783
0.939010 0.904987 0.839343 0.859550 0.993248 0.888927 0.931578 0.808237 0.917317 0.698722 0.810893 0.874151 0.884443 0.902654 0.790886 0.971202 0.880901 0.874685 0.960230 0.928816 0.933440 0.912981 0.741632 0.728571 0.625748 0.826781 0.000000 0.747335 0.770565 0.858351 0.943171 0.969868 0.853405 0.933465 0.792431 0.975066 0.999329 0.891072 0.944672 0.999573 0.928949 0.927292 0.755495 0.787103 0.790036 0.713259 0.933975 0.949230 0.810233 0.972934 0.912858 0.952905 0.989915 0.986720 0.891336 0.953299 0.932940 0.987144 0.876199 0.888158 0.864013 0.799145 0.791492 0.823161 0.765579 0.948819 0.908533 0.879083 0.990035 0.955194 0.901821 0.878375 0.803970 0.805505 0.968525 0.959370 0.801626 0.987636 0.846792 0.992658 0.859731 0.997866 0.851913 0.976327 0.830274 0.756643 0.968235 0.782898 0.804754 0.970682 0.950102 0.884689 0.930709 0.930100 0.931735 0.972576 0.844530 0.991134 0.753239 0.859297 0.795253 0.772938 0.897969 0.762352 0.948171 0.973904 0.999481 0.632130 0.832931 0.920945 0.956117 0.969703 0.721201 0.998898 0.947381 0.963871
0.951187 0.906435 0.945250 0.971708 0.913944 0.937150 0.819534 0.826522 0.845127 0.893505 0.855282 0.862478 0.939051 0.970611 0.982837 0.936839 0.916278 0.786377 0.872031 0.879832 0.907227 0.995408 0.972132 0.925598 0.857382 0.882120 0.747335 0.000000 0.839180 0.901787 0.960415 0.849525 0.874427 0.894063 0.992631 0.845501 0.908705 0.975962 0.927165 0.947105 0.947766 0.991051 0.730948 0.819750 0.720287 0.777212 0.887875 0.866388 0.954042 0.995198 0.986764 0.952975 0.927715 0.812879 0.929158 0.986717 0.830237 0.881225 0.909817 0.949959 0.803792 0.816771 0.841024 0.836098 0.964939 0.903268 0.889462 0.780917 0.911628 0.926217 0.831949 0.890657 0.793782 0.899216 0.929964 0.959955 0.840516 0.917540 0.845746 0.932376 0.842073 0.918240 0.943984 0.996867 0.968737 0.979341 0.955194 0.987467 0.822011 0.864697 0.902101 0.928582 0.959265 0.929232 0.980637 0.986197 0.915892 0.963293 0.955562 0.892277 0.953842 0.924367 0.934350 0.786536 0.903828 0.928492 0.926321 0.961916 0.799942 0.997920 0.799568 0.879747 0.812522 0.808582 0.927658 0.940077
0.541545 0.494164 0.676496 0.932697 0.943825 0.686415 0.996030 0.549700 0.851510 0.522561 0.391613 0.388719 0.671338 0.591348 0.920070 0.698161 0.353706 0.341510 0.492684 0.417736 0.791129 0.902055 0.701802 0.775552 0.580013 0.674603 0.770565 0.839180 0.000000 0.312697 0.940563 0.808877 0.554796 0.469467 0.736058 0.744757 0.802655 0.979087 0.835042 0.974087 0.973244 0.890335 0.774661 0.526747 0.788911 0.455308 0.670446 0.659121 0.623032 0.628585 0.596753 0.696867 0.868020 0.828123 0.816727 0.854665 0.460461 0.518029 0.549500 0.557464 0.624312 0.495008 0.325861 0.361315 0.660094 0.976350 0.894035 0.892151 0.858053 0.596991 0.990212 0.757706 0.572717 0.619661 0.814530 0.848650 0.579410 0.825922 0.672574 0.622535 0.474109 0.655847 0.869833 0.930563 0.880403 0.845660 0.770417 0.842055 0.724871 0.895576 0.819534 0.622164 0.718610 0.721080 0.966826 0.849096 0.793553 0.851759 0.731681 0.785786 0.567790 0.886669 0.625482 0.635900 0.916689 0.965490 0.938762 0.926771 0.937285 0.857138 0.705601 0.728798 0.759164 0.812347 0.935703 0.862503
0.682268 0.565907 0.738809 0.988816 0.961562 0.739221 0.948612 0.489029 0.856231 0.489219 0.487897 0.424206 0.657059 0.576818 0.883717 0.678944 0.385029 0.363986 0.532985 0.489579 0.764710 0.913968 0.768232 0.784204 0.531212 0.642904 0.858351 0.901787 0.312697 0.000000 0.866493 0.756358 0.603451 0.406387 0.734230 0.719128 0.839712 0.982396 0.879864 0.938983 0.966109 0.905334 0.794303 0.546132 0.741275 0.460289 0.666826 0.672025 0.740373 0.699003 0.666378 0.758753 0.914156 0.833140 0.912817 0.978088 0.522179 0.584859 0.692362 0.691199 0.622891 0.527698 0.293017 0.347807 0.638003 0.971178 0.849358 0.866176 0.986566 0.665213 0.945429 0.702347 0.739315 0.701070 0.762270 0.875021 0.658916 0.757602 0.677794 0.615529 0.492222 0.685502 0.865970 0.896379 0.825041 0.835774 0.858786 0.909224 0.646309 0.776605 0.867638 0.648381 0.725409 0.755726 0.882439 0.790491 0.811840 0.794968 0.685233 0.847640 0.614463 0.861557 0.576067 0.683595 0.876581 0.960817 0.907996 0.944304 0.951840 0.707912 0.649757 0.703343 0.672847 0.823014 0.898744 0.814415
0.778571 0.925301 0.623068 0.894536 0.998527 0.891695 0.743170 0.893073 0.881966 0.849498 0.897574 0.847495 0.966844 0.952505 0.710548 0.881291 0.957511 0.857460 0.936755 0.881417 0.945391 0.946408 0.748693 0.947292 0.807286 0.552193 0.943171 0.960415 0.940563 0.866493 0.000000 0.452270 0.601278 0.746386 0.845433 0.871492 0.774110 0.916791 0.959472 0.995282 0.963815 0.979761 0.501458 0.668460 0.648259 0.756771 0.775329 0.667785 0.778573 0.801182 0.827205 0.893007 0.798861 0.928800 0.941727 0.746035 0.980373 0.923110 0.705861 0.780373 0.943568 0.870013 0.881316 0.973004 0.742049 0.820267 0.715922 0.548169 0.698535 0.831995 0.654955 0.699653 0.951354 0.975288 0.861730 0.984396 0.973948 0.759887 0.737059 0.797314 0.903030 0.998051 0.897462 0.986226 0.994618 0.883573 0.974513 0.987880 0.864366 0.993879 0.771724 0.829117 0.776282 0.855802 0.832882 0.957564 0.850163 0.761279 0.825077 0.755089 0.749130 0.740594 0.890054 0.879611 0.907847 0.650577 0.968430 0.974128 0.880299 0.987909 0.728574 0.783166 0.941114 0.928134 0.701876 0.881017
0.763236 0.906640 0.662289 0.861757 0.887131 0.896596 0.694490 0.847573 0.938522 0.834899 0.973094 0.940517 0.882847 0.942749 0.602072 0.811686 0.854056 0.750950 0.888385 0.977895 0.950011 0.996454 0.718706 0.980009 0.929815 0.757220 0.969868 0.849525 0.808877 0.756358 0.452270 0.000000 0.502530 0.676890 0.860847 0.980049 0.864546 0.978501 0.980983 0.875428 0.860750 0.996743 0.576108 0.684053 0.631315 0.734408 0.760109 0.692705 0.747854 0.800966 0.854056 0.828252 0.741366 0.993408 0.948420 0.742788 0.993057 0.957965 0.754039 0.790079 0.820380 0.925943 0.776984 0.905287 0.758753 0.788218 0.750936 0.545194 0.727472 0.953740 0.728763 0.687521 0.917557 0.996322 0.894659 0.986719 0.942952 0.804668 0.618665 0.734447 0.854183 0.959152 0.794333 0.997636 0.957787 0.854833 0.974970 0.997269 0.822492 0.845280 0.854175 0.865554 0.906709 0.904186 0.824793 0.999717 0.997282 0.786592 0.858180 0.854433 0.804018 0.733002 0.888036 0.846387 0.854877 0.828131 0.908291 0.966418 0.896458 0.938268 0.687169 0.784847 0.908821 0.860928 0.745568 0.918779
0.915474 0.777116 0.818809 0.742624 0.905303 0.766939 0.703616 0.646795 0.958197 0.701820 0.784304 0.750150 0.695907 0.708090 0.622827 0.671984 0.590106 0.524384 0.647564 0.740710 0.787242 0.965174 0.783295 0.933926 0.916779 0.878745 0.853405 0.874427 0.554796 0.603451 0.601278 0.502530 0.000000 0.476663 0.865986 0.903439 0.921476 0.991931 0.866498 0.966911 0.872749 0.879343 0.577047 0.574503 0.581171 0.585315 0.645986 0.623443 0.983415 0.993682 0.909412 0.937833 0.923484 0.882875 0.942173 0.859226 0.754113 0.807658 0.882489 0.913826 0.591484 0.759664 0.549321 0.613216 0.813386 0.674547 0.725525 0.516645 0.877546 0.904533 0.877996 0.725760 0.753378 0.845106 0.744390 0.859478 0.754388 0.798916 0.607799 0.635044 0.598209 0.757582 0.748904 0.874168 0.766257 0.772362 0.955011 0.899875 0.803561 0.934932 0.883459 0.921393 0.987018 0.943735 0.873793 0.998188 0.890650 0.717870 0.681642 0.605742 0.715761 0.673027 0.776861 0.741939 0.776601 0.857094 0.970035 0.952901 0.938391 0.874954 0.673846 0.723642 0.915415 0.852888 0.767271 0.889184
0.674506 0.581635 0.949916 0.823267 0.848083 0.701935 0.789701 0.514281 0.937446 0.662204 0.606532 0.499928 0.626212 0.597115 0.772159 0.649541 0.482361 0.407185 0.545558 0.561966 0.784830 0.957065 0.988747 0.928513 0.762774 0.936400 0.933465 0.894063 0.469467 0.406387 0.746386 0.676890 0.476663 0.000000 0.977615 0.932685 0.971752 0.948545 0.923999 0.924780 0.887987 0.956903 0.571082 0.420990 0.620940 0.477544 0.556891 0.552199 0.799940 0.834584 0.773368 0.833556 0.958124 0.930861 0.928516 0.960754 0.553868 0.655848 0.747357 0.734517 0.544044 0.526633 0.372926 0.427887 0.957740 0.727462 0.856736 0.593605 0.974738 0.762736 0.804990 0.635698 0.693230 0.712990 0.765087 0.836973 0.569010 0.669714 0.582313 0.668338 0.487585 0.633554 0.746919 0.846308 0.852009 0.826036 0.968378 0.989541 0.722608 0.910197 0.957160 0.776926 0.856816 0.839606 0.858000 0.843059 0.768553 0.698173 0.612711 0.719927 0.624752 0.832491 0.624841 0.751740 0.762688 0.820872 0.997570 0.885674 0.967118 0.767698 0.607315 0.643137 0.713054 0.845732 0.740191 0.961739
0.800129 0.783431 0.665733 0.912935 0.829801 0.959319 0.791555 0.939014 0.839627 0.892615 0.777646 0.744814 0.896370 0.826670 0.849465 0.986236 0.771557 0.866441 0.799909 0.811911 0.918995 0.891565 0.746254 0.910018 0.830336 0.709588 0.792431 0.992631 0.736058 0.734230 0.845433 0.860847 0.865986 0.977615 0.000000 0.761939 0.707471 0.927592 0.935614 0.937464 0.936804 0.967545 0.749568 0.977195 0.862829 0.957043 0.884778 0.977103 0.810074 0.688318 0.743387 0.770092 0.818070 0.918308 0.985965 0.822799 0.758319 0.730561 0.777932 0.748168 0.919530 0.912232 0.805247 0.790071 0.648957 0.681333 0.567338 0.658190 0.869118 0.682597 0.987464 0.936819 0.939232 0.994145 0.964688 0.990376 0.892828 0.987272 0.925195 0.841772 0.904137 0.928116 0.915467 0.990538 0.730871 0.708269 0.958446 0.969586 0.994487 0.910975 0.710232 0.668053 0.723645 0.692132 0.974617 0.843999 0.946349 0.908523 0.926160 0.775001 0.974507 0.757615 0.893762 0.916113 0.899564 0.977397 0.962761 0.782839 0.883059 0.968219 0.981081 0.995650 0.936730 0.952509 0.599636 0.899273
0.755874 0.729338 0.673652 0.924022 0.799660 0.966896 0.746233 0.881199 0.939585 0.835962 0.692887 0.718558 0.966151 0.852542 0.923878 0.920331 0.740545 0.800705 0.819129 0.660715 0.943656 0.969345 0.643935 0.782540 0.796864 0.753333 0.975066 0.845501 0.744757 0.719128 0.871492 0.980049 0.903439 0.932685 0.761939 0.000000 0.795258 0.961849 0.940660 0.968040 0.979909 0.948591 0.856648 0.997331 0.794979 0.858248 0.954814 0.939782 0.710787 0.602121 0.628429 0.669252 0.766394 0.752723 0.723356 0.825925 0.683115 0.650289 0.772213 0.678151 0.958008 0.768491 0.791266 0.737380 0.622723 0.770859 0.547051 0.707056 0.796794 0.702679 0.977419 0.931808 0.915390 0.955476 0.961826 0.841184 0.797796 0.983651 0.890015 0.954142 0.809533 0.840024 0.926189 0.981221 0.737245 0.829888 0.696934 0.763756 0.905537 0.911322 0.686966 0.699561 0.595590 0.738415 0.904306 0.927413 0.976993 0.796159 0.935107 0.832868 0.975045 0.862088 0.929198 0.822059 0.898666 0.987631 0.783525 0.852269 0.865949 0.990669 0.945947 0.914814 0.955764 0.956743 0.977599 0.912880
0.804417 0.854613 0.821582 0.913718 0.918741 0.875765 0.927513 0.742571 0.959836 0.879494 0.767649 0.745127 0.764389 0.655892 0.967721 0.931696 0.855662 0.955825 0.783490 0.840028 0.790545 0.965863 0.872841 0.958393 0.738891 0.675122 0.999329 0.908705 0.802655 0.839712 0.774110 0.864546 0.921476 0.971752 0.707471 0.795258 0.000000 0.827415 0.616114 0.834595 0.888159 0.829510 0.844199 0.974956 0.908441 0.932082 0.934610 0.972455 0.840771 0.764096 0.698694 0.749582 0.746623 0.756257 0.956087 0.991352 0.947228 0.868862 0.759518 0.751790 0.779534 0.776367 0.819793 0.845360 0.854153 0.963465 0.764313 0.805973 0.985988 0.984312 0.675372 0.898236 0.946671 0.941589 0.998190 0.922738 0.889820 0.825938 0.984464 0.995579 0.929997 0.983703 0.963618 0.859951 0.988045 0.937735 0.998839 0.855804 0.829899 0.856556 0.991744 0.814901 0.856941 0.924721 0.897908 0.992789 0.925872 0.673999 0.885718 0.986943 0.997808 0.988292 0.970884 0.975404 0.938333 0.862453 0.876827 0.986254 0.791663 0.847797 0.932676 0.992335 0.962725 0.905308 0.869308 0.976216
0.914395 0.910435 0.949567 0.900096 0.958615 0.931222 0.835661 0.911111 0.824478 0.976594 0.968524 0.991499 0.781373 0.900309 0.863966 0.989498 0.942143 0.802592 0.973638 0.926203 0.888957 0.715403 0.947328 0.970696 0.819828 0.931609 0.891072 0.975962 0.979087 0.982396 0.916791 0.978501 0.991931 0.948545 0.927592 0.961849 0.827415 0.000000 0.828922 0.926748 0.816835 0.746627 0.949982 0.993310 0.922859 0.939476 0.866942 0.801074 0.969723 0.945027 0.919137 0.927967 0.917281 0.750884 0.827976 0.921538 0.802480 0.795540 0.897355 0.969585 0.930592 0.974042 0.952680 0.892294 0.941551 0.972922 0.940303 0.977605 0.731903 0.783868 0.801906 0.765980 0.774692 0.855750 0.962167 0.929357 0.953443 0.888528 0.826721 0.832547 0.883933 0.791981 0.904790 0.720382 0.948090 0.839136 0.810207 0.834215 0.924126 0.874489 0.776433 0.913000 0.917801 0.965328 0.816051 0.822576 0.609055 0.713942 0.944853 0.913648 0.996922 0.938796 0.880289 0.665305 0.892815 0.760755 0.893588 0.932415 0.988688 0.917066 0.802000 0.943285 0.945093 0.894948 0.918554 0.952732
