0.000000 0.310503 0.952611 0.938622 0.826117 0.979911 0.989686 0.893376 0.941682 0.872206 0.400150 0.401973 0.874032 0.919378 0.961441 0.873414 0.363026 0.356429 0.656036 0.557741 0.788082 0.927224 0.868199 0.952775 0.989275 0.989277 0.973628 0.811360 0.554835 0.547783 0.918803 0.997650 0.592415 0.535077 0.938869 0.911652 0.746874 0.712840 0.878646 0.735778 0.551798 0.635789 0.752658 0.659370 0.800034 0.677835 0.493247 0.550674 0.615214 0.612805 0.711545 0.729207 0.990566 0.732378 0.527354 0.626205 0.283825 0.374737 0.393598 0.402482 0.523993 0.638631 0.533811 0.441366 0.984878 0.777161 0.710059 0.551985 0.415627 0.519791 0.960240 0.923347 0.636974 0.656507 0.666275 0.988547 0.925959 0.939729 0.525746 0.626747 0.347791 0.387086 0.664849 0.438363 0.596932 0.662931 0.960419 0.960676 0.836931 0.679016 0.770403 0.782996 0.857927 0.724649 0.691785 0.941377 0.812825 0.954485 0.910692 0.973844 0.929006 0.760822 0.850074 0.757664 0.660249 0.771072 0.866518 0.998109 0.973543 0.824051 0.905806 0.748285 0.895535 0.842179 0.831694 0.966300
0.310503 0.000000 0.961863 0.935438 0.784947 0.995136 0.983430 0.882102 0.913398 0.784226 0.477990 0.408535 0.836825 0.840252 0.897851 0.863184 0.426749 0.415130 0.692040 0.574170 0.843193 0.907739 0.906274 0.981109 0.986226 0.967261 0.972318 0.742740 0.520163 0.561195 0.947837 0.979690 0.584961 0.544674 0.915931 0.978904 0.805856 0.797577 0.859029 0.772259 0.590542 0.606499 0.789732 0.685995 0.807011 0.685918 0.494154 0.552989 0.638115 0.582581 0.677918 0.684273 0.918781 0.785960 0.541591 0.662203 0.305391 0.331846 0.358808 0.335659 0.518384 0.653465 0.530686 0.448162 0.969829 0.798180 0.694677 0.556155 0.415758 0.484711 0.973217 0.909575 0.608669 0.675158 0.677601 0.975104 0.924384 0.906892 0.541941 0.578737 0.377668 0.415923 0.632023 0.435088 0.563462 0.650958 0.914628 0.943819 0.838530 0.697369 0.785121 0.807270 0.881503 0.718944 0.709617 0.934847 0.841025 0.941341 0.927348 0.977733 0.949757 0.777657 0.882066 0.812125 0.679068 0.719756 0.925982 0.947983 0.965983 0.818790 0.868897 0.719281 0.976958 0.848284 0.865412 0.899210
0.952611 0.961863 0.000000 0.290972 0.821009 0.872440 0.447737 0.366137 0.473990 0.681857 0.947685 0.869127 0.598485 0.755145 0.929851 0.509411 0.816803 0.813909 0.674753 0.585118 0.827281 0.923804 0.666944 0.558887 0.361112 0.399461 0.931851 0.964630 0.871580 0.861353 0.544675 0.662506 0.687200 0.771813 0.914858 0.914258 0.673334 0.598780 0.547127 0.644927 0.906053 0.995133 0.603261 0.676682 0.966267 0.975069 0.862111 0.839613 0.885396 0.974518 0.998451 0.985946 0.933373 0.980934 0.924314 0.860942 0.945801 0.666724 0.716100 0.811364 0.911160 0.754522 0.531500 0.597304 0.369716 0.404833 0.637573 0.882102 0.907230 0.941862 0.471312 0.453924 0.835682 0.799233 0.971770 0.809301 0.582767 0.626500 0.851761 0.985379 0.751768 0.825333 0.809009 0.835996 0.981978 0.804300 0.923948 0.740424 0.786145 0.808210 0.517675 0.511365 0.460307 0.439195 0.956541 0.778311 0.820043 0.779133 0.780002 0.668646 0.811658 0.731839 0.984567 0.841029 0.716479 0.818634 0.834271 0.923046 0.998556 0.943207 0.882339 0.983333 0.949617 0.894486 0.938300 0.899926
0.938622 0.935438 0.290972 0.000000 0.736647 0.882575 0.470132 0.338090 0.547233 0.738467 0.832975 0.777965 0.621872 0.641949 0.910542 0.533439 0.903697 0.951121 0.659490 0.511145 0.775831 0.995615 0.634955 0.525276 0.346519 0.388030 0.871686 0.947925 0.963098 0.950810 0.588915 0.671047 0.604640 0.729861 0.875245 0.958417 0.614574 0.611704 0.519083 0.673041 0.991587 0.989889 0.663390 0.676476 0.996086 0.969132 0.888819 0.859342 0.931907 0.889924 0.995817 0.989269 0.933595 0.937805 0.859547 0.831431 0.955303 0.805755 0.792165 0.884414 0.921012 0.760499 0.638833 0.713493 0.347960 0.374901 0.618804 0.824149 0.818519 0.891385 0.561922 0.494487 0.926553 0.849434 0.986198 0.842987 0.664270 0.691917 0.782276 0.929632 0.860517 0.944050 0.841934 0.984232 0.862759 0.706893 0.894958 0.808973 0.756384 0.710694 0.603314 0.573592 0.486204 0.491003 0.928476 0.758219 0.873298 0.883007 0.866699 0.781876 0.775232 0.769311 0.986469 0.862211 0.616279 0.738135 0.927700 0.962903 0.979317 0.914262 0.992029 0.915776 0.974714 0.884859 0.961721 0.922801
0.826117 0.784947 0.821009 0.736647 0.000000 0.902145 0.850193 0.772533 0.876868 0.987810 0.897759 0.918486 0.970702 0.817314 0.847826 0.778693 0.936037 0.904934 0.776812 0.825171 0.725116 0.989047 0.819467 0.880195 0.834436 0.743940 0.866092 0.854433 0.793376 0.894732 0.809148 0.792757 0.737298 0.747250 0.900438 0.911973 0.820231 0.764849 0.846707 0.813463 0.893196 0.946659 0.778858 0.724596 0.854589 0.775393 0.798463 0.765634 0.794161 0.736741 0.851813 0.836243 0.877537 0.959457 0.924226 0.845983 0.835687 0.915223 0.895567 0.886898 0.989112 0.926477 0.987280 0.989807 0.750110 0.830685 0.846207 0.791838 0.884234 0.809984 0.891364 0.861731 0.794826 0.887342 0.953080 0.944644 0.804452 0.853537 0.830107 0.962052 0.878257 0.863851 0.838102 0.793456 0.823727 0.798419 0.860072 0.988870 0.873418 0.779852 0.979317 0.937190 0.931617 0.971353 0.876342 0.794836 0.972757 0.972360 0.923125 0.951695 0.780174 0.964807 0.933949 0.866690 0.854959 0.935438 0.965724 0.937818 0.984460 0.845330 0.891448 0.906647 0.984836 0.983353 0.978858 0.898163
0.979911 0.995136 0.872440 0.882575 0.902145 0.000000 0.688063 0.618803 0.874644 0.585051 0.973643 0.866687 0.854701 0.886755 0.731151 0.858989 0.917159 0.940805 0.796139 0.996480 0.835757 0.967027 0.835883 0.812955 0.957346 0.876272 0.485525 0.968567 0.997836 0.912472 0.932820 0.767732 0.812538 0.767475 0.902235 0.860027 0.965459 0.874129 0.929567 0.918953 0.932269 0.949715 0.990871 0.867870 0.810065 0.733339 0.992679 0.732572 0.743143 0.753910 0.860230 0.824386 0.803467 0.852798 0.800772 0.988239 0.819005 0.896652 0.963077 0.978770 0.820395 0.783055 0.898331 0.906341 0.840332 0.758103 0.881201 0.714974 0.878654 0.818059 0.610417 0.625601 0.660180 0.763655 0.956398 0.984286 0.805572 0.908701 0.994560 0.979742 0.910273 0.912987 0.652522 0.789872 0.730209 0.770748 0.782314 0.815960 0.790017 0.660080 0.558115 0.616701 0.625804 0.777781 0.894098 0.981105 0.627028 0.813638 0.654789 0.750468 0.743483 0.903403 0.796945 0.997208 0.886474 0.950681 0.966482 0.888828 0.975829 0.899470 0.940291 0.855088 0.750755 0.985652 0.992161 0.876523
0.989686 0.983430 0.447737 0.470132 0.850193 0.688063 0.000000 0.357796 0.551221 0.674625 0.914198 0.938993 0.694454 0.943583 0.979428 0.580730 0.968038 0.933949 0.529281 0.782731 0.918641 0.981542 0.662582 0.682794 0.589236 0.668093 0.803618 0.913292 0.989390 0.953853 0.543123 0.520349 0.505472 0.613476 0.922476 0.962127 0.932365 0.879099 0.761467 0.844193 0.952487 0.852807 0.734690 0.815326 0.963886 0.930136 0.896292 0.937319 0.841060 0.925044 0.939110 0.921451 0.967812 0.926100 0.833761 0.852277 0.968297 0.721274 0.859507 0.828446 0.895058 0.930603 0.765984 0.776612 0.614549 0.601266 0.496842 0.654668 0.953350 0.840612 0.656379 0.589947 0.793286 0.865303 0.901363 0.956549 0.735433 0.739769 0.919960 0.893170 0.897182 0.980741 0.858866 0.969151 0.868289 0.759002 0.965581 0.906821 0.921640 0.986714 0.610801 0.597456 0.570660 0.626800 0.840778 0.798320 0.752100 0.839246 0.809512 0.742959 0.888439 0.711777 0.964294 0.744733 0.731730 0.877201 0.892643 0.974181 0.920607 0.926166 0.982342 0.943442 0.852980 0.963313 0.981531 0.923219
0.893376 0.882102 0.366137 0.338090 0.772533 0.618803 0.357796 0.000000 0.581766 0.554357 0.835714 0.697775 0.694461 0.806589 0.899028 0.597418 0.976881 0.993984 0.539990 0.578468 0.901714 0.994956 0.834410 0.726934 0.498730 0.542347 0.844735 0.946798 0.976090 0.954198 0.647558 0.611731 0.529582 0.596242 0.949578 0.927410 0.775776 0.745996 0.666220 0.721243 0.883245 0.957913 0.752325 0.832996 0.886442 0.836123 0.878169 0.930901 0.774000 0.918717 0.886438 0.887476 0.905952 0.801123 0.879000 0.896340 0.958120 0.824026 0.925867 0.983348 0.874838 0.625276 0.721259 0.790015 0.562460 0.353817 0.570704 0.691201 0.933590 0.933751 0.496984 0.409917 0.748237 0.758762 0.985026 0.920338 0.699125 0.743314 0.842763 0.898291 0.938121 0.987394 0.716860 0.953018 0.990613 0.846754 0.806846 0.737978 0.895884 0.944750 0.481719 0.532510 0.415048 0.548539 0.893779 0.796637 0.667576 0.833587 0.764523 0.707254 0.708804 0.791933 0.874345 0.807709 0.637432 0.735274 0.909727 0.957949 0.979695 0.939774 0.976203 0.987127 0.938702 0.933680 0.939328 0.953776
0.941682 0.913398 0.473990 0.547233 0.876868 0.874644 0.551221 0.581766 0.000000 0.629006 0.985872 0.880365 0.618075 0.847999 0.896105 0.503942 0.826902 0.779517 0.672592 0.820493 0.817428 0.971439 0.688035 0.770310 0.649068 0.492961 0.989739 0.937701 0.939348 0.911791 0.496837 0.672238 0.691126 0.783792 0.849478 0.908037 0.758591 0.815627 0.665802 0.753652 0.816592 0.940820 0.564185 0.654996 0.755853 0.859074 0.797773 0.937998 0.922989 0.873127 0.811125 0.887818 0.803399 0.751151 0.990579 0.788567 0.886661 0.634695 0.766803 0.727908 0.956724 0.817295 0.608163 0.641504 0.540159 0.620268 0.656778 0.856611 0.946107 0.992412 0.522843 0.534127 0.941137 0.856376 0.898296 0.727394 0.512002 0.623387 0.895535 0.973001 0.796862 0.813975 0.844901 0.874837 0.984337 0.866351 0.921630 0.719784 0.867677 0.951758 0.537847 0.513524 0.536143 0.536351 0.881931 0.801184 0.793368 0.742141 0.659736 0.630409 0.898826 0.602682 0.802538 0.980112 0.818746 0.980648 0.847369 0.907597 0.913833 0.984999 0.989116 0.832136 0.889000 0.830958 0.935618 0.887700
0.872206 0.784226 0.681857 0.738467 0.987810 0.585051 0.674625 0.554357 0.629006 0.000000 0.981806 0.847164 0.836634 0.972230 0.661392 0.817569 0.952977 0.822841 0.790924 0.916178 0.990924 0.843401 0.871587 0.927012 0.896591 0.760298 0.747750 0.749192 0.957697 0.969754 0.925901 0.908563 0.911108 0.911699 0.945227 0.868825 0.983385 0.922078 0.983016 0.905711 0.936054 0.911932 0.994493 0.831050 0.764266 0.682542 0.861082 0.751688 0.681710 0.651658 0.735394 0.678718 0.750112 0.903108 0.798803 0.891312 0.721923 0.652057 0.749276 0.766902 0.920275 0.692098 0.695637 0.704203 0.950537 0.623253 0.890070 0.885262 0.871618 0.689842 0.518693 0.546866 0.819584 0.816273 0.906401 0.831800 0.738646 0.865554 0.938979 0.839174 0.768331 0.760420 0.572902 0.725608 0.562021 0.735031 0.747412 0.593902 0.944987 0.769309 0.414768 0.470452 0.458797 0.561255 0.963391 0.834351 0.691776 0.741847 0.732853 0.821599 0.710435 0.842933 0.690621 0.967221 0.880376 0.952994 0.968599 0.859205 0.849183 0.945525 0.863371 0.942660 0.917643 0.795034 0.919811 0.947944
0.400150 0.477990 0.947685 0.832975 0.897759 0.973643 0.914198 0.835714 0.985872 0.981806 0.000000 0.443154 0.831814 0.884830 0.983863 0.955025 0.411089 0.323587 0.597918 0.592078 0.869570 0.990950 0.841064 0.992658 0.982246 0.950502 0.929900 0.953876 0.487940 0.421199 0.911134 0.994361 0.644304 0.542658 0.985883 0.861219 0.790993 0.739609 0.841812 0.842005 0.628091 0.719035 0.985777 0.889042 0.971931 0.900473 0.666744 0.692957 0.889930 0.871138 0.914099 0.995400 0.836947 0.633003 0.611635 0.791451 0.440716 0.458756 0.590476 0.512202 0.456033 0.628134 0.526893 0.453207 0.984916 0.710704 0.726590 0.658893 0.426771 0.549143 0.966940 0.885634 0.738088 0.741819 0.780031 0.950623 0.961328 0.988030 0.559870 0.668796 0.462259 0.405734 0.729002 0.474034 0.731038 0.687832 0.969861 0.977440 0.799272 0.720721 0.825903 0.806334 0.917680 0.805571 0.702801 0.999646 0.902958 0.978912 0.956703 0.803887 0.886475 0.885088 0.977372 0.829181 0.749907 0.809938 0.727644 0.892600 0.892903 0.802500 0.830553 0.895091 0.995546 0.960565 0.880137 0.950675
0.401973 0.408535 0.869127 0.777965 0.918486 0.866687 0.938993 0.697775 0.880365 0.847164 0.443154 0.000000 0.725857 0.760454 0.965389 0.787197 0.468319 0.502514 0.689878 0.572802 0.887986 0.934641 0.776762 0.988749 0.940486 0.902711 0.997734 0.972651 0.554593 0.582744 0.948562 0.939599 0.640299 0.573426 0.933992 0.920960 0.734328 0.740150 0.804339 0.735265 0.611212 0.629920 0.851197 0.813836 0.955050 0.877963 0.584797 0.728516 0.842322 0.785718 0.798710 0.870822 0.930939 0.764057 0.663827 0.712449 0.490613 0.530931 0.532150 0.485294 0.457402 0.411355 0.678706 0.572142 0.964811 0.561686 0.759113 0.631420 0.473027 0.567405 0.733881 0.683287 0.582604 0.566970 0.684504 0.899683 0.886454 0.872177 0.528911 0.685514 0.514499 0.551092 0.890857 0.593036 0.849987 0.776821 0.903667 0.764301 0.797609 0.845961 0.906847 0.940854 0.857680 0.925771 0.778257 0.979671 0.716441 0.932554 0.883582 0.952387 0.979740 0.999963 0.737066 0.765875 0.668362 0.685694 0.841001 0.999852 0.985700 0.771399 0.873619 0.741725 0.934665 0.945023 0.878203 0.921985
0.874032 0.836825 0.598485 0.621872 0.970702 0.854701 0.694454 0.694461 0.618075 0.836634 0.831814 0.725857 0.000000 0.724184 0.605486 0.434027 0.958409 0.963416 0.795142 0.802926 0.827107 0.883665 0.668628 0.643087 0.632731 0.691819 0.915556 0.952012 0.963072 0.999146 0.653468 0.713619 0.670865 0.755009 0.874651 0.969643 0.679247 0.719090 0.662244 0.724308 0.945326 0.777235 0.713070 0.702862 0.814842 0.883904 0.771062 0.914549 0.860273 0.764666 0.656888 0.721492 0.687580 0.774976 0.871531 0.720504 0.879081 0.974285 0.934622 0.957311 0.815343 0.805978 0.890576 0.921400 0.591994 0.671222 0.730046 0.846257 0.763445 0.770138 0.659265 0.737612 0.887750 0.821829 0.773671 0.864054 0.599590 0.651910 0.772008 0.804223 0.977126 0.929733 0.933600 0.912255 0.796076 0.656971 0.997310 0.968746 0.686274 0.872836 0.648484 0.562380 0.615931 0.632708 0.799297 0.879484 0.859953 0.815987 0.823272 0.793007 0.965162 0.717309 0.896590 0.982563 0.698117 0.838248 0.919659 0.941974 0.969141 0.841207 0.969419 0.842699 0.863046 0.964872 0.835014 0.935847
0.919378 0.840252 0.755145 0.641949 0.817314 0.886755 0.943583 0.806589 0.847999 0.972230 0.884830 0.760454 0.724184 0.000000 0.663634 0.656379 0.859162 0.981753 0.844160 0.706160 0.987955 0.808310 0.638358 0.618020 0.770166 0.757492 0.767802 0.930188 0.887458 0.956460 0.888394 0.788647 0.742041 0.920986 0.828955 0.951315 0.815382 0.741232 0.855512 0.873026 0.918999 0.890523 0.845735 0.768715 0.844141 0.814869 0.923764 0.828861 0.823354 0.650244 0.764988 0.653035 0.788591 0.774197 0.922483 0.978242 0.915880 0.909833 0.955097 0.874653 0.998980 0.830178 0.922109 0.946614 0.689158 0.722654 0.999361 0.947263 0.787773 0.623032 0.909963 0.910523 0.995155 0.865513 0.909341 0.836175 0.787279 0.840786 0.708124 0.978176 0.934625 0.978633 0.821193 0.816925 0.860111 0.742458 0.933710 0.973321 0.930821 0.698994 0.927180 0.870975 0.822231 0.870446 0.950427 0.985803 0.980994 0.938583 0.922243 0.963581 0.985990 0.995430 0.863374 0.999782 0.707102 0.757372 0.940129 0.996766 0.921088 0.853798 0.823061 0.942656 0.916926 0.971105 0.822440 0.947115
0.961441 0.897851 0.929851 0.910542 0.847826 0.731151 0.979428 0.899028 0.896105 0.661392 0.983863 0.965389 0.605486 0.663634 0.000000 0.648405 0.838740 0.994557 0.930804 0.956751 0.909535 0.996973 0.498588 0.642156 0.858356 0.870386 0.677973 0.864196 0.906018 0.941615 0.702980 0.786740 0.798169 0.958608 0.828677 0.918740 0.846258 0.875627 0.809599 0.979590 0.925495 0.924746 0.815973 0.684888 0.633970 0.629557 0.836298 0.862592 0.642927 0.536106 0.565732 0.535141 0.512999 0.602790 0.718372 0.824543 0.863800 0.935959 0.979457 0.965470 0.990602 0.784686 0.887402 0.937060 0.728180 0.842687 0.896876 0.884192 0.846513 0.698810 0.854542 0.794881 0.871117 0.830804 0.850610 0.941591 0.894779 0.863964 0.851541 0.911562 0.885051 0.832711 0.568319 0.755116 0.614457 0.584401 0.835602 0.689308 0.826095 0.742607 0.825409 0.950105 0.925294 0.972144 0.931875 0.998188 0.815201 0.847467 0.832712 0.972469 0.765287 0.875574 0.876468 0.994164 0.949463 0.997427 0.904587 0.987107 0.823838 0.927657 0.901843 0.995416 0.983525 0.968872 0.854261 0.959598
0.873414 0.863184 0.509411 0.533439 0.778693 0.858989 0.580730 0.597418 0.503942 0.817569 0.955025 0.787197 0.434027 0.656379 0.648405 0.000000 0.942331 0.943099 0.688093 0.670773 0.818086 0.898208 0.546812 0.590934 0.566851 0.565513 0.951814 0.937678 0.969330 0.996142 0.480731 0.575230 0.569140 0.686572 0.841000 0.919583 0.736090 0.648878 0.650241 0.673820 0.975275 0.935274 0.514805 0.538151 0.655168 0.726626 0.683707 0.825709 0.776504 0.705545 0.630609 0.680946 0.631797 0.737348 0.799283 0.631944 0.879481 0.869934 0.941468 0.871292 0.907193 0.845934 0.761513 0.814710 0.503109 0.659574 0.620392 0.766064 0.791556 0.855782 0.615744 0.613118 0.835028 0.771789 0.820876 0.833967 0.489116 0.628325 0.681748 0.893104 0.977353 0.971196 0.890791 0.886698 0.784833 0.685321 0.934949 0.892274 0.814061 0.785767 0.656247 0.611533 0.642406 0.650703 0.884149 0.778766 0.856771 0.916370 0.764730 0.643645 0.912271 0.666770 0.809999 0.976590 0.675468 0.773956 0.973399 0.841537 0.960321 0.857872 0.959924 0.835943 0.788951 0.913622 0.813918 0.800319
0.363026 0.426749 0.816803 0.903697 0.936037 0.917159 0.968038 0.976881 0.826902 0.952977 0.411089 0.468319 0.958409 0.859162 0.838740 0.942331 0.000000 0.302138 0.683156 0.685073 0.889930 0.929616 0.631461 0.782725 0.786478 0.768167 0.887348 0.903075 0.494333 0.416106 0.923532 0.879746 0.778836 0.602017 0.932980 0.858970 0.910483 0.915152 0.989468 0.893933 0.593412 0.761039 0.949076 0.952173 0.977870 0.918574 0.668582 0.764626 0.880236 0.934163 0.989845 0.930152 0.722645 0.517627 0.659735 0.750836 0.402506 0.388291 0.428337 0.479291 0.461939 0.709573 0.423224 0.364514 0.769161 0.899834 0.806102 0.623927 0.522860 0.732304 0.964377 0.948345 0.651800 0.753062 0.776712 0.903954 0.895662 0.876932 0.613068 0.652154 0.361969 0.374547 0.740722 0.507180 0.791995 0.871126 0.929709 0.982497 0.887653 0.860939 0.715355 0.674480 0.742268 0.619320 0.706663 0.883902 0.836961 0.987044 0.968328 0.870570 0.874516 0.737021 0.917670 0.746155 0.892697 0.806191 0.810925 0.939311 0.954546 0.864607 0.943552 0.779595 0.932848 0.976807 0.974714 0.942601
0.356429 0.415130 0.813909 0.951121 0.904934 0.940805 0.933949 0.993984 0.779517 0.822841 0.323587 0.502514 0.963416 0.981753 0.994557 0.943099 0.302138 0.000000 0.681195 0.649888 0.951468 0.980576 0.781750 0.904197 0.816301 0.773518 0.971725 0.851546 0.428551 0.366656 0.937406 0.914953 0.716482 0.580421 0.977675 0.892892 0.873872 0.903541 0.989532 0.903109 0.559458 0.758283 0.928281 0.931639 0.959811 0.848093 0.627248 0.683149 0.829229 0.846209 0.929951 0.983010 0.841021 0.553645 0.584262 0.797984 0.369977 0.338425 0.474099 0.452318 0.470736 0.791912 0.366317 0.310248 0.852213 0.920937 0.828178 0.677956 0.495514 0.611169 0.841150 0.945651 0.730147 0.843557 0.818727 0.889689 0.807720 0.873446 0.569998 0.630535 0.358928 0.320844 0.608089 0.411488 0.663298 0.722900 0.928478 0.856607 0.880778 0.746965 0.624100 0.586879 0.690745 0.605744 0.723974 0.932556 0.998256 0.897030 0.867448 0.798740 0.811618 0.715903 0.999718 0.797950 0.862874 0.802296 0.695530 0.855659 0.895457 0.861320 0.859772 0.874028 0.874870 0.965214 0.926142 0.882131
0.656036 0.692040 0.674753 0.659490 0.776812 0.796139 0.529281 0.539990 0.672592 0.790924 0.597918 0.689878 0.795142 0.844160 0.930804 0.688093 0.683156 0.681195 0.000000 0.571776 0.890566 0.981784 0.857909 0.902418 0.891226 0.829361 0.835043 0.964464 0.626320 0.576775 0.655279 0.653932 0.538535 0.438185 0.877817 0.979827 0.925832 0.841030 0.809925 0.881619 0.829983 0.889621 0.796042 0.829523 0.891855 0.911331 0.715721 0.839023 0.964148 0.906867 0.985071 0.972188 0.964239 0.816806 0.767182 0.870066 0.754966 0.899251 0.812572 0.810636 0.654385 0.819969 0.893153 0.868967 0.848753 0.670998 0.544945 0.586331 0.730314 0.881108 0.719003 0.676503 0.690405 0.716115 0.826687 0.961435 0.825119 0.807682 0.674396 0.805619 0.801809 0.720727 0.917923 0.753775 0.839071 0.814030 0.923841 0.999357 0.931631 0.890280 0.878907 0.871756 0.771167 0.900108 0.738826 0.941548 0.756486 0.977365 0.899955 0.851138 0.983240 0.974076 0.949769 0.994842 0.792635 0.888199 0.941070 0.936759 0.959231 0.954258 0.885150 0.925144 0.949740 0.876204 0.877118 0.905286
0.557741 0.574170 0.585118 0.511145 0.825171 0.996480 0.782731 0.578468 0.820493 0.916178 0.592078 0.572802 0.802926 0.706160 0.956751 0.670773 0.685073 0.649888 0.571776 0.000000 0.769226 0.956667 0.902047 0.759251 0.659822 0.655349 0.891937 0.871907 0.716620 0.718322 0.796600 0.838093 0.642081 0.671899 0.888048 0.891145 0.728794 0.592881 0.720933 0.745717 0.696425 0.792208 0.765610 0.722320 0.996218 0.926479 0.710068 0.737363 0.930545 0.792378 0.971091 0.953648 0.926517 0.727115 0.707394 0.789333 0.613685 0.786666 0.847068 0.752752 0.808259 0.678560 0.989408 0.912724 0.640204 0.496424 0.693376 0.721379 0.549650 0.708238 0.731001 0.610219 0.798084 0.735179 0.912301 0.964921 0.830314 0.897302 0.641015 0.907189 0.810292 0.747818 0.886665 0.779270 0.802432 0.762761 0.992361 0.991769 0.815764 0.606759 0.931198 0.935205 0.818244 0.866522 0.800716 0.971261 0.869627 0.930936 0.960285 0.896560 0.970119 0.870869 0.952795 0.980346 0.572844 0.676721 0.962698 0.937734 0.895419 0.901500 0.883336 0.904374 0.968320 0.884172 0.961834 0.996590
0.788082 0.843193 0.827281 0.775831 0.725116 0.835757 0.918641 0.901714 0.817428 0.990924 0.869570 0.887986 0.827107 0.987955 0.909535 0.818086 0.889930 0.951468 0.890566 0.769226 0.000000 0.911545 0.942457 0.984521 0.882187 0.787059 0.984071 0.821914 0.978265 0.958024 0.754088 0.944402 0.853463 0.817857 0.840638 0.919551 0.653467 0.815875 0.719587 0.772807 0.971855 0.859186 0.689861 0.720888 0.820903 0.843993 0.768638 0.852324 0.811016 0.827874 0.865096 0.884961 0.940143 0.995143 0.983020 0.870495 0.900005 0.927631 0.903167 0.940085 0.991697 0.887194 0.906222 0.962424 0.830610 0.862407 0.778007 0.786223 0.793578 0.829188 0.738060 0.834869 0.844982 0.818491 0.959244 0.894208 0.766182 0.825357 0.848606 0.896490 0.914105 0.951308 0.991341 0.992413 0.924876 0.892998 0.997712 0.818991 0.958521 0.854067 0.933527 0.834524 0.877827 0.867278 0.885837 0.936322 0.908210 0.930369 0.826222 0.905145 0.803525 0.998299 0.909894 0.682608 0.812913 0.930121 0.983939 0.962430 0.879711 0.913397 0.992722 0.920570 0.910636 0.974609 0.974677 0.809171
0.927224 0.907739 0.923804 0.995615 0.989047 0.967027 0.981542 0.994956 0.971439 0.843401 0.990950 0.934641 0.883665 0.808310 0.996973 0.898208 0.929616 0.980576 0.981784 0.956667 0.911545 0.000000 0.997625 0.985825 0.947159 0.977721 0.950410 0.999984 0.915923 0.924429 0.872703 0.937500 0.991370 0.917692 0.862203 0.961021 0.708937 0.886603 0.900158 0.817311 0.865932 0.967377 0.783691 0.821627 0.789490 0.815174 0.789446 0.818332 0.870710 0.949286 0.804548 0.891569 0.810630 0.899018 0.837492 0.787995 0.906391 0.972429 0.951898 0.979641 0.968306 0.980976 0.970049 0.972503 0.942091 0.986443 0.904380 0.924372 0.994028 0.933994 0.821986 0.971184 0.967703 0.960188 0.824981 0.936651 0.985396 0.957801 0.883655 0.911461 0.913696 0.863443 0.912432 0.916290 0.841699 0.888153 0.989905 0.956551 0.937899 0.964964 0.996460 0.957337 0.989105 0.992344 0.993247 0.908509 0.907970 0.970841 0.804395 0.922491 0.985823 0.867449 0.916040 0.786354 0.966661 0.969871 0.993993 0.988102 0.965006 0.936564 0.951572 0.975879 0.939799 0.998798 0.907743 0.828260
0.868199 0.906274 0.666944 0.634955 0.819467 0.835883 0.662582 0.834410 0.688035 0.871587 0.841064 0.776762 0.668628 0.638358 0.498588 0.546812 0.631461 0.781750 0.857909 0.902047 0.942457 0.997625 0.000000 0.394634 0.612779 0.685784 0.690728 0.806675 0.833074 0.823546 0.623589 0.666040 0.705573 0.975627 0.765790 0.786027 0.879302 0.869553 0.800100 0.914214 0.821821 0.860701 0.631112 0.577160 0.591688 0.673999 0.925711 0.807882 0.753279 0.620842 0.691831 0.579009 0.454853 0.551106 0.857459 0.805029 0.959382 0.761934 0.766535 0.734481 0.722580 0.685448 0.748953 0.718216 0.471713 0.997325 0.716491 0.992377 0.977490 0.888712 0.980603 0.957458 0.821024 0.800772 0.971878 0.945475 0.718313 0.710646 0.970691 0.989170 0.822784 0.925007 0.777732 0.926314 0.591121 0.523561 0.900719 0.800176 0.819670 0.676737 0.923696 0.830430 0.868052 0.793721 0.964936 0.821707 0.795447 0.980155 0.997896 0.756455 0.942205 0.758491 0.921813 0.853243 0.797293 0.962199 0.890973 0.966121 0.978924 0.948208 0.950446 0.913835 0.859896 0.976460 0.873845 0.886847
0.952775 0.981109 0.558887 0.525276 0.880195 0.812955 0.682794 0.726934 0.770310 0.927012 0.992658 0.988749 0.643087 0.618020 0.642156 0.590934 0.782725 0.904197 0.902418 0.759251 0.984521 0.985825 0.394634 0.000000 0.482438 0.681935 0.641058 0.950920 0.865110 0.896308 0.752118 0.730707 0.808392 0.912614 0.824465 0.922787 0.792073 0.757402 0.703878 0.857230 0.897496 0.988821 0.706406 0.601462 0.741558 0.796605 0.907897 0.720179 0.873468 0.711296 0.786563 0.749463 0.613021 0.745778 0.836849 0.813435 0.924642 0.835055 0.792181 0.830516 0.796388 0.906260 0.759088 0.785378 0.432048 0.803949 0.691341 0.957629 0.941438 0.890038 0.912410 0.920777 0.871959 0.831284 0.979751 0.970866 0.727256 0.701998 0.952730 0.900527 0.931403 0.972990 0.857202 0.858467 0.644377 0.473924 0.948816 0.852235 0.661828 0.612845 0.894481 0.877192 0.868340 0.802462 0.955195 0.822721 0.862414 0.930910 0.972826 0.761783 0.954224 0.853386 0.916371 0.903419 0.734886 0.772393 0.944027 0.961573 0.977926 0.899014 0.963328 0.939147 0.991746 0.967300 0.910985 0.934451
0.989275 0.986226 0.361112 0.346519 0.834436 0.957346 0.589236 0.498730 0.649068 0.896591 0.982246 0.940486 0.632731 0.770166 0.858356 0.566851 0.786478 0.816301 0.891226 0.659822 0.882187 0.947159 0.612779 0.482438 0.000000 0.409859 0.808753 0.920863 0.767382 0.720485 0.615635 0.758708 0.706208 0.869661 0.847237 0.930390 0.668935 0.634192 0.602498 0.621280 0.937759 0.983372 0.587974 0.609846 0.936568 0.958173 0.890887 0.784600 0.995589 0.840057 0.942486 0.911792 0.843883 0.983459 0.852256 0.826981 0.954744 0.765168 0.726811 0.822548 0.735428 0.909324 0.541042 0.632485 0.289119 0.524922 0.659793 0.964423 0.891301 0.992239 0.633717 0.624802 0.975678 0.948163 0.939468 0.890816 0.601956 0.671786 0.924357 0.897486 0.823251 0.843508 0.873818 0.932466 0.812466 0.690168 0.971060 0.840579 0.732960 0.684499 0.658398 0.631748 0.567347 0.503189 0.985290 0.794395 0.900355 0.892898 0.884342 0.733937 0.772246 0.813246 0.987177 0.801092 0.592054 0.798967 0.821443 0.996733 0.956699 0.924170 0.871662 0.950332 0.985920 0.933720 0.983285 0.854471
0.989277 0.967261 0.399461 0.388030 0.743940 0.876272 0.668093 0.542347 0.492961 0.760298 0.950502 0.902711 0.691819 0.757492 0.870386 0.565513 0.768167 0.773518 0.829361 0.655349 0.787059 0.977721 0.685784 0.681935 0.409859 0.000000 0.856725 0.904388 0.892423 0.782426 0.609163 0.717478 0.727878 0.906462 0.734719 0.940605 0.619806 0.671036 0.608194 0.587887 0.879258 0.953614 0.582530 0.661292 0.905539 0.919466 0.876831 0.911931 0.961797 0.799264 0.883660 0.881800 0.855760 0.890913 0.905626 0.850005 0.907838 0.714377 0.704176 0.797563 0.755011 0.855520 0.537028 0.595866 0.416704 0.540964 0.757421 0.956216 0.899640 0.951861 0.550523 0.569501 0.946492 0.899295 0.961213 0.838016 0.534268 0.625478 0.889708 0.960288 0.787388 0.757639 0.853460 0.864349 0.978532 0.842462 0.917610 0.766326 0.880931 0.759945 0.592349 0.546961 0.506052 0.477624 0.895558 0.861683 0.830474 0.832281 0.791690 0.697350 0.807521 0.750399 0.890514 0.955962 0.681581 0.841994 0.824041 0.920187 0.968875 0.903481 0.955665 0.951806 0.924445 0.879241 0.967898 0.906363
0.973628 0.972318 0.931851 0.871686 0.866092 0.485525 0.803618 0.844735 0.989739 0.747750 0.929900 0.997734 0.915556 0.767802 0.677973 0.951814 0.887348 0.971725 0.835043 0.891937 0.984071 0.950410 0.690728 0.641058 0.808753 0.856725 0.000000 0.784913 0.912858 0.959369 0.979905 0.926274 0.963796 0.850575 0.856395 0.828638 0.814038 0.819620 0.882564 0.947166 0.937499 0.895490 0.929275 0.807205 0.850572 0.824275 0.980034 0.784636 0.798700 0.718056 0.869250 0.832221 0.711786 0.802357 0.868745 0.928319 0.880044 0.972507 0.869650 0.913030 0.777746 0.855757 0.985018 0.959439 0.664914 0.936435 0.938728 0.703888 0.866150 0.768607 0.844517 0.762905 0.765858 0.809847 0.874549 0.940440 0.968830 0.950938 0.991978 0.999651 0.975286 0.957462 0.687537 0.782842 0.767753 0.691730 0.941848 0.913790 0.742315 0.668588 0.799712 0.847642 0.842630 0.960881 0.899294 0.890909 0.698620 0.868218 0.798760 0.893739 0.819777 0.954292 0.829665 0.979376 0.989782 0.925473 0.945731 0.886649 0.913859 0.946510 0.981603 0.949459 0.750605 0.936898 0.957297 0.946919
0.811360 0.742740 0.964630 0.947925 0.854433 0.968567 0.913292 0.946798 0.937701 0.749192 0.953876 0.972651 0.952012 0.930188 0.864196 0.937678 0.903075 0.851546 0.964464 0.871907 0.821914 0.999984 0.806675 0.950920 0.920863 0.904388 0.784913 0.000000 0.867254 0.970666 0.969812 0.867859 0.833765 0.985707 0.825465 0.935148 0.896395 0.999562 0.962333 0.803991 0.931214 0.864210 0.884593 0.799207 0.864128 0.832033 0.921226 0.801077 0.757898 0.715056 0.830064 0.741866 0.808271 0.974980 0.786680 0.880837 0.800903 0.752977 0.868769 0.883100 0.893957 0.856140 0.891315 0.858315 0.855638 0.964966 0.962896 0.943341 0.815205 0.796182 0.867710 0.876968 0.957540 0.929748 0.948839 0.808436 0.888696 0.921423 0.856004 0.830957 0.868697 0.835749 0.757294 0.794923 0.675949 0.728124 0.884095 0.837697 0.972419 0.727126 0.822711 0.894301 0.886572 0.997519 0.856251 0.816327 0.765905 0.915561 0.926036 0.943835 0.927719 0.951914 0.871206 0.999150 0.991648 0.995742 0.984369 0.920962 0.874773 0.953059 0.914226 0.959799 0.941622 0.924850 0.891300 0.950787
0.554835 0.520163 0.871580 0.963098 0.793376 0.997836 0.989390 0.976090 0.939348 0.957697 0.487940 0.554593 0.963072 0.887458 0.906018 0.969330 0.494333 0.428551 0.626320 0.716620 0.978265 0.915923 0.833074 0.865110 0.767382 0.892423 0.912858 0.867254 0.000000 0.395816 0.975231 0.981155 0.707318 0.603546 0.973638 0.916709 0.934536 0.972147 0.985473 0.930378 0.681800 0.731705 0.892240 0.972462 0.961735 0.857452 0.798074 0.829933 0.824923 0.809520 0.936119 0.984714 0.933680 0.762223 0.666255 0.913035 0.618278 0.541946 0.631833 0.595691 0.573506 0.884763 0.485371 0.516969 0.810605 0.998171 0.881342 0.776102 0.635323 0.718049 0.872323 0.989598 0.715993 0.886708 0.820594 0.856081 0.902749 0.927119 0.665880 0.828957 0.506791 0.517943 0.646166 0.528115 0.848161 0.839518 0.976928 0.933605 0.945717 0.838002 0.748596 0.768087 0.876777 0.742454 0.790710 0.878727 0.972162 0.871299 0.913678 0.788308 0.756813 0.785153 0.983891 0.814374 0.959325 0.914838 0.707020 0.996449 0.862508 0.908066 0.796343 0.885323 0.889648 0.932248 0.989830 0.751419
0.547783 0.561195 0.861353 0.950810 0.894732 0.912472 0.953853 0.954198 0.911791 0.969754 0.421199 0.582744 0.999146 0.956460 0.941615 0.996142 0.416106 0.366656 0.576775 0.718322 0.958024 0.924429 0.823546 0.896308 0.720485 0.782426 0.959369 0.970666 0.395816 0.000000 0.933928 0.944328 0.722871 0.600260 0.960587 0.955866 0.992230 0.989491 0.950899 0.931016 0.690325 0.751364 0.869869 0.979152 0.921483 0.881588 0.741849 0.885952 0.919101 0.929068 0.969937 0.973407 0.851802 0.720085 0.686556 0.876757 0.596550 0.537653 0.552680 0.570719 0.451508 0.844283 0.434167 0.449362 0.747504 0.972358 0.743935 0.686745 0.643816 0.754777 0.950797 0.983928 0.653003 0.844491 0.831652 0.915545 0.891740 0.986112 0.664403 0.787740 0.505089 0.440688 0.689245 0.525071 0.860940 0.831210 0.931278 0.832572 0.999209 0.869874 0.758933 0.712637 0.808823 0.703844 0.715216 0.996126 0.865142 0.922933 0.959348 0.854182 0.773247 0.852487 0.936548 0.786895 0.954669 0.872246 0.666980 0.982352 0.851454 0.841156 0.756691 0.854770 0.899674 0.885611 0.875050 0.961755
0.918803 0.947837 0.544675 0.588915 0.809148 0.932820 0.543123 0.647558 0.496837 0.925901 0.911134 0.948562 0.653468 0.888394 0.702980 0.480731 0.923532 0.937406 0.655279 0.796600 0.754088 0.872703 0.623589 0.752118 0.615635 0.609163 0.979905 0.969812 0.975231 0.933928 0.000000 0.599001 0.585849 0.694718 0.977090 0.949198 0.750480 0.725937 0.701102 0.746835 0.950680 0.933859 0.546089 0.542833 0.637982 0.712450 0.744571 0.842390 0.803159 0.748266 0.690552 0.764143 0.743946 0.792636 0.689058 0.789229 0.936861 0.822806 0.906437 0.866051 0.976523 0.960178 0.779312 0.817414 0.582951 0.755229 0.536012 0.742917 0.903583 0.929350 0.663995 0.712107 0.843939 0.868500 0.860069 0.874050 0.546031 0.658479 0.733015 0.857436 0.996948 0.980779 0.914782 0.985483 0.837358 0.741723 0.955763 0.802269 0.929385 0.864362 0.752895 0.677616 0.666029 0.644592 0.926278 0.900262 0.865297 0.965747 0.745031 0.746690 0.976652 0.669011 0.883843 0.973536 0.796497 0.995365 0.979195 0.888127 0.943837 0.966916 0.982515 0.947967 0.854066 0.976227 0.888795 0.838158
0.997650 0.979690 0.662506 0.671047 0.792757 0.767732 0.520349 0.611731 0.672238 0.908563 0.994361 0.939599 0.713619 0.788647 0.786740 0.575230 0.879746 0.914953 0.653932 0.838093 0.944402 0.937500 0.666040 0.730707 0.758708 0.717478 0.926274 0.867859 0.981155 0.944328 0.599001 0.000000 0.665807 0.763700 0.959502 0.877250 0.966700 0.920747 0.856018 0.919823 0.945555 0.914940 0.721873 0.791385 0.852424 0.873041 0.798207 0.986664 0.960997 0.826325 0.842411 0.825705 0.838320 0.866306 0.860687 0.916849 0.986352 0.835372 0.968050 0.937298 0.923053 0.981542 0.872055 0.837346 0.729044 0.784619 0.686229 0.752285 0.894803 0.919961 0.831475 0.846560 0.820789 0.902339 0.894230 0.896109 0.788287 0.814550 0.838469 0.911551 0.905975 0.984707 0.979967 0.981856 0.883297 0.801837 0.809018 0.930779 0.968057 0.959320 0.793766 0.701142 0.712565 0.812101 0.839089 0.977475 0.879638 0.992844 0.881586 0.750329 0.952472 0.822640 0.916727 0.916351 0.723136 0.870321 0.988879 0.952429 0.946993 0.956154 0.949651 0.946272 0.853539 0.951588 0.790130 0.953154
0.592415 0.584961 0.687200 0.604640 0.737298 0.812538 0.505472 0.529582 0.691126 0.911108 0.644304 0.640299 0.670865 0.742041 0.798169 0.569140 0.778836 0.716482 0.538535 0.642081 0.853463 0.991370 0.705573 0.808392 0.706208 0.727878 0.963796 0.833765 0.707318 0.722871 0.585849 0.665807 0.000000 0.455534 0.901911 0.981310 0.838032 0.792385 0.821455 0.712377 0.750090 0.873571 0.581761 0.585588 0.711070 0.708685 0.626875 0.646656 0.745094 0.652641 0.712419 0.706511 0.795395 0.976336 0.583548 0.618380 0.613050 0.798959 0.737249 0.732330 0.714746 0.769846 0.901396 0.869149 0.669864 0.632772 0.514808 0.515797 0.694040 0.744377 0.786866 0.740658 0.680516 0.707797 0.776016 0.917008 0.708688 0.686257 0.644040 0.761871 0.722195 0.674020 0.769456 0.678581 0.597488 0.559367 0.997327 0.961966 0.862786 0.676579 0.854116 0.822986 0.753638 0.873674 0.801081 0.810063 0.755549 0.816729 0.755443 0.822484 0.970378 0.872471 0.786608 0.984989 0.544881 0.735315 0.942729 0.958360 0.895015 0.770340 0.922896 0.879369 0.818545 0.948342 0.819563 0.944803
0.535077 0.544674 0.771813 0.729861 0.747250 0.767475 0.613476 0.596242 0.783792 0.911699 0.542658 0.573426 0.755009 0.920986 0.958608 0.686572 0.602017 0.580421 0.438185 0.671899 0.817857 0.917692 0.975627 0.912614 0.869661 0.906462 0.850575 0.985707 0.603546 0.600260 0.694718 0.763700 0.455534 0.000000 0.929482 0.919554 0.825142 0.771567 0.804698 0.798444 0.739169 0.802468 0.729047 0.744634 0.798249 0.799034 0.603377 0.694028 0.828215 0.853608 0.838793 0.913249 0.960749 0.825407 0.698146 0.743180 0.572928 0.721263 0.666748 0.643961 0.580070 0.715910 0.800613 0.754642 0.857407 0.689229 0.502606 0.539971 0.621387 0.806149 0.724950 0.654906 0.532907 0.667332 0.637930 0.966078 0.786636 0.759811 0.651157 0.652257 0.631367 0.615596 0.840039 0.638224 0.756438 0.707396 0.901524 0.926393 0.852328 0.857718 0.905155 0.889648 0.817695 0.957369 0.701073 0.856633 0.749292 0.949432 0.766038 0.865186 0.964858 0.959642 0.833820 0.878180 0.743057 0.767839 0.810728 0.933462 0.973628 0.870620 0.967661 0.781107 0.890104 0.855323 0.880058 0.956315
0.938869 0.915931 0.914858 0.875245 0.900438 0.902235 0.922476 0.949578 0.849478 0.945227 0.985883 0.933992 0.874651 0.828955 0.828677 0.841000 0.932980 0.977675 0.877817 0.888048 0.840638 0.862203 0.765790 0.824465 0.847237 0.734719 0.856395 0.825465 0.973638 0.960587 0.977090 0.959502 0.901911 0.929482 0.000000 0.962934 0.757054 0.887044 0.783219 0.859950 0.924985 0.981000 0.670388 0.668660 0.696765 0.646341 0.775497 0.719890 0.674769 0.662767 0.707345 0.692336 0.773694 0.797130 0.950529 0.794034 0.881059 0.903235 0.912617 0.897608 0.918847 0.997487 0.987517 0.994580 0.792940 0.986927 0.872262 0.945051 0.813438 0.831756 0.952936 0.986833 0.923357 0.959945 0.969217 0.768593 0.795532 0.783032 0.972346 0.965285 0.941641 0.974575 0.906159 0.983689 0.803669 0.802554 0.958980 0.949685 0.869924 0.662693 0.974117 0.949116 0.948756 0.966045 0.866155 0.823351 0.929166 0.818175 0.912744 0.807263 0.921626 0.968508 0.870417 0.770996 0.801093 0.880180 0.995073 0.956144 0.944614 0.751954 0.986547 0.835235 0.838494 0.917364 0.855063 0.818187
0.911652 0.978904 0.914258 0.958417 0.911973 0.860027 0.962127 0.927410 0.908037 0.868825 0.861219 0.920960 0.969643 0.951315 0.918740 0.919583 0.858970 0.892892 0.979827 0.891145 0.919551 0.961021 0.786027 0.922787 0.930390 0.940605 0.828638 0.935148 0.916709 0.955866 0.949198 0.877250 0.981310 0.919554 0.962934 0.000000 0.902626 0.843053 0.962893 0.915471 0.826406 0.934410 0.881533 0.904413 0.752632 0.826778 0.996475 0.978312 0.879904 0.876742 0.895288 0.808167 0.736663 0.789833 0.934876 0.992184 0.948985 0.914582 0.980303 0.859167 0.864222 0.850735 0.946182 0.923139 0.967171 0.827257 0.991147 0.949683 0.777395 0.974466 0.860155 0.772643 0.858464 0.915765 0.959806 0.859488 0.983766 0.978106 0.914304 0.978729 0.934489 0.917674 0.905699 0.991637 0.897720 0.929642 0.940109 0.943985 0.913009 0.907829 0.975044 0.987742 0.979725 0.969374 0.946983 0.841685 0.978505 0.972559 0.972047 0.888385 0.927729 0.730305 0.900264 0.963674 0.934032 0.950619 0.975705 0.919906 0.951267 0.894003 0.935736 0.945271 0.952051 0.933943 0.753115 0.939216
0.746874 0.805856 0.673334 0.614574 0.820231 0.965459 0.932365 0.775776 0.758591 0.983385 0.790993 0.734328 0.679247 0.815382 0.846258 0.736090 0.910483 0.873872 0.925832 0.728794 0.653467 0.708937 0.879302 0.792073 0.668935 0.619806 0.814038 0.896395 0.934536 0.992230 0.750480 0.966700 0.838032 0.825142 0.757054 0.902626 0.000000 0.622405 0.739024 0.571678 0.889543 0.926810 0.618298 0.580237 0.796903 0.761550 0.698469 0.743713 0.754890 0.757127 0.768303 0.794915 0.875333 0.987573 0.797176 0.775296 0.758180 0.871827 0.943812 0.895098 0.969861 0.754038 0.916132 0.967566 0.619481 0.664302 0.769852 0.869488 0.708064 0.730782 0.718888 0.774416 0.909159 0.879805 0.950577 0.906258 0.729320 0.771401 0.734769 0.710364 0.839589 0.856202 0.910424 0.847154 0.808294 0.759641 0.936858 0.790538 0.824706 0.713896 0.878999 0.876777 0.807641 0.817179 0.851389 0.845891 0.930805 0.960128 0.815433 0.845860 0.837953 0.951668 0.866915 0.803609 0.854218 0.839333 0.975871 0.937729 0.966653 0.980057 0.965095 0.973988 0.947200 0.901682 0.842843 0.791765
0.712840 0.797577 0.598780 0.611704 0.764849 0.874129 0.879099 0.745996 0.815627 0.922078 0.739609 0.740150 0.719090 0.741232 0.875627 0.648878 0.915152 0.903541 0.841030 0.592881 0.815875 0.886603 0.869553 0.757402 0.634192 0.671036 0.819620 0.999562 0.972147 0.989491 0.725937 0.920747 0.792385 0.771567 0.887044 0.843053 0.622405 0.000000 0.731484 0.580520 0.867735 0.980056 0.711220 0.643818 0.858486 0.783123 0.792103 0.683904 0.817383 0.783087 0.766625 0.805829 0.898827 0.990990 0.731351 0.803030 0.706121 0.901507 0.951162 0.867018 0.927146 0.743478 0.914774 0.994613 0.614546 0.638849 0.807666 0.911160 0.603859 0.700799 0.764664 0.759306 0.843367 0.728110 0.808925 0.699772 0.718296 0.832400 0.708728 0.926606 0.867757 0.858436 0.835086 0.798937 0.838034 0.740183 0.982528 0.861607 0.654735 0.627588 0.955220 0.898985 0.859437 0.811008 0.905072 0.951541 0.981677 0.887911 0.988655 0.975648 0.845759 0.938467 0.884754 0.939782 0.774735 0.811696 0.961955 0.883408 0.881835 0.860988 0.919539 0.951027 0.903467 0.979301 0.924709 0.853891
