0.000000 0.285242 0.484549 0.443538 0.811357 0.780083 0.506148 0.411722 0.695817 0.709335 0.411647 0.315385 0.357834 0.509416 0.511585 0.552890 0.316115 0.317209 0.352171 0.339285 0.704941 0.777181 0.549631 0.549623 0.678179 0.665007 0.831922 0.981187 0.365224 0.315959 0.451379 0.560171 0.412683 0.406926 0.769693 0.732469 0.641185 0.735681 0.806129 0.955522 0.978243 0.804117 0.551151 0.531744 0.466876 0.417610 0.414899 0.450666 0.725239 0.430900 0.434625 0.531255 0.655182 0.637019 0.658891 0.812320 0.419542 0.364352 0.296418 0.345590 0.270465 0.355986 0.250780 0.286844 0.478081 0.398380 0.466714 0.351137 0.495920 0.388394 0.614178 0.623074 0.487476 0.488742 0.826680 0.788460 0.637720 0.546800 0.437909 0.491324 0.277358 0.304882 0.449079 0.523785 0.435905 0.375378 0.990887 0.691471 0.694691 0.675570 0.810327 0.891526 0.815166 0.935496 0.637656 0.635470 0.631269 0.703478 0.556919 0.542263 0.741250 0.817209 0.614731 0.659849 0.605750 0.710086 0.978602 0.845963 0.722445 0.707912 0.927889 0.590637 0.604410 0.735154 0.669374 0.852776
0.285242 0.000000 0.627198 0.553887 0.771561 0.968092 0.626396 0.471491 0.847204 0.792788 0.472377 0.368639 0.521350 0.552172 0.626677 0.637697 0.262131 0.312981 0.440130 0.398914 0.641330 0.836123 0.661863 0.690342 0.727711 0.763463 0.729305 0.981627 0.331861 0.338537 0.505424 0.649206 0.484429 0.468427 0.922808 0.717168 0.651702 0.713168 0.803732 0.919692 0.975581 0.611448 0.586667 0.570465 0.545922 0.526403 0.470214 0.500708 0.761351 0.604302 0.543190 0.654399 0.834520 0.770534 0.779042 0.939536 0.280586 0.254040 0.372785 0.428460 0.383836 0.407839 0.286390 0.192850 0.609548 0.517764 0.567335 0.418233 0.510746 0.352706 0.655630 0.646903 0.486186 0.529311 0.939281 0.821651 0.685108 0.491847 0.525522 0.659506 0.305104 0.412945 0.411596 0.475215 0.570440 0.521437 0.947658 0.953409 0.809280 0.730467 0.935054 0.973845 0.874547 0.995825 0.640990 0.738369 0.734631 0.599827 0.660251 0.594378 0.828175 0.888229 0.663704 0.641081 0.580508 0.750661 0.981042 0.873773 0.897265 0.740137 0.821523 0.601580 0.714954 0.756849 0.706712 0.864698
0.484549 0.627198 0.000000 0.187852 0.868148 0.628342 0.218348 0.239406 0.369164 0.444062 0.468686 0.462835 0.322054 0.562122 0.451363 0.493471 0.641448 0.485258 0.358967 0.452655 0.705091 0.732177 0.369993 0.362001 0.654853 0.425156 0.982809 0.940327 0.577450 0.477815 0.359522 0.396297 0.338889 0.374349 0.795029 0.841780 0.634602 0.936496 0.609932 0.742916 0.787091 0.912490 0.314941 0.325311 0.292727 0.339649 0.297200 0.374660 0.592545 0.417452 0.387925 0.376639 0.468435 0.418433 0.627297 0.663292 0.786563 0.814805 0.412350 0.520055 0.268797 0.399817 0.605768 0.664591 0.244139 0.217424 0.277861 0.277193 0.793680 0.648777 0.473153 0.548975 0.539396 0.481932 0.898626 0.730296 0.519832 0.626223 0.547204 0.512396 0.552527 0.428078 0.695363 0.728454 0.495088 0.375069 0.934412 0.806296 0.700941 0.608167 0.489326 0.568579 0.525792 0.599405 0.507622 0.620651 0.487422 0.646734 0.380125 0.330447 0.570034 0.582807 0.603453 0.540395 0.426834 0.523875 0.949074 0.724598 0.798557 0.835274 0.803207 0.466192 0.450392 0.775516 0.574103 0.811476
0.443538 0.553887 0.187852 0.000000 0.865549 0.615748 0.232512 0.200882 0.396431 0.445220 0.500582 0.385410 0.338461 0.452715 0.412900 0.398581 0.601949 0.439576 0.319742 0.423778 0.585790 0.664519 0.338814 0.321571 0.684175 0.428921 0.958204 0.967932 0.457260 0.416124 0.315567 0.359475 0.265914 0.299984 0.772743 0.819307 0.641362 0.927655 0.702262 0.849762 0.825683 0.847803 0.290168 0.300593 0.294708 0.327460 0.279306 0.365006 0.614948 0.430897 0.397318 0.346992 0.500642 0.397654 0.648613 0.685174 0.738194 0.766748 0.377303 0.472707 0.264895 0.347287 0.554867 0.586025 0.262470 0.191059 0.264760 0.261819 0.787308 0.576479 0.415945 0.469258 0.483707 0.446463 0.817212 0.690097 0.466451 0.579842 0.518013 0.483585 0.520941 0.383748 0.661093 0.604273 0.452214 0.327937 0.979465 0.853525 0.751017 0.579527 0.435533 0.538446 0.468890 0.576052 0.522556 0.637375 0.497248 0.611022 0.346235 0.297681 0.536756 0.580585 0.590339 0.478808 0.398475 0.534304 0.972372 0.785149 0.860869 0.847325 0.776555 0.430551 0.431254 0.668532 0.518026 0.823551
0.811357 0.771561 0.868148 0.865549 0.000000 0.834092 0.793097 0.780636 0.938332 0.992999 0.876446 0.818651 0.738046 0.909967 0.789610 0.794256 0.782532 0.824045 0.750921 0.905551 0.704687 0.761239 0.776804 0.837802 0.990970 0.961573 0.761478 0.841599 0.752373 0.770431 0.846048 0.988490 0.809708 0.778332 0.987101 0.994467 0.944794 0.851296 0.859661 0.936163 0.916482 0.908260 0.879495 0.878051 0.810819 0.774697 0.717953 0.772106 0.950527 0.858358 0.865488 0.866552 0.971970 0.785131 0.929001 0.814629 0.872906 0.895489 0.791941 0.817995 0.699028 0.762681 0.704579 0.795744 0.817971 0.771309 0.763779 0.797123 0.836386 0.891519 0.678740 0.865557 0.848213 0.938944 0.978267 0.758079 0.886257 0.975096 0.922411 0.954874 0.662050 0.711879 0.720882 0.796125 0.711861 0.739392 0.837315 0.859361 0.961170 0.912804 0.966592 0.919385 0.947275 0.999877 0.899367 0.912147 0.957165 0.851937 0.918858 0.806009 0.987646 0.986661 0.954496 0.893762 0.865565 0.869770 0.955332 0.982036 0.766182 0.936059 0.973674 0.852811 0.813959 0.859169 0.956944 0.990148
0.780083 0.968092 0.628342 0.615748 0.834092 0.000000 0.522715 0.618094 0.540455 0.646979 0.787287 0.855408 0.657354 0.900849 0.798988 0.680013 0.982332 0.906963 0.731082 0.842789 0.805017 0.994458 0.676408 0.712460 0.925109 0.806661 0.865021 0.871837 0.902988 0.923917 0.666544 0.786941 0.699987 0.691130 0.653733 0.883125 0.938995 0.744785 0.979628 0.932494 0.989673 0.935044 0.611923 0.612282 0.566031 0.617745 0.630131 0.635313 0.960774 0.734175 0.753197 0.626370 0.656714 0.609542 0.816309 0.809131 0.854726 0.856034 0.772090 0.760721 0.699066 0.780429 0.898451 0.967228 0.742085 0.634905 0.544437 0.670530 0.923882 0.865544 0.615623 0.577231 0.883797 0.857878 0.808967 0.880145 0.683710 0.916605 0.778256 0.724379 0.790179 0.681461 0.978539 0.848767 0.792024 0.690744 0.977969 0.874166 0.984611 0.851473 0.542569 0.619164 0.517561 0.572181 0.667035 0.746754 0.660797 0.942827 0.655405 0.698990 0.692322 0.608284 0.855803 0.699588 0.647915 0.839014 0.947851 0.919145 0.910148 0.908678 0.856337 0.732083 0.660458 0.740270 0.741442 0.785481
0.506148 0.626396 0.218348 0.232512 0.793097 0.522715 0.000000 0.193234 0.346959 0.325232 0.438790 0.526764 0.388676 0.635511 0.554905 0.545060 0.547983 0.422003 0.281334 0.448225 0.661651 0.673799 0.429487 0.484143 0.820022 0.573315 0.961737 0.925963 0.566422 0.478831 0.390335 0.418298 0.304386 0.278986 0.827530 0.779348 0.734729 0.990856 0.824966 0.819448 0.905615 0.852975 0.224345 0.212632 0.223392 0.277889 0.288217 0.323912 0.688381 0.462356 0.397034 0.389131 0.523331 0.363121 0.686844 0.747857 0.686209 0.784042 0.403321 0.591771 0.337236 0.516724 0.560827 0.666828 0.361117 0.291208 0.180622 0.245076 0.791370 0.660820 0.362417 0.406070 0.572347 0.466257 0.897912 0.692913 0.411415 0.585603 0.520018 0.469782 0.514768 0.407462 0.692977 0.722715 0.570445 0.481733 0.925441 0.888401 0.818891 0.817021 0.346793 0.378199 0.384509 0.408711 0.491954 0.614433 0.482626 0.648760 0.316010 0.276723 0.497471 0.422989 0.527718 0.409121 0.401679 0.484692 0.951743 0.705990 0.800560 0.881379 0.716344 0.407036 0.365018 0.655248 0.535929 0.784319
0.411722 0.471491 0.239406 0.200882 0.780636 0.618094 0.193234 0.000000 0.441217 0.338139 0.432221 0.370917 0.342112 0.489378 0.466620 0.454036 0.482115 0.356795 0.287851 0.352721 0.619672 0.673856 0.407307 0.426390 0.772981 0.559530 0.889734 0.948733 0.448702 0.388819 0.382981 0.413100 0.273853 0.266636 0.848055 0.817682 0.711953 0.923407 0.811956 0.887593 0.911660 0.774422 0.260171 0.259877 0.281753 0.291910 0.304231 0.324609 0.632469 0.424365 0.407060 0.377454 0.560623 0.399446 0.720408 0.794301 0.592197 0.623718 0.312400 0.453812 0.277309 0.346410 0.492255 0.497796 0.341732 0.229523 0.237982 0.245773 0.781072 0.514956 0.390109 0.442001 0.526810 0.470632 0.889908 0.652393 0.478415 0.507929 0.469068 0.535305 0.466088 0.373504 0.660313 0.644603 0.523645 0.404005 0.997584 0.889396 0.807839 0.696141 0.426200 0.475697 0.425767 0.531762 0.445422 0.576604 0.502727 0.594388 0.319194 0.251453 0.469822 0.508071 0.526907 0.434451 0.368559 0.478710 0.972035 0.746309 0.831024 0.791073 0.758522 0.385599 0.383878 0.641916 0.562945 0.711170
0.695817 0.847204 0.369164 0.396431 0.938332 0.540455 0.346959 0.441217 0.000000 0.456039 0.708782 0.677193 0.551644 0.681564 0.608598 0.562814 0.814284 0.734494 0.535936 0.636621 0.772380 0.750726 0.470630 0.470272 0.776738 0.545167 0.905004 0.917486 0.793876 0.687600 0.486681 0.445883 0.523427 0.508706 0.733610 0.868535 0.871211 0.981610 0.789741 0.796607 0.761993 0.866534 0.388060 0.419188 0.412579 0.466562 0.456355 0.505569 0.707941 0.520485 0.434481 0.436493 0.468869 0.382491 0.741935 0.718674 0.957641 0.959653 0.578359 0.735018 0.532822 0.690847 0.769784 0.881490 0.481448 0.448775 0.372041 0.504018 0.884072 0.767703 0.502938 0.592264 0.665334 0.567180 0.939765 0.765788 0.602163 0.676035 0.723780 0.565404 0.758450 0.649025 0.807092 0.876026 0.695255 0.595436 0.731209 0.830489 0.779371 0.819105 0.410692 0.490777 0.410808 0.495581 0.591989 0.767565 0.549178 0.689696 0.409030 0.442603 0.525629 0.514643 0.716962 0.613463 0.561485 0.579633 0.762288 0.661336 0.967062 0.981817 0.751353 0.517214 0.513215 0.941077 0.586239 0.780140
0.709335 0.792788 0.444062 0.445220 0.992999 0.646979 0.325232 0.338139 0.456039 0.000000 0.583318 0.634245 0.617083 0.722645 0.734770 0.672982 0.666732 0.607856 0.520447 0.549676 0.804413 0.867410 0.585242 0.662054 0.983410 0.693102 0.928656 0.813058 0.783480 0.636215 0.534286 0.470075 0.468716 0.425629 0.904298 0.810123 0.883078 0.906862 0.892478 0.933841 0.864474 0.775124 0.348348 0.328347 0.409095 0.431307 0.510251 0.480533 0.720687 0.526528 0.510429 0.453561 0.579221 0.506523 0.882872 0.953323 0.773381 0.884961 0.493256 0.688806 0.613656 0.634810 0.771438 0.783901 0.591342 0.488212 0.389429 0.468435 0.963343 0.722820 0.523197 0.499488 0.743180 0.592468 0.828928 0.766943 0.534373 0.617100 0.597971 0.560449 0.765445 0.696562 0.862699 0.892578 0.872788 0.758020 0.921963 0.978982 0.986682 0.965471 0.433078 0.415554 0.451078 0.466627 0.599850 0.589817 0.518891 0.704291 0.339636 0.373495 0.514843 0.371722 0.535398 0.505844 0.568119 0.508891 0.806557 0.672420 0.965013 0.922291 0.728749 0.493836 0.460655 0.844366 0.608055 0.665653
0.411647 0.472377 0.468686 0.500582 0.876446 0.787287 0.438790 0.432221 0.708782 0.583318 0.000000 0.430497 0.484143 0.626608 0.736308 0.713419 0.431028 0.301641 0.300213 0.303583 0.714446 0.778300 0.770704 0.681834 0.982868 0.783395 0.985578 0.959283 0.484674 0.357385 0.586487 0.619298 0.546704 0.446019 0.949601 0.843880 0.814199 0.829857 0.871954 0.838863 0.978444 0.963395 0.577518 0.521264 0.537675 0.531802 0.531527 0.553462 0.904685 0.602007 0.583940 0.667639 0.718825 0.577935 0.811953 0.991237 0.469537 0.499019 0.532596 0.615019 0.454691 0.604564 0.379833 0.482256 0.662277 0.560799 0.542328 0.411525 0.673327 0.700473 0.663699 0.649241 0.663975 0.561246 0.920645 0.750746 0.655905 0.559267 0.630525 0.527149 0.459187 0.441770 0.612196 0.718459 0.786669 0.676661 0.992022 0.819866 0.943602 0.930233 0.738850 0.728984 0.765281 0.732710 0.704880 0.704717 0.759438 0.899961 0.622016 0.553722 0.692179 0.611504 0.564385 0.522206 0.668673 0.794573 0.972451 0.867219 0.973775 0.852044 0.847275 0.630403 0.627795 0.763198 0.794163 0.961704
0.315385 0.368639 0.462835 0.385410 0.818651 0.855408 0.526764 0.370917 0.677193 0.634245 0.430497 0.000000 0.323758 0.329207 0.350659 0.381425 0.428026 0.377548 0.413285 0.362685 0.578235 0.768940 0.437195 0.430211 0.736664 0.672576 0.965349 0.995697 0.349838 0.327636 0.434920 0.501110 0.431133 0.442262 0.860876 0.880181 0.692120 0.752122 0.769709 0.981362 0.981938 0.836386 0.594391 0.574696 0.516186 0.511365 0.450359 0.444659 0.743325 0.488555 0.509798 0.526737 0.743425 0.645307 0.806245 0.931583 0.548718 0.525410 0.406237 0.440905 0.288919 0.297564 0.363744 0.332335 0.458912 0.366213 0.540909 0.408703 0.723741 0.526156 0.621586 0.666345 0.458044 0.481269 0.823704 0.719330 0.650390 0.476427 0.529161 0.628519 0.478532 0.441764 0.456180 0.627093 0.482203 0.418174 0.983521 0.829330 0.792049 0.653741 0.876162 0.930457 0.837755 0.994901 0.650505 0.698189 0.736985 0.668578 0.620549 0.515549 0.754268 0.841769 0.636657 0.698331 0.536565 0.608895 0.988066 0.904605 0.864674 0.701404 0.858379 0.634555 0.682673 0.699115 0.629847 0.917889
0.357834 0.521350 0.322054 0.338461 0.738046 0.657354 0.388676 0.342112 0.551644 0.617083 0.484143 0.323758 0.000000 0.358919 0.305988 0.334515 0.568299 0.526870 0.382646 0.464909 0.652382 0.769424 0.331552 0.340219 0.746275 0.617573 0.992180 0.939473 0.475633 0.463008 0.437649 0.562361 0.440331 0.473351 0.810813 0.844087 0.711940 0.854006 0.700522 0.851052 0.986531 0.977376 0.468108 0.479712 0.443722 0.438362 0.410038 0.403777 0.773212 0.374012 0.387799 0.402901 0.537045 0.449307 0.643763 0.760488 0.717569 0.704148 0.360528 0.430413 0.225699 0.329647 0.424357 0.511010 0.286020 0.287617 0.403134 0.360440 0.774296 0.614531 0.532411 0.546818 0.516053 0.542902 0.880801 0.630893 0.604357 0.639894 0.603913 0.620148 0.511310 0.443353 0.528973 0.737930 0.404484 0.336098 0.857718 0.730762 0.680934 0.633956 0.684116 0.740340 0.627115 0.809103 0.656313 0.749326 0.681585 0.743824 0.540531 0.488218 0.669138 0.751675 0.624244 0.711880 0.457769 0.586032 0.965998 0.805629 0.673825 0.787054 0.886568 0.603055 0.595045 0.647663 0.604913 0.837774
0.509416 0.552172 0.562122 0.452715 0.909967 0.900849 0.635511 0.489378 0.681564 0.722645 0.626608 0.329207 0.358919 0.000000 0.293445 0.268664 0.656945 0.575459 0.490628 0.553504 0.632186 0.745399 0.407291 0.354397 0.754796 0.678611 0.963381 0.992834 0.433543 0.462782 0.483714 0.615093 0.525983 0.547948 0.898597 0.959083 0.682727 0.752781 0.830514 0.870456 0.968877 0.810209 0.605311 0.609333 0.689758 0.654163 0.610178 0.607850 0.831034 0.572040 0.546731 0.520191 0.697741 0.583874 0.826093 0.984536 0.713353 0.706213 0.495023 0.576180 0.432563 0.450797 0.497007 0.485731 0.451067 0.442445 0.587717 0.531106 0.981089 0.615040 0.588473 0.658008 0.645587 0.565913 0.934796 0.645325 0.595569 0.587167 0.656178 0.732770 0.719579 0.702129 0.529265 0.745110 0.539560 0.451771 0.916288 0.854769 0.827859 0.696174 0.773389 0.827797 0.673830 0.905669 0.695285 0.794131 0.878968 0.666048 0.640895 0.593727 0.692665 0.868190 0.637017 0.859294 0.558059 0.581873 0.979354 0.765270 0.858701 0.781258 0.902443 0.691695 0.723607 0.738338 0.626131 0.951282
0.511585 0.626677 0.451363 0.412900 0.789610 0.798988 0.554905 0.466620 0.608598 0.734770 0.736308 0.350659 0.305988 0.293445 0.000000 0.233370 0.698153 0.666846 0.565090 0.633240 0.669912 0.753586 0.205482 0.273376 0.555840 0.580736 0.981089 0.981819 0.528265 0.523235 0.356422 0.470337 0.441827 0.517821 0.686299 0.992488 0.626095 0.860283 0.762266 0.941354 0.999497 0.960438 0.558271 0.591257 0.550041 0.553631 0.501279 0.511531 0.750978 0.522924 0.523152 0.478174 0.657462 0.595011 0.646493 0.779971 0.867104 0.857468 0.510459 0.571998 0.332407 0.395342 0.532256 0.573551 0.305213 0.353807 0.486587 0.463122 0.963330 0.653070 0.538119 0.664400 0.487398 0.544959 0.860260 0.702010 0.580277 0.660638 0.599976 0.764015 0.621706 0.585889 0.509871 0.748777 0.337234 0.318375 0.850700 0.766243 0.787526 0.630962 0.793599 0.903169 0.724126 0.977472 0.671513 0.800267 0.779323 0.681653 0.640242 0.589337 0.776043 0.921669 0.775672 0.905145 0.441400 0.537775 0.913276 0.809200 0.782844 0.765410 0.877447 0.645187 0.684025 0.811680 0.552377 0.924568
0.552890 0.637697 0.493471 0.398581 0.794256 0.680013 0.545060 0.454036 0.562814 0.672982 0.713419 0.381425 0.334515 0.268664 0.233370 0.000000 0.707872 0.665109 0.525646 0.630748 0.599196 0.756066 0.234630 0.240847 0.668370 0.658371 0.930159 0.982701 0.526124 0.547588 0.398861 0.514619 0.459451 0.527110 0.786878 0.916287 0.744156 0.845289 0.820835 0.944312 0.974363 0.913377 0.488748 0.526519 0.548100 0.514834 0.471951 0.471135 0.833219 0.518056 0.467354 0.407944 0.550359 0.443719 0.769886 0.822207 0.866099 0.893101 0.491144 0.597329 0.395178 0.455204 0.556152 0.585220 0.394587 0.383285 0.468904 0.505003 0.963418 0.690574 0.438695 0.540097 0.529548 0.563975 0.766414 0.684842 0.544801 0.654594 0.613443 0.703484 0.668930 0.633520 0.554712 0.750146 0.456577 0.364189 0.943080 0.901241 0.850512 0.765611 0.663776 0.729944 0.569424 0.856677 0.690609 0.763015 0.760363 0.688573 0.623767 0.557183 0.738092 0.749618 0.686967 0.869289 0.434631 0.557097 0.867867 0.820720 0.854293 0.878609 0.864726 0.668963 0.650454 0.695473 0.530841 0.820200
0.316115 0.262131 0.641448 0.601949 0.782532 0.982332 0.547983 0.482115 0.814284 0.666732 0.431028 0.428026 0.568299 0.656945 0.698153 0.707872 0.000000 0.239128 0.365539 0.415726 0.630086 0.763756 0.686520 0.752060 0.778753 0.833934 0.803604 0.977724 0.348431 0.328136 0.550000 0.536298 0.470165 0.443199 0.987408 0.710990 0.701116 0.743903 0.852784 0.861180 0.859515 0.633795 0.567449 0.521707 0.529829 0.539097 0.507191 0.472897 0.857567 0.664463 0.575263 0.727706 0.864346 0.775060 0.825652 0.953584 0.207087 0.305242 0.409679 0.580963 0.476660 0.593037 0.264177 0.265671 0.675849 0.625192 0.538282 0.433489 0.507453 0.505244 0.605490 0.596942 0.542434 0.537088 0.923529 0.798332 0.608806 0.453867 0.444606 0.610427 0.299218 0.467928 0.450789 0.598199 0.640250 0.636227 0.971869 0.980689 0.915560 0.914237 0.870035 0.876834 0.863677 0.936944 0.689950 0.737032 0.745938 0.627649 0.631551 0.539948 0.929378 0.811142 0.535886 0.506839 0.649442 0.699468 0.974957 0.838775 0.852450 0.645494 0.791686 0.601965 0.669928 0.731105 0.702282 0.873275
0.317209 0.312981 0.485258 0.439576 0.824045 0.906963 0.422003 0.356795 0.734494 0.607856 0.301641 0.377548 0.526870 0.575459 0.666846 0.665109 0.239128 0.000000 0.232910 0.274065 0.652481 0.682561 0.693676 0.697144 0.809929 0.707645 0.844451 0.976184 0.286295 0.255125 0.533351 0.491570 0.392488 0.344586 0.976607 0.841958 0.687578 0.829743 0.867175 0.824596 0.973543 0.669405 0.489217 0.437878 0.494882 0.481253 0.460141 0.463909 0.835845 0.632989 0.576455 0.678078 0.822959 0.672213 0.832415 0.996892 0.275714 0.309551 0.427091 0.590409 0.396822 0.551154 0.261016 0.303533 0.601635 0.500073 0.480197 0.379963 0.573227 0.555459 0.607160 0.626062 0.561147 0.473140 0.887102 0.719120 0.622433 0.477548 0.461627 0.539288 0.344347 0.343761 0.477927 0.532507 0.631701 0.542926 0.973382 0.915574 0.911907 0.836910 0.731076 0.743718 0.756295 0.771887 0.654062 0.626714 0.735248 0.672642 0.525434 0.448983 0.735615 0.683604 0.583250 0.448987 0.581176 0.704922 0.860651 0.855285 0.919121 0.718416 0.881924 0.508227 0.559310 0.681901 0.674602 0.879726
0.352171 0.440130 0.358967 0.319742 0.750921 0.731082 0.281334 0.287851 0.535936 0.520447 0.300213 0.413285 0.382646 0.490628 0.565090 0.525646 0.365539 0.232910 0.000000 0.304573 0.652899 0.647521 0.541861 0.531633 0.813155 0.649232 0.889770 0.990679 0.366636 0.276537 0.447752 0.483809 0.376312 0.281284 0.946181 0.787622 0.689725 0.927593 0.797491 0.786101 0.938390 0.759738 0.359133 0.321034 0.384197 0.380115 0.345615 0.394597 0.761019 0.462352 0.412232 0.482674 0.610188 0.434014 0.751153 0.897133 0.460925 0.523973 0.375506 0.574266 0.323920 0.518221 0.319997 0.434300 0.437062 0.387228 0.346359 0.330524 0.673499 0.577832 0.482289 0.521721 0.577044 0.465156 0.936600 0.597395 0.541959 0.568528 0.516784 0.447455 0.415620 0.374732 0.597297 0.639049 0.556574 0.486794 0.932408 0.861701 0.856928 0.843688 0.548491 0.576074 0.581226 0.607694 0.588271 0.645591 0.689954 0.661642 0.407507 0.380479 0.631102 0.598524 0.508903 0.457063 0.498787 0.644982 0.984377 0.794812 0.802720 0.827120 0.845081 0.433782 0.457317 0.658637 0.572642 0.837424
0.339285 0.398914 0.452655 0.423778 0.905551 0.842789 0.448225 0.352721 0.636621 0.549676 0.303583 0.362685 0.464909 0.553504 0.633240 0.630748 0.415726 0.274065 0.304573 0.000000 0.759112 0.696809 0.652430 0.630299 0.890012 0.695527 0.837067 0.968214 0.385080 0.304011 0.547578 0.506181 0.407313 0.355365 0.934735 0.896323 0.747474 0.832569 0.841358 0.877361 0.859980 0.858235 0.515905 0.451678 0.490536 0.472691 0.453339 0.457976 0.737704 0.518946 0.515958 0.584750 0.665846 0.624424 0.834395 0.899178 0.437703 0.419530 0.445347 0.552942 0.395649 0.473161 0.360503 0.396726 0.572491 0.478427 0.515463 0.419706 0.685529 0.534883 0.697706 0.691139 0.589999 0.498187 0.861012 0.686033 0.648136 0.607756 0.552051 0.533096 0.498299 0.399336 0.595457 0.680568 0.699993 0.589010 0.910005 0.876820 0.818618 0.748722 0.727026 0.743902 0.780426 0.822822 0.646973 0.662761 0.695929 0.740917 0.471577 0.449106 0.597778 0.671399 0.651578 0.524905 0.598419 0.695291 0.993830 0.790633 0.851837 0.781598 0.771253 0.566024 0.556223 0.800029 0.670913 0.798326
0.704941 0.641330 0.705091 0.585790 0.704687 0.805017 0.661651 0.619672 0.772380 0.804413 0.714446 0.578235 0.652382 0.632186 0.669912 0.599196 0.630086 0.652481 0.652899 0.759112 0.000000 0.767596 0.626132 0.580210 0.919109 0.833722 0.935519 0.982800 0.631948 0.683190 0.617772 0.736339 0.616204 0.581075 0.851547 0.981673 0.736133 0.908879 0.970035 0.930694 0.953399 0.867343 0.666098 0.688403 0.670955 0.677345 0.593322 0.664180 0.946627 0.766276 0.771994 0.779476 0.835591 0.727657 0.913303 0.967997 0.761417 0.783049 0.663394 0.717034 0.606451 0.660266 0.627771 0.643838 0.676598 0.585073 0.644877 0.623332 0.886755 0.790871 0.592488 0.617853 0.627267 0.692171 0.812431 0.701107 0.673705 0.551893 0.763822 0.746079 0.653687 0.682153 0.582265 0.662261 0.674905 0.651031 0.920972 0.945091 0.961628 0.831512 0.747895 0.815797 0.681297 0.851349 0.815183 0.823700 0.818695 0.769321 0.755740 0.623860 0.842223 0.797749 0.660454 0.636624 0.672951 0.742298 0.943493 0.777874 0.941506 0.999928 0.936495 0.766363 0.824412 0.757944 0.856330 0.890479
0.777181 0.836123 0.732177 0.664519 0.761239 0.994458 0.673799 0.673856 0.750726 0.867410 0.778300 0.768940 0.769424 0.745399 0.753586 0.756066 0.763756 0.682561 0.647521 0.696809 0.767596 0.000000 0.745133 0.743693 0.979501 0.829427 0.875190 0.816802 0.626111 0.699241 0.774203 0.631061 0.592657 0.679847 0.933594 0.992341 0.962298 0.891689 0.962522 0.843388 0.992401 0.959641 0.726958 0.685717 0.741828 0.743159 0.724898 0.811864 0.895060 0.850004 0.775370 0.812679 0.909311 0.698899 0.795221 0.883038 0.787059 0.814206 0.855786 0.831332 0.674134 0.819979 0.735840 0.767898 0.697357 0.674746 0.654520 0.651799 0.909126 0.874975 0.708493 0.780120 0.840620 0.701262 0.812847 0.952978 0.765530 0.763180 0.975772 0.755674 0.817623 0.741613 0.788581 0.878361 0.759814 0.701610 0.925768 0.929073 0.834648 0.822921 0.694746 0.800624 0.781946 0.804919 0.806478 0.945402 0.940396 0.835146 0.733566 0.678920 0.856419 0.913016 0.898272 0.760504 0.859349 0.676762 0.962213 0.899619 0.970830 0.899200 0.787777 0.743930 0.785915 0.785598 0.840770 0.935556
0.549631 0.661863 0.369993 0.338814 0.776804 0.676408 0.429487 0.407307 0.470630 0.585242 0.770704 0.437195 0.331552 0.407291 0.205482 0.234630 0.686520 0.693676 0.541861 0.652430 0.626132 0.745133 0.000000 0.242869 0.508046 0.519298 0.994304 0.910647 0.593895 0.567783 0.285327 0.425539 0.351961 0.463204 0.642324 0.865880 0.627094 0.936378 0.744934 0.904995 0.892483 0.929828 0.394241 0.449500 0.383124 0.401564 0.349097 0.411607 0.650901 0.451239 0.409714 0.343257 0.487497 0.492187 0.595935 0.688866 0.899726 0.929415 0.425363 0.537261 0.322535 0.395823 0.583168 0.620096 0.251217 0.303351 0.329292 0.381318 0.922660 0.611794 0.406948 0.494584 0.462964 0.494189 0.792116 0.723653 0.440136 0.674574 0.508876 0.670246 0.576555 0.563695 0.524841 0.690101 0.326315 0.306528 0.859675 0.863164 0.756627 0.659037 0.614749 0.746149 0.558821 0.867242 0.585561 0.717237 0.598023 0.620680 0.516112 0.467901 0.760252 0.777318 0.677041 0.809542 0.361585 0.440627 0.805326 0.792658 0.731646 0.846002 0.782980 0.572662 0.582987 0.769021 0.457926 0.826432
0.549623 0.690342 0.362001 0.321571 0.837802 0.712460 0.484143 0.426390 0.470272 0.662054 0.681834 0.430211 0.340219 0.354397 0.273376 0.240847 0.752060 0.697144 0.531633 0.630299 0.580210 0.743693 0.242869 0.000000 0.562389 0.514163 0.974058 0.929044 0.549810 0.565328 0.354968 0.451807 0.472701 0.496805 0.702829 0.955858 0.705487 0.905958 0.756524 0.839017 0.912110 0.976523 0.468035 0.529688 0.493619 0.466715 0.405637 0.478852 0.663586 0.496997 0.442666 0.407076 0.486086 0.456364 0.637534 0.705073 0.941545 0.973501 0.448920 0.567804 0.361171 0.454054 0.604231 0.692603 0.323610 0.320367 0.432000 0.460783 0.958660 0.698920 0.480019 0.617211 0.516317 0.564015 0.847678 0.701424 0.546444 0.671166 0.634648 0.626265 0.607208 0.574740 0.620736 0.721352 0.402631 0.348190 0.822258 0.768189 0.772316 0.651124 0.630831 0.727501 0.579134 0.821354 0.645237 0.812017 0.655180 0.709337 0.606782 0.522420 0.675536 0.830540 0.727993 0.822685 0.477947 0.619614 0.894320 0.765651 0.793098 0.891138 0.863912 0.656921 0.592359 0.777649 0.524974 0.878700
0.678179 0.727711 0.654853 0.684175 0.990970 0.925109 0.820022 0.772981 0.776738 0.983410 0.982868 0.736664 0.746275 0.754796 0.555840 0.668370 0.778753 0.809929 0.813155 0.890012 0.919109 0.979501 0.508046 0.562389 0.000000 0.518057 0.989559 0.908147 0.740919 0.789980 0.598668 0.626319 0.694286 0.824593 0.603151 0.988928 0.570154 0.985112 0.726320 0.910534 0.834491 0.810138 0.759621 0.842931 0.736915 0.740797 0.629205 0.772525 0.693532 0.799575 0.737372 0.742551 0.762992 0.939191 0.545212 0.707790 0.936447 0.901505 0.654306 0.687129 0.597120 0.636504 0.769242 0.747569 0.520920 0.620018 0.712406 0.721985 0.720850 0.650057 0.858946 0.957080 0.561465 0.800121 0.828621 0.990296 0.771374 0.915309 0.715150 0.819727 0.602808 0.721676 0.734640 0.728984 0.397476 0.437712 0.984680 0.840187 0.843899 0.619214 0.969971 0.897439 0.883092 0.878044 0.597581 0.870852 0.742519 0.685567 0.839532 0.795563 0.873665 0.852189 0.998860 0.992679 0.637493 0.829022 0.930115 0.976809 0.822451 0.794057 0.960615 0.753694 0.837295 0.891013 0.662369 0.984271
0.665007 0.763463 0.425156 0.428921 0.961573 0.806661 0.573315 0.559530 0.545167 0.693102 0.783395 0.672576 0.617573 0.678611 0.580736 0.658371 0.833934 0.707645 0.649232 0.695527 0.833722 0.829427 0.519298 0.514163 0.518057 0.000000 0.996423 0.857766 0.705511 0.683679 0.460643 0.495885 0.483276 0.577869 0.700935 0.785188 0.629615 0.983911 0.625439 0.629167 0.799036 0.844780 0.504237 0.516218 0.510466 0.510905 0.482141 0.552207 0.552620 0.546749 0.488367 0.500905 0.535185 0.612281 0.630792 0.633526 0.952829 0.877979 0.537740 0.617531 0.530662 0.570025 0.735618 0.769319 0.417666 0.429250 0.530996 0.504228 0.906567 0.713826 0.710075 0.605339 0.590857 0.560220 0.846711 0.852364 0.549033 0.823281 0.718022 0.633090 0.720367 0.597573 0.788752 0.649743 0.543039 0.436144 0.928288 0.792488 0.656343 0.510544 0.620399 0.772472 0.706743 0.723427 0.602776 0.799083 0.622208 0.618213 0.520500 0.455992 0.737993 0.788975 0.791019 0.642493 0.503093 0.806947 0.923852 0.751684 0.928098 0.872991 0.951829 0.621319 0.537528 0.996161 0.586130 0.846277
0.831922 0.729305 0.982809 0.958204 0.761478 0.865021 0.961737 0.889734 0.905004 0.928656 0.985578 0.965349 0.992180 0.963381 0.981089 0.930159 0.803604 0.844451 0.889770 0.837067 0.935519 0.875190 0.994304 0.974058 0.989559 0.996423 0.000000 0.963712 0.845848 0.811517 0.851830 0.953643 0.874430 0.803237 0.997761 0.767526 0.863116 0.912535 0.907890 0.974575 0.867053 0.911315 0.926352 0.878611 0.868347 0.866393 0.837722 0.882331 0.859926 0.930889 0.877046 0.937353 0.983168 0.981160 0.913015 0.989502 0.701625 0.697905 0.825877 0.813324 0.887327 0.886210 0.817154 0.739647 0.984603 0.973919 0.881627 0.878923 0.928595 0.720587 0.915951 0.881500 0.910570 0.858788 0.985574 0.954488 0.970637 0.948487 0.917784 0.988378 0.774211 0.848084 0.889852 0.803388 0.959299 0.987055 0.867892 0.985771 0.843522 0.889174 0.963633 0.889210 0.911731 0.888271 0.943703 0.939839 0.926541 0.822412 0.935035 0.953456 0.966253 0.872745 0.876042 0.822693 0.925141 0.999182 0.971064 0.992148 0.941338 0.929867 0.942529 0.810706 0.855641 0.981306 0.839666 0.886045
0.981187 0.981627 0.940327 0.967932 0.841599 0.871837 0.925963 0.948733 0.917486 0.813058 0.959283 0.995697 0.939473 0.992834 0.981819 0.982701 0.977724 0.976184 0.990679 0.968214 0.982800 0.816802 0.910647 0.929044 0.908147 0.857766 0.963712 0.000000 0.948038 0.948847 0.895342 0.939689 0.970721 0.939190 0.937276 0.929231 0.934460 0.940936 0.956189 0.929802 0.876988 0.964168 0.892385 0.958771 0.872962 0.887242 0.885374 0.845850 0.859354 0.809656 0.853527 0.827477 0.869770 0.952025 0.936743 0.919001 0.983060 0.926014 0.877791 0.934973 0.983954 0.954076 0.958873 0.947480 0.964306 0.936652 0.910934 0.956788 0.910544 0.961962 0.993533 0.997849 0.992502 0.924470 0.916157 0.891864 0.909108 0.971637 0.823167 0.953611 0.970021 0.942606 0.921973 0.955833 0.999775 0.908200 0.861168 0.967648 0.982719 0.905029 0.962383 0.965617 0.969026 0.946568 0.867285 0.965411 0.830865 0.846090 0.961860 0.999102 0.925064 0.991592 0.848124 0.876011 0.982385 0.861323 0.778090 0.821898 0.846972 0.943893 0.946113 0.942505 0.882793 0.957672 0.968176 0.977222
0.365224 0.331861 0.577450 0.457260 0.752373 0.902988 0.566422 0.448702 0.793876 0.783480 0.484674 0.349838 0.475633 0.433543 0.528265 0.526124 0.348431 0.286295 0.366636 0.385080 0.631948 0.626111 0.593895 0.549810 0.740919 0.705511 0.845848 0.948038 0.000000 0.290912 0.501175 0.581134 0.468329 0.425009 0.911202 0.918637 0.689193 0.807495 0.854837 0.835098 0.948362 0.775373 0.607119 0.563677 0.583851 0.566323 0.501302 0.496240 0.825993 0.624076 0.591954 0.628428 0.788338 0.675257 0.704147 0.869528 0.419297 0.443314 0.484911 0.511203 0.374914 0.472552 0.290300 0.326766 0.552155 0.466015 0.548195 0.452861 0.637825 0.534802 0.659665 0.675719 0.517143 0.518304 0.886591 0.779240 0.613705 0.546566 0.596089 0.599082 0.411359 0.415103 0.455627 0.490242 0.492134 0.460319 0.919276 0.896842 0.850959 0.635208 0.862739 0.886505 0.830095 0.959274 0.645354 0.788881 0.836636 0.688137 0.644716 0.538888 0.812406 0.915175 0.726028 0.607117 0.606282 0.678903 0.917150 0.920589 0.884131 0.675296 0.853844 0.613006 0.675053 0.672080 0.654094 0.906729
0.315959 0.338537 0.477815 0.416124 0.770431 0.923917 0.478831 0.388819 0.687600 0.636215 0.357385 0.327636 0.463008 0.462782 0.523235 0.547588 0.328136 0.255125 0.276537 0.304011 0.683190 0.699241 0.567783 0.565328 0.789980 0.683679 0.811517 0.948847 0.290912 0.000000 0.413621 0.499540 0.401657 0.309473 0.974485 0.804629 0.711059 0.798527 0.776951 0.906474 0.887410 0.837506 0.554090 0.470295 0.503746 0.479450 0.425969 0.464518 0.805921 0.520184 0.510642 0.566427 0.673446 0.581501 0.669127 0.906422 0.428490 0.436312 0.477260 0.564035 0.358600 0.468020 0.303188 0.332532 0.537706 0.458795 0.478723 0.400933 0.604657 0.473601 0.584237 0.646401 0.500071 0.418772 0.809382 0.684131 0.681971 0.580236 0.509656 0.539473 0.394071 0.351517 0.448406 0.486061 0.601135 0.509068 0.869684 0.781333 0.841766 0.751437 0.814372 0.873164 0.858108 0.932019 0.613121 0.772429 0.750854 0.659766 0.578078 0.509582 0.726039 0.752999 0.572059 0.587825 0.635815 0.697201 0.990591 0.882157 0.899879 0.772109 0.825744 0.604742 0.600958 0.777314 0.636384 0.892465
0.451379 0.505424 0.359522 0.315567 0.846048 0.666544 0.390335 0.382981 0.486681 0.534286 0.586487 0.434920 0.437649 0.483714 0.356422 0.398861 0.550000 0.533351 0.447752 0.547578 0.617772 0.774203 0.285327 0.354968 0.598668 0.460643 0.851830 0.895342 0.501175 0.413621 0.000000 0.340951 0.306340 0.330400 0.647741 0.724518 0.506166 0.821570 0.707671 0.907488 0.944893 0.789753 0.339275 0.336051 0.304124 0.327868 0.288130 0.339205 0.573049 0.440770 0.348923 0.344291 0.464685 0.480776 0.579695 0.702010 0.712020 0.741839 0.405323 0.483607 0.323197 0.417215 0.487932 0.501276 0.339791 0.310893 0.292356 0.307184 0.812338 0.511123 0.420530 0.449275 0.435464 0.334571 0.791380 0.808583 0.455008 0.545214 0.461414 0.561006 0.467683 0.478742 0.490364 0.561301 0.456795 0.388587 0.925986 0.836763 0.746336 0.627458 0.647499 0.776151 0.618640 0.821231 0.521131 0.758453 0.522397 0.624193 0.475309 0.442523 0.653344 0.709674 0.563173 0.602560 0.430450 0.526218 0.823471 0.737093 0.860339 0.763830 0.803913 0.519176 0.472756 0.741654 0.421537 0.882956
0.560171 0.649206 0.396297 0.359475 0.988490 0.786941 0.418298 0.413100 0.445883 0.470075 0.619298 0.501110 0.562361 0.615093 0.470337 0.514619 0.536298 0.491570 0.483809 0.506181 0.736339 0.631061 0.425539 0.451807 0.626319 0.495885 0.953643 0.939689 0.581134 0.499540 0.340951 0.000000 0.362750 0.412741 0.747237 0.898801 0.639802 0.896915 0.708906 0.875087 0.884288 0.807203 0.426693 0.408737 0.448496 0.512375 0.469336 0.451007 0.773772 0.644627 0.533824 0.568251 0.659923 0.612742 0.777593 0.897453 0.696374 0.791486 0.541662 0.709650 0.475649 0.621725 0.607437 0.630264 0.468100 0.442950 0.442881 0.437198 0.780174 0.692034 0.561223 0.600761 0.510487 0.458384 0.813819 0.866383 0.571501 0.569762 0.550536 0.573866 0.606519 0.572418 0.666944 0.749650 0.630417 0.514106 0.982516 0.882036 0.859057 0.775957 0.617388 0.748079 0.669173 0.745061 0.633602 0.784880 0.615157 0.709399 0.502923 0.477820 0.717137 0.685095 0.715601 0.537806 0.521725 0.607712 0.963577 0.795928 0.963694 0.838725 0.732447 0.539245 0.531725 0.845971 0.490736 0.756455
0.412683 0.484429 0.338889 0.265914 0.809708 0.699987 0.304386 0.273853 0.523427 0.468716 0.546704 0.431133 0.440331 0.525983 0.441827 0.459451 0.470165 0.392488 0.376312 0.407313 0.616204 0.592657 0.351961 0.472701 0.694286 0.483276 0.874430 0.970721 0.468329 0.401657 0.306340 0.362750 0.000000 0.301693 0.789388 0.721862 0.639736 0.917168 0.799253 0.868570 0.869920 0.780407 0.296405 0.276593 0.294482 0.293680 0.290389 0.357703 0.640932 0.487330 0.408890 0.396424 0.530591 0.490187 0.637537 0.708566 0.592827 0.594277 0.364340 0.487416 0.331814 0.382958 0.458607 0.485575 0.346822 0.293736 0.275367 0.252818 0.750380 0.504944 0.380927 0.433686 0.499942 0.397918 0.883801 0.737767 0.379733 0.562863 0.396277 0.545730 0.437593 0.379423 0.518985 0.535382 0.456317 0.360892 0.983889 0.914867 0.798007 0.659888 0.491649 0.603012 0.529674 0.690960 0.525918 0.602985 0.443543 0.500764 0.363127 0.292292 0.636285 0.623546 0.622732 0.469232 0.391627 0.464209 0.976823 0.729566 0.836362 0.759344 0.728944 0.474908 0.400148 0.700341 0.484814 0.857086
0.406926 0.468427 0.374349 0.299984 0.778332 0.691130 0.278986 0.266636 0.508706 0.425629 0.446019 0.442262 0.473351 0.547948 0.517821 0.527110 0.443199 0.344586 0.281284 0.355365 0.581075 0.679847 0.463204 0.496805 0.824593 0.577869 0.803237 0.939190 0.425009 0.309473 0.330400 0.412741 0.301693 0.000000 0.770061 0.787467 0.625488 0.814909 0.834592 0.872838 0.917739 0.830321 0.319714 0.265836 0.293816 0.300862 0.303897 0.380008 0.684811 0.437397 0.413282 0.398237 0.557024 0.480535 0.722813 0.773235 0.533384 0.583868 0.375321 0.540417 0.344253 0.461733 0.417638 0.456263 0.427735 0.339868 0.282088 0.273369 0.812847 0.552348 0.464255 0.480182 0.542935 0.461053 0.798478 0.696243 0.455816 0.531635 0.464954 0.453561 0.469551 0.393823 0.578346 0.567439 0.554705 0.503149 0.943406 0.904316 0.876110 0.811881 0.546692 0.605235 0.596581 0.629604 0.543425 0.656769 0.621106 0.600387 0.339839 0.333755 0.603515 0.593787 0.525374 0.402660 0.464968 0.593272 0.834911 0.672482 0.866638 0.853993 0.713731 0.376990 0.428836 0.673891 0.449645 0.763486
0.769693 0.922808 0.795029 0.772743 0.987101 0.653733 0.827530 0.848055 0.733610 0.904298 0.949601 0.860876 0.810813 0.898597 0.686299 0.786878 0.987408 0.976607 0.946181 0.934735 0.851547 0.933594 0.642324 0.702829 0.603151 0.700935 0.997761 0.937276 0.911202 0.974485 0.647741 0.747237 0.789388 0.770061 0.000000 0.958457 0.732555 0.958563 0.916295 0.906734 0.979351 0.927270 0.747802 0.836546 0.684774 0.706387 0.721231 0.833561 0.676453 0.682616 0.746873 0.702193 0.765303 0.906657 0.596930 0.639157 0.865160 0.996675 0.753047 0.686416 0.722826 0.764797 0.858296 0.895357 0.649916 0.699597 0.719998 0.755088 0.962151 0.715545 0.901238 0.881588 0.802547 0.837371 0.787744 0.981156 0.810010 0.904790 0.784708 0.835969 0.767061 0.784604 0.897102 0.876167 0.572948 0.628069 0.990148 0.875124 0.794770 0.716062 0.912093 0.947953 0.886355 0.996943 0.735795 0.926481 0.817098 0.869653 0.796844 0.888469 0.969839 0.897891 0.917012 0.997330 0.765093 0.826736 0.942125 0.947543 0.720354 0.958077 0.764186 0.759645 0.879759 0.862971 0.824859 0.908572
0.732469 0.717168 0.841780 0.819307 0.994467 0.883125 0.779348 0.817682 0.868535 0.810123 0.843880 0.880181 0.844087 0.959083 0.992488 0.916287 0.710990 0.841958 0.787622 0.896323 0.981673 0.992341 0.865880 0.955858 0.988928 0.785188 0.767526 0.929231 0.918637 0.804629 0.724518 0.898801 0.721862 0.787467 0.958457 0.000000 0.998601 0.804285 0.856388 0.904606 0.832609 0.836283 0.681264 0.641521 0.640031 0.663534 0.684128 0.650303 0.772732 0.728568 0.627615 0.664171 0.722589 0.718854 0.807591 0.835411 0.776834 0.772009 0.688477 0.732698 0.835485 0.834149 0.764571 0.779252 0.808867 0.818692 0.665621 0.655692 0.847992 0.648322 0.744437 0.507750 0.918625 0.746033 0.929141 0.991321 0.743808 0.783329 0.687373 0.804462 0.754027 0.814584 0.753402 0.726491 0.887969 0.847081 0.977880 0.912885 0.942460 0.881165 0.844586 0.837941 0.881314 0.841339 0.831921 0.903835 0.759279 0.708544 0.801885 0.785757 0.892561 0.755828 0.702909 0.819991 0.840677 0.913898 0.791240 0.911472 0.850475 0.943668 0.743014 0.800206 0.727767 0.894788 0.782006 0.920618
0.641185 0.651702 0.634602 0.641362 0.944794 0.938995 0.734729 0.711953 0.871211 0.883078 0.814199 0.692120 0.711940 0.682727 0.626095 0.744156 0.701116 0.687578 0.689725 0.747474 0.736133 0.962298 0.627094 0.705487 0.570154 0.629615 0.863116 0.934460 0.689193 0.711059 0.506166 0.639802 0.639736 0.625488 0.732555 0.998601 0.000000 0.842035 0.730809 0.879496 0.869809 0.765293 0.680997 0.677448 0.630362 0.688366 0.619972 0.635989 0.701098 0.726780 0.681939 0.710975 0.796465 0.993170 0.865679 0.898193 0.738721 0.703051 0.616449 0.659318 0.592452 0.614587 0.699546 0.639812 0.547062 0.599337 0.688570 0.621483 0.864211 0.705971 0.922862 0.801768 0.641750 0.639617 0.775961 0.961303 0.690750 0.737056 0.639527 0.898390 0.726157 0.798438 0.790299 0.789348 0.587655 0.628712 0.867245 0.989453 0.777648 0.742971 0.973579 0.908417 0.901215 0.943927 0.694534 0.725345 0.798345 0.812914 0.698372 0.732570 0.904968 0.970477 0.693678 0.750334 0.536797 0.760592 0.995610 0.793609 0.789514 0.746080 0.993718 0.602755 0.834369 0.989492 0.698742 0.849865
0.735681 0.713168 0.936496 0.927655 0.851296 0.744785 0.990856 0.923407 0.981610 0.906862 0.829857 0.752122 0.854006 0.752781 0.860283 0.845289 0.743903 0.829743 0.927593 0.832569 0.908879 0.891689 0.936378 0.905958 0.985112 0.983911 0.912535 0.940936 0.807495 0.798527 0.821570 0.896915 0.917168 0.814909 0.958563 0.804285 0.842035 0.000000 0.936612 0.965008 0.744957 0.969180 0.907151 0.887245 0.902977 0.879599 0.926871 0.914091 0.901846 0.826215 0.754450 0.856886 0.974413 0.953013 0.987886 0.976697 0.661949 0.671539 0.830516 0.800963 0.857642 0.816466 0.773579 0.658146 0.849132 0.890139 0.913427 0.816107 0.915512 0.856227 0.983443 0.947169 0.812640 0.822493 0.935463 0.871462 0.907832 0.658352 0.926599 0.945573 0.945388 0.943901 0.793010 0.962106 0.958968 0.962441 0.807793 0.979933 0.965673 0.973221 0.908050 0.964944 0.983072 0.926854 0.988025 0.941485 0.875608 0.860079 0.875001 0.964056 0.904941 0.952617 0.794660 0.951696 0.949507 0.909658 0.892432 0.904770 0.919224 0.776302 0.900211 0.917757 0.937660 0.931510 0.839234 0.885623
