0.000000 0.403341 0.650298 0.552372 0.888180 0.684237 0.551321 0.438888 0.727167 0.943286 0.422631 0.347125 0.461782 0.472859 0.720415 0.538052 0.416910 0.411760 0.451767 0.358552 0.787655 0.968689 0.647178 0.631606 0.721081 0.663440 0.922568 0.775735 0.444421 0.483623 0.543688 0.578875 0.380624 0.385968 0.569610 0.777820 0.530232 0.770586 0.983843 0.980131 0.806736 0.851569 0.621123 0.597418 0.663842 0.679838 0.515261 0.634382 0.971034 0.835199 0.812991 0.866194 0.927110 0.989697 0.696858 0.748155 0.399346 0.487976 0.390401 0.662762 0.437952 0.518719 0.354814 0.445340 0.643704 0.584123 0.487427 0.532914 0.566313 0.664876 0.611400 0.676986 0.685467 0.625936 0.914672 0.812549 0.675770 0.733625 0.698581 0.792979 0.390362 0.420642 0.513998 0.604979 0.494892 0.508498 0.974121 0.974573 0.720379 0.624159 0.711635 0.918432 0.736381 0.891384 0.669027 0.820661 0.716609 0.717913 0.567860 0.569897 0.675796 0.753578 0.610816 0.670508 0.510013 0.722886 0.969506 0.738425 0.805624 0.895613 0.943141 0.829613 0.851472 0.879897 0.870732 0.929237
0.403341 0.000000 0.918152 0.805133 0.992545 0.913534 0.827363 0.618837 0.932807 0.930962 0.799747 0.445124 0.836792 0.766779 0.982993 0.722549 0.303728 0.340592 0.700554 0.506874 0.835636 0.928672 0.911232 0.783964 0.787683 0.794870 0.949181 0.995546 0.457336 0.445419 0.750536 0.803424 0.580782 0.609432 0.831455 0.807707 0.703955 0.850517 0.965525 0.871143 0.694470 0.854530 0.708825 0.645974 0.595358 0.537481 0.645504 0.695667 0.706242 0.662133 0.633526 0.698857 0.886204 0.957464 0.679993 0.716608 0.284029 0.220764 0.600265 0.534345 0.701964 0.422082 0.599919 0.430600 0.860016 0.668607 0.696994 0.674803 0.396726 0.494547 0.785891 0.877365 0.668041 0.664164 0.787596 0.802768 0.797841 0.832063 0.590873 0.640923 0.294715 0.354962 0.521842 0.446531 0.713879 0.595869 0.965323 0.922427 0.803934 0.641281 0.901321 0.901483 0.889513 0.881648 0.593357 0.962682 0.586251 0.731497 0.638032 0.684555 0.878989 0.990669 0.629394 0.819925 0.612948 0.798914 0.911698 0.831284 0.814283 0.744104 0.859075 0.654974 0.898847 0.798769 0.728751 0.981426
0.650298 0.918152 0.000000 0.219126 0.769721 0.818363 0.216314 0.323990 0.482472 0.739017 0.501500 0.749917 0.399343 0.520195 0.418510 0.450079 0.991697 0.885635 0.379425 0.573706 0.707164 0.937279 0.265210 0.389400 0.451425 0.314717 0.926457 0.901925 0.710653 0.810878 0.307228 0.420725 0.394848 0.339261 0.460731 0.720712 0.543353 0.809845 0.880756 0.865746 0.944381 0.881593 0.477283 0.582631 0.596919 0.668821 0.555338 0.452778 0.980733 0.879727 0.753032 0.802827 0.753518 0.738477 0.569330 0.697943 0.929180 0.936380 0.527985 0.825731 0.384737 0.742019 0.631731 0.941080 0.247974 0.423827 0.339213 0.390672 0.875673 0.921738 0.517186 0.519709 0.819125 0.788080 0.884471 0.955265 0.547571 0.581063 0.852631 0.840671 0.906959 0.742806 0.661884 0.874566 0.350867 0.440413 0.788018 0.762486 0.705302 0.698412 0.553084 0.632402 0.648995 0.621889 0.686750 0.913942 0.743938 0.900502 0.613815 0.549556 0.681599 0.711336 0.784926 0.836969 0.651920 0.600886 0.907364 0.693748 0.759529 0.914982 0.858438 0.920011 0.813653 0.887682 0.906547 0.848026
0.552372 0.805133 0.219126 0.000000 0.820376 0.729119 0.206666 0.243343 0.520328 0.767298 0.420745 0.616933 0.385912 0.434823 0.491415 0.462984 0.871948 0.741608 0.293784 0.432997 0.772056 0.961948 0.293118 0.295071 0.433532 0.347021 0.902648 0.805383 0.653912 0.735960 0.279831 0.359054 0.316505 0.278235 0.430478 0.668484 0.564281 0.837109 0.842648 0.871861 0.901155 0.877233 0.438115 0.512092 0.569516 0.651988 0.496309 0.439751 0.984927 0.871441 0.737930 0.822701 0.764873 0.779531 0.583869 0.678582 0.917441 0.974935 0.515127 0.822411 0.394887 0.694195 0.562621 0.868697 0.303237 0.362398 0.288915 0.311382 0.827094 0.954696 0.475386 0.486236 0.736567 0.702764 0.792829 0.921760 0.533970 0.559646 0.753313 0.819918 0.796227 0.630551 0.599681 0.828915 0.347517 0.381916 0.810770 0.681494 0.653394 0.634360 0.525545 0.661979 0.624502 0.667901 0.702304 0.849548 0.737071 0.829592 0.558962 0.466057 0.610632 0.620004 0.712809 0.709504 0.606955 0.588717 0.973430 0.744277 0.721271 0.927337 0.853513 0.877965 0.802819 0.906083 0.890871 0.840056
0.888180 0.992545 0.769721 0.820376 0.000000 0.919592 0.803372 0.807678 0.756745 0.776289 0.925258 0.920202 0.747327 0.783060 0.624898 0.820597 0.983841 0.967101 0.816907 0.904178 0.774577 0.903796 0.721454 0.934602 0.892124 0.915579 0.884232 0.837935 0.906652 0.929799 0.759242 0.934641 0.753284 0.766641 0.730759 0.856384 0.751281 0.828620 0.875746 0.995686 0.874659 0.968250 0.762014 0.835867 0.896944 0.934514 0.844448 0.843526 0.945044 0.942114 0.845252 0.794877 0.801018 0.790520 0.948524 0.922088 0.968966 0.940937 0.647945 0.765922 0.704146 0.953320 0.709593 0.874794 0.692459 0.851098 0.700135 0.743674 0.952351 0.845790 0.804983 0.701225 0.881196 0.973163 0.911840 0.986041 0.937268 0.905978 0.916629 0.961527 0.962612 0.879229 0.842053 0.966108 0.754285 0.882211 0.980122 0.807553 0.746442 0.970854 0.723737 0.742717 0.751830 0.685205 0.952555 0.926576 0.864568 0.929009 0.729148 0.873285 0.988245 0.961993 0.739782 0.835361 0.852640 0.594947 0.820727 0.666834 0.904323 0.984965 0.871752 0.889968 0.836751 0.845500 0.819743 0.833311
0.684237 0.913534 0.818363 0.729119 0.919592 0.000000 0.687513 0.656584 0.771714 0.868345 0.676220 0.715168 0.767367 0.832954 0.904276 0.811065 0.852226 0.817876 0.638383 0.658254 0.862665 0.950106 0.865620 0.808311 0.953880 0.794365 0.924829 0.707927 0.871889 0.947948 0.875491 0.757131 0.747376 0.706006 0.777734 0.862385 0.851332 0.998965 0.969002 0.990642 0.938380 0.900551 0.622641 0.678822 0.743846 0.743490 0.681473 0.770967 0.938824 0.865454 0.888670 0.895320 0.907236 0.888970 0.849438 0.947917 0.810555 0.978987 0.773394 0.948087 0.765532 0.793229 0.821878 0.939115 0.811227 0.713412 0.676689 0.639236 0.979398 0.939539 0.826940 0.860886 0.848645 0.736697 0.956766 0.920032 0.707777 0.716228 0.802124 0.983375 0.839327 0.822389 0.972069 0.996466 0.826135 0.826896 0.911666 0.920706 0.888361 0.854091 0.694951 0.772951 0.783112 0.767595 0.950113 0.982712 0.873737 0.892705 0.670758 0.732652 0.843903 0.743793 0.696184 0.661121 0.842372 0.928704 0.926545 0.883970 0.951225 0.873031 0.913599 0.905690 0.970402 0.873091 0.890565 0.902304
0.551321 0.827363 0.216314 0.206666 0.803372 0.687513 0.000000 0.212226 0.495515 0.619893 0.440453 0.631430 0.393677 0.484064 0.462090 0.463753 0.895030 0.741961 0.289490 0.450974 0.727185 0.985116 0.305460 0.433836 0.549645 0.364283 0.963623 0.845730 0.627499 0.775152 0.331516 0.408478 0.338576 0.301253 0.435048 0.622256 0.552843 0.824168 0.923819 0.853499 0.854979 0.923278 0.373257 0.468751 0.475333 0.550794 0.470209 0.417991 0.901060 0.785095 0.666461 0.710152 0.667690 0.661626 0.585124 0.688544 0.931711 0.970950 0.455128 0.841390 0.410138 0.712508 0.603784 0.907712 0.309675 0.383615 0.250084 0.308315 0.870922 0.995554 0.399267 0.424287 0.700441 0.664748 0.885794 0.912674 0.448411 0.513766 0.772960 0.850609 0.837389 0.721719 0.652016 0.900303 0.369730 0.469329 0.813256 0.777209 0.763789 0.733915 0.419623 0.530551 0.517834 0.533233 0.688912 0.823380 0.686865 0.778578 0.469700 0.389318 0.575127 0.550630 0.662577 0.680018 0.589078 0.544493 0.952659 0.664107 0.766654 0.971604 0.880070 0.812309 0.736621 0.848568 0.870287 0.923232
0.438888 0.618837 0.323990 0.243343 0.807678 0.656584 0.212226 0.000000 0.571984 0.637668 0.398648 0.485284 0.420870 0.416351 0.579244 0.488645 0.709042 0.577376 0.237676 0.327065 0.801256 0.991555 0.394215 0.430237 0.585520 0.423692 0.985625 0.810207 0.485437 0.662083 0.328943 0.401522 0.274315 0.253875 0.448995 0.635700 0.547197 0.852526 0.889860 0.895309 0.804528 0.975406 0.352571 0.423265 0.444211 0.496883 0.433418 0.456550 0.827985 0.741319 0.641050 0.721280 0.687666 0.732365 0.598332 0.671548 0.689131 0.751982 0.440961 0.781413 0.417375 0.592027 0.501514 0.762634 0.406913 0.386586 0.278412 0.288370 0.750831 0.852754 0.432351 0.418477 0.628901 0.552733 0.792062 0.826771 0.485482 0.519168 0.713466 0.795813 0.684274 0.588569 0.560580 0.784728 0.403932 0.454567 0.825422 0.759831 0.744899 0.674117 0.463621 0.636040 0.539078 0.672770 0.701165 0.803064 0.617410 0.720116 0.433870 0.357494 0.537365 0.577828 0.557443 0.617817 0.532788 0.567113 0.977962 0.664874 0.703954 0.942054 0.837020 0.785479 0.729196 0.840447 0.862498 0.925267
0.727167 0.932807 0.482472 0.520328 0.756745 0.771714 0.495515 0.571984 0.000000 0.540547 0.762567 0.815819 0.671677 0.839791 0.554584 0.554657 0.856238 0.859204 0.742436 0.739169 0.723504 0.964370 0.554572 0.748928 0.646062 0.498717 0.920073 0.730597 0.683881 0.760575 0.585345 0.792634 0.639702 0.611058 0.605623 0.939515 0.556232 0.644845 0.917929 0.858030 0.901837 0.812263 0.602637 0.655572 0.600454 0.657834 0.743220 0.672452 0.923517 0.839410 0.621931 0.612526 0.552108 0.514005 0.725989 0.724864 0.937636 0.994079 0.529153 0.874097 0.564849 0.781243 0.753520 0.830918 0.493238 0.733757 0.549006 0.663887 0.814748 0.972594 0.470847 0.511540 0.635570 0.764350 0.942001 0.925279 0.453348 0.585492 0.765339 0.973987 0.823151 0.927544 0.832368 0.870094 0.685835 0.789370 0.970361 0.935691 0.814660 0.812871 0.496614 0.525094 0.545373 0.476408 0.781757 0.927341 0.625045 0.793857 0.595372 0.567734 0.778551 0.729350 0.670496 0.760417 0.660062 0.526068 0.734210 0.598531 0.804114 0.967268 0.880593 0.874040 0.734736 0.681726 0.845301 0.889262
0.943286 0.930962 0.739017 0.767298 0.776289 0.868345 0.619893 0.637668 0.540547 0.000000 0.987556 0.982175 0.935168 0.959404 0.666842 0.770332 0.873892 0.824877 0.798636 0.859767 0.929075 0.990645 0.760518 0.930128 0.984311 0.856892 0.976175 0.873375 0.779042 0.912237 0.773476 0.931133 0.843001 0.760370 0.685750 0.767830 0.693960 0.879765 0.978552 0.846723 0.692386 0.834697 0.560784 0.629146 0.544684 0.580882 0.890184 0.797940 0.792824 0.746230 0.528178 0.512658 0.493414 0.464663 0.970078 0.904742 0.957555 0.906074 0.653556 0.978923 0.874450 0.964187 0.948663 0.960481 0.835426 0.919316 0.628098 0.726311 0.929823 0.892938 0.419679 0.435725 0.629558 0.663797 0.973147 0.990741 0.491720 0.574727 0.875273 0.897601 0.995921 0.814725 0.923568 0.967717 0.932770 0.910917 0.892911 0.818956 0.905719 0.836523 0.386963 0.403987 0.403928 0.399407 0.818028 0.997623 0.618527 0.710047 0.536253 0.521657 0.698249 0.655471 0.520932 0.724623 0.754038 0.566311 0.950227 0.456812 0.847125 0.841068 0.775096 0.720351 0.620874 0.650980 0.808193 0.781441
0.422631 0.799747 0.501500 0.420745 0.925258 0.676220 0.440453 0.398648 0.762567 0.987556 0.000000 0.438590 0.286846 0.322314 0.671893 0.576722 0.751453 0.690160 0.327084 0.396688 0.857180 0.819326 0.504479 0.460693 0.800288 0.633074 0.968919 0.794721 0.565193 0.625369 0.453033 0.433744 0.367063 0.354452 0.596851 0.842695 0.667753 0.961990 0.839884 0.951814 0.890813 0.993976 0.678673 0.709146 0.810055 0.857218 0.584522 0.662084 0.846458 0.986499 0.986929 0.892922 0.990590 0.942687 0.731771 0.838662 0.740512 0.864402 0.567591 0.801249 0.355327 0.616643 0.364699 0.673937 0.531797 0.461975 0.480839 0.444826 0.890808 0.984701 0.675244 0.730600 0.838050 0.769556 0.914386 0.775367 0.783934 0.764883 0.848003 0.803210 0.691117 0.606229 0.795484 0.818853 0.436414 0.494469 0.846227 0.745771 0.767957 0.740142 0.796405 0.933154 0.867500 0.914410 0.867074 0.789083 0.951380 0.939506 0.751581 0.672012 0.575433 0.739260 0.792515 0.764784 0.713864 0.793661 0.900446 0.875172 0.859184 0.928401 0.916401 0.994998 0.910257 0.927828 0.934010 0.768634
0.347125 0.445124 0.749917 0.616933 0.920202 0.715168 0.631430 0.485284 0.815819 0.982175 0.438590 0.000000 0.533443 0.486004 0.812798 0.585672 0.445738 0.338184 0.515314 0.391977 0.773843 0.940954 0.684264 0.620265 0.866444 0.725465 0.961168 0.858782 0.429236 0.369048 0.596599 0.627256 0.390643 0.435646 0.729344 0.803017 0.643521 0.794731 0.907407 0.950076 0.740242 0.900935 0.762804 0.716305 0.661649 0.678200 0.675377 0.660363 0.953135 0.859397 0.894970 0.906766 0.963581 0.992279 0.753829 0.843055 0.437038 0.465390 0.521808 0.610994 0.429951 0.368756 0.382398 0.368268 0.711364 0.496576 0.559300 0.519160 0.645310 0.588443 0.745189 0.765174 0.754486 0.663120 0.844562 0.848990 0.811336 0.819626 0.659889 0.645757 0.370082 0.422548 0.637001 0.598823 0.589051 0.545415 0.906460 0.857624 0.775227 0.656604 0.811941 0.965254 0.852251 0.978661 0.786736 0.931898 0.819801 0.848956 0.705575 0.703089 0.717534 0.819586 0.671528 0.746185 0.632891 0.785534 0.953865 0.904684 0.849260 0.926754 0.956945 0.858145 0.977171 0.974560 0.827492 0.934905
0.461782 0.836792 0.399343 0.385912 0.747327 0.767367 0.393677 0.420870 0.671677 0.935168 0.286846 0.533443 0.000000 0.282345 0.437894 0.439412 0.865162 0.750655 0.365083 0.420045 0.648775 0.969104 0.333555 0.387072 0.686794 0.593284 0.857055 0.805830 0.621335 0.643600 0.434722 0.427718 0.322770 0.327661 0.566162 0.798109 0.651848 0.891858 0.879186 0.963219 0.911171 0.908937 0.638454 0.693891 0.880492 0.934579 0.581245 0.623475 0.714888 0.867311 0.970057 0.943692 0.978178 0.972000 0.718202 0.871327 0.831776 0.926031 0.446450 0.695233 0.275751 0.681647 0.311428 0.684938 0.397474 0.436475 0.430378 0.465633 0.875579 0.990741 0.624754 0.674148 0.873643 0.877835 0.863207 0.732178 0.775415 0.688140 0.933421 0.789633 0.745513 0.690151 0.639357 0.945009 0.335827 0.420094 0.746456 0.828990 0.677102 0.757649 0.748010 0.856550 0.877131 0.798352 0.858731 0.848394 0.937937 0.959029 0.709689 0.676575 0.658119 0.746788 0.801738 0.795284 0.691624 0.662530 0.978413 0.768584 0.788522 0.927778 0.856532 0.982334 0.947940 0.940203 0.916416 0.787584
0.472859 0.766779 0.520195 0.434823 0.783060 0.832954 0.484064 0.416351 0.839791 0.959404 0.322314 0.486004 0.282345 0.000000 0.529266 0.463109 0.853354 0.663811 0.368980 0.398967 0.788279 0.987487 0.425228 0.400631 0.733196 0.680843 0.902703 0.749367 0.624766 0.577891 0.423214 0.398877 0.296086 0.334934 0.612106 0.712487 0.613348 0.974329 0.740459 0.987622 0.946069 0.896208 0.701123 0.762835 0.910968 0.966147 0.698000 0.722027 0.709663 0.829466 0.970423 0.878069 0.936483 0.937032 0.902818 0.964711 0.699747 0.823047 0.531658 0.765018 0.364003 0.671655 0.312935 0.634325 0.517204 0.432719 0.479262 0.419171 0.966518 0.946833 0.707443 0.620033 0.914202 0.818454 0.775917 0.724270 0.852873 0.762665 0.832811 0.767663 0.706650 0.684720 0.575870 0.864101 0.392218 0.403616 0.788863 0.748943 0.669314 0.732557 0.778430 0.983320 0.849541 0.951414 0.933281 0.788798 0.956436 0.982729 0.736343 0.725753 0.564406 0.773534 0.795182 0.875967 0.688579 0.761023 0.888835 0.854104 0.762332 0.951631 0.975939 0.989672 0.985004 0.956553 0.942256 0.807013
0.720415 0.982993 0.418510 0.491415 0.624898 0.904276 0.462090 0.579244 0.554584 0.666842 0.671893 0.812798 0.437894 0.529266 0.000000 0.401112 0.991800 0.884439 0.641578 0.709887 0.620977 0.898551 0.339631 0.573202 0.594031 0.583320 0.782525 0.809500 0.788083 0.756917 0.463154 0.615748 0.504309 0.518011 0.571183 0.737646 0.585913 0.773572 0.845350 0.980804 0.926686 0.919627 0.692148 0.821825 0.795132 0.882177 0.789085 0.718447 0.773951 0.915503 0.839068 0.825206 0.796370 0.728727 0.862796 0.911904 0.966884 0.980607 0.515267 0.795285 0.421173 0.836084 0.562373 0.776034 0.390405 0.583522 0.484170 0.554717 0.962763 0.967570 0.543545 0.518854 0.888530 0.951250 0.947627 0.905752 0.696643 0.700972 0.848816 0.931503 0.894677 0.941459 0.632776 0.896943 0.420339 0.542640 0.728238 0.932945 0.775292 0.817757 0.621465 0.674957 0.721176 0.603186 0.766491 0.953606 0.842165 0.864774 0.667406 0.720907 0.824764 0.808309 0.778815 0.892877 0.669301 0.575846 0.786461 0.632875 0.778765 0.905055 0.952619 0.887671 0.988463 0.808649 0.903175 0.927496
0.538052 0.722549 0.450079 0.462984 0.820597 0.811065 0.463753 0.488645 0.554657 0.770332 0.576722 0.585672 0.439412 0.463109 0.401112 0.000000 0.772841 0.609773 0.570446 0.540903 0.605898 0.966812 0.374807 0.480082 0.550566 0.434788 0.868732 0.892998 0.525102 0.483121 0.393147 0.474637 0.379030 0.426504 0.559567 0.657346 0.472000 0.726845 0.980504 0.967331 0.924718 0.964342 0.687324 0.753992 0.710926 0.732678 0.692384 0.681901 0.893632 0.949347 0.761827 0.780172 0.801872 0.769043 0.768567 0.887646 0.809371 0.797738 0.533879 0.759575 0.381234 0.572376 0.510812 0.612442 0.444593 0.461258 0.497212 0.529181 0.853741 0.911522 0.564709 0.563886 0.804181 0.755388 0.759379 0.903182 0.673855 0.741918 0.638082 0.699397 0.583663 0.667280 0.617178 0.746148 0.404655 0.429892 0.831992 0.909333 0.747461 0.775872 0.618721 0.836869 0.710410 0.718150 0.713305 0.903817 0.673536 0.850616 0.640720 0.720368 0.710773 0.817773 0.773758 0.928644 0.654425 0.747111 0.895676 0.744767 0.759196 0.960774 0.904753 0.868085 0.939868 0.915171 0.885212 0.899466
0.416910 0.303728 0.991697 0.871948 0.983841 0.852226 0.895030 0.709042 0.856238 0.873892 0.751453 0.445738 0.865162 0.853354 0.991800 0.772841 0.000000 0.319229 0.784521 0.588821 0.861890 0.968626 0.952749 0.906188 0.880369 0.905979 0.943653 0.942264 0.456362 0.448591 0.768679 0.848915 0.678000 0.669347 0.818046 0.839105 0.677831 0.748363 0.973228 0.811180 0.651643 0.757377 0.823260 0.707305 0.647660 0.620276 0.783706 0.849690 0.797231 0.748233 0.710767 0.758494 0.860876 0.935619 0.764572 0.745183 0.337592 0.275821 0.665043 0.670429 0.722647 0.471965 0.604748 0.375717 0.955034 0.764237 0.745770 0.737167 0.467817 0.578502 0.752687 0.819260 0.714553 0.644212 0.899496 0.797725 0.823362 0.860702 0.694225 0.835426 0.302061 0.486147 0.691924 0.465370 0.830702 0.750892 0.943916 0.960248 0.904649 0.707545 0.870500 0.968990 0.840410 0.980630 0.562159 0.998038 0.642751 0.627352 0.745664 0.709550 0.870882 0.966022 0.636940 0.706559 0.618325 0.824330 0.958877 0.793453 0.920980 0.788005 0.919875 0.724540 0.905175 0.853651 0.763894 0.906754
0.411760 0.340592 0.885635 0.741608 0.967101 0.817876 0.741961 0.577376 0.859204 0.824877 0.690160 0.338184 0.750655 0.663811 0.884439 0.609773 0.319229 0.000000 0.659696 0.508531 0.827965 0.919266 0.814521 0.776526 0.832486 0.766365 0.963409 0.957688 0.397808 0.342561 0.646653 0.671446 0.519289 0.583663 0.717321 0.675294 0.566533 0.747187 0.975277 0.822426 0.715094 0.785573 0.758629 0.685031 0.594940 0.581286 0.745520 0.749157 0.886023 0.792565 0.722371 0.751281 0.834393 0.906411 0.727252 0.853666 0.333808 0.317221 0.626209 0.696380 0.630892 0.458807 0.540068 0.331875 0.850470 0.627846 0.603657 0.599010 0.536452 0.572092 0.679167 0.705206 0.666430 0.561305 0.900492 0.844848 0.792688 0.771031 0.526399 0.665503 0.256833 0.454431 0.576458 0.538683 0.749582 0.633335 0.970646 0.949273 0.823239 0.722359 0.738153 0.961586 0.703050 0.943761 0.681735 0.881294 0.590255 0.757277 0.658678 0.654946 0.707429 0.879337 0.584616 0.722016 0.571889 0.772755 0.998382 0.847547 0.841307 0.754540 0.931426 0.768825 0.942387 0.873741 0.785647 0.960869
0.451767 0.700554 0.379425 0.293784 0.816907 0.638383 0.289490 0.237676 0.742436 0.798636 0.327084 0.515314 0.365083 0.368980 0.641578 0.570446 0.784521 0.659696 0.000000 0.344387 0.864685 0.929357 0.427937 0.420312 0.670788 0.540604 0.985870 0.794753 0.574020 0.711216 0.385786 0.412759 0.305073 0.281058 0.469951 0.662154 0.637028 0.950905 0.877109 0.919925 0.830932 0.921923 0.444976 0.500144 0.617955 0.666900 0.465395 0.507744 0.984731 0.883626 0.836794 0.908390 0.867125 0.932535 0.645907 0.753370 0.704035 0.833739 0.509655 0.817942 0.447819 0.676145 0.473776 0.805854 0.475178 0.417057 0.337742 0.318911 0.843332 0.897303 0.547876 0.586203 0.761805 0.682052 0.806884 0.795372 0.625074 0.618509 0.811132 0.820185 0.740177 0.611430 0.652283 0.895908 0.406817 0.461275 0.834952 0.756090 0.686873 0.711835 0.581330 0.755860 0.680334 0.788739 0.792648 0.767673 0.781093 0.830693 0.510765 0.477156 0.574995 0.624837 0.671438 0.667662 0.605083 0.677559 0.946464 0.731505 0.801814 0.927464 0.969396 0.786776 0.763937 0.930589 0.983817 0.869588
0.358552 0.506874 0.573706 0.432997 0.904178 0.658254 0.450974 0.327065 0.739169 0.859767 0.396688 0.391977 0.420045 0.398967 0.709887 0.540903 0.588821 0.508531 0.344387 0.000000 0.807222 0.998039 0.598819 0.502725 0.729801 0.636837 0.970369 0.788791 0.420009 0.588155 0.531597 0.464312 0.324908 0.357162 0.664836 0.786207 0.660135 0.980036 0.871290 0.928952 0.852770 0.934697 0.525311 0.549374 0.616317 0.629925 0.501832 0.553927 0.891856 0.789616 0.792163 0.871672 0.885955 0.945824 0.690105 0.749247 0.541252 0.613648 0.474981 0.681432 0.486237 0.541110 0.457373 0.659328 0.593171 0.481704 0.492012 0.468699 0.653866 0.766012 0.623131 0.718475 0.699317 0.627180 0.749113 0.667749 0.643591 0.683880 0.751486 0.768128 0.559702 0.428332 0.564663 0.711071 0.479560 0.479136 0.780510 0.706857 0.776031 0.708527 0.705996 0.896477 0.798114 0.920782 0.714424 0.987691 0.773322 0.804659 0.582212 0.513242 0.628043 0.697890 0.588380 0.683066 0.562825 0.754996 0.924883 0.814140 0.757879 0.992892 0.967543 0.777643 0.827409 0.880126 0.872880 0.925028
0.787655 0.835636 0.707164 0.772056 0.774577 0.862665 0.727185 0.801256 0.723504 0.929075 0.857180 0.773843 0.648775 0.788279 0.620977 0.605898 0.861890 0.827965 0.864685 0.807222 0.000000 0.942846 0.673399 0.757488 0.760734 0.736464 0.843348 0.930053 0.863590 0.755354 0.723043 0.872982 0.683180 0.740672 0.834355 0.797267 0.774210 0.707398 0.958975 0.756124 0.873648 0.987959 0.834479 0.910853 0.896379 0.915107 0.830274 0.827086 0.876385 0.911690 0.934668 0.916520 0.980626 0.846254 0.808504 0.808110 0.949215 0.862991 0.638036 0.679914 0.584868 0.741105 0.735255 0.763164 0.599986 0.677560 0.695673 0.734989 0.763254 0.998681 0.681613 0.814480 0.976537 0.936472 0.966235 0.916565 0.849172 0.705973 0.931483 0.795986 0.716845 0.868219 0.788412 0.909075 0.679296 0.668600 0.784042 0.797109 0.787787 0.891756 0.806770 0.857738 0.881497 0.745890 0.819130 0.941357 0.812507 0.977681 0.735525 0.874826 0.924501 0.936166 0.891246 0.925804 0.812209 0.639319 0.829475 0.916178 0.983543 0.977742 0.993442 0.787433 0.999743 0.949589 0.776950 0.931434
0.968689 0.928672 0.937279 0.961948 0.903796 0.950106 0.985116 0.991555 0.964370 0.990645 0.819326 0.940954 0.969104 0.987487 0.898551 0.966812 0.968626 0.919266 0.929357 0.998039 0.942846 0.000000 0.964716 0.907952 0.807699 0.992456 0.797034 0.850754 0.957824 0.981176 0.896425 0.991496 0.994850 0.993833 0.964101 0.977946 0.975119 0.970976 0.960104 0.890657 0.981185 0.931816 0.988868 0.963021 0.922847 0.956485 0.988804 0.970813 0.983371 0.961079 0.843339 0.874023 0.971183 0.883615 0.998265 0.992252 0.937662 0.944545 0.980890 0.981010 0.992043 0.978965 0.986582 0.912332 0.966782 0.997807 0.998398 0.983682 0.809677 0.853470 0.925468 0.916729 0.940632 0.946664 0.886248 0.969766 0.929015 0.773126 0.959815 0.959350 0.948457 0.949691 0.770206 0.993597 0.984978 0.842625 0.980526 0.988423 0.857488 0.828578 0.927657 0.932394 0.909766 0.980625 0.882378 0.900075 0.860857 0.947016 0.876879 0.896089 0.989545 0.916603 0.849930 0.995651 0.793769 0.946685 0.925756 0.917648 0.947299 0.953446 0.823384 0.962729 0.918821 0.919879 0.906981 0.976166
0.647178 0.911232 0.265210 0.293118 0.721454 0.865620 0.305460 0.394215 0.554572 0.760518 0.504479 0.684264 0.333555 0.425228 0.339631 0.374807 0.952749 0.814521 0.427937 0.598819 0.673399 0.964716 0.000000 0.320822 0.442706 0.439375 0.805131 0.917110 0.761559 0.658937 0.303715 0.377225 0.338000 0.324056 0.492566 0.688261 0.567531 0.828451 0.831671 0.915414 0.926847 0.805362 0.637810 0.725380 0.815316 0.854145 0.643650 0.596574 0.763986 0.890658 0.886532 0.885559 0.898693 0.810530 0.755674 0.845205 0.990537 0.992477 0.561539 0.735408 0.313815 0.670972 0.472652 0.754605 0.277007 0.359696 0.391626 0.394482 0.914444 0.898651 0.533084 0.549409 0.964217 0.938670 0.822968 0.894163 0.678998 0.612117 0.854980 0.752309 0.799992 0.782238 0.603420 0.927244 0.276173 0.378832 0.808041 0.817261 0.628789 0.608080 0.664284 0.763637 0.756159 0.698040 0.742285 0.865236 0.823500 0.889293 0.684634 0.661082 0.741442 0.747671 0.896504 0.892712 0.688824 0.574668 0.936549 0.738029 0.897258 0.876518 0.891576 0.976258 0.933929 0.945355 0.900528 0.919243
0.631606 0.783964 0.389400 0.295071 0.934602 0.808311 0.433836 0.430237 0.748928 0.930128 0.460693 0.620265 0.387072 0.400631 0.573202 0.480082 0.906188 0.776526 0.420312 0.502725 0.757488 0.907952 0.320822 0.000000 0.428916 0.478244 0.847309 0.878819 0.747159 0.636901 0.376962 0.328337 0.349549 0.362751 0.630532 0.784443 0.717035 0.899867 0.754298 0.964188 0.955657 0.743482 0.699130 0.756356 0.851361 0.885091 0.640588 0.616800 0.820764 0.902983 0.962389 0.939112 0.937203 0.966306 0.684612 0.828731 0.884547 0.945446 0.682154 0.763499 0.411004 0.628719 0.523207 0.776885 0.407203 0.344514 0.514782 0.436707 0.868468 0.854156 0.725385 0.773350 0.990120 0.920219 0.695852 0.854795 0.846997 0.736209 0.784439 0.677705 0.733576 0.570819 0.532251 0.806940 0.346745 0.288898 0.797175 0.554216 0.573993 0.586565 0.877749 0.991850 0.979451 0.984803 0.782142 0.888882 0.884242 0.979773 0.798700 0.763786 0.781979 0.879191 0.971725 0.929214 0.741157 0.801508 0.926584 0.981368 0.842631 0.875299 0.928400 0.997951 0.964405 0.986360 0.909462 0.822218
0.721081 0.787683 0.451425 0.433532 0.892124 0.953880 0.549645 0.585520 0.646062 0.984311 0.800288 0.866444 0.686794 0.733196 0.594031 0.550566 0.880369 0.832486 0.670788 0.729801 0.760734 0.807699 0.442706 0.428916 0.000000 0.410426 0.772628 0.923928 0.888367 0.706997 0.424335 0.519364 0.550593 0.553436 0.562392 0.728462 0.608688 0.737411 0.807349 0.967095 0.937089 0.925025 0.782458 0.842895 0.812732 0.854646 0.691526 0.719733 0.965349 0.976777 0.767155 0.909546 0.900413 0.890452 0.682383 0.795382 0.957047 0.880951 0.796239 0.825151 0.599136 0.731309 0.738677 0.809028 0.422358 0.535415 0.579335 0.601022 0.714357 0.890000 0.654729 0.767346 0.976195 0.993210 0.792216 0.997397 0.708615 0.710712 0.826432 0.829697 0.720490 0.617380 0.529269 0.723368 0.461947 0.403626 0.936998 0.780501 0.570425 0.481422 0.866385 0.974771 0.876577 0.969689 0.621257 0.868987 0.660592 0.798764 0.795295 0.800066 0.988340 0.989947 0.964166 0.992737 0.751778 0.787585 0.882090 0.891755 0.912907 0.908137 0.763345 0.973433 0.901729 0.963554 0.945785 0.883086
0.663440 0.794870 0.314717 0.347021 0.915579 0.794365 0.364283 0.423692 0.498717 0.856892 0.633074 0.725465 0.593284 0.680843 0.583320 0.434788 0.905979 0.766365 0.540604 0.636837 0.736464 0.992456 0.439375 0.478244 0.410426 0.000000 0.920748 0.991962 0.665874 0.728188 0.409210 0.514293 0.490464 0.486946 0.584046 0.674535 0.531647 0.734049 0.989783 0.989172 0.974220 0.952492 0.563959 0.688801 0.557594 0.596350 0.588806 0.558892 0.829345 0.772947 0.645959 0.744592 0.717946 0.741118 0.508351 0.756539 0.979562 0.945945 0.652786 0.824886 0.492598 0.653654 0.756984 0.884651 0.347276 0.456745 0.473526 0.508951 0.762299 0.925272 0.622970 0.642930 0.811530 0.804720 0.879344 0.948623 0.559955 0.622430 0.680498 0.816827 0.746833 0.637185 0.668394 0.740647 0.455674 0.468036 0.896473 0.801090 0.683482 0.649357 0.649306 0.782186 0.708029 0.737965 0.667324 0.813958 0.633454 0.829971 0.653728 0.659387 0.782914 0.881770 0.846504 0.902532 0.704524 0.707134 0.841443 0.818134 0.731131 0.959870 0.826829 0.919536 0.915261 0.941133 0.900806 0.892880
0.922568 0.949181 0.926457 0.902648 0.884232 0.924829 0.963623 0.985625 0.920073 0.976175 0.968919 0.961168 0.857055 0.902703 0.782525 0.868732 0.943653 0.963409 0.985870 0.970369 0.843348 0.797034 0.805131 0.847309 0.772628 0.920748 0.000000 0.881560 0.900996 0.937686 0.919175 0.951343 0.898467 0.901103 0.944032 0.825694 0.909755 0.835645 0.874494 0.950401 0.781988 0.998460 0.916305 0.959438 0.919357 0.852896 0.948475 0.848853 0.753599 0.811554 0.956406 0.948814 0.863643 0.978793 0.997135 0.916165 0.935393 0.927963 0.861908 0.777073 0.827550 0.913682 0.834489 0.848002 0.858942 0.754464 0.853962 0.807523 0.959847 0.942020 0.946532 0.943903 0.792427 0.807826 0.921449 0.938784 0.928805 0.881420 0.992014 0.897723 0.881997 0.997697 0.829969 0.875691 0.823399 0.779334 0.880268 0.939117 0.698437 0.797830 0.957823 0.933516 0.956357 0.997290 0.799264 0.942852 0.987217 0.816977 0.900452 0.986567 0.887741 0.893116 0.977808 0.997950 0.957231 0.903082 0.996882 0.891179 0.952648 0.905335 0.978880 0.982805 0.815459 0.851375 0.863715 0.964761
0.775735 0.995546 0.901925 0.805383 0.837935 0.707927 0.845730 0.810207 0.730597 0.873375 0.794721 0.858782 0.805830 0.749367 0.809500 0.892998 0.942264 0.957688 0.794753 0.788791 0.930053 0.850754 0.917110 0.878819 0.923928 0.991962 0.881560 0.000000 0.888829 0.974386 0.854270 0.944801 0.788986 0.830592 0.777741 0.898041 0.850451 0.997856 0.857052 0.962422 0.982879 0.778605 0.864910 0.846264 0.911747 0.994811 0.903115 0.967902 0.936416 0.937478 0.915191 0.988196 0.915001 0.922115 0.991023 0.924118 0.888304 0.912822 0.711820 0.979101 0.855072 0.963533 0.821193 0.971285 0.937419 0.915566 0.812281 0.818227 0.980882 0.967976 0.876176 0.780229 0.843581 0.865487 0.907385 0.960978 0.809013 0.912865 0.863594 0.942965 0.963682 0.985199 0.981111 0.937637 0.927849 0.886518 0.996356 0.964440 0.995824 0.949884 0.769686 0.802090 0.848745 0.844959 0.930409 0.946578 0.979443 0.924486 0.817192 0.831288 0.802363 0.863621 0.757569 0.757360 0.849973 0.894499 0.934267 0.856140 0.851198 0.879436 0.988849 0.971488 0.936097 0.819307 0.836949 0.994872
0.444421 0.457336 0.710653 0.653912 0.906652 0.871889 0.627499 0.485437 0.683881 0.779042 0.565193 0.429236 0.621335 0.624766 0.788083 0.525102 0.456362 0.397808 0.574020 0.420009 0.863590 0.957824 0.761559 0.747159 0.888367 0.665874 0.900996 0.888829 0.000000 0.460660 0.586176 0.698318 0.470552 0.552675 0.691034 0.917602 0.575740 0.828109 0.951907 0.902771 0.762223 0.845010 0.662105 0.623379 0.535792 0.496240 0.688027 0.655624 0.741514 0.649511 0.670735 0.710295 0.716371 0.817348 0.686232 0.668634 0.490275 0.485405 0.528554 0.735557 0.535820 0.484244 0.532079 0.505509 0.743692 0.667366 0.621434 0.647646 0.628880 0.556890 0.659356 0.656895 0.529962 0.538389 0.841708 0.753846 0.738505 0.776434 0.576901 0.760741 0.458583 0.523820 0.678052 0.572253 0.662492 0.681819 0.835017 0.961075 0.889018 0.862387 0.693953 0.928909 0.780996 0.878755 0.659668 0.913922 0.579036 0.875039 0.658495 0.608153 0.669719 0.921192 0.563549 0.775794 0.585662 0.783934 0.929021 0.765309 0.629539 0.762872 0.878950 0.836806 0.791675 0.731212 0.822317 0.959186
0.483623 0.445419 0.810878 0.735960 0.929799 0.947948 0.775152 0.662083 0.760575 0.912237 0.625369 0.369048 0.643600 0.577891 0.756917 0.483121 0.448591 0.342561 0.711216 0.588155 0.755354 0.981176 0.658937 0.636901 0.706997 0.728188 0.937686 0.974386 0.460660 0.000000 0.570122 0.636350 0.484416 0.555545 0.774475 0.839294 0.584392 0.719484 0.906257 0.817298 0.766350 0.811445 0.939989 0.866017 0.800024 0.778562 0.880480 0.811732 0.926457 0.994357 0.820882 0.870144 0.942207 0.964153 0.814565 0.900393 0.479591 0.421996 0.647991 0.653854 0.498219 0.416041 0.436074 0.280336 0.743092 0.586054 0.688076 0.659485 0.604457 0.705618 0.732055 0.795919 0.806282 0.753434 0.836739 0.904929 0.886262 0.812510 0.605096 0.590086 0.288386 0.514074 0.585615 0.537030 0.643081 0.535205 0.970272 0.953691 0.757330 0.671913 0.868905 0.878962 0.864859 0.979748 0.697514 0.920268 0.696924 0.896789 0.819390 0.860090 0.833432 0.985544 0.765404 0.961881 0.713102 0.823811 0.956205 0.901851 0.979921 0.766248 0.905773 0.854059 0.876282 0.886249 0.754468 0.974016
0.543688 0.750536 0.307228 0.279831 0.759242 0.875491 0.331516 0.328943 0.585345 0.773476 0.453033 0.596599 0.434722 0.423214 0.463154 0.393147 0.768679 0.646653 0.385786 0.531597 0.723043 0.896425 0.303715 0.376962 0.424335 0.409210 0.919175 0.854270 0.586176 0.570122 0.000000 0.376170 0.307332 0.331659 0.460821 0.737568 0.518129 0.790775 0.898857 0.970311 0.845729 0.936240 0.608995 0.664875 0.656661 0.717829 0.663912 0.645482 0.942688 0.979749 0.789945 0.894831 0.829279 0.852895 0.725220 0.763853 0.785164 0.805283 0.567928 0.781141 0.354397 0.600232 0.502852 0.678871 0.373336 0.414352 0.415369 0.407586 0.736971 0.928919 0.511811 0.464190 0.777169 0.697424 0.724239 0.873769 0.658087 0.673990 0.678064 0.702883 0.669308 0.644931 0.575610 0.713635 0.371902 0.403977 0.837313 0.801317 0.656603 0.633591 0.647642 0.820300 0.699844 0.808132 0.679509 0.798045 0.639915 0.832314 0.674615 0.618298 0.648925 0.750931 0.790292 0.865829 0.588806 0.609119 0.943301 0.759949 0.798855 0.948898 0.819476 0.974001 0.894353 0.988312 0.856928 0.900040
0.578875 0.803424 0.420725 0.359054 0.934641 0.757131 0.408478 0.401522 0.792634 0.931133 0.433744 0.627256 0.427718 0.398877 0.615748 0.474637 0.848915 0.671446 0.412759 0.464312 0.872982 0.991496 0.377225 0.328337 0.519364 0.514293 0.951343 0.944801 0.698318 0.636350 0.376170 0.000000 0.381750 0.385823 0.616549 0.728383 0.684102 0.978126 0.768447 0.929136 0.957141 0.807383 0.659418 0.652146 0.802268 0.817395 0.641332 0.632043 0.898776 0.984813 0.929632 0.970918 0.998164 0.981457 0.744171 0.980074 0.798844 0.886076 0.663433 0.853859 0.469662 0.672830 0.550222 0.807007 0.480955 0.418205 0.499231 0.444647 0.894229 0.879094 0.736120 0.669587 0.866734 0.760088 0.767588 0.775534 0.813862 0.714529 0.785784 0.667385 0.745974 0.621240 0.578037 0.864140 0.420374 0.417270 0.767392 0.722346 0.799480 0.721745 0.791325 0.940198 0.849440 0.931886 0.744017 0.858533 0.895903 0.907629 0.775133 0.727206 0.650125 0.735679 0.880081 0.858372 0.699584 0.820599 0.925410 0.940063 0.982715 0.984100 0.980612 0.987218 0.969533 0.944249 0.916000 0.903216
0.380624 0.580782 0.394848 0.316505 0.753284 0.747376 0.338576 0.274315 0.639702 0.843001 0.367063 0.390643 0.322770 0.296086 0.504309 0.379030 0.678000 0.519289 0.305073 0.324908 0.683180 0.994850 0.338000 0.349549 0.550593 0.490464 0.898467 0.788986 0.470552 0.484416 0.307332 0.381750 0.000000 0.270232 0.511760 0.674900 0.492151 0.776047 0.811973 0.965632 0.837296 0.887677 0.556260 0.619444 0.657783 0.699107 0.525363 0.573563 0.919312 0.979213 0.836521 0.914717 0.933905 0.942182 0.747598 0.730131 0.624052 0.658043 0.425174 0.624179 0.280169 0.471708 0.319262 0.542354 0.373191 0.307654 0.335055 0.313608 0.746364 0.827446 0.552500 0.543208 0.770673 0.730916 0.767632 0.787301 0.621362 0.668930 0.670414 0.666259 0.537753 0.513674 0.513329 0.700541 0.298822 0.329076 0.825727 0.759258 0.649765 0.617545 0.658327 0.892285 0.737793 0.855854 0.771660 0.830798 0.712124 0.812712 0.576301 0.567377 0.655802 0.711162 0.684685 0.800559 0.581721 0.647940 0.953754 0.762588 0.781190 0.994494 0.941085 0.862970 0.872374 0.887118 0.924761 0.822678
0.385968 0.609432 0.339261 0.278235 0.766641 0.706006 0.301253 0.253875 0.611058 0.760370 0.354452 0.435646 0.327661 0.334934 0.518011 0.426504 0.669347 0.583663 0.281058 0.357162 0.740672 0.993833 0.324056 0.362751 0.553436 0.486946 0.901103 0.830592 0.552675 0.555545 0.331659 0.385823 0.270232 0.000000 0.445551 0.685627 0.505215 0.783574 0.764634 0.920758 0.840451 0.915171 0.468955 0.514606 0.606449 0.656459 0.488283 0.504057 0.984901 0.891331 0.746438 0.803864 0.821985 0.828594 0.659529 0.848500 0.666595 0.731218 0.446537 0.675788 0.322397 0.538040 0.393224 0.620888 0.389122 0.320305 0.322930 0.279447 0.696497 0.904312 0.490430 0.541708 0.769676 0.695825 0.780474 0.772660 0.635242 0.581070 0.745679 0.762002 0.600464 0.543801 0.505000 0.745421 0.329487 0.349729 0.826312 0.778790 0.591754 0.609779 0.589234 0.784940 0.670837 0.766571 0.718420 0.843747 0.743060 0.827239 0.532580 0.510856 0.606673 0.687746 0.632411 0.675955 0.535928 0.614151 0.954604 0.673568 0.750506 0.994531 0.938531 0.790482 0.826134 0.953863 0.827885 0.830722
0.569610 0.831455 0.460731 0.430478 0.730759 0.777734 0.435048 0.448995 0.605623 0.685750 0.596851 0.729344 0.566162 0.612106 0.571183 0.559567 0.818046 0.717321 0.469951 0.664836 0.834355 0.964101 0.492566 0.630532 0.562392 0.584046 0.944032 0.777741 0.691034 0.774475 0.460821 0.616549 0.511760 0.445551 0.000000 0.730761 0.536033 0.677848 0.828990 0.988721 0.828966 0.837490 0.554037 0.591128 0.620039 0.691886 0.575894 0.621677 0.985153 0.847249 0.717305 0.773401 0.691429 0.724420 0.658930 0.734101 0.880106 0.930675 0.555241 0.931289 0.550706 0.821121 0.621580 0.776110 0.478591 0.578867 0.356612 0.461303 0.848356 0.960696 0.475405 0.541964 0.713348 0.742332 0.961375 0.915441 0.638240 0.634620 0.798099 0.897779 0.739940 0.705068 0.670890 0.842079 0.521093 0.566939 0.829647 0.989832 0.718687 0.733069 0.461836 0.641792 0.551295 0.564626 0.725992 0.760427 0.675891 0.693903 0.545992 0.587316 0.660877 0.693708 0.629236 0.713872 0.654488 0.560243 0.932812 0.614067 0.692611 0.899099 0.806428 0.912361 0.836555 0.830439 0.955103 0.849522
0.777820 0.807707 0.720712 0.668484 0.856384 0.862385 0.622256 0.635700 0.939515 0.767830 0.842695 0.803017 0.798109 0.712487 0.737646 0.657346 0.839105 0.675294 0.662154 0.786207 0.797267 0.977946 0.688261 0.784443 0.728462 0.674535 0.825694 0.898041 0.917602 0.839294 0.737568 0.728383 0.674900 0.685627 0.730761 0.000000 0.677087 0.841660 0.913742 0.898764 0.790640 0.978844 0.727831 0.823595 0.712973 0.803781 0.749030 0.801478 0.988028 0.915951 0.719904 0.758975 0.778198 0.790902 0.846358 0.912889 0.867910 0.838387 0.794414 0.954106 0.782594 0.846216 0.813043 0.869719 0.685002 0.621302 0.521918 0.543633 0.954712 0.905447 0.612456 0.634146 0.977948 0.857660 0.955104 0.934213 0.619564 0.777102 0.966234 0.986142 0.756802 0.859081 0.712084 0.967403 0.657865 0.651107 0.939260 0.973506 0.800053 0.824390 0.664283 0.774559 0.613811 0.740082 0.781374 0.711543 0.847161 0.677732 0.666337 0.745717 0.741186 0.785331 0.785773 0.782759 0.741410 0.812638 0.995045 0.859666 0.928085 0.963244 0.807257 0.739955 0.897920 0.897607 0.942036 0.996127
0.530232 0.703955 0.543353 0.564281 0.751281 0.851332 0.552843 0.547197 0.556232 0.693960 0.667753 0.643521 0.651848 0.613348 0.585913 0.472000 0.677831 0.566533 0.637028 0.660135 0.774210 0.975119 0.567531 0.717035 0.608688 0.531647 0.909755 0.850451 0.575740 0.584392 0.518129 0.684102 0.492151 0.505215 0.536033 0.677087 0.000000 0.653424 0.853547 0.853976 0.723903 0.846337 0.722600 0.749967 0.658947 0.695522 0.669487 0.726092 0.976531 0.854723 0.657662 0.748670 0.725172 0.771588 0.770839 0.762240 0.734800 0.706158 0.519120 0.772904 0.511369 0.672216 0.552744 0.608339 0.582671 0.625385 0.482010 0.510612 0.764329 0.906254 0.554326 0.522690 0.734290 0.745277 0.998922 0.960597 0.624272 0.763758 0.622043 0.807388 0.568703 0.754982 0.645332 0.644394 0.588525 0.616475 0.919270 0.971940 0.660590 0.658608 0.621772 0.751224 0.606054 0.723826 0.646220 0.862690 0.628832 0.795960 0.625577 0.635720 0.771189 0.924252 0.653969 0.861310 0.599217 0.692461 0.895709 0.615549 0.721068 0.797949 0.774403 0.840849 0.921752 0.827130 0.936671 0.938432
0.770586 0.850517 0.809845 0.837109 0.828620 0.998965 0.824168 0.852526 0.644845 0.879765 0.961990 0.794731 0.891858 0.974329 0.773572 0.726845 0.748363 0.747187 0.950905 0.980036 0.707398 0.970976 0.828451 0.899867 0.737411 0.734049 0.835645 0.997856 0.828109 0.719484 0.790775 0.978126 0.776047 0.783574 0.677848 0.841660 0.653424 0.000000 0.966934 0.871924 0.877998 0.821656 0.935918 0.989307 0.766805 0.861780 0.924429 0.937889 0.982232 0.993155 0.858629 0.869531 0.870579 0.888018 0.844872 0.919458 0.878832 0.816898 0.759988 0.808410 0.747774 0.782324 0.815144 0.658176 0.771991 0.796014 0.712355 0.804754 0.889470 0.938420 0.713782 0.751587 0.963952 0.991845 0.970556 0.850182 0.834549 0.964771 0.871281 0.977946 0.729969 0.875229 0.807597 0.802978 0.855917 0.855243 0.979950 0.862093 0.889640 0.992671 0.757177 0.877618 0.729578 0.790766 0.859827 0.910688 0.724236 0.788910 0.851319 0.900967 0.954859 0.996192 0.888418 0.943858 0.790394 0.781311 0.761833 0.808843 0.792641 0.875332 0.988209 0.861518 0.920460 0.820293 0.846566 0.924924
