0.000000 0.297323 0.736786 0.654271 0.803361 0.780309 0.983418 0.651255 0.852733 0.779569 0.605290 0.344167 0.670014 0.598957 0.993500 0.799402 0.479260 0.378326 0.491639 0.389314 0.767564 0.989330 0.791019 0.715176 0.621029 0.771902 0.669884 0.959085 0.684657 0.480074 0.790480 0.712434 0.615581 0.658887 0.957970 0.826226 0.629666 0.552486 0.739130 0.734905 0.785902 0.747467 0.862070 0.976680 0.643145 0.796019 0.795912 0.921420 0.886532 0.903931 0.968035 0.920412 0.879116 0.697029 0.700707 0.872401 0.307104 0.297991 0.536849 0.429867 0.762230 0.615124 0.490974 0.310768 0.657395 0.714787 0.933778 0.906333 0.358513 0.510093 0.765496 0.926758 0.973497 0.903054 0.993544 0.898031 0.759180 0.981445 0.883324 0.825335 0.539514 0.511430 0.658757 0.550518 0.497434 0.493046 0.911828 0.881353 0.617282 0.417699 0.621962 0.636936 0.632711 0.687454 0.860131 0.976745 0.933497 0.954117 0.748038 0.722623 0.823619 0.684944 0.946167 0.996594 0.940389 0.982815 0.866669 0.955089 0.978809 0.727492 0.980735 0.862890 0.789216 0.922882 0.969502 0.829752
0.297323 0.000000 0.581108 0.536764 0.787263 0.700727 0.950336 0.619285 0.810124 0.669331 0.770008 0.409885 0.768468 0.696844 0.994929 0.806317 0.398656 0.317004 0.509877 0.428894 0.636904 0.975495 0.742092 0.660841 0.483489 0.650206 0.562286 0.981905 0.717779 0.419694 0.638138 0.637544 0.560215 0.591569 0.852768 0.734876 0.481796 0.474030 0.630371 0.755198 0.784371 0.704616 0.977890 0.872286 0.692029 0.846567 0.673283 0.796917 0.842774 0.863835 0.964047 0.801276 0.996245 0.829661 0.662300 0.799391 0.231781 0.248236 0.510423 0.415454 0.844891 0.628525 0.663599 0.395500 0.540590 0.583862 0.760543 0.745358 0.338073 0.426081 0.723956 0.878094 0.914505 0.951896 0.940205 0.977586 0.875900 0.975830 0.755479 0.676383 0.494247 0.555397 0.538442 0.489831 0.551558 0.454887 0.822098 0.883892 0.769686 0.424670 0.540850 0.576416 0.581142 0.679816 0.868896 0.983621 0.875621 0.891259 0.656980 0.765525 0.752255 0.618697 0.881048 0.934052 0.876067 0.914725 0.799597 0.988421 0.958448 0.658949 0.969237 0.833389 0.838420 0.953054 0.915299 0.837118
0.736786 0.581108 0.000000 0.301010 0.945893 0.868538 0.551673 0.506579 0.828970 0.747333 0.923610 0.818318 0.871697 0.765707 0.726720 0.575599 0.615755 0.606913 0.569933 0.637559 0.535760 0.905748 0.479615 0.478279 0.296311 0.328749 0.549678 0.937257 0.943469 0.624614 0.409275 0.513506 0.481464 0.616089 0.558526 0.649199 0.559214 0.585080 0.585695 0.951353 0.940829 0.727652 0.878747 0.811243 0.638426 0.638354 0.720131 0.816045 0.515934 0.797436 0.878028 0.988605 0.918551 0.963872 0.842354 0.985257 0.564829 0.558934 0.813695 0.723911 0.644999 0.698667 0.964873 0.812495 0.288517 0.346416 0.448262 0.533690 0.691970 0.678791 0.587607 0.744257 0.698383 0.756007 0.715098 0.935154 0.781189 0.755897 0.820950 0.905963 0.959120 0.931133 0.594617 0.858301 0.653943 0.491393 0.865146 0.986049 0.957587 0.749643 0.813926 0.733417 0.932054 0.945983 0.915630 0.891231 0.871971 0.971182 0.728769 0.876173 0.951436 0.825616 0.776480 0.885219 0.701662 0.732615 0.706742 0.839525 0.950813 0.735726 0.939727 0.818356 0.825525 0.943873 0.659688 0.964496
0.654271 0.536764 0.301010 0.000000 0.984921 0.905596 0.604653 0.395973 0.753955 0.848524 0.917093 0.683110 0.742220 0.592656 0.634278 0.439498 0.649644 0.593939 0.499834 0.603190 0.549131 0.996162 0.360715 0.387695 0.329432 0.379393 0.515579 0.970326 0.943671 0.581147 0.360044 0.443100 0.424909 0.672717 0.604471 0.623693 0.565279 0.578393 0.693657 0.978248 0.940781 0.818403 0.773749 0.733901 0.695289 0.706324 0.750609 0.753492 0.581824 0.941072 0.956645 0.797785 0.789525 0.832535 0.811137 0.970397 0.529795 0.501854 0.807980 0.577520 0.662985 0.531325 0.997056 0.705342 0.288523 0.279149 0.452740 0.521176 0.657483 0.643981 0.451791 0.616751 0.641837 0.747258 0.774818 0.948363 0.845464 0.688219 0.740181 0.793029 0.929511 0.924095 0.552265 0.801246 0.578038 0.402091 0.885057 0.922274 0.948559 0.603677 0.905256 0.824711 0.990604 0.964998 0.969174 0.851316 0.881383 0.894175 0.808588 0.954270 0.944589 0.897477 0.795829 0.856941 0.637487 0.654380 0.707504 0.790881 0.985012 0.716099 0.901975 0.888349 0.912004 0.896015 0.617442 0.919542
0.803361 0.787263 0.945893 0.984921 0.000000 0.589047 0.692025 0.764672 0.464347 0.535234 0.785602 0.938014 0.762907 0.877198 0.639462 0.792304 0.795938 0.721013 0.850817 0.975108 0.955575 0.981975 0.759479 0.891002 0.806683 0.893939 0.962936 0.979808 0.915544 0.977071 0.887575 0.871935 0.945995 0.930848 0.936734 0.946593 0.829825 0.802161 0.799541 0.758408 0.719617 0.844557 0.882118 0.983440 0.753584 0.861009 0.899434 0.958578 0.905486 0.994055 0.748184 0.841087 0.698865 0.664296 0.983813 0.931632 0.763959 0.827895 0.970769 0.984505 0.667539 0.647618 0.946229 0.995290 0.881898 0.985161 0.866315 0.993162 0.868872 0.884700 0.707267 0.940501 0.892255 0.798440 0.945261 0.959459 0.752258 0.856548 0.819812 0.984018 0.905123 0.946376 0.958329 0.768065 0.902617 0.926392 0.921566 0.897221 0.943209 0.901806 0.530785 0.552935 0.524628 0.610017 0.843149 0.897873 0.863643 0.718214 0.627980 0.685851 0.692691 0.603932 0.890064 0.885276 0.827304 0.839856 0.891348 0.918063 0.916472 0.916654 0.843944 0.799790 0.740999 0.930690 0.863650 0.985238
0.780309 0.700727 0.868538 0.905596 0.589047 0.000000 0.741636 0.882396 0.551825 0.576939 0.805782 0.887706 0.949551 0.968467 0.822811 0.865507 0.891071 0.763087 0.986239 0.845398 0.762277 0.923385 0.828813 0.902019 0.835389 0.886620 0.809004 0.907974 0.918875 0.859357 0.976513 0.909719 0.931123 0.946047 0.907509 0.982271 0.774073 0.833885 0.780694 0.808958 0.729321 0.923369 0.870176 0.920889 0.615076 0.743590 0.989511 0.850724 0.771957 0.838173 0.774326 0.878432 0.740982 0.688970 0.962543 0.802129 0.726980 0.761621 0.951151 0.871014 0.800057 0.912841 0.978639 0.981854 0.809688 0.923160 0.889307 0.902342 0.737824 0.829490 0.900317 0.906152 0.951292 0.868494 0.864818 0.894207 0.759129 0.851987 0.815357 0.889521 0.992087 0.938880 0.909174 0.793863 0.925433 0.928510 0.981013 0.999012 0.952692 0.880474 0.496927 0.583227 0.541011 0.725166 0.882906 0.979726 0.864537 0.850504 0.585784 0.669715 0.742600 0.740387 0.749179 0.882093 0.867497 0.938122 0.930240 0.881849 0.936116 0.809344 0.979349 0.704075 0.787299 0.966340 0.817532 0.838270
0.983418 0.950336 0.551673 0.604653 0.692025 0.741636 0.000000 0.419652 0.537317 0.656575 0.891822 0.955182 0.882246 0.899306 0.719356 0.794457 0.852202 0.987788 0.617288 0.906554 0.895904 0.821239 0.643508 0.832158 0.775078 0.735504 0.892906 0.918528 0.739735 0.895030 0.589716 0.697145 0.769064 0.710605 0.703517 0.862025 0.943998 0.976837 0.969882 0.923557 0.780445 0.807463 0.816615 0.799963 0.998978 0.961133 0.832783 0.790521 0.873116 0.923363 0.876430 0.942687 0.809561 0.836271 0.922114 0.991219 0.934142 0.919109 0.752537 0.777838 0.378809 0.652330 0.783069 0.890808 0.713325 0.685502 0.651640 0.700683 0.946761 0.980010 0.657739 0.906533 0.758068 0.829199 0.899334 0.964842 0.685492 0.798137 0.952973 0.920321 0.911313 0.978095 0.877038 0.810228 0.779210 0.860684 0.992399 0.866375 0.891093 0.993767 0.695130 0.769217 0.642084 0.771632 0.930806 0.818081 0.827559 0.789552 0.813353 0.803637 0.704407 0.864052 0.967318 0.971839 0.722169 0.796292 0.724770 0.822743 0.935485 0.884796 0.812693 0.946479 0.872192 0.960373 0.731174 0.866324
0.651255 0.619285 0.506579 0.395973 0.764672 0.882396 0.419652 0.000000 0.572658 0.749312 0.988925 0.620777 0.602432 0.527372 0.545746 0.530690 0.706208 0.697736 0.445534 0.612435 0.750065 0.882548 0.436668 0.550904 0.624041 0.652441 0.797026 0.990808 0.664158 0.622570 0.426769 0.494450 0.530272 0.665171 0.711608 0.741392 0.780062 0.770670 0.959503 0.977439 0.903425 0.799874 0.683991 0.665199 0.944629 0.974802 0.734006 0.691228 0.912544 0.896921 0.700599 0.676833 0.665121 0.724736 0.816437 0.955832 0.645934 0.603699 0.670521 0.489283 0.458583 0.336192 0.773227 0.578075 0.577619 0.491520 0.607108 0.606753 0.753309 0.717629 0.420848 0.623446 0.603428 0.679909 0.887477 0.952177 0.745242 0.765967 0.808867 0.806522 0.824202 0.770074 0.714579 0.947044 0.547689 0.554506 0.984176 0.971334 0.860875 0.646333 0.782766 0.817766 0.748200 0.759273 0.909041 0.810840 0.749504 0.785121 0.820437 0.754127 0.788221 0.895642 0.973711 0.921531 0.644736 0.651092 0.667019 0.698084 0.957938 0.772630 0.803679 0.917400 0.877738 0.990894 0.695364 0.868815
0.852733 0.810124 0.828970 0.753955 0.464347 0.551825 0.537317 0.572658 0.000000 0.516881 0.795334 0.947042 0.642228 0.712026 0.519458 0.579964 0.845890 0.786548 0.757565 0.998501 0.938518 0.995093 0.569639 0.720197 0.984401 0.917782 0.967740 0.948178 0.946628 0.957001 0.681170 0.825616 0.920744 0.996927 0.862609 0.988741 0.808847 0.890271 0.796951 0.717191 0.738582 0.932815 0.839689 0.928548 0.873954 0.995911 0.918394 0.935935 0.928019 0.887272 0.842088 0.891134 0.680871 0.634029 0.975483 0.851205 0.786252 0.881190 0.847881 0.946671 0.576797 0.606138 0.979526 0.985065 0.935256 0.804644 0.816684 0.901066 0.850484 0.928518 0.580554 0.698689 0.636856 0.563443 0.932595 0.991946 0.640635 0.722230 0.837083 0.932296 0.823896 0.878093 0.986901 0.656077 0.904229 0.963474 0.876172 0.968214 0.984691 0.950825 0.412750 0.493555 0.405686 0.473011 0.827812 0.794341 0.793699 0.809030 0.593532 0.649048 0.654872 0.631092 0.907097 0.826227 0.725706 0.810851 0.920882 0.678658 0.986294 0.960028 0.869148 0.814770 0.805251 0.978647 0.692147 0.893015
0.779569 0.669331 0.747333 0.848524 0.535234 0.576939 0.656575 0.749312 0.516881 0.000000 0.901588 0.912444 0.776453 0.903942 0.759492 0.998748 0.731651 0.672373 0.995539 0.806623 0.712308 0.901056 0.978095 0.828680 0.580390 0.651172 0.627292 0.970039 0.758152 0.869083 0.979431 0.970037 0.854140 0.940951 0.933394 0.822668 0.576712 0.650677 0.514069 0.804431 0.746404 0.856256 0.846921 0.924238 0.617646 0.674365 0.910229 0.975261 0.654158 0.860809 0.691217 0.851559 0.750564 0.704790 0.919758 0.917193 0.625292 0.674672 0.957651 0.987110 0.684665 0.777369 0.900066 0.957084 0.637865 0.742498 0.870441 0.849853 0.662413 0.760749 0.840243 0.827005 0.922171 0.836156 0.784770 0.894291 0.761073 0.996115 0.839727 0.854299 0.833045 0.876630 0.690043 0.550254 0.869446 0.688375 0.723688 0.807303 0.992758 0.784440 0.350918 0.349258 0.391690 0.506530 0.862270 0.822673 0.866228 0.783517 0.434296 0.510426 0.564221 0.569537 0.714428 0.784603 0.997466 0.966806 0.966763 0.779585 0.916236 0.888156 0.854428 0.701434 0.711859 0.900829 0.936304 0.892726
0.605290 0.770008 0.923610 0.917093 0.785602 0.805782 0.891822 0.988925 0.795334 0.901588 0.000000 0.668581 0.763584 0.848787 0.818419 0.793892 0.757629 0.728233 0.744637 0.654593 0.972259 0.988430 0.725899 0.788334 0.999915 0.878867 0.960002 0.855048 0.761794 0.818445 0.764271 0.851545 0.940793 0.773328 0.783197 0.811943 0.834937 0.881600 0.952754 0.734348 0.691706 0.894312 0.599159 0.735459 0.630141 0.712473 0.835640 0.710618 0.848885 0.757480 0.657465 0.651373 0.530275 0.499498 0.962980 0.990418 0.792871 0.772599 0.848589 0.873279 0.852402 0.985821 0.549831 0.713059 0.957247 0.882128 0.639577 0.711343 0.645470 0.910955 0.884713 0.817319 0.719947 0.699421 0.987690 0.919120 0.639699 0.812900 0.880432 0.891152 0.934186 0.772898 0.949821 0.813440 0.933306 0.973013 0.987108 0.954253 0.803873 0.886348 0.749839 0.772963 0.687778 0.743864 0.729032 0.862482 0.991701 0.861884 0.759463 0.632884 0.948623 0.801265 0.905891 0.986832 0.738074 0.702378 0.845068 0.811752 0.939969 0.989047 0.851788 0.841702 0.721021 0.761544 0.890797 0.700691
0.344167 0.409885 0.818318 0.683110 0.938014 0.887706 0.955182 0.620777 0.947042 0.912444 0.668581 0.000000 0.576174 0.462886 0.825025 0.698664 0.572946 0.428311 0.509340 0.405075 0.754221 0.910070 0.743926 0.680078 0.706314 0.831750 0.789976 0.954553 0.698640 0.469002 0.775954 0.700785 0.646915 0.746103 0.892393 0.914239 0.699314 0.650360 0.872031 0.934219 0.843399 0.770812 0.961676 0.961465 0.745723 0.874885 0.873711 0.913262 0.920264 0.887865 0.943914 0.850365 0.998228 0.882810 0.750429 0.953477 0.446151 0.403873 0.655877 0.511842 0.815963 0.507862 0.628340 0.369219 0.730592 0.725240 0.965347 0.924633 0.408428 0.575565 0.726598 0.768223 0.938301 0.928748 0.979953 0.966867 0.885421 0.994471 0.860082 0.709495 0.549066 0.511709 0.694365 0.610085 0.540982 0.526272 0.912954 0.855090 0.600859 0.501829 0.800728 0.819189 0.794978 0.889240 0.871045 0.951111 0.908435 0.998800 0.878707 0.875001 0.884857 0.869578 0.959531 0.949035 0.870624 0.956055 0.840674 0.961251 0.945222 0.787457 0.999814 0.999549 0.862845 0.871250 0.961940 0.900444
0.670014 0.768468 0.871697 0.742220 0.762907 0.949551 0.882246 0.602432 0.642228 0.776453 0.763584 0.576174 0.000000 0.398485 0.519988 0.640783 0.896272 0.859482 0.571802 0.614586 0.904539 0.956918 0.690881 0.763972 0.894379 0.918698 0.944057 0.927091 0.699922 0.664551 0.734116 0.652589 0.791281 0.835173 0.952150 0.976534 0.850394 0.887375 0.889226 0.970838 0.972862 0.933444 0.969990 0.955666 0.788546 0.808135 0.939851 0.855706 0.822774 0.927368 0.974824 0.948479 0.978628 0.957617 0.994582 0.873036 0.854895 0.748844 0.992290 0.776366 0.590434 0.543033 0.711831 0.619564 0.872767 0.807911 0.913980 0.938957 0.733073 0.786216 0.583972 0.606975 0.742688 0.718717 0.921701 0.931610 0.973259 0.815278 0.906058 0.979138 0.929511 0.871625 0.872190 0.916160 0.801213 0.826342 0.893226 0.926247 0.795262 0.802515 0.772320 0.780143 0.813294 0.722286 0.938594 0.862790 0.677638 0.860246 0.853333 0.931446 0.798970 0.761536 0.971532 0.819682 0.921734 0.897597 0.948037 0.799945 0.985141 0.909092 0.948899 0.966825 0.996191 0.930969 0.829943 0.842589
0.598957 0.696844 0.765707 0.592656 0.877198 0.968467 0.899306 0.527372 0.712026 0.903942 0.848787 0.462886 0.398485 0.000000 0.506870 0.466993 0.853609 0.692223 0.551054 0.504819 0.770923 0.906395 0.532970 0.540403 0.787487 0.778539 0.848039 0.916667 0.799128 0.625228 0.648309 0.603752 0.706712 0.888079 0.859513 0.940389 0.841526 0.827488 0.999620 0.957976 0.980425 0.817840 0.974366 0.976717 0.761884 0.812379 0.998168 0.982334 0.827310 0.979626 0.915246 0.836776 0.906007 0.888817 0.925457 0.867950 0.749821 0.624496 0.948775 0.672156 0.718155 0.452629 0.790718 0.552837 0.755145 0.673257 0.906078 0.937155 0.709857 0.756874 0.514726 0.554109 0.653586 0.597808 0.837204 0.982985 0.988971 0.908519 0.895646 0.890752 0.884081 0.802892 0.800356 0.969320 0.651553 0.625649 0.974761 0.946170 0.744632 0.625087 0.871642 0.871204 0.856170 0.737835 0.960259 0.767512 0.829480 0.883163 0.898787 0.905424 0.871551 0.826265 0.966000 0.818552 0.774181 0.704041 0.899762 0.771868 0.998476 0.833574 0.962895 0.974056 0.962788 0.950314 0.812484 0.967538
0.993500 0.994929 0.726720 0.634278 0.639462 0.822811 0.719356 0.545746 0.519458 0.759492 0.818419 0.825025 0.519988 0.506870 0.000000 0.448607 0.926317 0.990449 0.785460 0.843637 0.775570 0.962833 0.437067 0.573371 0.874617 0.804089 0.983653 0.976569 0.842093 0.797771 0.613087 0.624384 0.726419 0.960199 0.770213 0.827935 0.907988 0.988015 0.863472 0.835923 0.846453 0.953001 0.797714 0.871990 0.993937 0.950406 0.996648 0.950299 0.877718 0.987255 0.850923 0.795913 0.688149 0.613571 0.982089 0.842772 0.934254 0.939037 0.896694 0.890570 0.650170 0.602877 0.998431 0.875090 0.790850 0.704337 0.728011 0.788634 0.984509 0.851403 0.432066 0.499791 0.561629 0.540784 0.739313 0.982240 0.687979 0.757563 0.918944 0.968289 0.934857 0.912711 0.784772 0.825739 0.803706 0.787417 0.892222 0.989170 0.898104 0.940503 0.612761 0.627927 0.590624 0.467829 0.823126 0.880820 0.821089 0.876273 0.680734 0.664141 0.805806 0.610522 0.929285 0.838501 0.667903 0.656514 0.857777 0.784155 0.873232 0.974719 0.895969 0.852720 0.843668 0.970579 0.749504 0.858248
0.799402 0.806317 0.575599 0.439498 0.792304 0.865507 0.794457 0.530690 0.579964 0.998748 0.793892 0.698664 0.640783 0.466993 0.448607 0.000000 0.907855 0.817578 0.639803 0.717611 0.676497 0.896544 0.263444 0.317275 0.593280 0.572142 0.668828 0.986362 0.928001 0.622666 0.503853 0.532990 0.573035 0.898054 0.589520 0.689920 0.804537 0.801709 0.909512 0.977807 0.990726 0.993755 0.770119 0.785313 0.939036 0.885403 0.865658 0.809157 0.808233 0.906585 0.821455 0.695992 0.623514 0.644040 0.795489 0.957693 0.807464 0.714384 0.944419 0.739736 0.724009 0.516614 0.952163 0.730926 0.525224 0.460080 0.489441 0.603507 0.796384 0.737559 0.401526 0.539429 0.605450 0.606399 0.767503 0.899474 0.711745 0.734249 0.882473 0.850503 0.952552 0.933569 0.602034 0.935794 0.535375 0.487530 0.938562 0.751811 0.738688 0.617363 0.803289 0.872073 0.738813 0.697878 0.862163 0.789479 0.856641 0.973561 0.858811 0.793464 0.964761 0.838511 0.984128 0.986563 0.530055 0.600064 0.802793 0.752462 0.971744 0.890317 0.866367 0.854649 0.925465 0.963025 0.619645 0.839866
0.479260 0.398656 0.615755 0.649644 0.795938 0.891071 0.852202 0.706208 0.845890 0.731651 0.757629 0.572946 0.896272 0.853609 0.926317 0.907855 0.000000 0.364414 0.604666 0.573915 0.725545 0.965044 0.814862 0.797170 0.510901 0.674225 0.688361 0.930268 0.579137 0.467660 0.719237 0.714586 0.656306 0.542657 0.768519 0.820040 0.612674 0.570760 0.672100 0.766922 0.897253 0.633469 0.961678 0.829497 0.814099 0.921417 0.594287 0.738852 0.875864 0.899544 0.944237 0.942848 0.953993 0.833862 0.618350 0.641097 0.406338 0.426208 0.601182 0.604856 0.837730 0.778434 0.627572 0.499139 0.597974 0.664451 0.748319 0.712036 0.494672 0.592578 0.817070 0.983505 0.972099 0.883315 0.966790 0.942668 0.988420 0.963495 0.829296 0.710740 0.506265 0.493818 0.633355 0.484859 0.586563 0.560615 0.714227 0.945007 0.868833 0.543086 0.638169 0.627204 0.669415 0.668995 0.810953 0.904572 0.860975 0.894803 0.678433 0.794242 0.880320 0.643233 0.850817 0.903082 0.915146 0.922701 0.896400 0.982532 0.936297 0.638882 0.990924 0.844810 0.839586 0.863579 0.893358 0.941582
0.378326 0.317004 0.606913 0.593939 0.721013 0.763087 0.987788 0.697736 0.786548 0.672373 0.728233 0.428311 0.859482 0.692223 0.990449 0.817578 0.364414 0.000000 0.560949 0.458778 0.648275 0.953288 0.779798 0.684890 0.486523 0.589677 0.645891 0.931881 0.702552 0.436517 0.682438 0.685355 0.582866 0.661111 0.802038 0.753377 0.540728 0.468448 0.670996 0.788969 0.822080 0.630742 0.995553 0.863408 0.695948 0.852613 0.720908 0.768958 0.836376 0.926597 0.967623 0.869395 0.942376 0.825214 0.631802 0.794609 0.321191 0.297232 0.645395 0.558168 0.950688 0.706535 0.713225 0.428307 0.561561 0.612609 0.796984 0.794879 0.411080 0.465299 0.768646 0.926927 0.964164 0.959037 0.942069 0.972803 0.903719 0.992161 0.753483 0.658887 0.487365 0.521022 0.606033 0.453348 0.591213 0.470292 0.733367 0.987822 0.774080 0.484350 0.557849 0.577722 0.615008 0.674727 0.883276 0.901298 0.951435 0.999685 0.644459 0.779057 0.802362 0.622386 0.857459 0.919315 0.871064 0.911611 0.816010 0.987935 0.964898 0.690494 0.982324 0.765506 0.731801 0.895766 0.897375 0.892721
0.491639 0.509877 0.569933 0.499834 0.850817 0.986239 0.617288 0.445534 0.757565 0.995539 0.744637 0.509340 0.571802 0.551054 0.785460 0.639803 0.604666 0.560949 0.000000 0.442172 0.759839 0.979833 0.589113 0.632062 0.577675 0.632063 0.689385 0.967430 0.737324 0.532937 0.602039 0.620212 0.603996 0.660662 0.772983 0.793212 0.620468 0.624585 0.864742 0.809126 0.846851 0.730627 0.938497 0.962370 0.684312 0.715529 0.822766 0.918879 0.687261 0.889355 0.953544 0.963326 0.996654 0.890333 0.695392 0.988302 0.516745 0.458913 0.700611 0.576454 0.521746 0.450750 0.639397 0.473395 0.549501 0.537412 0.753579 0.856812 0.535398 0.630299 0.668309 0.834468 0.823026 0.865138 0.871754 0.905770 0.956258 0.911536 0.980398 0.897962 0.754447 0.661833 0.671374 0.734562 0.494548 0.495894 0.873443 0.934514 0.818209 0.546918 0.930936 0.891198 0.976247 0.949281 0.952871 0.902658 0.754157 0.840681 0.914992 0.867794 0.841893 0.894589 0.913156 0.985675 0.726480 0.879806 0.868952 0.936438 0.927487 0.719589 0.858304 0.915781 0.814566 0.869572 0.745788 0.867975
0.389314 0.428894 0.637559 0.603190 0.975108 0.845398 0.906554 0.612435 0.998501 0.806623 0.654593 0.405075 0.614586 0.504819 0.843637 0.717611 0.573915 0.458778 0.442172 0.000000 0.710056 0.872738 0.721472 0.644300 0.581547 0.687814 0.649732 0.953125 0.768000 0.512005 0.719499 0.695889 0.604200 0.709377 0.868610 0.825959 0.587014 0.591720 0.786218 0.874269 0.827224 0.742251 0.782565 0.879289 0.564871 0.658026 0.896247 0.990075 0.713094 0.858660 0.830217 0.950287 0.824196 0.741213 0.851906 0.974109 0.449665 0.377772 0.736644 0.575148 0.741472 0.562344 0.626170 0.414582 0.626991 0.652800 0.910804 0.895865 0.380424 0.546755 0.736763 0.860977 0.901875 0.975237 0.886938 0.939414 0.865568 0.976177 0.868238 0.773876 0.686106 0.580638 0.655797 0.644652 0.558503 0.556622 0.922346 0.908586 0.691202 0.559166 0.704759 0.729784 0.745313 0.835030 0.891081 0.975756 0.825999 0.997423 0.731889 0.706231 0.915463 0.746064 0.849573 0.963054 0.889516 0.906184 0.945188 0.978082 0.854971 0.776386 0.951515 0.816046 0.772317 0.872706 0.951234 0.878562
0.767564 0.636904 0.535760 0.549131 0.955575 0.762277 0.895904 0.750065 0.938518 0.712308 0.972259 0.754221 0.904539 0.770923 0.775570 0.676497 0.725545 0.648275 0.759839 0.710056 0.000000 0.981037 0.672761 0.643231 0.498487 0.501613 0.703373 0.969280 0.991259 0.728524 0.575328 0.715449 0.645223 0.798241 0.728800 0.811103 0.668540 0.798748 0.757547 0.995650 0.822247 0.810829 0.980234 0.992805 0.665511 0.653055 0.925818 0.942788 0.623235 0.859145 0.859645 0.985602 0.964335 0.972522 0.859209 0.936809 0.667640 0.677049 0.953652 0.909191 0.962377 0.814807 0.992971 0.870399 0.509123 0.561714 0.672658 0.794082 0.697925 0.823380 0.722402 0.808026 0.731468 0.759692 0.711573 0.944337 0.920817 0.916931 0.788974 0.789819 0.902528 0.887070 0.731303 0.844508 0.779954 0.627658 0.861435 0.946354 0.968505 0.791486 0.746887 0.712744 0.807239 0.983442 0.952216 0.935099 0.953827 0.823241 0.704515 0.864088 0.826079 0.825672 0.763024 0.966323 0.798625 0.864750 0.916308 0.964843 0.919435 0.841859 0.911079 0.731201 0.870475 0.902259 0.746515 0.950308
0.989330 0.975495 0.905748 0.996162 0.981975 0.923385 0.821239 0.882548 0.995093 0.901056 0.988430 0.910070 0.956918 0.906395 0.962833 0.896544 0.965044 0.953288 0.979833 0.872738 0.981037 0.000000 0.940618 0.937814 0.927261 0.951671 0.863172 0.930914 0.943595 0.932086 0.904251 0.927344 0.969035 0.719805 0.905222 0.954571 0.992270 0.914556 0.937608 0.827985 0.952216 0.865071 0.857530 0.872229 0.926213 0.927557 0.860947 0.958500 0.906695 0.929493 0.906158 0.985396 0.975576 0.954830 0.982660 0.902346 0.977210 0.925468 0.854999 0.968231 0.834254 0.997956 0.949411 0.978379 0.998718 0.998021 0.874054 0.894879 0.969083 0.879380 0.969232 0.867361 0.960401 0.906695 0.900395 0.985908 0.950055 0.961317 0.982041 0.886187 0.978752 0.984741 0.906454 0.967845 0.895712 0.948018 0.954102 0.842540 0.797665 0.898279 0.923933 0.945567 0.951256 0.968797 0.931755 0.962622 0.952276 0.933228 0.890175 0.886736 0.889119 0.970077 0.853428 0.878996 0.970092 0.986565 0.828599 0.978676 0.998840 0.774587 0.825751 0.916641 0.816823 0.933111 0.782010 0.920939
0.791019 0.742092 0.479615 0.360715 0.759479 0.828813 0.643508 0.436668 0.569639 0.978095 0.725899 0.743926 0.690881 0.532970 0.437067 0.263444 0.814862 0.779798 0.589113 0.721472 0.672761 0.940618 0.000000 0.299991 0.531418 0.525078 0.621009 0.984001 0.877297 0.586359 0.396363 0.462277 0.493591 0.833150 0.583684 0.633748 0.753363 0.735679 0.871841 0.967577 0.955644 0.903545 0.725993 0.741427 0.964725 0.910385 0.780674 0.758471 0.799432 0.880857 0.784234 0.658417 0.583278 0.619307 0.779085 0.997252 0.729760 0.659901 0.872566 0.676298 0.651157 0.511736 0.984353 0.709057 0.469605 0.409777 0.387084 0.510145 0.817709 0.676988 0.346148 0.555982 0.574393 0.624168 0.776460 0.937354 0.679054 0.714055 0.843461 0.796961 0.916182 0.937335 0.543457 0.945226 0.498328 0.442929 0.943192 0.756890 0.838301 0.600155 0.823023 0.891648 0.732597 0.713961 0.912806 0.814037 0.821168 0.863188 0.879540 0.777975 0.932328 0.856179 0.984639 0.980082 0.498781 0.546281 0.819417 0.747167 0.986760 0.843322 0.822228 0.878172 0.947137 0.960870 0.621303 0.844309
0.715176 0.660841 0.478279 0.387695 0.891002 0.902019 0.832158 0.550904 0.720197 0.828680 0.788334 0.680078 0.763972 0.540403 0.573371 0.317275 0.797170 0.684890 0.632062 0.644300 0.643231 0.937814 0.299991 0.000000 0.475789 0.473173 0.559048 0.982101 0.999888 0.608633 0.494899 0.562122 0.472446 0.868604 0.609992 0.666629 0.664496 0.663859 0.745413 0.989351 0.971098 0.868090 0.796645 0.817624 0.871996 0.842019 0.751802 0.765653 0.756839 0.906069 0.830424 0.687196 0.677598 0.695301 0.766587 0.998774 0.654159 0.604899 0.898544 0.724741 0.845853 0.603770 0.930531 0.721424 0.452296 0.403526 0.416280 0.540477 0.743261 0.665943 0.478460 0.585334 0.660897 0.615641 0.739643 0.840440 0.787242 0.736700 0.825956 0.755076 0.856761 0.855950 0.535114 0.811093 0.522819 0.377527 0.837119 0.694482 0.777458 0.581480 0.997054 0.914216 0.918679 0.889790 0.906844 0.887115 0.855984 0.945951 0.996085 0.931435 0.960332 0.992108 0.961127 0.971576 0.544371 0.581461 0.872466 0.850778 0.999197 0.837378 0.927126 0.925327 0.993247 0.956433 0.688895 0.847106
0.621029 0.483489 0.296311 0.329432 0.806683 0.835389 0.775078 0.624041 0.984401 0.580390 0.999915 0.706314 0.894379 0.787487 0.874617 0.593280 0.510901 0.486523 0.577675 0.581547 0.498487 0.927261 0.531418 0.475789 0.000000 0.294416 0.481603 0.942393 0.994686 0.583711 0.481241 0.581653 0.468718 0.643602 0.594365 0.661170 0.481722 0.515587 0.543385 0.879662 0.832860 0.713616 0.914166 0.817808 0.600263 0.614254 0.716685 0.823152 0.521719 0.850485 0.834973 0.994726 0.989811 0.948505 0.795732 0.930274 0.457901 0.457451 0.822028 0.713124 0.828738 0.733271 0.991043 0.726405 0.261220 0.329697 0.507574 0.557854 0.563653 0.661232 0.660909 0.802263 0.799664 0.880851 0.746222 0.936971 0.940242 0.769592 0.810596 0.788932 0.832599 0.794197 0.521829 0.628393 0.589183 0.402950 0.758875 0.918973 0.988242 0.616343 0.640464 0.565312 0.722035 0.763796 0.869710 0.863120 0.901247 0.939565 0.579353 0.732148 0.771667 0.648109 0.707969 0.761758 0.727119 0.774430 0.771044 0.957352 0.941679 0.702117 0.965534 0.779057 0.737098 0.842026 0.635940 0.997608
0.771902 0.650206 0.328749 0.379393 0.893939 0.886620 0.735504 0.652441 0.917782 0.651172 0.878867 0.831750 0.918698 0.778539 0.804089 0.572142 0.674225 0.589677 0.632063 0.687814 0.501613 0.951671 0.525078 0.473173 0.294416 0.000000 0.593636 0.953897 0.960063 0.697798 0.516778 0.613539 0.500234 0.720409 0.530282 0.656201 0.579163 0.587731 0.621533 0.915678 0.895371 0.781295 0.849597 0.804789 0.665176 0.650552 0.734469 0.838675 0.530694 0.833422 0.895008 0.957640 0.962200 0.953882 0.770336 0.951428 0.612678 0.598401 0.931386 0.820719 0.855530 0.777050 0.935148 0.843914 0.308931 0.337659 0.479757 0.540206 0.741581 0.738144 0.663928 0.770343 0.736498 0.767712 0.712033 0.876141 0.855019 0.714407 0.810663 0.875552 0.917328 0.895605 0.563414 0.755143 0.656547 0.446470 0.738920 0.974375 0.999713 0.754652 0.778169 0.675668 0.867360 0.862186 0.997018 0.799431 0.897022 0.877894 0.688196 0.807450 0.867704 0.781531 0.713192 0.836796 0.653678 0.677593 0.765306 0.904030 0.999808 0.732793 0.952748 0.725171 0.839987 0.954924 0.644959 0.997553
0.669884 0.562286 0.549678 0.515579 0.962936 0.809004 0.892906 0.797026 0.967740 0.627292 0.960002 0.789976 0.944057 0.848039 0.983653 0.668828 0.688361 0.645891 0.689385 0.649732 0.703373 0.863172 0.621009 0.559048 0.481603 0.593636 0.000000 0.984128 0.984553 0.668938 0.668835 0.680793 0.567276 0.827515 0.769385 0.709268 0.491678 0.521032 0.675866 0.950348 0.868574 0.729328 0.912868 0.960021 0.659825 0.695304 0.972636 0.970123 0.669655 0.942479 0.898851 0.939353 0.937000 0.872410 0.847612 0.980014 0.526369 0.521834 0.761317 0.695916 0.904034 0.771929 0.974841 0.751709 0.497851 0.589599 0.627228 0.799722 0.617595 0.614353 0.731864 0.966409 0.957174 0.887116 0.745423 0.974401 0.995832 0.925746 0.901566 0.826717 0.975046 0.975319 0.595867 0.693049 0.634503 0.564166 0.726119 0.762259 0.891640 0.621870 0.651172 0.672804 0.740665 0.816139 0.857100 0.973462 0.987720 0.967212 0.606190 0.723025 0.664079 0.762486 0.788612 0.872913 0.808959 0.848770 0.958519 0.959452 0.935620 0.836600 0.997894 0.874936 0.791768 0.892665 0.924335 0.910821
0.959085 0.981905 0.937257 0.970326 0.979808 0.907974 0.918528 0.990808 0.948178 0.970039 0.855048 0.954553 0.927091 0.916667 0.976569 0.986362 0.930268 0.931881 0.967430 0.953125 0.969280 0.930914 0.984001 0.982101 0.942393 0.953897 0.984128 0.000000 0.894857 0.963356 0.991943 0.997682 0.987313 0.995017 0.870267 0.852685 0.943878 0.959706 0.737321 0.893266 0.879842 0.997089 0.825660 0.858836 0.807119 0.811759 0.889243 0.945043 0.822964 0.777398 0.819777 0.791944 0.816921 0.834556 0.875708 0.882598 0.946737 0.908585 0.874458 0.934330 0.811847 0.982206 0.846163 0.917686 0.929379 0.937076 0.910935 0.965982 0.957546 0.956158 0.995184 0.914991 0.998860 0.964982 0.972884 0.914663 0.911490 0.871886 0.971010 0.956905 0.980826 0.912692 0.994501 0.889404 0.904444 0.941534 0.941017 0.920160 0.907136 0.982471 0.939255 0.883761 0.959554 0.971383 0.885531 0.934696 0.921322 0.984331 0.882505 0.872256 0.984007 0.878521 0.819663 0.994864 0.901518 0.751174 0.975650 0.870762 0.861501 0.849226 0.949529 0.822923 0.906097 0.775182 0.991057 0.922041
0.684657 0.717779 0.943469 0.943671 0.915544 0.918875 0.739735 0.664158 0.946628 0.758152 0.761794 0.698640 0.699922 0.799128 0.842093 0.928001 0.579137 0.702552 0.737324 0.768000 0.991259 0.943595 0.877297 0.999888 0.994686 0.960063 0.984553 0.894857 0.000000 0.529578 0.849248 0.828925 0.867929 0.729751 0.864485 0.962886 0.863977 0.903131 0.939476 0.803322 0.976150 0.842986 0.902733 0.832782 0.899556 0.804134 0.777529 0.885123 0.777135 0.717134 0.823466 0.808292 0.923756 0.976544 0.831030 0.749850 0.761592 0.733760 0.661973 0.667446 0.679483 0.773519 0.514448 0.544834 0.991256 0.979118 0.957610 0.902594 0.770071 0.730474 0.727708 0.921851 0.950864 0.973147 0.974053 0.984518 0.837713 0.952078 0.920160 0.880517 0.662890 0.656740 0.903610 0.932742 0.726859 0.912580 0.925580 0.956813 0.821126 0.760105 0.920928 0.843779 0.918731 0.921910 0.951768 0.873117 0.751006 0.837741 0.859384 0.826933 0.837723 0.922139 0.833744 0.762830 0.970283 0.994121 0.949706 0.946463 0.906770 0.866090 0.898295 0.890426 0.921634 0.935614 0.993065 0.960570
0.480074 0.419694 0.624614 0.581147 0.977071 0.859357 0.895030 0.622570 0.957001 0.869083 0.818445 0.469002 0.664551 0.625228 0.797771 0.622666 0.467660 0.436517 0.532937 0.512005 0.728524 0.932086 0.586359 0.608633 0.583711 0.697798 0.668938 0.963356 0.529578 0.000000 0.616378 0.607955 0.574467 0.650291 0.726163 0.778567 0.599426 0.650064 0.716564 0.755670 0.832921 0.879224 0.936644 0.835001 0.858229 0.939214 0.659848 0.799666 0.915992 0.801684 0.916533 0.746771 0.921413 0.988650 0.629761 0.859115 0.425251 0.403999 0.573779 0.481205 0.734343 0.637712 0.675224 0.439790 0.587195 0.636191 0.667474 0.706996 0.454871 0.429183 0.583397 0.817155 0.922616 0.940230 0.953589 0.986993 0.918664 0.913061 0.843892 0.730325 0.583275 0.632607 0.583063 0.673633 0.528011 0.537390 0.893175 0.821701 0.716781 0.488434 0.779637 0.786957 0.836554 0.880884 0.835205 0.931022 0.763731 0.908652 0.856736 0.964889 0.922426 0.834667 0.989113 0.966307 0.855757 0.835180 0.876079 0.941432 0.957752 0.760688 0.836182 0.973011 0.882682 0.975244 0.784545 0.931463
0.790480 0.638138 0.409275 0.360044 0.887575 0.976513 0.589716 0.426769 0.681170 0.979431 0.764271 0.775954 0.734116 0.648309 0.613087 0.503853 0.719237 0.682438 0.602039 0.719499 0.575328 0.904251 0.396363 0.494899 0.481241 0.516778 0.668835 0.991943 0.849248 0.616378 0.000000 0.408015 0.507840 0.669958 0.630701 0.664152 0.768225 0.735188 0.876481 0.947785 0.982641 0.807764 0.690326 0.677594 0.903829 0.906444 0.774439 0.742410 0.779280 0.926326 0.858855 0.716848 0.701591 0.708242 0.831214 0.940883 0.637372 0.632041 0.854710 0.697329 0.705344 0.582670 0.982286 0.761286 0.488216 0.487465 0.463423 0.528668 0.794445 0.703338 0.450571 0.520130 0.549632 0.651972 0.899856 0.969733 0.650391 0.627797 0.749230 0.734078 0.884589 0.965117 0.729601 0.991720 0.724858 0.602238 0.952537 0.895403 0.958035 0.691543 0.910121 0.942447 0.791923 0.733897 0.995056 0.769084 0.819640 0.836496 0.967391 0.774213 0.951206 0.919963 0.977080 0.961785 0.634071 0.631002 0.671022 0.686811 0.923931 0.717415 0.830291 0.979664 0.928718 0.996071 0.635642 0.841777
0.712434 0.637544 0.513506 0.443100 0.871935 0.909719 0.697145 0.494450 0.825616 0.970037 0.851545 0.700785 0.652589 0.603752 0.624384 0.532990 0.714586 0.685355 0.620212 0.695889 0.715449 0.927344 0.462277 0.562122 0.581653 0.613539 0.680793 0.997682 0.828925 0.607955 0.408015 0.000000 0.525489 0.750409 0.693202 0.729083 0.779976 0.743321 0.831312 0.938885 0.969163 0.849592 0.682528 0.674911 0.867370 0.909612 0.733061 0.735442 0.793513 0.886045 0.858794 0.719161 0.727451 0.779610 0.908599 0.996766 0.671960 0.630776 0.792184 0.649207 0.638543 0.570094 0.875982 0.653691 0.501498 0.474968 0.585419 0.593814 0.758033 0.756660 0.493618 0.678778 0.717880 0.755109 0.874718 0.917059 0.791839 0.800098 0.785480 0.753475 0.810674 0.823257 0.625710 0.899417 0.606586 0.544152 0.995703 0.996134 0.887108 0.658438 0.985082 0.968220 0.918603 0.889366 0.921204 0.851723 0.902480 0.780643 0.982443 0.923877 0.966211 0.915257 0.989048 0.890609 0.587930 0.618690 0.722463 0.805168 0.980166 0.784495 0.834675 0.873157 0.962128 0.969880 0.787740 0.952226
0.615581 0.560215 0.481464 0.424909 0.945995 0.931123 0.769064 0.530272 0.920744 0.854140 0.940793 0.646915 0.791281 0.706712 0.726419 0.573035 0.656306 0.582866 0.603996 0.604200 0.645223 0.969035 0.493591 0.472446 0.468718 0.500234 0.567276 0.987313 0.867929 0.574467 0.507840 0.525489 0.000000 0.682214 0.607256 0.650990 0.708531 0.584190 0.753922 0.956325 0.944883 0.868579 0.916611 0.870659 0.779106 0.774881 0.770192 0.820896 0.737575 0.998875 0.959957 0.845767 0.917972 0.941825 0.800426 0.895087 0.544908 0.529116 0.745571 0.620414 0.785503 0.579339 0.881024 0.621982 0.469212 0.478087 0.510343 0.611730 0.608431 0.582621 0.601373 0.715996 0.767499 0.862166 0.821984 0.907052 0.880265 0.878241 0.871040 0.683414 0.793947 0.760114 0.577770 0.716769 0.544907 0.430814 0.890828 0.869196 0.865179 0.615669 0.852031 0.768862 0.918016 0.962319 0.930927 0.929864 0.812548 0.990396 0.878640 0.932205 0.905834 0.859299 0.802351 0.899176 0.687361 0.767546 0.804538 0.916885 0.987008 0.807007 0.945917 0.958018 0.858565 0.981979 0.762602 0.971091
0.658887 0.591569 0.616089 0.672717 0.930848 0.946047 0.710605 0.665171 0.996927 0.940951 0.773328 0.746103 0.835173 0.888079 0.960199 0.898054 0.542657 0.661111 0.660662 0.709377 0.798241 0.719805 0.833150 0.868604 0.643602 0.720409 0.827515 0.995017 0.729751 0.650291 0.669958 0.750409 0.682214 0.000000 0.756875 0.901327 0.827210 0.749335 0.734435 0.743066 0.852850 0.776256 0.936060 0.809049 0.913065 0.960056 0.636865 0.896252 0.905575 0.964280 0.970259 0.981648 0.982989 0.904842 0.736392 0.719312 0.633117 0.694401 0.659675 0.666638 0.703012 0.798743 0.710518 0.696803 0.693500 0.743897 0.703910 0.660574 0.615154 0.735315 0.794469 0.874120 0.912389 0.968010 0.982229 0.921451 0.943609 0.818141 0.899737 0.954071 0.733745 0.718530 0.769820 0.747655 0.783000 0.732631 0.918473 0.935230 0.949461 0.780007 0.908327 0.853706 0.935852 0.925584 0.833087 0.893680 0.863269 0.966854 0.907928 0.964725 0.949636 0.956560 0.978660 0.933677 0.936864 0.958090 0.681604 0.993285 0.868513 0.828152 0.941326 0.903886 0.974066 0.849839 0.883395 0.990746
0.957970 0.852768 0.558526 0.604471 0.936734 0.907509 0.703517 0.711608 0.862609 0.933394 0.783197 0.892393 0.952150 0.859513 0.770213 0.589520 0.768519 0.802038 0.772983 0.868610 0.728800 0.905222 0.583684 0.609992 0.594365 0.530282 0.769385 0.870267 0.864485 0.726163 0.630701 0.693202 0.607256 0.756875 0.000000 0.785354 0.821009 0.805249 0.750791 0.979257 0.936455 0.870221 0.809762 0.811040 0.970187 0.932919 0.726337 0.752004 0.826240 0.945445 0.937208 0.914931 0.827622 0.826098 0.732933 0.902641 0.838112 0.832128 0.915409 0.884935 0.818699 0.772245 0.881990 0.907720 0.549844 0.558939 0.500454 0.578352 0.847278 0.837634 0.788924 0.752431 0.786229 0.783182 0.698846 0.891776 0.715904 0.817266 0.811173 0.922997 0.941812 0.883980 0.615341 0.869826 0.700597 0.580195 0.790112 0.863728 0.990577 0.830266 0.978293 0.942902 0.916741 0.951851 0.980002 0.781448 0.951268 0.982158 0.945759 0.970417 0.995199 0.983840 0.867206 0.932338 0.703992 0.842119 0.736473 0.967233 0.974052 0.756358 0.998333 0.987972 0.939695 0.968557 0.744980 0.895043
0.826226 0.734876 0.649199 0.623693 0.946593 0.982271 0.862025 0.741392 0.988741 0.822668 0.811943 0.914239 0.976534 0.940389 0.827935 0.689920 0.820040 0.753377 0.793212 0.825959 0.811103 0.954571 0.633748 0.666629 0.661170 0.656201 0.709268 0.852685 0.962886 0.778567 0.664152 0.729083 0.650990 0.901327 0.785354 0.000000 0.764572 0.612063 0.909576 0.955920 0.940867 0.950695 0.848430 0.791659 0.993323 0.965829 0.827506 0.773960 0.907193 0.864118 0.891335 0.759605 0.787069 0.846351 0.722292 0.873992 0.704113 0.688858 0.842945 0.703947 0.953646 0.779910 0.908203 0.828127 0.639639 0.647884 0.603681 0.622627 0.863754 0.682058 0.634403 0.815533 0.827601 0.998294 0.866183 0.978099 0.900254 0.823982 0.922110 0.829434 0.871729 0.959013 0.697271 0.820746 0.680963 0.633402 0.949076 0.956334 0.856686 0.712947 0.928470 0.894616 0.985294 0.975174 0.839790 0.995748 0.988672 0.943527 0.952100 0.960559 0.844770 0.813178 0.954587 0.863546 0.792537 0.754084 0.859490 0.841207 0.784767 0.821046 0.913214 0.849376 0.987606 0.902428 0.822133 0.908090
0.629666 0.481796 0.559214 0.565279 0.829825 0.774073 0.943998 0.780062 0.808847 0.576712 0.834937 0.699314 0.850394 0.841526 0.907988 0.804537 0.612674 0.540728 0.620468 0.587014 0.668540 0.992270 0.753363 0.664496 0.481722 0.579163 0.491678 0.943878 0.863977 0.599426 0.768225 0.779976 0.708531 0.827210 0.821009 0.764572 0.000000 0.544887 0.675136 0.800594 0.728259 0.745487 0.974620 0.959038 0.600867 0.671046 0.864389 0.985428 0.638276 0.919675 0.877249 0.962541 0.957588 0.870974 0.865753 0.927483 0.512348 0.489402 0.771575 0.693059 0.928417 0.833262 0.905458 0.726074 0.516281 0.566699 0.773391 0.840525 0.594851 0.623597 0.786803 0.958629 0.973464 0.920148 0.737923 0.922645 0.944572 0.956634 0.807163 0.803899 0.834963 0.854501 0.600252 0.615654 0.692020 0.588133 0.711631 0.888240 0.968407 0.687078 0.570717 0.633781 0.619303 0.712598 0.920165 0.902106 0.928802 0.982825 0.552322 0.704312 0.771223 0.652211 0.728647 0.934391 0.827873 0.838092 0.981507 0.956153 0.991405 0.822143 0.895311 0.801239 0.740325 0.903459 0.917859 0.896579
0.552486 0.474030 0.585080 0.578393 0.802161 0.833885 0.976837 0.770670 0.890271 0.650677 0.881600 0.650360 0.887375 0.827488 0.988015 0.801709 0.570760 0.468448 0.624585 0.591720 0.798748 0.914556 0.735679 0.663859 0.515587 0.587731 0.521032 0.959706 0.903131 0.650064 0.735188 0.743321 0.584190 0.749335 0.805249 0.612063 0.544887 0.000000 0.660605 0.846268 0.819888 0.782371 0.971793 0.944930 0.681641 0.783501 0.838404 0.934490 0.736991 0.953237 0.930018 0.915118 0.991067 0.847630 0.767237 0.860356 0.445471 0.441137 0.807408 0.665817 0.937459 0.762004 0.904954 0.654663 0.536278 0.614601 0.772214 0.834647 0.535279 0.497467 0.745238 0.872056 0.999892 0.917106 0.838160 0.989385 0.876267 0.873255 0.908358 0.806776 0.699122 0.807333 0.690326 0.621559 0.692272 0.510705 0.771592 0.999552 0.807014 0.613210 0.664356 0.636106 0.697197 0.723124 0.852821 0.974043 0.858556 0.970681 0.640102 0.692183 0.707173 0.615703 0.858554 0.915901 0.931786 0.958008 0.831874 0.982082 0.948441 0.780861 0.928359 0.778409 0.732510 0.831690 0.982400 0.780187
