0.000000 0.232260 0.794681 0.567076 0.834805 0.727509 0.711715 0.561444 0.869400 0.826381 0.312254 0.286986 0.451462 0.547017 0.584357 0.489635 0.292638 0.349970 0.420184 0.365138 0.728714 0.969922 0.767052 0.710748 0.821940 0.950438 0.859918 0.876727 0.474648 0.476572 0.921497 0.959398 0.486987 0.493944 0.911806 0.719813 0.656004 0.709734 0.738803 0.664085 0.664072 0.700213 0.730176 0.701554 0.769000 0.633389 0.395704 0.387250 0.464593 0.465881 0.744834 0.684839 0.993026 0.638749 0.505467 0.515002 0.281113 0.281813 0.299702 0.378246 0.333479 0.404728 0.404145 0.333573 0.630283 0.457959 0.741186 0.778176 0.383166 0.454873 0.801626 0.797177 0.733105 0.684939 0.724140 0.826849 0.718271 0.793482 0.473381 0.503644 0.288156 0.304220 0.627681 0.393467 0.502174 0.543893 0.922703 0.978042 0.641929 0.524554 0.953245 0.947394 0.900512 0.928845 0.635066 0.807138 0.782761 0.791327 0.672132 0.721820 0.984023 0.968626 0.773080 0.737406 0.616876 0.578638 0.945375 0.982570 0.847912 0.894068 0.978191 0.554293 0.780131 0.917702 0.779186 0.951252
0.232260 0.000000 0.735084 0.501713 0.961865 0.695528 0.670764 0.524183 0.765729 0.799166 0.314964 0.261167 0.478740 0.524832 0.595441 0.433568 0.281033 0.335934 0.440480 0.331863 0.673466 0.918353 0.756368 0.663761 0.807149 0.884199 0.857827 0.821255 0.377942 0.445267 0.813057 0.851185 0.428041 0.408155 0.968951 0.683980 0.600310 0.696971 0.703342 0.661078 0.665354 0.656464 0.643592 0.592449 0.718382 0.584196 0.405066 0.389938 0.444632 0.432910 0.616179 0.614860 0.875940 0.753509 0.562594 0.587606 0.247403 0.250228 0.332859 0.397673 0.337506 0.386838 0.419429 0.343774 0.611268 0.453846 0.696080 0.697695 0.365523 0.423395 0.703221 0.668242 0.647145 0.617800 0.748192 0.857575 0.635071 0.726669 0.428353 0.440657 0.321867 0.353820 0.603517 0.427106 0.555417 0.565605 0.995367 0.980688 0.670821 0.586627 0.915540 0.987827 0.870149 0.943624 0.601543 0.769883 0.852530 0.800921 0.651922 0.683225 0.932369 0.947052 0.782402 0.760048 0.591144 0.535254 0.942710 0.926500 0.846491 0.942478 0.989025 0.550037 0.802371 0.863284 0.812636 0.989520
0.794681 0.735084 0.000000 0.353787 0.992190 0.750048 0.512856 0.523805 0.635618 0.841071 0.779522 0.733990 0.651621 0.750877 0.780501 0.643506 0.964726 0.955525 0.607071 0.743348 0.632192 0.938610 0.695233 0.772361 0.470854 0.443318 0.999590 0.929075 0.826036 0.912781 0.627333 0.668804 0.617154 0.669957 0.913021 0.866163 0.604122 0.639759 0.581130 0.702365 0.913322 0.923517 0.656429 0.720624 0.831672 0.781401 0.640079 0.797081 0.864631 0.746432 0.652557 0.662887 0.865116 0.918145 0.824370 0.891661 0.878560 0.877654 0.828898 0.758486 0.630875 0.646088 0.938543 0.982990 0.488144 0.465757 0.639210 0.605896 0.734453 0.614497 0.714074 0.661664 0.674763 0.614507 0.988346 0.830516 0.609462 0.750700 0.629162 0.846880 0.930429 0.871673 0.985342 0.928822 0.802325 0.794924 0.907943 0.898794 0.956099 0.897656 0.645823 0.623581 0.589075 0.651068 0.835440 0.933549 0.765911 0.797409 0.810612 0.789415 0.945384 0.785830 0.993922 0.921814 0.680671 0.851297 0.933019 0.803727 0.961715 0.883263 0.998009 0.852034 0.716299 0.959595 0.770463 0.886509
0.567076 0.501713 0.353787 0.000000 0.983324 0.671738 0.512198 0.395973 0.631665 0.798033 0.558449 0.486974 0.494387 0.467539 0.587918 0.466256 0.756416 0.704830 0.502228 0.518329 0.590423 0.958319 0.562793 0.584872 0.516614 0.470835 0.861351 0.859099 0.633127 0.695002 0.639299 0.671786 0.473326 0.541266 0.880151 0.805830 0.538175 0.622064 0.558561 0.692878 0.852411 0.888935 0.625144 0.624245 0.748811 0.692744 0.558960 0.681664 0.652687 0.498831 0.543947 0.529450 0.731208 0.964225 0.692931 0.725481 0.664012 0.644761 0.696330 0.643568 0.490037 0.498720 0.802586 0.743227 0.399733 0.362677 0.661161 0.669872 0.546088 0.378577 0.651655 0.643511 0.812806 0.674780 0.889298 0.788522 0.652127 0.737189 0.446922 0.662074 0.716655 0.642077 0.824267 0.714530 0.620040 0.584366 0.886992 0.972185 0.799989 0.680321 0.702759 0.684516 0.591696 0.684250 0.668462 0.789536 0.828230 0.865978 0.727159 0.760526 0.878134 0.799385 0.900863 0.958933 0.599452 0.657822 0.963118 0.936347 0.990183 0.906479 0.875331 0.830085 0.762759 0.931184 0.685399 0.895751
0.834805 0.961865 0.992190 0.983324 0.000000 0.999247 0.961409 0.903668 0.965925 0.865106 0.931926 0.781815 0.627999 0.801121 0.647622 0.757643 0.943767 0.941212 0.925911 0.933100 0.957575 0.767728 0.783257 0.806216 0.920731 0.799616 0.726572 0.934809 0.966594 0.863405 0.885554 0.833048 0.939667 0.966838 0.904067 0.957264 0.884092 0.928287 0.882553 0.997108 0.994046 0.837252 0.994323 0.953896 0.893523 0.876834 0.806552 0.918861 0.785995 0.844760 0.952353 0.832937 0.849276 0.964678 0.856709 0.896265 0.961358 0.915925 0.865057 0.869322 0.746289 0.742495 0.867086 0.830324 0.844127 0.854694 0.970530 0.850568 0.993719 0.935559 0.847142 0.812026 0.732956 0.932031 0.936216 0.891410 0.941828 0.928075 0.928870 0.838593 0.862052 0.944390 0.937616 0.879213 0.809047 0.810097 0.762201 0.888095 0.736559 0.761814 0.952062 0.903115 0.971500 0.957865 0.901800 0.994573 0.984791 0.928670 0.911740 0.862155 0.896976 0.896856 0.916956 0.950206 0.931275 0.952024 0.855722 0.955927 0.952999 0.938841 0.942504 0.894976 0.858755 0.965355 0.949986 0.877499
0.727509 0.695528 0.750048 0.671738 0.999247 0.000000 0.648031 0.537942 0.669217 0.684399 0.894312 0.643070 0.787362 0.769236 0.964805 0.630280 0.812487 0.911149 0.683744 0.740239 0.726808 0.910995 0.916597 0.950441 0.894482 0.757938 0.722468 0.978545 0.818383 0.842496 0.777182 0.729145 0.642917 0.694819 0.954627 0.778432 0.873170 0.999147 0.919809 0.718676 0.846339 0.829932 0.596238 0.744714 0.831126 0.885452 0.796470 0.926456 0.837124 0.824562 0.788521 0.750336 0.838240 0.914748 0.995914 0.774907 0.852020 0.968534 0.807472 0.870604 0.785657 0.644740 0.888168 0.979609 0.939684 0.655250 0.852351 0.744017 0.925733 0.989329 0.496093 0.577861 0.650589 0.640469 0.957272 0.900936 0.610200 0.679243 0.824734 0.783998 0.927082 0.995397 0.837880 0.989575 0.967431 0.985256 0.809581 0.703104 0.896762 0.955908 0.541463 0.596643 0.570325 0.679869 0.807537 0.841927 0.757081 0.759971 0.508312 0.628938 0.691090 0.850739 0.698510 0.843216 0.743891 0.922616 0.855484 0.843839 0.842878 0.947529 0.939605 0.705631 0.739262 0.832907 0.858037 0.910117
0.711715 0.670764 0.512856 0.512198 0.961409 0.648031 0.000000 0.327934 0.351610 0.473208 0.651996 0.649115 0.719014 0.785794 0.673298 0.453513 0.648665 0.619800 0.366999 0.571279 0.709894 0.939253 0.541844 0.747903 0.849567 0.774960 0.815924 0.871903 0.533296 0.489738 0.332385 0.380430 0.310098 0.325476 0.919439 0.987593 0.824773 0.788616 0.851898 0.896619 0.957603 0.922235 0.323262 0.394565 0.315136 0.403300 0.690994 0.689367 0.606150 0.704357 0.530274 0.559605 0.561730 0.653233 0.850632 0.812502 0.628308 0.894353 0.800435 0.975580 0.496341 0.747222 0.758495 0.738861 0.726137 0.780792 0.328481 0.459662 0.851616 0.788351 0.499795 0.466571 0.540765 0.490350 0.960910 0.793925 0.509186 0.484091 0.597817 0.633229 0.758919 0.837890 0.792587 0.933836 0.838583 0.871951 0.872813 0.910979 0.927977 0.938300 0.508421 0.536224 0.578694 0.655119 0.668446 0.609114 0.660284 0.613539 0.404922 0.394358 0.750995 0.510511 0.622948 0.750708 0.564778 0.802767 0.764343 0.778580 0.752244 0.899030 0.825243 0.642460 0.430237 0.852347 0.678312 0.992087
0.561444 0.524183 0.523805 0.395973 0.903668 0.537942 0.327934 0.000000 0.419588 0.373174 0.570750 0.407832 0.576664 0.578259 0.682819 0.451701 0.596534 0.597359 0.414011 0.437003 0.782963 0.989986 0.674122 0.811112 0.771028 0.752571 0.877225 0.947612 0.511846 0.513116 0.554783 0.608379 0.403069 0.371584 0.904565 0.859926 0.724992 0.808422 0.842723 0.761798 0.858699 0.821895 0.408388 0.523694 0.445972 0.496715 0.589302 0.610220 0.567908 0.616431 0.549211 0.554219 0.701020 0.878518 0.781575 0.647776 0.621555 0.758502 0.647893 0.776426 0.390688 0.396306 0.733230 0.631497 0.669540 0.537922 0.506744 0.562109 0.737421 0.642835 0.436870 0.464758 0.660002 0.530366 0.816823 0.786097 0.475769 0.591517 0.513758 0.622999 0.681928 0.782829 0.913987 0.879754 0.830678 0.849552 0.756662 0.777900 0.939521 0.767887 0.453544 0.529227 0.457504 0.661240 0.697990 0.617956 0.604680 0.600855 0.374378 0.374580 0.637092 0.636986 0.578747 0.673991 0.519500 0.632963 0.785086 0.802651 0.797274 0.855942 0.856977 0.611414 0.532710 0.774183 0.655675 0.996616
0.869400 0.765729 0.635618 0.631665 0.965925 0.669217 0.351610 0.419588 0.000000 0.392083 0.741457 0.669929 0.811202 0.840082 0.805944 0.562613 0.749127 0.701126 0.549494 0.620907 0.772662 0.992487 0.729696 0.942797 0.976181 0.712316 0.788862 0.857649 0.559355 0.599074 0.394150 0.448780 0.472160 0.469517 0.918521 0.977913 0.815113 0.926554 0.803706 0.845343 0.980783 0.811513 0.398119 0.469480 0.425109 0.552144 0.868837 0.814334 0.728061 0.778051 0.568448 0.602039 0.575181 0.605086 0.931816 0.908486 0.730190 0.972663 0.987705 0.822116 0.672459 0.756050 0.857232 0.814961 0.849270 0.890915 0.547801 0.650902 0.940810 0.870808 0.439145 0.464502 0.621223 0.573561 0.942767 0.770947 0.493146 0.469639 0.677579 0.684906 0.906426 0.945442 0.898229 0.948915 0.936376 0.940048 0.697624 0.814013 0.780194 0.933319 0.434367 0.455988 0.521353 0.516492 0.750467 0.737215 0.759177 0.624473 0.478703 0.420969 0.638976 0.478220 0.618315 0.726698 0.687548 0.920450 0.793141 0.763711 0.846123 0.990302 0.824916 0.636199 0.621579 0.930436 0.754895 0.963285
0.826381 0.799166 0.841071 0.798033 0.865106 0.684399 0.473208 0.373174 0.392083 0.000000 0.777969 0.616169 0.845572 0.834705 0.894587 0.650305 0.687959 0.669350 0.608888 0.565334 0.930940 0.871662 0.879697 0.886437 0.917288 0.959433 0.790051 0.786640 0.543540 0.570162 0.601246 0.674902 0.603226 0.516015 0.854257 0.980038 0.865236 0.957659 0.864891 0.868868 0.987231 0.832107 0.482134 0.616987 0.423777 0.554531 0.903733 0.839508 0.717184 0.900378 0.744278 0.763938 0.722529 0.716410 0.908974 0.864905 0.784850 0.981621 0.952154 0.846068 0.654719 0.656866 0.813946 0.742154 0.950734 0.949914 0.621101 0.736207 0.988621 0.980935 0.406998 0.487878 0.687002 0.564689 0.978059 0.790269 0.558241 0.505527 0.733817 0.780661 0.874129 0.886828 0.947045 0.838753 0.806529 0.775314 0.669970 0.635682 0.871812 0.981600 0.366356 0.452708 0.473499 0.573043 0.900409 0.616161 0.712558 0.611333 0.318125 0.330322 0.535551 0.536018 0.440361 0.550631 0.661806 0.810752 0.771113 0.799243 0.731685 0.922460 0.646121 0.587121 0.568780 0.889514 0.784269 0.991287
0.312254 0.314964 0.779522 0.558449 0.931926 0.894312 0.651996 0.570750 0.741457 0.777969 0.000000 0.346023 0.612877 0.578221 0.639386 0.562009 0.298109 0.251014 0.395291 0.372108 0.749433 0.978271 0.806639 0.686778 0.942156 0.959190 0.855637 0.921084 0.349511 0.326007 0.746435 0.805726 0.448697 0.404646 0.972450 0.717641 0.652682 0.682235 0.710540 0.734786 0.632622 0.696752 0.673806 0.614453 0.690208 0.585387 0.522898 0.525310 0.575875 0.577953 0.691406 0.739139 0.910386 0.788895 0.612543 0.678998 0.274699 0.316958 0.444876 0.522118 0.377763 0.534344 0.339570 0.289898 0.760900 0.583414 0.671896 0.716319 0.453635 0.486250 0.791313 0.694097 0.636095 0.640548 0.760554 0.762877 0.716506 0.765875 0.400921 0.454794 0.344596 0.372051 0.642864 0.468653 0.672306 0.647840 0.988728 0.984557 0.755465 0.575267 0.973701 0.962739 0.966487 0.941378 0.629998 0.797832 0.871161 0.786301 0.734976 0.784213 0.989510 0.915770 0.742139 0.652682 0.638744 0.679739 0.843418 0.928876 0.917897 0.884091 0.961672 0.630529 0.765000 0.973054 0.722666 0.940992
0.286986 0.261167 0.733990 0.486974 0.781815 0.643070 0.649115 0.407832 0.669929 0.616169 0.346023 0.000000 0.388315 0.389441 0.519265 0.365007 0.329808 0.387299 0.442935 0.336004 0.747527 0.982064 0.739417 0.682798 0.855457 0.900563 0.870215 0.917858 0.386768 0.427316 0.828056 0.849950 0.445340 0.444399 0.983728 0.709008 0.650856 0.765335 0.797428 0.654738 0.734196 0.676791 0.616437 0.628053 0.654128 0.538707 0.416685 0.442716 0.425423 0.410320 0.584208 0.551904 0.800593 0.853103 0.582839 0.569835 0.369268 0.374924 0.440366 0.483175 0.299829 0.287625 0.459240 0.356125 0.645683 0.429523 0.776781 0.791293 0.483656 0.489008 0.638950 0.658366 0.739637 0.636232 0.689329 0.812770 0.604310 0.691485 0.449256 0.489559 0.377132 0.463583 0.699576 0.505575 0.644697 0.596351 0.915249 0.869761 0.629438 0.571398 0.732863 0.843856 0.724766 0.932720 0.690737 0.717858 0.807542 0.758660 0.588518 0.605098 0.848936 0.883106 0.682621 0.627812 0.569483 0.564012 0.954319 0.925630 0.814787 0.892482 0.961990 0.568915 0.802251 0.858429 0.736330 0.983283
0.451462 0.478740 0.651621 0.494387 0.627999 0.787362 0.719014 0.576664 0.811202 0.845572 0.612877 0.388315 0.000000 0.335621 0.290727 0.323449 0.697990 0.746975 0.565202 0.540509 0.866486 0.938025 0.414876 0.427823 0.658250 0.857110 0.662595 0.856442 0.662250 0.739532 0.982947 0.979783 0.573970 0.667940 0.973687 0.772373 0.723137 0.830549 0.769569 0.731592 0.983917 0.794425 0.785801 0.797539 0.745735 0.617462 0.442618 0.533977 0.389393 0.351369 0.534544 0.420999 0.701909 0.973983 0.652986 0.527415 0.631416 0.576274 0.596259 0.540177 0.388126 0.422475 0.696151 0.651560 0.357748 0.416332 0.930581 0.992067 0.646834 0.492706 0.938530 0.969712 0.923671 0.920144 0.731604 0.816468 0.652443 0.802389 0.646666 0.624992 0.606802 0.556248 0.636282 0.506626 0.424461 0.397567 0.915060 0.880697 0.514330 0.514204 0.840372 0.884300 0.825188 0.891974 0.820089 0.808539 0.924105 0.823783 0.738964 0.723264 0.951217 0.879921 0.936551 0.947302 0.754809 0.717522 0.986233 0.950841 0.907851 0.928645 0.921857 0.741401 0.789580 0.912673 0.688403 0.998535
0.547017 0.524832 0.750877 0.467539 0.801121 0.769236 0.785794 0.578259 0.840082 0.834705 0.578221 0.389441 0.335621 0.000000 0.343279 0.352382 0.693358 0.669195 0.564754 0.489800 0.879518 0.948013 0.486623 0.440457 0.817981 0.875734 0.711161 0.846822 0.600237 0.658239 0.959081 0.914501 0.584940 0.714796 0.888091 0.668786 0.718187 0.802301 0.840616 0.733621 0.874691 0.914655 0.835757 0.789489 0.818598 0.706312 0.620156 0.673624 0.542284 0.413278 0.594412 0.498503 0.693892 0.940592 0.692085 0.683911 0.670173 0.581080 0.734861 0.659327 0.531711 0.506271 0.712283 0.642156 0.521609 0.468267 0.908456 0.899182 0.697027 0.555095 0.889973 0.873891 0.933065 0.952302 0.878382 0.829417 0.717824 0.912197 0.574003 0.662998 0.674172 0.605047 0.657219 0.562193 0.599495 0.500665 0.991392 0.875244 0.594954 0.522635 0.876057 0.938599 0.835585 0.915486 0.845802 0.803971 0.974073 0.921435 0.819158 0.847058 0.991740 0.940300 0.888190 0.893268 0.829599 0.740855 0.949201 0.906125 0.929622 0.970484 0.862102 0.871573 0.922629 0.964058 0.719233 0.958737
0.584357 0.595441 0.780501 0.587918 0.647622 0.964805 0.673298 0.682819 0.805944 0.894587 0.639386 0.519265 0.290727 0.343279 0.000000 0.304758 0.718607 0.673707 0.552713 0.576417 0.861292 0.933824 0.279608 0.330567 0.768738 0.913393 0.597089 0.884840 0.621082 0.603219 0.810637 0.857209 0.529732 0.690022 0.959168 0.841052 0.775159 0.851505 0.802566 0.906634 0.992022 0.905858 0.779489 0.688380 0.638857 0.536192 0.606383 0.618889 0.409810 0.356114 0.503251 0.409091 0.541968 0.806967 0.625815 0.664492 0.614531 0.632493 0.742140 0.768011 0.466811 0.641926 0.609339 0.608209 0.427607 0.625474 0.903527 0.970273 0.722727 0.589912 0.965665 0.977761 0.890136 0.987128 0.856287 0.838166 0.779193 0.788389 0.734543 0.622643 0.589583 0.565414 0.493986 0.526405 0.434243 0.409135 0.844478 0.730339 0.596559 0.554254 0.952688 0.982373 0.973416 0.989911 0.797616 0.812121 0.992766 0.932837 0.806012 0.767495 0.885622 0.804934 0.946480 0.917973 0.805508 0.875656 0.962871 0.942476 0.899433 0.975995 0.923443 0.844420 0.796600 0.946460 0.720351 0.990019
0.489635 0.433568 0.643506 0.466256 0.757643 0.630280 0.453513 0.451701 0.562613 0.650305 0.562009 0.365007 0.323449 0.352382 0.304758 0.000000 0.555393 0.567274 0.412809 0.415273 0.720075 0.944164 0.366016 0.436161 0.789583 0.817667 0.852025 0.947745 0.524064 0.513068 0.608267 0.633772 0.350533 0.460938 0.959486 0.792976 0.677744 0.724455 0.771155 0.713005 0.876981 0.791687 0.483743 0.470366 0.503595 0.434079 0.527931 0.552668 0.399616 0.392170 0.380288 0.327806 0.480997 0.758318 0.678127 0.638276 0.484069 0.608950 0.672449 0.787870 0.386509 0.490480 0.659190 0.585614 0.482129 0.528741 0.748667 0.800271 0.662140 0.626944 0.676337 0.650350 0.816986 0.699961 0.845408 0.752225 0.551089 0.611104 0.539821 0.498971 0.564524 0.622391 0.576517 0.602377 0.576678 0.534288 0.988426 0.989053 0.701047 0.681397 0.663445 0.746081 0.718514 0.815404 0.675893 0.665946 0.888697 0.812873 0.562536 0.544056 0.882140 0.695610 0.738076 0.810426 0.651114 0.737671 0.880692 0.891495 0.759992 0.982001 0.942904 0.616356 0.620249 0.859826 0.620391 0.955781
0.292638 0.281033 0.964726 0.756416 0.943767 0.812487 0.648665 0.596534 0.749127 0.687959 0.298109 0.329808 0.697990 0.693358 0.718607 0.555393 0.000000 0.204713 0.432374 0.379497 0.774344 0.941904 0.914703 0.841752 0.896636 0.894815 0.998858 0.955628 0.321792 0.303716 0.778076 0.829688 0.471265 0.399652 0.942139 0.737154 0.747357 0.786032 0.901739 0.774976 0.654051 0.643685 0.608750 0.562714 0.617348 0.538352 0.542179 0.439088 0.502891 0.605077 0.751307 0.767197 0.928892 0.756423 0.626969 0.669684 0.218507 0.322411 0.398299 0.598843 0.412197 0.553564 0.297789 0.239822 0.918196 0.723042 0.644201 0.699774 0.493444 0.654153 0.692953 0.643318 0.564784 0.578233 0.784400 0.876984 0.720137 0.712464 0.457470 0.455012 0.298500 0.408551 0.594347 0.519377 0.725846 0.766417 0.980139 0.936697 0.785750 0.686828 0.920593 0.956438 0.959953 0.884418 0.650297 0.741038 0.828174 0.724959 0.612236 0.629268 0.889024 0.973745 0.674636 0.554569 0.643686 0.576481 0.994682 0.942518 0.740000 0.935682 0.865065 0.518038 0.768510 0.847281 0.855909 0.949823
0.349970 0.335934 0.955525 0.704830 0.941212 0.911149 0.619800 0.597359 0.701126 0.669350 0.251014 0.387299 0.746975 0.669195 0.673707 0.567274 0.204713 0.000000 0.413196 0.376348 0.758524 0.985431 0.840463 0.791050 0.887948 0.921681 0.901796 0.988975 0.289601 0.235618 0.722491 0.767285 0.439056 0.372430 0.990626 0.793561 0.723583 0.765820 0.882200 0.826138 0.628467 0.660868 0.630302 0.552001 0.579390 0.508137 0.591194 0.487242 0.542269 0.626704 0.739131 0.769690 0.855416 0.792038 0.666086 0.754371 0.233312 0.326642 0.471682 0.664810 0.409639 0.603432 0.251453 0.215872 0.879055 0.748186 0.620877 0.675113 0.497552 0.590896 0.744393 0.658428 0.623844 0.624593 0.853845 0.848640 0.797452 0.705416 0.459042 0.435872 0.321455 0.423690 0.547373 0.513163 0.719301 0.757693 0.978452 0.966937 0.855871 0.660306 0.949551 0.921990 0.993959 0.883161 0.616631 0.724922 0.890254 0.804929 0.653768 0.670969 0.907868 0.936624 0.702743 0.575430 0.634403 0.633929 0.940183 0.951111 0.845259 0.949061 0.892014 0.572240 0.780036 0.914441 0.785561 0.962314
0.420184 0.440480 0.607071 0.502228 0.925911 0.683744 0.366999 0.414011 0.549494 0.608888 0.395291 0.442935 0.565202 0.564754 0.552713 0.412809 0.432374 0.413196 0.000000 0.373298 0.749877 0.999392 0.577865 0.688855 0.946235 0.873662 0.952788 0.940160 0.371149 0.364093 0.559366 0.573167 0.358820 0.324546 0.892950 0.846822 0.786377 0.776219 0.763312 0.838017 0.825406 0.831205 0.571651 0.604920 0.529694 0.535230 0.576333 0.587010 0.591527 0.614605 0.697364 0.667144 0.810110 0.953886 0.757572 0.731128 0.461007 0.604825 0.589911 0.734898 0.386499 0.624290 0.582965 0.544240 0.724332 0.611338 0.525711 0.682045 0.662980 0.645659 0.604064 0.530043 0.588565 0.516409 0.860524 0.799262 0.558114 0.572122 0.467934 0.567415 0.554740 0.582015 0.747182 0.655398 0.733652 0.763588 0.891059 0.977574 0.924371 0.814550 0.695251 0.795069 0.713482 0.830452 0.621691 0.672356 0.758822 0.768108 0.539387 0.508725 0.913541 0.711201 0.699492 0.718689 0.646052 0.747885 0.995026 0.938021 0.792212 0.930278 0.964976 0.601209 0.619158 0.926063 0.654156 0.957953
0.365138 0.331863 0.743348 0.518329 0.933100 0.740239 0.571279 0.437003 0.620907 0.565334 0.372108 0.336004 0.540509 0.489800 0.576417 0.415273 0.379497 0.376348 0.373298 0.000000 0.737511 0.976574 0.682679 0.732705 0.902803 0.908324 0.991186 0.951444 0.372608 0.424476 0.729249 0.768356 0.473463 0.393726 0.933833 0.721640 0.663798 0.769593 0.781628 0.791267 0.770189 0.761999 0.620820 0.609160 0.640722 0.609742 0.623803 0.578708 0.589230 0.575500 0.721300 0.681731 0.833446 0.949586 0.763510 0.695262 0.387488 0.493848 0.621412 0.711241 0.431721 0.501272 0.536708 0.459403 0.727243 0.611737 0.739061 0.839953 0.587597 0.561411 0.569017 0.556824 0.683926 0.610940 0.891350 0.870232 0.613058 0.691234 0.505703 0.596123 0.552101 0.608274 0.709279 0.681804 0.764331 0.811576 0.912758 0.930899 0.864619 0.677911 0.718888 0.794692 0.718438 0.837860 0.715104 0.702592 0.837702 0.768500 0.543825 0.517686 0.835738 0.836378 0.733817 0.705417 0.623137 0.626839 0.928720 0.999255 0.806702 0.983727 0.992778 0.498971 0.675510 0.947735 0.779772 0.930164
0.728714 0.673466 0.632192 0.590423 0.957575 0.726808 0.709894 0.782963 0.772662 0.930940 0.749433 0.747527 0.866486 0.879518 0.861292 0.720075 0.774344 0.758524 0.749877 0.737511 0.000000 0.906882 0.850021 0.868602 0.827012 0.722048 0.950783 0.860161 0.811927 0.755315 0.666872 0.805380 0.680595 0.721182 0.968485 0.906858 0.620141 0.811809 0.666013 0.713112 0.889724 0.757513 0.698985 0.670481 0.853796 0.879348 0.722359 0.772716 0.872729 0.843557 0.857275 0.810652 0.873106 0.995174 0.897295 0.987776 0.713580 0.755382 0.768393 0.836348 0.760055 0.783418 0.925792 0.849496 0.775048 0.724374 0.679592 0.605100 0.700928 0.710510 0.733038 0.732992 0.650041 0.646345 0.746066 0.830957 0.825945 0.700461 0.722525 0.709583 0.777087 0.799496 0.942160 0.877164 0.878049 0.807038 0.958260 0.925644 0.939164 0.995200 0.807507 0.817243 0.820538 0.809589 0.774379 0.955114 0.846671 0.934496 0.802977 0.808022 0.805662 0.884548 0.854080 0.814818 0.642748 0.770584 0.970369 0.955332 0.809352 0.987558 0.975870 0.877237 0.813310 0.870373 0.890252 0.892213
0.969922 0.918353 0.938610 0.958319 0.767728 0.910995 0.939253 0.989986 0.992487 0.871662 0.978271 0.982064 0.938025 0.948013 0.933824 0.944164 0.941904 0.985431 0.999392 0.976574 0.906882 0.000000 0.997097 0.937799 0.898854 0.902546 0.895523 0.964145 0.942238 0.920986 0.845460 0.736160 0.905319 0.889073 0.809152 0.966623 0.801855 0.818513 0.908412 0.908299 0.957271 0.970355 0.838232 0.879683 0.959391 0.974516 0.984600 0.872408 0.940064 0.979431 0.935809 0.944123 0.924711 0.883517 0.998552 0.867670 0.911726 0.973222 0.990939 0.924791 0.908245 0.878963 0.902552 0.931808 0.983010 0.953992 0.889130 0.891367 0.968382 0.971932 0.815192 0.883117 0.813584 0.899302 0.884630 0.990013 0.898487 0.965911 0.981696 0.857951 0.974814 0.961746 0.996711 0.974515 0.985009 0.970738 0.983489 0.975553 0.926579 0.749144 0.953898 0.888154 0.905519 0.947379 0.937408 0.968673 0.927603 0.983211 0.970465 0.955294 0.874432 0.968423 0.938583 0.837700 0.895151 0.921538 0.959039 0.979374 0.803927 0.863159 0.904323 0.952778 0.919853 0.800595 0.990657 0.948831
0.767052 0.756368 0.695233 0.562793 0.783257 0.916597 0.541844 0.674122 0.729696 0.879697 0.806639 0.739417 0.414876 0.486623 0.279608 0.366016 0.914703 0.840463 0.577865 0.682679 0.850021 0.997097 0.000000 0.334489 0.745085 0.804466 0.666538 0.820455 0.737804 0.746498 0.728083 0.743620 0.525365 0.692517 0.972987 0.989426 0.868584 0.926191 0.815503 0.961964 0.893915 0.916059 0.700742 0.656731 0.537285 0.505631 0.706933 0.689212 0.497316 0.450476 0.498374 0.382757 0.437584 0.617050 0.740996 0.726254 0.792405 0.848021 0.916260 0.944296 0.603498 0.829525 0.806355 0.837090 0.403085 0.738231 0.783978 0.919013 0.863533 0.665658 0.987030 0.962827 0.873231 0.955493 0.900164 0.861512 0.742712 0.761451 0.815595 0.739777 0.797222 0.729314 0.566728 0.678476 0.447400 0.451963 0.890838 0.711712 0.724766 0.668715 0.858760 0.873688 0.888059 0.908078 0.835219 0.746962 0.987881 0.911016 0.758562 0.696722 0.929707 0.719372 0.965712 0.977736 0.781702 0.906332 0.901710 0.956599 0.872255 0.954516 0.917352 0.857162 0.637529 0.987024 0.687749 0.998197
0.710748 0.663761 0.772361 0.584872 0.806216 0.950441 0.747903 0.811112 0.942797 0.886437 0.686778 0.682798 0.427823 0.440457 0.330567 0.436161 0.841752 0.791050 0.688855 0.732705 0.868602 0.937799 0.334489 0.000000 0.731254 0.859060 0.640187 0.805172 0.780339 0.743559 0.911216 0.853302 0.633150 0.755717 0.971794 0.831221 0.759077 0.875239 0.755380 0.957757 0.965069 0.946709 0.795684 0.668155 0.730146 0.605785 0.675231 0.703676 0.541423 0.417701 0.481460 0.410275 0.514438 0.757120 0.700391 0.743492 0.717251 0.667155 0.815645 0.779908 0.655186 0.803552 0.741312 0.755751 0.473094 0.661682 0.903931 0.985638 0.801858 0.645973 0.880994 0.947343 0.897424 0.868874 0.910307 0.946321 0.801514 0.916764 0.760607 0.625916 0.665574 0.578016 0.530389 0.506975 0.445597 0.350134 0.854693 0.615879 0.630502 0.591054 0.929131 0.926324 0.925504 0.903159 0.784705 0.862536 0.879306 0.992004 0.968461 0.933942 0.779169 0.898937 0.927130 0.941212 0.886908 0.906236 0.944756 0.915274 0.918029 0.961255 0.767307 0.930936 0.820421 0.992847 0.746985 0.950083
0.821940 0.807149 0.470854 0.516614 0.920731 0.894482 0.849567 0.771028 0.976181 0.917288 0.942156 0.855457 0.658250 0.817981 0.768738 0.789583 0.896636 0.887948 0.946235 0.902803 0.827012 0.898854 0.745085 0.731254 0.000000 0.504887 0.848617 0.906362 0.962463 0.825561 0.900905 0.912123 0.794688 0.896656 0.998652 0.885761 0.627134 0.743641 0.669650 0.820869 0.865258 0.978280 0.864730 0.878843 0.970643 0.967880 0.719239 0.816578 0.851583 0.700745 0.734272 0.751837 0.967912 0.956419 0.735074 0.836577 0.929807 0.870239 0.865892 0.714061 0.767794 0.707131 0.893176 0.927118 0.422095 0.512228 0.871101 0.813574 0.673971 0.581115 0.921506 0.927893 0.966062 0.914620 0.752797 0.874707 0.795990 0.894228 0.889627 0.885721 0.906028 0.846858 0.977823 0.855599 0.620976 0.674213 0.952723 0.973271 0.811852 0.836261 0.860267 0.800747 0.702276 0.752819 0.886704 0.979534 0.793069 0.982646 0.939300 0.978962 0.986059 0.991150 0.913386 0.830724 0.632493 0.850225 0.978571 0.907288 0.898708 0.884553 0.908420 0.923129 0.834672 0.933188 0.889212 0.992181
0.950438 0.884199 0.443318 0.470835 0.799616 0.757938 0.774960 0.752571 0.712316 0.959433 0.959190 0.900563 0.857110 0.875734 0.913393 0.817667 0.894815 0.921681 0.873662 0.908324 0.722048 0.902546 0.804466 0.859060 0.504887 0.000000 0.982435 0.863122 0.963932 0.923904 0.743574 0.738963 0.758892 0.888160 0.785879 0.966995 0.606868 0.775611 0.620680 0.732845 0.962328 0.967444 0.767670 0.813843 0.981304 0.985437 0.847884 0.960131 0.987568 0.807608 0.714241 0.763762 0.896602 0.924268 0.967631 0.980251 0.983867 0.985796 0.939313 0.937225 0.894901 0.814956 0.823463 0.836170 0.606280 0.624439 0.830508 0.762261 0.784855 0.731754 0.715396 0.713338 0.837129 0.771589 0.943378 0.832549 0.734779 0.800383 0.852621 0.924324 0.943581 0.973777 0.944590 0.970220 0.912353 0.879914 0.785159 0.893030 0.880275 0.970233 0.689765 0.640771 0.605735 0.662583 0.765844 0.944183 0.753513 0.892344 0.909468 0.931631 0.889903 0.895337 0.964034 0.921252 0.691959 0.937837 0.948379 0.756443 0.899270 0.912233 0.863844 0.931787 0.897084 0.928527 0.797343 0.950246
0.859918 0.857827 0.999590 0.861351 0.726572 0.722468 0.815924 0.877225 0.788862 0.790051 0.855637 0.870215 0.662595 0.711161 0.597089 0.852025 0.998858 0.901796 0.952788 0.991186 0.950783 0.895523 0.666538 0.640187 0.848617 0.982435 0.000000 0.661520 0.930872 0.959556 0.830166 0.771296 0.991969 0.871187 0.853371 0.977130 0.889023 0.926147 0.966895 0.968672 0.999957 0.950617 0.861478 0.941285 0.960749 0.904581 0.858159 0.812691 0.713124 0.677083 0.825374 0.753347 0.726784 0.957763 0.692778 0.902259 0.900128 0.726769 0.910092 0.764669 0.858119 0.906437 0.775007 0.791067 0.593523 0.852080 0.818482 0.802229 0.833792 0.647394 0.641971 0.621141 0.650149 0.718377 0.895975 0.911749 0.863254 0.886136 0.937625 0.778268 0.786716 0.685826 0.619107 0.662670 0.536864 0.524311 0.744337 0.657205 0.573199 0.662648 0.720819 0.719518 0.742885 0.795801 0.993744 0.928462 0.734375 0.756014 0.734131 0.751103 0.700379 0.807607 0.743357 0.900619 0.947869 0.902069 0.856900 0.814238 0.788566 0.960084 0.912479 0.871754 0.796911 0.952924 0.911265 0.908866
0.876727 0.821255 0.929075 0.859099 0.934809 0.978545 0.871903 0.947612 0.857649 0.786640 0.921084 0.917858 0.856442 0.846822 0.884840 0.947745 0.955628 0.988975 0.940160 0.951444 0.860161 0.964145 0.820455 0.805172 0.906362 0.863122 0.661520 0.000000 0.977928 0.938362 0.841225 0.783317 0.990120 0.910638 0.839194 0.846595 0.912924 0.918760 0.855527 0.838330 0.894255 0.998540 0.978794 0.964856 0.906402 0.972484 0.881657 0.829524 0.876563 0.793984 0.936088 0.847051 0.957397 0.888338 0.821873 0.830742 0.961026 0.797297 0.893560 0.811639 0.985237 0.963438 0.916286 0.922015 0.752945 0.848565 0.861362 0.998087 0.792727 0.789202 0.859144 0.878152 0.861566 0.844402 0.914484 0.828370 0.913602 0.874796 0.847469 0.980412 0.956792 0.762914 0.870210 0.824856 0.708100 0.679408 0.842031 0.860865 0.802639 0.708166 0.775305 0.882212 0.834007 0.889119 0.903411 0.805163 0.757258 0.906454 0.874150 0.856403 0.712885 0.761908 0.705062 0.796403 0.946404 0.974875 0.877774 0.908870 0.930742 0.935242 0.839881 0.987446 0.888172 0.978217 0.820779 0.977855
0.474648 0.377942 0.826036 0.633127 0.966594 0.818383 0.533296 0.511846 0.559355 0.543540 0.349511 0.386768 0.662250 0.600237 0.621082 0.524064 0.321792 0.289601 0.371149 0.372608 0.811927 0.942238 0.737804 0.780339 0.962463 0.963932 0.930872 0.977928 0.000000 0.298380 0.666461 0.720840 0.408041 0.335416 0.967272 0.834334 0.782437 0.889146 0.884710 0.890817 0.781785 0.697900 0.643204 0.626568 0.516831 0.521664 0.628108 0.585455 0.524175 0.616516 0.693546 0.757279 0.791760 0.985925 0.781871 0.766655 0.384720 0.496920 0.594718 0.741826 0.411933 0.626515 0.374740 0.363685 0.854474 0.764706 0.602683 0.742137 0.614015 0.630664 0.663503 0.585337 0.605539 0.621802 0.853531 0.853697 0.673749 0.621938 0.505113 0.520694 0.466099 0.559392 0.626190 0.626249 0.786059 0.807003 0.905446 0.943409 0.875022 0.714646 0.812690 0.884056 0.816187 0.934500 0.715467 0.703075 0.888301 0.713595 0.578403 0.601679 0.891125 0.811236 0.652451 0.559737 0.683498 0.663162 0.948780 0.937206 0.811337 0.947957 0.953677 0.591746 0.768667 0.942374 0.869227 0.899494
0.476572 0.445267 0.912781 0.695002 0.863405 0.842496 0.489738 0.513116 0.599074 0.570162 0.326007 0.427316 0.739532 0.658239 0.603219 0.513068 0.303716 0.235618 0.364093 0.424476 0.755315 0.920986 0.746498 0.743559 0.825561 0.923904 0.959556 0.938362 0.298380 0.000000 0.601273 0.666980 0.413446 0.377080 0.977882 0.834743 0.797256 0.843853 0.943919 0.866653 0.739478 0.694329 0.580420 0.488272 0.451759 0.427297 0.642336 0.597822 0.536105 0.640278 0.659233 0.689698 0.717366 0.987537 0.679057 0.758935 0.357991 0.495307 0.543442 0.781132 0.400372 0.638990 0.319758 0.302878 0.942515 0.801735 0.525770 0.651734 0.640900 0.708536 0.699280 0.619936 0.601888 0.610991 0.895274 0.816357 0.748367 0.621827 0.506019 0.456424 0.405467 0.529600 0.611017 0.603310 0.804552 0.783219 0.929725 0.927153 0.887874 0.728735 0.848192 0.983978 0.935591 0.962162 0.622659 0.676663 0.816036 0.758628 0.592566 0.570838 0.915288 0.778603 0.611117 0.532739 0.666377 0.691856 0.950411 0.980099 0.842280 0.907446 0.917014 0.589424 0.711231 0.920469 0.716444 0.987428
0.921497 0.813057 0.627333 0.639299 0.885554 0.777182 0.332385 0.554783 0.394150 0.601246 0.746435 0.828056 0.982947 0.959081 0.810637 0.608267 0.778076 0.722491 0.559366 0.729249 0.666872 0.845460 0.728083 0.911216 0.900905 0.743574 0.830166 0.841225 0.666461 0.601273 0.000000 0.327460 0.449247 0.479769 0.964835 0.944726 0.802680 0.684749 0.817051 0.893672 0.914093 0.893472 0.405984 0.400317 0.457710 0.568040 0.924437 0.915039 0.814472 0.857583 0.563669 0.673966 0.573435 0.565227 0.907350 0.954192 0.684975 0.984738 0.985877 0.783955 0.739504 0.915770 0.886384 0.849773 0.877021 0.951051 0.450365 0.522240 0.906928 0.928256 0.479148 0.435830 0.556498 0.524797 0.995650 0.781977 0.629711 0.456713 0.665480 0.682144 0.849179 0.985108 0.901525 0.916671 0.943398 0.972350 0.804917 0.794335 0.773701 0.802981 0.580382 0.536242 0.605065 0.621319 0.722581 0.809738 0.733013 0.857805 0.570168 0.601139 0.751142 0.479350 0.639256 0.803329 0.655578 0.979196 0.835874 0.815542 0.834182 0.872428 0.834622 0.837930 0.589683 0.895850 0.782718 0.954186
0.959398 0.851185 0.668804 0.671786 0.833048 0.729145 0.380430 0.608379 0.448780 0.674902 0.805726 0.849950 0.979783 0.914501 0.857209 0.633772 0.829688 0.767285 0.573167 0.768356 0.805380 0.736160 0.743620 0.853302 0.912123 0.738963 0.771296 0.783317 0.720840 0.666980 0.327460 0.000000 0.554085 0.542316 0.994814 0.961188 0.852639 0.788219 0.907166 0.934337 0.914891 0.973495 0.474235 0.504534 0.534305 0.645671 0.884362 0.986323 0.868129 0.872297 0.607192 0.684534 0.617829 0.581622 0.938742 0.969248 0.759204 0.941260 0.935747 0.759771 0.802079 0.982750 0.932779 0.929570 0.908174 0.965200 0.496614 0.600266 0.965501 0.918117 0.504734 0.521736 0.599884 0.613732 0.925588 0.868739 0.684163 0.581118 0.722218 0.704511 0.953981 0.992200 0.931083 0.951482 0.921279 0.971346 0.740871 0.999060 0.759738 0.775510 0.609612 0.572558 0.628255 0.691612 0.687742 0.818250 0.811114 0.894895 0.661906 0.642227 0.785083 0.556582 0.675784 0.820644 0.626731 0.983526 0.894532 0.890753 0.922458 0.939142 0.847751 0.855218 0.666378 0.909399 0.758648 0.939573
0.486987 0.428041 0.617154 0.473326 0.939667 0.642917 0.310098 0.403069 0.472160 0.603226 0.448697 0.445340 0.573970 0.584940 0.529732 0.350533 0.471265 0.439056 0.358820 0.473463 0.680595 0.905319 0.525365 0.633150 0.794688 0.758892 0.991969 0.990120 0.408041 0.413446 0.449247 0.554085 0.000000 0.293800 0.942591 0.885138 0.740460 0.680379 0.814956 0.779237 0.737363 0.763037 0.376699 0.397439 0.425906 0.414446 0.578015 0.560032 0.472647 0.490423 0.436883 0.486986 0.579785 0.822673 0.683344 0.701484 0.406785 0.572933 0.590063 0.763851 0.377907 0.559953 0.589157 0.550864 0.598530 0.563405 0.478450 0.508849 0.597693 0.622559 0.574962 0.496542 0.601116 0.505525 0.794010 0.755580 0.536434 0.525503 0.535191 0.519801 0.510721 0.587142 0.623134 0.650481 0.641525 0.638629 0.970971 0.951905 0.845373 0.755317 0.648431 0.720288 0.683689 0.815473 0.589101 0.602585 0.687260 0.613244 0.449127 0.558875 0.813817 0.710181 0.620106 0.752941 0.492178 0.693364 0.915479 0.834700 0.808811 0.933201 0.952320 0.613873 0.526781 0.872285 0.655120 0.953384
0.493944 0.408155 0.669957 0.541266 0.966838 0.694819 0.325476 0.371584 0.469517 0.516015 0.404646 0.444399 0.667940 0.714796 0.690022 0.460938 0.399652 0.372430 0.324546 0.393726 0.721182 0.889073 0.692517 0.755717 0.896656 0.888160 0.871187 0.910638 0.335416 0.377080 0.479769 0.542316 0.293800 0.000000 0.978333 0.908130 0.717454 0.760580 0.790795 0.806812 0.782512 0.759621 0.439641 0.487133 0.404924 0.443477 0.616510 0.570076 0.575363 0.689764 0.604213 0.683792 0.719086 0.898992 0.858163 0.741583 0.390685 0.577751 0.589921 0.776891 0.388818 0.597352 0.545279 0.499445 0.771525 0.703074 0.422139 0.527622 0.676065 0.660482 0.472669 0.433613 0.473922 0.433339 0.735717 0.859547 0.531864 0.508756 0.491620 0.516594 0.540633 0.654903 0.761981 0.725044 0.812528 0.840688 0.783567 0.848485 0.995483 0.875459 0.633238 0.671909 0.670492 0.789220 0.619631 0.568668 0.714622 0.677550 0.417876 0.430838 0.790754 0.677979 0.593613 0.643341 0.546673 0.649103 0.966880 0.813449 0.772859 0.988708 0.894978 0.520263 0.535295 0.761736 0.684309 0.912251
0.911806 0.968951 0.913021 0.880151 0.904067 0.954627 0.919439 0.904565 0.918521 0.854257 0.972450 0.983728 0.973687 0.888091 0.959168 0.959486 0.942139 0.990626 0.892950 0.933833 0.968485 0.809152 0.972987 0.971794 0.998652 0.785879 0.853371 0.839194 0.967272 0.977882 0.964835 0.994814 0.942591 0.978333 0.000000 0.817023 0.954536 0.870410 0.960583 0.982064 0.859698 0.923581 0.824365 0.872293 0.815058 0.795194 0.919440 0.921641 0.913345 0.970162 0.847503 0.933152 0.853925 0.941654 0.975599 0.997172 0.950977 0.972049 0.996677 0.972446 0.902901 0.916713 0.923951 0.951737 0.908969 0.989185 0.824579 0.761580 0.920598 0.951178 0.924613 0.929091 0.947803 0.999931 0.985502 0.957510 0.973005 0.883069 0.988874 0.912193 0.987730 0.969410 0.974416 0.893443 0.997949 0.979746 0.936912 0.917493 0.986093 0.828229 0.949558 0.950815 0.992151 0.973606 0.843252 0.792057 0.893170 0.930595 0.949117 0.949376 0.755782 0.901906 0.965857 0.978168 0.867876 0.925508 0.995149 0.829648 0.909855 0.839199 0.967467 0.933508 0.843952 0.949239 0.835343 0.968038
0.719813 0.683980 0.866163 0.805830 0.957264 0.778432 0.987593 0.859926 0.977913 0.980038 0.717641 0.709008 0.772373 0.668786 0.841052 0.792976 0.737154 0.793561 0.846822 0.721640 0.906858 0.966623 0.989426 0.831221 0.885761 0.966995 0.977130 0.846595 0.834334 0.834743 0.944726 0.961188 0.885138 0.908130 0.817023 0.000000 0.780814 0.998827 0.967473 0.853817 0.706323 0.881261 0.978172 0.921906 0.819360 0.932703 0.834528 0.893527 0.914411 0.815290 0.950447 0.912493 0.940192 0.817254 0.790777 0.839390 0.712663 0.688519 0.803615 0.703563 0.824600 0.748765 0.828934 0.778578 0.874599 0.682983 0.882194 0.963809 0.786984 0.868329 0.920089 0.933403 0.757781 0.939811 0.982113 0.930037 0.768882 0.961396 0.759278 0.851885 0.854053 0.753291 0.849202 0.728358 0.911251 0.865280 0.962127 0.953177 0.924879 0.771599 0.974165 0.977906 0.991178 0.970773 0.917833 0.962509 0.919133 0.969434 0.995868 0.972994 0.884420 0.782932 0.890520 0.910606 0.932999 0.942268 0.965288 0.955197 0.966678 0.824276 0.961774 0.887479 0.912392 0.985331 0.919801 0.905942
0.656004 0.600310 0.604122 0.538175 0.884092 0.873170 0.824773 0.724992 0.815113 0.865236 0.652682 0.650856 0.723137 0.718187 0.775159 0.677744 0.747357 0.723583 0.786377 0.663798 0.620141 0.801855 0.868584 0.759077 0.627134 0.606868 0.889023 0.912924 0.782437 0.797256 0.802680 0.852639 0.740460 0.717454 0.954536 0.780814 0.000000 0.578915 0.678369 0.545180 0.740314 0.787875 0.727185 0.652225 0.863199 0.786782 0.721336 0.740170 0.762135 0.742135 0.736769 0.727740 0.920017 0.938868 0.823716 0.882944 0.630078 0.641418 0.738587 0.746546 0.700848 0.664592 0.806645 0.731556 0.637779 0.624724 0.803461 0.790929 0.624902 0.618079 0.684691 0.757852 0.729616 0.749937 0.990820 0.881215 0.824887 0.743029 0.687099 0.664624 0.665642 0.718777 0.823324 0.734487 0.822529 0.806942 0.802683 0.846957 0.932436 0.802240 0.834310 0.832425 0.766310 0.803572 0.780784 0.860556 0.974730 0.902144 0.818376 0.876296 0.841636 0.940158 0.854084 0.881114 0.818489 0.850309 0.862609 0.999145 0.985188 0.984476 0.941994 0.818812 0.960409 0.937356 0.840434 0.880539
0.709734 0.696971 0.639759 0.622064 0.928287 0.999147 0.788616 0.808422 0.926554 0.957659 0.682235 0.765335 0.830549 0.802301 0.851505 0.724455 0.786032 0.765820 0.776219 0.769593 0.811809 0.818513 0.926191 0.875239 0.743641 0.775611 0.926147 0.918760 0.889146 0.843853 0.684749 0.788219 0.680379 0.760580 0.870410 0.998827 0.578915 0.000000 0.767549 0.702185 0.814241 0.832734 0.765468 0.696391 0.883946 0.792150 0.830813 0.790390 0.864465 0.807738 0.709514 0.770436 0.925693 0.997690 0.751803 0.968467 0.651909 0.688185 0.773454 0.824118 0.770822 0.785105 0.873596 0.819447 0.712187 0.683322 0.805344 0.816284 0.558497 0.659164 0.797228 0.715721 0.811571 0.609380 0.902820 0.717758 0.845025 0.830473 0.608307 0.783542 0.736195 0.759605 0.792044 0.809450 0.858877 0.816441 0.914128 0.884181 0.825379 0.853252 0.930686 0.916167 0.837640 0.833259 0.766450 0.946029 0.914870 0.983476 0.920265 0.953876 0.904475 0.856861 0.887085 0.990407 0.833360 0.805940 0.865434 0.921197 0.939331 0.987474 0.992573 0.887364 0.808187 0.946119 0.667952 0.991557
