0.000000 0.409305 0.889552 0.996380 0.954359 0.907475 0.824174 0.669053 0.987147 0.662842 0.602211 0.541322 0.982493 0.823162 0.987628 0.860112 0.475390 0.507295 0.645229 0.597451 0.960475 0.995060 0.888464 0.925851 0.771133 0.797531 0.897256 0.836755 0.673170 0.650626 0.998870 0.919214 0.617524 0.635465 0.983851 0.989156 0.850984 0.761523 0.950467 0.966779 0.804199 0.938755 0.836593 0.709708 0.678796 0.699062 0.833889 0.809742 0.630197 0.798799 0.653945 0.826600 0.937779 0.959212 0.892648 0.853240 0.399095 0.417005 0.634436 0.833150 0.726630 0.833972 0.473518 0.452781 0.724450 0.865287 0.847103 0.807665 0.594763 0.677231 0.698686 0.728869 0.816708 0.723650 0.923622 0.927657 0.768303 0.734880 0.869935 0.833963 0.506449 0.498465 0.875548 0.722996 0.971758 0.998151 0.976550 0.889713 0.829806 0.976340 0.763154 0.766524 0.839142 0.941906 0.917419 0.903652 0.734205 0.871432 0.507568 0.655740 0.763165 0.946786 0.650180 0.585622 0.871771 0.996507 0.932870 0.835472 0.962218 0.865866 0.737134 0.753552 0.772005 0.948098 0.958722 0.893374
0.409305 0.000000 0.704249 0.889680 0.956458 0.981524 0.964825 0.757482 0.821109 0.733123 0.694614 0.530703 0.839800 0.834831 0.799630 0.996980 0.480744 0.472170 0.684429 0.529777 0.929324 0.906027 0.798043 0.859926 0.775818 0.696761 0.970315 0.797819 0.703077 0.612854 0.949736 0.921833 0.666694 0.666594 0.939407 0.886245 0.865333 0.712046 0.869301 0.956885 0.819760 0.767899 0.922255 0.745347 0.752733 0.714769 0.966176 0.912406 0.657184 0.795251 0.747886 0.889479 0.876656 0.888375 0.996880 0.811309 0.355860 0.325619 0.787109 0.808535 0.866906 0.784974 0.612021 0.452736 0.645933 0.875253 0.952406 0.874877 0.613245 0.606909 0.667126 0.758490 0.817221 0.690701 0.986000 0.951982 0.792508 0.752142 0.868965 0.843415 0.521335 0.566712 0.860861 0.733375 0.818107 0.946696 0.989757 0.927211 0.679414 0.934714 0.843040 0.836180 0.917795 0.989685 0.897380 0.904222 0.746245 0.824080 0.571542 0.717592 0.697056 0.984778 0.712430 0.631233 0.958842 0.932268 0.957708 0.909092 0.986071 0.885332 0.754305 0.716429 0.747593 0.925436 0.952631 0.916514
0.889552 0.704249 0.000000 0.464917 0.807253 0.970071 0.467202 0.858930 0.572379 0.995420 0.972011 0.664210 0.809437 0.915540 0.675180 0.980659 0.854789 0.775229 0.802080 0.810283 0.884781 0.844200 0.435895 0.636374 0.558563 0.549445 0.892631 0.799636 0.866206 0.777517 0.528197 0.703353 0.698990 0.773087 0.622654 0.929442 0.866157 0.938263 0.677718 0.879256 0.876812 0.883237 0.718730 0.919877 0.895100 0.978665 0.684278 0.796289 0.792294 0.973596 0.930797 0.856288 0.715921 0.667321 0.772973 0.936760 0.755973 0.698689 0.755384 0.985654 0.768644 0.883830 0.976017 0.698520 0.407612 0.604387 0.504287 0.669318 0.934553 0.811036 0.898509 0.910490 0.919748 0.999874 0.799767 0.820306 0.718057 0.797589 0.884795 0.980140 0.809512 0.891847 0.962918 0.766940 0.490245 0.586180 0.941272 0.946721 0.754301 0.870002 0.899038 0.844452 0.817264 0.641731 0.956709 0.922676 0.975439 0.833914 0.912073 0.939052 0.738414 0.872710 0.966224 0.814286 0.800669 0.594490 0.936365 0.864472 0.994293 0.985559 0.973357 0.893864 0.935893 0.946087 0.821460 0.887696
0.996380 0.889680 0.464917 0.000000 0.921013 0.928967 0.582493 0.752458 0.657833 0.981609 0.859221 0.824684 0.990812 0.985522 0.843138 0.869523 0.922445 0.785268 0.765103 0.976139 0.881150 0.991548 0.454375 0.490040 0.563340 0.599188 0.944531 0.860349 0.781127 0.758309 0.533451 0.673930 0.715751 0.835037 0.684614 0.957875 0.656747 0.750280 0.719449 0.884778 0.794041 0.984344 0.831228 0.966750 0.871496 0.798417 0.787470 0.925298 0.708442 0.920851 0.909167 0.970857 0.759168 0.554472 0.761351 0.922191 0.902889 0.867879 0.791275 0.963579 0.876835 0.959833 0.949912 0.856689 0.566214 0.619802 0.645353 0.829297 0.947191 0.875695 0.720357 0.677162 0.663240 0.816909 0.826074 0.856578 0.702559 0.811089 0.824880 0.996369 0.966671 0.987065 0.923206 0.917000 0.600246 0.571869 0.962708 0.957054 0.902950 0.839563 0.809261 0.781812 0.755848 0.631410 0.836542 0.970134 0.974134 0.919657 0.901715 0.950984 0.874107 0.771805 0.937213 0.964489 0.758983 0.710390 0.937580 0.812275 0.953433 0.992207 0.930190 0.940119 0.857582 0.929141 0.915354 0.950877
0.954359 0.956458 0.807253 0.921013 0.000000 0.778026 0.831923 0.968901 0.864827 0.901009 0.768056 0.934258 0.750471 0.975604 0.857461 0.872413 0.993334 0.953100 0.913773 0.938502 0.919924 0.880386 0.894276 0.970067 0.982399 0.958887 0.881222 0.965253 0.881242 0.949054 0.919730 0.902666 0.856723 0.848422 0.856497 0.880062 0.922607 0.927406 0.973233 0.984810 0.957819 0.880033 0.912807 0.860568 0.753039 0.817967 0.925979 0.763967 0.984969 0.849778 0.969788 0.920242 0.934355 0.915183 0.910484 0.909383 0.953148 0.917718 0.884839 0.916067 0.754683 0.939825 0.991732 0.871503 0.812244 0.792815 0.746050 0.688801 0.999414 0.986600 0.972017 0.848080 0.969228 0.941993 0.983141 0.957720 0.839875 0.923870 0.954680 0.867093 0.955938 0.981785 0.936506 0.864917 0.836364 0.891966 0.916640 0.905746 0.860894 0.818285 0.955553 0.923708 0.961381 0.838774 0.948522 0.936314 0.929367 0.994330 0.899328 0.904263 0.954744 0.901425 0.925272 0.783663 0.903224 0.978612 0.929466 0.991239 0.944687 0.976090 0.818054 0.986396 0.928080 0.942853 0.951539 0.732768
0.907475 0.981524 0.970071 0.928967 0.778026 0.000000 0.872484 0.772850 0.859147 0.784328 0.799816 0.779333 0.787438 0.982110 0.940440 0.887878 0.975270 0.963379 0.943143 0.896183 0.979337 0.881987 0.801379 0.770351 0.828996 0.882057 0.799073 0.953258 0.902098 0.975693 0.959660 0.841361 0.958506 0.996530 0.928057 0.816053 0.950623 0.823612 0.999848 0.928346 0.994759 0.822747 0.901173 0.963962 0.782837 0.734236 0.924788 0.961140 0.808856 0.864349 0.841738 0.852910 0.778832 0.970943 0.992544 0.909033 0.968118 0.976618 0.754109 0.855420 0.676685 0.766176 0.887441 0.884071 0.860601 0.972456 0.931684 0.860240 0.936253 0.900255 0.916111 0.876841 0.979078 0.971440 0.977683 0.971813 0.914571 0.966236 0.939314 0.900404 0.942535 0.961475 0.851510 0.930615 0.895381 0.836900 0.966444 0.905934 0.954602 0.911515 0.831021 0.848603 0.787017 0.903566 0.907135 0.999070 0.898867 0.852682 0.811803 0.968920 0.749003 0.851040 0.874573 0.995764 0.985458 0.927053 0.883185 0.989962 0.969110 0.976470 0.879269 0.904710 0.887843 0.937976 0.951131 0.835523
0.824174 0.964825 0.467202 0.582493 0.831923 0.872484 0.000000 0.575556 0.626569 0.623990 0.674390 0.985928 0.700116 0.877404 0.697688 0.823080 0.852914 0.931730 0.559968 0.927381 0.992240 0.892796 0.581012 0.726203 0.916036 0.877139 0.875839 0.971167 0.908317 0.902787 0.610899 0.733790 0.641475 0.595408 0.823092 0.942164 0.939156 0.963819 0.771446 0.985257 0.934472 0.909704 0.619995 0.761466 0.725727 0.848161 0.653188 0.736223 0.986160 0.994418 0.875926 0.969737 0.715480 0.655030 0.909994 0.902032 0.956057 0.940365 0.676959 0.885167 0.694278 0.910842 0.608711 0.971072 0.762715 0.925205 0.523911 0.744720 0.941958 0.990726 0.728520 0.756187 0.719912 0.777109 0.814414 0.735756 0.638890 0.810024 0.782554 0.865964 0.935497 0.842891 0.937824 0.941538 0.614053 0.777622 0.921734 0.917017 0.930398 0.926753 0.653193 0.582508 0.678601 0.621522 0.947854 0.917355 0.869170 0.897866 0.758075 0.677054 0.942674 0.678628 0.809527 0.873551 0.839377 0.684941 0.940919 0.760889 0.992328 0.951392 0.860529 0.900331 0.861447 0.976039 0.935550 0.900971
0.669053 0.757482 0.858930 0.752458 0.968901 0.772850 0.575556 0.000000 0.827963 0.516780 0.682798 0.590263 0.771721 0.740065 0.943613 0.710547 0.807963 0.930654 0.651388 0.824245 0.852513 0.996430 0.941353 0.952176 0.789630 0.881286 0.717709 0.838165 0.874583 0.828272 0.857316 0.890257 0.798746 0.707305 0.939996 0.966207 0.911039 0.979890 0.871594 0.858111 0.918306 0.900716 0.859228 0.815732 0.810784 0.789218 0.866064 0.879120 0.829941 0.975120 0.723962 0.978289 0.779120 0.731709 0.931095 0.988083 0.793781 0.810972 0.661379 0.838102 0.670272 0.679159 0.583292 0.638920 0.829462 0.932546 0.795394 0.864170 0.813057 0.846643 0.627632 0.755775 0.674288 0.683140 0.932372 0.921584 0.749813 0.917391 0.912057 0.992487 0.844067 0.837723 0.862785 0.894915 0.907058 0.825651 0.939559 0.887233 0.880192 0.898795 0.493345 0.500964 0.619899 0.662122 0.899028 0.951087 0.726402 0.842325 0.670016 0.723849 0.681103 0.593868 0.723496 0.627344 0.928840 0.846562 0.940938 0.784289 0.977590 0.884019 0.861111 0.858832 0.797852 0.859114 0.977455 0.958748
0.987147 0.821109 0.572379 0.657833 0.864827 0.859147 0.626569 0.827963 0.000000 0.848688 0.948361 0.846302 0.840689 0.832272 0.790276 0.784708 0.947150 0.863233 0.958649 0.904532 0.996527 0.772534 0.738697 0.837096 0.814963 0.671188 0.920656 0.807551 0.948418 0.814900 0.760681 0.925960 0.980640 0.968901 0.752238 0.929995 0.757115 0.980888 0.760414 0.845131 0.843755 0.981957 0.801955 0.870351 0.835428 0.922065 0.644829 0.808887 0.956084 0.818555 0.722571 0.739126 0.598761 0.678491 0.827583 0.985031 0.861074 0.850824 0.614232 0.786302 0.662292 0.874374 0.995782 0.955994 0.622862 0.690754 0.707613 0.818878 0.958240 0.962885 0.879639 0.934688 0.988895 0.996305 0.845023 0.916800 0.794665 0.988956 0.983812 0.896646 0.918487 0.880140 0.903343 0.992496 0.778021 0.849711 0.913924 0.907912 0.690019 0.787657 0.792848 0.838563 0.757247 0.835898 0.898209 0.925351 0.941337 0.920580 0.952136 0.867003 0.943203 0.995102 0.891180 0.917462 0.835652 0.682508 0.865795 0.832204 0.906598 0.977767 0.910068 0.996004 0.869927 0.992037 0.865164 0.843060
0.662842 0.733123 0.995420 0.981609 0.901009 0.784328 0.623990 0.516780 0.848688 0.000000 0.530791 0.647152 0.749201 0.783655 0.990398 0.778112 0.682369 0.688037 0.636276 0.723392 0.877475 0.964806 0.911575 0.854115 0.601827 0.667793 0.764557 0.787943 0.707210 0.601915 0.975091 0.981180 0.898553 0.697229 0.928282 0.883063 0.999730 0.956961 0.916005 0.881656 0.961227 0.997335 0.665390 0.630086 0.632822 0.632147 0.871818 0.756701 0.640030 0.902581 0.772764 0.997135 0.963319 0.959372 0.877921 0.960434 0.729366 0.797328 0.776118 0.972251 0.780902 0.916582 0.571585 0.638657 0.698921 0.692640 0.889247 0.977742 0.931097 0.903632 0.655548 0.765801 0.831138 0.733277 0.983014 0.839223 0.717357 0.964249 0.939023 0.952257 0.784491 0.784657 0.849362 0.888995 0.843831 0.735850 0.940556 0.873444 0.785956 0.746083 0.522208 0.566639 0.714002 0.856373 0.886744 0.948129 0.824238 0.863222 0.544429 0.611694 0.741581 0.820141 0.632935 0.625963 0.990208 0.955827 0.995769 0.831908 0.967142 0.990470 0.865860 0.705662 0.711149 0.862611 0.956314 0.909792
0.602211 0.694614 0.972011 0.859221 0.768056 0.799816 0.674390 0.682798 0.948361 0.530791 0.000000 0.613157 0.673175 0.739104 0.770698 0.865770 0.577143 0.551393 0.615977 0.645432 0.924293 0.906790 0.894399 0.837085 0.633476 0.651260 0.912990 0.759082 0.568877 0.520320 0.997793 0.979661 0.792751 0.647256 0.861159 0.953486 0.869702 0.861817 0.994065 0.921957 0.947434 0.973363 0.791680 0.694162 0.584276 0.643883 0.862414 0.766443 0.667842 0.818117 0.876068 0.962610 0.956689 0.971865 0.880084 0.998986 0.645297 0.698341 0.792703 0.974345 0.717518 0.971116 0.539739 0.656252 0.781805 0.771548 0.855165 0.866937 0.832647 0.793749 0.793566 0.927580 0.856504 0.794154 0.971752 0.816012 0.858540 0.849101 0.919158 0.801323 0.715392 0.631632 0.919060 0.832765 0.994403 0.850353 0.946989 0.924200 0.905130 0.680050 0.755095 0.733806 0.898953 0.941580 0.993429 0.998975 0.839174 0.980888 0.545359 0.625693 0.876678 0.877569 0.802619 0.798559 0.901116 0.993497 0.874575 0.930546 0.982897 0.886299 0.820028 0.738791 0.723679 0.907672 0.962097 0.952143
0.541322 0.530703 0.664210 0.824684 0.934258 0.779333 0.985928 0.590263 0.846302 0.647152 0.613157 0.000000 0.849291 0.672813 0.898145 0.749049 0.650264 0.668293 0.794152 0.699511 0.856383 0.919789 0.670269 0.719466 0.539778 0.548883 0.720141 0.720977 0.757284 0.620883 0.767346 0.880102 0.897184 0.866642 0.760365 0.982893 0.988680 0.923526 0.866804 0.867456 0.978512 0.859823 0.934762 0.874926 0.843596 0.764214 0.938459 0.924655 0.688001 0.967134 0.801492 0.980579 0.981324 0.980678 0.915872 0.900976 0.571504 0.559891 0.820383 0.808784 0.765114 0.685881 0.554023 0.417943 0.515342 0.711101 0.898668 0.984368 0.720504 0.777981 0.790652 0.929923 0.853794 0.812591 0.971491 0.908269 0.956136 0.943195 0.986569 0.993881 0.685620 0.685854 0.983860 0.655897 0.666161 0.657186 0.984143 0.964245 0.835880 0.796475 0.749898 0.775251 0.887771 0.979426 0.909361 0.971342 0.779108 0.834336 0.629649 0.793471 0.676102 0.886896 0.820671 0.628355 0.929835 0.866190 0.922346 0.959454 0.917754 0.880089 0.795293 0.805164 0.752741 0.859433 0.899040 0.963252
0.982493 0.839800 0.809437 0.990812 0.750471 0.787438 0.700116 0.771721 0.840689 0.749201 0.673175 0.849291 0.000000 0.801828 0.692375 0.812268 0.962996 0.970014 0.963345 0.892012 0.984443 0.965009 0.961138 0.869391 0.812222 0.912509 0.935986 0.941940 0.901695 0.906755 0.982473 0.847028 0.957627 0.904892 0.921262 0.941345 0.898237 0.835129 0.987129 0.987207 0.875977 0.836425 0.911544 0.897327 0.781151 0.830207 0.845042 0.823351 0.918894 0.930209 0.915000 0.968844 0.841362 0.970337 0.921094 0.976711 0.847672 0.836900 0.778151 0.974074 0.658164 0.916556 0.793584 0.966255 0.953632 0.932795 0.862560 0.894819 0.913132 0.900463 0.940934 0.930575 0.987936 0.929525 0.887898 0.812733 0.970141 0.985115 0.969705 0.975543 0.854071 0.934924 0.921182 0.909604 0.937323 0.853711 0.950163 0.885064 0.800456 0.856333 0.806608 0.860106 0.848764 0.880298 0.892444 0.995957 0.948691 0.996372 0.854079 0.962191 0.885871 0.840928 0.996979 0.992510 0.929207 0.955758 0.990174 0.959170 0.899126 0.901931 0.903411 0.931313 0.868583 0.934205 0.923055 0.914116
0.823162 0.834831 0.915540 0.985522 0.975604 0.982110 0.877404 0.740065 0.832272 0.783655 0.739104 0.672813 0.801828 0.000000 0.847460 0.753898 0.735894 0.731116 0.640039 0.714825 0.822010 0.961180 0.942366 0.912696 0.865976 0.730222 0.885957 0.700196 0.728992 0.673946 0.935749 0.843717 0.869598 0.884981 0.767211 0.953030 0.901108 0.939487 0.971820 0.851627 0.879527 0.971421 0.838121 0.875994 0.994896 0.998052 0.995779 0.926975 0.979150 0.743573 0.861827 0.703021 0.810092 0.927961 0.867667 0.937931 0.791784 0.847875 0.884352 0.801375 0.816094 0.855678 0.678061 0.825164 0.768640 0.689357 0.913805 0.841057 0.897050 0.951912 0.820212 0.894076 0.829093 0.755124 0.956301 0.867562 0.987041 0.934556 0.860523 0.804127 0.793951 0.708177 0.866856 0.911292 0.976000 0.914139 0.966418 0.823122 0.805181 0.656301 0.856584 0.877636 0.977363 0.994182 0.893159 0.904683 0.982482 0.985086 0.818279 0.799948 0.861034 0.772663 0.832595 0.767540 0.834831 0.732022 0.988155 0.927561 0.967360 0.834634 0.946938 0.845650 0.872988 0.869683 0.981457 0.878608
0.987628 0.799630 0.675180 0.843138 0.857461 0.940440 0.697688 0.943613 0.790276 0.990398 0.770698 0.898145 0.692375 0.847460 0.000000 0.778633 0.917791 0.915917 0.809054 0.968699 0.955589 0.891944 0.721005 0.785934 0.862809 0.821613 0.882558 0.922680 0.796349 0.903609 0.784274 0.814922 0.847263 0.881765 0.940768 0.908662 0.955997 0.911831 0.757780 0.756307 0.925124 0.831593 0.653555 0.774064 0.832527 0.924104 0.629937 0.626784 0.956012 0.895628 0.961902 0.911706 0.857796 0.927767 0.969163 0.945709 0.929905 0.839591 0.921447 0.814097 0.906777 0.764791 0.877009 0.866640 0.684113 0.912535 0.865723 0.941417 0.972308 0.794129 0.922198 0.969328 0.987582 0.904147 0.956612 0.830113 0.982242 0.840444 0.883092 0.817236 0.991863 0.926663 0.859853 0.993261 0.611232 0.778304 0.916305 0.965531 0.767685 0.977182 0.937200 0.927515 0.941497 0.935440 0.868926 0.982733 0.895225 0.872302 0.966034 0.840962 0.784968 0.921195 0.993291 0.861882 0.992978 0.830357 0.974804 0.873457 0.989547 0.938687 0.956780 0.938560 0.994907 0.955633 0.842526 0.905986
0.860112 0.996980 0.980659 0.869523 0.872413 0.887878 0.823080 0.710547 0.784708 0.778112 0.865770 0.749049 0.812268 0.753898 0.778633 0.000000 0.899985 0.971957 0.824506 0.845457 0.929629 0.878320 0.921984 0.856329 0.916089 0.994012 0.784709 0.930543 0.888672 0.821437 0.998044 0.850676 0.894496 0.947105 0.828461 0.860939 0.845488 0.979460 0.932842 0.855018 0.989724 0.989642 0.905280 0.945076 0.956905 0.964374 0.833286 0.851607 0.877421 0.960253 0.794267 0.988899 0.788796 0.843796 0.988987 0.910683 0.956655 0.947432 0.924303 0.953647 0.921012 0.950560 0.754565 0.820705 0.871849 0.844227 0.813542 0.720761 0.903614 0.886276 0.853121 0.919588 0.821847 0.881263 0.938019 0.957006 0.954181 0.953286 0.986523 0.978728 0.927991 0.887404 0.948432 0.732744 0.986654 0.912195 0.994243 0.808948 0.956393 0.983015 0.865401 0.999708 0.947462 0.932527 0.983613 0.917284 0.989444 0.964141 0.876476 0.905461 0.936922 0.977301 0.925942 0.798269 0.970950 0.934997 0.845851 0.952375 0.973871 0.990649 0.958212 0.933493 0.945460 0.990430 0.946169 0.963131
0.475390 0.480744 0.854789 0.922445 0.993334 0.975270 0.852914 0.807963 0.947150 0.682369 0.577143 0.650264 0.962996 0.735894 0.917791 0.899985 0.000000 0.364861 0.516478 0.485754 0.997249 0.990281 0.984748 0.965694 0.771684 0.706179 0.984365 0.807674 0.520931 0.509126 0.967245 0.774962 0.668718 0.653470 0.877137 0.938974 0.954279 0.919802 0.901260 0.967991 0.879074 0.909025 0.678965 0.643067 0.735006 0.789249 0.876241 0.868799 0.744474 0.913074 0.880216 0.956272 0.829987 0.875523 0.935576 0.893205 0.365982 0.453317 0.882935 0.907884 0.986342 0.885605 0.511967 0.540544 0.726224 0.736599 0.891201 0.981324 0.679806 0.721396 0.681904 0.717416 0.826431 0.750041 0.902516 0.850749 0.840700 0.804182 0.769371 0.720811 0.421843 0.476316 0.742824 0.737584 0.994997 0.958050 0.986194 0.966110 0.739456 0.855821 0.829262 0.810736 0.932897 0.963603 0.949040 0.896947 0.799866 0.979447 0.601162 0.556625 0.800395 0.990666 0.633069 0.689858 0.992628 0.884835 0.894483 0.924247 0.963806 0.870059 0.727473 0.736562 0.722695 0.989322 0.972061 0.997592
0.507295 0.472170 0.775229 0.785268 0.953100 0.963379 0.931730 0.930654 0.863233 0.688037 0.551393 0.668293 0.970014 0.731116 0.915917 0.971957 0.364861 0.000000 0.569219 0.447623 0.916043 0.949370 0.898216 0.907982 0.727659 0.605330 0.943771 0.762967 0.488770 0.460407 0.944149 0.831064 0.725199 0.667437 0.819478 0.959405 0.975843 0.952382 0.804096 0.912758 0.946687 0.920644 0.740872 0.659123 0.704922 0.746720 0.884617 0.803969 0.706670 0.882120 0.937594 0.964549 0.767444 0.781983 0.863022 0.958417 0.376968 0.444020 0.962784 0.871666 0.968208 0.856460 0.560919 0.585254 0.687966 0.710697 0.944777 0.990632 0.676572 0.723151 0.773453 0.833263 0.885843 0.729912 0.974198 0.861708 0.854604 0.772581 0.789423 0.720622 0.437998 0.457766 0.749967 0.757339 0.985198 0.973565 0.909512 0.976861 0.665420 0.813514 0.919134 0.869772 0.973348 0.909513 0.936547 0.890980 0.860032 0.990357 0.605260 0.589012 0.849629 0.914496 0.670191 0.712708 0.918957 0.814503 0.963412 0.944311 0.944325 0.921434 0.752247 0.648856 0.712778 0.930937 0.998099 0.964635
0.645229 0.684429 0.802080 0.765103 0.913773 0.943143 0.559968 0.651388 0.958649 0.636276 0.615977 0.794152 0.963345 0.640039 0.809054 0.824506 0.516478 0.569219 0.000000 0.543080 0.995177 0.982403 0.653939 0.730727 0.995779 0.850393 0.925119 0.818489 0.666381 0.592168 0.759133 0.607045 0.580439 0.564544 0.971513 0.936386 0.966403 0.924185 0.973891 0.960151 0.938791 0.986884 0.606884 0.706342 0.814450 0.896164 0.808908 0.774955 0.973866 0.932071 0.986594 0.847081 0.940036 0.885483 0.998705 0.944625 0.591310 0.702761 0.915819 0.784261 0.999773 0.793641 0.519407 0.777470 0.975267 0.864366 0.712063 0.902153 0.775965 0.903000 0.550325 0.673845 0.608851 0.596320 0.902034 0.759089 0.695749 0.731734 0.703205 0.682061 0.589638 0.542263 0.822462 0.877074 0.719911 0.807984 0.862037 0.925156 0.758218 0.790505 0.744832 0.670047 0.862672 0.832792 0.876886 0.843569 0.829210 0.899341 0.681796 0.553246 0.972804 0.791788 0.696030 0.756132 0.987132 0.958899 0.928435 0.922077 0.922229 0.932891 0.876743 0.823160 0.831474 0.985001 0.991779 0.996700
0.597451 0.529777 0.810283 0.976139 0.938502 0.896183 0.927381 0.824245 0.904532 0.723392 0.645432 0.699511 0.892012 0.714825 0.968699 0.845457 0.485754 0.447623 0.543080 0.000000 0.917747 0.849328 0.991398 0.924464 0.806186 0.687091 0.989092 0.742567 0.598838 0.565957 0.967577 0.722881 0.753787 0.771983 0.814712 0.900326 0.901576 0.884167 0.832648 0.898745 0.888768 0.914300 0.818290 0.790489 0.918061 0.955130 0.932780 0.888832 0.897230 0.969792 0.972059 0.840968 0.823315 0.948917 0.903041 0.949185 0.472557 0.503538 0.978195 0.885563 0.900340 0.920046 0.622727 0.626701 0.711069 0.751426 0.988398 0.884193 0.679756 0.758220 0.624776 0.748083 0.679791 0.620765 0.993200 0.906847 0.813283 0.758573 0.777280 0.767030 0.471786 0.503409 0.750940 0.693093 0.993298 0.969602 0.977482 0.962208 0.660865 0.808210 0.868341 0.799079 0.965737 0.957422 0.962759 0.888132 0.908149 0.992250 0.703420 0.650365 0.925233 0.965520 0.733339 0.655573 0.955410 0.828733 0.992687 0.938210 0.992329 0.998304 0.874947 0.803983 0.917353 0.876486 0.972748 0.827527
0.960475 0.929324 0.884781 0.881150 0.919924 0.979337 0.992240 0.852513 0.996527 0.877475 0.924293 0.856383 0.984443 0.822010 0.955589 0.929629 0.997249 0.916043 0.995177 0.917747 0.000000 0.952360 0.875149 0.949786 0.863661 0.812281 0.855708 0.908354 0.835757 0.918557 0.982310 0.992346 0.927809 0.977743 0.862719 0.879050 0.962013 0.969931 0.979523 0.880506 0.936761 0.913094 0.997293 0.895394 0.974964 0.935593 0.987544 0.928104 0.874052 0.973565 0.962577 0.944770 0.986129 0.982059 0.943273 0.747449 0.956585 0.925205 0.952247 0.978470 0.925794 0.870955 0.978734 0.858910 0.851129 0.878426 0.814524 0.906096 0.923070 0.986943 0.973004 0.973796 0.892064 0.851158 0.949416 0.938031 0.944532 0.986004 0.906696 0.984367 0.982914 0.968708 0.966634 0.893714 0.811588 0.756718 0.897065 0.956688 0.957845 0.989861 0.934291 0.926834 0.970661 0.906341 0.838532 0.902388 0.861331 0.998261 0.887486 0.977509 0.914510 0.947534 0.996909 0.854832 0.984841 0.904333 0.931470 0.945581 0.963358 0.931253 0.913325 0.916717 0.859732 0.804389 0.882681 0.891080
0.995060 0.906027 0.844200 0.991548 0.880386 0.881987 0.892796 0.996430 0.772534 0.964806 0.906790 0.919789 0.965009 0.961180 0.891944 0.878320 0.990281 0.949370 0.982403 0.849328 0.952360 0.000000 0.818996 0.911481 0.828976 0.826394 0.970281 0.852090 0.933125 0.950138 0.894050 0.926019 0.972283 0.998755 0.957109 0.988423 0.999669 0.933200 0.949472 0.986446 0.951518 0.947414 0.838122 0.892806 0.880181 0.891561 0.856564 0.881360 0.948906 0.858494 0.871112 0.809207 0.889487 0.909946 0.997580 0.880590 0.980267 0.938811 0.898702 0.962314 0.954718 0.984624 0.929365 0.876051 0.847120 0.857841 0.906458 0.919929 0.937439 0.982559 0.958733 0.961343 0.825682 0.928115 0.824021 0.946879 0.924985 0.945817 0.895865 0.994467 0.932335 0.855145 0.873205 0.958678 0.907029 0.929689 0.891820 0.985612 0.802093 0.897828 0.926257 0.991171 0.897133 0.964163 0.848813 0.773089 0.915769 0.941772 0.948348 0.937998 0.930859 0.912118 0.985639 0.986403 0.885128 0.996967 0.878956 0.873397 0.933841 0.931552 0.852281 0.953054 0.789436 0.975047 0.794163 0.813127
0.888464 0.798043 0.435895 0.454375 0.894276 0.801379 0.581012 0.941353 0.738697 0.911575 0.894399 0.670269 0.961138 0.942366 0.721005 0.921984 0.984748 0.898216 0.653939 0.991398 0.875149 0.818996 0.000000 0.412252 0.509911 0.638903 0.871599 0.905099 0.922788 0.919671 0.513145 0.597023 0.715866 0.822670 0.767589 0.884467 0.879249 0.882403 0.715356 0.862376 0.924570 0.954379 0.686252 0.896326 0.947059 0.818712 0.775942 0.851353 0.699193 0.896919 0.929416 0.972673 0.850035 0.680588 0.889296 0.876420 0.883985 0.811781 0.994799 0.810580 0.928417 0.732289 0.984388 0.664444 0.497729 0.690243 0.662938 0.888575 0.986309 0.847423 0.757024 0.795054 0.764825 0.826318 0.836089 0.832924 0.741972 0.799933 0.802840 0.847096 0.952231 0.985746 0.917057 0.821118 0.444573 0.467557 0.882382 0.889324 0.916255 0.959425 0.996104 0.911935 0.969768 0.726109 0.817484 0.876814 0.929718 0.766879 0.869073 0.883971 0.699457 0.853268 0.943508 0.879439 0.833544 0.801111 0.887053 0.904237 0.892274 0.972956 0.975480 0.876875 0.910366 0.942432 0.855279 0.919031
0.925851 0.859926 0.636374 0.490040 0.970067 0.770351 0.726203 0.952176 0.837096 0.854115 0.837085 0.719466 0.869391 0.912696 0.785934 0.856329 0.965694 0.907982 0.730727 0.924464 0.949786 0.911481 0.412252 0.000000 0.543692 0.679610 0.915943 0.966855 0.934136 0.897583 0.614385 0.579619 0.811191 0.946808 0.867022 0.984098 0.840934 0.880981 0.684458 0.948182 0.890491 0.987156 0.811201 0.982623 0.793665 0.713084 0.811818 0.927821 0.669649 0.846811 0.889368 0.913429 0.869992 0.671420 0.901771 0.823208 0.925238 0.867792 0.889671 0.745597 0.801742 0.802903 0.959380 0.712842 0.656687 0.786036 0.875972 0.920775 0.989540 0.891189 0.812598 0.754586 0.719320 0.723431 0.930579 0.917093 0.885084 0.846483 0.881100 0.858386 0.999614 0.947751 0.959694 0.886550 0.533431 0.541073 0.937231 0.889425 0.985951 0.945765 0.994638 0.946927 0.977257 0.850384 0.746265 0.949291 0.900946 0.773831 0.810130 0.954305 0.795434 0.859617 0.999375 0.931091 0.855316 0.937146 0.935976 0.827295 0.919787 0.931878 0.928856 0.849427 0.839497 0.868907 0.948874 0.986220
0.771133 0.775818 0.558563 0.563340 0.982399 0.828996 0.916036 0.789630 0.814963 0.601827 0.633476 0.539778 0.812222 0.865976 0.862809 0.916089 0.771684 0.727659 0.995779 0.806186 0.863661 0.828976 0.509911 0.543692 0.000000 0.440319 0.738454 0.690217 0.722635 0.662115 0.576152 0.720872 0.805889 0.954902 0.649404 0.868782 0.766132 0.798864 0.753381 0.791204 0.852656 0.992461 0.937165 0.872332 0.807428 0.748169 0.836411 0.995539 0.662746 0.977365 0.986413 0.845533 0.922220 0.856322 0.803455 0.938135 0.755651 0.774168 0.998161 0.980748 0.915447 0.842277 0.713406 0.574069 0.446312 0.538252 0.804091 0.853338 0.965847 0.855993 0.985828 0.966880 0.955253 0.946914 0.899990 0.985754 0.914638 0.860920 0.936733 0.983204 0.840655 0.848094 0.933944 0.802449 0.531990 0.480125 0.907060 0.920893 0.791218 0.784463 0.797506 0.818167 0.939061 0.913094 0.805846 0.987160 0.850647 0.791653 0.684276 0.830996 0.692130 0.908792 0.830666 0.640120 0.861832 0.812267 0.874725 0.949080 0.948139 0.863368 0.920715 0.739264 0.777152 0.800892 0.861553 0.991916
0.797531 0.696761 0.549445 0.599188 0.958887 0.882057 0.877139 0.881286 0.671188 0.667793 0.651260 0.548883 0.912509 0.730222 0.821613 0.994012 0.706179 0.605330 0.850393 0.687091 0.812281 0.826394 0.638903 0.679610 0.440319 0.000000 0.793178 0.626407 0.647787 0.566487 0.684323 0.839671 0.921579 0.993306 0.689182 0.872402 0.727386 0.886043 0.694797 0.753441 0.854108 0.919242 0.962902 0.936016 0.892158 0.818125 0.737762 0.983062 0.814981 0.962302 0.850584 0.757362 0.800679 0.780960 0.721078 0.981961 0.692964 0.693205 0.855741 0.909321 0.914856 0.997811 0.731877 0.659834 0.465365 0.564208 0.812627 0.835895 0.969427 0.859156 0.923014 0.994869 0.956441 0.801420 0.921392 0.986684 0.941458 0.983041 0.973035 0.909855 0.762882 0.738032 0.967692 0.852517 0.641471 0.623795 0.947344 0.946098 0.719241 0.703687 0.850220 0.829858 0.998093 0.913609 0.933796 0.990004 0.929889 0.903815 0.693384 0.758195 0.762581 0.924433 0.899595 0.706796 0.818904 0.664716 0.923876 0.885396 0.926409 0.948862 0.897712 0.705408 0.767861 0.852961 0.924990 0.945209
0.897256 0.970315 0.892631 0.944531 0.881222 0.799073 0.875839 0.717709 0.920656 0.764557 0.912990 0.720141 0.935986 0.885957 0.882558 0.784709 0.984365 0.943771 0.925119 0.989092 0.855708 0.970281 0.871599 0.915943 0.738454 0.793178 0.000000 0.903601 0.920907 0.923155 0.863436 0.968747 0.953140 0.936749 0.905789 0.825645 0.866160 0.919725 0.905594 0.956368 0.933142 0.945715 0.928921 0.985657 0.967103 0.935106 0.960547 0.981325 0.926647 0.825356 0.964227 0.833016 0.884460 0.960106 0.970933 0.985562 0.993098 0.969344 0.935522 0.940096 0.962253 0.936542 0.786580 0.812888 0.702929 0.703088 0.913401 0.950517 0.971223 0.957891 0.997408 0.974239 0.900503 0.943641 0.970887 0.956007 0.939478 0.999571 0.981781 0.997780 0.948336 0.899787 0.874675 0.866103 0.895537 0.746686 0.962445 0.970081 0.859993 0.980022 0.806044 0.832316 0.839588 0.988075 0.960182 0.922420 0.810607 0.872333 0.755234 0.825046 0.902518 0.782076 0.834832 0.718292 0.962907 0.997746 0.932400 0.924648 0.984001 0.988622 0.994667 0.967115 0.981765 0.983456 0.837119 0.973391
0.836755 0.797819 0.799636 0.860349 0.965253 0.953258 0.971167 0.838165 0.807551 0.787943 0.759082 0.720977 0.941940 0.700196 0.922680 0.930543 0.807674 0.762967 0.818489 0.742567 0.908354 0.852090 0.905099 0.966855 0.690217 0.626407 0.903601 0.000000 0.767801 0.665450 0.790853 0.963973 0.983828 0.918559 0.735830 0.994587 0.923708 0.957912 0.957758 0.853426 0.859834 0.954890 0.965517 0.885567 0.859018 0.891830 0.907157 0.928330 0.896977 0.934164 0.928347 0.800887 0.910247 0.937260 0.862999 0.908736 0.802519 0.817119 0.845564 0.880266 0.922317 0.972201 0.844360 0.892352 0.752647 0.810762 0.909637 0.916899 0.868151 0.959300 0.893780 0.998001 0.833690 0.747116 0.993059 0.997831 0.949218 0.955249 0.955489 0.733823 0.822495 0.743643 0.942553 0.892272 0.959163 0.870286 0.948169 0.864687 0.868206 0.625529 0.913839 0.870394 0.949704 0.974181 0.904947 0.891191 0.986036 0.864996 0.791978 0.749154 0.988839 0.884463 0.918885 0.832113 0.987006 0.822450 0.949996 0.918614 0.980593 0.897525 0.944901 0.848981 0.856941 0.851610 0.920801 0.921756
0.673170 0.703077 0.866206 0.781127 0.881242 0.902098 0.908317 0.874583 0.948418 0.707210 0.568877 0.757284 0.901695 0.728992 0.796349 0.888672 0.520931 0.488770 0.666381 0.598838 0.835757 0.933125 0.922788 0.934136 0.722635 0.647787 0.920907 0.767801 0.000000 0.530031 0.997989 0.882753 0.818651 0.735933 0.850445 0.953385 0.910344 0.878234 0.912755 0.908710 0.929824 0.995565 0.666421 0.650599 0.646895 0.673470 0.843649 0.771788 0.689338 0.819483 0.924391 0.971786 0.935100 0.812684 0.951464 0.931799 0.627377 0.657372 0.990827 0.888031 0.985711 0.908095 0.709031 0.740920 0.757402 0.761535 0.945276 0.970353 0.755694 0.828514 0.935311 0.959386 0.947566 0.795792 0.941465 0.779424 0.932389 0.737175 0.829837 0.748860 0.590553 0.607092 0.781865 0.808173 0.998541 0.926317 0.956232 0.943027 0.819231 0.796281 0.884804 0.882223 0.980057 0.848418 0.903113 0.907820 0.882448 0.993021 0.643873 0.672375 0.809732 0.945474 0.799901 0.840189 0.900904 0.847511 0.929459 0.970958 0.985309 0.898932 0.763147 0.795555 0.702780 0.969471 0.946005 0.941346
0.650626 0.612854 0.777517 0.758309 0.949054 0.975693 0.902787 0.828272 0.814900 0.601915 0.520320 0.620883 0.906755 0.673946 0.903609 0.821437 0.509126 0.460407 0.592168 0.565957 0.918557 0.950138 0.919671 0.897583 0.662115 0.566487 0.923155 0.665450 0.530031 0.000000 0.931048 0.919373 0.848423 0.736086 0.683099 0.986541 0.840030 0.983836 0.845468 0.920601 0.897895 0.964891 0.748825 0.638668 0.732028 0.733431 0.970043 0.800120 0.688102 0.948670 0.993371 0.891246 0.810147 0.836107 0.757844 0.953525 0.560452 0.622912 0.946033 0.803494 0.976976 0.890594 0.597123 0.637210 0.645020 0.628695 0.931153 0.910823 0.802407 0.936735 0.773303 0.925825 0.964820 0.798526 0.965951 0.943541 0.975908 0.830198 0.854931 0.806043 0.587061 0.574976 0.790754 0.831231 0.890916 0.805312 0.884884 0.911523 0.732017 0.637829 0.908037 0.940595 0.866564 0.894989 0.960013 0.975981 0.954404 0.988221 0.707242 0.717325 0.839571 0.991120 0.797729 0.751359 0.824204 0.773035 0.907338 0.936389 0.983988 0.985826 0.885938 0.853815 0.710711 0.962085 0.951779 0.862601
0.998870 0.949736 0.528197 0.533451 0.919730 0.959660 0.610899 0.857316 0.760681 0.975091 0.997793 0.767346 0.982473 0.935749 0.784274 0.998044 0.967245 0.944149 0.759133 0.967577 0.982310 0.894050 0.513145 0.614385 0.576152 0.684323 0.863436 0.790853 0.997989 0.931048 0.000000 0.669113 0.696041 0.707373 0.672423 0.971844 0.835625 0.888367 0.677729 0.857115 0.850750 0.987141 0.737864 0.891602 0.937595 0.973789 0.741775 0.934785 0.864409 0.987410 0.903337 0.855053 0.846975 0.804780 0.755755 0.936695 0.934066 0.920114 0.834012 0.967649 0.933896 0.858504 0.970711 0.839378 0.602734 0.754140 0.694186 0.830900 0.979593 0.911210 0.783804 0.782152 0.891046 0.903801 0.860572 0.821053 0.751814 0.790641 0.887487 0.876229 0.978681 0.964394 0.947330 0.851626 0.620651 0.608293 0.980646 0.986506 0.870409 0.932907 0.965018 0.938975 0.916736 0.784113 0.816768 0.927976 0.992586 0.835584 0.944423 0.974618 0.950219 0.829283 0.981535 0.852619 0.949513 0.759449 0.894634 0.817114 0.959546 0.975970 0.892956 0.995113 0.976068 0.891062 0.884667 0.892353
0.919214 0.921833 0.703353 0.673930 0.902666 0.841361 0.733790 0.890257 0.925960 0.981180 0.979661 0.880102 0.847028 0.843717 0.814922 0.850676 0.774962 0.831064 0.607045 0.722881 0.992346 0.926019 0.597023 0.579619 0.720872 0.839671 0.968747 0.963973 0.882753 0.919373 0.669113 0.000000 0.728215 0.729441 0.918925 0.859043 0.817482 0.936914 0.821944 0.963854 0.846598 0.943432 0.704208 0.891097 0.974787 0.940742 0.780677 0.859964 0.876045 0.940820 0.975189 0.954473 0.959292 0.814538 0.926427 0.904708 0.812150 0.882040 0.963997 0.756000 0.845044 0.750147 0.855060 0.930598 0.811536 0.960506 0.840166 0.998708 0.967802 0.999842 0.750589 0.751746 0.797581 0.733404 0.981061 0.855708 0.812590 0.706030 0.786843 0.847538 0.866752 0.826601 0.826763 0.933319 0.677974 0.695957 0.862602 0.931103 0.796956 0.967092 0.965131 0.905128 0.975647 0.842443 0.954673 0.903716 0.978839 0.942587 0.993920 0.805840 0.856730 0.947360 0.936699 0.922922 0.990983 0.946397 0.997567 0.861631 0.831068 0.953834 0.906304 0.913482 0.933013 0.953580 0.892625 0.971889
0.617524 0.666694 0.698990 0.715751 0.856723 0.958506 0.641475 0.798746 0.980640 0.898553 0.792751 0.897184 0.957627 0.869598 0.847263 0.894496 0.668718 0.725199 0.580439 0.753787 0.927809 0.972283 0.715866 0.811191 0.805889 0.921579 0.953140 0.983828 0.818651 0.848423 0.696041 0.728215 0.000000 0.489492 0.766521 0.794119 0.859046 0.736529 0.879824 0.975488 0.755319 0.979918 0.675523 0.727311 0.730880 0.820251 0.773848 0.772091 0.979637 0.863681 0.879735 0.870865 0.924499 0.971681 0.814348 0.942532 0.675074 0.734139 0.694649 0.912142 0.777643 0.956367 0.630090 0.811601 0.832248 0.858013 0.513803 0.594419 0.787633 0.781469 0.775527 0.795501 0.810290 0.844733 0.880311 0.845222 0.687290 0.654420 0.736616 0.818743 0.716449 0.686707 0.905657 0.991972 0.667585 0.627938 0.966375 0.880653 0.906639 0.979301 0.896939 0.796692 0.842065 0.837360 0.996627 0.804061 0.942531 0.911057 0.811964 0.803575 0.998322 0.866332 0.818487 0.930734 0.816944 0.839937 0.991676 0.902908 0.980010 0.864174 0.763862 0.943498 0.893505 0.976022 0.994142 0.923162
0.635465 0.666594 0.773087 0.835037 0.848422 0.996530 0.595408 0.707305 0.968901 0.697229 0.647256 0.866642 0.904892 0.884981 0.881765 0.947105 0.653470 0.667437 0.564544 0.771983 0.977743 0.998755 0.822670 0.946808 0.954902 0.993306 0.936749 0.918559 0.735933 0.736086 0.707373 0.729441 0.489492 0.000000 0.830619 0.820046 0.871669 0.941223 0.914038 0.982094 0.873643 0.989408 0.653215 0.655059 0.561866 0.660601 0.715927 0.696606 0.785375 0.748681 0.743569 0.791930 0.950509 0.894265 0.870326 0.952695 0.652272 0.736538 0.688242 0.971849 0.751462 0.992205 0.614841 0.786701 0.926299 0.942599 0.549648 0.597684 0.759921 0.778596 0.759077 0.866530 0.776602 0.806767 0.855941 0.747277 0.691460 0.647489 0.744543 0.856218 0.713166 0.719257 0.832612 0.910997 0.742950 0.788464 0.973743 0.911710 0.884063 0.944099 0.769212 0.733718 0.814506 0.782595 0.968248 0.887672 0.842768 0.930888 0.665935 0.730347 0.949551 0.788445 0.800894 0.901078 0.883329 0.826109 0.961876 0.821930 0.925537 0.912874 0.763747 0.750969 0.644401 0.993776 0.965552 0.936569
0.983851 0.939407 0.622654 0.684614 0.856497 0.928057 0.823092 0.939996 0.752238 0.928282 0.861159 0.760365 0.921262 0.767211 0.940768 0.828461 0.877137 0.819478 0.971513 0.814712 0.862719 0.957109 0.767589 0.867022 0.649404 0.689182 0.905789 0.735830 0.850445 0.683099 0.672423 0.918925 0.766521 0.830619 0.000000 0.968943 0.852500 0.926158 0.824984 0.989316 0.822704 0.989929 0.985657 0.946871 0.916895 0.994522 0.876055 0.937312 0.880848 0.878632 0.868773 0.791718 0.836436 0.888798 0.677881 0.987157 0.885827 0.954995 0.706221 0.727174 0.747795 0.934289 0.917402 0.888182 0.613964 0.595800 0.615615 0.597443 0.933299 0.935546 0.984970 0.950241 0.926924 0.942124 0.973137 0.988284 0.852975 0.929006 0.957595 0.956803 0.924194 0.937925 0.863944 0.858536 0.736041 0.672275 0.869116 0.887540 0.872815 0.691118 0.921193 0.856168 0.782034 0.752269 0.976126 0.894529 0.887209 0.916651 0.935098 0.998335 0.896569 0.877684 0.976872 0.755946 0.835726 0.742091 0.993797 0.888117 0.955551 0.970698 0.982508 0.975422 0.808364 0.841389 0.841032 0.976981
0.989156 0.886245 0.929442 0.957875 0.880062 0.816053 0.942164 0.966207 0.929995 0.883063 0.953486 0.982893 0.941345 0.953030 0.908662 0.860939 0.938974 0.959405 0.936386 0.900326 0.879050 0.988423 0.884467 0.984098 0.868782 0.872402 0.825645 0.994587 0.953385 0.986541 0.971844 0.859043 0.794119 0.820046 0.968943 0.000000 0.870699 0.837150 0.957186 0.941951 0.926507 0.959641 0.988819 0.970158 0.976638 0.942747 0.869126 0.964672 0.877436 0.970216 0.946755 0.984290 0.917235 0.994985 0.982602 0.944230 0.889448 0.912880 0.995909 0.896780 0.985429 0.953157 0.962190 0.981081 0.907871 0.854267 0.843524 0.804853 0.969185 0.870015 0.866058 0.966441 0.954178 0.959589 0.884055 0.968023 0.902376 0.904841 0.917818 0.935166 0.936070 0.960574 0.776293 0.968644 0.979899 0.876327 0.989069 0.980729 0.986023 0.920625 0.878331 0.888127 0.932135 0.910698 0.964243 0.815209 0.997010 0.990844 0.934253 0.939070 0.882743 0.949826 0.895498 0.990888 0.849330 0.952099 0.982269 0.974649 0.931888 0.930352 0.875261 0.970695 0.951169 0.943023 0.986661 0.995100
0.850984 0.865333 0.866157 0.656747 0.922607 0.950623 0.939156 0.911039 0.757115 0.999730 0.869702 0.988680 0.898237 0.901108 0.955997 0.845488 0.954279 0.975843 0.966403 0.901576 0.962013 0.999669 0.879249 0.840934 0.766132 0.727386 0.866160 0.923708 0.910344 0.840030 0.835625 0.817482 0.859046 0.871669 0.852500 0.870699 0.000000 0.638002 0.911722 0.843755 0.719069 0.948151 0.928682 0.975420 0.926530 0.896435 0.886035 0.980927 0.944173 0.888819 0.659959 0.800760 0.820296 0.794899 0.843515 0.976123 0.860623 0.848694 0.776402 0.794371 0.857424 0.799499 0.979061 0.875151 0.836411 0.763657 0.951451 0.968791 0.779667 0.881949 0.778299 0.731954 0.778773 0.858682 0.875337 0.969783 0.871779 0.811376 0.857454 0.928497 0.889499 0.959056 0.918568 0.876340 0.941973 0.787095 0.875487 0.950896 0.915941 0.808877 0.958898 0.929594 0.832924 0.900064 0.960218 0.994742 0.911255 0.913491 0.946413 0.980857 0.937462 0.965083 0.960729 0.953066 0.718447 0.816502 0.963527 0.796139 0.880014 0.895316 0.997686 0.965397 0.965963 0.971908 0.985279 0.905112
0.761523 0.712046 0.938263 0.750280 0.927406 0.823612 0.963819 0.979890 0.980888 0.956961 0.861817 0.923526 0.835129 0.939487 0.911831 0.979460 0.919802 0.952382 0.924185 0.884167 0.969931 0.933200 0.882403 0.880981 0.798864 0.886043 0.919725 0.957912 0.878234 0.983836 0.888367 0.936914 0.736529 0.941223 0.926158 0.837150 0.638002 0.000000 0.917926 0.852189 0.798216 0.891933 0.961848 0.963575 0.944424 0.928759 0.998487 0.940838 0.973763 0.893045 0.843090 0.871018 0.982801 0.980614 0.856043 0.900704 0.807215 0.780018 0.876598 0.808657 0.906572 0.824021 0.941937 0.805242 0.901175 0.816949 0.972768 0.930299 0.814321 0.941666 0.736490 0.706527 0.941246 0.941625 0.854717 0.986073 0.821145 0.827805 0.938885 0.956172 0.911961 0.944337 0.982673 0.885713 0.975867 0.782132 0.983560 0.966016 0.993269 0.780758 0.900512 0.890289 0.948660 0.986803 0.960262 0.998799 0.971796 0.941119 0.992436 0.932219 0.928607 0.814670 0.977973 0.912767 0.762023 0.865553 0.898783 0.964808 0.915328 0.972637 0.983986 0.923003 0.991837 0.933772 0.998478 0.867895
