0.000000 0.244442 0.982186 0.800614 0.838926 0.881612 0.763690 0.398589 0.955207 0.444144 0.294643 0.290524 0.497320 0.455115 0.686152 0.800076 0.295943 0.266944 0.440213 0.362982 0.860563 0.916933 0.950382 0.791712 0.770325 0.969029 0.809409 0.895440 0.326305 0.368963 0.712603 0.769923 0.542079 0.468681 0.995269 0.859189 0.801449 0.923930 0.969552 0.838433 0.626399 0.683872 0.623072 0.539590 0.720234 0.520594 0.516888 0.545723 0.329252 0.372864 0.506230 0.465566 0.615131 0.705101 0.758144 0.716397 0.401809 0.394471 0.412314 0.405046 0.518851 0.487701 0.293206 0.276920 0.699082 0.907170 0.989377 0.921752 0.796468 0.761196 0.858259 0.807888 0.595306 0.607949 0.869764 0.897164 0.563654 0.710844 0.541801 0.427473 0.310043 0.332829 0.601302 0.697827 0.638401 0.839087 0.647737 0.882216 0.973380 0.666513 0.806957 0.852046 0.934160 0.650922 0.966726 0.883676 0.762379 0.895295 0.552388 0.643399 0.712258 0.839524 0.526980 0.647695 0.840230 0.835083 0.943509 0.939477 0.700057 0.909333 0.940660 0.743680 0.577199 0.950876 0.711178 0.872853
0.244442 0.000000 0.884274 0.904181 0.749023 0.999047 0.934995 0.466614 0.788210 0.549008 0.409212 0.354784 0.667078 0.540084 0.894689 0.909586 0.304357 0.300920 0.506377 0.349307 0.885100 0.860535 0.846788 0.736398 0.876291 0.981509 0.737567 0.860120 0.362648 0.434622 0.809886 0.830141 0.658714 0.530401 0.993768 0.960318 0.827925 0.936640 0.967023 0.772178 0.587219 0.724154 0.741904 0.624700 0.763006 0.564488 0.557822 0.630309 0.328162 0.435309 0.613213 0.595580 0.731910 0.839056 0.757531 0.747275 0.313699 0.268752 0.524197 0.454351 0.645676 0.534579 0.406639 0.338550 0.597123 0.830004 0.859768 0.965818 0.772744 0.660022 0.979277 0.966049 0.676860 0.741643 0.892651 0.935263 0.665729 0.771386 0.598688 0.444995 0.323802 0.308503 0.690796 0.600981 0.655829 0.855527 0.656761 0.979519 0.877434 0.737889 0.991830 0.685855 0.806253 0.552367 0.892628 0.903985 0.833746 0.826719 0.683598 0.784368 0.817725 0.973432 0.626664 0.768476 0.885920 0.992303 0.868742 0.956375 0.739984 0.951408 0.964321 0.849441 0.632975 0.929041 0.839049 0.828387
0.982186 0.884274 0.000000 0.403927 0.774515 0.833539 0.390599 0.699260 0.685711 0.785939 0.975507 0.937463 0.741272 0.990517 0.714543 0.886093 0.992178 0.992813 0.940779 0.934142 0.973688 0.993726 0.623656 0.857543 0.848364 0.490144 0.992815 0.887383 0.871370 0.892064 0.537542 0.605151 0.558316 0.747246 0.567821 0.882219 0.958931 0.914463 0.835552 0.830733 0.971504 0.922337 0.638594 0.660991 0.544996 0.644118 0.819256 0.609146 0.886994 0.796035 0.632995 0.707286 0.633476 0.626094 0.804226 0.825015 0.945149 0.836745 0.951964 0.926153 0.667571 0.845711 0.962311 0.996516 0.434314 0.709284 0.437799 0.539173 0.935663 0.961114 0.908244 0.867815 0.876294 0.773248 0.781469 0.940992 0.839226 0.690501 0.916823 0.918709 0.938978 0.868914 0.943897 0.913218 0.837569 0.974562 0.634629 0.950545 0.739147 0.974544 0.658884 0.642244 0.610995 0.693989 0.708203 0.969214 0.834906 0.805538 0.730018 0.661073 0.727952 0.608268 0.802957 0.624983 0.566915 0.615996 0.907675 0.860379 0.961952 0.889187 0.760463 0.805382 0.648302 0.777443 0.734895 0.922209
0.800614 0.904181 0.403927 0.000000 0.825020 0.851114 0.494398 0.586113 0.837688 0.682603 0.779503 0.794110 0.699438 0.764493 0.644945 0.807469 0.822162 0.812759 0.768020 0.752901 0.993751 0.927373 0.591075 0.781700 0.909314 0.685400 0.933900 0.923976 0.733999 0.794719 0.649886 0.681569 0.523443 0.691236 0.748183 0.924990 0.919928 0.856320 0.851017 0.984467 0.957254 0.900879 0.683720 0.670525 0.605644 0.615748 0.806990 0.618803 0.743867 0.689245 0.661924 0.703830 0.675350 0.737300 0.788415 0.871514 0.870765 0.948716 0.762126 0.941551 0.642085 0.645606 0.796766 0.817693 0.588922 0.697489 0.571216 0.665496 0.896690 0.852991 0.898936 0.867077 0.777491 0.813169 0.753282 0.968106 0.707589 0.784788 0.824850 0.865629 0.820127 0.868019 0.796931 0.786577 0.652761 0.733166 0.758145 0.840051 0.862479 0.796373 0.751714 0.820054 0.704645 0.846896 0.779650 0.962620 0.737662 0.833974 0.708392 0.721713 0.820386 0.690070 0.791442 0.727834 0.619791 0.741640 0.943610 0.887449 0.872757 0.877804 0.802758 0.842289 0.656628 0.957343 0.877177 0.922185
0.838926 0.749023 0.774515 0.825020 0.000000 0.771767 0.923344 0.950210 0.720317 0.878880 0.859968 0.866998 0.956144 0.945358 0.833745 0.835475 0.773990 0.763799 0.765769 0.784331 0.941913 0.944479 0.807832 0.795059 0.987805 0.811986 0.815038 0.797036 0.818973 0.883430 0.933188 0.928640 0.971337 0.917484 0.965337 0.990300 0.889935 0.965466 0.954306 0.929100 0.852746 0.850821 0.955283 0.969570 0.965272 0.950746 0.967574 0.982566 0.940582 0.979376 0.945139 0.908497 0.873021 0.931455 0.842626 0.846401 0.735158 0.702158 0.918806 0.912987 0.999234 0.967691 0.873256 0.839362 0.741835 0.750366 0.869849 0.910954 0.893752 0.865592 0.944596 0.913875 0.986194 0.985084 0.996478 0.865586 0.905756 0.931031 0.782336 0.884978 0.790684 0.719284 0.845990 0.742520 0.876106 0.822394 0.906054 0.969064 0.832825 0.827223 0.824824 0.702018 0.755670 0.710683 0.938764 0.961399 0.897840 0.963250 0.996536 0.974903 0.863454 0.791841 0.902540 0.948932 0.966273 0.907301 0.810224 0.827313 0.941636 0.899818 0.904118 0.924655 0.997833 0.951578 0.784571 0.781132
0.881612 0.999047 0.833539 0.851114 0.771767 0.000000 0.663942 0.644840 0.702969 0.774997 0.807356 0.800468 0.776614 0.762263 0.820788 0.721531 0.952731 0.953511 0.954983 0.997339 0.838548 0.964565 0.886314 0.955414 0.750281 0.934282 0.781769 0.901224 0.850627 0.829900 0.851407 0.787348 0.730528 0.848773 0.814819 0.978565 0.980459 0.906600 0.920908 0.937292 0.953755 0.975658 0.553039 0.640480 0.739478 0.733823 0.794267 0.788829 0.812742 0.675678 0.604263 0.605314 0.656556 0.580229 0.898115 0.843473 0.833643 0.765815 0.788881 0.813499 0.679439 0.673540 0.767497 0.784570 0.967182 0.641282 0.686212 0.657679 0.596437 0.944117 0.833834 0.790469 0.883853 0.710485 0.721352 0.888350 0.643440 0.764407 0.905572 0.776198 0.843910 0.960015 0.947402 0.921181 0.928193 0.987399 0.999010 0.788991 0.910127 0.963456 0.619425 0.671417 0.697976 0.731733 0.957292 0.850267 0.835743 0.892293 0.667186 0.593871 0.578981 0.641181 0.747208 0.698984 0.728851 0.677449 0.720076 0.660004 0.725152 0.927540 0.819676 0.655480 0.768946 0.909341 0.660162 0.972339
0.763690 0.934995 0.390599 0.494398 0.923344 0.663942 0.000000 0.463439 0.648458 0.434766 0.632185 0.777649 0.487596 0.750169 0.559739 0.762314 0.685303 0.685230 0.606158 0.865692 0.962131 0.985649 0.762859 0.945734 0.899934 0.768342 0.825976 0.984818 0.624219 0.575159 0.468254 0.493588 0.361588 0.467670 0.691099 0.986301 0.860522 0.760070 0.820864 0.909136 0.859984 0.892563 0.359398 0.396073 0.347999 0.451530 0.613684 0.415892 0.679383 0.605314 0.388894 0.478973 0.419434 0.418218 0.660811 0.657618 0.920202 0.918686 0.701894 0.989203 0.409261 0.653501 0.623817 0.649691 0.723297 0.775055 0.304484 0.423298 0.901193 0.947009 0.601665 0.546164 0.587325 0.547933 0.787969 0.912672 0.546742 0.527503 0.581410 0.666039 0.649890 0.902845 0.776843 0.751149 0.900372 0.877322 0.828155 0.907515 0.852436 0.869938 0.510935 0.568796 0.625145 0.704422 0.772803 0.764041 0.622555 0.731248 0.453046 0.352871 0.464976 0.477724 0.524281 0.385368 0.588034 0.516649 0.880625 0.716261 0.740229 0.882693 0.706281 0.552404 0.521402 0.736943 0.603381 0.972017
0.398589 0.466614 0.699260 0.586113 0.950210 0.644840 0.463439 0.000000 0.900818 0.348177 0.386129 0.361399 0.456379 0.388573 0.647631 0.696981 0.443604 0.454229 0.556891 0.526725 0.983209 0.999874 0.977027 0.857411 0.780877 0.851991 0.710492 0.875505 0.402429 0.450720 0.628388 0.610883 0.452941 0.406863 0.804805 0.925379 0.833071 0.834560 0.858294 0.937554 0.831117 0.806534 0.366650 0.356352 0.407109 0.334389 0.444319 0.399473 0.310367 0.304962 0.330158 0.350315 0.460052 0.505207 0.662410 0.620275 0.654425 0.684054 0.396339 0.569654 0.329070 0.299696 0.353636 0.337335 0.991676 0.737930 0.581958 0.541135 0.922574 0.746876 0.753868 0.731754 0.556883 0.544873 0.690157 0.911830 0.450471 0.585530 0.642965 0.531489 0.399284 0.553025 0.682627 0.687882 0.701546 0.912477 0.876754 0.954546 0.998264 0.692738 0.626717 0.884054 0.841957 0.931692 0.805381 0.803311 0.675771 0.944842 0.386043 0.366004 0.502623 0.640079 0.426552 0.466676 0.595190 0.652921 0.989682 0.735682 0.615577 0.872223 0.710400 0.492378 0.463874 0.852286 0.567338 0.872540
0.955207 0.788210 0.685711 0.837688 0.720317 0.702969 0.648458 0.900818 0.000000 0.820469 0.950633 0.894890 0.863819 0.930636 0.744217 0.903504 0.940763 0.916110 0.999312 0.833110 0.998465 0.988446 0.884414 0.941190 0.948100 0.807368 0.914761 0.932034 0.988255 0.969394 0.755773 0.729221 0.809095 0.987375 0.742605 0.909596 0.901306 0.859653 0.980618 0.927430 0.984645 0.897367 0.739402 0.836265 0.827069 0.919248 0.921911 0.810923 0.992868 0.903193 0.704308 0.687116 0.619773 0.627697 0.931337 0.789682 0.720343 0.625568 0.964334 0.877713 0.859405 0.885489 0.945197 0.947366 0.747787 0.771518 0.692772 0.869822 0.825414 0.862558 0.777614 0.730354 0.788092 0.720144 0.840631 0.987265 0.699142 0.765359 0.958995 0.903702 0.972129 0.838882 0.911498 0.750423 0.960075 0.957227 0.680111 0.828474 0.714566 0.979939 0.550976 0.491758 0.540091 0.585417 0.835193 0.917244 0.814036 0.826804 0.669593 0.626946 0.708829 0.689535 0.774055 0.695534 0.832915 0.751718 0.840335 0.702057 0.891215 0.924065 0.960135 0.739198 0.732744 0.919021 0.776428 0.890046
0.444144 0.549008 0.785939 0.682603 0.878880 0.774997 0.434766 0.348177 0.820469 0.000000 0.358475 0.423167 0.430660 0.489259 0.551614 0.678374 0.359012 0.367471 0.451340 0.551064 0.798482 0.933502 0.828777 0.949016 0.811851 0.974498 0.733105 0.995146 0.355810 0.338189 0.479255 0.541781 0.411732 0.410231 0.977542 0.967167 0.715363 0.749304 0.958209 0.926405 0.763725 0.745454 0.421265 0.407014 0.448778 0.404026 0.500173 0.408008 0.411908 0.525201 0.438302 0.521036 0.544077 0.644502 0.693812 0.659376 0.628065 0.738627 0.465441 0.784262 0.422731 0.479260 0.379827 0.325603 0.909305 0.969139 0.645673 0.666273 0.907003 0.818150 0.592171 0.507048 0.521644 0.512987 0.803422 0.915777 0.536631 0.540870 0.530808 0.438680 0.322444 0.458074 0.582417 0.602846 0.672651 0.926642 0.996804 0.980101 0.950624 0.648724 0.730835 0.959547 0.929642 0.860515 0.934824 0.816373 0.602609 0.996861 0.463126 0.415831 0.592773 0.746671 0.440943 0.436950 0.696014 0.691630 0.957197 0.812083 0.646381 0.930909 0.801917 0.582507 0.600748 0.882665 0.695975 0.797527
0.294643 0.409212 0.975507 0.779503 0.859968 0.807356 0.632185 0.386129 0.950633 0.358475 0.000000 0.280860 0.348302 0.390923 0.567734 0.639769 0.306031 0.282929 0.378853 0.447688 0.988973 0.944989 0.998201 0.824144 0.664654 0.928721 0.804789 0.977746 0.311874 0.309568 0.732629 0.774455 0.475127 0.483656 0.939425 0.964242 0.829065 0.871661 0.925260 0.832750 0.668954 0.707650 0.544400 0.511674 0.674468 0.525955 0.538694 0.544031 0.403647 0.424040 0.484677 0.471974 0.593190 0.632048 0.721929 0.712717 0.576772 0.578794 0.381059 0.540201 0.419763 0.453630 0.271240 0.251774 0.734364 0.993525 0.793228 0.808424 0.901638 0.852181 0.773647 0.640834 0.492588 0.510049 0.875726 0.826510 0.540495 0.627069 0.458702 0.488561 0.351279 0.405404 0.607679 0.699317 0.751416 0.891662 0.763920 0.943295 0.974522 0.675101 0.732523 0.956533 0.976273 0.730402 0.951617 0.807817 0.684052 0.915324 0.513357 0.547208 0.618019 0.760307 0.542204 0.528892 0.771167 0.806628 0.945659 0.901536 0.707591 0.891701 0.930935 0.685736 0.629424 0.954573 0.706038 0.854297
0.290524 0.354784 0.937463 0.794110 0.866998 0.800468 0.777649 0.361399 0.894890 0.423167 0.280860 0.000000 0.431740 0.271325 0.617628 0.605684 0.316872 0.306606 0.455449 0.389997 0.986764 0.902358 0.999125 0.947813 0.650013 0.824014 0.773267 0.897026 0.359935 0.365872 0.804704 0.828107 0.584192 0.464001 0.890057 0.855101 0.818279 0.908225 0.948956 0.791060 0.764567 0.780507 0.590350 0.542789 0.695297 0.521800 0.535013 0.561736 0.328367 0.403208 0.549703 0.539056 0.693595 0.762092 0.794104 0.736854 0.551921 0.514731 0.422460 0.476234 0.481677 0.366602 0.269233 0.239614 0.682896 0.909236 0.921882 0.846846 0.914449 0.791796 0.798147 0.730978 0.601241 0.619698 0.841971 0.907835 0.554789 0.704468 0.595956 0.495533 0.360677 0.364674 0.626139 0.696848 0.636711 0.714279 0.743829 0.896507 0.930843 0.660416 0.871146 0.777358 0.817202 0.597347 0.909779 0.763082 0.849842 0.832413 0.580592 0.631705 0.714657 0.883306 0.604585 0.663595 0.802503 0.892699 0.842071 0.931606 0.656142 0.933619 0.948247 0.771484 0.686759 0.901352 0.723492 0.770472
0.497320 0.667078 0.741272 0.699438 0.956144 0.776614 0.487596 0.456379 0.863819 0.430660 0.348302 0.431740 0.000000 0.442701 0.385141 0.484678 0.464501 0.455754 0.477935 0.684722 0.957281 0.976795 0.782476 0.945116 0.755550 0.937734 0.938170 0.971234 0.447261 0.372428 0.600526 0.675264 0.424766 0.482227 0.970772 0.985573 0.871324 0.962470 0.990924 0.928973 0.851812 0.797092 0.470362 0.451269 0.619014 0.519134 0.508861 0.522895 0.556718 0.492490 0.525516 0.514279 0.595696 0.610355 0.805677 0.821527 0.683879 0.766554 0.414307 0.639678 0.404100 0.596382 0.327643 0.352254 0.991389 0.980548 0.556783 0.676455 0.917422 0.971267 0.661245 0.611809 0.596003 0.586303 0.838653 0.877534 0.540041 0.493305 0.531739 0.576887 0.537332 0.604539 0.588052 0.787253 0.819209 0.929707 0.940293 0.998011 0.888069 0.774812 0.691182 0.933163 0.916445 0.855767 0.923508 0.731937 0.647992 0.974823 0.490862 0.490603 0.554550 0.714688 0.468148 0.461600 0.560092 0.632982 0.966715 0.834003 0.697963 0.808235 0.877066 0.687263 0.589647 0.872514 0.560772 0.837819
0.455115 0.540084 0.990517 0.764493 0.945358 0.762263 0.750169 0.388573 0.930636 0.489259 0.390923 0.271325 0.442701 0.000000 0.522103 0.450818 0.468484 0.466796 0.525765 0.505555 0.964181 0.996137 0.831631 0.860215 0.642295 0.805390 0.807332 0.993264 0.403669 0.399358 0.743486 0.761012 0.564049 0.463783 0.956362 0.845490 0.837021 0.966989 0.879741 0.821562 0.889025 0.770007 0.592016 0.565109 0.682985 0.519556 0.597550 0.601022 0.437851 0.425908 0.564207 0.569055 0.734174 0.764920 0.855057 0.845976 0.727316 0.677074 0.504881 0.577644 0.520955 0.384454 0.324926 0.331916 0.764920 0.806273 0.801703 0.791082 0.995764 0.829882 0.754316 0.752011 0.632364 0.624138 0.710546 0.859946 0.631786 0.716911 0.701763 0.620274 0.490818 0.488539 0.694367 0.770237 0.624779 0.615140 0.819064 0.843881 0.884613 0.714824 0.905673 0.801745 0.810497 0.611355 0.940490 0.818449 0.938951 0.755105 0.669045 0.630476 0.722769 0.841552 0.688248 0.627589 0.729865 0.848689 0.941125 0.918744 0.662531 0.920900 0.874530 0.767749 0.727463 0.947504 0.774853 0.805881
0.686152 0.894689 0.714543 0.644945 0.833745 0.820788 0.559739 0.647631 0.744217 0.551614 0.567734 0.617628 0.385141 0.522103 0.000000 0.374867 0.633238 0.632405 0.544672 0.760224 0.921783 0.961732 0.473878 0.759203 0.861132 0.977915 0.894141 0.939136 0.590118 0.469187 0.451682 0.583746 0.451427 0.491875 0.979658 0.941483 0.825301 0.955381 0.966248 0.952104 0.858162 0.771340 0.627842 0.601395 0.719458 0.607247 0.768026 0.625166 0.748292 0.660707 0.702244 0.678265 0.701478 0.775564 0.967420 0.997060 0.834220 0.909634 0.687353 0.871271 0.651293 0.704239 0.470977 0.548893 0.855982 0.956599 0.586427 0.792793 0.997102 0.962663 0.575787 0.632199 0.649933 0.675797 0.840486 0.890468 0.590265 0.596386 0.708757 0.657806 0.649732 0.718133 0.666794 0.868840 0.624183 0.654040 0.907665 0.846629 0.840060 0.754493 0.861078 0.924037 0.981064 0.877476 0.843312 0.770238 0.783670 0.859180 0.717631 0.673669 0.678445 0.752413 0.699398 0.504596 0.747639 0.686492 0.962368 0.896346 0.780439 0.871869 0.916661 0.846345 0.753363 0.851783 0.640001 0.873398
0.800076 0.909586 0.886093 0.807469 0.835475 0.721531 0.762314 0.696981 0.903504 0.678374 0.639769 0.605684 0.484678 0.450818 0.374867 0.000000 0.734591 0.747866 0.649679 0.874306 0.975667 0.915257 0.611310 0.659675 0.736808 0.781603 0.972671 0.964738 0.660588 0.525390 0.637004 0.743249 0.616051 0.656352 0.977188 0.973111 0.871083 0.917630 0.975561 0.974271 0.967666 0.922752 0.655217 0.642206 0.836831 0.719058 0.778046 0.714409 0.776652 0.730696 0.803186 0.810458 0.914275 0.925863 0.977904 0.864440 0.928045 0.958335 0.711627 0.810889 0.723223 0.714386 0.531828 0.570361 0.998502 0.896959 0.731100 0.799632 0.864990 0.973650 0.685356 0.701010 0.818738 0.730643 0.815948 0.906595 0.770220 0.622309 0.796462 0.737097 0.748181 0.779428 0.830417 0.924518 0.712630 0.598478 0.957627 0.822867 0.982913 0.879421 0.986228 0.896416 0.851992 0.771844 0.936815 0.785888 0.888320 0.758611 0.891169 0.813902 0.767989 0.875923 0.785747 0.655937 0.772600 0.736149 0.955036 0.984780 0.749118 0.850180 0.945560 0.921436 0.818120 0.885346 0.751005 0.920636
0.295943 0.304357 0.992178 0.822162 0.773990 0.952731 0.685303 0.443604 0.940763 0.359012 0.306031 0.316872 0.464501 0.468484 0.633238 0.734591 0.000000 0.198422 0.354731 0.359758 0.825661 0.860522 0.964384 0.805303 0.768244 0.840726 0.731364 0.996714 0.282057 0.245358 0.675086 0.655266 0.449278 0.378206 0.963370 0.957128 0.756602 0.852704 0.974871 0.738885 0.610384 0.728798 0.584896 0.486096 0.608577 0.452804 0.499207 0.487312 0.351757 0.501639 0.572981 0.631996 0.699791 0.802136 0.696514 0.695547 0.335961 0.386694 0.513368 0.637818 0.542994 0.557848 0.293377 0.240807 0.656733 0.804871 0.883159 0.822193 0.811520 0.719198 0.787721 0.645519 0.544113 0.640501 0.890980 0.975605 0.586235 0.592113 0.432801 0.410418 0.235817 0.301650 0.537969 0.512677 0.660128 0.867781 0.806141 0.944520 0.869454 0.701146 0.990044 0.753408 0.797143 0.578407 0.897920 0.785375 0.791735 0.836856 0.591722 0.636263 0.794784 0.921994 0.574592 0.591601 0.845434 0.891410 0.807297 0.957637 0.720616 0.920875 0.920024 0.768194 0.594590 0.965996 0.767708 0.810826
0.266944 0.300920 0.992813 0.812759 0.763799 0.953511 0.685230 0.454229 0.916110 0.367471 0.282929 0.306606 0.455754 0.466796 0.632405 0.747866 0.198422 0.000000 0.318840 0.339951 0.832632 0.849035 0.974124 0.847019 0.797231 0.883896 0.708163 0.993203 0.269142 0.258240 0.665834 0.698401 0.460462 0.406360 0.966297 0.952130 0.783425 0.841940 0.986144 0.787245 0.567332 0.715667 0.606079 0.497724 0.652735 0.485223 0.574401 0.479479 0.376602 0.494933 0.561637 0.589621 0.661690 0.744898 0.675319 0.689973 0.354541 0.398452 0.521637 0.633252 0.543268 0.587916 0.290517 0.250402 0.641573 0.795722 0.905111 0.875524 0.774759 0.778103 0.763667 0.634857 0.525390 0.567617 0.930491 0.886554 0.547475 0.586573 0.421183 0.384760 0.249460 0.291918 0.557539 0.570200 0.681670 0.898362 0.782312 0.959713 0.879704 0.744747 0.947666 0.793522 0.820326 0.604764 0.904410 0.780366 0.787173 0.879850 0.578961 0.612634 0.776115 0.877120 0.552731 0.595690 0.808401 0.901370 0.863311 0.989892 0.768493 0.977431 0.885689 0.789442 0.580504 0.944753 0.767227 0.866981
0.440213 0.506377 0.940779 0.768020 0.765769 0.954983 0.606158 0.556891 0.999312 0.451340 0.378853 0.455449 0.477935 0.525765 0.544672 0.649679 0.354731 0.318840 0.000000 0.386107 0.833239 0.867996 0.770593 0.990546 0.872959 0.819170 0.871743 0.876764 0.380453 0.343418 0.615221 0.685898 0.435819 0.456190 0.930974 0.970138 0.803691 0.805662 0.986065 0.969113 0.620803 0.737901 0.706861 0.619588 0.707597 0.602522 0.637411 0.579113 0.560799 0.569604 0.646947 0.680434 0.754679 0.794306 0.702144 0.757994 0.481538 0.582393 0.668816 0.867823 0.692701 0.689955 0.418127 0.411477 0.709065 0.733120 0.853544 0.931290 0.720734 0.732602 0.636700 0.653433 0.496372 0.504654 0.894778 0.869737 0.517068 0.635975 0.462361 0.401001 0.355777 0.387029 0.583336 0.549283 0.667040 0.876225 0.849450 0.857333 0.925413 0.764279 0.951602 0.883746 0.875491 0.733728 0.895576 0.699147 0.787861 0.839206 0.724627 0.702380 0.781510 0.873684 0.618591 0.547813 0.829551 0.806715 0.981874 0.899320 0.788613 0.991183 0.952358 0.834968 0.667787 0.880889 0.891865 0.765826
0.362982 0.349307 0.934142 0.752901 0.784331 0.997339 0.865692 0.526725 0.833110 0.551064 0.447688 0.389997 0.684722 0.505555 0.760224 0.874306 0.359758 0.339951 0.386107 0.000000 0.854055 0.906812 0.875134 0.963497 0.904312 0.917645 0.861539 0.958738 0.380783 0.426979 0.798732 0.784733 0.607713 0.523410 0.889356 0.897432 0.838689 0.740550 0.986414 0.797009 0.590150 0.672857 0.869834 0.750261 0.812741 0.637405 0.701033 0.673247 0.450068 0.500695 0.710257 0.715745 0.832479 0.909516 0.756277 0.771336 0.436923 0.412287 0.671932 0.742492 0.805723 0.577229 0.501978 0.457359 0.613831 0.809797 0.876918 0.943173 0.603746 0.591208 0.875177 0.932396 0.556651 0.628661 0.899038 0.980114 0.596909 0.811477 0.604209 0.501924 0.342348 0.276642 0.488226 0.516907 0.567967 0.739808 0.759856 0.804847 0.783421 0.756051 0.912928 0.703230 0.792536 0.590572 0.870175 0.882423 0.923254 0.826767 0.819354 0.864022 0.942568 0.998453 0.784813 0.819041 0.910406 0.974395 0.943745 0.900842 0.856611 0.966596 0.900299 0.894719 0.759302 0.989415 0.963912 0.767435
0.860563 0.885100 0.973688 0.993751 0.941913 0.838548 0.962131 0.983209 0.998465 0.798482 0.988973 0.986764 0.957281 0.964181 0.921783 0.975667 0.825661 0.832632 0.833239 0.854055 0.000000 0.931455 0.913759 0.996625 0.994402 0.902583 0.965524 0.891858 0.897439 0.911745 0.756621 0.874045 0.916104 0.904613 0.848922 0.940176 0.805880 0.937333 0.813996 0.881915 0.861161 0.943909 0.937692 0.853957 0.927031 0.883201 0.878987 0.861312 0.902254 0.967199 0.991300 0.966315 0.906817 0.875747 0.913858 0.922188 0.783875 0.882311 0.978067 0.941226 0.930273 0.943210 0.928428 0.927000 0.973392 0.807032 0.881729 0.928637 0.810471 0.866078 0.884440 0.817270 0.916694 0.880831 0.871521 0.992027 0.995817 0.885431 0.952503 0.759534 0.800323 0.811821 0.811107 0.847271 0.824776 0.936132 0.928944 0.975019 0.999473 0.960704 0.861253 0.953998 0.930565 0.915053 0.994457 0.966958 0.958266 0.972108 0.950843 0.991383 0.991850 0.934432 0.842478 0.896095 0.930169 0.868026 0.912730 0.896951 0.971898 0.780939 0.938870 0.972447 0.969911 0.989321 0.942697 0.968171
0.916933 0.860535 0.993726 0.927373 0.944479 0.964565 0.985649 0.999874 0.988446 0.933502 0.944989 0.902358 0.976795 0.996137 0.961732 0.915257 0.860522 0.849035 0.867996 0.906812 0.931455 0.000000 0.948260 0.906311 0.959962 0.982949 0.889175 0.941521 0.942686 0.873005 0.932573 0.985776 0.979028 0.875114 0.891512 0.768548 0.942697 0.747356 0.906990 0.982709 0.965080 0.863500 0.970509 0.958270 0.946154 0.956381 0.903802 0.897183 0.871282 0.943497 0.916921 0.962540 0.969017 0.959732 0.960833 0.937586 0.960273 0.944276 0.864943 0.947970 0.955472 0.972355 0.962645 0.927418 0.854727 0.964728 0.937675 0.969073 0.999431 0.920352 0.914409 0.903945 0.908020 0.866891 0.978797 0.999261 0.930268 0.941993 0.913869 0.909932 0.865274 0.879528 0.974516 0.886711 0.902887 0.954171 0.958007 0.929678 0.980600 0.930147 0.947837 0.899619 0.915927 0.929599 0.901742 0.878042 0.951973 0.841934 0.958171 0.950875 0.941752 0.864175 0.997659 0.899818 0.901191 0.979150 0.918556 0.841181 0.880544 0.934316 0.939047 0.970587 0.947513 0.890102 0.922431 0.983448
0.950382 0.846788 0.623656 0.591075 0.807832 0.886314 0.762859 0.977027 0.884414 0.828777 0.998201 0.999125 0.782476 0.831631 0.473878 0.611310 0.964384 0.974124 0.770593 0.875134 0.913759 0.948260 0.000000 0.421883 0.787517 0.953995 0.692052 0.772827 0.888506 0.822360 0.571939 0.731306 0.684725 0.817155 0.950068 0.967031 0.812783 0.959550 0.967788 0.857249 0.993127 0.811685 0.910138 0.960316 0.981916 0.950210 0.952006 0.967029 0.906452 0.997074 0.956812 0.916983 0.942884 0.874958 0.821692 0.754434 0.990993 0.928495 0.921010 0.734143 0.885765 0.926347 0.968506 0.978748 0.740972 0.904852 0.821673 0.893503 0.751107 0.881335 0.689688 0.907194 0.822180 0.829969 0.876584 0.955516 0.932365 0.836483 0.960356 0.952199 0.964414 0.878763 0.757611 0.906845 0.542153 0.539686 0.719765 0.601824 0.822197 0.939961 0.865220 0.990047 0.994289 0.935036 0.817726 0.991467 0.904932 0.776900 0.842787 0.923611 0.912628 0.957940 0.934376 0.813069 0.875533 0.822988 0.966607 0.866533 0.987522 0.994637 0.919801 0.868329 0.944267 0.927876 0.945789 0.880984
0.791712 0.736398 0.857543 0.781700 0.795059 0.955414 0.945734 0.857411 0.941190 0.949016 0.824144 0.947813 0.945116 0.860215 0.759203 0.659675 0.805303 0.847019 0.990546 0.963497 0.996625 0.906311 0.421883 0.000000 0.864650 0.945953 0.892461 0.761023 0.912668 0.970660 0.871677 0.966785 0.997575 0.946717 0.931068 0.845261 0.974687 0.970282 0.848899 0.997959 0.851413 0.870011 0.819211 0.819539 0.882486 0.915560 0.752218 0.881410 0.825481 0.866738 0.780692 0.740311 0.754309 0.724977 0.666313 0.720606 0.788755 0.824624 0.786276 0.789262 0.770077 0.905038 0.877640 0.856634 0.814979 0.972554 0.973996 0.813292 0.920075 0.994182 0.870877 0.995759 0.840864 0.941103 0.965823 0.999337 0.843025 0.889943 0.758413 0.870515 0.854532 0.955147 0.965433 0.982099 0.678933 0.515312 0.794895 0.591464 0.990770 0.998785 0.713074 0.822513 0.809798 0.886432 0.983459 0.997150 0.813700 0.744760 0.623334 0.754005 0.799445 0.819574 0.722300 0.926020 0.978184 0.979141 0.971358 0.783326 0.974765 0.875577 0.947078 0.795498 0.756134 0.979200 0.766635 0.951539
0.770325 0.876291 0.848364 0.909314 0.987805 0.750281 0.899934 0.780877 0.948100 0.811851 0.664654 0.650013 0.755550 0.642295 0.861132 0.736808 0.768244 0.797231 0.872959 0.904312 0.994402 0.959962 0.787517 0.864650 0.000000 0.614118 0.722027 0.974169 0.770858 0.737015 0.935346 0.990470 0.874239 0.822321 0.901688 0.934181 0.826689 0.996071 0.901512 0.887458 0.997662 0.925447 0.721799 0.767965 0.937294 0.896705 0.727370 0.860387 0.792339 0.823054 0.748235 0.803449 0.885144 0.787783 0.746841 0.928593 0.982777 0.998109 0.745920 0.751216 0.694257 0.716227 0.651960 0.660111 0.707260 0.869684 0.883599 0.792420 0.898115 0.856465 0.980072 0.769560 0.828559 0.793290 0.915111 0.839289 0.956666 0.850194 0.774060 0.891160 0.874207 0.961764 0.983653 0.905892 0.880418 0.976758 0.723293 0.816294 0.783936 0.883438 0.853384 0.967625 0.862370 0.868599 0.932564 0.908279 0.884376 0.954570 0.758088 0.784582 0.771849 0.839805 0.887877 0.835491 0.951561 0.909026 0.924320 0.892037 0.829902 0.948825 0.933169 0.876934 0.984902 0.872331 0.706683 0.792154
0.969029 0.981509 0.490144 0.685400 0.811986 0.934282 0.768342 0.851991 0.807368 0.974498 0.928721 0.824014 0.937734 0.805390 0.977915 0.781603 0.840726 0.883896 0.819170 0.917645 0.902583 0.982949 0.953995 0.945953 0.614118 0.000000 0.911350 0.989437 0.976125 0.892225 0.720111 0.767132 0.833092 0.936823 0.612444 0.911301 0.939846 0.870534 0.834885 0.871594 0.991892 0.956579 0.850770 0.867759 0.711185 0.764324 0.958805 0.800079 0.899380 0.807783 0.763369 0.726087 0.675444 0.734832 0.963554 0.896865 0.913849 0.965229 0.965856 0.960468 0.833869 0.823878 0.874686 0.888164 0.550009 0.683845 0.790244 0.744182 0.965451 0.886812 0.910545 0.786634 0.968004 0.997594 0.961587 0.999219 0.939897 0.955654 0.895979 0.962247 0.998155 0.860328 0.955758 0.957049 0.858660 0.996729 0.691895 0.873288 0.726766 0.987184 0.695857 0.743137 0.630588 0.706522 0.777935 0.854319 0.961876 0.729081 0.890972 0.850990 0.808002 0.678238 0.910604 0.878610 0.712324 0.851241 0.850685 0.806997 0.938878 0.955196 0.779827 0.822649 0.768890 0.828736 0.887656 0.776690
0.809409 0.737567 0.992815 0.933900 0.815038 0.781769 0.825976 0.710492 0.914761 0.733105 0.804789 0.773267 0.938170 0.807332 0.894141 0.972671 0.731364 0.708163 0.871743 0.861539 0.965524 0.889175 0.692052 0.892461 0.722027 0.911350 0.000000 0.976567 0.701953 0.758793 0.980496 0.859714 0.886547 0.769490 0.809681 0.948730 0.871852 0.951316 0.831946 0.874421 0.846883 0.980016 0.646210 0.617304 0.690084 0.697153 0.796434 0.620732 0.671925 0.864798 0.661218 0.770685 0.740847 0.716169 0.589300 0.602890 0.895261 0.887602 0.794811 0.857024 0.676674 0.728189 0.716564 0.676919 0.768957 0.926706 0.828139 0.656784 0.797851 0.857778 0.994011 0.761975 0.944589 0.903651 0.998977 0.999031 0.844126 0.946888 0.734209 0.772148 0.759057 0.894441 0.920188 0.799418 0.845566 0.824879 0.818481 0.871317 0.798632 0.914440 0.935631 0.944747 0.972351 0.871279 0.838050 0.986328 0.973831 0.879501 0.678934 0.708703 0.813620 0.813740 0.830239 0.866189 0.824176 0.981973 0.973466 0.800978 0.800203 0.951631 0.927597 0.822260 0.714082 0.974906 0.855480 0.946139
0.895440 0.860120 0.887383 0.923976 0.797036 0.901224 0.984818 0.875505 0.932034 0.995146 0.977746 0.897026 0.971234 0.993264 0.939136 0.964738 0.996714 0.993203 0.876764 0.958738 0.891858 0.941521 0.772827 0.761023 0.974169 0.989437 0.976567 0.000000 0.972592 0.942028 0.928220 0.854592 0.982697 0.946036 0.945824 0.931553 0.877765 0.982263 0.938821 0.859379 0.913882 0.885187 0.895104 0.877833 0.912695 0.959744 0.988268 0.901305 0.862304 0.919181 0.885726 0.886539 0.899966 0.945394 0.998031 0.917551 0.987560 0.967978 0.846968 0.807887 0.839960 0.883631 0.905042 0.915668 0.990997 0.866096 0.933681 0.902051 0.829464 0.977694 0.960294 0.980228 0.984325 0.907763 0.922048 0.985988 0.926282 0.961350 0.979731 0.902806 0.959615 0.970358 0.818997 0.938422 0.965867 0.983102 0.872846 0.909495 0.856326 0.839422 0.875188 0.979351 0.958515 0.944177 0.913626 0.780293 0.958558 0.816836 0.778865 0.897000 0.803574 0.948662 0.915154 0.932134 0.854042 0.950166 0.941747 0.915216 0.999943 0.933561 0.997272 0.883895 0.823904 0.849619 0.952162 0.936698
0.326305 0.362648 0.871370 0.733999 0.818973 0.850627 0.624219 0.402429 0.988255 0.355810 0.311874 0.359935 0.447261 0.403669 0.590118 0.660588 0.282057 0.269142 0.380453 0.380783 0.897439 0.942686 0.888506 0.912668 0.770858 0.976125 0.701953 0.972592 0.000000 0.252503 0.568473 0.561920 0.399449 0.331117 0.913061 0.955297 0.794345 0.811023 0.915284 0.772914 0.657541 0.669874 0.549263 0.478022 0.574677 0.409016 0.561658 0.477824 0.346248 0.410850 0.462025 0.507126 0.589252 0.658418 0.667010 0.637553 0.481653 0.483311 0.498331 0.638988 0.484548 0.468073 0.299463 0.274163 0.712563 0.937971 0.805329 0.773171 0.823835 0.712242 0.811095 0.720125 0.519485 0.542936 0.779248 0.874420 0.603831 0.555498 0.431453 0.394033 0.269664 0.344940 0.546486 0.552145 0.583086 0.820816 0.915910 0.896900 0.852340 0.708308 0.871793 0.810281 0.895423 0.634085 0.928964 0.811945 0.765907 0.886537 0.604617 0.587941 0.733027 0.786586 0.565346 0.551972 0.656951 0.846761 0.911134 0.963361 0.790634 0.983026 0.879874 0.805354 0.572919 0.899801 0.783034 0.768904
0.368963 0.434622 0.892064 0.794719 0.883430 0.829900 0.575159 0.450720 0.969394 0.338189 0.309568 0.365872 0.372428 0.399358 0.469187 0.525390 0.245358 0.258240 0.343418 0.426979 0.911745 0.873005 0.822360 0.970660 0.737015 0.892225 0.758793 0.942028 0.252503 0.000000 0.515188 0.566324 0.368299 0.320605 0.977933 0.986447 0.769115 0.867078 0.973118 0.808821 0.632658 0.706842 0.506261 0.423251 0.567091 0.418502 0.524541 0.446846 0.393508 0.466080 0.526864 0.570468 0.631934 0.709636 0.705417 0.765010 0.471610 0.515132 0.542762 0.680762 0.506937 0.556120 0.275974 0.246213 0.732003 0.871152 0.774450 0.749511 0.901492 0.740532 0.744190 0.618773 0.542010 0.561192 0.913578 0.918534 0.594439 0.532587 0.408783 0.409320 0.265780 0.372368 0.543080 0.537889 0.648323 0.808218 0.882490 0.928029 0.867799 0.774847 0.970139 0.797098 0.806493 0.591177 0.930866 0.785147 0.760235 0.795272 0.653544 0.614784 0.703886 0.823357 0.592837 0.515853 0.760962 0.848797 0.938328 0.981477 0.691253 0.929455 0.895227 0.761728 0.589993 0.842321 0.696761 0.822692
0.712603 0.809886 0.537542 0.649886 0.933188 0.851407 0.468254 0.628388 0.755773 0.479255 0.732629 0.804704 0.600526 0.743486 0.451682 0.637004 0.675086 0.665834 0.615221 0.798732 0.756621 0.932573 0.571939 0.871677 0.935346 0.720111 0.980496 0.928220 0.568473 0.515188 0.000000 0.392360 0.424057 0.479495 0.806407 0.956448 0.751929 0.839527 0.826183 0.951456 0.826932 0.758000 0.521950 0.488120 0.493402 0.450106 0.707986 0.522664 0.676455 0.658994 0.595909 0.624800 0.586810 0.681823 0.824296 0.861203 0.760412 0.862460 0.866245 0.972944 0.676137 0.752571 0.647634 0.649292 0.830386 0.951201 0.629191 0.665755 0.951224 0.868128 0.624228 0.678331 0.697682 0.611592 0.769036 0.954399 0.634524 0.532329 0.707590 0.591709 0.587341 0.759624 0.766760 0.736819 0.626696 0.825512 0.864704 0.991275 0.791994 0.790233 0.817865 0.904943 0.897828 0.970033 0.734011 0.888643 0.743772 0.949688 0.726347 0.634961 0.624474 0.681350 0.620771 0.470928 0.656667 0.682508 0.984475 0.901025 0.813156 0.972369 0.769786 0.774702 0.575713 0.793949 0.735359 0.990971
0.769923 0.830141 0.605151 0.681569 0.928640 0.787348 0.493588 0.610883 0.729221 0.541781 0.774455 0.828107 0.675264 0.761012 0.583746 0.743249 0.655266 0.698401 0.685898 0.784733 0.874045 0.985776 0.731306 0.966785 0.990470 0.767132 0.859714 0.854592 0.561920 0.566324 0.392360 0.000000 0.426928 0.479894 0.642027 0.961431 0.807327 0.762918 0.731624 0.963351 0.783616 0.756766 0.519117 0.499841 0.466045 0.451105 0.667991 0.483775 0.653143 0.645666 0.568567 0.639439 0.607669 0.667599 0.802790 0.700595 0.793449 0.908946 0.905413 0.981840 0.693017 0.677036 0.699437 0.669232 0.906416 0.916970 0.626269 0.631639 0.921159 0.761140 0.611520 0.691588 0.696383 0.695696 0.675864 0.895802 0.621265 0.541101 0.726477 0.590872 0.581948 0.786368 0.747749 0.783054 0.710513 0.838428 0.681728 0.998311 0.950582 0.816010 0.841952 0.911478 0.874043 0.989414 0.864194 0.872368 0.781152 0.948823 0.719761 0.583209 0.724183 0.723776 0.624476 0.527189 0.579672 0.806958 0.931868 0.843592 0.824818 0.992212 0.754584 0.645976 0.617071 0.676404 0.751043 0.928934
0.542079 0.658714 0.558316 0.523443 0.971337 0.730528 0.361588 0.452941 0.809095 0.411732 0.475127 0.584192 0.424766 0.564049 0.451427 0.616051 0.449278 0.460462 0.435819 0.607713 0.916104 0.979028 0.684725 0.997575 0.874239 0.833092 0.886547 0.982697 0.399449 0.368299 0.424057 0.426928 0.000000 0.375436 0.801705 0.891507 0.713100 0.761162 0.885091 0.906055 0.760809 0.772210 0.462889 0.406287 0.435124 0.397016 0.658242 0.400988 0.563887 0.544284 0.491419 0.560174 0.585342 0.631345 0.705209 0.817310 0.638965 0.752624 0.664716 0.882561 0.503407 0.597109 0.458030 0.453546 0.953699 0.950657 0.527366 0.592744 0.906067 0.726707 0.621993 0.551108 0.550997 0.566719 0.780629 0.949918 0.552892 0.465373 0.534049 0.426845 0.432457 0.619851 0.653761 0.585151 0.653721 0.831669 0.890801 0.923983 0.944660 0.780364 0.791743 0.937466 0.926846 0.896761 0.916932 0.799595 0.657086 0.925980 0.613049 0.536537 0.624949 0.658273 0.559832 0.405723 0.614549 0.662878 0.955627 0.877259 0.701727 0.943263 0.791091 0.626563 0.519214 0.777742 0.710251 0.909035
0.468681 0.530401 0.747246 0.691236 0.917484 0.848773 0.467670 0.406863 0.987375 0.410231 0.483656 0.464001 0.482227 0.463783 0.491875 0.656352 0.378206 0.406360 0.456190 0.523410 0.904613 0.875114 0.817155 0.946717 0.822321 0.936823 0.769490 0.946036 0.331117 0.320605 0.479495 0.479894 0.375436 0.000000 0.807256 0.948619 0.800871 0.749588 0.901166 0.887374 0.780058 0.769088 0.451275 0.372359 0.414174 0.340707 0.532476 0.420918 0.417910 0.452046 0.479068 0.525937 0.546861 0.635857 0.733695 0.702339 0.574231 0.604044 0.622614 0.753075 0.486534 0.493856 0.360161 0.371915 0.865626 0.951727 0.631809 0.583560 0.943632 0.763413 0.693070 0.648179 0.573218 0.601854 0.801151 0.957527 0.537987 0.584408 0.506209 0.445368 0.375731 0.532793 0.582571 0.505974 0.656143 0.852598 0.994887 0.930133 0.913103 0.773222 0.881706 0.908490 0.924519 0.782860 0.958395 0.709275 0.785965 0.992288 0.597085 0.546984 0.665704 0.718041 0.578782 0.505216 0.715204 0.820987 0.944711 0.931482 0.696234 0.922912 0.854975 0.681183 0.568466 0.855363 0.694876 0.824931
0.995269 0.993768 0.567821 0.748183 0.965337 0.814819 0.691099 0.804805 0.742605 0.977542 0.939425 0.890057 0.970772 0.956362 0.979658 0.977188 0.963370 0.966297 0.930974 0.889356 0.848922 0.891512 0.950068 0.931068 0.901688 0.612444 0.809681 0.945824 0.913061 0.977933 0.806407 0.642027 0.801705 0.807256 0.000000 0.927669 0.887904 0.932343 0.851379 0.910739 0.895327 0.979123 0.692794 0.733199 0.682809 0.760570 0.889296 0.732749 0.915720 0.830690 0.686857 0.723241 0.669482 0.671759 0.828363 0.705814 0.959548 0.941641 0.950297 0.976235 0.738010 0.821628 0.977833 0.965376 0.717222 0.729658 0.668262 0.602493 0.835844 0.966884 0.854953 0.999806 0.988808 0.925152 0.854724 0.948433 0.820205 0.813325 0.923109 0.935088 0.995202 0.833774 0.902708 0.967835 0.989245 0.937626 0.765605 0.866059 0.965010 0.923115 0.767006 0.794618 0.838975 0.753329 0.832843 0.998013 0.954645 0.805938 0.815042 0.698907 0.810777 0.684740 0.816356 0.788891 0.571256 0.771985 0.853342 0.850313 0.991782 0.950769 0.926529 0.782904 0.623714 0.873585 0.766675 0.893436
0.859189 0.960318 0.882219 0.924990 0.990300 0.978565 0.986301 0.925379 0.909596 0.967167 0.964242 0.855101 0.985573 0.845490 0.941483 0.973111 0.957128 0.952130 0.970138 0.897432 0.940176 0.768548 0.967031 0.845261 0.934181 0.911301 0.948730 0.931553 0.955297 0.986447 0.956448 0.961431 0.891507 0.948619 0.927669 0.000000 0.889332 0.928814 0.971753 0.915137 0.963380 0.949462 0.990322 0.978676 0.934479 0.996248 0.982998 0.958740 0.962030 0.889650 0.945027 0.881747 0.909393 0.943205 0.991094 0.909114 0.990430 0.989094 0.856610 0.865109 0.950130 0.905308 0.919088 0.948633 0.994329 0.933351 0.897404 0.922388 0.984803 0.944704 0.959661 0.952695 0.953549 0.966071 0.899999 0.903779 0.865582 0.815184 0.991316 0.940031 0.972983 0.982434 0.963668 0.912033 0.906856 0.840737 0.744808 0.907339 0.884596 0.930359 0.964704 0.973376 0.945952 0.952720 0.858019 0.931991 0.934865 0.942980 0.940125 0.957107 0.990607 0.998347 0.967414 0.970283 0.951857 0.997991 0.993515 0.885781 0.853940 0.808758 0.946331 0.946193 0.967714 0.796004 0.928489 0.993007
0.801449 0.827925 0.958931 0.919928 0.889935 0.980459 0.860522 0.833071 0.901306 0.715363 0.829065 0.818279 0.871324 0.837021 0.825301 0.871083 0.756602 0.783425 0.803691 0.838689 0.805880 0.942697 0.812783 0.974687 0.826689 0.939846 0.871852 0.877765 0.794345 0.769115 0.751929 0.807327 0.713100 0.800871 0.887904 0.889332 0.000000 0.789417 0.914484 0.762207 0.869650 0.861034 0.896774 0.849661 0.828814 0.837511 0.949650 0.954188 0.870940 0.930420 0.875342 0.936076 0.991934 0.976593 0.968143 0.993496 0.809710 0.840426 0.909977 0.973026 0.938491 0.856628 0.840031 0.782974 0.985760 0.957092 0.992808 0.949598 0.836355 0.747765 0.718227 0.768020 0.926597 0.914000 0.856955 0.991028 0.848798 0.712010 0.853743 0.726459 0.712725 0.696653 0.740090 0.870031 0.697721 0.755146 0.885054 0.910467 0.912749 0.755493 0.932908 0.919404 0.884488 0.876415 0.960480 0.875534 0.813106 0.905357 0.934356 0.889116 0.974212 0.890061 0.818217 0.857449 0.950768 0.846311 0.900498 0.909562 0.787658 0.922787 0.816280 0.788016 0.886342 0.925234 0.906310 0.869423
0.923930 0.936640 0.914463 0.856320 0.965466 0.906600 0.760070 0.834560 0.859653 0.749304 0.871661 0.908225 0.962470 0.966989 0.955381 0.917630 0.852704 0.841940 0.805662 0.740550 0.937333 0.747356 0.959550 0.970282 0.996071 0.870534 0.951316 0.982263 0.811023 0.867078 0.839527 0.762918 0.761162 0.749588 0.932343 0.928814 0.789417 0.000000 0.970061 0.983842 0.806654 0.836434 0.824529 0.844127 0.702020 0.824190 0.956764 0.833221 0.860933 0.894388 0.761409 0.847343 0.764093 0.786205 0.842262 0.798166 0.969962 0.904978 0.936485 0.783883 0.945634 0.791182 0.973373 0.924428 0.855730 0.853891 0.884366 0.875989 0.862286 0.900459 0.740250 0.668579 0.607128 0.654916 0.945812 0.968105 0.710133 0.847981 0.916673 0.784470 0.754182 0.873992 0.906061 0.772477 0.839652 0.979780 0.844325 0.976722 0.915091 0.842330 0.845849 0.886351 0.914103 0.840750 0.988629 0.754547 0.862480 0.879971 0.909482 0.782009 0.906510 0.862129 0.828356 0.915320 0.935829 0.996902 0.920836 0.942739 0.784108 0.958729 0.874025 0.703538 0.917838 0.960158 0.985488 0.899499
