0.000000 0.346631 0.894820 0.695188 0.980795 0.720472 0.721086 0.498795 0.912333 0.598834 0.578107 0.338724 0.498917 0.483929 0.669708 0.616592 0.525275 0.436429 0.534472 0.509478 0.905876 0.975499 0.698024 0.760333 0.686031 0.702558 0.792351 0.876588 0.571708 0.531786 0.643005 0.615854 0.600484 0.613055 0.927362 0.995752 0.727263 0.972971 0.985107 0.909786 0.953612 0.909105 0.633522 0.571031 0.636256 0.581172 0.694077 0.711153 0.502259 0.476034 0.468594 0.537958 0.756184 0.773619 0.751260 0.834587 0.440739 0.385838 0.484318 0.414637 0.524395 0.516729 0.405966 0.340384 0.839867 0.922523 0.796951 0.656129 0.621087 0.509375 0.669066 0.569659 0.641865 0.771671 0.845315 0.934796 0.721016 0.732267 0.714361 0.689333 0.394636 0.453718 0.828566 0.996269 0.589537 0.544535 0.721460 0.882821 0.684934 0.567248 0.534739 0.700532 0.635552 0.842209 0.736379 0.892491 0.851669 0.840841 0.449637 0.508201 0.876692 0.687994 0.511872 0.731240 0.802432 0.909320 0.933318 0.991972 0.917012 0.813108 0.871154 0.709723 0.610974 0.810589 0.864359 0.934010
0.346631 0.000000 0.919337 0.697379 0.847208 0.872514 0.851421 0.606082 0.913872 0.729885 0.687731 0.509505 0.651250 0.666200 0.841952 0.863160 0.499422 0.485958 0.679325 0.594380 0.986368 0.934774 0.926508 0.901323 0.820934 0.717065 0.801812 0.988039 0.611474 0.614578 0.682248 0.745149 0.781063 0.635250 0.934175 0.954292 0.918624 0.924185 0.979123 0.911017 0.861251 0.814790 0.592380 0.576729 0.689012 0.598846 0.682710 0.766296 0.525264 0.438085 0.492862 0.478801 0.716902 0.722738 0.775162 0.805968 0.327704 0.339134 0.474144 0.383277 0.699281 0.676221 0.546572 0.472353 0.788729 0.980089 0.810411 0.670046 0.570640 0.461296 0.785044 0.599669 0.693651 0.826756 0.876777 0.933062 0.747501 0.782747 0.674968 0.696105 0.480062 0.610588 0.890785 0.954857 0.859804 0.769789 0.754187 0.852301 0.822973 0.668633 0.672387 0.732299 0.725603 0.831889 0.850861 0.893569 0.765132 0.741286 0.571383 0.537972 0.936690 0.761735 0.617107 0.721785 0.868523 0.971337 0.849840 0.900074 0.995997 0.752924 0.999623 0.747486 0.620925 0.762251 0.979272 0.938861
0.894820 0.919337 0.000000 0.814907 0.997699 0.961780 0.629023 0.828648 0.758752 0.933198 0.982309 0.909915 0.957304 0.882706 0.982451 0.905644 0.870354 0.970144 0.903108 0.975655 0.979310 0.859798 0.988743 0.985501 0.601704 0.659961 0.942921 0.905998 0.882464 0.943432 0.804661 0.932365 0.986668 0.844227 0.774163 0.963992 0.918038 0.959726 0.708604 0.942976 0.866507 0.902198 0.925914 0.994691 0.832175 0.817185 0.827505 0.906932 0.728703 0.696086 0.703533 0.630451 0.772264 0.769338 0.986453 0.897420 0.985088 0.942681 0.930356 0.862085 0.847062 0.959657 0.912925 0.935057 0.607806 0.653654 0.723911 0.874270 0.993421 0.961348 0.939312 0.969861 0.875350 0.809198 0.943204 0.963314 0.826630 0.816156 0.951191 0.835984 0.945208 0.886852 0.932580 0.799301 0.934826 0.950564 0.810732 0.954856 0.715153 0.826963 0.953609 0.885773 0.962464 0.967031 0.840936 0.986593 0.862885 0.979227 0.916631 0.994303 0.856520 0.944039 0.952053 0.906644 0.913320 0.966144 0.825837 0.920531 0.997725 0.787407 0.951142 0.897036 0.990825 0.968106 0.915893 0.948363
0.695188 0.697379 0.814907 0.000000 0.837500 0.617145 0.704383 0.531444 0.687553 0.644146 0.859149 0.767349 0.825291 0.765846 0.768507 0.698393 0.678166 0.800690 0.621810 0.722377 0.938161 0.949243 0.657458 0.737538 0.869510 0.966419 0.984907 0.950295 0.744641 0.777766 0.648779 0.810772 0.716487 0.727665 0.858042 0.860221 0.965149 0.854874 0.878362 0.911224 0.888518 0.947554 0.883141 0.794386 0.819696 0.877548 0.906780 0.930158 0.864168 0.819111 0.720492 0.720492 0.707203 0.665589 0.822777 0.805962 0.644474 0.578575 0.703510 0.621394 0.722785 0.697599 0.670065 0.687669 0.964604 0.699875 0.626628 0.727631 0.684376 0.765680 0.643380 0.613143 0.672375 0.715436 0.973040 0.933099 0.733582 0.817609 0.933347 0.863049 0.811546 0.781186 0.939737 0.869069 0.766087 0.704980 0.803201 0.922360 0.983757 0.749658 0.495262 0.584755 0.502191 0.572989 0.890211 0.859210 0.746187 0.833621 0.576328 0.610117 0.668458 0.648790 0.691893 0.786870 0.735959 0.922842 0.947770 0.976562 0.973424 0.867309 0.830696 0.755291 0.795814 0.934606 0.729928 0.915623
0.980795 0.847208 0.997699 0.837500 0.000000 0.647650 0.750917 0.720334 0.493642 0.669316 0.960269 0.881616 0.719337 0.781775 0.664883 0.699285 0.960378 0.872587 0.687944 0.824104 0.930843 0.908040 0.591758 0.782560 0.797324 0.880500 0.880322 0.815787 0.852948 0.861959 0.901138 0.892216 0.826055 0.998303 0.895033 0.993316 0.933107 0.951757 0.895318 0.860187 0.882205 0.821265 0.876750 0.905552 0.907355 0.988927 0.843742 0.888349 0.958654 0.880301 0.912487 0.986165 0.828991 0.845475 0.988413 0.981404 0.827395 0.980148 0.982477 0.951665 0.749286 0.624988 0.865812 0.849482 0.951381 0.851360 0.906293 0.955920 0.980067 0.953990 0.655896 0.982076 0.979134 0.907359 0.943224 0.992949 0.796213 0.848976 0.794902 0.988980 0.986919 0.926891 0.847405 0.854544 0.701801 0.848450 0.944135 0.822890 0.827361 0.868527 0.621568 0.607316 0.677664 0.764743 0.973403 0.890288 0.835013 0.875970 0.821807 0.812789 0.734141 0.718140 0.981775 0.852373 0.951026 0.903049 0.745949 0.959608 0.869402 0.851492 0.873360 0.834180 0.949944 0.973053 0.927599 0.880199
0.720472 0.872514 0.961780 0.617145 0.647650 0.000000 0.555402 0.511412 0.635073 0.537497 0.802410 0.711407 0.726662 0.772671 0.681553 0.614661 0.665639 0.764007 0.560806 0.731560 0.803276 0.977670 0.560333 0.643869 0.864052 0.905718 0.886853 0.874553 0.690944 0.727327 0.656035 0.808130 0.613137 0.661708 0.818691 0.990834 0.820838 0.965036 0.940787 0.876492 0.992705 0.940000 0.756193 0.676381 0.513255 0.618559 0.842730 0.725443 0.641998 0.655153 0.568473 0.705996 0.649806 0.634013 0.820738 0.649731 0.929893 0.828502 0.662572 0.689442 0.534075 0.597667 0.630975 0.580387 0.924436 0.804294 0.560443 0.629603 0.965996 0.838725 0.763726 0.781030 0.854302 0.956963 0.926509 0.915685 0.687012 0.782016 0.951553 0.703869 0.639254 0.631709 0.912163 0.996043 0.583387 0.595694 0.933920 0.973966 0.851331 0.839414 0.445409 0.622207 0.486603 0.905113 0.835728 0.928922 0.846586 0.872256 0.511660 0.601768 0.719222 0.696805 0.598677 0.828207 0.847949 0.902782 0.939907 0.957910 0.881601 0.959334 0.933038 0.648722 0.682072 0.921280 0.700319 0.911513
0.721086 0.851421 0.629023 0.704383 0.750917 0.555402 0.000000 0.318335 0.558871 0.336586 0.580156 0.635944 0.562142 0.732590 0.631419 0.832626 0.537203 0.650327 0.390991 0.626202 0.877312 0.995915 0.820468 0.926352 0.761455 0.914309 0.677553 0.915609 0.431241 0.564238 0.538581 0.600222 0.539545 0.475981 0.874983 0.884297 0.848987 0.816592 0.944920 0.936033 0.841378 0.899944 0.611574 0.550610 0.603053 0.593416 0.598069 0.674937 0.745088 0.889909 0.772754 0.948393 0.991223 0.914411 0.832848 0.755872 0.889222 0.917394 0.579190 0.771805 0.283469 0.460794 0.391234 0.494534 0.948287 0.625852 0.654195 0.574261 0.983124 0.860803 0.797196 0.889079 0.773549 0.869482 0.999870 0.966224 0.571039 0.924249 0.768677 0.803136 0.541761 0.481753 0.866924 0.960167 0.642100 0.795870 0.845654 0.874113 0.954076 0.976150 0.572831 0.806003 0.669849 0.925707 0.832475 0.890345 0.834532 0.732079 0.558663 0.603083 0.602638 0.774913 0.601985 0.741952 0.760623 0.921219 0.888606 0.968423 0.829265 0.748248 0.789551 0.813352 0.656116 0.935856 0.858697 0.956022
0.498795 0.606082 0.828648 0.531444 0.720334 0.511412 0.318335 0.000000 0.542260 0.273108 0.497123 0.427663 0.415185 0.475719 0.471856 0.645703 0.508457 0.521020 0.309766 0.440613 0.973325 0.961851 0.643681 0.887570 0.679552 0.783760 0.648318 0.904724 0.381571 0.460717 0.437388 0.551018 0.463064 0.473440 0.967114 0.919919 0.776180 0.906400 0.864894 0.896498 0.943838 0.879986 0.652416 0.566231 0.562022 0.548419 0.702755 0.736992 0.599892 0.735079 0.604468 0.804233 0.852240 0.897595 0.807703 0.783703 0.702737 0.627102 0.550135 0.587987 0.295050 0.308488 0.328477 0.347918 0.769178 0.790113 0.724994 0.603115 0.845246 0.685378 0.565149 0.607065 0.615684 0.698448 0.977774 0.934864 0.559426 0.854598 0.765942 0.665174 0.464732 0.447129 0.884084 0.880865 0.589491 0.714994 0.755148 0.847533 0.870131 0.807427 0.408910 0.571986 0.500997 0.786639 0.787216 0.835890 0.716665 0.778937 0.369073 0.435397 0.528609 0.631552 0.506231 0.591123 0.756879 0.888381 0.919921 0.940910 0.903853 0.788713 0.784245 0.701631 0.625647 0.882557 0.827251 0.962805
0.912333 0.913872 0.758752 0.687553 0.493642 0.635073 0.558871 0.542260 0.000000 0.497657 0.874673 0.804541 0.652002 0.740067 0.699818 0.673673 0.927874 0.976875 0.612029 0.801633 0.949996 0.867699 0.646593 0.855173 0.955501 0.917731 0.993329 0.944200 0.781777 0.814827 0.696004 0.900729 0.802710 0.857862 0.944873 0.962505 0.878082 0.925173 0.875278 0.851066 0.846654 0.937191 0.970766 0.990108 0.890590 0.971804 0.913881 0.936861 0.991549 0.820790 0.963815 0.876843 0.943206 0.975067 0.888578 0.922356 0.922309 0.955950 0.921377 0.992374 0.623021 0.500916 0.798994 0.790453 0.993756 0.751149 0.927251 0.987894 0.920255 0.947498 0.613630 0.857797 0.809698 0.806442 0.917172 0.932293 0.804995 0.890815 0.769786 0.933559 0.961203 0.896192 0.941003 0.787998 0.690541 0.898820 0.796192 0.945171 0.945589 0.972564 0.595488 0.633054 0.714157 0.720460 0.953845 0.862903 0.903471 0.879597 0.725874 0.749966 0.735312 0.756566 0.858376 0.845088 0.866822 0.829665 0.977913 0.828447 0.942320 0.864380 0.854017 0.852582 0.843561 0.942230 0.765316 0.995080
0.598834 0.729885 0.933198 0.644146 0.669316 0.537497 0.336586 0.273108 0.497657 0.000000 0.562849 0.490968 0.431409 0.544826 0.489315 0.699916 0.578909 0.558410 0.343732 0.521005 0.921908 0.933299 0.695960 0.965980 0.603346 0.772754 0.643524 0.976716 0.403113 0.482702 0.455884 0.600208 0.482640 0.487280 0.968163 0.914096 0.750965 0.907646 0.830928 0.879526 0.910400 0.982466 0.594267 0.565785 0.496759 0.488348 0.710891 0.695567 0.561278 0.757436 0.610067 0.844586 0.847054 0.930607 0.778528 0.809643 0.823653 0.745430 0.622575 0.670048 0.316473 0.312269 0.396601 0.398344 0.686165 0.863390 0.793975 0.669490 0.913775 0.721078 0.570125 0.663309 0.747952 0.804915 0.950603 0.939307 0.590065 0.840239 0.819709 0.790379 0.507886 0.581305 0.908313 0.905480 0.671064 0.830278 0.797836 0.792045 0.903146 0.925097 0.440958 0.591817 0.537644 0.860977 0.861394 0.818361 0.844598 0.751215 0.409285 0.477073 0.572580 0.689928 0.524724 0.681372 0.857409 0.885813 0.892856 0.925582 0.883161 0.772593 0.802679 0.701152 0.695534 0.912165 0.826796 0.926917
0.578107 0.687731 0.982309 0.859149 0.960269 0.802410 0.580156 0.497123 0.874673 0.562849 0.000000 0.449651 0.414044 0.494407 0.568846 0.793631 0.588475 0.467447 0.456158 0.543196 0.967797 0.971555 0.907795 0.950300 0.566438 0.736659 0.538631 0.841481 0.482121 0.471159 0.668168 0.623859 0.550399 0.482486 0.876867 0.737207 0.888063 0.801259 0.972929 0.896586 0.953778 0.998834 0.665855 0.512375 0.641389 0.568306 0.699138 0.748376 0.711765 0.838295 0.767774 0.949684 0.904162 0.949307 0.901387 0.897692 0.837003 0.809298 0.702282 0.777726 0.409932 0.517923 0.404771 0.468791 0.704431 0.874037 0.907743 0.701447 0.902062 0.812764 0.776280 0.761135 0.745021 0.856962 0.991488 0.788074 0.728906 0.825478 0.714682 0.643121 0.478375 0.503550 0.852810 0.868587 0.833455 0.845970 0.862029 0.851738 0.919184 0.904928 0.708546 0.921679 0.793673 0.927416 0.821465 0.992761 0.832819 0.816076 0.571641 0.728437 0.629245 0.821880 0.590472 0.692275 0.909318 0.952895 0.928957 0.893058 0.790921 0.848375 0.832314 0.877424 0.704790 0.987241 0.927592 0.829944
0.338724 0.509505 0.909915 0.767349 0.881616 0.711407 0.635944 0.427663 0.804541 0.490968 0.449651 0.000000 0.335697 0.316139 0.438362 0.501709 0.568660 0.381612 0.377310 0.406813 0.964811 0.929157 0.627535 0.757116 0.535280 0.641400 0.702777 0.859323 0.456528 0.375141 0.578621 0.527249 0.470766 0.522769 0.950581 0.798289 0.754918 0.937734 0.942783 0.940077 0.952250 0.936954 0.699443 0.583049 0.572515 0.511846 0.782434 0.769680 0.538932 0.632681 0.606236 0.711442 0.888893 0.948947 0.796029 0.920988 0.657569 0.570408 0.660891 0.655151 0.431985 0.387789 0.405687 0.311979 0.734115 0.983440 0.876847 0.718099 0.755572 0.568965 0.629597 0.527234 0.654389 0.640198 0.999595 0.864380 0.687069 0.829104 0.697936 0.592304 0.381864 0.411731 0.734292 0.893730 0.575395 0.559622 0.867584 0.959988 0.670821 0.665891 0.622783 0.761589 0.719128 0.894408 0.802577 0.927040 0.869573 0.930674 0.457288 0.537523 0.793036 0.694474 0.479998 0.578954 0.886576 0.936103 0.906333 0.978282 0.894259 0.837536 0.858512 0.673576 0.699503 0.861504 0.915776 0.919563
0.498917 0.651250 0.957304 0.825291 0.719337 0.726662 0.562142 0.415185 0.652002 0.431409 0.414044 0.335697 0.000000 0.304482 0.348612 0.533277 0.629670 0.546746 0.380886 0.461346 0.911771 0.943593 0.627173 0.855163 0.504889 0.620591 0.711906 0.895151 0.423134 0.362124 0.542378 0.515737 0.454000 0.542463 0.890966 0.771167 0.889408 0.844550 0.910360 0.953339 0.997328 0.968926 0.745173 0.623000 0.600108 0.545364 0.814510 0.848915 0.647586 0.805421 0.759625 0.876178 0.980066 0.941972 0.921513 0.862082 0.842000 0.704977 0.759757 0.791476 0.350819 0.347321 0.420927 0.367900 0.674798 0.962368 0.980950 0.755842 0.903853 0.644804 0.544769 0.583344 0.660532 0.709946 0.989130 0.870351 0.689652 0.776046 0.830399 0.689748 0.487690 0.535115 0.727630 0.991472 0.683802 0.778862 0.826147 0.919114 0.796760 0.777974 0.660699 0.753342 0.779591 0.925859 0.815070 0.902549 0.778558 0.817956 0.514968 0.584676 0.711189 0.720388 0.555025 0.572685 0.984766 0.862645 0.990032 0.994168 0.834003 0.843235 0.828832 0.759030 0.703161 0.842713 0.878928 0.808583
0.483929 0.666200 0.882706 0.765846 0.781775 0.772671 0.732590 0.475719 0.740067 0.544826 0.494407 0.316139 0.304482 0.000000 0.335548 0.414193 0.685278 0.518368 0.449354 0.369391 0.920946 0.882897 0.535697 0.678165 0.562105 0.704355 0.727246 0.888486 0.507614 0.439220 0.572951 0.526157 0.526749 0.634590 0.928627 0.800448 0.801733 0.889825 0.813031 0.972516 0.968954 0.949133 0.921380 0.771269 0.707655 0.649743 0.895778 0.952255 0.680863 0.812596 0.760261 0.834015 0.992596 0.974248 0.932789 0.986397 0.856162 0.630797 0.879789 0.797204 0.509424 0.382716 0.493040 0.403231 0.682888 0.993707 0.969883 0.855223 0.911117 0.711689 0.528275 0.487492 0.604077 0.586216 0.891839 0.922969 0.752622 0.915435 0.786457 0.676680 0.546288 0.527145 0.750055 0.979359 0.628987 0.675676 0.852569 0.986152 0.723247 0.658687 0.655778 0.702718 0.714774 0.774501 0.771724 0.868813 0.856951 0.910366 0.522324 0.624057 0.722283 0.680090 0.616998 0.576806 0.884703 0.885519 0.934697 0.980735 0.869081 0.877169 0.882946 0.774007 0.730808 0.906827 0.883899 0.932067
0.669708 0.841952 0.982451 0.768507 0.664883 0.681553 0.631419 0.471856 0.699818 0.489315 0.568846 0.438362 0.348612 0.335548 0.000000 0.401825 0.733297 0.590246 0.450426 0.495705 0.974103 0.968571 0.442001 0.671131 0.545158 0.726790 0.746653 0.905101 0.470250 0.426441 0.586876 0.558805 0.456064 0.635241 0.929030 0.901270 0.885337 0.910872 0.819035 0.954431 0.971027 0.968355 0.890463 0.774785 0.597949 0.599349 0.885841 0.917503 0.688756 0.839011 0.804816 0.860119 0.927818 0.910316 0.945184 0.955619 0.958030 0.805768 0.947637 0.917269 0.480942 0.445072 0.538268 0.491276 0.750132 0.987235 0.861210 0.830071 0.966202 0.677263 0.501636 0.515460 0.709697 0.678349 0.792405 0.896298 0.676877 0.958784 0.857930 0.737213 0.600184 0.628611 0.635020 0.965033 0.617736 0.685260 0.969929 0.985022 0.745787 0.766293 0.649539 0.676343 0.663104 0.781779 0.784494 0.997213 0.923046 0.932015 0.498381 0.589399 0.643816 0.666989 0.591971 0.546970 0.887215 0.831883 0.958344 0.939333 0.997209 0.974583 0.850532 0.685552 0.833712 0.866729 0.852237 0.895038
0.616592 0.863160 0.905644 0.698393 0.699285 0.614661 0.832626 0.645703 0.673673 0.699916 0.793631 0.501709 0.533277 0.414193 0.401825 0.000000 0.851853 0.754812 0.577600 0.594471 0.996044 0.835823 0.276378 0.408225 0.753463 0.759306 0.997885 0.866954 0.721354 0.567315 0.725386 0.653126 0.635523 0.821061 0.870778 0.992136 0.861442 0.957827 0.811450 0.977250 0.830004 0.864751 0.954572 0.893292 0.671900 0.760175 0.967260 0.950906 0.722980 0.752216 0.755327 0.731490 0.739355 0.789867 0.873580 0.974714 0.996704 0.746086 0.944293 0.849583 0.650251 0.572235 0.711631 0.588537 0.999131 0.933104 0.778569 0.888812 0.921884 0.760834 0.543207 0.607383 0.713111 0.757782 0.777169 0.989028 0.809324 0.941732 0.987634 0.778825 0.731730 0.674787 0.601701 0.972096 0.420627 0.465442 0.935132 0.730459 0.562073 0.554443 0.640420 0.643827 0.633869 0.708145 0.760698 0.929481 0.980151 0.964104 0.566681 0.629362 0.864319 0.657504 0.627707 0.765055 0.818540 0.854957 0.905140 0.944276 0.998894 0.924043 0.865582 0.669669 0.845373 0.951137 0.749167 0.958989
0.525275 0.499422 0.870354 0.678166 0.960378 0.665639 0.537203 0.508457 0.927874 0.578909 0.588475 0.568660 0.629670 0.685278 0.733297 0.851853 0.000000 0.409458 0.538318 0.625153 0.906068 0.963635 0.861948 0.966238 0.785220 0.799620 0.713046 0.885589 0.431856 0.513204 0.572778 0.669755 0.598675 0.424744 0.905559 0.942210 0.834774 0.932519 0.936953 0.930795 0.987294 0.765854 0.528630 0.427728 0.523491 0.492995 0.461666 0.600482 0.561352 0.582076 0.630372 0.734490 0.835678 0.838707 0.641916 0.627613 0.606267 0.651761 0.504025 0.555715 0.482394 0.623454 0.404379 0.420089 0.866289 0.818685 0.601211 0.515513 0.820296 0.628140 0.836797 0.756114 0.787116 0.923562 0.972854 0.993045 0.510464 0.774304 0.667736 0.726174 0.427470 0.502033 0.895444 0.893851 0.781539 0.731687 0.923365 0.830274 0.992788 0.833241 0.597657 0.831296 0.673454 0.985536 0.833082 0.794511 0.784329 0.785764 0.525168 0.522272 0.748236 0.706681 0.600552 0.725916 0.858795 0.842957 0.989701 0.953822 0.856594 0.677732 0.846894 0.742720 0.553560 0.810729 0.895510 0.881903
0.436429 0.485958 0.970144 0.800690 0.872587 0.764007 0.650327 0.521020 0.976875 0.558410 0.467447 0.381612 0.546746 0.518368 0.590246 0.754812 0.409458 0.000000 0.510905 0.466849 0.992750 0.926772 0.850905 0.932135 0.650122 0.783405 0.608308 0.931323 0.403154 0.379649 0.549954 0.560481 0.530667 0.475971 0.944351 0.929440 0.812515 0.994137 0.992566 0.950273 0.921419 0.855317 0.497192 0.438503 0.520853 0.407229 0.571661 0.597792 0.451082 0.522185 0.539372 0.652463 0.859485 0.820432 0.752483 0.753985 0.607290 0.570188 0.582165 0.583447 0.527816 0.558861 0.404539 0.354577 0.698229 0.997518 0.729590 0.595184 0.774462 0.545637 0.780916 0.646700 0.720007 0.784705 0.983508 0.929783 0.658947 0.836443 0.530570 0.527360 0.311571 0.453415 0.887607 0.830516 0.789422 0.698985 0.906453 0.807012 0.894260 0.808888 0.688503 0.869595 0.713882 0.995284 0.729060 0.906263 0.869068 0.859951 0.488319 0.521441 0.775803 0.753995 0.483273 0.667456 0.838676 0.941411 0.999564 0.945346 0.920353 0.773354 0.816595 0.775341 0.692914 0.804232 0.983225 0.939180
0.534472 0.679325 0.903108 0.621810 0.687944 0.560806 0.390991 0.309766 0.612029 0.343732 0.456158 0.377310 0.380886 0.449354 0.450426 0.577600 0.538318 0.510905 0.000000 0.417937 0.853681 0.953350 0.656558 0.886234 0.604920 0.793992 0.647375 0.931949 0.368598 0.404784 0.508228 0.553742 0.495555 0.421620 0.998754 0.882611 0.809597 0.871789 0.967864 0.988200 0.932838 0.999168 0.632181 0.493110 0.520263 0.507095 0.710769 0.700044 0.618560 0.730330 0.628833 0.792524 0.871603 0.889767 0.803447 0.793061 0.784468 0.721447 0.610753 0.665955 0.324400 0.344599 0.339821 0.351712 0.740912 0.779781 0.715537 0.645327 0.856443 0.738919 0.580613 0.603217 0.663829 0.696970 0.990600 0.910371 0.584270 0.824199 0.802247 0.705275 0.469081 0.454821 0.829939 0.997174 0.597803 0.701870 0.808134 0.945885 0.831903 0.814645 0.473340 0.654058 0.589647 0.887942 0.847413 0.924582 0.789704 0.866267 0.392401 0.513677 0.590292 0.610192 0.504088 0.642352 0.761965 0.884162 0.924107 0.999980 0.836044 0.785561 0.776504 0.621967 0.650425 0.829680 0.818036 0.998382
0.509478 0.594380 0.975655 0.722377 0.824104 0.731560 0.626202 0.440613 0.801633 0.521005 0.543196 0.406813 0.461346 0.369391 0.495705 0.594471 0.625153 0.466849 0.417937 0.000000 0.971305 0.864516 0.695905 0.769278 0.708619 0.909300 0.729575 0.939941 0.469834 0.493684 0.549750 0.565331 0.544986 0.578559 0.998348 0.927549 0.888337 0.935302 0.908326 0.863795 0.983405 0.897808 0.805973 0.668439 0.686799 0.614444 0.786405 0.787474 0.660949 0.760718 0.678062 0.787361 0.948382 0.891132 0.908808 0.906095 0.725799 0.570393 0.688054 0.668467 0.503563 0.449708 0.420341 0.382023 0.707496 0.865840 0.792184 0.679590 0.748189 0.682660 0.644697 0.577565 0.628783 0.622186 0.981296 0.863058 0.657648 0.900334 0.664189 0.617853 0.493410 0.453854 0.809279 0.976363 0.666016 0.701901 0.806770 0.936567 0.802707 0.804636 0.578276 0.701970 0.643054 0.831418 0.722627 0.851084 0.797624 0.839511 0.490806 0.599707 0.718759 0.719287 0.593190 0.588383 0.758774 0.854505 0.999595 0.996136 0.848168 0.832980 0.940802 0.737854 0.730904 0.856858 0.977787 0.965616
0.905876 0.986368 0.979310 0.938161 0.930843 0.803276 0.877312 0.973325 0.949996 0.921908 0.967797 0.964811 0.911771 0.920946 0.974103 0.996044 0.906068 0.992750 0.853681 0.971305 0.000000 0.988262 0.970546 0.993455 0.962888 0.815591 0.863461 0.983298 0.946997 0.944939 0.912647 0.922508 0.988087 0.883297 0.889176 0.995758 0.970413 0.850176 0.739330 0.893412 0.983554 0.979295 0.815282 0.769629 0.807675 0.834696 0.909897 0.765828 0.866204 0.880638 0.859833 0.873206 0.821385 0.911118 0.961693 0.806162 0.973975 0.983262 0.875820 0.846586 0.879689 0.955544 0.932132 0.907195 0.962940 0.946759 0.973050 0.859784 0.998705 0.885626 0.872197 0.996202 0.938559 0.875373 0.922990 0.982800 0.981455 0.884824 0.931124 0.995949 0.935758 0.930080 0.864510 0.826688 0.901843 0.966208 0.941786 0.890762 0.920764 0.954839 0.880854 0.953926 0.998741 0.884173 0.886024 0.996887 0.993267 0.999408 0.947456 0.926134 0.920929 0.994566 0.860773 0.852398 0.954461 0.862146 0.849338 0.986317 0.804701 0.955725 0.926093 0.832305 0.975271 0.838888 0.901821 0.936641
0.975499 0.934774 0.859798 0.949243 0.908040 0.977670 0.995915 0.961851 0.867699 0.933299 0.971555 0.929157 0.943593 0.882897 0.968571 0.835823 0.963635 0.926772 0.953350 0.864516 0.988262 0.000000 0.898615 0.879527 0.806220 0.987982 0.923978 0.933576 0.911265 0.879276 0.962085 0.949444 0.948645 0.952504 0.898823 0.906590 0.983304 0.969764 0.969378 0.862159 0.880830 0.816838 0.973116 0.976531 0.908611 0.904488 0.924007 0.844199 0.985580 0.936767 0.895203 0.876481 0.868509 0.959129 0.801898 0.988648 0.910637 0.956347 0.989219 0.971867 0.974717 0.909265 0.942640 0.901520 0.925182 0.967651 0.973843 0.933663 0.977887 0.907937 0.890676 0.850730 0.985181 0.972697 0.913630 0.983989 0.898909 0.995478 0.854668 0.842755 0.858361 0.926441 0.919729 0.945826 0.825657 0.886602 0.936587 0.860875 0.860598 0.945194 0.951380 0.974551 0.977967 0.978477 0.839318 0.784157 0.990813 0.980341 0.939355 0.932692 0.938346 0.879269 0.926572 0.963090 0.916403 0.982529 0.856892 0.953281 0.940992 0.936357 0.814420 0.929917 0.936594 0.850986 0.779852 0.909110
0.698024 0.926508 0.988743 0.657458 0.591758 0.560333 0.820468 0.643681 0.646593 0.695960 0.907795 0.627535 0.627173 0.535697 0.442001 0.276378 0.861948 0.850905 0.656558 0.695905 0.970546 0.898615 0.000000 0.414065 0.844318 0.810815 0.879020 0.826571 0.737117 0.636729 0.699657 0.678187 0.639129 0.891958 0.832081 0.943201 0.859117 0.975352 0.784203 0.979255 0.913825 0.926496 0.903147 0.964878 0.716226 0.811624 0.945676 0.999020 0.771958 0.778221 0.781442 0.742485 0.681719 0.742935 0.920297 0.907674 0.992049 0.751912 0.957480 0.868577 0.700257 0.645740 0.761809 0.662929 0.936248 0.916183 0.700670 0.878540 0.990717 0.754447 0.493759 0.658081 0.761500 0.833823 0.894099 0.970652 0.756945 0.979615 0.921550 0.832169 0.822076 0.761261 0.644957 0.968671 0.411062 0.467204 0.963679 0.709432 0.613847 0.518142 0.625327 0.581930 0.597034 0.648236 0.830595 0.938881 0.931394 0.988847 0.628287 0.645338 0.773444 0.644752 0.696324 0.799603 0.786530 0.814211 0.849412 0.991039 0.975907 0.868481 0.838896 0.673744 0.941993 0.969028 0.814099 0.980902
0.760333 0.901323 0.985501 0.737538 0.782560 0.643869 0.926352 0.887570 0.855173 0.965980 0.950300 0.757116 0.855163 0.678165 0.671131 0.408225 0.966238 0.932135 0.886234 0.769278 0.993455 0.879527 0.414065 0.000000 0.972134 0.967692 0.785849 0.900261 0.966480 0.857029 0.904865 0.926573 0.828534 0.943849 0.828974 0.854403 0.999569 0.890122 0.969345 0.982500 0.809507 0.964852 0.752824 0.883991 0.895717 0.988616 0.868412 0.903378 0.929432 0.832136 0.844789 0.747003 0.731581 0.668371 0.931520 0.920961 0.976555 0.765637 0.987128 0.919653 0.971673 0.915859 0.957510 0.838065 0.888425 0.944845 0.699560 0.919481 0.936783 0.784683 0.754951 0.717165 0.873627 0.762946 0.760057 0.934271 0.868739 0.964726 0.999252 0.864083 0.902652 0.819500 0.760590 0.964524 0.593650 0.477008 0.967081 0.682279 0.663608 0.648166 0.749280 0.775309 0.690053 0.710004 0.840369 0.923765 0.932225 0.905236 0.729707 0.795776 0.963082 0.710352 0.785302 0.777991 0.780059 0.788665 0.816621 0.862014 0.996265 0.838705 0.969124 0.692329 0.925197 0.860305 0.866609 0.922363
0.686031 0.820934 0.601704 0.869510 0.797324 0.864052 0.761455 0.679552 0.955501 0.603346 0.566438 0.535280 0.504889 0.562105 0.545158 0.753463 0.785220 0.650122 0.604920 0.708619 0.962888 0.806220 0.844318 0.972134 0.000000 0.496498 0.742077 0.987568 0.584290 0.605365 0.821165 0.656205 0.609067 0.723764 0.852479 0.863255 0.806818 0.889870 0.865556 0.983153 0.955229 0.946172 0.680931 0.639132 0.519383 0.475315 0.817973 0.761035 0.565241 0.698844 0.664865 0.772042 0.897441 0.975487 0.871931 0.989110 0.992712 0.960949 0.876779 0.841821 0.577148 0.521536 0.600334 0.527907 0.507521 0.846351 0.927036 0.883339 0.887163 0.756483 0.763772 0.804613 0.917319 0.958654 0.987205 0.952446 0.742085 0.916640 0.785364 0.657038 0.525646 0.697741 0.769745 0.863290 0.804743 0.882652 0.991493 0.922004 0.729987 0.811890 0.759248 0.854154 0.837965 0.896959 0.803907 0.942765 0.950833 0.890149 0.600773 0.722131 0.822398 0.841434 0.676593 0.677137 0.993511 0.951182 0.862501 0.963467 0.901254 0.981614 0.826904 0.838184 0.757101 0.840316 0.899914 0.809472
0.702558 0.717065 0.659961 0.966419 0.880500 0.905718 0.914309 0.783760 0.917731 0.772754 0.736659 0.641400 0.620591 0.704355 0.726790 0.759306 0.799620 0.783405 0.793992 0.909300 0.815591 0.987982 0.810815 0.967692 0.496498 0.000000 0.974131 0.911083 0.811249 0.760565 0.884862 0.802230 0.849387 0.917719 0.840016 0.964529 0.928304 0.947327 0.832623 0.939410 0.958909 0.940041 0.812586 0.763904 0.669151 0.675982 0.954895 0.853196 0.642328 0.716281 0.758980 0.732421 0.771965 0.935167 0.976242 0.955719 0.874366 0.814139 0.949429 0.820557 0.768893 0.648503 0.842783 0.696637 0.718640 0.718713 0.829998 0.965382 0.992480 0.696988 0.743050 0.812994 0.963606 0.951312 0.927836 0.903086 0.843771 0.832945 0.940241 0.755757 0.741458 0.872250 0.719756 0.950139 0.836060 0.924209 0.986871 0.951417 0.751848 0.634822 0.819159 0.733655 0.902339 0.896407 0.957004 0.947600 0.938213 0.867585 0.738690 0.657044 0.960182 0.934464 0.757187 0.834698 0.852187 0.897345 0.905221 0.888536 0.996458 0.934714 0.895794 0.756277 0.887556 0.978230 0.999556 0.815679
0.792351 0.801812 0.942921 0.984907 0.880322 0.886853 0.677553 0.648318 0.993329 0.643524 0.538631 0.702777 0.711906 0.727246 0.746653 0.997885 0.713046 0.608308 0.647375 0.729575 0.863461 0.923978 0.879020 0.785849 0.742077 0.974131 0.000000 0.981046 0.656627 0.672547 0.761555 0.825453 0.737598 0.597543 0.987212 0.778649 0.748720 0.782571 0.978334 0.931724 0.967682 0.917077 0.734110 0.672582 0.747445 0.710349 0.638192 0.749385 0.778455 0.920846 0.916910 0.938125 0.750822 0.902033 0.883301 0.923004 0.970073 0.984787 0.863250 0.893237 0.623302 0.694584 0.646152 0.682107 0.810109 0.927358 0.917848 0.754173 0.934585 0.990770 0.996807 0.787933 0.848267 0.839703 0.992214 0.996569 0.895503 0.933512 0.806116 0.831786 0.634410 0.698685 0.939143 0.993028 0.968574 0.986692 0.807575 0.712988 0.969676 0.867155 0.856969 0.959057 0.864040 0.833977 0.878482 0.961969 0.943700 0.959258 0.686561 0.835546 0.703060 0.955464 0.792670 0.854976 0.919071 0.935493 0.899530 0.970467 0.975941 0.730149 0.976587 0.985058 0.736914 0.841542 0.851237 0.971437
0.876588 0.988039 0.905998 0.950295 0.815787 0.874553 0.915609 0.904724 0.944200 0.976716 0.841481 0.859323 0.895151 0.888486 0.905101 0.866954 0.885589 0.931323 0.931949 0.939941 0.983298 0.933576 0.826571 0.900261 0.987568 0.911083 0.981046 0.000000 0.916105 0.886552 0.973105 0.924003 0.945185 0.977270 0.830099 0.849802 0.868616 0.910241 0.961030 0.969122 0.942135 0.949090 0.965054 0.999128 0.996034 0.953436 0.987925 0.975444 0.987380 0.992634 0.983992 0.964764 0.986498 0.979290 0.858429 0.950278 0.987974 0.920853 0.908992 0.946401 0.856712 0.954787 0.927578 0.907563 0.783193 0.984873 0.991393 0.964457 0.993722 0.887807 0.884939 0.973073 0.949220 0.988678 0.980641 0.828877 0.998953 0.982339 0.997830 0.788228 0.948424 0.826389 0.896452 0.924948 0.734002 0.760077 0.949295 0.964478 0.896057 0.924447 0.969892 0.993499 0.965621 0.959855 0.996573 0.965713 0.927035 0.988671 0.994076 0.955715 0.995977 0.907273 0.926587 0.944884 0.853616 0.771543 0.812714 0.914293 0.972801 0.907352 0.944947 0.967125 0.969423 0.797867 0.914637 0.994141
0.571708 0.611474 0.882464 0.744641 0.852948 0.690944 0.431241 0.381571 0.781777 0.403113 0.482121 0.456528 0.423134 0.507614 0.470250 0.721354 0.431856 0.403154 0.368598 0.469834 0.946997 0.911265 0.737117 0.966480 0.584290 0.811249 0.656627 0.916105 0.000000 0.308687 0.451233 0.474416 0.493058 0.384073 0.960502 0.857718 0.891824 0.926274 0.992891 0.870093 0.988604 0.975877 0.544522 0.452734 0.501922 0.402374 0.538305 0.639888 0.541314 0.634699 0.615117 0.790523 0.899077 0.945092 0.778545 0.717381 0.700047 0.691622 0.596721 0.673145 0.362022 0.475483 0.306579 0.349975 0.699127 0.889601 0.712449 0.586549 0.877126 0.627316 0.632240 0.668183 0.708181 0.792593 0.997641 0.897742 0.556740 0.931295 0.611767 0.610497 0.356099 0.414209 0.838740 0.942815 0.682223 0.762259 0.961034 0.914741 0.925563 0.854683 0.644042 0.840947 0.725322 0.958919 0.877178 0.938896 0.779572 0.793028 0.510258 0.555676 0.607606 0.664054 0.531318 0.590738 0.837775 0.936087 0.970389 0.911317 0.844274 0.786763 0.780972 0.715933 0.658590 0.753720 0.968863 0.979823
0.531786 0.614578 0.943432 0.777766 0.861959 0.727327 0.564238 0.460717 0.814827 0.482702 0.471159 0.375141 0.362124 0.439220 0.426441 0.567315 0.513204 0.379649 0.404784 0.493684 0.944939 0.879276 0.636729 0.857029 0.605365 0.760565 0.672547 0.886552 0.308687 0.000000 0.533344 0.448501 0.462273 0.436158 0.977487 0.823650 0.923680 0.942093 0.971692 0.869760 0.938688 0.929627 0.626568 0.507620 0.505070 0.437636 0.598874 0.690503 0.537678 0.634785 0.657495 0.772979 0.938692 0.987197 0.748090 0.770631 0.709745 0.676701 0.617097 0.692929 0.388522 0.471431 0.377076 0.338203 0.759994 0.889450 0.735359 0.580943 0.817607 0.561151 0.578873 0.704785 0.757811 0.724328 0.968864 0.907665 0.642356 0.833350 0.704460 0.621314 0.384132 0.474451 0.722547 0.884413 0.633191 0.698667 0.936156 0.970504 0.781019 0.756176 0.741904 0.901963 0.797943 0.938833 0.832629 0.935928 0.764985 0.879849 0.506666 0.568265 0.703793 0.733327 0.467922 0.630637 0.907798 0.902751 0.989518 0.970580 0.872659 0.863473 0.755732 0.726615 0.738808 0.758988 0.930226 0.954751
0.643005 0.682248 0.804661 0.648779 0.901138 0.656035 0.538581 0.437388 0.696004 0.455884 0.668168 0.578621 0.542378 0.572951 0.586876 0.725386 0.572778 0.549954 0.508228 0.549750 0.912647 0.962085 0.699657 0.904865 0.821165 0.884862 0.761555 0.973105 0.451233 0.533344 0.000000 0.496405 0.547980 0.480130 0.945853 0.896928 0.874945 0.920932 0.887018 0.960793 0.973958 0.932263 0.725721 0.646776 0.657159 0.616384 0.793915 0.852462 0.676724 0.767966 0.781809 0.877260 0.942218 0.984528 0.845713 0.728817 0.715954 0.735739 0.751485 0.823078 0.525787 0.553857 0.513722 0.497760 0.761099 0.990937 0.755321 0.699244 0.914921 0.783309 0.685838 0.549052 0.719484 0.810786 0.964466 0.906626 0.605320 0.893405 0.780127 0.693674 0.531086 0.608816 0.947069 0.880214 0.761460 0.815996 0.725692 0.744048 0.968550 0.802995 0.650918 0.740141 0.668026 0.831926 0.992265 0.861034 0.888700 0.844699 0.558487 0.473288 0.667683 0.595701 0.523656 0.691881 0.912582 0.842985 0.914802 0.935813 0.933935 0.774374 0.856341 0.802960 0.726661 0.974358 0.854732 0.966405
0.615854 0.745149 0.932365 0.810772 0.892216 0.808130 0.600222 0.551018 0.900729 0.600208 0.623859 0.527249 0.515737 0.526157 0.558805 0.653126 0.669755 0.560481 0.553742 0.565331 0.922508 0.949444 0.678187 0.926573 0.656205 0.802230 0.825453 0.924003 0.474416 0.448501 0.496405 0.000000 0.503155 0.559764 0.941623 0.767444 0.905017 0.923350 0.952850 0.873893 0.981851 0.963235 0.675131 0.603747 0.682111 0.586613 0.682966 0.772341 0.657900 0.760132 0.767909 0.847864 0.969713 0.913902 0.990468 0.815182 0.778760 0.790593 0.769881 0.783538 0.512132 0.588032 0.482666 0.484107 0.854258 0.958229 0.847364 0.725212 0.915925 0.774003 0.702059 0.746139 0.669531 0.837536 0.963846 0.867868 0.722188 0.945947 0.772899 0.628084 0.536682 0.518789 0.776653 0.940524 0.658067 0.727956 0.951966 0.985213 0.841396 0.655032 0.815903 0.907423 0.840126 0.938216 0.928598 0.986762 0.858855 0.838666 0.665342 0.668376 0.804259 0.745872 0.558759 0.776409 0.795114 0.908042 0.930896 0.977092 0.935152 0.941191 0.792449 0.948845 0.805244 0.945592 0.968794 0.909475
0.600484 0.781063 0.986668 0.716487 0.826055 0.613137 0.539545 0.463064 0.802710 0.482640 0.550399 0.470766 0.454000 0.526749 0.456064 0.635523 0.598675 0.530667 0.495555 0.544986 0.988087 0.948645 0.639129 0.828534 0.609067 0.849387 0.737598 0.945185 0.493058 0.462273 0.547980 0.503155 0.000000 0.506785 0.945257 0.887039 0.760259 0.943577 0.913799 0.871150 0.859102 0.990548 0.694332 0.579701 0.496162 0.493518 0.701214 0.686857 0.587579 0.735751 0.711356 0.869691 0.961520 0.983890 0.872621 0.764890 0.830465 0.810271 0.669003 0.787501 0.411334 0.470902 0.426704 0.398094 0.728654 0.842079 0.698922 0.557089 0.898033 0.707150 0.717800 0.715455 0.720849 0.754477 0.974386 0.802359 0.606022 0.832783 0.824054 0.574697 0.450329 0.490289 0.787763 0.826376 0.634781 0.584187 0.941229 0.952646 0.868453 0.842482 0.686762 0.913122 0.748270 0.946362 0.821893 0.946626 0.843120 0.852780 0.467374 0.616527 0.710250 0.798474 0.555771 0.631045 0.856898 0.853432 0.998681 0.938108 0.923496 0.920452 0.813587 0.724637 0.804811 0.866970 0.953947 0.912129
0.613055 0.635250 0.844227 0.727665 0.998303 0.661708 0.475981 0.473440 0.857862 0.487280 0.482486 0.522769 0.542463 0.634590 0.635241 0.821061 0.424744 0.475971 0.421620 0.578559 0.883297 0.952504 0.891958 0.943849 0.723764 0.917719 0.597543 0.977270 0.384073 0.436158 0.480130 0.559764 0.506785 0.000000 0.997768 0.800872 0.744464 0.896672 0.921053 0.883598 0.966156 0.948001 0.554583 0.397510 0.467230 0.429732 0.520754 0.710952 0.572642 0.687718 0.693024 0.866826 0.967498 0.989134 0.695504 0.666730 0.742154 0.835621 0.574787 0.715265 0.412285 0.548210 0.379450 0.427295 0.706991 0.879165 0.661608 0.463174 0.858921 0.777182 0.771973 0.688755 0.777008 0.855061 0.997353 0.893136 0.617058 0.820681 0.709730 0.695515 0.415161 0.453577 0.846452 0.831897 0.789350 0.793511 0.853153 0.876571 0.964659 0.954206 0.671901 0.930812 0.780845 0.884932 0.948603 0.903352 0.904799 0.887903 0.538127 0.597023 0.720940 0.687934 0.481252 0.766742 0.892722 0.918706 0.838464 0.921909 0.754576 0.735552 0.871616 0.781937 0.634476 0.852495 0.887644 0.987974
0.927362 0.934175 0.774163 0.858042 0.895033 0.818691 0.874983 0.967114 0.944873 0.968163 0.876867 0.950581 0.890966 0.928627 0.929030 0.870778 0.905559 0.944351 0.998754 0.998348 0.889176 0.898823 0.832081 0.828974 0.852479 0.840016 0.987212 0.830099 0.960502 0.977487 0.945853 0.941623 0.945257 0.997768 0.000000 0.911467 0.911611 0.963350 0.800036 0.942428 0.893608 0.971020 0.875857 0.885349 0.986038 0.959850 0.932646 0.926097 0.942902 0.966171 0.953455 0.911821 0.962533 0.922665 0.797328 0.921966 0.937375 0.965298 0.964813 0.988487 0.960865 0.926707 0.982077 0.964577 0.736457 0.827183 0.695671 0.887201 0.927745 0.997277 0.848382 0.953028 0.986513 0.952689 0.749660 0.934348 0.833956 0.862457 0.917379 0.884312 0.984977 0.923843 0.896772 0.987518 0.843635 0.729609 0.978821 0.925831 0.950814 0.982935 0.911748 0.962686 0.845568 0.905989 0.955309 0.860637 0.985931 0.916176 0.960608 0.970374 0.943958 0.828429 0.996691 0.956680 0.939065 0.931444 0.880382 0.818525 0.980032 0.876355 0.970302 0.869201 0.940769 0.991175 0.960432 0.939089
0.995752 0.954292 0.963992 0.860221 0.993316 0.990834 0.884297 0.919919 0.962505 0.914096 0.737207 0.798289 0.771167 0.800448 0.901270 0.992136 0.942210 0.929440 0.882611 0.927549 0.995758 0.906590 0.943201 0.854403 0.863255 0.964529 0.778649 0.849802 0.857718 0.823650 0.896928 0.767444 0.887039 0.800872 0.911467 0.000000 0.905135 0.820671 0.960105 0.944007 0.858312 0.989029 0.955277 0.915669 0.999333 0.926159 0.998381 0.987630 0.946330 0.876401 0.854624 0.804400 0.748908 0.758644 0.810850 0.833424 0.859875 0.829236 0.901657 0.804833 0.798175 0.877863 0.890602 0.916048 0.947984 0.964672 0.789084 0.951234 0.934038 0.845767 0.897444 0.973858 0.885275 0.888522 0.915695 0.866279 0.980082 0.962017 0.933341 0.865786 0.884642 0.815873 0.897478 0.879197 0.966297 0.945733 0.828510 0.933994 0.882991 0.894788 0.874892 0.866269 0.850536 0.752570 0.833645 0.932849 0.996769 0.974784 0.925584 0.880611 0.961424 0.944956 0.984659 0.975496 0.943999 0.856703 0.885276 0.896015 0.891351 0.884090 0.941553 0.999168 0.943117 0.830676 0.920495 0.806854
0.727263 0.918624 0.918038 0.965149 0.933107 0.820838 0.848987 0.776180 0.878082 0.750965 0.888063 0.754918 0.889408 0.801733 0.885337 0.861442 0.834774 0.812515 0.809597 0.888337 0.970413 0.983304 0.859117 0.999569 0.806818 0.928304 0.748720 0.868616 0.891824 0.923680 0.874945 0.905017 0.760259 0.744464 0.911611 0.905135 0.000000 0.825658 0.937768 0.949937 0.875282 0.999385 0.914395 0.840946 0.737065 0.765126 0.899034 0.848893 0.712383 0.823295 0.792398 0.908038 0.911578 0.891821 0.848552 0.983337 0.998080 0.989070 0.921056 0.867638 0.820337 0.699057 0.800008 0.765359 0.839855 0.906590 0.841897 0.832969 0.987046 0.929527 0.911427 0.843823 0.851057 0.909827 0.943110 0.907194 0.870863 0.999500 0.956942 0.883568 0.790878 0.753996 0.948889 0.948730 0.803378 0.803138 0.812756 0.947566 0.906095 0.901970 0.720309 0.844520 0.748186 0.942277 0.981926 0.871720 0.910201 0.969292 0.688232 0.866692 0.957581 0.797466 0.817245 0.978240 0.925483 0.962517 0.988297 0.949932 0.856866 0.996867 0.873368 0.871785 0.747796 0.914038 0.992222 0.921458
0.972971 0.924185 0.959726 0.854874 0.951757 0.965036 0.816592 0.906400 0.925173 0.907646 0.801259 0.937734 0.844550 0.889825 0.910872 0.957827 0.932519 0.994137 0.871789 0.935302 0.850176 0.969764 0.975352 0.890122 0.889870 0.947327 0.782571 0.910241 0.926274 0.942093 0.920932 0.923350 0.943577 0.896672 0.963350 0.820671 0.825658 0.000000 0.956652 0.988638 0.885751 0.947684 0.921011 0.988487 0.964476 0.994709 0.874087 0.964363 0.929972 0.900381 0.817714 0.741457 0.766384 0.768824 0.989041 0.878644 0.880062 0.891128 0.965362 0.899880 0.777720 0.862312 0.851480 0.868174 0.979380 0.827798 0.938649 0.889267 0.853149 0.859580 0.853463 0.948583 0.959067 0.990994 0.918135 0.918694 0.852011 0.830610 0.926408 0.924265 0.901650 0.827834 0.891288 0.913046 0.851871 0.947917 0.878996 0.934689 0.906018 0.997295 0.954960 0.918846 0.948857 0.850863 0.974651 0.943192 0.815376 0.956353 0.963013 0.934909 0.833829 0.863535 0.930861 0.983191 0.993531 0.871932 0.887662 0.948261 0.699758 0.892539 0.940597 0.983274 0.845347 0.984584 0.842941 0.951410
