0.000000 0.134676 0.203227 0.161933 0.666578 0.439895 0.176138 0.127316 0.404587 0.284606 0.174511 0.121868 0.126885 0.184037 0.194392 0.193153 0.122268 0.125410 0.132555 0.124903 0.418158 0.722266 0.202730 0.270025 0.487723 0.442807 0.898442 0.924440 0.147284 0.123756 0.195990 0.242658 0.138910 0.132655 0.364793 0.520499 0.347453 0.446694 0.577741 0.618432 0.757759 0.531437 0.225700 0.203520 0.199042 0.164873 0.182125 0.179715 0.541827 0.250257 0.321731 0.247033 0.365188 0.390329 0.375108 0.405310 0.159649 0.136608 0.131491 0.164080 0.120442 0.181398 0.119563 0.120690 0.306978 0.223956 0.167081 0.146661 0.300695 0.176998 0.249020 0.268581 0.340744 0.376625 0.633103 0.534705 0.292773 0.254300 0.137836 0.204255 0.097558 0.114370 0.294384 0.224705 0.194591 0.259296 0.861577 0.801104 0.406136 0.385410 0.496609 0.610362 0.423481 0.754130 0.354663 0.442855 0.266410 0.434562 0.249876 0.234433 0.527116 0.636395 0.270505 0.339437 0.275410 0.295120 0.758240 0.597408 0.561447 0.369988 0.688006 0.358130 0.295534 0.435523 0.456715 0.930365
0.134676 0.000000 0.253167 0.202624 0.657179 0.470805 0.206639 0.145938 0.476326 0.320275 0.221166 0.134785 0.147326 0.172961 0.214105 0.209858 0.148273 0.138333 0.142601 0.145789 0.409111 0.760593 0.223372 0.291407 0.503013 0.486538 0.870064 0.908306 0.140048 0.147579 0.214961 0.276537 0.167572 0.168285 0.427154 0.523068 0.331537 0.498435 0.573735 0.604173 0.848177 0.431234 0.223824 0.198842 0.191358 0.178534 0.194694 0.155064 0.487909 0.276236 0.324084 0.259976 0.415089 0.403188 0.403407 0.441575 0.130432 0.109744 0.124148 0.166844 0.143010 0.199509 0.135382 0.115805 0.364902 0.285454 0.200014 0.169429 0.316875 0.166019 0.278633 0.274339 0.429729 0.479067 0.654017 0.549777 0.324292 0.297046 0.203275 0.260443 0.124285 0.140290 0.287606 0.215418 0.213516 0.267256 0.930067 0.888182 0.429667 0.389374 0.586680 0.677549 0.483447 0.822785 0.277707 0.489635 0.270171 0.321484 0.280879 0.258771 0.558588 0.687696 0.302695 0.309148 0.257610 0.281084 0.775016 0.641270 0.581085 0.394980 0.654867 0.352520 0.369002 0.421871 0.444926 0.869431
0.203227 0.253167 0.000000 0.099750 0.690083 0.475990 0.145305 0.178412 0.349183 0.350444 0.224537 0.240772 0.208649 0.298347 0.271922 0.268034 0.277872 0.222032 0.195032 0.197902 0.381262 0.712237 0.202591 0.228548 0.328021 0.279821 0.948472 0.889648 0.264135 0.233153 0.163917 0.245265 0.173628 0.212862 0.421383 0.639495 0.341904 0.520150 0.507122 0.605697 0.881478 0.570821 0.229927 0.221983 0.303029 0.290166 0.249586 0.264459 0.692946 0.366178 0.439078 0.360570 0.443286 0.395893 0.411256 0.505316 0.315489 0.296095 0.303690 0.308946 0.183561 0.253429 0.284261 0.285273 0.184883 0.159003 0.182790 0.185833 0.332867 0.267707 0.248584 0.324841 0.287161 0.278427 0.731543 0.586030 0.322097 0.278105 0.257306 0.301536 0.221448 0.194891 0.356147 0.300485 0.257823 0.238713 0.846453 0.821318 0.459998 0.399196 0.451956 0.557767 0.395216 0.647741 0.353729 0.514890 0.368948 0.523880 0.350074 0.329941 0.537299 0.559813 0.421724 0.361074 0.316020 0.370495 0.830993 0.631071 0.635228 0.488174 0.748959 0.471227 0.356135 0.566017 0.514757 0.923749
0.161933 0.202624 0.099750 0.000000 0.663518 0.424517 0.121110 0.126206 0.323986 0.299366 0.220893 0.185062 0.156766 0.232484 0.210577 0.205284 0.223585 0.180855 0.158322 0.175001 0.342618 0.674858 0.157469 0.210260 0.359781 0.295660 0.919275 0.886469 0.205039 0.184287 0.149033 0.213718 0.135845 0.155279 0.346829 0.593235 0.305581 0.464133 0.516760 0.640260 0.828288 0.538511 0.178056 0.168775 0.225984 0.219077 0.188790 0.218902 0.614609 0.318932 0.373778 0.294608 0.409696 0.380526 0.375900 0.468897 0.240966 0.237338 0.228822 0.256154 0.135809 0.199989 0.218106 0.209300 0.181521 0.152956 0.144404 0.134887 0.312423 0.246983 0.201371 0.280018 0.290244 0.327061 0.648175 0.578616 0.301243 0.267492 0.215128 0.269693 0.169732 0.151742 0.302968 0.233138 0.198445 0.197867 0.883475 0.815642 0.437984 0.363437 0.426889 0.539890 0.357128 0.639093 0.324541 0.482811 0.326562 0.471370 0.278542 0.259771 0.504901 0.551538 0.335129 0.289570 0.257327 0.310521 0.829196 0.637153 0.636535 0.470743 0.670305 0.386245 0.311954 0.493108 0.451035 0.920064
0.666578 0.657179 0.690083 0.663518 0.000000 0.678356 0.652893 0.629141 0.811880 0.727856 0.777428 0.688694 0.596660 0.690989 0.630071 0.605939 0.722590 0.746253 0.683206 0.764839 0.652605 0.743835 0.629255 0.638570 0.851489 0.851096 0.747304 0.871288 0.690040 0.723321 0.740618 0.852678 0.685437 0.682506 0.762707 0.852924 0.875864 0.837169 0.737186 0.952920 0.731440 0.827550 0.665278 0.683248 0.627982 0.636350 0.582610 0.642730 0.790369 0.611557 0.559707 0.566641 0.701990 0.501826 0.706618 0.625383 0.737515 0.747783 0.706786 0.693644 0.613033 0.612132 0.663421 0.653478 0.648408 0.626622 0.617795 0.646417 0.848554 0.734468 0.551441 0.651980 0.716613 0.775282 0.965818 0.730872 0.769013 0.784387 0.811407 0.777308 0.655921 0.671088 0.630314 0.689708 0.578788 0.604733 0.857370 0.876255 0.846012 0.673857 0.636947 0.642779 0.608970 0.767420 0.854713 0.782972 0.767463 0.725607 0.678361 0.655502 0.746616 0.875129 0.671828 0.752044 0.591131 0.690775 0.817843 0.637321 0.765758 0.917126 0.841011 0.752277 0.677207 0.710096 0.693562 0.965157
0.439895 0.470805 0.475990 0.424517 0.678356 0.000000 0.371769 0.372579 0.486305 0.407943 0.420114 0.433166 0.398297 0.479266 0.453162 0.392788 0.460235 0.431809 0.439186 0.490730 0.521209 0.954103 0.449412 0.488504 0.717534 0.643383 0.900670 0.837919 0.438209 0.445293 0.445958 0.514545 0.446258 0.446457 0.477584 0.745961 0.607091 0.820799 0.868820 0.883074 0.698375 0.631526 0.406601 0.436161 0.436678 0.429801 0.434276 0.406393 0.859483 0.589568 0.581527 0.508052 0.586204 0.525414 0.662747 0.718422 0.512028 0.533782 0.488306 0.508912 0.424066 0.471469 0.412311 0.442395 0.569877 0.459491 0.356211 0.436597 0.564704 0.504026 0.414959 0.389252 0.561897 0.645974 0.734742 0.702053 0.454495 0.408776 0.411525 0.569497 0.398619 0.410096 0.565796 0.432472 0.486045 0.520511 0.865669 0.891763 0.789068 0.639667 0.440126 0.542454 0.376024 0.635700 0.554024 0.673195 0.486542 0.692924 0.483425 0.462434 0.567284 0.547833 0.493083 0.504893 0.426646 0.526623 0.842420 0.803187 0.876539 0.726661 0.741190 0.554584 0.459491 0.510493 0.577885 0.920719
0.176138 0.206639 0.145305 0.121110 0.652893 0.371769 0.000000 0.113071 0.310783 0.234295 0.164787 0.204786 0.186187 0.273774 0.277659 0.260468 0.169472 0.134616 0.127247 0.170009 0.361863 0.636388 0.248034 0.305549 0.527484 0.428725 0.905216 0.860569 0.199495 0.185928 0.212951 0.227586 0.145331 0.136184 0.454794 0.592646 0.401990 0.548456 0.623933 0.609602 0.797975 0.472160 0.159535 0.124192 0.198500 0.209367 0.217130 0.216287 0.681683 0.390399 0.411957 0.366953 0.480793 0.368861 0.455903 0.570919 0.186724 0.222789 0.237472 0.320663 0.160754 0.273550 0.202238 0.220899 0.286012 0.198600 0.107774 0.138895 0.309237 0.261276 0.201771 0.234310 0.322129 0.335107 0.694218 0.525423 0.255084 0.204619 0.230456 0.263775 0.162825 0.154194 0.325182 0.266233 0.275760 0.290734 0.860330 0.848532 0.500907 0.484658 0.363849 0.449454 0.320935 0.521177 0.305897 0.466127 0.308783 0.439470 0.266469 0.226841 0.472274 0.427259 0.322368 0.232791 0.288766 0.319020 0.879910 0.617319 0.654344 0.475944 0.640866 0.356431 0.251897 0.433117 0.482004 0.900886
0.127316 0.145938 0.178412 0.126206 0.629141 0.372579 0.113071 0.000000 0.363697 0.195678 0.175305 0.126953 0.124089 0.184373 0.187468 0.190016 0.140314 0.123263 0.147573 0.156190 0.383537 0.715813 0.203439 0.280672 0.541959 0.459459 0.868980 0.874547 0.152099 0.142276 0.221004 0.252800 0.125940 0.127168 0.386762 0.550886 0.349022 0.448077 0.611123 0.607922 0.751418 0.448299 0.175985 0.161828 0.169435 0.177317 0.198761 0.185841 0.548764 0.308816 0.337386 0.277848 0.415449 0.372475 0.420858 0.474001 0.155324 0.156764 0.176984 0.231520 0.114256 0.164771 0.150500 0.123181 0.271939 0.197818 0.129264 0.136567 0.353990 0.206612 0.228037 0.269185 0.373488 0.423352 0.682358 0.516361 0.282029 0.215173 0.172093 0.285785 0.127129 0.143596 0.306123 0.233280 0.214177 0.262027 0.916038 0.875872 0.464740 0.365687 0.371581 0.456773 0.298881 0.592113 0.262093 0.388934 0.256985 0.384932 0.208482 0.180047 0.415587 0.503998 0.243954 0.222151 0.218825 0.267481 0.823021 0.556663 0.621674 0.411904 0.604363 0.330087 0.267423 0.401764 0.453733 0.913900
0.404587 0.476326 0.349183 0.323986 0.811880 0.486305 0.310783 0.363697 0.000000 0.403315 0.404603 0.418572 0.397762 0.477589 0.465937 0.402730 0.451509 0.418219 0.398880 0.402841 0.543049 0.784667 0.387754 0.488019 0.661855 0.545594 0.930406 0.910295 0.439189 0.428095 0.423514 0.441101 0.371795 0.381194 0.555549 0.668346 0.489894 0.550571 0.751826 0.624295 0.997298 0.650164 0.379851 0.361322 0.412026 0.403192 0.384671 0.395375 0.753197 0.488956 0.447675 0.446150 0.476490 0.431664 0.607885 0.590011 0.464913 0.504317 0.447574 0.522864 0.364092 0.437487 0.429619 0.465475 0.364541 0.371980 0.320521 0.350063 0.437835 0.476548 0.399479 0.514748 0.431063 0.439879 0.767640 0.525996 0.416364 0.359893 0.446617 0.477959 0.421253 0.414225 0.528689 0.513318 0.439420 0.448731 0.797781 0.917660 0.643141 0.604532 0.406876 0.439121 0.343749 0.504461 0.531663 0.487573 0.520694 0.678965 0.368802 0.375917 0.487970 0.443375 0.460024 0.402391 0.430062 0.499652 0.768018 0.645851 0.792169 0.706722 0.677894 0.552528 0.383241 0.701705 0.519505 0.944353
0.284606 0.320275 0.350444 0.299366 0.727856 0.407943 0.234295 0.195678 0.403315 0.000000 0.262201 0.254668 0.308172 0.339227 0.355059 0.358256 0.240476 0.240358 0.301946 0.310328 0.542859 0.764770 0.391031 0.490025 0.788163 0.604216 0.939985 0.898213 0.281988 0.261566 0.402514 0.365945 0.236436 0.238644 0.439029 0.635617 0.479890 0.529133 0.759106 0.650319 0.890193 0.421422 0.310244 0.302986 0.307124 0.326967 0.405829 0.353439 0.628574 0.474729 0.464959 0.415071 0.543971 0.492152 0.573315 0.606373 0.276182 0.322959 0.300645 0.398511 0.280681 0.304895 0.294856 0.262602 0.424732 0.332595 0.266659 0.288644 0.431901 0.291376 0.358842 0.359694 0.464262 0.516558 0.670457 0.541803 0.350970 0.250423 0.290631 0.381134 0.258835 0.309509 0.473357 0.344540 0.416443 0.473494 0.958950 0.951873 0.614359 0.551869 0.364129 0.406493 0.308896 0.515531 0.392505 0.414108 0.369166 0.423892 0.229851 0.236013 0.413387 0.389655 0.299955 0.247227 0.366198 0.372366 0.859906 0.566968 0.794381 0.522097 0.638921 0.396188 0.321015 0.470484 0.531896 0.932786
0.174511 0.221166 0.224537 0.220893 0.777428 0.420114 0.164787 0.175305 0.404603 0.262201 0.000000 0.171371 0.213738 0.263121 0.310081 0.298913 0.164709 0.130629 0.150718 0.144080 0.468793 0.720189 0.330078 0.353066 0.593805 0.464576 0.956647 0.868547 0.193111 0.147043 0.239707 0.240839 0.201974 0.169099 0.529168 0.605958 0.465703 0.598962 0.625040 0.583420 0.816128 0.566164 0.302483 0.255865 0.307466 0.294688 0.283794 0.281579 0.741037 0.446875 0.493113 0.441649 0.522722 0.483438 0.474441 0.624532 0.205929 0.223960 0.264766 0.329869 0.199506 0.301893 0.183205 0.212084 0.402251 0.276166 0.220149 0.214092 0.316407 0.276998 0.325945 0.331882 0.391857 0.381423 0.701644 0.569373 0.343793 0.242696 0.227753 0.245957 0.160766 0.177010 0.331295 0.279369 0.366224 0.396173 0.825417 0.858750 0.531393 0.565023 0.514922 0.609144 0.464443 0.687293 0.361536 0.524383 0.348070 0.543859 0.364541 0.318796 0.538307 0.538249 0.363541 0.327798 0.395455 0.416240 0.869483 0.664126 0.755584 0.468109 0.702761 0.441672 0.336092 0.489193 0.556498 0.950709
0.121868 0.134785 0.240772 0.185062 0.688694 0.433166 0.204786 0.126953 0.418572 0.254668 0.171371 0.000000 0.112007 0.120025 0.148575 0.151532 0.140586 0.130408 0.163930 0.150750 0.405400 0.726375 0.191299 0.266032 0.551394 0.487480 0.918115 0.863863 0.122321 0.107617 0.212692 0.255382 0.149344 0.163081 0.378632 0.555601 0.365370 0.424068 0.567557 0.615999 0.777000 0.517543 0.285108 0.257190 0.235025 0.224919 0.228134 0.199394 0.557324 0.323864 0.370451 0.296059 0.447985 0.447928 0.409453 0.476943 0.167100 0.159970 0.169727 0.205555 0.121177 0.164436 0.116232 0.097264 0.330983 0.249276 0.211157 0.185953 0.345205 0.205231 0.272503 0.313745 0.388691 0.430468 0.637681 0.557728 0.315303 0.239002 0.170134 0.274844 0.131964 0.165965 0.253058 0.233258 0.220142 0.289992 0.880535 0.904484 0.439449 0.404358 0.564451 0.659109 0.457546 0.834157 0.321503 0.466778 0.325255 0.405924 0.284324 0.250332 0.548453 0.668938 0.279341 0.323296 0.279716 0.269716 0.776642 0.612769 0.630053 0.349202 0.640421 0.418368 0.342094 0.415602 0.463575 0.981338
0.126885 0.147326 0.208649 0.156766 0.596660 0.398297 0.186187 0.124089 0.397762 0.308172 0.213738 0.112007 0.000000 0.102865 0.098299 0.102036 0.168552 0.170916 0.170703 0.187681 0.351367 0.720115 0.119426 0.172343 0.474312 0.451844 0.922160 0.909533 0.144902 0.147173 0.171203 0.251461 0.154289 0.170000 0.373862 0.551358 0.326735 0.404684 0.533445 0.621129 0.707842 0.521796 0.229303 0.220563 0.210468 0.202586 0.194672 0.176464 0.564539 0.292972 0.309513 0.257437 0.389759 0.396596 0.365486 0.465399 0.190888 0.187431 0.172777 0.223918 0.098148 0.162818 0.113659 0.113438 0.241454 0.214261 0.161690 0.155669 0.420257 0.245798 0.237622 0.283707 0.398527 0.456478 0.676410 0.541704 0.302906 0.255769 0.193566 0.310635 0.136268 0.176075 0.195650 0.252652 0.148620 0.201070 0.838549 0.807930 0.427156 0.346611 0.503518 0.609852 0.391999 0.785619 0.345909 0.486431 0.311623 0.409260 0.292189 0.264308 0.517467 0.654690 0.277322 0.352869 0.240915 0.251280 0.773424 0.551655 0.583848 0.392606 0.646011 0.402510 0.354504 0.429072 0.402783 0.989566
0.184037 0.172961 0.298347 0.232484 0.690989 0.479266 0.273774 0.184373 0.477589 0.339227 0.263121 0.120025 0.102865 0.000000 0.104093 0.122529 0.209144 0.210052 0.220534 0.241976 0.391867 0.743840 0.158278 0.202197 0.528446 0.505344 0.974994 0.862989 0.163453 0.173030 0.219906 0.291807 0.211808 0.230132 0.393817 0.596428 0.351106 0.399655 0.563046 0.649780 0.761697 0.531071 0.304011 0.289964 0.265814 0.270628 0.248778 0.225317 0.524769 0.345039 0.348008 0.306260 0.463841 0.483127 0.422396 0.535573 0.218383 0.215647 0.190956 0.265591 0.151127 0.211797 0.139734 0.124903 0.310488 0.300922 0.237555 0.211191 0.484536 0.285247 0.297407 0.345504 0.508518 0.553527 0.658685 0.585553 0.333187 0.299165 0.227587 0.354626 0.198416 0.258807 0.201697 0.316234 0.194680 0.255460 0.888675 0.836691 0.463095 0.387889 0.611566 0.708966 0.485260 0.883013 0.357580 0.494711 0.371842 0.389071 0.331167 0.309840 0.548302 0.737038 0.283374 0.403834 0.276686 0.280104 0.815212 0.573778 0.579287 0.396096 0.610037 0.462377 0.446075 0.462506 0.416142 0.975774
0.194392 0.214105 0.271922 0.210577 0.630071 0.453162 0.277659 0.187468 0.465937 0.355059 0.310081 0.148575 0.098299 0.104093 0.000000 0.105953 0.255157 0.256713 0.259854 0.278641 0.395702 0.733170 0.117031 0.184661 0.470994 0.453785 0.979164 0.894271 0.205950 0.205069 0.207709 0.296719 0.211766 0.250105 0.344363 0.622872 0.324117 0.408206 0.542438 0.642388 0.712894 0.578699 0.294131 0.292386 0.262321 0.261052 0.249947 0.217299 0.523041 0.313460 0.318303 0.267382 0.396240 0.426024 0.367556 0.452524 0.274502 0.261922 0.222931 0.262818 0.141434 0.188831 0.174400 0.157746 0.241253 0.258540 0.230044 0.220850 0.509621 0.306647 0.282015 0.354324 0.439432 0.528929 0.648992 0.598829 0.344647 0.307260 0.255416 0.387156 0.209701 0.251886 0.221349 0.320959 0.153380 0.214991 0.860918 0.759745 0.423655 0.315534 0.561770 0.661358 0.434853 0.863639 0.380837 0.517662 0.367550 0.428379 0.313219 0.301320 0.546788 0.721126 0.294458 0.416853 0.259854 0.259023 0.741396 0.540599 0.604778 0.445473 0.687000 0.461934 0.421256 0.498609 0.412060 0.958282
0.193153 0.209858 0.268034 0.205284 0.605939 0.392788 0.260468 0.190016 0.402730 0.358256 0.298913 0.151532 0.102036 0.122529 0.105953 0.000000 0.246157 0.252172 0.240150 0.280772 0.355423 0.782876 0.104670 0.166672 0.468039 0.475741 0.995550 0.866546 0.200055 0.208547 0.186256 0.281658 0.207121 0.246205 0.370399 0.605884 0.367481 0.413306 0.545477 0.644125 0.693838 0.552519 0.278429 0.283889 0.267725 0.258531 0.241967 0.218464 0.607997 0.325715 0.329820 0.272292 0.385101 0.382092 0.420378 0.471747 0.283822 0.274874 0.222517 0.270313 0.143536 0.209786 0.169110 0.160106 0.264456 0.258251 0.209459 0.224417 0.435425 0.293477 0.226500 0.279036 0.400792 0.500680 0.613147 0.574619 0.329902 0.285293 0.237467 0.349621 0.194581 0.239438 0.212709 0.300687 0.168543 0.208371 0.878229 0.825429 0.453124 0.386154 0.531602 0.629437 0.395547 0.823674 0.404975 0.491167 0.389637 0.440637 0.350515 0.334734 0.562608 0.660270 0.314833 0.428176 0.256694 0.280233 0.729090 0.628849 0.613837 0.484339 0.724563 0.497491 0.433744 0.446104 0.431257 0.961987
0.122268 0.148273 0.277872 0.223585 0.722590 0.460235 0.169472 0.140314 0.451509 0.240476 0.164709 0.140586 0.168552 0.209144 0.255157 0.246157 0.000000 0.102925 0.124317 0.146483 0.442655 0.673597 0.273723 0.362394 0.623461 0.539700 0.884038 0.904255 0.126222 0.119636 0.257643 0.226219 0.147450 0.125080 0.460063 0.507461 0.404883 0.533895 0.615286 0.562730 0.742597 0.439890 0.252320 0.191449 0.213647 0.223319 0.251951 0.224682 0.624591 0.363522 0.408939 0.341747 0.462059 0.450862 0.445396 0.534313 0.112568 0.140521 0.159853 0.249517 0.172802 0.261860 0.130151 0.132914 0.400856 0.303365 0.186943 0.181157 0.298977 0.193809 0.266927 0.244590 0.398286 0.419652 0.668228 0.505431 0.281029 0.241677 0.157046 0.208293 0.110304 0.156046 0.321823 0.243382 0.284978 0.358877 0.890260 0.907744 0.470785 0.498510 0.513057 0.605557 0.450375 0.718073 0.333663 0.481114 0.293504 0.352150 0.267378 0.221724 0.587517 0.602259 0.272923 0.263488 0.319353 0.291504 0.829498 0.620984 0.654336 0.363955 0.611800 0.342930 0.333376 0.378102 0.519600 0.927999
0.125410 0.138333 0.222032 0.180855 0.746253 0.431809 0.134616 0.123263 0.418219 0.240358 0.130629 0.130408 0.170916 0.210052 0.256713 0.252172 0.102925 0.000000 0.096254 0.110000 0.427430 0.678508 0.282016 0.353919 0.577024 0.476030 0.875939 0.867117 0.115538 0.103315 0.237756 0.221607 0.134313 0.121211 0.457629 0.565726 0.383179 0.527307 0.606557 0.540410 0.837768 0.447180 0.222876 0.168842 0.211271 0.204970 0.210500 0.196282 0.605743 0.371008 0.410347 0.353952 0.482438 0.450480 0.434836 0.519127 0.107001 0.118737 0.173442 0.251838 0.152614 0.258017 0.115842 0.123222 0.382454 0.279403 0.173964 0.171204 0.287954 0.212222 0.270790 0.265610 0.409913 0.403548 0.633864 0.534178 0.294241 0.229773 0.164424 0.215073 0.113622 0.126335 0.295859 0.214806 0.276910 0.338501 0.882860 0.917857 0.479273 0.469232 0.493711 0.590706 0.436508 0.706531 0.317529 0.439611 0.294360 0.398192 0.257247 0.225370 0.542236 0.585952 0.287949 0.243511 0.293808 0.312226 0.871950 0.636909 0.651468 0.376058 0.660303 0.344664 0.277377 0.402291 0.467473 0.957482
0.132555 0.142601 0.195032 0.158322 0.683206 0.439186 0.127247 0.147573 0.398880 0.301946 0.150718 0.163930 0.170703 0.220534 0.259854 0.240150 0.124317 0.096254 0.000000 0.116386 0.387659 0.662848 0.251945 0.300829 0.480931 0.436309 0.880869 0.880316 0.148102 0.118053 0.195770 0.222955 0.154833 0.125382 0.433842 0.539623 0.384889 0.530378 0.553277 0.577945 0.819604 0.451082 0.209168 0.162287 0.226128 0.217469 0.198428 0.201866 0.634065 0.340434 0.399130 0.348879 0.479840 0.403665 0.412530 0.539787 0.148881 0.162740 0.194088 0.274046 0.162423 0.290106 0.140513 0.161337 0.343130 0.275664 0.168085 0.176347 0.261665 0.216799 0.226273 0.232629 0.359381 0.362763 0.666167 0.504294 0.305974 0.256211 0.204839 0.191515 0.122324 0.129241 0.312162 0.238529 0.260058 0.310665 0.854438 0.864715 0.490884 0.499530 0.503493 0.607947 0.452639 0.701375 0.313427 0.482427 0.331864 0.413589 0.289588 0.277962 0.584362 0.605477 0.317634 0.283198 0.305622 0.332075 0.791292 0.655464 0.610552 0.409727 0.671185 0.360817 0.331721 0.444084 0.473350 0.931246
0.124903 0.145789 0.197902 0.175001 0.764839 0.490730 0.170009 0.156190 0.402841 0.310328 0.144080 0.150750 0.187681 0.241976 0.278641 0.280772 0.146483 0.110000 0.116386 0.000000 0.445964 0.707342 0.276552 0.323836 0.510894 0.413345 0.900205 0.896565 0.151490 0.120714 0.216325 0.210524 0.149802 0.137638 0.455403 0.595962 0.391758 0.532633 0.569688 0.572634 0.886671 0.524378 0.263660 0.212775 0.262652 0.238567 0.225961 0.205993 0.616538 0.342259 0.439295 0.370144 0.488658 0.487434 0.443838 0.518123 0.159523 0.148725 0.197554 0.245394 0.174713 0.253292 0.163567 0.170907 0.370936 0.276908 0.219849 0.186281 0.266617 0.210176 0.297963 0.325825 0.347481 0.363326 0.677537 0.532143 0.334431 0.278820 0.199393 0.228088 0.140836 0.130655 0.344502 0.253318 0.300808 0.351492 0.794730 0.907009 0.447310 0.467068 0.575326 0.690792 0.526662 0.804595 0.345682 0.516528 0.322904 0.467942 0.314017 0.280417 0.543484 0.661818 0.373770 0.320355 0.351993 0.343359 0.804743 0.652031 0.629661 0.397465 0.659853 0.387821 0.346081 0.485703 0.483041 0.923949
0.418158 0.409111 0.381262 0.342618 0.652605 0.521209 0.361863 0.383537 0.543049 0.542859 0.468793 0.405400 0.351367 0.391867 0.395702 0.355423 0.442655 0.427430 0.387659 0.445964 0.000000 0.775851 0.352841 0.357415 0.524468 0.528141 0.998792 0.887313 0.443538 0.449837 0.357203 0.513014 0.384759 0.378602 0.484412 0.725525 0.473091 0.510986 0.580197 0.665055 0.718503 0.691198 0.385849 0.361347 0.400380 0.398149 0.368859 0.379704 0.735350 0.451956 0.542990 0.484672 0.606894 0.507257 0.567945 0.668498 0.454139 0.436267 0.423851 0.443334 0.390151 0.461189 0.413513 0.409449 0.440356 0.444772 0.388397 0.389030 0.603134 0.516238 0.326005 0.361314 0.560266 0.574653 0.744988 0.687305 0.412831 0.365712 0.461971 0.479031 0.417853 0.406689 0.385958 0.444717 0.391506 0.448144 0.940158 0.922499 0.638571 0.532119 0.580325 0.686819 0.475779 0.769680 0.498251 0.614998 0.452074 0.576214 0.526781 0.483053 0.700961 0.644123 0.413273 0.466142 0.414219 0.444386 0.788616 0.613978 0.591722 0.671678 0.677095 0.645552 0.580222 0.641225 0.594344 0.922368
0.722266 0.760593 0.712237 0.674858 0.743835 0.954103 0.636388 0.715813 0.784667 0.764770 0.720189 0.726375 0.720115 0.743840 0.733170 0.782876 0.673597 0.678508 0.662848 0.707342 0.775851 0.000000 0.757858 0.791433 0.990659 0.824515 0.867657 0.776293 0.672177 0.709974 0.806171 0.656399 0.641587 0.688805 0.850786 0.872643 0.825939 0.876362 0.832137 0.782295 0.983967 0.932591 0.706368 0.646787 0.687323 0.696085 0.741757 0.755828 0.837501 0.797153 0.758962 0.786620 0.883503 0.734116 0.740471 0.818083 0.689864 0.736988 0.770543 0.790794 0.662744 0.762511 0.719077 0.734742 0.703277 0.669059 0.679681 0.614106 0.789309 0.803246 0.739200 0.737517 0.745153 0.680819 0.974187 0.754047 0.727457 0.739902 0.845641 0.667372 0.718045 0.689729 0.744163 0.760477 0.743676 0.699884 0.902356 0.849538 0.719848 0.768145 0.793100 0.850129 0.849245 0.825549 0.800659 0.866729 0.895544 0.812256 0.706284 0.643291 0.860258 0.873851 0.762591 0.678162 0.815335 0.716298 0.874919 0.796313 0.861360 0.806862 0.785042 0.738283 0.751324 0.682125 0.720633 0.915228
0.202730 0.223372 0.202591 0.157469 0.629255 0.449412 0.248034 0.203439 0.387754 0.391031 0.330078 0.191299 0.119426 0.158278 0.117031 0.104670 0.273723 0.282016 0.251945 0.276552 0.352841 0.757858 0.000000 0.135386 0.343874 0.354938 0.953470 0.915091 0.226664 0.240580 0.139583 0.244519 0.188406 0.247441 0.353204 0.589419 0.310290 0.415457 0.499618 0.661794 0.751041 0.559015 0.253821 0.266332 0.276248 0.262643 0.229239 0.227762 0.601846 0.312387 0.347615 0.273020 0.367489 0.398599 0.366983 0.453057 0.303164 0.295219 0.232996 0.262604 0.152377 0.203648 0.207519 0.204399 0.186255 0.219306 0.193833 0.198289 0.433802 0.286563 0.213098 0.300485 0.353579 0.443009 0.669821 0.597057 0.308535 0.316048 0.249369 0.345231 0.202099 0.234307 0.232431 0.278620 0.127119 0.153136 0.885607 0.763386 0.397391 0.323271 0.541058 0.659795 0.419052 0.836774 0.373296 0.514979 0.374311 0.448197 0.352131 0.340417 0.593396 0.703018 0.351311 0.428141 0.280190 0.271049 0.736490 0.607076 0.591294 0.488338 0.712773 0.496846 0.429398 0.511571 0.391383 0.955225
0.270025 0.291407 0.228548 0.210260 0.638570 0.488504 0.305549 0.280672 0.488019 0.490025 0.353066 0.266032 0.172343 0.202197 0.184661 0.166672 0.362394 0.353919 0.300829 0.323836 0.357415 0.791433 0.135386 0.000000 0.322645 0.321229 0.984171 0.888648 0.284338 0.292451 0.166070 0.284455 0.272597 0.309373 0.394718 0.675869 0.406617 0.497715 0.499086 0.718597 0.788048 0.658253 0.324981 0.339890 0.357798 0.323977 0.282014 0.302300 0.642562 0.374890 0.413060 0.372208 0.418511 0.457574 0.377266 0.536146 0.408729 0.384374 0.314571 0.352427 0.213002 0.286584 0.268772 0.294921 0.244207 0.252583 0.266109 0.259781 0.512310 0.366784 0.289168 0.366028 0.413011 0.462516 0.727502 0.642806 0.403245 0.399066 0.331814 0.365317 0.263623 0.282956 0.246446 0.315571 0.196292 0.175020 0.781657 0.648893 0.453815 0.386056 0.637877 0.762287 0.527829 0.903309 0.435503 0.628397 0.459448 0.537405 0.502739 0.455322 0.598629 0.748593 0.489260 0.535596 0.372172 0.414284 0.822035 0.675179 0.563515 0.547974 0.787071 0.603884 0.515113 0.603990 0.442589 0.976948
0.487723 0.503013 0.328021 0.359781 0.851489 0.717534 0.527484 0.541959 0.661855 0.788163 0.593805 0.551394 0.474312 0.528446 0.470994 0.468039 0.623461 0.577024 0.480931 0.510894 0.524468 0.990659 0.343874 0.322645 0.000000 0.252038 0.884379 0.872206 0.570924 0.545596 0.303533 0.471883 0.475766 0.563999 0.498139 0.782276 0.465037 0.684576 0.491474 0.806758 0.893996 0.768494 0.504837 0.523299 0.617395 0.553615 0.443308 0.514226 0.783421 0.529584 0.643395 0.548587 0.552929 0.650701 0.451799 0.620260 0.648597 0.573074 0.545476 0.492707 0.488294 0.512890 0.572100 0.570962 0.354766 0.452492 0.510393 0.494355 0.534258 0.535736 0.489561 0.534805 0.475922 0.538844 0.735970 0.842712 0.560492 0.647705 0.520943 0.505820 0.501860 0.472347 0.561919 0.522088 0.374134 0.329560 0.961531 0.793929 0.613395 0.460838 0.801833 0.914649 0.713865 0.994987 0.558982 0.788428 0.605955 0.721031 0.704309 0.692365 0.938022 0.919822 0.761440 0.713573 0.531001 0.618158 0.753894 0.919665 0.704639 0.654644 0.985851 0.725903 0.682644 0.885603 0.625140 0.959331
0.442807 0.486538 0.279821 0.295660 0.851096 0.643383 0.428725 0.459459 0.545594 0.604216 0.464576 0.487480 0.451844 0.505344 0.453785 0.475741 0.539700 0.476030 0.436309 0.413345 0.528141 0.824515 0.354938 0.321229 0.252038 0.000000 0.908843 0.826801 0.465156 0.457069 0.292135 0.359140 0.379264 0.423399 0.438821 0.761719 0.396166 0.697718 0.512528 0.619816 0.937656 0.729348 0.416854 0.415631 0.501824 0.440368 0.395912 0.449998 0.687407 0.486661 0.560372 0.497033 0.487229 0.592223 0.486394 0.515743 0.553637 0.519636 0.462946 0.476727 0.408766 0.452856 0.501520 0.517529 0.297080 0.331206 0.414002 0.388585 0.488985 0.484265 0.473849 0.474206 0.378722 0.430051 0.770970 0.742452 0.441325 0.512690 0.506339 0.434342 0.431850 0.399964 0.548772 0.412545 0.378794 0.341326 0.836434 0.760190 0.458479 0.455082 0.672925 0.797887 0.632466 0.878219 0.517665 0.705270 0.548440 0.666422 0.537186 0.510229 0.731208 0.806919 0.640177 0.526335 0.522276 0.613865 0.795356 0.745932 0.762196 0.713553 0.943487 0.630254 0.549282 0.830007 0.500608 0.999511
0.898442 0.870064 0.948472 0.919275 0.747304 0.900670 0.905216 0.868980 0.930406 0.939985 0.956647 0.918115 0.922160 0.974994 0.979164 0.995550 0.884038 0.875939 0.880869 0.900205 0.998792 0.867657 0.953470 0.984171 0.884379 0.908843 0.000000 0.962807 0.903437 0.881760 0.965429 0.948684 0.908575 0.854351 0.995455 0.924314 0.978153 0.874705 0.812779 0.966356 0.904810 0.990020 0.948048 0.946392 0.895025 0.903256 0.969155 0.941577 0.870443 0.897610 0.888981 0.921007 0.959642 0.873675 0.848536 0.864040 0.871837 0.856484 0.910260 0.890012 0.882536 0.845494 0.891953 0.882005 0.940919 0.891304 0.941681 0.922891 0.930987 0.871483 0.958273 0.953294 0.930132 0.939765 0.950433 0.768323 0.981231 0.993243 0.995546 0.965493 0.914481 0.858951 0.943818 0.874643 0.940307 0.950375 0.849077 0.986162 0.911522 0.965727 0.923232 0.905794 0.997680 0.891004 0.988230 0.927912 0.970246 0.932396 0.904751 0.876666 0.969680 0.968364 0.921817 0.825259 0.825725 0.900854 0.948031 0.980921 0.934092 0.771007 0.977336 0.798900 0.810360 0.901370 0.951805 0.816340
0.924440 0.908306 0.889648 0.886469 0.871288 0.837919 0.860569 0.874547 0.910295 0.898213 0.868547 0.863863 0.909533 0.862989 0.894271 0.866546 0.904255 0.867117 0.880316 0.896565 0.887313 0.776293 0.915091 0.888648 0.872206 0.826801 0.962807 0.000000 0.869370 0.907676 0.944540 0.893460 0.824671 0.940498 0.966941 0.970311 0.909598 0.944598 0.977397 0.830631 0.886813 0.951804 0.869052 0.835943 0.969013 0.924988 0.846830 0.933351 0.976050 0.926546 0.988105 0.971225 0.947631 0.980864 0.953943 0.945611 0.874427 0.891103 0.929916 0.962787 0.890857 0.927710 0.857120 0.850746 0.937956 0.891844 0.903864 0.873798 0.894295 0.976215 0.890744 0.849757 0.883094 0.983020 0.949908 0.901176 0.792728 0.847967 0.950119 0.909457 0.906798 0.910651 0.974387 0.960712 0.929497 0.901967 0.977975 0.853737 0.953394 0.950409 0.824604 0.878619 0.884698 0.872721 0.952552 0.943787 0.930548 0.826867 0.915108 0.816552 0.976533 0.880594 0.968193 0.849437 0.835714 0.984544 0.889469 0.975062 0.890253 0.950848 0.901415 0.843217 0.913172 0.944959 0.813927 0.972846
0.147284 0.140048 0.264135 0.205039 0.690040 0.438209 0.199495 0.152099 0.439189 0.281988 0.193111 0.122321 0.144902 0.163453 0.205950 0.200055 0.126222 0.115538 0.148102 0.151490 0.443538 0.672177 0.226664 0.284338 0.570924 0.465156 0.903437 0.869370 0.000000 0.105656 0.210232 0.231989 0.148575 0.147641 0.415561 0.585592 0.364944 0.538231 0.583644 0.572919 0.795413 0.484513 0.273711 0.217689 0.229060 0.225673 0.216561 0.196373 0.554630 0.350620 0.385609 0.323412 0.448340 0.461387 0.389351 0.463396 0.147578 0.164631 0.171619 0.237453 0.141263 0.228565 0.111197 0.118363 0.359116 0.275802 0.191749 0.178723 0.318087 0.207069 0.285977 0.294704 0.401289 0.424955 0.646670 0.550892 0.304814 0.265293 0.178043 0.230744 0.121221 0.155819 0.281026 0.208262 0.230681 0.302559 0.838525 0.893843 0.458705 0.402411 0.576578 0.674394 0.487340 0.833540 0.338102 0.517714 0.334431 0.399265 0.298577 0.242687 0.552828 0.677254 0.302635 0.299825 0.308268 0.285250 0.831490 0.659692 0.617229 0.395793 0.619366 0.398389 0.333325 0.378914 0.427996 0.944433
0.123756 0.147579 0.233153 0.184287 0.723321 0.445293 0.185928 0.142276 0.428095 0.261566 0.147043 0.107617 0.147173 0.173030 0.205069 0.208547 0.119636 0.103315 0.118053 0.120714 0.449837 0.709974 0.240580 0.292451 0.545596 0.457069 0.881760 0.907676 0.105656 0.000000 0.202123 0.217270 0.152843 0.119149 0.417314 0.574690 0.362421 0.513404 0.570803 0.596818 0.836403 0.531499 0.308707 0.235997 0.261408 0.248831 0.244018 0.219768 0.627218 0.354533 0.421947 0.346858 0.453866 0.445730 0.389704 0.502746 0.162210 0.161352 0.201864 0.268139 0.150403 0.242427 0.123455 0.123119 0.368096 0.291482 0.211167 0.205697 0.288891 0.194886 0.277297 0.295854 0.378933 0.391613 0.577728 0.512913 0.351919 0.259187 0.175681 0.214934 0.115695 0.131933 0.288076 0.207725 0.268516 0.323761 0.787827 0.832853 0.462418 0.452364 0.564512 0.671151 0.494320 0.799172 0.338699 0.524669 0.347076 0.427547 0.306489 0.281732 0.557196 0.635826 0.299521 0.303758 0.345445 0.319602 0.780543 0.658259 0.682316 0.392138 0.677512 0.430923 0.356434 0.445868 0.488764 0.990180
0.195990 0.214961 0.163917 0.149033 0.740618 0.445958 0.212951 0.221004 0.423514 0.402514 0.239707 0.212692 0.171203 0.219906 0.207709 0.186256 0.257643 0.237756 0.195770 0.216325 0.357203 0.806171 0.139583 0.166070 0.303533 0.292135 0.965429 0.944540 0.210232 0.202123 0.000000 0.186792 0.184639 0.199425 0.376049 0.628367 0.310924 0.507319 0.490948 0.711162 0.766638 0.598341 0.273991 0.238557 0.304146 0.274879 0.238695 0.239759 0.675173 0.358662 0.436884 0.355522 0.421005 0.444192 0.361572 0.502592 0.296746 0.280085 0.251900 0.282369 0.172597 0.259439 0.230373 0.245075 0.231147 0.209653 0.198356 0.199984 0.295965 0.257878 0.247704 0.283622 0.299106 0.335700 0.617655 0.668119 0.342591 0.288354 0.247620 0.279188 0.189471 0.183622 0.281455 0.232926 0.202010 0.203200 0.862116 0.755304 0.436942 0.400356 0.617933 0.745123 0.508479 0.863050 0.376912 0.606846 0.366815 0.534896 0.426328 0.395657 0.622680 0.651252 0.422147 0.427064 0.372700 0.359512 0.772104 0.740959 0.612409 0.467804 0.811142 0.503853 0.433997 0.494475 0.467779 0.962879
0.242658 0.276537 0.245265 0.213718 0.852678 0.514545 0.227586 0.252800 0.441101 0.365945 0.240839 0.255382 0.251461 0.291807 0.296719 0.281658 0.226219 0.221607 0.222955 0.210524 0.513014 0.656399 0.244519 0.284455 0.471883 0.359140 0.948684 0.893460 0.231989 0.217270 0.186792 0.000000 0.201273 0.204486 0.508145 0.698711 0.394731 0.612360 0.510147 0.657204 0.851546 0.602584 0.301665 0.234937 0.331635 0.334183 0.319361 0.295009 0.752825 0.479400 0.535984 0.479035 0.500011 0.553414 0.470988 0.614003 0.265929 0.294164 0.287336 0.372801 0.243267 0.366729 0.262477 0.287513 0.349730 0.293025 0.242687 0.231375 0.328451 0.325752 0.324700 0.320726 0.375742 0.391317 0.630084 0.650563 0.366739 0.322606 0.268983 0.247316 0.224780 0.230130 0.374976 0.272518 0.328092 0.299995 0.887198 0.804629 0.441967 0.503186 0.615311 0.775010 0.575089 0.840585 0.434251 0.623410 0.431024 0.532628 0.412363 0.373541 0.629073 0.657052 0.490393 0.378032 0.454726 0.376978 0.924225 0.811070 0.726922 0.509875 0.748027 0.465354 0.447651 0.511472 0.476242 0.942655
0.138910 0.167572 0.173628 0.135845 0.685437 0.446258 0.145331 0.125940 0.371795 0.236436 0.201974 0.149344 0.154289 0.211808 0.211766 0.207121 0.147450 0.134313 0.154833 0.149802 0.384759 0.641587 0.188406 0.272597 0.475766 0.379264 0.908575 0.824671 0.148575 0.152843 0.184639 0.201273 0.000000 0.151335 0.390160 0.547712 0.368268 0.486601 0.561669 0.574324 0.844326 0.516754 0.206697 0.178525 0.226190 0.209861 0.215594 0.219318 0.587146 0.354440 0.386902 0.332112 0.446703 0.423590 0.392498 0.446640 0.170106 0.171493 0.176834 0.249942 0.139286 0.213275 0.158920 0.155264 0.278793 0.218338 0.164617 0.140443 0.281363 0.204669 0.214443 0.251235 0.323522 0.379759 0.655766 0.557249 0.276868 0.212377 0.164527 0.232127 0.120829 0.138376 0.291948 0.232222 0.215228 0.247934 0.875914 0.881242 0.423847 0.393677 0.461340 0.558361 0.397887 0.709882 0.341971 0.443359 0.280668 0.383905 0.250632 0.208456 0.558723 0.544588 0.327113 0.243206 0.293234 0.293643 0.810292 0.591906 0.613426 0.374731 0.662663 0.369800 0.314207 0.420467 0.452292 0.978435
0.132655 0.168285 0.212862 0.155279 0.682506 0.446457 0.136184 0.127168 0.381194 0.238644 0.169099 0.163081 0.170000 0.230132 0.250105 0.246205 0.125080 0.121211 0.125382 0.137638 0.378602 0.688805 0.247441 0.309373 0.563999 0.423399 0.854351 0.940498 0.147641 0.119149 0.199425 0.204486 0.151335 0.000000 0.405416 0.579950 0.330235 0.477888 0.565681 0.589375 0.823398 0.502896 0.231756 0.164005 0.203371 0.201396 0.210765 0.227089 0.630377 0.335118 0.400284 0.333566 0.458763 0.434834 0.443263 0.504336 0.149201 0.163187 0.186342 0.266609 0.141807 0.231345 0.154060 0.153525 0.312380 0.220363 0.154415 0.153723 0.310889 0.206174 0.265670 0.254386 0.325172 0.377281 0.605674 0.495168 0.306489 0.212894 0.197573 0.210292 0.134121 0.134393 0.309091 0.207113 0.251202 0.305663 0.852096 0.810955 0.449496 0.441730 0.495520 0.608065 0.438412 0.683474 0.328672 0.463888 0.334565 0.416939 0.251110 0.232445 0.518089 0.559664 0.272312 0.242326 0.324877 0.329028 0.772457 0.598243 0.644441 0.463348 0.676278 0.343242 0.321391 0.430284 0.459431 0.899669
0.364793 0.427154 0.421383 0.346829 0.762707 0.477584 0.454794 0.386762 0.555549 0.439029 0.529168 0.378632 0.373862 0.393817 0.344363 0.370399 0.460063 0.457629 0.433842 0.455403 0.484412 0.850786 0.353204 0.394718 0.498139 0.438821 0.995455 0.966941 0.415561 0.417314 0.376049 0.508145 0.390160 0.405416 0.000000 0.642514 0.415972 0.559865 0.669777 0.838667 0.749886 0.584139 0.429155 0.469954 0.418343 0.373798 0.423992 0.431608 0.528729 0.345598 0.441884 0.348385 0.460367 0.517752 0.426713 0.470011 0.541123 0.451292 0.396100 0.351929 0.360470 0.347702 0.419447 0.397920 0.371323 0.373908 0.419245 0.395447 0.517656 0.362708 0.471988 0.473438 0.415204 0.526756 0.607328 0.641161 0.465476 0.445689 0.392717 0.488518 0.372194 0.362124 0.520539 0.426747 0.306668 0.378297 0.974019 0.810819 0.555048 0.429861 0.636844 0.717054 0.544108 0.804788 0.558832 0.632824 0.460808 0.617076 0.432608 0.431007 0.673632 0.785188 0.479506 0.557660 0.408050 0.471154 0.726078 0.641614 0.643523 0.678828 0.701282 0.483482 0.545434 0.721280 0.582468 0.924709
0.520499 0.523068 0.639495 0.593235 0.852924 0.745961 0.592646 0.550886 0.668346 0.635617 0.605958 0.555601 0.551358 0.596428 0.622872 0.605884 0.507461 0.565726 0.539623 0.595962 0.725525 0.872643 0.589419 0.675869 0.782276 0.761719 0.924314 0.970311 0.585592 0.574690 0.628367 0.698711 0.547712 0.579950 0.642514 0.000000 0.646848 0.533103 0.900591 0.757820 0.771054 0.603309 0.573275 0.587513 0.593367 0.586042 0.647371 0.559348 0.736489 0.628375 0.631311 0.559023 0.642865 0.617253 0.762779 0.674488 0.542338 0.532847 0.534270 0.580544 0.591783 0.628882 0.519375 0.538653 0.684742 0.695592 0.574051 0.567672 0.679906 0.525271 0.605643 0.583252 0.736650 0.760853 0.931893 0.703945 0.635242 0.644535 0.529085 0.630689 0.507255 0.574601 0.644968 0.579392 0.588351 0.645630 0.977065 0.972367 0.703430 0.690008 0.713603 0.659382 0.688074 0.744054 0.520246 0.689850 0.618983 0.536002 0.601248 0.626297 0.794089 0.708843 0.556245 0.554502 0.687653 0.660564 0.830000 0.722925 0.702674 0.635444 0.712595 0.631643 0.617129 0.721102 0.631413 0.954295
0.347453 0.331537 0.341904 0.305581 0.875864 0.607091 0.401990 0.349022 0.489894 0.479890 0.465703 0.365370 0.326735 0.351106 0.324117 0.367481 0.404883 0.383179 0.384889 0.391758 0.473091 0.825939 0.310290 0.406617 0.465037 0.396166 0.978153 0.909598 0.364944 0.362421 0.310924 0.394731 0.368268 0.330235 0.415972 0.646848 0.000000 0.428838 0.456075 0.670539 0.878072 0.500813 0.397214 0.358846 0.336165 0.359121 0.368552 0.295765 0.493946 0.370088 0.421746 0.346688 0.458502 0.553519 0.529928 0.459410 0.389148 0.344261 0.323303 0.346593 0.317903 0.332126 0.388925 0.342378 0.302421 0.372067 0.365472 0.321112 0.525498 0.392754 0.489410 0.451489 0.553729 0.546320 0.619033 0.669282 0.434286 0.417310 0.391197 0.458133 0.374339 0.372533 0.490583 0.381775 0.279941 0.318298 0.918538 0.790211 0.434566 0.335865 0.640207 0.736624 0.529000 0.819425 0.406528 0.527082 0.437273 0.499276 0.365387 0.403997 0.564950 0.734523 0.330126 0.424701 0.381392 0.363744 0.754694 0.582990 0.747018 0.582127 0.818329 0.509701 0.549695 0.684625 0.536355 0.890598
0.446694 0.498435 0.520150 0.464133 0.837169 0.820799 0.548456 0.448077 0.550571 0.529133 0.598962 0.424068 0.404684 0.399655 0.408206 0.413306 0.533895 0.527307 0.530378 0.532633 0.510986 0.876362 0.415457 0.497715 0.684576 0.697718 0.874705 0.944598 0.538231 0.513404 0.507319 0.612360 0.486601 0.477888 0.559865 0.533103 0.428838 0.000000 0.629595 0.774539 0.820672 0.675533 0.517246 0.550670 0.514318 0.504185 0.552077 0.468976 0.594897 0.465242 0.490325 0.468842 0.682765 0.618012 0.682244 0.625070 0.516221 0.496357 0.495113 0.493350 0.433031 0.428053 0.460295 0.419530 0.443052 0.513331 0.523683 0.495105 0.776978 0.577790 0.589053 0.653720 0.663074 0.727321 0.796825 0.739974 0.555730 0.550058 0.539817 0.635315 0.535827 0.568663 0.519176 0.586499 0.427715 0.508380 0.860021 0.951505 0.619236 0.542133 0.632816 0.656043 0.561546 0.826812 0.510339 0.487717 0.610467 0.599991 0.462202 0.543528 0.613057 0.712976 0.406671 0.532056 0.484062 0.492435 0.761951 0.618638 0.643556 0.498576 0.826313 0.703976 0.650429 0.704598 0.486405 0.977707
