0.000000 0.297220 0.731616 0.715901 0.846256 0.593217 0.417397 0.441025 0.585066 0.543174 0.373291 0.315209 0.387361 0.421000 0.600551 0.723409 0.406533 0.393273 0.396001 0.457637 0.859897 0.981347 0.895558 0.934771 0.768461 0.905590 0.681407 0.839848 0.476366 0.526207 0.968938 0.986886 0.473986 0.425221 0.753724 0.878327 0.954771 0.941961 0.803376 0.977657 0.926599 0.738376 0.554721 0.552916 0.589970 0.547612 0.469543 0.471052 0.708502 0.646599 0.620021 0.512637 0.752279 0.884457 0.654268 0.553947 0.344736 0.306527 0.216794 0.267324 0.255146 0.366867 0.372090 0.347701 0.829547 0.695094 0.615263 0.567142 0.693448 0.695639 0.695778 0.837386 0.911173 0.921723 0.970220 0.980170 0.541475 0.803643 0.546075 0.827458 0.426872 0.630539 0.854029 0.647506 0.690306 0.821000 0.964396 0.939121 0.616186 0.545816 0.740270 0.663085 0.810847 0.798554 0.978762 0.810364 0.615694 0.848152 0.439875 0.398697 0.672702 0.712820 0.556936 0.641743 0.519464 0.469037 0.812352 0.589152 0.682671 0.687756 0.636645 0.642554 0.494823 0.852575 0.646659 0.879641
0.297220 0.000000 0.573085 0.502543 0.952319 0.632444 0.367617 0.374288 0.688318 0.716575 0.563958 0.442054 0.605890 0.423740 0.804559 0.814096 0.536322 0.522362 0.379570 0.352341 0.874602 0.883813 0.730147 0.792976 0.945465 0.839657 0.776347 0.847694 0.654993 0.593983 0.709790 0.685891 0.342730 0.320405 0.658973 0.931225 0.822400 0.879445 0.984250 0.878273 0.839284 0.798019 0.383708 0.392894 0.561334 0.551272 0.431899 0.376069 0.857957 0.642716 0.555982 0.468516 0.699824 0.808954 0.643925 0.537791 0.352429 0.332967 0.330705 0.273817 0.309175 0.309238 0.562324 0.515719 0.704881 0.493005 0.446052 0.383828 0.702501 0.625637 0.588964 0.659010 0.683902 0.751584 0.890264 0.916291 0.582508 0.672383 0.675364 0.774962 0.473329 0.628207 0.729049 0.700045 0.633440 0.596817 0.960785 0.965793 0.652612 0.466080 0.706772 0.828183 0.749555 0.885060 0.961101 0.801475 0.576477 0.876922 0.499412 0.510752 0.631123 0.727986 0.613895 0.773121 0.420017 0.402311 0.832112 0.599564 0.718591 0.672811 0.628510 0.689398 0.594088 0.771235 0.568601 0.976248
0.731616 0.573085 0.000000 0.215060 0.896818 0.793939 0.460114 0.574284 0.703860 0.997524 0.876089 0.922441 0.882735 0.863776 0.819612 0.694779 0.991942 0.987662 0.556687 0.510211 0.464793 0.715315 0.312799 0.428584 0.395351 0.310487 0.934148 0.789834 0.895729 0.982256 0.375308 0.601447 0.432779 0.470572 0.423259 0.676415 0.405994 0.660374 0.786323 0.677747 0.752870 0.987288 0.445698 0.648673 0.859957 0.973033 0.525026 0.525925 0.718707 0.977340 0.795157 0.881846 0.913501 0.882271 0.729021 0.843491 0.880249 0.845980 0.783800 0.724049 0.679855 0.630494 0.863499 0.908253 0.243677 0.297657 0.303315 0.359274 0.646673 0.716935 0.373537 0.452173 0.559833 0.661041 0.895475 0.869342 0.607861 0.511921 0.933711 0.799536 0.904958 0.755952 0.848588 0.978583 0.528620 0.452521 0.984362 0.752537 0.600706 0.698450 0.577772 0.721371 0.553636 0.602668 0.726939 0.717395 0.624243 0.902686 0.725538 0.678924 0.739818 0.910348 0.856324 0.984357 0.619611 0.528494 0.766117 0.759726 0.749859 0.818148 0.609186 0.839363 0.875024 0.846851 0.829305 0.933399
0.715901 0.502543 0.215060 0.000000 0.946234 0.730779 0.415488 0.483495 0.747214 0.994672 0.890078 0.827083 0.968176 0.785796 0.956601 0.752480 0.982675 0.995680 0.546294 0.444485 0.464012 0.765138 0.366058 0.395053 0.434196 0.325198 0.993232 0.849107 0.856996 0.974864 0.387008 0.553685 0.439207 0.436357 0.462420 0.647511 0.485587 0.621737 0.732656 0.742174 0.699905 0.970406 0.370226 0.547427 0.794664 0.909747 0.418214 0.461792 0.736537 0.954568 0.700225 0.773094 0.837076 0.787980 0.735130 0.785792 0.836362 0.836613 0.732193 0.643577 0.660480 0.523193 0.860094 0.916013 0.318569 0.218282 0.254432 0.264797 0.697497 0.742347 0.323203 0.377042 0.495252 0.608355 0.762551 0.799162 0.560736 0.475300 0.870037 0.762366 0.924949 0.821001 0.835715 0.973754 0.580367 0.445700 0.966729 0.819852 0.653553 0.696613 0.515374 0.717269 0.495204 0.631469 0.740150 0.640246 0.540986 0.836205 0.646168 0.639988 0.637390 0.840662 0.803754 0.953463 0.514323 0.508903 0.749154 0.706500 0.696187 0.758151 0.612373 0.783455 0.853768 0.815700 0.700656 0.851879
0.846256 0.952319 0.896818 0.946234 0.000000 0.984095 0.928514 0.959303 0.689002 0.741847 0.822342 0.858435 0.551197 0.814640 0.626938 0.647918 0.820301 0.846898 0.742424 0.993725 0.912131 0.898450 0.800799 0.932480 0.905116 0.876491 0.872381 0.991974 0.772739 0.786169 0.897195 0.795629 0.891613 0.924027 0.909075 0.840247 0.985111 0.845365 0.906822 0.684994 0.852554 0.926604 0.991598 0.975642 0.893624 0.895154 0.997446 0.999596 0.712924 0.974180 0.925460 0.940820 0.972779 0.854929 0.818446 0.997041 0.906432 0.764129 0.846889 0.986628 0.746460 0.919144 0.693689 0.747665 0.783927 0.950670 0.964294 0.915425 0.997530 0.917979 0.990144 0.790601 0.766840 0.805709 0.872242 0.875384 0.983867 0.920049 0.934467 0.892752 0.795651 0.869266 0.921910 0.739031 0.692333 0.977000 0.872703 0.879759 0.779167 0.859901 0.903137 0.939204 0.872548 0.920264 0.963111 0.946383 0.802664 0.834586 0.971744 0.937293 0.808603 0.928252 0.968186 0.925097 0.938745 0.883509 0.945149 0.879776 0.960114 0.836347 0.908313 0.877513 0.847194 0.957927 0.761297 0.891421
0.593217 0.632444 0.793939 0.730779 0.984095 0.000000 0.498939 0.445131 0.600132 0.544279 0.660332 0.589435 0.795448 0.761027 0.968810 0.883251 0.795337 0.789778 0.720622 0.657306 0.929753 0.852760 0.953156 0.903121 0.850726 0.987439 0.550771 0.974823 0.745031 0.830783 0.902960 0.981462 0.595605 0.600636 0.793866 0.980018 0.997070 0.925417 0.860384 0.998476 0.768048 0.944168 0.652507 0.617425 0.698461 0.706971 0.688945 0.705847 0.922545 0.760347 0.694513 0.656766 0.726420 0.761429 0.788212 0.734907 0.798554 0.763211 0.587311 0.469299 0.505851 0.444688 0.759420 0.716954 0.962498 0.686553 0.608119 0.546759 0.878907 0.597542 0.710220 0.692192 0.814587 0.876541 0.822698 0.873940 0.734326 0.767498 0.972058 0.908610 0.863041 0.980669 0.848672 0.989065 0.995263 0.967118 0.910214 0.821646 0.870738 0.908154 0.597778 0.618848 0.591031 0.677680 0.979970 0.729065 0.716828 0.712928 0.517372 0.573471 0.565116 0.636333 0.749081 0.662651 0.613532 0.679455 0.764157 0.711738 0.827501 0.803551 0.615741 0.656079 0.604860 0.820813 0.561903 0.820337
0.417397 0.367617 0.460114 0.415488 0.928514 0.498939 0.000000 0.183759 0.362821 0.439292 0.612647 0.416059 0.680190 0.575095 0.873823 0.764321 0.625982 0.632445 0.433214 0.413097 0.871852 0.804299 0.683573 0.906630 0.970779 0.786871 0.584996 0.892737 0.604726 0.586688 0.641285 0.789527 0.385759 0.261391 0.463067 0.887195 0.794206 0.905533 0.957644 0.916065 0.717383 0.831450 0.278274 0.328532 0.386688 0.445731 0.491142 0.390175 0.785525 0.545059 0.378174 0.378488 0.429823 0.470924 0.621547 0.629410 0.666340 0.604282 0.386614 0.391554 0.323591 0.283028 0.652267 0.544248 0.701081 0.481664 0.239207 0.261970 0.827818 0.678457 0.328996 0.458552 0.548941 0.646743 0.882636 0.915494 0.372411 0.553507 0.804168 0.923248 0.692317 0.855790 0.953913 0.961213 0.863853 0.851718 0.874390 0.679539 0.709416 0.741470 0.316201 0.402144 0.361590 0.462321 0.734203 0.684423 0.390373 0.693786 0.254051 0.297348 0.404689 0.525029 0.465977 0.620466 0.347163 0.353163 0.611573 0.503529 0.571246 0.594109 0.438304 0.537565 0.503679 0.641178 0.539309 0.843561
0.441025 0.374288 0.574284 0.483495 0.959303 0.445131 0.183759 0.000000 0.429519 0.423826 0.596941 0.362476 0.704369 0.524442 0.974398 0.859211 0.693152 0.696329 0.529609 0.428008 0.912636 0.853157 0.789128 0.960841 0.939023 0.844985 0.509170 0.826023 0.600300 0.622967 0.674457 0.759303 0.432474 0.308775 0.548516 0.941573 0.931245 0.936437 0.922338 0.963176 0.705144 0.834299 0.278771 0.325087 0.428789 0.447820 0.503502 0.443483 0.809247 0.545910 0.422611 0.381544 0.462547 0.488163 0.705513 0.612644 0.657955 0.635612 0.409371 0.350667 0.303913 0.200874 0.659265 0.540231 0.800127 0.462526 0.288709 0.266555 0.887086 0.673831 0.410949 0.461762 0.574871 0.635868 0.861865 0.867866 0.450378 0.624176 0.882887 0.919959 0.753735 0.942571 0.989072 0.966879 0.932862 0.903673 0.966007 0.689889 0.759849 0.776335 0.330011 0.468737 0.386090 0.530316 0.765790 0.707157 0.449340 0.668155 0.279908 0.315037 0.369431 0.484966 0.499951 0.657243 0.330795 0.365074 0.560926 0.535475 0.606474 0.572379 0.455907 0.519238 0.460689 0.662481 0.472167 0.829322
0.585066 0.688318 0.703860 0.747214 0.689002 0.600132 0.362821 0.429519 0.000000 0.375136 0.513654 0.522171 0.634076 0.749161 0.774000 0.724179 0.704862 0.705559 0.663231 0.692997 0.918967 0.896642 0.836196 0.829148 0.815782 0.984884 0.663260 0.807822 0.539125 0.637836 0.915036 0.935243 0.631547 0.504760 0.631157 0.971099 0.898667 0.945816 0.868775 0.913234 0.736396 0.870382 0.609182 0.614356 0.546009 0.604752 0.833868 0.749713 0.687674 0.766472 0.637939 0.662464 0.567237 0.671281 0.635687 0.816612 0.902061 0.750377 0.553127 0.656953 0.465183 0.489007 0.651408 0.572765 0.852228 0.789713 0.531436 0.600811 0.880778 0.702052 0.530844 0.705216 0.798338 0.852576 0.915388 0.961860 0.566171 0.805865 0.784909 0.914446 0.787879 0.936002 0.938844 0.891120 0.941300 0.935805 0.869790 0.758484 0.653097 0.947097 0.480141 0.381249 0.502203 0.432216 0.752375 0.894363 0.654310 0.749792 0.398160 0.440839 0.592376 0.674618 0.590147 0.772764 0.606213 0.590864 0.704852 0.566592 0.708549 0.796816 0.600120 0.662404 0.593489 0.736046 0.750434 0.943215
0.543174 0.716575 0.997524 0.994672 0.741847 0.544279 0.439292 0.423826 0.375136 0.000000 0.372732 0.374193 0.615304 0.699759 0.825022 0.860546 0.526117 0.511241 0.671404 0.731860 0.689997 0.994521 0.817071 0.509207 0.528067 0.683026 0.507103 0.766298 0.339276 0.439548 0.847998 0.806013 0.768768 0.604391 0.817371 0.817361 0.787223 0.853401 0.721928 0.990253 0.936135 0.793347 0.689956 0.572013 0.413883 0.399454 0.818716 0.760000 0.427383 0.532994 0.524612 0.493560 0.497840 0.599233 0.770335 0.664102 0.808334 0.715745 0.467086 0.611925 0.469297 0.488778 0.447731 0.349997 0.823626 0.973295 0.701364 0.757372 0.980835 0.853237 0.656565 0.819585 0.901475 0.874296 0.977110 0.940269 0.566339 0.892634 0.802988 0.926037 0.646314 0.934337 0.922696 0.862166 0.824915 0.664848 0.802096 0.722199 0.859659 0.983511 0.515035 0.421911 0.592248 0.553554 0.871292 0.844475 0.676562 0.719794 0.346212 0.418597 0.595285 0.557875 0.454565 0.605272 0.621921 0.658712 0.720209 0.695760 0.787160 0.731301 0.608368 0.630633 0.399497 0.711800 0.705162 0.899915
0.373291 0.563958 0.876089 0.890078 0.822342 0.660332 0.612647 0.596941 0.513654 0.372732 0.000000 0.318344 0.430876 0.518150 0.710665 0.853658 0.399375 0.401570 0.652006 0.687362 0.618008 0.859178 0.729686 0.529310 0.455492 0.573356 0.632357 0.661251 0.327250 0.419925 0.693920 0.760497 0.769871 0.649320 0.975276 0.725348 0.782143 0.825680 0.790115 0.994396 0.973326 0.702030 0.846960 0.707623 0.630804 0.568158 0.767672 0.800791 0.534043 0.671848 0.720845 0.635683 0.776469 0.934118 0.726090 0.708942 0.559022 0.470117 0.370392 0.492048 0.404772 0.510287 0.300946 0.273496 0.795373 0.933083 0.922790 0.887802 0.934316 0.813005 0.915598 0.912175 0.913717 0.924922 0.916195 0.964470 0.732499 0.937788 0.554510 0.982605 0.451336 0.703592 0.910511 0.640660 0.978748 0.844737 0.872748 0.975156 0.818225 0.814145 0.863055 0.685281 0.935395 0.876301 0.994285 0.962052 0.840972 0.900324 0.545113 0.554992 0.749337 0.747454 0.574281 0.681516 0.696568 0.680483 0.900883 0.724180 0.753686 0.753711 0.799070 0.767140 0.516163 0.952962 0.723777 0.875852
0.315209 0.442054 0.922441 0.827083 0.858435 0.589435 0.416059 0.362476 0.522171 0.374193 0.318344 0.000000 0.417498 0.347739 0.754807 0.744130 0.494573 0.476191 0.537856 0.534103 0.785646 0.865408 0.972840 0.791594 0.613976 0.757993 0.605956 0.704179 0.352882 0.408193 0.870339 0.944072 0.599307 0.458910 0.883928 0.842193 0.803347 0.860275 0.819553 0.968497 0.970297 0.837149 0.580633 0.540448 0.530789 0.488554 0.532845 0.574347 0.623664 0.592549 0.603068 0.480106 0.657566 0.778482 0.766758 0.595952 0.520520 0.507580 0.281389 0.370805 0.265502 0.285697 0.344568 0.292438 0.992395 0.746649 0.673341 0.596817 0.967954 0.825574 0.712816 0.849221 0.876050 0.864767 0.858759 0.954331 0.520745 0.814012 0.666277 0.911937 0.537497 0.797883 0.883365 0.697388 0.874839 0.984861 0.930020 0.883622 0.756526 0.767054 0.691866 0.623184 0.765231 0.787538 0.912116 0.806087 0.688836 0.800756 0.403979 0.412794 0.590444 0.655377 0.513398 0.626502 0.480878 0.490074 0.770944 0.705856 0.764248 0.686061 0.741784 0.604218 0.440086 0.858429 0.654973 0.871695
0.387361 0.605890 0.882735 0.968176 0.551197 0.795448 0.680190 0.704369 0.634076 0.615304 0.430876 0.417498 0.000000 0.418230 0.408688 0.493106 0.589327 0.590576 0.547387 0.730313 0.777687 0.868264 0.834032 0.867368 0.658381 0.750299 0.834491 0.879940 0.495938 0.540107 0.780184 0.751992 0.692584 0.710714 0.990561 0.699499 0.985365 0.786281 0.822460 0.888377 0.807557 0.907301 0.793643 0.831455 0.807273 0.748074 0.681033 0.693259 0.709067 0.880962 0.952147 0.820396 0.953933 0.852239 0.781930 0.837316 0.542107 0.481378 0.401792 0.546312 0.356614 0.582475 0.383784 0.426323 0.803376 0.885066 0.925224 0.900804 0.990906 0.814664 0.966028 0.841119 0.824325 0.782139 0.947296 0.887699 0.740768 0.934627 0.723033 0.839801 0.592450 0.739486 0.864786 0.684483 0.651836 0.920726 0.938469 0.837472 0.770491 0.779181 0.995574 0.776387 0.908619 0.943987 0.990669 0.913450 0.982551 0.923382 0.695630 0.580730 0.930473 0.862722 0.747350 0.819914 0.764526 0.568819 0.972738 0.893598 0.871836 0.892199 0.827549 0.750351 0.622318 0.985798 0.863284 0.975906
0.421000 0.423740 0.863776 0.785796 0.814640 0.761027 0.575095 0.524442 0.749161 0.699759 0.518150 0.347739 0.418230 0.000000 0.735536 0.589334 0.595703 0.577245 0.472615 0.568686 0.906247 0.878509 0.786341 0.897069 0.791263 0.885191 0.684684 0.877902 0.499456 0.428752 0.920601 0.820315 0.508230 0.520631 0.910642 0.816432 0.960847 0.965246 0.931094 0.948572 0.960911 0.914206 0.513721 0.497111 0.568418 0.506849 0.453067 0.522160 0.703641 0.577983 0.625265 0.498414 0.712622 0.847412 0.646903 0.636308 0.432109 0.490745 0.369506 0.394522 0.332313 0.413267 0.455826 0.436931 0.900797 0.705600 0.751997 0.611844 0.894284 0.849444 0.867247 0.874096 0.798656 0.826017 0.872377 0.910188 0.687155 0.701923 0.690406 0.700274 0.620403 0.777112 0.649523 0.648854 0.707335 0.751609 0.817265 0.937822 0.817162 0.617009 0.972310 0.963344 0.923548 0.891782 0.983383 0.893229 0.830817 0.953667 0.651368 0.595820 0.732406 0.883922 0.727273 0.835194 0.581485 0.593273 0.908716 0.865249 0.774707 0.698492 0.870051 0.755714 0.659212 0.884694 0.724411 0.981099
0.600551 0.804559 0.819612 0.956601 0.626938 0.968810 0.873823 0.974398 0.774000 0.825022 0.710665 0.754807 0.408688 0.735536 0.000000 0.492491 0.721872 0.709137 0.626280 0.867195 0.886265 0.980985 0.670510 0.993053 0.957622 0.966400 0.874272 0.932498 0.679731 0.745107 0.930965 0.813810 0.700394 0.838454 0.866534 0.918874 0.827254 0.913983 0.820791 0.812785 0.926387 0.966471 0.964607 0.953870 0.940237 0.954960 0.770378 0.781053 0.836712 0.926089 0.948036 0.983141 0.931565 0.769122 0.744138 0.833463 0.698230 0.662797 0.609945 0.793325 0.618331 0.853347 0.667100 0.705570 0.656615 0.940066 0.957150 0.988279 0.818383 0.685530 0.887433 0.893330 0.898310 0.887669 0.893289 0.962830 0.863273 0.992824 0.846087 0.933974 0.714512 0.737028 0.680854 0.698765 0.519199 0.783716 0.839631 0.995360 0.719364 0.734031 0.947736 0.908014 0.838034 0.956876 0.935313 0.778824 0.993921 0.903332 0.884970 0.802467 0.819754 0.949441 0.998537 0.987301 0.932940 0.717757 0.991303 0.980657 0.947646 0.973069 0.838749 0.901522 0.791566 0.990588 0.999681 0.992677
0.723409 0.814096 0.694779 0.752480 0.647918 0.883251 0.764321 0.859211 0.724179 0.860546 0.853658 0.744130 0.493106 0.589334 0.492491 0.000000 0.896727 0.850194 0.607803 0.793856 0.910919 0.973721 0.481854 0.752392 0.956329 0.925276 0.981113 0.873031 0.785445 0.771008 0.900409 0.980911 0.657744 0.754216 0.860446 0.943784 0.636824 0.999508 0.963623 0.778834 0.953687 0.908325 0.764933 0.852833 0.810796 0.851369 0.600379 0.672586 0.846007 0.959483 0.931708 0.884009 0.958798 0.950626 0.679934 0.959534 0.831871 0.815188 0.675537 0.804236 0.626847 0.793865 0.767482 0.779218 0.576642 0.781510 0.815572 0.837313 0.945713 0.841549 0.829393 0.923599 0.985440 0.919864 0.899428 0.931722 0.754196 0.709559 0.866029 0.908996 0.898999 0.856044 0.752820 0.795825 0.576147 0.734365 0.925716 0.965896 0.761803 0.783494 0.986344 0.862286 0.947053 0.922871 0.825350 0.854480 0.981864 0.964978 0.887741 0.733457 0.959847 0.908957 0.926938 0.985896 0.770193 0.782808 0.954109 0.980395 0.867409 0.938953 0.933175 0.833102 0.839432 0.931553 0.973752 0.981713
0.406533 0.536322 0.991942 0.982675 0.820301 0.795337 0.625982 0.693152 0.704862 0.526117 0.399375 0.494573 0.589327 0.595703 0.721872 0.896727 0.000000 0.285637 0.495521 0.623198 0.705118 0.985321 0.861244 0.759895 0.679396 0.728805 0.778161 0.893736 0.418423 0.371636 0.874118 0.874352 0.691504 0.650899 0.888292 0.869437 0.962218 0.939974 0.838071 0.977683 0.955075 0.742121 0.787802 0.654520 0.519187 0.488409 0.677746 0.655054 0.487458 0.539283 0.594570 0.562296 0.687829 0.855341 0.599240 0.542993 0.439986 0.367446 0.396479 0.561477 0.512737 0.660797 0.308800 0.298144 0.888517 0.907551 0.853779 0.826843 0.846908 0.833391 0.851669 0.891374 0.994834 0.925846 0.983169 0.971201 0.709485 0.943565 0.569280 0.835390 0.309950 0.513038 0.704472 0.509350 0.863698 0.995360 0.782183 0.960496 0.810436 0.562957 0.909981 0.853273 0.971914 0.980790 0.993482 0.944813 0.696611 0.981679 0.577761 0.668964 0.854941 0.867447 0.622559 0.631739 0.796789 0.746830 0.981265 0.848541 0.738376 0.782708 0.773422 0.798573 0.645344 0.818002 0.868987 0.918560
0.393273 0.522362 0.987662 0.995680 0.846898 0.789778 0.632445 0.696329 0.705559 0.511241 0.401570 0.476191 0.590576 0.577245 0.709137 0.850194 0.285637 0.000000 0.527006 0.631752 0.748287 0.969753 0.826598 0.724029 0.708603 0.731599 0.780062 0.866546 0.340749 0.330545 0.877466 0.952465 0.650863 0.615160 0.932843 0.776421 0.971267 0.963014 0.825438 0.987918 0.953407 0.681201 0.775496 0.623109 0.517462 0.456640 0.622128 0.640285 0.473085 0.478190 0.560857 0.527691 0.718164 0.862103 0.542400 0.482606 0.431395 0.365547 0.381964 0.575213 0.520568 0.659504 0.302915 0.269337 0.856327 0.883300 0.868248 0.847041 0.813341 0.849438 0.885618 0.915514 0.931840 0.913882 0.893391 0.938285 0.710927 0.885246 0.471173 0.846944 0.259768 0.414189 0.735609 0.403849 0.858400 0.972420 0.769643 0.952251 0.760141 0.609468 0.964097 0.843278 0.981825 0.998808 0.940340 0.800543 0.696202 0.945681 0.557490 0.647763 0.848588 0.838693 0.557887 0.548682 0.683598 0.716248 0.921376 0.821178 0.844395 0.722600 0.792544 0.795312 0.559089 0.748768 0.848097 0.959423
0.396001 0.379570 0.556687 0.546294 0.742424 0.720622 0.433214 0.529609 0.663231 0.671404 0.652006 0.537856 0.547387 0.472615 0.626280 0.607803 0.495521 0.527006 0.000000 0.468024 0.935642 0.918757 0.600677 0.806119 0.961178 0.914709 0.855505 0.967458 0.646528 0.609757 0.758757 0.881564 0.373168 0.396089 0.596317 0.912981 0.746120 0.981018 0.979347 0.896801 0.975422 0.835081 0.527485 0.550220 0.503219 0.524359 0.442277 0.430699 0.715513 0.633194 0.548318 0.551721 0.668793 0.763690 0.601375 0.537458 0.459032 0.390662 0.359310 0.414868 0.367957 0.499689 0.488442 0.539359 0.611901 0.656895 0.518683 0.505101 0.719031 0.759531 0.560250 0.716346 0.774907 0.859863 0.929974 0.924092 0.589245 0.596203 0.766541 0.760121 0.549457 0.686055 0.679166 0.689637 0.596612 0.711346 0.922527 0.916843 0.695160 0.557988 0.737858 0.755351 0.823330 0.797759 0.900954 0.743612 0.597261 0.921382 0.521823 0.523586 0.766349 0.872395 0.611529 0.750978 0.618836 0.463207 0.870126 0.703538 0.650379 0.682170 0.614498 0.699933 0.650089 0.777525 0.824514 0.931625
0.457637 0.352341 0.510211 0.444485 0.993725 0.657306 0.413097 0.428008 0.692997 0.731860 0.687362 0.534103 0.730313 0.568686 0.867195 0.793856 0.623198 0.631752 0.468024 0.000000 0.804167 0.889084 0.677290 0.706804 0.846918 0.742697 0.819307 0.900130 0.716752 0.689255 0.685005 0.632029 0.402142 0.404707 0.608883 0.830788 0.731760 0.842094 0.932951 0.922010 0.715544 0.836316 0.417800 0.460616 0.634132 0.647461 0.443382 0.341898 0.985837 0.666761 0.635250 0.608801 0.761877 0.779056 0.567450 0.537663 0.564654 0.565544 0.511064 0.415990 0.458108 0.394302 0.673140 0.647297 0.643823 0.468525 0.421235 0.379312 0.732785 0.656339 0.569194 0.638777 0.627334 0.687665 0.746154 0.847877 0.637094 0.748069 0.794980 0.827173 0.563581 0.600601 0.779371 0.774066 0.651260 0.627361 0.911599 0.908692 0.761416 0.570048 0.657539 0.817953 0.678202 0.824295 0.866274 0.825390 0.551004 0.833558 0.563090 0.555230 0.663414 0.748891 0.595065 0.870157 0.444189 0.550840 0.728082 0.724316 0.726415 0.698656 0.684124 0.811371 0.623589 0.680359 0.626836 0.946020
0.859897 0.874602 0.464793 0.464012 0.912131 0.929753 0.871852 0.912636 0.918967 0.689997 0.618008 0.785646 0.777687 0.906247 0.886265 0.910919 0.705118 0.748287 0.935642 0.804167 0.000000 0.737407 0.442564 0.426245 0.345149 0.353568 0.754519 0.847216 0.674076 0.797440 0.444129 0.596593 0.705249 0.772702 0.655582 0.689594 0.621305 0.726194 0.738664 0.790775 0.737238 0.720491 0.713876 0.866365 0.892349 0.789748 0.777864 0.813072 0.590629 0.818554 0.969660 0.888163 0.937895 0.998121 0.956022 0.989755 0.925586 0.847931 0.863417 0.971026 0.937200 0.927476 0.578022 0.622541 0.450651 0.495241 0.599271 0.627161 0.860295 0.827565 0.672785 0.614981 0.647888 0.719838 0.808230 0.759288 0.954079 0.768386 0.745898 0.896417 0.817698 0.925837 0.734909 0.892941 0.645153 0.532178 0.739817 0.942085 0.881427 0.865968 0.812222 0.936387 0.817573 0.871844 0.838326 0.780079 0.900786 0.920769 0.935500 0.965900 0.968090 0.932238 0.751537 0.711822 0.750654 0.811199 0.865140 0.997913 0.892000 0.974262 0.927428 0.966917 0.934692 0.970276 0.897962 0.979177
0.981347 0.883813 0.715315 0.765138 0.898450 0.852760 0.804299 0.853157 0.896642 0.994521 0.859178 0.865408 0.868264 0.878509 0.980985 0.973721 0.985321 0.969753 0.918757 0.889084 0.737407 0.000000 0.794264 0.856967 0.785207 0.807472 0.969915 0.809992 0.998097 0.949947 0.755138 0.943774 0.847912 0.871175 0.722537 0.923286 0.762862 0.849015 0.982907 0.832123 0.764480 0.869585 0.802065 0.830121 0.835465 0.934911 0.956324 0.744574 0.996587 0.865078 0.851712 0.885810 0.766623 0.758622 0.873639 0.829290 0.958823 0.956016 0.942790 0.946469 0.985191 0.994909 0.853934 0.943897 0.849390 0.905723 0.701527 0.825773 0.787214 0.830174 0.764812 0.724860 0.911157 0.776485 0.872823 0.803786 0.854828 0.768459 0.919018 0.886439 0.937868 0.970778 0.999465 0.957930 0.995357 0.910668 0.934511 0.914193 0.898506 0.792184 0.697969 0.812827 0.714081 0.737398 0.830656 0.819296 0.716911 0.901495 0.821502 0.871784 0.853462 0.911374 0.941983 0.881146 0.828254 0.812461 0.825847 0.847265 0.892747 0.862900 0.794367 0.912168 0.989961 0.713426 0.854567 0.983118
0.895558 0.730147 0.312799 0.366058 0.800799 0.953156 0.683573 0.789128 0.836196 0.817071 0.729686 0.972840 0.834032 0.786341 0.670510 0.481854 0.861244 0.826598 0.600677 0.677290 0.442564 0.794264 0.000000 0.297885 0.425637 0.396195 0.801795 0.713618 0.829393 0.918534 0.406685 0.605771 0.481414 0.622162 0.541404 0.725535 0.400570 0.741118 0.787422 0.722727 0.817934 0.860677 0.545848 0.773613 0.916099 0.987369 0.582479 0.584552 0.771308 0.906227 0.922601 0.965794 0.960772 0.978217 0.713421 0.916553 0.929635 0.934619 0.898104 0.856859 0.742521 0.775675 0.830897 0.818705 0.234205 0.407442 0.515821 0.531122 0.859007 0.751725 0.594355 0.602446 0.661247 0.757622 0.797319 0.827675 0.767680 0.521529 0.856255 0.781237 0.941320 0.905688 0.717237 0.981877 0.418573 0.402389 0.795716 0.946720 0.709180 0.695623 0.830442 0.957252 0.838126 0.846935 0.744703 0.763417 0.855172 0.948006 0.919730 0.820034 0.982212 0.916274 0.943965 0.795788 0.728846 0.636013 0.943080 0.923746 0.888749 0.970635 0.794269 0.956897 0.975605 0.870104 0.964457 0.947613
0.934771 0.792976 0.428584 0.395053 0.932480 0.903121 0.906630 0.960841 0.829148 0.509207 0.529310 0.791594 0.867368 0.897069 0.993053 0.752392 0.759895 0.724029 0.806119 0.706804 0.426245 0.856967 0.297885 0.000000 0.307554 0.349995 0.688299 0.701160 0.549029 0.735788 0.406533 0.439689 0.650506 0.792325 0.655441 0.640460 0.478373 0.676504 0.662901 0.789855 0.848863 0.814995 0.652690 0.858030 0.880440 0.804283 0.643855 0.672985 0.528240 0.829074 0.969782 0.917799 0.884548 0.930823 0.852606 0.956880 0.933789 0.960962 0.897384 0.973083 0.998837 0.928077 0.641133 0.613498 0.360747 0.425529 0.640607 0.603921 0.857471 0.873167 0.783731 0.679934 0.698611 0.771121 0.835881 0.800447 0.956325 0.668782 0.828229 0.708377 0.860679 0.910172 0.747202 0.939203 0.512551 0.351118 0.802336 0.920360 0.882139 0.681590 0.980248 0.778865 0.989641 0.902718 0.858529 0.885992 0.874864 0.937954 0.832394 0.935495 0.925130 0.796322 0.788790 0.703621 0.855460 0.824685 0.914044 0.984208 0.992184 0.934819 0.969049 0.885578 0.750238 0.991874 0.998755 0.998035
0.768461 0.945465 0.395351 0.434196 0.905116 0.850726 0.970779 0.939023 0.815782 0.528067 0.455492 0.613976 0.658381 0.791263 0.957622 0.956329 0.679396 0.708603 0.961178 0.846918 0.345149 0.785207 0.425637 0.307554 0.000000 0.225674 0.593803 0.697970 0.528415 0.696280 0.356305 0.519032 0.732578 0.861791 0.631028 0.581509 0.424054 0.499840 0.604658 0.681203 0.810815 0.882463 0.806396 0.996568 0.817138 0.683903 0.789007 0.861358 0.519536 0.731773 0.933983 0.777318 0.784181 0.893128 0.891331 0.986071 0.871726 0.818883 0.732968 0.805202 0.791479 0.908984 0.487715 0.495561 0.382054 0.514458 0.677469 0.697177 0.738450 0.890080 0.672635 0.657808 0.608148 0.673939 0.875547 0.878900 0.950768 0.682771 0.731315 0.808508 0.891414 0.818973 0.745049 0.967461 0.558514 0.363259 0.887759 0.936237 0.844417 0.767420 0.983840 0.806187 0.871483 0.990543 0.851194 0.796917 0.915843 0.927221 0.788556 0.798643 0.885597 0.737387 0.789417 0.722230 0.971370 0.952031 0.967227 0.918367 0.937494 0.958178 0.992770 0.793489 0.686900 0.985529 0.933045 0.970556
0.905590 0.839657 0.310487 0.325198 0.876491 0.987439 0.786871 0.844985 0.984884 0.683026 0.573356 0.757993 0.750299 0.885191 0.966400 0.925276 0.728805 0.731599 0.914709 0.742697 0.353568 0.807472 0.396195 0.349995 0.225674 0.000000 0.792407 0.756637 0.619806 0.732041 0.286762 0.470576 0.638810 0.733587 0.618770 0.540327 0.387693 0.514683 0.635771 0.710934 0.732606 0.879559 0.637678 0.866690 0.901025 0.790009 0.690344 0.790460 0.533994 0.780027 0.952597 0.895707 0.887774 0.999010 0.871932 0.989952 0.860293 0.840272 0.839744 0.949120 0.967681 0.866335 0.514458 0.569245 0.354633 0.378676 0.517023 0.545767 0.791821 0.840105 0.536863 0.508264 0.522561 0.597523 0.887988 0.801731 0.847871 0.659828 0.699019 0.810808 0.893530 0.870699 0.849425 0.873686 0.601786 0.415446 0.880162 0.959170 0.766504 0.805286 0.764248 0.994932 0.688493 0.823932 0.816812 0.765530 0.825250 0.968547 0.984690 0.994898 0.883278 0.919223 0.896652 0.760041 0.807966 0.824240 0.828609 0.905900 0.912746 0.959801 0.820658 0.946466 0.872240 0.930601 0.958209 0.950889
0.681407 0.776347 0.934148 0.993232 0.872381 0.550771 0.584996 0.509170 0.663260 0.507103 0.632357 0.605956 0.834491 0.684684 0.874272 0.981113 0.778161 0.780062 0.855505 0.819307 0.754519 0.969915 0.801795 0.688299 0.593803 0.792407 0.000000 0.830325 0.624921 0.658184 0.984456 0.941807 0.830866 0.667590 0.934390 0.868951 0.771316 0.899893 0.755814 0.675089 0.975121 0.840154 0.670880 0.542241 0.549217 0.517623 0.832882 0.785703 0.752853 0.578631 0.590986 0.519990 0.543652 0.567456 0.856441 0.791760 0.900174 0.871674 0.637213 0.545600 0.582799 0.577792 0.710245 0.607995 0.696037 0.967557 0.753744 0.691981 0.832553 0.914767 0.837433 0.813105 0.782852 0.866543 0.919433 0.885007 0.792149 0.929338 0.901096 0.882139 0.948221 0.907612 0.827500 0.908161 0.613505 0.643372 0.902434 0.863531 0.959956 0.893370 0.625470 0.653459 0.672517 0.763988 0.897986 0.928590 0.709296 0.750877 0.556842 0.592042 0.421196 0.539553 0.646207 0.720175 0.760393 0.841425 0.702402 0.578115 0.698754 0.775569 0.769533 0.650612 0.676235 0.691342 0.661126 0.982972
0.839848 0.847694 0.789834 0.849107 0.991974 0.974823 0.892737 0.826023 0.807822 0.766298 0.661251 0.704179 0.879940 0.877902 0.932498 0.873031 0.893736 0.866546 0.967458 0.900130 0.847216 0.809992 0.713618 0.701160 0.697970 0.756637 0.830325 0.000000 0.788827 0.811738 0.790616 0.930604 0.955484 0.894255 0.929939 0.995868 0.705321 0.929506 0.909897 0.829926 0.886051 0.903246 0.952541 0.858235 0.815632 0.812926 0.933148 0.899776 0.722226 0.825688 0.822638 0.786305 0.804799 0.869749 0.906845 0.903721 0.957940 0.881261 0.830813 0.905696 0.840567 0.839202 0.794717 0.694812 0.761145 0.892097 0.987586 0.981395 0.834909 0.831112 0.986402 0.843346 0.927129 0.924838 0.994844 0.916006 0.835710 0.967703 0.737105 0.807739 0.914361 0.899748 0.868291 0.946246 0.801588 0.791946 0.989402 0.977963 0.896786 0.822828 0.880297 0.759168 0.883880 0.867416 0.995856 0.939831 0.931292 0.842668 0.764132 0.840851 0.817222 0.782232 0.815398 0.826006 0.891345 0.821604 0.995771 0.751841 0.838969 0.931861 0.930158 0.821213 0.802161 0.980806 0.773680 0.967416
0.476366 0.654993 0.895729 0.856996 0.772739 0.745031 0.604726 0.600300 0.539125 0.339276 0.327250 0.352882 0.495938 0.499456 0.679731 0.785445 0.418423 0.340749 0.646528 0.716752 0.674076 0.998097 0.829393 0.549029 0.528415 0.619806 0.624921 0.788827 0.000000 0.267397 0.824521 0.841729 0.708316 0.655128 0.957689 0.714006 0.847827 0.845518 0.735108 0.905621 0.982126 0.737907 0.783591 0.665522 0.448620 0.397227 0.766787 0.723403 0.393697 0.499966 0.586788 0.511761 0.616067 0.747951 0.671582 0.537850 0.635425 0.561885 0.447620 0.605195 0.450658 0.574097 0.286026 0.229735 0.773044 0.861533 0.903597 0.891592 0.927914 0.832350 0.905335 0.937928 0.903316 0.849812 0.995204 0.900943 0.642140 0.918195 0.561416 0.979877 0.469103 0.689220 0.800950 0.562675 0.990837 0.857953 0.897120 0.969731 0.847011 0.791761 0.854055 0.741224 0.948573 0.891897 0.979266 0.895746 0.842396 0.926198 0.516093 0.569237 0.785279 0.775648 0.537825 0.675105 0.655592 0.733797 0.805553 0.821120 0.858638 0.660378 0.862243 0.721361 0.533518 0.728526 0.789709 0.938070
0.526207 0.593983 0.982256 0.974864 0.786169 0.830783 0.586688 0.622967 0.637836 0.439548 0.419925 0.408193 0.540107 0.428752 0.745107 0.771008 0.371636 0.330545 0.609757 0.689255 0.797440 0.949947 0.918534 0.735788 0.696280 0.732041 0.658184 0.811738 0.267397 0.000000 0.959704 0.986867 0.678654 0.603816 0.964107 0.762765 0.975105 0.990726 0.827946 0.988979 0.968708 0.806273 0.678422 0.557964 0.403668 0.398664 0.680521 0.675714 0.422207 0.434571 0.514355 0.469270 0.578952 0.734662 0.602279 0.546334 0.571288 0.546266 0.442138 0.651069 0.497517 0.593655 0.328231 0.261428 0.831275 0.919898 0.848006 0.812509 0.907136 0.909488 0.856910 0.964048 0.800613 0.748993 0.983732 0.915889 0.616039 0.806426 0.622223 0.912253 0.409922 0.596733 0.620955 0.509498 0.940908 0.973276 0.875049 0.989163 0.862843 0.708381 0.927758 0.838914 0.993091 0.997019 0.996633 0.960395 0.786105 0.938730 0.575918 0.642059 0.760612 0.870214 0.576658 0.672219 0.662127 0.769395 0.918035 0.890167 0.899082 0.789156 0.925052 0.843222 0.601439 0.764369 0.846168 0.885607
0.968938 0.709790 0.375308 0.387008 0.897195 0.902960 0.641285 0.674457 0.915036 0.847998 0.693920 0.870339 0.780184 0.920601 0.930965 0.900409 0.874118 0.877466 0.758757 0.685005 0.444129 0.755138 0.406685 0.406533 0.356305 0.286762 0.984456 0.790616 0.824521 0.959704 0.000000 0.357458 0.476386 0.583398 0.516921 0.624525 0.448476 0.561407 0.777463 0.872840 0.659243 0.964446 0.437884 0.624679 0.767877 0.871203 0.647791 0.641206 0.766602 0.910474 0.671390 0.800400 0.808905 0.727266 0.689954 0.799573 0.995233 0.998506 0.972818 0.908250 0.856873 0.738742 0.722521 0.800835 0.509509 0.442946 0.430401 0.452057 0.803672 0.743311 0.545719 0.460488 0.389444 0.527712 0.913208 0.726286 0.805813 0.561337 0.823563 0.807601 0.947090 0.874965 0.702083 0.866964 0.710376 0.515545 0.946511 0.994734 0.820794 0.736060 0.706787 0.982116 0.677471 0.870199 0.815285 0.805180 0.678651 0.919334 0.877406 0.875025 0.783961 0.952280 0.955378 0.914956 0.730714 0.709894 0.757428 0.824604 0.834621 0.810499 0.764219 0.952103 0.918050 0.725442 0.847019 0.906362
0.986886 0.685891 0.601447 0.553685 0.795629 0.981462 0.789527 0.759303 0.935243 0.806013 0.760497 0.944072 0.751992 0.820315 0.813810 0.980911 0.874352 0.952465 0.881564 0.632029 0.596593 0.943774 0.605771 0.439689 0.519032 0.470576 0.941807 0.930604 0.841729 0.986867 0.357458 0.000000 0.602776 0.662466 0.736751 0.737501 0.678232 0.634009 0.730994 0.982715 0.810194 0.979059 0.511657 0.584099 0.849527 0.851779 0.624389 0.625330 0.761109 0.865852 0.706875 0.759472 0.874839 0.831664 0.732105 0.754818 0.949068 0.984256 0.995977 0.860384 0.903306 0.759578 0.756035 0.856575 0.714092 0.544027 0.613530 0.530298 0.982447 0.909247 0.737508 0.623745 0.447325 0.489909 0.956363 0.722019 0.901504 0.647020 0.912745 0.768926 0.996021 0.853808 0.760806 0.968372 0.827572 0.557396 0.943321 0.875590 0.932255 0.791793 0.911944 0.815488 0.858707 0.932134 0.898421 0.909746 0.767859 0.950713 0.951564 0.960502 0.779481 0.922327 0.979571 0.863844 0.695941 0.808694 0.892449 0.828323 0.989511 0.937688 0.931349 0.964315 0.985090 0.736075 0.858962 0.922871
0.473986 0.342730 0.432779 0.439207 0.891613 0.595605 0.385759 0.432474 0.631547 0.768768 0.769871 0.599307 0.692584 0.508230 0.700394 0.657744 0.691504 0.650863 0.373168 0.402142 0.705249 0.847912 0.481414 0.650506 0.732578 0.638810 0.830866 0.955484 0.708316 0.678654 0.476386 0.602776 0.000000 0.299398 0.449140 0.802976 0.643683 0.889935 0.954294 0.881732 0.706620 0.871525 0.358041 0.430909 0.532778 0.578443 0.431535 0.426533 0.911966 0.668282 0.550773 0.581666 0.710281 0.784109 0.471452 0.526098 0.539023 0.526410 0.476110 0.415518 0.375069 0.410750 0.712786 0.676871 0.532221 0.460506 0.379501 0.356169 0.750420 0.631047 0.517527 0.573216 0.568908 0.679643 0.849053 0.756863 0.602395 0.559483 0.827888 0.718305 0.624471 0.615544 0.666797 0.742564 0.517461 0.508478 0.950407 0.998168 0.662975 0.546984 0.692348 0.855834 0.696559 0.821186 0.888388 0.651544 0.607757 0.889291 0.541102 0.562496 0.676308 0.793666 0.698711 0.814569 0.480819 0.443828 0.782579 0.712220 0.721334 0.651260 0.690989 0.748030 0.672496 0.719362 0.598893 0.953769
0.425221 0.320405 0.470572 0.436357 0.924027 0.600636 0.261391 0.308775 0.504760 0.604391 0.649320 0.458910 0.710714 0.520631 0.838454 0.754216 0.650899 0.615160 0.396089 0.404707 0.772702 0.871175 0.622162 0.792325 0.861791 0.733587 0.667590 0.894255 0.655128 0.603816 0.583398 0.662466 0.299398 0.000000 0.504863 0.827199 0.818307 0.867140 0.992971 0.879483 0.802884 0.809944 0.325878 0.365449 0.464351 0.505167 0.464040 0.409985 0.832564 0.591518 0.475708 0.467159 0.568790 0.603866 0.588865 0.574273 0.610417 0.559713 0.421780 0.398608 0.340094 0.326017 0.657600 0.578221 0.657989 0.474620 0.306744 0.299083 0.795462 0.694678 0.407982 0.508610 0.575966 0.622552 0.886553 0.840624 0.480111 0.560129 0.748694 0.789478 0.641930 0.725529 0.787877 0.829729 0.731702 0.697603 0.984814 0.970991 0.679027 0.625424 0.519065 0.637415 0.511125 0.663098 0.799331 0.768958 0.516337 0.849536 0.411897 0.435872 0.487922 0.632772 0.566105 0.714149 0.453598 0.414216 0.601092 0.547444 0.669762 0.634927 0.596072 0.701709 0.534265 0.717499 0.617470 0.965682
0.753724 0.658973 0.423259 0.462420 0.909075 0.793866 0.463067 0.548516 0.631157 0.817371 0.975276 0.883928 0.990561 0.910642 0.866534 0.860446 0.888292 0.932843 0.596317 0.608883 0.655582 0.722537 0.541404 0.655441 0.631028 0.618770 0.934390 0.929939 0.957689 0.964107 0.516921 0.736751 0.449140 0.504863 0.000000 0.727672 0.695710 0.796854 0.943004 0.842247 0.673385 0.868807 0.524197 0.618619 0.666187 0.774987 0.735924 0.573311 0.954873 0.852796 0.674958 0.769920 0.668972 0.690309 0.677197 0.690386 0.842355 0.856219 0.780271 0.681978 0.711247 0.693305 0.992312 0.962591 0.526809 0.556065 0.356165 0.456723 0.665973 0.714949 0.419963 0.520534 0.626810 0.666139 0.938483 0.817251 0.591996 0.673230 0.995957 0.879620 0.901887 0.893133 0.876600 0.981842 0.728548 0.667401 0.975809 0.926895 0.827153 0.708906 0.496674 0.696824 0.525513 0.572600 0.640555 0.715455 0.602221 0.768789 0.663049 0.665521 0.773809 0.814084 0.785067 0.950506 0.706683 0.545485 0.874928 0.741845 0.687702 0.681125 0.631032 0.863818 0.886799 0.836857 0.686056 0.996841
0.878327 0.931225 0.676415 0.647511 0.840247 0.980018 0.887195 0.941573 0.971099 0.817361 0.725348 0.842193 0.699499 0.816432 0.918874 0.943784 0.869437 0.776421 0.912981 0.830788 0.689594 0.923286 0.725535 0.640460 0.581509 0.540327 0.868951 0.995868 0.714006 0.762765 0.624525 0.737501 0.802976 0.827199 0.727672 0.000000 0.704072 0.832121 0.826424 0.866182 0.814465 0.841242 0.843128 0.925240 0.978526 0.876338 0.969372 0.929454 0.752048 0.882372 0.936802 0.931894 0.936847 0.887242 0.910509 0.985553 0.861789 0.872909 0.818407 0.906165 0.908761 0.946791 0.724999 0.706642 0.719905 0.710132 0.699736 0.759938 0.893036 0.903608 0.684818 0.682833 0.681819 0.824010 0.916092 0.901233 0.918154 0.989584 0.895999 0.956010 0.932422 0.974494 0.948942 0.897747 0.879832 0.720337 0.908743 0.910284 0.872109 0.935924 0.801537 0.994514 0.719941 0.820748 0.984018 0.969309 0.767278 0.935083 0.996496 0.892241 0.898442 0.958447 0.962312 0.787532 0.988422 0.924678 0.944998 0.909479 0.873939 0.934639 0.846480 0.955998 0.778763 0.990077 0.987418 0.976625
0.954771 0.822400 0.405994 0.485587 0.985111 0.997070 0.794206 0.931245 0.898667 0.787223 0.782143 0.803347 0.985365 0.960847 0.827254 0.636824 0.962218 0.971267 0.746120 0.731760 0.621305 0.762862 0.400570 0.478373 0.424054 0.387693 0.771316 0.705321 0.847827 0.975105 0.448476 0.678232 0.643683 0.818307 0.695710 0.704072 0.000000 0.515855 0.709681 0.688137 0.701804 0.957456 0.692253 0.894409 0.931773 0.953709 0.679419 0.769538 0.854067 0.988771 0.874006 0.972899 0.995715 0.975218 0.658576 0.940535 0.956285 0.969822 0.982065 0.955225 0.946429 0.935565 0.815137 0.831853 0.433583 0.628062 0.649792 0.672687 0.701658 0.776498 0.657211 0.659253 0.632542 0.742276 0.922184 0.853675 0.808329 0.613531 0.991696 0.885113 0.891266 0.749832 0.714699 0.948495 0.523504 0.447237 0.925617 0.992996 0.709698 0.628173 0.937523 0.986399 0.888182 0.930354 0.836439 0.771169 0.905143 0.929515 0.964746 0.949079 0.993406 0.775301 0.916364 0.904234 0.862342 0.875198 0.988406 0.945902 0.772643 0.993084 0.806806 0.937331 0.854123 0.824275 0.966804 0.986580
0.941961 0.879445 0.660374 0.621737 0.845365 0.925417 0.905533 0.936437 0.945816 0.853401 0.825680 0.860275 0.786281 0.965246 0.913983 0.999508 0.939974 0.963014 0.981018 0.842094 0.726194 0.849015 0.741118 0.676504 0.499840 0.514683 0.899893 0.929506 0.845518 0.990726 0.561407 0.634009 0.889935 0.867140 0.796854 0.832121 0.515855 0.000000 0.649343 0.775895 0.864862 0.876450 0.808401 0.888643 0.987245 0.950095 0.692226 0.832650 0.880894 0.986621 0.864471 0.967642 0.977557 0.977749 0.835905 0.933025 0.939989 0.946449 0.933738 0.902461 0.920551 0.946977 0.776875 0.854631 0.700512 0.713626 0.777034 0.775167 0.742966 0.908605 0.736646 0.768142 0.527014 0.647172 0.882726 0.964005 0.844975 0.738231 0.840340 0.873647 0.916452 0.839996 0.736843 0.903354 0.722517 0.541946 0.983041 0.867282 0.816702 0.715239 0.962450 0.928024 0.881112 0.968622 0.767972 0.816939 0.851125 0.841141 0.932543 0.911449 0.939890 0.798371 0.937713 0.884750 0.930049 0.998243 0.876428 0.906247 0.888361 0.992203 0.952114 0.864983 0.848998 0.841209 0.939433 0.888989
