0.000000 0.222439 0.371008 0.427400 0.850789 0.676420 0.402926 0.395009 0.752573 0.678974 0.343755 0.239829 0.275068 0.458568 0.455130 0.406306 0.253559 0.220198 0.308300 0.291493 0.564887 0.724052 0.435396 0.484137 0.524442 0.482942 0.940937 0.836427 0.272982 0.244654 0.333419 0.479471 0.317734 0.295693 0.614123 0.813067 0.548011 0.643415 0.736180 0.763638 0.943882 0.804414 0.440956 0.373656 0.398509 0.334684 0.354984 0.316671 0.677536 0.447133 0.428056 0.488181 0.538735 0.615101 0.587265 0.747342 0.331505 0.316556 0.318431 0.292121 0.200697 0.316886 0.202481 0.251757 0.352969 0.324022 0.371969 0.282048 0.388908 0.300631 0.499361 0.500427 0.346244 0.370605 0.710046 0.642257 0.544094 0.510734 0.408203 0.367811 0.231486 0.234238 0.362640 0.433663 0.367399 0.309780 0.981979 0.854299 0.752977 0.596279 0.822683 0.915861 0.794633 0.906506 0.520160 0.626677 0.510326 0.723019 0.533629 0.528907 0.713486 0.643349 0.570631 0.607671 0.499062 0.567418 0.948024 0.810872 0.805571 0.716905 0.853133 0.605961 0.603724 0.660406 0.565803 0.870549
0.222439 0.000000 0.504847 0.514619 0.725739 0.810922 0.494551 0.416838 0.784379 0.715507 0.434638 0.281870 0.436977 0.554122 0.583789 0.502327 0.193846 0.235180 0.394188 0.367210 0.614930 0.744806 0.533895 0.643109 0.650130 0.599022 0.794713 0.878191 0.289228 0.294571 0.416222 0.604919 0.380581 0.366683 0.687526 0.651325 0.604994 0.579994 0.771479 0.815009 0.982478 0.619342 0.453705 0.406620 0.392991 0.378698 0.409544 0.370335 0.570097 0.432937 0.392661 0.458230 0.565652 0.564253 0.667959 0.831720 0.223199 0.190097 0.304297 0.299119 0.275840 0.310451 0.201369 0.150839 0.488055 0.426640 0.407453 0.299275 0.440422 0.256868 0.490045 0.458706 0.388889 0.385709 0.840550 0.657351 0.590944 0.406363 0.422697 0.510946 0.233321 0.358008 0.361135 0.432340 0.474816 0.449306 0.932755 0.959157 0.828587 0.619384 0.813738 0.903144 0.759193 0.920349 0.509111 0.664513 0.561530 0.586405 0.525322 0.500663 0.763019 0.711609 0.541416 0.569115 0.423835 0.514829 0.833121 0.736521 0.854736 0.726436 0.722450 0.528640 0.639138 0.689376 0.564072 0.874824
0.371008 0.504847 0.000000 0.167915 0.835982 0.537257 0.161659 0.216823 0.418537 0.374188 0.378021 0.365014 0.265940 0.552682 0.434627 0.408349 0.512039 0.380715 0.293298 0.376499 0.641800 0.665950 0.315350 0.346600 0.580549 0.318708 0.999962 0.977649 0.493944 0.387481 0.298202 0.368309 0.267440 0.275466 0.628938 0.817129 0.614799 0.841367 0.575998 0.733580 0.816370 0.927296 0.273574 0.275937 0.275814 0.290108 0.278136 0.332600 0.545282 0.404204 0.424485 0.396987 0.456518 0.533325 0.578870 0.600327 0.657534 0.664177 0.368726 0.417848 0.242231 0.336870 0.489823 0.539917 0.222531 0.196659 0.248763 0.250267 0.614407 0.525725 0.402006 0.456432 0.449035 0.414377 0.763624 0.648429 0.474231 0.580751 0.446637 0.360891 0.433861 0.338136 0.628523 0.612738 0.469246 0.344495 0.957778 0.881895 0.711136 0.583053 0.533026 0.633049 0.584855 0.622501 0.468550 0.550194 0.307354 0.667544 0.374393 0.333945 0.598668 0.478972 0.553432 0.497901 0.385225 0.465066 0.853774 0.732822 0.792258 0.814902 0.746284 0.459206 0.408430 0.688381 0.515931 0.825609
0.427400 0.514619 0.167915 0.000000 0.775260 0.561992 0.194569 0.168912 0.411667 0.365755 0.451927 0.391994 0.311520 0.491283 0.433771 0.380938 0.548316 0.423275 0.296173 0.398689 0.570727 0.670504 0.316288 0.333966 0.699587 0.379035 0.935101 0.974652 0.464297 0.420684 0.331310 0.396675 0.266758 0.272154 0.692118 0.762846 0.628358 0.915455 0.713628 0.837254 0.832156 0.837375 0.272027 0.297936 0.319362 0.337040 0.317192 0.386258 0.570794 0.434369 0.471068 0.414907 0.516014 0.528529 0.656579 0.653893 0.664077 0.668719 0.364811 0.443047 0.301383 0.335735 0.527912 0.559189 0.269020 0.195309 0.273456 0.291721 0.721721 0.543840 0.367350 0.415027 0.518432 0.442380 0.763379 0.626687 0.439531 0.517397 0.472262 0.455910 0.491954 0.382723 0.659453 0.567458 0.517759 0.346032 0.994436 0.880523 0.708109 0.555457 0.452568 0.540504 0.494275 0.549825 0.524936 0.538198 0.359551 0.597517 0.343415 0.288528 0.534242 0.525779 0.542691 0.444156 0.387871 0.504903 0.880644 0.727885 0.824756 0.835802 0.785465 0.409048 0.384970 0.575963 0.486318 0.798941
0.850789 0.725739 0.835982 0.775260 0.000000 0.763286 0.712695 0.655756 0.781031 0.859740 0.893838 0.837512 0.786388 0.932326 0.888249 0.823533 0.772518 0.830372 0.773265 0.901157 0.822710 0.829589 0.753331 0.848677 0.922610 0.986960 0.758343 0.883064 0.788014 0.830197 0.828452 0.993952 0.786433 0.780460 0.867676 0.836016 0.996065 0.980960 0.976553 0.797156 0.998509 0.997910 0.770784 0.785906 0.654451 0.700038 0.777202 0.753416 0.665972 0.667496 0.730919 0.728717 0.793992 0.650199 0.873848 0.785600 0.834755 0.787472 0.691060 0.721949 0.673067 0.685128 0.692057 0.734755 0.827749 0.738726 0.678244 0.723901 0.860885 0.815901 0.625331 0.695425 0.885160 0.867140 0.942535 0.833410 0.824125 0.875678 0.851785 0.978399 0.653729 0.732443 0.828479 0.822013 0.796346 0.797363 0.898930 0.949416 0.877635 0.879755 0.736809 0.747922 0.700591 0.835613 0.784649 0.864265 0.791275 0.699415 0.741287 0.660311 0.806116 0.862317 0.829676 0.771780 0.741323 0.782649 0.811289 0.817519 0.676147 0.952147 0.905154 0.661469 0.701033 0.810584 0.899441 0.953990
0.676420 0.810922 0.537257 0.561992 0.763286 0.000000 0.482529 0.561113 0.462982 0.613524 0.698047 0.658264 0.557838 0.829787 0.691163 0.563372 0.871151 0.809229 0.671082 0.762404 0.778397 0.837817 0.570232 0.657540 0.832395 0.614600 0.927959 0.695955 0.845685 0.818640 0.606976 0.737251 0.628474 0.580402 0.536802 0.890340 0.945895 0.840196 0.948890 0.984835 0.972937 0.936450 0.602151 0.599187 0.571170 0.599218 0.680202 0.647984 0.893379 0.643792 0.664695 0.586584 0.592482 0.625243 0.797671 0.757489 0.964606 0.963038 0.701091 0.644654 0.579377 0.625818 0.742117 0.818044 0.633847 0.569892 0.515902 0.581304 0.841157 0.711598 0.619172 0.544477 0.712818 0.689557 0.736924 0.754807 0.651779 0.815034 0.742833 0.589165 0.680750 0.630122 0.935976 0.815911 0.686999 0.588808 0.986800 0.827843 0.918690 0.720317 0.541929 0.675346 0.544730 0.614301 0.623590 0.632998 0.567266 0.932685 0.590059 0.610798 0.723878 0.632551 0.796362 0.651778 0.555621 0.733897 0.833472 0.772725 0.832842 0.998375 0.899821 0.734096 0.594872 0.733404 0.596220 0.918790
0.402926 0.494551 0.161659 0.194569 0.712695 0.482529 0.000000 0.159636 0.350723 0.289117 0.429179 0.446423 0.359177 0.700368 0.560852 0.488037 0.457931 0.358014 0.276065 0.403415 0.674767 0.648701 0.353494 0.477032 0.701074 0.407700 0.934178 0.942897 0.520449 0.431620 0.348565 0.441877 0.246665 0.231007 0.622271 0.691657 0.665520 0.870355 0.788288 0.786053 0.855324 0.835526 0.181102 0.182650 0.183675 0.203414 0.273752 0.293351 0.460963 0.335430 0.341497 0.321084 0.396378 0.413443 0.596213 0.600647 0.577743 0.590689 0.303142 0.398712 0.267367 0.375519 0.440978 0.505760 0.298913 0.235775 0.146651 0.202606 0.680328 0.509299 0.308773 0.321106 0.511760 0.377563 0.792933 0.607581 0.373779 0.533969 0.419196 0.384244 0.394971 0.338743 0.675689 0.619443 0.504348 0.412083 0.978381 0.905344 0.744231 0.676033 0.359583 0.432603 0.407708 0.429539 0.441850 0.504738 0.286138 0.607995 0.258765 0.230256 0.480414 0.384929 0.480515 0.385940 0.315997 0.396274 0.789527 0.650791 0.742465 0.834241 0.702075 0.356085 0.305904 0.599106 0.434427 0.795313
0.395009 0.416838 0.216823 0.168912 0.655756 0.561113 0.159636 0.000000 0.385331 0.254860 0.430709 0.368929 0.343335 0.578595 0.514019 0.438958 0.430167 0.352473 0.300102 0.353622 0.657871 0.639101 0.361185 0.447950 0.780811 0.472679 0.845568 0.949550 0.476810 0.421698 0.392675 0.473040 0.265529 0.257100 0.707904 0.698215 0.705813 0.857533 0.847009 0.883647 0.857907 0.739656 0.227958 0.251333 0.259227 0.269007 0.339023 0.340686 0.453160 0.334982 0.377107 0.335832 0.457622 0.420044 0.669407 0.702971 0.526318 0.508687 0.251569 0.351302 0.266324 0.276917 0.429231 0.433966 0.319470 0.214632 0.212494 0.239701 0.733467 0.452295 0.339575 0.354661 0.551877 0.426514 0.828184 0.591566 0.447244 0.475216 0.408261 0.502385 0.408230 0.382164 0.662769 0.603700 0.542823 0.402499 0.961829 0.899798 0.768995 0.608039 0.378562 0.451981 0.389333 0.479347 0.432308 0.484289 0.340615 0.512562 0.260913 0.212389 0.447629 0.461139 0.452272 0.386085 0.310531 0.391338 0.786350 0.667684 0.762895 0.770452 0.745912 0.317602 0.309107 0.595787 0.479106 0.760546
0.752573 0.784379 0.418537 0.411667 0.781031 0.462982 0.350723 0.385331 0.000000 0.361304 0.770334 0.736781 0.634646 0.853611 0.764370 0.642282 0.787366 0.759790 0.651009 0.715104 0.842204 0.768381 0.539390 0.597383 0.976064 0.587692 0.942669 0.980530 0.886776 0.810781 0.610865 0.638108 0.585541 0.541300 0.734771 0.720810 0.941424 0.963186 0.943663 0.863585 0.743572 0.857934 0.416142 0.477795 0.453130 0.501834 0.553713 0.586729 0.659678 0.506318 0.491854 0.457030 0.462615 0.446715 0.791809 0.703707 0.908696 0.927000 0.523443 0.660926 0.583708 0.633053 0.766628 0.796616 0.582229 0.482839 0.399892 0.530303 0.923924 0.748700 0.468250 0.502228 0.789331 0.668611 0.901849 0.778028 0.616826 0.682651 0.678075 0.630317 0.720320 0.697614 0.867414 0.863999 0.783848 0.655708 0.834165 0.809706 0.724805 0.799056 0.305699 0.391948 0.326117 0.383320 0.584480 0.723536 0.458308 0.629603 0.389453 0.411805 0.505854 0.482633 0.654956 0.527228 0.496925 0.593347 0.629587 0.654522 0.956472 0.966254 0.797200 0.475821 0.442230 0.841179 0.575982 0.777781
0.678974 0.715507 0.374188 0.365755 0.859740 0.613524 0.289117 0.254860 0.361304 0.000000 0.649855 0.627693 0.614784 0.831821 0.753495 0.681610 0.634319 0.610168 0.547164 0.533747 0.904049 0.815756 0.527175 0.668990 0.947286 0.589544 0.980328 0.909929 0.766356 0.658650 0.551043 0.554469 0.450951 0.439641 0.773551 0.621322 0.843312 0.861453 0.938263 0.970986 0.754104 0.757344 0.306415 0.331576 0.349142 0.383128 0.518341 0.478834 0.440599 0.399770 0.460472 0.396558 0.469208 0.503282 0.834111 0.812833 0.721647 0.744390 0.410695 0.540420 0.570076 0.519811 0.698632 0.682905 0.558001 0.449373 0.337355 0.431683 0.999870 0.654154 0.454803 0.420407 0.780343 0.550850 0.819234 0.712385 0.493487 0.557453 0.504558 0.609052 0.691427 0.694865 0.909398 0.874995 0.850258 0.727558 0.900213 0.951703 0.906294 0.782604 0.345269 0.372879 0.402979 0.433710 0.560012 0.468310 0.381091 0.626749 0.237610 0.253317 0.431893 0.397452 0.476943 0.442734 0.467118 0.430367 0.657387 0.587119 0.827852 0.863903 0.678201 0.415039 0.348622 0.778582 0.535428 0.646979
0.343755 0.434638 0.378021 0.451927 0.893838 0.698047 0.429179 0.430709 0.770334 0.649855 0.000000 0.384546 0.438051 0.613169 0.673179 0.628270 0.433898 0.280568 0.276538 0.253150 0.699576 0.727803 0.691593 0.627987 0.730109 0.566615 0.947813 0.833308 0.425188 0.335171 0.512220 0.541704 0.470786 0.426829 0.867378 0.911252 0.770379 0.859626 0.782143 0.755113 0.964354 0.977661 0.550239 0.490048 0.531451 0.497265 0.511173 0.525827 0.803049 0.618183 0.650265 0.681992 0.696997 0.734731 0.731368 0.895416 0.472219 0.458062 0.551147 0.535108 0.415310 0.541033 0.397977 0.492549 0.574029 0.503024 0.528665 0.416251 0.542325 0.600134 0.689232 0.620158 0.544794 0.497903 0.808890 0.698172 0.624704 0.572458 0.538451 0.420766 0.422079 0.355389 0.619175 0.619186 0.701272 0.566477 0.975106 0.868546 0.906051 0.789909 0.793822 0.856177 0.846754 0.828044 0.643511 0.619286 0.621303 0.915204 0.621187 0.550053 0.741473 0.607875 0.636915 0.548413 0.610706 0.753737 0.981199 0.896177 0.931268 0.835612 0.856741 0.661535 0.619957 0.731782 0.714970 0.964767
0.239829 0.281870 0.365014 0.391994 0.837512 0.658264 0.446423 0.368929 0.736781 0.627693 0.384546 0.000000 0.266614 0.374525 0.342902 0.275177 0.349488 0.287554 0.378368 0.347608 0.540864 0.686314 0.355089 0.402326 0.577567 0.477204 0.970623 0.891434 0.295973 0.264524 0.327625 0.456970 0.325404 0.337635 0.663947 0.866826 0.588550 0.675464 0.726708 0.883236 0.990551 0.868414 0.501906 0.448556 0.439765 0.403662 0.433180 0.357960 0.673353 0.440235 0.465635 0.453539 0.553975 0.575230 0.731552 0.811762 0.470160 0.419455 0.403739 0.329164 0.217157 0.245261 0.285391 0.270886 0.396521 0.318254 0.440655 0.331065 0.545702 0.391932 0.520403 0.487985 0.318213 0.345875 0.690551 0.624195 0.612184 0.443469 0.464637 0.463061 0.359091 0.349156 0.440012 0.509591 0.431754 0.354087 0.948394 0.926729 0.796994 0.585974 0.829576 0.954191 0.784528 0.987582 0.538511 0.630466 0.514528 0.713632 0.575387 0.507893 0.736578 0.679516 0.583067 0.646575 0.416244 0.482879 0.899827 0.821157 0.893062 0.659666 0.847842 0.629935 0.646263 0.629922 0.548403 0.928836
0.275068 0.436977 0.265940 0.311520 0.786388 0.557838 0.359177 0.343335 0.634646 0.614784 0.438051 0.266614 0.000000 0.376498 0.294372 0.278244 0.508357 0.438810 0.363344 0.415353 0.613795 0.753157 0.283760 0.304044 0.567989 0.430306 0.995842 0.952761 0.406117 0.387247 0.367617 0.506298 0.355004 0.406681 0.613400 0.876322 0.639522 0.807045 0.643043 0.826880 0.965434 0.996829 0.429620 0.425434 0.421723 0.382835 0.383382 0.375829 0.711984 0.404568 0.464026 0.448524 0.527498 0.584845 0.559124 0.648416 0.655331 0.596575 0.385845 0.350933 0.200915 0.270899 0.384649 0.459201 0.237463 0.243786 0.387508 0.337382 0.563059 0.479176 0.516360 0.495896 0.386921 0.447927 0.742592 0.580680 0.576481 0.634126 0.517294 0.492706 0.405067 0.317086 0.519733 0.574260 0.358722 0.259058 0.903596 0.789865 0.649539 0.542182 0.728595 0.836928 0.694270 0.861344 0.582858 0.689712 0.476785 0.762601 0.549711 0.502546 0.685098 0.667165 0.657295 0.708919 0.418457 0.543535 0.957128 0.844776 0.686209 0.770405 0.876125 0.602494 0.574183 0.605935 0.554762 0.819625
0.458568 0.554122 0.552682 0.491283 0.932326 0.829787 0.700368 0.578595 0.853611 0.831821 0.613169 0.374525 0.376498 0.000000 0.264411 0.296206 0.683205 0.555105 0.520231 0.518925 0.590343 0.739197 0.432747 0.344837 0.561550 0.523886 0.930437 0.926777 0.427533 0.470279 0.463444 0.574722 0.491052 0.560749 0.844818 0.954770 0.664935 0.836824 0.772228 0.819995 0.942738 0.889559 0.650899 0.657899 0.758310 0.659823 0.565784 0.639938 0.903884 0.752942 0.774004 0.721871 0.797558 0.903174 0.758015 0.899264 0.735125 0.719338 0.603040 0.596312 0.487908 0.473914 0.583393 0.587829 0.443082 0.449242 0.669164 0.619329 0.786782 0.565181 0.705196 0.731593 0.551945 0.619592 0.823446 0.646632 0.653734 0.689978 0.621731 0.616481 0.661035 0.571112 0.507695 0.539334 0.488809 0.370589 0.926829 0.896197 0.821024 0.573793 0.938437 0.962943 0.883990 0.925064 0.703278 0.754290 0.736747 0.779879 0.761310 0.703996 0.807358 0.888518 0.779243 0.908557 0.627919 0.703058 0.934168 0.959607 0.908464 0.796939 0.998178 0.807621 0.777265 0.725260 0.666994 0.996065
0.455130 0.583789 0.434627 0.433771 0.888249 0.691163 0.560852 0.514019 0.764370 0.753495 0.673179 0.342902 0.294372 0.264411 0.000000 0.218867 0.637891 0.582216 0.529507 0.575455 0.617027 0.726435 0.221319 0.260326 0.410210 0.445462 0.959182 0.922575 0.465859 0.458211 0.301733 0.402195 0.380621 0.478796 0.606511 0.994754 0.650463 0.875415 0.706553 0.942198 0.964697 0.988294 0.552542 0.579702 0.601412 0.553483 0.475800 0.521543 0.832387 0.677939 0.709969 0.632488 0.742520 0.839138 0.627028 0.713181 0.820733 0.802919 0.573691 0.575192 0.397476 0.435239 0.550645 0.604801 0.336182 0.383836 0.526344 0.523654 0.746608 0.599729 0.581647 0.657750 0.410430 0.542002 0.717458 0.702244 0.599416 0.691344 0.523920 0.618756 0.545191 0.488443 0.463312 0.574201 0.362648 0.293394 0.878581 0.865947 0.866029 0.616755 0.916019 0.943816 0.889000 0.908101 0.687490 0.773570 0.602835 0.767743 0.726908 0.670742 0.876314 0.868422 0.826860 0.901308 0.486920 0.595318 0.983101 0.983863 0.817339 0.747333 0.916376 0.751516 0.701426 0.730935 0.562970 0.952767
0.406306 0.502327 0.408349 0.380938 0.823533 0.563372 0.488037 0.438958 0.642282 0.681610 0.628270 0.275177 0.278244 0.296206 0.218867 0.000000 0.579257 0.525173 0.459683 0.533373 0.589049 0.687631 0.190858 0.216450 0.482229 0.448839 0.954895 0.888858 0.426058 0.425219 0.302552 0.453487 0.342312 0.421708 0.602229 0.885333 0.666167 0.796581 0.757805 0.924725 0.968972 0.940336 0.440298 0.457928 0.482659 0.424222 0.444146 0.408755 0.706279 0.490290 0.487309 0.429228 0.493256 0.572371 0.689265 0.684187 0.744110 0.710091 0.459134 0.450166 0.327942 0.365932 0.443499 0.476945 0.353746 0.348510 0.422116 0.433126 0.737078 0.524438 0.427752 0.464190 0.389013 0.434442 0.637227 0.617019 0.516266 0.637373 0.503840 0.524117 0.503321 0.491951 0.527788 0.601521 0.398510 0.307608 0.951455 0.963398 0.855715 0.672516 0.719072 0.842205 0.664991 0.923573 0.619628 0.685156 0.523121 0.738983 0.597840 0.547587 0.751091 0.678368 0.680634 0.816732 0.391050 0.525203 0.829859 0.798462 0.834818 0.781717 0.835190 0.681804 0.598529 0.635374 0.490899 0.873823
0.253559 0.193846 0.512039 0.548316 0.772518 0.871151 0.457931 0.430167 0.787366 0.634319 0.433898 0.349488 0.508357 0.683205 0.637891 0.579257 0.000000 0.188444 0.355509 0.366930 0.634285 0.690592 0.548788 0.676829 0.599216 0.592051 0.863622 0.858804 0.301222 0.283709 0.425625 0.499009 0.345445 0.361873 0.777109 0.669167 0.652281 0.641998 0.851744 0.777547 0.933759 0.624821 0.435092 0.387570 0.396605 0.378118 0.425763 0.366099 0.604910 0.486883 0.435739 0.522315 0.591269 0.610259 0.681106 0.873912 0.179659 0.221663 0.320591 0.394898 0.349822 0.442129 0.208872 0.209384 0.543219 0.515107 0.407191 0.335576 0.416674 0.363604 0.493117 0.461201 0.401363 0.391040 0.803701 0.669669 0.533472 0.429425 0.371376 0.483568 0.212753 0.379213 0.417933 0.493017 0.519374 0.530430 0.954956 0.947331 0.896909 0.748286 0.793400 0.876991 0.789030 0.913938 0.573044 0.692517 0.539016 0.595965 0.512852 0.468228 0.826489 0.681373 0.503058 0.478020 0.487053 0.528719 0.861593 0.772018 0.836058 0.622930 0.742838 0.563233 0.614138 0.676730 0.557677 0.898895
0.220198 0.235180 0.380715 0.423275 0.830372 0.809229 0.358014 0.352473 0.759790 0.610168 0.280568 0.287554 0.438810 0.555105 0.582216 0.525173 0.188444 0.000000 0.219648 0.228670 0.599373 0.641162 0.546792 0.622220 0.588713 0.485839 0.919903 0.844386 0.242816 0.201283 0.392887 0.439218 0.295772 0.258810 0.760395 0.832669 0.601277 0.685827 0.770746 0.709014 0.961797 0.692426 0.396517 0.328299 0.389416 0.349402 0.386583 0.350447 0.635755 0.496121 0.459388 0.522163 0.589218 0.611251 0.694753 0.847250 0.226308 0.232129 0.358793 0.413479 0.287344 0.423295 0.197226 0.236394 0.469268 0.416515 0.378856 0.293984 0.446537 0.407108 0.509341 0.498468 0.404318 0.343341 0.760072 0.595308 0.558924 0.442793 0.387972 0.386125 0.258940 0.265051 0.421574 0.448875 0.493721 0.443792 0.969977 0.991952 0.885632 0.699143 0.753615 0.828162 0.770592 0.821380 0.550275 0.582444 0.540212 0.690958 0.467718 0.428160 0.714084 0.589707 0.528459 0.460855 0.466911 0.549756 0.952884 0.789788 0.905816 0.702939 0.813025 0.513232 0.551022 0.635400 0.546701 0.904662
0.308300 0.394188 0.293298 0.296173 0.773265 0.671082 0.276065 0.300102 0.651009 0.547164 0.276538 0.378368 0.363344 0.520231 0.529507 0.459683 0.355509 0.219648 0.000000 0.254164 0.637609 0.590178 0.477024 0.474679 0.574835 0.449340 0.931377 0.887730 0.304798 0.252439 0.356045 0.396524 0.300711 0.261967 0.770326 0.768225 0.610799 0.882755 0.747743 0.754089 0.873716 0.790357 0.326972 0.294960 0.374703 0.338665 0.347936 0.369247 0.634784 0.502959 0.536196 0.551697 0.603563 0.658734 0.712931 0.783849 0.432649 0.464601 0.406222 0.499896 0.340861 0.496401 0.343597 0.449820 0.414155 0.379262 0.350467 0.360808 0.563566 0.498101 0.479109 0.459914 0.479919 0.421442 0.762002 0.571500 0.499125 0.542257 0.471208 0.362499 0.383570 0.325031 0.610041 0.543001 0.565655 0.460779 0.929798 0.943126 0.868426 0.763334 0.633651 0.706010 0.689830 0.702371 0.556810 0.568107 0.518863 0.692637 0.421102 0.374430 0.645881 0.547249 0.560685 0.435252 0.465188 0.659146 0.959183 0.819480 0.792874 0.806731 0.808413 0.487665 0.449520 0.607859 0.543063 0.833994
0.291493 0.367210 0.376499 0.398689 0.901157 0.762404 0.403415 0.353622 0.715104 0.533747 0.253150 0.347608 0.415353 0.518925 0.575455 0.533373 0.366930 0.228670 0.254164 0.000000 0.670908 0.670464 0.568892 0.585025 0.681771 0.527327 0.904704 0.822394 0.332467 0.269686 0.432363 0.419125 0.353478 0.302880 0.773764 0.867978 0.666282 0.762337 0.732444 0.779416 0.884005 0.853577 0.445420 0.376774 0.464979 0.421992 0.413812 0.394134 0.671997 0.542412 0.570355 0.592714 0.636635 0.726203 0.768363 0.830704 0.386586 0.374748 0.434382 0.484497 0.373776 0.456063 0.348025 0.394138 0.498206 0.438788 0.466277 0.411694 0.577479 0.475018 0.657296 0.588925 0.517505 0.455765 0.697903 0.635616 0.602026 0.573561 0.487592 0.426819 0.450859 0.355638 0.542028 0.585630 0.656278 0.521733 0.950510 0.946008 0.838633 0.672423 0.783203 0.838272 0.836962 0.862281 0.630388 0.597490 0.559895 0.738932 0.486331 0.465546 0.638675 0.605536 0.615150 0.510767 0.546127 0.644704 0.960580 0.836593 0.847525 0.792011 0.761509 0.567075 0.567210 0.723008 0.593300 0.824735
0.564887 0.614930 0.641800 0.570727 0.822710 0.778397 0.674767 0.657871 0.842204 0.904049 0.699576 0.540864 0.613795 0.590343 0.617027 0.589049 0.634285 0.599373 0.637609 0.670908 0.000000 0.765110 0.559048 0.569827 0.695602 0.662995 0.900081 0.894270 0.600876 0.613915 0.567060 0.676582 0.580186 0.550218 0.737335 0.870312 0.622045 0.922750 0.762913 0.786030 0.933194 0.936414 0.688557 0.696478 0.704686 0.633982 0.549258 0.639771 0.858244 0.782916 0.781296 0.780306 0.760068 0.868846 0.788992 0.775423 0.714154 0.719445 0.668601 0.606576 0.553856 0.596644 0.590838 0.629379 0.590361 0.551953 0.656242 0.607553 0.766649 0.705818 0.689797 0.695763 0.613767 0.671898 0.768763 0.688154 0.734497 0.669042 0.726728 0.607627 0.604738 0.555509 0.552295 0.532864 0.567979 0.542179 0.917236 0.964673 0.865519 0.637991 0.895389 0.982496 0.822399 0.997365 0.825082 0.748520 0.705645 0.877957 0.804774 0.679702 0.959894 0.929264 0.650207 0.709478 0.701403 0.717573 0.993561 0.958262 0.952510 0.908462 0.973470 0.862440 0.857033 0.795010 0.795755 0.821872
0.724052 0.744806 0.665950 0.670504 0.829589 0.837817 0.648701 0.639101 0.768381 0.815756 0.727803 0.686314 0.753157 0.739197 0.726435 0.687631 0.690592 0.641162 0.590178 0.670464 0.765110 0.000000 0.726383 0.683854 0.875868 0.761405 0.811523 0.706520 0.634155 0.670892 0.674162 0.615970 0.556094 0.635604 0.884336 0.863407 0.961923 0.865269 0.977360 0.913431 0.920596 0.967790 0.692986 0.670307 0.720783 0.699968 0.726495 0.767007 0.878782 0.855825 0.826682 0.812440 0.873093 0.823366 0.895189 0.845441 0.755991 0.749847 0.802341 0.791523 0.706791 0.808069 0.719411 0.747418 0.753750 0.706047 0.651758 0.686834 0.829967 0.780618 0.674015 0.712601 0.808429 0.653791 0.993375 0.904285 0.768390 0.688701 0.889188 0.701733 0.755685 0.750152 0.787673 0.817161 0.840730 0.745401 0.967343 0.938087 0.869705 0.863461 0.720301 0.843973 0.809347 0.843953 0.783987 0.830194 0.794118 0.815162 0.719363 0.664364 0.848504 0.879693 0.826636 0.631498 0.771167 0.762943 0.994995 0.921367 0.991273 0.879851 0.819602 0.813922 0.758263 0.758218 0.894107 0.851821
0.435396 0.533895 0.315350 0.316288 0.753331 0.570232 0.353494 0.361185 0.539390 0.527175 0.691593 0.355089 0.283760 0.432747 0.221319 0.190858 0.548788 0.546792 0.477024 0.568892 0.559048 0.726383 0.000000 0.233221 0.449489 0.391038 0.984183 0.998763 0.497756 0.455121 0.231096 0.393396 0.272426 0.359929 0.499287 0.804481 0.575569 0.828070 0.702770 0.877536 0.968637 0.944364 0.331407 0.367546 0.341318 0.327038 0.328400 0.349003 0.585887 0.427783 0.429851 0.365138 0.444188 0.552434 0.547720 0.597732 0.747590 0.739057 0.379924 0.418829 0.288907 0.338274 0.463017 0.498982 0.246113 0.281645 0.286179 0.330270 0.744903 0.492003 0.338143 0.387753 0.399412 0.421585 0.668481 0.653215 0.406080 0.618247 0.421927 0.530731 0.452553 0.457348 0.483839 0.563640 0.341108 0.290416 0.905810 0.938350 0.746848 0.628586 0.637522 0.775052 0.597480 0.868672 0.539056 0.650910 0.392368 0.635916 0.497223 0.450810 0.751682 0.675836 0.593272 0.735958 0.321475 0.389093 0.747043 0.798248 0.733566 0.790296 0.732515 0.570782 0.537764 0.663825 0.417490 0.813382
0.484137 0.643109 0.346600 0.333966 0.848677 0.657540 0.477032 0.447950 0.597383 0.668990 0.627987 0.402326 0.304044 0.344837 0.260326 0.216450 0.676829 0.622220 0.474679 0.585025 0.569827 0.683854 0.233221 0.000000 0.495126 0.435998 0.979466 0.903024 0.496057 0.484812 0.320528 0.402166 0.418516 0.448087 0.658969 0.953082 0.661671 0.851644 0.692074 0.845218 0.947152 0.967169 0.487620 0.534068 0.537028 0.492728 0.421433 0.491959 0.725430 0.582869 0.598966 0.534735 0.587248 0.672077 0.636015 0.625013 0.880569 0.889421 0.520922 0.557249 0.387195 0.469852 0.574881 0.663784 0.343974 0.340092 0.463531 0.492254 0.802929 0.651025 0.489465 0.570787 0.463677 0.540275 0.742982 0.718854 0.564275 0.699137 0.579822 0.537594 0.549417 0.513539 0.610415 0.630315 0.453927 0.345684 0.837343 0.826976 0.758073 0.696478 0.725827 0.838473 0.713206 0.909047 0.654863 0.779322 0.517463 0.734176 0.667892 0.588486 0.724082 0.774418 0.705568 0.824165 0.508433 0.612098 0.905428 0.829829 0.803527 0.830092 0.837224 0.713639 0.596721 0.714565 0.548630 0.881641
0.524442 0.650130 0.580549 0.699587 0.922610 0.832395 0.701074 0.780811 0.976064 0.947286 0.730109 0.577567 0.567989 0.561550 0.410210 0.482229 0.599216 0.588713 0.574835 0.681771 0.695602 0.875868 0.449489 0.495126 0.000000 0.473919 0.840888 0.917783 0.510491 0.492675 0.396248 0.412150 0.560853 0.617995 0.580603 0.909948 0.572339 0.887493 0.578382 0.795355 0.999238 0.890173 0.662963 0.660308 0.697906 0.669737 0.556284 0.581667 0.881021 0.869436 0.817982 0.813914 0.829787 0.970360 0.594618 0.792538 0.744461 0.799518 0.702946 0.704418 0.570763 0.713339 0.629712 0.671177 0.508630 0.638901 0.648893 0.672817 0.520379 0.619049 0.741921 0.831293 0.423671 0.645495 0.670349 0.848815 0.723896 0.808829 0.652052 0.560972 0.554976 0.613663 0.565271 0.665664 0.461326 0.478480 0.890853 0.983534 0.975893 0.775789 0.850972 0.748515 0.893333 0.784305 0.661858 0.832583 0.641381 0.873542 0.884533 0.866632 0.840069 0.939480 0.891056 0.962806 0.704124 0.759065 0.895765 0.995538 0.869371 0.785809 0.910837 0.856087 0.889503 0.911808 0.678288 0.986187
0.482942 0.599022 0.318708 0.379035 0.986960 0.614600 0.407700 0.472679 0.587692 0.589544 0.566615 0.477204 0.430306 0.523886 0.445462 0.448839 0.592051 0.485839 0.449340 0.527327 0.662995 0.761405 0.391038 0.435998 0.473919 0.000000 0.903999 0.901606 0.515770 0.429243 0.288882 0.353185 0.344212 0.374909 0.633561 0.837129 0.629727 0.905756 0.553037 0.557275 0.889592 0.849835 0.399681 0.365822 0.443076 0.442897 0.410627 0.412066 0.652672 0.555654 0.518932 0.502248 0.535888 0.664979 0.598530 0.644171 0.743055 0.715280 0.495632 0.540652 0.420230 0.525203 0.537379 0.598832 0.367047 0.385043 0.404898 0.401996 0.673304 0.585919 0.532318 0.467842 0.459199 0.426925 0.726067 0.749222 0.503533 0.709276 0.546450 0.416513 0.561329 0.462720 0.606784 0.561150 0.535575 0.409582 0.906587 0.897676 0.707302 0.611232 0.696727 0.839920 0.754273 0.756074 0.546797 0.725408 0.443618 0.688025 0.521516 0.485642 0.745301 0.601657 0.597671 0.594418 0.451871 0.592465 0.870324 0.716741 0.926683 0.769236 0.846345 0.655135 0.516826 0.799406 0.513939 0.873075
0.940937 0.794713 0.999962 0.935101 0.758343 0.927959 0.934178 0.845568 0.942669 0.980328 0.947813 0.970623 0.995842 0.930437 0.959182 0.954895 0.863622 0.919903 0.931377 0.904704 0.900081 0.811523 0.984183 0.979466 0.840888 0.903999 0.000000 0.934233 0.909271 0.881074 0.900546 0.995257 0.919620 0.861116 0.989730 0.791393 0.853389 0.871549 0.996309 0.911381 0.943881 0.878062 0.932639 0.902455 0.883596 0.923339 0.922014 0.931570 0.889901 0.890598 0.880094 0.896217 0.989487 0.842279 0.994315 0.976459 0.790890 0.778399 0.902467 0.893316 0.902851 0.908614 0.871760 0.815264 0.986952 0.983721 0.893232 0.904340 0.955261 0.783139 0.858694 0.903365 0.960507 0.773245 0.897713 0.979514 0.950009 0.866849 0.965949 0.862886 0.852600 0.946068 0.977062 0.867785 0.920031 0.952003 0.871625 0.951141 0.795789 0.961047 0.900497 0.974087 0.934585 0.976912 0.886756 0.979940 0.878293 0.704219 0.884344 0.890594 0.863076 0.894760 0.797782 0.776145 0.903878 0.847813 0.956543 0.951213 0.913942 0.973228 0.914667 0.802303 0.829818 0.973912 0.900352 0.877499
0.836427 0.878191 0.977649 0.974652 0.883064 0.695955 0.942897 0.949550 0.980530 0.909929 0.833308 0.891434 0.952761 0.926777 0.922575 0.888858 0.858804 0.844386 0.887730 0.822394 0.894270 0.706520 0.998763 0.903024 0.917783 0.901606 0.934233 0.000000 0.855932 0.903036 0.948282 0.988975 0.884000 0.930949 0.870329 0.957214 0.882400 0.903686 0.969687 0.986828 0.855421 0.978862 0.988462 0.941079 0.991729 0.973182 0.968234 0.993827 0.882931 0.950909 0.995096 0.999564 0.963996 0.963001 0.922320 0.892388 0.834702 0.815061 0.956179 0.934190 0.941642 0.971675 0.848721 0.840857 0.942315 0.945691 0.959136 0.945584 0.771982 0.986233 0.873782 0.938764 0.995910 0.931362 0.919091 0.978599 0.927061 0.900086 0.992294 0.862126 0.861407 0.884869 0.953677 0.901984 0.983940 0.916579 0.953256 0.998841 0.932458 0.875282 0.941966 0.956621 0.984368 0.952343 0.871240 0.868407 0.933847 0.976799 0.935816 0.937942 0.874491 0.990820 0.955339 0.792563 0.925075 0.972879 0.943054 0.810285 0.954358 0.876682 0.935864 0.954926 0.957268 0.867461 0.980232 0.888497
0.272982 0.289228 0.493944 0.464297 0.788014 0.845685 0.520449 0.476810 0.886776 0.766356 0.425188 0.295973 0.406117 0.427533 0.465859 0.426058 0.301222 0.242816 0.304798 0.332467 0.600876 0.634155 0.497756 0.496057 0.510491 0.515770 0.909271 0.855932 0.000000 0.211163 0.378368 0.489306 0.383719 0.334271 0.708278 0.854122 0.546919 0.685288 0.717407 0.776730 0.930837 0.807716 0.519627 0.457196 0.497574 0.448002 0.442105 0.397257 0.672833 0.543111 0.554311 0.582861 0.664506 0.715693 0.625977 0.763757 0.359655 0.366879 0.463941 0.414590 0.325452 0.417448 0.260701 0.300816 0.467792 0.419696 0.484028 0.412665 0.510616 0.400693 0.582555 0.574875 0.388755 0.414471 0.690401 0.668526 0.562812 0.496773 0.549564 0.464789 0.325572 0.336798 0.423144 0.391253 0.425350 0.392460 0.957532 0.938718 0.861738 0.559524 0.921066 0.979874 0.897297 0.987809 0.631492 0.685301 0.654452 0.749391 0.618611 0.540241 0.794653 0.790205 0.729107 0.627205 0.564471 0.634541 0.966719 0.835944 0.874270 0.669198 0.818075 0.592578 0.668011 0.613800 0.582940 0.894042
0.244654 0.294571 0.387481 0.420684 0.830197 0.818640 0.431620 0.421698 0.810781 0.658650 0.335171 0.264524 0.387247 0.470279 0.458211 0.425219 0.283709 0.201283 0.252439 0.269686 0.613915 0.670892 0.455121 0.484812 0.492675 0.429243 0.881074 0.903036 0.211163 0.000000 0.274105 0.397352 0.293696 0.249252 0.685541 0.767321 0.583324 0.663504 0.657064 0.836695 0.967825 0.867424 0.454063 0.364908 0.429548 0.372779 0.382218 0.359916 0.662281 0.483626 0.494274 0.514542 0.564950 0.633209 0.594102 0.772307 0.378913 0.358254 0.459122 0.436627 0.305550 0.415245 0.255730 0.300616 0.454244 0.414241 0.417590 0.351593 0.434942 0.385839 0.525499 0.521304 0.334019 0.285228 0.675178 0.589230 0.613118 0.503988 0.469107 0.422915 0.316091 0.285951 0.425387 0.377280 0.507869 0.429584 0.893675 0.904172 0.882378 0.650115 0.875220 0.981920 0.913935 0.996760 0.555968 0.717871 0.512341 0.713154 0.565008 0.508061 0.732102 0.651505 0.578263 0.601302 0.544903 0.584831 0.947647 0.848898 0.889561 0.732545 0.785450 0.618713 0.601539 0.707933 0.558105 0.869690
0.333419 0.416222 0.298202 0.331310 0.828452 0.606976 0.348565 0.392675 0.610865 0.551043 0.512220 0.327625 0.367617 0.463444 0.301733 0.302552 0.425625 0.392887 0.356045 0.432363 0.567060 0.674162 0.231096 0.320528 0.396248 0.288882 0.900546 0.948282 0.378368 0.274105 0.000000 0.266211 0.229137 0.256142 0.498009 0.712403 0.542647 0.726330 0.621172 0.804856 0.956869 0.853654 0.299377 0.274882 0.294879 0.277283 0.273489 0.276653 0.530309 0.447940 0.424827 0.399720 0.471920 0.625929 0.530097 0.621010 0.578069 0.588945 0.392838 0.400208 0.297981 0.394962 0.375792 0.413306 0.319922 0.327375 0.271884 0.298758 0.640103 0.399570 0.369071 0.388815 0.318809 0.281383 0.626554 0.667781 0.433436 0.525734 0.393996 0.380237 0.370730 0.393887 0.436682 0.479596 0.447378 0.372031 0.907076 0.942996 0.810680 0.589443 0.747019 0.894182 0.770627 0.917179 0.531510 0.659139 0.370865 0.660096 0.471653 0.448620 0.717725 0.639834 0.537719 0.588285 0.412087 0.467988 0.776898 0.768683 0.826879 0.750498 0.708924 0.578600 0.479070 0.666090 0.382208 0.899485
0.479471 0.604919 0.368309 0.396675 0.993952 0.737251 0.441877 0.473040 0.638108 0.554469 0.541704 0.456970 0.506298 0.574722 0.402195 0.453487 0.499009 0.439218 0.396524 0.419125 0.676582 0.615970 0.393396 0.402166 0.412150 0.353185 0.995257 0.988975 0.489306 0.397352 0.266211 0.000000 0.326768 0.382783 0.663921 0.870949 0.616729 0.848779 0.602051 0.824455 0.894451 0.878042 0.440176 0.417457 0.491626 0.507056 0.475199 0.447547 0.741827 0.718078 0.690955 0.684134 0.721232 0.861904 0.748937 0.805796 0.639421 0.706753 0.587263 0.668347 0.502780 0.643860 0.561572 0.618666 0.478320 0.493391 0.480682 0.497253 0.649392 0.626088 0.599000 0.576189 0.446497 0.451750 0.647270 0.844313 0.591658 0.581952 0.520384 0.469633 0.558872 0.517104 0.631003 0.664657 0.649598 0.516917 0.993919 0.933315 0.894027 0.770543 0.812714 0.948456 0.883804 0.929017 0.689000 0.696028 0.485755 0.769002 0.584502 0.543410 0.805607 0.698501 0.702178 0.576479 0.576602 0.658278 0.962594 0.850554 0.917501 0.801256 0.705099 0.659022 0.577822 0.778344 0.512165 0.841765
0.317734 0.380581 0.267440 0.266758 0.786433 0.628474 0.246665 0.265529 0.585541 0.450951 0.470786 0.325404 0.355004 0.491052 0.380621 0.342312 0.345445 0.295772 0.300711 0.353478 0.580186 0.556094 0.272426 0.418516 0.560853 0.344212 0.919620 0.884000 0.383719 0.293696 0.229137 0.326768 0.000000 0.213654 0.629423 0.688995 0.574665 0.753314 0.740531 0.788262 0.910976 0.778420 0.249587 0.211349 0.262302 0.253869 0.281831 0.301183 0.539249 0.418134 0.391829 0.374886 0.454764 0.526255 0.577082 0.634588 0.483386 0.459572 0.336730 0.383226 0.266227 0.328265 0.343318 0.375784 0.280416 0.263906 0.220244 0.214702 0.623003 0.389074 0.314201 0.324040 0.382382 0.315288 0.741692 0.637050 0.345410 0.489594 0.335249 0.411882 0.348987 0.328753 0.463498 0.488058 0.425389 0.330737 0.976096 0.989975 0.786559 0.633405 0.554217 0.686041 0.588064 0.730526 0.475832 0.578265 0.346119 0.537222 0.357099 0.315809 0.603975 0.506939 0.523977 0.461262 0.320720 0.360519 0.861090 0.658341 0.839034 0.689805 0.660879 0.490757 0.416867 0.631635 0.399322 0.863358
0.295693 0.366683 0.275466 0.272154 0.780460 0.580402 0.231007 0.257100 0.541300 0.439641 0.426829 0.337635 0.406681 0.560749 0.478796 0.421708 0.361873 0.258810 0.261967 0.302880 0.550218 0.635604 0.359929 0.448087 0.617995 0.374909 0.861116 0.930949 0.334271 0.249252 0.256142 0.382783 0.213654 0.000000 0.559441 0.746309 0.548350 0.723009 0.754299 0.790103 0.901298 0.830424 0.256823 0.199766 0.241772 0.222489 0.263208 0.295728 0.501677 0.374717 0.381026 0.355310 0.438180 0.513900 0.597279 0.601837 0.449202 0.448560 0.334266 0.371347 0.253488 0.351209 0.313610 0.357801 0.325806 0.271831 0.221310 0.222300 0.650041 0.397800 0.406575 0.393895 0.423695 0.335460 0.694534 0.589682 0.416472 0.500355 0.367539 0.355630 0.346007 0.292429 0.524861 0.427364 0.456081 0.398956 0.975097 0.975980 0.868325 0.647129 0.586169 0.686789 0.623672 0.688013 0.468576 0.562032 0.414518 0.603800 0.324591 0.317525 0.599310 0.535081 0.494093 0.401820 0.375515 0.444341 0.772135 0.663121 0.821215 0.775848 0.675436 0.392553 0.399050 0.622274 0.367196 0.814719
0.614123 0.687526 0.628938 0.692118 0.867676 0.536802 0.622271 0.707904 0.734771 0.773551 0.867378 0.663947 0.613400 0.844818 0.606511 0.602229 0.777109 0.760395 0.770326 0.773764 0.737335 0.884336 0.499287 0.658969 0.580603 0.633561 0.989730 0.870329 0.708278 0.685541 0.498009 0.663921 0.629423 0.559441 0.000000 0.883044 0.675717 0.810789 0.846794 0.922246 0.966121 0.905303 0.569039 0.585305 0.526370 0.531217 0.626047 0.583435 0.700787 0.550866 0.580565 0.527034 0.573784 0.668911 0.640695 0.688206 0.842868 0.765379 0.620968 0.539027 0.565095 0.660376 0.599799 0.637481 0.624986 0.636522 0.528055 0.555055 0.835454 0.600883 0.563914 0.624343 0.673210 0.574357 0.753893 0.812136 0.724009 0.675234 0.641293 0.670824 0.595197 0.676875 0.744220 0.837088 0.600513 0.626768 0.913269 0.974581 0.885739 0.762304 0.835714 0.958784 0.788333 0.888924 0.615362 0.762906 0.595574 0.860452 0.635458 0.730915 0.913718 0.853288 0.818468 0.859679 0.603184 0.574263 0.799025 0.793787 0.740064 0.940796 0.640152 0.680406 0.748480 0.923357 0.703704 0.768969
0.813067 0.651325 0.817129 0.762846 0.836016 0.890340 0.691657 0.698215 0.720810 0.621322 0.911252 0.866826 0.876322 0.954770 0.994754 0.885333 0.669167 0.832669 0.768225 0.867978 0.870312 0.863407 0.804481 0.953082 0.909948 0.837129 0.791393 0.957214 0.854122 0.767321 0.712403 0.870949 0.688995 0.746309 0.883044 0.000000 0.904876 0.658883 0.971833 0.931296 0.942061 0.819843 0.588738 0.571766 0.536146 0.588368 0.715020 0.658123 0.551103 0.556171 0.582742 0.588240 0.656799 0.616557 0.833594 0.837807 0.722408 0.704087 0.646531 0.699778 0.795380 0.771896 0.745318 0.691676 0.854545 0.807965 0.580775 0.639243 0.899939 0.605482 0.546388 0.442809 0.859133 0.677079 0.962400 0.995728 0.690937 0.638511 0.701232 0.839253 0.710566 0.835324 0.824067 0.765059 0.984361 0.918711 0.908308 0.895553 0.907811 0.937889 0.634271 0.675713 0.693340 0.730762 0.755192 0.859445 0.656408 0.634083 0.608600 0.588349 0.664404 0.569992 0.637188 0.694362 0.729932 0.698192 0.692269 0.814052 0.797507 0.980363 0.582540 0.733070 0.648513 0.764600 0.687317 0.792048
0.548011 0.604994 0.614799 0.628358 0.996065 0.945895 0.665520 0.705813 0.941424 0.843312 0.770379 0.588550 0.639522 0.664935 0.650463 0.666167 0.652281 0.601277 0.610799 0.666282 0.622045 0.961923 0.575569 0.661671 0.572339 0.629727 0.853389 0.882400 0.546919 0.583324 0.542647 0.616729 0.574665 0.548350 0.675717 0.904876 0.000000 0.809543 0.633307 0.758507 0.875872 0.861112 0.653905 0.609800 0.615674 0.609954 0.563234 0.541037 0.784650 0.720962 0.687884 0.712944 0.778215 0.900596 0.846084 0.854564 0.631775 0.681819 0.658496 0.629293 0.566663 0.616868 0.615840 0.617886 0.551652 0.582481 0.663587 0.589647 0.783176 0.639577 0.733709 0.790765 0.592803 0.592433 0.781571 0.786163 0.622986 0.742267 0.654344 0.770121 0.665412 0.695776 0.723299 0.704869 0.617275 0.636507 0.952739 0.788417 0.834351 0.792498 0.992868 0.969091 0.930468 0.957179 0.674599 0.628778 0.720301 0.842651 0.709311 0.695719 0.959402 0.945863 0.715178 0.734825 0.599442 0.668968 0.991305 0.839614 0.825800 0.776031 0.841125 0.651507 0.775201 0.955129 0.709627 0.733188
0.643415 0.579994 0.841367 0.915455 0.980960 0.840196 0.870355 0.857533 0.963186 0.861453 0.859626 0.675464 0.807045 0.836824 0.875415 0.796581 0.641998 0.685827 0.882755 0.762337 0.922750 0.865269 0.828070 0.851644 0.887493 0.905756 0.871549 0.903686 0.685288 0.663504 0.726330 0.848779 0.753314 0.723009 0.810789 0.658883 0.809543 0.000000 0.891101 0.965557 0.908146 0.977193 0.761963 0.708357 0.674388 0.649047 0.749559 0.704082 0.710752 0.637548 0.587120 0.633944 0.709402 0.715474 0.868813 0.799274 0.561374 0.565693 0.708975 0.632334 0.703967 0.695054 0.597826 0.520523 0.821338 0.814433 0.739814 0.669255 0.815366 0.685094 0.715374 0.743884 0.686308 0.652707 0.886647 0.980532 0.864896 0.625854 0.798410 0.860241 0.714380 0.865947 0.717430 0.870749 0.844671 0.890564 0.835856 0.915914 0.976797 0.973211 0.977878 0.960965 0.920370 0.952508 0.833321 0.859255 0.844391 0.752131 0.730409 0.802792 0.814987 0.784507 0.676705 0.862245 0.800661 0.666992 0.763082 0.873292 0.952351 0.837196 0.705878 0.832299 0.924576 0.856669 0.773348 0.813889
