0.000000 0.258715 0.704603 0.718455 0.590885 0.695687 0.801805 0.815587 0.487186 0.441638 0.468947 0.429907 0.638929 0.595360 0.854228 0.841932 0.426780 0.340757 0.453549 0.303023 0.629457 0.882431 0.901492 0.610691 0.563699 0.740196 0.724682 0.894797 0.821047 0.764551 0.911708 0.900938 0.615090 0.740995 0.834750 0.924042 0.807989 0.879649 0.726679 0.934978 0.936902 0.768494 0.983022 0.830771 0.859182 0.965809 0.676563 0.641010 0.908178 0.885444 0.891028 0.951546 0.634124 0.448257 0.664053 0.630194 0.240800 0.268905 0.462232 0.404192 0.996203 0.751811 0.617787 0.606681 0.486772 0.869770 0.770099 0.984812 0.314202 0.484051 0.651110 0.606162 0.716814 0.659943 0.944399 0.813172 0.977024 0.798760 0.632512 0.491959 0.331178 0.309733 0.555077 0.328000 0.344109 0.305115 0.965200 0.609734 0.719066 0.333501 0.514055 0.597883 0.695709 0.702374 0.938992 0.864816 0.786563 0.935275 0.888070 0.933503 0.656615 0.724373 0.973983 0.713346 0.908208 0.817335 0.957691 0.967783 0.725374 0.722756 0.886563 0.919662 0.854282 0.808759 0.938522 0.775457
0.258715 0.000000 0.605308 0.550987 0.597568 0.763126 0.829143 0.925321 0.591875 0.527243 0.588258 0.476418 0.729469 0.607605 0.803267 0.971313 0.452901 0.410690 0.452046 0.304531 0.652348 0.908009 0.846437 0.618171 0.481389 0.606941 0.657758 0.875475 0.801038 0.752086 0.933290 0.848074 0.634482 0.675175 0.798228 0.932861 0.695181 0.778777 0.596524 0.963651 0.971646 0.703052 0.874290 0.762333 0.816073 0.983576 0.650400 0.641476 0.944765 0.897131 0.896371 0.985981 0.638922 0.481455 0.723055 0.664020 0.250997 0.226469 0.516527 0.473782 0.926876 0.812770 0.729249 0.638264 0.459392 0.882142 0.839335 0.981651 0.302228 0.434691 0.811028 0.666964 0.815207 0.727816 0.979019 0.823596 0.885372 0.847400 0.600547 0.507519 0.348686 0.363046 0.614195 0.367647 0.461440 0.377073 0.944824 0.743073 0.751953 0.383188 0.454117 0.567023 0.625174 0.690502 0.982141 0.919567 0.789683 0.924578 0.843104 0.933835 0.549412 0.695300 0.978511 0.763582 0.956212 0.770185 0.890904 0.999894 0.825091 0.671045 0.919608 0.923870 0.895081 0.818606 0.937950 0.780060
0.704603 0.605308 0.000000 0.343684 0.769811 0.912915 0.816253 0.736884 0.929219 0.859100 0.954350 0.734383 0.624770 0.840601 0.659408 0.752091 0.952899 0.894162 0.685776 0.720747 0.640883 0.918921 0.675843 0.689907 0.425399 0.455358 0.695593 0.999438 0.967552 0.960939 0.642865 0.638047 0.765744 0.754568 0.727107 0.841335 0.546948 0.792968 0.805248 0.824298 0.925197 0.749473 0.705901 0.720938 0.879311 0.978851 0.759573 0.798194 0.919624 0.966837 0.928009 0.971752 0.812532 0.805261 0.801620 0.894185 0.674570 0.648725 0.794910 0.696056 0.907028 0.791112 0.892465 0.990718 0.439501 0.563914 0.859659 0.935062 0.605550 0.723495 0.760243 0.774190 0.855370 0.857932 0.920202 0.871865 0.667320 0.795751 0.799547 0.680016 0.850994 0.759771 0.927526 0.831317 0.866319 0.694415 0.785942 0.797328 0.779124 0.747379 0.831293 0.998560 0.923778 0.987006 0.872071 0.988046 0.664788 0.742468 0.836763 0.766619 0.653437 0.970265 0.981854 0.942349 0.850640 0.707744 0.711005 0.903345 0.936681 0.804032 0.842723 0.944458 0.841862 0.757262 0.582919 0.964916
0.718455 0.550987 0.343684 0.000000 0.734730 0.960748 0.906988 0.590201 0.980290 0.878736 0.979282 0.737919 0.752318 0.673202 0.752885 0.661066 0.875096 0.826185 0.721634 0.773728 0.709187 0.945923 0.799531 0.533930 0.447745 0.440909 0.709771 0.967084 0.938693 0.927432 0.720390 0.700724 0.813275 0.753455 0.718161 0.906979 0.494517 0.708423 0.594642 0.768647 0.893075 0.706655 0.819681 0.785279 0.832095 0.948524 0.862460 0.867755 0.868436 0.968719 0.962212 0.933177 0.872473 0.867329 0.862772 0.866427 0.602314 0.572970 0.796417 0.718089 0.983916 0.783844 0.954454 0.915272 0.569674 0.586362 0.908759 0.964414 0.635351 0.621022 0.863935 0.970294 0.970943 0.974933 0.991859 0.991314 0.745156 0.918617 0.732616 0.754070 0.841157 0.818355 0.940183 0.798622 0.961161 0.645489 0.876892 0.819189 0.748089 0.742398 0.715609 0.764381 0.816100 0.835673 0.950198 0.936151 0.810504 0.714308 0.964357 0.871567 0.543741 0.852254 0.923627 0.893470 0.961478 0.801223 0.720529 0.922283 0.999278 0.807666 0.940030 0.876225 0.868725 0.735913 0.711160 0.916994
0.590885 0.597568 0.769811 0.734730 0.000000 0.822669 0.644277 0.815966 0.715304 0.651559 0.784359 0.836809 0.932807 0.886812 0.921052 0.863751 0.748308 0.741108 0.873410 0.605500 0.742202 0.948904 0.840738 0.858285 0.663248 0.718493 0.803883 0.882822 0.913603 0.987853 0.874634 0.961427 0.943445 0.948148 0.941542 0.729239 0.797021 0.798065 0.869455 0.922632 0.883337 0.727702 0.916203 0.960307 0.671749 0.786047 0.945256 0.947882 0.804690 0.813106 0.692886 0.719552 0.552749 0.467026 0.950238 0.957804 0.506177 0.578514 0.895301 0.717581 0.739041 0.786974 0.949945 0.951723 0.692159 0.974121 0.893104 0.741280 0.537653 0.563190 0.726174 0.688733 0.850096 0.789511 0.935266 0.943970 0.981679 0.853388 0.793942 0.808060 0.656477 0.624500 0.842763 0.689563 0.844585 0.743321 0.927289 0.961615 0.984724 0.753626 0.584250 0.592677 0.741370 0.737611 0.972752 0.965075 0.899903 0.975423 0.741596 0.734549 0.597186 0.628302 0.820689 0.950579 0.879182 0.882978 0.958027 0.908896 0.836030 0.884116 0.949060 0.770056 0.876504 0.949055 0.875897 0.826861
0.695687 0.763126 0.912915 0.960748 0.822669 0.000000 0.785860 0.741274 0.611249 0.691312 0.708116 0.800020 0.997877 0.832540 0.864030 0.758436 0.692786 0.698313 0.769212 0.757209 0.912683 0.926652 0.937205 0.875507 0.948367 0.906755 0.949955 0.836396 0.897057 0.954936 0.776192 0.883160 0.889282 0.997047 0.903877 0.984214 0.863202 0.885715 0.971377 0.731482 0.743455 0.844295 0.857932 0.889355 0.965249 0.966144 0.922172 0.903201 0.917322 0.917364 0.985804 0.938000 0.831930 0.771542 0.931723 0.803696 0.665920 0.697055 0.761075 0.843982 0.946620 0.700824 0.789646 0.842357 0.823459 0.864615 0.867340 0.984377 0.771536 0.872487 0.718791 0.601502 0.650486 0.768703 0.891775 0.842832 0.790775 0.701319 0.960315 0.972126 0.731464 0.716775 0.760723 0.690201 0.667428 0.702106 0.807193 0.858602 0.931205 0.717395 0.732225 0.818020 0.918452 0.839742 0.981552 0.998697 0.931208 0.995414 0.880331 0.882174 0.910915 0.872584 0.958981 0.903646 0.967074 0.973067 0.913308 0.832636 0.730838 0.836857 0.950316 0.961013 0.920621 0.911486 0.837030 0.767582
0.801805 0.829143 0.816253 0.906988 0.644277 0.785860 0.000000 0.348664 0.658194 0.482957 0.873222 0.817566 0.620221 0.917050 0.541926 0.728472 0.946931 0.936676 0.774902 0.882973 0.919253 0.964937 0.473432 0.974042 0.758294 0.859379 0.869694 0.842175 0.557834 0.671692 0.540610 0.750753 0.702421 0.559001 0.827809 0.886156 0.996136 0.925136 0.889484 0.978870 0.822493 0.943552 0.452258 0.532601 0.375912 0.442540 0.681755 0.697938 0.499716 0.467431 0.386780 0.423652 0.455392 0.433418 0.817572 0.748380 0.805340 0.836723 0.801056 0.966478 0.326982 0.353171 0.685243 0.664766 0.904539 0.825219 0.484402 0.448793 0.728410 0.780305 0.484170 0.583788 0.658551 0.583109 0.894794 0.758091 0.652819 0.647897 0.854168 0.931201 0.857618 0.696539 0.954567 0.731561 0.991632 0.885492 0.978681 0.846340 0.843913 0.904901 0.543476 0.515206 0.779404 0.830376 0.673699 0.788368 0.722149 0.866477 0.358279 0.413443 0.746733 0.558456 0.702329 0.831944 0.732486 0.669928 0.832196 0.853206 0.776537 0.851810 0.723374 0.642227 0.440504 0.702484 0.492918 0.739636
0.815587 0.925321 0.736884 0.590201 0.815966 0.741274 0.348664 0.000000 0.672029 0.548793 0.732771 0.815742 0.656986 0.817870 0.614093 0.517285 0.896987 0.895040 0.903533 0.838615 0.979689 0.889095 0.609392 0.839929 0.919794 0.971708 0.959372 0.892025 0.812274 0.803214 0.603150 0.796340 0.828322 0.626648 0.817551 0.938312 0.890309 0.883225 0.866038 0.933778 0.742112 0.954679 0.604449 0.645298 0.612246 0.661686 0.849247 0.882532 0.747848 0.665014 0.527174 0.522477 0.561794 0.498442 0.974711 0.895245 0.894667 0.925715 0.874190 0.994534 0.447198 0.333922 0.825107 0.740887 0.888274 0.644733 0.649950 0.610324 0.764841 0.957204 0.562532 0.679275 0.754794 0.699874 0.867125 0.909574 0.689318 0.712796 0.848860 0.976026 0.798071 0.677325 0.949411 0.734724 0.846912 0.951872 0.923015 0.706267 0.760546 0.888623 0.734769 0.822699 0.891433 0.991372 0.841068 0.880694 0.826290 0.846922 0.584689 0.592726 0.976408 0.796025 0.936418 0.921507 0.861465 0.871249 0.762607 0.853613 0.821858 0.853348 0.899344 0.898689 0.574325 0.707073 0.562372 0.878945
0.487186 0.591875 0.929219 0.980290 0.715304 0.611249 0.658194 0.672029 0.000000 0.539843 0.632014 0.670318 0.976310 0.578285 0.776160 0.761767 0.443253 0.415304 0.658929 0.534431 0.850498 0.861749 0.861453 0.687911 0.737172 0.852656 0.816852 0.913055 0.902085 0.778960 0.760092 0.988312 0.806243 0.860948 0.965215 0.826228 0.870543 0.867903 0.804433 0.941133 0.912299 0.967961 0.883727 0.938043 0.916805 0.956754 0.804297 0.721985 0.919310 0.905294 0.903290 0.905661 0.793926 0.661508 0.705501 0.621361 0.484373 0.514600 0.607275 0.685063 0.784715 0.645076 0.700356 0.674365 0.939015 0.884556 0.837232 0.983259 0.581906 0.577524 0.590460 0.578626 0.750793 0.768373 0.995704 0.925820 0.842070 0.684510 0.772282 0.748237 0.483968 0.488403 0.577483 0.426869 0.611636 0.500414 0.800700 0.583069 0.768430 0.489786 0.535951 0.632570 0.719871 0.747733 0.964680 0.784630 0.911565 0.843745 0.820406 0.902966 0.921650 0.786359 0.847860 0.640024 0.955200 0.902338 0.873731 0.937663 0.741237 0.826992 0.899802 0.895658 0.765910 0.994694 0.792723 0.711635
0.441638 0.527243 0.859100 0.878736 0.651559 0.691312 0.482957 0.548793 0.539843 0.000000 0.581477 0.819770 0.938551 0.829271 0.833336 0.695480 0.722896 0.624770 0.858950 0.570805 0.787648 0.936346 0.722330 0.703050 0.631150 0.789703 0.734115 0.779372 0.779361 0.920495 0.535857 0.732215 0.915898 0.768966 0.944346 0.964275 0.905202 0.836202 0.843801 0.993675 0.847884 0.933629 0.566977 0.684444 0.430543 0.529375 0.830122 0.906780 0.604984 0.618386 0.454488 0.483821 0.382216 0.322610 0.938225 0.966234 0.521377 0.527736 0.916118 0.751581 0.658752 0.491226 0.950296 0.912707 0.657837 0.828709 0.803280 0.630715 0.448045 0.607027 0.473597 0.542689 0.660049 0.560120 0.889157 0.766430 0.656018 0.611801 0.986529 0.813603 0.580893 0.379390 0.749283 0.461533 0.566755 0.454868 0.850553 0.578127 0.823925 0.559009 0.577067 0.627674 0.928639 0.939213 0.806779 0.937379 0.946742 0.915489 0.510519 0.587666 0.722241 0.643188 0.784499 0.983845 0.875323 0.907041 0.933444 0.905930 0.647722 0.982324 0.921037 0.780819 0.520877 0.903746 0.728796 0.743745
0.468947 0.588258 0.954350 0.979282 0.784359 0.708116 0.873222 0.732771 0.632014 0.581477 0.000000 0.668404 0.740766 0.760599 0.987396 0.715511 0.603116 0.507852 0.678453 0.533072 0.791814 0.970181 0.898812 0.928243 0.888741 0.991923 0.931454 0.832530 0.819811 0.805865 0.790186 0.912649 0.829653 0.942548 0.970229 0.989009 0.982832 0.978897 0.967937 0.909872 0.845174 0.969025 0.937637 0.983912 0.885691 0.962191 0.918081 0.857216 0.951751 0.993997 0.834465 0.806162 0.690600 0.532233 0.860702 0.791056 0.524614 0.565416 0.729694 0.719497 0.976484 0.840248 0.718871 0.739646 0.664634 0.950271 0.939751 0.924725 0.568407 0.755482 0.656590 0.775027 0.817235 0.766630 0.876201 0.902034 0.754869 0.907546 0.781041 0.721249 0.551839 0.524974 0.691114 0.523778 0.548966 0.607603 0.826327 0.692268 0.824114 0.603239 0.777161 0.813526 0.833300 0.986745 0.965677 0.760941 0.890930 0.995955 0.805489 0.892006 0.848099 0.957476 0.985699 0.875752 0.925779 0.898517 0.881555 0.965237 0.738315 0.945410 0.908013 0.955945 0.837332 0.913344 0.920544 0.851282
0.429907 0.476418 0.734383 0.737919 0.836809 0.800020 0.817566 0.815742 0.670318 0.819770 0.668404 0.000000 0.500792 0.417731 0.557682 0.757266 0.432296 0.383223 0.398887 0.428143 0.721629 0.907944 0.609440 0.668536 0.783831 0.896436 0.815523 0.962580 0.566927 0.487287 0.760025 0.718026 0.475563 0.498514 0.768114 0.969260 0.840910 0.878757 0.789258 0.895659 0.940355 0.945731 0.695613 0.608236 0.747802 0.637188 0.546589 0.494369 0.596977 0.596369 0.688255 0.666405 0.922618 0.869946 0.520966 0.518467 0.469810 0.454946 0.408530 0.541296 0.650486 0.858273 0.413357 0.366341 0.659130 0.810849 0.567737 0.665096 0.608987 0.668575 0.977804 0.872962 0.919932 0.935331 0.844471 0.995224 0.844170 0.963555 0.510969 0.437999 0.400715 0.519773 0.499988 0.515405 0.451272 0.482102 0.982392 0.743240 0.609503 0.529619 0.739975 0.793838 0.712696 0.675624 0.865796 0.808692 0.799430 0.930232 0.838193 0.842851 0.791173 0.848103 0.830574 0.632479 0.755838 0.690884 0.976867 0.930102 0.846264 0.663434 0.769076 0.828442 0.908198 0.794113 0.671205 0.860219
0.638929 0.729469 0.624770 0.752318 0.932807 0.997877 0.620221 0.656986 0.976310 0.938551 0.740766 0.500792 0.000000 0.636109 0.501563 0.677096 0.875674 0.745700 0.621888 0.760414 0.832234 0.933767 0.547733 0.679083 0.897265 0.929663 0.886128 0.812024 0.798019 0.767438 0.759568 0.759713 0.705181 0.661362 0.779299 0.978279 0.973665 0.905429 0.904599 0.994568 0.839649 0.976681 0.796063 0.787684 0.806768 0.763266 0.716882 0.730923 0.742478 0.696820 0.716030 0.655788 0.892629 0.964631 0.693613 0.737328 0.741659 0.726006 0.529021 0.554550 0.432272 0.675019 0.589169 0.669552 0.603584 0.619390 0.591103 0.622134 0.853212 0.866110 0.940857 0.940465 0.931863 0.917590 0.955260 0.867929 0.863928 0.951563 0.811390 0.588334 0.773547 0.795460 0.787573 0.790520 0.575251 0.557867 0.834724 0.864558 0.681653 0.651065 0.974667 0.919225 0.983367 0.886680 0.905589 0.863524 0.698070 0.969002 0.723489 0.781686 0.890466 0.806742 0.895495 0.909087 0.836806 0.843248 0.994699 0.955587 0.972969 0.821750 0.742793 0.966369 0.827674 0.801828 0.645747 0.887087
0.595360 0.607605 0.840601 0.673202 0.886812 0.832540 0.917050 0.817870 0.578285 0.829271 0.760599 0.417731 0.636109 0.000000 0.715932 0.651260 0.497482 0.411158 0.513864 0.578569 0.812573 0.965641 0.730043 0.534634 0.764947 0.757910 0.891520 0.804915 0.745460 0.450783 0.834278 0.702183 0.590605 0.539053 0.800009 0.818772 0.746948 0.811564 0.646198 0.821702 0.850704 0.974833 0.872768 0.764580 0.851925 0.767258 0.719872 0.622824 0.780897 0.692310 0.793228 0.748961 0.908013 0.998840 0.576455 0.511844 0.574026 0.559833 0.565503 0.664824 0.809961 0.832293 0.509265 0.482279 0.910161 0.734048 0.661885 0.688638 0.728504 0.679740 0.984979 0.850761 0.992666 0.986840 0.915297 0.985689 0.870913 0.965396 0.657999 0.524415 0.474605 0.573033 0.488749 0.472109 0.649677 0.491390 0.796563 0.668407 0.580152 0.609478 0.689274 0.701019 0.745197 0.657894 0.823917 0.899062 0.841008 0.889378 0.931551 0.868663 0.803334 0.918394 0.924657 0.666907 0.916700 0.741456 0.949003 0.991134 0.884904 0.886034 0.816505 0.819138 0.983227 0.804695 0.828767 0.898956
0.854228 0.803267 0.659408 0.752885 0.921052 0.864030 0.541926 0.614093 0.776160 0.833336 0.987396 0.557682 0.501563 0.715932 0.000000 0.526748 0.897293 0.878674 0.660012 0.825052 0.877535 0.897500 0.430668 0.769421 0.982107 0.954849 0.989703 0.777950 0.659249 0.608797 0.512340 0.695655 0.600461 0.553466 0.671295 0.925869 0.866991 0.932816 0.912298 0.932949 0.894332 0.887093 0.581404 0.610768 0.671569 0.655650 0.638211 0.621760 0.640368 0.651576 0.603616 0.533853 0.758606 0.828744 0.673847 0.699060 0.886478 0.868818 0.658102 0.766194 0.449382 0.567177 0.688219 0.644469 0.730771 0.707608 0.661685 0.653486 0.978493 0.943152 0.734125 0.734877 0.785020 0.955234 0.899927 0.860031 0.648205 0.739175 0.729364 0.630561 0.779243 0.936306 0.833145 0.902375 0.739652 0.831659 0.994883 0.988278 0.847665 0.911912 0.945834 0.937719 0.881030 0.820633 0.820283 0.986469 0.878778 0.992426 0.635742 0.684962 0.863623 0.886925 0.873341 0.883595 0.893920 0.730174 0.795313 0.999012 0.851209 0.852404 0.809042 0.858078 0.812202 0.819420 0.537811 0.890695
0.841932 0.971313 0.752091 0.661066 0.863751 0.758436 0.728472 0.517285 0.761767 0.695480 0.715511 0.757266 0.677096 0.651260 0.526748 0.000000 0.963156 0.940455 0.973530 0.874840 0.936214 0.955239 0.644411 0.750728 0.956134 0.866101 0.942835 0.726063 0.928922 0.731260 0.573165 0.660737 0.876728 0.701358 0.879447 0.983215 0.822183 0.874971 0.770099 0.829241 0.698198 0.934399 0.810337 0.851484 0.849267 0.846587 0.912551 0.889546 0.920747 0.850865 0.726386 0.622095 0.667803 0.652023 0.935190 0.999306 0.910220 0.943323 0.875767 0.947183 0.677962 0.553790 0.926356 0.857500 0.941518 0.664523 0.891511 0.713391 0.801182 0.979248 0.628754 0.708839 0.768856 0.901396 0.831305 0.915797 0.733279 0.855365 0.864881 0.763897 0.950472 0.846238 0.915289 0.881451 0.814649 0.982087 0.992017 0.753952 0.917688 0.858858 0.965188 0.897704 0.819811 0.732908 0.900221 0.897769 0.916904 0.971175 0.830378 0.811080 0.835796 0.896741 0.954345 0.955910 0.902696 0.915012 0.820237 0.979128 0.835402 0.950855 0.985904 0.992316 0.861875 0.894176 0.687950 0.891790
0.426780 0.452901 0.952899 0.875096 0.748308 0.692786 0.946931 0.896987 0.443253 0.722896 0.603116 0.432296 0.875674 0.497482 0.897293 0.963156 0.000000 0.268459 0.441364 0.363413 0.774603 0.846829 0.851709 0.760890 0.777192 0.909804 0.839450 0.923583 0.557250 0.465035 0.909235 0.842971 0.518607 0.542439 0.911956 0.925664 0.732390 0.859340 0.731740 0.899034 0.997642 0.837533 0.824934 0.628261 0.851293 0.677295 0.559112 0.483207 0.654079 0.635656 0.815888 0.807850 0.970691 0.767346 0.646686 0.473871 0.396256 0.401313 0.485713 0.605296 0.976929 0.869874 0.483025 0.410185 0.801705 0.931183 0.651841 0.780204 0.556328 0.604110 0.857113 0.678259 0.912149 0.890478 0.941190 0.969982 0.926500 0.941275 0.506342 0.552647 0.334818 0.466800 0.465490 0.458299 0.482046 0.481985 0.976695 0.593983 0.787462 0.479345 0.620918 0.672038 0.621236 0.666070 0.850746 0.785571 0.873259 0.900347 0.959502 0.904954 0.826506 0.795163 0.802158 0.577682 0.839711 0.708834 0.965909 0.971509 0.839952 0.794707 0.890058 0.734595 0.984357 0.894574 0.965588 0.868208
0.340757 0.410690 0.894162 0.826185 0.741108 0.698313 0.936676 0.895040 0.415304 0.624770 0.507852 0.383223 0.745700 0.411158 0.878674 0.940455 0.268459 0.000000 0.370257 0.308452 0.750254 0.912302 0.847569 0.668612 0.755675 0.877731 0.866843 0.916958 0.622606 0.521477 0.983030 0.841465 0.507115 0.562621 0.886962 0.887282 0.770690 0.859044 0.732054 0.830215 0.969731 0.832977 0.879669 0.707137 0.898489 0.755803 0.633511 0.535072 0.712977 0.693232 0.920802 0.905387 0.879793 0.695941 0.577504 0.456096 0.346644 0.353480 0.450093 0.558865 0.966569 0.854732 0.446866 0.417221 0.739977 0.981086 0.637097 0.774240 0.480549 0.528302 0.800996 0.672481 0.893451 0.863633 0.947147 0.955054 0.964991 0.884777 0.507421 0.485173 0.253490 0.338359 0.457446 0.310076 0.395973 0.395097 0.874164 0.525769 0.755550 0.417541 0.626196 0.644062 0.661105 0.663288 0.830100 0.770029 0.845859 0.840533 0.997120 0.921179 0.765530 0.789657 0.867868 0.604133 0.818077 0.706669 0.967703 0.975119 0.739575 0.754402 0.875222 0.806066 0.948718 0.809930 0.925957 0.856142
0.453549 0.452046 0.685776 0.721634 0.873410 0.769212 0.774902 0.903533 0.658929 0.858950 0.678453 0.398887 0.621888 0.513864 0.660012 0.973530 0.441364 0.370257 0.000000 0.366101 0.730343 0.867463 0.488753 0.712920 0.710437 0.827871 0.767343 0.915995 0.531473 0.544942 0.660073 0.639160 0.338019 0.410335 0.727360 0.899573 0.723350 0.991814 0.764449 0.975656 0.938030 0.879464 0.544890 0.457452 0.667238 0.508399 0.387550 0.341292 0.502643 0.451523 0.660703 0.614197 0.926814 0.914755 0.522513 0.405247 0.464874 0.449474 0.378689 0.482720 0.735690 0.959405 0.433396 0.400087 0.654887 0.974275 0.472145 0.591714 0.580074 0.684793 0.937819 0.891589 0.979980 0.970013 0.926692 0.957059 0.764024 0.958540 0.511485 0.499310 0.407161 0.511835 0.514303 0.468668 0.406925 0.474434 0.913271 0.720645 0.755933 0.470126 0.799258 0.940037 0.787187 0.757346 0.727467 0.704084 0.757890 0.746458 0.687301 0.648208 0.908763 0.921259 0.686612 0.546025 0.682485 0.466381 0.883214 0.988412 0.930309 0.653832 0.722301 0.730836 0.769088 0.656902 0.722137 0.967902
0.303023 0.304531 0.720747 0.773728 0.605500 0.757209 0.882973 0.838615 0.534431 0.570805 0.533072 0.428143 0.760414 0.578569 0.825052 0.874840 0.363413 0.308452 0.366101 0.000000 0.658049 0.834837 0.788970 0.707565 0.626533 0.736502 0.677290 0.923999 0.680053 0.652009 0.910959 0.855304 0.508850 0.617916 0.831333 0.969773 0.720958 0.782267 0.716769 0.951857 0.890547 0.769428 0.806434 0.679094 0.999960 0.839650 0.588894 0.553940 0.784107 0.770559 0.995985 0.966240 0.740431 0.557407 0.617816 0.544952 0.318291 0.309368 0.526831 0.521004 0.954967 0.796452 0.590625 0.538916 0.593598 0.980123 0.740989 0.918683 0.361394 0.489109 0.784027 0.703199 0.947632 0.896125 0.971298 0.940244 0.910864 0.910354 0.538706 0.528086 0.295978 0.317983 0.558772 0.334413 0.401087 0.416616 0.979509 0.633824 0.794611 0.374131 0.612504 0.717601 0.730528 0.708538 0.897186 0.738976 0.845969 0.878704 0.977574 0.967613 0.673825 0.731835 0.888782 0.653897 0.793896 0.686891 0.947900 0.977600 0.891726 0.692318 0.838960 0.912850 0.932540 0.826842 0.943663 0.824776
0.629457 0.652348 0.640883 0.709187 0.742202 0.912683 0.919253 0.979689 0.850498 0.787648 0.791814 0.721629 0.832234 0.812573 0.877535 0.936214 0.774603 0.750254 0.730343 0.658049 0.000000 0.929276 0.874294 0.866304 0.600090 0.641807 0.855454 0.880679 0.884166 0.945698 0.853651 0.658570 0.694783 0.775828 0.970829 0.847320 0.822824 0.759917 0.808171 0.796462 0.993321 0.804875 0.831544 0.747863 0.995868 0.939294 0.803115 0.692766 0.940528 0.878865 0.982252 0.973457 0.933968 0.764704 0.694413 0.868514 0.593976 0.649506 0.726346 0.616343 0.971155 0.989751 0.894337 0.870599 0.676542 0.840144 0.894463 0.998709 0.627134 0.773532 0.915238 0.887786 0.987826 0.979717 0.931179 0.948956 0.823770 0.890981 0.783726 0.635524 0.723995 0.677891 0.708506 0.749035 0.781764 0.701025 0.807191 0.910108 0.822466 0.726490 0.794090 0.853828 0.989263 0.942579 0.935183 0.884146 0.832617 0.915498 0.902195 0.880604 0.805950 0.896652 0.887099 0.771934 0.890946 0.732342 0.834076 0.967666 0.810395 0.782287 0.910261 0.893033 0.984588 0.606368 0.738598 0.779206
0.882431 0.908009 0.918921 0.945923 0.948904 0.926652 0.964937 0.889095 0.861749 0.936346 0.970181 0.907944 0.933767 0.965641 0.897500 0.955239 0.846829 0.912302 0.867463 0.834837 0.929276 0.000000 0.837077 0.969302 0.877214 0.896158 0.837041 0.951723 0.809091 0.961370 0.959792 0.937880 0.949886 0.887376 0.870791 0.925684 0.914355 0.952135 0.987246 0.890861 0.814512 0.912631 0.932925 0.926175 0.971328 0.952066 0.811128 0.867726 0.951365 0.961116 0.978818 0.988868 0.903043 0.873531 0.933405 0.967802 0.947071 0.959701 0.965178 0.980837 0.937873 0.927173 0.988089 0.955061 0.946041 0.908552 0.914757 0.941009 0.856035 0.984211 0.946851 0.967968 0.983742 0.951317 0.985099 0.930285 0.873121 0.820960 0.910820 0.881061 0.839229 0.900440 0.938709 0.965628 0.916704 0.898601 0.960281 0.897068 0.976982 0.904667 0.909259 0.940871 0.968164 0.968111 0.963210 0.834278 0.988946 0.982096 0.929268 0.874984 0.963344 0.876858 0.921823 0.952594 0.856238 0.895597 0.972318 0.902385 0.887718 0.825394 0.901821 0.943413 0.994110 0.998605 0.960941 0.959290
0.901492 0.846437 0.675843 0.799531 0.840738 0.937205 0.473432 0.609392 0.861453 0.722330 0.898812 0.609440 0.547733 0.730043 0.430668 0.644411 0.851709 0.847569 0.488753 0.788970 0.874294 0.837077 0.000000 0.792390 0.930191 0.927313 0.943802 0.679262 0.594662 0.665768 0.387152 0.511958 0.478299 0.479936 0.667633 0.945190 0.878165 0.879303 0.917715 0.994191 0.828066 0.993384 0.401071 0.418791 0.469536 0.407462 0.407807 0.452704 0.435922 0.401740 0.431619 0.359592 0.615783 0.655270 0.612579 0.588924 0.962649 0.901208 0.582026 0.723886 0.520379 0.661962 0.606246 0.580164 0.831437 0.935037 0.460352 0.475334 0.986221 0.988008 0.602198 0.739294 0.723723 0.771058 0.881618 0.851038 0.513205 0.793389 0.688365 0.658903 0.811316 0.951763 0.803334 0.938396 0.669768 0.807303 0.986735 0.964028 0.886952 0.796931 0.876878 0.784624 0.985411 0.882882 0.702216 0.886897 0.840695 0.794263 0.450760 0.496363 0.900111 0.804555 0.675461 0.746015 0.732453 0.534596 0.868300 0.969278 0.890640 0.717810 0.769702 0.747510 0.572718 0.735367 0.464267 0.907306
0.610691 0.618171 0.689907 0.533930 0.858285 0.875507 0.974042 0.839929 0.687911 0.703050 0.928243 0.668536 0.679083 0.534634 0.769421 0.750728 0.760890 0.668612 0.712920 0.707565 0.866304 0.969302 0.792390 0.000000 0.659379 0.669531 0.762955 0.918178 0.952872 0.854642 0.989937 0.764019 0.800078 0.802983 0.776633 0.948071 0.842501 0.806711 0.650462 0.841990 0.949246 0.890015 0.891529 0.984752 0.860587 0.968519 0.852212 0.821314 0.958112 0.936735 0.997103 0.896362 0.890751 0.842166 0.788329 0.735957 0.594315 0.583210 0.595836 0.612375 0.936705 0.974734 0.791972 0.808184 0.801994 0.685165 0.759315 0.858551 0.681699 0.662763 0.840052 0.821653 0.753890 0.736546 0.961971 0.813108 0.933410 0.777878 0.831906 0.771698 0.723901 0.680838 0.700280 0.600520 0.716718 0.436401 0.859432 0.767751 0.681092 0.559455 0.685587 0.672853 0.830843 0.745093 0.996360 0.928291 0.944167 0.773024 0.976762 0.998347 0.681515 0.787566 0.958114 0.839083 0.944544 0.933502 0.914260 0.846209 0.816551 0.835474 0.874026 0.879365 0.912049 0.929434 0.896425 0.826841
0.563699 0.481389 0.425399 0.447745 0.663248 0.948367 0.758294 0.919794 0.737172 0.631150 0.888741 0.783831 0.897265 0.764947 0.982107 0.956134 0.777192 0.755675 0.710437 0.626533 0.600090 0.877214 0.930191 0.659379 0.000000 0.284188 0.575411 0.891217 0.849522 0.927756 0.860205 0.740901 0.812158 0.895825 0.735714 0.890434 0.572344 0.719502 0.603326 0.813611 0.897056 0.702050 0.884012 0.828190 0.680928 0.847061 0.775022 0.770464 0.800969 0.947339 0.746374 0.850512 0.689369 0.595282 0.849749 0.860100 0.518084 0.494325 0.768019 0.565533 0.699508 0.877428 0.813778 0.966211 0.572090 0.735867 0.983002 0.886234 0.449022 0.610297 0.983863 0.904258 0.926931 0.941938 0.958302 0.989412 0.752830 0.994559 0.767466 0.709604 0.731171 0.594041 0.885448 0.595565 0.845036 0.567056 0.804227 0.994640 0.840634 0.593855 0.536318 0.756480 0.790299 0.898950 0.984940 0.980804 0.757028 0.810747 0.920526 0.948191 0.649690 0.741836 0.954969 0.847032 0.861831 0.710470 0.775075 0.965298 0.915793 0.743432 0.911670 0.780733 0.985377 0.817419 0.837144 0.873937
0.740196 0.606941 0.455358 0.440909 0.718493 0.906755 0.859379 0.971708 0.852656 0.789703 0.991923 0.896436 0.929663 0.757910 0.954849 0.866101 0.909804 0.877731 0.827871 0.736502 0.641807 0.896158 0.927313 0.669531 0.284188 0.000000 0.651998 0.912376 0.836956 0.945786 0.790688 0.754794 0.891154 0.872685 0.758888 0.933855 0.525558 0.650138 0.576043 0.876562 0.973564 0.620748 0.862876 0.855713 0.717507 0.828409 0.829114 0.848546 0.785038 0.933551 0.790576 0.895371 0.812460 0.742311 0.838473 0.869272 0.679447 0.611111 0.923315 0.673525 0.706087 0.978849 0.777832 0.911447 0.678984 0.705684 0.945968 0.902915 0.535570 0.650517 0.893353 0.998957 0.981519 0.967092 0.917463 0.970015 0.701414 0.940183 0.788981 0.761230 0.825137 0.725081 0.991629 0.684406 0.979400 0.692396 0.853418 0.969071 0.793469 0.689852 0.684795 0.872450 0.901441 0.946914 0.966053 0.950181 0.704792 0.830217 0.973609 0.918586 0.659072 0.861520 0.994593 0.879962 0.780319 0.785968 0.766120 0.951367 0.991500 0.760549 0.925225 0.859312 0.974407 0.775582 0.832279 0.891889
0.724682 0.657758 0.695593 0.709771 0.803883 0.949955 0.869694 0.959372 0.816852 0.734115 0.931454 0.815523 0.886128 0.891520 0.989703 0.942835 0.839450 0.866843 0.767343 0.677290 0.855454 0.837041 0.943802 0.762955 0.575411 0.651998 0.000000 0.769735 0.905811 0.968086 0.914390 0.943617 0.982047 0.909370 0.915900 0.941567 0.728607 0.896278 0.815542 0.833852 0.991321 0.864341 0.904224 0.853487 0.842282 0.941273 0.828677 0.816415 0.933383 0.990795 0.861333 0.963493 0.792759 0.742732 0.845793 0.860305 0.722109 0.693564 0.812184 0.678898 0.864272 0.912636 0.957738 0.946967 0.782753 0.836061 0.933807 0.985001 0.732435 0.734548 0.973586 0.936905 0.928538 0.977787 0.825136 0.966713 0.839636 0.988658 0.886057 0.848773 0.893124 0.725550 0.944109 0.720445 0.854166 0.670854 0.988285 0.899607 0.851334 0.648034 0.764271 0.991689 0.936549 0.916416 0.998675 0.865856 0.814762 0.801604 0.990551 0.984452 0.789222 0.879042 0.913783 0.840134 0.878355 0.778116 0.980009 0.957777 0.958644 0.803800 0.707416 0.902209 0.987929 0.978085 0.854802 0.951710
0.894797 0.875475 0.999438 0.967084 0.882822 0.836396 0.842175 0.892025 0.913055 0.779372 0.832530 0.962580 0.812024 0.804915 0.777950 0.726063 0.923583 0.916958 0.915995 0.923999 0.880679 0.951723 0.679262 0.918178 0.891217 0.912376 0.769735 0.000000 0.911511 0.904173 0.748831 0.724949 0.776829 0.833013 0.958401 0.985427 0.859413 0.835442 0.972384 0.795531 0.929317 0.747573 0.897812 0.908510 0.751389 0.761151 0.840187 0.862876 0.774911 0.735796 0.697610 0.670419 0.799903 0.728943 0.849255 0.882952 0.875574 0.854874 0.867363 0.939958 0.773651 0.915208 0.798948 0.934789 0.880236 0.935530 0.783461 0.758495 0.807905 0.802526 0.970008 0.996240 0.990283 0.982091 0.981640 0.937435 0.861624 0.931582 0.927485 0.877727 0.981398 0.855894 0.823855 0.928288 0.978346 0.968576 0.958107 0.910046 0.998616 0.900888 0.961087 0.948326 0.916768 0.848830 0.953435 0.864504 0.981588 0.916539 0.805713 0.841763 0.911448 0.885885 0.978514 0.980868 0.888424 0.944767 0.922772 0.960408 0.861042 0.994185 0.932305 0.970394 0.874373 0.994879 0.920273 0.985649
0.821047 0.801038 0.967552 0.938693 0.913603 0.897057 0.557834 0.812274 0.902085 0.779361 0.819811 0.566927 0.798019 0.745460 0.659249 0.928922 0.557250 0.622606 0.531473 0.680053 0.884166 0.809091 0.594662 0.952872 0.849522 0.836956 0.905811 0.911511 0.000000 0.345140 0.648806 0.719582 0.463568 0.389040 0.878903 0.891350 0.920273 0.913147 0.982891 0.998535 0.981403 0.957901 0.539168 0.491931 0.485088 0.440669 0.523260 0.465558 0.421315 0.484464 0.497969 0.561829 0.683129 0.785949 0.652123 0.588296 0.812214 0.809636 0.621472 0.849740 0.593374 0.718326 0.477558 0.428701 0.942900 0.913468 0.539666 0.580806 0.961155 0.920045 0.739501 0.850985 0.759898 0.730584 0.938507 0.895028 0.742497 0.763344 0.615838 0.663986 0.622706 0.887285 0.566472 0.888476 0.747208 0.946156 0.991079 0.859471 0.848651 0.839536 0.926495 0.883563 0.844365 0.899916 0.776826 0.783278 0.813762 0.902650 0.647847 0.653883 0.802483 0.850173 0.695590 0.726934 0.730507 0.598188 0.821505 0.841578 0.973383 0.798081 0.786897 0.592089 0.694976 0.720050 0.716106 0.913666
0.764551 0.752086 0.960939 0.927432 0.987853 0.954936 0.671692 0.803214 0.778960 0.920495 0.805865 0.487287 0.767438 0.450783 0.608797 0.731260 0.465035 0.521477 0.544942 0.652009 0.945698 0.961370 0.665768 0.854642 0.927756 0.945786 0.968086 0.904173 0.345140 0.000000 0.686565 0.732575 0.496955 0.406955 0.885756 0.814774 0.787470 0.857415 0.881921 0.938320 0.866598 0.971565 0.698576 0.592154 0.635666 0.561076 0.601461 0.516039 0.561466 0.585430 0.604045 0.611427 0.743684 0.845045 0.605553 0.502131 0.757067 0.738005 0.604886 0.823751 0.615527 0.680591 0.492436 0.408686 0.975030 0.877697 0.616932 0.594178 0.917010 0.862868 0.872715 0.950098 0.783984 0.803194 0.903261 0.828198 0.802737 0.861427 0.567408 0.538548 0.543694 0.790848 0.513462 0.724633 0.771069 0.807510 0.914084 0.762066 0.735891 0.797096 0.897295 0.922238 0.742872 0.781118 0.801450 0.833400 0.847458 0.898134 0.800720 0.757706 0.930189 0.946692 0.812368 0.725830 0.840205 0.666380 0.833163 0.866631 0.948164 0.894289 0.827004 0.584778 0.826935 0.812053 0.776559 0.866223
0.911708 0.933290 0.642865 0.720390 0.874634 0.776192 0.540610 0.603150 0.760092 0.535857 0.790186 0.760025 0.759568 0.834278 0.512340 0.573165 0.909235 0.983030 0.660073 0.910959 0.853651 0.959792 0.387152 0.989937 0.860205 0.790688 0.914390 0.748831 0.648806 0.686565 0.000000 0.464808 0.511938 0.457043 0.697911 0.945360 0.723974 0.972031 0.898620 0.917473 0.782404 0.932950 0.360913 0.395215 0.541008 0.479840 0.466276 0.495070 0.566088 0.495519 0.459374 0.412728 0.572090 0.604556 0.707932 0.704761 0.964369 0.994527 0.739067 0.827033 0.674136 0.551943 0.804003 0.699561 0.933885 0.954417 0.620796 0.542610 0.903281 0.931634 0.495395 0.602480 0.628140 0.621155 0.933378 0.732244 0.424173 0.571650 0.645866 0.770568 0.959748 0.852196 0.946876 0.906751 0.998121 0.966018 0.793251 0.795188 0.967898 0.974154 0.938966 0.771338 0.906169 0.911949 0.668577 0.919602 0.754472 0.833116 0.467336 0.460664 0.974144 0.771951 0.674181 0.809560 0.791236 0.576425 0.680275 0.827139 0.753746 0.789216 0.773775 0.726785 0.554681 0.763426 0.495607 0.775814
0.900938 0.848074 0.638047 0.700724 0.961427 0.883160 0.750753 0.796340 0.988312 0.732215 0.912649 0.718026 0.759713 0.702183 0.695655 0.660737 0.842971 0.841465 0.639160 0.855304 0.658570 0.937880 0.511958 0.764019 0.740901 0.754794 0.943617 0.724949 0.719582 0.732575 0.464808 0.000000 0.526819 0.565945 0.861455 0.979696 0.836788 0.930475 0.894208 0.774758 0.784048 0.903184 0.610004 0.555548 0.666752 0.579274 0.480987 0.521560 0.633919 0.587304 0.630349 0.570455 0.729563 0.830486 0.652248 0.665472 0.822148 0.837327 0.610729 0.688868 0.815604 0.723603 0.772948 0.736672 0.952527 0.969135 0.666035 0.616516 0.896673 0.940448 0.728257 0.763891 0.799714 0.794402 0.963836 0.896216 0.581321 0.812750 0.690156 0.633901 0.802801 0.943791 0.730540 0.926649 0.924894 0.898295 0.763864 0.845356 0.979659 0.838450 0.907966 0.976310 0.826131 0.853466 0.801431 0.982955 0.746054 0.721212 0.623895 0.632671 0.976376 0.924732 0.702211 0.692870 0.940661 0.564527 0.942662 0.922916 0.991497 0.800137 0.760184 0.897913 0.639173 0.702256 0.588161 0.941305
0.615090 0.634482 0.765744 0.813275 0.943445 0.889282 0.702421 0.828322 0.806243 0.915898 0.829653 0.475563 0.705181 0.590605 0.600461 0.876728 0.518607 0.507115 0.338019 0.508850 0.694783 0.949886 0.478299 0.800078 0.812158 0.891154 0.982047 0.776829 0.463568 0.496955 0.511938 0.526819 0.000000 0.373210 0.693814 0.979775 0.832143 0.961082 0.860315 0.920524 0.832424 0.874796 0.501525 0.398761 0.549625 0.425761 0.395155 0.345009 0.436381 0.411213 0.520348 0.502671 0.780468 0.912345 0.584024 0.451692 0.594820 0.605696 0.445023 0.568592 0.662720 0.795139 0.478512 0.436440 0.737257 0.984251 0.470352 0.549212 0.750031 0.809114 0.880480 0.986954 0.903615 0.863685 0.948547 0.900120 0.716261 0.768020 0.474496 0.540060 0.532265 0.713408 0.543486 0.625714 0.579394 0.650232 0.924765 0.853573 0.831505 0.615159 0.829438 0.968766 0.791490 0.739746 0.721929 0.807252 0.773874 0.828866 0.606129 0.567830 0.940443 0.957053 0.694978 0.604239 0.691963 0.554101 0.910076 0.940807 0.963436 0.743251 0.764182 0.701744 0.692479 0.598855 0.670063 0.959491
0.740995 0.675175 0.754568 0.753455 0.948148 0.997047 0.559001 0.626648 0.860948 0.768966 0.942548 0.498514 0.661362 0.539053 0.553466 0.701358 0.542439 0.562621 0.410335 0.617916 0.775828 0.887376 0.479936 0.802983 0.895825 0.872685 0.909370 0.833013 0.389040 0.406955 0.457043 0.565945 0.373210 0.000000 0.761578 0.781871 0.715192 0.901123 0.743449 0.910259 0.820785 0.804423 0.426930 0.344416 0.491278 0.403144 0.386282 0.367131 0.439385 0.393472 0.442112 0.420275 0.630234 0.732354 0.560317 0.455712 0.720081 0.715042 0.470829 0.703647 0.575297 0.600586 0.461357 0.371641 0.853289 0.913550 0.447769 0.476419 0.908993 0.850266 0.718962 0.873599 0.792585 0.752808 0.926118 0.858884 0.592359 0.671598 0.519095 0.582669 0.637389 0.882371 0.629788 0.756864 0.756803 0.754189 0.921249 0.918045 0.762977 0.725374 0.894158 0.990253 0.788804 0.708437 0.692765 0.756397 0.715841 0.736961 0.519266 0.504289 0.981777 0.909729 0.690940 0.643928 0.707912 0.510627 0.752718 0.954024 0.949825 0.698349 0.815184 0.673067 0.690123 0.654567 0.563804 0.865641
0.834750 0.798228 0.727107 0.718161 0.941542 0.903877 0.827809 0.817551 0.965215 0.944346 0.970229 0.768114 0.779299 0.800009 0.671295 0.879447 0.911956 0.886962 0.727360 0.831333 0.970829 0.870791 0.667633 0.776633 0.735714 0.758888 0.915900 0.958401 0.878903 0.885756 0.697911 0.861455 0.693814 0.761578 0.000000 0.968975 0.866734 0.903664 0.827359 0.890773 0.826350 0.880145 0.657027 0.655848 0.819445 0.770885 0.680468 0.694132 0.839944 0.722899 0.775213 0.787955 0.864922 0.928060 0.808227 0.714602 0.835733 0.819359 0.781857 0.749925 0.817448 0.821378 0.855137 0.805741 0.776308 0.858115 0.730418 0.781155 0.938260 0.952133 0.766775 0.991401 0.951579 0.856545 0.957806 0.914806 0.648889 0.735053 0.826737 0.837850 0.871547 0.918770 0.984158 0.857494 0.836105 0.811887 0.981452 0.959372 0.816816 0.818506 0.870515 0.935335 0.870751 0.800466 0.866317 0.962225 0.838347 0.862084 0.758428 0.705883 0.883716 0.947680 0.766169 0.793669 0.770155 0.836659 0.869529 0.972609 0.952300 0.826364 0.759831 0.826192 0.687855 0.835647 0.689733 0.923133
0.924042 0.932861 0.841335 0.906979 0.729239 0.984214 0.886156 0.938312 0.826228 0.964275 0.989009 0.969260 0.978279 0.818772 0.925869 0.983215 0.925664 0.887282 0.899573 0.969773 0.847320 0.925684 0.945190 0.948071 0.890434 0.933855 0.941567 0.985427 0.891350 0.814774 0.945360 0.979696 0.979775 0.781871 0.968975 0.000000 0.925394 0.969933 0.935365 0.903615 0.742062 0.880500 0.970375 0.905005 0.810245 0.862528 0.932241 0.825894 0.908053 0.837919 0.827458 0.861109 0.802110 0.740376 0.870378 0.781816 0.879316 0.933496 0.892634 0.930306 0.914108 0.931382 0.804371 0.855545 0.792293 0.954067 0.818447 0.737364 0.815880 0.970481 0.974961 0.957236 0.910952 0.927739 0.850452 0.997839 0.982448 0.948698 0.978409 0.999831 0.939519 0.914420 0.938131 0.974483 0.990213 0.924048 0.870418 0.872451 0.975284 0.913728 0.926866 0.906101 0.892210 0.987357 0.979482 0.733858 0.881438 0.737566 0.867341 0.795120 0.722871 0.849202 0.790517 0.721706 0.946246 0.815029 0.980319 0.937476 0.991822 0.910790 0.893728 0.780865 0.927439 0.896385 0.950991 0.844082
0.807989 0.695181 0.546948 0.494517 0.797021 0.863202 0.996136 0.890309 0.870543 0.905202 0.982832 0.840910 0.973665 0.746948 0.866991 0.822183 0.732390 0.770690 0.723350 0.720958 0.822824 0.914355 0.878165 0.842501 0.572344 0.525558 0.728607 0.859413 0.920273 0.787470 0.723974 0.836788 0.832143 0.715192 0.866734 0.925394 0.000000 0.739029 0.634098 0.791767 0.979835 0.823901 0.754395 0.720678 0.917281 0.995565 0.810869 0.743678 0.906850 0.965269 0.922268 0.991325 0.946253 0.912303 0.750431 0.784150 0.766447 0.734906 0.935588 0.932974 0.850080 0.964320 0.933387 0.907879 0.796449 0.793381 0.939385 0.939437 0.733830 0.744581 0.836085 0.750910 0.738783 0.802416 0.990186 0.808204 0.724068 0.844056 0.733856 0.788064 0.783092 0.793612 0.908814 0.797937 0.979489 0.797698 0.874273 0.986562 0.760666 0.846785 0.806082 0.887788 0.699431 0.906669 0.921402 0.977436 0.889991 0.746659 0.954793 0.818730 0.833398 0.924702 0.855916 0.720820 0.750443 0.643336 0.720045 0.842594 0.907869 0.884203 0.985926 0.962972 0.961323 0.816964 0.715441 0.956323
0.879649 0.778777 0.792968 0.708423 0.798065 0.885715 0.925136 0.883225 0.867903 0.836202 0.978897 0.878757 0.905429 0.811564 0.932816 0.874971 0.859340 0.859044 0.991814 0.782267 0.759917 0.952135 0.879303 0.806711 0.719502 0.650138 0.896278 0.835442 0.913147 0.857415 0.972031 0.930475 0.961082 0.901123 0.903664 0.969933 0.739029 0.000000 0.742335 0.929317 0.937305 0.647746 0.972100 0.993156 0.786222 0.794534 0.901309 0.919173 0.800408 0.790777 0.820663 0.772306 0.904287 0.837858 0.984771 0.998881 0.775275 0.750778 0.898540 0.983730 0.811911 0.881268 0.890205 0.985111 0.876935 0.709991 0.845193 0.841943 0.682519 0.668217 0.969306 0.972031 0.849011 0.866720 0.927520 0.879836 0.957506 0.934516 0.732422 0.851323 0.839939 0.746445 0.815824 0.850607 0.922713 0.909126 0.775560 0.989801 0.774415 0.861750 0.867599 0.776963 0.950885 0.926363 0.889347 0.899396 0.989078 0.879708 0.875267 0.916970 0.841505 0.813188 0.860673 0.906784 0.983542 0.888142 0.839594 0.748373 0.978472 0.906977 0.871462 0.777480 0.810401 0.772117 0.961228 0.782803
