0.000000 0.271989 0.714565 0.600764 0.814191 0.865630 0.655726 0.507661 0.837579 0.996593 0.693053 0.342097 0.601990 0.579934 0.951990 0.815810 0.396767 0.362794 0.404398 0.380516 0.767074 0.923748 0.739603 0.740458 0.688592 0.789810 0.792972 0.938865 0.579140 0.484352 0.696237 0.601106 0.478302 0.466229 0.836418 0.957652 0.628988 0.599331 0.790953 0.670365 0.750744 0.667570 0.895436 0.739421 0.945652 0.894670 0.586628 0.674773 0.834618 0.683611 0.731715 0.691027 0.915830 0.905743 0.562973 0.684933 0.272737 0.268331 0.434867 0.382278 0.527791 0.506146 0.358320 0.280544 0.733272 0.698264 0.742802 0.673768 0.445390 0.446945 0.826347 0.927830 0.878665 0.978003 0.969249 0.951674 0.993933 0.922570 0.694130 0.686923 0.445606 0.498916 0.624135 0.544531 0.430777 0.439767 0.967784 0.952809 0.543294 0.361140 0.664281 0.657616 0.654106 0.582794 0.951835 0.889018 0.721657 0.863778 0.982650 0.971753 0.964115 0.782844 0.918537 0.802963 0.808398 0.810457 0.729997 0.999866 0.927899 0.720903 0.878717 0.893118 0.935187 0.911926 0.803344 0.834825
0.271989 0.000000 0.574159 0.499644 0.778968 0.768232 0.683002 0.514852 0.796902 0.872349 0.813491 0.398963 0.707714 0.674408 0.949065 0.809894 0.353472 0.311849 0.442715 0.416848 0.659585 0.905459 0.697392 0.678339 0.560187 0.678806 0.675203 0.992355 0.637025 0.428976 0.585393 0.560120 0.482330 0.450507 0.766455 0.817068 0.495006 0.499033 0.687114 0.693609 0.743180 0.638271 0.811424 0.685735 0.941200 0.905280 0.525811 0.630322 0.901410 0.699327 0.737338 0.658348 0.856999 0.978511 0.548419 0.661440 0.222667 0.233169 0.468401 0.405501 0.633452 0.537569 0.506289 0.366892 0.611705 0.576525 0.647105 0.597694 0.424653 0.377952 0.760039 0.993693 0.817931 0.988820 0.915103 0.893633 0.947747 0.903764 0.635747 0.593889 0.428716 0.536891 0.522034 0.487070 0.490920 0.414788 0.943661 0.942027 0.689589 0.370510 0.583381 0.594361 0.600179 0.580470 0.946198 0.915752 0.736558 0.855593 0.919091 0.980664 0.858086 0.687484 0.988127 0.900820 0.762864 0.776615 0.679922 0.950844 0.919350 0.666532 0.895483 0.953612 0.932092 0.921629 0.781797 0.830520
0.714565 0.574159 0.000000 0.301640 0.926682 0.871533 0.621419 0.594048 0.836107 0.784905 0.940590 0.773534 0.819278 0.708170 0.683533 0.495445 0.609864 0.582513 0.581858 0.608711 0.539620 0.901821 0.434490 0.426518 0.307053 0.327913 0.545500 0.948151 0.925184 0.581229 0.394449 0.513029 0.563714 0.665533 0.547421 0.617985 0.540436 0.558006 0.591001 0.912493 0.891100 0.717890 0.886893 0.833863 0.729328 0.759946 0.733058 0.822071 0.678459 0.896270 0.960253 0.951634 0.921534 0.958095 0.805159 0.982392 0.581848 0.551929 0.857158 0.775952 0.686217 0.707599 0.911332 0.800472 0.295712 0.336615 0.526276 0.601717 0.671658 0.652847 0.532852 0.723205 0.691075 0.750586 0.715531 0.931553 0.781696 0.744271 0.816977 0.884407 0.913299 0.899335 0.565385 0.821603 0.637530 0.483726 0.884174 0.994354 0.978864 0.717595 0.809870 0.725661 0.926671 0.926262 0.960131 0.877489 0.868887 0.957565 0.809186 0.938431 0.948395 0.833164 0.824292 0.927463 0.691162 0.755889 0.693642 0.855747 0.937646 0.736578 0.909697 0.881175 0.883011 0.957642 0.647583 0.976776
0.600764 0.499644 0.301640 0.000000 0.982897 0.949797 0.493642 0.395624 0.775930 0.991082 0.899246 0.669617 0.717981 0.576140 0.672117 0.417743 0.601233 0.575604 0.477838 0.585692 0.560684 0.931457 0.333556 0.379235 0.405380 0.411966 0.598289 0.947879 0.859327 0.578319 0.329951 0.422511 0.419068 0.564799 0.568619 0.668686 0.566972 0.592483 0.739048 0.927651 0.927917 0.752046 0.687179 0.641633 0.903519 0.953114 0.625533 0.647343 0.872104 0.874209 0.782854 0.702324 0.720699 0.761867 0.718710 0.885856 0.489796 0.471412 0.673777 0.547858 0.571676 0.493778 0.793402 0.631250 0.358291 0.293240 0.429240 0.477919 0.709365 0.584475 0.438355 0.687322 0.600787 0.713903 0.762369 0.843281 0.742553 0.655588 0.648961 0.724126 0.829495 0.889952 0.553046 0.787375 0.545068 0.392047 0.972609 0.971464 0.891442 0.561652 0.918071 0.828809 0.986138 0.956221 0.904609 0.783707 0.764834 0.836422 0.990780 0.891714 0.979234 0.924383 0.890788 0.983755 0.575189 0.606146 0.632610 0.772291 0.959756 0.702754 0.824460 0.956899 0.912676 0.981511 0.560502 0.934356
0.814191 0.778968 0.926682 0.982897 0.000000 0.604568 0.738483 0.801081 0.445111 0.559731 0.752316 0.903606 0.843777 0.921963 0.659205 0.783395 0.778299 0.682476 0.904856 0.928860 0.937656 0.945108 0.767717 0.899373 0.772792 0.871808 0.919154 0.980535 0.949469 0.912487 0.911601 0.916604 0.965979 0.944235 0.984933 0.944099 0.789267 0.772053 0.779767 0.747617 0.703842 0.837605 0.868352 0.962699 0.766480 0.867507 0.912623 0.950786 0.896926 0.983130 0.812555 0.866697 0.732226 0.676337 0.977404 0.941427 0.786983 0.817143 0.997630 0.994372 0.771765 0.706980 0.971747 0.969777 0.858698 0.991833 0.880774 0.973603 0.813938 0.868470 0.682954 0.924606 0.906124 0.803094 0.944051 0.994935 0.787480 0.847817 0.815269 0.992048 0.898493 0.905056 0.996648 0.747352 0.957555 0.896412 0.870831 0.906435 0.997845 0.909938 0.499557 0.523774 0.500231 0.582586 0.844375 0.902127 0.918399 0.751083 0.664599 0.733693 0.670927 0.586113 0.872536 0.871465 0.801218 0.880466 0.915612 0.884229 0.953734 0.894100 0.805535 0.828173 0.776274 0.935752 0.888964 0.930682
0.865630 0.768232 0.871533 0.949797 0.604568 0.000000 0.766655 0.861743 0.544884 0.612818 0.799729 0.936529 0.906650 0.987802 0.807873 0.797344 0.927986 0.818578 0.936752 0.879793 0.771581 0.923752 0.778339 0.876784 0.840563 0.883568 0.824999 0.923597 0.914907 0.877632 0.929080 0.973353 0.987907 0.980595 0.893490 0.995487 0.791423 0.860854 0.781261 0.836779 0.804269 0.927107 0.851541 0.894107 0.652998 0.767986 0.952809 0.846132 0.786078 0.827949 0.806608 0.848739 0.740295 0.692446 0.902220 0.823378 0.813695 0.836846 0.973609 0.978621 0.806600 0.864649 0.935446 0.945274 0.813476 0.939114 0.868307 0.871033 0.757636 0.873555 0.864760 0.878106 0.919488 0.853223 0.851342 0.892174 0.764146 0.809593 0.861133 0.877434 0.955772 0.947824 0.938044 0.824617 0.899335 0.974259 0.929977 0.986646 0.929844 0.962605 0.484542 0.573562 0.518460 0.695195 0.830648 0.950664 0.863063 0.884360 0.620108 0.674565 0.762995 0.741939 0.712836 0.866106 0.833242 0.894727 0.983721 0.850482 0.940733 0.801785 0.965988 0.690242 0.807173 0.956527 0.770213 0.812452
0.655726 0.683002 0.621419 0.493642 0.738483 0.766655 0.000000 0.281240 0.627418 0.527581 0.823894 0.816652 0.677583 0.695074 0.719310 0.618391 0.713281 0.784266 0.462790 0.750749 0.856196 0.876025 0.467299 0.713176 0.888140 0.818044 0.946697 0.983973 0.615803 0.768488 0.428376 0.507602 0.480937 0.458346 0.670034 0.872976 0.864674 0.900754 0.884469 0.938343 0.932068 0.698159 0.553893 0.485630 0.667287 0.636617 0.577788 0.511063 0.675913 0.595501 0.487207 0.484680 0.486401 0.585634 0.610415 0.714544 0.630172 0.628633 0.425524 0.426082 0.299017 0.402599 0.498134 0.505984 0.847501 0.710597 0.441021 0.463708 0.990243 0.648337 0.557455 0.884199 0.603127 0.730931 0.880904 0.860037 0.522621 0.621802 0.692313 0.841317 0.771168 0.993517 0.768221 0.961858 0.617412 0.675546 0.736062 0.845554 0.838839 0.620907 0.716211 0.732165 0.651570 0.802325 0.699166 0.658903 0.592504 0.664864 0.519687 0.494136 0.680272 0.754909 0.712050 0.715353 0.564899 0.524854 0.605102 0.678530 0.983608 0.828290 0.642354 0.613224 0.587228 0.709630 0.528555 0.856772
0.507661 0.514852 0.594048 0.395624 0.801081 0.861743 0.281240 0.000000 0.684879 0.580767 0.899986 0.597026 0.573272 0.517963 0.681838 0.531389 0.626283 0.642972 0.403546 0.598555 0.771305 0.848256 0.414761 0.587711 0.796058 0.762982 0.937694 0.989491 0.576000 0.637023 0.380531 0.436114 0.384200 0.420934 0.678310 0.857393 0.784781 0.805446 0.929258 0.918507 0.983164 0.707683 0.491530 0.432837 0.715519 0.647347 0.502619 0.469629 0.674341 0.549887 0.434593 0.420021 0.468457 0.558742 0.597428 0.695961 0.492440 0.488878 0.398006 0.327655 0.344830 0.268280 0.496377 0.400624 0.764131 0.589431 0.444259 0.425069 0.840481 0.552740 0.476010 0.763378 0.536931 0.651096 0.879888 0.778696 0.579343 0.653977 0.602205 0.671624 0.640032 0.824137 0.713975 0.899664 0.512982 0.521233 0.766799 0.937291 0.754851 0.485748 0.798702 0.814140 0.773785 0.877629 0.698183 0.662791 0.550470 0.685323 0.565922 0.509352 0.720475 0.820784 0.775671 0.708492 0.541913 0.488504 0.563402 0.634609 0.936548 0.760914 0.665064 0.627206 0.599430 0.753363 0.545384 0.877071
0.837579 0.796902 0.836107 0.775930 0.445111 0.544884 0.627418 0.684879 0.000000 0.557298 0.781213 0.903175 0.711151 0.744805 0.545007 0.580504 0.842718 0.760851 0.823372 0.969168 0.939440 0.972798 0.599534 0.738866 0.997580 0.925993 0.942890 0.932505 0.954490 0.919152 0.698723 0.870748 0.949775 0.993324 0.883042 0.977858 0.786181 0.850892 0.808811 0.705080 0.720384 0.921862 0.860897 0.946071 0.889171 0.987917 0.939735 0.954672 0.955464 0.914080 0.899920 0.938405 0.756122 0.680365 0.993838 0.854360 0.795656 0.858872 0.925869 0.957920 0.693001 0.688659 0.974981 0.959572 0.951777 0.827038 0.848225 0.921427 0.817756 0.890461 0.570363 0.704834 0.669532 0.577771 0.951465 0.996826 0.685094 0.736810 0.858617 0.922185 0.822717 0.865912 0.966825 0.638684 0.949997 0.998061 0.876726 0.943787 0.916322 0.905867 0.408842 0.497113 0.405514 0.463590 0.852165 0.784701 0.810452 0.801471 0.677012 0.727466 0.639752 0.644975 0.935990 0.851756 0.748142 0.852272 0.921924 0.693254 0.995275 0.959876 0.885101 0.843551 0.844894 0.977172 0.728696 0.874874
0.996593 0.872349 0.784905 0.991082 0.559731 0.612818 0.527581 0.580767 0.557298 0.000000 0.811117 0.985688 0.770967 0.858090 0.819864 0.932749 0.856065 0.786013 0.872401 0.884997 0.787872 0.922876 0.867067 0.903952 0.561427 0.663195 0.604967 0.959004 0.690141 0.901073 0.847193 0.905123 0.858815 0.814309 0.960887 0.815112 0.647539 0.690033 0.469746 0.866818 0.759552 0.978715 0.643673 0.673107 0.482741 0.512271 0.859829 0.737542 0.498246 0.622412 0.515869 0.593367 0.546686 0.550980 0.892547 0.866579 0.900704 0.892213 0.696043 0.714741 0.599593 0.622982 0.720682 0.807575 0.614799 0.773755 0.859247 0.862571 0.671489 0.980638 0.777549 0.833604 0.810586 0.774177 0.842603 0.934338 0.648613 0.855381 0.951536 0.990913 0.987283 0.832917 0.756879 0.628177 0.978937 0.832757 0.576119 0.774770 0.936534 0.978546 0.383398 0.352392 0.412166 0.541504 0.739378 0.721371 0.712055 0.670182 0.345821 0.419378 0.517291 0.520641 0.610564 0.651268 0.841691 0.759521 0.855578 0.664893 0.980277 0.956056 0.740090 0.565091 0.558389 0.722417 0.811182 0.837709
0.693053 0.813491 0.940590 0.899246 0.752316 0.799729 0.823894 0.899986 0.781213 0.811117 0.000000 0.661963 0.739434 0.817603 0.834949 0.778694 0.768210 0.718792 0.790277 0.640065 0.974815 0.993176 0.709065 0.765121 0.929091 0.911756 0.971140 0.855378 0.803842 0.784291 0.770342 0.881524 0.882911 0.913368 0.824730 0.794702 0.814367 0.858869 0.875007 0.749318 0.640120 0.942015 0.584402 0.710024 0.594860 0.674527 0.783497 0.698594 0.771508 0.727295 0.665095 0.663712 0.528039 0.475894 0.926344 0.924737 0.866599 0.816294 0.947302 0.974176 0.947706 0.948724 0.771218 0.841253 0.987719 0.913701 0.623060 0.702667 0.594388 0.980984 0.838127 0.806041 0.724618 0.676533 0.956173 0.822276 0.619496 0.779086 0.855239 0.883113 0.958585 0.737055 0.978665 0.799692 0.936421 0.981356 0.933829 0.983616 0.811687 0.928426 0.716777 0.725258 0.664947 0.737448 0.709515 0.821240 0.953786 0.792790 0.694779 0.632372 0.999759 0.768525 0.865981 0.962373 0.693393 0.705623 0.827824 0.763347 0.964136 0.995426 0.826259 0.796101 0.670582 0.697845 0.878390 0.690391
0.342097 0.398963 0.773534 0.669617 0.903606 0.936529 0.816652 0.597026 0.903175 0.985688 0.661963 0.000000 0.534075 0.457681 0.857209 0.741172 0.472036 0.405169 0.454837 0.391258 0.757583 0.990603 0.748417 0.717975 0.694306 0.804945 0.867878 0.930162 0.631092 0.458486 0.765098 0.658612 0.601241 0.630799 0.796878 0.969407 0.682387 0.662884 0.835686 0.833177 0.781133 0.718387 0.963646 0.845509 0.869229 0.999617 0.739365 0.787777 0.969126 0.827860 0.851087 0.819636 0.996426 0.914053 0.670299 0.833069 0.440052 0.395890 0.637793 0.561813 0.653906 0.519998 0.522752 0.409398 0.733980 0.682745 0.891471 0.802768 0.424349 0.564781 0.811626 0.908558 0.872583 0.925620 0.960639 0.957960 0.987166 0.989436 0.771075 0.634796 0.497469 0.417319 0.631840 0.552008 0.475218 0.476321 0.912897 0.875868 0.526779 0.494606 0.774179 0.752640 0.737022 0.727613 0.950250 0.894078 0.810116 0.986860 0.962659 0.983924 0.969896 0.874573 0.990908 0.842223 0.811577 0.896587 0.758738 0.972008 0.961021 0.795087 0.930689 0.921724 0.967796 0.929154 0.884903 0.858164
0.601990 0.707714 0.819278 0.717981 0.843777 0.906650 0.677583 0.573272 0.711151 0.770967 0.739434 0.534075 0.000000 0.406014 0.573781 0.694293 0.733787 0.781591 0.484865 0.585450 0.903911 0.871566 0.702537 0.820919 0.862063 0.888077 0.993038 0.903742 0.643837 0.671232 0.724301 0.597004 0.705275 0.678911 0.846442 0.857199 0.821956 0.875395 0.961446 0.910790 0.858062 0.871806 0.955348 0.897698 0.897456 0.948640 0.874890 0.945334 0.963037 0.952124 0.896013 0.874428 0.992390 0.965237 0.863998 0.984242 0.768389 0.687196 0.800259 0.721884 0.476332 0.542606 0.555020 0.569422 0.856754 0.747446 0.985999 0.885788 0.728260 0.771608 0.687549 0.765815 0.689613 0.731763 0.920990 0.992073 0.893909 0.815907 0.968377 0.877609 0.793898 0.723228 0.786462 0.969705 0.684887 0.724472 0.910251 0.911778 0.706581 0.734478 0.823179 0.883256 0.893061 0.900321 0.955401 0.833643 0.628260 0.902899 0.833075 0.865146 0.733604 0.806626 0.967734 0.718835 0.839547 0.839197 0.828686 0.889300 0.994919 0.931745 0.945826 0.893765 0.944797 0.971705 0.760453 0.812538
0.579934 0.674408 0.708170 0.576140 0.921963 0.987802 0.695074 0.517963 0.744805 0.858090 0.817603 0.457681 0.406014 0.000000 0.556042 0.515599 0.737868 0.673704 0.502372 0.490167 0.777570 0.997719 0.559826 0.585497 0.772290 0.748604 0.939485 0.848827 0.738807 0.655869 0.658571 0.582458 0.673046 0.743947 0.778035 0.926833 0.840162 0.843403 0.941996 0.975233 0.937036 0.758150 0.922588 0.880035 0.844590 0.917043 0.854011 0.887076 0.931924 0.965617 0.856599 0.845940 0.956258 0.913625 0.864654 0.979605 0.713820 0.616132 0.811735 0.686113 0.597742 0.479921 0.650439 0.572373 0.741983 0.617953 0.866207 0.827703 0.745703 0.781922 0.593752 0.683503 0.621227 0.587527 0.816072 0.891320 0.922418 0.933892 0.819378 0.821272 0.811298 0.671208 0.772067 0.920083 0.595716 0.581786 0.989872 0.977725 0.723190 0.631804 0.895008 0.950880 0.920347 0.899232 0.896969 0.740849 0.771089 0.910167 0.882926 0.877890 0.771885 0.861204 0.980960 0.735312 0.714814 0.718952 0.799842 0.837935 0.989080 0.846380 0.892369 0.937916 0.910620 0.970049 0.779068 0.992949
0.951990 0.949065 0.683533 0.672117 0.659205 0.807873 0.719310 0.681838 0.545007 0.819864 0.834949 0.857209 0.573781 0.556042 0.000000 0.492533 0.994600 0.959851 0.811983 0.873655 0.799740 0.904832 0.502283 0.639267 0.820509 0.764080 0.948837 0.900935 0.842608 0.841805 0.661465 0.673727 0.824797 0.958699 0.713644 0.952816 0.932532 0.962151 0.962319 0.851455 0.870982 0.970804 0.891686 0.947390 0.925999 0.887572 0.985977 0.970247 0.829629 0.891953 0.984091 0.977232 0.906466 0.754968 0.926643 0.848395 0.897411 0.998064 0.911888 0.999367 0.708739 0.735713 0.967392 0.961694 0.757682 0.675640 0.838352 0.847240 0.996471 0.974422 0.518348 0.558135 0.601949 0.581930 0.731276 0.998520 0.744222 0.839758 0.932379 0.948640 0.923705 0.965239 0.803516 0.851237 0.832186 0.820995 0.976361 0.983877 0.980499 0.988234 0.647512 0.710333 0.654261 0.574968 0.930876 0.891623 0.874261 0.944051 0.841163 0.799241 0.749406 0.643712 0.990064 0.839962 0.721336 0.819553 0.842623 0.883420 0.844917 0.997647 0.900339 0.944508 0.940864 0.920793 0.796326 0.845836
0.815810 0.809894 0.495445 0.417743 0.783395 0.797344 0.618391 0.531389 0.580504 0.932749 0.778694 0.741172 0.694293 0.515599 0.492533 0.000000 0.823006 0.840023 0.623353 0.733218 0.675365 0.993565 0.267172 0.319804 0.573110 0.521325 0.757913 0.919936 0.870466 0.663030 0.502520 0.533238 0.580942 0.777721 0.495786 0.797169 0.819053 0.842563 0.853069 0.999152 0.983362 0.947055 0.745867 0.747925 0.986978 0.961618 0.758820 0.731590 0.899278 0.904189 0.809337 0.773754 0.722297 0.675737 0.798941 0.944520 0.796127 0.738617 0.832802 0.756696 0.637809 0.556423 0.885672 0.754829 0.499382 0.396445 0.497934 0.570093 0.868119 0.787016 0.447366 0.650838 0.586715 0.582863 0.721573 0.792744 0.648088 0.773015 0.809134 0.786746 0.923059 0.823300 0.609377 0.929278 0.519171 0.478175 0.914574 0.772395 0.774976 0.664653 0.810805 0.936603 0.782059 0.843421 0.845862 0.755390 0.795816 0.968625 0.862760 0.800390 0.850304 0.863780 0.997139 0.922361 0.486830 0.651771 0.723369 0.796108 0.979955 0.888867 0.823895 0.849084 0.866916 0.950403 0.607773 0.840350
0.396767 0.353472 0.609864 0.601233 0.778299 0.927986 0.713281 0.626283 0.842718 0.856065 0.768210 0.472036 0.733787 0.737868 0.994600 0.823006 0.000000 0.316251 0.500884 0.512674 0.726573 0.960167 0.714322 0.746527 0.543701 0.680565 0.731489 0.970254 0.537121 0.411691 0.656404 0.617144 0.573487 0.495568 0.701553 0.843528 0.582885 0.547241 0.721465 0.667874 0.787577 0.596313 0.868465 0.724213 0.973385 0.918780 0.533123 0.645323 0.943742 0.762171 0.857042 0.782093 0.934895 0.949488 0.501022 0.572808 0.375456 0.360552 0.593121 0.566945 0.667971 0.664444 0.521137 0.438825 0.631040 0.631334 0.686635 0.626879 0.476898 0.491803 0.789691 0.951601 0.906451 0.942623 0.942035 0.984789 0.898911 0.880137 0.743345 0.633656 0.435134 0.471038 0.534407 0.433041 0.484654 0.469493 0.815314 0.941986 0.680305 0.434185 0.665896 0.647720 0.687069 0.622682 0.961632 0.835351 0.766598 0.877132 0.896240 0.996241 0.933729 0.728347 0.996415 0.936332 0.808732 0.804073 0.803242 0.983779 0.982404 0.660453 0.880075 0.978299 0.991400 0.970335 0.772061 0.915565
0.362794 0.311849 0.582513 0.575604 0.682476 0.818578 0.784266 0.642972 0.760851 0.786013 0.718792 0.405169 0.781591 0.673704 0.959851 0.840023 0.316251 0.000000 0.493341 0.435780 0.664254 0.972563 0.761276 0.711163 0.509936 0.594727 0.704790 0.917222 0.651290 0.432927 0.659059 0.619276 0.559567 0.565587 0.721862 0.820212 0.528942 0.466985 0.663807 0.713907 0.738917 0.592916 0.915088 0.774945 0.845903 0.994785 0.617254 0.683544 0.988979 0.836413 0.886536 0.803632 0.997533 0.886180 0.558074 0.719220 0.330987 0.295118 0.635067 0.578726 0.752069 0.657260 0.588684 0.437332 0.581450 0.578177 0.747964 0.699983 0.441246 0.456260 0.826975 0.947492 0.952254 0.986517 0.934018 0.954265 0.985167 0.962344 0.682685 0.604946 0.440940 0.458375 0.556490 0.427263 0.519040 0.422655 0.788793 0.987533 0.683580 0.460017 0.563561 0.545397 0.595738 0.559425 0.977279 0.866301 0.852659 0.984790 0.812521 0.938935 0.865094 0.635233 0.940497 0.963230 0.796464 0.830586 0.722236 0.981800 0.980645 0.712180 0.891236 0.912997 0.888526 0.965144 0.809284 0.857362
0.404398 0.442715 0.581858 0.477838 0.904856 0.936752 0.462790 0.403546 0.823372 0.872401 0.790277 0.454837 0.484865 0.502372 0.811983 0.623353 0.500884 0.493341 0.000000 0.419324 0.760593 0.916977 0.541469 0.644046 0.643691 0.671304 0.777332 0.980771 0.647005 0.515895 0.541196 0.521085 0.489935 0.494719 0.689861 0.883162 0.609872 0.635253 0.895508 0.713880 0.753563 0.670510 0.869102 0.730643 0.956566 0.968965 0.626719 0.699378 0.979880 0.820808 0.766125 0.725111 0.850407 0.961152 0.540569 0.799236 0.440217 0.389072 0.547215 0.486474 0.393292 0.395092 0.459767 0.381079 0.632045 0.542671 0.637432 0.658486 0.567199 0.537523 0.705333 0.953361 0.710832 0.826346 0.877897 0.972387 0.869255 0.822037 0.823198 0.764718 0.599712 0.622015 0.600582 0.672202 0.414133 0.425717 0.991503 0.980797 0.666178 0.447037 0.933280 0.880273 0.960661 0.849429 0.863932 0.805290 0.616099 0.807348 0.876283 0.876965 0.787554 0.949173 0.930955 0.806753 0.632329 0.711218 0.737211 0.928436 0.921494 0.736328 0.744126 0.858630 0.950851 0.965406 0.621627 0.860598
0.380516 0.416848 0.608711 0.585692 0.928860 0.879793 0.750749 0.598555 0.969168 0.884997 0.640065 0.391258 0.585450 0.490167 0.873655 0.733218 0.512674 0.435780 0.419324 0.000000 0.718691 0.941152 0.713897 0.665127 0.592946 0.679981 0.704681 0.937663 0.726575 0.508436 0.713665 0.657588 0.596424 0.616652 0.801695 0.871807 0.574780 0.579629 0.767759 0.799514 0.757949 0.701043 0.898811 0.970343 0.723807 0.834726 0.770048 0.887489 0.881391 0.991304 0.991837 0.941181 0.895695 0.800008 0.756775 0.890526 0.445626 0.373371 0.703562 0.607307 0.637903 0.556744 0.562673 0.454542 0.633368 0.616429 0.852737 0.795976 0.412499 0.533708 0.779103 0.968370 0.854899 0.959886 0.878601 0.987659 0.955402 0.999917 0.805953 0.733328 0.626079 0.517362 0.610824 0.601816 0.509621 0.511042 0.943222 0.935148 0.628401 0.543472 0.697591 0.684570 0.712396 0.717808 0.982879 0.986552 0.775983 0.965247 0.857220 0.853727 0.955251 0.731483 0.910850 0.889389 0.818090 0.851512 0.848026 0.991456 0.860228 0.793935 0.967169 0.927948 0.898376 0.927721 0.876241 0.838194
0.767074 0.659585 0.539620 0.560684 0.937656 0.771581 0.856196 0.771305 0.939440 0.787872 0.974815 0.757583 0.903911 0.777570 0.799740 0.675365 0.726573 0.664254 0.760593 0.718691 0.000000 0.992562 0.678777 0.635227 0.526139 0.506678 0.719402 0.997779 0.972331 0.732529 0.579659 0.739852 0.676930 0.812824 0.757510 0.831092 0.668725 0.824605 0.751165 0.974736 0.820443 0.807247 0.954488 0.953405 0.773625 0.791267 0.881848 0.913838 0.771589 0.945667 0.963645 0.965233 0.989271 0.995816 0.839510 0.963762 0.688583 0.691456 0.913440 0.897556 0.899322 0.815259 0.925896 0.868494 0.528588 0.571960 0.698532 0.787300 0.697335 0.826948 0.720719 0.842756 0.712324 0.768151 0.755320 0.930289 0.922369 0.887785 0.778311 0.776976 0.878963 0.888861 0.733380 0.848410 0.771910 0.637024 0.895584 0.930251 0.945174 0.818974 0.754016 0.707794 0.801478 0.968197 0.922420 0.917481 0.904412 0.839613 0.804252 0.918207 0.856107 0.852981 0.788368 0.984117 0.765829 0.834019 0.894387 0.948659 0.892398 0.844581 0.934718 0.808350 0.908342 0.959234 0.757568 0.961232
0.923748 0.905459 0.901821 0.931457 0.945108 0.923752 0.876025 0.848256 0.972798 0.922876 0.993176 0.990603 0.871566 0.997719 0.904832 0.993565 0.960167 0.972563 0.916977 0.941152 0.992562 0.000000 0.956907 0.969819 0.925623 0.964148 0.945091 0.869028 0.938479 0.969842 0.802732 0.826028 0.918142 0.801956 0.929776 0.958976 0.958292 0.983305 0.897053 0.825129 0.896765 0.835183 0.840770 0.876646 0.906651 0.910033 0.887896 0.992338 0.887830 0.873484 0.886343 0.907232 0.921291 0.897848 0.955082 0.890621 0.952185 0.983828 0.906766 0.927283 0.857851 0.921099 0.954493 0.936740 0.988221 0.980856 0.842762 0.870185 0.968611 0.963414 0.934137 0.747878 0.893891 0.861173 0.918625 0.976515 0.978091 0.900954 0.991714 0.938281 0.952260 0.966955 0.951501 0.978916 0.957750 0.983488 0.874106 0.845383 0.903145 0.964449 0.895256 0.890204 0.890502 0.849169 0.861944 0.909193 0.934708 0.930438 0.835155 0.844545 0.892350 0.991723 0.765224 0.817000 0.965537 0.884134 0.811907 0.953079 0.983328 0.751858 0.893206 0.890075 0.837236 0.995123 0.753125 0.852274
0.739603 0.697392 0.434490 0.333556 0.767717 0.778339 0.467299 0.414761 0.599534 0.867067 0.709065 0.748417 0.702537 0.559826 0.502283 0.267172 0.714322 0.761276 0.541469 0.713897 0.678777 0.956907 0.000000 0.318958 0.557744 0.516947 0.723128 0.919800 0.795639 0.605914 0.369738 0.438793 0.470099 0.653946 0.507133 0.730629 0.756907 0.763180 0.855393 0.978452 0.976344 0.837267 0.654486 0.646054 0.914478 0.929067 0.633235 0.641649 0.991839 0.789125 0.699432 0.651174 0.613466 0.608841 0.709941 0.870072 0.666522 0.630463 0.703999 0.624894 0.535009 0.493438 0.788118 0.653566 0.497070 0.383226 0.375809 0.450539 0.881346 0.664793 0.380639 0.675564 0.538646 0.603307 0.754979 0.826414 0.597262 0.703882 0.731627 0.718137 0.828043 0.852997 0.546790 0.917785 0.471441 0.423537 0.992233 0.811946 0.841925 0.586425 0.831176 0.938579 0.770203 0.854779 0.827603 0.739151 0.719720 0.836848 0.805594 0.708210 0.834750 0.864302 0.940424 0.913049 0.442856 0.548866 0.709597 0.757220 0.931689 0.833594 0.742969 0.788225 0.824246 0.898299 0.561603 0.851508
0.740458 0.678339 0.426518 0.379235 0.899373 0.876784 0.713176 0.587711 0.738866 0.903952 0.765121 0.717975 0.820919 0.585497 0.639267 0.319804 0.746527 0.711163 0.644046 0.665127 0.635227 0.969819 0.318958 0.000000 0.466498 0.434778 0.626427 0.963399 0.968376 0.632517 0.497409 0.591419 0.527837 0.781049 0.559675 0.750527 0.676336 0.709121 0.683975 0.967895 0.974230 0.851155 0.780663 0.792984 0.930684 0.927823 0.688945 0.738951 0.862009 0.905695 0.832803 0.770035 0.760284 0.725524 0.772145 0.959844 0.665020 0.637751 0.837891 0.761432 0.776596 0.643190 0.939052 0.765252 0.444927 0.374511 0.458776 0.547845 0.795512 0.719412 0.524035 0.667636 0.655465 0.616274 0.734780 0.786932 0.770350 0.746247 0.777645 0.723014 0.845608 0.794131 0.560940 0.811950 0.544265 0.400495 0.842908 0.722573 0.848778 0.648306 0.978623 0.849881 0.965468 0.987077 0.897433 0.828889 0.814454 0.953694 0.993410 0.918831 0.981142 0.976771 0.940207 0.934065 0.525218 0.642748 0.808362 0.883227 0.979549 0.832474 0.900933 0.901455 0.962356 0.958031 0.675389 0.833982
0.688592 0.560187 0.307053 0.405380 0.772792 0.840563 0.888140 0.796058 0.997580 0.561427 0.929091 0.694306 0.862063 0.772290 0.820509 0.573110 0.543701 0.509936 0.643691 0.592946 0.526139 0.925623 0.557744 0.466498 0.000000 0.289693 0.473469 0.960273 0.983994 0.565645 0.555631 0.650629 0.656103 0.797056 0.607866 0.646809 0.482996 0.507108 0.508655 0.840920 0.786383 0.747037 0.966239 0.964170 0.596930 0.626284 0.818271 0.928957 0.564353 0.806587 0.796613 0.898454 0.878471 0.861815 0.837501 0.978940 0.583032 0.539914 0.996043 0.903529 0.893164 0.842282 0.996444 0.839909 0.251430 0.331681 0.689118 0.727152 0.529209 0.719517 0.665781 0.809595 0.838226 0.920032 0.761354 0.988620 0.999515 0.826984 0.889655 0.823372 0.861747 0.730265 0.498304 0.599886 0.609872 0.444282 0.690116 0.877573 0.927620 0.695219 0.619198 0.526264 0.686446 0.721071 0.840548 0.916323 0.972227 0.878240 0.584969 0.712067 0.752265 0.631346 0.699570 0.765044 0.779499 0.890728 0.816416 0.937215 0.982952 0.739509 0.938847 0.746462 0.701239 0.791463 0.710926 0.951822
0.789810 0.678806 0.327913 0.411966 0.871808 0.883568 0.818044 0.762982 0.925993 0.663195 0.911756 0.804945 0.888077 0.748604 0.764080 0.521325 0.680565 0.594727 0.671304 0.679981 0.506678 0.964148 0.516947 0.434778 0.289693 0.000000 0.583191 0.971232 0.961398 0.669889 0.537315 0.649345 0.626453 0.818160 0.546458 0.641660 0.569967 0.581493 0.602502 0.887569 0.866003 0.792760 0.923126 0.895802 0.696354 0.708071 0.801931 0.892598 0.624760 0.854156 0.896720 0.992248 0.971932 0.998378 0.795817 0.964340 0.671580 0.631214 0.993518 0.913327 0.889166 0.832193 0.968860 0.887438 0.304524 0.337870 0.607875 0.662686 0.703848 0.755563 0.641749 0.753507 0.750312 0.789811 0.726028 0.907616 0.895429 0.735585 0.847073 0.870933 0.915366 0.859025 0.547534 0.731977 0.665947 0.472329 0.726440 0.997929 0.953743 0.776358 0.762254 0.654498 0.845859 0.840243 0.962677 0.818873 0.925343 0.858755 0.717476 0.817338 0.866047 0.791149 0.725811 0.862735 0.681508 0.764599 0.790742 0.959854 0.948366 0.742379 0.949691 0.742110 0.827839 0.931148 0.687881 0.993403
0.792972 0.675203 0.545500 0.598289 0.919154 0.824999 0.946697 0.937694 0.942890 0.604967 0.971140 0.867878 0.993038 0.939485 0.948837 0.757913 0.731489 0.704790 0.777332 0.704681 0.719402 0.945091 0.723128 0.626427 0.473469 0.583191 0.000000 0.994965 0.937865 0.723545 0.760790 0.770804 0.760530 0.913941 0.784389 0.722553 0.511092 0.543772 0.593202 0.958015 0.846739 0.777235 0.835963 0.868129 0.631481 0.667616 0.998442 0.892206 0.651290 0.833743 0.818024 0.896575 0.906293 0.773525 0.930853 0.922047 0.671864 0.652171 0.974127 0.916772 0.951321 0.904809 0.973731 0.910331 0.475185 0.588709 0.781907 0.910986 0.648290 0.760992 0.811670 0.923814 0.991849 0.844310 0.794202 0.933708 0.932685 0.999072 0.964151 0.902733 0.974544 0.923521 0.640508 0.724784 0.700125 0.634722 0.655164 0.781463 0.957558 0.801064 0.625314 0.598954 0.692989 0.749612 0.882279 0.958459 0.939901 0.936173 0.578830 0.675672 0.632829 0.672040 0.710328 0.810008 0.864019 0.941103 0.970403 0.862354 0.936706 0.880140 0.948390 0.811507 0.734962 0.837538 0.989181 0.863834
0.938865 0.992355 0.948151 0.947879 0.980535 0.923597 0.983973 0.989491 0.932505 0.959004 0.855378 0.930162 0.903742 0.848827 0.900935 0.919936 0.970254 0.917222 0.980771 0.937663 0.997779 0.869028 0.919800 0.963399 0.960273 0.971232 0.994965 0.000000 0.924242 0.939858 0.999917 0.975164 0.969207 0.998160 0.874156 0.943756 0.948430 0.897047 0.792854 0.894722 0.905136 0.996937 0.871709 0.903642 0.854640 0.865458 0.887124 0.948061 0.884359 0.857422 0.900684 0.894612 0.914033 0.883184 0.919118 0.901521 0.940510 0.890967 0.919709 0.970899 0.907225 0.991987 0.929017 0.928096 0.932762 0.932134 0.928906 0.959999 0.971148 0.983749 0.902892 0.998671 0.983726 0.992486 0.929077 0.904061 0.935691 0.887597 0.989300 0.987221 0.982699 0.947832 0.972711 0.910054 0.915229 0.932896 0.920144 0.942325 0.947632 0.947235 0.962517 0.925099 0.997050 0.979895 0.943798 0.950399 0.869802 0.940335 0.936119 0.928864 0.933140 0.893315 0.875391 0.971108 0.918982 0.789335 0.981456 0.932678 0.859365 0.836423 0.920629 0.864548 0.960455 0.788478 0.967616 0.905604
0.579140 0.637025 0.925184 0.859327 0.949469 0.914907 0.615803 0.576000 0.954490 0.690141 0.803842 0.631092 0.643837 0.738807 0.842608 0.870466 0.537121 0.651290 0.647005 0.726575 0.972331 0.938479 0.795639 0.968376 0.983994 0.961398 0.937865 0.924242 0.000000 0.504068 0.782122 0.748707 0.731614 0.614141 0.829992 0.948882 0.843023 0.881100 0.904884 0.734429 0.952756 0.785796 0.778974 0.698319 0.775768 0.694606 0.658517 0.740286 0.671681 0.622350 0.692356 0.672290 0.796087 0.864604 0.688596 0.662623 0.658090 0.638063 0.599701 0.588252 0.586473 0.658834 0.473631 0.497781 0.987672 0.986084 0.823408 0.746482 0.778995 0.626271 0.688471 0.945252 0.858001 0.979666 0.992037 0.921753 0.759901 0.945165 0.824505 0.801388 0.580023 0.664591 0.836666 0.873385 0.654522 0.814890 0.956528 0.936980 0.724452 0.634675 0.904390 0.836265 0.911360 0.964804 0.906161 0.792488 0.686578 0.826513 0.731862 0.704998 0.796696 0.875870 0.728085 0.660551 0.839842 0.864312 0.837449 0.898247 0.889423 0.863599 0.781273 0.763046 0.806831 0.847135 0.872268 0.977029
0.484352 0.428976 0.581229 0.578319 0.912487 0.877632 0.768488 0.637023 0.919152 0.901073 0.784291 0.458486 0.671232 0.655869 0.841805 0.663030 0.411691 0.432927 0.515895 0.508436 0.732529 0.969842 0.605914 0.632517 0.565645 0.669889 0.723545 0.939858 0.504068 0.000000 0.640614 0.612432 0.601645 0.636223 0.688199 0.844167 0.589268 0.650185 0.662391 0.690497 0.787346 0.841243 0.926222 0.822564 0.900983 0.980871 0.620510 0.755118 0.965805 0.833898 0.900333 0.810414 0.984014 0.984814 0.613141 0.803510 0.446828 0.421841 0.672324 0.606902 0.669321 0.669729 0.627932 0.527307 0.566893 0.592957 0.696055 0.682364 0.462628 0.455303 0.638514 0.928295 0.894142 0.953557 0.946521 0.951271 0.895492 0.930923 0.815948 0.678805 0.559129 0.537961 0.548271 0.627131 0.497270 0.509480 0.881290 0.824070 0.669614 0.509155 0.748838 0.713328 0.772588 0.740017 0.892787 0.939849 0.756644 0.952273 0.896113 0.984386 0.986144 0.816031 0.991448 0.950620 0.802063 0.849679 0.811629 0.988403 0.997354 0.781699 0.777918 0.969701 0.919369 0.974462 0.783181 0.915308
0.696237 0.585393 0.394449 0.329951 0.911601 0.929080 0.428376 0.380531 0.698723 0.847193 0.770342 0.765098 0.724301 0.658571 0.661465 0.502520 0.656404 0.659059 0.541196 0.713665 0.579659 0.802732 0.369738 0.497409 0.555631 0.537315 0.760790 0.999917 0.782122 0.640614 0.000000 0.395945 0.458024 0.514903 0.599812 0.683790 0.764835 0.734672 0.913110 0.972094 0.949355 0.730316 0.597788 0.573952 0.911049 0.885374 0.588453 0.615164 0.968545 0.765907 0.692476 0.624982 0.636955 0.644662 0.694840 0.807653 0.565646 0.579394 0.654267 0.590674 0.555031 0.510334 0.763081 0.653291 0.538335 0.473124 0.409556 0.441857 0.862738 0.630473 0.432795 0.611737 0.504046 0.612072 0.881492 0.824512 0.559952 0.578629 0.658595 0.687726 0.775120 0.922385 0.699542 0.968945 0.651727 0.547685 0.875357 0.839247 0.967177 0.640291 0.889113 0.951587 0.800522 0.826974 0.809106 0.706316 0.712728 0.819013 0.803306 0.665176 0.881920 0.928988 0.889692 0.920579 0.517675 0.556842 0.558418 0.683812 0.961277 0.723975 0.729396 0.865464 0.778794 0.873746 0.561470 0.872220
0.601106 0.560120 0.513029 0.422511 0.916604 0.973353 0.507602 0.436114 0.870748 0.905123 0.881524 0.658612 0.597004 0.582458 0.673727 0.533238 0.617144 0.619276 0.521085 0.657588 0.739852 0.826028 0.438793 0.591419 0.650629 0.649345 0.770804 0.975164 0.748707 0.612432 0.395945 0.000000 0.473533 0.536764 0.617455 0.775959 0.759811 0.717486 0.865113 0.844046 0.925676 0.769056 0.607131 0.570349 0.938094 0.875271 0.551897 0.601087 0.941780 0.722579 0.686985 0.618816 0.667314 0.725626 0.723077 0.841989 0.575635 0.550621 0.607038 0.542479 0.486098 0.489723 0.629837 0.528082 0.569713 0.468265 0.521459 0.494942 0.808825 0.666090 0.519540 0.810212 0.659813 0.718824 0.855494 0.799170 0.670662 0.754269 0.674162 0.696317 0.675821 0.755124 0.583447 0.830729 0.522861 0.476882 0.928092 0.949915 0.779034 0.567349 0.981822 0.942368 0.940015 0.984787 0.846559 0.784407 0.771823 0.797376 0.843273 0.754711 0.916811 0.950283 0.876606 0.966398 0.508387 0.552470 0.598582 0.804956 0.920640 0.801172 0.722195 0.915964 0.794117 0.910505 0.661619 0.990750
0.478302 0.482330 0.563714 0.419068 0.965979 0.987907 0.480937 0.384200 0.949775 0.858815 0.882911 0.601241 0.705275 0.673046 0.824797 0.580942 0.573487 0.559567 0.489935 0.596424 0.676930 0.918142 0.470099 0.527837 0.656103 0.626453 0.760530 0.969207 0.731614 0.601645 0.458024 0.473533 0.000000 0.448103 0.614230 0.795455 0.726261 0.672657 0.884909 0.908071 0.967091 0.767587 0.657434 0.561772 0.841604 0.786215 0.528501 0.554985 0.800483 0.630461 0.581028 0.529251 0.661190 0.729039 0.581761 0.673862 0.432571 0.440969 0.443777 0.412938 0.510886 0.431571 0.537485 0.435389 0.659828 0.564036 0.401643 0.427679 0.703784 0.472710 0.646188 0.854837 0.642110 0.804688 0.851048 0.760934 0.702571 0.732518 0.659440 0.579678 0.614251 0.789933 0.591860 0.714283 0.493311 0.420648 0.875787 0.973485 0.741583 0.480389 0.917908 0.851990 0.955253 0.889372 0.820588 0.758056 0.601156 0.866805 0.772032 0.727446 0.948452 0.995272 0.949984 0.820756 0.557402 0.567167 0.659298 0.832175 0.959611 0.800334 0.768478 0.732092 0.802152 0.789464 0.607852 0.995020
0.466229 0.450507 0.665533 0.564799 0.944235 0.980595 0.458346 0.420934 0.993324 0.814309 0.913368 0.630799 0.678911 0.743947 0.958699 0.777721 0.495568 0.565587 0.494719 0.616652 0.812824 0.801956 0.653946 0.781049 0.797056 0.818160 0.913941 0.998160 0.614141 0.636223 0.514903 0.536764 0.448103 0.000000 0.700681 0.941170 0.786593 0.726187 0.927457 0.716528 0.815063 0.658222 0.640400 0.506547 0.742168 0.660822 0.466728 0.556783 0.678490 0.564945 0.573902 0.533523 0.645359 0.787074 0.524433 0.500943 0.448856 0.500210 0.401520 0.402068 0.476194 0.528056 0.455717 0.420891 0.830626 0.746696 0.495955 0.446386 0.702755 0.514247 0.742374 0.919796 0.725258 0.885038 0.926973 0.858414 0.682209 0.695940 0.654843 0.725614 0.540899 0.774703 0.709879 0.733383 0.623295 0.594699 0.817353 0.896744 0.721307 0.477506 0.971910 0.958547 0.991768 0.914384 0.845861 0.790743 0.632267 0.827356 0.707909 0.659209 0.828129 0.917560 0.725259 0.758049 0.724836 0.645054 0.575882 0.829113 0.813938 0.804312 0.719183 0.749401 0.678203 0.844956 0.670766 0.952073
0.836418 0.766455 0.547421 0.568619 0.984933 0.893490 0.670034 0.678310 0.883042 0.960887 0.824730 0.796878 0.846442 0.778035 0.713644 0.495786 0.701553 0.721862 0.689861 0.801695 0.757510 0.929776 0.507133 0.559675 0.607866 0.546458 0.784389 0.874156 0.829992 0.688199 0.599812 0.617455 0.614230 0.700681 0.000000 0.755211 0.786219 0.731046 0.783499 0.940085 0.844027 0.815494 0.793143 0.773484 0.968149 0.978486 0.693100 0.704230 0.958117 0.865408 0.860644 0.833835 0.811258 0.815340 0.649085 0.813039 0.759979 0.741505 0.832161 0.807929 0.748461 0.715980 0.919673 0.787358 0.561945 0.526544 0.540905 0.584872 0.827954 0.745707 0.752164 0.746338 0.751595 0.757907 0.669807 0.840232 0.674156 0.800328 0.784212 0.858795 0.835069 0.816004 0.546930 0.789009 0.627062 0.517586 0.849817 0.854438 0.863858 0.690273 0.983516 0.934615 0.925112 0.996600 0.888960 0.789617 0.929395 0.978770 0.961724 0.881789 0.988730 0.990470 0.982005 0.970720 0.652975 0.813065 0.681116 0.956138 0.987810 0.776221 0.894258 0.918482 0.880380 0.945637 0.688487 0.920111
0.957652 0.817068 0.617985 0.668686 0.944099 0.995487 0.872976 0.857393 0.977858 0.815112 0.794702 0.969407 0.857199 0.926833 0.952816 0.797169 0.843528 0.820212 0.883162 0.871807 0.831092 0.958976 0.730629 0.750527 0.646809 0.641660 0.722553 0.943756 0.948882 0.844167 0.683790 0.775959 0.795455 0.941170 0.755211 0.000000 0.792547 0.652281 0.829493 0.966804 0.987695 0.979457 0.911153 0.902604 0.930837 0.909750 0.881410 0.858989 0.861180 0.995880 0.992510 0.949924 0.922238 0.936506 0.866863 0.936156 0.799613 0.800153 0.976000 0.886708 0.997384 0.901237 0.872635 0.967331 0.626321 0.650398 0.710611 0.738046 0.937485 0.833048 0.725131 0.915799 0.885017 0.960952 0.884791 0.954686 0.925908 0.916632 0.920020 0.843852 0.951027 0.933585 0.804391 0.895869 0.780646 0.729040 0.998759 0.997371 0.970161 0.864304 0.892667 0.825048 0.973643 0.891966 0.900280 0.966650 0.999759 0.964698 0.861557 0.959262 0.859931 0.739264 0.949452 0.811954 0.879442 0.864366 0.868173 0.868662 0.883497 0.809050 0.958554 0.798967 0.957566 0.967207 0.879570 0.889920
0.628988 0.495006 0.540436 0.566972 0.789267 0.791423 0.864674 0.784781 0.786181 0.647539 0.814367 0.682387 0.821956 0.840162 0.932532 0.819053 0.582885 0.528942 0.609872 0.574780 0.668725 0.958292 0.756907 0.676336 0.482996 0.569967 0.511092 0.948430 0.843023 0.589268 0.764835 0.759811 0.726261 0.786593 0.786219 0.792547 0.000000 0.541262 0.644412 0.760104 0.679143 0.734506 0.999462 0.926072 0.700658 0.786884 0.814992 0.933780 0.768335 0.976497 0.965794 0.944885 0.957189 0.879991 0.823306 0.908008 0.538643 0.503326 0.809192 0.751444 0.846346 0.823679 0.830935 0.735157 0.515037 0.545777 0.787469 0.814560 0.595145 0.639784 0.821341 0.964222 0.941326 0.921083 0.757012 0.943524 0.976348 0.949782 0.786197 0.782906 0.795708 0.797327 0.580834 0.597420 0.664398 0.571677 0.734002 0.904267 0.931234 0.695857 0.559542 0.593555 0.591891 0.636014 0.986216 0.918962 0.896181 0.950350 0.662389 0.798345 0.788233 0.644980 0.761842 0.981948 0.801202 0.831490 0.960956 0.924051 0.999808 0.835019 0.939535 0.868050 0.813494 0.923317 0.884287 0.875369
0.599331 0.499033 0.558006 0.592483 0.772053 0.860854 0.900754 0.805446 0.850892 0.690033 0.858869 0.662884 0.875395 0.843403 0.962151 0.842563 0.547241 0.466985 0.635253 0.579629 0.824605 0.983305 0.763180 0.709121 0.507108 0.581493 0.543772 0.897047 0.881100 0.650185 0.734672 0.717486 0.672657 0.726187 0.731046 0.652281 0.541262 0.000000 0.613544 0.834487 0.771279 0.775391 0.979681 0.939930 0.731851 0.837272 0.817309 0.915207 0.808701 0.961425 0.963010 0.959514 0.953337 0.829004 0.780873 0.860054 0.501232 0.483288 0.859288 0.764087 0.882889 0.795611 0.862516 0.708301 0.532079 0.590470 0.812723 0.841756 0.565896 0.557703 0.811898 0.962718 0.999752 0.914539 0.833642 0.983567 0.923592 0.917775 0.877839 0.794707 0.702496 0.731931 0.695022 0.616467 0.691553 0.525653 0.761794 0.979618 0.828358 0.649495 0.636173 0.575563 0.657084 0.614884 0.907589 0.973406 0.856489 0.921009 0.689276 0.770385 0.716080 0.570082 0.858821 0.928248 0.949341 0.959856 0.790691 0.953570 0.989694 0.789542 0.955803 0.828586 0.811651 0.818094 0.978150 0.739414
