0.000000 0.368318 0.999344 0.956442 0.956039 0.760151 0.595166 0.537960 0.922798 0.680562 0.527985 0.379304 0.473088 0.503211 0.590754 0.615989 0.385999 0.404573 0.568896 0.639881 0.838739 0.843530 0.782688 0.885198 0.653941 0.639256 0.805912 0.926626 0.504395 0.453161 0.646314 0.794672 0.540848 0.517760 0.955478 0.891402 0.790731 0.847901 0.794499 0.876500 0.879097 0.926019 0.479464 0.453079 0.483368 0.468057 0.534926 0.535114 0.428119 0.454855 0.509694 0.583015 0.690739 0.818113 0.574087 0.644637 0.473514 0.430768 0.419265 0.495255 0.450263 0.563100 0.383897 0.336010 0.814660 0.952146 0.654950 0.618652 0.649075 0.500522 0.868048 0.724733 0.899081 0.971270 0.964017 0.913956 0.587133 0.624947 0.632264 0.769191 0.354403 0.488176 0.615686 0.693838 0.545869 0.636446 0.731420 0.898492 0.686326 0.835420 0.708536 0.976088 0.826329 0.806320 0.788695 0.892908 0.815820 0.912115 0.443420 0.559524 0.720670 0.633602 0.458275 0.781352 0.648305 0.801322 0.898769 0.798082 0.863946 0.684397 0.738876 0.745455 0.627717 0.743007 0.882596 0.922314
0.368318 0.000000 0.967821 0.945957 0.841480 0.944994 0.761476 0.644421 0.906217 0.808180 0.648983 0.573363 0.653635 0.683357 0.751212 0.863844 0.425285 0.468941 0.736695 0.634364 0.968644 0.814159 0.986861 0.969517 0.844555 0.685914 0.793467 0.932356 0.602041 0.562950 0.700330 0.897725 0.743789 0.555750 0.989972 0.948341 0.940831 0.931919 0.799217 0.962461 0.771257 0.832493 0.527179 0.528138 0.623050 0.555792 0.594225 0.630246 0.517119 0.457463 0.529462 0.531392 0.679500 0.725190 0.669210 0.664641 0.391361 0.363937 0.480663 0.455540 0.652600 0.740898 0.531450 0.487574 0.819634 0.891453 0.684759 0.642500 0.586998 0.472649 0.957816 0.695230 0.871854 0.952747 0.986283 0.924468 0.663453 0.749252 0.591977 0.791766 0.505964 0.639111 0.676796 0.788438 0.803015 0.795624 0.756884 0.923908 0.840855 0.896562 0.801225 0.931764 0.853094 0.915501 0.949723 0.849095 0.739964 0.795864 0.568949 0.562576 0.795736 0.710897 0.588366 0.769141 0.714290 0.823194 0.846069 0.892333 0.973627 0.669263 0.910350 0.782182 0.680805 0.719065 0.934068 0.941785
0.999344 0.967821 0.000000 0.776338 0.997095 0.919398 0.651946 0.754532 0.802105 0.862905 0.988862 0.957640 0.983123 0.840120 0.951320 0.815861 0.855706 0.972647 0.891447 0.925920 0.999594 0.900989 0.969975 0.862700 0.653660 0.736911 0.933938 0.867984 0.857621 0.943695 0.792247 0.858983 0.942943 0.793314 0.883264 0.987279 0.971293 0.964381 0.794537 0.995917 0.818868 0.866395 0.976896 0.987249 0.841406 0.849198 0.746487 0.971196 0.803959 0.802849 0.849317 0.703702 0.789119 0.749868 0.997997 0.844653 0.823588 0.930829 0.808840 0.996878 0.855828 0.981395 0.871633 0.977807 0.628464 0.706369 0.782798 0.820490 0.949741 0.927625 0.958029 0.901324 0.872883 0.882442 0.923163 0.957794 0.836566 0.807609 0.967934 0.984263 0.995100 0.752428 0.940725 0.968854 0.857899 0.874160 0.823806 0.974851 0.773125 0.899037 0.948627 0.850166 0.871738 0.934432 0.813423 0.995195 0.782081 0.899617 0.893534 0.969977 0.903143 0.976001 0.986213 0.981271 0.927354 0.987108 0.675849 0.916511 0.947684 0.807134 0.925603 0.917511 0.956667 0.973729 0.969409 0.996442
0.956442 0.945957 0.776338 0.000000 0.975331 0.718992 0.983073 0.884752 0.916488 0.898571 0.756516 0.795465 0.696644 0.725872 0.828939 0.944279 0.970276 0.936730 0.919799 0.956449 0.926633 0.867041 0.736138 0.737783 0.625424 0.740762 0.868748 0.984227 0.908776 0.897916 0.940513 0.833005 0.968377 0.957724 0.856374 0.931162 0.907916 0.781435 0.824913 0.902717 0.914463 0.984867 0.941971 0.931654 0.991486 0.971721 0.929645 0.984088 0.961840 0.811763 0.817601 0.767185 0.759902 0.703354 0.936752 0.840535 0.838910 0.847480 0.887962 0.700165 0.914232 0.911006 0.923150 0.909183 0.630305 0.550419 0.538173 0.645118 0.816114 0.891401 0.743740 0.876164 0.779407 0.776946 0.923024 0.949347 0.889916 0.947604 0.910952 0.960012 0.866288 0.996342 0.908910 0.885796 0.929296 0.676517 0.977342 0.883743 0.857156 0.738396 0.590861 0.644761 0.548753 0.579609 0.992014 0.986432 0.996959 0.829174 0.854338 0.805596 0.940018 0.935050 0.882800 0.879421 0.866308 0.955862 0.947180 0.957368 0.989575 0.905999 0.845083 0.805331 0.961994 0.851703 0.800556 0.935060
0.956039 0.841480 0.997095 0.975331 0.000000 0.628270 0.754542 0.763675 0.536455 0.681930 0.951470 0.916492 0.746417 0.868745 0.714220 0.750704 0.995577 0.846722 0.771933 0.933607 0.829216 0.932139 0.642832 0.906509 0.766315 0.793704 0.848550 0.759407 0.830384 0.853738 0.958166 0.962584 0.867733 0.974428 0.962940 0.944374 0.959539 0.980174 0.991185 0.931698 0.834078 0.767877 0.998061 0.994380 0.819339 0.899390 0.974964 0.999974 0.913777 0.975215 0.826666 0.919959 0.725579 0.855759 0.978590 0.924582 0.846703 0.971731 0.932065 0.924763 0.753375 0.651721 0.858583 0.839117 0.922222 0.980893 0.935504 0.942479 0.939756 0.931000 0.669728 0.812948 0.848646 0.899400 0.908047 0.965656 0.775450 0.869231 0.771781 0.993799 0.976276 0.965710 0.844921 0.926077 0.672614 0.894416 0.943247 0.839189 0.792723 0.886186 0.714212 0.702599 0.788118 0.966979 0.934936 0.944827 0.858265 0.858778 0.877943 0.863029 0.788584 0.831471 0.960069 0.922492 0.974716 0.953144 0.805815 0.913939 0.848791 0.825434 0.818665 0.820412 0.995592 0.945006 0.991904 0.913217
0.760151 0.944994 0.919398 0.718992 0.628270 0.000000 0.579169 0.515154 0.670104 0.556347 0.863071 0.790827 0.813104 0.848084 0.720832 0.651720 0.698699 0.788312 0.582840 0.797542 0.795395 0.952626 0.573469 0.720003 0.853934 0.930899 0.918870 0.873289 0.700939 0.742710 0.705305 0.877308 0.632452 0.698794 0.770649 0.995908 0.787207 0.981301 0.951763 0.921452 0.987669 0.990456 0.704100 0.678411 0.516373 0.608233 0.756645 0.642148 0.621212 0.621943 0.551915 0.701070 0.596705 0.696556 0.761255 0.594211 0.938370 0.853118 0.680589 0.678351 0.584641 0.612375 0.684658 0.630526 0.959596 0.836489 0.552575 0.625397 0.982878 0.880530 0.764763 0.959505 0.924368 0.978634 0.927837 0.965640 0.650712 0.819909 0.934849 0.675516 0.684577 0.635589 0.892509 0.867855 0.545089 0.592095 0.974004 0.958024 0.839869 0.901334 0.519398 0.725209 0.548873 0.944402 0.906122 0.920444 0.862829 0.872972 0.532919 0.675137 0.748122 0.706648 0.689185 0.939133 0.804898 0.918779 0.997032 0.908844 0.840016 0.947547 0.823310 0.628251 0.740480 0.933739 0.838149 0.839062
0.595166 0.761476 0.651946 0.983073 0.754542 0.579169 0.000000 0.233390 0.615664 0.296145 0.479909 0.527398 0.453970 0.623318 0.546028 0.834613 0.424800 0.552814 0.396475 0.611559 0.837041 0.882418 0.901578 0.758366 0.604504 0.752134 0.610279 0.907273 0.359334 0.456001 0.497853 0.696630 0.448947 0.401006 0.969848 0.958709 0.829166 0.730438 0.877429 0.939458 0.872271 0.950603 0.447690 0.425863 0.472393 0.476915 0.465562 0.513897 0.578381 0.808245 0.653936 0.997055 0.915690 0.883949 0.748271 0.640747 0.756647 0.815326 0.450825 0.717974 0.238177 0.384526 0.316767 0.378431 0.809000 0.886610 0.679205 0.599625 0.993703 0.760381 0.867670 0.982572 0.893044 0.973633 0.972602 0.950845 0.502783 0.865921 0.674291 0.684705 0.447205 0.419042 0.766126 0.854321 0.561378 0.871387 0.836189 0.831893 0.974179 0.832834 0.664901 0.989473 0.823753 0.654094 0.912138 0.904942 0.752110 0.859430 0.511332 0.579495 0.493576 0.757822 0.563890 0.806590 0.656169 0.875319 0.832726 0.949451 0.749919 0.719037 0.695825 0.799912 0.684623 0.856444 0.903496 0.936081
0.537960 0.644421 0.754532 0.884752 0.763675 0.515154 0.233390 0.000000 0.594503 0.267632 0.507922 0.486803 0.458698 0.568660 0.494507 0.734769 0.402843 0.491900 0.361875 0.572338 0.849713 0.903035 0.773411 0.875509 0.618209 0.732512 0.623069 0.974271 0.332234 0.404103 0.465089 0.689916 0.418290 0.393914 0.934335 0.955176 0.799748 0.796668 0.958743 0.934132 0.949397 0.937739 0.428711 0.377710 0.376372 0.390067 0.473825 0.486062 0.455069 0.667398 0.565143 0.818808 0.767651 0.977302 0.657158 0.586635 0.691589 0.697411 0.436584 0.599643 0.259580 0.339734 0.324673 0.343080 0.755011 0.918267 0.608591 0.514127 0.915268 0.635017 0.733227 0.877584 0.877978 0.994224 0.981571 0.963338 0.477501 0.818286 0.708721 0.660239 0.415324 0.463206 0.690577 0.835044 0.535439 0.834533 0.812414 0.874619 0.876571 0.932096 0.563432 0.828605 0.692457 0.801001 0.898450 0.940061 0.704366 0.821503 0.369325 0.487048 0.459313 0.672508 0.485858 0.741438 0.617552 0.843711 0.848345 0.963427 0.826236 0.729843 0.630468 0.733463 0.633292 0.787451 0.918480 0.907898
0.922798 0.906217 0.802105 0.916488 0.536455 0.670104 0.615664 0.594503 0.000000 0.528289 0.909077 0.867150 0.718832 0.861695 0.793322 0.767241 0.929039 0.946317 0.690536 0.982205 0.742086 0.894846 0.744171 0.955938 0.922651 0.869612 0.903128 0.995611 0.774734 0.814924 0.807513 0.996627 0.841571 0.892442 0.890505 0.965746 0.899477 0.892432 0.948199 0.891845 0.762218 0.950585 0.901711 0.933999 0.810373 0.888241 0.942855 0.904648 0.882566 0.861864 0.948423 0.893890 0.876430 0.918936 0.791890 0.842585 0.936714 0.947499 0.863283 0.958910 0.662356 0.522939 0.808813 0.789750 0.948802 0.875393 0.993894 0.981800 0.942888 0.928979 0.683092 0.950033 0.986539 0.945987 0.992343 0.896305 0.835273 0.961831 0.813173 0.893551 0.925522 0.948805 0.853142 0.993220 0.651210 0.983980 0.890653 0.927589 0.886061 0.959685 0.742968 0.794339 0.899439 0.984867 0.858836 0.998552 0.929752 0.754012 0.797243 0.911230 0.794148 0.853270 0.998725 0.979069 0.914334 0.884152 0.860092 0.783221 0.949160 0.809729 0.825059 0.963309 0.839615 0.995420 0.835354 0.993517
0.680562 0.808180 0.862905 0.898571 0.681930 0.556347 0.296145 0.267632 0.528289 0.000000 0.603272 0.558372 0.488179 0.610278 0.499588 0.759488 0.541332 0.571725 0.401662 0.595950 0.843785 0.989898 0.803378 0.782482 0.575287 0.760673 0.654903 0.951659 0.397346 0.481377 0.449484 0.722446 0.473485 0.454605 0.954064 0.980216 0.788944 0.838928 0.934279 0.977489 0.906253 0.980792 0.480226 0.465473 0.386680 0.414945 0.563444 0.558925 0.481008 0.741013 0.613560 0.894229 0.790748 0.994898 0.709267 0.692428 0.857396 0.855626 0.589570 0.722090 0.326837 0.333630 0.426777 0.433119 0.674712 0.982305 0.729596 0.631629 0.987777 0.715019 0.678190 0.867210 0.961680 0.969427 0.941698 0.907361 0.552508 0.847641 0.790028 0.796118 0.518175 0.634836 0.797232 0.902052 0.650359 0.952745 0.832450 0.825541 0.963020 0.843983 0.547195 0.769295 0.672076 0.857833 0.957624 0.875331 0.855680 0.766997 0.419106 0.502249 0.539340 0.708497 0.546757 0.783995 0.741634 0.909044 0.843314 0.992774 0.828464 0.728472 0.675090 0.714998 0.714104 0.861564 0.916781 0.995493
0.527985 0.648983 0.988862 0.756516 0.951470 0.863071 0.479909 0.507922 0.909077 0.603272 0.000000 0.375187 0.355862 0.449005 0.502734 0.803505 0.487354 0.452304 0.534212 0.677154 0.915871 0.806315 0.952877 0.748935 0.458389 0.561126 0.557042 0.847829 0.423679 0.408525 0.680613 0.819882 0.509044 0.415138 0.890521 0.881489 0.878445 0.695644 0.792053 0.783137 0.981937 0.999513 0.527644 0.432572 0.506803 0.464730 0.586750 0.541636 0.551281 0.798004 0.715648 0.958375 0.976796 0.898341 0.804825 0.771617 0.789353 0.793735 0.574006 0.823123 0.349269 0.501620 0.354807 0.385074 0.587420 0.852370 0.922745 0.778897 0.922226 0.759652 0.984963 0.975843 0.978216 0.826913 0.947144 0.816060 0.648762 0.761097 0.653004 0.630144 0.389427 0.471652 0.661502 0.616890 0.729591 0.937084 0.822503 0.831871 0.828346 0.892088 0.924120 0.802595 0.956714 0.560901 0.927835 0.956431 0.827422 0.927045 0.598529 0.788977 0.501441 0.830939 0.559726 0.758262 0.811694 0.977675 0.967566 0.812248 0.761327 0.766316 0.775098 0.905331 0.730854 0.863594 0.996319 0.972917
0.379304 0.573363 0.957640 0.795465 0.916492 0.790827 0.527398 0.486803 0.867150 0.558372 0.375187 0.000000 0.308415 0.307610 0.405514 0.522998 0.447569 0.388999 0.468394 0.602402 0.799603 0.870060 0.791201 0.975720 0.440263 0.546012 0.713083 0.831645 0.398166 0.335569 0.549661 0.724516 0.427155 0.436443 0.956640 0.997433 0.806328 0.846124 0.808220 0.884527 0.961245 0.988074 0.548280 0.438010 0.378891 0.390161 0.623873 0.597879 0.395046 0.614535 0.667584 0.792715 0.812483 0.943101 0.716270 0.741311 0.705424 0.691599 0.606324 0.796557 0.365015 0.415736 0.385419 0.307123 0.591945 0.787911 0.838167 0.748363 0.858121 0.580183 0.853158 0.784667 0.974368 0.988992 0.911200 0.932296 0.640097 0.772644 0.652843 0.590182 0.326684 0.460028 0.532079 0.626515 0.556092 0.762333 0.833346 0.952065 0.675326 0.971208 0.874978 0.894377 0.997297 0.698011 0.931663 0.933552 0.903629 0.998264 0.506259 0.601718 0.640570 0.710252 0.463326 0.645484 0.770380 0.915654 0.900433 0.881895 0.827441 0.716817 0.777201 0.732471 0.663543 0.725509 0.992566 0.997756
0.473088 0.653635 0.983123 0.696644 0.746417 0.813104 0.453970 0.458698 0.718832 0.488179 0.355862 0.308415 0.000000 0.285721 0.313765 0.592385 0.506064 0.516480 0.487517 0.609209 0.778515 0.906669 0.807991 0.879410 0.397898 0.459752 0.682894 0.882666 0.351768 0.307060 0.596626 0.740104 0.409734 0.457689 0.933065 0.896873 0.897284 0.684586 0.807188 0.819222 0.962380 0.944271 0.566036 0.477475 0.424202 0.403483 0.608989 0.575889 0.462134 0.761611 0.728895 0.917719 0.902374 0.850262 0.776315 0.739146 0.825861 0.728566 0.622994 0.867953 0.290523 0.349726 0.367294 0.305686 0.572372 0.791263 0.954783 0.778449 0.919421 0.609947 0.798597 0.836706 0.988599 0.940646 0.951767 0.877319 0.586111 0.738917 0.748597 0.697127 0.381057 0.516700 0.508987 0.662266 0.578403 0.899434 0.843725 0.937887 0.736686 0.976316 0.944870 0.903703 0.900831 0.610413 0.951207 0.924731 0.801739 0.911640 0.552563 0.673754 0.579852 0.745010 0.555959 0.668818 0.862664 0.860763 0.872591 0.895284 0.765050 0.778628 0.704694 0.815226 0.773011 0.738479 0.988835 0.971332
0.503211 0.683357 0.840120 0.725872 0.868745 0.848084 0.623318 0.568660 0.861695 0.610278 0.449005 0.307610 0.285721 0.000000 0.319020 0.443494 0.538672 0.472312 0.561423 0.546097 0.882696 0.954102 0.701038 0.939803 0.433501 0.538141 0.724254 0.923660 0.413636 0.343201 0.634698 0.698907 0.483995 0.522872 0.921136 0.955230 0.871922 0.773011 0.901835 0.848217 0.990899 0.952333 0.677769 0.525293 0.447042 0.423935 0.642740 0.646746 0.440995 0.698334 0.722304 0.836229 0.880939 0.924547 0.778194 0.796719 0.874429 0.714758 0.756941 0.884669 0.424623 0.423430 0.442616 0.346987 0.589427 0.776817 0.903883 0.815795 0.965244 0.642777 0.776488 0.752975 0.995341 0.971144 0.877663 0.997671 0.705228 0.866257 0.722906 0.653095 0.426256 0.538026 0.447892 0.646197 0.547686 0.830709 0.909546 0.961867 0.661430 0.912924 0.961975 0.925298 0.942362 0.692356 0.907198 0.975955 0.903009 0.931592 0.569368 0.714681 0.648687 0.755983 0.567880 0.698439 0.785614 0.893317 0.978259 0.893542 0.804561 0.812449 0.751539 0.846387 0.739221 0.749277 0.992222 0.954200
0.590754 0.751212 0.951320 0.828939 0.714220 0.720832 0.546028 0.494507 0.793322 0.499588 0.502734 0.405514 0.313765 0.319020 0.000000 0.454171 0.611477 0.541254 0.577129 0.590036 0.856710 0.915462 0.579460 0.937123 0.437705 0.508578 0.752474 0.891573 0.399219 0.360483 0.634347 0.703810 0.425867 0.512792 0.990901 0.992893 0.856707 0.825804 0.926260 0.849897 0.994003 0.919364 0.654112 0.569844 0.406416 0.413089 0.651295 0.619770 0.428140 0.668343 0.643018 0.775722 0.762492 0.951255 0.844862 0.786332 0.963998 0.764694 0.760567 0.890970 0.412044 0.449486 0.446162 0.388893 0.636866 0.739211 0.876087 0.818738 0.951887 0.587781 0.661457 0.705231 0.990613 0.958496 0.838224 0.947418 0.609699 0.951835 0.783689 0.667517 0.483687 0.594666 0.447779 0.653819 0.489581 0.769303 0.955499 0.962421 0.664545 0.882497 0.877581 0.947238 0.940604 0.765816 0.933933 0.935157 0.928066 0.922746 0.519575 0.640018 0.595599 0.773099 0.575804 0.641562 0.834841 0.853083 0.894330 0.885252 0.951121 0.951569 0.753673 0.728789 0.899311 0.773530 0.951126 0.978869
0.615989 0.863844 0.815861 0.944279 0.750704 0.651720 0.834613 0.734769 0.767241 0.759488 0.803505 0.522998 0.592385 0.443494 0.454171 0.000000 0.816010 0.762055 0.683504 0.738212 0.829246 0.893223 0.314955 0.524998 0.710140 0.680629 0.929062 0.873784 0.722962 0.562268 0.800834 0.733564 0.664296 0.795731 0.901512 0.915040 0.875456 0.940579 0.994000 0.911060 0.842137 0.777572 0.905729 0.760157 0.565449 0.647403 0.911652 0.758325 0.580361 0.611125 0.687627 0.645218 0.632033 0.808332 0.815956 0.839655 0.984392 0.768763 0.889912 0.850166 0.664844 0.637776 0.715477 0.593207 0.962309 0.931920 0.773032 0.891011 0.987338 0.709318 0.628022 0.762557 0.924584 0.929493 0.820231 0.934053 0.833441 0.976712 0.970107 0.741179 0.700544 0.688826 0.435198 0.759868 0.353229 0.499224 0.982288 0.694852 0.487793 0.573609 0.792557 0.815948 0.800858 0.992792 0.871462 0.992458 0.951903 0.990218 0.621781 0.708404 0.907443 0.751346 0.658944 0.941374 0.789465 0.843526 0.945772 0.894155 0.999602 0.931046 0.809122 0.742272 0.848051 0.858647 0.835679 0.996624
0.385999 0.425285 0.855706 0.970276 0.995577 0.698699 0.424800 0.402843 0.929039 0.541332 0.487354 0.447569 0.506064 0.538672 0.611477 0.816010 0.000000 0.349986 0.480943 0.560704 0.848803 0.796229 0.935330 0.914708 0.632295 0.655369 0.654942 0.950824 0.373420 0.415469 0.538375 0.752089 0.484878 0.362588 0.934033 0.988553 0.805056 0.788772 0.844113 0.957164 0.987968 0.793154 0.429362 0.358322 0.432338 0.421714 0.378896 0.469069 0.465288 0.571926 0.584188 0.757429 0.803430 0.931101 0.586098 0.577849 0.512014 0.550162 0.392232 0.497227 0.376595 0.498741 0.320817 0.312250 0.750868 0.990419 0.603983 0.534955 0.808114 0.564073 0.951554 0.821062 0.873815 0.980606 0.994167 0.961939 0.479379 0.712688 0.564649 0.674774 0.345151 0.401174 0.719952 0.677495 0.663193 0.798107 0.887656 0.827869 0.876345 0.997675 0.671367 0.989108 0.802334 0.754564 0.891557 0.823350 0.720007 0.915131 0.461522 0.503750 0.566767 0.644394 0.512125 0.728005 0.712723 0.767736 0.913673 0.966583 0.754274 0.615597 0.761991 0.746408 0.591907 0.747824 0.871063 0.760482
0.404573 0.468941 0.972647 0.936730 0.846722 0.788312 0.552814 0.491900 0.946317 0.571725 0.452304 0.388999 0.516480 0.472312 0.541254 0.762055 0.349986 0.000000 0.525223 0.477773 0.925541 0.880299 0.935184 0.942096 0.611020 0.718892 0.608574 0.968510 0.384102 0.350257 0.514737 0.647195 0.464168 0.387922 0.938095 0.951358 0.810051 0.907898 0.864701 0.916732 0.898362 0.863815 0.391467 0.343967 0.417083 0.335245 0.471748 0.480628 0.377689 0.500870 0.529814 0.682160 0.826229 0.883000 0.675254 0.612958 0.596987 0.594759 0.519917 0.585137 0.467826 0.547170 0.378636 0.344488 0.650756 0.888777 0.651305 0.545377 0.806345 0.541664 0.917677 0.755655 0.864318 0.934562 0.978298 0.931907 0.639552 0.772419 0.472734 0.517956 0.299035 0.437885 0.706442 0.612719 0.749228 0.802392 0.849937 0.830177 0.876427 0.992719 0.787668 0.941871 0.838874 0.728742 0.789026 0.941209 0.823299 0.905453 0.457979 0.520741 0.635412 0.724257 0.400121 0.682644 0.714436 0.833606 0.974101 0.841806 0.848554 0.689385 0.758545 0.807722 0.685854 0.746316 0.993322 0.848675
0.568896 0.736695 0.891447 0.919799 0.771933 0.582840 0.396475 0.361875 0.690536 0.401662 0.534212 0.468394 0.487517 0.561423 0.577129 0.683504 0.480943 0.525223 0.000000 0.488142 0.718400 0.875641 0.786355 0.935863 0.594491 0.760990 0.661056 0.977693 0.392649 0.441329 0.524882 0.621664 0.495265 0.424710 0.973831 0.996235 0.765327 0.842246 0.931272 0.858119 0.939261 0.906235 0.455076 0.367864 0.405823 0.416453 0.569320 0.539357 0.544389 0.679090 0.662726 0.860906 0.849109 0.986339 0.722931 0.648575 0.759011 0.799050 0.535917 0.678931 0.371342 0.364976 0.428277 0.412781 0.741823 0.809313 0.597676 0.539464 0.874529 0.768473 0.741596 0.816945 0.779896 0.878128 0.975231 0.983039 0.598804 0.748953 0.755555 0.693146 0.486396 0.469046 0.693546 0.743948 0.606041 0.836749 0.820799 0.980122 0.798739 0.947178 0.583485 0.916748 0.759095 0.813112 0.947837 0.998023 0.848970 0.961585 0.447845 0.565247 0.613402 0.681473 0.471305 0.756094 0.703481 0.888187 0.923294 0.918661 0.719716 0.729797 0.728684 0.674618 0.665402 0.773535 0.832405 0.876337
0.639881 0.634364 0.925920 0.956449 0.933607 0.797542 0.611559 0.572338 0.982205 0.595950 0.677154 0.602402 0.609209 0.546097 0.590036 0.738212 0.560704 0.477773 0.488142 0.000000 0.979932 0.883657 0.831578 0.969052 0.715355 0.857094 0.777770 0.968271 0.477480 0.499007 0.609075 0.627049 0.593088 0.549832 0.926270 0.991752 0.958940 0.929320 0.975890 0.966053 0.976824 0.977857 0.607403 0.503610 0.534232 0.483330 0.543650 0.614184 0.562757 0.629591 0.613894 0.743786 0.863171 0.929657 0.762835 0.697195 0.729335 0.641039 0.628260 0.693716 0.561678 0.600259 0.496905 0.464156 0.772384 0.929853 0.633731 0.544432 0.808972 0.683321 0.801504 0.866219 0.913512 0.805937 0.969419 0.971051 0.627114 0.940240 0.613925 0.605721 0.568381 0.554950 0.727671 0.719627 0.683863 0.819778 0.880397 0.984317 0.832174 0.969165 0.756506 0.979268 0.856143 0.820025 0.831557 0.945845 0.840703 0.775415 0.573317 0.630552 0.777637 0.828538 0.612202 0.640803 0.672470 0.896926 0.930378 0.914701 0.797981 0.819957 0.783709 0.732497 0.898174 0.806016 0.925960 0.880831
0.838739 0.968644 0.999594 0.926633 0.829216 0.795395 0.837041 0.849713 0.742086 0.843785 0.915871 0.799603 0.778515 0.882696 0.856710 0.829246 0.848803 0.925541 0.718400 0.979932 0.000000 0.974808 0.873459 0.906833 0.912851 0.803193 0.875465 0.952953 0.869037 0.882502 0.981372 0.952358 0.937195 0.867570 0.966484 0.952310 0.853752 0.939037 0.740616 0.938356 0.925431 0.976597 0.901877 0.845349 0.836295 0.845887 0.955171 0.779778 0.899447 0.948987 0.888908 0.921272 0.836231 0.865182 0.994746 0.834457 0.903289 0.962270 0.916820 0.905401 0.831257 0.825375 0.884113 0.844532 0.905598 0.907785 0.990695 0.972087 0.967589 0.877505 0.835510 0.872615 0.999570 0.985107 0.972672 0.953046 0.924083 0.886032 0.962444 0.989539 0.910267 0.861608 0.853621 0.834083 0.864415 0.987133 0.930224 0.897289 0.902797 0.969044 0.761457 0.873609 0.904444 0.996265 0.972072 0.842712 0.992203 0.949044 0.869384 0.875245 0.942637 0.787782 0.871671 0.986204 0.999203 0.829565 0.889425 0.945222 0.861903 0.830555 0.874550 0.808366 0.931219 0.807972 0.826361 0.976321
0.843530 0.814159 0.900989 0.867041 0.932139 0.952626 0.882418 0.903035 0.894846 0.989898 0.806315 0.870060 0.906669 0.954102 0.915462 0.893223 0.796229 0.880299 0.875641 0.883657 0.974808 0.000000 0.881288 0.782157 0.987390 0.869352 0.860345 0.931125 0.882326 0.928119 0.959981 0.971889 0.868887 0.864134 0.843767 0.827819 0.861496 0.993249 0.871315 0.804737 0.877904 0.847285 0.896599 0.888857 0.987916 0.957481 0.864310 0.910146 0.898653 0.983547 0.976196 0.906703 0.939338 0.916193 0.903872 0.960006 0.772118 0.879422 0.896011 0.907886 0.883070 0.934360 0.889223 0.906519 0.945093 0.886053 0.967410 0.936201 0.905612 0.982576 0.863281 0.921342 0.936664 0.942538 0.986220 0.943484 0.948789 0.940113 0.994358 0.968498 0.950682 0.920027 0.955108 0.866650 0.977622 0.908199 0.881893 0.781698 0.960045 0.871247 0.893576 0.828479 0.901947 0.832105 0.834337 0.933994 0.929180 0.901781 0.967079 0.969009 0.917554 0.937788 0.988295 0.967101 0.980786 0.937898 0.823247 0.956184 0.898937 0.848189 0.944454 0.946575 0.891990 0.927236 0.815479 0.855590
0.782688 0.986861 0.969975 0.736138 0.642832 0.573469 0.901578 0.773411 0.744171 0.803378 0.952877 0.791201 0.807991 0.701038 0.579460 0.314955 0.935330 0.935184 0.786355 0.831578 0.873459 0.881288 0.000000 0.443417 0.919154 0.833397 0.744884 0.851939 0.831077 0.727188 0.840957 0.707511 0.756530 0.951636 0.817500 0.913861 0.872512 0.945056 0.857648 0.928788 0.927214 0.881615 0.978729 0.931709 0.717510 0.792421 0.984691 0.901827 0.740360 0.669349 0.748846 0.676899 0.609749 0.750958 0.908915 0.851634 0.964124 0.805552 0.960548 0.857994 0.815014 0.790093 0.881329 0.780380 0.825687 0.915009 0.658321 0.841955 0.952084 0.734053 0.521640 0.778733 0.893762 0.979696 0.952728 0.921919 0.803069 0.973270 0.892581 0.851596 0.898096 0.824762 0.555199 0.883357 0.391356 0.442280 0.927806 0.604906 0.588361 0.466822 0.729493 0.656241 0.683895 0.804621 0.909240 0.933694 0.990067 0.953368 0.730618 0.743978 0.924794 0.782444 0.765146 0.977985 0.833872 0.829316 0.874585 0.926814 0.971683 0.799937 0.779620 0.715898 0.997201 0.977147 0.860945 0.996216
0.885198 0.969517 0.862700 0.737783 0.906509 0.720003 0.758366 0.875509 0.955938 0.782482 0.748935 0.975720 0.879410 0.939803 0.937123 0.524998 0.914708 0.942096 0.935863 0.969052 0.906833 0.782157 0.443417 0.000000 0.879305 0.975187 0.625575 0.920552 0.861816 0.971411 0.908275 0.909094 0.998716 0.817236 0.847525 0.828182 0.998619 0.812925 0.976691 0.954205 0.818952 0.899127 0.793448 0.870441 0.943245 0.986144 0.877164 0.928309 0.942594 0.693956 0.828004 0.650605 0.689370 0.666179 0.960135 0.904618 0.985525 0.829004 0.942111 0.893053 0.828072 0.849856 0.840359 0.971577 0.757830 0.879638 0.666691 0.879932 0.983361 0.774344 0.827548 0.848243 0.995947 0.923059 0.864742 0.952185 0.979060 0.951051 0.949512 0.878647 0.961898 0.921348 0.748874 0.960617 0.659932 0.455309 0.816567 0.571891 0.656599 0.536934 0.834150 0.836197 0.766632 0.751753 0.897421 0.944320 0.908704 0.988186 0.898744 0.907507 0.800964 0.875349 0.917197 0.966684 0.899002 0.833378 0.773675 0.824404 0.980395 0.738197 0.964592 0.767841 0.998761 0.856768 0.937184 0.968995
0.653941 0.844555 0.653660 0.625424 0.766315 0.853934 0.604504 0.618209 0.922651 0.575287 0.458389 0.440263 0.397898 0.433501 0.437705 0.710140 0.632295 0.611020 0.594491 0.715355 0.912851 0.987390 0.919154 0.879305 0.000000 0.487399 0.648302 0.977703 0.510378 0.515037 0.729868 0.810530 0.516605 0.616694 0.861407 0.975638 0.847317 0.780112 0.992339 0.837765 0.961278 0.905967 0.606283 0.549755 0.404922 0.422922 0.707084 0.691187 0.496752 0.749544 0.709671 0.860396 0.884103 0.956824 0.787933 0.889892 0.973300 0.993782 0.780145 0.934939 0.459390 0.442415 0.511764 0.454714 0.436308 0.747094 0.995758 0.885289 0.862375 0.745340 0.878515 0.890635 0.944922 0.908391 0.931157 0.945175 0.649574 0.806618 0.740684 0.650016 0.455010 0.688072 0.661404 0.765856 0.772931 0.980971 0.954586 0.872574 0.724555 0.926554 0.838502 0.962760 0.948107 0.674719 0.860422 0.966876 0.976283 0.932319 0.553108 0.697697 0.617929 0.759530 0.582852 0.649226 0.816380 0.872769 0.880665 0.950156 0.792785 0.893594 0.796764 0.820512 0.716828 0.756169 0.918571 0.966860
0.639256 0.685914 0.736911 0.740762 0.793704 0.930899 0.752134 0.732512 0.869612 0.760673 0.561126 0.546012 0.459752 0.538141 0.508578 0.680629 0.655369 0.718892 0.760990 0.857094 0.803193 0.869352 0.833397 0.975187 0.487399 0.000000 0.896768 0.873580 0.685989 0.630468 0.812280 0.935500 0.740837 0.765200 0.813605 0.942965 0.975155 0.847704 0.930916 0.942854 0.966550 0.972781 0.766943 0.693586 0.610899 0.623213 0.859626 0.744655 0.600568 0.763720 0.770093 0.791096 0.754631 0.920168 0.872940 0.903388 0.929462 0.790588 0.881933 0.933665 0.623252 0.581624 0.669097 0.578038 0.644704 0.617188 0.888692 0.936938 0.999255 0.740357 0.849210 0.828373 0.874134 0.802720 0.828464 0.944881 0.771860 0.773410 0.841065 0.791091 0.651574 0.809702 0.579245 0.749002 0.727955 0.945558 0.913882 0.985057 0.681147 0.841126 0.896479 0.923248 0.981039 0.865798 0.943013 0.894779 0.966520 0.973497 0.704674 0.657084 0.750137 0.865521 0.664934 0.774325 0.959759 0.937468 0.950413 0.980974 0.949160 0.997639 0.876578 0.798498 0.968085 0.962650 0.883235 0.988971
0.805912 0.793467 0.933938 0.868748 0.848550 0.918870 0.610279 0.623069 0.903128 0.654903 0.557042 0.713083 0.682894 0.724254 0.752474 0.929062 0.654942 0.608574 0.661056 0.777770 0.875465 0.860345 0.744884 0.625575 0.648302 0.896768 0.000000 0.964144 0.627070 0.682874 0.702797 0.852030 0.699899 0.545792 0.975800 0.909662 0.800683 0.736187 0.981991 0.868285 0.982969 0.914352 0.630930 0.581978 0.646104 0.630792 0.569627 0.711995 0.682444 0.860724 0.894623 0.931019 0.789373 0.825509 0.815479 0.857137 0.926245 0.961135 0.767714 0.893100 0.600441 0.664525 0.639599 0.665059 0.721383 0.971837 0.868114 0.717563 0.886339 0.965083 0.871693 0.817391 0.970512 0.978049 0.990574 0.988542 0.830427 0.867429 0.770706 0.749453 0.583327 0.684621 0.907291 0.924909 0.955772 0.882182 0.779952 0.660212 0.906603 0.778870 0.945749 0.858875 0.980197 0.686877 0.871740 0.999530 0.945792 0.973327 0.681470 0.787454 0.675243 0.924799 0.744210 0.843498 0.849126 0.912499 0.872755 0.972661 0.952058 0.686184 0.888995 0.963302 0.748708 0.825953 0.977103 0.923100
0.926626 0.932356 0.867984 0.984227 0.759407 0.873289 0.907273 0.974271 0.995611 0.951659 0.847829 0.831645 0.882666 0.923660 0.891573 0.873784 0.950824 0.968510 0.977693 0.968271 0.952953 0.931125 0.851939 0.920552 0.977703 0.873580 0.964144 0.000000 0.966226 0.947058 0.997361 0.994787 0.997979 0.954115 0.925149 0.866538 0.891917 0.826384 0.923546 0.940006 0.846339 0.985308 0.909046 0.940329 0.979145 0.939379 0.966767 0.933248 0.996276 0.994384 0.963688 0.954703 0.990718 0.976355 0.854911 0.963015 0.933608 0.998722 0.936582 0.876918 0.873522 0.994786 0.953528 0.928322 0.872267 0.936694 0.978011 0.988625 0.937413 0.875683 0.935252 0.901399 0.836791 0.860228 0.990068 0.887461 0.984905 0.969304 0.919158 0.879130 0.940202 0.856737 0.895682 0.929770 0.773494 0.784550 0.990422 0.971652 0.887617 0.886273 0.974486 0.998895 0.968526 0.996608 0.987549 0.968503 0.844815 0.973370 0.942760 0.926402 0.952983 0.945655 0.919492 0.902010 0.864190 0.852229 0.879825 0.986577 0.907999 0.920159 0.998462 0.967880 0.961660 0.825699 0.851533 0.996234
0.504395 0.602041 0.857621 0.908776 0.830384 0.700939 0.359334 0.332234 0.774734 0.397346 0.423679 0.398166 0.351768 0.413636 0.399219 0.722962 0.373420 0.384102 0.392649 0.477480 0.869037 0.882326 0.831077 0.861816 0.510378 0.685989 0.627070 0.966226 0.000000 0.288807 0.418743 0.624363 0.411985 0.313149 0.957594 0.956839 0.861457 0.755558 0.849153 0.777082 0.968787 0.978587 0.453201 0.385042 0.389342 0.328593 0.432895 0.512767 0.430846 0.628860 0.611352 0.852618 0.858121 0.960285 0.689091 0.599102 0.676979 0.694001 0.497914 0.694815 0.303137 0.399399 0.271216 0.291056 0.582085 0.928143 0.694101 0.592056 0.885228 0.612689 0.777773 0.780356 0.877892 0.968713 0.974661 0.887629 0.500596 0.861291 0.547224 0.593606 0.297794 0.364550 0.670146 0.681992 0.602947 0.864381 0.912048 0.928155 0.880382 0.958341 0.785562 0.948228 0.914746 0.643233 0.951959 0.963020 0.752769 0.870435 0.488335 0.575010 0.462253 0.635072 0.506268 0.606470 0.703086 0.841574 0.882265 0.839514 0.722119 0.674627 0.721486 0.740276 0.680442 0.710072 0.990963 0.857331
0.453161 0.562950 0.943695 0.897916 0.853738 0.742710 0.456001 0.404103 0.814924 0.481377 0.408525 0.335569 0.307060 0.343201 0.360483 0.562268 0.415469 0.350257 0.441329 0.499007 0.882502 0.928119 0.727188 0.971411 0.515037 0.630468 0.682874 0.947058 0.288807 0.000000 0.504208 0.591491 0.378399 0.337540 0.980238 0.926814 0.871202 0.820665 0.836129 0.759910 0.917182 0.958683 0.497303 0.412031 0.397679 0.352114 0.504949 0.518706 0.419015 0.609124 0.589290 0.789190 0.868176 0.954165 0.655237 0.621821 0.646060 0.649137 0.509407 0.691492 0.319675 0.409729 0.308523 0.269235 0.663717 0.909675 0.712242 0.578217 0.829454 0.540698 0.709904 0.841656 0.908503 0.909191 0.950375 0.879137 0.576334 0.761488 0.607599 0.560042 0.339194 0.419340 0.533222 0.636920 0.539699 0.777995 0.886584 0.973781 0.723288 0.942203 0.867837 0.889297 0.967219 0.630527 0.916482 0.929752 0.702508 0.962459 0.469508 0.583629 0.562929 0.696137 0.417830 0.705729 0.749804 0.800772 0.940821 0.867768 0.788972 0.787508 0.703049 0.771472 0.723859 0.715743 0.988488 0.919021
0.646314 0.700330 0.792247 0.940513 0.958166 0.705305 0.497853 0.465089 0.807513 0.449484 0.680613 0.549661 0.596626 0.634698 0.634347 0.800834 0.538375 0.514737 0.524882 0.609075 0.981372 0.959981 0.840957 0.908275 0.729868 0.812280 0.702797 0.997361 0.418743 0.504208 0.000000 0.582666 0.540637 0.474211 0.974277 0.959153 0.884508 0.820670 0.995789 0.996656 0.929448 0.985294 0.582564 0.525063 0.524787 0.514104 0.597881 0.653849 0.554115 0.685651 0.775553 0.910859 0.902098 0.903825 0.777412 0.657363 0.669721 0.762066 0.660890 0.833609 0.509070 0.561647 0.521918 0.474126 0.735423 0.940288 0.712878 0.661146 0.922694 0.721001 0.869727 0.744897 0.945856 0.989731 0.941780 0.813874 0.625618 0.898642 0.720557 0.667457 0.468711 0.571653 0.906091 0.848566 0.701898 0.904266 0.777880 0.776680 0.964102 0.997653 0.807437 0.996907 0.859216 0.839855 0.853511 0.930248 0.973230 0.887215 0.598920 0.501416 0.643109 0.642829 0.525227 0.807413 0.819851 0.894724 0.818335 0.983520 0.847921 0.732054 0.741537 0.793373 0.771543 0.867337 0.884540 0.861498
0.794672 0.897725 0.858983 0.833005 0.962584 0.877308 0.696630 0.689916 0.996627 0.722446 0.819882 0.724516 0.740104 0.698907 0.703810 0.733564 0.752089 0.647195 0.621664 0.627049 0.952358 0.971889 0.707511 0.909094 0.810530 0.935500 0.852030 0.994787 0.624363 0.591491 0.582666 0.000000 0.627023 0.655967 0.974772 0.770880 0.914530 0.928806 0.944245 0.786805 0.982843 0.910468 0.666502 0.636115 0.744794 0.651798 0.678945 0.770387 0.780170 0.788138 0.864150 0.927947 0.975347 0.888891 0.999165 0.802270 0.904711 0.968127 0.844852 0.888308 0.688181 0.778407 0.709955 0.705569 0.934004 0.836270 0.704783 0.642000 0.987828 0.803274 0.822096 0.878062 0.732144 0.840272 0.982493 0.939447 0.779329 0.940180 0.821081 0.728181 0.702631 0.609661 0.711595 0.832253 0.748948 0.746584 0.924957 0.894127 0.895510 0.763537 0.874606 0.987182 0.881302 0.877519 0.967905 0.890762 0.947563 0.927711 0.780004 0.713485 0.900102 0.845206 0.566232 0.878592 0.782288 0.870999 0.977550 0.832223 0.915804 0.987943 0.727296 0.964575 0.899112 0.973202 0.867056 0.957527
0.540848 0.743789 0.942943 0.968377 0.867733 0.632452 0.448947 0.418290 0.841571 0.473485 0.509044 0.427155 0.409734 0.483995 0.425867 0.664296 0.484878 0.464168 0.495265 0.593088 0.937195 0.868887 0.756530 0.998716 0.516605 0.740837 0.699899 0.997979 0.411985 0.378399 0.540637 0.627023 0.000000 0.452102 0.955753 0.970773 0.828503 0.874743 0.958716 0.942497 0.886216 0.930175 0.513769 0.429529 0.366389 0.381666 0.535824 0.510694 0.464419 0.679009 0.661999 0.861417 0.890093 0.920602 0.765749 0.663019 0.735087 0.772856 0.531840 0.775664 0.353955 0.446364 0.390076 0.351316 0.672661 0.986469 0.674694 0.562414 0.914253 0.618344 0.854698 0.855470 0.882784 0.875138 0.995732 0.808695 0.542234 0.773471 0.765556 0.528035 0.377970 0.486903 0.688007 0.631586 0.601212 0.733002 0.955469 0.924270 0.834294 0.942343 0.833487 0.860892 0.921633 0.618905 0.874726 0.958639 0.769260 0.965027 0.445677 0.625676 0.588941 0.810622 0.495637 0.629642 0.759510 0.866632 0.918455 0.894818 0.875593 0.845167 0.687354 0.725084 0.804484 0.786236 0.963268 0.968274
0.517760 0.555750 0.793314 0.957724 0.974428 0.698794 0.401006 0.393914 0.892442 0.454605 0.415138 0.436443 0.457689 0.522872 0.512792 0.795731 0.362588 0.387922 0.424710 0.549832 0.867570 0.864134 0.951636 0.817236 0.616694 0.765200 0.545792 0.954115 0.313149 0.337540 0.474211 0.655967 0.452102 0.000000 0.936386 0.855485 0.752851 0.809991 0.816936 0.768143 0.935376 0.986805 0.422880 0.306977 0.401662 0.357292 0.407856 0.520154 0.463533 0.625799 0.586772 0.818792 0.871232 0.983996 0.667027 0.593477 0.670011 0.749418 0.483862 0.688950 0.349741 0.510931 0.315878 0.345753 0.679135 0.923213 0.686986 0.523806 0.894552 0.671023 0.844603 0.780213 0.915240 0.943405 0.987957 0.870826 0.548230 0.815266 0.633270 0.624787 0.358448 0.392136 0.728897 0.633987 0.668444 0.818153 0.859907 0.863652 0.978502 0.906480 0.785096 0.896095 0.921456 0.606728 0.966447 0.909597 0.814545 0.972195 0.496446 0.578117 0.594513 0.696963 0.452454 0.808205 0.771586 0.878594 0.781553 0.818191 0.746324 0.721134 0.712473 0.759959 0.706089 0.798737 0.876345 0.897275
0.955478 0.989972 0.883264 0.856374 0.962940 0.770649 0.969848 0.934335 0.890505 0.954064 0.890521 0.956640 0.933065 0.921136 0.990901 0.901512 0.934033 0.938095 0.973831 0.926270 0.966484 0.843767 0.817500 0.847525 0.861407 0.813605 0.975800 0.925149 0.957594 0.980238 0.974277 0.974772 0.955753 0.936386 0.000000 0.874664 0.897738 0.930125 0.829567 0.984644 0.911761 0.946272 0.950836 0.895544 0.963510 0.985182 0.903856 0.982832 0.994923 0.902586 0.952151 0.969847 0.991347 0.939422 0.763537 0.907098 0.970044 0.907436 0.907772 0.843707 0.969765 0.967706 0.980812 0.980612 0.813444 0.816892 0.780410 0.924612 0.935759 0.979935 0.895915 0.834307 0.893405 0.922395 0.881120 0.908181 0.902694 0.861106 0.900616 0.876561 0.984807 0.945440 0.958627 0.952222 0.908075 0.819608 0.930012 0.978325 0.981703 0.958294 0.876474 0.932730 0.826212 0.887322 0.988467 0.933350 0.919453 0.834379 0.959938 0.886714 0.937978 0.842316 0.924520 0.947166 0.900967 0.968246 0.876879 0.972789 0.984859 0.799453 0.849205 0.935532 0.829647 0.964601 0.847826 0.997433
0.891402 0.948341 0.987279 0.931162 0.944374 0.995908 0.958709 0.955176 0.965746 0.980216 0.881489 0.997433 0.896873 0.955230 0.992893 0.915040 0.988553 0.951358 0.996235 0.991752 0.952310 0.827819 0.913861 0.828182 0.975638 0.942965 0.909662 0.866538 0.956839 0.926814 0.959153 0.770880 0.970773 0.855485 0.874664 0.000000 0.969662 0.911322 0.931057 0.963614 0.881103 0.917656 0.935580 0.943381 0.958866 0.951508 0.974353 0.952607 0.935911 0.906482 0.885289 0.837014 0.798510 0.809213 0.834056 0.884223 0.823478 0.742102 0.876671 0.756817 0.908919 0.990828 0.983247 0.978534 0.971125 0.977285 0.838825 0.967199 0.911680 0.749381 0.885390 0.957971 0.932251 0.996499 0.880242 0.893806 0.978250 0.967451 0.984985 0.893405 0.998477 0.884708 0.945424 0.945521 0.915758 0.966843 0.840050 0.930247 0.796997 0.955881 0.809901 0.862135 0.806005 0.740839 0.773767 0.926565 0.948980 0.932296 0.829154 0.810115 0.877635 0.981740 0.974179 0.945769 0.828163 0.877482 0.892335 0.879864 0.925840 0.970358 0.845296 0.939018 0.968487 0.802372 0.982387 0.816319
0.790731 0.940831 0.971293 0.907916 0.959539 0.787207 0.829166 0.799748 0.899477 0.788944 0.878445 0.806328 0.897284 0.871922 0.856707 0.875456 0.805056 0.810051 0.765327 0.958940 0.853752 0.861496 0.872512 0.998619 0.847317 0.975155 0.800683 0.891917 0.861457 0.871202 0.884508 0.914530 0.828503 0.752851 0.897738 0.969662 0.000000 0.912657 0.846624 0.834885 0.930854 0.923762 0.789800 0.793600 0.708615 0.743317 0.861890 0.840738 0.741174 0.804169 0.846995 0.871523 0.897176 0.832443 0.884236 0.926142 0.948696 0.904037 0.931467 0.925024 0.818772 0.792974 0.843153 0.814756 0.868224 0.899845 0.799638 0.882180 0.860950 0.976303 0.902069 0.762852 0.957282 0.999921 0.960737 0.869588 0.819938 0.919140 0.929517 0.920403 0.792794 0.843848 0.981293 0.893422 0.893314 0.877724 0.849460 0.847225 0.990344 0.989423 0.737296 0.887406 0.748459 0.958579 0.987832 0.941938 0.983563 0.964386 0.699499 0.932631 0.942751 0.878908 0.777263 0.968883 0.993988 0.994384 0.998359 0.800045 0.909843 0.927246 0.837397 0.878485 0.664202 0.884516 0.913039 0.922092
0.847901 0.931919 0.964381 0.781435 0.980174 0.981301 0.730438 0.796668 0.892432 0.838928 0.695644 0.846124 0.684586 0.773011 0.825804 0.940579 0.788772 0.907898 0.842246 0.929320 0.939037 0.993249 0.945056 0.812925 0.780112 0.847704 0.736187 0.826384 0.755558 0.820665 0.820670 0.928806 0.874743 0.809991 0.930125 0.911322 0.912657 0.000000 0.822047 0.897871 0.895832 0.938996 0.927092 0.822265 0.842707 0.866702 0.781277 0.870008 0.917769 0.983834 0.910741 0.849575 0.841014 0.825663 0.914117 0.912890 0.988703 0.994049 0.830314 0.973098 0.683000 0.796573 0.729912 0.755608 0.871807 0.984032 0.958520 0.899675 0.845203 0.936889 0.858243 0.939386 0.961653 0.758795 0.883383 0.972106 0.744634 0.887023 0.875512 0.982903 0.744580 0.768929 0.883867 0.999509 0.838242 0.981621 0.886051 0.936958 0.875561 0.964088 0.971134 0.928610 0.943889 0.798316 0.919069 0.902772 0.935284 0.934069 0.880825 0.920934 0.806000 0.798057 0.993171 0.970556 0.939284 0.932401 0.883232 0.992274 0.761929 0.936439 0.957021 0.938077 0.753741 0.926413 0.875781 0.989275
