0.000000 0.317990 0.687181 0.667615 0.865665 0.613388 0.338210 0.347390 0.471635 0.513074 0.354745 0.265518 0.385726 0.413415 0.626576 0.648558 0.378393 0.392444 0.393315 0.398283 0.978424 0.895072 0.792345 0.985166 0.820006 0.982387 0.776166 0.869840 0.400343 0.478174 0.896408 0.954149 0.407550 0.353029 0.660335 0.963750 0.852986 0.998652 0.767902 0.957549 0.841341 0.799950 0.591879 0.581265 0.585594 0.553819 0.573410 0.561780 0.857453 0.795709 0.672860 0.597139 0.787864 0.877253 0.777451 0.703069 0.376916 0.332821 0.228146 0.283641 0.251506 0.315878 0.384765 0.342850 0.761476 0.603736 0.475519 0.495462 0.531447 0.644346 0.596880 0.729022 0.834770 0.816921 0.893645 0.875633 0.586961 0.790292 0.563315 0.854071 0.393317 0.621682 0.857713 0.707505 0.672561 0.800774 0.955415 0.834409 0.609771 0.620398 0.624530 0.696943 0.701620 0.680466 0.791213 0.838132 0.532643 0.719661 0.408768 0.390835 0.594974 0.660565 0.539779 0.611743 0.478196 0.450359 0.820149 0.593829 0.669017 0.666531 0.623458 0.668825 0.617047 0.820171 0.600854 0.884455
0.317990 0.000000 0.614397 0.508689 0.990158 0.653390 0.353289 0.311201 0.641189 0.694196 0.612185 0.414901 0.651312 0.527610 0.841809 0.730858 0.480969 0.476281 0.382189 0.298767 0.789172 0.826562 0.731370 0.779795 0.916870 0.774013 0.950442 0.904653 0.564023 0.626226 0.669644 0.731512 0.352246 0.309066 0.568612 0.788855 0.754765 0.826670 0.944018 0.878868 0.675615 0.851580 0.395886 0.399911 0.496125 0.499026 0.499355 0.474922 0.900654 0.715544 0.553997 0.507581 0.727485 0.764720 0.719298 0.679472 0.321264 0.299202 0.398303 0.337507 0.409892 0.301665 0.625162 0.566393 0.682854 0.426062 0.325704 0.337253 0.466400 0.513946 0.507066 0.595568 0.580692 0.596357 0.807331 0.768909 0.606027 0.697277 0.643333 0.788891 0.445007 0.573161 0.753664 0.754184 0.646502 0.581378 0.973805 0.910189 0.654507 0.582758 0.555648 0.789511 0.615807 0.750178 0.739588 0.890275 0.465725 0.714694 0.424718 0.451272 0.589259 0.668926 0.541025 0.738287 0.421376 0.435088 0.894442 0.562022 0.684231 0.648180 0.621180 0.631301 0.690902 0.683825 0.546335 0.995692
0.687181 0.614397 0.000000 0.215936 0.937851 0.852091 0.407218 0.517074 0.628020 0.973712 0.971138 0.798975 0.786980 0.752940 0.758499 0.639998 0.983298 0.996564 0.591284 0.579627 0.512992 0.836295 0.337171 0.429696 0.391166 0.307611 0.907220 0.892673 0.982798 0.944464 0.401323 0.580836 0.488524 0.488348 0.501468 0.800808 0.473039 0.642914 0.845748 0.714765 0.840091 0.944542 0.463578 0.623899 0.797826 0.878806 0.440974 0.491556 0.847638 0.919208 0.769887 0.788071 0.873822 0.861908 0.678373 0.701158 0.941288 0.885113 0.724297 0.717934 0.591638 0.550020 0.949739 0.962852 0.231033 0.332800 0.398545 0.420916 0.602683 0.780300 0.453180 0.497943 0.567893 0.626498 0.802867 0.959944 0.601557 0.536718 0.962207 0.726854 0.801456 0.643882 0.730892 0.810558 0.377310 0.334501 0.889741 0.946919 0.586490 0.548271 0.683814 0.807080 0.687130 0.699506 0.625811 0.773334 0.706617 0.953100 0.769324 0.710785 0.854503 0.996805 0.916154 0.922681 0.617760 0.507534 0.747586 0.882083 0.807266 0.818028 0.699292 0.918275 0.863016 0.942467 0.804303 0.899571
0.667615 0.508689 0.215936 0.000000 0.927771 0.767377 0.378132 0.439696 0.673625 0.972248 0.984171 0.717574 0.882137 0.715350 0.877584 0.701842 0.937657 0.967078 0.569696 0.485400 0.464184 0.804319 0.393995 0.387171 0.407852 0.311583 0.913199 0.919090 0.981562 0.964696 0.403717 0.538724 0.462734 0.448044 0.494603 0.713133 0.521807 0.571490 0.796982 0.721670 0.748418 0.931405 0.409042 0.528162 0.761296 0.859822 0.386612 0.443711 0.816063 0.927157 0.696417 0.737327 0.852583 0.807073 0.725665 0.686724 0.848988 0.833335 0.680416 0.628069 0.602721 0.464718 0.924588 0.950476 0.287017 0.234767 0.301792 0.308391 0.596996 0.748780 0.384435 0.391310 0.485574 0.563061 0.707517 0.821758 0.590737 0.501347 0.994297 0.696326 0.819731 0.697219 0.715879 0.836123 0.442770 0.328903 0.839182 0.980451 0.602634 0.572841 0.586182 0.803286 0.599792 0.678446 0.659127 0.739411 0.584088 0.834163 0.691920 0.672132 0.730496 0.926629 0.842594 0.976093 0.540611 0.491198 0.774085 0.792742 0.730314 0.767399 0.671080 0.850357 0.876793 0.863686 0.686712 0.879444
0.865665 0.990158 0.937851 0.927771 0.000000 0.964059 0.978491 0.966472 0.765763 0.754492 0.831319 0.885889 0.624959 0.854089 0.566528 0.788748 0.775228 0.862611 0.799508 0.979278 0.920052 0.758953 0.834495 0.879709 0.939345 0.852597 0.778734 0.940287 0.797396 0.824279 0.887219 0.732472 0.886016 0.953135 0.862162 0.935292 0.941726 0.841153 0.988849 0.659155 0.836054 0.948299 0.919467 0.876503 0.988365 0.980141 0.949990 0.915263 0.865237 0.826154 0.830231 0.810413 0.874217 0.699608 0.898610 0.992263 0.848788 0.741973 0.790514 0.973930 0.787940 0.986206 0.681677 0.758609 0.803397 0.931960 0.956743 0.929652 0.969276 0.991205 0.978449 0.831238 0.782770 0.802625 0.908504 0.889654 0.951799 0.966872 0.958763 0.902645 0.732103 0.882530 0.890371 0.659269 0.691283 0.974770 0.937615 0.820271 0.759992 0.904453 0.877697 0.957130 0.860336 0.965661 0.969858 0.976167 0.877396 0.814801 0.984325 0.971055 0.765884 0.871735 0.942332 0.924397 0.911265 0.834282 0.876720 0.900915 0.980382 0.962870 0.877980 0.903013 0.908709 0.854525 0.888005 0.985970
0.613388 0.653390 0.852091 0.767377 0.964059 0.000000 0.558045 0.491249 0.580914 0.601043 0.698468 0.631166 0.870707 0.914610 0.998675 0.990242 0.781012 0.777570 0.771314 0.685932 0.998070 0.807752 0.938833 0.883867 0.849734 0.967347 0.673661 0.892327 0.782921 0.938693 0.982088 0.934769 0.716717 0.674656 0.839322 0.984310 0.991681 0.966463 0.842502 0.955379 0.796055 0.932321 0.669285 0.604939 0.710707 0.718295 0.689266 0.740564 0.887893 0.809388 0.724161 0.690029 0.802784 0.807870 0.802472 0.725447 0.763801 0.747489 0.617980 0.536130 0.645528 0.522095 0.884217 0.835776 0.953855 0.688777 0.638961 0.597682 0.717667 0.612247 0.733931 0.747718 0.822900 0.849408 0.862132 0.822492 0.748596 0.842646 0.961661 0.896684 0.829485 0.880319 0.877915 0.981394 0.987648 0.982736 0.957811 0.928974 0.819063 0.928164 0.555825 0.619507 0.580073 0.625860 0.922315 0.857651 0.691549 0.791726 0.533332 0.591660 0.684699 0.704041 0.719075 0.677261 0.745744 0.721261 0.834174 0.700036 0.902287 0.835475 0.680054 0.661859 0.678530 0.826480 0.538699 0.849709
0.338210 0.353289 0.407218 0.378132 0.978491 0.558045 0.000000 0.195894 0.328005 0.533095 0.542885 0.408241 0.637411 0.647723 0.781720 0.724055 0.561190 0.590538 0.446287 0.420356 0.799553 0.796632 0.686675 0.832122 0.864986 0.686911 0.763131 0.857950 0.587674 0.634807 0.648638 0.803680 0.413197 0.302128 0.467150 0.891553 0.762193 0.800880 0.902481 0.845526 0.719412 0.860745 0.363921 0.358780 0.454821 0.486415 0.444443 0.420986 0.839772 0.668539 0.464900 0.439818 0.559257 0.594721 0.651332 0.605137 0.627536 0.563255 0.346410 0.397529 0.357434 0.300077 0.679474 0.602555 0.588210 0.440125 0.257347 0.331169 0.517073 0.637843 0.367485 0.484829 0.578417 0.639810 0.798333 0.933120 0.421483 0.616604 0.693610 0.854106 0.520821 0.663865 0.845608 0.772996 0.656239 0.666435 0.940594 0.840367 0.599923 0.589118 0.355268 0.513357 0.417543 0.450007 0.619767 0.742790 0.374613 0.637349 0.328830 0.361725 0.568949 0.622692 0.563326 0.672775 0.405808 0.348776 0.677176 0.560584 0.648476 0.634016 0.488656 0.631897 0.606678 0.751437 0.534845 0.853926
0.347390 0.311201 0.517074 0.439696 0.966472 0.491249 0.195894 0.000000 0.434729 0.512289 0.534918 0.359507 0.687482 0.610787 0.881426 0.835184 0.591982 0.600323 0.505537 0.409216 0.815565 0.787613 0.798296 0.893138 0.942774 0.738502 0.714547 0.821078 0.590524 0.674202 0.673173 0.784124 0.419960 0.320939 0.495455 0.853507 0.861823 0.832151 0.900833 0.858029 0.656588 0.823368 0.371562 0.366017 0.546958 0.560181 0.490064 0.498860 0.942243 0.745727 0.530936 0.497530 0.656955 0.668085 0.756332 0.640914 0.550858 0.529270 0.360642 0.337449 0.353420 0.220969 0.695898 0.600914 0.687751 0.391413 0.253219 0.279788 0.561457 0.586005 0.397737 0.444173 0.609211 0.610437 0.809328 0.825617 0.517655 0.698887 0.777738 0.866012 0.568456 0.734648 0.894672 0.900210 0.742484 0.718846 0.983163 0.782082 0.620552 0.673870 0.325240 0.570046 0.381689 0.482809 0.672091 0.726206 0.368366 0.581285 0.325199 0.380014 0.465234 0.577018 0.559500 0.682384 0.383572 0.342037 0.651997 0.533322 0.640625 0.580742 0.459838 0.581018 0.576238 0.769341 0.450351 0.884882
0.471635 0.641189 0.628020 0.673625 0.765763 0.580914 0.328005 0.434729 0.000000 0.460972 0.431446 0.501077 0.601924 0.774853 0.706804 0.733471 0.593121 0.643791 0.658717 0.671823 0.991796 0.915539 0.833359 0.918781 0.914693 0.937007 0.719272 0.762085 0.554791 0.633696 0.884152 0.967656 0.589496 0.503273 0.673068 0.985029 0.880024 0.991672 0.820308 0.910418 0.816226 0.816986 0.653067 0.589142 0.551547 0.597873 0.711226 0.717195 0.727164 0.800961 0.646160 0.647759 0.648737 0.778434 0.604762 0.720653 0.824848 0.686918 0.412289 0.567890 0.421659 0.490339 0.627554 0.556250 0.759946 0.755471 0.543042 0.598891 0.697442 0.712215 0.557954 0.741071 0.822354 0.863672 0.859550 0.994966 0.575356 0.806026 0.673367 0.973941 0.570737 0.721706 0.929723 0.672153 0.778648 0.905609 0.870248 0.893961 0.580032 0.748124 0.559052 0.513187 0.578636 0.483736 0.729514 0.911870 0.625283 0.738514 0.454888 0.475925 0.706853 0.704480 0.701479 0.722746 0.593597 0.520652 0.763034 0.660221 0.739410 0.815741 0.611227 0.725150 0.641587 0.881560 0.672748 0.914788
0.513074 0.694196 0.973712 0.972248 0.754492 0.601043 0.533095 0.512289 0.460972 0.000000 0.408397 0.491005 0.686838 0.879034 0.776797 0.918744 0.470806 0.472189 0.694015 0.757112 0.738261 0.928755 0.784636 0.493242 0.581111 0.697042 0.654768 0.796142 0.424997 0.559868 0.800052 0.694351 0.809784 0.669127 0.774269 0.913538 0.836837 0.859021 0.750454 0.947664 0.832782 0.749377 0.797632 0.682361 0.576008 0.564206 0.875886 0.881299 0.636619 0.774292 0.644168 0.628032 0.700415 0.790275 0.899773 0.796467 0.691238 0.617505 0.455577 0.652725 0.610712 0.626871 0.515641 0.428696 0.834871 0.962580 0.702715 0.820647 0.816517 0.763929 0.614154 0.836244 0.978699 0.920160 0.986827 0.984067 0.624934 0.945633 0.809525 0.864765 0.537943 0.845377 0.945337 0.784070 0.903631 0.710492 0.793845 0.656546 0.799790 0.971877 0.482732 0.476315 0.525254 0.464030 0.872913 0.772420 0.621470 0.636179 0.379579 0.485771 0.654136 0.569639 0.471214 0.541043 0.667043 0.667601 0.828379 0.607653 0.826191 0.749892 0.618121 0.673251 0.454273 0.796707 0.722536 0.866921
0.354745 0.612185 0.971138 0.984171 0.831319 0.698468 0.542885 0.534918 0.431446 0.408397 0.000000 0.305314 0.409152 0.512369 0.687031 0.748725 0.399679 0.407398 0.628194 0.629905 0.762349 0.979416 0.917947 0.728845 0.567144 0.716949 0.689204 0.717392 0.331764 0.387078 0.895657 0.868969 0.629100 0.564531 0.890735 0.820641 0.888087 0.867890 0.817550 0.975248 0.955084 0.733352 0.979727 0.823722 0.701779 0.663692 0.919406 0.877718 0.794756 0.907112 0.859807 0.829531 0.865485 0.995400 0.797130 0.864365 0.607190 0.503400 0.382528 0.481691 0.350278 0.463674 0.305684 0.256608 0.936565 0.929646 0.768394 0.802378 0.768735 0.762077 0.849119 0.999610 0.884920 0.944032 0.874959 0.991984 0.829460 0.908478 0.604836 0.944737 0.425287 0.693207 0.982954 0.700489 0.937539 0.889110 0.847812 0.823972 0.758433 0.847545 0.815484 0.797686 0.868500 0.797679 0.871914 0.934061 0.719312 0.787861 0.575549 0.604206 0.697045 0.744870 0.689828 0.709825 0.674988 0.667369 0.859652 0.767698 0.759079 0.766858 0.708258 0.817031 0.718575 0.986333 0.684914 0.900131
0.265518 0.414901 0.798975 0.717574 0.885889 0.631166 0.408241 0.359507 0.501077 0.491005 0.305314 0.000000 0.390264 0.386074 0.689562 0.649939 0.398591 0.388382 0.499569 0.430228 0.999695 0.919880 0.888136 0.975621 0.746242 0.919943 0.804967 0.816039 0.359748 0.398498 0.966618 0.996177 0.463811 0.394885 0.754875 0.978303 0.976536 0.986677 0.834770 0.883638 0.834370 0.842626 0.753901 0.681932 0.673817 0.671510 0.687923 0.672239 0.913348 0.941540 0.800213 0.740490 0.884330 0.981636 0.864105 0.807105 0.460784 0.434447 0.285412 0.355675 0.274311 0.274491 0.379044 0.302302 0.845738 0.597323 0.520759 0.519291 0.751143 0.701036 0.660256 0.772913 0.951652 0.864309 0.823761 0.898774 0.648756 0.868358 0.628671 0.837516 0.421511 0.656216 0.858199 0.728807 0.769621 0.860184 0.926307 0.847462 0.637944 0.738847 0.648373 0.784577 0.728109 0.714836 0.791798 0.880874 0.592797 0.715534 0.461280 0.490958 0.568153 0.711307 0.587331 0.654264 0.518570 0.503475 0.820227 0.703719 0.720841 0.748975 0.650384 0.638275 0.698756 0.917786 0.640704 0.920713
0.385726 0.651312 0.786980 0.882137 0.624959 0.870707 0.637411 0.687482 0.601924 0.686838 0.409152 0.390264 0.000000 0.389332 0.393044 0.441678 0.577730 0.595081 0.547793 0.674740 0.933619 0.925830 0.684880 0.975289 0.763725 0.870660 0.913453 0.879961 0.470919 0.488120 0.967092 0.863025 0.588872 0.648666 0.937557 0.750021 0.958203 0.840156 0.819933 0.870508 0.879817 0.981396 0.934285 0.955995 0.910309 0.857367 0.799866 0.770931 0.950321 0.892229 0.888315 0.998792 0.901763 0.742594 0.884483 0.976656 0.603974 0.529404 0.418348 0.552711 0.320964 0.542636 0.380488 0.413000 0.713064 0.788282 0.860396 0.868748 0.855952 0.791576 0.916254 0.898772 0.841127 0.833400 0.853493 0.945295 0.828914 0.960256 0.721188 0.776062 0.543249 0.687863 0.877778 0.702656 0.582753 0.843398 0.914953 0.820107 0.766671 0.806758 0.994986 0.916312 0.892011 0.936061 0.879291 0.929540 0.936733 0.991208 0.759734 0.671217 0.959614 0.877275 0.859816 0.882488 0.755418 0.565432 0.962264 0.946156 0.893545 0.912065 0.819247 0.814515 0.806960 0.938611 0.819184 0.927371
0.413415 0.527610 0.752940 0.715350 0.854089 0.914610 0.647723 0.610787 0.774853 0.879034 0.512369 0.386074 0.389332 0.000000 0.631423 0.547089 0.627549 0.614426 0.507585 0.586689 0.909805 0.996255 0.604220 0.751798 0.958877 0.975630 0.979273 0.953067 0.584862 0.465450 0.752732 0.827710 0.397392 0.497884 0.765283 0.989339 0.791922 0.868530 0.977383 0.825704 0.903384 0.957505 0.898475 0.897043 0.994869 0.982615 0.810579 0.783615 0.734934 0.768035 0.929232 0.981581 0.852009 0.767878 0.967922 0.977451 0.461903 0.496234 0.433907 0.417608 0.341504 0.438377 0.436821 0.463983 0.738383 0.574800 0.662776 0.590213 0.864466 0.746801 0.846987 0.788001 0.978097 0.942677 0.800951 0.915515 0.903926 0.834171 0.748971 0.740991 0.608216 0.828841 0.680058 0.783626 0.576066 0.652399 0.831728 0.928046 0.688134 0.671438 0.972669 0.811523 0.911975 0.888897 0.911133 0.865679 0.796504 0.921982 0.824755 0.808556 0.765378 0.943703 0.924454 0.990235 0.676172 0.658882 0.952101 0.918164 0.780610 0.754822 0.817200 0.870769 0.996566 0.886658 0.749072 0.969079
0.626576 0.841809 0.758499 0.877584 0.566528 0.998675 0.781720 0.881426 0.706804 0.776797 0.687031 0.689562 0.393044 0.631423 0.000000 0.438097 0.728288 0.768711 0.660786 0.829118 0.854215 0.972587 0.554638 0.930453 0.977909 0.991692 0.940820 0.950594 0.619848 0.670007 0.903796 0.888095 0.652436 0.771833 0.826458 0.858004 0.798902 0.898747 0.851644 0.857118 0.984993 0.923183 0.957327 0.940710 0.875866 0.891311 0.801183 0.759972 0.903317 0.943718 0.959741 0.963314 0.982716 0.843919 0.775104 0.804869 0.792206 0.718958 0.574802 0.750934 0.528161 0.772234 0.591327 0.619444 0.661057 0.915893 0.895875 0.960974 0.852686 0.711825 0.848849 0.989936 0.948837 0.953412 0.804171 0.983011 0.889985 0.984690 0.843938 0.927743 0.713240 0.789628 0.674453 0.656392 0.505869 0.798880 0.771620 0.964237 0.734518 0.713237 0.971439 0.928022 0.847252 0.928777 0.852199 0.850356 0.996938 0.931918 0.849344 0.762585 0.860430 0.989938 0.975553 0.980517 0.829959 0.648914 0.932613 0.950006 0.987781 0.965228 0.773655 0.899738 0.826784 0.975565 0.929369 0.921069
0.648558 0.730858 0.639998 0.701842 0.788748 0.990242 0.724055 0.835184 0.733471 0.918744 0.748725 0.649939 0.441678 0.547089 0.438097 0.000000 0.763995 0.718301 0.542531 0.664913 0.817442 0.984577 0.419984 0.650663 0.873435 0.834190 0.884205 0.982238 0.626503 0.653124 0.751868 0.879523 0.582249 0.663324 0.854596 0.953448 0.639325 0.930195 0.892947 0.827039 0.971133 0.833076 0.826184 0.853386 0.836847 0.830632 0.589133 0.669891 0.944217 0.991147 0.999021 0.910255 0.955292 0.888702 0.691590 0.913706 0.753430 0.710486 0.662821 0.798821 0.575116 0.702525 0.700560 0.714745 0.569987 0.713873 0.847947 0.840945 0.823243 0.810610 0.799450 0.898245 0.962733 0.879225 0.771005 0.854361 0.827366 0.770235 0.706826 0.733974 0.695563 0.644328 0.612741 0.616192 0.445254 0.590368 0.802990 0.891779 0.714671 0.727461 0.977787 0.984555 0.884631 0.968466 0.684111 0.899028 0.898558 0.943662 0.874442 0.764667 0.904537 0.894712 0.952168 0.988847 0.728787 0.730741 0.988165 0.972569 0.916777 0.990080 0.959556 0.842356 0.929590 0.998301 0.930477 0.962834
0.378393 0.480969 0.983298 0.937657 0.775228 0.781012 0.561190 0.591982 0.593121 0.470806 0.399679 0.398591 0.577730 0.627549 0.728288 0.763995 0.000000 0.232572 0.460379 0.478180 0.844635 0.909857 0.975834 0.836930 0.726876 0.797655 0.918215 0.877645 0.306735 0.375252 0.993822 0.912492 0.568850 0.547726 0.734431 0.986843 0.923204 0.988871 0.868250 0.931669 0.776080 0.782898 0.816099 0.687193 0.477529 0.443008 0.798927 0.747120 0.619977 0.667269 0.627139 0.634064 0.694820 0.826425 0.714534 0.752501 0.384015 0.305618 0.425981 0.568794 0.520155 0.584937 0.337031 0.291972 0.962426 0.936985 0.685640 0.733480 0.602993 0.720012 0.732679 0.992788 0.875671 0.828500 0.922098 0.869401 0.762730 0.940298 0.567859 0.899514 0.269241 0.536083 0.734010 0.521449 0.821500 0.967054 0.898812 0.931112 0.741241 0.689404 0.772197 0.825333 0.864194 0.823492 0.780893 0.996815 0.597376 0.740769 0.510113 0.617121 0.743219 0.800530 0.522727 0.560704 0.682184 0.704506 0.994982 0.776017 0.721900 0.751718 0.767062 0.722686 0.753549 0.739081 0.782536 0.980234
0.392444 0.476281 0.996564 0.967078 0.862611 0.777570 0.590538 0.600323 0.643791 0.472189 0.407398 0.388382 0.595081 0.614426 0.768711 0.718301 0.232572 0.000000 0.481693 0.470939 0.905568 0.873495 0.940872 0.807644 0.726332 0.814625 0.918757 0.914038 0.259535 0.307069 0.988835 0.970993 0.569561 0.525658 0.809589 0.962332 0.889557 0.923710 0.826837 0.919240 0.833540 0.750570 0.855311 0.716486 0.498930 0.459793 0.792246 0.796213 0.635569 0.683123 0.624742 0.642188 0.752897 0.846704 0.737650 0.794212 0.377205 0.317630 0.442197 0.605850 0.547303 0.573013 0.346555 0.265618 0.920489 0.934477 0.699401 0.731497 0.590282 0.713891 0.752531 0.951821 0.870897 0.778436 0.976411 0.873547 0.781448 0.902203 0.531411 0.924402 0.247118 0.476124 0.775435 0.550486 0.880794 0.962475 0.861227 0.899471 0.725282 0.770261 0.792013 0.847507 0.860578 0.861365 0.798911 0.967361 0.609333 0.761131 0.515807 0.600798 0.711122 0.827412 0.486591 0.516592 0.622056 0.761030 0.939150 0.784351 0.808052 0.735602 0.761534 0.707482 0.725791 0.766839 0.802772 0.975249
0.393315 0.382189 0.591284 0.569696 0.799508 0.771314 0.446287 0.505537 0.658717 0.694015 0.628194 0.499569 0.547793 0.507585 0.660786 0.542531 0.460379 0.481693 0.000000 0.420324 0.868640 0.910573 0.596543 0.778536 0.944791 0.845700 0.989545 0.998099 0.546361 0.616273 0.743685 0.900897 0.395650 0.401137 0.569395 0.853576 0.722854 0.901914 0.926541 0.888459 0.848454 0.940506 0.583501 0.590794 0.515876 0.503274 0.504960 0.500006 0.777513 0.730933 0.601697 0.592132 0.727407 0.779729 0.674696 0.680267 0.469644 0.380664 0.418041 0.475894 0.442600 0.491087 0.550336 0.570136 0.604376 0.595920 0.525899 0.528496 0.517774 0.671512 0.553246 0.732833 0.791310 0.757995 0.823510 0.833062 0.639158 0.638991 0.704341 0.749351 0.478367 0.601318 0.675675 0.651375 0.529159 0.643006 0.971462 0.948145 0.675083 0.616156 0.676613 0.804973 0.788937 0.755105 0.742294 0.827357 0.548521 0.822364 0.534837 0.542315 0.794678 0.904258 0.627926 0.768088 0.642754 0.515745 0.877004 0.701645 0.669472 0.702070 0.683500 0.685054 0.728980 0.809100 0.809283 0.919437
0.398283 0.298767 0.579627 0.485400 0.979278 0.685932 0.420356 0.409216 0.671823 0.757112 0.629905 0.430228 0.674740 0.586689 0.829118 0.664913 0.478180 0.470939 0.420324 0.000000 0.682335 0.809847 0.683504 0.691671 0.839431 0.733999 0.994216 0.930511 0.565452 0.614339 0.659344 0.632614 0.383653 0.378600 0.624244 0.797553 0.710317 0.784259 0.992097 0.850078 0.673383 0.873052 0.502839 0.484944 0.589189 0.596993 0.506541 0.463186 0.975343 0.759868 0.668791 0.637863 0.840170 0.821396 0.658229 0.669919 0.432815 0.423418 0.497847 0.442492 0.489854 0.371129 0.660937 0.608519 0.646309 0.434629 0.412505 0.397411 0.468032 0.580215 0.546091 0.657238 0.622741 0.577714 0.715981 0.683566 0.692617 0.753796 0.694294 0.743818 0.420831 0.462465 0.666174 0.701957 0.590774 0.544470 0.895014 0.993059 0.682142 0.581999 0.641874 0.861282 0.691471 0.786757 0.660426 0.992959 0.525003 0.769569 0.557492 0.549001 0.690019 0.762811 0.565080 0.800193 0.449149 0.560492 0.817300 0.739252 0.771942 0.785287 0.776262 0.741038 0.742636 0.739034 0.581918 0.970181
0.978424 0.789172 0.512992 0.464184 0.920052 0.998070 0.799553 0.815565 0.991796 0.738261 0.762349 0.999695 0.933619 0.909805 0.854215 0.817442 0.844635 0.905568 0.868640 0.682335 0.000000 0.753080 0.479682 0.442587 0.392982 0.404257 0.725182 0.876769 0.863383 0.983324 0.473640 0.542889 0.652112 0.714060 0.747005 0.817918 0.657590 0.676011 0.838130 0.771827 0.775929 0.727955 0.677194 0.781913 0.992749 0.914035 0.668866 0.754960 0.734821 0.913580 0.967551 0.990561 0.949072 0.981690 0.913792 0.881481 0.938964 0.962562 0.982220 0.931948 0.921693 0.769808 0.759180 0.784316 0.477746 0.485352 0.618037 0.598601 0.806612 0.824106 0.688800 0.619340 0.626809 0.630633 0.704573 0.749162 0.902197 0.727906 0.890951 0.768330 0.991908 0.815832 0.599454 0.947522 0.560367 0.434467 0.636651 0.903066 0.834133 0.711389 0.865003 0.914040 0.919234 0.977915 0.762476 0.881241 0.920301 0.869947 0.988873 0.940133 0.998052 0.903561 0.837511 0.719504 0.701188 0.769521 0.845300 0.925002 0.813388 0.952748 0.999139 0.998375 0.991036 0.966226 0.813992 0.966504
0.895072 0.826562 0.836295 0.804319 0.758953 0.807752 0.796632 0.787613 0.915539 0.928755 0.979416 0.919880 0.925830 0.996255 0.972587 0.984577 0.909857 0.873495 0.910573 0.809847 0.753080 0.000000 0.901484 0.921483 0.861030 0.888618 0.945848 0.917217 0.888187 0.925590 0.814227 0.976491 0.831445 0.843187 0.780449 0.906948 0.846789 0.847209 0.989840 0.951082 0.768908 0.727053 0.857550 0.848339 0.738898 0.873715 0.932984 0.793168 0.922783 0.806439 0.783564 0.793663 0.809215 0.732207 0.911756 0.709770 0.883708 0.929534 0.956960 0.859912 0.912538 0.860038 0.943331 0.902079 0.941240 0.919713 0.737639 0.784320 0.760543 0.852259 0.762056 0.788070 0.869627 0.721786 0.733350 0.943256 0.748096 0.735454 0.872947 0.954650 0.862022 0.878957 0.895119 0.887656 0.988691 0.833520 0.912342 0.942023 0.943444 0.701894 0.753354 0.866587 0.748735 0.879615 0.734298 0.861257 0.819329 0.957089 0.748491 0.841368 0.838820 0.953134 0.811617 0.825199 0.821514 0.811774 0.918400 0.958409 0.920052 0.776337 0.792534 0.878029 0.936388 0.813018 0.777338 0.918211
0.792345 0.731370 0.337171 0.393995 0.834495 0.938833 0.686675 0.798296 0.833359 0.784636 0.917947 0.888136 0.684880 0.604220 0.554638 0.419984 0.975834 0.940872 0.596543 0.683504 0.479682 0.901484 0.000000 0.304366 0.413397 0.433805 0.720622 0.839193 0.988085 0.913178 0.397936 0.545897 0.460375 0.604098 0.620776 0.850645 0.453591 0.700687 0.863663 0.703020 0.902677 0.802995 0.673703 0.848812 0.990238 0.941625 0.567102 0.631813 0.732165 0.818895 0.961508 0.975323 0.899757 0.858966 0.764198 0.854542 0.882619 0.884667 0.809481 0.817037 0.626244 0.697912 0.978969 0.960637 0.258115 0.452805 0.635565 0.620441 0.787068 0.809614 0.672458 0.651427 0.734153 0.751335 0.666406 0.867819 0.832632 0.570239 0.988571 0.675869 0.862971 0.764357 0.547825 0.786494 0.229642 0.279395 0.718349 0.879692 0.657402 0.535733 0.986544 0.883161 0.958435 0.980692 0.692971 0.773062 0.937217 0.916458 0.997282 0.906873 0.897243 0.800416 0.868651 0.722129 0.725191 0.632075 0.968856 0.978023 0.980555 0.980243 0.901298 0.952909 0.955365 0.986419 0.940585 0.891338
0.985166 0.779795 0.429696 0.387171 0.879709 0.883867 0.832122 0.893138 0.918781 0.493242 0.728845 0.975621 0.975289 0.751798 0.930453 0.650663 0.836930 0.807644 0.778536 0.691671 0.442587 0.921483 0.304366 0.000000 0.328427 0.361877 0.659682 0.821016 0.757828 0.900539 0.389296 0.402309 0.619885 0.746777 0.694665 0.763546 0.536350 0.622857 0.766789 0.835372 0.922823 0.787026 0.695364 0.850682 0.933812 0.883247 0.623483 0.647263 0.649608 0.891477 0.974995 0.950223 0.885549 0.929959 0.796807 0.876092 0.958937 0.984363 0.948002 0.945566 0.844616 0.783881 0.797867 0.747377 0.354056 0.425161 0.701997 0.626839 0.808564 0.908919 0.823876 0.715594 0.692102 0.716434 0.752437 0.815104 0.959984 0.686667 0.964741 0.629849 0.976364 0.785869 0.621473 0.923654 0.394435 0.259177 0.687753 0.732356 0.827767 0.576335 0.892697 0.727059 0.874384 0.801288 0.748217 0.933084 0.926098 0.897228 0.821667 0.935638 0.898527 0.713469 0.782214 0.641704 0.853857 0.794987 0.929421 0.876467 0.985313 0.947572 0.968525 0.860520 0.766967 0.958255 0.948894 0.997221
0.820006 0.916870 0.391166 0.407852 0.939345 0.849734 0.864986 0.942774 0.914693 0.581111 0.567144 0.746242 0.763725 0.958877 0.977909 0.873435 0.726876 0.726332 0.944791 0.839431 0.392982 0.861030 0.413397 0.328427 0.000000 0.228444 0.634178 0.767945 0.680691 0.830682 0.318304 0.435820 0.711145 0.800516 0.649286 0.688574 0.432655 0.452132 0.649847 0.703927 0.863764 0.827755 0.694254 0.882843 0.963510 0.839715 0.670952 0.784122 0.699227 0.915391 0.938150 0.921135 0.910204 0.988671 0.823640 0.828497 0.866229 0.824409 0.789680 0.842372 0.925528 0.959655 0.614997 0.601605 0.385921 0.521916 0.673165 0.661147 0.820927 0.953892 0.683661 0.617087 0.536519 0.584507 0.814503 0.895553 0.881470 0.611803 0.820694 0.755681 0.932810 0.793881 0.639035 0.920282 0.490396 0.316489 0.823208 0.843712 0.842995 0.642894 0.988999 0.834061 0.923197 0.920983 0.772232 0.810684 0.951456 0.893015 0.845909 0.880082 0.900887 0.723594 0.841998 0.673342 0.894713 0.903573 0.905378 0.883252 0.941192 0.971875 0.970134 0.787621 0.782960 0.983166 0.991563 0.957448
0.982387 0.774013 0.307611 0.311583 0.852597 0.967347 0.686911 0.738502 0.937007 0.697042 0.716949 0.919943 0.870660 0.975630 0.991692 0.834190 0.797655 0.814625 0.845700 0.733999 0.404257 0.888618 0.433805 0.361877 0.228444 0.000000 0.815873 0.849494 0.782319 0.859740 0.309012 0.411270 0.626320 0.698672 0.673053 0.646231 0.420199 0.473806 0.694882 0.711781 0.800864 0.849797 0.538017 0.725298 0.932334 0.982519 0.526845 0.680909 0.777525 0.996183 0.810317 0.918262 0.986821 0.906489 0.730223 0.817764 0.900115 0.891314 0.921490 0.992956 0.912044 0.740377 0.615562 0.655962 0.345235 0.381414 0.547081 0.531544 0.753874 0.874400 0.572590 0.510145 0.461486 0.517643 0.860453 0.817691 0.793887 0.596211 0.844924 0.720893 0.997158 0.760484 0.711098 0.946874 0.490566 0.307083 0.766101 0.891361 0.741938 0.652171 0.815464 0.999348 0.765774 0.891643 0.737546 0.775247 0.835189 0.998580 0.976675 0.937249 0.911504 0.891597 0.921877 0.766194 0.762496 0.746220 0.792819 0.996486 0.934180 0.923424 0.891823 0.960309 0.952764 0.930731 0.906655 0.977108
0.776166 0.950442 0.907220 0.913199 0.778734 0.673661 0.763131 0.714547 0.719272 0.654768 0.689204 0.804967 0.913453 0.979273 0.940820 0.884205 0.918215 0.918757 0.989545 0.994216 0.725182 0.945848 0.720622 0.659682 0.634178 0.815873 0.000000 0.829744 0.803999 0.912711 0.840602 0.875344 0.942289 0.902088 0.988245 0.833129 0.728420 0.892276 0.791264 0.746275 0.990909 0.855794 0.933288 0.810287 0.877598 0.811326 0.952015 0.916069 0.928416 0.904314 0.863391 0.740446 0.765889 0.797381 0.997259 0.944178 0.961800 0.995911 0.778007 0.724521 0.797285 0.799519 0.902707 0.851207 0.729177 0.958259 0.926221 0.958650 0.940082 0.887214 0.932758 0.934874 0.939405 0.910165 0.843983 0.976935 0.932255 0.927528 0.992702 0.967117 0.963618 0.850210 0.750606 0.922760 0.707184 0.704394 0.909838 0.968057 0.994130 0.823317 0.674388 0.696718 0.736260 0.684255 0.875761 0.990688 0.854604 0.732804 0.801860 0.799279 0.614329 0.657757 0.845462 0.808892 0.920496 0.955142 0.761725 0.641796 0.835731 0.856844 0.904254 0.745272 0.808730 0.924429 0.812238 0.992362
0.869840 0.904653 0.892673 0.919090 0.940287 0.892327 0.857950 0.821078 0.762085 0.796142 0.717392 0.816039 0.879961 0.953067 0.950594 0.982238 0.877645 0.914038 0.998099 0.930511 0.876769 0.917217 0.839193 0.821016 0.767945 0.849494 0.829744 0.000000 0.831451 0.815554 0.867981 0.975211 0.972082 0.891490 0.961722 0.973463 0.809163 0.901309 0.974360 0.862804 0.917384 0.961814 0.974918 0.898335 0.910157 0.915128 0.904378 0.875927 0.881665 0.939955 0.904571 0.869814 0.809548 0.887274 0.885587 0.778480 0.990402 0.954991 0.882219 0.987870 0.867938 0.877196 0.867737 0.761435 0.836641 0.933510 0.964934 0.981054 0.884551 0.852077 0.923634 0.927272 0.842049 0.977651 0.956434 0.964956 0.900848 0.924922 0.765287 0.796079 0.954729 0.890444 0.792671 0.964614 0.822474 0.802989 0.874175 0.818580 0.925130 0.748081 0.793668 0.767055 0.821009 0.781453 0.933505 0.935259 0.928581 0.849471 0.783930 0.832247 0.765578 0.735335 0.924343 0.816574 0.889722 0.819146 0.931526 0.735336 0.876281 0.916876 0.924916 0.881354 0.821937 0.970030 0.775074 0.999825
0.400343 0.564023 0.982798 0.981562 0.797396 0.782921 0.587674 0.590524 0.554791 0.424997 0.331764 0.359748 0.470919 0.584862 0.619848 0.626503 0.306735 0.259535 0.546361 0.565452 0.863383 0.888187 0.988085 0.757828 0.680691 0.782319 0.803999 0.831451 0.000000 0.271867 0.992619 0.895838 0.564747 0.568725 0.819839 0.860244 0.955266 0.987729 0.717880 0.989799 0.861392 0.771692 0.891972 0.769557 0.524787 0.482749 0.847007 0.799870 0.620520 0.735972 0.724203 0.688913 0.782566 0.903912 0.726711 0.728900 0.510883 0.442432 0.439567 0.601376 0.454297 0.545075 0.313723 0.244854 0.934614 0.960240 0.763598 0.811375 0.713405 0.720557 0.801636 0.971343 0.915566 0.794749 0.939470 0.924454 0.775795 0.959766 0.516946 0.984565 0.316703 0.543057 0.722916 0.525035 0.849198 0.999286 0.956824 0.918110 0.683879 0.764174 0.803325 0.848207 0.893849 0.823673 0.802838 0.938106 0.699232 0.818869 0.535792 0.585747 0.749066 0.815718 0.577113 0.642271 0.678147 0.722458 0.884703 0.793166 0.830169 0.720576 0.792021 0.715874 0.698306 0.760613 0.766249 0.952121
0.478174 0.626226 0.944464 0.964696 0.824279 0.938693 0.634807 0.674202 0.633696 0.559868 0.387078 0.398498 0.488120 0.465450 0.670007 0.653124 0.375252 0.307069 0.616273 0.614339 0.983324 0.925590 0.913178 0.900539 0.830682 0.859740 0.912711 0.815554 0.271867 0.000000 0.895038 0.956203 0.537376 0.554825 0.835136 0.871580 0.879303 0.829155 0.871151 0.863533 0.887818 0.866873 0.997245 0.862703 0.692729 0.694622 0.933543 0.887067 0.842232 0.943882 0.842347 0.858789 0.916657 0.968875 0.847522 0.881631 0.526880 0.504507 0.509059 0.686239 0.497746 0.578026 0.304343 0.254314 0.970960 0.924303 0.772922 0.809657 0.799261 0.805463 0.842877 0.996400 0.924965 0.839927 0.926444 0.956442 0.785042 0.884000 0.618176 0.911022 0.320997 0.577262 0.649083 0.528425 0.792578 0.895990 0.891954 0.932860 0.756184 0.748988 0.956917 0.943789 0.989094 0.994123 0.882826 0.905133 0.774281 0.928001 0.693303 0.789493 0.786409 0.980911 0.704514 0.783303 0.703630 0.847711 0.962840 0.928290 0.949019 0.806171 0.909920 0.885865 0.900301 0.896277 0.842754 0.913007
0.896408 0.669644 0.401323 0.403717 0.887219 0.982088 0.648638 0.673173 0.884152 0.800052 0.895657 0.966618 0.967092 0.752732 0.903796 0.751868 0.993822 0.988835 0.743685 0.659344 0.473640 0.814227 0.397936 0.389296 0.318304 0.309012 0.840602 0.867981 0.992619 0.895038 0.000000 0.324911 0.425379 0.580158 0.563320 0.726277 0.462454 0.481524 0.810171 0.799909 0.680495 0.987278 0.592530 0.727342 0.859715 0.927564 0.642758 0.721277 0.726013 0.967505 0.786622 0.890894 0.977011 0.904843 0.751748 0.750773 0.877066 0.887522 0.933036 0.860681 0.737998 0.646841 0.922121 0.936631 0.476131 0.444287 0.511609 0.519458 0.671845 0.738859 0.621003 0.478739 0.454257 0.521090 0.753249 0.779613 0.868399 0.641867 0.996624 0.690552 0.837288 0.721455 0.529576 0.885644 0.461332 0.331490 0.826783 0.810366 0.701325 0.539858 0.902674 0.830767 0.875966 0.951519 0.705506 0.816282 0.732645 0.879813 0.958733 0.945439 0.895510 0.902901 0.973268 0.820515 0.692766 0.700826 0.788010 0.945218 0.924420 0.805481 0.877727 0.946586 0.874864 0.861612 0.811494 0.922160
0.954149 0.731512 0.580836 0.538724 0.732472 0.934769 0.803680 0.784124 0.967656 0.694351 0.868969 0.996177 0.863025 0.827710 0.888095 0.879523 0.912492 0.970993 0.900897 0.632614 0.542889 0.976491 0.545897 0.402309 0.435820 0.411270 0.875344 0.975211 0.895838 0.956203 0.324911 0.000000 0.589269 0.677250 0.747387 0.756160 0.620049 0.547388 0.754102 0.934101 0.805549 0.920149 0.699436 0.742389 0.983703 0.989600 0.704228 0.788134 0.655442 0.907585 0.885078 0.961059 0.943999 0.989926 0.835090 0.908495 0.923566 0.973688 0.941597 0.923206 0.866659 0.720003 0.840906 0.871017 0.624740 0.505404 0.650468 0.601719 0.786869 0.929460 0.783262 0.632785 0.546993 0.551938 0.848016 0.771271 0.991999 0.728048 0.941293 0.797052 0.919754 0.807223 0.686154 0.991345 0.638573 0.428261 0.892097 0.841003 0.844195 0.754876 0.994358 0.746404 0.937216 0.870257 0.743444 0.916918 0.817183 0.905141 0.955142 0.956751 0.872616 0.896402 0.934272 0.747118 0.687719 0.867451 0.907100 0.933582 0.885651 0.970719 0.955265 0.869618 0.862565 0.912460 0.847028 0.952088
0.407550 0.352246 0.488524 0.462734 0.886016 0.716717 0.413197 0.419960 0.589496 0.809784 0.629100 0.463811 0.588872 0.397392 0.652436 0.582249 0.568850 0.569561 0.395650 0.383653 0.652112 0.831445 0.460375 0.619885 0.711145 0.626320 0.942289 0.972082 0.564747 0.537376 0.425379 0.589269 0.000000 0.283570 0.484237 0.821437 0.587226 0.717498 0.986605 0.797773 0.655148 0.934010 0.582552 0.629819 0.674322 0.715738 0.567748 0.604175 0.904245 0.969389 0.754607 0.794529 0.928276 0.994894 0.691655 0.655516 0.476434 0.465947 0.443923 0.421624 0.328789 0.330043 0.575769 0.568035 0.518913 0.407641 0.386512 0.369613 0.563785 0.574060 0.539931 0.542267 0.635483 0.605700 0.741799 0.727544 0.740616 0.636887 0.729198 0.706693 0.465997 0.546679 0.543589 0.646593 0.397588 0.408872 0.845737 0.950214 0.547071 0.475395 0.780193 0.961761 0.805513 0.903977 0.712232 0.754641 0.627535 0.838267 0.615330 0.632261 0.738803 0.935123 0.766255 0.895043 0.517343 0.493721 0.828946 0.800919 0.792573 0.680243 0.733251 0.831458 0.836141 0.878875 0.620767 0.957775
0.353029 0.309066 0.488348 0.448044 0.953135 0.674656 0.302128 0.320939 0.503273 0.669127 0.564531 0.394885 0.648666 0.497884 0.771833 0.663324 0.547726 0.525658 0.401137 0.378600 0.714060 0.843187 0.604098 0.746777 0.800516 0.698672 0.902088 0.891490 0.568725 0.554825 0.580158 0.677250 0.283570 0.000000 0.508125 0.791299 0.744646 0.761982 0.955208 0.768363 0.756084 0.863210 0.499124 0.497342 0.599340 0.624436 0.521278 0.549966 0.981232 0.833602 0.636186 0.633770 0.762202 0.798163 0.723461 0.694019 0.519532 0.486089 0.405820 0.408117 0.356497 0.307787 0.609916 0.551661 0.604892 0.425941 0.311867 0.336070 0.554061 0.624900 0.433993 0.504091 0.654293 0.599792 0.778724 0.795807 0.599235 0.642305 0.672292 0.782484 0.471913 0.599642 0.669591 0.703213 0.553582 0.556167 0.942567 0.976081 0.558079 0.549669 0.586075 0.802384 0.576921 0.702664 0.689893 0.822255 0.515329 0.769824 0.485991 0.516750 0.562431 0.771448 0.638373 0.743678 0.461127 0.478075 0.684133 0.605484 0.741592 0.666798 0.673352 0.764961 0.685790 0.836823 0.640776 0.977255
0.660335 0.568612 0.501468 0.494603 0.862162 0.839322 0.467150 0.495455 0.673068 0.774269 0.890735 0.754875 0.937557 0.765283 0.826458 0.854596 0.734431 0.809589 0.569395 0.624244 0.747005 0.780449 0.620776 0.694665 0.649286 0.673053 0.988245 0.961722 0.819839 0.835136 0.563320 0.747387 0.484237 0.508125 0.000000 0.785022 0.736859 0.762796 0.927120 0.799807 0.645875 0.826784 0.525122 0.602013 0.594690 0.689641 0.651981 0.584233 0.965965 0.801075 0.616281 0.694542 0.660831 0.753188 0.622857 0.571444 0.717816 0.730856 0.653494 0.638830 0.647384 0.622168 0.867318 0.841402 0.573512 0.572413 0.385821 0.466830 0.617263 0.696957 0.457461 0.531934 0.613104 0.564507 0.888469 0.830431 0.637464 0.674515 0.917190 0.876015 0.704985 0.727860 0.674106 0.739370 0.585031 0.558020 0.832461 0.971809 0.748462 0.559894 0.594828 0.806214 0.647441 0.675881 0.623611 0.728890 0.587003 0.797411 0.660333 0.670732 0.828113 0.966090 0.759698 0.944210 0.716916 0.509515 0.977045 0.769564 0.713268 0.654413 0.659400 0.930340 0.851927 0.898443 0.711874 0.974682
0.963750 0.788855 0.800808 0.713133 0.935292 0.984310 0.891553 0.853507 0.985029 0.913538 0.820641 0.978303 0.750021 0.989339 0.858004 0.953448 0.986843 0.962332 0.853576 0.797553 0.817918 0.906948 0.850645 0.763546 0.688574 0.646231 0.833129 0.973463 0.860244 0.871580 0.726277 0.756160 0.821437 0.791299 0.785022 0.000000 0.695507 0.794920 0.789926 0.826883 0.757282 0.929814 0.733461 0.834727 0.881994 0.978432 0.848527 0.883389 0.945829 0.960064 0.770779 0.878125 0.792225 0.827688 0.824598 0.916017 0.969055 0.958194 0.903638 0.963260 0.947101 0.861335 0.828109 0.852231 0.833271 0.733685 0.698917 0.700933 0.957473 0.805838 0.688620 0.710225 0.690953 0.751085 0.948294 0.870859 0.839088 0.896963 0.974187 0.932396 0.945926 0.968859 0.813606 0.954390 0.834548 0.679162 0.814105 0.890362 0.819575 0.803463 0.838467 0.997702 0.716019 0.882272 0.984393 0.917548 0.806017 0.908322 0.905021 0.976316 0.764573 0.925938 0.894415 0.949168 0.872303 0.890301 0.926023 0.888183 0.826204 0.897681 0.881164 0.965508 0.918987 0.980459 0.983227 0.946949
0.852986 0.754765 0.473039 0.521807 0.941726 0.991681 0.762193 0.861823 0.880024 0.836837 0.888087 0.976536 0.958203 0.791922 0.798902 0.639325 0.923204 0.889557 0.722854 0.710317 0.657590 0.846789 0.453591 0.536350 0.432655 0.420199 0.728420 0.809163 0.955266 0.879303 0.462454 0.620049 0.587226 0.744646 0.736859 0.695507 0.000000 0.478542 0.695922 0.695773 0.748018 0.980322 0.699911 0.861470 0.876855 0.971050 0.587804 0.762466 0.906707 0.957239 0.810394 0.890653 0.992241 0.986540 0.715506 0.831008 0.834165 0.855523 0.919706 0.971869 0.859185 0.839890 0.971673 0.967697 0.499649 0.625188 0.668662 0.623712 0.715090 0.778177 0.671510 0.647496 0.594271 0.630060 0.917581 0.922701 0.837693 0.578147 0.854678 0.857570 0.746485 0.712389 0.583251 0.722742 0.458095 0.394133 0.952972 0.954172 0.637156 0.538118 0.992721 0.968760 0.944116 0.989995 0.814901 0.771761 0.893112 0.984057 0.910227 0.893323 0.965424 0.744545 0.906949 0.920670 0.739314 0.844963 0.954635 0.950119 0.846937 0.861741 0.826597 0.998156 0.912739 0.897969 0.979603 0.974630
0.998652 0.826670 0.642914 0.571490 0.841153 0.966463 0.800880 0.832151 0.991672 0.859021 0.867890 0.986677 0.840156 0.868530 0.898747 0.930195 0.988871 0.923710 0.901914 0.784259 0.676011 0.847209 0.700687 0.622857 0.452132 0.473806 0.892276 0.901309 0.987729 0.829155 0.481524 0.547388 0.717498 0.761982 0.762796 0.794920 0.478542 0.000000 0.642141 0.750383 0.827565 0.932974 0.760343 0.812851 0.900194 0.994935 0.654925 0.801376 0.844582 0.973407 0.783788 0.940877 0.990973 0.935803 0.827413 0.898185 0.966965 0.984028 0.990889 0.984430 0.965162 0.841682 0.888953 0.949510 0.691222 0.651604 0.669719 0.628651 0.835125 0.898192 0.700160 0.702587 0.480911 0.573943 0.844673 0.965923 0.863524 0.656557 0.955298 0.793783 0.853731 0.756995 0.692526 0.795972 0.712816 0.510093 0.999304 0.926662 0.786906 0.704680 0.957108 0.879637 0.870018 0.933744 0.793255 0.739802 0.739347 0.810464 0.995867 0.966857 0.873998 0.846561 0.964949 0.917362 0.856558 0.949963 0.838940 0.915918 0.851359 0.896887 0.947720 0.883702 0.885130 0.730065 0.896500 0.841823
