0.000000 0.153377 0.282015 0.206613 0.740968 0.535087 0.233445 0.165163 0.501575 0.369867 0.223206 0.147176 0.159862 0.205911 0.224717 0.239068 0.162280 0.158625 0.161718 0.154386 0.434376 0.766785 0.244164 0.295182 0.504466 0.484031 0.992356 0.923332 0.183368 0.156421 0.228933 0.271844 0.170095 0.173602 0.456376 0.605418 0.388349 0.523102 0.622087 0.658459 0.832761 0.621236 0.254304 0.229251 0.255095 0.198081 0.193601 0.191179 0.544509 0.284083 0.363690 0.300949 0.432479 0.468132 0.405279 0.515068 0.201595 0.178203 0.149635 0.192600 0.157425 0.234352 0.147320 0.156570 0.391531 0.293345 0.214206 0.177934 0.388428 0.228591 0.287852 0.312896 0.436137 0.466711 0.680799 0.629889 0.357185 0.298508 0.180576 0.244223 0.130779 0.157925 0.304419 0.259506 0.224188 0.269723 0.885076 0.750791 0.421064 0.436996 0.633597 0.792904 0.543763 0.972283 0.398331 0.543561 0.354206 0.470529 0.311910 0.292489 0.607179 0.806808 0.339265 0.412222 0.338448 0.325339 0.843439 0.698505 0.549544 0.433351 0.780362 0.406831 0.337680 0.511689 0.444622 0.973351
0.153377 0.000000 0.338790 0.256647 0.738551 0.582768 0.264392 0.170574 0.566025 0.364106 0.263131 0.159229 0.190746 0.200656 0.256482 0.252944 0.162162 0.161829 0.173536 0.175262 0.434009 0.792369 0.282238 0.345766 0.546055 0.547774 0.924598 0.925077 0.170360 0.173514 0.263704 0.315388 0.194902 0.196599 0.507474 0.598844 0.373954 0.555476 0.647495 0.596717 0.899057 0.472586 0.260050 0.230846 0.259757 0.230232 0.248895 0.194047 0.520191 0.325082 0.369836 0.306740 0.490665 0.459878 0.477886 0.555760 0.164116 0.139931 0.151520 0.201151 0.188419 0.252017 0.164189 0.139156 0.455250 0.360428 0.249025 0.216009 0.392005 0.181337 0.318906 0.304947 0.494673 0.527233 0.735474 0.598598 0.367166 0.297101 0.230767 0.310383 0.150857 0.188588 0.316642 0.262693 0.268225 0.318041 0.954979 0.895686 0.466339 0.455192 0.675155 0.781066 0.541942 0.955545 0.346154 0.572507 0.380632 0.352148 0.317204 0.299141 0.627160 0.818566 0.334262 0.363880 0.306785 0.304356 0.820698 0.695926 0.595862 0.461492 0.763777 0.398059 0.403689 0.486287 0.470301 0.893346
0.282015 0.338790 0.000000 0.139996 0.736263 0.530326 0.186251 0.243650 0.414572 0.452321 0.298594 0.324893 0.261276 0.402455 0.338336 0.351214 0.384002 0.318383 0.269093 0.273051 0.445630 0.784318 0.244184 0.255123 0.336818 0.307142 0.904267 0.898195 0.363406 0.320849 0.213258 0.282487 0.236726 0.286526 0.518997 0.726274 0.421860 0.642880 0.499652 0.697858 0.979608 0.749276 0.288672 0.273192 0.339278 0.333300 0.263486 0.297840 0.712383 0.419075 0.515570 0.445898 0.501509 0.503512 0.436665 0.581174 0.451666 0.429748 0.379546 0.390325 0.237022 0.322786 0.389078 0.405422 0.227890 0.206394 0.234697 0.231791 0.407915 0.380163 0.326610 0.404822 0.369433 0.387940 0.761879 0.730626 0.415134 0.395817 0.356635 0.368180 0.298611 0.249367 0.429239 0.358332 0.299221 0.253371 0.878739 0.739876 0.496466 0.439481 0.577070 0.742417 0.538376 0.829777 0.403670 0.626575 0.416586 0.581655 0.461042 0.418158 0.641869 0.676152 0.557563 0.476566 0.403886 0.440156 0.920743 0.792004 0.628184 0.611441 0.762344 0.531681 0.433863 0.680175 0.509449 0.915854
0.206613 0.256647 0.139996 0.000000 0.705429 0.489100 0.157501 0.167654 0.407570 0.384698 0.273538 0.239994 0.195398 0.304806 0.261840 0.269120 0.290184 0.243214 0.205518 0.224280 0.366325 0.731647 0.194739 0.233747 0.384661 0.331897 0.937052 0.895773 0.272746 0.245234 0.185223 0.235408 0.178846 0.196298 0.438365 0.688111 0.362770 0.581476 0.541005 0.712325 0.908439 0.656174 0.218423 0.199564 0.258226 0.254721 0.203206 0.243563 0.637254 0.360520 0.436223 0.357518 0.462508 0.469930 0.422941 0.568929 0.332646 0.323057 0.277984 0.305654 0.174578 0.251233 0.285735 0.288670 0.232384 0.194813 0.182627 0.164406 0.391472 0.326977 0.257333 0.328690 0.358905 0.412157 0.682274 0.683579 0.368051 0.340339 0.282976 0.319945 0.216982 0.192302 0.348859 0.269069 0.233435 0.211825 0.927772 0.756647 0.475372 0.401646 0.528969 0.701110 0.466120 0.806849 0.388725 0.586977 0.390719 0.515337 0.354922 0.322179 0.589394 0.683721 0.430862 0.368122 0.326761 0.349499 0.920469 0.774512 0.651095 0.590314 0.733599 0.426226 0.370656 0.570371 0.449803 0.924884
0.740968 0.738551 0.736263 0.705429 0.000000 0.681873 0.700908 0.692623 0.839005 0.794559 0.828861 0.747118 0.660757 0.775958 0.687344 0.685486 0.817268 0.819681 0.744047 0.826199 0.675134 0.767920 0.681880 0.701047 0.903826 0.869105 0.752188 0.794163 0.752147 0.792709 0.768332 0.926984 0.732882 0.743805 0.811255 0.919314 0.909502 0.915931 0.765918 0.993373 0.826549 0.963180 0.745140 0.742880 0.675361 0.682050 0.622693 0.685553 0.799893 0.668110 0.628886 0.629800 0.741082 0.554784 0.714078 0.674171 0.841118 0.841607 0.773468 0.738281 0.654621 0.651527 0.732895 0.745916 0.694033 0.665354 0.669539 0.695401 0.921016 0.805214 0.599002 0.699566 0.779934 0.856582 0.958110 0.824285 0.814613 0.860604 0.911851 0.840661 0.718280 0.716603 0.672619 0.737039 0.623765 0.635477 0.873065 0.855107 0.824131 0.692263 0.720950 0.744111 0.705990 0.865934 0.867943 0.807279 0.795851 0.793920 0.736317 0.711255 0.796366 0.917700 0.759069 0.770520 0.640921 0.763424 0.875539 0.801101 0.822882 0.930351 0.908481 0.782698 0.727039 0.784998 0.721035 0.983001
0.535087 0.582768 0.530326 0.489100 0.681873 0.000000 0.424848 0.452345 0.536157 0.479492 0.498026 0.529074 0.468824 0.610144 0.538240 0.492518 0.576811 0.544740 0.532378 0.585888 0.578910 0.980462 0.514636 0.550762 0.766041 0.694266 0.800637 0.826591 0.546805 0.549790 0.510612 0.587341 0.527432 0.532481 0.551601 0.818274 0.700049 0.952123 0.863265 0.978325 0.775417 0.823875 0.495842 0.510081 0.471216 0.478619 0.470580 0.457700 0.881419 0.652777 0.667783 0.596577 0.646028 0.630049 0.704831 0.779160 0.668566 0.682926 0.581488 0.594395 0.489282 0.540225 0.526536 0.576421 0.636502 0.519670 0.419987 0.498269 0.644107 0.623046 0.504479 0.466197 0.654258 0.772375 0.743926 0.826496 0.537665 0.524294 0.523075 0.650384 0.484620 0.470285 0.653761 0.500600 0.546305 0.564825 0.898809 0.836703 0.816979 0.676348 0.529040 0.675915 0.488560 0.761349 0.622045 0.754330 0.515881 0.767180 0.583962 0.542185 0.655404 0.602458 0.614335 0.599230 0.511979 0.612770 0.905724 0.977670 0.897753 0.837880 0.751948 0.605306 0.541125 0.613811 0.598669 0.909872
0.233445 0.264392 0.186251 0.157501 0.700908 0.424848 0.000000 0.148827 0.371738 0.287613 0.214510 0.261134 0.225545 0.345448 0.329028 0.327584 0.233337 0.195806 0.175333 0.223897 0.419474 0.693126 0.288493 0.335724 0.546533 0.465794 0.974357 0.867068 0.266073 0.243830 0.254607 0.253252 0.187675 0.183709 0.552397 0.667255 0.472576 0.657696 0.641653 0.689975 0.867704 0.615733 0.198351 0.155141 0.228667 0.240678 0.224753 0.237389 0.698205 0.437762 0.473250 0.440440 0.543325 0.452145 0.481927 0.657885 0.284834 0.322425 0.291808 0.385605 0.201664 0.336838 0.272575 0.304379 0.343665 0.247903 0.139769 0.171741 0.376870 0.345918 0.256329 0.286824 0.406671 0.430527 0.732841 0.641978 0.323394 0.285922 0.301886 0.313691 0.215360 0.193856 0.370901 0.306932 0.312845 0.302801 0.881468 0.776338 0.528584 0.529404 0.460603 0.586893 0.425068 0.664485 0.340103 0.561275 0.353866 0.479393 0.341703 0.286631 0.544949 0.519060 0.419635 0.311454 0.356896 0.368856 0.977942 0.750868 0.649407 0.575432 0.669828 0.404141 0.303175 0.524203 0.479745 0.913267
0.165163 0.170574 0.243650 0.167654 0.692623 0.452345 0.148827 0.000000 0.453070 0.258423 0.226300 0.166139 0.154912 0.223446 0.222852 0.239968 0.185255 0.161516 0.182224 0.190183 0.409268 0.764542 0.241165 0.303873 0.551630 0.500027 0.993822 0.875554 0.197491 0.186780 0.258241 0.270288 0.163906 0.164316 0.493615 0.641725 0.396847 0.539598 0.642948 0.640690 0.834546 0.549392 0.194054 0.172039 0.199701 0.199117 0.203299 0.189558 0.553018 0.348761 0.384228 0.338447 0.478942 0.461463 0.463975 0.586000 0.202962 0.204882 0.199565 0.269810 0.149969 0.219181 0.190797 0.170054 0.352742 0.264963 0.161263 0.161611 0.452056 0.271846 0.270183 0.308458 0.483092 0.530696 0.731248 0.625717 0.346110 0.260593 0.226889 0.340553 0.165003 0.189165 0.329871 0.270721 0.243026 0.272561 0.948398 0.820255 0.471754 0.404334 0.485057 0.615370 0.399099 0.778110 0.292363 0.489614 0.333144 0.401594 0.270132 0.228385 0.495117 0.652926 0.315244 0.293468 0.280928 0.284770 0.917151 0.673315 0.599725 0.492640 0.672241 0.361636 0.305616 0.486798 0.430004 0.922181
0.501575 0.566025 0.414572 0.407570 0.839005 0.536157 0.371738 0.453070 0.000000 0.510270 0.493231 0.528793 0.464376 0.583131 0.551018 0.488265 0.557756 0.528442 0.489164 0.487848 0.671462 0.852921 0.436713 0.524006 0.668579 0.587865 0.738802 0.914937 0.540254 0.530796 0.488549 0.461271 0.480431 0.468865 0.686091 0.750779 0.575191 0.674470 0.780807 0.727905 0.933267 0.785052 0.437388 0.411098 0.446980 0.450561 0.399948 0.433387 0.782771 0.543054 0.508357 0.522749 0.502745 0.525334 0.647000 0.661240 0.583922 0.629885 0.531199 0.615426 0.445598 0.546687 0.533543 0.591762 0.437847 0.460854 0.369227 0.414828 0.526203 0.611427 0.488693 0.602592 0.546862 0.554162 0.799642 0.676253 0.512353 0.510326 0.553424 0.558285 0.511172 0.494286 0.609955 0.581855 0.495284 0.472926 0.814908 0.827699 0.675206 0.652754 0.514159 0.592704 0.458310 0.637200 0.567046 0.606198 0.565353 0.702636 0.473728 0.472729 0.556334 0.553905 0.591719 0.535872 0.525339 0.548945 0.878635 0.791807 0.796039 0.819588 0.675568 0.601592 0.480220 0.825159 0.520165 0.913527
0.369867 0.364106 0.452321 0.384698 0.794559 0.479492 0.287613 0.258423 0.510270 0.000000 0.341628 0.332803 0.362797 0.400208 0.422080 0.450519 0.314063 0.312759 0.367053 0.370535 0.604451 0.847920 0.452560 0.529024 0.809678 0.667243 0.910436 0.906094 0.353817 0.342133 0.459609 0.383357 0.306609 0.313990 0.576588 0.709143 0.569876 0.633198 0.784433 0.732377 0.969336 0.553798 0.334010 0.321214 0.328512 0.345262 0.402441 0.352446 0.612326 0.521227 0.522227 0.509252 0.643790 0.630554 0.622183 0.731186 0.334836 0.400536 0.336151 0.468060 0.351394 0.396773 0.359543 0.341689 0.541575 0.439486 0.319147 0.325130 0.550568 0.400870 0.429557 0.427001 0.641752 0.674407 0.749977 0.684614 0.445611 0.344139 0.378224 0.443137 0.332365 0.385904 0.515290 0.399810 0.471503 0.493365 0.993997 0.865262 0.621099 0.609299 0.505719 0.594676 0.450203 0.725771 0.430078 0.540375 0.414051 0.418065 0.312332 0.301455 0.474377 0.510231 0.398663 0.349802 0.472922 0.390929 0.989798 0.705106 0.754044 0.607268 0.629640 0.425054 0.412565 0.590967 0.494379 0.946169
0.223206 0.263131 0.298594 0.273538 0.828861 0.498026 0.214510 0.226300 0.493231 0.341628 0.000000 0.213934 0.263265 0.314550 0.367738 0.371549 0.218989 0.173303 0.186909 0.179858 0.481824 0.766263 0.391533 0.391608 0.625463 0.508784 0.942644 0.851738 0.243140 0.191745 0.276335 0.275612 0.247420 0.215287 0.653594 0.701530 0.524832 0.707629 0.663293 0.621757 0.905005 0.676761 0.349197 0.290387 0.365643 0.339785 0.306558 0.305546 0.762640 0.505535 0.562556 0.529109 0.603693 0.583057 0.520643 0.753812 0.270346 0.287074 0.305939 0.379753 0.248481 0.373944 0.228792 0.275893 0.499183 0.349675 0.273774 0.253212 0.405390 0.354889 0.380413 0.385539 0.492273 0.474103 0.736992 0.675592 0.412935 0.290719 0.297193 0.294845 0.205876 0.226879 0.356732 0.325594 0.420238 0.426385 0.855136 0.813486 0.549939 0.626943 0.653119 0.795133 0.602212 0.881122 0.412211 0.633468 0.432048 0.594290 0.453063 0.390579 0.624565 0.671696 0.455794 0.395273 0.484736 0.463146 0.966613 0.796867 0.765133 0.542658 0.788083 0.488636 0.391715 0.573844 0.553613 0.915832
0.147176 0.159229 0.324893 0.239994 0.747118 0.529074 0.261134 0.166139 0.528793 0.332803 0.213934 0.000000 0.144226 0.154148 0.187189 0.199994 0.171356 0.165901 0.198728 0.179359 0.416569 0.776022 0.238426 0.300416 0.583591 0.547503 0.965586 0.870801 0.159595 0.143966 0.250336 0.277682 0.189901 0.199776 0.485814 0.644231 0.419108 0.511484 0.614242 0.639262 0.841780 0.597981 0.323590 0.282842 0.277456 0.258815 0.251983 0.214326 0.574556 0.365101 0.424496 0.356834 0.523013 0.546072 0.478740 0.600433 0.210090 0.198892 0.193516 0.234991 0.161246 0.216781 0.147286 0.134766 0.428823 0.326859 0.260149 0.220351 0.441580 0.257001 0.323416 0.352329 0.485311 0.512850 0.703261 0.644137 0.373237 0.268695 0.214845 0.324835 0.164706 0.214113 0.275324 0.275447 0.262885 0.321697 0.919501 0.875232 0.456659 0.453821 0.707214 0.854682 0.582772 0.940076 0.391657 0.578388 0.416751 0.427685 0.353802 0.306441 0.639269 0.847133 0.342885 0.405423 0.355520 0.281306 0.851705 0.724628 0.629342 0.430862 0.726606 0.455022 0.402944 0.491591 0.461106 0.964719
0.159862 0.190746 0.261276 0.195398 0.660757 0.468824 0.225545 0.154912 0.464376 0.362797 0.263265 0.144226 0.000000 0.150333 0.123140 0.137613 0.215346 0.218617 0.214848 0.233182 0.386809 0.765745 0.149355 0.200474 0.495732 0.492713 0.959752 0.923508 0.196714 0.188710 0.212469 0.279434 0.189044 0.207749 0.448898 0.633128 0.376106 0.485430 0.558312 0.648313 0.786957 0.632974 0.267491 0.251337 0.248024 0.235787 0.217775 0.197813 0.586188 0.337951 0.359752 0.309809 0.443472 0.475722 0.406613 0.554504 0.264614 0.257789 0.208230 0.269256 0.126640 0.203365 0.162957 0.166232 0.297768 0.264854 0.198382 0.189096 0.502971 0.302163 0.285816 0.322023 0.477286 0.546891 0.719133 0.630978 0.360214 0.294601 0.245286 0.366632 0.173885 0.220178 0.228604 0.293736 0.175141 0.221379 0.860489 0.764699 0.448345 0.384210 0.610596 0.759959 0.481819 0.966334 0.396596 0.576087 0.390418 0.446655 0.353747 0.316714 0.607521 0.790142 0.342662 0.434793 0.298963 0.284613 0.830120 0.655547 0.577150 0.489189 0.714049 0.450601 0.388447 0.511618 0.396615 0.996023
0.205911 0.200656 0.402455 0.304806 0.775958 0.610144 0.345448 0.223446 0.583131 0.400208 0.314550 0.154148 0.150333 0.000000 0.146748 0.159914 0.224041 0.237861 0.258920 0.276539 0.418261 0.769021 0.221117 0.258659 0.568831 0.574573 0.945840 0.882990 0.197190 0.207192 0.275737 0.326570 0.258029 0.263925 0.485757 0.689701 0.393268 0.453236 0.647492 0.613935 0.813803 0.545340 0.342162 0.320460 0.340573 0.330867 0.317598 0.270849 0.568918 0.406204 0.398966 0.360269 0.541468 0.557758 0.524162 0.671958 0.236531 0.230027 0.217461 0.303591 0.208567 0.281421 0.167081 0.146932 0.416447 0.396808 0.292435 0.267467 0.592451 0.314680 0.342153 0.374000 0.590766 0.605964 0.748756 0.638443 0.374303 0.286202 0.258811 0.420852 0.232266 0.330248 0.234923 0.381132 0.257787 0.321436 0.922032 0.857925 0.494526 0.459449 0.710459 0.829642 0.544925 0.969946 0.441555 0.595624 0.512083 0.407468 0.379834 0.361154 0.635027 0.899946 0.308609 0.480645 0.340703 0.288891 0.858963 0.624352 0.591366 0.463545 0.738722 0.503796 0.489747 0.533325 0.439558 0.976719
0.224717 0.256482 0.338336 0.261840 0.687344 0.538240 0.329028 0.222852 0.551018 0.422080 0.367738 0.187189 0.123140 0.146748 0.000000 0.139621 0.295284 0.308829 0.307648 0.323898 0.431791 0.780311 0.149764 0.215154 0.494837 0.504923 0.914456 0.911454 0.255018 0.250543 0.248186 0.322152 0.253989 0.291290 0.416552 0.697828 0.377052 0.475001 0.577350 0.660119 0.757222 0.663731 0.333273 0.322601 0.298640 0.295491 0.280941 0.241421 0.542529 0.351686 0.362058 0.313738 0.453784 0.505423 0.425365 0.543475 0.335859 0.319693 0.257371 0.305843 0.177967 0.236311 0.219932 0.205107 0.304566 0.323502 0.270937 0.259638 0.604546 0.363702 0.333077 0.395700 0.516756 0.608834 0.719089 0.682742 0.397653 0.343287 0.302998 0.446751 0.247615 0.302340 0.259992 0.374576 0.188123 0.245508 0.892412 0.730377 0.447364 0.355968 0.665910 0.806728 0.518032 0.960722 0.449482 0.615543 0.446408 0.450147 0.371917 0.351013 0.630875 0.863462 0.344357 0.509662 0.316699 0.275228 0.788725 0.631606 0.599985 0.530910 0.744832 0.498253 0.480474 0.582805 0.415007 0.963927
0.239068 0.252944 0.351214 0.269120 0.685486 0.492518 0.327584 0.239968 0.488265 0.450519 0.371549 0.199994 0.137613 0.159914 0.139621 0.000000 0.299622 0.310061 0.292652 0.336880 0.395284 0.826858 0.141313 0.188783 0.476035 0.525491 0.876940 0.877579 0.253278 0.262066 0.235606 0.312469 0.262374 0.300414 0.457059 0.701381 0.418715 0.477726 0.582011 0.658404 0.757190 0.624500 0.315897 0.319357 0.327050 0.308307 0.280435 0.251296 0.632789 0.378665 0.376528 0.328696 0.442083 0.462334 0.479511 0.580144 0.341673 0.331492 0.257859 0.325842 0.195114 0.281429 0.218340 0.211323 0.346589 0.343874 0.261075 0.278122 0.537649 0.369119 0.273866 0.329133 0.485778 0.601417 0.670835 0.682759 0.397295 0.329542 0.297120 0.420195 0.241347 0.309192 0.253815 0.362223 0.209594 0.240412 0.917291 0.800045 0.486845 0.448554 0.646583 0.781791 0.480902 0.994236 0.464767 0.604585 0.500622 0.464193 0.432563 0.405197 0.670310 0.817831 0.380304 0.530844 0.318366 0.304495 0.786889 0.720491 0.603498 0.561856 0.800369 0.546180 0.492952 0.524930 0.422020 0.949803
0.162280 0.162162 0.384002 0.290184 0.817268 0.576811 0.233337 0.185255 0.557756 0.314063 0.218989 0.171356 0.215346 0.224041 0.295284 0.299622 0.000000 0.127437 0.151604 0.177070 0.466197 0.706705 0.331038 0.404830 0.643163 0.591634 0.958566 0.901851 0.154892 0.149901 0.301879 0.256398 0.182630 0.169358 0.575509 0.590274 0.449132 0.608311 0.671359 0.569635 0.819336 0.514896 0.279966 0.212883 0.284013 0.267739 0.277924 0.241583 0.636484 0.418649 0.460897 0.415175 0.553392 0.539976 0.488801 0.669343 0.132611 0.167437 0.176338 0.288912 0.226836 0.340605 0.153088 0.162219 0.516233 0.403230 0.242597 0.223408 0.393401 0.242791 0.303251 0.283570 0.516475 0.514450 0.732765 0.596992 0.344322 0.269758 0.201708 0.254438 0.149466 0.216947 0.327926 0.289257 0.331483 0.387463 0.905654 0.876181 0.477221 0.569312 0.664299 0.788083 0.575823 0.932323 0.369893 0.596550 0.405210 0.374631 0.333130 0.280712 0.682087 0.775843 0.335983 0.328096 0.395376 0.317203 0.918940 0.710047 0.634211 0.408477 0.711557 0.394737 0.378161 0.460446 0.510908 0.974459
0.158625 0.161829 0.318383 0.243214 0.819681 0.544740 0.195806 0.161516 0.528442 0.312759 0.173303 0.165901 0.218617 0.237861 0.308829 0.310061 0.127437 0.000000 0.124618 0.138806 0.451810 0.716369 0.346548 0.398915 0.608012 0.534908 0.950741 0.867705 0.145581 0.134540 0.283361 0.252797 0.172025 0.158357 0.572110 0.655120 0.432361 0.605040 0.673394 0.555497 0.897162 0.502235 0.256885 0.195862 0.279179 0.254496 0.246652 0.224948 0.626408 0.424227 0.463698 0.422842 0.566656 0.534440 0.498129 0.651932 0.139283 0.150397 0.201594 0.293350 0.207720 0.336041 0.143403 0.156571 0.493218 0.373335 0.227171 0.218156 0.381241 0.264568 0.316707 0.310172 0.511259 0.479183 0.704165 0.620372 0.353504 0.259127 0.206516 0.265000 0.148082 0.180686 0.318563 0.262054 0.334037 0.378814 0.916094 0.900906 0.508351 0.540672 0.612228 0.740783 0.538139 0.878490 0.375984 0.545084 0.399955 0.422463 0.317875 0.280991 0.621253 0.742278 0.346023 0.305674 0.361216 0.335498 0.963021 0.724527 0.656932 0.432427 0.760572 0.385299 0.328277 0.472759 0.474177 0.986078
0.161718 0.173536 0.269093 0.205518 0.744047 0.532378 0.175333 0.182224 0.489164 0.367053 0.186909 0.198728 0.214848 0.258920 0.307648 0.292652 0.151604 0.124618 0.000000 0.147168 0.414526 0.696504 0.306372 0.342179 0.513335 0.485365 0.967226 0.880122 0.184479 0.147373 0.236518 0.252816 0.189546 0.154345 0.528312 0.628408 0.430008 0.615831 0.611883 0.598334 0.888510 0.516536 0.245523 0.190560 0.286571 0.265448 0.234297 0.233247 0.661660 0.391118 0.453502 0.410428 0.547407 0.472685 0.467986 0.658082 0.197354 0.207789 0.227623 0.315770 0.208841 0.358656 0.175997 0.203304 0.431007 0.349642 0.212205 0.219808 0.337191 0.261212 0.266713 0.266305 0.432389 0.426583 0.714172 0.582376 0.358658 0.286202 0.250364 0.236148 0.152693 0.174308 0.341191 0.279694 0.308788 0.346834 0.884189 0.842744 0.520789 0.561303 0.607044 0.746482 0.545323 0.852842 0.365179 0.576576 0.430305 0.444935 0.345323 0.333816 0.664684 0.745355 0.378335 0.340530 0.367731 0.362455 0.865542 0.748439 0.625065 0.480317 0.772391 0.401996 0.374073 0.511185 0.483360 0.951348
0.154386 0.175262 0.273051 0.224280 0.826199 0.585888 0.223897 0.190183 0.487848 0.370535 0.179858 0.179359 0.233182 0.276539 0.323898 0.336880 0.177070 0.138806 0.147168 0.000000 0.480687 0.742373 0.331781 0.369527 0.544571 0.458884 0.972423 0.893857 0.185170 0.147231 0.256193 0.241954 0.180001 0.171087 0.547959 0.679913 0.436914 0.609580 0.631555 0.593493 0.956457 0.595415 0.304239 0.246286 0.328670 0.287493 0.261961 0.236133 0.639772 0.391835 0.494834 0.433262 0.561490 0.562879 0.493854 0.629432 0.206242 0.193543 0.231731 0.284034 0.221198 0.313781 0.198550 0.210518 0.459901 0.349995 0.270200 0.230740 0.340296 0.247978 0.342089 0.367537 0.421067 0.424195 0.730377 0.609523 0.390027 0.311720 0.241175 0.275133 0.175246 0.174921 0.368628 0.295042 0.351419 0.387196 0.812188 0.884734 0.468875 0.524891 0.695603 0.847698 0.633744 0.980332 0.392616 0.610376 0.416657 0.503211 0.370022 0.336366 0.610745 0.805945 0.440514 0.380480 0.417915 0.376612 0.879796 0.740610 0.640608 0.457880 0.757317 0.436146 0.391212 0.562148 0.496723 0.955553
0.434376 0.434009 0.445630 0.366325 0.675134 0.578910 0.419474 0.409268 0.671462 0.604451 0.481824 0.416569 0.386809 0.418261 0.431791 0.395284 0.466197 0.451810 0.414526 0.480687 0.000000 0.802401 0.400628 0.389638 0.608413 0.587879 0.881747 0.894280 0.472285 0.476911 0.395508 0.537336 0.419210 0.393182 0.560992 0.834194 0.496211 0.628489 0.684593 0.751412 0.746200 0.673133 0.434108 0.409678 0.467630 0.466815 0.420202 0.433401 0.782126 0.493983 0.594790 0.518351 0.626432 0.535222 0.633397 0.783013 0.500571 0.470456 0.466551 0.461552 0.426565 0.494553 0.439086 0.438669 0.496227 0.473351 0.429470 0.429521 0.687485 0.554203 0.368296 0.385240 0.603664 0.616754 0.732659 0.709379 0.443559 0.397517 0.491790 0.511534 0.437561 0.445547 0.405823 0.448164 0.436028 0.479154 0.991195 0.908061 0.721377 0.580929 0.615978 0.758719 0.508069 0.854177 0.566778 0.675106 0.532362 0.621786 0.561712 0.530271 0.716865 0.760253 0.459987 0.472221 0.445219 0.475325 0.888122 0.677185 0.704981 0.772842 0.836264 0.687211 0.625290 0.616218 0.644126 0.976390
0.766785 0.792369 0.784318 0.731647 0.767920 0.980462 0.693126 0.764542 0.852921 0.847920 0.766263 0.776022 0.765745 0.769021 0.780311 0.826858 0.706705 0.716369 0.696504 0.742373 0.802401 0.000000 0.806685 0.818309 0.999025 0.859080 0.877310 0.759036 0.697732 0.750781 0.842076 0.691307 0.683943 0.729767 0.921185 0.930367 0.853720 0.908169 0.877054 0.793569 0.995005 0.933778 0.740536 0.678536 0.744507 0.743598 0.782283 0.793901 0.848543 0.837171 0.789338 0.831656 0.922271 0.775930 0.774347 0.890324 0.716102 0.760325 0.802823 0.828779 0.715779 0.833490 0.748734 0.772799 0.773073 0.740713 0.724674 0.661862 0.865998 0.866982 0.773460 0.785464 0.800006 0.725700 0.964625 0.827637 0.769568 0.786575 0.905484 0.716442 0.755928 0.744423 0.775865 0.811144 0.792895 0.734817 0.934890 0.857350 0.746008 0.820183 0.856157 0.928217 0.917743 0.884452 0.829130 0.940860 0.965211 0.821403 0.756471 0.684313 0.908978 0.959610 0.806820 0.715758 0.862255 0.734618 0.814077 0.848012 0.880905 0.802564 0.843850 0.752595 0.808383 0.716958 0.733293 0.925752
0.244164 0.282238 0.244184 0.194739 0.681880 0.514636 0.288493 0.241165 0.436713 0.452560 0.391533 0.238426 0.149355 0.221117 0.149764 0.141313 0.331038 0.346548 0.306372 0.331781 0.400628 0.806685 0.000000 0.164126 0.363275 0.390512 0.843193 0.925312 0.287978 0.294833 0.178620 0.274738 0.224532 0.292040 0.411184 0.660041 0.365428 0.485741 0.516623 0.694568 0.817741 0.675244 0.298418 0.303730 0.311751 0.298545 0.257480 0.258085 0.623784 0.355367 0.399132 0.323181 0.414976 0.473320 0.406102 0.524220 0.392660 0.380811 0.278967 0.316794 0.186835 0.247759 0.271686 0.272642 0.227270 0.266873 0.230414 0.237316 0.504303 0.348370 0.261839 0.345940 0.406648 0.522548 0.715776 0.694163 0.362407 0.368871 0.306313 0.403058 0.244852 0.279151 0.284394 0.326990 0.156576 0.176264 0.913543 0.726015 0.424555 0.361081 0.635416 0.797416 0.500289 0.994853 0.426427 0.597471 0.440249 0.484998 0.418338 0.395428 0.686054 0.816455 0.420247 0.517510 0.336046 0.308521 0.780352 0.715461 0.588007 0.579671 0.754542 0.541686 0.479482 0.599917 0.392104 0.942309
0.295182 0.345766 0.255123 0.233747 0.701047 0.550762 0.335724 0.303873 0.524006 0.529024 0.391608 0.300416 0.200474 0.258659 0.215154 0.188783 0.404830 0.398915 0.342179 0.369527 0.389638 0.818309 0.164126 0.000000 0.347500 0.351266 0.885167 0.902328 0.334651 0.328452 0.211119 0.315083 0.298244 0.331574 0.428890 0.760140 0.444549 0.559445 0.520171 0.720670 0.872091 0.726358 0.364178 0.374467 0.400438 0.367458 0.327459 0.345122 0.676023 0.425308 0.461061 0.414143 0.446886 0.512597 0.423432 0.606178 0.484461 0.451699 0.352958 0.403497 0.240160 0.323240 0.324842 0.350160 0.276825 0.283665 0.297525 0.298837 0.568622 0.412972 0.330317 0.403634 0.428130 0.519265 0.745197 0.717302 0.443977 0.418852 0.377166 0.416950 0.289898 0.321495 0.306282 0.356797 0.228446 0.212081 0.822336 0.643752 0.502730 0.432562 0.693602 0.851244 0.572371 0.998319 0.486271 0.695204 0.545329 0.578163 0.557082 0.495337 0.692000 0.834635 0.542570 0.596978 0.414021 0.454761 0.847279 0.750658 0.579243 0.635410 0.853384 0.641250 0.525064 0.656705 0.445432 0.946273
0.504466 0.546055 0.336818 0.384661 0.903826 0.766041 0.546533 0.551630 0.668579 0.809678 0.625463 0.583591 0.495732 0.568831 0.494837 0.476035 0.643163 0.608012 0.513335 0.544571 0.608413 0.999025 0.363275 0.347500 0.000000 0.276234 0.831744 0.896270 0.604748 0.564273 0.346245 0.488663 0.495145 0.580666 0.498092 0.820203 0.497355 0.697924 0.514475 0.796332 0.928641 0.801469 0.529545 0.549447 0.648773 0.587460 0.484686 0.554557 0.808285 0.567535 0.669286 0.569751 0.563814 0.680805 0.473858 0.642535 0.696445 0.622662 0.576077 0.542394 0.516544 0.550328 0.617624 0.607468 0.371601 0.485158 0.528856 0.535197 0.547620 0.559560 0.521535 0.569436 0.463361 0.565316 0.770306 0.909651 0.589958 0.674933 0.539167 0.546142 0.517805 0.499276 0.624780 0.560173 0.403345 0.368237 0.975848 0.801102 0.653169 0.505910 0.824519 0.951753 0.720893 0.975180 0.571227 0.834434 0.658738 0.727627 0.737520 0.719296 0.994103 0.965123 0.789853 0.771925 0.545563 0.643296 0.757406 0.939918 0.700536 0.690939 0.982985 0.746744 0.686273 0.929836 0.633651 0.908620
0.484031 0.547774 0.307142 0.331897 0.869105 0.694266 0.465794 0.500027 0.587865 0.667243 0.508784 0.547503 0.492713 0.574573 0.504923 0.525491 0.591634 0.534908 0.485365 0.458884 0.587879 0.859080 0.390512 0.351266 0.276234 0.000000 0.835112 0.826582 0.518403 0.506509 0.328286 0.386142 0.417050 0.457886 0.476173 0.819073 0.444388 0.759510 0.534809 0.644075 0.980693 0.806997 0.461476 0.452022 0.534566 0.476777 0.430157 0.489233 0.707501 0.525598 0.605876 0.541647 0.515739 0.655257 0.520452 0.563408 0.632577 0.594064 0.511287 0.530318 0.451710 0.506424 0.565093 0.588320 0.331134 0.373508 0.447930 0.432161 0.537021 0.543675 0.526179 0.521522 0.395449 0.476396 0.800317 0.835972 0.482894 0.573661 0.563465 0.483641 0.468871 0.436970 0.614017 0.458502 0.419625 0.374935 0.869096 0.742713 0.492789 0.494369 0.737860 0.902808 0.702857 0.970197 0.557686 0.778497 0.594559 0.688611 0.595768 0.555112 0.804461 0.885879 0.707732 0.594569 0.571868 0.650277 0.835199 0.836550 0.772795 0.768220 0.958422 0.652109 0.600314 0.901530 0.513545 0.964558
0.992356 0.924598 0.904267 0.937052 0.752188 0.800637 0.974357 0.993822 0.738802 0.910436 0.942644 0.965586 0.959752 0.945840 0.914456 0.876940 0.958566 0.950741 0.967226 0.972423 0.881747 0.877310 0.843193 0.885167 0.831744 0.835112 0.000000 0.979421 0.980947 0.976412 0.880701 0.903161 0.945553 0.945882 0.838547 0.980782 0.961326 0.993761 0.934720 0.940580 0.930165 0.988883 0.976762 0.990849 0.983263 0.988793 0.944210 0.987194 0.937441 0.983293 0.969781 0.992529 0.902624 0.953648 0.939840 0.972671 0.892809 0.882173 0.986438 0.939006 0.996034 0.972122 0.955773 0.957244 0.903571 0.970139 0.968763 0.973061 0.929976 0.935222 0.865213 0.986813 0.916944 0.995931 0.983959 0.831143 0.893866 0.882824 0.895197 0.936661 0.991347 0.966623 0.982311 0.939525 0.964804 0.969785 0.833827 0.999528 0.924166 0.986096 0.925432 0.914058 0.848459 0.967159 0.932981 0.941177 0.846912 0.932284 0.991682 0.997164 0.977142 0.834764 0.971520 0.934427 0.940279 0.869202 0.843139 0.942967 0.980166 0.819355 0.896837 0.845952 0.905194 0.994540 0.981862 0.812292
0.923332 0.925077 0.898195 0.895773 0.794163 0.826591 0.867068 0.875554 0.914937 0.906094 0.851738 0.870801 0.923508 0.882990 0.911454 0.877579 0.901851 0.867705 0.880122 0.893857 0.894280 0.759036 0.925312 0.902328 0.896270 0.826582 0.979421 0.000000 0.856487 0.905848 0.929835 0.906938 0.827601 0.927712 0.973938 0.987505 0.936272 0.928713 0.952807 0.814644 0.916178 0.940442 0.892667 0.843412 0.975105 0.936574 0.870647 0.947809 0.975237 0.916424 0.997621 0.972548 0.984892 0.975760 0.955862 0.937875 0.892339 0.893916 0.938500 0.951466 0.896576 0.940639 0.857457 0.864528 0.957851 0.905091 0.897601 0.889801 0.921262 0.977029 0.885843 0.842751 0.871369 0.981947 0.874578 0.863908 0.772455 0.852950 0.967653 0.931454 0.892680 0.911189 0.982307 0.964968 0.942526 0.915043 0.997660 0.851064 0.923190 0.943381 0.825268 0.897979 0.892203 0.858441 0.926699 0.947116 0.928667 0.820391 0.912122 0.814717 0.982325 0.885336 0.959646 0.818222 0.826343 0.995787 0.861054 0.915000 0.851245 0.898088 0.967912 0.808416 0.921148 0.940779 0.832700 0.983355
0.183368 0.170360 0.363406 0.272746 0.752147 0.546805 0.266073 0.197491 0.540254 0.353817 0.243140 0.159595 0.196714 0.197190 0.255018 0.253278 0.154892 0.145581 0.184479 0.185170 0.472285 0.697732 0.287978 0.334651 0.604748 0.518403 0.980947 0.856487 0.000000 0.137541 0.254723 0.267736 0.189716 0.184626 0.517239 0.685754 0.406525 0.620109 0.652826 0.563605 0.873222 0.543038 0.316467 0.247814 0.298736 0.278262 0.263060 0.229281 0.579990 0.411234 0.442628 0.388751 0.521983 0.545427 0.453549 0.588453 0.183268 0.197837 0.201118 0.276010 0.194989 0.302350 0.141501 0.154854 0.468888 0.369010 0.244561 0.230001 0.415316 0.248795 0.331117 0.331548 0.492709 0.496899 0.700336 0.639121 0.356743 0.285937 0.225106 0.289367 0.155467 0.215274 0.307331 0.257695 0.285338 0.348706 0.864942 0.884821 0.471385 0.463461 0.710932 0.844926 0.595873 0.973321 0.392551 0.627845 0.453850 0.423822 0.360853 0.298726 0.642769 0.846046 0.360479 0.364527 0.380863 0.306703 0.907315 0.757190 0.625624 0.449144 0.737431 0.439122 0.376751 0.455434 0.434348 0.956705
0.156421 0.173514 0.320849 0.245234 0.792709 0.549790 0.243830 0.186780 0.530796 0.342133 0.191745 0.143966 0.188710 0.207192 0.250543 0.262066 0.149901 0.134540 0.147373 0.147231 0.476911 0.750781 0.294833 0.328452 0.564273 0.506509 0.976412 0.905848 0.137541 0.000000 0.240123 0.239282 0.195412 0.152471 0.527322 0.665970 0.411121 0.597969 0.616047 0.605870 0.917338 0.611669 0.348268 0.260128 0.317590 0.290059 0.272286 0.239232 0.646869 0.405270 0.479775 0.418208 0.530652 0.541582 0.444231 0.626819 0.200529 0.198748 0.228616 0.311203 0.200555 0.318440 0.155153 0.163125 0.476824 0.387242 0.263338 0.249924 0.377155 0.247656 0.324944 0.338753 0.477685 0.473489 0.637856 0.609960 0.420714 0.295160 0.225090 0.263164 0.148822 0.181021 0.313796 0.252520 0.318396 0.359217 0.813608 0.799832 0.473801 0.512921 0.713985 0.870550 0.628986 0.984801 0.393130 0.650443 0.450923 0.448005 0.383182 0.347461 0.656152 0.807202 0.366717 0.384395 0.431638 0.339774 0.855833 0.768712 0.673513 0.454042 0.763879 0.471901 0.415427 0.533924 0.481527 0.977453
0.228933 0.263704 0.213258 0.185223 0.768332 0.510612 0.254607 0.258241 0.488549 0.459609 0.276335 0.250336 0.212469 0.275737 0.248186 0.235606 0.301879 0.283361 0.236518 0.256193 0.395508 0.842076 0.178620 0.211119 0.346245 0.328286 0.880701 0.929835 0.254723 0.240123 0.000000 0.217979 0.214239 0.230605 0.440573 0.708368 0.353678 0.590722 0.542567 0.738091 0.832011 0.691769 0.324076 0.274498 0.353238 0.317494 0.276204 0.273184 0.705761 0.407797 0.496842 0.410878 0.473317 0.509506 0.405122 0.590442 0.368266 0.345880 0.297076 0.321299 0.208124 0.305697 0.279953 0.303233 0.286681 0.255201 0.234573 0.240258 0.357890 0.292914 0.289304 0.310528 0.343163 0.381887 0.651506 0.749049 0.385315 0.319499 0.295563 0.328871 0.223530 0.219880 0.315585 0.268930 0.241955 0.232743 0.880013 0.729322 0.449413 0.437757 0.727137 0.900622 0.601791 0.974666 0.425740 0.689648 0.440427 0.575810 0.488296 0.455975 0.693333 0.760941 0.491944 0.490298 0.436747 0.396815 0.830850 0.853526 0.635786 0.539446 0.896897 0.547161 0.482306 0.573873 0.488773 0.974507
0.271844 0.315388 0.282487 0.235408 0.926984 0.587341 0.253252 0.270288 0.461271 0.383357 0.275612 0.277682 0.279434 0.326570 0.322152 0.312469 0.256398 0.252797 0.252816 0.241954 0.537336 0.691307 0.274738 0.315083 0.488663 0.386142 0.903161 0.906938 0.267736 0.239282 0.217979 0.000000 0.203111 0.228916 0.553771 0.750565 0.436612 0.650957 0.525340 0.665164 0.917431 0.699830 0.331992 0.261579 0.378303 0.367745 0.346137 0.318977 0.765487 0.522806 0.579900 0.535146 0.568001 0.617429 0.497022 0.685628 0.326617 0.355142 0.316624 0.421524 0.268608 0.407348 0.304488 0.329653 0.390545 0.332094 0.276866 0.259667 0.363530 0.363747 0.356451 0.361390 0.408695 0.442027 0.690335 0.719501 0.411123 0.334055 0.302893 0.280604 0.255408 0.261149 0.407749 0.311793 0.360154 0.322491 0.900906 0.788302 0.467461 0.552667 0.694224 0.882515 0.644835 0.964102 0.475737 0.689092 0.501954 0.578312 0.455844 0.406143 0.703097 0.725461 0.542719 0.426720 0.504000 0.419149 0.958240 0.880912 0.709350 0.565889 0.788164 0.512850 0.467896 0.585714 0.474147 0.961995
0.170095 0.194902 0.236726 0.178846 0.732882 0.527432 0.187675 0.163906 0.480431 0.306609 0.247420 0.189901 0.189044 0.258029 0.253989 0.262374 0.182630 0.172025 0.189546 0.180001 0.419210 0.683943 0.224532 0.298244 0.495145 0.417050 0.945553 0.827601 0.189716 0.195412 0.214239 0.203111 0.000000 0.186039 0.502016 0.639129 0.420319 0.601462 0.607295 0.619713 0.920503 0.604879 0.234351 0.194487 0.261034 0.239429 0.226723 0.232910 0.607071 0.397882 0.443478 0.396050 0.503487 0.515239 0.440890 0.554520 0.221109 0.220246 0.204677 0.284305 0.179172 0.273550 0.198179 0.205505 0.359506 0.283015 0.198713 0.166705 0.362494 0.259516 0.258488 0.278752 0.412811 0.462399 0.700153 0.658151 0.332635 0.262367 0.207784 0.272207 0.149835 0.176338 0.314737 0.259851 0.247471 0.259487 0.906793 0.825381 0.436653 0.431142 0.587601 0.743769 0.519596 0.918424 0.392540 0.553154 0.350514 0.395963 0.316102 0.263022 0.643084 0.705501 0.414134 0.315748 0.370238 0.308851 0.912244 0.711510 0.615565 0.464505 0.744158 0.403408 0.372842 0.494542 0.447289 0.993957
0.173602 0.196599 0.286526 0.196298 0.743805 0.532481 0.183709 0.164316 0.468865 0.313990 0.215287 0.199776 0.207749 0.263925 0.291290 0.300414 0.169358 0.158357 0.154345 0.171087 0.393182 0.729767 0.292040 0.331574 0.580666 0.457886 0.945882 0.927712 0.184626 0.152471 0.230605 0.228916 0.186039 0.000000 0.502688 0.675552 0.368261 0.560807 0.599252 0.633868 0.911494 0.597912 0.263007 0.185761 0.254813 0.237668 0.221874 0.244215 0.637252 0.378671 0.451783 0.400926 0.527171 0.522453 0.474748 0.619898 0.201734 0.215739 0.213220 0.310683 0.181102 0.294454 0.190867 0.201627 0.393451 0.287208 0.196788 0.185852 0.399837 0.273819 0.308466 0.303109 0.412861 0.476349 0.634755 0.602600 0.374567 0.261608 0.258350 0.253077 0.172285 0.179237 0.328714 0.239494 0.286324 0.318459 0.884092 0.757120 0.469839 0.497576 0.630720 0.794076 0.567457 0.878689 0.362031 0.568139 0.421657 0.449139 0.317490 0.289151 0.602277 0.707302 0.346427 0.296427 0.394239 0.364839 0.864957 0.713164 0.641431 0.528799 0.758506 0.381273 0.371695 0.501323 0.441192 0.926043
0.456376 0.507474 0.518997 0.438365 0.811255 0.551601 0.552397 0.493615 0.686091 0.576588 0.653594 0.485814 0.448898 0.485757 0.416552 0.457059 0.575509 0.572110 0.528312 0.547959 0.560992 0.921185 0.411184 0.428890 0.498092 0.476173 0.838547 0.973938 0.517239 0.527322 0.440573 0.553771 0.502016 0.502688 0.000000 0.736594 0.486710 0.679473 0.695730 0.931879 0.810198 0.705802 0.491081 0.530490 0.468689 0.422365 0.456157 0.474680 0.534529 0.387946 0.506073 0.418004 0.508509 0.638367 0.464256 0.555497 0.649379 0.554400 0.464444 0.419402 0.448470 0.445291 0.517819 0.509962 0.463007 0.475344 0.499073 0.467717 0.637965 0.474494 0.568366 0.554470 0.528325 0.658361 0.645323 0.790107 0.569072 0.577015 0.497575 0.578407 0.459785 0.446073 0.595707 0.497184 0.351955 0.407127 0.984151 0.735761 0.579563 0.471560 0.811768 0.959416 0.716705 0.967214 0.625325 0.788507 0.536371 0.648972 0.554702 0.538397 0.793391 0.989826 0.610605 0.712461 0.511049 0.516747 0.810990 0.781632 0.629838 0.792759 0.734973 0.526149 0.662627 0.851112 0.579283 0.899782
0.605418 0.598844 0.726274 0.688111 0.919314 0.818274 0.667255 0.641725 0.750779 0.709143 0.701530 0.644231 0.633128 0.689701 0.697828 0.701381 0.590274 0.655120 0.628408 0.679913 0.834194 0.930367 0.660041 0.760140 0.820203 0.819073 0.980782 0.987505 0.685754 0.665970 0.708368 0.750565 0.639129 0.675552 0.736594 0.000000 0.734805 0.619538 0.940986 0.804638 0.816985 0.740387 0.641579 0.651100 0.649212 0.641296 0.697738 0.607861 0.780259 0.696184 0.708327 0.638724 0.721953 0.706479 0.825528 0.738334 0.631424 0.630458 0.611466 0.655104 0.676398 0.716527 0.609603 0.631210 0.776481 0.790449 0.647808 0.639100 0.758703 0.588003 0.690567 0.633033 0.866852 0.851478 0.991717 0.773327 0.723150 0.737870 0.603560 0.703399 0.597031 0.654308 0.700405 0.643893 0.651464 0.700128 0.997405 0.925943 0.712438 0.729757 0.840651 0.786020 0.811041 0.883970 0.575205 0.781468 0.686661 0.580844 0.689238 0.725516 0.865524 0.812718 0.648883 0.676298 0.804356 0.724676 0.873457 0.808624 0.691689 0.747949 0.743369 0.716660 0.688722 0.851181 0.672504 0.976606
0.388349 0.373954 0.421860 0.362770 0.909502 0.700049 0.472576 0.396847 0.575191 0.569876 0.524832 0.419108 0.376106 0.393268 0.377052 0.418715 0.449132 0.432361 0.430008 0.436914 0.496211 0.853720 0.365428 0.444549 0.497355 0.444388 0.961326 0.936272 0.406525 0.411121 0.353678 0.436612 0.420319 0.368261 0.486710 0.734805 0.000000 0.478514 0.515230 0.686376 0.925993 0.539033 0.442568 0.397145 0.399722 0.415473 0.419716 0.339407 0.512882 0.415988 0.465863 0.393117 0.508303 0.622629 0.592526 0.561077 0.438558 0.387164 0.360784 0.390159 0.375285 0.399047 0.433638 0.391394 0.376625 0.451889 0.419670 0.374955 0.622290 0.454630 0.542386 0.505552 0.625999 0.614698 0.660473 0.758884 0.484554 0.457746 0.448165 0.522296 0.416372 0.435712 0.538124 0.437752 0.333531 0.361728 0.869910 0.790981 0.477989 0.397446 0.728658 0.856838 0.600209 0.936197 0.462460 0.611384 0.531253 0.522743 0.417386 0.455819 0.636611 0.859829 0.369456 0.477829 0.429690 0.386913 0.817089 0.664477 0.775450 0.624651 0.904531 0.534041 0.617161 0.740105 0.550399 0.882729
0.523102 0.555476 0.642880 0.581476 0.915931 0.952123 0.657696 0.539598 0.674470 0.633198 0.707629 0.511484 0.485430 0.453236 0.475001 0.477726 0.608311 0.605040 0.615831 0.609580 0.628489 0.908169 0.485741 0.559445 0.697924 0.759510 0.993761 0.928713 0.620109 0.597969 0.590722 0.650957 0.601462 0.560807 0.679473 0.619538 0.478514 0.000000 0.710318 0.789053 0.872993 0.708210 0.571521 0.606833 0.602687 0.583424 0.626697 0.529968 0.641142 0.539198 0.551330 0.538774 0.745301 0.711177 0.767665 0.735816 0.558556 0.544550 0.557364 0.562310 0.533427 0.542094 0.528834 0.484334 0.560166 0.645129 0.605237 0.589877 0.923341 0.666634 0.672508 0.719769 0.803082 0.830936 0.860509 0.853333 0.643087 0.636415 0.621539 0.736607 0.624086 0.685672 0.575126 0.667500 0.498326 0.573383 0.845259 0.931039 0.640249 0.608811 0.762511 0.803602 0.661005 0.988861 0.548756 0.602460 0.745847 0.603949 0.547612 0.653860 0.700305 0.895564 0.474349 0.659680 0.579592 0.517678 0.835033 0.679184 0.642088 0.562664 0.919933 0.773710 0.737518 0.811641 0.507110 0.958618
