0.000000 0.292878 0.964074 0.878484 0.827926 0.975187 0.980707 0.886632 0.934572 0.822379 0.393450 0.383075 0.805902 0.882466 0.889723 0.809184 0.368661 0.362946 0.615656 0.541075 0.725090 0.917458 0.951618 0.971095 0.940481 0.933446 0.905605 0.783867 0.550870 0.570379 0.896549 0.995388 0.566352 0.492034 0.927920 0.874613 0.721778 0.652176 0.835058 0.693728 0.523434 0.629702 0.744992 0.650540 0.813818 0.667911 0.467569 0.524294 0.599653 0.591716 0.688501 0.706041 0.983087 0.698362 0.510322 0.648228 0.278243 0.354499 0.370239 0.372376 0.489952 0.589442 0.557487 0.457283 0.896733 0.723963 0.674588 0.526405 0.396702 0.477514 0.974910 0.918243 0.643012 0.644003 0.658564 0.979924 0.921354 0.921315 0.526079 0.614055 0.336288 0.366361 0.650623 0.416953 0.567588 0.625672 0.945459 0.984400 0.785313 0.657051 0.775797 0.772156 0.866858 0.714865 0.659210 0.947400 0.819488 0.956367 0.928512 0.995210 0.910933 0.713484 0.896029 0.818841 0.625314 0.742082 0.861399 0.958387 0.946032 0.840307 0.892282 0.730913 0.895112 0.886536 0.826041 0.957516
0.292878 0.000000 0.933415 0.857600 0.758244 0.985809 0.984682 0.872839 0.905969 0.707966 0.477576 0.393094 0.782186 0.819694 0.831945 0.791744 0.443304 0.430925 0.660640 0.568325 0.775003 0.874798 0.982291 0.925053 0.899270 0.926176 0.888733 0.725181 0.500888 0.611308 0.927124 0.957142 0.541930 0.496289 0.923050 0.910601 0.768981 0.732250 0.782037 0.754331 0.557559 0.571761 0.779804 0.681794 0.850236 0.697851 0.463534 0.506464 0.630605 0.560799 0.663690 0.677585 0.935432 0.739786 0.522299 0.710128 0.290653 0.315251 0.344637 0.300544 0.472489 0.572271 0.564883 0.485264 0.854605 0.706095 0.662231 0.543733 0.381653 0.448905 0.988843 0.903179 0.620827 0.655897 0.682781 0.989265 0.936173 0.870962 0.554727 0.594772 0.371765 0.400163 0.617185 0.416505 0.530239 0.597814 0.936454 0.957681 0.789385 0.677936 0.789041 0.787953 0.897199 0.715579 0.686874 0.961852 0.854340 0.965638 0.935172 0.989145 0.916492 0.689815 0.969958 0.919614 0.656703 0.694653 0.916185 0.875583 0.941165 0.841816 0.856530 0.716144 0.984840 0.906789 0.835792 0.877481
0.964074 0.933415 0.000000 0.276632 0.942934 0.916141 0.449552 0.432736 0.535456 0.871726 0.909561 0.777947 0.478214 0.635263 0.795180 0.421875 0.833548 0.832178 0.630967 0.597668 0.746750 0.883570 0.561354 0.480149 0.347686 0.382936 0.798567 0.985735 0.875745 0.847357 0.550099 0.699825 0.611664 0.736088 0.849649 0.925810 0.616943 0.551689 0.520288 0.632419 0.951690 0.998481 0.588923 0.645611 0.942980 0.957009 0.719247 0.738590 0.976412 0.887188 0.896150 0.914706 0.885438 0.965628 0.849014 0.874068 0.977828 0.796076 0.815747 0.982261 0.922328 0.616533 0.548373 0.623901 0.334354 0.344936 0.602715 0.783928 0.808191 0.894933 0.559081 0.496933 0.854409 0.730842 0.989347 0.756332 0.603836 0.607179 0.818686 0.947444 0.818891 0.949202 0.885810 0.953900 0.805705 0.650197 0.990577 0.806432 0.702370 0.762747 0.560450 0.581032 0.502790 0.508875 0.914244 0.768653 0.847251 0.767561 0.794360 0.728762 0.915273 0.823563 0.955161 0.777960 0.648216 0.757259 0.842472 0.875517 0.996075 0.976303 0.977721 0.989190 0.946350 0.857641 0.863571 0.931649
0.878484 0.857600 0.276632 0.000000 0.807679 0.919984 0.476030 0.385223 0.582421 0.906684 0.811392 0.706645 0.555190 0.549203 0.822252 0.470895 0.909583 0.951013 0.636802 0.517804 0.720984 0.941672 0.566254 0.460430 0.332379 0.361670 0.774645 0.919605 0.962332 0.919750 0.591311 0.690665 0.558280 0.698802 0.841200 0.930651 0.565352 0.560587 0.484064 0.662581 0.973408 0.993429 0.646452 0.646263 0.998989 0.992517 0.774582 0.758440 0.994755 0.824189 0.921135 0.916763 0.914540 0.949953 0.798157 0.847402 0.887218 0.899272 0.862878 0.979005 0.937462 0.619488 0.641588 0.719805 0.326867 0.326039 0.588367 0.749674 0.720840 0.763375 0.610329 0.518623 0.929076 0.787089 0.975872 0.784823 0.680063 0.650552 0.770423 0.912764 0.902566 0.968759 0.907735 0.930508 0.738948 0.599727 0.923778 0.829347 0.701790 0.685957 0.630668 0.625879 0.510037 0.536305 0.894424 0.743059 0.889757 0.850270 0.868912 0.822796 0.865079 0.859439 0.948317 0.791782 0.573000 0.683919 0.912173 0.975790 0.991911 0.934495 0.932429 0.930238 0.971045 0.836871 0.901233 0.938122
0.827926 0.758244 0.942934 0.807679 0.000000 0.951810 0.903391 0.816706 0.814921 0.996279 0.901439 0.874619 0.952524 0.759649 0.936064 0.829023 0.897587 0.875445 0.852559 0.847116 0.822331 0.927657 0.869742 0.916223 0.925706 0.829119 0.971782 0.871359 0.825488 0.886168 0.829388 0.803586 0.783696 0.793445 0.869292 0.946008 0.798283 0.845057 0.889655 0.859459 0.916159 0.973091 0.747400 0.667572 0.750358 0.749657 0.803096 0.720794 0.743645 0.711112 0.762944 0.771390 0.874946 0.872411 0.927000 0.765448 0.782016 0.874464 0.834905 0.895555 0.961550 0.879836 0.963436 0.945505 0.848519 0.892409 0.837141 0.743118 0.826187 0.758619 0.850026 0.862718 0.761716 0.829674 0.943567 0.896398 0.803707 0.811452 0.795885 0.932999 0.887881 0.859225 0.782298 0.781732 0.847771 0.858596 0.826521 0.930966 0.982540 0.807265 0.973319 0.942159 0.966480 0.972591 0.872570 0.762582 0.965322 0.971994 0.874332 0.886807 0.788033 0.974647 0.866546 0.803829 0.869999 0.936437 0.971279 0.960829 0.851734 0.785954 0.935893 0.929852 0.970324 0.942790 0.916443 0.842002
0.975187 0.985809 0.916141 0.919984 0.951810 0.000000 0.715926 0.645139 0.866332 0.631937 0.972726 0.833814 0.887069 0.927484 0.719970 0.879938 0.909962 0.935292 0.827242 0.982082 0.888892 0.991162 0.829879 0.828246 0.902846 0.923589 0.512823 0.946382 0.983360 0.919084 0.967557 0.787033 0.836867 0.785346 0.918117 0.874110 0.968398 0.861105 0.960956 0.944524 0.949425 0.954045 0.986961 0.880828 0.827781 0.740154 0.986001 0.763613 0.761962 0.763040 0.906883 0.853112 0.806537 0.898884 0.802215 0.997181 0.838156 0.923965 0.905661 0.944583 0.768163 0.710103 0.914422 0.930730 0.828971 0.777511 0.896669 0.689783 0.915106 0.861189 0.605318 0.624114 0.654908 0.715384 0.961990 0.991580 0.808767 0.895808 0.982919 0.972133 0.904537 0.932952 0.672525 0.801902 0.759499 0.804755 0.784333 0.801241 0.783499 0.648341 0.566261 0.633655 0.651737 0.820401 0.891826 0.990990 0.634107 0.766814 0.617903 0.746555 0.766169 0.890126 0.778914 0.984587 0.918376 0.935514 0.992354 0.904144 0.915256 0.880579 0.987642 0.851615 0.757956 0.971343 0.970773 0.873051
0.980707 0.984682 0.449552 0.476030 0.903391 0.715926 0.000000 0.368428 0.544607 0.770566 0.901383 0.880886 0.687479 0.871248 0.943969 0.574452 0.973107 0.926350 0.526079 0.800120 0.906128 0.973123 0.646290 0.644969 0.636222 0.659983 0.879531 0.905810 0.973396 0.966318 0.556159 0.520560 0.503611 0.612540 0.945923 0.959158 0.915142 0.838831 0.751137 0.844215 0.955397 0.849772 0.720470 0.787897 0.952374 0.955757 0.843387 0.862715 0.872848 0.959275 0.997367 0.972086 0.950167 0.956075 0.827210 0.866642 0.991696 0.774036 0.919236 0.916209 0.806076 0.813191 0.769963 0.783578 0.622020 0.574423 0.487926 0.611473 0.979970 0.933202 0.684915 0.592524 0.778246 0.800973 0.896349 0.907372 0.748121 0.735732 0.906831 0.896322 0.913602 0.932261 0.914171 0.999375 0.819530 0.713693 0.975127 0.911260 0.899373 0.957346 0.625850 0.633610 0.602269 0.684525 0.805764 0.811164 0.760055 0.763854 0.773945 0.751127 0.930940 0.744303 0.955466 0.729128 0.747715 0.853528 0.824222 0.963817 0.873228 0.944014 0.960441 0.952970 0.856821 0.929771 0.928272 0.940492
0.886632 0.872839 0.432736 0.385223 0.816706 0.645139 0.368428 0.000000 0.561546 0.594208 0.823614 0.650078 0.752479 0.743934 0.893459 0.638778 0.965221 0.999055 0.556389 0.586002 0.927122 0.989541 0.845751 0.740074 0.579669 0.587199 0.857981 0.939047 0.986185 0.939132 0.663685 0.620607 0.578079 0.606308 0.965381 0.927741 0.780442 0.751188 0.695884 0.719823 0.898059 0.985534 0.738615 0.802348 0.916501 0.857928 0.859653 0.881134 0.793007 0.932907 0.939203 0.930263 0.921526 0.840461 0.868764 0.871019 0.931434 0.853096 0.976663 0.979009 0.818752 0.538271 0.741390 0.820016 0.641590 0.428062 0.567412 0.650755 0.894676 0.993868 0.499131 0.399097 0.725270 0.705444 0.998609 0.861539 0.689632 0.729529 0.822462 0.880074 0.942613 0.986031 0.743250 0.962967 0.978714 0.854331 0.807241 0.741508 0.919601 0.943478 0.474536 0.539624 0.427769 0.587672 0.882618 0.822541 0.651580 0.788904 0.727090 0.676618 0.723516 0.771600 0.833389 0.849631 0.649188 0.714220 0.835737 0.980288 0.918768 0.919819 0.985393 0.970568 0.938080 0.946811 0.898176 0.935267
0.934572 0.905969 0.535456 0.582421 0.814921 0.866332 0.544607 0.561546 0.000000 0.679491 0.973279 0.887541 0.735084 0.870013 0.922469 0.576394 0.841087 0.787767 0.700559 0.849594 0.831780 0.944865 0.745142 0.797218 0.710399 0.510440 0.966334 0.933366 0.938937 0.914680 0.496887 0.647162 0.712520 0.786705 0.865777 0.955490 0.781508 0.823286 0.664978 0.772229 0.804767 0.948443 0.564021 0.655776 0.762535 0.884735 0.839704 0.912049 0.945300 0.885879 0.822545 0.902900 0.837703 0.760365 0.978389 0.821580 0.904174 0.638566 0.746000 0.729243 0.952736 0.806865 0.625219 0.641000 0.616942 0.688611 0.642140 0.879286 0.927513 0.989302 0.526456 0.519021 0.903248 0.842361 0.937523 0.721416 0.527802 0.614919 0.919468 0.996803 0.795099 0.798798 0.876490 0.855965 0.958604 0.903117 0.857577 0.691374 0.926594 0.954012 0.524183 0.499831 0.511644 0.525778 0.880574 0.806384 0.792100 0.696535 0.634549 0.613715 0.858980 0.625487 0.797926 0.984482 0.854175 0.993290 0.800352 0.884906 0.860282 0.971469 0.977120 0.827590 0.920955 0.829329 0.942134 0.893391
0.822379 0.707966 0.871726 0.906684 0.996279 0.631937 0.770566 0.594208 0.679491 0.000000 0.962187 0.914959 0.954426 0.964708 0.587707 0.980682 0.945217 0.831631 0.888892 0.962342 0.862146 0.797046 0.755274 0.797591 0.930786 0.943859 0.704565 0.716349 0.930515 0.985382 0.993174 0.948512 0.926169 0.998311 0.919299 0.927137 0.916074 0.990289 0.898784 0.956435 0.878991 0.883140 0.959069 0.813853 0.798203 0.698927 0.772224 0.697146 0.674821 0.618521 0.723862 0.665040 0.774635 0.962779 0.765152 0.935691 0.683881 0.618510 0.758423 0.704280 0.979455 0.787276 0.759882 0.763376 0.848713 0.877078 0.996566 0.965679 0.783605 0.634070 0.569059 0.605641 0.851488 0.864650 0.897683 0.878451 0.761533 0.938396 0.947428 0.834426 0.754441 0.726202 0.556799 0.670904 0.493574 0.624133 0.770913 0.640109 0.962477 0.741740 0.482842 0.514512 0.544919 0.617212 0.913002 0.918593 0.710524 0.776210 0.730461 0.797351 0.707076 0.765324 0.634268 0.913965 0.982859 0.991867 0.938193 0.976568 0.844463 0.921069 0.849244 0.947690 0.898319 0.873219 0.920283 0.939435
0.393450 0.477576 0.909561 0.811392 0.901439 0.972726 0.901383 0.823614 0.973279 0.962187 0.000000 0.431419 0.818531 0.871251 0.945460 0.929720 0.413017 0.319909 0.576409 0.580463 0.833368 0.986314 0.886558 0.963885 0.985539 0.991027 0.885847 0.937470 0.485103 0.427138 0.900662 0.997870 0.652294 0.517246 0.983374 0.835524 0.787032 0.713208 0.821278 0.816443 0.607937 0.717199 0.985316 0.887271 0.986159 0.891813 0.656635 0.680571 0.883800 0.861012 0.906835 0.988053 0.845044 0.602296 0.598428 0.796378 0.442315 0.451215 0.572127 0.501485 0.444137 0.595002 0.533935 0.452872 0.947331 0.713086 0.718245 0.644459 0.434265 0.527995 0.983370 0.886997 0.743612 0.736052 0.771249 0.933855 0.964456 0.986976 0.548532 0.658541 0.451336 0.395862 0.731831 0.470990 0.724375 0.692047 0.959492 0.958166 0.778131 0.710162 0.826636 0.794419 0.915137 0.790280 0.684094 0.993099 0.896176 0.986279 0.948655 0.800715 0.868844 0.857778 0.997939 0.855485 0.732789 0.795022 0.717028 0.908429 0.863394 0.809960 0.822687 0.880960 0.989655 0.935936 0.861606 0.948806
0.383075 0.393094 0.777947 0.706645 0.874619 0.833814 0.880886 0.650078 0.887541 0.914959 0.431419 0.000000 0.685988 0.751910 0.940184 0.726795 0.469801 0.498567 0.629011 0.552282 0.789468 0.934266 0.864249 0.940009 0.856785 0.801020 0.932628 0.931683 0.534006 0.595628 0.907011 0.907932 0.593732 0.505295 0.937551 0.849878 0.715476 0.674009 0.736777 0.686664 0.576482 0.610447 0.840199 0.811939 0.999007 0.881138 0.563191 0.695076 0.848576 0.768233 0.811870 0.873957 0.925460 0.691687 0.644445 0.756941 0.482202 0.520236 0.538332 0.462276 0.442305 0.374948 0.704370 0.600407 0.863989 0.539308 0.704018 0.618624 0.459469 0.552225 0.752643 0.660091 0.575148 0.560621 0.688651 0.883065 0.877455 0.849561 0.535584 0.685528 0.493967 0.535703 0.881883 0.577774 0.803041 0.724044 0.892786 0.787150 0.749598 0.813324 0.880692 0.926126 0.806345 0.951885 0.750309 0.973030 0.712838 0.940049 0.900059 0.971457 0.970589 0.932076 0.792961 0.835146 0.622229 0.668844 0.821061 0.938478 0.971479 0.783330 0.898569 0.710649 0.940012 0.992719 0.893887 0.904149
0.805902 0.782186 0.478214 0.555190 0.952524 0.887069 0.687479 0.752479 0.735084 0.954426 0.818531 0.685988 0.000000 0.656950 0.515023 0.382523 0.936515 0.940549 0.729539 0.814413 0.723283 0.860147 0.578827 0.536217 0.573676 0.601358 0.711872 0.925381 0.998294 0.940172 0.687953 0.755302 0.592946 0.711164 0.854771 0.982336 0.657403 0.601227 0.606974 0.718697 0.990682 0.753090 0.733259 0.724613 0.895248 0.863309 0.649958 0.811605 0.820270 0.722237 0.629307 0.698910 0.702820 0.828516 0.816827 0.837817 0.843992 0.934557 0.986656 0.850542 0.691087 0.645776 0.856117 0.882575 0.482997 0.511523 0.732864 0.805205 0.702896 0.660326 0.785374 0.784721 0.931468 0.780642 0.794174 0.851519 0.671228 0.673620 0.790601 0.841401 0.930054 0.830948 0.897737 0.830086 0.654026 0.514814 0.946121 0.982732 0.569201 0.812543 0.729615 0.693615 0.686338 0.718682 0.778969 0.885444 0.915741 0.799719 0.858790 0.918222 0.925228 0.911472 0.948457 0.850710 0.691921 0.783145 0.914331 0.862240 0.913170 0.933388 0.948251 0.834359 0.861815 0.911613 0.777624 0.974967
0.882466 0.819694 0.635263 0.549203 0.759649 0.927484 0.871248 0.743934 0.870013 0.964708 0.871251 0.751910 0.656950 0.000000 0.592798 0.599550 0.840420 0.989514 0.775869 0.679202 0.886830 0.821612 0.590778 0.569477 0.668342 0.646133 0.683554 0.905669 0.835800 0.983519 0.839542 0.731772 0.664868 0.866022 0.840444 0.987461 0.783895 0.672312 0.752835 0.834505 0.860591 0.838560 0.834883 0.777963 0.908544 0.826126 0.889492 0.814655 0.833967 0.630783 0.793695 0.667341 0.793878 0.842268 0.912558 0.963400 0.913166 0.906854 0.987396 0.842849 0.991146 0.800008 0.875324 0.882956 0.597536 0.652888 0.973037 0.947078 0.789351 0.615741 0.936911 0.897994 0.994348 0.868895 0.934917 0.866444 0.790556 0.844110 0.697282 0.986595 0.954963 0.966186 0.822856 0.802448 0.811180 0.687232 0.926730 0.972091 0.863777 0.655250 0.912208 0.851861 0.758694 0.812354 0.974784 0.949666 0.977834 0.941210 0.908638 0.990518 0.970612 0.916275 0.954040 0.897110 0.691647 0.754247 0.881114 0.936968 0.834017 0.907714 0.836119 0.936211 0.931699 0.901687 0.771692 0.902415
0.889723 0.831945 0.795180 0.822252 0.936064 0.719970 0.943969 0.893459 0.922469 0.587707 0.945460 0.940184 0.515023 0.592798 0.000000 0.570446 0.851994 0.996590 0.863485 0.947923 0.799945 0.952660 0.442008 0.563589 0.799821 0.769816 0.560686 0.839339 0.912789 0.966518 0.709674 0.794392 0.725352 0.926191 0.806647 0.938079 0.798059 0.813766 0.738058 0.942604 0.989441 0.918592 0.807960 0.679887 0.664337 0.610503 0.729937 0.770989 0.612985 0.508806 0.514589 0.494628 0.514364 0.634133 0.692059 0.864202 0.819721 0.858136 0.952459 0.891713 0.873613 0.953884 0.917401 0.955274 0.627415 0.943842 0.868399 0.983761 0.779815 0.581782 0.808624 0.795944 0.888235 0.911996 0.852668 0.998023 0.913422 0.875045 0.830473 0.915061 0.844652 0.758198 0.553657 0.706893 0.528963 0.492655 0.808274 0.681539 0.748230 0.698727 0.827127 0.905465 0.900575 0.909429 0.875791 0.990578 0.839648 0.910196 0.858307 0.957444 0.695482 0.979918 0.821309 0.919838 0.870668 0.945264 0.925867 0.959509 0.807175 0.996713 0.838460 0.975690 0.990024 0.959152 0.764160 0.936189
0.809184 0.791744 0.421875 0.470895 0.829023 0.879938 0.574452 0.638778 0.576394 0.980682 0.929720 0.726795 0.382523 0.599550 0.570446 0.000000 0.943519 0.931850 0.649746 0.681588 0.717279 0.834858 0.485938 0.498349 0.514894 0.477422 0.788543 0.914724 0.996055 0.952643 0.503040 0.592333 0.506343 0.659480 0.834289 0.973136 0.685261 0.566581 0.574151 0.656831 0.952860 0.897339 0.537367 0.555511 0.720348 0.729433 0.599735 0.735008 0.752499 0.664348 0.594912 0.653241 0.655999 0.784340 0.770264 0.717085 0.824962 0.965920 0.996715 0.964763 0.781220 0.693590 0.746533 0.790780 0.417553 0.519365 0.609047 0.715671 0.706705 0.731310 0.698408 0.653723 0.852020 0.731126 0.830066 0.799123 0.554838 0.637309 0.700830 0.916977 0.974567 0.889022 0.834115 0.815596 0.662507 0.553999 0.963546 0.911307 0.725987 0.741166 0.704229 0.686557 0.671596 0.705499 0.826476 0.766411 0.887985 0.862185 0.785072 0.738718 0.994202 0.831055 0.942910 0.885326 0.649987 0.738091 0.965152 0.773033 0.998318 0.937580 0.969451 0.846165 0.810360 0.970457 0.748668 0.860426
0.368661 0.443304 0.833548 0.909583 0.897587 0.909962 0.973107 0.965221 0.841087 0.945217 0.413017 0.469801 0.936515 0.840420 0.851994 0.943519 0.000000 0.289420 0.689728 0.696052 0.888773 0.922378 0.644434 0.805125 0.787957 0.798240 0.889028 0.901151 0.484608 0.422290 0.920831 0.891221 0.787468 0.583065 0.918382 0.810576 0.919360 0.910059 0.994847 0.904543 0.595005 0.747624 0.950768 0.951391 0.958760 0.932196 0.688537 0.744342 0.888571 0.937761 0.999488 0.916038 0.702217 0.480405 0.667546 0.768828 0.398551 0.390601 0.413256 0.493243 0.464140 0.685989 0.414391 0.354598 0.804157 0.906293 0.793443 0.637137 0.521229 0.744010 0.964277 0.936451 0.638920 0.740380 0.792969 0.901822 0.887877 0.889028 0.616356 0.658985 0.363132 0.386816 0.735623 0.524819 0.818625 0.887807 0.971281 0.999025 0.908315 0.862884 0.720909 0.660052 0.735078 0.593747 0.706371 0.877431 0.833649 0.966514 0.980611 0.884286 0.888537 0.715508 0.926282 0.765932 0.903800 0.812913 0.821094 0.964087 0.933284 0.848075 0.963146 0.765066 0.922633 0.974973 0.965606 0.935557
0.362946 0.430925 0.832178 0.951013 0.875445 0.935292 0.926350 0.999055 0.787767 0.831631 0.319909 0.498567 0.940549 0.989514 0.996590 0.931850 0.289420 0.000000 0.682350 0.649603 0.936090 0.976582 0.785815 0.914936 0.804724 0.805254 0.962712 0.852209 0.426972 0.360978 0.924213 0.920666 0.747186 0.572358 0.955941 0.847969 0.891874 0.883121 0.984922 0.887376 0.546518 0.758588 0.913807 0.938503 0.980953 0.855750 0.656733 0.672757 0.841508 0.854367 0.934049 0.989931 0.827207 0.519562 0.600174 0.813967 0.369732 0.337556 0.454028 0.458855 0.474484 0.766778 0.354075 0.294245 0.867916 0.926947 0.829759 0.682767 0.496116 0.602309 0.835533 0.944139 0.712794 0.841053 0.823216 0.911633 0.795391 0.857396 0.575711 0.634779 0.351734 0.327523 0.595855 0.428622 0.704287 0.758886 0.946858 0.856920 0.891032 0.743826 0.616472 0.561157 0.663125 0.559934 0.700172 0.904785 0.986655 0.916970 0.870474 0.801144 0.817881 0.695557 0.997387 0.798853 0.871495 0.804315 0.723470 0.859895 0.894814 0.862585 0.865811 0.861570 0.877206 0.992536 0.936401 0.886956
0.615656 0.660640 0.630967 0.636802 0.852559 0.827242 0.526079 0.556389 0.700559 0.888892 0.576409 0.629011 0.729539 0.775869 0.863485 0.649746 0.689728 0.682350 0.000000 0.579137 0.850022 0.987027 0.799457 0.835672 0.874288 0.796379 0.965470 0.977320 0.633659 0.599390 0.660561 0.662007 0.529145 0.428725 0.903028 0.972076 0.892300 0.815748 0.773439 0.877243 0.804192 0.883279 0.780732 0.806613 0.883642 0.872848 0.644691 0.770961 0.915629 0.861661 0.920947 0.917304 0.997883 0.827870 0.731401 0.871426 0.723516 0.843664 0.744612 0.725682 0.564766 0.699839 0.897908 0.864423 0.793273 0.615116 0.549722 0.535224 0.691351 0.783708 0.770996 0.696990 0.707492 0.661546 0.820512 0.991648 0.835461 0.807131 0.636512 0.799946 0.776070 0.664602 0.890861 0.716149 0.762445 0.736205 0.957016 0.979636 0.879874 0.857045 0.898579 0.917693 0.807096 0.960020 0.712123 0.941553 0.761309 0.940190 0.880923 0.856314 0.904171 0.974339 0.990588 0.947548 0.772485 0.854806 0.952005 0.918593 0.968315 0.988416 0.820551 0.914593 0.929284 0.848150 0.772250 0.888482
0.541075 0.568325 0.597668 0.517804 0.847116 0.982082 0.800120 0.586002 0.849594 0.962342 0.580463 0.552282 0.814413 0.679202 0.947923 0.681588 0.696052 0.649603 0.579137 0.000000 0.779477 0.952135 0.890800 0.752090 0.647773 0.664608 0.852665 0.867292 0.711765 0.739473 0.799490 0.848812 0.662031 0.654164 0.890111 0.865662 0.713484 0.584285 0.708033 0.752887 0.686493 0.774442 0.755275 0.707470 0.998688 0.918647 0.677480 0.705386 0.904964 0.773028 0.940901 0.936514 0.928183 0.727150 0.662861 0.773034 0.596903 0.767823 0.815264 0.719670 0.762632 0.609140 0.990289 0.910105 0.658164 0.518102 0.703153 0.702128 0.533046 0.674805 0.744011 0.618152 0.821826 0.714806 0.880778 0.957506 0.829691 0.861123 0.621626 0.900365 0.803667 0.723266 0.896004 0.756444 0.779010 0.755217 0.993153 0.985119 0.801705 0.616581 0.944249 0.962019 0.829813 0.876397 0.811495 0.979644 0.872318 0.937332 0.962053 0.902835 0.973114 0.834966 0.994888 0.980291 0.577052 0.645210 0.975636 0.958130 0.882891 0.891158 0.847686 0.903771 0.977705 0.878938 0.909125 0.996315
0.725090 0.775003 0.746750 0.720984 0.822331 0.888892 0.906128 0.927122 0.831780 0.862146 0.833368 0.789468 0.723283 0.886830 0.799945 0.717279 0.888773 0.936090 0.850022 0.779477 0.000000 0.863983 0.829417 0.864203 0.834054 0.717596 0.843223 0.786249 0.997434 0.971962 0.751158 0.948868 0.788386 0.793629 0.809770 0.891870 0.608706 0.810151 0.656226 0.774426 0.988323 0.865451 0.664473 0.681810 0.802949 0.795615 0.652332 0.724494 0.745624 0.757539 0.771241 0.800472 0.904021 0.983306 0.928791 0.868744 0.826864 0.838580 0.824868 0.811329 0.848645 0.716236 0.914085 0.978226 0.728239 0.727011 0.742465 0.691216 0.705173 0.688228 0.804169 0.854887 0.842907 0.737261 0.997296 0.826987 0.777980 0.790886 0.811461 0.880593 0.871367 0.859615 0.955005 0.914615 0.780800 0.743462 0.984724 0.850169 0.903247 0.815384 0.935212 0.884874 0.911983 0.943789 0.857120 0.924006 0.890780 0.888796 0.806347 0.880598 0.914432 0.923515 0.965957 0.775265 0.721347 0.873321 0.961819 0.977001 0.875194 0.936539 0.920753 0.898198 0.901043 0.986211 0.855411 0.822006
0.917458 0.874798 0.883570 0.941672 0.927657 0.991162 0.973123 0.989541 0.944865 0.797046 0.986314 0.934266 0.860147 0.821612 0.952660 0.834858 0.922378 0.976582 0.987027 0.952135 0.863983 0.000000 0.953462 0.928061 0.888218 0.907736 0.975629 0.969141 0.932616 0.903426 0.835407 0.917015 0.914880 0.855439 0.875597 0.969627 0.685145 0.826880 0.945967 0.804443 0.869337 0.945784 0.760994 0.804426 0.797820 0.830333 0.770692 0.776481 0.872027 0.930496 0.806237 0.890323 0.837831 0.931812 0.827690 0.836457 0.877236 0.954657 0.970634 0.993880 0.945838 0.972666 0.955168 0.993002 0.872698 0.951881 0.822661 0.923814 0.932223 0.934623 0.803069 0.931759 0.938988 0.946130 0.833977 0.951188 0.977218 0.891844 0.916848 0.907692 0.910952 0.857172 0.881301 0.891443 0.814986 0.846467 0.965528 0.973840 0.918948 0.950571 0.967115 0.938191 0.935597 0.951554 0.990227 0.883303 0.895176 0.962907 0.817054 0.950187 0.940268 0.911100 0.947742 0.844639 0.984102 0.987810 0.994952 0.939504 0.926159 0.963129 0.919662 0.953014 0.984345 0.977342 0.966483 0.847602
0.951618 0.982291 0.561354 0.566254 0.869742 0.829879 0.646290 0.845751 0.745142 0.755274 0.886558 0.864249 0.578827 0.590778 0.442008 0.485938 0.644434 0.785815 0.799457 0.890800 0.829417 0.953462 0.000000 0.349402 0.554057 0.593764 0.568000 0.785921 0.861573 0.801884 0.625188 0.671610 0.641671 0.925488 0.766282 0.843349 0.825276 0.796148 0.712775 0.886971 0.891771 0.904425 0.635312 0.584083 0.644109 0.669051 0.813624 0.725195 0.726586 0.588022 0.654078 0.555518 0.475345 0.597046 0.805045 0.857373 0.983809 0.848065 0.820667 0.892837 0.867292 0.849368 0.735719 0.702149 0.407462 0.811371 0.702647 0.925366 0.937095 0.779159 0.931059 0.949608 0.829695 0.864902 0.954292 0.911735 0.748103 0.706675 0.959271 0.999610 0.880684 0.988775 0.757630 0.861830 0.511613 0.443858 0.887041 0.796977 0.734546 0.646539 0.939906 0.882524 0.883251 0.833731 0.990076 0.813896 0.812604 0.983585 0.997887 0.810326 0.857555 0.894786 0.828436 0.752979 0.742312 0.909032 0.902219 0.895732 0.968860 0.992487 0.898688 0.932490 0.851978 0.896934 0.794842 0.929512
0.971095 0.925053 0.480149 0.460430 0.916223 0.828246 0.644969 0.740074 0.797218 0.797591 0.963885 0.940009 0.536217 0.569477 0.563589 0.498349 0.805125 0.914936 0.835672 0.752090 0.864203 0.928061 0.349402 0.000000 0.419466 0.590127 0.577950 0.909617 0.900637 0.868423 0.723542 0.726922 0.698611 0.856176 0.801157 0.951526 0.724005 0.700977 0.624770 0.829401 0.967141 0.977343 0.694439 0.600644 0.771042 0.786418 0.798570 0.660705 0.838435 0.667370 0.752643 0.716647 0.629222 0.795206 0.796694 0.856381 0.870099 0.923598 0.834469 0.961085 0.928416 0.980267 0.744795 0.769633 0.367267 0.666223 0.644007 0.961146 0.856528 0.793152 0.944404 0.919692 0.887101 0.894097 0.969530 0.942348 0.751069 0.684514 0.938519 0.897287 0.978357 0.902774 0.817519 0.791413 0.553143 0.411202 0.932446 0.858054 0.615290 0.592240 0.896142 0.895944 0.846737 0.806848 0.906080 0.780916 0.866160 0.910145 0.967367 0.818753 0.899198 0.960142 0.836828 0.802986 0.675119 0.743502 0.973921 0.949957 0.993601 0.950898 0.919745 0.947112 0.986586 0.904374 0.859987 0.966557
0.940481 0.899270 0.347686 0.332379 0.925706 0.902846 0.636222 0.579669 0.710399 0.930786 0.985539 0.856785 0.573676 0.668342 0.799821 0.514894 0.787957 0.804724 0.874288 0.647773 0.834054 0.888218 0.554057 0.419466 0.000000 0.393180 0.686498 0.908548 0.776668 0.684495 0.642434 0.797261 0.674082 0.847143 0.834477 0.896712 0.607906 0.575697 0.568143 0.612604 0.991156 0.988982 0.591094 0.590752 0.941513 0.927094 0.764552 0.689795 0.926689 0.773796 0.841339 0.837467 0.836006 0.954462 0.768485 0.827612 0.879666 0.869657 0.817820 0.988069 0.910410 0.729224 0.548720 0.642528 0.281506 0.428460 0.664503 0.873948 0.772411 0.829934 0.679188 0.672218 0.953740 0.890903 0.868943 0.819376 0.632946 0.627135 0.915462 0.882059 0.869668 0.950038 0.933478 0.959399 0.682489 0.575149 0.931487 0.851543 0.664206 0.677787 0.716731 0.713696 0.623938 0.568911 0.976349 0.776731 0.923433 0.869162 0.902525 0.809061 0.917429 0.925787 0.914464 0.713581 0.552600 0.716676 0.810745 0.943710 0.941581 0.954221 0.989917 0.942126 0.983974 0.988098 0.941061 0.861132
0.933446 0.926176 0.382936 0.361670 0.829119 0.923589 0.659983 0.587199 0.510440 0.943859 0.991027 0.801020 0.601358 0.646133 0.769816 0.477422 0.798240 0.805254 0.796379 0.664608 0.717596 0.907736 0.593764 0.590127 0.393180 0.000000 0.774177 0.859142 0.882213 0.774947 0.599015 0.728853 0.652768 0.868160 0.690646 0.914515 0.554457 0.660552 0.554876 0.592488 0.920133 0.958462 0.551059 0.611677 0.869617 0.870195 0.743236 0.774894 0.884128 0.720908 0.780399 0.787746 0.832604 0.875531 0.826405 0.845589 0.989951 0.836469 0.788817 0.948055 0.937529 0.697928 0.562518 0.628458 0.375816 0.459718 0.690138 0.842239 0.773212 0.799182 0.601094 0.587986 0.927770 0.810223 0.925035 0.763011 0.551069 0.569160 0.859320 0.926788 0.843520 0.869472 0.937680 0.969935 0.814867 0.694434 0.930671 0.785321 0.841041 0.730502 0.603107 0.590479 0.523891 0.534943 0.860307 0.828198 0.832672 0.794728 0.781981 0.701574 0.899222 0.834084 0.944023 0.892814 0.592669 0.783400 0.805885 0.853668 0.984000 0.909173 0.967166 0.935097 0.943406 0.870105 0.879791 0.905000
0.905605 0.888733 0.798567 0.774645 0.971782 0.512823 0.879531 0.857981 0.966334 0.704565 0.885847 0.932628 0.711872 0.683554 0.560686 0.788543 0.889028 0.962712 0.965470 0.852665 0.843223 0.975629 0.568000 0.577950 0.686498 0.774177 0.000000 0.724842 0.921760 0.961170 0.926476 0.918369 0.922225 0.947947 0.807132 0.844974 0.759273 0.765491 0.825720 0.884907 0.987002 0.913151 0.899558 0.786358 0.844857 0.771139 0.865568 0.737110 0.746665 0.671880 0.818117 0.770937 0.674449 0.835510 0.773105 0.927361 0.855035 0.904762 0.922796 0.958071 0.911202 0.942884 0.956046 0.952541 0.572498 0.897891 0.981658 0.832430 0.824983 0.680607 0.815728 0.784032 0.770747 0.861247 0.822854 0.896660 0.933300 0.910059 0.968334 0.937029 0.925679 0.862913 0.715404 0.710802 0.638201 0.583544 0.862842 0.833424 0.637502 0.646866 0.831206 0.847765 0.869669 0.965542 0.933818 0.885870 0.739336 0.819423 0.775492 0.872898 0.766448 0.901005 0.790831 0.951084 0.847920 0.849198 0.888664 0.948033 0.848229 0.969383 0.971767 0.996960 0.816705 0.913217 0.935485 0.939954
0.783867 0.725181 0.985735 0.919605 0.871359 0.946382 0.905810 0.939047 0.933366 0.716349 0.937470 0.931683 0.925381 0.905669 0.839339 0.914724 0.901151 0.852209 0.977320 0.867292 0.786249 0.969141 0.785921 0.909617 0.908548 0.859142 0.724842 0.000000 0.873888 0.975645 0.975778 0.875311 0.830726 0.982177 0.834509 0.959322 0.878722 0.993820 0.919184 0.785776 0.963644 0.860256 0.882852 0.789471 0.872643 0.819517 0.886514 0.754306 0.739571 0.693594 0.793735 0.712073 0.801663 0.977844 0.767325 0.879661 0.774333 0.723338 0.837466 0.834299 0.952316 0.936699 0.890794 0.857319 0.825056 0.961791 0.966987 0.903881 0.783005 0.730031 0.844121 0.858479 0.964995 0.955398 0.936080 0.841031 0.900312 0.928164 0.843660 0.838313 0.847279 0.806731 0.736402 0.777764 0.656962 0.703403 0.883918 0.839426 0.955275 0.711299 0.811882 0.865900 0.856782 0.960239 0.881625 0.811291 0.788663 0.947888 0.939800 0.957750 0.873066 0.904259 0.844385 0.971577 0.955606 0.977241 0.989425 0.939194 0.855071 0.919594 0.880121 0.961700 0.958704 0.955562 0.934079 0.959540
0.550870 0.500888 0.875745 0.962332 0.825488 0.983360 0.973396 0.986185 0.938937 0.930515 0.485103 0.534006 0.998294 0.835800 0.912789 0.996055 0.484608 0.426972 0.633659 0.711765 0.997434 0.932616 0.861573 0.900637 0.776668 0.882213 0.921760 0.873888 0.000000 0.413849 0.989088 0.993194 0.709428 0.596385 0.998729 0.938598 0.954760 0.996101 0.966253 0.927947 0.680597 0.727097 0.893114 0.984943 0.938040 0.841222 0.777736 0.819907 0.793877 0.792516 0.893290 0.954016 0.942331 0.782713 0.664421 0.906838 0.604938 0.513125 0.580387 0.573298 0.542393 0.853951 0.480478 0.495535 0.844325 0.974510 0.876529 0.759256 0.610513 0.679356 0.878865 0.994471 0.726317 0.867477 0.811094 0.870663 0.897451 0.937974 0.652126 0.805616 0.505634 0.498512 0.621784 0.505558 0.833252 0.833976 0.995247 0.930810 0.924953 0.835332 0.722882 0.735429 0.846274 0.704332 0.774263 0.881545 0.998751 0.882790 0.905531 0.751659 0.737129 0.788791 0.981367 0.828918 0.968375 0.892163 0.708537 0.992294 0.890206 0.901844 0.746828 0.887073 0.875329 0.912733 0.980209 0.745903
0.570379 0.611308 0.847357 0.919750 0.886168 0.919084 0.966318 0.939132 0.914680 0.985382 0.427138 0.595628 0.940172 0.983519 0.966518 0.952643 0.422290 0.360978 0.599390 0.739473 0.971962 0.903426 0.801884 0.868423 0.684495 0.774947 0.961170 0.975645 0.413849 0.000000 0.948007 0.940047 0.791709 0.615751 0.939447 0.938392 0.953892 0.953213 0.937698 0.915237 0.706202 0.767713 0.861172 0.987243 0.922222 0.883013 0.784866 0.889203 0.932316 0.949233 0.981093 0.961195 0.854374 0.712907 0.704174 0.873354 0.620695 0.563711 0.545338 0.609970 0.483856 0.843478 0.420556 0.433110 0.735037 0.980031 0.772572 0.707270 0.687967 0.779525 0.934180 0.979087 0.651668 0.844999 0.846108 0.914690 0.891036 0.964445 0.657048 0.799022 0.514240 0.468284 0.714594 0.573452 0.915493 0.897306 0.911625 0.829693 0.969301 0.881010 0.765460 0.701769 0.783312 0.665244 0.727487 0.959565 0.842169 0.928792 0.980378 0.901180 0.781152 0.865490 0.910646 0.760326 0.974480 0.893288 0.683599 0.997176 0.853860 0.830515 0.775566 0.837514 0.922442 0.907644 0.842054 0.968611
0.896549 0.927124 0.550099 0.591311 0.829388 0.967557 0.556159 0.663685 0.496887 0.993174 0.900662 0.907011 0.687953 0.839542 0.709674 0.503040 0.920831 0.924213 0.660561 0.799490 0.751158 0.835407 0.625188 0.723542 0.642434 0.599015 0.926476 0.975778 0.989088 0.948007 0.000000 0.595720 0.602332 0.691081 0.972805 0.979131 0.736880 0.688805 0.686855 0.737216 0.957878 0.935674 0.531908 0.512902 0.615098 0.693429 0.711512 0.778666 0.772660 0.721017 0.619059 0.718808 0.737985 0.754081 0.667401 0.789750 0.900443 0.857508 0.947308 0.934062 0.905847 0.855979 0.781003 0.818558 0.602502 0.720299 0.534220 0.707678 0.843547 0.852688 0.676248 0.718588 0.833912 0.825749 0.841759 0.819574 0.546506 0.634743 0.724432 0.860764 0.983922 0.945467 0.877208 0.959585 0.806498 0.716360 0.950939 0.792574 0.915573 0.852789 0.767991 0.707103 0.691172 0.681240 0.904117 0.913356 0.862742 0.916131 0.719888 0.752232 0.973706 0.706942 0.905025 0.949453 0.794629 0.975998 0.923173 0.874239 0.964812 0.954415 0.971805 0.948451 0.853574 0.989756 0.833928 0.833773
0.995388 0.957142 0.699825 0.690665 0.803586 0.787033 0.520560 0.620607 0.647162 0.948512 0.997870 0.907932 0.755302 0.731772 0.794392 0.592333 0.891221 0.920666 0.662007 0.848812 0.948868 0.917015 0.671610 0.726922 0.797261 0.728853 0.918369 0.875311 0.993194 0.940047 0.595720 0.000000 0.678167 0.754757 0.979790 0.896368 0.957472 0.912479 0.867736 0.924954 0.962521 0.895716 0.702369 0.758817 0.813189 0.853908 0.777968 0.929689 0.936329 0.804699 0.786940 0.778887 0.832422 0.829046 0.847692 0.914766 0.979128 0.867924 0.998775 0.975147 0.872161 0.967141 0.888978 0.858343 0.759249 0.792746 0.652259 0.721357 0.954659 0.871244 0.827189 0.836168 0.791749 0.860837 0.882677 0.839687 0.779871 0.777323 0.837799 0.893224 0.910777 0.991579 0.940470 0.997895 0.867033 0.799332 0.793047 0.932139 0.958325 0.963540 0.785370 0.705117 0.716975 0.842161 0.827453 0.992103 0.875414 0.975863 0.863265 0.737899 0.952970 0.821073 0.892967 0.935636 0.712294 0.849762 0.933159 0.942384 0.986016 0.925225 0.965540 0.966151 0.874132 0.958555 0.767536 0.940358
0.566352 0.541930 0.611664 0.558280 0.783696 0.836867 0.503611 0.578079 0.712520 0.926169 0.652294 0.593732 0.592946 0.664868 0.725352 0.506343 0.787468 0.747186 0.529145 0.662031 0.788386 0.914880 0.641671 0.698611 0.674082 0.652768 0.922225 0.830726 0.709428 0.791709 0.602332 0.678167 0.000000 0.448870 0.871901 0.991747 0.783848 0.700141 0.760058 0.701989 0.722300 0.847445 0.586913 0.582815 0.740259 0.706768 0.564872 0.578896 0.715951 0.617052 0.657213 0.664806 0.802370 0.970284 0.594864 0.691686 0.580178 0.733325 0.688795 0.632330 0.616758 0.641246 0.932443 0.898391 0.585639 0.531587 0.498953 0.492483 0.613930 0.641129 0.828990 0.755764 0.695322 0.660236 0.800164 0.873958 0.749199 0.680787 0.661305 0.782606 0.710890 0.629364 0.706302 0.634390 0.531535 0.484605 0.988058 0.962475 0.794514 0.646058 0.883008 0.877870 0.778035 0.922211 0.751687 0.795360 0.804882 0.752267 0.761678 0.894404 0.973989 0.975618 0.880163 0.884169 0.564984 0.709635 0.977636 0.893161 0.921594 0.827802 0.860051 0.883163 0.854263 0.960134 0.775748 0.988405
0.492034 0.496289 0.736088 0.698802 0.793445 0.785346 0.612540 0.606308 0.786705 0.998311 0.517246 0.505295 0.711164 0.866022 0.926191 0.659480 0.583065 0.572358 0.428725 0.654164 0.793629 0.855439 0.925488 0.856176 0.847143 0.868160 0.947947 0.982177 0.596385 0.615751 0.691081 0.754757 0.448870 0.000000 0.936321 0.941039 0.777816 0.756315 0.761366 0.775403 0.681216 0.790666 0.715454 0.720952 0.778216 0.771235 0.557717 0.649400 0.787595 0.812564 0.772843 0.864698 0.942656 0.831023 0.679834 0.712332 0.529903 0.665412 0.599366 0.583867 0.499970 0.608091 0.800536 0.743506 0.809268 0.638266 0.502495 0.471453 0.575305 0.704916 0.740623 0.672500 0.538196 0.620658 0.626257 0.999566 0.801301 0.767218 0.607257 0.636921 0.603136 0.570329 0.794945 0.596797 0.701179 0.661558 0.932873 0.917847 0.833843 0.832015 0.927963 0.914322 0.839309 0.996901 0.637734 0.826511 0.747741 0.901618 0.745367 0.868608 0.956011 0.997238 0.869863 0.921058 0.728077 0.741872 0.819617 0.924664 0.960532 0.916306 0.893239 0.803342 0.882444 0.889232 0.774057 0.965383
0.927920 0.923050 0.849649 0.841200 0.869292 0.918117 0.945923 0.965381 0.865777 0.919299 0.983374 0.937551 0.854771 0.840444 0.806647 0.834289 0.918382 0.955941 0.903028 0.890111 0.809770 0.875597 0.766282 0.801157 0.834477 0.690646 0.807132 0.834509 0.998729 0.939447 0.972805 0.979790 0.871901 0.936321 0.000000 0.978121 0.764031 0.822312 0.745216 0.837928 0.947349 0.948112 0.674693 0.682406 0.735997 0.654731 0.782382 0.721448 0.683339 0.665255 0.715814 0.704398 0.780754 0.822584 0.977647 0.844938 0.891145 0.906494 0.918107 0.874209 0.916818 0.977041 0.961630 0.955209 0.767656 0.934826 0.883974 0.967804 0.823148 0.829160 0.926088 0.984239 0.928383 0.955173 0.994178 0.783663 0.812760 0.812818 0.985663 0.992057 0.934183 0.975447 0.897462 0.991185 0.809698 0.791622 0.959695 0.949804 0.832919 0.634524 0.959627 0.929239 0.944284 0.961491 0.837026 0.823582 0.914500 0.779957 0.907113 0.844646 0.923749 0.977167 0.919428 0.832432 0.848468 0.890915 0.994160 0.934578 0.984489 0.793764 0.980736 0.834374 0.829024 0.979783 0.827691 0.861582
0.874613 0.910601 0.925810 0.930651 0.946008 0.874110 0.959158 0.927741 0.955490 0.927137 0.835524 0.849878 0.982336 0.987461 0.938079 0.973136 0.810576 0.847969 0.972076 0.865662 0.891870 0.969627 0.843349 0.951526 0.896712 0.914515 0.844974 0.959322 0.938598 0.938392 0.979131 0.896368 0.991747 0.941039 0.978121 0.000000 0.831643 0.934297 0.987733 0.903831 0.766758 0.903763 0.909156 0.942567 0.797597 0.850161 0.963516 0.979275 0.910735 0.919806 0.940801 0.853265 0.747862 0.789818 0.903574 0.917461 0.887861 0.861962 0.956486 0.854835 0.800720 0.804113 0.923210 0.884087 0.991143 0.818456 0.969117 0.951316 0.727437 0.893415 0.834483 0.773569 0.831590 0.875575 0.986633 0.903556 0.978583 0.991730 0.857559 0.939364 0.910442 0.892993 0.948978 0.970069 0.966258 0.980142 0.941804 0.912361 0.976120 0.911241 0.949959 0.976354 0.958395 0.974995 0.896421 0.902509 0.935821 0.953812 0.994482 0.971377 0.874216 0.746586 0.921662 0.985814 0.838905 0.956195 0.977499 0.925487 0.974004 0.897471 0.976213 0.902842 0.941005 0.887536 0.809985 0.863113
0.721778 0.768981 0.616943 0.565352 0.798283 0.968398 0.915142 0.780442 0.781508 0.916074 0.787032 0.715476 0.657403 0.783895 0.798059 0.685261 0.919360 0.891874 0.892300 0.713484 0.608706 0.685145 0.825276 0.724005 0.607906 0.554457 0.759273 0.878722 0.954760 0.953892 0.736880 0.957472 0.783848 0.777816 0.764031 0.831643 0.000000 0.543680 0.685732 0.542721 0.857782 0.894326 0.617040 0.577783 0.835346 0.773156 0.658014 0.695452 0.747030 0.732386 0.749577 0.784121 0.894692 0.982101 0.767153 0.820655 0.728740 0.840605 0.934941 0.826734 0.909151 0.677590 0.892217 0.999124 0.567321 0.599365 0.737194 0.848353 0.650116 0.681718 0.732685 0.771961 0.911249 0.865242 0.929048 0.875987 0.740295 0.730816 0.759998 0.718873 0.824931 0.824015 0.882747 0.804937 0.749375 0.692955 0.930710 0.790692 0.771170 0.700167 0.886285 0.896728 0.791163 0.807428 0.825742 0.828982 0.919813 0.945511 0.837299 0.903146 0.872383 0.959749 0.949625 0.903449 0.813489 0.800317 0.977835 0.993821 0.945940 0.997355 0.984764 0.978304 0.936914 0.973962 0.839823 0.814410
0.652176 0.732250 0.551689 0.560587 0.845057 0.861105 0.838831 0.751188 0.823286 0.990289 0.713208 0.674009 0.601227 0.672312 0.813766 0.566581 0.910059 0.883121 0.815748 0.584285 0.810151 0.826880 0.796148 0.700977 0.575697 0.660552 0.765491 0.993820 0.996101 0.953213 0.688805 0.912479 0.700141 0.756315 0.822312 0.934297 0.543680 0.000000 0.670378 0.587991 0.826879 0.943735 0.657625 0.598566 0.810830 0.737550 0.698485 0.649853 0.742972 0.720886 0.694155 0.747368 0.858105 0.994980 0.697378 0.763059 0.667343 0.841586 0.896287 0.811225 0.841161 0.666778 0.894664 0.989573 0.560453 0.581636 0.787662 0.849192 0.582918 0.632187 0.785238 0.763204 0.880594 0.665207 0.829946 0.735348 0.720382 0.814813 0.618600 0.905256 0.848872 0.806528 0.812589 0.743955 0.744982 0.675663 0.974365 0.846019 0.630900 0.593697 0.966186 0.906920 0.848018 0.798509 0.888944 0.862277 0.990582 0.859468 0.966610 0.978195 0.923204 0.956838 0.942220 0.981156 0.774541 0.797065 0.883124 0.852306 0.879904 0.896778 0.989856 0.984371 0.904182 0.996764 0.766304 0.889906
