0.000000 0.545404 0.751037 0.780021 0.981076 0.943064 0.739974 0.856251 0.821933 0.933922 0.745600 0.725237 0.870253 0.953926 0.942702 0.966185 0.569922 0.570230 0.463685 0.596904 0.818914 0.865844 0.888679 0.958655 0.694514 0.799801 0.879627 0.973165 0.738808 0.783168 0.859451 0.955256 0.724969 0.541638 0.864411 0.949344 0.914187 0.964384 0.813583 0.829031 0.951284 0.891273 0.685377 0.606992 0.970478 0.903933 0.669493 0.745496 0.991757 0.983901 0.949301 0.853162 0.859484 0.758670 0.832598 0.983036 0.458553 0.541772 0.586045 0.752650 0.723618 0.859696 0.710555 0.796622 0.785617 0.814242 0.704394 0.724472 0.707262 0.640982 0.784423 0.825948 0.689453 0.695280 0.953312 0.915272 0.691627 0.759590 0.870657 0.703359 0.601291 0.574378 0.889498 0.716903 0.775095 0.800277 0.770272 0.952427 0.929875 0.809580 0.849545 0.891431 0.865556 0.995905 0.936701 0.816119 0.809418 0.872374 0.976719 0.869968 0.854483 0.987556 0.781125 0.686035 0.903582 0.930145 0.950459 0.971333 0.833928 0.749164 0.784111 0.978058 0.894371 0.970804 0.877310 0.736788
0.545404 0.000000 0.921435 0.795804 0.999870 0.965598 0.905853 0.740205 0.774015 0.893091 0.889900 0.529136 0.803408 0.749145 0.878786 0.738869 0.586389 0.544083 0.594874 0.623473 0.975828 0.924024 0.975599 0.915772 0.844307 0.968329 0.975376 0.971281 0.673894 0.710811 0.800781 0.890496 0.612034 0.511604 0.908416 0.990811 0.856379 0.877163 0.956534 0.834948 0.959495 0.945803 0.631321 0.543869 0.784412 0.707328 0.582940 0.568260 0.887054 0.877085 0.828905 0.917696 0.995605 0.873519 0.800774 0.989331 0.448184 0.394091 0.651890 0.805017 0.634475 0.639642 0.594530 0.553490 0.843400 0.838590 0.723432 0.679692 0.891273 0.577941 0.620081 0.693001 0.826808 0.782880 0.965027 0.985309 0.640339 0.823381 0.644043 0.698889 0.482753 0.539698 0.754477 0.681998 0.814485 0.807266 0.940651 0.991781 0.865236 0.851950 0.842421 0.787115 0.889298 0.882610 0.831121 0.771597 0.752039 0.789377 0.779201 0.838332 0.841034 0.967713 0.732232 0.779521 0.832906 0.861291 0.872013 0.945768 0.866248 0.782285 0.762291 0.889912 0.864012 0.804589 0.781368 0.940183
0.751037 0.921435 0.000000 0.461893 0.974455 0.978133 0.361461 0.664685 0.671891 0.993344 0.879413 0.799371 0.743037 0.821879 0.921588 0.818602 0.923156 0.863441 0.735559 0.875186 0.740958 0.845810 0.769831 0.819252 0.519253 0.603750 0.967182 0.983833 0.816589 0.713940 0.889182 0.989259 0.739104 0.769085 0.703673 0.939308 0.832734 0.997139 0.860417 0.844677 0.966436 0.821843 0.671634 0.828367 0.817119 0.858481 0.690863 0.858988 0.803355 0.952754 0.905348 0.858575 0.938562 0.797733 0.893960 0.835710 0.958117 0.993178 0.535622 0.674670 0.697088 0.965503 0.876991 0.771096 0.406543 0.562262 0.523659 0.578391 0.927822 0.856856 0.979205 0.974827 0.945742 0.948181 0.942486 0.974494 0.802570 0.896972 0.895185 0.965721 0.967226 0.937142 0.848265 0.977256 0.579467 0.749174 0.681910 0.855896 0.705558 0.633597 0.729186 0.702237 0.646325 0.581648 0.954458 0.764116 0.886553 0.948538 0.809853 0.729281 0.684919 0.877839 0.980230 0.907860 0.641068 0.717399 0.949043 0.848958 0.796695 0.970968 0.923473 0.981077 0.982893 0.808879 0.776209 0.735434
0.780021 0.795804 0.461893 0.000000 0.939254 0.978794 0.486272 0.509075 0.866166 0.928457 0.973901 0.989371 0.835993 0.952932 0.899677 0.972038 0.893090 0.909018 0.780946 0.833436 0.733330 0.918674 0.668613 0.625419 0.658212 0.649286 0.980941 0.953046 0.763557 0.713172 0.926663 0.971048 0.739278 0.673064 0.682158 0.899261 0.781059 0.913687 0.742393 0.855345 0.994385 0.834508 0.725653 0.795205 0.830857 0.908385 0.718359 0.789763 0.767751 0.984804 0.905388 0.765541 0.844380 0.706133 0.890800 0.819204 0.926679 0.901457 0.610545 0.644182 0.714605 0.749971 0.989494 0.971491 0.422075 0.372861 0.446190 0.405048 0.926731 0.884699 0.873310 0.785638 0.781868 0.861313 0.972197 0.888977 0.706795 0.792242 0.964789 0.960437 0.848854 0.862789 0.943838 0.933924 0.554472 0.643634 0.789276 0.867689 0.861368 0.592812 0.739393 0.758889 0.651649 0.697383 0.989020 0.693401 0.755077 0.997883 0.685889 0.733121 0.647305 0.883292 0.969056 0.968475 0.534164 0.635391 0.880052 0.774756 0.741720 0.914678 0.826472 0.997816 0.969835 0.878430 0.764046 0.768976
0.981076 0.999870 0.974455 0.939254 0.000000 0.790663 0.907945 0.986985 0.854640 0.939771 0.781489 0.990617 0.762247 0.921102 0.826946 0.911003 0.834412 0.857177 0.954278 0.963423 0.861766 0.760053 0.860885 0.945810 0.989459 0.921348 0.890685 0.880471 0.966769 0.819495 0.880841 0.975704 0.926180 0.994273 0.969148 0.846925 0.892441 0.924723 0.999211 0.921792 0.865285 0.887239 0.874793 0.916063 0.807973 0.940084 0.978161 0.999337 0.842426 0.895406 0.829512 0.929100 0.829521 0.753213 0.995312 0.985600 0.937158 0.977244 0.850503 0.801812 0.812961 0.976632 0.790023 0.928935 0.978348 0.974412 0.965962 0.966064 0.807907 0.989824 0.902511 0.997530 0.885913 0.983306 0.944941 0.927759 0.868861 0.947697 0.920150 0.836679 0.869130 0.866069 0.866346 0.787665 0.775566 0.706764 0.989360 0.773899 0.976405 0.942020 0.938942 0.987874 0.998517 0.972584 0.875638 0.903687 0.856690 0.971513 0.934261 0.929168 0.895304 0.997706 0.973184 0.914585 0.963745 0.848696 0.964271 0.941958 0.992300 0.883344 0.972200 0.948738 0.927030 0.983518 0.978823 0.937143
0.943064 0.965598 0.978133 0.978794 0.790663 0.000000 0.951434 0.918470 0.861309 0.984578 0.939691 0.923583 0.950493 0.928076 0.898803 0.751914 0.908324 0.907738 0.970500 0.856444 0.900256 0.977282 0.783551 0.853955 0.982427 0.875425 0.879390 0.877391 0.951704 0.979888 0.874634 0.991231 0.928733 0.883095 0.891410 0.917800 0.775887 0.976360 0.966810 0.971157 0.819904 0.959245 0.859633 0.811056 0.892724 0.995702 0.909714 0.983468 0.839891 0.903804 0.820268 0.932620 0.772217 0.789814 0.894128 0.824206 0.990606 0.932746 0.753971 0.730739 0.975671 0.953080 0.987349 0.963508 0.947844 0.947071 0.964371 0.985035 0.849723 0.847079 0.886755 0.960559 0.875310 0.777404 0.936679 0.930400 0.986995 0.882445 0.992633 0.957892 0.999453 0.998647 0.857967 0.903262 0.799441 0.795106 0.855004 0.698315 0.924243 0.972732 0.762002 0.791128 0.759441 0.851782 0.882261 0.913752 0.868970 0.957664 0.939586 0.970803 0.940611 0.976443 0.948436 0.936310 0.921310 0.968298 0.939312 0.993612 0.853452 0.930958 0.902139 0.925646 0.866605 0.944915 0.911867 0.897085
0.739974 0.905853 0.361461 0.486272 0.907945 0.951434 0.000000 0.579225 0.677758 0.978602 0.868070 0.887038 0.626278 0.985237 0.973264 0.946271 0.973079 0.917280 0.754326 0.863628 0.812289 0.925231 0.759200 0.879477 0.628726 0.653974 0.996203 0.986424 0.883673 0.816028 0.935384 0.912435 0.712573 0.752302 0.723010 0.975375 0.860133 0.890995 0.902466 0.878061 0.939952 0.887001 0.761302 0.838338 0.854494 0.906285 0.771705 0.860008 0.816549 0.930564 0.810644 0.772138 0.949331 0.918824 0.948564 0.910342 0.963669 0.991558 0.542974 0.682919 0.543361 0.853117 0.979173 0.887311 0.427076 0.560361 0.575376 0.612965 0.906547 0.841188 0.955589 0.990781 0.908965 0.901304 0.922574 0.961644 0.777204 0.868396 0.897725 0.980811 0.875503 0.900152 0.898103 0.931554 0.513446 0.726171 0.720501 0.922141 0.705674 0.628970 0.678152 0.669007 0.699222 0.623066 0.961693 0.851933 0.991911 0.878909 0.730982 0.648086 0.738404 0.782771 0.969053 0.929332 0.655857 0.753056 0.914709 0.904915 0.750143 0.983037 0.872776 0.954436 0.985479 0.820225 0.794427 0.712092
0.856251 0.740205 0.664685 0.509075 0.986985 0.918470 0.579225 0.000000 0.933000 0.751089 0.960156 0.732995 0.689910 0.786176 0.992209 0.884006 0.984674 0.944045 0.896689 0.768718 0.957803 0.992375 0.709633 0.827740 0.993117 0.967392 0.880089 0.979284 0.987891 0.964104 0.983799 0.949665 0.742021 0.608949 0.795334 0.997947 0.930944 0.961718 0.946939 0.884144 0.849944 0.870487 0.874435 0.861711 0.919802 0.992194 0.804696 0.826557 0.809658 0.981099 0.730954 0.566805 0.965174 0.891569 0.914809 0.970540 0.960190 0.818090 0.586178 0.562927 0.478852 0.411661 0.747297 0.673507 0.630667 0.500522 0.622104 0.511736 0.724878 0.977495 0.921714 0.800979 0.752325 0.786805 0.916718 0.898208 0.654226 0.777877 0.880125 0.995161 0.707285 0.928498 0.970986 0.946502 0.679410 0.827131 0.823544 0.870736 0.879303 0.622016 0.677809 0.840735 0.735660 0.841664 0.822398 0.779849 0.696919 0.965924 0.516396 0.591011 0.651735 0.901103 0.725909 0.966605 0.525270 0.651448 0.946762 0.751270 0.751524 0.804541 0.714172 0.864908 0.921134 0.973452 0.725850 0.884651
0.821933 0.774015 0.671891 0.866166 0.854640 0.861309 0.677758 0.933000 0.000000 0.791164 0.999153 0.657267 0.891476 0.767756 0.949245 0.820296 0.728934 0.621381 0.848613 0.754278 0.948793 0.933187 0.792368 0.959343 0.867803 0.813470 0.971750 0.927769 0.774924 0.676309 0.985568 0.796064 0.990028 0.836776 0.854261 0.946557 0.854217 0.948011 0.912219 0.941373 0.956920 0.966372 0.919765 0.807537 0.957426 0.931896 0.919866 0.887511 0.929485 0.831514 0.846201 0.760992 0.741064 0.795671 0.986309 0.827017 0.765268 0.742127 0.966492 0.986841 0.935209 0.861836 0.753866 0.680283 0.747007 0.985101 0.965426 0.991569 0.881590 0.671083 0.828916 0.705307 0.769729 0.794967 0.937466 0.982991 0.925543 0.930158 0.664705 0.775255 0.718548 0.751956 0.800395 0.877988 0.829712 0.966135 0.952949 0.994077 0.754900 0.910806 0.648296 0.630938 0.572713 0.643122 0.977874 0.940741 0.946256 0.889064 0.864749 0.877719 0.884605 0.848523 0.869769 0.905921 0.920120 0.931924 0.912698 0.842660 0.993705 0.865163 0.753188 0.937469 0.958676 0.878342 0.992452 0.934883
0.933922 0.893091 0.993344 0.928457 0.939771 0.984578 0.978602 0.751089 0.791164 0.000000 0.852431 0.889049 0.954880 0.977102 0.990930 0.958288 0.875827 0.915646 0.956434 0.928764 0.833944 0.959434 0.870882 0.884856 0.884029 0.807425 0.829198 0.962540 0.695706 0.794677 0.823781 0.974547 0.788503 0.824831 0.914055 0.973582 0.917398 0.963896 0.670318 0.987115 0.830607 0.972370 0.932042 0.849377 0.692520 0.728069 0.914691 0.891717 0.678037 0.695180 0.625375 0.689654 0.645564 0.725282 0.889082 0.968305 0.920064 0.897548 0.898562 0.937040 0.810564 0.762685 0.797139 0.746351 0.898026 0.839747 0.997604 0.992478 0.917758 0.946709 0.975583 0.988054 0.982659 0.991639 0.897867 0.985547 0.969725 0.881227 0.972703 0.991422 0.823997 0.962746 0.969144 0.946387 0.930159 0.825519 0.956194 0.900433 0.960096 0.757535 0.934353 0.994232 0.866116 0.971159 0.917161 0.864525 0.824630 0.909753 0.772947 0.836272 0.775491 0.955705 0.645206 0.867226 0.866377 0.980146 0.730620 0.992200 0.985779 0.831921 0.859400 0.855382 0.943007 0.776978 0.938704 0.953155
0.745600 0.889900 0.879413 0.973901 0.781489 0.939691 0.868070 0.960156 0.999153 0.852431 0.000000 0.833693 0.810576 0.976671 0.918975 0.878354 0.606673 0.639056 0.659766 0.654436 0.758229 0.968361 0.933023 0.866449 0.989399 0.914855 0.943980 0.877075 0.695892 0.718406 0.840500 0.992008 0.763579 0.691223 0.999750 0.926649 0.987408 0.838010 0.965339 0.967510 0.986272 0.975124 0.905876 0.908960 0.980874 0.978527 0.983685 0.952148 0.983748 0.880278 0.973767 0.821175 0.922634 0.962506 0.962772 0.860993 0.764876 0.851117 0.852913 0.943950 0.788943 0.992569 0.695051 0.858844 0.926299 0.947531 0.974924 0.914474 0.905498 0.822723 0.994246 0.847561 0.612677 0.767413 0.944358 0.817466 0.959896 0.885405 0.861566 0.767712 0.735268 0.743606 0.977526 0.867959 0.966307 0.972234 0.734985 0.956905 0.917348 0.942732 0.662505 0.669161 0.791274 0.742675 0.973356 0.845884 0.989773 0.925240 0.882847 0.932338 0.994324 0.942281 0.886476 0.931383 0.988065 0.772242 0.934749 0.773300 0.999597 0.845237 0.926910 0.941649 0.815120 0.977851 0.975553 0.990553
0.725237 0.529136 0.799371 0.989371 0.990617 0.923583 0.887038 0.732995 0.657267 0.889049 0.833693 0.000000 0.739975 0.558601 0.778029 0.671052 0.562764 0.486618 0.774022 0.540820 0.879992 0.991693 0.993204 0.977840 0.789660 0.715072 0.920842 0.887968 0.548231 0.521986 0.952951 0.822358 0.715731 0.587623 0.992619 0.970476 0.969338 0.975582 0.882392 0.982992 0.933115 0.912142 0.932975 0.760890 0.875921 0.772277 0.861692 0.760709 0.987944 0.998823 0.856503 0.909114 0.960429 0.950193 0.929076 0.901707 0.595062 0.463246 0.836867 0.836771 0.632671 0.522744 0.463680 0.368385 0.897183 0.951458 0.995075 0.842233 0.972706 0.625023 0.768385 0.675137 0.844719 0.832401 0.961733 0.901450 0.702354 0.760279 0.556311 0.727587 0.464750 0.596853 0.696641 0.730726 0.939117 0.943138 0.928961 0.945913 0.707534 0.992652 0.785620 0.669759 0.752433 0.637683 0.709155 0.854839 0.806983 0.793480 0.836395 0.869277 0.968212 0.979224 0.634273 0.894388 0.865364 0.947298 0.983625 0.948905 0.967956 0.736645 0.726367 0.859023 0.894549 0.709880 0.856801 0.911142
0.870253 0.803408 0.743037 0.835993 0.762247 0.950493 0.626278 0.689910 0.891476 0.954880 0.810576 0.739975 0.000000 0.588094 0.573000 0.649225 0.814244 0.789381 0.869102 0.725579 0.994490 0.960395 0.719613 0.885263 0.953724 0.982742 0.918530 0.998028 0.802132 0.792255 0.881874 0.838687 0.692595 0.778948 0.843716 0.972968 0.825414 0.924903 0.874712 0.964594 0.999649 0.974136 0.986256 0.923003 0.961949 0.907697 0.837849 0.806337 0.885819 0.860349 0.779743 0.749508 0.861624 0.840647 0.924398 0.967385 0.892487 0.777042 0.831404 0.823713 0.422416 0.706735 0.691106 0.753346 0.752454 0.859135 0.970250 0.847446 0.694907 0.998867 0.971453 0.952006 0.979816 0.927647 0.973770 0.852239 0.864836 0.894751 0.764824 0.785307 0.673108 0.712970 0.798148 0.786854 0.582918 0.799287 0.996829 0.829172 0.927903 0.908413 0.952833 0.954178 0.950397 0.986626 0.916978 0.927276 0.898684 0.927800 0.759906 0.814261 0.957528 0.810301 0.931606 0.923869 0.845640 0.865718 0.973362 0.849471 0.926355 0.915486 0.957887 0.840547 0.924055 0.969680 0.747633 0.931058
0.953926 0.749145 0.821879 0.952932 0.921102 0.928076 0.985237 0.786176 0.767756 0.977102 0.976671 0.558601 0.588094 0.000000 0.482904 0.436775 0.746911 0.654987 0.975696 0.769801 0.833059 0.969388 0.883232 0.912495 0.845105 0.707634 0.932502 0.983042 0.667141 0.545536 0.861201 0.714417 0.718936 0.739093 0.974902 0.922543 0.998495 0.921170 0.792833 0.971427 0.924759 0.996651 0.976980 0.808409 0.786119 0.702659 0.857795 0.713601 0.984812 0.874180 0.771182 0.768220 0.884945 0.800833 0.995712 0.906571 0.904661 0.749225 0.982442 0.967638 0.612572 0.621941 0.575193 0.534691 0.971122 0.943350 0.943119 0.946186 0.656507 0.820958 0.999352 0.817310 0.978467 0.973241 0.929424 0.873060 0.916680 0.922185 0.694787 0.721998 0.623711 0.694519 0.583671 0.756846 0.801328 0.820744 0.813525 0.818504 0.837880 0.877883 0.875993 0.756691 0.710021 0.751390 0.789874 0.933930 0.942409 0.983122 0.799725 0.926734 0.943305 0.968730 0.840987 0.961477 0.958519 0.999665 0.908951 0.801268 0.877352 0.827629 0.905306 0.753671 0.941799 0.838535 0.838955 0.954092
0.942702 0.878786 0.921588 0.899677 0.826946 0.898803 0.973264 0.992209 0.949245 0.990930 0.918975 0.778029 0.573000 0.482904 0.000000 0.522315 0.803585 0.746622 0.995764 0.979481 0.938544 0.983314 0.751139 0.870935 0.944828 0.850185 0.998436 0.879383 0.691610 0.629806 0.766130 0.592377 0.717030 0.885579 0.998529 0.895335 0.882067 0.863693 0.850807 0.999103 0.990132 0.958499 0.929516 0.852283 0.674457 0.679747 0.774404 0.692033 0.882834 0.735695 0.738060 0.763028 0.728723 0.640550 0.944691 0.992451 0.911508 0.865037 0.864240 0.824825 0.717993 0.866844 0.704959 0.742010 0.943050 0.953065 0.929168 0.975301 0.690912 0.927556 0.923181 0.890648 0.959629 0.949532 0.868582 0.826017 0.943187 0.920387 0.749872 0.765305 0.731705 0.728313 0.588870 0.713659 0.734991 0.735336 0.658865 0.677106 0.943079 0.899060 0.936557 0.910865 0.795138 0.929761 0.920294 0.981822 0.823457 0.949714 0.812071 0.923218 0.992024 0.917238 0.962758 0.989251 0.976914 0.962216 0.892361 0.787470 0.827012 0.971525 0.990283 0.705658 0.846060 0.886464 0.871063 0.889449
0.966185 0.738869 0.818602 0.972038 0.911003 0.751914 0.946271 0.884006 0.820296 0.958288 0.878354 0.671052 0.649225 0.436775 0.522315 0.000000 0.883244 0.759487 0.996133 0.880173 0.849392 0.956050 0.704200 0.703785 0.921138 0.876998 0.918379 0.915449 0.771195 0.690226 0.793810 0.699269 0.823044 0.814394 0.960922 0.915581 0.859689 0.844387 0.912300 0.941542 0.968611 0.910561 0.995377 0.913487 0.719821 0.672499 0.868170 0.673735 0.887231 0.829630 0.736846 0.815331 0.809782 0.751008 0.969679 0.971999 0.856791 0.776409 0.802959 0.859951 0.727059 0.715367 0.644928 0.612296 0.984902 0.946414 0.964775 0.922196 0.663938 0.829971 0.892170 0.743432 0.940586 0.894454 0.924535 0.941296 0.931314 0.923588 0.697902 0.781476 0.678520 0.683526 0.523331 0.708562 0.705697 0.696005 0.741593 0.691486 0.792718 0.896811 0.980962 0.887886 0.824101 0.887140 0.873692 0.963184 0.865177 0.903329 0.811939 0.936269 0.947810 0.953718 0.932115 0.901257 0.950556 0.933545 0.884063 0.894775 0.934433 0.867503 0.982256 0.749109 0.887869 0.815431 0.854044 0.992494
0.569922 0.586389 0.923156 0.893090 0.834412 0.908324 0.973079 0.984674 0.728934 0.875827 0.606673 0.562764 0.814244 0.746911 0.803585 0.883244 0.000000 0.377471 0.560946 0.575426 0.980341 0.893446 0.864524 0.919617 0.996980 0.917832 0.961875 0.927027 0.444256 0.421292 0.777485 0.759895 0.613257 0.619663 0.998724 0.982515 0.987028 0.975331 0.934418 0.983547 0.988257 0.798386 0.824555 0.613466 0.752771 0.695310 0.682687 0.698526 0.786515 0.852118 0.771479 0.920390 0.926388 0.919120 0.864225 0.923506 0.472678 0.542453 0.833154 0.969607 0.742971 0.870594 0.477230 0.560571 0.895440 0.893754 0.998108 0.952670 0.836610 0.575079 0.822566 0.821067 0.573029 0.582994 0.984985 0.901451 0.821899 0.853418 0.632246 0.549939 0.438896 0.516451 0.659594 0.645342 0.926521 0.859046 0.932044 0.863477 0.773542 0.974259 0.666473 0.657868 0.661652 0.746004 0.890886 0.900037 0.935411 0.912585 0.967249 0.972217 0.996096 0.991020 0.754646 0.736366 0.925453 0.836891 0.906149 0.771811 0.984883 0.760262 0.861121 0.906419 0.925751 0.808995 0.906210 0.976224
0.570230 0.544083 0.863441 0.909018 0.857177 0.907738 0.917280 0.944045 0.621381 0.915646 0.639056 0.486618 0.789381 0.654987 0.746622 0.759487 0.377471 0.000000 0.581615 0.518046 0.945060 0.988899 0.877504 0.932313 0.915665 0.845963 0.991969 0.947989 0.450383 0.389461 0.827174 0.746895 0.640638 0.565992 0.907176 0.992103 0.979099 0.982996 0.998304 0.931605 0.955195 0.899617 0.873433 0.628903 0.824335 0.745286 0.745661 0.739777 0.916691 0.937409 0.888901 0.874449 0.967518 0.995932 0.924993 0.898409 0.442616 0.502205 0.844738 0.978628 0.711254 0.767991 0.438647 0.475144 0.856184 0.936158 0.993696 0.923942 0.878989 0.489882 0.752288 0.758538 0.557592 0.607253 0.993672 0.887882 0.758151 0.848175 0.591374 0.527027 0.427694 0.484881 0.658876 0.655490 0.978986 0.864112 0.975488 0.917724 0.695640 0.980429 0.627998 0.550184 0.581959 0.645611 0.821045 0.909564 0.868972 0.848152 0.973732 0.970078 0.925268 0.879143 0.685299 0.821759 0.992912 0.893032 0.913682 0.795373 0.990454 0.695096 0.764031 0.877488 0.945174 0.798364 0.891339 0.982539
0.463685 0.594874 0.735559 0.780946 0.954278 0.970500 0.754326 0.896689 0.848613 0.956434 0.659766 0.774022 0.869102 0.975696 0.995764 0.996133 0.560946 0.581615 0.000000 0.550396 0.793310 0.867491 0.961053 0.939500 0.710208 0.731231 0.957890 0.970340 0.688965 0.751401 0.732516 0.866415 0.601627 0.566310 0.839428 0.946577 0.787063 0.899658 0.869958 0.905498 0.977792 0.777871 0.663527 0.606756 0.925022 0.841576 0.591225 0.732113 0.914470 0.884516 0.889338 0.913360 0.902775 0.866032 0.840450 0.998108 0.499780 0.624308 0.676818 0.885383 0.771116 0.945635 0.669941 0.840292 0.822093 0.844343 0.644955 0.687521 0.725469 0.661833 0.711418 0.755704 0.673360 0.623054 0.992149 0.939740 0.702421 0.777058 0.788193 0.681665 0.596460 0.597405 0.881770 0.722833 0.822720 0.765951 0.691248 0.991862 0.943246 0.767238 0.878752 0.906360 0.924001 0.973307 0.955908 0.803016 0.849206 0.812868 0.951293 0.827647 0.772606 0.975672 0.804298 0.688171 0.833433 0.918982 0.883633 0.956288 0.790242 0.899440 0.784409 0.936823 0.963698 0.919654 0.889946 0.809354
0.596904 0.623473 0.875186 0.833436 0.963423 0.856444 0.863628 0.768718 0.754278 0.928764 0.654436 0.540820 0.725579 0.769801 0.979481 0.880173 0.575426 0.518046 0.550396 0.000000 0.900228 0.988628 0.977633 0.938461 0.940084 0.906346 0.980848 0.808949 0.669086 0.647402 0.932341 0.861739 0.634982 0.560475 0.942422 0.997664 0.942785 0.993981 0.986365 0.929802 0.973017 0.898891 0.850115 0.709358 0.872153 0.964420 0.838364 0.825106 0.822237 0.956631 0.982531 0.854451 0.743062 0.710629 0.961758 0.863342 0.593414 0.523532 0.673283 0.698428 0.652431 0.709247 0.594318 0.606368 0.996397 0.854682 0.816107 0.748442 0.817431 0.627624 0.760634 0.775743 0.701055 0.761488 0.945690 0.924561 0.702550 0.725892 0.686957 0.596995 0.508393 0.565880 0.884010 0.802064 0.895331 0.940768 0.765956 0.910672 0.786027 0.823290 0.744354 0.676615 0.805181 0.718667 0.869652 0.801308 0.821876 0.879593 0.951541 0.930753 0.834190 0.909002 0.700179 0.829807 0.709687 0.889208 0.909349 0.923799 0.903473 0.714424 0.634425 0.974577 0.889046 0.818356 0.801086 0.857182
0.818914 0.975828 0.740958 0.733330 0.861766 0.900256 0.812289 0.957803 0.948793 0.833944 0.758229 0.879992 0.994490 0.833059 0.938544 0.849392 0.980341 0.945060 0.793310 0.900228 0.000000 0.910582 0.926704 0.867663 0.788085 0.664356 0.985086 0.888708 0.971760 0.941608 0.879864 0.958648 0.839980 0.874846 0.805362 0.911674 0.831427 0.952824 0.764773 0.915022 0.986495 0.890254 0.951024 0.944668 0.841039 0.804538 0.873438 0.951509 0.819199 0.843531 0.851807 0.833681 0.738012 0.801015 0.968824 0.825564 0.946090 0.942827 0.902371 0.994605 0.947254 0.825172 0.945264 0.829197 0.804985 0.786771 0.747574 0.743617 0.874381 0.971910 0.951463 0.957931 0.836679 0.860998 0.993691 0.901182 0.899763 0.908083 0.999738 0.812469 0.998893 0.964947 0.889550 0.948754 0.876348 0.769167 0.809143 0.921837 0.963639 0.993943 0.851665 0.926789 0.979704 0.956536 0.923627 0.921522 0.972310 0.957701 0.904250 0.998954 0.888510 0.863629 0.855299 0.944374 0.885343 0.937464 0.915239 0.972515 0.935732 0.994512 0.982348 0.881785 0.940929 0.929276 0.933991 0.949030
0.865844 0.924024 0.845810 0.918674 0.760053 0.977282 0.925231 0.992375 0.933187 0.959434 0.968361 0.991693 0.960395 0.969388 0.983314 0.956050 0.893446 0.988899 0.867491 0.988628 0.910582 0.000000 0.990785 0.985403 0.893454 0.916029 0.933487 0.863397 0.814838 0.936069 0.898155 0.909917 0.843400 0.908891 0.840579 0.785971 0.889183 0.842150 0.950087 0.966433 0.964702 0.874575 0.757205 0.878833 0.939581 0.889657 0.756202 0.908865 0.881459 0.862182 0.878619 0.919637 0.893929 0.989166 0.944272 0.854217 0.978378 0.981528 0.899369 0.949640 0.993018 0.917743 0.929096 0.988061 0.904799 0.985565 0.879300 0.873310 0.905268 0.980707 0.869964 0.978832 0.946085 0.885644 0.958299 0.903188 0.988605 0.993275 0.939505 0.911906 0.927442 0.895777 0.887283 0.914866 0.993590 0.953669 0.786538 0.948905 0.959890 0.987925 0.997003 0.970791 0.879149 0.867163 0.956825 0.849996 0.863335 0.950261 0.883659 0.982537 0.925297 0.852264 0.941002 0.675205 0.942133 0.902110 0.971364 0.978989 0.978145 0.805397 0.949990 0.935978 0.973213 0.921452 0.891558 0.931660
0.888679 0.975599 0.769831 0.668613 0.860885 0.783551 0.759200 0.709633 0.792368 0.870882 0.933023 0.993204 0.719613 0.883232 0.751139 0.704200 0.864524 0.877504 0.961053 0.977633 0.926704 0.990785 0.000000 0.484907 0.808648 0.820330 0.886521 0.877548 0.916707 0.913769 0.721900 0.768293 0.802942 0.829746 0.829487 0.927495 0.582599 0.747992 0.966359 0.994310 0.932081 0.946777 0.884007 0.974750 0.791349 0.797139 0.763408 0.751342 0.924236 0.754717 0.723721 0.686217 0.832414 0.858689 0.941543 0.751394 0.988028 0.997896 0.950908 0.996179 0.777406 0.820816 0.889958 0.921803 0.667815 0.707888 0.754194 0.665481 0.727982 0.930085 0.978850 0.754562 0.776289 0.795072 0.949448 0.994432 0.927108 0.816382 0.937103 0.959921 0.831744 0.830988 0.771936 0.822144 0.499917 0.593760 0.965154 0.742210 0.984133 0.710089 0.780714 0.843972 0.766030 0.876709 0.982457 0.811807 0.930229 0.904613 0.655021 0.724173 0.618692 0.906314 0.894638 0.934025 0.618261 0.725136 0.907706 0.895051 0.898460 0.969936 0.953949 0.827441 0.928001 0.831262 0.814563 0.921767
0.958655 0.915772 0.819252 0.625419 0.945810 0.853955 0.879477 0.827740 0.959343 0.884856 0.866449 0.977840 0.885263 0.912495 0.870935 0.703785 0.919617 0.932313 0.939500 0.938461 0.867663 0.985403 0.484907 0.000000 0.727963 0.758183 0.763111 0.946598 0.868536 0.896800 0.773936 0.753562 0.866884 0.835783 0.937257 0.885616 0.657634 0.726041 0.870010 0.949271 0.946326 0.892686 0.855541 0.906397 0.937575 0.860742 0.724354 0.749523 0.992429 0.875366 0.832785 0.884762 0.964240 0.950886 0.833383 0.812140 0.937725 0.974321 0.940938 0.949616 0.945653 0.906163 0.944238 0.980754 0.669550 0.631360 0.708242 0.620083 0.877026 0.961666 0.894775 0.705034 0.794300 0.853807 0.963669 0.820799 0.931373 0.875869 0.862732 0.847928 0.811878 0.765974 0.770660 0.820758 0.531571 0.500600 0.937811 0.690118 0.958038 0.765102 0.876398 0.883733 0.841747 0.854430 0.895419 0.879534 0.904684 0.851388 0.881606 0.920667 0.651121 0.966544 0.937541 0.961443 0.722607 0.723429 0.981622 0.923015 0.882500 0.917996 0.996967 0.951284 0.907653 0.847823 0.860378 0.752699
0.694514 0.844307 0.519253 0.658212 0.989459 0.982427 0.628726 0.993117 0.867803 0.884029 0.989399 0.789660 0.953724 0.845105 0.944828 0.921138 0.996980 0.915665 0.710208 0.940084 0.788085 0.893454 0.808648 0.727963 0.000000 0.537832 0.854702 0.975176 0.834207 0.817318 0.698790 0.915948 0.828527 0.796492 0.699253 0.914077 0.752397 0.803832 0.736970 0.817489 0.925395 0.982803 0.513573 0.661610 0.952197 0.862230 0.608081 0.653798 0.928402 0.824293 0.944498 0.975416 0.942616 0.868186 0.874562 0.710678 0.837165 0.957561 0.728391 0.888659 0.937509 0.869796 0.828619 0.693773 0.510605 0.679634 0.549007 0.667958 0.837751 0.956810 0.872057 0.898802 0.909092 0.897440 0.923227 0.983242 0.895669 0.912139 0.989481 0.943956 0.943380 0.797713 0.996523 0.861603 0.613116 0.663263 0.815793 0.994890 0.829731 0.777522 0.926751 0.843281 0.817512 0.728900 0.880826 0.776297 0.996465 0.958844 0.948138 0.987756 0.759515 0.983986 0.950632 0.843120 0.854600 0.890158 0.967836 0.972089 0.867865 0.932429 0.994637 0.929349 0.932219 0.981517 0.930974 0.723361
0.799801 0.968329 0.603750 0.649286 0.921348 0.875425 0.653974 0.967392 0.813470 0.807425 0.914855 0.715072 0.982742 0.707634 0.850185 0.876998 0.917832 0.845963 0.731231 0.906346 0.664356 0.916029 0.820330 0.758183 0.537832 0.000000 0.862653 0.833820 0.792114 0.728697 0.750647 0.956389 0.846230 0.893674 0.869317 0.895996 0.724539 0.897331 0.680529 0.888795 0.880853 0.878597 0.754615 0.867117 0.968395 0.998864 0.738939 0.877656 0.897310 0.990055 0.961598 0.963562 0.986269 0.947512 0.835492 0.782975 0.914480 0.905953 0.926492 0.914176 0.971122 0.755738 0.821593 0.635995 0.587710 0.756777 0.584538 0.712326 0.926039 0.857276 0.785372 0.890658 0.998705 0.939768 0.844005 0.995611 0.979196 0.907339 0.818076 0.935380 0.904124 0.963533 0.942717 0.992171 0.710210 0.650560 0.724864 0.999363 0.897613 0.858778 0.850490 0.688194 0.757455 0.693685 0.815265 0.955879 0.937572 0.954239 0.960555 0.895455 0.818878 0.964929 0.749572 0.972578 0.909438 0.898690 0.885694 0.981210 0.855132 0.932222 0.887750 0.886247 0.993228 0.923525 0.905581 0.821682
0.879627 0.975376 0.967182 0.980941 0.890685 0.879390 0.996203 0.880089 0.971750 0.829198 0.943980 0.920842 0.918530 0.932502 0.998436 0.918379 0.961875 0.991969 0.957890 0.980848 0.985086 0.933487 0.886521 0.763111 0.854702 0.862653 0.000000 0.997123 0.858609 0.967965 0.995036 0.882437 0.923842 0.966971 0.906222 0.880469 0.914239 0.865273 0.793055 0.958200 0.922946 0.961663 0.997936 0.973487 0.942047 0.954382 0.979717 0.953814 0.945115 0.921393 0.987645 0.867315 0.963954 0.980005 0.927252 0.973991 0.963047 0.965430 0.883844 0.874195 0.908129 0.927975 0.960257 0.912622 0.936288 0.926734 0.993552 0.986164 0.909035 0.968212 0.953677 0.953576 0.951943 0.972074 0.994425 0.884340 0.936048 0.979798 0.984086 0.864094 0.965705 0.852607 0.890332 0.887128 0.817253 0.738743 0.959661 0.807844 0.835021 0.998509 0.956613 0.916669 0.980800 0.865746 0.905896 0.837234 0.949374 0.805026 0.998628 0.998856 0.830631 0.848643 0.966664 0.962893 0.957374 0.890022 0.961556 0.928818 0.894042 0.988012 0.917194 0.998311 0.981181 0.978699 0.853354 0.800042
0.973165 0.971281 0.983833 0.953046 0.880471 0.877391 0.986424 0.979284 0.927769 0.962540 0.877075 0.887968 0.998028 0.983042 0.879383 0.915449 0.927027 0.947989 0.970340 0.808949 0.888708 0.863397 0.877548 0.946598 0.975176 0.833820 0.997123 0.000000 0.990736 0.958124 0.930326 0.949482 0.955601 0.948385 0.879941 0.986198 0.959914 0.939442 0.977533 0.858758 0.917201 0.944468 0.943822 0.959735 0.835468 0.900138 0.858924 0.953269 0.848416 0.858284 0.882089 0.809462 0.853593 0.843361 0.900030 0.871324 0.932677 0.962746 0.833944 0.848690 0.946942 0.929579 0.957011 0.934337 0.860205 0.954407 0.855712 0.959803 0.841477 0.923572 0.953556 0.990947 0.952941 0.943168 0.936862 0.992950 0.984405 0.927567 0.872076 0.922201 0.903686 0.924750 0.846066 0.948013 0.882204 0.770303 0.957250 0.945290 0.836246 0.929427 0.855664 0.871302 0.902917 0.919064 0.968100 0.980999 0.942573 0.868013 0.847847 0.986627 0.836192 0.896823 0.867685 0.993387 0.962974 0.997547 0.973615 0.933504 0.977883 0.948818 0.885807 0.995918 0.987711 0.873874 0.989654 0.852348
0.738808 0.673894 0.816589 0.763557 0.966769 0.951704 0.883673 0.987891 0.774924 0.695706 0.695892 0.548231 0.802132 0.667141 0.691610 0.771195 0.444256 0.450383 0.688965 0.669086 0.971760 0.814838 0.916707 0.868536 0.834207 0.792114 0.858609 0.990736 0.000000 0.367533 0.726354 0.728852 0.621615 0.649699 0.936542 0.840488 0.966454 0.955425 0.734889 0.978750 0.936604 0.862741 0.890243 0.675838 0.673472 0.615082 0.762185 0.776017 0.727520 0.814903 0.691842 0.954392 0.794260 0.740775 0.938724 0.857143 0.620919 0.655297 0.950702 0.892185 0.749520 0.841444 0.463669 0.507693 0.776106 0.756350 0.941745 0.986849 0.988409 0.595441 0.954035 0.924260 0.616017 0.652002 0.982132 0.877220 0.844255 0.901487 0.708376 0.704421 0.519766 0.695658 0.685801 0.733010 0.924419 0.984583 0.984415 0.835169 0.750301 0.901463 0.661879 0.635269 0.647690 0.667001 0.858749 0.943430 0.985533 0.856746 0.981820 0.971758 0.987699 0.967700 0.684186 0.780142 0.897486 0.818693 0.812853 0.782682 0.912005 0.720576 0.848607 0.789529 0.919007 0.755895 0.868752 0.888777
0.783168 0.710811 0.713940 0.713172 0.819495 0.979888 0.816028 0.964104 0.676309 0.794677 0.718406 0.521986 0.792255 0.545536 0.629806 0.690226 0.421292 0.389461 0.751401 0.647402 0.941608 0.936069 0.913769 0.896800 0.817318 0.728697 0.967965 0.958124 0.367533 0.000000 0.752535 0.683054 0.660683 0.701092 0.924816 0.945252 0.975514 0.951504 0.836910 0.950401 0.961877 0.900696 0.932274 0.698488 0.675404 0.627526 0.820376 0.763752 0.739646 0.821796 0.758631 0.958499 0.844752 0.755213 0.935297 0.868581 0.631412 0.658044 0.944181 0.834256 0.768422 0.812900 0.441755 0.484299 0.711026 0.746659 0.837887 0.904022 0.963460 0.606565 0.932333 0.827695 0.642232 0.679563 0.966686 0.830070 0.939563 0.899310 0.628858 0.576611 0.479573 0.578667 0.572663 0.642957 0.967885 0.923715 0.906953 0.764963 0.707607 0.862157 0.639111 0.574303 0.550179 0.613013 0.799388 0.969643 0.982931 0.891866 0.994062 0.953698 0.939592 0.933938 0.698375 0.830750 0.873174 0.800915 0.794742 0.714966 0.896879 0.788468 0.858177 0.870702 0.938078 0.745568 0.951854 0.885244
0.859451 0.800781 0.889182 0.926663 0.880841 0.874634 0.935384 0.983799 0.985568 0.823781 0.840500 0.952951 0.881874 0.861201 0.766130 0.793810 0.777485 0.827174 0.732516 0.932341 0.879864 0.898155 0.721900 0.773936 0.698790 0.750647 0.995036 0.930326 0.726354 0.752535 0.000000 0.613631 0.615751 0.712763 0.821455 0.934711 0.700743 0.802646 0.967993 0.902077 0.952561 0.972103 0.671026 0.657058 0.580028 0.611510 0.575610 0.597144 0.665233 0.769051 0.703999 0.954107 0.828918 0.775734 0.788773 0.829198 0.762380 0.851583 0.901862 0.829691 0.894404 0.969921 0.784233 0.920034 0.941327 0.988156 0.792162 0.836305 0.913191 0.799570 0.800967 0.798103 0.816208 0.798861 0.898224 0.868488 0.939707 0.872842 0.900077 0.763935 0.713200 0.696999 0.663606 0.678115 0.767713 0.685350 0.922158 0.666477 0.883660 0.955466 0.881253 0.907705 0.928211 0.943564 0.944087 0.833774 0.965703 0.889201 0.868484 0.999752 0.895368 0.928980 0.940831 0.990340 0.985413 0.904694 0.819062 0.914349 0.999990 0.847608 0.990652 0.790850 0.955809 0.891539 0.944083 0.960608
0.955256 0.890496 0.989259 0.971048 0.975704 0.991231 0.912435 0.949665 0.796064 0.974547 0.992008 0.822358 0.838687 0.714417 0.592377 0.699269 0.759895 0.746895 0.866415 0.861739 0.958648 0.909917 0.768293 0.753562 0.915948 0.956389 0.882437 0.949482 0.728852 0.683054 0.613631 0.000000 0.651505 0.787114 0.980163 0.958847 0.919315 0.765816 0.917601 0.812769 0.962169 0.804476 0.801636 0.741534 0.685959 0.714276 0.687718 0.705812 0.865921 0.872782 0.856716 0.954846 0.935979 0.906199 0.866740 0.931804 0.795060 0.812459 0.860363 0.884515 0.932367 0.988754 0.743962 0.781048 0.985169 0.995927 0.918691 0.861615 0.968123 0.824186 0.996897 0.724935 0.903633 0.830516 0.849897 0.918308 0.978246 0.940633 0.750222 0.640073 0.682319 0.658294 0.587381 0.633696 0.815448 0.719106 0.832744 0.629632 0.811268 0.974436 0.807061 0.811774 0.755385 0.909535 0.987697 0.892301 0.984289 0.759035 0.910606 0.989387 0.843688 0.881229 0.852069 0.903626 0.921570 0.974261 0.895976 0.925207 0.896286 0.870863 0.899967 0.722953 0.969238 0.809595 0.956193 0.904717
0.724969 0.612034 0.739104 0.739278 0.926180 0.928733 0.712573 0.742021 0.990028 0.788503 0.763579 0.715731 0.692595 0.718936 0.717030 0.823044 0.613257 0.640638 0.601627 0.634982 0.839980 0.843400 0.802942 0.866884 0.828527 0.846230 0.923842 0.955601 0.621615 0.660683 0.615751 0.651505 0.000000 0.519338 0.810150 0.995925 0.844231 0.937139 0.999525 0.892940 0.994993 0.782647 0.697522 0.575301 0.733943 0.708638 0.576809 0.578143 0.866346 0.840881 0.706866 0.818272 0.869499 0.923143 0.881615 0.981557 0.624252 0.622935 0.730636 0.891831 0.579740 0.790431 0.559313 0.673243 0.798992 0.845355 0.664336 0.646561 0.959409 0.843427 0.871951 0.783693 0.896190 0.889385 0.861614 0.939154 0.732801 0.801664 0.804360 0.656745 0.527500 0.613860 0.717148 0.683081 0.719900 0.720882 0.858323 0.856548 0.941305 0.771713 0.912783 0.893247 0.931104 0.973105 0.860984 0.809631 0.978874 0.929879 0.762776 0.784804 0.797338 0.918322 0.821312 0.807533 0.760523 0.970325 0.786167 0.917782 0.985011 0.808900 0.888458 0.877214 0.981492 0.908085 0.719509 0.995942
0.541638 0.511604 0.769085 0.673064 0.994273 0.883095 0.752302 0.608949 0.836776 0.824831 0.691223 0.587623 0.778948 0.739093 0.885579 0.814394 0.619663 0.565992 0.566310 0.560475 0.874846 0.908891 0.829746 0.835783 0.796492 0.893674 0.966971 0.948385 0.649699 0.701092 0.712763 0.787114 0.519338 0.000000 0.829197 0.984638 0.812203 0.847786 0.935071 0.859573 0.969928 0.860379 0.648895 0.532446 0.851482 0.739571 0.583986 0.556532 0.959079 0.911021 0.773701 0.893813 0.957452 0.872969 0.920277 0.979720 0.552100 0.539136 0.632754 0.727196 0.618222 0.638772 0.600136 0.608628 0.780783 0.718310 0.611925 0.558383 0.947558 0.686375 0.749574 0.722717 0.766365 0.746359 0.919697 0.946515 0.680625 0.702421 0.731280 0.695924 0.507349 0.583356 0.809403 0.715202 0.746405 0.745268 0.827004 0.985767 0.902303 0.770556 0.848101 0.794980 0.896749 0.898920 0.842354 0.667241 0.767867 0.863557 0.758263 0.763998 0.712403 0.893376 0.662114 0.749086 0.701686 0.903782 0.997877 0.922734 0.801173 0.694791 0.765426 0.808206 0.902904 0.825406 0.717371 0.866688
0.864411 0.908416 0.703673 0.682158 0.969148 0.891410 0.723010 0.795334 0.854261 0.914055 0.999750 0.992619 0.843716 0.974902 0.998529 0.960922 0.998724 0.907176 0.839428 0.942422 0.805362 0.840579 0.829487 0.937257 0.699253 0.869317 0.906222 0.879941 0.936542 0.924816 0.821455 0.980163 0.810150 0.829197 0.000000 0.910845 0.669211 0.931481 0.872583 0.978818 0.948231 0.931846 0.683040 0.759378 0.902068 0.856073 0.778784 0.762731 0.911198 0.721435 0.793936 0.716531 0.895159 0.982125 0.828724 0.739603 0.959804 0.891129 0.779432 0.835848 0.806405 0.826772 0.985552 0.953321 0.692659 0.757712 0.712319 0.714116 0.952313 0.926468 0.866690 0.928028 0.865447 0.944528 0.998165 0.970378 0.797677 0.745367 0.946795 0.986619 0.940428 0.957705 0.987299 0.879977 0.772289 0.868733 0.853955 0.952688 0.860639 0.832296 0.834965 0.881688 0.767356 0.841135 0.891117 0.750819 0.916195 0.910747 0.785901 0.978218 0.944769 0.810756 0.938216 0.908097 0.823625 0.937388 0.905406 0.975299 0.830284 0.962901 0.989526 0.969909 0.880448 0.948377 0.889803 0.992841
0.949344 0.990811 0.939308 0.899261 0.846925 0.917800 0.975375 0.997947 0.946557 0.973582 0.926649 0.970476 0.972968 0.922543 0.895335 0.915581 0.982515 0.992103 0.946577 0.997664 0.911674 0.785971 0.927495 0.885616 0.914077 0.895996 0.880469 0.986198 0.840488 0.945252 0.934711 0.958847 0.995925 0.984638 0.910845 0.000000 0.840439 0.970796 0.885714 0.921687 0.902028 0.989690 0.985400 0.898780 0.913247 0.884412 0.985029 0.961500 0.875191 0.873210 0.985028 0.999315 0.999857 0.995761 0.835801 0.918605 0.878015 0.981292 0.991886 0.998156 0.995080 0.967986 0.959454 0.923691 0.929086 0.986267 0.952685 0.978661 0.955866 0.978133 0.829972 0.987671 0.995645 0.973674 0.938603 0.963863 0.914879 0.841373 0.916224 0.948192 0.982708 0.917086 0.932396 0.862017 0.877749 0.914423 0.951641 0.836920 0.889059 0.804636 0.966478 0.995057 0.941812 0.991884 0.895179 0.940321 0.858511 0.902789 0.950957 0.997914 0.924894 0.891573 0.881187 0.976396 0.959634 0.895813 0.893967 0.944016 0.936300 0.962940 0.956333 0.978149 0.985851 0.906198 0.896265 0.881232
0.914187 0.856379 0.832734 0.781059 0.892441 0.775887 0.860133 0.930944 0.854217 0.917398 0.987408 0.969338 0.825414 0.998495 0.882067 0.859689 0.987028 0.979099 0.787063 0.942785 0.831427 0.889183 0.582599 0.657634 0.752397 0.724539 0.914239 0.959914 0.966454 0.975514 0.700743 0.919315 0.844231 0.812203 0.669211 0.840439 0.000000 0.648115 0.899825 0.969186 0.966714 0.918844 0.748109 0.819720 0.738060 0.694721 0.708238 0.712789 0.743752 0.636311 0.727398 0.791329 0.840708 0.818069 0.749779 0.668494 0.884275 0.884093 0.966408 0.899582 0.893149 0.957626 0.939125 0.986977 0.766202 0.909383 0.801254 0.735592 0.948466 0.983140 0.727345 0.782816 0.943449 0.918897 0.881867 0.933556 0.969503 0.728084 0.905233 0.934615 0.898074 0.850442 0.879112 0.788802 0.749256 0.756352 0.911377 0.793429 0.922268 0.887061 0.877711 0.887024 0.777162 0.944680 0.997607 0.907027 0.891935 0.841938 0.752516 0.839963 0.818311 0.929564 0.876907 0.985347 0.863160 0.861480 0.815221 0.930626 0.916891 0.973293 0.958549 0.849773 0.962059 0.826190 0.797222 0.913204
0.964384 0.877163 0.997139 0.913687 0.924723 0.976360 0.890995 0.961718 0.948011 0.963896 0.838010 0.975582 0.924903 0.921170 0.863693 0.844387 0.975331 0.982996 0.899658 0.993981 0.952824 0.842150 0.747992 0.726041 0.803832 0.897331 0.865273 0.939442 0.955425 0.951504 0.802646 0.765816 0.937139 0.847786 0.931481 0.970796 0.648115 0.000000 0.929271 0.955890 0.898441 0.839641 0.639754 0.703733 0.659747 0.629479 0.665736 0.655363 0.737387 0.704375 0.800359 0.889741 0.856014 0.876058 0.906120 0.835002 0.935590 0.976811 0.898056 0.822537 0.904401 0.978029 0.992002 0.987917 0.853728 0.936536 0.830387 0.817799 0.973481 0.845875 0.816516 0.695519 0.982389 0.861696 0.942718 0.953848 0.928627 0.992360 0.754581 0.960074 0.935970 0.877095 0.807392 0.794857 0.929910 0.790694 0.940875 0.846503 0.814539 0.957809 0.933554 0.983185 0.961182 0.956056 0.901378 0.829148 0.835921 0.780454 0.884757 0.957182 0.826873 0.992884 0.867979 0.848957 0.913582 0.831198 0.856743 0.931070 0.896372 0.887361 0.887236 0.767249 0.939316 0.845617 0.806097 0.856354
