0.000000 0.426104 0.835665 0.722090 0.856041 0.778390 0.700838 0.779317 0.887422 0.971993 0.716628 0.707984 0.604339 0.589876 0.693550 0.733093 0.530401 0.524457 0.506524 0.547735 0.836275 0.975687 0.722129 0.664516 0.819557 0.930862 0.932972 0.985624 0.721375 0.670460 0.782360 0.680481 0.552689 0.658371 0.993436 0.906484 0.904509 0.886436 0.868029 0.935351 0.789148 0.929890 0.749047 0.706077 0.804969 0.772730 0.564047 0.564450 0.830888 0.638675 0.750916 0.693785 0.961834 0.954574 0.696341 0.632972 0.401476 0.415393 0.462043 0.414853 0.573321 0.795187 0.647976 0.663034 0.887825 0.759344 0.832999 0.895226 0.703188 0.691411 0.909024 0.874291 0.738101 0.773710 0.899066 0.940732 0.755807 0.811554 0.654582 0.615196 0.517469 0.540491 0.683345 0.637634 0.685493 0.644835 0.992888 0.867882 0.737373 0.580155 0.964829 0.908934 0.939913 0.920138 0.982848 0.761047 0.736626 0.944747 0.675211 0.692437 0.924841 0.760717 0.851687 0.778490 0.738158 0.735783 0.886499 0.820276 0.933683 0.837496 0.898047 0.750202 0.803676 0.879804 0.698926 0.912918
0.426104 0.000000 0.696604 0.535104 0.900294 0.717894 0.546349 0.604409 0.983820 0.944449 0.707529 0.641748 0.784215 0.552041 0.863341 0.712263 0.590450 0.532035 0.534698 0.434675 0.659604 0.805656 0.679807 0.521281 0.699853 0.759622 0.947933 0.982984 0.745648 0.611986 0.555540 0.440584 0.458945 0.494367 0.856843 0.987906 0.845415 0.777372 0.863106 0.757940 0.827535 0.864237 0.495198 0.479958 0.682968 0.665303 0.526835 0.485239 0.825866 0.575723 0.557750 0.523451 0.764846 0.902902 0.724721 0.559488 0.425221 0.421511 0.518767 0.427798 0.523532 0.600648 0.752962 0.659151 0.811718 0.576704 0.666854 0.630596 0.803349 0.707209 0.684057 0.690230 0.603531 0.605815 0.797306 0.907053 0.685049 0.675929 0.685747 0.594809 0.545040 0.593031 0.658620 0.709947 0.720144 0.505548 0.995137 0.898594 0.765879 0.504479 0.853101 0.933131 0.833284 0.902408 0.944583 0.842285 0.739651 0.960524 0.640726 0.675049 0.853064 0.801820 0.784261 0.829571 0.645684 0.644446 0.875421 0.858308 0.855735 0.819089 0.759342 0.788440 0.746280 0.762049 0.631354 0.985577
0.835665 0.696604 0.000000 0.294098 0.903681 0.754308 0.555517 0.663660 0.824802 0.914605 0.694491 0.914267 0.992474 0.957496 0.974594 0.947391 0.804355 0.870975 0.773626 0.659192 0.472521 0.808307 0.497961 0.486761 0.321605 0.296826 0.968804 0.862070 0.742067 0.827686 0.460133 0.608050 0.625849 0.641384 0.603040 0.796861 0.490479 0.724237 0.628105 0.645195 0.808661 0.980416 0.606462 0.739782 0.997562 0.926661 0.594255 0.673133 0.653570 0.951869 0.954678 0.993050 0.966977 0.959566 0.875821 0.979287 0.939626 0.945657 0.822796 0.668231 0.691238 0.733041 0.620047 0.696298 0.301703 0.322259 0.421892 0.443923 0.771554 0.745221 0.454334 0.582148 0.651502 0.719722 0.873812 0.867510 0.756485 0.647634 0.792964 0.729473 0.914623 0.915435 0.966059 0.860769 0.664234 0.581803 0.971186 0.704990 0.780237 0.848597 0.643502 0.693678 0.606423 0.603787 0.847034 0.713183 0.794528 0.843967 0.816940 0.702497 0.782513 0.830265 0.982248 0.949539 0.678408 0.551471 0.744659 0.803948 0.881402 0.860361 0.608046 0.792804 0.802629 0.834830 0.792199 0.864593
0.722090 0.535104 0.294098 0.000000 0.975040 0.622316 0.435156 0.466408 0.819174 0.937276 0.860972 0.776599 0.961825 0.775142 0.978342 0.796900 0.975038 0.955611 0.631311 0.473468 0.461361 0.833222 0.463504 0.362377 0.401205 0.348635 0.996248 0.884618 0.869422 0.977648 0.350671 0.478063 0.528139 0.491163 0.644797 0.794161 0.601320 0.630709 0.681472 0.711974 0.822704 0.932970 0.523415 0.654966 0.873092 0.970983 0.459627 0.561213 0.730383 0.943755 0.797479 0.832942 0.923317 0.884324 0.824439 0.856622 0.850068 0.863481 0.776169 0.620332 0.592328 0.496015 0.798585 0.911030 0.452788 0.226933 0.380910 0.397208 0.809760 0.720637 0.410531 0.506795 0.545657 0.634778 0.769245 0.728516 0.670466 0.555621 0.880157 0.660792 0.975358 0.778571 0.943999 0.912090 0.710097 0.521620 0.996570 0.844202 0.753287 0.784924 0.564045 0.754489 0.547806 0.690443 0.768832 0.620623 0.674615 0.811005 0.668255 0.626253 0.638338 0.751688 0.867443 0.953998 0.572929 0.574332 0.758641 0.839624 0.778181 0.797746 0.598113 0.739642 0.771997 0.796908 0.675518 0.892275
0.856041 0.900294 0.903681 0.975040 0.000000 0.970188 0.941504 0.977701 0.803027 0.812970 0.932628 0.867065 0.503264 0.771318 0.530787 0.527195 0.806743 0.716349 0.730231 0.915902 0.898628 0.934297 0.600142 0.761239 0.896896 0.965322 0.675303 0.948239 0.691974 0.706360 0.950946 0.960873 0.793049 0.959661 0.978604 0.851757 0.883840 0.932448 0.997752 0.739287 0.969029 0.970017 0.931516 0.984401 0.848866 0.875103 0.888309 0.916386 0.613856 0.887815 0.988927 0.986853 0.954564 0.818656 0.734504 0.926505 0.885167 0.770801 0.953858 0.965564 0.716453 0.981767 0.686864 0.701546 0.754354 0.976276 0.888010 0.850046 0.916828 0.764385 0.939599 0.795601 0.856016 0.992856 0.989878 0.987159 0.825940 0.896385 0.858385 0.723406 0.792538 0.758720 0.755328 0.722117 0.611656 0.807481 0.779967 0.921519 0.717530 0.713888 0.857460 0.932965 0.829356 0.950257 0.936256 0.974476 0.868034 0.924097 0.987211 0.847891 0.804496 0.941903 0.982080 0.973660 0.893047 0.989896 0.939253 0.820727 0.965030 0.836054 0.961326 0.933522 0.818946 0.998429 0.786034 0.988835
0.778390 0.717894 0.754308 0.622316 0.970188 0.000000 0.558935 0.520215 0.715655 0.687827 0.813492 0.682562 0.985457 0.776548 0.944407 0.827365 0.914068 0.886431 0.797657 0.635977 0.868044 0.794382 0.848208 0.812868 0.907431 0.797689 0.698066 0.847385 0.873579 0.866320 0.589169 0.713347 0.557164 0.631082 0.735967 0.999900 0.975753 0.966887 0.990676 0.985537 0.701410 0.956106 0.656492 0.670392 0.796048 0.849102 0.774844 0.735465 0.942899 0.838160 0.695156 0.730674 0.741743 0.732649 0.821106 0.794719 0.927614 0.986988 0.902775 0.597724 0.665488 0.558923 0.995996 0.860661 0.983240 0.625581 0.659962 0.606882 0.965820 0.769443 0.672259 0.660283 0.618770 0.734636 0.907563 0.693076 0.682833 0.715148 0.992130 0.804142 0.986608 0.919384 0.954940 0.908102 0.942254 0.938823 0.992103 0.983409 0.963241 0.958431 0.595687 0.769706 0.589659 0.672675 0.909829 0.798298 0.833297 0.666265 0.603193 0.747932 0.575444 0.696853 0.885644 0.759612 0.770935 0.856741 0.828148 0.878604 0.880223 0.903670 0.765010 0.768349 0.807061 0.838236 0.678308 0.993897
0.700838 0.546349 0.555517 0.435156 0.941504 0.558935 0.000000 0.246122 0.538632 0.517624 0.790145 0.577932 0.981780 0.721448 0.939421 0.815945 0.835617 0.740328 0.605841 0.507522 0.689307 0.860902 0.667070 0.676767 0.809835 0.697135 0.650563 0.941150 0.761306 0.643602 0.330043 0.462266 0.390898 0.309215 0.547556 0.831305 0.902806 0.810940 0.846473 0.986145 0.774632 0.982793 0.319241 0.393857 0.428080 0.523089 0.622835 0.510779 0.922026 0.627147 0.475949 0.490426 0.504170 0.495003 0.760918 0.805079 0.773645 0.826793 0.652148 0.560180 0.314289 0.377804 0.878575 0.709141 0.825092 0.478436 0.283439 0.310412 0.996800 0.726490 0.401519 0.437247 0.488743 0.488343 0.842697 0.684145 0.534945 0.542796 0.909940 0.731279 0.930785 0.984266 0.983915 0.802739 0.965695 0.882608 0.980937 0.800087 0.911234 0.872878 0.378017 0.561917 0.443303 0.618668 0.814306 0.675929 0.528135 0.684693 0.333913 0.359785 0.449520 0.512231 0.613547 0.720259 0.432833 0.537776 0.600476 0.680965 0.678310 0.706106 0.556098 0.584297 0.492519 0.660029 0.521224 0.955575
0.779317 0.604409 0.663660 0.466408 0.977701 0.520215 0.246122 0.000000 0.538521 0.414302 0.793171 0.446730 0.988051 0.640417 0.857155 0.877863 0.908751 0.816822 0.732568 0.529542 0.743830 0.904889 0.774736 0.762968 0.893507 0.733837 0.602312 0.879757 0.730579 0.670482 0.398229 0.488426 0.482965 0.372854 0.630461 0.866596 0.975714 0.878135 0.953111 0.950402 0.798702 0.926663 0.421813 0.514302 0.494549 0.568856 0.660468 0.585206 0.934009 0.679336 0.502802 0.520771 0.548658 0.490134 0.815131 0.755621 0.940721 0.969639 0.738506 0.581425 0.363005 0.231614 0.878630 0.657020 0.965923 0.462823 0.359877 0.373236 0.899331 0.741084 0.514843 0.530996 0.500265 0.543804 0.839027 0.666672 0.571636 0.632455 0.987429 0.851923 0.979794 0.990055 0.975672 0.788720 0.891364 0.942501 0.997247 0.842292 0.926927 0.887276 0.371209 0.648331 0.438026 0.669345 0.839300 0.705749 0.572870 0.682418 0.346721 0.435744 0.376730 0.558368 0.704028 0.801587 0.485260 0.645065 0.621221 0.752645 0.706620 0.716133 0.574081 0.625130 0.550445 0.732774 0.558928 0.912888
0.887422 0.983820 0.824802 0.819174 0.803027 0.715655 0.538632 0.538521 0.000000 0.508823 0.781724 0.718455 0.996115 0.918437 0.973956 0.892700 0.950642 0.952059 0.973115 0.911403 0.861739 0.946235 0.884452 0.997687 0.915888 0.911066 0.710843 0.861571 0.771280 0.800144 0.666842 0.808697 0.726543 0.686787 0.692253 0.867649 0.964171 0.944791 0.960144 0.994856 0.695466 0.974925 0.653091 0.690229 0.650275 0.750508 0.985417 0.959697 0.892126 0.892762 0.769813 0.803728 0.616878 0.670795 0.785857 0.944856 0.903199 0.878117 0.987163 0.996085 0.619112 0.571386 0.966863 0.816574 0.976333 0.795521 0.614524 0.644024 0.923684 0.789145 0.694394 0.750008 0.775419 0.785986 0.997235 0.716974 0.792483 0.835158 0.964998 0.897987 0.847290 0.859877 0.957004 0.869566 0.893460 0.897490 0.888353 0.969876 0.962381 0.899686 0.601140 0.651697 0.680840 0.614490 0.894846 0.970415 0.889639 0.761262 0.643819 0.698326 0.629948 0.723933 0.861792 0.962983 0.757320 0.845957 0.772603 0.764529 0.887659 0.969533 0.769730 0.871349 0.792000 0.772616 0.743383 0.886822
0.971993 0.944449 0.914605 0.937276 0.812970 0.687827 0.517624 0.414302 0.508823 0.000000 0.677667 0.444002 0.858452 0.707136 0.926810 0.800671 0.808814 0.730616 0.819948 0.774315 0.937024 0.975111 0.947255 0.882761 0.723252 0.829615 0.604206 0.916991 0.497837 0.536987 0.731112 0.794340 0.682662 0.601605 0.752088 0.958917 0.758431 0.900914 0.748281 0.843635 0.965750 0.900209 0.694538 0.720022 0.451379 0.519379 0.899301 0.773609 0.656632 0.737059 0.655718 0.644601 0.574264 0.586707 0.857910 0.794106 0.919333 0.910623 0.872205 0.878037 0.484958 0.441485 0.620385 0.465912 0.755111 0.934625 0.707688 0.755732 0.783141 0.824977 0.794346 0.807222 0.807383 0.698157 0.964332 0.729854 0.804799 0.845637 0.973837 0.963665 0.945052 0.956520 0.949356 0.851945 0.786639 0.753779 0.967076 0.949007 0.977565 0.968016 0.586394 0.743937 0.713681 0.813598 0.969475 0.834589 0.786884 0.776713 0.466609 0.557433 0.577345 0.674149 0.753286 0.879836 0.743056 0.924595 0.811883 0.938757 0.859481 0.868587 0.774214 0.778129 0.600815 0.773431 0.805179 0.746957
0.716628 0.707529 0.694491 0.860972 0.932628 0.813492 0.790145 0.793171 0.781724 0.677667 0.000000 0.534685 0.805969 0.586773 0.809651 0.818281 0.498597 0.504780 0.772112 0.823446 0.918911 0.935543 0.862451 0.912140 0.648681 0.687688 0.830802 0.844786 0.472879 0.440859 0.895879 0.815124 0.719382 0.750640 0.920485 0.831302 0.795653 0.947976 0.988355 0.953961 0.888888 0.919914 0.798707 0.718859 0.711222 0.695693 0.939879 0.939415 0.657095 0.745908 0.700500 0.701030 0.780911 0.846532 0.772051 0.802854 0.635637 0.696847 0.767710 0.868825 0.693307 0.763755 0.535502 0.446757 0.619789 0.873571 0.955982 0.994722 0.874315 0.924515 0.970251 0.978457 0.712724 0.797812 0.915201 0.865530 0.798160 0.953571 0.634618 0.821388 0.607679 0.715680 0.712275 0.715133 0.927503 0.986068 0.861454 0.679077 0.975282 0.816394 0.937962 0.811092 0.871999 0.811542 0.986255 0.989392 0.967782 0.989836 0.742559 0.952646 0.915890 0.890433 0.814201 0.877567 0.974743 0.938529 0.949812 0.992436 0.836141 0.963083 0.959456 0.937822 0.795379 0.949982 0.847313 0.629314
0.707984 0.641748 0.914267 0.776599 0.867065 0.682562 0.577932 0.446730 0.718455 0.444002 0.534685 0.000000 0.657432 0.324111 0.797684 0.594417 0.654102 0.523218 0.635012 0.566081 0.897752 0.930928 0.812307 0.781388 0.862534 0.897651 0.793460 0.870881 0.441761 0.382100 0.686746 0.619268 0.579761 0.547203 0.924641 0.925727 0.759303 0.961188 0.946454 0.924810 0.972670 0.861536 0.701047 0.696264 0.610454 0.632366 0.690993 0.709929 0.728349 0.663157 0.601916 0.567954 0.687230 0.675689 0.792474 0.692921 0.788123 0.807520 0.764232 0.782735 0.487362 0.367186 0.523821 0.380784 0.777782 0.745493 0.844825 0.811264 0.757946 0.847986 0.893429 0.849178 0.598820 0.683970 0.857513 0.788832 0.672956 0.746459 0.794012 0.774796 0.718300 0.697238 0.712247 0.796172 0.994667 0.871358 0.882882 0.803284 0.878894 0.832416 0.801898 0.939496 0.901064 0.908955 0.937259 0.770342 0.841069 0.853630 0.589513 0.665931 0.656340 0.778131 0.846253 0.825528 0.713772 0.903355 0.886343 0.970128 0.880781 0.889876 0.939579 0.746767 0.723593 0.862948 0.774123 0.813200
0.604339 0.784215 0.992474 0.961825 0.503264 0.985457 0.981780 0.988051 0.996115 0.858452 0.805969 0.657432 0.000000 0.494478 0.348310 0.412744 0.675372 0.635954 0.625123 0.771979 0.923533 0.918952 0.536873 0.718391 0.977319 0.890412 0.733137 0.879466 0.598130 0.601889 0.981901 0.968710 0.818754 0.948280 0.775938 0.740159 0.920227 0.877998 0.989992 0.879331 0.846170 0.910600 0.954419 0.982718 0.924525 0.930857 0.769953 0.762993 0.679583 0.865220 0.989657 0.946520 0.901997 0.765575 0.801717 0.859533 0.736112 0.662209 0.814717 0.902828 0.694053 0.923975 0.607045 0.619762 0.836583 0.967486 0.802029 0.736239 0.945740 0.782116 0.861353 0.809171 0.934060 0.966576 0.877247 0.981959 0.875857 0.855683 0.829200 0.688028 0.759198 0.621161 0.621474 0.661008 0.632368 0.741981 0.932687 0.927666 0.837256 0.760105 0.834223 0.853722 0.800992 0.809405 0.972998 0.835217 0.889091 0.834060 0.922980 0.791917 0.836448 0.957801 0.916243 0.947018 0.931747 0.929477 0.954424 0.855195 0.961051 0.890068 0.927776 0.901778 0.989542 0.976990 0.999070 0.901939
0.589876 0.552041 0.957496 0.775142 0.771318 0.776548 0.721448 0.640417 0.918437 0.707136 0.586773 0.324111 0.494478 0.000000 0.678635 0.454334 0.561783 0.481626 0.514718 0.546204 0.910711 0.982341 0.654371 0.605468 0.944514 0.909995 0.963278 0.998243 0.479343 0.353282 0.698917 0.577031 0.594936 0.656846 0.827387 0.796146 0.989989 0.901002 0.995681 0.930161 0.929424 0.876939 0.705109 0.691490 0.677528 0.658627 0.636280 0.666996 0.674895 0.585912 0.606150 0.577884 0.762470 0.790895 0.690118 0.671393 0.627357 0.651676 0.690708 0.765083 0.580893 0.580329 0.540984 0.418688 0.897934 0.792075 0.986533 0.932533 0.799152 0.909658 0.974646 0.894517 0.644129 0.717552 0.890278 0.767472 0.723205 0.695236 0.721408 0.636242 0.639503 0.574372 0.570903 0.661749 0.841491 0.706172 0.904871 0.786179 0.839548 0.720835 0.985836 0.783723 0.911713 0.750259 0.863464 0.811316 0.916627 0.960939 0.726011 0.782299 0.832536 0.921256 0.895241 0.848612 0.821557 0.949064 0.962152 0.858130 0.848474 0.924199 0.988067 0.835975 0.850832 0.879094 0.827383 0.842598
0.693550 0.863341 0.974594 0.978342 0.530787 0.944407 0.939421 0.857155 0.973956 0.926810 0.809651 0.797684 0.348310 0.678635 0.000000 0.402014 0.651070 0.597468 0.634785 0.802974 0.774414 0.986451 0.516642 0.710115 0.898074 0.945022 0.601374 0.822008 0.659318 0.661378 0.965411 0.959256 0.791848 0.976017 0.821547 0.853511 0.927539 0.948597 0.952058 0.779020 0.921604 0.905532 0.985121 0.957136 0.978738 0.943126 0.871625 0.872585 0.792318 0.993628 0.868004 0.889449 0.849154 0.689870 0.814115 0.925600 0.687205 0.655419 0.873291 0.960554 0.838641 0.914844 0.721286 0.750447 0.764583 0.987187 0.779121 0.720747 0.845774 0.800947 0.981815 0.914034 0.881962 0.955298 0.864113 0.914508 0.967566 0.959790 0.916107 0.655744 0.695929 0.603913 0.599227 0.664345 0.555826 0.698837 0.813974 0.894801 0.705579 0.811682 0.831398 0.848397 0.765339 0.852449 0.844284 0.792443 0.898544 0.860745 0.983966 0.926931 0.739349 0.970989 0.903009 0.968572 0.937251 0.990440 0.959705 0.771625 0.905601 0.830203 0.865948 0.983207 0.912929 0.997141 0.954787 0.930110
0.733093 0.712263 0.947391 0.796900 0.527195 0.827365 0.815945 0.877863 0.892700 0.800671 0.818281 0.594417 0.412744 0.454334 0.402014 0.000000 0.663256 0.570155 0.526771 0.638022 0.835960 0.981246 0.390545 0.499409 0.922948 0.980157 0.763263 0.847500 0.654295 0.536935 0.740919 0.776594 0.623703 0.792603 0.885681 0.819390 0.831238 0.924908 0.990773 0.801915 0.954139 0.921762 0.762327 0.774351 0.807536 0.848285 0.708652 0.740007 0.716955 0.796871 0.870845 0.814537 0.902344 0.987826 0.788272 0.936844 0.685736 0.698807 0.891409 0.975259 0.710861 0.859736 0.692338 0.645100 0.799235 0.841571 0.955172 0.940963 0.972576 0.885156 0.885720 0.860687 0.937000 0.849908 0.895980 0.807678 0.892306 0.705957 0.793060 0.613481 0.798660 0.676560 0.642040 0.757536 0.670136 0.677039 0.958169 0.881798 0.733967 0.823376 0.992133 0.967504 0.919406 0.924538 0.792461 0.791490 0.923115 0.952449 0.865921 0.737948 0.947298 0.958619 0.950479 0.880902 0.913860 0.975577 0.955673 0.838340 0.902173 0.897071 0.997136 0.820865 0.846218 0.906363 0.945175 0.915388
0.530401 0.590450 0.804355 0.975038 0.806743 0.914068 0.835617 0.908751 0.950642 0.808814 0.498597 0.654102 0.675372 0.561783 0.651070 0.663256 0.000000 0.305687 0.542248 0.663850 0.962519 0.930165 0.920188 0.847294 0.835354 0.748028 0.960026 0.879819 0.524679 0.414221 0.873549 0.818231 0.667733 0.758713 0.943020 0.854570 0.918418 0.966710 0.880791 0.982197 0.940323 0.829807 0.776125 0.695583 0.653671 0.618905 0.760998 0.722699 0.534088 0.544395 0.640889 0.645579 0.780544 0.937639 0.606611 0.625264 0.432645 0.415220 0.624555 0.784217 0.689714 0.901647 0.396862 0.409605 0.818309 0.872747 0.927440 0.960972 0.886012 0.789832 0.993339 0.980629 0.898629 0.759500 0.872738 0.912859 0.937894 0.921965 0.607790 0.591994 0.394383 0.505596 0.550356 0.578215 0.841176 0.837354 0.984427 0.720873 0.847884 0.586959 0.875000 0.709756 0.758332 0.638671 0.983129 0.933388 0.844038 0.885302 0.781389 0.867116 0.921027 0.934699 0.920527 0.780429 0.974616 0.999774 0.961212 0.938236 0.802223 0.892950 0.925581 0.960387 0.834232 0.863091 0.890562 0.831048
0.524457 0.532035 0.870975 0.955611 0.716349 0.886431 0.740328 0.816822 0.952059 0.730616 0.504780 0.523218 0.635954 0.481626 0.597468 0.570155 0.305687 0.000000 0.458501 0.616134 0.928355 0.946416 0.837535 0.756996 0.909259 0.779137 0.913877 0.926130 0.429531 0.335559 0.793769 0.661404 0.510716 0.643314 0.998750 0.846886 0.855666 0.982846 0.907402 0.995459 0.992519 0.843111 0.655825 0.591746 0.577927 0.554914 0.678238 0.661735 0.525174 0.526299 0.600523 0.599506 0.753218 0.919245 0.567763 0.566797 0.390085 0.399444 0.575364 0.767309 0.582990 0.805887 0.357018 0.349426 0.868964 0.958459 0.992465 0.941809 0.908706 0.857295 0.959033 0.948230 0.861167 0.723721 0.915143 0.851769 0.851514 0.773865 0.526523 0.521076 0.368143 0.444257 0.517524 0.515610 0.766473 0.749246 0.929231 0.698594 0.800424 0.572729 0.881810 0.738891 0.785145 0.676132 0.955790 0.786178 0.824580 0.971645 0.697368 0.782465 0.969992 0.889679 0.829558 0.690664 0.816810 0.915760 0.987717 0.930099 0.915483 0.903831 0.978600 0.917960 0.691215 0.829007 0.830080 0.830807
0.506524 0.534698 0.773626 0.631311 0.730231 0.797657 0.605841 0.732568 0.973115 0.819948 0.772112 0.635012 0.625123 0.514718 0.634785 0.526771 0.542248 0.458501 0.000000 0.476574 0.807653 0.856087 0.542181 0.523458 0.808535 0.952116 0.935455 0.849158 0.674233 0.553679 0.607586 0.607310 0.498693 0.542898 0.914694 0.950685 0.895702 0.820360 0.912422 0.833386 0.898015 0.969929 0.682727 0.710874 0.659710 0.703780 0.596504 0.557489 0.779393 0.635153 0.733452 0.739067 0.820921 0.872548 0.744768 0.690315 0.520051 0.499957 0.639765 0.666440 0.569612 0.821930 0.620158 0.636305 0.826714 0.781408 0.785798 0.830401 0.825249 0.887493 0.696370 0.749087 0.706761 0.636167 0.925102 0.780157 0.779566 0.599008 0.815223 0.601587 0.643087 0.557099 0.700769 0.763781 0.756224 0.714921 0.978977 0.993664 0.800621 0.700826 0.893265 0.997193 0.941672 0.995121 0.855249 0.725790 0.754352 0.958777 0.668007 0.668162 0.883279 0.848134 0.787973 0.734021 0.845131 0.802358 0.911091 0.931140 0.768392 0.916407 0.881516 0.743046 0.678803 0.759573 0.858125 0.911422
0.547735 0.434675 0.659192 0.473468 0.915902 0.635977 0.507522 0.529542 0.911403 0.774315 0.823446 0.566081 0.771979 0.546204 0.802974 0.638022 0.663850 0.616134 0.476574 0.000000 0.693882 0.794081 0.549978 0.486194 0.728062 0.750775 0.937696 0.820081 0.736770 0.657521 0.532144 0.511584 0.491145 0.480710 0.823360 0.967671 0.837644 0.784737 0.818002 0.880587 0.766013 0.969502 0.602137 0.634954 0.725081 0.746095 0.572823 0.469705 0.961569 0.662626 0.685677 0.689866 0.805526 0.805918 0.674554 0.627320 0.651616 0.630127 0.710299 0.547399 0.539281 0.552215 0.797917 0.734588 0.784745 0.537992 0.633112 0.640976 0.871258 0.674037 0.629638 0.629149 0.550694 0.555006 0.713434 0.779847 0.690421 0.668840 0.926066 0.692654 0.682456 0.613214 0.717076 0.839599 0.761890 0.624302 0.952787 0.949379 0.757012 0.638623 0.669825 0.901894 0.695075 0.934131 0.896361 0.634953 0.704655 0.813122 0.575533 0.604699 0.781183 0.770886 0.776530 0.874305 0.642348 0.762286 0.822127 0.942853 0.767199 0.790005 0.729806 0.773458 0.691321 0.718646 0.711985 0.879650
0.836275 0.659604 0.472521 0.461361 0.898628 0.868044 0.689307 0.743830 0.861739 0.937024 0.918911 0.897752 0.923533 0.910711 0.774414 0.835960 0.962519 0.928355 0.807653 0.693882 0.000000 0.819342 0.555464 0.542484 0.518307 0.506624 0.848513 0.966000 0.934104 0.962043 0.551385 0.610853 0.690483 0.647152 0.818980 0.868108 0.760805 0.821719 0.838278 0.646228 0.846019 0.828134 0.702975 0.783224 0.965326 0.906991 0.690991 0.780627 0.778223 0.965953 0.964293 0.999462 0.954416 0.936988 0.858133 0.957473 0.849680 0.843471 0.826679 0.839608 0.790682 0.733813 0.776366 0.889033 0.488599 0.459435 0.615500 0.636892 0.807065 0.697748 0.620973 0.711808 0.710558 0.770583 0.883888 0.823422 0.869308 0.772038 0.899650 0.742214 0.945650 0.749371 0.863000 0.945864 0.676730 0.577561 0.680097 0.909834 0.799019 0.869428 0.787463 0.987002 0.817059 0.798814 0.688433 0.753989 0.851766 0.974346 0.895558 0.820176 0.946928 0.770447 0.912162 0.920899 0.622544 0.676479 0.854421 0.984586 0.963445 0.978095 0.769987 0.921839 0.730747 0.924479 0.781611 0.930004
0.975687 0.805656 0.808307 0.833222 0.934297 0.794382 0.860902 0.904889 0.946235 0.975111 0.935543 0.930928 0.918952 0.982341 0.986451 0.981246 0.930165 0.946416 0.856087 0.794081 0.819342 0.000000 0.857450 0.859822 0.899746 0.884639 0.964491 0.817437 0.998374 0.943821 0.822127 0.894516 0.850455 0.891831 0.939317 0.990384 0.910825 0.915928 0.997084 0.798429 0.924936 0.973048 0.859079 0.839939 0.936810 0.968094 0.970930 0.787567 0.956428 0.875193 0.926630 0.957470 0.843208 0.851792 0.941123 0.900359 0.947868 0.921397 0.893567 0.923455 0.976800 0.977465 0.845700 0.935498 0.921821 0.910666 0.823857 0.919534 0.846200 0.885610 0.815541 0.755377 0.979004 0.870688 0.856268 0.769323 0.890115 0.870301 0.980695 0.985541 0.972199 0.954798 0.889143 0.991021 0.976895 0.931180 0.979159 0.876631 0.949920 0.948270 0.763803 0.867977 0.807390 0.818611 0.868637 0.869599 0.875030 0.923577 0.826098 0.913678 0.918299 0.859611 0.945309 0.830190 0.833508 0.790008 0.865501 0.901107 0.870216 0.965237 0.858469 0.961169 0.947343 0.687247 0.799104 0.952669
0.722129 0.679807 0.497961 0.463504 0.600142 0.848208 0.667070 0.774736 0.884452 0.947255 0.862451 0.812307 0.536873 0.654371 0.516642 0.390545 0.920188 0.837535 0.542181 0.549978 0.555464 0.857450 0.000000 0.314178 0.483923 0.564057 0.733123 0.821178 0.900956 0.803531 0.508683 0.622467 0.550805 0.673486 0.864653 0.967660 0.538530 0.739999 0.752519 0.659613 0.949389 0.922979 0.662229 0.775297 0.866326 0.957194 0.575463 0.617804 0.975897 0.890454 0.940959 0.929943 0.992450 0.925552 0.790296 0.932106 0.797903 0.803754 0.868402 0.855754 0.629705 0.793988 0.966945 0.971081 0.384445 0.515904 0.728543 0.775687 0.877268 0.768219 0.623440 0.663868 0.788249 0.691113 0.755536 0.775931 0.830789 0.548557 0.945274 0.613788 0.915035 0.730750 0.755347 0.920461 0.497308 0.490451 0.913123 0.865995 0.704405 0.796379 0.802838 0.822789 0.811817 0.826385 0.713858 0.644637 0.911630 0.956521 0.787832 0.613129 0.958598 0.872855 0.926658 0.964052 0.724958 0.699537 0.832424 0.980995 0.894266 0.978475 0.816478 0.852589 0.787431 0.823482 0.844762 0.920647
0.664516 0.521281 0.486761 0.362377 0.761239 0.812868 0.676767 0.762968 0.997687 0.882761 0.912140 0.781388 0.718391 0.605468 0.710115 0.499409 0.847294 0.756996 0.523458 0.486194 0.542484 0.859822 0.314178 0.000000 0.439012 0.529524 0.728975 0.841508 0.963884 0.829388 0.509597 0.499560 0.559489 0.643439 0.883005 0.986817 0.589054 0.652564 0.641649 0.665012 0.948143 0.963156 0.629682 0.705290 0.950979 0.995034 0.535590 0.643468 0.897531 0.880807 0.855018 0.871032 0.975514 0.964439 0.804251 0.850074 0.670632 0.710182 0.843871 0.788523 0.739461 0.770836 0.953969 0.990699 0.466823 0.444578 0.723219 0.698975 0.838957 0.838527 0.657387 0.667563 0.699566 0.714463 0.795187 0.820086 0.816191 0.611958 0.936841 0.544121 0.833676 0.632772 0.772476 0.822535 0.545674 0.395915 0.949648 0.991199 0.707295 0.676416 0.891901 0.949444 0.891514 0.964748 0.797923 0.730956 0.852005 0.946186 0.877735 0.736398 0.980024 0.955559 0.945618 0.971197 0.771272 0.771091 0.946856 0.999466 0.852447 0.987639 0.803391 0.866523 0.853826 0.915899 0.856987 0.909555
0.819557 0.699853 0.321605 0.401205 0.896896 0.907431 0.809835 0.893507 0.915888 0.723252 0.648681 0.862534 0.977319 0.944514 0.898074 0.922948 0.835354 0.909259 0.808535 0.728062 0.518307 0.899746 0.483923 0.439012 0.000000 0.297738 0.690788 0.882534 0.718513 0.795455 0.596470 0.690811 0.698912 0.758608 0.771610 0.785750 0.496675 0.650354 0.597127 0.595033 0.895670 0.986054 0.810534 0.945476 0.843042 0.753695 0.597659 0.791248 0.658199 0.847293 0.876859 0.832719 0.721099 0.686621 0.926478 0.930008 0.882472 0.891636 0.855760 0.799312 0.830255 0.871609 0.660846 0.655538 0.280199 0.405924 0.666825 0.639450 0.669161 0.757219 0.609067 0.709070 0.787809 0.744248 0.796402 0.911430 0.896886 0.712445 0.788287 0.692285 0.904615 0.779103 0.911781 0.945595 0.427011 0.388005 0.912912 0.865789 0.736929 0.708417 0.906580 0.924593 0.788743 0.857532 0.865206 0.690204 0.908123 0.943741 0.989949 0.885968 0.979081 0.928149 0.959847 0.935848 0.792134 0.694601 0.871577 0.963208 0.996757 0.921923 0.855244 0.976127 0.930946 0.965380 0.928648 0.789581
0.930862 0.759622 0.296826 0.348635 0.965322 0.797689 0.697135 0.733837 0.911066 0.829615 0.687688 0.897651 0.890412 0.909995 0.945022 0.980157 0.748028 0.779137 0.952116 0.750775 0.506624 0.884639 0.564057 0.529524 0.297738 0.000000 0.923158 0.904045 0.686785 0.747223 0.456965 0.625749 0.699949 0.709530 0.674003 0.715729 0.517468 0.636864 0.627413 0.629411 0.798779 0.994234 0.680510 0.837569 0.892329 0.812594 0.625640 0.825089 0.584001 0.818495 0.983966 0.903002 0.869621 0.887322 0.976891 0.980077 0.974682 0.932080 0.937682 0.811109 0.800165 0.722770 0.519188 0.596301 0.347648 0.310163 0.508850 0.499234 0.842143 0.852949 0.459702 0.556090 0.720514 0.697145 0.804268 0.843810 0.829055 0.743084 0.679242 0.754491 0.927647 0.920346 0.977318 0.866433 0.630095 0.536040 0.878590 0.841032 0.794407 0.873383 0.685031 0.745716 0.619819 0.677256 0.834552 0.778747 0.889661 0.900131 0.883380 0.814596 0.803234 0.921251 0.988168 0.865721 0.710192 0.631359 0.750524 0.852621 0.946943 0.899516 0.712084 0.910971 0.899471 0.907069 0.810960 0.776436
0.932972 0.947933 0.968804 0.996248 0.675303 0.698066 0.650563 0.602312 0.710843 0.604206 0.830802 0.793460 0.733137 0.963278 0.601374 0.763263 0.960026 0.913877 0.935455 0.937696 0.848513 0.964491 0.733123 0.728975 0.690788 0.923158 0.000000 0.817396 0.880812 0.872315 0.811180 0.863518 0.890242 0.705380 0.898985 0.891986 0.786979 0.920244 0.892019 0.655920 0.907671 0.955329 0.816649 0.732715 0.644943 0.656600 0.964943 0.928252 0.999226 0.769849 0.653719 0.666488 0.626803 0.452405 0.970844 0.940018 0.822350 0.788387 0.877369 0.821420 0.752780 0.687060 0.968116 0.853819 0.626654 0.982922 0.671741 0.661019 0.671946 0.959577 0.879010 0.794197 0.705744 0.838524 0.893030 0.843664 0.710891 0.877867 0.940662 0.851989 0.810825 0.749827 0.806319 0.711001 0.459797 0.555102 0.905838 0.880313 0.743564 0.759613 0.595304 0.706738 0.640597 0.745628 0.844486 0.886305 0.773584 0.742923 0.624745 0.758250 0.549855 0.701681 0.727560 0.845737 0.830343 0.980958 0.879327 0.708659 0.775302 0.894382 0.858848 0.718761 0.814000 0.802150 0.811467 0.864564
0.985624 0.982984 0.862070 0.884618 0.948239 0.847385 0.941150 0.879757 0.861571 0.916991 0.844786 0.870881 0.879466 0.998243 0.822008 0.847500 0.879819 0.926130 0.849158 0.820081 0.966000 0.817437 0.821178 0.841508 0.882534 0.904045 0.817396 0.000000 0.986638 0.940207 0.999657 0.937109 0.979374 0.939403 0.967002 0.798238 0.774183 0.917881 0.840188 0.779367 0.911040 0.920632 0.984578 0.942506 0.876652 0.891992 0.902768 0.880068 0.924849 0.920310 0.890205 0.849333 0.865332 0.790349 0.993716 0.847558 0.917066 0.918009 0.994987 0.940969 0.887542 0.869445 0.952288 0.867076 0.782923 0.948663 0.911245 0.963874 0.862863 0.883022 0.877140 0.891169 0.968367 0.953241 0.951539 0.968099 0.934422 0.984637 0.817670 0.767483 0.996527 0.833722 0.939289 0.947095 0.833264 0.857219 0.912609 0.877011 0.868055 0.799116 0.885649 0.904993 0.891318 0.954884 0.907932 0.911041 0.980998 0.873159 0.929933 0.968757 0.795157 0.929220 0.872577 0.985134 0.899082 0.833145 0.969797 0.771679 0.958992 0.891260 0.949865 0.997905 0.958838 0.986172 0.839581 0.937672
0.721375 0.745648 0.742067 0.869422 0.691974 0.873579 0.761306 0.730579 0.771280 0.497837 0.472879 0.441761 0.598130 0.479343 0.659318 0.654295 0.524679 0.429531 0.674233 0.736770 0.934104 0.998374 0.900956 0.963884 0.718513 0.686785 0.880812 0.986638 0.000000 0.322094 0.874319 0.801248 0.631378 0.726340 0.939337 0.800957 0.756727 0.873069 0.851895 0.860272 0.995298 0.969258 0.789031 0.738755 0.513639 0.508288 0.845979 0.788698 0.454394 0.567055 0.645707 0.624815 0.699561 0.812464 0.725398 0.591673 0.714084 0.719783 0.730511 0.825402 0.537355 0.717154 0.368500 0.319960 0.723630 0.885880 0.938333 0.968069 0.791863 0.839884 0.948139 0.980367 0.787595 0.684251 0.867287 0.879815 0.784332 0.804881 0.694275 0.764123 0.618573 0.705618 0.625752 0.657013 0.950382 0.978509 0.893546 0.842429 0.970582 0.771310 0.984631 0.862518 0.886627 0.801040 0.957624 0.901738 0.966506 0.991125 0.636089 0.747101 0.914806 0.836450 0.776355 0.824714 0.813419 0.962304 0.934519 0.920973 0.971931 0.903226 0.870541 0.867230 0.725339 0.748137 0.859588 0.741722
0.670460 0.611986 0.827686 0.977648 0.706360 0.866320 0.643602 0.670482 0.800144 0.536987 0.440859 0.382100 0.601889 0.353282 0.661378 0.536935 0.414221 0.335559 0.553679 0.657521 0.962043 0.943821 0.803531 0.829388 0.795455 0.747223 0.872315 0.940207 0.322094 0.000000 0.707951 0.610788 0.545257 0.611995 0.940766 0.854150 0.871368 0.938917 0.899266 0.974877 0.979097 0.943392 0.616085 0.553494 0.439943 0.453797 0.725277 0.713139 0.457815 0.497572 0.512869 0.488446 0.600238 0.726772 0.621656 0.636317 0.555553 0.606058 0.617397 0.860596 0.470455 0.641998 0.346488 0.270834 0.790552 0.986113 0.948421 0.890315 0.830889 0.845949 0.935558 0.902569 0.720300 0.607991 0.886961 0.819734 0.761945 0.724270 0.646006 0.636046 0.503980 0.638160 0.489511 0.675011 0.924161 0.874869 0.905170 0.761421 0.895171 0.705631 0.982491 0.824690 0.848637 0.738852 0.892675 0.884927 0.873333 0.939445 0.657703 0.694366 0.889935 0.870445 0.754553 0.774715 0.774606 0.934009 0.942336 0.911150 0.924869 0.910826 0.993191 0.915096 0.668164 0.827359 0.837080 0.736001
0.782360 0.555540 0.460133 0.350671 0.950946 0.589169 0.330043 0.398229 0.666842 0.731112 0.895879 0.686746 0.981901 0.698917 0.965411 0.740919 0.873549 0.793769 0.607586 0.532144 0.551385 0.822127 0.508683 0.509597 0.596470 0.456965 0.811180 0.999657 0.874319 0.707951 0.000000 0.361448 0.378214 0.371621 0.609938 0.844443 0.666497 0.607674 0.772611 0.816214 0.759572 0.908132 0.336170 0.451416 0.587140 0.692087 0.548254 0.621680 0.970203 0.747819 0.568238 0.640560 0.676417 0.662450 0.758418 0.836273 0.772516 0.868654 0.739798 0.712699 0.445108 0.459338 0.935293 0.875944 0.630637 0.370295 0.369941 0.344225 0.955658 0.841098 0.319996 0.359978 0.475955 0.434760 0.801750 0.615155 0.611188 0.443807 0.938819 0.639505 0.898202 0.858288 0.836411 0.867331 0.836440 0.679187 0.913250 0.851422 0.842114 0.848439 0.521985 0.690001 0.552277 0.694971 0.759718 0.678539 0.683221 0.822728 0.481599 0.528096 0.543519 0.663035 0.686927 0.820684 0.514342 0.594593 0.642511 0.790830 0.741423 0.832024 0.608519 0.749799 0.622170 0.678506 0.606867 0.962603
0.680481 0.440584 0.608050 0.478063 0.960873 0.713347 0.462266 0.488426 0.808697 0.794340 0.815124 0.619268 0.968710 0.577031 0.959256 0.776594 0.818231 0.661404 0.607310 0.511584 0.610853 0.894516 0.622467 0.499560 0.690811 0.625749 0.863518 0.937109 0.801248 0.610788 0.361448 0.000000 0.425421 0.415034 0.728618 0.928296 0.837832 0.622017 0.835075 0.852846 0.871654 0.907532 0.393885 0.428415 0.619568 0.639777 0.495930 0.556763 0.967197 0.656336 0.511562 0.546027 0.675181 0.726384 0.724181 0.648379 0.696791 0.788690 0.619152 0.620840 0.484501 0.496658 0.944540 0.767105 0.771103 0.482901 0.509851 0.436665 0.999500 0.913225 0.512174 0.494998 0.493271 0.413478 0.871035 0.739016 0.648584 0.491772 0.882825 0.652420 0.777332 0.763342 0.769603 0.919379 0.856833 0.618160 0.901414 0.963101 0.840476 0.755196 0.724618 0.895754 0.737452 0.901669 0.809505 0.780834 0.697934 0.881889 0.605089 0.607909 0.653224 0.746450 0.698170 0.870764 0.508220 0.627699 0.798786 0.812535 0.870913 0.859651 0.702908 0.853439 0.570464 0.718520 0.640411 0.972084
0.552689 0.458945 0.625849 0.528139 0.793049 0.557164 0.390898 0.482965 0.726543 0.682662 0.719382 0.579761 0.818754 0.594936 0.791848 0.623703 0.667733 0.510716 0.498693 0.491145 0.690483 0.850455 0.550805 0.559489 0.698912 0.699949 0.890242 0.979374 0.631378 0.545257 0.378214 0.425421 0.000000 0.392798 0.646417 0.901389 0.837493 0.777304 0.852008 0.842886 0.765496 0.874436 0.386403 0.393442 0.498779 0.548100 0.493011 0.548030 0.767320 0.554484 0.509689 0.556644 0.685528 0.780710 0.535160 0.597602 0.551359 0.628915 0.567483 0.561508 0.349472 0.528966 0.764999 0.642669 0.729383 0.563114 0.521776 0.485805 0.906769 0.770464 0.532449 0.533254 0.533982 0.497513 0.747368 0.661839 0.621016 0.530782 0.825945 0.542097 0.614474 0.632223 0.727329 0.812589 0.680225 0.607339 0.928326 0.956452 0.753887 0.711634 0.685369 0.841441 0.703420 0.881564 0.862879 0.588961 0.659500 0.794324 0.471711 0.517249 0.670687 0.711623 0.694910 0.717862 0.512993 0.583778 0.714414 0.829631 0.816930 0.776449 0.762196 0.744605 0.489877 0.673003 0.557087 0.957212
0.658371 0.494367 0.641384 0.491163 0.959661 0.631082 0.309215 0.372854 0.686787 0.601605 0.750640 0.547203 0.948280 0.656846 0.976017 0.792603 0.758713 0.643314 0.542898 0.480710 0.647152 0.891831 0.673486 0.643439 0.758608 0.709530 0.705380 0.939403 0.726340 0.611995 0.371621 0.415034 0.392798 0.000000 0.636230 0.826461 0.966286 0.756341 0.906264 0.881979 0.881027 0.974827 0.418539 0.470350 0.511248 0.576462 0.569433 0.539295 0.887734 0.619598 0.532721 0.575568 0.633642 0.629782 0.741166 0.722317 0.727649 0.770170 0.611902 0.595544 0.387055 0.440392 0.844020 0.690988 0.840507 0.536560 0.428692 0.424203 0.993848 0.792878 0.431686 0.488726 0.480741 0.441708 0.863348 0.732991 0.546845 0.537142 0.890265 0.663008 0.810104 0.813264 0.860335 0.990926 0.930844 0.790893 0.902297 0.953868 0.935466 0.767400 0.559520 0.745524 0.562973 0.774042 0.809557 0.655775 0.632490 0.764134 0.414249 0.484738 0.557291 0.555833 0.733452 0.779721 0.504146 0.627373 0.655981 0.700600 0.752472 0.806370 0.695455 0.733172 0.501717 0.708181 0.604790 0.923804
0.993436 0.856843 0.603040 0.644797 0.978604 0.735967 0.547556 0.630461 0.692253 0.752088 0.920485 0.924641 0.775938 0.827387 0.821547 0.885681 0.943020 0.998750 0.914694 0.823360 0.818980 0.939317 0.864653 0.883005 0.771610 0.674003 0.898985 0.967002 0.939337 0.940766 0.609938 0.728618 0.646417 0.636230 0.000000 0.761078 0.854389 0.802710 0.900841 0.908836 0.801560 0.880209 0.606703 0.663782 0.711813 0.769610 0.863668 0.756271 0.958787 0.927309 0.798776 0.845225 0.740136 0.790555 0.854280 0.905262 0.979593 0.992868 0.886652 0.751324 0.722405 0.753263 0.880979 0.937722 0.715209 0.708389 0.477273 0.467475 0.846630 0.761367 0.482561 0.643802 0.849907 0.728382 0.917435 0.835420 0.791446 0.797958 0.937164 0.883920 0.922396 0.897317 0.882423 0.732503 0.972276 0.908166 0.875619 0.804671 0.966462 0.895747 0.589921 0.636728 0.604193 0.630853 0.825078 0.752209 0.747500 0.850223 0.713886 0.742071 0.739154 0.760600 0.844684 0.954878 0.750661 0.698921 0.879568 0.820933 0.923576 0.814098 0.670290 0.944506 0.713156 0.824239 0.634323 0.971360
0.906484 0.987906 0.796861 0.794161 0.851757 0.999900 0.831305 0.866596 0.867649 0.958917 0.831302 0.925727 0.740159 0.796146 0.853511 0.819390 0.854570 0.846886 0.950685 0.967671 0.868108 0.990384 0.967660 0.986817 0.785750 0.715729 0.891986 0.798238 0.800957 0.854150 0.844443 0.928296 0.901389 0.826461 0.761078 0.000000 0.974758 0.906047 0.919078 0.894972 0.950771 0.928724 0.947637 0.940500 0.937128 0.959643 0.996987 0.987615 0.817101 0.896556 0.984560 0.894782 0.996309 0.970203 0.988991 0.942326 0.876997 0.882843 0.944400 0.971461 0.892875 0.847884 0.821259 0.770417 0.815552 0.799695 0.663475 0.749789 0.841321 0.895199 0.703496 0.761740 0.983748 0.923429 0.870513 0.838788 0.927457 0.991599 0.797179 0.991939 0.998402 0.884564 0.924987 0.827403 0.999559 0.913241 0.922742 0.962172 0.947019 0.874754 0.744998 0.829055 0.652680 0.790336 0.941859 0.983167 0.701372 0.887391 0.907067 0.962274 0.760704 0.815579 0.867451 0.962988 0.849439 0.794077 0.963590 0.919703 0.851419 0.855170 0.780603 0.974928 0.978343 0.989166 0.801706 0.945928
0.904509 0.845415 0.490479 0.601320 0.883840 0.975753 0.902806 0.975714 0.964171 0.758431 0.795653 0.759303 0.920227 0.989989 0.927539 0.831238 0.918418 0.855666 0.895702 0.837644 0.760805 0.910825 0.538530 0.589054 0.496675 0.517468 0.786979 0.774183 0.756727 0.871368 0.666497 0.837832 0.837493 0.966286 0.854389 0.974758 0.000000 0.665295 0.654825 0.553155 0.706181 0.891532 0.805655 0.876662 0.940897 0.890101 0.675267 0.877544 0.861610 0.948209 0.939187 0.938801 0.864492 0.792821 0.825748 0.906641 0.870127 0.945072 0.914904 0.925614 0.928581 0.988424 0.730953 0.732157 0.430645 0.650443 0.778739 0.767706 0.722944 0.912694 0.710633 0.758808 0.862296 0.874733 0.877927 0.927059 0.988257 0.738047 0.868949 0.732440 0.922895 0.862859 0.863515 0.963456 0.573854 0.547961 0.951590 0.901026 0.803212 0.740212 0.960417 0.960864 0.970685 0.950970 0.896780 0.883820 0.884738 0.864937 0.991226 0.936593 0.938505 0.935300 0.947731 0.914426 0.893373 0.815736 0.983227 0.977843 0.853867 0.983976 0.830795 0.975389 0.874449 0.931776 0.981083 0.880478
0.886436 0.777372 0.724237 0.630709 0.932448 0.966887 0.810940 0.878135 0.944791 0.900914 0.947976 0.961188 0.877998 0.901002 0.948597 0.924908 0.966710 0.982846 0.820360 0.784737 0.821719 0.915928 0.739999 0.652564 0.650354 0.636864 0.920244 0.917881 0.873069 0.938917 0.607674 0.622017 0.777304 0.756341 0.802710 0.906047 0.665295 0.000000 0.658984 0.733650 0.888056 0.789942 0.761720 0.777802 0.962479 0.996046 0.659502 0.852442 0.896705 0.997039 0.922317 0.924207 0.992034 0.973806 0.870840 0.980252 0.836952 0.918604 0.917666 0.978140 0.883230 0.865481 0.867647 0.908578 0.706238 0.643954 0.721868 0.707124 0.810847 0.927021 0.672802 0.657784 0.697105 0.669483 0.698290 0.946157 0.805694 0.661224 0.998285 0.839930 0.850028 0.934692 0.818772 0.979258 0.717548 0.580192 0.892363 0.851917 0.763498 0.788183 0.942651 0.982453 0.900073 0.986408 0.721278 0.808493 0.903366 0.891642 0.978347 0.922521 0.913110 0.897527 0.786398 0.921107 0.832291 0.812799 0.891895 0.908672 0.879480 0.983999 0.951022 0.936326 0.872440 0.893501 0.837758 0.980114
