0.000000 0.269435 0.708933 0.617742 0.662943 0.787307 0.887440 0.956015 0.491054 0.551566 0.463748 0.420861 0.645834 0.499665 0.875516 0.920748 0.410680 0.315115 0.443267 0.311460 0.627083 0.838583 0.823224 0.628997 0.547246 0.633329 0.692742 0.959041 0.825056 0.737215 0.985653 0.792753 0.545594 0.655622 0.814660 0.934503 0.732842 0.844094 0.640473 0.892710 0.917507 0.730943 0.990529 0.751746 0.878001 0.932313 0.658146 0.585808 0.889254 0.806755 0.928211 0.979553 0.672952 0.510340 0.612212 0.593945 0.248559 0.271080 0.470946 0.453556 0.971155 0.758004 0.581162 0.545316 0.660255 0.990344 0.741308 0.954994 0.320465 0.456185 0.746749 0.688906 0.757583 0.723822 0.993972 0.842940 0.836076 0.841293 0.594466 0.479077 0.342619 0.334442 0.544843 0.328985 0.409174 0.374082 0.966866 0.665917 0.787284 0.384479 0.539438 0.585656 0.722280 0.694107 0.983794 0.867988 0.830166 0.855811 0.935446 0.961090 0.795508 0.750587 0.867475 0.646684 0.778819 0.661928 0.977812 0.941871 0.774709 0.624476 0.899336 0.885942 0.959360 0.751478 0.888271 0.816575
0.269435 0.000000 0.621733 0.492188 0.645749 0.819653 0.897444 0.972562 0.591293 0.600500 0.574728 0.481623 0.733498 0.540238 0.810726 0.969290 0.445030 0.394523 0.445242 0.320013 0.639897 0.882736 0.798471 0.628417 0.479907 0.537491 0.648106 0.910741 0.799401 0.729007 0.860600 0.772496 0.578335 0.610377 0.785684 0.948549 0.637811 0.763778 0.542715 0.923355 0.958292 0.683016 0.890538 0.705282 0.829333 0.959589 0.638200 0.594852 0.929674 0.840223 0.924727 0.962104 0.666525 0.514783 0.690804 0.630612 0.248326 0.230953 0.522115 0.516854 0.908820 0.814926 0.696889 0.600632 0.568018 0.988044 0.817712 0.993243 0.307091 0.421338 0.879609 0.727609 0.830178 0.763709 0.991333 0.840675 0.752783 0.873124 0.573966 0.504466 0.359955 0.383140 0.601594 0.366353 0.506882 0.428614 0.957608 0.780333 0.808533 0.415126 0.475611 0.565153 0.646197 0.680802 0.962471 0.925018 0.822087 0.873004 0.874389 0.955795 0.658944 0.702031 0.946538 0.709860 0.855949 0.662413 0.873514 0.975720 0.852475 0.609259 0.932603 0.901477 0.959269 0.777038 0.900110 0.806886
0.708933 0.621733 0.000000 0.405419 0.771980 0.917510 0.810303 0.756328 0.923753 0.827016 0.948951 0.797290 0.633135 0.848443 0.688353 0.752749 0.986151 0.932894 0.699225 0.712442 0.678172 0.911603 0.673686 0.700561 0.447022 0.483045 0.717823 0.969584 0.999369 0.981845 0.648268 0.650802 0.805122 0.791811 0.708583 0.874208 0.552440 0.832647 0.814038 0.824685 0.895750 0.760965 0.723775 0.745232 0.859617 0.947844 0.784011 0.833794 0.886836 0.991595 0.896960 0.990847 0.746024 0.751481 0.819623 0.942466 0.689533 0.680459 0.783038 0.688532 0.887624 0.764401 0.869197 0.955100 0.365498 0.586522 0.861591 0.942943 0.636746 0.743865 0.780511 0.803311 0.838958 0.879116 0.898763 0.924669 0.660993 0.841220 0.845950 0.706096 0.878583 0.759781 0.938032 0.820022 0.843234 0.676677 0.817928 0.806645 0.793086 0.729091 0.827277 0.996798 0.931648 0.959427 0.895664 0.957974 0.668332 0.750547 0.877563 0.781294 0.630393 0.973159 0.937623 0.975567 0.867167 0.774765 0.704598 0.912724 0.916588 0.825402 0.901602 0.938707 0.897037 0.820900 0.622734 0.989920
0.617742 0.492188 0.405419 0.000000 0.772166 0.999263 0.849728 0.558778 0.951634 0.850668 0.843151 0.653219 0.702729 0.658868 0.750803 0.716901 0.808918 0.745771 0.727946 0.725959 0.674188 0.936580 0.841849 0.565915 0.509950 0.479297 0.722489 0.957455 0.977729 0.875245 0.787443 0.746466 0.745991 0.727726 0.747258 0.897187 0.580372 0.730710 0.605055 0.792469 0.949877 0.695905 0.955870 0.826301 0.776417 0.904497 0.913352 0.893780 0.869895 0.994423 0.909893 0.980825 0.777955 0.761868 0.837201 0.840621 0.523821 0.493215 0.779282 0.742889 0.929839 0.832241 0.940179 0.831621 0.548609 0.719557 0.914630 0.943848 0.542987 0.610416 0.936156 0.985419 0.947778 0.983580 0.954076 0.941551 0.703940 0.989064 0.750167 0.760201 0.806329 0.793709 0.864251 0.751935 0.924013 0.638903 0.926866 0.863664 0.803257 0.678797 0.698853 0.742642 0.878220 0.824204 0.994224 0.906291 0.841929 0.780038 0.961562 0.965665 0.616073 0.800826 0.918257 0.881592 0.890144 0.770433 0.736729 0.959642 0.916333 0.802511 0.957497 0.825599 0.916781 0.762694 0.748454 0.888655
0.662943 0.645749 0.771980 0.772166 0.000000 0.892839 0.636312 0.807358 0.749649 0.646300 0.900773 0.948907 0.879546 0.947830 0.897950 0.852889 0.822861 0.815283 0.882377 0.651180 0.746647 0.858268 0.855180 0.876803 0.656165 0.716502 0.796583 0.916317 0.888289 0.950103 0.876215 0.935960 0.959410 0.934912 0.942726 0.782223 0.759201 0.803114 0.840947 0.912229 0.922585 0.739762 0.922593 0.969352 0.668359 0.770485 0.946868 0.947115 0.793552 0.801654 0.678833 0.735152 0.504815 0.472218 0.963893 0.983813 0.558987 0.638374 0.966762 0.774569 0.665058 0.758735 0.882506 0.989660 0.762623 0.972836 0.832746 0.675176 0.597218 0.595830 0.706754 0.684921 0.861159 0.788031 0.886215 0.986008 0.928997 0.868452 0.787039 0.825911 0.699144 0.664068 0.899742 0.728101 0.898132 0.798273 0.914269 0.979545 0.882308 0.797778 0.596385 0.610887 0.773189 0.746507 0.970474 0.976164 0.937441 0.948316 0.745225 0.703830 0.626041 0.608209 0.794434 0.969939 0.837886 0.895620 0.999181 0.992149 0.930106 0.882475 0.842293 0.776581 0.901822 0.889998 0.878253 0.806431
0.787307 0.819653 0.917510 0.999263 0.892839 0.000000 0.810391 0.794749 0.641692 0.774177 0.856036 0.894803 0.936688 0.838964 0.817367 0.791729 0.758623 0.759502 0.773857 0.817425 0.900671 0.840989 0.995726 0.920403 0.925984 0.945830 0.961528 0.748592 0.930182 0.998786 0.827344 0.938518 0.868715 0.963656 0.869246 0.957164 0.939274 0.902251 0.907683 0.775209 0.785191 0.855413 0.892860 0.941030 0.985828 0.931633 0.888897 0.885222 0.911921 0.876581 0.969098 0.985191 0.875501 0.886766 0.985855 0.822867 0.744275 0.767750 0.816697 0.911764 0.877835 0.689078 0.836580 0.870399 0.966054 0.796096 0.873180 0.977803 0.814453 0.903798 0.758322 0.638251 0.677137 0.820300 0.903539 0.857528 0.910187 0.747653 0.932566 0.986370 0.771809 0.776505 0.806874 0.721284 0.739852 0.766659 0.751364 0.900667 0.961124 0.742662 0.778341 0.838069 0.951690 0.806227 0.895144 0.972036 0.891751 0.921466 0.925582 0.930752 0.929764 0.891028 0.955544 0.886301 0.990976 0.998446 0.964706 0.798790 0.895568 0.877367 0.933527 0.956278 0.967888 0.964848 0.879284 0.772265
0.887440 0.897444 0.810303 0.849728 0.636312 0.810391 0.000000 0.344899 0.695694 0.463534 0.990398 0.732631 0.592939 0.857428 0.570168 0.739379 0.962609 0.982110 0.775069 0.958279 0.959648 0.930657 0.499286 0.959271 0.746575 0.846172 0.896810 0.789481 0.553826 0.617000 0.548629 0.753079 0.670142 0.542948 0.817494 0.910944 0.981323 0.929631 0.886700 0.979754 0.865977 0.973617 0.547802 0.542789 0.431887 0.473547 0.712989 0.702294 0.528506 0.475642 0.428481 0.460580 0.484683 0.458266 0.743975 0.742215 0.874632 0.936083 0.769218 0.953087 0.316480 0.406226 0.644059 0.625069 0.944024 0.920840 0.485179 0.469378 0.826188 0.834737 0.489632 0.586803 0.682000 0.572954 0.902630 0.815943 0.590611 0.703331 0.868964 0.918818 0.914527 0.732973 0.897773 0.777362 0.981661 0.892520 0.982450 0.847495 0.879929 0.940905 0.570551 0.573142 0.760142 0.864681 0.698370 0.839315 0.736228 0.889524 0.419445 0.434529 0.752256 0.620345 0.682139 0.810066 0.679177 0.656095 0.827079 0.842736 0.829639 0.810517 0.739404 0.702334 0.472919 0.753477 0.542735 0.802363
0.956015 0.972562 0.756328 0.558778 0.807358 0.794749 0.344899 0.000000 0.735956 0.562787 0.938178 0.686698 0.603506 0.754097 0.613999 0.550874 0.966529 0.974747 0.889044 0.943301 0.960406 0.831516 0.662706 0.843343 0.892405 0.997950 0.973991 0.874232 0.768956 0.715208 0.641799 0.823006 0.756315 0.599658 0.835498 0.972273 0.965650 0.893788 0.877255 0.910733 0.826486 0.922276 0.741134 0.677609 0.685944 0.701352 0.891798 0.885312 0.755184 0.671892 0.588631 0.583411 0.619405 0.581849 0.879842 0.856706 0.987824 0.932330 0.828914 0.995662 0.411687 0.413531 0.728161 0.654776 0.896769 0.773860 0.646761 0.664808 0.900175 0.979578 0.602640 0.705941 0.817799 0.724380 0.896729 0.962140 0.656103 0.797127 0.868678 0.941949 0.890015 0.742210 0.948560 0.804667 0.891686 0.976962 0.910083 0.738557 0.786621 0.948977 0.784683 0.877686 0.859267 0.975224 0.893907 0.919239 0.834805 0.903326 0.663690 0.662719 0.975055 0.885117 0.894453 0.886357 0.799655 0.820009 0.774466 0.863628 0.954937 0.823861 0.856025 0.954119 0.617507 0.754566 0.618233 0.925605
0.491054 0.591293 0.923753 0.951634 0.749649 0.641692 0.695694 0.735956 0.000000 0.545029 0.629856 0.713596 0.982617 0.582409 0.728253 0.725283 0.477388 0.458444 0.681915 0.553167 0.892382 0.772584 0.878980 0.750971 0.782852 0.883005 0.764609 0.946441 0.929132 0.805046 0.746545 0.998450 0.832199 0.883994 0.939995 0.822237 0.858567 0.879831 0.819725 0.938614 0.889008 0.939798 0.850013 0.941780 0.900875 0.972051 0.830857 0.744938 0.927661 0.897913 0.903231 0.922673 0.741187 0.664420 0.721486 0.666474 0.509950 0.538423 0.650675 0.733983 0.769393 0.623397 0.714729 0.689526 0.979002 0.805897 0.858540 0.975544 0.594094 0.567392 0.560400 0.549643 0.730443 0.748317 0.940108 0.918947 0.894511 0.668363 0.772593 0.758572 0.497311 0.511952 0.624496 0.462692 0.625321 0.538493 0.781238 0.623726 0.824072 0.550199 0.565367 0.627325 0.752208 0.767066 0.957931 0.766612 0.962569 0.814121 0.799590 0.829744 0.954036 0.807070 0.885877 0.663084 0.940598 0.886308 0.825954 0.906132 0.833918 0.779751 0.974317 0.923717 0.797907 0.988261 0.779868 0.745858
0.551566 0.600500 0.827016 0.850668 0.646300 0.774177 0.463534 0.562787 0.545029 0.000000 0.789152 0.925564 0.981108 0.791092 0.787741 0.784425 0.812220 0.696639 0.852158 0.626358 0.795881 0.871351 0.804614 0.695888 0.541114 0.656914 0.710741 0.842088 0.716980 0.861772 0.611520 0.814843 0.901938 0.792045 0.982959 0.991720 0.737343 0.804274 0.762302 0.946790 0.928363 0.934753 0.669197 0.751824 0.468925 0.550971 0.878680 0.945005 0.590916 0.646879 0.486520 0.540477 0.415543 0.402317 0.956583 0.975483 0.610847 0.630050 0.949037 0.747253 0.531159 0.506953 0.881463 0.862268 0.764531 0.842553 0.802668 0.689701 0.530179 0.601803 0.540191 0.599387 0.751518 0.632191 0.928745 0.802212 0.751047 0.693356 0.948776 0.824546 0.632579 0.395502 0.805677 0.472238 0.634209 0.488348 0.818408 0.609359 0.849864 0.585514 0.604873 0.639482 0.900854 0.907434 0.902143 0.967336 0.934331 0.987529 0.553642 0.669131 0.738184 0.715518 0.800915 0.986556 0.910066 0.948249 0.998243 0.937167 0.765998 0.962159 0.856532 0.790863 0.562797 0.950984 0.791214 0.759050
0.463748 0.574728 0.948951 0.843151 0.900773 0.856036 0.990398 0.938178 0.629856 0.789152 0.000000 0.570525 0.736875 0.614469 0.953582 0.821189 0.539759 0.438812 0.675351 0.512478 0.750946 0.964519 0.990502 0.988939 0.874091 0.872599 0.873610 0.987004 0.794740 0.721233 0.953334 0.934000 0.696566 0.795345 0.987014 0.969351 0.904272 0.965611 0.851512 0.979032 0.821016 0.874940 0.921378 0.902145 0.915187 0.983815 0.905336 0.805275 0.901754 0.862917 0.883779 0.897764 0.745397 0.653253 0.718879 0.740721 0.545094 0.538610 0.758969 0.788621 0.957506 0.810283 0.607828 0.588740 0.996468 0.828249 0.909267 0.961156 0.547443 0.676894 0.807480 0.894916 0.919164 0.944865 0.964652 0.942735 0.960556 0.975523 0.752278 0.691579 0.528685 0.554689 0.650392 0.532973 0.674328 0.741090 0.893999 0.780004 0.943658 0.664690 0.812303 0.788674 0.893337 0.949300 0.951479 0.847741 0.921763 0.939688 0.833111 0.924786 0.937739 0.969706 0.833228 0.772328 0.737487 0.673359 0.975289 0.975933 0.792861 0.753463 0.889553 0.985164 0.980427 0.847934 0.978359 0.879069
0.420861 0.481623 0.797290 0.653219 0.948907 0.894803 0.732631 0.686698 0.713596 0.925564 0.570525 0.000000 0.491183 0.414649 0.619270 0.779315 0.446851 0.367598 0.476277 0.469280 0.756052 0.839285 0.641084 0.768027 0.856137 0.875999 0.798877 0.913120 0.589950 0.503834 0.781028 0.728236 0.458044 0.460431 0.809975 0.944404 0.886976 0.872512 0.782004 0.910625 0.985598 0.908824 0.837701 0.631016 0.814240 0.690802 0.638517 0.558009 0.630351 0.601193 0.730740 0.682893 0.979232 0.888543 0.538390 0.537350 0.483625 0.445566 0.499078 0.651296 0.672429 0.918244 0.389825 0.353127 0.853399 0.963168 0.627295 0.765474 0.555685 0.690797 0.985979 0.924839 0.888036 0.986602 0.839596 0.980310 0.696014 0.975028 0.529747 0.524122 0.449175 0.587014 0.543176 0.554195 0.560662 0.623896 0.965675 0.809832 0.774342 0.607344 0.777743 0.782878 0.827039 0.690518 0.889198 0.856037 0.897283 0.963706 0.880757 0.922020 0.946897 0.870837 0.804402 0.643046 0.662021 0.601486 0.968535 0.988826 0.874982 0.616034 0.888512 0.918199 0.849141 0.744740 0.724944 0.851149
0.645834 0.733498 0.633135 0.702729 0.879546 0.936688 0.592939 0.603506 0.982617 0.981108 0.736875 0.491183 0.000000 0.568229 0.505976 0.602626 0.849314 0.709925 0.611112 0.744144 0.817774 0.916816 0.510790 0.672812 0.883772 0.870754 0.892663 0.743639 0.783738 0.737511 0.689460 0.690543 0.654875 0.593477 0.741158 0.993809 0.996887 0.913029 0.859954 0.939889 0.836892 0.986521 0.808634 0.738310 0.804859 0.748274 0.717426 0.686150 0.742388 0.657896 0.708838 0.631025 0.857598 0.918718 0.642055 0.707379 0.741242 0.707599 0.520356 0.565082 0.459965 0.689681 0.586708 0.650241 0.711344 0.740373 0.576857 0.579186 0.837794 0.847200 0.860615 0.874237 0.962023 0.986495 0.938630 0.883034 0.740684 0.933192 0.794180 0.588784 0.775356 0.804409 0.774993 0.793179 0.621318 0.611245 0.851003 0.916727 0.737006 0.671538 0.984766 0.935620 0.952407 0.863512 0.895546 0.907409 0.724329 0.958610 0.712650 0.736151 0.973013 0.824984 0.800900 0.859112 0.746811 0.736890 0.954869 0.918243 0.996092 0.765051 0.755471 0.997322 0.780494 0.767889 0.631533 0.924896
0.499665 0.540238 0.848443 0.658868 0.947830 0.838964 0.857428 0.754097 0.582409 0.791092 0.614469 0.414649 0.568229 0.000000 0.749450 0.728042 0.507954 0.405679 0.542906 0.531328 0.826844 0.980776 0.759427 0.603035 0.844442 0.823104 0.875400 0.783497 0.740847 0.461539 0.914428 0.797190 0.584367 0.567309 0.847037 0.859327 0.847119 0.831259 0.676758 0.838984 0.923970 0.934439 0.993348 0.824437 0.935234 0.844660 0.811064 0.695173 0.813791 0.750439 0.867324 0.803989 0.931895 0.896289 0.566213 0.544684 0.529241 0.499376 0.584987 0.703036 0.755412 0.881323 0.502590 0.499756 0.894926 0.856138 0.697822 0.793963 0.641833 0.651390 0.887241 0.789882 0.898435 0.927426 0.960232 0.907160 0.831134 0.872667 0.688760 0.542162 0.468811 0.558542 0.463082 0.455685 0.603469 0.488706 0.747256 0.668745 0.629349 0.581376 0.693166 0.673227 0.849944 0.663416 0.914651 0.901699 0.892779 0.977370 0.960485 0.970871 0.838782 0.892778 0.967050 0.738741 0.865494 0.769865 0.986513 0.952853 0.885375 0.863599 0.936047 0.877919 0.978904 0.837979 0.897636 0.855140
0.875516 0.810726 0.688353 0.750803 0.897950 0.817367 0.570168 0.613999 0.728253 0.787741 0.953582 0.619270 0.505976 0.749450 0.000000 0.493630 0.947058 0.903276 0.674523 0.849747 0.874053 0.948527 0.411198 0.770821 0.986699 0.954835 0.993642 0.775973 0.669672 0.656636 0.470880 0.690537 0.610453 0.555192 0.674791 0.924116 0.879883 0.904431 0.910077 0.912265 0.878134 0.898143 0.592194 0.593924 0.682441 0.671715 0.664503 0.615664 0.674986 0.680295 0.620198 0.538432 0.756965 0.816444 0.694007 0.703850 0.915906 0.886561 0.686445 0.781925 0.464654 0.603869 0.732961 0.719475 0.721016 0.758637 0.675642 0.645477 0.991052 0.945096 0.692180 0.690991 0.800246 0.923313 0.936357 0.879368 0.619030 0.740148 0.729201 0.649685 0.806948 0.956513 0.868223 0.958599 0.747124 0.848046 0.964237 0.959660 0.876326 0.916296 0.913898 0.938482 0.924498 0.820582 0.846979 0.940934 0.907020 0.951433 0.651081 0.675706 0.880719 0.910126 0.865739 0.895316 0.846607 0.699556 0.796120 0.993343 0.830783 0.840270 0.833323 0.905172 0.818101 0.800959 0.519232 0.894315
0.920748 0.969290 0.752749 0.716901 0.852889 0.791729 0.739379 0.550874 0.725283 0.784425 0.821189 0.779315 0.602626 0.728042 0.493630 0.000000 0.922638 0.917526 0.997606 0.906512 0.944888 0.962513 0.690047 0.741052 0.992751 0.962834 0.908152 0.776173 0.927831 0.769153 0.652050 0.775627 0.913217 0.776569 0.931559 0.991176 0.971072 0.920080 0.813731 0.877628 0.729381 0.936778 0.904220 0.952365 0.934219 0.939398 0.996979 0.979257 0.978056 0.975036 0.819899 0.717870 0.804048 0.791539 0.978153 0.948164 0.947911 0.981809 0.869729 0.944265 0.577404 0.562973 0.961454 0.933456 0.857583 0.625186 0.932666 0.794377 0.854652 0.977160 0.731760 0.780674 0.858104 0.988502 0.913207 0.996191 0.833346 0.965378 0.923710 0.760847 0.944103 0.868458 0.891316 0.875134 0.904345 0.942480 0.959613 0.785297 0.882958 0.921432 0.932632 0.875401 0.869441 0.738342 0.962265 0.886697 0.898906 0.890890 0.941393 0.956812 0.773202 0.952161 0.800463 0.840828 0.846189 0.983115 0.862160 0.929707 0.892333 0.979293 0.950145 0.950495 0.971150 0.959757 0.739887 0.923801
0.410680 0.445030 0.986151 0.808918 0.822861 0.758623 0.962609 0.966529 0.477388 0.812220 0.539759 0.446851 0.849314 0.507954 0.947058 0.922638 0.000000 0.291474 0.510593 0.397013 0.762838 0.834142 0.880929 0.895042 0.889732 0.961603 0.804106 0.985446 0.558231 0.449221 0.916280 0.867678 0.495563 0.539436 0.974100 0.950198 0.743486 0.851890 0.780713 0.853414 0.897349 0.777674 0.938763 0.635017 0.879841 0.694622 0.621585 0.524956 0.640373 0.593613 0.806625 0.767137 0.943526 0.812829 0.611127 0.500663 0.403106 0.387013 0.569730 0.723812 0.970185 0.798839 0.439500 0.375800 0.982944 0.730595 0.686967 0.873690 0.512041 0.584447 0.861288 0.696804 0.849380 0.898119 0.900555 0.990868 0.818619 0.924679 0.527060 0.597373 0.337002 0.524140 0.481372 0.501685 0.554992 0.607427 0.964519 0.661233 0.908782 0.561165 0.697352 0.686884 0.731165 0.685619 0.853588 0.788627 0.926386 0.913395 0.986616 0.975814 0.947446 0.780118 0.812581 0.603702 0.745458 0.703444 0.979526 0.959091 0.928602 0.706998 0.997831 0.775752 0.941235 0.887823 0.998640 0.878909
0.315115 0.394523 0.932894 0.745771 0.815283 0.759502 0.982110 0.974747 0.458444 0.696639 0.438812 0.367598 0.709925 0.405679 0.903276 0.917526 0.291474 0.000000 0.422502 0.343381 0.761792 0.858338 0.850172 0.760610 0.827511 0.885256 0.827531 0.962116 0.624128 0.522247 0.980480 0.843338 0.486541 0.533707 0.927982 0.950737 0.805155 0.857792 0.742602 0.840819 0.906842 0.789954 0.976304 0.709027 0.934662 0.781369 0.692674 0.571907 0.717296 0.680880 0.929650 0.891606 0.830895 0.703243 0.566051 0.469410 0.351258 0.346134 0.513595 0.640573 0.959425 0.809975 0.417942 0.400541 0.875630 0.857205 0.671658 0.847358 0.442712 0.522895 0.814189 0.699592 0.856250 0.898005 0.914048 0.941551 0.921050 0.889730 0.516237 0.518197 0.279344 0.385411 0.479591 0.354453 0.453987 0.497437 0.871108 0.582244 0.859615 0.481026 0.667228 0.642311 0.747270 0.681092 0.844533 0.808633 0.911016 0.870352 0.965455 0.998602 0.887512 0.800459 0.850351 0.609751 0.736528 0.634072 0.959133 0.980519 0.774511 0.686958 0.934897 0.881494 0.996772 0.779216 0.936330 0.879607
0.443267 0.445242 0.699225 0.727946 0.882377 0.773857 0.775069 0.889044 0.681915 0.852158 0.675351 0.476277 0.611112 0.542906 0.674523 0.997606 0.510593 0.422502 0.000000 0.387145 0.743446 0.820343 0.476439 0.745591 0.735967 0.850799 0.767492 0.913451 0.548562 0.589644 0.654366 0.646838 0.367254 0.427809 0.745306 0.913382 0.737340 0.987839 0.779538 0.976927 0.941893 0.862785 0.564765 0.450384 0.681901 0.526836 0.407550 0.351227 0.535247 0.487118 0.679251 0.625981 0.973187 0.885895 0.543341 0.423031 0.472501 0.474214 0.389778 0.494278 0.721289 0.974329 0.499677 0.498565 0.606309 0.990475 0.482249 0.603755 0.574135 0.687038 0.954758 0.874226 0.951980 0.973874 0.938306 0.992940 0.751835 0.974497 0.525975 0.517320 0.433949 0.517614 0.532893 0.483616 0.379974 0.478829 0.874368 0.720700 0.778985 0.461668 0.817599 0.940992 0.821328 0.750067 0.746942 0.732544 0.772504 0.773228 0.711931 0.661306 0.896295 0.921084 0.724322 0.567359 0.659784 0.492237 0.890681 0.996919 0.970220 0.646322 0.774812 0.763161 0.791183 0.669189 0.727805 0.965268
0.311460 0.320013 0.712442 0.725959 0.651180 0.817425 0.958279 0.943301 0.553167 0.626358 0.512478 0.469280 0.744144 0.531328 0.849747 0.906512 0.397013 0.343381 0.387145 0.000000 0.697262 0.800941 0.753405 0.738091 0.649479 0.717438 0.670029 0.994578 0.711993 0.656401 0.859595 0.830658 0.515765 0.604262 0.812097 0.975572 0.702098 0.806347 0.696925 0.908007 0.900001 0.741977 0.834030 0.663872 0.986688 0.848966 0.616526 0.566942 0.805041 0.751757 0.997634 0.956102 0.712230 0.558678 0.595049 0.574692 0.341632 0.338919 0.544074 0.561957 0.960473 0.824946 0.608300 0.555149 0.668415 0.953905 0.732172 0.915829 0.388827 0.489398 0.828355 0.707393 0.982374 0.919543 0.925954 0.925303 0.805432 0.900221 0.567930 0.548579 0.328610 0.342225 0.584563 0.350392 0.431136 0.466495 0.974835 0.685496 0.852810 0.429991 0.633621 0.711205 0.764467 0.691031 0.887721 0.773736 0.877552 0.855886 0.966137 0.988346 0.743783 0.749443 0.894542 0.652675 0.739289 0.648679 0.950697 0.993425 0.939811 0.644698 0.887083 0.947837 0.961775 0.838759 0.949915 0.827399
0.627083 0.639897 0.678172 0.674188 0.746647 0.900671 0.959648 0.960406 0.892382 0.795881 0.750946 0.756052 0.817774 0.826844 0.874053 0.944888 0.762838 0.761792 0.743446 0.697262 0.000000 0.889849 0.873744 0.895974 0.653645 0.701073 0.834714 0.916098 0.897577 0.938770 0.865463 0.656165 0.690477 0.781021 0.985801 0.904559 0.805413 0.792773 0.830368 0.789996 0.972246 0.783962 0.883355 0.755561 0.993889 0.940900 0.809332 0.699282 0.942298 0.867120 0.994963 0.939742 0.941496 0.764846 0.745072 0.878851 0.584137 0.647737 0.761301 0.680452 0.991348 0.994178 0.864117 0.842236 0.661027 0.914423 0.893133 0.939551 0.604660 0.793547 0.894820 0.887274 0.924857 0.924353 0.969235 0.985228 0.805668 0.908304 0.768337 0.654865 0.709780 0.706597 0.736896 0.777329 0.775537 0.708045 0.889480 0.919597 0.880225 0.745169 0.832397 0.857447 0.990578 0.935223 0.894270 0.882149 0.865140 0.892105 0.896031 0.900889 0.780387 0.851028 0.937506 0.769961 0.869407 0.744438 0.897967 0.975176 0.890470 0.780809 0.953834 0.877501 0.998326 0.611810 0.719975 0.838258
0.838583 0.882736 0.911603 0.936580 0.858268 0.840989 0.930657 0.831516 0.772584 0.871351 0.964519 0.839285 0.916816 0.980776 0.948527 0.962513 0.834142 0.858338 0.820343 0.800941 0.889849 0.000000 0.849319 0.904538 0.826333 0.845837 0.865835 0.945079 0.757349 0.915604 0.969713 0.903076 0.925264 0.827425 0.929727 0.869751 0.902550 0.948610 0.992188 0.887161 0.877403 0.948497 0.887285 0.897452 0.982314 0.928114 0.765438 0.804671 0.937574 0.962901 0.977457 0.988457 0.905717 0.811865 0.865959 0.891669 0.887984 0.925973 0.876261 0.866377 0.924436 0.937732 0.997138 0.971742 0.867968 0.999270 0.882400 0.999111 0.831418 0.958248 0.952673 0.961630 0.964041 0.896086 0.920004 0.930076 0.908197 0.841464 0.892106 0.848681 0.819047 0.837839 0.872875 0.901998 0.881591 0.859657 0.979302 0.853205 0.957892 0.820499 0.851089 0.947509 0.900743 0.923103 0.986304 0.901962 0.932143 0.968629 0.938016 0.930985 0.989499 0.896305 0.989872 0.983539 0.850833 0.880260 0.967165 0.949088 0.957906 0.834264 0.984334 0.948021 0.960927 0.998784 0.949628 0.981027
0.823224 0.798471 0.673686 0.841849 0.855180 0.995726 0.499286 0.662706 0.878980 0.804614 0.990502 0.641084 0.510790 0.759427 0.411198 0.690047 0.880929 0.850172 0.476439 0.753405 0.873744 0.849319 0.000000 0.765896 0.927475 0.960906 0.975440 0.724281 0.597493 0.697061 0.421244 0.545087 0.501288 0.512335 0.691117 0.968892 0.973234 0.859297 0.925530 0.947091 0.836764 0.992961 0.439297 0.452896 0.508996 0.447508 0.426814 0.477677 0.483658 0.487167 0.494743 0.439557 0.692577 0.765827 0.629280 0.587858 0.910812 0.873325 0.530069 0.684548 0.444930 0.652495 0.667607 0.676886 0.634339 0.853115 0.454505 0.490409 0.941911 0.997012 0.673657 0.803280 0.759959 0.829592 0.940281 0.913398 0.584277 0.858937 0.731469 0.655557 0.812480 0.905209 0.757135 0.883947 0.562825 0.724433 0.960711 0.887688 0.842071 0.701298 0.926536 0.799687 0.995402 0.866096 0.765372 0.906371 0.813515 0.864856 0.498429 0.525216 0.974900 0.839879 0.731289 0.774231 0.764216 0.606689 0.878127 0.972511 0.959728 0.777483 0.757875 0.767242 0.662037 0.788691 0.498197 0.944704
0.628997 0.628417 0.700561 0.565915 0.876803 0.920403 0.959271 0.843343 0.750971 0.695888 0.988939 0.768027 0.672812 0.603035 0.770821 0.741052 0.895042 0.760610 0.745591 0.738091 0.895974 0.904538 0.765896 0.000000 0.654783 0.666754 0.794933 0.911230 0.914104 0.950413 0.977785 0.793166 0.842821 0.844237 0.770322 0.967042 0.905321 0.871077 0.636405 0.847829 0.899956 0.865801 0.895711 0.990052 0.829000 0.912588 0.909007 0.881657 0.893886 0.970976 0.941643 0.955952 0.802113 0.777253 0.838109 0.786460 0.655952 0.657313 0.632805 0.621891 0.938219 0.971378 0.886133 0.936078 0.705523 0.661504 0.785091 0.866878 0.710709 0.673932 0.826260 0.799178 0.758756 0.745794 0.999461 0.767934 0.939941 0.754121 0.882542 0.800333 0.787450 0.696115 0.755071 0.665396 0.690433 0.427090 0.839174 0.774648 0.686334 0.544933 0.698703 0.678782 0.882880 0.734582 0.935302 0.974488 0.957460 0.846954 0.959023 0.939431 0.673943 0.788220 0.882683 0.896079 0.951626 0.945425 0.902915 0.862921 0.831529 0.845703 0.886750 0.818845 0.858633 0.949806 0.878337 0.844621
0.547246 0.479907 0.447022 0.509950 0.656165 0.925984 0.746575 0.892405 0.782852 0.541114 0.874091 0.856137 0.883772 0.844442 0.986699 0.992751 0.889732 0.827511 0.735967 0.649479 0.653645 0.826333 0.927475 0.654783 0.000000 0.301077 0.593354 0.837644 0.808134 0.841244 0.902099 0.794018 0.876362 0.968445 0.764444 0.889737 0.651285 0.765622 0.606402 0.895066 0.881504 0.707700 0.909020 0.884524 0.631791 0.773351 0.829581 0.843184 0.735142 0.825311 0.667866 0.760219 0.554521 0.456495 0.925410 0.916108 0.539164 0.550034 0.776382 0.554372 0.733922 0.902489 0.762225 0.869816 0.383127 0.670639 0.986642 0.836989 0.479081 0.635045 0.942084 0.855121 0.906451 0.894677 0.921943 0.930256 0.813882 0.957593 0.821824 0.723540 0.793586 0.589098 0.911171 0.616218 0.776673 0.508132 0.847377 0.964993 0.806803 0.550218 0.518540 0.753969 0.810618 0.918214 0.952445 0.944119 0.768881 0.872726 0.850920 0.955520 0.610206 0.763992 0.943568 0.917717 0.902098 0.759921 0.804821 0.960117 0.907100 0.803017 0.909228 0.733168 0.915771 0.866548 0.842498 0.902805
0.633329 0.537491 0.483045 0.479297 0.716502 0.945830 0.846172 0.997950 0.883005 0.656914 0.872599 0.875999 0.870754 0.823104 0.954835 0.962834 0.961603 0.885256 0.850799 0.717438 0.701073 0.845837 0.960906 0.666754 0.301077 0.000000 0.626965 0.832194 0.810234 0.878091 0.871786 0.828256 0.944669 0.945438 0.840946 0.873331 0.669242 0.677770 0.579281 0.989604 0.988652 0.605087 0.954961 0.952844 0.613062 0.717608 0.914464 0.954115 0.717361 0.791449 0.666009 0.752944 0.610257 0.532591 0.898493 0.919700 0.636878 0.596672 0.930740 0.658944 0.764049 0.984731 0.774682 0.871852 0.472946 0.666693 0.890208 0.789566 0.506562 0.651505 0.993270 0.906013 0.966001 0.958616 0.893799 0.976497 0.784798 0.984746 0.850667 0.743718 0.849552 0.684939 0.989437 0.671064 0.884702 0.618027 0.838361 0.972377 0.748092 0.640893 0.613161 0.837998 0.933026 0.998011 0.923610 0.934522 0.720202 0.927500 0.923495 0.896544 0.655721 0.862001 0.898124 0.956703 0.846976 0.794589 0.808607 0.974244 0.936966 0.820184 0.871378 0.778259 0.967454 0.814397 0.870731 0.931708
0.692742 0.648106 0.717823 0.722489 0.796583 0.961528 0.896810 0.973991 0.764609 0.710741 0.873610 0.798877 0.892663 0.875400 0.993642 0.908152 0.804106 0.827531 0.767492 0.670029 0.834714 0.865835 0.975440 0.794933 0.593354 0.626965 0.000000 0.740711 0.929816 0.999767 0.945179 0.952648 0.944676 0.886922 0.945227 0.961644 0.706436 0.850566 0.817021 0.860695 0.937506 0.864174 0.932298 0.845594 0.842034 0.949497 0.815769 0.803905 0.963526 0.986986 0.870406 0.977912 0.778198 0.725311 0.823553 0.817407 0.675799 0.663087 0.793956 0.685319 0.869362 0.896673 0.991530 0.903168 0.794653 0.901629 0.927705 0.958194 0.694252 0.726573 0.944134 0.940405 0.887092 0.993598 0.832059 0.962783 0.827701 0.991121 0.863663 0.862430 0.875649 0.712649 0.893522 0.656500 0.857685 0.682212 0.958643 0.866292 0.852930 0.615901 0.756723 0.990673 0.944605 0.926098 0.981902 0.820938 0.806446 0.788201 0.999806 0.991611 0.829958 0.894325 0.902693 0.826345 0.837486 0.808076 0.994860 0.955596 0.958953 0.798100 0.751305 0.937091 0.990814 0.984973 0.883428 0.982061
0.959041 0.910741 0.969584 0.957455 0.916317 0.748592 0.789481 0.874232 0.946441 0.842088 0.987004 0.913120 0.743639 0.783497 0.775973 0.776173 0.985446 0.962116 0.913451 0.994578 0.916098 0.945079 0.724281 0.911230 0.837644 0.832194 0.740711 0.000000 0.913578 0.869771 0.847661 0.830750 0.802457 0.871078 0.933744 0.994995 0.812896 0.802448 0.893446 0.806660 0.955515 0.716314 0.967764 0.977804 0.802609 0.799665 0.876532 0.890143 0.798447 0.755798 0.720907 0.704115 0.870665 0.811979 0.839873 0.891626 0.948879 0.931820 0.809520 0.901544 0.684535 0.877957 0.780320 0.909017 0.988907 0.947905 0.758299 0.781256 0.883896 0.786887 0.950325 0.937219 0.915574 0.885896 0.941620 0.983176 0.896854 0.982218 0.924369 0.918715 0.994625 0.885202 0.813291 0.982269 0.911814 0.974984 0.869891 0.919017 0.983809 0.925102 0.965484 0.968638 0.904291 0.826385 0.996235 0.927146 0.956721 0.883215 0.851827 0.887462 0.988374 0.887872 0.886842 0.919981 0.897686 0.949722 0.986680 0.856934 0.906463 0.947324 0.945538 0.958398 0.936752 0.932590 0.995064 0.926718
0.825056 0.799401 0.999369 0.977729 0.888289 0.930182 0.553826 0.768956 0.929132 0.716980 0.794740 0.589950 0.783738 0.740847 0.669672 0.927831 0.558231 0.624128 0.548562 0.711993 0.897577 0.757349 0.597493 0.914104 0.808134 0.810234 0.929816 0.913578 0.000000 0.360018 0.629765 0.700263 0.474758 0.375823 0.913570 0.919437 0.902990 0.919583 0.959452 0.989232 0.980639 0.945877 0.571748 0.473073 0.483806 0.428107 0.531434 0.453777 0.419735 0.451668 0.471197 0.523181 0.643496 0.724553 0.667753 0.584979 0.813374 0.806114 0.661274 0.900476 0.591014 0.757258 0.484289 0.450908 0.978077 0.833571 0.550601 0.595631 0.938172 0.931203 0.689510 0.828098 0.790413 0.714312 0.897410 0.883319 0.708453 0.744809 0.593343 0.685725 0.617213 0.915319 0.605876 0.920052 0.780523 0.999366 0.994784 0.891707 0.906594 0.901290 0.893288 0.886596 0.868351 0.905935 0.759955 0.764717 0.852554 0.890798 0.623764 0.638540 0.782742 0.864106 0.679459 0.721233 0.705806 0.575958 0.843674 0.846714 0.910795 0.772680 0.838986 0.612811 0.655607 0.681553 0.722436 0.900339
0.737215 0.729007 0.981845 0.875245 0.950103 0.998786 0.617000 0.715208 0.805046 0.861772 0.721233 0.503834 0.737511 0.461539 0.656636 0.769153 0.449221 0.522247 0.589644 0.656401 0.938770 0.915604 0.697061 0.950413 0.841244 0.878091 0.999767 0.869771 0.360018 0.000000 0.713670 0.772903 0.490407 0.414051 0.926236 0.838524 0.797817 0.870612 0.927571 0.899756 0.952494 0.931327 0.807661 0.609514 0.674201 0.585764 0.654575 0.549802 0.565051 0.560420 0.607436 0.588283 0.775299 0.815914 0.605913 0.532963 0.743102 0.697866 0.666315 0.912388 0.601841 0.752491 0.468156 0.396422 0.903157 0.935091 0.647614 0.680968 0.848280 0.858872 0.878679 0.949418 0.858131 0.823968 0.885536 0.864175 0.722663 0.896450 0.573111 0.587436 0.532141 0.826849 0.540659 0.748598 0.810837 0.882971 0.878624 0.812421 0.853255 0.850372 0.949909 0.918276 0.830039 0.783860 0.814323 0.818647 0.908123 0.909143 0.830965 0.819174 0.887724 0.986389 0.858631 0.755881 0.776548 0.679838 0.864010 0.901358 0.969171 0.840145 0.965996 0.625592 0.811416 0.806459 0.826903 0.898952
0.985653 0.860600 0.648268 0.787443 0.876215 0.827344 0.548629 0.641799 0.746545 0.611520 0.953334 0.781028 0.689460 0.914428 0.470880 0.652050 0.916280 0.980480 0.654366 0.859595 0.865463 0.969713 0.421244 0.977785 0.902099 0.871786 0.945179 0.847661 0.629765 0.713670 0.000000 0.541736 0.530120 0.518912 0.776407 0.969446 0.863318 0.932372 0.942049 0.980477 0.847479 0.919663 0.422341 0.448158 0.597878 0.530146 0.506108 0.529635 0.595971 0.579824 0.524528 0.492869 0.671490 0.745731 0.728232 0.711629 0.966209 0.940854 0.707579 0.821006 0.553171 0.552234 0.831714 0.764729 0.690017 0.887592 0.621678 0.595878 0.961555 0.922930 0.571973 0.677629 0.713094 0.726638 0.997736 0.783720 0.531047 0.666289 0.690097 0.758714 0.942902 0.889824 0.908854 0.929649 0.873295 0.941697 0.792211 0.853991 0.905145 0.907991 0.982061 0.778612 0.947000 0.941564 0.767140 0.864628 0.731518 0.932132 0.514151 0.543280 0.974316 0.837018 0.755808 0.889223 0.829926 0.655568 0.731735 0.848978 0.815074 0.865386 0.748159 0.732107 0.632617 0.823114 0.542506 0.778677
0.792753 0.772496 0.650802 0.746466 0.935960 0.938518 0.753079 0.823006 0.998450 0.814843 0.934000 0.728236 0.690543 0.797190 0.690537 0.775627 0.867678 0.843338 0.646838 0.830658 0.656165 0.903076 0.545087 0.793166 0.794018 0.828256 0.952648 0.830750 0.700263 0.772903 0.541736 0.000000 0.540327 0.627816 0.958875 0.933450 0.966433 0.935827 0.962474 0.868176 0.870081 0.886338 0.685200 0.609348 0.718737 0.628153 0.508746 0.563403 0.650511 0.673606 0.683510 0.626500 0.858408 0.974880 0.683311 0.658477 0.744057 0.781942 0.579203 0.668410 0.711117 0.746462 0.781018 0.791856 0.730639 0.947359 0.679466 0.696012 0.801790 0.941973 0.854804 0.820061 0.934133 0.907597 0.974196 0.974868 0.671860 0.891888 0.693822 0.631061 0.792165 0.913288 0.686361 0.901804 0.810645 0.818452 0.826902 0.907376 0.937743 0.751472 0.888420 0.963046 0.871653 0.883829 0.884609 0.919306 0.739458 0.800349 0.674786 0.739497 0.918165 0.934444 0.823431 0.777392 0.960143 0.662291 0.965272 0.929707 0.982485 0.856301 0.810867 0.912887 0.698155 0.735093 0.627525 0.941720
0.545594 0.578335 0.805122 0.745991 0.959410 0.868715 0.670142 0.756315 0.832199 0.901938 0.696566 0.458044 0.654875 0.584367 0.610453 0.913217 0.495563 0.486541 0.367254 0.515765 0.690477 0.925264 0.501288 0.842821 0.876362 0.944669 0.944676 0.802457 0.474758 0.490407 0.530120 0.540327 0.000000 0.381418 0.751527 0.994750 0.879575 0.978456 0.885723 0.924685 0.908751 0.833110 0.615562 0.425413 0.601119 0.463160 0.446495 0.373509 0.469968 0.432226 0.546954 0.523341 0.820820 0.954269 0.587413 0.458583 0.547651 0.558033 0.468079 0.621245 0.611753 0.839753 0.452461 0.430569 0.730541 0.931657 0.483167 0.618473 0.676127 0.793654 0.907505 0.972679 0.980850 0.902829 0.911319 0.953156 0.690074 0.814150 0.489050 0.547376 0.511230 0.717214 0.541631 0.640136 0.558219 0.660674 0.969813 0.847358 0.879006 0.628277 0.843344 0.942325 0.834053 0.749698 0.732142 0.828290 0.815643 0.856064 0.648071 0.638146 0.955862 0.912546 0.715859 0.606814 0.648852 0.534165 0.979483 0.937472 0.971750 0.722457 0.772965 0.777863 0.709507 0.618895 0.681769 0.923454
0.655622 0.610377 0.791811 0.727726 0.934912 0.963656 0.542948 0.599658 0.883994 0.792045 0.795345 0.460431 0.593477 0.567309 0.555192 0.776569 0.539436 0.533707 0.427809 0.604262 0.781021 0.827425 0.512335 0.844237 0.968445 0.945438 0.886922 0.871078 0.375823 0.414051 0.518912 0.627816 0.381418 0.000000 0.808454 0.843601 0.793302 0.927425 0.803950 0.953402 0.884172 0.796904 0.538237 0.376012 0.553721 0.453202 0.445467 0.393312 0.471334 0.443815 0.486483 0.459538 0.714621 0.806302 0.572098 0.456952 0.660982 0.649334 0.473622 0.712276 0.516825 0.655791 0.447008 0.403172 0.796639 0.992000 0.473802 0.549553 0.812050 0.839023 0.778328 0.889949 0.898077 0.790624 0.959355 0.922056 0.588560 0.720737 0.515105 0.595904 0.625418 0.874997 0.626399 0.766464 0.713389 0.747852 0.983769 0.913671 0.797582 0.706731 0.903323 0.966681 0.845310 0.729023 0.754504 0.764933 0.767303 0.809963 0.582602 0.587965 0.981506 0.931203 0.733868 0.676144 0.668217 0.507075 0.806743 0.991786 0.981901 0.698273 0.871979 0.747377 0.713651 0.659045 0.596852 0.879964
0.814660 0.785684 0.708583 0.747258 0.942726 0.869246 0.817494 0.835498 0.939995 0.982959 0.987014 0.809975 0.741158 0.847037 0.674791 0.931559 0.974100 0.927982 0.745306 0.812097 0.985801 0.929727 0.691117 0.770322 0.764444 0.840946 0.945227 0.933744 0.913570 0.926236 0.776407 0.958875 0.751527 0.808454 0.000000 0.969224 0.936882 0.832258 0.866828 0.887879 0.765955 0.903927 0.723562 0.724789 0.886873 0.851909 0.749072 0.762158 0.922686 0.832013 0.858869 0.875600 0.993740 0.955280 0.868811 0.792978 0.837166 0.824865 0.775562 0.726874 0.781016 0.802328 0.920309 0.903582 0.642277 0.821912 0.762095 0.835353 0.911762 0.986318 0.846736 0.944639 0.980550 0.906239 0.870095 0.985041 0.665913 0.819516 0.881249 0.884932 0.905259 0.911696 0.982176 0.865402 0.785396 0.771857 0.915390 0.963180 0.867414 0.769446 0.863517 0.926793 0.906162 0.763909 0.956945 0.874808 0.865074 0.943989 0.864688 0.774625 0.783520 0.922263 0.897118 0.850525 0.804842 0.913391 0.888701 0.910004 0.974744 0.878435 0.869245 0.893643 0.808456 0.895412 0.739658 0.983794
0.934503 0.948549 0.874208 0.897187 0.782223 0.957164 0.910944 0.972273 0.822237 0.991720 0.969351 0.944404 0.993809 0.859327 0.924116 0.991176 0.950198 0.950737 0.913382 0.975572 0.904559 0.869751 0.968892 0.967042 0.889737 0.873331 0.961644 0.994995 0.919437 0.838524 0.969446 0.933450 0.994750 0.843601 0.969224 0.000000 0.914789 0.993511 0.964055 0.960952 0.764194 0.921500 0.970124 0.929740 0.810850 0.872604 0.924076 0.855233 0.929825 0.871952 0.835003 0.874212 0.806608 0.763605 0.891928 0.815366 0.890157 0.926341 0.888757 0.925588 0.880917 0.929201 0.869830 0.924850 0.907062 0.979106 0.808125 0.756848 0.840546 0.973857 0.957557 0.985633 0.940607 0.995332 0.849591 0.934989 0.953445 0.997586 0.984600 0.990304 0.962174 0.927353 0.922168 0.957809 0.955699 0.872751 0.818437 0.819463 0.955440 0.857650 0.920077 0.899710 0.906360 0.971146 0.998382 0.773816 0.936962 0.742616 0.893126 0.787672 0.869353 0.917862 0.894069 0.749150 0.971776 0.963126 0.996091 0.982278 0.929294 0.937854 0.913482 0.771231 0.966675 0.983711 0.955989 0.851918
0.732842 0.637811 0.552440 0.580372 0.759201 0.939274 0.981323 0.965650 0.858567 0.737343 0.904272 0.886976 0.996887 0.847119 0.879883 0.971072 0.743486 0.805155 0.737340 0.702098 0.805413 0.902550 0.973234 0.905321 0.651285 0.669242 0.706436 0.812896 0.902990 0.797817 0.863318 0.966433 0.879575 0.793302 0.936882 0.914789 0.000000 0.765152 0.735452 0.834476 0.943282 0.828719 0.843460 0.798657 0.849475 0.935432 0.856364 0.803421 0.889215 0.954109 0.854899 0.941549 0.786750 0.774991 0.799539 0.842602 0.706304 0.693666 0.956041 0.944732 0.888815 0.973289 0.915133 0.959009 0.644093 0.820364 0.993511 0.914156 0.681652 0.750533 0.986685 0.845204 0.837712 0.909158 0.924401 0.859723 0.827464 0.925327 0.767886 0.796903 0.758293 0.766497 0.897505 0.768728 0.905561 0.762724 0.900092 0.976037 0.778618 0.794932 0.786474 0.895613 0.719749 0.925014 0.979615 0.955222 0.885922 0.818483 0.949514 0.929769 0.747459 0.865751 0.998966 0.786349 0.835235 0.790160 0.718639 0.858012 0.896884 0.941875 0.907961 0.949012 0.932830 0.867919 0.794662 0.983255
0.844094 0.763778 0.832647 0.730710 0.803114 0.902251 0.929631 0.893788 0.879831 0.804274 0.965611 0.872512 0.913029 0.831259 0.904431 0.920080 0.851890 0.857792 0.987839 0.806347 0.792773 0.948610 0.859297 0.871077 0.765622 0.677770 0.850566 0.802448 0.919583 0.870612 0.932372 0.935827 0.978456 0.927425 0.832258 0.993511 0.765152 0.000000 0.771613 0.988020 0.871087 0.646703 0.931742 0.979696 0.776094 0.785225 0.891438 0.877658 0.823072 0.787434 0.818599 0.766638 0.865692 0.815620 0.964426 0.986416 0.760883 0.754424 0.877927 0.956652 0.837664 0.909992 0.933497 0.956444 0.875231 0.788185 0.823391 0.778982 0.685341 0.677144 0.983778 0.947202 0.876431 0.891960 0.871442 0.889414 0.985969 0.935006 0.744717 0.844319 0.839526 0.753912 0.809300 0.840970 0.930316 0.919501 0.775155 0.978729 0.775178 0.877865 0.860195 0.782039 0.951845 0.969459 0.901160 0.856315 0.999558 0.873322 0.873000 0.847731 0.877725 0.852166 0.825365 0.929269 0.979504 0.906534 0.857495 0.708480 0.939056 0.912526 0.882831 0.787831 0.835130 0.785586 0.941740 0.847599
