0.000000 0.235269 0.905667 0.927195 0.710795 0.868852 0.731552 0.669303 0.998548 0.946792 0.310546 0.272655 0.384593 0.450654 0.758570 0.862567 0.288211 0.252488 0.360445 0.294990 0.875528 0.931344 0.841962 0.996443 0.753751 0.641915 0.924820 0.822221 0.397514 0.301770 0.837922 0.960056 0.454235 0.423671 0.989480 0.857972 0.856377 0.877139 0.911100 0.982928 0.948452 0.892372 0.926175 0.994322 0.915592 0.821948 0.630048 0.616402 0.611164 0.571953 0.590140 0.571841 0.941522 0.789801 0.532846 0.644001 0.240794 0.236274 0.386587 0.376770 0.300663 0.303613 0.258377 0.241742 0.984986 0.802090 0.854289 0.944129 0.416147 0.350178 0.994354 0.752067 0.700046 0.870605 0.756541 0.800507 0.981495 0.879583 0.478133 0.512971 0.220115 0.279476 0.419283 0.341859 0.391027 0.631323 0.633204 0.590860 0.555770 0.581488 0.554597 0.445676 0.487611 0.409927 0.756979 0.983774 0.516294 0.998747 0.825364 0.948778 0.851630 0.849532 0.725332 0.740999 0.910815 0.800522 0.892178 0.877418 0.815647 0.690693 0.897367 0.740871 0.973480 0.820706 0.805161 0.605992
0.235269 0.000000 0.912297 0.984262 0.776217 0.923962 0.809691 0.632457 0.921675 0.884966 0.390157 0.239676 0.447389 0.462643 0.831142 0.849490 0.292381 0.264742 0.435769 0.312867 0.873441 0.949533 0.907084 0.983883 0.785928 0.693496 0.949310 0.863898 0.444647 0.377021 0.780809 0.940912 0.501351 0.467190 0.988184 0.873102 0.799020 0.860291 0.985713 0.933298 0.911048 0.930854 0.990700 0.940196 0.962964 0.829567 0.545444 0.637012 0.657857 0.596262 0.553058 0.541515 0.970102 0.784793 0.504544 0.641258 0.251600 0.220871 0.392508 0.370432 0.338573 0.298128 0.295943 0.265150 0.943428 0.713117 0.863710 0.899214 0.398875 0.319386 0.988295 0.708253 0.712834 0.846941 0.786212 0.779725 0.884305 0.772083 0.502083 0.470732 0.275356 0.311450 0.462921 0.363317 0.424921 0.588263 0.630912 0.660643 0.598665 0.603626 0.502521 0.435410 0.497647 0.395783 0.816706 0.995935 0.547701 0.992551 0.889547 0.966525 0.848276 0.733567 0.797019 0.806625 0.894259 0.778825 0.908888 0.897489 0.806360 0.649866 0.886388 0.723520 0.929599 0.817656 0.743334 0.697265
0.905667 0.912297 0.000000 0.342228 0.904772 0.734662 0.529537 0.490992 0.925392 0.860650 0.961768 0.884157 0.848674 0.707608 0.941305 0.713947 0.978031 0.992231 0.803289 0.866957 0.830263 0.952275 0.836181 0.475956 0.555799 0.577887 0.791345 0.846668 0.966645 0.967257 0.735876 0.824154 0.821921 0.755562 0.875957 0.967282 0.641015 0.741045 0.611796 0.792794 0.931615 0.965240 0.672983 0.801381 0.839423 0.984529 0.715505 0.663128 0.836173 0.982287 0.926870 0.882476 0.884441 0.832681 0.725423 0.855727 0.992168 0.960952 0.841303 0.890044 0.881976 0.819939 0.967373 0.928754 0.392845 0.439154 0.525222 0.623809 0.903120 0.879473 0.815513 0.853975 0.873373 0.959925 0.721707 0.833704 0.726758 0.842530 0.803139 0.978493 0.982500 0.907703 0.768240 0.894321 0.733991 0.364602 0.872779 0.886386 0.724316 0.755692 0.671483 0.721059 0.668667 0.708104 0.966300 0.631502 0.735476 0.871230 0.991904 0.900388 0.786493 0.886729 0.914975 0.913637 0.667165 0.684084 0.886594 0.822008 0.922317 0.684405 0.819142 0.893553 0.867302 0.836870 0.873726 0.972505
0.927195 0.984262 0.342228 0.000000 0.789710 0.728432 0.623879 0.418414 0.941062 0.882719 0.896913 0.980321 0.985343 0.869265 0.842821 0.763012 0.797987 0.821991 0.969664 0.992269 0.762368 0.998921 0.930347 0.528370 0.518390 0.463255 0.829513 0.821332 0.741546 0.779085 0.754363 0.831873 0.959031 0.852682 0.960411 0.926518 0.654073 0.717147 0.549206 0.670660 0.901165 0.973987 0.489105 0.655663 0.818613 0.939293 0.670691 0.613630 0.769296 0.934183 0.891819 0.871628 0.898578 0.898727 0.846542 0.848607 0.858538 0.877567 0.887312 0.892230 0.959031 0.954685 0.787754 0.760438 0.504474 0.415154 0.511624 0.542607 0.991053 0.991125 0.676153 0.821061 0.925897 0.948059 0.803139 0.907280 0.607015 0.748937 0.883212 0.942506 0.801029 0.876484 0.962243 0.877976 0.990899 0.473094 0.959710 0.672908 0.870318 0.908125 0.580933 0.600351 0.516894 0.587795 0.933998 0.723094 0.842897 0.840605 0.984634 0.903718 0.741268 0.853333 0.945999 0.880862 0.635890 0.620870 0.802116 0.694552 0.976978 0.806567 0.821726 0.928101 0.694308 0.751974 0.842224 0.898319
0.710795 0.776217 0.904772 0.789710 0.000000 0.909778 0.850177 0.988540 0.733275 0.811406 0.661439 0.709196 0.621540 0.680930 0.716771 0.768063 0.717371 0.758434 0.690988 0.800659 0.836435 0.905637 0.706209 0.995613 0.705037 0.697401 0.973677 0.818716 0.645759 0.657977 0.866435 0.941396 0.808691 0.857288 0.947507 0.883635 0.782449 0.971859 0.848204 0.845250 0.884264 0.829829 0.823439 0.793389 0.869329 0.966112 0.988312 0.940099 0.806537 0.807969 0.878174 0.852085 0.859452 0.891479 0.987619 0.957465 0.789100 0.830792 0.792114 0.877692 0.699083 0.717660 0.711642 0.677931 0.971058 0.949124 0.916494 0.822837 0.873938 0.876026 0.994223 0.742996 0.956439 0.985241 0.870613 0.920176 0.825775 0.948042 0.812113 0.970465 0.748436 0.774525 0.706956 0.854769 0.637654 0.986989 0.796218 0.712457 0.837679 0.815497 0.792554 0.896776 0.646590 0.840012 0.852840 0.981036 0.954213 0.653493 0.964519 0.923935 0.745766 0.999927 0.967200 0.882518 0.954443 0.995250 0.899040 0.802478 0.950245 0.989363 0.834123 0.870850 0.907416 0.966833 0.912007 0.967193
0.868852 0.923962 0.734662 0.728432 0.909778 0.000000 0.973183 0.888365 0.909710 0.812862 0.996931 0.980857 0.925388 0.969533 0.922136 0.887343 0.838504 0.878213 0.842496 0.881966 0.718368 0.961268 0.844955 0.852748 0.600814 0.520564 0.969290 0.571239 0.792636 0.737733 0.947164 0.853177 0.983556 0.943266 0.724240 0.801335 0.848805 0.946911 0.687763 0.546380 0.682470 0.921988 0.747097 0.846445 0.960574 0.975162 0.888556 0.897177 0.793506 0.777957 0.991637 0.970178 0.883401 0.866878 0.944935 0.742305 0.859667 0.910632 0.943180 0.962774 0.971406 0.979729 0.821881 0.829555 0.604083 0.578583 0.577066 0.547368 0.861471 0.921579 0.967255 0.794631 0.884495 0.975201 0.832973 0.938194 0.940003 0.820766 0.865900 0.977077 0.820482 0.964837 0.960608 0.955074 0.975791 0.689044 0.881969 0.787237 0.978984 0.856748 0.661778 0.788969 0.624120 0.728601 0.858371 0.692024 0.911722 0.804699 0.955029 0.874375 0.677337 0.970320 0.950087 0.970076 0.819714 0.750512 0.846538 0.977177 0.986293 0.945218 0.995503 0.923003 0.900708 0.989281 0.913557 0.746962
0.731552 0.809691 0.529537 0.623879 0.850177 0.973183 0.000000 0.365464 0.576431 0.602491 0.642365 0.700920 0.455107 0.450433 0.587945 0.533166 0.782432 0.775153 0.410867 0.648984 0.985007 0.965194 0.624874 0.733857 0.873824 0.900735 0.911334 0.890710 0.621884 0.626790 0.716659 0.558979 0.598887 0.504172 0.891163 0.895142 0.958633 0.972962 0.960617 0.932487 0.970743 0.989903 0.648752 0.609617 0.692823 0.585322 0.672948 0.439488 0.679643 0.573159 0.644979 0.650910 0.760290 0.795789 0.771785 0.808150 0.845076 0.891126 0.597523 0.720603 0.532671 0.595699 0.698738 0.763847 0.819991 0.784556 0.654240 0.818832 0.981066 0.818547 0.699549 0.773932 0.567684 0.652761 0.784305 0.732803 0.561177 0.716436 0.717920 0.871239 0.828885 0.894421 0.745807 0.903555 0.729319 0.677421 0.928103 0.920191 0.745914 0.806085 0.682096 0.743542 0.885093 0.895153 0.931468 0.864583 0.658489 0.945500 0.570704 0.517119 0.828848 0.648697 0.750069 0.593218 0.775306 0.799099 0.858805 0.678979 0.992923 0.771522 0.686711 0.591329 0.619475 0.714856 0.869844 0.651931
0.669303 0.632457 0.490992 0.418414 0.988540 0.888365 0.365464 0.000000 0.758145 0.822502 0.644135 0.563929 0.589986 0.506184 0.893368 0.597873 0.791528 0.767273 0.542051 0.619143 0.904443 0.943680 0.958912 0.729449 0.960278 0.910284 0.933807 0.918783 0.744152 0.714010 0.859735 0.747742 0.717276 0.494863 0.897827 0.951500 0.723672 0.759420 0.781391 0.826457 0.980108 0.936812 0.457304 0.496664 0.839057 0.605567 0.455199 0.364283 0.728920 0.604088 0.498244 0.495888 0.863327 0.969100 0.615305 0.664947 0.777863 0.750271 0.474568 0.501584 0.555083 0.499199 0.728450 0.746103 0.763414 0.497229 0.519774 0.620861 0.814402 0.629190 0.758272 0.856385 0.646184 0.692967 0.779454 0.758423 0.504844 0.592904 0.712348 0.783757 0.822117 0.842906 0.806884 0.889924 0.830750 0.514432 0.962044 0.845781 0.784754 0.788077 0.761584 0.846131 0.832964 0.956706 0.947455 0.787523 0.604563 0.850968 0.647380 0.616908 0.717239 0.832517 0.724799 0.607003 0.676540 0.577500 0.781324 0.641183 0.888816 0.744579 0.704539 0.594865 0.558489 0.669606 0.705609 0.752932
0.998548 0.921675 0.925392 0.941062 0.733275 0.909710 0.576431 0.758145 0.000000 0.371636 0.855809 0.973468 0.741204 0.763948 0.603898 0.550239 0.984579 0.977193 0.681482 0.968660 0.881594 0.897708 0.580294 0.837823 0.720271 0.745224 0.999231 0.768086 0.780920 0.804034 0.757271 0.734172 0.959909 0.883387 0.899368 0.818925 0.810602 0.810377 0.773281 0.753002 0.864213 0.955121 0.944911 0.877212 0.745530 0.776592 0.962010 0.869118 0.721597 0.670758 0.904668 0.840011 0.632164 0.585695 0.828184 0.866724 0.886031 0.879851 0.957870 0.992038 0.873031 0.858560 0.917105 0.931692 0.969493 0.807458 0.910165 0.785987 0.734243 0.892786 0.856795 0.885224 0.815934 0.961546 0.812764 0.926806 0.882589 0.879062 0.991668 0.885285 0.947992 0.863796 0.993598 0.812964 0.996563 0.856405 0.988327 0.890616 0.990615 0.997648 0.811188 0.659857 0.931685 0.826797 0.841284 0.992550 0.964295 0.842448 0.735802 0.673851 0.913653 0.717924 0.904752 0.839051 0.878592 0.952822 0.863139 0.775749 0.897802 0.926408 0.918245 0.855639 0.692756 0.844632 0.972579 0.965974
0.946792 0.884966 0.860650 0.882719 0.811406 0.812862 0.602491 0.822502 0.371636 0.000000 0.892724 0.995392 0.775334 0.842662 0.617447 0.647521 0.995663 0.951125 0.722169 0.981928 0.821403 0.924590 0.627506 0.940634 0.549510 0.621036 0.831265 0.662984 0.715860 0.761847 0.714906 0.634165 0.987669 0.873201 0.685479 0.920857 0.794717 0.817759 0.639330 0.590910 0.819028 0.948144 0.879501 0.759518 0.546706 0.615049 0.935845 0.873077 0.520065 0.540987 0.797682 0.771375 0.499835 0.416217 0.838133 0.839638 0.889780 0.865013 0.949739 0.937272 0.850281 0.900091 0.923068 0.899130 0.712479 0.615795 0.814604 0.680203 0.742834 0.924476 0.897135 0.758714 0.678837 0.733210 0.950283 0.890057 0.763690 0.906500 0.962468 0.914727 0.931398 0.780170 0.945221 0.733593 0.868233 0.632021 0.886343 0.927025 0.917604 0.951162 0.816005 0.683761 0.925011 0.839980 0.889751 0.966572 0.903012 0.943922 0.598797 0.498867 0.961907 0.664360 0.789869 0.786664 0.890403 0.917754 0.873482 0.706668 0.861884 0.873967 0.831026 0.754514 0.637128 0.865263 0.961230 0.915476
0.310546 0.390157 0.961768 0.896913 0.661439 0.996931 0.642365 0.644135 0.855809 0.892724 0.000000 0.317126 0.327510 0.439329 0.668638 0.727907 0.351493 0.315905 0.368490 0.326411 0.902534 0.997719 0.830621 0.972560 0.709023 0.644519 0.839176 0.835065 0.373737 0.310618 0.853114 0.936989 0.467464 0.418283 0.932213 0.854151 0.982867 0.937104 0.845672 0.988334 0.913099 0.841588 0.946829 0.956536 0.843829 0.762699 0.749519 0.630702 0.585596 0.610742 0.636076 0.624724 0.943322 0.848228 0.661300 0.587034 0.386484 0.381960 0.423357 0.477044 0.320939 0.346112 0.323120 0.320641 0.995778 0.848305 0.823684 0.938464 0.630607 0.500132 0.987432 0.796762 0.672520 0.830591 0.763587 0.899122 0.935638 0.860013 0.593787 0.519018 0.341502 0.370069 0.500201 0.433693 0.507931 0.720852 0.745972 0.665454 0.721059 0.637135 0.752650 0.592438 0.639204 0.538735 0.717670 0.971765 0.582708 0.934618 0.773950 0.870776 0.982067 0.969367 0.695452 0.730676 0.985186 0.846067 0.838341 0.849318 0.872949 0.809024 0.899756 0.731184 0.924752 0.817998 0.767511 0.633147
0.272655 0.239676 0.884157 0.980321 0.709196 0.980857 0.700920 0.563929 0.973468 0.995392 0.317126 0.000000 0.383489 0.384190 0.768778 0.756621 0.323406 0.307219 0.395771 0.326449 0.836509 0.967672 0.875734 0.974491 0.752494 0.671887 0.869925 0.813469 0.383119 0.343962 0.840013 0.957327 0.476481 0.420423 0.980936 0.894143 0.805618 0.857419 0.944633 0.949932 0.976650 0.936839 0.953017 0.919937 0.866240 0.778761 0.565872 0.603160 0.614696 0.545689 0.505903 0.491267 0.913458 0.858162 0.567238 0.585007 0.309258 0.287341 0.352061 0.365588 0.281079 0.235369 0.287626 0.267931 0.969016 0.694796 0.773231 0.853377 0.494855 0.368560 0.990274 0.713733 0.679351 0.816129 0.752844 0.755338 0.878656 0.749601 0.536000 0.478017 0.327599 0.362918 0.471833 0.437547 0.465802 0.600133 0.681892 0.687136 0.660389 0.622877 0.624047 0.510594 0.583624 0.466987 0.819933 0.971769 0.509142 0.987864 0.811267 0.863108 0.955561 0.875497 0.725146 0.728772 0.913907 0.765350 0.869863 0.974689 0.844305 0.709412 0.859094 0.684206 0.878746 0.817553 0.700626 0.657524
0.384593 0.447389 0.848674 0.985343 0.621540 0.925388 0.455107 0.589986 0.741204 0.775334 0.327510 0.383489 0.000000 0.297529 0.460558 0.519848 0.389908 0.354913 0.299804 0.351334 0.864791 0.939594 0.586570 0.834075 0.699370 0.611610 0.898459 0.819794 0.346433 0.355930 0.975147 0.766735 0.408760 0.397080 0.989541 0.896694 0.989229 0.943105 0.892912 0.905066 0.929016 0.930939 0.961541 0.856028 0.696719 0.656364 0.675929 0.554803 0.565863 0.528714 0.580659 0.578394 0.776017 0.920889 0.725420 0.714043 0.462032 0.485680 0.453883 0.589410 0.284734 0.353501 0.323220 0.350416 0.877417 0.869439 0.823122 0.922240 0.715593 0.600105 0.892613 0.891357 0.672230 0.722103 0.841525 0.787448 0.738471 0.741234 0.529401 0.611113 0.440310 0.514127 0.470679 0.503019 0.423504 0.665962 0.684037 0.603144 0.650120 0.642769 0.783034 0.721987 0.639614 0.610078 0.894805 0.956073 0.617575 0.958007 0.675961 0.705014 0.942769 0.911622 0.780159 0.669792 0.822553 0.833114 0.861284 0.978202 0.932529 0.840164 0.894562 0.645460 0.760691 0.758201 0.803727 0.568686
0.450654 0.462643 0.707608 0.869265 0.680930 0.969533 0.450433 0.506184 0.763948 0.842662 0.439329 0.384190 0.297529 0.000000 0.561915 0.482637 0.515803 0.468977 0.358877 0.421461 0.961253 0.919699 0.621319 0.721116 0.830379 0.802806 0.939307 0.889206 0.417553 0.506172 0.893328 0.749193 0.418528 0.389693 0.840473 0.986819 0.870788 0.880918 0.952706 0.979851 0.998315 0.940221 0.818363 0.750792 0.701693 0.603688 0.528139 0.463262 0.606017 0.501798 0.491453 0.468836 0.743013 0.876491 0.644998 0.667764 0.531603 0.545815 0.416302 0.548996 0.325139 0.359213 0.394407 0.424432 0.800039 0.726244 0.666991 0.756152 0.781460 0.607307 0.856938 0.946766 0.757315 0.701507 0.770789 0.671018 0.707489 0.687999 0.535486 0.615826 0.533478 0.591385 0.470852 0.569975 0.451391 0.539407 0.788293 0.662654 0.641850 0.558654 0.877119 0.798648 0.780826 0.692395 0.992133 0.933614 0.562369 0.974295 0.682420 0.672965 0.988209 0.996323 0.764771 0.746245 0.809017 0.790820 0.929981 0.950723 0.974172 0.706448 0.810560 0.670892 0.744522 0.709605 0.754484 0.665300
0.758570 0.831142 0.941305 0.842821 0.716771 0.922136 0.587945 0.893368 0.603898 0.617447 0.668638 0.768778 0.460558 0.561915 0.000000 0.446358 0.681763 0.644654 0.618525 0.742163 0.916469 0.964504 0.405339 0.837439 0.780215 0.700844 0.947524 0.897649 0.506082 0.593521 0.695810 0.659664 0.553225 0.719881 0.969539 0.890044 0.915226 0.849466 0.699760 0.692509 0.961034 0.997797 0.936340 0.934032 0.690444 0.775855 0.941222 0.850774 0.718818 0.715821 0.879460 0.862385 0.704807 0.750525 0.965148 0.962441 0.820352 0.817321 0.812985 0.999849 0.618688 0.708869 0.628547 0.637525 0.852283 0.827983 0.964001 0.856746 0.906869 0.954524 0.940783 0.988399 0.825251 0.905113 0.884592 0.801404 0.858888 0.867931 0.767189 0.827219 0.758297 0.881482 0.621986 0.731214 0.659445 0.911400 0.738257 0.698585 0.823239 0.843682 0.889030 0.956244 0.713195 0.814409 0.958268 0.907743 0.923694 0.863246 0.727439 0.724087 0.802418 0.919568 0.904175 0.850684 0.928384 0.932312 0.908983 0.994160 0.939581 0.956342 0.974152 0.726393 0.874093 0.793085 0.947839 0.725985
0.862567 0.849490 0.713947 0.763012 0.768063 0.887343 0.533166 0.597873 0.550239 0.647521 0.727907 0.756621 0.519848 0.482637 0.446358 0.000000 0.840072 0.795153 0.666676 0.773077 0.876693 0.951283 0.544479 0.572097 0.985859 0.984692 0.868908 0.977668 0.661307 0.788751 0.657744 0.720965 0.716672 0.732624 0.937013 0.999336 0.901417 0.883694 0.934715 0.966563 0.962745 0.977027 0.759746 0.733891 0.813730 0.742516 0.777337 0.710772 0.812808 0.782279 0.781344 0.739900 0.702206 0.732419 0.941729 0.967341 0.941692 0.912230 0.787293 0.924991 0.710860 0.688278 0.786667 0.788648 0.647354 0.855244 0.840795 0.925281 0.868656 0.936539 0.802704 0.960120 0.869347 0.770635 0.782970 0.727757 0.688998 0.724853 0.742272 0.896753 0.951300 0.997062 0.709750 0.879995 0.757454 0.704115 0.862160 0.924330 0.892313 0.767238 0.908626 0.833152 0.952912 0.922618 0.987132 0.899430 0.914461 0.817982 0.762923 0.682522 0.956718 0.915689 0.963568 0.815687 0.765689 0.841917 0.873467 0.869794 0.941192 0.962092 0.974076 0.733506 0.607925 0.632249 0.796479 0.903885
0.288211 0.292381 0.978031 0.797987 0.717371 0.838504 0.782432 0.791528 0.984579 0.995663 0.351493 0.323406 0.389908 0.515803 0.681763 0.840072 0.000000 0.224781 0.406977 0.347052 0.779931 0.947437 0.818797 0.910855 0.655989 0.534843 0.920547 0.820362 0.375136 0.292949 0.820356 0.996904 0.456071 0.461666 0.957048 0.812575 0.925775 0.993712 0.817833 0.937698 0.937809 0.870862 0.877071 0.984049 0.879413 0.802725 0.696190 0.739270 0.619087 0.595693 0.653531 0.657303 0.935260 0.854396 0.621251 0.682338 0.278488 0.289935 0.496911 0.539294 0.359233 0.381668 0.268451 0.270504 0.967007 0.916528 0.994853 0.970937 0.547195 0.466325 0.942590 0.747468 0.703876 0.855608 0.824241 0.796140 0.972461 0.839113 0.475296 0.439205 0.254932 0.321726 0.454177 0.379413 0.430538 0.739260 0.630912 0.564604 0.635930 0.641889 0.552196 0.463026 0.464864 0.392373 0.793315 0.898695 0.616475 0.968165 0.853002 0.984422 0.794505 0.890028 0.745908 0.795291 0.990656 0.939557 0.782631 0.830162 0.820942 0.818386 0.916821 0.702680 0.973892 0.768055 0.804297 0.607628
0.252488 0.264742 0.992231 0.821991 0.758434 0.878213 0.775153 0.767273 0.977193 0.951125 0.315905 0.307219 0.354913 0.468977 0.644654 0.795153 0.224781 0.000000 0.388416 0.288157 0.826341 0.862673 0.762801 0.986759 0.718924 0.562297 0.971252 0.864695 0.345419 0.295337 0.820217 0.982860 0.428302 0.483090 0.982554 0.854877 0.902097 0.963263 0.856755 0.937894 0.898753 0.876501 0.856030 0.969012 0.927718 0.852721 0.691825 0.710327 0.644812 0.627083 0.675855 0.668870 0.989921 0.803146 0.614212 0.672768 0.266356 0.260374 0.474956 0.501781 0.347323 0.366594 0.250016 0.245498 0.964455 0.892025 0.954090 0.988108 0.485230 0.425076 0.980203 0.747350 0.711664 0.822045 0.845612 0.828053 0.951529 0.849860 0.473142 0.449568 0.244365 0.293533 0.416416 0.309038 0.383874 0.679250 0.594820 0.542818 0.601742 0.622773 0.514914 0.435238 0.446007 0.371598 0.758968 0.890328 0.582129 0.942791 0.857682 0.999929 0.766409 0.823006 0.805527 0.805225 0.951499 0.924707 0.802660 0.803825 0.833031 0.792112 0.945595 0.718573 0.995905 0.795800 0.812257 0.622782
0.360445 0.435769 0.803289 0.969664 0.690988 0.842496 0.410867 0.542051 0.681482 0.722169 0.368490 0.395771 0.299804 0.358877 0.618525 0.666676 0.406977 0.388416 0.000000 0.354488 0.846695 0.941592 0.592466 0.861467 0.658848 0.582289 0.935115 0.740475 0.365355 0.306963 0.934557 0.782137 0.476378 0.403170 0.860560 0.845403 0.990513 0.974390 0.787309 0.846817 0.976645 0.969280 0.999439 0.898865 0.794323 0.706855 0.730631 0.549496 0.540019 0.440983 0.604715 0.585243 0.811698 0.951835 0.670066 0.751231 0.441239 0.479981 0.451358 0.495963 0.332479 0.360957 0.350720 0.376701 0.998099 0.917871 0.853148 0.970466 0.629418 0.552113 0.831214 0.947648 0.538272 0.736108 0.744408 0.782049 0.797400 0.820160 0.544557 0.637486 0.399632 0.466234 0.514185 0.574397 0.460512 0.725971 0.793030 0.599081 0.642596 0.645677 0.836442 0.770683 0.670754 0.642192 0.925420 0.959934 0.569651 0.938302 0.731078 0.734613 0.917446 0.885099 0.750447 0.690705 0.933375 0.895856 0.930062 0.928721 0.897629 0.750518 0.815798 0.640265 0.830387 0.752309 0.859692 0.576746
0.294990 0.312867 0.866957 0.992269 0.800659 0.881966 0.648984 0.619143 0.968660 0.981928 0.326411 0.326449 0.351334 0.421461 0.742163 0.773077 0.347052 0.288157 0.354488 0.000000 0.814433 0.860042 0.759206 0.905214 0.796841 0.670813 0.959195 0.800903 0.439473 0.329871 0.873005 0.975886 0.527500 0.478425 0.908396 0.849018 0.878848 0.852543 0.957323 0.955793 0.931266 0.940659 0.920165 0.999414 0.990726 0.877047 0.692847 0.658442 0.714199 0.653856 0.680890 0.687550 0.938118 0.800137 0.598142 0.624027 0.332095 0.329776 0.472706 0.472298 0.383403 0.378488 0.334652 0.348553 0.901850 0.789692 0.893167 0.987491 0.530657 0.444272 0.869893 0.867476 0.669503 0.789024 0.867582 0.896985 0.819624 0.861333 0.486634 0.510853 0.318453 0.332470 0.438751 0.386796 0.400075 0.610268 0.623562 0.578299 0.563996 0.563643 0.599711 0.563277 0.586348 0.522012 0.782596 0.944746 0.569956 0.932577 0.892285 0.976671 0.838036 0.910281 0.849207 0.799565 0.926973 0.865213 0.850246 0.929325 0.892267 0.704724 0.903172 0.771919 0.932480 0.843784 0.833110 0.622916
0.875528 0.873441 0.830263 0.762368 0.836435 0.718368 0.985007 0.904443 0.881594 0.821403 0.902534 0.836509 0.864791 0.961253 0.916469 0.876693 0.779931 0.826341 0.846695 0.814433 0.000000 0.952309 0.836573 0.770321 0.624292 0.594225 0.750336 0.711772 0.816725 0.741015 0.821379 0.941479 0.992367 0.994889 0.924333 0.919266 0.873454 0.791690 0.763189 0.630280 0.912995 0.871413 0.752127 0.764497 0.979424 0.879978 0.853192 0.834962 0.909127 0.850330 0.964664 0.994608 0.923092 0.943564 0.875060 0.956937 0.896048 0.923057 0.997166 0.917362 0.893937 0.872069 0.867846 0.834648 0.792139 0.809925 0.754024 0.720608 0.910726 0.977220 0.945988 0.941054 0.734118 0.821575 0.978030 0.947517 0.930609 0.913304 0.972320 0.910864 0.860554 0.871235 0.884353 0.986414 0.886682 0.771554 0.918205 0.762025 0.944029 0.986032 0.753838 0.926250 0.732444 0.868337 0.902941 0.782549 0.926468 0.965618 0.959633 0.953347 0.713366 0.854692 0.941405 0.985569 0.860380 0.843743 0.932448 0.913022 0.941502 0.974269 0.970523 0.970500 0.942135 0.904056 0.909769 0.909135
0.931344 0.949533 0.952275 0.998921 0.905637 0.961268 0.965194 0.943680 0.897708 0.924590 0.997719 0.967672 0.939594 0.919699 0.964504 0.951283 0.947437 0.862673 0.941592 0.860042 0.952309 0.000000 0.999353 0.916863 0.992166 0.921047 0.858429 0.954572 0.949315 0.993617 0.965597 0.999244 0.901627 0.921034 0.954797 0.871914 0.953546 0.817316 0.955379 0.999603 0.827550 0.872388 0.923079 0.936140 0.977922 0.975996 0.996596 0.947438 0.982019 0.981659 0.978995 0.918708 0.844722 0.960386 0.900592 0.947685 0.937242 0.958064 0.984916 0.998830 0.989728 0.945611 0.929579 0.976012 0.968724 0.963395 0.958327 0.965132 0.983493 0.978749 0.800533 0.971533 0.929961 0.998249 0.990758 0.907755 0.999761 0.906565 0.927343 0.847764 0.935253 0.909293 0.861249 0.893366 0.824396 0.977259 0.799817 0.759669 0.772527 0.794884 0.942976 0.964885 0.946776 0.978286 0.886750 0.912884 0.974743 0.974266 0.984955 0.999424 0.854100 0.781059 0.985884 0.969391 0.926175 0.968272 0.981234 0.980779 0.933166 0.976703 0.968549 0.927525 0.993865 0.916466 0.918561 0.913045
0.841962 0.907084 0.836181 0.930347 0.706209 0.844955 0.624874 0.958912 0.580294 0.627506 0.830621 0.875734 0.586570 0.621319 0.405339 0.544479 0.818797 0.762801 0.592466 0.759206 0.836573 0.999353 0.000000 0.639258 0.877362 0.733830 0.836681 0.932155 0.635795 0.690828 0.635073 0.682219 0.675677 0.894054 0.974394 0.891534 0.907600 0.879327 0.750986 0.581620 0.919152 0.931979 0.814240 0.887974 0.880266 0.972794 0.923130 0.954244 0.830518 0.726928 0.999529 0.910967 0.721454 0.674487 0.930079 0.842063 0.885111 0.906478 0.947806 0.991508 0.770125 0.814997 0.754741 0.744599 0.784083 0.781684 0.884200 0.699321 0.978753 0.984759 0.866574 0.890978 0.824952 0.923511 0.870904 0.850303 0.880537 0.957953 0.682422 0.973089 0.806748 0.889633 0.652000 0.834782 0.575347 0.900727 0.846920 0.568520 0.796112 0.745409 0.884438 0.935914 0.733774 0.959133 0.991569 0.956355 0.934058 0.799329 0.928582 0.840689 0.704377 0.886054 0.873164 0.990526 0.988253 0.856195 0.873812 0.979371 0.802984 0.886016 0.954356 0.919838 0.892124 0.934274 0.924632 0.882191
0.996443 0.983883 0.475956 0.528370 0.995613 0.852748 0.733857 0.729449 0.837823 0.940634 0.972560 0.974491 0.834075 0.721116 0.837439 0.572097 0.910855 0.986759 0.861467 0.905214 0.770321 0.916863 0.639258 0.000000 0.557504 0.687178 0.645700 0.832615 0.978067 0.911987 0.684615 0.825357 0.870604 0.900132 0.827494 0.937484 0.795260 0.748934 0.733182 0.948333 0.808470 0.998078 0.869849 0.986493 0.825454 0.905540 0.886645 0.853319 0.771209 0.935221 0.978606 0.949972 0.938837 0.998391 0.954206 0.948911 0.922866 0.966064 0.976260 0.970582 0.998542 0.928383 0.963594 0.936899 0.439418 0.654836 0.684578 0.801578 0.964681 0.972062 0.721541 0.923344 0.946851 0.852440 0.758598 0.860695 0.845845 0.819075 0.711811 0.882569 0.936962 0.989644 0.779359 0.934616 0.713271 0.519777 0.824157 0.932484 0.829599 0.775307 0.879394 0.840914 0.828775 0.761717 0.957698 0.742471 0.969705 0.984996 0.891885 0.992341 0.996056 0.973806 0.672241 0.984518 0.720235 0.783378 0.993754 0.936384 0.851977 0.858483 0.966893 0.953680 0.923178 0.859386 0.984579 0.882433
0.753751 0.785928 0.555799 0.518390 0.705037 0.600814 0.873824 0.960278 0.720271 0.549510 0.709023 0.752494 0.699370 0.830379 0.780215 0.985859 0.655989 0.718924 0.658848 0.796841 0.624292 0.992166 0.877362 0.557504 0.000000 0.313775 0.621057 0.625724 0.539051 0.554830 0.767574 0.891793 0.894824 0.845289 0.705932 0.780103 0.639770 0.654661 0.477461 0.645486 0.810435 0.874097 0.852973 0.997416 0.602972 0.706777 0.964986 0.948926 0.464471 0.527141 0.771309 0.808875 0.671870 0.708629 0.938198 0.944935 0.745703 0.795920 0.825287 0.798738 0.662645 0.760717 0.629770 0.614320 0.449620 0.556997 0.650015 0.601590 0.917113 0.852722 0.891810 0.937684 0.751895 0.771740 0.957978 0.924093 0.960320 0.935768 0.945710 0.781265 0.725025 0.862706 0.932370 0.972233 0.967011 0.561337 0.930643 0.741792 0.937817 0.920890 0.759268 0.813877 0.554074 0.655000 0.969552 0.730075 0.968806 0.831015 0.699497 0.820000 0.805579 0.956253 0.700376 0.816820 0.725493 0.737858 0.952654 0.999187 0.968079 0.898357 0.921991 0.775896 0.923482 0.951052 0.957531 0.683298
0.641915 0.693496 0.577887 0.463255 0.697401 0.520564 0.900735 0.910284 0.745224 0.621036 0.644519 0.671887 0.611610 0.802806 0.700844 0.984692 0.534843 0.562297 0.582289 0.670813 0.594225 0.921047 0.733830 0.687178 0.313775 0.000000 0.792447 0.541088 0.483147 0.454204 0.795146 0.967350 0.800798 0.856936 0.720303 0.760620 0.708564 0.789841 0.504208 0.594049 0.838260 0.977478 0.681071 0.844369 0.706144 0.817930 0.912462 0.983334 0.505969 0.563331 0.825539 0.850948 0.780420 0.791401 0.945722 0.898285 0.639460 0.675177 0.842537 0.806135 0.627465 0.693013 0.511300 0.508205 0.534148 0.542127 0.576953 0.533149 0.836652 0.720952 0.871374 0.905836 0.723475 0.888028 0.977477 0.924196 0.911481 0.885643 0.829074 0.796364 0.586555 0.724773 0.775348 0.795591 0.793737 0.649883 0.857022 0.556234 0.925161 0.989804 0.596410 0.663539 0.407233 0.545023 0.917166 0.721049 0.953322 0.834046 0.796635 0.856402 0.719587 0.986408 0.824117 0.798211 0.738640 0.749070 0.927393 0.950740 0.983797 0.974092 0.963501 0.811906 0.990614 0.963689 0.974841 0.637435
0.924820 0.949310 0.791345 0.829513 0.973677 0.969290 0.911334 0.933807 0.999231 0.831265 0.839176 0.869925 0.898459 0.939307 0.947524 0.868908 0.920547 0.971252 0.935115 0.959195 0.750336 0.858429 0.836681 0.645700 0.621057 0.792447 0.000000 0.960694 0.910885 0.852345 0.798446 0.906163 0.948490 0.861865 0.991347 0.804776 0.819849 0.799602 0.815082 0.946673 0.985790 0.944241 0.882976 0.806413 0.672059 0.706369 0.959459 0.884237 0.689424 0.768609 0.782418 0.812503 0.794447 0.848020 0.996865 0.823909 0.908986 0.944167 0.830163 0.839374 0.776092 0.849260 0.871284 0.863594 0.631922 0.880786 0.961132 0.937697 0.934952 0.942366 0.941575 0.932294 0.861079 0.705937 0.921381 0.906480 0.997306 0.923297 0.992402 0.939250 0.967510 0.986619 0.824178 0.988478 0.834250 0.776731 0.797017 0.881965 0.780817 0.910912 0.941522 0.928560 0.956050 0.900294 0.958945 0.937290 0.959040 0.984801 0.773644 0.880331 0.862568 0.797892 0.640676 0.746868 0.900250 0.936668 0.995219 0.888112 0.947460 0.988526 0.797746 0.892124 0.890295 0.891411 0.986600 0.693550
0.822221 0.863898 0.846668 0.821332 0.818716 0.571239 0.890710 0.918783 0.768086 0.662984 0.835065 0.813469 0.819794 0.889206 0.897649 0.977668 0.820362 0.864695 0.740475 0.800903 0.711772 0.954572 0.932155 0.832615 0.625724 0.541088 0.960694 0.000000 0.741891 0.673469 0.994449 0.972825 0.989985 0.901987 0.730515 0.858582 0.980536 0.953871 0.733238 0.684277 0.752137 0.846846 0.788990 0.939720 0.894380 0.881233 0.934816 0.999957 0.715127 0.690779 0.885109 0.911143 0.866123 0.861119 0.970544 0.887475 0.839406 0.868803 0.937120 0.821328 0.865095 0.859729 0.786283 0.784219 0.640542 0.741408 0.761363 0.699082 0.873849 0.852172 0.984868 0.881126 0.745225 0.949045 0.936903 0.964570 0.938796 0.893779 0.968332 0.965096 0.825900 0.890568 0.901703 0.983259 0.974528 0.748563 0.980244 0.776655 0.818296 0.955183 0.818871 0.899866 0.707175 0.825746 0.978013 0.894314 0.956706 0.868924 0.972188 0.877234 0.957676 0.916660 0.887679 0.810568 0.847674 0.861964 0.908269 0.962554 0.919224 0.940304 0.959174 0.861933 0.988073 0.968591 0.998081 0.784210
0.397514 0.444647 0.966645 0.741546 0.645759 0.792636 0.621884 0.744152 0.780920 0.715860 0.373737 0.383119 0.346433 0.417553 0.506082 0.661307 0.375136 0.345419 0.365355 0.439473 0.816725 0.949315 0.635795 0.978067 0.539051 0.483147 0.910885 0.741891 0.000000 0.278005 0.961686 0.824852 0.425064 0.439337 0.933887 0.835296 0.988752 0.929404 0.660605 0.765201 0.979102 0.968381 0.978461 0.877754 0.626410 0.632622 0.719238 0.651747 0.427489 0.437584 0.574616 0.595440 0.693813 0.859534 0.727518 0.756556 0.418235 0.440303 0.471603 0.537958 0.342690 0.392858 0.280595 0.293879 0.870992 0.908916 0.995428 0.902619 0.678207 0.566463 0.986022 0.905349 0.661582 0.778295 0.868945 0.720693 0.888858 0.894759 0.546204 0.572832 0.389765 0.510515 0.478383 0.565299 0.532717 0.866208 0.794381 0.585293 0.726315 0.702526 0.697082 0.645478 0.519327 0.502713 0.911582 0.905154 0.695708 0.863315 0.645409 0.736659 0.885343 0.975346 0.693982 0.681712 0.964720 0.968054 0.924317 0.962998 0.973453 0.832492 0.826390 0.583535 0.880596 0.735161 0.847332 0.601622
0.301770 0.377021 0.967257 0.779085 0.657977 0.737733 0.626790 0.714010 0.804034 0.761847 0.310618 0.343962 0.355930 0.506172 0.593521 0.788751 0.292949 0.295337 0.306963 0.329871 0.741015 0.993617 0.690828 0.911987 0.554830 0.454204 0.852345 0.673469 0.278005 0.000000 0.904145 0.861567 0.494388 0.479101 0.804904 0.740473 0.969428 0.946908 0.642727 0.759249 0.961577 0.922118 0.857802 0.998634 0.811928 0.767683 0.777716 0.696582 0.508534 0.497651 0.661478 0.672859 0.854125 0.963537 0.679965 0.736437 0.331331 0.359101 0.479495 0.484940 0.346900 0.389809 0.286371 0.281166 0.832526 0.940533 0.953863 0.823918 0.566141 0.466005 0.976962 0.880803 0.536382 0.788256 0.822745 0.793546 0.955057 0.895176 0.520754 0.543176 0.294520 0.383511 0.486704 0.490250 0.499915 0.866028 0.708935 0.562045 0.657369 0.712474 0.631569 0.580978 0.472740 0.471029 0.841168 0.909339 0.643770 0.911299 0.747850 0.848403 0.815479 0.956045 0.696437 0.672779 0.962897 0.987799 0.905658 0.929687 0.898366 0.808312 0.858950 0.656712 0.932929 0.819121 0.880088 0.545763
0.837922 0.780809 0.735876 0.754363 0.866435 0.947164 0.716659 0.859735 0.757271 0.714906 0.853114 0.840013 0.975147 0.893328 0.695810 0.657744 0.820356 0.820217 0.934557 0.873005 0.821379 0.965597 0.635073 0.684615 0.767574 0.795146 0.798446 0.994449 0.961686 0.904145 0.000000 0.611021 0.872635 0.917412 0.923447 0.765480 0.794615 0.915978 0.994238 0.936870 0.956040 0.950657 0.824950 0.851471 0.894452 0.874730 0.965831 0.897451 0.993625 0.902138 0.949622 0.922645 0.715833 0.680016 0.952091 0.902488 0.769490 0.772576 0.950245 0.893241 0.920095 0.917685 0.892606 0.873484 0.815810 0.919683 0.856459 0.974281 0.689669 0.751029 0.772050 0.741365 0.928780 0.977984 0.797118 0.847537 0.680325 0.873415 0.966433 0.903858 0.807647 0.713462 0.995047 0.795735 0.954727 0.924004 0.893481 0.902086 0.991828 0.923943 0.745756 0.695202 0.772477 0.723671 0.921929 0.904214 0.995026 0.953941 0.915114 0.797638 0.921604 0.786647 0.970247 0.946169 0.826015 0.886374 0.967461 0.755377 0.887279 0.936832 0.944092 0.891291 0.864982 0.793240 0.977951 0.932345
0.960056 0.940912 0.824154 0.831873 0.941396 0.853177 0.558979 0.747742 0.734172 0.634165 0.936989 0.957327 0.766735 0.749193 0.659664 0.720965 0.996904 0.982860 0.782137 0.975886 0.941479 0.999244 0.682219 0.825357 0.891793 0.967350 0.906163 0.972825 0.824852 0.861567 0.611021 0.000000 0.755954 0.755419 0.998484 0.887024 0.955346 0.910235 0.869446 0.715216 0.998847 0.951526 0.783990 0.727099 0.730369 0.709759 0.870572 0.737780 0.816710 0.712059 0.782355 0.807203 0.596053 0.651842 0.875382 0.939094 0.907836 0.865265 0.865119 0.919999 0.850855 0.977002 0.934944 0.961403 0.999067 0.898178 0.857721 0.968028 0.846782 0.902032 0.745113 0.592446 0.732250 0.769102 0.945391 0.753057 0.718210 0.766160 0.870663 0.960888 0.960631 0.838797 0.941727 0.902782 0.991074 0.996554 0.834453 0.966701 0.996003 0.952385 0.742679 0.789497 0.827063 0.910235 0.921482 0.990776 0.997108 0.899219 0.631488 0.663303 0.935495 0.673798 0.663344 0.825162 0.859923 0.922553 0.731428 0.715970 0.884976 0.910970 0.836843 0.787759 0.762383 0.786276 0.887103 0.807466
0.454235 0.501351 0.821921 0.959031 0.808691 0.983556 0.598887 0.717276 0.959909 0.987669 0.467464 0.476481 0.408760 0.418528 0.553225 0.716672 0.456071 0.428302 0.476378 0.527500 0.992367 0.901627 0.675677 0.870604 0.894824 0.800798 0.948490 0.989985 0.425064 0.494388 0.872635 0.755954 0.000000 0.408112 0.753273 0.994362 0.846655 0.943714 0.928654 0.972271 0.827734 0.879377 0.917850 0.823843 0.726085 0.697121 0.631046 0.654752 0.663131 0.597706 0.546116 0.561993 0.740899 0.977560 0.634039 0.617732 0.490214 0.520226 0.436458 0.562000 0.379019 0.447595 0.376682 0.401594 0.865938 0.833142 0.658471 0.766765 0.747664 0.649049 0.943077 0.922280 0.743481 0.869374 0.850608 0.764339 0.847174 0.782265 0.538681 0.640672 0.472081 0.545562 0.545446 0.507129 0.473424 0.608187 0.778187 0.687930 0.695968 0.688349 0.852182 0.655706 0.791484 0.568053 0.898215 0.969277 0.462461 0.965973 0.694547 0.760770 0.951599 0.985356 0.684276 0.797528 0.828467 0.774524 0.849923 0.915675 0.918368 0.710933 0.765028 0.721205 0.891697 0.699244 0.753173 0.613686
0.423671 0.467190 0.755562 0.852682 0.857288 0.943266 0.504172 0.494863 0.883387 0.873201 0.418283 0.420423 0.397080 0.389693 0.719881 0.732624 0.461666 0.483090 0.403170 0.478425 0.994889 0.921034 0.894054 0.900132 0.845289 0.856936 0.861865 0.901987 0.439337 0.479101 0.917412 0.755419 0.408112 0.000000 0.939948 0.972133 0.861201 0.930748 0.970448 0.887275 0.847312 0.857800 0.711910 0.647042 0.660390 0.499056 0.533443 0.417778 0.516457 0.471888 0.403569 0.448390 0.757317 0.943642 0.545262 0.552193 0.502833 0.515110 0.336456 0.437362 0.331588 0.358965 0.409881 0.437725 0.956770 0.717739 0.582024 0.646684 0.768806 0.606182 0.868832 0.986480 0.747234 0.752174 0.716562 0.751443 0.671666 0.725692 0.545414 0.542818 0.485213 0.586140 0.618600 0.629090 0.615413 0.596129 0.879386 0.843792 0.724902 0.636950 0.971108 0.750979 0.887691 0.666815 0.919705 0.894153 0.574075 0.849964 0.601578 0.669918 0.807336 0.909976 0.584111 0.624535 0.833197 0.665987 0.977764 0.924208 0.954885 0.766940 0.666330 0.536563 0.764908 0.565799 0.711099 0.684116
0.989480 0.988184 0.875957 0.960411 0.947507 0.724240 0.891163 0.897827 0.899368 0.685479 0.932213 0.980936 0.989541 0.840473 0.969539 0.937013 0.957048 0.982554 0.860560 0.908396 0.924333 0.954797 0.974394 0.827494 0.705932 0.720303 0.991347 0.730515 0.933887 0.804904 0.923447 0.998484 0.753273 0.939948 0.000000 0.727840 0.823952 0.886499 0.677242 0.796108 0.818517 0.969966 0.981570 0.995575 0.986264 0.933099 0.936833 0.997063 0.752736 0.850578 0.960414 0.962513 0.942928 0.984991 0.888660 0.922514 0.952995 0.964371 0.993225 0.911183 0.994156 0.990994 0.965794 0.986981 0.777785 0.823243 0.707792 0.632389 0.909403 0.875034 0.921835 0.948962 0.726095 0.956002 0.937659 0.982345 0.944692 0.848006 0.955930 0.996197 0.927539 0.977527 0.967999 0.929134 0.902058 0.778043 0.956669 0.951471 0.986766 0.899547 0.977939 0.899749 0.906314 0.972568 0.886711 0.987404 0.898696 0.937399 0.937645 0.914782 0.935989 0.942950 0.986449 0.968494 0.845510 0.796027 0.908237 0.933472 0.930171 0.966752 0.986922 0.859929 0.909427 0.974321 0.941135 0.959757
0.857972 0.873102 0.967282 0.926518 0.883635 0.801335 0.895142 0.951500 0.818925 0.920857 0.854151 0.894143 0.896694 0.986819 0.890044 0.999336 0.812575 0.854877 0.845403 0.849018 0.919266 0.871914 0.891534 0.937484 0.780103 0.760620 0.804776 0.858582 0.835296 0.740473 0.765480 0.887024 0.994362 0.972133 0.727840 0.000000 0.885574 0.783050 0.800207 0.830176 0.909664 0.928337 0.881132 0.934167 0.989982 0.996301 0.966269 0.941983 0.868905 0.910411 0.891377 0.906857 0.961470 0.887233 0.959050 0.948224 0.776144 0.819009 0.992539 0.989411 0.914219 0.914134 0.875054 0.872720 0.962093 0.914271 0.715650 0.729811 0.834878 0.862498 0.833693 0.957999 0.906130 0.941773 0.905614 0.895580 0.788301 0.841482 0.858059 0.995668 0.779083 0.781866 0.974165 0.818440 0.863206 0.990114 0.856885 0.920178 0.982996 0.958899 0.866606 0.964396 0.750867 0.888179 0.844961 0.992140 0.976121 0.802501 0.912185 0.891402 0.865075 0.993928 0.958766 0.819966 0.831086 0.771868 0.930979 0.902454 0.936350 0.985357 0.997972 0.998993 0.977959 0.953664 0.960607 0.780659
0.856377 0.799020 0.641015 0.654073 0.782449 0.848805 0.958633 0.723672 0.810602 0.794717 0.982867 0.805618 0.989229 0.870788 0.915226 0.901417 0.925775 0.902097 0.990513 0.878848 0.873454 0.953546 0.907600 0.795260 0.639770 0.708564 0.819849 0.980536 0.988752 0.969428 0.794615 0.955346 0.846655 0.861201 0.823952 0.885574 0.000000 0.679664 0.651254 0.810109 0.881956 0.981254 0.784473 0.855355 0.839664 0.991398 0.690644 0.811257 0.924087 0.962613 0.865112 0.882592 0.977434 0.800241 0.658620 0.836591 0.825794 0.810765 0.865420 0.812299 0.946186 0.882479 0.923487 0.940005 0.760915 0.677708 0.721222 0.728755 0.825514 0.811655 0.934689 0.974459 0.858617 0.972209 0.858003 0.795030 0.792023 0.803708 0.780897 0.961272 0.910033 0.869669 0.799716 0.883990 0.890623 0.638678 0.846797 0.915648 0.839113 0.859450 0.978776 0.929720 0.907203 0.978254 0.986261 0.833852 0.847117 0.928772 0.912517 0.974666 0.920782 0.876716 0.927094 0.985287 0.676112 0.777908 0.967396 0.855546 0.936640 0.752593 0.902325 0.923304 0.948117 0.810553 0.763359 0.984455
0.877139 0.860291 0.741045 0.717147 0.971859 0.946911 0.972962 0.759420 0.810377 0.817759 0.937104 0.857419 0.943105 0.880918 0.849466 0.883694 0.993712 0.963263 0.974390 0.852543 0.791690 0.817316 0.879327 0.748934 0.654661 0.789841 0.799602 0.953871 0.929404 0.946908 0.915978 0.910235 0.943714 0.930748 0.886499 0.783050 0.679664 0.000000 0.618557 0.775554 0.967341 0.925887 0.821324 0.924257 0.905290 0.995423 0.757058 0.876671 0.901897 0.892103 0.851954 0.863417 0.850058 0.834029 0.750689 0.843768 0.920706 0.884056 0.880143 0.853681 0.946930 0.899072 0.969534 0.968313 0.746280 0.666667 0.743861 0.756902 0.861369 0.819385 0.898143 0.896777 0.917564 0.986095 0.999673 0.868518 0.906157 0.852851 0.907445 0.990586 0.979085 0.951633 0.861679 0.852766 0.887509 0.690819 0.836511 0.949973 0.670025 0.799052 0.993744 0.966227 0.896567 0.876740 0.911275 0.759852 0.825731 0.842576 0.960904 0.932464 0.805106 0.911326 0.971261 0.988539 0.618563 0.622448 0.885249 0.977646 0.937702 0.929817 0.992755 0.980449 0.879028 0.957996 0.688602 0.942729
