0.000000 0.527239 0.764140 0.596276 0.887804 0.870197 0.642659 0.601676 0.936097 0.720397 0.538441 0.656762 0.906909 0.979585 0.909025 0.874826 0.466229 0.402447 0.522808 0.483989 0.846711 0.936759 0.830359 0.764405 0.983570 0.930735 0.927366 0.888422 0.849071 0.886875 0.986801 0.896268 0.505954 0.545159 0.762976 0.970918 0.705505 0.770620 0.972442 0.920978 0.669225 0.676029 0.787062 0.794646 0.763967 0.615608 0.556913 0.557741 0.654655 0.680377 0.810915 0.846229 0.936968 0.854641 0.532218 0.530590 0.390505 0.509369 0.437126 0.580252 0.620338 0.712066 0.491464 0.463418 0.990462 0.925250 0.646368 0.796997 0.563959 0.606291 0.926924 0.923507 0.957352 0.859345 0.913877 0.880323 0.941434 0.767684 0.738071 0.973072 0.433625 0.406498 0.852358 0.575028 0.646676 0.794832 0.904496 0.964197 0.734864 0.516473 0.773887 0.979941 0.807454 0.983150 0.763245 0.808178 0.631723 0.797534 0.595879 0.634106 0.935090 0.947840 0.467116 0.640550 0.817486 0.614077 0.836607 0.781849 0.981585 0.900830 0.862428 0.690777 0.813729 0.898801 0.927653 0.973261
0.527239 0.000000 0.817273 0.679027 0.792870 0.920094 0.829417 0.765773 0.992196 0.903697 0.798052 0.760461 0.908874 0.866697 0.979893 0.975037 0.634401 0.599855 0.617965 0.562611 0.890386 0.838971 0.972082 0.932117 0.931761 0.910643 0.934441 0.949842 0.964437 0.979906 0.942718 0.953750 0.652433 0.786775 0.839624 0.969459 0.761313 0.771674 0.882838 0.999886 0.759460 0.717766 0.717345 0.687564 0.698091 0.595502 0.678854 0.579920 0.529256 0.529537 0.663997 0.721424 0.755241 0.936978 0.654347 0.750660 0.496191 0.490831 0.564453 0.626401 0.901322 0.895396 0.829285 0.733101 0.920907 0.978283 0.801257 0.816956 0.576107 0.525762 0.782646 0.863648 0.993216 0.944065 0.870827 0.953718 0.822416 0.741576 0.855620 0.992848 0.696103 0.621229 0.885753 0.731001 0.769081 0.880850 0.987996 0.982834 0.825668 0.633525 0.804520 0.817302 0.814192 0.853267 0.870884 0.812086 0.599131 0.840575 0.655698 0.615568 0.993111 0.772934 0.587662 0.620649 0.768529 0.668117 0.978078 0.698145 0.973813 0.797149 0.974680 0.693541 0.716441 0.864647 0.883346 0.987595
0.764140 0.817273 0.000000 0.500597 0.983390 0.755810 0.482612 0.936404 0.624113 0.987728 0.865931 0.848387 0.910585 0.876217 0.998678 0.711304 0.867713 0.818913 0.778736 0.865280 0.776638 0.982810 0.921209 0.944395 0.720928 0.702476 0.862903 0.867228 0.945409 0.739140 0.919114 0.944740 0.671677 0.907149 0.641915 0.986086 0.782796 0.870577 0.919344 0.929276 0.749824 0.729756 0.835747 0.750071 0.790011 0.779824 0.919191 0.915222 0.951291 0.834534 0.848982 0.860767 0.824352 0.706086 0.913616 0.797550 0.748381 0.811596 0.874404 0.909355 0.802185 0.862654 0.911572 0.960618 0.533446 0.928259 0.542834 0.923053 0.674190 0.760337 0.975301 0.856958 0.922257 0.854428 0.856786 0.885520 0.775177 0.802371 0.763988 0.988259 0.789619 0.847644 0.901154 0.814754 0.730002 0.807521 0.994985 0.898090 0.817137 0.871856 0.581210 0.589796 0.532487 0.553191 0.886248 0.717690 0.724721 0.832481 0.766040 0.709488 0.954237 0.849890 0.719191 0.785931 0.818702 0.768663 0.928964 0.730069 0.908174 0.928329 0.896928 0.776606 0.795335 0.981368 0.990660 0.884780
0.596276 0.679027 0.500597 0.000000 0.978565 0.929657 0.571202 0.744436 0.793693 0.942090 0.745609 0.937536 0.806864 0.917969 0.961421 0.857215 0.811047 0.739736 0.602804 0.695537 0.850046 0.957732 0.911961 0.988704 0.739691 0.696489 0.925315 0.862440 0.975449 0.820216 0.894189 0.982297 0.600066 0.791342 0.654205 0.986044 0.847152 0.919600 0.980520 0.922049 0.714855 0.711553 0.716339 0.622188 0.716957 0.641871 0.750805 0.664957 0.840655 0.727321 0.824898 0.793039 0.819276 0.828171 0.810322 0.665230 0.687268 0.752311 0.816893 0.876503 0.745982 0.943289 0.790034 0.817508 0.619368 0.926588 0.556164 0.810186 0.687287 0.737328 0.885168 0.925659 0.958426 0.997419 0.952928 0.907180 0.706537 0.802860 0.840145 0.965279 0.682656 0.722179 0.888486 0.835545 0.657536 0.688703 0.940387 0.967997 0.871161 0.705022 0.478815 0.619212 0.467084 0.607376 0.905691 0.670398 0.608924 0.780447 0.604778 0.568354 0.988405 0.856953 0.537908 0.578694 0.727481 0.690791 0.976135 0.756006 0.961638 0.951683 0.790799 0.620998 0.821761 0.915451 0.942706 0.977663
0.887804 0.792870 0.983390 0.978565 0.000000 0.944773 0.937636 0.977278 0.766151 0.927901 0.983048 0.975315 0.792893 0.911851 0.725176 0.800245 0.984252 0.987708 0.896823 0.946187 0.739175 0.931157 0.642900 0.668023 0.916394 0.824668 0.788155 0.854419 0.887375 0.897606 0.933930 0.839170 0.881851 0.961465 0.996215 0.996193 0.954894 0.710408 0.927406 0.893456 0.886474 0.966720 0.666643 0.682366 0.869057 0.835184 0.704916 0.830302 0.794160 0.872236 0.836828 0.942883 0.932954 0.989239 0.923244 0.968900 0.866874 0.979575 0.794204 0.898690 0.897792 0.996365 0.938023 0.974048 0.819756 0.969254 0.846060 0.695396 0.928857 0.910713 0.999912 0.987742 0.912134 0.805306 0.989764 0.921384 0.998484 0.883414 0.842698 0.989542 0.925723 0.970964 0.740326 0.951120 0.701429 0.782340 0.812391 0.760369 0.986930 0.952884 0.961118 0.984881 0.950422 0.938502 0.998596 0.804040 0.988837 0.837691 0.942570 0.926563 0.924730 0.824740 0.946547 0.771151 0.830548 0.909228 0.962036 0.922390 0.909683 0.898575 0.993320 0.994233 0.862612 0.964149 0.985953 0.888188
0.870197 0.920094 0.755810 0.929657 0.944773 0.000000 0.980285 0.801941 0.927577 0.756741 0.886775 0.808914 0.985008 0.852863 0.898059 0.837029 0.895889 0.914519 0.930484 0.991272 0.937565 0.847968 0.932385 0.930577 0.879047 0.945183 0.987127 0.890378 0.958724 0.869341 0.942833 0.959802 0.902661 0.962313 0.849427 0.912229 0.946040 0.980962 0.985343 0.933281 0.978058 0.872860 0.992174 0.993729 0.998566 0.893356 0.809461 0.925174 0.951145 0.994611 0.968567 0.987122 0.948860 0.841722 0.912170 0.868366 0.966848 0.952733 0.883670 0.719917 0.858429 0.688841 0.878003 0.872095 0.833717 0.722342 0.924983 0.789428 0.873370 0.987833 0.890445 0.961937 0.971886 0.961459 0.995353 0.896676 0.991050 0.965423 0.913001 0.946823 0.842177 0.846060 0.875207 0.944831 0.959739 0.959671 0.903620 0.952996 0.956113 0.927661 0.945142 0.919061 0.981173 0.883480 0.970204 0.907587 0.908135 0.880031 0.900208 0.937041 0.957097 0.963015 0.877445 0.861517 0.878684 0.958904 0.840769 0.945813 0.973702 0.929876 0.945993 0.838419 0.976614 0.947441 0.823693 0.904819
0.642659 0.829417 0.482612 0.571202 0.937636 0.980285 0.000000 0.501017 0.613697 0.537809 0.652784 0.855930 0.920232 0.827272 0.729154 0.712713 0.678020 0.620315 0.676609 0.848714 0.952623 0.999510 0.948323 0.767814 0.864176 0.906609 0.874969 0.909751 0.834947 0.945741 0.979622 0.924100 0.586363 0.569069 0.791986 0.952961 0.936394 0.942879 0.960461 0.904984 0.807396 0.839183 0.882642 0.804919 0.562053 0.566917 0.839035 0.809809 0.852349 0.943027 0.995559 0.897315 0.962217 0.972536 0.789985 0.735963 0.789954 0.856329 0.784144 0.966024 0.445593 0.730740 0.624106 0.624832 0.874677 0.967648 0.548202 0.771883 0.783560 0.759163 0.978422 0.970376 0.848560 0.901405 0.812840 0.974442 0.792243 0.767892 0.771257 0.832150 0.603946 0.688696 0.960952 0.705509 0.786105 0.955959 0.835540 0.845728 0.985209 0.903341 0.530581 0.705377 0.547558 0.770101 0.887785 0.820596 0.704855 0.769667 0.547437 0.617663 0.950154 0.999914 0.629310 0.738112 0.855854 0.813641 0.946339 0.834487 0.996812 0.942706 0.820339 0.683244 0.718893 0.767836 0.844193 0.956368
0.601676 0.765773 0.936404 0.744436 0.977278 0.801941 0.501017 0.000000 0.860068 0.363416 0.443161 0.464288 0.906284 0.980263 0.647539 0.850834 0.564830 0.561240 0.689241 0.746041 0.903626 0.888740 0.737007 0.724465 0.602040 0.686678 0.738141 0.758917 0.659028 0.639288 0.849002 0.891238 0.684093 0.412861 0.947441 0.910724 0.897336 0.770133 0.998387 0.998478 0.800354 0.932990 0.925920 0.892715 0.606137 0.572192 0.768687 0.729902 0.730100 0.965047 0.825329 0.703068 0.757385 0.619224 0.677606 0.710070 0.844583 0.881689 0.709737 0.761304 0.377875 0.394819 0.453343 0.386227 0.727106 0.804064 0.762052 0.656617 0.997841 0.812384 0.920368 0.798902 0.892870 0.969805 0.797843 0.949826 0.920545 0.873927 0.875048 0.757133 0.562756 0.627640 0.951532 0.686484 0.943186 0.987411 0.733377 0.834891 0.996204 0.792956 0.775404 0.933192 0.852990 0.835003 0.849609 0.947952 0.764786 0.813515 0.554005 0.716400 0.787924 0.864233 0.605913 0.736861 0.983288 0.891181 0.726969 0.921189 0.899590 0.951879 0.803415 0.690127 0.812455 0.716797 0.810101 0.824646
0.936097 0.992196 0.624113 0.793693 0.766151 0.927577 0.613697 0.860068 0.000000 0.820188 0.966046 0.902524 0.894922 0.957619 0.999805 0.937333 0.962667 0.921651 0.987484 0.982596 0.997627 0.880376 0.789469 0.915360 0.989645 0.998278 0.886427 0.968207 0.994312 0.997305 0.930933 0.969836 0.845722 0.967402 0.837595 0.845421 0.958514 0.901187 0.858140 0.875160 0.921884 0.959067 0.876555 0.951570 0.885851 0.928702 0.932216 0.841482 0.934194 0.982468 0.914976 0.925383 0.839214 0.704255 0.977438 0.924481 0.993985 0.930763 0.939407 0.923723 0.774791 0.972974 0.969625 0.994224 0.685339 0.914240 0.769120 0.969027 0.982613 0.955528 0.994359 0.921947 0.951216 0.989092 0.939495 0.916734 0.789687 0.974381 0.878268 0.884035 0.913093 0.989402 0.887669 0.861177 0.830367 0.870534 0.946363 0.939851 0.974183 0.985196 0.680443 0.667316 0.731372 0.713864 0.890182 0.884124 0.810615 0.977146 0.865042 0.786029 0.877365 0.874810 0.927942 0.947739 0.828457 0.997527 0.964693 0.886043 0.922139 0.977095 0.935827 0.852806 0.852753 0.852877 0.849535 0.940843
0.720397 0.903697 0.987728 0.942090 0.927901 0.756741 0.537809 0.363416 0.820188 0.000000 0.593510 0.603293 0.961884 0.929235 0.628594 0.849395 0.643992 0.587803 0.762551 0.907825 0.904964 0.997814 0.766536 0.675666 0.469823 0.540077 0.764116 0.694886 0.668553 0.612602 0.837313 0.907882 0.803295 0.529421 0.968110 0.911198 0.896785 0.714184 0.964706 0.947852 0.890354 0.978417 0.900421 0.937716 0.659943 0.682389 0.827268 0.847428 0.774079 0.898679 0.822706 0.689785 0.818024 0.678434 0.739161 0.732911 0.955817 0.900196 0.729615 0.770386 0.438914 0.465140 0.535245 0.469581 0.661272 0.882411 0.819601 0.734539 0.950054 0.815424 0.911493 0.903386 0.824608 0.918205 0.798350 0.983781 0.960944 0.948112 0.837496 0.733962 0.611906 0.702435 0.883821 0.730656 0.998273 0.841422 0.750036 0.851438 0.883968 0.864375 0.871702 0.902571 0.955809 0.785467 0.864210 0.997462 0.896011 0.882219 0.643475 0.755200 0.820944 0.779196 0.710073 0.870847 0.985317 0.863960 0.834684 0.887830 0.990049 0.928441 0.954506 0.795222 0.854804 0.699736 0.826628 0.864378
0.538441 0.798052 0.865931 0.745609 0.983048 0.886775 0.652784 0.443161 0.966046 0.593510 0.000000 0.487005 0.887097 0.951978 0.689303 0.800621 0.496871 0.575260 0.756054 0.690820 0.982403 0.763729 0.671116 0.685902 0.861865 0.864635 0.859514 0.945313 0.770527 0.763489 0.861306 0.784873 0.657229 0.474162 0.793554 0.945442 0.936151 0.938705 0.998742 0.921333 0.704625 0.812388 0.950554 0.946025 0.752008 0.682147 0.748433 0.795921 0.787668 0.986168 0.797916 0.738389 0.679554 0.589571 0.674879 0.681544 0.751283 0.855037 0.641457 0.777985 0.483207 0.518702 0.451134 0.411166 0.831134 0.856113 0.697924 0.735775 0.908869 0.740358 0.860418 0.756942 0.833739 0.883447 0.853688 0.851832 0.970588 0.998353 0.842892 0.864906 0.544609 0.597079 0.991987 0.664020 0.907220 0.918602 0.804593 0.786985 0.890418 0.734920 0.830687 0.837172 0.876081 0.830949 0.725667 0.917038 0.815324 0.839189 0.699493 0.819560 0.852986 0.913244 0.563614 0.768784 0.972972 0.811237 0.621925 0.944522 0.805051 0.902527 0.916274 0.758214 0.901244 0.895483 0.918532 0.922720
0.656762 0.760461 0.848387 0.937536 0.975315 0.808914 0.855930 0.464288 0.902524 0.603293 0.487005 0.000000 0.647731 0.678115 0.936140 0.834073 0.593908 0.629083 0.685456 0.669512 0.877509 0.783230 0.811391 0.939141 0.709680 0.668879 0.874769 0.819777 0.667250 0.577851 0.736285 0.910612 0.857309 0.520407 0.949028 0.956231 0.869437 0.757635 0.934961 0.970918 0.813388 0.974936 0.916740 0.970679 0.818036 0.741293 0.739189 0.833775 0.812539 0.889669 0.814847 0.705652 0.645969 0.519673 0.649055 0.722203 0.831034 0.940887 0.824310 0.842984 0.528933 0.437475 0.467914 0.460082 0.722463 0.703449 0.956168 0.814206 0.957925 0.824813 0.885148 0.718759 0.993788 0.999928 0.869654 0.883696 0.951473 0.951400 0.961968 0.837019 0.605367 0.597839 0.959251 0.735589 0.861650 0.817595 0.808788 0.991808 0.870203 0.790023 0.906305 0.694762 0.891064 0.620192 0.743199 0.969783 0.883073 0.960975 0.823825 0.977075 0.796158 0.804152 0.744265 0.866897 0.868002 0.964781 0.660149 0.858384 0.822497 0.985635 0.882702 0.862138 0.947747 0.934353 0.863696 0.832799
0.906909 0.908874 0.910585 0.806864 0.792893 0.985008 0.920232 0.906284 0.894922 0.961884 0.887097 0.647731 0.000000 0.500271 0.627457 0.575610 0.933956 0.942143 0.791607 0.815039 0.853331 0.895003 0.716656 0.637820 0.988344 0.968431 0.793018 0.919952 0.879481 0.893500 0.978622 0.965312 0.941430 0.859939 0.822181 0.945773 0.883053 0.922070 0.930056 0.874119 0.774613 0.982829 0.931445 0.981258 0.999579 0.949918 0.977417 0.972375 0.932926 0.915989 0.941123 0.930376 0.897968 0.983625 0.807905 0.834316 0.977505 0.888650 0.747231 0.760778 0.785642 0.894255 0.775122 0.894654 0.819288 0.852058 0.951552 0.825858 0.896971 0.983168 0.959037 0.948328 0.894921 0.895245 0.956185 0.928523 0.974966 0.936836 0.929843 0.933791 0.847081 0.836349 0.799880 0.910571 0.602010 0.563415 0.979714 0.775186 0.823933 0.998137 0.921692 0.970118 0.843510 0.983528 0.740337 0.871699 0.864283 0.982930 0.952611 0.958547 0.911744 0.994855 0.853213 0.854946 0.937023 0.970766 0.883769 0.918529 0.973125 0.974870 0.755526 0.976441 0.941916 0.908346 0.994489 0.908683
0.979585 0.866697 0.876217 0.917969 0.911851 0.852863 0.827272 0.980263 0.957619 0.929235 0.951978 0.678115 0.500271 0.000000 0.563654 0.495118 0.954987 0.936530 0.738675 0.746427 0.899756 0.945935 0.709489 0.569397 0.986075 0.993324 0.684239 0.905398 0.782841 0.744322 0.897118 0.720810 0.978634 0.972827 0.917435 0.957199 0.765582 0.878374 0.967597 0.872599 0.919885 0.894345 0.879707 0.953874 0.995292 0.948517 0.868298 0.896286 0.937542 0.984173 0.966059 0.949570 0.980159 0.987478 0.895006 0.831716 0.972590 0.899850 0.775792 0.900443 0.998128 0.947341 0.832890 0.950848 0.921032 0.850756 0.904142 0.908023 0.961071 0.978243 0.857515 0.969840 0.799232 0.820880 0.930051 0.983481 0.876105 0.966182 0.956285 0.943192 0.874874 0.869863 0.806211 0.933118 0.704555 0.585062 0.949409 0.695298 0.935834 0.881958 0.930548 0.942801 0.979857 0.888870 0.857666 0.938129 0.955911 0.833125 0.982797 0.990002 0.945586 0.974852 0.941333 0.911634 0.990613 0.967954 0.845157 0.917926 0.939097 0.893110 0.825183 0.895254 0.978037 0.954707 0.958730 0.911512
0.909025 0.979893 0.998678 0.961421 0.725176 0.898059 0.729154 0.647539 0.999805 0.628594 0.689303 0.936140 0.627457 0.563654 0.000000 0.487386 0.794586 0.917895 0.838326 0.818894 0.894847 0.959793 0.453189 0.446150 0.802829 0.861090 0.567747 0.867738 0.981291 0.961722 0.896153 0.751884 0.907693 0.759961 0.969610 0.971450 0.930116 0.983068 0.895238 0.844358 0.981103 0.980020 0.861181 0.818487 0.670810 0.705202 0.881625 0.906293 0.801586 0.924148 0.952381 0.785868 0.738010 0.768253 0.989517 0.981277 0.996841 0.990972 0.687603 0.783293 0.737699 0.665297 0.910037 0.791853 0.650265 0.874650 0.767162 0.534768 0.840593 0.904054 0.841304 0.783193 0.829205 0.844594 0.874481 0.953407 0.998989 0.973908 0.828058 0.912855 0.924237 0.946734 0.623991 0.953524 0.579724 0.602677 0.763646 0.646660 0.834466 0.904043 0.922855 0.936133 0.979057 0.954652 0.908519 0.995611 0.918247 0.779179 0.817672 0.856608 0.792455 0.944825 0.929645 0.917017 0.820614 0.985754 0.946405 0.976584 0.942551 0.894394 0.995334 0.926091 0.922310 0.768717 0.831360 0.970324
0.874826 0.975037 0.711304 0.857215 0.800245 0.837029 0.712713 0.850834 0.937333 0.849395 0.800621 0.834073 0.575610 0.495118 0.487386 0.000000 0.875168 0.904572 0.924744 0.901575 0.882229 0.999369 0.553044 0.468828 0.996240 0.936509 0.736706 0.963267 0.909883 0.816081 0.857501 0.706615 0.971603 0.921683 0.878752 0.957553 0.894887 0.934308 0.965767 0.887042 0.980727 0.823428 0.919588 0.844919 0.804387 0.827040 0.951449 0.924935 0.846626 0.982735 0.969132 0.917439 0.884779 0.926997 0.980748 0.915573 0.924076 0.929836 0.690776 0.894344 0.912651 0.960502 0.986095 0.904373 0.930343 0.888826 0.787476 0.795470 0.947966 0.882339 0.840851 0.998122 0.734737 0.775979 0.912466 0.941627 0.968544 0.993909 0.875458 0.973451 0.907248 0.997180 0.741058 0.992915 0.732033 0.704217 0.840599 0.578196 0.979817 0.936074 0.865580 0.935417 0.855977 0.871023 0.936652 0.963990 0.913206 0.800152 0.839171 0.814240 0.881737 0.979046 0.896126 0.895934 0.941095 0.848867 0.935075 0.946162 0.996752 0.999826 0.924325 0.922565 0.975860 0.953177 0.887611 0.917431
0.466229 0.634401 0.867713 0.811047 0.984252 0.895889 0.678020 0.564830 0.962667 0.643992 0.496871 0.593908 0.933956 0.954987 0.794586 0.875168 0.000000 0.437232 0.662610 0.621381 0.954073 0.954362 0.801391 0.759542 0.866452 0.901216 0.887102 0.965815 0.746155 0.771001 0.862788 0.920393 0.648612 0.588946 0.804064 0.991357 0.805755 0.999000 0.904931 0.924779 0.749280 0.826644 0.974392 0.921042 0.825612 0.774379 0.735303 0.727145 0.763629 0.881273 0.951125 0.990237 0.922691 0.775315 0.520114 0.641577 0.568125 0.607816 0.510067 0.613849 0.546237 0.584355 0.482070 0.416931 0.953537 0.806112 0.739128 0.778419 0.770666 0.692070 0.965389 0.774189 0.970252 0.888492 0.835407 0.887634 0.996298 0.854439 0.832488 0.965538 0.471303 0.503861 0.922458 0.597676 0.766036 0.846306 0.922534 0.979666 0.713935 0.657234 0.917391 0.845024 0.973511 0.873932 0.779463 0.856551 0.748327 0.864289 0.656161 0.737943 0.906546 0.974234 0.565337 0.773339 0.868375 0.694876 0.811265 0.862940 0.997770 0.870239 0.959556 0.790584 0.843298 0.886769 0.964050 0.974928
0.402447 0.599855 0.818913 0.739736 0.987708 0.914519 0.620315 0.561240 0.921651 0.587803 0.575260 0.629083 0.942143 0.936530 0.917895 0.904572 0.437232 0.000000 0.575642 0.544218 0.924090 0.990577 0.870581 0.765863 0.868799 0.898307 0.991692 0.970781 0.661803 0.658844 0.905165 0.955796 0.593733 0.553069 0.846267 0.944719 0.714262 0.952851 0.924096 0.943595 0.741573 0.723166 0.864456 0.865585 0.755809 0.671685 0.563452 0.602046 0.642693 0.799171 0.882220 0.952221 0.946785 0.815073 0.492582 0.504951 0.447004 0.563875 0.479866 0.616899 0.572261 0.654206 0.436487 0.418778 0.959857 0.934425 0.705811 0.819719 0.705524 0.610513 0.943783 0.849823 0.875728 0.822098 0.860632 0.934579 0.915312 0.832065 0.774839 0.970538 0.332441 0.371357 0.748105 0.413420 0.624418 0.819752 0.911981 0.974921 0.745433 0.532418 0.926090 0.866261 0.962050 0.844554 0.784324 0.823422 0.762772 0.817396 0.660020 0.715666 0.956152 0.856950 0.516553 0.754933 0.828980 0.636516 0.838556 0.932705 0.981593 0.907688 0.931999 0.735166 0.793818 0.851299 0.976073 0.864693
0.522808 0.617965 0.778736 0.602804 0.896823 0.930484 0.676609 0.689241 0.987484 0.762551 0.756054 0.685456 0.791607 0.738675 0.838326 0.924744 0.662610 0.575642 0.000000 0.543906 0.894405 0.875448 0.781710 0.880395 0.981438 0.928663 0.956293 0.957319 0.784286 0.829442 0.941787 0.692110 0.682381 0.658390 0.777361 0.933469 0.974748 0.951106 0.914492 0.811461 0.769140 0.770110 0.924499 0.901175 0.758381 0.687163 0.726555 0.694684 0.734840 0.759592 0.900630 0.886051 0.789750 0.975328 0.594025 0.631573 0.651767 0.709208 0.817902 0.843471 0.683306 0.846471 0.573844 0.606032 0.845704 0.999823 0.877809 0.998994 0.705169 0.687667 0.834702 0.908155 0.890482 0.930086 0.980225 0.935975 0.846585 0.794296 0.878958 0.964240 0.597587 0.515539 0.722517 0.715097 0.513598 0.696512 0.953142 0.816966 0.884549 0.662521 0.761833 0.871565 0.734845 0.959993 0.753659 0.928002 0.793804 0.999480 0.668292 0.572736 0.987428 0.899340 0.631802 0.805808 0.774767 0.626038 0.836008 0.842212 0.937955 0.984047 0.837469 0.721504 0.777083 0.997534 0.977523 0.800209
0.483989 0.562611 0.865280 0.695537 0.946187 0.991272 0.848714 0.746041 0.982596 0.907825 0.690820 0.669512 0.815039 0.746427 0.818894 0.901575 0.621381 0.544218 0.543906 0.000000 0.946969 0.902233 0.936764 0.936261 0.989393 0.987167 0.904703 0.934223 0.761751 0.831942 0.928138 0.921299 0.654440 0.747348 0.797534 0.961917 0.792807 0.887342 0.980024 0.978064 0.699280 0.831276 0.901001 0.928760 0.865980 0.736363 0.640839 0.658659 0.694325 0.660777 0.806119 0.777607 0.824073 0.940647 0.684925 0.663587 0.572400 0.606786 0.637022 0.645867 0.794515 0.807716 0.623156 0.613386 0.892825 0.915279 0.872047 0.931903 0.729325 0.740950 0.884820 0.993748 0.903688 0.917081 0.929015 0.933903 0.915923 0.951763 0.772246 0.927118 0.618401 0.541652 0.692986 0.660936 0.624771 0.694373 0.959381 0.911482 0.778606 0.538831 0.896351 0.967223 0.904153 0.974602 0.878452 0.929682 0.798407 0.911983 0.727862 0.754185 0.896252 0.932103 0.653953 0.757146 0.859350 0.735786 0.840679 0.917132 0.909542 0.976057 0.922455 0.694410 0.797613 0.952396 0.899503 0.823774
0.846711 0.890386 0.776638 0.850046 0.739175 0.937565 0.952623 0.903626 0.997627 0.904964 0.982403 0.877509 0.853331 0.899756 0.894847 0.882229 0.954073 0.924090 0.894405 0.946969 0.000000 0.921019 0.791638 0.761121 0.783022 0.701613 0.965049 0.764731 0.895545 0.780319 0.929064 0.864806 0.751045 0.982701 0.828631 0.965069 0.804988 0.790227 0.882867 0.998899 0.909357 0.948326 0.704921 0.741109 0.982647 0.918011 0.803935 0.876614 0.996212 0.890144 0.744990 0.798011 0.988310 0.889734 0.888376 0.946816 0.746259 0.837229 0.751209 0.883857 0.993548 0.948375 0.961765 0.923815 0.834295 0.861123 0.709624 0.741141 0.898615 0.889762 0.944248 0.956639 0.938639 0.776969 0.966831 0.875279 0.964855 0.978222 0.753978 0.909307 0.915739 0.980270 0.842818 0.994431 0.910412 0.947865 0.983950 0.811875 0.899099 0.895833 0.898789 0.920541 0.963409 0.835756 0.853229 0.721355 0.854846 0.922013 0.990513 0.937856 0.931706 0.908067 0.840285 0.855455 0.943817 0.961349 0.917682 0.839460 0.960574 0.839798 0.974484 0.818203 0.919612 0.982833 0.922844 0.803813
0.936759 0.838971 0.982810 0.957732 0.931157 0.847968 0.999510 0.888740 0.880376 0.997814 0.763729 0.783230 0.895003 0.945935 0.959793 0.999369 0.954362 0.990577 0.875448 0.902233 0.921019 0.000000 0.976435 0.999700 0.955478 0.918759 0.966437 0.844792 0.791994 0.863940 0.949454 0.797182 0.993165 0.848092 0.957375 0.990840 0.801453 0.782344 0.938333 0.919498 0.898692 0.928267 0.998402 0.955330 0.941394 0.997872 0.970486 0.995982 0.931034 0.876749 0.810349 0.809357 0.834159 0.781580 0.944661 0.996286 0.977542 0.897338 0.918953 0.864747 0.889082 0.925902 0.778372 0.839568 0.922612 0.951917 0.930467 0.957195 0.915481 0.948300 0.855089 0.860279 0.908856 0.867670 0.964564 0.830396 0.952923 0.870987 0.981970 0.833510 0.987632 0.936191 0.864531 0.991203 0.908161 0.930344 0.991524 0.989488 0.972445 0.981130 0.959252 0.856550 0.904650 0.862119 0.926259 0.941333 0.971666 0.912140 0.923731 0.948295 0.946774 0.881193 0.960975 0.975560 0.845157 0.926578 0.665995 0.808850 0.999474 0.970160 0.820006 0.936458 0.988396 0.872901 0.908734 0.880604
0.830359 0.972082 0.921209 0.911961 0.642900 0.932385 0.948323 0.737007 0.789469 0.766536 0.671116 0.811391 0.716656 0.709489 0.453189 0.553044 0.801391 0.870581 0.781710 0.936764 0.791638 0.976435 0.000000 0.372586 0.826420 0.901584 0.628697 0.943368 0.983205 0.986733 0.751186 0.573077 0.974426 0.804610 0.929715 0.952089 0.948464 0.946416 0.966959 0.735274 0.936120 0.953801 0.772327 0.798940 0.825864 0.794554 0.799492 0.849211 0.770773 0.943937 0.933915 0.780249 0.625853 0.602880 0.975507 0.922625 0.909131 0.942491 0.596840 0.757307 0.877021 0.713718 0.894196 0.780239 0.539113 0.925945 0.846142 0.626170 0.937281 0.884917 0.832616 0.780042 0.695135 0.707266 0.878776 0.997432 0.981013 0.918568 0.864823 0.860243 0.864369 0.974029 0.598539 0.965123 0.561282 0.642656 0.691247 0.530674 0.991278 0.985678 0.897172 0.747410 0.884959 0.835527 0.965934 0.963594 0.943950 0.762514 0.878597 0.969956 0.697392 0.907840 0.853822 0.791190 0.734773 0.982885 0.947757 0.951552 0.886736 0.938644 0.961477 0.986401 0.964875 0.917320 0.888956 0.851046
0.764405 0.932117 0.944395 0.988704 0.668023 0.930577 0.767814 0.724465 0.915360 0.675666 0.685902 0.939141 0.637820 0.569397 0.446150 0.468828 0.759542 0.765863 0.880395 0.936261 0.761121 0.999700 0.372586 0.000000 0.785178 0.895491 0.611587 0.918039 0.984049 0.980651 0.798443 0.572806 0.914453 0.754117 0.993539 0.981084 0.860939 0.919641 0.974159 0.783136 0.907560 0.929137 0.875266 0.869627 0.761886 0.756510 0.799399 0.822420 0.729093 0.977853 0.988071 0.834599 0.786941 0.736938 0.964917 0.940258 0.864568 0.847677 0.536689 0.766693 0.829141 0.788738 0.823207 0.708079 0.633547 0.884982 0.766650 0.692985 0.950676 0.792597 0.860009 0.849492 0.643966 0.652949 0.881780 0.976241 0.954434 0.977042 0.804925 0.881228 0.784231 0.901455 0.720969 0.897623 0.641067 0.581438 0.757113 0.546371 0.960599 0.979220 0.945566 0.871266 0.995147 0.940041 0.991603 0.936299 0.940193 0.792960 0.775793 0.893574 0.817440 0.986592 0.780512 0.769988 0.858835 0.899267 0.950660 0.988765 0.948729 0.903650 0.831738 0.878554 0.947961 0.909528 0.846443 0.917978
0.983570 0.931761 0.720928 0.739691 0.916394 0.879047 0.864176 0.602040 0.989645 0.469823 0.861865 0.709680 0.988344 0.986075 0.802829 0.996240 0.866452 0.868799 0.981438 0.989393 0.783022 0.955478 0.826420 0.785178 0.000000 0.392411 0.745870 0.606819 0.704661 0.653993 0.783602 0.927334 0.911944 0.743545 0.820198 0.837910 0.807350 0.717552 0.868278 0.975357 0.981195 0.865178 0.728269 0.675773 0.905041 0.957075 0.963622 0.989610 0.929909 0.791574 0.741105 0.655043 0.783277 0.681726 0.965930 0.987463 0.771821 0.930786 0.954181 0.877494 0.669151 0.584076 0.767970 0.665179 0.512070 0.982833 0.815258 0.972984 0.857522 0.983830 0.883586 0.936725 0.912719 0.984086 0.824215 0.966541 0.865707 0.884042 0.936773 0.743642 0.896440 0.902759 0.844071 0.905153 0.832080 0.746976 0.834143 0.897514 0.777658 0.894505 0.887700 0.752249 0.825385 0.642086 0.970496 0.791817 0.918722 0.930971 0.871926 0.951259 0.904404 0.792646 0.998218 0.975783 0.848094 0.907231 0.952896 0.758701 0.927519 0.976665 0.903048 0.953967 0.997996 0.744130 0.753495 0.787129
0.930735 0.910643 0.702476 0.696489 0.824668 0.945183 0.906609 0.686678 0.998278 0.540077 0.864635 0.668879 0.968431 0.993324 0.861090 0.936509 0.901216 0.898307 0.928663 0.987167 0.701613 0.918759 0.901584 0.895491 0.392411 0.000000 0.781956 0.603500 0.714756 0.607619 0.667187 0.988630 0.895760 0.783219 0.804461 0.870744 0.811927 0.664278 0.850886 0.972039 0.949846 0.930991 0.704180 0.679009 0.901903 0.997241 0.938474 0.907184 0.953862 0.742176 0.692313 0.627501 0.807492 0.664937 0.957751 0.982450 0.817223 0.894205 0.972718 0.999495 0.756017 0.701649 0.782051 0.730092 0.536326 0.939063 0.726231 0.905606 0.898611 0.919772 0.881591 0.970617 0.913483 0.951108 0.919637 0.994142 0.911065 0.846343 0.952175 0.756006 0.950743 0.913255 0.959144 0.940259 0.921064 0.768724 0.920488 0.976464 0.765681 0.924400 0.835356 0.757418 0.818953 0.634373 0.992795 0.806071 0.934136 0.941242 0.957551 0.933782 0.903389 0.705670 0.953339 0.874848 0.885186 0.907515 0.890619 0.798612 0.961294 0.989787 0.970785 0.924704 0.972673 0.816811 0.811997 0.829202
0.927366 0.934441 0.862903 0.925315 0.788155 0.987127 0.874969 0.738141 0.886427 0.764116 0.859514 0.874769 0.793018 0.684239 0.567747 0.736706 0.887102 0.991692 0.956293 0.904703 0.965049 0.966437 0.628697 0.611587 0.745870 0.781956 0.000000 0.729344 0.857126 0.959460 0.855969 0.799278 0.996447 0.794285 0.956159 0.931357 0.918467 0.977171 0.994705 0.953213 0.984515 0.976803 0.852975 0.892981 0.726163 0.766412 0.977781 0.836136 0.812157 0.932371 0.949080 0.821454 0.818514 0.816965 0.992082 0.893160 0.993757 0.995954 0.830219 0.865929 0.897276 0.817771 0.970694 0.893092 0.687319 0.993647 0.941734 0.724362 0.989360 0.924299 0.993295 0.938270 0.885285 0.819337 0.988860 0.901926 0.972594 0.903514 0.975363 0.892700 0.953394 0.925997 0.660053 0.848365 0.690745 0.670815 0.891015 0.653471 0.904865 0.880434 0.922271 0.984517 0.950766 0.959380 0.916567 0.931768 0.894651 0.845547 0.830124 0.895348 0.813194 0.966292 0.925733 0.999303 0.773638 0.990248 0.899788 0.993161 0.946032 0.997579 0.975485 0.995038 0.999831 0.740042 0.811075 0.958195
0.888422 0.949842 0.867228 0.862440 0.854419 0.890378 0.909751 0.758917 0.968207 0.694886 0.945313 0.819777 0.919952 0.905398 0.867738 0.963267 0.965815 0.970781 0.957319 0.934223 0.764731 0.844792 0.943368 0.918039 0.606819 0.603500 0.729344 0.000000 0.877503 0.856541 0.828850 0.995613 0.857595 0.879130 0.902578 0.904890 0.764470 0.634044 0.917191 0.957546 0.881071 0.987876 0.885230 0.855175 0.841593 0.896913 0.926624 0.954572 0.911658 0.948338 0.878012 0.825695 0.912110 0.869973 0.986606 0.909486 0.762238 0.966530 0.988010 0.908542 0.831522 0.771673 0.954590 0.855691 0.762124 0.993734 0.862751 0.910614 0.782576 0.979885 0.877737 0.962430 0.983248 0.875752 0.875250 0.956399 0.993834 0.955180 0.898364 0.884602 0.922941 0.962865 0.955180 0.992462 0.842813 0.803605 0.988962 0.942967 0.828294 0.889401 0.921097 0.899881 0.869549 0.803387 0.970225 0.732284 0.789236 0.880185 0.918654 0.987207 0.858533 0.844602 0.827841 0.864541 0.825594 0.932501 0.926594 0.709264 0.968458 0.977790 0.965728 0.968942 0.880131 0.861942 0.799140 0.834715
0.849071 0.964437 0.945409 0.975449 0.887375 0.958724 0.834947 0.659028 0.994312 0.668553 0.770527 0.667250 0.879481 0.782841 0.981291 0.909883 0.746155 0.661803 0.784286 0.761751 0.895545 0.791994 0.983205 0.984049 0.704661 0.714756 0.857126 0.877503 0.000000 0.433971 0.997004 0.790075 0.865041 0.627969 0.906119 0.895734 0.828741 0.745200 0.973380 0.828649 0.938320 0.936815 0.843168 0.834905 0.998840 0.995411 0.830704 0.924280 0.991085 0.804074 0.746492 0.746706 0.865748 0.667735 0.790304 0.779815 0.967584 0.938683 0.951272 0.921789 0.627464 0.628695 0.536017 0.619375 0.865787 0.870051 0.995676 0.999243 0.808509 0.945424 0.814387 0.787177 0.987781 0.832504 0.855225 0.902737 0.942678 0.987681 0.910115 0.936500 0.680572 0.710031 0.771092 0.641146 0.804858 0.819245 0.929806 0.845947 0.921730 0.824562 0.820969 0.641261 0.762263 0.586418 0.841627 0.970975 0.921214 0.932567 0.941361 0.975768 0.916591 0.624508 0.968304 0.954901 0.909317 0.985745 0.761033 0.730829 0.942261 0.955795 0.796722 0.907306 0.891302 0.896012 0.904310 0.669782
0.886875 0.979906 0.739140 0.820216 0.897606 0.869341 0.945741 0.639288 0.997305 0.612602 0.763489 0.577851 0.893500 0.744322 0.961722 0.816081 0.771001 0.658844 0.829442 0.831942 0.780319 0.863940 0.986733 0.980651 0.653993 0.607619 0.959460 0.856541 0.433971 0.000000 0.967622 0.816187 0.862994 0.601658 0.919070 0.938433 0.808866 0.762453 0.978836 0.951339 0.949414 0.933205 0.859144 0.831457 0.918434 0.930061 0.859846 0.914525 0.860337 0.850455 0.809116 0.733203 0.831692 0.624884 0.725526 0.765563 0.935859 0.958169 0.943347 0.879907 0.692006 0.595160 0.551258 0.580130 0.671991 0.885011 0.902713 0.940573 0.797300 0.976967 0.821325 0.810868 0.959516 0.870858 0.982126 0.936790 0.891731 0.977374 0.994836 0.995770 0.713677 0.720182 0.745814 0.684466 0.878773 0.917684 0.992410 0.867961 0.984820 0.867938 0.734383 0.585956 0.699776 0.506766 0.876464 0.862299 0.923516 0.889961 0.960582 0.972279 0.913867 0.702403 0.997229 0.916690 0.967262 0.990696 0.704853 0.774467 0.972010 0.994083 0.896902 0.976849 0.949161 0.947244 0.911329 0.719556
0.986801 0.942718 0.919114 0.894189 0.933930 0.942833 0.979622 0.849002 0.930933 0.837313 0.861306 0.736285 0.978622 0.897118 0.896153 0.857501 0.862788 0.905165 0.941787 0.928138 0.929064 0.949454 0.751186 0.798443 0.783602 0.667187 0.855969 0.828850 0.997004 0.967622 0.000000 0.678304 0.875407 0.916023 0.918853 0.903958 0.931306 0.721549 0.987680 0.774600 0.983693 0.965309 0.971084 0.910421 0.989027 0.962171 0.955194 0.929136 0.970337 0.786264 0.732435 0.660385 0.712198 0.623270 0.850354 0.928483 0.994913 0.972710 0.932162 0.958785 0.915823 0.855047 0.945622 0.905604 0.767473 0.969340 0.859911 0.875953 0.917489 0.774922 0.760892 0.926413 0.760041 0.818936 0.857073 0.781193 0.930698 0.957149 0.880287 0.837362 0.969384 0.886479 0.920753 0.958502 0.945363 0.880095 0.938535 0.885215 0.890188 0.905891 0.839670 0.844776 0.877234 0.791626 0.921844 0.993453 0.937955 0.883407 0.940381 0.881463 0.892360 0.952393 0.958528 0.968206 0.852422 0.968350 0.930918 0.813711 0.960968 0.894513 0.871199 0.995847 0.914778 0.997413 0.852939 0.935169
0.896268 0.953750 0.944740 0.982297 0.839170 0.959802 0.924100 0.891238 0.969836 0.907882 0.784873 0.910612 0.965312 0.720810 0.751884 0.706615 0.920393 0.955796 0.692110 0.921299 0.864806 0.797182 0.573077 0.572806 0.927334 0.988630 0.799278 0.995613 0.790075 0.816187 0.678304 0.000000 0.962220 0.936215 0.978276 0.772041 0.760577 0.895449 0.935040 0.669220 0.884881 0.976242 0.948117 0.963135 0.970153 0.968694 0.967214 0.934480 0.987217 0.914360 0.963669 0.885748 0.721656 0.809579 0.971173 0.951124 0.942507 0.901670 0.717558 0.879343 0.895412 0.848585 0.998283 0.892724 0.863995 0.968787 0.787000 0.898116 0.914484 0.825198 0.786435 0.894970 0.720771 0.677162 0.929813 0.906499 0.882713 0.944461 0.917139 0.732447 0.909892 0.983899 0.736485 0.949887 0.759660 0.829973 0.796953 0.623587 0.865888 0.980271 0.973998 0.954357 0.974751 0.989617 0.985390 0.977000 0.857670 0.772947 0.954754 0.890791 0.932082 0.918486 0.880096 0.825841 0.883461 0.987685 0.914017 0.957999 0.824280 0.865380 0.824089 0.943949 0.900563 0.941532 0.889260 0.848328
0.505954 0.652433 0.671677 0.600066 0.881851 0.902661 0.586363 0.684093 0.845722 0.803295 0.657229 0.857309 0.941430 0.978634 0.907693 0.971603 0.648612 0.593733 0.682381 0.654440 0.751045 0.993165 0.974426 0.914453 0.911944 0.895760 0.996447 0.857595 0.865041 0.862994 0.875407 0.962220 0.000000 0.619635 0.814209 0.997924 0.779808 0.810220 0.978426 0.982300 0.753764 0.736466 0.805497 0.725961 0.747452 0.665752 0.677454 0.689044 0.804948 0.790762 0.848673 0.894329 0.908211 0.980445 0.727370 0.748375 0.552406 0.729125 0.673600 0.770116 0.641005 0.792891 0.674162 0.688311 0.883826 0.860098 0.554071 0.701471 0.705200 0.772298 0.980782 0.958898 0.940366 0.985700 0.954801 0.998124 0.757393 0.804389 0.711820 0.981856 0.598526 0.631268 0.858477 0.714986 0.724195 0.811272 0.911046 0.982114 0.926644 0.729734 0.638291 0.846206 0.735689 0.854985 0.956826 0.703730 0.598770 0.840539 0.677640 0.704387 0.953104 0.975416 0.640962 0.704564 0.810295 0.747907 0.820235 0.788497 0.888650 0.767974 0.852496 0.673557 0.715968 0.852103 0.932972 0.936890
0.545159 0.786775 0.907149 0.791342 0.961465 0.962313 0.569069 0.412861 0.967402 0.529421 0.474162 0.520407 0.859939 0.972827 0.759961 0.921683 0.588946 0.553069 0.658390 0.747348 0.982701 0.848092 0.804610 0.754117 0.743545 0.783219 0.794285 0.879130 0.627969 0.601658 0.916023 0.936215 0.619635 0.000000 0.860581 0.990038 0.970038 0.919320 0.962578 0.941719 0.767436 0.856669 0.900256 0.923487 0.704742 0.657270 0.799292 0.725691 0.773709 0.937275 0.834120 0.724455 0.748576 0.646943 0.604821 0.728969 0.754987 0.898719 0.737731 0.855117 0.429822 0.505895 0.424848 0.413611 0.809544 0.871430 0.746603 0.750727 0.892487 0.800937 0.826149 0.776582 0.926577 0.885877 0.933729 0.996306 0.987775 0.863580 0.932706 0.832292 0.543880 0.582726 0.931483 0.654758 0.823907 0.915849 0.926334 0.944780 0.938995 0.780178 0.855751 0.864412 0.905320 0.782139 0.781924 0.959608 0.857479 0.869273 0.652976 0.742574 0.894144 0.817498 0.647450 0.808748 0.983993 0.805342 0.717568 0.983123 0.906642 0.890786 0.771239 0.700479 0.834463 0.788913 0.833797 0.751440
0.762976 0.839624 0.641915 0.654205 0.996215 0.849427 0.791986 0.947441 0.837595 0.968110 0.793554 0.949028 0.822181 0.917435 0.969610 0.878752 0.804064 0.846267 0.777361 0.797534 0.828631 0.957375 0.929715 0.993539 0.820198 0.804461 0.956159 0.902578 0.906119 0.919070 0.918853 0.978276 0.814209 0.860581 0.000000 0.930049 0.954389 0.937109 0.902622 0.890242 0.662787 0.774809 0.868495 0.858311 0.844513 0.820847 0.933431 0.878022 0.908395 0.848188 0.860906 0.863989 0.937449 0.854067 0.997725 0.820807 0.816323 0.881472 0.905378 0.998325 0.874270 0.950814 0.818171 0.864288 0.709011 0.979104 0.719273 0.946834 0.772928 0.816491 0.916928 0.940077 0.948730 0.995515 0.993261 0.831887 0.994270 0.882100 0.914133 0.980136 0.794524 0.879859 0.902301 0.884696 0.814323 0.790925 0.919133 0.939176 0.993888 0.848029 0.816182 0.819027 0.734778 0.785309 0.845232 0.883995 0.914100 0.879661 0.795973 0.742971 0.930890 0.840678 0.787065 0.859554 0.862560 0.733018 0.904504 0.751651 0.958318 0.887457 0.929266 0.866459 0.965356 0.938665 0.917009 0.986732
0.970918 0.969459 0.986086 0.986044 0.996193 0.912229 0.952961 0.910724 0.845421 0.911198 0.945442 0.956231 0.945773 0.957199 0.971450 0.957553 0.991357 0.944719 0.933469 0.961917 0.965069 0.990840 0.952089 0.981084 0.837910 0.870744 0.931357 0.904890 0.895734 0.938433 0.903958 0.772041 0.997924 0.990038 0.930049 0.000000 0.963305 0.976660 0.983823 0.850558 0.882714 0.965469 0.843927 0.877462 0.882975 0.919406 0.941637 0.824323 0.901266 0.919249 0.969818 0.970492 0.906418 0.919193 0.911704 0.994254 0.941416 0.955251 0.971696 0.930995 0.897097 0.868629 0.992806 0.943406 0.941216 0.912964 0.993580 0.931346 0.923388 0.915222 0.988412 0.953326 0.890850 0.969554 0.952991 0.906167 0.952859 0.936662 0.928068 0.886005 0.975383 0.955244 0.874426 0.951536 0.945431 0.980606 0.942193 0.855635 0.903558 0.988716 0.961317 0.969159 0.984190 0.985285 0.875745 0.938281 0.931469 0.875719 0.982961 0.953174 0.956889 0.862372 0.984953 0.942169 0.922962 0.991457 0.882010 0.935637 0.936354 0.935500 0.935105 0.999352 0.927163 0.957900 0.951394 0.924326
0.705505 0.761313 0.782796 0.847152 0.954894 0.946040 0.936394 0.897336 0.958514 0.896785 0.936151 0.869437 0.883053 0.765582 0.930116 0.894887 0.805755 0.714262 0.974748 0.792807 0.804988 0.801453 0.948464 0.860939 0.807350 0.811927 0.918467 0.764470 0.828741 0.808866 0.931306 0.760577 0.779808 0.970038 0.954389 0.963305 0.000000 0.618178 0.880011 0.784074 0.802902 0.714467 0.928873 0.946193 0.938589 0.965807 0.834567 0.887794 0.885387 0.774009 0.754064 0.708018 0.792728 0.886418 0.756811 0.737985 0.587825 0.557017 0.643299 0.743207 0.923980 0.869471 0.992381 0.937164 0.845802 0.875526 0.841089 0.976378 0.609932 0.728373 0.965322 0.899748 0.926049 0.797411 0.946397 0.838404 0.964551 0.835996 0.790311 0.888685 0.771812 0.768191 0.834503 0.732223 0.776000 0.959449 0.943643 0.946781 0.787430 0.622411 0.879752 0.908706 0.885592 0.860606 0.964785 0.843810 0.745769 0.870795 0.911621 0.962504 0.916656 0.878069 0.691755 0.844827 0.731329 0.721416 0.905178 0.736957 0.956625 0.776997 0.907926 0.934697 0.960952 0.962832 0.726406 0.817903
0.770620 0.771674 0.870577 0.919600 0.710408 0.980962 0.942879 0.770133 0.901187 0.714184 0.938705 0.757635 0.922070 0.878374 0.983068 0.934308 0.999000 0.952851 0.951106 0.887342 0.790227 0.782344 0.946416 0.919641 0.717552 0.664278 0.977171 0.634044 0.745200 0.762453 0.721549 0.895449 0.810220 0.919320 0.937109 0.976660 0.618178 0.000000 0.923821 0.864969 0.844867 0.750426 0.799743 0.835210 0.967213 0.928962 0.838660 0.818594 0.843191 0.666436 0.608900 0.617600 0.780409 0.738925 0.934017 0.917703 0.636702 0.702362 0.748975 0.813314 0.775664 0.770841 0.840054 0.868790 0.892536 0.896216 0.840904 0.952363 0.683956 0.889305 0.815242 0.837356 0.989192 0.895663 0.849821 0.965564 0.942203 0.809261 0.896430 0.861997 0.969356 0.959900 0.994359 0.958151 0.962214 0.990917 0.922158 0.974805 0.827932 0.851719 0.909556 0.819583 0.808051 0.742704 0.997075 0.859816 0.756726 0.846844 0.942279 0.920504 0.899504 0.819505 0.877670 0.791436 0.817292 0.758285 0.795269 0.648893 0.955832 0.765224 0.982428 0.991160 0.958062 0.929743 0.732924 0.783171
