0.000000 0.273343 0.587179 0.679340 0.935581 0.847887 0.579386 0.518123 0.906909 0.762657 0.337479 0.308067 0.478180 0.512622 0.568541 0.555686 0.306417 0.239923 0.388699 0.308173 0.732311 0.873315 0.544286 0.744795 0.779707 0.705550 0.956647 0.950571 0.281467 0.278360 0.501735 0.504058 0.423134 0.382553 0.713557 0.790100 0.523851 0.707876 0.745703 0.715442 0.676605 0.757394 0.604378 0.507979 0.620810 0.548662 0.544746 0.437347 0.797737 0.710870 0.730048 0.777477 0.766019 0.918141 0.683848 0.810818 0.359987 0.346655 0.526239 0.459438 0.349538 0.407750 0.283195 0.311247 0.606236 0.549342 0.571055 0.428681 0.384549 0.348607 0.515224 0.555796 0.487355 0.546938 0.762075 0.807148 0.514557 0.622510 0.548522 0.378687 0.279146 0.304938 0.440894 0.467858 0.536706 0.565421 0.836135 0.895898 0.914348 0.597229 0.948979 0.953502 0.878412 0.949816 0.548089 0.650876 0.594969 0.766100 0.591051 0.624641 0.788586 0.665695 0.564331 0.642711 0.548914 0.602041 0.858633 0.894963 0.929120 0.728760 0.817821 0.691920 0.703607 0.689051 0.792626 0.914030
0.273343 0.000000 0.803146 0.827479 0.947120 0.972937 0.694034 0.584977 0.895620 0.712383 0.431752 0.382549 0.724185 0.670578 0.722604 0.672577 0.193252 0.213228 0.476406 0.375151 0.816108 0.823744 0.671656 0.889382 0.963847 0.886624 0.856753 0.963081 0.318073 0.299740 0.597297 0.630332 0.488530 0.453532 0.815534 0.677455 0.706760 0.629998 0.905064 0.861563 0.753950 0.614293 0.588020 0.506206 0.601379 0.559302 0.650360 0.490070 0.665173 0.698912 0.693214 0.762779 0.784915 0.868172 0.871888 0.942765 0.193749 0.190989 0.535581 0.494254 0.527726 0.547370 0.237672 0.211304 0.892535 0.786360 0.628963 0.478682 0.504629 0.372993 0.464196 0.474963 0.552182 0.540306 0.854401 0.743524 0.550705 0.396659 0.530493 0.500721 0.266590 0.452007 0.433400 0.477717 0.722442 0.812231 0.735636 0.797899 0.955509 0.771020 0.863089 0.879932 0.794929 0.941880 0.581393 0.746879 0.684868 0.630422 0.557142 0.551488 0.758455 0.669732 0.471836 0.570999 0.545445 0.547216 0.741326 0.813237 0.932466 0.790639 0.748223 0.674372 0.748579 0.739068 0.784313 0.953843
0.587179 0.803146 0.000000 0.237270 0.940614 0.561664 0.211452 0.329553 0.603529 0.503949 0.561564 0.653577 0.449328 0.609175 0.556841 0.558025 0.803628 0.670118 0.416177 0.506728 0.716139 0.828314 0.362339 0.414563 0.617572 0.355397 0.870665 0.939801 0.765937 0.604526 0.333635 0.417914 0.375360 0.352252 0.605791 0.682475 0.660705 0.781692 0.481341 0.742249 0.939935 0.984181 0.368955 0.379013 0.414527 0.424742 0.395389 0.402187 0.674760 0.586667 0.600343 0.574011 0.601995 0.777993 0.657735 0.626657 0.933682 0.932859 0.543523 0.596162 0.456244 0.534973 0.763501 0.854283 0.295091 0.280612 0.299056 0.362352 0.766215 0.664241 0.499890 0.478685 0.621834 0.566304 0.768665 0.805100 0.510616 0.817055 0.587494 0.480140 0.735792 0.554215 0.887448 0.825079 0.634883 0.514225 0.858623 0.993393 0.844517 0.634438 0.579523 0.618326 0.611915 0.554270 0.647786 0.682708 0.368666 0.802009 0.468969 0.466552 0.570674 0.514078 0.625145 0.620103 0.493555 0.564280 0.666678 0.671462 0.953161 0.867958 0.788923 0.642988 0.514861 0.670094 0.689911 0.882993
0.679340 0.827479 0.237270 0.000000 0.987867 0.583640 0.270988 0.320569 0.625681 0.495011 0.630156 0.719292 0.538952 0.567732 0.553187 0.537989 0.869638 0.707344 0.408671 0.521540 0.649959 0.764365 0.389117 0.412940 0.699746 0.387257 0.841225 0.991720 0.749043 0.649527 0.392685 0.460068 0.392947 0.369470 0.656272 0.645977 0.664480 0.828742 0.601948 0.816575 0.991390 0.899223 0.388576 0.395261 0.491133 0.489715 0.442323 0.447062 0.667781 0.584683 0.647245 0.592762 0.653616 0.764809 0.734365 0.693037 0.953585 0.952441 0.525964 0.633796 0.601075 0.609244 0.837707 0.921915 0.393183 0.307497 0.351075 0.418286 0.856076 0.728112 0.472385 0.451585 0.705954 0.600321 0.865300 0.740284 0.469249 0.729649 0.604197 0.539683 0.823246 0.604901 0.945324 0.822905 0.710222 0.517103 0.928937 0.948746 0.875739 0.635332 0.503974 0.515641 0.546796 0.460613 0.751949 0.625137 0.434334 0.702308 0.467371 0.413352 0.539835 0.562723 0.622248 0.555804 0.531326 0.634091 0.694919 0.682130 0.978384 0.866921 0.824864 0.633081 0.501699 0.571723 0.751791 0.843201
0.935581 0.947120 0.940614 0.987867 0.000000 0.960414 0.933174 0.899179 0.993288 0.893902 0.963817 0.954459 0.976728 0.860282 0.961605 0.971610 0.886849 0.919793 0.942188 0.954538 0.933293 0.951165 0.929101 0.988243 0.847042 0.916473 0.996039 0.948695 0.917254 0.946800 0.990805 0.900795 0.987051 0.974880 0.966724 0.985638 0.777329 0.952130 0.854904 0.972543 0.875298 0.973354 0.877735 0.893901 0.865808 0.831933 0.948115 0.897462 0.705057 0.775776 0.854128 0.807091 0.826578 0.745399 0.982026 0.916973 0.913117 0.892874 0.852996 0.855416 0.897317 0.896491 0.831637 0.865709 0.931623 0.966765 0.948315 0.943678 0.958372 0.970946 0.844822 0.847842 0.996680 0.994923 0.973015 0.927828 0.924593 0.978273 0.828120 0.974891 0.844051 0.944303 0.918852 0.963126 0.975761 0.968600 0.939001 0.941745 0.972924 0.901317 0.868781 0.897906 0.896629 0.979626 0.879454 0.975143 0.931687 0.782167 0.869310 0.747962 0.895474 0.951722 0.948704 0.786230 0.930301 0.960297 0.802714 0.978469 0.742747 0.882204 0.929370 0.726441 0.771577 0.906178 0.903708 0.953108
0.847887 0.972937 0.561664 0.583640 0.960414 0.000000 0.569675 0.758044 0.801167 0.730450 0.839421 0.754096 0.587564 0.782942 0.651035 0.512947 0.996411 0.878548 0.650179 0.741076 0.835935 0.786107 0.604499 0.578381 0.757997 0.512461 0.777025 0.643677 0.931301 0.839817 0.701164 0.719696 0.635711 0.580160 0.738564 0.908906 0.980134 0.960143 0.741614 0.892446 0.978864 0.879435 0.652723 0.608507 0.786616 0.820938 0.795145 0.687755 0.962633 0.786671 0.867960 0.764742 0.804825 0.872615 0.838818 0.864746 0.892852 0.917025 0.901507 0.883295 0.800982 0.912003 0.953815 0.953597 0.587760 0.612203 0.678685 0.748008 0.922057 0.788543 0.815247 0.724628 0.829952 0.687104 0.767650 0.831724 0.811162 0.881090 0.806466 0.596513 0.878118 0.693704 0.968925 0.954607 0.697816 0.575485 0.859399 0.746489 0.928511 0.796394 0.721507 0.704559 0.746276 0.677075 0.785221 0.655325 0.700683 0.900529 0.764456 0.722482 0.912771 0.762538 0.917345 0.766107 0.693969 0.798868 0.900696 0.900525 0.997209 0.869442 0.958872 0.840916 0.703094 0.885427 0.904615 0.994021
0.579386 0.694034 0.211452 0.270988 0.933174 0.569675 0.000000 0.227210 0.547655 0.334629 0.598150 0.663124 0.515551 0.724951 0.631152 0.600544 0.709737 0.605368 0.395129 0.482255 0.744140 0.835150 0.306046 0.515489 0.765381 0.475505 0.999407 0.906780 0.733304 0.584169 0.330513 0.464649 0.312309 0.269777 0.539449 0.572905 0.671736 0.796265 0.682150 0.808400 0.957543 0.907942 0.231754 0.247747 0.254284 0.277640 0.360810 0.322600 0.490900 0.439441 0.456054 0.421052 0.465086 0.625539 0.692935 0.614810 0.782516 0.789637 0.398577 0.471845 0.407938 0.465705 0.634336 0.709229 0.382264 0.342095 0.196234 0.261836 0.868439 0.631965 0.349358 0.325059 0.687954 0.543609 0.825976 0.739044 0.383411 0.726606 0.513179 0.485248 0.661483 0.589578 0.864361 0.819606 0.706427 0.636701 0.952821 0.911626 0.865506 0.746557 0.400713 0.447580 0.438065 0.422635 0.625646 0.599495 0.315791 0.691315 0.285361 0.302636 0.425240 0.428008 0.499394 0.487470 0.363027 0.411916 0.525423 0.585448 0.851729 0.877945 0.679604 0.511675 0.432632 0.598743 0.601201 0.879678
0.518123 0.584977 0.329553 0.320569 0.899179 0.758044 0.227210 0.000000 0.551359 0.309584 0.497571 0.601953 0.584055 0.667913 0.708961 0.668561 0.613611 0.524357 0.420889 0.407904 0.822219 0.830422 0.422019 0.632303 0.950625 0.621842 0.879789 0.823717 0.602811 0.538586 0.449063 0.507945 0.368527 0.327266 0.663112 0.577938 0.684959 0.815206 0.827890 0.860369 0.853527 0.759910 0.334214 0.362109 0.346792 0.371181 0.501035 0.419129 0.514976 0.505022 0.538815 0.515656 0.568483 0.665000 0.797343 0.685378 0.649183 0.640089 0.365904 0.449370 0.434296 0.381212 0.558289 0.577520 0.556474 0.411913 0.287607 0.320472 0.814359 0.575920 0.332241 0.348894 0.739686 0.638946 0.881703 0.805784 0.407547 0.657469 0.568083 0.572968 0.618202 0.583618 0.848431 0.787870 0.815074 0.742078 0.969212 0.875798 0.839114 0.718409 0.380030 0.442659 0.398164 0.425935 0.558058 0.633913 0.340164 0.579254 0.255115 0.264835 0.369358 0.435958 0.402347 0.429682 0.374819 0.421686 0.519693 0.585698 0.889002 0.802085 0.651799 0.469459 0.403445 0.550974 0.630251 0.907704
0.906909 0.895620 0.603529 0.625681 0.993288 0.801167 0.547655 0.551359 0.000000 0.418801 0.973779 0.967779 0.868283 0.921838 0.974673 0.946423 0.870463 0.848373 0.966436 0.994962 0.934223 0.895018 0.819526 0.912040 0.945265 0.858788 0.891219 0.896600 0.829570 0.854561 0.773939 0.920185 0.867859 0.775791 0.845217 0.758991 0.977725 0.945938 0.983248 0.877020 0.782387 0.934245 0.630945 0.680571 0.610129 0.605078 0.785662 0.808226 0.556548 0.531746 0.537603 0.522019 0.498794 0.556940 0.981171 0.877515 0.788908 0.846336 0.576704 0.712048 0.763405 0.705682 0.965204 0.957931 0.823148 0.721323 0.648071 0.753179 0.817197 0.985367 0.739047 0.749390 0.876078 0.962589 0.983176 0.943776 0.817195 0.928587 0.922812 0.887139 0.809037 0.789234 0.747885 0.749983 0.767894 0.908083 0.966429 0.869581 0.763539 0.863709 0.529839 0.611660 0.644830 0.522668 0.831509 0.893880 0.662522 0.852865 0.577680 0.584997 0.660874 0.623884 0.750517 0.711544 0.707479 0.700721 0.603494 0.605230 0.956926 0.871610 0.800928 0.729631 0.632181 0.895249 0.628731 0.813333
0.762657 0.712383 0.503949 0.495011 0.893902 0.730450 0.334629 0.309584 0.418801 0.000000 0.708628 0.717542 0.646162 0.883862 0.784681 0.731697 0.733569 0.747265 0.616632 0.605360 0.950708 0.899333 0.531682 0.739469 0.868436 0.849130 0.896668 0.830307 0.809017 0.701709 0.652668 0.658898 0.562548 0.505020 0.794317 0.554861 0.902428 0.961000 0.907183 0.938321 0.891562 0.904935 0.413406 0.449180 0.419678 0.449874 0.589232 0.511861 0.439606 0.476040 0.543818 0.521898 0.563363 0.641720 0.878995 0.808318 0.818432 0.801623 0.480015 0.583535 0.592886 0.541854 0.718778 0.715364 0.770157 0.614859 0.480689 0.545371 0.930453 0.712580 0.468717 0.452905 0.906301 0.785964 0.900569 0.803334 0.551261 0.646385 0.640801 0.662857 0.771583 0.795541 0.973923 0.866560 0.981295 0.981087 0.939145 0.922938 0.829360 0.847802 0.409582 0.444518 0.485374 0.482956 0.634032 0.689476 0.395377 0.659826 0.328364 0.309298 0.420736 0.461669 0.504628 0.523012 0.542971 0.463053 0.540198 0.600275 0.860666 0.972923 0.734223 0.587694 0.514618 0.827610 0.669651 0.792081
0.337479 0.431752 0.561564 0.630156 0.963817 0.839421 0.598150 0.497571 0.973779 0.708628 0.000000 0.408032 0.486043 0.615222 0.679477 0.655433 0.506167 0.417527 0.444516 0.360688 0.857858 0.919860 0.686128 0.805802 0.930162 0.800552 0.973033 0.993958 0.436431 0.402239 0.617872 0.642022 0.545378 0.531342 0.840228 0.783012 0.643108 0.811637 0.792296 0.793010 0.709543 0.925093 0.716102 0.628371 0.683694 0.632452 0.713403 0.612860 0.869005 0.762134 0.830491 0.839442 0.805701 0.930188 0.766092 0.812581 0.561134 0.506872 0.623743 0.569597 0.447041 0.434671 0.451257 0.492896 0.696560 0.598732 0.664112 0.506133 0.450621 0.555955 0.599066 0.562434 0.593559 0.694842 0.764853 0.835219 0.521330 0.656442 0.663818 0.477126 0.476981 0.415766 0.692841 0.603143 0.757806 0.759139 0.918588 0.846630 0.915850 0.663155 0.896765 0.941736 0.877896 0.928236 0.665810 0.683334 0.625332 0.861438 0.638397 0.635968 0.784707 0.581664 0.583483 0.662969 0.589233 0.685012 0.833469 0.924547 0.968222 0.815876 0.791584 0.748202 0.736705 0.665601 0.790833 0.934663
0.308067 0.382549 0.653577 0.719292 0.954459 0.754096 0.663124 0.601953 0.967779 0.717542 0.408032 0.000000 0.375424 0.461714 0.439341 0.351505 0.371643 0.317739 0.450455 0.429848 0.794834 0.847125 0.479858 0.635661 0.824029 0.745483 0.971956 0.909762 0.313345 0.276788 0.588227 0.521936 0.465811 0.449112 0.887289 0.941295 0.716263 0.895325 0.828960 0.856042 0.861943 0.865350 0.653137 0.561840 0.747675 0.623795 0.679522 0.492921 0.856014 0.697943 0.751944 0.720805 0.771966 0.788168 0.810646 0.916503 0.548324 0.496676 0.657891 0.580213 0.362805 0.422750 0.313742 0.365266 0.656052 0.555782 0.733648 0.589953 0.562640 0.442400 0.622859 0.590622 0.429943 0.484663 0.668319 0.700474 0.604789 0.542906 0.576132 0.408004 0.371405 0.354608 0.510894 0.529271 0.519168 0.549062 0.804467 0.983951 0.935562 0.649074 0.954116 0.999233 0.954004 0.913123 0.615910 0.727994 0.653566 0.789402 0.695751 0.634765 0.844100 0.711797 0.691886 0.784135 0.533993 0.607660 0.885974 0.984316 0.872950 0.737471 0.908253 0.699047 0.702435 0.785966 0.735096 0.986719
0.478180 0.724185 0.449328 0.538952 0.976728 0.587564 0.515551 0.584055 0.868283 0.646162 0.486043 0.375424 0.000000 0.471390 0.450260 0.352455 0.750220 0.653293 0.486263 0.580097 0.782428 0.982309 0.470077 0.498819 0.744858 0.566108 0.799863 0.932947 0.617048 0.476856 0.636974 0.591437 0.531820 0.538848 0.880376 0.889122 0.762870 0.986861 0.632153 0.732671 0.981499 0.890527 0.642668 0.565598 0.759021 0.620294 0.596397 0.519241 0.881552 0.601588 0.709626 0.654462 0.675398 0.762358 0.701764 0.776172 0.928215 0.812432 0.646799 0.613441 0.352960 0.439755 0.594437 0.693296 0.425630 0.411127 0.697006 0.610251 0.587950 0.636473 0.730222 0.648931 0.546259 0.630131 0.796683 0.775304 0.666629 0.823840 0.615169 0.457213 0.670105 0.438763 0.786055 0.681620 0.551329 0.469555 0.924977 0.792980 0.723406 0.602251 0.912385 0.916724 0.974413 0.895136 0.697336 0.730872 0.566966 0.904244 0.740728 0.656448 0.769750 0.642345 0.779010 0.833267 0.635561 0.718038 0.920167 0.991385 0.907586 0.783668 0.991256 0.865227 0.698631 0.778277 0.819105 0.871473
0.512622 0.670578 0.609175 0.567732 0.860282 0.782942 0.724951 0.667913 0.921838 0.883862 0.615222 0.461714 0.471390 0.000000 0.331734 0.342322 0.734968 0.570936 0.444915 0.472983 0.704849 0.767600 0.513176 0.460522 0.686603 0.590869 0.926194 0.854111 0.496324 0.441600 0.599462 0.515179 0.519406 0.550548 0.976892 0.937463 0.782175 0.981462 0.695475 0.749098 0.932827 0.836591 0.744776 0.718780 0.987852 0.864728 0.645866 0.694126 0.895294 0.990864 0.955184 0.976097 0.983594 0.901925 0.688101 0.917066 0.829653 0.800171 0.848173 0.890946 0.638449 0.661007 0.712984 0.743498 0.513353 0.474085 0.794554 0.750745 0.627285 0.573942 0.761925 0.776811 0.569381 0.670389 0.828679 0.753988 0.663493 0.797698 0.688947 0.550051 0.658201 0.414788 0.583448 0.450650 0.457286 0.370252 0.991183 0.830782 0.874578 0.526657 0.980727 0.975935 0.961838 0.987128 0.713738 0.797654 0.775180 0.738857 0.881042 0.782196 0.784981 0.806548 0.877737 0.913643 0.744858 0.782078 0.914854 0.938454 0.869090 0.767430 0.913926 0.889632 0.802698 0.787915 0.885174 0.957571
0.568541 0.722604 0.556841 0.553187 0.961605 0.651035 0.631152 0.708961 0.974673 0.784681 0.679477 0.439341 0.450260 0.331734 0.000000 0.328400 0.705067 0.568588 0.461891 0.553597 0.709763 0.769104 0.355630 0.393887 0.593042 0.529766 0.749120 0.791122 0.559592 0.438250 0.481347 0.397272 0.449157 0.491569 0.839320 0.971772 0.805332 0.953119 0.689690 0.828733 0.977008 0.999910 0.655176 0.634236 0.865294 0.762341 0.581446 0.595686 0.974423 0.932070 0.996831 0.903560 0.945951 0.924535 0.741451 0.859147 0.904645 0.912734 0.850703 0.914121 0.622205 0.749236 0.715339 0.799106 0.513107 0.525148 0.726165 0.709252 0.672883 0.688921 0.706659 0.755107 0.522243 0.610163 0.776349 0.741425 0.632408 0.777084 0.525736 0.529404 0.620210 0.444363 0.570455 0.499606 0.453637 0.380735 0.970484 0.811495 0.995273 0.690324 0.993315 0.955929 0.957659 0.959391 0.759397 0.776788 0.692664 0.793255 0.857383 0.747671 0.902145 0.862854 0.956448 0.946633 0.701604 0.802266 0.964363 0.865816 0.912607 0.825377 0.963271 0.880381 0.771531 0.896802 0.867759 0.932154
0.555686 0.672577 0.558025 0.537989 0.971610 0.512947 0.600544 0.668561 0.946423 0.731697 0.655433 0.351505 0.352455 0.342322 0.328400 0.000000 0.674383 0.581417 0.406505 0.532576 0.704492 0.711280 0.358554 0.356374 0.590809 0.531415 0.834891 0.732683 0.542115 0.424055 0.551456 0.466322 0.433262 0.418139 0.888466 0.940634 0.801672 0.980399 0.714614 0.804387 0.932261 0.955463 0.572106 0.508903 0.820955 0.675067 0.579830 0.524150 0.909677 0.724561 0.800731 0.700258 0.776002 0.824629 0.682818 0.881647 0.875300 0.820261 0.702746 0.787421 0.541555 0.640862 0.627052 0.708354 0.475534 0.454070 0.701399 0.689911 0.720974 0.554856 0.673186 0.657777 0.521432 0.529976 0.700238 0.718889 0.629615 0.748826 0.581440 0.473619 0.636220 0.456063 0.716708 0.613027 0.453640 0.360105 0.802362 0.866312 0.989927 0.662092 0.905620 0.886721 0.954667 0.963904 0.725769 0.698981 0.664771 0.740972 0.767287 0.637898 0.890321 0.733493 0.826457 0.868331 0.605749 0.688723 0.976584 0.987371 0.886325 0.721266 0.979330 0.789865 0.665276 0.813974 0.835096 0.923592
0.306417 0.193252 0.803628 0.869638 0.886849 0.996411 0.709737 0.613611 0.870463 0.733569 0.506167 0.371643 0.750220 0.734968 0.705067 0.674383 0.000000 0.210912 0.500124 0.398867 0.811369 0.805069 0.648320 0.880276 0.887286 0.904241 0.882091 0.950682 0.339969 0.314146 0.602767 0.585267 0.502349 0.474602 0.847122 0.755548 0.738849 0.667215 0.930306 0.914859 0.751518 0.642980 0.591739 0.552664 0.616286 0.582944 0.656979 0.475350 0.689859 0.730586 0.734045 0.801433 0.839180 0.902437 0.896743 0.965666 0.223282 0.253969 0.558496 0.575088 0.547194 0.591572 0.254808 0.257400 0.889509 0.806095 0.664798 0.537970 0.514606 0.408322 0.537346 0.554508 0.535362 0.546842 0.778122 0.721757 0.582752 0.486762 0.516328 0.567192 0.242653 0.463285 0.408525 0.552201 0.683602 0.813559 0.761137 0.750874 0.915090 0.863115 0.950145 0.952591 0.891757 0.957626 0.637334 0.759766 0.682996 0.677856 0.630700 0.608463 0.836006 0.735189 0.510649 0.637825 0.557695 0.552712 0.806277 0.864373 0.967773 0.764636 0.808583 0.690165 0.774422 0.752611 0.778437 0.940337
0.239923 0.213228 0.670118 0.707344 0.919793 0.878548 0.605368 0.524357 0.848373 0.747265 0.417527 0.317739 0.653293 0.570936 0.568588 0.581417 0.210912 0.000000 0.368743 0.271072 0.746710 0.773319 0.513988 0.737065 0.808218 0.748577 0.964587 0.916120 0.255373 0.224148 0.509643 0.515141 0.404660 0.354248 0.718109 0.801713 0.646539 0.681158 0.816716 0.881883 0.686663 0.681144 0.544724 0.478748 0.594428 0.561844 0.625963 0.425424 0.736448 0.729268 0.771676 0.802586 0.817645 0.913713 0.829995 0.904782 0.253306 0.275899 0.578320 0.549139 0.485055 0.538261 0.257570 0.265808 0.747095 0.667277 0.573906 0.433464 0.522573 0.420910 0.465428 0.494892 0.486084 0.480921 0.800018 0.639428 0.490758 0.484074 0.519362 0.432453 0.234160 0.316402 0.396287 0.470003 0.560884 0.644080 0.827230 0.860562 0.908337 0.715924 0.845873 0.867906 0.776613 0.937933 0.561386 0.733145 0.655593 0.641922 0.573971 0.553496 0.780598 0.660573 0.519450 0.605802 0.477295 0.538291 0.777245 0.905735 0.935727 0.760690 0.816383 0.602058 0.696193 0.656775 0.800104 0.894085
0.388699 0.476406 0.416177 0.408671 0.942188 0.650179 0.395129 0.420889 0.966436 0.616632 0.444516 0.450455 0.486263 0.444915 0.461891 0.406505 0.500124 0.368743 0.000000 0.292602 0.603281 0.722912 0.379158 0.486695 0.637367 0.555898 0.948238 0.886580 0.412169 0.349051 0.412325 0.386739 0.309827 0.291855 0.738745 0.657275 0.639146 0.820132 0.668322 0.875412 0.903175 0.766638 0.442878 0.411611 0.556781 0.526146 0.442765 0.382686 0.730756 0.687035 0.790538 0.768736 0.822683 0.963611 0.816575 0.825657 0.559838 0.581919 0.535192 0.604362 0.533711 0.620910 0.498125 0.604231 0.513122 0.484711 0.451203 0.480808 0.601530 0.482202 0.462392 0.467383 0.580639 0.543648 0.732421 0.710823 0.454432 0.596569 0.559788 0.451643 0.500641 0.392202 0.689180 0.589477 0.594557 0.522449 0.904258 0.964203 0.986733 0.695976 0.740266 0.744806 0.727999 0.759108 0.722406 0.571869 0.536977 0.656545 0.547534 0.447823 0.626627 0.579846 0.571181 0.579082 0.510414 0.584992 0.865018 0.862830 0.973914 0.838761 0.831149 0.672875 0.587870 0.618074 0.812157 0.994216
0.308173 0.375151 0.506728 0.521540 0.954538 0.741076 0.482255 0.407904 0.994962 0.605360 0.360688 0.429848 0.580097 0.472983 0.553597 0.532576 0.398867 0.271072 0.292602 0.000000 0.689995 0.725977 0.469090 0.604070 0.793469 0.655913 0.934948 0.861583 0.375468 0.302587 0.463284 0.412731 0.373016 0.319428 0.677329 0.706135 0.641600 0.741911 0.711428 0.887555 0.731350 0.772201 0.511841 0.463450 0.590640 0.594929 0.538674 0.451733 0.788593 0.783408 0.862663 0.869598 0.852554 0.978280 0.809794 0.874501 0.439927 0.454332 0.582194 0.642852 0.552092 0.589387 0.443589 0.467265 0.648084 0.573163 0.519797 0.474198 0.555788 0.447378 0.482184 0.480333 0.588694 0.559136 0.710768 0.716164 0.447677 0.602923 0.588040 0.432596 0.416644 0.335267 0.573390 0.562649 0.646983 0.623402 0.848787 0.929144 0.971899 0.626396 0.751171 0.734220 0.711865 0.784424 0.564817 0.645025 0.571529 0.626994 0.515164 0.507055 0.656826 0.567551 0.497558 0.547485 0.504756 0.568557 0.837554 0.871016 0.970797 0.793777 0.752872 0.671774 0.659233 0.656935 0.775817 0.979427
0.732311 0.816108 0.716139 0.649959 0.933293 0.835935 0.744140 0.822219 0.934223 0.950708 0.857858 0.794834 0.782428 0.704849 0.709763 0.704492 0.811369 0.746710 0.603281 0.689995 0.000000 0.828723 0.671335 0.645601 0.682199 0.717937 0.843536 0.856508 0.859700 0.722578 0.657016 0.650074 0.688938 0.624779 0.837502 0.919316 0.743710 0.877648 0.673433 0.897290 0.912121 0.929694 0.745111 0.749001 0.842940 0.816892 0.615657 0.687183 0.949946 0.930874 0.942846 0.946987 0.965194 0.914816 0.932920 0.923168 0.813214 0.864697 0.793685 0.808317 0.794555 0.898913 0.764285 0.889027 0.672167 0.717748 0.731026 0.752047 0.888478 0.740909 0.870255 0.850730 0.717413 0.782887 0.776544 0.788371 0.841661 0.890111 0.777908 0.742382 0.828956 0.713374 0.764303 0.695483 0.757385 0.667498 0.917137 0.954387 0.948568 0.841048 0.994140 0.959383 0.953670 0.974894 0.951054 0.685853 0.845291 0.994638 0.923025 0.776924 0.965348 0.988564 0.801034 0.825286 0.963980 0.881371 0.945212 0.988585 0.904860 0.914660 0.854048 0.956437 0.911528 0.785871 0.900637 0.882199
0.873315 0.823744 0.828314 0.764365 0.951165 0.786107 0.835150 0.830422 0.895018 0.899333 0.919860 0.847125 0.982309 0.767600 0.769104 0.711280 0.805069 0.773319 0.722912 0.725977 0.828723 0.000000 0.794804 0.774153 0.798112 0.811477 0.872196 0.795287 0.828959 0.787156 0.719806 0.726798 0.729022 0.730080 0.721994 0.802824 0.923753 0.680991 0.947726 0.965028 0.916645 0.926396 0.755461 0.774780 0.846558 0.864263 0.885527 0.796201 0.929917 0.935526 0.988113 0.918043 0.946026 0.968974 0.967637 0.955068 0.907335 0.903719 0.851394 0.972187 0.994807 0.979759 0.909362 0.936999 0.860319 0.823161 0.793715 0.827963 0.952086 0.817371 0.749187 0.756575 0.832045 0.796990 0.924583 0.930738 0.869042 0.809867 0.939233 0.795087 0.865373 0.857131 0.891239 0.945601 0.926272 0.829045 0.969617 0.932003 0.977800 0.979103 0.793478 0.882298 0.837303 0.842549 0.844504 0.845515 0.924416 0.676872 0.812466 0.784311 0.895066 0.833774 0.785001 0.661336 0.772550 0.847212 0.998897 0.934540 0.849303 0.856536 0.937992 0.853467 0.897953 0.858345 0.977029 0.916556
0.544286 0.671656 0.362339 0.389117 0.929101 0.604499 0.306046 0.422019 0.819526 0.531682 0.686128 0.479858 0.470077 0.513176 0.355630 0.358554 0.648320 0.513988 0.379158 0.469090 0.671335 0.794804 0.000000 0.351744 0.599437 0.442913 0.934401 0.975799 0.585627 0.400858 0.295833 0.310051 0.269394 0.265505 0.611605 0.795787 0.658596 0.936090 0.657168 0.846461 0.976934 0.910521 0.321975 0.315676 0.455129 0.405127 0.371734 0.344582 0.646950 0.625815 0.647546 0.564072 0.636143 0.779104 0.626344 0.697936 0.782041 0.797770 0.573962 0.628550 0.427588 0.567495 0.589366 0.651737 0.391517 0.398880 0.370665 0.411577 0.807967 0.561909 0.436427 0.434615 0.519740 0.433417 0.741673 0.716509 0.415794 0.710736 0.478113 0.471448 0.568701 0.463945 0.635562 0.628185 0.491463 0.452134 0.969052 0.962921 0.981883 0.737162 0.652242 0.709906 0.692401 0.786657 0.589125 0.644097 0.413149 0.681869 0.506140 0.446264 0.667310 0.628674 0.629145 0.663276 0.416738 0.470855 0.672322 0.855800 0.909179 0.799275 0.740466 0.594194 0.515928 0.740508 0.668204 0.950652
0.744795 0.889382 0.414563 0.412940 0.988243 0.578381 0.515489 0.632303 0.912040 0.739469 0.805802 0.635661 0.498819 0.460522 0.393887 0.356374 0.880276 0.737065 0.486695 0.604070 0.645601 0.774153 0.351744 0.000000 0.539827 0.438100 0.869502 0.944388 0.802208 0.551374 0.483383 0.421315 0.464075 0.475778 0.804938 0.937636 0.816422 0.967776 0.540681 0.824253 0.961022 0.981568 0.582747 0.589231 0.786975 0.747570 0.561892 0.575064 0.936459 0.877252 0.912360 0.831591 0.906022 0.972446 0.807717 0.793508 0.966311 0.947831 0.857262 0.936817 0.687262 0.834782 0.898180 0.955096 0.437846 0.440419 0.615248 0.675619 0.872955 0.767011 0.699234 0.682203 0.581256 0.578831 0.813272 0.774725 0.639328 0.854973 0.635794 0.607921 0.787395 0.558172 0.845891 0.715695 0.537747 0.433709 0.948491 0.825016 0.951694 0.790871 0.775218 0.757621 0.833382 0.831812 0.776919 0.838177 0.617226 0.701548 0.777403 0.670002 0.772228 0.850019 0.860443 0.903538 0.762171 0.760922 0.880114 0.925580 0.998491 0.826334 0.956830 0.831789 0.720503 0.788067 0.938579 0.932592
0.779707 0.963847 0.617572 0.699746 0.847042 0.757997 0.765381 0.950625 0.945265 0.868436 0.930162 0.824029 0.744858 0.686603 0.593042 0.590809 0.887286 0.808218 0.637367 0.793469 0.682199 0.798112 0.599437 0.539827 0.000000 0.452658 0.692938 0.801798 0.823251 0.738849 0.507920 0.521560 0.641819 0.678145 0.642880 0.998415 0.713790 0.788792 0.546746 0.733305 0.988975 0.960204 0.755694 0.721478 0.850772 0.805327 0.671938 0.655814 0.954696 0.973466 0.927750 0.927064 0.980148 0.894038 0.768193 0.873566 0.989804 0.958930 0.887995 0.913808 0.802195 0.975349 0.894442 0.988272 0.502482 0.634647 0.703223 0.787509 0.770611 0.795744 0.953989 0.949049 0.542220 0.644668 0.730124 0.992099 0.825298 0.977962 0.779562 0.670402 0.857311 0.715274 0.735061 0.870438 0.530516 0.474753 0.887176 0.922779 0.917317 0.813368 0.800136 0.786233 0.835766 0.868880 0.965901 0.903286 0.822892 0.986563 0.944750 0.974643 0.891196 0.983479 0.975884 0.889326 0.885719 0.927628 0.918240 0.983851 0.965334 0.918324 0.968808 0.956236 0.987011 0.840199 0.876337 0.915189
0.705550 0.886624 0.355397 0.387257 0.916473 0.512461 0.475505 0.621842 0.858788 0.849130 0.800552 0.745483 0.566108 0.590869 0.529766 0.531415 0.904241 0.748577 0.555898 0.655913 0.717937 0.811477 0.442913 0.438100 0.452658 0.000000 0.712544 0.847461 0.819972 0.691109 0.387927 0.453088 0.468217 0.483131 0.640903 0.835966 0.736865 0.796653 0.485611 0.640361 0.927344 0.840742 0.510077 0.474408 0.670794 0.653152 0.555065 0.529635 0.859450 0.733652 0.710818 0.680547 0.739286 0.846193 0.652328 0.699610 0.989395 0.996185 0.710928 0.750308 0.657390 0.794590 0.859810 0.969560 0.337082 0.372580 0.453255 0.526251 0.871515 0.701420 0.677788 0.571251 0.551858 0.487153 0.780308 0.898718 0.687080 0.882226 0.655488 0.552136 0.811749 0.558162 0.781326 0.826222 0.532432 0.347440 0.914189 0.792631 0.870405 0.649980 0.782125 0.791514 0.802046 0.672287 0.786990 0.791318 0.591865 0.823781 0.739235 0.705563 0.816389 0.652818 0.800251 0.823291 0.568579 0.759870 0.813531 0.886915 0.928257 0.743327 0.966782 0.837901 0.655459 0.749228 0.839198 0.900322
0.956647 0.856753 0.870665 0.841225 0.996039 0.777025 0.999407 0.879789 0.891219 0.896668 0.973033 0.971956 0.799863 0.926194 0.749120 0.834891 0.882091 0.964587 0.948238 0.934948 0.843536 0.872196 0.934401 0.869502 0.692938 0.712544 0.000000 0.782514 0.983833 0.946915 0.922181 0.953623 0.993397 0.970882 0.946886 0.790409 0.912586 0.942828 0.796568 0.888021 0.901498 0.914356 0.974182 0.989501 0.899268 0.944419 0.977343 0.957192 0.981889 0.999347 0.964331 0.975647 0.969945 0.920030 0.868908 0.860540 0.792005 0.787631 0.950519 0.977752 0.990112 0.907623 0.884025 0.783027 0.724478 0.788522 0.980374 0.919668 0.917403 0.984652 0.814066 0.844031 0.938717 0.980339 0.816555 0.967569 0.958155 0.890504 0.948310 0.869414 0.921736 0.829766 0.956348 0.982151 0.645913 0.629645 0.998454 0.714202 0.918581 0.823477 0.839685 0.955289 0.875341 0.973146 0.829129 0.991055 0.879411 0.695058 0.782878 0.876509 0.841927 0.968631 0.719666 0.811992 0.885983 0.744340 0.848593 0.811679 0.869787 0.941149 0.776642 0.865672 0.890895 0.971311 0.913366 0.998555
0.950571 0.963081 0.939801 0.991720 0.948695 0.643677 0.906780 0.823717 0.896600 0.830307 0.993958 0.909762 0.932947 0.854111 0.791122 0.732683 0.950682 0.916120 0.886580 0.861583 0.856508 0.795287 0.975799 0.944388 0.801798 0.847461 0.782514 0.000000 0.957201 0.916708 0.975082 0.948895 0.940982 0.918580 0.911590 0.896660 0.918639 0.966295 0.926671 0.979266 0.929107 0.931271 0.966413 0.962533 0.841559 0.917864 0.935997 0.985767 0.880005 0.960971 0.914879 0.956340 0.958464 0.946950 0.975316 0.792147 0.970312 0.944412 0.989999 0.940005 0.915035 0.805577 0.947130 0.984869 0.982305 0.895316 0.901604 0.891154 0.898843 0.942000 0.952191 0.873420 0.932580 0.897858 0.822473 0.908703 0.933004 0.946918 0.989885 0.911994 0.975671 0.928584 0.944562 0.988479 0.889278 0.815295 0.762401 0.880955 0.767189 0.876935 0.831742 0.880847 0.812308 0.892857 0.913116 0.830780 0.912611 0.940867 0.915960 0.950074 0.698425 0.879494 0.928751 0.952537 0.972072 0.922130 0.815783 0.714732 0.832721 0.973241 0.852885 0.858328 0.892841 0.931126 0.959267 0.962957
0.281467 0.318073 0.765937 0.749043 0.917254 0.931301 0.733304 0.602811 0.829570 0.809017 0.436431 0.313345 0.617048 0.496324 0.559592 0.542115 0.339969 0.255373 0.412169 0.375468 0.859700 0.828959 0.585627 0.802208 0.823251 0.819972 0.983833 0.957201 0.000000 0.267416 0.618721 0.557276 0.523488 0.467883 0.811434 0.874232 0.622968 0.767905 0.885479 0.925125 0.708192 0.710248 0.695315 0.626902 0.762309 0.682971 0.698567 0.538965 0.794886 0.815608 0.881796 0.885357 0.914294 0.981615 0.746145 0.827365 0.388142 0.399123 0.674566 0.593167 0.529230 0.539247 0.346167 0.349724 0.785841 0.679463 0.711876 0.614609 0.477042 0.409790 0.553565 0.626479 0.519415 0.618160 0.739248 0.813279 0.551310 0.501580 0.706722 0.495260 0.290854 0.349948 0.489173 0.468047 0.562715 0.619089 0.817566 0.969038 0.986100 0.599368 0.982014 0.971901 0.922891 0.983459 0.614390 0.742135 0.702630 0.730029 0.708062 0.665295 0.811016 0.714863 0.684723 0.711180 0.598037 0.666217 0.971466 0.986974 0.890313 0.669744 0.806440 0.654346 0.756265 0.680843 0.859457 0.869576
0.278360 0.299740 0.604526 0.649527 0.946800 0.839817 0.584169 0.538586 0.854561 0.701709 0.402239 0.276788 0.476856 0.441600 0.438250 0.424055 0.314146 0.224148 0.349051 0.302587 0.722578 0.787156 0.400858 0.551374 0.738849 0.691109 0.946915 0.916708 0.267416 0.000000 0.451800 0.414898 0.344052 0.354934 0.746814 0.786573 0.629437 0.758466 0.677162 0.905831 0.755938 0.764916 0.528684 0.465730 0.643396 0.575183 0.581655 0.426666 0.790479 0.747936 0.818955 0.803432 0.844675 0.947799 0.733527 0.844575 0.405093 0.391980 0.674728 0.611065 0.444679 0.511231 0.328459 0.332177 0.661202 0.584090 0.604067 0.480831 0.472929 0.405285 0.471301 0.506812 0.404439 0.405610 0.772247 0.651184 0.484086 0.512787 0.534012 0.436150 0.292836 0.283887 0.432820 0.389264 0.540734 0.573434 0.874220 0.936509 0.949145 0.676171 0.897134 0.930201 0.889857 0.972623 0.537439 0.699764 0.550986 0.634661 0.620283 0.550109 0.742730 0.643284 0.581937 0.710987 0.557543 0.536659 0.867727 0.950403 0.982484 0.703140 0.795767 0.641229 0.676593 0.683237 0.819323 0.959504
0.501735 0.597297 0.333635 0.392685 0.990805 0.701164 0.330513 0.449063 0.773939 0.652668 0.617872 0.588227 0.636974 0.599462 0.481347 0.551456 0.602767 0.509643 0.412325 0.463284 0.657016 0.719806 0.295833 0.483383 0.507920 0.387927 0.922181 0.975082 0.618721 0.451800 0.000000 0.299385 0.247168 0.291817 0.506225 0.653877 0.593225 0.707896 0.582306 0.744610 0.909848 0.824035 0.307096 0.292654 0.365273 0.365764 0.353496 0.336738 0.624133 0.652386 0.597795 0.580875 0.620979 0.817412 0.679894 0.732053 0.701084 0.727528 0.547754 0.578849 0.466440 0.578533 0.574782 0.640592 0.425168 0.434747 0.297888 0.331597 0.800319 0.567803 0.405592 0.399275 0.452230 0.398660 0.701575 0.763096 0.414143 0.680906 0.492730 0.450517 0.573665 0.564327 0.583518 0.658724 0.644310 0.558261 0.898140 0.870081 0.980508 0.695488 0.717857 0.826297 0.751261 0.785454 0.662908 0.686074 0.412052 0.691219 0.481126 0.502183 0.661776 0.603864 0.600479 0.589089 0.443776 0.515407 0.655808 0.717361 0.980889 0.821445 0.659433 0.633947 0.540415 0.649156 0.572170 0.966044
0.504058 0.630332 0.417914 0.460068 0.900795 0.719696 0.464649 0.507945 0.920185 0.658898 0.642022 0.521936 0.591437 0.515179 0.397272 0.466322 0.585267 0.515141 0.386739 0.412731 0.650074 0.726798 0.310051 0.421315 0.521560 0.453088 0.953623 0.948895 0.557276 0.414898 0.299385 0.000000 0.342207 0.377213 0.593417 0.783125 0.644899 0.861740 0.594705 0.848446 0.946646 0.778927 0.471328 0.491910 0.585415 0.619516 0.480351 0.488755 0.812449 0.899545 0.886299 0.866744 0.926953 0.922279 0.747162 0.810242 0.718206 0.789091 0.705157 0.818313 0.593489 0.725723 0.644144 0.700589 0.520811 0.534439 0.506703 0.565488 0.713637 0.567349 0.586365 0.563595 0.476137 0.508312 0.697015 0.853020 0.581312 0.691493 0.584271 0.556018 0.564879 0.493752 0.653619 0.696056 0.615287 0.556732 0.982197 0.945199 0.976954 0.781449 0.851057 0.904155 0.865162 0.885518 0.712301 0.730680 0.469784 0.708905 0.633264 0.625577 0.758914 0.734431 0.643877 0.651067 0.590449 0.661742 0.846986 0.856848 0.925553 0.766847 0.767329 0.715360 0.670154 0.770632 0.720237 0.925575
0.423134 0.488530 0.375360 0.392947 0.987051 0.635711 0.312309 0.368527 0.867859 0.562548 0.545378 0.465811 0.531820 0.519406 0.449157 0.433262 0.502349 0.404660 0.309827 0.373016 0.688938 0.729022 0.269394 0.464075 0.641819 0.468217 0.993397 0.940982 0.523488 0.344052 0.247168 0.342207 0.000000 0.218702 0.612941 0.624873 0.602326 0.737558 0.682968 0.823097 0.938695 0.797243 0.269623 0.243682 0.361612 0.346109 0.339959 0.313170 0.604077 0.583948 0.577653 0.531556 0.618583 0.760026 0.659362 0.692083 0.611276 0.598572 0.494163 0.514000 0.405623 0.466792 0.465412 0.546684 0.411389 0.379638 0.295124 0.307935 0.757849 0.462226 0.348609 0.360304 0.490193 0.371467 0.775548 0.678641 0.363202 0.631194 0.442578 0.439042 0.494768 0.442467 0.576083 0.599731 0.537071 0.490062 0.955292 0.906146 0.969251 0.717692 0.617279 0.688362 0.630617 0.722930 0.607707 0.631618 0.410136 0.607248 0.403910 0.395346 0.542243 0.520560 0.540098 0.570787 0.344458 0.406045 0.685480 0.700523 0.996042 0.767198 0.687689 0.584736 0.475347 0.646390 0.581776 0.891881
0.382553 0.453532 0.352252 0.369470 0.974880 0.580160 0.269777 0.327266 0.775791 0.505020 0.531342 0.449112 0.538848 0.550548 0.491569 0.418139 0.474602 0.354248 0.291855 0.319428 0.624779 0.730080 0.265505 0.475778 0.678145 0.483131 0.970882 0.918580 0.467883 0.354934 0.291817 0.377213 0.218702 0.000000 0.556883 0.671187 0.591093 0.714463 0.682673 0.857115 0.860470 0.805007 0.281964 0.238797 0.369517 0.346725 0.368938 0.300082 0.566066 0.535918 0.564633 0.543862 0.602565 0.759543 0.672068 0.694497 0.560736 0.566950 0.432769 0.490496 0.407899 0.489996 0.432356 0.504915 0.448412 0.407294 0.291800 0.283288 0.738158 0.448735 0.349658 0.365171 0.557539 0.459682 0.767530 0.695486 0.367457 0.593984 0.448849 0.377300 0.436903 0.409203 0.605285 0.586391 0.548582 0.500812 0.841838 0.856144 0.980207 0.721804 0.599140 0.605768 0.607122 0.654467 0.547521 0.590584 0.440493 0.582989 0.389746 0.368964 0.615386 0.523610 0.518942 0.514158 0.340592 0.406336 0.672148 0.684815 0.993552 0.740279 0.687494 0.520548 0.480961 0.583029 0.630065 0.985981
0.713557 0.815534 0.605791 0.656272 0.966724 0.738564 0.539449 0.663112 0.845217 0.794317 0.840228 0.887289 0.880376 0.976892 0.839320 0.888466 0.847122 0.718109 0.738745 0.677329 0.837502 0.721994 0.611605 0.804938 0.642880 0.640903 0.946886 0.911590 0.811434 0.746814 0.506225 0.593417 0.612941 0.556883 0.000000 0.787468 0.618631 0.700529 0.765153 0.863603 0.939442 0.997070 0.541240 0.552833 0.485237 0.575875 0.682400 0.579706 0.754057 0.703222 0.686774 0.672587 0.736666 0.813455 0.790127 0.769069 0.791760 0.800096 0.677934 0.649587 0.694051 0.800660 0.720056 0.753619 0.742409 0.750233 0.489614 0.512123 0.887961 0.805016 0.616899 0.602262 0.750210 0.631265 0.938980 0.921000 0.700967 0.778093 0.722482 0.677287 0.724671 0.792519 0.931663 0.995046 0.861809 0.847168 0.863018 0.788210 0.994397 0.884398 0.693353 0.811379 0.697572 0.697779 0.704055 0.823098 0.654168 0.816226 0.554094 0.695992 0.783658 0.791085 0.727018 0.650012 0.598263 0.619861 0.728275 0.730776 0.781170 0.833654 0.640718 0.648118 0.768046 0.761929 0.837994 0.841534
0.790100 0.677455 0.682475 0.645977 0.985638 0.908906 0.572905 0.577938 0.758991 0.554861 0.783012 0.941295 0.889122 0.937463 0.971772 0.940634 0.755548 0.801713 0.657275 0.706135 0.919316 0.802824 0.795787 0.937636 0.998415 0.835966 0.790409 0.896660 0.874232 0.786573 0.653877 0.783125 0.624873 0.671187 0.787468 0.000000 0.809482 0.559204 0.891423 0.939130 0.941801 0.906705 0.557740 0.557138 0.493598 0.599358 0.622838 0.618649 0.648438 0.636023 0.686926 0.703402 0.809321 0.836535 0.876331 0.922821 0.713498 0.685626 0.599440 0.666250 0.839214 0.755447 0.775169 0.759424 0.834196 0.788000 0.498846 0.535801 0.894912 0.741783 0.498431 0.487901 0.911172 0.768515 0.984232 0.972974 0.574797 0.631585 0.718372 0.880476 0.794498 0.870628 0.911423 0.859773 0.913556 0.985372 0.827392 0.892120 0.927310 0.906282 0.602810 0.626399 0.598459 0.617000 0.858086 0.651574 0.682268 0.637911 0.487219 0.478907 0.566416 0.562409 0.587566 0.581846 0.681774 0.629613 0.664949 0.624960 0.904810 0.951659 0.685723 0.714761 0.654727 0.709607 0.699485 0.797247
0.523851 0.706760 0.660705 0.664480 0.777329 0.980134 0.671736 0.684959 0.977725 0.902428 0.643108 0.716263 0.762870 0.782175 0.805332 0.801672 0.738849 0.646539 0.639146 0.641600 0.743710 0.923753 0.658596 0.816422 0.713790 0.736865 0.912586 0.918639 0.622968 0.629437 0.593225 0.644899 0.602326 0.591093 0.618631 0.809482 0.000000 0.727862 0.714508 0.817568 0.845911 0.901002 0.725761 0.661587 0.684807 0.677370 0.653627 0.622217 0.861428 0.781188 0.799004 0.837025 0.863755 0.966942 0.784956 0.850095 0.709935 0.736055 0.670884 0.655972 0.636837 0.665613 0.655172 0.710605 0.693988 0.681134 0.615856 0.570587 0.775311 0.707102 0.639691 0.733015 0.708730 0.686390 0.875505 0.926149 0.593086 0.765545 0.750273 0.743906 0.676845 0.703081 0.849888 0.838167 0.790614 0.771835 0.954663 0.769293 0.981507 0.730507 0.940548 0.904191 0.855633 0.900583 0.767688 0.726475 0.767974 0.897798 0.718687 0.740325 0.948168 0.813726 0.623387 0.744889 0.615165 0.694450 0.954502 0.841149 0.956567 0.773747 0.811028 0.708535 0.757744 0.795650 0.779666 0.812122
0.707876 0.629998 0.781692 0.828742 0.952130 0.960143 0.796265 0.815206 0.945938 0.961000 0.811637 0.895325 0.986861 0.981462 0.953119 0.980399 0.667215 0.681158 0.820132 0.741911 0.877648 0.680991 0.936090 0.967776 0.788792 0.796653 0.942828 0.966295 0.767905 0.758466 0.707896 0.861740 0.737558 0.714463 0.700529 0.559204 0.727862 0.000000 0.756906 0.856780 0.772669 0.916701 0.708244 0.656845 0.615641 0.663954 0.723567 0.692683 0.764385 0.660721 0.641281 0.704534 0.736450 0.773618 0.827171 0.795932 0.627639 0.628711 0.709850 0.681921 0.802889 0.813877 0.659669 0.687803 0.827482 0.809075 0.625986 0.556299 0.809569 0.691158 0.618656 0.669296 0.719576 0.670752 0.977739 0.998759 0.813112 0.703968 0.855014 0.834814 0.719948 0.825586 0.796261 0.908964 0.884455 0.875342 0.892758 0.882219 0.988567 0.963161 0.864404 0.862094 0.831544 0.824761 0.841805 0.771834 0.841450 0.744848 0.741250 0.771088 0.853069 0.704167 0.682856 0.767775 0.767005 0.705129 0.801785 0.774488 0.865888 0.918397 0.676450 0.776434 0.886761 0.727293 0.809271 0.829306
