0.000000 0.115851 0.264101 0.355622 0.760758 0.673910 0.616496 0.490005 0.550865 0.638116 0.311827 0.226395 0.287398 0.325478 0.512552 0.579715 0.198157 0.185696 0.223541 0.162431 0.446081 0.952507 0.540265 0.383969 0.228567 0.487603 0.367711 0.809951 0.359123 0.364482 0.736504 0.596240 0.312235 0.384455 0.723534 0.975476 0.530539 0.525374 0.773841 0.637524 0.529873 0.593004 0.960938 0.753365 0.844575 0.919243 0.508379 0.603174 0.817638 0.654057 0.760567 0.683241 0.978265 0.718852 0.313802 0.438621 0.120873 0.123497 0.343537 0.287002 0.324279 0.419144 0.209610 0.223070 0.226096 0.343099 0.623323 0.707010 0.235376 0.282631 0.773141 0.517976 0.967883 0.907299 0.711050 0.964519 0.943418 0.939085 0.449569 0.385388 0.205752 0.237487 0.285382 0.191548 0.162718 0.165832 0.762095 0.464392 0.448808 0.222830 0.297824 0.359344 0.311057 0.329622 0.940506 0.925438 0.941372 0.864839 0.758872 0.868328 0.650183 0.653548 0.990379 0.814545 0.798034 0.805722 0.907881 0.822901 0.716916 0.753574 0.798641 0.999272 0.836989 0.972711 0.695862 0.576759
0.115851 0.000000 0.258516 0.326368 0.830386 0.672012 0.603942 0.455513 0.541419 0.670160 0.367469 0.222502 0.319053 0.326117 0.517080 0.560063 0.194367 0.183852 0.218853 0.170731 0.468249 0.986513 0.484154 0.343546 0.238238 0.484788 0.369425 0.865746 0.363069 0.344577 0.661709 0.555746 0.291418 0.347094 0.668842 0.904736 0.506167 0.511307 0.718325 0.690181 0.558048 0.602062 0.897945 0.699533 0.908058 0.853728 0.453303 0.549009 0.761532 0.596964 0.694038 0.613473 0.914080 0.794888 0.303785 0.388927 0.116015 0.116242 0.317442 0.274330 0.336142 0.394310 0.216680 0.206830 0.248477 0.342433 0.574056 0.658694 0.248390 0.257627 0.818642 0.556442 0.931379 0.942125 0.717673 0.921240 0.993437 0.930418 0.408985 0.339199 0.178681 0.247077 0.279907 0.185088 0.176438 0.164625 0.742594 0.457135 0.479781 0.209786 0.297250 0.355698 0.324969 0.314249 0.988856 0.944016 0.953136 0.908123 0.787277 0.912822 0.638699 0.653771 0.992594 0.856547 0.755696 0.761629 0.866859 0.811278 0.769149 0.720964 0.772425 0.965460 0.890519 0.983122 0.668025 0.610407
0.264101 0.258516 0.000000 0.225796 0.973726 0.829402 0.395598 0.330065 0.803508 0.892625 0.488165 0.347410 0.300239 0.340890 0.463946 0.470524 0.327787 0.308293 0.283975 0.308109 0.480603 0.932108 0.362484 0.333128 0.390617 0.486389 0.505832 0.888036 0.396508 0.449352 0.548647 0.467032 0.311834 0.348573 0.662911 0.994511 0.628759 0.587236 0.891704 0.714406 0.605376 0.586433 0.765810 0.624026 0.981662 0.794359 0.497801 0.577356 0.729030 0.578106 0.617685 0.565340 0.770026 0.977582 0.379973 0.504237 0.249715 0.259479 0.372273 0.316282 0.275624 0.345933 0.266605 0.285882 0.287143 0.311421 0.498136 0.584450 0.437316 0.338115 0.973121 0.767123 0.739458 0.856022 0.705470 0.822458 0.832734 0.830048 0.383368 0.457219 0.331204 0.410535 0.386508 0.420729 0.287046 0.263114 0.865128 0.618800 0.476311 0.369635 0.585130 0.576876 0.578395 0.543608 0.941123 0.885927 0.898031 0.951053 0.991505 0.884052 0.825387 0.892008 0.997130 0.865787 0.719031 0.673341 0.724052 0.975955 0.762543 0.795014 0.751191 0.846886 0.964396 0.891965 0.577028 0.688333
0.355622 0.326368 0.225796 0.000000 0.948543 0.907314 0.311205 0.170706 0.951482 0.874547 0.675745 0.396343 0.383092 0.345160 0.520537 0.382140 0.438511 0.433843 0.379228 0.455220 0.587727 0.958844 0.271719 0.266200 0.501452 0.521137 0.626977 0.963440 0.509770 0.501917 0.425566 0.406329 0.317673 0.366237 0.585807 0.876139 0.586861 0.605293 0.892679 0.735154 0.711754 0.671709 0.625824 0.525167 0.844334 0.678655 0.467077 0.515690 0.629201 0.456394 0.426582 0.369048 0.550290 0.753155 0.435713 0.531224 0.327130 0.334460 0.317421 0.230717 0.304459 0.267256 0.336535 0.298230 0.410644 0.298312 0.418532 0.437386 0.611256 0.355794 0.803639 0.924637 0.633754 0.777368 0.675000 0.779854 0.735611 0.767076 0.347832 0.471155 0.430583 0.598544 0.458418 0.530888 0.402659 0.305159 0.997551 0.669940 0.530653 0.396060 0.692917 0.676060 0.668031 0.581258 0.851661 0.867586 0.867334 0.905795 0.869245 0.790372 0.925060 0.974539 0.972403 0.813635 0.645340 0.577014 0.654559 0.835188 0.855573 0.735898 0.722604 0.742519 0.848052 0.845510 0.494252 0.875064
0.760758 0.830386 0.973726 0.948543 0.000000 0.726871 0.827617 0.829116 0.584720 0.542154 0.822917 0.960726 0.978537 0.944294 0.774921 0.685419 0.914314 0.910293 0.886466 0.772205 0.994431 0.859387 0.798692 0.881423 0.796478 0.959425 0.876923 0.876998 0.916076 0.911681 0.742241 0.772270 0.999651 0.908475 0.985340 0.678237 0.899419 0.846489 0.889048 0.993877 0.768765 0.963166 0.812357 0.876751 0.698769 0.799430 0.995415 0.913961 0.890216 0.887259 0.794969 0.797866 0.635292 0.526710 0.927614 0.931381 0.812977 0.841215 0.893368 0.848584 0.903085 0.817809 0.960866 0.988949 0.873191 0.910694 0.907569 0.843706 0.660696 0.839193 0.672477 0.668722 0.642011 0.603684 0.856845 0.872118 0.878395 0.797935 0.956805 0.906544 0.893953 0.806119 0.977175 0.793181 0.824852 0.837260 0.952195 0.738744 0.780619 0.800988 0.746368 0.838696 0.802124 0.762906 0.833136 0.990373 0.816452 0.814518 0.790798 0.856062 0.712191 0.695247 0.788423 0.986495 0.893469 0.859205 0.815744 0.968060 0.893898 0.987406 0.940689 0.911081 0.769108 0.829153 0.837943 0.737085
0.673910 0.672012 0.829402 0.907314 0.726871 0.000000 0.860011 0.942651 0.511504 0.623383 0.621059 0.726557 0.896713 0.851905 0.993050 0.958838 0.697907 0.711989 0.752657 0.665273 0.943831 0.927365 0.940427 0.915789 0.786350 0.827869 0.724336 0.973137 0.793034 0.743419 0.889719 0.933866 0.802383 0.920353 0.994295 0.934347 0.930412 0.908707 0.960651 0.970105 0.701394 0.875245 0.762652 0.852460 0.695870 0.853633 0.979401 0.961814 0.911488 0.911542 0.847000 0.836785 0.709221 0.581835 0.966455 0.929281 0.668994 0.682697 0.813995 0.813855 0.847047 0.928027 0.806278 0.786336 0.650153 0.907523 0.979389 0.919818 0.620992 0.799458 0.724113 0.694289 0.655261 0.612938 0.866425 0.876357 0.668989 0.728765 0.957534 0.994201 0.819706 0.765685 0.779408 0.676888 0.747657 0.767515 0.914210 0.752743 0.924016 0.799732 0.491658 0.607749 0.604316 0.635431 0.818832 0.861884 0.846207 0.884502 0.642739 0.681285 0.699267 0.707887 0.868828 0.846188 0.770221 0.813445 0.879016 0.710408 0.784885 0.980798 0.877414 0.920246 0.702011 0.732969 0.802072 0.796308
0.616496 0.603942 0.395598 0.311205 0.827617 0.860011 0.000000 0.206835 0.899379 0.544760 0.944348 0.646260 0.610350 0.556291 0.668581 0.545492 0.647624 0.648453 0.483043 0.699427 0.616562 0.890239 0.294734 0.561696 0.757255 0.570475 0.812446 0.999708 0.569588 0.658214 0.299444 0.402235 0.356115 0.337610 0.564453 0.832581 0.647160 0.664491 0.929746 0.813921 0.903851 0.627998 0.419028 0.347320 0.480155 0.410139 0.431492 0.432957 0.403851 0.324353 0.281659 0.280983 0.343185 0.512624 0.491893 0.514985 0.561053 0.581364 0.346031 0.372171 0.382089 0.358973 0.406976 0.412884 0.723086 0.552198 0.279369 0.320245 0.915280 0.513902 0.526225 0.848542 0.381226 0.474863 0.699004 0.592514 0.528136 0.480368 0.372246 0.564772 0.633441 0.855826 0.613527 0.807505 0.642100 0.598871 0.758729 0.972256 0.658028 0.611078 0.988790 0.991947 0.957016 0.901334 0.657091 0.651187 0.667317 0.719428 0.496299 0.439463 0.808411 0.691546 0.653044 0.539285 0.430437 0.398445 0.540931 0.668413 0.961260 0.709749 0.614100 0.556119 0.541231 0.494884 0.296370 0.979457
0.490005 0.455513 0.330065 0.170706 0.829116 0.942651 0.206835 0.000000 0.869718 0.664150 0.810939 0.457176 0.467941 0.412953 0.560150 0.352316 0.535744 0.527656 0.462287 0.601099 0.613966 0.952059 0.254630 0.345994 0.636499 0.560219 0.756375 0.976182 0.516768 0.521389 0.341917 0.415278 0.331794 0.358647 0.549135 0.822961 0.576888 0.558185 0.955980 0.759725 0.802966 0.682608 0.510616 0.433745 0.650521 0.545327 0.458582 0.496258 0.533906 0.382222 0.315156 0.284823 0.383262 0.553690 0.455911 0.544564 0.437071 0.438663 0.366158 0.297469 0.294350 0.193478 0.367996 0.305114 0.542167 0.322682 0.358886 0.335384 0.795609 0.423222 0.626251 0.891727 0.465431 0.590173 0.662130 0.658976 0.651362 0.612097 0.344046 0.512173 0.518839 0.746959 0.518678 0.658789 0.534799 0.436331 0.955242 0.817723 0.580964 0.514297 0.838120 0.785056 0.778115 0.676522 0.755063 0.782324 0.821825 0.858596 0.718995 0.647714 0.943355 0.881427 0.862092 0.752825 0.494189 0.533682 0.602686 0.765836 0.941535 0.716370 0.691482 0.686592 0.707703 0.701957 0.414867 0.960418
0.550865 0.541419 0.803508 0.951482 0.584720 0.511504 0.899379 0.869718 0.000000 0.517129 0.595222 0.693187 0.860341 0.789870 0.935563 0.875659 0.539156 0.560518 0.609251 0.508312 0.789245 0.931473 0.945286 0.887663 0.510698 0.756371 0.583996 0.930309 0.729398 0.735013 0.897318 0.915569 0.722730 0.743560 0.937515 0.963759 0.711702 0.846982 0.832538 0.871637 0.712472 0.923092 0.913856 0.933201 0.839542 0.991173 0.747525 0.795627 0.874268 0.867834 0.955832 0.990750 0.775596 0.575876 0.668605 0.537897 0.543109 0.571038 0.637251 0.718629 0.943359 0.962265 0.704017 0.742923 0.704425 0.959959 0.912064 0.957811 0.444991 0.744168 0.621133 0.505810 0.711606 0.672596 0.934844 0.991787 0.851407 0.711073 0.866046 0.756005 0.568289 0.481515 0.649853 0.409882 0.561369 0.623571 0.861184 0.555027 0.717382 0.548404 0.445496 0.636804 0.505665 0.582177 0.859730 0.982749 0.964833 0.939716 0.728383 0.898871 0.630262 0.690292 0.944794 0.869477 0.911032 0.933294 0.992518 0.776644 0.753015 0.898784 0.895562 0.915995 0.821143 0.874769 0.952815 0.696290
0.638116 0.670160 0.892625 0.874547 0.542154 0.623383 0.544760 0.664150 0.517129 0.000000 0.517602 0.782499 0.798580 0.933601 0.929974 0.818184 0.746209 0.717126 0.886172 0.628752 0.860597 0.880545 0.702944 0.949335 0.623269 0.975950 0.692002 0.756274 0.987780 0.917696 0.510471 0.748391 0.898138 0.850959 0.833056 0.789884 0.994982 0.855695 0.809895 0.996816 0.654243 0.980019 0.485989 0.578416 0.350011 0.469106 0.824715 0.742535 0.563536 0.601284 0.484699 0.546560 0.384197 0.270628 0.949431 0.990650 0.697670 0.688633 0.939485 0.984304 0.979342 0.812400 0.946222 0.959111 0.626353 0.897080 0.621087 0.551610 0.442177 0.836365 0.324313 0.398049 0.478027 0.432682 0.897451 0.674996 0.531212 0.457559 0.862805 0.940158 0.703313 0.497843 0.832622 0.560193 0.642733 0.695419 0.657139 0.604377 0.847476 0.757222 0.475719 0.534171 0.604021 0.663014 0.567392 0.769130 0.763912 0.612327 0.371045 0.438255 0.476969 0.465458 0.673262 0.705192 0.606943 0.647777 0.712625 0.545543 0.728000 0.845800 0.817674 0.576777 0.430941 0.645990 0.600277 0.577008
0.311827 0.367469 0.488165 0.675745 0.822917 0.621059 0.944348 0.810939 0.595222 0.517602 0.000000 0.271062 0.304169 0.353465 0.439750 0.592580 0.281939 0.235324 0.450590 0.271930 0.570017 0.841599 0.846224 0.593027 0.392060 0.746110 0.405265 0.726864 0.363477 0.344020 0.962342 0.877977 0.609648 0.611377 0.973314 0.961501 0.710500 0.674515 0.842890 0.765958 0.493528 0.900181 0.680473 0.853934 0.576457 0.724719 0.891011 0.988265 0.778581 0.940128 0.798092 0.870607 0.713116 0.480458 0.553018 0.719383 0.354867 0.326402 0.792473 0.728716 0.390122 0.553538 0.399842 0.403881 0.224859 0.409978 0.982860 0.942620 0.373356 0.613926 0.604470 0.547855 0.863176 0.783566 0.704160 0.874775 0.626541 0.779378 0.741534 0.640610 0.412021 0.321780 0.406732 0.336392 0.333706 0.393849 0.511564 0.617558 0.604564 0.545733 0.296041 0.294525 0.274826 0.384304 0.726810 0.923909 0.680890 0.601206 0.424252 0.546217 0.519022 0.559818 0.784553 0.910168 0.846266 0.855580 0.819968 0.610448 0.663579 0.994304 0.949086 0.717717 0.547132 0.715110 0.938194 0.536279
0.226395 0.222502 0.347410 0.396343 0.960726 0.726557 0.646260 0.457176 0.693187 0.782499 0.271062 0.000000 0.206154 0.191085 0.323829 0.354466 0.160044 0.155831 0.279364 0.222695 0.477168 0.877309 0.465239 0.349606 0.289303 0.571710 0.401720 0.870215 0.261063 0.198031 0.650178 0.566301 0.330463 0.360799 0.672141 0.854302 0.528989 0.540216 0.755498 0.683963 0.570807 0.772590 0.978121 0.780687 0.897119 0.922127 0.570308 0.658808 0.900933 0.698329 0.785679 0.710094 0.907477 0.855493 0.333923 0.493139 0.227748 0.187638 0.532817 0.450177 0.217776 0.261780 0.207173 0.164438 0.201964 0.228837 0.701487 0.702875 0.362925 0.397070 0.888877 0.725947 0.854403 0.958368 0.597404 0.948103 0.942147 0.993155 0.459621 0.362521 0.238290 0.297626 0.221355 0.251774 0.229719 0.229742 0.637602 0.503795 0.472458 0.373881 0.324624 0.325241 0.287310 0.300409 0.908386 0.981163 0.828455 0.760510 0.680288 0.809893 0.653053 0.698551 0.985838 0.934411 0.813527 0.864218 0.962244 0.748520 0.683716 0.762700 0.829041 0.945239 0.787995 0.854998 0.667113 0.628367
0.287398 0.319053 0.300239 0.383092 0.978537 0.896713 0.610350 0.467941 0.860341 0.798580 0.304169 0.206154 0.000000 0.177346 0.238757 0.306369 0.274405 0.241359 0.324442 0.311198 0.497561 0.951337 0.461425 0.329046 0.349279 0.505809 0.435093 0.814387 0.353307 0.348549 0.705506 0.531276 0.405295 0.409515 0.719391 0.980053 0.682878 0.648455 0.898893 0.741083 0.594780 0.744090 0.991509 0.858528 0.814517 0.959711 0.658075 0.763287 0.981484 0.795165 0.845593 0.761968 0.918456 0.866237 0.380439 0.609950 0.315102 0.281732 0.609624 0.512694 0.208781 0.326018 0.252354 0.264656 0.217171 0.202676 0.758995 0.782895 0.451629 0.446771 0.834902 0.762317 0.793061 0.893842 0.602231 0.995451 0.956802 0.990218 0.515695 0.434027 0.310070 0.310400 0.297448 0.356009 0.235565 0.228107 0.658289 0.544047 0.497463 0.453257 0.498382 0.456487 0.449653 0.476634 0.879487 0.991390 0.848875 0.745394 0.750543 0.865922 0.699833 0.864061 0.921154 0.946510 0.855548 0.873226 0.935073 0.819417 0.652083 0.913126 0.870329 0.855811 0.762924 0.890981 0.641495 0.605232
0.325478 0.326117 0.340890 0.345160 0.944294 0.851905 0.556291 0.412953 0.789870 0.933601 0.353465 0.191085 0.177346 0.000000 0.223829 0.228821 0.228188 0.216943 0.293558 0.316241 0.538054 0.900903 0.378014 0.260002 0.366106 0.494412 0.460456 0.874004 0.309491 0.264087 0.580305 0.474982 0.368003 0.335760 0.693970 0.909479 0.623698 0.659143 0.839033 0.736558 0.656747 0.798057 0.892383 0.745505 0.958166 0.879999 0.557567 0.624506 0.868890 0.653456 0.702179 0.623093 0.766770 0.986293 0.333492 0.511322 0.316064 0.277355 0.546027 0.475020 0.214555 0.267217 0.243682 0.219464 0.278555 0.210482 0.673301 0.670246 0.520670 0.478941 0.954104 0.810360 0.740991 0.793815 0.585569 0.869882 0.966013 0.957936 0.448512 0.425314 0.306079 0.355428 0.262820 0.336259 0.281959 0.247902 0.654866 0.518880 0.506511 0.435363 0.487931 0.476072 0.426319 0.440666 0.999488 0.976790 0.840897 0.823714 0.825163 0.973924 0.751830 0.883255 0.970213 0.863591 0.829210 0.768017 0.863787 0.857280 0.658539 0.892079 0.776585 0.990204 0.872647 0.933819 0.612263 0.703097
0.512552 0.517080 0.463946 0.520537 0.774921 0.993050 0.668581 0.560150 0.935563 0.929974 0.439750 0.323829 0.238757 0.223829 0.000000 0.279998 0.374054 0.358552 0.488397 0.463468 0.587747 0.910313 0.460621 0.381451 0.518521 0.584687 0.605108 0.824852 0.388147 0.360967 0.675393 0.608457 0.530739 0.456017 0.763047 0.901567 0.802945 0.855493 0.866626 0.885901 0.811755 0.867360 0.898686 0.801542 0.972616 0.947129 0.700871 0.737429 0.950063 0.787612 0.810027 0.759896 0.807950 0.960400 0.465413 0.630075 0.521440 0.482237 0.763385 0.704296 0.303899 0.392155 0.412846 0.404420 0.359213 0.302175 0.810080 0.815325 0.676883 0.671846 0.920832 0.889253 0.682870 0.746820 0.626262 0.904118 0.934537 0.906015 0.523064 0.513592 0.429832 0.458173 0.413780 0.499060 0.403875 0.425068 0.740559 0.610344 0.650010 0.628867 0.664969 0.618437 0.580930 0.639227 0.958924 0.968077 0.765404 0.785773 0.857294 0.958650 0.747690 0.931700 0.977236 0.921489 0.878469 0.866701 0.869528 0.830782 0.660409 0.983520 0.882479 0.933468 0.895694 0.909899 0.688658 0.802253
0.579715 0.560063 0.470524 0.382140 0.685419 0.958838 0.545492 0.352316 0.875659 0.818184 0.592580 0.354466 0.306369 0.228821 0.279998 0.000000 0.451327 0.441931 0.548355 0.601043 0.628215 0.900262 0.368143 0.308214 0.594495 0.602035 0.714537 0.964290 0.444339 0.370306 0.512488 0.487021 0.492842 0.452847 0.704881 0.854969 0.765616 0.745027 0.933524 0.774409 0.824658 0.925929 0.806158 0.731630 0.905552 0.823600 0.679861 0.691277 0.848832 0.653997 0.614081 0.548305 0.578254 0.701657 0.491751 0.658048 0.537106 0.495201 0.665965 0.592530 0.290906 0.249014 0.411601 0.361728 0.480716 0.248381 0.688431 0.584187 0.833453 0.603126 0.861328 0.942395 0.633982 0.688642 0.584640 0.749500 0.830275 0.839072 0.489773 0.509201 0.510696 0.628609 0.437700 0.610625 0.538380 0.459139 0.718961 0.770835 0.669441 0.640646 0.740840 0.649990 0.657794 0.620568 0.921369 0.961334 0.792806 0.841175 0.962057 0.926585 0.911113 0.997940 0.983171 0.957303 0.802838 0.819331 0.771743 0.972957 0.806335 0.939759 0.823168 0.946982 0.999844 0.996752 0.617040 0.874267
0.198157 0.194367 0.327787 0.438511 0.914314 0.697907 0.647624 0.535744 0.539156 0.746209 0.281939 0.160044 0.274405 0.228188 0.374054 0.451327 0.000000 0.127889 0.209089 0.182613 0.457192 0.948476 0.477343 0.365310 0.240633 0.506409 0.394527 0.861523 0.215543 0.202080 0.630630 0.535582 0.284936 0.317857 0.675005 0.860237 0.553200 0.617184 0.739172 0.693742 0.628478 0.724607 0.904089 0.700141 0.983305 0.812243 0.439510 0.525840 0.766728 0.595929 0.733802 0.660976 0.898147 0.833109 0.278298 0.373891 0.190082 0.167837 0.436285 0.418133 0.286462 0.365770 0.192995 0.182579 0.244016 0.328026 0.604762 0.642626 0.323096 0.377077 0.862264 0.636395 0.882245 0.950654 0.662594 0.859349 0.977403 0.972176 0.418692 0.331086 0.169722 0.232555 0.196284 0.194315 0.190052 0.214606 0.661014 0.466840 0.480613 0.294181 0.332631 0.372612 0.290919 0.336529 0.998581 0.955910 0.957844 0.838960 0.774318 0.914656 0.682425 0.667336 0.890509 0.803429 0.787024 0.771435 0.934315 0.772165 0.685113 0.730023 0.768858 0.930492 0.881712 0.915369 0.645952 0.619680
0.185696 0.183852 0.308293 0.433843 0.910293 0.711989 0.648453 0.527656 0.560518 0.717126 0.235324 0.155831 0.241359 0.216943 0.358552 0.441931 0.127889 0.000000 0.224101 0.173795 0.455576 0.897102 0.503648 0.347434 0.257796 0.505015 0.399913 0.785933 0.226934 0.221016 0.683538 0.555197 0.317235 0.333767 0.707076 0.857214 0.579643 0.575632 0.755213 0.692604 0.607994 0.715779 0.958274 0.756518 0.919635 0.885089 0.515618 0.595407 0.836707 0.655547 0.787089 0.710360 0.933530 0.789025 0.276914 0.415183 0.178104 0.156827 0.466329 0.441772 0.268379 0.351216 0.193211 0.182905 0.204613 0.291788 0.645616 0.698067 0.324079 0.384669 0.835724 0.621209 0.911345 0.977740 0.673103 0.892607 0.950812 0.968536 0.432201 0.359288 0.177138 0.220431 0.223402 0.198709 0.184260 0.210008 0.631188 0.486676 0.514819 0.304205 0.313071 0.330794 0.282327 0.324562 0.995881 0.929323 0.893034 0.823421 0.725277 0.888007 0.642360 0.650601 0.950682 0.869820 0.818538 0.819115 0.954812 0.752251 0.664888 0.793970 0.810445 0.967922 0.842472 0.937441 0.651158 0.582952
0.223541 0.218853 0.283975 0.379228 0.886466 0.752657 0.483043 0.462287 0.609251 0.886172 0.450590 0.279364 0.324442 0.293558 0.488397 0.548355 0.209089 0.224101 0.000000 0.199270 0.489595 0.882384 0.349507 0.398419 0.300583 0.492974 0.438034 0.932799 0.290998 0.348776 0.500767 0.424795 0.222243 0.265350 0.600188 0.871110 0.522277 0.597969 0.803102 0.656780 0.610888 0.600292 0.749586 0.550537 0.887016 0.670539 0.334155 0.422563 0.634421 0.466033 0.598018 0.542844 0.790781 0.928836 0.258920 0.365068 0.224190 0.218405 0.340673 0.338994 0.320927 0.396729 0.198043 0.207647 0.331147 0.427745 0.460910 0.574314 0.362951 0.337215 0.995731 0.729750 0.723469 0.813157 0.692486 0.824957 0.833168 0.878338 0.384397 0.359659 0.231827 0.318928 0.262690 0.287901 0.219284 0.228703 0.790804 0.516636 0.520568 0.274794 0.480310 0.546462 0.451355 0.450562 0.814311 0.821116 0.858462 0.919985 0.983322 0.876061 0.883371 0.827043 0.738912 0.641088 0.622099 0.586667 0.796177 0.884649 0.770413 0.651075 0.636768 0.847732 0.968538 0.872673 0.528761 0.637216
0.162431 0.170731 0.308109 0.455220 0.772205 0.665273 0.699427 0.601099 0.508312 0.628752 0.271930 0.222695 0.311198 0.316241 0.463468 0.601043 0.182613 0.173795 0.199270 0.000000 0.439836 0.960618 0.528731 0.434156 0.250753 0.522294 0.348054 0.851649 0.321056 0.317980 0.700904 0.620195 0.332247 0.367744 0.761102 0.918623 0.565789 0.563110 0.761578 0.715221 0.536016 0.685134 0.970389 0.765434 0.863203 0.915412 0.503845 0.607424 0.851476 0.679319 0.837300 0.757985 0.970903 0.685633 0.329060 0.446755 0.190385 0.181230 0.467200 0.414082 0.360547 0.467397 0.251921 0.251204 0.221174 0.400607 0.679153 0.772762 0.236576 0.356787 0.790368 0.569356 0.957123 0.950747 0.726348 0.965784 0.950965 0.953344 0.471925 0.408090 0.226258 0.233429 0.290976 0.209429 0.193316 0.227414 0.680615 0.480385 0.508342 0.282371 0.305440 0.371156 0.313556 0.334414 0.968377 0.929179 0.976480 0.850441 0.723035 0.835302 0.639735 0.617893 0.987205 0.851898 0.821162 0.840467 0.952659 0.758048 0.780423 0.774993 0.838054 0.973984 0.817304 0.916080 0.740593 0.578317
0.446081 0.468249 0.480603 0.587727 0.994431 0.943831 0.616562 0.613966 0.789245 0.860597 0.570017 0.477168 0.497561 0.538054 0.587747 0.628215 0.457192 0.455576 0.489595 0.439836 0.000000 0.934027 0.591904 0.605232 0.516022 0.630709 0.586995 0.958649 0.470466 0.507928 0.661661 0.555486 0.426478 0.493562 0.964645 0.994401 0.715783 0.717115 0.897939 0.752858 0.818092 0.784218 0.837025 0.697071 0.890223 0.785536 0.607872 0.590353 0.739545 0.642586 0.738387 0.683080 0.813166 0.963209 0.482642 0.593212 0.460837 0.468696 0.538704 0.544706 0.462649 0.555354 0.406818 0.447315 0.513696 0.558158 0.627224 0.684070 0.567047 0.624803 0.975408 0.788336 0.806524 0.852595 0.771226 0.845014 0.930585 0.938012 0.553316 0.395995 0.433522 0.519531 0.438520 0.547943 0.479801 0.506778 0.919142 0.820549 0.638660 0.572979 0.623205 0.652273 0.649320 0.698794 0.979027 0.818178 0.887680 0.885842 0.960893 0.976047 0.811874 0.855478 0.884537 0.806997 0.772155 0.726539 0.934081 0.851399 0.800744 0.822628 0.803378 0.972335 0.976702 0.771263 0.606358 0.792564
0.952507 0.986513 0.932108 0.958844 0.859387 0.927365 0.890239 0.952059 0.931473 0.880545 0.841599 0.877309 0.951337 0.900903 0.910313 0.900262 0.948476 0.897102 0.882384 0.960618 0.934027 0.000000 0.831171 0.968673 0.947264 0.857202 0.863304 0.803728 0.982676 0.878268 0.787356 0.792362 0.895289 0.885737 0.891789 0.935251 0.887249 0.872272 0.965306 0.920867 0.944697 0.772730 0.742326 0.747415 0.806913 0.772801 0.777004 0.803274 0.748431 0.798316 0.794220 0.812688 0.888342 0.885914 0.978309 0.962287 0.931507 0.930386 0.922126 0.937812 0.926579 0.959833 0.960978 0.969994 0.941745 0.872093 0.776565 0.951615 0.976437 0.940957 0.835784 0.963966 0.916032 0.819522 0.999096 0.970828 0.725141 0.927747 0.968690 0.981580 0.995897 0.938857 0.973503 0.946890 0.994715 0.985229 0.909753 0.995339 0.949266 0.946141 0.847578 0.761181 0.819522 0.805826 0.728413 0.830127 0.816253 0.884974 0.690055 0.836605 0.894543 0.912885 0.830889 0.836294 0.815197 0.723102 0.853824 0.960626 0.909237 0.698904 0.909047 0.847487 0.764166 0.719036 0.883244 0.849112
0.540265 0.484154 0.362484 0.271719 0.798692 0.940427 0.294734 0.254630 0.945286 0.702944 0.846224 0.465239 0.461425 0.378014 0.460621 0.368143 0.477343 0.503648 0.349507 0.528731 0.591904 0.831171 0.000000 0.343351 0.548311 0.513481 0.736044 0.966014 0.467198 0.495970 0.230204 0.297174 0.288195 0.311951 0.464804 0.797181 0.622032 0.706879 0.870682 0.814448 0.921360 0.677995 0.414616 0.313853 0.554664 0.421991 0.305256 0.333912 0.456320 0.303175 0.305203 0.269401 0.395997 0.536675 0.391897 0.450647 0.505827 0.479623 0.407983 0.380372 0.375878 0.327799 0.373564 0.327615 0.563220 0.443466 0.330470 0.343479 0.758643 0.461533 0.585364 0.843081 0.418263 0.492294 0.629911 0.627228 0.501114 0.631615 0.306352 0.417487 0.447978 0.657782 0.458068 0.638662 0.465806 0.420338 0.968639 0.700673 0.675767 0.468266 0.883201 0.863052 0.822963 0.720723 0.693712 0.751644 0.839179 0.792210 0.655670 0.565304 0.887179 0.852490 0.636219 0.639100 0.433697 0.414304 0.636051 0.866666 0.925668 0.633843 0.612823 0.667120 0.675284 0.716552 0.392303 0.967652
0.383969 0.343546 0.333128 0.266200 0.881423 0.915789 0.561696 0.345994 0.887663 0.949335 0.593027 0.349606 0.329046 0.260002 0.381451 0.308214 0.365310 0.347434 0.398419 0.434156 0.605232 0.968673 0.343351 0.000000 0.431206 0.460016 0.638176 0.921843 0.488483 0.417840 0.575089 0.491393 0.399466 0.440311 0.634337 0.912857 0.674687 0.690527 0.821831 0.837481 0.761622 0.736660 0.777629 0.680476 0.967620 0.806780 0.487637 0.569055 0.786021 0.566475 0.572176 0.489580 0.650541 0.823338 0.389875 0.540207 0.345388 0.328012 0.472947 0.399535 0.356529 0.331692 0.369338 0.330425 0.371038 0.258409 0.558813 0.574763 0.555168 0.411658 0.986592 0.921859 0.768679 0.822800 0.763744 0.841673 0.870561 0.981433 0.447875 0.449092 0.344251 0.435555 0.380499 0.407804 0.352542 0.262912 0.757490 0.504820 0.545327 0.396403 0.624269 0.569602 0.585775 0.542463 0.945958 0.950776 0.966653 0.999357 0.958005 0.908030 0.866620 0.897431 0.976224 0.869407 0.758530 0.719591 0.857161 0.929292 0.664066 0.890428 0.765620 0.958942 0.966618 0.961502 0.702425 0.809937
0.228567 0.238238 0.390617 0.501452 0.796478 0.786350 0.757255 0.636499 0.510698 0.623269 0.392060 0.289303 0.349279 0.366106 0.518521 0.594495 0.240633 0.257796 0.300583 0.250753 0.516022 0.947264 0.548311 0.431206 0.000000 0.371496 0.421612 0.848932 0.450405 0.436997 0.771218 0.555573 0.388756 0.443944 0.677701 0.967817 0.537899 0.568210 0.646299 0.684908 0.583057 0.615719 0.942443 0.750438 0.863800 0.921856 0.486563 0.609434 0.840134 0.666590 0.812831 0.722433 0.998207 0.761905 0.410119 0.444236 0.251831 0.229319 0.472086 0.426780 0.477420 0.545349 0.326251 0.318650 0.314448 0.430680 0.735178 0.780682 0.258584 0.419412 0.796325 0.559424 0.998977 0.913276 0.703869 0.959302 0.958739 0.877806 0.528960 0.424347 0.233210 0.234537 0.336202 0.199350 0.214053 0.224195 0.701503 0.419458 0.453415 0.272377 0.339879 0.408265 0.339553 0.350103 0.906605 0.973122 0.964671 0.814379 0.743987 0.886418 0.655609 0.655495 0.962713 0.853133 0.853782 0.754480 0.937165 0.667438 0.762171 0.771181 0.877175 0.941706 0.833456 0.912703 0.747427 0.600891
0.487603 0.484788 0.486389 0.521137 0.959425 0.827869 0.570475 0.560219 0.756371 0.975950 0.746110 0.571710 0.505809 0.494412 0.584687 0.602035 0.506409 0.505015 0.492974 0.522294 0.630709 0.857202 0.513481 0.460016 0.371496 0.000000 0.594668 0.897839 0.619406 0.629188 0.607978 0.534663 0.471892 0.417201 0.619806 0.983819 0.624502 0.613388 0.762494 0.794809 0.845118 0.487237 0.710833 0.585374 0.862441 0.719048 0.463277 0.541661 0.675738 0.548164 0.588553 0.514124 0.713815 0.892068 0.418341 0.413042 0.483599 0.474880 0.488113 0.479513 0.596306 0.592891 0.464425 0.484867 0.606757 0.551412 0.604413 0.636021 0.559688 0.487854 0.969083 0.810555 0.820437 0.842586 0.791606 0.828411 0.784769 0.887494 0.534697 0.537877 0.426550 0.506005 0.539569 0.457495 0.447142 0.402148 0.840291 0.648250 0.505022 0.425465 0.729281 0.769588 0.719117 0.629259 0.952290 0.726920 0.841494 0.991990 0.850309 0.792699 0.893829 0.973248 0.892568 0.695513 0.704390 0.614796 0.757560 0.957024 0.822994 0.811384 0.965684 0.884527 0.884988 0.833267 0.643392 0.802923
0.367711 0.369425 0.505832 0.626977 0.876923 0.724336 0.812446 0.756375 0.583996 0.692002 0.405265 0.401720 0.435093 0.460456 0.605108 0.714537 0.394527 0.399913 0.438034 0.348054 0.586995 0.863304 0.736044 0.638176 0.421612 0.594668 0.000000 0.880486 0.550363 0.520474 0.832633 0.722703 0.551782 0.518703 0.839989 0.906043 0.566780 0.709609 0.742172 0.735222 0.643195 0.766425 0.892929 0.943045 0.781523 0.948312 0.723153 0.823111 0.982393 0.871307 0.946424 0.865591 0.887705 0.670366 0.506280 0.630474 0.393280 0.385362 0.633028 0.568899 0.508813 0.619809 0.430399 0.457685 0.419127 0.557727 0.839037 0.953747 0.413251 0.595483 0.717072 0.571728 0.965112 0.861318 0.629560 0.913303 0.907682 0.802110 0.719371 0.603589 0.477058 0.412533 0.475584 0.425464 0.364455 0.398801 0.742925 0.626793 0.591388 0.526261 0.386407 0.493293 0.443605 0.507792 0.843735 0.931030 0.870427 0.739961 0.709884 0.723257 0.550381 0.713853 0.904619 0.860630 0.994982 0.861637 0.962207 0.674749 0.871054 0.927916 0.853347 0.904483 0.777858 0.914613 0.785213 0.730260
0.809951 0.865746 0.888036 0.963440 0.876998 0.973137 0.999708 0.976182 0.930309 0.756274 0.726864 0.870215 0.814387 0.874004 0.824852 0.964290 0.861523 0.785933 0.932799 0.851649 0.958649 0.803728 0.966014 0.921843 0.848932 0.897839 0.880486 0.000000 0.944806 0.950920 0.737959 0.879259 0.970981 0.991180 0.969901 0.910566 0.984596 0.926932 0.950435 0.934764 0.993320 0.821932 0.863252 0.914339 0.785962 0.804777 0.913168 0.916227 0.847415 0.841160 0.841074 0.859152 0.843865 0.741989 0.938505 0.996310 0.821125 0.810633 0.999628 0.997620 0.875477 0.965173 0.881171 0.899302 0.754273 0.793747 0.857484 0.792037 0.811168 0.899565 0.828520 0.791671 0.903793 0.942728 0.996790 0.996924 0.773086 0.824996 0.962642 0.953527 0.854259 0.734668 0.954084 0.860492 0.783061 0.817974 0.926385 0.915803 0.995988 0.823125 0.830345 0.805233 0.828918 0.918135 0.896491 0.962121 0.840510 0.898745 0.811487 0.844483 0.721790 0.884312 0.899369 0.982908 0.971252 0.859450 0.891785 0.907827 0.886677 0.822848 0.971965 0.806221 0.879319 0.924220 0.981219 0.761159
0.359123 0.363069 0.396508 0.509770 0.916076 0.793034 0.569588 0.516768 0.729398 0.987780 0.363477 0.261063 0.353307 0.309491 0.388147 0.444339 0.215543 0.226934 0.290998 0.321056 0.470466 0.982676 0.467198 0.488483 0.450405 0.619406 0.550363 0.944806 0.000000 0.183529 0.558666 0.558601 0.301719 0.300681 0.698272 0.767255 0.609165 0.652684 0.843807 0.715495 0.719667 0.717748 0.804250 0.626207 0.839595 0.697083 0.480641 0.534247 0.688691 0.565180 0.687253 0.658157 0.798375 0.993458 0.337852 0.413704 0.355489 0.331975 0.548331 0.546598 0.287834 0.341150 0.257008 0.248538 0.354524 0.402637 0.556862 0.586712 0.538945 0.482189 0.915762 0.873944 0.730103 0.762361 0.699729 0.804039 0.890322 0.791252 0.432388 0.403247 0.314093 0.436078 0.264703 0.401138 0.366117 0.416704 0.733373 0.652080 0.602463 0.466067 0.537595 0.545834 0.437075 0.488485 0.925330 0.861559 0.991351 0.905759 0.917874 0.974237 0.879434 0.810710 0.800757 0.782120 0.724410 0.744344 0.832165 0.930624 0.713042 0.687927 0.780832 0.892828 0.982421 0.920186 0.581721 0.753850
0.364482 0.344577 0.449352 0.501917 0.911681 0.743419 0.658214 0.521389 0.735013 0.917696 0.344020 0.198031 0.348549 0.264087 0.360967 0.370306 0.202080 0.221016 0.348776 0.317980 0.507928 0.878268 0.495970 0.417840 0.436997 0.629188 0.520474 0.950920 0.183529 0.000000 0.549557 0.572527 0.357727 0.346420 0.729105 0.707543 0.581128 0.558309 0.747706 0.747007 0.685478 0.794866 0.945940 0.755667 0.960319 0.813315 0.541806 0.610960 0.834238 0.657214 0.761449 0.704671 0.846768 0.956643 0.359315 0.490269 0.347140 0.306707 0.593858 0.572092 0.263450 0.284880 0.269262 0.230203 0.329161 0.332847 0.651823 0.639223 0.521281 0.482248 0.993552 0.847030 0.803419 0.869987 0.667594 0.842031 0.981389 0.926579 0.470238 0.405697 0.313806 0.452589 0.252372 0.375704 0.391344 0.397478 0.653770 0.620737 0.591050 0.479629 0.416308 0.371860 0.353990 0.358514 0.965681 0.931740 0.865629 0.813509 0.757520 0.870695 0.806027 0.687142 0.934637 0.931233 0.844345 0.852707 0.933466 0.773907 0.754600 0.762003 0.831629 0.976124 0.879146 0.929409 0.681131 0.766299
0.736504 0.661709 0.548647 0.425566 0.742241 0.889719 0.299444 0.341917 0.897318 0.510471 0.962342 0.650178 0.705506 0.580305 0.675393 0.512488 0.630630 0.683538 0.500767 0.700904 0.661661 0.787356 0.230204 0.575089 0.771218 0.607978 0.832633 0.737959 0.558666 0.549557 0.000000 0.313658 0.341245 0.313796 0.522592 0.668429 0.641949 0.738598 0.911473 0.873785 0.993519 0.762658 0.380263 0.292738 0.399313 0.307765 0.315631 0.313147 0.379410 0.274356 0.267244 0.246500 0.340002 0.424790 0.487087 0.481796 0.677471 0.668433 0.448571 0.479907 0.506084 0.416994 0.481278 0.449145 0.818197 0.671450 0.280862 0.276585 0.970562 0.596616 0.465220 0.753527 0.414700 0.462918 0.747409 0.570449 0.401502 0.500333 0.349857 0.505829 0.617000 0.926521 0.594063 0.828175 0.720285 0.666798 0.869447 0.892644 0.764890 0.642740 0.992514 0.973921 0.965770 0.827750 0.556113 0.712040 0.720532 0.765887 0.511635 0.488978 0.781868 0.799828 0.586272 0.649823 0.431059 0.397513 0.584829 0.767173 0.877414 0.599629 0.646879 0.512889 0.527997 0.647762 0.387109 0.848434
0.596240 0.555746 0.467032 0.406329 0.772270 0.933866 0.402235 0.415278 0.915569 0.748391 0.877977 0.566301 0.531276 0.474982 0.608457 0.487021 0.535582 0.555197 0.424795 0.620195 0.555486 0.792362 0.297174 0.491393 0.555573 0.534663 0.722703 0.879259 0.558601 0.572527 0.313658 0.000000 0.348803 0.352024 0.610859 0.720294 0.630594 0.702330 0.950668 0.747318 0.957751 0.754420 0.533438 0.419455 0.618275 0.491158 0.369547 0.357415 0.526874 0.381316 0.410111 0.368683 0.463820 0.620705 0.460124 0.489848 0.561396 0.551233 0.411982 0.442858 0.496138 0.455535 0.432835 0.429161 0.682777 0.550520 0.402861 0.386204 0.773849 0.591637 0.671725 0.956507 0.563938 0.618958 0.619583 0.717304 0.650570 0.750890 0.428809 0.423826 0.502763 0.679955 0.451780 0.632689 0.547042 0.494043 0.943189 0.736349 0.687737 0.530146 0.850048 0.836380 0.827727 0.759465 0.730206 0.840062 0.865513 0.830326 0.683789 0.585480 0.885989 0.854650 0.606439 0.651036 0.576942 0.390467 0.688036 0.892605 0.945593 0.656895 0.581272 0.712043 0.656970 0.705352 0.420245 0.988473
0.312235 0.291418 0.311834 0.317673 0.999651 0.802383 0.356115 0.331794 0.722730 0.898138 0.609648 0.330463 0.405295 0.368003 0.530739 0.492842 0.284936 0.317235 0.222243 0.332247 0.426478 0.895289 0.288195 0.399466 0.388756 0.471892 0.551782 0.970981 0.301719 0.357727 0.341245 0.348803 0.000000 0.212666 0.518998 0.823319 0.526056 0.585884 0.849810 0.766435 0.765485 0.681011 0.581324 0.407956 0.689834 0.503271 0.269672 0.324684 0.478626 0.338604 0.411268 0.368323 0.590344 0.824795 0.311203 0.328306 0.276532 0.283526 0.264566 0.266961 0.301440 0.326378 0.214641 0.204178 0.421867 0.439789 0.309274 0.395783 0.495544 0.310146 0.830152 0.891264 0.613931 0.724031 0.689298 0.677024 0.685727 0.745587 0.260415 0.329252 0.291016 0.487483 0.297349 0.400725 0.316635 0.311510 0.997572 0.602591 0.545599 0.341954 0.579085 0.638955 0.579917 0.537531 0.767862 0.784444 0.782040 0.963594 0.826374 0.733943 0.947761 0.974201 0.695932 0.622902 0.499584 0.492770 0.700580 0.957887 0.826446 0.601134 0.627421 0.700530 0.785462 0.768510 0.447587 0.819391
0.384455 0.347094 0.348573 0.366237 0.908475 0.920353 0.337610 0.358647 0.743560 0.850959 0.611377 0.360799 0.409515 0.335760 0.456017 0.452847 0.317857 0.333767 0.265350 0.367744 0.493562 0.885737 0.311951 0.440311 0.443944 0.417201 0.518703 0.991180 0.300681 0.346420 0.313796 0.352024 0.212666 0.000000 0.504436 0.714618 0.476913 0.576475 0.773681 0.780827 0.779111 0.609704 0.586757 0.413529 0.674655 0.511837 0.276190 0.361918 0.498668 0.372363 0.434054 0.391050 0.548332 0.791808 0.313473 0.275713 0.354513 0.357417 0.344294 0.380603 0.314705 0.329510 0.223678 0.223374 0.492452 0.453632 0.372283 0.441929 0.595676 0.400387 0.783118 0.936669 0.574371 0.643016 0.712746 0.696235 0.673940 0.675700 0.291073 0.357583 0.323106 0.530275 0.365551 0.438921 0.390451 0.383341 0.942656 0.654084 0.508812 0.388362 0.610881 0.660202 0.576603 0.542482 0.788907 0.813697 0.827688 0.943393 0.804295 0.711237 0.917887 0.994377 0.717582 0.627813 0.574359 0.517595 0.606333 0.960180 0.856561 0.671436 0.673867 0.692276 0.777509 0.777801 0.395398 0.909366
0.723534 0.668842 0.662911 0.585807 0.985340 0.994295 0.564453 0.549135 0.937515 0.833056 0.973314 0.672141 0.719391 0.693970 0.763047 0.704881 0.675005 0.707076 0.600188 0.761102 0.964645 0.891789 0.464804 0.634337 0.677701 0.619806 0.839989 0.969901 0.698272 0.729105 0.522592 0.610859 0.518998 0.504436 0.000000 0.851031 0.600296 0.818908 0.812645 0.935958 0.827767 0.759221 0.536826 0.463503 0.652756 0.578315 0.466340 0.520652 0.605081 0.493814 0.496758 0.505372 0.590061 0.680449 0.607202 0.514814 0.693725 0.694134 0.582020 0.597979 0.669479 0.612297 0.608461 0.553041 0.755897 0.696351 0.493270 0.531565 0.866969 0.637930 0.745764 0.830658 0.691923 0.707054 0.850402 0.716836 0.574015 0.657263 0.595060 0.641527 0.626639 0.785760 0.684863 0.734917 0.647057 0.631572 0.956266 0.819421 0.608986 0.633828 0.954132 0.921833 0.919531 0.786986 0.750419 0.823858 0.823509 0.952065 0.740183 0.620086 0.865611 0.935167 0.620771 0.660578 0.531567 0.594674 0.696332 0.891479 0.891819 0.664364 0.693231 0.683825 0.745183 0.868203 0.499366 0.988003
0.975476 0.904736 0.994511 0.876139 0.678237 0.934347 0.832581 0.822961 0.963759 0.789884 0.961501 0.854302 0.980053 0.909479 0.901567 0.854969 0.860237 0.857214 0.871110 0.918623 0.994401 0.935251 0.797181 0.912857 0.967817 0.983819 0.906043 0.910566 0.767255 0.707543 0.668429 0.720294 0.823319 0.714618 0.851031 0.000000 0.791112 0.805722 0.935924 0.976136 0.928413 0.912841 0.859462 0.767729 0.755970 0.750847 0.815354 0.750041 0.866993 0.807316 0.810469 0.782947 0.793267 0.771317 0.854316 0.774931 0.925125 0.920388 0.884239 0.948605 0.837978 0.746389 0.844484 0.790855 0.982855 0.920201 0.789745 0.696645 0.877586 0.899867 0.779654 0.728417 0.766244 0.901123 0.805283 0.873851 0.952071 0.801389 0.815869 0.865977 0.901862 0.940634 0.850676 0.962948 0.974251 0.935764 0.995080 0.894923 0.894576 0.931823 0.902141 0.857782 0.862964 0.818046 0.986058 0.766270 0.866889 0.708257 0.919562 0.929123 0.947411 0.958050 0.816060 0.886920 0.914070 0.833711 0.923007 0.875892 0.878217 0.850233 0.951862 0.882409 0.846628 0.990139 0.769438 0.803936
0.530539 0.506167 0.628759 0.586861 0.899419 0.930412 0.647160 0.576888 0.711702 0.994982 0.710500 0.528989 0.682878 0.623698 0.802945 0.765616 0.553200 0.579643 0.522277 0.565789 0.715783 0.887249 0.622032 0.674687 0.537899 0.624502 0.566780 0.984596 0.609165 0.581128 0.641949 0.630594 0.526056 0.476913 0.600296 0.791112 0.000000 0.545268 0.701612 0.709701 0.647407 0.668823 0.846963 0.696974 0.921409 0.784074 0.573370 0.662219 0.770669 0.636222 0.697362 0.661860 0.817956 0.971213 0.549114 0.538422 0.555823 0.536388 0.553881 0.568002 0.629574 0.580694 0.486631 0.471380 0.689955 0.692002 0.650277 0.691958 0.633983 0.588558 0.849820 0.923728 0.793483 0.901432 0.709237 0.966586 0.908819 0.968964 0.684867 0.666244 0.584525 0.703832 0.562770 0.561760 0.567456 0.550282 0.839657 0.726375 0.579743 0.577795 0.565008 0.631806 0.509851 0.502868 0.990775 0.942877 0.972722 0.974924 0.955013 0.986893 0.859414 0.840762 0.862196 0.697979 0.735610 0.698477 0.958571 0.908726 0.968489 0.826009 0.899499 0.872935 0.968922 0.989887 0.741041 0.926889
0.525374 0.511307 0.587236 0.605293 0.846489 0.908707 0.664491 0.558185 0.846982 0.855695 0.674515 0.540216 0.648455 0.659143 0.855493 0.745027 0.617184 0.575632 0.597969 0.563110 0.717115 0.872272 0.706879 0.690527 0.568210 0.613388 0.709609 0.926932 0.652684 0.558309 0.738598 0.702330 0.585884 0.576475 0.818908 0.805722 0.545268 0.000000 0.737055 0.791382 0.602229 0.652654 0.978077 0.868555 0.933584 0.946301 0.721952 0.840378 0.956573 0.833757 0.857214 0.802806 0.907554 0.924177 0.630010 0.664956 0.512219 0.481206 0.679510 0.618936 0.557778 0.498830 0.536340 0.458285 0.603647 0.546783 0.814986 0.779197 0.581565 0.440901 0.944535 0.879759 0.849836 0.925244 0.792010 0.917510 0.892055 0.907772 0.685912 0.739052 0.584441 0.692782 0.593910 0.568466 0.625051 0.561218 0.834739 0.772391 0.578315 0.546287 0.545958 0.518088 0.568454 0.422882 0.906452 0.950249 0.990155 0.910176 0.831469 0.914036 0.936538 0.797862 0.914115 0.995734 0.917930 0.854257 0.858276 0.893437 0.967891 0.863900 0.936494 0.916122 0.861766 0.990217 0.782857 0.672852
