0.000000 0.324052 0.648447 0.613285 0.795765 0.600118 0.384171 0.348262 0.567849 0.576227 0.371174 0.279642 0.318153 0.429430 0.575909 0.608481 0.400680 0.399375 0.411199 0.384872 0.991392 0.851459 0.745767 0.925461 0.872422 0.947187 0.833242 0.912383 0.427439 0.490853 0.811853 0.890270 0.357442 0.313029 0.652209 0.924686 0.786620 0.917649 0.824345 0.937858 0.824634 0.830054 0.611811 0.600879 0.574270 0.574959 0.497790 0.567688 0.889491 0.822339 0.670319 0.615066 0.824579 0.934718 0.775652 0.702003 0.398420 0.360369 0.252541 0.316788 0.257598 0.279880 0.397968 0.374072 0.683760 0.535267 0.464244 0.476813 0.560718 0.642587 0.576802 0.671736 0.810520 0.745644 0.893296 0.860341 0.575603 0.791271 0.608943 0.812267 0.371057 0.563494 0.793254 0.686219 0.555708 0.700665 0.971847 0.850227 0.562159 0.633799 0.660929 0.746284 0.693129 0.754738 0.727666 0.768010 0.529999 0.686023 0.433538 0.419112 0.613832 0.679187 0.502755 0.585053 0.436841 0.530739 0.758816 0.612523 0.653542 0.683508 0.682538 0.622843 0.643243 0.875930 0.671538 0.953154
0.324052 0.000000 0.666876 0.572716 0.899776 0.677351 0.471184 0.364737 0.714397 0.701715 0.605004 0.425232 0.549283 0.557777 0.765572 0.688152 0.456981 0.475284 0.400783 0.325726 0.947936 0.886108 0.768173 0.798428 0.983020 0.817714 0.921846 0.891132 0.543247 0.653109 0.761433 0.815769 0.409387 0.361874 0.731681 0.846297 0.815861 0.986054 0.980152 0.905782 0.758276 0.909255 0.470397 0.484616 0.498925 0.473853 0.440621 0.493498 0.736347 0.680019 0.549470 0.543335 0.811757 0.922591 0.680891 0.753601 0.298224 0.245974 0.387814 0.373805 0.452914 0.323707 0.619492 0.577435 0.681758 0.477136 0.487061 0.449095 0.493468 0.507433 0.646346 0.728890 0.654400 0.652130 0.740171 0.779526 0.650346 0.747009 0.634457 0.709813 0.455928 0.491460 0.727585 0.682264 0.577478 0.586590 0.945936 0.982691 0.659886 0.667446 0.719260 0.837955 0.757870 0.895760 0.653535 0.879268 0.501671 0.714773 0.478267 0.428283 0.720771 0.733440 0.569032 0.678290 0.474661 0.546988 0.943672 0.641344 0.640983 0.696053 0.604634 0.540485 0.650606 0.770501 0.577164 0.997826
0.648447 0.666876 0.000000 0.198992 0.826125 0.839168 0.319632 0.461000 0.563285 0.955196 0.922574 0.837138 0.604209 0.665114 0.557088 0.454658 0.999691 0.915113 0.487832 0.598581 0.594970 0.882106 0.305574 0.407692 0.400689 0.300685 0.883787 0.863899 0.993509 0.954136 0.369579 0.542026 0.471927 0.445117 0.447068 0.733425 0.447199 0.665282 0.834571 0.834911 0.884231 0.970458 0.424816 0.562461 0.692465 0.777091 0.505368 0.464664 0.848989 0.865589 0.681058 0.630655 0.703710 0.640445 0.687531 0.803205 0.959068 0.877716 0.665584 0.778006 0.574392 0.655599 0.966454 0.981325 0.217238 0.359837 0.346272 0.385426 0.701941 0.861800 0.455755 0.427082 0.649034 0.688560 0.819916 0.971563 0.568501 0.593332 0.811443 0.697253 0.828451 0.734008 0.769973 0.922599 0.383060 0.375241 0.903860 0.922440 0.664649 0.651083 0.517671 0.593507 0.544195 0.585390 0.626135 0.848517 0.612863 0.927112 0.673111 0.613595 0.804732 0.775363 0.805668 0.886194 0.592658 0.479732 0.737563 0.760260 0.716228 0.933708 0.681591 0.869360 0.814040 0.875475 0.780399 0.939393
0.613285 0.572716 0.198992 0.000000 0.906787 0.755738 0.297491 0.398288 0.611051 0.947609 0.912310 0.745241 0.626704 0.613046 0.592460 0.475180 0.958037 0.886351 0.449525 0.506409 0.584860 0.914425 0.335061 0.367020 0.442536 0.316484 0.899899 0.858481 0.994559 0.966843 0.423432 0.546724 0.458320 0.423036 0.457051 0.694746 0.531688 0.699200 0.810166 0.825523 0.836237 0.971342 0.382004 0.493021 0.673721 0.752028 0.457254 0.425668 0.865578 0.847070 0.647858 0.609908 0.693647 0.644792 0.756406 0.799846 0.872860 0.819730 0.622634 0.689337 0.568788 0.576317 0.989665 0.967334 0.220146 0.265137 0.301731 0.298515 0.728598 0.815494 0.407460 0.394475 0.616028 0.669224 0.736850 0.947168 0.547618 0.592418 0.824311 0.656912 0.838582 0.750626 0.770707 0.933395 0.385865 0.357515 0.827422 0.971109 0.680756 0.656373 0.462146 0.587150 0.504939 0.569901 0.618939 0.792500 0.561366 0.852003 0.621535 0.553656 0.726321 0.704522 0.792680 0.870145 0.539910 0.455323 0.760860 0.726481 0.681707 0.915111 0.627061 0.805123 0.800483 0.881264 0.693719 0.907280
0.795765 0.899776 0.826125 0.906787 0.000000 0.979022 0.828286 0.874664 0.732863 0.799788 0.864156 0.840428 0.686694 0.791433 0.703540 0.845127 0.738142 0.806814 0.778063 0.929330 0.938723 0.929792 0.783320 0.995909 0.924013 0.949438 0.741602 0.985003 0.818937 0.778273 0.870296 0.968756 0.733791 0.782849 0.678146 0.835500 0.831595 0.862635 0.913748 0.760426 0.967771 0.998142 0.942665 0.926807 0.916154 0.974661 0.979345 0.992444 0.940996 0.841626 0.975875 0.998433 0.969030 0.973017 0.903112 0.929655 0.808889 0.744510 0.746584 0.902366 0.741043 0.894446 0.621287 0.715917 0.811887 0.925555 0.770953 0.856021 0.994807 0.968918 0.852125 0.871623 0.997575 0.906400 0.876946 0.925044 0.938520 0.881222 0.954508 0.975484 0.707575 0.936619 0.842453 0.762369 0.739189 0.883312 0.969523 0.728520 0.694790 0.919519 0.910628 0.914490 0.925900 0.861158 0.941454 0.968063 0.861971 0.913144 0.841618 0.937383 0.956913 0.953397 0.764440 0.932590 0.909262 0.796174 0.960593 0.877313 0.898995 0.899577 0.874247 0.967741 0.975147 0.963528 0.981604 0.889185
0.600118 0.677351 0.839168 0.755738 0.979022 0.000000 0.556401 0.496967 0.647315 0.622471 0.675235 0.633214 0.775080 0.864123 0.935353 0.908420 0.806356 0.772110 0.739035 0.687309 0.969444 0.827073 0.982636 0.905552 0.762679 0.995425 0.737651 0.825627 0.803705 0.946061 0.941381 0.945118 0.742413 0.658718 0.842618 0.927045 0.972803 0.910846 0.825472 0.971562 0.848329 0.891563 0.656997 0.583686 0.707730 0.681332 0.666112 0.709357 0.950647 0.782678 0.723828 0.625988 0.742762 0.722650 0.904564 0.754501 0.811946 0.790841 0.617708 0.548835 0.626946 0.529346 0.861597 0.842036 0.910019 0.650557 0.608930 0.579552 0.788283 0.721594 0.733298 0.734728 0.847425 0.845458 0.910655 0.945788 0.746662 0.822966 0.866413 0.887555 0.802905 0.921469 0.805790 0.954272 0.995366 0.972878 0.941584 0.901689 0.818507 0.917139 0.530535 0.587434 0.560486 0.613086 0.923486 0.877898 0.698384 0.785912 0.509680 0.578758 0.625330 0.579795 0.649807 0.635259 0.696154 0.718992 0.772221 0.700541 0.930976 0.828898 0.666969 0.625464 0.705119 0.822858 0.591284 0.853639
0.384171 0.471184 0.319632 0.297491 0.828286 0.556401 0.000000 0.203736 0.354368 0.542080 0.572605 0.487523 0.438791 0.546816 0.507981 0.467285 0.687951 0.596125 0.381680 0.452647 0.783447 0.870459 0.500463 0.696440 0.792007 0.572133 0.874066 0.982639 0.647877 0.670026 0.558797 0.696618 0.359082 0.281011 0.454888 0.744525 0.655736 0.777879 0.973787 0.863403 0.787421 0.882679 0.362219 0.390410 0.461351 0.513905 0.450550 0.436422 0.952005 0.759316 0.492495 0.441351 0.539736 0.556247 0.676509 0.722464 0.735027 0.647372 0.383698 0.544220 0.369811 0.399366 0.687752 0.679846 0.419669 0.376559 0.233284 0.295133 0.685664 0.750764 0.333490 0.388906 0.607581 0.631643 0.810671 0.986663 0.406978 0.584556 0.636344 0.783841 0.584115 0.693702 0.792811 0.821757 0.512364 0.566805 0.982086 0.882920 0.599805 0.675765 0.321549 0.412329 0.352438 0.426903 0.578249 0.720870 0.383881 0.672798 0.335199 0.331637 0.550911 0.518753 0.529393 0.610913 0.384663 0.360673 0.651310 0.569995 0.651673 0.766167 0.542162 0.610405 0.636794 0.759323 0.594045 0.864938
0.348262 0.364737 0.461000 0.398288 0.874664 0.496967 0.203736 0.000000 0.442102 0.488115 0.521386 0.387410 0.467594 0.532296 0.649103 0.612336 0.646303 0.587012 0.427905 0.420310 0.896273 0.887664 0.667986 0.804789 0.962590 0.704622 0.753179 0.897942 0.590745 0.693740 0.677346 0.770446 0.402292 0.313032 0.552921 0.817678 0.828463 0.914608 0.934574 0.858652 0.755208 0.857538 0.371696 0.396596 0.532085 0.538790 0.461441 0.494475 0.919445 0.782181 0.543828 0.485571 0.651357 0.690223 0.776645 0.740938 0.596078 0.539542 0.347517 0.425262 0.346926 0.271076 0.675209 0.634431 0.556749 0.362947 0.294470 0.297802 0.687827 0.660219 0.419904 0.432125 0.684637 0.636122 0.809271 0.888196 0.500200 0.691302 0.693523 0.792263 0.607032 0.728368 0.857126 0.896922 0.627139 0.677738 0.927109 0.832219 0.622877 0.743925 0.366078 0.482235 0.391940 0.523014 0.621078 0.725826 0.364141 0.598115 0.324130 0.296336 0.495323 0.510184 0.520028 0.609855 0.356878 0.359410 0.650849 0.547065 0.627068 0.677274 0.448493 0.512153 0.544826 0.785702 0.508012 0.833782
0.567849 0.714397 0.563285 0.611051 0.732863 0.647315 0.354368 0.442102 0.000000 0.451485 0.529521 0.583441 0.531838 0.781802 0.640000 0.634329 0.712195 0.708468 0.697913 0.689637 0.886027 0.995959 0.746639 0.974902 0.946956 0.859858 0.826981 0.856561 0.607854 0.670134 0.845426 0.983047 0.626016 0.493411 0.666714 0.923145 0.848873 0.876460 0.820293 0.951148 0.848319 0.773297 0.638685 0.565216 0.615354 0.645946 0.746512 0.701481 0.915364 0.875098 0.656342 0.579131 0.563466 0.615016 0.661112 0.769411 0.968031 0.791339 0.424956 0.610223 0.469113 0.557049 0.654364 0.638135 0.688568 0.735962 0.492403 0.598321 0.810056 0.835168 0.484935 0.604955 0.727125 0.838571 0.921745 0.895596 0.523844 0.718944 0.689697 0.961612 0.663382 0.881144 0.981098 0.845224 0.815862 0.945541 0.922876 0.803690 0.591627 0.856174 0.491588 0.436087 0.497335 0.433789 0.726966 0.977945 0.514060 0.736126 0.460263 0.477058 0.614083 0.601539 0.640399 0.685100 0.531914 0.474003 0.647472 0.591431 0.744835 0.777629 0.669314 0.683381 0.622514 0.787493 0.673643 0.862067
0.576227 0.701715 0.955196 0.947609 0.799788 0.622471 0.542080 0.488115 0.451485 0.000000 0.467001 0.525501 0.688095 0.864166 0.773157 0.902526 0.542056 0.522452 0.737220 0.754863 0.814843 0.967770 0.880190 0.592596 0.593562 0.762014 0.721813 0.802170 0.475178 0.558116 0.855292 0.774463 0.799762 0.624299 0.779739 0.983781 0.876695 0.935699 0.783299 0.965784 0.815089 0.712629 0.773152 0.670692 0.617300 0.597367 0.875299 0.904095 0.769348 0.829259 0.613510 0.602780 0.661999 0.723954 0.950502 0.824869 0.768429 0.679153 0.467960 0.675553 0.636309 0.623288 0.555853 0.478793 0.888539 0.989622 0.657977 0.778527 0.828563 0.864502 0.552392 0.713909 0.877802 0.836681 0.958275 0.949596 0.578193 0.798961 0.774447 0.846402 0.580857 0.916642 0.942544 0.849111 0.886710 0.723741 0.835024 0.684809 0.800690 0.934202 0.508179 0.468973 0.502322 0.506622 0.822163 0.807310 0.529571 0.617970 0.365528 0.461870 0.564895 0.559885 0.423366 0.499001 0.585271 0.623331 0.765985 0.552384 0.823324 0.666313 0.640628 0.638602 0.495650 0.764494 0.664313 0.799433
0.371174 0.605004 0.922574 0.912310 0.864156 0.675235 0.572605 0.521386 0.529521 0.467001 0.000000 0.286599 0.381879 0.500279 0.723389 0.765619 0.438639 0.419061 0.629452 0.603355 0.792679 0.971224 0.981813 0.810395 0.581189 0.752314 0.707789 0.743707 0.352502 0.370860 0.970864 0.962417 0.571110 0.493800 0.863473 0.894225 0.914848 0.912827 0.869031 0.948505 0.991986 0.783247 0.969058 0.809251 0.717165 0.685699 0.841184 0.866667 0.887163 0.946719 0.872329 0.858237 0.904602 0.945066 0.846451 0.846064 0.651713 0.553249 0.430204 0.491608 0.347725 0.381130 0.318397 0.268543 0.981466 0.822795 0.721994 0.734597 0.819947 0.836681 0.821173 0.929980 0.893642 0.996818 0.923491 0.965005 0.801122 0.983448 0.587917 0.947039 0.401895 0.650451 0.975641 0.681475 0.859520 0.994311 0.851703 0.839843 0.686007 0.803466 0.841001 0.860250 0.848682 0.859605 0.842931 0.859899 0.721883 0.754223 0.595687 0.605767 0.631407 0.759901 0.657237 0.727161 0.594528 0.707924 0.791766 0.774804 0.806814 0.731116 0.755488 0.781670 0.760621 0.959979 0.751524 0.910438
0.279642 0.425232 0.837138 0.745241 0.840428 0.633214 0.487523 0.387410 0.583441 0.525501 0.286599 0.000000 0.322273 0.428338 0.678402 0.714636 0.391603 0.403441 0.547632 0.457781 0.959949 0.913966 0.902041 0.973632 0.677297 0.873841 0.824507 0.790411 0.384993 0.401117 0.997430 0.980802 0.481823 0.393186 0.784435 0.984644 0.937875 0.945826 0.861818 0.892588 0.852582 0.840715 0.783171 0.704566 0.672152 0.673051 0.679075 0.680220 0.900695 0.930794 0.816859 0.756381 0.902825 0.982933 0.872475 0.826684 0.475866 0.450936 0.309407 0.365301 0.287176 0.248822 0.362438 0.289996 0.838334 0.592111 0.570233 0.556263 0.753998 0.688373 0.714808 0.820806 0.999683 0.888537 0.834834 0.887268 0.665755 0.872238 0.628000 0.846185 0.396546 0.634522 0.874994 0.720340 0.737387 0.845797 0.938757 0.860762 0.639162 0.738274 0.727895 0.815546 0.781219 0.800651 0.779021 0.841508 0.615032 0.727710 0.471772 0.498962 0.620238 0.735685 0.572564 0.607319 0.514219 0.566045 0.813196 0.711659 0.713893 0.752797 0.673773 0.623729 0.721163 0.986420 0.663050 0.955402
0.318153 0.549283 0.604209 0.626704 0.686694 0.775080 0.438791 0.467594 0.531838 0.688095 0.381879 0.322273 0.000000 0.307083 0.449965 0.478746 0.539144 0.510254 0.497689 0.517140 0.860141 0.941825 0.557994 0.803019 0.964282 0.900576 0.948501 0.903567 0.495028 0.393631 0.683490 0.827419 0.337374 0.359058 0.662097 0.943001 0.787442 0.813318 0.942455 0.855853 0.888056 0.867324 0.772648 0.771734 0.810192 0.824240 0.718563 0.687887 0.799334 0.879442 0.956925 0.850314 0.962209 0.992068 0.847442 0.898658 0.616195 0.551125 0.375232 0.472135 0.209601 0.348766 0.323890 0.363773 0.590817 0.529440 0.518795 0.559402 0.804643 0.746054 0.663966 0.746212 0.934179 0.958907 0.866909 0.959860 0.718538 0.797162 0.688276 0.743526 0.423656 0.660380 0.788452 0.769052 0.463515 0.630958 0.924865 0.824732 0.634831 0.673171 0.754245 0.847280 0.807170 0.777328 0.849251 0.845303 0.713917 0.867358 0.615052 0.637852 0.697188 0.747039 0.685228 0.774007 0.561707 0.499392 0.761355 0.755296 0.770868 0.832376 0.816092 0.810014 0.861506 0.959880 0.728858 0.986883
0.429430 0.557777 0.665114 0.613046 0.791433 0.864123 0.546816 0.532296 0.781802 0.864166 0.500279 0.428338 0.307083 0.000000 0.498827 0.473570 0.676611 0.557968 0.425130 0.557381 0.909229 0.953712 0.506561 0.643553 0.974094 0.881203 0.996417 0.990412 0.629193 0.485592 0.612108 0.676281 0.298806 0.403084 0.666391 0.825998 0.725301 0.886736 0.942188 0.830225 0.897251 0.924338 0.834052 0.871194 0.895636 0.920963 0.824429 0.797787 0.716443 0.786508 0.978573 0.985910 0.923686 0.856193 0.990946 0.964631 0.542590 0.554202 0.495394 0.515433 0.336314 0.447021 0.438400 0.493539 0.616699 0.481716 0.557533 0.466404 0.957446 0.802810 0.752249 0.671536 0.925448 0.913964 0.812263 0.869778 0.880295 0.837289 0.650686 0.673442 0.564758 0.759927 0.648395 0.793214 0.437559 0.531808 0.806421 0.998323 0.647034 0.620740 0.852645 0.959788 0.881061 0.964111 0.913449 0.783921 0.811447 0.909576 0.761139 0.752855 0.675346 0.897706 0.831220 0.942591 0.640938 0.658842 0.917918 0.878276 0.768289 0.873731 0.794136 0.888536 0.983527 0.898309 0.802948 0.953302
0.575909 0.765572 0.557088 0.592460 0.703540 0.935353 0.507981 0.649103 0.640000 0.773157 0.723389 0.678402 0.449965 0.498827 0.000000 0.441831 0.776640 0.688628 0.572536 0.703841 0.650455 0.899459 0.407874 0.691916 0.783417 0.759442 0.882652 0.894848 0.727492 0.612082 0.510486 0.735634 0.421955 0.475493 0.552256 0.774450 0.589256 0.701583 0.991441 0.981625 0.785300 0.955062 0.779744 0.892985 0.739181 0.841101 0.805558 0.703664 0.792934 0.937414 0.809871 0.732830 0.728558 0.756133 0.822420 0.800164 0.822970 0.773062 0.532866 0.725520 0.464424 0.698973 0.573562 0.621602 0.573225 0.685873 0.513222 0.606981 0.823351 0.780744 0.553115 0.552687 0.814881 0.890308 0.879311 0.943740 0.745949 0.807110 0.711937 0.886728 0.702381 0.887959 0.578923 0.790233 0.474749 0.616986 0.784804 0.999042 0.707831 0.644926 0.698026 0.737399 0.754617 0.682621 0.804346 0.806939 0.719190 0.886379 0.671508 0.695607 0.845878 0.812109 0.766663 0.807731 0.633872 0.539446 0.746622 0.655224 0.838211 0.965172 0.818203 0.892210 0.953166 0.804630 0.777965 0.971442
0.608481 0.688152 0.454658 0.475180 0.845127 0.908420 0.467285 0.612336 0.634329 0.902526 0.765619 0.714636 0.478746 0.473570 0.441831 0.000000 0.808682 0.644461 0.473396 0.561310 0.663334 0.973084 0.358077 0.505691 0.673338 0.563827 0.852897 0.891446 0.683334 0.618820 0.425337 0.522969 0.400492 0.447599 0.546474 0.679289 0.476774 0.687143 0.978208 0.909315 0.827276 0.987704 0.672019 0.689547 0.710274 0.741909 0.667692 0.672149 0.856548 0.928457 0.779692 0.704225 0.768281 0.749584 0.750227 0.903516 0.785723 0.780795 0.648528 0.805081 0.549804 0.689247 0.718449 0.776774 0.502598 0.558679 0.515387 0.540038 0.867847 0.829439 0.569167 0.539291 0.725741 0.625714 0.790347 0.946892 0.729524 0.759226 0.591633 0.631879 0.635359 0.712154 0.597293 0.804642 0.406428 0.461824 0.822741 0.935240 0.762022 0.728474 0.633030 0.796853 0.699430 0.678585 0.655273 0.925734 0.719097 0.863993 0.729322 0.745119 0.796250 0.810312 0.803081 0.919148 0.603201 0.686209 0.837733 0.803909 0.801859 0.953993 0.879117 0.875477 0.948363 0.911783 0.824280 0.910749
0.400680 0.456981 0.999691 0.958037 0.738142 0.806356 0.687951 0.646303 0.712195 0.542056 0.438639 0.391603 0.539144 0.676611 0.776640 0.808682 0.000000 0.290362 0.530457 0.481242 0.804885 0.883921 0.976663 0.863396 0.702695 0.746977 0.954705 0.877136 0.305603 0.385507 0.959537 0.890986 0.585371 0.557645 0.835595 0.996831 0.953231 0.996459 0.929176 0.905835 0.836819 0.842270 0.874800 0.747267 0.515992 0.475691 0.735839 0.773983 0.611207 0.710075 0.656417 0.700666 0.786333 0.971875 0.748833 0.706182 0.403234 0.324821 0.462211 0.582825 0.559892 0.556424 0.345262 0.310111 0.978847 0.928706 0.764001 0.788596 0.638415 0.783049 0.801523 0.960154 0.935690 0.808352 0.937328 0.857437 0.745120 0.881839 0.639665 0.984452 0.270411 0.490052 0.754233 0.480706 0.793477 0.924425 0.910630 0.956271 0.730002 0.726258 0.905481 0.922387 0.943298 0.949828 0.695141 0.997099 0.627933 0.724295 0.572889 0.623320 0.804473 0.896727 0.504927 0.516941 0.654433 0.771936 0.951820 0.803443 0.775561 0.737888 0.831693 0.661629 0.762944 0.819738 0.834431 0.977782
0.399375 0.475284 0.915113 0.886351 0.806814 0.772110 0.596125 0.587012 0.708468 0.522452 0.419061 0.403441 0.510254 0.557968 0.688628 0.644461 0.290362 0.000000 0.469027 0.466626 0.890823 0.831409 0.940648 0.919655 0.768926 0.892282 0.975276 0.926567 0.281371 0.295716 0.899660 0.913591 0.512107 0.498917 0.803050 0.929561 0.797889 0.900995 0.868116 0.885441 0.855219 0.781529 0.839480 0.724489 0.493730 0.465402 0.732008 0.782019 0.691581 0.727248 0.613173 0.663566 0.781718 0.906409 0.731823 0.831929 0.387125 0.343123 0.474552 0.655826 0.546272 0.560901 0.366355 0.304191 0.971776 0.852671 0.673209 0.695404 0.634975 0.729626 0.746525 0.893579 0.837693 0.691227 0.994003 0.835631 0.755523 0.848163 0.513266 0.865178 0.224595 0.429543 0.697326 0.529055 0.765589 0.832594 0.883470 0.927118 0.671915 0.775986 0.809854 0.861719 0.828656 0.890180 0.745765 0.882807 0.609745 0.790073 0.540419 0.589543 0.691273 0.840169 0.468841 0.519105 0.556922 0.786207 0.955567 0.797859 0.814160 0.734970 0.785065 0.699039 0.759213 0.818247 0.820756 0.977213
0.411199 0.400783 0.487832 0.449525 0.778063 0.739035 0.381680 0.427905 0.697913 0.737220 0.629452 0.547632 0.497689 0.425130 0.572536 0.473396 0.530457 0.469027 0.000000 0.386682 0.890752 0.912241 0.489608 0.622104 0.816957 0.706701 0.994439 0.927100 0.588506 0.612870 0.543847 0.661661 0.278557 0.325894 0.461915 0.713418 0.586980 0.837266 0.922210 0.882210 0.832845 0.991261 0.519761 0.517370 0.465624 0.480959 0.509508 0.506817 0.861473 0.742323 0.568161 0.571399 0.680649 0.770166 0.691706 0.747329 0.497407 0.441100 0.504239 0.576354 0.469208 0.500162 0.589726 0.632124 0.504084 0.483096 0.428159 0.391356 0.628071 0.684572 0.540458 0.590788 0.737315 0.647482 0.785887 0.778258 0.620320 0.652932 0.617053 0.677314 0.477373 0.564448 0.596654 0.660590 0.416362 0.476819 0.919398 0.992871 0.653533 0.594730 0.619079 0.794751 0.682358 0.780712 0.701438 0.763616 0.527732 0.839712 0.526843 0.526275 0.733542 0.806732 0.609624 0.764394 0.573967 0.583840 0.889289 0.712061 0.669090 0.782470 0.682347 0.690347 0.777105 0.848100 0.847447 0.985954
0.384872 0.325726 0.598581 0.506409 0.929330 0.687309 0.452647 0.420310 0.689637 0.754863 0.603355 0.457781 0.517140 0.557381 0.703841 0.561310 0.481242 0.466626 0.386682 0.000000 0.818240 0.942458 0.667420 0.657552 0.881575 0.767536 0.953514 0.913414 0.540480 0.629327 0.709998 0.662186 0.388031 0.388213 0.698541 0.842396 0.761614 0.940246 0.999440 0.889708 0.791590 0.951564 0.531942 0.518307 0.567565 0.551839 0.519431 0.498561 0.868612 0.706699 0.674655 0.639208 0.835229 0.884080 0.701096 0.715051 0.439311 0.405228 0.505013 0.510286 0.516321 0.416261 0.643409 0.628084 0.607397 0.477292 0.526495 0.453854 0.569626 0.634621 0.617630 0.719753 0.726488 0.590868 0.731875 0.713529 0.682752 0.825526 0.599556 0.727081 0.463839 0.439478 0.680644 0.688838 0.525137 0.562492 0.872041 0.981633 0.791138 0.665185 0.687493 0.812126 0.732499 0.838154 0.588484 0.972677 0.558683 0.794272 0.574419 0.471802 0.749670 0.729226 0.564595 0.717593 0.449362 0.615822 0.827330 0.793553 0.796923 0.850027 0.732128 0.649328 0.684009 0.848723 0.656925 0.950640
0.991392 0.947936 0.594970 0.584860 0.938723 0.969444 0.783447 0.896273 0.886027 0.814843 0.792679 0.959949 0.860141 0.909229 0.650455 0.663334 0.804885 0.890823 0.890752 0.818240 0.000000 0.892309 0.516381 0.543728 0.534687 0.542776 0.666468 0.830048 0.778693 0.914351 0.645665 0.726283 0.774344 0.789108 0.768236 0.840359 0.703612 0.707900 0.904501 0.915162 0.804784 0.861382 0.720991 0.850351 0.986133 0.905883 0.756325 0.814950 0.699429 0.882408 0.989903 0.920049 0.940547 0.771817 0.965844 0.984075 0.941575 0.899006 0.913719 0.966502 0.886167 0.935006 0.845570 0.810028 0.514654 0.610324 0.675902 0.694835 0.881989 0.953427 0.710983 0.676817 0.839470 0.864985 0.827555 0.989909 0.882827 0.783867 0.960122 0.797404 0.899931 0.982156 0.778304 0.890273 0.641182 0.603276 0.643279 0.929666 0.945772 0.845784 0.761621 0.783261 0.850245 0.724778 0.821008 0.964522 0.952293 0.937951 0.952295 0.860874 0.972981 0.890958 0.936125 0.948001 0.785926 0.662999 0.862408 0.913389 0.830090 0.803678 0.929792 0.995068 0.990797 0.917815 0.789809 0.965318
0.851459 0.886108 0.882106 0.914425 0.929792 0.827073 0.870459 0.887664 0.995959 0.967770 0.971224 0.913966 0.941825 0.953712 0.899459 0.973084 0.883921 0.831409 0.912241 0.942458 0.892309 0.000000 0.934305 0.974615 0.942882 0.990466 0.931997 0.891333 0.901582 0.936046 0.931183 0.897156 0.924963 0.933451 0.883828 0.942535 0.900831 0.975250 0.930171 0.978057 0.738280 0.711350 0.937920 0.966970 0.764254 0.860272 0.898738 0.806269 0.867705 0.844876 0.770972 0.794973 0.880821 0.788387 0.918359 0.776764 0.821906 0.879797 0.880589 0.857267 0.893936 0.942568 0.885253 0.874236 0.955369 0.967783 0.857288 0.883062 0.815391 0.783106 0.915550 0.940289 0.972829 0.807162 0.839725 0.900137 0.758935 0.785150 0.913802 0.989586 0.869503 0.873438 0.867560 0.900231 0.977273 0.864225 0.966542 0.946136 0.896524 0.726498 0.909346 0.871792 0.881741 0.956591 0.775903 0.862536 0.888576 0.961539 0.822292 0.818096 0.936401 0.961224 0.869566 0.792330 0.941634 0.897907 0.964665 0.921041 0.963387 0.931409 0.852472 0.883829 0.958327 0.881490 0.850822 0.865008
0.745767 0.768173 0.305574 0.335061 0.783320 0.982636 0.500463 0.667986 0.746639 0.880190 0.981813 0.902041 0.557994 0.506561 0.407874 0.358077 0.976663 0.940648 0.489608 0.667420 0.516381 0.934305 0.000000 0.279633 0.391314 0.418351 0.734495 0.792843 0.958513 0.888555 0.294962 0.437751 0.404332 0.479827 0.478110 0.712029 0.455398 0.669059 0.832637 0.871289 0.852121 0.927248 0.578937 0.726962 0.865918 0.921600 0.668865 0.584645 0.650508 0.905462 0.891703 0.801079 0.852167 0.771035 0.808712 0.914231 0.921271 0.889254 0.754546 0.846925 0.589050 0.770640 0.874027 0.991586 0.254468 0.420699 0.467967 0.467541 0.880997 0.876038 0.581008 0.500556 0.783491 0.790868 0.758341 0.952887 0.754785 0.596361 0.842352 0.699928 0.863068 0.872637 0.605922 0.949564 0.261007 0.303741 0.770115 0.933709 0.713448 0.565053 0.709701 0.830399 0.757624 0.755956 0.723406 0.824755 0.790853 0.974051 0.843290 0.794127 0.942399 0.908156 0.995071 0.933494 0.685066 0.566812 0.888701 0.834082 0.898609 0.900210 0.874544 0.972711 0.979979 0.913155 0.885071 0.937774
0.925461 0.798428 0.407692 0.367020 0.995909 0.905552 0.696440 0.804789 0.974902 0.592596 0.810395 0.973632 0.803019 0.643553 0.691916 0.505691 0.863396 0.919655 0.622104 0.657552 0.543728 0.974615 0.279633 0.000000 0.313005 0.358621 0.697776 0.738793 0.799240 0.929301 0.358247 0.365170 0.572299 0.684585 0.653566 0.716793 0.560395 0.742480 0.745904 0.915223 0.972677 0.810071 0.649154 0.803685 0.945046 0.985820 0.692532 0.604981 0.722426 0.979496 0.956281 0.940691 0.988829 0.916832 0.816915 0.936718 0.943844 0.964683 0.994817 0.997471 0.810352 0.859589 0.888095 0.785479 0.313526 0.422704 0.646233 0.552360 0.914276 0.943213 0.795662 0.698003 0.819548 0.781107 0.743308 0.900880 0.933502 0.771629 0.894428 0.597803 0.998476 0.787884 0.622604 0.961300 0.331761 0.250941 0.696603 0.749021 0.878550 0.598229 0.899655 0.935746 0.957562 0.993370 0.714125 0.935047 0.893984 0.880949 0.915975 0.969195 0.928189 0.924399 0.820697 0.747292 0.864419 0.776380 0.944171 0.903985 0.940827 0.811034 0.953373 0.885646 0.844589 0.991433 0.947802 0.985871
0.872422 0.983020 0.400689 0.442536 0.924013 0.762679 0.792007 0.962590 0.946956 0.593562 0.581189 0.677297 0.964282 0.974094 0.783417 0.673338 0.702695 0.768926 0.816957 0.881575 0.534687 0.942882 0.391314 0.313005 0.000000 0.280093 0.605906 0.735217 0.640110 0.764961 0.375496 0.502126 0.795782 0.862790 0.678717 0.755697 0.457091 0.601035 0.673972 0.875331 0.980391 0.862143 0.649866 0.846274 0.940468 0.966097 0.726435 0.708347 0.817441 0.940740 0.866636 0.919632 0.928832 0.784880 0.832728 0.936246 0.867703 0.868900 0.840468 0.759111 0.919621 0.844880 0.677760 0.589950 0.365364 0.623987 0.731507 0.726787 0.892780 0.963836 0.774111 0.703224 0.703471 0.785333 0.817928 0.915665 0.851965 0.719473 0.974843 0.758061 0.853860 0.873378 0.694399 0.970222 0.495103 0.395560 0.862363 0.919529 0.969155 0.729993 0.892454 0.938424 0.883140 0.951699 0.768499 0.913077 0.919213 0.846103 0.885682 0.993365 0.807978 0.913956 0.864578 0.822601 0.943257 0.843580 0.957924 0.951591 0.995070 0.855193 0.975798 0.809695 0.842622 0.971369 0.979669 0.918883
0.947187 0.817714 0.300685 0.316484 0.949438 0.995425 0.572133 0.704622 0.859858 0.762014 0.752314 0.873841 0.900576 0.881203 0.759442 0.563827 0.746977 0.892282 0.706701 0.767536 0.542776 0.990466 0.418351 0.358621 0.280093 0.000000 0.816148 0.837914 0.770925 0.818715 0.360220 0.445329 0.701194 0.739343 0.694201 0.672230 0.443810 0.627937 0.778168 0.933595 0.933821 0.901569 0.479675 0.662026 0.805679 0.861197 0.572108 0.574248 0.877386 0.846437 0.691095 0.695555 0.772754 0.635473 0.741962 0.953441 0.903376 0.936940 0.973720 0.954554 0.889065 0.900293 0.684065 0.649656 0.333095 0.457347 0.566667 0.571465 0.834862 0.956815 0.626380 0.544268 0.565671 0.680340 0.876481 0.962586 0.729446 0.693707 0.961120 0.675887 0.913795 0.875330 0.786356 0.909145 0.524567 0.405129 0.836786 0.977545 0.877785 0.804856 0.647130 0.725400 0.670593 0.729442 0.725174 0.892183 0.745697 0.998761 0.897065 0.804422 0.919717 0.872138 0.998681 0.955032 0.772179 0.676104 0.805443 0.878932 0.832724 0.941009 0.836030 0.959067 0.965291 0.901839 0.846916 0.994135
0.833242 0.921846 0.883787 0.899899 0.741602 0.737651 0.874066 0.753179 0.826981 0.721813 0.707789 0.824507 0.948501 0.996417 0.882652 0.852897 0.954705 0.975276 0.994439 0.953514 0.666468 0.931997 0.734495 0.697776 0.605906 0.816148 0.000000 0.807230 0.760756 0.941233 0.795170 0.884454 0.954692 0.953606 0.899634 0.792950 0.695632 0.781313 0.794232 0.866681 0.821011 0.981145 0.967581 0.873618 0.934134 0.848594 0.935703 0.936846 0.830620 0.920821 0.977184 0.890962 0.883053 0.970603 0.981736 0.902990 0.969391 0.999465 0.893008 0.772090 0.865628 0.763473 0.972745 0.907524 0.761934 0.939924 0.956431 0.952467 0.966646 0.908447 0.989049 0.992406 0.922374 0.972681 0.932920 0.861131 0.984330 0.878995 0.978768 0.947267 0.948648 0.936951 0.790129 0.945493 0.748147 0.728482 0.971945 0.947709 0.962813 0.848057 0.871603 0.883473 0.889498 0.937612 0.894662 0.979157 0.930342 0.849123 0.896652 0.844874 0.680763 0.779003 0.912894 0.947882 0.899058 0.968308 0.773342 0.857437 0.888719 0.760204 0.826121 0.780855 0.785836 0.989070 0.918587 0.941334
0.912383 0.891132 0.863899 0.858481 0.985003 0.825627 0.982639 0.897942 0.856561 0.802170 0.743707 0.790411 0.903567 0.990412 0.894848 0.891446 0.877136 0.926567 0.927100 0.913414 0.830048 0.891333 0.792843 0.738793 0.735217 0.837914 0.807230 0.000000 0.812800 0.815201 0.782010 0.888506 0.900871 0.957518 0.819065 0.968278 0.765355 0.881130 0.989550 0.959820 0.887595 0.845557 0.979010 0.955866 0.978953 0.957062 0.999167 0.951459 0.862317 0.987823 0.973950 0.937731 0.944126 0.932978 0.991618 0.745023 0.997260 0.905096 0.902348 0.952609 0.898568 0.825274 0.875524 0.752575 0.843976 0.924194 0.937158 0.867846 0.894026 0.952985 0.978563 0.842682 0.893934 0.966835 0.926262 0.929540 0.916395 0.889818 0.941305 0.819279 0.939523 0.976008 0.936171 0.928528 0.861125 0.778481 0.930768 0.838565 0.868538 0.783211 0.963941 0.959471 0.985964 0.987728 0.996243 0.893527 0.963384 0.892036 0.894794 0.881861 0.847778 0.896537 0.960431 0.966428 0.960544 0.865872 0.955979 0.849385 0.948503 0.904675 0.951871 0.829366 0.834861 0.981280 0.866746 0.978914
0.427439 0.543247 0.993509 0.994559 0.818937 0.803705 0.647877 0.590745 0.607854 0.475178 0.352502 0.384993 0.495028 0.629193 0.727492 0.683334 0.305603 0.281371 0.588506 0.540480 0.778693 0.901582 0.958513 0.799240 0.640110 0.770925 0.760756 0.812800 0.000000 0.287844 0.980826 0.930937 0.560124 0.563020 0.861575 0.888567 0.974733 0.994655 0.743259 0.991185 0.898935 0.782725 0.905228 0.781098 0.532917 0.477778 0.821469 0.810506 0.593281 0.697164 0.692412 0.693425 0.788705 0.949552 0.718258 0.708715 0.511772 0.451299 0.473981 0.608433 0.509311 0.516335 0.344994 0.281832 0.908920 0.979008 0.808535 0.849644 0.738030 0.733119 0.843962 0.956304 0.865643 0.730640 0.923107 0.858486 0.789229 0.990536 0.518218 0.979980 0.331689 0.532549 0.718934 0.512073 0.865256 0.989811 0.945712 0.957139 0.727160 0.819999 0.871018 0.913098 0.915134 0.933941 0.786794 0.956342 0.635617 0.793572 0.582717 0.601481 0.743819 0.863109 0.568032 0.608150 0.641340 0.812124 0.849885 0.823295 0.775014 0.644232 0.754219 0.702432 0.665643 0.792430 0.799227 0.953012
0.490853 0.653109 0.954136 0.966843 0.778273 0.946061 0.670026 0.693740 0.670134 0.558116 0.370860 0.401117 0.393631 0.485592 0.612082 0.618820 0.385507 0.295716 0.612870 0.629327 0.914351 0.936046 0.888555 0.929301 0.764961 0.818715 0.941233 0.815201 0.287844 0.000000 0.922999 0.970461 0.551780 0.535578 0.889647 0.908848 0.913015 0.889790 0.905306 0.888986 0.966829 0.850350 0.981709 0.896542 0.685110 0.679007 0.922665 0.907407 0.825568 0.923212 0.830578 0.860289 0.914344 0.952153 0.864302 0.924936 0.574762 0.533320 0.525856 0.737590 0.508366 0.586592 0.284667 0.250678 0.999984 0.938247 0.805795 0.836860 0.867068 0.910404 0.864795 0.982786 0.973614 0.889731 0.945337 0.960981 0.795759 0.870341 0.566633 0.901152 0.304227 0.549669 0.671279 0.532981 0.744480 0.893259 0.902541 0.941537 0.758510 0.795188 0.937788 0.998339 0.972576 0.967855 0.857311 0.883837 0.795585 0.909676 0.692812 0.752477 0.781408 0.933132 0.662821 0.701449 0.682674 0.849963 0.945649 0.921588 0.946039 0.824905 0.902578 0.840911 0.881262 0.937600 0.875601 0.920230
0.811853 0.761433 0.369579 0.423432 0.870296 0.941381 0.558797 0.677346 0.845426 0.855292 0.970864 0.997430 0.683490 0.612108 0.510486 0.425337 0.959537 0.899660 0.543847 0.709998 0.645665 0.931183 0.294962 0.358247 0.375496 0.360220 0.795170 0.782010 0.980826 0.922999 0.000000 0.358534 0.438112 0.598045 0.563460 0.769887 0.452889 0.656527 0.877462 0.931064 0.861625 0.998643 0.582843 0.728725 0.766713 0.811132 0.700247 0.713384 0.824247 0.969601 0.779074 0.798313 0.861272 0.792789 0.804361 0.917076 0.878197 0.842933 0.846776 0.960045 0.680204 0.815079 0.975472 0.951140 0.379804 0.513514 0.566219 0.568252 0.810631 0.831728 0.686255 0.534012 0.668406 0.698120 0.793575 0.927693 0.843366 0.768219 0.790413 0.630232 0.890197 0.783637 0.564809 0.977862 0.384353 0.375834 0.809812 0.905575 0.796637 0.642713 0.764440 0.899314 0.792579 0.877473 0.660259 0.859745 0.731810 0.915398 0.917663 0.803445 0.942357 0.866562 0.995101 0.957490 0.701450 0.638766 0.797084 0.861598 0.901750 0.997305 0.870147 0.985816 0.971643 0.898986 0.882577 0.920882
0.890270 0.815769 0.542026 0.546724 0.968756 0.945118 0.696618 0.770446 0.983047 0.774463 0.962417 0.980802 0.827419 0.676281 0.735634 0.522969 0.890986 0.913591 0.661661 0.662186 0.726283 0.897156 0.437751 0.365170 0.502126 0.445329 0.884454 0.888506 0.930937 0.970461 0.358534 0.000000 0.579115 0.674379 0.748013 0.794592 0.640107 0.806329 0.785145 0.983871 0.953505 0.851271 0.682301 0.719736 0.907910 0.881301 0.740741 0.743806 0.803125 0.984492 0.888372 0.902232 0.995565 0.945830 0.839258 0.882593 0.899075 0.917748 0.996388 0.955704 0.819442 0.863120 0.927059 0.887663 0.518491 0.547014 0.694934 0.613342 0.953158 0.998422 0.863235 0.720680 0.757393 0.678473 0.816850 0.823016 0.977499 0.865884 0.831893 0.648774 0.938558 0.783124 0.677967 0.970638 0.515662 0.435154 0.884276 0.872895 0.922893 0.842467 0.853938 0.981233 0.866805 0.979925 0.704605 0.906308 0.870993 0.968892 0.993505 0.917651 0.921356 0.899722 0.934856 0.833815 0.726244 0.853565 0.956812 0.949546 0.875385 0.827418 0.976527 0.936485 0.975229 0.977797 0.927151 0.935537
0.357442 0.409387 0.471927 0.458320 0.733791 0.742413 0.359082 0.402292 0.626016 0.799762 0.571110 0.481823 0.337374 0.298806 0.421955 0.400492 0.585371 0.512107 0.278557 0.388031 0.774344 0.924963 0.404332 0.572299 0.795782 0.701194 0.954692 0.900871 0.560124 0.551780 0.438112 0.579115 0.000000 0.276361 0.510380 0.806261 0.592519 0.819268 0.992444 0.915054 0.778682 0.969858 0.567530 0.611079 0.597698 0.625223 0.594175 0.569436 0.941439 0.929596 0.740664 0.701864 0.843028 0.899801 0.775671 0.764393 0.491545 0.449692 0.416274 0.500909 0.316123 0.418973 0.494578 0.555791 0.460526 0.420602 0.399837 0.368649 0.705564 0.664515 0.586311 0.543084 0.767042 0.701571 0.779543 0.842174 0.719192 0.717469 0.569100 0.684001 0.496813 0.597879 0.561311 0.700079 0.347705 0.420355 0.865395 0.979089 0.609281 0.544828 0.681281 0.863480 0.734999 0.817573 0.710629 0.780815 0.598661 0.856455 0.570516 0.538398 0.751063 0.762341 0.691702 0.769052 0.487495 0.523247 0.808576 0.770636 0.761440 0.805621 0.717724 0.760188 0.800428 0.866693 0.716799 0.951197
0.313029 0.361874 0.445117 0.423036 0.782849 0.658718 0.281011 0.313032 0.493411 0.624299 0.493800 0.393186 0.359058 0.403084 0.475493 0.447599 0.557645 0.498917 0.325894 0.388213 0.789108 0.933451 0.479827 0.684585 0.862790 0.739343 0.953606 0.957518 0.563020 0.535578 0.598045 0.674379 0.276361 0.000000 0.515687 0.799907 0.692716 0.828179 0.941094 0.891333 0.806959 0.869562 0.461770 0.437369 0.535793 0.562700 0.503142 0.479017 0.974060 0.830790 0.633519 0.544484 0.700235 0.751769 0.708270 0.809139 0.548720 0.483330 0.378733 0.480468 0.318973 0.364363 0.526529 0.528705 0.491084 0.395425 0.307455 0.319603 0.657791 0.647021 0.484785 0.524044 0.755365 0.710480 0.747854 0.888767 0.561692 0.623442 0.588071 0.757693 0.466141 0.595666 0.656559 0.724990 0.437826 0.499876 0.917160 0.970975 0.524766 0.615803 0.530915 0.663193 0.558966 0.645091 0.657966 0.811531 0.533821 0.808563 0.423846 0.414105 0.647306 0.627833 0.568177 0.627194 0.431253 0.449249 0.730753 0.581290 0.731918 0.800036 0.692290 0.654385 0.671727 0.828706 0.648562 0.970496
0.652209 0.731681 0.447068 0.457051 0.678146 0.842618 0.454888 0.552921 0.666714 0.779739 0.863473 0.784435 0.662097 0.666391 0.552256 0.546474 0.835595 0.803050 0.461915 0.698541 0.768236 0.883828 0.478110 0.653566 0.678717 0.694201 0.899634 0.819065 0.861575 0.889647 0.563460 0.748013 0.510380 0.515687 0.000000 0.756941 0.677515 0.783058 0.936574 0.872528 0.786045 0.794953 0.520218 0.582465 0.605395 0.686438 0.599463 0.549751 0.939665 0.848569 0.662949 0.647144 0.614760 0.664603 0.701372 0.709674 0.844252 0.830952 0.633082 0.771206 0.607241 0.740765 0.826068 0.878985 0.420258 0.538837 0.367197 0.473942 0.808019 0.895068 0.493065 0.501761 0.685918 0.653070 0.983752 0.899926 0.640843 0.636095 0.791564 0.843466 0.764481 0.815989 0.758611 0.844240 0.501543 0.538111 0.797002 0.887665 0.745702 0.678907 0.479252 0.613543 0.558704 0.542408 0.672848 0.735107 0.589348 0.808873 0.629325 0.602681 0.798974 0.753727 0.699575 0.876413 0.670555 0.496222 0.921595 0.705372 0.714878 0.742430 0.730315 0.868893 0.806108 0.848249 0.851550 0.969937
0.924686 0.846297 0.733425 0.694746 0.835500 0.927045 0.744525 0.817678 0.923145 0.983781 0.894225 0.984644 0.943001 0.825998 0.774450 0.679289 0.996831 0.929561 0.713418 0.842396 0.840359 0.942535 0.712029 0.716793 0.755697 0.672230 0.792950 0.968278 0.888567 0.908848 0.769887 0.794592 0.806261 0.799907 0.756941 0.000000 0.655578 0.907030 0.870596 0.937284 0.817990 0.861313 0.693839 0.790273 0.772071 0.879104 0.875833 0.774911 0.938157 0.946164 0.724239 0.718158 0.674647 0.662244 0.835545 0.952727 0.918373 0.905678 0.975967 0.927854 0.960285 0.975854 0.946993 0.906612 0.740881 0.727308 0.653605 0.663419 0.917739 0.795361 0.683395 0.713891 0.829167 0.845176 0.978437 0.938236 0.765291 0.951994 0.896369 0.981636 0.959426 0.992017 0.773876 0.970800 0.734422 0.662091 0.884608 0.961489 0.864655 0.883485 0.674666 0.760152 0.646648 0.720219 0.944905 0.922738 0.831769 0.925812 0.816150 0.903279 0.796285 0.771394 0.824105 0.919749 0.874396 0.822910 0.985434 0.854108 0.833934 0.926743 0.880196 0.832151 0.931837 0.983507 0.993194 0.986241
0.786620 0.815861 0.447199 0.531688 0.831595 0.972803 0.655736 0.828463 0.848873 0.876695 0.914848 0.937875 0.787442 0.725301 0.589256 0.476774 0.953231 0.797889 0.586980 0.761614 0.703612 0.900831 0.455398 0.560395 0.457091 0.443810 0.695632 0.765355 0.974733 0.913015 0.452889 0.640107 0.592519 0.692716 0.677515 0.655578 0.000000 0.507927 0.796368 0.811854 0.846079 0.932191 0.703230 0.862130 0.789065 0.863537 0.638594 0.755266 0.888058 0.883752 0.724671 0.744798 0.837399 0.763751 0.784904 0.902537 0.855382 0.831712 0.814938 0.999837 0.834922 0.978556 0.939759 0.990797 0.495936 0.684152 0.628248 0.599646 0.803247 0.894043 0.642945 0.585145 0.694838 0.694262 0.966096 0.964406 0.772993 0.700513 0.718631 0.855804 0.784293 0.820844 0.659920 0.855540 0.483398 0.484053 0.964217 0.938115 0.721792 0.651619 0.801276 0.810194 0.792689 0.827563 0.796081 0.854948 0.807948 0.942666 0.840705 0.811538 0.969623 0.953882 0.835626 0.897124 0.750757 0.790032 0.863312 0.822397 0.806306 0.964927 0.855172 0.916746 0.988350 0.887571 0.968223 0.939215
0.917649 0.986054 0.665282 0.699200 0.862635 0.910846 0.777879 0.914608 0.876460 0.935699 0.912827 0.945826 0.813318 0.886736 0.701583 0.687143 0.996459 0.900995 0.837266 0.940246 0.707900 0.975250 0.669059 0.742480 0.601035 0.627937 0.781313 0.881130 0.994655 0.889790 0.656527 0.806329 0.819268 0.828179 0.783058 0.907030 0.507927 0.000000 0.760022 0.972902 0.931730 0.884898 0.842694 0.895779 0.874975 0.982053 0.785034 0.856788 0.857250 0.978289 0.832826 0.839460 0.881974 0.788629 0.865709 0.995553 0.951330 0.999078 0.864372 0.918538 0.913491 0.944011 0.978799 0.995079 0.668652 0.833439 0.738456 0.763743 0.956679 0.950262 0.706287 0.763160 0.673728 0.837372 0.997787 0.857238 0.810724 0.851607 0.950837 0.874730 0.924382 0.905285 0.818143 0.946941 0.742164 0.714641 0.957234 0.815005 0.915759 0.933290 0.788655 0.799173 0.805355 0.804402 0.821883 0.868582 0.789489 0.830763 0.935441 0.925433 0.971607 0.961181 0.916487 0.893183 0.941400 0.815993 0.780472 0.784082 0.859112 0.904902 0.955338 0.997860 0.987922 0.678099 0.990260 0.779148
