0.000000 0.704336 0.788993 0.843691 0.933117 0.920485 0.906413 0.848244 0.863660 0.893442 0.657259 0.854572 0.888296 0.891459 0.986225 0.967619 0.735018 0.597925 0.866751 0.870122 0.952360 0.949178 0.937997 0.918991 0.937835 0.989082 0.881430 0.833645 0.779712 0.788379 0.916962 0.800608 0.830994 0.702238 0.962476 0.861888 0.905183 0.907905 0.875934 0.926314 0.856601 0.736416 0.800525 0.761746 0.708782 0.634386 0.821264 0.696554 0.673303 0.706375 0.651696 0.622871 0.702819 0.850971 0.905932 0.731047 0.617816 0.688673 0.684600 0.698879 0.774122 0.994542 0.616169 0.603308 0.829950 0.869393 0.809668 0.820771 0.892297 0.790203 0.980120 0.971172 0.997988 0.958613 0.876375 0.986368 0.946994 0.964442 0.693597 0.945758 0.544844 0.730090 0.841329 0.690470 0.998515 0.993174 0.900859 0.980091 0.985087 0.865475 0.988958 0.829320 0.993829 0.812857 0.929648 0.961932 0.887959 0.849981 0.753621 0.929036 0.963503 0.957270 0.727508 0.755058 0.967004 0.897909 0.994822 0.826444 0.938033 0.975633 0.916254 0.975032 0.882786 0.837937 0.857555 0.948725
0.704336 0.000000 0.832502 0.903207 0.841521 0.907097 0.839115 0.938370 0.678875 0.619311 0.990764 0.829178 0.949992 0.945167 0.940524 0.963149 0.764907 0.659135 0.926214 0.944665 0.918932 0.904966 0.858989 0.971131 0.799007 0.728696 0.974931 0.732990 0.994722 0.973147 0.969336 0.973539 0.888204 0.841181 0.832075 0.767222 0.926475 0.996420 0.883562 0.739498 0.763490 0.701312 0.696099 0.700175 0.853633 0.748104 0.598863 0.754532 0.916679 0.845121 0.729879 0.649852 0.877249 0.994332 0.805047 0.754418 0.580668 0.562209 0.684390 0.722103 0.983092 0.818356 0.685196 0.748850 0.979788 0.847986 0.681311 0.650080 0.852172 0.816192 0.945053 0.913126 0.938716 0.958706 0.926755 0.892547 0.904441 0.822444 0.854250 0.802595 0.728550 0.652128 0.769220 0.654394 0.893066 0.696423 0.968299 0.985692 0.947845 0.831190 0.994948 0.877982 0.752351 0.907623 0.885429 0.998428 0.894593 0.978387 0.984633 0.955345 0.923033 0.937660 0.941707 0.895329 0.863449 0.832696 0.968890 0.899061 0.914048 0.940851 0.994065 0.923335 0.914396 0.910468 0.762788 0.967941
0.788993 0.832502 0.000000 0.627929 0.893375 0.979414 0.599826 0.680869 0.719587 0.786987 0.958974 0.854411 0.682402 0.715807 0.775069 0.705648 0.810306 0.836366 0.803771 0.867394 0.780981 0.907390 0.650189 0.625407 0.773301 0.956495 0.900338 0.846294 0.912030 0.958095 0.781434 0.860152 0.820712 0.970660 0.951806 0.963754 0.953452 0.942849 0.819249 0.912624 0.922028 0.992160 0.959632 0.989569 0.936485 0.828200 0.990274 0.973500 0.783047 0.845589 0.760574 0.794035 0.984469 0.990400 0.870427 0.777128 0.843243 0.632747 0.657280 0.696480 0.839554 0.652088 0.686736 0.743707 0.600139 0.804917 0.903415 0.844484 0.925727 0.784132 0.852053 0.811592 0.901535 0.870734 0.944247 0.795009 0.948441 0.960320 0.970220 0.962469 0.753148 0.952907 0.989980 0.907058 0.788348 0.849683 0.875532 0.891094 0.680220 0.881101 0.966230 0.733498 0.980617 0.695262 0.988396 0.877299 0.949250 0.990417 0.963890 0.817122 0.954533 0.930180 0.766027 0.810171 0.951065 0.940619 0.845773 0.984539 0.985588 0.933989 0.877772 0.911453 0.896050 0.839103 0.962820 0.981822
0.843691 0.903207 0.627929 0.000000 0.908572 0.954334 0.823420 0.501301 0.963518 0.974717 0.894957 0.950119 0.994426 0.902933 0.801034 0.980690 0.867692 0.907457 0.980890 0.909382 0.858592 0.918501 0.981813 0.779101 0.734887 0.817140 0.925236 0.997990 0.756620 0.840288 0.961217 0.944857 0.910518 0.882984 0.945781 0.935671 0.943892 0.949040 0.712654 0.873307 0.964086 0.984945 0.996965 0.983615 0.667722 0.725417 0.946123 0.952921 0.663552 0.814503 0.733785 0.819409 0.813804 0.801698 0.904107 0.891452 0.977977 0.860351 0.856423 0.970516 0.852093 0.911414 0.741417 0.726773 0.831106 0.686697 0.990473 0.930549 0.866430 0.940296 0.878160 0.924440 0.984871 0.947955 0.838995 0.917637 0.944441 0.929675 0.954070 0.928065 0.780756 0.908947 0.835332 0.935938 0.991449 0.850089 0.978271 0.999241 0.781035 0.897991 0.914850 0.829831 0.938881 0.772604 0.876836 0.995608 0.976170 0.913689 0.718537 0.916625 0.945548 0.948754 0.798439 0.835797 0.876788 0.919104 0.835748 0.979516 0.875313 0.903268 0.993118 0.708220 0.949492 0.919768 0.948267 0.857751
0.933117 0.841521 0.893375 0.908572 0.000000 0.921930 0.760230 0.935165 0.733765 0.829256 0.988598 0.899145 0.690887 0.802111 0.738449 0.678816 0.978245 0.949958 0.824647 0.992350 0.831315 0.997295 0.652161 0.731343 0.998020 0.823710 0.932068 0.872982 0.926975 0.991998 0.998509 0.975359 0.925063 0.967027 0.918497 0.991622 0.855001 0.954367 0.892725 0.819776 0.945183 0.798004 0.962518 0.802417 0.928995 0.895360 0.908829 0.935354 0.932436 0.881088 0.891096 0.968337 0.985715 0.920220 0.915998 0.991547 0.761180 0.797767 0.875883 0.785469 0.733458 0.801779 0.909629 0.997870 0.684285 0.886155 0.954783 0.845568 0.825854 0.752991 0.875904 0.996565 0.960910 0.974728 0.944954 0.899787 0.877026 0.967032 0.965198 0.938785 0.798525 0.938318 0.843073 0.851721 0.622321 0.890267 0.786269 0.795875 0.928571 0.899952 0.682291 0.691300 0.951644 0.695293 0.892649 0.958222 0.870053 0.750582 0.859526 0.710927 0.902256 0.848491 0.887300 0.890989 0.930636 0.966842 0.992615 0.833193 0.992899 0.791349 0.844748 0.945020 0.930784 0.989662 0.968436 0.851092
0.920485 0.907097 0.979414 0.954334 0.921930 0.000000 0.968341 0.948632 0.895925 0.814686 0.978424 0.935805 0.965484 0.988950 0.924311 0.891542 0.969993 0.850879 0.885958 0.893696 0.872741 0.915257 0.958233 0.878803 0.650026 0.655208 0.956404 0.669132 0.893598 0.802597 0.975400 0.829813 0.885993 0.932946 0.664352 0.874577 0.939366 0.976817 0.855805 0.765842 0.736663 0.973526 0.950987 0.809336 0.853187 0.782501 0.915079 0.838748 0.724444 0.693613 0.899002 0.952944 0.863260 0.756573 0.983960 0.904617 0.880043 0.884229 0.913003 0.964413 0.904611 0.966443 0.938678 0.914849 0.707651 0.650504 0.673139 0.708744 0.817398 0.840587 0.972268 0.757886 0.885253 0.913230 0.894795 0.915293 0.906072 0.851726 0.892370 0.961277 0.933150 0.859829 0.875102 0.937300 0.735689 0.627029 0.820037 0.889381 0.963938 0.921372 0.793805 0.946799 0.743076 0.919618 0.866877 0.877412 0.980806 0.918646 0.918220 0.990714 0.957211 0.928545 0.857778 0.831410 0.856311 0.860758 0.795103 0.883547 0.956499 0.968704 0.966732 0.964420 0.907703 0.963533 0.912100 0.807378
0.906413 0.839115 0.599826 0.823420 0.760230 0.968341 0.000000 0.593750 0.666562 0.548954 0.857215 0.924782 0.538375 0.759972 0.659682 0.703855 0.972309 0.968644 0.495263 0.757965 0.671659 0.911204 0.533835 0.746318 0.977873 0.632994 0.936998 0.812150 0.733236 0.676293 0.787892 0.656294 0.729384 0.881496 0.842979 0.895671 0.788088 0.868860 0.856525 0.687030 0.904676 0.918231 0.834567 0.811915 0.919011 0.797695 0.742448 0.935176 0.816192 0.899880 0.682690 0.749658 0.984762 0.923116 0.902725 0.782717 0.785123 0.673537 0.710332 0.776728 0.692650 0.747855 0.897662 0.965837 0.743759 0.936164 0.858778 0.672491 0.798923 0.701632 0.846321 0.719154 0.781471 0.830967 0.853588 0.887970 0.978486 0.979391 0.896089 0.911513 0.936341 0.980625 0.931068 0.873930 0.724120 0.930587 0.954057 0.725340 0.739058 0.971268 0.668359 0.604894 0.862090 0.670271 0.993629 0.975988 0.930148 0.842101 0.886494 0.724831 0.992530 0.717278 0.833057 0.808193 0.971710 0.878062 0.829597 0.961367 0.957891 0.966342 0.917966 0.998768 0.948163 0.886556 0.850624 0.867712
0.848244 0.938370 0.680869 0.501301 0.935165 0.948632 0.593750 0.000000 0.885547 0.697468 0.905713 0.905509 0.930640 0.985306 0.866511 0.983401 0.998704 0.995650 0.761723 0.828824 0.709431 0.953400 0.965691 0.894683 0.917859 0.934749 0.922588 0.868679 0.998456 0.879925 0.979170 0.754101 0.955110 0.957670 0.778547 0.949531 0.917404 0.917856 0.920185 0.907465 0.976202 0.997808 0.771670 0.846818 0.592019 0.646945 0.821825 0.913902 0.649312 0.827891 0.642814 0.699032 0.840351 0.743241 0.969251 0.852126 0.895917 0.770486 0.848694 0.985103 0.986475 0.860165 0.895127 0.905303 0.996509 0.907397 0.944512 0.899886 0.998828 0.826743 0.936811 0.724177 0.841414 0.940039 0.729384 0.995495 0.973872 0.978946 0.878053 0.879649 0.908731 0.936502 0.687963 0.794019 0.919769 0.889422 0.852352 0.958126 0.872293 0.980876 0.893827 0.816257 0.886465 0.790869 0.995849 0.926582 0.931252 0.976694 0.838826 0.991597 0.925022 0.905923 0.924706 0.797989 0.942631 0.982257 0.815151 0.968734 0.957379 0.986677 0.886878 0.766973 0.840826 0.916639 0.837281 0.920119
0.863660 0.678875 0.719587 0.963518 0.733765 0.895925 0.666562 0.885547 0.000000 0.478166 0.895415 0.988736 0.646775 0.778659 0.657483 0.593161 0.906855 0.786405 0.598161 0.884586 0.870695 0.900065 0.556603 0.709293 0.867612 0.721040 0.873230 0.737941 0.812248 0.753283 0.689443 0.860046 0.974255 0.970275 0.935346 0.865340 0.855637 0.907068 0.786828 0.708830 0.792295 0.870593 0.973072 0.964687 0.875160 0.999997 0.757539 0.861197 0.893675 0.873289 0.869355 0.926086 0.800282 0.696436 0.784896 0.827314 0.683336 0.623464 0.682830 0.693096 0.915127 0.710563 0.736068 0.829076 0.765518 0.817403 0.733516 0.588167 0.796915 0.821560 0.763088 0.854240 0.913526 0.966193 0.801302 0.951523 0.919685 0.993136 0.948560 0.947550 0.851376 0.815643 0.988755 0.741428 0.847610 0.804432 0.909136 0.785946 0.886118 0.894418 0.802953 0.588793 0.820306 0.706707 0.945256 0.952418 0.850616 0.855182 0.846781 0.740469 0.862330 0.738868 0.932427 0.995082 0.806354 0.881869 0.910080 0.968906 0.998096 0.857265 0.971906 0.882500 0.906045 0.962936 0.884582 0.917658
0.893442 0.619311 0.786987 0.974717 0.829256 0.814686 0.548954 0.697468 0.478166 0.000000 0.798006 0.943402 0.724639 0.898418 0.745112 0.754529 0.968085 0.882891 0.546611 0.833344 0.771082 0.983180 0.641661 0.891630 0.763428 0.593874 0.989808 0.705155 0.725386 0.628590 0.738084 0.729128 0.958699 0.920548 0.737548 0.786311 0.817774 0.909954 0.744385 0.635006 0.816613 0.818363 0.779450 0.859694 0.960695 0.900710 0.582966 0.821793 0.932952 0.920212 0.744002 0.791324 0.869034 0.857335 0.885346 0.776503 0.706551 0.617880 0.710999 0.792442 0.914894 0.804849 0.822058 0.933801 0.967014 0.670781 0.661653 0.518921 0.810562 0.800150 0.845257 0.749171 0.793778 0.931955 0.975420 0.975818 0.901198 0.955438 0.948564 0.987383 0.953893 0.813523 0.857826 0.717658 0.993634 0.615659 0.938828 0.832829 0.883946 0.979473 0.800555 0.612108 0.856770 0.708362 0.892393 0.982702 0.871290 0.879621 0.927351 0.808330 0.929053 0.771614 0.993039 0.895059 0.793144 0.802909 0.924042 0.960729 0.950685 0.928182 0.920821 0.991487 0.948289 0.974631 0.773642 0.936003
0.657259 0.990764 0.958974 0.894957 0.988598 0.978424 0.857215 0.905713 0.895415 0.798006 0.000000 0.770927 0.754992 0.840843 0.863552 0.888295 0.753327 0.656903 0.724721 0.805149 0.957684 0.976717 0.941230 0.992593 0.925985 0.886350 0.902092 0.964824 0.655918 0.619489 0.751776 0.781767 0.669077 0.688721 0.882317 0.973655 0.932680 0.962192 0.822584 0.992201 0.975229 0.808802 0.962869 0.894394 0.889693 0.877603 0.859128 0.929782 0.844819 0.851758 0.865457 0.867452 0.782012 0.915842 0.979825 0.784688 0.889032 0.918351 0.876156 0.829157 0.753955 0.778950 0.783067 0.628017 0.892309 0.825370 0.864175 0.994001 0.994885 0.938002 0.890059 0.892875 0.985002 0.963182 0.996887 0.972027 0.983530 0.997284 0.845573 0.913898 0.748208 0.718392 0.980842 0.844273 0.943475 0.865641 0.843803 0.991062 0.958884 0.849065 0.922071 0.897329 0.992041 0.853462 0.880072 0.966913 0.898609 0.932946 0.822462 0.903587 0.870068 0.891597 0.803608 0.909327 0.926186 0.969731 0.989601 0.962349 0.889020 0.961674 0.997873 0.959693 0.975537 0.848368 0.952180 0.952607
0.854572 0.829178 0.854411 0.950119 0.899145 0.935805 0.924782 0.905509 0.988736 0.943402 0.770927 0.000000 0.778539 0.630600 0.937032 0.796012 0.873692 0.845325 0.933004 0.866966 0.823149 0.994375 0.928261 0.814737 0.828212 0.875820 0.916828 0.959394 0.831383 0.982586 0.911720 0.951350 0.662221 0.786713 0.772678 0.816544 0.930651 0.949688 0.976226 0.907483 0.978384 0.911729 0.915762 0.890612 0.909425 0.949690 0.880946 0.973973 0.979958 0.910951 0.816804 0.800090 0.882539 0.917212 0.914770 0.727969 0.896711 0.992118 0.841438 0.941481 0.751603 0.647171 0.880735 0.811791 0.908556 0.792297 0.691554 0.788523 0.984806 0.986686 0.910402 0.917505 0.927848 0.841890 0.944190 0.798462 0.981084 0.945756 0.923523 0.900997 0.982832 0.761519 0.893459 0.860761 0.873095 0.837252 0.934999 0.872732 0.980192 0.744601 0.912564 0.922750 0.848490 0.964511 0.980602 0.959434 0.777525 0.984309 0.878897 0.852074 0.829390 0.897699 0.847214 0.948877 0.968740 0.843982 0.946591 0.972397 0.955742 0.931979 0.922836 0.991888 0.856400 0.946575 0.902638 0.942765
0.888296 0.949992 0.682402 0.994426 0.690887 0.965484 0.538375 0.930640 0.646775 0.724639 0.754992 0.778539 0.000000 0.558083 0.452168 0.452511 0.945725 0.860281 0.510220 0.703475 0.821089 0.949791 0.438657 0.589818 0.926888 0.766954 0.968627 0.898923 0.688142 0.686772 0.709499 0.722622 0.616903 0.786992 0.933585 0.984828 0.887432 0.969967 0.908318 0.847532 0.941916 0.969302 0.870576 0.913017 0.737787 0.910784 0.998081 0.997554 0.922675 0.936677 0.998447 0.920047 0.768370 0.846863 0.854294 0.983445 0.946564 0.809989 0.824672 0.739478 0.556197 0.673336 0.932431 0.945291 0.575334 0.982841 0.969815 0.802240 0.861232 0.805133 0.767393 0.900264 0.843312 0.779950 0.986649 0.816659 0.827439 0.853408 0.905770 0.968789 0.930199 0.957058 0.822733 0.955425 0.561152 0.886045 0.856529 0.677779 0.738145 0.832581 0.757058 0.699328 0.927535 0.781708 0.944662 0.968876 0.896837 0.857713 0.752282 0.589140 0.974705 0.705928 0.905248 0.993778 0.875214 0.970238 0.953068 0.983170 0.955709 0.922913 0.972348 0.879648 0.895894 0.982444 0.895012 0.993288
0.891459 0.945167 0.715807 0.902933 0.802111 0.988950 0.759972 0.985306 0.778659 0.898418 0.840843 0.630600 0.558083 0.000000 0.615536 0.557296 0.910428 0.971477 0.710149 0.722363 0.838357 0.814427 0.554269 0.549200 0.852635 0.953186 0.866553 0.936840 0.775740 0.869410 0.821228 0.811209 0.695617 0.843810 0.774596 0.834144 0.877779 0.892103 0.989916 0.867296 0.897558 0.984823 0.841309 0.858504 0.784468 0.866774 0.990943 0.870836 0.906044 0.820393 0.956230 0.777872 0.820187 0.756424 0.960080 0.982251 0.970446 0.884710 0.999452 0.927393 0.722145 0.649273 0.906494 0.960495 0.612856 0.851356 0.920082 0.969653 0.935141 0.980022 0.900468 0.970414 0.976439 0.821793 0.850852 0.694000 0.821019 0.864999 0.902953 0.972116 0.866250 0.936046 0.714859 0.831913 0.624714 0.753352 0.912089 0.703874 0.749384 0.692523 0.898794 0.871526 0.935343 0.891708 0.984106 0.945737 0.979422 0.845013 0.935232 0.699280 0.989245 0.907633 0.988128 0.963429 0.839021 0.919762 0.949616 0.978350 0.994614 0.910900 0.880526 0.930032 0.988613 0.996665 0.876427 0.880164
0.986225 0.940524 0.775069 0.801034 0.738449 0.924311 0.659682 0.866511 0.657483 0.745112 0.863552 0.937032 0.452168 0.615536 0.000000 0.464902 0.998736 0.917053 0.627284 0.830823 0.901023 0.933101 0.409408 0.674095 0.973393 0.796434 0.854061 0.941504 0.612265 0.684721 0.704579 0.776062 0.659343 0.854590 0.914172 0.945612 0.875244 0.926175 0.814889 0.793912 0.896758 0.954523 0.874103 0.921437 0.680773 0.842590 0.949933 0.988006 0.826260 0.859684 0.970330 0.911181 0.782278 0.754158 0.915771 0.876268 0.884491 0.866235 0.800881 0.715608 0.702431 0.824921 0.910138 0.987832 0.582710 0.868222 0.879993 0.703718 0.725947 0.800658 0.895495 0.986987 0.815631 0.864502 0.834586 0.848256 0.849302 0.881843 0.925716 0.997178 0.947521 0.942607 0.715487 0.948900 0.582336 0.903518 0.800375 0.674589 0.854092 0.877104 0.804214 0.680903 0.996438 0.790028 0.934044 0.990579 0.837108 0.751920 0.784366 0.617363 0.905316 0.823707 0.902515 0.967200 0.937948 0.933146 0.927902 0.994980 0.981966 0.944493 0.981138 0.763962 0.870765 0.981602 0.905660 0.975269
0.967619 0.963149 0.705648 0.980690 0.678816 0.891542 0.703855 0.983401 0.593161 0.754529 0.888295 0.796012 0.452511 0.557296 0.464902 0.000000 0.991098 0.943936 0.668513 0.759523 0.901956 0.961630 0.444340 0.527591 0.840760 0.905462 0.785222 0.966582 0.709323 0.794664 0.723035 0.851485 0.743839 0.944587 0.894161 0.995358 0.981966 0.929269 0.946104 0.872835 0.956632 0.959807 0.832772 0.891968 0.788392 0.926302 0.970983 0.945661 0.921226 0.952999 0.937256 0.959831 0.794411 0.784833 0.853278 0.966101 0.915138 0.821193 0.746885 0.644174 0.780776 0.756360 0.839953 0.928080 0.498486 0.963882 0.881942 0.744871 0.784025 0.802098 0.806558 0.944732 0.888219 0.818391 0.872275 0.778882 0.848751 0.892720 0.903909 0.985992 0.843203 0.947747 0.695400 0.940629 0.545534 0.820422 0.864857 0.629731 0.819254 0.728677 0.822492 0.625789 0.987562 0.665002 0.924329 0.942336 0.821320 0.713645 0.861003 0.655921 0.925534 0.833229 0.823879 0.924604 0.921145 0.931563 0.894602 0.978840 0.997042 0.939648 0.894492 0.847782 0.848825 0.959715 0.865024 0.877136
0.735018 0.764907 0.810306 0.867692 0.978245 0.969993 0.972309 0.998704 0.906855 0.968085 0.753327 0.873692 0.945725 0.910428 0.998736 0.991098 0.000000 0.594742 0.897950 0.953436 0.954922 0.970459 0.892842 0.809484 0.890558 0.952529 0.810849 0.903491 0.828125 0.701565 0.880267 0.842744 0.812333 0.694719 0.995092 0.970776 0.961110 0.998385 0.854773 0.946686 0.937549 0.933714 0.978489 0.864797 0.893974 0.823561 0.947677 0.958665 0.916523 0.878086 0.830487 0.870360 0.904975 0.988150 0.913109 0.771180 0.748369 0.700544 0.809323 0.904855 0.844737 0.924730 0.586926 0.592909 0.788872 0.847379 0.910163 0.906347 0.971093 0.889556 0.977713 0.894381 0.985361 0.981996 0.900953 0.889340 0.910654 0.988065 0.770208 0.772319 0.604743 0.781756 0.985217 0.868143 0.936373 0.929321 0.854965 0.930233 0.966984 0.902854 0.885295 0.933046 0.980543 0.842445 0.968462 0.959861 0.895860 0.873650 0.880432 0.996891 0.978154 0.929193 0.810189 0.819499 0.951718 0.944579 0.989663 0.999116 0.978647 0.977260 0.867598 0.902866 0.904496 0.883033 0.924951 0.970606
0.597925 0.659135 0.836366 0.907457 0.949958 0.850879 0.968644 0.995650 0.786405 0.882891 0.656903 0.845325 0.860281 0.971477 0.917053 0.943936 0.594742 0.000000 0.888741 0.839777 0.993937 0.945118 0.981558 0.915384 0.884651 0.981850 0.890444 0.757855 0.804872 0.736709 0.844401 0.891301 0.729705 0.755634 0.992284 0.880031 0.888046 0.990057 0.925615 0.838640 0.852201 0.782806 0.956506 0.839426 0.906300 0.848520 0.833154 0.872635 0.918964 0.932859 0.830259 0.830355 0.917639 0.913582 0.824196 0.759773 0.636393 0.611845 0.805618 0.802557 0.807622 0.882431 0.597788 0.556118 0.922661 0.921325 0.806346 0.843011 0.906067 0.926064 0.984505 0.975364 0.875009 0.915672 0.984977 0.945006 0.873380 0.901686 0.746764 0.803159 0.625113 0.547305 0.832429 0.670951 0.913105 0.873507 0.992692 0.898842 0.996166 0.894686 0.925831 0.932435 0.870807 0.937752 0.979754 0.947311 0.872735 0.928074 0.869879 0.949582 0.937413 0.920858 0.894748 0.916344 0.903268 0.876668 0.864392 0.950381 0.890163 0.997611 0.969983 0.960456 0.967455 0.829852 0.847378 0.995074
0.866751 0.926214 0.803771 0.980890 0.824647 0.885958 0.495263 0.761723 0.598161 0.546611 0.724721 0.933004 0.510220 0.710149 0.627284 0.668513 0.897950 0.888741 0.000000 0.674885 0.774626 0.915587 0.545885 0.791993 0.816510 0.616616 0.967955 0.801159 0.665608 0.578317 0.710896 0.665375 0.755223 0.724754 0.844704 0.994579 0.761212 0.913172 0.727141 0.701557 0.928695 0.987609 0.982432 0.997916 0.889188 0.958457 0.778078 0.976563 0.898684 0.819059 0.902794 0.973781 0.771632 0.870333 0.873143 0.879951 0.923757 0.814652 0.880062 0.934162 0.679234 0.780612 0.939430 0.903234 0.840995 0.799641 0.900855 0.707515 0.932432 0.825061 0.791139 0.856461 0.806744 0.874668 0.920404 0.952068 0.834131 0.984763 0.967434 0.949196 0.923578 0.973321 0.943426 0.932257 0.756131 0.875083 0.972056 0.669062 0.803599 0.903279 0.688636 0.641306 0.898479 0.767811 0.952398 0.899686 0.977091 0.855153 0.834118 0.699183 0.987577 0.733108 0.969625 0.928701 0.919384 0.922035 0.887159 0.819459 0.970023 0.939249 0.963529 0.870635 0.878760 0.959950 0.968275 0.919610
0.870122 0.944665 0.867394 0.909382 0.992350 0.893696 0.757965 0.828824 0.884586 0.833344 0.805149 0.866966 0.703475 0.722363 0.830823 0.759523 0.953436 0.839777 0.674885 0.000000 0.759186 0.854519 0.778414 0.818164 0.981778 0.894076 0.983730 0.883675 0.810263 0.709553 0.882547 0.756504 0.856309 0.878718 0.869237 0.912315 0.895791 0.875703 0.931692 0.901995 0.955608 0.982970 0.957537 0.855694 0.980668 0.966947 0.923858 0.987694 0.982302 0.940663 0.958348 0.985714 0.992111 0.985353 0.970312 0.855588 0.910618 0.924960 0.939724 0.990648 0.895823 0.906344 0.957607 0.965704 0.881205 0.983473 0.936511 0.840674 0.979266 0.956054 0.783362 0.831952 0.879549 0.818018 0.811832 0.990670 0.805131 0.993287 0.846248 0.976651 0.975960 0.863103 0.897049 0.851848 0.883460 0.982817 0.991424 0.752398 0.778197 0.822241 0.970184 0.887817 0.945403 0.881643 0.964625 0.884673 0.990874 0.996066 0.879666 0.852551 0.983108 0.866760 0.968562 0.980108 0.952422 0.963309 0.901598 0.850267 0.956278 0.936699 0.990118 0.922585 0.999113 0.916438 0.987060 0.996572
0.952360 0.918932 0.780981 0.858592 0.831315 0.872741 0.671659 0.709431 0.870695 0.771082 0.957684 0.823149 0.821089 0.838357 0.901023 0.901956 0.954922 0.993937 0.774626 0.759186 0.000000 0.908292 0.761201 0.876948 0.940144 0.844294 0.961977 0.861274 0.921871 0.864085 0.970620 0.750272 0.928873 0.999102 0.936626 0.994007 0.844275 0.850700 0.897239 0.731840 0.937108 0.882832 0.844132 0.895422 0.870938 0.813839 0.882966 0.979713 0.863247 0.975943 0.827284 0.896977 0.994085 0.983571 0.998828 0.941424 0.831631 0.733040 0.877698 0.943462 0.843194 0.791988 0.891539 0.932063 0.892330 0.940639 0.906749 0.828107 0.939487 0.748712 0.861703 0.856330 0.718121 0.821391 0.917141 0.999628 0.931892 0.984958 0.899687 0.959713 0.856031 0.980660 0.990034 0.877693 0.850861 0.971991 0.987907 0.860154 0.962774 0.965890 0.853099 0.756993 0.971789 0.774221 0.935470 0.869403 0.973178 0.965433 0.931338 0.908780 0.929266 0.750158 0.953252 0.800317 0.985173 0.994456 0.886831 0.903209 0.960847 0.930627 0.993005 0.972055 0.936515 0.954715 0.823806 0.878120
0.949178 0.904966 0.907390 0.918501 0.997295 0.915257 0.911204 0.953400 0.900065 0.983180 0.976717 0.994375 0.949791 0.814427 0.933101 0.961630 0.970459 0.945118 0.915587 0.854519 0.908292 0.000000 0.947694 0.898281 0.927086 0.997411 0.988671 0.951034 0.986740 0.952753 0.934907 0.926469 0.945514 0.997889 0.951339 0.937113 0.854657 0.862714 0.967331 0.972932 0.969668 0.946389 0.954387 0.949282 0.878839 0.931298 0.955207 0.960312 0.900603 0.969613 0.887316 0.953540 0.803852 0.908146 0.979215 0.958293 0.956786 0.970587 0.977293 0.968453 0.937595 0.885019 0.979301 0.919176 0.906245 0.987878 0.981653 0.959995 0.960235 0.973711 0.928948 0.890886 0.981505 0.984651 0.985537 0.926082 0.914035 0.996301 0.950999 0.826254 0.933125 0.918801 0.985909 0.914046 0.895991 0.964099 0.870900 0.911992 0.846494 0.924313 0.996494 0.942279 0.935431 0.897458 0.878186 0.783381 0.976087 0.929001 0.836568 0.947969 0.984552 0.836821 0.959280 0.877921 0.854293 0.890797 0.986024 0.961158 0.866454 0.993082 0.944162 0.926241 0.961067 0.927874 0.950020 0.993275
0.937997 0.858989 0.650189 0.981813 0.652161 0.958233 0.533835 0.965691 0.556603 0.641661 0.941230 0.928261 0.438657 0.554269 0.409408 0.444340 0.892842 0.981558 0.545885 0.778414 0.761201 0.947694 0.000000 0.538596 0.949416 0.708545 0.803789 0.898101 0.715898 0.736819 0.734235 0.764983 0.716397 0.950523 0.932565 0.976246 0.828265 0.950373 0.841756 0.672092 0.906143 0.922851 0.946110 0.987740 0.788028 0.973260 0.879823 0.986213 0.922487 0.907817 0.871275 0.955508 0.805061 0.754516 0.830246 0.831429 0.806836 0.775458 0.769874 0.722394 0.682848 0.734819 0.843300 0.925074 0.504899 0.963579 0.835896 0.669098 0.765685 0.777305 0.861438 0.959074 0.781198 0.830775 0.869008 0.851645 0.836920 0.884544 0.984588 0.936451 0.852649 0.935930 0.710537 0.990741 0.497061 0.864433 0.817166 0.589636 0.794234 0.827033 0.724766 0.552205 0.967650 0.662271 0.967142 0.936607 0.857503 0.761110 0.839992 0.595159 0.941775 0.747898 0.819457 0.900456 0.924688 0.931988 0.970950 0.955920 0.994327 0.973468 0.985550 0.837487 0.868768 0.939793 0.950919 0.987214
0.918991 0.971131 0.625407 0.779101 0.731343 0.878803 0.746318 0.894683 0.709293 0.891630 0.992593 0.814737 0.589818 0.549200 0.674095 0.527591 0.809484 0.915384 0.791993 0.818164 0.876948 0.898281 0.538596 0.000000 0.691771 0.960483 0.761731 0.927774 0.973942 0.996074 0.876961 0.929936 0.843889 0.985812 0.846146 0.967904 0.882265 0.815167 0.901302 0.926096 0.945773 0.994478 0.930120 0.964348 0.967771 0.878706 0.988120 0.991479 0.849784 0.922554 0.887335 0.956752 0.957258 0.897673 0.855823 0.936231 0.872167 0.838939 0.842374 0.806574 0.811001 0.703757 0.821375 0.848538 0.485348 0.721874 0.991616 0.923660 0.863016 0.830619 0.818139 0.974827 0.943772 0.938594 0.901955 0.837742 0.923243 0.820635 0.932297 0.894384 0.726298 0.981878 0.779674 0.966558 0.532547 0.646303 0.776024 0.673918 0.703546 0.787290 0.902520 0.764120 0.978127 0.726897 0.971933 0.885141 0.881632 0.921739 0.990462 0.724324 0.972065 0.928276 0.681279 0.869238 0.815874 0.843576 0.973139 0.987593 0.924335 0.991947 0.939728 0.980547 0.926662 0.919015 0.874772 0.852558
0.937835 0.799007 0.773301 0.734887 0.998020 0.650026 0.977873 0.917859 0.867612 0.763428 0.925985 0.828212 0.926888 0.852635 0.973393 0.840760 0.890558 0.884651 0.816510 0.981778 0.940144 0.927086 0.949416 0.691771 0.000000 0.636302 0.758466 0.820495 0.901438 0.763923 0.996618 0.804223 0.844230 0.993768 0.724358 0.827199 0.858666 0.794733 0.640863 0.756072 0.853305 0.859984 0.915041 0.989696 0.861890 0.850513 0.741494 0.971391 0.714453 0.698450 0.903175 0.989959 0.830971 0.790026 0.952739 0.966953 0.957508 0.935038 0.990599 0.918328 0.967336 0.883767 0.978928 0.975035 0.629303 0.550957 0.751385 0.689601 0.986568 0.893769 0.978184 0.921441 0.928423 0.954727 0.879738 0.983610 0.991504 0.764215 0.950966 0.982162 0.883572 0.862361 0.886630 0.778490 0.770728 0.533637 0.699535 0.999561 0.831730 0.893564 0.939962 0.956841 0.820444 0.900055 0.977217 0.912633 0.965581 0.979669 0.878810 0.964418 0.864198 0.885868 0.768340 0.785728 0.746918 0.774554 0.937884 0.832008 0.977020 0.871663 0.991570 0.894780 0.925940 0.925950 0.864787 0.812749
0.989082 0.728696 0.956495 0.817140 0.823710 0.655208 0.632994 0.934749 0.721040 0.593874 0.886350 0.875820 0.766954 0.953186 0.796434 0.905462 0.952529 0.981850 0.616616 0.894076 0.844294 0.997411 0.708545 0.960483 0.636302 0.000000 0.929616 0.649280 0.807317 0.609025 0.869969 0.802411 0.954202 0.970236 0.721481 0.848636 0.792698 0.908213 0.663281 0.600037 0.858472 0.925266 0.802898 0.910282 0.877809 0.960858 0.691729 0.999173 0.858389 0.833265 0.911404 0.896427 0.870274 0.874182 0.846215 0.811069 0.891064 0.784314 0.812757 0.911942 0.851734 0.996823 0.964138 0.971816 0.892444 0.579599 0.644141 0.547007 0.918252 0.980697 0.946549 0.805517 0.793994 0.953224 0.970643 0.946152 0.989745 0.851550 0.998198 0.933686 0.976238 0.850690 0.921599 0.868030 0.974765 0.642165 0.926084 0.786844 0.970705 0.845016 0.797350 0.810771 0.902141 0.941607 0.809471 0.929284 0.907839 0.873146 0.843049 0.804983 0.987930 0.752670 0.990253 0.952598 0.842608 0.806498 0.881635 0.899998 0.975773 0.961595 0.937685 0.944921 0.998217 0.945579 0.897399 0.784198
0.881430 0.974931 0.900338 0.925236 0.932068 0.956404 0.936998 0.922588 0.873230 0.989808 0.902092 0.916828 0.968627 0.866553 0.854061 0.785222 0.810849 0.890444 0.967955 0.983730 0.961977 0.988671 0.803789 0.761731 0.758466 0.929616 0.000000 0.935750 0.990580 0.887122 0.925932 0.857049 0.960725 0.858939 0.962641 0.820513 0.964991 0.836941 0.857786 0.996806 0.992646 0.988452 0.982623 0.978479 0.972184 0.949756 0.981755 0.991971 0.941321 0.930186 0.898683 0.997280 0.999681 0.916671 0.923708 0.901002 0.863794 0.899997 0.864798 0.843490 0.880999 0.972570 0.781549 0.745069 0.691759 0.852955 0.873238 0.907250 0.997864 0.990712 0.988569 0.904585 0.994454 0.954921 0.994920 0.981086 0.848193 0.974684 0.935193 0.915539 0.848369 0.907923 0.811625 0.991722 0.812983 0.812022 0.808787 0.917827 0.886454 0.904296 0.930992 0.841231 0.960201 0.891230 0.970273 0.911325 0.994595 0.954300 0.938430 0.884155 0.902823 0.934912 0.750895 0.825661 0.953412 0.905198 0.874101 0.977622 0.945868 0.990096 0.940924 0.949851 0.953554 0.944153 0.817090 0.788818
0.833645 0.732990 0.846294 0.997990 0.872982 0.669132 0.812150 0.868679 0.737941 0.705155 0.964824 0.959394 0.898923 0.936840 0.941504 0.966582 0.903491 0.757855 0.801159 0.883675 0.861274 0.951034 0.898101 0.927774 0.820495 0.649280 0.935750 0.000000 0.956143 0.851680 0.947384 0.971816 0.870137 0.963050 0.752923 0.859388 0.915727 0.987674 0.879616 0.804228 0.847540 0.870878 0.849360 0.897831 0.928862 0.943569 0.824806 0.948219 0.975364 0.955810 0.864895 0.832020 0.976199 0.920389 0.856915 0.886054 0.819835 0.677239 0.811065 0.920705 0.960495 0.866460 0.835363 0.791947 0.919667 0.829156 0.736100 0.694373 0.973790 0.983346 0.835383 0.781706 0.880646 0.999364 0.874954 0.955359 0.982864 0.905366 0.879905 0.935615 0.831426 0.840153 0.837887 0.800631 0.898253 0.732350 0.991952 0.918437 0.824176 0.896984 0.997052 0.856710 0.855185 0.998666 0.993950 0.958237 0.980033 0.950084 0.986783 0.906500 0.964657 0.942053 0.913484 0.943165 0.790090 0.856176 0.810499 0.961531 0.978397 0.935555 0.985678 0.965363 0.919864 0.926616 0.911174 0.938432
0.779712 0.994722 0.912030 0.756620 0.926975 0.893598 0.733236 0.998456 0.812248 0.725386 0.655918 0.831383 0.688142 0.775740 0.612265 0.709323 0.828125 0.804872 0.665608 0.810263 0.921871 0.986740 0.715898 0.973942 0.901438 0.807317 0.990580 0.956143 0.000000 0.542773 0.684414 0.718030 0.649165 0.720692 0.899698 0.937283 0.910434 0.922953 0.754177 0.754244 0.926335 0.824163 0.995313 0.934796 0.821953 0.817749 0.799506 0.977400 0.772447 0.800098 0.993075 0.979521 0.759255 0.871662 0.912362 0.913333 0.953979 0.910398 0.885609 0.892968 0.809767 0.924475 0.882064 0.816710 0.962431 0.686207 0.884239 0.744990 0.826153 0.875639 0.980904 0.836348 0.817118 0.882459 0.945817 0.883213 0.996872 0.900502 0.877156 0.955742 0.758158 0.958878 0.851918 0.943903 0.904442 0.838123 0.870576 0.857807 0.998328 0.827433 0.900083 0.908324 0.996183 0.862372 0.909786 0.935730 0.940095 0.766576 0.743813 0.855071 0.993272 0.899754 0.912465 0.993633 0.839158 0.784971 0.944844 0.901305 0.745007 0.838013 0.994542 0.864452 0.998931 0.873603 0.984787 0.868450
0.788379 0.973147 0.958095 0.840288 0.991998 0.802597 0.676293 0.879925 0.753283 0.628590 0.619489 0.982586 0.686772 0.869410 0.684721 0.794664 0.701565 0.736709 0.578317 0.709553 0.864085 0.952753 0.736819 0.996074 0.763923 0.609025 0.887122 0.851680 0.542773 0.000000 0.662222 0.591793 0.745452 0.751596 0.764460 0.954511 0.881694 0.902792 0.663932 0.719145 0.955631 0.843825 0.995778 0.833975 0.800727 0.792822 0.825979 0.941292 0.772645 0.713922 0.963130 0.955985 0.755146 0.836107 0.962180 0.998306 0.921860 0.965113 0.959004 0.957525 0.831774 0.990285 0.853998 0.793774 0.883775 0.579031 0.830583 0.698943 0.946240 0.970048 0.863032 0.776415 0.726625 0.795653 0.975265 0.884719 0.888644 0.996185 0.789407 0.861934 0.750071 0.926188 0.973458 0.989612 0.998252 0.716803 0.853901 0.801954 0.931063 0.941097 0.835967 0.893536 0.888268 0.997726 0.891032 0.954103 0.973395 0.934779 0.690879 0.767284 0.971309 0.712415 0.819474 0.843401 0.878209 0.863480 0.960418 0.907226 0.878052 0.989285 0.874226 0.875583 0.972963 0.939313 0.986938 0.861470
0.916962 0.969336 0.781434 0.961217 0.998509 0.975400 0.787892 0.979170 0.689443 0.738084 0.751776 0.911720 0.709499 0.821228 0.704579 0.723035 0.880267 0.844401 0.710896 0.882547 0.970620 0.934907 0.734235 0.876961 0.996618 0.869969 0.925932 0.947384 0.684414 0.662222 0.000000 0.815875 0.698312 0.752242 0.973194 0.926997 0.896163 0.914995 0.931808 0.959291 0.949194 0.917155 0.895484 0.847025 0.748789 0.797822 0.924362 0.968969 0.809363 0.771744 0.888844 0.897231 0.768790 0.804562 0.991615 0.948684 0.994146 0.934205 0.851385 0.877124 0.892677 0.878088 0.989234 0.938121 0.906844 0.772317 0.969678 0.826935 0.919692 0.929237 0.838806 0.982893 0.923633 0.942285 0.802928 0.930974 0.747878 0.967904 0.865702 0.831710 0.854788 0.967753 0.891787 0.963235 0.913268 0.930222 0.988326 0.871750 0.831092 0.817927 0.972639 0.877298 0.898220 0.836206 0.974370 0.952964 0.972269 0.987646 0.848250 0.774960 0.997086 0.877575 0.992936 0.990945 0.949094 0.948606 0.880207 0.959673 0.859060 0.982827 0.971907 0.962013 0.956991 0.949260 0.884064 0.962983
0.800608 0.973539 0.860152 0.944857 0.975359 0.829813 0.656294 0.754101 0.860046 0.729128 0.781767 0.951350 0.722622 0.811209 0.776062 0.851485 0.842744 0.891301 0.665375 0.756504 0.750272 0.926469 0.764983 0.929936 0.804223 0.802411 0.857049 0.971816 0.718030 0.591793 0.815875 0.000000 0.705899 0.804367 0.897229 0.970832 0.831683 0.921357 0.881017 0.778497 0.962524 0.915070 0.948983 0.874275 0.874962 0.885080 0.910823 0.883076 0.895453 0.749564 0.977349 0.922689 0.767075 0.895975 0.999716 0.980733 0.968910 0.891268 0.980540 0.901042 0.812793 0.925696 0.932904 0.929586 0.980278 0.779223 0.926824 0.819858 0.849891 0.939761 0.901290 0.835412 0.795811 0.834215 0.986585 0.875277 0.932666 0.934722 0.835581 0.879475 0.867523 0.995254 0.964355 0.933931 0.941543 0.849025 0.810226 0.871482 0.900067 0.960726 0.843349 0.865335 0.987635 0.949012 0.999149 0.896845 0.957996 0.918610 0.797568 0.738032 0.938269 0.824444 0.787153 0.893536 0.973629 0.978523 0.931825 0.891115 0.999370 0.923063 0.854318 0.947526 0.956138 0.949081 0.947664 0.809936
0.830994 0.888204 0.820712 0.910518 0.925063 0.885993 0.729384 0.955110 0.974255 0.958699 0.669077 0.662221 0.616903 0.695617 0.659343 0.743839 0.812333 0.729705 0.755223 0.856309 0.928873 0.945514 0.716397 0.843889 0.844230 0.954202 0.960725 0.870137 0.649165 0.745452 0.698312 0.705899 0.000000 0.652116 0.815899 0.846208 0.972492 0.919346 0.885893 0.985419 0.953933 0.863941 0.878595 0.874375 0.754375 0.848425 0.945750 0.928590 0.933786 0.891800 0.841181 0.810009 0.795148 0.913803 0.964519 0.867246 0.892710 0.970300 0.908130 0.964996 0.585136 0.721700 0.798040 0.720825 0.800722 0.977126 0.773558 0.919764 0.859331 0.894701 0.983974 0.940343 0.901704 0.935428 0.958337 0.838974 0.980149 0.894518 0.914805 0.841064 0.846446 0.846825 0.871431 0.812611 0.755969 0.862058 0.982114 0.818367 0.946888 0.833650 0.812099 0.969563 0.793378 0.957949 0.924540 0.992776 0.816248 0.981221 0.779891 0.686014 0.737408 0.852112 0.847301 0.985779 0.868544 0.840223 0.942766 0.955526 0.989899 0.979773 0.834073 0.923622 0.922632 0.989666 0.828171 0.909590
0.702238 0.841181 0.970660 0.882984 0.967027 0.932946 0.881496 0.957670 0.970275 0.920548 0.688721 0.786713 0.786992 0.843810 0.854590 0.944587 0.694719 0.755634 0.724754 0.878718 0.999102 0.997889 0.950523 0.985812 0.993768 0.970236 0.858939 0.963050 0.720692 0.751596 0.752242 0.804367 0.652116 0.000000 0.855864 0.853009 0.941419 0.985142 0.882598 0.997558 0.909905 0.862956 0.865111 0.828367 0.780911 0.771627 0.903501 0.869298 0.851411 0.849310 0.788238 0.777065 0.739600 0.910536 0.819322 0.879763 0.837719 0.917940 0.804246 0.826648 0.644956 0.784442 0.728391 0.685640 0.950848 0.966273 0.761196 0.829857 0.934744 0.900083 0.896545 0.863751 0.958500 0.908209 0.853919 0.900362 0.878311 0.860477 0.878822 0.673313 0.712591 0.878850 0.974075 0.922195 0.964271 0.976738 0.914301 0.975269 0.965563 0.861431 0.796666 0.916529 0.822148 0.902301 0.925363 0.967868 0.935001 0.881997 0.765507 0.828994 0.785837 0.859603 0.743387 0.941177 0.952361 0.855655 0.982503 0.959832 0.956299 0.992800 0.788428 0.790099 0.999483 0.793428 0.872013 0.986605
0.962476 0.832075 0.951806 0.945781 0.918497 0.664352 0.842979 0.778547 0.935346 0.737548 0.882317 0.772678 0.933585 0.774596 0.914172 0.894161 0.995092 0.992284 0.844704 0.869237 0.936626 0.951339 0.932565 0.846146 0.724358 0.721481 0.962641 0.752923 0.899698 0.764460 0.973194 0.897229 0.815899 0.855864 0.000000 0.787234 0.845000 0.935928 0.747960 0.905204 0.909986 0.994494 0.719526 0.870856 0.764491 0.850422 0.707141 0.868349 0.960825 0.949809 0.746156 0.688105 0.874427 0.853909 0.887315 0.811280 0.984788 0.858320 0.792892 0.938687 0.815113 0.850506 0.900967 0.915697 0.751219 0.675487 0.608362 0.616243 0.947836 0.973637 0.988096 0.818011 0.883052 0.999828 0.769690 0.892804 0.976248 0.708050 0.955047 0.892288 0.920093 0.998897 0.871791 0.994284 0.777723 0.638137 0.899919 0.977410 0.994646 0.887912 0.898260 0.883081 0.819280 0.921435 0.906709 0.932824 0.955841 0.942687 0.895563 0.890169 0.980201 0.951714 0.923838 0.926643 0.831038 0.811997 0.844716 0.990540 0.822398 0.989960 0.973918 0.908763 0.933948 0.896347 0.816728 0.885204
0.861888 0.767222 0.963754 0.935671 0.991622 0.874577 0.895671 0.949531 0.865340 0.786311 0.973655 0.816544 0.984828 0.834144 0.945612 0.995358 0.970776 0.880031 0.994579 0.912315 0.994007 0.937113 0.976246 0.967904 0.827199 0.848636 0.820513 0.859388 0.937283 0.954511 0.926997 0.970832 0.846208 0.853009 0.787234 0.000000 0.868472 0.924623 0.864185 0.865362 0.859375 0.879372 0.879846 0.916272 0.929490 0.966115 0.831456 0.873738 0.973679 0.944625 0.851320 0.774313 0.923329 0.985272 0.896278 0.831529 0.870530 0.864105 0.745095 0.780255 0.887411 0.932765 0.862320 0.906563 0.920858 0.787959 0.700598 0.687019 0.995353 0.961673 0.937708 0.772307 0.924599 0.951736 0.914681 0.983134 0.907474 0.962712 0.935617 0.835887 0.994786 0.883747 0.782218 0.863498 0.883800 0.763711 0.971199 0.970430 0.928999 0.937853 0.903138 0.934240 0.762039 0.965722 0.990982 0.918499 0.776636 0.927693 0.954292 0.952680 0.864798 0.958737 0.904138 0.864892 0.803118 0.762717 0.956054 0.975487 0.880051 0.910803 0.928024 0.925526 0.965797 0.962941 0.688299 0.957726
0.905183 0.926475 0.953452 0.943892 0.855001 0.939366 0.788088 0.917404 0.855637 0.817774 0.932680 0.930651 0.887432 0.877779 0.875244 0.981966 0.961110 0.888046 0.761212 0.895791 0.844275 0.854657 0.828265 0.882265 0.858666 0.792698 0.964991 0.915727 0.910434 0.881694 0.896163 0.831683 0.972492 0.941419 0.845000 0.868472 0.000000 0.932084 0.707052 0.783861 0.929415 0.954638 0.829732 0.845752 0.948645 0.924574 0.779145 0.884654 0.966039 0.921963 0.865110 0.989576 0.990260 0.978438 0.828892 0.918172 0.858748 0.874689 0.989598 0.968384 0.854080 0.923138 0.987144 0.956767 0.931250 0.945681 0.891672 0.825166 0.839162 0.923499 0.929136 0.948592 0.937261 0.945477 0.976191 0.975282 0.867259 0.947753 0.879654 0.885897 0.908830 0.882716 0.960764 0.985080 0.868939 0.947186 0.908533 0.884400 0.993549 0.961770 0.859654 0.896078 0.998065 0.988565 0.855345 0.964709 0.982986 0.884495 0.979316 0.953576 0.952338 0.913880 0.936827 0.970198 0.871968 0.990418 0.907610 0.986915 0.971607 0.957434 0.928783 0.929436 0.939268 0.954069 0.850964 0.898535
0.907905 0.996420 0.942849 0.949040 0.954367 0.976817 0.868860 0.917856 0.907068 0.909954 0.962192 0.949688 0.969967 0.892103 0.926175 0.929269 0.998385 0.990057 0.913172 0.875703 0.850700 0.862714 0.950373 0.815167 0.794733 0.908213 0.836941 0.987674 0.922953 0.902792 0.914995 0.921357 0.919346 0.985142 0.935928 0.924623 0.932084 0.000000 0.863706 0.746009 0.935283 0.961831 0.890445 0.920217 0.955298 0.907737 0.852260 0.978029 0.990166 0.955830 0.877954 0.901880 0.977900 0.932764 0.987934 0.907807 0.895965 0.990171 0.976234 0.988041 0.960479 0.953602 0.995297 0.935516 0.908806 0.865929 0.919815 0.918972 0.864678 0.815567 0.878112 0.982622 0.922852 0.974111 0.974700 0.868220 0.882032 0.856340 0.960309 0.880881 0.973229 0.978547 0.862567 0.802952 0.967631 0.863711 0.906517 0.911398 0.716896 0.826638 0.788724 0.911930 0.904757 0.967542 0.961540 0.946713 0.959017 0.856139 0.944863 0.985682 0.830202 0.908811 0.994325 0.909136 0.769729 0.836556 0.983969 0.997858 0.951521 0.903660 0.925355 0.911779 0.999252 0.971984 0.983145 0.868428
