0.000000 0.343238 0.613553 0.599090 0.772391 0.606843 0.371321 0.307375 0.584014 0.648310 0.345378 0.272878 0.321817 0.402880 0.611764 0.583962 0.345898 0.358282 0.398803 0.380755 0.984179 0.883734 0.703652 0.875522 0.942216 0.910940 0.885333 0.897160 0.399737 0.437787 0.740711 0.852084 0.368332 0.293672 0.616874 0.920364 0.657494 0.818202 0.857805 0.911908 0.849864 0.816482 0.630433 0.652253 0.590012 0.599912 0.502938 0.583853 0.861532 0.844204 0.774779 0.770855 0.919180 0.955126 0.740748 0.709771 0.353789 0.351450 0.289017 0.371915 0.269874 0.275635 0.327366 0.350072 0.663401 0.537457 0.459919 0.471221 0.571778 0.656620 0.580844 0.688800 0.845560 0.707682 0.929967 0.903888 0.599781 0.731057 0.594427 0.822151 0.322205 0.493520 0.723347 0.520391 0.515997 0.684873 0.979376 0.911806 0.595323 0.592338 0.706716 0.844212 0.734358 0.833588 0.756187 0.782120 0.568795 0.722542 0.466077 0.444017 0.626585 0.722640 0.556084 0.650111 0.432263 0.593493 0.919800 0.653676 0.623520 0.712963 0.712833 0.700513 0.680896 0.932571 0.739016 0.968221
0.343238 0.000000 0.674715 0.608536 0.905814 0.713566 0.495088 0.354206 0.754956 0.739392 0.617282 0.451849 0.559083 0.555538 0.776736 0.661274 0.362603 0.421998 0.450851 0.359308 0.965064 0.890979 0.755916 0.789973 0.955621 0.827377 0.980403 0.910717 0.498405 0.601261 0.750475 0.809972 0.427026 0.394990 0.725596 0.843800 0.727713 0.954190 0.998430 0.887384 0.743753 0.892787 0.516872 0.516856 0.516052 0.476123 0.471988 0.517238 0.706278 0.674721 0.582934 0.646090 0.855778 0.971603 0.636316 0.704849 0.277662 0.209345 0.419703 0.369378 0.464614 0.315680 0.549964 0.548045 0.674772 0.483696 0.516000 0.471267 0.459141 0.539178 0.670355 0.750534 0.705144 0.684116 0.775664 0.753887 0.685977 0.722094 0.630401 0.692327 0.384484 0.437261 0.655733 0.519562 0.548586 0.588994 0.948696 0.949724 0.720253 0.608896 0.790317 0.949172 0.841842 0.988510 0.639836 0.898989 0.506123 0.725761 0.520231 0.464880 0.756668 0.858013 0.587284 0.755001 0.499774 0.628298 0.938314 0.690418 0.587255 0.656947 0.642365 0.570866 0.703292 0.799419 0.652055 0.978461
0.613553 0.674715 0.000000 0.209282 0.868044 0.832704 0.288257 0.422337 0.557424 0.982919 0.833731 0.805430 0.570542 0.605182 0.566683 0.396181 0.884140 0.814416 0.430009 0.543021 0.597993 0.862496 0.289324 0.398556 0.383697 0.327307 0.825554 0.823507 0.897111 0.865993 0.356875 0.522361 0.429595 0.387806 0.382027 0.668180 0.377405 0.625355 0.859863 0.867496 0.840649 0.977298 0.506908 0.593080 0.676116 0.745606 0.547192 0.454450 0.901013 0.871233 0.766419 0.794865 0.763283 0.754270 0.585484 0.682279 0.871578 0.818757 0.698102 0.806177 0.564451 0.671404 0.825215 0.954058 0.234053 0.380870 0.334936 0.385144 0.656080 0.876299 0.463773 0.447307 0.741930 0.747093 0.893923 0.984745 0.624808 0.557068 0.794721 0.698128 0.717276 0.624246 0.656498 0.703304 0.352874 0.373760 0.850539 0.872173 0.666577 0.540472 0.561316 0.753454 0.614305 0.680228 0.603130 0.872424 0.622163 0.964579 0.714394 0.648412 0.833157 0.871123 0.834079 0.982435 0.602374 0.610962 0.943691 0.837907 0.672750 0.910878 0.761626 0.940721 0.872733 0.918182 0.822489 0.984289
0.599090 0.608536 0.209282 0.000000 0.942334 0.772214 0.296301 0.383666 0.627153 0.975358 0.829635 0.740500 0.601038 0.543100 0.626679 0.418081 0.849561 0.781575 0.367492 0.445966 0.614981 0.904275 0.300947 0.319737 0.384544 0.333394 0.785286 0.794061 0.924190 0.877439 0.390461 0.505978 0.396470 0.384006 0.384073 0.613636 0.436668 0.646073 0.807161 0.841056 0.810533 0.945015 0.493387 0.573748 0.689866 0.752585 0.485893 0.453019 0.883225 0.889920 0.767233 0.831604 0.802894 0.816279 0.655459 0.699766 0.778754 0.784432 0.693862 0.734879 0.577749 0.619127 0.838644 0.970710 0.235681 0.274703 0.302642 0.298676 0.678521 0.882586 0.441697 0.442092 0.746218 0.753428 0.810004 0.936381 0.632031 0.548458 0.801199 0.683325 0.716725 0.612011 0.626615 0.706493 0.329610 0.324310 0.792810 0.798410 0.647211 0.514099 0.547533 0.798737 0.620122 0.722957 0.622450 0.816813 0.626724 0.893313 0.694199 0.610133 0.804994 0.831012 0.835961 0.993807 0.575311 0.617361 0.984447 0.856181 0.643757 0.916183 0.704874 0.880455 0.884797 0.947503 0.781581 0.988382
0.772391 0.905814 0.868044 0.942334 0.000000 0.864460 0.798797 0.800991 0.667307 0.679717 0.844336 0.799629 0.720242 0.843538 0.702965 0.893712 0.751195 0.845303 0.869249 0.975691 0.986078 0.969618 0.848260 0.886681 0.948412 0.896820 0.916683 0.901303 0.798057 0.794354 0.926548 0.903324 0.800933 0.781403 0.718193 0.994218 0.902936 0.834996 0.989564 0.831069 0.944860 0.861423 0.853310 0.820066 0.889848 0.928512 0.982369 0.943772 0.971087 0.915239 0.926824 0.860670 0.898784 0.925584 0.974551 0.897536 0.865850 0.804402 0.676768 0.795120 0.714671 0.843452 0.649810 0.712420 0.856517 0.926299 0.754718 0.829018 0.926884 0.918547 0.815573 0.781115 0.931361 0.995830 0.928913 0.902540 0.864862 0.892812 0.944933 0.961812 0.775099 0.967623 0.930392 0.809232 0.833812 0.974179 0.932564 0.651128 0.775348 0.988899 0.765642 0.750172 0.771180 0.716699 0.971935 0.971039 0.779137 0.964077 0.735994 0.852973 0.958848 0.901243 0.685878 0.788697 0.851023 0.680860 0.878107 0.719859 0.896771 0.922793 0.872342 0.992494 0.828317 0.925066 0.938238 0.926611
0.606843 0.713566 0.832704 0.772214 0.864460 0.000000 0.623390 0.585659 0.729665 0.797655 0.684063 0.653522 0.767945 0.831485 0.986569 0.857710 0.734816 0.669432 0.651252 0.670414 0.900716 0.997966 0.932426 0.980775 0.927963 0.895428 0.914774 0.818022 0.800647 0.845156 0.968305 0.993434 0.712856 0.671674 0.801980 0.923449 0.789641 0.888636 0.852695 0.823171 0.976131 0.837896 0.678192 0.737325 0.704454 0.678616 0.624834 0.741549 0.886535 0.815654 0.829207 0.811434 0.882031 0.905636 0.816256 0.780001 0.691246 0.737613 0.661262 0.712238 0.676937 0.618296 0.763300 0.790745 0.848745 0.702456 0.652907 0.607075 0.826036 0.803705 0.810947 0.851498 0.891274 0.766637 0.971082 0.903858 0.783713 0.766120 0.812461 0.918232 0.644186 0.767226 0.865718 0.823062 0.873720 0.864801 0.863223 0.928674 0.770704 0.775797 0.695417 0.761425 0.724512 0.777560 0.988102 0.816261 0.769461 0.946799 0.606819 0.673132 0.854987 0.804751 0.701271 0.662461 0.798133 0.827719 0.969709 0.904895 0.911665 0.904623 0.737814 0.753672 0.787479 0.901511 0.790219 0.856719
0.371321 0.495088 0.288257 0.296301 0.798797 0.623390 0.000000 0.203035 0.396207 0.631195 0.544133 0.487665 0.426822 0.487382 0.527050 0.413911 0.566519 0.478814 0.317584 0.411925 0.767207 0.888697 0.447007 0.637469 0.694754 0.549527 0.995962 0.974691 0.563738 0.562879 0.485393 0.661394 0.328728 0.270183 0.400243 0.726662 0.457145 0.638528 0.996425 0.820039 0.794043 0.848505 0.417196 0.474467 0.440335 0.490847 0.471731 0.431175 0.877698 0.749598 0.601376 0.647477 0.646051 0.719033 0.600425 0.640433 0.623314 0.581049 0.421604 0.647080 0.390981 0.448589 0.546785 0.616912 0.385413 0.418337 0.243313 0.316022 0.652775 0.782629 0.354934 0.418420 0.652124 0.613492 0.883243 0.953138 0.445081 0.492589 0.597682 0.791640 0.452831 0.549708 0.666277 0.577641 0.429001 0.531666 0.976852 0.983243 0.641197 0.573146 0.401174 0.585490 0.449433 0.558860 0.599055 0.723911 0.430045 0.763798 0.392307 0.377666 0.625189 0.645753 0.567553 0.698574 0.401221 0.481319 0.893847 0.683490 0.603072 0.750855 0.605923 0.722228 0.718781 0.819164 0.734118 0.902437
0.307375 0.354206 0.422337 0.383666 0.800991 0.585659 0.203035 0.000000 0.493248 0.579579 0.484043 0.365959 0.436865 0.441758 0.644244 0.525227 0.445408 0.395281 0.306819 0.345150 0.911310 0.877688 0.578176 0.712034 0.837999 0.692981 0.919872 0.977488 0.462382 0.527229 0.581684 0.741154 0.322530 0.280785 0.467978 0.783998 0.576779 0.748689 0.962905 0.779204 0.786583 0.824398 0.433074 0.484845 0.458998 0.470582 0.453362 0.473285 0.799083 0.739800 0.626771 0.679868 0.734007 0.852794 0.671600 0.618393 0.434994 0.412541 0.369500 0.522468 0.354868 0.318504 0.462879 0.517193 0.501855 0.421735 0.309234 0.314695 0.601700 0.675573 0.449474 0.486013 0.700879 0.584181 0.866806 0.965727 0.506565 0.559474 0.599654 0.773849 0.389057 0.503991 0.676150 0.560969 0.484658 0.587844 0.965190 0.975877 0.642237 0.558291 0.489012 0.689444 0.522143 0.696168 0.634474 0.714934 0.401712 0.695143 0.379392 0.341059 0.620061 0.668272 0.523852 0.664479 0.381185 0.482704 0.945736 0.695631 0.567706 0.632817 0.497610 0.636371 0.646052 0.848246 0.693536 0.874236
0.584014 0.754956 0.557424 0.627153 0.667307 0.729665 0.396207 0.493248 0.000000 0.474159 0.589149 0.616685 0.576045 0.803153 0.616118 0.650413 0.634920 0.646567 0.703398 0.710045 0.891041 0.963183 0.716279 0.996554 0.983067 0.855649 0.919256 0.994668 0.574297 0.596096 0.813326 0.998583 0.644956 0.542584 0.659329 0.948871 0.699882 0.733828 0.827486 0.921773 0.896438 0.699942 0.655149 0.612789 0.588499 0.610961 0.724309 0.674350 0.845899 0.824209 0.655642 0.624033 0.580332 0.660640 0.675355 0.680797 0.939032 0.774446 0.421915 0.660516 0.500474 0.623377 0.583447 0.598942 0.638730 0.807343 0.537314 0.644674 0.800423 0.855436 0.502565 0.619783 0.691087 0.775565 0.910140 0.775313 0.497662 0.663666 0.656208 0.963530 0.586506 0.807718 0.934087 0.719773 0.760774 0.946186 0.833199 0.788964 0.670822 0.775253 0.526510 0.466929 0.536068 0.476690 0.724045 0.982770 0.510515 0.794297 0.480200 0.470254 0.705103 0.663455 0.600314 0.652974 0.525144 0.467451 0.706129 0.630069 0.760489 0.773372 0.688494 0.765902 0.602484 0.753076 0.796455 0.858500
0.648310 0.739392 0.982919 0.975358 0.679717 0.797655 0.631195 0.579579 0.474159 0.000000 0.579646 0.582040 0.778069 0.907713 0.782297 0.936870 0.497708 0.491384 0.836128 0.854597 0.769410 0.949452 0.856354 0.564545 0.593904 0.712049 0.767387 0.792389 0.453091 0.524028 0.847535 0.707212 0.890442 0.735292 0.849041 0.880337 0.981110 0.959722 0.811902 0.912010 0.887444 0.645215 0.764528 0.696629 0.568198 0.555973 0.918597 0.918458 0.662106 0.750866 0.605108 0.599712 0.643950 0.724847 0.990978 0.838848 0.762486 0.654564 0.464922 0.785308 0.702904 0.704219 0.551746 0.459379 0.884093 0.869538 0.746384 0.877170 0.872365 0.835956 0.588525 0.714506 0.779749 0.729544 0.911034 0.832263 0.554488 0.740149 0.701313 0.826997 0.570735 0.928293 0.933571 0.766522 0.878607 0.683674 0.769317 0.584567 0.944169 0.890393 0.523424 0.443001 0.507144 0.510373 0.856515 0.865196 0.573348 0.683926 0.386142 0.473459 0.615269 0.600066 0.389545 0.479902 0.596796 0.589408 0.808435 0.542115 0.771816 0.665134 0.628429 0.690509 0.502152 0.752751 0.767507 0.758526
0.345378 0.617282 0.833731 0.829635 0.844336 0.684063 0.544133 0.484043 0.589149 0.579646 0.000000 0.285158 0.365736 0.467772 0.751710 0.742823 0.409393 0.377631 0.535139 0.557911 0.850524 0.943319 0.926910 0.940715 0.737151 0.866522 0.794016 0.782957 0.369229 0.323348 0.892663 0.943955 0.531930 0.467014 0.809469 0.860165 0.918152 0.930724 0.917683 0.872892 0.972634 0.749615 0.951879 0.895584 0.733694 0.718090 0.779014 0.848784 0.897619 0.979743 0.973483 0.982878 0.954576 0.801177 0.828281 0.842881 0.572327 0.542119 0.454776 0.555435 0.351819 0.367208 0.261525 0.268345 0.898112 0.781052 0.685723 0.698049 0.810924 0.890819 0.809716 0.936457 0.901173 0.923861 0.944610 0.950014 0.804505 0.927713 0.615887 0.943093 0.339792 0.546214 0.919377 0.589907 0.753351 0.921019 0.839426 0.891998 0.689074 0.755154 0.908448 0.955671 0.906280 0.950419 0.889651 0.798785 0.757389 0.821856 0.624542 0.608935 0.662086 0.813461 0.701827 0.747225 0.570348 0.761885 0.917053 0.853248 0.813425 0.743897 0.776318 0.864618 0.778576 0.899702 0.853198 0.919818
0.272878 0.451849 0.805430 0.740500 0.799629 0.653522 0.487665 0.365959 0.616685 0.582040 0.285158 0.000000 0.345688 0.412644 0.710089 0.702201 0.307914 0.331026 0.509628 0.447795 0.941796 0.951993 0.871502 0.991080 0.728252 0.892064 0.874841 0.825547 0.341658 0.341855 0.928954 0.996531 0.472984 0.412360 0.757686 0.960178 0.908598 0.952303 0.883307 0.856405 0.872765 0.811283 0.788736 0.750662 0.635241 0.644056 0.674371 0.689619 0.838821 0.894584 0.893699 0.876108 0.967175 0.892838 0.848612 0.805239 0.415064 0.425672 0.332890 0.423679 0.303880 0.253428 0.278494 0.261926 0.814822 0.619486 0.577946 0.566253 0.742813 0.717172 0.733076 0.819069 0.973181 0.778754 0.888551 0.930197 0.671191 0.794384 0.604966 0.848930 0.331984 0.552038 0.804670 0.566696 0.687443 0.840674 0.982340 0.901921 0.713509 0.706250 0.772166 0.888767 0.813682 0.869669 0.830994 0.860865 0.670190 0.770516 0.497164 0.510443 0.650505 0.767350 0.577561 0.635696 0.504197 0.629759 0.956418 0.784899 0.683418 0.730445 0.699688 0.688217 0.752821 0.964644 0.767589 0.938005
0.321817 0.559083 0.570542 0.601038 0.720242 0.767945 0.426822 0.436865 0.576045 0.778069 0.365736 0.345688 0.000000 0.300739 0.475563 0.445461 0.494193 0.473871 0.468821 0.486430 0.799739 0.990196 0.513025 0.731029 0.934862 0.844933 0.968094 0.900931 0.483877 0.354955 0.621818 0.761205 0.332346 0.340325 0.617100 0.898299 0.703146 0.754685 0.967953 0.823453 0.874824 0.882587 0.822340 0.851781 0.844068 0.858150 0.726565 0.699800 0.806657 0.855609 0.958688 0.995022 0.932245 0.880678 0.782937 0.868912 0.565251 0.532763 0.433380 0.504190 0.220449 0.335825 0.258603 0.357079 0.558152 0.495966 0.507863 0.549819 0.767904 0.793479 0.670424 0.783074 0.996543 0.975021 0.902055 0.953919 0.763809 0.754303 0.723565 0.742321 0.355013 0.569349 0.707030 0.638543 0.414025 0.583503 0.889079 0.937014 0.629901 0.606723 0.836700 0.997854 0.906780 0.886635 0.855072 0.801191 0.732331 0.914469 0.664873 0.691927 0.720236 0.850306 0.767165 0.863166 0.588657 0.604809 0.901185 0.834832 0.765406 0.824734 0.872975 0.892416 0.935188 0.976571 0.806301 0.956920
0.402880 0.555538 0.605182 0.543100 0.843538 0.831485 0.487382 0.441758 0.803153 0.907713 0.467772 0.412644 0.300739 0.000000 0.513933 0.468165 0.647401 0.525644 0.394864 0.475760 0.848180 0.950928 0.475629 0.594690 0.886644 0.821237 0.931438 0.980397 0.606329 0.469235 0.552212 0.621614 0.276234 0.356896 0.602394 0.764828 0.655020 0.857751 0.876660 0.829656 0.885863 0.983776 0.844024 0.899384 0.897163 0.927340 0.800930 0.770429 0.728435 0.786352 0.916982 0.903617 0.872392 0.786713 0.954885 0.969576 0.504530 0.545282 0.529866 0.536859 0.321606 0.401959 0.379632 0.492178 0.574295 0.407751 0.504883 0.430022 0.904553 0.812947 0.725707 0.662670 0.918239 0.916323 0.818710 0.873422 0.868143 0.779781 0.694903 0.672570 0.516016 0.669002 0.589170 0.715591 0.396427 0.506676 0.781364 0.910741 0.641392 0.570111 0.860017 0.868767 0.908777 0.976309 0.929230 0.762670 0.802183 0.942348 0.763691 0.740534 0.642987 0.887128 0.854597 0.988812 0.590735 0.713684 0.947878 0.913775 0.748063 0.861729 0.811001 0.950214 0.948997 0.857922 0.855944 0.952624
0.611764 0.776736 0.566683 0.626679 0.702965 0.986569 0.527050 0.644244 0.616118 0.782297 0.751710 0.710089 0.475563 0.513933 0.000000 0.421617 0.762534 0.688379 0.673269 0.758728 0.675103 0.901765 0.422475 0.729571 0.789268 0.762550 0.882431 0.909940 0.711907 0.601486 0.523471 0.756458 0.476833 0.517493 0.594519 0.779373 0.507221 0.680085 0.979454 0.988473 0.773754 0.929105 0.796359 0.895952 0.764609 0.851091 0.838879 0.753540 0.804837 0.951008 0.814897 0.751325 0.747644 0.754063 0.827640 0.812585 0.838975 0.775266 0.550741 0.712953 0.464381 0.699516 0.567254 0.616691 0.565146 0.681341 0.535678 0.618080 0.823504 0.793915 0.546623 0.507236 0.827367 0.898532 0.907712 0.987937 0.751974 0.773194 0.687129 0.878431 0.702630 0.907613 0.557870 0.734498 0.493564 0.656860 0.794032 0.992691 0.763629 0.654902 0.698192 0.762364 0.764316 0.690872 0.789966 0.848101 0.737067 0.839426 0.688896 0.723001 0.839384 0.874855 0.768024 0.838128 0.654655 0.546552 0.718135 0.613378 0.761927 0.954923 0.830905 0.897246 0.973818 0.819019 0.803547 0.987534
0.583962 0.661274 0.396181 0.418081 0.893712 0.857710 0.413911 0.525227 0.650413 0.936870 0.742823 0.702201 0.445461 0.468165 0.421617 0.000000 0.773125 0.630551 0.485680 0.523623 0.571298 0.994437 0.333719 0.476815 0.594503 0.472080 0.801160 0.904472 0.687158 0.610945 0.395141 0.477863 0.388946 0.428581 0.519800 0.601008 0.418227 0.656081 0.950405 0.867895 0.815892 0.981958 0.665683 0.708698 0.745713 0.774144 0.643417 0.647773 0.836426 0.948732 0.800433 0.791239 0.811432 0.799712 0.713121 0.861381 0.763128 0.752237 0.663822 0.787483 0.514179 0.629101 0.682115 0.777500 0.422570 0.447848 0.459061 0.490343 0.821500 0.856475 0.530820 0.524492 0.778062 0.707908 0.758263 0.915201 0.723307 0.744222 0.652722 0.601966 0.587951 0.663487 0.570953 0.769370 0.366758 0.440978 0.798321 0.898148 0.761838 0.686141 0.619255 0.862440 0.711900 0.719597 0.663135 0.869285 0.659125 0.862168 0.726363 0.747017 0.750269 0.830487 0.833362 0.973368 0.600932 0.709009 0.863723 0.810440 0.771688 0.909952 0.889492 0.898034 0.987487 0.937198 0.863907 0.930761
0.345898 0.362603 0.884140 0.849561 0.751195 0.734816 0.566519 0.445408 0.634920 0.497708 0.409393 0.307914 0.494193 0.647401 0.762534 0.773125 0.000000 0.279401 0.588929 0.477039 0.905530 0.959074 0.969336 0.901618 0.749760 0.862765 0.900958 0.749543 0.305545 0.362347 0.955424 0.986494 0.569631 0.473435 0.834678 0.976234 0.887633 0.929324 0.961608 0.838757 0.778525 0.834496 0.709349 0.629130 0.526850 0.498996 0.641875 0.736778 0.645969 0.725214 0.658478 0.700620 0.843065 0.974502 0.773451 0.762699 0.383115 0.305351 0.381048 0.501613 0.471157 0.368144 0.374952 0.309868 0.922367 0.760328 0.630043 0.651714 0.648370 0.737388 0.712088 0.887936 0.866212 0.722157 0.912494 0.845815 0.667281 0.794971 0.653201 0.968060 0.284201 0.508444 0.772972 0.483892 0.765600 0.903734 0.941959 0.883212 0.778159 0.796235 0.772717 0.814482 0.798128 0.857820 0.642355 0.962355 0.592953 0.603615 0.472093 0.476227 0.673717 0.762769 0.495891 0.497394 0.482870 0.648128 0.932162 0.664723 0.755811 0.732021 0.745531 0.584172 0.626527 0.821745 0.707335 0.953638
0.358282 0.421998 0.814416 0.781575 0.845303 0.669432 0.478814 0.395281 0.646567 0.491384 0.377631 0.331026 0.473871 0.525644 0.688379 0.630551 0.279401 0.000000 0.505620 0.449365 0.935583 0.905519 0.906628 0.958834 0.802112 0.999904 0.907342 0.814119 0.287551 0.303329 0.835983 0.846074 0.499239 0.442768 0.800397 0.892299 0.723302 0.811078 0.941304 0.825615 0.844307 0.779463 0.702425 0.631644 0.493196 0.480618 0.649259 0.734728 0.722517 0.728576 0.626918 0.686951 0.799587 0.906384 0.750138 0.851475 0.385031 0.342791 0.429687 0.600011 0.466361 0.408975 0.374959 0.313027 0.890044 0.711764 0.551359 0.578882 0.656782 0.706321 0.664006 0.765661 0.783269 0.640793 0.992679 0.837949 0.666785 0.761591 0.530460 0.851558 0.244010 0.459178 0.727333 0.539062 0.746414 0.830677 0.931995 0.897013 0.735581 0.831844 0.673823 0.772139 0.682998 0.817740 0.750215 0.868817 0.556176 0.679100 0.453654 0.473323 0.535742 0.692030 0.442446 0.518677 0.452645 0.690503 0.881610 0.674685 0.713755 0.715653 0.728024 0.642072 0.689125 0.816883 0.763338 0.974010
0.398803 0.450851 0.430009 0.367492 0.869249 0.651252 0.317584 0.306819 0.703398 0.836128 0.535139 0.509628 0.468821 0.394864 0.673269 0.485680 0.588929 0.505620 0.000000 0.352978 0.829849 0.990769 0.476689 0.555322 0.717673 0.604672 0.983196 0.940391 0.625554 0.620307 0.463227 0.584251 0.278360 0.273542 0.444276 0.681848 0.521338 0.724480 0.870971 0.861983 0.800272 0.959121 0.526949 0.591454 0.581850 0.609345 0.491885 0.532440 0.956365 0.882079 0.777588 0.854363 0.889723 0.988260 0.679052 0.760297 0.480545 0.520046 0.572580 0.637239 0.465599 0.456193 0.566163 0.667209 0.491565 0.383649 0.351206 0.333394 0.691803 0.759014 0.513825 0.589657 0.846034 0.731974 0.798654 0.855159 0.647400 0.616433 0.699237 0.740087 0.497856 0.525182 0.618828 0.650248 0.408277 0.476998 0.885980 0.835005 0.617560 0.611481 0.618008 0.892438 0.681461 0.859171 0.778379 0.747019 0.581862 0.859808 0.543082 0.524366 0.685789 0.777876 0.710434 0.864453 0.522544 0.677189 0.958255 0.730544 0.668939 0.870443 0.736803 0.735249 0.767458 0.935076 0.884498 0.975157
0.380755 0.359308 0.543021 0.445966 0.975691 0.670414 0.411925 0.345150 0.710045 0.854597 0.557911 0.447795 0.486430 0.475760 0.758728 0.523623 0.477039 0.449365 0.352978 0.000000 0.803254 0.994998 0.621134 0.598294 0.779013 0.686302 0.991140 0.933905 0.539680 0.611246 0.621935 0.617270 0.350707 0.355860 0.660995 0.751570 0.621445 0.874866 0.919085 0.854985 0.802642 0.986755 0.564237 0.583318 0.630747 0.624875 0.527299 0.547703 0.908981 0.798392 0.814324 0.853738 0.952929 0.979752 0.687957 0.692349 0.412978 0.422185 0.577781 0.581309 0.512369 0.404206 0.578201 0.633674 0.572972 0.420659 0.493553 0.433595 0.555703 0.689740 0.597444 0.713827 0.792225 0.667931 0.778912 0.725251 0.670609 0.723773 0.633998 0.720027 0.424033 0.372073 0.623471 0.599896 0.469651 0.523274 0.854556 0.844097 0.751118 0.619141 0.727650 0.953960 0.778169 0.934693 0.683728 0.978174 0.598479 0.812120 0.614674 0.519360 0.739569 0.762533 0.623531 0.821803 0.449285 0.726610 0.993878 0.836058 0.703014 0.858941 0.793043 0.732308 0.800697 0.958828 0.787265 0.971703
0.984179 0.965064 0.597993 0.614981 0.986078 0.900716 0.767207 0.911310 0.891041 0.769410 0.850524 0.941796 0.799739 0.848180 0.675103 0.571298 0.905530 0.935583 0.829849 0.803254 0.000000 0.941196 0.522072 0.555997 0.555102 0.551141 0.672983 0.820714 0.835013 0.927603 0.658609 0.751353 0.745341 0.805342 0.769279 0.721516 0.627439 0.686939 0.914194 0.901518 0.732850 0.932388 0.798837 0.886244 0.988831 0.943026 0.821111 0.849092 0.715766 0.911852 0.977477 0.995651 0.949463 0.788289 0.852684 0.903120 0.974603 0.945674 0.958293 0.943239 0.875549 0.965597 0.926096 0.823950 0.526284 0.620464 0.686988 0.707842 0.818044 0.977516 0.684202 0.679319 0.915140 0.956535 0.905505 0.871137 0.918442 0.727659 0.956458 0.757356 0.966542 0.988906 0.713305 0.967271 0.627750 0.610352 0.579070 0.744228 0.959764 0.808648 0.813301 0.906798 0.931738 0.780989 0.825948 0.911040 0.935026 0.972759 0.997928 0.965705 0.992636 0.942285 0.921425 0.880119 0.924778 0.805551 0.939641 0.957897 0.988977 0.899783 0.810861 0.990397 0.780222 0.964378 0.877361 0.983827
0.883734 0.890979 0.862496 0.904275 0.969618 0.997966 0.888697 0.877688 0.963183 0.949452 0.943319 0.951993 0.990196 0.950928 0.901765 0.994437 0.959074 0.905519 0.990769 0.994998 0.941196 0.000000 0.934699 0.977841 0.934334 0.982210 0.856445 0.881109 0.951225 0.979234 0.915422 0.908030 0.970792 0.940441 0.891432 0.996282 0.883751 0.908792 0.974017 0.927065 0.759403 0.871401 0.979626 0.938608 0.864622 0.927165 0.940811 0.885525 0.947358 0.940680 0.761086 0.803706 0.897479 0.785556 0.972302 0.843887 0.879810 0.904151 0.885927 0.869785 0.901412 0.943222 0.956499 0.921337 0.951131 0.930114 0.887157 0.893028 0.809196 0.772135 0.880370 0.877337 0.948431 0.903154 0.913195 0.941206 0.836725 0.831530 0.930489 0.949556 0.960806 0.937923 0.856474 0.961542 0.978272 0.871853 0.982350 0.990204 0.882665 0.747364 0.878451 0.856376 0.874945 0.938016 0.740247 0.985826 0.910947 0.998563 0.860408 0.782626 0.903978 0.928442 0.829152 0.898251 0.813237 0.849014 0.934229 0.885356 0.929330 0.959390 0.744618 0.860154 0.987873 0.934788 0.770306 0.930304
0.703652 0.755916 0.289324 0.300947 0.848260 0.932426 0.447007 0.578176 0.716279 0.856354 0.926910 0.871502 0.513025 0.475629 0.422475 0.333719 0.969336 0.906628 0.476689 0.621134 0.522072 0.934699 0.000000 0.280232 0.370666 0.398651 0.700207 0.796420 0.981140 0.865373 0.292603 0.413943 0.384154 0.424321 0.437555 0.600966 0.453392 0.707553 0.831471 0.899314 0.824688 0.857531 0.637016 0.749318 0.915182 0.959474 0.670211 0.613104 0.622881 0.851311 0.945127 0.920868 0.914731 0.851737 0.745205 0.877933 0.881564 0.867053 0.792532 0.801402 0.553221 0.728930 0.798227 0.966623 0.248957 0.335069 0.426913 0.416963 0.808424 0.912515 0.551921 0.506080 0.903444 0.908702 0.774868 0.874011 0.808429 0.596558 0.870875 0.684391 0.807641 0.806485 0.542536 0.870806 0.256341 0.303422 0.729084 0.797351 0.652488 0.497513 0.718559 0.941220 0.787206 0.815013 0.720515 0.831070 0.775645 0.994571 0.857504 0.818249 0.900392 0.937190 0.974077 0.873602 0.702400 0.640702 0.979621 0.853543 0.865869 0.933972 0.893105 0.961797 0.902660 0.973093 0.867468 0.997796
0.875522 0.789973 0.398556 0.319737 0.886681 0.980775 0.637469 0.712034 0.996554 0.564545 0.940715 0.991080 0.731029 0.594690 0.729571 0.476815 0.901618 0.958834 0.555322 0.598294 0.555997 0.977841 0.280232 0.000000 0.285799 0.345907 0.656804 0.723536 0.824927 0.959285 0.354140 0.335505 0.514853 0.605754 0.602700 0.597001 0.588312 0.782371 0.748553 0.933539 0.903157 0.758180 0.734740 0.849491 0.980470 0.947015 0.686648 0.653377 0.649039 0.877517 0.961532 0.897975 0.901134 0.960035 0.745813 0.896472 0.897877 0.957299 0.946179 0.941462 0.771687 0.810056 0.973741 0.815736 0.330939 0.315009 0.588551 0.488539 0.832665 0.991885 0.772001 0.727020 0.979675 0.967398 0.741600 0.819975 0.993364 0.762047 0.940267 0.616868 0.936766 0.709246 0.564155 0.910739 0.326315 0.242005 0.660538 0.564763 0.761750 0.530506 0.936881 0.797535 0.985592 0.901318 0.715537 0.912880 0.914395 0.923494 0.903582 0.989202 0.960183 0.881757 0.777623 0.679233 0.879194 0.895252 0.841446 0.858099 0.945989 0.832525 0.976378 0.899565 0.779371 0.923034 0.930423 0.887072
0.942216 0.955621 0.383697 0.384544 0.948412 0.927963 0.694754 0.837999 0.983067 0.593904 0.737151 0.728252 0.934862 0.886644 0.789268 0.594503 0.749760 0.802112 0.717673 0.779013 0.555102 0.934334 0.370666 0.285799 0.000000 0.268554 0.602227 0.709282 0.680264 0.781627 0.376376 0.452300 0.691295 0.749075 0.594333 0.570456 0.527156 0.701610 0.704003 0.941822 0.883320 0.773683 0.726908 0.836301 0.994917 0.925436 0.728653 0.735482 0.729504 0.964754 0.919775 0.960961 0.979279 0.853320 0.712821 0.861339 0.900668 0.881383 0.796178 0.847499 0.984916 0.897107 0.766806 0.615247 0.383111 0.512272 0.648945 0.637972 0.792902 0.907587 0.726101 0.705025 0.886248 0.986559 0.828686 0.923495 0.916447 0.742255 0.940861 0.736279 0.917826 0.800438 0.604572 0.961504 0.475185 0.349422 0.769798 0.689462 0.823169 0.620714 0.882895 0.936531 0.899357 0.993627 0.734977 0.912891 0.886470 0.927325 0.888658 0.968115 0.863951 0.889824 0.821603 0.726364 0.964832 0.960065 0.972360 0.928892 0.983629 0.889953 0.984578 0.846656 0.771732 0.972633 0.961243 0.817690
0.910940 0.827377 0.327307 0.333394 0.896820 0.895428 0.549527 0.692981 0.855649 0.712049 0.866522 0.892064 0.844933 0.821237 0.762550 0.472080 0.862765 0.999904 0.604672 0.686302 0.551141 0.982210 0.398651 0.345907 0.268554 0.000000 0.772029 0.773683 0.861423 0.897116 0.367946 0.433428 0.616272 0.687068 0.618325 0.507686 0.411632 0.639154 0.847848 0.963351 0.893954 0.870904 0.576927 0.706634 0.797173 0.831872 0.607428 0.583699 0.919261 0.855555 0.765011 0.842873 0.801525 0.728960 0.578814 0.835348 0.976525 0.986585 0.960473 0.935524 0.888914 0.946863 0.830100 0.709707 0.362879 0.483659 0.564076 0.576070 0.744828 0.990071 0.652802 0.612892 0.690966 0.782430 0.935028 0.957958 0.785194 0.691455 0.933868 0.665909 0.942956 0.731367 0.659514 0.870101 0.486631 0.376037 0.798787 0.746849 0.807754 0.660780 0.718342 0.912625 0.759961 0.835788 0.741158 0.876149 0.746734 0.990037 0.943548 0.905335 0.978697 0.966182 0.943109 0.886970 0.872531 0.854772 0.976826 0.999678 0.822383 0.979763 0.966717 0.977967 0.933381 0.954267 0.927849 0.923078
0.885333 0.980403 0.825554 0.785286 0.916683 0.914774 0.995962 0.919872 0.919256 0.767387 0.794016 0.874841 0.968094 0.931438 0.882431 0.801160 0.900958 0.907342 0.983196 0.991140 0.672983 0.856445 0.700207 0.656804 0.602227 0.772029 0.000000 0.799865 0.714547 0.882894 0.773941 0.818878 0.893867 0.920549 0.871149 0.698711 0.796679 0.864185 0.763040 0.927452 0.689428 0.919380 0.974901 0.973818 0.834371 0.755879 0.984873 0.915715 0.659202 0.817274 0.991981 0.895240 0.845638 0.935951 0.982697 0.890148 0.979924 0.954264 0.890304 0.939885 0.955799 0.889679 0.935021 0.868001 0.741879 0.729126 0.830720 0.797549 0.986588 0.901994 0.903451 0.887920 0.824534 0.857149 0.848248 0.986251 0.998307 0.859322 0.954767 0.893637 0.992128 0.986757 0.775670 0.795661 0.748645 0.679735 0.873306 0.938621 0.860552 0.816792 0.983248 0.908940 0.990802 0.991338 0.782950 0.964472 0.985461 0.946948 0.962866 0.915636 0.827447 0.853669 0.915941 0.902886 0.966228 0.937822 0.879324 0.998478 0.913050 0.742424 0.866475 0.883198 0.776901 0.987078 0.898637 0.843769
0.897160 0.910717 0.823507 0.794061 0.901303 0.818022 0.974691 0.977488 0.994668 0.792389 0.782957 0.825547 0.900931 0.980397 0.909940 0.904472 0.749543 0.814119 0.940391 0.933905 0.820714 0.881109 0.796420 0.723536 0.709282 0.773683 0.799865 0.000000 0.731834 0.755085 0.760415 0.896126 0.909278 0.999785 0.823021 0.865526 0.753305 0.880099 0.856357 0.955502 0.926581 0.870332 0.953641 0.995762 0.913468 0.862607 0.985940 0.988613 0.755791 0.881727 0.948840 0.924784 0.936687 0.949311 0.994764 0.909145 0.919405 0.829208 0.885528 0.921366 0.931642 0.859508 0.800011 0.713577 0.803740 0.794010 0.857744 0.789749 0.979084 0.937752 0.962721 0.852137 0.981188 0.956387 0.983854 0.888076 0.950224 0.996069 0.984442 0.846625 0.847759 0.954825 0.972721 0.829765 0.867697 0.745305 0.997845 0.884687 0.994688 0.815656 0.876824 0.939591 0.877309 0.960002 0.941401 0.791462 0.953970 0.866168 0.925608 0.906296 0.871763 0.975438 0.944311 0.891331 0.971343 0.957584 0.956426 0.919216 0.951002 0.691529 0.975192 0.926754 0.871222 0.990055 0.888631 0.949369
0.399737 0.498405 0.897111 0.924190 0.798057 0.800647 0.563738 0.462382 0.574297 0.453091 0.369229 0.341658 0.483877 0.606329 0.711907 0.687158 0.305545 0.287551 0.625554 0.539680 0.835013 0.951225 0.981140 0.824927 0.680264 0.861423 0.714547 0.731834 0.000000 0.298611 0.915838 0.959850 0.571995 0.544670 0.867812 0.878878 0.866024 0.928995 0.815195 0.939616 0.917668 0.763253 0.781238 0.721348 0.513617 0.470246 0.774732 0.745309 0.589590 0.681313 0.686209 0.687952 0.771587 0.926271 0.772667 0.691286 0.504315 0.429224 0.417724 0.604775 0.452683 0.403236 0.360043 0.292305 0.994526 0.899287 0.734253 0.798306 0.759649 0.681521 0.763409 0.855108 0.770223 0.671381 0.914462 0.911823 0.689611 0.913271 0.524410 0.951178 0.347607 0.556474 0.772211 0.528487 0.839281 0.987444 0.960089 0.882963 0.797136 0.895281 0.769539 0.826702 0.818686 0.861733 0.827251 0.952866 0.551829 0.790047 0.508130 0.514352 0.621476 0.765736 0.521879 0.593017 0.534447 0.708759 0.799871 0.721583 0.643882 0.616047 0.704263 0.687104 0.626973 0.792577 0.814930 0.954906
0.437787 0.601261 0.865993 0.877439 0.794354 0.845156 0.562879 0.527229 0.596096 0.524028 0.323348 0.341855 0.354955 0.469235 0.601486 0.610945 0.362347 0.303329 0.620307 0.611246 0.927603 0.979234 0.865373 0.959285 0.781627 0.897116 0.882894 0.755085 0.298611 0.000000 0.870471 0.930172 0.541414 0.488443 0.876994 0.940052 0.871576 0.852574 0.956459 0.857236 0.955305 0.849682 0.936913 0.836947 0.696070 0.699194 0.859324 0.883262 0.868629 0.937273 0.827421 0.867908 0.924969 0.961956 0.868426 0.957573 0.575707 0.526911 0.486856 0.666465 0.427922 0.447979 0.275665 0.249702 0.934362 0.813220 0.706945 0.738553 0.861881 0.905245 0.777955 0.940747 0.989544 0.871026 0.913861 0.983412 0.742364 0.836588 0.586702 0.868127 0.310235 0.564488 0.700401 0.538282 0.724630 0.881666 0.916608 0.912623 0.768592 0.830902 0.840316 0.930984 0.866275 0.912008 0.867640 0.878924 0.730938 0.836940 0.615682 0.675402 0.627785 0.831670 0.639120 0.688880 0.609003 0.779826 0.877481 0.834754 0.883098 0.796240 0.843729 0.775983 0.849059 0.950233 0.826942 0.962798
0.740711 0.750475 0.356875 0.390461 0.926548 0.968305 0.485393 0.581684 0.813326 0.847535 0.892663 0.928954 0.621818 0.552212 0.523471 0.395141 0.955424 0.835983 0.463227 0.621935 0.658609 0.915422 0.292603 0.354140 0.376376 0.367946 0.773941 0.760415 0.915838 0.870471 0.000000 0.346286 0.391413 0.506579 0.487452 0.659705 0.449974 0.668277 0.890658 0.977949 0.826274 0.957254 0.646816 0.748604 0.783833 0.820594 0.708358 0.703891 0.821893 0.985109 0.861526 0.941843 0.913285 0.895775 0.716725 0.840101 0.811909 0.808732 0.868241 0.945827 0.637801 0.783122 0.853023 0.994133 0.400714 0.474232 0.513611 0.524008 0.758841 0.845380 0.660127 0.559081 0.794939 0.802148 0.809475 0.890868 0.885650 0.764971 0.797777 0.635461 0.809659 0.693286 0.498211 0.848591 0.370445 0.375957 0.763061 0.730986 0.724258 0.558359 0.772142 0.985627 0.819111 0.942514 0.671566 0.870388 0.707996 0.913932 0.918040 0.814883 0.902890 0.866711 0.971091 0.891988 0.696479 0.729756 0.953054 0.894317 0.878680 0.989683 0.910107 0.961065 0.924775 0.946017 0.878806 0.869400
0.852084 0.809972 0.522361 0.505978 0.903324 0.993434 0.661394 0.741154 0.998583 0.707212 0.943955 0.996531 0.761205 0.621614 0.756458 0.477863 0.986494 0.846074 0.584251 0.617270 0.751353 0.908030 0.413943 0.335505 0.452300 0.433428 0.818878 0.896126 0.959850 0.930172 0.346286 0.000000 0.539723 0.618989 0.704147 0.644377 0.601391 0.793483 0.772819 0.997664 0.963577 0.798435 0.767844 0.780422 0.927491 0.914253 0.746702 0.759172 0.795241 0.942806 0.964440 0.947825 0.935857 0.952333 0.751152 0.936477 0.830635 0.865915 0.949059 0.954535 0.804764 0.865944 0.963768 0.926355 0.518745 0.514067 0.674668 0.587489 0.850868 0.966301 0.860793 0.778610 0.865606 0.821285 0.826014 0.783261 0.931665 0.803191 0.839079 0.639055 0.844342 0.680748 0.596716 0.911803 0.480060 0.404589 0.824113 0.689596 0.856310 0.753049 0.933903 0.820607 0.951357 0.911454 0.726399 0.902993 0.897363 0.965192 0.960951 0.982830 0.907020 0.960159 0.886451 0.790463 0.810492 0.984221 0.891439 0.984532 0.906692 0.883680 0.978013 0.888697 0.825229 0.946555 0.958057 0.874208
0.368332 0.427026 0.429595 0.396470 0.800933 0.712856 0.328728 0.322530 0.644956 0.890442 0.531930 0.472984 0.332346 0.276234 0.476833 0.388946 0.569631 0.499239 0.278360 0.350707 0.745341 0.970792 0.384154 0.514853 0.691295 0.616272 0.893867 0.909278 0.571995 0.541414 0.391413 0.539723 0.000000 0.264447 0.501675 0.704895 0.479309 0.735068 0.894243 0.854251 0.792771 0.993227 0.593779 0.662469 0.656018 0.695723 0.576035 0.599888 0.910192 0.984077 0.849570 0.888386 0.946289 0.978547 0.744295 0.745487 0.479268 0.469618 0.499993 0.546579 0.316915 0.392385 0.444754 0.566514 0.413145 0.336614 0.359924 0.336834 0.696152 0.722302 0.576265 0.561603 0.832603 0.768312 0.758379 0.851690 0.691339 0.651398 0.607554 0.683262 0.453798 0.523363 0.529972 0.621874 0.307875 0.390806 0.863906 0.858270 0.611746 0.502670 0.716086 0.981894 0.769935 0.923131 0.776591 0.775929 0.632242 0.855329 0.602389 0.570396 0.751704 0.780716 0.741137 0.866631 0.501334 0.611404 0.934255 0.801588 0.710599 0.836793 0.770507 0.813501 0.881027 0.943431 0.837920 0.933364
0.293672 0.394990 0.387806 0.384006 0.781403 0.671674 0.270183 0.280785 0.542584 0.735292 0.467014 0.412360 0.340325 0.356896 0.517493 0.428581 0.473435 0.442768 0.273542 0.355860 0.805342 0.940441 0.424321 0.605754 0.749075 0.687068 0.920549 0.999785 0.544670 0.488443 0.506579 0.618989 0.264447 0.000000 0.455200 0.770229 0.533717 0.752333 0.875018 0.869864 0.820753 0.892807 0.531051 0.546124 0.586292 0.611127 0.501203 0.515177 0.985078 0.880086 0.746117 0.764288 0.843576 0.917332 0.661730 0.793988 0.471704 0.459337 0.438774 0.529996 0.332805 0.385217 0.428067 0.509452 0.449191 0.364596 0.306242 0.305077 0.592242 0.721442 0.482934 0.553133 0.852168 0.740671 0.805542 0.888574 0.646825 0.560459 0.610513 0.750980 0.390436 0.483443 0.540094 0.567562 0.362087 0.461298 0.907016 0.923819 0.526472 0.527900 0.614546 0.833549 0.656478 0.781409 0.687304 0.823420 0.582579 0.870666 0.487949 0.463781 0.668171 0.741252 0.622779 0.724505 0.460723 0.564154 0.940315 0.683035 0.690779 0.765737 0.699962 0.732690 0.781963 0.918190 0.739440 0.941452
0.616874 0.725596 0.382027 0.384073 0.718193 0.801980 0.400243 0.467978 0.659329 0.849041 0.809469 0.757686 0.617100 0.602394 0.594519 0.519800 0.834678 0.800397 0.444276 0.660995 0.769279 0.891432 0.437555 0.602700 0.594333 0.618325 0.871149 0.823021 0.867812 0.876994 0.487452 0.704147 0.501675 0.455200 0.000000 0.729594 0.575647 0.708639 0.877425 0.859509 0.789398 0.797693 0.520835 0.612344 0.673932 0.757215 0.570860 0.564645 0.897693 0.921255 0.755868 0.788759 0.736593 0.780054 0.702974 0.720969 0.801163 0.830173 0.659805 0.783401 0.589791 0.716369 0.794694 0.880118 0.374699 0.448240 0.322583 0.416826 0.788705 0.902279 0.440676 0.478260 0.754681 0.723079 0.980629 0.912198 0.647853 0.561424 0.803016 0.830724 0.750199 0.765540 0.718575 0.805383 0.464776 0.520172 0.782086 0.972015 0.704612 0.651653 0.463358 0.689508 0.554435 0.589944 0.691427 0.743449 0.595541 0.791061 0.634799 0.608400 0.741552 0.761982 0.741461 0.909206 0.656677 0.524535 0.984640 0.675418 0.649300 0.769642 0.728016 0.910120 0.877844 0.907520 0.869144 0.938398
0.920364 0.843800 0.668180 0.613636 0.994218 0.923449 0.726662 0.783998 0.948871 0.880337 0.860165 0.960178 0.898299 0.764828 0.779373 0.601008 0.976234 0.892299 0.681848 0.751570 0.721516 0.996282 0.600966 0.597001 0.570456 0.507686 0.698711 0.865526 0.878878 0.940052 0.659705 0.644377 0.704895 0.770229 0.729594 0.000000 0.508014 0.780233 0.796897 0.850236 0.718408 0.906915 0.659309 0.820521 0.835336 0.924255 0.798037 0.771338 0.865242 0.964533 0.771304 0.837502 0.832097 0.759731 0.826504 0.981995 0.878101 0.921821 0.978774 0.916632 0.967268 0.975399 0.947108 0.866681 0.631614 0.593560 0.600497 0.585809 0.954158 0.885807 0.680817 0.620133 0.835674 0.849543 0.971216 0.992031 0.722776 0.821716 0.989513 0.940996 0.901664 0.917599 0.660006 0.947454 0.614164 0.562212 0.860222 0.858693 0.891930 0.773731 0.702105 0.890618 0.693020 0.812621 0.866667 0.777528 0.869654 0.828416 0.855403 0.896626 0.855668 0.867766 0.858957 0.977171 0.849230 0.921643 0.961178 0.900579 0.868870 0.944039 0.951208 0.896782 0.909835 0.993570 0.912559 0.958383
0.657494 0.727713 0.377405 0.436668 0.902936 0.789641 0.457145 0.576779 0.699882 0.981110 0.918152 0.908598 0.703146 0.655020 0.507221 0.418227 0.887633 0.723302 0.521338 0.621445 0.627439 0.883751 0.453392 0.588312 0.527156 0.411632 0.796679 0.753305 0.866024 0.871576 0.449974 0.601391 0.479309 0.533717 0.575647 0.508014 0.000000 0.529742 0.822506 0.883433 0.736103 0.974535 0.606167 0.699602 0.711768 0.775501 0.583010 0.638555 0.903502 0.852686 0.702435 0.726837 0.738811 0.718081 0.706114 0.756207 0.817182 0.785599 0.727838 0.890455 0.697928 0.817855 0.844375 0.951710 0.467455 0.553802 0.445343 0.453945 0.777702 0.814971 0.525451 0.443215 0.692339 0.697769 0.963463 0.975210 0.682864 0.714629 0.703038 0.834283 0.727672 0.788990 0.646463 0.794271 0.482572 0.504438 0.894537 0.964707 0.695668 0.619350 0.584492 0.715940 0.595150 0.702870 0.769869 0.838981 0.659734 0.845174 0.685185 0.663553 0.797463 0.825357 0.765188 0.906223 0.570977 0.725846 0.827470 0.677954 0.761845 0.931602 0.851479 0.826657 0.857172 0.839819 0.925127 0.952953
0.818202 0.954190 0.625355 0.646073 0.834996 0.888636 0.638528 0.748689 0.733828 0.959722 0.930724 0.952303 0.754685 0.857751 0.680085 0.656081 0.929324 0.811078 0.724480 0.874866 0.686939 0.908792 0.707553 0.782371 0.701610 0.639154 0.864185 0.880099 0.928995 0.852574 0.668277 0.793483 0.735068 0.752333 0.708639 0.780233 0.529742 0.000000 0.915478 0.962234 0.819961 0.917569 0.778532 0.816106 0.797078 0.884745 0.764613 0.802451 0.879123 0.971095 0.851620 0.878381 0.839831 0.817707 0.763825 0.908226 0.974459 0.954105 0.796964 0.994837 0.818239 0.955178 0.882073 0.943375 0.686570 0.777231 0.601856 0.667390 0.906975 0.964488 0.623201 0.665277 0.707580 0.856389 0.861788 0.900310 0.843378 0.896043 0.960004 0.909389 0.869227 0.869150 0.842204 0.917506 0.773905 0.765842 0.923946 0.924710 0.865994 0.989377 0.631689 0.723756 0.660027 0.691221 0.878643 0.874470 0.720623 0.800816 0.823881 0.840064 0.904194 0.799507 0.874297 0.862179 0.848861 0.806581 0.758449 0.738815 0.818520 0.998278 0.957317 0.868263 0.864231 0.686144 0.886803 0.792849
