0.000000 0.235914 0.649034 0.778783 0.880988 0.844859 0.491296 0.422271 0.935024 0.524729 0.254072 0.253802 0.388050 0.447383 0.448443 0.509200 0.261952 0.220661 0.308634 0.276806 0.882421 0.863535 0.371728 0.867013 0.990321 0.956014 0.938369 0.975991 0.233736 0.253087 0.402006 0.396918 0.331817 0.307048 0.878127 0.922362 0.582726 0.810338 0.866981 0.847145 0.717257 0.690848 0.574781 0.480131 0.524767 0.445664 0.495748 0.439432 0.506992 0.569671 0.647562 0.666599 0.713476 0.932152 0.692912 0.732604 0.304843 0.274946 0.397874 0.395935 0.337258 0.544814 0.225182 0.246548 0.975773 0.973952 0.700841 0.656016 0.330276 0.295379 0.453669 0.514304 0.478719 0.572515 0.713625 0.863124 0.464327 0.610196 0.449907 0.294401 0.224145 0.306746 0.570729 0.546503 0.730407 0.957248 0.791874 0.776820 0.831710 0.766917 0.898712 0.847145 0.877926 0.977389 0.597561 0.689615 0.576070 0.776794 0.499003 0.520228 0.767085 0.638141 0.488819 0.540430 0.556165 0.524913 0.800134 0.912742 0.959927 0.768792 0.753392 0.606638 0.527914 0.644279 0.751280 0.861828
0.235914 0.000000 0.776136 0.864448 0.961142 0.903796 0.546298 0.463693 0.944642 0.495936 0.323401 0.318198 0.561673 0.616438 0.572034 0.603035 0.179120 0.192952 0.354712 0.295002 0.942112 0.791615 0.431239 0.955064 0.895538 0.933594 0.837696 0.968743 0.260619 0.247720 0.466180 0.461174 0.371764 0.346771 0.907602 0.807485 0.670651 0.739801 0.974625 0.985467 0.851663 0.561376 0.520685 0.435506 0.468795 0.429423 0.539102 0.428845 0.456875 0.567515 0.620185 0.656349 0.698770 0.880410 0.842999 0.838131 0.175796 0.170800 0.430686 0.442982 0.463706 0.650551 0.213616 0.197672 0.887049 0.915425 0.698740 0.665288 0.396905 0.307062 0.384891 0.438406 0.487040 0.538395 0.723483 0.786252 0.454434 0.410717 0.443362 0.376734 0.205729 0.390067 0.550514 0.586727 0.868860 0.906751 0.669098 0.654225 0.954893 0.908520 0.826841 0.792899 0.805593 0.984649 0.585995 0.708827 0.581947 0.644406 0.460809 0.442581 0.729572 0.599568 0.383956 0.449574 0.519555 0.475488 0.720296 0.832758 0.943905 0.832737 0.658745 0.563126 0.552892 0.671804 0.737842 0.903073
0.649034 0.776136 0.000000 0.212042 0.962370 0.597298 0.259142 0.396976 0.653041 0.749025 0.666954 0.732721 0.573965 0.545013 0.650788 0.555362 0.824827 0.696603 0.573370 0.597831 0.652949 0.807114 0.383340 0.396322 0.600009 0.372484 0.867301 0.992408 0.854261 0.743563 0.415684 0.473212 0.416134 0.443595 0.562713 0.638270 0.606432 0.702717 0.505845 0.704834 0.910535 0.891014 0.386704 0.418083 0.474331 0.480269 0.404267 0.390703 0.812153 0.663688 0.608201 0.613417 0.619352 0.784279 0.645201 0.615024 0.882758 0.863809 0.635439 0.631942 0.478031 0.531081 0.780706 0.862852 0.429507 0.418366 0.283835 0.353496 0.829463 0.712713 0.523001 0.491979 0.671752 0.561713 0.757998 0.844278 0.522926 0.836640 0.648415 0.532059 0.750705 0.585050 0.846876 0.825141 0.624272 0.542114 0.841382 0.994258 0.818695 0.643182 0.577705 0.646247 0.522492 0.498825 0.666916 0.703466 0.396042 0.788155 0.572080 0.548306 0.589224 0.615373 0.706030 0.731135 0.467421 0.589145 0.734631 0.646393 0.921095 0.800161 0.846038 0.697395 0.619111 0.682385 0.695736 0.896320
0.778783 0.864448 0.212042 0.000000 0.947066 0.620348 0.338339 0.423305 0.708598 0.795026 0.740803 0.840149 0.687223 0.626276 0.744004 0.614890 0.902081 0.784947 0.631832 0.664930 0.676238 0.824061 0.473293 0.419784 0.620148 0.369816 0.774381 0.908985 0.906208 0.834169 0.531780 0.539054 0.516125 0.533814 0.542647 0.581447 0.614657 0.731184 0.560633 0.796138 0.979292 0.874303 0.472132 0.505497 0.559214 0.576749 0.465882 0.498805 0.835484 0.682813 0.672913 0.677320 0.684755 0.812797 0.707582 0.665408 0.934780 0.936878 0.671510 0.715295 0.656592 0.604537 0.896677 0.981043 0.460605 0.411790 0.317604 0.388050 0.870497 0.819577 0.546139 0.533853 0.760063 0.626085 0.868865 0.887273 0.551689 0.832969 0.724063 0.632315 0.845092 0.630438 0.935630 0.889819 0.675902 0.542583 0.876547 0.903747 0.814136 0.607218 0.545834 0.605838 0.491188 0.428231 0.787434 0.654130 0.483237 0.735931 0.638965 0.568294 0.580198 0.691470 0.766282 0.723585 0.519354 0.675189 0.777732 0.689296 0.897980 0.848079 0.843331 0.710018 0.641548 0.651351 0.769595 0.814909
0.880988 0.961142 0.962370 0.947066 0.000000 0.921735 0.999772 0.950929 0.928212 0.945460 0.947264 0.961023 0.914742 0.826033 0.852468 0.995652 0.930734 0.974417 0.941536 0.848282 0.918590 0.990263 0.994576 0.957128 0.975031 0.965986 0.860574 0.904033 0.965198 0.939295 0.909249 0.897397 0.972292 0.930132 0.960680 0.938336 0.746889 0.968842 0.929270 0.951455 0.879626 0.971511 0.905834 0.970635 0.910070 0.882340 0.935421 0.961370 0.868341 0.859244 0.874122 0.867073 0.860156 0.804599 0.967266 0.872308 0.916474 0.928439 0.960042 0.939752 0.945691 0.851511 0.920625 0.932519 0.910876 0.826743 0.893701 0.860955 0.931913 0.911861 0.874303 0.903849 0.976774 0.989701 0.905550 0.971997 0.951119 0.974211 0.944369 0.952489 0.907106 0.955800 0.826986 0.979478 0.914895 0.902083 0.866544 0.968795 0.978569 0.987629 0.868956 0.949090 0.852488 0.953004 0.979495 0.956910 0.982291 0.786647 0.965589 0.848997 0.907726 0.960176 0.931583 0.931477 0.920237 0.994304 0.840300 0.962947 0.720385 0.970857 0.930862 0.813467 0.799557 0.986056 0.904444 0.954054
0.844859 0.903796 0.597298 0.620348 0.921735 0.000000 0.583470 0.751932 0.750653 0.753529 0.862587 0.751100 0.594817 0.702714 0.656504 0.496482 0.953306 0.872251 0.693220 0.790855 0.822906 0.778580 0.622718 0.613420 0.881437 0.626191 0.817631 0.623843 0.905054 0.836227 0.693811 0.725871 0.661232 0.598927 0.833526 0.919475 0.935128 0.958120 0.739093 0.869731 0.891008 0.955409 0.645626 0.610235 0.816002 0.834934 0.829083 0.707687 0.915757 0.789805 0.822397 0.747341 0.803781 0.827965 0.915719 0.910582 0.963586 0.991964 0.862156 0.894751 0.820998 0.956354 0.896219 0.953555 0.828465 0.848153 0.745235 0.833239 0.955423 0.743179 0.795578 0.744249 0.835551 0.667846 0.770148 0.813540 0.742138 0.807110 0.777976 0.635712 0.867279 0.747793 0.943995 0.995283 0.813833 0.783963 0.841782 0.796195 0.991161 0.955702 0.688153 0.674746 0.736336 0.643560 0.791193 0.723145 0.700674 0.852047 0.768801 0.740089 0.941164 0.805956 0.831221 0.796159 0.728111 0.803739 0.914705 0.809945 0.937908 0.788946 0.952760 0.852813 0.743653 0.893583 0.839320 0.982706
0.491296 0.546298 0.259142 0.338339 0.999772 0.583470 0.000000 0.208765 0.506482 0.398221 0.528038 0.598087 0.483998 0.623271 0.626490 0.569901 0.607692 0.524424 0.380113 0.415692 0.770838 0.791396 0.268444 0.616259 0.922139 0.648662 0.943065 0.937528 0.638120 0.530812 0.297908 0.425715 0.269124 0.242763 0.649822 0.592468 0.646552 0.737542 0.734558 0.836924 0.920684 0.732148 0.207737 0.216307 0.251217 0.268748 0.372164 0.307500 0.491209 0.391042 0.385483 0.377299 0.412947 0.587130 0.746929 0.649022 0.621150 0.592157 0.362376 0.423088 0.388245 0.541497 0.513106 0.568793 0.745127 0.712113 0.297631 0.394495 0.771268 0.528851 0.313729 0.286481 0.646994 0.478431 0.789910 0.755437 0.357833 0.635953 0.468929 0.421309 0.578420 0.586302 0.872857 0.854729 0.862670 0.892210 0.950671 0.828008 0.846738 0.855538 0.362230 0.394011 0.396400 0.420023 0.607138 0.598914 0.307490 0.643439 0.263109 0.276017 0.425548 0.394642 0.426195 0.440262 0.365628 0.380833 0.502519 0.525901 0.831823 0.805505 0.659640 0.497968 0.396388 0.541510 0.592610 0.877071
0.422271 0.463693 0.396976 0.423305 0.950929 0.751932 0.208765 0.000000 0.535939 0.335078 0.390592 0.512296 0.507635 0.619416 0.684644 0.666234 0.498505 0.453488 0.373022 0.345485 0.913120 0.842718 0.354284 0.777991 0.897602 0.834156 0.900953 0.890088 0.500932 0.474208 0.414115 0.445815 0.327794 0.297838 0.771875 0.659586 0.664683 0.812665 0.906127 0.955515 0.847902 0.640810 0.353832 0.369384 0.322082 0.342228 0.482348 0.435923 0.435810 0.427900 0.479084 0.474535 0.531370 0.687932 0.831863 0.669755 0.514438 0.469778 0.322270 0.396841 0.419060 0.482220 0.426879 0.455726 0.906130 0.823255 0.420506 0.495083 0.668473 0.473156 0.314340 0.350085 0.677325 0.610554 0.807194 0.859579 0.370286 0.651929 0.496876 0.473447 0.502192 0.534248 0.863511 0.848659 0.943242 0.967888 0.915506 0.774500 0.789702 0.832418 0.391285 0.419268 0.423486 0.500215 0.613127 0.631560 0.369320 0.595679 0.261423 0.265781 0.384946 0.419814 0.376168 0.390362 0.383770 0.394106 0.529536 0.585573 0.822739 0.801248 0.616811 0.443461 0.336446 0.500823 0.623609 0.935897
0.935024 0.944642 0.653041 0.708598 0.928212 0.750653 0.506482 0.535939 0.000000 0.447822 0.809183 0.897005 0.699029 0.986913 0.977887 0.918567 0.993466 0.982999 0.831693 0.868672 0.996470 0.859475 0.776235 0.982743 0.778176 0.996106 0.823545 0.933762 0.996032 0.986448 0.746172 0.927567 0.816066 0.691050 0.992095 0.801414 0.899619 0.960551 0.922309 0.843538 0.862595 0.958846 0.604882 0.619043 0.592146 0.572282 0.804261 0.760954 0.594228 0.485023 0.480743 0.482141 0.468080 0.501473 0.931283 0.941491 0.936826 0.964812 0.508566 0.656431 0.710465 0.791173 0.835491 0.871135 0.924777 0.975688 0.758608 0.859689 0.913644 0.868748 0.710957 0.689779 0.907403 0.967162 0.959315 0.907259 0.689099 0.860064 0.778930 0.842435 0.953365 0.829710 0.730463 0.754181 0.713711 0.751110 0.907247 0.754162 0.851574 0.915069 0.509859 0.548570 0.638977 0.525204 0.833018 0.905606 0.728049 0.918053 0.555438 0.549681 0.712722 0.575338 0.608541 0.658150 0.730075 0.703234 0.640502 0.561427 0.841541 0.959598 0.808617 0.756147 0.635644 0.763218 0.643122 0.845458
0.524729 0.495936 0.749025 0.795026 0.945460 0.753529 0.398221 0.335078 0.447822 0.000000 0.482013 0.519864 0.469001 0.733117 0.668873 0.729786 0.550949 0.584097 0.414937 0.431701 0.983330 0.822053 0.484267 0.956562 0.568352 0.782673 0.747501 0.887927 0.506901 0.478732 0.562120 0.612187 0.484344 0.415335 0.883104 0.805625 0.877040 0.985414 0.886355 0.882246 0.928956 0.656064 0.480729 0.458463 0.451414 0.447420 0.662236 0.577638 0.317857 0.388201 0.481775 0.469417 0.541508 0.637550 0.984179 0.915577 0.587188 0.504112 0.333817 0.485970 0.599606 0.826527 0.423547 0.439665 0.643392 0.703574 0.820069 0.932864 0.698359 0.478477 0.463588 0.472591 0.774881 0.714855 0.803167 0.729080 0.471275 0.598221 0.461918 0.552382 0.559104 0.773343 0.955677 0.979151 0.735196 0.556155 0.702939 0.629208 0.906337 0.832680 0.495264 0.408523 0.625721 0.689229 0.738970 0.766633 0.555373 0.704920 0.298680 0.329563 0.555597 0.431077 0.340849 0.399915 0.665555 0.507034 0.558911 0.608312 0.818905 0.833130 0.740719 0.609258 0.423409 0.654424 0.737135 0.877645
0.254072 0.323401 0.666954 0.740803 0.947264 0.862587 0.528038 0.390592 0.809183 0.482013 0.000000 0.330914 0.397753 0.479781 0.558874 0.578979 0.383433 0.341327 0.352178 0.304749 0.971286 0.830747 0.485210 0.913408 0.928988 0.999183 0.920468 0.957809 0.339118 0.334167 0.483228 0.496126 0.408194 0.415797 0.968692 0.875741 0.677447 0.881212 0.939032 0.884309 0.741389 0.708656 0.651007 0.571011 0.569923 0.498479 0.622294 0.599155 0.507760 0.601747 0.692370 0.694058 0.721905 0.913471 0.761153 0.730791 0.436544 0.374023 0.431257 0.470331 0.433102 0.592952 0.315358 0.343399 0.954234 0.987587 0.752184 0.738892 0.380950 0.371653 0.480047 0.487864 0.566949 0.659774 0.710671 0.934442 0.457162 0.608534 0.531482 0.368980 0.349087 0.399710 0.727835 0.671591 0.884658 0.919922 0.881718 0.711986 0.795886 0.822971 0.807936 0.805388 0.808423 0.965209 0.703730 0.761580 0.616119 0.808168 0.510195 0.508237 0.740929 0.601314 0.463087 0.540102 0.599339 0.581939 0.823284 0.882571 0.973637 0.828135 0.737857 0.673174 0.527511 0.628513 0.756518 0.974608
0.253802 0.318198 0.732721 0.840149 0.961023 0.751100 0.598087 0.512296 0.897005 0.519864 0.330914 0.000000 0.301759 0.413027 0.397645 0.351660 0.320438 0.297659 0.391459 0.386168 0.891489 0.851055 0.376001 0.794772 0.970959 0.964135 0.964008 0.944042 0.280407 0.284185 0.523344 0.465606 0.420527 0.392675 0.994968 0.941888 0.757523 0.971631 0.940555 0.936628 0.868567 0.770015 0.652808 0.543764 0.669463 0.542223 0.648863 0.505453 0.588902 0.569566 0.662938 0.638442 0.721961 0.810854 0.826740 0.862366 0.440817 0.359540 0.490166 0.492336 0.361206 0.554407 0.239188 0.282368 0.981922 0.988800 0.848578 0.790769 0.459074 0.378846 0.561438 0.550300 0.445421 0.501326 0.626231 0.744062 0.559614 0.565502 0.495058 0.344821 0.302002 0.366358 0.622493 0.592639 0.724409 0.946279 0.738871 0.889601 0.865696 0.820292 0.909003 0.897416 0.946410 0.865197 0.622312 0.768675 0.677046 0.835350 0.614036 0.575558 0.835374 0.679114 0.575685 0.680828 0.569654 0.552039 0.842362 0.969969 0.927536 0.741735 0.856863 0.674425 0.573191 0.744702 0.726292 0.968141
0.388050 0.561673 0.573965 0.687223 0.914742 0.594817 0.483998 0.507635 0.699029 0.469001 0.397753 0.301759 0.000000 0.364530 0.400760 0.330022 0.607672 0.549889 0.417876 0.506996 0.814159 0.897959 0.374696 0.642688 0.999991 0.852443 0.933686 0.967735 0.469893 0.422359 0.527599 0.509205 0.469960 0.435625 0.965312 0.987980 0.757809 0.964738 0.783748 0.799249 0.886867 0.905956 0.620084 0.534574 0.700699 0.554222 0.600936 0.541387 0.613343 0.514703 0.618082 0.577027 0.644661 0.740067 0.761187 0.737752 0.747350 0.613478 0.495377 0.540154 0.361112 0.620432 0.419308 0.503167 0.925296 0.937919 0.847849 0.842891 0.549179 0.482636 0.628214 0.603707 0.545772 0.603381 0.770320 0.771490 0.585268 0.700107 0.537147 0.365611 0.537570 0.482530 0.807258 0.724748 0.770061 0.913026 0.854924 0.976378 0.689135 0.856702 0.846639 0.798788 0.950007 0.931827 0.705056 0.814244 0.630282 0.873355 0.613770 0.606932 0.808322 0.641420 0.629396 0.713206 0.691157 0.646568 0.897750 0.941126 0.935994 0.690390 0.953015 0.792318 0.594810 0.756681 0.755683 0.956038
0.447383 0.616438 0.545013 0.626276 0.826033 0.702714 0.623271 0.619416 0.986913 0.733117 0.479781 0.413027 0.364530 0.000000 0.334517 0.335825 0.649695 0.536803 0.414053 0.423550 0.742326 0.767055 0.430809 0.518517 0.846947 0.767174 0.940761 0.866346 0.478599 0.448704 0.564271 0.440931 0.527137 0.502634 0.977701 0.986932 0.768460 0.972460 0.691959 0.803699 0.854224 0.848835 0.759024 0.723205 0.906759 0.801408 0.614418 0.665938 0.922851 0.921537 0.984799 0.939582 0.952007 0.909121 0.722829 0.849644 0.757707 0.747400 0.762928 0.858836 0.572924 0.748058 0.629685 0.671649 0.796894 0.818401 0.868730 0.859390 0.504364 0.560329 0.759313 0.772476 0.520177 0.667326 0.737230 0.780597 0.640534 0.750419 0.679431 0.482864 0.561721 0.372880 0.688671 0.598379 0.615681 0.707830 0.904477 0.956178 0.834769 0.765493 0.996796 0.934592 0.983690 0.965735 0.731542 0.770966 0.736060 0.811231 0.821277 0.784597 0.854141 0.790873 0.757403 0.808806 0.787455 0.791928 0.952756 0.927553 0.882567 0.698068 0.993295 0.861991 0.794146 0.788998 0.886931 0.944879
0.448443 0.572034 0.650788 0.744004 0.852468 0.656504 0.626490 0.684644 0.977887 0.668873 0.558874 0.397645 0.400760 0.334517 0.000000 0.362213 0.547286 0.467903 0.412196 0.426332 0.788069 0.768986 0.420064 0.598406 0.888941 0.813034 0.999187 0.820492 0.491673 0.378874 0.461335 0.397251 0.498431 0.467773 0.986951 0.965647 0.825454 0.963880 0.758991 0.857051 0.860343 0.930421 0.687126 0.614797 0.833183 0.743346 0.664898 0.593826 0.849382 0.795815 0.896223 0.834695 0.896665 0.993532 0.892240 0.993251 0.703397 0.665801 0.680380 0.769674 0.595962 0.879714 0.570952 0.604246 0.968662 0.981684 0.871932 0.880439 0.471498 0.575571 0.689089 0.674144 0.466120 0.565785 0.723220 0.740100 0.666499 0.627407 0.467930 0.487813 0.529812 0.472144 0.699809 0.606150 0.791319 0.840691 0.843908 0.976458 0.930756 0.953373 0.998590 0.958160 0.920274 0.916404 0.698575 0.793992 0.690144 0.816044 0.745565 0.721428 0.892552 0.823777 0.723756 0.757267 0.796385 0.789229 0.897145 0.917334 0.926471 0.707120 0.990872 0.863774 0.783624 0.821057 0.902333 0.983496
0.509200 0.603035 0.555362 0.614890 0.995652 0.496482 0.569901 0.666234 0.918567 0.729786 0.578979 0.351660 0.330022 0.335825 0.362213 0.000000 0.599896 0.537624 0.434096 0.517950 0.730113 0.751075 0.356541 0.426028 0.746499 0.694385 0.887226 0.757466 0.557389 0.464991 0.551120 0.449280 0.471850 0.428133 0.945629 0.984028 0.765136 0.965681 0.740786 0.817818 0.955698 0.955899 0.601735 0.526304 0.806795 0.672401 0.618276 0.526031 0.859338 0.678816 0.755621 0.689770 0.770021 0.802913 0.726927 0.908198 0.764232 0.696940 0.670506 0.748906 0.505017 0.700963 0.559271 0.631680 0.743953 0.752272 0.779012 0.764077 0.641019 0.543768 0.680274 0.645656 0.516877 0.497003 0.696148 0.705431 0.658085 0.683091 0.570008 0.442371 0.581945 0.459933 0.766121 0.672395 0.606606 0.646221 0.776466 0.918501 0.901709 0.808676 0.928564 0.874161 0.979161 0.991565 0.738522 0.708770 0.677367 0.795588 0.745047 0.677871 0.936335 0.750047 0.753537 0.822427 0.637823 0.662578 0.948164 0.989723 0.863761 0.637839 0.993463 0.789263 0.706787 0.808929 0.840229 0.926733
0.261952 0.179120 0.824827 0.902081 0.930734 0.953306 0.607692 0.498505 0.993466 0.550949 0.383433 0.320438 0.607672 0.649695 0.547286 0.599896 0.000000 0.184051 0.387705 0.323693 0.946608 0.797098 0.464480 0.959151 0.961928 0.930519 0.892138 0.952245 0.291796 0.264264 0.477110 0.451842 0.390908 0.382782 0.954248 0.852004 0.731749 0.778807 0.983920 0.979304 0.815759 0.586553 0.550865 0.497837 0.509809 0.470843 0.558189 0.457754 0.465474 0.588213 0.660965 0.692823 0.759790 0.922460 0.874365 0.898386 0.205992 0.201355 0.442521 0.485576 0.504332 0.671303 0.231186 0.229156 0.898504 0.932985 0.733827 0.719321 0.412513 0.314937 0.459374 0.504910 0.503615 0.559032 0.660767 0.857997 0.499626 0.502734 0.432048 0.432750 0.206221 0.405524 0.510631 0.591525 0.834663 0.929704 0.730617 0.687184 0.952413 0.906308 0.890069 0.864367 0.885979 0.905685 0.650692 0.757197 0.621859 0.675648 0.531723 0.484214 0.766060 0.680180 0.464524 0.515929 0.542687 0.479651 0.785798 0.897745 0.955887 0.847662 0.736727 0.585032 0.572046 0.672512 0.717967 0.927031
0.220661 0.192952 0.696603 0.784947 0.974417 0.872251 0.524424 0.453488 0.982999 0.584097 0.341327 0.297659 0.549889 0.536803 0.467903 0.537624 0.184051 0.000000 0.321131 0.238630 0.885226 0.763400 0.373696 0.828497 0.965519 0.944183 0.910740 0.962058 0.255973 0.221007 0.424012 0.398717 0.347846 0.303407 0.834578 0.887721 0.651745 0.750024 0.880768 0.967659 0.709119 0.637767 0.517808 0.444647 0.504907 0.474669 0.568201 0.411532 0.544212 0.610592 0.695233 0.712503 0.755858 0.912220 0.821251 0.851054 0.206723 0.216185 0.476695 0.489549 0.456745 0.650516 0.244135 0.239628 0.988330 0.987841 0.662217 0.618936 0.413797 0.356494 0.411080 0.455771 0.468359 0.487320 0.736291 0.746585 0.471562 0.469980 0.449894 0.346707 0.205025 0.308195 0.517597 0.547895 0.750110 0.954063 0.789847 0.767561 0.958511 0.839280 0.813170 0.800632 0.780910 0.998299 0.573058 0.758639 0.603674 0.657273 0.501090 0.476118 0.757843 0.635065 0.455501 0.513309 0.495167 0.476428 0.744232 0.913662 0.997863 0.795794 0.749342 0.542617 0.562515 0.602782 0.769446 0.876552
0.308634 0.354712 0.573370 0.631832 0.941536 0.693220 0.380113 0.373022 0.831693 0.414937 0.352178 0.391459 0.417876 0.414053 0.412196 0.434096 0.387705 0.321131 0.000000 0.221461 0.803273 0.691779 0.322592 0.733968 0.990053 0.930599 0.905510 0.946192 0.299802 0.270122 0.343059 0.318033 0.283506 0.247971 0.954095 0.784896 0.680639 0.824935 0.827400 0.994357 0.891610 0.627280 0.444652 0.403863 0.500464 0.469719 0.486304 0.428723 0.502631 0.543576 0.667876 0.651180 0.739160 0.891992 0.909207 0.838588 0.424028 0.420003 0.404606 0.524202 0.537865 0.823620 0.360857 0.421654 0.929276 0.933986 0.673945 0.775691 0.466345 0.341379 0.421842 0.448426 0.524833 0.524984 0.728105 0.768202 0.449127 0.502028 0.464836 0.372530 0.415309 0.440560 0.787156 0.759774 0.936180 0.944997 0.766325 0.800212 0.906374 0.977554 0.709352 0.622895 0.765530 0.842739 0.759634 0.619148 0.543884 0.621220 0.416482 0.394640 0.633759 0.519587 0.409964 0.431115 0.587029 0.545051 0.762388 0.796332 0.980490 0.790696 0.749517 0.599793 0.457150 0.577791 0.809171 0.974348
0.276806 0.295002 0.597831 0.664930 0.848282 0.790855 0.415692 0.345485 0.868672 0.431701 0.304749 0.386168 0.506996 0.423550 0.426332 0.517950 0.323693 0.238630 0.221461 0.000000 0.879307 0.698651 0.352290 0.789014 0.938177 0.955355 0.799343 0.939075 0.293815 0.223450 0.361798 0.312643 0.301224 0.255865 0.903965 0.803278 0.637393 0.763609 0.836012 0.979261 0.748145 0.618412 0.461425 0.416797 0.501700 0.505824 0.534869 0.448888 0.552213 0.631634 0.734476 0.726441 0.770154 0.945045 0.875473 0.894171 0.340972 0.345130 0.442956 0.559293 0.544594 0.763286 0.356429 0.351794 0.911190 0.938965 0.673029 0.702631 0.452642 0.352308 0.412547 0.449482 0.528567 0.549533 0.724127 0.749275 0.393657 0.509112 0.423877 0.404540 0.344898 0.377778 0.748673 0.715053 0.935325 0.928518 0.721693 0.714153 0.962197 0.902257 0.712484 0.616999 0.727219 0.851904 0.634068 0.704363 0.524840 0.591668 0.413677 0.396960 0.629566 0.532138 0.355905 0.408519 0.534608 0.499833 0.729756 0.797617 0.999122 0.781507 0.684021 0.565995 0.502789 0.523098 0.759213 0.988456
0.882421 0.942112 0.652949 0.676238 0.918590 0.822906 0.770838 0.913120 0.996470 0.983330 0.971286 0.891489 0.814159 0.742326 0.788069 0.730113 0.946608 0.885226 0.803273 0.879307 0.000000 0.878493 0.691397 0.615208 0.594085 0.642747 0.838937 0.877455 0.978264 0.908517 0.747836 0.711201 0.811588 0.769298 0.777925 0.917720 0.785263 0.891683 0.536940 0.843306 0.897943 0.957008 0.811551 0.814429 0.890521 0.855744 0.630936 0.705223 0.949980 0.998912 0.984166 0.980145 0.996268 0.859227 0.862653 0.839164 0.887954 0.988813 0.908677 0.927332 0.827779 0.906797 0.908054 0.984861 0.651151 0.731570 0.730605 0.764117 0.919354 0.883452 0.947070 0.922285 0.772320 0.827410 0.851924 0.815900 0.958029 0.995902 0.931131 0.827658 0.926373 0.773205 0.806398 0.695101 0.700710 0.662949 0.970393 0.898909 0.936020 0.832785 0.926052 0.923504 0.975988 0.995234 0.964143 0.741737 0.846544 0.874715 0.937116 0.922001 0.942517 0.933130 0.910539 0.964815 0.970644 0.969682 0.897323 0.931728 0.986168 0.907668 0.902527 0.903115 0.974073 0.967799 0.895326 0.911866
0.863535 0.791615 0.807114 0.824061 0.990263 0.778580 0.791396 0.842718 0.859475 0.822053 0.830747 0.851055 0.897959 0.767055 0.768986 0.751075 0.797098 0.763400 0.691779 0.698651 0.878493 0.000000 0.777902 0.883443 0.920448 0.918360 0.829429 0.803261 0.828523 0.755590 0.718084 0.711812 0.725455 0.737741 0.826567 0.792318 0.833144 0.641083 0.935822 0.979433 0.896899 0.856384 0.735024 0.756436 0.804954 0.845114 0.917463 0.799660 0.931142 0.884651 0.934793 0.892181 0.880559 0.912080 0.962948 0.965399 0.864146 0.879723 0.856053 0.988497 0.990852 0.885052 0.858905 0.897923 0.967754 0.977512 0.862405 0.910101 0.873826 0.789202 0.764666 0.773371 0.774091 0.749500 0.931399 0.863140 0.849466 0.777341 0.880259 0.797069 0.842938 0.878789 0.978383 0.918459 0.924952 0.970469 0.906188 0.805408 0.900396 0.850628 0.802071 0.848063 0.850033 0.868081 0.886994 0.853653 0.921106 0.738636 0.792960 0.782201 0.914810 0.777378 0.700562 0.630879 0.800258 0.877447 0.997145 0.889437 0.936950 0.839596 0.900523 0.878757 0.865987 0.808760 0.999363 0.885945
0.371728 0.431239 0.383340 0.473293 0.994576 0.622718 0.268444 0.354284 0.776235 0.484267 0.485210 0.376001 0.374696 0.430809 0.420064 0.356541 0.464480 0.373696 0.322592 0.352290 0.691397 0.777902 0.000000 0.504801 0.847984 0.654889 0.993936 0.951817 0.475375 0.342215 0.268054 0.275910 0.224674 0.217605 0.756530 0.782306 0.632566 0.812154 0.704868 0.891375 0.896095 0.721896 0.319407 0.285704 0.412313 0.364496 0.392129 0.319343 0.564114 0.501595 0.519944 0.496481 0.568909 0.712183 0.706113 0.750114 0.513895 0.484593 0.457248 0.502671 0.360817 0.616683 0.379666 0.436361 0.793072 0.805448 0.479026 0.508758 0.633026 0.437573 0.390761 0.360822 0.464875 0.336783 0.718835 0.701796 0.390972 0.574604 0.403685 0.371728 0.417593 0.419678 0.653507 0.667963 0.702001 0.812954 0.870476 0.912361 0.932283 0.870549 0.629350 0.627309 0.661904 0.795165 0.615245 0.629306 0.432728 0.683254 0.429276 0.414568 0.671192 0.561741 0.476797 0.540311 0.431565 0.426674 0.602302 0.793119 0.942218 0.692894 0.713390 0.574037 0.469481 0.653070 0.679851 0.948031
0.867013 0.955064 0.396322 0.419784 0.957128 0.613420 0.616259 0.777991 0.982743 0.956562 0.913408 0.794772 0.642688 0.518517 0.598406 0.426028 0.959151 0.828497 0.733968 0.789014 0.615208 0.883443 0.504801 0.000000 0.514927 0.417456 0.786572 0.890308 0.996753 0.797051 0.653858 0.567689 0.636342 0.669639 0.744214 0.877450 0.780031 0.937103 0.480051 0.777847 0.929532 0.906214 0.700779 0.711832 0.905198 0.872505 0.656573 0.641234 0.856701 0.990062 0.983117 0.955106 0.987389 0.988624 0.793531 0.811936 0.945952 0.929746 0.971527 0.967251 0.738267 0.797974 0.998250 0.941374 0.449307 0.461861 0.618990 0.616548 0.959404 0.920139 0.816854 0.767958 0.701022 0.609118 0.891875 0.811685 0.773132 0.940212 0.810291 0.718856 0.904173 0.618840 0.787182 0.676129 0.520200 0.417938 0.849098 0.698348 0.865517 0.747134 0.858016 0.893417 0.849750 0.830306 0.801569 0.856559 0.706360 0.806872 0.948381 0.865091 0.865213 0.949514 0.993694 0.916258 0.791568 0.835422 0.988568 0.999284 0.968043 0.801724 0.944906 0.945441 0.914635 0.920160 0.968159 0.924361
0.990321 0.895538 0.600009 0.620148 0.975031 0.881437 0.922139 0.897602 0.778176 0.568352 0.928988 0.970959 0.999991 0.846947 0.888941 0.746499 0.961928 0.965519 0.990053 0.938177 0.594085 0.920448 0.847984 0.514927 0.000000 0.336492 0.611837 0.813645 0.855200 0.921773 0.778698 0.773963 0.847256 0.944330 0.537588 0.853904 0.805192 0.741693 0.468193 0.705763 0.952830 0.876296 0.926646 0.909394 0.973112 0.948356 0.745309 0.745929 0.715680 0.858100 0.947166 0.905747 0.906939 0.820846 0.725987 0.877454 0.905088 0.848840 0.873105 0.965928 0.874397 0.810789 0.895722 0.789379 0.323033 0.390097 0.617856 0.595184 0.935378 0.931279 0.927957 0.982089 0.741173 0.764949 0.859909 0.876213 0.983513 0.902463 0.956922 0.879479 0.999787 0.765416 0.672188 0.776132 0.420712 0.304844 0.746602 0.714862 0.960222 0.606068 0.753823 0.634285 0.876911 0.914836 0.892791 0.943353 0.903928 0.842520 0.737168 0.817118 0.879485 0.852130 0.722127 0.716677 0.899332 0.947371 0.834745 0.842891 0.888734 0.975794 0.949636 0.808579 0.802628 0.979292 0.968732 0.914948
0.956014 0.933594 0.372484 0.369816 0.965986 0.626191 0.648662 0.834156 0.996106 0.782673 0.999183 0.964135 0.852443 0.767174 0.813034 0.694385 0.930519 0.944183 0.930599 0.955355 0.642747 0.918360 0.654889 0.417456 0.336492 0.000000 0.633462 0.835852 0.872707 0.958737 0.660833 0.669676 0.718261 0.768875 0.476704 0.777341 0.779405 0.772710 0.428569 0.619304 0.932624 0.981639 0.696237 0.700243 0.817406 0.827789 0.634302 0.647606 0.852341 0.956431 0.869517 0.882899 0.876672 0.964328 0.649200 0.689314 0.890640 0.848591 0.984156 0.932826 0.767714 0.730975 0.923380 0.817049 0.272627 0.294829 0.419653 0.433565 0.990686 0.989220 0.850824 0.746858 0.728978 0.637528 0.893917 0.945758 0.876981 0.992417 0.930250 0.775515 0.946846 0.669533 0.773124 0.838978 0.445412 0.284490 0.778755 0.659938 0.909589 0.556563 0.877046 0.994334 0.786688 0.685546 0.867066 0.871514 0.722806 0.994829 0.972928 0.940701 0.899615 0.914008 0.891392 0.921959 0.635628 0.890061 0.956494 0.987025 0.933667 0.881877 0.991949 0.995534 0.938429 0.909903 0.905971 0.920248
0.938369 0.837696 0.867301 0.774381 0.860574 0.817631 0.943065 0.900953 0.823545 0.747501 0.920468 0.964008 0.933686 0.940761 0.999187 0.887226 0.892138 0.910740 0.905510 0.799343 0.838937 0.829429 0.993936 0.786572 0.611837 0.633462 0.000000 0.748792 0.902942 0.802659 0.868216 0.951400 0.959977 0.878018 0.895562 0.922352 0.886796 0.934917 0.792281 0.863658 0.987441 0.898200 0.894595 0.881787 0.866959 0.925077 0.952146 0.998385 0.998477 0.929319 0.937746 0.914875 0.900051 0.860435 0.796932 0.798796 0.821306 0.810501 0.902522 0.952932 0.983083 0.941764 0.877004 0.791068 0.594009 0.648426 0.907900 0.938924 0.943129 0.958441 0.817306 0.825641 0.923490 0.949857 0.874884 0.879066 0.931238 0.841926 0.916519 0.971893 0.954232 0.815887 0.843276 0.920228 0.505671 0.538793 0.815048 0.596287 0.915613 0.636855 0.842099 0.870095 0.962022 0.944559 0.798608 0.978932 0.877055 0.764531 0.753363 0.828232 0.832436 0.838484 0.658598 0.735425 0.960171 0.827557 0.813936 0.733870 0.790931 0.956119 0.709780 0.862162 0.827519 0.856886 0.928855 0.949110
0.975991 0.968743 0.992408 0.908985 0.904033 0.623843 0.937528 0.890088 0.933762 0.887927 0.957809 0.944042 0.967735 0.866346 0.820492 0.757466 0.952245 0.962058 0.946192 0.939075 0.877455 0.803261 0.951817 0.890308 0.813645 0.835852 0.748792 0.000000 0.986304 0.944415 0.966019 0.875156 0.961656 0.931211 0.844788 0.970043 0.996608 0.981671 0.851900 0.936213 0.981164 0.945959 0.988990 0.978467 0.885094 0.936390 0.970965 0.984231 0.926389 0.946270 0.924226 0.957114 0.937296 0.941194 0.943793 0.873099 0.994264 0.994910 0.962178 0.901885 0.890059 0.840351 0.998753 0.950039 0.966075 0.976652 0.984693 0.951606 0.924965 0.919623 0.984394 0.815763 0.960366 0.919185 0.874268 0.988997 0.963564 0.923343 0.977254 0.921478 0.974925 0.900321 0.931336 0.951399 0.889475 0.848366 0.760768 0.889187 0.739486 0.894583 0.867733 0.912590 0.847678 0.942111 0.812385 0.867536 0.920323 0.999786 0.896173 0.941175 0.775267 0.816874 0.905071 0.989500 0.973642 0.943294 0.780002 0.831166 0.821639 0.886635 0.949342 0.948311 0.929502 0.932705 0.950164 0.995135
0.233736 0.260619 0.854261 0.906208 0.965198 0.905054 0.638120 0.500932 0.996032 0.506901 0.339118 0.280407 0.469893 0.478599 0.491673 0.557389 0.291796 0.255973 0.299802 0.293815 0.978264 0.828523 0.475375 0.996753 0.855200 0.872707 0.902942 0.986304 0.000000 0.214109 0.518223 0.459096 0.459132 0.386124 0.982519 0.996997 0.667950 0.857977 0.990295 0.938419 0.769956 0.623407 0.663259 0.581972 0.661807 0.590573 0.693906 0.560402 0.538777 0.628321 0.754019 0.747680 0.819953 0.928628 0.855342 0.837928 0.314296 0.300397 0.497166 0.522311 0.526844 0.740632 0.271668 0.263341 0.777237 0.813894 0.889426 0.879055 0.364471 0.320712 0.507519 0.592574 0.482437 0.595646 0.739156 0.790184 0.524453 0.477774 0.568064 0.417858 0.274119 0.390524 0.643834 0.648246 0.913543 0.872069 0.670675 0.765175 0.949564 0.917528 0.919626 0.809996 0.955609 0.912935 0.676543 0.732853 0.688752 0.745030 0.552984 0.563661 0.786207 0.607433 0.478623 0.526460 0.656158 0.600066 0.862629 0.943884 0.996795 0.726128 0.746901 0.587609 0.554224 0.614882 0.861507 0.842191
0.253087 0.247720 0.743563 0.834169 0.939295 0.836227 0.530812 0.474208 0.986448 0.478732 0.334167 0.284185 0.422359 0.448704 0.378874 0.464991 0.264264 0.221007 0.270122 0.223450 0.908517 0.755590 0.342215 0.797051 0.921773 0.958737 0.802659 0.944415 0.214109 0.000000 0.380884 0.347674 0.331639 0.294411 0.946358 0.907246 0.643976 0.797186 0.854854 0.990371 0.789253 0.653168 0.516325 0.447834 0.569535 0.522317 0.605386 0.466605 0.560840 0.596663 0.706499 0.682303 0.760985 0.872526 0.868408 0.878260 0.322175 0.287561 0.508555 0.538333 0.479511 0.760492 0.266737 0.255754 0.830617 0.863343 0.791407 0.775383 0.369592 0.310630 0.443712 0.496455 0.405854 0.425905 0.753031 0.728320 0.455750 0.441624 0.418243 0.393635 0.274641 0.367525 0.635015 0.626326 0.931350 0.898075 0.719132 0.709681 0.980626 0.991959 0.843580 0.761256 0.906764 0.931129 0.605133 0.723270 0.571027 0.622312 0.485987 0.464051 0.719968 0.579021 0.419624 0.506009 0.629674 0.495675 0.778973 0.853705 0.912972 0.714960 0.724729 0.549157 0.533588 0.567228 0.829124 0.999389
0.402006 0.466180 0.415684 0.531780 0.909249 0.693811 0.297908 0.414115 0.746172 0.562120 0.483228 0.523344 0.527599 0.564271 0.461335 0.551120 0.477110 0.424012 0.343059 0.361798 0.747836 0.718084 0.268054 0.653858 0.778698 0.660833 0.868216 0.966019 0.518223 0.380884 0.000000 0.274803 0.237432 0.248014 0.652433 0.696334 0.575502 0.682344 0.646015 0.798701 0.867472 0.754561 0.305189 0.270580 0.329788 0.332955 0.374317 0.326969 0.556245 0.544326 0.517344 0.522568 0.567644 0.773789 0.779307 0.769872 0.544530 0.541587 0.448700 0.519720 0.444588 0.711105 0.445017 0.496064 0.858229 0.878866 0.443127 0.511733 0.632433 0.467492 0.385157 0.361249 0.417574 0.358917 0.673826 0.807018 0.391010 0.608425 0.428526 0.396430 0.487377 0.544712 0.651657 0.746610 0.880458 0.929017 0.953066 0.752048 0.950418 0.929955 0.689256 0.731293 0.767273 0.817854 0.667556 0.676541 0.434453 0.711711 0.421059 0.452881 0.673024 0.529148 0.468041 0.482345 0.469769 0.500545 0.614183 0.685994 0.832013 0.796503 0.586820 0.609025 0.479197 0.561162 0.594511 0.953172
0.396918 0.461174 0.473212 0.539054 0.897397 0.725871 0.425715 0.445815 0.927567 0.612187 0.496126 0.465606 0.509205 0.440931 0.397251 0.449280 0.451842 0.398717 0.318033 0.312643 0.711201 0.711812 0.275910 0.567689 0.773963 0.669676 0.951400 0.875156 0.459096 0.347674 0.274803 0.000000 0.290221 0.321485 0.723878 0.767802 0.565661 0.806906 0.675808 0.888734 0.909997 0.685488 0.454317 0.442220 0.534511 0.561674 0.473078 0.447048 0.704520 0.762132 0.779737 0.783771 0.857434 0.992930 0.796470 0.856522 0.529087 0.541396 0.587920 0.693399 0.548988 0.788607 0.480480 0.544634 0.861841 0.881431 0.589331 0.649264 0.575476 0.463350 0.518326 0.494204 0.446796 0.441882 0.662300 0.849110 0.498528 0.642280 0.471391 0.497587 0.454951 0.442185 0.665217 0.704131 0.805920 0.848682 0.853995 0.887469 0.945046 0.903600 0.828919 0.813127 0.852080 0.901741 0.740006 0.693978 0.500847 0.695672 0.557026 0.559881 0.730384 0.631528 0.529920 0.538155 0.553319 0.594669 0.805005 0.835325 0.973331 0.684567 0.758972 0.646124 0.581135 0.614268 0.728127 0.923739
0.331817 0.371764 0.416134 0.516125 0.972292 0.661232 0.269124 0.327794 0.816066 0.484344 0.408194 0.420527 0.469960 0.527137 0.498431 0.471850 0.390908 0.347846 0.283506 0.301224 0.811588 0.725455 0.224674 0.636342 0.847256 0.718261 0.959977 0.961656 0.459132 0.331639 0.237432 0.290221 0.000000 0.207109 0.713490 0.664192 0.607043 0.671174 0.752306 0.911503 0.925501 0.685740 0.284990 0.260479 0.302277 0.304498 0.342249 0.322914 0.488944 0.483524 0.485309 0.479734 0.553591 0.741867 0.717318 0.687987 0.448156 0.429630 0.412777 0.459389 0.381774 0.593441 0.346026 0.416893 0.820748 0.823298 0.418286 0.478619 0.582309 0.386495 0.334922 0.346276 0.442866 0.344811 0.733449 0.768523 0.379883 0.581536 0.407802 0.373135 0.377176 0.425539 0.669918 0.764167 0.759120 0.884517 0.853234 0.755745 0.962525 0.886842 0.607833 0.617370 0.622915 0.771375 0.664251 0.630170 0.402628 0.621434 0.353345 0.375416 0.564905 0.486354 0.442625 0.466830 0.366046 0.387632 0.618559 0.674139 0.937671 0.726236 0.609716 0.565689 0.414569 0.598018 0.618095 0.894388
0.307048 0.346771 0.443595 0.533814 0.930132 0.598927 0.242763 0.297838 0.691050 0.415335 0.415797 0.392675 0.435625 0.502634 0.467773 0.428133 0.382782 0.303407 0.247971 0.255865 0.769298 0.737741 0.217605 0.669639 0.944330 0.768875 0.878018 0.931211 0.386124 0.294411 0.248014 0.321485 0.207109 0.000000 0.736689 0.753257 0.585981 0.735537 0.760830 0.924633 0.839520 0.694308 0.290784 0.231890 0.343214 0.323092 0.411588 0.324398 0.473769 0.433452 0.485441 0.484859 0.547521 0.723742 0.759702 0.739698 0.414190 0.403125 0.355608 0.445971 0.398741 0.646460 0.328171 0.376327 0.915978 0.907955 0.472356 0.517966 0.577731 0.348180 0.331515 0.349504 0.516713 0.409969 0.774232 0.708218 0.377630 0.516039 0.386334 0.326150 0.371224 0.425870 0.698456 0.698904 0.832994 0.940878 0.748764 0.754099 0.950359 0.931861 0.588404 0.543011 0.632477 0.732920 0.540699 0.603355 0.439628 0.606068 0.333708 0.335708 0.625550 0.461989 0.381237 0.417817 0.397191 0.367417 0.628214 0.658700 0.913919 0.722279 0.640967 0.498376 0.399823 0.550233 0.651805 0.998309
0.878127 0.907602 0.562713 0.542647 0.960680 0.833526 0.649822 0.771875 0.992095 0.883104 0.968692 0.994968 0.965312 0.977701 0.986951 0.945629 0.954248 0.834578 0.954095 0.903965 0.777925 0.826567 0.756530 0.744214 0.537588 0.476704 0.895562 0.844788 0.982519 0.946358 0.652433 0.723878 0.713490 0.736689 0.000000 0.677009 0.661207 0.656924 0.615795 0.835403 0.917390 0.961965 0.640511 0.663236 0.605467 0.689606 0.706265 0.628891 0.989698 0.853375 0.785129 0.800436 0.831491 0.901960 0.738058 0.770748 0.858593 0.880776 0.885046 0.774172 0.755134 0.654207 0.909129 0.937820 0.552490 0.536897 0.420995 0.362224 0.990719 0.992938 0.697568 0.679577 0.826482 0.681572 0.950649 0.970365 0.806071 0.880100 0.886791 0.831655 0.858189 0.784832 0.833683 0.860308 0.715046 0.629686 0.799404 0.955194 0.953934 0.685677 0.747042 0.966340 0.707911 0.680989 0.766076 0.844000 0.681360 0.906747 0.798246 0.808255 0.781541 0.892519 0.949154 0.857380 0.581826 0.714012 0.824268 0.829299 0.845420 0.965828 0.696067 0.762619 0.883564 0.829633 0.867721 0.846907
0.922362 0.807485 0.638270 0.581447 0.938336 0.919475 0.592468 0.659586 0.801414 0.805625 0.875741 0.941888 0.987980 0.986932 0.965647 0.984028 0.852004 0.887721 0.784896 0.803278 0.917720 0.792318 0.782306 0.877450 0.853904 0.777341 0.922352 0.970043 0.996997 0.907246 0.696334 0.767802 0.664192 0.753257 0.677009 0.000000 0.711560 0.540273 0.836559 0.940548 0.952465 0.857855 0.563684 0.620855 0.510740 0.653569 0.596038 0.671724 0.781325 0.743364 0.728875 0.756718 0.781291 0.867001 0.835962 0.913883 0.816033 0.820931 0.767226 0.799433 0.891044 0.802498 0.897875 0.903601 0.778124 0.739519 0.445078 0.544337 0.956866 0.824964 0.538523 0.591724 0.906163 0.799948 0.894966 0.805408 0.615849 0.711592 0.819524 0.932902 0.840060 0.903986 0.946009 0.991855 0.966722 0.914739 0.940815 0.883161 0.930845 0.878060 0.598071 0.683035 0.555084 0.593179 0.927529 0.681906 0.651207 0.613614 0.601993 0.542377 0.595130 0.659221 0.752111 0.653272 0.641731 0.661819 0.767405 0.628016 0.853019 0.985524 0.695066 0.725893 0.698521 0.688373 0.690780 0.760635
0.582726 0.670651 0.606432 0.614657 0.746889 0.935128 0.646552 0.664683 0.899619 0.877040 0.677447 0.757523 0.757809 0.768460 0.825454 0.765136 0.731749 0.651745 0.680639 0.637393 0.785263 0.833144 0.632566 0.780031 0.805192 0.779405 0.886796 0.996608 0.667950 0.643976 0.575502 0.565661 0.607043 0.585981 0.661207 0.711560 0.000000 0.654349 0.625672 0.874613 0.783267 0.836856 0.683739 0.613050 0.651337 0.659319 0.587309 0.562343 0.871404 0.782276 0.779305 0.824503 0.847323 0.911483 0.812704 0.798968 0.701126 0.734707 0.732247 0.707755 0.647730 0.716725 0.726218 0.747170 0.804662 0.794400 0.617912 0.613676 0.742249 0.677511 0.612677 0.724034 0.720523 0.650817 0.869786 0.982510 0.569608 0.681354 0.782020 0.695034 0.724036 0.690079 0.850435 0.876382 0.897575 0.843008 0.892764 0.796108 0.946507 0.792564 0.914081 0.868045 0.858253 0.863524 0.769879 0.692068 0.675924 0.800880 0.693988 0.714112 0.941025 0.752183 0.617252 0.730755 0.657735 0.718832 0.950030 0.781608 0.974171 0.779111 0.695853 0.678659 0.750885 0.808939 0.751301 0.800918
0.810338 0.739801 0.702717 0.731184 0.968842 0.958120 0.737542 0.812665 0.960551 0.985414 0.881212 0.971631 0.964738 0.972460 0.963880 0.965681 0.778807 0.750024 0.824935 0.763609 0.891683 0.641083 0.812154 0.937103 0.741693 0.772710 0.934917 0.981671 0.857977 0.797186 0.682344 0.806906 0.671174 0.735537 0.656924 0.540273 0.654349 0.000000 0.738890 0.898540 0.975662 0.896350 0.635987 0.611880 0.557325 0.626922 0.632568 0.612857 0.839724 0.699229 0.673990 0.696805 0.697954 0.801371 0.791444 0.781741 0.742445 0.779004 0.793489 0.734496 0.795548 0.802465 0.803553 0.822864 0.774386 0.763590 0.547067 0.541959 0.840589 0.747409 0.608831 0.666028 0.693115 0.679174 0.906731 0.996522 0.767803 0.762523 0.843825 0.869734 0.779133 0.802868 0.850451 0.983293 0.896332 0.836054 0.907340 0.783830 0.956338 0.932130 0.852227 0.871015 0.783171 0.830729 0.862217 0.693926 0.693401 0.740013 0.766461 0.703445 0.764838 0.710160 0.712121 0.743830 0.697293 0.706354 0.830435 0.788408 0.984366 0.946395 0.648671 0.743566 0.830941 0.654864 0.828494 0.843902
