0.000000 0.407126 0.889807 0.922501 0.588412 0.852357 0.826881 0.656018 0.940349 0.622037 0.427079 0.346135 0.426046 0.535424 0.509788 0.659285 0.430285 0.428250 0.321518 0.353227 0.949741 0.964999 0.401883 0.951187 0.756799 0.617386 0.940960 0.963033 0.408286 0.481427 0.907393 0.847782 0.571536 0.728283 0.892230 0.960535 0.719531 0.849793 0.988423 0.963497 0.817991 0.817617 0.882779 0.971095 0.935944 0.838059 0.752005 0.830653 0.580281 0.686220 0.828649 0.910946 0.940891 0.697027 0.743507 0.905839 0.361524 0.332169 0.488832 0.519302 0.707577 0.624961 0.435527 0.383039 0.793992 0.761671 0.889676 0.784733 0.359824 0.388478 0.864749 0.986048 0.889160 0.959686 0.844634 0.884229 0.899392 0.871143 0.812586 0.720918 0.404949 0.434335 0.621516 0.636740 0.554564 0.956008 0.801979 0.789412 0.658710 0.602449 0.843873 0.812889 0.758944 0.647950 0.918653 0.944980 0.991774 0.926431 0.794777 0.796083 0.951421 0.820750 0.877191 0.772173 0.912939 0.865526 0.947904 0.661966 0.930900 0.908359 0.947103 0.832869 0.699455 0.851811 0.912145 0.872689
0.407126 0.000000 0.617436 0.868913 0.652402 0.705654 0.860702 0.679235 0.872205 0.632665 0.699392 0.358710 0.698459 0.489360 0.557694 0.606848 0.330209 0.304369 0.387545 0.348951 0.797427 0.979104 0.544789 0.919627 0.820189 0.575955 0.901136 0.879135 0.363356 0.364599 0.942473 0.866294 0.762683 0.790405 0.727647 0.912891 0.752531 0.997724 0.970987 0.860672 0.938230 0.787190 0.854877 0.730711 0.687771 0.551044 0.641824 0.628660 0.315290 0.401109 0.604627 0.647218 0.771752 0.879664 0.726232 0.761462 0.280724 0.267498 0.809984 0.727643 0.921616 0.691396 0.641632 0.482554 0.719379 0.711607 0.675390 0.726025 0.576113 0.435609 0.919637 0.756529 0.962193 0.954778 0.854474 0.964621 0.800559 0.950455 0.728312 0.646713 0.389859 0.427541 0.436932 0.567287 0.574698 0.957900 0.897861 0.761323 0.865260 0.776244 0.675693 0.674239 0.632772 0.476737 0.875063 0.910875 0.863626 0.894898 0.897346 0.791942 0.806622 0.718333 0.958088 0.885977 0.937674 0.953847 0.924804 0.674828 0.888021 0.968374 0.949659 0.755277 0.627698 0.782645 0.989220 0.847566
0.889807 0.617436 0.000000 0.420809 0.975523 0.588892 0.431317 0.699444 0.853728 0.901537 0.913838 0.817523 0.807570 0.886048 0.934181 0.969566 0.747666 0.682096 0.958616 0.818386 0.661853 0.854408 0.926209 0.781606 0.631576 0.475129 0.979424 0.962333 0.773985 0.756711 0.626726 0.620285 0.653815 0.715770 0.556190 0.694582 0.929534 0.792397 0.736101 0.965515 0.882439 0.883996 0.800002 0.907613 0.914343 0.978821 0.715159 0.846553 0.667966 0.782751 0.940293 0.978710 0.910402 0.824635 0.771381 0.991169 0.669573 0.628912 0.868476 0.900080 0.582056 0.872804 0.876281 0.858913 0.467035 0.471610 0.379870 0.472658 0.900913 0.864854 0.690037 0.696392 0.702856 0.813327 0.886471 0.981985 0.936486 0.916318 0.975333 0.989567 0.890726 0.960359 0.806753 0.869082 0.896751 0.665666 0.933052 0.936384 0.857679 0.756880 0.691924 0.845801 0.686048 0.685025 0.834547 0.930274 0.682541 0.988242 0.893176 0.806379 0.752778 0.797419 0.861710 0.991169 0.705609 0.755816 0.701578 0.863029 0.893394 0.801126 0.874947 0.965778 0.945682 0.906753 0.890570 0.979319
0.922501 0.868913 0.420809 0.000000 0.947967 0.798356 0.628005 0.592951 0.958994 0.818327 0.956500 0.938843 0.937829 0.752677 0.966922 0.764387 0.915084 0.901120 0.973118 0.970135 0.740237 0.843954 0.863384 0.596848 0.470215 0.403034 0.835691 0.846026 0.890001 0.898202 0.692827 0.621837 0.782454 0.774430 0.596071 0.644271 0.878174 0.800368 0.678915 0.783965 0.820325 0.945292 0.678273 0.753320 0.782327 0.811021 0.588059 0.703076 0.876506 0.952688 0.768201 0.783309 0.724696 0.755659 0.731097 0.902025 0.863262 0.817747 0.916889 0.966088 0.898403 0.814594 0.988188 0.773112 0.423519 0.368161 0.470492 0.488049 0.920793 0.883811 0.742129 0.721757 0.727036 0.847592 0.929746 0.905684 0.737460 0.778572 0.913204 0.843924 0.998966 0.855774 0.920068 0.920740 0.731816 0.460111 0.993066 0.816693 0.969543 0.735725 0.789252 0.987531 0.732731 0.831060 0.790512 0.774767 0.778046 0.893776 0.953765 0.803688 0.820922 0.890035 0.993223 0.900619 0.676444 0.720453 0.760012 0.968874 0.907944 0.952499 0.803979 0.919698 0.778786 0.850474 0.988486 0.974556
0.588412 0.652402 0.975523 0.947967 0.000000 0.920256 0.970747 0.808928 0.986744 0.932534 0.745038 0.674619 0.691663 0.644031 0.704038 0.683810 0.673702 0.749676 0.666324 0.626094 0.997604 0.963830 0.640429 0.684667 0.920300 0.813000 0.726192 0.888526 0.757420 0.789308 0.933267 0.943267 0.843954 0.996289 0.983412 0.915982 0.912710 0.957401 0.843951 0.995294 0.952767 0.973247 0.972081 0.980304 0.928312 0.895400 0.867248 0.901329 0.768910 0.790309 0.930185 0.989302 0.976763 0.735360 0.721767 0.964536 0.630321 0.665080 0.796408 0.830952 0.921537 0.683710 0.839532 0.758246 0.998070 0.997446 0.958300 0.850036 0.718433 0.661007 0.966255 0.858284 0.992143 0.937246 0.993505 0.882516 0.989062 0.836799 0.970300 0.958904 0.699251 0.653537 0.693018 0.707523 0.668736 0.816022 0.749194 0.739425 0.788482 0.692424 0.874947 0.764818 0.798326 0.728593 0.819653 0.971055 0.955461 0.975407 0.956838 0.951775 0.977636 0.874704 0.959061 0.987149 0.998596 0.955586 0.950671 0.750826 0.868212 0.757917 0.914281 0.904517 0.869511 0.922808 0.849064 0.861773
0.852357 0.705654 0.588892 0.798356 0.920256 0.000000 0.594876 0.843123 0.738034 0.951656 0.871990 0.874490 0.819439 0.991203 0.961061 0.938684 0.776649 0.758790 0.850110 0.768317 0.649779 0.978401 0.930132 0.935822 0.894580 0.720906 0.946796 0.853232 0.768808 0.776828 0.807194 0.813528 0.838305 0.864380 0.779426 0.850171 0.934836 0.954838 0.798726 0.844922 0.890748 0.903867 0.970583 0.997197 0.988181 0.901450 0.971962 0.982796 0.757800 0.794962 0.944108 0.920217 0.977373 0.913231 0.992657 0.997787 0.681308 0.680106 0.915495 0.913396 0.655628 0.931191 0.904227 0.949608 0.831555 0.753085 0.615527 0.721998 0.741449 0.828327 0.728242 0.769125 0.953746 0.776545 0.716633 0.885075 0.945970 0.863736 0.959702 0.992426 0.919288 0.880276 0.772135 0.838864 0.911742 0.935389 0.866000 0.972684 0.956865 0.941081 0.750607 0.807964 0.794084 0.734252 0.793015 0.997928 0.852448 0.942326 0.967466 0.875441 0.885280 0.912761 0.835285 0.982895 0.751373 0.926122 0.630278 0.893936 0.988630 0.886651 0.934505 0.918201 0.970574 0.897274 0.827432 0.982662
0.826881 0.860702 0.431317 0.628005 0.970747 0.594876 0.000000 0.440314 0.615809 0.660544 0.693353 0.915776 0.560353 0.758926 0.847158 0.874139 0.993331 0.928510 0.799274 0.998664 0.719373 0.839769 0.717605 0.987287 0.987541 0.768772 0.826285 0.947218 0.843971 0.897741 0.380543 0.499012 0.422746 0.437602 0.652208 0.757009 0.900609 0.846869 0.922184 0.910294 0.958110 0.946921 0.758241 0.793990 0.724693 0.850196 0.706445 0.807746 0.934406 0.990848 0.749348 0.810336 0.794439 0.744645 0.832106 0.978997 0.873290 0.912643 0.554598 0.583070 0.345026 0.779719 0.477982 0.699647 0.837880 0.771963 0.466747 0.525689 0.977511 0.864535 0.581037 0.547280 0.561625 0.588578 0.840087 0.907421 0.758398 0.786901 0.784020 0.877500 0.862034 0.959046 0.858088 0.886211 0.988656 0.972735 0.866343 0.964825 0.792366 0.827690 0.578917 0.711386 0.730409 0.848536 0.760701 0.885548 0.699697 0.817097 0.535716 0.591447 0.644475 0.629079 0.581443 0.688495 0.630928 0.633711 0.768271 0.907339 0.945783 0.791805 0.814990 0.794218 0.763928 0.807508 0.960510 0.932011
0.656018 0.679235 0.699444 0.592951 0.808928 0.843123 0.440314 0.000000 0.874922 0.626285 0.688807 0.555365 0.550719 0.463953 0.728023 0.621750 0.676669 0.742711 0.581230 0.680733 0.921118 0.961546 0.607785 0.901888 0.978392 0.917334 0.980943 0.820224 0.577161 0.645731 0.552768 0.481866 0.462612 0.470464 0.746018 0.875642 0.868530 0.872113 0.930162 0.929067 0.833656 0.902273 0.505762 0.508690 0.418166 0.448432 0.447081 0.528548 0.608512 0.546843 0.457545 0.496438 0.604239 0.726518 0.670360 0.788080 0.736560 0.715066 0.605919 0.526446 0.560290 0.506721 0.460878 0.565717 0.863675 0.761437 0.608360 0.579067 0.892591 0.666010 0.663230 0.713925 0.612011 0.650629 0.799450 0.955647 0.578674 0.789437 0.745885 0.762401 0.667482 0.771221 0.792348 0.932199 0.774864 0.824559 0.951799 0.838975 0.858905 0.699680 0.725413 0.910041 0.842206 0.918573 0.798943 0.759428 0.775590 0.752174 0.507042 0.406687 0.653667 0.769263 0.640514 0.763213 0.613068 0.706856 0.821161 0.983403 0.986372 0.857356 0.676348 0.573991 0.491644 0.646245 0.882218 0.883917
0.940349 0.872205 0.853728 0.958994 0.986744 0.738034 0.615809 0.874922 0.000000 0.715945 0.750702 0.963620 0.719553 0.925532 0.897000 0.960910 0.913590 0.847674 0.978698 0.836566 0.942955 0.977729 0.995742 0.768753 0.813236 0.991545 0.870419 0.964100 0.982626 0.915173 0.888885 0.995166 0.863329 0.916080 0.901444 0.904239 0.850862 0.843503 0.873753 0.889685 0.838767 0.889490 0.925459 0.996610 0.991954 0.968445 0.918060 0.992941 0.919063 0.979809 0.969412 0.979869 0.980443 0.941470 0.969407 0.974967 0.804808 0.868862 0.668479 0.740786 0.560233 0.794044 0.783342 0.830124 0.981948 0.999958 0.778236 0.885815 0.972420 0.875311 0.918725 0.747555 0.861925 0.691595 0.928390 0.869987 0.832833 0.973076 0.993788 0.890269 0.951886 0.814635 0.655838 0.758210 0.887932 0.812915 0.962142 0.773671 0.705777 0.986446 0.716200 0.626111 0.763772 0.683764 0.781261 0.983672 0.978803 0.938643 0.758192 0.797206 0.732495 0.793609 0.679486 0.720384 0.986320 0.904473 0.906815 0.788966 0.953291 0.861575 0.929706 0.848683 0.926983 0.907652 0.905419 0.841081
0.622037 0.632665 0.901537 0.818327 0.932534 0.951656 0.660544 0.626285 0.715945 0.000000 0.619803 0.611962 0.626962 0.770338 0.655557 0.835610 0.641634 0.638780 0.585894 0.699140 0.970291 0.948583 0.614078 0.783000 0.551309 0.638445 0.794921 0.993344 0.514686 0.513348 0.722970 0.742807 0.575434 0.641861 0.744324 0.925789 0.988838 0.885128 0.806209 0.767861 0.978114 0.837036 0.928670 0.840931 0.706204 0.743947 0.819272 0.868420 0.552428 0.686662 0.698539 0.726696 0.799625 0.957059 0.974847 0.942917 0.712112 0.609508 0.575451 0.617419 0.705127 0.866386 0.419774 0.405179 0.559865 0.592797 0.875705 0.845759 0.760482 0.576356 0.869779 0.879363 0.764307 0.750151 0.775829 0.866294 0.776078 0.970966 0.641130 0.661866 0.585019 0.820468 0.867234 0.960298 0.982125 0.665077 0.868544 0.886427 0.836079 0.998392 0.958630 0.894012 0.927545 0.762967 0.944326 0.861875 0.963644 0.869810 0.680791 0.694058 0.931985 0.877173 0.709931 0.696158 0.976594 0.945285 0.930546 0.956918 0.895814 0.957223 0.909449 0.871725 0.789161 0.843718 0.938460 0.886658
0.427079 0.699392 0.913838 0.956500 0.745038 0.871990 0.693353 0.688807 0.750702 0.619803 0.000000 0.570283 0.458728 0.764613 0.720522 0.869725 0.616957 0.669577 0.626821 0.603641 0.973392 0.914409 0.683433 0.882094 0.764218 0.846184 0.969032 0.956982 0.621329 0.684388 0.869548 0.869094 0.571624 0.760691 0.939746 0.953049 0.788005 0.838598 0.966596 0.833696 0.822530 0.815061 0.834398 0.944101 0.944777 0.915015 0.900930 0.956875 0.801930 0.833079 0.926371 0.978605 0.971790 0.774283 0.868177 0.855573 0.672594 0.632328 0.449600 0.495507 0.517127 0.633436 0.457449 0.461902 0.905092 0.905646 0.867772 0.995378 0.572443 0.519275 0.787141 0.837007 0.839619 0.945328 0.764618 0.865871 0.853835 0.999437 0.910096 0.741144 0.580432 0.675416 0.936405 0.852289 0.816379 0.850094 0.997859 0.952189 0.646799 0.716014 0.945137 0.995415 0.994359 0.941309 0.977970 0.953032 0.924231 0.991960 0.760410 0.772106 0.874069 0.980441 0.699895 0.690332 0.802399 0.870940 0.891202 0.917937 0.922584 0.814774 0.944900 0.819767 0.793957 0.909150 0.956043 0.967015
0.346135 0.358710 0.817523 0.938843 0.674619 0.874490 0.915776 0.555365 0.963620 0.611962 0.570283 0.000000 0.428752 0.409172 0.470960 0.519881 0.464960 0.498817 0.439248 0.427273 0.922858 0.947627 0.491323 0.897229 0.752793 0.649207 0.957146 0.842468 0.430638 0.514913 0.993868 0.856755 0.706835 0.790375 0.893574 0.870620 0.783717 0.967327 0.997873 0.944582 0.967247 0.900038 0.965732 0.887592 0.804946 0.680202 0.704696 0.758606 0.448296 0.591171 0.757330 0.799850 0.914930 0.761746 0.751244 0.863667 0.439105 0.386306 0.596878 0.567998 0.743737 0.457888 0.513818 0.435518 0.860828 0.891216 0.856797 0.842579 0.532661 0.461290 0.996773 0.929127 0.973631 0.986499 0.793699 0.945723 0.862462 0.870761 0.832075 0.760239 0.489358 0.548021 0.599570 0.701777 0.541628 0.963877 0.747414 0.704055 0.769748 0.619658 0.842376 0.751450 0.756314 0.607653 0.932029 0.954021 0.903401 0.940847 0.852588 0.727758 0.996804 0.785249 0.940363 0.922028 0.917339 0.955889 0.979224 0.710798 0.897388 0.960672 0.881431 0.747336 0.715494 0.873563 0.971400 0.829261
0.426046 0.698459 0.807570 0.937829 0.691663 0.819439 0.560353 0.550719 0.719553 0.626962 0.458728 0.428752 0.000000 0.471835 0.506266 0.565479 0.727888 0.822637 0.543967 0.624382 0.878784 0.891233 0.477479 0.828748 0.831492 0.819014 0.938729 0.909113 0.634348 0.685966 0.746824 0.728214 0.545111 0.681539 0.956397 0.981647 0.797791 0.917638 0.893512 0.999473 0.962751 0.989196 0.994105 0.955234 0.871414 0.841669 0.731278 0.841967 0.759647 0.855859 0.832395 0.939888 0.930964 0.839548 0.687815 0.938173 0.745336 0.686623 0.491898 0.582885 0.431537 0.521725 0.447895 0.517182 0.996996 0.992541 0.904638 0.989000 0.601826 0.601658 0.789200 0.926050 0.786342 0.870964 0.817129 0.944499 0.886862 0.909283 0.882434 0.905818 0.661635 0.712555 0.804139 0.820133 0.622927 0.961986 0.821487 0.755589 0.573345 0.645234 0.992939 0.908838 0.897777 0.809626 0.996774 0.991906 0.942145 0.930234 0.758964 0.753499 0.824708 0.962849 0.785229 0.898643 0.864004 0.869526 0.789147 0.771801 0.910730 0.769940 0.910003 0.833258 0.842106 0.913285 0.907395 0.916885
0.535424 0.489360 0.886048 0.752677 0.644031 0.991203 0.758926 0.463953 0.925532 0.770338 0.764613 0.409172 0.471835 0.000000 0.472880 0.354859 0.632686 0.639944 0.430316 0.475269 0.899710 0.969638 0.405116 0.561945 0.895824 0.901281 0.900048 0.799248 0.576254 0.559659 0.793321 0.571961 0.628968 0.659115 0.969207 0.939087 0.843571 0.985579 0.757735 0.761264 0.847022 0.972481 0.658996 0.663984 0.652345 0.565889 0.474940 0.576964 0.536047 0.612618 0.601516 0.696789 0.731559 0.998972 0.587023 0.845938 0.612129 0.611622 0.854512 0.803258 0.790338 0.554347 0.644757 0.686452 0.893587 0.837833 0.969746 0.956539 0.729491 0.636887 0.997641 0.867959 0.816763 0.950033 0.803787 0.969111 0.785598 0.989134 0.850623 0.734031 0.583550 0.517519 0.485551 0.669409 0.421567 0.615222 0.856502 0.528787 0.901849 0.644147 0.798049 0.608413 0.721518 0.547929 0.947088 0.897163 0.987495 0.887795 0.924353 0.762602 0.954809 0.806222 0.998222 0.926976 0.880552 0.938507 0.753399 0.709275 0.995704 0.862472 0.951198 0.783003 0.697649 0.825913 0.947802 0.868010
0.509788 0.557694 0.934181 0.966922 0.704038 0.961061 0.847158 0.728023 0.897000 0.655557 0.720522 0.470960 0.506266 0.472880 0.000000 0.493900 0.584097 0.612354 0.474075 0.506813 0.994098 0.975770 0.521271 0.812433 0.928151 0.764208 0.869998 0.912461 0.604157 0.552104 0.833800 0.775146 0.705973 0.732302 0.925392 0.939603 0.801065 0.899622 0.962174 0.964667 0.855451 0.958327 0.908623 0.840558 0.847129 0.766732 0.721203 0.706548 0.625873 0.689891 0.737359 0.782517 0.856051 0.903692 0.739948 0.927791 0.655069 0.621499 0.751040 0.750027 0.814400 0.709018 0.639903 0.615708 0.904231 0.911960 0.843341 0.810470 0.547638 0.630428 0.998282 0.917628 0.841012 0.896975 0.820977 0.988335 0.912415 0.921673 0.762022 0.692614 0.585824 0.585306 0.618298 0.751700 0.561730 0.873825 0.768533 0.748170 0.699387 0.733816 0.743818 0.753215 0.662449 0.615205 0.937967 0.819602 0.982878 0.829815 0.957920 0.828275 0.941906 0.729913 0.935981 0.939157 0.991345 0.971798 0.974550 0.679189 0.879004 0.865482 0.981106 0.831945 0.873283 0.804692 0.949477 0.957783
0.659285 0.606848 0.969566 0.764387 0.683810 0.938684 0.874139 0.621750 0.960910 0.835610 0.869725 0.519881 0.565479 0.354859 0.493900 0.000000 0.754432 0.745658 0.596268 0.649474 0.826331 0.897704 0.466602 0.450009 0.837287 0.958454 0.869123 0.720968 0.716608 0.705437 0.930360 0.732727 0.827881 0.890091 0.951516 0.905960 0.947913 0.883821 0.752169 0.889041 0.914612 0.899029 0.831327 0.818969 0.826861 0.719720 0.640515 0.771374 0.609405 0.748437 0.790639 0.847354 0.920515 0.881167 0.638454 0.889520 0.807976 0.740642 0.968658 0.946950 0.924087 0.615246 0.856192 0.894195 0.873073 0.784822 0.895092 0.936899 0.826253 0.784216 0.910389 0.898088 0.957825 0.976889 0.812233 0.966831 0.910138 0.882912 0.886038 0.769931 0.723212 0.641890 0.534980 0.697301 0.468264 0.540494 0.791209 0.558712 0.893017 0.672146 0.677418 0.661404 0.710466 0.581689 0.993137 0.937790 0.949689 0.866102 0.915423 0.929989 0.897771 0.676747 0.772060 0.718346 0.976489 0.955833 0.824301 0.632777 0.867582 0.991499 0.934756 0.906800 0.895760 0.963791 0.931756 0.901973
0.430285 0.330209 0.747666 0.915084 0.673702 0.776649 0.993331 0.676669 0.913590 0.641634 0.616957 0.464960 0.727888 0.632686 0.584097 0.754432 0.000000 0.301348 0.409921 0.361957 0.834673 0.969835 0.586030 0.990514 0.858002 0.640687 0.908574 0.958641 0.382202 0.358061 0.860691 0.807259 0.684126 0.709033 0.850984 0.903758 0.789836 0.977331 0.906689 0.921506 0.866084 0.826107 0.898916 0.811172 0.722268 0.635318 0.684471 0.695501 0.455860 0.494556 0.640414 0.670223 0.782089 0.935062 0.774026 0.840739 0.322487 0.335351 0.755526 0.636975 0.991076 0.796907 0.541956 0.429726 0.729858 0.727386 0.804796 0.792112 0.590880 0.444243 0.871054 0.950444 0.925427 0.969027 0.809607 0.892537 0.802151 0.965286 0.584918 0.569158 0.330067 0.422822 0.572700 0.604738 0.674146 0.960634 0.926945 0.849511 0.770905 0.790240 0.839527 0.778008 0.739020 0.588179 0.879193 0.964607 0.914127 0.972192 0.865022 0.739535 0.955262 0.789054 0.879199 0.717404 0.996435 0.962627 0.919858 0.690034 0.947267 0.931611 0.949304 0.796514 0.638191 0.728280 0.927608 0.865216
0.428250 0.304369 0.682096 0.901120 0.749676 0.758790 0.928510 0.742711 0.847674 0.638780 0.669577 0.498817 0.822637 0.639944 0.612354 0.745658 0.301348 0.000000 0.371069 0.350653 0.863351 0.963529 0.574261 0.992797 0.858802 0.634101 0.916066 0.989380 0.384410 0.348937 0.942735 0.837386 0.709416 0.712890 0.756246 0.990045 0.743379 0.987012 0.935013 0.929749 0.841033 0.799445 0.920940 0.801658 0.737457 0.638629 0.692868 0.708049 0.441739 0.477834 0.651338 0.669813 0.753170 0.923152 0.812867 0.822959 0.286682 0.292263 0.807767 0.688364 0.896846 0.895702 0.592252 0.472771 0.685044 0.679585 0.742757 0.748654 0.557054 0.474605 0.965491 0.948983 0.954052 0.999887 0.877138 0.895909 0.826167 0.990028 0.617238 0.501974 0.326299 0.386225 0.506322 0.561271 0.673337 0.981058 0.960993 0.825324 0.864870 0.814674 0.771002 0.742587 0.710232 0.542992 0.937471 0.957039 0.883045 0.904368 0.907257 0.834151 0.791951 0.770140 0.971136 0.782425 0.984955 0.967791 0.919401 0.673255 0.935225 0.940002 0.955101 0.835513 0.588931 0.744983 0.968425 0.848313
0.321518 0.387545 0.958616 0.973118 0.666324 0.850110 0.799274 0.581230 0.978698 0.585894 0.626821 0.439248 0.543967 0.430316 0.474075 0.596268 0.409921 0.371069 0.000000 0.315699 0.995054 0.901355 0.341414 0.865506 0.872865 0.651744 0.986017 0.991208 0.367782 0.365982 0.758041 0.677486 0.510791 0.600228 0.930951 0.978134 0.726716 0.883802 0.991435 0.954064 0.963245 0.866265 0.856714 0.818994 0.757927 0.685549 0.589212 0.677691 0.516798 0.587538 0.644094 0.735165 0.767921 0.936340 0.716355 0.975191 0.367835 0.375383 0.676203 0.677935 0.853971 0.800965 0.474468 0.457720 0.790912 0.774295 0.863203 0.814726 0.450472 0.455930 0.862399 0.975077 0.723165 0.928202 0.912898 0.974087 0.822452 0.960683 0.701385 0.627387 0.404894 0.400128 0.497982 0.633651 0.568343 0.928774 0.945832 0.748633 0.754418 0.719120 0.862783 0.799538 0.727704 0.587092 0.944372 0.897606 0.970991 0.832668 0.795733 0.753568 0.931627 0.829191 0.880805 0.792832 0.951941 0.863934 0.970277 0.695369 0.885228 0.947823 0.929803 0.810989 0.585859 0.725655 0.947033 0.881964
0.353227 0.348951 0.818386 0.970135 0.626094 0.768317 0.998664 0.680733 0.836566 0.699140 0.603641 0.427273 0.624382 0.475269 0.506813 0.649474 0.361957 0.350653 0.315699 0.000000 0.857160 0.919259 0.437881 0.862639 0.835488 0.640143 0.970241 0.931140 0.427183 0.386121 0.891090 0.815107 0.651837 0.760429 0.867236 0.970290 0.775537 0.891867 0.966768 0.906812 0.998302 0.756579 0.875379 0.850296 0.774941 0.704806 0.674055 0.686633 0.508675 0.536874 0.670985 0.737109 0.755559 0.912516 0.734740 0.997881 0.299660 0.333804 0.732780 0.685218 0.979417 0.802598 0.600936 0.515816 0.745161 0.736272 0.797542 0.755493 0.447965 0.485178 0.922181 0.909184 0.841797 0.926603 0.853215 0.954923 0.800060 0.972436 0.737005 0.707959 0.435898 0.441807 0.534616 0.614954 0.629230 0.988088 0.919356 0.798395 0.826033 0.702227 0.803310 0.751657 0.752012 0.561631 0.955285 0.944480 0.993005 0.847324 0.870337 0.771616 0.900384 0.807824 0.920636 0.813788 0.946456 0.894257 0.957701 0.785507 0.990255 0.914481 0.869549 0.793194 0.641324 0.740461 0.965908 0.926252
0.949741 0.797427 0.661853 0.740237 0.997604 0.649779 0.719373 0.921118 0.942955 0.970291 0.973392 0.922858 0.878784 0.899710 0.994098 0.826331 0.834673 0.863351 0.995054 0.857160 0.000000 0.938761 0.836618 0.722696 0.712136 0.670826 0.885449 0.948766 0.855595 0.852373 0.750763 0.795038 0.888344 0.891828 0.802701 0.991898 0.897150 0.993348 0.757192 0.801554 0.867014 0.883737 0.999221 0.936309 0.907604 0.901228 0.900697 0.939968 0.811077 0.749583 0.979479 0.929926 0.971579 0.937783 0.914419 0.987185 0.799221 0.770871 0.909540 0.932012 0.892345 0.963636 0.995674 0.851344 0.804041 0.742857 0.852706 0.862805 0.918455 0.898388 0.787041 0.896757 0.775846 0.799621 0.913791 0.764272 0.863293 0.956405 0.986767 0.952667 0.992279 0.908252 0.974929 0.956075 0.888466 0.757629 0.945035 0.739771 0.923543 0.892979 0.959857 0.908756 0.952210 0.967789 0.797356 0.859533 0.897358 0.829711 0.894075 0.816509 0.970760 0.921106 0.852487 0.875578 0.942120 0.889392 0.718156 0.888882 0.910719 0.944134 0.944687 0.781807 0.930391 0.860279 0.937442 0.852082
0.964999 0.979104 0.854408 0.843954 0.963830 0.978401 0.839769 0.961546 0.977729 0.948583 0.914409 0.947627 0.891233 0.969638 0.975770 0.897704 0.969835 0.963529 0.901355 0.919259 0.938761 0.000000 0.977932 0.895301 0.995972 0.871872 0.813998 0.922016 0.911144 0.851717 0.726179 0.945950 0.765246 0.817608 0.969619 0.760355 0.811834 0.776472 0.946992 0.949249 0.962427 0.859903 0.943172 0.974773 0.933157 0.995434 0.912166 0.886312 0.895262 0.959906 0.825542 0.871074 0.826542 0.800848 0.925230 0.878676 0.967635 0.998172 0.901150 0.969359 0.962097 0.873303 0.859364 0.928961 0.922253 0.932968 0.889650 0.987780 0.863380 0.964099 0.849964 0.920468 0.928834 0.838901 0.871794 0.991586 0.907694 0.790794 0.809679 0.956758 0.899277 0.911574 0.985157 0.991048 0.915929 0.897498 0.955243 0.844896 0.967888 0.958583 0.798172 0.907701 0.882243 0.953472 0.913357 0.918453 0.889035 0.852503 0.879432 0.957128 0.853637 0.911706 0.694416 0.822658 0.852357 0.808549 0.944791 0.821349 0.930573 0.841408 0.850970 0.949594 0.914603 0.871696 0.986679 0.863282
0.401883 0.544789 0.926209 0.863384 0.640429 0.930132 0.717605 0.607785 0.995742 0.614078 0.683433 0.491323 0.477479 0.405116 0.521271 0.466602 0.586030 0.574261 0.341414 0.437881 0.836618 0.977932 0.000000 0.624225 0.919066 0.778418 0.932225 0.930846 0.520291 0.501246 0.707800 0.620073 0.581287 0.699860 0.926597 0.950299 0.856623 0.937992 0.969729 0.972418 0.977259 0.934998 0.961661 0.956140 0.884693 0.849861 0.696453 0.870041 0.626354 0.800302 0.801518 0.891975 0.873493 0.880519 0.761411 0.893343 0.553040 0.526646 0.775575 0.771955 0.817770 0.832625 0.568658 0.606164 0.861959 0.872335 0.856876 0.799239 0.557619 0.611898 0.820187 0.955982 0.731447 0.917721 0.894726 0.932569 0.901971 0.896190 0.760135 0.686723 0.516459 0.482412 0.539378 0.668176 0.536148 0.838788 0.908941 0.687168 0.861198 0.728111 0.824143 0.794467 0.756489 0.547200 0.977037 0.951609 0.963554 0.952331 0.890760 0.905805 0.874950 0.811994 0.950617 0.965781 0.994762 0.900801 0.907244 0.661401 0.952737 0.938543 0.963814 0.981182 0.712631 0.924950 0.834252 0.863234
0.951187 0.919627 0.781606 0.596848 0.684667 0.935822 0.987287 0.901888 0.768753 0.783000 0.882094 0.897229 0.828748 0.561945 0.812433 0.450009 0.990514 0.992797 0.865506 0.862639 0.722696 0.895301 0.624225 0.000000 0.547857 0.749473 0.682134 0.755478 0.917563 0.986686 0.986435 0.801731 0.998015 0.923391 0.867652 0.986524 0.998278 0.824722 0.598896 0.782881 0.822828 0.696312 0.901173 0.955642 0.991348 0.943386 0.750534 0.952850 0.940055 0.983907 0.999579 0.927354 0.986311 0.898782 0.706126 0.999734 0.994927 0.978100 0.748955 0.757721 0.873136 0.919128 0.816299 0.715416 0.657679 0.647573 0.997258 0.977663 0.988131 0.939396 0.924614 0.846033 0.994351 0.811304 0.942338 0.980541 0.983009 0.838660 0.958257 0.920557 0.989170 0.748013 0.662636 0.629904 0.518797 0.394970 0.838520 0.489592 0.943859 0.758185 0.744681 0.642405 0.790907 0.733760 0.979032 0.938602 0.950634 0.969468 0.739589 0.831526 0.732879 0.760134 0.603251 0.554235 0.963779 0.975461 0.741132 0.749939 0.894918 0.993844 0.886857 0.923857 0.969647 0.827247 0.852296 0.962989
0.756799 0.820189 0.631576 0.470215 0.920300 0.894580 0.987541 0.978392 0.813236 0.551309 0.764218 0.752793 0.831492 0.895824 0.928151 0.837287 0.858002 0.858802 0.872865 0.835488 0.712136 0.995972 0.919066 0.547857 0.000000 0.445609 0.732642 0.904893 0.665972 0.745315 0.981581 0.847300 0.940540 0.984520 0.639960 0.735552 0.931622 0.906645 0.603824 0.652360 0.852488 0.806832 0.803080 0.857112 0.934777 0.905819 0.720594 0.807968 0.801431 0.947619 0.925666 0.952889 0.855194 0.887551 0.699730 0.783115 0.798161 0.702403 0.627081 0.702472 0.804119 0.991152 0.696850 0.552561 0.430311 0.422151 0.736515 0.699733 0.822086 0.716607 0.982259 0.977911 0.990676 0.961614 0.987862 0.930198 0.990142 0.978252 0.939428 0.910082 0.946552 0.868866 0.883185 0.853491 0.675684 0.365969 0.905517 0.749586 0.950401 0.821912 0.926441 0.755384 0.966610 0.957578 0.933502 0.901668 0.940149 0.946057 0.727007 0.872362 0.932782 0.867203 0.739290 0.697392 0.906061 0.999507 0.796844 0.868743 0.907909 0.922394 0.895664 0.864409 0.980819 0.985818 0.968591 0.929277
0.617386 0.575955 0.475129 0.403034 0.813000 0.720906 0.768772 0.917334 0.991545 0.638445 0.846184 0.649207 0.819014 0.901281 0.764208 0.958454 0.640687 0.634101 0.651744 0.640143 0.670826 0.871872 0.778418 0.749473 0.445609 0.000000 0.926980 0.908872 0.611058 0.613813 0.776520 0.829574 0.968280 0.910628 0.525166 0.675395 0.991587 0.827316 0.671063 0.804600 0.912016 0.902086 0.771323 0.841644 0.896208 0.959734 0.805039 0.893191 0.680132 0.843627 0.927616 0.927811 0.879771 0.730313 0.846308 0.845918 0.564345 0.496799 0.821961 0.831336 0.956476 0.995013 0.779525 0.548105 0.393057 0.372108 0.450733 0.447769 0.736030 0.691834 0.845192 0.828862 0.864164 0.843754 0.988666 0.918451 0.935555 0.838933 0.931010 0.996071 0.744686 0.867699 0.827995 0.917805 0.944737 0.553172 0.962500 0.958258 0.941664 0.882080 0.748462 0.882160 0.687042 0.648064 0.721197 0.917695 0.755857 0.966318 0.952073 0.946491 0.905154 0.804025 0.996344 0.842081 0.730326 0.864420 0.762803 0.828972 0.880330 0.997234 0.879496 0.984803 0.984890 0.936310 0.911795 0.972364
0.940960 0.901136 0.979424 0.835691 0.726192 0.946796 0.826285 0.980943 0.870419 0.794921 0.969032 0.957146 0.938729 0.900048 0.869998 0.869123 0.908574 0.916066 0.986017 0.970241 0.885449 0.813998 0.932225 0.682134 0.732642 0.926980 0.000000 0.841126 0.941879 0.924233 0.785735 0.820286 0.860949 0.816659 0.938150 0.962141 0.893075 0.997662 0.810745 0.761569 0.975876 0.903994 0.892025 0.869628 0.922929 0.993334 0.997677 0.940060 0.855644 0.901578 0.931696 0.898798 0.916798 0.764044 0.851648 0.880882 0.898407 0.919939 0.857372 0.918263 0.784007 0.890262 0.823174 0.837973 0.822693 0.824463 0.932552 0.903855 0.951959 0.948987 0.829697 0.804106 0.812145 0.800053 0.991363 0.875567 0.960862 0.763300 0.940049 0.974244 0.944925 0.808951 0.788760 0.743066 0.709418 0.665774 0.817383 0.738169 0.925611 0.842372 0.820378 0.782636 0.893835 0.968429 0.851047 0.847676 0.866821 0.922942 0.759939 0.820482 0.868767 0.855428 0.614113 0.739238 0.917123 0.831853 0.804662 0.875933 0.711192 0.940188 0.852557 0.800689 0.955765 0.808306 0.916012 0.941578
0.963033 0.879135 0.962333 0.846026 0.888526 0.853232 0.947218 0.820224 0.964100 0.993344 0.956982 0.842468 0.909113 0.799248 0.912461 0.720968 0.958641 0.989380 0.991208 0.931140 0.948766 0.922016 0.930846 0.755478 0.904893 0.908872 0.841126 0.000000 0.978467 0.946179 0.936470 0.937556 0.950135 0.925736 0.940175 0.999960 0.997688 0.984962 0.790334 0.934784 0.923567 0.839618 0.862508 0.882789 0.844130 0.839684 0.825248 0.951875 0.804823 0.889766 0.897719 0.931344 0.974061 0.994844 0.932367 0.980052 0.981478 0.990982 0.939561 0.859832 0.958854 0.848594 0.952240 0.908354 0.933948 0.871955 0.952929 0.963581 0.962966 0.935446 0.938485 0.859245 0.991348 0.994877 0.753827 0.943045 0.793668 0.883278 0.987564 0.953577 0.999549 0.993014 0.876543 0.910349 0.897959 0.818743 0.950795 0.984838 0.945135 0.921484 0.965228 0.903255 0.968950 0.933631 0.917838 0.920723 0.962007 0.810662 0.978033 0.870624 0.909606 0.929580 0.858756 0.858351 0.998729 0.866566 0.859918 0.965698 0.987347 0.957249 0.873884 0.812130 0.902127 0.946795 0.827422 0.951926
0.408286 0.363356 0.773985 0.890001 0.757420 0.768808 0.843971 0.577161 0.982626 0.514686 0.621329 0.430638 0.634348 0.576254 0.604157 0.716608 0.382202 0.384410 0.367782 0.427183 0.855595 0.911144 0.520291 0.917563 0.665972 0.611058 0.941879 0.978467 0.000000 0.321665 0.734930 0.743584 0.570754 0.557471 0.816243 0.934785 0.695781 0.963470 0.894383 0.988159 0.883331 0.809443 0.875475 0.745319 0.711568 0.635662 0.726464 0.700409 0.454145 0.530084 0.635506 0.667570 0.811514 0.960705 0.800632 0.818575 0.409917 0.359341 0.589950 0.565608 0.840409 0.749195 0.446599 0.359340 0.639791 0.674944 0.814350 0.837396 0.569129 0.383442 0.918968 0.961875 0.819077 0.867882 0.908303 0.942072 0.813223 0.973690 0.615227 0.618008 0.387932 0.489443 0.582406 0.669923 0.733717 0.904858 0.980956 0.839954 0.836158 0.840036 0.861328 0.843511 0.701171 0.562586 0.947998 0.883413 0.913132 0.865860 0.732954 0.722362 0.947256 0.971921 0.799349 0.739255 0.995783 0.955565 0.931828 0.777258 0.839303 0.996125 0.912441 0.771371 0.615039 0.774523 0.992159 0.757120
0.481427 0.364599 0.756711 0.898202 0.789308 0.776828 0.897741 0.645731 0.915173 0.513348 0.684388 0.514913 0.685966 0.559659 0.552104 0.705437 0.358061 0.348937 0.365982 0.386121 0.852373 0.851717 0.501246 0.986686 0.745315 0.613813 0.924233 0.946179 0.321665 0.000000 0.712634 0.670487 0.580741 0.566137 0.705771 0.972784 0.802191 0.971853 0.923845 0.948950 0.957206 0.842302 0.855070 0.740513 0.696150 0.663240 0.703437 0.743403 0.485581 0.574780 0.606642 0.655291 0.738389 0.949033 0.836498 0.945576 0.427492 0.406644 0.797105 0.727546 0.945407 0.919798 0.484087 0.414121 0.581188 0.629599 0.715340 0.762511 0.634774 0.471645 0.922848 0.922750 0.805955 0.866578 0.885707 0.990372 0.835468 0.919541 0.475632 0.517254 0.361701 0.455711 0.531839 0.652321 0.780306 0.890493 0.949395 0.854965 0.889701 0.962186 0.764001 0.796869 0.607538 0.473872 0.900370 0.979512 0.899946 0.887008 0.831968 0.811319 0.921581 0.886249 0.850837 0.736529 0.927127 0.945478 0.904411 0.781828 0.913732 0.940603 0.968586 0.811082 0.594589 0.719508 0.961941 0.844256
0.907393 0.942473 0.626726 0.692827 0.933267 0.807194 0.380543 0.552768 0.888885 0.722970 0.869548 0.993868 0.746824 0.793321 0.833800 0.930360 0.860691 0.942735 0.758041 0.891090 0.750763 0.726179 0.707800 0.986435 0.981581 0.776520 0.785735 0.936470 0.734930 0.712634 0.000000 0.419906 0.442791 0.359485 0.736777 0.771138 0.932135 0.916275 0.954512 0.970698 0.943286 0.971677 0.621724 0.680361 0.634804 0.745419 0.681415 0.753489 0.962743 0.922664 0.593898 0.623573 0.640960 0.548707 0.852940 0.959074 0.959162 0.959766 0.784769 0.795583 0.651931 0.934050 0.526842 0.745551 0.987189 0.944937 0.700075 0.679457 0.977093 0.911041 0.535608 0.625845 0.476318 0.545004 0.942868 0.890519 0.803126 0.658255 0.665465 0.740145 0.777632 0.880560 0.951837 0.979951 0.987075 0.998211 0.777703 0.957223 0.925459 0.960593 0.683932 0.813930 0.882405 0.931759 0.782402 0.959299 0.793594 0.835016 0.590390 0.665150 0.791954 0.644217 0.603250 0.670886 0.768673 0.695374 0.867221 0.917559 0.949620 0.904905 0.742802 0.824885 0.680286 0.744145 0.855212 0.874152
0.847782 0.866294 0.620285 0.621837 0.943267 0.813528 0.499012 0.481866 0.995166 0.742807 0.869094 0.856755 0.728214 0.571961 0.775146 0.732727 0.807259 0.837386 0.677486 0.815107 0.795038 0.945950 0.620073 0.801731 0.847300 0.829574 0.820286 0.937556 0.743584 0.670487 0.419906 0.000000 0.492803 0.429874 0.803002 0.792319 0.867590 0.994545 0.902219 0.907752 0.865158 0.991221 0.569991 0.564538 0.602670 0.651082 0.499011 0.656339 0.865096 0.848339 0.558792 0.590522 0.572934 0.637804 0.724958 0.906845 0.922349 0.940402 0.914473 0.860697 0.716345 0.879136 0.572123 0.735785 0.908800 0.844590 0.771748 0.702535 0.979977 0.847608 0.648606 0.781894 0.577589 0.599858 0.894908 0.922121 0.827352 0.739672 0.666393 0.669185 0.648992 0.716370 0.780937 0.899092 0.804743 0.802578 0.830806 0.803578 0.988964 0.943586 0.865236 0.962562 0.975213 0.800957 0.845007 0.897475 0.850146 0.918992 0.739929 0.682812 0.900063 0.791048 0.744733 0.812593 0.824718 0.696623 0.754643 0.923960 0.975985 0.852698 0.824585 0.721438 0.575232 0.788262 0.795799 0.832448
0.571536 0.762683 0.653815 0.782454 0.843954 0.838305 0.422746 0.462612 0.863329 0.575434 0.571624 0.706835 0.545111 0.628968 0.705973 0.827881 0.684126 0.709416 0.510791 0.651837 0.888344 0.765246 0.581287 0.998015 0.940540 0.968280 0.860949 0.950135 0.570754 0.580741 0.442791 0.492803 0.000000 0.347392 0.837350 0.728968 0.763251 0.826277 0.880688 0.978967 0.984365 0.925367 0.701027 0.677531 0.604891 0.639461 0.532460 0.652241 0.749403 0.747295 0.543484 0.629721 0.624342 0.790999 0.673209 0.869061 0.752386 0.728205 0.545623 0.587141 0.544233 0.809084 0.351840 0.485127 0.987802 0.990672 0.700447 0.730184 0.724056 0.616224 0.626462 0.755310 0.593232 0.656460 0.808045 0.983946 0.711702 0.798933 0.670835 0.710704 0.568400 0.655397 0.846022 0.903677 0.783520 0.999025 0.872393 0.938592 0.704266 0.746655 0.805367 0.886593 0.965061 0.877873 0.873103 0.982851 0.771931 0.762999 0.532855 0.564407 0.855313 0.770513 0.598362 0.629598 0.711832 0.660089 0.935458 0.994961 0.963747 0.822929 0.765726 0.678348 0.500049 0.685744 0.846637 0.893248
0.728283 0.790405 0.715770 0.774430 0.996289 0.864380 0.437602 0.470464 0.916080 0.641861 0.760691 0.790375 0.681539 0.659115 0.732302 0.890091 0.709033 0.712890 0.600228 0.760429 0.891828 0.817608 0.699860 0.923391 0.984520 0.910628 0.816659 0.925736 0.557471 0.566137 0.359485 0.429874 0.347392 0.000000 0.845406 0.715268 0.759732 0.882342 0.931548 0.918121 0.997398 0.979604 0.586909 0.561867 0.530490 0.574860 0.520882 0.556720 0.753412 0.689640 0.498805 0.546988 0.638799 0.679140 0.711822 0.793018 0.805068 0.793109 0.640828 0.624784 0.596224 0.859084 0.411241 0.542143 0.985991 0.971445 0.714025 0.641356 0.873717 0.705912 0.690452 0.804223 0.645997 0.626739 0.852567 0.931802 0.786313 0.703409 0.616925 0.655517 0.580341 0.682979 0.786777 0.849072 0.829110 0.947779 0.833309 0.831022 0.848308 0.883157 0.829844 0.969162 0.952246 0.831936 0.810173 0.955053 0.938407 0.785472 0.574831 0.605250 0.853844 0.784863 0.592610 0.666788 0.750194 0.682745 0.848576 0.914768 0.992206 0.856972 0.820058 0.690821 0.501331 0.674366 0.803231 0.759068
0.892230 0.727647 0.556190 0.596071 0.983412 0.779426 0.652208 0.746018 0.901444 0.744324 0.939746 0.893574 0.956397 0.969207 0.925392 0.951516 0.850984 0.756246 0.930951 0.867236 0.802701 0.969619 0.926597 0.867652 0.639960 0.525166 0.938150 0.940175 0.816243 0.705771 0.736777 0.803002 0.837350 0.845406 0.000000 0.846700 0.924944 0.792660 0.879217 0.881920 0.940119 0.880080 0.698409 0.806314 0.814513 0.879768 0.737793 0.781748 0.747689 0.941325 0.862644 0.877663 0.830469 0.740560 0.808370 0.942120 0.840782 0.756426 0.900923 0.901040 0.760393 0.870256 0.964805 0.859345 0.560622 0.555528 0.399436 0.443729 0.913068 0.819943 0.717781 0.729811 0.795795 0.888541 0.937219 0.988282 0.761295 0.860695 0.876489 0.852552 0.842185 0.860067 0.812294 0.840491 0.958631 0.769048 0.967297 0.904296 0.890992 0.804142 0.529367 0.750161 0.600661 0.672774 0.672199 0.819642 0.674972 0.800667 0.736462 0.685382 0.664749 0.734288 0.780632 0.860829 0.536811 0.665146 0.901622 0.812300 0.981475 0.980704 0.787202 0.729406 0.898000 0.823699 0.844803 0.977165
0.960535 0.912891 0.694582 0.644271 0.915982 0.850171 0.757009 0.875642 0.904239 0.925789 0.953049 0.870620 0.981647 0.939087 0.939603 0.905960 0.903758 0.990045 0.978134 0.970290 0.991898 0.760355 0.950299 0.986524 0.735552 0.675395 0.962141 0.999960 0.934785 0.972784 0.771138 0.792319 0.728968 0.715268 0.846700 0.000000 0.889570 0.641095 0.770191 0.912709 0.959228 0.959273 0.822882 0.861266 0.841250 0.918038 0.809736 0.840124 0.923916 0.985757 0.858416 0.874526 0.763137 0.812613 0.971060 0.948446 0.912470 0.909106 0.996584 0.978384 0.918967 0.966618 0.934062 0.955261 0.758482 0.755372 0.676137 0.697546 0.952213 0.969913 0.853298 0.907644 0.892117 0.814899 0.991144 0.755259 0.865579 0.709793 0.928746 0.872746 0.967168 0.875401 0.990527 0.929109 0.962172 0.857381 0.875443 0.952675 0.957525 0.872541 0.843489 0.959284 0.841156 0.833808 0.968563 0.964085 0.874441 0.833054 0.865826 0.828859 0.981976 0.777533 0.876947 0.849362 0.779798 0.840492 0.768912 0.887165 0.935504 0.991519 0.940982 0.976655 0.732297 0.853063 0.955025 0.950165
0.719531 0.752531 0.929534 0.878174 0.912710 0.934836 0.900609 0.868530 0.850862 0.988838 0.788005 0.783717 0.797791 0.843571 0.801065 0.947913 0.789836 0.743379 0.726716 0.775537 0.897150 0.811834 0.856623 0.998278 0.931622 0.991587 0.893075 0.997688 0.695781 0.802191 0.932135 0.867590 0.763251 0.759732 0.924944 0.889570 0.000000 0.755996 0.966771 0.834820 0.787424 0.892001 0.924298 0.798700 0.915506 0.834553 0.766084 0.701196 0.871967 0.816333 0.783162 0.805313 0.846618 0.927646 0.773206 0.927480 0.747268 0.789383 0.786333 0.847006 0.899452 0.850645 0.798933 0.825097 0.908241 0.992141 0.907054 0.960429 0.643742 0.634724 0.979532 0.962906 0.988484 0.893385 0.955487 0.793333 0.902066 0.948370 0.856912 0.938563 0.817066 0.742640 0.947331 0.909586 0.742914 0.911206 0.860334 0.906083 0.706476 0.715132 0.987539 0.960741 0.938937 0.972791 0.854496 0.850132 0.956210 0.858883 0.824417 0.821633 0.926802 0.963601 0.770997 0.778847 0.970202 0.798820 0.870724 0.942978 0.807402 0.770649 0.772815 0.720421 0.791512 0.793417 0.796582 0.935661
0.849793 0.997724 0.792397 0.800368 0.957401 0.954838 0.846869 0.872113 0.843503 0.885128 0.838598 0.967327 0.917638 0.985579 0.899622 0.883821 0.977331 0.987012 0.883802 0.891867 0.993348 0.776472 0.937992 0.824722 0.906645 0.827316 0.997662 0.984962 0.963470 0.971853 0.916275 0.994545 0.826277 0.882342 0.792660 0.641095 0.755996 0.000000 0.897996 0.896333 0.892834 0.716252 0.906057 0.929114 0.940644 0.974693 0.900528 0.819305 0.890940 0.923832 0.868884 0.887475 0.838772 0.866873 0.914122 0.992109 0.918684 0.969216 0.881129 0.911714 0.868145 0.877460 0.877938 0.993038 0.823955 0.840047 0.727421 0.812528 0.763685 0.959239 0.770467 0.843957 0.765283 0.807191 0.962213 0.973470 0.961687 0.785878 0.972191 0.971568 0.957774 0.948735 0.810368 0.799582 0.987027 0.992230 0.983523 0.755070 0.852089 0.848194 0.795038 0.788319 0.768215 0.670877 0.960214 0.770071 0.780391 0.796105 0.822113 0.758071 0.737615 0.884903 0.723184 0.751460 0.876700 0.919467 0.997681 0.894459 0.995446 0.873656 0.853978 0.791894 0.773334 0.649797 0.896942 0.975791
