0.000000 0.231024 0.703311 0.419077 0.796582 0.698958 0.721646 0.595276 0.862161 0.773592 0.331795 0.322774 0.314915 0.356279 0.506692 0.409002 0.287350 0.328230 0.396422 0.356134 0.754760 0.856603 0.710887 0.684854 0.777461 0.892599 0.816445 0.909275 0.406909 0.468295 0.956487 0.935500 0.454792 0.512413 0.909576 0.622147 0.633263 0.624947 0.633895 0.637965 0.745105 0.757798 0.726997 0.684335 0.744360 0.629745 0.377039 0.405227 0.397073 0.406435 0.651290 0.578783 0.919835 0.786489 0.486783 0.440139 0.268740 0.209047 0.283968 0.308667 0.331161 0.407747 0.277656 0.295024 0.542971 0.300925 0.900531 0.851388 0.391775 0.392078 0.809285 0.831098 0.786845 0.666476 0.727936 0.810213 0.624818 0.736213 0.379198 0.516321 0.260599 0.290086 0.495382 0.361200 0.469902 0.481918 0.934631 0.962718 0.544226 0.407877 0.984268 0.968034 0.914795 0.960282 0.782095 0.787723 0.820441 0.894897 0.649076 0.713116 0.983044 0.982034 0.821682 0.831870 0.589740 0.623854 0.897131 0.985154 0.899503 0.894568 0.965910 0.566759 0.769668 0.972115 0.761216 0.922678
0.231024 0.000000 0.683535 0.376371 0.868177 0.652660 0.615847 0.534113 0.767341 0.728988 0.313119 0.325568 0.378311 0.339581 0.563028 0.357459 0.255349 0.275789 0.370760 0.296905 0.677476 0.991774 0.698137 0.617149 0.815872 0.884125 0.872887 0.880639 0.324348 0.364735 0.780420 0.708813 0.382466 0.406764 0.976655 0.649360 0.618843 0.630543 0.664286 0.663168 0.817932 0.686736 0.543358 0.510843 0.595630 0.505891 0.379924 0.359452 0.349137 0.358540 0.484755 0.455607 0.754998 0.931027 0.558362 0.427360 0.218800 0.187324 0.316083 0.351542 0.318652 0.413992 0.257492 0.265098 0.598982 0.362643 0.801001 0.704289 0.467321 0.417216 0.680782 0.693067 0.660940 0.539625 0.769386 0.809820 0.560035 0.632733 0.371300 0.468450 0.297712 0.367401 0.455433 0.416566 0.561591 0.513976 0.951016 0.951154 0.650473 0.466246 0.930202 0.962496 0.873511 0.943897 0.754099 0.785414 0.832068 0.897944 0.583884 0.617063 0.957885 0.962728 0.744086 0.769751 0.579006 0.568200 0.905025 0.976269 0.842837 0.942541 0.930604 0.523794 0.696099 0.885854 0.737283 0.893606
0.703311 0.683535 0.000000 0.465598 0.558128 0.842565 0.528356 0.712701 0.643597 0.755581 0.794358 0.831850 0.593573 0.820331 0.602588 0.592635 0.771343 0.707909 0.536951 0.625394 0.557999 0.853468 0.475589 0.657183 0.554616 0.526838 0.991133 0.973084 0.665775 0.695180 0.630375 0.739680 0.538713 0.604964 0.728612 0.864762 0.554099 0.839039 0.623115 0.765130 0.891512 0.789259 0.611370 0.671237 0.650792 0.671475 0.640652 0.658351 0.704772 0.747193 0.780895 0.796177 0.786657 0.989626 0.696174 0.897643 0.722317 0.677248 0.714386 0.703666 0.487802 0.785671 0.736698 0.733247 0.471099 0.642501 0.574734 0.661148 0.795497 0.624831 0.728166 0.766745 0.751639 0.729326 0.958893 0.760145 0.662172 0.669272 0.753097 0.679762 0.783355 0.759961 0.859164 0.865587 0.739882 0.835468 0.985365 0.873093 0.896625 0.727540 0.738257 0.705583 0.756116 0.750449 0.873216 0.698973 0.865001 0.807935 0.693072 0.576728 0.864407 0.759734 0.844739 0.842535 0.719173 0.676877 0.847170 0.756860 0.919540 0.998784 0.799636 0.698447 0.527698 0.800153 0.807664 0.948170
0.419077 0.376371 0.465598 0.000000 0.731333 0.561693 0.430927 0.327491 0.602158 0.549567 0.484626 0.357567 0.423688 0.371872 0.610838 0.386584 0.468979 0.429736 0.409796 0.346674 0.600534 0.956104 0.570555 0.520508 0.810921 0.724693 0.952215 0.972564 0.431072 0.408142 0.617197 0.690657 0.405860 0.406709 0.780818 0.746206 0.637746 0.725582 0.679539 0.822244 0.851749 0.862480 0.500168 0.537196 0.511287 0.506668 0.449598 0.426827 0.519382 0.478557 0.516440 0.513762 0.637960 0.837573 0.583715 0.638690 0.482679 0.408062 0.496771 0.453236 0.294146 0.353790 0.350026 0.319905 0.649952 0.305552 0.549871 0.586517 0.676098 0.430214 0.629251 0.687240 0.711400 0.648617 0.805999 0.562352 0.514010 0.596746 0.527174 0.570844 0.557237 0.525411 0.736366 0.725028 0.772853 0.727349 0.871683 0.844131 0.793501 0.612699 0.612499 0.750618 0.620813 0.809221 0.663516 0.614474 0.664561 0.798108 0.467823 0.478613 0.646953 0.724925 0.672690 0.668368 0.523240 0.553559 0.975216 0.867664 0.761683 0.892158 0.800692 0.515311 0.570010 0.795806 0.599504 0.859837
0.796582 0.868177 0.558128 0.731333 0.000000 0.844881 0.869744 0.892032 0.937676 0.962834 0.965342 0.905680 0.575562 0.855087 0.545686 0.638135 0.948322 0.911549 0.828465 0.952232 0.785710 0.990014 0.532859 0.613041 0.624259 0.764974 0.638266 0.911298 0.921753 0.882260 0.972689 0.946723 0.779504 0.981179 0.908068 0.818221 0.843311 0.978774 0.953825 0.691273 0.809151 0.882773 0.894561 0.930413 0.946500 0.886668 0.763307 0.825524 0.658113 0.810949 0.951402 0.907444 0.908737 0.802217 0.699244 0.857860 0.961415 0.808462 0.842145 0.765556 0.687212 0.826784 0.877464 0.848384 0.473399 0.664726 0.987183 0.995536 0.792490 0.686189 0.895105 0.797943 0.765593 0.954586 0.903892 0.969773 0.848006 0.905562 0.956126 0.737473 0.823699 0.744674 0.842842 0.762750 0.553198 0.680392 0.631797 0.911335 0.643024 0.697779 0.970788 0.935236 0.963397 0.970627 0.909824 0.952108 0.984017 0.992533 0.996787 0.896273 0.778432 0.999826 0.922477 0.906154 0.980170 0.890723 0.800639 0.937293 0.973893 0.906548 0.853184 0.951843 0.752025 0.967532 0.921062 0.966347
0.698958 0.652660 0.842565 0.561693 0.844881 0.000000 0.602086 0.536477 0.722722 0.671275 0.748243 0.601247 0.785198 0.598173 0.879538 0.566355 0.697071 0.652229 0.690008 0.629488 0.836160 0.892496 0.770856 0.720293 0.969277 0.958642 0.866273 0.992199 0.691628 0.654260 0.701636 0.728385 0.562299 0.643286 0.901643 0.677925 0.874640 0.983548 0.982434 0.925950 0.732096 0.979632 0.664120 0.682216 0.706715 0.712331 0.822378 0.716308 0.752206 0.665213 0.641031 0.620648 0.618924 0.746502 0.820867 0.812286 0.707620 0.765206 0.846489 0.725992 0.676210 0.631496 0.699149 0.579212 0.972808 0.619030 0.814983 0.700098 0.923108 0.823161 0.754765 0.789318 0.751432 0.790677 0.942689 0.752984 0.773331 0.628273 0.787387 0.759919 0.838653 0.839099 0.910379 0.927744 0.991304 0.951365 0.840595 0.836687 0.938385 0.854865 0.646959 0.813453 0.738415 0.786842 0.796310 0.834092 0.949847 0.745133 0.584587 0.725627 0.728886 0.839551 0.862362 0.747877 0.727630 0.933362 0.934872 0.945650 0.887803 0.996761 0.736970 0.675529 0.859690 0.790311 0.798932 0.824567
0.721646 0.615847 0.528356 0.430927 0.869744 0.602086 0.000000 0.306825 0.412301 0.378710 0.651749 0.616254 0.796516 0.657784 0.837214 0.525113 0.591056 0.498250 0.394249 0.502509 0.694937 0.893007 0.569124 0.721714 0.943265 0.888937 0.660905 0.868592 0.435232 0.360036 0.330180 0.416146 0.333680 0.283228 0.705102 0.934574 0.868160 0.844058 0.820018 0.933127 0.898739 0.890634 0.285148 0.362273 0.249109 0.363797 0.716961 0.531087 0.641889 0.611975 0.466843 0.496990 0.416824 0.496710 0.852747 0.842804 0.601812 0.726082 0.726159 0.820327 0.403888 0.609292 0.510708 0.485677 0.919852 0.671526 0.280741 0.317863 0.978845 0.805639 0.484618 0.421331 0.427305 0.381394 0.984562 0.638510 0.449577 0.436197 0.655209 0.701046 0.853412 0.925506 0.832884 0.941452 0.916080 0.913032 0.838950 0.800366 0.863207 0.957180 0.392052 0.539061 0.541502 0.686109 0.741615 0.627158 0.578119 0.662656 0.282845 0.264875 0.500516 0.533437 0.526372 0.606681 0.463722 0.680528 0.680839 0.733265 0.668213 0.824936 0.603138 0.419245 0.349922 0.696351 0.590920 0.858664
0.595276 0.534113 0.712701 0.327491 0.892032 0.536477 0.306825 0.000000 0.472242 0.282332 0.506910 0.337411 0.677663 0.412053 0.910790 0.578775 0.571805 0.497231 0.506124 0.451227 0.871854 0.968339 0.785265 0.795169 0.814106 0.964244 0.648516 0.869862 0.417215 0.373328 0.599165 0.640646 0.479354 0.371946 0.770354 0.809085 0.891137 0.841997 0.877098 0.977773 0.880351 0.988783 0.441451 0.485675 0.342433 0.362198 0.612846 0.458039 0.528517 0.489814 0.419250 0.427093 0.453532 0.568529 0.715448 0.644498 0.648751 0.638604 0.595177 0.592436 0.340321 0.279135 0.381621 0.288135 0.989299 0.443641 0.450279 0.410888 0.908929 0.642605 0.631256 0.604379 0.601971 0.573203 0.842249 0.619900 0.474568 0.589268 0.600125 0.758336 0.741198 0.789398 0.893180 0.924468 0.938614 0.960843 0.825894 0.810394 0.964711 0.777015 0.461261 0.689230 0.545276 0.789671 0.768571 0.724920 0.584840 0.709960 0.347051 0.394747 0.461594 0.676218 0.597662 0.648545 0.474303 0.660301 0.845821 0.883075 0.702102 0.769863 0.688572 0.480318 0.513706 0.756770 0.610696 0.828265
0.862161 0.767341 0.643597 0.602158 0.937676 0.722722 0.412301 0.472242 0.000000 0.371795 0.657877 0.644062 0.879579 0.823238 0.902614 0.655682 0.698161 0.576052 0.657005 0.607365 0.681785 0.844158 0.813478 0.974401 0.863049 0.771916 0.742590 0.855415 0.472557 0.537704 0.492768 0.644982 0.590310 0.469964 0.776392 0.899681 0.688794 0.867234 0.762065 0.859469 0.784638 0.887596 0.502703 0.578431 0.519488 0.658607 0.985243 0.803011 0.793144 0.850908 0.746248 0.789603 0.604193 0.690927 0.981818 0.930404 0.695564 0.851927 0.967148 0.936927 0.621894 0.651946 0.653486 0.605341 0.913775 0.780555 0.499331 0.588026 0.899178 0.758138 0.440128 0.475389 0.537533 0.547206 0.950172 0.703880 0.603819 0.616058 0.706381 0.695718 0.956046 0.938311 0.939181 0.923545 0.851601 0.793935 0.820296 0.760649 0.781510 0.938947 0.457268 0.491953 0.587933 0.525133 0.646040 0.782520 0.848926 0.714107 0.504075 0.468091 0.561614 0.648773 0.660830 0.780311 0.664427 0.835117 0.815789 0.811963 0.845325 0.983925 0.736093 0.621368 0.686625 0.779962 0.765258 0.835259
0.773592 0.728988 0.755581 0.549567 0.962834 0.671275 0.378710 0.282332 0.371795 0.000000 0.612835 0.519436 0.902147 0.710010 0.993839 0.696544 0.631355 0.522125 0.575043 0.537202 0.894202 0.944463 0.907925 0.942656 0.772174 0.999223 0.648936 0.818385 0.438392 0.448714 0.523406 0.650789 0.582602 0.407734 0.739178 0.990324 0.860369 0.811715 0.949459 0.968995 0.912001 0.938944 0.512704 0.572378 0.429322 0.532637 0.887299 0.700465 0.725135 0.783322 0.656639 0.695807 0.600592 0.632457 0.950334 0.876208 0.736404 0.848276 0.838968 0.942103 0.560391 0.494748 0.535229 0.446564 0.919226 0.718047 0.474786 0.521730 0.920061 0.776282 0.466977 0.458630 0.588914 0.491245 0.952450 0.690797 0.602298 0.593036 0.663393 0.783563 0.857696 0.996880 0.963877 0.858036 0.756397 0.711167 0.736136 0.663928 0.871533 0.977944 0.371805 0.501740 0.475193 0.577612 0.800823 0.763453 0.678340 0.695169 0.351305 0.424137 0.482086 0.578551 0.592164 0.719062 0.603458 0.777139 0.878067 0.902405 0.770995 0.872159 0.568355 0.522264 0.557352 0.851555 0.748115 0.776145
0.331795 0.313119 0.794358 0.484626 0.965342 0.748243 0.651749 0.506910 0.657877 0.612835 0.000000 0.286344 0.478142 0.354563 0.639854 0.485898 0.311624 0.302472 0.426928 0.385644 0.753846 0.841522 0.900522 0.824597 0.963630 0.982476 0.963849 0.992664 0.316503 0.339064 0.841853 0.846557 0.491348 0.462939 0.978048 0.612140 0.613406 0.557477 0.599264 0.615438 0.789276 0.778141 0.611128 0.592158 0.684534 0.608219 0.533934 0.557066 0.478190 0.558187 0.609612 0.610097 0.844236 0.942872 0.652973 0.587443 0.329008 0.324355 0.433947 0.519962 0.392834 0.381444 0.303879 0.270521 0.768671 0.410223 0.869759 0.752487 0.590741 0.511651 0.705895 0.697450 0.607701 0.584055 0.759823 0.695025 0.534871 0.746382 0.351071 0.562507 0.360381 0.404466 0.621264 0.507484 0.724356 0.681399 0.962789 0.943525 0.734704 0.542880 0.919239 0.998078 0.944406 0.986003 0.720986 0.798552 0.874531 0.910298 0.639628 0.766886 0.911608 0.988082 0.720910 0.838415 0.651990 0.725013 0.797405 0.882789 0.822837 0.872762 0.951895 0.608205 0.667948 0.986914 0.726314 0.770371
0.322774 0.325568 0.831850 0.357567 0.905680 0.601247 0.616254 0.337411 0.644062 0.519436 0.286344 0.000000 0.415193 0.246700 0.670968 0.427864 0.378392 0.354087 0.481506 0.374058 0.795280 0.868313 0.852711 0.742105 0.925639 0.960537 0.948492 0.996731 0.355910 0.379900 0.889922 0.880327 0.502040 0.468623 0.975918 0.684515 0.770866 0.705335 0.741281 0.785853 0.851287 0.878870 0.659229 0.628348 0.633772 0.537997 0.459288 0.457449 0.435919 0.412208 0.521319 0.480616 0.703654 0.917894 0.587864 0.528465 0.432252 0.350642 0.427866 0.418401 0.325890 0.190988 0.260612 0.201624 0.796281 0.256441 0.822807 0.697174 0.614011 0.455850 0.754612 0.754839 0.730531 0.673064 0.738083 0.718451 0.583570 0.724199 0.432745 0.609300 0.406967 0.429737 0.667356 0.524267 0.739740 0.695526 0.990272 0.993017 0.668429 0.581337 0.773812 0.933224 0.783160 0.962670 0.742354 0.788017 0.774462 0.809872 0.578975 0.669683 0.750890 0.942179 0.768252 0.774550 0.527507 0.658791 0.866729 0.938778 0.814409 0.863022 0.924049 0.555870 0.741811 0.960689 0.715078 0.812935
0.314915 0.378311 0.593573 0.423688 0.575562 0.785198 0.796516 0.677663 0.879579 0.902147 0.478142 0.415193 0.000000 0.379215 0.296807 0.334298 0.507748 0.554022 0.504779 0.510366 0.712201 0.951136 0.462133 0.474441 0.711514 0.859015 0.660589 0.753025 0.565884 0.617395 0.924651 0.910038 0.567255 0.654497 0.981663 0.712056 0.638654 0.820307 0.702457 0.608425 0.860723 0.800597 0.812423 0.830436 0.845656 0.720667 0.395064 0.465107 0.402854 0.489410 0.726441 0.653144 0.923555 0.756927 0.547285 0.550140 0.525258 0.314178 0.382804 0.318166 0.344707 0.420090 0.463130 0.462581 0.341196 0.243615 0.975392 0.938341 0.523951 0.346396 0.995634 0.949875 0.946999 0.888862 0.702901 0.796701 0.749295 0.867343 0.597654 0.528198 0.431584 0.308324 0.532068 0.397906 0.350430 0.389037 0.838104 0.843347 0.475234 0.442465 0.969126 0.892762 0.998203 0.935568 0.765159 0.794543 0.935769 0.961460 0.800172 0.807533 0.885232 0.948708 0.971596 0.974391 0.770807 0.682361 0.886339 0.948774 0.884204 0.986129 0.972692 0.758120 0.806437 0.973074 0.758839 0.876929
0.356279 0.339581 0.820331 0.371872 0.855087 0.598173 0.657784 0.412053 0.823238 0.710010 0.354563 0.246700 0.379215 0.000000 0.586146 0.408225 0.425493 0.418039 0.450612 0.417715 0.865868 0.959139 0.710402 0.530850 0.916862 0.902963 0.960668 0.942616 0.439101 0.384605 0.918890 0.799854 0.497969 0.550884 0.938921 0.664753 0.813311 0.770239 0.814664 0.789835 0.825253 0.975368 0.649190 0.593695 0.638885 0.509099 0.426116 0.432431 0.447267 0.367426 0.464666 0.429286 0.681350 0.902111 0.525903 0.463803 0.492095 0.345119 0.391886 0.351040 0.363945 0.290783 0.343216 0.274260 0.799476 0.278881 0.893423 0.764364 0.722393 0.539578 0.912172 0.841704 0.834781 0.793085 0.767474 0.691178 0.620565 0.825079 0.470791 0.595470 0.449411 0.380158 0.596534 0.464270 0.715110 0.597798 0.976494 0.863086 0.641819 0.508528 0.906045 0.848186 0.937718 0.837193 0.772809 0.812951 0.762942 0.924029 0.654121 0.765601 0.829691 0.953508 0.809710 0.819051 0.659132 0.698752 0.901568 0.960967 0.799398 0.867104 0.989183 0.678667 0.755519 0.922919 0.616083 0.848906
0.506692 0.563028 0.602588 0.610838 0.545686 0.879538 0.837214 0.910790 0.902614 0.993839 0.639854 0.670968 0.296807 0.586146 0.000000 0.313826 0.596967 0.603342 0.520884 0.612696 0.616663 0.939888 0.340300 0.421126 0.608733 0.741722 0.575981 0.755800 0.679562 0.663869 0.927701 0.983853 0.591644 0.756168 0.994754 0.822905 0.674215 0.856106 0.771369 0.622963 0.840745 0.835537 0.858076 0.867760 0.960557 0.915836 0.639135 0.680163 0.654890 0.744922 0.936952 0.887398 0.968413 0.706294 0.687458 0.807548 0.572992 0.456391 0.610084 0.614063 0.553717 0.736009 0.656612 0.690102 0.357915 0.476558 0.976823 0.948442 0.508585 0.509560 0.944341 0.955791 0.915509 0.868338 0.814788 0.787349 0.879779 0.900408 0.755969 0.497440 0.540329 0.451163 0.556392 0.537156 0.407646 0.433909 0.816516 0.806308 0.580230 0.609965 0.964781 0.914679 0.949839 0.954399 0.714015 0.799100 0.987845 0.994436 0.867933 0.860330 0.760995 0.975138 0.946776 0.957792 0.876255 0.848486 0.999558 0.937461 0.905359 0.871277 0.918803 0.869204 0.790373 0.954418 0.786242 0.910898
0.409002 0.357459 0.592635 0.386584 0.638135 0.566355 0.525113 0.578775 0.655682 0.696544 0.485898 0.427864 0.334298 0.408225 0.313826 0.000000 0.395659 0.390981 0.340778 0.373677 0.628798 0.924619 0.352963 0.397658 0.831475 0.823278 0.810191 0.866015 0.443441 0.416098 0.680419 0.751954 0.366242 0.471410 0.982766 0.711385 0.631116 0.732020 0.745602 0.710896 0.730327 0.787981 0.563270 0.578829 0.651843 0.623574 0.545082 0.517092 0.480109 0.537000 0.632492 0.587114 0.709101 0.976248 0.700616 0.759379 0.407385 0.376829 0.568590 0.581097 0.393228 0.523410 0.445174 0.431051 0.502341 0.373513 0.781363 0.782586 0.567188 0.510949 0.696575 0.658113 0.772778 0.639830 0.806453 0.736929 0.672300 0.647532 0.559479 0.460847 0.515977 0.503187 0.555041 0.602048 0.584215 0.590446 0.987465 0.955719 0.663135 0.652708 0.746717 0.851002 0.807905 0.877694 0.631150 0.695862 0.915636 0.812473 0.591635 0.566997 0.929739 0.856280 0.830012 0.859868 0.676819 0.762157 0.926944 0.964696 0.778403 0.920282 0.860727 0.563905 0.629787 0.922334 0.720073 0.868132
0.287350 0.255349 0.771343 0.468979 0.948322 0.697071 0.591056 0.571805 0.698161 0.631355 0.311624 0.378392 0.507748 0.425493 0.596967 0.395659 0.000000 0.195445 0.361495 0.324215 0.686026 0.998924 0.774244 0.734325 0.944481 0.887436 0.952672 0.878398 0.299752 0.292809 0.696650 0.677141 0.400283 0.393190 0.901823 0.652404 0.645940 0.628545 0.776307 0.688540 0.790332 0.701710 0.516647 0.510885 0.626913 0.610031 0.514052 0.468835 0.476460 0.518878 0.607993 0.603216 0.853341 0.907467 0.622967 0.556951 0.214945 0.296546 0.456040 0.591703 0.423465 0.522431 0.271233 0.273885 0.728672 0.511329 0.792472 0.744258 0.503762 0.513154 0.562221 0.569564 0.602374 0.422243 0.737665 0.772965 0.577210 0.635670 0.364767 0.434237 0.320509 0.397483 0.474629 0.533903 0.694218 0.668028 0.901783 0.967605 0.746376 0.583979 0.845281 0.899835 0.876497 0.975018 0.716121 0.753497 0.789408 0.883457 0.554340 0.593468 0.924712 0.923316 0.760404 0.709296 0.569863 0.652632 0.947412 0.994807 0.779271 0.925322 0.780751 0.549399 0.675852 0.949832 0.763975 0.879082
0.328230 0.275789 0.707909 0.429736 0.911549 0.652229 0.498250 0.497231 0.576052 0.522125 0.302472 0.354087 0.554022 0.418039 0.603342 0.390981 0.195445 0.000000 0.297618 0.298449 0.676224 0.971816 0.766249 0.705167 0.936156 0.865662 0.971345 0.993433 0.242733 0.236007 0.621066 0.570133 0.321343 0.310523 0.991933 0.714553 0.680417 0.629851 0.733107 0.719418 0.780003 0.666247 0.441203 0.447332 0.541713 0.538287 0.536486 0.478814 0.502795 0.539919 0.563158 0.585131 0.775768 0.972490 0.652824 0.565958 0.219811 0.309736 0.471899 0.633717 0.385979 0.491002 0.237574 0.252192 0.761132 0.506003 0.723363 0.653143 0.549204 0.563380 0.525913 0.508426 0.541177 0.424213 0.812170 0.741298 0.545545 0.548101 0.334781 0.379330 0.332034 0.444991 0.498519 0.529851 0.734929 0.703725 0.925105 0.991788 0.809638 0.599607 0.792633 0.853518 0.831741 0.942358 0.713650 0.665125 0.734970 0.804785 0.458148 0.523918 0.848668 0.826243 0.653234 0.646862 0.550692 0.638857 0.985418 0.968901 0.837003 0.935355 0.806477 0.481392 0.589039 0.881310 0.694150 0.860255
0.396422 0.370760 0.536951 0.409796 0.828465 0.690008 0.394249 0.506124 0.657005 0.575043 0.426928 0.481506 0.504779 0.450612 0.520884 0.340778 0.361495 0.297618 0.000000 0.330743 0.712405 0.962495 0.529495 0.598722 0.905404 0.901799 0.972141 0.985018 0.355319 0.342782 0.578778 0.567312 0.357641 0.308206 0.948807 0.752897 0.723012 0.683334 0.738142 0.792521 0.846280 0.782776 0.517003 0.559860 0.546420 0.561841 0.578606 0.501503 0.577630 0.602403 0.656627 0.643473 0.741689 0.917582 0.766238 0.709981 0.361944 0.411561 0.518902 0.611489 0.377523 0.599528 0.402344 0.409450 0.707315 0.518589 0.634432 0.691240 0.652863 0.643220 0.582586 0.513262 0.567221 0.439644 0.912523 0.735272 0.503350 0.560049 0.479112 0.529982 0.527996 0.539797 0.617262 0.661699 0.785410 0.810344 0.959570 0.952149 0.851840 0.733335 0.706265 0.816069 0.763054 0.840355 0.737412 0.680253 0.741733 0.894417 0.477434 0.454283 0.808427 0.763184 0.687328 0.741299 0.669577 0.694432 0.939488 0.953597 0.754482 0.934612 0.810379 0.471010 0.483511 0.863579 0.700809 0.874358
0.356134 0.296905 0.625394 0.346674 0.952232 0.629488 0.502509 0.451227 0.607365 0.537202 0.385644 0.374058 0.510366 0.417715 0.612696 0.373677 0.324215 0.298449 0.330743 0.000000 0.738789 0.997278 0.677086 0.690234 0.922937 0.863698 0.915699 0.932081 0.314372 0.361050 0.631575 0.667056 0.429051 0.346318 0.976881 0.720425 0.651157 0.667252 0.649968 0.814374 0.759188 0.784923 0.545256 0.550950 0.609094 0.585245 0.565046 0.458355 0.586593 0.542847 0.611057 0.630821 0.769004 0.927385 0.650762 0.616220 0.341026 0.369044 0.530966 0.556697 0.396257 0.476771 0.332212 0.342520 0.756906 0.461360 0.716249 0.715684 0.592567 0.498609 0.513924 0.526458 0.556479 0.493972 0.770149 0.762046 0.485360 0.609372 0.451985 0.574743 0.494493 0.537664 0.632013 0.658021 0.817102 0.815835 0.814562 0.856177 0.836352 0.684004 0.685730 0.753375 0.675433 0.838447 0.779500 0.692486 0.739802 0.799131 0.486445 0.493561 0.802731 0.826494 0.685928 0.731486 0.588763 0.664227 0.965435 0.948011 0.788476 0.934763 0.860402 0.472661 0.629679 0.874965 0.729454 0.773977
0.754760 0.677476 0.557999 0.600534 0.785710 0.836160 0.694937 0.871854 0.681785 0.894202 0.753846 0.795280 0.712201 0.865868 0.616663 0.628798 0.686026 0.676224 0.712405 0.738789 0.000000 0.808549 0.665502 0.743720 0.754433 0.679633 0.862271 0.891050 0.716568 0.673370 0.597746 0.727846 0.682693 0.693322 0.919723 0.929666 0.703546 0.904666 0.769052 0.758886 0.945264 0.913193 0.710773 0.724656 0.825188 0.877924 0.830352 0.812905 0.836993 0.838518 0.847918 0.878987 0.883709 0.983166 0.783652 0.998881 0.628481 0.682652 0.872159 0.909728 0.736018 0.881521 0.750877 0.766527 0.677708 0.782636 0.748040 0.791405 0.692741 0.594675 0.757035 0.816549 0.712617 0.756545 0.928087 0.742896 0.835836 0.682009 0.775829 0.619850 0.753443 0.737205 0.810577 0.853517 0.816342 0.786736 0.789401 0.997609 0.964368 0.923022 0.842357 0.833256 0.865918 0.814503 0.646651 0.868243 0.869267 0.878404 0.785073 0.755867 0.996339 0.734140 0.914718 0.814416 0.649745 0.816493 0.948905 0.937977 0.791157 0.872216 0.824816 0.781479 0.770879 0.987130 0.816456 0.987630
0.856603 0.991774 0.853468 0.956104 0.990014 0.892496 0.893007 0.968339 0.844158 0.944463 0.841522 0.868313 0.951136 0.959139 0.939888 0.924619 0.998924 0.971816 0.962495 0.997278 0.808549 0.000000 0.800855 0.762545 0.927184 0.883988 0.902267 0.949025 0.985160 0.982376 0.746358 0.703628 0.910177 0.931447 0.964808 0.979706 0.905537 0.955079 0.954786 0.974212 0.999686 0.989115 0.866166 0.864352 0.944411 0.979730 0.853376 0.904213 0.882988 0.984109 0.955824 0.996388 0.830370 0.784753 0.910816 0.851787 0.991363 0.949543 0.795703 0.842751 0.887904 0.791738 0.786144 0.876606 0.988981 0.882786 0.839767 0.986260 0.956005 0.998237 0.832081 0.776906 0.940835 0.887923 0.944365 0.863722 0.906720 0.808974 0.857606 0.936972 0.865528 0.885397 0.951272 0.909746 0.924270 0.989221 0.876675 0.886709 0.952813 0.795163 0.800897 0.792605 0.850098 0.758269 0.903949 0.862213 0.908109 0.949276 0.923664 0.857312 0.893240 0.917165 0.961648 0.821807 0.888272 0.893377 0.870980 0.815989 0.786422 0.756722 0.978865 0.985537 0.976442 0.694433 0.900852 0.910732
0.710887 0.698137 0.475589 0.570555 0.532859 0.770856 0.569124 0.785265 0.813478 0.907925 0.900522 0.852711 0.462133 0.710402 0.340300 0.352963 0.774244 0.766249 0.529495 0.677086 0.665502 0.800855 0.000000 0.339105 0.679336 0.699148 0.806861 0.799073 0.736038 0.711576 0.693726 0.799477 0.498199 0.660233 0.844741 0.974060 0.786864 0.993224 0.842672 0.886814 0.853948 0.934390 0.668276 0.719551 0.674902 0.705932 0.698587 0.631882 0.655615 0.690166 0.782281 0.735845 0.742092 0.925596 0.772577 0.883891 0.755792 0.674049 0.770126 0.720827 0.541853 0.843005 0.782956 0.811804 0.435542 0.602163 0.704773 0.789985 0.817443 0.680259 0.902181 0.847522 0.966383 0.813676 0.831656 0.793557 0.816607 0.740275 0.893357 0.654564 0.836805 0.736712 0.725737 0.831556 0.595429 0.642535 0.955526 0.935089 0.767590 0.813312 0.760301 0.835102 0.825824 0.890153 0.733266 0.715316 0.854882 0.845132 0.674396 0.580381 0.981136 0.795747 0.896219 0.926599 0.787265 0.764549 0.762693 0.778653 0.816688 0.882908 0.899903 0.745165 0.616653 0.826055 0.688324 0.987878
0.684854 0.617149 0.657183 0.520508 0.613041 0.720293 0.721714 0.795169 0.974401 0.942656 0.824597 0.742105 0.474441 0.530850 0.421126 0.397658 0.734325 0.705167 0.598722 0.690234 0.743720 0.762545 0.339105 0.000000 0.723404 0.807216 0.823646 0.837305 0.786306 0.672878 0.822158 0.751280 0.545179 0.722027 0.977487 0.838594 0.853383 0.985476 0.812367 0.925541 0.910707 0.889329 0.693568 0.675696 0.781814 0.746711 0.642355 0.657429 0.702754 0.631954 0.672313 0.644017 0.752585 0.927850 0.772138 0.725756 0.703301 0.597085 0.723036 0.631032 0.627568 0.777039 0.723653 0.741452 0.614308 0.536800 0.864848 0.855674 0.875028 0.727471 0.984822 0.938655 0.976653 0.931942 0.849254 0.786247 0.807769 0.819073 0.805671 0.556706 0.729958 0.609856 0.679987 0.641651 0.629836 0.518343 0.970179 0.796458 0.688872 0.698601 0.937874 0.974942 0.998248 0.905393 0.828310 0.769069 0.849793 0.875452 0.802054 0.739072 0.947633 0.901571 0.947570 0.901450 0.885696 0.878419 0.933293 0.884703 0.843695 0.938810 0.975437 0.726667 0.713920 0.902618 0.757931 0.977902
0.777461 0.815872 0.554616 0.810921 0.624259 0.969277 0.943265 0.814106 0.863049 0.772174 0.963630 0.925639 0.711514 0.916862 0.608733 0.831475 0.944481 0.936156 0.905404 0.922937 0.754433 0.927184 0.679336 0.723404 0.000000 0.529477 0.627177 0.916206 0.982010 0.934672 0.999043 0.935227 0.817084 0.973286 0.914964 0.980562 0.659642 0.978844 0.695330 0.797765 0.911986 0.800616 0.981146 0.971476 0.928218 0.910825 0.799286 0.891354 0.897866 0.949296 0.894190 0.899310 0.770164 0.597404 0.760881 0.885769 0.795122 0.739565 0.800623 0.757641 0.801254 0.934643 0.946272 0.975817 0.458721 0.812657 0.982861 0.966852 0.625218 0.681975 0.959842 0.910122 0.833707 0.988652 0.838514 0.950525 0.985962 0.880098 0.969886 0.763640 0.726691 0.766508 0.858128 0.746659 0.505198 0.586258 0.940919 0.933131 0.776041 0.736862 0.864179 0.957734 0.964365 0.955450 0.978052 0.793011 0.974229 0.995156 0.964421 0.973185 0.742747 0.893169 0.948563 0.933421 0.877039 0.805596 0.924208 0.945837 0.834272 0.949499 0.883018 0.942919 0.908827 0.986619 0.952338 0.844992
0.892599 0.884125 0.526838 0.724693 0.764974 0.958642 0.888937 0.964244 0.771916 0.999223 0.982476 0.960537 0.859015 0.902963 0.741722 0.823278 0.887436 0.865662 0.901799 0.863698 0.679633 0.883988 0.699148 0.807216 0.529477 0.000000 0.938806 0.922941 0.861688 0.954861 0.733483 0.909559 0.754771 0.859241 0.745150 0.978989 0.585513 0.934795 0.710950 0.808262 0.941323 0.804198 0.803846 0.846181 0.864809 0.924721 0.870097 0.899524 0.910452 0.944252 0.957773 0.991148 0.960681 0.883491 0.912684 0.942094 0.827821 0.844925 0.986650 0.966809 0.809023 0.988971 0.897035 0.960037 0.595692 0.872347 0.813894 0.861854 0.855851 0.816812 0.730754 0.872390 0.970336 0.859164 0.948143 0.838188 0.908221 0.845346 0.968182 0.748450 0.850500 0.895794 0.931198 0.976237 0.799132 0.862170 0.888661 0.848328 0.931522 0.866196 0.820690 0.676075 0.808031 0.785368 0.836482 0.894681 0.997093 0.916360 0.867692 0.788296 0.997988 0.920211 0.860097 0.914497 0.826739 0.874723 0.946895 0.790276 0.904278 0.940327 0.972734 0.882528 0.850157 0.899234 0.938481 0.930499
0.816445 0.872887 0.991133 0.952215 0.638266 0.866273 0.660905 0.648516 0.742590 0.648936 0.963849 0.948492 0.660589 0.960668 0.575981 0.810191 0.952672 0.971345 0.972141 0.915699 0.862271 0.902267 0.806861 0.823646 0.627177 0.938806 0.000000 0.691763 0.933948 0.855861 0.689769 0.679416 0.919855 0.749169 0.933671 0.883940 0.886986 0.943309 0.946764 0.697001 0.886991 0.804658 0.798512 0.760158 0.637596 0.729403 0.882359 0.981883 0.871308 0.925305 0.756290 0.812398 0.681051 0.454374 0.891284 0.936430 0.867338 0.761847 0.907278 0.851818 0.966966 0.908442 0.982348 0.920217 0.537819 0.873555 0.601963 0.619757 0.626057 0.699062 0.750867 0.705053 0.639666 0.817407 0.807300 0.862653 0.732560 0.788506 0.934412 0.793265 0.745808 0.717981 0.813822 0.671191 0.428320 0.468825 0.730760 0.722184 0.556194 0.759634 0.604933 0.728932 0.680134 0.794807 0.847829 0.998115 0.802535 0.852376 0.716623 0.751028 0.491556 0.677976 0.712381 0.840105 0.855114 0.932891 0.930210 0.849745 0.762341 0.842201 0.777584 0.823720 0.847103 0.834144 0.975501 0.915025
0.909275 0.880639 0.973084 0.972564 0.911298 0.992199 0.868592 0.869862 0.855415 0.818385 0.992664 0.996731 0.753025 0.942616 0.755800 0.866015 0.878398 0.993433 0.985018 0.932081 0.891050 0.949025 0.799073 0.837305 0.916206 0.922941 0.691763 0.000000 0.969779 0.955062 0.833850 0.858857 0.938324 0.916086 0.967671 0.832138 0.941332 0.796260 0.928931 0.724782 0.945855 0.879846 0.996428 0.905951 0.877356 0.910661 0.870642 0.947390 0.873071 0.947084 0.953927 0.943095 0.892895 0.752382 0.846039 0.763932 0.941443 0.867455 0.926930 0.878369 0.973762 0.987370 0.958278 0.984470 0.723629 0.892659 0.804093 0.905295 0.852203 0.840903 0.931899 0.888915 0.823908 0.960349 0.812537 0.929633 0.928859 0.834740 0.968928 0.866421 0.934358 0.784586 0.923545 0.870226 0.740571 0.717606 0.955126 0.993095 0.755646 0.696802 0.776666 0.912054 0.785720 0.833359 0.933303 0.961968 0.924676 0.877998 0.934498 0.934511 0.712032 0.885251 0.802033 0.898447 0.951181 0.934707 0.967054 0.839868 0.978437 0.926002 0.951750 0.901861 0.906454 0.985825 0.871010 0.939706
0.406909 0.324348 0.665775 0.431072 0.921753 0.691628 0.435232 0.417215 0.472557 0.438392 0.316503 0.355910 0.565884 0.439101 0.679562 0.443441 0.299752 0.242733 0.355319 0.314372 0.716568 0.985160 0.736038 0.786306 0.982010 0.861688 0.933948 0.969779 0.000000 0.286098 0.619643 0.633168 0.344944 0.284427 0.935263 0.776197 0.683414 0.664019 0.707381 0.800325 0.787065 0.735798 0.461583 0.487294 0.466172 0.487380 0.567706 0.503682 0.481287 0.538097 0.533640 0.582649 0.698844 0.886799 0.730576 0.599765 0.340372 0.404703 0.524901 0.618587 0.355588 0.461278 0.296821 0.291689 0.765598 0.491870 0.643039 0.612797 0.668510 0.542485 0.511473 0.499445 0.493352 0.391687 0.776993 0.728822 0.500856 0.575100 0.403009 0.502429 0.485326 0.562371 0.625915 0.646381 0.804033 0.821698 0.903550 0.888072 0.876290 0.708749 0.701969 0.756537 0.722077 0.827583 0.713676 0.678083 0.764825 0.711565 0.425189 0.517823 0.764588 0.803437 0.620285 0.696489 0.505874 0.609110 0.981004 0.883718 0.804235 0.912108 0.858948 0.475716 0.566725 0.834198 0.674919 0.820001
0.468295 0.364735 0.695180 0.408142 0.882260 0.654260 0.360036 0.373328 0.537704 0.448714 0.339064 0.379900 0.617395 0.384605 0.663869 0.416098 0.292809 0.236007 0.342782 0.361050 0.673370 0.982376 0.711576 0.672878 0.934672 0.954861 0.855861 0.955062 0.286098 0.000000 0.492342 0.488832 0.330257 0.321843 0.934977 0.802614 0.738733 0.660302 0.796258 0.776600 0.809164 0.737307 0.346846 0.319149 0.373089 0.390447 0.567049 0.480163 0.478421 0.475612 0.411493 0.442769 0.558580 0.771465 0.633091 0.584155 0.338306 0.419993 0.488006 0.662116 0.348640 0.442285 0.264056 0.249563 0.865548 0.524167 0.571893 0.486009 0.735764 0.607451 0.550790 0.481916 0.498663 0.362460 0.839425 0.615317 0.516517 0.535365 0.427770 0.454216 0.454952 0.560888 0.522133 0.675824 0.890167 0.817582 0.927430 0.995488 0.884277 0.690149 0.689160 0.841873 0.810950 0.933050 0.718467 0.779801 0.645951 0.845614 0.428485 0.480259 0.738812 0.764632 0.586676 0.649835 0.499308 0.650692 0.919730 0.970299 0.795253 0.862453 0.738815 0.503903 0.474513 0.837013 0.633082 0.826882
0.956487 0.780420 0.630375 0.617197 0.972689 0.701636 0.330180 0.599165 0.492768 0.523406 0.841853 0.889922 0.924651 0.918890 0.927701 0.680419 0.696650 0.621066 0.578778 0.631575 0.597746 0.746358 0.693726 0.822158 0.999043 0.733483 0.689769 0.833850 0.619643 0.492342 0.000000 0.300270 0.501358 0.463508 0.745906 0.990454 0.806539 0.776885 0.904195 0.867942 0.913362 0.808167 0.347127 0.376291 0.402304 0.571559 0.981807 0.787791 0.875766 0.815402 0.610371 0.688497 0.513654 0.490890 0.957805 0.895844 0.670313 0.910513 0.999961 0.867742 0.717629 0.920573 0.763086 0.712588 0.936809 0.983744 0.383150 0.463430 0.979153 0.990357 0.383708 0.354412 0.474390 0.396270 0.902844 0.696182 0.584343 0.372157 0.784743 0.717360 0.981833 0.891445 0.949983 0.753605 0.706822 0.767679 0.778062 0.695657 0.691158 0.810589 0.449234 0.472401 0.541195 0.580710 0.747450 0.804501 0.673751 0.870258 0.400637 0.419678 0.555211 0.477739 0.531199 0.600378 0.602467 0.827925 0.719366 0.677757 0.726764 0.920046 0.619798 0.630423 0.527440 0.753002 0.706548 0.935917
0.935500 0.708813 0.739680 0.690657 0.946723 0.728385 0.416146 0.640646 0.644982 0.650789 0.846557 0.880327 0.910038 0.799854 0.983853 0.751954 0.677141 0.570133 0.567312 0.667056 0.727846 0.703628 0.799477 0.751280 0.935227 0.909559 0.679416 0.858857 0.633168 0.488832 0.300270 0.000000 0.533719 0.469738 0.843827 0.977964 0.921434 0.876398 0.929025 0.906086 0.978518 0.829905 0.376560 0.359169 0.437348 0.537200 0.883615 0.694496 0.883604 0.773143 0.549481 0.610337 0.538304 0.542873 0.983785 0.877652 0.663035 0.865577 0.927524 0.976963 0.750231 0.945471 0.732526 0.714364 0.828199 0.980221 0.485777 0.509203 0.935730 0.935800 0.480602 0.448317 0.481359 0.454073 0.909338 0.819523 0.638506 0.440860 0.757425 0.672402 0.932581 0.958802 0.881037 0.934686 0.710431 0.864836 0.733403 0.955568 0.705913 0.886543 0.605315 0.692739 0.722154 0.815923 0.831572 0.810101 0.658224 0.889833 0.504954 0.502583 0.603788 0.541899 0.564600 0.631342 0.668159 0.817936 0.821445 0.747479 0.831662 0.997656 0.663958 0.646916 0.555065 0.668420 0.711980 0.991016
0.454792 0.382466 0.538713 0.405860 0.779504 0.562299 0.333680 0.479354 0.590310 0.582602 0.491348 0.502040 0.567255 0.497969 0.591644 0.366242 0.400283 0.321343 0.357641 0.429051 0.682693 0.910177 0.498199 0.545179 0.817084 0.754771 0.919855 0.938324 0.344944 0.330257 0.501358 0.533719 0.000000 0.314968 0.757399 0.856534 0.726546 0.732492 0.726947 0.829768 0.779490 0.718100 0.329615 0.326176 0.357794 0.383370 0.533484 0.455879 0.439282 0.435186 0.430437 0.448000 0.579315 0.795955 0.608137 0.609652 0.348122 0.412782 0.505816 0.600999 0.321252 0.563188 0.378296 0.379321 0.645843 0.499337 0.506978 0.462110 0.720939 0.674867 0.584302 0.553854 0.543411 0.475301 0.743261 0.723110 0.512132 0.477428 0.505150 0.484852 0.481370 0.568579 0.589799 0.664397 0.693025 0.671080 0.899315 0.952738 0.848989 0.679855 0.681347 0.742524 0.731333 0.898534 0.735770 0.559323 0.660426 0.692247 0.364638 0.451649 0.755509 0.732699 0.600722 0.654751 0.466125 0.568931 0.870435 0.777728 0.760318 0.896952 0.777981 0.483497 0.413512 0.720857 0.558118 0.839043
0.512413 0.406764 0.604964 0.406709 0.981179 0.643286 0.283228 0.371946 0.469964 0.407734 0.462939 0.468623 0.654497 0.550884 0.756168 0.471410 0.393190 0.310523 0.308206 0.346318 0.693322 0.931447 0.660233 0.722027 0.973286 0.859241 0.749169 0.916086 0.284427 0.321843 0.463508 0.469738 0.314968 0.000000 0.821760 0.879287 0.731533 0.784521 0.777060 0.900322 0.861974 0.783123 0.353149 0.427136 0.331339 0.395148 0.629238 0.483501 0.548981 0.547284 0.480483 0.531114 0.546275 0.695133 0.841222 0.663996 0.404682 0.510944 0.572515 0.687061 0.369977 0.546488 0.381636 0.375219 0.829486 0.598603 0.473547 0.464052 0.798784 0.692071 0.398221 0.405941 0.435296 0.342587 0.903869 0.749550 0.407500 0.440133 0.515990 0.537005 0.620641 0.708216 0.712570 0.809247 0.949029 0.969271 0.825455 0.826364 0.975272 0.833193 0.553285 0.610381 0.605798 0.756082 0.707756 0.568192 0.692749 0.731116 0.290568 0.325397 0.617692 0.624553 0.540021 0.644689 0.483708 0.598843 0.944369 0.782498 0.768946 0.951753 0.722621 0.356881 0.432067 0.705302 0.669482 0.871438
0.909576 0.976655 0.728612 0.780818 0.908068 0.901643 0.705102 0.770354 0.776392 0.739178 0.978048 0.975918 0.981663 0.938921 0.994754 0.982766 0.901823 0.991933 0.948807 0.976881 0.919723 0.964808 0.844741 0.977487 0.914964 0.745150 0.933671 0.967671 0.935263 0.934977 0.745906 0.843827 0.757399 0.821760 0.000000 0.851795 0.944912 0.863845 0.990622 0.990025 0.873684 0.933773 0.669400 0.746147 0.636355 0.685118 0.902051 0.836064 0.859376 0.953506 0.794142 0.839434 0.727313 0.800802 0.926539 0.962301 0.946655 0.979437 0.960666 0.942012 0.805583 0.892066 0.952854 0.934718 0.844828 0.937247 0.630689 0.571383 0.950577 0.937489 0.756556 0.848851 0.957663 0.886186 0.916609 0.864770 0.821221 0.773007 0.988564 0.992078 0.899658 0.865403 0.915863 0.786550 0.984286 0.988051 0.853400 0.864804 0.909632 0.898187 0.743445 0.692574 0.789439 0.843581 0.841398 0.719363 0.872269 0.846472 0.736666 0.819420 0.749523 0.789998 0.809036 0.981366 0.807125 0.805879 0.973779 0.833738 0.956700 0.837771 0.881584 0.923157 0.714505 0.777810 0.689357 0.894333
0.622147 0.649360 0.864762 0.746206 0.818221 0.677925 0.934574 0.809085 0.899681 0.990324 0.612140 0.684515 0.712056 0.664753 0.822905 0.711385 0.652404 0.714553 0.752897 0.720425 0.929666 0.979706 0.974060 0.838594 0.980562 0.978989 0.883940 0.832138 0.776197 0.802614 0.990454 0.977964 0.856534 0.879287 0.851795 0.000000 0.770924 0.882877 0.768220 0.754036 0.704646 0.879432 0.884571 0.887856 0.946547 0.936286 0.773579 0.781469 0.776060 0.790952 0.872047 0.807865 0.946495 0.873285 0.717786 0.759609 0.674369 0.653140 0.773016 0.690543 0.786056 0.724006 0.726229 0.637202 0.873310 0.653349 0.896011 0.990514 0.776814 0.821885 0.945570 0.986687 0.826569 0.917066 0.982387 0.937238 0.772942 0.894839 0.679124 0.858679 0.764227 0.657990 0.830913 0.650300 0.804741 0.804170 0.980127 0.998825 0.828438 0.654137 0.928720 0.927782 0.919271 0.996445 0.940716 0.955385 0.836174 0.907480 0.972448 0.979131 0.913391 0.879218 0.858856 0.984722 0.919402 0.975931 0.957062 0.940066 0.991063 0.955102 0.981919 0.819160 0.960301 0.959524 0.942464 0.925258
0.633263 0.618843 0.554099 0.637746 0.843311 0.874640 0.868160 0.891137 0.688794 0.860369 0.613406 0.770866 0.638654 0.813311 0.674215 0.631116 0.645940 0.680417 0.723012 0.651157 0.703546 0.905537 0.786864 0.853383 0.659642 0.585513 0.886986 0.941332 0.683414 0.738733 0.806539 0.921434 0.726546 0.731533 0.944912 0.770924 0.000000 0.648789 0.594943 0.518143 0.571982 0.654549 0.757969 0.734371 0.824255 0.838765 0.713894 0.784684 0.672001 0.774818 0.851446 0.851717 0.953350 0.848824 0.757827 0.962055 0.574026 0.599233 0.718301 0.768876 0.652458 0.765961 0.725728 0.701047 0.534731 0.674540 0.821528 0.893850 0.558227 0.571895 0.618655 0.710047 0.851952 0.780264 0.838245 0.806871 0.822708 0.721123 0.726672 0.632331 0.614593 0.761169 0.823216 0.750834 0.758907 0.765749 0.831298 0.801604 0.848921 0.729081 0.870451 0.753536 0.796819 0.753894 0.736317 0.775135 0.944119 0.939503 0.766042 0.783363 0.944562 0.850214 0.790399 0.876709 0.781695 0.772240 0.867121 0.952411 0.939463 0.905273 0.940101 0.795937 0.912736 0.953772 0.912544 0.975942
0.624947 0.630543 0.839039 0.725582 0.978774 0.983548 0.844058 0.841997 0.867234 0.811715 0.557477 0.705335 0.820307 0.770239 0.856106 0.732020 0.628545 0.629851 0.683334 0.667252 0.904666 0.955079 0.993224 0.985476 0.978844 0.934795 0.943309 0.796260 0.664019 0.660302 0.776885 0.876398 0.732492 0.784521 0.863845 0.882877 0.648789 0.000000 0.775699 0.798200 0.842120 0.653996 0.788100 0.736102 0.826431 0.760073 0.763896 0.812096 0.707971 0.801560 0.826842 0.816821 0.920291 0.984341 0.757562 0.956205 0.575916 0.596496 0.690348 0.831259 0.718159 0.761144 0.669155 0.647247 0.832319 0.716954 0.865531 0.889370 0.542407 0.708182 0.752076 0.659149 0.790155 0.673786 0.886307 0.882210 0.753303 0.723587 0.597444 0.853924 0.603470 0.776997 0.747847 0.780039 0.856725 0.797345 0.921249 0.984427 0.757474 0.731808 0.960308 0.943453 0.922884 0.910962 0.785198 0.917282 0.978647 0.996844 0.836562 0.909361 0.927288 0.961082 0.670638 0.922324 0.841622 0.822684 0.919717 0.990173 0.940299 0.960631 0.960880 0.824324 0.803703 0.960640 0.804779 0.906222
