0.000000 0.181377 0.685665 0.548232 0.995019 0.902045 0.532300 0.375834 0.754928 0.986918 0.371966 0.222303 0.314843 0.321422 0.560762 0.509203 0.240487 0.237519 0.246104 0.232694 0.688572 0.921998 0.609909 0.546012 0.694045 0.838675 0.657721 0.843487 0.315443 0.287769 0.684466 0.504069 0.307809 0.298100 0.826261 0.981961 0.652489 0.572239 0.914579 0.660697 0.600874 0.642702 0.913663 0.671563 0.994227 0.791393 0.450820 0.563950 0.733210 0.558268 0.619984 0.564045 0.788867 0.944964 0.315387 0.446784 0.179248 0.176166 0.349076 0.309425 0.272528 0.279464 0.209487 0.186030 0.559098 0.461282 0.716946 0.647245 0.334626 0.307591 0.950038 0.701970 0.773773 0.884620 0.762316 0.896301 0.936570 0.936231 0.515616 0.469955 0.259188 0.287577 0.368297 0.318187 0.244267 0.272554 0.902350 0.641658 0.387672 0.253696 0.488302 0.475699 0.444123 0.382036 0.979429 0.987188 0.985125 0.915274 0.918729 0.985474 0.880072 0.851454 0.827890 0.754138 0.833084 0.735943 0.833041 0.864738 0.827710 0.789756 0.803193 0.925250 0.947208 0.958321 0.728693 0.605947
0.181377 0.000000 0.577937 0.463625 0.969109 0.824211 0.531264 0.371377 0.724420 0.923880 0.445590 0.258666 0.380701 0.387661 0.603613 0.528132 0.235134 0.235397 0.258065 0.263204 0.617682 0.944827 0.581584 0.518507 0.588249 0.747194 0.565226 0.894674 0.368877 0.291650 0.594088 0.469440 0.314663 0.288007 0.761862 0.905989 0.523311 0.495901 0.818180 0.670207 0.608163 0.624185 0.832907 0.610804 0.989165 0.790368 0.400250 0.510052 0.778626 0.565227 0.608339 0.530156 0.731728 0.993893 0.314889 0.430390 0.151138 0.161540 0.350494 0.305573 0.325949 0.296988 0.279593 0.226849 0.481959 0.389233 0.631921 0.582605 0.314885 0.268019 0.992045 0.744500 0.740139 0.884864 0.743963 0.860538 0.987562 0.971529 0.474652 0.412071 0.261483 0.317847 0.317142 0.287530 0.275742 0.262977 0.844009 0.636913 0.469350 0.249648 0.439796 0.444632 0.421453 0.377588 0.998904 0.970804 0.997139 0.953806 0.858950 0.988390 0.813923 0.778530 0.878974 0.834237 0.783098 0.703563 0.790945 0.904401 0.859178 0.734768 0.795780 0.959419 0.965530 0.964364 0.694432 0.621163
0.685665 0.577937 0.000000 0.256428 0.938687 0.924245 0.534301 0.542847 0.786025 0.821613 0.894195 0.751068 0.756664 0.704693 0.685923 0.481479 0.643434 0.655380 0.529281 0.599485 0.530822 0.996399 0.386594 0.406623 0.272655 0.296793 0.493094 0.938007 0.824180 0.636312 0.374327 0.492031 0.553435 0.649200 0.517541 0.626619 0.514622 0.522856 0.618186 0.890120 0.873294 0.703123 0.865143 0.772115 0.767901 0.816244 0.687921 0.736400 0.724040 0.957612 0.961592 0.880278 0.835029 0.927235 0.715222 0.868861 0.589199 0.573992 0.775796 0.705911 0.651067 0.633454 0.796158 0.742137 0.286114 0.335140 0.481724 0.571734 0.631429 0.620584 0.586940 0.865408 0.668092 0.754542 0.658397 0.924697 0.777926 0.755097 0.783182 0.825034 0.823538 0.816183 0.535425 0.738182 0.616706 0.509501 0.830009 0.868075 0.870794 0.662330 0.791622 0.709849 0.872987 0.834276 0.962787 0.891021 0.914501 0.970429 0.821734 0.940067 0.977365 0.848474 0.846142 0.930655 0.663225 0.711912 0.726333 0.887790 0.938539 0.769101 0.843595 0.916262 0.876922 0.939958 0.587188 0.938518
0.548232 0.463625 0.256428 0.000000 0.896771 0.977720 0.396354 0.331962 0.801436 0.966274 0.891977 0.623661 0.647927 0.565111 0.654743 0.407915 0.584394 0.603502 0.417339 0.544427 0.529202 0.973867 0.273878 0.345110 0.382764 0.397230 0.546617 0.937938 0.739147 0.608553 0.278264 0.372044 0.387407 0.524726 0.507864 0.687174 0.537340 0.544306 0.768284 0.892910 0.866652 0.716005 0.650652 0.562500 0.961060 0.957613 0.530693 0.543204 0.959064 0.772050 0.675043 0.603361 0.620236 0.716941 0.613099 0.728347 0.465106 0.465231 0.569513 0.455741 0.540436 0.448231 0.664704 0.575165 0.339017 0.288169 0.375257 0.421650 0.629382 0.504128 0.510704 0.804428 0.548847 0.679687 0.688637 0.828462 0.729842 0.681111 0.565056 0.637226 0.710189 0.755996 0.496311 0.672962 0.518794 0.393303 0.930075 0.822566 0.736798 0.494387 0.848366 0.777990 0.882081 0.826131 0.891405 0.821533 0.815064 0.857566 0.994872 0.872301 0.973748 0.985685 0.952348 0.947860 0.545103 0.537918 0.632833 0.795798 0.969445 0.673257 0.763169 0.905606 0.917533 0.989190 0.484805 0.956824
0.995019 0.969109 0.938687 0.896771 0.000000 0.667624 0.739226 0.739499 0.497247 0.598877 0.934476 0.911827 0.774732 0.784037 0.585611 0.678286 0.997669 0.986030 0.854952 0.924518 0.848078 0.929942 0.688164 0.765168 0.884281 0.983211 0.951517 0.941038 0.834865 0.882890 0.726192 0.749323 0.866666 0.937762 0.914591 0.997194 0.823381 0.764147 0.806553 0.834909 0.794067 0.923532 0.872821 0.971090 0.857530 0.936141 0.998447 0.956076 0.944268 0.955262 0.835567 0.860463 0.774771 0.706599 0.953077 0.982833 0.973795 0.998739 0.973314 0.970050 0.768811 0.713673 0.882759 0.915813 0.966267 0.875272 0.849602 0.927848 0.917979 0.950226 0.716233 0.778417 0.733058 0.650954 0.983380 0.930486 0.820753 0.897008 0.960858 0.923696 0.938393 0.921130 0.944808 0.850494 0.870417 0.951025 0.862532 0.980148 0.971590 0.988971 0.654473 0.702887 0.675869 0.680586 0.824730 0.882574 0.980973 0.934288 0.726501 0.756709 0.783977 0.603622 0.833107 0.846592 0.742356 0.823272 0.999837 0.944757 0.885695 0.941395 0.828860 0.915196 0.764550 0.936334 0.863359 0.933771
0.902045 0.824211 0.924245 0.977720 0.667624 0.000000 0.810648 0.887017 0.523463 0.613662 0.818237 0.929693 0.973467 0.996062 0.889173 0.830980 0.917447 0.877917 0.991397 0.900981 0.849497 0.874973 0.781150 0.875156 0.889192 0.981997 0.781761 0.997624 0.975442 0.918836 0.833811 0.977163 0.978655 0.990164 0.872063 0.929222 0.775553 0.855181 0.801967 0.924904 0.836591 0.928680 0.843547 0.904745 0.675019 0.806954 0.947590 0.870114 0.819405 0.842036 0.848570 0.878458 0.787909 0.707834 0.967392 0.860419 0.847666 0.866212 0.995811 0.956427 0.946459 0.964279 0.999168 0.993355 0.846878 0.941511 0.860392 0.845453 0.761088 0.862201 0.836057 0.753711 0.811073 0.807774 0.864343 0.929005 0.728540 0.831969 0.887601 0.917956 0.991072 0.996516 0.886357 0.800615 0.970570 0.971753 0.891559 0.864248 0.964087 0.952884 0.518950 0.618446 0.575858 0.707174 0.795206 0.872407 0.812066 0.934878 0.592127 0.663883 0.788438 0.759171 0.703299 0.872626 0.770786 0.837485 0.932309 0.826355 0.941646 0.824416 0.973014 0.693668 0.745139 0.935947 0.750833 0.773410
0.532300 0.531264 0.534301 0.396354 0.739226 0.810648 0.000000 0.215833 0.720537 0.528935 0.922852 0.647653 0.578765 0.576715 0.642261 0.535045 0.614489 0.654171 0.403197 0.609666 0.728916 0.891052 0.366794 0.592760 0.820408 0.762002 0.843033 0.986716 0.575932 0.663366 0.283028 0.386922 0.376588 0.391456 0.590204 0.834546 0.806463 0.787591 0.876418 0.903021 0.951754 0.647806 0.535030 0.418088 0.647697 0.570194 0.449731 0.432357 0.611055 0.499656 0.409309 0.389431 0.421515 0.560784 0.520876 0.563896 0.509318 0.517887 0.344837 0.341112 0.377774 0.380278 0.456206 0.457943 0.738838 0.604633 0.379880 0.390315 0.825840 0.487513 0.605368 0.891042 0.489309 0.625335 0.756933 0.804646 0.536950 0.688814 0.548930 0.680639 0.626033 0.764444 0.637401 0.829061 0.534957 0.535457 0.761711 0.990144 0.683375 0.524494 0.910624 0.914788 0.879012 0.996390 0.745848 0.685127 0.693745 0.763772 0.562397 0.488411 0.763975 0.709387 0.652579 0.614001 0.518788 0.433384 0.555230 0.733863 0.886350 0.776067 0.613269 0.607368 0.644428 0.689613 0.454698 0.981883
0.375834 0.371377 0.542847 0.331962 0.739499 0.887017 0.215833 0.000000 0.808172 0.594554 0.751532 0.445985 0.435467 0.400565 0.535079 0.417177 0.468068 0.491292 0.296640 0.444463 0.675991 0.911637 0.337699 0.467710 0.754083 0.756538 0.808220 0.950260 0.457706 0.506354 0.317530 0.343193 0.279106 0.324667 0.635478 0.876428 0.742286 0.725709 0.904303 0.862541 0.872061 0.664525 0.511382 0.381353 0.695003 0.577936 0.376726 0.381300 0.598679 0.448979 0.358746 0.334463 0.404992 0.567859 0.434152 0.500509 0.363264 0.368087 0.303830 0.244757 0.307922 0.220652 0.370242 0.324462 0.632977 0.456638 0.415888 0.388596 0.655603 0.398815 0.636253 0.907767 0.459910 0.577679 0.743445 0.750583 0.640836 0.761646 0.456854 0.510417 0.463924 0.572326 0.522268 0.640989 0.387367 0.379544 0.851398 0.844247 0.561368 0.369772 0.962714 0.949476 0.945040 0.849682 0.751596 0.750845 0.739494 0.834874 0.654220 0.555701 0.820372 0.795364 0.706567 0.633596 0.540880 0.426324 0.588414 0.755927 0.880026 0.738520 0.615248 0.637531 0.691182 0.777604 0.479680 0.934052
0.754928 0.724420 0.786025 0.801436 0.497247 0.523463 0.720537 0.808172 0.000000 0.577241 0.688690 0.776810 0.982928 0.990514 0.844481 0.772531 0.744286 0.709233 0.997385 0.847552 0.900336 0.841705 0.658117 0.830329 0.973342 0.834285 0.839737 0.957423 0.862688 0.796612 0.624198 0.893825 0.910497 0.852496 0.833597 0.974308 0.773474 0.818014 0.845254 0.710342 0.670754 0.973299 0.851196 0.999677 0.953074 0.922289 0.879638 0.976047 0.860848 0.838994 0.991092 0.961423 0.839269 0.695799 0.837177 0.744636 0.722199 0.757010 0.832813 0.863631 0.995619 0.950387 0.816594 0.800189 0.991119 0.943753 0.865388 0.929452 0.723038 0.787022 0.514651 0.509972 0.631755 0.545327 0.983602 0.987936 0.660066 0.675416 0.837554 0.802979 0.725053 0.753816 0.807197 0.552189 0.856499 0.868309 0.813858 0.755625 0.803843 0.799180 0.369879 0.472751 0.385609 0.407818 0.785198 0.727228 0.713972 0.784375 0.657123 0.715925 0.616879 0.647293 0.979206 0.879853 0.727986 0.881803 0.836968 0.628545 0.934215 0.987586 0.977633 0.861460 0.791181 0.972462 0.761986 0.765251
0.986918 0.923880 0.821613 0.966274 0.598877 0.613662 0.528935 0.594554 0.577241 0.000000 0.822571 0.989328 0.890043 0.912531 0.915637 0.970938 0.907541 0.868764 0.907074 0.901857 0.823836 0.806204 0.853172 0.916372 0.561487 0.685622 0.581515 0.922992 0.839271 0.906117 0.742042 0.849844 0.864803 0.856670 0.992875 0.841794 0.651764 0.682104 0.492507 0.901108 0.755663 0.975062 0.594281 0.645622 0.461926 0.499087 0.821171 0.722910 0.482852 0.607233 0.505829 0.589507 0.538873 0.521433 0.941848 0.872029 0.943109 0.927139 0.697545 0.711974 0.791966 0.753021 0.824266 0.882948 0.643293 0.797525 0.822681 0.815361 0.699952 0.999496 0.742590 0.723318 0.737437 0.721387 0.829497 0.908623 0.602100 0.834133 0.898294 0.994989 0.994550 0.879332 0.774797 0.680212 0.967661 0.886936 0.514092 0.689070 0.926622 0.976085 0.428193 0.408208 0.478758 0.581241 0.684140 0.686850 0.677005 0.673341 0.304050 0.361895 0.508508 0.473768 0.577475 0.594083 0.791163 0.697493 0.754897 0.619394 0.930123 0.959189 0.737344 0.518345 0.507469 0.695968 0.775025 0.787096
0.371966 0.445590 0.894195 0.891977 0.934476 0.818237 0.922852 0.751532 0.688690 0.822571 0.000000 0.307580 0.326948 0.360912 0.489964 0.657037 0.330728 0.293047 0.487758 0.341733 0.798106 0.904519 0.962375 0.782869 0.823143 0.989275 0.750878 0.721907 0.346825 0.322524 0.962654 0.825663 0.642237 0.504081 0.915037 0.846300 0.801656 0.773864 0.970683 0.764885 0.516852 0.817872 0.704102 0.917054 0.721972 0.876371 0.841764 0.985635 0.972189 0.947447 0.947286 0.995963 0.807960 0.640973 0.548127 0.688370 0.457376 0.409177 0.786252 0.744902 0.421255 0.534277 0.393617 0.407345 0.648134 0.630596 0.839595 0.925422 0.432525 0.625771 0.685393 0.661271 0.990908 0.974614 0.779380 0.957460 0.646752 0.703013 0.783640 0.703565 0.438241 0.339385 0.554687 0.437701 0.443117 0.539930 0.786645 0.712980 0.597637 0.576608 0.473770 0.452835 0.414362 0.472856 0.727367 0.779383 0.693722 0.579348 0.640416 0.683276 0.791731 0.788060 0.988764 0.920039 0.792829 0.917961 0.839948 0.676265 0.715856 0.992796 0.977181 0.786304 0.679513 0.776149 0.990491 0.531432
0.222303 0.258666 0.751068 0.623661 0.911827 0.929693 0.647653 0.445985 0.776810 0.989328 0.307580 0.000000 0.242141 0.226022 0.401363 0.430822 0.226039 0.208173 0.280529 0.242070 0.680802 0.888663 0.627147 0.514790 0.715475 0.866644 0.678977 0.813191 0.299068 0.248326 0.754663 0.549477 0.369253 0.344421 0.814515 0.928826 0.715008 0.687307 0.959708 0.808812 0.617880 0.732024 0.977650 0.759032 0.950896 0.871422 0.543864 0.657594 0.829732 0.661893 0.710219 0.653392 0.846265 0.954957 0.351364 0.514703 0.263454 0.231224 0.505049 0.451763 0.273253 0.269491 0.252632 0.211526 0.533422 0.425372 0.837482 0.768810 0.336726 0.403599 0.882582 0.786704 0.768578 0.797653 0.738429 0.918328 0.902903 0.862782 0.555587 0.434866 0.250775 0.213464 0.352662 0.303661 0.233453 0.278424 0.804373 0.575933 0.388537 0.339059 0.522239 0.501681 0.467994 0.453207 0.902875 0.937360 0.833655 0.755354 0.846447 0.934529 0.822911 0.923536 0.857820 0.795040 0.869970 0.802554 0.909385 0.799370 0.712973 0.843794 0.815479 0.990683 0.864087 0.921678 0.784631 0.629898
0.314843 0.380701 0.756664 0.647927 0.774732 0.973467 0.578765 0.435467 0.982928 0.890043 0.326948 0.242141 0.000000 0.204739 0.284116 0.408469 0.294918 0.302655 0.301278 0.313665 0.745472 0.965971 0.599874 0.556621 0.803946 0.902148 0.753937 0.791183 0.286328 0.299525 0.704310 0.506158 0.402147 0.356680 0.850834 0.889355 0.793088 0.783406 0.926765 0.860719 0.670827 0.789975 0.973782 0.790785 0.957315 0.904802 0.601539 0.742419 0.875751 0.723045 0.742339 0.684064 0.846479 0.981283 0.420592 0.576795 0.386328 0.337655 0.591576 0.536514 0.213177 0.284440 0.256893 0.262064 0.585372 0.450049 0.883390 0.805223 0.496173 0.486769 0.942138 0.889503 0.650065 0.672570 0.707925 0.909606 0.961634 0.955684 0.633175 0.542679 0.343034 0.307873 0.419638 0.473894 0.302018 0.368584 0.904004 0.699485 0.487788 0.454017 0.708479 0.656062 0.624965 0.615940 0.947981 0.970998 0.905392 0.794790 0.946968 0.976936 0.983384 0.907233 0.850287 0.727015 0.883051 0.761368 0.937834 0.873675 0.682263 0.933719 0.845586 0.988858 0.896175 0.948213 0.723970 0.611043
0.321422 0.387661 0.704693 0.565111 0.784037 0.996062 0.576715 0.400565 0.990514 0.912531 0.360912 0.226022 0.204739 0.000000 0.283596 0.322140 0.312675 0.294139 0.300658 0.282926 0.695891 0.890592 0.510225 0.436508 0.762676 0.837812 0.723016 0.746963 0.329370 0.312105 0.682989 0.507427 0.401130 0.401477 0.806273 0.887552 0.806908 0.782915 0.971462 0.911949 0.721604 0.728264 0.952171 0.781578 0.932404 0.923340 0.611142 0.713828 0.892222 0.739779 0.714759 0.670687 0.816499 0.939471 0.439317 0.621867 0.384207 0.322356 0.598019 0.516626 0.256438 0.250356 0.302459 0.273745 0.538355 0.392333 0.821919 0.778469 0.507115 0.506822 0.982205 0.936834 0.618009 0.585061 0.653776 0.868400 0.951434 0.909202 0.579910 0.529748 0.372016 0.305831 0.413499 0.464430 0.282586 0.325223 0.854865 0.626160 0.501747 0.404611 0.709128 0.657744 0.645976 0.649390 0.989340 0.974435 0.860287 0.811410 0.935157 0.976693 0.987097 0.927509 0.883759 0.725748 0.812065 0.710290 0.931902 0.912417 0.704674 0.885739 0.806437 0.985269 0.929420 0.936682 0.726993 0.703705
0.560762 0.603613 0.685923 0.654743 0.585611 0.889173 0.642261 0.535079 0.844481 0.915637 0.489964 0.401363 0.284116 0.283596 0.000000 0.312147 0.435473 0.429031 0.485011 0.465711 0.694473 0.924062 0.515023 0.483222 0.783248 0.808162 0.818996 0.763706 0.392947 0.380568 0.698925 0.576571 0.535747 0.535332 0.794033 0.995343 0.875735 0.932395 0.922595 0.976352 0.846984 0.884066 0.967393 0.863741 0.946030 0.993233 0.745769 0.802982 0.996817 0.873524 0.842568 0.801892 0.839290 0.878935 0.556081 0.730527 0.600922 0.526270 0.808741 0.740917 0.332315 0.396708 0.464548 0.462501 0.534056 0.424390 0.842939 0.826118 0.683779 0.682295 0.960213 0.981914 0.609632 0.587879 0.625248 0.952866 0.976035 0.955352 0.678566 0.638158 0.505500 0.436576 0.473985 0.608432 0.398931 0.472015 0.863259 0.699958 0.668820 0.635416 0.854997 0.775609 0.796778 0.830269 0.981822 0.968426 0.781215 0.754970 0.939647 0.968932 0.978205 0.852863 0.901804 0.842392 0.839411 0.794282 0.984604 0.866103 0.643386 0.985604 0.803878 0.945177 0.937181 0.908550 0.779478 0.832612
0.509203 0.528132 0.481479 0.407915 0.678286 0.830980 0.535045 0.417177 0.772531 0.970938 0.657037 0.430822 0.408469 0.322140 0.312147 0.000000 0.450523 0.456649 0.414114 0.460666 0.586245 0.916925 0.260834 0.231898 0.557771 0.573969 0.634241 0.778063 0.490777 0.398171 0.495858 0.452625 0.410351 0.508672 0.543972 0.862606 0.777929 0.781481 0.927610 0.962139 0.840507 0.844067 0.802993 0.702328 0.995507 0.951574 0.595500 0.626860 0.983524 0.751327 0.711370 0.659161 0.669763 0.740209 0.492792 0.674977 0.501280 0.455873 0.662337 0.595828 0.373041 0.345241 0.510528 0.446980 0.366527 0.266356 0.530673 0.569370 0.642400 0.573787 0.750052 0.911415 0.556227 0.530806 0.614476 0.790359 0.815205 0.904894 0.611350 0.566184 0.528611 0.466155 0.399126 0.575034 0.323642 0.320846 0.799801 0.568553 0.584547 0.465065 0.862446 0.743403 0.840919 0.788405 0.920318 0.905071 0.927722 0.829104 0.986729 0.888637 0.993291 0.923211 0.921736 0.858492 0.591959 0.646155 0.826212 0.983489 0.773834 0.906345 0.756372 0.912563 0.982541 0.997075 0.599920 0.908176
0.240487 0.235134 0.643434 0.584394 0.997669 0.917447 0.614489 0.468068 0.744286 0.907541 0.330728 0.226039 0.294918 0.312675 0.435473 0.450523 0.000000 0.172385 0.304007 0.281115 0.651060 0.901591 0.610512 0.522486 0.623552 0.783311 0.622023 0.840667 0.243751 0.206459 0.695913 0.535368 0.360097 0.304538 0.761221 0.975928 0.680729 0.619206 0.899112 0.671101 0.582446 0.649924 0.936715 0.706062 0.994653 0.835313 0.450586 0.594379 0.817953 0.629211 0.727251 0.645122 0.821768 0.959293 0.273745 0.395753 0.233512 0.211977 0.492797 0.462076 0.280253 0.332470 0.261541 0.228826 0.467866 0.396403 0.729065 0.667040 0.364514 0.368238 0.887415 0.704049 0.775776 0.861120 0.711998 0.931240 0.964001 0.908999 0.548631 0.441305 0.225460 0.233091 0.302956 0.253884 0.241622 0.278264 0.744974 0.619693 0.474783 0.308570 0.461156 0.440468 0.429281 0.400450 0.915758 0.975552 0.863337 0.790308 0.797530 0.924025 0.806130 0.824438 0.866401 0.861443 0.880787 0.757478 0.923724 0.811902 0.698117 0.772001 0.799305 0.957953 0.876150 0.945213 0.738089 0.625116
0.237519 0.235397 0.655380 0.603502 0.986030 0.877917 0.654171 0.491292 0.709233 0.868764 0.293047 0.208173 0.302655 0.294139 0.429031 0.456649 0.172385 0.000000 0.305778 0.252602 0.640254 0.867737 0.651057 0.516130 0.628780 0.758904 0.600686 0.781966 0.278834 0.208354 0.736587 0.554932 0.370286 0.334332 0.795377 0.960481 0.656750 0.584951 0.895112 0.735309 0.592579 0.652097 0.972976 0.745789 0.939556 0.880235 0.512164 0.622418 0.857500 0.676812 0.748067 0.666141 0.854788 0.923718 0.292593 0.471286 0.230165 0.200299 0.524405 0.486825 0.293474 0.320754 0.277916 0.231074 0.455032 0.374088 0.780746 0.736485 0.361076 0.367694 0.840727 0.672381 0.825203 0.858313 0.710389 0.909298 0.885793 0.853059 0.525740 0.433769 0.229692 0.221977 0.314501 0.251312 0.248792 0.270807 0.715388 0.635695 0.489762 0.337103 0.417720 0.388034 0.387220 0.369529 0.936704 0.950833 0.788379 0.717913 0.748873 0.884250 0.759509 0.764632 0.907230 0.891794 0.891992 0.801227 0.920697 0.778472 0.706801 0.855740 0.812444 0.903293 0.817059 0.942843 0.778488 0.602780
0.246104 0.258065 0.529281 0.417339 0.854952 0.991397 0.403197 0.296640 0.997385 0.907074 0.487758 0.280529 0.301278 0.300658 0.485011 0.414114 0.304007 0.305778 0.000000 0.264490 0.634869 0.978633 0.437413 0.444215 0.607064 0.698665 0.638231 0.866333 0.378299 0.329608 0.491054 0.414549 0.302142 0.322654 0.672642 0.923864 0.614507 0.576303 0.961048 0.686497 0.618726 0.595917 0.877170 0.665805 0.980814 0.867362 0.466421 0.592837 0.859177 0.652749 0.651010 0.581869 0.753375 0.949784 0.331959 0.541558 0.260585 0.234306 0.427191 0.373322 0.262775 0.248480 0.284633 0.245217 0.474392 0.375739 0.607841 0.611801 0.391730 0.328032 0.894892 0.900573 0.620622 0.707451 0.707025 0.913185 0.947232 0.967147 0.601651 0.522898 0.348652 0.363939 0.365734 0.416652 0.268658 0.257490 0.883108 0.718054 0.486973 0.307460 0.664481 0.623933 0.647250 0.582203 0.938366 0.940406 0.915596 0.978950 0.998599 0.915950 0.939651 0.983104 0.822568 0.720061 0.678273 0.644485 0.773826 0.938091 0.774996 0.754659 0.697812 0.904332 0.923393 0.986669 0.594684 0.669333
0.232694 0.263204 0.599485 0.544427 0.924518 0.900981 0.609666 0.444463 0.847552 0.901857 0.341733 0.242070 0.313665 0.282926 0.465711 0.460666 0.281115 0.252602 0.264490 0.000000 0.630490 0.835449 0.595881 0.482237 0.606783 0.752606 0.586501 0.808697 0.374268 0.289977 0.688050 0.544184 0.379737 0.383147 0.826201 0.952387 0.605001 0.568461 0.907376 0.783480 0.630495 0.646955 0.927849 0.851410 0.809979 0.987409 0.584974 0.725100 0.963750 0.795739 0.823914 0.750618 0.943024 0.856809 0.431551 0.601427 0.270933 0.228261 0.540914 0.474211 0.323410 0.311811 0.304138 0.266026 0.478024 0.405432 0.807273 0.750067 0.314203 0.363844 0.977270 0.798130 0.760744 0.836449 0.707555 0.916973 0.885181 0.886676 0.586016 0.501537 0.339358 0.285127 0.365232 0.348954 0.285282 0.311416 0.821806 0.638208 0.478724 0.369499 0.496367 0.472310 0.472630 0.466837 0.943872 0.898365 0.913386 0.785573 0.776871 0.856740 0.855889 0.794145 0.962269 0.826995 0.848781 0.785155 0.937886 0.836166 0.841601 0.873045 0.884623 0.918473 0.803304 0.909005 0.793936 0.624201
0.688572 0.617682 0.530822 0.529202 0.848078 0.849497 0.728916 0.675991 0.900336 0.823836 0.798106 0.680802 0.745472 0.695891 0.694473 0.586245 0.651060 0.640254 0.634869 0.630490 0.000000 0.859218 0.598289 0.578379 0.528658 0.536595 0.628385 0.916915 0.794767 0.667223 0.585450 0.717936 0.603261 0.705257 0.738596 0.870448 0.630974 0.751686 0.826580 0.941029 0.786767 0.775366 0.945518 0.890178 0.843161 0.882942 0.808010 0.810118 0.849688 0.967545 0.929698 0.865683 0.891891 0.952606 0.683785 0.889294 0.632810 0.630349 0.803429 0.796411 0.702310 0.645456 0.750637 0.726101 0.498560 0.503195 0.654116 0.753174 0.635087 0.724621 0.787339 0.982206 0.717115 0.742035 0.666475 0.917277 0.955346 0.894089 0.715136 0.663849 0.751699 0.751827 0.608837 0.695239 0.652173 0.586147 0.813740 0.844299 0.826494 0.728382 0.711927 0.660864 0.737449 0.845155 0.964800 0.971478 0.983346 0.837607 0.785750 0.918491 0.850481 0.868621 0.795217 0.938525 0.772953 0.834061 0.996845 0.893013 0.908572 0.911588 0.972023 0.850813 0.867062 0.948151 0.705191 0.816790
0.921998 0.944827 0.996399 0.973867 0.929942 0.874973 0.891052 0.911637 0.841705 0.806204 0.904519 0.888663 0.965971 0.890592 0.924062 0.916925 0.901591 0.867737 0.978633 0.835449 0.859218 0.000000 0.993034 0.939759 0.994296 0.958238 0.914317 0.780189 0.903767 0.827645 0.880974 0.923676 0.967074 0.925296 0.946003 0.990368 0.988295 0.863486 0.911080 0.829412 0.921211 0.989391 0.823086 0.863062 0.818511 0.871562 0.967812 0.991341 0.846212 0.920758 0.864089 0.918215 0.882869 0.852615 0.958649 0.941351 0.910885 0.896511 0.944412 0.964075 0.996664 0.992631 0.933916 0.954910 0.904917 0.924589 0.854244 0.911843 0.970907 0.839853 0.910159 0.812709 0.985267 0.920598 0.998892 0.849843 0.971292 0.850344 0.850473 0.869806 0.918816 0.863065 0.902444 0.916948 0.894853 0.906181 0.813757 0.836047 0.927336 0.973993 0.788805 0.764838 0.771451 0.784502 0.807583 0.914623 0.899393 0.849797 0.754036 0.827463 0.820502 0.956635 0.732028 0.839813 0.979225 0.886187 0.847731 0.921720 0.970904 0.696502 0.972808 0.852401 0.774788 0.997532 0.729993 0.805493
0.609909 0.581584 0.386594 0.273878 0.688164 0.781150 0.366794 0.337699 0.658117 0.853172 0.962375 0.627147 0.599874 0.510225 0.515023 0.260834 0.610512 0.651057 0.437413 0.595881 0.598289 0.993034 0.000000 0.267948 0.522959 0.486786 0.652681 0.898029 0.678711 0.587783 0.293293 0.357229 0.404058 0.548827 0.463161 0.723157 0.714158 0.723169 0.904618 0.937105 0.944213 0.814469 0.624709 0.561323 0.880073 0.853942 0.518911 0.528536 0.936936 0.688569 0.601239 0.551825 0.531303 0.580544 0.581816 0.702073 0.560885 0.542362 0.585406 0.518870 0.482426 0.422207 0.615565 0.544482 0.432420 0.328634 0.330048 0.407441 0.759544 0.560449 0.479425 0.782619 0.466992 0.549156 0.680591 0.804303 0.617263 0.746122 0.605790 0.612128 0.665618 0.679467 0.475552 0.737449 0.433818 0.378797 0.955110 0.679543 0.692098 0.496902 0.983453 0.922133 0.956815 0.941513 0.821958 0.774337 0.823402 0.898775 0.828360 0.702301 0.879711 0.832028 0.876726 0.858725 0.411928 0.475474 0.729283 0.825282 0.952231 0.823188 0.675313 0.783584 0.846543 0.894163 0.480711 0.959251
0.546012 0.518507 0.406623 0.345110 0.765168 0.875156 0.592760 0.467710 0.830329 0.916372 0.782869 0.514790 0.556621 0.436508 0.483222 0.231898 0.522486 0.516130 0.444215 0.482237 0.578379 0.939759 0.267948 0.000000 0.453621 0.450761 0.543893 0.877677 0.650151 0.481734 0.501136 0.506308 0.416822 0.581185 0.529304 0.814440 0.650568 0.689632 0.768853 0.882584 0.830356 0.806321 0.787742 0.713899 0.964298 0.986432 0.564326 0.618781 0.960437 0.776896 0.723729 0.660740 0.677655 0.739793 0.537581 0.730708 0.497356 0.477543 0.677532 0.617387 0.509615 0.444575 0.618830 0.530880 0.344166 0.267327 0.447333 0.533395 0.629685 0.581850 0.729846 0.883327 0.605844 0.572883 0.633181 0.775683 0.853460 0.843992 0.627163 0.577887 0.587181 0.544969 0.400867 0.571042 0.394706 0.313026 0.766279 0.526215 0.655856 0.489986 0.785687 0.666484 0.791252 0.737072 0.905527 0.915754 0.989398 0.911032 0.935683 0.968447 0.951934 0.971872 0.969510 0.911623 0.552284 0.612424 0.876869 0.978749 0.870795 0.855679 0.815058 0.920666 0.976247 0.983566 0.618209 0.963630
0.694045 0.588249 0.272655 0.382764 0.884281 0.889192 0.820408 0.754083 0.973342 0.561487 0.823143 0.715475 0.803946 0.762676 0.783248 0.557771 0.623552 0.628780 0.607064 0.606783 0.528658 0.994296 0.522959 0.453621 0.000000 0.247959 0.408556 0.924962 0.907526 0.642030 0.570187 0.644849 0.657933 0.760096 0.567601 0.648326 0.442336 0.472655 0.512605 0.843154 0.769076 0.741316 0.962526 0.929139 0.612909 0.658543 0.788723 0.870664 0.589567 0.845912 0.852954 0.949830 0.939344 0.873062 0.760847 0.888705 0.611076 0.584612 0.936293 0.850138 0.797012 0.753646 0.886078 0.791321 0.242945 0.340109 0.666073 0.718414 0.507041 0.706797 0.731245 0.951862 0.852531 0.944829 0.714318 0.995878 0.974868 0.839000 0.875113 0.778447 0.813405 0.726756 0.498007 0.581602 0.618994 0.501408 0.614214 0.744399 0.836821 0.662834 0.614442 0.530978 0.671529 0.670144 0.819894 0.939969 0.976263 0.871764 0.571339 0.682707 0.744229 0.627449 0.701719 0.753011 0.780681 0.885404 0.879021 0.891838 0.998830 0.766910 0.991598 0.755028 0.681046 0.758796 0.673215 0.887930
0.838675 0.747194 0.296793 0.397230 0.983211 0.981997 0.762002 0.756538 0.834285 0.685622 0.989275 0.866644 0.902148 0.837812 0.808162 0.573969 0.783311 0.758904 0.698665 0.752606 0.536595 0.958238 0.486786 0.450761 0.247959 0.000000 0.519682 0.950145 0.998166 0.783013 0.538702 0.670694 0.671896 0.832612 0.511228 0.632107 0.530513 0.538638 0.596594 0.958290 0.941648 0.787443 0.907583 0.869182 0.731705 0.740911 0.814374 0.856173 0.635428 0.865156 0.938116 0.976732 0.954417 0.953899 0.801789 0.933521 0.744508 0.719703 0.968810 0.898932 0.875425 0.811055 0.981299 0.902138 0.341062 0.399063 0.574029 0.651358 0.719267 0.765976 0.655620 0.847379 0.774881 0.826327 0.693624 0.896279 0.898914 0.700503 0.870700 0.855161 0.927300 0.892146 0.596531 0.750435 0.728964 0.581319 0.653179 0.883617 0.920861 0.788794 0.817005 0.710793 0.885079 0.846121 0.925791 0.821930 0.951713 0.916149 0.740077 0.831722 0.898042 0.807302 0.697254 0.861947 0.656039 0.764439 0.840455 0.975599 0.986165 0.796172 0.972356 0.802700 0.818624 0.903206 0.652908 0.976395
0.657721 0.565226 0.493094 0.546617 0.951517 0.781761 0.843033 0.808220 0.839737 0.581515 0.750878 0.678977 0.753937 0.723016 0.818996 0.634241 0.622023 0.600686 0.638231 0.586501 0.628385 0.914317 0.652681 0.543893 0.408556 0.519682 0.000000 0.947303 0.830785 0.626860 0.691149 0.653300 0.644446 0.711531 0.716711 0.698422 0.448276 0.509933 0.606935 0.917173 0.734949 0.753702 0.837464 0.942956 0.621026 0.713516 0.855063 0.990405 0.703111 0.933614 0.907053 0.999185 0.956595 0.768763 0.747521 0.885542 0.562363 0.556806 0.855356 0.799933 0.718532 0.724441 0.774723 0.705140 0.381634 0.488443 0.750316 0.874506 0.553849 0.671843 0.940953 0.826459 0.938798 0.911917 0.711705 0.958320 0.886827 0.933149 0.815531 0.761354 0.791333 0.715054 0.559676 0.606748 0.574006 0.533318 0.630366 0.675365 0.785990 0.677899 0.505624 0.496188 0.578754 0.613766 0.857198 0.923446 0.824871 0.810743 0.532157 0.647837 0.558229 0.693714 0.780902 0.842193 0.851023 0.879599 0.994327 0.774237 0.955620 0.861058 0.978505 0.741216 0.692830 0.839194 0.918173 0.796484
0.843487 0.894674 0.938007 0.937938 0.941038 0.997624 0.986716 0.950260 0.957423 0.922992 0.721907 0.813191 0.791183 0.746963 0.763706 0.778063 0.840667 0.781966 0.866333 0.808697 0.916915 0.780189 0.898029 0.877677 0.924962 0.950145 0.947303 0.000000 0.800680 0.774979 0.973553 0.933731 0.959430 0.903162 0.896843 0.903859 0.939061 0.939454 0.846879 0.986031 0.968269 0.970655 0.822719 0.901769 0.801098 0.837180 0.912868 0.957528 0.875946 0.877688 0.894116 0.907448 0.888885 0.817731 0.938780 0.961682 0.849033 0.800298 0.963138 0.999804 0.802329 0.869247 0.827350 0.828365 0.818767 0.815561 0.900082 0.921158 0.875988 0.952516 0.982257 0.918929 0.985029 0.977140 0.875881 0.911790 0.846559 0.800161 0.970843 0.932466 0.872990 0.801623 0.851521 0.936922 0.807503 0.842589 0.957776 0.996509 0.987926 0.858757 0.831515 0.783750 0.855503 0.899972 0.927841 0.963603 0.753938 0.787456 0.838316 0.833997 0.833513 0.999369 0.905943 0.895280 0.884018 0.770029 0.918835 0.793847 0.962292 0.777498 0.869317 0.741315 0.915341 0.777355 0.979853 0.812264
0.315443 0.368877 0.824180 0.739147 0.834865 0.975442 0.575932 0.457706 0.862688 0.839271 0.346825 0.299068 0.286328 0.329370 0.392947 0.490777 0.243751 0.278834 0.378299 0.374268 0.794767 0.903767 0.678711 0.650151 0.907526 0.998166 0.830785 0.800680 0.000000 0.243383 0.776409 0.620963 0.452490 0.379942 0.871755 0.917402 0.836884 0.812360 0.886306 0.707397 0.697150 0.737453 0.887349 0.700684 0.856901 0.720366 0.522801 0.644458 0.675851 0.561485 0.650726 0.603843 0.760756 0.945869 0.353922 0.449727 0.360810 0.334047 0.507426 0.483093 0.271732 0.346075 0.254089 0.265239 0.671463 0.570771 0.814878 0.736381 0.537224 0.451678 0.946956 0.752632 0.756722 0.828500 0.778705 0.900174 0.959028 0.885203 0.597522 0.543582 0.281824 0.307810 0.453151 0.450162 0.314673 0.437971 0.868290 0.724804 0.514420 0.413246 0.689327 0.691314 0.627930 0.592409 0.983551 0.988717 0.908807 0.835893 0.996192 0.911165 0.974276 0.979143 0.731433 0.715484 0.906797 0.791593 0.951215 0.893125 0.635524 0.895786 0.746221 0.926393 0.992555 0.952824 0.809582 0.677382
0.287769 0.291650 0.636312 0.608553 0.882890 0.918836 0.663366 0.506354 0.796612 0.906117 0.322524 0.248326 0.299525 0.312105 0.380568 0.398171 0.206459 0.208354 0.329608 0.289977 0.667223 0.827645 0.587783 0.481734 0.642030 0.783013 0.626860 0.774979 0.243383 0.000000 0.715488 0.558600 0.415268 0.392276 0.807504 0.949509 0.677948 0.686188 0.875210 0.720444 0.644601 0.772996 0.984729 0.784286 0.945982 0.915697 0.524196 0.660431 0.898907 0.692806 0.778930 0.694006 0.872148 0.961063 0.325613 0.535271 0.283276 0.259163 0.557961 0.513313 0.295277 0.348552 0.309036 0.284033 0.436433 0.380970 0.758417 0.726936 0.386454 0.387136 0.950599 0.734932 0.806272 0.840601 0.755291 0.914507 0.929380 0.893530 0.602131 0.486699 0.279534 0.259463 0.336690 0.347087 0.255640 0.323105 0.753950 0.576782 0.505697 0.366535 0.513001 0.457652 0.477387 0.446744 0.877875 0.918542 0.838507 0.765899 0.780352 0.903376 0.835611 0.825590 0.900931 0.905127 0.900304 0.816379 0.980701 0.794909 0.723282 0.906393 0.745449 0.951663 0.843918 0.966771 0.776832 0.665832
0.684466 0.594088 0.374327 0.278264 0.726192 0.833811 0.283028 0.317530 0.624198 0.742042 0.962654 0.754663 0.704310 0.682989 0.698925 0.495858 0.695913 0.736587 0.491054 0.688050 0.585450 0.880974 0.293293 0.501136 0.570187 0.538702 0.691149 0.973553 0.776409 0.715488 0.000000 0.350200 0.446527 0.508704 0.522599 0.665064 0.733441 0.673880 0.990764 0.999954 0.959193 0.738091 0.518368 0.465605 0.781743 0.753139 0.513670 0.493121 0.869010 0.674138 0.559795 0.512762 0.476518 0.533571 0.633370 0.681334 0.592736 0.609365 0.551143 0.505639 0.555007 0.468355 0.689474 0.638806 0.561083 0.463875 0.326344 0.381504 0.817943 0.575809 0.438115 0.712883 0.444293 0.611258 0.791674 0.781122 0.514910 0.571481 0.598866 0.640060 0.751140 0.849026 0.649488 0.866077 0.628048 0.558676 0.900190 0.987722 0.839630 0.609645 0.886094 0.944769 0.847237 0.913203 0.802250 0.681994 0.686479 0.766998 0.711310 0.593022 0.871240 0.848569 0.850816 0.856125 0.440784 0.494468 0.577795 0.693249 0.954811 0.748560 0.688937 0.711821 0.702523 0.838235 0.456466 0.954386
0.504069 0.469440 0.492031 0.372044 0.749323 0.977163 0.386922 0.343193 0.893825 0.849844 0.825663 0.549477 0.506158 0.507427 0.576571 0.452625 0.535368 0.554932 0.414549 0.544184 0.717936 0.923676 0.357229 0.506308 0.644849 0.670694 0.653300 0.933731 0.620963 0.558600 0.350200 0.000000 0.385387 0.429030 0.580480 0.774463 0.719325 0.646795 0.914287 0.867005 0.886573 0.755388 0.589871 0.489109 0.858637 0.760328 0.450774 0.492441 0.834934 0.613902 0.564116 0.499966 0.542667 0.676295 0.557625 0.646514 0.486421 0.473246 0.490127 0.437150 0.420291 0.380031 0.495408 0.449195 0.518754 0.399820 0.471988 0.457170 0.682050 0.534017 0.629649 0.970777 0.613132 0.681159 0.749907 0.769399 0.706826 0.815929 0.571423 0.554159 0.551573 0.603596 0.473077 0.649409 0.432719 0.404756 0.989502 0.831694 0.604640 0.473300 0.898582 0.830472 0.904259 0.805866 0.891672 0.828374 0.904373 0.849712 0.846647 0.736939 0.954316 0.900039 0.813408 0.886275 0.488944 0.488919 0.644700 0.890441 0.999396 0.822320 0.630248 0.862096 0.829751 0.906644 0.586350 0.878148
0.307809 0.314663 0.553435 0.387407 0.866666 0.978655 0.376588 0.279106 0.910497 0.864803 0.642237 0.369253 0.402147 0.401130 0.535747 0.410351 0.360097 0.370286 0.302142 0.379737 0.603261 0.967074 0.404058 0.416822 0.657933 0.671896 0.644446 0.959430 0.452490 0.415268 0.446527 0.385387 0.000000 0.290193 0.612216 0.843595 0.701778 0.618528 0.966463 0.852058 0.790835 0.739169 0.692491 0.504003 0.815977 0.695241 0.380650 0.447555 0.703873 0.509929 0.484695 0.425420 0.581523 0.746248 0.354958 0.430614 0.283948 0.291608 0.334529 0.307339 0.298640 0.263620 0.310120 0.268362 0.529515 0.399270 0.423254 0.432973 0.520244 0.324910 0.861818 0.921439 0.574389 0.719375 0.698094 0.749385 0.792075 0.884004 0.478335 0.410673 0.373164 0.460537 0.386819 0.447413 0.299013 0.269920 0.982445 0.700813 0.499524 0.340571 0.682652 0.639514 0.674905 0.597951 0.885965 0.879111 0.867602 0.967720 0.878256 0.787851 0.962669 0.944536 0.843536 0.744036 0.596395 0.510199 0.740320 0.972530 0.827415 0.799901 0.705576 0.782961 0.915046 0.833202 0.544101 0.783518
0.298100 0.288007 0.649200 0.524726 0.937762 0.990164 0.391456 0.324667 0.852496 0.856670 0.504081 0.344421 0.356680 0.401477 0.535332 0.508672 0.304538 0.334332 0.322654 0.383147 0.705257 0.925296 0.548827 0.581185 0.760096 0.832612 0.711531 0.903162 0.379942 0.392276 0.508704 0.429030 0.290193 0.000000 0.692387 0.956393 0.735445 0.673286 0.991624 0.732847 0.684685 0.662357 0.718745 0.501425 0.766974 0.624429 0.357850 0.489590 0.632129 0.483972 0.510431 0.452333 0.591263 0.816005 0.327878 0.335481 0.286533 0.311093 0.336500 0.333074 0.265613 0.310782 0.259847 0.250385 0.629194 0.501052 0.535287 0.493462 0.502181 0.358585 0.989994 0.870654 0.642586 0.780699 0.726688 0.814334 0.840342 0.904007 0.466601 0.493233 0.319570 0.415421 0.447786 0.445035 0.340161 0.354435 0.970358 0.765865 0.491339 0.345173 0.683448 0.673231 0.674661 0.606487 0.964621 0.934722 0.966487 0.926383 0.873531 0.767897 0.975008 0.905484 0.683762 0.700018 0.748998 0.605803 0.711578 0.963111 0.896313 0.829951 0.690252 0.810060 0.853314 0.896056 0.615320 0.815919
0.826261 0.761862 0.517541 0.507864 0.914591 0.872063 0.590204 0.635478 0.833597 0.992875 0.915037 0.814515 0.850834 0.806273 0.794033 0.543972 0.761221 0.795377 0.672642 0.826201 0.738596 0.946003 0.463161 0.529304 0.567601 0.511228 0.716711 0.896843 0.871755 0.807504 0.522599 0.580480 0.612216 0.692387 0.000000 0.720954 0.757996 0.762408 0.769768 0.969144 0.904097 0.876310 0.736283 0.697553 0.923803 0.927847 0.656879 0.624016 0.994159 0.828238 0.787067 0.761539 0.726706 0.748964 0.679057 0.766981 0.764033 0.755632 0.775927 0.757567 0.774800 0.701975 0.856722 0.775254 0.562312 0.542026 0.477737 0.556495 0.792826 0.735027 0.739543 0.809809 0.725483 0.760498 0.671785 0.857577 0.623789 0.765630 0.777228 0.822617 0.819175 0.814076 0.586029 0.773828 0.661489 0.559160 0.828372 0.798562 0.799644 0.665942 0.994316 0.940220 0.930139 0.946866 0.866354 0.779516 0.996163 0.966529 0.916363 0.813553 0.964128 0.938211 0.979487 0.940676 0.576668 0.717784 0.684084 0.967550 0.915081 0.761028 0.765555 0.881116 0.859347 0.950140 0.594634 0.870191
0.981961 0.905989 0.626619 0.687174 0.997194 0.929222 0.834546 0.876428 0.974308 0.841794 0.846300 0.928826 0.889355 0.887552 0.995343 0.862606 0.975928 0.960481 0.923864 0.952387 0.870448 0.990368 0.723157 0.814440 0.648326 0.632107 0.698422 0.903859 0.917402 0.949509 0.665064 0.774463 0.843595 0.956393 0.720954 0.000000 0.758160 0.622519 0.861842 0.932290 0.937351 0.996596 0.886208 0.875632 0.961509 0.934516 0.912141 0.850579 0.854476 0.996302 0.999404 0.947396 0.881493 0.906738 0.941555 0.966382 0.894458 0.909452 0.966147 0.914334 0.992227 0.945398 0.906314 0.984598 0.692310 0.730317 0.696229 0.752384 0.977720 0.867775 0.734366 0.905093 0.884479 0.911913 0.860339 0.974159 0.935531 0.914543 0.913383 0.864195 0.980361 0.999332 0.878680 0.950832 0.877185 0.822416 0.972393 0.936105 0.942619 0.918990 0.947114 0.887113 0.984893 0.941443 0.952138 0.974018 0.998754 0.914979 0.895690 0.996528 0.892221 0.768843 0.946173 0.766586 0.827911 0.875933 0.874026 0.918956 0.997635 0.915344 0.999198 0.851364 0.930725 0.964419 0.851467 0.881417
0.652489 0.523311 0.514622 0.537340 0.823381 0.775553 0.806463 0.742286 0.773474 0.651764 0.801656 0.715008 0.793088 0.806908 0.875735 0.777929 0.680729 0.656750 0.614507 0.605001 0.630974 0.988295 0.714158 0.650568 0.442336 0.530513 0.448276 0.939061 0.836884 0.677948 0.733441 0.719325 0.701778 0.735445 0.757996 0.758160 0.000000 0.495841 0.652619 0.764729 0.652306 0.755903 0.993801 0.886695 0.715626 0.829721 0.772165 0.891959 0.805478 0.979687 0.976894 0.882518 0.988514 0.903132 0.781123 0.829760 0.579146 0.562996 0.765338 0.713025 0.801994 0.768385 0.791833 0.733175 0.511171 0.552231 0.761277 0.799330 0.571885 0.617706 0.845875 0.901149 0.915184 0.925844 0.695637 0.948739 0.972551 0.985947 0.759351 0.732260 0.781572 0.784531 0.599551 0.615535 0.678452 0.598733 0.706122 0.816468 0.851000 0.680865 0.550166 0.603135 0.600756 0.622420 0.948435 0.920006 0.939313 0.930312 0.670022 0.801908 0.747824 0.670631 0.783279 0.980467 0.776646 0.793715 0.991712 0.889397 0.993896 0.844069 0.978751 0.872774 0.808246 0.939600 0.843344 0.846659
0.572239 0.495901 0.522856 0.544306 0.764147 0.855181 0.787591 0.725709 0.818014 0.682104 0.773864 0.687307 0.783406 0.782915 0.932395 0.781481 0.619206 0.584951 0.576303 0.568461 0.751686 0.863486 0.723169 0.689632 0.472655 0.538638 0.509933 0.939454 0.812360 0.686188 0.673880 0.646795 0.618528 0.673286 0.762408 0.622519 0.495841 0.000000 0.681158 0.778146 0.739171 0.777174 0.985906 0.856946 0.736443 0.884061 0.735009 0.809066 0.834834 0.970165 0.967586 0.880417 0.991284 0.844607 0.718817 0.765620 0.513459 0.517633 0.763186 0.692916 0.762782 0.715440 0.740275 0.670254 0.508538 0.549309 0.778715 0.812389 0.552653 0.530688 0.850254 0.938255 0.928479 0.915381 0.771286 0.918114 0.945281 0.943670 0.772702 0.739439 0.671673 0.696030 0.677339 0.592159 0.647825 0.523899 0.742926 0.922900 0.767080 0.608121 0.594621 0.550836 0.620441 0.538304 0.890427 0.958394 0.900753 0.923623 0.696811 0.792439 0.721112 0.597151 0.874459 0.929569 0.877596 0.950282 0.815136 0.920175 0.997139 0.861085 0.948083 0.814541 0.804376 0.811871 0.882690 0.686466
