0.000000 0.242352 0.749012 0.949218 0.626843 0.966583 0.666909 0.641163 0.944567 0.935505 0.371654 0.308946 0.353940 0.491009 0.699623 0.735650 0.364175 0.405940 0.364722 0.368903 0.937103 0.886874 0.693078 0.880854 0.930400 0.769335 0.993158 0.861054 0.542883 0.468209 0.897577 0.999032 0.442023 0.443459 0.966086 0.820794 0.786182 0.926333 0.990658 0.991253 0.909958 0.991456 0.888713 0.924033 0.984090 0.897930 0.647980 0.631153 0.671075 0.561394 0.604781 0.561132 0.911873 0.805482 0.510251 0.647238 0.318068 0.263295 0.388888 0.394996 0.296286 0.295503 0.274296 0.281112 0.763290 0.720167 0.778749 0.936162 0.421850 0.351496 0.982899 0.702386 0.705009 0.905605 0.676705 0.836249 0.972428 0.976597 0.563107 0.608633 0.268796 0.321929 0.380225 0.371758 0.309997 0.551865 0.584522 0.617033 0.518644 0.554894 0.591066 0.454397 0.520830 0.410512 0.831394 0.950030 0.533128 0.952046 0.892901 0.977068 0.829698 0.782033 0.832731 0.835290 0.872436 0.771032 0.866600 0.908225 0.892648 0.675124 0.970171 0.735146 0.961603 0.867979 0.769490 0.730398
0.242352 0.000000 0.784361 0.912759 0.707994 0.989163 0.751981 0.597169 0.990243 0.883801 0.439389 0.260298 0.414082 0.463511 0.764231 0.728201 0.351700 0.382056 0.425735 0.359014 0.904331 0.947266 0.756839 0.834953 0.927969 0.784897 0.975282 0.885609 0.553737 0.499531 0.825096 0.913059 0.503340 0.484147 0.954470 0.865639 0.760019 0.885378 0.936979 0.927710 0.904988 0.986643 0.974909 0.988615 0.946177 0.904724 0.568601 0.647514 0.725201 0.607909 0.597291 0.559695 0.969599 0.784062 0.517326 0.650043 0.307844 0.229091 0.423437 0.427452 0.342729 0.284546 0.315489 0.291729 0.756183 0.641066 0.810452 0.904212 0.412080 0.338008 0.983415 0.670202 0.748822 0.901687 0.724968 0.814460 0.873539 0.846584 0.556558 0.559297 0.303445 0.332740 0.411976 0.381384 0.354392 0.513901 0.579210 0.657763 0.554577 0.574732 0.517659 0.443329 0.512957 0.392940 0.854796 0.939524 0.559538 0.967882 0.945366 0.989042 0.812100 0.707105 0.920219 0.871894 0.846190 0.753324 0.877975 0.925588 0.879297 0.632101 0.948874 0.737631 0.934314 0.886148 0.741502 0.784004
0.749012 0.784361 0.000000 0.326417 0.869124 0.857903 0.606153 0.560258 0.900193 0.686517 0.992327 0.908158 0.804621 0.890983 0.964032 0.787120 0.943552 0.857124 0.851115 0.963429 0.646945 0.866747 0.865486 0.552600 0.476884 0.533556 0.799198 0.829272 0.807922 0.809607 0.800951 0.999809 0.800600 0.720206 0.779367 0.925045 0.515289 0.859757 0.570542 0.754859 0.836731 0.867969 0.781725 0.835302 0.768883 0.939670 0.597993 0.560748 0.852489 0.844476 0.773062 0.703628 0.994408 0.834796 0.502249 0.734089 0.996664 0.888514 0.644553 0.639285 0.794517 0.839717 0.924336 0.960306 0.351067 0.469094 0.497114 0.587890 0.731326 0.663140 0.917597 0.994122 0.865826 0.981156 0.745046 0.905883 0.737143 0.871925 0.902567 0.985637 0.958406 0.919282 0.816821 0.792976 0.682559 0.364876 0.818671 0.895509 0.633529 0.657703 0.819547 0.997703 0.759287 0.950327 0.959447 0.762105 0.736200 0.796541 0.929926 0.921791 0.860436 0.813960 0.880913 0.973889 0.757553 0.593376 0.908317 0.750112 0.985961 0.741610 0.853317 0.928801 0.925943 0.908426 0.787166 0.982281
0.949218 0.912759 0.326417 0.000000 0.775521 0.783590 0.671162 0.461632 0.934803 0.736597 0.853910 0.970043 0.953904 0.962747 0.817633 0.785698 0.787156 0.744734 0.992111 0.951698 0.681469 0.953773 0.982762 0.501002 0.454891 0.445900 0.833572 0.780520 0.662651 0.702085 0.800786 0.943289 0.986421 0.831254 0.869491 0.915077 0.586740 0.820401 0.501857 0.636078 0.853549 0.978872 0.578196 0.686136 0.749830 0.918266 0.550264 0.516346 0.770762 0.941392 0.803009 0.746932 0.952805 0.876280 0.679173 0.754906 0.860126 0.956693 0.738297 0.724083 0.967550 0.955619 0.862867 0.793047 0.429479 0.423382 0.498034 0.536402 0.884063 0.825189 0.789622 0.970662 0.968574 0.971069 0.834785 0.951842 0.619507 0.965897 0.949532 0.915018 0.840819 0.903071 0.993092 0.974869 0.908341 0.422209 0.938753 0.755211 0.763705 0.750706 0.684968 0.780395 0.586321 0.740351 0.875563 0.754403 0.792054 0.773064 0.946807 0.978535 0.825380 0.909348 0.867861 0.957994 0.666665 0.541332 0.807640 0.661546 0.913802 0.825869 0.832164 0.956463 0.747274 0.863869 0.801621 0.906747
0.626843 0.707994 0.869124 0.775521 0.000000 0.834407 0.882734 0.997565 0.772927 0.848867 0.679663 0.694380 0.614417 0.716216 0.759470 0.831290 0.650600 0.735705 0.678282 0.803450 0.860041 0.946872 0.778120 0.918644 0.745179 0.695359 0.916641 0.867716 0.652678 0.674621 0.844896 0.956157 0.790237 0.781233 0.923753 0.907763 0.797051 0.949831 0.860004 0.893658 0.878233 0.903882 0.844585 0.842116 0.832617 0.886289 0.929356 0.877028 0.745346 0.769371 0.785096 0.800780 0.827769 0.895543 0.913009 0.904884 0.705385 0.762475 0.739769 0.817391 0.651940 0.699693 0.615027 0.607316 0.936705 0.910751 0.912644 0.853802 0.825296 0.795557 0.969079 0.747823 0.974055 0.972523 0.909445 0.900116 0.837206 0.963548 0.750076 0.884364 0.673615 0.759172 0.731093 0.819784 0.672869 0.983538 0.809528 0.743520 0.804905 0.870970 0.743551 0.771345 0.581770 0.696727 0.845170 0.982803 0.905412 0.702536 0.923776 0.934085 0.733069 0.982571 0.902127 0.851129 0.993502 0.956207 0.992531 0.807922 0.978096 0.984272 0.874845 0.820987 0.894814 0.937401 0.893078 0.914359
0.966583 0.989163 0.857903 0.783590 0.834407 0.000000 0.951833 0.892122 0.796923 0.753883 0.992741 0.996582 0.937577 0.985664 0.838956 0.971669 0.911585 0.941507 0.829770 0.927307 0.705640 0.911230 0.716271 0.916802 0.676049 0.580363 0.996816 0.592634 0.853621 0.806236 0.985107 0.857671 0.954280 0.876984 0.754850 0.765064 0.831787 0.932110 0.728358 0.494294 0.632655 0.841663 0.703835 0.731327 0.994061 0.899288 0.786028 0.823116 0.871407 0.844203 0.911662 0.937239 0.921285 0.840809 0.880676 0.698176 0.982216 0.987496 0.877839 0.954949 0.992193 0.974180 0.916322 0.896108 0.768373 0.617048 0.614032 0.522692 0.937371 0.954096 0.988524 0.784551 0.877277 0.950438 0.893493 0.963311 0.979888 0.883987 0.919220 0.871049 0.909751 0.988710 0.942880 0.957533 0.975332 0.732829 0.869121 0.828369 0.996716 0.863006 0.714921 0.944906 0.691377 0.866766 0.901552 0.710326 0.823375 0.672685 0.912245 0.883850 0.660488 0.944953 0.966023 0.920771 0.877515 0.715672 0.953162 0.980210 0.905243 0.961642 0.889218 0.896600 0.968881 0.990782 0.904189 0.814891
0.666909 0.751981 0.606153 0.671162 0.882734 0.951833 0.000000 0.371970 0.608666 0.655659 0.627760 0.680524 0.452698 0.490852 0.613647 0.560733 0.739212 0.770551 0.404959 0.637856 0.970767 0.893297 0.684082 0.821334 0.874482 0.883324 0.884927 0.838286 0.649027 0.646726 0.742837 0.600646 0.563234 0.448035 0.890268 0.865018 0.922007 0.975267 0.935085 0.940343 0.991439 0.999832 0.652002 0.564595 0.675069 0.497428 0.638913 0.418349 0.636497 0.532418 0.571925 0.635935 0.736934 0.796140 0.738265 0.789122 0.788025 0.842047 0.574841 0.691881 0.492687 0.589313 0.614687 0.714325 0.899099 0.807964 0.670397 0.798782 0.922501 0.747266 0.708344 0.779452 0.556049 0.646982 0.798486 0.721659 0.562669 0.790140 0.704205 0.795171 0.778981 0.876209 0.768502 0.879999 0.762036 0.721533 0.941595 0.929700 0.751329 0.846075 0.721060 0.826772 0.926382 0.992941 0.935552 0.927067 0.652105 0.914080 0.549273 0.565991 0.822159 0.734052 0.683507 0.582306 0.810750 0.800128 0.859234 0.665269 0.941097 0.773134 0.628300 0.581020 0.660108 0.694493 0.847593 0.606701
0.641163 0.597169 0.560258 0.461632 0.997565 0.892122 0.371970 0.000000 0.770730 0.861435 0.675664 0.562019 0.586226 0.523954 0.894532 0.591075 0.767252 0.774405 0.546360 0.624881 0.915452 0.937950 0.956460 0.731876 0.954216 0.925120 0.922032 0.916815 0.764460 0.730451 0.874599 0.766620 0.699801 0.472645 0.908650 0.967553 0.725661 0.775888 0.793729 0.825172 0.974741 0.926554 0.461137 0.469769 0.847633 0.563140 0.429823 0.353168 0.724677 0.603150 0.478041 0.520442 0.864721 0.983036 0.629017 0.659361 0.743537 0.711140 0.493157 0.545702 0.542703 0.497330 0.689803 0.718560 0.785344 0.501744 0.546047 0.624401 0.795179 0.599146 0.777660 0.892991 0.686775 0.742447 0.804483 0.756950 0.502962 0.655975 0.707086 0.757924 0.786899 0.825252 0.790753 0.852791 0.829755 0.530535 0.935064 0.886728 0.774935 0.795325 0.774585 0.881455 0.853361 0.992788 0.950655 0.785412 0.585270 0.818115 0.635491 0.640598 0.733905 0.887454 0.723053 0.602659 0.664403 0.582998 0.784089 0.649827 0.868135 0.733302 0.658812 0.596613 0.587087 0.702138 0.713699 0.712917
0.944567 0.990243 0.900193 0.934803 0.772927 0.796923 0.608666 0.770730 0.000000 0.372815 0.808836 0.923848 0.739726 0.759968 0.627689 0.629358 0.858301 0.900859 0.662790 0.915798 0.834932 0.876869 0.685766 0.989044 0.625439 0.625643 0.910032 0.730169 0.677419 0.696418 0.809603 0.695236 0.877519 0.818223 0.847673 0.823517 0.766434 0.833498 0.662542 0.728500 0.860419 0.840384 0.880941 0.737890 0.619838 0.619599 0.985470 0.844183 0.612561 0.655303 0.814736 0.843878 0.585330 0.580385 0.811592 0.888847 0.973267 0.954588 0.948240 0.986408 0.826795 0.832036 0.800237 0.818264 0.727160 0.717600 0.832196 0.774191 0.762302 0.950332 0.851080 0.841256 0.778992 0.914710 0.909862 0.890622 0.877594 0.848017 0.905230 0.969854 0.941214 0.917410 0.983739 0.856014 0.913113 0.764729 0.941576 0.863404 0.921520 0.900176 0.848442 0.746783 0.853122 0.959090 0.925209 0.925052 0.997122 0.882323 0.632817 0.630166 0.965631 0.695096 0.730205 0.735371 0.836216 0.995332 0.839091 0.831902 0.978114 0.959871 0.778651 0.852910 0.705337 0.775383 0.977270 0.779792
0.935505 0.883801 0.686517 0.736597 0.848867 0.753883 0.655659 0.861435 0.372815 0.000000 0.854822 0.969971 0.831075 0.817099 0.643277 0.738571 0.899290 0.907027 0.729283 0.941687 0.735535 0.909563 0.770714 0.769661 0.461568 0.530219 0.759467 0.613293 0.616921 0.650899 0.762840 0.603996 0.964107 0.849639 0.632193 0.928584 0.720357 0.875948 0.544587 0.593046 0.797567 0.959491 0.827147 0.676646 0.451760 0.526201 0.902427 0.929022 0.461003 0.623593 0.789127 0.871260 0.547285 0.434248 0.747982 0.810618 0.996135 0.896800 0.970856 0.959710 0.864314 0.897779 0.876622 0.837053 0.485594 0.553628 0.740102 0.674561 0.719320 0.892690 0.869426 0.690571 0.684782 0.708753 0.978386 0.846083 0.798664 0.811407 0.933154 0.936816 0.999700 0.821542 0.920645 0.718442 0.760252 0.534045 0.820246 0.943100 0.835537 0.799063 0.824130 0.676708 0.883860 0.865301 0.968614 0.924380 0.914692 0.956071 0.527770 0.466907 0.909432 0.586738 0.642612 0.684832 0.857309 0.836332 0.840358 0.794080 0.903653 0.892921 0.717423 0.741796 0.670971 0.798247 0.921914 0.804337
0.371654 0.439389 0.992327 0.853910 0.679663 0.992741 0.627760 0.675664 0.808836 0.854822 0.000000 0.328025 0.391477 0.455899 0.653794 0.738061 0.347170 0.339753 0.377962 0.335543 0.894223 0.962794 0.874888 0.888367 0.672053 0.639179 0.833366 0.760622 0.429043 0.351258 0.850388 0.933908 0.487114 0.426032 0.915490 0.805519 0.988656 0.927517 0.797007 0.914324 0.926551 0.879791 0.930812 0.982677 0.815955 0.778977 0.850930 0.722322 0.611410 0.665994 0.684704 0.717553 0.981492 0.879833 0.773110 0.676793 0.403065 0.419106 0.552967 0.633260 0.354795 0.374119 0.331661 0.332214 0.961918 0.860817 0.853623 0.933859 0.676154 0.604786 0.937748 0.884419 0.644986 0.754701 0.722987 0.880788 0.945724 0.820999 0.601791 0.502073 0.358744 0.398224 0.549272 0.547928 0.584026 0.804944 0.816202 0.727944 0.790537 0.797352 0.763642 0.619958 0.647894 0.539570 0.737899 0.924254 0.674658 0.886951 0.764618 0.878067 0.985430 0.958342 0.649422 0.746644 0.990355 0.924700 0.781267 0.855107 0.877673 0.823150 0.894725 0.740286 0.942124 0.782304 0.796683 0.677886
0.308946 0.260298 0.908158 0.970043 0.694380 0.996582 0.680524 0.562019 0.923848 0.969971 0.328025 0.000000 0.405163 0.373010 0.735170 0.717170 0.320773 0.334997 0.389250 0.330260 0.821768 0.953281 0.851109 0.957461 0.759878 0.674176 0.886658 0.772602 0.423019 0.382106 0.846615 0.976661 0.481914 0.426106 0.996749 0.884619 0.828527 0.840077 0.927070 0.988326 0.986835 0.952858 0.961343 0.941263 0.869664 0.798201 0.626575 0.658905 0.637587 0.595950 0.557044 0.576293 0.942421 0.863001 0.666385 0.644010 0.308073 0.291430 0.456827 0.508527 0.306793 0.241215 0.287753 0.264023 0.967493 0.692270 0.796587 0.870983 0.533721 0.437455 0.984839 0.756353 0.695294 0.815569 0.732518 0.753304 0.885018 0.739062 0.546242 0.495793 0.323955 0.368295 0.467344 0.489497 0.497342 0.637572 0.706824 0.698714 0.702207 0.706356 0.633345 0.519924 0.586017 0.452748 0.812201 0.961494 0.549923 0.955747 0.814023 0.857397 0.953016 0.925972 0.733336 0.737071 0.891946 0.811790 0.834979 0.970780 0.869306 0.703679 0.869463 0.694965 0.896144 0.821144 0.724820 0.667253
0.353940 0.414082 0.804621 0.953904 0.614417 0.937577 0.452698 0.586226 0.739726 0.831075 0.391477 0.405163 0.000000 0.360889 0.461237 0.478191 0.406167 0.448852 0.315077 0.402436 0.929395 0.876084 0.546935 0.812265 0.823796 0.678437 0.922581 0.818672 0.460245 0.469594 0.962740 0.816467 0.398485 0.384068 0.986756 0.873809 0.928388 0.982128 0.943289 0.936782 0.885790 0.987321 0.987112 0.862456 0.758306 0.645149 0.655696 0.545082 0.584067 0.505622 0.555691 0.576493 0.753743 0.931226 0.664104 0.699992 0.466310 0.468179 0.449260 0.579157 0.279076 0.365366 0.283410 0.348369 0.827534 0.851829 0.805051 0.913964 0.680715 0.552268 0.903134 0.848423 0.689669 0.762466 0.812989 0.797302 0.743590 0.847569 0.577520 0.606060 0.433028 0.527891 0.474389 0.498696 0.413986 0.648625 0.654396 0.613390 0.628402 0.641685 0.774040 0.643953 0.622958 0.517887 0.942734 0.930947 0.624121 0.958841 0.710348 0.754374 0.916010 0.978639 0.802660 0.705355 0.830585 0.808309 0.862430 0.995802 0.948639 0.852479 0.903374 0.633920 0.792713 0.791231 0.782487 0.618026
0.491009 0.463511 0.890983 0.962747 0.716216 0.985664 0.490852 0.523954 0.759968 0.817099 0.455899 0.373010 0.360889 0.000000 0.574775 0.507313 0.451917 0.422152 0.367978 0.404627 0.903202 0.976534 0.681151 0.790632 0.748015 0.723546 0.907640 0.829629 0.395939 0.463118 0.927255 0.709130 0.415604 0.391117 0.915518 0.978114 0.916776 0.845277 0.964849 0.980119 0.996055 0.885089 0.802335 0.703965 0.663130 0.556744 0.568647 0.529824 0.588714 0.573259 0.533154 0.597509 0.787576 0.904224 0.763656 0.730568 0.461031 0.522831 0.546692 0.711324 0.371380 0.385616 0.365608 0.387765 0.965036 0.787349 0.770218 0.803143 0.812735 0.660545 0.841279 0.983925 0.780025 0.721819 0.813240 0.639848 0.730311 0.638193 0.525039 0.566956 0.482454 0.563928 0.485834 0.590894 0.553283 0.650164 0.827801 0.644099 0.745067 0.695375 0.880331 0.779045 0.762246 0.639621 0.969393 0.954450 0.595415 0.942375 0.655121 0.645229 0.999600 0.947636 0.683528 0.692620 0.807132 0.872054 0.899567 0.995250 0.965041 0.701367 0.770750 0.667649 0.777379 0.689769 0.791332 0.587848
0.699623 0.764231 0.964032 0.817633 0.759470 0.838956 0.613647 0.894532 0.627689 0.643277 0.653794 0.735170 0.461237 0.574775 0.000000 0.453417 0.605167 0.606907 0.596541 0.719040 0.957722 0.924122 0.458343 0.906859 0.766052 0.663166 0.976134 0.850995 0.501915 0.584430 0.706762 0.647506 0.516086 0.659060 0.998767 0.878650 0.948851 0.859909 0.684476 0.718531 0.992963 0.954161 0.940851 0.876141 0.656518 0.683789 0.896123 0.828239 0.650161 0.673657 0.822043 0.854444 0.682143 0.766821 0.921353 0.971353 0.732735 0.750778 0.793442 0.967424 0.591532 0.707118 0.526522 0.564032 0.984547 0.765352 0.922291 0.851683 0.957858 0.894895 0.956837 0.987394 0.815573 0.887317 0.895247 0.758240 0.860955 0.873389 0.757361 0.752174 0.682796 0.847077 0.643819 0.689635 0.705251 0.964440 0.761443 0.690894 0.857377 0.865720 0.841071 0.839254 0.654013 0.672606 0.943859 0.839287 0.913128 0.858927 0.701493 0.736371 0.795274 0.969425 0.809742 0.816438 0.971609 0.935357 0.913530 0.982455 0.993219 0.987610 0.961874 0.677219 0.903081 0.737744 0.977827 0.662392
0.735650 0.728201 0.787120 0.785698 0.831290 0.971669 0.560733 0.591075 0.629358 0.738571 0.738061 0.717170 0.478191 0.507313 0.453417 0.000000 0.733119 0.750324 0.650903 0.742166 0.852641 0.977641 0.590382 0.646065 0.983421 0.955101 0.930324 0.974609 0.661621 0.766493 0.683398 0.726034 0.647730 0.634074 0.919706 0.971677 0.858602 0.913747 0.935834 0.976971 0.918553 0.903822 0.728870 0.619323 0.771381 0.597957 0.638892 0.603105 0.730381 0.687355 0.647808 0.666246 0.659452 0.743985 0.841598 0.904353 0.818940 0.789247 0.689479 0.824248 0.624927 0.660231 0.637295 0.679674 0.753338 0.884817 0.853601 0.885288 0.964424 0.802517 0.851359 0.997033 0.869819 0.771309 0.821181 0.678513 0.671197 0.788340 0.690032 0.769848 0.839201 0.942894 0.696415 0.764987 0.764023 0.709696 0.836084 0.888391 0.856653 0.756345 0.982268 0.990836 0.863000 0.877572 0.975673 0.947250 0.826305 0.890386 0.695759 0.710342 0.927767 0.977675 0.873671 0.752420 0.778675 0.782017 0.946554 0.856663 0.944598 0.975806 0.870271 0.686247 0.630892 0.614808 0.752768 0.801426
0.364175 0.351700 0.943552 0.787156 0.650600 0.911585 0.739212 0.767252 0.858301 0.899290 0.347170 0.320773 0.406167 0.451917 0.605167 0.733119 0.000000 0.235137 0.383928 0.321410 0.726991 0.986757 0.745125 0.979497 0.651098 0.530352 0.974911 0.747747 0.369544 0.301721 0.864631 0.935078 0.465283 0.493920 0.883204 0.796345 0.976246 0.949668 0.793747 0.905299 0.945398 0.891355 0.883753 0.951626 0.881725 0.851825 0.803197 0.848413 0.633497 0.674624 0.754932 0.782868 0.965696 0.868620 0.781414 0.786116 0.282449 0.319485 0.641042 0.713961 0.414309 0.377450 0.302610 0.283037 0.980685 0.908714 0.975822 0.914515 0.631369 0.584883 0.995739 0.804965 0.710786 0.863141 0.776271 0.785341 0.996877 0.776610 0.486734 0.474499 0.269385 0.329599 0.426372 0.463123 0.460457 0.779393 0.663889 0.572441 0.714981 0.731467 0.601507 0.561466 0.484193 0.464296 0.755972 0.947735 0.655536 0.890786 0.868198 0.925776 0.813750 0.989400 0.766075 0.778063 0.982343 0.985061 0.754948 0.805735 0.908667 0.808002 0.959347 0.696984 0.996040 0.757615 0.834461 0.645625
0.405940 0.382056 0.857124 0.744734 0.735705 0.941507 0.770551 0.774405 0.900859 0.907027 0.339753 0.334997 0.448852 0.422152 0.606907 0.750324 0.235137 0.000000 0.408199 0.279676 0.734784 0.927372 0.773629 0.971250 0.622256 0.513661 0.995198 0.757343 0.322664 0.275337 0.848346 0.923609 0.472256 0.553054 0.870431 0.841327 0.991953 0.888767 0.765270 0.867165 0.931172 0.880560 0.888336 0.974565 0.878757 0.883020 0.849258 0.870881 0.663113 0.763976 0.812462 0.872201 0.958310 0.830512 0.857142 0.824762 0.277967 0.338105 0.709800 0.782314 0.464314 0.414413 0.325738 0.289184 0.922928 0.932356 0.957035 0.914593 0.629634 0.615308 0.938175 0.864843 0.723062 0.816318 0.836307 0.801187 0.999825 0.733794 0.486561 0.454734 0.284782 0.332777 0.446003 0.463902 0.518889 0.812298 0.686777 0.571928 0.761658 0.814291 0.600299 0.573943 0.488775 0.474750 0.714569 0.912669 0.674225 0.849117 0.850537 0.902578 0.817075 0.990417 0.759349 0.746285 0.935110 0.935665 0.768373 0.756929 0.925017 0.787605 0.945038 0.726828 0.979967 0.768633 0.886931 0.643375
0.364722 0.425735 0.851115 0.992111 0.678282 0.829770 0.404959 0.546360 0.662790 0.729283 0.377962 0.389250 0.315077 0.367978 0.596541 0.650903 0.383928 0.408199 0.000000 0.356134 0.837582 0.947073 0.581124 0.884307 0.686351 0.578643 0.931964 0.695932 0.402563 0.344577 0.950097 0.787600 0.454363 0.398501 0.846595 0.832064 0.987473 0.982676 0.770806 0.835538 0.983943 0.990361 0.996752 0.889742 0.790273 0.686152 0.745638 0.578491 0.539682 0.470743 0.611726 0.637155 0.823122 0.952848 0.728525 0.774385 0.412257 0.460848 0.511062 0.582915 0.336645 0.361509 0.316717 0.349777 0.968164 0.925060 0.877125 0.956179 0.639224 0.564961 0.818244 0.961197 0.555590 0.755463 0.757983 0.780229 0.810565 0.834257 0.548517 0.624441 0.371295 0.457656 0.502406 0.588315 0.493904 0.757457 0.803570 0.605854 0.681413 0.717649 0.829822 0.742921 0.652975 0.582192 0.913493 0.943726 0.588332 0.910757 0.726239 0.738543 0.924564 0.897223 0.731282 0.687798 0.932756 0.931167 0.908547 0.946780 0.900697 0.728424 0.790945 0.652760 0.847821 0.757165 0.870545 0.541843
0.368903 0.359014 0.963429 0.951698 0.803450 0.927307 0.637856 0.624881 0.915798 0.941687 0.335543 0.330260 0.402436 0.404627 0.719040 0.742166 0.321410 0.279676 0.356134 0.000000 0.772595 0.904684 0.762726 0.942207 0.737994 0.647263 0.958278 0.752249 0.438198 0.330721 0.898086 0.902219 0.519790 0.494724 0.846653 0.835385 0.914047 0.818207 0.903736 0.910184 0.923596 0.924415 0.944398 0.983089 0.965520 0.890910 0.779283 0.766799 0.713725 0.720317 0.748710 0.801773 0.921748 0.812488 0.750819 0.731828 0.313479 0.353678 0.615365 0.660344 0.431000 0.396201 0.346325 0.347623 0.963766 0.805820 0.942822 0.986913 0.594141 0.563455 0.825621 0.925436 0.652433 0.741369 0.826107 0.859974 0.831766 0.779743 0.506625 0.503049 0.316265 0.338419 0.450782 0.469912 0.472328 0.693305 0.688214 0.597096 0.687428 0.706834 0.647593 0.620708 0.609393 0.554287 0.770234 0.950031 0.618387 0.877526 0.874530 0.921207 0.867506 0.993613 0.786538 0.777189 0.884509 0.950250 0.801184 0.897495 0.923419 0.701507 0.903492 0.757919 0.958368 0.796964 0.840690 0.637540
0.937103 0.904331 0.646945 0.681469 0.860041 0.705640 0.970767 0.915452 0.834932 0.735535 0.894223 0.821768 0.929395 0.903202 0.957722 0.852641 0.726991 0.734784 0.837582 0.772595 0.000000 0.999441 0.936071 0.739604 0.553941 0.525848 0.737961 0.656539 0.712104 0.661531 0.826750 0.849951 0.978914 0.989863 0.819969 0.941017 0.810641 0.885433 0.703277 0.656931 0.908382 0.971914 0.811284 0.830640 0.947972 0.923351 0.809228 0.775022 0.850572 0.927291 0.918138 0.891782 0.952349 0.962215 0.783856 0.889788 0.822812 0.925092 0.888264 0.945247 0.966828 0.896096 0.873064 0.818610 0.587908 0.731427 0.665374 0.666383 0.977148 0.914983 0.920840 0.988100 0.783513 0.847780 0.943311 0.993891 0.901120 0.939658 0.936068 0.858010 0.831997 0.859013 0.923833 0.976820 0.994182 0.671275 0.988474 0.766418 0.937833 0.897596 0.793174 0.974647 0.737295 0.903359 0.977218 0.784029 0.914278 0.917915 0.985895 0.951853 0.765685 0.769125 0.841760 0.918231 0.822561 0.776367 0.923994 0.960648 0.922371 0.997476 0.969376 0.975255 0.937461 0.986013 0.883561 0.853159
0.886874 0.947266 0.866747 0.953773 0.946872 0.911230 0.893297 0.937950 0.876869 0.909563 0.962794 0.953281 0.876084 0.976534 0.924122 0.977641 0.986757 0.927372 0.947073 0.904684 0.999441 0.000000 0.926033 0.968274 0.925227 0.978757 0.845423 0.938969 0.984455 0.935523 0.977212 0.952072 0.813497 0.895341 0.898037 0.918155 0.919845 0.857845 0.930244 0.978523 0.824472 0.823768 0.947077 0.929250 0.983598 0.992031 0.987829 0.958330 0.962364 0.945670 0.960102 0.977647 0.944411 0.989630 0.874888 0.920226 0.979565 0.980895 0.935683 0.906959 0.929883 0.999816 0.922503 0.978044 0.784285 0.943215 0.847006 0.946423 0.974900 0.963848 0.791927 0.967006 0.951128 0.871755 0.929160 0.966114 0.945387 0.829719 0.919765 0.851662 0.966007 0.942416 0.839174 0.934989 0.761813 0.903181 0.823670 0.849774 0.749667 0.868384 0.951451 0.968195 0.965812 0.958629 0.899722 0.927157 0.997445 0.883720 0.999114 0.963601 0.912512 0.826993 0.968524 0.906504 0.848219 0.992977 0.988402 0.976372 0.927198 0.967621 0.999408 0.978187 0.994231 0.910192 0.993660 0.853676
0.693078 0.756839 0.865486 0.982762 0.778120 0.716271 0.684082 0.956460 0.685766 0.770714 0.874888 0.851109 0.546935 0.681151 0.458343 0.590382 0.745125 0.773629 0.581124 0.762726 0.936071 0.926033 0.000000 0.647415 0.964977 0.732743 0.855738 0.913866 0.688057 0.729542 0.670788 0.730325 0.629089 0.817815 0.942997 0.905784 0.973481 0.828200 0.801259 0.668738 0.998160 0.954654 0.787484 0.954423 0.906641 0.860031 0.911080 0.818571 0.772878 0.602800 0.877620 0.814780 0.670195 0.721966 0.869308 0.941455 0.776119 0.775395 0.810098 0.849690 0.702307 0.817257 0.600246 0.651111 0.876961 0.728726 0.870895 0.709190 0.876844 0.790033 0.940890 0.990055 0.857077 0.979264 0.907805 0.824321 0.886459 0.920109 0.685328 0.876608 0.687225 0.830692 0.650860 0.682877 0.560660 0.872290 0.779466 0.505769 0.729058 0.651455 0.771658 0.802773 0.619000 0.688368 0.963522 0.874908 0.864430 0.859146 0.932362 0.914294 0.631335 0.897729 0.912695 0.978505 0.914151 0.950532 0.912915 0.976200 0.884429 0.919857 0.906795 0.887326 0.945381 0.963139 0.968360 0.811724
0.880854 0.834953 0.552600 0.501002 0.918644 0.916802 0.821334 0.731876 0.989044 0.769661 0.888367 0.957461 0.812265 0.790632 0.906859 0.646065 0.979497 0.971250 0.884307 0.942207 0.739604 0.968274 0.647415 0.000000 0.537399 0.715355 0.706439 0.781915 0.931336 0.897389 0.774596 0.875383 0.834171 0.857845 0.772269 0.871034 0.715315 0.838962 0.685717 0.876022 0.773109 0.950412 0.894926 0.916022 0.784854 0.989352 0.679958 0.693485 0.788053 0.965408 0.924538 0.857201 0.951015 0.912843 0.774796 0.828495 0.990870 0.904444 0.841921 0.897430 0.943922 0.941425 0.924714 0.988767 0.506394 0.685446 0.721937 0.797433 0.907801 0.844826 0.830335 0.919015 0.870116 0.752638 0.853017 0.850662 0.835872 0.933934 0.755197 0.917415 0.951694 0.934338 0.744991 0.734492 0.677706 0.476312 0.718850 0.814435 0.761184 0.634514 0.966724 0.917734 0.902259 0.998121 0.983028 0.777366 0.886834 0.957329 0.893354 0.952947 0.918676 0.803722 0.683499 0.977026 0.729244 0.695538 0.987980 0.921802 0.954835 0.860841 0.915428 0.963408 0.930096 0.949574 0.958105 0.996403
0.930400 0.927969 0.476884 0.454891 0.745179 0.676049 0.874482 0.954216 0.625439 0.461568 0.672053 0.759878 0.823796 0.748015 0.766052 0.983421 0.651098 0.622256 0.686351 0.737994 0.553941 0.925227 0.964977 0.537399 0.000000 0.317800 0.663299 0.571059 0.485125 0.487046 0.812607 0.796900 0.926041 0.900264 0.634714 0.800158 0.575017 0.825462 0.426881 0.596107 0.780488 0.953300 0.927360 0.985922 0.553563 0.761608 0.789219 0.866715 0.535296 0.762670 0.939964 0.957135 0.806082 0.734302 0.688715 0.805350 0.747534 0.888756 0.917152 0.891260 0.796034 0.802938 0.741645 0.669558 0.360034 0.575367 0.614075 0.613062 0.935390 0.908378 0.989563 0.887443 0.754939 0.713969 0.977827 0.886648 0.941398 0.825960 0.881914 0.760792 0.770312 0.874548 0.967558 0.879599 0.896565 0.501800 0.822061 0.814942 0.781215 0.730733 0.859508 0.976799 0.647267 0.847224 0.924434 0.780187 0.942958 0.775602 0.683360 0.741470 0.908777 0.703962 0.632731 0.760387 0.796828 0.620612 0.965021 0.920475 0.976157 0.930200 0.905739 0.818158 0.955277 0.941213 0.890722 0.689619
0.769335 0.784897 0.533556 0.445900 0.695359 0.580363 0.883324 0.925120 0.625643 0.530219 0.639179 0.674176 0.678437 0.723546 0.663166 0.955101 0.530352 0.513661 0.578643 0.647263 0.525848 0.978757 0.732743 0.715355 0.317800 0.000000 0.812358 0.522019 0.444425 0.421101 0.826145 0.944956 0.828430 0.893677 0.667196 0.790188 0.648078 0.875953 0.477034 0.554586 0.788908 0.964318 0.733951 0.849456 0.673376 0.857766 0.794993 0.900897 0.549290 0.721005 0.957369 0.987998 0.854201 0.807975 0.779824 0.813597 0.641897 0.736235 0.975585 0.965225 0.717234 0.711330 0.585089 0.535735 0.476035 0.540423 0.543784 0.509504 0.951847 0.898130 0.943296 0.999061 0.758434 0.861047 0.988536 0.902745 0.914979 0.934595 0.798312 0.801529 0.607984 0.732790 0.783570 0.900106 0.879334 0.615893 0.925220 0.587571 0.968212 0.879709 0.672286 0.809080 0.457887 0.661552 0.849745 0.772824 0.988039 0.784657 0.775365 0.781204 0.766818 0.828743 0.797187 0.762148 0.793691 0.671582 0.871299 0.900490 0.947459 0.988804 0.971570 0.828779 0.986925 0.995104 0.913898 0.621963
0.993158 0.975282 0.799198 0.833572 0.916641 0.996816 0.884927 0.922032 0.910032 0.759467 0.833366 0.886658 0.922581 0.907640 0.976134 0.930324 0.974911 0.995198 0.931964 0.958278 0.737961 0.845423 0.855738 0.706439 0.663299 0.812358 0.000000 0.927526 0.909143 0.875948 0.825353 0.884682 0.995916 0.901634 0.954993 0.794721 0.770046 0.837502 0.827872 0.956940 0.997559 0.917123 0.885580 0.852323 0.691207 0.738079 0.967930 0.946098 0.692337 0.819623 0.842689 0.873056 0.822821 0.823622 0.916151 0.886477 0.965544 0.995855 0.903978 0.913584 0.827710 0.859972 0.937579 0.911823 0.660627 0.877021 0.956009 0.976082 0.860639 0.981921 0.961434 0.973027 0.890631 0.757715 0.904407 0.897752 0.975898 0.887132 0.970132 0.975384 0.964927 0.945407 0.808036 0.922445 0.820369 0.758037 0.767083 0.848109 0.752530 0.903167 0.889860 0.945468 0.995701 0.973991 0.947812 0.976925 0.991756 0.942995 0.797670 0.857567 0.839173 0.747292 0.686493 0.771651 0.874814 0.905187 0.987502 0.879230 0.996827 0.972068 0.859930 0.880324 0.870311 0.905544 0.993588 0.725406
0.861054 0.885609 0.829272 0.780520 0.867716 0.592634 0.838286 0.916815 0.730169 0.613293 0.760622 0.772602 0.818672 0.829629 0.850995 0.974609 0.747747 0.757343 0.695932 0.752249 0.656539 0.938969 0.913866 0.781915 0.571059 0.522019 0.927526 0.000000 0.698820 0.604096 0.966415 0.924111 0.946390 0.868868 0.701937 0.871567 0.947993 0.914352 0.700191 0.608832 0.750598 0.938209 0.835893 0.966343 0.812363 0.907663 0.866615 0.904440 0.718887 0.741359 0.946353 0.969283 0.887853 0.864938 0.842733 0.799873 0.801073 0.872275 0.974014 0.965672 0.844815 0.828560 0.781839 0.742200 0.627266 0.764321 0.758733 0.736777 0.886155 0.999678 0.944047 0.826588 0.660973 0.752705 0.966145 0.918350 0.997089 0.942332 0.985373 0.947379 0.791062 0.843510 0.884650 0.976525 0.976705 0.750671 0.950095 0.776760 0.931628 0.885659 0.844641 0.982376 0.729390 0.890636 0.988273 0.928061 0.966330 0.888372 0.895172 0.842886 0.990095 0.751754 0.797751 0.811380 0.990840 0.814553 0.963479 0.994558 0.947129 0.955669 0.970746 0.872617 0.972420 0.947641 0.961778 0.757899
0.542883 0.553737 0.807922 0.662651 0.652678 0.853621 0.649027 0.764460 0.677419 0.616921 0.429043 0.423019 0.460245 0.395939 0.501915 0.661621 0.369544 0.322664 0.402563 0.438198 0.712104 0.984455 0.688057 0.931336 0.485125 0.444425 0.909143 0.698820 0.000000 0.264572 0.980605 0.756073 0.480662 0.500644 0.841901 0.854845 0.916821 0.998174 0.600647 0.733528 0.931043 0.916120 0.975026 0.852572 0.592065 0.645900 0.862973 0.800737 0.456901 0.611521 0.700967 0.806669 0.770661 0.864983 0.941163 0.880181 0.409923 0.510259 0.708796 0.815434 0.468201 0.449081 0.354304 0.335582 0.730096 0.866747 0.911049 0.847267 0.817533 0.738561 0.918809 0.997548 0.711325 0.789136 0.893701 0.700924 0.925771 0.758484 0.526110 0.540240 0.417164 0.546221 0.525014 0.699035 0.681451 0.993153 0.869130 0.622954 0.862734 0.910078 0.784223 0.777375 0.559909 0.597236 0.860590 0.928652 0.763538 0.813956 0.630454 0.656482 0.931237 0.859521 0.638205 0.618340 0.978503 0.856559 0.923842 0.894575 0.905785 0.832032 0.795543 0.589581 0.896715 0.715382 0.933565 0.597438
0.468209 0.499531 0.809607 0.702085 0.674621 0.806236 0.646726 0.730451 0.696418 0.650899 0.351258 0.382106 0.469594 0.463118 0.584430 0.766493 0.301721 0.275337 0.344577 0.330721 0.661531 0.935523 0.729542 0.897389 0.487046 0.421101 0.875948 0.604096 0.264572 0.000000 0.937923 0.767975 0.542455 0.547672 0.706783 0.761245 0.942210 0.958077 0.583824 0.715224 0.941289 0.877022 0.913389 0.974614 0.759500 0.793547 0.930299 0.870348 0.538723 0.665188 0.808335 0.888694 0.916307 0.969347 0.928479 0.894487 0.336626 0.441549 0.735246 0.793809 0.481587 0.451414 0.373224 0.331223 0.705063 0.902457 0.864745 0.773190 0.709905 0.676620 0.904288 0.990899 0.581155 0.767769 0.818827 0.764274 0.990211 0.747929 0.532584 0.538306 0.336148 0.423720 0.533992 0.637843 0.650105 0.989208 0.810635 0.595015 0.837947 0.902455 0.722887 0.729929 0.528799 0.593274 0.777519 0.941853 0.729926 0.849790 0.735909 0.762999 0.876170 0.795185 0.642087 0.622877 0.998572 0.882931 0.859830 0.873333 0.976019 0.814948 0.858129 0.673529 0.977241 0.777758 0.943964 0.560647
0.897577 0.825096 0.800951 0.800786 0.844896 0.985107 0.742837 0.874599 0.809603 0.762840 0.850388 0.846615 0.962740 0.927255 0.706762 0.683398 0.864631 0.848346 0.950097 0.898086 0.826750 0.977212 0.670788 0.774596 0.812607 0.826145 0.825353 0.966415 0.980605 0.937923 0.000000 0.631830 0.825192 0.889297 0.941532 0.782445 0.779621 0.935715 0.976888 0.971842 0.998110 0.959515 0.809328 0.780677 0.866202 0.791296 0.975098 0.865379 0.949628 0.847800 0.867927 0.894348 0.679042 0.670922 0.997853 0.929569 0.828147 0.816041 0.989316 0.971185 0.957426 0.922690 0.958626 0.913347 0.894275 0.898263 0.869738 0.965841 0.738240 0.835159 0.781802 0.766988 0.897883 0.976541 0.826605 0.829552 0.707832 0.943002 0.944182 0.992504 0.849139 0.731415 0.994088 0.843109 0.942394 0.947931 0.910239 0.919780 0.986001 0.938183 0.770441 0.766952 0.817894 0.800107 0.916767 0.949219 0.946252 0.914450 0.889406 0.806580 0.911021 0.876022 0.899019 0.994345 0.859553 0.886524 0.909072 0.773507 0.921087 0.943287 0.852758 0.871307 0.897738 0.790086 0.994726 0.897490
0.999032 0.913059 0.999809 0.943289 0.956157 0.857671 0.600646 0.766620 0.695236 0.603996 0.933908 0.976661 0.816467 0.709130 0.647506 0.726034 0.935078 0.923609 0.787600 0.902219 0.849951 0.952072 0.730325 0.875383 0.796900 0.944956 0.884682 0.924111 0.756073 0.767975 0.631830 0.000000 0.780830 0.775560 0.909279 0.882187 0.974923 0.952015 0.814368 0.747408 0.997358 0.910399 0.769060 0.692006 0.693820 0.680014 0.910952 0.814697 0.778247 0.768026 0.834255 0.923778 0.670700 0.669505 0.993191 0.973250 0.971263 0.880967 0.965870 0.965528 0.895310 0.990120 0.933255 0.943499 0.853593 0.855766 0.947255 0.981588 0.809205 0.844736 0.742121 0.598950 0.765348 0.798554 0.952835 0.708933 0.787521 0.704244 0.848263 0.895742 0.990945 0.875255 0.944494 0.898007 0.945490 0.923987 0.823042 0.937840 0.921554 0.988433 0.730789 0.727887 0.849995 0.870627 0.939269 0.982321 0.987678 0.932179 0.608014 0.630707 0.934760 0.657246 0.610000 0.741083 0.876021 0.997397 0.730721 0.771283 0.886665 0.928806 0.788100 0.759038 0.812700 0.774804 0.854335 0.784788
0.442023 0.503340 0.800600 0.986421 0.790237 0.954280 0.563234 0.699801 0.877519 0.964107 0.487114 0.481914 0.398485 0.415604 0.516086 0.647730 0.465283 0.472256 0.454363 0.519790 0.978914 0.813497 0.629089 0.834171 0.926041 0.828430 0.995916 0.946390 0.480662 0.542455 0.825192 0.780830 0.000000 0.381890 0.772688 0.967929 0.799848 0.947940 0.941868 0.974007 0.805410 0.936000 0.942863 0.850726 0.761888 0.699018 0.681032 0.685178 0.671325 0.590296 0.560361 0.608680 0.737161 0.963616 0.639402 0.654374 0.491495 0.518885 0.484364 0.607603 0.382457 0.443807 0.352390 0.404494 0.837250 0.818944 0.652315 0.768483 0.747783 0.659240 0.922428 0.927451 0.742399 0.865213 0.775634 0.756489 0.872319 0.833802 0.543343 0.596733 0.471349 0.560553 0.556674 0.555770 0.477538 0.624121 0.765831 0.705107 0.673910 0.725820 0.855334 0.640224 0.771106 0.539249 0.924530 0.957764 0.481994 0.959769 0.714593 0.782665 0.981058 0.958407 0.702556 0.784354 0.841634 0.778283 0.858865 0.950743 0.970854 0.742076 0.768189 0.690378 0.943873 0.715492 0.764846 0.708406
0.443459 0.484147 0.720206 0.831254 0.781233 0.876984 0.448035 0.472645 0.818223 0.849639 0.426032 0.426106 0.384068 0.391117 0.659060 0.634074 0.493920 0.553054 0.398501 0.494724 0.989863 0.895341 0.817815 0.857845 0.900264 0.893677 0.901634 0.868868 0.500644 0.547672 0.889297 0.775560 0.381890 0.000000 0.949791 0.984532 0.852584 0.931564 0.978502 0.902503 0.829966 0.949003 0.725827 0.675131 0.700682 0.510161 0.575511 0.459862 0.535061 0.491911 0.416991 0.491544 0.749023 0.920893 0.599579 0.581378 0.536958 0.537975 0.386498 0.504726 0.333779 0.343174 0.414918 0.450755 0.862424 0.675463 0.563300 0.660719 0.799117 0.625919 0.833280 0.984059 0.736104 0.786956 0.685101 0.770588 0.678093 0.782377 0.579604 0.584381 0.512330 0.607177 0.585649 0.669263 0.591243 0.588749 0.865702 0.856214 0.735198 0.676694 0.990336 0.792960 0.914722 0.688722 0.935353 0.877313 0.600505 0.903604 0.628543 0.670463 0.787091 0.933470 0.622108 0.660661 0.817737 0.701347 0.948940 0.930050 0.971911 0.731621 0.677108 0.537906 0.762565 0.580564 0.706814 0.733259
0.966086 0.954470 0.779367 0.869491 0.923753 0.754850 0.890268 0.908650 0.847673 0.632193 0.915490 0.996749 0.986756 0.915518 0.998767 0.919706 0.883204 0.870431 0.846595 0.846653 0.819969 0.898037 0.942997 0.772269 0.634714 0.667196 0.954993 0.701937 0.841901 0.706783 0.941532 0.909279 0.772688 0.949791 0.000000 0.758406 0.777125 0.917177 0.634497 0.774000 0.806070 0.956776 0.936490 0.944178 0.904285 0.915634 0.882090 0.932652 0.733145 0.912082 0.916426 0.876669 0.915170 0.975550 0.783587 0.852031 0.893322 0.964131 0.899125 0.950859 0.988976 0.983001 0.965325 0.960726 0.671369 0.805205 0.673645 0.634796 0.966537 0.981022 0.964957 0.896647 0.726968 0.886461 0.962554 0.958961 0.958461 0.998995 0.982817 0.912772 0.893884 0.950178 0.972290 0.894180 0.857278 0.733325 0.998305 0.976089 0.914788 0.824078 0.985567 0.817111 0.900908 0.914446 0.867366 0.971250 0.911869 0.929406 0.870794 0.844853 0.924185 0.824254 0.893219 0.880241 0.888789 0.745852 0.917277 0.987724 0.929028 0.969510 0.941931 0.833125 0.936393 0.979436 0.910386 0.937893
0.820794 0.865639 0.925045 0.915077 0.907763 0.765064 0.865018 0.967553 0.823517 0.928584 0.805519 0.884619 0.873809 0.978114 0.878650 0.971677 0.796345 0.841327 0.832064 0.835385 0.941017 0.918155 0.905784 0.871034 0.800158 0.790188 0.794721 0.871567 0.854845 0.761245 0.782445 0.882187 0.967929 0.984532 0.758406 0.000000 0.896636 0.791693 0.798823 0.811370 0.912111 0.943876 0.898155 0.939167 0.967567 0.998515 0.943977 0.931296 0.862371 0.892913 0.922125 0.950606 0.990089 0.916465 0.955191 0.944656 0.759061 0.805251 0.986542 0.982555 0.865096 0.886406 0.844637 0.846707 0.985543 0.939918 0.770853 0.794546 0.805006 0.878879 0.845268 0.994124 0.840725 0.932317 0.863989 0.889374 0.813216 0.849437 0.820570 0.957469 0.761725 0.783201 0.987104 0.855026 0.866825 0.992421 0.906895 0.973154 0.989938 0.976429 0.836200 0.942160 0.730785 0.861421 0.812484 0.982507 0.986821 0.875621 0.950877 0.866927 0.888822 0.952555 0.990743 0.836619 0.859931 0.796111 0.931746 0.915362 0.975684 0.982051 0.965241 0.972166 0.941181 0.986910 0.990105 0.784028
0.786182 0.760019 0.515289 0.586740 0.797051 0.831787 0.922007 0.725661 0.766434 0.720357 0.988656 0.828527 0.928388 0.916776 0.948851 0.858602 0.976246 0.991953 0.987473 0.914047 0.810641 0.919845 0.973481 0.715315 0.575017 0.648078 0.770046 0.947993 0.916821 0.942210 0.779621 0.974923 0.799848 0.852584 0.777125 0.896636 0.000000 0.734813 0.616360 0.814314 0.845884 0.911258 0.821288 0.888216 0.786635 0.978934 0.652775 0.771635 0.882609 0.958725 0.836629 0.800177 0.967639 0.810638 0.613615 0.800901 0.864752 0.787935 0.779581 0.724846 0.882976 0.861300 0.905477 0.942596 0.589407 0.611994 0.651657 0.691164 0.749178 0.751750 0.970747 0.955824 0.839980 0.959627 0.816898 0.862831 0.781990 0.978746 0.831717 0.994004 0.915487 0.871174 0.757990 0.833216 0.790481 0.547230 0.795609 0.946811 0.765959 0.770448 0.931779 0.849337 0.929880 0.969035 0.989772 0.808285 0.809996 0.833655 0.890133 0.937193 0.947305 0.784280 0.971241 0.956841 0.625084 0.716739 0.995577 0.825169 0.940870 0.737100 0.900728 0.997877 0.981135 0.902265 0.728302 0.972197
0.926333 0.885378 0.859757 0.820401 0.949831 0.932110 0.975267 0.775888 0.833498 0.875948 0.927517 0.840077 0.982128 0.845277 0.859909 0.913747 0.949668 0.888767 0.982676 0.818207 0.885433 0.857845 0.828200 0.838962 0.825462 0.875953 0.837502 0.914352 0.998174 0.958077 0.935715 0.952015 0.947940 0.931564 0.917177 0.791693 0.734813 0.000000 0.720167 0.853021 0.989358 0.903335 0.814480 0.905294 0.964121 0.987171 0.819134 0.924647 0.901923 0.843218 0.891088 0.951939 0.802950 0.842061 0.855976 0.892140 0.889510 0.892510 0.972494 0.982853 0.966690 0.904163 0.973323 0.954752 0.848218 0.693309 0.807445 0.772709 0.914876 0.898090 0.858261 0.859518 0.933001 0.945271 0.998343 0.827597 0.912218 0.766825 0.863434 0.935929 0.958166 0.934634 0.869790 0.900650 0.943255 0.772951 0.863393 0.966048 0.726881 0.924100 0.969278 0.986753 0.899609 0.834990 0.926597 0.778197 0.865421 0.866226 0.994911 0.882955 0.814259 0.997237 0.952730 0.954625 0.583596 0.709234 0.926709 0.982151 0.938857 0.922913 0.934559 0.998265 0.866390 0.936118 0.745563 0.957451
