0.000000 0.429701 0.598826 0.665955 0.932223 0.703679 0.775178 0.672799 0.762008 0.723275 0.506041 0.619025 0.884491 0.839222 0.851512 0.933729 0.499835 0.399654 0.870399 0.743175 0.967104 0.992648 0.963634 0.972472 0.720327 0.743294 0.952067 0.786255 0.579018 0.639811 0.904204 0.966889 0.836363 0.728222 0.952544 0.935709 0.997110 0.820776 0.917860 0.964823 0.703949 0.700036 0.980996 0.732666 0.735760 0.585365 0.669499 0.601116 0.577805 0.600230 0.605311 0.626199 0.724164 0.950978 0.675446 0.723281 0.374696 0.421155 0.480924 0.457406 0.627410 0.920760 0.413020 0.391548 0.774507 0.759670 0.977463 0.926651 0.539945 0.524601 0.600150 0.613866 0.965189 0.953948 0.825980 0.935211 0.814516 0.836604 0.585743 0.721100 0.339636 0.410641 0.566000 0.425367 0.662964 0.778924 0.870736 0.687254 0.803178 0.676053 0.502467 0.510054 0.506124 0.482306 0.847381 0.805862 0.934615 0.914304 0.886154 0.801333 0.769765 0.824169 0.992920 0.741893 0.962620 0.980782 0.972218 0.938052 0.907243 0.884034 0.823971 0.976794 0.961925 0.845862 0.875757 0.863005
0.429701 0.000000 0.609466 0.776054 0.860922 0.829154 0.733197 0.718636 0.609123 0.546126 0.679290 0.651492 0.966660 0.880401 0.910212 0.917900 0.543656 0.464569 0.969064 0.872025 0.941992 0.997093 0.900225 0.932249 0.914830 0.935815 0.963933 0.644912 0.713177 0.786727 0.878384 0.939602 0.801565 0.735647 0.863368 0.840167 0.923167 0.930847 0.964153 0.793698 0.631051 0.670081 0.864353 0.648844 0.727135 0.553768 0.548914 0.570804 0.646222 0.614626 0.563788 0.555592 0.716506 0.947443 0.577201 0.709809 0.364524 0.361351 0.415771 0.431893 0.751815 0.938150 0.443070 0.438530 0.835036 0.885192 0.856512 0.738414 0.591926 0.535632 0.640438 0.602843 0.981987 0.975630 0.827202 0.995671 0.852019 0.968697 0.645061 0.628090 0.406411 0.432350 0.553726 0.418839 0.644881 0.607260 0.820319 0.715335 0.966923 0.623652 0.585021 0.552646 0.661979 0.538528 0.800668 0.805912 0.974880 0.855381 0.828182 0.790356 0.883755 0.791437 0.973654 0.841501 0.977084 0.907698 0.944799 0.935504 0.998204 0.872924 0.804053 0.941700 0.976172 0.818183 0.772002 0.859463
0.598826 0.609466 0.000000 0.502565 0.929786 0.801716 0.533120 0.544145 0.678372 0.704925 0.780229 0.922925 0.768139 0.837749 0.948716 0.795140 0.568278 0.558844 0.852109 0.957383 0.906803 0.908761 0.705106 0.692418 0.607357 0.762027 0.961159 0.810446 0.792916 0.813111 0.696734 0.787772 0.815419 0.984377 0.902019 0.900802 0.938991 0.983176 0.823457 0.963505 0.760172 0.899204 0.818350 0.971105 0.991106 0.796999 0.844062 0.929776 0.717412 0.809012 0.785521 0.842903 0.976370 0.857748 0.773054 0.905248 0.571220 0.474148 0.564449 0.625265 0.939918 0.756099 0.494375 0.527990 0.576391 0.688141 0.810270 0.986694 0.679733 0.618252 0.588797 0.607551 0.853872 0.793587 0.893064 0.791181 0.777626 0.701907 0.760876 0.870087 0.524979 0.606932 0.718823 0.632959 0.913898 0.983724 0.881610 0.816610 0.809979 0.965713 0.564697 0.565235 0.577370 0.549022 0.894106 0.723768 0.794249 0.778098 0.663745 0.616197 0.779634 0.739380 0.955491 0.808001 0.857570 0.994481 0.749761 0.822705 0.923538 0.951806 0.740743 0.948575 0.965045 0.787932 0.977434 0.951685
0.665955 0.776054 0.502565 0.000000 0.866723 0.811649 0.717849 0.387671 0.859999 0.816787 0.745729 0.822129 0.906656 0.986021 0.674750 0.926382 0.633907 0.593689 0.998969 0.938635 0.990542 0.964470 0.965053 0.867015 0.587602 0.621066 0.914880 0.971830 0.559595 0.681151 0.882233 0.834996 0.945513 0.942026 0.977372 0.861265 0.943985 0.971262 0.808862 0.800008 0.887761 0.934088 0.855497 0.997277 0.800655 0.784868 0.877925 0.972793 0.687980 0.836788 0.782944 0.891452 0.929146 0.964434 0.791039 0.942352 0.665227 0.616603 0.747280 0.830456 0.711386 0.972162 0.556753 0.555452 0.848935 0.684004 0.753914 0.813395 0.776438 0.740956 0.634217 0.677794 0.966031 0.916088 0.876543 0.890472 0.785303 0.729039 0.802544 0.897918 0.594553 0.661728 0.579200 0.672699 0.718031 0.944124 0.759527 0.689625 0.974739 0.961793 0.611940 0.616203 0.565989 0.605170 0.915624 0.837491 0.763681 0.701422 0.940299 0.820921 0.781381 0.859523 0.842000 0.839348 0.861509 0.846412 0.766255 0.791741 0.809328 0.919548 0.815651 0.774444 0.970682 0.932628 0.967268 0.865783
0.932223 0.860922 0.929786 0.866723 0.000000 0.904502 0.745424 0.943804 0.745449 0.827349 0.960006 0.866098 0.649299 0.799020 0.728266 0.659175 0.983074 0.987532 0.773867 0.959717 0.769052 0.991763 0.645564 0.687426 0.985404 0.820354 0.958735 0.800452 0.926042 0.954094 0.990066 0.916194 0.875946 0.983331 0.938280 0.972604 0.788030 0.875800 0.779157 0.754772 0.953815 0.836013 0.893351 0.741288 0.966030 0.821182 0.891962 0.868972 0.864244 0.837244 0.875121 0.944568 0.950509 0.957941 0.913557 0.989929 0.799005 0.842199 0.899727 0.831497 0.701703 0.770532 0.960121 0.998254 0.698250 0.830365 0.960516 0.864371 0.809854 0.722179 0.867947 0.946377 0.987331 0.921380 0.914032 0.975617 0.881436 0.990133 0.927005 0.929224 0.846677 0.928069 0.893926 0.865030 0.706818 0.916674 0.807846 0.824850 0.966354 0.963096 0.746547 0.787254 0.883196 0.798469 0.894800 0.998911 0.900178 0.798020 0.835649 0.700729 0.947441 0.809857 0.874520 0.888805 0.914644 0.984841 0.981353 0.804656 0.985847 0.832214 0.882312 0.923727 0.986125 0.924737 0.943282 0.850313
0.703679 0.829154 0.801716 0.811649 0.904502 0.000000 0.893560 0.916255 0.978232 0.999800 0.818346 0.896157 0.931233 0.967754 0.998437 0.809401 0.877225 0.851195 0.891661 0.871683 0.821976 0.845881 0.938175 0.836141 0.604915 0.591478 0.995154 0.776263 0.797627 0.737233 0.931490 0.931590 0.897141 0.923942 0.713452 0.827106 0.991795 0.996765 0.770148 0.835257 0.904236 0.922615 0.960749 0.742344 0.805201 0.673991 0.951258 0.697855 0.602791 0.571519 0.770485 0.834215 0.790158 0.847886 0.818953 0.989506 0.657573 0.807258 0.865356 0.699946 0.985789 0.995216 0.816929 0.796016 0.640938 0.535037 0.607749 0.688529 0.628585 0.628484 0.763910 0.957643 0.918481 0.962858 0.962869 0.927481 0.842237 0.781991 0.835146 0.901601 0.701118 0.801457 0.987512 0.852188 0.939545 0.725204 0.902693 0.937258 0.991595 0.932035 0.598867 0.699129 0.560746 0.660209 0.930314 0.801836 0.882930 0.951712 0.925104 0.830583 0.807053 0.964354 0.924301 0.780885 0.800615 0.816022 0.817173 0.986542 0.908256 0.901297 0.942474 0.875732 0.758998 0.954551 0.913815 0.723643
0.775178 0.733197 0.533120 0.717849 0.745424 0.893560 0.000000 0.512702 0.606296 0.487373 0.993516 0.961280 0.538496 0.804622 0.733864 0.696149 0.856575 0.838806 0.507070 0.793100 0.694820 0.897856 0.514279 0.731275 0.929747 0.815732 0.856605 0.787119 0.913168 0.836917 0.751606 0.623231 0.738518 0.902108 0.873497 0.929616 0.783395 0.815699 0.833309 0.742511 0.832560 0.853652 0.903262 0.788644 0.890707 0.725072 0.657407 0.866513 0.727801 0.829311 0.635964 0.725974 0.933485 0.951317 0.817431 0.783301 0.667534 0.627983 0.623527 0.698383 0.833821 0.788509 0.753917 0.789343 0.686913 0.989770 0.957329 0.693955 0.688958 0.630176 0.740985 0.636674 0.736314 0.794163 0.792035 0.878048 0.881871 0.857106 0.780996 0.982840 0.760104 0.805826 0.790301 0.736914 0.877023 0.845481 0.963620 0.910178 0.794514 0.931150 0.597087 0.571807 0.694303 0.621917 0.951552 0.929149 0.956031 0.908124 0.756154 0.653917 0.902915 0.611005 0.867254 0.757860 0.992378 0.922523 0.801436 0.878563 0.890355 0.940432 0.860200 0.999484 0.995110 0.810305 0.809417 0.880762
0.672799 0.718636 0.544145 0.387671 0.943804 0.916255 0.512702 0.000000 0.768369 0.565917 0.889744 0.911951 0.974265 0.955800 0.793088 0.967634 0.770559 0.713339 0.777777 0.924237 0.800332 0.949065 0.948952 0.893443 0.800749 0.891863 0.834241 0.819762 0.810035 0.935624 0.922172 0.726504 0.991280 0.971477 0.800199 0.950630 0.872801 0.848993 0.962057 0.959247 0.834918 0.911284 0.868977 0.820927 0.628785 0.629320 0.695067 0.806187 0.603771 0.782185 0.604854 0.696166 0.846767 0.881809 0.825689 0.808650 0.660117 0.603393 0.671834 0.798461 0.858827 0.903464 0.674659 0.678738 0.949327 0.864260 0.972767 0.904892 0.742472 0.667284 0.729628 0.596882 0.850744 0.942497 0.768876 0.995184 0.896833 0.847918 0.742360 0.930112 0.695955 0.731463 0.523587 0.627165 0.728368 0.752566 0.694066 0.828860 0.990490 0.911748 0.623058 0.628642 0.648101 0.624105 0.882026 0.913045 0.795253 0.876640 0.992810 0.863744 0.788837 0.781046 0.937200 0.755022 0.925560 0.946570 0.810510 0.851491 0.896569 0.997450 0.808084 0.793457 0.897817 0.859354 0.830644 0.904013
0.762008 0.609123 0.678372 0.859999 0.745449 0.978232 0.606296 0.768369 0.000000 0.425977 0.950472 0.966192 0.619202 0.811506 0.762463 0.597381 0.766641 0.678695 0.583838 0.849818 0.874033 0.938909 0.569250 0.695646 0.964851 0.896193 0.942101 0.656798 0.995831 0.917243 0.662007 0.787313 0.973190 0.972895 0.980513 0.988877 0.901623 0.916020 0.818758 0.755578 0.731001 0.817381 0.941927 0.937682 0.895382 0.908836 0.715716 0.791642 0.992560 0.954415 0.871057 0.938781 0.841984 0.641906 0.722793 0.921323 0.595309 0.554868 0.641054 0.658013 0.976632 0.749651 0.646220 0.688658 0.744384 0.927619 0.895495 0.638142 0.737968 0.712504 0.625972 0.687074 0.845557 0.858748 0.921244 0.892713 0.751812 0.819818 0.825212 0.882291 0.679400 0.685160 0.816091 0.603647 0.990263 0.707059 0.988882 0.999192 0.890104 0.992808 0.653939 0.575056 0.829250 0.646300 0.916417 0.896571 0.963738 0.980865 0.652309 0.583690 0.946556 0.605387 0.912029 0.978247 0.918888 0.940707 0.811614 0.875218 0.890068 0.863189 0.891488 0.872504 0.895777 0.872786 0.874170 0.875465
0.723275 0.546126 0.704925 0.816787 0.827349 0.999800 0.487373 0.565917 0.425977 0.000000 0.976838 0.891945 0.724440 0.952446 0.864541 0.755708 0.864577 0.763810 0.553051 0.802947 0.745580 0.948783 0.687308 0.870467 0.859125 0.782787 0.961442 0.618485 0.916301 0.779184 0.775779 0.733925 0.945719 0.982623 0.757091 0.832734 0.784789 0.868733 0.799985 0.647541 0.774574 0.776941 0.768049 0.733250 0.796538 0.680510 0.493643 0.672811 0.834755 0.857684 0.602351 0.656806 0.942789 0.920649 0.745560 0.744792 0.561681 0.535887 0.568124 0.643332 0.975408 0.849118 0.689647 0.726466 0.947591 0.816439 0.729085 0.530235 0.739984 0.653174 0.674141 0.616341 0.718800 0.865614 0.902314 0.973098 0.792396 0.926792 0.798449 0.835387 0.709469 0.712514 0.690044 0.579337 0.819111 0.513031 0.884736 0.993805 0.916911 0.844486 0.669360 0.560945 0.822223 0.607292 0.923908 0.923549 0.984600 0.976771 0.845020 0.757546 0.960953 0.648176 0.988199 0.848219 0.842817 0.860526 0.930203 0.903102 0.969992 0.925088 0.877432 0.979056 0.961831 0.862978 0.699930 0.968259
0.506041 0.679290 0.780229 0.745729 0.960006 0.818346 0.993516 0.889744 0.950472 0.976838 0.000000 0.595586 0.717985 0.787779 0.762082 0.900527 0.519514 0.439257 0.728587 0.670658 0.904489 0.995272 0.963854 0.919500 0.689561 0.675205 0.998882 0.982001 0.500106 0.479139 0.955465 0.866166 0.724434 0.687478 0.886315 0.930566 0.913028 0.908112 0.871505 0.911420 0.842850 0.793286 0.769198 0.941836 0.954629 0.884330 0.997148 0.884579 0.830793 0.837526 0.877943 0.916574 0.885474 0.855211 0.811079 0.842472 0.596805 0.602247 0.716602 0.659842 0.556886 0.731997 0.527587 0.451632 0.822680 0.778102 0.950139 0.920163 0.669898 0.717628 0.745694 0.770250 0.960442 0.934330 0.930485 0.877999 0.805967 0.808183 0.710590 0.769658 0.524757 0.459491 0.744341 0.571633 0.795733 0.951919 0.920760 0.616889 0.851396 0.752296 0.597904 0.602613 0.580541 0.580782 0.867388 0.839731 0.918895 0.901224 0.820396 0.794690 0.823183 0.925289 0.894314 0.862909 0.882941 0.991374 0.889100 0.766659 0.819070 0.895526 0.800697 0.902412 0.916504 0.905377 0.958331 0.974619
0.619025 0.651492 0.922925 0.822129 0.866098 0.896157 0.961280 0.911951 0.966192 0.891945 0.595586 0.000000 0.751860 0.611092 0.813293 0.783240 0.628483 0.604661 0.876839 0.769006 0.817401 0.982503 0.921402 0.812111 0.907670 0.874533 0.983559 0.984209 0.588964 0.748011 0.976840 0.985777 0.658000 0.721520 0.813369 0.879713 0.972037 0.923664 0.971247 0.994534 0.875112 0.787133 0.909669 0.902508 0.870399 0.847301 0.780044 0.899541 0.876495 0.802461 0.763061 0.791627 0.848360 0.999341 0.788919 0.740884 0.649612 0.722272 0.681713 0.762055 0.575693 0.597527 0.611493 0.570331 0.960268 0.959562 0.859829 0.897373 0.792275 0.811205 0.781183 0.830612 0.981082 0.920179 0.799135 0.876944 0.818337 0.875399 0.794499 0.802600 0.670393 0.577112 0.711822 0.630397 0.740114 0.768080 0.963360 0.702559 0.897835 0.659109 0.767219 0.699843 0.745396 0.698064 0.876718 0.889377 0.854167 0.837089 0.913418 0.962906 0.975229 0.989198 0.904398 0.946443 0.931956 0.902524 0.975314 0.840441 0.924503 0.963364 0.751883 0.956497 0.770490 0.949705 0.888089 0.944353
0.884491 0.966660 0.768139 0.906656 0.649299 0.931233 0.538496 0.974265 0.619202 0.724440 0.717985 0.751860 0.000000 0.536929 0.400999 0.393043 0.949139 0.871186 0.456896 0.644793 0.819000 0.944235 0.391965 0.560929 0.984544 0.754231 0.999792 0.882563 0.685728 0.667855 0.724902 0.710153 0.549730 0.744190 0.912843 0.934521 0.833969 0.982040 0.821020 0.841859 0.935336 0.975538 0.940480 0.951815 0.706487 0.916266 0.981571 0.987107 0.920117 0.934961 0.979508 0.917024 0.786526 0.870671 0.874170 0.957967 0.958293 0.897674 0.881996 0.821473 0.535912 0.636085 0.996378 0.919532 0.582234 0.998533 0.982915 0.802884 0.882926 0.854463 0.869569 0.953162 0.819359 0.780736 0.964764 0.864968 0.879535 0.850710 0.946331 0.989060 0.982401 0.947523 0.838409 0.945256 0.608099 0.909096 0.854400 0.714702 0.721329 0.887078 0.840938 0.838547 0.939752 0.910511 0.972428 0.984163 0.951412 0.853431 0.704982 0.612027 0.949785 0.654347 0.932045 0.971949 0.883914 0.995660 0.954692 0.950114 0.942123 0.945854 0.963970 0.848518 0.943578 0.923322 0.910950 0.963603
0.839222 0.880401 0.837749 0.986021 0.799020 0.967754 0.804622 0.955800 0.811506 0.952446 0.787779 0.611092 0.536929 0.000000 0.562586 0.521682 0.959575 0.954778 0.693015 0.705367 0.819567 0.806715 0.528368 0.512803 0.922260 0.920764 0.930062 0.988105 0.745898 0.832612 0.822710 0.792810 0.583044 0.760238 0.715884 0.781051 0.852874 0.943239 0.912251 0.900188 0.946903 0.922567 0.858405 0.843344 0.683862 0.776640 0.974936 0.816511 0.812067 0.730763 0.839782 0.687775 0.725430 0.724691 0.980230 0.921091 0.919012 0.983491 0.877731 0.928047 0.708637 0.610749 0.979674 0.931243 0.651037 0.894859 0.852138 0.977501 0.962842 0.952136 0.973467 0.886414 0.975746 0.835076 0.801839 0.749147 0.887009 0.864949 0.870133 0.949275 0.994021 0.922530 0.728469 0.820562 0.643473 0.757294 0.908368 0.761302 0.806800 0.664312 0.988791 0.986193 0.985882 0.958663 0.963455 0.973025 0.989978 0.829392 0.908324 0.721257 0.994804 0.890191 0.876345 0.998650 0.813584 0.863115 0.933233 0.983240 0.988178 0.918677 0.877624 0.941151 0.981427 0.982718 0.856386 0.942508
0.851512 0.910212 0.948716 0.674750 0.728266 0.998437 0.733864 0.793088 0.762463 0.864541 0.762082 0.813293 0.400999 0.562586 0.000000 0.449450 0.918001 0.795814 0.590837 0.723970 0.842990 0.899628 0.400538 0.656556 0.935966 0.746049 0.829114 0.963308 0.575378 0.636542 0.779187 0.792308 0.577205 0.793383 0.884809 0.976496 0.892918 0.927980 0.801316 0.808168 0.986280 0.988123 0.927713 0.924204 0.652364 0.812054 0.993950 0.949800 0.781907 0.803730 0.928683 0.837418 0.793016 0.826764 0.951144 0.982806 0.935900 0.943331 0.980248 0.944154 0.634339 0.800591 0.909820 0.842325 0.611017 0.857731 0.937355 0.725487 0.905235 0.955749 0.950152 0.889055 0.788880 0.837476 0.880483 0.952799 0.947742 0.902836 0.894809 0.919076 0.896145 0.877379 0.666049 0.854571 0.520059 0.846970 0.760036 0.636080 0.803244 0.834363 0.976201 0.961918 0.899821 0.964416 0.976881 0.929168 0.820830 0.722968 0.828662 0.699139 0.871742 0.854669 0.870531 0.993463 0.872637 0.959844 0.916014 0.914390 0.960671 0.941824 0.969809 0.813281 0.988135 0.987204 0.863810 0.919377
0.933729 0.917900 0.795140 0.926382 0.659175 0.809401 0.696149 0.967634 0.597381 0.755708 0.900527 0.783240 0.393043 0.521682 0.449450 0.000000 0.910868 0.976385 0.643486 0.719595 0.911469 0.933495 0.427759 0.505299 0.866740 0.933503 0.896423 0.948656 0.794500 0.831498 0.701601 0.787694 0.625802 0.864957 0.841250 0.884089 0.903097 0.990152 0.848455 0.915829 0.958845 0.992175 0.862244 0.943018 0.712283 0.937012 0.971612 0.899156 0.934894 0.955619 0.983146 0.900288 0.773280 0.749277 0.849455 0.929269 0.827133 0.811869 0.820047 0.716282 0.762956 0.736729 0.856915 0.911280 0.526665 0.940016 0.937457 0.837429 0.715844 0.761146 0.786379 0.906637 0.845022 0.802044 0.859463 0.827958 0.794850 0.796451 0.960391 0.920554 0.804377 0.919310 0.814623 0.975471 0.676243 0.897446 0.924905 0.766530 0.913145 0.853226 0.744761 0.731795 0.829409 0.766462 0.862824 0.923090 0.937942 0.794981 0.689667 0.560335 0.913186 0.714499 0.983751 0.947081 0.845064 0.968848 0.925273 0.994752 0.931724 0.969219 0.942987 0.804733 0.885014 0.952691 0.842102 0.918151
0.499835 0.543656 0.568278 0.633907 0.983074 0.877225 0.856575 0.770559 0.766641 0.864577 0.519514 0.628483 0.949139 0.959575 0.918001 0.910868 0.000000 0.358713 0.897113 0.805865 0.961678 0.972246 0.835639 0.795705 0.617968 0.675951 0.966258 0.886000 0.598101 0.517448 0.859004 0.954836 0.889154 0.707058 0.961718 0.996080 0.995903 0.942223 0.913305 0.940640 0.756294 0.839746 0.720715 0.940094 0.981476 0.869471 0.859281 0.934942 0.880030 0.880782 0.853289 0.946528 0.941156 0.713122 0.731036 0.805593 0.510237 0.466189 0.595881 0.661543 0.605531 0.970790 0.363576 0.378249 0.646682 0.778528 0.905790 0.958209 0.611585 0.636092 0.650110 0.743680 0.932820 0.929574 0.893875 0.948202 0.801347 0.747748 0.672608 0.682596 0.395298 0.411000 0.700637 0.553508 0.821283 0.909116 0.887345 0.617318 0.880546 0.846708 0.598562 0.556636 0.552171 0.513285 0.767192 0.768013 0.972609 0.910162 0.775243 0.688905 0.781309 0.856729 0.945813 0.821974 0.830924 0.974089 0.829636 0.749080 0.919361 0.926814 0.883343 0.941520 0.905516 0.965707 0.984167 0.905392
0.399654 0.464569 0.558844 0.593689 0.987532 0.851195 0.838806 0.713339 0.678695 0.763810 0.439257 0.604661 0.871186 0.954778 0.795814 0.976385 0.358713 0.000000 0.882756 0.767031 0.894671 0.974629 0.932927 0.905403 0.683615 0.645177 0.990979 0.793322 0.536239 0.508331 0.902915 0.975331 0.798860 0.725346 0.952756 0.998703 0.974763 0.956021 0.918047 0.971484 0.702030 0.759998 0.765892 0.912215 0.942557 0.807322 0.771148 0.800446 0.796108 0.825771 0.798919 0.865637 0.961975 0.725893 0.633074 0.846310 0.395918 0.373001 0.547879 0.549236 0.535808 0.956832 0.319919 0.303145 0.727130 0.746904 0.928293 0.960993 0.574189 0.629504 0.562866 0.630365 0.987080 0.921258 0.883179 0.833653 0.763445 0.775086 0.615630 0.675290 0.349250 0.316107 0.585416 0.422483 0.694669 0.788671 0.792616 0.570817 0.900327 0.800031 0.508851 0.499577 0.507643 0.491026 0.793175 0.732569 0.917858 0.838335 0.740487 0.703157 0.755354 0.831722 0.869433 0.863013 0.949007 0.952074 0.763369 0.775256 0.845215 0.940858 0.802008 0.998543 0.870238 0.885286 0.893438 0.865752
0.870399 0.969064 0.852109 0.998969 0.773867 0.891661 0.507070 0.777777 0.583838 0.553051 0.728587 0.876839 0.456896 0.693015 0.590837 0.643486 0.897113 0.882756 0.000000 0.585954 0.714748 0.857430 0.524713 0.734241 0.766630 0.641525 0.944260 0.785141 0.677480 0.573883 0.785304 0.671135 0.780792 0.718264 0.889646 0.981409 0.743341 0.896815 0.703590 0.673557 0.941694 0.981292 0.919158 0.940705 0.905036 0.994192 0.768043 0.980294 0.930848 0.851170 0.887172 0.997091 0.827771 0.921579 0.898328 0.908275 0.961381 0.899062 0.884139 0.956825 0.654736 0.764208 0.927340 0.912416 0.853176 0.802354 0.891569 0.662826 0.999718 0.870045 0.881272 0.943511 0.789632 0.849887 0.909532 0.998890 0.919027 0.965084 0.984515 0.996489 0.929338 0.937575 0.945762 0.956782 0.756665 0.866074 0.981715 0.668970 0.775564 0.889328 0.847845 0.798902 0.965542 0.881999 0.942610 0.898021 0.972302 0.853953 0.868380 0.763494 0.953623 0.686934 0.918635 0.975535 0.925027 0.944948 0.921556 0.851771 0.981703 0.922869 0.996388 0.900705 0.970705 0.894315 0.947649 0.861956
0.743175 0.872025 0.957383 0.938635 0.959717 0.871683 0.793100 0.924237 0.849818 0.802947 0.670658 0.769006 0.644793 0.705367 0.723970 0.719595 0.805865 0.767031 0.585954 0.000000 0.758004 0.871082 0.744344 0.814709 0.845220 0.818554 0.936924 0.898734 0.657015 0.564773 0.910759 0.718796 0.818280 0.758414 0.924174 0.984333 0.846545 0.928269 0.766567 0.873885 0.897843 0.931665 0.958429 0.860898 0.895729 0.844266 0.938579 0.949860 0.855288 0.823656 0.970230 0.961245 0.890758 0.955377 0.984861 0.819106 0.826434 0.923454 0.960838 0.888390 0.765739 0.869311 0.874953 0.851696 0.990823 0.788202 0.857316 0.752282 0.948165 0.961376 0.986988 0.976916 0.900673 0.844291 0.986741 0.985200 0.973643 0.961544 0.793888 0.951338 0.818603 0.821762 0.865266 0.789654 0.891590 0.933896 0.967705 0.705053 0.847301 0.757706 0.920167 0.973642 0.880973 0.930233 0.973000 0.873139 0.999290 0.974438 0.906222 0.911019 0.891892 0.817610 0.970220 0.821406 0.966659 0.979900 0.947091 0.885929 0.949473 0.933860 0.922014 0.981634 0.942744 0.904986 0.977112 0.845337
0.967104 0.941992 0.906803 0.990542 0.769052 0.821976 0.694820 0.800332 0.874033 0.745580 0.904489 0.817401 0.819000 0.819567 0.842990 0.911469 0.961678 0.894671 0.714748 0.758004 0.000000 0.894388 0.745402 0.966852 0.823161 0.745885 0.934771 0.825262 0.836493 0.769606 0.975780 0.727656 0.898405 0.960359 0.897030 0.984612 0.782936 0.769702 0.762825 0.684180 0.884977 0.877671 0.792857 0.884813 0.890979 0.868859 0.845686 0.954117 0.947480 0.953716 0.863219 0.928838 0.999973 0.982136 0.948244 0.965036 0.973856 0.921345 0.976235 0.947341 0.763112 0.744655 0.944841 0.901134 0.977647 0.941516 0.859202 0.767581 0.943845 0.860770 0.965230 0.955037 0.732539 0.853361 0.931198 0.935371 0.953983 0.917622 0.909390 0.905363 0.962361 0.894949 0.936187 0.961777 0.864058 0.907331 0.969531 0.814720 0.984045 0.960247 0.968699 0.930465 0.920771 0.954522 0.920497 0.846673 0.999456 0.916541 0.959956 0.980559 0.886312 0.778554 0.987358 0.764665 0.868070 0.991416 0.969812 0.996965 0.906204 0.868282 0.999596 0.975365 0.914743 0.985491 0.834068 0.824588
0.992648 0.997093 0.908761 0.964470 0.991763 0.845881 0.897856 0.949065 0.938909 0.948783 0.995272 0.982503 0.944235 0.806715 0.899628 0.933495 0.972246 0.974629 0.857430 0.871082 0.894388 0.000000 0.953872 0.914320 0.982291 0.999405 0.951890 0.982882 0.951036 0.965936 0.944488 0.905594 0.926765 0.957863 0.906444 0.930945 0.810862 0.949024 0.980611 0.965886 0.966980 0.997372 0.899765 0.891984 0.868333 0.918374 0.883622 0.982277 0.910046 0.954468 0.851971 0.919989 0.765346 0.921676 0.890834 0.896304 0.950110 0.968469 0.976354 0.976107 0.953610 0.890845 0.989635 0.941437 0.959545 0.960776 0.990224 0.943452 0.854555 0.913197 0.957934 0.947678 0.965348 0.976047 0.965735 0.925239 0.947933 0.957429 0.917001 0.891835 0.944232 0.897954 0.940190 0.992542 0.991731 0.940862 0.911611 0.990766 0.959401 0.983261 0.935429 0.943973 0.919871 0.906968 0.882600 0.822214 0.960983 0.966805 0.873457 0.931692 0.993718 0.880545 0.997113 0.876458 0.920205 0.842011 0.938663 0.997544 0.908334 0.940375 0.981186 0.892022 0.961599 0.928138 0.948982 0.975116
0.963634 0.900225 0.705106 0.965053 0.645564 0.938175 0.514279 0.948952 0.569250 0.687308 0.963854 0.921402 0.391965 0.528368 0.400538 0.427759 0.835639 0.932927 0.524713 0.744344 0.745402 0.953872 0.000000 0.489416 0.912287 0.807264 0.842402 0.924455 0.826673 0.831104 0.712491 0.708829 0.608193 0.907598 0.859287 0.918168 0.877954 0.931487 0.782867 0.751834 0.935703 0.888967 0.854119 0.960715 0.692603 0.927044 0.885356 0.963785 0.885842 0.839567 0.985162 0.835557 0.729317 0.701185 0.887513 0.958787 0.841943 0.839543 0.869750 0.864140 0.741400 0.744401 0.852272 0.915179 0.452273 0.997951 0.998886 0.733758 0.783081 0.819831 0.870987 0.957924 0.706646 0.776141 0.897508 0.886654 0.792767 0.753243 0.969329 0.954321 0.852780 0.906066 0.789014 0.944820 0.525380 0.866267 0.869204 0.725711 0.814853 0.829227 0.753965 0.688256 0.867033 0.787184 0.934255 0.929661 0.937113 0.804224 0.709513 0.515756 0.955979 0.670489 0.895419 0.904422 0.794864 0.986204 0.932722 0.893281 0.936794 0.962586 0.989937 0.857510 0.883191 0.919663 0.920613 0.979715
0.972472 0.932249 0.692418 0.867015 0.687426 0.836141 0.731275 0.893443 0.695646 0.870467 0.919500 0.812111 0.560929 0.512803 0.656556 0.505299 0.795705 0.905403 0.734241 0.814709 0.966852 0.914320 0.489416 0.000000 0.694354 0.978072 0.799817 0.924607 0.999993 0.994918 0.812924 0.888393 0.719655 0.882337 0.785089 0.830837 0.874409 0.829717 0.996063 0.991047 0.937556 0.995450 0.886002 0.992305 0.822059 0.976868 0.950915 0.959887 0.937575 0.965302 0.972588 0.819809 0.839948 0.776711 0.907726 0.924679 0.874476 0.887804 0.968308 0.963705 0.789643 0.657697 0.882434 0.920638 0.493050 0.731013 0.769946 0.977541 0.774827 0.852114 0.842600 0.984671 0.932793 0.926143 0.841914 0.908552 0.933248 0.711033 0.964613 0.887520 0.823499 0.948170 0.859554 0.985806 0.632066 0.689567 0.921669 0.799252 0.776414 0.781177 0.782271 0.837758 0.867352 0.850779 0.912440 0.841403 0.938355 0.975768 0.857464 0.617475 0.895800 0.845904 0.836169 0.875664 0.763953 0.753676 0.948998 0.968574 0.863741 0.999240 0.952648 0.949878 0.931532 0.934622 0.763058 0.903015
0.720327 0.914830 0.607357 0.587602 0.985404 0.604915 0.929747 0.800749 0.964851 0.859125 0.689561 0.907670 0.984544 0.922260 0.935966 0.866740 0.617968 0.683615 0.766630 0.845220 0.823161 0.982291 0.912287 0.694354 0.000000 0.493876 0.871861 0.836323 0.625467 0.527815 0.836722 0.884059 0.843173 0.993962 0.721934 0.805704 0.869413 0.840362 0.684561 0.600591 0.982531 0.969854 0.712198 0.940920 0.979517 0.927797 0.863719 0.957306 0.760606 0.796580 0.967598 0.919341 0.997603 0.971368 0.937375 0.904712 0.762469 0.760225 0.847496 0.784757 0.813001 0.979968 0.640131 0.657464 0.515703 0.486077 0.562069 0.610650 0.729835 0.757281 0.751519 0.894639 0.900564 0.980139 0.960981 0.946755 0.840400 0.570271 0.822311 0.896746 0.640007 0.693747 0.863073 0.892467 0.957800 0.662784 0.925103 0.767606 0.941040 0.950177 0.684353 0.755726 0.571359 0.685815 0.813950 0.732831 0.834171 0.851546 0.866218 0.753641 0.665443 0.964712 0.953838 0.774481 0.649311 0.792301 0.913323 0.949880 0.886307 0.937907 0.899147 0.913852 0.991082 0.895734 0.833223 0.831385
0.743294 0.935815 0.762027 0.621066 0.820354 0.591478 0.815732 0.891863 0.896193 0.782787 0.675205 0.874533 0.754231 0.920764 0.746049 0.933503 0.675951 0.645177 0.641525 0.818554 0.745885 0.999405 0.807264 0.978072 0.493876 0.000000 0.964037 0.727643 0.633444 0.478302 0.965887 0.901793 0.948669 0.994517 0.698114 0.833054 0.801523 0.919210 0.677758 0.563743 0.940538 0.974074 0.682555 0.888738 0.998062 0.987922 0.847829 0.939167 0.858368 0.859941 0.949999 0.896728 0.971072 0.895847 0.961198 0.838917 0.759541 0.805127 0.925656 0.842002 0.682250 0.921446 0.633178 0.641050 0.757685 0.520475 0.540469 0.543338 0.786785 0.812608 0.766276 0.921461 0.839684 0.979982 0.945371 0.928963 0.779571 0.690304 0.865341 0.920145 0.698575 0.701341 0.891201 0.840473 0.834627 0.749851 0.892313 0.642724 0.889800 0.918506 0.757391 0.806613 0.610849 0.738564 0.953884 0.781180 0.796734 0.702685 0.891880 0.914874 0.805636 0.941414 0.821562 0.946578 0.825421 0.813002 0.980833 0.928689 0.936090 0.927802 0.940244 0.989793 0.891436 0.946323 0.878427 0.765808
0.952067 0.963933 0.961159 0.914880 0.958735 0.995154 0.856605 0.834241 0.942101 0.961442 0.998882 0.983559 0.999792 0.930062 0.829114 0.896423 0.966258 0.990979 0.944260 0.936924 0.934771 0.951890 0.842402 0.799817 0.871861 0.964037 0.000000 0.963940 0.981443 0.949613 0.930558 0.908135 0.970192 0.978832 0.904976 0.784729 0.896353 0.837364 0.949539 0.988831 0.889256 0.984334 0.967013 0.967792 0.864982 0.918018 0.975956 0.961873 0.947075 0.938658 0.948447 0.861419 0.837746 0.846703 0.966145 0.995894 0.983667 0.970826 0.955143 0.981078 0.981671 0.965023 0.976816 0.964073 0.803320 0.936893 0.985519 0.995832 0.990649 0.956388 0.935267 0.843111 0.997287 0.858290 0.839736 0.957922 0.933531 0.918065 0.953015 0.933161 0.996562 0.982425 0.859294 0.976296 0.862311 0.859774 0.880512 0.973995 0.992430 0.915205 0.967224 0.996590 0.944691 0.908844 0.985384 0.914467 0.965811 0.974372 0.985094 0.865983 0.926651 0.963452 0.837720 0.936767 0.888493 0.823665 0.881717 0.978281 0.990777 0.938511 0.972301 0.923018 0.983527 0.912111 0.724211 0.917358
0.786255 0.644912 0.810446 0.971830 0.800452 0.776263 0.787119 0.819762 0.656798 0.618485 0.982001 0.984209 0.882563 0.988105 0.963308 0.948656 0.886000 0.793322 0.785141 0.898734 0.825262 0.982882 0.924455 0.924607 0.836323 0.727643 0.963940 0.000000 0.980499 0.849355 0.986532 0.939700 0.766414 0.927278 0.756873 0.803638 0.904403 0.953525 0.864939 0.695377 0.847263 0.861821 0.800397 0.782103 0.839552 0.824480 0.756049 0.794352 0.853841 0.893035 0.733599 0.708142 0.857251 0.932398 0.759073 0.810828 0.747790 0.663641 0.683730 0.760417 0.959024 0.864496 0.833366 0.786716 0.891140 0.856011 0.702102 0.635075 0.929820 0.868687 0.783542 0.699848 0.859856 0.968840 0.853045 0.950925 0.944176 0.926940 0.786067 0.804379 0.775691 0.809658 0.731977 0.721363 0.767429 0.619819 0.964951 0.970857 0.891212 0.797664 0.875034 0.805658 0.992523 0.893019 0.993241 0.984526 0.952601 0.955238 0.944216 0.888678 0.950519 0.859540 0.918755 0.986844 0.765603 0.891765 0.886496 0.958408 0.988433 0.859322 0.939916 0.969676 0.877656 0.873387 0.858069 0.948227
0.579018 0.713177 0.792916 0.559595 0.926042 0.797627 0.913168 0.810035 0.995831 0.916301 0.500106 0.588964 0.685728 0.745898 0.575378 0.794500 0.598101 0.536239 0.677480 0.657015 0.836493 0.951036 0.826673 0.999993 0.625467 0.633444 0.981443 0.980499 0.000000 0.432760 0.914380 0.837960 0.693480 0.700331 0.932053 0.943280 0.862696 0.938268 0.797864 0.730905 0.919439 0.750004 0.778847 0.989463 0.897197 0.851077 0.919738 0.958417 0.774161 0.791811 0.958457 0.978140 0.902146 0.883896 0.757758 0.952983 0.700568 0.735139 0.876580 0.848390 0.607879 0.874148 0.595981 0.567705 0.857279 0.633880 0.791272 0.736511 0.839222 0.890405 0.692680 0.823661 0.858778 0.981142 0.929338 0.979325 0.822280 0.773531 0.796641 0.856890 0.574177 0.622194 0.690747 0.681752 0.779051 0.931099 0.961416 0.649565 0.949694 0.792130 0.690845 0.710471 0.672975 0.747739 0.866707 0.772534 0.890643 0.640114 0.959894 0.868206 0.801143 0.948814 0.906020 0.959599 0.812517 0.819894 0.864640 0.909796 0.766350 0.927470 0.789612 0.931453 0.870962 0.975950 0.997248 0.755107
0.639811 0.786727 0.813111 0.681151 0.954094 0.737233 0.836917 0.935624 0.917243 0.779184 0.479139 0.748011 0.667855 0.832612 0.636542 0.831498 0.517448 0.508331 0.573883 0.564773 0.769606 0.965936 0.831104 0.994918 0.527815 0.478302 0.949613 0.849355 0.432760 0.000000 0.884184 0.737063 0.845963 0.741828 0.766032 0.934287 0.815296 0.921215 0.728006 0.639108 0.921260 0.818695 0.718127 0.985711 0.939835 0.895469 0.901490 0.990201 0.843117 0.814076 0.986928 0.949726 0.971777 0.898646 0.896960 0.946545 0.714511 0.737218 0.894516 0.819846 0.613169 0.918047 0.597107 0.581796 0.748784 0.551751 0.681556 0.644003 0.780884 0.814739 0.823860 0.906244 0.789552 0.896865 0.966177 0.954153 0.898830 0.815257 0.729876 0.806261 0.591219 0.612726 0.782891 0.745499 0.874958 0.817678 0.972144 0.574226 0.874226 0.913425 0.738192 0.767452 0.610155 0.717699 0.865724 0.812386 0.887724 0.778758 0.948343 0.907569 0.723379 0.900821 0.936434 0.845767 0.815539 0.876033 0.862285 0.863833 0.850702 0.932123 0.906315 0.951661 0.901959 0.923783 0.984695 0.789229
0.904204 0.878384 0.696734 0.882233 0.990066 0.931490 0.751606 0.922172 0.662007 0.775779 0.955465 0.976840 0.724902 0.822710 0.779187 0.701601 0.859004 0.902915 0.785304 0.910759 0.975780 0.944488 0.712491 0.812924 0.836722 0.965887 0.930558 0.986532 0.914380 0.884184 0.000000 0.799483 0.700440 0.794529 0.975916 0.856662 0.839123 0.912014 0.992424 0.925873 0.954183 0.981647 0.784703 0.853926 0.752689 0.855759 0.891600 0.995667 0.903609 0.853773 0.902207 0.903493 0.783607 0.772495 0.938069 0.978885 0.837708 0.801509 0.762781 0.804286 0.930930 0.939747 0.789535 0.819496 0.784469 0.905217 0.889096 0.902123 0.870564 0.886649 0.754732 0.902765 0.888721 0.879042 0.884369 0.937422 0.656852 0.823459 0.954980 0.910165 0.874484 0.847212 0.970059 0.865546 0.952509 0.931029 0.992391 0.978508 0.843613 0.840727 0.862285 0.794840 0.881704 0.743979 0.937612 0.869575 0.935800 0.957353 0.715710 0.686818 0.922019 0.786509 0.980290 0.955977 0.918752 0.977476 0.958585 0.882524 0.882453 0.909094 0.899411 0.933158 0.949008 0.936696 0.915274 0.904205
0.966889 0.939602 0.787772 0.834996 0.916194 0.931590 0.623231 0.726504 0.787313 0.733925 0.866166 0.985777 0.710153 0.792810 0.792308 0.787694 0.954836 0.975331 0.671135 0.718796 0.727656 0.905594 0.708829 0.888393 0.884059 0.901793 0.908135 0.939700 0.837960 0.737063 0.799483 0.000000 0.785303 0.905828 0.905848 0.940134 0.805694 0.849189 0.873430 0.804570 0.982036 0.957251 0.944453 0.928133 0.957027 0.982835 0.896024 0.982805 0.993404 0.847234 0.901926 0.991714 0.894767 0.933198 0.922431 0.979058 0.914713 0.841219 0.884167 0.994088 0.936689 0.973507 0.902501 0.910003 0.898230 0.847774 0.919365 0.753602 0.815531 0.932767 0.929986 0.843501 0.780104 0.820290 0.969668 0.893769 0.905466 0.922087 0.957060 0.880575 0.947382 0.903474 0.926270 0.871267 0.968367 0.844204 0.781653 0.890818 0.905599 0.997969 0.873345 0.821122 0.925443 0.882294 0.973028 0.916710 0.956225 0.994203 0.839534 0.748232 0.856734 0.835649 0.841605 0.951208 0.977582 0.988957 0.897098 0.948677 0.990804 0.932498 0.869873 0.984210 0.910614 0.902035 0.966440 0.902859
0.836363 0.801565 0.815419 0.945513 0.875946 0.897141 0.738518 0.991280 0.973190 0.945719 0.724434 0.658000 0.549730 0.583044 0.577205 0.625802 0.889154 0.798860 0.780792 0.818280 0.898405 0.926765 0.608193 0.719655 0.843173 0.948669 0.970192 0.766414 0.693480 0.845963 0.700440 0.785303 0.000000 0.690087 0.754286 0.823694 0.967989 0.866607 0.965422 0.911965 0.923259 0.914622 0.855313 0.830901 0.724095 0.816580 0.890002 0.865979 0.899515 0.848194 0.824561 0.778454 0.795480 0.960583 0.923696 0.853541 0.850802 0.894540 0.916396 0.954694 0.636834 0.689982 0.873505 0.806580 0.626559 0.896621 0.808865 0.935022 0.965482 0.988673 0.869644 0.881265 0.964625 0.929742 0.990307 0.850982 0.998723 0.885549 0.893275 0.807448 0.863187 0.823251 0.779274 0.761835 0.584812 0.720356 0.879672 0.750974 0.871253 0.673989 0.948679 0.915141 0.995749 0.929390 0.957241 0.989385 0.868644 0.882850 0.890927 0.770935 0.828956 0.928927 0.990368 0.918939 0.816949 0.824580 0.952532 0.901219 0.991291 0.998902 0.933042 0.980032 0.929417 0.989743 0.846507 0.926338
0.728222 0.735647 0.984377 0.942026 0.983331 0.923942 0.902108 0.971477 0.972895 0.982623 0.687478 0.721520 0.744190 0.760238 0.793383 0.864957 0.707058 0.725346 0.718264 0.758414 0.960359 0.957863 0.907598 0.882337 0.993962 0.994517 0.978832 0.927278 0.700331 0.741828 0.794529 0.905828 0.690087 0.000000 0.839345 0.851127 0.927519 0.931587 0.962762 0.993643 0.868846 0.814723 0.942283 0.865560 0.849373 0.821878 0.842044 0.894248 0.932933 0.911111 0.854171 0.860495 0.823712 0.980717 0.783277 0.921756 0.800453 0.836422 0.846122 0.838097 0.634646 0.716204 0.765576 0.741403 0.948619 0.926959 0.814258 0.848174 0.917185 0.991292 0.979408 0.960631 0.934831 0.969225 0.789183 0.960515 0.939767 0.887772 0.866149 0.659749 0.747008 0.752913 0.913615 0.823452 0.818753 0.837107 0.955553 0.848219 0.830043 0.755749 0.958260 0.887738 0.961202 0.874650 0.944708 0.998671 0.949210 0.893878 0.929316 0.984819 0.975400 0.911545 0.918942 0.979167 0.943923 0.816300 0.985219 0.992083 0.938915 0.994410 0.919178 0.847555 0.975547 0.825623 0.918472 0.999132
0.952544 0.863368 0.902019 0.977372 0.938280 0.713452 0.873497 0.800199 0.980513 0.757091 0.886315 0.813369 0.912843 0.715884 0.884809 0.841250 0.961718 0.952756 0.889646 0.924174 0.897030 0.906444 0.859287 0.785089 0.721934 0.698114 0.904976 0.756873 0.932053 0.766032 0.975916 0.905848 0.754286 0.839345 0.000000 0.687059 0.785313 0.870531 0.645759 0.876888 0.972705 0.999312 0.680879 0.798752 0.667605 0.759847 0.697649 0.819719 0.851586 0.842706 0.691670 0.619655 0.815695 0.765771 0.909010 0.766775 0.992580 0.927002 0.818047 0.925671 0.879996 0.861684 0.979064 0.980739 0.679425 0.644735 0.566720 0.599031 0.929853 0.964438 0.956433 0.857334 0.892381 0.922889 0.841447 0.798625 0.867398 0.697217 0.956413 0.844084 0.977295 0.962712 0.818966 0.982810 0.741724 0.587804 0.927228 0.997751 0.978435 0.793536 0.939938 0.929400 0.871094 0.964041 0.886076 0.950586 0.944735 0.881276 0.847043 0.812144 0.940231 0.941171 0.888786 0.944688 0.842537 0.809966 0.911330 0.969850 0.838339 0.916700 0.978803 0.885905 0.860787 0.860800 0.750860 0.853313
0.935709 0.840167 0.900802 0.861265 0.972604 0.827106 0.929616 0.950630 0.988877 0.832734 0.930566 0.879713 0.934521 0.781051 0.976496 0.884089 0.996080 0.998703 0.981409 0.984333 0.984612 0.930945 0.918168 0.830837 0.805704 0.833054 0.784729 0.803638 0.943280 0.934287 0.856662 0.940134 0.823694 0.851127 0.687059 0.000000 0.864722 0.942723 0.849949 0.871113 0.861389 0.869972 0.847930 0.888193 0.835193 0.914642 0.825989 0.887632 0.987479 0.918860 0.882344 0.778605 0.814739 0.929919 0.994017 0.911465 0.961931 0.967110 0.869835 0.942926 0.926214 0.911784 0.979060 0.993490 0.796471 0.760798 0.750827 0.690840 0.898997 0.966847 0.940606 0.765020 0.886305 0.957602 0.756056 0.875368 0.906963 0.953062 0.930116 0.901878 0.952654 0.986390 0.772049 0.923685 0.852076 0.717474 0.920461 0.997263 0.965510 0.881456 0.912498 0.958171 0.866584 0.929989 0.955168 0.831477 0.852880 0.897255 0.929280 0.923954 0.901048 0.901701 0.941412 0.865359 0.792554 0.728841 0.948961 0.989866 0.889444 0.943653 0.963585 0.872860 0.911520 0.951730 0.660394 0.977498
0.997110 0.923167 0.938991 0.943985 0.788030 0.991795 0.783395 0.872801 0.901623 0.784789 0.913028 0.972037 0.833969 0.852874 0.892918 0.903097 0.995903 0.974763 0.743341 0.846545 0.782936 0.810862 0.877954 0.874409 0.869413 0.801523 0.896353 0.904403 0.862696 0.815296 0.839123 0.805694 0.967989 0.927519 0.785313 0.864722 0.000000 0.912716 0.724245 0.711097 0.946098 0.980600 0.764196 0.720681 0.820736 0.793424 0.776205 0.818574 0.834709 0.918321 0.790136 0.875585 0.924593 0.956905 0.825107 0.879685 0.882275 0.897444 0.972329 0.965675 0.822068 0.893223 0.996071 0.983969 0.958523 0.995739 0.868677 0.807807 0.888796 0.849471 0.950865 0.910647 0.949994 0.994560 0.965731 0.964229 0.845954 0.958143 0.911760 0.828397 0.984379 0.936031 0.911078 0.950852 0.955722 0.911085 0.958412 0.880439 0.994747 0.919219 0.883779 0.880530 0.977300 0.918582 0.893535 0.958429 0.941914 0.867141 0.940987 0.986280 0.935466 0.857471 0.969534 0.980127 0.944831 0.992020 0.963733 0.965477 0.982066 0.974356 0.953324 0.913218 0.950207 0.898628 0.825547 0.940137
0.820776 0.930847 0.983176 0.971262 0.875800 0.996765 0.815699 0.848993 0.916020 0.868733 0.908112 0.923664 0.982040 0.943239 0.927980 0.990152 0.942223 0.956021 0.896815 0.928269 0.769702 0.949024 0.931487 0.829717 0.840362 0.919210 0.837364 0.953525 0.938268 0.921215 0.912014 0.849189 0.866607 0.931587 0.870531 0.942723 0.912716 0.000000 0.960899 0.648638 0.864866 0.976783 0.878292 0.831391 0.847884 0.799159 0.839727 0.874983 0.876150 0.927374 0.779136 0.815395 0.868515 0.915251 0.953616 0.817777 0.880965 0.921362 0.921500 0.874604 0.966762 0.951794 0.939327 0.959988 0.961096 0.940088 0.867272 0.853913 0.865920 0.763989 0.978649 0.938778 0.895682 0.979366 0.890306 0.900817 0.964601 0.838128 0.966936 0.894856 0.917728 0.931451 0.853446 0.781329 0.963513 0.854482 0.907048 0.922602 0.714705 0.814985 0.838582 0.847584 0.885642 0.907170 0.925013 0.926652 0.932287 0.779903 0.975932 0.989959 0.764007 0.904002 0.925264 0.847506 0.821560 0.827924 0.989943 0.991334 0.963022 0.880648 0.911721 0.964830 0.952760 0.980649 0.990740 0.932148
