0.000000 0.319990 0.674713 0.661108 0.871362 0.615866 0.335438 0.347477 0.468978 0.509435 0.359300 0.267639 0.388478 0.420838 0.598490 0.633211 0.381537 0.397747 0.393151 0.391148 0.995089 0.874703 0.773743 0.980347 0.823177 0.983300 0.769937 0.872509 0.403586 0.481138 0.884133 0.952677 0.407728 0.354449 0.663895 0.966163 0.850546 0.988267 0.756346 0.968776 0.847770 0.800705 0.597249 0.586020 0.591692 0.560442 0.581974 0.559774 0.874440 0.804865 0.678544 0.593484 0.788154 0.865291 0.795085 0.701292 0.380788 0.334590 0.226583 0.279845 0.250011 0.318990 0.385332 0.343153 0.762282 0.609780 0.479715 0.500778 0.538174 0.639289 0.584229 0.721886 0.849499 0.814710 0.884867 0.872938 0.583857 0.792604 0.567321 0.843725 0.395401 0.630731 0.858482 0.723270 0.680182 0.806419 0.975747 0.838986 0.602674 0.624580 0.618587 0.674936 0.692987 0.663519 0.777673 0.861204 0.541426 0.723987 0.411199 0.382156 0.586614 0.651371 0.535184 0.603531 0.467476 0.443301 0.796568 0.588768 0.670330 0.678091 0.623058 0.662925 0.604095 0.839215 0.591110 0.847394
0.319990 0.000000 0.590639 0.493562 0.984219 0.653966 0.343969 0.306858 0.627010 0.686735 0.619598 0.416449 0.648745 0.535199 0.803690 0.703846 0.483768 0.483326 0.377925 0.279801 0.759012 0.790170 0.699201 0.768012 0.909599 0.770137 0.940575 0.908127 0.567604 0.632159 0.647160 0.725538 0.348046 0.306528 0.570892 0.791718 0.747586 0.843564 0.927792 0.893829 0.681422 0.851211 0.399166 0.402918 0.503849 0.509100 0.514879 0.467002 0.927570 0.728977 0.560750 0.497811 0.726402 0.744010 0.746824 0.672821 0.325944 0.298568 0.391465 0.327175 0.405224 0.304550 0.625805 0.567070 0.680440 0.431394 0.328102 0.341112 0.471249 0.500357 0.482927 0.581134 0.598011 0.592016 0.788986 0.762685 0.598504 0.698387 0.649158 0.770234 0.445658 0.588284 0.752143 0.766312 0.651837 0.584493 0.935167 0.919337 0.638032 0.582296 0.542709 0.755872 0.598907 0.722909 0.715172 0.938258 0.475196 0.718107 0.426724 0.434081 0.573135 0.651860 0.528257 0.724731 0.399717 0.419594 0.858674 0.550487 0.685123 0.669906 0.618429 0.619295 0.667812 0.709355 0.526884 0.944185
0.674713 0.590639 0.000000 0.216088 0.948320 0.849445 0.405619 0.509877 0.638675 0.972009 0.964685 0.791812 0.789000 0.746323 0.769213 0.648193 0.976758 0.988313 0.585407 0.581620 0.520390 0.847670 0.339318 0.430240 0.391281 0.305562 0.905554 0.894225 0.977751 0.936960 0.407616 0.579477 0.481802 0.482410 0.492861 0.801254 0.472322 0.629142 0.837709 0.708679 0.833864 0.944698 0.449634 0.612699 0.786205 0.864720 0.406030 0.488550 0.858366 0.907799 0.760606 0.789099 0.871020 0.868237 0.651709 0.701536 0.929189 0.877071 0.722641 0.715860 0.586551 0.535077 0.952766 0.967018 0.227015 0.315997 0.384034 0.413486 0.595914 0.781728 0.457790 0.501781 0.541530 0.629653 0.809688 0.960199 0.599936 0.530908 0.955715 0.731298 0.794726 0.622000 0.728232 0.816075 0.379120 0.326638 0.905526 0.940366 0.592471 0.550044 0.686455 0.816814 0.690280 0.705886 0.630619 0.732030 0.702981 0.950212 0.760243 0.712563 0.857513 0.998552 0.919447 0.918440 0.621141 0.508110 0.757131 0.883013 0.802740 0.796940 0.696193 0.920533 0.870714 0.926698 0.811090 0.918542
0.661108 0.493562 0.216088 0.000000 0.912027 0.770092 0.376269 0.436388 0.689639 0.969648 0.984898 0.716890 0.890004 0.718834 0.884514 0.710202 0.929789 0.966476 0.567347 0.489813 0.461259 0.808142 0.391089 0.388033 0.407157 0.310167 0.921431 0.918213 0.980983 0.960230 0.402673 0.537719 0.459483 0.443385 0.491416 0.707668 0.523689 0.566885 0.795115 0.727352 0.748183 0.929220 0.401819 0.520766 0.752297 0.851521 0.363375 0.443395 0.813888 0.920658 0.688347 0.733549 0.848530 0.804389 0.716339 0.690452 0.840082 0.827529 0.676484 0.626508 0.601575 0.458343 0.924612 0.952248 0.289311 0.224699 0.292813 0.302712 0.600102 0.750574 0.383263 0.390732 0.466794 0.560918 0.714249 0.819390 0.589989 0.498988 0.992437 0.696148 0.818290 0.685773 0.715281 0.855132 0.455707 0.329830 0.846451 0.987921 0.611935 0.583245 0.584068 0.806723 0.598376 0.680462 0.660447 0.712403 0.578499 0.837335 0.686391 0.671435 0.728997 0.921514 0.847918 0.975623 0.539403 0.490285 0.776073 0.792020 0.726366 0.750797 0.667482 0.846198 0.883165 0.862992 0.683993 0.881056
0.871362 0.984219 0.948320 0.912027 0.000000 0.984387 0.997416 0.963205 0.737152 0.757055 0.816957 0.876230 0.612477 0.828969 0.578418 0.779968 0.813173 0.847472 0.812003 0.990243 0.879913 0.761669 0.862832 0.879324 0.925252 0.841199 0.745812 0.954646 0.789565 0.836054 0.852215 0.735447 0.898879 0.977985 0.867707 0.878791 0.941713 0.865363 0.998138 0.636680 0.859040 0.964932 0.922921 0.871444 0.971606 0.978421 0.958945 0.916652 0.828195 0.831035 0.816165 0.787126 0.863157 0.677224 0.867076 0.994475 0.866019 0.764007 0.829216 0.984426 0.796781 0.975035 0.687794 0.767442 0.803637 0.929359 0.949108 0.901854 0.999556 0.990009 0.987262 0.804690 0.783556 0.766998 0.927719 0.878372 0.946877 0.964437 0.952648 0.924714 0.735880 0.881940 0.896440 0.613476 0.667125 0.959038 0.934126 0.851808 0.748619 0.874094 0.850233 0.965168 0.841882 0.973580 0.962052 0.987320 0.834170 0.847475 0.990512 0.987544 0.756010 0.833191 0.928559 0.919450 0.889930 0.860584 0.868280 0.896149 0.968044 0.941274 0.903301 0.872944 0.901871 0.907979 0.842544 0.981143
0.615866 0.653966 0.849445 0.770092 0.984387 0.000000 0.564605 0.494355 0.574658 0.599240 0.697494 0.630995 0.865324 0.912089 0.993037 0.998949 0.789610 0.777147 0.773657 0.682771 0.995650 0.798490 0.940094 0.884491 0.848085 0.971159 0.684659 0.893460 0.782289 0.942612 0.978359 0.933102 0.720174 0.682237 0.841590 0.997144 0.992948 0.964517 0.840943 0.951527 0.795933 0.930224 0.672117 0.610083 0.717972 0.722073 0.689289 0.741787 0.885895 0.813715 0.732614 0.698194 0.807679 0.812003 0.800803 0.723205 0.769763 0.752374 0.625883 0.539001 0.646866 0.521771 0.884188 0.837330 0.952759 0.692987 0.643907 0.609380 0.715933 0.611073 0.737253 0.754285 0.829048 0.860605 0.855586 0.825755 0.750273 0.845162 0.963223 0.896503 0.830358 0.884820 0.877215 0.969361 0.994263 0.982034 0.966960 0.936138 0.812237 0.922593 0.563916 0.609578 0.583709 0.619558 0.919338 0.861200 0.709722 0.789733 0.536868 0.593349 0.687492 0.712652 0.715232 0.676920 0.748521 0.723938 0.826053 0.701462 0.906637 0.845899 0.685658 0.669567 0.671549 0.823741 0.550629 0.837317
0.335438 0.343969 0.405619 0.376269 0.997416 0.564605 0.000000 0.195954 0.349617 0.537716 0.548864 0.412200 0.650331 0.657218 0.780810 0.729732 0.556679 0.594793 0.446605 0.425324 0.789568 0.794094 0.680471 0.831279 0.861368 0.683691 0.754912 0.861169 0.592736 0.633189 0.641193 0.801735 0.412514 0.299994 0.467488 0.878426 0.763914 0.803533 0.899991 0.856650 0.723182 0.864942 0.361588 0.355162 0.449291 0.480772 0.432190 0.422125 0.848968 0.665346 0.460183 0.436846 0.556811 0.587995 0.651328 0.610373 0.622121 0.560419 0.344632 0.397429 0.359248 0.299242 0.682526 0.603598 0.592155 0.436055 0.253031 0.327671 0.525944 0.639627 0.362541 0.480672 0.568693 0.633825 0.803333 0.929106 0.421731 0.616219 0.695118 0.850450 0.523123 0.659210 0.845804 0.800526 0.671630 0.671204 0.935937 0.834783 0.609119 0.603043 0.352692 0.508318 0.414239 0.446979 0.617405 0.729047 0.373400 0.644884 0.326728 0.360449 0.565601 0.615877 0.570206 0.671723 0.402257 0.347367 0.670814 0.559819 0.646044 0.622184 0.486431 0.626587 0.610435 0.760160 0.528614 0.842167
0.347477 0.306858 0.509877 0.436388 0.963205 0.494355 0.195954 0.000000 0.440461 0.512194 0.539325 0.361998 0.692363 0.617462 0.870709 0.830098 0.593560 0.604708 0.506252 0.407590 0.804671 0.775327 0.787932 0.890401 0.939888 0.737242 0.711391 0.823138 0.594129 0.676149 0.666069 0.782830 0.420419 0.322303 0.496725 0.852652 0.861138 0.837702 0.895423 0.866027 0.659969 0.824989 0.371953 0.366528 0.548456 0.561283 0.486945 0.498435 0.952863 0.748780 0.532689 0.496623 0.656736 0.661080 0.763367 0.641530 0.552024 0.530440 0.361183 0.336620 0.353973 0.220606 0.698103 0.602470 0.689070 0.391577 0.252855 0.283302 0.567204 0.584232 0.390995 0.441503 0.609728 0.611222 0.806032 0.823736 0.516510 0.699799 0.780936 0.860389 0.570795 0.738282 0.895260 0.911293 0.750159 0.722494 0.973192 0.783322 0.619865 0.679794 0.323816 0.556141 0.377131 0.472099 0.664243 0.726119 0.377117 0.585440 0.325535 0.376244 0.461045 0.572940 0.559553 0.678727 0.378322 0.339029 0.635784 0.531121 0.641085 0.581247 0.459829 0.578434 0.570709 0.779339 0.447364 0.863588
0.468978 0.627010 0.638675 0.689639 0.737152 0.574658 0.349617 0.440461 0.000000 0.462617 0.420924 0.493892 0.591266 0.756455 0.712241 0.731251 0.609515 0.629847 0.661476 0.672039 0.978180 0.926256 0.851564 0.914208 0.905157 0.947926 0.752345 0.757433 0.546713 0.634533 0.912035 0.962098 0.595351 0.519464 0.672360 0.982854 0.880554 0.976910 0.832241 0.885885 0.806818 0.811348 0.650301 0.593713 0.558945 0.592734 0.692898 0.721402 0.697945 0.797373 0.658039 0.672988 0.661582 0.806029 0.571345 0.717672 0.825093 0.690885 0.435470 0.577316 0.424952 0.480403 0.624261 0.556400 0.756733 0.754347 0.546221 0.618311 0.682281 0.715696 0.584956 0.766810 0.815496 0.893249 0.857125 0.985492 0.584147 0.808318 0.668115 0.987129 0.566462 0.709719 0.929973 0.646087 0.758862 0.894754 0.860975 0.903952 0.576119 0.733199 0.586473 0.522811 0.600190 0.494387 0.740635 0.886691 0.659891 0.727709 0.458060 0.491611 0.724306 0.738090 0.697936 0.732361 0.615189 0.537330 0.776557 0.670165 0.747649 0.818052 0.625360 0.750576 0.642933 0.847221 0.711554 0.943050
0.509435 0.686735 0.972009 0.969648 0.757055 0.599240 0.537716 0.512194 0.462617 0.000000 0.404387 0.487709 0.685264 0.874662 0.773993 0.917161 0.475409 0.466733 0.693877 0.756369 0.731327 0.929665 0.779008 0.491938 0.579452 0.695623 0.664931 0.794701 0.422063 0.558441 0.795129 0.693383 0.810271 0.672484 0.773256 0.908493 0.837139 0.861133 0.751888 0.942242 0.830239 0.748027 0.795845 0.682090 0.576045 0.559031 0.870151 0.881645 0.627864 0.772073 0.646570 0.635099 0.703144 0.796308 0.891565 0.795322 0.689441 0.617317 0.461762 0.654150 0.610140 0.621939 0.514092 0.427362 0.836330 0.962579 0.701878 0.824839 0.812702 0.763991 0.619550 0.842063 0.977582 0.927336 0.987906 0.981951 0.626173 0.945808 0.807465 0.861772 0.535496 0.841026 0.945426 0.782304 0.910117 0.712967 0.787797 0.659524 0.797994 0.976577 0.490587 0.471631 0.529828 0.461822 0.874168 0.755727 0.633905 0.633931 0.377899 0.488282 0.657748 0.579793 0.470574 0.542248 0.671214 0.670562 0.828296 0.609316 0.827706 0.747673 0.621337 0.680171 0.452036 0.787214 0.732736 0.867423
0.359300 0.619598 0.964685 0.984898 0.816957 0.697494 0.548864 0.539325 0.420924 0.404387 0.000000 0.306173 0.405486 0.512942 0.663229 0.731989 0.411898 0.408795 0.631669 0.623679 0.765041 0.964393 0.925187 0.730718 0.566083 0.713040 0.697743 0.717129 0.332160 0.392097 0.895899 0.867143 0.633957 0.574175 0.895807 0.810437 0.890015 0.859469 0.811534 0.974751 0.957934 0.731167 0.988785 0.833557 0.713863 0.672951 0.935140 0.878931 0.798738 0.917709 0.872373 0.835791 0.871206 0.995756 0.804856 0.860717 0.617530 0.510683 0.391145 0.483780 0.351649 0.466964 0.305877 0.258338 0.937034 0.940432 0.778338 0.816669 0.769376 0.758750 0.848171 0.997333 0.864061 0.935582 0.863566 0.989451 0.830572 0.903822 0.608126 0.940897 0.427172 0.702282 0.984580 0.697711 0.932670 0.886947 0.864665 0.834551 0.747348 0.842306 0.819985 0.781924 0.868701 0.786289 0.863465 0.957188 0.740347 0.786896 0.582134 0.603082 0.696972 0.749679 0.683241 0.706487 0.674370 0.668028 0.842927 0.767575 0.765164 0.785689 0.714353 0.821819 0.705965 0.993664 0.691036 0.915048
0.267639 0.416449 0.791812 0.716890 0.876230 0.630995 0.412200 0.361998 0.493892 0.487709 0.306173 0.000000 0.389035 0.387843 0.668006 0.635293 0.407582 0.389735 0.501673 0.424558 0.994210 0.905319 0.878599 0.978114 0.746127 0.917373 0.809084 0.816373 0.360447 0.401942 0.964461 0.995255 0.466815 0.401917 0.758601 0.969449 0.978171 0.979339 0.828739 0.885539 0.837099 0.841395 0.759962 0.688893 0.682864 0.678767 0.695210 0.672562 0.919782 0.950784 0.809723 0.744563 0.888303 0.979328 0.873551 0.804438 0.467095 0.439356 0.291592 0.356370 0.274724 0.275122 0.379272 0.303336 0.845467 0.603460 0.526863 0.530737 0.753003 0.697843 0.657382 0.774512 0.966453 0.871487 0.814276 0.900020 0.648835 0.871618 0.631577 0.832692 0.422934 0.662747 0.859260 0.730445 0.768938 0.862292 0.906471 0.855399 0.629418 0.736814 0.651090 0.769797 0.726744 0.703358 0.783101 0.897882 0.610672 0.715732 0.465527 0.488610 0.566557 0.713357 0.582198 0.650423 0.516231 0.502678 0.803751 0.702771 0.725178 0.763204 0.654527 0.641320 0.687877 0.925693 0.643846 0.898374
0.388478 0.648745 0.789000 0.890004 0.612477 0.865324 0.650331 0.692363 0.591266 0.685264 0.405486 0.389035 0.000000 0.383746 0.382011 0.433805 0.593495 0.590034 0.552595 0.672632 0.919633 0.926282 0.689963 0.977092 0.759681 0.864509 0.932183 0.877033 0.468709 0.493171 0.953378 0.860128 0.595367 0.661820 0.938652 0.734143 0.957062 0.844638 0.823881 0.857836 0.885034 0.976340 0.936401 0.962156 0.919452 0.860599 0.797420 0.773945 0.936811 0.888941 0.878767 0.988379 0.895465 0.732144 0.873543 0.971701 0.610643 0.537058 0.436260 0.560023 0.325602 0.540368 0.381798 0.416361 0.711870 0.792874 0.866494 0.884080 0.847486 0.791914 0.928183 0.887144 0.833377 0.818616 0.846986 0.939432 0.833065 0.962857 0.720743 0.782421 0.543376 0.686618 0.879215 0.686952 0.574272 0.839028 0.907405 0.831586 0.758384 0.796134 0.992401 0.915386 0.884132 0.936283 0.881078 0.927876 0.959397 0.999392 0.764441 0.678791 0.967502 0.895693 0.853973 0.885698 0.766306 0.575459 0.963255 0.949974 0.900310 0.924054 0.828737 0.830119 0.801589 0.953174 0.841106 0.931928
0.420838 0.535199 0.746323 0.718834 0.828969 0.912089 0.657218 0.617462 0.756455 0.874662 0.512942 0.387843 0.383746 0.000000 0.606257 0.527619 0.643888 0.616433 0.512803 0.580291 0.910226 0.981151 0.594490 0.749803 0.956401 0.982032 0.990027 0.952166 0.585551 0.473368 0.757996 0.830946 0.404654 0.511966 0.770837 0.968079 0.789640 0.873771 0.973188 0.821992 0.905054 0.954038 0.907885 0.909349 0.988938 0.996957 0.824361 0.785716 0.731719 0.754133 0.913516 0.972610 0.844700 0.765351 0.977433 0.982603 0.474577 0.506602 0.447226 0.422494 0.344886 0.442523 0.438173 0.467981 0.737278 0.585419 0.674813 0.610502 0.862777 0.743864 0.849767 0.796420 0.998145 0.958257 0.787709 0.920178 0.906257 0.839441 0.753244 0.738615 0.611381 0.841358 0.682274 0.770567 0.570863 0.652940 0.805105 0.941739 0.674901 0.664304 0.965497 0.822193 0.909437 0.897606 0.903677 0.885899 0.823187 0.918860 0.834218 0.809789 0.768260 0.936463 0.916006 0.992088 0.679107 0.662409 0.937712 0.919495 0.789136 0.778003 0.826058 0.879503 0.990464 0.882305 0.760795 0.985251
0.598490 0.803690 0.769213 0.884514 0.578418 0.993037 0.780810 0.870709 0.712241 0.773993 0.663229 0.668006 0.382011 0.606257 0.000000 0.444327 0.716224 0.742196 0.646988 0.831503 0.881861 0.997073 0.569372 0.937484 0.969817 0.989217 0.925995 0.956067 0.598607 0.649066 0.924522 0.883626 0.638592 0.762397 0.811617 0.854007 0.797666 0.919432 0.864848 0.834104 0.998540 0.925405 0.938603 0.954230 0.856194 0.863638 0.753560 0.754332 0.866703 0.962963 0.971426 0.970863 0.980948 0.820174 0.722306 0.801451 0.765773 0.700223 0.570877 0.746222 0.512444 0.744131 0.574798 0.602250 0.650707 0.894912 0.876643 0.951078 0.833053 0.710973 0.865777 0.976356 0.979366 0.945022 0.813408 0.978471 0.889349 0.977999 0.826228 0.942552 0.694279 0.751577 0.665443 0.646254 0.489189 0.782191 0.799177 0.955157 0.739011 0.702917 0.959771 0.953751 0.831247 0.948619 0.867949 0.780750 0.992379 0.941202 0.832206 0.767321 0.846397 0.970871 0.978809 0.989735 0.841695 0.650726 0.963728 0.953960 0.982508 0.932811 0.768740 0.910118 0.838461 0.934684 0.950785 0.971340
0.633211 0.703846 0.648193 0.710202 0.779968 0.998949 0.729732 0.830098 0.731251 0.917161 0.731989 0.635293 0.433805 0.527619 0.444327 0.000000 0.763994 0.698547 0.536095 0.664756 0.843612 0.964053 0.432644 0.655063 0.881094 0.839052 0.866952 0.988302 0.612412 0.642687 0.773253 0.882667 0.577086 0.663543 0.846528 0.939140 0.638544 0.911723 0.904596 0.806011 0.982368 0.837429 0.813662 0.845366 0.828659 0.813627 0.551534 0.668195 0.914215 0.996865 0.995977 0.922105 0.952559 0.867895 0.649687 0.910827 0.739779 0.702525 0.669433 0.799675 0.568442 0.683065 0.691735 0.706563 0.563631 0.700365 0.838214 0.841580 0.806477 0.812131 0.817269 0.913744 0.943389 0.895124 0.774629 0.859902 0.828912 0.765920 0.694207 0.745482 0.683709 0.617247 0.609194 0.603223 0.432076 0.576947 0.819019 0.892219 0.714565 0.716749 0.964087 0.997364 0.870981 0.982591 0.694384 0.855124 0.907303 0.932570 0.866096 0.772138 0.892763 0.874406 0.950914 0.981205 0.741911 0.738149 0.964918 0.977363 0.916018 0.995641 0.962466 0.856780 0.936247 0.964324 0.954691 0.998789
0.381537 0.483768 0.976758 0.929789 0.813173 0.789610 0.556679 0.593560 0.609515 0.475409 0.411898 0.407582 0.593495 0.643888 0.716224 0.763994 0.000000 0.243564 0.462730 0.481299 0.865853 0.898703 0.989237 0.841378 0.735135 0.805049 0.901870 0.883084 0.317134 0.377760 0.975880 0.916632 0.569704 0.545251 0.737972 0.967784 0.923644 0.999914 0.860148 0.949853 0.784485 0.788885 0.820281 0.687855 0.476785 0.444618 0.806941 0.747374 0.640307 0.670496 0.625048 0.625564 0.691567 0.810501 0.730356 0.757346 0.383906 0.306672 0.422087 0.567730 0.523542 0.592477 0.343866 0.296512 0.958578 0.940120 0.686804 0.728732 0.617549 0.720047 0.718888 0.978665 0.880470 0.815132 0.923058 0.863878 0.761012 0.940930 0.574053 0.890141 0.275981 0.539544 0.735403 0.565134 0.839730 0.975528 0.905033 0.927151 0.747392 0.705370 0.761150 0.814253 0.853699 0.815008 0.772468 0.977957 0.591574 0.751603 0.512102 0.611540 0.734763 0.784274 0.528949 0.556517 0.671969 0.698420 0.992517 0.772598 0.720351 0.750430 0.763081 0.711792 0.752620 0.761639 0.764360 0.996295
0.397747 0.483326 0.988313 0.966476 0.847472 0.777147 0.594793 0.604708 0.629847 0.466733 0.408795 0.389735 0.590034 0.616433 0.742196 0.698547 0.243564 0.000000 0.484146 0.462442 0.912533 0.852507 0.951546 0.810209 0.725657 0.810586 0.922693 0.914666 0.259429 0.311290 0.985824 0.969575 0.573831 0.534464 0.815114 0.949849 0.886676 0.932918 0.818368 0.921485 0.837255 0.748246 0.865097 0.726594 0.510367 0.467820 0.808449 0.796831 0.641526 0.693113 0.637177 0.647195 0.757966 0.843256 0.748439 0.790079 0.386051 0.323624 0.448589 0.606912 0.548655 0.578757 0.346108 0.266446 0.920140 0.947229 0.709909 0.746032 0.591877 0.709153 0.748283 0.953050 0.890161 0.788551 0.988592 0.875075 0.781657 0.906843 0.534765 0.918222 0.247770 0.483402 0.776385 0.553880 0.877925 0.965811 0.882287 0.910511 0.712679 0.766068 0.794402 0.828781 0.858597 0.847637 0.787032 0.999125 0.631026 0.760928 0.522275 0.597362 0.708704 0.828526 0.478302 0.510193 0.618407 0.759986 0.919862 0.782994 0.814098 0.756545 0.766886 0.710310 0.710778 0.775741 0.804217 0.999806
0.393151 0.377925 0.585407 0.567347 0.812003 0.773657 0.446605 0.506252 0.661476 0.693877 0.631669 0.501673 0.552595 0.512803 0.646988 0.536095 0.462730 0.484146 0.000000 0.418795 0.860323 0.901881 0.585748 0.776100 0.942673 0.844947 0.993966 0.999786 0.548967 0.617612 0.738427 0.900067 0.396119 0.402894 0.570553 0.854577 0.722077 0.906711 0.922240 0.894482 0.851489 0.941639 0.584733 0.592115 0.517150 0.502944 0.500655 0.499729 0.784408 0.733187 0.603718 0.591990 0.727605 0.774456 0.677213 0.680617 0.469718 0.381202 0.419296 0.475511 0.443155 0.492010 0.551786 0.571259 0.605297 0.597105 0.526811 0.531681 0.522197 0.670084 0.548237 0.730324 0.794350 0.758407 0.820418 0.831833 0.638451 0.639737 0.706526 0.744458 0.479768 0.601416 0.675945 0.668133 0.537198 0.645642 0.962507 0.949553 0.674115 0.621321 0.674918 0.795786 0.785474 0.747942 0.735996 0.830621 0.555672 0.825386 0.535824 0.539569 0.791604 0.899690 0.627734 0.765278 0.638888 0.513639 0.866848 0.700119 0.670183 0.703931 0.683764 0.683382 0.724550 0.816820 0.805070 0.902733
0.391148 0.279801 0.581620 0.489813 0.990243 0.682771 0.425324 0.407590 0.672039 0.756369 0.623679 0.424558 0.672632 0.580291 0.831503 0.664756 0.481299 0.462442 0.418795 0.000000 0.691938 0.812872 0.687766 0.693582 0.842883 0.737175 0.986551 0.932921 0.560569 0.611000 0.669043 0.634480 0.382776 0.381660 0.621277 0.810370 0.710415 0.776625 0.996403 0.842423 0.668689 0.871006 0.496946 0.481828 0.586698 0.588639 0.486170 0.463295 0.964308 0.754636 0.669230 0.645573 0.842179 0.829904 0.638685 0.668848 0.426115 0.420793 0.503651 0.443766 0.488099 0.361172 0.658090 0.605881 0.644603 0.428376 0.407898 0.402178 0.462259 0.580694 0.553820 0.665673 0.610732 0.590858 0.716187 0.686740 0.693775 0.752942 0.689894 0.748041 0.416161 0.447752 0.665657 0.701086 0.587883 0.539948 0.898568 0.994011 0.681775 0.580031 0.649849 0.865153 0.697198 0.789670 0.662902 0.980912 0.538065 0.765579 0.554174 0.552363 0.694852 0.773377 0.564555 0.802659 0.455206 0.564368 0.821347 0.741270 0.772664 0.779166 0.778652 0.748730 0.743249 0.723618 0.596207 0.982382
0.995089 0.759012 0.520390 0.461259 0.879913 0.995650 0.789568 0.804671 0.978180 0.731327 0.765041 0.994210 0.919633 0.910226 0.881861 0.843612 0.865853 0.912533 0.860323 0.691938 0.000000 0.773663 0.486640 0.444883 0.389849 0.396034 0.739648 0.876170 0.865787 0.997496 0.472169 0.538556 0.640694 0.696818 0.736263 0.793639 0.660593 0.661081 0.828936 0.775361 0.770519 0.723302 0.658499 0.761383 0.982638 0.936444 0.628604 0.751741 0.740165 0.932899 0.944027 0.998264 0.959887 0.980341 0.890899 0.888236 0.913596 0.979159 0.995204 0.926686 0.916397 0.753812 0.761045 0.790475 0.478119 0.460771 0.594959 0.574057 0.806339 0.828669 0.688271 0.613484 0.586231 0.616683 0.723241 0.743661 0.899267 0.719073 0.898969 0.772635 0.998678 0.787156 0.595479 0.974826 0.575309 0.430210 0.663578 0.922610 0.855000 0.725682 0.857253 0.890740 0.917472 0.993902 0.773116 0.827562 0.889687 0.866925 0.995731 0.940159 0.996747 0.911790 0.825022 0.714502 0.700154 0.766843 0.865792 0.925695 0.824810 0.911288 0.987844 0.989729 0.988965 0.955069 0.807313 0.997362
0.874703 0.790170 0.847670 0.808142 0.761669 0.798490 0.794094 0.775327 0.926256 0.929665 0.964393 0.905319 0.926282 0.981151 0.997073 0.964053 0.898703 0.852507 0.901881 0.812872 0.773663 0.000000 0.923027 0.927528 0.864629 0.887496 0.936037 0.920903 0.874636 0.910665 0.829201 0.977489 0.820989 0.833363 0.765622 0.906961 0.846874 0.822808 0.974994 0.934159 0.752738 0.720635 0.837412 0.830112 0.715820 0.846581 0.893741 0.788291 0.892223 0.781623 0.766060 0.796142 0.803356 0.745233 0.869943 0.706372 0.859796 0.915032 0.955730 0.856579 0.904854 0.836520 0.934938 0.891437 0.937173 0.899273 0.715043 0.769897 0.743064 0.854277 0.774003 0.795353 0.833391 0.724772 0.742378 0.944906 0.744571 0.724329 0.857451 0.939746 0.847817 0.846020 0.890505 0.881457 0.980556 0.819904 0.945029 0.951295 0.953251 0.695575 0.758381 0.888765 0.755374 0.896821 0.745930 0.796299 0.810383 0.948585 0.729686 0.846058 0.845360 0.966684 0.813791 0.830454 0.830398 0.814781 0.946520 0.961481 0.912702 0.737305 0.786609 0.884599 0.950959 0.773686 0.792263 0.963043
0.773743 0.699201 0.339318 0.391089 0.862832 0.940094 0.680471 0.787932 0.851564 0.779008 0.925187 0.878599 0.689963 0.594490 0.569372 0.432644 0.989237 0.951546 0.585748 0.687766 0.486640 0.923027 0.000000 0.302230 0.410048 0.426465 0.722081 0.839831 0.994389 0.899883 0.401287 0.540980 0.447061 0.590506 0.607418 0.840410 0.451214 0.681272 0.851754 0.695499 0.894316 0.800447 0.654219 0.831748 0.991270 0.961213 0.522133 0.626554 0.744047 0.833501 0.977539 0.978035 0.905039 0.851017 0.730304 0.856822 0.860486 0.870151 0.802712 0.812711 0.617466 0.677821 0.974307 0.967197 0.250552 0.427153 0.614008 0.602366 0.779105 0.811959 0.676716 0.651400 0.698360 0.746258 0.677500 0.865622 0.830205 0.559503 0.997964 0.680634 0.853221 0.734397 0.540909 0.799159 0.231442 0.266126 0.740862 0.891774 0.668704 0.538845 0.986597 0.859230 0.954129 0.964288 0.701615 0.713274 0.919934 0.918081 0.984414 0.909368 0.892858 0.797302 0.860019 0.713686 0.727854 0.630644 0.992139 0.976498 0.972596 0.947862 0.894409 0.952985 0.939002 0.993966 0.944391 0.921854
0.980347 0.768012 0.430240 0.388033 0.879324 0.884491 0.831279 0.890401 0.914208 0.491938 0.730718 0.978114 0.977092 0.749803 0.937484 0.655063 0.841378 0.810209 0.776100 0.693582 0.444883 0.927528 0.302230 0.000000 0.329014 0.361810 0.663392 0.821564 0.759377 0.903848 0.393086 0.401871 0.616882 0.743914 0.690945 0.765605 0.536728 0.615293 0.762576 0.833958 0.920336 0.786820 0.688902 0.845430 0.939198 0.888276 0.604340 0.646385 0.652013 0.895987 0.979950 0.951270 0.887468 0.927812 0.783724 0.877144 0.952432 0.988320 0.949939 0.944744 0.842822 0.777425 0.798937 0.748900 0.353379 0.415816 0.695330 0.623364 0.806570 0.910091 0.826162 0.717484 0.677451 0.718555 0.756270 0.814925 0.959706 0.684208 0.967554 0.631296 0.978813 0.774834 0.620258 0.928221 0.400172 0.256026 0.689652 0.736511 0.832152 0.580349 0.893164 0.716590 0.873157 0.794559 0.750629 0.915460 0.921987 0.898080 0.824838 0.934504 0.897388 0.714636 0.780057 0.639253 0.855475 0.795576 0.920591 0.875940 0.982953 0.956511 0.970411 0.861249 0.761078 0.964003 0.950703 0.991619
0.823177 0.909599 0.391281 0.407157 0.925252 0.848085 0.861368 0.939888 0.905157 0.579452 0.566083 0.746127 0.759681 0.956401 0.969817 0.881094 0.735135 0.725657 0.942673 0.842883 0.389849 0.864629 0.410048 0.329014 0.000000 0.227606 0.645166 0.767292 0.680055 0.834051 0.317778 0.435091 0.708175 0.795318 0.646598 0.685185 0.434343 0.447146 0.647868 0.709347 0.863693 0.826018 0.688905 0.877033 0.970766 0.844142 0.655870 0.783479 0.696175 0.919982 0.930785 0.927046 0.914453 0.985508 0.817209 0.831514 0.872265 0.828994 0.796132 0.844560 0.926655 0.956915 0.615046 0.602888 0.387836 0.514080 0.666285 0.654500 0.823420 0.955284 0.681840 0.615279 0.519970 0.582939 0.820341 0.893252 0.880405 0.609670 0.821828 0.755361 0.933705 0.784918 0.638574 0.934904 0.502023 0.317322 0.828449 0.850619 0.850429 0.651891 0.993669 0.827116 0.921050 0.916945 0.773525 0.789566 0.940688 0.890871 0.849758 0.881308 0.903056 0.731603 0.838117 0.672988 0.892833 0.901862 0.908614 0.884342 0.945171 0.959808 0.974420 0.793999 0.776643 0.983948 0.997611 0.950130
0.983300 0.770137 0.305562 0.310167 0.841199 0.971159 0.683691 0.737242 0.947926 0.695623 0.713040 0.917373 0.864509 0.982032 0.989217 0.839052 0.805049 0.810586 0.844947 0.737175 0.396034 0.887496 0.426465 0.361810 0.227606 0.000000 0.828084 0.847678 0.779357 0.861150 0.305016 0.410767 0.624944 0.694801 0.672720 0.642463 0.422313 0.473857 0.696401 0.721785 0.803594 0.847367 0.535523 0.721768 0.927424 0.984308 0.515470 0.680942 0.768765 0.994414 0.805039 0.911784 0.982822 0.899514 0.729893 0.821285 0.903195 0.894184 0.928071 0.995053 0.912201 0.740469 0.614508 0.656098 0.348956 0.376724 0.542986 0.527262 0.760175 0.875271 0.567735 0.506840 0.449650 0.515527 0.864585 0.814825 0.792852 0.595616 0.843789 0.717867 0.995820 0.756528 0.711438 0.964586 0.505727 0.311288 0.764179 0.897275 0.749019 0.663419 0.809900 0.999224 0.761646 0.890801 0.735634 0.762357 0.826574 0.996814 0.974656 0.934530 0.907514 0.902114 0.918201 0.767915 0.758281 0.743539 0.788570 0.994563 0.931091 0.915596 0.888002 0.968022 0.949332 0.938611 0.897343 0.971858
0.769937 0.940575 0.905554 0.921431 0.745812 0.684659 0.754912 0.711391 0.752345 0.664931 0.697743 0.809084 0.932183 0.990027 0.925995 0.866952 0.901870 0.922693 0.993966 0.986551 0.739648 0.936037 0.722081 0.663392 0.645166 0.828084 0.000000 0.835427 0.810376 0.905984 0.856770 0.881778 0.949779 0.888736 0.984445 0.871142 0.728859 0.892578 0.792658 0.735994 0.988291 0.863901 0.926448 0.799834 0.862177 0.800245 0.939951 0.914955 0.938774 0.894872 0.847437 0.729531 0.758665 0.787603 0.998822 0.951996 0.976341 0.993561 0.767338 0.722657 0.797742 0.797921 0.905663 0.850500 0.728658 0.969220 0.914619 0.938009 0.949845 0.891231 0.923126 0.921489 0.922379 0.935989 0.831971 0.969528 0.929526 0.933152 0.994069 0.970450 0.964111 0.859291 0.754899 0.891592 0.694850 0.703310 0.890685 0.952791 0.977369 0.809801 0.665604 0.703946 0.730863 0.690602 0.873711 0.992475 0.828440 0.744883 0.794892 0.796965 0.611691 0.646767 0.858235 0.809944 0.913085 0.949071 0.766769 0.642530 0.828294 0.831131 0.894606 0.734807 0.822666 0.934653 0.796326 0.996272
0.872509 0.908127 0.894225 0.918213 0.954646 0.893460 0.861169 0.823138 0.757433 0.794701 0.717129 0.816373 0.877033 0.952166 0.956067 0.988302 0.883084 0.914666 0.999786 0.932921 0.876170 0.920903 0.839831 0.821564 0.767292 0.847678 0.835427 0.000000 0.831422 0.818001 0.866949 0.974221 0.969747 0.895943 0.959706 0.981627 0.810049 0.898646 0.975630 0.865152 0.916733 0.963118 0.978104 0.902279 0.915402 0.919152 0.895781 0.875329 0.881338 0.943732 0.910058 0.873933 0.812656 0.888882 0.879593 0.780518 0.984953 0.958597 0.886201 0.989179 0.868850 0.878805 0.867949 0.762467 0.837282 0.928816 0.969236 0.975054 0.885438 0.853126 0.924655 0.925275 0.832255 0.972875 0.951865 0.966566 0.901650 0.923131 0.766156 0.796268 0.955788 0.883619 0.792048 0.973068 0.827796 0.802816 0.878806 0.823560 0.930248 0.753687 0.797545 0.759636 0.822347 0.776592 0.930770 0.940898 0.937733 0.848551 0.786582 0.832664 0.766715 0.740477 0.921485 0.815810 0.890666 0.820336 0.925735 0.735877 0.879154 0.924676 0.927929 0.884869 0.816898 0.970625 0.780662 0.994021
0.403586 0.567604 0.977751 0.980983 0.789565 0.782289 0.592736 0.594129 0.546713 0.422063 0.332160 0.360447 0.468709 0.585551 0.598607 0.612412 0.317134 0.259429 0.548967 0.560569 0.865787 0.874636 0.994389 0.759377 0.680055 0.779357 0.810376 0.831422 0.000000 0.275057 0.992605 0.894456 0.568517 0.576682 0.823586 0.852222 0.953541 0.981909 0.712583 0.989380 0.863375 0.770093 0.898523 0.777010 0.533409 0.487290 0.857082 0.800778 0.622047 0.742732 0.734087 0.694977 0.787253 0.903792 0.730129 0.726090 0.517741 0.447841 0.446945 0.603277 0.455627 0.547654 0.313970 0.246135 0.935005 0.968899 0.771256 0.822875 0.713995 0.717912 0.800981 0.973901 0.928571 0.804869 0.930648 0.926503 0.776689 0.963205 0.519020 0.981663 0.317691 0.546657 0.723887 0.530833 0.846283 0.997793 0.972166 0.926501 0.675395 0.760904 0.807223 0.835981 0.894076 0.814634 0.795566 0.955816 0.717252 0.818215 0.540631 0.584960 0.749156 0.819510 0.572151 0.639505 0.677816 0.723140 0.871489 0.793162 0.835095 0.734081 0.796943 0.720506 0.688116 0.763567 0.771089 0.965329
0.481138 0.632159 0.936960 0.960230 0.836054 0.942612 0.633189 0.676149 0.634533 0.558441 0.392097 0.401942 0.493171 0.473368 0.649066 0.642687 0.377760 0.311290 0.617612 0.611000 0.997496 0.910665 0.899883 0.903848 0.834051 0.861150 0.905984 0.818001 0.275057 0.000000 0.884485 0.954735 0.538365 0.556319 0.839003 0.878300 0.877908 0.837719 0.862913 0.873741 0.893548 0.868486 0.995294 0.867758 0.697344 0.700664 0.948253 0.887109 0.856326 0.951968 0.846494 0.854943 0.916666 0.978954 0.862741 0.881738 0.530457 0.506803 0.508277 0.685191 0.498526 0.583172 0.305534 0.254797 0.968826 0.931417 0.777975 0.813006 0.806796 0.802830 0.833316 0.996858 0.936885 0.836915 0.920878 0.958660 0.783600 0.886127 0.622015 0.903094 0.322909 0.582106 0.649066 0.551677 0.800481 0.901468 0.904667 0.935713 0.752880 0.754279 0.951256 0.954908 0.995492 0.984666 0.873270 0.924388 0.777880 0.932968 0.696976 0.784535 0.780387 0.971658 0.702918 0.778033 0.695966 0.843502 0.947434 0.925725 0.950639 0.815318 0.909812 0.880302 0.893350 0.913123 0.833163 0.933224
0.884133 0.647160 0.407616 0.402673 0.852215 0.978359 0.641193 0.666069 0.912035 0.795129 0.895899 0.964461 0.953378 0.757996 0.924522 0.773253 0.975880 0.985824 0.738427 0.669043 0.472169 0.829201 0.401287 0.393086 0.317778 0.305016 0.856770 0.866949 0.992605 0.884485 0.000000 0.323955 0.418797 0.567828 0.557159 0.706894 0.467348 0.473122 0.805695 0.808314 0.679546 0.982696 0.580165 0.712403 0.840184 0.909981 0.613662 0.720038 0.725805 0.982070 0.768147 0.880227 0.967411 0.900126 0.735961 0.758286 0.857723 0.874581 0.921294 0.856536 0.735294 0.636976 0.923096 0.941419 0.480259 0.427770 0.495432 0.501653 0.676519 0.743451 0.618911 0.474416 0.422034 0.511143 0.769532 0.775025 0.866118 0.636701 0.998138 0.692779 0.833650 0.700446 0.528960 0.916563 0.481641 0.333453 0.849945 0.827850 0.720642 0.558198 0.893838 0.814171 0.872473 0.940464 0.712757 0.774535 0.709660 0.885146 0.947097 0.944053 0.892574 0.914723 0.962698 0.819056 0.690771 0.698485 0.800366 0.943702 0.914836 0.771767 0.868236 0.957306 0.859281 0.858287 0.802393 0.899591
0.952677 0.725538 0.579477 0.537719 0.735447 0.933102 0.801735 0.782830 0.962098 0.693383 0.867143 0.995255 0.860128 0.830946 0.883626 0.882667 0.916632 0.969575 0.900067 0.634480 0.538556 0.977489 0.540980 0.401871 0.435091 0.410767 0.881778 0.974221 0.894456 0.954735 0.323955 0.000000 0.587877 0.675073 0.746376 0.755052 0.620793 0.545049 0.753856 0.938228 0.806311 0.918756 0.696758 0.739343 0.986978 0.991448 0.695253 0.787822 0.650154 0.908658 0.881498 0.957568 0.946477 0.986529 0.832807 0.910279 0.920310 0.971570 0.945234 0.922120 0.866417 0.718103 0.840247 0.871155 0.626056 0.500679 0.646760 0.599269 0.789681 0.929991 0.780766 0.631533 0.536001 0.553331 0.850580 0.769923 0.991165 0.727094 0.941081 0.795574 0.919914 0.802774 0.686030 0.983324 0.646957 0.429473 0.892673 0.844759 0.848267 0.761030 0.997987 0.742119 0.934993 0.868678 0.742222 0.909809 0.813631 0.907591 0.956634 0.958079 0.870828 0.901936 0.932048 0.747465 0.685931 0.865961 0.906112 0.932725 0.887821 0.965328 0.957871 0.874274 0.859710 0.914883 0.843641 0.950474
0.407728 0.348046 0.481802 0.459483 0.898879 0.720174 0.412514 0.420419 0.595351 0.810271 0.633957 0.466815 0.595367 0.404654 0.638592 0.577086 0.569704 0.573831 0.396119 0.382776 0.640694 0.820989 0.447061 0.616882 0.708175 0.624944 0.949779 0.969747 0.568517 0.538365 0.418797 0.587877 0.000000 0.284532 0.485364 0.819947 0.586573 0.721881 0.981852 0.806443 0.658618 0.935928 0.583941 0.630866 0.675491 0.717878 0.565768 0.603953 0.892482 0.973612 0.755591 0.791368 0.927337 0.987131 0.696669 0.656658 0.476204 0.466444 0.443756 0.420883 0.329447 0.330503 0.577931 0.569464 0.520453 0.407403 0.386364 0.371916 0.569935 0.572692 0.533198 0.538850 0.635379 0.605715 0.739302 0.725534 0.739642 0.637530 0.732040 0.700746 0.468041 0.546321 0.543815 0.667643 0.409318 0.412226 0.833775 0.950074 0.547659 0.483649 0.776145 0.968057 0.800662 0.897742 0.705251 0.754581 0.630742 0.842594 0.616515 0.628847 0.734587 0.927786 0.766935 0.892018 0.512173 0.490773 0.817125 0.798974 0.792675 0.680724 0.732504 0.827065 0.832794 0.890188 0.615652 0.970915
0.354449 0.306528 0.482410 0.443385 0.977985 0.682237 0.299994 0.322303 0.519464 0.672484 0.574175 0.401917 0.661820 0.511966 0.762397 0.663543 0.545251 0.534464 0.402894 0.381660 0.696818 0.833363 0.590506 0.743914 0.795318 0.694801 0.888736 0.895943 0.576682 0.556319 0.567828 0.675073 0.284532 0.000000 0.510794 0.780441 0.745537 0.769893 0.948722 0.784594 0.762852 0.867985 0.501083 0.497132 0.597938 0.625622 0.519910 0.550617 0.998862 0.836178 0.633919 0.626952 0.759068 0.785233 0.735029 0.698425 0.518708 0.486236 0.402950 0.407653 0.359395 0.311781 0.614872 0.554767 0.609355 0.426151 0.311370 0.334746 0.566275 0.625226 0.423811 0.496451 0.653612 0.592795 0.780049 0.791482 0.598237 0.643203 0.677009 0.774857 0.476945 0.601447 0.670812 0.736023 0.572527 0.563827 0.935246 0.980179 0.564606 0.565009 0.578612 0.793095 0.569454 0.695152 0.682706 0.826998 0.512653 0.778770 0.486967 0.512431 0.556133 0.758509 0.643427 0.739953 0.453537 0.473891 0.669344 0.603132 0.740009 0.663180 0.670361 0.755716 0.685252 0.855493 0.627936 0.957054
0.663895 0.570892 0.492861 0.491416 0.867707 0.841590 0.467488 0.496725 0.672360 0.773256 0.895807 0.758601 0.938652 0.770837 0.811617 0.846528 0.737972 0.815114 0.570553 0.621277 0.736263 0.765622 0.607418 0.690945 0.646598 0.672720 0.984445 0.959706 0.823586 0.839003 0.557159 0.746376 0.485364 0.510794 0.000000 0.789642 0.735310 0.768168 0.932082 0.806513 0.648890 0.827494 0.527496 0.605151 0.598617 0.694123 0.655438 0.583764 0.976422 0.806293 0.620354 0.693997 0.661647 0.746830 0.627248 0.570653 0.722590 0.734214 0.654391 0.638488 0.648542 0.625829 0.869694 0.844005 0.573908 0.575409 0.387632 0.472153 0.621926 0.694531 0.450933 0.529853 0.616405 0.568302 0.883128 0.829252 0.636452 0.675853 0.921484 0.870213 0.707881 0.733258 0.674322 0.751367 0.591571 0.560692 0.814959 0.968385 0.744893 0.564106 0.593233 0.793691 0.643166 0.665253 0.614080 0.732621 0.595917 0.800389 0.663327 0.667247 0.824418 0.960829 0.757892 0.940920 0.712088 0.506625 0.965300 0.767646 0.714842 0.659926 0.660272 0.927457 0.845470 0.909781 0.708019 0.991762
0.966163 0.791718 0.801254 0.707668 0.878791 0.997144 0.878426 0.852652 0.982854 0.908493 0.810437 0.969449 0.734143 0.968079 0.854007 0.939140 0.967784 0.949849 0.854577 0.810370 0.793639 0.906961 0.840410 0.765605 0.685185 0.642463 0.871142 0.981627 0.852222 0.878300 0.706894 0.755052 0.819947 0.780441 0.789642 0.000000 0.705553 0.808690 0.801783 0.859346 0.772353 0.921994 0.736814 0.829025 0.870421 0.974434 0.850108 0.884141 0.919469 0.956759 0.759089 0.858350 0.785054 0.807158 0.845307 0.927468 0.959818 0.950936 0.925852 0.970816 0.947848 0.870016 0.826229 0.854568 0.844112 0.732827 0.696554 0.686198 0.977458 0.812319 0.675033 0.694736 0.685325 0.727088 0.961466 0.862540 0.838052 0.895911 0.970428 0.944757 0.952418 0.969396 0.817589 0.991411 0.869691 0.697921 0.821921 0.910112 0.842672 0.834990 0.819991 0.995992 0.706535 0.881936 0.980105 0.917187 0.776775 0.926262 0.901790 0.986777 0.756207 0.897283 0.909665 0.955656 0.858561 0.881244 0.921026 0.884504 0.820607 0.879139 0.870735 0.942239 0.911162 0.989126 0.980867 0.928140
0.850546 0.747586 0.472322 0.523689 0.941713 0.992948 0.763914 0.861138 0.880554 0.837139 0.890015 0.978171 0.957062 0.789640 0.797666 0.638544 0.923644 0.886676 0.722077 0.710415 0.660593 0.846874 0.451214 0.536728 0.434343 0.422313 0.728859 0.810049 0.953541 0.877908 0.467348 0.620793 0.586573 0.745537 0.735310 0.705553 0.000000 0.472311 0.693078 0.694057 0.745970 0.979607 0.696809 0.860172 0.875632 0.968869 0.573895 0.762436 0.910170 0.955342 0.810193 0.893131 0.992706 0.989502 0.704255 0.830755 0.831605 0.854442 0.921113 0.972158 0.858480 0.836530 0.972657 0.968499 0.499112 0.621497 0.666086 0.625770 0.713015 0.778379 0.674502 0.651783 0.584399 0.637758 0.917999 0.923708 0.838071 0.577437 0.852809 0.859069 0.744539 0.705097 0.582913 0.728498 0.461050 0.392023 0.954636 0.954211 0.637859 0.539989 0.990756 0.965895 0.946094 0.987973 0.815627 0.753797 0.896233 0.982512 0.908994 0.894537 0.963826 0.743744 0.906835 0.919530 0.741554 0.846322 0.956882 0.950829 0.847044 0.857989 0.827487 0.996099 0.911532 0.892063 0.983258 0.968047
0.988267 0.843564 0.629142 0.566885 0.865363 0.964517 0.803533 0.837702 0.976910 0.861133 0.859469 0.979339 0.844638 0.873771 0.919432 0.911723 0.999914 0.932918 0.906711 0.776625 0.661081 0.822808 0.681272 0.615293 0.447146 0.473857 0.892578 0.898646 0.981909 0.837719 0.473122 0.545049 0.721881 0.769893 0.768168 0.808690 0.472311 0.000000 0.647069 0.755308 0.832422 0.931976 0.769714 0.823678 0.914829 0.977128 0.669037 0.801406 0.827954 0.988119 0.796034 0.942806 0.985990 0.929064 0.844818 0.894725 0.983576 0.994980 0.995570 0.982147 0.969122 0.852263 0.884155 0.943050 0.689867 0.661395 0.679734 0.641344 0.839665 0.893819 0.691993 0.700743 0.491713 0.582190 0.830720 0.966513 0.863246 0.659230 0.946583 0.784182 0.859394 0.771728 0.692407 0.796104 0.712966 0.511385 0.971851 0.915428 0.774372 0.702103 0.956711 0.895384 0.865562 0.946548 0.778969 0.761371 0.756531 0.811666 0.984924 0.969688 0.869941 0.849917 0.958475 0.921486 0.851072 0.948019 0.813998 0.914079 0.856869 0.921635 0.952509 0.883883 0.897225 0.742639 0.893062 0.865170
