0.000000 0.526987 0.643691 0.615023 0.983466 0.831034 0.516802 0.451033 0.798776 0.568745 0.573515 0.532426 0.530621 0.741328 0.996665 0.954069 0.517913 0.487692 0.520102 0.664002 0.850793 0.928704 0.926383 0.739137 0.902358 0.972288 0.852553 0.996937 0.798468 0.716345 0.982743 0.883144 0.571997 0.489882 0.745615 0.948843 0.984262 0.764042 0.791788 0.846105 0.825703 0.954043 0.690071 0.693928 0.764935 0.637860 0.616323 0.674947 0.847393 0.956031 0.961703 0.779118 0.813025 0.825609 0.722728 0.730301 0.533827 0.644841 0.613098 0.752448 0.395630 0.436426 0.436373 0.416311 0.816620 0.619325 0.715381 0.772917 0.814583 0.721153 0.907387 0.981415 0.958441 0.998989 0.986004 0.965073 0.708226 0.731327 0.754823 0.941185 0.518855 0.550136 0.930485 0.744532 0.805441 0.845591 0.858211 0.851924 0.819064 0.712717 0.724119 0.931381 0.779977 0.971489 0.810237 0.784771 0.763807 0.921802 0.563979 0.651642 0.783050 0.999411 0.706893 0.680141 0.968840 0.769468 0.994729 0.916010 0.838886 0.987589 0.848266 0.724145 0.871966 0.744154 0.928302 0.980434
0.526987 0.000000 0.908801 0.774473 0.925929 0.838065 0.837102 0.624099 0.960619 0.766447 0.774989 0.553425 0.659346 0.657859 0.884664 0.745320 0.558084 0.555314 0.654145 0.762725 0.985076 0.999163 0.977198 0.890194 0.937819 0.989225 0.996086 0.911108 0.768720 0.612746 0.976662 0.946649 0.631645 0.665291 0.859561 0.975955 0.946958 0.868640 0.932522 0.933921 0.881088 0.951566 0.748366 0.678701 0.755839 0.675595 0.744313 0.692915 0.744423 0.921929 0.986881 0.893155 0.948882 0.963313 0.812996 0.942672 0.579671 0.557305 0.707895 0.790234 0.632059 0.548388 0.608292 0.524202 0.923895 0.726088 0.915449 0.869403 0.822581 0.640599 0.887981 0.883043 0.904528 0.951453 0.961649 0.907600 0.844213 0.792185 0.756914 0.972732 0.597722 0.672030 0.990183 0.753012 0.949841 0.904269 0.988301 0.910231 0.926735 0.849233 0.968606 0.876543 0.960714 0.830055 0.828910 0.835076 0.813518 0.912178 0.738237 0.796020 0.865338 0.919603 0.789229 0.731986 0.974484 0.809155 0.940227 0.928221 0.989926 0.908914 0.991239 0.827804 0.856889 0.835598 0.857293 0.992321
0.643691 0.908801 0.000000 0.446100 0.893929 0.955427 0.335844 0.496725 0.694959 0.565842 0.726012 0.920575 0.855760 0.882342 0.814814 0.691994 0.830543 0.711256 0.719589 0.799314 0.829286 0.985182 0.898090 0.902526 0.911941 0.940601 0.882136 0.896094 0.956038 0.985132 0.882450 0.995786 0.555498 0.572178 0.697249 0.873388 0.964366 0.877200 0.855208 0.760482 0.859541 0.810168 0.684423 0.741314 0.731099 0.745531 0.694503 0.718581 0.983756 0.976977 0.927420 0.939861 0.838151 0.796414 0.752695 0.716817 0.787400 0.967659 0.607480 0.734006 0.498205 0.699207 0.663912 0.707644 0.530120 0.607430 0.485341 0.546073 0.992218 0.859327 0.960577 0.926059 0.966813 0.988555 0.883156 0.966417 0.717209 0.929207 0.944371 0.973861 0.645840 0.595033 0.970464 0.749447 0.620556 0.751992 0.863218 0.906124 0.771494 0.686610 0.569613 0.651618 0.513127 0.661368 0.783136 0.715653 0.671220 0.793642 0.530596 0.550116 0.752651 0.904900 0.779092 0.755709 0.798447 0.572654 0.881330 0.823826 0.847934 0.928644 0.719377 0.681460 0.813630 0.842489 0.962938 0.998076
0.615023 0.774473 0.446100 0.000000 0.985954 0.846992 0.487603 0.383168 0.875313 0.619777 0.657110 0.742875 0.914905 0.996148 0.693025 0.777584 0.896010 0.682358 0.762488 0.786513 0.835065 0.922120 0.992525 0.911161 0.906110 0.865725 0.961756 0.985084 0.951208 0.957130 0.865647 0.912280 0.619550 0.485586 0.614855 0.832974 0.914362 0.995579 0.729591 0.667547 0.789970 0.831759 0.630204 0.633084 0.722645 0.688682 0.638034 0.593819 0.944763 0.901833 0.923669 0.893119 0.765336 0.777854 0.830933 0.666575 0.891856 0.955434 0.654673 0.666901 0.562655 0.558678 0.694693 0.661916 0.586062 0.422191 0.395612 0.415742 0.816775 0.790391 0.750483 0.742793 0.994291 0.936058 0.962851 0.951583 0.696915 0.844673 0.845797 0.991429 0.641536 0.625795 0.865083 0.812301 0.814348 0.746968 0.795928 0.715067 0.935338 0.607113 0.646925 0.805525 0.539347 0.746958 0.734094 0.666605 0.653963 0.809004 0.480399 0.677797 0.737349 0.899427 0.671155 0.654684 0.747372 0.618047 0.838797 0.829570 0.802582 0.917043 0.719521 0.694590 0.972447 0.795689 0.989161 0.960395
0.983466 0.925929 0.893929 0.985954 0.000000 0.957580 0.881828 0.927640 0.778008 0.993766 0.763205 0.821830 0.931600 0.931876 0.639318 0.912612 0.861745 0.872575 0.832712 0.870744 0.905775 0.901897 0.564320 0.683992 0.903318 0.985957 0.939377 0.883738 0.859587 0.818353 0.789000 0.797450 0.983772 0.964391 0.882974 0.974550 0.925115 0.842300 0.910401 0.948338 0.970728 0.894172 0.787639 0.785091 0.984402 0.907053 0.970963 0.935650 0.989431 0.877729 0.883003 0.727006 0.751296 0.745780 0.942048 0.986525 0.845200 0.740920 0.880392 0.950345 0.912761 0.944206 0.868908 0.970192 0.680903 0.954180 0.889624 0.879408 0.918074 0.998096 0.994268 0.944510 0.710055 0.826973 0.947422 0.989706 0.921380 0.814082 0.891701 0.881552 0.837316 0.772802 0.686872 0.685532 0.593188 0.612699 0.772433 0.690276 0.751314 0.724484 0.951912 0.924159 0.968078 0.958280 0.942776 0.986326 0.962378 0.798939 0.985596 0.897269 0.948685 0.867144 0.776846 0.877943 0.936936 0.942878 0.923391 0.926903 0.869459 0.880813 0.965136 0.980256 0.994832 0.941270 0.969926 0.811866
0.831034 0.838065 0.955427 0.846992 0.957580 0.000000 0.940720 0.800598 0.959421 0.940676 0.896672 0.766504 0.775278 0.826060 0.919433 0.753136 0.996408 0.927417 0.907729 0.911913 0.927601 0.864489 0.877951 0.881900 0.957926 0.890970 0.854848 0.830202 0.943926 0.950914 0.991298 0.882473 0.980424 0.997167 0.897349 0.931293 0.932697 0.811006 0.908853 0.881341 0.810599 0.947076 0.981336 0.947432 0.906797 0.905033 0.913729 0.951485 0.935772 0.888633 0.932337 0.817816 0.947411 0.994639 0.853888 0.891456 0.996199 0.995207 0.953916 0.999288 0.860985 0.814897 0.991923 0.988873 0.884583 0.829254 0.985614 0.940568 0.916277 0.858221 0.789701 0.767512 0.986634 0.956020 0.955138 0.926885 0.869015 0.867584 0.952008 0.957688 0.955781 0.998714 0.807869 0.907966 0.900289 0.955670 0.913793 0.766960 0.982185 0.953444 0.872038 0.934395 0.846184 0.906695 0.871349 0.876036 0.987461 0.967968 0.827516 0.968015 0.960814 0.808780 0.946853 0.921373 0.932217 0.856995 0.826191 0.903688 0.959784 0.918467 0.848939 0.954887 0.919378 0.922020 0.868665 0.837087
0.516802 0.837102 0.335844 0.487603 0.881828 0.940720 0.000000 0.469511 0.616869 0.502985 0.707110 0.817581 0.672552 0.971532 0.895471 0.750592 0.732356 0.594973 0.592820 0.698124 0.904656 0.959922 0.903981 0.832398 0.961458 0.983621 0.826936 0.818068 0.951531 0.873420 0.915601 0.913019 0.511082 0.533734 0.676203 0.911310 0.988466 0.809510 0.860445 0.851450 0.808017 0.898749 0.713264 0.762882 0.759573 0.690959 0.740579 0.720610 0.970396 0.962369 0.939412 0.955003 0.802971 0.787403 0.742844 0.709057 0.711874 0.826510 0.564415 0.677465 0.358314 0.592941 0.487044 0.556170 0.581888 0.616395 0.549563 0.631157 0.941946 0.860119 0.998884 0.960640 0.990792 0.986468 0.901321 0.989498 0.736079 0.947806 0.861982 0.932554 0.543831 0.501098 0.996478 0.701573 0.578734 0.787517 0.881819 0.907262 0.738619 0.706981 0.517465 0.626269 0.543119 0.718747 0.735546 0.773128 0.657203 0.829482 0.471384 0.528711 0.824193 0.839204 0.767978 0.699746 0.813091 0.622384 0.897322 0.838500 0.801975 0.938923 0.696983 0.674097 0.855412 0.831488 0.918853 0.984530
0.451033 0.624099 0.496725 0.383168 0.927640 0.800598 0.469511 0.000000 0.846242 0.461160 0.504046 0.486749 0.682917 0.870318 0.727531 0.863560 0.723305 0.605479 0.630227 0.632755 0.904380 0.989634 0.845592 0.697651 0.817403 0.921749 0.861570 0.874081 0.923157 0.832386 0.976308 0.806698 0.621876 0.409318 0.716901 0.924273 0.968364 0.832118 0.720752 0.674955 0.840472 0.906883 0.644260 0.675654 0.842714 0.727111 0.641104 0.630725 0.975457 0.816337 0.905672 0.743043 0.614187 0.581803 0.722160 0.694671 0.805584 0.785074 0.475116 0.513144 0.408517 0.337528 0.579717 0.458042 0.776669 0.399869 0.522920 0.481456 0.974134 0.672860 0.841673 0.850864 0.957161 0.972324 0.996362 0.993952 0.578601 0.773582 0.826815 0.930355 0.620900 0.656038 0.725623 0.872582 0.951630 0.928358 0.708693 0.587784 0.869272 0.654134 0.716490 0.947166 0.635800 0.950121 0.776193 0.755070 0.582656 0.779691 0.436163 0.668142 0.667463 0.951105 0.596898 0.662848 0.782980 0.609801 0.908451 0.848717 0.805711 0.921776 0.708687 0.757142 0.925722 0.751938 0.964954 0.980847
0.798776 0.960619 0.694959 0.875313 0.778008 0.959421 0.616869 0.846242 0.000000 0.633925 0.919954 0.985370 0.764141 0.905906 0.864309 0.918226 0.842099 0.839908 0.818279 0.890689 0.941331 0.960141 0.703382 0.979738 0.856227 0.904726 0.897473 0.891118 0.820748 0.903729 0.921328 0.985987 0.813305 0.905487 0.902707 0.857542 0.970443 0.793683 0.875408 0.820199 0.876218 0.942495 0.892946 0.836284 0.993743 0.989134 0.971329 0.909258 0.959090 0.991933 0.975339 0.932059 0.870703 0.936439 0.954774 0.908139 0.775339 0.803734 0.884693 0.914262 0.628830 0.848780 0.609393 0.677718 0.680408 0.957619 0.962003 0.877090 0.787883 0.929825 0.881165 0.800340 0.975735 0.869530 0.885883 0.953963 0.944657 0.979341 0.790538 0.908623 0.710713 0.703812 0.738923 0.717603 0.606753 0.753886 0.882438 0.841308 0.822130 0.723916 0.805718 0.809734 0.807999 0.860377 0.916024 0.908260 0.816698 0.983289 0.864638 0.671309 0.933235 0.911719 0.977288 0.854373 0.807350 0.890695 0.963179 0.969673 0.879245 0.924392 0.853907 0.957948 0.969403 0.876326 0.925551 0.786253
0.568745 0.766447 0.565842 0.619777 0.993766 0.940676 0.502985 0.461160 0.633925 0.000000 0.558513 0.677296 0.733796 0.957784 0.811949 0.801434 0.747005 0.667210 0.549160 0.566476 0.867672 0.988788 0.950606 0.747110 0.686349 0.778882 0.752271 0.744204 0.881651 0.936864 0.978822 0.862619 0.639639 0.558543 0.776323 0.882187 0.938666 0.764381 0.951318 0.933559 0.954126 0.957996 0.890787 0.896070 0.954075 0.853753 0.770975 0.920885 0.945219 0.936568 0.931311 0.944918 0.694966 0.649712 0.754281 0.816808 0.792958 0.727127 0.515143 0.530724 0.471110 0.520634 0.526262 0.435917 0.908608 0.680242 0.655457 0.695153 0.743855 0.771838 0.959700 0.941732 0.985498 0.985434 0.865554 0.935438 0.742147 0.907268 0.898878 0.873978 0.634969 0.672881 0.816430 0.884080 0.840277 0.971200 0.748829 0.793173 0.817385 0.661586 0.673115 0.865393 0.643292 0.958231 0.853591 0.659817 0.499316 0.895407 0.535242 0.619751 0.753051 0.957400 0.576018 0.668115 0.665635 0.642858 0.934662 0.824804 0.806267 0.854436 0.773816 0.826792 0.962596 0.798164 0.912506 0.877155
0.573515 0.774989 0.726012 0.657110 0.763205 0.896672 0.707110 0.504046 0.919954 0.558513 0.000000 0.496461 0.688336 0.893368 0.674444 0.854828 0.732135 0.743958 0.715451 0.663585 0.827404 0.995492 0.628492 0.558750 0.792883 0.939303 0.735989 0.958448 0.903457 0.987967 0.777955 0.732351 0.793755 0.511475 0.780822 0.956269 0.962520 0.817074 0.828243 0.833464 0.813550 0.957497 0.729930 0.738168 0.970018 0.781277 0.732405 0.845616 0.969523 0.782429 0.727413 0.574165 0.606234 0.544652 0.802781 0.694492 0.891574 0.892625 0.676272 0.716888 0.625335 0.513682 0.674068 0.557696 0.901682 0.734104 0.735003 0.737211 0.743012 0.707102 0.929449 0.954098 0.858783 0.879377 0.987981 0.997073 0.635258 0.726531 0.848897 0.976762 0.761795 0.828827 0.704056 0.974836 0.826134 0.845085 0.674157 0.622682 0.862286 0.784453 0.800895 0.890348 0.748504 0.971437 0.868843 0.741299 0.706792 0.788411 0.666324 0.865356 0.731560 0.949663 0.592003 0.720343 0.989588 0.834394 0.913291 0.940226 0.892735 0.943643 0.862770 0.799856 0.921487 0.836908 0.901062 0.884725
0.532426 0.553425 0.920575 0.742875 0.821830 0.766504 0.817581 0.486749 0.985370 0.677296 0.496461 0.000000 0.529090 0.607942 0.878375 0.848937 0.675644 0.652349 0.662224 0.662382 0.987181 0.904385 0.668916 0.645591 0.730919 0.822232 0.918048 0.950498 0.895423 0.752265 0.759638 0.739887 0.854244 0.598126 0.848772 0.990608 0.997737 0.784976 0.808058 0.834599 0.891742 0.959651 0.749939 0.743420 0.990017 0.817388 0.783584 0.776429 0.978973 0.775074 0.798731 0.669075 0.676618 0.658710 0.715984 0.794102 0.790623 0.697678 0.624691 0.688386 0.559915 0.405605 0.626520 0.494361 0.930015 0.639299 0.892809 0.843507 0.809162 0.605270 0.997030 0.925947 0.925539 0.890971 0.947694 0.911251 0.646805 0.719813 0.772096 0.918694 0.711599 0.809539 0.756211 0.942712 0.819110 0.890698 0.822915 0.621774 0.899824 0.875982 0.974140 0.782664 0.946705 0.782096 0.867391 0.946758 0.770284 0.823976 0.703687 0.916700 0.784855 0.983306 0.684769 0.832169 0.956700 0.811433 0.972187 0.945690 0.919970 0.990013 0.918835 0.873466 0.979430 0.793363 0.971729 0.928116
0.530621 0.659346 0.855760 0.914905 0.931600 0.775278 0.672552 0.682917 0.764141 0.733796 0.688336 0.529090 0.000000 0.561174 0.740402 0.720448 0.659406 0.608842 0.608028 0.734110 0.986042 0.887755 0.929954 0.795772 0.738937 0.786182 0.859964 0.950058 0.781113 0.655125 0.893014 0.859107 0.840853 0.706506 0.898029 0.885894 0.950778 0.715812 0.959791 0.998610 0.852904 0.882362 0.892950 0.912004 0.989112 0.821532 0.755886 0.840128 0.967788 0.987906 0.886619 0.872752 0.863743 0.820433 0.733874 0.745625 0.662333 0.624378 0.696822 0.755599 0.485859 0.532893 0.545592 0.524348 0.940748 0.802651 0.942484 0.955779 0.788530 0.750975 0.848326 0.922714 0.972272 0.845701 0.930434 0.785027 0.831286 0.906386 0.847670 0.979631 0.673251 0.667073 0.962649 0.758353 0.836736 0.969519 0.926761 0.954931 0.741576 0.933468 0.923289 0.918085 0.971393 0.830489 0.930052 0.984693 0.902601 0.925339 0.755044 0.817641 0.975516 0.995224 0.897570 0.953916 0.932894 0.862936 0.869022 0.947437 0.935660 0.968317 0.953635 0.884922 0.891528 0.826097 0.988069 0.966598
0.741328 0.657859 0.882342 0.996148 0.931876 0.826060 0.971532 0.870318 0.905906 0.957784 0.893368 0.607942 0.561174 0.000000 0.639399 0.482754 0.727940 0.704480 0.759437 0.793842 0.934816 0.901907 0.977835 0.928000 0.973878 0.979875 0.869269 0.937258 0.830663 0.588900 0.885936 0.845847 0.949947 0.848554 0.860007 0.985983 0.964587 0.960103 0.832849 0.893778 0.961965 0.856222 0.887572 0.834618 0.951527 0.834188 0.707151 0.745791 0.937591 0.965949 0.969440 0.928612 0.993924 0.985102 0.812608 0.734587 0.808031 0.760134 0.994566 0.959680 0.795599 0.704591 0.765830 0.757601 0.978808 0.751936 0.926370 0.971923 0.957945 0.727623 0.921112 0.776990 0.903399 0.972500 0.852586 0.827051 0.918178 0.839644 0.790774 0.861458 0.788088 0.740574 0.807211 0.719347 0.945329 0.817795 0.939302 0.942652 0.963698 0.998523 0.865798 0.789391 0.763191 0.764673 0.975867 0.990046 0.921014 0.964325 0.994487 0.966083 0.956737 0.904229 0.965614 0.949725 0.920410 0.967772 0.888779 0.909417 0.907281 0.980260 0.899626 0.930372 0.942265 0.993407 0.902617 0.907691
0.996665 0.884664 0.814814 0.693025 0.639318 0.919433 0.895471 0.727531 0.864309 0.811949 0.674444 0.878375 0.740402 0.639399 0.000000 0.511840 0.822909 0.813537 0.916429 0.958154 0.921683 0.877575 0.568549 0.630552 0.945506 0.986917 0.845440 0.948243 0.756670 0.645489 0.722257 0.648229 0.949951 0.821325 0.928571 0.941704 0.982957 0.914815 0.849344 0.895986 0.935914 0.815582 0.736505 0.813091 0.980657 0.962903 0.984117 0.969405 0.902460 0.782591 0.949938 0.766402 0.651403 0.649940 0.977631 0.972269 0.746440 0.738723 0.793911 0.812437 0.999660 0.883976 0.881936 0.989933 0.824811 0.925249 0.673620 0.695933 0.969591 0.922479 0.983574 0.992227 0.777073 0.902787 0.989321 0.852042 0.820472 0.891438 0.849877 0.936906 0.847521 0.778631 0.561337 0.633253 0.645555 0.684485 0.613902 0.525380 0.904688 0.989982 0.817931 0.898436 0.639319 0.798992 0.930886 0.894405 0.769523 0.849414 0.805027 0.927288 0.761151 0.866931 0.645004 0.754495 0.923792 0.832189 0.791183 0.805186 0.998486 0.935896 0.773561 0.994757 0.920958 0.924317 0.895749 0.897038
0.954069 0.745320 0.691994 0.777584 0.912612 0.753136 0.750592 0.863560 0.918226 0.801434 0.854828 0.848937 0.720448 0.482754 0.511840 0.000000 0.869893 0.882199 0.938229 0.976332 0.944304 0.965197 0.880229 0.765329 0.986169 0.946843 0.806091 0.820822 0.886202 0.669055 0.836166 0.747600 0.965525 0.938736 0.853875 0.978067 0.926842 0.949836 0.973290 0.970653 0.947949 0.813852 0.883241 0.926736 0.929093 0.960591 0.912785 0.895518 0.932168 0.947534 0.917267 0.926731 0.752056 0.771679 0.897070 0.977476 0.845812 0.753996 0.847383 0.918786 0.950770 0.966744 0.982064 0.999315 0.992762 0.936788 0.752513 0.824658 0.908589 0.952178 0.897825 0.844323 0.789799 0.960657 0.961865 0.825491 0.932298 0.887466 0.864412 0.829460 0.997802 0.955534 0.744258 0.825683 0.935055 0.870704 0.759098 0.779305 0.925325 0.912989 0.773176 0.768261 0.616820 0.787173 0.908926 0.864378 0.755444 0.827618 0.875184 0.846486 0.897237 0.890288 0.793400 0.836975 0.968345 0.928370 0.881467 0.828924 0.918217 0.994931 0.695434 0.901516 0.857182 0.989781 0.863604 0.967629
0.517913 0.558084 0.830543 0.896010 0.861745 0.996408 0.732356 0.723305 0.842099 0.747005 0.732135 0.675644 0.659406 0.727940 0.822909 0.869893 0.000000 0.534295 0.602913 0.630075 0.922570 0.948277 0.920456 0.935038 0.889889 0.910167 0.999627 0.909622 0.697987 0.654602 0.988906 0.990514 0.679032 0.718807 0.766824 0.954836 0.892014 0.736622 0.952460 0.868135 0.955189 0.996189 0.906661 0.821688 0.823961 0.729246 0.820541 0.769791 0.873963 0.924434 0.979404 0.906952 0.987698 0.988930 0.768931 0.810741 0.589967 0.620203 0.799785 0.935711 0.577349 0.611016 0.504927 0.498905 0.878351 0.780273 0.964513 0.986489 0.718450 0.686889 0.973968 0.933741 0.926214 0.941347 0.996985 0.941867 0.820952 0.929971 0.744939 0.986193 0.496272 0.553947 0.894281 0.659202 0.756999 0.812492 0.896230 0.922173 0.845058 0.810333 0.837567 0.969458 0.958278 0.896689 0.871966 0.803315 0.807187 0.991349 0.789609 0.789927 0.992615 0.839667 0.818696 0.828067 0.913454 0.961292 0.991010 0.977831 0.975093 0.966430 0.919607 0.796665 0.802074 0.914034 0.982959 0.951805
0.487692 0.555314 0.711256 0.682358 0.872575 0.927417 0.594973 0.605479 0.839908 0.667210 0.743958 0.652349 0.608842 0.704480 0.813537 0.882199 0.534295 0.000000 0.559098 0.632500 0.905648 0.855016 0.841337 0.963902 0.970938 0.994015 0.964675 0.998152 0.700099 0.538505 0.874054 0.935429 0.554131 0.574874 0.743626 0.819916 0.911145 0.781827 0.855241 0.865258 0.847692 0.995100 0.774695 0.709893 0.758190 0.669495 0.638197 0.697884 0.846201 0.931225 0.989398 0.935029 0.943113 0.960759 0.617714 0.704073 0.499654 0.642449 0.729788 0.813421 0.478760 0.540111 0.424574 0.482155 0.722444 0.617769 0.767737 0.797086 0.931045 0.722235 0.858116 0.970130 0.820405 0.958703 0.981424 0.981363 0.835538 0.898123 0.721256 0.940940 0.389791 0.416548 0.877123 0.592244 0.670326 0.683316 0.956025 0.951343 0.784722 0.636956 0.821009 0.969991 0.908780 0.906274 0.783515 0.758937 0.847772 0.956238 0.723907 0.723968 0.926293 0.881246 0.897539 0.838896 0.842482 0.751967 0.987255 0.903049 0.825287 0.889580 0.895389 0.796586 0.856889 0.806103 0.937294 0.969728
0.520102 0.654145 0.719589 0.762488 0.832712 0.907729 0.592820 0.630227 0.818279 0.549160 0.715451 0.662224 0.608028 0.759437 0.916429 0.938229 0.602913 0.559098 0.000000 0.600590 0.966878 0.889545 0.858596 0.994382 0.830763 0.946265 0.929180 0.944805 0.712631 0.675924 0.882652 0.952846 0.617863 0.608996 0.713498 0.928896 0.999418 0.698611 0.967099 0.981015 0.915036 0.981017 0.954058 0.883992 0.964909 0.795707 0.801016 0.836993 0.957335 0.962166 0.928898 0.985373 0.852823 0.908231 0.678108 0.740095 0.665053 0.670418 0.770630 0.785511 0.503427 0.575113 0.442932 0.509186 0.866316 0.709151 0.825609 0.859217 0.777190 0.818690 0.898473 0.966143 0.797892 0.877043 0.987470 0.958017 0.864479 0.789480 0.810733 0.985853 0.528382 0.560026 0.958105 0.718005 0.714360 0.827663 0.868882 0.976691 0.781010 0.771302 0.760730 0.936039 0.846090 0.914451 0.840066 0.813324 0.727032 0.921742 0.666327 0.690003 0.897253 0.875995 0.748423 0.875659 0.851042 0.755909 0.922911 0.865038 0.973864 0.916660 0.863094 0.799948 0.845874 0.799855 0.986729 0.834110
0.664002 0.762725 0.799314 0.786513 0.870744 0.911913 0.698124 0.632755 0.890689 0.566476 0.663585 0.662382 0.734110 0.793842 0.958154 0.976332 0.630075 0.632500 0.600590 0.000000 0.940974 0.883050 0.977491 0.798203 0.769628 0.734134 0.859648 0.701636 0.813131 0.762201 0.975019 0.879451 0.733738 0.655691 0.758815 0.968066 0.970084 0.805791 0.930946 0.927817 0.949677 0.901503 0.899957 0.856461 0.999141 0.839410 0.875535 0.754182 0.990196 0.947052 0.994154 0.964239 0.775757 0.728181 0.925904 0.804045 0.758726 0.606213 0.576159 0.548908 0.617898 0.586107 0.629978 0.564528 0.975347 0.739097 0.823266 0.799556 0.811036 0.718434 0.959651 0.965172 0.851159 0.867659 0.844980 0.996697 0.778983 0.984112 0.802773 0.990222 0.686200 0.698958 0.980506 0.845767 0.923295 0.928267 0.842528 0.885699 0.809866 0.760204 0.876836 0.953941 0.911157 0.848657 0.906534 0.817447 0.720841 0.908196 0.723853 0.824956 0.755290 0.907112 0.724417 0.833562 0.891294 0.872354 0.981914 0.938332 0.878342 0.933588 0.727163 0.909878 0.970254 0.997043 0.999635 0.981329
0.850793 0.985076 0.829286 0.835065 0.905775 0.927601 0.904656 0.904380 0.941331 0.867672 0.827404 0.987181 0.986042 0.934816 0.921683 0.944304 0.922570 0.905648 0.966878 0.940974 0.000000 0.976777 0.969432 0.979232 0.899164 0.909662 0.844186 0.984023 0.939316 0.879932 0.969275 0.991912 0.854293 0.852557 0.876032 0.982818 0.835507 0.980327 0.991167 0.986213 0.930987 0.956732 0.830412 0.817438 0.863701 0.935842 0.794231 0.941733 0.919994 0.979361 0.987585 0.902046 0.857363 0.908211 0.860318 0.965410 0.881995 0.945318 0.878962 0.946610 0.962838 0.994916 0.973381 0.986073 0.910978 0.931829 0.760493 0.848828 0.981115 0.904070 0.990548 0.936004 0.973950 0.977542 0.990283 0.985550 0.921631 0.905182 0.990615 0.953427 0.984524 0.997124 0.854701 0.912227 0.976626 0.969616 0.972940 0.979500 0.916308 0.859950 0.906448 0.988309 0.885938 0.929535 0.951061 0.775950 0.878221 0.905865 0.928743 0.961445 0.834016 0.923783 0.881119 0.943344 0.977858 0.962910 0.968270 0.955757 0.845528 0.931634 0.929444 0.820170 0.888942 0.921249 0.947257 0.900163
0.928704 0.999163 0.985182 0.922120 0.901897 0.864489 0.959922 0.989634 0.960141 0.988788 0.995492 0.904385 0.887755 0.901907 0.877575 0.965197 0.948277 0.855016 0.889545 0.883050 0.976777 0.000000 0.983617 0.936923 0.944153 0.967804 0.939660 0.883068 0.940664 0.940818 0.989331 0.887447 0.976438 0.990120 0.970051 0.945237 0.992619 0.974449 0.997986 0.928661 0.918262 0.822493 0.952830 0.888984 0.953240 0.886128 0.997907 0.907206 0.986075 0.961711 0.894899 0.927431 0.936092 0.999065 0.872819 0.980735 0.790456 0.884137 0.977097 0.903677 0.924100 0.989861 0.892201 0.928653 0.973835 0.942671 0.947196 0.925730 0.999653 0.936521 0.951982 0.891404 0.851555 0.976046 0.944596 0.925763 0.910423 0.996040 0.912233 0.996640 0.957319 0.934360 0.869016 0.884998 0.936427 0.979056 0.765061 0.895476 0.944779 0.962526 0.931864 0.997228 0.859415 0.893961 0.981806 0.977144 0.942679 0.847204 0.916430 0.943371 0.960143 0.753383 0.975818 0.925317 0.916779 0.901772 0.970215 0.907850 0.926680 0.854766 0.929118 0.893104 0.988773 0.945918 0.966091 0.918043
0.926383 0.977198 0.898090 0.992525 0.564320 0.877951 0.903981 0.845592 0.703382 0.950606 0.628492 0.668916 0.929954 0.977835 0.568549 0.880229 0.920456 0.841337 0.858596 0.977491 0.969432 0.983617 0.000000 0.450047 0.784586 0.921833 0.866975 0.988009 0.875308 0.782907 0.524837 0.571245 0.824412 0.930981 0.823380 0.907903 0.892037 0.923048 0.780885 0.897077 0.867969 0.940739 0.794077 0.803091 0.924262 0.988203 0.960380 0.971258 0.901428 0.733404 0.712504 0.511017 0.653236 0.617773 0.983129 0.965731 0.799421 0.834204 0.864847 0.936912 0.983370 0.837854 0.848146 0.987639 0.580819 0.938812 0.997552 0.994693 0.864925 0.887024 0.889284 0.934855 0.648367 0.770175 0.868892 0.975209 0.811849 0.840909 0.828153 0.945860 0.758958 0.663662 0.523271 0.564501 0.407745 0.543478 0.730596 0.489846 0.905289 0.725644 0.981298 0.852072 0.974966 0.969127 0.949388 0.873074 0.940616 0.852250 0.976450 0.841122 0.831785 0.902035 0.771847 0.871400 0.779363 0.913054 0.959527 0.939026 0.898965 0.989946 0.993649 0.996105 0.985195 0.956453 0.898201 0.762394
0.739137 0.890194 0.902526 0.911161 0.683992 0.881900 0.832398 0.697651 0.979738 0.747110 0.558750 0.645591 0.795772 0.928000 0.630552 0.765329 0.935038 0.963902 0.994382 0.798203 0.979232 0.936923 0.450047 0.000000 0.726585 0.801076 0.722658 0.843256 0.959444 0.864507 0.558123 0.505691 0.995588 0.836681 0.888617 0.891722 0.969469 0.775384 0.836236 0.940090 0.855177 0.978045 0.800889 0.821724 0.956479 0.915002 0.975636 0.959928 0.991264 0.860834 0.751468 0.624388 0.696995 0.589603 0.994225 0.992835 0.966595 0.925770 0.628167 0.758479 0.753159 0.711181 0.942775 0.781256 0.704164 0.979048 0.948884 0.985227 0.734779 0.836255 0.909892 0.890873 0.671368 0.775840 0.986119 0.947320 0.717886 0.861261 0.910178 0.789607 0.989340 0.873028 0.600880 0.758893 0.613557 0.567402 0.731089 0.527430 0.907933 0.969791 0.832882 0.993027 0.792008 0.985274 0.969055 0.988999 0.858609 0.845111 0.808997 0.902873 0.783039 0.808262 0.641620 0.775482 0.950809 0.975147 0.948304 0.999643 0.913556 0.908786 0.839838 0.911023 0.968618 0.847850 0.912767 0.865051
0.902358 0.937819 0.911941 0.906110 0.903318 0.957926 0.961458 0.817403 0.856227 0.686349 0.792883 0.730919 0.738937 0.973878 0.945506 0.986169 0.889889 0.970938 0.830763 0.769628 0.899164 0.944153 0.784586 0.726585 0.000000 0.529402 0.837252 0.718135 0.895843 0.999086 0.686057 0.682121 0.878694 0.935245 0.910654 0.676936 0.862526 0.698296 0.929036 0.913404 0.943861 0.798773 0.710143 0.737876 0.646750 0.756761 0.840032 0.843815 0.723636 0.810608 0.790388 0.905181 0.757610 0.701821 0.941721 0.898140 0.878582 0.818112 0.728884 0.639259 0.803012 0.717049 0.887344 0.697742 0.697938 0.999675 0.872898 0.877297 0.684840 0.979185 0.844068 0.785838 0.917508 0.953864 0.870226 0.983400 0.944338 0.978199 0.892955 0.801372 0.944279 0.889072 0.681000 0.807627 0.759451 0.654854 0.842255 0.754284 0.987894 0.925905 0.948742 0.901597 0.937388 0.824752 0.879382 0.881229 0.880103 0.995029 0.908654 0.988016 0.969827 0.919421 0.775177 0.892006 0.896504 0.994673 0.844221 0.989193 0.995136 0.991066 0.998864 0.947876 0.955558 0.903226 0.888059 0.901746
0.972288 0.989225 0.940601 0.865725 0.985957 0.890970 0.983621 0.921749 0.904726 0.778882 0.939303 0.822232 0.786182 0.979875 0.986917 0.946843 0.910167 0.994015 0.946265 0.734134 0.909662 0.967804 0.921833 0.801076 0.529402 0.000000 0.915482 0.673662 0.973510 0.966800 0.718071 0.835734 0.875900 0.990420 0.886769 0.710206 0.783849 0.808194 0.848799 0.891311 0.910018 0.738069 0.805541 0.793236 0.837981 0.872393 0.914458 0.843085 0.801239 0.999781 0.910380 0.907827 0.829825 0.699072 0.946040 0.895234 0.963326 0.785717 0.691344 0.674227 0.849380 0.834448 0.903285 0.768651 0.748169 0.983017 0.842485 0.913136 0.787883 0.887109 0.757172 0.774396 0.905453 0.898311 0.870459 0.952921 0.902147 0.776802 0.904249 0.884551 0.970174 0.974650 0.844570 0.848461 0.908650 0.693830 0.968934 0.871290 0.942039 0.878107 0.859692 0.832874 0.862104 0.750146 0.801837 0.891254 0.863070 0.953215 0.982434 0.985151 0.961601 0.943140 0.946611 0.987174 0.825893 0.938880 0.847187 0.983759 0.924486 0.942675 0.890643 0.880366 0.927124 0.907023 0.864698 0.829237
0.852553 0.996086 0.882136 0.961756 0.939377 0.854848 0.826936 0.861570 0.897473 0.752271 0.735989 0.918048 0.859964 0.869269 0.845440 0.806091 0.999627 0.964675 0.929180 0.859648 0.844186 0.939660 0.866975 0.722658 0.837252 0.915482 0.000000 0.851384 0.843229 0.841355 0.957056 0.756599 0.906358 0.847633 0.847773 0.901919 0.857256 0.932511 0.993469 0.964719 0.924851 0.976829 0.803772 0.881573 0.863312 0.821561 0.925280 0.986371 0.831013 0.862460 0.946185 0.995534 0.869761 0.828825 0.943533 0.890424 0.846547 0.872922 0.713261 0.831001 0.874472 0.953583 0.903248 0.823514 0.882429 0.901255 0.920106 0.903299 0.699586 0.871189 0.945248 0.904671 0.801089 0.837109 0.961202 0.975942 0.938882 0.985312 0.932706 0.767787 0.974621 0.917653 0.856116 0.912819 0.972504 0.787559 0.949880 0.907519 0.839704 0.970565 0.864274 0.933880 0.816538 0.959866 0.995024 0.897279 0.794633 0.820990 0.852309 0.828057 0.843844 0.817131 0.749794 0.848614 0.885531 0.928304 0.987102 0.859672 0.855111 0.977632 0.832066 0.892713 0.938340 0.867914 0.948505 0.871020
0.996937 0.911108 0.896094 0.985084 0.883738 0.830202 0.818068 0.874081 0.891118 0.744204 0.958448 0.950498 0.950058 0.937258 0.948243 0.820822 0.909622 0.998152 0.944805 0.701636 0.984023 0.883068 0.988009 0.843256 0.718135 0.673662 0.851384 0.000000 0.928652 0.994879 0.938972 0.938808 0.930965 0.974711 0.979782 0.921201 0.930335 0.920209 0.989106 0.957508 0.984469 0.917396 0.947293 0.964481 0.943989 0.999537 0.962965 0.988939 0.971914 0.878255 0.923904 0.823451 0.858500 0.836502 0.943524 0.966874 0.961643 0.829440 0.731149 0.715465 0.824542 0.904625 0.930032 0.830157 0.909331 0.989604 0.989618 0.935956 0.964116 0.927205 0.955416 0.871383 0.889418 0.926214 0.863821 0.917334 0.925251 0.839783 0.987917 0.819774 0.957041 0.978328 0.934385 0.989025 0.973215 0.821706 0.958188 0.968116 0.849197 0.945630 0.910389 0.895041 0.925088 0.999998 0.990209 0.957126 0.784028 0.906949 0.865052 0.887167 0.998954 0.966251 0.981228 0.944206 0.952666 0.970366 0.900988 0.906249 0.792132 0.926705 0.811736 0.973743 0.961587 0.951607 0.975037 0.914901
0.798468 0.768720 0.956038 0.951208 0.859587 0.943926 0.951531 0.923157 0.820748 0.881651 0.903457 0.895423 0.781113 0.830663 0.756670 0.886202 0.697987 0.700099 0.712631 0.813131 0.939316 0.940664 0.875308 0.959444 0.895843 0.973510 0.843229 0.928652 0.000000 0.591461 0.988338 0.846030 0.849812 0.853765 0.999154 0.939339 0.988649 0.726113 0.957804 0.854701 0.937197 0.957025 0.839689 0.933918 0.837591 0.934998 0.929964 0.940704 0.875146 0.816348 0.734022 0.850187 0.942223 0.998712 0.920880 0.790892 0.776366 0.860732 0.962488 0.983835 0.823155 0.748772 0.743976 0.768157 0.968768 0.897736 0.846291 0.876158 0.894338 0.895763 0.913077 0.910580 0.777192 0.795441 0.932390 0.898135 0.868645 0.887079 0.885902 0.939261 0.767917 0.805291 0.854285 0.790771 0.895330 0.866298 0.947503 0.899437 0.900157 0.833455 0.899880 0.741975 0.813452 0.700537 0.931153 0.866865 0.960736 0.948284 0.961533 0.956753 0.894690 0.794725 0.993187 0.959770 0.987622 0.932659 0.907741 0.853645 0.868564 0.938674 0.944481 0.999139 0.831531 0.976440 0.968655 0.812377
0.716345 0.612746 0.985132 0.957130 0.818353 0.950914 0.873420 0.832386 0.903729 0.936864 0.987967 0.752265 0.655125 0.588900 0.645489 0.669055 0.654602 0.538505 0.675924 0.762201 0.879932 0.940818 0.782907 0.864507 0.999086 0.966800 0.841355 0.994879 0.591461 0.000000 0.801372 0.769991 0.743241 0.775652 0.885413 0.819020 0.929326 0.901788 0.933435 0.932309 0.975718 0.916038 0.945786 0.918235 0.974898 0.883749 0.731265 0.823590 0.851560 0.930428 0.961928 0.938530 0.907195 0.925369 0.717508 0.771791 0.645802 0.672923 0.905963 0.892646 0.727228 0.698749 0.630822 0.686461 0.828006 0.733032 0.934853 0.975918 0.976253 0.892337 0.921539 0.860262 0.763196 0.832536 0.935451 0.890508 0.954169 0.885546 0.720841 0.754394 0.670591 0.593095 0.721998 0.626788 0.746550 0.740762 0.793952 0.861355 0.840119 0.816613 0.859353 0.765423 0.789280 0.730817 0.879858 0.997477 0.993333 0.924785 0.890641 0.940636 0.882127 0.882358 0.871113 0.995373 0.921033 0.845648 0.975401 0.924912 0.977044 0.980107 0.958701 0.992219 0.844552 0.957489 0.947061 0.904669
0.982743 0.976662 0.882450 0.865647 0.789000 0.991298 0.915601 0.976308 0.921328 0.978822 0.777955 0.759638 0.893014 0.885936 0.722257 0.836166 0.988906 0.874054 0.882652 0.975019 0.969275 0.989331 0.524837 0.558123 0.686057 0.718071 0.957056 0.938972 0.988338 0.801372 0.000000 0.549081 0.692020 0.946371 0.776856 0.818746 0.927312 0.731232 0.970583 0.884917 0.977585 0.866893 0.896541 0.891305 0.702114 0.763144 0.751343 0.728668 0.681355 0.690371 0.631026 0.614086 0.754737 0.662471 0.962412 0.835405 0.837213 0.919368 0.881512 0.915778 0.971367 0.898227 0.912219 0.976383 0.714753 0.861143 0.818689 0.774355 0.739539 0.941738 0.686078 0.749410 0.750832 0.722893 0.976073 0.998119 0.942767 0.947725 0.873899 0.936444 0.825358 0.759695 0.655741 0.706990 0.580621 0.576415 0.895141 0.690151 0.937013 0.905078 0.895178 0.837101 0.890436 0.855581 0.976504 0.876107 0.898253 0.978122 0.859535 0.821377 0.961174 0.917474 0.838059 0.969190 0.896819 0.876074 0.997807 0.890547 0.890805 0.957704 0.914213 0.929033 0.918861 0.961632 0.944165 0.864355
0.883144 0.946649 0.995786 0.912280 0.797450 0.882473 0.913019 0.806698 0.985987 0.862619 0.732351 0.739887 0.859107 0.845847 0.648229 0.747600 0.990514 0.935429 0.952846 0.879451 0.991912 0.887447 0.571245 0.505691 0.682121 0.835734 0.756599 0.938808 0.846030 0.769991 0.549081 0.000000 0.872389 0.975140 0.971125 0.751157 0.991818 0.837513 0.955742 0.933254 0.907536 0.941665 0.928492 0.976883 0.893264 0.989227 0.866141 0.887338 0.970927 0.959982 0.855993 0.761454 0.747457 0.714108 0.936005 0.856721 0.919754 0.954121 0.697656 0.784879 0.877998 0.801894 0.991742 0.867823 0.749178 0.893049 0.966864 0.917738 0.738216 0.870643 0.963516 0.872479 0.751334 0.715638 0.991211 0.923478 0.896486 0.994089 0.888097 0.761188 0.972791 0.808730 0.594244 0.744361 0.627145 0.614577 0.709413 0.568098 0.895988 0.912406 0.841622 0.944848 0.777694 0.984117 0.879354 0.890388 0.898713 0.925560 0.886643 0.993983 0.917991 0.785262 0.698737 0.812953 0.952806 0.924089 0.988030 0.971789 0.894816 0.932889 0.978015 0.977343 0.917470 0.879688 0.976369 0.851243
0.571997 0.631645 0.555498 0.619550 0.983772 0.980424 0.511082 0.621876 0.813305 0.639639 0.793755 0.854244 0.840853 0.949947 0.949951 0.965525 0.679032 0.554131 0.617863 0.733738 0.854293 0.976438 0.824412 0.995588 0.878694 0.875900 0.906358 0.930965 0.849812 0.743241 0.692020 0.872389 0.000000 0.550714 0.703936 0.850312 0.973245 0.969909 0.944365 0.917963 0.791742 0.881273 0.683548 0.607565 0.623709 0.560533 0.749722 0.613671 0.742395 0.828345 0.874790 0.983037 0.946990 0.953650 0.785941 0.863442 0.579552 0.723383 0.697724 0.825590 0.557754 0.697321 0.546031 0.628521 0.715274 0.683638 0.615722 0.630689 0.935663 0.854198 0.855248 0.992838 0.928187 0.899683 0.932879 0.981888 0.766521 0.819365 0.808479 0.896865 0.527172 0.537713 0.899632 0.680910 0.632704 0.741890 0.963530 0.926168 0.864802 0.804310 0.699897 0.814728 0.701285 0.868141 0.729646 0.718076 0.685890 0.850007 0.600194 0.627418 0.831353 0.991031 0.863522 0.712546 0.920816 0.704812 0.867463 0.818583 0.857656 0.810492 0.820102 0.663261 0.773225 0.853189 0.983751 0.963579
0.489882 0.665291 0.572178 0.485586 0.964391 0.997167 0.533734 0.409318 0.905487 0.558543 0.511475 0.598126 0.706506 0.848554 0.821325 0.938736 0.718807 0.574874 0.608996 0.655691 0.852557 0.990120 0.930981 0.836681 0.935245 0.990420 0.847633 0.974711 0.853765 0.775652 0.946371 0.975140 0.550714 0.000000 0.701223 0.815531 0.893807 0.933607 0.783298 0.661530 0.808089 0.957406 0.667316 0.684461 0.819209 0.688405 0.623115 0.644207 0.978550 0.890354 0.951949 0.827865 0.665197 0.652727 0.715217 0.633179 0.732790 0.787251 0.618390 0.594470 0.507202 0.444079 0.544497 0.486818 0.817080 0.467199 0.512140 0.494114 0.943403 0.633346 0.941562 0.879599 0.915622 0.954088 0.989816 0.965943 0.738630 0.741440 0.798239 0.984792 0.604197 0.609973 0.845587 0.828839 0.840234 0.843300 0.855518 0.794196 0.854339 0.694639 0.761767 0.992725 0.722459 0.973421 0.839809 0.737837 0.638332 0.880149 0.498453 0.639308 0.711201 0.999823 0.672848 0.745718 0.808293 0.681432 0.884719 0.831478 0.872095 0.864247 0.747489 0.701726 0.817323 0.865857 0.935843 0.944810
0.745615 0.859561 0.697249 0.614855 0.882974 0.897349 0.676203 0.716901 0.902707 0.776323 0.780822 0.848772 0.898029 0.860007 0.928571 0.853875 0.766824 0.743626 0.713498 0.758815 0.876032 0.970051 0.823380 0.888617 0.910654 0.886769 0.847773 0.979782 0.999154 0.885413 0.776856 0.971125 0.703936 0.701223 0.000000 0.915913 0.901413 0.912405 0.950338 0.894848 0.979457 0.872930 0.762727 0.803953 0.701533 0.677123 0.776604 0.742432 0.827224 0.916342 0.839543 0.929839 0.970656 0.962064 0.822175 0.655618 0.865435 0.928251 0.908595 0.929958 0.718865 0.789010 0.695655 0.714649 0.730391 0.754081 0.697522 0.725980 0.954680 0.786872 0.818994 0.751823 0.908572 0.967502 0.944840 0.999401 0.907355 0.903166 0.733396 0.925993 0.617403 0.611424 0.870669 0.667491 0.688227 0.676306 0.845199 0.938135 0.956904 0.771916 0.727411 0.781542 0.655910 0.864264 0.874424 0.743703 0.698793 0.913356 0.694707 0.744327 0.946169 0.872052 0.826970 0.823807 0.993180 0.768106 0.949288 0.710058 0.819971 0.983775 0.828695 0.850545 0.962288 0.880321 0.783859 0.960145
0.948843 0.975955 0.873388 0.832974 0.974550 0.931293 0.911310 0.924273 0.857542 0.882187 0.956269 0.990608 0.885894 0.985983 0.941704 0.978067 0.954836 0.819916 0.928896 0.968066 0.982818 0.945237 0.907903 0.891722 0.676936 0.710206 0.901919 0.921201 0.939339 0.819020 0.818746 0.751157 0.850312 0.815531 0.915913 0.000000 0.774067 0.940641 0.882420 0.729368 0.952965 0.933413 0.831103 0.893614 0.903660 0.940607 0.872959 0.852739 0.956696 0.975040 0.927021 0.963798 0.963792 0.929182 0.871911 0.824212 0.894653 0.949063 0.951828 0.958938 0.957173 0.985237 0.966096 0.943863 0.742787 0.788329 0.794149 0.732450 0.760028 0.929470 0.790059 0.859456 0.894705 0.906311 0.906128 0.923611 0.928059 0.859060 0.884271 0.817618 0.900184 0.836938 0.979403 0.958670 0.880613 0.825451 0.993776 0.937161 0.930701 0.824195 0.981534 0.970937 0.943092 0.934215 0.767780 0.969475 0.949277 0.957923 0.951870 0.963870 0.966451 0.924941 0.883977 0.932241 0.981583 0.881801 0.821372 0.979505 0.932257 0.959265 0.974932 0.922503 0.916346 0.913034 0.843650 0.918447
0.984262 0.946958 0.964366 0.914362 0.925115 0.932697 0.988466 0.968364 0.970443 0.938666 0.962520 0.997737 0.950778 0.964587 0.982957 0.926842 0.892014 0.911145 0.999418 0.970084 0.835507 0.992619 0.892037 0.969469 0.862526 0.783849 0.857256 0.930335 0.988649 0.929326 0.927312 0.991818 0.973245 0.893807 0.901413 0.774067 0.000000 0.882532 0.995988 0.928805 0.953839 0.842643 0.928036 0.945118 0.942639 0.978793 0.963090 0.919333 0.942060 0.997516 0.949397 0.979772 0.918146 0.931107 0.850040 0.977471 0.879552 0.960543 0.991825 0.997197 0.998397 0.973659 0.986767 0.972238 0.822034 0.895700 0.935767 0.880413 0.951199 0.995992 0.855287 0.842278 0.938951 0.873705 0.871638 0.921256 0.971712 0.855802 0.787718 0.914747 0.931369 0.997040 0.914902 0.893442 0.929550 0.903585 0.977885 0.981983 0.963768 0.884638 0.926959 0.973443 0.887623 0.968327 0.980739 0.954538 0.906876 0.987801 0.925402 0.932872 0.971530 0.911778 0.845651 0.911205 0.926210 0.833412 0.942044 0.994477 0.969205 0.999851 0.999717 0.882282 0.882795 0.819686 0.811970 0.990876
0.764042 0.868640 0.877200 0.995579 0.842300 0.811006 0.809510 0.832118 0.793683 0.764381 0.817074 0.784976 0.715812 0.960103 0.914815 0.949836 0.736622 0.781827 0.698611 0.805791 0.980327 0.974449 0.923048 0.775384 0.698296 0.808194 0.932511 0.920209 0.726113 0.901788 0.731232 0.837513 0.969909 0.933607 0.912405 0.940641 0.882532 0.000000 0.967885 0.980039 0.999923 0.838585 0.788954 0.791588 0.720165 0.738987 0.911564 0.855178 0.719445 0.761994 0.647922 0.741724 0.875162 0.802512 0.964717 0.985127 0.909528 0.783718 0.846170 0.887726 0.667440 0.746731 0.766959 0.746304 0.965345 0.940708 0.869879 0.781940 0.774812 0.921629 0.799742 0.796947 0.915406 0.895339 0.923988 0.999378 0.883692 0.980660 0.975514 0.949465 0.845192 0.891552 0.859871 0.993601 0.987462 0.956272 0.997732 0.868919 0.805192 0.827755 0.998532 0.890377 0.911784 0.823567 0.848802 0.984024 0.962290 0.933999 0.946569 0.994312 0.930725 0.892228 0.997607 0.940345 0.980770 0.952557 0.981573 0.869445 0.997533 0.964142 0.994454 0.983783 0.928320 0.933248 0.987513 0.909070
