0.000000 0.217092 0.827998 0.531276 0.782968 0.577176 0.612218 0.491595 0.800316 0.670823 0.297658 0.289204 0.340550 0.380458 0.547179 0.414222 0.256871 0.288452 0.366158 0.305930 0.766363 0.886013 0.735152 0.722625 0.935878 0.961303 0.970663 0.993588 0.368905 0.396296 0.900953 0.871731 0.415012 0.420369 0.877926 0.662481 0.692163 0.747268 0.773634 0.647309 0.738748 0.763610 0.606580 0.593097 0.606115 0.526875 0.333076 0.314483 0.358613 0.383098 0.591341 0.520166 0.866842 0.775388 0.427659 0.407159 0.252101 0.213056 0.260957 0.303855 0.291912 0.383650 0.250938 0.263705 0.648538 0.411062 0.757663 0.738003 0.460926 0.489858 0.744004 0.814075 0.681771 0.660723 0.713106 0.773863 0.576212 0.673591 0.406462 0.454583 0.245775 0.257183 0.504643 0.337086 0.450359 0.517054 0.932898 0.998331 0.599363 0.418477 0.942891 0.955411 0.909156 0.880191 0.743952 0.696888 0.737701 0.815534 0.487575 0.589991 0.884121 0.924329 0.674447 0.691503 0.536139 0.572547 0.936619 0.972163 0.762727 0.850410 0.912481 0.492883 0.651910 0.902759 0.714104 0.982462
0.217092 0.000000 0.750311 0.476723 0.838145 0.575932 0.554154 0.472572 0.706369 0.661062 0.286258 0.297557 0.362657 0.362356 0.547865 0.345169 0.248789 0.255999 0.358017 0.264681 0.703470 0.977548 0.691416 0.647188 0.900439 0.965814 0.952594 0.920430 0.294686 0.339189 0.755684 0.697311 0.336438 0.353969 0.956287 0.669884 0.616014 0.710748 0.739766 0.634272 0.786382 0.664016 0.477837 0.454906 0.530261 0.457202 0.338512 0.316173 0.315172 0.339337 0.448146 0.423717 0.736312 0.878791 0.480952 0.419649 0.212250 0.176330 0.302657 0.344040 0.276643 0.398891 0.258823 0.267686 0.602549 0.432336 0.711482 0.640634 0.482501 0.471198 0.635777 0.693020 0.603819 0.560165 0.718241 0.799236 0.535098 0.587623 0.376556 0.395975 0.278880 0.313558 0.454906 0.370309 0.491117 0.506302 0.986007 0.976010 0.631923 0.452576 0.920721 0.975915 0.878425 0.894297 0.710311 0.690219 0.793155 0.826617 0.482969 0.544597 0.895160 0.983120 0.653651 0.677182 0.553232 0.531452 0.938389 0.954816 0.753906 0.922022 0.917038 0.485824 0.645735 0.846610 0.718675 0.964772
0.827998 0.750311 0.000000 0.357998 0.802884 0.873184 0.554623 0.733606 0.756264 0.910967 0.869074 0.904974 0.693718 0.777998 0.682762 0.660779 0.955835 0.852994 0.599325 0.705785 0.619929 0.846824 0.497434 0.622743 0.474408 0.433988 0.892284 0.869382 0.758000 0.841813 0.602024 0.636211 0.597235 0.701529 0.797081 0.894737 0.606146 0.741971 0.548675 0.809242 0.859624 0.774816 0.718982 0.759155 0.831367 0.813376 0.687335 0.795764 0.879480 0.750415 0.729852 0.757149 0.801638 0.948160 0.816334 0.981244 0.859959 0.759443 0.862277 0.714287 0.652470 0.881131 0.917466 0.938186 0.430120 0.564699 0.664893 0.668957 0.681349 0.555978 0.780024 0.711276 0.773097 0.680479 0.934913 0.866525 0.706281 0.729423 0.685288 0.813188 0.959616 0.878823 0.868415 0.912757 0.756385 0.790209 0.899509 0.928844 0.892343 0.781552 0.702821 0.632389 0.670281 0.697250 0.986008 0.909552 0.845018 0.802946 0.871911 0.778971 0.949686 0.824252 0.988207 0.938308 0.691341 0.804300 0.944194 0.819193 0.948104 0.956452 0.999306 0.855319 0.768783 0.982636 0.823914 0.803013
0.531276 0.476723 0.357998 0.000000 0.834513 0.631517 0.501954 0.437507 0.645683 0.733106 0.537699 0.506616 0.481074 0.437159 0.599549 0.451106 0.664990 0.574406 0.465771 0.460557 0.583301 0.935058 0.550801 0.553295 0.666891 0.553336 0.918294 0.852385 0.530864 0.587494 0.662737 0.693599 0.462656 0.524081 0.817107 0.750044 0.577881 0.645466 0.586268 0.702734 0.781277 0.850016 0.651153 0.674327 0.745483 0.706277 0.526316 0.639267 0.649261 0.556202 0.619916 0.610862 0.769936 0.982033 0.656092 0.772674 0.636648 0.495886 0.647043 0.516110 0.449575 0.522052 0.613045 0.597867 0.428716 0.282601 0.658889 0.646538 0.500450 0.321965 0.665326 0.677673 0.792976 0.655145 0.846728 0.728608 0.654159 0.710048 0.457735 0.624793 0.708418 0.592147 0.758616 0.710744 0.619836 0.628856 0.883477 0.944485 0.739085 0.603596 0.695510 0.711194 0.614374 0.735695 0.703924 0.779843 0.787982 0.813248 0.705916 0.726012 0.845202 0.858172 0.857376 0.892427 0.581953 0.652712 0.915195 0.980029 0.937610 0.957119 0.951263 0.755029 0.778972 0.972448 0.701227 0.759066
0.782968 0.838145 0.802884 0.834513 0.000000 0.863728 0.819320 0.797596 0.966349 0.901874 0.954064 0.816001 0.610329 0.793777 0.610633 0.647438 0.909481 0.901964 0.876936 0.925840 0.951387 0.961235 0.607726 0.615688 0.771453 0.969781 0.730539 0.906193 0.915783 0.863741 0.972751 0.973570 0.774794 0.935708 0.981574 0.917779 0.944383 0.945326 0.990081 0.863484 0.835138 0.921492 0.848142 0.865660 0.835160 0.778346 0.729329 0.759096 0.665176 0.739311 0.776050 0.734435 0.778131 0.953291 0.752745 0.800630 0.893568 0.791351 0.812867 0.713559 0.683509 0.751008 0.798344 0.771736 0.668898 0.717211 0.984870 0.983356 0.887081 0.783493 0.825858 0.819681 0.829213 0.995441 0.817291 0.917724 0.934215 0.851262 0.972099 0.765345 0.829958 0.833779 0.853190 0.803051 0.648947 0.727175 0.632952 0.922263 0.651508 0.705461 0.954747 0.884266 0.948156 0.923211 0.989244 0.966579 0.839271 0.825895 0.878429 0.798887 0.919274 0.860479 0.970403 0.989493 0.866310 0.907727 0.771491 0.925237 0.938441 0.969129 0.808487 0.840263 0.693201 0.920549 0.946202 0.941865
0.577176 0.575932 0.873184 0.631517 0.863728 0.000000 0.568038 0.533469 0.696453 0.657437 0.632896 0.571995 0.775985 0.658776 0.876894 0.560466 0.600101 0.571106 0.575483 0.629695 0.748852 0.887520 0.812436 0.797385 0.916994 0.978564 0.854188 0.961080 0.627493 0.575448 0.729074 0.707462 0.556546 0.577562 0.995121 0.673546 0.809159 0.994500 0.951917 0.752288 0.675377 0.955953 0.620163 0.681217 0.687593 0.685426 0.706344 0.686986 0.647949 0.669131 0.696491 0.653024 0.679479 0.901307 0.772999 0.791282 0.642289 0.684041 0.672917 0.689529 0.629699 0.653700 0.640041 0.555554 0.944890 0.658868 0.763593 0.659574 0.812044 0.794484 0.661745 0.776362 0.663857 0.778424 0.946014 0.889663 0.800838 0.629370 0.735822 0.668519 0.682448 0.672299 0.816891 0.772029 0.848678 0.881752 0.914678 0.842229 0.996790 0.788796 0.739759 0.874648 0.801722 0.878946 0.754629 0.840048 0.969028 0.764539 0.587986 0.741662 0.769253 0.911141 0.801681 0.757799 0.732403 0.910006 0.901210 0.863287 0.885933 0.936985 0.854439 0.748230 0.791671 0.863875 0.888244 0.939817
0.612218 0.554154 0.554623 0.501954 0.819320 0.568038 0.000000 0.326839 0.375395 0.432669 0.540513 0.598669 0.777538 0.749602 0.819287 0.511214 0.523577 0.446689 0.338889 0.491378 0.685883 0.927693 0.605858 0.805999 0.970055 0.885820 0.713104 0.900747 0.401508 0.350938 0.365323 0.464812 0.309566 0.278589 0.786028 0.917210 0.804449 0.790567 0.801504 0.922226 0.768492 0.797360 0.301359 0.395848 0.310012 0.411019 0.621540 0.581421 0.554327 0.636189 0.536074 0.564487 0.509323 0.670352 0.767461 0.845918 0.534581 0.649815 0.618052 0.784580 0.381484 0.633910 0.489618 0.503145 0.798563 0.673420 0.275053 0.308864 0.813551 0.702417 0.463287 0.427374 0.432343 0.374298 0.928098 0.789855 0.513258 0.457773 0.598247 0.639232 0.703555 0.781513 0.763015 0.896094 0.877889 0.971784 0.958111 0.856014 0.963153 0.836183 0.493983 0.613886 0.639155 0.787375 0.668169 0.647188 0.608199 0.594783 0.343951 0.328069 0.609951 0.618233 0.551653 0.678168 0.458832 0.709657 0.770126 0.838275 0.720699 0.908486 0.786429 0.496760 0.385043 0.824624 0.718507 0.899502
0.491595 0.472572 0.733606 0.437507 0.797596 0.533469 0.326839 0.000000 0.425790 0.290875 0.405519 0.307008 0.622373 0.476678 0.863781 0.541221 0.494336 0.438504 0.463510 0.436032 0.846064 0.928682 0.819416 0.890698 0.829498 0.963881 0.702346 0.902537 0.376760 0.360098 0.676471 0.747955 0.461459 0.356454 0.814725 0.781507 0.800681 0.791611 0.878564 0.830063 0.793931 0.912313 0.454542 0.519632 0.373740 0.384676 0.535168 0.489773 0.421784 0.508312 0.475826 0.476978 0.525182 0.746663 0.633982 0.642287 0.572328 0.550440 0.500052 0.564883 0.288536 0.272575 0.360776 0.294661 0.850069 0.463035 0.461990 0.432242 0.769605 0.565877 0.591908 0.632146 0.620281 0.585667 0.785648 0.724555 0.518116 0.615328 0.544919 0.658029 0.597766 0.658057 0.822135 0.772495 0.865585 0.952627 0.955889 0.837491 0.844783 0.645489 0.551899 0.769445 0.642126 0.883589 0.692508 0.708611 0.641737 0.659360 0.389854 0.415312 0.525440 0.771902 0.605132 0.703215 0.488815 0.655538 0.900052 0.966857 0.733361 0.844634 0.798044 0.522058 0.510670 0.839241 0.718715 0.901607
0.800316 0.706369 0.756264 0.645683 0.966349 0.696453 0.375395 0.425790 0.000000 0.394604 0.613845 0.599713 0.916690 0.848073 0.951968 0.671941 0.658380 0.556081 0.604573 0.590481 0.721667 0.961963 0.889193 0.961982 0.809342 0.840452 0.738729 0.884655 0.436048 0.506731 0.460280 0.640105 0.568105 0.433118 0.890092 0.948685 0.780003 0.917660 0.769384 0.872413 0.761011 0.799026 0.496351 0.574667 0.512610 0.645587 0.893193 0.794413 0.762691 0.821919 0.695594 0.760454 0.588276 0.653092 0.982313 0.951302 0.645200 0.801883 0.867561 0.997006 0.610488 0.634675 0.601680 0.597213 0.972035 0.779561 0.490063 0.547474 0.865816 0.741138 0.433257 0.441126 0.490511 0.506752 0.975434 0.786939 0.563763 0.586992 0.702457 0.704616 0.862289 0.984640 0.899392 0.986530 0.853190 0.806233 0.808673 0.774469 0.774677 0.943129 0.427398 0.537532 0.604315 0.645736 0.655816 0.815045 0.738813 0.641730 0.504989 0.456907 0.537166 0.632089 0.651109 0.757748 0.602936 0.902522 0.821420 0.868543 0.866637 0.986675 0.848165 0.595706 0.716728 0.909151 0.837097 0.886040
0.670823 0.661062 0.910967 0.733106 0.901874 0.657437 0.432669 0.290875 0.394604 0.000000 0.555803 0.470091 0.877713 0.772189 0.994547 0.684027 0.531833 0.468933 0.587050 0.529211 0.935511 0.906972 0.986226 0.859641 0.714724 0.854987 0.670359 0.796963 0.427682 0.429434 0.618642 0.766128 0.609576 0.411965 0.790794 0.956611 0.820479 0.813123 0.880129 0.862313 0.877662 0.873676 0.505495 0.575656 0.411352 0.502959 0.795402 0.667330 0.610104 0.795607 0.680394 0.717801 0.639676 0.704787 0.888245 0.827107 0.622610 0.751388 0.703851 0.904501 0.517697 0.470928 0.448744 0.396278 0.876238 0.804582 0.492044 0.553749 0.868875 0.819496 0.468855 0.526364 0.575964 0.538531 0.890586 0.774177 0.611096 0.602167 0.673706 0.729349 0.682642 0.875721 0.957155 0.995452 0.835228 0.745147 0.832024 0.661018 0.957176 0.887260 0.427227 0.637236 0.609850 0.770007 0.762616 0.720225 0.691285 0.638298 0.332782 0.391334 0.457535 0.618599 0.548267 0.639336 0.622801 0.786367 0.899051 0.946630 0.740762 0.909485 0.595919 0.493986 0.534671 0.886365 0.817923 0.908192
0.297658 0.286258 0.869074 0.537699 0.954064 0.632896 0.540513 0.405519 0.613845 0.555803 0.000000 0.243090 0.487209 0.366448 0.680002 0.481713 0.293080 0.260284 0.369970 0.342081 0.773076 0.834343 0.914543 0.829638 0.891258 0.938828 0.914668 0.952505 0.289747 0.297790 0.777199 0.775540 0.421217 0.360037 0.913258 0.655414 0.697528 0.679156 0.701932 0.646257 0.786116 0.765210 0.517527 0.531083 0.576199 0.527911 0.463167 0.488186 0.449046 0.512773 0.542610 0.548896 0.802351 0.942915 0.575926 0.546655 0.298593 0.304047 0.379783 0.483752 0.339618 0.354805 0.273478 0.258491 0.851853 0.467888 0.739149 0.631040 0.630362 0.567477 0.655107 0.679641 0.529991 0.562029 0.744173 0.676913 0.499780 0.676268 0.360192 0.483368 0.332822 0.346364 0.622754 0.455722 0.694388 0.688682 0.933515 0.985075 0.756583 0.536562 0.896878 0.995862 0.918375 0.944696 0.706460 0.704374 0.777070 0.827517 0.497771 0.654231 0.801318 0.882395 0.611561 0.695527 0.577494 0.664243 0.828399 0.905333 0.757058 0.834992 0.952545 0.523324 0.578857 0.984055 0.705410 0.897737
0.289204 0.297557 0.904974 0.506616 0.816001 0.571995 0.598669 0.307008 0.599713 0.470091 0.243090 0.000000 0.383787 0.289917 0.636537 0.414319 0.328571 0.333975 0.482250 0.356774 0.811016 0.894574 0.875416 0.801775 0.857392 0.886640 0.909333 0.961768 0.337990 0.357299 0.900178 0.922943 0.492550 0.434281 0.964634 0.682292 0.727561 0.736451 0.840624 0.659532 0.805468 0.847559 0.601256 0.590591 0.575743 0.495542 0.427008 0.415510 0.370199 0.420713 0.521788 0.480416 0.699895 0.999567 0.509489 0.504891 0.380244 0.309422 0.384350 0.416086 0.288975 0.188480 0.248947 0.203342 0.793685 0.361614 0.769655 0.681699 0.589831 0.496882 0.710919 0.774958 0.697547 0.688692 0.690121 0.710213 0.574150 0.708429 0.456665 0.542533 0.336818 0.371239 0.613220 0.456196 0.654782 0.684793 0.939587 0.965351 0.627000 0.521817 0.781253 0.988015 0.848787 0.943194 0.689986 0.736765 0.785077 0.789585 0.517130 0.611354 0.715008 0.956888 0.687437 0.733849 0.555418 0.628795 0.874477 0.939350 0.743524 0.875650 0.888466 0.535361 0.676034 0.942935 0.749766 0.889623
0.340550 0.362657 0.693718 0.481074 0.610329 0.775985 0.777538 0.622373 0.916690 0.877713 0.487209 0.383787 0.000000 0.320187 0.306514 0.335515 0.540723 0.570111 0.541510 0.504121 0.796386 0.949238 0.491401 0.454625 0.760148 0.956865 0.673513 0.808210 0.576078 0.632473 0.912967 0.928939 0.569264 0.631758 0.974176 0.715306 0.683736 0.792114 0.742988 0.623128 0.870902 0.795444 0.789470 0.807383 0.814249 0.683176 0.383571 0.438912 0.423944 0.443723 0.626936 0.553417 0.872447 0.768528 0.568982 0.533425 0.512102 0.295111 0.421356 0.285677 0.357058 0.394812 0.476607 0.482323 0.371228 0.276250 0.968298 0.919955 0.499586 0.389111 0.992123 0.967113 0.993295 0.871899 0.654531 0.786394 0.700439 0.844271 0.579823 0.542220 0.472910 0.361632 0.502166 0.381932 0.332681 0.376215 0.861451 0.866183 0.425512 0.421074 0.986404 0.885557 0.994108 0.885355 0.807252 0.805913 0.880494 0.888128 0.757793 0.778146 0.936281 0.937761 0.970742 0.950814 0.728672 0.701878 0.881753 0.997274 0.868533 0.933296 0.974535 0.696558 0.804292 0.987288 0.707609 0.886209
0.380458 0.362356 0.777998 0.437159 0.793777 0.658776 0.749602 0.476678 0.848073 0.772189 0.366448 0.289917 0.320187 0.000000 0.492935 0.384453 0.486965 0.466629 0.507344 0.449512 0.837086 0.922721 0.681176 0.548185 0.996140 0.998960 0.929690 0.858974 0.484851 0.475397 0.985528 0.925589 0.533267 0.606380 0.910499 0.630991 0.699975 0.709712 0.779623 0.601149 0.814263 0.939991 0.727451 0.666704 0.738231 0.597273 0.445703 0.513511 0.450576 0.398000 0.514233 0.468984 0.756517 0.928757 0.511659 0.512712 0.517094 0.313281 0.460266 0.365344 0.382689 0.323834 0.446841 0.382105 0.600313 0.283903 0.989153 0.852300 0.607979 0.480878 0.918913 0.896754 0.918828 0.829524 0.730891 0.745320 0.685705 0.885117 0.452652 0.554496 0.469205 0.377087 0.546883 0.399530 0.555130 0.515645 0.923536 0.865686 0.525540 0.425715 0.983539 0.810545 0.986930 0.834391 0.764088 0.845393 0.888042 0.971322 0.769651 0.842186 0.943988 0.904622 0.890177 0.902904 0.721470 0.712171 0.858893 0.885431 0.853813 0.938951 0.938613 0.770203 0.816612 0.993037 0.676062 0.865664
0.547179 0.547865 0.682762 0.599549 0.610633 0.876894 0.819287 0.863781 0.951968 0.994547 0.680002 0.636537 0.306514 0.492935 0.000000 0.301584 0.650432 0.624053 0.545735 0.585901 0.693835 0.986060 0.343558 0.349940 0.655097 0.816585 0.559921 0.747981 0.692186 0.681294 0.900579 0.941590 0.605047 0.740644 0.910109 0.814599 0.745547 0.852442 0.784870 0.695901 0.875030 0.803916 0.847971 0.849053 0.948501 0.895796 0.620692 0.662245 0.690432 0.687179 0.827451 0.788332 0.965818 0.748769 0.737693 0.781327 0.588381 0.453047 0.656271 0.578326 0.577618 0.703042 0.664863 0.708036 0.393627 0.465896 0.968068 0.959155 0.485395 0.569187 0.976358 0.909211 0.947529 0.856076 0.823656 0.785472 0.828938 0.849484 0.729160 0.540277 0.608442 0.514933 0.518359 0.537598 0.424579 0.424294 0.863988 0.816938 0.543140 0.606996 0.998570 0.917847 0.965745 0.919435 0.771197 0.843453 0.905171 0.938790 0.845087 0.824388 0.811573 0.959213 0.988636 0.952518 0.846171 0.905035 0.963876 0.996759 0.889349 0.892908 0.894842 0.811464 0.843449 0.947540 0.798606 0.922762
0.414222 0.345169 0.660779 0.451106 0.647438 0.560466 0.511214 0.541221 0.671941 0.684027 0.481713 0.414319 0.335515 0.384453 0.301584 0.000000 0.422836 0.408471 0.373292 0.368833 0.658250 0.916487 0.362852 0.403963 0.869140 0.887650 0.803743 0.874777 0.453239 0.439618 0.671303 0.740640 0.376487 0.455921 0.989717 0.717770 0.628412 0.727498 0.789800 0.623276 0.720150 0.759410 0.539722 0.557316 0.631970 0.605033 0.524489 0.492973 0.484938 0.523303 0.578402 0.530027 0.673169 0.980853 0.689913 0.736007 0.395771 0.350894 0.560876 0.565162 0.397214 0.512836 0.459810 0.453625 0.499164 0.417220 0.768265 0.767395 0.512906 0.536914 0.681422 0.655232 0.735616 0.624048 0.804244 0.741040 0.649476 0.629388 0.547691 0.444107 0.514134 0.511262 0.501299 0.564142 0.542002 0.572058 0.997071 0.996199 0.634452 0.627925 0.719017 0.873671 0.818723 0.938448 0.654434 0.703068 0.899307 0.791944 0.573130 0.559940 0.895977 0.849703 0.798227 0.806276 0.667321 0.748879 0.933154 0.956899 0.745160 0.926687 0.865845 0.555929 0.639154 0.918977 0.717402 0.909976
0.256871 0.248789 0.955835 0.664990 0.909481 0.600101 0.523577 0.494336 0.658380 0.531833 0.293080 0.328571 0.540723 0.486965 0.650432 0.422836 0.000000 0.170994 0.366888 0.298865 0.754054 0.982400 0.857122 0.814118 0.873004 0.857599 0.902545 0.982529 0.273472 0.257538 0.718136 0.675758 0.389842 0.335792 0.887082 0.702326 0.735263 0.797546 0.929369 0.686259 0.773541 0.713962 0.435074 0.437300 0.496444 0.489473 0.463670 0.386280 0.407419 0.510110 0.577771 0.571426 0.816705 0.881538 0.556619 0.489092 0.188355 0.299572 0.371667 0.575768 0.380642 0.491053 0.218017 0.229229 0.886193 0.655861 0.677158 0.667360 0.596363 0.668478 0.549246 0.603162 0.507985 0.496705 0.734104 0.802493 0.552557 0.602029 0.401877 0.387960 0.269191 0.361618 0.508577 0.480015 0.673197 0.710097 0.983863 0.942233 0.782363 0.587275 0.848219 0.981785 0.932913 0.870160 0.681920 0.620527 0.706230 0.754570 0.399505 0.474217 0.785569 0.822976 0.605076 0.570019 0.553757 0.600904 0.984274 0.952339 0.651002 0.884942 0.764406 0.452338 0.576906 0.833338 0.756855 0.974913
0.288452 0.255999 0.852994 0.574406 0.901964 0.571106 0.446689 0.438504 0.556081 0.468933 0.260284 0.333975 0.570111 0.466629 0.624053 0.408471 0.170994 0.000000 0.299020 0.267746 0.695459 0.976738 0.810919 0.780851 0.924110 0.975041 0.917222 0.941256 0.232868 0.205937 0.626084 0.581093 0.325186 0.270880 0.954534 0.743548 0.713661 0.730652 0.856194 0.678409 0.759043 0.668580 0.389719 0.392290 0.458466 0.472101 0.483370 0.414052 0.438773 0.534169 0.549079 0.562320 0.768769 0.909579 0.596649 0.529647 0.198684 0.295605 0.405551 0.612802 0.357618 0.476523 0.226208 0.237046 0.835803 0.599070 0.643698 0.596665 0.582192 0.625697 0.502401 0.530578 0.492074 0.441858 0.796830 0.751922 0.536521 0.534809 0.359258 0.347068 0.293137 0.389066 0.492616 0.483750 0.678449 0.706686 0.965282 0.993917 0.839775 0.575984 0.795962 0.925467 0.889506 0.939013 0.653298 0.599318 0.681614 0.748503 0.360801 0.451632 0.777344 0.782323 0.575052 0.573916 0.529340 0.611483 0.995016 0.971448 0.729350 0.926202 0.799222 0.443193 0.542224 0.859763 0.679972 0.954032
0.366158 0.358017 0.599325 0.465771 0.876936 0.575483 0.338889 0.463510 0.604573 0.587050 0.369970 0.482250 0.541510 0.507344 0.545735 0.373292 0.366888 0.299020 0.000000 0.322630 0.696527 0.937278 0.550011 0.657488 0.949120 0.916965 0.927773 0.974610 0.337558 0.333953 0.551775 0.524612 0.325458 0.299908 0.912447 0.782888 0.737055 0.743360 0.776444 0.737578 0.759592 0.767619 0.488650 0.539684 0.541459 0.566771 0.516128 0.494005 0.551319 0.602148 0.666998 0.652109 0.784057 0.975700 0.689872 0.708076 0.371127 0.415351 0.478182 0.588325 0.382558 0.618233 0.427601 0.443198 0.695930 0.541520 0.559179 0.602659 0.599540 0.601124 0.554268 0.515970 0.531891 0.444032 0.863396 0.774067 0.523331 0.567043 0.444897 0.495882 0.498890 0.468728 0.622445 0.589685 0.667446 0.739504 0.979749 0.998437 0.863471 0.705042 0.730319 0.840306 0.785017 0.919334 0.671212 0.668536 0.700343 0.832290 0.458488 0.473993 0.837235 0.776775 0.679144 0.731644 0.605523 0.699348 0.988232 0.979997 0.733780 0.934638 0.923000 0.522223 0.520798 0.935014 0.709889 0.900225
0.305930 0.264681 0.705785 0.460557 0.925840 0.629695 0.491378 0.436032 0.590481 0.529211 0.342081 0.356774 0.504121 0.449512 0.585901 0.368833 0.298865 0.267746 0.322630 0.000000 0.729813 0.995416 0.704195 0.746825 0.948164 0.950223 0.894226 0.973121 0.307736 0.344429 0.666113 0.703967 0.425590 0.310212 0.938416 0.714011 0.645896 0.681956 0.714692 0.696119 0.744711 0.785266 0.547540 0.543892 0.584185 0.572393 0.542044 0.471588 0.529521 0.549726 0.636140 0.632223 0.802558 0.925976 0.618720 0.592525 0.290700 0.322769 0.465317 0.554538 0.372257 0.472454 0.340258 0.344076 0.714344 0.507103 0.708825 0.703890 0.519650 0.500006 0.489953 0.529087 0.562573 0.483032 0.815112 0.792006 0.517475 0.615391 0.393582 0.490819 0.455945 0.483235 0.584121 0.577910 0.700540 0.768462 0.940618 0.899321 0.791931 0.601855 0.745274 0.831435 0.751338 0.929403 0.701751 0.634143 0.737880 0.765081 0.463509 0.470188 0.815570 0.850173 0.685326 0.720077 0.601374 0.625163 0.992290 0.951541 0.803215 0.995685 0.921605 0.444736 0.628263 0.893014 0.769689 0.892049
0.766363 0.703470 0.619929 0.583301 0.951387 0.748852 0.685883 0.846064 0.721667 0.935511 0.773076 0.811016 0.796386 0.837086 0.693835 0.658250 0.754054 0.695459 0.696527 0.729813 0.000000 0.886545 0.697489 0.761471 0.834692 0.716073 0.857773 0.788884 0.729694 0.686365 0.606704 0.737436 0.711761 0.712897 0.977894 0.898639 0.669661 0.952769 0.755832 0.738341 0.949231 0.886472 0.724852 0.724855 0.848003 0.909812 0.790754 0.811523 0.859248 0.843900 0.846477 0.862997 0.893035 0.998162 0.823269 0.986466 0.707381 0.710996 0.847828 0.883895 0.777372 0.897970 0.805610 0.811341 0.705482 0.769801 0.739835 0.756929 0.628769 0.622277 0.759341 0.787375 0.678175 0.762931 0.805820 0.879453 0.842250 0.655756 0.751618 0.651121 0.782674 0.742527 0.788764 0.808099 0.789545 0.742011 0.876158 0.971913 0.991698 0.941924 0.873700 0.861835 0.860747 0.831483 0.696108 0.927003 0.863056 0.885907 0.825099 0.809485 0.985436 0.777909 0.933373 0.778656 0.663904 0.838422 0.953732 0.986993 0.751225 0.858711 0.977868 0.880857 0.853156 0.974992 0.843755 0.958138
0.886013 0.977548 0.846824 0.935058 0.961235 0.887520 0.927693 0.928682 0.961963 0.906972 0.834343 0.894574 0.949238 0.922721 0.986060 0.916487 0.982400 0.976738 0.937278 0.995416 0.886545 0.000000 0.843743 0.771165 0.851945 0.843621 0.967545 0.905306 0.972232 0.949468 0.810825 0.707568 0.931657 0.957275 0.883627 0.996381 0.904457 0.976561 0.905936 0.940135 0.990478 0.931369 0.894255 0.946549 0.988758 0.960440 0.926262 0.942617 0.886307 0.979419 0.953871 0.987959 0.873975 0.813254 0.918960 0.848151 0.994731 0.970490 0.865708 0.857888 0.889232 0.774119 0.833819 0.874044 0.983727 0.899023 0.877979 0.982678 0.989856 0.998858 0.812080 0.820616 0.946120 0.879183 0.988801 0.955365 0.938715 0.879145 0.928874 0.900008 0.919750 0.931637 0.974469 0.957178 0.971201 0.998722 0.892511 0.872583 0.993859 0.815391 0.835132 0.787743 0.846083 0.825965 0.967719 0.900367 0.942695 0.941920 0.991348 0.876005 0.931149 0.981368 0.997231 0.773505 0.853249 0.884596 0.941716 0.873777 0.839160 0.767849 0.993154 0.990502 0.994795 0.792131 0.917962 0.958601
0.735152 0.691416 0.497434 0.550801 0.607726 0.812436 0.605858 0.819416 0.889193 0.986226 0.914543 0.875416 0.491401 0.681176 0.343558 0.362852 0.857122 0.810919 0.550011 0.704195 0.697489 0.843743 0.000000 0.310480 0.623807 0.688581 0.677426 0.745039 0.781041 0.785362 0.725237 0.784028 0.539234 0.705416 0.924897 0.970552 0.819560 0.915959 0.775656 0.842602 0.838210 0.887328 0.739785 0.785244 0.773997 0.780010 0.692122 0.692638 0.711319 0.686467 0.755757 0.704389 0.763857 0.963392 0.853445 0.906627 0.784781 0.666769 0.817570 0.695860 0.616851 0.879540 0.850406 0.898301 0.334950 0.556921 0.782577 0.832439 0.677801 0.617756 0.942824 0.831582 0.990960 0.789750 0.831286 0.897583 0.838295 0.772847 0.835815 0.714615 0.888954 0.793017 0.678213 0.786260 0.504487 0.556740 0.981894 0.893716 0.704339 0.777051 0.809893 0.849375 0.845154 0.919902 0.793670 0.848392 0.849449 0.801213 0.798394 0.681907 0.879121 0.923398 0.972066 0.986346 0.759126 0.850615 0.818119 0.806153 0.919020 0.845104 0.950762 0.814001 0.729056 0.946662 0.736461 0.961331
0.722625 0.647188 0.622743 0.553295 0.615688 0.797385 0.805999 0.890698 0.961982 0.859641 0.829638 0.801775 0.454625 0.548185 0.349940 0.403963 0.814118 0.780851 0.657488 0.746825 0.761471 0.771165 0.310480 0.000000 0.647814 0.748341 0.703246 0.775991 0.835879 0.778106 0.904271 0.803071 0.601239 0.797683 0.982484 0.831105 0.783886 0.920661 0.748885 0.801066 0.877589 0.852218 0.785002 0.758832 0.914918 0.842245 0.666211 0.754942 0.737064 0.667573 0.719992 0.686365 0.830863 0.947493 0.826501 0.795168 0.755503 0.597239 0.795174 0.645507 0.695981 0.850071 0.830924 0.855758 0.432174 0.528469 0.974389 0.947187 0.762578 0.658863 0.964744 0.966104 0.971498 0.951687 0.822599 0.892368 0.874990 0.903635 0.783021 0.590890 0.772523 0.645892 0.653214 0.610467 0.497566 0.439672 0.984523 0.778619 0.593976 0.660025 0.971758 0.971529 0.952935 0.922227 0.871601 0.876456 0.956089 0.890593 0.956316 0.876412 0.786005 0.962674 0.966585 0.954095 0.925364 0.950155 0.995012 0.957125 0.928328 0.897425 0.893219 0.853061 0.810865 0.978176 0.804965 0.897552
0.935878 0.900439 0.474408 0.666891 0.771453 0.916994 0.970055 0.829498 0.809342 0.714724 0.891258 0.857392 0.760148 0.996140 0.655097 0.869140 0.873004 0.924110 0.949120 0.948164 0.834692 0.851945 0.623807 0.647814 0.000000 0.465331 0.620327 0.855658 0.945301 0.830083 0.917599 0.892926 0.853468 0.979762 0.947605 0.977839 0.709833 0.872713 0.636494 0.946449 0.907435 0.804409 0.953947 0.949008 0.834276 0.848524 0.859922 0.942258 0.943064 0.921073 0.985742 0.968977 0.825285 0.706128 0.877783 0.975194 0.978063 0.863329 0.999448 0.788094 0.922792 0.870106 0.880438 0.814283 0.433912 0.746226 0.966489 0.960077 0.624133 0.672873 0.990418 0.990304 0.842969 0.948493 0.841874 0.926582 0.998795 0.884575 0.948676 0.893698 0.972607 0.922219 0.910365 0.877247 0.604218 0.629052 0.900060 0.977323 0.802020 0.835219 0.992848 0.814589 0.786500 0.785982 0.894892 0.949841 0.927100 0.996783 0.888974 0.905061 0.764516 0.962142 0.921463 0.996639 0.848681 0.885519 0.911928 0.864180 0.807509 0.957689 0.854617 0.843372 0.968055 0.976705 0.975001 0.940684
0.961303 0.965814 0.433988 0.553336 0.969781 0.978564 0.885820 0.963881 0.840452 0.854987 0.938828 0.886640 0.956865 0.998960 0.816585 0.887650 0.857599 0.975041 0.916965 0.950223 0.716073 0.843621 0.688581 0.748341 0.465331 0.000000 0.815376 0.808542 0.946076 0.901896 0.678098 0.726975 0.788395 0.944569 0.789170 0.976447 0.682393 0.841796 0.574249 0.868782 0.912211 0.800560 0.907889 0.925496 0.946834 0.934072 0.938875 0.987321 0.882356 0.935202 0.891908 0.954154 0.947078 0.977563 0.950457 0.861667 0.979912 0.959946 0.856425 0.972977 0.975361 0.898894 0.882029 0.818864 0.565940 0.752678 0.888226 0.877493 0.735835 0.730700 0.798524 0.792050 0.965530 0.818230 0.979710 0.916104 0.919824 0.880775 0.889694 0.898371 0.895292 0.945982 0.964062 0.960416 0.866514 0.825207 0.776251 0.925220 0.931188 0.971942 0.763992 0.587113 0.659282 0.654486 0.992599 0.900036 0.938541 0.924217 0.939539 0.967328 0.922467 0.938474 0.986748 0.949341 0.800780 0.981139 0.999927 0.822644 0.768810 0.988921 0.814157 0.931866 0.927608 0.985621 0.922301 0.877827
0.970663 0.952594 0.892284 0.918294 0.730539 0.854188 0.713104 0.702346 0.738729 0.670359 0.914668 0.909333 0.673513 0.929690 0.559921 0.803743 0.902545 0.917222 0.927773 0.894226 0.857773 0.967545 0.677426 0.703246 0.620327 0.815376 0.000000 0.628441 0.890817 0.797921 0.832688 0.803910 0.930861 0.756706 0.998059 0.925249 0.917056 0.963062 0.945610 0.801253 0.986906 0.846494 0.833272 0.791144 0.658801 0.725806 0.952857 0.992294 0.983798 0.964863 0.887513 0.923536 0.821117 0.623435 0.968498 0.990455 0.984635 0.870005 0.940707 0.886272 0.927286 0.907624 0.861666 0.843280 0.549163 0.841202 0.630893 0.650828 0.728581 0.770214 0.765991 0.766130 0.655320 0.849993 0.869863 0.941650 0.827103 0.853872 0.951545 0.814753 0.964323 0.854757 0.848161 0.833962 0.580826 0.547311 0.882177 0.794342 0.631535 0.898144 0.795260 0.883141 0.867336 0.955905 0.950590 0.962622 0.855563 0.789114 0.745665 0.774300 0.592445 0.816196 0.735415 0.912297 0.868824 0.915161 0.985600 0.997214 0.819256 0.949196 0.889642 0.837906 0.794689 0.917974 0.902659 0.985595
0.993588 0.920430 0.869382 0.852385 0.906193 0.961080 0.900747 0.902537 0.884655 0.796963 0.952505 0.961768 0.808210 0.858974 0.747981 0.874777 0.982529 0.941256 0.974610 0.973121 0.788884 0.905306 0.745039 0.775991 0.855658 0.808542 0.628441 0.000000 0.971182 0.920194 0.903291 0.927928 0.968031 0.890839 0.931770 0.804489 0.881062 0.809561 0.984304 0.692632 0.931152 0.841592 0.970062 0.927686 0.832783 0.864789 0.929802 0.977345 0.980893 0.937456 0.996296 0.993645 0.939038 0.804945 0.919744 0.813683 0.969428 0.925790 0.991789 0.883686 0.972255 0.962133 0.927705 0.902859 0.693377 0.825225 0.808032 0.942763 0.790150 0.813437 0.950375 0.964015 0.863696 0.987273 0.899440 0.945850 0.979935 0.858491 0.955407 0.907488 0.933467 0.882474 0.932204 0.918706 0.777142 0.683953 0.942908 0.998704 0.803549 0.773963 0.837947 0.990377 0.871838 0.933764 0.957125 0.906003 0.936498 0.854114 0.877771 0.870159 0.678784 0.834382 0.736338 0.888662 0.956897 0.910790 0.974287 0.841050 0.938324 0.971211 0.861924 0.840390 0.773920 0.981283 0.927498 0.999817
0.368905 0.294686 0.758000 0.530864 0.915783 0.627493 0.401508 0.376760 0.436048 0.427682 0.289747 0.337990 0.576078 0.484851 0.692186 0.453239 0.273472 0.232868 0.337558 0.307736 0.729694 0.972232 0.781041 0.835879 0.945301 0.946076 0.890817 0.971182 0.000000 0.261702 0.595111 0.640156 0.337545 0.258085 0.989997 0.775249 0.686589 0.751827 0.795714 0.735577 0.739228 0.682349 0.420197 0.454574 0.433792 0.461966 0.508034 0.480273 0.432810 0.531462 0.524328 0.581185 0.696717 0.954183 0.651704 0.568273 0.308526 0.374194 0.452534 0.596349 0.332767 0.454596 0.277477 0.295180 0.803348 0.559164 0.580452 0.557086 0.641548 0.585577 0.487537 0.499197 0.453893 0.413086 0.764322 0.772642 0.499615 0.541913 0.414195 0.471118 0.412568 0.478975 0.576997 0.570014 0.736852 0.799919 0.968605 0.883093 0.846051 0.666903 0.716946 0.816649 0.778108 0.948603 0.660538 0.645686 0.716604 0.681107 0.379846 0.473370 0.741912 0.806053 0.569880 0.632544 0.524953 0.616933 0.969023 0.908055 0.762770 0.933996 0.903921 0.472321 0.577108 0.863166 0.773848 0.927518
0.396296 0.339189 0.841813 0.587494 0.863741 0.575448 0.350938 0.360098 0.506731 0.429434 0.297790 0.357299 0.632473 0.475397 0.681294 0.439618 0.257538 0.205937 0.333953 0.344429 0.686365 0.949468 0.785362 0.778106 0.830083 0.901896 0.797921 0.920194 0.261702 0.000000 0.557057 0.569500 0.325904 0.300239 0.983684 0.799411 0.751344 0.781868 0.895670 0.726536 0.776350 0.715842 0.342108 0.308339 0.346199 0.369390 0.504993 0.459243 0.401710 0.494345 0.452076 0.476878 0.605675 0.884243 0.569939 0.555400 0.304839 0.396855 0.398417 0.638315 0.325595 0.448926 0.247818 0.246972 0.900205 0.623161 0.524851 0.467176 0.734544 0.669215 0.534975 0.520596 0.470632 0.432395 0.833344 0.717846 0.535664 0.537161 0.429596 0.399030 0.369621 0.462418 0.529689 0.568748 0.776706 0.785666 0.978843 0.976423 0.871196 0.644127 0.768701 0.945501 0.912078 0.926504 0.642423 0.688056 0.625606 0.747355 0.373131 0.433255 0.721408 0.769830 0.532169 0.598042 0.510905 0.643842 0.916758 0.996826 0.741502 0.883392 0.827668 0.482661 0.479440 0.827621 0.690236 0.977438
0.900953 0.755684 0.602024 0.662737 0.972751 0.729074 0.365323 0.676471 0.460280 0.618642 0.777199 0.900178 0.912967 0.985528 0.900579 0.671303 0.718136 0.626084 0.551775 0.666113 0.606704 0.810825 0.725237 0.904271 0.917599 0.678098 0.832688 0.903291 0.595111 0.557057 0.000000 0.323482 0.477817 0.498365 0.797716 0.956535 0.786671 0.721539 0.785183 0.967733 0.797272 0.687050 0.405466 0.442571 0.524073 0.662431 0.924618 0.891085 0.848514 0.857299 0.667247 0.772063 0.604676 0.613517 0.943966 0.848346 0.651262 0.872457 0.950441 0.880117 0.739241 0.977384 0.787921 0.781257 0.920861 0.966203 0.443017 0.503509 0.845834 0.901684 0.389806 0.344598 0.488290 0.395097 0.948316 0.856494 0.627098 0.399330 0.729709 0.687141 0.893986 0.956909 0.916577 0.867952 0.850866 0.865445 0.836435 0.727171 0.757133 0.855178 0.533023 0.496059 0.591097 0.641598 0.758766 0.890014 0.713758 0.803000 0.546743 0.540995 0.704301 0.541215 0.598801 0.739877 0.587353 0.906674 0.762450 0.782218 0.826994 0.855910 0.828151 0.735087 0.606496 0.899507 0.864851 0.899341
0.871731 0.697311 0.636211 0.693599 0.973570 0.707462 0.464812 0.747955 0.640105 0.766128 0.775540 0.922943 0.928939 0.925589 0.941590 0.740640 0.675758 0.581093 0.524612 0.703967 0.737436 0.707568 0.784028 0.803071 0.892926 0.726975 0.803910 0.927928 0.640156 0.569500 0.323482 0.000000 0.522206 0.526048 0.894710 0.952293 0.846696 0.790379 0.831058 0.882698 0.852138 0.745510 0.449251 0.464031 0.587054 0.660858 0.817875 0.819019 0.855214 0.830875 0.657892 0.729967 0.708833 0.777018 0.924918 0.958318 0.650144 0.824021 0.899352 0.974526 0.765718 0.970947 0.785698 0.801850 0.943662 0.971554 0.544859 0.522055 0.898998 0.888604 0.464253 0.499009 0.549930 0.442149 0.963075 0.934837 0.750691 0.539667 0.682697 0.618813 0.849682 0.927959 0.861424 0.956141 0.935250 0.999405 0.769065 0.994981 0.777045 0.967166 0.737904 0.683330 0.787083 0.860925 0.797497 0.890335 0.779859 0.895884 0.667784 0.629588 0.827792 0.673632 0.695385 0.774158 0.627521 0.870771 0.945046 0.945995 0.953623 0.896510 0.806939 0.798425 0.607559 0.915890 0.831601 0.925332
0.415012 0.336438 0.597235 0.462656 0.774794 0.556546 0.309566 0.461459 0.568105 0.609576 0.421217 0.492550 0.569264 0.533267 0.605047 0.376487 0.389842 0.325186 0.325458 0.425590 0.711761 0.931657 0.539234 0.601239 0.853468 0.788395 0.930861 0.968031 0.337545 0.325904 0.477817 0.522206 0.000000 0.288927 0.859245 0.851885 0.726233 0.683952 0.767980 0.757622 0.705249 0.635827 0.319527 0.332280 0.381805 0.406308 0.470769 0.468545 0.408422 0.429116 0.406285 0.435407 0.583616 0.871058 0.573261 0.615024 0.335557 0.379285 0.462130 0.567829 0.323742 0.573467 0.392044 0.419460 0.609985 0.521304 0.481335 0.447166 0.612462 0.636983 0.559898 0.520262 0.531875 0.442668 0.719322 0.788725 0.511490 0.461787 0.484810 0.471341 0.439316 0.502724 0.508498 0.569519 0.589622 0.618176 0.957530 0.987193 0.780763 0.601914 0.714109 0.781860 0.774739 0.967812 0.712181 0.627730 0.627317 0.651353 0.391593 0.482904 0.791234 0.787198 0.570731 0.686549 0.468018 0.619441 0.930225 0.778549 0.793571 0.923280 0.904039 0.526392 0.455333 0.830851 0.656825 0.873940
0.420369 0.353969 0.701529 0.524081 0.935708 0.577562 0.278589 0.356454 0.433118 0.411965 0.360037 0.434281 0.631758 0.606380 0.740644 0.455921 0.335792 0.270880 0.299908 0.310212 0.712897 0.957275 0.705416 0.797683 0.979762 0.944569 0.756706 0.890839 0.258085 0.300239 0.498365 0.526048 0.288927 0.000000 0.879189 0.871559 0.680886 0.747345 0.779693 0.803236 0.745067 0.713053 0.335378 0.408276 0.335904 0.398516 0.536329 0.466991 0.457683 0.553617 0.501380 0.553498 0.603208 0.814871 0.745491 0.649731 0.331396 0.432995 0.490607 0.641146 0.336300 0.535221 0.347090 0.362011 0.787821 0.630287 0.444730 0.448033 0.683436 0.630543 0.398437 0.430554 0.419607 0.350640 0.763247 0.835132 0.424601 0.431341 0.507035 0.494624 0.494019 0.600597 0.657347 0.673605 0.792177 0.871020 0.898820 0.861839 0.946577 0.734311 0.621078 0.703238 0.706694 0.873722 0.633428 0.539165 0.687251 0.637775 0.276617 0.339741 0.658866 0.666906 0.519044 0.639470 0.448822 0.618666 0.994283 0.850584 0.729300 0.994363 0.820462 0.379788 0.429111 0.766641 0.693936 0.892024
0.877926 0.956287 0.797081 0.817107 0.981574 0.995121 0.786028 0.814725 0.890092 0.790794 0.913258 0.964634 0.974176 0.910499 0.910109 0.989717 0.887082 0.954534 0.912447 0.938416 0.977894 0.883627 0.924897 0.982484 0.947605 0.789170 0.998059 0.931770 0.989997 0.983684 0.797716 0.894710 0.859245 0.879189 0.000000 0.825674 0.954126 0.805076 0.995856 0.971907 0.818862 0.822224 0.711346 0.802205 0.687696 0.718623 0.874505 0.881713 0.875129 0.967832 0.754067 0.817127 0.702164 0.744873 0.998169 0.982501 0.909863 0.970099 0.971048 0.962384 0.850411 0.907515 0.961070 0.973762 0.860396 0.962887 0.701594 0.629013 0.946630 0.981743 0.776389 0.857712 0.981404 0.920955 0.946481 0.978446 0.842746 0.760490 0.993760 0.955593 0.899292 0.841183 0.963566 0.769881 0.931449 0.975933 0.847692 0.835638 0.975912 0.890338 0.758396 0.721494 0.812257 0.884865 0.913970 0.781722 0.850319 0.858625 0.819308 0.841622 0.697590 0.803912 0.822932 0.947183 0.850469 0.873386 0.949972 0.804738 0.936298 0.848671 0.909591 0.965284 0.797502 0.814112 0.784481 0.951283
0.662481 0.669884 0.894737 0.750044 0.917779 0.673546 0.917210 0.781507 0.948685 0.956611 0.655414 0.682292 0.715306 0.630991 0.814599 0.717770 0.702326 0.743548 0.782888 0.714011 0.898639 0.996381 0.970552 0.831105 0.977839 0.976447 0.925249 0.804489 0.775249 0.799411 0.956535 0.952293 0.851885 0.871559 0.825674 0.000000 0.718764 0.925805 0.803262 0.829505 0.742061 0.877751 0.887537 0.858694 0.960168 0.910506 0.770588 0.774656 0.792616 0.765436 0.848109 0.769669 0.926253 0.911763 0.743938 0.773509 0.710449 0.655295 0.782038 0.678984 0.788795 0.738308 0.758169 0.682903 0.900702 0.666194 0.906197 0.992590 0.800414 0.866858 0.918587 0.992516 0.777846 0.919991 0.940418 0.967992 0.761770 0.882721 0.688464 0.872966 0.795501 0.672646 0.843234 0.666211 0.829604 0.820981 0.970738 0.980332 0.815933 0.693324 0.945433 0.931143 0.943632 0.969490 0.929304 0.911467 0.847547 0.905241 0.939387 0.975778 0.945273 0.915852 0.875645 0.966945 0.930564 0.972231 0.945877 0.928578 0.979631 0.891340 0.969616 0.827994 0.996574 0.986907 0.969839 0.900470
0.692163 0.616014 0.606146 0.577881 0.944383 0.809159 0.804449 0.800681 0.780003 0.820479 0.697528 0.727561 0.683736 0.699975 0.745547 0.628412 0.735263 0.713661 0.737055 0.645896 0.669661 0.904457 0.819560 0.783886 0.709833 0.682393 0.917056 0.881062 0.686589 0.751344 0.786671 0.846696 0.726233 0.680886 0.954126 0.718764 0.000000 0.706896 0.674322 0.571556 0.671965 0.663527 0.724380 0.683665 0.788599 0.775145 0.697489 0.737485 0.737560 0.705628 0.710286 0.709478 0.838298 0.969967 0.854004 0.927180 0.622987 0.608418 0.726365 0.721343 0.676853 0.755565 0.748442 0.731737 0.651388 0.674939 0.792853 0.828465 0.565181 0.685888 0.579902 0.641957 0.724466 0.737815 0.998316 0.891621 0.738448 0.676978 0.669147 0.654799 0.694392 0.808500 0.804108 0.760707 0.873199 0.816440 0.703432 0.721558 0.900303 0.805205 0.747184 0.698847 0.680577 0.753118 0.863321 0.803081 0.993130 0.963405 0.710901 0.766242 0.778676 0.743637 0.743003 0.712784 0.758806 0.755110 0.895890 0.895936 0.917365 0.968182 0.957510 0.767870 0.951210 0.889444 0.809945 0.903983
0.747268 0.710748 0.741971 0.645466 0.945326 0.994500 0.790567 0.791611 0.917660 0.813123 0.679156 0.736451 0.792114 0.709712 0.852442 0.727498 0.797546 0.730652 0.743360 0.681956 0.952769 0.976561 0.915959 0.920661 0.872713 0.841796 0.963062 0.809561 0.751827 0.781868 0.721539 0.790379 0.683952 0.747345 0.805076 0.925805 0.706896 0.000000 0.822024 0.887565 0.927686 0.701395 0.783198 0.755483 0.824707 0.768527 0.831385 0.812080 0.847215 0.780091 0.737039 0.734772 0.831915 0.836614 0.778189 0.990022 0.679137 0.658293 0.821750 0.844187 0.737827 0.779801 0.794588 0.769910 0.806578 0.705263 0.833303 0.870304 0.583750 0.721874 0.745060 0.669999 0.821186 0.612625 0.893282 0.775402 0.723040 0.725712 0.626837 0.811445 0.780975 0.879091 0.805659 0.857735 0.940090 0.865220 0.950015 0.922940 0.804016 0.796727 0.820303 0.824200 0.738434 0.778196 0.919905 0.885941 0.970056 0.998556 0.797239 0.927014 0.811776 0.821098 0.683269 0.870080 0.799555 0.709916 0.895814 0.887875 0.981956 0.919804 0.973006 0.796861 0.767268 0.955511 0.604379 0.915595
