0.000000 0.163840 0.322976 0.312016 0.636631 0.571089 0.252234 0.208106 0.414446 0.322261 0.155436 0.141910 0.134761 0.230072 0.218646 0.254767 0.165322 0.156343 0.153966 0.169280 0.530277 0.852510 0.337184 0.539729 0.750741 0.757907 0.899918 0.858624 0.209565 0.199430 0.291494 0.401289 0.154279 0.171351 0.518424 0.620682 0.382678 0.423693 0.738696 0.645269 0.651593 0.533050 0.255138 0.225089 0.260246 0.215047 0.246546 0.247066 0.743265 0.400139 0.487512 0.397543 0.559220 0.610483 0.507823 0.535361 0.182511 0.162992 0.186357 0.204379 0.129601 0.196413 0.127627 0.134179 0.406723 0.308884 0.285559 0.301062 0.317941 0.216521 0.277098 0.257766 0.457914 0.474698 0.649395 0.583475 0.375376 0.289997 0.201943 0.235307 0.151927 0.212342 0.471205 0.357195 0.279541 0.484296 0.972501 0.791368 0.450352 0.545111 0.585181 0.678975 0.598878 0.762278 0.495775 0.520621 0.335395 0.536887 0.241521 0.246083 0.539885 0.557168 0.252239 0.303769 0.296318 0.287155 0.694279 0.603788 0.650756 0.447048 0.639234 0.357714 0.367833 0.481182 0.408237 0.956953
0.163840 0.000000 0.486499 0.406238 0.645662 0.594472 0.370347 0.255289 0.455783 0.368844 0.234190 0.135574 0.164493 0.171966 0.207832 0.216976 0.155823 0.129410 0.183319 0.165807 0.537335 0.834129 0.345607 0.502892 0.722441 0.837200 0.944451 0.881689 0.173693 0.189682 0.356069 0.431389 0.221888 0.230687 0.596814 0.628606 0.394393 0.468826 0.832108 0.669218 0.647267 0.476850 0.265602 0.225922 0.270791 0.243819 0.293817 0.251481 0.718870 0.437642 0.547799 0.450045 0.643118 0.734031 0.645762 0.650212 0.113166 0.101609 0.265178 0.270333 0.224998 0.251044 0.161827 0.133817 0.556847 0.449037 0.415210 0.386026 0.355171 0.273579 0.235930 0.260660 0.554209 0.587100 0.702195 0.588158 0.302899 0.277087 0.261151 0.226608 0.163239 0.221638 0.422736 0.356152 0.354547 0.496756 0.880872 0.802076 0.555466 0.597946 0.658545 0.705349 0.665447 0.831707 0.471785 0.521699 0.359462 0.482483 0.271667 0.238329 0.569893 0.699050 0.274070 0.274340 0.327800 0.288015 0.760116 0.615446 0.629881 0.477644 0.572709 0.360016 0.444133 0.418738 0.441126 0.850834
0.322976 0.486499 0.000000 0.144568 0.636588 0.577381 0.139871 0.219369 0.450549 0.334124 0.341211 0.367808 0.326469 0.444946 0.396454 0.381260 0.411211 0.385159 0.256812 0.334392 0.474261 0.845668 0.275743 0.475983 0.562017 0.438227 0.990780 0.818525 0.427054 0.332817 0.227887 0.372931 0.233721 0.249539 0.391867 0.606553 0.406556 0.471417 0.592648 0.653381 0.753215 0.689185 0.294109 0.303273 0.489148 0.417622 0.372072 0.305722 0.944416 0.605082 0.684570 0.594856 0.618648 0.518990 0.485689 0.621331 0.507207 0.496267 0.296734 0.347948 0.237316 0.335507 0.310657 0.360075 0.204959 0.182115 0.182256 0.230015 0.478768 0.291648 0.378482 0.407911 0.446401 0.470596 0.498467 0.778245 0.490486 0.468452 0.322350 0.446178 0.322888 0.286830 0.564874 0.354968 0.308428 0.447123 0.898067 0.933296 0.437397 0.508925 0.562582 0.626688 0.567832 0.719419 0.590885 0.613456 0.451802 0.665689 0.464373 0.392175 0.553362 0.381809 0.408174 0.352220 0.399572 0.388514 0.737641 0.660109 0.623110 0.464405 0.668097 0.572418 0.460385 0.597233 0.572308 0.974343
0.312016 0.406238 0.144568 0.000000 0.675472 0.490528 0.157003 0.148314 0.468149 0.244930 0.381505 0.288283 0.268674 0.311047 0.291504 0.258117 0.362673 0.319816 0.232540 0.289809 0.437357 0.788902 0.180543 0.341115 0.518356 0.427182 0.998733 0.927235 0.344110 0.259251 0.188884 0.289870 0.190534 0.207692 0.372260 0.562440 0.330923 0.439673 0.539168 0.622709 0.771396 0.562402 0.237621 0.273374 0.440192 0.381455 0.337162 0.246376 0.990619 0.567560 0.656028 0.560690 0.599120 0.526929 0.477832 0.619255 0.444442 0.417326 0.307779 0.365602 0.243231 0.284333 0.258781 0.273883 0.214103 0.177349 0.190715 0.219273 0.530917 0.277282 0.301733 0.371974 0.508035 0.591051 0.479619 0.699627 0.406845 0.401007 0.276793 0.411248 0.238000 0.202250 0.438052 0.244970 0.246956 0.328213 0.883864 0.977875 0.422443 0.420260 0.536608 0.573758 0.517206 0.714987 0.531802 0.500769 0.418063 0.587859 0.411577 0.286197 0.490695 0.399026 0.326820 0.306891 0.340573 0.321302 0.797244 0.625709 0.614356 0.409006 0.624903 0.472120 0.427827 0.492188 0.560358 0.919086
0.636631 0.645662 0.636588 0.675472 0.000000 0.803939 0.634526 0.623754 0.745443 0.691460 0.737150 0.695172 0.634228 0.722778 0.667129 0.681037 0.736890 0.694741 0.597058 0.711499 0.716692 0.851989 0.668258 0.758928 0.897499 0.983000 0.951146 0.766404 0.685087 0.751139 0.781273 0.863490 0.604512 0.670542 0.708108 0.792842 0.752105 0.695052 0.881856 0.814559 0.912199 0.641279 0.598860 0.596704 0.577496 0.641595 0.716899 0.660157 0.822514 0.769696 0.734143 0.722750 0.835501 0.812980 0.795993 0.827252 0.658748 0.700319 0.641837 0.638883 0.581221 0.622654 0.641439 0.653038 0.646875 0.630987 0.627641 0.605712 0.703061 0.722644 0.606025 0.667666 0.899778 0.948316 0.914388 0.959739 0.772454 0.775541 0.788438 0.813762 0.692526 0.711893 0.738225 0.688141 0.662327 0.657525 0.994909 0.895814 0.902399 0.779856 0.694045 0.705432 0.710134 0.751777 0.919384 0.856137 0.731309 0.857198 0.631379 0.591993 0.703742 0.671519 0.576236 0.604776 0.537082 0.695039 0.762938 0.731308 0.863155 0.941199 0.707826 0.669295 0.748483 0.823970 0.678571 0.899794
0.571089 0.594472 0.577381 0.490528 0.803939 0.000000 0.458290 0.425254 0.601013 0.413883 0.607955 0.540912 0.539182 0.613753 0.580529 0.568219 0.619020 0.578722 0.550927 0.552225 0.736807 0.841497 0.531698 0.730013 0.886959 0.633415 0.988738 0.775575 0.619377 0.611198 0.565292 0.626867 0.531190 0.520464 0.601081 0.789423 0.565254 0.861159 0.814756 0.860834 0.869711 0.557904 0.480984 0.575481 0.528303 0.579881 0.523894 0.587214 0.929735 0.822465 0.764105 0.750980 0.786349 0.827454 0.761405 0.737447 0.617579 0.637613 0.621036 0.701027 0.551289 0.594173 0.531374 0.545911 0.604157 0.542538 0.474755 0.468073 0.792110 0.680387 0.431330 0.520307 0.809456 0.889376 0.761337 0.803116 0.613687 0.564400 0.567034 0.715498 0.508626 0.555746 0.784983 0.618308 0.572838 0.714468 0.894652 0.757041 0.767636 0.754738 0.422753 0.478090 0.382700 0.598949 0.737701 0.728355 0.506174 0.729111 0.437068 0.433342 0.543180 0.474406 0.606732 0.517516 0.569624 0.518723 0.932104 0.603326 0.849732 0.686425 0.713382 0.473728 0.519523 0.719822 0.641626 0.957076
0.252234 0.370347 0.139871 0.157003 0.634526 0.458290 0.000000 0.134964 0.406101 0.217756 0.297649 0.288063 0.267974 0.372876 0.346728 0.332238 0.306973 0.278917 0.179469 0.272174 0.492733 0.854677 0.265365 0.512805 0.687985 0.567572 0.896050 0.795758 0.346014 0.271552 0.243927 0.360664 0.184264 0.179295 0.405905 0.589449 0.394276 0.465465 0.598028 0.643009 0.727420 0.548171 0.200849 0.200015 0.323732 0.277499 0.307188 0.237743 0.979494 0.579127 0.613171 0.530755 0.594171 0.520290 0.492520 0.656122 0.362370 0.373003 0.229204 0.305219 0.169167 0.282435 0.219741 0.264110 0.259157 0.177602 0.136767 0.148977 0.462606 0.290292 0.285907 0.285258 0.455557 0.488026 0.512872 0.720763 0.411688 0.353541 0.286820 0.387830 0.226784 0.235292 0.547596 0.348170 0.310123 0.477893 0.972838 0.819775 0.426066 0.578611 0.475707 0.515117 0.463147 0.632706 0.569516 0.513549 0.355249 0.572281 0.312381 0.255915 0.473145 0.317042 0.333349 0.279761 0.323673 0.311740 0.740323 0.577636 0.556091 0.395207 0.549914 0.412959 0.325053 0.483766 0.496906 0.928205
0.208106 0.255289 0.219369 0.148314 0.623754 0.425254 0.134964 0.000000 0.385903 0.165249 0.295836 0.182886 0.185375 0.223897 0.229860 0.219068 0.232486 0.204138 0.173513 0.211296 0.463028 0.791339 0.210116 0.419663 0.658980 0.591800 0.912865 0.908925 0.252478 0.202010 0.236999 0.338585 0.151083 0.152993 0.392614 0.518547 0.360294 0.405281 0.670826 0.616970 0.656989 0.490959 0.169977 0.194037 0.255173 0.241544 0.271990 0.219964 0.843263 0.481679 0.529475 0.436598 0.542240 0.526705 0.516537 0.631815 0.286129 0.272678 0.248944 0.293738 0.170228 0.195008 0.173474 0.158226 0.301161 0.212388 0.178592 0.197333 0.478010 0.258281 0.236777 0.283195 0.486825 0.573994 0.558313 0.655769 0.315771 0.267455 0.215412 0.355255 0.160691 0.181540 0.417677 0.281629 0.255213 0.400860 0.980318 0.839638 0.453225 0.482501 0.398320 0.451716 0.394395 0.600682 0.470392 0.415377 0.289225 0.496222 0.226028 0.159068 0.384494 0.383917 0.254496 0.227770 0.248726 0.262763 0.728739 0.492206 0.569051 0.384010 0.526538 0.332558 0.303506 0.409290 0.461937 0.962849
0.414446 0.455783 0.450549 0.468149 0.745443 0.601013 0.406101 0.385903 0.000000 0.364088 0.410543 0.409556 0.422639 0.524528 0.511017 0.498748 0.460664 0.457409 0.443233 0.412866 0.730862 0.985063 0.531755 0.763691 0.781717 0.774405 0.847339 0.827699 0.466018 0.470355 0.465641 0.609286 0.398003 0.413701 0.607247 0.728885 0.540930 0.593829 0.876420 0.703877 0.769616 0.759539 0.462402 0.455035 0.456843 0.454301 0.453394 0.492769 0.921553 0.639813 0.669871 0.596666 0.714321 0.725690 0.698769 0.679331 0.476197 0.477696 0.450047 0.434293 0.366247 0.381247 0.450267 0.447264 0.498577 0.439352 0.442053 0.433769 0.451750 0.466394 0.455522 0.488992 0.441127 0.486550 0.787719 0.651430 0.491525 0.416694 0.542680 0.504442 0.450366 0.493241 0.745429 0.622550 0.569800 0.735588 0.834501 0.619423 0.651693 0.749629 0.546787 0.550232 0.550796 0.584139 0.645118 0.587263 0.592819 0.791699 0.387291 0.434177 0.577743 0.513745 0.538485 0.410760 0.482757 0.544933 0.769628 0.618170 0.771050 0.559786 0.583843 0.588677 0.453214 0.649982 0.547587 0.843118
0.322261 0.368844 0.334124 0.244930 0.691460 0.413883 0.217756 0.165249 0.364088 0.000000 0.362545 0.283943 0.309530 0.353834 0.334935 0.340055 0.304607 0.303401 0.286126 0.322840 0.576702 0.767074 0.333746 0.561541 0.775581 0.615538 0.874887 0.903846 0.346241 0.291277 0.338796 0.427471 0.257226 0.253657 0.382968 0.589930 0.437005 0.533880 0.708454 0.647810 0.764986 0.477799 0.289395 0.311216 0.340917 0.353112 0.433093 0.348322 0.930934 0.602857 0.634095 0.538771 0.614425 0.610445 0.613521 0.656312 0.386946 0.410907 0.382384 0.435529 0.284077 0.296610 0.310838 0.286944 0.392184 0.281561 0.276801 0.294638 0.507224 0.360162 0.307866 0.358450 0.430197 0.531752 0.618570 0.556482 0.389608 0.287332 0.333219 0.445302 0.246392 0.291992 0.538083 0.391466 0.429902 0.574746 0.998129 0.764962 0.555880 0.631278 0.399198 0.413443 0.374324 0.532294 0.560354 0.430004 0.372446 0.561801 0.241138 0.212699 0.447406 0.380009 0.378450 0.282898 0.365336 0.368714 0.731122 0.478292 0.697536 0.465302 0.523835 0.388534 0.346692 0.443194 0.534083 0.963743
0.155436 0.234190 0.341211 0.381505 0.737150 0.607955 0.297649 0.295836 0.410543 0.362545 0.000000 0.169379 0.184836 0.286366 0.284857 0.282079 0.177753 0.176360 0.193588 0.180081 0.561859 0.885982 0.407426 0.554068 0.773346 0.727264 0.896695 0.838128 0.233887 0.200188 0.329389 0.374482 0.222022 0.208398 0.587209 0.686581 0.473547 0.530641 0.793249 0.639205 0.605877 0.612111 0.358530 0.299146 0.423745 0.345301 0.353936 0.355405 0.961294 0.592961 0.673082 0.585294 0.694136 0.797600 0.619729 0.627252 0.216758 0.226856 0.269401 0.291946 0.174862 0.262142 0.180519 0.197154 0.476335 0.327916 0.344339 0.376510 0.271323 0.264498 0.347457 0.317005 0.397404 0.414748 0.726709 0.574769 0.396488 0.300319 0.238180 0.216623 0.204957 0.247212 0.526423 0.426625 0.411766 0.600529 0.950721 0.751275 0.511878 0.674265 0.703781 0.798540 0.730112 0.870094 0.600151 0.589599 0.424912 0.620088 0.356371 0.346742 0.617979 0.614105 0.352481 0.337732 0.405193 0.365465 0.747641 0.780446 0.706354 0.481098 0.711115 0.483513 0.476484 0.508284 0.455036 0.910989
0.141910 0.135574 0.367808 0.288283 0.695172 0.540912 0.288063 0.182886 0.409556 0.283943 0.169379 0.000000 0.112529 0.130494 0.145906 0.144875 0.123449 0.096514 0.147787 0.134210 0.524764 0.831415 0.267654 0.410737 0.683605 0.727534 0.941196 0.954709 0.132032 0.118299 0.272528 0.327966 0.148842 0.172952 0.566068 0.634732 0.371777 0.458694 0.760034 0.614511 0.602136 0.496784 0.264540 0.235835 0.320778 0.262562 0.278194 0.265868 0.801385 0.481801 0.580751 0.476874 0.630584 0.691839 0.595281 0.657736 0.152899 0.138290 0.266393 0.278102 0.169396 0.178777 0.116454 0.090676 0.460248 0.315379 0.347983 0.357150 0.353941 0.218572 0.249641 0.245566 0.477173 0.543861 0.673601 0.556630 0.290725 0.221867 0.178461 0.214286 0.123323 0.162022 0.348630 0.268140 0.291597 0.422949 0.993517 0.858840 0.472907 0.562902 0.625632 0.692769 0.632247 0.830569 0.456730 0.472887 0.363362 0.486343 0.276509 0.226980 0.534822 0.597344 0.266486 0.263603 0.291813 0.300855 0.759848 0.636304 0.653689 0.398618 0.640127 0.371680 0.390709 0.405577 0.443339 0.928773
0.134761 0.164493 0.326469 0.268674 0.634228 0.539182 0.267974 0.185375 0.422639 0.309530 0.184836 0.112529 0.000000 0.131990 0.121356 0.141042 0.161615 0.133602 0.165975 0.182061 0.453094 0.863491 0.221440 0.360257 0.636180 0.680349 0.956688 0.926507 0.172633 0.147969 0.241816 0.336480 0.158474 0.188213 0.548524 0.655581 0.329973 0.406254 0.717599 0.644239 0.613714 0.484965 0.241400 0.229357 0.310332 0.252346 0.244196 0.249663 0.788551 0.444005 0.543227 0.435630 0.612936 0.641035 0.566918 0.624229 0.183361 0.162165 0.252417 0.261783 0.141635 0.170729 0.107736 0.103085 0.368708 0.291738 0.329796 0.345988 0.415318 0.272962 0.254319 0.283156 0.504389 0.539065 0.664159 0.597341 0.355020 0.253723 0.193840 0.243515 0.138152 0.176814 0.345050 0.274948 0.216500 0.359953 0.984800 0.919581 0.438319 0.479452 0.626835 0.692358 0.627272 0.835772 0.458029 0.475437 0.343286 0.510227 0.301231 0.252857 0.570882 0.593606 0.251505 0.278864 0.296661 0.283896 0.727114 0.618229 0.621539 0.426210 0.654506 0.401125 0.405180 0.436266 0.421066 0.979697
0.230072 0.171966 0.444946 0.311047 0.722778 0.613753 0.372876 0.223897 0.524528 0.353834 0.286366 0.130494 0.131990 0.000000 0.122386 0.116847 0.189449 0.153166 0.228361 0.216975 0.465711 0.830006 0.220883 0.295772 0.599710 0.696514 0.970665 0.956570 0.150213 0.141329 0.257870 0.314080 0.194208 0.231036 0.562038 0.646120 0.385087 0.456947 0.749579 0.620422 0.654828 0.474141 0.278861 0.272890 0.366027 0.297708 0.278530 0.269100 0.749380 0.474095 0.577548 0.478251 0.594022 0.676134 0.597865 0.678258 0.201803 0.178539 0.322954 0.336753 0.233022 0.208128 0.157041 0.114629 0.456581 0.360032 0.412687 0.419031 0.478732 0.320699 0.295609 0.366176 0.578378 0.679283 0.720059 0.624878 0.312987 0.252445 0.218375 0.276596 0.167869 0.182285 0.251484 0.256260 0.244415 0.310168 0.991184 0.973212 0.482949 0.471971 0.710491 0.760624 0.712116 0.934040 0.447497 0.471751 0.390321 0.460832 0.381299 0.285794 0.586994 0.695912 0.273433 0.305729 0.337735 0.327003 0.804385 0.636204 0.635766 0.450848 0.648214 0.428006 0.452398 0.408524 0.487728 0.983907
0.218646 0.207832 0.396454 0.291504 0.667129 0.580529 0.346728 0.229860 0.511017 0.334935 0.284857 0.145906 0.121356 0.122386 0.000000 0.138194 0.210455 0.177156 0.233385 0.239825 0.426120 0.831381 0.212290 0.324916 0.566346 0.660825 0.953859 0.987813 0.192425 0.165144 0.256216 0.341141 0.202265 0.238171 0.544372 0.683480 0.336628 0.443920 0.734980 0.644625 0.654505 0.500143 0.284731 0.262448 0.368118 0.297827 0.297843 0.260398 0.761100 0.460358 0.570984 0.453410 0.609657 0.628143 0.559007 0.641561 0.231831 0.205627 0.325547 0.331765 0.217441 0.195421 0.167775 0.137778 0.382971 0.323974 0.403415 0.418050 0.496257 0.319223 0.298459 0.341243 0.558904 0.662000 0.720102 0.627654 0.356335 0.280653 0.212739 0.294657 0.173819 0.195461 0.313512 0.265401 0.225859 0.308138 0.923496 0.965374 0.449713 0.425736 0.667973 0.714284 0.668201 0.885938 0.452069 0.440709 0.387075 0.492895 0.356615 0.278916 0.612323 0.635018 0.286583 0.305340 0.317344 0.327496 0.745538 0.622533 0.654962 0.467571 0.675244 0.409290 0.440031 0.411249 0.482621 0.970365
0.254767 0.216976 0.381260 0.258117 0.681037 0.568219 0.332238 0.219068 0.498748 0.340055 0.282079 0.144875 0.141042 0.116847 0.138194 0.000000 0.195214 0.150520 0.206216 0.203308 0.461416 0.850157 0.166126 0.256061 0.554012 0.637712 0.972209 0.971952 0.161732 0.131253 0.236193 0.284623 0.189416 0.216200 0.568325 0.664575 0.334099 0.463018 0.680417 0.620170 0.656877 0.465790 0.257020 0.246373 0.426570 0.343249 0.302604 0.273498 0.882856 0.549904 0.660207 0.561103 0.674403 0.720923 0.661651 0.723540 0.216509 0.208526 0.347163 0.375293 0.226417 0.207809 0.162917 0.129706 0.395817 0.290251 0.377278 0.383363 0.472451 0.316463 0.260093 0.328571 0.554800 0.658811 0.691745 0.622877 0.337046 0.248664 0.210960 0.265748 0.157007 0.164803 0.254166 0.227358 0.249075 0.286317 0.967461 0.935679 0.485355 0.462995 0.699028 0.729653 0.705937 0.910335 0.490628 0.453467 0.432519 0.502975 0.402829 0.285673 0.608951 0.628265 0.264482 0.274165 0.324086 0.311820 0.795092 0.710370 0.628569 0.430470 0.684947 0.441320 0.456562 0.426390 0.505970 0.985660
0.165322 0.155823 0.411211 0.362673 0.736890 0.619020 0.306973 0.232486 0.460664 0.304607 0.177753 0.123449 0.161615 0.189449 0.210455 0.195214 0.000000 0.098646 0.162044 0.154249 0.554039 0.838587 0.338212 0.477871 0.742961 0.783561 0.918499 0.869143 0.138099 0.125302 0.315947 0.344110 0.186390 0.162151 0.585944 0.645365 0.411252 0.485622 0.781696 0.638836 0.606284 0.498862 0.290218 0.230531 0.351123 0.281662 0.309917 0.290307 0.870554 0.540655 0.660519 0.537506 0.708212 0.752757 0.673455 0.701587 0.139876 0.144187 0.268070 0.292090 0.194677 0.222180 0.142953 0.126862 0.513957 0.347997 0.368033 0.354555 0.332489 0.227590 0.298128 0.290221 0.444190 0.489887 0.701031 0.525879 0.333039 0.252474 0.177855 0.173990 0.120381 0.174125 0.411150 0.318153 0.365966 0.501079 0.937838 0.860858 0.500813 0.631770 0.700196 0.737586 0.705827 0.834267 0.460429 0.496185 0.384818 0.459669 0.324978 0.250705 0.637426 0.621021 0.301006 0.259800 0.351164 0.317688 0.779896 0.659426 0.674144 0.413541 0.601228 0.379073 0.453932 0.354863 0.513962 0.843225
0.156343 0.129410 0.385159 0.319816 0.694741 0.578722 0.278917 0.204138 0.457409 0.303401 0.176360 0.096514 0.133602 0.153166 0.177156 0.150520 0.098646 0.000000 0.132175 0.127501 0.508200 0.856973 0.287687 0.426891 0.709798 0.779914 0.925644 0.883644 0.121526 0.100427 0.299796 0.327793 0.159901 0.157628 0.567289 0.662334 0.390633 0.466648 0.772950 0.639873 0.638152 0.466486 0.254444 0.199744 0.338554 0.260501 0.302120 0.254329 0.875145 0.531351 0.646996 0.533378 0.670013 0.735900 0.634074 0.712035 0.114424 0.121104 0.272050 0.298857 0.176851 0.212889 0.112278 0.099665 0.485705 0.338323 0.353932 0.349891 0.332203 0.239444 0.257673 0.244421 0.473332 0.522850 0.654322 0.589915 0.304683 0.215382 0.166713 0.183249 0.103311 0.146385 0.351822 0.274259 0.323784 0.450166 0.998610 0.876124 0.504379 0.609380 0.666140 0.705575 0.669885 0.838695 0.479926 0.479682 0.384567 0.486093 0.314550 0.233996 0.606503 0.606165 0.273879 0.246185 0.312801 0.302924 0.759135 0.689372 0.640674 0.398176 0.601153 0.357842 0.404545 0.385105 0.465050 0.895518
0.153966 0.183319 0.256812 0.232540 0.597058 0.550927 0.179469 0.173513 0.443233 0.286126 0.193588 0.147787 0.165975 0.228361 0.233385 0.206216 0.162044 0.132175 0.000000 0.131137 0.500901 0.860307 0.248935 0.430247 0.635370 0.684772 0.919427 0.773461 0.180743 0.158726 0.229194 0.294900 0.137838 0.132261 0.476008 0.576015 0.378220 0.460894 0.644037 0.632954 0.700881 0.478771 0.213846 0.180332 0.340934 0.282698 0.293040 0.207904 0.941264 0.548104 0.664740 0.556490 0.685608 0.677390 0.597937 0.740405 0.185477 0.204559 0.231486 0.274088 0.147514 0.244398 0.122273 0.146655 0.389120 0.257891 0.253205 0.250654 0.336067 0.224131 0.200851 0.237302 0.476620 0.519806 0.599650 0.629304 0.343633 0.271224 0.208135 0.237468 0.130164 0.158824 0.396256 0.276917 0.309137 0.428759 0.982588 0.824849 0.494445 0.623220 0.632577 0.688020 0.637609 0.811619 0.514961 0.526057 0.356404 0.475938 0.322153 0.239884 0.588490 0.504413 0.289186 0.256188 0.318339 0.295165 0.705928 0.670748 0.598262 0.407494 0.571580 0.375972 0.422182 0.454674 0.443426 0.911405
0.169280 0.165807 0.334392 0.289809 0.711499 0.552225 0.272174 0.211296 0.412866 0.322840 0.180081 0.134210 0.182061 0.216975 0.239825 0.203308 0.154249 0.127501 0.131137 0.000000 0.501875 0.840249 0.298410 0.434817 0.641698 0.702523 0.944365 0.849541 0.178194 0.146066 0.257460 0.288162 0.178519 0.155006 0.545229 0.594380 0.386658 0.489432 0.749542 0.665525 0.625988 0.562784 0.271428 0.226214 0.395292 0.317238 0.333914 0.281225 0.962490 0.580654 0.711018 0.609246 0.728603 0.770066 0.642003 0.726946 0.178542 0.183803 0.286158 0.326906 0.204239 0.251690 0.153200 0.154174 0.481915 0.339466 0.327259 0.332312 0.300995 0.230149 0.232754 0.268558 0.427225 0.482309 0.663073 0.594011 0.352214 0.260582 0.195518 0.202101 0.143254 0.173976 0.436551 0.315625 0.377912 0.478142 0.950773 0.814111 0.523089 0.663764 0.673060 0.738990 0.688250 0.855281 0.478864 0.564743 0.430175 0.556474 0.354650 0.286119 0.600608 0.572915 0.328249 0.289715 0.378510 0.300293 0.752775 0.715447 0.623666 0.419432 0.592229 0.393956 0.462360 0.444914 0.466313 0.917933
0.530277 0.537335 0.474261 0.437357 0.716692 0.736807 0.492733 0.463028 0.730862 0.576702 0.561859 0.524764 0.453094 0.465711 0.426120 0.461416 0.554039 0.508200 0.500901 0.501875 0.000000 0.747728 0.433988 0.481244 0.491044 0.665606 0.962499 0.969657 0.544097 0.477265 0.460261 0.571440 0.491657 0.473247 0.677619 0.854287 0.523331 0.579928 0.674045 0.766492 0.785831 0.615972 0.509063 0.504470 0.641087 0.570216 0.544911 0.482227 0.907144 0.620908 0.741695 0.698279 0.785224 0.678278 0.521143 0.726123 0.582653 0.538220 0.533273 0.550599 0.504582 0.518339 0.474087 0.473150 0.500838 0.562142 0.552661 0.566507 0.690269 0.606034 0.556649 0.571906 0.658326 0.816140 0.749122 0.893786 0.584873 0.535272 0.461514 0.585700 0.489532 0.454643 0.591378 0.521100 0.454709 0.537278 0.965567 0.951088 0.700216 0.522771 0.731575 0.768944 0.711933 0.923553 0.640095 0.533615 0.623262 0.704112 0.659240 0.559654 0.774063 0.695844 0.495602 0.539733 0.531152 0.487939 0.838228 0.837629 0.524218 0.633276 0.741568 0.704659 0.583489 0.620706 0.656234 0.899297
0.852510 0.834129 0.845668 0.788902 0.851989 0.841497 0.854677 0.791339 0.985063 0.767074 0.885982 0.831415 0.863491 0.830006 0.831381 0.850157 0.838587 0.856973 0.860307 0.840249 0.747728 0.000000 0.836663 0.888161 0.975639 0.870730 0.812988 0.980066 0.821408 0.811062 0.836964 0.846132 0.832800 0.785199 0.876720 0.824594 0.763926 0.782518 0.873676 0.725255 0.821834 0.808038 0.777199 0.771575 0.840764 0.875326 0.916607 0.871421 0.877610 0.896127 0.928391 0.842022 0.871344 0.872917 0.833042 0.839954 0.880214 0.881755 0.811675 0.892074 0.909297 0.887990 0.869409 0.847200 0.896495 0.859392 0.834380 0.828527 0.922696 0.776564 0.776537 0.848187 0.869650 0.986391 0.819786 0.706651 0.853568 0.842923 0.794401 0.830114 0.824896 0.819909 0.850149 0.803844 0.891276 0.881211 0.875345 0.952763 0.859967 0.908855 0.938120 0.913773 0.910001 0.882471 0.866114 0.721397 0.903022 0.864372 0.784694 0.770404 0.790296 0.775534 0.754190 0.713533 0.804144 0.769417 0.994610 0.931569 0.909128 0.848739 0.880116 0.855613 0.893027 0.799242 0.831688 0.936522
0.337184 0.345607 0.275743 0.180543 0.668258 0.531698 0.265365 0.210116 0.531755 0.333746 0.407426 0.267654 0.221440 0.220883 0.212290 0.166126 0.338212 0.287687 0.248935 0.298410 0.433988 0.836663 0.000000 0.202307 0.467214 0.495653 0.953009 0.939861 0.289719 0.247746 0.177520 0.247190 0.220688 0.260228 0.488277 0.578056 0.298445 0.465597 0.599225 0.704518 0.780107 0.481393 0.258747 0.301638 0.483341 0.413768 0.355065 0.292448 0.988760 0.614137 0.707316 0.609843 0.650623 0.597669 0.596476 0.758519 0.373812 0.372959 0.402402 0.460156 0.274438 0.304898 0.234211 0.242270 0.256442 0.243358 0.322871 0.355316 0.615317 0.392083 0.247820 0.379662 0.598270 0.683395 0.645682 0.760821 0.407654 0.342718 0.310764 0.401983 0.224559 0.211397 0.315737 0.227067 0.186883 0.209719 0.886902 0.884544 0.443377 0.434828 0.638917 0.669772 0.623366 0.861666 0.526075 0.458631 0.445032 0.535055 0.463498 0.319444 0.578346 0.548932 0.344361 0.338601 0.415192 0.319463 0.850137 0.639556 0.620922 0.490670 0.703740 0.483396 0.464636 0.537894 0.528282 0.988196
0.539729 0.502892 0.475983 0.341115 0.758928 0.730013 0.512805 0.419663 0.763691 0.561541 0.554068 0.410737 0.360257 0.295772 0.324916 0.256061 0.477871 0.426891 0.430247 0.434817 0.481244 0.888161 0.202307 0.000000 0.381439 0.582644 0.964115 0.955018 0.378523 0.343926 0.340765 0.295632 0.399480 0.433634 0.647448 0.686501 0.447565 0.594028 0.655904 0.810788 0.857668 0.642490 0.479470 0.519574 0.748314 0.663648 0.530248 0.491307 0.916124 0.803137 0.888927 0.804820 0.830525 0.805797 0.748472 0.917183 0.513611 0.509931 0.633636 0.671846 0.488366 0.468750 0.389210 0.385904 0.449963 0.427709 0.562736 0.627717 0.739927 0.551337 0.435300 0.600289 0.702557 0.790508 0.764806 0.816613 0.555109 0.506963 0.436632 0.486702 0.378743 0.327359 0.323564 0.302808 0.332501 0.236820 0.835345 0.692011 0.554051 0.475211 0.895257 0.939694 0.880332 0.878882 0.657622 0.571652 0.660250 0.603081 0.735540 0.540141 0.706062 0.804543 0.535703 0.516489 0.574756 0.514823 0.988978 0.843216 0.663400 0.639927 0.808790 0.657901 0.718632 0.579725 0.736647 0.910131
0.750741 0.722441 0.562017 0.518356 0.897499 0.886959 0.687985 0.658980 0.781717 0.775581 0.773346 0.683605 0.636180 0.599710 0.566346 0.554012 0.742961 0.709798 0.635370 0.641698 0.491044 0.975639 0.467214 0.381439 0.000000 0.479114 0.801723 0.981993 0.640302 0.608837 0.466896 0.565232 0.658916 0.667748 0.685682 0.884339 0.621193 0.788159 0.615342 0.946517 0.876694 0.889964 0.672971 0.723586 0.928399 0.842739 0.642824 0.593421 0.874280 0.791990 0.981178 0.862013 0.927135 0.820451 0.721358 0.919551 0.792930 0.733929 0.770759 0.739466 0.718630 0.700600 0.684191 0.680407 0.552156 0.621786 0.732524 0.766211 0.775509 0.716953 0.673636 0.749749 0.624174 0.781153 0.780785 0.949953 0.729792 0.762380 0.666842 0.694684 0.655246 0.575462 0.636433 0.559083 0.571408 0.488273 0.855502 0.860426 0.805419 0.569574 0.999389 0.974551 0.940181 0.855969 0.741190 0.756463 0.830098 0.793612 0.918878 0.806022 0.912466 0.911002 0.821224 0.734292 0.755770 0.697554 0.960100 0.959532 0.674612 0.713655 0.830360 0.873163 0.918815 0.775087 0.886089 0.949144
0.757907 0.837200 0.438227 0.427182 0.983000 0.633415 0.567572 0.591800 0.774405 0.615538 0.727264 0.727534 0.680349 0.696514 0.660825 0.637712 0.783561 0.779914 0.684772 0.702523 0.665606 0.870730 0.495653 0.582644 0.479114 0.000000 0.696286 0.859790 0.722658 0.673135 0.429484 0.532189 0.605717 0.615222 0.447784 0.727361 0.606891 0.881420 0.621549 0.776481 0.988661 0.807040 0.647258 0.695431 0.858195 0.780196 0.600060 0.587415 0.909498 0.812298 0.911944 0.808615 0.754131 0.775123 0.625711 0.681635 0.899939 0.845668 0.642246 0.675864 0.646081 0.669981 0.704481 0.731914 0.425824 0.453631 0.527972 0.541835 0.796007 0.671888 0.721540 0.775930 0.666977 0.781915 0.569536 0.917476 0.792550 0.808429 0.664391 0.730724 0.645827 0.584687 0.717649 0.605499 0.525466 0.520231 0.927702 0.810335 0.591753 0.527869 0.913754 0.947136 0.834540 0.948862 0.708896 0.856608 0.731859 0.886354 0.860466 0.738032 0.840721 0.732311 0.759050 0.694200 0.842280 0.680315 0.854593 0.905521 0.867481 0.744407 0.980601 0.841612 0.858756 0.837201 0.719135 0.982604
0.899918 0.944451 0.990780 0.998733 0.951146 0.988738 0.896050 0.912865 0.847339 0.874887 0.896695 0.941196 0.956688 0.970665 0.953859 0.972209 0.918499 0.925644 0.919427 0.944365 0.962499 0.812988 0.953009 0.964115 0.801723 0.696286 0.000000 0.922627 0.995451 0.990527 0.906706 0.937514 0.935963 0.965761 0.924965 0.929167 0.997079 0.913561 0.981810 0.939181 0.899440 0.980596 0.963503 0.937775 0.945684 0.956177 0.977011 0.955672 0.964496 0.944720 0.957488 0.965309 0.898649 0.928692 0.996819 0.974323 0.944510 0.997742 0.975549 0.963450 0.903147 0.912610 0.927338 0.917637 0.935940 0.997795 0.964499 0.964910 0.911896 0.915188 0.900540 0.950974 0.995775 0.940953 0.911885 0.982045 0.998828 0.844961 0.978269 0.970486 0.935705 0.931590 0.984959 0.953185 0.981350 0.906147 0.946032 0.811577 0.941318 0.840997 0.784618 0.839976 0.795607 0.781663 0.918009 0.934300 0.866478 0.990696 0.850864 0.927091 0.940658 0.986728 0.930131 0.986590 0.801638 0.986995 0.980674 0.853032 0.924227 0.892626 0.879890 0.968913 0.848885 0.993205 0.976530 0.896099
0.858624 0.881689 0.818525 0.927235 0.766404 0.775575 0.795758 0.908925 0.827699 0.903846 0.838128 0.954709 0.926507 0.956570 0.987813 0.971952 0.869143 0.883644 0.773461 0.849541 0.969657 0.980066 0.939861 0.955018 0.981993 0.859790 0.922627 0.000000 0.913530 0.906307 0.929663 0.944402 0.910745 0.830674 0.900926 0.830356 0.844301 0.811038 0.759107 0.933636 0.901812 0.884845 0.840005 0.798795 0.872647 0.856609 0.943860 0.809749 0.879772 0.904250 0.994336 0.931624 0.982807 0.881252 0.996741 0.870921 0.840176 0.905972 0.898509 0.926199 0.817199 0.913083 0.906096 0.945581 0.867631 0.866021 0.823313 0.848806 0.845024 0.846132 0.850939 0.827177 0.710521 0.698687 0.957023 0.996285 0.924515 0.936484 0.955423 0.877596 0.909090 0.950030 0.966568 0.929226 0.984392 0.982490 0.990104 0.950550 0.982381 0.952319 0.927975 0.914241 0.981847 0.863297 0.893976 0.967582 0.968762 0.965975 0.873492 0.928679 0.843410 0.821333 0.879150 0.882314 0.904407 0.897819 0.851998 0.984782 0.959354 0.922084 0.718003 0.974894 0.960557 0.972543 0.916733 0.966226
0.209565 0.173693 0.427054 0.344110 0.685087 0.619377 0.346014 0.252478 0.466018 0.346241 0.233887 0.132032 0.172633 0.150213 0.192425 0.161732 0.138099 0.121526 0.180743 0.178194 0.544097 0.821408 0.289719 0.378523 0.640302 0.722658 0.995451 0.913530 0.000000 0.118634 0.282981 0.305698 0.174591 0.174861 0.568428 0.655680 0.409378 0.534923 0.722673 0.646375 0.700759 0.476661 0.294413 0.242775 0.384267 0.294893 0.274277 0.253297 0.825641 0.514780 0.631975 0.512554 0.641172 0.715885 0.605512 0.696422 0.161323 0.169586 0.293464 0.331450 0.211307 0.212983 0.146263 0.132509 0.481833 0.334206 0.369489 0.377531 0.342140 0.228638 0.313653 0.349724 0.472103 0.544753 0.679130 0.568900 0.356179 0.259613 0.191875 0.212885 0.129267 0.173315 0.320765 0.253165 0.308353 0.381459 0.970356 0.975361 0.523895 0.542841 0.758911 0.794952 0.747267 0.938850 0.478611 0.514997 0.443061 0.469335 0.388481 0.282190 0.605183 0.615826 0.294006 0.274224 0.345503 0.336595 0.800521 0.765195 0.721688 0.461211 0.593398 0.421236 0.488908 0.361610 0.514035 0.929926
0.199430 0.189682 0.332817 0.259251 0.751139 0.611198 0.271552 0.202010 0.470355 0.291277 0.200188 0.118299 0.147969 0.141329 0.165144 0.131253 0.125302 0.100427 0.158726 0.146066 0.477265 0.811062 0.247746 0.343926 0.608837 0.673135 0.990527 0.906307 0.118634 0.000000 0.238781 0.263896 0.163190 0.155365 0.528655 0.649569 0.360164 0.456361 0.739907 0.649251 0.654254 0.520176 0.248371 0.202448 0.400027 0.288764 0.306141 0.235893 0.915289 0.526011 0.651290 0.536025 0.640200 0.679315 0.612752 0.691672 0.174835 0.180779 0.285254 0.325034 0.188940 0.197920 0.137164 0.120324 0.421179 0.277426 0.337713 0.347394 0.358799 0.229191 0.305665 0.310513 0.413831 0.479710 0.605869 0.548310 0.340467 0.233470 0.153883 0.195029 0.119603 0.142283 0.319691 0.237259 0.311364 0.398861 0.954295 0.976035 0.465999 0.568335 0.725833 0.762331 0.739876 0.903467 0.472416 0.489393 0.433986 0.481319 0.384067 0.263810 0.604143 0.591482 0.301803 0.243181 0.337657 0.301814 0.771522 0.720864 0.627856 0.355250 0.610467 0.401453 0.435290 0.386404 0.517353 0.967725
0.291494 0.356069 0.227887 0.188884 0.781273 0.565292 0.243927 0.236999 0.465641 0.338796 0.329389 0.272528 0.241816 0.257870 0.256216 0.236193 0.315947 0.299796 0.229194 0.257460 0.460261 0.836964 0.177520 0.340765 0.466896 0.429484 0.906706 0.929663 0.282981 0.238781 0.000000 0.223841 0.199469 0.225543 0.452752 0.613740 0.348420 0.532395 0.566230 0.663184 0.760070 0.605601 0.277572 0.282832 0.470303 0.395633 0.322566 0.275540 0.984433 0.588717 0.697559 0.594012 0.607808 0.598865 0.521131 0.650453 0.381558 0.372344 0.318912 0.367919 0.242534 0.304031 0.250089 0.271025 0.301272 0.247356 0.280384 0.315241 0.467032 0.324856 0.303498 0.391954 0.455489 0.550021 0.593452 0.689062 0.445486 0.355031 0.294271 0.332941 0.242434 0.232507 0.394439 0.300096 0.260020 0.352642 0.889991 0.970486 0.384768 0.493786 0.737623 0.789184 0.726292 0.920996 0.520383 0.571863 0.384935 0.573773 0.487627 0.395624 0.648382 0.531368 0.407636 0.375825 0.471860 0.328342 0.722734 0.686459 0.667160 0.484501 0.674500 0.529518 0.522987 0.507573 0.558159 0.972065
0.401289 0.431389 0.372931 0.289870 0.863490 0.626867 0.360664 0.338585 0.609286 0.427471 0.374482 0.327966 0.336480 0.314080 0.341141 0.284623 0.344110 0.327793 0.294900 0.288162 0.571440 0.846132 0.247190 0.295632 0.565232 0.532189 0.937514 0.944402 0.305698 0.263896 0.223841 0.000000 0.291361 0.265746 0.627868 0.632336 0.482135 0.711553 0.693179 0.706194 0.878922 0.633921 0.395279 0.407052 0.636567 0.554567 0.475345 0.373151 0.830457 0.812030 0.907651 0.807411 0.792953 0.820420 0.687026 0.825926 0.412735 0.447617 0.462482 0.523956 0.365168 0.428390 0.295298 0.329106 0.460360 0.334686 0.398710 0.421371 0.556535 0.416772 0.411209 0.505522 0.559508 0.646931 0.654922 0.728543 0.530008 0.385225 0.285137 0.346828 0.258038 0.232943 0.407087 0.273579 0.366887 0.351471 0.925179 0.868489 0.449221 0.600777 0.881133 0.932324 0.852603 0.916915 0.642364 0.588283 0.545113 0.602067 0.628613 0.465361 0.716608 0.666606 0.507640 0.428387 0.590537 0.457888 0.855863 0.882512 0.732969 0.533418 0.728081 0.615436 0.691074 0.553050 0.616222 0.995352
0.154279 0.221888 0.233721 0.190534 0.604512 0.531190 0.184264 0.151083 0.398003 0.257226 0.222022 0.148842 0.158474 0.194208 0.202265 0.189416 0.186390 0.159901 0.137838 0.178519 0.491657 0.832800 0.220688 0.399480 0.658916 0.605717 0.935963 0.910745 0.174591 0.163190 0.199469 0.291361 0.000000 0.125215 0.418435 0.583776 0.346136 0.461723 0.651243 0.571708 0.718168 0.505119 0.223642 0.200467 0.312191 0.249922 0.254994 0.232932 0.843264 0.504062 0.590967 0.493623 0.604104 0.601723 0.483512 0.562863 0.233547 0.223946 0.197646 0.247097 0.135721 0.208418 0.132737 0.142495 0.316530 0.215668 0.219358 0.218022 0.368461 0.208763 0.234440 0.269087 0.466775 0.563193 0.586841 0.703351 0.328339 0.246302 0.182255 0.240970 0.127654 0.138992 0.389369 0.259982 0.225692 0.344585 0.947723 0.940602 0.392087 0.509375 0.587442 0.625035 0.573246 0.758563 0.469000 0.508295 0.361119 0.526469 0.291972 0.223013 0.538316 0.433174 0.242730 0.234446 0.277321 0.308723 0.752940 0.629120 0.680686 0.439249 0.599584 0.358648 0.412177 0.394529 0.463725 0.975078
0.171351 0.230687 0.249539 0.207692 0.670542 0.520464 0.179295 0.152993 0.413701 0.253657 0.208398 0.172952 0.188213 0.231036 0.238171 0.216200 0.162151 0.157628 0.132261 0.155006 0.473247 0.785199 0.260228 0.433634 0.667748 0.615222 0.965761 0.830674 0.174861 0.155365 0.225543 0.265746 0.125215 0.000000 0.391866 0.547692 0.353731 0.449023 0.615536 0.569262 0.726436 0.497161 0.224620 0.188870 0.327049 0.274725 0.277346 0.220671 0.916459 0.539200 0.641953 0.530918 0.621288 0.646320 0.505975 0.606161 0.222369 0.226215 0.199301 0.255627 0.143684 0.211406 0.129470 0.152775 0.323856 0.205096 0.181900 0.196932 0.361698 0.198466 0.270099 0.297731 0.448546 0.554397 0.628272 0.623599 0.341918 0.263134 0.169447 0.234727 0.114689 0.137593 0.403893 0.257295 0.266631 0.386742 0.993474 0.869801 0.429026 0.531605 0.590011 0.650576 0.588621 0.764535 0.472552 0.479157 0.361093 0.467105 0.315684 0.226042 0.534691 0.453452 0.239404 0.210225 0.300846 0.262154 0.766028 0.642187 0.677764 0.429011 0.556894 0.344091 0.402025 0.373678 0.456853 0.940996
0.518424 0.596814 0.391867 0.372260 0.708108 0.601081 0.405905 0.392614 0.607247 0.382968 0.587209 0.566068 0.548524 0.562038 0.544372 0.568325 0.585944 0.567289 0.476008 0.545229 0.677619 0.876720 0.488277 0.647448 0.685682 0.447784 0.924965 0.900926 0.568428 0.528655 0.452752 0.627868 0.418435 0.391866 0.000000 0.480163 0.525077 0.603173 0.665936 0.765602 0.924632 0.638874 0.467325 0.502269 0.523682 0.517483 0.564605 0.456670 0.907817 0.630407 0.701261 0.619351 0.589528 0.647878 0.558693 0.575361 0.626326 0.626714 0.459641 0.502720 0.442547 0.474136 0.515763 0.524554 0.354720 0.365667 0.333779 0.382946 0.602964 0.521295 0.529704 0.614829 0.583217 0.728310 0.667168 0.786520 0.576484 0.578553 0.549374 0.673675 0.459298 0.445854 0.590421 0.526920 0.447853 0.526365 0.941928 0.920786 0.637316 0.606381 0.587535 0.629925 0.562258 0.665753 0.744105 0.731514 0.514145 0.605776 0.504379 0.439870 0.604383 0.577978 0.483499 0.480256 0.493012 0.508598 0.752502 0.599120 0.886804 0.711597 0.688421 0.426776 0.601629 0.687519 0.610035 0.957276
0.620682 0.628606 0.606553 0.562440 0.792842 0.789423 0.589449 0.518547 0.728885 0.589930 0.686581 0.634732 0.655581 0.646120 0.683480 0.664575 0.645365 0.662334 0.576015 0.594380 0.854287 0.824594 0.578056 0.686501 0.884339 0.727361 0.929167 0.830356 0.655680 0.649569 0.613740 0.632336 0.583776 0.547692 0.480163 0.000000 0.616070 0.505873 0.758885 0.847847 0.946489 0.769513 0.522653 0.610861 0.609312 0.637332 0.698694 0.560739 0.895714 0.690094 0.720394 0.661864 0.718428 0.701141 0.859677 0.846200 0.643672 0.658004 0.609219 0.628124 0.596999 0.610455 0.607839 0.598963 0.628781 0.600677 0.503238 0.542131 0.806131 0.630350 0.592722 0.773384 0.839230 0.844236 0.808803 0.702260 0.686903 0.704928 0.684318 0.691023 0.602854 0.612783 0.683048 0.680976 0.597576 0.614202 0.994430 0.950759 0.704841 0.656592 0.704733 0.799194 0.734160 0.803576 0.788737 0.679914 0.578863 0.668439 0.591410 0.556402 0.545911 0.663116 0.559984 0.581443 0.675402 0.562285 0.678724 0.668986 0.845300 0.854202 0.689978 0.647822 0.698274 0.746828 0.616303 0.925154
0.382678 0.394393 0.406556 0.330923 0.752105 0.565254 0.394276 0.360294 0.540930 0.437005 0.473547 0.371777 0.329973 0.385087 0.336628 0.334099 0.411252 0.390633 0.378220 0.386658 0.523331 0.763926 0.298445 0.447565 0.621193 0.606891 0.997079 0.844301 0.409378 0.360164 0.348420 0.482135 0.346136 0.353731 0.525077 0.616070 0.000000 0.418553 0.674792 0.757764 0.773452 0.509756 0.377870 0.381843 0.467424 0.423458 0.464627 0.364171 0.817182 0.544306 0.628042 0.549308 0.709501 0.667560 0.610286 0.621537 0.418554 0.412377 0.401924 0.472510 0.358919 0.367876 0.344173 0.351846 0.375492 0.393896 0.403531 0.433456 0.626074 0.427566 0.339450 0.446333 0.691940 0.719329 0.636469 0.651147 0.431646 0.441565 0.400555 0.482511 0.344532 0.348190 0.496565 0.311267 0.307147 0.390754 0.948198 0.938277 0.534858 0.484636 0.652286 0.683303 0.638216 0.779019 0.455342 0.623407 0.437115 0.541618 0.434748 0.380563 0.591630 0.552950 0.326665 0.448810 0.420946 0.323652 0.865600 0.627594 0.681376 0.636096 0.714960 0.504232 0.542232 0.599649 0.489048 0.908921
0.423693 0.468826 0.471417 0.439673 0.695052 0.861159 0.465465 0.405281 0.593829 0.533880 0.530641 0.458694 0.406254 0.456947 0.443920 0.463018 0.485622 0.466648 0.460894 0.489432 0.579928 0.782518 0.465597 0.594028 0.788159 0.881420 0.913561 0.811038 0.534923 0.456361 0.532395 0.711553 0.461723 0.449023 0.603173 0.505873 0.418553 0.000000 0.682303 0.644229 0.786444 0.679743 0.346362 0.390950 0.438045 0.394459 0.483734 0.438330 0.680765 0.433889 0.466253 0.435496 0.571098 0.499814 0.619642 0.663160 0.479732 0.475337 0.437947 0.457635 0.389743 0.391600 0.407744 0.409686 0.424288 0.473071 0.458206 0.520061 0.681871 0.478492 0.500288 0.586422 0.706543 0.671730 0.830747 0.695589 0.492083 0.570513 0.504588 0.544835 0.477599 0.494831 0.524269 0.490720 0.415966 0.535195 0.986064 0.970655 0.540203 0.538969 0.604752 0.671987 0.701348 0.740601 0.540309 0.441306 0.497821 0.597132 0.449458 0.437658 0.565783 0.641914 0.355987 0.398712 0.442769 0.384056 0.683805 0.491539 0.556773 0.548185 0.675597 0.578211 0.498371 0.627607 0.512326 0.886258
