0.000000 0.125042 0.343611 0.377910 0.820710 0.698214 0.588910 0.455463 0.596308 0.718586 0.314878 0.233195 0.295539 0.332172 0.498070 0.553682 0.205119 0.187095 0.230428 0.164825 0.454424 0.917178 0.558813 0.389540 0.355868 0.571655 0.468485 0.774765 0.354064 0.351460 0.762273 0.622377 0.316094 0.380760 0.739835 0.982052 0.579103 0.573735 0.827439 0.645600 0.547925 0.611068 0.967342 0.768766 0.851551 0.924840 0.527517 0.617403 0.806994 0.666278 0.754346 0.687755 0.969395 0.733982 0.328731 0.464955 0.132003 0.129242 0.348912 0.296516 0.306801 0.384488 0.220512 0.222435 0.274742 0.324941 0.664095 0.740369 0.240629 0.285562 0.770258 0.556552 0.929742 0.960425 0.738161 0.931615 0.938901 0.950629 0.426611 0.395528 0.207459 0.239237 0.294335 0.214604 0.164861 0.177644 0.770854 0.471646 0.426556 0.230692 0.329431 0.381515 0.329718 0.343232 0.930871 0.917128 0.957496 0.830767 0.790445 0.878320 0.686298 0.684625 0.956636 0.835536 0.807421 0.831299 0.873928 0.839070 0.721963 0.791514 0.817424 0.975643 0.842651 0.982357 0.662691 0.584453
0.125042 0.000000 0.292845 0.325256 0.833107 0.697964 0.578271 0.438908 0.567247 0.696962 0.390103 0.256180 0.345097 0.367630 0.526166 0.545635 0.201745 0.192324 0.236264 0.192498 0.455808 0.961917 0.499472 0.355158 0.307890 0.524184 0.408675 0.835862 0.384726 0.351819 0.679558 0.568796 0.300057 0.348636 0.669965 0.924651 0.523416 0.523057 0.744846 0.672811 0.571218 0.605204 0.889248 0.701925 0.908589 0.867404 0.463066 0.557086 0.770502 0.604411 0.693634 0.615492 0.894740 0.802850 0.306248 0.409876 0.117189 0.120794 0.324696 0.275477 0.337405 0.385285 0.249969 0.226724 0.262316 0.299831 0.593437 0.675474 0.249831 0.263704 0.817852 0.568363 0.908396 0.967301 0.749753 0.891253 0.997745 0.965916 0.387623 0.336508 0.187107 0.251643 0.274391 0.196857 0.174078 0.167624 0.746713 0.458389 0.450628 0.214730 0.309827 0.360522 0.326380 0.320660 0.971677 0.947814 0.965244 0.890425 0.788031 0.911338 0.642961 0.655523 0.967779 0.900084 0.754524 0.780871 0.821388 0.838788 0.771132 0.746848 0.778513 0.969214 0.882787 0.999714 0.643532 0.608978
0.343611 0.292845 0.000000 0.240084 0.899292 0.797751 0.428819 0.416247 0.764226 0.836187 0.592435 0.482870 0.439636 0.483430 0.566001 0.525591 0.367322 0.372698 0.345107 0.390281 0.507642 0.919360 0.393277 0.370723 0.382065 0.480302 0.447372 0.917206 0.494287 0.512411 0.537258 0.452613 0.357275 0.379002 0.646130 0.848533 0.591466 0.561301 0.804457 0.738620 0.631274 0.582029 0.753106 0.621947 0.985804 0.806188 0.502061 0.571736 0.774848 0.592429 0.652199 0.582950 0.756091 0.975975 0.420958 0.520559 0.288565 0.310569 0.407493 0.362255 0.387311 0.459669 0.392237 0.396317 0.308783 0.323949 0.479249 0.574896 0.470448 0.377552 0.967373 0.763752 0.751828 0.893160 0.750653 0.848327 0.809974 0.830932 0.437886 0.509970 0.405027 0.478408 0.416327 0.452250 0.339564 0.301497 0.886833 0.648474 0.560793 0.371351 0.564095 0.583785 0.565657 0.544142 0.970799 0.904221 0.950721 0.996561 0.960781 0.910017 0.766752 0.857937 0.969326 0.907080 0.722042 0.711447 0.687321 0.946060 0.770569 0.796069 0.739535 0.924114 0.979160 0.899450 0.672507 0.716859
0.377910 0.325256 0.240084 0.000000 0.979333 0.900825 0.329628 0.224729 0.918554 0.939727 0.724425 0.468234 0.450999 0.439182 0.581215 0.414199 0.444067 0.454854 0.390000 0.479934 0.564691 0.932492 0.268344 0.280645 0.472761 0.495898 0.571417 0.988285 0.566351 0.538600 0.418936 0.385230 0.320535 0.384085 0.585623 0.845001 0.563060 0.597970 0.855304 0.724618 0.728463 0.659783 0.613535 0.514921 0.850136 0.680238 0.447711 0.491654 0.655775 0.445402 0.440536 0.369675 0.547210 0.765077 0.436723 0.534943 0.326400 0.341413 0.319717 0.219640 0.365998 0.340872 0.399570 0.354101 0.398347 0.285266 0.390040 0.417787 0.600306 0.367505 0.803498 0.900387 0.658353 0.828937 0.682502 0.794910 0.741750 0.752027 0.365105 0.479337 0.452533 0.608780 0.439375 0.518095 0.399969 0.301900 0.979589 0.659301 0.537613 0.384113 0.674386 0.665255 0.647588 0.570502 0.864473 0.867212 0.858602 0.891269 0.907401 0.811246 0.885013 0.985265 0.975461 0.860848 0.631465 0.580352 0.635367 0.829634 0.867882 0.725340 0.695947 0.796894 0.853064 0.842609 0.525704 0.873800
0.820710 0.833107 0.899292 0.979333 0.000000 0.683230 0.812304 0.783119 0.516369 0.493341 0.935361 0.940376 0.869196 0.839346 0.709924 0.672126 0.952094 0.946634 0.955846 0.880403 0.935832 0.831695 0.792139 0.875167 0.708561 0.854977 0.801224 0.872341 0.848917 0.874339 0.762204 0.819423 0.965162 0.907759 0.940012 0.888438 0.830074 0.763497 0.767392 0.962677 0.836073 0.946591 0.875488 0.911363 0.697985 0.787608 0.968456 0.944699 0.859239 0.906163 0.789766 0.819835 0.689440 0.561039 0.950757 0.928980 0.826209 0.870914 0.908498 0.872470 0.826184 0.753487 0.937045 0.941144 0.816379 0.961958 0.928981 0.884241 0.672151 0.815936 0.697063 0.640974 0.650636 0.574992 0.784753 0.863279 0.874282 0.844735 0.999289 0.935653 0.937863 0.861599 0.998287 0.776513 0.863502 0.845582 0.896261 0.745409 0.815076 0.801729 0.702005 0.792058 0.752331 0.727809 0.792368 0.928693 0.907689 0.951474 0.724241 0.825637 0.623720 0.650227 0.694264 0.874757 0.897910 0.841640 0.942652 0.915181 0.900104 0.983938 0.909881 0.838812 0.741278 0.837997 0.794071 0.776466
0.698214 0.697964 0.797751 0.900825 0.683230 0.000000 0.894147 0.959540 0.536692 0.628662 0.647591 0.746812 0.915440 0.883045 0.994818 0.967478 0.728209 0.740296 0.792711 0.720021 0.910448 0.895961 0.891383 0.976146 0.817571 0.823365 0.703023 0.980802 0.821083 0.753595 0.850992 0.894329 0.843727 0.950965 0.999503 0.980889 0.910334 0.908110 0.961813 0.955004 0.717202 0.864144 0.779630 0.850265 0.690605 0.821427 0.950186 0.934988 0.877880 0.885199 0.837133 0.824601 0.740135 0.573034 0.955618 0.984311 0.676809 0.701521 0.847251 0.824217 0.837829 0.911114 0.843557 0.809637 0.638884 0.846967 0.994020 0.883501 0.663609 0.829895 0.711427 0.691060 0.660399 0.672525 0.927748 0.910320 0.679769 0.772298 0.967855 0.995363 0.845571 0.790705 0.783440 0.704382 0.766076 0.784353 0.908988 0.778908 0.856868 0.843001 0.491280 0.607717 0.594247 0.646440 0.790594 0.835680 0.820844 0.838867 0.622430 0.668715 0.695775 0.693689 0.802289 0.815177 0.782450 0.779555 0.957890 0.771382 0.779699 0.988583 0.822595 0.915486 0.658785 0.780192 0.821457 0.804453
0.588910 0.578271 0.428819 0.329628 0.812304 0.894147 0.000000 0.217072 0.912538 0.554540 0.917208 0.629984 0.602378 0.547158 0.666799 0.546622 0.607007 0.616963 0.424385 0.643616 0.594185 0.872829 0.252978 0.527085 0.778236 0.624525 0.839897 0.972076 0.547861 0.635790 0.272300 0.354037 0.304047 0.324578 0.570024 0.846645 0.657584 0.715188 0.933287 0.801024 0.905871 0.625761 0.443051 0.347370 0.473798 0.373780 0.395970 0.395759 0.382736 0.305712 0.273660 0.271794 0.362331 0.522442 0.478243 0.493544 0.540389 0.550976 0.306949 0.345858 0.390776 0.376073 0.389900 0.401945 0.742051 0.588149 0.248748 0.302878 0.877119 0.491671 0.530658 0.849357 0.389413 0.484240 0.660147 0.608884 0.515017 0.521183 0.369075 0.579572 0.604503 0.825271 0.596652 0.795855 0.601948 0.573293 0.754879 0.934817 0.693025 0.553502 0.998679 0.991499 0.955527 0.887879 0.631077 0.639066 0.659015 0.730840 0.488387 0.429577 0.774091 0.687089 0.581004 0.503764 0.428924 0.377798 0.590963 0.695021 0.951629 0.666388 0.587756 0.538181 0.535767 0.504768 0.319594 0.979859
0.455463 0.438908 0.416247 0.224729 0.783119 0.959540 0.217072 0.000000 0.856310 0.636102 0.762570 0.425856 0.442077 0.386793 0.542925 0.351686 0.499229 0.494508 0.402955 0.526850 0.597041 0.941322 0.229218 0.317627 0.715251 0.653363 0.833228 0.966313 0.481635 0.494006 0.339983 0.399963 0.287052 0.354448 0.577707 0.898899 0.632615 0.647157 0.998605 0.756487 0.802158 0.696373 0.554118 0.452877 0.646721 0.516692 0.444933 0.478482 0.505432 0.377723 0.312364 0.291502 0.420548 0.570118 0.455225 0.540065 0.426212 0.411714 0.336971 0.277812 0.287713 0.195089 0.333525 0.283105 0.593393 0.373647 0.358694 0.344420 0.756753 0.412725 0.639639 0.875523 0.471839 0.586049 0.618583 0.671709 0.648823 0.669809 0.352072 0.533988 0.485030 0.705633 0.517083 0.658113 0.494301 0.420496 0.939174 0.783209 0.605759 0.471660 0.850377 0.805193 0.797908 0.678409 0.728413 0.753509 0.799286 0.911843 0.684222 0.634192 0.881433 0.856703 0.790637 0.696804 0.506367 0.525107 0.679435 0.813518 0.937943 0.692805 0.674497 0.651521 0.692181 0.717557 0.421825 0.952968
0.596308 0.567247 0.764226 0.918554 0.516369 0.536692 0.912538 0.856310 0.000000 0.483789 0.676470 0.766036 0.924657 0.884147 0.984304 0.862316 0.592757 0.607641 0.681886 0.605768 0.781234 0.893275 0.899989 0.944658 0.503455 0.714185 0.546361 0.904472 0.806138 0.786892 0.859735 0.936449 0.779963 0.782984 0.916864 0.950707 0.689262 0.801949 0.799023 0.858450 0.753548 0.913247 0.957721 0.919961 0.831280 0.970573 0.760671 0.808437 0.922014 0.878575 0.943004 0.986255 0.820540 0.583517 0.674377 0.588426 0.558870 0.603980 0.675077 0.728138 0.977743 0.938822 0.788019 0.801526 0.665833 0.887358 0.927071 0.949889 0.473766 0.761030 0.627608 0.483127 0.707085 0.677418 0.982382 0.965334 0.842680 0.783912 0.853688 0.741487 0.609533 0.517889 0.646660 0.423086 0.585760 0.640369 0.829444 0.572537 0.661974 0.591402 0.445473 0.623611 0.492987 0.588389 0.819463 0.975141 0.938889 0.978526 0.685623 0.877773 0.580925 0.656697 0.968664 0.984700 0.924970 0.962178 0.889133 0.844252 0.758249 0.928119 0.874506 0.967353 0.781295 0.924513 0.964440 0.701460
0.718586 0.696962 0.836187 0.939727 0.493341 0.628662 0.554540 0.636102 0.483789 0.000000 0.648696 0.905520 0.916159 0.951385 0.993163 0.804972 0.794809 0.782019 0.964129 0.747333 0.894676 0.894027 0.692333 0.981905 0.559569 0.865797 0.601113 0.781085 0.931665 0.970719 0.547392 0.767227 0.857182 0.855433 0.870544 0.970070 0.917225 0.771035 0.730947 0.975624 0.697972 0.964786 0.568272 0.624320 0.371198 0.463277 0.837920 0.761190 0.539097 0.624685 0.493648 0.577365 0.451900 0.316778 0.965901 0.997130 0.726546 0.739779 0.913182 0.958976 0.910974 0.755889 0.949911 0.961520 0.596415 0.842727 0.655156 0.596770 0.489998 0.855464 0.368346 0.403279 0.503759 0.420328 0.844274 0.684362 0.548055 0.540381 0.874656 0.934979 0.778586 0.583998 0.821019 0.566170 0.710265 0.726949 0.644859 0.643968 0.860848 0.788809 0.462394 0.521335 0.570572 0.652654 0.542376 0.738791 0.729649 0.702066 0.336736 0.428132 0.412886 0.436351 0.585102 0.630423 0.640383 0.642730 0.845051 0.616792 0.758969 0.821810 0.795846 0.517811 0.443224 0.657503 0.587181 0.617496
0.314878 0.390103 0.592435 0.724425 0.935361 0.647591 0.917208 0.762570 0.676470 0.648696 0.000000 0.267609 0.289425 0.333541 0.413354 0.572600 0.289924 0.241211 0.439231 0.250400 0.583724 0.828307 0.852649 0.583192 0.559867 0.856159 0.560804 0.715504 0.347004 0.336448 0.947707 0.916115 0.606715 0.605738 0.999667 0.958409 0.792986 0.756229 0.949106 0.776107 0.488266 0.911797 0.661732 0.833800 0.601432 0.735819 0.925291 0.976617 0.817364 0.922857 0.818032 0.866428 0.708872 0.506854 0.575584 0.733504 0.382100 0.339836 0.795476 0.745590 0.364131 0.509102 0.378830 0.391012 0.324986 0.446262 0.946750 0.909523 0.386526 0.629775 0.617341 0.612537 0.897989 0.859050 0.694985 0.900840 0.647250 0.758423 0.747208 0.672914 0.413528 0.324376 0.456292 0.385975 0.342614 0.420303 0.589066 0.634633 0.620916 0.558593 0.366987 0.362251 0.345540 0.433615 0.757495 0.965440 0.707147 0.555806 0.521733 0.594687 0.631342 0.648784 0.808459 0.979165 0.835833 0.859000 0.779576 0.596396 0.662790 0.989271 0.932562 0.795463 0.586433 0.722667 0.902279 0.533998
0.233195 0.256180 0.482870 0.468234 0.940376 0.746812 0.629984 0.425856 0.766036 0.905520 0.267609 0.000000 0.208203 0.187841 0.310697 0.347994 0.186039 0.168344 0.277390 0.211345 0.501650 0.841184 0.495081 0.363886 0.491955 0.713474 0.582445 0.847915 0.251397 0.194428 0.699057 0.614752 0.341905 0.380880 0.718544 0.964227 0.631517 0.658923 0.866050 0.719105 0.595875 0.798834 0.990336 0.816670 0.912297 0.917273 0.607543 0.690446 0.870908 0.724351 0.779257 0.727697 0.922368 0.870661 0.370111 0.540788 0.264777 0.208823 0.543570 0.470804 0.206088 0.234167 0.204639 0.164533 0.310657 0.273286 0.761794 0.759617 0.380852 0.411514 0.883771 0.782870 0.829927 0.883482 0.620055 0.922850 0.944194 0.959927 0.465219 0.413031 0.244628 0.301241 0.274741 0.306962 0.241783 0.264619 0.681819 0.520042 0.472122 0.395215 0.397459 0.392801 0.356544 0.348566 0.925462 0.956519 0.837335 0.712617 0.766249 0.846675 0.758432 0.779149 0.990621 0.892508 0.834823 0.884482 0.977391 0.744635 0.690447 0.792732 0.831571 0.981796 0.808413 0.876606 0.639666 0.641080
0.295539 0.345097 0.439636 0.450999 0.869196 0.915440 0.602378 0.442077 0.924657 0.916159 0.289425 0.208203 0.000000 0.169434 0.224182 0.296609 0.275041 0.247841 0.306299 0.282673 0.513077 0.955931 0.469424 0.324804 0.522413 0.644987 0.590409 0.826763 0.330985 0.332952 0.720222 0.568664 0.396431 0.406435 0.772624 0.950425 0.750505 0.747593 0.994452 0.752938 0.589665 0.769669 0.952797 0.894491 0.833435 0.973367 0.691445 0.795989 0.984606 0.817657 0.838704 0.775004 0.946621 0.881862 0.406931 0.615829 0.347511 0.298880 0.614046 0.539436 0.199155 0.304208 0.240550 0.261577 0.327849 0.260734 0.799783 0.825346 0.464951 0.473512 0.836117 0.822464 0.772440 0.843418 0.581883 0.979256 0.954306 0.959063 0.529296 0.487245 0.320180 0.319440 0.339010 0.399638 0.254477 0.263948 0.718196 0.554574 0.526994 0.463581 0.558662 0.516128 0.506755 0.518775 0.913426 0.967428 0.875682 0.691307 0.826826 0.897954 0.813465 0.935575 0.954258 0.875190 0.873173 0.870488 0.980054 0.797074 0.662239 0.920440 0.903775 0.932758 0.801910 0.876601 0.621510 0.614110
0.332172 0.367630 0.483430 0.439182 0.839346 0.883045 0.547158 0.386793 0.884147 0.951385 0.333541 0.187841 0.169434 0.000000 0.215173 0.236503 0.250256 0.233074 0.287769 0.292025 0.547723 0.883178 0.409793 0.278536 0.578076 0.672731 0.650084 0.861538 0.296161 0.267175 0.628504 0.534815 0.378355 0.363130 0.747989 0.951234 0.735205 0.779984 0.972740 0.740766 0.653883 0.824001 0.945463 0.793862 0.972869 0.877100 0.611968 0.678908 0.840871 0.695915 0.705770 0.657261 0.802069 0.981925 0.372260 0.554543 0.358559 0.302880 0.562957 0.505507 0.202474 0.242435 0.231306 0.221025 0.404426 0.282043 0.733545 0.734675 0.540933 0.512721 0.949661 0.871625 0.729502 0.728977 0.584110 0.849728 0.961642 0.996633 0.477630 0.486863 0.315692 0.358761 0.335962 0.409422 0.296022 0.293721 0.736525 0.537974 0.529437 0.460429 0.572654 0.557260 0.516808 0.509581 0.967967 0.937802 0.873932 0.754776 0.917780 0.985870 0.883668 0.969901 0.927638 0.793510 0.855339 0.779412 0.936290 0.838699 0.660784 0.899021 0.787491 0.922653 0.897175 0.945473 0.590291 0.702384
0.498070 0.526166 0.566001 0.581215 0.709924 0.994818 0.666799 0.542925 0.984304 0.993163 0.413354 0.310697 0.224182 0.215173 0.000000 0.283241 0.361309 0.349982 0.446993 0.414507 0.575038 0.921015 0.456476 0.370997 0.649824 0.705534 0.725005 0.850124 0.366935 0.350201 0.689485 0.627805 0.508523 0.462553 0.805523 0.997500 0.860956 0.942113 0.968812 0.877557 0.793976 0.877211 0.944513 0.833057 0.982129 0.931635 0.719174 0.760222 0.921946 0.804388 0.805757 0.773205 0.845303 0.966322 0.473633 0.635850 0.532871 0.478091 0.754144 0.705681 0.294338 0.379817 0.383119 0.390568 0.445282 0.362854 0.829897 0.844092 0.665807 0.683029 0.916909 0.921785 0.692337 0.716992 0.592852 0.904664 0.933579 0.954886 0.545679 0.558925 0.420581 0.441713 0.444775 0.528135 0.391703 0.437071 0.796594 0.597366 0.671276 0.618808 0.708003 0.665665 0.631956 0.671712 0.999496 0.933485 0.808720 0.728326 0.923651 0.988587 0.865681 0.992946 0.914706 0.837666 0.889677 0.850249 0.949523 0.794242 0.657921 0.958677 0.876846 0.992877 0.916464 0.907406 0.677050 0.790911
0.553682 0.545635 0.525591 0.414199 0.672126 0.967478 0.546622 0.351686 0.862316 0.804972 0.572600 0.347994 0.296609 0.236503 0.283241 0.000000 0.426124 0.419883 0.504012 0.549487 0.602463 0.910745 0.345191 0.281737 0.652112 0.657813 0.764396 0.974842 0.433069 0.363029 0.512247 0.477841 0.462008 0.450942 0.722240 0.919605 0.805731 0.798097 0.978872 0.763873 0.809761 0.919207 0.830969 0.740151 0.902210 0.807712 0.672918 0.685937 0.831040 0.649766 0.608925 0.551032 0.600555 0.712195 0.486312 0.653532 0.525898 0.473206 0.646311 0.570718 0.289514 0.255503 0.389717 0.350843 0.513964 0.274020 0.679858 0.583672 0.803682 0.595993 0.863882 0.938134 0.647465 0.691924 0.550581 0.757412 0.827693 0.877250 0.500917 0.524622 0.486857 0.595204 0.440824 0.608428 0.502328 0.443280 0.753116 0.746710 0.681198 0.612253 0.754626 0.669903 0.679964 0.627575 0.897660 0.931057 0.826647 0.806600 0.997950 0.910484 0.961227 0.970582 0.928711 0.908088 0.804632 0.803927 0.836393 0.931962 0.797108 0.917966 0.797014 0.919125 0.986158 0.996281 0.616355 0.851717
0.205119 0.201745 0.367322 0.444067 0.952094 0.728209 0.607007 0.499229 0.592757 0.794809 0.289924 0.186039 0.275041 0.250256 0.361309 0.426124 0.000000 0.132676 0.217768 0.191410 0.444673 0.924983 0.490545 0.359094 0.342702 0.564038 0.459564 0.828577 0.226915 0.205682 0.649027 0.566687 0.293788 0.306031 0.683659 0.888234 0.593695 0.632001 0.810547 0.675817 0.596537 0.709541 0.912155 0.714925 0.984974 0.831671 0.471372 0.565103 0.774832 0.618845 0.732955 0.670684 0.885683 0.847957 0.282517 0.384320 0.196905 0.173568 0.450095 0.431708 0.266219 0.336301 0.205086 0.192636 0.276946 0.293123 0.628984 0.668268 0.334324 0.392038 0.867675 0.660480 0.856001 0.911533 0.677833 0.822008 0.980775 0.944777 0.412009 0.342461 0.177934 0.235567 0.221583 0.220505 0.191247 0.224550 0.708563 0.486050 0.469225 0.306138 0.365502 0.399909 0.320712 0.364501 0.996790 0.928334 0.960851 0.831174 0.803791 0.929749 0.709761 0.711440 0.910526 0.814392 0.791969 0.783537 0.926483 0.784973 0.667999 0.756458 0.782617 0.917256 0.885091 0.930327 0.615141 0.594725
0.187095 0.192324 0.372698 0.454854 0.946634 0.740296 0.616963 0.494508 0.607641 0.782019 0.241211 0.168344 0.247841 0.233074 0.349982 0.419883 0.132676 0.000000 0.227076 0.172952 0.446388 0.872717 0.520606 0.354752 0.372738 0.577296 0.476273 0.760515 0.230832 0.214533 0.707306 0.583629 0.321982 0.331868 0.722737 0.908942 0.622451 0.617843 0.813891 0.696980 0.609456 0.723233 0.964103 0.769120 0.925820 0.892365 0.535885 0.611985 0.832081 0.667929 0.781567 0.715437 0.923709 0.798805 0.284707 0.441177 0.185521 0.160220 0.474064 0.446353 0.250600 0.321833 0.203160 0.185530 0.247448 0.268488 0.676261 0.727632 0.332892 0.394571 0.833385 0.652945 0.880934 0.931463 0.693585 0.860719 0.950755 0.980348 0.424668 0.373326 0.179920 0.219637 0.234983 0.220917 0.182732 0.219139 0.655099 0.499076 0.487663 0.314355 0.343306 0.356121 0.302362 0.341352 0.987808 0.906722 0.890954 0.781788 0.757304 0.898329 0.675803 0.681708 0.973825 0.880529 0.820278 0.840960 0.931120 0.763795 0.666621 0.822494 0.808245 0.987505 0.849111 0.953963 0.620537 0.579567
0.230428 0.236264 0.345107 0.390000 0.955846 0.792711 0.424385 0.402955 0.681886 0.964129 0.439231 0.277390 0.306299 0.287769 0.446993 0.504012 0.217768 0.227076 0.000000 0.212941 0.476914 0.921422 0.368479 0.401489 0.441944 0.588752 0.541490 0.904878 0.281013 0.332061 0.533125 0.463606 0.231427 0.254954 0.622523 0.932019 0.562940 0.645213 0.899941 0.636717 0.591612 0.594833 0.766025 0.576639 0.882102 0.689969 0.372671 0.471083 0.639732 0.498316 0.592890 0.551364 0.776940 0.951890 0.255131 0.387647 0.237688 0.227724 0.358281 0.359771 0.278440 0.339299 0.198636 0.203609 0.376335 0.389191 0.507729 0.624181 0.391377 0.352638 0.993464 0.763836 0.686265 0.735931 0.721812 0.771062 0.843705 0.844501 0.362368 0.379751 0.238177 0.326270 0.288573 0.324425 0.227453 0.245988 0.825206 0.538986 0.483751 0.297849 0.523130 0.577713 0.485332 0.485041 0.813965 0.803743 0.864932 0.929769 0.949775 0.856357 0.936802 0.887079 0.768496 0.646640 0.625055 0.599213 0.758812 0.920789 0.751936 0.673968 0.649074 0.803007 0.978037 0.844909 0.475982 0.625661
0.164825 0.192498 0.390281 0.479934 0.880403 0.720021 0.643616 0.526850 0.605768 0.747333 0.250400 0.211345 0.282673 0.292025 0.414507 0.549487 0.191410 0.172952 0.212941 0.000000 0.447860 0.904463 0.555970 0.432620 0.429184 0.652298 0.501952 0.786069 0.297369 0.297401 0.737708 0.672404 0.344500 0.353905 0.781253 0.994918 0.643186 0.614899 0.871901 0.694407 0.521244 0.703668 0.993602 0.798738 0.871056 0.936313 0.558589 0.667900 0.840015 0.719489 0.831124 0.775174 0.981328 0.713418 0.344421 0.474587 0.210483 0.194155 0.486959 0.446687 0.306127 0.387534 0.239960 0.235505 0.292198 0.374657 0.747649 0.832716 0.261914 0.374239 0.790760 0.628027 0.897774 0.956488 0.752581 0.904713 0.946789 0.984481 0.440421 0.420071 0.227756 0.237467 0.329291 0.263119 0.203598 0.252604 0.733330 0.505121 0.487161 0.310386 0.367127 0.414509 0.365643 0.380278 0.967652 0.914608 0.960462 0.807000 0.780461 0.864094 0.714030 0.688920 0.979457 0.845594 0.844791 0.864164 0.940353 0.785066 0.765049 0.824073 0.889400 0.965642 0.820206 0.928697 0.678090 0.571587
0.454424 0.455808 0.507642 0.564691 0.935832 0.910448 0.594185 0.597041 0.781234 0.894676 0.583724 0.501650 0.513077 0.547723 0.575038 0.602463 0.444673 0.446388 0.476914 0.447860 0.000000 0.947986 0.577851 0.566287 0.565166 0.652902 0.637685 0.970867 0.464593 0.488850 0.650368 0.539678 0.409124 0.455568 0.972824 0.917493 0.701085 0.724005 0.923110 0.767860 0.797939 0.757566 0.845744 0.708874 0.892441 0.789423 0.608914 0.603247 0.742443 0.650445 0.735681 0.674315 0.812765 0.985221 0.481029 0.560028 0.461508 0.465610 0.530423 0.562945 0.463207 0.551904 0.418880 0.455080 0.529304 0.544744 0.631489 0.689485 0.560569 0.604154 0.972732 0.793810 0.793092 0.835233 0.780795 0.836061 0.946202 0.944398 0.521147 0.413996 0.438757 0.531589 0.441680 0.540809 0.489304 0.506926 0.930678 0.827274 0.666689 0.552384 0.615737 0.648693 0.643862 0.690017 0.977072 0.817665 0.916400 0.954547 0.967146 0.971939 0.833818 0.896352 0.912831 0.796687 0.777411 0.719851 0.900251 0.856372 0.777164 0.827693 0.846332 0.955542 0.970778 0.780587 0.608899 0.789449
0.917178 0.961917 0.919360 0.932492 0.831695 0.895961 0.872829 0.941322 0.893275 0.894027 0.828307 0.841184 0.955931 0.883178 0.921015 0.910745 0.924983 0.872717 0.921422 0.904463 0.947986 0.000000 0.837574 0.981049 0.956214 0.863327 0.896248 0.825785 0.992047 0.846114 0.794492 0.811109 0.922840 0.878005 0.894598 0.970439 0.891884 0.917169 0.977760 0.855953 0.994736 0.741602 0.752876 0.769598 0.817476 0.810795 0.823789 0.878440 0.781659 0.839772 0.810009 0.831088 0.885611 0.858417 0.985590 0.943160 0.905834 0.897801 0.955389 0.984070 0.925572 0.962427 0.939717 0.940211 0.940700 0.890246 0.795424 0.968743 0.995263 0.914481 0.817948 0.968175 0.919745 0.826195 0.994715 0.946538 0.754524 0.869732 0.951764 0.980861 0.971542 0.906574 0.932712 0.915806 0.971281 0.986860 0.866346 0.972709 0.977691 0.981272 0.815638 0.747299 0.779159 0.758108 0.718669 0.840277 0.811322 0.797485 0.697510 0.824638 0.879314 0.871150 0.845123 0.852079 0.834101 0.700655 0.866242 0.935323 0.942207 0.708034 0.990502 0.837433 0.778536 0.723180 0.863738 0.875841
0.558813 0.499472 0.393277 0.268344 0.792139 0.891383 0.252978 0.229218 0.899989 0.692333 0.852649 0.495081 0.469424 0.409793 0.456476 0.345191 0.490545 0.520606 0.368479 0.555970 0.577851 0.837574 0.000000 0.344937 0.607447 0.550120 0.758768 0.986490 0.486126 0.506240 0.237124 0.315049 0.299138 0.302165 0.475366 0.807594 0.637664 0.706943 0.920709 0.794832 0.894160 0.664815 0.415233 0.322399 0.550007 0.435290 0.328343 0.362003 0.472812 0.317938 0.303475 0.270972 0.375392 0.510539 0.392468 0.458019 0.518188 0.495445 0.424779 0.393982 0.366139 0.313760 0.396656 0.347567 0.579768 0.402176 0.343422 0.360029 0.792159 0.484259 0.575603 0.825309 0.389458 0.476660 0.645598 0.585300 0.514481 0.577568 0.295873 0.425520 0.467675 0.677007 0.474687 0.662957 0.481975 0.435556 0.946869 0.728828 0.657172 0.491753 0.912115 0.882539 0.844868 0.748759 0.700256 0.724047 0.832011 0.777365 0.652758 0.557370 0.892771 0.829027 0.654636 0.674970 0.427259 0.419959 0.600985 0.833023 0.921214 0.655255 0.628507 0.672191 0.670147 0.701418 0.361637 0.958648
0.389540 0.355158 0.370723 0.280645 0.875167 0.976146 0.527085 0.317627 0.944658 0.981905 0.583192 0.363886 0.324804 0.278536 0.370997 0.281737 0.359094 0.354752 0.401489 0.432620 0.566287 0.981049 0.344937 0.000000 0.502195 0.522741 0.658542 0.912500 0.491495 0.416184 0.575240 0.509833 0.398162 0.434250 0.649123 0.971205 0.690760 0.709987 0.878030 0.800856 0.741791 0.747962 0.782972 0.688681 0.959849 0.813259 0.507308 0.587162 0.791173 0.578519 0.568662 0.492748 0.638121 0.813467 0.381361 0.551089 0.348799 0.333473 0.483453 0.403586 0.335979 0.309369 0.375957 0.337636 0.399584 0.225575 0.569966 0.593893 0.576658 0.446013 0.985608 0.951061 0.737842 0.792048 0.755815 0.807068 0.865934 0.943618 0.452984 0.457770 0.353301 0.439325 0.379710 0.432040 0.353972 0.270624 0.791573 0.512733 0.522050 0.410190 0.652084 0.591468 0.602038 0.568699 0.944851 0.921175 0.986181 0.931284 0.970890 0.900725 0.890975 0.907663 0.976178 0.870476 0.750899 0.724191 0.852256 0.947270 0.667681 0.900887 0.767486 0.950197 0.978663 0.956779 0.668141 0.805393
0.355868 0.307890 0.382065 0.472761 0.708561 0.817571 0.778236 0.715251 0.503455 0.559569 0.559867 0.491955 0.522413 0.578076 0.649824 0.652112 0.342702 0.372738 0.441944 0.429184 0.565166 0.956214 0.607447 0.502195 0.000000 0.322787 0.365798 0.842730 0.607874 0.558453 0.788850 0.581312 0.487177 0.496371 0.670560 0.878449 0.507559 0.493961 0.605765 0.684447 0.628152 0.609485 0.890272 0.747057 0.855871 0.974686 0.528327 0.648590 0.918634 0.695297 0.851138 0.742955 0.953137 0.796439 0.470190 0.486096 0.322049 0.327752 0.548232 0.493370 0.602888 0.663319 0.508797 0.474751 0.308369 0.386515 0.740074 0.773582 0.331607 0.480110 0.829334 0.552216 0.993888 0.850536 0.796772 0.950691 0.936858 0.984891 0.544905 0.446918 0.357258 0.351111 0.371444 0.249819 0.314533 0.297848 0.702263 0.482068 0.492587 0.352414 0.363104 0.418893 0.351743 0.388731 0.861036 0.984684 0.933818 0.934106 0.683156 0.857142 0.567482 0.623915 0.930562 0.988696 0.854620 0.792369 0.826966 0.751707 0.786150 0.829641 0.929111 0.846813 0.819904 0.927149 0.787940 0.627240
0.571655 0.524184 0.480302 0.495898 0.854977 0.823365 0.624525 0.653363 0.714185 0.865797 0.856159 0.713474 0.644987 0.672731 0.705534 0.657813 0.564038 0.577296 0.588752 0.652298 0.652902 0.863327 0.550120 0.522741 0.322787 0.000000 0.535115 0.909181 0.738807 0.717121 0.628317 0.526816 0.531455 0.477969 0.623290 0.883367 0.573122 0.565217 0.702156 0.751897 0.907296 0.515428 0.683510 0.591329 0.888542 0.763495 0.474931 0.552830 0.749270 0.568580 0.637221 0.540488 0.705584 0.893291 0.455597 0.447992 0.521433 0.536067 0.539932 0.520696 0.712467 0.710583 0.613457 0.606297 0.568017 0.520001 0.611675 0.631801 0.583650 0.527111 0.963998 0.769855 0.857373 0.936209 0.853774 0.839530 0.832773 0.803005 0.523042 0.534263 0.507926 0.575523 0.516335 0.468238 0.501682 0.442711 0.794531 0.645003 0.526859 0.471245 0.710403 0.732590 0.687269 0.632115 0.987670 0.817957 0.876998 0.933403 0.957020 0.848539 0.818516 0.940614 0.964628 0.853892 0.714698 0.636101 0.681464 0.986825 0.848408 0.831489 0.988315 0.965790 0.931330 0.845728 0.682198 0.831191
0.468485 0.408675 0.447372 0.571417 0.801224 0.703023 0.839897 0.833228 0.546361 0.601113 0.560804 0.582445 0.590409 0.650084 0.725005 0.764396 0.459564 0.476273 0.541490 0.501952 0.637685 0.896248 0.758768 0.658542 0.365798 0.535115 0.000000 0.877643 0.681240 0.624107 0.831433 0.696467 0.615460 0.555980 0.800204 0.726289 0.523248 0.620197 0.674543 0.694530 0.681288 0.738993 0.940796 0.929300 0.770434 0.908441 0.736054 0.851119 0.955406 0.892681 0.979630 0.878515 0.925357 0.701327 0.545960 0.632638 0.437456 0.452552 0.679309 0.627099 0.639373 0.740515 0.588602 0.593236 0.395338 0.527885 0.825568 0.926401 0.441194 0.612891 0.751915 0.538894 0.938015 0.805728 0.715064 0.909369 0.902135 0.880196 0.699337 0.608798 0.560680 0.496150 0.498871 0.454175 0.426005 0.439300 0.756549 0.635851 0.666593 0.548943 0.382605 0.481403 0.446265 0.524842 0.823493 0.842588 0.817300 0.901490 0.648998 0.714011 0.511863 0.688736 0.835917 0.969928 0.994749 0.866094 0.971350 0.745111 0.849037 0.936690 0.919366 0.846734 0.735038 0.920810 0.848338 0.739956
0.774765 0.835862 0.917206 0.988285 0.872341 0.980802 0.972076 0.966313 0.904472 0.781085 0.715504 0.847915 0.826763 0.861538 0.850124 0.974842 0.828577 0.760515 0.904878 0.786069 0.970867 0.825785 0.986490 0.912500 0.842730 0.909181 0.877643 0.000000 0.920872 0.929052 0.772694 0.911680 0.990192 0.977674 0.957150 0.907936 0.959908 0.930920 0.889591 0.898815 0.956067 0.869632 0.875408 0.940453 0.802750 0.850540 0.959171 0.993699 0.898877 0.890317 0.860160 0.876212 0.841193 0.728160 0.954975 0.998921 0.798337 0.782969 0.959160 0.960773 0.882512 0.965542 0.862161 0.872435 0.770457 0.826493 0.881207 0.827590 0.764717 0.876109 0.827833 0.819115 0.936637 0.914130 0.966902 0.977185 0.805690 0.788911 0.959299 0.926655 0.821495 0.703468 0.913637 0.837071 0.749760 0.793310 0.958310 0.887575 0.982317 0.778731 0.813278 0.796408 0.804073 0.880791 0.887066 0.942237 0.839236 0.812461 0.824867 0.840092 0.700487 0.834419 0.932650 0.999162 0.967662 0.840952 0.866837 0.864141 0.928385 0.804865 0.968789 0.787203 0.925003 0.891433 0.998512 0.788093
0.354064 0.384726 0.494287 0.566351 0.848917 0.821083 0.547861 0.481635 0.806138 0.931665 0.347004 0.251397 0.330985 0.296161 0.366935 0.433069 0.226915 0.230832 0.281013 0.297369 0.464593 0.992047 0.486126 0.491495 0.607874 0.738807 0.681240 0.920872 0.000000 0.185319 0.598323 0.602548 0.307453 0.316947 0.732712 0.887404 0.699052 0.740175 0.947485 0.716686 0.706617 0.728455 0.843182 0.661878 0.835715 0.702052 0.520652 0.574811 0.676986 0.595850 0.686043 0.679076 0.814054 0.997541 0.358325 0.452478 0.376197 0.339656 0.558014 0.556416 0.264333 0.307685 0.243743 0.242429 0.435891 0.428609 0.601737 0.635120 0.549039 0.501699 0.922625 0.914147 0.717077 0.709823 0.698540 0.781605 0.889243 0.816378 0.449976 0.442767 0.312375 0.425730 0.314603 0.448240 0.361513 0.435752 0.790347 0.665499 0.597849 0.480733 0.597405 0.601902 0.501688 0.535037 0.909829 0.824274 0.987820 0.851848 0.983920 0.944780 0.958337 0.880958 0.776414 0.747290 0.741971 0.757078 0.878977 0.917430 0.705982 0.703787 0.771287 0.839643 0.971673 0.903888 0.556759 0.740320
0.351460 0.351819 0.512411 0.538600 0.874339 0.753595 0.635790 0.494006 0.786892 0.970719 0.336448 0.194428 0.332952 0.267175 0.350201 0.363029 0.205682 0.214533 0.332061 0.297401 0.488850 0.846114 0.506240 0.416184 0.558453 0.717121 0.624107 0.929052 0.185319 0.000000 0.586388 0.598660 0.356687 0.361586 0.747195 0.814123 0.653276 0.633636 0.834309 0.738637 0.680025 0.789847 0.968833 0.775275 0.956899 0.816881 0.563791 0.637241 0.823965 0.675994 0.757569 0.718325 0.853691 0.955606 0.364034 0.522490 0.352531 0.301766 0.595879 0.566892 0.247109 0.262775 0.259160 0.224718 0.380530 0.340134 0.679633 0.670946 0.514656 0.484542 0.989979 0.864187 0.803158 0.823715 0.675355 0.823293 0.987147 0.945989 0.474408 0.428421 0.301021 0.430890 0.283455 0.404582 0.368868 0.399902 0.698603 0.617599 0.575285 0.480917 0.457924 0.412075 0.401498 0.390008 0.980224 0.911682 0.883051 0.780207 0.812429 0.897851 0.873162 0.744534 0.915043 0.898456 0.852541 0.856935 0.969710 0.763270 0.736363 0.763030 0.801376 0.928674 0.875826 0.961155 0.656998 0.744429
0.762273 0.679558 0.537258 0.418936 0.762204 0.850992 0.272300 0.339983 0.859735 0.547392 0.947707 0.699057 0.720222 0.628504 0.689485 0.512247 0.649027 0.707306 0.533125 0.737708 0.650368 0.794492 0.237124 0.575240 0.788850 0.628317 0.831433 0.772694 0.598323 0.586388 0.000000 0.323960 0.361938 0.313897 0.516870 0.656780 0.663959 0.711740 0.940287 0.830491 0.962653 0.737883 0.386003 0.301793 0.402873 0.329092 0.345838 0.353210 0.409184 0.299006 0.279580 0.262085 0.324170 0.407709 0.496440 0.485662 0.691715 0.690129 0.470901 0.501935 0.517974 0.429191 0.517848 0.488379 0.822364 0.644625 0.280828 0.282730 0.998768 0.625255 0.450369 0.752024 0.404790 0.473825 0.759591 0.541143 0.407055 0.447530 0.354971 0.513025 0.643388 0.948527 0.630527 0.863063 0.737191 0.684748 0.824511 0.923940 0.783637 0.663735 0.981956 0.994759 0.999900 0.866325 0.561762 0.693025 0.714981 0.726650 0.520229 0.480349 0.804411 0.781923 0.584523 0.684695 0.437668 0.400548 0.592606 0.739859 0.897679 0.612531 0.667072 0.536753 0.532376 0.635593 0.384917 0.871694
0.622377 0.568796 0.452613 0.385230 0.819423 0.894329 0.354037 0.399963 0.936449 0.767227 0.916115 0.614752 0.568664 0.534815 0.627805 0.477841 0.566687 0.583629 0.463606 0.672404 0.539678 0.811109 0.315049 0.509833 0.581312 0.526816 0.696467 0.911680 0.602548 0.598660 0.323960 0.000000 0.377478 0.349671 0.595825 0.694441 0.633318 0.670689 0.946887 0.750941 0.939633 0.724237 0.507552 0.407173 0.613075 0.508008 0.382196 0.367497 0.553130 0.384397 0.406842 0.363493 0.417378 0.595674 0.463215 0.513089 0.569307 0.569073 0.429891 0.445743 0.500583 0.454580 0.479480 0.462576 0.671350 0.484038 0.400711 0.386991 0.814266 0.607042 0.657109 0.953466 0.536060 0.607058 0.668337 0.677051 0.648400 0.693492 0.427566 0.424231 0.528934 0.706719 0.469979 0.651557 0.565601 0.504354 0.933121 0.781935 0.655642 0.556090 0.862297 0.847098 0.835703 0.774863 0.759380 0.815972 0.876065 0.789797 0.695181 0.583198 0.946408 0.850502 0.651974 0.724328 0.559222 0.413544 0.611681 0.840986 0.942222 0.687878 0.553194 0.751929 0.658514 0.662485 0.404859 0.980691
0.316094 0.300057 0.357275 0.320535 0.965162 0.843727 0.304047 0.287052 0.779963 0.857182 0.606715 0.341905 0.396431 0.378355 0.508523 0.462008 0.293788 0.321982 0.231427 0.344500 0.409124 0.922840 0.299138 0.398162 0.487177 0.531455 0.615460 0.990192 0.307453 0.356687 0.361938 0.377478 0.000000 0.199784 0.529807 0.866425 0.567336 0.605181 0.919618 0.752637 0.738813 0.667386 0.586122 0.419720 0.683771 0.516926 0.296081 0.356956 0.484419 0.355121 0.403882 0.371264 0.570326 0.801289 0.311366 0.343115 0.282424 0.288977 0.274044 0.272737 0.272870 0.287404 0.222296 0.207183 0.448652 0.397061 0.333154 0.421589 0.515103 0.320754 0.823493 0.915335 0.580383 0.683028 0.711452 0.626779 0.696543 0.702384 0.240176 0.333757 0.295960 0.491941 0.318332 0.426079 0.318953 0.321262 0.975981 0.627490 0.514271 0.360795 0.615427 0.664570 0.610293 0.566779 0.773450 0.752689 0.774792 0.963453 0.802513 0.717421 0.962672 0.984354 0.717448 0.652641 0.497231 0.503431 0.671076 0.929477 0.814198 0.629567 0.636186 0.687492 0.781264 0.742346 0.402420 0.801182
0.380760 0.348636 0.379002 0.384085 0.907759 0.950965 0.324578 0.354448 0.782984 0.855433 0.605738 0.380880 0.406435 0.363130 0.462553 0.450942 0.306031 0.331868 0.254954 0.353905 0.455568 0.878005 0.302165 0.434250 0.496371 0.477969 0.555980 0.977674 0.316947 0.361586 0.313897 0.349671 0.199784 0.000000 0.512750 0.775232 0.514658 0.601469 0.826374 0.724935 0.759443 0.606312 0.602623 0.422084 0.672711 0.511839 0.284287 0.374623 0.503104 0.381736 0.437099 0.401739 0.551850 0.794217 0.309421 0.279077 0.352219 0.354450 0.343148 0.375744 0.316913 0.333169 0.233685 0.238333 0.514664 0.451513 0.368762 0.446551 0.585470 0.419156 0.778300 0.943815 0.573527 0.646065 0.692630 0.680806 0.671807 0.655387 0.294313 0.362080 0.320370 0.516610 0.371782 0.458160 0.369966 0.381416 0.980309 0.641676 0.516550 0.380492 0.635371 0.680675 0.605228 0.569717 0.775256 0.794234 0.799278 0.975514 0.792526 0.698671 0.950431 0.981625 0.674885 0.632568 0.578118 0.506924 0.652492 0.966616 0.845985 0.661426 0.672458 0.685420 0.773491 0.772881 0.382885 0.887318
0.739835 0.669965 0.646130 0.585623 0.940012 0.999503 0.570024 0.577707 0.916864 0.870544 0.999667 0.718544 0.772624 0.747989 0.805523 0.722240 0.683659 0.722737 0.622523 0.781253 0.972824 0.894598 0.475366 0.649123 0.670560 0.623290 0.800204 0.957150 0.732712 0.747195 0.516870 0.595825 0.529807 0.512750 0.000000 0.797900 0.598205 0.795280 0.765503 0.952756 0.847713 0.764470 0.530142 0.457448 0.657146 0.577997 0.456072 0.497034 0.620221 0.488935 0.508757 0.509148 0.577132 0.685989 0.623786 0.530747 0.694951 0.701928 0.585037 0.601041 0.705384 0.649485 0.656239 0.590853 0.749836 0.684461 0.482205 0.522984 0.872964 0.642157 0.748342 0.836085 0.680824 0.730974 0.875969 0.719928 0.566966 0.649430 0.605363 0.648474 0.644428 0.801296 0.682023 0.740171 0.654318 0.634222 0.952763 0.828529 0.631516 0.624056 0.934520 0.913169 0.900316 0.774265 0.779405 0.828096 0.855569 0.953911 0.772688 0.639800 0.930720 0.971948 0.637351 0.720974 0.534213 0.626963 0.663522 0.873872 0.902170 0.680907 0.681313 0.737863 0.750311 0.868140 0.539320 0.972173
0.982052 0.924651 0.848533 0.845001 0.888438 0.980889 0.846645 0.898899 0.950707 0.970070 0.958409 0.964227 0.950425 0.951234 0.997500 0.919605 0.888234 0.908942 0.932019 0.994918 0.917493 0.970439 0.807594 0.971205 0.878449 0.883367 0.726289 0.907936 0.887404 0.814123 0.656780 0.694441 0.866425 0.775232 0.797900 0.000000 0.743727 0.713710 0.857780 0.849907 0.937536 0.939160 0.816246 0.729477 0.765776 0.778098 0.813311 0.750185 0.935363 0.810775 0.840537 0.800583 0.756270 0.800187 0.834279 0.801121 0.920082 0.945121 0.918182 0.936617 0.918814 0.847060 0.939010 0.885791 0.904238 0.870826 0.725692 0.651319 0.859595 0.957759 0.759361 0.795146 0.819795 0.978674 0.817816 0.879366 0.917564 0.710081 0.867294 0.840252 0.942893 0.921512 0.843478 0.982763 0.966103 0.933975 0.966273 0.891109 0.897633 0.954369 0.884585 0.844870 0.860432 0.845604 0.998805 0.786123 0.901446 0.701131 0.995578 0.946739 0.972361 0.955180 0.782532 0.966032 0.889385 0.818341 0.955142 0.909499 0.887117 0.803847 0.877770 0.969608 0.885598 0.945814 0.805277 0.834875
0.579103 0.523416 0.591466 0.563060 0.830074 0.910334 0.657584 0.632615 0.689262 0.917225 0.792986 0.631517 0.750505 0.735205 0.860956 0.805731 0.593695 0.622451 0.562940 0.643186 0.701085 0.891884 0.637664 0.690760 0.507559 0.573122 0.523248 0.959908 0.699052 0.653276 0.663959 0.633318 0.567336 0.514658 0.598205 0.743727 0.000000 0.529342 0.708298 0.687384 0.641185 0.610647 0.832337 0.697389 0.940306 0.821190 0.586765 0.693879 0.830758 0.656755 0.724567 0.676646 0.808291 0.974609 0.553227 0.552491 0.571672 0.564038 0.585569 0.579160 0.697176 0.662685 0.573140 0.554958 0.656861 0.664102 0.631141 0.682649 0.641541 0.604764 0.841867 0.870854 0.853689 0.947997 0.749399 0.954546 0.924297 0.943377 0.709319 0.684369 0.628701 0.732461 0.589859 0.567638 0.582543 0.561961 0.856217 0.736011 0.596320 0.593198 0.563601 0.634228 0.522971 0.522424 0.998390 0.959572 0.964104 0.916973 0.921563 0.996259 0.831896 0.845380 0.886621 0.761746 0.728056 0.692392 0.942010 0.930262 0.996831 0.808268 0.866768 0.918259 0.993923 0.953825 0.775821 0.892923
0.573735 0.523057 0.561301 0.597970 0.763497 0.908110 0.715188 0.647157 0.801949 0.771035 0.756229 0.658923 0.747593 0.779984 0.942113 0.798097 0.632001 0.617843 0.645213 0.614899 0.724005 0.917169 0.706943 0.709987 0.493961 0.565217 0.620197 0.930920 0.740175 0.633636 0.711740 0.670689 0.605181 0.601469 0.795280 0.713710 0.529342 0.000000 0.667454 0.765438 0.641692 0.666100 0.986376 0.844415 0.930961 0.947697 0.704776 0.809662 0.980072 0.818123 0.878288 0.808369 0.898953 0.916632 0.657898 0.660942 0.526821 0.513211 0.690967 0.629727 0.659328 0.614407 0.635273 0.552730 0.584626 0.553816 0.773592 0.738996 0.575207 0.476326 0.934513 0.857468 0.868773 0.981051 0.797570 0.945422 0.909967 0.944961 0.707587 0.728234 0.629542 0.723152 0.579286 0.570124 0.642330 0.572713 0.837215 0.765134 0.644012 0.542981 0.533259 0.514403 0.554481 0.429367 0.891407 0.969451 0.986335 0.931345 0.785236 0.892386 0.852593 0.733341 0.917722 0.938492 0.916700 0.861193 0.860782 0.897131 0.951273 0.870694 0.922213 0.841700 0.875218 0.965077 0.841298 0.689321
