0.000000 0.307134 0.937210 0.779528 0.933245 0.847970 0.996886 0.906029 0.729500 0.750581 0.496310 0.357481 0.530694 0.491095 0.787876 0.673433 0.418197 0.362145 0.443169 0.361085 0.916422 0.734018 0.893613 0.778783 0.787538 0.775576 0.733454 0.965175 0.731814 0.518651 0.688678 0.958422 0.879179 0.821151 0.917944 0.999649 0.778727 0.610365 0.874858 0.705323 0.768315 0.970257 0.914439 0.817070 0.967681 0.852406 0.681637 0.697621 0.772072 0.523479 0.808232 0.620533 0.993620 0.745609 0.647570 0.735745 0.381979 0.336147 0.559475 0.489470 0.859218 0.954170 0.587321 0.528435 0.879125 0.978724 0.975941 0.980973 0.350783 0.422429 0.851922 0.794042 0.902988 0.938888 0.806363 0.796162 0.940018 0.947874 0.710387 0.535791 0.327729 0.285020 0.520368 0.373022 0.596346 0.670109 0.658279 0.687244 0.789026 0.537944 0.858425 0.929795 0.909771 0.995311 0.912308 0.964468 0.835572 0.958172 0.921959 0.968677 0.740652 0.891004 0.856176 0.930532 0.996065 0.971536 0.841994 0.820384 0.918111 0.866358 0.998790 0.962745 0.990510 0.896380 0.839549 0.934900
0.307134 0.000000 0.877118 0.748387 0.993203 0.795815 0.890396 0.855321 0.769192 0.818724 0.518307 0.362675 0.589390 0.568995 0.846495 0.671249 0.360791 0.307491 0.397000 0.358732 0.946205 0.791836 0.812538 0.800367 0.737391 0.815344 0.704984 0.943402 0.621643 0.471324 0.777860 0.978309 0.846917 0.721191 0.906926 0.956438 0.869219 0.584802 0.919358 0.719687 0.894837 0.882916 0.795696 0.688008 0.930942 0.740088 0.637639 0.621012 0.698810 0.447529 0.709295 0.534061 0.910323 0.770304 0.738059 0.798919 0.278998 0.235527 0.480182 0.364159 0.787014 0.910099 0.498874 0.420156 0.847775 0.976724 0.934583 0.943936 0.443318 0.413820 0.798806 0.762055 0.869553 0.894274 0.906044 0.931718 0.932451 0.958091 0.643402 0.589212 0.337278 0.366169 0.513528 0.422772 0.593576 0.657191 0.757212 0.689902 0.858172 0.613989 0.779853 0.818167 0.878543 0.881781 0.860975 0.990076 0.965835 0.906789 0.947176 0.969438 0.793781 0.875146 0.795981 0.927744 0.957594 0.950522 0.933705 0.863672 0.908623 0.780615 0.820520 0.964820 0.899564 0.781702 0.723425 0.914489
0.937210 0.877118 0.000000 0.322143 0.738315 0.776015 0.373856 0.407179 0.557527 0.973576 0.958012 0.869968 0.630769 0.730179 0.735064 0.685437 0.836144 0.900098 0.748482 0.884362 0.808273 0.903884 0.457642 0.553295 0.460108 0.456145 0.925155 0.972600 0.879069 0.914328 0.699184 0.736925 0.587798 0.714924 0.635603 0.840713 0.666716 0.878987 0.809170 0.964440 0.934159 0.846849 0.766761 0.807651 0.799529 0.841055 0.764073 0.801666 0.791781 0.969666 0.939400 0.997179 0.872797 0.994512 0.833484 0.930552 0.947761 0.998179 0.849535 0.857197 0.382346 0.473939 0.903059 0.953549 0.325815 0.305590 0.451806 0.479698 0.935547 0.946642 0.651801 0.691556 0.800325 0.852053 0.995290 0.774490 0.862878 0.817533 0.948621 0.969521 0.893579 0.999035 0.863588 0.986065 0.598150 0.502038 0.743414 0.888996 0.826908 0.822860 0.599475 0.876306 0.523887 0.798406 0.793833 0.995133 0.726123 0.872676 0.741201 0.734763 0.791972 0.945902 0.813188 0.930519 0.576953 0.781209 0.922291 0.850804 0.630661 0.843820 0.754241 0.809675 0.793462 0.986400 0.698579 0.962594
0.779528 0.748387 0.322143 0.000000 0.707388 0.809224 0.518997 0.413897 0.674506 0.916751 0.949359 0.707150 0.497118 0.557299 0.590276 0.487699 0.944926 0.980442 0.625519 0.712899 0.838087 0.786934 0.346224 0.405581 0.442931 0.568828 0.776323 0.908541 0.929210 0.985974 0.824322 0.742782 0.709304 0.790627 0.668414 0.813683 0.643768 0.840886 0.721186 0.895099 0.891487 0.870768 0.801336 0.794906 0.907504 0.862417 0.743245 0.727907 0.854466 0.934806 0.999938 0.874174 0.842590 0.957903 0.755539 0.986997 0.872630 0.855798 0.791391 0.746019 0.474013 0.488688 0.910221 0.939858 0.309514 0.342562 0.536397 0.592742 0.779879 0.939988 0.608360 0.751871 0.903550 0.954410 0.999364 0.814209 0.802503 0.859487 0.869514 0.867973 0.924336 0.844759 0.750511 0.853710 0.501861 0.416603 0.625820 0.795920 0.671318 0.693074 0.665175 0.874449 0.577017 0.776727 0.788940 0.982943 0.641324 0.902945 0.770772 0.728607 0.877629 0.913801 0.818355 0.818208 0.558131 0.659556 0.981195 0.832042 0.610018 0.765733 0.831170 0.800608 0.860949 0.982623 0.699603 0.979991
0.933245 0.993203 0.738315 0.707388 0.000000 0.822131 0.820784 0.828468 0.821429 0.938733 0.911557 0.964009 0.772902 0.910450 0.760613 0.830469 0.842026 0.889574 0.898659 0.984317 0.930238 0.951089 0.615682 0.696006 0.746228 0.761016 0.711768 0.880433 0.910845 0.880909 0.885232 0.967899 0.962632 0.999705 0.988596 0.940177 0.874951 0.938800 0.897338 0.869233 0.991193 0.808962 0.991547 0.953867 0.929109 0.897442 0.967312 0.916507 0.825900 0.878504 0.891447 0.961140 0.881712 0.960063 0.944466 0.998909 0.932766 0.971436 0.908761 0.993803 0.831714 0.864351 0.926958 0.932194 0.687347 0.751095 0.813576 0.898018 0.956911 0.961028 0.743809 0.997206 0.941603 0.963258 0.993200 0.863451 0.894185 0.962590 0.866615 0.992096 0.905930 0.970313 0.921132 0.902720 0.775352 0.741688 0.834118 0.797086 0.896073 0.963202 0.854385 0.877936 0.789168 0.844148 0.963612 0.986571 0.795548 0.844687 0.997410 0.938322 0.973042 0.900284 0.807604 0.837451 0.884290 0.685293 0.942137 0.902277 0.952317 0.929026 0.905368 0.956433 0.971789 0.856377 0.975553 0.792032
0.847970 0.795815 0.776015 0.809224 0.822131 0.000000 0.892595 0.787108 0.779091 0.961843 0.736650 0.908349 0.905722 0.892871 0.812656 0.816485 0.596683 0.635287 0.743289 0.853702 0.831212 0.868462 0.826057 0.773769 0.761934 0.623369 0.911272 0.746521 0.698913 0.827343 0.873649 0.982599 0.881841 0.972968 0.884106 0.931778 0.822934 0.855581 0.851593 0.895069 0.891494 0.957130 0.946575 0.937844 0.923335 0.945936 0.958584 0.997810 0.936123 0.907216 0.989453 0.967033 0.791578 0.873325 0.750051 0.894133 0.618881 0.701261 0.863250 0.932172 0.806521 0.696322 0.661835 0.771526 0.777549 0.634602 0.763068 0.785300 0.947192 0.882217 0.723817 0.829966 0.766101 0.940017 0.913000 0.955053 0.999435 0.990589 0.880973 0.938651 0.783947 0.887498 0.840039 0.840140 0.819028 0.762712 0.901093 0.969725 0.933054 0.968977 0.637815 0.825876 0.651375 0.845554 0.974127 0.893083 0.673210 0.931735 0.901479 0.956533 0.862990 0.863732 0.736854 0.999231 0.815883 0.858262 0.827532 0.986606 0.904021 0.956751 0.990118 0.928340 0.908036 0.916378 0.967467 0.922301
0.996886 0.890396 0.373856 0.518997 0.820784 0.892595 0.000000 0.353688 0.523021 0.798645 0.868295 0.828443 0.860986 0.931497 0.968168 0.894550 0.986747 0.939932 0.748942 0.902205 0.883846 0.959261 0.652448 0.831507 0.724471 0.581858 0.860962 0.802817 0.873528 0.891682 0.520993 0.576281 0.412511 0.483714 0.638396 0.767231 0.783886 0.933268 0.975338 0.919686 0.887832 0.871170 0.529392 0.594347 0.477878 0.543108 0.636693 0.629037 0.883103 0.823089 0.765892 0.822625 0.694360 0.768149 0.970828 0.972959 0.932933 0.997111 0.642524 0.709415 0.324145 0.455489 0.827142 0.788679 0.611298 0.496370 0.322355 0.317887 0.900668 0.895810 0.759015 0.721222 0.718262 0.777624 0.959524 0.718691 0.741642 0.627822 0.915921 0.896913 0.984802 0.912550 0.954808 0.923774 0.843398 0.756792 0.978677 0.939666 0.920490 0.937322 0.685157 0.934432 0.681303 0.938070 0.800290 0.951237 0.793089 0.767512 0.553408 0.568628 0.564013 0.882913 0.914066 0.849094 0.603405 0.723580 0.860857 0.785380 0.734360 0.832873 0.650842 0.803987 0.644398 0.813000 0.624803 0.964312
0.906029 0.855321 0.407179 0.413897 0.828468 0.787108 0.353688 0.000000 0.503783 0.685618 0.834862 0.696874 0.761367 0.783279 0.892614 0.722515 0.967917 0.923889 0.654646 0.782525 0.983945 0.947117 0.645798 0.787156 0.733498 0.593105 0.946720 0.961388 0.927729 0.893027 0.597278 0.582758 0.478849 0.477500 0.736542 0.860746 0.600052 0.830058 0.894896 0.954579 0.929037 0.985516 0.464535 0.492489 0.571822 0.539845 0.490715 0.467611 0.849006 0.719743 0.697736 0.684133 0.698903 0.645881 0.835459 0.991831 0.937357 0.974840 0.623742 0.665446 0.379026 0.311919 0.961838 0.778821 0.633511 0.428071 0.453540 0.373277 0.942652 0.972971 0.615112 0.638910 0.747421 0.835714 0.999757 0.806965 0.694830 0.656829 0.934433 0.840238 0.984158 0.955834 0.952044 0.973391 0.858325 0.740898 0.929369 0.907222 0.995197 0.965832 0.612525 0.863323 0.706551 0.965590 0.855890 0.889132 0.689730 0.834830 0.498416 0.465109 0.548129 0.931613 0.837813 0.816000 0.537921 0.703880 0.950542 0.701934 0.703831 0.750262 0.695403 0.721734 0.629655 0.759811 0.636417 0.953953
0.729500 0.769192 0.557527 0.674506 0.821429 0.779091 0.523021 0.503783 0.000000 0.651882 0.958606 0.818150 0.942159 0.942194 0.949010 0.971910 0.746406 0.644900 0.999556 0.790850 0.972457 0.886208 0.797532 0.968116 0.886289 0.521019 0.812326 0.932782 0.973670 0.848920 0.497053 0.615506 0.563011 0.679964 0.706419 0.915318 0.843106 0.856160 0.969495 0.939440 0.941646 0.940988 0.622299 0.686937 0.621180 0.700102 0.743344 0.795441 0.990768 0.992122 0.858698 0.964777 0.742337 0.641690 0.981779 0.966388 0.783071 0.668439 0.889056 0.979527 0.534483 0.513666 0.877211 0.919624 0.753419 0.584903 0.524879 0.472630 0.775613 0.707886 0.686963 0.660679 0.625946 0.771477 0.959973 0.839858 0.856299 0.748886 0.993234 0.860617 0.657312 0.611298 0.912156 0.658544 0.977128 0.946479 0.939608 0.931643 0.972191 0.940208 0.559035 0.845012 0.693189 0.866577 0.888769 0.975881 0.804890 0.831877 0.560302 0.589227 0.562381 0.980307 0.955138 0.790546 0.671228 0.738596 0.833294 0.709389 0.741730 0.916160 0.706242 0.680329 0.636787 0.848873 0.766047 0.965840
0.750581 0.818724 0.973576 0.916751 0.938733 0.961843 0.798645 0.685618 0.651882 0.000000 0.882882 0.969593 0.600274 0.601167 0.686879 0.715138 0.934081 0.801385 0.917446 0.875304 0.807228 0.790929 0.783595 0.551099 0.703226 0.933122 0.716913 0.884594 0.759021 0.880971 0.588383 0.668829 0.725881 0.623350 0.871658 0.964241 0.846947 0.845854 0.936621 0.979985 0.891807 0.727092 0.488067 0.549704 0.498652 0.499517 0.710522 0.640741 0.578080 0.751603 0.657108 0.875454 0.825652 0.573193 0.887433 0.971340 0.864240 0.774347 0.804834 0.965259 0.850496 0.667047 0.969263 0.818901 0.738849 0.950968 0.823940 0.694644 0.830099 0.879825 0.828016 0.722138 0.658810 0.707540 0.942233 0.896428 0.753798 0.667122 0.952976 0.835868 0.815108 0.605828 0.774188 0.701843 0.582444 0.615820 0.569116 0.653025 0.813708 0.655621 0.905974 0.876805 0.872543 0.767458 0.944292 0.874889 0.960647 0.824547 0.536745 0.534320 0.566011 0.913779 0.615752 0.668754 0.835809 0.846465 0.960079 0.637172 0.962973 0.855527 0.768918 0.684162 0.654210 0.766662 0.932230 0.960995
0.496310 0.518307 0.958012 0.949359 0.911557 0.736650 0.868295 0.834862 0.958606 0.882882 0.000000 0.547913 0.967033 0.921007 0.777731 0.924045 0.488381 0.434596 0.532175 0.537044 0.973049 0.999808 0.840271 0.887306 0.946741 0.776390 0.885938 0.833623 0.566006 0.480605 0.914222 0.900375 0.750795 0.580442 0.841695 0.973936 0.930746 0.636990 0.988568 0.847584 0.871621 0.962730 0.810502 0.695715 0.831498 0.695602 0.727172 0.701755 0.700752 0.569985 0.837528 0.797829 0.893207 0.811803 0.893619 0.904015 0.478830 0.557898 0.565614 0.542375 0.898619 0.991177 0.454483 0.510541 0.904936 0.880492 0.885570 0.863116 0.610911 0.632575 0.810884 0.824875 0.979394 0.870203 0.933280 0.790992 0.896991 0.956785 0.819031 0.787474 0.556426 0.639222 0.757747 0.630601 0.988733 0.962794 0.962228 0.930134 0.977341 0.905888 0.835437 0.880411 0.838319 0.896911 0.903517 0.901883 0.961442 0.744871 0.809276 0.879862 0.995467 0.953939 0.708900 0.688642 0.879779 0.949298 0.800951 0.956679 0.927332 0.871935 0.890712 0.999078 0.799240 0.759856 0.899049 0.957059
0.357481 0.362675 0.869968 0.707150 0.964009 0.908349 0.828443 0.696874 0.818150 0.969593 0.547913 0.000000 0.562761 0.584855 0.820355 0.648377 0.478438 0.438257 0.452516 0.333456 0.984387 0.713125 0.841759 0.803958 0.805053 0.869962 0.745874 0.894818 0.619467 0.423141 0.909471 0.922852 0.760697 0.632942 0.917228 0.983863 0.688141 0.527121 0.818446 0.696914 0.845761 0.957969 0.759627 0.689305 0.849658 0.682830 0.577903 0.525226 0.638939 0.458729 0.676202 0.530005 0.877917 0.934163 0.671593 0.753254 0.465135 0.381345 0.524669 0.410516 0.724811 0.743686 0.549646 0.407732 0.876609 0.898507 0.888853 0.838570 0.447637 0.492477 0.978553 0.911446 0.935754 0.957954 0.948499 0.954139 0.887939 0.935465 0.724278 0.563262 0.343925 0.393713 0.587461 0.468897 0.677176 0.700390 0.719405 0.779247 0.893242 0.702631 0.846188 0.908694 0.868960 0.814556 0.922065 0.913920 0.772753 0.850538 0.867991 0.877793 0.982842 0.909094 0.777493 0.849835 0.850937 0.893763 0.834461 0.915627 0.871256 0.753032 0.890740 0.909136 0.955212 0.766836 0.818976 0.938907
0.530694 0.589390 0.630769 0.497118 0.772902 0.905722 0.860986 0.761367 0.942159 0.600274 0.967033 0.562761 0.000000 0.301015 0.372402 0.354874 0.843309 0.745855 0.591706 0.573976 0.842341 0.627689 0.443830 0.396130 0.561194 0.900307 0.631578 0.908910 0.955211 0.923077 0.822906 0.924747 0.930616 0.936590 0.981004 0.980840 0.784069 0.868198 0.804226 0.860410 0.837498 0.857475 0.973386 0.994950 0.802666 0.903576 0.801771 0.858528 0.835629 0.861294 0.999405 0.705175 0.870430 0.947355 0.726562 0.798038 0.725615 0.615156 0.870112 0.693982 0.696532 0.735916 0.998004 0.867794 0.478404 0.585467 0.935381 0.977042 0.650228 0.690151 0.779781 0.984780 0.965061 0.985509 0.872707 0.966361 0.930832 0.866595 0.860794 0.673957 0.672271 0.509233 0.603653 0.636469 0.354464 0.396404 0.498008 0.604489 0.687038 0.496542 0.827339 0.741756 0.732307 0.784038 0.881428 0.912925 0.679765 0.982281 0.973355 0.956907 0.810790 0.931337 0.787834 0.802178 0.780231 0.920692 0.995453 0.930839 0.740066 0.936234 0.989440 0.959872 0.947300 0.995389 0.822462 0.991904
0.491095 0.568995 0.730179 0.557299 0.910450 0.892871 0.931497 0.783279 0.942194 0.601167 0.921007 0.584855 0.301015 0.000000 0.403801 0.304697 0.773498 0.706161 0.619944 0.580719 0.885547 0.623659 0.520776 0.408049 0.609101 0.872789 0.650411 0.787465 0.973278 0.847699 0.797496 0.997203 0.910726 0.988917 0.948355 0.907290 0.835732 0.841051 0.811620 0.811814 0.925965 0.855913 0.981381 0.918884 0.833439 0.967550 0.692483 0.817612 0.910149 0.769838 0.887511 0.610610 0.796816 0.931635 0.698403 0.797179 0.687876 0.598263 0.802413 0.627513 0.717276 0.751737 0.961011 0.836273 0.561616 0.607437 0.949364 0.963218 0.646728 0.646713 0.935434 0.873922 0.923683 0.890422 0.811682 0.927593 0.971188 0.842332 0.799018 0.617307 0.619598 0.496730 0.502467 0.593958 0.385350 0.381681 0.538773 0.618998 0.652372 0.486572 0.895049 0.859855 0.865668 0.849026 0.909260 0.955853 0.733958 0.987110 0.987170 0.993316 0.784576 0.850232 0.863551 0.926230 0.850889 0.907791 0.995050 0.851903 0.803566 0.920635 0.999487 0.978476 0.941233 0.945046 0.744456 0.982873
0.787876 0.846495 0.735064 0.590276 0.760613 0.812656 0.968168 0.892614 0.949010 0.686879 0.777731 0.820355 0.372402 0.403801 0.000000 0.330458 0.973529 0.951835 0.837625 0.826888 0.898639 0.729726 0.402038 0.403903 0.574985 0.836098 0.634162 0.760782 0.916753 0.935639 0.922205 0.956192 0.994789 0.857053 0.918242 0.996247 0.844284 0.917148 0.799944 0.979854 0.929462 0.871849 0.972762 0.934827 0.816735 0.868243 0.859111 0.954991 0.786914 0.986991 0.976258 0.806380 0.779176 0.976374 0.806854 0.797726 0.915390 0.835331 0.979288 0.878898 0.769141 0.760160 0.870875 0.995167 0.483132 0.617160 0.980958 0.990236 0.809610 0.900458 0.750982 0.976234 0.992290 0.970213 0.956798 0.981968 0.992226 0.889426 0.808434 0.788640 0.863784 0.740245 0.629601 0.773929 0.394017 0.426691 0.578456 0.594072 0.618885 0.550306 0.897645 0.870474 0.849774 0.811486 0.871137 0.987090 0.689500 0.973190 0.951612 0.997889 0.814036 0.791954 0.725049 0.744862 0.713750 0.830153 0.883618 0.990915 0.723053 0.938390 0.965890 0.928865 0.979115 0.869688 0.902593 0.919377
0.673433 0.671249 0.685437 0.487699 0.830469 0.816485 0.894550 0.722515 0.971910 0.715138 0.924045 0.648377 0.354874 0.304697 0.330458 0.000000 0.868972 0.830887 0.725424 0.686967 0.945863 0.664704 0.389097 0.357611 0.565924 0.811227 0.682616 0.748601 0.980574 0.890343 0.983288 0.891998 0.902959 0.992210 0.897508 0.951587 0.827069 0.851537 0.735936 0.906908 0.946915 0.889995 0.880361 0.869617 0.893770 0.966798 0.679530 0.762506 0.908500 0.810081 0.841267 0.616436 0.669476 0.923262 0.740366 0.802320 0.788046 0.696817 0.803748 0.673347 0.685498 0.650316 0.960437 0.845877 0.501591 0.561394 0.896927 0.899659 0.764917 0.773289 0.789310 0.952933 0.909640 0.955240 0.917096 0.980124 0.952966 0.977988 0.727081 0.734067 0.723469 0.653273 0.538314 0.640372 0.388005 0.362743 0.611439 0.650225 0.610507 0.538913 0.878600 0.883374 0.854523 0.940750 0.891788 0.989780 0.694530 0.961783 0.995245 0.907927 0.868466 0.791882 0.845045 0.848904 0.681618 0.767527 0.934865 0.994803 0.712232 0.889619 0.930767 0.898508 0.968360 0.935151 0.694524 0.993117
0.418197 0.360791 0.836144 0.944926 0.842026 0.596683 0.986747 0.967917 0.746406 0.934081 0.488381 0.478438 0.843309 0.773498 0.973529 0.868972 0.000000 0.297141 0.497216 0.438813 0.861554 0.907845 0.928937 0.945585 0.988827 0.599471 0.824353 0.910640 0.475744 0.403560 0.801830 0.994482 0.854367 0.723102 0.990990 0.986764 0.956169 0.626191 0.929047 0.777953 0.965497 0.998819 0.773587 0.655966 0.879701 0.685190 0.662297 0.640802 0.561267 0.426945 0.656839 0.545103 0.937602 0.849428 0.868425 0.735351 0.305164 0.305404 0.498652 0.457189 0.997045 0.888773 0.386699 0.362092 0.841581 0.692674 0.920896 0.949616 0.545149 0.452006 0.664725 0.704300 0.896362 0.895669 0.982664 0.852339 0.918819 0.892716 0.556342 0.622253 0.306516 0.451957 0.548097 0.456919 0.855004 0.968101 0.969836 0.770905 0.992019 0.737758 0.619175 0.775521 0.620428 0.759447 0.847165 0.889507 0.896838 0.785458 0.902991 0.953331 0.822188 0.911403 0.647384 0.819271 0.889263 0.910717 0.875062 0.897371 0.973310 0.854585 0.855823 0.991738 0.920652 0.752078 0.779886 0.850159
0.362145 0.307491 0.900098 0.980442 0.889574 0.635287 0.939932 0.923889 0.644900 0.801385 0.434596 0.438257 0.745855 0.706161 0.951835 0.830887 0.297141 0.000000 0.444305 0.404290 0.949823 0.834860 0.996161 0.923986 0.974428 0.606022 0.762040 0.912038 0.533858 0.425047 0.677207 0.923885 0.928462 0.797952 0.958036 0.968146 0.992273 0.599742 0.999506 0.768193 0.915065 0.999330 0.959933 0.802251 0.961734 0.845562 0.789664 0.766235 0.717830 0.520109 0.829795 0.683002 0.934777 0.679344 0.818258 0.797505 0.275141 0.263423 0.574064 0.485279 0.966676 0.816215 0.392140 0.393352 0.960334 0.747781 0.893320 0.859112 0.485012 0.437160 0.735707 0.628420 0.789537 0.984224 0.901789 0.847545 0.996142 0.968633 0.627242 0.665751 0.330960 0.383046 0.520032 0.374260 0.750409 0.872841 0.815631 0.712919 0.914616 0.680514 0.616900 0.803385 0.696342 0.851525 0.882151 0.931034 0.972710 0.835320 0.953003 0.932739 0.702289 0.892577 0.746397 0.944627 0.903907 0.911822 0.849635 0.791214 0.897542 0.859874 0.936901 0.907545 0.943540 0.775930 0.893994 0.899612
0.443169 0.397000 0.748482 0.625519 0.898659 0.743289 0.748942 0.654646 0.999556 0.917446 0.532175 0.452516 0.591706 0.619944 0.837625 0.725424 0.497216 0.444305 0.000000 0.405000 0.936865 0.744042 0.728418 0.741403 0.772908 0.900111 0.690947 0.860914 0.650900 0.610719 0.905547 0.858532 0.743223 0.668709 0.929307 0.976407 0.752654 0.641548 0.936340 0.848944 0.824026 0.918232 0.780293 0.667333 0.927407 0.760083 0.652682 0.582890 0.823882 0.556692 0.864842 0.654545 0.981602 0.905688 0.862022 0.889638 0.416997 0.424930 0.591713 0.509046 0.729789 0.821415 0.594307 0.517040 0.775440 0.878114 0.869531 0.854883 0.548100 0.637100 0.957012 0.922405 0.947854 0.957017 0.954616 0.984132 0.873452 0.916205 0.703839 0.607635 0.525543 0.555060 0.592736 0.563647 0.690996 0.755478 0.770338 0.790060 0.907609 0.769613 0.899021 0.933073 0.941279 0.982192 0.824774 0.973319 0.866354 0.880517 0.781141 0.773066 0.948673 0.991171 0.766720 0.960555 0.854215 0.970332 0.806607 0.962483 0.942076 0.655388 0.843444 0.924579 0.847575 0.730998 0.806873 0.954151
0.361085 0.358732 0.884362 0.712899 0.984317 0.853702 0.902205 0.782525 0.790850 0.875304 0.537044 0.333456 0.573976 0.580719 0.826888 0.686967 0.438813 0.404290 0.405000 0.000000 0.984895 0.716382 0.846671 0.794976 0.816534 0.838619 0.701113 0.944368 0.675008 0.513610 0.766278 0.980035 0.857414 0.737778 0.975975 0.972194 0.706141 0.527527 0.870746 0.646126 0.838520 0.929908 0.848078 0.765589 0.976345 0.828975 0.641396 0.619641 0.743083 0.484456 0.796898 0.584566 0.925324 0.885513 0.684528 0.760631 0.428315 0.346628 0.607770 0.466569 0.848938 0.880047 0.621411 0.473393 0.875032 0.962599 0.982395 0.979824 0.422389 0.430276 0.966956 0.866469 0.867248 0.982916 0.918131 0.935429 0.868869 0.927217 0.694166 0.646924 0.379110 0.399415 0.587485 0.425368 0.642044 0.735018 0.714103 0.763178 0.863923 0.676547 0.907205 0.965022 0.924646 0.962768 0.897838 0.934525 0.793568 0.900468 0.895153 0.906880 0.933039 0.981378 0.807456 0.990335 0.874005 0.969536 0.842142 0.989377 0.872202 0.713815 0.961507 0.964938 0.986032 0.850799 0.802731 0.838858
0.916422 0.946205 0.808273 0.838087 0.930238 0.831212 0.883846 0.983945 0.972457 0.807228 0.973049 0.984387 0.842341 0.885547 0.898639 0.945863 0.861554 0.949823 0.936865 0.984895 0.000000 0.966536 0.921288 0.833807 0.778004 0.833723 0.967956 0.968763 0.903103 0.925205 0.929036 0.934693 0.846245 0.969824 0.823579 0.805115 0.874524 0.886649 0.867030 0.991538 0.948646 0.959560 0.954181 0.890838 0.899349 0.974435 0.976380 0.849488 0.994546 0.952087 0.995584 0.927189 0.917717 0.813063 0.839565 0.936104 0.923431 0.997431 0.927400 0.986973 0.757468 0.913473 0.983059 0.925250 0.765837 0.743728 0.742825 0.825199 0.982849 0.996845 0.977071 0.896778 0.993189 0.936953 0.922556 0.915402 0.904141 0.878403 0.917338 0.997352 0.954680 0.868363 0.935216 0.960477 0.733666 0.672091 0.808841 0.904059 0.811502 0.785032 0.918870 0.884406 0.793373 0.939799 0.987138 0.920811 0.998054 0.903721 0.922774 0.816950 0.897621 0.998936 0.817896 0.902824 0.962502 0.887287 0.811825 0.999020 0.970654 0.904927 0.864059 0.859534 0.932289 0.840677 0.926858 0.934757
0.734018 0.791836 0.903884 0.786934 0.951089 0.868462 0.959261 0.947117 0.886208 0.790929 0.999808 0.713125 0.627689 0.623659 0.729726 0.664704 0.907845 0.834860 0.744042 0.716382 0.966536 0.000000 0.740374 0.706793 0.806537 0.959483 0.692773 0.972139 0.950088 0.965195 0.914925 0.963229 0.977611 0.866048 0.924175 0.798399 0.880352 0.782544 0.802497 0.665045 0.992765 0.919462 0.975683 0.977183 0.787513 0.912351 0.887353 0.888316 0.906239 0.852414 0.947261 0.782315 0.892911 0.947006 0.826570 0.812282 0.799808 0.774901 0.971670 0.853698 0.929514 0.959545 0.947936 0.896473 0.822578 0.896551 0.850055 0.892327 0.762866 0.786858 0.951188 0.983279 0.944379 0.799860 0.709106 0.987791 0.945530 0.833378 0.914123 0.777278 0.761608 0.699942 0.691580 0.643039 0.730717 0.729408 0.656186 0.741399 0.778002 0.767008 0.974302 0.930759 0.980841 0.939783 0.965974 0.867453 0.769800 0.985299 0.962095 0.967752 0.940192 0.986925 0.960187 0.887060 0.878568 0.916982 0.868470 0.897260 0.861048 0.845371 0.984063 0.923181 0.912787 0.873691 0.832038 0.994017
0.893613 0.812538 0.457642 0.346224 0.615682 0.826057 0.652448 0.645798 0.797532 0.783595 0.840271 0.841759 0.443830 0.520776 0.402038 0.389097 0.928937 0.996161 0.728418 0.846671 0.921288 0.740374 0.000000 0.327221 0.482948 0.649886 0.683620 0.844690 0.928529 0.947005 0.922853 0.853749 0.860403 0.996813 0.796339 0.903814 0.779176 0.929668 0.820594 0.996171 0.975182 0.823936 0.919187 0.948057 0.944702 0.975906 0.889861 0.903519 0.752737 0.946350 0.938276 0.894365 0.738342 0.956235 0.874231 0.946642 0.915488 0.854415 0.968432 0.858334 0.586859 0.644255 0.884100 0.983676 0.299742 0.458339 0.686894 0.793653 0.918128 0.997514 0.637048 0.838384 0.920882 0.994445 0.970078 0.786463 0.910757 0.958680 0.818197 0.904143 0.965264 0.900767 0.700839 0.862821 0.391514 0.382562 0.651377 0.709521 0.685901 0.648106 0.758541 0.861812 0.661168 0.770725 0.776477 0.969115 0.678253 0.972409 0.937622 0.819461 0.937015 0.846634 0.737907 0.658127 0.631932 0.663553 0.922848 0.912080 0.682787 0.803469 0.907414 0.808646 0.904079 0.948443 0.766616 0.978009
0.778783 0.800367 0.553295 0.405581 0.696006 0.773769 0.831507 0.787156 0.968116 0.551099 0.887306 0.803958 0.396130 0.408049 0.403903 0.357611 0.945585 0.923986 0.741403 0.794976 0.833807 0.706793 0.327221 0.000000 0.437101 0.711850 0.597544 0.757547 0.852256 0.954581 0.942586 0.948483 0.934811 0.894343 0.861777 0.852302 0.864263 0.976854 0.670761 0.978041 0.890399 0.813960 0.870681 0.897305 0.758628 0.803884 0.970513 0.996640 0.660753 0.923374 0.806226 0.962297 0.888718 0.837615 0.768197 0.969254 0.912229 0.823958 0.962911 0.870128 0.724695 0.786643 0.869088 0.934375 0.348549 0.497317 0.836399 0.904085 0.792180 0.958768 0.756585 0.941747 0.938563 0.836870 0.922685 0.926068 0.999489 0.924759 0.803096 0.801023 0.868210 0.711544 0.640304 0.731492 0.358151 0.324818 0.510129 0.606397 0.561701 0.561410 0.869953 0.897383 0.717374 0.812990 0.814094 0.926193 0.681283 0.978773 0.881368 0.955705 0.802024 0.864064 0.632601 0.669045 0.720194 0.818312 0.968143 0.951986 0.792913 0.920939 0.963031 0.972646 0.955608 0.892572 0.835382 0.956672
0.787538 0.737391 0.460108 0.442931 0.746228 0.761934 0.724471 0.733498 0.886289 0.703226 0.946741 0.805053 0.561194 0.609101 0.574985 0.565924 0.988827 0.974428 0.772908 0.816534 0.778004 0.806537 0.482948 0.437101 0.000000 0.559074 0.639154 0.823285 0.869270 0.955515 0.894394 0.839966 0.800227 0.915325 0.735220 0.884518 0.691905 0.844291 0.657458 0.926315 0.810226 0.782871 0.966892 0.991414 0.971622 0.966464 0.873873 0.941192 0.784152 0.997699 0.870900 0.995153 0.960527 0.756773 0.742267 0.890655 0.860540 0.843613 0.914400 0.826346 0.636262 0.736021 0.883936 0.932605 0.383453 0.503036 0.686410 0.746378 0.713179 0.912019 0.873450 0.827932 0.958626 0.922518 0.972771 0.935979 0.990575 0.969568 0.744639 0.820071 0.888847 0.741720 0.673087 0.810992 0.433075 0.387088 0.678578 0.621427 0.649399 0.600296 0.895695 0.925343 0.717555 0.915577 0.768437 0.928212 0.769959 0.965132 0.969730 0.958520 0.893479 0.773436 0.722048 0.805700 0.696597 0.827559 0.906405 0.981866 0.687139 0.879121 0.898413 0.981342 0.995178 0.811303 0.744060 0.987491
0.775576 0.815344 0.456145 0.568828 0.761016 0.623369 0.581858 0.593105 0.521019 0.933122 0.776390 0.869962 0.900307 0.872789 0.836098 0.811227 0.599471 0.606022 0.900111 0.838619 0.833723 0.959483 0.649886 0.711850 0.559074 0.000000 0.952840 0.873764 0.706086 0.779385 0.568065 0.698206 0.666771 0.819606 0.705148 0.846595 0.737498 0.934027 0.736363 0.936345 0.950843 0.969210 0.803784 0.888783 0.789660 0.887232 0.832594 0.926170 0.808271 0.848220 0.995959 0.938945 0.767848 0.929294 0.874327 0.944603 0.723507 0.695532 0.957175 0.920332 0.533844 0.539416 0.679329 0.726159 0.535540 0.407412 0.525539 0.510550 0.857133 0.793206 0.722203 0.661464 0.714249 0.905196 0.972213 0.840970 0.967681 0.884029 0.950172 0.908354 0.699350 0.747231 0.950002 0.735048 0.769562 0.657620 0.892263 0.892237 0.871248 0.953222 0.657882 0.987800 0.622808 0.947209 0.851406 0.922760 0.774757 0.987684 0.799230 0.892007 0.741316 0.893177 0.759439 0.958997 0.648378 0.727221 0.888953 0.896596 0.690604 0.921333 0.766105 0.969740 0.958811 0.908903 0.738035 0.977056
0.733454 0.704984 0.925155 0.776323 0.711768 0.911272 0.860962 0.946720 0.812326 0.716913 0.885938 0.745874 0.631578 0.650411 0.634162 0.682616 0.824353 0.762040 0.690947 0.701113 0.967956 0.692773 0.683620 0.597544 0.639154 0.952840 0.000000 0.866169 0.996135 0.974392 0.749992 0.966645 0.799977 0.836447 0.909048 0.946960 0.915542 0.706612 0.816935 0.912835 0.870960 0.870821 0.764734 0.860318 0.620071 0.731729 0.987315 0.913379 0.793844 0.979901 0.776963 0.960266 0.908193 0.810999 0.889942 0.914796 0.757222 0.701309 0.913528 0.904469 0.924413 0.890900 0.961717 0.970887 0.742851 0.943598 0.823565 0.800970 0.670256 0.805899 0.984021 0.850567 0.868316 0.856977 0.970119 0.993837 0.957666 0.807857 0.743060 0.908030 0.766284 0.640783 0.732567 0.740760 0.619961 0.691276 0.672540 0.577172 0.832703 0.642384 0.919507 0.944892 0.994549 0.853247 0.897024 0.928779 0.871735 0.980141 0.806411 0.899065 0.715136 0.949138 0.884673 0.779502 0.950493 0.893902 0.929176 0.945791 0.959817 0.838435 0.900759 0.960873 0.877214 0.860970 0.968854 0.984604
0.965175 0.943402 0.972600 0.908541 0.880433 0.746521 0.802817 0.961388 0.932782 0.884594 0.833623 0.894818 0.908910 0.787465 0.760782 0.748601 0.910640 0.912038 0.860914 0.944368 0.968763 0.972139 0.844690 0.757547 0.823285 0.873764 0.866169 0.000000 0.696251 0.791423 0.931658 0.861654 0.851968 0.845163 0.973047 0.953437 0.857797 0.915695 0.834894 0.982216 0.914533 0.981959 0.912187 0.875434 0.772401 0.830650 0.946506 0.919553 0.800657 0.889064 0.845655 0.890918 0.977276 0.827757 0.908831 0.971416 0.944994 0.944060 0.815251 0.849754 0.892907 0.981469 0.701675 0.784330 0.843121 0.878555 0.850573 0.860916 0.886467 0.858750 0.955817 0.937618 0.906568 0.866974 0.862969 0.955247 0.964639 0.897152 0.968108 0.905343 0.918455 0.998652 0.918754 0.923004 0.839232 0.793346 0.866759 0.836682 0.829213 0.767252 0.972793 0.951342 0.992854 0.989707 0.996642 0.933216 0.973281 0.870315 0.887223 0.841296 0.764321 0.717751 0.778898 0.778154 0.970807 0.943111 0.961898 0.904047 0.898616 0.838354 0.865873 0.967046 0.902792 0.818244 0.925739 0.970834
0.731814 0.621643 0.879069 0.929210 0.910845 0.698913 0.873528 0.927729 0.973670 0.759021 0.566006 0.619467 0.955211 0.973278 0.916753 0.980574 0.475744 0.533858 0.650900 0.675008 0.903103 0.950088 0.928529 0.852256 0.869270 0.706086 0.996135 0.696251 0.000000 0.385954 0.907425 0.735633 0.684550 0.612756 0.991966 0.872736 0.942330 0.742987 0.870999 0.877609 0.897847 0.912431 0.687743 0.609990 0.630082 0.531903 0.681975 0.646778 0.493375 0.500390 0.630979 0.674240 0.878855 0.968363 0.959506 0.840654 0.544710 0.579324 0.565003 0.570469 0.869104 0.990421 0.414284 0.404295 0.810864 0.752217 0.917103 0.906412 0.801724 0.834067 0.761063 0.749555 0.980351 0.802242 0.937000 0.976125 0.960944 0.773215 0.691810 0.810163 0.563093 0.808561 0.752941 0.698885 0.997348 0.896322 0.837582 0.989163 0.891454 0.995926 0.681324 0.678763 0.589025 0.648408 0.890384 0.857699 0.961044 0.887473 0.842426 0.841563 0.992014 0.991090 0.590858 0.718451 0.978642 0.999095 0.919741 0.974785 0.934239 0.871419 0.780728 0.893520 0.775010 0.671280 0.827490 0.978611
0.518651 0.471324 0.914328 0.985974 0.880909 0.827343 0.891682 0.893027 0.848920 0.880971 0.480605 0.423141 0.923077 0.847699 0.935639 0.890343 0.403560 0.425047 0.610719 0.513610 0.925205 0.965195 0.947005 0.954581 0.955515 0.779385 0.974392 0.791423 0.385954 0.000000 0.980276 0.802729 0.709341 0.560152 0.895492 0.917660 0.956819 0.638990 0.984011 0.748167 0.960656 0.918864 0.688229 0.589033 0.661291 0.544712 0.601115 0.569044 0.440144 0.399958 0.571579 0.574188 0.829443 0.913998 0.857648 0.729478 0.485611 0.476513 0.491091 0.451235 0.860027 0.931233 0.410387 0.335116 0.851859 0.808714 0.887683 0.853892 0.641467 0.620468 0.755249 0.755599 0.996113 0.812708 0.967027 0.971407 0.991155 0.757113 0.630014 0.667358 0.372297 0.597919 0.626581 0.544600 0.914822 0.987107 0.987339 0.842866 0.956463 0.899382 0.705862 0.700710 0.641478 0.669374 0.927997 0.950165 0.975432 0.812645 0.862340 0.886892 0.977853 0.937825 0.624947 0.700119 0.979331 0.878636 0.870206 0.889556 0.994012 0.813078 0.832520 0.917071 0.925415 0.672529 0.720515 0.963300
0.688678 0.777860 0.699184 0.824322 0.885232 0.873649 0.520993 0.597278 0.497053 0.588383 0.914222 0.909471 0.822906 0.797496 0.922205 0.983288 0.801830 0.677207 0.905547 0.766278 0.929036 0.914925 0.922853 0.942586 0.894394 0.568065 0.749992 0.931658 0.907425 0.980276 0.000000 0.456931 0.518931 0.601095 0.735360 0.861231 0.895640 0.939844 0.831776 0.868894 0.882781 0.986850 0.492321 0.613459 0.436802 0.496841 0.713759 0.697265 0.782914 0.861526 0.700769 0.891586 0.661455 0.667523 0.870559 0.988198 0.811731 0.692690 0.817669 0.940983 0.565749 0.561856 0.971237 0.956014 0.936635 0.747986 0.566705 0.438959 0.720470 0.679929 0.914567 0.799140 0.762185 0.729394 0.936428 0.786211 0.837708 0.539284 0.966247 0.948892 0.793745 0.628083 0.962862 0.727310 0.849864 0.956439 0.748933 0.886226 0.921449 0.780535 0.893037 0.841614 0.972285 0.748845 0.955710 0.820518 0.924286 0.833667 0.662552 0.681214 0.518938 0.921840 0.891982 0.813283 0.696983 0.720993 0.843318 0.729647 0.825378 0.959679 0.697690 0.825049 0.729125 0.807492 0.714783 0.894105
0.958422 0.978309 0.736925 0.742782 0.967899 0.982599 0.576281 0.582758 0.615506 0.668829 0.900375 0.922852 0.924747 0.997203 0.956192 0.891998 0.994482 0.923885 0.858532 0.980035 0.934693 0.963229 0.853749 0.948483 0.839966 0.698206 0.966645 0.861654 0.735633 0.802729 0.456931 0.000000 0.557824 0.602446 0.729545 0.907966 0.935558 0.881954 0.860798 0.969272 0.915352 0.980768 0.492151 0.515640 0.539409 0.486586 0.585182 0.582591 0.744238 0.690076 0.638405 0.706576 0.706223 0.723578 0.964440 0.942991 0.952370 0.940334 0.639639 0.696943 0.604927 0.652017 0.857995 0.792167 0.893440 0.771894 0.629086 0.541413 0.937955 0.880572 0.940628 0.959432 0.857325 0.819894 0.972736 0.904795 0.815120 0.646961 0.829320 0.839250 0.989930 0.862302 0.833568 0.988613 0.999992 0.931556 0.932002 0.972524 0.977857 0.856617 0.892033 0.785701 0.983165 0.907103 0.966385 0.828533 0.846123 0.911561 0.591599 0.697989 0.646872 0.808726 0.753684 0.830917 0.566243 0.725473 0.803521 0.763573 0.767208 0.829438 0.771160 0.883962 0.643634 0.863167 0.625010 0.989638
0.879179 0.846917 0.587798 0.709304 0.962632 0.881841 0.412511 0.478849 0.563011 0.725881 0.750795 0.760697 0.930616 0.910726 0.994789 0.902959 0.854367 0.928462 0.743223 0.857414 0.846245 0.977611 0.860403 0.934811 0.800227 0.666771 0.799977 0.851968 0.684550 0.709341 0.518931 0.557824 0.000000 0.404070 0.662249 0.739358 0.751307 0.838105 0.917522 0.974707 0.976485 0.860537 0.471096 0.504869 0.389681 0.432657 0.470653 0.596710 0.670614 0.643813 0.634895 0.743510 0.724307 0.878795 0.808614 0.896884 0.844901 0.908041 0.550316 0.671684 0.378158 0.519235 0.691027 0.667710 0.789105 0.667555 0.457360 0.397552 0.955444 0.979544 0.924162 0.885369 0.697369 0.727929 0.886259 0.864497 0.840393 0.678178 0.830629 0.782163 0.835374 0.963220 0.798107 0.936456 0.840254 0.800939 0.962249 0.926593 0.992888 0.980863 0.900263 0.836114 0.986978 0.798513 0.789008 0.960363 0.798390 0.770808 0.574094 0.677641 0.712021 0.964831 0.831120 0.689590 0.728200 0.836935 0.991727 0.961414 0.817218 0.890135 0.654521 0.818938 0.625664 0.703734 0.631766 0.929301
0.821151 0.721191 0.714924 0.790627 0.999705 0.972968 0.483714 0.477500 0.679964 0.623350 0.580442 0.632942 0.936590 0.988917 0.857053 0.992210 0.723102 0.797952 0.668709 0.737778 0.969824 0.866048 0.996813 0.894343 0.915325 0.819606 0.836447 0.845163 0.612756 0.560152 0.601095 0.602446 0.404070 0.000000 0.718243 0.808345 0.773674 0.733381 0.952200 0.997712 0.970219 0.905359 0.414722 0.433788 0.383264 0.358803 0.462354 0.453173 0.570926 0.532796 0.558114 0.685017 0.774117 0.865495 0.929463 0.966419 0.718037 0.806761 0.435529 0.527905 0.485612 0.555584 0.584276 0.515933 0.959115 0.786879 0.497958 0.420919 0.903414 0.854876 0.972554 0.928482 0.834349 0.739634 0.990514 0.963865 0.862297 0.622488 0.807271 0.799546 0.764860 0.976462 0.843846 0.915919 0.967783 0.966299 0.893172 0.923867 0.920456 0.881052 0.945115 0.758434 0.888326 0.680666 0.874260 0.977655 0.903758 0.773882 0.601418 0.672865 0.607353 0.957200 0.700822 0.598742 0.777061 0.751322 0.973976 0.800562 0.985927 0.719049 0.700740 0.885017 0.634277 0.684751 0.708843 0.991142
0.917944 0.906926 0.635603 0.668414 0.988596 0.884106 0.638396 0.736542 0.706419 0.871658 0.841695 0.917228 0.981004 0.948355 0.918242 0.897508 0.990990 0.958036 0.929307 0.975975 0.823579 0.924175 0.796339 0.861777 0.735220 0.705148 0.909048 0.973047 0.991966 0.895492 0.735360 0.729545 0.662249 0.718243 0.000000 0.858660 0.939528 0.845070 0.752903 0.941446 0.965559 0.959021 0.765367 0.810243 0.683727 0.734274 0.774721 0.834611 0.908063 0.895658 0.925490 0.985865 0.844618 0.984661 0.765819 0.893185 0.961304 0.979124 0.764228 0.864347 0.645563 0.670901 0.921965 0.904677 0.677244 0.716524 0.518473 0.567436 0.906414 0.952733 0.793497 0.803183 0.790023 0.825195 0.864334 0.924222 0.927881 0.774950 0.857834 0.934432 0.958773 0.964264 0.779098 0.956903 0.805094 0.752509 0.935443 0.952608 0.793629 0.807354 0.870122 0.907954 0.775292 0.924183 0.842040 0.942319 0.735120 0.593171 0.751076 0.888677 0.922055 0.851531 0.938552 0.912025 0.736598 0.732957 0.694312 0.852335 0.751931 0.846336 0.867412 0.834163 0.668830 0.963070 0.738386 0.959982
0.999649 0.956438 0.840713 0.813683 0.940177 0.931778 0.767231 0.860746 0.915318 0.964241 0.973936 0.983863 0.980840 0.907290 0.996247 0.951587 0.986764 0.968146 0.976407 0.972194 0.805115 0.798399 0.903814 0.852302 0.884518 0.846595 0.946960 0.953437 0.872736 0.917660 0.861231 0.907966 0.739358 0.808345 0.858660 0.000000 0.909401 0.895477 0.875145 0.831258 0.785262 0.964905 0.933639 0.887363 0.810292 0.855409 0.911416 0.940275 0.962193 0.920614 0.969905 0.998098 0.903130 0.997128 0.993563 0.847218 0.984272 0.990794 0.836811 0.927421 0.793642 0.890667 0.950018 0.965897 0.848288 0.826018 0.716813 0.793201 0.903088 0.907815 0.981396 0.893256 0.926883 0.842658 0.935936 0.864402 0.988159 0.747683 0.958854 0.923420 0.951728 0.954237 0.975611 0.921656 0.926087 0.863871 0.918866 0.988772 0.846149 0.970784 0.966523 0.979187 0.990941 0.998193 0.886904 0.892617 0.964607 0.963427 0.995779 0.920253 0.898337 0.962472 0.971213 0.889228 0.924380 0.979490 0.999549 0.851513 0.935326 0.915773 0.873849 0.883589 0.956528 0.981431 0.859958 0.820923
0.778727 0.869219 0.666716 0.643768 0.874951 0.822934 0.783886 0.600052 0.843106 0.846947 0.930746 0.688141 0.784069 0.835732 0.844284 0.827069 0.956169 0.992273 0.752654 0.706141 0.874524 0.880352 0.779176 0.864263 0.691905 0.737498 0.915542 0.857797 0.942330 0.956819 0.895640 0.935558 0.751307 0.773674 0.939528 0.909401 0.000000 0.691936 0.805705 0.910762 0.673602 0.936181 0.740890 0.817677 0.858862 0.841828 0.709773 0.709298 0.922627 0.862136 0.945577 0.894403 0.932068 0.920598 0.663527 0.889389 0.896740 0.877975 0.865020 0.902879 0.697025 0.627408 0.888406 0.882243 0.756245 0.708604 0.811218 0.737341 0.657610 0.789070 0.769628 0.646795 0.769601 0.812029 0.973852 0.958564 0.803604 0.935722 0.936349 0.876560 0.917879 0.863629 0.885146 0.842142 0.789042 0.799343 0.806474 0.914323 0.914095 0.882048 0.883825 0.997274 0.910449 0.999846 0.912912 0.984386 0.655068 0.968087 0.714455 0.767767 0.851018 0.942894 0.985308 0.952250 0.740162 0.891486 0.810610 0.895665 0.685511 0.776741 0.871777 0.862812 0.934131 0.955274 0.957712 0.912461
0.610365 0.584802 0.878987 0.840886 0.938800 0.855581 0.933268 0.830058 0.856160 0.845854 0.636990 0.527121 0.868198 0.841051 0.917148 0.851537 0.626191 0.599742 0.641548 0.527527 0.886649 0.782544 0.929668 0.976854 0.844291 0.934027 0.706612 0.915695 0.742987 0.638990 0.939844 0.881954 0.838105 0.733381 0.845070 0.895477 0.691936 0.000000 0.811545 0.683875 0.882061 0.831185 0.856038 0.806908 0.930074 0.822640 0.698447 0.665875 0.763422 0.635140 0.877982 0.800214 0.999782 0.815236 0.702939 0.755048 0.573405 0.590553 0.750235 0.705089 0.879334 0.881716 0.738323 0.622138 0.922460 0.997416 0.998690 0.957459 0.571665 0.624193 0.999494 0.997175 0.948382 0.997192 0.849101 0.998228 0.930246 0.970089 0.820264 0.870581 0.593793 0.664825 0.708569 0.604596 0.845873 0.888735 0.894585 0.789259 0.939093 0.797874 0.820888 0.744842 0.797573 0.885455 0.939509 0.863690 0.889018 0.837325 0.864731 0.899190 0.945247 0.806490 0.757346 0.996037 0.879811 0.987994 0.899647 0.924173 0.973485 0.702454 0.906568 0.762436 0.983766 0.848472 0.942489 0.941472
