0.000000 0.383059 0.917978 0.837246 0.851443 0.574166 0.507336 0.515114 0.707778 0.591271 0.422342 0.424125 0.444955 0.478286 0.701811 0.848976 0.475813 0.470886 0.449101 0.574530 0.784669 0.932169 0.944467 0.831213 0.651155 0.761598 0.707027 0.806069 0.549856 0.627851 0.801546 0.914953 0.595293 0.526049 0.883999 0.778807 0.856951 0.809193 0.818514 0.938501 0.922184 0.767935 0.634730 0.582719 0.671092 0.596810 0.528179 0.574408 0.687264 0.663674 0.683511 0.542709 0.793753 0.932161 0.765674 0.641262 0.380963 0.384458 0.254017 0.289625 0.316915 0.461230 0.437114 0.422124 0.984690 0.769252 0.737823 0.652726 0.807451 0.755019 0.788695 0.867668 0.997769 0.985493 0.949722 0.984739 0.659310 0.888009 0.633018 0.811086 0.501819 0.761951 0.936653 0.743406 0.799093 0.962215 0.944830 0.974602 0.703397 0.658995 0.798188 0.718238 0.880650 0.858730 0.906417 0.778904 0.721976 0.881763 0.454378 0.460775 0.730784 0.640569 0.659889 0.670506 0.587448 0.489214 0.806831 0.651947 0.771858 0.696062 0.606718 0.663343 0.493736 0.909151 0.638230 0.755159
0.383059 0.000000 0.684164 0.599115 0.975918 0.660622 0.467986 0.508084 0.865012 0.860256 0.661964 0.636239 0.719618 0.542783 0.949683 0.952982 0.634383 0.627262 0.463421 0.467483 0.916392 0.933704 0.829894 0.833483 0.984829 0.904145 0.845425 0.869823 0.777947 0.729443 0.802098 0.696064 0.421860 0.424509 0.750364 0.970436 0.946939 0.966393 0.968918 0.826612 0.856290 0.789062 0.413961 0.394201 0.640552 0.594035 0.504724 0.453161 0.847664 0.645384 0.601842 0.498260 0.758282 0.900659 0.743287 0.595983 0.370716 0.379819 0.405919 0.310842 0.394865 0.466265 0.681327 0.653919 0.790026 0.561432 0.536777 0.442537 0.808164 0.669992 0.677751 0.676277 0.748834 0.772989 0.823244 0.946482 0.714551 0.731350 0.750717 0.746431 0.568510 0.783308 0.794939 0.802975 0.706671 0.652792 0.957540 0.991107 0.738637 0.529492 0.805415 0.910483 0.817720 0.995572 0.916555 0.836318 0.660298 0.953551 0.576462 0.596054 0.768761 0.736141 0.711731 0.814228 0.509040 0.441396 0.841533 0.679920 0.803777 0.672676 0.627830 0.743044 0.600128 0.803378 0.569513 0.852786
0.917978 0.684164 0.000000 0.256940 0.930315 0.830345 0.603753 0.722184 0.911617 0.842464 0.709760 0.896047 0.955395 0.995449 0.995202 0.836315 0.789455 0.795961 0.739550 0.654724 0.491297 0.772806 0.364355 0.435577 0.408135 0.329400 0.860653 0.795333 0.680560 0.760465 0.433602 0.601268 0.549351 0.617796 0.493143 0.722939 0.491539 0.734327 0.716264 0.606861 0.748554 0.978622 0.490458 0.659904 0.980666 0.911352 0.615568 0.639333 0.671689 0.942228 0.911434 0.962293 0.980636 0.987998 0.864477 0.993174 0.965808 0.989160 0.951869 0.805624 0.852095 0.800937 0.627712 0.681500 0.290721 0.324723 0.382114 0.416176 0.761428 0.784109 0.425338 0.445777 0.617737 0.673021 0.829543 0.869993 0.778767 0.569106 0.778160 0.768737 0.894642 0.941101 0.943615 0.812436 0.610695 0.512980 0.915160 0.770736 0.685613 0.849723 0.662438 0.811346 0.606824 0.681754 0.851154 0.743637 0.747979 0.990474 0.842832 0.808069 0.842212 0.887977 0.995063 0.917863 0.745950 0.593921 0.753995 0.870088 0.858928 0.852214 0.627046 0.904000 0.888473 0.898815 0.837988 0.814127
0.837246 0.599115 0.256940 0.000000 0.883425 0.736944 0.492988 0.558260 0.880692 0.932681 0.804536 0.904669 0.931469 0.832683 0.898523 0.842560 0.864491 0.846514 0.661020 0.515822 0.513660 0.819659 0.427289 0.425228 0.494512 0.373986 0.998337 0.887263 0.726711 0.842268 0.438869 0.577528 0.527424 0.511522 0.523241 0.699927 0.582827 0.683927 0.700407 0.727194 0.726093 0.935629 0.449082 0.607687 0.913706 0.997674 0.475642 0.545032 0.679750 0.999967 0.797739 0.839494 0.906931 0.840399 0.838341 0.914846 0.919126 0.967636 0.843256 0.699990 0.759470 0.610017 0.721617 0.789138 0.407016 0.238801 0.303281 0.306725 0.822725 0.799042 0.371800 0.392386 0.545908 0.637020 0.740552 0.759738 0.665468 0.523894 0.763919 0.759213 0.932863 0.946738 0.913620 0.833670 0.678007 0.523462 0.878116 0.844194 0.734908 0.808968 0.568227 0.784802 0.539552 0.697871 0.853202 0.634854 0.625742 0.898151 0.721394 0.735526 0.679475 0.822337 0.897258 0.992579 0.585953 0.570831 0.770110 0.807704 0.764080 0.752804 0.626868 0.846624 0.878562 0.871302 0.720822 0.790687
0.851443 0.975918 0.930315 0.883425 0.000000 0.978547 0.985089 0.955562 0.778075 0.856472 0.858959 0.932333 0.568336 0.868219 0.690454 0.645825 0.859911 0.893789 0.818366 0.942006 0.865109 0.868074 0.827723 0.939034 0.899607 0.862379 0.836546 0.976874 0.815793 0.835338 0.834541 0.808951 0.910589 0.986648 0.997510 0.764984 0.996695 0.832625 0.937064 0.675199 0.878754 0.971699 0.986285 0.988052 0.955893 0.924540 0.980833 0.985018 0.726337 0.993461 0.855027 0.920998 0.960000 0.781761 0.837401 0.942762 0.912904 0.785481 0.896488 0.980730 0.781970 0.999114 0.740385 0.796605 0.805403 0.920203 0.873817 0.857870 0.991058 0.963534 0.932272 0.744908 0.711266 0.824839 0.910534 0.865602 0.897170 0.971577 0.929331 0.900355 0.821047 0.878030 0.958036 0.745399 0.703974 0.983167 0.867855 0.910828 0.767559 0.895468 0.828984 0.982015 0.808763 0.999668 0.877285 0.874413 0.728694 0.748641 0.950695 0.980677 0.817971 0.922415 0.981281 0.912824 0.873578 0.920225 0.969341 0.864547 0.903059 0.794436 0.979468 0.853560 0.823157 0.930550 0.743647 0.884381
0.574166 0.660622 0.830345 0.736944 0.978547 0.000000 0.467004 0.427192 0.591066 0.541791 0.643325 0.573356 0.775088 0.721933 0.997497 0.901566 0.821388 0.798147 0.721829 0.614997 0.897389 0.884860 0.984678 0.860258 0.805705 0.957981 0.516271 0.954296 0.732035 0.810729 0.929144 0.992714 0.586149 0.568516 0.788414 0.916876 0.908451 0.927109 0.873908 0.962437 0.808216 0.958434 0.714768 0.678462 0.710689 0.743800 0.714455 0.714638 0.963850 0.804314 0.738278 0.693347 0.736175 0.757757 0.822587 0.781778 0.839561 0.805624 0.581628 0.457840 0.481518 0.442477 0.750843 0.689458 0.968634 0.685825 0.600972 0.558976 0.920222 0.631060 0.711837 0.726594 0.830985 0.899601 0.866316 0.802997 0.755100 0.807361 0.996039 0.919574 0.890316 0.953180 0.837794 0.962414 0.933691 0.911834 0.943647 0.855917 0.915158 0.978461 0.585886 0.640527 0.595310 0.677281 0.978245 0.743338 0.744424 0.680046 0.532094 0.584318 0.538585 0.598500 0.737209 0.667555 0.613053 0.682951 0.754762 0.746824 0.825851 0.765027 0.642171 0.661949 0.640926 0.836187 0.544711 0.903907
0.507336 0.467986 0.603753 0.492988 0.985089 0.467004 0.000000 0.213100 0.441728 0.479509 0.651852 0.463355 0.762748 0.592429 0.936520 0.886810 0.763575 0.759138 0.565942 0.485180 0.976170 0.883706 0.839135 0.998279 0.895586 0.906826 0.539192 0.808282 0.686879 0.675061 0.766045 0.828571 0.492248 0.320768 0.576407 0.985011 0.987175 0.972344 0.985772 0.924909 0.761111 0.880405 0.362126 0.374179 0.452519 0.500441 0.593671 0.492031 0.829248 0.581302 0.447842 0.404982 0.451324 0.480812 0.754145 0.782169 0.772093 0.743720 0.457483 0.419454 0.373887 0.330374 0.748994 0.614028 0.894266 0.516470 0.291322 0.296264 0.968228 0.761326 0.395453 0.483823 0.624557 0.679365 0.862443 0.819931 0.453256 0.630094 0.901147 0.955563 0.840827 0.967985 0.910205 0.857795 0.944816 0.981804 0.952133 0.689082 0.822451 0.915193 0.329401 0.431667 0.373510 0.499425 0.900063 0.694098 0.475767 0.740793 0.275657 0.349755 0.400689 0.457625 0.523202 0.635605 0.411081 0.416301 0.615231 0.604241 0.635584 0.576055 0.449941 0.564835 0.480248 0.690795 0.521816 0.771801
0.515114 0.508084 0.722184 0.558260 0.955562 0.427192 0.213100 0.000000 0.458839 0.419727 0.611751 0.359689 0.753319 0.512314 0.902148 0.934457 0.809432 0.793232 0.621940 0.468963 0.980993 0.930783 0.930665 0.954663 0.804482 0.963932 0.467722 0.735133 0.648398 0.670886 0.789894 0.820904 0.540237 0.360033 0.683039 0.977610 0.875823 0.960527 0.919603 0.984691 0.784465 0.934277 0.431839 0.456605 0.502304 0.532447 0.617571 0.563357 0.885956 0.646605 0.522370 0.449136 0.498800 0.480818 0.833797 0.764296 0.798307 0.786588 0.477961 0.418294 0.344786 0.218441 0.708300 0.563596 0.997593 0.505240 0.348029 0.332424 0.919642 0.774416 0.501119 0.530209 0.663438 0.710013 0.901107 0.751899 0.500213 0.715552 0.961859 0.998879 0.864128 0.948264 0.872867 0.833210 0.889621 0.930391 0.995394 0.715974 0.855965 0.915796 0.349779 0.508876 0.423293 0.554860 0.908167 0.711230 0.550788 0.701836 0.311399 0.383277 0.352274 0.466011 0.560133 0.688946 0.397374 0.466496 0.619620 0.644457 0.674045 0.609152 0.508945 0.556583 0.482130 0.742043 0.501420 0.819623
0.707778 0.865012 0.911617 0.880692 0.778075 0.591066 0.441728 0.458839 0.000000 0.383510 0.528080 0.528365 0.682816 0.733181 0.900496 0.827488 0.855566 0.823888 0.834328 0.809065 0.824834 0.970026 0.979943 0.706015 0.656921 0.829910 0.593208 0.734808 0.590504 0.711472 0.927770 0.861405 0.805058 0.604281 0.788536 0.918139 0.867727 0.809174 0.857541 0.934855 0.811882 0.941347 0.763759 0.732034 0.651692 0.704588 0.990358 0.933119 0.755667 0.857870 0.773795 0.754387 0.608789 0.681504 0.778952 0.996661 0.958932 0.919331 0.651935 0.729870 0.535180 0.518411 0.718617 0.615699 0.921463 0.856495 0.644262 0.699013 0.922356 0.796654 0.647480 0.776449 0.913483 0.932547 0.942719 0.839381 0.700109 0.932969 0.890301 0.872641 0.935542 0.915084 0.808774 0.952802 0.855227 0.745640 0.969568 0.786940 0.759616 0.856094 0.517241 0.430696 0.548152 0.473554 0.908729 0.914153 0.789221 0.807316 0.446011 0.528070 0.571127 0.615208 0.670313 0.803053 0.703193 0.699778 0.734359 0.694583 0.754868 0.805579 0.656832 0.708445 0.614296 0.826785 0.760570 0.922560
0.591271 0.860256 0.842464 0.932681 0.856472 0.541791 0.479509 0.419727 0.383510 0.000000 0.374215 0.332824 0.619545 0.631054 0.897804 0.887066 0.632431 0.575000 0.753691 0.757569 0.629677 0.951831 0.691037 0.465289 0.428054 0.590439 0.446701 0.689858 0.359592 0.454554 0.748441 0.766512 0.877004 0.641915 0.969259 0.733958 0.625363 0.779842 0.717867 0.930667 0.984727 0.883522 0.859734 0.736732 0.505678 0.512723 0.914722 0.876605 0.566365 0.667921 0.658604 0.592609 0.551999 0.591074 0.878050 0.823657 0.942932 0.864216 0.530688 0.670120 0.492248 0.462050 0.461318 0.342812 0.639519 0.958644 0.779344 0.830016 0.825407 0.945154 0.768721 0.904110 0.991221 0.948663 0.914817 0.897688 0.632915 0.986605 0.857588 0.857792 0.719869 0.966560 0.833391 0.968102 0.674922 0.538535 0.854209 0.763094 0.927430 0.901303 0.543693 0.481185 0.647329 0.596357 0.993492 0.847518 0.780047 0.774753 0.397181 0.494721 0.523520 0.552264 0.515941 0.649879 0.681272 0.767887 0.787694 0.807953 0.818809 0.758425 0.692560 0.682685 0.458996 0.816985 0.750131 0.953057
0.422342 0.661964 0.709760 0.804536 0.858959 0.643325 0.651852 0.611751 0.528080 0.374215 0.000000 0.365052 0.469112 0.536149 0.772141 0.929619 0.451437 0.446671 0.688187 0.747092 0.582369 0.809519 0.601977 0.458680 0.379222 0.478738 0.618788 0.637002 0.353935 0.451824 0.586201 0.714154 0.878073 0.711561 0.864359 0.691541 0.625500 0.741485 0.796557 0.977599 0.940592 0.776807 0.939763 0.779454 0.669757 0.616360 0.851150 0.915019 0.564064 0.734767 0.770266 0.676416 0.783254 0.910752 0.815273 0.791809 0.646509 0.562870 0.403590 0.551442 0.439320 0.533606 0.323628 0.298108 0.653166 0.887625 0.998324 0.944655 0.939252 0.867056 0.983599 0.882230 0.856503 0.870718 0.937270 0.971709 0.773239 0.882516 0.624428 0.985866 0.505254 0.781888 0.976618 0.724121 0.904939 0.720899 0.912327 0.986153 0.903575 0.912102 0.866031 0.708787 0.953015 0.882370 0.940678 0.934223 0.918570 0.899654 0.548219 0.602478 0.754774 0.719425 0.622684 0.707992 0.743840 0.733635 0.932529 0.794752 0.799282 0.766997 0.802533 0.785678 0.549505 0.993677 0.733782 0.907161
0.424125 0.636239 0.896047 0.904669 0.932333 0.573356 0.463355 0.359689 0.528365 0.332824 0.365052 0.000000 0.483111 0.350755 0.842957 0.815175 0.630045 0.580240 0.588882 0.601098 0.722527 0.812365 0.837104 0.711659 0.508172 0.647966 0.542260 0.628060 0.408032 0.461048 0.774281 0.873866 0.737629 0.533572 0.989290 0.790602 0.614031 0.777831 0.818105 0.916849 0.961304 0.963830 0.771063 0.710580 0.610457 0.598744 0.661526 0.739441 0.727587 0.736590 0.715069 0.576201 0.668895 0.711395 0.908347 0.758195 0.703740 0.704168 0.374732 0.487924 0.330591 0.291095 0.393798 0.325642 0.784930 0.791913 0.743454 0.678998 0.779852 0.924479 0.808453 0.903115 0.944186 0.962262 0.941372 0.890207 0.576342 0.894706 0.773678 0.996924 0.647707 0.893835 0.989888 0.844205 0.942220 0.831443 0.898454 0.906324 0.877286 0.914100 0.672937 0.651299 0.785660 0.776619 0.973570 0.755231 0.802303 0.799475 0.432335 0.498716 0.540452 0.632526 0.585206 0.686681 0.552485 0.591109 0.838764 0.817928 0.824823 0.715824 0.771540 0.644174 0.521747 0.935415 0.704071 0.875649
0.444955 0.719618 0.955395 0.931469 0.568336 0.775088 0.762748 0.753319 0.682816 0.619545 0.469112 0.483111 0.000000 0.458419 0.451243 0.558183 0.649541 0.663027 0.581739 0.827413 0.735029 0.799999 0.943225 0.784914 0.562937 0.637313 0.845492 0.856613 0.548235 0.601871 0.639642 0.687406 0.827031 0.810877 0.839022 0.653106 0.836547 0.661598 0.821404 0.886661 0.797015 0.996036 0.885149 0.893789 0.879171 0.807110 0.767347 0.811544 0.714646 0.931840 0.974502 0.869140 0.986333 0.848821 0.881944 0.940411 0.624104 0.573873 0.444153 0.617248 0.412069 0.635008 0.427665 0.478720 0.934535 0.946655 0.958798 0.984616 0.864105 0.869679 0.946352 0.800745 0.739774 0.712810 0.955133 0.920346 0.799659 0.998330 0.821781 0.859439 0.667782 0.848513 0.936149 0.765945 0.754060 0.945226 0.882169 0.846268 0.856815 0.890548 0.971022 0.819336 0.861485 0.969196 0.935864 0.880949 0.902203 0.898175 0.705271 0.647334 0.956321 0.817050 0.837813 0.849909 0.830480 0.620595 0.993806 0.975440 0.943569 0.947825 0.831465 0.771605 0.646655 0.960137 0.874794 0.898446
0.478286 0.542783 0.995449 0.832683 0.868219 0.721933 0.592429 0.512314 0.733181 0.631054 0.536149 0.350755 0.458419 0.000000 0.788319 0.643860 0.660200 0.634665 0.457596 0.597471 0.858761 0.831008 0.883626 0.975743 0.694262 0.793337 0.651463 0.817733 0.529352 0.453709 0.996714 0.887120 0.601490 0.555887 0.984513 0.799286 0.898779 0.875070 0.911821 0.993783 0.924741 0.959671 0.635693 0.613151 0.602295 0.569552 0.543601 0.627327 0.755774 0.677885 0.675027 0.550274 0.709607 0.788302 0.742827 0.735804 0.565067 0.613954 0.406297 0.477323 0.364473 0.405083 0.480258 0.450214 0.944240 0.737685 0.795074 0.658439 0.754216 0.913970 0.919901 0.901527 0.847898 0.901854 0.926209 0.827451 0.684419 0.756457 0.778227 0.781497 0.688154 0.853475 0.732909 0.742447 0.843296 0.900103 0.800835 0.938976 0.901263 0.706309 0.942810 0.967740 0.927688 0.916530 0.933969 0.843300 0.905838 0.968969 0.634778 0.644719 0.702011 0.842113 0.777015 0.856826 0.615999 0.662468 0.958597 0.937969 0.820559 0.746006 0.882307 0.765480 0.695176 0.937091 0.742853 0.991137
0.701811 0.949683 0.995202 0.898523 0.690454 0.997497 0.936520 0.902148 0.900496 0.897804 0.772141 0.842957 0.451243 0.788319 0.000000 0.582409 0.810516 0.806615 0.763653 0.987067 0.913679 0.958320 0.796064 0.924168 0.859483 0.852928 0.842598 0.920256 0.772575 0.854929 0.765267 0.754714 0.887766 0.993302 0.927225 0.845828 0.965890 0.765606 0.798192 0.795592 0.904912 0.867778 0.922635 0.869657 0.911720 0.931844 0.902246 0.925727 0.868247 0.862492 0.807193 0.875550 0.825638 0.688329 0.856912 0.972364 0.785835 0.765317 0.705622 0.884485 0.745374 0.960664 0.767214 0.805545 0.789505 0.972330 0.852589 0.846385 0.916514 0.751675 0.983442 0.813443 0.764331 0.813672 0.897234 0.982849 0.978015 0.856923 0.974561 0.930057 0.826384 0.835092 0.749438 0.772609 0.623624 0.899652 0.728884 0.959943 0.791343 0.854362 0.830244 0.976299 0.728760 0.935497 0.992929 0.809329 0.835979 0.801966 0.970870 0.939774 0.769772 0.998384 0.840614 0.955811 0.941950 0.837433 0.956813 0.890716 0.877159 0.926011 0.925640 0.961728 0.824223 0.909694 0.987824 0.948997
0.848976 0.952982 0.836315 0.842560 0.645825 0.901566 0.886810 0.934457 0.827488 0.887066 0.929619 0.815175 0.558183 0.643860 0.582409 0.000000 0.978996 0.982155 0.700917 0.917634 0.987735 0.883897 0.561260 0.818021 0.961896 0.969509 0.973037 0.950382 0.880018 0.869249 0.982786 0.926009 0.770566 0.893237 0.977002 0.863555 0.772755 0.920093 0.998848 0.773719 0.942214 0.840148 0.856656 0.889861 0.888033 0.917178 0.679786 0.784698 0.846919 0.997513 0.975734 0.930618 0.999403 0.927945 0.786589 0.910266 0.920482 0.942698 0.765989 0.874788 0.727426 0.878943 0.867958 0.870389 0.690121 0.841759 0.930948 0.925246 0.803981 0.919000 0.911045 0.963458 0.911286 0.865620 0.888474 0.893812 0.868519 0.770475 0.967340 0.927607 0.960852 0.988544 0.815962 0.891106 0.673793 0.857599 0.870172 0.996000 0.865524 0.938114 0.976676 0.908293 0.894546 0.961295 0.920080 0.852968 0.876156 0.970298 0.955401 0.814279 0.949516 0.953755 0.987206 0.976435 0.860242 0.844959 0.954443 0.934105 0.966601 0.894512 0.982859 0.846568 0.853670 0.963077 0.965266 0.977094
0.475813 0.634383 0.789455 0.864491 0.859911 0.821388 0.763575 0.809432 0.855566 0.632431 0.451437 0.630045 0.649541 0.660200 0.810516 0.978996 0.000000 0.326891 0.587655 0.747887 0.674589 0.962208 0.698257 0.673584 0.598706 0.609806 0.808510 0.919402 0.477428 0.441769 0.729704 0.817597 0.844629 0.770747 0.970265 0.793222 0.814546 0.829583 0.852081 0.938399 0.966319 0.743543 0.880845 0.717287 0.613487 0.552471 0.754536 0.766293 0.486712 0.561138 0.671371 0.631184 0.757862 0.942907 0.671122 0.622896 0.471985 0.433588 0.466297 0.617937 0.610210 0.790717 0.362957 0.376781 0.748234 0.800762 0.976720 0.943486 0.932341 0.873116 0.976570 0.823298 0.894046 0.974920 0.964000 0.966350 0.863603 0.964712 0.640545 0.789873 0.354248 0.578632 0.744926 0.577599 0.959466 0.893012 0.885463 0.919718 0.901188 0.638913 0.978569 0.959025 0.865074 0.891697 0.921207 0.956411 0.797813 0.930251 0.649502 0.786094 0.945035 0.842641 0.734031 0.675568 0.899981 0.826233 0.951328 0.963438 0.795260 0.776955 0.789958 0.879845 0.690516 0.882134 0.900334 0.970827
0.470886 0.627262 0.795961 0.846514 0.893789 0.798147 0.759138 0.793232 0.823888 0.575000 0.446671 0.580240 0.663027 0.634665 0.806615 0.982155 0.326891 0.000000 0.620494 0.747982 0.698103 0.966541 0.643017 0.623934 0.607569 0.601399 0.802810 0.863640 0.394651 0.391710 0.717167 0.897063 0.807956 0.735448 0.890454 0.706310 0.794584 0.836166 0.830517 0.972750 0.926859 0.732112 0.871598 0.681604 0.590328 0.510206 0.722747 0.767217 0.469333 0.511322 0.620343 0.579788 0.770616 0.913297 0.629938 0.561320 0.490797 0.439524 0.442623 0.645985 0.620834 0.760313 0.356701 0.332821 0.682381 0.779653 0.973912 0.955952 0.935384 0.911402 0.992557 0.851774 0.970851 0.972138 0.901358 0.959711 0.828705 0.977935 0.548665 0.839665 0.307372 0.480306 0.802294 0.466890 0.984594 0.896656 0.841610 0.919811 0.855999 0.708721 0.948825 0.927894 0.900882 0.907329 0.845215 0.801483 0.801959 0.993886 0.601680 0.751235 0.916231 0.802789 0.654611 0.568205 0.776246 0.809828 0.953073 0.931912 0.916981 0.750974 0.826910 0.847193 0.580649 0.805478 0.860781 0.969357
0.449101 0.463421 0.739550 0.661020 0.818366 0.721829 0.565942 0.621940 0.834328 0.753691 0.688187 0.588882 0.581739 0.457596 0.763653 0.700917 0.587655 0.620494 0.000000 0.552156 0.958633 0.982682 0.751480 0.884568 0.886989 0.929221 0.845991 0.982084 0.741373 0.710791 0.939026 0.927331 0.486392 0.482733 0.810162 0.947683 0.954492 0.843926 0.985240 0.877488 0.968988 0.884210 0.628822 0.598972 0.611782 0.593780 0.528819 0.520838 0.743293 0.659290 0.667557 0.608374 0.755322 0.841827 0.725067 0.681127 0.511070 0.463724 0.410858 0.412200 0.427073 0.577025 0.554899 0.605996 0.791456 0.715215 0.670422 0.594443 0.877943 0.863126 0.692788 0.791046 0.920871 0.918828 0.909215 0.836263 0.775324 0.712277 0.875113 0.747162 0.659828 0.799518 0.771850 0.800101 0.739613 0.850435 0.962151 0.968673 0.775938 0.686645 0.853503 0.867368 0.939443 0.941380 0.897431 0.791370 0.740757 0.934468 0.595116 0.628728 0.775872 0.805628 0.724727 0.759829 0.743616 0.551788 0.885717 0.840600 0.706912 0.710866 0.700124 0.744747 0.614319 0.874485 0.825991 0.865020
0.574530 0.467483 0.654724 0.515822 0.942006 0.614997 0.485180 0.468963 0.809065 0.757569 0.747092 0.601098 0.827413 0.597471 0.987067 0.917634 0.747887 0.747982 0.552156 0.000000 0.858713 0.962542 0.803492 0.780310 0.953783 0.851633 0.783829 0.941839 0.808200 0.793161 0.787141 0.679286 0.523342 0.487938 0.696902 0.866515 0.906484 0.959262 0.899994 0.916791 0.744705 0.896331 0.522007 0.538340 0.734263 0.722471 0.512006 0.448524 0.969207 0.716517 0.717088 0.662066 0.801695 0.789304 0.669577 0.648268 0.653210 0.709119 0.601592 0.480657 0.538439 0.450925 0.761522 0.743775 0.804798 0.512015 0.498535 0.424903 0.916076 0.692142 0.657075 0.655337 0.683851 0.739833 0.725090 0.784897 0.737835 0.800368 0.901293 0.824628 0.673256 0.739557 0.863603 0.937811 0.787305 0.765029 0.989930 0.925596 0.900366 0.681755 0.689571 0.884764 0.717859 0.888524 0.978099 0.765564 0.642926 0.866490 0.598831 0.652066 0.704050 0.714520 0.676722 0.942882 0.497856 0.622242 0.776398 0.855387 0.806590 0.659366 0.649892 0.889534 0.658711 0.723017 0.651117 0.978937
0.784669 0.916392 0.491297 0.513660 0.865109 0.897389 0.976170 0.980993 0.824834 0.629677 0.582369 0.722527 0.735029 0.858761 0.913679 0.987735 0.674589 0.698103 0.958633 0.858713 0.000000 0.757896 0.485724 0.468587 0.392973 0.394318 0.716367 0.791157 0.604480 0.724693 0.495500 0.626239 0.802447 0.829974 0.726096 0.702886 0.642191 0.801836 0.777349 0.785198 0.754007 0.680585 0.745285 0.907295 0.806494 0.734139 0.848079 0.861717 0.598044 0.812426 0.915488 0.827694 0.859715 0.916790 0.994031 0.936714 0.906131 0.826338 0.798595 0.918971 0.835665 0.973617 0.497951 0.544748 0.483236 0.554670 0.678958 0.698099 0.862835 0.844592 0.711409 0.657262 0.713479 0.755992 0.811732 0.821065 0.977562 0.838379 0.676996 0.864168 0.751867 0.966504 0.756025 0.877020 0.681245 0.560508 0.679005 0.959396 0.909149 0.903713 0.914146 0.842558 0.887397 0.954342 0.825765 0.835087 0.959147 0.856932 0.875845 0.872868 0.937180 0.950708 0.659967 0.713099 0.808940 0.892037 0.896744 0.929124 0.880892 0.955183 0.991834 0.914758 0.904153 0.978413 0.900449 0.994842
0.932169 0.933704 0.772806 0.819659 0.868074 0.884860 0.883706 0.930783 0.970026 0.951831 0.809519 0.812365 0.799999 0.831008 0.958320 0.883897 0.962208 0.966541 0.982682 0.962542 0.757896 0.000000 0.854987 0.888753 0.818051 0.844692 0.932535 0.808597 0.929615 0.871031 0.811154 0.953642 0.936674 0.956190 0.786498 0.942594 0.821464 0.906308 0.988969 0.826982 0.790957 0.912948 0.828381 0.846188 0.882346 0.976255 0.956697 0.800550 0.999706 0.888981 0.889838 0.924802 0.805390 0.809776 0.940580 0.874586 0.921309 0.915778 0.872708 0.993368 0.892751 0.934772 0.770289 0.871401 0.904917 0.949111 0.754415 0.878908 0.833307 0.875723 0.804184 0.748806 0.965670 0.804586 0.863248 0.822823 0.920929 0.832711 0.985999 0.890089 0.855277 0.950010 0.956677 0.918561 0.944050 0.954652 0.969662 0.928456 0.938911 0.844728 0.755533 0.867076 0.749238 0.776652 0.869833 0.870108 0.765322 0.937117 0.865599 0.931670 0.919416 0.898636 0.991258 0.879786 0.893316 0.872487 0.831400 0.897466 0.921742 0.922258 0.844595 0.926395 0.987412 0.750224 0.838540 0.974032
0.944467 0.829894 0.364355 0.427289 0.827723 0.984678 0.839135 0.930665 0.979943 0.691037 0.601977 0.837104 0.943225 0.883626 0.796064 0.561260 0.698257 0.643017 0.751480 0.803492 0.485724 0.854987 0.000000 0.309108 0.452664 0.434538 0.749928 0.738459 0.665766 0.753125 0.463995 0.613579 0.569287 0.758092 0.616866 0.787473 0.475510 0.798285 0.738297 0.691024 0.826688 0.831184 0.599168 0.794076 0.955845 0.895011 0.667474 0.669228 0.745143 0.880702 0.963385 0.962003 0.945453 0.924056 0.815051 0.959293 0.995604 0.955652 0.961093 0.924820 0.882198 0.926336 0.653853 0.649028 0.279351 0.451941 0.618193 0.606694 0.956906 0.817406 0.671775 0.634690 0.726642 0.776106 0.750681 0.828355 0.935917 0.586704 0.739319 0.762526 0.768855 0.950685 0.773063 0.872820 0.477000 0.449279 0.702610 0.991169 0.789487 0.817150 0.928601 0.944152 0.914868 0.949620 0.849602 0.819930 0.988765 0.866078 0.951681 0.938970 0.942683 0.929040 0.820943 0.742988 0.845864 0.706409 0.937855 0.975279 0.984613 0.984961 0.868322 0.986335 0.956748 0.910724 0.974063 0.893338
0.831213 0.833483 0.435577 0.425228 0.939034 0.860258 0.998279 0.954663 0.706015 0.465289 0.458680 0.711659 0.784914 0.975743 0.924168 0.818021 0.673584 0.623934 0.884568 0.780310 0.468587 0.888753 0.309108 0.000000 0.326096 0.374293 0.668434 0.727046 0.452932 0.636497 0.420915 0.456541 0.687562 0.878166 0.655356 0.668958 0.510439 0.690614 0.641543 0.771397 0.853679 0.829846 0.672892 0.851608 0.818813 0.770954 0.683895 0.711827 0.548460 0.839756 0.926818 0.893712 0.847332 0.881317 0.908300 0.996435 0.949100 0.915591 0.814128 0.991346 0.910438 0.972252 0.540381 0.514820 0.376379 0.467074 0.684272 0.643910 0.896715 0.905710 0.820697 0.691863 0.719799 0.781407 0.806846 0.838050 0.939878 0.700688 0.776543 0.698372 0.769744 0.993072 0.770211 0.888114 0.537048 0.372730 0.764641 0.897951 0.936978 0.732166 0.930763 0.738151 0.974574 0.846274 0.913296 0.918110 0.930522 0.913414 0.756879 0.873917 0.871446 0.801791 0.737082 0.685058 0.920867 0.847295 0.931790 0.945572 0.953141 0.929869 0.994787 0.864030 0.747740 0.995595 0.998369 0.958407
0.651155 0.984829 0.408135 0.494512 0.899607 0.805705 0.895586 0.804482 0.656921 0.428054 0.379222 0.508172 0.562937 0.694262 0.859483 0.961896 0.598706 0.607569 0.886989 0.953783 0.392973 0.818051 0.452664 0.326096 0.000000 0.246044 0.546924 0.689458 0.418871 0.577931 0.395137 0.530207 0.799505 0.975969 0.675479 0.607159 0.437177 0.537128 0.589066 0.658971 0.811291 0.906164 0.820247 0.987434 0.727761 0.647261 0.841863 0.916399 0.548308 0.763231 0.880837 0.749566 0.711120 0.798715 0.939487 0.967552 0.868696 0.784418 0.630150 0.760898 0.668043 0.772059 0.367023 0.370438 0.395084 0.580248 0.765314 0.760040 0.771845 0.915937 0.731343 0.687228 0.656669 0.679468 0.822629 0.947494 0.933927 0.724956 0.689678 0.786783 0.801686 0.908249 0.779492 0.919391 0.579665 0.375705 0.850178 0.918564 0.886707 0.813505 0.918522 0.739848 0.936544 0.895460 0.908002 0.859063 0.983473 0.855960 0.689539 0.711167 0.790914 0.720546 0.712791 0.699692 0.936542 0.983819 0.971456 0.865843 0.870485 0.926886 0.943688 0.744989 0.696722 0.970955 0.914614 0.967732
0.761598 0.904145 0.329400 0.373986 0.862379 0.957981 0.906826 0.963932 0.829910 0.590439 0.478738 0.647966 0.637313 0.793337 0.852928 0.969509 0.609806 0.601399 0.929221 0.851633 0.394318 0.844692 0.434538 0.374293 0.246044 0.000000 0.752633 0.763769 0.493344 0.598111 0.311510 0.482747 0.712161 0.848654 0.651259 0.570181 0.432148 0.542115 0.608282 0.686711 0.749331 0.887681 0.669249 0.869956 0.806012 0.732502 0.758949 0.869608 0.539594 0.781952 0.982842 0.849804 0.823282 0.922965 0.951872 0.941724 0.830726 0.770282 0.719909 0.891880 0.839473 0.999017 0.371658 0.432028 0.384832 0.431401 0.582130 0.603030 0.850626 0.881848 0.580517 0.526942 0.558289 0.612220 0.846146 0.837400 0.975469 0.709906 0.621029 0.789565 0.772410 0.980999 0.889180 0.795157 0.645924 0.443723 0.819844 0.986778 0.834019 0.888145 0.842060 0.936731 0.739512 0.900180 0.891341 0.812946 0.903345 0.982989 0.884540 0.914224 0.978423 0.914820 0.817834 0.729658 0.900467 0.878790 0.823487 0.972221 0.977775 0.971743 0.856448 0.902389 0.858513 0.949781 0.964100 0.894644
0.707027 0.845425 0.860653 0.998337 0.836546 0.516271 0.539192 0.467722 0.593208 0.446701 0.618788 0.542260 0.845492 0.651463 0.842598 0.973037 0.808510 0.802810 0.845991 0.783829 0.716367 0.932535 0.749928 0.668434 0.546924 0.752633 0.000000 0.754024 0.624586 0.637726 0.975465 0.977704 0.868577 0.659354 0.984403 0.890167 0.668375 0.859978 0.776420 0.627399 0.969668 0.963596 0.766906 0.649624 0.542981 0.557230 0.895154 0.851716 0.816289 0.679417 0.613499 0.545742 0.532184 0.507272 0.915090 0.860684 0.998786 0.952722 0.639256 0.607786 0.569932 0.519978 0.697723 0.580694 0.594463 0.956656 0.735906 0.688750 0.704904 0.954682 0.851105 0.837453 0.809895 0.912410 0.886721 0.785175 0.709828 0.930826 0.927363 0.980680 0.984156 0.864215 0.777453 0.842799 0.528656 0.557697 0.872709 0.857466 0.905498 0.835967 0.573712 0.636253 0.643607 0.705078 0.868064 0.977442 0.738515 0.710645 0.528533 0.601431 0.411558 0.568868 0.634796 0.740837 0.768086 0.903087 0.783624 0.641226 0.738627 0.803128 0.780161 0.660247 0.698992 0.721349 0.692867 0.999469
0.806069 0.869823 0.795333 0.887263 0.976874 0.954296 0.808282 0.735133 0.734808 0.689858 0.637002 0.628060 0.856613 0.817733 0.920256 0.950382 0.919402 0.863640 0.982084 0.941839 0.791157 0.808597 0.738459 0.727046 0.689458 0.763769 0.754024 0.000000 0.742645 0.762410 0.817958 0.924107 0.980143 0.847031 0.961094 0.982356 0.691729 0.964209 0.900961 0.806745 0.879600 0.897177 0.998835 0.895330 0.783074 0.798266 0.981808 0.902615 0.772715 0.856272 0.822424 0.758721 0.758508 0.785322 0.916015 0.890260 0.993180 0.934303 0.808248 0.890362 0.763033 0.746543 0.737813 0.638106 0.730230 0.935334 0.954565 0.971774 0.765457 0.837114 0.984524 0.862705 0.960606 0.934932 0.975121 0.989444 0.776823 0.975466 0.691172 0.757886 0.891347 0.903094 0.848522 0.993324 0.786261 0.764507 0.951503 0.963971 0.898599 0.827053 0.797455 0.691063 0.843648 0.805916 0.930808 0.979443 0.950555 0.814001 0.728126 0.789752 0.720696 0.825794 0.753435 0.859091 0.856625 0.796973 0.984078 0.745119 0.871256 0.871834 0.874437 0.816870 0.792596 0.961500 0.833107 0.989771
0.549856 0.777947 0.680560 0.726711 0.815793 0.732035 0.686879 0.648398 0.590504 0.359592 0.353935 0.408032 0.548235 0.529352 0.772575 0.880018 0.477428 0.394651 0.741373 0.808200 0.604480 0.929615 0.665766 0.452932 0.418871 0.493344 0.624586 0.742645 0.000000 0.302228 0.675633 0.784510 0.844574 0.755099 0.875165 0.645394 0.658832 0.729315 0.743327 0.890547 0.953326 0.818710 0.889999 0.733896 0.493962 0.444782 0.873784 0.850838 0.409020 0.553322 0.646624 0.551855 0.640958 0.752967 0.774409 0.632672 0.732081 0.670105 0.503700 0.672799 0.515288 0.623186 0.323466 0.263153 0.588789 0.786881 0.971448 0.979599 0.775718 0.905190 0.991143 0.883042 0.982679 0.905945 0.987980 0.961707 0.705519 0.999059 0.637989 0.943356 0.541100 0.785388 0.883688 0.645702 0.864572 0.704311 0.940942 0.991838 0.942733 0.920213 0.887745 0.785871 0.993744 0.929795 0.926757 0.891847 0.956775 0.954351 0.534633 0.639825 0.795563 0.735402 0.607346 0.698256 0.727267 0.822642 0.834443 0.911648 0.934814 0.695560 0.908629 0.746032 0.545837 0.779016 0.799548 0.981370
0.627851 0.729443 0.760465 0.842268 0.835338 0.810729 0.675061 0.670886 0.711472 0.454554 0.451824 0.461048 0.601871 0.453709 0.854929 0.869249 0.441769 0.391710 0.710791 0.793161 0.724693 0.871031 0.753125 0.636497 0.577931 0.598111 0.637726 0.762410 0.302228 0.000000 0.818508 0.950581 0.828469 0.707319 0.864885 0.698366 0.782757 0.893733 0.842629 0.996646 0.931001 0.884493 0.797862 0.641285 0.455921 0.451090 0.781911 0.818739 0.441626 0.489250 0.574674 0.511491 0.601359 0.735839 0.704448 0.654116 0.671161 0.672842 0.508661 0.733981 0.572707 0.644639 0.368817 0.302992 0.632175 0.837336 0.979895 0.900238 0.725367 0.977535 0.971936 0.907821 0.876035 0.806708 0.978599 0.983563 0.682668 0.871279 0.703068 0.941553 0.484453 0.701212 0.696062 0.614689 0.904267 0.811253 0.934314 0.990001 0.981265 0.833242 0.967379 0.891311 0.939516 0.945255 0.890564 0.938165 0.902487 0.892105 0.605262 0.731498 0.777557 0.841579 0.649655 0.712406 0.739778 0.870759 0.968604 0.992223 0.984412 0.804558 0.960403 0.894716 0.626688 0.816885 0.877409 0.931992
0.801546 0.802098 0.433602 0.438869 0.834541 0.929144 0.766045 0.789894 0.927770 0.748441 0.586201 0.774281 0.639642 0.996714 0.765267 0.982786 0.729704 0.717167 0.939026 0.787141 0.495500 0.811154 0.463995 0.420915 0.395137 0.311510 0.975465 0.817958 0.675633 0.818508 0.000000 0.351785 0.561623 0.692534 0.610906 0.656509 0.521529 0.621040 0.743130 0.866439 0.675688 0.984922 0.489317 0.654691 0.866978 0.945303 0.742832 0.734734 0.728743 0.938947 0.743579 0.851150 0.884653 0.794022 0.780640 0.912453 0.918747 0.885874 0.830322 0.987122 0.994031 0.853880 0.552975 0.651227 0.596703 0.481634 0.506267 0.505897 0.921896 0.805849 0.617359 0.482858 0.434269 0.537349 0.876359 0.713754 0.931690 0.620077 0.716935 0.818364 0.789662 0.988613 0.773682 0.741928 0.807858 0.581457 0.890822 0.964060 0.899610 0.842325 0.784722 0.893580 0.730394 0.960537 0.920726 0.855875 0.776772 0.993514 0.977598 0.990553 0.847575 0.949734 0.937704 0.874028 0.838239 0.814357 0.775113 0.920366 0.923725 0.864608 0.834623 0.990059 0.910815 0.764997 0.861460 0.953609
0.914953 0.696064 0.601268 0.577528 0.808951 0.992714 0.828571 0.820904 0.861405 0.766512 0.714154 0.873866 0.687406 0.887120 0.754714 0.926009 0.817597 0.897063 0.927331 0.679286 0.626239 0.953642 0.613579 0.456541 0.530207 0.482747 0.977704 0.924107 0.784510 0.950581 0.351785 0.000000 0.609388 0.704673 0.727221 0.743614 0.697012 0.646056 0.724856 0.957843 0.829156 0.999368 0.517366 0.585770 0.868255 0.860705 0.652378 0.645217 0.783455 0.864129 0.707542 0.769352 0.887124 0.869624 0.765279 0.757655 0.951434 0.965395 0.947384 0.884247 0.951160 0.835493 0.693902 0.791888 0.723663 0.577274 0.621716 0.547780 0.986012 0.929295 0.756605 0.624728 0.453484 0.507771 0.924526 0.770095 0.958380 0.663611 0.885877 0.767863 0.943830 0.921620 0.782585 0.930062 0.844368 0.566385 0.922986 0.873079 0.966372 0.811761 0.945763 0.801336 0.876594 0.897784 0.943242 0.932063 0.786798 0.971026 0.991515 0.988190 0.858580 0.942821 0.993346 0.856311 0.734434 0.817724 0.888316 0.850061 0.960626 0.934089 0.931764 0.953763 0.983904 0.741144 0.861274 0.974889
0.595293 0.421860 0.549351 0.527424 0.910589 0.586149 0.492248 0.540237 0.805058 0.877004 0.878073 0.737629 0.827031 0.601490 0.887766 0.770566 0.844629 0.807956 0.486392 0.523342 0.802447 0.936674 0.569287 0.687562 0.799505 0.712161 0.868577 0.980143 0.844574 0.828469 0.561623 0.609388 0.000000 0.409060 0.533382 0.875037 0.792925 0.989981 0.884295 0.847960 0.708997 0.885895 0.411331 0.424154 0.611838 0.622219 0.501435 0.526040 0.916460 0.670815 0.617058 0.598709 0.763643 0.844776 0.569531 0.623901 0.600185 0.638012 0.581473 0.450414 0.464169 0.534352 0.857635 0.819698 0.653582 0.510160 0.465600 0.404781 0.922516 0.706531 0.615520 0.588022 0.625148 0.693043 0.778639 0.732786 0.758132 0.609907 0.918917 0.725113 0.764041 0.783179 0.761487 0.881432 0.617174 0.602496 0.883537 0.960442 0.762237 0.670094 0.761436 0.922070 0.753186 0.912724 0.925650 0.654547 0.729304 0.964355 0.615529 0.649338 0.735869 0.779666 0.798167 0.861851 0.582695 0.493385 0.779358 0.801606 0.852862 0.655088 0.716606 0.787618 0.642453 0.746429 0.599069 0.939050
0.526049 0.424509 0.617796 0.511522 0.986648 0.568516 0.320768 0.360033 0.604281 0.641915 0.711561 0.533572 0.810877 0.555887 0.993302 0.893237 0.770747 0.735448 0.482733 0.487938 0.829974 0.956190 0.758092 0.878166 0.975969 0.848654 0.659354 0.847031 0.755099 0.707319 0.692534 0.704673 0.409060 0.000000 0.610396 0.888674 0.979821 0.998398 0.988348 0.866072 0.818980 0.889344 0.406675 0.415163 0.540706 0.568353 0.552967 0.521738 0.856138 0.628708 0.537988 0.507653 0.602627 0.622303 0.704576 0.700899 0.706609 0.693597 0.499139 0.450973 0.419020 0.393673 0.766292 0.673703 0.828366 0.518077 0.376620 0.346322 0.964930 0.758386 0.460966 0.517474 0.639582 0.666216 0.872917 0.785087 0.564861 0.625366 0.871372 0.785713 0.775240 0.880034 0.880814 0.976709 0.886148 0.849253 0.876754 0.990499 0.792259 0.770888 0.554255 0.705128 0.543507 0.713268 0.904682 0.744563 0.620505 0.895893 0.429077 0.523126 0.522842 0.552371 0.669068 0.748819 0.520646 0.473350 0.607891 0.644486 0.751534 0.644453 0.594919 0.748335 0.540109 0.775601 0.608751 0.881569
0.883999 0.750364 0.493143 0.523241 0.997510 0.788414 0.576407 0.683039 0.788536 0.969259 0.864359 0.989290 0.839022 0.984513 0.927225 0.977002 0.970265 0.890454 0.810162 0.696902 0.726096 0.786498 0.616866 0.655356 0.675479 0.651259 0.984403 0.961094 0.875165 0.864885 0.610906 0.727221 0.533382 0.610396 0.000000 0.759211 0.813366 0.902997 0.879404 0.837128 0.669672 0.918320 0.583180 0.644203 0.788257 0.856444 0.852313 0.657001 0.893648 0.872342 0.775043 0.819095 0.767363 0.777669 0.761795 0.829843 0.941395 0.988511 0.918224 0.741541 0.847488 0.830183 0.805059 0.863327 0.623607 0.593182 0.439828 0.498984 0.810476 0.767843 0.493287 0.548378 0.720968 0.647596 0.871072 0.778855 0.674056 0.731339 0.906426 0.900757 0.925349 0.928226 0.998967 0.816454 0.846708 0.747346 0.919049 0.951865 0.913750 0.820197 0.570498 0.778516 0.565948 0.654292 0.759197 0.767715 0.707627 0.869828 0.766243 0.785208 0.836801 0.825672 0.898645 0.990287 0.840717 0.674410 0.933923 0.863415 0.795594 0.726150 0.702840 0.961766 0.869393 0.891855 0.707364 0.937345
0.778807 0.970436 0.722939 0.699927 0.764984 0.916876 0.985011 0.977610 0.918139 0.733958 0.691541 0.790602 0.653106 0.799286 0.845828 0.863555 0.793222 0.706310 0.947683 0.866515 0.702886 0.942594 0.787473 0.668958 0.607159 0.570181 0.890167 0.982356 0.645394 0.698366 0.656509 0.743614 0.875037 0.888674 0.759211 0.000000 0.778866 0.855794 0.809439 0.884032 0.873505 0.849985 0.891325 0.972931 0.889565 0.808105 0.948549 0.992273 0.709499 0.857698 0.980106 0.861919 0.989000 0.967545 0.966474 0.943420 0.837701 0.832646 0.736176 0.871306 0.827675 0.971685 0.648513 0.634892 0.763698 0.748776 0.767406 0.809400 0.942046 0.920162 0.737765 0.735150 0.737358 0.835399 0.906279 0.872740 0.984495 0.949624 0.856166 0.992852 0.845489 0.929772 0.964505 0.837491 0.935722 0.734819 0.823097 0.878637 0.937420 0.997666 0.880330 0.919052 0.767112 0.915979 0.959727 0.950462 0.820013 0.985854 0.893150 0.798391 0.959884 0.970096 0.927623 0.768780 0.906747 0.994218 0.966382 0.990043 0.876010 0.899600 0.926841 0.885877 0.740443 0.984320 0.988899 0.976203
0.856951 0.946939 0.491539 0.582827 0.996695 0.908451 0.987175 0.875823 0.867727 0.625363 0.625500 0.614031 0.836547 0.898779 0.965890 0.772755 0.814546 0.794584 0.954492 0.906484 0.642191 0.821464 0.475510 0.510439 0.437177 0.432148 0.668375 0.691729 0.658832 0.782757 0.521529 0.697012 0.792925 0.979821 0.813366 0.778866 0.000000 0.558408 0.666200 0.619478 0.674829 0.970778 0.744779 0.906124 0.919585 0.844879 0.780283 0.890302 0.856167 0.976664 0.984555 0.935527 0.880018 0.889705 0.758172 0.936312 0.989686 0.919708 0.803136 0.860324 0.837212 0.854560 0.602165 0.625750 0.484349 0.710964 0.806290 0.794369 0.739228 0.846223 0.739129 0.691937 0.695477 0.767649 0.876024 0.901995 0.967084 0.712374 0.849919 0.833585 0.950660 0.867345 0.753515 0.971574 0.576117 0.492183 0.977164 0.929287 0.788877 0.756721 0.923838 0.879420 0.996512 0.937621 0.917466 0.835799 0.937945 0.842077 0.889700 0.891300 0.874242 0.813445 0.925711 0.857707 0.992252 0.965792 0.956621 0.958467 0.864678 0.918911 0.884014 0.874740 0.812693 0.872987 0.969152 0.949340
0.809193 0.966393 0.734327 0.683927 0.832625 0.927109 0.972344 0.960527 0.809174 0.779842 0.741485 0.777831 0.661598 0.875070 0.765606 0.920093 0.829583 0.836166 0.843926 0.959262 0.801836 0.906308 0.798285 0.690614 0.537128 0.542115 0.859978 0.964209 0.729315 0.893733 0.621040 0.646056 0.989981 0.998398 0.902997 0.855794 0.558408 0.000000 0.608420 0.764211 0.865594 0.894012 0.863451 0.898902 0.925866 0.906161 0.743680 0.925348 0.878547 0.984778 0.918877 0.983579 0.921377 0.976406 0.908388 0.978167 0.877364 0.845860 0.817980 0.828823 0.797579 0.953375 0.651935 0.732658 0.775684 0.766715 0.871828 0.830665 0.856184 0.959060 0.818169 0.791099 0.563423 0.654152 0.832113 0.955334 0.929254 0.760486 0.788465 0.902813 0.983050 0.976090 0.811482 0.999999 0.788210 0.601764 0.986372 0.855387 0.875618 0.780588 0.978773 0.890834 0.926239 0.903058 0.868008 0.825503 0.936162 0.892844 0.854652 0.822770 0.991446 0.766118 0.987809 0.836028 0.972144 0.907640 0.907386 0.965349 0.999137 0.960594 0.980816 0.814096 0.866680 0.861471 0.987896 0.972922
