0.000000 0.391663 0.957607 0.999410 0.932028 0.697262 0.600364 0.544773 0.893754 0.706646 0.534345 0.389945 0.498995 0.518913 0.613767 0.592349 0.410735 0.426642 0.573045 0.665812 0.828041 0.825614 0.745734 0.816581 0.700314 0.687195 0.838982 0.948615 0.538512 0.486609 0.678554 0.834421 0.511471 0.519968 0.923035 0.838516 0.789386 0.848583 0.766997 0.890347 0.908781 0.931937 0.493668 0.458938 0.490126 0.485998 0.535571 0.526061 0.449174 0.466276 0.532551 0.609763 0.706229 0.828159 0.565995 0.609894 0.485326 0.444922 0.415561 0.499148 0.465892 0.579177 0.424907 0.349290 0.857369 0.978025 0.594929 0.613470 0.678342 0.550106 0.899159 0.723394 0.863434 0.980807 0.986164 0.935561 0.603904 0.659463 0.657470 0.713039 0.369135 0.477918 0.617156 0.649739 0.499800 0.562062 0.746701 0.971971 0.699785 0.789689 0.719382 0.976906 0.834551 0.808448 0.782497 0.886715 0.810949 0.950800 0.446347 0.562325 0.729851 0.673256 0.471096 0.823296 0.647203 0.786487 0.925698 0.817747 0.847480 0.706598 0.781375 0.733982 0.646399 0.747635 0.792777 0.866262
0.391663 0.000000 0.881724 0.842643 0.828157 0.824863 0.769897 0.646896 0.960976 0.833181 0.682366 0.595299 0.716067 0.692872 0.802366 0.814105 0.467265 0.533920 0.711222 0.613760 0.985144 0.775421 0.888520 0.818115 0.985101 0.818894 0.937884 0.914918 0.657912 0.616381 0.752637 0.938400 0.736433 0.586626 0.928151 0.867031 0.953690 0.953482 0.746838 0.987778 0.792981 0.796766 0.565009 0.550776 0.656797 0.610030 0.584605 0.637962 0.531069 0.477572 0.557871 0.566744 0.715053 0.748067 0.626085 0.609839 0.377974 0.352610 0.510589 0.461397 0.696994 0.713471 0.626260 0.539546 0.947788 0.927020 0.608724 0.649690 0.542931 0.470905 0.976080 0.650707 0.817498 0.916422 0.875911 0.987006 0.731946 0.756607 0.650947 0.724165 0.548323 0.588796 0.660635 0.748705 0.703208 0.695317 0.764389 0.947434 0.781287 0.794888 0.790571 0.967432 0.832346 0.962716 0.941052 0.842194 0.721355 0.861754 0.572424 0.568403 0.834967 0.750930 0.641994 0.842252 0.684340 0.807650 0.901509 0.905402 0.948511 0.692912 0.966225 0.770036 0.722543 0.739753 0.819313 0.825200
0.957607 0.881724 0.000000 0.776287 0.976823 0.916055 0.650335 0.741900 0.791895 0.861541 0.966122 0.990901 0.974379 0.869165 0.987361 0.839474 0.814129 0.897819 0.838806 0.847331 0.991629 0.886624 0.988313 0.873045 0.652057 0.733746 0.961093 0.862505 0.794831 0.892924 0.743885 0.787971 0.948129 0.773082 0.881603 0.992859 0.939950 0.970750 0.815077 0.962137 0.889968 0.792664 0.928265 0.967111 0.832889 0.858270 0.713319 0.991836 0.820567 0.815692 0.890546 0.731372 0.787589 0.756739 0.989743 0.847116 0.766837 0.868275 0.803953 0.973860 0.841999 0.994263 0.840729 0.955857 0.629167 0.736996 0.791704 0.829418 0.877776 0.853689 0.999611 0.975911 0.840559 0.888212 0.895508 0.950193 0.852688 0.848646 0.908490 0.982408 0.941450 0.714137 0.976956 0.990904 0.851876 0.879879 0.756897 0.992547 0.822623 0.918857 0.957737 0.836322 0.880493 0.949977 0.840505 0.993541 0.794972 0.905572 0.911858 0.943925 0.881303 0.990817 0.961708 0.988709 0.925099 0.978707 0.736238 0.966648 0.966457 0.831328 0.904512 0.937070 0.969240 0.988351 0.970056 0.964216
0.999410 0.842643 0.776287 0.000000 0.970652 0.733407 0.972564 0.855592 0.893576 0.862657 0.799457 0.828981 0.722914 0.755295 0.866291 0.954864 0.955406 0.976771 0.889301 0.890408 0.925923 0.881470 0.735969 0.759466 0.640557 0.741255 0.873341 0.995819 0.947977 0.928999 0.920962 0.802491 0.977078 0.924333 0.866894 0.914243 0.928223 0.772511 0.838493 0.920391 0.883491 0.981324 0.857196 0.877174 0.969729 0.991082 0.882961 0.988652 0.995563 0.782726 0.786775 0.717538 0.764022 0.684076 0.904476 0.830911 0.798525 0.799727 0.891166 0.665414 0.929942 0.971866 0.937381 0.922342 0.634203 0.561115 0.552610 0.654083 0.745862 0.784407 0.709893 0.815441 0.760626 0.775638 0.951740 0.950001 0.864969 0.892879 0.936033 0.988901 0.909878 0.975930 0.959457 0.853122 0.936654 0.695622 0.933245 0.927127 0.897072 0.734719 0.559525 0.612363 0.530030 0.561675 0.984700 0.961145 0.972660 0.822340 0.825881 0.742831 0.977101 0.890897 0.856590 0.930078 0.829020 0.957397 0.947752 0.958271 0.977597 0.940757 0.830115 0.831473 0.973800 0.889608 0.827199 0.979080
0.932028 0.828157 0.976823 0.970652 0.000000 0.623703 0.761814 0.781824 0.604975 0.713311 0.933695 0.916625 0.749339 0.900578 0.709987 0.755183 0.977013 0.878109 0.790398 0.948771 0.856412 0.940615 0.659913 0.904453 0.773528 0.772656 0.876728 0.748221 0.823590 0.836049 0.949618 0.940964 0.856584 0.962469 0.947355 0.934071 0.986373 0.960587 0.982337 0.951042 0.867606 0.798346 0.964478 0.982931 0.845422 0.919286 0.948440 0.982261 0.961345 0.943432 0.826373 0.943642 0.742480 0.873591 0.994522 0.937540 0.843638 0.964647 0.919226 0.944143 0.758735 0.722896 0.845733 0.833974 0.902579 0.964660 0.918803 0.958726 0.910944 0.983139 0.682089 0.810100 0.860627 0.898527 0.867604 0.994266 0.776771 0.901911 0.805737 0.986530 0.973434 0.965124 0.831241 0.974802 0.700538 0.885610 0.953533 0.797969 0.827612 0.910616 0.752956 0.777684 0.834889 0.994041 0.933689 0.910109 0.888490 0.855126 0.902623 0.875858 0.796127 0.889836 0.982747 0.963778 0.975573 0.941786 0.786434 0.934344 0.851980 0.807963 0.854111 0.799889 0.994032 0.927708 0.998312 0.909072
0.697262 0.824863 0.916055 0.733407 0.623703 0.000000 0.560089 0.472880 0.681293 0.507940 0.786013 0.734906 0.754379 0.813852 0.656928 0.668956 0.679832 0.714122 0.552993 0.729721 0.802381 0.964899 0.589136 0.766018 0.790760 0.913199 0.883777 0.881302 0.640301 0.697785 0.667155 0.830979 0.611934 0.640047 0.788889 0.976961 0.823630 0.967628 0.952212 0.954238 0.968014 0.996211 0.586058 0.607426 0.481711 0.543620 0.706608 0.626630 0.575999 0.585820 0.498424 0.636876 0.585586 0.669024 0.738170 0.592892 0.888373 0.796508 0.674101 0.635109 0.543967 0.576145 0.650973 0.597201 0.953455 0.850630 0.568768 0.623182 0.931979 0.766772 0.717676 0.890081 0.916385 0.968127 0.933605 0.993787 0.591782 0.761668 0.869334 0.631598 0.616684 0.616487 0.835201 0.902258 0.564802 0.613313 0.922001 0.979706 0.814728 0.904438 0.485862 0.698714 0.528477 0.966196 0.870791 0.932501 0.835867 0.856362 0.494877 0.595680 0.686417 0.656967 0.620505 0.869717 0.783310 0.929420 0.996316 0.886310 0.846717 0.924247 0.804610 0.655907 0.744948 0.878072 0.886221 0.914356
0.600364 0.769897 0.650335 0.972564 0.761814 0.560089 0.000000 0.242194 0.637327 0.307865 0.468256 0.531112 0.454570 0.635230 0.544653 0.835840 0.442806 0.556061 0.414071 0.629712 0.852368 0.877062 0.902518 0.751572 0.605353 0.759909 0.607521 0.912023 0.365314 0.465235 0.512057 0.710042 0.437471 0.393577 0.957840 0.973998 0.835761 0.729789 0.872029 0.939098 0.875944 0.958705 0.430929 0.424058 0.482569 0.478325 0.475961 0.512491 0.597014 0.820369 0.658797 0.987261 0.927712 0.876855 0.753044 0.632798 0.768763 0.825299 0.454635 0.725737 0.239490 0.425058 0.330301 0.382713 0.816596 0.893563 0.660582 0.597172 0.987333 0.791743 0.881598 0.983627 0.879859 0.978365 0.981119 0.951593 0.501802 0.882589 0.664247 0.667058 0.450377 0.432494 0.770100 0.839292 0.564173 0.857229 0.842726 0.849687 0.987210 0.842133 0.678300 0.984523 0.839289 0.657981 0.913098 0.898401 0.760091 0.866014 0.521838 0.579383 0.490869 0.786857 0.558796 0.823671 0.666515 0.868788 0.844968 0.956315 0.749456 0.728625 0.718637 0.797665 0.694395 0.851340 0.880841 0.920676
0.544773 0.646896 0.741900 0.855592 0.781824 0.472880 0.242194 0.000000 0.571795 0.273481 0.512353 0.495299 0.471747 0.572091 0.509372 0.730044 0.447893 0.519368 0.370700 0.583780 0.831934 0.892760 0.749040 0.904242 0.643421 0.781901 0.664364 0.992248 0.360814 0.442548 0.494870 0.728104 0.414617 0.400634 0.924649 0.920190 0.807483 0.815937 0.939494 0.944117 0.928139 0.950604 0.414947 0.376332 0.382504 0.396119 0.471377 0.491309 0.459342 0.673533 0.580596 0.830551 0.774511 0.980526 0.652415 0.573511 0.693552 0.702581 0.456138 0.601003 0.270166 0.351332 0.371501 0.365347 0.806067 0.860465 0.585514 0.525263 0.895201 0.641636 0.739270 0.860680 0.869233 0.990389 0.971287 0.976858 0.483175 0.827593 0.731355 0.622964 0.433487 0.469697 0.698068 0.834279 0.506241 0.800112 0.826006 0.902096 0.869306 0.975852 0.563379 0.835843 0.687459 0.824922 0.888749 0.945212 0.694667 0.850389 0.371085 0.483708 0.457141 0.679449 0.496012 0.747864 0.608953 0.851038 0.863432 0.980965 0.812401 0.746678 0.647350 0.748489 0.656687 0.794952 0.867624 0.884539
0.893754 0.960976 0.791895 0.893576 0.604975 0.681293 0.637327 0.571795 0.000000 0.505242 0.858433 0.833516 0.710897 0.838439 0.788506 0.806856 0.963297 0.974104 0.681121 0.910880 0.698114 0.932013 0.755762 0.945268 0.938513 0.929443 0.857610 0.973550 0.790560 0.839539 0.822806 0.986949 0.847214 0.867271 0.917583 0.896848 0.931434 0.951198 0.919423 0.922089 0.785163 0.920256 0.839792 0.891081 0.790110 0.865279 0.896041 0.901883 0.838855 0.883284 0.945121 0.933262 0.865977 0.935961 0.752681 0.865849 0.986364 0.887413 0.900635 0.922965 0.667406 0.474261 0.863706 0.813512 0.976759 0.785945 0.988341 0.965874 0.807068 0.766156 0.646204 0.933764 0.993015 0.936694 0.940944 0.939879 0.795675 0.913571 0.839009 0.994657 0.915438 0.924206 0.806344 0.944116 0.645059 0.978961 0.872727 0.971287 0.831183 0.970072 0.713565 0.773392 0.849673 0.920935 0.926737 0.987765 0.876620 0.792645 0.767774 0.839306 0.762020 0.788962 0.965937 0.953162 0.890978 0.935765 0.877039 0.798002 0.919549 0.819838 0.836436 0.974036 0.889124 0.962775 0.829089 0.943252
0.706646 0.833181 0.861541 0.862657 0.713311 0.507940 0.307865 0.273481 0.505242 0.000000 0.623154 0.584183 0.520633 0.621282 0.528421 0.760472 0.601609 0.629757 0.428174 0.630082 0.824353 0.980408 0.780244 0.809756 0.609077 0.810184 0.697692 0.928989 0.454073 0.539649 0.504169 0.792261 0.465972 0.469068 0.942857 0.944213 0.762880 0.858476 0.965845 0.954695 0.864668 0.938834 0.486577 0.469744 0.384996 0.423588 0.573705 0.569919 0.483861 0.749485 0.643640 0.915573 0.793915 0.991154 0.695892 0.677424 0.874800 0.879343 0.614859 0.729326 0.344622 0.339881 0.492953 0.466085 0.728242 0.905205 0.701677 0.639121 0.975545 0.733158 0.696995 0.866007 0.966330 0.977141 0.983984 0.883364 0.553480 0.866942 0.837935 0.746498 0.562715 0.649919 0.825562 0.908419 0.617971 0.913559 0.874814 0.842646 0.958736 0.894208 0.544330 0.768684 0.661891 0.882482 0.950817 0.881572 0.837022 0.797995 0.421755 0.502345 0.548267 0.718069 0.578281 0.795082 0.730412 0.919720 0.844086 0.970334 0.803365 0.737137 0.706167 0.737336 0.745405 0.881813 0.835534 0.962226
0.534345 0.682366 0.966122 0.799457 0.933695 0.786013 0.468256 0.512353 0.858433 0.623154 0.000000 0.380084 0.365139 0.445984 0.513074 0.755096 0.489778 0.481324 0.519583 0.681078 0.921236 0.791486 0.988970 0.818346 0.499226 0.614848 0.611408 0.841551 0.429930 0.417614 0.697917 0.831135 0.492041 0.424424 0.934645 0.901300 0.885486 0.686047 0.770882 0.800166 0.989196 0.954356 0.541747 0.441211 0.528603 0.486020 0.586734 0.538405 0.566985 0.810215 0.723280 0.993659 0.995710 0.878616 0.794504 0.724313 0.798593 0.802005 0.569065 0.833768 0.355326 0.524899 0.375314 0.391350 0.638382 0.921202 0.871661 0.771871 0.926336 0.806131 0.988556 0.978089 0.975878 0.852367 0.911297 0.878509 0.696459 0.772785 0.680800 0.621184 0.395135 0.446156 0.665724 0.570747 0.674133 0.882980 0.825320 0.917684 0.812476 0.928142 0.930318 0.768546 0.949797 0.565187 0.944782 0.950096 0.834692 0.951131 0.605397 0.811679 0.517541 0.877884 0.585329 0.817822 0.797379 0.945642 0.996886 0.815750 0.758531 0.773876 0.797079 0.870372 0.732148 0.880050 0.946792 0.940975
0.389945 0.595299 0.990901 0.828981 0.916625 0.734906 0.531112 0.495299 0.833516 0.584183 0.380084 0.000000 0.317613 0.314123 0.416264 0.492582 0.464509 0.402246 0.459722 0.614096 0.796165 0.857533 0.749202 0.915474 0.466814 0.602763 0.750470 0.847985 0.411867 0.360299 0.565121 0.741799 0.408897 0.442739 0.986307 0.960942 0.831443 0.847663 0.794148 0.896727 0.979995 0.984012 0.557643 0.446238 0.396894 0.409248 0.617986 0.596512 0.418753 0.630598 0.690052 0.823946 0.835474 0.929757 0.717890 0.710261 0.712921 0.706104 0.605702 0.805518 0.379213 0.442435 0.416660 0.320442 0.645023 0.864408 0.795232 0.754652 0.861578 0.618944 0.873816 0.777202 0.928404 0.998492 0.883264 0.962455 0.673708 0.805132 0.677199 0.557075 0.329187 0.446995 0.527643 0.586588 0.514091 0.706753 0.828328 0.966501 0.686257 0.929303 0.887154 0.853867 0.989520 0.703796 0.931956 0.935056 0.904466 0.961274 0.514502 0.611562 0.643265 0.745968 0.476335 0.680653 0.768339 0.897537 0.936484 0.904057 0.825302 0.745061 0.802922 0.717732 0.677676 0.729259 0.952150 0.958912
0.498995 0.716067 0.974379 0.722914 0.749339 0.754379 0.454570 0.471747 0.710897 0.520633 0.365139 0.317613 0.000000 0.298260 0.328028 0.559988 0.521922 0.534698 0.491407 0.648836 0.768574 0.899356 0.773437 0.933705 0.421542 0.496639 0.707638 0.890971 0.372868 0.332982 0.613175 0.768917 0.386704 0.466355 0.960550 0.927510 0.910426 0.677428 0.798534 0.829712 0.932121 0.968038 0.606904 0.503483 0.442018 0.428193 0.623257 0.560793 0.499985 0.791324 0.759428 0.970657 0.918395 0.824257 0.792278 0.717948 0.848297 0.759439 0.615671 0.892544 0.296563 0.400835 0.392101 0.312053 0.607566 0.837219 0.908950 0.775086 0.962435 0.696393 0.826866 0.857911 0.961992 0.942844 0.942842 0.887555 0.612180 0.791899 0.773670 0.670991 0.395721 0.513778 0.519743 0.602606 0.536201 0.839370 0.859521 0.970783 0.765843 0.992833 0.976136 0.840530 0.875956 0.596302 0.957932 0.906661 0.816378 0.946219 0.568410 0.706825 0.590192 0.796921 0.564811 0.719487 0.886464 0.846646 0.904090 0.904579 0.749286 0.820952 0.731518 0.790226 0.778673 0.753205 0.923035 0.981771
0.518913 0.692872 0.869165 0.755295 0.900578 0.813852 0.635230 0.572091 0.838439 0.621282 0.445984 0.314123 0.298260 0.000000 0.331854 0.438315 0.580186 0.497010 0.574141 0.567964 0.859631 0.940292 0.681617 0.902051 0.453801 0.585459 0.755151 0.946606 0.451105 0.384988 0.669024 0.745887 0.468836 0.524772 0.932612 0.997777 0.867693 0.789717 0.879224 0.854986 0.980174 0.930505 0.691702 0.528246 0.448066 0.431468 0.645322 0.645240 0.452057 0.712333 0.750623 0.858645 0.887317 0.915871 0.768309 0.788044 0.879436 0.728035 0.771546 0.891859 0.437878 0.433413 0.493266 0.368260 0.641222 0.859924 0.876697 0.821302 0.950755 0.657977 0.789828 0.743396 0.989024 0.972105 0.834828 0.995573 0.706571 0.894399 0.743162 0.594314 0.449141 0.543398 0.460252 0.636438 0.518717 0.786348 0.929324 0.924253 0.667969 0.870657 0.966082 0.902516 0.949614 0.711881 0.892837 0.975914 0.889429 0.965182 0.571581 0.710916 0.648595 0.770537 0.576694 0.709169 0.788264 0.901729 0.992572 0.909593 0.781856 0.833049 0.784817 0.859582 0.767040 0.753325 0.945308 0.931514
0.613767 0.802366 0.987361 0.866291 0.709987 0.656928 0.544653 0.509372 0.788506 0.528421 0.513074 0.416264 0.328028 0.331854 0.000000 0.414766 0.614070 0.564389 0.588091 0.618382 0.867763 0.903717 0.535037 0.865225 0.475129 0.535950 0.783257 0.881915 0.415695 0.370545 0.654982 0.722157 0.407259 0.520159 0.969422 0.974857 0.861024 0.810865 0.913109 0.858468 0.991975 0.948504 0.698244 0.596463 0.431736 0.437541 0.676882 0.609399 0.462967 0.691670 0.652351 0.812541 0.782842 0.974260 0.846720 0.762353 0.983841 0.782782 0.756854 0.915235 0.422462 0.504370 0.466100 0.395538 0.664584 0.776193 0.827045 0.803388 0.925558 0.677681 0.686490 0.737275 0.984632 0.976760 0.833225 0.980274 0.640141 0.991067 0.794625 0.655603 0.503518 0.587535 0.465400 0.600851 0.456756 0.714821 0.972705 0.879239 0.671691 0.869670 0.902286 0.995185 0.966673 0.755697 0.949251 0.956933 0.947863 0.939115 0.538129 0.668131 0.622005 0.838628 0.585875 0.705240 0.853795 0.829683 0.919492 0.877407 0.944295 0.968572 0.792241 0.695764 0.903534 0.785007 0.897268 0.947163
0.592349 0.814105 0.839474 0.954864 0.755183 0.668956 0.835840 0.730044 0.806856 0.760472 0.755096 0.492582 0.559988 0.438315 0.414766 0.000000 0.795915 0.707932 0.680785 0.719247 0.849406 0.902860 0.327690 0.533687 0.675136 0.664401 0.965547 0.879326 0.691149 0.534891 0.779861 0.703634 0.647073 0.762355 0.904146 0.896157 0.910406 0.936563 0.988969 0.882920 0.809814 0.789993 0.871611 0.737887 0.565356 0.627220 0.901008 0.745405 0.588510 0.611806 0.669975 0.626525 0.640809 0.805963 0.818936 0.848449 0.997607 0.749433 0.880636 0.842872 0.652972 0.660093 0.694585 0.575825 0.946819 0.909215 0.775356 0.888273 0.968257 0.695710 0.614362 0.743654 0.907035 0.922080 0.853756 0.968962 0.812360 0.978893 0.920695 0.714309 0.664082 0.684619 0.409310 0.751058 0.378713 0.499374 0.949124 0.693948 0.504025 0.594337 0.801716 0.847020 0.818530 0.987115 0.855275 0.997174 0.950636 0.985009 0.620534 0.677462 0.882609 0.761334 0.611353 0.929025 0.805909 0.841148 0.931089 0.875483 0.990072 0.929455 0.820990 0.747397 0.853563 0.819808 0.858293 0.948950
0.410735 0.467265 0.814129 0.955406 0.977013 0.679832 0.442806 0.447893 0.963297 0.601609 0.489778 0.464509 0.521922 0.580186 0.614070 0.795915 0.000000 0.342496 0.500318 0.583541 0.906938 0.794504 0.925814 0.943850 0.663540 0.664995 0.655891 0.937450 0.364329 0.403529 0.539068 0.717409 0.485805 0.374058 0.893862 0.983368 0.862099 0.763513 0.859215 0.947656 0.965259 0.744513 0.451391 0.396952 0.498442 0.465591 0.420539 0.476183 0.540650 0.615834 0.588156 0.794643 0.851090 0.956745 0.626412 0.570071 0.544969 0.570094 0.393768 0.535586 0.405559 0.602772 0.321261 0.325244 0.752592 0.963293 0.577785 0.535639 0.866513 0.670573 0.978644 0.849074 0.818424 0.963610 0.962132 0.984837 0.535859 0.750800 0.537018 0.703371 0.344939 0.410822 0.707391 0.619973 0.686224 0.784231 0.860957 0.916178 0.906495 0.978221 0.723742 0.905785 0.865467 0.735385 0.916406 0.799834 0.773360 0.915178 0.511984 0.543017 0.595341 0.744824 0.512126 0.808391 0.756192 0.732463 0.960203 0.954277 0.789386 0.650777 0.805716 0.705146 0.596590 0.737968 0.879744 0.722706
0.426642 0.533920 0.897819 0.976771 0.878109 0.714122 0.556061 0.519368 0.974104 0.629757 0.481324 0.402246 0.534698 0.497010 0.564389 0.707932 0.342496 0.000000 0.506845 0.498007 0.929190 0.873828 0.877484 0.965462 0.667792 0.773334 0.660394 0.973226 0.379523 0.358775 0.506382 0.631818 0.463059 0.412498 0.986039 0.930507 0.881520 0.890436 0.874761 0.926643 0.896782 0.769421 0.428764 0.388365 0.474875 0.386218 0.483354 0.470835 0.439460 0.535214 0.540814 0.732298 0.860891 0.911149 0.710467 0.581399 0.609634 0.610992 0.506657 0.610977 0.489861 0.624324 0.387290 0.354426 0.700789 0.916307 0.593694 0.547157 0.854351 0.647840 0.942325 0.779271 0.799723 0.922634 0.996094 0.975110 0.714460 0.821669 0.479339 0.541551 0.296930 0.418425 0.693286 0.531372 0.704009 0.739594 0.826984 0.970848 0.896504 0.982051 0.828242 0.861642 0.882377 0.711826 0.811284 0.917769 0.862034 0.938834 0.490087 0.575937 0.661606 0.800434 0.406361 0.769197 0.738624 0.797490 0.965179 0.827408 0.862411 0.748179 0.774106 0.752595 0.675864 0.762241 0.961573 0.782246
0.573045 0.711222 0.838806 0.889301 0.790398 0.552993 0.414071 0.370700 0.681121 0.428174 0.519583 0.459722 0.491407 0.574141 0.588091 0.680785 0.500318 0.506845 0.000000 0.479389 0.701535 0.857479 0.771219 0.971879 0.629744 0.813047 0.708436 0.965476 0.399637 0.460524 0.526544 0.623091 0.501087 0.425337 0.962363 0.945754 0.837940 0.862160 0.927605 0.843102 0.928519 0.952723 0.446278 0.380188 0.437516 0.439010 0.563299 0.530278 0.571865 0.701295 0.670637 0.876400 0.861822 0.974763 0.729965 0.655599 0.730866 0.779903 0.550240 0.682692 0.386597 0.404078 0.461578 0.432184 0.804077 0.784905 0.579667 0.554274 0.840769 0.750095 0.733570 0.780216 0.761969 0.886555 0.974964 0.965871 0.615518 0.761971 0.735157 0.658294 0.482929 0.461410 0.661008 0.720226 0.588254 0.802460 0.797862 0.959801 0.795618 0.991349 0.604352 0.965128 0.772206 0.833789 0.925299 0.985572 0.850997 0.993991 0.460404 0.565908 0.610393 0.702063 0.446790 0.774978 0.724384 0.896920 0.968310 0.890408 0.714437 0.778229 0.748316 0.683309 0.686231 0.763243 0.815713 0.886313
0.665812 0.613760 0.847331 0.890408 0.948771 0.729721 0.629712 0.583780 0.910880 0.630082 0.681078 0.614096 0.648836 0.567964 0.618382 0.719247 0.583541 0.498007 0.479389 0.000000 0.955502 0.922886 0.781277 0.883860 0.803531 0.944886 0.862400 0.946064 0.509234 0.534834 0.640337 0.648334 0.586718 0.562694 0.971304 0.915261 0.929918 0.944319 0.988420 0.965280 0.971539 0.939179 0.624612 0.520187 0.573069 0.527245 0.537121 0.620588 0.594328 0.659771 0.641374 0.776022 0.899201 0.947797 0.739816 0.670285 0.710151 0.633152 0.649105 0.700930 0.600567 0.606822 0.564613 0.505891 0.865661 0.829560 0.587732 0.562452 0.756333 0.662394 0.814669 0.809404 0.857922 0.793269 0.910660 0.990449 0.675862 0.959502 0.633580 0.547680 0.584653 0.524935 0.691012 0.685748 0.637827 0.757074 0.859579 0.885024 0.810459 0.955506 0.764358 0.968774 0.856992 0.855216 0.818402 0.941843 0.831793 0.830363 0.587359 0.626759 0.791736 0.865651 0.635061 0.692766 0.672053 0.884284 0.986947 0.923545 0.793401 0.848517 0.836950 0.731898 0.934745 0.800572 0.987419 0.833472
0.828041 0.985144 0.991629 0.925923 0.856412 0.802381 0.852368 0.831934 0.698114 0.824353 0.921236 0.796165 0.768574 0.859631 0.867763 0.849406 0.906938 0.929190 0.701535 0.955502 0.000000 0.975052 0.865316 0.913314 0.893561 0.877378 0.845553 0.999410 0.886778 0.934317 0.980116 0.981847 0.950860 0.878935 0.995180 0.996531 0.892766 0.893372 0.752153 0.947202 0.983288 0.996538 0.857545 0.825304 0.814224 0.832558 0.986843 0.797806 0.862321 0.929682 0.912105 0.903554 0.820902 0.848060 0.988672 0.847476 0.942343 0.952014 0.940688 0.880818 0.834860 0.766192 0.926556 0.867890 0.973069 0.982822 0.969138 0.984712 0.893188 0.785510 0.808745 0.819128 0.992860 0.957783 0.928307 0.929516 0.909290 0.877988 0.921481 0.945134 0.904462 0.867227 0.844212 0.889232 0.830588 0.977492 0.951969 0.921173 0.895810 0.906835 0.742302 0.824590 0.859723 0.963092 0.987733 0.890102 0.946954 0.909315 0.843495 0.851038 0.899146 0.714105 0.877078 0.938152 0.961065 0.879328 0.900983 0.975944 0.853286 0.868903 0.835632 0.872653 0.956860 0.820231 0.808158 0.950460
0.825614 0.775421 0.886624 0.881470 0.940615 0.964899 0.877062 0.892760 0.932013 0.980408 0.791486 0.857533 0.899356 0.940292 0.903717 0.902860 0.794504 0.873828 0.857479 0.922886 0.975052 0.000000 0.899257 0.786419 0.997963 0.894027 0.884419 0.933560 0.868603 0.917555 0.956458 0.988555 0.865134 0.856456 0.835835 0.816352 0.881417 0.997346 0.862040 0.802295 0.864738 0.841145 0.868219 0.871449 0.987386 0.952232 0.845096 0.914001 0.884831 0.992075 0.985579 0.916767 0.930736 0.919431 0.930366 0.943677 0.756690 0.857130 0.899528 0.895895 0.881992 0.912175 0.893101 0.906449 0.968997 0.931503 0.972111 0.935267 0.868166 0.967510 0.872816 0.892390 0.915343 0.954621 0.989277 0.965206 0.940432 0.916067 0.995758 0.982333 0.935634 0.897802 0.932300 0.873155 0.991884 0.910732 0.863889 0.787905 0.932031 0.894161 0.911679 0.839938 0.918858 0.854161 0.843232 0.925046 0.918751 0.899151 0.956860 0.990849 0.910820 0.947900 0.989917 0.970196 0.959086 0.948226 0.838723 0.956156 0.894733 0.839082 0.942566 0.947449 0.899895 0.940125 0.810737 0.844568
0.745734 0.888520 0.988313 0.735969 0.659913 0.589136 0.902518 0.749040 0.755762 0.780244 0.988970 0.749202 0.773437 0.681617 0.535037 0.327690 0.925814 0.877484 0.771219 0.781277 0.865316 0.899257 0.000000 0.448976 0.894136 0.831177 0.757457 0.863538 0.801637 0.703365 0.821069 0.682022 0.742752 0.911757 0.831297 0.877074 0.908950 0.928383 0.863621 0.892706 0.892108 0.872176 0.966478 0.892815 0.700551 0.759467 0.954550 0.889369 0.719746 0.655199 0.724210 0.635533 0.604455 0.737852 0.887567 0.867000 0.989722 0.758896 0.964469 0.832618 0.798874 0.764870 0.875325 0.767985 0.821627 0.910597 0.667961 0.844217 0.968144 0.649720 0.480601 0.719456 0.891203 0.968107 0.953024 0.968055 0.759778 0.998485 0.942053 0.796744 0.860332 0.809245 0.508917 0.902177 0.404171 0.440281 0.966839 0.628097 0.570844 0.464395 0.714736 0.658272 0.673923 0.785016 0.871301 0.929729 0.987716 0.953421 0.709709 0.682915 0.886062 0.753275 0.708210 0.933107 0.832523 0.846169 0.864736 0.900037 0.973782 0.806074 0.781975 0.745345 0.977960 0.931553 0.886412 0.933805
0.816581 0.818115 0.873045 0.759466 0.904453 0.766018 0.751572 0.904242 0.945268 0.809756 0.818346 0.915474 0.933705 0.902051 0.865225 0.533687 0.943850 0.965462 0.971879 0.883860 0.913314 0.786419 0.448976 0.000000 0.945191 0.993638 0.659545 0.942293 0.923271 0.979398 0.951374 0.841811 0.985279 0.866147 0.871370 0.791780 0.953914 0.791025 0.972599 0.994873 0.762746 0.888934 0.891173 0.936247 0.909976 0.956775 0.936522 0.928109 0.898258 0.647651 0.782137 0.564663 0.676496 0.621499 0.935055 0.911242 0.955434 0.760413 0.945935 0.842764 0.844897 0.906106 0.871308 0.998527 0.766223 0.887989 0.688808 0.890156 0.910168 0.625541 0.770421 0.754147 0.980649 0.936675 0.873522 0.996961 0.926440 0.998596 0.984421 0.825846 0.959375 0.893192 0.662970 0.998719 0.684398 0.467254 0.889198 0.615359 0.628351 0.529108 0.797464 0.804361 0.738125 0.722901 0.849771 0.909087 0.938909 0.998898 0.860238 0.812977 0.861135 0.808801 0.849205 0.874767 0.871022 0.836702 0.759189 0.802444 0.956892 0.754590 0.943035 0.798167 0.986493 0.776757 0.992475 0.910677
0.700314 0.985101 0.652057 0.640557 0.773528 0.790760 0.605353 0.643421 0.938513 0.609077 0.499226 0.466814 0.421542 0.453801 0.475129 0.675136 0.663540 0.667792 0.629744 0.803531 0.893561 0.997963 0.894136 0.945191 0.000000 0.492654 0.669221 0.961850 0.561411 0.556446 0.763112 0.872311 0.508403 0.649514 0.878751 0.966420 0.826918 0.764407 0.988069 0.859422 0.909253 0.911344 0.695654 0.606046 0.417844 0.451452 0.765058 0.670774 0.538583 0.780526 0.736112 0.921208 0.876680 0.924703 0.823132 0.892382 0.972144 0.942702 0.778286 0.981973 0.462548 0.519316 0.536745 0.461435 0.445232 0.750960 0.953028 0.868130 0.760796 0.909780 0.919020 0.977562 0.914440 0.906208 0.944491 0.952712 0.668665 0.870975 0.770959 0.659235 0.506780 0.716948 0.727130 0.708565 0.735431 0.963971 0.974127 0.945664 0.757885 0.929232 0.880183 0.905726 0.982702 0.641225 0.883855 0.994306 0.987451 0.908270 0.576552 0.772539 0.659704 0.823001 0.593611 0.715555 0.859289 0.871722 0.873936 0.936272 0.755675 0.941664 0.817597 0.786672 0.698670 0.805866 0.985891 0.949496
0.687195 0.818894 0.733746 0.741255 0.772656 0.913199 0.759909 0.781901 0.929443 0.810184 0.614848 0.602763 0.496639 0.585459 0.535950 0.664401 0.664995 0.773334 0.813047 0.944886 0.877378 0.894027 0.831177 0.993638 0.492654 0.000000 0.861117 0.857155 0.714887 0.648503 0.842434 0.958127 0.736687 0.796823 0.850747 0.901582 0.930904 0.807931 0.943288 0.974202 0.985939 0.975519 0.834751 0.742374 0.649142 0.659152 0.921254 0.761519 0.665257 0.794639 0.794309 0.840354 0.784768 0.939644 0.913480 0.883084 0.989080 0.865128 0.867173 0.976899 0.648002 0.689688 0.666793 0.589135 0.612480 0.590579 0.921053 0.957721 0.871428 0.925460 0.912716 0.940793 0.896638 0.828129 0.868494 0.900137 0.813819 0.834024 0.877294 0.850967 0.693849 0.848635 0.664684 0.711474 0.751005 0.935355 0.960803 0.969460 0.751567 0.898054 0.940209 0.967358 0.931377 0.819559 0.892048 0.884471 0.987317 0.957817 0.753588 0.728513 0.797073 0.955670 0.713367 0.853334 0.988389 0.897678 0.961770 0.982791 0.968545 0.993121 0.908353 0.758076 0.949563 0.994427 0.848841 0.928841
0.838982 0.937884 0.961093 0.873341 0.876728 0.883777 0.607521 0.664364 0.857610 0.697692 0.611408 0.750470 0.707638 0.755151 0.783257 0.965547 0.655891 0.660394 0.708436 0.862400 0.845553 0.884419 0.757457 0.659545 0.669221 0.861117 0.000000 0.913273 0.647951 0.686694 0.718186 0.871067 0.714617 0.582948 0.995636 0.844978 0.787426 0.700340 0.996177 0.891490 0.989624 0.953184 0.711163 0.645991 0.688139 0.668638 0.648269 0.706527 0.738099 0.886938 0.894860 0.883147 0.788402 0.798153 0.867242 0.854683 0.990235 0.911472 0.755598 0.940744 0.606135 0.779296 0.623887 0.662359 0.689470 0.884788 0.838079 0.688789 0.755929 0.845398 0.828780 0.948242 0.990229 0.994076 0.932079 0.976226 0.871098 0.907689 0.779305 0.841083 0.628292 0.724658 0.984665 0.874775 0.954554 0.896897 0.841808 0.710251 0.876040 0.731770 0.992454 0.817493 0.966501 0.644559 0.930320 0.954263 0.992454 0.949086 0.726471 0.879651 0.739681 0.989660 0.763431 0.934591 0.894204 0.940215 0.865574 0.942475 0.953537 0.708726 0.897164 0.975939 0.709643 0.876522 0.963081 0.820443
0.948615 0.914918 0.862505 0.995819 0.748221 0.881302 0.912023 0.992248 0.973550 0.928989 0.841551 0.847985 0.890971 0.946606 0.881915 0.879326 0.937450 0.973226 0.965476 0.946064 0.999410 0.933560 0.863538 0.942293 0.961850 0.857155 0.913273 0.000000 0.963259 0.942313 0.989449 0.989598 0.976016 0.945871 0.909728 0.874296 0.881932 0.805288 0.922022 0.932174 0.845882 0.970587 0.900652 0.942283 0.983524 0.932879 0.970466 0.920192 0.977034 0.980234 0.940920 0.934260 0.962851 0.975952 0.853196 0.982857 0.900217 0.963501 0.951200 0.865773 0.885469 0.974538 0.945168 0.927239 0.909337 0.920126 0.990059 0.986884 0.912321 0.854070 0.967993 0.895469 0.881826 0.867114 0.992936 0.896688 0.995634 0.993533 0.901870 0.865888 0.932132 0.863193 0.893262 0.954918 0.797942 0.782039 0.981365 0.987088 0.935330 0.903882 0.958968 0.972739 0.944602 0.979299 0.975545 0.987097 0.838790 0.972676 0.927305 0.929677 0.943605 0.983066 0.892322 0.916325 0.857640 0.883937 0.874257 0.956889 0.931905 0.932403 0.970106 0.954963 0.951963 0.838951 0.858132 0.997939
0.538512 0.657912 0.794831 0.947977 0.823590 0.640301 0.365314 0.360814 0.790560 0.454073 0.429930 0.411867 0.372868 0.451105 0.415695 0.691149 0.364329 0.379523 0.399637 0.509234 0.886778 0.868603 0.801637 0.923271 0.561411 0.714887 0.647951 0.963259 0.000000 0.293401 0.423539 0.619866 0.394261 0.317823 0.909715 0.987758 0.905549 0.734629 0.849705 0.775210 0.981248 0.918144 0.497587 0.423701 0.438984 0.372097 0.459542 0.495726 0.500111 0.672269 0.628092 0.910036 0.893982 0.927841 0.713474 0.576486 0.695369 0.715972 0.484182 0.725397 0.323009 0.490394 0.282897 0.298670 0.612106 0.931464 0.633502 0.579238 0.936337 0.719353 0.812139 0.805554 0.825114 0.956024 0.997367 0.904754 0.547788 0.923805 0.532308 0.584845 0.302774 0.355362 0.659644 0.596662 0.583682 0.807768 0.903534 0.950444 0.914462 0.972236 0.833316 0.847228 0.965664 0.621755 0.966420 0.928604 0.791251 0.895502 0.523628 0.615161 0.484790 0.728921 0.504134 0.692834 0.745505 0.808493 0.936002 0.822991 0.725745 0.722459 0.769492 0.692853 0.681007 0.711082 0.970307 0.793126
0.486609 0.616381 0.892924 0.928999 0.836049 0.697785 0.465235 0.442548 0.839539 0.539649 0.417614 0.360299 0.332982 0.384988 0.370545 0.534891 0.403529 0.358775 0.460524 0.534834 0.934317 0.917555 0.703365 0.979398 0.556446 0.648503 0.686694 0.942313 0.293401 0.000000 0.519967 0.586409 0.361073 0.345627 0.965852 0.945079 0.893869 0.789036 0.834446 0.766135 0.896883 0.989912 0.532790 0.444611 0.450997 0.393868 0.538181 0.520635 0.489203 0.649660 0.604582 0.838143 0.916086 0.928168 0.676179 0.590684 0.682337 0.679356 0.499024 0.723459 0.348052 0.504240 0.318083 0.281065 0.674146 0.902133 0.659996 0.568202 0.891626 0.657899 0.756219 0.872533 0.843027 0.886233 0.965696 0.920299 0.630898 0.812521 0.603811 0.566431 0.347156 0.418263 0.538829 0.567017 0.542427 0.739824 0.877822 0.871767 0.761370 0.949449 0.909115 0.804664 0.982297 0.611393 0.943158 0.909229 0.744937 0.972178 0.511830 0.617893 0.592226 0.799200 0.433976 0.795643 0.781197 0.754171 0.982943 0.877855 0.811402 0.805711 0.760274 0.723139 0.728260 0.712525 0.956524 0.847908
0.678554 0.752637 0.743885 0.920962 0.949618 0.667155 0.512057 0.494870 0.822806 0.504169 0.697917 0.565121 0.613175 0.669024 0.654982 0.779861 0.539068 0.506382 0.526544 0.640337 0.980116 0.956458 0.821069 0.951374 0.763112 0.842434 0.718186 0.989449 0.423539 0.519967 0.000000 0.581931 0.537893 0.489147 0.948195 0.985952 0.941159 0.812522 0.992620 0.997541 0.928313 0.953919 0.618074 0.563533 0.569316 0.555633 0.612803 0.644777 0.615842 0.723033 0.799195 0.958389 0.926893 0.883521 0.814727 0.649166 0.686965 0.786890 0.651142 0.857784 0.530617 0.637590 0.532443 0.486094 0.763248 0.943718 0.675834 0.667877 0.964166 0.802314 0.892755 0.767617 0.901313 0.987291 0.914705 0.808741 0.669908 0.958720 0.721832 0.671033 0.470066 0.571147 0.887557 0.781499 0.687752 0.862497 0.764906 0.876858 0.994616 0.987228 0.850744 0.920325 0.902432 0.819383 0.849019 0.911970 0.998274 0.917233 0.630484 0.543439 0.653813 0.708017 0.522448 0.866383 0.856917 0.875595 0.871113 0.980232 0.857640 0.792063 0.762854 0.763011 0.771544 0.872846 0.857652 0.841236
0.834421 0.938400 0.787971 0.802491 0.940964 0.830979 0.710042 0.728104 0.986949 0.792261 0.831135 0.741799 0.768917 0.745887 0.722157 0.703634 0.717409 0.631818 0.623091 0.648334 0.981847 0.988555 0.682022 0.841811 0.872311 0.958127 0.871067 0.989598 0.619866 0.586409 0.581931 0.000000 0.620919 0.669390 0.972025 0.807564 0.979273 0.963805 0.941311 0.785174 0.951331 0.994132 0.719118 0.684462 0.808426 0.711722 0.704980 0.761449 0.858300 0.838090 0.880516 0.983405 0.931686 0.860639 0.982006 0.782608 0.913934 0.981886 0.825475 0.918548 0.720692 0.863489 0.711021 0.716350 0.928608 0.870362 0.656153 0.641658 0.982203 0.890133 0.857229 0.891487 0.666238 0.830728 0.947093 0.965790 0.847442 0.998710 0.809044 0.739588 0.699737 0.593928 0.688474 0.741521 0.743865 0.703161 0.965126 0.764109 0.930428 0.771726 0.926245 0.880236 0.942497 0.850697 0.985182 0.922615 0.989806 0.950236 0.822161 0.757935 0.927821 0.943864 0.571424 0.975379 0.829098 0.829433 0.916035 0.817638 0.938118 0.950056 0.777551 0.904699 0.897175 0.964936 0.848849 0.994171
0.511471 0.736433 0.948129 0.977078 0.856584 0.611934 0.437471 0.414617 0.847214 0.465972 0.492041 0.408897 0.386704 0.468836 0.407259 0.647073 0.485805 0.463059 0.501087 0.586718 0.950860 0.865134 0.742752 0.985279 0.508403 0.736687 0.714617 0.976016 0.394261 0.361073 0.537893 0.620919 0.000000 0.443127 0.945528 0.988573 0.839687 0.868841 0.957634 0.935952 0.916955 0.953151 0.485270 0.421789 0.377332 0.368423 0.547131 0.503606 0.461055 0.672223 0.630766 0.850026 0.891222 0.914203 0.764708 0.658557 0.729531 0.751371 0.534905 0.775688 0.337260 0.480925 0.379973 0.339535 0.682585 0.970224 0.667525 0.547897 0.921576 0.654518 0.846955 0.871889 0.891120 0.863538 0.993492 0.818853 0.539532 0.742757 0.734427 0.550104 0.370093 0.491216 0.701008 0.635933 0.599506 0.731181 0.957502 0.921934 0.808221 0.929657 0.832680 0.860971 0.926582 0.629752 0.884299 0.977245 0.782694 0.947886 0.447641 0.627800 0.598453 0.826684 0.469849 0.640843 0.759980 0.861868 0.916967 0.853054 0.874981 0.834278 0.683777 0.715763 0.793046 0.784625 0.979414 0.938099
0.519968 0.586626 0.773082 0.924333 0.962469 0.640047 0.393577 0.400634 0.867271 0.469068 0.424424 0.442739 0.466355 0.524772 0.520159 0.762355 0.374058 0.412498 0.425337 0.562694 0.878935 0.856456 0.911757 0.866147 0.649514 0.796823 0.582948 0.945871 0.317823 0.345627 0.489147 0.669390 0.443127 0.000000 0.968689 0.863205 0.763637 0.801932 0.805398 0.779669 0.937430 0.982679 0.423786 0.313286 0.421442 0.368981 0.416880 0.518448 0.478906 0.632990 0.584593 0.839258 0.889129 0.969826 0.667875 0.560767 0.682776 0.756196 0.483532 0.698877 0.353561 0.543828 0.331228 0.350329 0.712079 0.958076 0.646630 0.514588 0.913054 0.727971 0.862292 0.800600 0.888435 0.923183 0.968364 0.914767 0.577888 0.823901 0.644692 0.627182 0.366590 0.386639 0.741438 0.605257 0.634993 0.779325 0.869003 0.920768 0.968616 0.924898 0.792980 0.871751 0.931652 0.611408 0.950523 0.898017 0.826088 0.984039 0.505802 0.596575 0.613423 0.738897 0.462528 0.855742 0.766879 0.856682 0.801118 0.811379 0.744662 0.727846 0.728593 0.735340 0.705153 0.811435 0.833398 0.825978
0.923035 0.928151 0.881603 0.866894 0.947355 0.788889 0.957840 0.924649 0.917583 0.942857 0.934645 0.986307 0.960550 0.932612 0.969422 0.904146 0.893862 0.986039 0.962363 0.971304 0.995180 0.835835 0.831297 0.871370 0.878751 0.850747 0.995636 0.909728 0.909715 0.965852 0.948195 0.972025 0.945528 0.968689 0.000000 0.884542 0.921227 0.916690 0.834415 0.990591 0.855599 0.932265 0.992589 0.922151 0.965456 0.994141 0.894266 0.976699 0.997734 0.894209 0.986122 0.994316 0.995464 0.938157 0.757787 0.904303 0.948287 0.872854 0.897188 0.832546 0.953771 0.967629 0.979926 0.995008 0.847614 0.874462 0.788601 0.911546 0.915309 0.945829 0.908865 0.823061 0.875618 0.913115 0.911654 0.909394 0.891061 0.892400 0.841300 0.872894 0.944662 0.926685 0.925274 0.954706 0.939538 0.846198 0.968194 0.999707 0.964269 0.987686 0.873508 0.943066 0.840607 0.893966 0.987308 0.939395 0.926044 0.808655 0.955502 0.918687 0.925182 0.855095 0.955228 0.941259 0.902448 0.986247 0.884474 0.995079 0.995663 0.776735 0.842581 0.926592 0.824415 0.927421 0.893678 0.981727
0.838516 0.867031 0.992859 0.914243 0.934071 0.976961 0.973998 0.920190 0.896848 0.944213 0.901300 0.960942 0.927510 0.997777 0.974857 0.896157 0.983368 0.930507 0.945754 0.915261 0.996531 0.816352 0.877074 0.791780 0.966420 0.901582 0.844978 0.874296 0.987758 0.945079 0.985952 0.807564 0.988573 0.863205 0.884542 0.000000 0.930587 0.885314 0.940108 0.976791 0.861101 0.965693 0.983035 0.970781 0.950570 0.969494 0.929261 0.946434 0.887256 0.877377 0.848693 0.795749 0.788113 0.801457 0.812468 0.881804 0.763214 0.677627 0.890118 0.726472 0.928244 0.932392 0.983670 0.972069 0.971694 0.917222 0.851603 0.976155 0.821262 0.662739 0.835007 0.896307 0.927683 0.998383 0.908600 0.881572 0.976569 0.965156 0.998340 0.898099 0.968553 0.928381 0.987028 0.917786 0.875454 0.965447 0.808901 0.920149 0.725511 0.921131 0.775867 0.822204 0.770759 0.708191 0.754936 0.922670 0.924448 0.926228 0.798748 0.780290 0.861037 0.924389 0.947421 0.909709 0.790914 0.897127 0.885558 0.916276 0.934430 0.976504 0.804141 0.955332 0.966452 0.794661 0.989332 0.828681
0.789386 0.953690 0.939950 0.928223 0.986373 0.823630 0.835761 0.807483 0.931434 0.762880 0.885486 0.831443 0.910426 0.867693 0.861024 0.910406 0.862099 0.881520 0.837940 0.929918 0.892766 0.881417 0.908950 0.953914 0.826918 0.930904 0.787426 0.881932 0.905549 0.893869 0.941159 0.979273 0.839687 0.763637 0.921227 0.930587 0.000000 0.919158 0.837565 0.859637 0.922603 0.827607 0.779107 0.783044 0.693653 0.721049 0.903854 0.869714 0.720862 0.791783 0.845215 0.849837 0.883136 0.830603 0.868110 0.938392 0.919248 0.897137 0.957996 0.929133 0.818412 0.790784 0.868605 0.828889 0.842432 0.895832 0.833370 0.872917 0.857008 0.966010 0.917981 0.834205 0.974392 0.987152 0.990733 0.866492 0.781099 0.885777 0.920766 0.927792 0.846849 0.902666 0.946505 0.970537 0.930549 0.918727 0.933734 0.745912 0.988229 0.955830 0.730672 0.829109 0.747046 0.974791 0.976996 0.951481 0.997833 0.994305 0.711293 0.919626 0.962090 0.870820 0.807425 0.940742 0.985647 0.977762 0.928730 0.814299 0.897398 0.868711 0.858088 0.919637 0.693974 0.905558 0.902549 0.892010
0.848583 0.953482 0.970750 0.772511 0.960587 0.967628 0.729789 0.815937 0.951198 0.858476 0.686047 0.847663 0.677428 0.789717 0.810865 0.936563 0.763513 0.890436 0.862160 0.944319 0.893372 0.997346 0.928383 0.791025 0.764407 0.807931 0.700340 0.805288 0.734629 0.789036 0.812522 0.963805 0.868841 0.801932 0.916690 0.885314 0.919158 0.000000 0.840985 0.890712 0.935742 0.960982 0.934673 0.831865 0.863753 0.870457 0.811862 0.867065 0.946338 0.994907 0.926178 0.842341 0.830072 0.819356 0.932583 0.915874 0.970003 0.986634 0.816730 0.959507 0.682029 0.860104 0.699131 0.741432 0.831651 0.937652 0.953922 0.881759 0.813367 0.882893 0.843947 0.981048 0.949100 0.776713 0.846261 0.968316 0.753949 0.877672 0.840178 0.983037 0.736297 0.783409 0.893658 0.971284 0.876472 0.964510 0.886081 0.944695 0.858725 0.986210 0.949518 0.896094 0.910328 0.776325 0.943834 0.922313 0.907497 0.907331 0.902676 0.936553 0.820449 0.854517 0.981898 0.995498 0.915760 0.908037 0.887793 0.993901 0.786929 0.927090 0.973101 0.972432 0.741561 0.916391 0.902889 0.970861
