0.000000 0.306613 0.978757 0.916564 0.813781 0.982731 0.997027 0.887889 0.948805 0.848044 0.396943 0.394207 0.857166 0.909315 0.934174 0.847622 0.359938 0.351928 0.642970 0.554085 0.764060 0.918916 0.896472 0.984395 0.986090 0.971337 0.951917 0.793614 0.562943 0.555287 0.907773 0.993809 0.577199 0.507423 0.943340 0.866493 0.737771 0.699047 0.857131 0.728988 0.542137 0.639537 0.745578 0.651704 0.807421 0.679943 0.480965 0.529426 0.613656 0.603518 0.705011 0.722557 0.996635 0.720964 0.509430 0.630703 0.279548 0.367637 0.390437 0.382973 0.509451 0.604061 0.534694 0.445564 0.948855 0.755147 0.682930 0.541785 0.407932 0.503367 0.961576 0.916071 0.625204 0.647329 0.653249 0.984435 0.922092 0.915259 0.532234 0.623091 0.342771 0.378976 0.655188 0.431985 0.584673 0.647502 0.979322 0.959947 0.827963 0.673758 0.780969 0.778077 0.863308 0.714836 0.683117 0.940734 0.803860 0.949012 0.911304 0.966539 0.923412 0.736912 0.865714 0.780007 0.640314 0.755952 0.877030 0.970875 0.977671 0.811592 0.909040 0.733449 0.901126 0.851719 0.831783 0.975464
0.306613 0.000000 0.994528 0.904273 0.758782 0.997688 0.979775 0.888565 0.922283 0.734784 0.482090 0.402051 0.828762 0.827715 0.879100 0.832072 0.429192 0.424185 0.689507 0.570578 0.814540 0.881520 0.935166 0.968998 0.949256 0.973701 0.944579 0.731512 0.528868 0.588744 0.943580 0.970739 0.566339 0.516464 0.932037 0.905629 0.786360 0.767513 0.827415 0.768036 0.578067 0.601654 0.787460 0.680303 0.829245 0.702401 0.479759 0.517799 0.641584 0.572240 0.668920 0.681409 0.942667 0.774920 0.521119 0.681472 0.291392 0.323009 0.358873 0.305510 0.491957 0.595388 0.538392 0.463186 0.916496 0.747023 0.666172 0.547800 0.383241 0.458219 0.965677 0.903691 0.597586 0.665446 0.656967 0.983980 0.929523 0.865629 0.569011 0.586483 0.377802 0.408686 0.611903 0.422375 0.544267 0.619504 0.949240 0.965468 0.826869 0.697794 0.790562 0.794631 0.885852 0.708292 0.697908 0.941463 0.838956 0.958829 0.932081 0.986773 0.934752 0.730051 0.919991 0.858351 0.655493 0.695054 0.952387 0.904315 0.977245 0.806540 0.863334 0.714628 0.994480 0.882879 0.874684 0.913031
0.978757 0.994528 0.000000 0.282933 0.810030 0.884215 0.441735 0.371664 0.472389 0.770394 0.936393 0.840015 0.570942 0.742440 0.889495 0.484934 0.829354 0.822726 0.663826 0.584918 0.778563 0.896613 0.638401 0.533588 0.352008 0.384240 0.883458 0.990547 0.864599 0.863880 0.535093 0.652594 0.667892 0.752387 0.929062 0.850237 0.658293 0.592416 0.522588 0.637572 0.932964 0.994616 0.602381 0.670286 0.980905 0.976948 0.831443 0.785625 0.892554 0.950699 0.981781 0.995714 0.943908 0.999244 0.894637 0.871421 0.987508 0.705617 0.726651 0.860779 0.966085 0.691946 0.544000 0.605351 0.361222 0.386714 0.609326 0.847035 0.854775 0.997806 0.491925 0.457950 0.813877 0.782133 0.996008 0.766867 0.590209 0.605403 0.865169 0.988947 0.778859 0.855050 0.844505 0.867294 0.929175 0.751380 0.898740 0.742044 0.781910 0.798756 0.511250 0.513449 0.452050 0.453334 0.932879 0.779364 0.802076 0.757930 0.779471 0.663546 0.833833 0.790380 0.991880 0.822788 0.670655 0.798952 0.802081 0.886119 0.997147 0.945506 0.887402 0.993082 0.954996 0.870460 0.927674 0.880544
0.916564 0.904273 0.282933 0.000000 0.716744 0.897542 0.476654 0.355067 0.545384 0.840641 0.829613 0.753374 0.608784 0.630933 0.885915 0.511701 0.911786 0.947644 0.660114 0.511027 0.740765 0.954250 0.615909 0.493437 0.334637 0.369680 0.826925 0.933722 0.958224 0.935389 0.588171 0.663597 0.588073 0.711330 0.898792 0.878424 0.596999 0.588576 0.494258 0.668393 0.981437 0.999216 0.666071 0.672046 0.971701 0.959984 0.858265 0.798608 0.935098 0.868861 0.984764 0.975395 0.957791 0.924489 0.832077 0.850618 0.911102 0.842163 0.803367 0.940208 0.981655 0.681906 0.645884 0.713235 0.336669 0.344017 0.595596 0.796662 0.754504 0.835495 0.570992 0.499498 0.903980 0.831389 0.984705 0.794658 0.678448 0.659788 0.809473 0.941950 0.880641 0.969524 0.883930 0.984686 0.817006 0.657224 0.861350 0.791710 0.750082 0.708843 0.605404 0.585778 0.483608 0.507449 0.903807 0.755597 0.862877 0.850796 0.867306 0.790157 0.804165 0.841302 0.974086 0.825804 0.588909 0.713034 0.886378 0.987065 0.987051 0.915633 0.994257 0.916905 0.961527 0.842229 0.957907 0.903465
0.813781 0.758782 0.810030 0.716744 0.000000 0.901062 0.851609 0.780656 0.866175 0.962068 0.899010 0.902279 0.947559 0.813059 0.856542 0.760424 0.925091 0.908089 0.785038 0.810726 0.731439 0.941310 0.809700 0.857011 0.803829 0.730861 0.855753 0.861030 0.784969 0.916403 0.800764 0.779757 0.714431 0.750981 0.909490 0.911148 0.787950 0.761244 0.819837 0.806701 0.857859 0.932501 0.777393 0.722409 0.860148 0.787259 0.793153 0.764382 0.793308 0.725679 0.843158 0.833211 0.892814 0.965107 0.926016 0.833512 0.814989 0.899283 0.894468 0.876506 0.990122 0.900606 0.980414 0.981450 0.728721 0.799123 0.839886 0.772695 0.857032 0.781884 0.875129 0.867434 0.795573 0.884959 0.947338 0.934621 0.817945 0.848781 0.829784 0.967782 0.874679 0.861413 0.812184 0.776783 0.805315 0.781517 0.856182 0.955764 0.880256 0.778862 0.971725 0.931469 0.921273 0.964132 0.845059 0.756247 0.977327 0.995102 0.924159 0.961224 0.801587 0.943732 0.963152 0.901965 0.851013 0.930420 0.966685 0.921794 0.988541 0.864309 0.914986 0.941849 0.998762 0.952339 0.956886 0.881778
0.982731 0.997688 0.884215 0.897542 0.901062 0.000000 0.705010 0.630886 0.880092 0.619000 0.968014 0.865351 0.881590 0.885597 0.707388 0.884846 0.920659 0.925106 0.814271 0.998298 0.863267 0.980640 0.815075 0.818441 0.935619 0.890329 0.497399 0.947624 0.998492 0.924942 0.956175 0.772688 0.831557 0.776987 0.884035 0.844955 0.958470 0.884297 0.938377 0.924716 0.929472 0.940866 0.996031 0.859098 0.792794 0.720867 0.984530 0.742728 0.735741 0.747693 0.865881 0.820067 0.790144 0.863202 0.791573 0.979511 0.823631 0.897596 0.950806 0.965696 0.813704 0.747465 0.898969 0.903940 0.835953 0.761883 0.905773 0.723501 0.894121 0.831108 0.609924 0.629044 0.662555 0.760013 0.958936 0.992536 0.817089 0.914216 0.993546 0.995807 0.905918 0.912016 0.658979 0.787759 0.728684 0.780677 0.774365 0.801549 0.784268 0.650216 0.570213 0.626121 0.638203 0.793232 0.887386 0.990853 0.635403 0.782722 0.645240 0.768324 0.753024 0.919179 0.810106 0.992833 0.920009 0.946249 0.990431 0.894969 0.971717 0.903974 0.956883 0.863465 0.752342 0.989590 0.998522 0.876070
0.997027 0.979775 0.441735 0.476654 0.851609 0.705010 0.000000 0.356369 0.544690 0.719704 0.909013 0.917622 0.713602 0.932813 0.988486 0.599373 0.963946 0.917976 0.532115 0.785097 0.914654 0.997082 0.670818 0.669873 0.617701 0.665367 0.851685 0.897770 0.974744 0.958516 0.555184 0.511589 0.521919 0.614625 0.892887 0.918701 0.940185 0.860404 0.755272 0.840751 0.960977 0.850954 0.741783 0.814123 0.984286 0.924299 0.890302 0.899162 0.835119 0.926669 0.958043 0.928689 0.976752 0.935041 0.826322 0.858977 0.985615 0.730480 0.878265 0.864034 0.859331 0.853437 0.768659 0.774664 0.630251 0.582663 0.508201 0.640755 0.986575 0.884530 0.666773 0.593398 0.779246 0.845783 0.911519 0.917730 0.745661 0.741644 0.931557 0.913149 0.903198 0.966512 0.876479 0.970720 0.862144 0.744613 0.950646 0.896659 0.918850 0.984172 0.617946 0.614153 0.591361 0.661499 0.819049 0.820869 0.737405 0.788838 0.788669 0.739645 0.920191 0.746271 0.950073 0.735467 0.745815 0.861461 0.829992 0.972932 0.916348 0.937647 0.994319 0.940607 0.842441 0.924772 0.957290 0.912364
0.887889 0.888565 0.371664 0.355067 0.780656 0.630886 0.356369 0.000000 0.581286 0.590048 0.829620 0.682328 0.704408 0.798796 0.901207 0.616687 0.978650 0.988120 0.540396 0.581848 0.897298 0.998164 0.840546 0.727555 0.530666 0.559809 0.882984 0.941451 0.989642 0.949915 0.657758 0.610241 0.548677 0.597168 0.933400 0.900967 0.787601 0.736837 0.671212 0.717928 0.876980 0.963509 0.757738 0.833073 0.873544 0.837860 0.875111 0.906460 0.771551 0.920008 0.898646 0.895018 0.905686 0.806216 0.874874 0.900205 0.950279 0.832105 0.941084 0.992033 0.854211 0.569834 0.726688 0.793809 0.591638 0.373912 0.582378 0.684166 0.921354 0.963726 0.513755 0.409990 0.739078 0.744864 0.991501 0.894802 0.702972 0.751170 0.844290 0.909881 0.945345 0.997869 0.725681 0.950936 0.986600 0.841463 0.798318 0.742297 0.894280 0.940198 0.482261 0.539498 0.423856 0.571907 0.882660 0.819941 0.655518 0.803084 0.748627 0.699584 0.721712 0.812761 0.876384 0.813858 0.656247 0.726867 0.868197 0.962430 0.980441 0.947427 0.987341 0.980194 0.926615 0.915514 0.917923 0.947588
0.948805 0.922283 0.472389 0.545384 0.866175 0.880092 0.544690 0.581286 0.000000 0.677983 0.988219 0.871530 0.609870 0.840414 0.887860 0.500955 0.825475 0.774679 0.668917 0.818792 0.808701 0.961764 0.683515 0.757418 0.646429 0.500902 0.970973 0.943472 0.935279 0.906927 0.488529 0.668842 0.686453 0.769358 0.856930 0.944655 0.755237 0.798168 0.661403 0.750465 0.818517 0.944393 0.560740 0.650389 0.764719 0.863158 0.787643 0.910894 0.922663 0.866358 0.802683 0.883241 0.812799 0.754579 0.976934 0.796026 0.904323 0.646423 0.768502 0.750722 0.979256 0.781153 0.607806 0.638951 0.548555 0.614372 0.644300 0.849782 0.919473 0.972163 0.526604 0.526535 0.931364 0.847653 0.885987 0.709076 0.508703 0.602665 0.907254 0.978161 0.802678 0.824047 0.857135 0.885519 0.997543 0.848319 0.904880 0.716922 0.859982 0.949492 0.531762 0.508928 0.526097 0.533447 0.875832 0.805396 0.790100 0.723614 0.657113 0.637285 0.904735 0.632616 0.818913 0.965954 0.809380 0.967010 0.822429 0.890959 0.907723 0.980210 0.986668 0.823128 0.893867 0.813197 0.937242 0.882281
0.848044 0.734784 0.770394 0.840641 0.962068 0.619000 0.719704 0.590048 0.677983 0.000000 0.974350 0.886169 0.911419 0.994761 0.629874 0.928890 0.938308 0.820938 0.832013 0.951199 0.912277 0.803684 0.809655 0.853734 0.987159 0.889978 0.745398 0.722410 0.950150 0.994699 0.975536 0.945379 0.999105 0.967344 0.950727 0.948291 0.947441 0.947298 0.935753 0.933558 0.900409 0.900133 0.970151 0.816970 0.788271 0.713007 0.819437 0.710960 0.693919 0.635672 0.742918 0.685080 0.790689 0.947553 0.766794 0.904921 0.686397 0.639198 0.777912 0.744225 0.978274 0.746116 0.726080 0.737892 0.926818 0.768021 0.978917 0.941541 0.799066 0.666577 0.579884 0.590688 0.858776 0.842870 0.880886 0.885732 0.757420 0.942660 0.961560 0.835689 0.764626 0.753367 0.559930 0.694094 0.521449 0.670722 0.800550 0.654928 0.960994 0.770469 0.474489 0.515658 0.533811 0.614704 0.936860 0.898428 0.723728 0.753053 0.731934 0.834789 0.714887 0.795835 0.664550 0.968723 0.999844 0.989440 0.963295 0.949182 0.864610 0.957367 0.872148 0.939494 0.888421 0.834572 0.938463 0.977957
0.396943 0.482090 0.936393 0.829613 0.899010 0.968014 0.909013 0.829620 0.988219 0.974350 0.000000 0.436808 0.822487 0.879084 0.965817 0.946835 0.407753 0.316538 0.587727 0.592614 0.854973 0.989682 0.856545 0.981891 0.983769 0.970855 0.910955 0.943172 0.497616 0.420246 0.907316 0.998085 0.644265 0.527120 0.983162 0.838219 0.793979 0.735891 0.836683 0.837244 0.622731 0.727249 0.983393 0.884718 0.974344 0.895493 0.661009 0.681383 0.887776 0.866242 0.908549 0.988270 0.840657 0.628364 0.602475 0.791209 0.443717 0.455886 0.583224 0.500348 0.453074 0.603264 0.522852 0.450664 0.973689 0.715741 0.716483 0.652319 0.438817 0.538895 0.975940 0.883402 0.729873 0.733999 0.774190 0.934481 0.963693 0.984134 0.555699 0.665147 0.456842 0.399871 0.726541 0.476760 0.728853 0.690668 0.976559 0.970029 0.794399 0.715013 0.831114 0.798402 0.913005 0.788620 0.696274 0.989688 0.891305 0.974801 0.961112 0.820629 0.879665 0.875217 0.976469 0.831963 0.743439 0.803880 0.732456 0.902179 0.891857 0.794739 0.830645 0.881098 0.998456 0.959397 0.871877 0.955713
0.394207 0.402051 0.840015 0.753374 0.902279 0.865351 0.917622 0.682328 0.871530 0.886169 0.436808 0.000000 0.695042 0.749217 0.986072 0.750063 0.465911 0.492484 0.664185 0.569319 0.841393 0.938037 0.820375 0.976637 0.908323 0.861712 0.979477 0.940007 0.566556 0.583132 0.927312 0.928890 0.616838 0.532186 0.932926 0.863644 0.726023 0.727129 0.781439 0.725756 0.608003 0.639609 0.838069 0.801080 0.960520 0.873980 0.563087 0.692517 0.838973 0.771754 0.794921 0.860891 0.929708 0.745680 0.634621 0.722378 0.481229 0.522157 0.534563 0.464266 0.443479 0.380228 0.679061 0.575230 0.920822 0.554035 0.715143 0.616945 0.462192 0.554421 0.741316 0.666443 0.565840 0.556571 0.668753 0.871199 0.873004 0.836365 0.536342 0.675808 0.505537 0.538362 0.883150 0.583085 0.818752 0.745823 0.880389 0.777979 0.783535 0.836376 0.882128 0.932427 0.835091 0.927317 0.776563 0.984703 0.702860 0.938206 0.886377 0.936789 0.972741 0.972052 0.750621 0.784598 0.627444 0.667866 0.846814 0.964395 0.979881 0.746756 0.889818 0.711472 0.933296 0.944047 0.890196 0.931091
0.857166 0.828762 0.570942 0.608784 0.947559 0.881590 0.713602 0.704408 0.609870 0.911419 0.822487 0.695042 0.000000 0.696397 0.591710 0.426673 0.949280 0.943715 0.796356 0.803801 0.797311 0.857881 0.659641 0.597160 0.638494 0.650750 0.850917 0.948214 0.944066 0.985648 0.667105 0.707806 0.675587 0.730443 0.905839 0.918511 0.676566 0.660031 0.637932 0.715098 0.945683 0.763700 0.714692 0.690063 0.847242 0.893645 0.741591 0.831753 0.858476 0.746820 0.619427 0.702130 0.705969 0.767061 0.836624 0.747883 0.839584 0.998117 0.955428 0.973386 0.751346 0.685394 0.895591 0.917547 0.573905 0.607740 0.719003 0.831126 0.689300 0.704143 0.665139 0.733633 0.859398 0.790130 0.733372 0.794676 0.599295 0.605805 0.805030 0.823215 0.963611 0.901281 0.901440 0.893406 0.765413 0.607655 0.956960 0.954319 0.656690 0.866742 0.647082 0.585774 0.632681 0.669637 0.782362 0.915278 0.842089 0.760518 0.808176 0.798810 0.997158 0.789525 0.930256 0.983417 0.676684 0.795432 0.993299 0.903783 0.984791 0.822405 0.981819 0.814160 0.863607 0.982489 0.830273 0.924063
0.909315 0.827715 0.742440 0.630933 0.813059 0.885597 0.932813 0.798796 0.840414 0.994761 0.879084 0.749217 0.696397 0.000000 0.649724 0.639385 0.864124 0.975891 0.832581 0.700234 0.960973 0.818421 0.623678 0.613401 0.754443 0.746221 0.754829 0.916696 0.890805 0.955220 0.875066 0.779226 0.726726 0.909453 0.828122 0.968356 0.804168 0.738803 0.838733 0.865069 0.906734 0.893259 0.838585 0.761884 0.844270 0.812649 0.909913 0.813763 0.820253 0.641872 0.759703 0.646643 0.789748 0.783832 0.910437 0.977355 0.903256 0.899739 0.955369 0.862916 0.984221 0.811637 0.921842 0.946099 0.681827 0.716488 0.980385 0.929953 0.778013 0.609300 0.911011 0.906282 0.984806 0.858342 0.902224 0.823207 0.782820 0.829448 0.704643 0.975132 0.943440 0.969862 0.812328 0.808583 0.842966 0.732751 0.926117 0.974600 0.928328 0.692523 0.916762 0.861707 0.807627 0.866038 0.960053 0.979113 0.992046 0.939950 0.923123 0.953030 0.980529 0.990939 0.871740 0.991961 0.693869 0.750468 0.942489 0.987563 0.919190 0.850745 0.820621 0.945372 0.916574 0.966702 0.810825 0.956554
0.934174 0.879100 0.889495 0.885915 0.856542 0.707388 0.988486 0.901207 0.887860 0.629874 0.965817 0.986072 0.591710 0.649724 0.000000 0.638733 0.850857 0.991354 0.920054 0.955474 0.852184 0.969201 0.483508 0.615630 0.860522 0.816247 0.605160 0.850153 0.932136 0.934671 0.710134 0.774414 0.800332 0.961470 0.853590 0.980243 0.837771 0.878322 0.771558 0.962246 0.959168 0.938215 0.819688 0.680932 0.655603 0.629276 0.809225 0.797639 0.644263 0.525848 0.545277 0.520193 0.524940 0.619491 0.699801 0.829421 0.829993 0.904694 0.998111 0.977488 0.946278 0.882258 0.879281 0.932013 0.702420 0.926768 0.889133 0.937116 0.802048 0.630473 0.835759 0.784195 0.905959 0.866936 0.832547 0.990624 0.906518 0.868717 0.856363 0.926483 0.860979 0.806229 0.545976 0.745818 0.588012 0.549535 0.858714 0.699971 0.827592 0.728750 0.831385 0.929766 0.901768 0.918301 0.896423 0.982831 0.861884 0.889320 0.857192 0.989781 0.720106 0.931931 0.867909 0.994238 0.890685 0.977675 0.963094 0.990278 0.820090 0.948916 0.883773 0.985547 0.998778 0.997378 0.811056 0.988440
0.847622 0.832072 0.484934 0.511701 0.760424 0.884846 0.599373 0.616687 0.500955 0.928890 0.946835 0.750063 0.426673 0.639385 0.638733 0.000000 0.950328 0.934294 0.694197 0.667024 0.776147 0.843219 0.531981 0.545072 0.553851 0.521245 0.881305 0.930540 0.959142 0.983914 0.490093 0.566804 0.560343 0.678568 0.875418 0.989982 0.712521 0.622146 0.609552 0.666234 0.987580 0.925505 0.523680 0.535816 0.690345 0.743391 0.657402 0.752395 0.778154 0.685681 0.606513 0.668380 0.665185 0.751758 0.773272 0.650497 0.829189 0.911242 0.960415 0.941677 0.838134 0.734794 0.767839 0.812478 0.473225 0.586078 0.607800 0.731378 0.715149 0.777621 0.626716 0.624766 0.810715 0.747716 0.791637 0.769887 0.512907 0.604222 0.710814 0.915389 0.998483 0.942425 0.844650 0.857453 0.737665 0.624671 0.897447 0.864814 0.808783 0.779209 0.665482 0.635466 0.656059 0.688286 0.847383 0.780750 0.840804 0.863453 0.758536 0.653293 0.960640 0.755090 0.861777 0.974645 0.642849 0.743672 0.910405 0.800224 0.955195 0.870620 0.987753 0.843334 0.805074 0.976200 0.789980 0.776363
0.359938 0.429192 0.829354 0.911786 0.925091 0.920659 0.963946 0.978650 0.825475 0.938308 0.407753 0.465911 0.949280 0.864124 0.850857 0.950328 0.000000 0.297614 0.677688 0.684107 0.882035 0.929327 0.642252 0.804731 0.794822 0.799095 0.898894 0.895978 0.496632 0.422724 0.919292 0.878472 0.776045 0.579301 0.925701 0.820069 0.910937 0.898138 0.997193 0.893022 0.591485 0.758991 0.948616 0.949053 0.967933 0.921864 0.662045 0.747217 0.879964 0.930273 0.986037 0.932011 0.714607 0.511212 0.646575 0.758729 0.400996 0.384081 0.418268 0.461260 0.455767 0.681302 0.418408 0.362864 0.796680 0.886384 0.793992 0.625394 0.518236 0.723650 0.963048 0.943746 0.644519 0.746395 0.765440 0.921519 0.894587 0.893085 0.620001 0.649581 0.358164 0.367346 0.735661 0.503872 0.788312 0.860904 0.944508 0.983719 0.878147 0.859949 0.713557 0.655546 0.731329 0.599290 0.704951 0.873078 0.835123 0.982709 0.966795 0.868874 0.870005 0.718566 0.927862 0.761585 0.883351 0.792942 0.819162 0.956075 0.947040 0.849192 0.945784 0.763819 0.929622 0.985730 0.961501 0.943013
0.351928 0.424185 0.822726 0.947644 0.908089 0.925106 0.917976 0.988120 0.774679 0.820938 0.316538 0.492484 0.943715 0.975891 0.991354 0.934294 0.297614 0.000000 0.680916 0.653371 0.944298 0.978121 0.782287 0.915523 0.800853 0.796927 0.944128 0.851664 0.437200 0.366355 0.920984 0.912103 0.730744 0.573585 0.965515 0.862829 0.883786 0.894630 0.986822 0.902126 0.552736 0.762081 0.921162 0.931560 0.969380 0.846326 0.625383 0.666617 0.828031 0.844698 0.919244 0.977002 0.839033 0.554396 0.577137 0.802102 0.370683 0.332451 0.454280 0.429401 0.459987 0.750124 0.355241 0.302384 0.860645 0.910431 0.835424 0.675147 0.497966 0.590884 0.828640 0.937840 0.722069 0.832808 0.810486 0.913056 0.798871 0.868219 0.569360 0.633858 0.351568 0.310810 0.601234 0.414785 0.669943 0.726052 0.936571 0.854190 0.876329 0.742883 0.612551 0.554157 0.658408 0.562353 0.715468 0.909257 0.987622 0.910462 0.874730 0.807151 0.791463 0.698687 0.997528 0.801602 0.865783 0.793391 0.714440 0.859006 0.895689 0.858593 0.850273 0.861817 0.883172 0.977704 0.914953 0.884730
0.642970 0.689507 0.663826 0.660114 0.785038 0.814271 0.532115 0.540396 0.668917 0.832013 0.587727 0.664185 0.796356 0.832581 0.920054 0.694197 0.677688 0.680916 0.000000 0.572459 0.870229 0.998639 0.851219 0.884688 0.907183 0.812184 0.888973 0.965113 0.641409 0.574784 0.661966 0.646963 0.550059 0.436205 0.858309 0.988999 0.926443 0.838414 0.795686 0.874118 0.810858 0.896465 0.800242 0.826426 0.902522 0.906742 0.706031 0.804750 0.961885 0.897898 0.966339 0.957991 0.964351 0.817912 0.758242 0.870215 0.739587 0.882489 0.792061 0.777058 0.625116 0.754855 0.884399 0.863182 0.843192 0.655877 0.550372 0.566764 0.713052 0.835133 0.737409 0.684757 0.676286 0.697545 0.815684 0.999617 0.833739 0.816569 0.671590 0.816350 0.787930 0.704463 0.898896 0.750500 0.825039 0.792863 0.914307 0.998863 0.932271 0.880609 0.883619 0.888748 0.790657 0.939767 0.714009 0.960230 0.737321 0.944819 0.883349 0.834547 0.950908 0.996117 0.956481 0.991891 0.784546 0.878377 0.981995 0.934001 0.962865 0.969890 0.865764 0.920864 0.937909 0.851067 0.842597 0.919272
0.554085 0.570578 0.584918 0.511027 0.810726 0.998298 0.785097 0.581848 0.818792 0.951199 0.592614 0.569319 0.803801 0.700234 0.955474 0.667024 0.684107 0.653371 0.572459 0.000000 0.771316 0.943503 0.898812 0.747576 0.654332 0.656405 0.882158 0.870283 0.716565 0.732239 0.796379 0.836637 0.636318 0.655791 0.896733 0.853499 0.723494 0.567558 0.716947 0.744753 0.689196 0.784718 0.765124 0.719452 0.991051 0.935025 0.704100 0.721223 0.931448 0.787354 0.965189 0.952325 0.912971 0.723295 0.697432 0.797738 0.604959 0.779158 0.842692 0.733363 0.793281 0.644003 0.990435 0.916891 0.643411 0.498682 0.683182 0.720588 0.536918 0.694289 0.728069 0.603727 0.792635 0.729728 0.900480 0.947811 0.833334 0.877096 0.652014 0.912552 0.808349 0.741950 0.874812 0.770619 0.795462 0.754975 0.975609 0.979488 0.807793 0.607424 0.933299 0.943301 0.815464 0.868692 0.794446 0.971155 0.872189 0.917526 0.962297 0.908330 0.977361 0.845787 0.971798 0.999174 0.586937 0.662323 0.945014 0.958294 0.901499 0.893563 0.876017 0.902594 0.959250 0.863302 0.968445 0.999839
0.764060 0.814540 0.778563 0.740765 0.731439 0.863267 0.914654 0.897298 0.808701 0.912277 0.854973 0.841393 0.797311 0.960973 0.852184 0.776147 0.882035 0.944298 0.870229 0.771316 0.000000 0.877276 0.887671 0.917097 0.854408 0.718586 0.898755 0.797143 0.998736 0.954341 0.751169 0.973126 0.833281 0.805868 0.867372 0.839453 0.645592 0.819618 0.674348 0.760723 0.988213 0.876799 0.695852 0.716919 0.846594 0.844042 0.735144 0.774991 0.812980 0.804287 0.844280 0.861481 0.947279 0.982885 0.974080 0.883336 0.854324 0.890774 0.892721 0.879476 0.933387 0.792400 0.918188 0.967119 0.768139 0.784560 0.749591 0.739268 0.738545 0.755752 0.770352 0.844302 0.814445 0.793119 0.991706 0.826304 0.780160 0.812416 0.863187 0.907780 0.886716 0.916813 0.966849 0.962331 0.858221 0.808683 0.970752 0.828340 0.953511 0.837921 0.918588 0.847584 0.882943 0.908787 0.851798 0.945460 0.870051 0.897111 0.819770 0.872044 0.848450 0.936724 0.938946 0.732224 0.736126 0.904545 0.931609 0.989184 0.888949 0.928281 0.983153 0.908033 0.910124 0.990601 0.945406 0.786084
0.918916 0.881520 0.896613 0.954250 0.941310 0.980640 0.997082 0.998164 0.961764 0.803684 0.989682 0.938037 0.857881 0.818421 0.969201 0.843219 0.929327 0.978121 0.998639 0.943503 0.877276 0.000000 0.962622 0.941995 0.881244 0.927664 0.964702 0.969803 0.925747 0.905838 0.842041 0.929532 0.942319 0.859819 0.862410 0.965675 0.683537 0.846645 0.934796 0.812451 0.869673 0.951094 0.765911 0.807437 0.800656 0.829627 0.761880 0.783857 0.870453 0.933197 0.808749 0.893467 0.835477 0.923788 0.801301 0.811643 0.881018 0.961363 0.968993 0.999180 0.947879 0.971653 0.960167 0.985934 0.883581 0.963021 0.840999 0.920750 0.940468 0.935215 0.800061 0.942985 0.952967 0.956764 0.800615 0.955731 0.971871 0.884131 0.913916 0.900109 0.911571 0.854252 0.901923 0.888385 0.807935 0.846950 0.971874 0.971052 0.915095 0.966015 0.973182 0.943073 0.946978 0.954512 0.995504 0.888149 0.902728 0.988295 0.825308 0.943919 0.962729 0.907048 0.949626 0.833218 0.972502 0.999544 0.984551 0.951588 0.945085 0.973415 0.927634 0.956450 0.970805 0.989582 0.957887 0.827211
0.896472 0.935166 0.638401 0.615909 0.809700 0.815075 0.670818 0.840546 0.683515 0.809655 0.856545 0.820375 0.659641 0.623678 0.483508 0.531981 0.642252 0.782287 0.851219 0.898812 0.887671 0.962622 0.000000 0.372288 0.607577 0.641971 0.632280 0.793176 0.820438 0.823447 0.627406 0.657654 0.698854 0.964348 0.791610 0.866825 0.863242 0.852582 0.761371 0.901899 0.849450 0.864189 0.635068 0.573196 0.618829 0.681931 0.893136 0.741902 0.753785 0.606368 0.671592 0.567405 0.479276 0.569669 0.829162 0.821182 0.995620 0.799608 0.784657 0.798452 0.795303 0.779610 0.758562 0.722919 0.456780 0.917740 0.699644 0.953686 0.952849 0.822728 0.970574 0.952389 0.854635 0.832718 0.944861 0.884136 0.730385 0.691925 0.989518 0.996654 0.848093 0.955300 0.747130 0.904282 0.562149 0.487938 0.933964 0.817376 0.813389 0.669249 0.921226 0.849660 0.880692 0.830885 0.992927 0.835156 0.829297 0.982505 0.986757 0.748504 0.905765 0.828073 0.896801 0.830890 0.751323 0.934505 0.834985 0.929435 0.976084 0.955276 0.936027 0.923915 0.863711 0.936138 0.854149 0.865748
0.984395 0.968998 0.533588 0.493437 0.857011 0.818441 0.669873 0.727555 0.757418 0.853734 0.981891 0.976637 0.597160 0.613401 0.615630 0.545072 0.804731 0.915523 0.884688 0.747576 0.917097 0.941995 0.372288 0.000000 0.442241 0.631014 0.619850 0.923036 0.870128 0.889078 0.729386 0.714773 0.763196 0.885187 0.838304 0.984958 0.753622 0.752110 0.658553 0.842657 0.937905 0.997090 0.700717 0.598213 0.761124 0.808758 0.870735 0.679459 0.872354 0.692186 0.780129 0.742740 0.644135 0.781614 0.809504 0.821415 0.880685 0.875465 0.795347 0.877115 0.859857 0.963099 0.762623 0.785201 0.400769 0.738900 0.648231 0.993355 0.876683 0.841740 0.904445 0.914238 0.903661 0.857301 0.955323 0.927031 0.735601 0.670181 0.965438 0.900812 0.954090 0.951065 0.826113 0.828051 0.603834 0.445015 0.979369 0.881604 0.665018 0.613515 0.878360 0.866809 0.841032 0.796379 0.924696 0.796838 0.887747 0.915309 0.971087 0.762963 0.935017 0.912079 0.885656 0.867167 0.677144 0.754930 0.930865 0.981309 0.977230 0.903609 0.957888 0.936269 0.974864 0.938726 0.905039 0.910217
0.986090 0.949256 0.352008 0.334637 0.803829 0.935619 0.617701 0.530666 0.646429 0.987159 0.983769 0.908323 0.638494 0.754443 0.860522 0.553851 0.794822 0.800853 0.907183 0.654332 0.854408 0.881244 0.607577 0.442241 0.000000 0.384781 0.759205 0.925612 0.771412 0.692367 0.631157 0.751347 0.692223 0.863472 0.885721 0.839983 0.641937 0.595138 0.568451 0.620687 0.975199 0.991638 0.600365 0.610497 0.974995 0.982567 0.864116 0.721969 0.997111 0.820051 0.916765 0.902426 0.886254 0.990892 0.830822 0.851074 0.900546 0.807193 0.745291 0.891616 0.814098 0.801404 0.546674 0.627617 0.278501 0.459119 0.651780 0.934468 0.801798 0.917059 0.631380 0.637168 0.997142 0.926978 0.907256 0.832901 0.632245 0.638773 0.962401 0.924228 0.840435 0.870581 0.929038 0.970518 0.769395 0.634774 0.986302 0.797416 0.728429 0.688341 0.677953 0.659999 0.579697 0.530465 0.978805 0.783934 0.899344 0.836617 0.883744 0.763851 0.820430 0.902650 0.952704 0.746232 0.584611 0.766226 0.761071 0.944476 0.968157 0.936320 0.906475 0.929746 0.989528 0.991372 0.992403 0.833342
0.971337 0.973701 0.384240 0.369680 0.730861 0.890329 0.665367 0.559809 0.500902 0.889978 0.970855 0.861712 0.650750 0.746221 0.816247 0.521245 0.799095 0.796927 0.812184 0.656405 0.718586 0.927664 0.641971 0.631014 0.384781 0.000000 0.802933 0.871515 0.891568 0.789173 0.600004 0.704820 0.689700 0.875875 0.765158 0.854478 0.596054 0.673285 0.563700 0.589359 0.930552 0.961460 0.591172 0.660491 0.929409 0.926510 0.831216 0.833137 0.956897 0.773697 0.869150 0.864945 0.882237 0.929354 0.865182 0.867342 0.977509 0.778720 0.723724 0.871295 0.848928 0.777582 0.564631 0.615571 0.382666 0.489206 0.709655 0.898218 0.819743 0.878897 0.578187 0.584914 0.912520 0.876265 0.929211 0.782900 0.561825 0.599635 0.911875 0.963263 0.830702 0.808729 0.911251 0.918864 0.894506 0.754353 0.883362 0.763940 0.877435 0.755393 0.592065 0.559363 0.501017 0.504522 0.861699 0.846327 0.812652 0.812568 0.802566 0.699749 0.845597 0.840781 0.940016 0.912095 0.611562 0.816873 0.798051 0.859739 0.972591 0.911587 0.965099 0.950096 0.944290 0.847309 0.957409 0.878051
0.951917 0.944579 0.883458 0.826925 0.855753 0.497399 0.851685 0.882984 0.970973 0.745398 0.910955 0.979477 0.850917 0.754829 0.605160 0.881305 0.898894 0.944128 0.888973 0.882158 0.898755 0.964702 0.632280 0.619850 0.759205 0.802933 0.000000 0.729572 0.926807 0.984141 0.932413 0.949891 0.987363 0.900528 0.841656 0.878387 0.796925 0.827258 0.842184 0.926039 0.944222 0.916009 0.902381 0.786433 0.843364 0.807645 0.975520 0.743325 0.791528 0.698141 0.870068 0.815785 0.703110 0.838563 0.826744 0.931353 0.860288 0.954729 0.858121 0.934225 0.813841 0.863771 0.986511 0.963083 0.624282 0.978677 0.987760 0.751011 0.845994 0.755562 0.839277 0.788503 0.802072 0.830874 0.859466 0.910127 0.940198 0.912180 0.996798 0.976394 0.953108 0.935233 0.688878 0.767808 0.724390 0.655914 0.961747 0.888524 0.729395 0.651656 0.849202 0.876674 0.884844 0.979731 0.902206 0.890001 0.742444 0.840566 0.798439 0.940883 0.837007 0.938784 0.840790 0.979341 0.905266 0.909619 0.936425 0.932157 0.913560 0.922667 0.946416 0.992818 0.761067 0.961992 0.969517 0.962338
0.793614 0.731512 0.990547 0.933722 0.861030 0.947624 0.897770 0.941451 0.943472 0.722410 0.943172 0.940007 0.948214 0.916696 0.850153 0.930540 0.895978 0.851664 0.965113 0.870283 0.797143 0.969803 0.793176 0.923036 0.925612 0.871515 0.729572 0.000000 0.882079 0.968457 0.979552 0.878101 0.837156 0.973859 0.842057 0.966632 0.887926 0.996945 0.932747 0.793096 0.956831 0.870110 0.887959 0.794237 0.874986 0.828056 0.904696 0.763434 0.753822 0.702272 0.808204 0.725249 0.809891 0.976276 0.776231 0.878128 0.778371 0.731994 0.849656 0.846421 0.937661 0.921877 0.884088 0.854148 0.836989 0.985712 0.966736 0.911826 0.787312 0.742160 0.854029 0.861312 0.975350 0.950271 0.936409 0.853730 0.900160 0.930678 0.855028 0.842229 0.852210 0.817373 0.732476 0.786405 0.658927 0.702105 0.893563 0.845330 0.975164 0.715240 0.816036 0.873798 0.861033 0.961749 0.883466 0.805029 0.792894 0.949152 0.941925 0.965832 0.888410 0.917739 0.862010 0.991778 0.961169 0.984931 0.973349 0.931878 0.867666 0.928969 0.891692 0.962194 0.951773 0.952880 0.922153 0.970485
0.562943 0.528868 0.864599 0.958224 0.784969 0.998492 0.974744 0.989642 0.935279 0.950150 0.497616 0.566556 0.944066 0.890805 0.932136 0.959142 0.496632 0.437200 0.641409 0.716565 0.998736 0.925747 0.820438 0.870128 0.771412 0.891568 0.926807 0.882079 0.000000 0.419315 0.985694 0.987057 0.712633 0.600586 0.966734 0.912411 0.937162 0.986540 0.979353 0.923709 0.681141 0.720760 0.885365 0.967520 0.969447 0.870639 0.809031 0.842059 0.828530 0.815247 0.936628 0.992349 0.920367 0.768228 0.674934 0.918106 0.625563 0.548381 0.628957 0.597661 0.585944 0.880453 0.489080 0.523472 0.817760 0.998264 0.891469 0.791939 0.642529 0.725736 0.884357 0.992107 0.726113 0.892657 0.819919 0.853071 0.893133 0.932762 0.673995 0.834612 0.517145 0.526688 0.645249 0.532216 0.862885 0.857220 0.972611 0.951762 0.944874 0.847149 0.733380 0.753133 0.867800 0.738076 0.790867 0.885008 0.988452 0.875401 0.908333 0.768485 0.747849 0.780998 0.970190 0.834193 0.984979 0.912163 0.700558 0.998932 0.867670 0.904715 0.783286 0.897723 0.879138 0.916595 0.980615 0.747667
0.555287 0.588744 0.863880 0.935389 0.916403 0.924942 0.958516 0.949915 0.906927 0.994699 0.420246 0.583132 0.985648 0.955220 0.934671 0.983914 0.422724 0.366355 0.574784 0.732239 0.954341 0.905838 0.823447 0.889078 0.692367 0.789173 0.984141 0.968457 0.419315 0.000000 0.945202 0.949397 0.752652 0.605312 0.958575 0.952971 0.968309 0.978871 0.941587 0.931981 0.699765 0.772268 0.865695 0.980890 0.919912 0.869710 0.749738 0.881511 0.918311 0.934655 0.964656 0.980588 0.868922 0.729005 0.690189 0.876114 0.616400 0.547133 0.541629 0.569507 0.464635 0.829273 0.428455 0.443920 0.743978 0.989555 0.760564 0.692195 0.676264 0.752203 0.927336 0.977197 0.652690 0.838436 0.835806 0.928461 0.894241 0.964973 0.655889 0.790483 0.505666 0.442666 0.702139 0.547869 0.876671 0.850814 0.936767 0.811924 0.999647 0.865466 0.759441 0.695271 0.782232 0.667248 0.718616 0.961204 0.850586 0.925593 0.972684 0.880802 0.765580 0.860834 0.917287 0.768362 0.959267 0.877211 0.680701 0.999120 0.847381 0.840082 0.758256 0.833138 0.924034 0.896360 0.857647 0.960899
0.907773 0.943580 0.535093 0.588171 0.800764 0.956175 0.555184 0.657758 0.488529 0.975536 0.907316 0.927312 0.667105 0.875066 0.710134 0.490093 0.919292 0.920984 0.661966 0.796379 0.751169 0.842041 0.627406 0.729386 0.631157 0.600004 0.932413 0.979552 0.985694 0.945202 0.000000 0.591641 0.595174 0.692890 0.948556 0.999278 0.748606 0.694860 0.689000 0.741135 0.961831 0.939096 0.546884 0.534540 0.652292 0.716054 0.733154 0.799318 0.800518 0.738038 0.662411 0.751562 0.755749 0.781471 0.674933 0.797817 0.912635 0.837608 0.924121 0.906978 0.936413 0.880995 0.780480 0.813595 0.588151 0.718803 0.540407 0.729240 0.860833 0.880319 0.669118 0.717514 0.829710 0.849413 0.840481 0.832113 0.551389 0.646163 0.744786 0.876063 0.988735 0.965425 0.888632 0.976608 0.824161 0.719071 0.934022 0.784490 0.924335 0.860291 0.763935 0.697638 0.685564 0.674080 0.906976 0.918090 0.855347 0.922358 0.727663 0.750729 0.988173 0.712746 0.906488 0.952821 0.799934 0.986692 0.923323 0.875448 0.947214 0.953586 0.994510 0.943520 0.851865 0.981455 0.866410 0.824517
0.993809 0.970739 0.652594 0.663597 0.779757 0.772688 0.511589 0.610241 0.668842 0.945379 0.998085 0.928890 0.707806 0.779226 0.774414 0.566804 0.878472 0.912103 0.646963 0.836637 0.973126 0.929532 0.657654 0.714773 0.751347 0.704820 0.949891 0.878101 0.987057 0.949397 0.591641 0.000000 0.659161 0.743581 0.949097 0.924096 0.960996 0.902300 0.842381 0.915963 0.942204 0.917829 0.718660 0.785553 0.864060 0.876693 0.783984 0.950419 0.960544 0.817986 0.833536 0.819844 0.848418 0.872554 0.842263 0.930861 0.994734 0.848132 0.971993 0.964657 0.898372 0.980400 0.873321 0.835436 0.720078 0.763190 0.668531 0.744799 0.932992 0.897596 0.834954 0.841404 0.808314 0.891326 0.878930 0.870151 0.786810 0.790553 0.852218 0.915382 0.913518 0.997118 0.967522 0.993564 0.865550 0.781572 0.787519 0.935397 0.976717 0.962763 0.787704 0.702842 0.706797 0.818907 0.833663 0.986126 0.872599 0.997045 0.880538 0.753727 0.943787 0.855609 0.932623 0.902356 0.711411 0.853043 0.965483 0.929836 0.953380 0.946551 0.947655 0.957898 0.858781 0.934870 0.789355 0.947289
0.577199 0.566339 0.667892 0.588073 0.714431 0.831557 0.521919 0.548677 0.686453 0.999105 0.644265 0.616838 0.675587 0.726726 0.800332 0.560343 0.776045 0.730744 0.550059 0.636318 0.833281 0.942319 0.698854 0.763196 0.692223 0.689700 0.987363 0.837156 0.712633 0.752652 0.595174 0.659161 0.000000 0.442542 0.931951 0.943478 0.816372 0.757209 0.787717 0.707863 0.722545 0.857501 0.587636 0.582145 0.740581 0.727619 0.609993 0.597830 0.746614 0.638132 0.689932 0.698542 0.826164 0.972496 0.566532 0.633149 0.578727 0.773096 0.720927 0.680149 0.666442 0.677132 0.901616 0.877410 0.641883 0.576569 0.507257 0.500291 0.632530 0.686899 0.783826 0.747166 0.666293 0.690462 0.750197 0.867143 0.727791 0.657870 0.671177 0.781905 0.713137 0.657039 0.731728 0.656908 0.574441 0.526687 0.963399 0.928144 0.855437 0.675716 0.866944 0.847456 0.765754 0.902168 0.773030 0.806986 0.754114 0.767157 0.751474 0.840156 0.990490 0.941395 0.835350 0.938580 0.544825 0.706797 0.992833 0.920377 0.903610 0.773355 0.894618 0.890315 0.836525 0.993685 0.805011 0.927019
0.507423 0.516464 0.752387 0.711330 0.750981 0.776987 0.614625 0.597168 0.769358 0.967344 0.527120 0.532186 0.730443 0.909453 0.961470 0.678568 0.579301 0.573585 0.436205 0.655791 0.805868 0.859819 0.964348 0.885187 0.863472 0.875875 0.900528 0.973859 0.600586 0.605312 0.692890 0.743581 0.442542 0.000000 0.906622 0.915506 0.798032 0.773935 0.770932 0.783039 0.685886 0.795571 0.728337 0.737725 0.801760 0.797282 0.591128 0.672694 0.821322 0.836356 0.812981 0.897335 0.965847 0.823461 0.697091 0.717235 0.543684 0.692909 0.639779 0.610680 0.542885 0.644258 0.794346 0.749897 0.833119 0.652666 0.505053 0.499621 0.595412 0.743922 0.723216 0.665495 0.518200 0.646711 0.624587 0.997018 0.803627 0.775717 0.632667 0.657258 0.611474 0.597056 0.802346 0.620329 0.733065 0.682139 0.899801 0.899457 0.861677 0.845647 0.918048 0.896400 0.828155 0.987083 0.645915 0.835089 0.734003 0.900164 0.744676 0.852937 0.985909 0.988429 0.853554 0.898116 0.740756 0.759730 0.832797 0.930150 0.960640 0.906999 0.926602 0.809194 0.887098 0.891898 0.818773 0.980826
0.943340 0.932037 0.929062 0.898792 0.909490 0.884035 0.892887 0.933400 0.856930 0.950727 0.983162 0.932926 0.905839 0.828122 0.853590 0.875418 0.925701 0.965515 0.858309 0.896733 0.867372 0.862410 0.791610 0.838304 0.885721 0.765158 0.841656 0.842057 0.966734 0.958575 0.948556 0.949097 0.931951 0.906622 0.000000 0.966847 0.775406 0.878022 0.803047 0.865143 0.918988 0.980747 0.678412 0.672647 0.700308 0.646159 0.786923 0.722397 0.673204 0.668870 0.694880 0.690252 0.774675 0.779782 0.959367 0.793645 0.885916 0.904634 0.896612 0.886567 0.924040 0.976166 0.993191 0.998068 0.830332 0.991714 0.902493 0.954366 0.819746 0.821097 0.942009 0.972702 0.926010 0.962535 0.969376 0.762416 0.803454 0.796328 0.977562 0.979762 0.943401 0.974555 0.904115 0.993048 0.825468 0.824400 0.957847 0.947992 0.869720 0.663200 0.954246 0.921428 0.912994 0.931894 0.862652 0.843733 0.928629 0.790615 0.902435 0.814096 0.935280 0.975666 0.870752 0.769637 0.841629 0.879192 0.966900 0.972006 0.942631 0.750091 0.999890 0.833638 0.830062 0.930763 0.836143 0.819051
0.866493 0.905629 0.850237 0.878424 0.911148 0.844955 0.918701 0.900967 0.944655 0.948291 0.838219 0.863644 0.918511 0.968356 0.980243 0.989982 0.820069 0.862829 0.988999 0.853499 0.839453 0.965675 0.866825 0.984958 0.839983 0.854478 0.878387 0.966632 0.912411 0.952971 0.999278 0.924096 0.943478 0.915506 0.966847 0.000000 0.824603 0.882081 0.945545 0.877459 0.741257 0.929552 0.903899 0.925323 0.761544 0.837935 0.962186 0.992127 0.891424 0.917946 0.908337 0.833715 0.742456 0.753286 0.918545 0.962806 0.900260 0.872316 0.986298 0.843618 0.820123 0.819238 0.953221 0.926033 0.926470 0.757698 0.956361 0.965975 0.741337 0.905622 0.845423 0.768379 0.834852 0.896814 0.965963 0.890069 0.985811 0.972595 0.876843 0.963387 0.903655 0.896336 0.950954 0.969045 0.981618 0.983660 0.945895 0.920242 0.928855 0.935409 0.946881 0.965758 0.929241 0.943706 0.875288 0.914576 0.945863 0.951991 0.979290 0.936732 0.886699 0.710950 0.880919 0.937613 0.838341 0.950312 0.955972 0.953612 0.923477 0.938321 0.957054 0.901639 0.945746 0.947828 0.805028 0.890474
0.737771 0.786360 0.658293 0.596999 0.787950 0.958470 0.940185 0.787601 0.755237 0.947441 0.793979 0.726023 0.676566 0.804168 0.837771 0.712521 0.910937 0.883786 0.926443 0.723494 0.645592 0.683537 0.863242 0.753622 0.641937 0.596054 0.796925 0.887926 0.937162 0.968309 0.748606 0.960996 0.816372 0.798032 0.775406 0.824603 0.000000 0.583612 0.716376 0.572748 0.879017 0.910542 0.618874 0.577133 0.822534 0.781885 0.680796 0.701853 0.758538 0.745308 0.759248 0.793694 0.905692 0.999325 0.773329 0.799830 0.729848 0.854002 0.942045 0.855440 0.930080 0.695626 0.913136 0.978199 0.595559 0.622331 0.743008 0.859687 0.656447 0.702221 0.711858 0.767995 0.894761 0.869083 0.924937 0.871038 0.736917 0.725003 0.767715 0.720064 0.835472 0.843324 0.884831 0.824046 0.779744 0.722432 0.900455 0.769578 0.811308 0.717645 0.878948 0.888654 0.799975 0.818636 0.842610 0.839731 0.932132 0.940253 0.823972 0.869056 0.849231 0.991016 0.910613 0.855879 0.825471 0.810880 0.996267 0.987392 0.981471 0.967339 0.970801 0.976136 0.926119 0.940871 0.858564 0.784664
0.699047 0.767513 0.592416 0.588576 0.761244 0.884297 0.860404 0.736837 0.798168 0.947298 0.735891 0.727129 0.660031 0.738803 0.878322 0.622146 0.898138 0.894630 0.838414 0.567558 0.819618 0.846645 0.852582 0.752110 0.595138 0.673285 0.827258 0.996945 0.986540 0.978871 0.694860 0.902300 0.757209 0.773935 0.878022 0.882081 0.583612 0.000000 0.710340 0.564433 0.829005 0.971347 0.697007 0.634533 0.843988 0.782574 0.789990 0.708709 0.810685 0.770091 0.762727 0.801319 0.898459 0.982778 0.739338 0.767771 0.696423 0.891794 0.958739 0.880830 0.929305 0.753683 0.903748 0.987837 0.604615 0.641810 0.793900 0.888687 0.611460 0.689775 0.742230 0.755619 0.848051 0.730104 0.812979 0.712861 0.717086 0.837229 0.681973 0.917904 0.864247 0.861715 0.817728 0.784335 0.824813 0.742919 0.996559 0.836891 0.660534 0.618353 0.952713 0.868398 0.826638 0.773180 0.873870 0.897006 0.987450 0.878625 0.991792 0.976720 0.851888 0.929026 0.896465 0.955953 0.776795 0.818232 0.930883 0.880328 0.866851 0.881460 0.934425 0.991112 0.915286 0.971988 0.893931 0.836810
