0.000000 0.578794 0.918926 0.897875 0.996347 0.985089 0.990961 0.941471 0.867404 0.895278 0.568703 0.648657 0.844722 0.952052 0.951697 0.870100 0.645305 0.596510 0.776482 0.768929 0.954129 0.966075 0.899828 0.889787 0.963190 0.963656 0.840557 0.913947 0.797679 0.665928 0.916686 0.875590 0.822206 0.703012 0.982180 0.915356 0.970858 0.992898 0.866341 0.914498 0.908227 0.776004 0.989404 0.936023 0.854730 0.835642 0.917813 0.805816 0.760068 0.799734 0.788339 0.788283 0.913568 0.958447 0.908813 0.712484 0.505651 0.557971 0.690180 0.669098 0.659626 0.749584 0.582192 0.550250 0.837046 0.959248 0.871903 0.907731 0.739240 0.728673 0.926939 0.913150 0.904543 0.964881 0.909091 0.947293 0.884528 0.964441 0.754427 0.857883 0.438322 0.518704 0.853645 0.682691 0.882776 0.993272 0.975588 0.855112 0.878918 0.846816 0.958885 0.787121 0.912982 0.813325 0.929600 0.906655 0.831925 0.766353 0.814925 0.931589 0.937704 0.935116 0.793559 0.728178 0.911526 0.878043 0.990374 0.963462 0.952425 0.823307 0.892516 0.982343 0.936733 0.965257 0.969762 0.932795
0.578794 0.000000 0.914592 0.985836 0.878593 0.910511 0.829876 0.901960 0.677209 0.648006 0.832100 0.625305 0.978755 0.961870 0.836462 0.878493 0.668144 0.638161 0.967702 0.864292 0.939234 0.958539 0.801034 0.934796 0.855380 0.844370 0.902023 0.803527 0.954093 0.940890 0.819413 0.900537 0.954517 0.907296 0.831264 0.899606 0.864224 0.953993 0.930124 0.724785 0.804569 0.828660 0.939860 0.901939 0.949548 0.981656 0.802285 0.930253 0.991712 0.988752 0.854678 0.856098 0.894118 0.803695 0.843088 0.736835 0.539698 0.471246 0.810488 0.770728 0.922195 0.938637 0.775863 0.729259 0.937666 0.880345 0.869168 0.813858 0.617751 0.665615 0.894138 0.857435 0.917214 0.996437 0.958356 0.889414 0.955245 0.927247 0.871566 0.733985 0.631661 0.514086 0.881874 0.580178 0.905142 0.858579 0.948089 0.918405 0.895484 0.831743 0.817754 0.747228 0.963078 0.814806 0.941485 0.980277 0.944645 0.860854 0.881184 0.848020 0.971617 0.874890 0.979700 0.897387 0.981515 0.865789 0.976368 0.946800 0.861050 0.808165 0.990741 0.895020 0.858684 0.933749 0.959683 0.868837
0.918926 0.914592 0.000000 0.412442 0.989988 0.624594 0.479276 0.435145 0.771023 0.968775 0.978285 0.884094 0.732638 0.701651 0.820722 0.651171 0.781736 0.746924 0.754425 0.906236 0.924741 0.968849 0.788746 0.553574 0.547448 0.617602 0.861379 0.905983 0.995674 0.938308 0.741470 0.836194 0.827667 0.743972 0.966601 0.950572 0.794766 0.832197 0.689679 0.860847 0.960363 0.948276 0.596226 0.815693 0.934029 0.975649 0.752165 0.748723 0.764465 0.851570 0.921423 0.974662 0.860746 0.772621 0.855543 0.970423 0.754162 0.744130 0.941897 0.883248 0.802066 0.715968 0.699844 0.604191 0.469671 0.500477 0.632097 0.753409 0.858778 0.868666 0.875560 0.880586 0.841224 0.902032 0.811864 0.863669 0.757634 0.859746 0.993067 0.933714 0.767769 0.917772 0.848145 0.936561 0.746560 0.467965 0.869595 0.805345 0.749427 0.925073 0.505769 0.496517 0.484526 0.444257 0.966583 0.687815 0.847006 0.996314 0.889766 0.731208 0.661458 0.778991 0.855896 0.967254 0.715397 0.781659 0.862779 0.757104 0.996314 0.855942 0.796540 0.848244 0.765856 0.895378 0.838486 0.962942
0.897875 0.985836 0.412442 0.000000 0.869357 0.698139 0.607250 0.342827 0.879775 0.937104 0.978499 0.943254 0.922808 0.842131 0.925913 0.799807 0.769549 0.759752 0.895876 0.923417 0.865343 0.977521 0.934061 0.665604 0.539816 0.493587 0.889242 0.856559 0.770805 0.811493 0.815408 0.882608 0.993284 0.815361 0.942649 0.990734 0.747004 0.779468 0.605861 0.709017 0.932779 0.994956 0.531628 0.720882 0.812811 0.977852 0.673750 0.687933 0.720748 0.839058 0.990604 0.941590 0.782192 0.710390 0.818797 0.844029 0.774237 0.787693 0.940635 0.958529 0.987687 0.856841 0.643863 0.543312 0.607370 0.447267 0.572817 0.634369 0.972165 0.949333 0.796174 0.868794 0.907005 0.932699 0.886355 0.921306 0.680375 0.768428 0.989628 0.988685 0.712790 0.894009 0.987223 0.885148 0.972081 0.501809 0.948713 0.644668 0.810200 0.953295 0.546954 0.558443 0.454694 0.484534 0.973066 0.768104 0.830788 0.881029 0.995040 0.870323 0.684831 0.827477 0.934260 0.912045 0.685190 0.700918 0.820242 0.743476 0.897656 0.903124 0.872531 0.967323 0.739822 0.804567 0.840251 0.951887
0.996347 0.878593 0.989988 0.869357 0.000000 0.936270 0.847241 0.875174 0.704192 0.845496 0.930135 0.892861 0.662223 0.700031 0.701858 0.660144 0.995033 0.978978 0.815163 0.992412 0.831029 0.959771 0.575294 0.722515 0.917894 0.823710 0.878476 0.931150 0.851777 0.931689 0.952339 0.971141 0.904161 0.954486 0.868961 0.970096 0.777084 0.902489 0.819862 0.798063 0.942063 0.771902 0.970445 0.844463 0.808024 0.973803 0.917869 0.971958 0.959751 0.988465 0.934230 0.950041 0.914740 0.766188 0.833348 0.993189 0.883423 0.841889 0.919142 0.764601 0.769047 0.783204 0.990407 0.958958 0.721387 0.981238 0.917522 0.823488 0.827730 0.820478 0.843251 0.870261 0.969480 0.990089 0.890013 0.879831 0.909583 0.969961 0.984399 0.929541 0.887023 0.997805 0.745487 0.915395 0.562528 0.945394 0.792736 0.766287 0.973418 0.849034 0.839458 0.778605 0.941534 0.823737 0.927987 0.944346 0.859904 0.651320 0.880404 0.727536 0.931477 0.838948 0.924382 0.990066 0.956697 0.899277 0.946953 0.794727 0.997063 0.842370 0.831535 0.876648 0.967703 0.970702 0.948542 0.842771
0.985089 0.910511 0.624594 0.698139 0.936270 0.000000 0.801497 0.748733 0.951574 0.860305 0.877260 0.800326 0.834861 0.756967 0.879981 0.753762 0.847084 0.944625 0.938138 0.945633 0.768467 0.964393 0.926753 0.733296 0.539420 0.517151 0.887256 0.678598 0.944383 0.849286 0.887898 0.925527 0.795174 0.765264 0.699161 0.886074 0.864275 0.890043 0.733797 0.655155 0.778434 0.990292 0.752191 0.918190 0.950780 0.956086 0.791479 0.886760 0.761518 0.746958 0.978004 0.931821 0.880398 0.757029 0.839915 0.779564 0.907599 0.963545 0.877962 0.982937 0.790508 0.695959 0.843733 0.841001 0.548428 0.529237 0.581457 0.632707 0.914742 0.949747 0.916230 0.801767 0.996957 0.985330 0.760313 0.993030 0.927741 0.769581 0.864684 0.990446 0.873107 0.873733 0.857920 0.921837 0.715163 0.525255 0.763889 0.901280 0.833832 0.771821 0.670794 0.772378 0.618460 0.717427 0.913327 0.702307 0.846591 0.987314 0.923524 0.826725 0.726021 0.943454 0.921969 0.946869 0.754952 0.742935 0.856130 0.988535 0.942610 0.915579 0.941786 0.851341 0.857662 0.918957 0.882795 0.857699
0.990961 0.829876 0.479276 0.607250 0.847241 0.801497 0.000000 0.466363 0.575111 0.637295 0.806202 0.913438 0.463269 0.527861 0.579658 0.547115 0.983037 0.970262 0.438549 0.701445 0.975432 0.897231 0.582667 0.641013 0.861880 0.962279 0.997191 0.984705 0.724076 0.722136 0.626262 0.590513 0.633914 0.622076 0.938719 0.901415 0.948078 0.993921 0.997141 0.919504 0.967682 0.969589 0.660728 0.735975 0.781460 0.757726 0.844203 0.674336 0.957875 0.874980 0.984739 0.932559 0.939787 0.964453 0.934334 0.950547 0.798561 0.670268 0.984411 0.839192 0.600901 0.711351 0.962530 0.820441 0.629706 0.797370 0.751671 0.937679 0.720194 0.795228 0.715297 0.708826 0.686989 0.765873 0.948423 0.816115 0.640091 0.790151 0.979136 0.971514 0.870726 0.884984 0.859797 0.882442 0.692568 0.713312 0.940315 0.961946 0.757747 0.907972 0.420217 0.435796 0.546940 0.503601 0.976686 0.906225 0.873278 0.898076 0.640258 0.502025 0.712678 0.542250 0.975378 0.820200 0.835243 0.967442 0.904323 0.689304 0.958682 0.953892 0.784506 0.747396 0.733734 0.851530 0.959283 0.753153
0.941471 0.901960 0.435145 0.342827 0.875174 0.748733 0.466363 0.000000 0.793297 0.861253 0.860540 0.900621 0.814287 0.771157 0.969086 0.765812 0.843459 0.810362 0.719057 0.831145 0.873289 0.990312 0.997845 0.714943 0.660441 0.606591 0.980641 0.918843 0.974757 0.980147 0.743567 0.728670 0.876678 0.673866 0.868914 0.929884 0.832221 0.854890 0.723907 0.839577 0.976504 0.979307 0.567614 0.670572 0.915901 0.868816 0.737822 0.644886 0.865428 0.992437 0.974295 0.926388 0.851532 0.782012 0.775115 0.819983 0.762837 0.735521 0.888676 0.932209 0.859058 0.778023 0.774852 0.636466 0.690499 0.555355 0.588781 0.710598 0.897455 0.941550 0.820985 0.742843 0.793666 0.879807 0.933283 0.951315 0.619726 0.768678 0.989100 0.972353 0.784013 0.878665 0.958470 0.812033 0.989111 0.604542 0.916523 0.680447 0.877977 0.925224 0.447244 0.529109 0.419841 0.492144 0.946861 0.823993 0.794667 0.907795 0.843306 0.753958 0.591182 0.709427 0.945140 0.835849 0.770262 0.765860 0.860380 0.664761 0.968234 0.955699 0.790377 0.877301 0.761297 0.789006 0.916382 0.871523
0.867404 0.677209 0.771023 0.879775 0.704192 0.951574 0.575111 0.793297 0.000000 0.471548 0.895004 0.936419 0.625341 0.663399 0.586437 0.551926 0.957703 0.868438 0.576067 0.916605 0.909594 0.981833 0.501846 0.634282 0.925694 0.825458 0.886130 0.835416 0.804415 0.785103 0.703153 0.765167 0.874230 0.879149 0.985140 0.863900 0.820429 0.860728 0.794574 0.749412 0.914069 0.930666 0.975270 0.996705 0.839348 0.915089 0.870803 0.997012 0.900634 0.841467 0.864436 0.980561 0.783347 0.720898 0.796604 0.856376 0.696094 0.665298 0.804855 0.727061 0.841953 0.829961 0.945700 0.901145 0.755387 0.931169 0.930409 0.784649 0.590398 0.737718 0.789853 0.856272 0.853837 0.966019 0.815893 0.963407 0.893109 0.891738 0.969212 0.879960 0.841968 0.801613 0.918311 0.755759 0.764368 0.997800 0.909478 0.794473 0.948800 0.954426 0.666778 0.538947 0.920112 0.670575 0.948851 0.955237 0.917044 0.775436 0.815060 0.665662 0.977804 0.668200 0.974383 0.979995 0.928847 0.957674 0.946072 0.848746 0.974282 0.895324 0.928041 0.869500 0.763711 0.864120 0.942901 0.989786
0.895278 0.648006 0.968775 0.937104 0.845496 0.860305 0.637295 0.861253 0.471548 0.000000 0.871769 0.829909 0.731636 0.833462 0.649616 0.745877 0.935030 0.936280 0.589748 0.893362 0.847299 0.987221 0.588845 0.917179 0.717824 0.670975 0.992651 0.728743 0.671940 0.609128 0.623108 0.623088 0.906028 0.879662 0.750794 0.879974 0.833406 0.835690 0.726417 0.553369 0.863531 0.899769 0.882135 0.999254 0.798645 0.853153 0.736038 0.960539 0.722160 0.674360 0.886858 0.979094 0.699082 0.644157 0.894512 0.768753 0.797975 0.721597 0.825309 0.859098 0.888709 0.982182 0.959552 0.939938 0.963645 0.664967 0.771456 0.611914 0.686853 0.799654 0.911458 0.730595 0.735091 0.889290 0.988956 0.989186 0.820929 0.984420 0.987710 0.945288 0.995303 0.798905 0.983751 0.687413 0.949760 0.710690 0.950381 0.775157 0.993166 0.952272 0.815435 0.674594 0.964638 0.760345 0.984278 0.917275 0.880596 0.852733 0.809886 0.694440 0.966403 0.685314 0.932406 0.978862 0.854946 0.790024 0.943000 0.832230 0.866147 0.850864 0.922259 0.896192 0.822772 0.895319 0.831907 0.856928
0.568703 0.832100 0.978285 0.978499 0.930135 0.877260 0.806202 0.860540 0.895004 0.871769 0.000000 0.634031 0.688896 0.782624 0.862873 0.895993 0.676444 0.613655 0.645031 0.621491 0.879932 0.985999 0.977176 0.991368 0.944441 0.991781 0.830622 0.919010 0.629446 0.556801 0.911481 0.793255 0.697935 0.620892 0.929380 0.975785 0.872249 0.999307 0.820674 0.932358 0.916119 0.790478 0.976206 0.879219 0.845983 0.799645 0.965665 0.818221 0.756317 0.780799 0.840642 0.829189 0.921608 0.984610 0.989218 0.674247 0.747631 0.769070 0.667902 0.778998 0.639462 0.725639 0.611915 0.614556 0.936782 0.956428 0.801149 0.920616 0.991882 0.858036 0.859733 0.979847 0.892810 0.953873 0.876840 0.949289 0.959138 0.993116 0.810604 0.822634 0.626242 0.658393 0.893672 0.793611 0.943763 0.970505 0.850391 0.915974 0.997100 0.830242 0.847937 0.965332 0.926619 0.933856 0.891404 0.990524 0.862182 0.966315 0.835999 0.863643 0.816890 0.875101 0.781815 0.770672 0.880051 0.950466 0.908153 0.960033 0.946204 0.886205 0.888405 0.953468 0.993509 0.916685 0.947447 0.913549
0.648657 0.625305 0.884094 0.943254 0.892861 0.800326 0.913438 0.900621 0.936419 0.829909 0.634031 0.000000 0.785910 0.739971 0.995583 0.911211 0.759288 0.751335 0.834635 0.757039 0.963006 0.953678 0.998861 0.866497 0.849953 0.863658 0.866942 0.942409 0.812973 0.821143 0.964892 0.912275 0.759631 0.740532 0.792128 0.866342 0.864640 0.953954 0.966619 0.874882 0.928034 0.901890 0.959726 0.992400 0.977389 0.984513 0.913670 0.922964 0.969237 0.971143 0.862319 0.843922 0.884270 0.854593 0.914702 0.682143 0.696447 0.711042 0.736840 0.831817 0.664129 0.555173 0.722784 0.737933 0.929943 0.767606 0.692963 0.784021 0.882620 0.859587 0.891426 0.864969 0.866485 0.995158 0.859897 0.907029 0.978823 0.973331 0.912280 0.802193 0.741620 0.567059 0.747974 0.755736 0.783624 0.752059 0.996478 0.889329 0.959139 0.769895 0.887936 0.908051 0.856232 0.986851 0.932043 0.951535 0.794840 0.992037 0.981313 0.939938 0.810741 0.891861 0.923300 0.868287 0.975541 0.895768 0.877029 0.985391 0.961658 0.971287 0.986189 0.984097 0.871531 0.968396 0.909075 0.964844
0.844722 0.978755 0.732638 0.922808 0.662223 0.834861 0.463269 0.814287 0.625341 0.731636 0.688896 0.785910 0.000000 0.442809 0.407930 0.433564 0.843315 0.782173 0.439829 0.625141 0.938879 0.881416 0.457658 0.584409 0.937735 0.872858 0.990484 0.975847 0.599734 0.661344 0.733874 0.678475 0.578843 0.649044 0.915953 0.974068 0.846821 0.969465 0.891677 0.886846 0.954242 0.992189 0.792538 0.836629 0.630617 0.756404 0.900316 0.809939 0.859661 0.882959 0.963296 0.868657 0.816189 0.854212 0.885463 0.906417 0.975953 0.861792 0.990081 0.723583 0.467826 0.667172 0.816362 0.886990 0.618575 0.927368 0.877003 0.990805 0.740217 0.800909 0.723021 0.903086 0.797804 0.804874 0.982103 0.818006 0.747097 0.826708 0.897223 0.970075 0.997854 0.967132 0.686682 0.904574 0.496672 0.770786 0.815728 0.731491 0.779974 0.858288 0.653206 0.655170 0.774904 0.756106 0.992963 0.995277 0.967002 0.808593 0.659958 0.525271 0.854889 0.615227 0.946858 0.839800 0.830861 0.983561 0.978492 0.863295 0.928094 0.938419 0.964853 0.741909 0.773359 0.884022 0.922587 0.817305
0.952052 0.961870 0.701651 0.842131 0.700031 0.756967 0.527861 0.771157 0.663399 0.833462 0.782624 0.739971 0.442809 0.000000 0.569571 0.494941 0.964420 0.951711 0.575879 0.729586 0.996116 0.849672 0.580911 0.560490 0.886309 0.939711 0.982989 0.933365 0.723098 0.895857 0.755736 0.757455 0.603326 0.634303 0.721157 0.873100 0.942302 0.986919 0.988617 0.994063 0.968067 0.992571 0.718252 0.752237 0.637485 0.698191 0.736992 0.713124 0.891420 0.854169 0.828225 0.716503 0.816989 0.795997 0.975731 0.843087 0.955775 0.839539 0.855178 0.833384 0.498009 0.612449 0.842276 0.937956 0.627772 0.787034 0.697102 0.812509 0.706659 0.815153 0.746994 0.878676 0.930837 0.809590 0.915176 0.735908 0.728892 0.815399 0.925670 0.925840 0.900869 0.992744 0.635830 0.921193 0.522950 0.635359 0.904898 0.769857 0.755950 0.734598 0.580549 0.666437 0.670403 0.724810 0.923755 0.981708 0.942569 0.856181 0.671700 0.578987 0.821895 0.700055 0.968992 0.923546 0.863484 0.957106 0.955076 0.896868 0.969624 0.934391 0.970841 0.788570 0.820191 0.836040 0.913390 0.935822
0.951697 0.836462 0.820722 0.925913 0.701858 0.879981 0.579658 0.969086 0.586437 0.649616 0.862873 0.995583 0.407930 0.569571 0.000000 0.416325 0.917259 0.866013 0.615496 0.843406 0.946251 0.912876 0.393159 0.665204 0.994839 0.825964 0.889113 0.967927 0.600374 0.722459 0.669556 0.690533 0.616936 0.809443 0.883860 0.960738 0.847245 0.862996 0.794604 0.781450 0.961969 0.965963 0.887066 0.904339 0.660379 0.812071 0.985161 0.956190 0.855431 0.929305 0.926790 0.989313 0.759755 0.759329 0.866505 0.882207 0.823560 0.785699 0.814921 0.576497 0.646854 0.833980 0.924552 0.933059 0.636413 0.911809 0.960890 0.826701 0.570155 0.691378 0.838248 0.895634 0.832382 0.854715 0.980422 0.815700 0.805338 0.820311 0.974705 0.987931 0.894423 0.832255 0.707785 0.964309 0.587373 0.898317 0.803831 0.752746 0.868281 0.966756 0.773363 0.680209 0.922201 0.808880 0.975904 0.940114 0.848227 0.739234 0.700144 0.605730 0.951762 0.757331 0.900622 0.992170 0.924004 0.902012 0.948035 0.899265 0.957353 0.914929 0.982640 0.710904 0.788797 0.887502 0.992342 0.841591
0.870100 0.878493 0.651171 0.799807 0.660144 0.753762 0.547115 0.765812 0.551926 0.745877 0.895993 0.911211 0.433564 0.494941 0.416325 0.000000 0.966534 0.969183 0.643366 0.821581 0.960853 0.938112 0.446512 0.466431 0.765928 0.946329 0.816073 0.939292 0.765622 0.903951 0.666940 0.783624 0.708367 0.841776 0.869124 0.995083 0.999534 0.961080 0.969492 0.935226 0.964752 0.980436 0.714407 0.829371 0.805807 0.874591 0.876296 0.897495 0.989216 0.939076 0.917725 0.945219 0.865351 0.877357 0.909428 0.989109 0.767332 0.746035 0.817509 0.608845 0.737215 0.771402 0.904686 0.868497 0.458684 0.829164 0.906247 0.961101 0.609736 0.710434 0.757589 0.910897 0.886357 0.814139 0.919411 0.800444 0.759988 0.789442 0.954738 0.983040 0.733663 0.854388 0.693167 0.989980 0.553806 0.680823 0.798774 0.884600 0.849440 0.846344 0.625952 0.527947 0.721876 0.584209 0.977479 0.923117 0.888191 0.694459 0.782570 0.607532 0.913843 0.726747 0.826042 0.983793 0.795144 0.974916 0.908228 0.872715 0.909775 0.887300 0.915908 0.744329 0.710851 0.774977 0.856490 0.993164
0.645305 0.668144 0.781736 0.769549 0.995033 0.847084 0.983037 0.843459 0.957703 0.935030 0.676444 0.759288 0.843315 0.964420 0.917259 0.966534 0.000000 0.482209 0.814544 0.831181 0.916089 0.971985 0.972619 0.802574 0.766540 0.781662 0.856150 0.999054 0.669789 0.562647 0.940743 0.847387 0.765888 0.742256 0.933366 0.953526 0.929439 0.954611 0.724933 0.984484 0.950193 0.852158 0.887951 0.887706 0.790798 0.774967 0.968830 0.992731 0.765819 0.738885 0.821368 0.880417 0.825708 0.855475 0.982960 0.845119 0.602664 0.645536 0.842087 0.939925 0.800440 0.967455 0.507499 0.517164 0.745356 0.747614 0.912316 0.968680 0.937088 0.877819 0.907298 0.991374 0.938102 0.991401 0.933029 0.829835 0.994937 0.988959 0.712878 0.678811 0.554817 0.748130 0.906398 0.794201 0.992830 0.831735 0.922538 0.798543 0.971245 0.912581 0.899099 0.801809 0.776982 0.722679 0.916458 0.891315 0.979569 0.898512 0.912051 0.972757 0.901827 0.909843 0.759113 0.713649 0.896530 0.954155 0.907012 0.927567 0.999452 0.996697 0.883794 0.919963 0.933381 0.919564 0.992340 0.878717
0.596510 0.638161 0.746924 0.759752 0.978978 0.944625 0.970262 0.810362 0.868438 0.936280 0.613655 0.751335 0.782173 0.951711 0.866013 0.969183 0.482209 0.000000 0.827724 0.727378 0.944881 0.855645 0.961156 0.861219 0.911012 0.807083 0.903154 0.851427 0.636389 0.630583 0.987652 0.926761 0.715797 0.835763 0.908527 0.889629 0.963931 0.893254 0.792082 0.989702 0.888339 0.778999 0.903203 0.913814 0.851012 0.865293 0.982893 0.952714 0.806302 0.845426 0.910232 0.953366 0.928893 0.959604 0.961522 0.798826 0.579138 0.606084 0.835229 0.929299 0.809712 0.982554 0.520792 0.519929 0.841779 0.768144 0.961640 0.987090 0.856687 0.914828 0.916429 0.950465 0.926062 0.942650 0.938922 0.971727 0.970613 0.977878 0.722832 0.742715 0.597187 0.653969 0.875188 0.615015 0.911762 0.906896 0.971214 0.767099 0.970679 0.909957 0.837624 0.798784 0.812880 0.740008 0.983651 0.820138 0.945930 0.957200 0.913447 0.992793 0.868303 0.973655 0.920594 0.792248 0.958706 0.952703 0.842668 0.931673 0.999965 0.977251 0.978882 0.945040 0.873116 0.934150 0.965418 0.929702
0.776482 0.967702 0.754425 0.895876 0.815163 0.938138 0.438549 0.719057 0.576067 0.589748 0.645031 0.834635 0.439829 0.575879 0.615496 0.643366 0.814544 0.827724 0.000000 0.610562 0.907228 0.878815 0.570197 0.743169 0.880666 0.785890 0.958764 0.861421 0.609560 0.543949 0.738944 0.674366 0.689389 0.602335 0.880189 0.928837 0.768003 0.916994 0.781820 0.838948 0.996201 0.996453 0.894739 0.862319 0.743330 0.777873 0.956673 0.767598 0.781052 0.691350 0.985112 0.880612 0.833199 0.855120 0.926647 0.939699 0.971689 0.891757 0.968226 0.961788 0.544128 0.669755 0.789443 0.881055 0.838473 0.967009 0.931064 0.887909 0.902824 0.880095 0.725927 0.854995 0.685137 0.815041 0.906470 0.922897 0.781325 0.958883 0.908862 0.947456 0.857522 0.874396 0.840721 0.946353 0.660007 0.926080 0.953646 0.735671 0.771403 0.872445 0.609050 0.632369 0.789620 0.751902 0.959779 0.948375 0.925815 0.899053 0.714346 0.578773 0.833246 0.581900 0.962391 0.818469 0.997187 0.975949 0.991867 0.765247 0.981263 0.978262 0.837320 0.739861 0.822193 0.922399 0.967207 0.808062
0.768929 0.864292 0.906236 0.923417 0.992412 0.945633 0.701445 0.831145 0.916605 0.893362 0.621491 0.757039 0.625141 0.729586 0.843406 0.821581 0.831181 0.727378 0.610562 0.000000 0.844268 0.761684 0.828101 0.851224 0.981761 0.934880 0.954272 0.967693 0.760622 0.634953 0.985039 0.887733 0.888011 0.757866 0.828998 0.983700 0.871065 0.912493 0.922098 0.965367 0.950773 0.936708 0.978846 0.925080 0.997852 0.963294 0.974166 0.882110 0.995587 0.994060 0.951451 0.939674 0.821138 0.898600 0.948749 0.770007 0.831992 0.912515 0.940548 0.977126 0.746270 0.818636 0.838587 0.925975 0.898398 0.941891 0.950841 0.949587 0.994593 0.990731 0.684838 0.916159 0.817764 0.884527 0.885472 0.967575 0.778370 0.948459 0.874320 0.827240 0.820256 0.749667 0.806302 0.810538 0.792275 0.899623 0.909714 0.795314 0.765403 0.833976 0.886716 0.882818 0.865389 0.876172 0.976722 0.930087 0.956743 0.972862 0.883993 0.854598 0.886535 0.785444 0.932459 0.853235 0.986238 0.998512 0.976257 0.889486 0.989035 0.907273 0.912461 0.958428 0.954152 0.954997 0.983520 0.927654
0.954129 0.939234 0.924741 0.865343 0.831029 0.768467 0.975432 0.873289 0.909594 0.847299 0.879932 0.963006 0.938879 0.996116 0.946251 0.960853 0.916089 0.944881 0.907228 0.844268 0.000000 0.865121 0.770960 0.973098 0.755622 0.728329 0.955662 0.834211 0.931448 0.873565 0.904220 0.903538 0.955458 0.888711 0.992137 0.983156 0.878076 0.806345 0.811177 0.621451 0.885236 0.850668 0.746224 0.748894 0.899905 0.788730 0.765944 0.828902 0.941386 0.954941 0.842712 0.895033 0.999385 0.870786 0.851119 0.884259 0.912243 0.873736 0.838946 0.938532 0.988135 0.954176 0.954252 0.988759 0.962077 0.868706 0.802500 0.728810 0.979144 0.751675 0.881843 0.962885 0.811593 0.893998 0.982482 0.931740 0.991707 0.914063 0.946783 0.955956 0.968742 0.995389 0.954285 0.838838 0.887399 0.800348 0.991364 0.790441 0.942611 0.981943 0.878276 0.963951 0.835744 0.969944 0.866121 0.792557 0.887532 0.949636 0.946184 0.963614 0.788020 0.860746 0.967461 0.858137 0.896248 0.855726 0.949597 0.986397 0.881913 0.876630 0.976905 0.924795 0.891541 0.860289 0.891970 0.979916
0.966075 0.958539 0.968849 0.977521 0.959771 0.964393 0.897231 0.990312 0.981833 0.987221 0.985999 0.953678 0.881416 0.849672 0.912876 0.938112 0.971985 0.855645 0.878815 0.761684 0.865121 0.000000 0.948314 0.919270 0.978361 0.933540 0.966427 0.983929 0.880641 0.965915 0.967381 0.922354 0.848242 0.882323 0.975078 0.965670 0.992768 0.838315 0.989202 0.921872 0.970163 0.891435 0.967700 0.967495 0.975411 0.936959 0.956467 0.904834 0.997834 0.964924 0.999311 0.931246 0.882367 0.993506 0.935950 0.910982 0.967565 0.960360 0.949268 0.959341 0.990982 0.926028 0.960725 0.959006 0.939106 0.981056 0.969328 0.940360 0.938771 0.896386 0.804294 0.970677 0.968648 0.988477 0.986420 0.888981 0.899514 0.981084 0.961732 0.868546 0.982774 0.972795 0.926746 0.962867 0.835114 0.994105 0.905955 0.793412 0.755024 0.828247 0.997301 0.946710 0.972882 0.871379 0.792676 0.815048 0.950453 0.959084 0.995307 0.912162 0.955435 0.904277 0.981554 0.987081 0.896882 0.956186 0.933819 0.958883 0.973579 0.946584 0.994637 0.924858 0.931349 0.942546 0.972685 0.946353
0.899828 0.801034 0.788746 0.934061 0.575294 0.926753 0.582667 0.997845 0.501846 0.588845 0.977176 0.998861 0.457658 0.580911 0.393159 0.446512 0.972619 0.961156 0.570197 0.828101 0.770960 0.948314 0.000000 0.581181 0.982843 0.737326 0.838562 0.914691 0.690435 0.772697 0.730758 0.789228 0.719901 0.947954 0.907044 0.951111 0.816219 0.884883 0.785617 0.658019 0.923153 0.864710 0.981881 0.946326 0.736564 0.953062 0.910270 0.963503 0.900189 0.930667 0.839717 0.977754 0.777064 0.708454 0.797979 0.826053 0.805018 0.754430 0.749876 0.626013 0.677979 0.787676 0.977468 0.994108 0.598697 0.926017 0.888811 0.722028 0.695431 0.688984 0.831388 0.890407 0.803777 0.822709 0.955395 0.859305 0.853959 0.904200 0.985088 0.919017 0.880848 0.891627 0.669982 0.972490 0.471203 0.909888 0.799074 0.631096 0.824338 0.891742 0.763444 0.585465 0.942529 0.701842 0.997502 0.990505 0.879336 0.707072 0.788917 0.604437 0.942436 0.687149 0.785807 0.920440 0.960233 0.869497 0.950287 0.948193 0.977598 0.917541 0.974761 0.792260 0.800253 0.998660 0.974885 0.961487
0.889787 0.934796 0.553574 0.665604 0.722515 0.733296 0.641013 0.714943 0.634282 0.917179 0.991368 0.866497 0.584409 0.560490 0.665204 0.466431 0.802574 0.861219 0.743169 0.851224 0.973098 0.919270 0.581181 0.000000 0.637790 0.827396 0.755465 0.957837 0.951822 0.928504 0.830165 0.918378 0.829973 0.856939 0.831160 0.979514 0.967353 0.804003 0.858903 0.993446 0.878999 0.932889 0.723989 0.944124 0.950976 0.975722 0.838775 0.896810 0.820428 0.840873 0.934028 0.902170 0.965760 0.984780 0.953415 0.947597 0.753095 0.791845 0.903925 0.771356 0.778284 0.680120 0.825314 0.771503 0.424806 0.619230 0.761612 0.881822 0.799298 0.790627 0.753529 0.985770 0.956107 0.962509 0.831167 0.863046 0.827936 0.760172 0.915471 0.831681 0.706536 0.905823 0.681368 0.995535 0.523576 0.529160 0.715092 0.911122 0.758559 0.877751 0.664139 0.613572 0.683386 0.575027 0.942338 0.792309 0.927631 0.887211 0.907549 0.708882 0.855256 0.772905 0.670312 0.990011 0.733670 0.770772 0.913291 0.887284 0.912973 0.994267 0.990923 0.851636 0.754335 0.915590 0.840934 0.889766
0.963190 0.855380 0.547448 0.539816 0.917894 0.539420 0.861880 0.660441 0.925694 0.717824 0.944441 0.849953 0.937735 0.886309 0.994839 0.765928 0.766540 0.911012 0.880666 0.981761 0.755622 0.978361 0.982843 0.637790 0.000000 0.463446 0.736834 0.737823 0.789398 0.724843 0.859159 0.848137 0.878581 0.884353 0.793077 0.879456 0.671942 0.667705 0.537376 0.637445 0.854778 0.927459 0.642908 0.868271 0.811010 0.913825 0.666554 0.893615 0.660383 0.624973 0.974813 0.931204 0.742688 0.651326 0.752205 0.819698 0.873557 0.977898 0.962837 0.990320 0.971392 0.779511 0.721933 0.720170 0.506733 0.423708 0.572897 0.590722 0.995778 0.987058 0.951800 0.956858 0.942526 0.965166 0.931738 0.956152 0.843794 0.720115 0.934370 0.955907 0.805108 0.974617 0.888223 0.818796 0.822696 0.428965 0.708160 0.717288 0.783099 0.896002 0.770169 0.820197 0.584618 0.668906 0.909074 0.710339 0.874686 0.934044 0.957637 0.916723 0.681247 0.990418 0.819477 0.947653 0.646047 0.629317 0.994603 0.974292 0.915370 0.880113 0.963407 0.996385 0.888910 0.857633 0.753110 0.797750
0.963656 0.844370 0.617602 0.493587 0.823710 0.517151 0.962279 0.606591 0.825458 0.670975 0.991781 0.863658 0.872858 0.939711 0.825964 0.946329 0.781662 0.807083 0.785890 0.934880 0.728329 0.933540 0.737326 0.827396 0.463446 0.000000 0.925168 0.640439 0.713085 0.623170 0.985694 0.945903 0.992093 0.848070 0.829049 0.914562 0.669614 0.781028 0.529404 0.553567 0.868276 0.958589 0.593345 0.761920 0.781422 0.965806 0.635061 0.827589 0.700577 0.713792 0.903012 0.852572 0.787567 0.670008 0.696330 0.728363 0.906204 0.975598 0.784740 0.849473 0.968861 0.850238 0.706404 0.718028 0.666323 0.414144 0.496631 0.485913 0.959292 0.976934 0.992968 0.927113 0.909867 0.974883 0.880171 0.999991 0.855406 0.756665 0.966074 0.987747 0.810197 0.980363 0.991826 0.926242 0.969402 0.489624 0.946759 0.575864 0.940836 0.831394 0.770432 0.869476 0.593817 0.742598 0.973914 0.724240 0.799711 0.803116 0.936586 0.946624 0.706075 0.887992 0.986917 0.964578 0.707325 0.633726 0.961052 0.939707 0.932257 0.891624 0.965269 0.991218 0.884953 0.872061 0.827578 0.804348
0.840557 0.902023 0.861379 0.889242 0.878476 0.887256 0.997191 0.980641 0.886130 0.992651 0.830622 0.866942 0.990484 0.982989 0.889113 0.816073 0.856150 0.903154 0.958764 0.954272 0.955662 0.966427 0.838562 0.755465 0.736834 0.925168 0.000000 0.906882 0.935000 0.818183 0.926780 0.868773 0.926151 0.907004 0.965631 0.832187 0.862180 0.847692 0.846217 0.981632 0.966196 0.908502 0.985775 0.844968 0.819901 0.797678 0.993754 0.930212 0.749841 0.728889 0.797913 0.868783 0.903762 0.944578 0.960683 0.888642 0.783435 0.863231 0.800952 0.817692 0.883044 0.988151 0.794367 0.768572 0.686120 0.829493 0.964373 0.956984 0.972044 0.870331 0.997754 0.953163 0.944626 0.858592 0.956953 0.974802 0.894929 0.975007 0.913360 0.919439 0.850150 0.890656 0.802966 0.861339 0.804756 0.807365 0.746635 0.959513 0.841289 0.990989 0.986366 0.832037 0.942940 0.859170 0.963086 0.891983 0.960511 0.995302 0.916241 0.903300 0.927387 0.926920 0.699933 0.801964 0.924773 0.854693 0.936541 0.990584 0.989092 0.972783 0.921939 0.939696 0.924563 0.907653 0.841332 0.766839
0.913947 0.803527 0.905983 0.856559 0.931150 0.678598 0.984705 0.918843 0.835416 0.728743 0.919010 0.942409 0.975847 0.933365 0.967927 0.939292 0.999054 0.851427 0.861421 0.967693 0.834211 0.983929 0.914691 0.957837 0.737823 0.640439 0.906882 0.000000 0.921292 0.813169 0.952291 0.994946 0.848839 0.960226 0.718684 0.957379 0.951103 0.998214 0.745747 0.727078 0.852389 0.881254 0.809782 0.874580 0.954840 0.952520 0.833296 0.878440 0.858755 0.798345 0.973228 0.941084 0.866127 0.786642 0.779958 0.833015 0.974061 0.885123 0.855950 0.991450 0.924968 0.935576 0.980586 0.977969 0.793654 0.749543 0.756123 0.722856 0.971586 0.963843 0.930606 0.862310 0.834750 0.969322 0.894461 0.983629 0.902625 0.874142 0.879143 0.868839 0.985117 0.921945 0.994340 0.792087 0.949766 0.722726 0.962663 0.813792 0.896152 0.871457 0.938927 0.957995 0.861991 0.942988 0.945990 0.942839 0.937716 0.929933 0.974595 0.930520 0.995040 0.866388 0.981295 0.952817 0.801567 0.784488 0.930337 0.940057 0.883816 0.894966 0.991469 0.922636 0.964910 0.954256 0.954391 0.938703
0.797679 0.954093 0.995674 0.770805 0.851777 0.944383 0.724076 0.974757 0.804415 0.671940 0.629446 0.812973 0.599734 0.723098 0.600374 0.765622 0.669789 0.636389 0.609560 0.760622 0.931448 0.880641 0.690435 0.951822 0.789398 0.713085 0.935000 0.921292 0.000000 0.478890 0.840275 0.716319 0.615643 0.687819 0.979977 0.884809 0.864696 0.784478 0.696219 0.722220 0.967763 0.902781 0.904159 0.951445 0.718462 0.785334 0.866800 0.923095 0.714602 0.741116 0.985453 0.941678 0.806509 0.822610 0.929939 0.945884 0.847983 0.990523 0.974230 0.862047 0.703381 0.864053 0.600116 0.647144 0.949449 0.700295 0.895462 0.782271 0.808865 0.845603 0.964559 0.846938 0.806654 0.934965 0.949296 0.874826 0.992019 0.873562 0.802032 0.876795 0.697102 0.864702 0.786405 0.963949 0.817947 0.858937 0.887541 0.686149 0.976354 0.892300 0.932025 0.958068 0.916441 0.998758 0.991955 0.822899 0.910889 0.759310 0.739949 0.810994 0.960159 0.863875 0.916582 0.845322 0.801915 0.700818 0.907865 0.970956 0.772036 0.903306 0.921037 0.809638 0.987997 0.885808 0.922050 0.768775
0.665928 0.940890 0.938308 0.811493 0.931689 0.849286 0.722136 0.980147 0.785103 0.609128 0.556801 0.821143 0.661344 0.895857 0.722459 0.903951 0.562647 0.630583 0.543949 0.634953 0.873565 0.965915 0.772697 0.928504 0.724843 0.623170 0.818183 0.813169 0.478890 0.000000 0.853958 0.710849 0.770450 0.732712 0.774472 0.886978 0.849974 0.835245 0.588148 0.719600 0.985903 0.917915 0.842371 0.995253 0.810545 0.844890 0.777468 0.956307 0.698902 0.707037 0.946813 0.932542 0.876070 0.903972 0.900313 0.985829 0.750734 0.862522 0.987968 0.946261 0.725075 0.912762 0.645131 0.640773 0.814018 0.667847 0.848919 0.719750 0.985731 0.917297 0.858841 0.861838 0.682659 0.884342 0.996750 0.906369 0.992095 0.915376 0.782340 0.794775 0.579448 0.754929 0.901012 0.949152 0.923491 0.767542 0.932789 0.730479 0.916508 0.974550 0.931544 0.973816 0.875598 0.943676 0.937337 0.894066 0.970852 0.929582 0.791380 0.811260 0.974373 0.686338 0.841842 0.707489 0.820338 0.792306 0.935809 0.977691 0.947648 0.980546 0.823602 0.881317 0.992315 0.962688 0.869770 0.760072
0.916686 0.819413 0.741470 0.815408 0.952339 0.887898 0.626262 0.743567 0.703153 0.623108 0.911481 0.964892 0.733874 0.755736 0.669556 0.666940 0.940743 0.987652 0.738944 0.985039 0.904220 0.967381 0.730758 0.830165 0.859159 0.985694 0.926780 0.952291 0.840275 0.853958 0.000000 0.664305 0.697349 0.747210 0.961294 0.848891 0.909584 0.930886 0.983777 0.942865 0.994423 0.920843 0.827217 0.850986 0.820243 0.797986 0.982332 0.900284 0.900960 0.824164 0.965187 0.879399 0.780375 0.852994 0.975547 0.942417 0.787655 0.795640 0.917490 0.874878 0.891071 0.925370 0.989412 0.974134 0.824916 0.954072 0.869122 0.993812 0.680566 0.767193 0.906264 0.822159 0.919210 0.880993 0.929666 0.869451 0.714312 0.866513 0.947709 0.865248 0.927137 0.741225 0.924778 0.923878 0.934123 0.936536 0.997756 0.968663 0.871084 0.937555 0.753497 0.692630 0.792300 0.725393 0.956707 0.924689 0.927490 0.939240 0.832338 0.678094 0.823874 0.731008 0.966564 0.975423 0.840835 0.912184 0.933847 0.834358 0.987141 0.910716 0.971443 0.897377 0.847902 0.776763 0.947921 0.862412
0.875590 0.900537 0.836194 0.882608 0.971141 0.925527 0.590513 0.728670 0.765167 0.623088 0.793255 0.912275 0.678475 0.757455 0.690533 0.783624 0.847387 0.926761 0.674366 0.887733 0.903538 0.922354 0.789228 0.918378 0.848137 0.945903 0.868773 0.994946 0.716319 0.710849 0.664305 0.000000 0.686113 0.703180 0.911424 0.953396 0.978279 0.888476 0.928556 0.775606 0.928509 0.901506 0.810031 0.757445 0.748328 0.703956 0.938232 0.774798 0.791170 0.709616 0.845904 0.848117 0.686778 0.795328 0.930791 0.931849 0.846611 0.770264 0.959638 0.988983 0.762205 0.979178 0.894835 0.947342 0.972979 0.888201 0.908815 0.970848 0.741973 0.837945 0.830448 0.664300 0.776734 0.760288 0.956023 0.816482 0.768291 0.835551 0.864947 0.914928 0.996590 0.789931 0.936084 0.882254 0.968101 0.940664 0.854381 0.973139 0.987789 0.996994 0.736730 0.760924 0.799155 0.853423 0.975419 0.962157 0.979743 0.907412 0.610635 0.647073 0.915618 0.709719 0.744670 0.836861 0.917304 0.988503 0.842911 0.744328 0.948510 0.978586 0.878905 0.834602 0.794632 0.842917 0.948067 0.744567
0.822206 0.954517 0.827667 0.993284 0.904161 0.795174 0.633914 0.876678 0.874230 0.906028 0.697935 0.759631 0.578843 0.603326 0.616936 0.708367 0.765888 0.715797 0.689389 0.888011 0.955458 0.848242 0.719901 0.829973 0.878581 0.992093 0.926151 0.848839 0.615643 0.770450 0.697349 0.686113 0.000000 0.598879 0.717110 0.912344 0.995086 0.992716 0.922890 0.967539 0.893177 0.873998 0.800013 0.750640 0.641282 0.713546 0.808525 0.844666 0.863899 0.831014 0.754621 0.731601 0.745505 0.876567 0.951293 0.792300 0.927049 0.985496 0.794380 0.989674 0.536635 0.708929 0.695797 0.732439 0.826160 0.941772 0.688350 0.806011 0.789231 0.852420 0.910283 0.868147 0.867950 0.915029 0.995397 0.798853 0.889237 0.852323 0.893594 0.874340 0.884162 0.935445 0.846197 0.790869 0.717898 0.811028 0.999388 0.845882 0.915959 0.890707 0.714638 0.885259 0.755509 0.956214 0.968924 0.980565 0.720340 0.971842 0.632181 0.591191 0.722719 0.791283 0.802320 0.853004 0.862143 0.884013 0.932711 0.959720 0.963611 0.931784 0.769199 0.841431 0.905861 0.840740 0.854931 0.791109
0.703012 0.907296 0.743972 0.815361 0.954486 0.765264 0.622076 0.673866 0.879149 0.879662 0.620892 0.740532 0.649044 0.634303 0.809443 0.841776 0.742256 0.835763 0.602335 0.757866 0.888711 0.882323 0.947954 0.856939 0.884353 0.848070 0.907004 0.960226 0.687819 0.732712 0.747210 0.703180 0.598879 0.000000 0.890062 0.914493 0.998879 0.934020 0.985298 0.909257 0.869115 0.870598 0.694954 0.666136 0.697962 0.602964 0.751849 0.626576 0.787248 0.755583 0.689617 0.708133 0.847888 0.969221 0.764181 0.708452 0.898729 0.972835 0.660900 0.833030 0.526290 0.622216 0.735445 0.826201 0.901719 0.822407 0.621070 0.685203 0.848048 0.923600 0.838056 0.797985 0.938477 0.890143 0.819958 0.854472 0.736495 0.826585 0.880523 0.747822 0.796011 0.876704 0.910308 0.941779 0.856215 0.745203 0.904848 0.992689 0.854566 0.816893 0.615998 0.858995 0.645297 0.894756 0.980896 0.871282 0.868137 0.837023 0.662253 0.671932 0.624911 0.731350 0.721978 0.761591 0.901279 0.786866 0.948884 0.815339 0.993680 0.919249 0.706465 0.653668 0.853598 0.688390 0.912718 0.851361
0.982180 0.831264 0.966601 0.942649 0.868961 0.699161 0.938719 0.868914 0.985140 0.750794 0.929380 0.792128 0.915953 0.721157 0.883860 0.869124 0.933366 0.908527 0.880189 0.828998 0.992137 0.975078 0.907044 0.831160 0.793077 0.829049 0.965631 0.718684 0.979977 0.774472 0.961294 0.911424 0.717110 0.890062 0.000000 0.743194 0.871070 0.989531 0.812967 0.857176 0.878134 0.984152 0.859719 0.920726 0.796551 0.927589 0.749371 0.941344 0.911708 0.928894 0.786808 0.738724 0.827535 0.878847 0.847384 0.819572 0.998860 0.940774 0.851307 0.942938 0.785524 0.795949 0.860003 0.868934 0.803688 0.780394 0.689072 0.643933 0.894116 0.921257 0.951121 0.883409 0.822403 0.972104 0.913460 0.881490 0.970939 0.706643 0.966010 0.896902 0.894742 0.977076 0.875989 0.850408 0.772491 0.738031 0.877376 0.931396 0.999472 0.913943 0.916161 0.922263 0.902809 0.919418 0.900342 0.962242 0.901265 0.995186 0.867299 0.935217 0.995803 0.993938 0.938443 0.987177 0.874398 0.816480 0.945013 0.969231 0.816361 0.957216 0.955463 0.969061 0.984677 0.886269 0.863307 0.930653
0.915356 0.899606 0.950572 0.990734 0.970096 0.886074 0.901415 0.929884 0.863900 0.879974 0.975785 0.866342 0.974068 0.873100 0.960738 0.995083 0.953526 0.889629 0.928837 0.983700 0.983156 0.965670 0.951111 0.979514 0.879456 0.914562 0.832187 0.957379 0.884809 0.886978 0.848891 0.953396 0.912344 0.914493 0.743194 0.000000 0.807684 0.884516 0.840418 0.942696 0.796330 0.963704 0.957676 0.989868 0.945551 0.987607 0.889038 0.903273 0.927147 0.969761 0.820676 0.826618 0.955339 0.982651 0.892983 0.800173 0.986726 0.948176 0.815085 0.855854 0.883315 0.900899 0.910254 0.883585 0.961610 0.890419 0.796214 0.754988 0.988545 0.957107 0.911028 0.894471 0.899867 0.885941 0.960141 0.922247 0.885877 0.965968 0.933754 0.799062 0.964013 0.991938 0.840472 0.919213 0.940388 0.888352 0.926117 0.984989 0.853323 0.970133 0.995500 0.891518 0.895777 0.913513 0.959171 0.946062 0.880813 0.825261 0.913506 0.923050 0.991222 0.959266 0.937583 0.821787 0.813076 0.786134 0.976291 0.967739 0.843294 0.984896 0.878075 0.986513 0.966485 0.871342 0.851446 0.853875
0.970858 0.864224 0.794766 0.747004 0.777084 0.864275 0.948078 0.832221 0.820429 0.833406 0.872249 0.864640 0.846821 0.942302 0.847245 0.999534 0.929439 0.963931 0.768003 0.871065 0.878076 0.992768 0.816219 0.967353 0.671942 0.669614 0.862180 0.951103 0.864696 0.849974 0.909584 0.978279 0.995086 0.998879 0.871070 0.807684 0.000000 0.839670 0.642310 0.823550 0.865928 0.950582 0.772670 0.833047 0.915602 0.969502 0.721856 0.854941 0.940410 0.903363 0.876469 0.929319 0.963864 0.830999 0.723991 0.889467 0.929620 0.871232 0.920617 0.874333 0.889246 0.935457 0.901837 0.884061 0.938304 0.783935 0.749033 0.734200 0.879602 0.924725 0.941154 0.985931 0.877359 0.936654 0.999120 0.850451 0.894982 0.896535 0.901239 0.977905 0.911233 0.958272 0.912482 0.954444 0.910111 0.795779 0.911370 0.820468 0.950754 0.986396 0.947841 0.984731 0.819089 0.870463 0.935068 0.849029 0.912568 0.828929 0.949563 0.987418 0.845949 0.930703 0.960095 0.955680 0.729784 0.798464 0.974851 0.898117 0.993841 0.951136 0.993533 0.988688 0.943084 0.856331 0.802344 0.916082
0.992898 0.953993 0.832197 0.779468 0.902489 0.890043 0.993921 0.854890 0.860728 0.835690 0.999307 0.953954 0.969465 0.986919 0.862996 0.961080 0.954611 0.893254 0.916994 0.912493 0.806345 0.838315 0.884883 0.804003 0.667705 0.781028 0.847692 0.998214 0.784478 0.835245 0.930886 0.888476 0.992716 0.934020 0.989531 0.884516 0.839670 0.000000 0.779345 0.733955 0.961393 0.961634 0.815462 0.979794 0.890084 0.998180 0.806295 0.972938 0.814049 0.781859 0.933614 0.912125 0.854674 0.856675 0.947810 0.886750 0.994650 0.960972 0.970429 0.913395 0.975965 0.933696 0.909535 0.851958 0.823390 0.727041 0.775195 0.803816 0.923566 0.888378 0.895920 0.939030 0.897749 0.948159 0.980629 0.889690 0.924839 0.854704 0.943923 0.910408 0.912781 0.962196 0.894550 0.867458 0.953433 0.737953 0.849596 0.942814 0.685204 0.868422 0.935683 0.957115 0.812892 0.817119 0.930254 0.830870 0.878413 0.829901 0.924024 0.978665 0.717715 0.998303 0.948127 0.986284 0.714935 0.689673 0.933038 0.952576 0.969414 0.896437 0.876646 0.997495 0.898006 0.965210 0.855755 0.868320
