0.000000 0.168967 0.729472 0.633082 0.666704 0.729875 0.809616 0.232072 0.924068 0.345287 0.221014 0.182337 0.317797 0.253080 0.481524 0.530096 0.227673 0.214547 0.266282 0.233277 0.966087 0.875051 0.897985 0.924739 0.633454 0.789242 0.962110 0.964379 0.247916 0.242330 0.631506 0.683323 0.488841 0.346156 0.695985 0.562815 0.948119 0.907637 0.992349 0.882909 0.747741 0.764911 0.665790 0.386944 0.685562 0.328430 0.512557 0.402825 0.179491 0.208970 0.280234 0.274182 0.360549 0.466482 0.597388 0.454977 0.275964 0.249243 0.310792 0.250784 0.506229 0.233090 0.240994 0.186599 0.471189 0.801273 0.849967 0.944589 0.512648 0.415420 0.676299 0.692491 0.448443 0.417460 0.696409 0.840343 0.375088 0.491691 0.452796 0.326040 0.236123 0.260400 0.424228 0.612293 0.767533 0.778569 0.664260 0.967348 0.991170 0.608808 0.879692 0.727198 0.686265 0.511236 0.949809 0.757262 0.762614 0.655774 0.526122 0.559322 0.612594 0.835072 0.442490 0.484880 0.654824 0.775704 0.961415 0.957968 0.757226 0.990759 0.962917 0.749326 0.515680 0.882417 0.723056 0.683865
0.168967 0.000000 0.647491 0.717309 0.642629 0.804447 0.953724 0.291981 0.821633 0.400140 0.281668 0.218277 0.421844 0.310203 0.583634 0.593033 0.234372 0.222951 0.267968 0.212223 0.968503 0.812454 0.894706 0.920577 0.702743 0.771381 0.973174 0.955558 0.259368 0.271750 0.680942 0.727712 0.553163 0.398197 0.676588 0.596994 0.959925 0.892384 0.961798 0.896841 0.708291 0.765579 0.787209 0.473110 0.759715 0.389436 0.560418 0.485399 0.192017 0.225991 0.329076 0.320489 0.403743 0.525077 0.617548 0.485924 0.226015 0.183754 0.413130 0.301892 0.644816 0.291628 0.318582 0.231399 0.387676 0.677357 0.718976 0.831558 0.478757 0.376739 0.759379 0.763399 0.418129 0.458420 0.721928 0.883311 0.411101 0.515818 0.495683 0.311296 0.235124 0.249671 0.502810 0.581077 0.776268 0.787255 0.678978 0.965735 0.919937 0.669536 0.996861 0.634152 0.622043 0.462411 0.990868 0.764004 0.820231 0.597836 0.621877 0.669693 0.688821 0.923420 0.501235 0.551801 0.712409 0.885344 0.977240 0.950280 0.787930 0.962182 0.956273 0.839356 0.548901 0.876614 0.851095 0.712792
0.729472 0.647491 0.000000 0.669032 0.711076 0.905833 0.480944 0.935288 0.720453 0.922239 0.790734 0.605459 0.902713 0.590961 0.876292 0.716398 0.768309 0.783181 0.668283 0.621111 0.895135 0.927874 0.788580 0.896424 0.642585 0.387154 0.823315 0.945394 0.792833 0.746050 0.790865 0.887413 0.817319 0.880352 0.446861 0.633345 0.851165 0.957029 0.761561 0.969748 0.835273 0.922156 0.752181 0.982429 0.686385 0.986015 0.952547 0.928344 0.766902 0.665316 0.823517 0.773546 0.861459 0.926802 0.963304 0.867206 0.724683 0.617310 0.922162 0.711581 0.745635 0.773380 0.787412 0.717912 0.308609 0.611685 0.480271 0.484985 0.661563 0.620521 0.777776 0.884182 0.806072 0.905620 0.980807 0.984082 0.796730 0.946430 0.915866 0.821957 0.809154 0.726022 0.833034 0.957966 0.839055 0.885308 0.775240 0.831847 0.665812 0.937086 0.655964 0.574611 0.394224 0.562303 0.873660 0.847890 0.856409 0.539692 0.840648 0.839799 0.965955 0.737312 0.991480 0.918270 0.819107 0.756418 0.996614 0.836064 0.986981 0.983500 0.730227 0.879083 0.867050 0.975089 0.791775 0.840515
0.633082 0.717309 0.669032 0.000000 0.971384 0.880383 0.651359 0.609783 0.957869 0.717739 0.696436 0.732593 0.725418 0.766614 0.788424 0.856390 0.723771 0.724157 0.792389 0.694948 0.968444 0.953026 0.868794 0.946759 0.963698 0.798331 0.950179 0.997585 0.741530 0.788313 0.820533 0.900628 0.643785 0.768976 0.947349 0.778487 0.956116 0.833022 0.824971 0.846868 0.883282 0.872650 0.820823 0.727010 0.750571 0.668502 0.872582 0.653909 0.679545 0.732444 0.688519 0.727895 0.717147 0.787414 0.721774 0.764076 0.699558 0.734092 0.584138 0.722156 0.615303 0.620259 0.756479 0.717397 0.839587 0.751958 0.832620 0.836985 0.702056 0.722611 0.961077 0.918250 0.873797 0.857274 0.779530 0.953213 0.786297 0.865867 0.709965 0.805105 0.726601 0.681190 0.675869 0.661509 0.678295 0.736455 0.978708 0.897978 0.786858 0.667035 0.850002 0.991026 0.848583 0.994216 0.835507 0.936407 0.699480 0.915654 0.718447 0.735046 0.917668 0.787338 0.810507 0.759964 0.622777 0.719935 0.927108 0.900212 0.926254 0.941998 0.933694 0.952464 0.720658 0.941050 0.934799 0.752214
0.666704 0.642629 0.711076 0.971384 0.000000 0.921590 0.991359 0.720721 0.895179 0.749857 0.693880 0.662513 0.755921 0.713385 0.976329 0.917517 0.630758 0.656359 0.589483 0.657058 0.959955 0.983318 0.836834 0.913849 0.989309 0.805635 0.987096 0.993354 0.751116 0.753381 0.971753 0.845656 0.902261 0.781769 0.870501 0.828327 0.865558 0.926951 0.973888 0.981628 0.922658 0.804326 0.998991 0.884294 0.900500 0.819099 0.956122 0.861094 0.772233 0.764289 0.814645 0.802667 0.829141 0.860538 0.754661 0.726718 0.661069 0.698853 0.805889 0.915239 0.944915 0.787537 0.749490 0.698906 0.656715 0.735695 0.856035 0.765540 0.751494 0.725993 0.688484 0.792125 0.787479 0.739762 0.888871 0.933003 0.607746 0.750311 0.810809 0.760045 0.676130 0.609352 0.780824 0.722772 0.952064 0.976348 0.967258 0.889632 0.846705 0.776714 0.868048 0.730193 0.745461 0.689665 0.987447 0.888638 0.889795 0.833993 0.854542 0.858039 0.947464 0.901149 0.718428 0.753763 0.958168 0.988152 0.916777 0.894497 0.997808 0.907198 0.885562 0.836320 0.870993 0.939636 0.918965 0.660072
0.729875 0.804447 0.905833 0.880383 0.921590 0.000000 0.769086 0.608404 0.752062 0.726478 0.742495 0.707763 0.710424 0.657501 0.746692 0.654432 0.883959 0.831722 0.805353 0.832147 0.888800 0.967465 0.789947 0.954723 0.609905 0.897312 0.867792 0.935343 0.703701 0.704635 0.812132 0.755621 0.711541 0.793718 0.868987 0.771965 0.908080 0.915336 0.979736 0.934656 0.993362 0.896990 0.608290 0.587600 0.818676 0.695221 0.799982 0.760392 0.696294 0.588512 0.547017 0.542724 0.613769 0.505717 0.824655 0.739337 0.977803 0.945698 0.703119 0.628611 0.735644 0.639150 0.702634 0.700735 0.765481 0.808436 0.894953 0.809160 0.860424 0.844850 0.718300 0.810112 0.796302 0.628818 0.781453 0.880651 0.612964 0.721490 0.755481 0.680994 0.767464 0.898731 0.872779 0.956415 0.842197 0.959697 0.908625 0.721604 0.886712 0.956955 0.671671 0.785951 0.859173 0.907463 0.994468 0.855992 0.844571 0.894575 0.699350 0.659208 0.586140 0.703095 0.765955 0.675628 0.729237 0.678087 0.687651 0.733338 0.752897 0.916950 0.937830 0.762126 0.837554 0.879338 0.842385 0.996538
0.809616 0.953724 0.480944 0.651359 0.991359 0.769086 0.000000 0.542815 0.624128 0.536304 0.680506 0.898329 0.609982 0.936161 0.787257 0.976094 0.765722 0.745283 0.797248 0.980714 0.916050 0.872381 0.921284 0.668540 0.910423 0.727207 0.642061 0.937223 0.751458 0.727429 0.580218 0.620163 0.457010 0.612481 0.694882 0.924687 0.856733 0.864509 0.788585 0.999017 0.738446 0.974910 0.289171 0.436321 0.298845 0.522805 0.585417 0.482593 0.771286 0.873868 0.664119 0.725685 0.660835 0.599182 0.699263 0.728945 0.958132 0.906423 0.610811 0.924424 0.300403 0.750814 0.675641 0.745371 0.757119 0.720297 0.346726 0.304056 0.775959 0.868492 0.723516 0.663656 0.725017 0.658385 0.925541 0.844103 0.679754 0.690775 0.580530 0.753587 0.732454 0.924880 0.869147 0.809313 0.995835 0.698577 0.986331 0.605341 0.835759 0.856802 0.407420 0.532340 0.494460 0.694346 0.882250 0.870928 0.570009 0.604829 0.375372 0.362545 0.499105 0.516565 0.511620 0.493914 0.698132 0.569319 0.920843 0.612560 0.723851 0.953600 0.732374 0.489037 0.532069 0.808062 0.599996 0.971358
0.232072 0.291981 0.935288 0.609783 0.720721 0.608404 0.542815 0.000000 0.936254 0.273502 0.258122 0.285437 0.332945 0.326092 0.520649 0.597710 0.307266 0.289379 0.335384 0.355501 0.943383 0.989476 0.907546 0.829829 0.591455 0.907499 0.855058 0.956596 0.283008 0.292857 0.546496 0.603247 0.403976 0.335350 0.825885 0.653133 0.919161 0.871099 0.941623 0.942789 0.714932 0.793791 0.455943 0.297481 0.495284 0.274657 0.483671 0.364591 0.238355 0.273215 0.263421 0.276945 0.342538 0.376869 0.605935 0.498917 0.428948 0.435175 0.304617 0.364887 0.379258 0.257611 0.255783 0.243171 0.597794 0.931198 0.882148 0.816905 0.735858 0.582327 0.570008 0.645353 0.386618 0.342443 0.655761 0.822974 0.324361 0.436376 0.434265 0.378435 0.261532 0.368485 0.505642 0.647870 0.849953 0.977368 0.726505 0.789036 0.960124 0.648907 0.664408 0.986673 0.971705 0.750380 0.866656 0.734400 0.655811 0.829064 0.362772 0.377919 0.479988 0.664723 0.340740 0.365519 0.595518 0.579544 0.887472 0.807105 0.637312 0.929744 0.844661 0.565861 0.441226 0.765393 0.644933 0.775377
0.924068 0.821633 0.720453 0.957869 0.895179 0.752062 0.624128 0.936254 0.000000 0.870992 0.957716 0.877429 0.993721 0.887870 0.963449 0.954521 0.919667 0.869406 0.884791 0.796074 0.912183 0.907052 0.832580 0.785099 0.895446 0.811658 0.826378 0.927012 0.968741 0.987947 0.780615 0.773279 0.895466 0.982411 0.733508 0.863437 0.941298 0.992079 0.955454 0.984275 0.922342 0.954288 0.647126 0.801038 0.705899 0.870911 0.903551 0.773091 0.974332 0.995680 0.781834 0.821566 0.761596 0.696628 0.878823 0.758802 0.726752 0.705051 0.957525 0.943113 0.766050 0.882167 0.946026 0.936122 0.797696 0.617624 0.681953 0.669416 0.769886 0.869803 0.988966 0.866240 0.965565 0.897168 0.965328 0.966833 0.913987 0.844064 0.920904 0.997411 0.965599 0.802471 0.826604 0.778602 0.862094 0.807067 0.666128 0.695948 0.872082 0.955764 0.596407 0.555436 0.655748 0.685516 0.956070 0.999228 0.941517 0.824697 0.690099 0.677635 0.750374 0.736254 0.847876 0.809021 0.793127 0.736212 0.926235 0.656812 0.932191 0.980518 0.986088 0.771844 0.743109 0.981728 0.816218 0.856987
0.345287 0.400140 0.922239 0.717739 0.749857 0.726478 0.536304 0.273502 0.870992 0.000000 0.296567 0.353649 0.379445 0.415120 0.500208 0.620522 0.293006 0.285267 0.385222 0.459317 0.821637 0.936661 0.992690 0.895407 0.670135 0.844851 0.777842 0.977570 0.299904 0.273163 0.479781 0.552574 0.386286 0.372784 0.851942 0.776677 0.790328 0.789771 0.955314 0.889246 0.703317 0.778812 0.446648 0.323667 0.444519 0.292958 0.490251 0.358697 0.325926 0.467654 0.391728 0.456384 0.467452 0.559853 0.607363 0.516946 0.464717 0.530027 0.332898 0.549834 0.370598 0.353468 0.304813 0.259778 0.671697 0.875175 0.837456 0.775369 0.747929 0.665190 0.581155 0.476742 0.456667 0.434560 0.761335 0.879734 0.466730 0.476511 0.407335 0.365457 0.244882 0.371807 0.504436 0.554707 0.801865 0.950940 0.867986 0.891776 0.985719 0.598668 0.782354 0.889771 0.874255 0.702709 0.988469 0.775789 0.588352 0.865523 0.435638 0.385757 0.576735 0.759590 0.393158 0.398244 0.668779 0.711642 0.993236 0.836631 0.640368 0.938415 0.927124 0.571181 0.535180 0.840040 0.719988 0.770317
0.221014 0.281668 0.790734 0.696436 0.693880 0.742495 0.680506 0.258122 0.957716 0.296567 0.000000 0.209268 0.251048 0.262889 0.428202 0.480910 0.216870 0.205140 0.240352 0.312852 0.941787 0.941821 0.905307 0.874786 0.541018 0.760683 0.940682 0.986488 0.225065 0.196342 0.661602 0.708998 0.412920 0.339312 0.722203 0.697826 0.939202 0.896112 0.902333 0.822268 0.697027 0.747366 0.567049 0.377760 0.644109 0.352075 0.526293 0.424475 0.268525 0.316627 0.340788 0.347086 0.416318 0.468795 0.589414 0.516720 0.405233 0.382606 0.291389 0.372363 0.390376 0.275834 0.197817 0.182754 0.508051 0.846692 0.972577 0.913278 0.654620 0.571897 0.673070 0.570391 0.380136 0.367243 0.743805 0.829651 0.407025 0.467496 0.357469 0.387602 0.248293 0.312304 0.511782 0.614621 0.847321 0.877713 0.671328 0.971063 0.934546 0.630315 0.803995 0.791393 0.738723 0.542364 0.979944 0.728553 0.705927 0.719858 0.493421 0.516905 0.570050 0.765274 0.466724 0.433584 0.696278 0.775044 0.973153 0.937775 0.715955 0.871007 0.969591 0.708623 0.548117 0.795205 0.695866 0.705190
0.182337 0.218277 0.605459 0.732593 0.662513 0.707763 0.898329 0.285437 0.877429 0.353649 0.209268 0.000000 0.295748 0.184203 0.429572 0.422082 0.239808 0.222900 0.249719 0.232759 0.985566 0.880828 0.941343 0.967868 0.501015 0.620329 0.999513 0.996509 0.265958 0.239360 0.733860 0.779783 0.549843 0.383214 0.607187 0.551469 0.961807 0.927072 0.875197 0.868802 0.794321 0.830152 0.698351 0.439308 0.781135 0.407848 0.589056 0.492417 0.229875 0.249828 0.337331 0.326309 0.417216 0.509595 0.649195 0.505740 0.344226 0.295341 0.363574 0.293862 0.570528 0.246665 0.224107 0.180608 0.373418 0.790219 0.819823 0.876820 0.543378 0.478068 0.618806 0.612047 0.436418 0.404669 0.710915 0.856783 0.366705 0.477612 0.459300 0.352997 0.265536 0.272694 0.478848 0.656221 0.834647 0.748514 0.690911 0.947790 0.887004 0.636383 0.940543 0.669896 0.588954 0.466796 0.957915 0.684610 0.831162 0.616438 0.573432 0.614564 0.650039 0.869838 0.498792 0.532593 0.719822 0.840206 0.997413 0.997689 0.737050 0.891227 0.894270 0.819479 0.594410 0.908875 0.753083 0.683325
0.317797 0.421844 0.902713 0.725418 0.755921 0.710424 0.609982 0.332945 0.993721 0.379445 0.251048 0.295748 0.000000 0.336771 0.323525 0.411232 0.334113 0.319906 0.362687 0.497693 0.927840 0.974172 0.989162 0.898705 0.581525 0.736410 0.985391 0.989223 0.339776 0.267037 0.628691 0.720131 0.425764 0.406580 0.786774 0.721576 0.963795 0.918250 0.958017 0.994329 0.827752 0.846997 0.488116 0.338779 0.651897 0.395280 0.507597 0.442123 0.380781 0.384952 0.411553 0.396214 0.454456 0.487412 0.693580 0.616687 0.467040 0.489107 0.261692 0.366225 0.354894 0.418211 0.211206 0.244851 0.669358 0.852222 0.820930 0.815142 0.842288 0.705536 0.633660 0.571811 0.532591 0.498574 0.807558 0.824217 0.434749 0.404776 0.406271 0.455728 0.387285 0.454566 0.542562 0.724940 0.944221 0.980986 0.722744 0.904086 0.965815 0.711811 0.746039 0.879863 0.851494 0.631301 0.990445 0.700778 0.669785 0.779772 0.450410 0.487180 0.516939 0.753605 0.390001 0.437665 0.605303 0.646928 0.955285 0.865728 0.660904 0.835037 0.991352 0.716820 0.530212 0.778756 0.561903 0.738985
0.253080 0.310203 0.590961 0.766614 0.713385 0.657501 0.936161 0.326092 0.887870 0.415120 0.262889 0.184203 0.336771 0.000000 0.398692 0.349037 0.332954 0.316644 0.322130 0.328258 0.961832 0.924324 0.988221 0.884007 0.477280 0.586342 0.996282 0.959929 0.306723 0.279598 0.758488 0.811683 0.566711 0.416889 0.637873 0.556216 0.944183 0.970968 0.824364 0.836173 0.869219 0.820093 0.712985 0.499658 0.844348 0.465228 0.662017 0.574408 0.318422 0.301336 0.390506 0.378137 0.498841 0.563417 0.741550 0.625203 0.453111 0.386300 0.376454 0.316282 0.597368 0.279074 0.244429 0.227450 0.411433 0.878924 0.861291 0.867529 0.619597 0.548705 0.622186 0.638603 0.495572 0.454740 0.641517 0.792108 0.444046 0.545484 0.523322 0.454482 0.351248 0.332637 0.539497 0.728885 0.819102 0.679530 0.679557 0.964568 0.854920 0.659145 0.970050 0.678396 0.591425 0.464332 0.963823 0.773351 0.906925 0.575324 0.635892 0.625909 0.684100 0.862861 0.566782 0.541654 0.709536 0.800932 0.939549 0.991298 0.731262 0.929439 0.947888 0.837733 0.682764 0.979450 0.812037 0.713900
0.481524 0.583634 0.876292 0.788424 0.976329 0.746692 0.787257 0.520649 0.963449 0.500208 0.428202 0.429572 0.323525 0.398692 0.000000 0.357948 0.494232 0.482167 0.525245 0.625518 0.977147 0.954532 0.762004 0.893135 0.595900 0.777647 0.996755 0.983027 0.461844 0.377636 0.608064 0.729271 0.504285 0.492670 0.831814 0.725641 0.904786 0.886948 0.966408 0.919840 0.851819 0.894080 0.599579 0.495100 0.774166 0.491918 0.689481 0.548696 0.536843 0.542460 0.612124 0.587376 0.650174 0.726157 0.860516 0.794259 0.600504 0.582983 0.389824 0.451285 0.481068 0.465731 0.294729 0.358396 0.848941 0.994810 0.833973 0.855933 0.924115 0.780731 0.692056 0.686430 0.716003 0.763205 0.875483 0.797895 0.584446 0.633768 0.562709 0.574757 0.499434 0.542829 0.549427 0.804043 0.766881 0.693046 0.853720 0.993653 0.945987 0.641432 0.929545 0.773651 0.740246 0.601336 0.962669 0.783456 0.835887 0.766504 0.660505 0.659168 0.686480 0.858694 0.616166 0.559300 0.738743 0.748971 0.984563 0.916845 0.715185 0.941337 0.910216 0.848450 0.714179 0.860578 0.671876 0.796254
0.530096 0.593033 0.716398 0.856390 0.917517 0.654432 0.976094 0.597710 0.954521 0.620522 0.480910 0.422082 0.411232 0.349037 0.357948 0.000000 0.572266 0.579073 0.544586 0.652422 0.993924 0.887666 0.850391 0.759424 0.544356 0.613801 0.975307 0.985305 0.553058 0.439297 0.757018 0.879691 0.669744 0.640338 0.747941 0.736035 0.953768 0.878426 0.925719 0.929266 0.973361 0.987481 0.719768 0.586058 0.996072 0.679628 0.787435 0.673798 0.587684 0.563651 0.631642 0.625540 0.747787 0.795115 0.889875 0.904287 0.661386 0.632094 0.495843 0.468251 0.688120 0.543809 0.406178 0.410983 0.667787 0.948806 0.961598 0.974171 0.840453 0.699119 0.681116 0.681374 0.787939 0.690163 0.795066 0.805048 0.680761 0.562686 0.660980 0.595214 0.573860 0.567627 0.711719 0.849643 0.829551 0.624367 0.805300 0.950257 0.990119 0.783318 0.918699 0.689284 0.613054 0.567772 0.956015 0.773063 0.892773 0.672004 0.831865 0.808914 0.755514 0.931245 0.691055 0.635239 0.774493 0.733836 0.910210 0.943889 0.786549 0.883340 0.896172 0.976539 0.780370 0.920027 0.758418 0.807433
0.227673 0.234372 0.768309 0.723771 0.630758 0.883959 0.765722 0.307266 0.919667 0.293006 0.216870 0.239808 0.334113 0.332954 0.494232 0.572266 0.000000 0.159889 0.247500 0.275278 0.882268 0.879321 0.962606 0.838904 0.671656 0.732685 0.895296 0.947156 0.249193 0.197727 0.637787 0.672872 0.410159 0.309332 0.743319 0.767070 0.830033 0.864367 0.965502 0.815131 0.702597 0.740544 0.627645 0.391107 0.613223 0.337334 0.486184 0.401849 0.253782 0.392944 0.429266 0.457096 0.504898 0.620527 0.577377 0.525049 0.267017 0.309833 0.359177 0.462214 0.511543 0.359875 0.237091 0.190986 0.489271 0.694044 0.941836 0.992935 0.595527 0.548676 0.678438 0.571707 0.392953 0.435729 0.791359 0.950834 0.417981 0.478207 0.414969 0.336394 0.193739 0.238601 0.474626 0.500929 0.738932 0.823380 0.719182 0.952253 0.922762 0.618692 0.991772 0.641754 0.664832 0.443773 0.953856 0.749574 0.783367 0.710229 0.514458 0.573189 0.713837 0.909092 0.452996 0.490262 0.768583 0.864291 0.892303 0.998740 0.761633 0.854393 0.990734 0.725796 0.511263 0.879084 0.759810 0.709681
0.214547 0.222951 0.783181 0.724157 0.656359 0.831722 0.745283 0.289379 0.869406 0.285267 0.205140 0.222900 0.319906 0.316644 0.482167 0.579073 0.159889 0.000000 0.227897 0.263682 0.905149 0.846845 0.933525 0.864603 0.664704 0.761650 0.859742 0.998477 0.214672 0.193300 0.622580 0.652599 0.393449 0.313163 0.767341 0.713630 0.883248 0.856027 0.956955 0.817055 0.637326 0.772758 0.600619 0.370065 0.612647 0.323090 0.521090 0.380233 0.248592 0.366997 0.406204 0.424463 0.480442 0.568196 0.563200 0.511101 0.269897 0.293198 0.363745 0.434813 0.472819 0.350040 0.225194 0.187713 0.490932 0.713629 0.950879 0.968082 0.611465 0.568017 0.667348 0.569425 0.378015 0.415739 0.786495 0.863971 0.387682 0.450781 0.378838 0.307604 0.199771 0.244273 0.473275 0.538605 0.777735 0.860773 0.694536 0.961183 0.883870 0.674474 0.941063 0.677838 0.664508 0.474556 0.960877 0.722243 0.754294 0.739204 0.503405 0.536077 0.677063 0.855394 0.445249 0.484551 0.693646 0.873488 0.925035 0.985450 0.778937 0.923257 0.968043 0.740983 0.495616 0.862365 0.742432 0.761532
0.266282 0.267968 0.668283 0.792389 0.589483 0.805353 0.797248 0.335384 0.884791 0.385222 0.240352 0.249719 0.362687 0.322130 0.525245 0.544586 0.247500 0.227897 0.000000 0.270135 0.954850 0.930212 0.935418 0.913425 0.634279 0.659386 0.947200 0.996186 0.276073 0.250110 0.696358 0.755078 0.447134 0.373618 0.681391 0.690581 0.959149 0.920608 0.907177 0.929374 0.711075 0.857762 0.699305 0.476986 0.725005 0.457182 0.576675 0.461506 0.332011 0.372196 0.460289 0.455667 0.557725 0.616184 0.577672 0.551911 0.324530 0.352579 0.398502 0.465171 0.588861 0.371859 0.277574 0.260684 0.436824 0.665412 0.871363 0.942066 0.600489 0.535165 0.638674 0.639158 0.436859 0.437565 0.793728 0.890255 0.362472 0.580799 0.416410 0.334481 0.269651 0.291525 0.537190 0.525403 0.844106 0.894665 0.685512 0.908838 0.853280 0.688269 0.966122 0.652269 0.648573 0.484779 0.852692 0.690346 0.819028 0.657437 0.628135 0.674599 0.674360 0.912329 0.508240 0.547284 0.788482 0.839814 0.977040 0.917966 0.749401 0.998932 0.887597 0.794137 0.602772 0.887482 0.888832 0.683404
0.233277 0.212223 0.621111 0.694948 0.657058 0.832147 0.980714 0.355501 0.796074 0.459317 0.312852 0.232759 0.497693 0.328258 0.625518 0.652422 0.275278 0.263682 0.270135 0.000000 0.976598 0.869058 0.954284 0.972960 0.721928 0.743184 0.932198 0.980039 0.308233 0.321478 0.809442 0.792879 0.613140 0.430423 0.633085 0.590342 0.957145 0.807348 0.929636 0.807570 0.704984 0.793365 0.891513 0.610782 0.867610 0.502629 0.681079 0.554501 0.283835 0.314209 0.449795 0.444044 0.538350 0.649453 0.629948 0.530397 0.294314 0.253406 0.479259 0.420266 0.758893 0.327283 0.382592 0.316496 0.400498 0.695778 0.655206 0.759800 0.423669 0.373405 0.762394 0.793808 0.447954 0.501795 0.750423 0.912098 0.408783 0.629253 0.530863 0.379145 0.256278 0.225098 0.422501 0.519642 0.739033 0.741416 0.662385 0.826294 0.824018 0.689110 0.916811 0.593897 0.605799 0.466621 0.934402 0.776561 0.895586 0.647434 0.721643 0.776128 0.818171 0.989031 0.639975 0.712050 0.798117 0.966915 0.959814 0.886796 0.864722 0.953195 0.986968 0.860040 0.662950 0.878607 0.907309 0.667893
0.966087 0.968503 0.895135 0.968444 0.959955 0.888800 0.916050 0.943383 0.912183 0.821637 0.941787 0.985566 0.927840 0.961832 0.977147 0.993924 0.882268 0.905149 0.954850 0.976598 0.000000 0.925651 0.927797 0.984804 0.943436 0.989803 0.886071 0.963740 0.988302 0.983711 0.783269 0.866214 0.927822 0.934328 0.960640 0.886280 0.743491 0.938335 0.793676 0.843939 0.809727 0.964324 0.878414 0.844099 0.853631 0.868785 0.806078 0.832862 0.926222 0.915506 0.956747 0.909511 0.842516 0.811330 0.923112 0.941778 0.883999 0.990723 0.997887 0.943247 0.984652 0.997929 0.974679 0.959308 0.883099 0.983045 0.966192 0.978578 0.975765 0.954961 0.905166 0.920849 0.995581 0.954199 0.859297 0.955637 0.970412 0.953166 0.971953 0.836011 0.840145 0.836948 0.800316 0.845380 0.721590 0.955787 0.961120 0.985561 0.980930 0.947654 0.835998 0.964623 0.978139 0.978371 0.961096 0.912577 0.939763 0.879245 0.911656 0.919147 0.985319 0.903880 0.875905 0.896661 0.951703 0.863643 0.820715 0.947866 0.989831 0.839726 0.879532 0.963114 0.989564 0.901214 0.957556 0.996744
0.875051 0.812454 0.927874 0.953026 0.983318 0.967465 0.872381 0.989476 0.907052 0.936661 0.941821 0.880828 0.974172 0.924324 0.954532 0.887666 0.879321 0.846845 0.930212 0.869058 0.925651 0.000000 0.884798 0.980063 0.957629 0.948285 0.853027 0.868659 0.918653 0.896188 0.950473 0.994609 0.986059 0.934629 0.954570 0.867873 0.973015 0.665391 0.925187 0.936160 0.882698 0.871493 0.998886 0.925443 0.987246 0.928517 0.909737 0.925915 0.819362 0.910792 0.890522 0.931942 0.960745 0.952432 0.926424 0.949689 0.889394 0.844354 0.957568 0.869091 0.971958 0.922309 0.965505 0.885480 0.849202 0.915430 0.881903 0.953219 0.945372 0.951492 0.984503 0.981318 0.949377 0.890557 0.990829 0.962297 0.974645 0.915069 0.924751 0.851279 0.855456 0.825169 0.982248 0.814774 0.907856 0.896501 0.826007 0.951083 0.995591 0.881161 0.894628 0.774969 0.811435 0.877580 0.986422 0.870242 0.988685 0.888065 0.956403 0.974674 0.964145 0.919226 0.949597 0.915167 0.917852 0.955984 0.914517 0.792713 0.949583 0.899046 0.952739 0.974203 0.923037 0.837889 0.904442 0.996219
0.897985 0.894706 0.788580 0.868794 0.836834 0.789947 0.921284 0.907546 0.832580 0.992690 0.905307 0.941343 0.989162 0.988221 0.762004 0.850391 0.962606 0.933525 0.935418 0.954284 0.927797 0.884798 0.000000 0.485829 0.845062 0.976017 0.921650 0.808100 0.999371 0.998594 0.877148 0.978962 0.903146 0.929360 0.961480 0.921797 0.746223 0.753881 0.937528 0.948231 0.997564 0.992436 0.835713 0.769952 0.824570 0.886519 0.927989 0.817881 0.847609 0.796599 0.660929 0.656025 0.598117 0.533088 0.659715 0.628263 0.973738 0.999734 0.969018 0.931970 0.902758 0.866811 0.990455 0.920194 0.707080 0.932982 0.959202 0.847897 0.938784 0.901571 0.912081 0.761752 0.773160 0.697133 0.958629 0.973205 0.753389 0.840612 0.833068 0.884912 0.955029 0.903013 0.835402 0.926868 0.558053 0.542892 0.870412 0.678841 0.985920 0.912340 0.665336 0.661247 0.889523 0.751668 0.955356 0.805277 0.986720 0.884100 0.695459 0.682410 0.654389 0.688554 0.806219 0.801661 0.948310 0.981616 0.810378 0.664836 0.964954 0.898188 0.999740 0.763161 0.791976 0.830787 0.815811 0.937975
0.924739 0.920577 0.896424 0.946759 0.913849 0.954723 0.668540 0.829829 0.785099 0.895407 0.874786 0.967868 0.898705 0.884007 0.893135 0.759424 0.838904 0.864603 0.913425 0.972960 0.984804 0.980063 0.485829 0.000000 0.982704 0.851919 0.940807 0.848807 0.895604 0.908060 0.901080 0.748396 0.829477 0.780755 0.894363 0.832727 0.986503 0.822062 0.785982 0.944448 0.788754 0.914267 0.728333 0.720887 0.661867 0.787644 0.729541 0.777057 0.866051 0.897817 0.775964 0.781408 0.724780 0.669307 0.636989 0.751678 0.880949 0.960013 0.906550 0.974115 0.763081 0.946407 0.915371 0.919183 0.937173 0.957989 0.746292 0.615630 0.920213 0.996003 0.951891 0.867378 0.679934 0.794284 0.906293 0.913608 0.740599 0.716810 0.708771 0.892272 0.880750 0.961785 0.940610 0.962883 0.742362 0.521059 0.948816 0.634524 0.945216 0.952686 0.638042 0.642757 0.688230 0.769506 0.888452 0.942925 0.792417 0.801043 0.579428 0.670562 0.734675 0.703244 0.723562 0.777585 0.948321 0.928132 0.999898 0.677988 0.952452 0.855978 0.839377 0.756757 0.677856 0.793045 0.715059 0.906284
0.633454 0.702743 0.642585 0.963698 0.989309 0.609905 0.910423 0.591455 0.895446 0.670135 0.541018 0.501015 0.581525 0.477280 0.595900 0.544356 0.671656 0.664704 0.634279 0.721928 0.943436 0.957629 0.845062 0.982704 0.000000 0.515520 0.828326 0.996018 0.629043 0.584682 0.987304 0.927588 0.791560 0.704054 0.699261 0.706945 0.821341 0.963805 0.801522 0.928006 0.987548 0.889043 0.686738 0.630736 0.970345 0.789589 0.664960 0.746218 0.628264 0.589890 0.561823 0.561478 0.631697 0.572019 0.702699 0.767030 0.869711 0.840292 0.648076 0.558513 0.687501 0.528790 0.540843 0.547738 0.528054 0.948594 0.976924 0.976353 0.931646 0.907495 0.698186 0.666973 0.588596 0.536853 0.828788 0.839394 0.676969 0.672128 0.743948 0.720571 0.732636 0.820496 0.892003 0.810959 0.847361 0.957995 0.774004 0.746448 0.743844 0.889990 0.770595 0.939245 0.840931 0.823795 0.989203 0.790717 0.893475 0.767379 0.647064 0.672625 0.669777 0.809296 0.726516 0.707529 0.958270 0.857441 0.953036 0.860958 0.844599 0.838665 0.893262 0.796478 0.866652 0.949893 0.760110 0.852749
0.789242 0.771381 0.387154 0.798331 0.805635 0.897312 0.727207 0.907499 0.811658 0.844851 0.760683 0.620329 0.736410 0.586342 0.777647 0.613801 0.732685 0.761650 0.659386 0.743184 0.989803 0.948285 0.976017 0.851919 0.515520 0.000000 0.921212 0.940955 0.844777 0.736680 0.751649 0.779461 0.938951 0.938205 0.513582 0.741629 0.899384 0.908708 0.755529 0.980326 0.918493 0.974998 0.885955 0.969098 0.727229 0.930538 0.848555 0.958400 0.859684 0.820634 0.895981 0.903584 0.984805 0.983022 0.923313 0.874782 0.783738 0.781172 0.798064 0.796830 0.936100 0.873628 0.735296 0.708113 0.500498 0.658546 0.747465 0.673012 0.827102 0.824726 0.817437 0.689724 0.776996 0.832138 0.871338 0.989915 0.832190 0.887793 0.821032 0.865824 0.853920 0.772202 0.810527 0.987670 0.815434 0.917168 0.730036 0.796305 0.743277 0.915084 0.712852 0.676072 0.504935 0.624289 0.853695 0.759549 0.989308 0.646601 0.990598 0.985497 0.933689 0.743234 0.935628 0.998889 0.923812 0.903663 0.895004 0.817345 0.919725 0.885395 0.803233 0.935374 0.883808 0.906261 0.911398 0.749878
0.962110 0.973174 0.823315 0.950179 0.987096 0.867792 0.642061 0.855058 0.826378 0.777842 0.940682 0.999513 0.985391 0.996282 0.996755 0.975307 0.895296 0.859742 0.947200 0.932198 0.886071 0.853027 0.921650 0.940807 0.828326 0.921212 0.000000 0.979250 0.903102 0.918914 0.922174 0.784371 0.809548 0.838097 0.672708 0.910661 0.996547 0.954198 0.827987 0.957645 0.840889 0.991326 0.628134 0.754424 0.687540 0.838879 0.863033 0.741947 0.954040 0.880797 0.897125 0.980813 0.927864 0.867385 0.756286 0.904683 0.901457 0.798860 0.971230 0.877092 0.749261 0.940553 0.882416 0.907470 0.996250 0.878244 0.626555 0.680606 0.765507 0.654093 0.794752 0.755761 0.842305 0.829996 0.940650 0.949394 0.878512 0.965493 0.898948 0.879686 0.901125 0.996885 0.821645 0.956044 0.960589 0.890314 0.968393 0.769810 0.812220 0.955417 0.774684 0.775056 0.754926 0.871064 0.887665 0.988145 0.886937 0.751358 0.665254 0.676780 0.806021 0.741208 0.868041 0.788736 0.921754 0.922712 0.977422 0.758374 0.885959 0.923868 0.883787 0.797972 0.719221 0.867707 0.875994 0.744355
0.964379 0.955558 0.945394 0.997585 0.993354 0.935343 0.937223 0.956596 0.927012 0.977570 0.986488 0.996509 0.989223 0.959929 0.983027 0.985305 0.947156 0.998477 0.996186 0.980039 0.963740 0.868659 0.808100 0.848807 0.996018 0.940955 0.979250 0.000000 0.988697 0.993823 0.943156 0.914122 0.932319 0.886842 0.968564 0.829220 0.855987 0.909164 0.911434 0.917176 0.875999 0.943636 0.940456 0.868934 0.818510 0.925895 0.967356 0.960839 0.901912 0.984166 0.913006 0.959063 0.911935 0.932848 0.935442 0.867527 0.958387 0.979865 0.956942 0.982934 0.909976 0.984442 0.933218 0.940346 0.978696 0.986001 0.830285 0.857313 0.997554 0.993382 0.959973 0.999756 0.966124 0.977550 0.975099 0.950188 0.941722 0.836089 0.933865 0.907762 0.946364 0.994878 0.958097 0.905816 0.904427 0.976535 0.958551 0.985799 0.887435 0.715787 0.969586 0.960364 0.942930 0.929956 0.928584 0.768803 0.973960 0.841682 0.789752 0.904686 0.804736 0.901707 0.915461 0.945057 0.992520 0.972250 0.915360 0.981398 0.882366 0.954703 0.978831 0.959771 0.853058 0.881199 0.926720 0.949834
0.247916 0.259368 0.792833 0.741530 0.751116 0.703701 0.751458 0.283008 0.968741 0.299904 0.225065 0.265958 0.339776 0.306723 0.461844 0.553058 0.249193 0.214672 0.276073 0.308233 0.988302 0.918653 0.999371 0.895604 0.629043 0.844777 0.903102 0.988697 0.000000 0.199264 0.567710 0.553577 0.371135 0.294211 0.789907 0.756110 0.888911 0.847865 0.860802 0.810135 0.697574 0.758180 0.585190 0.391063 0.626126 0.326252 0.547436 0.421754 0.253698 0.317609 0.355514 0.372649 0.438663 0.506936 0.615560 0.501572 0.379157 0.349982 0.340381 0.399921 0.474342 0.288662 0.244292 0.224837 0.495448 0.815878 0.962120 0.956743 0.667785 0.569651 0.692071 0.635171 0.365813 0.422523 0.707082 0.863140 0.422700 0.464616 0.389006 0.317475 0.236956 0.307153 0.481130 0.595414 0.745968 0.842778 0.784315 0.986389 0.884303 0.685594 0.829062 0.732630 0.778509 0.534583 0.943077 0.752744 0.750630 0.703641 0.530818 0.559291 0.643952 0.788058 0.472326 0.496525 0.628520 0.839101 0.996786 0.985878 0.772174 0.967185 0.966989 0.749478 0.545383 0.842619 0.822411 0.749541
0.242330 0.271750 0.746050 0.788313 0.753381 0.704635 0.727429 0.292857 0.987947 0.273163 0.196342 0.239360 0.267037 0.279598 0.377636 0.439297 0.197727 0.193300 0.250110 0.321478 0.983711 0.896188 0.998594 0.908060 0.584682 0.736680 0.918914 0.993823 0.199264 0.000000 0.532342 0.609396 0.368376 0.280385 0.726964 0.730828 0.862984 0.917640 0.916714 0.852032 0.692163 0.784320 0.527148 0.320608 0.612937 0.318495 0.483867 0.379098 0.252382 0.342339 0.388292 0.396706 0.462721 0.544370 0.631010 0.579406 0.343282 0.344783 0.326655 0.386292 0.457111 0.322775 0.199883 0.172782 0.493774 0.761302 0.967881 0.927349 0.707319 0.569014 0.662680 0.558207 0.414876 0.440308 0.823107 0.884517 0.422577 0.446076 0.377140 0.317783 0.214598 0.302049 0.488355 0.573440 0.807190 0.836821 0.717321 0.960481 0.884754 0.708280 0.927984 0.681416 0.671839 0.445042 0.939557 0.743835 0.739784 0.643690 0.552565 0.566145 0.619319 0.832788 0.462869 0.469867 0.705645 0.832729 0.993322 0.980681 0.686693 0.915763 0.980324 0.687293 0.539060 0.814542 0.727356 0.765875
0.631506 0.680942 0.790865 0.820533 0.971753 0.812132 0.580218 0.546496 0.780615 0.479781 0.661602 0.733860 0.628691 0.758488 0.608064 0.757018 0.637787 0.622580 0.696358 0.809442 0.783269 0.950473 0.877148 0.901080 0.987304 0.751649 0.922174 0.943156 0.567710 0.532342 0.000000 0.419573 0.490027 0.530686 0.924188 0.912161 0.759448 0.976167 0.829453 0.952302 0.752549 0.845925 0.417632 0.407970 0.422732 0.370056 0.637561 0.485977 0.578126 0.705975 0.675669 0.674616 0.661399 0.737087 0.856319 0.802063 0.680112 0.744073 0.669934 0.704015 0.538540 0.624386 0.576281 0.591540 0.988662 0.912920 0.822147 0.607038 0.933238 0.927301 0.732150 0.757368 0.831944 0.741599 0.812928 0.977124 0.637951 0.595284 0.691199 0.593692 0.556556 0.725907 0.811756 0.782406 0.750055 0.944842 0.994301 0.708916 0.849407 0.722631 0.786186 0.969761 0.930381 0.848348 0.883248 0.929658 0.798552 0.925985 0.624777 0.627788 0.586432 0.724897 0.545692 0.566189 0.680119 0.738727 0.936397 0.878108 0.734145 0.888322 0.783088 0.675797 0.542095 0.899487 0.752292 0.959367
0.683323 0.727712 0.887413 0.900628 0.845656 0.755621 0.620163 0.603247 0.773279 0.552574 0.708998 0.779783 0.720131 0.811683 0.729271 0.879691 0.672872 0.652599 0.755078 0.792879 0.866214 0.994609 0.978962 0.748396 0.927588 0.779461 0.784371 0.914122 0.553577 0.609396 0.419573 0.000000 0.500766 0.535043 0.850501 0.936411 0.796785 0.859298 0.758900 0.854545 0.736881 0.916684 0.470921 0.493991 0.508581 0.474478 0.651308 0.480461 0.626530 0.727628 0.668951 0.690570 0.705249 0.719719 0.853920 0.719544 0.749590 0.808697 0.730565 0.770275 0.669262 0.657373 0.649713 0.659811 0.918321 0.968298 0.883863 0.695439 0.871158 0.870542 0.614484 0.724130 0.756729 0.791891 0.828162 0.954784 0.621791 0.636568 0.700532 0.580879 0.585748 0.762888 0.815500 0.906863 0.849852 0.991967 0.873007 0.664218 0.921609 0.804048 0.745289 0.984523 0.812908 0.914448 0.974623 0.985317 0.775658 0.957558 0.638952 0.654299 0.719877 0.813144 0.568127 0.681242 0.654893 0.901547 0.948606 0.785117 0.733936 0.809059 0.771192 0.564285 0.651496 0.755702 0.833793 0.949431
0.488841 0.553163 0.817319 0.643785 0.902261 0.711541 0.457010 0.403976 0.895466 0.386286 0.412920 0.549843 0.425764 0.566711 0.504285 0.669744 0.410159 0.393449 0.447134 0.613140 0.927822 0.986059 0.903146 0.829477 0.791560 0.938951 0.809548 0.932319 0.371135 0.368376 0.490027 0.500766 0.000000 0.392961 0.957319 0.987959 0.693581 0.842160 0.927839 0.839628 0.707556 0.857903 0.439383 0.385515 0.431274 0.357206 0.611079 0.406656 0.497424 0.621312 0.581751 0.608535 0.648143 0.660994 0.679315 0.740678 0.543435 0.628904 0.454546 0.665733 0.396428 0.515046 0.383703 0.405047 0.878614 0.976516 0.702286 0.631014 0.918429 0.776197 0.704981 0.607387 0.569466 0.583333 0.824041 0.934553 0.552721 0.536274 0.474819 0.407935 0.387607 0.531689 0.626291 0.586340 0.726290 0.901032 0.968087 0.947357 0.950586 0.684309 0.786970 0.908947 0.975107 0.754469 0.954091 0.895468 0.678157 0.950659 0.536147 0.529760 0.651752 0.726591 0.492702 0.458898 0.630430 0.734104 0.977694 0.872556 0.690570 0.961523 0.861891 0.597343 0.527479 0.771890 0.765534 0.884402
0.346156 0.398197 0.880352 0.768976 0.781769 0.793718 0.612481 0.335350 0.982411 0.372784 0.339312 0.383214 0.406580 0.416889 0.492670 0.640338 0.309332 0.313163 0.373618 0.430423 0.934328 0.934629 0.929360 0.780755 0.704054 0.938205 0.838097 0.886842 0.294211 0.280385 0.530686 0.535043 0.392961 0.000000 0.921045 0.829803 0.873024 0.797914 0.976394 0.882890 0.735708 0.811768 0.479523 0.320044 0.473041 0.313547 0.513037 0.397612 0.339652 0.442199 0.457619 0.468377 0.502440 0.577559 0.710859 0.610719 0.459761 0.466366 0.414228 0.513651 0.457838 0.378197 0.284985 0.300871 0.605531 0.891835 0.895351 0.753926 0.803733 0.715196 0.626860 0.589631 0.486895 0.530459 0.797651 0.935210 0.395025 0.538026 0.421974 0.392225 0.320952 0.439194 0.552564 0.564491 0.794903 0.916314 0.847150 0.828451 0.960163 0.697988 0.859505 0.800878 0.844033 0.647415 0.990130 0.710865 0.821183 0.911429 0.475894 0.548639 0.642824 0.758201 0.459619 0.498662 0.708981 0.847924 0.947806 0.913878 0.705049 0.993701 0.944456 0.628790 0.538725 0.892631 0.739488 0.854924
0.695985 0.676588 0.446861 0.947349 0.870501 0.868987 0.694882 0.825885 0.733508 0.851942 0.722203 0.607187 0.786774 0.637873 0.831814 0.747941 0.743319 0.767341 0.681391 0.633085 0.960640 0.954570 0.961480 0.894363 0.699261 0.513582 0.672708 0.968564 0.789907 0.726964 0.924188 0.850501 0.957319 0.921045 0.000000 0.789495 0.913902 0.951729 0.911932 0.882275 0.901409 0.941634 0.853098 0.919367 0.840259 0.900130 0.954102 0.975742 0.706040 0.665162 0.836224 0.801173 0.886441 0.933716 0.975797 0.923716 0.711372 0.621320 0.857426 0.670623 0.892751 0.774290 0.751692 0.696639 0.523627 0.672696 0.582514 0.640382 0.737198 0.643946 0.708162 0.847418 0.809107 0.927955 0.920429 0.952494 0.883873 0.905485 0.868729 0.825832 0.789044 0.738295 0.730621 0.906454 0.876540 0.945951 0.715288 0.819244 0.855154 0.897533 0.767680 0.671388 0.614180 0.569556 0.924967 0.836276 0.994696 0.550867 0.927509 0.860936 0.984211 0.774360 0.991596 0.975868 0.769668 0.897327 0.897710 0.804167 0.912709 0.993171 0.908143 0.884075 0.819571 0.971962 0.818403 0.766767
0.562815 0.596994 0.633345 0.778487 0.828327 0.771965 0.924687 0.653133 0.863437 0.776677 0.697826 0.551469 0.721576 0.556216 0.725641 0.736035 0.767070 0.713630 0.690581 0.590342 0.886280 0.867873 0.921797 0.832727 0.706945 0.741629 0.910661 0.829220 0.756110 0.730828 0.912161 0.936411 0.987959 0.829803 0.789495 0.000000 0.783413 0.955295 0.970004 0.960823 0.982569 0.971262 0.964765 0.795173 0.954205 0.767204 0.886948 0.784301 0.628059 0.511319 0.582752 0.537787 0.585450 0.652116 0.806793 0.632406 0.677217 0.618366 0.654020 0.521876 0.872313 0.573633 0.694069 0.648144 0.653360 0.953693 0.735861 0.804884 0.695889 0.606327 0.801330 0.884621 0.844511 0.830536 0.846461 0.869209 0.611215 0.880807 0.817401 0.787284 0.760307 0.727775 0.751783 0.947938 0.992597 0.813652 0.655852 0.934112 0.976175 0.845899 0.987647 0.872911 0.703783 0.745712 0.792749 0.932312 0.963513 0.708274 0.847662 0.833711 0.865309 0.991491 0.773459 0.842401 0.806534 0.894193 0.945534 0.940862 0.874266 0.932358 0.922308 0.962193 0.880083 0.993761 0.883757 0.779934
0.948119 0.959925 0.851165 0.956116 0.865558 0.908080 0.856733 0.919161 0.941298 0.790328 0.939202 0.961807 0.963795 0.944183 0.904786 0.953768 0.830033 0.883248 0.959149 0.957145 0.743491 0.973015 0.746223 0.986503 0.821341 0.899384 0.996547 0.855987 0.888911 0.862984 0.759448 0.796785 0.693581 0.873024 0.913902 0.783413 0.000000 0.791506 0.906609 0.705916 0.863289 0.800066 0.912808 0.912190 0.760350 0.861773 0.971213 0.966015 0.961391 0.907882 0.968739 0.907745 0.875468 0.863043 0.985241 0.951327 0.914695 0.961579 0.963900 0.885207 0.926635 0.940503 0.921980 0.897693 0.887062 0.871451 0.921102 0.964947 0.937953 0.942726 0.861449 0.879302 0.987458 0.980012 0.877453 0.904671 0.988226 0.803758 0.934490 0.820070 0.797354 0.766296 0.818750 0.794563 0.637593 0.737519 0.887311 0.848492 0.926482 0.742250 0.881692 0.855392 0.881037 0.871646 0.975177 0.919588 0.810102 0.982063 0.981525 0.932341 0.994413 0.892489 0.929443 0.873100 0.988883 0.898597 0.852576 0.909552 0.790326 0.938523 0.873078 0.805462 0.901533 0.989370 0.922483 0.919132
0.907637 0.892384 0.957029 0.833022 0.926951 0.915336 0.864509 0.871099 0.992079 0.789771 0.896112 0.927072 0.918250 0.970968 0.886948 0.878426 0.864367 0.856027 0.920608 0.807348 0.938335 0.665391 0.753881 0.822062 0.963805 0.908708 0.954198 0.909164 0.847865 0.917640 0.976167 0.859298 0.842160 0.797914 0.951729 0.955295 0.791506 0.000000 0.919212 0.826004 0.748214 0.828025 0.897579 0.895874 0.729991 0.840312 0.967780 0.890236 0.847409 0.960270 0.839323 0.929438 0.877016 0.881097 0.796879 0.757722 0.958426 0.968471 0.952876 0.901385 0.897839 0.784071 0.962895 0.896552 0.917029 0.806858 0.968388 0.850878 0.838344 0.837701 0.936686 0.770567 0.723572 0.765909 0.906466 0.993041 0.850901 0.936803 0.880315 0.801824 0.765059 0.816762 0.833876 0.656534 0.817736 0.944010 0.978167 0.900025 0.996218 0.748314 0.939181 0.975410 0.982251 0.917461 0.994711 0.789823 0.816556 0.877613 0.954511 0.778173 0.994848 0.901669 0.923673 0.961251 0.987019 0.977590 0.977849 0.980022 0.835390 0.967364 0.917028 0.741010 0.995284 0.973333 0.973928 0.782924
