0.000000 0.132726 0.343528 0.397867 0.676087 0.612080 0.689557 0.551234 0.474400 0.593822 0.314790 0.237337 0.281410 0.312343 0.534400 0.611789 0.233791 0.206299 0.233923 0.183977 0.468143 0.979649 0.539999 0.359656 0.368099 0.603864 0.381135 0.821101 0.443466 0.414044 0.818461 0.621483 0.321344 0.424193 0.783452 0.968046 0.590979 0.606823 0.824068 0.695695 0.587574 0.673046 0.914844 0.849979 0.743725 0.968443 0.572719 0.664952 0.909480 0.756460 0.893182 0.801034 0.870882 0.538618 0.344885 0.490620 0.134857 0.138921 0.370840 0.312787 0.324429 0.465095 0.237428 0.239946 0.253341 0.369380 0.659797 0.794254 0.239598 0.281588 0.638373 0.441663 0.937097 0.795113 0.747958 0.953738 0.889975 0.829482 0.481450 0.401289 0.237497 0.280080 0.326612 0.216556 0.213966 0.180576 0.803640 0.572956 0.473384 0.244568 0.296789 0.376200 0.334050 0.380624 0.879326 0.961471 0.969058 0.860818 0.722064 0.813632 0.629462 0.647800 0.984886 0.778791 0.882552 0.844019 0.958128 0.813999 0.667579 0.774524 0.810161 0.928314 0.775856 0.982109 0.733163 0.546403
0.132726 0.000000 0.309377 0.344513 0.714103 0.610283 0.647816 0.494329 0.494419 0.641545 0.366420 0.248346 0.308399 0.310120 0.517282 0.572803 0.236971 0.223160 0.228544 0.196514 0.488750 0.999813 0.478995 0.337539 0.363482 0.596098 0.367283 0.850851 0.443479 0.414734 0.735589 0.570896 0.318411 0.368142 0.744414 0.989558 0.568232 0.599169 0.760002 0.715574 0.618443 0.639195 0.972970 0.791723 0.774728 0.988963 0.539863 0.632354 0.872215 0.711945 0.835046 0.736762 0.924036 0.598921 0.364731 0.472271 0.133211 0.134177 0.341551 0.302825 0.322060 0.441217 0.254583 0.235751 0.259532 0.382842 0.621909 0.766752 0.263543 0.277654 0.711021 0.455525 0.967230 0.831831 0.710947 0.969353 0.971817 0.850142 0.464560 0.394661 0.253117 0.323024 0.345146 0.246124 0.247478 0.191336 0.810648 0.616496 0.492102 0.256392 0.284499 0.367627 0.329282 0.357044 0.904182 0.998720 0.992462 0.882174 0.743332 0.856740 0.579885 0.664218 0.996026 0.823209 0.875497 0.803853 0.880010 0.795244 0.707668 0.758933 0.794553 0.944191 0.829722 0.998377 0.705154 0.564695
0.343528 0.309377 0.000000 0.212721 0.706466 0.732535 0.590033 0.419653 0.694369 0.776887 0.587561 0.445185 0.426043 0.463722 0.641706 0.578065 0.466027 0.448028 0.372087 0.400532 0.456707 0.983871 0.528973 0.408641 0.336753 0.472610 0.469042 0.935362 0.620044 0.608203 0.665353 0.536821 0.455255 0.464702 0.735533 0.937152 0.513435 0.569363 0.713417 0.611773 0.749365 0.586981 0.936659 0.749100 0.822983 0.989732 0.624417 0.701076 0.944175 0.745907 0.842781 0.766356 0.972360 0.744583 0.476092 0.625626 0.295766 0.307897 0.470111 0.416976 0.456578 0.451934 0.485880 0.445040 0.344645 0.401474 0.631225 0.766246 0.395995 0.363043 0.929248 0.697737 0.889971 0.989865 0.845435 0.889043 0.894276 0.936346 0.545209 0.534441 0.506600 0.551463 0.542358 0.513386 0.505435 0.355410 0.922672 0.914317 0.549493 0.437148 0.480442 0.544270 0.536076 0.513837 0.971075 0.996037 0.842408 0.912040 0.925639 0.993672 0.608771 0.778109 0.986850 0.868364 0.822127 0.750145 0.714601 0.878023 0.851605 0.782626 0.769834 0.976718 0.983022 0.883090 0.608045 0.683371
0.397867 0.344513 0.212721 0.000000 0.750242 0.810566 0.474072 0.264983 0.780352 0.959446 0.736515 0.523781 0.525088 0.497625 0.737734 0.536364 0.561753 0.558944 0.444848 0.538132 0.567305 0.976936 0.475538 0.392058 0.425735 0.470992 0.534044 0.957733 0.739245 0.689180 0.555441 0.497732 0.437041 0.444595 0.665746 0.982022 0.483115 0.569480 0.710334 0.602944 0.813759 0.591497 0.842849 0.674079 0.921543 0.888031 0.596857 0.662064 0.839566 0.646144 0.670630 0.577151 0.832204 0.948214 0.509708 0.600938 0.329825 0.349347 0.363051 0.309126 0.466378 0.400535 0.502076 0.442629 0.489248 0.439942 0.543872 0.626053 0.530761 0.321387 0.962199 0.751683 0.832554 0.962676 0.811674 0.876221 0.795236 0.892416 0.499593 0.571477 0.592543 0.713082 0.626374 0.585601 0.598243 0.390888 0.941583 0.966872 0.530010 0.446838 0.528039 0.603645 0.570872 0.530391 0.927874 0.981811 0.806846 0.833555 0.969513 0.898383 0.671334 0.879239 0.986579 0.797501 0.810503 0.679226 0.637234 0.965037 0.877334 0.737589 0.786982 0.924851 0.890209 0.811864 0.534359 0.761480
0.676087 0.714103 0.706466 0.750242 0.000000 0.683636 0.953362 0.926686 0.686748 0.700443 0.834230 0.816576 0.855952 0.911190 0.923336 0.894239 0.835572 0.823081 0.747942 0.715364 0.791634 0.957259 0.986639 0.900544 0.713820 0.810911 0.827893 0.969061 0.986948 0.967358 0.997325 0.959959 0.846008 0.947592 0.861117 0.826894 0.869992 0.826555 0.846295 0.921330 0.910944 0.925873 0.939798 0.969751 0.797428 0.923447 0.861009 0.897453 0.937768 0.995142 0.913845 0.949068 0.715510 0.608872 0.880896 0.926938 0.688345 0.721772 0.774126 0.727094 0.900790 0.984961 0.867999 0.832213 0.712011 0.914742 0.887258 0.983186 0.612462 0.685524 0.753185 0.765090 0.705929 0.664690 0.906898 0.957274 0.966916 0.873657 0.860147 0.890654 0.837566 0.830238 0.856212 0.796240 0.813779 0.735554 0.940483 0.981578 0.787529 0.751014 0.757140 0.754482 0.860608 0.716816 0.963996 0.898204 0.778243 0.943911 0.881000 0.907714 0.764361 0.688044 0.890605 0.954769 0.991550 0.950190 0.973535 0.980648 0.841691 0.752878 0.966911 0.818017 0.929039 0.976409 0.955037 0.758970
0.612080 0.610283 0.732535 0.810566 0.683636 0.000000 0.861065 0.955348 0.555821 0.622298 0.608731 0.641229 0.844404 0.772270 0.945003 0.972870 0.667050 0.648819 0.675571 0.601887 0.821230 0.868625 0.995476 0.794388 0.727024 0.996749 0.689216 0.906239 0.804163 0.732703 0.925124 0.929196 0.796162 0.907205 0.930660 0.962888 0.869661 0.956624 0.903392 0.990008 0.665942 0.883777 0.732086 0.826780 0.708298 0.867293 0.972225 0.979982 0.919552 0.942727 0.822985 0.834552 0.655666 0.506529 0.876911 0.837212 0.602441 0.605339 0.774892 0.752351 0.818664 0.927953 0.749929 0.724424 0.609337 0.886901 0.913699 0.962459 0.570592 0.728964 0.702089 0.665818 0.584465 0.579949 0.940710 0.826131 0.707234 0.731497 0.907354 0.903629 0.772250 0.711785 0.745323 0.622688 0.709535 0.711000 0.796170 0.861762 0.912779 0.723141 0.511249 0.614644 0.625193 0.645671 0.890342 0.845024 0.905808 0.930196 0.683957 0.683249 0.696228 0.695711 0.931016 0.975068 0.814261 0.833321 0.868417 0.715152 0.734106 0.916623 0.856948 0.883569 0.732437 0.829819 0.870445 0.736704
0.689557 0.647816 0.590033 0.474072 0.953362 0.861065 0.000000 0.217955 0.937303 0.561107 0.969642 0.730652 0.706083 0.696017 0.732556 0.660037 0.708947 0.737027 0.545080 0.754697 0.767914 0.943340 0.353818 0.725363 0.939760 0.843261 0.905150 0.996195 0.592597 0.728651 0.389535 0.449317 0.397643 0.362852 0.731926 0.971621 0.678895 0.701847 0.878292 0.786249 0.816760 0.677209 0.434420 0.366257 0.504234 0.436352 0.458951 0.494100 0.404939 0.329903 0.276438 0.282140 0.383195 0.565797 0.540437 0.487185 0.600488 0.638010 0.380345 0.429892 0.437824 0.370820 0.474619 0.469867 0.824099 0.679134 0.347790 0.349561 0.942650 0.630700 0.615218 0.914850 0.429062 0.542955 0.763852 0.561668 0.577218 0.555791 0.439260 0.601390 0.657122 0.914435 0.721783 0.852501 0.705774 0.706798 0.724204 0.987777 0.685948 0.708055 0.976727 0.957236 0.857801 0.860630 0.667490 0.792695 0.666845 0.760366 0.540304 0.496793 0.926915 0.696119 0.738331 0.617063 0.533112 0.450032 0.555290 0.708399 0.917565 0.867866 0.698210 0.548555 0.543731 0.559157 0.367445 0.982324
0.551234 0.494329 0.419653 0.264983 0.926686 0.955348 0.217955 0.000000 0.975268 0.702572 0.854662 0.589463 0.585441 0.566752 0.708217 0.475052 0.645654 0.657046 0.533405 0.684422 0.691172 0.995281 0.392892 0.532314 0.727941 0.686158 0.735502 0.980943 0.634625 0.670151 0.448708 0.481745 0.406622 0.376794 0.698005 0.968144 0.554297 0.565908 0.921923 0.684660 0.807888 0.620249 0.645554 0.531932 0.785049 0.677120 0.565195 0.644304 0.627194 0.491335 0.429155 0.383173 0.544353 0.737893 0.536871 0.591613 0.462797 0.483828 0.378389 0.368492 0.363138 0.260198 0.451581 0.396560 0.667034 0.490239 0.462236 0.463431 0.801224 0.462841 0.735717 0.952873 0.579249 0.721611 0.711657 0.705536 0.699130 0.701072 0.468089 0.619190 0.656317 0.878137 0.687146 0.756370 0.689518 0.573956 0.848018 0.977753 0.576748 0.635710 0.731220 0.765998 0.667099 0.632388 0.846894 0.957251 0.794746 0.856754 0.784514 0.725366 0.865750 0.922777 0.907165 0.751057 0.664559 0.615963 0.594631 0.841386 0.997933 0.806445 0.787628 0.789352 0.725488 0.673792 0.449003 0.842578
0.474400 0.494419 0.694369 0.780352 0.686748 0.555821 0.937303 0.975268 0.000000 0.519957 0.563700 0.568271 0.699980 0.564089 0.849338 0.976624 0.476090 0.453551 0.503422 0.449114 0.725281 0.925423 0.861510 0.599730 0.503164 0.639261 0.549459 0.968151 0.713060 0.636088 0.997668 0.847580 0.647175 0.703292 0.847468 0.804631 0.717673 0.802111 0.862109 0.966065 0.800158 0.951197 0.942246 0.883719 0.826058 0.996434 0.702635 0.695403 0.931537 0.852835 0.953420 0.990503 0.825434 0.608514 0.596908 0.555422 0.497667 0.506463 0.605821 0.625190 0.821854 0.909231 0.638154 0.622867 0.619911 0.763379 0.780380 0.913390 0.449405 0.591274 0.630833 0.607079 0.790182 0.780345 0.868045 0.954482 0.914251 0.764658 0.718231 0.602220 0.496170 0.432135 0.540370 0.359253 0.517236 0.480546 0.750561 0.569392 0.640811 0.415733 0.533502 0.672900 0.629771 0.680196 0.939279 0.815579 0.985710 0.950069 0.788307 0.950814 0.827848 0.731145 0.840800 0.753993 0.906774 0.854191 0.993674 0.877978 0.693031 0.723855 0.785431 0.944354 0.766945 0.971776 0.990405 0.766872
0.593822 0.641545 0.776887 0.959446 0.700443 0.622298 0.561107 0.702572 0.519957 0.000000 0.523575 0.706947 0.711349 0.754808 0.904286 0.903889 0.700967 0.632856 0.817754 0.583758 0.754224 0.952328 0.795447 0.710887 0.567713 0.800746 0.619325 0.808132 0.992673 0.843133 0.553733 0.782065 0.945177 0.868325 0.940785 0.957107 0.924114 0.808087 0.805040 0.980857 0.764257 0.965572 0.477023 0.581320 0.340895 0.424188 0.823394 0.804724 0.510263 0.581882 0.435901 0.504072 0.369052 0.286215 0.886240 0.985951 0.686669 0.656118 0.949395 0.950971 0.978721 0.868857 0.921624 0.906175 0.555039 0.683397 0.721734 0.584680 0.454530 0.730013 0.395929 0.526191 0.565420 0.536087 0.913933 0.669657 0.550142 0.530204 0.923274 0.874982 0.674636 0.450525 0.714317 0.512395 0.610398 0.558782 0.597913 0.572402 0.810372 0.635796 0.576383 0.574830 0.774704 0.784069 0.675831 0.953131 0.777202 0.719950 0.429261 0.508274 0.672615 0.537038 0.759911 0.809903 0.775470 0.761801 0.763779 0.639645 0.661570 0.985365 0.925172 0.590678 0.413082 0.707522 0.709687 0.656090
0.314790 0.366420 0.587561 0.736515 0.834230 0.608731 0.969642 0.854662 0.563700 0.523575 0.000000 0.245079 0.283219 0.310740 0.446261 0.594050 0.274980 0.209968 0.439515 0.281441 0.634261 0.877366 0.844193 0.547999 0.541149 0.837121 0.472157 0.774711 0.396325 0.305527 0.893250 0.894809 0.594996 0.636738 0.982254 0.962585 0.765197 0.725803 0.907196 0.812812 0.555663 0.959692 0.610710 0.791834 0.565870 0.692432 0.906937 0.978667 0.784303 0.902491 0.745373 0.809015 0.633033 0.390273 0.530015 0.713017 0.352381 0.324432 0.804438 0.737776 0.364048 0.515533 0.399528 0.379991 0.234328 0.357800 0.957790 0.886434 0.394885 0.617666 0.519891 0.512587 0.838122 0.760654 0.738224 0.861561 0.557971 0.717194 0.746643 0.608347 0.367828 0.322804 0.402211 0.308254 0.344646 0.374743 0.500430 0.607061 0.615445 0.533882 0.314540 0.331047 0.292745 0.430833 0.739723 0.934217 0.701608 0.631490 0.420271 0.524126 0.573732 0.561703 0.789892 0.931123 0.819739 0.856473 0.781301 0.637206 0.661525 0.997536 0.968900 0.730007 0.547059 0.712884 0.973898 0.530369
0.237337 0.248346 0.445185 0.523781 0.816576 0.641229 0.730652 0.589463 0.568271 0.706947 0.245079 0.000000 0.201070 0.194843 0.352169 0.407789 0.189255 0.176905 0.290340 0.234834 0.534536 0.929013 0.546942 0.409406 0.427424 0.692972 0.383588 0.840276 0.338015 0.255759 0.803627 0.634168 0.386086 0.404476 0.781334 0.992655 0.599021 0.611584 0.797603 0.678908 0.559501 0.794289 0.811775 0.955142 0.735704 0.905035 0.676736 0.795222 0.985275 0.856696 0.979410 0.898314 0.870652 0.580835 0.363685 0.557341 0.243445 0.205313 0.579408 0.528265 0.225825 0.337666 0.227081 0.193510 0.241611 0.307774 0.829664 0.903995 0.346269 0.430905 0.697254 0.563723 0.984674 0.892089 0.621582 0.939087 0.804758 0.828069 0.562622 0.433063 0.279587 0.327483 0.295058 0.272473 0.279757 0.271926 0.648182 0.608949 0.474617 0.420066 0.262710 0.316724 0.232350 0.298288 0.804168 0.926698 0.796509 0.717430 0.593943 0.687480 0.592506 0.662350 0.967661 0.893220 0.981924 0.954492 0.964679 0.668576 0.644700 0.796671 0.874226 0.833522 0.689784 0.813294 0.741167 0.536545
0.281410 0.308399 0.426043 0.525088 0.855952 0.844404 0.706083 0.585441 0.699980 0.711349 0.283219 0.201070 0.000000 0.205148 0.306834 0.365715 0.280658 0.233362 0.348041 0.307864 0.564453 0.962998 0.552950 0.374096 0.462819 0.641514 0.456240 0.801736 0.407468 0.378006 0.872367 0.604902 0.460812 0.458423 0.834181 0.919161 0.726334 0.677202 0.880098 0.736091 0.573585 0.782899 0.834407 0.992354 0.713225 0.849925 0.711831 0.856362 0.938878 0.890017 0.978578 0.891534 0.895261 0.642748 0.372422 0.586398 0.291120 0.266001 0.633727 0.566203 0.248032 0.382755 0.269117 0.276956 0.266663 0.248954 0.881465 0.936184 0.403921 0.465001 0.665601 0.583217 0.956418 0.961440 0.699349 0.979160 0.832741 0.817963 0.577682 0.394520 0.266048 0.290833 0.358645 0.317121 0.270371 0.252786 0.636711 0.602080 0.478443 0.457265 0.397749 0.432511 0.348755 0.429475 0.821181 0.909047 0.869843 0.732790 0.659275 0.747571 0.593842 0.785672 0.894728 0.941747 0.974552 0.957444 0.986228 0.746969 0.702966 0.942497 0.895078 0.788309 0.704612 0.841086 0.721853 0.521168
0.312343 0.310120 0.463722 0.497625 0.911190 0.772270 0.696017 0.566752 0.564089 0.754808 0.310740 0.194843 0.205148 0.000000 0.314202 0.320945 0.224561 0.198441 0.314596 0.303912 0.579383 0.893375 0.507692 0.308014 0.436005 0.588427 0.428270 0.873383 0.397067 0.278915 0.768178 0.561756 0.409279 0.380928 0.810359 0.957961 0.636608 0.663752 0.805633 0.726828 0.660100 0.836878 0.897993 0.907464 0.797149 0.950117 0.654024 0.744561 0.986393 0.802151 0.912270 0.818591 0.989107 0.740411 0.334006 0.483926 0.295372 0.264350 0.581560 0.542138 0.276027 0.343518 0.267298 0.244648 0.341335 0.251003 0.792805 0.840055 0.439770 0.462559 0.752399 0.622269 0.898685 0.953654 0.674421 0.947549 0.886364 0.885064 0.537980 0.399121 0.269613 0.312528 0.291786 0.251451 0.320406 0.258693 0.645360 0.544834 0.451415 0.441441 0.357184 0.414283 0.321401 0.409029 0.914761 0.922654 0.846014 0.796022 0.683677 0.829673 0.609338 0.785558 0.992430 0.865584 0.970037 0.870304 0.916988 0.772582 0.655575 0.896859 0.822761 0.879022 0.760360 0.862353 0.707632 0.583991
0.534400 0.517282 0.641706 0.737734 0.923336 0.945003 0.732556 0.708217 0.849338 0.904286 0.446261 0.352169 0.306834 0.314202 0.000000 0.361050 0.396488 0.378689 0.505658 0.470853 0.688866 0.879134 0.559139 0.471314 0.704653 0.824916 0.641464 0.798069 0.402701 0.401304 0.844266 0.679555 0.593566 0.489211 0.920050 0.866449 0.888390 0.925781 0.903024 0.820318 0.700094 0.910676 0.983660 0.922709 0.941234 0.999396 0.727315 0.806109 0.919578 0.841836 0.878583 0.834224 0.960336 0.850951 0.439999 0.585273 0.513672 0.492685 0.779663 0.792000 0.356188 0.482870 0.419888 0.432061 0.452054 0.425076 0.933403 0.996755 0.662555 0.756238 0.747877 0.724530 0.859329 0.896189 0.712682 0.912319 0.947247 0.901931 0.616919 0.521631 0.380297 0.441603 0.477377 0.481958 0.422833 0.500577 0.715330 0.676549 0.691195 0.671712 0.597453 0.602905 0.457886 0.578202 0.947899 0.924450 0.743629 0.748620 0.797822 0.859878 0.635310 0.863338 0.974408 0.928835 0.946668 0.934959 0.924675 0.727922 0.738514 0.945455 0.930505 0.875852 0.862350 0.865476 0.739373 0.669013
0.611789 0.572803 0.578065 0.536364 0.894239 0.972870 0.660037 0.475052 0.976624 0.903889 0.594050 0.407789 0.365715 0.320945 0.361050 0.000000 0.490070 0.515267 0.618654 0.636915 0.678049 0.895001 0.553586 0.435492 0.640350 0.696632 0.671324 0.927111 0.527071 0.441587 0.682039 0.570000 0.603235 0.482917 0.884892 0.994700 0.730688 0.716040 0.881828 0.670495 0.817642 0.836683 0.960678 0.934675 0.901211 0.974395 0.808409 0.881959 0.992283 0.828075 0.808787 0.723878 0.801066 0.956861 0.531915 0.749353 0.545687 0.519187 0.731651 0.725891 0.373474 0.340407 0.473127 0.433749 0.574673 0.373361 0.912008 0.837749 0.797198 0.652982 0.970557 0.864756 0.795676 0.865008 0.586669 0.857987 0.988333 0.997568 0.671886 0.588328 0.587089 0.686265 0.544109 0.645147 0.659616 0.562356 0.764992 0.915847 0.680355 0.753251 0.555004 0.546708 0.456153 0.488915 0.901691 0.820897 0.745412 0.819889 0.804565 0.896970 0.705671 0.892196 0.948762 0.972683 0.903270 0.971627 0.847092 0.784352 0.852000 0.988726 0.970411 0.867375 0.904471 0.915523 0.709746 0.707972
0.233791 0.236971 0.466027 0.561753 0.835572 0.667050 0.708947 0.645654 0.476090 0.700967 0.274980 0.189255 0.280658 0.224561 0.396488 0.490070 0.000000 0.154642 0.230522 0.204157 0.561730 0.994649 0.517527 0.412940 0.432499 0.680531 0.429614 0.826834 0.272060 0.240009 0.747407 0.597533 0.330777 0.352518 0.793284 0.942603 0.610297 0.689196 0.857590 0.713288 0.639846 0.769724 0.954512 0.811958 0.859757 0.947282 0.522970 0.616465 0.865093 0.715052 0.869580 0.798833 0.952587 0.646106 0.320981 0.433988 0.233741 0.210970 0.497841 0.483379 0.301325 0.425953 0.234563 0.221186 0.284119 0.380395 0.704337 0.777274 0.347492 0.441361 0.730405 0.527876 0.960498 0.953298 0.681365 0.935413 0.925272 0.927044 0.483411 0.401036 0.209879 0.281121 0.256058 0.242234 0.239008 0.250805 0.699364 0.520508 0.511837 0.353107 0.335067 0.416825 0.293959 0.384671 0.935467 0.990603 0.895539 0.791187 0.721132 0.841908 0.689092 0.693007 0.905475 0.780464 0.905619 0.821997 0.953946 0.784033 0.673599 0.821023 0.820583 0.976929 0.812360 0.867050 0.745134 0.605161
0.206299 0.223160 0.448028 0.558944 0.823081 0.648819 0.737027 0.657046 0.453551 0.632856 0.209968 0.176905 0.233362 0.198441 0.378689 0.515267 0.154642 0.000000 0.233486 0.182672 0.540671 0.930804 0.558797 0.379299 0.428778 0.666628 0.428700 0.791459 0.306732 0.264960 0.841781 0.612975 0.361309 0.390119 0.826126 0.940825 0.638968 0.665938 0.856278 0.726103 0.601429 0.792483 0.875847 0.894912 0.782456 0.959252 0.613468 0.708548 0.943756 0.788835 0.961330 0.884326 0.878871 0.566088 0.313454 0.457200 0.216216 0.194594 0.525697 0.502167 0.292505 0.423322 0.227932 0.220163 0.247779 0.334557 0.749672 0.846773 0.322924 0.433562 0.663823 0.505912 0.986506 0.912884 0.713956 0.995178 0.821818 0.843380 0.502016 0.405931 0.197340 0.237402 0.274924 0.200193 0.214371 0.230083 0.648210 0.510854 0.527793 0.342596 0.307798 0.367462 0.280439 0.380757 0.928628 0.987927 0.859706 0.795413 0.653888 0.792314 0.617374 0.649400 0.974601 0.850420 0.929286 0.875111 0.979900 0.746631 0.641826 0.851824 0.841858 0.907607 0.753341 0.884472 0.752165 0.551283
0.233923 0.228544 0.372087 0.444848 0.747942 0.675571 0.545080 0.533405 0.503422 0.817754 0.439515 0.290340 0.348041 0.314596 0.505658 0.618654 0.230522 0.233486 0.000000 0.212597 0.487625 0.927352 0.328099 0.418730 0.431974 0.637326 0.468811 0.933789 0.354004 0.392021 0.572238 0.421650 0.216290 0.288742 0.673665 0.997973 0.575429 0.690432 0.828594 0.714096 0.608591 0.696208 0.826531 0.599108 0.953862 0.736501 0.361958 0.439090 0.679435 0.517744 0.699036 0.625249 0.925032 0.761575 0.293627 0.334729 0.222844 0.228118 0.344523 0.357527 0.332473 0.454486 0.209882 0.214145 0.371938 0.489911 0.482488 0.608868 0.344528 0.357583 0.875948 0.627340 0.874506 0.964962 0.770871 0.879836 0.868186 0.981118 0.372618 0.329187 0.219093 0.333501 0.292506 0.284781 0.247563 0.253891 0.824538 0.618178 0.521723 0.297673 0.453451 0.549737 0.428140 0.469252 0.855456 0.873321 0.877407 0.963403 0.972218 0.934370 0.787390 0.789398 0.761702 0.655026 0.714374 0.616800 0.832019 0.880335 0.764447 0.707635 0.672789 0.907844 0.993569 0.881176 0.561305 0.600697
0.183977 0.196514 0.400532 0.538132 0.715364 0.601887 0.754697 0.684422 0.449114 0.583758 0.281441 0.234834 0.307864 0.303912 0.470853 0.636915 0.204157 0.182672 0.212597 0.000000 0.489576 0.986577 0.520856 0.430724 0.415891 0.671345 0.379286 0.845493 0.375595 0.341134 0.777604 0.653787 0.352828 0.404342 0.841920 0.961338 0.652927 0.638104 0.819956 0.745674 0.584938 0.792449 0.918647 0.851546 0.790445 0.990431 0.560324 0.653355 0.919081 0.771256 0.949927 0.870004 0.837707 0.523398 0.347893 0.487786 0.210650 0.204414 0.497517 0.457309 0.359435 0.516346 0.272315 0.261961 0.261907 0.430859 0.705402 0.854418 0.260479 0.371329 0.667786 0.520889 0.986825 0.884022 0.770793 0.999506 0.893496 0.848528 0.501671 0.433561 0.227495 0.261670 0.327315 0.235759 0.235406 0.246661 0.718247 0.555294 0.540930 0.300037 0.325431 0.405618 0.348406 0.396157 0.941852 0.909874 0.954152 0.842542 0.696965 0.793037 0.647886 0.625752 0.971620 0.821281 0.892300 0.863617 0.958376 0.745103 0.758603 0.799060 0.822738 0.931180 0.757655 0.904402 0.773849 0.580154
0.468143 0.488750 0.456707 0.567305 0.791634 0.821230 0.767914 0.691172 0.725281 0.754224 0.634261 0.534536 0.564453 0.579383 0.688866 0.678049 0.561730 0.540671 0.487625 0.489576 0.000000 0.944658 0.641108 0.599875 0.495842 0.604972 0.584482 0.930594 0.665818 0.657205 0.746915 0.574164 0.499938 0.573486 0.991834 0.912134 0.671410 0.709766 0.841448 0.697213 0.870818 0.744384 0.949046 0.782056 0.944324 0.921516 0.657152 0.641870 0.895407 0.745909 0.891782 0.814759 0.984064 0.769047 0.494626 0.695906 0.469261 0.491949 0.582472 0.563982 0.581320 0.646034 0.526659 0.540845 0.535025 0.618931 0.699654 0.838497 0.491805 0.593859 0.897281 0.678032 0.984245 0.992050 0.856470 0.888357 0.952006 0.990248 0.656117 0.470062 0.548293 0.567369 0.496018 0.576386 0.560198 0.510941 0.964018 0.917739 0.676110 0.580937 0.597969 0.641337 0.691218 0.707739 0.986451 0.893689 0.890820 0.969783 0.953822 0.994908 0.785564 0.800643 0.931821 0.727454 0.866003 0.763835 0.908031 0.844970 0.731115 0.756111 0.836349 0.929918 0.941756 0.718021 0.665215 0.697928
0.979649 0.999813 0.983871 0.976936 0.957259 0.868625 0.943340 0.995281 0.925423 0.952328 0.877366 0.929013 0.962998 0.893375 0.879134 0.895001 0.994649 0.930804 0.927352 0.986577 0.944658 0.000000 0.815832 0.971550 0.960184 0.899784 0.883275 0.875767 0.922164 0.902567 0.814676 0.894195 0.928973 0.887390 0.931821 0.971637 0.855242 0.969060 0.960005 0.944246 0.988970 0.822361 0.745826 0.759249 0.822879 0.788794 0.763584 0.781460 0.761332 0.796407 0.798645 0.813767 0.882519 0.896178 0.967359 0.936048 0.947552 0.947403 0.927996 0.939903 0.892175 0.900741 0.997057 0.999465 0.902511 0.814047 0.809788 0.936693 0.936408 0.997881 0.863713 0.987465 0.935740 0.902574 0.999132 0.973341 0.703848 0.986781 0.902337 0.878343 0.931942 0.999660 0.985718 0.954990 0.967792 0.999903 0.935072 0.937785 0.955437 0.925658 0.891853 0.778689 0.859534 0.857244 0.808131 0.824243 0.829434 0.901252 0.734985 0.892451 0.904804 0.926491 0.830911 0.805168 0.790632 0.780983 0.908133 0.959069 0.825673 0.706591 0.929675 0.851138 0.853037 0.759769 0.972054 0.816767
0.539999 0.478995 0.528973 0.475538 0.986639 0.995476 0.353818 0.392892 0.861510 0.795447 0.844193 0.546942 0.552950 0.507692 0.559139 0.553586 0.517527 0.558797 0.328099 0.520856 0.641108 0.815832 0.000000 0.512388 0.678255 0.703789 0.731355 0.937013 0.539375 0.627275 0.321153 0.302869 0.301589 0.298560 0.616800 0.985100 0.642496 0.763326 0.897009 0.782046 0.786174 0.663810 0.503621 0.368936 0.616287 0.460815 0.282486 0.356742 0.443128 0.326149 0.379634 0.323860 0.546440 0.752944 0.376158 0.354404 0.501848 0.497657 0.372796 0.424134 0.471987 0.506478 0.353772 0.354767 0.716230 0.701072 0.389792 0.453540 0.678323 0.486592 0.783264 0.937496 0.569147 0.677838 0.715049 0.682799 0.557523 0.808951 0.376534 0.420064 0.430717 0.643284 0.550637 0.602657 0.476781 0.504589 0.918500 0.743151 0.666637 0.500016 0.777624 0.841241 0.693158 0.659104 0.767473 0.933776 0.856883 0.801759 0.697698 0.636732 0.999514 0.886823 0.630572 0.566895 0.608189 0.448525 0.667204 0.956968 0.907122 0.680337 0.696647 0.744494 0.715151 0.702685 0.413931 0.777242
0.359656 0.337539 0.408641 0.392058 0.900544 0.794388 0.725363 0.532314 0.599730 0.710887 0.547999 0.409406 0.374096 0.308014 0.471314 0.435492 0.412940 0.379299 0.418730 0.430724 0.599875 0.971550 0.512388 0.000000 0.438610 0.527948 0.542185 0.876868 0.628983 0.537790 0.824274 0.583189 0.477896 0.494656 0.796174 0.947711 0.677212 0.702079 0.763901 0.772929 0.739687 0.714311 0.951774 0.887646 0.776015 0.942911 0.634080 0.738743 0.959517 0.767996 0.849629 0.732827 0.961922 0.822934 0.413024 0.553021 0.327164 0.320135 0.489550 0.469004 0.463868 0.512030 0.412842 0.411211 0.450889 0.375184 0.718665 0.824801 0.435949 0.379031 0.750886 0.657088 0.991114 0.928509 0.827214 0.987936 0.971453 0.808234 0.585579 0.506719 0.378664 0.405293 0.445213 0.344009 0.404945 0.285511 0.787614 0.579023 0.494819 0.403389 0.454984 0.480985 0.446782 0.505757 0.927598 0.901017 0.932105 0.995376 0.807248 0.918895 0.629050 0.790677 0.985783 0.840635 0.964507 0.831717 0.921936 0.771112 0.603922 0.872257 0.801341 0.846449 0.807417 0.988400 0.824588 0.662787
0.368099 0.363482 0.336753 0.425735 0.713820 0.727024 0.939760 0.727941 0.503164 0.567713 0.541149 0.427424 0.462819 0.436005 0.704653 0.640350 0.432499 0.428778 0.431974 0.415891 0.495842 0.960184 0.678255 0.438610 0.000000 0.280683 0.376218 0.905261 0.743032 0.625771 0.822481 0.638511 0.541821 0.591834 0.635236 0.971696 0.496202 0.591566 0.542892 0.676073 0.834960 0.652722 0.885826 0.888742 0.663500 0.858549 0.675303 0.750953 0.879512 0.888838 0.926185 0.961069 0.794026 0.602264 0.552298 0.659694 0.380106 0.345514 0.611757 0.543246 0.639272 0.659288 0.579210 0.516187 0.379723 0.471978 0.809381 0.928119 0.321328 0.417721 0.788864 0.604692 0.898740 0.865372 0.800517 0.917898 0.982749 0.876760 0.692334 0.561930 0.512155 0.453882 0.521543 0.373749 0.493860 0.325060 0.781890 0.779955 0.505122 0.375606 0.377278 0.460033 0.493757 0.488867 0.866431 0.988351 0.988319 0.935101 0.731544 0.868479 0.613604 0.648981 0.935839 0.817114 0.879161 0.822974 0.913889 0.683814 0.743796 0.736286 0.856275 0.799169 0.811099 0.973064 0.759915 0.634874
0.603864 0.596098 0.472610 0.470992 0.810911 0.996749 0.843261 0.686158 0.639261 0.800746 0.837121 0.692972 0.641514 0.588427 0.824916 0.696632 0.680531 0.666628 0.637326 0.671345 0.604972 0.899784 0.703789 0.527948 0.280683 0.000000 0.536388 0.927212 0.922059 0.814740 0.725969 0.650041 0.654621 0.628435 0.634759 0.894884 0.553430 0.614236 0.607383 0.759977 0.986306 0.566944 0.900774 0.734954 0.877294 0.984041 0.675980 0.716514 0.997892 0.783929 0.894867 0.794530 0.960675 0.921237 0.594501 0.613755 0.597190 0.569256 0.649444 0.591245 0.809616 0.717866 0.743022 0.695160 0.643461 0.587836 0.742537 0.801940 0.562339 0.518821 0.995189 0.778544 0.969425 0.948042 0.907668 0.910159 0.855156 0.960737 0.719395 0.646026 0.689397 0.667586 0.729720 0.563151 0.686080 0.481653 0.904390 0.878374 0.545779 0.481120 0.660542 0.754252 0.773572 0.693010 0.982612 0.844440 0.812130 0.900984 0.958213 0.895645 0.744727 0.923289 0.896723 0.747913 0.720672 0.740005 0.790809 0.905409 0.852781 0.764117 0.909274 0.955783 0.980812 0.860563 0.690191 0.807700
0.381135 0.367283 0.469042 0.534044 0.827893 0.689216 0.905150 0.735502 0.549459 0.619325 0.472157 0.383588 0.456240 0.428270 0.641464 0.671324 0.429614 0.428700 0.468811 0.379286 0.584482 0.883275 0.731355 0.542185 0.376218 0.536388 0.000000 0.840949 0.652483 0.551767 0.837737 0.761969 0.613549 0.578105 0.824730 0.832312 0.513856 0.662058 0.664470 0.691306 0.725705 0.821860 0.848053 0.961990 0.693202 0.852865 0.765630 0.826754 0.899597 0.950342 0.948211 0.952298 0.818362 0.607474 0.544971 0.701452 0.397932 0.377932 0.669165 0.566495 0.544340 0.579221 0.534336 0.475190 0.397504 0.457764 0.840950 0.952010 0.443361 0.546245 0.758567 0.640144 0.940027 0.873592 0.642497 0.842350 0.921419 0.826944 0.722773 0.603685 0.528651 0.460155 0.534832 0.434648 0.457319 0.358008 0.736590 0.735790 0.538855 0.464656 0.385882 0.508694 0.462592 0.551159 0.850617 0.993348 0.905294 0.827003 0.701332 0.739536 0.535914 0.690806 0.981653 0.846537 0.961004 0.848427 0.979055 0.707908 0.873687 0.853079 0.776178 0.849474 0.728705 0.923814 0.770056 0.749527
0.821101 0.850851 0.935362 0.957733 0.969061 0.906239 0.996195 0.980943 0.968151 0.808132 0.774711 0.840276 0.801736 0.873383 0.798069 0.927111 0.826834 0.791459 0.933789 0.845493 0.930594 0.875767 0.937013 0.876868 0.905261 0.927212 0.840949 0.000000 0.917536 0.922589 0.753997 0.870030 0.977668 0.975964 0.950911 0.989622 0.961591 0.865490 0.915262 0.998035 0.970220 0.859954 0.874710 0.919494 0.781114 0.787181 0.910658 0.924964 0.826606 0.806179 0.853484 0.861482 0.910596 0.784914 0.946757 0.957569 0.833505 0.806980 0.979713 0.998626 0.840349 0.884371 0.912011 0.882572 0.730175 0.689935 0.850777 0.805177 0.873225 0.881168 0.879401 0.924034 0.981570 0.968398 0.906500 0.891001 0.774211 0.869360 0.926724 0.961949 0.846824 0.768345 0.955362 0.855819 0.804360 0.781930 0.972856 0.897662 0.924749 0.818391 0.864515 0.834401 0.812916 0.933931 0.888523 0.920358 0.794200 0.867852 0.810297 0.864716 0.784817 0.903279 0.958223 0.968841 0.965045 0.893227 0.862127 0.991419 0.957630 0.844172 0.994385 0.840745 0.858433 0.865453 0.978927 0.792915
0.443466 0.443479 0.620044 0.739245 0.986948 0.804163 0.592597 0.634625 0.713060 0.992673 0.396325 0.338015 0.407468 0.397067 0.402701 0.527071 0.272060 0.306732 0.354004 0.375595 0.665818 0.922164 0.539375 0.628983 0.743032 0.922059 0.652483 0.917536 0.000000 0.231343 0.698059 0.632843 0.376116 0.344393 0.898323 0.945234 0.739950 0.745267 0.997209 0.735246 0.674963 0.792855 0.895870 0.726093 0.891645 0.777770 0.559062 0.635107 0.711680 0.648088 0.753394 0.748577 0.901291 0.866659 0.402289 0.482982 0.436966 0.426730 0.615380 0.659904 0.316910 0.411442 0.309467 0.307213 0.467989 0.542135 0.670082 0.717399 0.623678 0.621193 0.964178 0.806936 0.799675 0.836393 0.694869 0.859581 0.979507 0.892902 0.533818 0.495815 0.355409 0.512311 0.366650 0.493611 0.438464 0.539703 0.777219 0.689268 0.662275 0.591949 0.574304 0.625879 0.409917 0.526611 0.977593 0.927520 0.937120 0.857699 0.886302 0.956110 0.896275 0.859440 0.843770 0.800317 0.883546 0.797866 0.875819 0.916595 0.787961 0.814986 0.852691 0.911420 0.970279 0.981030 0.696882 0.730144
0.414044 0.414734 0.608203 0.689180 0.967358 0.732703 0.728651 0.670151 0.636088 0.843133 0.305527 0.255759 0.378006 0.278915 0.401304 0.441587 0.240009 0.264960 0.392021 0.341134 0.657205 0.902567 0.627275 0.537790 0.625771 0.814740 0.551767 0.922589 0.231343 0.000000 0.723748 0.673797 0.444826 0.386129 0.931074 0.819228 0.623436 0.617807 0.835624 0.741449 0.668216 0.835508 0.860970 0.917340 0.877295 0.992099 0.676252 0.765354 0.955296 0.823743 0.947301 0.899240 0.951896 0.739627 0.431405 0.551294 0.417887 0.378496 0.685296 0.697479 0.293913 0.347820 0.330802 0.292894 0.402173 0.410162 0.822901 0.825836 0.552396 0.578172 0.831202 0.745335 0.882126 0.955608 0.698895 0.937631 0.823268 0.969714 0.589076 0.509350 0.380609 0.508279 0.343137 0.415581 0.472478 0.482706 0.642756 0.650584 0.580973 0.576839 0.388311 0.410955 0.304080 0.391341 0.879148 0.996650 0.814087 0.773411 0.649633 0.748736 0.799987 0.701452 0.975275 0.937057 0.974442 0.921982 0.968311 0.737871 0.731653 0.883358 0.912534 0.955011 0.788675 0.865276 0.817105 0.743800
0.818461 0.735589 0.665353 0.555441 0.997325 0.925124 0.389535 0.448708 0.997668 0.553733 0.893250 0.803627 0.872367 0.768178 0.844266 0.682039 0.747407 0.841781 0.572238 0.777604 0.746915 0.814676 0.321153 0.824274 0.822481 0.725969 0.837737 0.753997 0.698059 0.723748 0.000000 0.347564 0.433961 0.348839 0.648344 0.869336 0.563874 0.769402 0.869360 0.793294 0.952914 0.735756 0.445725 0.333472 0.488686 0.365406 0.323645 0.366537 0.440815 0.326853 0.338017 0.303086 0.435131 0.554045 0.572236 0.510202 0.747786 0.755563 0.487574 0.565516 0.665495 0.574499 0.600837 0.567139 0.970952 0.945349 0.385904 0.359685 0.971277 0.691565 0.555825 0.858384 0.526653 0.585335 0.848010 0.614141 0.438272 0.613937 0.450362 0.632254 0.754691 0.940907 0.807977 0.925292 0.857960 0.818941 0.772312 0.950997 0.807282 0.740537 0.898055 0.989383 0.866654 0.771469 0.667767 0.880762 0.714280 0.746208 0.541673 0.527063 0.905788 0.837739 0.586100 0.638051 0.611115 0.433132 0.603932 0.838348 0.815608 0.740132 0.730618 0.560317 0.525049 0.662903 0.431626 0.891757
0.621483 0.570896 0.536821 0.497732 0.959959 0.929196 0.449317 0.481745 0.847580 0.782065 0.894809 0.634168 0.604902 0.561756 0.679555 0.570000 0.597533 0.612975 0.421650 0.653787 0.574164 0.894195 0.302869 0.583189 0.638511 0.650041 0.761969 0.870030 0.632843 0.673797 0.347564 0.000000 0.367669 0.347145 0.688195 0.965079 0.628885 0.747291 0.883019 0.727991 0.969582 0.703516 0.618577 0.463551 0.663140 0.512621 0.347777 0.380075 0.549813 0.407750 0.466579 0.398349 0.571079 0.771182 0.459786 0.469151 0.548427 0.559554 0.410432 0.486858 0.560126 0.557054 0.451056 0.465837 0.791699 0.743993 0.451492 0.427707 0.732129 0.578354 0.826419 0.927914 0.656039 0.739039 0.736846 0.737792 0.646558 0.870826 0.462736 0.428450 0.526102 0.742014 0.545635 0.682254 0.624111 0.583696 0.881679 0.942218 0.752767 0.588239 0.776399 0.818100 0.742845 0.704761 0.761512 0.980092 0.786090 0.812515 0.709408 0.619924 0.946033 0.932678 0.626773 0.597165 0.733328 0.453918 0.732195 0.975769 0.960497 0.742059 0.639985 0.783532 0.652445 0.667726 0.461895 0.935644
0.321344 0.318411 0.455255 0.437041 0.846008 0.796162 0.397643 0.406622 0.647175 0.945177 0.594996 0.386086 0.460812 0.409279 0.593566 0.603235 0.330777 0.361309 0.216290 0.352828 0.499938 0.928973 0.301589 0.477896 0.541821 0.654621 0.613549 0.977668 0.376116 0.444826 0.433961 0.367669 0.000000 0.241514 0.657077 0.961066 0.572093 0.691768 0.919356 0.715450 0.741955 0.652623 0.674496 0.467145 0.781112 0.572893 0.298546 0.376677 0.525115 0.390088 0.496390 0.435074 0.709118 0.996840 0.316894 0.325754 0.288011 0.305126 0.278670 0.305015 0.341710 0.398600 0.237553 0.234392 0.505562 0.575324 0.391045 0.482690 0.486726 0.374226 0.997794 0.740484 0.734069 0.832321 0.777957 0.741177 0.782701 0.851440 0.308928 0.362512 0.319803 0.525923 0.374670 0.407451 0.369893 0.368381 0.968233 0.695353 0.551993 0.378571 0.533484 0.663245 0.503796 0.532397 0.823149 0.872469 0.800338 0.941044 0.866857 0.792717 0.889993 0.936489 0.713278 0.576973 0.612402 0.526784 0.786572 0.998526 0.783129 0.688337 0.701289 0.752200 0.836837 0.747243 0.523753 0.758777
0.424193 0.368142 0.464702 0.444595 0.947592 0.907205 0.362852 0.376794 0.703292 0.868325 0.636738 0.404476 0.458423 0.380928 0.489211 0.482917 0.352518 0.390119 0.288742 0.404342 0.573486 0.887390 0.298560 0.494656 0.591834 0.628435 0.578105 0.975964 0.344393 0.386129 0.348839 0.347145 0.241514 0.000000 0.640562 0.866068 0.526765 0.631521 0.831124 0.761555 0.806197 0.623161 0.638874 0.441718 0.746874 0.580976 0.304003 0.398141 0.558973 0.417778 0.488492 0.434358 0.633066 0.895246 0.350096 0.332156 0.375278 0.390388 0.369725 0.432344 0.333160 0.340460 0.272199 0.247790 0.556498 0.532102 0.423548 0.497749 0.622625 0.462365 0.868765 0.865825 0.651920 0.715003 0.740125 0.708286 0.707637 0.745961 0.335550 0.367901 0.365439 0.598329 0.423053 0.501288 0.467772 0.448247 0.972029 0.761617 0.543682 0.449289 0.577058 0.663501 0.520652 0.525881 0.835215 0.868197 0.853489 0.921285 0.842890 0.756030 0.849358 0.973861 0.743440 0.640334 0.678876 0.545978 0.642992 0.989336 0.898396 0.727055 0.733647 0.747223 0.822842 0.786831 0.430063 0.860467
0.783452 0.744414 0.735533 0.665746 0.861117 0.930660 0.731926 0.698005 0.847468 0.940785 0.982254 0.781334 0.834181 0.810359 0.920050 0.884892 0.793284 0.826126 0.673665 0.841920 0.991834 0.931821 0.616800 0.796174 0.635236 0.634759 0.824730 0.950911 0.898323 0.931074 0.648344 0.688195 0.657077 0.640562 0.000000 0.978888 0.622076 0.899294 0.755097 0.810291 0.827216 0.704471 0.678061 0.566014 0.814514 0.728306 0.575318 0.650035 0.762126 0.621866 0.687200 0.679235 0.759723 0.872744 0.685088 0.590617 0.759697 0.753684 0.663226 0.688764 0.840121 0.793247 0.739794 0.693880 0.846457 0.877423 0.623950 0.678159 0.844026 0.715796 0.849417 0.960919 0.851059 0.802735 0.974355 0.796853 0.675603 0.752680 0.770748 0.762849 0.769227 0.860261 0.869880 0.770212 0.770467 0.722025 0.970249 0.970565 0.591731 0.675629 0.869515 0.909518 0.853186 0.763783 0.835667 0.971620 0.791616 0.913652 0.815970 0.711064 0.948953 0.962229 0.604329 0.656964 0.602826 0.706470 0.782024 0.994159 0.880964 0.678541 0.708195 0.795118 0.824358 0.923266 0.543404 0.944990
0.968046 0.989558 0.937152 0.982022 0.826894 0.962888 0.971621 0.968144 0.804631 0.957107 0.962585 0.992655 0.919161 0.957961 0.866449 0.994700 0.942603 0.940825 0.997973 0.961338 0.912134 0.971637 0.985100 0.947711 0.971696 0.894884 0.832312 0.989622 0.945234 0.819228 0.869336 0.965079 0.961066 0.866068 0.978888 0.000000 0.681252 0.765886 0.887259 0.995671 0.908147 0.858337 0.946470 0.961657 0.998838 0.988406 0.996352 0.917362 0.893151 0.953302 0.934769 0.956418 0.982854 0.927432 0.972548 0.873680 0.943636 0.969558 0.968908 0.920328 0.958129 0.940693 0.984227 0.954389 0.906277 0.995268 0.952584 0.875291 0.888883 0.935636 0.884700 0.784097 0.813136 0.944620 0.920955 0.960443 0.909020 0.910577 0.980453 0.995221 0.954876 0.934831 0.983824 0.987094 0.928017 0.984821 0.906398 0.990712 0.926956 0.942800 0.921310 0.937616 0.974338 0.957403 0.876118 0.752329 0.826533 0.732437 0.969127 0.994566 0.807822 0.932695 0.825613 0.826176 0.955376 0.895976 0.925853 0.902761 0.932482 0.936130 0.985086 0.946096 0.964164 0.991710 0.905700 0.813209
0.590979 0.568232 0.513435 0.483115 0.869992 0.869661 0.678895 0.554297 0.717673 0.924114 0.765197 0.599021 0.726334 0.636608 0.888390 0.730688 0.610297 0.638968 0.575429 0.652927 0.671410 0.855242 0.642496 0.677212 0.496202 0.553430 0.513856 0.961591 0.739950 0.623436 0.563874 0.628885 0.572093 0.526765 0.622076 0.681252 0.000000 0.545679 0.644344 0.658122 0.825633 0.677044 0.938012 0.724336 0.941227 0.919010 0.676598 0.684385 0.967330 0.766237 0.833798 0.777406 0.917825 0.971957 0.599447 0.658698 0.596428 0.567812 0.611407 0.629566 0.637099 0.544963 0.601261 0.531857 0.669294 0.631691 0.640372 0.688082 0.694548 0.575123 0.847156 0.984169 0.761136 0.865290 0.761553 0.979045 0.888095 0.946761 0.724222 0.772087 0.743854 0.822701 0.635983 0.673648 0.720417 0.574488 0.918146 0.911691 0.600762 0.593284 0.558452 0.638138 0.599156 0.590258 0.938225 0.838809 0.974194 0.938750 0.957035 0.960204 0.884730 0.849174 0.764402 0.708216 0.720462 0.684363 0.858074 0.892461 0.934588 0.816303 0.866878 0.961404 0.984357 0.928732 0.632016 0.961870
0.606823 0.599169 0.569363 0.569480 0.826555 0.956624 0.701847 0.565908 0.802111 0.808087 0.725803 0.611584 0.677202 0.663752 0.925781 0.716040 0.689196 0.665938 0.690432 0.638104 0.709766 0.969060 0.763326 0.702079 0.591566 0.614236 0.662058 0.865490 0.745267 0.617807 0.769402 0.747291 0.691768 0.631521 0.899294 0.765886 0.545679 0.000000 0.766616 0.822252 0.803213 0.651704 0.861164 0.956523 0.761973 0.857252 0.904863 0.953750 0.847379 0.994828 0.962648 0.971750 0.962265 0.839205 0.742576 0.851195 0.613500 0.564542 0.768381 0.712401 0.590858 0.511137 0.664118 0.556179 0.639719 0.527088 0.896816 0.871178 0.657263 0.471398 0.911782 0.886816 0.882970 0.943430 0.734615 0.974524 0.918499 0.950765 0.762755 0.814853 0.777252 0.815462 0.644514 0.726031 0.787151 0.634099 0.914732 0.924654 0.595724 0.640991 0.581475 0.560646 0.659638 0.532037 0.851300 0.887664 0.933517 0.966489 0.800467 0.877126 0.941888 0.836607 0.951465 0.984308 0.913010 0.867822 0.855436 0.921041 0.951002 0.820211 0.910496 0.813659 0.784801 0.968102 0.815153 0.714904
