0.000000 0.308146 0.591700 0.567960 0.832847 0.613040 0.372084 0.338488 0.591436 0.615461 0.367692 0.274812 0.304347 0.399687 0.584696 0.568712 0.408317 0.399648 0.397639 0.373527 0.915349 0.904677 0.688135 0.857797 0.962783 0.855823 0.865614 0.875966 0.430515 0.484953 0.735052 0.826113 0.342561 0.293491 0.641880 0.902248 0.692017 0.866171 0.892685 0.878137 0.803253 0.825400 0.599973 0.610386 0.585795 0.595374 0.492502 0.575468 0.916677 0.849060 0.713966 0.696603 0.898048 0.983517 0.761853 0.720119 0.385357 0.350364 0.263892 0.343633 0.256404 0.275050 0.399808 0.391608 0.619975 0.487010 0.445647 0.455578 0.554681 0.646551 0.556842 0.646404 0.814661 0.728555 0.897521 0.839466 0.553836 0.733827 0.649281 0.775163 0.365878 0.535087 0.763603 0.688336 0.499887 0.624893 0.991278 0.874606 0.561684 0.619061 0.677699 0.798112 0.708156 0.790766 0.724270 0.752250 0.540228 0.692770 0.447784 0.435393 0.609149 0.712851 0.541045 0.653672 0.434752 0.577275 0.790014 0.623052 0.639237 0.683008 0.700269 0.651853 0.686623 0.929641 0.711439 0.955334
0.308146 0.000000 0.634518 0.554823 0.931125 0.654427 0.452593 0.345223 0.718292 0.695272 0.579955 0.410180 0.533382 0.534964 0.770322 0.670141 0.432633 0.466104 0.385891 0.318553 0.923982 0.908803 0.744327 0.771690 0.955058 0.778751 0.919474 0.878117 0.519294 0.648164 0.722952 0.780457 0.399097 0.355352 0.710529 0.838817 0.767302 0.969314 0.978377 0.887998 0.730604 0.894186 0.466898 0.479866 0.481798 0.452451 0.442160 0.487308 0.745099 0.671178 0.569514 0.592002 0.837532 0.942589 0.664867 0.744603 0.291664 0.241915 0.380058 0.365869 0.438531 0.313083 0.603671 0.578784 0.653465 0.453737 0.471281 0.433521 0.488604 0.514107 0.627878 0.698794 0.665549 0.622841 0.757152 0.744041 0.646400 0.723049 0.666651 0.693063 0.454645 0.485152 0.704424 0.681108 0.552752 0.559459 0.925669 0.997220 0.673842 0.660531 0.706886 0.855732 0.749603 0.906012 0.647675 0.881006 0.492765 0.703622 0.470079 0.423199 0.691825 0.738930 0.571270 0.730482 0.470288 0.579777 0.963643 0.647509 0.614228 0.667987 0.608841 0.534903 0.659770 0.792404 0.592694 0.987015
0.591700 0.634518 0.000000 0.193151 0.885994 0.763242 0.281811 0.414403 0.560002 0.921943 0.851700 0.774423 0.569282 0.625661 0.547914 0.444923 0.943189 0.870337 0.434499 0.537523 0.574193 0.874376 0.303358 0.400669 0.377395 0.303293 0.903011 0.868900 0.936738 0.926217 0.358538 0.530356 0.437593 0.403249 0.413942 0.695677 0.431924 0.675236 0.818500 0.842997 0.833552 0.979774 0.437804 0.536187 0.646164 0.736290 0.518233 0.429804 0.867748 0.839194 0.701174 0.683173 0.696392 0.657424 0.650908 0.741365 0.914326 0.829207 0.645256 0.757252 0.541692 0.617452 0.909728 0.994586 0.217905 0.354372 0.322438 0.370887 0.666113 0.833342 0.436792 0.414894 0.660327 0.668650 0.822321 0.980952 0.556683 0.577413 0.842948 0.666368 0.792585 0.697364 0.738386 0.889900 0.373519 0.359114 0.868141 0.981122 0.681432 0.632083 0.489766 0.621988 0.522115 0.589220 0.622914 0.849760 0.580397 0.918420 0.643374 0.595116 0.741986 0.732686 0.802575 0.928612 0.568880 0.532215 0.787885 0.753920 0.714001 0.879282 0.696928 0.868457 0.814822 0.893846 0.772032 0.928223
0.567960 0.554823 0.193151 0.000000 0.951513 0.691980 0.268885 0.359649 0.605774 0.920154 0.855291 0.700568 0.597010 0.582236 0.588933 0.467026 0.912937 0.854623 0.409738 0.464788 0.575783 0.917014 0.329879 0.359092 0.416451 0.306908 0.920538 0.866054 0.958072 0.948604 0.406727 0.529190 0.432608 0.399514 0.426672 0.674444 0.505122 0.701203 0.786826 0.829163 0.793003 0.978559 0.386897 0.473724 0.634364 0.712949 0.465306 0.400043 0.873313 0.821096 0.662281 0.652884 0.689077 0.656554 0.722690 0.756716 0.840654 0.788310 0.602710 0.667726 0.539379 0.546746 0.948008 0.982712 0.213585 0.257650 0.283748 0.285703 0.706385 0.808883 0.391137 0.372553 0.629232 0.638709 0.752077 0.898178 0.543728 0.580449 0.854352 0.637438 0.815540 0.729297 0.742114 0.915058 0.376106 0.346920 0.798651 0.994099 0.698558 0.644514 0.432065 0.604431 0.482958 0.569623 0.614516 0.800093 0.532604 0.836460 0.595867 0.536285 0.672987 0.676438 0.783855 0.913279 0.525683 0.497383 0.795991 0.725973 0.660745 0.864643 0.635173 0.794100 0.797516 0.893598 0.692838 0.891373
0.832847 0.931125 0.885994 0.951513 0.000000 0.987905 0.877119 0.915659 0.728391 0.774223 0.883521 0.872282 0.741632 0.848578 0.707209 0.885028 0.738970 0.822834 0.839570 0.982529 0.983772 0.938365 0.823635 0.955464 0.969764 0.903330 0.756877 0.969814 0.828428 0.796530 0.923487 0.928594 0.790600 0.832293 0.706951 0.857258 0.878629 0.886592 0.958373 0.786565 0.998317 0.997950 0.953516 0.937289 0.921225 0.967469 0.973086 0.996651 0.952620 0.848408 0.955672 0.953255 0.925917 0.999499 0.924035 0.921424 0.841438 0.777138 0.755310 0.888433 0.766731 0.922130 0.631372 0.713624 0.853082 0.966654 0.814875 0.891075 0.989683 0.975588 0.884558 0.900526 0.999304 0.890311 0.878480 0.905200 0.958623 0.924101 0.933502 0.942772 0.730318 0.966900 0.878328 0.770198 0.790945 0.935671 0.953058 0.708826 0.700075 0.939969 0.910206 0.890374 0.927964 0.843524 0.923721 0.962360 0.864340 0.914734 0.840226 0.950215 0.935676 0.969320 0.752657 0.891949 0.947721 0.778792 0.986269 0.881548 0.906400 0.910992 0.882643 0.978879 0.955192 0.993735 0.986623 0.894262
0.613040 0.654427 0.763242 0.691980 0.987905 0.000000 0.559494 0.496860 0.678714 0.728986 0.710217 0.651496 0.734540 0.817854 0.966248 0.835939 0.892367 0.798158 0.743998 0.686109 0.854465 0.990390 0.928058 0.996642 0.919562 0.813381 0.781643 0.910118 0.863359 0.950482 0.949043 0.958871 0.716203 0.647358 0.862703 0.918435 0.874529 0.991656 0.906600 0.832884 0.866279 0.850626 0.593970 0.623157 0.774079 0.750751 0.616462 0.753712 0.980898 0.850704 0.772758 0.696611 0.866278 0.784899 0.906285 0.850970 0.796021 0.798037 0.633188 0.595527 0.626142 0.517779 0.920264 0.884717 0.795149 0.551578 0.587535 0.539229 0.809979 0.765355 0.711883 0.700556 0.839977 0.825254 0.923506 0.941736 0.697729 0.737694 0.893362 0.860746 0.792196 0.893843 0.808236 0.907057 0.906156 0.861341 0.932449 0.860303 0.765732 0.911456 0.569129 0.641170 0.596520 0.651922 0.948138 0.801777 0.719312 0.781513 0.534178 0.618452 0.669238 0.666549 0.710056 0.665429 0.715857 0.736329 0.744144 0.715880 0.884092 0.874093 0.690506 0.659333 0.770536 0.894983 0.679624 0.839987
0.372084 0.452593 0.281811 0.268885 0.877119 0.559494 0.000000 0.198632 0.387454 0.578599 0.559561 0.472404 0.417080 0.507653 0.522308 0.436961 0.692201 0.591450 0.362585 0.427618 0.713332 0.916832 0.453811 0.635399 0.691827 0.493123 0.903046 0.946903 0.645052 0.661385 0.491604 0.639243 0.342002 0.262692 0.447846 0.723266 0.565910 0.733184 0.956391 0.810636 0.759547 0.881152 0.366382 0.405176 0.470603 0.531569 0.456020 0.445282 0.975576 0.782109 0.548186 0.542252 0.608944 0.615823 0.661593 0.733642 0.707475 0.626247 0.397778 0.574867 0.367370 0.391299 0.683052 0.696117 0.368385 0.339476 0.226523 0.284426 0.675456 0.753885 0.324812 0.373603 0.622218 0.616130 0.819199 0.954121 0.395751 0.535463 0.686703 0.744172 0.573755 0.659940 0.759033 0.819521 0.461998 0.497913 0.956407 0.919127 0.608073 0.660649 0.341226 0.480892 0.373297 0.472039 0.583112 0.712748 0.397383 0.682354 0.353308 0.353763 0.540246 0.545075 0.571852 0.691898 0.386000 0.428107 0.699038 0.585934 0.641665 0.757377 0.571290 0.643275 0.683667 0.819194 0.637662 0.868243
0.338488 0.345223 0.414403 0.359649 0.915659 0.496860 0.198632 0.000000 0.469599 0.525045 0.511274 0.375291 0.443303 0.495760 0.654279 0.570797 0.653410 0.580658 0.408299 0.401097 0.814728 0.933156 0.612060 0.737724 0.863000 0.619425 0.786321 0.864047 0.591974 0.681154 0.605408 0.711641 0.381767 0.286934 0.543309 0.787944 0.741365 0.867080 0.998579 0.801357 0.734649 0.861944 0.371270 0.408965 0.541603 0.559049 0.461358 0.497981 0.941900 0.808648 0.595030 0.578080 0.718038 0.743975 0.758719 0.750704 0.574592 0.519941 0.361280 0.456152 0.344511 0.267010 0.670759 0.648822 0.497774 0.323905 0.282699 0.285533 0.673676 0.655868 0.406088 0.418762 0.690506 0.626583 0.808126 0.868376 0.477395 0.635013 0.734333 0.750931 0.590530 0.687644 0.824025 0.890228 0.569187 0.599432 0.906804 0.869934 0.620675 0.723373 0.385675 0.546884 0.411228 0.563256 0.625552 0.709852 0.375571 0.611915 0.339321 0.320394 0.490595 0.529403 0.564508 0.679150 0.359899 0.419391 0.693563 0.558827 0.623114 0.675921 0.483675 0.550374 0.593171 0.844521 0.554956 0.840820
0.591436 0.718292 0.560002 0.605774 0.728391 0.678714 0.387454 0.469599 0.000000 0.454025 0.554225 0.603885 0.554735 0.788506 0.644271 0.634507 0.731754 0.722690 0.729892 0.724183 0.870978 0.991359 0.725739 0.997391 0.988717 0.828382 0.851773 0.846270 0.624515 0.673629 0.821216 0.967560 0.649775 0.509964 0.681451 0.939684 0.802581 0.844134 0.843684 0.925402 0.858290 0.765948 0.636597 0.574826 0.629594 0.660465 0.741066 0.715295 0.933194 0.895231 0.664330 0.597892 0.576608 0.627063 0.681254 0.792501 0.974634 0.801224 0.430608 0.622210 0.482339 0.571500 0.672832 0.648792 0.662634 0.723565 0.509308 0.602888 0.819850 0.838511 0.491519 0.599983 0.723540 0.840363 0.917702 0.880394 0.522982 0.700025 0.691370 0.964549 0.677183 0.885633 0.980364 0.856980 0.801366 0.923193 0.912114 0.790494 0.590315 0.857484 0.499257 0.444026 0.505151 0.441012 0.725296 0.975872 0.534324 0.741398 0.469888 0.485477 0.632750 0.609271 0.648883 0.701706 0.542894 0.475855 0.649297 0.592197 0.742500 0.798505 0.666349 0.687936 0.633001 0.801330 0.687002 0.876645
0.615461 0.695272 0.921943 0.920154 0.774223 0.728986 0.578599 0.525045 0.454025 0.000000 0.520836 0.556633 0.708984 0.865279 0.782522 0.888292 0.584708 0.541191 0.790968 0.811097 0.847916 0.972907 0.922237 0.628236 0.661908 0.818597 0.785040 0.770238 0.511279 0.548964 0.907801 0.801427 0.828911 0.632600 0.811261 0.941955 0.962112 0.997517 0.836152 0.901161 0.833692 0.694815 0.762383 0.687630 0.655576 0.643482 0.860194 0.951126 0.803284 0.881418 0.620762 0.629186 0.723310 0.753922 0.999041 0.902984 0.777816 0.688830 0.473144 0.717735 0.658220 0.642405 0.595561 0.491093 0.937505 0.957052 0.671707 0.775633 0.847383 0.866586 0.545142 0.696730 0.866816 0.844649 0.968183 0.901975 0.558438 0.741729 0.766721 0.849361 0.597955 0.921725 0.941326 0.874871 0.921946 0.769032 0.797555 0.642083 0.789434 0.928160 0.530418 0.473148 0.516692 0.523858 0.800139 0.811961 0.576859 0.624706 0.382547 0.460895 0.603750 0.596558 0.427997 0.515087 0.572482 0.606356 0.758247 0.537332 0.829165 0.716878 0.612254 0.648649 0.511472 0.793953 0.677164 0.834646
0.367692 0.579955 0.851700 0.855291 0.883521 0.710217 0.559561 0.511274 0.554225 0.520836 0.000000 0.284096 0.355586 0.460937 0.733084 0.709510 0.461350 0.420459 0.612152 0.584980 0.882658 0.952633 0.946907 0.888347 0.674836 0.868475 0.744188 0.688131 0.363058 0.359134 0.937979 0.960651 0.543668 0.469156 0.860105 0.914169 0.979365 0.978026 0.942151 0.863043 0.997522 0.766871 0.941896 0.830774 0.747293 0.724805 0.821704 0.889703 0.925492 0.992883 0.919016 0.935895 0.998317 0.884915 0.835666 0.896118 0.630194 0.541053 0.438911 0.526003 0.341728 0.371001 0.325203 0.281758 0.900466 0.756225 0.696777 0.704347 0.820246 0.854493 0.797074 0.903333 0.891411 0.982238 0.928892 0.950397 0.767786 0.949694 0.619631 0.910085 0.387746 0.615299 0.947275 0.688751 0.784485 0.913867 0.862679 0.844417 0.664632 0.786534 0.874086 0.917911 0.877194 0.902930 0.844415 0.821709 0.735789 0.758212 0.616424 0.627938 0.643170 0.819463 0.703683 0.782192 0.593090 0.742461 0.805191 0.786379 0.781567 0.744079 0.775684 0.817959 0.813295 0.896632 0.807525 0.909975
0.274812 0.410180 0.774423 0.700568 0.872282 0.651496 0.472404 0.375291 0.603885 0.556633 0.284096 0.000000 0.310277 0.399703 0.688902 0.675783 0.396378 0.404822 0.528184 0.444520 0.975833 0.957768 0.846832 0.963769 0.746047 0.960877 0.852527 0.758199 0.384799 0.397990 0.920583 0.953993 0.462945 0.377297 0.771906 0.998420 0.975340 0.994169 0.931309 0.836842 0.829314 0.827915 0.767020 0.712196 0.682487 0.691201 0.670152 0.691110 0.929644 0.954978 0.853197 0.827662 0.976982 0.937719 0.858860 0.854732 0.461574 0.442004 0.315371 0.386491 0.283293 0.243917 0.365017 0.306187 0.776044 0.542856 0.549025 0.531867 0.750955 0.699369 0.691232 0.787849 0.994889 0.864480 0.845455 0.862033 0.648238 0.818054 0.666221 0.813210 0.395407 0.612440 0.843020 0.726649 0.680169 0.775790 0.923107 0.875506 0.641354 0.724869 0.740695 0.858519 0.793169 0.833484 0.769546 0.829221 0.625009 0.728287 0.484193 0.507527 0.613445 0.775611 0.601591 0.675482 0.506683 0.606083 0.838618 0.721197 0.691021 0.749531 0.683117 0.642352 0.758170 0.966415 0.698609 0.955829
0.304347 0.533382 0.569282 0.597010 0.741632 0.734540 0.417080 0.443303 0.554735 0.708984 0.355586 0.310277 0.000000 0.294937 0.463262 0.453556 0.530192 0.501371 0.464513 0.480341 0.796857 0.996352 0.528401 0.760467 0.980162 0.828953 0.947364 0.870834 0.481742 0.397133 0.636283 0.778367 0.321005 0.342160 0.642345 0.896983 0.733488 0.791071 0.984078 0.815691 0.859666 0.863863 0.758142 0.774267 0.804056 0.823957 0.717127 0.681924 0.795550 0.875604 0.990447 0.915683 0.993299 0.959320 0.809928 0.889539 0.595548 0.536222 0.386993 0.488227 0.211097 0.341610 0.312609 0.377798 0.554645 0.501012 0.497595 0.542186 0.788353 0.755062 0.644671 0.728333 0.939295 0.934090 0.880101 0.918287 0.694640 0.760947 0.734709 0.716434 0.410390 0.628343 0.764774 0.761252 0.433732 0.582670 0.895432 0.864435 0.634680 0.663009 0.757630 0.894724 0.811272 0.800561 0.858977 0.814296 0.694602 0.863321 0.613987 0.654942 0.675881 0.757735 0.720253 0.825594 0.571729 0.562188 0.794691 0.768205 0.750946 0.806450 0.849261 0.835194 0.892749 0.998966 0.773546 0.990823
0.399687 0.534964 0.625661 0.582236 0.848578 0.817854 0.507653 0.495760 0.788506 0.865279 0.460937 0.399703 0.294937 0.000000 0.503215 0.454884 0.648643 0.538222 0.390101 0.510370 0.854094 0.973737 0.485103 0.613427 0.935178 0.834900 0.999153 0.988964 0.600453 0.480340 0.575281 0.644088 0.283182 0.372834 0.638383 0.786205 0.684854 0.874441 0.908000 0.810039 0.857359 0.929368 0.825355 0.854407 0.871434 0.907019 0.823021 0.776841 0.723803 0.795281 0.955254 0.960772 0.893991 0.835224 0.945782 0.990811 0.522317 0.529369 0.495260 0.520761 0.326102 0.428956 0.412214 0.496288 0.589323 0.461417 0.528786 0.451901 0.924987 0.791319 0.723822 0.654501 0.926794 0.891665 0.818790 0.832908 0.851919 0.800654 0.695691 0.644698 0.544098 0.721028 0.626888 0.775350 0.414266 0.493281 0.780158 0.955441 0.656360 0.607520 0.841752 0.928926 0.870868 0.976075 0.904506 0.774138 0.787404 0.906267 0.748219 0.748416 0.639328 0.890374 0.849309 0.988358 0.627600 0.711423 0.954523 0.877462 0.760850 0.838611 0.816070 0.903934 0.966824 0.869740 0.820229 0.968663
0.584696 0.770322 0.547914 0.588933 0.707209 0.966248 0.522308 0.654279 0.644271 0.782522 0.733084 0.688902 0.463262 0.503215 0.000000 0.441912 0.785236 0.697044 0.590537 0.718037 0.644337 0.925305 0.387327 0.669483 0.734539 0.723690 0.866710 0.908375 0.731020 0.615605 0.483033 0.713105 0.439834 0.492523 0.554863 0.791198 0.529326 0.668569 0.959027 0.998963 0.782555 0.936448 0.771957 0.901992 0.745632 0.848333 0.800402 0.715195 0.768176 0.924236 0.817412 0.752542 0.747943 0.767778 0.828136 0.819858 0.824067 0.781393 0.530784 0.729923 0.466090 0.702268 0.580437 0.628640 0.546907 0.668697 0.519580 0.602652 0.835227 0.798440 0.551713 0.533283 0.819508 0.873734 0.892587 0.953798 0.749976 0.793074 0.723288 0.885912 0.714155 0.896023 0.574054 0.802849 0.461403 0.600080 0.785377 0.984326 0.713581 0.647378 0.698127 0.742878 0.758212 0.689326 0.799673 0.814739 0.728359 0.879580 0.677086 0.696100 0.849755 0.836533 0.767727 0.833808 0.639695 0.546493 0.747489 0.660623 0.815320 0.969294 0.810692 0.887700 0.963513 0.814788 0.791368 0.970543
0.568712 0.670141 0.444923 0.467026 0.885028 0.835939 0.436961 0.570797 0.634507 0.888292 0.709510 0.675783 0.453556 0.454884 0.441912 0.000000 0.772133 0.619071 0.436780 0.517671 0.638464 0.986241 0.351994 0.495337 0.652527 0.535560 0.880482 0.914537 0.643204 0.609530 0.411583 0.504436 0.378035 0.427941 0.519953 0.645742 0.452954 0.688174 0.992012 0.897676 0.798134 0.978044 0.662452 0.680522 0.682586 0.710609 0.668606 0.649898 0.864262 0.910729 0.798867 0.744826 0.768318 0.763408 0.710634 0.868038 0.757984 0.755248 0.635241 0.789223 0.524717 0.659383 0.680025 0.763766 0.490169 0.543247 0.492544 0.524105 0.847070 0.833624 0.553684 0.526131 0.736154 0.601774 0.807269 0.898675 0.713176 0.747155 0.627745 0.618800 0.608933 0.686506 0.584837 0.788248 0.396349 0.447400 0.794033 0.907517 0.760836 0.718052 0.613591 0.820366 0.686515 0.679366 0.673357 0.900417 0.680300 0.848063 0.705228 0.743017 0.755041 0.791833 0.808980 0.945325 0.609269 0.724803 0.858538 0.809030 0.774379 0.907721 0.901395 0.876738 0.952860 0.928821 0.843894 0.943546
0.408317 0.432633 0.943189 0.912937 0.738970 0.892367 0.692201 0.653410 0.731754 0.584708 0.461350 0.396378 0.530192 0.648643 0.785236 0.772133 0.000000 0.288463 0.543447 0.497369 0.861840 0.915575 0.964392 0.927888 0.790828 0.826937 0.982093 0.839630 0.314592 0.367654 0.964612 0.945727 0.580860 0.542680 0.845864 0.990037 0.845204 0.935166 0.998469 0.833547 0.834219 0.830149 0.859792 0.761592 0.535953 0.501302 0.715166 0.799721 0.636249 0.745314 0.681002 0.755817 0.866794 0.977093 0.762717 0.753883 0.387517 0.311007 0.463936 0.614584 0.561294 0.554201 0.355888 0.314550 0.954523 0.876173 0.754375 0.767745 0.637827 0.785051 0.785980 0.979253 0.932976 0.798437 0.932122 0.864362 0.723682 0.819491 0.649414 0.958108 0.264260 0.465291 0.730871 0.480856 0.731014 0.846871 0.900933 0.948373 0.717571 0.710019 0.942438 0.961887 0.974247 0.994197 0.675435 0.994116 0.659803 0.730732 0.594991 0.628284 0.828765 0.965755 0.524825 0.559276 0.636675 0.783676 0.939090 0.805446 0.763786 0.766371 0.822391 0.678435 0.802070 0.864741 0.862481 0.998163
0.399648 0.466104 0.870337 0.854623 0.822834 0.798158 0.591450 0.580658 0.722690 0.541191 0.420459 0.404822 0.501371 0.538222 0.697044 0.619071 0.288463 0.000000 0.471584 0.470810 0.934341 0.879937 0.899699 0.964704 0.821455 0.958914 0.999325 0.897490 0.277690 0.291787 0.843435 0.866355 0.506048 0.493316 0.799158 0.928665 0.718377 0.857015 0.919646 0.838169 0.843893 0.763891 0.824687 0.733847 0.500311 0.470267 0.721581 0.795682 0.712228 0.742976 0.637446 0.713136 0.833455 0.939958 0.729090 0.860878 0.380052 0.341062 0.475973 0.673192 0.542344 0.555582 0.368377 0.311356 0.924220 0.812200 0.660901 0.677000 0.637029 0.742201 0.731777 0.868828 0.841185 0.670619 0.982051 0.819308 0.743346 0.809182 0.536925 0.845550 0.226137 0.419062 0.679707 0.534333 0.723407 0.782073 0.891264 0.926417 0.669862 0.768341 0.822332 0.890648 0.840511 0.915231 0.741208 0.872793 0.618760 0.787600 0.549017 0.595819 0.691977 0.879921 0.484720 0.566022 0.556033 0.807285 0.965547 0.805424 0.791581 0.735867 0.787474 0.708374 0.785079 0.851620 0.847867 0.976843
0.397639 0.385891 0.434499 0.409738 0.839570 0.743998 0.362585 0.408299 0.729892 0.790968 0.612152 0.528184 0.464513 0.390101 0.590537 0.436780 0.543447 0.471584 0.000000 0.360334 0.797765 0.972560 0.439588 0.556361 0.703677 0.608970 0.965224 0.978530 0.591120 0.607416 0.470508 0.598146 0.263725 0.302356 0.457298 0.684276 0.491231 0.787885 0.849014 0.817700 0.801110 0.988155 0.519085 0.536828 0.484548 0.510528 0.517183 0.520196 0.890978 0.773954 0.636980 0.686344 0.768317 0.836344 0.671099 0.762956 0.480729 0.429958 0.522694 0.618177 0.465040 0.487495 0.588785 0.655076 0.445715 0.437690 0.408488 0.377405 0.620245 0.693958 0.521936 0.571477 0.751411 0.634642 0.798192 0.749756 0.596301 0.595829 0.680470 0.638790 0.469041 0.530210 0.573160 0.664017 0.365900 0.402821 0.891174 0.953577 0.657635 0.583453 0.643147 0.865080 0.703044 0.826538 0.707600 0.742356 0.538956 0.847631 0.548463 0.552042 0.718510 0.847967 0.666207 0.847304 0.567503 0.656248 0.930524 0.729083 0.660309 0.773705 0.718518 0.735442 0.833489 0.918462 0.891728 0.979998
0.373527 0.318553 0.537523 0.464788 0.982529 0.686109 0.427618 0.401097 0.724183 0.811097 0.584980 0.444520 0.480341 0.510370 0.718037 0.517671 0.497369 0.470810 0.360334 0.000000 0.726876 0.990914 0.609602 0.591463 0.770000 0.663793 0.980337 0.970123 0.545246 0.624492 0.628006 0.597870 0.362412 0.361948 0.680225 0.801828 0.665283 0.889055 0.924850 0.822768 0.763092 0.948071 0.530706 0.541724 0.585596 0.581917 0.528594 0.514456 0.898421 0.740470 0.741917 0.753941 0.923770 0.946935 0.677073 0.730852 0.427602 0.398727 0.525844 0.556022 0.510045 0.409886 0.640404 0.652541 0.545187 0.433366 0.499687 0.437321 0.566611 0.650982 0.595057 0.694689 0.743340 0.580862 0.750125 0.685642 0.654878 0.759940 0.668427 0.686291 0.455924 0.413559 0.652948 0.692331 0.468785 0.485268 0.844671 0.942500 0.786177 0.651745 0.710864 0.885066 0.752953 0.882456 0.609199 0.978823 0.566598 0.803302 0.595292 0.506058 0.733817 0.771955 0.627591 0.804798 0.459223 0.691023 0.872398 0.809258 0.780396 0.836557 0.771022 0.699150 0.746952 0.921416 0.720438 0.942223
0.915349 0.923982 0.574193 0.575783 0.983772 0.854465 0.713332 0.814728 0.870978 0.847916 0.882658 0.975833 0.796857 0.854094 0.644337 0.638464 0.861840 0.934341 0.797765 0.726876 0.000000 0.950994 0.514716 0.544794 0.539981 0.520598 0.723251 0.850505 0.845552 0.933180 0.631831 0.698161 0.710110 0.752782 0.714407 0.797195 0.697074 0.723591 0.896179 0.919794 0.756591 0.888624 0.700778 0.826981 0.963602 0.961650 0.753849 0.779976 0.711770 0.923520 0.996305 0.944362 0.923740 0.770034 0.898152 0.931398 0.986025 0.935585 0.879454 0.926643 0.833171 0.881451 0.903554 0.834469 0.507964 0.590033 0.629407 0.660436 0.859288 0.973887 0.678707 0.641040 0.854746 0.811915 0.865226 0.907282 0.868600 0.783597 0.926523 0.780489 0.942902 0.989599 0.749212 0.910056 0.626804 0.601879 0.600606 0.903331 0.948716 0.833835 0.714527 0.791241 0.816207 0.706342 0.829369 0.992574 0.883760 0.976837 0.907258 0.840558 0.954249 0.862753 0.951697 0.920942 0.778468 0.701856 0.878475 0.918523 0.886078 0.882569 0.917038 0.982231 0.995696 0.920025 0.803063 0.911735
0.904677 0.908803 0.874376 0.917014 0.938365 0.990390 0.916832 0.933156 0.991359 0.972907 0.952633 0.957768 0.996352 0.973737 0.925305 0.986241 0.915575 0.879937 0.972560 0.990914 0.950994 0.000000 0.933932 0.964214 0.916890 0.974070 0.863368 0.854549 0.941701 0.956747 0.916059 0.903309 0.983227 0.964573 0.917344 0.959711 0.853112 0.945275 0.997762 0.995747 0.750050 0.740196 0.977358 0.954747 0.792428 0.896361 0.919799 0.852894 0.906762 0.869639 0.777079 0.823584 0.927515 0.816423 0.994719 0.842170 0.863233 0.907854 0.896805 0.891942 0.931237 0.975679 0.942637 0.915491 0.952800 0.969231 0.895289 0.898973 0.850809 0.779171 0.926413 0.916806 0.970724 0.823088 0.842228 0.873065 0.825618 0.783028 0.917054 0.987083 0.951242 0.931246 0.864015 0.937301 0.979048 0.874154 0.998961 0.966509 0.969200 0.757468 0.920956 0.856768 0.889365 0.982155 0.716939 0.983470 0.983096 0.984996 0.874563 0.787411 0.951431 0.922753 0.850026 0.874537 0.881454 0.886598 0.937337 0.913938 0.999627 0.977375 0.775569 0.865378 0.956300 0.888817 0.795922 0.949008
0.688135 0.744327 0.303358 0.329879 0.823635 0.928058 0.453811 0.612060 0.725739 0.922237 0.946907 0.846832 0.528401 0.485103 0.387327 0.351994 0.964392 0.899699 0.439588 0.609602 0.514716 0.933932 0.000000 0.280515 0.385944 0.423314 0.769557 0.789507 0.983484 0.869229 0.294188 0.432278 0.374894 0.447744 0.434735 0.676361 0.452762 0.686426 0.835865 0.890908 0.810878 0.928907 0.573703 0.693857 0.812636 0.866778 0.669507 0.537999 0.666941 0.941696 0.889238 0.813032 0.815904 0.759894 0.763357 0.848752 0.888971 0.854003 0.723353 0.806816 0.548960 0.730349 0.816672 0.964410 0.254520 0.415396 0.437281 0.446773 0.849599 0.861334 0.557157 0.478704 0.787959 0.760462 0.765885 0.903359 0.742661 0.596296 0.860347 0.682535 0.829933 0.847052 0.585512 0.921435 0.260357 0.303689 0.736949 0.897001 0.720603 0.549381 0.663782 0.828622 0.721071 0.734550 0.721427 0.823186 0.738929 0.994361 0.800599 0.767833 0.879714 0.859477 0.975807 0.918785 0.669500 0.591295 0.910737 0.826070 0.877794 0.958757 0.880351 0.989478 0.997578 0.907625 0.870773 0.911067
0.857797 0.771690 0.400669 0.359092 0.955464 0.996642 0.635399 0.737724 0.997391 0.628236 0.888347 0.963769 0.760467 0.613427 0.669483 0.495337 0.927888 0.964704 0.556361 0.591463 0.544794 0.964214 0.280515 0.000000 0.310435 0.368129 0.737920 0.729694 0.861620 0.949939 0.358733 0.359916 0.529629 0.642805 0.601627 0.676509 0.568929 0.768011 0.751436 0.943556 0.924561 0.808347 0.642391 0.764017 0.884458 0.923572 0.692611 0.549893 0.743734 0.974352 0.950108 0.946823 0.949261 0.901520 0.765450 0.861200 0.908454 0.925178 0.970926 0.953809 0.763124 0.813083 0.948386 0.813136 0.315463 0.416682 0.605707 0.525971 0.878823 0.926843 0.765582 0.672492 0.823776 0.746309 0.750193 0.845268 0.921345 0.773857 0.911689 0.579176 0.964780 0.761173 0.597982 0.929118 0.329845 0.252203 0.658452 0.706560 0.886924 0.579006 0.849428 0.941301 0.916941 0.983564 0.709105 0.932235 0.835309 0.902725 0.960382 0.936441 0.998549 0.971759 0.842718 0.734357 0.839218 0.797569 0.921994 0.912531 0.919069 0.875419 0.956258 0.905443 0.865247 0.998747 0.926461 0.983999
0.962783 0.955058 0.377395 0.416451 0.969764 0.919562 0.691827 0.863000 0.988717 0.661908 0.674836 0.746047 0.980162 0.935178 0.734539 0.652527 0.790828 0.821455 0.703677 0.770000 0.539981 0.916890 0.385944 0.310435 0.000000 0.291512 0.667213 0.687443 0.718042 0.773779 0.374505 0.490049 0.719385 0.803486 0.581084 0.681918 0.484605 0.639895 0.696518 0.939312 0.915147 0.854054 0.622640 0.773353 0.833174 0.922955 0.715193 0.603734 0.859381 0.844425 0.829460 0.889875 0.817861 0.720367 0.743800 0.796675 0.902759 0.910576 0.884225 0.821319 0.982270 0.899899 0.751196 0.612457 0.363183 0.615745 0.661558 0.679880 0.834749 0.982268 0.725498 0.658222 0.689516 0.724079 0.822902 0.989841 0.835558 0.735612 0.959021 0.730228 0.895840 0.839602 0.649741 0.981615 0.487760 0.399739 0.798914 0.859871 0.983000 0.693324 0.796660 0.902355 0.802553 0.892009 0.752727 0.909700 0.812986 0.875504 0.958335 0.956003 0.902847 0.990723 0.909129 0.817461 0.913836 0.851421 0.977426 0.963275 0.975193 0.955425 0.979606 0.841430 0.887013 0.927988 0.977311 0.967438
0.855823 0.778751 0.303293 0.306908 0.903330 0.813381 0.493123 0.619425 0.828382 0.818597 0.868475 0.960877 0.828953 0.834900 0.723690 0.535560 0.826937 0.958914 0.608970 0.663793 0.520598 0.974070 0.423314 0.368129 0.291512 0.000000 0.891161 0.841806 0.853348 0.849968 0.371940 0.442022 0.628214 0.674915 0.627121 0.585136 0.476760 0.668076 0.817438 0.959400 0.887839 0.895107 0.461485 0.618368 0.727265 0.774939 0.567223 0.494354 0.921844 0.783687 0.687031 0.699001 0.694535 0.608294 0.658730 0.840109 0.953609 0.992189 0.933075 0.988537 0.826083 0.836996 0.769101 0.693229 0.340598 0.453377 0.512977 0.541028 0.780239 0.934217 0.592990 0.531771 0.561837 0.647697 0.882197 0.970204 0.693954 0.703146 0.978562 0.651804 0.985656 0.821703 0.764816 0.959919 0.521482 0.406068 0.782685 0.918103 0.859916 0.778598 0.582721 0.727998 0.619470 0.688320 0.751118 0.848740 0.644609 0.969815 0.825634 0.786280 0.835477 0.778102 0.983682 0.967800 0.769495 0.707264 0.822894 0.868570 0.804261 0.970180 0.878487 0.948496 0.939772 0.890683 0.846520 0.949878
0.865614 0.919474 0.903011 0.920538 0.756877 0.781643 0.903046 0.786321 0.851773 0.785040 0.744188 0.852527 0.947364 0.999153 0.866710 0.880482 0.982093 0.999325 0.965224 0.980337 0.723251 0.863368 0.769557 0.737920 0.667213 0.891161 0.000000 0.760073 0.804894 0.943995 0.834828 0.916748 0.948451 0.957922 0.868049 0.795898 0.738522 0.821501 0.815102 0.930618 0.786195 0.982389 0.951798 0.909437 0.988808 0.904848 0.920352 0.968351 0.855247 0.972923 0.990821 0.924164 0.943581 0.930883 0.965047 0.958270 0.962679 0.987306 0.921087 0.812726 0.887155 0.779706 0.985242 0.931705 0.802586 0.967069 0.944732 0.947947 0.981728 0.920790 0.997169 0.978649 0.912346 0.951295 0.941116 0.886335 0.961941 0.910791 0.975317 0.953348 0.947989 0.950874 0.779078 0.961324 0.781174 0.776784 0.956658 0.962093 0.995221 0.844953 0.918622 0.922975 0.930039 0.971010 0.870195 0.936825 0.959372 0.864629 0.931569 0.887134 0.727514 0.820324 0.963573 0.948390 0.925780 0.960242 0.757020 0.866987 0.888873 0.802140 0.854155 0.819353 0.826304 0.947006 0.973748 0.950450
0.875966 0.878117 0.868900 0.866054 0.969814 0.910118 0.946903 0.864047 0.846270 0.770238 0.688131 0.758199 0.870834 0.988964 0.908375 0.914537 0.839630 0.897490 0.978530 0.970123 0.850505 0.854549 0.789507 0.729694 0.687443 0.841806 0.760073 0.000000 0.774181 0.803306 0.775620 0.893460 0.944337 0.931649 0.848391 0.982373 0.726461 0.854602 0.961492 0.956802 0.902129 0.845692 0.992762 0.947018 0.952919 0.923624 0.995940 0.979738 0.839576 0.990646 0.977502 0.938822 0.912700 0.941540 0.965044 0.779419 0.975899 0.885483 0.888127 0.927231 0.873264 0.801727 0.833425 0.728291 0.837967 0.927718 0.964279 0.883311 0.915087 0.953252 0.966663 0.841827 0.894457 0.976704 0.931941 0.898622 0.896621 0.882696 0.949714 0.831251 0.901717 0.996254 0.941675 0.905378 0.866191 0.778513 0.956659 0.861809 0.850601 0.794798 0.982340 0.967739 0.999756 0.996195 0.977511 0.858938 0.912582 0.877280 0.862940 0.888873 0.818959 0.855907 0.962383 0.950475 0.974723 0.883626 0.955044 0.851192 0.930884 0.864684 0.987296 0.830867 0.827374 0.983442 0.886157 0.944222
0.430515 0.519294 0.936738 0.958072 0.828428 0.863359 0.645052 0.591974 0.624515 0.511279 0.363058 0.384799 0.481742 0.600453 0.731020 0.643204 0.314592 0.277690 0.591120 0.545246 0.845552 0.941701 0.983484 0.861620 0.718042 0.853348 0.804894 0.774181 0.000000 0.270145 0.906939 0.986454 0.549569 0.541674 0.866130 0.891527 0.880121 0.944971 0.800156 0.925154 0.895328 0.774798 0.889780 0.794762 0.551060 0.501185 0.805021 0.829294 0.614277 0.729647 0.722906 0.752010 0.861511 0.997535 0.722707 0.742781 0.496788 0.438157 0.478617 0.639776 0.507664 0.510978 0.350026 0.285815 0.971667 0.928091 0.793704 0.828316 0.734962 0.729392 0.827266 0.938550 0.860335 0.721673 0.915238 0.861645 0.763374 0.932526 0.531284 0.949534 0.321817 0.503289 0.697480 0.509949 0.804924 0.933818 0.944545 0.960368 0.711031 0.803917 0.902694 0.956537 0.941561 0.973670 0.777365 0.936636 0.657699 0.803873 0.600888 0.612098 0.760424 0.915769 0.597570 0.650036 0.629808 0.831231 0.862448 0.826285 0.766609 0.662524 0.757731 0.728202 0.702934 0.838835 0.831706 0.935187
0.484953 0.648164 0.926217 0.948604 0.796530 0.950482 0.661385 0.681154 0.673629 0.548964 0.359134 0.397990 0.397133 0.480340 0.615605 0.609530 0.367654 0.291787 0.607416 0.624492 0.933180 0.956747 0.869229 0.949939 0.773779 0.849968 0.943995 0.803306 0.270145 0.000000 0.893309 0.943224 0.549392 0.534629 0.879230 0.912643 0.874869 0.870506 0.934698 0.869712 0.950338 0.836563 0.991158 0.896043 0.678932 0.670217 0.918442 0.910405 0.834322 0.924623 0.842542 0.887907 0.938913 0.936030 0.855460 0.932873 0.569091 0.530832 0.520853 0.737723 0.501628 0.579929 0.272986 0.248688 0.976871 0.914934 0.793024 0.822070 0.866346 0.920858 0.851947 0.996283 0.968194 0.870727 0.957395 0.981900 0.791822 0.851793 0.586441 0.889342 0.307225 0.546894 0.659935 0.532845 0.724325 0.870339 0.913783 0.944882 0.763916 0.790977 0.936019 0.986052 0.972254 0.977735 0.851518 0.883779 0.793041 0.902607 0.690470 0.749362 0.769118 0.950774 0.665178 0.734659 0.680311 0.865387 0.955054 0.925675 0.927274 0.812220 0.900554 0.838917 0.890289 0.953070 0.886119 0.926617
0.735052 0.722952 0.358538 0.406727 0.923487 0.949043 0.491604 0.605408 0.821216 0.907801 0.937979 0.920583 0.636283 0.575281 0.483033 0.411583 0.964612 0.843435 0.470508 0.628006 0.631831 0.916059 0.294188 0.358733 0.374505 0.371940 0.834828 0.775620 0.906939 0.893309 0.000000 0.355198 0.392309 0.540523 0.508472 0.716085 0.458906 0.681085 0.884690 0.956910 0.808757 0.992083 0.581143 0.683814 0.697657 0.743006 0.702639 0.654036 0.854359 0.923749 0.779511 0.818366 0.818933 0.783276 0.747877 0.828926 0.834701 0.790705 0.810166 0.917460 0.629518 0.761711 0.901486 0.987375 0.382143 0.505471 0.520458 0.539279 0.762174 0.796572 0.652450 0.513385 0.670619 0.669884 0.792764 0.874748 0.820760 0.760706 0.811575 0.601566 0.842180 0.741928 0.538378 0.935014 0.377751 0.368106 0.768317 0.847073 0.802390 0.617335 0.712959 0.903067 0.749053 0.856301 0.656227 0.854562 0.669760 0.897399 0.866197 0.770213 0.863265 0.795617 0.985712 0.939766 0.672570 0.671145 0.834028 0.846800 0.891554 0.931206 0.879709 0.998519 0.990003 0.897352 0.860108 0.947038
0.826113 0.780457 0.530356 0.529190 0.928594 0.958871 0.639243 0.711641 0.967560 0.801427 0.960651 0.953993 0.778367 0.644088 0.713105 0.504436 0.945727 0.866355 0.598146 0.597870 0.698161 0.903309 0.432278 0.359916 0.490049 0.442022 0.916748 0.893460 0.986454 0.943224 0.355198 0.000000 0.535678 0.622258 0.703925 0.738596 0.645718 0.824665 0.793349 0.974793 0.995166 0.839516 0.677448 0.689841 0.859624 0.834630 0.740837 0.695715 0.827284 0.986214 0.896250 0.924453 0.972187 0.944479 0.788652 0.944253 0.860794 0.871824 0.970335 0.983141 0.777772 0.818398 0.987402 0.917332 0.515077 0.538434 0.654958 0.591239 0.910942 0.974376 0.833473 0.709928 0.757663 0.661464 0.812885 0.783027 0.992557 0.854346 0.850883 0.624259 0.889928 0.740162 0.658884 0.991553 0.504866 0.420487 0.848732 0.822258 0.915293 0.818468 0.820615 0.968026 0.838414 0.967191 0.713858 0.884723 0.817239 0.957533 0.953557 0.900582 0.862960 0.844926 0.938357 0.827643 0.712537 0.882875 0.982782 0.939228 0.881319 0.880674 0.996633 0.934627 0.981533 0.984672 0.922385 0.960749
0.342561 0.399097 0.437593 0.432608 0.790600 0.716203 0.342002 0.381767 0.649775 0.828911 0.543668 0.462945 0.321005 0.283182 0.439834 0.378035 0.580860 0.506048 0.263725 0.362412 0.710110 0.983227 0.374894 0.529629 0.719385 0.628214 0.948451 0.944337 0.549569 0.549392 0.392309 0.535678 0.000000 0.262936 0.498376 0.770877 0.525566 0.789542 0.954862 0.868581 0.752593 0.963804 0.563446 0.620243 0.599184 0.631933 0.598200 0.570621 0.929537 0.940562 0.787045 0.784723 0.899253 0.942667 0.744701 0.761048 0.476958 0.439399 0.429171 0.523812 0.314535 0.408761 0.484430 0.569750 0.422233 0.392166 0.384696 0.359663 0.693651 0.675610 0.568674 0.529437 0.779542 0.683477 0.795422 0.805184 0.695533 0.676844 0.625743 0.655839 0.484000 0.568552 0.546027 0.697234 0.317909 0.372905 0.838964 0.945626 0.614682 0.539410 0.689539 0.914438 0.743382 0.845863 0.722549 0.758943 0.590707 0.854994 0.576126 0.558519 0.727991 0.782471 0.729564 0.832430 0.496305 0.588919 0.844998 0.783276 0.742929 0.783475 0.751880 0.788778 0.838489 0.917520 0.761702 0.970427
0.293491 0.355352 0.403249 0.399514 0.832293 0.647358 0.262692 0.286934 0.509964 0.632600 0.469156 0.377297 0.342160 0.372834 0.492523 0.427941 0.542680 0.493316 0.302356 0.361948 0.752782 0.964573 0.447744 0.642805 0.803486 0.674915 0.957922 0.931649 0.541674 0.534629 0.540523 0.622258 0.262936 0.000000 0.495515 0.792341 0.614106 0.796116 0.874551 0.858490 0.766569 0.847772 0.457540 0.440217 0.525868 0.553646 0.506326 0.483220 0.994412 0.830679 0.668109 0.621724 0.751563 0.790223 0.686279 0.816004 0.529730 0.473276 0.376839 0.488023 0.306868 0.350124 0.515825 0.541078 0.449707 0.360514 0.291536 0.301213 0.654926 0.667786 0.464266 0.486390 0.772619 0.670759 0.777239 0.837590 0.558908 0.588311 0.640044 0.730054 0.467427 0.583634 0.625009 0.730026 0.402051 0.458227 0.890026 0.989997 0.548968 0.609167 0.524240 0.699549 0.557557 0.669539 0.648435 0.813957 0.530417 0.795540 0.425615 0.413132 0.614601 0.651558 0.582215 0.709212 0.423805 0.503049 0.767393 0.596538 0.695437 0.768304 0.695450 0.655868 0.695516 0.866964 0.674411 0.985949
0.641880 0.710529 0.413942 0.426672 0.706951 0.862703 0.447846 0.543309 0.681451 0.811261 0.860105 0.771906 0.642345 0.638383 0.554863 0.519953 0.845864 0.799158 0.457298 0.680225 0.714407 0.917344 0.434735 0.601627 0.581084 0.627121 0.868049 0.848391 0.866130 0.879230 0.508472 0.703925 0.498376 0.495515 0.000000 0.744232 0.599599 0.739831 0.886426 0.827036 0.772573 0.792589 0.512719 0.587116 0.611257 0.701186 0.592372 0.551357 0.918562 0.868813 0.693332 0.705755 0.658019 0.700364 0.695492 0.718315 0.825200 0.814126 0.637083 0.793479 0.601054 0.728644 0.827677 0.889948 0.371020 0.502772 0.359039 0.459145 0.799613 0.893747 0.480567 0.484949 0.686973 0.641666 0.983200 0.888253 0.622090 0.593158 0.815776 0.814652 0.754083 0.789425 0.738092 0.843602 0.460595 0.480630 0.788040 0.905327 0.741351 0.665427 0.487873 0.651737 0.567823 0.566827 0.670926 0.727270 0.597028 0.814469 0.638065 0.610230 0.795126 0.775322 0.725368 0.919635 0.660275 0.528803 0.941742 0.709190 0.706247 0.743496 0.740819 0.890543 0.836917 0.887714 0.874795 0.965494
0.902248 0.838817 0.695677 0.674444 0.857258 0.918435 0.723266 0.787944 0.939684 0.941955 0.914169 0.998420 0.896983 0.786205 0.791198 0.645742 0.990037 0.928665 0.684276 0.801828 0.797195 0.959711 0.676361 0.676509 0.681918 0.585136 0.795898 0.982373 0.891527 0.912643 0.716085 0.738596 0.770877 0.792341 0.744232 0.000000 0.577565 0.871291 0.821745 0.883873 0.804261 0.896151 0.667481 0.808989 0.782548 0.887090 0.863378 0.789497 0.911942 0.957845 0.756587 0.772882 0.721638 0.696138 0.808502 0.917316 0.897221 0.901892 0.974999 0.911015 0.941801 0.954426 0.944358 0.893925 0.693258 0.684568 0.634899 0.641730 0.909234 0.841541 0.667985 0.684622 0.842320 0.808155 0.985243 0.986875 0.752232 0.922483 0.932384 0.965536 0.944847 0.990989 0.756407 0.957363 0.693749 0.622354 0.864782 0.969739 0.855426 0.881313 0.679766 0.795622 0.657295 0.739259 0.956981 0.887135 0.816553 0.906202 0.820347 0.917396 0.788232 0.814533 0.847913 0.961231 0.883148 0.855931 0.983549 0.874882 0.778594 0.945272 0.901642 0.839874 0.903812 0.982360 0.957640 0.954147
0.692017 0.767302 0.431924 0.505122 0.878629 0.874529 0.565910 0.741365 0.802581 0.962112 0.979365 0.975340 0.733488 0.684854 0.529326 0.452954 0.845204 0.718377 0.491231 0.665283 0.697074 0.853112 0.452762 0.568929 0.484605 0.476760 0.738522 0.726461 0.880121 0.874869 0.458906 0.645718 0.525566 0.614106 0.599599 0.577565 0.000000 0.536026 0.828602 0.860205 0.785479 0.951765 0.696962 0.794577 0.687403 0.764725 0.630971 0.662608 0.937108 0.809267 0.696708 0.728644 0.740436 0.720436 0.713725 0.768257 0.806786 0.764642 0.760412 0.935417 0.769905 0.918131 0.840340 0.955302 0.504745 0.682814 0.566136 0.559701 0.731916 0.831904 0.597829 0.558075 0.678750 0.661107 0.973632 0.988777 0.742792 0.700470 0.715226 0.821266 0.719681 0.769490 0.623361 0.788384 0.475605 0.478812 0.917393 0.992041 0.717367 0.608401 0.723328 0.788686 0.723496 0.778523 0.781126 0.851256 0.720577 0.922139 0.761442 0.760045 0.874423 0.943076 0.790809 0.889421 0.708714 0.802612 0.894815 0.789656 0.802177 0.877603 0.859511 0.889852 0.972642 0.859662 0.985544 0.963155
0.866171 0.969314 0.675236 0.701203 0.886592 0.991656 0.733184 0.867080 0.844134 0.997517 0.978026 0.994169 0.791071 0.874441 0.668569 0.688174 0.935166 0.857015 0.787885 0.889055 0.723591 0.945275 0.686426 0.768011 0.639895 0.668076 0.821501 0.854602 0.944971 0.870506 0.681085 0.824665 0.789542 0.796116 0.739831 0.871291 0.536026 0.000000 0.788942 0.979671 0.899921 0.888353 0.843602 0.855638 0.811262 0.917949 0.786258 0.802747 0.889109 0.927821 0.810059 0.817204 0.807022 0.751367 0.825258 0.914836 0.971919 0.970934 0.829744 0.962977 0.877301 0.975813 0.918559 0.958974 0.691744 0.847138 0.710873 0.749296 0.922896 0.921422 0.686827 0.753236 0.664590 0.818527 0.997056 0.885364 0.801704 0.870252 0.949073 0.865627 0.893053 0.887151 0.805620 0.911278 0.757427 0.736907 0.930308 0.845357 0.921071 0.920265 0.732430 0.774211 0.758338 0.763803 0.818614 0.872489 0.729808 0.807846 0.885591 0.895504 0.971292 0.885606 0.881739 0.879588 0.925685 0.818783 0.791727 0.764289 0.851531 0.957619 0.951766 0.974162 0.952868 0.641964 0.958133 0.796282
