0.000000 0.431950 0.910027 0.857249 0.880579 0.652353 0.668411 0.686655 0.936869 0.753743 0.531967 0.636828 0.549319 0.605852 0.730756 0.850749 0.532527 0.474124 0.516779 0.597926 0.911835 0.985281 0.998351 0.956584 0.890385 0.890718 0.858807 0.917997 0.603096 0.663158 0.965279 0.913189 0.663422 0.659339 0.888132 0.782694 0.975895 0.979516 0.984101 0.940971 0.921928 0.868501 0.854862 0.801269 0.785710 0.727829 0.627376 0.664677 0.735505 0.640865 0.741333 0.671828 0.952695 0.955101 0.721930 0.628100 0.428174 0.390995 0.360353 0.332567 0.471722 0.670002 0.552064 0.550296 0.952047 0.880642 0.892858 0.926993 0.747562 0.613584 0.996821 0.996393 0.784375 0.908569 0.990274 0.953943 0.792598 0.959720 0.634931 0.805314 0.510377 0.573457 0.937914 0.675010 0.843006 0.889444 0.802386 0.980268 0.729878 0.622692 0.938446 0.886570 0.910714 0.974329 0.941480 0.765691 0.732208 0.859207 0.580532 0.581832 0.850879 0.691100 0.779306 0.694475 0.733130 0.732813 0.853295 0.746621 0.853127 0.765638 0.758054 0.654208 0.636732 0.826680 0.731992 0.929486
0.431950 0.000000 0.715871 0.600851 0.941690 0.671039 0.545145 0.570829 0.949479 0.859111 0.677929 0.649157 0.768669 0.582324 0.963109 0.841756 0.623204 0.547053 0.547614 0.466800 0.827758 0.855665 0.859481 0.767565 0.866855 0.850624 0.938479 0.962488 0.733161 0.649550 0.723549 0.583512 0.524994 0.509014 0.904998 0.950121 0.885501 0.878634 0.930833 0.763542 0.895419 0.855156 0.550948 0.536130 0.703853 0.667762 0.552767 0.523347 0.805792 0.585122 0.571165 0.528404 0.790390 0.938388 0.731168 0.546693 0.451678 0.432451 0.490096 0.370107 0.515944 0.555152 0.726395 0.649357 0.897475 0.636587 0.692456 0.646231 0.833508 0.651080 0.742610 0.782167 0.618462 0.693303 0.879688 0.989639 0.680675 0.774081 0.691055 0.715730 0.555332 0.607198 0.800579 0.716244 0.785938 0.640692 0.884155 0.971516 0.776638 0.522932 0.848134 0.972372 0.817416 0.955857 0.959416 0.853528 0.739707 0.943425 0.618029 0.668201 0.820374 0.792570 0.790476 0.821718 0.663431 0.635585 0.881556 0.819831 0.843139 0.761054 0.688862 0.767392 0.694980 0.753143 0.651210 0.972508
0.910027 0.715871 0.000000 0.292964 0.882698 0.831223 0.577705 0.726967 0.878179 0.859501 0.678771 0.875639 0.978878 0.948376 0.985151 0.904676 0.784144 0.834064 0.763547 0.638779 0.466633 0.808223 0.396447 0.436479 0.357775 0.314183 0.901396 0.832069 0.717456 0.807636 0.398804 0.578708 0.557914 0.627975 0.593959 0.754457 0.479192 0.728830 0.631332 0.635956 0.777533 0.962089 0.569963 0.712910 0.980768 0.896325 0.614567 0.666566 0.638266 0.952468 0.973096 0.980495 0.963607 0.949473 0.851027 0.987740 0.943304 0.977457 0.916390 0.760149 0.797203 0.806321 0.645330 0.686506 0.300732 0.315868 0.420569 0.457560 0.776220 0.775248 0.431395 0.524944 0.648390 0.696101 0.851726 0.874006 0.756118 0.607928 0.804577 0.688261 0.922741 0.900822 0.969234 0.888583 0.604818 0.521234 0.918099 0.725359 0.774423 0.863200 0.675554 0.786091 0.631332 0.666031 0.863900 0.752140 0.816547 0.941064 0.863988 0.796269 0.830794 0.875213 0.988358 0.931168 0.707524 0.582369 0.773475 0.887395 0.914218 0.874190 0.691516 0.889168 0.892232 0.871757 0.808242 0.845790
0.857249 0.600851 0.292964 0.000000 0.995992 0.728930 0.496603 0.546493 0.904177 0.968628 0.768704 0.882206 0.955635 0.839872 0.882350 0.834894 0.887110 0.927512 0.678661 0.507365 0.475879 0.853428 0.436336 0.368571 0.427508 0.347415 0.962638 0.863171 0.784254 0.929061 0.333381 0.478027 0.536885 0.534055 0.624212 0.757160 0.587706 0.645864 0.667272 0.717833 0.806924 0.883152 0.533058 0.681791 0.936516 0.964000 0.487570 0.581024 0.676894 0.992478 0.845162 0.898136 0.971616 0.920762 0.846128 0.888651 0.925695 0.960702 0.891702 0.706685 0.746372 0.593541 0.738811 0.823114 0.449447 0.232167 0.389153 0.410181 0.838256 0.767857 0.404712 0.491571 0.540833 0.634716 0.780785 0.748581 0.676572 0.552344 0.817578 0.660606 0.967393 0.814725 0.940138 0.900353 0.692874 0.504594 0.948270 0.837554 0.799073 0.812093 0.600313 0.835836 0.567379 0.736298 0.819044 0.659214 0.702234 0.873874 0.752093 0.759803 0.684028 0.814371 0.915018 0.974722 0.625174 0.618168 0.811235 0.889137 0.811992 0.821398 0.676874 0.843158 0.887582 0.842468 0.733271 0.876859
0.880579 0.941690 0.882698 0.995992 0.000000 0.992933 0.944220 0.962383 0.783483 0.801888 0.926697 0.902576 0.542092 0.829304 0.558805 0.520479 0.856429 0.765484 0.755746 0.948799 0.993045 0.911936 0.677383 0.887627 0.939152 0.951873 0.732702 0.944665 0.725337 0.754916 0.956498 0.945431 0.833493 0.957215 0.986324 0.838334 0.908253 0.851309 0.973874 0.749130 0.935178 0.932377 0.969926 0.950403 0.880039 0.900518 0.932159 0.952496 0.654557 0.925390 0.949063 0.966895 0.988897 0.778397 0.753493 0.938920 0.980565 0.822072 0.958284 0.981926 0.745183 0.974359 0.715857 0.746914 0.793136 0.948869 0.885429 0.840726 0.966718 0.748822 0.898953 0.703251 0.850485 0.940564 0.984736 0.931613 0.836084 0.961991 0.866144 0.829975 0.827600 0.777149 0.846942 0.748681 0.634043 0.888835 0.884344 0.997155 0.744643 0.740192 0.856491 0.994151 0.845592 0.985910 0.994210 0.993894 0.839430 0.897220 0.996672 0.869543 0.799677 0.907283 0.941120 0.954646 0.865353 0.998136 0.957703 0.834388 0.946198 0.872474 0.929096 0.951267 0.809290 0.998598 0.735858 0.968587
0.652353 0.671039 0.831223 0.728930 0.992933 0.000000 0.555358 0.495476 0.653789 0.599009 0.675443 0.608931 0.874183 0.734426 0.968376 0.837824 0.856776 0.793134 0.791850 0.647157 0.964831 0.829013 0.999521 0.956506 0.899807 0.949758 0.613910 0.947412 0.757217 0.821924 0.786573 0.869078 0.607635 0.638377 0.879163 0.913738 0.977847 0.945337 0.885119 0.995613 0.777185 0.960486 0.727162 0.708849 0.775472 0.797907 0.771655 0.761167 0.929521 0.779073 0.669752 0.675097 0.729627 0.754537 0.779733 0.766423 0.915584 0.866230 0.717352 0.506904 0.577858 0.497690 0.836254 0.727076 0.915782 0.714697 0.727719 0.663833 0.942822 0.673209 0.762406 0.757148 0.692339 0.842394 0.962348 0.789812 0.728931 0.839848 0.932602 0.893869 0.913038 0.865698 0.854694 0.969590 0.903082 0.950056 0.855682 0.967255 0.889278 0.948840 0.608563 0.697097 0.609782 0.656149 0.954933 0.827706 0.816304 0.658074 0.552546 0.667415 0.563179 0.644572 0.826901 0.683315 0.758976 0.806467 0.790105 0.827176 0.849459 0.830637 0.702125 0.703703 0.709257 0.800401 0.673752 0.950884
0.668411 0.545145 0.577705 0.496603 0.944220 0.555358 0.000000 0.242267 0.510990 0.515283 0.778844 0.576412 0.913163 0.743300 0.840964 0.936036 0.856585 0.758792 0.661793 0.538709 0.834780 0.915000 0.793563 0.874171 0.935288 0.783768 0.587027 0.865893 0.752575 0.666783 0.498115 0.591963 0.444066 0.330199 0.632357 0.865185 0.933633 0.923494 0.913894 0.962011 0.788874 0.951915 0.372303 0.425701 0.451855 0.528400 0.619355 0.519580 0.876034 0.601806 0.477229 0.473916 0.509609 0.534991 0.701566 0.788193 0.840845 0.795162 0.571852 0.490619 0.342283 0.347174 0.804792 0.684074 0.889218 0.518110 0.311289 0.329369 0.986861 0.633453 0.481542 0.541654 0.537171 0.597007 0.871165 0.792360 0.559059 0.657498 0.895503 0.828324 0.880947 0.952624 0.924219 0.849459 0.954319 0.964932 0.883229 0.796131 0.860910 0.889914 0.382277 0.542094 0.432156 0.605701 0.881759 0.746049 0.508453 0.701675 0.332362 0.394197 0.439619 0.497083 0.600181 0.709102 0.445216 0.486842 0.595154 0.677923 0.693619 0.639342 0.537421 0.592024 0.511226 0.655005 0.552717 0.981927
0.686655 0.570829 0.726967 0.546493 0.962383 0.495476 0.242267 0.000000 0.513098 0.403746 0.713517 0.406578 0.876206 0.602093 0.855284 0.876685 0.856212 0.739981 0.709647 0.525234 0.891366 0.931693 0.873527 0.933715 0.958939 0.855740 0.554691 0.813852 0.666759 0.619767 0.543180 0.596303 0.511015 0.378053 0.740839 0.935475 0.936380 0.946428 0.972687 0.964580 0.838828 0.985858 0.452729 0.521373 0.484971 0.544401 0.649328 0.586855 0.846233 0.634426 0.487348 0.481424 0.536762 0.513876 0.770222 0.736026 0.933018 0.872875 0.634336 0.521183 0.355886 0.225438 0.765459 0.592041 0.963138 0.530727 0.417128 0.416507 0.913934 0.665654 0.569944 0.587056 0.554211 0.607455 0.875501 0.740214 0.580846 0.724102 0.954301 0.906696 0.895977 0.937457 0.908172 0.840805 0.875941 0.979617 0.890783 0.840125 0.860755 0.890380 0.378566 0.603003 0.450958 0.647916 0.862627 0.733346 0.565193 0.675186 0.323437 0.416594 0.376933 0.528042 0.670749 0.747571 0.481522 0.599686 0.601848 0.726582 0.702191 0.674045 0.544769 0.593525 0.520702 0.705786 0.554711 0.960979
0.936869 0.949479 0.878179 0.904177 0.783483 0.653789 0.510990 0.513098 0.000000 0.461350 0.646398 0.636336 0.850236 0.884912 0.997015 0.893393 0.960240 0.845325 0.975950 0.879852 0.957358 0.957220 0.997516 0.819487 0.787829 0.948232 0.653780 0.807033 0.667212 0.740915 0.845097 0.939424 0.762074 0.647438 0.833894 0.960087 0.973730 0.848118 0.946377 0.966833 0.752309 0.958385 0.701372 0.711310 0.642357 0.713412 0.999553 0.957265 0.791506 0.840209 0.756516 0.763547 0.611937 0.707644 0.733384 0.984527 0.916327 0.977605 0.818541 0.874823 0.548428 0.534980 0.784423 0.688730 0.939915 0.863803 0.675458 0.690183 0.920570 0.695095 0.779812 0.843668 0.831728 0.884614 0.968162 0.841424 0.802034 0.959085 0.863665 0.998031 0.987735 0.956934 0.861812 0.932191 0.880537 0.809584 0.912219 0.945692 0.863897 0.914037 0.616034 0.576690 0.679065 0.600604 0.892623 0.986769 0.862565 0.759929 0.561048 0.617000 0.640643 0.681233 0.796452 0.862319 0.731265 0.783706 0.737239 0.753275 0.877499 0.892248 0.721280 0.758970 0.700112 0.736188 0.772784 0.905702
0.753743 0.859111 0.859501 0.968628 0.801888 0.599009 0.515283 0.403746 0.461350 0.000000 0.532561 0.380675 0.692531 0.657881 0.874438 0.792221 0.726813 0.603259 0.791539 0.780564 0.759041 0.945893 0.879675 0.652277 0.572909 0.703758 0.531177 0.812495 0.419419 0.478957 0.974302 0.971032 0.758554 0.623025 0.929650 0.923209 0.728435 0.820379 0.670977 0.883641 0.968541 0.981670 0.779087 0.761784 0.459674 0.494014 0.876624 0.793399 0.555703 0.676263 0.634416 0.582820 0.575100 0.636243 0.799997 0.763545 0.954722 0.898547 0.645164 0.716333 0.404283 0.390472 0.487701 0.378718 0.678142 0.987737 0.790769 0.813786 0.838262 0.701538 0.898341 0.936812 0.891260 0.833024 0.977097 0.849502 0.844428 0.988261 0.869091 0.943628 0.813678 0.956606 0.930563 0.937959 0.766466 0.656049 0.790300 0.942928 0.910165 0.958307 0.604880 0.645216 0.730324 0.767070 0.992733 0.860386 0.769459 0.738599 0.424136 0.482582 0.568548 0.616122 0.698817 0.771127 0.727444 0.838936 0.766335 0.863341 0.832923 0.792546 0.686903 0.683834 0.511133 0.733069 0.784723 0.832748
0.531967 0.677929 0.678771 0.768704 0.926697 0.675443 0.778844 0.713517 0.646398 0.532561 0.000000 0.470056 0.637679 0.591822 0.802476 0.917109 0.494460 0.444472 0.798240 0.862392 0.695529 0.907786 0.626620 0.580455 0.478480 0.561747 0.681650 0.732500 0.410731 0.459981 0.779453 0.922601 0.866394 0.790142 0.768969 0.726639 0.738445 0.897186 0.832313 0.969421 0.996162 0.808012 0.932236 0.817960 0.716544 0.656497 0.926260 0.961944 0.550988 0.700557 0.699706 0.643109 0.778626 0.885806 0.736656 0.765353 0.665999 0.577446 0.527617 0.661505 0.540719 0.629903 0.415823 0.363452 0.551205 0.803686 0.901642 0.959200 0.928978 0.753786 0.839071 0.796485 0.865220 0.989043 0.998625 0.989594 0.874788 0.842024 0.589348 0.994582 0.560312 0.689867 0.922676 0.693177 0.861099 0.796386 0.850216 0.734228 0.869755 0.836138 0.989271 0.959279 0.924149 0.950422 0.971239 0.965288 0.928426 0.913241 0.668492 0.774409 0.847761 0.801082 0.788335 0.765668 0.934163 0.933884 0.952238 0.878369 0.840067 0.838466 0.868023 0.776832 0.645296 0.882928 0.822003 0.750810
0.636828 0.649157 0.875639 0.882206 0.902576 0.608931 0.576412 0.406578 0.636336 0.380675 0.470056 0.000000 0.614920 0.354614 0.883540 0.690123 0.671188 0.514374 0.680678 0.621334 0.893609 0.882035 0.940183 0.904829 0.693674 0.773542 0.650367 0.783659 0.413401 0.397706 0.933694 0.816458 0.708596 0.579528 0.837436 0.829988 0.703223 0.910508 0.860030 0.926094 0.902086 0.911230 0.806517 0.786536 0.626527 0.617191 0.717753 0.765695 0.666737 0.670312 0.615085 0.560894 0.709009 0.716812 0.791952 0.665914 0.857814 0.765522 0.626372 0.653020 0.442582 0.319929 0.479974 0.359019 0.679821 0.840827 0.895477 0.839326 0.736410 0.757253 0.999728 0.991529 0.655476 0.823749 0.930306 0.904349 0.695349 0.907275 0.774877 0.941775 0.703313 0.706248 0.905661 0.806683 0.902900 0.939084 0.920238 0.877909 0.864888 0.847642 0.793596 0.911882 0.877018 0.996193 0.999353 0.800494 0.822277 0.791700 0.542786 0.607321 0.618695 0.735229 0.832569 0.788423 0.717813 0.863583 0.867349 0.941065 0.860458 0.817377 0.830903 0.665823 0.636022 0.830277 0.808659 0.820326
0.549319 0.768669 0.978878 0.955635 0.542092 0.874183 0.913163 0.876206 0.850236 0.692531 0.637679 0.614920 0.000000 0.527202 0.381023 0.443851 0.679879 0.601876 0.633300 0.792247 0.854432 0.881462 0.770059 0.959245 0.825377 0.773332 0.927580 0.956617 0.525645 0.602985 0.810181 0.846618 0.900703 0.905884 0.717005 0.658997 0.977339 0.752532 0.914466 0.872732 0.771404 0.946933 0.966875 0.901283 0.911428 0.889390 0.816610 0.831529 0.636313 0.868219 0.998742 0.931958 0.905602 0.758126 0.809753 0.841854 0.789002 0.626510 0.670421 0.771005 0.591181 0.805852 0.535642 0.545253 0.965919 0.956712 0.799141 0.746086 0.899506 0.697919 0.792264 0.675943 0.937839 0.848621 0.952982 0.872607 0.866263 0.977249 0.785096 0.872613 0.725512 0.634527 0.860806 0.698787 0.754983 0.947057 0.856196 0.909280 0.822018 0.787771 0.872689 0.945641 0.863118 0.917644 0.953527 0.836572 0.921975 0.914308 0.796073 0.691631 0.911490 0.892580 0.990467 0.869936 0.960636 0.908952 0.984635 0.939938 0.971392 0.982805 0.928768 0.794194 0.816270 0.924707 0.962067 0.881105
0.605852 0.582324 0.948376 0.839872 0.829304 0.734426 0.743300 0.602093 0.884912 0.657881 0.591822 0.354614 0.527202 0.000000 0.795065 0.536887 0.627289 0.537566 0.558413 0.600643 0.941213 0.927516 0.861784 0.857104 0.839475 0.848971 0.833280 0.958776 0.495755 0.388730 0.877880 0.728911 0.693316 0.687554 0.787349 0.732103 0.949749 0.983195 0.933112 0.952936 0.852761 0.854324 0.794770 0.790742 0.710725 0.671792 0.669815 0.726096 0.680737 0.611912 0.626366 0.598081 0.808512 0.826371 0.717356 0.642925 0.723446 0.701364 0.652867 0.681328 0.583708 0.533798 0.567577 0.454348 0.807406 0.850710 0.978607 0.952489 0.736866 0.862417 0.928267 0.968575 0.643279 0.823537 0.966264 0.844130 0.723512 0.805185 0.750576 0.789890 0.686930 0.605216 0.720187 0.685820 0.933797 0.855239 0.975597 0.870617 0.890652 0.730452 0.974841 0.865632 0.919878 0.787208 0.980886 0.824560 0.927758 0.981367 0.717212 0.787082 0.798412 0.929560 0.933334 0.864778 0.854703 0.966423 0.985072 0.909595 0.835407 0.862890 0.917907 0.814487 0.808984 0.878906 0.872370 0.817924
0.730756 0.963109 0.985151 0.882350 0.558805 0.968376 0.840964 0.855284 0.997015 0.874438 0.802476 0.883540 0.381023 0.795065 0.000000 0.560251 0.798150 0.739822 0.759971 0.932251 0.913130 0.934718 0.740853 0.992766 0.994792 0.882497 0.706408 0.834686 0.700373 0.818172 0.771767 0.795671 0.967603 0.920773 0.790722 0.775437 0.964931 0.762169 0.884997 0.780345 0.820610 0.848656 0.792501 0.731408 0.863294 0.862006 0.952546 0.985951 0.825795 0.892133 0.750076 0.772967 0.709421 0.551137 0.861341 0.905003 0.866710 0.752369 0.836744 0.949019 0.847889 0.948322 0.771030 0.797240 0.832528 0.902465 0.702348 0.646743 0.898663 0.746003 0.831865 0.661141 0.817324 0.835962 0.951947 0.974532 0.894801 0.862105 0.978069 0.865079 0.790113 0.648427 0.766056 0.706678 0.617919 0.864240 0.925870 0.962600 0.777191 0.816640 0.769881 0.906727 0.736080 0.886676 0.997431 0.810482 0.847589 0.841777 0.964570 0.972537 0.723428 0.981370 0.777855 0.959781 0.838430 0.958531 0.895963 0.788905 0.863092 0.877561 0.924062 0.972854 0.895013 0.953618 0.851341 0.874843
0.850749 0.841756 0.904676 0.834894 0.520479 0.837824 0.936036 0.876685 0.893393 0.792221 0.917109 0.690123 0.443851 0.536887 0.560251 0.000000 0.885057 0.808982 0.696468 0.771081 0.974274 0.894796 0.544628 0.723978 0.976911 0.948858 0.845831 0.840892 0.756402 0.733077 0.999105 0.997638 0.829833 0.934884 0.858414 0.732180 0.836287 0.865498 0.986692 0.779307 0.865514 0.775624 0.944578 0.992469 0.951003 0.952773 0.725920 0.812690 0.757918 0.923230 0.995803 0.932648 0.937948 0.826741 0.825480 0.917283 0.980176 0.875038 0.901261 0.904116 0.782211 0.829645 0.789262 0.740516 0.822846 0.879729 0.872471 0.875826 0.808736 0.841836 0.934268 0.844195 0.987565 0.902479 0.946210 0.919314 0.942411 0.864381 0.905970 0.818859 0.965722 0.727957 0.795155 0.796463 0.704967 0.813039 0.931488 0.982799 0.824210 0.831226 0.941992 0.986199 0.894199 0.937154 0.947521 0.843275 0.836911 0.947646 0.969906 0.841157 0.916437 0.931117 0.852992 0.963318 0.962718 0.960546 0.940438 0.824041 0.958626 0.920077 0.975937 0.826327 0.913000 0.959872 0.865461 0.841014
0.532527 0.623204 0.784144 0.887110 0.856429 0.856776 0.856585 0.856212 0.960240 0.726813 0.494460 0.671188 0.679879 0.627289 0.798150 0.885057 0.000000 0.342078 0.614592 0.745094 0.789179 0.985770 0.798592 0.849051 0.700515 0.651177 0.896124 0.959611 0.532102 0.462864 0.875728 0.991725 0.823086 0.817561 0.897451 0.779716 0.850608 0.881254 0.824403 0.977271 0.998580 0.812747 0.899751 0.804060 0.687511 0.617626 0.791050 0.779748 0.508820 0.566433 0.665247 0.654769 0.820597 0.996630 0.587396 0.574788 0.494299 0.427883 0.545599 0.658121 0.656502 0.820443 0.404042 0.413722 0.720753 0.789653 0.886768 0.945019 0.945316 0.715092 0.869075 0.745965 0.938699 0.918577 0.948936 0.962511 0.980877 0.916435 0.615038 0.741023 0.407178 0.518724 0.710224 0.574510 0.941072 0.982036 0.839699 0.761629 0.874139 0.580884 0.857037 0.807362 0.765935 0.686684 0.919388 0.980935 0.817423 0.933765 0.772347 0.856964 0.960895 0.923886 0.955954 0.802255 0.987921 0.986736 0.937724 0.989392 0.800387 0.821057 0.833387 0.915378 0.787913 0.863316 0.959715 0.803211
0.474124 0.547053 0.834064 0.927512 0.765484 0.793134 0.758792 0.739981 0.845325 0.603259 0.444472 0.514374 0.601876 0.537566 0.739822 0.808982 0.342078 0.000000 0.538977 0.717003 0.824658 0.952584 0.814126 0.841763 0.697920 0.649483 0.885208 0.956612 0.400955 0.383227 0.875732 0.912581 0.680461 0.708465 0.902175 0.740490 0.785056 0.833960 0.805027 0.993207 0.895912 0.808895 0.812726 0.725488 0.610998 0.542246 0.703465 0.736665 0.469685 0.532722 0.611140 0.589953 0.796680 0.986935 0.550233 0.509958 0.472484 0.385076 0.424941 0.589377 0.512616 0.679677 0.320729 0.315063 0.729735 0.854928 0.934380 0.973382 0.960632 0.737293 0.871924 0.782119 0.916060 0.927672 0.964724 0.994822 0.906168 0.971627 0.534027 0.716862 0.356960 0.450540 0.745865 0.487747 0.886506 0.976478 0.877769 0.762698 0.805832 0.579552 0.872101 0.880872 0.802478 0.742364 0.901657 0.822527 0.797030 0.955463 0.654829 0.744788 0.967097 0.848377 0.826990 0.675457 0.844197 0.886050 0.996627 0.985906 0.890685 0.803400 0.855258 0.848336 0.602399 0.808728 0.899261 0.844937
0.516779 0.547614 0.763547 0.678661 0.755746 0.791850 0.661793 0.709647 0.975950 0.791539 0.798240 0.680678 0.633300 0.558413 0.759971 0.696468 0.614592 0.538977 0.000000 0.550274 0.948425 0.929581 0.742043 0.773413 0.927185 0.996528 0.936647 0.913782 0.703606 0.649009 0.831966 0.780340 0.613314 0.612315 0.987017 0.907249 0.901220 0.954022 0.977447 0.814117 0.836855 0.971129 0.836843 0.850533 0.718977 0.728926 0.581015 0.590575 0.768459 0.632241 0.750832 0.754505 0.888995 0.947690 0.720717 0.630120 0.619323 0.520393 0.537587 0.530285 0.580976 0.750650 0.624752 0.653813 0.900375 0.824419 0.821111 0.857976 0.840150 0.796486 0.825983 0.964898 0.735716 0.792613 0.986273 0.896809 0.863240 0.728950 0.881269 0.732010 0.650164 0.541410 0.837577 0.703774 0.804717 0.829087 0.904111 0.961024 0.814723 0.687239 0.926961 0.989928 0.939531 0.998337 0.991998 0.780332 0.723269 0.976842 0.687798 0.716123 0.853854 0.840055 0.798927 0.751964 0.905360 0.786636 0.944968 0.959384 0.743537 0.835051 0.845278 0.755373 0.688406 0.758584 0.955122 0.954350
0.597926 0.466800 0.638779 0.507365 0.948799 0.647157 0.538709 0.525234 0.879852 0.780564 0.862392 0.621334 0.792247 0.600643 0.932251 0.771081 0.745094 0.717003 0.550274 0.000000 0.786434 0.841452 0.672364 0.665992 0.810004 0.796137 0.871909 0.860198 0.790788 0.748113 0.674926 0.628593 0.564245 0.511995 0.844729 0.979312 0.860781 0.902589 0.853201 0.865768 0.769224 0.969380 0.678963 0.709148 0.783697 0.783480 0.590526 0.489387 0.976659 0.683984 0.723248 0.718437 0.848570 0.856921 0.639177 0.606024 0.750237 0.679303 0.689395 0.491185 0.586428 0.533333 0.816148 0.776473 0.824518 0.555216 0.641192 0.639429 0.903359 0.617665 0.716364 0.750286 0.575843 0.666790 0.738343 0.878284 0.727209 0.774005 0.948072 0.812201 0.712111 0.614781 0.793962 0.826061 0.785576 0.699295 0.884435 0.922826 0.763861 0.638531 0.684310 0.892404 0.678845 0.922925 0.982472 0.702161 0.692262 0.842002 0.613703 0.660232 0.772666 0.789108 0.818844 0.915719 0.675573 0.745831 0.840108 0.946201 0.803057 0.726222 0.710610 0.799674 0.734176 0.741334 0.760005 0.883063
0.911835 0.827758 0.466633 0.475879 0.993045 0.964831 0.834780 0.891366 0.957358 0.759041 0.695529 0.893609 0.854432 0.941213 0.913130 0.974274 0.789179 0.824658 0.948425 0.786434 0.000000 0.806796 0.530436 0.481309 0.431483 0.439721 0.782811 0.862989 0.739115 0.845566 0.493493 0.606865 0.732343 0.734559 0.724640 0.790243 0.753716 0.829700 0.792307 0.738202 0.825613 0.716356 0.726707 0.853432 0.855350 0.784413 0.783527 0.838400 0.628105 0.850745 0.930694 0.856068 0.857619 0.896521 0.967504 0.981836 0.990755 0.906227 0.892287 0.984452 0.947330 0.925252 0.598012 0.673247 0.481653 0.476497 0.639447 0.671531 0.864484 0.850598 0.622627 0.676053 0.716336 0.763682 0.843086 0.806011 0.874106 0.784240 0.779311 0.800762 0.860902 0.864659 0.826208 0.963318 0.683000 0.560569 0.625211 0.885141 0.959329 0.915569 0.855692 0.879666 0.861935 0.879946 0.784330 0.821335 0.949239 0.906977 0.937478 0.958947 0.962157 0.943245 0.749657 0.776231 0.742848 0.803074 0.951544 0.928598 0.941529 0.977084 0.914726 0.932635 0.964493 0.985097 0.858030 0.978450
0.985281 0.855665 0.808223 0.853428 0.911936 0.829013 0.915000 0.931693 0.957220 0.945893 0.907786 0.882035 0.881462 0.927516 0.934718 0.894796 0.985770 0.952584 0.929581 0.841452 0.806796 0.000000 0.910438 0.916151 0.911851 0.905057 0.962473 0.836636 0.941293 0.849577 0.872603 0.941265 0.913299 0.949987 0.922000 0.985679 0.937441 0.963803 0.995568 0.804199 0.915640 0.960096 0.901177 0.878084 0.977412 0.999562 0.945326 0.807886 0.934543 0.908267 0.966816 0.981981 0.868484 0.870213 0.934423 0.888614 0.988504 0.978980 0.893287 0.905766 0.945843 0.969984 0.813835 0.898080 0.924769 0.920498 0.837463 0.919553 0.845031 0.896244 0.867249 0.804436 0.969895 0.946989 0.869150 0.794339 0.943917 0.914925 0.968060 0.964040 0.906769 0.988453 0.886705 0.964834 0.954660 0.954785 0.974284 0.887752 0.985062 0.937154 0.790313 0.912460 0.824847 0.817787 0.883556 0.922256 0.877347 0.949928 0.915222 0.959807 0.920749 0.892503 0.976849 0.888539 0.869042 0.793431 0.879731 0.916889 0.932164 0.981802 0.869201 0.997025 0.989539 0.734723 0.794114 0.929545
0.998351 0.859481 0.396447 0.436336 0.677383 0.999521 0.793563 0.873527 0.997516 0.879675 0.626620 0.940183 0.770059 0.861784 0.740853 0.544628 0.798592 0.814126 0.742043 0.672364 0.530436 0.910438 0.000000 0.347019 0.400046 0.466966 0.702491 0.762649 0.847595 0.919066 0.530355 0.674256 0.658867 0.779449 0.754398 0.883232 0.498489 0.820113 0.679833 0.655709 0.923848 0.787213 0.746480 0.915900 0.967523 0.876221 0.650653 0.688367 0.830950 0.943375 0.909575 0.885957 0.862720 0.818006 0.858258 0.984127 0.933043 0.926311 0.928846 0.950839 0.879241 0.914637 0.734327 0.774270 0.325217 0.486070 0.708456 0.763894 0.975766 0.844471 0.667761 0.751316 0.780192 0.775708 0.750540 0.839282 0.865496 0.580844 0.780637 0.728827 0.879710 0.848937 0.812289 0.981825 0.488278 0.495122 0.855384 0.779193 0.842725 0.842239 0.864568 0.923354 0.812329 0.857965 0.826320 0.726227 0.965070 0.939503 0.961896 0.849467 0.976344 0.982357 0.906287 0.836927 0.836514 0.778704 0.943747 0.906965 0.991084 0.960995 0.901656 0.988233 0.996822 0.927759 0.993727 0.953509
0.956584 0.767565 0.436479 0.368571 0.887627 0.956506 0.874171 0.933715 0.819487 0.652277 0.580455 0.904829 0.959245 0.857104 0.992766 0.723978 0.849051 0.841763 0.773413 0.665992 0.481309 0.916151 0.347019 0.000000 0.335839 0.426483 0.666506 0.772231 0.655449 0.856511 0.505396 0.522853 0.705434 0.816193 0.745266 0.863871 0.579296 0.708370 0.558323 0.711999 0.900783 0.810460 0.726714 0.848650 0.856968 0.801816 0.651730 0.740842 0.672080 0.922189 0.974006 0.916097 0.869096 0.869867 0.915018 0.925813 0.938585 0.946624 0.847640 0.969272 0.918932 0.972629 0.649474 0.683879 0.422847 0.447039 0.728186 0.711136 0.942860 0.990746 0.714965 0.749165 0.711869 0.786438 0.796052 0.857829 0.869070 0.648587 0.854541 0.631222 0.903465 0.805957 0.779656 0.934521 0.566573 0.398481 0.812958 0.980205 0.909276 0.748124 0.982397 0.874001 0.927127 0.959695 0.912506 0.843984 0.930533 0.931821 0.871196 0.943293 0.929140 0.857759 0.840100 0.779165 0.926288 0.899618 0.910716 0.906609 0.987357 0.952769 0.961270 0.912071 0.850771 0.941290 0.984257 0.952968
0.890385 0.866855 0.357775 0.427508 0.939152 0.899807 0.935288 0.958939 0.787829 0.572909 0.478480 0.693674 0.825377 0.839475 0.994792 0.976911 0.700515 0.697920 0.927185 0.810004 0.431483 0.911851 0.400046 0.335839 0.000000 0.294749 0.601123 0.802297 0.560996 0.674633 0.489066 0.629908 0.712089 0.846185 0.672811 0.696172 0.519515 0.666407 0.560581 0.659003 0.832691 0.916314 0.812063 0.966640 0.770870 0.671051 0.710370 0.840713 0.549606 0.766865 0.802032 0.732459 0.693774 0.702375 0.976557 0.993670 0.986036 0.888218 0.848007 0.986013 0.896013 0.938300 0.517262 0.504338 0.292957 0.435640 0.681143 0.674915 0.752180 0.934241 0.625332 0.683528 0.793948 0.731917 0.783609 0.889671 0.933493 0.662812 0.719900 0.670015 0.929954 0.890872 0.801148 0.998020 0.447444 0.354514 0.747651 0.924336 0.879398 0.772720 0.983250 0.879391 0.855464 0.971103 0.898658 0.793162 0.968846 0.916348 0.831274 0.884240 0.899817 0.812355 0.849749 0.791405 0.904256 0.832212 0.978006 0.907833 0.911877 0.992909 0.975057 0.798407 0.829347 0.922332 0.997533 0.855805
0.890718 0.850624 0.314183 0.347415 0.951873 0.949758 0.783768 0.855740 0.948232 0.703758 0.561747 0.773542 0.773332 0.848971 0.882497 0.948858 0.651177 0.649483 0.996528 0.796137 0.439721 0.905057 0.466966 0.426483 0.294749 0.000000 0.822805 0.846679 0.580611 0.664345 0.357931 0.562488 0.681338 0.773281 0.609942 0.657650 0.501308 0.614523 0.585654 0.652510 0.773076 0.929469 0.670094 0.845929 0.838789 0.747096 0.681090 0.848298 0.516665 0.766503 0.930556 0.831974 0.834442 0.877722 0.991384 0.934460 0.919705 0.811963 0.874164 0.959965 0.998719 0.873016 0.445838 0.507639 0.332205 0.322241 0.521191 0.526429 0.867731 0.965498 0.439427 0.501469 0.707551 0.654483 0.833179 0.818286 0.850462 0.664039 0.628737 0.691076 0.843754 0.985364 0.936074 0.843715 0.605273 0.470072 0.738834 0.873927 0.880218 0.898759 0.753060 0.912960 0.680937 0.774749 0.869725 0.807384 0.927786 0.997584 0.979759 0.991928 0.872399 0.990553 0.951773 0.774805 0.790926 0.732495 0.841272 0.960295 0.990780 0.971369 0.843045 0.923539 0.934279 0.989880 0.862136 0.791405
0.858807 0.938479 0.901396 0.962638 0.732702 0.613910 0.587027 0.554691 0.653780 0.531177 0.681650 0.650367 0.927580 0.833280 0.706408 0.845831 0.896124 0.885208 0.936647 0.871909 0.782811 0.962473 0.702491 0.666506 0.601123 0.822805 0.000000 0.751615 0.736362 0.718808 0.878125 0.892690 0.856586 0.668193 0.997607 0.980640 0.755120 0.931687 0.832421 0.681580 0.950167 0.943275 0.787067 0.666971 0.563859 0.571192 0.971493 0.878686 0.854031 0.672040 0.582441 0.556665 0.560535 0.429388 0.908005 0.891034 0.942727 0.984276 0.725352 0.724867 0.625590 0.611338 0.799140 0.696038 0.593281 0.984722 0.710823 0.684174 0.744055 0.947792 0.877135 0.775022 0.744833 0.832022 0.868006 0.844148 0.694158 0.898450 0.949655 0.889079 0.952277 0.839242 0.805573 0.775554 0.470761 0.536058 0.824716 0.911143 0.855338 0.800310 0.567526 0.642400 0.651373 0.704316 0.899061 0.934722 0.742322 0.693399 0.549869 0.634784 0.516700 0.623320 0.657954 0.739966 0.771173 0.897634 0.810909 0.665340 0.740833 0.858698 0.780543 0.642880 0.697145 0.745163 0.717077 0.913937
0.917997 0.962488 0.832069 0.863171 0.944665 0.947412 0.865893 0.813852 0.807033 0.812495 0.732500 0.783659 0.956617 0.958776 0.834686 0.840892 0.959611 0.956612 0.913782 0.860198 0.862989 0.836636 0.762649 0.772231 0.802297 0.846679 0.751615 0.000000 0.874508 0.860470 0.965593 0.957764 0.966446 0.875733 0.921612 0.878103 0.751528 0.916684 0.888932 0.771122 0.865898 0.912787 0.992592 0.918432 0.820736 0.834112 0.921172 0.890450 0.859634 0.889584 0.848504 0.810918 0.835251 0.768040 0.975651 0.870911 0.958283 0.999119 0.908384 0.994452 0.800428 0.819493 0.858654 0.777160 0.737678 0.917095 0.919267 0.963904 0.851177 0.926714 0.906500 0.913239 0.937087 0.989942 0.949522 0.967660 0.863776 0.997994 0.787107 0.724657 0.936344 0.859912 0.848863 0.930266 0.787893 0.785954 0.972057 0.951198 0.898799 0.798290 0.841719 0.789657 0.860816 0.893889 0.929555 0.970688 0.966187 0.808833 0.808832 0.860192 0.766513 0.874045 0.806903 0.909104 0.847106 0.813253 0.934877 0.715394 0.892804 0.881084 0.881436 0.882683 0.835333 0.942749 0.828124 0.922952
0.603096 0.733161 0.717456 0.784254 0.725337 0.757217 0.752575 0.666759 0.667212 0.419419 0.410731 0.413401 0.525645 0.495755 0.700373 0.756402 0.532102 0.400955 0.703606 0.790788 0.739115 0.941293 0.847595 0.655449 0.560996 0.580611 0.736362 0.874508 0.000000 0.330567 0.854905 0.985839 0.760738 0.763390 0.840660 0.714463 0.699761 0.750234 0.761385 0.876071 0.916810 0.897527 0.897873 0.824249 0.532641 0.496900 0.860090 0.833440 0.409395 0.561049 0.653044 0.594471 0.710907 0.850091 0.705115 0.574316 0.760389 0.649741 0.571777 0.667778 0.462367 0.614534 0.328491 0.293885 0.631537 0.813916 0.898350 0.946512 0.799793 0.727450 0.833019 0.802770 0.867093 0.851355 0.962830 0.995196 0.819493 0.973269 0.656516 0.929072 0.592182 0.700283 0.808117 0.650281 0.962305 0.840607 0.894810 0.888727 0.925110 0.790232 0.990420 0.973665 0.918242 0.906901 0.974513 0.927947 0.941052 0.927289 0.596287 0.669883 0.853388 0.787086 0.772958 0.774031 0.815795 0.964930 0.900263 0.985403 0.960032 0.813432 0.980281 0.776445 0.624817 0.728990 0.852467 0.786290
0.663158 0.649550 0.807636 0.929061 0.754916 0.821924 0.666783 0.619767 0.740915 0.478957 0.459981 0.397706 0.602985 0.388730 0.818172 0.733077 0.462864 0.383227 0.649009 0.748113 0.845566 0.849577 0.919066 0.856511 0.674633 0.664345 0.718808 0.860470 0.330567 0.000000 0.960298 0.801784 0.675667 0.658182 0.882699 0.785885 0.805006 0.895786 0.821791 0.958490 0.907056 0.952724 0.725160 0.651479 0.460119 0.447594 0.754387 0.770115 0.434306 0.500382 0.521463 0.486980 0.631100 0.776496 0.603125 0.587137 0.676472 0.639840 0.539748 0.742337 0.461410 0.564187 0.343109 0.286643 0.675606 0.905163 0.989509 0.911906 0.743551 0.757331 0.918201 0.874523 0.743982 0.750394 0.959255 0.941998 0.774753 0.885551 0.662036 0.823454 0.515574 0.650128 0.634100 0.661423 0.985610 0.943173 0.944317 0.800511 0.930739 0.716276 0.963569 0.903232 0.849898 0.766264 0.967550 0.940960 0.872806 0.951097 0.645311 0.711717 0.855173 0.879984 0.791808 0.797046 0.812318 0.923842 0.969771 0.955976 0.941747 0.822152 0.920039 0.890465 0.635020 0.824875 0.905231 0.720404
0.965279 0.723549 0.398804 0.333381 0.956498 0.786573 0.498115 0.543180 0.845097 0.974302 0.779453 0.933694 0.810181 0.877880 0.771767 0.999105 0.875728 0.875732 0.831966 0.674926 0.493493 0.872603 0.530355 0.505396 0.489066 0.357931 0.878125 0.965593 0.854905 0.960298 0.000000 0.389163 0.471350 0.515136 0.527335 0.738363 0.636550 0.659944 0.715032 0.836993 0.705896 0.994581 0.399466 0.542803 0.744942 0.853115 0.597430 0.670362 0.796390 0.866125 0.683617 0.779446 0.793976 0.747276 0.795584 0.877263 0.990652 0.883163 0.954293 0.817247 0.742420 0.607597 0.713303 0.854477 0.577066 0.339109 0.368937 0.345253 0.994672 0.909952 0.367847 0.416446 0.506057 0.506841 0.799122 0.654851 0.670236 0.490991 0.773674 0.707086 0.916606 0.957149 0.806043 0.821214 0.806078 0.644170 0.805353 0.894763 0.964228 0.890493 0.591152 0.873321 0.583157 0.772799 0.879637 0.796713 0.738428 0.949170 0.713371 0.811823 0.615256 0.815827 0.871759 0.977354 0.638238 0.652076 0.743911 0.872713 0.870129 0.843807 0.740351 0.953668 0.898728 0.795493 0.699311 0.930909
0.913189 0.583512 0.578708 0.478027 0.945431 0.869078 0.591963 0.596303 0.939424 0.971032 0.922601 0.816458 0.846618 0.728911 0.795671 0.997638 0.991725 0.912581 0.780340 0.628593 0.606865 0.941265 0.674256 0.522853 0.629908 0.562488 0.892690 0.957764 0.985839 0.801784 0.389163 0.000000 0.531181 0.534572 0.670427 0.859859 0.830624 0.659377 0.778882 0.877784 0.842687 0.991145 0.450603 0.504612 0.748445 0.767096 0.533768 0.597624 0.897023 0.769313 0.607235 0.668984 0.778477 0.800522 0.782721 0.680020 0.879402 0.996003 0.816035 0.719238 0.733280 0.622477 0.864884 0.991183 0.742629 0.478369 0.519542 0.439837 0.926932 0.981563 0.551689 0.552848 0.498693 0.442863 0.864805 0.779514 0.668706 0.540806 0.960790 0.711113 0.932081 0.855856 0.789142 0.963092 0.867249 0.625112 0.842796 0.945842 0.953074 0.798719 0.775240 0.998219 0.751619 0.947656 0.888782 0.862233 0.735356 0.932643 0.764788 0.825148 0.708574 0.860350 0.834624 0.961505 0.597884 0.680402 0.889830 0.852007 0.955154 0.888839 0.802404 0.975770 0.786173 0.795259 0.753839 0.966661
0.663422 0.524994 0.557914 0.536885 0.833493 0.607635 0.444066 0.511015 0.762074 0.758554 0.866394 0.708596 0.900703 0.693316 0.967603 0.829833 0.823086 0.680461 0.613314 0.564245 0.732343 0.913299 0.658867 0.705434 0.712089 0.681338 0.856586 0.966446 0.760738 0.675667 0.471350 0.531181 0.000000 0.432004 0.608309 0.872996 0.821841 0.894552 0.866157 0.825883 0.764496 0.899082 0.434707 0.453575 0.570672 0.619275 0.528996 0.592939 0.850728 0.594818 0.562973 0.616740 0.747615 0.843368 0.503069 0.593797 0.682371 0.747037 0.631983 0.539673 0.471226 0.545413 0.861435 0.772009 0.735782 0.556856 0.503487 0.467737 0.943148 0.741543 0.598374 0.625156 0.539763 0.602684 0.799007 0.741904 0.658175 0.588630 0.882947 0.651324 0.692394 0.666691 0.790125 0.816155 0.673658 0.647269 0.939687 0.971514 0.802874 0.723230 0.720002 0.886703 0.699623 0.895912 0.990482 0.652349 0.669016 0.889972 0.565122 0.647623 0.673844 0.775160 0.770531 0.800542 0.575186 0.595765 0.761747 0.874833 0.874013 0.714679 0.768826 0.858730 0.593480 0.732545 0.594265 0.973484
0.659339 0.509014 0.627975 0.534055 0.957215 0.638377 0.330199 0.378053 0.647438 0.623025 0.790142 0.579528 0.905884 0.687554 0.920773 0.934884 0.817561 0.708465 0.612315 0.511995 0.734559 0.949987 0.779449 0.816193 0.846185 0.773281 0.668193 0.875733 0.763390 0.658182 0.515136 0.534572 0.432004 0.000000 0.677487 0.833196 0.992717 0.883452 0.957308 0.846421 0.872461 0.935829 0.470160 0.504714 0.547287 0.598223 0.578958 0.549817 0.874948 0.604536 0.553597 0.571611 0.643717 0.671070 0.659878 0.706198 0.804030 0.772717 0.572991 0.527778 0.428666 0.418939 0.813145 0.706951 0.876327 0.553073 0.436729 0.424946 0.996421 0.707758 0.520723 0.602059 0.538150 0.566769 0.881560 0.841905 0.593969 0.633831 0.865446 0.753950 0.796622 0.787780 0.901252 0.961941 0.923292 0.845269 0.976649 0.999723 0.900205 0.768656 0.578585 0.758333 0.558258 0.771057 0.878294 0.751763 0.614352 0.825603 0.461175 0.538576 0.550138 0.562970 0.762584 0.796914 0.531520 0.579939 0.653828 0.732058 0.811004 0.728627 0.682684 0.774015 0.560076 0.738657 0.616888 0.964156
0.888132 0.904998 0.593959 0.624212 0.986324 0.879163 0.632357 0.740839 0.833894 0.929650 0.768969 0.837436 0.717005 0.787349 0.790722 0.858414 0.897451 0.902175 0.987017 0.844729 0.724640 0.922000 0.754398 0.745266 0.672811 0.609942 0.997607 0.921612 0.840660 0.882699 0.527335 0.670427 0.608309 0.677487 0.000000 0.691085 0.809646 0.779763 0.866800 0.910732 0.738536 0.921171 0.595777 0.650757 0.767436 0.844808 0.867814 0.753470 0.885300 0.946788 0.832623 0.898679 0.774528 0.814916 0.850260 0.939889 0.986306 0.909293 0.986690 0.866337 0.895744 0.864599 0.800395 0.828484 0.667612 0.675252 0.490135 0.490158 0.838242 0.821740 0.477202 0.604257 0.864158 0.703370 0.863250 0.826561 0.835496 0.775754 0.875436 0.824758 0.885259 0.895395 0.987749 0.767574 0.903702 0.801849 0.988704 0.879574 0.950192 0.902596 0.645273 0.803967 0.644988 0.737140 0.835788 0.819610 0.777132 0.932016 0.825213 0.887506 0.812246 0.827382 0.886170 0.894580 0.797716 0.739818 0.917837 0.899210 0.971266 0.854251 0.809410 0.949278 0.893187 0.878018 0.679548 0.999973
0.782694 0.950121 0.754457 0.757160 0.838334 0.913738 0.865185 0.935475 0.960087 0.923209 0.726639 0.829988 0.658997 0.732103 0.775437 0.732180 0.779716 0.740490 0.907249 0.979312 0.790243 0.985679 0.883232 0.863871 0.696172 0.657650 0.980640 0.878103 0.714463 0.785885 0.738363 0.859859 0.872996 0.833196 0.691085 0.000000 0.933136 0.882127 0.855633 0.894726 0.991891 0.864512 0.918904 0.938454 0.981632 0.897527 0.970605 0.999332 0.732558 0.837941 0.935341 0.823170 0.969536 0.982963 0.977728 0.901882 0.817141 0.782797 0.808042 0.868483 0.969597 0.955902 0.726325 0.680138 0.760399 0.770372 0.647063 0.741431 0.882398 0.982221 0.659833 0.696103 0.943413 0.873676 0.851424 0.823089 0.942620 0.942112 0.755216 0.967259 0.926603 0.843188 0.968803 0.781250 0.966997 0.850404 0.841384 0.950863 0.993578 0.862875 0.781587 0.920668 0.676944 0.839456 0.947155 0.972403 0.739899 0.966492 0.981789 0.932113 0.819974 0.893511 0.915715 0.887890 0.889519 0.860823 0.985358 0.994136 0.888440 0.912457 0.869676 0.888568 0.879677 0.942671 0.854518 0.979143
0.975895 0.885501 0.479192 0.587706 0.908253 0.977847 0.933633 0.936380 0.973730 0.728435 0.738445 0.703223 0.977339 0.949749 0.964931 0.836287 0.850608 0.785056 0.901220 0.860781 0.753716 0.937441 0.498489 0.579296 0.519515 0.501308 0.755120 0.751528 0.699761 0.805006 0.636550 0.830624 0.821841 0.992717 0.809646 0.933136 0.000000 0.662211 0.646862 0.565861 0.723205 0.936492 0.795413 0.888211 0.903027 0.849013 0.703925 0.886558 0.806454 0.918917 0.909761 0.899839 0.838686 0.775108 0.846511 0.877171 0.911832 0.992296 0.989683 0.986203 0.992181 0.945232 0.701463 0.689567 0.431723 0.643704 0.767021 0.774122 0.740008 0.947404 0.682482 0.723880 0.844716 0.860894 0.925891 0.918337 0.995816 0.697381 0.838705 0.720827 0.965148 0.894962 0.846740 0.977082 0.545413 0.527127 0.990694 0.894491 0.843641 0.774682 0.949503 0.990433 0.983994 0.973212 0.960732 0.876540 0.854766 0.807202 0.936777 0.969456 0.918777 0.881081 0.991062 0.866559 0.938234 0.853753 0.941256 0.932999 0.880620 0.972085 0.867195 0.885544 0.837624 0.971517 0.986636 0.850404
0.979516 0.878634 0.728830 0.645864 0.851309 0.945337 0.923494 0.946428 0.848118 0.820379 0.897186 0.910508 0.752532 0.983195 0.762169 0.865498 0.881254 0.833960 0.954022 0.902589 0.829700 0.963803 0.820113 0.708370 0.666407 0.614523 0.931687 0.916684 0.750234 0.895786 0.659944 0.659377 0.894552 0.883452 0.779763 0.882127 0.662211 0.000000 0.640679 0.763966 0.898795 0.851443 0.844677 0.869163 0.940427 0.913777 0.684690 0.903123 0.820669 0.918421 0.984866 0.998347 0.905829 0.971012 0.935997 0.969454 0.973513 0.943736 0.994158 0.991344 0.981571 0.924444 0.749811 0.791489 0.712387 0.660981 0.748787 0.726463 0.843531 0.976734 0.708650 0.714603 0.708967 0.706309 0.765293 0.966078 0.842299 0.701119 0.869809 0.889646 0.966438 0.977960 0.858404 0.981455 0.750249 0.608948 0.842353 0.837607 0.858877 0.816844 0.980368 0.950415 0.921455 0.957419 0.803204 0.836546 0.932255 0.898827 0.907319 0.940713 0.934086 0.833413 0.878135 0.811232 0.907608 0.862463 0.961598 0.911317 0.911901 0.961139 0.998290 0.859080 0.991360 0.945850 0.910387 0.958109
