0.000000 0.388105 0.906578 0.726593 0.996315 0.816791 0.869037 0.810355 0.585246 0.830782 0.454857 0.426098 0.567985 0.455754 0.759369 0.847491 0.465029 0.354580 0.483429 0.386342 0.733375 0.959318 0.748185 0.707602 0.905124 0.967370 0.903746 0.850073 0.673799 0.614915 0.941441 0.798514 0.554989 0.598293 0.995713 0.981509 0.918746 0.907697 0.785871 0.904768 0.884144 0.859226 0.833136 0.841996 0.986884 0.878935 0.795811 0.686237 0.844546 0.819697 0.999019 0.927384 0.847667 0.708228 0.716081 0.752521 0.323790 0.360067 0.596066 0.607822 0.751776 0.937522 0.478382 0.476499 0.984514 0.947893 0.719255 0.810496 0.407501 0.591161 0.874215 0.839664 0.833841 0.823662 0.779070 0.822585 0.869327 0.889212 0.704388 0.617650 0.421984 0.474509 0.484072 0.461810 0.518531 0.573493 0.888184 0.763536 0.829285 0.590577 0.728616 0.642426 0.793271 0.688755 0.922101 0.878253 0.944935 0.913411 0.956188 0.949313 0.968378 0.906294 0.869699 0.654397 0.889697 0.650860 0.870919 0.941862 0.947857 0.741099 0.949973 0.920421 0.948346 0.766844 0.907944 0.758347
0.388105 0.000000 0.823952 0.584951 0.955454 0.841026 0.768652 0.641038 0.796989 0.973796 0.648840 0.467055 0.690967 0.540207 0.783087 0.789861 0.544501 0.484462 0.540048 0.443367 0.860332 0.916225 0.768910 0.736318 0.906296 0.886033 0.870211 0.850936 0.717112 0.731575 0.849566 0.871978 0.619675 0.552956 0.960507 0.975045 0.832637 0.810214 0.681830 0.972014 0.920216 0.804074 0.957581 0.729481 0.954115 0.818740 0.769044 0.678337 0.788616 0.738774 0.885416 0.818715 0.983728 0.850398 0.790783 0.697025 0.314391 0.290947 0.659240 0.722014 0.771415 0.903560 0.607567 0.552692 0.879295 0.964445 0.764818 0.825195 0.496842 0.522163 0.958035 0.950725 0.854296 0.759902 0.803192 0.841779 0.719230 0.883103 0.671843 0.634126 0.471926 0.555800 0.583867 0.536793 0.618922 0.688835 0.966994 0.903890 0.819297 0.606859 0.861148 0.769853 0.919791 0.807324 0.814464 0.982540 0.974033 0.930658 0.997432 0.945979 0.907467 0.849171 0.928315 0.744706 0.914564 0.707378 0.950216 0.962168 0.969549 0.736469 0.881351 0.986362 0.925398 0.713295 0.936372 0.785717
0.906578 0.823952 0.000000 0.515942 0.983218 0.806181 0.807899 0.745703 0.666685 0.945768 0.967104 0.877202 0.633756 0.880912 0.635021 0.563417 0.856963 0.912431 0.916643 0.862613 0.764749 0.936200 0.670512 0.676394 0.521972 0.568344 0.777523 0.907654 0.956328 0.993130 0.723057 0.720938 0.976108 0.949451 0.779780 0.876681 0.648587 0.796452 0.839512 0.775976 0.881094 0.833397 0.875770 0.904402 0.861678 0.875960 0.982262 0.996946 0.826947 0.947766 0.906945 0.991499 0.884583 0.891595 0.997637 0.867386 0.883610 0.849196 0.959065 0.936666 0.822522 0.596513 0.822651 0.889457 0.485292 0.557756 0.978713 0.951522 0.799550 0.868203 0.724608 0.788406 0.812904 0.857175 0.978444 0.992741 0.710117 0.818916 0.897502 0.821147 0.890475 0.959075 0.957893 0.997799 0.917181 0.771055 0.851998 0.733214 0.778494 0.876772 0.939695 0.958761 0.926637 0.962612 0.805195 0.807168 0.767550 0.931613 0.963172 0.863147 0.668922 0.949519 0.872000 0.850177 0.981169 0.874548 0.846074 0.947621 0.840496 0.957175 0.998218 0.861009 0.909949 0.823437 0.666803 0.959472
0.726593 0.584951 0.515942 0.000000 0.985687 0.975623 0.799255 0.494214 0.929897 0.985734 0.931217 0.621642 0.721176 0.666008 0.768056 0.569223 0.955534 0.848214 0.766096 0.803925 0.674044 0.830759 0.704468 0.538482 0.526120 0.536718 0.730216 0.997026 0.930403 0.956047 0.781545 0.736977 0.845294 0.813681 0.841467 0.914210 0.606426 0.684034 0.671625 0.842923 0.933599 0.739610 0.972125 0.870860 0.740141 0.831278 0.953513 0.999073 0.770467 0.905628 0.847905 0.901958 0.796772 0.779219 0.997517 0.985064 0.618304 0.601129 0.966144 0.907296 0.887994 0.657587 0.983537 0.866955 0.595760 0.645041 0.990908 0.998511 0.674272 0.729071 0.866620 0.852106 0.991570 0.998058 0.980207 0.970612 0.767730 0.945091 0.862165 0.953902 0.989395 0.914667 0.846109 0.836362 0.938588 0.692568 0.962775 0.851019 0.787719 0.693085 0.836376 0.738395 0.941412 0.876739 0.865159 0.790306 0.981674 0.837820 0.912583 0.968137 0.751405 0.830096 0.834250 0.980476 0.829945 0.783672 0.873245 0.985207 0.961238 0.903614 0.946085 0.785555 0.902123 0.760198 0.735598 0.892064
0.996315 0.955454 0.983218 0.985687 0.000000 0.929126 0.788972 0.911338 0.962481 0.888517 0.876679 0.834881 0.777954 0.878534 0.834715 0.883038 0.946492 0.908838 0.840305 0.967303 0.951235 0.978146 0.764608 0.929971 0.948759 0.999116 0.958721 0.938919 0.889596 0.871167 0.726233 0.911762 0.870072 0.824906 0.975518 0.741009 0.929573 0.878833 0.966690 0.992445 0.918183 0.852346 0.889305 0.851574 0.915160 0.926050 0.904411 0.895518 0.968771 0.985681 0.932666 0.927129 0.838706 0.830998 0.819595 0.952065 0.820851 0.927146 0.853742 0.921107 0.772427 0.838205 0.871431 0.902776 0.978174 0.869191 0.798063 0.726750 0.968306 0.831190 0.764847 0.796699 0.838033 0.764394 0.943285 0.992370 0.959378 0.766565 0.990889 0.984638 0.977985 0.926684 0.970490 0.969568 0.893556 0.883953 0.956581 0.891846 0.803472 0.930458 0.985080 0.913902 0.955833 0.905199 0.966824 0.890021 0.943949 0.947530 0.869522 0.748303 0.836667 0.724616 0.797219 0.835115 0.748385 0.720855 0.986996 0.959045 0.927891 0.988456 0.874486 0.880428 0.983934 0.835339 0.811974 0.891953
0.816791 0.841026 0.806181 0.975623 0.929126 0.000000 0.931719 0.937794 0.722702 0.867348 0.931443 0.881360 0.980746 0.803958 0.912914 0.842581 0.807305 0.786293 0.789480 0.869738 0.917504 0.895588 0.947314 0.943221 0.927432 0.849174 0.871111 0.748506 0.938192 0.973014 0.865541 0.991922 0.862406 0.916660 0.950924 0.899155 0.852438 0.939771 0.942281 0.797927 0.723283 0.807254 0.866365 0.916644 0.902492 0.869892 0.830912 0.850304 0.851063 0.842719 0.882311 0.910735 0.988324 0.959485 0.978323 0.758762 0.741728 0.797506 0.851743 0.956673 0.990223 0.787065 0.798267 0.852086 0.927132 0.797507 0.860062 0.936765 0.880411 0.923096 0.772656 0.773624 0.698099 0.747751 0.938289 0.809817 0.911789 0.768412 0.884368 0.942566 0.791010 0.811868 0.824807 0.743549 0.780456 0.832905 0.725770 0.891152 0.942475 0.748338 0.959721 0.924905 0.984743 0.857747 0.969598 0.970552 0.850945 0.917142 0.979085 0.987974 0.990169 0.904216 0.954726 0.792094 0.964834 0.963993 0.934435 0.827095 0.884746 0.887391 0.941248 0.990363 0.964656 0.983998 0.916889 0.810253
0.869037 0.768652 0.807899 0.799255 0.788972 0.931719 0.000000 0.336543 0.781293 0.461908 0.850592 0.644571 0.614692 0.848140 0.784326 0.914275 0.734369 0.772403 0.646728 0.956728 0.874165 0.943000 0.744059 0.807858 0.703151 0.848701 0.824973 0.667762 0.702745 0.748433 0.583863 0.865669 0.574998 0.471937 0.851404 0.846511 0.950302 0.745933 0.842750 0.840106 0.878767 0.940109 0.453276 0.452945 0.548968 0.584835 0.651245 0.667434 0.624957 0.602355 0.527731 0.538737 0.575840 0.575219 0.846129 0.771178 0.835419 0.742678 0.445495 0.577155 0.325824 0.508801 0.561651 0.523574 0.850394 0.945821 0.407934 0.457458 0.973277 0.988133 0.536966 0.564122 0.847884 0.837182 0.874772 0.821261 0.518345 0.867615 0.614467 0.871240 0.842589 0.860468 0.983740 0.893229 0.962129 0.807517 0.987050 0.745460 0.922729 0.980470 0.611707 0.637465 0.691719 0.748827 0.768997 0.827859 0.618377 0.695895 0.424274 0.440853 0.686697 0.640953 0.652079 0.621496 0.662261 0.706524 0.734704 0.649482 0.804116 0.824283 0.633293 0.605585 0.504300 0.757893 0.596217 0.987936
0.810355 0.641038 0.745703 0.494214 0.911338 0.937794 0.336543 0.000000 0.838335 0.553615 0.890218 0.551998 0.647280 0.731929 0.814736 0.723398 0.765374 0.763769 0.679293 0.913139 0.975698 0.848068 0.764788 0.969206 0.939316 0.959984 0.994099 0.791707 0.848159 0.826986 0.628590 0.852834 0.657352 0.522070 0.890907 0.898392 0.904247 0.987539 0.933463 0.906662 0.856429 0.832519 0.601710 0.530349 0.788445 0.787446 0.802090 0.810900 0.843183 0.776292 0.723334 0.731039 0.758668 0.763651 0.959850 0.855875 0.697232 0.640403 0.562277 0.667590 0.446804 0.452602 0.660663 0.561586 0.982873 0.866314 0.563241 0.618291 0.951929 0.854330 0.598142 0.620253 0.902075 0.913577 0.901857 0.869519 0.582723 0.884834 0.625692 0.923854 0.916182 0.895072 0.955533 0.945830 0.914950 0.952624 0.907888 0.701716 0.811677 0.934728 0.784696 0.888493 0.781938 0.897480 0.831660 0.910161 0.731370 0.701829 0.644527 0.583516 0.856224 0.883020 0.859615 0.713673 0.666141 0.769093 0.716207 0.690892 0.868609 0.803371 0.701096 0.833427 0.593448 0.710674 0.632167 0.930851
0.585246 0.796989 0.666685 0.929897 0.962481 0.722702 0.781293 0.838335 0.000000 0.665276 0.732315 0.810764 0.977504 0.652474 0.790492 0.875368 0.669901 0.613663 0.829622 0.709842 0.996525 0.842991 0.891678 0.795254 0.957327 0.877351 0.934616 0.967120 0.911892 0.807830 0.694586 0.949205 0.924148 0.920034 0.863212 0.842966 0.956231 0.918924 0.854667 0.921522 0.904570 0.949472 0.592908 0.817552 0.915067 0.979015 0.995651 0.875343 0.945689 0.947056 0.932857 0.945813 0.857984 0.814269 0.768876 0.780557 0.669844 0.729432 0.840195 0.894022 0.888500 0.662663 0.722363 0.751653 0.812503 0.832167 0.921112 0.961972 0.734309 0.607244 0.534893 0.589156 0.706137 0.768400 0.904620 0.770332 0.762300 0.660710 0.888544 0.865444 0.623913 0.640412 0.618696 0.578252 0.718031 0.662749 0.653778 0.621118 0.901178 0.680134 0.669862 0.686317 0.806890 0.746349 0.994805 0.785048 0.834606 0.938762 0.754221 0.675895 0.978403 0.866742 0.959004 0.780526 0.913632 0.976062 0.702849 0.813095 0.857008 0.893600 0.957467 0.931619 0.757407 0.881370 0.757132 0.744366
0.830782 0.973796 0.945768 0.985734 0.888517 0.867348 0.461908 0.553615 0.665276 0.000000 0.988784 0.924215 0.958871 0.832024 0.905568 0.991076 0.910754 0.953260 0.934122 0.774167 0.822496 0.930144 0.960965 0.622316 0.614009 0.771402 0.699927 0.767016 0.807495 0.901926 0.562688 0.843270 0.725228 0.664630 0.930836 0.946535 0.832234 0.646489 0.804584 0.800144 0.933420 0.933080 0.452851 0.536167 0.563110 0.589358 0.682696 0.811973 0.626858 0.690489 0.550022 0.570781 0.531699 0.569448 0.965294 0.955768 0.941223 0.994960 0.625353 0.808292 0.536567 0.625467 0.765336 0.716683 0.724846 0.754292 0.643470 0.676018 0.743289 0.787826 0.575518 0.597972 0.873152 0.810124 0.976199 0.768662 0.589259 0.816061 0.734906 0.955831 0.926928 0.520960 0.737465 0.581731 0.633359 0.507894 0.784596 0.502893 0.831753 0.676129 0.719847 0.681116 0.822771 0.833270 0.986273 0.950456 0.723466 0.800835 0.509977 0.611142 0.752949 0.750969 0.693366 0.763858 0.788691 0.906679 0.817463 0.737282 0.791660 0.909770 0.752131 0.698054 0.557739 0.929037 0.788861 0.897883
0.454857 0.648840 0.967104 0.931217 0.876679 0.931443 0.850592 0.890218 0.732315 0.988784 0.000000 0.526186 0.636061 0.538027 0.800530 0.906029 0.429664 0.392605 0.625473 0.456907 0.844173 0.967984 0.892117 0.994051 0.955307 0.913617 0.997740 0.877749 0.579162 0.454861 0.818434 0.794391 0.603451 0.651796 0.836439 0.997104 0.989090 0.984937 0.906284 0.986357 0.826242 0.831208 0.799679 0.995824 0.882314 0.940607 0.930504 0.898612 0.992664 0.969851 0.868158 0.908572 0.796306 0.729748 0.840646 0.920862 0.589675 0.592111 0.777180 0.780882 0.773202 0.994397 0.483226 0.468640 0.765209 0.864774 0.895822 0.933969 0.461043 0.679212 0.974464 0.936994 0.867710 0.833761 0.831148 0.842488 0.890306 0.821764 0.699827 0.797930 0.546975 0.698072 0.617642 0.621025 0.810941 0.865891 0.945894 0.892675 0.993923 0.902945 0.733471 0.676089 0.705677 0.774079 0.973649 0.769740 0.961870 0.933478 0.868329 0.874550 0.929023 0.986610 0.910638 0.652198 0.876354 0.592105 0.921024 0.999330 0.993205 0.833303 0.998955 0.925206 0.958871 0.954585 0.962194 0.757930
0.426098 0.467055 0.877202 0.621642 0.834881 0.881360 0.644571 0.551998 0.810764 0.924215 0.526186 0.000000 0.454278 0.384833 0.621036 0.641438 0.459687 0.367331 0.407091 0.465640 0.809753 0.921370 0.589080 0.779381 0.967496 0.955139 0.900751 0.766355 0.598742 0.531137 0.683020 0.653103 0.497316 0.483045 0.959890 0.963000 0.818959 0.921806 0.891683 0.995425 0.879117 0.886281 0.928988 0.684543 0.970562 0.882934 0.732782 0.690783 0.883046 0.898804 0.932683 0.913101 0.938037 0.860312 0.757729 0.753557 0.444304 0.435591 0.576884 0.700736 0.565777 0.761647 0.418100 0.374267 0.946946 0.999429 0.665610 0.729986 0.549021 0.729540 0.868494 0.826228 0.957572 0.992831 0.844353 0.979708 0.732066 0.914230 0.553505 0.719717 0.510569 0.656989 0.573017 0.596943 0.683686 0.746347 0.961196 0.955421 0.799787 0.723310 0.853768 0.711508 0.851071 0.767069 0.893693 0.866768 0.969294 0.861904 0.923621 0.892854 0.933993 0.967860 0.862141 0.582068 0.658034 0.564391 0.946716 0.903903 0.935219 0.701510 0.900227 0.984234 0.875215 0.804908 0.714901 0.785706
0.567985 0.690967 0.633756 0.721176 0.777954 0.980746 0.614692 0.647280 0.977504 0.958871 0.636061 0.454278 0.000000 0.496883 0.485073 0.577209 0.704988 0.591051 0.489231 0.605241 0.815281 0.906825 0.462522 0.731468 0.839586 0.920906 0.904903 0.700749 0.687163 0.649771 0.619469 0.628842 0.564530 0.573718 0.816959 0.998241 0.928610 0.955702 0.949854 0.967796 0.894414 0.989454 0.801601 0.675629 0.853445 0.805529 0.676781 0.654844 0.852047 0.818750 0.856092 0.787082 0.974856 0.993743 0.782596 0.835931 0.669135 0.648377 0.604366 0.617172 0.462411 0.654911 0.579480 0.588985 0.812371 0.806534 0.619379 0.591976 0.690873 0.839576 0.804655 0.815078 0.869632 0.890985 0.940226 0.987626 0.745587 0.820349 0.763684 0.650422 0.713176 0.750780 0.749090 0.695967 0.621088 0.648249 0.891113 0.988710 0.698382 0.729451 0.909034 0.888221 0.872655 0.847265 0.863985 0.857945 0.758879 0.854264 0.808046 0.764446 0.996355 0.821214 0.788782 0.653321 0.740152 0.626835 0.922431 0.978564 0.854463 0.796394 0.793635 0.995977 0.809015 0.733744 0.587271 0.972575
0.455754 0.540207 0.880912 0.666008 0.878534 0.803958 0.848140 0.731929 0.652474 0.832024 0.538027 0.384833 0.496883 0.000000 0.651584 0.619753 0.513481 0.381178 0.457973 0.447574 0.821273 0.992578 0.651840 0.648167 0.842356 0.964596 0.920436 0.782007 0.677932 0.497757 0.850260 0.726937 0.560540 0.611321 0.969313 0.851537 0.775644 0.830617 0.782485 0.904401 0.955861 0.913444 0.897884 0.864129 0.931746 0.994381 0.898382 0.786698 0.974966 0.988269 0.951435 0.977357 0.813302 0.814440 0.816245 0.777260 0.485434 0.486586 0.735322 0.840605 0.704043 0.808441 0.531609 0.506426 0.963593 0.863837 0.789895 0.834124 0.581003 0.660827 0.983855 0.987438 0.929169 0.975820 0.916825 0.865981 0.917366 0.938465 0.745500 0.700535 0.508644 0.558175 0.456367 0.446345 0.628351 0.545818 0.808029 0.815022 0.643082 0.638510 0.711975 0.595581 0.740578 0.680574 0.893784 0.890944 0.941798 0.894863 0.890063 0.939755 0.900390 0.911140 0.969071 0.628590 0.813553 0.713049 0.875377 0.961706 0.958971 0.865061 0.961422 0.983204 0.941022 0.846346 0.849988 0.791042
0.759369 0.783087 0.635021 0.768056 0.834715 0.912914 0.784326 0.814736 0.790492 0.905568 0.800530 0.621036 0.485073 0.651584 0.000000 0.438231 0.794117 0.757802 0.575039 0.709692 0.789029 0.951158 0.455194 0.744390 0.854606 0.992894 0.934964 0.823193 0.564726 0.561554 0.486015 0.583961 0.598017 0.621394 0.788639 0.952940 0.760596 0.954302 0.932979 0.887560 0.974028 0.921613 0.750801 0.662145 0.898852 0.869301 0.679728 0.642475 0.925760 0.935740 0.910951 0.809845 0.970357 0.955472 0.871261 0.907947 0.815120 0.817562 0.789407 0.845765 0.591366 0.704128 0.725175 0.719877 0.800207 0.812355 0.801270 0.744977 0.830951 0.966011 0.701516 0.765912 0.748009 0.858242 0.910490 0.994230 0.715817 0.670831 0.799015 0.712879 0.771067 0.890019 0.767920 0.877711 0.728507 0.768886 0.956749 0.900814 0.871146 0.947319 0.799939 0.779736 0.657685 0.720332 0.911009 0.965728 0.983213 0.985854 0.922306 0.835526 0.818812 0.927828 0.918622 0.818096 0.887279 0.580583 0.965596 0.938596 0.797705 0.848272 0.957767 0.939129 0.976556 0.831004 0.549649 0.956977
0.847491 0.789861 0.563417 0.569223 0.883038 0.842581 0.914275 0.723398 0.875368 0.991076 0.906029 0.641438 0.577209 0.619753 0.438231 0.000000 0.903683 0.859360 0.731207 0.749407 0.774729 0.990709 0.503868 0.602898 0.615326 0.806447 0.857550 0.916210 0.793294 0.694393 0.561437 0.599446 0.798913 0.754800 0.887295 0.982742 0.645474 0.792683 0.696969 0.852106 0.805020 0.907316 0.907337 0.861475 0.835503 0.878872 0.917704 0.919955 0.771009 0.800702 0.852176 0.951829 0.812721 0.823061 0.991027 0.873069 0.848350 0.871551 0.943383 0.971417 0.728740 0.607481 0.956410 0.876719 0.623260 0.566259 0.981533 0.869361 0.838750 0.870392 0.714190 0.839026 0.641263 0.857485 0.976857 0.976832 0.861808 0.740681 0.908598 0.793540 0.963068 0.937284 0.739869 0.877677 0.888012 0.682205 0.938494 0.830467 0.792095 0.889151 0.628524 0.573917 0.598282 0.604261 0.958875 0.925313 0.902869 0.994872 0.854761 0.992189 0.660184 0.924552 0.783118 0.991348 0.992550 0.771068 0.979837 0.893091 0.823023 0.922071 0.916700 0.769632 0.965396 0.953619 0.633261 0.973887
0.465029 0.544501 0.856963 0.955534 0.946492 0.807305 0.734369 0.765374 0.669901 0.910754 0.429664 0.459687 0.704988 0.513481 0.794117 0.903683 0.000000 0.282580 0.515210 0.457395 0.936115 0.948805 0.903002 0.925406 0.741135 0.659390 0.918357 0.808778 0.425771 0.366072 0.825384 0.826490 0.459994 0.490803 0.829384 0.884054 0.943380 0.971950 0.983907 0.967083 0.800601 0.828122 0.973576 0.737404 0.860763 0.776562 0.732870 0.679286 0.743285 0.765371 0.829655 0.798740 0.943419 0.986508 0.823890 0.710209 0.440509 0.449814 0.566293 0.767713 0.657701 0.955404 0.315091 0.302652 0.622774 0.660599 0.656961 0.777007 0.561869 0.673750 0.967101 0.957192 0.960077 0.994495 0.748901 0.900924 0.832939 0.983938 0.530978 0.758874 0.391843 0.711745 0.567017 0.667002 0.783491 0.913062 0.974264 0.897504 0.978975 0.887784 0.841883 0.734047 0.780244 0.740270 0.904448 0.700178 0.958020 0.853967 0.925014 0.961331 0.878675 0.964336 0.768976 0.481240 0.825309 0.657826 0.948832 0.885231 0.917176 0.763132 0.968683 0.857214 0.920361 0.922826 0.950800 0.762147
0.354580 0.484462 0.912431 0.848214 0.908838 0.786293 0.772403 0.763769 0.613663 0.953260 0.392605 0.367331 0.591051 0.381178 0.757802 0.859360 0.282580 0.000000 0.415135 0.388084 0.915011 0.923087 0.802892 0.892590 0.871710 0.804969 0.968991 0.856486 0.478482 0.402319 0.884691 0.789126 0.453168 0.475157 0.872290 0.906524 0.932171 0.962615 0.904383 0.936174 0.842940 0.808218 0.896744 0.812811 0.953974 0.867571 0.805295 0.719852 0.827697 0.864787 0.947368 0.923010 0.928590 0.855319 0.801402 0.700838 0.390995 0.400492 0.565062 0.721131 0.666593 0.995122 0.325247 0.321126 0.767100 0.826774 0.682045 0.761716 0.466961 0.603541 0.980859 0.930862 0.971938 0.985862 0.760923 0.872453 0.934551 0.996069 0.525226 0.713654 0.334725 0.537441 0.507059 0.484099 0.650403 0.746674 0.864907 0.782503 0.913560 0.750185 0.794542 0.659243 0.756914 0.703736 0.884876 0.788782 0.921999 0.814740 0.992517 0.980169 0.956443 0.938480 0.858919 0.504741 0.789518 0.601529 0.884514 0.927740 0.988953 0.800723 0.999932 0.914348 0.989927 0.839760 0.927395 0.744810
0.483429 0.540048 0.916643 0.766096 0.840305 0.789480 0.646728 0.679293 0.829622 0.934122 0.625473 0.407091 0.489231 0.457973 0.575039 0.731207 0.515210 0.415135 0.000000 0.479180 0.887747 0.999162 0.469620 0.772760 0.965363 0.838645 0.976533 0.717603 0.553938 0.535675 0.642404 0.636895 0.411832 0.466079 0.957177 0.881761 0.901742 0.863298 0.923262 0.927559 0.981447 0.977606 0.774880 0.610208 0.760496 0.667809 0.543471 0.498807 0.700180 0.715275 0.776799 0.712490 0.961236 0.976197 0.809461 0.673697 0.515747 0.511766 0.458189 0.556874 0.511625 0.838160 0.409400 0.420232 0.986806 0.970258 0.537351 0.519551 0.659207 0.812940 0.907351 0.930739 0.944896 0.924258 0.788918 0.927285 0.824517 0.995631 0.605576 0.749321 0.512260 0.669485 0.571425 0.565522 0.535901 0.670463 0.805916 0.850188 0.841049 0.671341 0.898463 0.790780 0.829245 0.748778 0.783272 0.798395 0.959329 0.836530 0.815733 0.768608 0.979910 0.983861 0.808814 0.539359 0.748704 0.553174 0.930664 0.977001 0.873724 0.772739 0.868724 0.853876 0.821817 0.774502 0.755265 0.884578
0.386342 0.443367 0.862613 0.803925 0.967303 0.869738 0.956728 0.913139 0.709842 0.774167 0.456907 0.465640 0.605241 0.447574 0.709692 0.749407 0.457395 0.388084 0.479180 0.000000 0.832653 0.928040 0.711793 0.691053 0.867615 0.981705 0.779729 0.845558 0.600917 0.540982 0.847316 0.792982 0.626104 0.659221 0.940418 0.974060 0.829584 0.819396 0.772668 0.892510 0.857075 0.811704 0.830508 0.945214 0.885017 0.988556 0.836512 0.764646 0.981608 0.954431 0.884992 0.948037 0.739409 0.620478 0.794813 0.815181 0.423360 0.437182 0.753518 0.752105 0.840186 0.998215 0.572349 0.560608 0.939929 0.988272 0.864983 0.860721 0.436337 0.567632 0.888886 0.831636 0.926591 0.934499 0.748297 0.767842 0.893554 0.948384 0.773084 0.707106 0.467073 0.469312 0.522802 0.418615 0.543449 0.586125 0.969724 0.774412 0.870104 0.649317 0.677446 0.572175 0.669969 0.623018 0.854352 0.835042 0.905576 0.968979 0.817031 0.855385 0.831231 0.794109 0.990227 0.755152 0.933422 0.678717 0.839155 0.892442 0.887198 0.802357 0.997746 0.891183 0.904455 0.910900 0.985032 0.758155
0.733375 0.860332 0.764749 0.674044 0.951235 0.917504 0.874165 0.975698 0.996525 0.822496 0.844173 0.809753 0.815281 0.821273 0.789029 0.774729 0.936115 0.915011 0.887747 0.832653 0.000000 0.990033 0.773300 0.720932 0.646436 0.801675 0.905407 0.940537 0.987592 0.964905 0.943480 0.735121 0.931011 0.963379 0.961160 0.838402 0.807252 0.793336 0.798795 0.799243 0.909935 0.825951 0.820671 0.976653 0.802400 0.856808 0.999897 0.935300 0.841921 0.890336 0.813027 0.865904 0.780359 0.691900 0.943835 0.876310 0.760235 0.801680 0.939152 0.935457 0.954233 0.986181 0.959435 0.956275 0.742924 0.832858 0.931378 0.844114 0.706128 0.935555 0.864785 0.930640 0.900752 0.925904 0.934012 0.926412 0.922338 0.824919 0.912098 0.943211 0.940124 0.855801 0.786559 0.877705 0.817651 0.713779 0.887726 0.980393 0.882347 0.847925 0.769928 0.656595 0.790532 0.779070 0.982359 0.909688 0.959274 0.908656 0.857977 0.885835 0.735333 0.752525 0.903591 0.970601 0.994137 0.903404 0.938204 0.837444 0.939931 0.903489 0.857728 0.662421 0.824897 0.845385 0.734437 0.854599
0.959318 0.916225 0.936200 0.830759 0.978146 0.895588 0.943000 0.848068 0.842991 0.930144 0.967984 0.921370 0.906825 0.992578 0.951158 0.990709 0.948805 0.923087 0.999162 0.928040 0.990033 0.000000 0.897648 0.948070 0.947295 0.994932 0.993499 0.986347 0.864462 0.975254 0.913575 0.960013 0.960660 0.975678 0.849662 0.856506 0.936970 0.994967 0.870060 0.895389 0.856539 0.969935 0.937076 0.890856 0.954063 0.972309 0.938578 0.961745 0.953025 0.906903 0.923950 0.929330 0.954151 0.876020 0.935970 0.932890 0.949678 0.926889 0.983468 0.959323 0.961610 0.935068 0.992189 0.989845 0.984356 0.984491 0.971730 0.991612 0.933537 0.937496 0.956367 0.992427 0.891212 0.926453 0.933444 0.957505 0.929173 0.899158 0.938212 0.994287 0.933251 0.951119 0.932184 0.984702 0.980414 0.982092 0.919981 0.938526 0.994153 0.952628 0.942948 0.969349 0.886161 0.980856 0.965067 0.936600 0.895826 0.920059 0.998131 0.833235 0.982719 0.899498 0.961047 0.927283 0.982405 0.946669 0.866076 0.857556 0.992443 0.941092 0.999793 0.838713 0.927956 0.900701 0.916927 0.972545
0.748185 0.768910 0.670512 0.704468 0.764608 0.947314 0.744059 0.764788 0.891678 0.960965 0.892117 0.589080 0.462522 0.651840 0.455194 0.503868 0.903002 0.802892 0.469620 0.711793 0.773300 0.897648 0.000000 0.590521 0.737198 0.920743 0.887508 0.742332 0.732553 0.764821 0.490042 0.461215 0.627603 0.694770 0.842163 0.992192 0.845814 0.916315 0.902358 0.976852 0.879385 0.957153 0.732385 0.664338 0.883113 0.804310 0.562242 0.593766 0.905488 0.902021 0.913834 0.815732 0.944470 0.936323 0.863514 0.859692 0.837310 0.837172 0.696380 0.726735 0.602955 0.699827 0.780220 0.770570 0.660712 0.743757 0.665119 0.594521 0.865919 0.998756 0.770582 0.800633 0.824188 0.983440 0.944672 0.956981 0.751119 0.877861 0.896681 0.813310 0.872252 0.855767 0.688811 0.764291 0.556863 0.600173 0.938532 0.918165 0.797567 0.645746 0.844864 0.809378 0.784360 0.810711 0.829049 0.938340 0.964245 0.910160 0.867688 0.757407 0.930959 0.955697 0.930439 0.825364 0.847294 0.652619 0.893517 0.913604 0.898380 0.893264 0.847197 0.975348 0.841050 0.891254 0.516401 0.996268
0.707602 0.736318 0.676394 0.538482 0.929971 0.943221 0.807858 0.969206 0.795254 0.622316 0.994051 0.779381 0.731468 0.648167 0.744390 0.602898 0.925406 0.892590 0.772760 0.691053 0.720932 0.948070 0.590521 0.000000 0.410928 0.575335 0.642977 0.966909 0.925145 0.983191 0.974465 0.740762 0.994308 0.990374 0.813974 0.978499 0.743227 0.682277 0.607390 0.742703 0.904643 0.905178 0.797369 0.935925 0.702811 0.808916 0.991370 0.926024 0.748420 0.846344 0.721628 0.800899 0.649808 0.605813 0.946593 0.941888 0.761226 0.799450 0.947756 0.911278 0.898237 0.892226 0.892872 0.910622 0.472891 0.530104 0.952167 0.985978 0.728919 0.755064 0.878440 0.849412 0.887435 0.904526 0.993203 0.870516 0.986748 0.921540 0.886199 0.888985 0.978817 0.699045 0.696510 0.653124 0.602484 0.348717 0.873774 0.757365 0.678238 0.472289 0.633151 0.581206 0.734576 0.703415 0.904214 0.835560 0.873274 0.984827 0.719267 0.832795 0.638275 0.728287 0.786431 0.906754 0.991526 0.880570 0.775031 0.693733 0.949827 0.899656 0.998626 0.663254 0.792257 0.949376 0.866643 0.886944
0.905124 0.906296 0.521972 0.526120 0.948759 0.927432 0.703151 0.939316 0.957327 0.614009 0.955307 0.967496 0.839586 0.842356 0.854606 0.615326 0.741135 0.871710 0.965363 0.867615 0.646436 0.947295 0.737198 0.410928 0.000000 0.381003 0.603108 0.826794 0.729369 0.829498 0.938465 0.765081 0.800265 0.778669 0.900818 0.830592 0.690805 0.605165 0.625766 0.732124 0.908436 0.866395 0.698899 0.752749 0.502043 0.585998 0.788530 0.832341 0.497870 0.629536 0.539331 0.614131 0.560953 0.536946 0.879671 0.775193 0.930107 0.969155 0.669208 0.916046 0.749249 0.898628 0.640043 0.698830 0.381957 0.480014 0.704461 0.782644 0.734824 0.872876 0.966271 0.885502 0.971871 0.961876 0.929895 0.863420 0.979520 0.947554 0.663851 0.969621 0.760896 0.887216 0.867019 0.852057 0.849877 0.496957 0.976734 0.989137 0.734685 0.678455 0.604508 0.615694 0.712003 0.801196 0.960426 0.761141 0.907857 0.849969 0.621411 0.753668 0.563662 0.763480 0.707245 0.724127 0.869343 0.947546 0.939272 0.704049 0.989419 0.956685 0.934465 0.493070 0.792709 0.981008 0.877035 0.970489
0.967370 0.886033 0.568344 0.536718 0.999116 0.849174 0.848701 0.959984 0.877351 0.771402 0.913617 0.955139 0.920906 0.964596 0.992894 0.806447 0.659390 0.804969 0.838645 0.981705 0.801675 0.994932 0.920743 0.575335 0.381003 0.000000 0.698699 0.831260 0.683044 0.714241 0.975487 0.982983 0.723860 0.765524 0.872430 0.822440 0.743452 0.607378 0.658789 0.936451 0.991003 0.781437 0.807580 0.759885 0.585947 0.615431 0.713985 0.740018 0.595084 0.733910 0.620690 0.662859 0.697670 0.665323 0.888110 0.824088 0.999697 0.956753 0.661618 0.902037 0.765984 0.839327 0.609499 0.673385 0.452255 0.552021 0.696296 0.751882 0.794500 0.873587 0.973164 0.990873 0.997761 0.950607 0.933548 0.994195 0.963696 0.985571 0.694269 0.991932 0.763356 0.934459 0.943007 0.927596 0.958239 0.691684 0.973920 0.987711 0.724647 0.756386 0.836362 0.870545 0.958269 0.970001 0.948294 0.768480 0.949715 0.897923 0.788258 0.774344 0.692069 0.917687 0.775129 0.741109 0.974668 0.965005 0.976027 0.908181 0.941371 0.950565 0.942355 0.688683 0.943375 0.847944 0.951404 0.996653
0.903746 0.870211 0.777523 0.730216 0.958721 0.871111 0.824973 0.994099 0.934616 0.699927 0.997740 0.900751 0.904903 0.920436 0.934964 0.857550 0.918357 0.968991 0.976533 0.779729 0.905407 0.993499 0.887508 0.642977 0.603108 0.698699 0.000000 0.734037 0.877640 0.905707 0.961378 0.980167 0.861502 0.913794 0.984235 0.985324 0.715996 0.748379 0.809233 0.836490 0.947256 0.960836 0.818575 0.963320 0.755930 0.823889 0.974721 0.959204 0.832412 0.922453 0.775288 0.850294 0.759044 0.724122 0.930808 0.985521 0.895768 0.883382 0.852083 0.978799 0.834902 0.998994 0.833568 0.900247 0.699559 0.766370 0.863022 0.871123 0.893464 0.834441 0.880499 0.944381 0.915827 0.935466 0.934845 0.886102 0.994899 0.986286 0.821188 0.957160 0.855597 0.889868 0.886234 0.765500 0.862474 0.647549 0.935002 0.879792 0.830180 0.665647 0.807817 0.855404 0.869110 0.952399 0.828278 0.912607 0.972905 0.978413 0.790833 0.888776 0.817688 0.825454 0.982556 0.818287 0.948248 0.961776 0.866022 0.813790 0.933182 0.836652 0.868768 0.746521 0.964932 0.942390 0.976629 0.916612
0.850073 0.850936 0.907654 0.997026 0.938919 0.748506 0.667762 0.791707 0.967120 0.767016 0.877749 0.766355 0.700749 0.782007 0.823193 0.916210 0.808778 0.856486 0.717603 0.845558 0.940537 0.986347 0.742332 0.966909 0.826794 0.831260 0.734037 0.000000 0.865424 0.850193 0.821448 0.847613 0.694280 0.766021 0.882131 0.929568 0.901833 0.750392 0.922125 0.761140 0.958050 0.824471 0.737114 0.758466 0.696590 0.671648 0.662621 0.732390 0.679853 0.652590 0.686447 0.661662 0.799848 0.806455 0.837222 0.790340 0.837978 0.852288 0.620232 0.699087 0.599676 0.821613 0.693558 0.761060 0.969060 0.914493 0.637327 0.678936 0.958091 0.924107 0.935628 0.940735 0.986141 0.887978 0.958687 0.906537 0.748516 0.969012 0.887045 0.747029 0.828743 0.959563 0.872643 0.898096 0.827150 0.996101 0.887637 0.887641 0.974235 0.970559 0.877405 0.898556 0.868314 0.970497 0.965447 0.963131 0.824978 0.931113 0.718658 0.754383 0.925499 0.860674 0.929672 0.777054 0.890208 0.961771 0.999716 0.995316 0.866005 0.944575 0.939325 0.838411 0.764521 0.987698 0.904920 0.874964
0.673799 0.717112 0.956328 0.930403 0.889596 0.938192 0.702745 0.848159 0.911892 0.807495 0.579162 0.598742 0.687163 0.677932 0.564726 0.793294 0.425771 0.478482 0.553938 0.600917 0.987592 0.864462 0.732553 0.925145 0.729369 0.683044 0.877640 0.865424 0.000000 0.316778 0.656280 0.711451 0.507012 0.438501 0.986104 0.900556 0.939652 0.949373 0.982066 0.987172 0.946446 0.961549 0.829456 0.684896 0.758887 0.735956 0.647213 0.592714 0.717707 0.790272 0.752225 0.704002 0.868209 0.901553 0.821416 0.827246 0.696260 0.704329 0.619448 0.812895 0.579307 0.904777 0.454514 0.443258 0.724649 0.788667 0.686467 0.681953 0.744508 0.896389 0.781703 0.916891 0.749919 0.804294 0.723719 0.887930 0.764256 0.812751 0.594318 0.800031 0.514322 0.888527 0.660809 0.850900 0.860163 0.978163 0.989586 0.994851 0.992262 0.950184 0.833348 0.798542 0.664328 0.736748 0.937181 0.767628 0.994811 0.876762 0.882978 0.915534 0.922211 0.948393 0.752876 0.585566 0.846793 0.592564 0.990520 0.912422 0.833774 0.859117 0.948711 0.811814 0.843197 0.893102 0.799669 0.864227
0.614915 0.731575 0.993130 0.956047 0.871167 0.973014 0.748433 0.826986 0.807830 0.901926 0.454861 0.531137 0.649771 0.497757 0.561554 0.694393 0.366072 0.402319 0.535675 0.540982 0.964905 0.975254 0.764821 0.983191 0.829498 0.714241 0.905707 0.850193 0.316778 0.000000 0.670840 0.694689 0.503298 0.477599 0.943522 0.838525 0.841020 0.981474 0.975524 0.914198 0.938779 0.931245 0.991167 0.807978 0.953054 0.904639 0.783361 0.743630 0.911085 0.954504 0.943742 0.873960 0.951740 0.973968 0.838336 0.838913 0.662304 0.681190 0.679697 0.861282 0.591072 0.885475 0.432750 0.400091 0.704579 0.872480 0.748241 0.763372 0.646995 0.824102 0.852435 0.972714 0.705364 0.709001 0.740711 0.909665 0.814496 0.799007 0.613606 0.780180 0.513455 0.845921 0.612130 0.733766 0.910780 0.940911 0.955360 0.978109 0.995187 0.967669 0.697994 0.657339 0.581632 0.657013 0.997162 0.786139 0.924801 0.840339 0.958113 0.990234 0.984666 0.987194 0.895465 0.588839 0.860973 0.588363 0.998205 0.953142 0.855617 0.886298 0.869257 0.906826 0.979526 0.996672 0.828192 0.839386
0.941441 0.849566 0.723057 0.781545 0.726233 0.865541 0.583863 0.628590 0.694586 0.562688 0.818434 0.683020 0.619469 0.850260 0.486015 0.561437 0.825384 0.884691 0.642404 0.847316 0.943480 0.913575 0.490042 0.974465 0.938465 0.975487 0.961378 0.821448 0.656280 0.670840 0.000000 0.514289 0.576938 0.586191 0.896963 0.897741 0.871552 0.883345 0.990028 0.992073 0.916769 0.949426 0.577565 0.572034 0.795299 0.747450 0.606989 0.635421 0.865070 0.873265 0.770985 0.725847 0.823041 0.851641 0.970468 0.935896 0.914828 0.908285 0.705454 0.804284 0.494692 0.565227 0.739001 0.681123 0.913828 0.908929 0.686815 0.575246 0.982399 0.927897 0.556382 0.643370 0.670965 0.791516 0.854905 0.917576 0.623936 0.657215 0.738587 0.945746 0.943842 0.818583 0.902899 0.908689 0.957552 0.995534 0.820009 0.697530 0.951987 0.971954 0.947282 0.962839 0.806769 0.917577 0.888517 0.933777 0.878885 0.857517 0.751653 0.649463 0.970266 0.846928 0.802809 0.771280 0.858629 0.634324 0.825599 0.883713 0.713982 0.980753 0.796888 0.899762 0.737402 0.896466 0.546030 0.972089
0.798514 0.871978 0.720938 0.736977 0.911762 0.991922 0.865669 0.852834 0.949205 0.843270 0.794391 0.653103 0.628842 0.726937 0.583961 0.599446 0.826490 0.789126 0.636895 0.792982 0.735121 0.960013 0.461215 0.740762 0.765081 0.982983 0.980167 0.847613 0.711451 0.694689 0.514289 0.000000 0.585482 0.751517 0.997045 0.887038 0.906413 0.973470 0.974556 0.894222 0.980527 0.864381 0.893594 0.788538 0.972708 0.889430 0.628617 0.768989 0.957311 0.980120 0.957097 0.897718 0.905685 0.886188 0.957653 0.965174 0.785213 0.855872 0.781813 0.842582 0.716355 0.802259 0.753633 0.737806 0.889993 0.939564 0.825963 0.813989 0.740852 0.948331 0.845635 0.803041 0.836632 0.863824 0.993899 0.919582 0.769937 0.801968 0.830517 0.929618 0.861389 0.997182 0.717899 0.911365 0.841780 0.825905 0.820049 0.842808 0.952890 0.864627 0.731056 0.693109 0.641522 0.738324 0.961648 0.958131 0.978495 0.832201 0.956033 0.968154 0.883943 0.948365 0.945494 0.760192 0.957033 0.669975 0.833499 0.959720 0.902370 0.992437 0.978354 0.874083 0.864583 0.933603 0.648030 0.862228
0.554989 0.619675 0.976108 0.845294 0.870072 0.862406 0.574998 0.657352 0.924148 0.725228 0.603451 0.497316 0.564530 0.560540 0.598017 0.798913 0.459994 0.453168 0.411832 0.626104 0.931011 0.960660 0.627603 0.994308 0.800265 0.723860 0.861502 0.694280 0.507012 0.503298 0.576938 0.585482 0.000000 0.438629 0.910753 0.933097 0.971514 0.828531 0.894240 0.966635 0.993781 0.885648 0.767888 0.543733 0.650180 0.577041 0.605845 0.549151 0.615186 0.636606 0.605791 0.577031 0.777516 0.815015 0.831047 0.692207 0.537273 0.544924 0.460013 0.693038 0.450643 0.831462 0.360633 0.384128 0.805673 0.784321 0.511707 0.581848 0.729073 0.859879 0.829770 0.822334 0.949408 0.959742 0.780778 0.883515 0.797774 0.850985 0.546798 0.760118 0.512960 0.822634 0.621197 0.720185 0.751484 0.899011 0.956229 0.942919 0.957489 0.851985 0.979995 0.918432 0.893709 0.836131 0.868061 0.835651 0.996460 0.757530 0.699504 0.714022 0.916886 0.961892 0.739654 0.474045 0.793553 0.614129 0.928290 0.890616 0.912110 0.869074 0.799446 0.802757 0.757093 0.722727 0.717696 0.930115
0.598293 0.552956 0.949451 0.813681 0.824906 0.916660 0.471937 0.522070 0.920034 0.664630 0.651796 0.483045 0.573718 0.611321 0.621394 0.754800 0.490803 0.475157 0.466079 0.659221 0.963379 0.975678 0.694770 0.990374 0.778669 0.765524 0.913794 0.766021 0.438501 0.477599 0.586191 0.751517 0.438629 0.000000 0.963332 0.759498 0.924612 0.906906 0.901925 0.951087 0.907709 0.908977 0.683244 0.483182 0.633453 0.589007 0.577488 0.483881 0.624710 0.656665 0.625782 0.571519 0.754663 0.794570 0.734905 0.653036 0.601063 0.590423 0.416143 0.628872 0.393796 0.703810 0.403258 0.393905 0.866792 0.905462 0.486788 0.487949 0.814239 0.873953 0.802143 0.837095 0.919697 0.917915 0.732454 0.986048 0.643468 0.818420 0.520022 0.757434 0.605974 0.952887 0.706988 0.820172 0.885251 0.947445 0.986428 0.875414 0.898955 0.919218 0.969288 0.928142 0.880306 0.795145 0.873722 0.778667 0.934120 0.688556 0.715985 0.674038 0.867041 0.902226 0.705217 0.523676 0.789574 0.576233 0.869741 0.906754 0.847935 0.829012 0.854567 0.791798 0.797698 0.724845 0.634914 0.909405
0.995713 0.960507 0.779780 0.841467 0.975518 0.950924 0.851404 0.890907 0.863212 0.930836 0.836439 0.959890 0.816959 0.969313 0.788639 0.887295 0.829384 0.872290 0.957177 0.940418 0.961160 0.849662 0.842163 0.813974 0.900818 0.872430 0.984235 0.882131 0.986104 0.943522 0.896963 0.997045 0.910753 0.963332 0.000000 0.969220 0.913487 0.848282 0.998853 0.792554 0.671538 0.915171 0.828495 0.847380 0.796091 0.788313 0.867964 0.798278 0.867354 0.762870 0.772238 0.759218 0.832905 0.859440 0.849857 0.818920 0.991823 0.989074 0.921227 0.835565 0.813931 0.761645 0.961630 0.904912 0.762837 0.843664 0.846197 0.803436 0.863721 0.880292 0.894728 0.952636 0.850773 0.976318 0.906020 0.943372 0.717034 0.985123 0.959804 0.926848 0.952912 0.969757 0.929273 0.982375 0.876335 0.861930 0.811487 0.932470 0.896235 0.840404 0.984792 0.922871 0.936206 0.908857 0.979316 0.846691 0.927964 0.948165 0.895030 0.855690 0.800289 0.973686 0.995305 0.985788 0.991851 0.905937 0.970998 0.876747 0.984300 0.956084 0.908184 0.874223 0.804006 0.905872 0.851516 0.964195
0.981509 0.975045 0.876681 0.914210 0.741009 0.899155 0.846511 0.898392 0.842966 0.946535 0.997104 0.963000 0.998241 0.851537 0.952940 0.982742 0.884054 0.906524 0.881761 0.974060 0.838402 0.856506 0.992192 0.978499 0.830592 0.822440 0.985324 0.929568 0.900556 0.838525 0.897741 0.887038 0.933097 0.759498 0.969220 0.000000 0.885272 0.984578 0.910564 0.961222 0.816895 0.973008 0.885826 0.843785 0.767651 0.819327 0.854903 0.775213 0.847517 0.829301 0.775018 0.827518 0.741888 0.720379 0.895048 0.809575 0.945058 0.981678 0.811112 0.992966 0.818449 0.897664 0.844537 0.857322 0.862160 0.977472 0.758448 0.756613 0.860866 0.986034 0.964399 0.967616 0.999355 0.978121 0.887061 0.985016 0.911194 0.999590 0.907273 0.996838 0.957252 0.909770 0.918871 0.959198 0.961064 0.927741 0.893309 0.841576 0.952776 0.863249 0.901333 0.841861 0.892217 0.988488 0.982125 0.866695 0.989416 0.778285 0.828720 0.733207 0.820891 0.928221 0.825761 0.776274 0.884057 0.903769 0.888301 0.903414 0.928744 0.956281 0.922919 0.684815 0.972429 0.959696 0.996801 0.884239
0.918746 0.832637 0.648587 0.606426 0.929573 0.852438 0.950302 0.904247 0.956231 0.832234 0.989090 0.818959 0.928610 0.775644 0.760596 0.645474 0.943380 0.932171 0.901742 0.829584 0.807252 0.936970 0.845814 0.743227 0.690805 0.743452 0.715996 0.901833 0.939652 0.841020 0.871552 0.906413 0.971514 0.924612 0.913487 0.885272 0.000000 0.690356 0.741418 0.774260 0.966372 0.939641 0.945383 0.931777 0.748632 0.816326 0.925156 0.959439 0.776903 0.827582 0.807972 0.872271 0.833781 0.836429 0.938154 0.965048 0.880455 0.839860 0.811933 0.786413 0.945714 0.835147 0.871636 0.988607 0.710140 0.708725 0.797638 0.904619 0.831651 0.878692 0.999868 0.826261 0.828215 0.971245 0.904569 0.895214 0.947111 0.868859 0.939435 0.922902 0.945935 0.953866 0.846534 0.906300 0.943355 0.748104 0.988554 0.966677 0.830182 0.856780 0.820467 0.777342 0.778148 0.859594 0.990627 0.851466 0.906602 0.987272 0.814430 0.990062 0.710233 0.912408 0.884862 0.945084 0.818662 0.828351 0.890689 0.955107 0.833166 0.983038 0.765254 0.924360 0.922279 0.976069 0.902135 0.945140
0.907697 0.810214 0.796452 0.684034 0.878833 0.939771 0.745933 0.987539 0.918924 0.646489 0.984937 0.921806 0.955702 0.830617 0.954302 0.792683 0.971950 0.962615 0.863298 0.819396 0.793336 0.994967 0.916315 0.682277 0.605165 0.607378 0.748379 0.750392 0.949373 0.981474 0.883345 0.973470 0.828531 0.906906 0.848282 0.984578 0.690356 0.000000 0.727793 0.895667 0.874456 0.705165 0.700872 0.772180 0.547560 0.549814 0.675298 0.732726 0.605248 0.618206 0.647879 0.601118 0.687545 0.668824 0.838069 0.805504 0.816935 0.838094 0.659372 0.759512 0.717400 0.942255 0.800922 0.886379 0.730901 0.686417 0.626939 0.660327 0.742487 0.711271 0.904350 0.921105 0.930570 0.990015 0.958916 0.840591 0.901966 0.947279 0.998702 0.999363 0.976417 0.746934 0.816132 0.777736 0.996800 0.773139 0.843936 0.947917 0.726810 0.802057 0.787478 0.689726 0.824860 0.887359 0.955922 0.933561 0.860688 0.988140 0.662514 0.665493 0.765127 0.714940 0.692465 0.812790 0.912225 0.945903 0.999824 0.911387 0.922070 0.947177 0.818273 0.661720 0.711827 0.933950 0.856202 0.838441
