0.000000 0.185172 0.453413 0.579689 0.675951 0.913171 0.369119 0.515343 0.815242 0.738275 0.411828 0.317687 0.264398 0.411508 0.520267 0.627491 0.318404 0.351821 0.245291 0.273262 0.697602 0.986082 0.535888 0.667631 0.718326 0.879023 0.856866 0.922070 0.563547 0.530037 0.780826 0.927106 0.283964 0.293721 0.605087 0.958311 0.481574 0.688846 0.696564 0.725343 0.716517 0.883537 0.798965 0.742915 0.911035 0.809330 0.427138 0.463148 0.776534 0.549996 0.641654 0.562250 0.971486 0.764898 0.403762 0.469840 0.277225 0.200306 0.271619 0.332514 0.239900 0.351726 0.248838 0.238950 0.527592 0.396489 0.318605 0.485380 0.285055 0.270175 0.627605 0.914678 0.530222 0.682405 0.698469 0.772766 0.667501 0.780472 0.487964 0.478784 0.259648 0.254774 0.349511 0.338788 0.267071 0.375719 0.544976 0.594929 0.449423 0.465597 0.650321 0.549925 0.580075 0.525698 0.933514 0.871903 0.396425 0.944968 0.863721 0.925040 0.729006 0.908419 0.761782 0.775759 0.598869 0.498437 0.983778 0.940863 0.847740 0.633144 0.983764 0.715182 0.927716 0.876170 0.674548 0.788937
0.185172 0.000000 0.504662 0.567718 0.710588 0.925151 0.395566 0.457016 0.845095 0.816089 0.431516 0.267600 0.303558 0.389709 0.538895 0.627706 0.280790 0.300488 0.236412 0.234626 0.720645 0.963741 0.511755 0.654850 0.788583 0.987168 0.906509 0.947545 0.476014 0.450923 0.761246 0.847335 0.267073 0.284542 0.658540 0.986776 0.511392 0.642944 0.734212 0.763251 0.731798 0.772499 0.657155 0.632266 0.812502 0.728931 0.366090 0.418672 0.696322 0.494240 0.572021 0.503386 0.933310 0.834501 0.453433 0.497209 0.245178 0.170930 0.276922 0.330683 0.273690 0.356038 0.217009 0.179690 0.620101 0.449745 0.327713 0.453039 0.336887 0.301909 0.548269 0.813748 0.548079 0.660352 0.750882 0.732907 0.547747 0.640461 0.381133 0.412112 0.233917 0.265860 0.385753 0.385369 0.341440 0.427190 0.628569 0.619315 0.519378 0.503116 0.700567 0.640229 0.662531 0.541180 0.908348 0.855478 0.380940 0.904017 0.760132 0.817082 0.790744 0.949067 0.673648 0.714887 0.551262 0.486209 0.976236 0.942733 0.899712 0.636236 0.917254 0.665363 0.843624 0.854320 0.620525 0.772614
0.453413 0.504662 0.000000 0.277174 0.739907 0.955287 0.469317 0.630958 0.644465 0.669719 0.825969 0.664661 0.343340 0.634026 0.446469 0.495865 0.755189 0.825465 0.610651 0.612919 0.597488 0.788798 0.386906 0.367887 0.360832 0.425440 0.643100 0.814286 0.991445 0.964865 0.655153 0.858917 0.553815 0.617043 0.489758 0.942428 0.386792 0.551113 0.483416 0.707744 0.697535 0.998538 0.948467 0.988063 0.847426 0.991840 0.671760 0.604220 0.936996 0.685267 0.802923 0.675377 0.962609 0.838913 0.308398 0.513735 0.746208 0.555963 0.475347 0.422489 0.388361 0.433117 0.692556 0.670435 0.214690 0.280808 0.438808 0.554951 0.376491 0.414095 0.839991 0.992492 0.553177 0.681540 0.767780 0.873071 0.771276 0.977553 0.774713 0.826467 0.720826 0.611249 0.634235 0.527465 0.298627 0.265827 0.533928 0.706112 0.304196 0.397223 0.629575 0.579496 0.675684 0.705781 0.882652 0.932480 0.698103 0.947542 0.762717 0.723131 0.702553 0.793304 0.870642 0.887514 0.682137 0.620910 0.880478 0.955875 0.912794 0.896680 0.952045 0.987046 0.883281 0.939809 0.748464 0.977534
0.579689 0.567718 0.277174 0.000000 0.760352 0.956299 0.471366 0.464223 0.599007 0.831827 0.950253 0.640289 0.405554 0.564657 0.404683 0.413947 0.847989 0.862438 0.689579 0.656842 0.715823 0.905376 0.363068 0.306773 0.402466 0.499160 0.642366 0.863735 0.983952 0.955631 0.618676 0.961151 0.625495 0.635611 0.608092 0.958735 0.460362 0.528475 0.486727 0.705499 0.792064 0.884121 0.888989 0.875754 0.911643 0.862640 0.637085 0.515961 0.994798 0.658884 0.709931 0.643216 0.914350 0.894817 0.413495 0.573153 0.812288 0.629198 0.549934 0.502651 0.465320 0.426440 0.758258 0.686962 0.305616 0.329554 0.507688 0.539708 0.578974 0.522612 0.874196 0.986334 0.728751 0.781866 0.761976 0.907316 0.683399 0.900026 0.766061 0.883328 0.809589 0.762375 0.673477 0.591038 0.415889 0.290256 0.578627 0.797764 0.414220 0.396461 0.810238 0.708867 0.864413 0.791074 0.901646 0.794280 0.730272 0.920760 0.892282 0.873019 0.808167 0.778293 0.936563 0.991768 0.626022 0.553275 0.826775 0.848469 0.850180 0.856020 0.933244 0.931918 0.961016 0.979382 0.768157 0.956889
0.675951 0.710588 0.739907 0.760352 0.000000 0.941669 0.749892 0.802129 0.913066 0.892085 0.783674 0.741816 0.619746 0.763736 0.719395 0.705742 0.782506 0.814382 0.732172 0.774398 0.860935 0.813910 0.673077 0.729412 0.680032 0.789657 0.863744 0.858937 0.821623 0.844076 0.879610 0.965692 0.749228 0.732959 0.831486 0.952863 0.765173 0.821493 0.920844 0.724126 0.946790 0.942823 0.952033 0.956782 0.928764 0.990412 0.823780 0.715214 0.958994 0.931438 0.915259 0.914446 0.896971 0.769655 0.746031 0.887884 0.722172 0.750962 0.724313 0.748027 0.705941 0.749285 0.776689 0.744788 0.736758 0.702409 0.772805 0.831135 0.662296 0.656045 0.973580 0.952616 0.804897 0.952207 0.835492 0.951593 0.969918 0.964471 0.798971 0.808105 0.741176 0.756849 0.738294 0.740894 0.674463 0.678898 0.825363 0.798547 0.738396 0.748488 0.868597 0.849335 0.953355 0.792925 0.840799 0.966368 0.871425 0.928886 0.978237 0.959105 0.875865 0.978064 0.932682 0.825748 0.935446 0.748578 0.954828 0.913081 0.903557 0.950324 0.874604 0.969603 0.972193 0.895793 0.750013 0.959475
0.913171 0.925151 0.955287 0.956299 0.941669 0.000000 0.875103 0.881958 0.949008 0.861698 0.896770 0.843532 0.925391 0.883226 0.928790 0.848050 0.843594 0.824369 0.894730 0.937249 0.827568 0.890393 0.911656 0.950253 0.894720 0.915636 0.876182 0.753464 0.826132 0.841064 0.861486 0.920066 0.934049 0.900148 0.862958 0.813347 0.912088 0.949246 0.961957 0.737530 0.840345 0.869987 0.828396 0.801202 0.876299 0.876303 0.914691 0.999606 0.932384 0.908785 0.978484 0.922581 0.998094 0.875706 0.962624 0.900555 0.843744 0.920068 0.990811 0.992035 0.913698 0.887577 0.930685 0.934362 0.901127 0.947182 0.994879 0.941585 0.970762 0.933496 0.961999 0.912484 0.983091 0.928599 0.788708 0.943742 0.951159 0.921137 0.999451 0.831958 0.899085 0.866170 0.962855 0.946470 0.966323 0.984007 0.867615 0.993106 0.872076 0.991643 0.775439 0.898759 0.942061 0.917135 0.922144 0.882082 0.805687 0.703583 0.738103 0.705998 0.772650 0.925248 0.810692 0.818267 0.953709 0.938901 0.969218 0.983957 0.982271 0.893433 0.905590 0.846024 0.902783 0.993501 0.994892 0.849630
0.369119 0.395566 0.469317 0.471366 0.749892 0.875103 0.000000 0.266187 0.500384 0.862886 0.473670 0.411364 0.298403 0.303403 0.382086 0.470673 0.471122 0.487702 0.322274 0.402467 0.810606 0.952410 0.685319 0.685740 0.864445 0.870769 0.992807 0.964857 0.522084 0.576772 0.712694 0.761808 0.338640 0.279492 0.737233 0.899347 0.607327 0.606509 0.767088 0.730729 0.805695 0.812463 0.547199 0.482796 0.610132 0.480359 0.402056 0.325273 0.611677 0.516026 0.485463 0.501343 0.750345 0.971511 0.466627 0.446914 0.481766 0.429614 0.365989 0.481261 0.254583 0.299582 0.405160 0.390081 0.619362 0.352383 0.287175 0.298229 0.570895 0.492075 0.577833 0.812578 0.537612 0.541039 0.687684 0.664060 0.508773 0.623892 0.548385 0.601192 0.506099 0.520692 0.532734 0.514621 0.493710 0.461823 0.668420 0.810003 0.577064 0.680333 0.952704 0.904894 0.894754 0.835418 0.903835 0.776881 0.468914 0.975841 0.668562 0.703172 0.933970 0.794229 0.691468 0.581135 0.524178 0.510302 0.840959 0.843887 0.851498 0.680634 0.788257 0.566536 0.762352 0.682656 0.613859 0.727364
0.515343 0.457016 0.630958 0.464223 0.802129 0.881958 0.266187 0.000000 0.570184 0.770287 0.555252 0.391519 0.441320 0.286455 0.496299 0.467509 0.585765 0.567354 0.453278 0.501089 0.906695 0.994181 0.771750 0.716660 0.974547 0.986939 0.940838 0.898611 0.510952 0.580233 0.816345 0.713758 0.493195 0.376801 0.864178 0.989175 0.711686 0.650867 0.790397 0.764268 0.949961 0.796713 0.497240 0.482834 0.613111 0.431906 0.367692 0.339071 0.573828 0.529503 0.433605 0.483436 0.728534 0.944766 0.551686 0.542131 0.587359 0.529522 0.429789 0.532267 0.348675 0.277124 0.467065 0.416770 0.770355 0.415547 0.432672 0.357804 0.765178 0.596897 0.745544 0.867647 0.746401 0.693070 0.752823 0.694840 0.529954 0.618831 0.588840 0.647113 0.612034 0.680946 0.579469 0.629395 0.672541 0.537247 0.783526 0.910781 0.706102 0.724446 0.868186 0.958545 0.985107 0.788992 0.998391 0.768488 0.530712 0.924708 0.584039 0.611452 0.814663 0.885128 0.645268 0.606246 0.590149 0.543543 0.835645 0.724279 0.890806 0.730595 0.756797 0.526166 0.680796 0.676609 0.647829 0.674583
0.815242 0.845095 0.644465 0.599007 0.913066 0.949008 0.500384 0.570184 0.000000 0.731093 0.950153 0.855291 0.633976 0.699614 0.672439 0.748637 0.898797 0.980145 0.781767 0.848410 0.936597 0.984560 0.845741 0.756356 0.823593 0.722805 0.950311 0.940960 0.911147 0.988982 0.764487 0.947701 0.738721 0.748635 0.740008 0.838784 0.716075 0.664000 0.820546 0.836848 0.939488 0.851475 0.733386 0.719404 0.642482 0.598032 0.691600 0.627319 0.762286 0.698628 0.638231 0.675085 0.678939 0.782152 0.657654 0.656389 0.914006 0.890211 0.692522 0.839473 0.608824 0.631607 0.885842 0.895041 0.696551 0.584139 0.551981 0.517525 0.832494 0.860225 0.822629 0.853394 0.742282 0.734183 0.791934 0.854720 0.640297 0.811138 0.920961 0.937381 0.987779 0.997650 0.846806 0.830106 0.801943 0.694015 0.889602 0.888676 0.664078 0.855996 0.867212 0.909498 0.948583 0.897998 0.751787 0.903419 0.862534 0.868367 0.821704 0.832860 0.944954 0.832607 0.910524 0.743751 0.762856 0.674493 0.822718 0.853040 0.936234 0.909297 0.844472 0.791043 0.861057 0.878178 0.745312 0.798488
0.738275 0.816089 0.669719 0.831827 0.892085 0.861698 0.862886 0.770287 0.731093 0.000000 0.968649 0.943399 0.762632 0.990813 0.918026 0.928695 0.904209 0.977896 0.913432 0.857829 0.758741 0.876887 0.594973 0.612987 0.510198 0.711075 0.547237 0.749774 0.784734 0.878037 0.967597 0.695287 0.915196 0.945882 0.675467 0.919971 0.703707 0.978804 0.672891 0.866607 0.821783 0.817406 0.467533 0.537615 0.339131 0.407914 0.884734 0.842684 0.492789 0.828690 0.650986 0.807893 0.584280 0.506632 0.739980 0.926375 0.878761 0.770567 0.961642 0.855845 0.909017 0.937760 0.912789 0.935979 0.545076 0.763630 0.950633 0.752794 0.601701 0.735304 0.905937 0.719298 0.949553 0.757546 0.949987 0.810422 0.771537 0.686145 0.958171 0.997838 0.790824 0.634339 0.670272 0.633504 0.482622 0.580611 0.736467 0.643444 0.645938 0.526096 0.387868 0.410677 0.515105 0.530639 0.852071 0.789242 0.960243 0.763930 0.430789 0.375905 0.427642 0.616394 0.522767 0.576962 0.841144 0.885547 0.848841 0.659628 0.906231 0.950189 0.667530 0.712993 0.556446 0.726103 0.891774 0.960896
0.411828 0.431516 0.825969 0.950253 0.783674 0.896770 0.473670 0.555252 0.950153 0.968649 0.000000 0.319608 0.506956 0.474822 0.738739 0.816669 0.378136 0.358444 0.379497 0.363394 0.916301 0.914724 0.997219 0.936104 0.802450 0.717354 0.774642 0.828328 0.427543 0.339525 0.934233 0.832999 0.493356 0.362732 0.990556 0.878570 0.863646 0.878934 0.950027 0.931838 0.841066 0.858867 0.756961 0.741200 0.748643 0.738602 0.612430 0.614930 0.682369 0.738017 0.748384 0.772954 0.921041 0.822016 0.782569 0.680719 0.403507 0.440423 0.539650 0.658681 0.419552 0.489958 0.328491 0.353759 0.965334 0.644041 0.585167 0.554119 0.641725 0.579913 0.728351 0.882107 0.588884 0.615067 0.708688 0.754918 0.740603 0.732883 0.565539 0.474011 0.357938 0.410403 0.570225 0.578533 0.683817 0.758110 0.769733 0.855828 0.819028 0.879526 0.916609 0.814359 0.804269 0.700863 0.909257 0.976990 0.581333 0.963188 0.684305 0.790627 0.947462 0.835023 0.618540 0.652306 0.755958 0.746630 0.855066 0.943430 0.699255 0.717498 0.896096 0.684607 0.829240 0.794104 0.770899 0.730527
0.317687 0.267600 0.664661 0.640289 0.741816 0.843532 0.411364 0.391519 0.855291 0.943399 0.319608 0.000000 0.399414 0.313592 0.587504 0.595830 0.382851 0.313854 0.285641 0.279683 0.781443 0.895391 0.689808 0.746883 0.957625 0.854578 0.988938 0.934923 0.406064 0.364313 0.955788 0.791571 0.392628 0.327651 0.836421 0.989591 0.689572 0.692575 0.913992 0.751007 0.891128 0.799878 0.672314 0.690578 0.804965 0.735593 0.463126 0.510662 0.728438 0.649250 0.667859 0.671882 0.914985 0.736867 0.639798 0.588688 0.313849 0.319379 0.429347 0.526928 0.307904 0.309755 0.289704 0.247324 0.782737 0.464004 0.485603 0.463437 0.530194 0.437444 0.691617 0.864695 0.592458 0.685750 0.758483 0.751642 0.677184 0.630301 0.467205 0.446549 0.330294 0.381244 0.509344 0.506730 0.510991 0.507216 0.735767 0.776980 0.658600 0.630421 0.868060 0.697988 0.808875 0.558171 0.983778 0.763357 0.490375 0.888452 0.711396 0.755441 0.958289 0.987305 0.604525 0.665300 0.622286 0.557218 0.940495 0.888291 0.835991 0.606614 0.830670 0.647035 0.794152 0.774125 0.657482 0.728721
0.264398 0.303558 0.343340 0.405554 0.619746 0.925391 0.298403 0.441320 0.633976 0.762632 0.506956 0.399414 0.000000 0.382590 0.373126 0.417913 0.433969 0.507004 0.340308 0.353997 0.618022 0.995266 0.437056 0.505970 0.599535 0.753880 0.806050 0.839245 0.645908 0.648605 0.675904 0.934288 0.350731 0.352824 0.662363 0.914195 0.462717 0.607194 0.593341 0.647403 0.662229 0.913130 0.794995 0.714810 0.964044 0.777483 0.484853 0.426193 0.873022 0.581602 0.647323 0.582082 0.990132 0.818749 0.418106 0.502203 0.449487 0.341250 0.346434 0.394411 0.233997 0.305764 0.376970 0.366615 0.393991 0.266396 0.360192 0.480530 0.361035 0.318040 0.670223 0.930039 0.525937 0.648065 0.703222 0.761635 0.595106 0.766737 0.578231 0.540089 0.441360 0.403277 0.433722 0.405993 0.277356 0.278758 0.519127 0.670509 0.415081 0.448453 0.719033 0.640625 0.643895 0.643247 0.908467 0.939759 0.537776 0.934019 0.962976 0.983570 0.767633 0.916546 0.876693 0.777090 0.647353 0.491719 0.913850 0.940505 0.984124 0.780311 0.981767 0.769396 0.917463 0.896953 0.654014 0.782308
0.411508 0.389709 0.634026 0.564657 0.763736 0.883226 0.303403 0.286455 0.699614 0.990813 0.474822 0.313592 0.382590 0.000000 0.501815 0.476777 0.455595 0.407203 0.313516 0.346099 0.843538 0.909603 0.644689 0.622912 0.927346 0.996378 0.894940 0.941275 0.440980 0.438917 0.787243 0.669724 0.405035 0.345580 0.778599 0.974345 0.724478 0.584014 0.795650 0.702869 0.953616 0.759726 0.634316 0.597048 0.783397 0.631580 0.451379 0.483478 0.760424 0.677611 0.637499 0.661504 0.979851 0.851986 0.615749 0.579476 0.423363 0.453633 0.514883 0.622700 0.377004 0.337692 0.424955 0.360520 0.742677 0.421768 0.481781 0.466233 0.645859 0.579941 0.676170 0.763479 0.677862 0.702866 0.776592 0.697342 0.657161 0.575671 0.521974 0.538186 0.448980 0.488379 0.489392 0.519316 0.535043 0.464568 0.764948 0.746171 0.673184 0.654277 0.965581 0.815770 0.819054 0.706579 0.911135 0.745737 0.500873 0.962283 0.735375 0.712857 0.983964 0.858695 0.690113 0.658181 0.618211 0.625293 0.940358 0.943600 0.855857 0.693075 0.799494 0.641515 0.789122 0.735623 0.737077 0.717057
0.520267 0.538895 0.446469 0.404683 0.719395 0.928790 0.382086 0.496299 0.672439 0.918026 0.738739 0.587504 0.373126 0.501815 0.000000 0.304214 0.653119 0.644384 0.554921 0.551188 0.649790 0.988972 0.484925 0.470963 0.585006 0.676659 0.756976 0.838588 0.747587 0.774830 0.542601 0.731942 0.486494 0.535944 0.798235 0.960930 0.586497 0.597669 0.628452 0.816114 0.722334 0.782632 0.788273 0.723000 0.989785 0.852345 0.590756 0.567749 0.997536 0.788951 0.822406 0.768331 0.987855 0.788594 0.550936 0.695193 0.621039 0.558032 0.606466 0.655710 0.465798 0.475954 0.622320 0.579404 0.467487 0.367720 0.552234 0.624535 0.578766 0.533037 0.703160 0.863994 0.711263 0.788108 0.858242 0.785411 0.700703 0.712980 0.722846 0.674116 0.628402 0.600311 0.576750 0.509645 0.465190 0.382255 0.559583 0.799556 0.521062 0.535212 0.908611 0.839408 0.886490 0.825010 0.870345 0.816165 0.649982 0.920444 0.942357 0.939277 0.934062 0.936790 0.895777 0.838443 0.682826 0.676514 0.858902 0.935845 0.979936 0.974822 0.919693 0.865454 0.964792 0.807358 0.838547 0.913912
0.627491 0.627706 0.495865 0.413947 0.705742 0.848050 0.470673 0.467509 0.748637 0.928695 0.816669 0.595830 0.417913 0.476777 0.304214 0.000000 0.794307 0.756670 0.643866 0.654171 0.631450 0.981189 0.490423 0.426839 0.555561 0.659452 0.776152 0.831612 0.839579 0.886498 0.577804 0.772330 0.594759 0.578801 0.783645 0.903145 0.614886 0.631691 0.625046 0.664485 0.715264 0.898548 0.790518 0.715615 0.928028 0.876415 0.588392 0.618148 0.931648 0.894475 0.873058 0.833147 0.956868 0.780270 0.603243 0.762707 0.731891 0.668339 0.667281 0.659890 0.516913 0.475020 0.748297 0.669392 0.517856 0.381578 0.667640 0.690493 0.647265 0.545065 0.851150 0.888006 0.774292 0.751671 0.874468 0.716764 0.772836 0.779620 0.837456 0.768087 0.782390 0.740769 0.702727 0.620214 0.563678 0.371359 0.717315 0.894758 0.566458 0.546284 0.914318 0.811406 0.945805 0.813362 0.999161 0.874452 0.767770 0.904894 0.978808 0.969118 0.941205 0.924203 0.923296 0.888943 0.769478 0.656593 0.844663 0.959354 0.931312 0.957891 0.959031 0.835148 0.855769 0.854980 0.831274 0.948472
0.318404 0.280790 0.755189 0.847989 0.782506 0.843594 0.471122 0.585765 0.898797 0.904209 0.378136 0.382851 0.433969 0.455595 0.653119 0.794307 0.000000 0.227250 0.245469 0.263982 0.897021 0.923323 0.741245 0.876230 0.967850 0.826351 0.986692 0.942797 0.359017 0.311697 0.813540 0.689291 0.299790 0.321362 0.898107 0.930920 0.697211 0.803541 0.975186 0.799578 0.729084 0.706334 0.579546 0.546694 0.730568 0.699004 0.471386 0.553353 0.688179 0.659442 0.684610 0.677504 0.995966 0.848147 0.667364 0.623281 0.209229 0.258424 0.477494 0.569419 0.444197 0.543703 0.254063 0.248715 0.852981 0.619130 0.460473 0.538792 0.493200 0.522413 0.497276 0.710347 0.631006 0.726723 0.777645 0.703339 0.608591 0.556198 0.377116 0.365041 0.205728 0.262557 0.407087 0.444960 0.508849 0.634751 0.791501 0.628963 0.711238 0.729474 0.876445 0.853932 0.779343 0.684206 0.991993 0.947732 0.477767 0.905948 0.666004 0.738802 0.918113 0.802172 0.558613 0.566319 0.664077 0.666379 0.976153 0.951604 0.849285 0.656613 0.902050 0.636563 0.823013 0.771931 0.689015 0.804790
0.351821 0.300488 0.825465 0.862438 0.814382 0.824369 0.487702 0.567354 0.980145 0.977896 0.358444 0.313854 0.507004 0.407203 0.644384 0.756670 0.227250 0.000000 0.270150 0.208714 0.864124 0.875379 0.764241 0.852147 0.929919 0.775178 0.978721 0.936566 0.317885 0.263939 0.852360 0.634225 0.329986 0.307305 0.908596 0.959100 0.751781 0.677667 0.998646 0.881752 0.749112 0.684940 0.577083 0.563177 0.709248 0.724074 0.542845 0.599624 0.717857 0.746188 0.782621 0.804027 0.871292 0.733246 0.749299 0.672042 0.191929 0.267298 0.556740 0.672989 0.506761 0.573135 0.301244 0.253736 0.909749 0.664925 0.510618 0.554195 0.515285 0.519632 0.519841 0.631360 0.642733 0.660332 0.811254 0.728114 0.672207 0.507868 0.356973 0.316813 0.208551 0.259647 0.456732 0.495913 0.564829 0.657610 0.792664 0.692168 0.764916 0.758981 0.967345 0.866485 0.907747 0.761442 0.914701 0.781339 0.462263 0.882744 0.621146 0.659684 0.975011 0.820749 0.492891 0.564131 0.566998 0.668011 0.954741 0.937429 0.862759 0.633926 0.822430 0.595846 0.869200 0.752590 0.779290 0.781447
0.245291 0.236412 0.610651 0.689579 0.732172 0.894730 0.322274 0.453278 0.781767 0.913432 0.379497 0.285641 0.340308 0.313516 0.554921 0.643866 0.245469 0.270150 0.000000 0.240016 0.789435 0.937890 0.649749 0.746178 0.945152 0.910523 0.907274 0.989450 0.361219 0.352147 0.767500 0.731100 0.285167 0.249328 0.738052 0.973171 0.664452 0.675499 0.862590 0.703282 0.815015 0.784331 0.624595 0.573555 0.741598 0.674519 0.420938 0.464599 0.702931 0.592073 0.606317 0.588981 0.987284 0.854226 0.545317 0.548323 0.234021 0.263109 0.369487 0.482111 0.315559 0.402313 0.240254 0.229359 0.753187 0.491584 0.348428 0.457327 0.440027 0.447329 0.492774 0.769610 0.560459 0.674135 0.758279 0.694326 0.603786 0.582484 0.433223 0.443150 0.254722 0.295631 0.429381 0.438903 0.437653 0.516021 0.756414 0.662153 0.641943 0.680975 0.845034 0.760243 0.709972 0.616773 0.961892 0.806253 0.394929 0.943437 0.704043 0.714972 0.855127 0.860952 0.639653 0.554644 0.542610 0.553849 0.983159 0.979197 0.814130 0.583561 0.848293 0.604133 0.808155 0.764216 0.609099 0.785790
0.273262 0.234626 0.612919 0.656842 0.774398 0.937249 0.402467 0.501089 0.848410 0.857829 0.363394 0.279683 0.353997 0.346099 0.551188 0.654171 0.263982 0.208714 0.240016 0.000000 0.785235 0.860166 0.606522 0.693415 0.884868 0.948714 0.893605 0.961719 0.412524 0.328120 0.735336 0.724927 0.291376 0.292941 0.757869 0.997156 0.621061 0.546953 0.852796 0.807487 0.752046 0.691839 0.654324 0.640904 0.808096 0.791784 0.524639 0.542202 0.795015 0.681390 0.740389 0.725980 0.890176 0.731254 0.619270 0.613444 0.214983 0.230425 0.457849 0.548613 0.372338 0.453909 0.284599 0.240453 0.702915 0.502905 0.415543 0.498133 0.415517 0.420199 0.483074 0.668100 0.567674 0.627111 0.739847 0.723656 0.582725 0.551796 0.379900 0.351646 0.237274 0.252699 0.431643 0.436829 0.417269 0.497156 0.692907 0.664160 0.630297 0.617789 0.802283 0.737867 0.775648 0.700602 0.959739 0.852964 0.440128 0.976362 0.781797 0.802922 0.847897 0.901170 0.598604 0.656089 0.538961 0.584176 0.953285 0.956695 0.865043 0.662735 0.866401 0.666106 0.922872 0.803119 0.706074 0.772686
0.697602 0.720645 0.597488 0.715823 0.860935 0.827568 0.810606 0.906695 0.936597 0.758741 0.916301 0.781443 0.618022 0.843538 0.649790 0.631450 0.897021 0.864124 0.789435 0.785235 0.000000 0.866897 0.638632 0.616356 0.641973 0.699337 0.762902 0.606616 0.998491 0.990836 0.789177 0.960805 0.788926 0.815243 0.712080 0.798355 0.665743 0.763631 0.684661 0.822960 0.740491 0.899691 0.878105 0.990596 0.840564 0.894325 0.859578 0.971907 0.817043 0.959695 0.975248 0.962685 0.862666 0.759385 0.715944 0.938714 0.818027 0.757625 0.772431 0.736992 0.678345 0.710777 0.877303 0.825299 0.593115 0.621732 0.790722 0.955251 0.626123 0.649026 0.912452 0.976598 0.756550 0.795351 0.986916 0.941827 0.876530 0.917510 0.984090 0.808772 0.865686 0.746542 0.842703 0.780434 0.633907 0.575931 0.792450 0.867529 0.715421 0.683741 0.684392 0.637072 0.712303 0.731623 0.888323 0.928097 0.818449 0.845839 0.853319 0.827621 0.835686 0.830871 0.996234 0.861868 0.929934 0.907704 0.876309 0.771046 0.949906 0.914896 0.861793 0.875871 0.935701 0.916830 0.928955 0.958068
0.986082 0.963741 0.788798 0.905376 0.813910 0.890393 0.952410 0.994181 0.984560 0.876887 0.914724 0.895391 0.995266 0.909603 0.988972 0.981189 0.923323 0.875379 0.937890 0.860166 0.866897 0.000000 0.982139 0.952302 0.940585 0.904265 0.815180 0.971511 0.852485 0.797256 0.830260 0.764552 0.962438 0.972506 0.881652 0.810608 0.942011 0.990386 0.836107 0.890273 0.874017 0.976426 0.784289 0.831928 0.909070 0.989634 0.948573 0.985385 0.978396 0.914371 0.926451 0.947873 0.915324 0.968954 0.767939 0.892311 0.852622 0.963256 0.997660 0.893984 0.946634 0.894576 0.991853 0.937854 0.862139 0.888753 0.956541 0.928362 0.973164 0.924578 0.911221 0.953626 0.951186 0.989356 0.945293 0.980781 0.846514 0.698832 0.934483 0.941054 0.940606 0.997595 0.855030 0.987813 0.885145 0.899582 0.981493 0.853532 0.856286 0.927639 0.976140 0.886819 0.894901 0.919911 0.935193 0.962637 0.976830 0.942921 0.910710 0.866202 0.974070 0.892101 0.826795 0.902593 0.959131 0.872118 0.995506 0.961212 0.723992 0.997066 0.993419 0.963434 0.846585 0.959657 0.940552 0.963660
0.535888 0.511755 0.386906 0.363068 0.673077 0.911656 0.685319 0.771750 0.845741 0.594973 0.997219 0.689808 0.437056 0.644689 0.484925 0.490423 0.741245 0.764241 0.649749 0.606522 0.638632 0.982139 0.000000 0.249638 0.335456 0.523927 0.502091 0.770794 0.958485 0.961374 0.522370 0.954103 0.582356 0.742074 0.600252 0.954910 0.443298 0.565846 0.565479 0.769912 0.772715 0.876867 0.995759 0.958418 0.738597 0.865583 0.690227 0.713287 0.811462 0.777718 0.929035 0.781345 0.885535 0.773856 0.538422 0.767578 0.657289 0.555312 0.657650 0.582918 0.609061 0.650489 0.720100 0.640768 0.357219 0.491557 0.614542 0.804189 0.427245 0.483670 0.727182 0.840026 0.777961 0.888514 0.799109 0.899052 0.829280 0.923496 0.694675 0.754825 0.666745 0.625617 0.626510 0.570204 0.330155 0.314335 0.563180 0.613421 0.433317 0.348326 0.645357 0.646088 0.733720 0.731645 0.853917 0.889884 0.755498 0.898618 0.784509 0.785732 0.547926 0.708014 0.913104 0.945264 0.721356 0.645576 0.921335 0.903430 0.836792 0.902397 0.963900 0.915809 0.865547 0.876192 0.812332 0.966971
0.667631 0.654850 0.367887 0.306773 0.729412 0.950253 0.685740 0.716660 0.756356 0.612987 0.936104 0.746883 0.505970 0.622912 0.470963 0.426839 0.876230 0.852147 0.746178 0.693415 0.616356 0.952302 0.249638 0.000000 0.296977 0.455492 0.462970 0.771982 0.980153 0.946885 0.617598 0.968544 0.712647 0.769796 0.593406 0.862745 0.501155 0.516843 0.539319 0.733180 0.804016 0.901743 0.913218 0.965978 0.699999 0.838209 0.783434 0.768298 0.731763 0.943887 0.936821 0.959927 0.781643 0.653964 0.515551 0.707582 0.786306 0.673713 0.783151 0.734663 0.661772 0.623211 0.896033 0.794032 0.328985 0.429586 0.716984 0.831215 0.543265 0.596967 0.884875 0.916522 0.910779 0.959331 0.857154 0.982138 0.910073 0.964198 0.827495 0.876783 0.796019 0.694304 0.633609 0.553783 0.386331 0.276820 0.609037 0.657609 0.430614 0.359753 0.713061 0.604261 0.840632 0.757073 0.966393 0.824480 0.872877 0.868133 0.756183 0.736797 0.656166 0.723723 0.800280 0.882738 0.779548 0.775340 0.924919 0.858332 0.773224 0.975677 0.921771 0.932226 0.788073 0.866211 0.953705 0.981916
0.718326 0.788583 0.360832 0.402466 0.680032 0.894720 0.864445 0.974547 0.823593 0.510198 0.802450 0.957625 0.599535 0.927346 0.585006 0.555561 0.967850 0.929919 0.945152 0.884868 0.641973 0.940585 0.335456 0.296977 0.000000 0.295051 0.490948 0.662027 0.679885 0.664265 0.623425 0.799867 0.825641 0.960049 0.506578 0.910460 0.465592 0.662998 0.462981 0.719664 0.729706 0.993610 0.726370 0.781083 0.560174 0.671169 0.948341 0.861620 0.619092 0.972030 0.843669 0.992405 0.827322 0.670936 0.506528 0.754759 0.957031 0.798109 0.819672 0.708537 0.748934 0.778571 0.948331 0.992337 0.240250 0.514258 0.810518 0.943901 0.527378 0.543807 0.976238 0.927876 0.855386 0.960312 0.913506 0.927259 0.971644 0.811166 0.995597 0.994259 0.950572 0.809269 0.775855 0.615229 0.405341 0.359647 0.565540 0.711235 0.402144 0.357442 0.621081 0.562924 0.824062 0.761388 0.912013 0.983643 0.987057 0.885776 0.561602 0.543993 0.562453 0.623732 0.650626 0.669528 0.915615 0.813921 0.937904 0.859315 0.829498 0.902603 0.705583 0.764676 0.679869 0.726853 0.967861 0.929373
0.879023 0.987168 0.425440 0.499160 0.789657 0.915636 0.870769 0.986939 0.722805 0.711075 0.717354 0.854578 0.753880 0.996378 0.676659 0.659452 0.826351 0.775178 0.910523 0.948714 0.699337 0.904265 0.523927 0.455492 0.295051 0.000000 0.594791 0.681223 0.609758 0.556741 0.635824 0.875313 0.916439 0.926444 0.577641 0.896457 0.566517 0.719088 0.561392 0.727164 0.844642 0.896761 0.784111 0.834787 0.712810 0.785708 0.982015 0.944778 0.687758 0.967152 0.900907 0.979558 0.974981 0.909165 0.547938 0.762734 0.891279 0.999836 0.881822 0.796969 0.850959 0.893200 0.803569 0.826669 0.332887 0.587933 0.798089 0.924996 0.666718 0.750205 0.925773 0.972668 0.866995 0.965811 0.926644 0.891783 0.974183 0.783913 0.897794 0.885939 0.841777 0.986233 0.936563 0.801893 0.603286 0.494396 0.733914 0.863444 0.521037 0.564511 0.796554 0.767785 0.922279 0.967263 0.831328 0.949979 0.939894 0.924055 0.618818 0.620520 0.732645 0.768363 0.659879 0.622060 0.992276 0.866028 0.899025 0.776923 0.830910 0.868611 0.820048 0.780511 0.749417 0.774549 0.936663 0.780796
0.856866 0.906509 0.643100 0.642366 0.863744 0.876182 0.992807 0.940838 0.950311 0.547237 0.774642 0.988938 0.806050 0.894940 0.756976 0.776152 0.986692 0.978721 0.907274 0.893605 0.762902 0.815180 0.502091 0.462970 0.490948 0.594791 0.000000 0.796592 0.861387 0.866819 0.764888 0.955083 0.901331 0.966840 0.760155 0.882153 0.793467 0.719468 0.772601 0.945845 0.961591 0.969384 0.769595 0.731996 0.577654 0.645849 0.913316 0.884260 0.579425 0.853847 0.789716 0.847232 0.697209 0.658312 0.790894 0.976546 0.950808 0.924727 0.968925 0.954423 0.976706 0.951607 0.928829 0.991958 0.544245 0.708109 0.877211 0.937754 0.713650 0.834430 0.968707 0.967896 0.991074 0.849523 0.868353 0.974838 0.848832 0.861883 0.947759 0.994794 0.944261 0.856967 0.775087 0.839428 0.614934 0.580553 0.755782 0.783027 0.670194 0.614643 0.770893 0.705005 0.882153 0.811892 0.974039 0.944070 0.887519 0.985449 0.699564 0.681596 0.678091 0.737298 0.780267 0.769855 0.901539 0.993123 0.939401 0.801513 0.763371 0.930784 0.845046 0.807506 0.666319 0.859076 0.881673 0.797233
0.922070 0.947545 0.814286 0.863735 0.858937 0.753464 0.964857 0.898611 0.940960 0.749774 0.828328 0.934923 0.839245 0.941275 0.838588 0.831612 0.942797 0.936566 0.989450 0.961719 0.606616 0.971511 0.770794 0.771982 0.662027 0.681223 0.796592 0.000000 0.932288 0.843042 0.851697 0.884258 0.990490 0.922165 0.936021 0.811439 0.849290 0.855285 0.887545 0.761101 0.850920 0.953502 0.963205 0.986727 0.768901 0.883939 0.946772 0.908555 0.843169 0.948774 0.934452 0.993755 0.960342 0.894953 0.867499 0.933757 0.970794 0.937060 0.894613 0.810427 0.942984 0.950756 0.959105 0.962278 0.731396 0.843998 0.997947 0.816832 0.854636 0.759784 0.947353 0.838001 0.958270 0.884162 0.873623 0.980330 0.911646 0.977711 0.962601 0.939688 0.998158 0.922220 0.976191 0.932086 0.822696 0.783010 0.915294 0.990474 0.892204 0.775198 0.829112 0.895527 0.811659 0.910219 0.888271 0.766167 0.950019 0.879143 0.791250 0.736765 0.835304 0.825342 0.771574 0.795608 0.791342 0.903737 0.922416 0.797207 0.981497 0.852814 0.817878 0.766498 0.979091 0.881054 0.921301 0.802927
0.563547 0.476014 0.991445 0.983952 0.821623 0.826132 0.522084 0.510952 0.911147 0.784734 0.427543 0.406064 0.645908 0.440980 0.747587 0.839579 0.359017 0.317885 0.361219 0.412524 0.998491 0.852485 0.958485 0.980153 0.679885 0.609758 0.861387 0.932288 0.000000 0.221008 0.898412 0.512555 0.477958 0.395490 0.901052 0.952479 0.928437 0.884442 0.805548 0.898753 0.969437 0.811106 0.436142 0.437740 0.555882 0.563567 0.569568 0.592018 0.588994 0.688406 0.633887 0.722778 0.930896 0.988147 0.894075 0.765103 0.358687 0.492187 0.615505 0.762158 0.602754 0.606980 0.361565 0.349382 0.831096 0.798974 0.612168 0.596324 0.769836 0.761955 0.535338 0.705849 0.744230 0.795582 0.877643 0.708511 0.612311 0.475108 0.433628 0.422682 0.377436 0.513790 0.589388 0.738853 0.851089 0.876948 0.963972 0.890707 0.970117 0.967399 0.852527 0.907371 0.957131 0.825870 0.959004 0.834130 0.531991 0.979950 0.519046 0.499816 0.801220 0.704722 0.477062 0.402694 0.692191 0.783313 0.967636 0.922494 0.864500 0.643668 0.764180 0.547195 0.698292 0.675087 0.763626 0.775810
0.530037 0.450923 0.964865 0.955631 0.844076 0.841064 0.576772 0.580233 0.988982 0.878037 0.339525 0.364313 0.648605 0.438917 0.774830 0.886498 0.311697 0.263939 0.352147 0.328120 0.990836 0.797256 0.961374 0.946885 0.664265 0.556741 0.866819 0.843042 0.221008 0.000000 0.926412 0.564326 0.473410 0.434799 0.907621 0.987588 0.954656 0.849031 0.790234 0.953933 0.975612 0.734811 0.567509 0.569950 0.672356 0.711793 0.634222 0.712655 0.704906 0.793876 0.765213 0.839287 0.946465 0.855053 0.964802 0.856431 0.299035 0.449936 0.666928 0.817047 0.613054 0.636777 0.344906 0.328487 0.816381 0.818916 0.666089 0.652668 0.748896 0.752649 0.543571 0.702771 0.701621 0.784209 0.821879 0.671941 0.705763 0.488452 0.439904 0.390802 0.318570 0.426926 0.563382 0.683553 0.809403 0.886197 0.934805 0.819362 0.983840 0.995328 0.961199 0.999465 0.885024 0.792094 0.974266 0.896247 0.539204 0.945181 0.591778 0.586770 0.900481 0.732822 0.445279 0.471359 0.689038 0.775634 0.912446 0.987481 0.806082 0.659872 0.784213 0.614046 0.804268 0.710834 0.799659 0.723925
0.780826 0.761246 0.655153 0.618676 0.879610 0.861486 0.712694 0.816345 0.764487 0.967597 0.934233 0.955788 0.675904 0.787243 0.542601 0.577804 0.813540 0.852360 0.767500 0.735336 0.789177 0.830260 0.522370 0.617598 0.623425 0.635824 0.764888 0.851697 0.898412 0.926412 0.000000 0.582668 0.651484 0.799192 0.797356 0.871860 0.533998 0.689489 0.738257 0.825203 0.820202 0.857153 0.729161 0.677137 0.984567 0.935267 0.802393 0.801940 0.914303 0.843203 0.856375 0.806410 0.805753 0.916498 0.717491 0.928673 0.794988 0.781354 0.800080 0.753663 0.821974 0.889369 0.888073 0.807742 0.651454 0.717623 0.716145 0.823391 0.732879 0.765187 0.589777 0.669425 0.713147 0.746569 0.807058 0.788800 0.628141 0.683778 0.765235 0.771189 0.848272 0.879178 0.870984 0.843735 0.724837 0.681449 0.848977 0.995453 0.751878 0.819741 0.816345 0.976857 0.898742 0.976711 0.791405 0.964402 0.866672 0.779327 0.952436 0.995453 0.774205 0.999047 0.853836 0.880179 0.701384 0.783746 0.800453 0.955341 0.910919 0.945313 0.972934 0.937681 0.994365 0.922812 0.963112 0.994434
0.927106 0.847335 0.858917 0.961151 0.965692 0.920066 0.761808 0.713758 0.947701 0.695287 0.832999 0.791571 0.934288 0.669724 0.731942 0.772330 0.689291 0.634225 0.731100 0.724927 0.960805 0.764552 0.954103 0.968544 0.799867 0.875313 0.955083 0.884258 0.512555 0.564326 0.582668 0.000000 0.683557 0.672846 0.827886 0.849492 0.942233 0.893374 0.871933 0.926530 0.956650 0.767153 0.510245 0.482893 0.683473 0.707108 0.782913 0.882932 0.852507 0.931121 0.861950 0.933431 0.867180 0.920813 0.968021 0.986871 0.665082 0.831697 0.985292 0.946708 0.982076 0.975686 0.803803 0.734259 0.791966 0.983984 0.881686 0.813654 0.974874 0.894504 0.687106 0.623041 0.987045 0.885784 0.928223 0.797502 0.757847 0.503222 0.701699 0.715045 0.704098 0.844241 0.842465 0.854245 0.937331 0.994710 0.852715 0.988563 0.914234 0.921059 0.749165 0.780548 0.818650 0.965468 0.890001 0.835849 0.848199 0.881033 0.615777 0.522466 0.766232 0.719463 0.525883 0.619389 0.820009 0.897981 0.938314 0.955892 0.971351 0.869855 0.817770 0.679194 0.799570 0.736889 0.954964 0.999871
0.283964 0.267073 0.553815 0.625495 0.749228 0.934049 0.338640 0.493195 0.738721 0.915196 0.493356 0.392628 0.350731 0.405035 0.486494 0.594759 0.299790 0.329986 0.285167 0.291376 0.788926 0.962438 0.582356 0.712647 0.825641 0.916439 0.901331 0.990490 0.477958 0.473410 0.651484 0.683557 0.000000 0.280683 0.719390 0.908897 0.544338 0.678387 0.793685 0.744206 0.642963 0.802021 0.561998 0.508493 0.738471 0.668082 0.429487 0.474329 0.703294 0.575788 0.621772 0.589110 0.871240 0.894916 0.514947 0.517330 0.271289 0.273341 0.411245 0.486974 0.360541 0.444941 0.285814 0.285093 0.657397 0.480197 0.335687 0.428669 0.414958 0.446539 0.466930 0.739032 0.539789 0.627029 0.699323 0.670585 0.503962 0.588388 0.379040 0.448518 0.293615 0.333050 0.436270 0.421347 0.407626 0.465753 0.723581 0.658997 0.551856 0.642478 0.904184 0.799657 0.836519 0.696134 0.957338 0.895889 0.441704 0.957541 0.712784 0.759196 0.927938 0.835355 0.648090 0.611101 0.562079 0.530452 0.970308 0.985807 0.940291 0.618640 0.851887 0.606878 0.851245 0.729538 0.669047 0.812896
0.293721 0.284542 0.617043 0.635611 0.732959 0.900148 0.279492 0.376801 0.748635 0.945882 0.362732 0.327651 0.352824 0.345580 0.535944 0.578801 0.321362 0.307305 0.249328 0.292941 0.815243 0.972506 0.742074 0.769796 0.960049 0.926444 0.966840 0.922165 0.395490 0.434799 0.799192 0.672846 0.280683 0.000000 0.764637 0.993091 0.627868 0.695559 0.822654 0.730288 0.687217 0.785227 0.542529 0.497791 0.644554 0.545410 0.389174 0.419466 0.583353 0.548164 0.543826 0.573942 0.897120 0.908636 0.523244 0.454941 0.297952 0.286541 0.357145 0.460134 0.297633 0.352839 0.282784 0.257388 0.750569 0.481390 0.336824 0.380117 0.493653 0.451993 0.573583 0.792794 0.589782 0.588125 0.712687 0.701954 0.549923 0.571810 0.456240 0.469969 0.300792 0.361088 0.416727 0.444139 0.491031 0.524363 0.739591 0.744844 0.602391 0.709261 0.918829 0.782475 0.840376 0.706174 0.989634 0.767994 0.417229 0.955090 0.610020 0.671160 0.951498 0.818847 0.592768 0.565373 0.535031 0.558040 0.948190 0.956891 0.900743 0.612821 0.812591 0.505598 0.778197 0.707854 0.661553 0.773034
0.605087 0.658540 0.489758 0.608092 0.831486 0.862958 0.737233 0.864178 0.740008 0.675467 0.990556 0.836421 0.662363 0.778599 0.798235 0.783645 0.898107 0.908596 0.738052 0.757869 0.712080 0.881652 0.600252 0.593406 0.506578 0.577641 0.760155 0.936021 0.901052 0.907621 0.797356 0.827886 0.719390 0.764637 0.000000 0.992844 0.556367 0.626536 0.516392 0.736070 0.827545 0.989569 0.818520 0.942148 0.849060 0.847567 0.862246 0.835679 0.818663 0.917265 0.978404 0.866380 0.965502 0.824461 0.509122 0.590835 0.806080 0.698326 0.686785 0.664279 0.663867 0.735924 0.855964 0.820587 0.465009 0.603268 0.602663 0.741725 0.550743 0.668620 0.850321 0.912276 0.726468 0.763266 0.982774 0.950952 0.951151 0.981464 0.861304 0.884456 0.811649 0.704817 0.729816 0.633683 0.503297 0.536310 0.835272 0.708893 0.516762 0.616207 0.594057 0.587513 0.708881 0.776444 0.934440 0.992709 0.765556 0.929709 0.723270 0.747447 0.566522 0.865192 0.822367 0.861396 0.758181 0.779312 0.973073 0.831509 0.925260 0.991361 0.801054 0.878797 0.739389 0.804282 0.868459 0.858881
0.958311 0.986776 0.942428 0.958735 0.952863 0.813347 0.899347 0.989175 0.838784 0.919971 0.878570 0.989591 0.914195 0.974345 0.960930 0.903145 0.930920 0.959100 0.973171 0.997156 0.798355 0.810608 0.954910 0.862745 0.910460 0.896457 0.882153 0.811439 0.952479 0.987588 0.871860 0.849492 0.908897 0.993091 0.992844 0.000000 0.957623 0.841881 0.887428 0.875169 0.897713 0.888290 0.924980 0.908826 0.946626 0.956954 0.981489 0.854949 0.943279 0.820251 0.883502 0.878414 0.895916 0.873175 0.953447 0.902260 0.997470 0.980596 0.916306 0.997604 0.884189 0.888300 0.799799 0.909545 0.994194 0.953014 0.939364 0.921388 0.931798 0.913757 0.929285 0.872787 0.962304 0.984185 0.885437 0.886431 0.991668 0.897005 0.967034 0.922065 0.948719 0.936764 0.894315 0.888940 0.914484 0.979725 0.979196 0.795781 0.898666 0.981640 0.903870 0.998491 0.893168 0.969314 0.973522 0.860798 0.971618 0.928526 0.943696 0.898740 0.941630 0.986157 0.890607 0.912309 0.918516 0.859254 0.933704 0.933490 0.978636 0.961740 0.995132 0.975967 0.965884 0.777347 0.780828 0.824029
0.481574 0.511392 0.386792 0.460362 0.765173 0.912088 0.607327 0.711686 0.716075 0.703707 0.863646 0.689572 0.462717 0.724478 0.586497 0.614886 0.697211 0.751781 0.664452 0.621061 0.665743 0.942011 0.443298 0.501155 0.465592 0.566517 0.793467 0.849290 0.928437 0.954656 0.533998 0.942233 0.544338 0.627868 0.556367 0.957623 0.000000 0.670939 0.699131 0.799327 0.663833 0.871974 0.926169 0.850861 0.920112 0.970781 0.693493 0.620437 0.972281 0.694441 0.821975 0.716269 0.904988 0.898557 0.421821 0.606675 0.654894 0.525733 0.550045 0.530888 0.513322 0.602224 0.676624 0.629794 0.404329 0.489404 0.554877 0.704910 0.434288 0.472701 0.744992 0.872569 0.645470 0.703530 0.748468 0.864343 0.755824 0.873147 0.677057 0.734515 0.656273 0.609613 0.581552 0.580962 0.408617 0.408013 0.676340 0.668417 0.458108 0.506989 0.558154 0.611059 0.679853 0.746280 0.850313 0.986255 0.741510 0.840051 0.825200 0.810112 0.610001 0.746329 0.955567 0.961281 0.766734 0.700041 0.937539 0.968532 0.869129 0.787947 0.888490 0.988172 0.875283 0.979998 0.760718 0.852663
0.688846 0.642944 0.551113 0.528475 0.821493 0.949246 0.606509 0.650867 0.664000 0.978804 0.878934 0.692575 0.607194 0.584014 0.597669 0.631691 0.803541 0.677667 0.675499 0.546953 0.763631 0.990386 0.565846 0.516843 0.662998 0.719088 0.719468 0.855285 0.884442 0.849031 0.689489 0.893374 0.678387 0.695559 0.626536 0.841881 0.670939 0.000000 0.686401 0.835774 0.876696 0.666438 0.882160 0.848895 0.916523 0.931842 0.792229 0.786640 0.974179 0.927339 0.935432 0.915562 0.836763 0.781022 0.685641 0.746854 0.710626 0.658221 0.822608 0.832154 0.684217 0.695564 0.843426 0.732908 0.584131 0.594301 0.645170 0.612443 0.655242 0.698183 0.709672 0.522273 0.767816 0.713425 0.965372 0.857451 0.795249 0.749031 0.770161 0.702245 0.774617 0.718653 0.823128 0.749129 0.614198 0.570257 0.830310 0.790608 0.626665 0.670855 0.958397 0.896515 0.904811 0.959230 0.960081 0.783360 0.787909 0.958263 0.962448 0.922637 0.877274 0.884844 0.825947 0.965276 0.603852 0.661950 0.769581 0.980711 0.881450 0.979530 0.905508 0.976692 0.908905 0.925211 0.810613 0.906557
