0.000000 0.505416 0.749092 0.586946 0.865898 0.871215 0.607158 0.575653 0.936512 0.696566 0.509588 0.664949 0.961823 0.991407 0.872348 0.836549 0.454045 0.351867 0.499756 0.460233 0.891783 0.897051 0.843538 0.765862 0.988593 0.941798 0.904352 0.946751 0.743408 0.807096 0.931455 0.976138 0.493931 0.526160 0.746923 0.975283 0.669033 0.760546 0.992733 0.957156 0.686455 0.679338 0.752830 0.772653 0.722946 0.581404 0.568769 0.519563 0.622856 0.644989 0.772986 0.808473 0.879573 0.901890 0.553450 0.543526 0.389394 0.507797 0.424494 0.547784 0.591296 0.676296 0.454786 0.438814 0.986111 0.918768 0.630939 0.752728 0.593143 0.597491 0.909425 0.976400 0.996983 0.949654 0.914711 0.920117 0.957864 0.723445 0.721431 0.995967 0.398698 0.371378 0.802787 0.527050 0.627260 0.834125 0.894906 0.919674 0.820910 0.490246 0.725318 0.958698 0.788076 0.965567 0.739557 0.788972 0.635584 0.792836 0.575746 0.601560 0.856737 0.959100 0.444639 0.603060 0.803879 0.621945 0.903021 0.808531 0.972858 0.898705 0.866122 0.683297 0.762662 0.886654 0.942306 0.956055
0.505416 0.000000 0.792776 0.661090 0.786498 0.903637 0.769332 0.721240 0.985185 0.851972 0.763000 0.758769 0.963588 0.896076 0.985520 0.995092 0.606668 0.528234 0.576008 0.531553 0.914038 0.884274 0.989281 0.934515 0.956208 0.913837 0.914209 0.993196 0.936375 0.890348 0.957580 0.963139 0.612292 0.738409 0.840975 0.917575 0.729965 0.770211 0.879268 0.957665 0.756031 0.728398 0.685652 0.660380 0.664668 0.559464 0.674697 0.551695 0.501956 0.500440 0.638942 0.693459 0.714719 0.901420 0.650928 0.758136 0.472326 0.485193 0.548862 0.592329 0.863889 0.848968 0.776925 0.692783 0.937658 0.963688 0.772575 0.762239 0.601333 0.518838 0.759279 0.830054 0.952066 0.990667 0.886427 0.990960 0.840162 0.694085 0.827495 0.959439 0.642650 0.562635 0.842070 0.679105 0.732310 0.904620 0.981238 0.998893 0.896633 0.592991 0.746776 0.788987 0.785507 0.830465 0.849268 0.794228 0.589658 0.839067 0.626841 0.581142 0.938412 0.752080 0.545743 0.572799 0.721059 0.648142 0.985390 0.727872 0.974317 0.773250 0.964344 0.678604 0.668553 0.851161 0.889548 0.983934
0.749092 0.792776 0.000000 0.494608 0.959145 0.730569 0.478595 0.920779 0.619394 0.990385 0.841058 0.848696 0.943183 0.861864 0.968589 0.684342 0.856720 0.803461 0.765694 0.844396 0.799609 0.992202 0.920567 0.946273 0.725463 0.701252 0.873437 0.905352 0.971724 0.753495 0.896919 0.978282 0.668586 0.888161 0.618375 0.984412 0.769473 0.856075 0.962927 0.937931 0.758878 0.722471 0.803881 0.728595 0.762903 0.754965 0.932092 0.891322 0.928639 0.806299 0.821110 0.834511 0.796034 0.687250 0.952974 0.810711 0.747848 0.801112 0.860690 0.951038 0.790782 0.879878 0.904132 0.945863 0.553625 0.923172 0.526039 0.899324 0.669938 0.734928 0.967082 0.832698 0.944987 0.911435 0.853220 0.886643 0.792298 0.797316 0.749558 0.992711 0.781349 0.841732 0.880556 0.806678 0.729811 0.838064 0.989432 0.857634 0.862533 0.879589 0.558508 0.562748 0.482933 0.520985 0.863448 0.710924 0.730934 0.827857 0.744279 0.702858 0.991232 0.844094 0.713761 0.763814 0.831908 0.776084 0.880466 0.726476 0.921966 0.924362 0.898664 0.765271 0.779054 0.985168 0.990819 0.874680
0.586946 0.661090 0.494608 0.000000 0.960095 0.923419 0.541092 0.713080 0.772117 0.900155 0.725971 0.922701 0.862468 0.945651 0.998645 0.835793 0.781021 0.684985 0.562001 0.658938 0.876325 0.934912 0.860830 0.979826 0.761680 0.698434 0.925166 0.911857 0.907276 0.911185 0.846743 0.943959 0.576625 0.748545 0.663520 0.964091 0.839188 0.950431 0.984601 0.886777 0.731084 0.707075 0.704112 0.626095 0.709252 0.638528 0.760591 0.660832 0.832914 0.726539 0.812404 0.777608 0.795572 0.815630 0.822802 0.683465 0.669749 0.747936 0.808602 0.838378 0.719732 0.898429 0.739718 0.786075 0.641802 0.907835 0.544535 0.781745 0.694790 0.698358 0.856204 0.912293 0.906633 0.926579 0.958763 0.960853 0.729613 0.752849 0.829865 0.987102 0.641228 0.663070 0.828950 0.798081 0.609612 0.703076 0.959384 0.982767 0.931615 0.683036 0.458423 0.611028 0.441109 0.586644 0.888673 0.701211 0.604948 0.769813 0.600005 0.564846 0.940749 0.838342 0.520764 0.569835 0.684844 0.669844 0.991970 0.784686 0.946901 0.937319 0.767253 0.602411 0.798707 0.905124 0.951040 0.996659
0.865898 0.786498 0.959145 0.960095 0.000000 0.952616 0.999235 0.982526 0.801397 0.990539 0.981105 0.961274 0.738694 0.888163 0.729207 0.778826 0.975388 0.892516 0.955965 0.974060 0.760778 0.955163 0.681332 0.683945 0.941231 0.848594 0.803619 0.909703 0.999660 0.986327 0.874457 0.952284 0.841093 0.901117 0.985248 0.932241 0.925762 0.721155 0.952713 0.923643 0.878325 0.999598 0.695634 0.687748 0.873425 0.845114 0.711993 0.830726 0.794085 0.885231 0.838757 0.930633 0.983565 0.983899 0.944549 0.989432 0.831455 0.966235 0.792890 0.860726 0.957926 0.950198 0.990722 0.968202 0.847804 0.943455 0.845137 0.693971 0.977039 0.933369 0.947631 0.997828 0.937881 0.851934 0.940339 0.873570 0.944282 0.884108 0.792130 0.931285 0.847203 0.958202 0.786450 0.961176 0.743139 0.801631 0.813118 0.779877 0.968728 0.992776 0.938392 0.986834 0.886467 0.992222 0.994099 0.770706 0.985869 0.862457 0.929496 0.895045 0.919330 0.879592 0.949901 0.791902 0.856929 0.890414 0.963062 0.948278 0.911331 0.874333 0.982072 0.985588 0.827510 0.974179 0.965690 0.998557
0.871215 0.903637 0.730569 0.923419 0.952616 0.000000 0.968606 0.801805 0.909005 0.760721 0.877982 0.802431 0.964579 0.865453 0.878537 0.853972 0.890742 0.909184 0.924651 0.967999 0.979682 0.851268 0.945803 0.938718 0.856290 0.926824 0.998184 0.897988 0.868395 0.808477 0.951429 0.994229 0.920272 0.960554 0.852054 0.938132 0.946009 0.947403 0.942294 0.953794 0.929386 0.891204 0.973802 0.968054 0.992247 0.919442 0.836926 0.924205 0.963398 0.983560 0.965044 0.984940 0.964263 0.839586 0.940548 0.879178 0.985450 0.954148 0.886108 0.716616 0.854984 0.667735 0.867281 0.869375 0.819016 0.705642 0.956410 0.811551 0.862753 0.952312 0.891873 0.966118 0.941229 0.895215 0.981802 0.878599 0.999782 0.934103 0.927612 0.940733 0.842533 0.830627 0.908242 0.934280 0.948397 0.965657 0.928291 0.938245 0.929541 0.937144 0.974715 0.886772 0.966550 0.864309 0.974378 0.945737 0.919410 0.859877 0.916794 0.937812 0.906937 0.944241 0.891588 0.900556 0.887180 0.976472 0.881030 0.924423 0.959562 0.968392 0.956104 0.833852 0.980162 0.938402 0.829011 0.895351
0.607158 0.769332 0.478595 0.541092 0.999235 0.968606 0.000000 0.468068 0.646508 0.528779 0.582640 0.838230 0.995671 0.794495 0.650484 0.657695 0.654232 0.591345 0.651027 0.781945 0.997161 0.931400 0.922898 0.757267 0.844694 0.911817 0.814613 0.836473 0.768167 0.890177 0.912968 0.991543 0.555394 0.525316 0.763208 0.984985 0.919519 0.975377 0.939162 0.914241 0.823034 0.827285 0.788808 0.744152 0.475242 0.478738 0.849186 0.745239 0.779863 0.847521 0.909472 0.987507 0.890717 0.900366 0.886833 0.793770 0.788297 0.844039 0.743514 0.872503 0.437488 0.693810 0.607348 0.596552 0.964041 0.975250 0.508525 0.686607 0.787963 0.687095 0.944133 0.953940 0.918462 0.973891 0.803691 0.998765 0.827237 0.713322 0.734984 0.838966 0.594860 0.675213 0.980804 0.737082 0.855096 0.944870 0.815247 0.744652 0.914030 0.942656 0.447237 0.631795 0.462125 0.693461 0.820657 0.799877 0.709519 0.752512 0.473818 0.553910 0.815790 0.926013 0.570262 0.644565 0.862202 0.813447 0.951918 0.824704 0.975927 0.903187 0.807004 0.628279 0.662740 0.766486 0.812659 0.983559
0.575653 0.721240 0.920779 0.713080 0.982526 0.801805 0.468068 0.000000 0.878300 0.340427 0.402311 0.463276 0.986779 0.980693 0.589337 0.803603 0.543298 0.517022 0.653963 0.687386 0.871312 0.830924 0.732466 0.722679 0.588934 0.698565 0.691618 0.700646 0.565111 0.559538 0.990979 0.977392 0.639201 0.377239 0.934512 0.980557 0.919775 0.792112 0.936160 0.987004 0.808918 0.930474 0.853131 0.842464 0.535065 0.500308 0.775159 0.683059 0.673983 0.948734 0.909230 0.801462 0.845081 0.716481 0.749914 0.764163 0.830428 0.872964 0.680053 0.690919 0.368868 0.371250 0.423981 0.365471 0.663996 0.805572 0.723192 0.587955 0.987219 0.754118 0.998457 0.878459 0.966426 0.920196 0.806552 0.997064 0.956095 0.804490 0.833052 0.783103 0.538894 0.594934 0.938470 0.695931 0.990687 0.908808 0.724528 0.765655 0.901713 0.809265 0.693414 0.999655 0.799537 0.898225 0.795493 0.923634 0.766959 0.804026 0.493821 0.643400 0.687904 0.943632 0.547856 0.652200 0.989599 0.873306 0.810524 0.928562 0.887362 0.901341 0.788072 0.643355 0.749936 0.717066 0.790926 0.820354
0.936512 0.985185 0.619394 0.772117 0.801397 0.909005 0.646508 0.878300 0.000000 0.864829 0.944560 0.911038 0.874417 0.963450 0.969413 0.926689 0.982860 0.988467 0.975657 0.973275 0.987821 0.882451 0.843167 0.932013 0.989494 0.977635 0.913613 0.977810 0.887289 0.906996 0.967818 0.899344 0.862615 0.989112 0.801160 0.810159 0.932316 0.933411 0.917896 0.924264 0.922053 0.983249 0.931227 0.986014 0.847209 0.886323 0.929230 0.854918 0.956662 0.974799 0.880136 0.905534 0.849550 0.690531 0.912624 0.955590 0.972034 0.921219 0.952953 0.919222 0.802501 0.998217 0.975272 0.976348 0.720946 0.935961 0.736930 0.966257 0.936268 0.909383 0.968350 0.906426 0.957653 0.985381 0.898394 0.965117 0.765312 0.991803 0.887178 0.831989 0.966316 0.947508 0.948419 0.931484 0.899133 0.915795 0.926631 0.868356 0.981241 0.916688 0.637156 0.600106 0.637179 0.634592 0.913608 0.887615 0.791395 0.957143 0.835747 0.803053 0.903975 0.823104 0.920939 0.901762 0.874047 0.982951 0.936059 0.841414 0.897430 0.977878 0.930705 0.820725 0.867568 0.852290 0.829069 0.982717
0.696566 0.851972 0.990385 0.900155 0.990539 0.760721 0.528779 0.340427 0.864829 0.000000 0.530369 0.569078 0.913743 0.910381 0.556003 0.800746 0.621151 0.578367 0.751739 0.846602 0.883370 0.951543 0.699690 0.646755 0.447152 0.542091 0.692194 0.648484 0.643844 0.593590 0.928932 0.914114 0.774917 0.506037 0.992738 0.929685 0.896362 0.745862 0.863897 0.912499 0.889217 0.961183 0.994093 0.999242 0.570344 0.586944 0.808337 0.788201 0.704323 0.994931 0.893659 0.770276 0.867649 0.742796 0.833981 0.778600 0.958655 0.891695 0.680994 0.703776 0.444384 0.443924 0.532445 0.456298 0.560483 0.893470 0.779290 0.671183 0.958443 0.737196 0.986113 0.955001 0.869655 0.989569 0.756272 0.994219 0.975545 0.890413 0.809445 0.718692 0.614081 0.702424 0.811409 0.782462 0.885874 0.736169 0.715443 0.747636 0.817371 0.910401 0.787589 0.976782 0.881398 0.861152 0.794397 0.981499 0.897822 0.858427 0.572788 0.694335 0.717803 0.882555 0.649014 0.758846 0.977803 0.856746 0.917260 0.930822 0.965007 0.888514 0.928564 0.721300 0.809245 0.680212 0.807531 0.919027
0.509588 0.763000 0.841058 0.725971 0.981105 0.877982 0.582640 0.402311 0.944560 0.530369 0.000000 0.496099 0.978235 0.906907 0.646432 0.760507 0.466069 0.486878 0.691570 0.637682 0.969738 0.717827 0.715653 0.700305 0.828869 0.854916 0.839966 0.867891 0.604177 0.617744 0.988299 0.929326 0.602701 0.413709 0.798412 0.957519 0.905654 0.925385 0.983913 0.981486 0.721083 0.826337 0.932440 0.929177 0.697407 0.637079 0.771055 0.762507 0.750056 0.967230 0.863329 0.816182 0.779896 0.679874 0.699926 0.715460 0.726091 0.845397 0.628961 0.710202 0.434537 0.467609 0.379481 0.364356 0.804309 0.838424 0.671205 0.663808 0.949198 0.710040 0.899889 0.833061 0.918145 0.997704 0.893874 0.927015 0.926276 0.919116 0.797691 0.911936 0.482035 0.524214 0.940712 0.606784 0.881261 0.957891 0.811634 0.765445 0.992666 0.709473 0.773456 0.869144 0.870879 0.848130 0.700077 0.897776 0.817616 0.838949 0.644378 0.735277 0.762808 0.937468 0.519091 0.731103 0.975793 0.788811 0.685013 0.913699 0.809680 0.862725 0.901463 0.733905 0.826858 0.894615 0.893493 0.857056
0.664949 0.758769 0.848696 0.922701 0.961274 0.802431 0.838230 0.463276 0.911038 0.569078 0.496099 0.000000 0.687387 0.686737 0.925774 0.844000 0.574901 0.592269 0.662538 0.648836 0.873638 0.780211 0.825972 0.943723 0.693684 0.664423 0.869918 0.805784 0.591082 0.518429 0.808179 0.936283 0.839249 0.519149 0.962726 0.968344 0.870251 0.738113 0.920438 0.977619 0.806748 0.970158 0.910364 0.971909 0.818499 0.739499 0.721263 0.835264 0.809659 0.898223 0.817799 0.730346 0.670825 0.546428 0.650603 0.723405 0.816219 0.943399 0.816139 0.822107 0.519438 0.424521 0.432529 0.452441 0.707081 0.687485 0.953270 0.809713 0.946166 0.807252 0.928173 0.723917 0.982466 0.964826 0.861951 0.923276 0.940554 0.915365 0.952260 0.854164 0.573368 0.554517 0.933401 0.698469 0.844019 0.827008 0.810931 0.993758 0.897199 0.768241 0.917601 0.694236 0.877930 0.617685 0.733016 0.965623 0.886938 0.959553 0.825755 0.952819 0.781582 0.842724 0.732218 0.844471 0.907163 0.941828 0.666890 0.865183 0.833387 0.966692 0.861468 0.839600 0.933742 0.918640 0.871255 0.806117
0.961823 0.963588 0.943183 0.862468 0.738694 0.964579 0.995671 0.986779 0.874417 0.913743 0.978235 0.687387 0.000000 0.490433 0.571393 0.549117 0.979756 0.997782 0.844738 0.898182 0.854079 0.971639 0.687495 0.623376 0.980439 0.945048 0.723319 0.838987 0.891365 0.931429 0.852760 0.980193 0.969578 0.957903 0.836200 0.901615 0.871572 0.875831 0.886692 0.875957 0.815299 0.991180 0.969270 0.928383 0.872497 0.915669 0.993369 0.908939 0.847220 0.805090 0.863168 0.850102 0.843658 0.904742 0.749132 0.793517 0.986229 0.875036 0.704373 0.692557 0.809913 0.943193 0.809389 0.948446 0.744181 0.851611 0.971587 0.715686 0.892408 0.960756 0.942511 0.883945 0.952772 0.967494 0.935545 0.895019 0.947244 0.991525 0.869736 0.914409 0.882373 0.871504 0.720437 0.860463 0.515758 0.487985 0.940960 0.685872 0.758313 0.981223 0.952683 0.928189 0.933633 0.928525 0.819514 0.934921 0.883604 0.975322 0.919099 0.844157 0.820782 0.887771 0.970519 0.998149 0.977061 0.930333 0.835281 0.948294 0.997656 0.883388 0.792143 0.945227 0.861428 0.910079 0.976964 0.878049
0.991407 0.896076 0.861864 0.945651 0.888163 0.865453 0.794495 0.980693 0.963450 0.910381 0.906907 0.686737 0.490433 0.000000 0.536265 0.476170 0.941044 0.963170 0.758336 0.794657 0.916083 0.981694 0.691210 0.552470 0.974144 0.987009 0.648955 0.877797 0.815124 0.773640 0.973111 0.765118 0.945621 0.987288 0.926468 0.989754 0.747046 0.864988 0.941166 0.904180 0.915295 0.887855 0.915882 0.983716 0.937804 0.994763 0.865975 0.935624 0.978898 0.970288 0.990075 0.988765 0.983957 0.955267 0.869471 0.808025 0.978647 0.896877 0.756910 0.864849 0.987705 0.977671 0.847032 0.975065 0.888011 0.850489 0.873646 0.851876 0.970012 0.951759 0.901141 0.987560 0.839221 0.872389 0.931250 0.958278 0.873781 0.978491 0.941104 0.947930 0.885958 0.884509 0.772492 0.911013 0.654491 0.546631 0.958776 0.646814 0.885998 0.869384 0.868807 0.903824 0.944943 0.846242 0.888149 0.954121 0.940821 0.819172 0.931951 0.947132 0.983132 0.939183 0.999643 0.960937 0.973575 0.959766 0.803451 0.933297 0.934937 0.876907 0.838668 0.928424 0.932586 0.946487 0.949241 0.884639
0.872348 0.985520 0.968589 0.998645 0.729207 0.878537 0.650484 0.589337 0.969413 0.556003 0.646432 0.925774 0.571393 0.536265 0.000000 0.463197 0.749052 0.816365 0.911394 0.910966 0.931390 0.905919 0.491412 0.456290 0.769241 0.856710 0.546880 0.800340 0.862455 0.823672 0.955876 0.882082 0.835923 0.685577 0.962390 0.948512 0.966348 0.969446 0.894496 0.911812 0.981952 0.969119 0.836331 0.797100 0.625776 0.656573 0.882726 0.868855 0.762002 0.974030 0.999482 0.855419 0.824639 0.836946 0.995160 0.999890 0.970524 0.996319 0.670086 0.713680 0.689942 0.605786 0.835009 0.734434 0.628255 0.852807 0.734671 0.487266 0.796517 0.875414 0.900806 0.846638 0.907644 0.950531 0.900946 0.870279 0.969030 0.879427 0.789796 0.961623 0.854449 0.969694 0.633696 0.987958 0.572401 0.576279 0.765685 0.630622 0.764179 0.932635 0.850840 0.970333 0.968089 0.981091 0.948063 0.971706 0.913565 0.778714 0.761169 0.766115 0.712255 0.988169 0.851304 0.861118 0.895304 0.976709 0.998716 0.991042 0.948694 0.852315 0.970207 0.886102 0.843668 0.754852 0.822929 0.987104
0.836549 0.995092 0.684342 0.835793 0.778826 0.853972 0.657695 0.803603 0.926689 0.800746 0.760507 0.844000 0.549117 0.476170 0.463197 0.000000 0.846292 0.848742 0.968629 0.946986 0.890637 0.956197 0.538284 0.457129 0.991906 0.931038 0.702492 0.910915 0.955893 0.871507 0.965016 0.778735 0.911927 0.856923 0.876733 0.991221 0.877210 0.920002 0.958357 0.915692 0.964833 0.833884 0.878836 0.801226 0.747354 0.763718 0.947450 0.890510 0.803161 0.930062 0.983934 0.966220 0.935565 0.978702 0.970429 0.935427 0.895159 0.917237 0.669473 0.848487 0.875475 0.921869 0.942615 0.859331 0.901952 0.894473 0.738982 0.735001 0.962874 0.862247 0.876521 0.951914 0.782768 0.823672 0.943851 0.974238 0.992182 0.963943 0.837466 0.996492 0.864852 0.962871 0.701731 0.986700 0.708335 0.672148 0.825543 0.533623 0.926452 0.924230 0.797128 0.888740 0.804576 0.836134 0.967996 0.931938 0.898600 0.800543 0.775297 0.758391 0.837194 0.946684 0.835927 0.833778 0.973114 0.823109 0.913256 0.957234 0.991280 0.947773 0.935292 0.894027 0.964167 0.956779 0.870490 0.930984
0.454045 0.606668 0.856720 0.781021 0.975388 0.890742 0.654232 0.543298 0.982860 0.621151 0.466069 0.574901 0.979756 0.941044 0.749052 0.846292 0.000000 0.412379 0.643036 0.588740 0.953110 0.913129 0.769695 0.744687 0.860231 0.917421 0.836250 0.910007 0.728715 0.751083 0.959491 0.940903 0.614714 0.564194 0.796352 0.988979 0.800139 0.965937 0.858610 0.947265 0.728951 0.829052 0.900321 0.861213 0.754232 0.697573 0.709458 0.689821 0.711727 0.805428 0.902393 0.951139 0.963363 0.835316 0.567317 0.673116 0.550493 0.599956 0.478362 0.577877 0.545514 0.570481 0.465397 0.405081 0.890563 0.809586 0.693087 0.722762 0.766189 0.651103 0.953777 0.820891 0.996088 0.946538 0.828574 0.911387 0.979283 0.817106 0.802066 0.975651 0.452259 0.484063 0.955910 0.604915 0.805609 0.914704 0.895623 0.915989 0.788499 0.663833 0.840712 0.910019 0.906181 0.935404 0.733174 0.832413 0.743751 0.858106 0.603160 0.692751 0.840091 0.938623 0.518798 0.673620 0.846322 0.673354 0.854712 0.835219 0.983900 0.818529 0.938495 0.738697 0.802023 0.879246 0.970345 0.994834
0.351867 0.528234 0.803461 0.684985 0.892516 0.909184 0.591345 0.517022 0.988467 0.578367 0.486878 0.592269 0.997782 0.963170 0.816365 0.848742 0.412379 0.000000 0.555057 0.493218 0.928077 0.935815 0.786141 0.726828 0.868186 0.927626 0.914693 0.891334 0.677979 0.659257 0.980391 0.966777 0.539691 0.500548 0.809617 0.914119 0.708141 0.880836 0.970595 0.905023 0.719321 0.703464 0.710065 0.752443 0.614424 0.523617 0.534433 0.519908 0.541149 0.659429 0.778504 0.855002 0.890455 0.906304 0.584676 0.567810 0.423945 0.536821 0.414344 0.548840 0.573431 0.631559 0.429034 0.391901 0.840758 0.955894 0.621136 0.705047 0.671166 0.518157 0.938684 0.934090 0.928229 0.905730 0.842982 0.931458 0.935097 0.782674 0.727945 0.957165 0.324367 0.368317 0.818355 0.459583 0.716837 0.944426 0.864389 0.886233 0.854513 0.573561 0.795185 0.984071 0.836449 0.956906 0.696455 0.783044 0.741788 0.791178 0.535936 0.627623 0.831131 0.986437 0.424495 0.591055 0.837124 0.616126 0.917954 0.883583 0.939292 0.830458 0.907483 0.645979 0.728466 0.852428 0.995497 0.932911
0.499756 0.576008 0.765694 0.562001 0.955965 0.924651 0.651027 0.653963 0.975657 0.751739 0.691570 0.662538 0.844738 0.758336 0.911394 0.968629 0.643036 0.555057 0.000000 0.499542 0.883511 0.825204 0.800378 0.897848 0.972632 0.948857 0.976035 0.895890 0.770382 0.820748 0.858232 0.680765 0.646493 0.631758 0.754880 0.917109 0.959542 0.998958 0.840795 0.834718 0.753288 0.762306 0.817200 0.821819 0.664042 0.585357 0.695933 0.631887 0.661405 0.658318 0.832520 0.815906 0.748610 0.917029 0.661375 0.668778 0.642296 0.702998 0.772316 0.774320 0.690265 0.823214 0.568457 0.592574 0.927272 0.989078 0.827080 0.898780 0.698689 0.635398 0.736296 0.856431 0.857317 0.855720 0.954801 0.958946 0.851318 0.737578 0.848106 0.960925 0.589602 0.505115 0.744415 0.754865 0.557967 0.788225 0.989726 0.908974 0.964934 0.680124 0.653849 0.782525 0.622103 0.868381 0.691125 0.893282 0.784441 0.982154 0.597735 0.522691 0.905159 0.992039 0.560274 0.677024 0.757927 0.611199 0.908202 0.811545 0.961791 0.965736 0.817975 0.657661 0.721558 0.982196 0.983032 0.844334
0.460233 0.531553 0.844396 0.658938 0.974060 0.967999 0.781945 0.687386 0.973275 0.846602 0.637682 0.648836 0.898182 0.794657 0.910966 0.946986 0.588740 0.493218 0.499542 0.000000 0.952316 0.846104 0.927635 0.949404 0.997338 0.968336 0.960128 0.856526 0.691214 0.754639 0.815917 0.850148 0.587477 0.665843 0.807315 0.974167 0.795566 0.876469 0.993250 0.964753 0.687248 0.838344 0.825822 0.869509 0.770880 0.647334 0.635721 0.629813 0.641975 0.593659 0.749456 0.721666 0.783520 0.985619 0.735065 0.723566 0.541758 0.599975 0.608901 0.597277 0.769598 0.762413 0.576183 0.574004 0.970287 0.909752 0.808596 0.815264 0.731926 0.679129 0.802827 0.938938 0.840624 0.847623 0.957413 0.986832 0.955626 0.880784 0.731675 0.905818 0.579314 0.493700 0.697887 0.666712 0.636044 0.773203 0.946714 0.963267 0.887598 0.546626 0.800570 0.953083 0.833446 0.953770 0.824927 0.911725 0.783544 0.929734 0.639158 0.676883 0.805160 0.970992 0.578616 0.658317 0.810423 0.694344 0.881995 0.914064 0.902784 0.889578 0.887317 0.636631 0.741577 0.955219 0.923320 0.811625
0.891783 0.914038 0.799609 0.876325 0.760778 0.979682 0.997161 0.871312 0.987821 0.883370 0.969738 0.873638 0.854079 0.916083 0.931390 0.890637 0.953110 0.928077 0.883511 0.952316 0.000000 0.890375 0.800581 0.780966 0.785041 0.712678 0.990503 0.760578 0.916642 0.778433 0.987462 0.852601 0.798445 0.976493 0.834024 0.948392 0.811103 0.814952 0.874033 0.964570 0.926957 0.942029 0.745505 0.789823 0.913035 0.998357 0.805444 0.918169 0.945028 0.947423 0.797919 0.830596 0.994549 0.925134 0.866624 0.969295 0.755940 0.840764 0.767532 0.901018 0.972011 0.935807 0.949827 0.899488 0.805111 0.848407 0.761520 0.837704 0.902665 0.897225 0.917775 0.905898 0.952318 0.797176 0.980018 0.869377 0.980447 0.994105 0.772635 0.895177 0.919994 0.977100 0.884984 0.974358 0.916163 0.917698 0.992990 0.860905 0.863546 0.879074 0.988406 0.980323 0.959596 0.879905 0.831166 0.753415 0.897240 0.935676 0.918596 0.998043 0.960597 0.941805 0.916706 0.923124 0.931371 0.976197 0.908529 0.819879 0.972228 0.879370 0.973100 0.839812 0.966653 0.975940 0.909833 0.812115
0.897051 0.884274 0.992202 0.934912 0.955163 0.851268 0.931400 0.830924 0.882451 0.951543 0.717827 0.780211 0.971639 0.981694 0.905919 0.956197 0.913129 0.935815 0.825204 0.846104 0.890375 0.000000 0.998808 0.995853 0.980172 0.915144 0.933154 0.781334 0.695024 0.771718 0.931799 0.709983 0.942463 0.778615 0.950034 0.922061 0.830776 0.796595 0.967666 0.905515 0.894645 0.941656 0.964016 0.993300 0.863930 0.927260 0.974012 0.951085 0.988931 0.945036 0.875356 0.883894 0.913479 0.858489 0.983263 0.979325 0.996741 0.912749 0.951091 0.959806 0.850783 0.875801 0.728946 0.789762 0.883850 0.961150 0.965275 0.939421 0.886244 0.983368 0.899994 0.924921 0.862139 0.786957 0.997239 0.879551 0.913237 0.937977 0.958606 0.801327 0.964605 0.887005 0.837942 0.980844 0.913178 0.981966 0.976469 0.941331 0.951158 0.988339 0.975131 0.902707 0.922865 0.890711 0.886382 0.903810 0.976074 0.914469 0.987515 0.948358 0.862948 0.921167 0.971207 0.959542 0.878089 0.950754 0.723249 0.813142 0.983139 0.975556 0.816670 0.980115 0.916315 0.872757 0.886371 0.835916
0.843538 0.989281 0.920567 0.860830 0.681332 0.945803 0.922898 0.732466 0.843167 0.699690 0.715653 0.825972 0.687495 0.691210 0.491412 0.538284 0.769695 0.786141 0.800378 0.927635 0.800581 0.998808 0.000000 0.359298 0.783266 0.846374 0.666708 0.945857 0.892114 0.880110 0.762051 0.625745 0.983854 0.799075 0.897327 0.982022 0.920359 0.999860 0.883807 0.758757 0.940551 0.987335 0.868088 0.860208 0.911933 0.882458 0.802921 0.887085 0.818307 0.851732 0.865008 0.730456 0.622918 0.561406 0.904407 0.856005 0.890848 0.942727 0.603434 0.765218 0.818596 0.675762 0.825459 0.741833 0.591866 0.887255 0.888764 0.700109 0.870600 0.946667 0.729672 0.732713 0.673832 0.700087 0.914827 0.959854 0.948632 0.894509 0.850502 0.903542 0.788647 0.907901 0.649366 0.908911 0.608194 0.698970 0.694841 0.584493 0.970686 0.900914 0.794075 0.628571 0.745663 0.705576 0.984991 0.959739 0.978941 0.783164 0.952529 0.935644 0.758520 0.793153 0.914747 0.881308 0.745426 0.980742 0.913637 0.909770 0.899317 0.967340 0.938827 0.950098 0.952385 0.907738 0.885958 0.961794
0.765862 0.934515 0.946273 0.979826 0.683945 0.938718 0.757267 0.722679 0.932013 0.646755 0.700305 0.943723 0.623376 0.552470 0.456290 0.457129 0.744687 0.726828 0.897848 0.949404 0.780966 0.995853 0.359298 0.000000 0.759125 0.869677 0.625856 0.917964 0.925709 0.951261 0.825006 0.618106 0.918409 0.748337 0.985508 0.989580 0.848595 0.954348 0.982495 0.812413 0.929388 0.928837 0.914451 0.907280 0.798958 0.797190 0.816162 0.835366 0.751112 0.983696 0.970937 0.825962 0.801948 0.732446 0.952268 0.928749 0.860530 0.843764 0.539672 0.770422 0.802478 0.766215 0.785616 0.689588 0.646896 0.896427 0.785494 0.732970 0.968676 0.790438 0.831164 0.842955 0.665065 0.686648 0.885901 0.998306 0.936548 0.990835 0.808613 0.894852 0.751365 0.864583 0.747922 0.836948 0.640912 0.595047 0.774350 0.566190 0.956438 0.955588 0.984315 0.823706 0.931404 0.896160 0.994914 0.955766 0.953463 0.791181 0.807432 0.906138 0.819507 0.944224 0.803857 0.815962 0.865828 0.900100 0.957755 0.961338 0.962943 0.926400 0.832195 0.894324 0.950856 0.903213 0.836365 0.958839
0.988593 0.956208 0.725463 0.761680 0.941231 0.856290 0.844694 0.588934 0.989494 0.447152 0.828869 0.693684 0.980439 0.974144 0.769241 0.991906 0.860231 0.868186 0.972632 0.997338 0.785041 0.980172 0.783266 0.759125 0.000000 0.389394 0.703446 0.608275 0.704933 0.644725 0.842218 0.929112 0.943855 0.718782 0.823633 0.850156 0.798693 0.728720 0.836415 0.978254 0.991686 0.871306 0.760443 0.703133 0.854285 0.899566 0.968042 0.984182 0.893757 0.836504 0.781955 0.690656 0.799968 0.717030 0.981379 0.958766 0.777774 0.938402 0.934023 0.866580 0.654975 0.576406 0.756507 0.649255 0.467151 0.989749 0.848283 0.923850 0.868861 0.984946 0.920550 0.969195 0.932277 0.980453 0.821353 0.970689 0.862646 0.907733 0.952471 0.725579 0.894086 0.902436 0.771372 0.932238 0.780336 0.707548 0.817104 0.850476 0.758281 0.865377 0.940115 0.791022 0.859477 0.668497 0.995686 0.806472 0.939946 0.943032 0.820514 0.994542 0.879999 0.833197 0.954507 0.970462 0.846001 0.919533 0.958280 0.763668 0.916209 0.989006 0.912863 0.984880 0.973811 0.742892 0.735699 0.790522
0.941798 0.913837 0.701252 0.698434 0.848594 0.926824 0.911817 0.698565 0.977635 0.542091 0.854916 0.664423 0.945048 0.987009 0.856710 0.931038 0.917421 0.927626 0.948857 0.968336 0.712678 0.915144 0.846374 0.869677 0.389394 0.000000 0.745168 0.632191 0.773655 0.648006 0.697023 0.946442 0.898040 0.798058 0.810705 0.847676 0.804485 0.686577 0.829182 0.960132 0.966377 0.932931 0.724467 0.704314 0.876624 0.958400 0.949995 0.925605 0.929786 0.773387 0.713058 0.640477 0.802204 0.678894 0.953595 0.989866 0.808818 0.892493 0.981697 0.986795 0.758104 0.719733 0.798519 0.737526 0.511625 0.920953 0.744114 0.927311 0.910531 0.925021 0.893819 0.987718 0.895465 0.990267 0.909460 0.963763 0.929556 0.838052 0.949835 0.726422 0.970632 0.944679 0.887835 0.974575 0.877566 0.744289 0.894412 0.930798 0.780088 0.899871 0.871250 0.783826 0.855818 0.645666 0.985011 0.828589 0.953435 0.944634 0.934361 0.942736 0.924414 0.724269 0.975025 0.914187 0.863136 0.901394 0.875244 0.809417 0.945582 0.977376 0.960623 0.928909 0.978039 0.814923 0.806397 0.852693
0.904352 0.914209 0.873437 0.925166 0.803619 0.998184 0.814613 0.691618 0.913613 0.692194 0.839966 0.869918 0.723319 0.648955 0.546880 0.702492 0.836250 0.914693 0.976035 0.960128 0.990503 0.933154 0.666708 0.625856 0.703446 0.745168 0.000000 0.678856 0.998616 0.901302 0.953060 0.921375 0.956952 0.724574 0.945643 0.987063 0.935572 0.988876 0.995209 0.983693 0.972517 0.995346 0.880532 0.912411 0.717380 0.765259 0.952580 0.831162 0.805187 0.935143 0.960686 0.853137 0.879160 0.855399 0.998186 0.888466 0.979398 0.982722 0.822107 0.809021 0.838786 0.758384 0.955574 0.832036 0.682228 0.968106 0.930125 0.701971 0.947242 0.905113 0.991815 0.959865 0.939042 0.908082 0.936610 0.841846 0.912249 0.872339 0.973246 0.940742 0.980966 0.998566 0.696825 0.901047 0.705967 0.663630 0.904997 0.662253 0.863937 0.908608 0.931743 0.965705 0.997885 0.922638 0.927572 0.946730 0.917092 0.855958 0.805325 0.847674 0.769343 0.991976 0.913547 0.980737 0.804003 0.969351 0.863580 0.984047 0.946731 0.975700 0.985047 0.995626 0.957015 0.735964 0.781220 0.943421
0.946751 0.993196 0.905352 0.911857 0.909703 0.897988 0.836473 0.700646 0.977810 0.648484 0.867891 0.805784 0.838987 0.877797 0.800340 0.910915 0.910007 0.891334 0.895890 0.856526 0.760578 0.781334 0.945857 0.917964 0.608275 0.632191 0.678856 0.000000 0.821513 0.784080 0.992001 0.908413 0.961540 0.789629 0.917236 0.980861 0.797819 0.689798 0.869339 0.974360 0.919875 0.970104 0.968182 0.939137 0.733153 0.781605 0.952226 0.980428 0.832171 0.936676 0.966868 0.936334 0.998516 0.973205 0.915613 0.874988 0.815060 0.988248 0.937440 0.807101 0.807246 0.732818 0.906860 0.802428 0.699650 0.991037 0.931431 0.788863 0.768870 0.926042 0.973124 0.897821 0.924321 0.786776 0.916840 0.910501 0.952452 0.974985 0.993231 0.930777 0.978083 0.983113 0.925222 0.972152 0.788793 0.727739 0.973960 0.861623 0.761837 0.886211 0.969196 0.993162 0.938797 0.877523 0.956560 0.823614 0.794882 0.885119 0.802890 0.859518 0.765654 0.949143 0.941005 0.999858 0.876621 0.978607 0.864714 0.762824 0.996678 0.922329 0.991796 0.896409 0.800111 0.871255 0.785097 0.812232
0.743408 0.936375 0.971724 0.907276 0.999660 0.868395 0.768167 0.565111 0.887289 0.643844 0.604177 0.591082 0.891365 0.815124 0.862455 0.955893 0.728715 0.677979 0.770382 0.691214 0.916642 0.695024 0.892114 0.925709 0.704933 0.773655 0.998616 0.821513 0.000000 0.438726 0.878342 0.809916 0.761007 0.529407 0.936003 0.875002 0.807770 0.810567 0.864062 0.790529 0.912896 0.993645 0.931084 0.990385 0.775662 0.757085 0.784408 0.794514 0.837718 0.986261 0.898304 0.851532 0.897183 0.751340 0.857932 0.886815 0.946734 0.948989 0.865199 0.852054 0.616916 0.581288 0.518469 0.574358 0.687650 0.894275 0.848476 0.788337 0.863998 0.918235 0.994970 0.906928 0.937585 0.792028 0.788741 0.901497 0.985153 0.881728 0.893863 0.863827 0.693352 0.721584 0.940481 0.774899 0.947332 0.968383 0.872395 0.977818 0.931117 0.915322 0.938497 0.811574 0.958643 0.765867 0.722046 0.958530 0.974985 0.989715 0.733545 0.862930 0.750275 0.815873 0.754742 0.807162 0.914797 0.975355 0.805854 0.724755 0.963386 0.856646 0.732501 0.763483 0.788977 0.880476 0.874036 0.820125
0.807096 0.890348 0.753495 0.911185 0.986327 0.808477 0.890177 0.559538 0.906996 0.593590 0.617744 0.518429 0.931429 0.773640 0.823672 0.871507 0.751083 0.659257 0.820748 0.754639 0.778433 0.771718 0.880110 0.951261 0.644725 0.648006 0.901302 0.784080 0.438726 0.000000 0.893907 0.824552 0.776387 0.527935 0.955457 0.919245 0.809815 0.842346 0.910705 0.948051 0.923841 0.968824 0.934911 0.979488 0.711315 0.709516 0.813718 0.788114 0.709719 0.963006 0.952874 0.851346 0.888397 0.721962 0.814452 0.852492 0.922199 0.965559 0.860344 0.787712 0.696878 0.554880 0.547223 0.545089 0.503147 0.910023 0.978208 0.751680 0.821604 0.913383 0.997629 0.926363 0.896477 0.799648 0.931766 0.926532 0.913140 0.902104 0.972021 0.956923 0.725377 0.733296 0.874496 0.804929 0.964820 0.922704 0.929375 0.950702 0.879506 0.946152 0.946587 0.741816 0.862691 0.662605 0.763049 0.903412 0.986912 0.944012 0.778394 0.866235 0.748482 0.890735 0.820598 0.854055 0.976368 0.963072 0.781560 0.798328 0.935111 0.904873 0.854556 0.849518 0.842439 0.929512 0.889710 0.851120
0.931455 0.957580 0.896919 0.846743 0.874457 0.951429 0.912968 0.990979 0.967818 0.928932 0.988299 0.808179 0.852760 0.973111 0.955876 0.965016 0.959491 0.980391 0.858232 0.815917 0.987462 0.931799 0.762051 0.825006 0.842218 0.697023 0.953060 0.992001 0.878342 0.893907 0.000000 0.577814 0.776401 0.919237 0.906799 0.799408 0.962674 0.718474 0.910102 0.804269 0.978011 0.967193 0.864060 0.832722 0.832296 0.806214 0.964136 0.850736 0.911582 0.675413 0.650183 0.584718 0.640751 0.560645 0.749204 0.861435 0.952157 0.944864 0.991628 0.809569 0.974339 0.965815 0.977029 0.989659 0.913954 0.967841 0.800796 0.711434 0.905978 0.914849 0.688416 0.831766 0.688696 0.674517 0.830070 0.744128 0.983241 0.859275 0.794660 0.815058 0.966722 0.970166 0.939647 0.924627 0.978289 0.979349 0.973567 0.989340 0.763345 0.885832 0.727705 0.752193 0.811466 0.719935 0.966377 0.936368 0.941827 0.913218 0.773613 0.725198 0.893144 0.849639 0.903829 0.827332 0.832589 0.928432 0.824555 0.822101 0.996906 0.979078 0.850961 0.896448 0.805031 0.988956 0.922239 0.918484
0.976138 0.963139 0.978282 0.943959 0.952284 0.994229 0.991543 0.977392 0.899344 0.914114 0.929326 0.936283 0.980193 0.765118 0.882082 0.778735 0.940903 0.966777 0.680765 0.850148 0.852601 0.709983 0.625745 0.618106 0.929112 0.946442 0.921375 0.908413 0.809916 0.824552 0.577814 0.000000 0.881940 0.981212 0.933074 0.737088 0.788491 0.986521 0.823383 0.675929 0.904345 0.955982 0.869668 0.893283 0.776858 0.829278 0.990930 0.813664 0.873249 0.738345 0.825079 0.773341 0.655862 0.715342 0.930968 0.873211 0.952186 0.913824 0.792304 0.992316 0.895456 0.890308 0.993146 0.930782 0.991316 0.942406 0.890791 0.908181 0.921528 0.906255 0.657867 0.778934 0.675637 0.601716 0.949846 0.896496 0.876799 0.848509 0.972577 0.746815 0.898788 0.965373 0.834370 0.823340 0.879901 0.976670 0.860434 0.799623 0.746637 0.914442 0.825767 0.796822 0.858088 0.834930 0.887174 0.955289 0.901526 0.813462 0.870578 0.744006 0.902886 0.933042 0.956952 0.971023 0.881440 0.973131 0.985592 0.979891 0.871294 0.950167 0.810060 0.955372 0.790338 0.948193 0.915323 0.950681
0.493931 0.612292 0.668586 0.576625 0.841093 0.920272 0.555394 0.639201 0.862615 0.774917 0.602701 0.839249 0.969578 0.945621 0.835923 0.911927 0.614714 0.539691 0.646493 0.587477 0.798445 0.942463 0.983854 0.918409 0.943855 0.898040 0.956952 0.961540 0.761007 0.776387 0.776401 0.881940 0.000000 0.575859 0.800973 0.936581 0.759942 0.792625 0.945551 0.988153 0.765704 0.741742 0.735292 0.682833 0.668878 0.595998 0.679035 0.642248 0.747113 0.714990 0.789740 0.819417 0.836962 0.913316 0.819639 0.791923 0.549080 0.725846 0.641036 0.681800 0.632721 0.746224 0.644493 0.657273 0.961673 0.857760 0.532352 0.634404 0.730729 0.714253 0.899364 0.982195 0.879046 0.851034 0.950068 0.949132 0.803027 0.737264 0.675119 0.988874 0.571858 0.594276 0.833387 0.718976 0.767453 0.901619 0.894758 0.947181 0.974626 0.741141 0.572314 0.790873 0.689610 0.797261 0.893242 0.689833 0.622564 0.834095 0.618010 0.632209 0.820538 0.946577 0.592293 0.620520 0.789325 0.739645 0.922761 0.778521 0.873302 0.734837 0.832554 0.621980 0.659838 0.840208 0.953731 0.926892
0.526160 0.738409 0.888161 0.748545 0.901117 0.960554 0.525316 0.377239 0.989112 0.506037 0.413709 0.519149 0.957903 0.987288 0.685577 0.856923 0.564194 0.500548 0.631758 0.665843 0.976493 0.778615 0.799075 0.748337 0.718782 0.798058 0.724574 0.789629 0.529407 0.527935 0.919237 0.981212 0.575859 0.000000 0.842909 0.932039 0.989385 0.962237 0.961363 0.936050 0.771561 0.861910 0.796257 0.847521 0.598097 0.550827 0.786024 0.652878 0.690435 0.939348 0.933515 0.845487 0.857680 0.757690 0.703645 0.781769 0.751498 0.899667 0.694096 0.744352 0.432766 0.472068 0.407737 0.397541 0.726189 0.874727 0.702155 0.643071 0.928364 0.749729 0.951719 0.872881 0.998367 0.969144 0.918069 0.939752 0.964824 0.763080 0.880112 0.865514 0.523087 0.555610 0.943105 0.678785 0.897371 0.971409 0.891228 0.838632 0.940325 0.796462 0.733266 0.957089 0.826661 0.873961 0.713573 0.910597 0.864360 0.856829 0.574492 0.635662 0.746588 0.937997 0.562681 0.674741 0.976848 0.794323 0.839546 0.999351 0.887262 0.841204 0.757627 0.637870 0.742150 0.768356 0.826352 0.772728
0.746923 0.840975 0.618375 0.663520 0.985248 0.852054 0.763208 0.934512 0.801160 0.992738 0.798412 0.962726 0.836200 0.926468 0.962390 0.876733 0.796352 0.809617 0.754880 0.807315 0.834024 0.950034 0.897327 0.985508 0.823633 0.810705 0.945643 0.917236 0.936003 0.955457 0.906799 0.933074 0.800973 0.842909 0.000000 0.958426 0.936723 0.940442 0.920099 0.864697 0.652629 0.785921 0.883340 0.857360 0.852022 0.824587 0.943362 0.875039 0.908451 0.856039 0.860974 0.868870 0.921783 0.849876 0.969610 0.804111 0.800384 0.873739 0.909761 0.995140 0.836759 0.965955 0.782074 0.839339 0.679286 0.970710 0.703374 0.941767 0.786194 0.841311 0.956440 0.928430 0.947992 0.993113 0.958355 0.839383 0.982824 0.893686 0.900429 0.961084 0.757611 0.853528 0.861284 0.830423 0.749614 0.766983 0.917197 0.946057 0.998802 0.810316 0.810867 0.823717 0.720737 0.801176 0.856245 0.867090 0.909646 0.889993 0.797738 0.755439 0.925113 0.880170 0.789358 0.871004 0.850910 0.727829 0.913129 0.778129 0.955329 0.894026 0.944396 0.890206 0.984133 0.928867 0.906194 0.964217
0.975283 0.917575 0.984412 0.964091 0.932241 0.938132 0.984985 0.980557 0.810159 0.929685 0.957519 0.968344 0.901615 0.989754 0.948512 0.991221 0.988979 0.914119 0.917109 0.974167 0.948392 0.922061 0.982022 0.989580 0.850156 0.847676 0.987063 0.980861 0.875002 0.919245 0.799408 0.737088 0.936581 0.932039 0.958426 0.000000 0.928882 0.917840 0.922600 0.837021 0.896214 0.972169 0.720916 0.781274 0.759017 0.787003 0.923377 0.740119 0.807479 0.801485 0.877775 0.889193 0.845430 0.850953 0.968592 0.962548 0.933309 0.959291 0.979079 0.979910 0.907653 0.910462 0.985425 0.977344 0.981217 0.901889 0.923256 0.807375 0.907921 0.956699 0.920047 0.958728 0.937460 0.957358 0.965190 0.879528 0.949195 0.856294 0.892276 0.882621 0.984441 0.958683 0.925110 0.990843 0.978634 0.885430 0.897325 0.973677 0.815829 0.962370 0.895904 0.929768 0.910185 0.916968 0.813779 0.995602 0.958379 0.900353 0.871539 0.837606 0.844566 0.960936 0.871633 0.917614 0.941420 0.997040 0.959413 0.940761 0.964805 0.989586 0.947042 0.936476 0.837745 0.971968 0.938673 0.982333
0.669033 0.729965 0.769473 0.839188 0.925762 0.946009 0.919519 0.919775 0.932316 0.896362 0.905654 0.870251 0.871572 0.747046 0.966348 0.877210 0.800139 0.708141 0.959542 0.795566 0.811103 0.830776 0.920359 0.848595 0.798693 0.804485 0.935572 0.797819 0.807770 0.809815 0.962674 0.788491 0.759942 0.989385 0.936723 0.928882 0.000000 0.590437 0.909118 0.789692 0.802792 0.702475 0.894714 0.919351 0.987556 0.991932 0.852452 0.865528 0.858780 0.743501 0.716296 0.690991 0.776322 0.858706 0.763424 0.759826 0.569722 0.528659 0.627361 0.743895 0.942374 0.880904 0.981905 0.912615 0.867288 0.864620 0.808778 0.981818 0.580697 0.697805 0.975092 0.864302 0.946991 0.813343 0.917155 0.815794 0.944220 0.851261 0.772972 0.894583 0.762239 0.765070 0.837235 0.722591 0.768435 0.982572 0.946693 0.904989 0.830904 0.621356 0.852213 0.878509 0.852334 0.838668 0.946675 0.834704 0.726755 0.863168 0.859574 0.935747 0.949563 0.883863 0.675609 0.823605 0.751495 0.719436 0.891355 0.743289 0.938143 0.757800 0.903111 0.925134 0.943683 0.986079 0.751828 0.802143
0.760546 0.770211 0.856075 0.950431 0.721155 0.947403 0.975377 0.792112 0.933411 0.745862 0.925385 0.738113 0.875831 0.864988 0.969446 0.920002 0.965937 0.880836 0.998958 0.876469 0.814952 0.796595 0.999860 0.954348 0.728720 0.686577 0.988876 0.689798 0.810567 0.842346 0.718474 0.986521 0.792625 0.962237 0.940442 0.917840 0.590437 0.000000 0.904371 0.862476 0.839742 0.777070 0.851056 0.860624 0.950448 0.958954 0.857800 0.832483 0.857940 0.688163 0.622055 0.617926 0.744358 0.723934 0.920561 0.891389 0.603252 0.676583 0.752683 0.792258 0.816980 0.797594 0.887533 0.910798 0.854551 0.909862 0.858433 0.961246 0.708627 0.910670 0.884095 0.839017 0.998870 0.937463 0.773440 0.944333 0.878334 0.846688 0.848397 0.807002 0.911766 0.906683 0.921630 0.868752 0.891134 0.962100 0.909463 0.991892 0.833640 0.795999 0.961252 0.853115 0.857062 0.797851 0.985976 0.830391 0.789136 0.879010 0.945297 0.917479 0.898413 0.888838 0.914955 0.834483 0.806722 0.749072 0.784130 0.652664 0.943712 0.751419 0.999819 0.963118 0.945787 0.947859 0.747648 0.880185
