0.000000 0.156368 0.635632 0.543890 0.909091 0.711624 0.549528 0.404540 0.655242 0.890478 0.324394 0.221826 0.303421 0.332544 0.534830 0.613090 0.221063 0.214118 0.236802 0.186547 0.643185 0.857890 0.690220 0.586767 0.709282 0.921484 0.610131 0.827514 0.277451 0.283515 0.796165 0.640738 0.314484 0.334531 0.920135 0.954249 0.718458 0.598144 0.992291 0.699368 0.558986 0.668944 0.995101 0.775516 0.921595 0.838744 0.552635 0.646075 0.725738 0.615560 0.702757 0.669379 0.934050 0.770942 0.345356 0.465765 0.160924 0.158312 0.366039 0.306542 0.261580 0.301000 0.209591 0.190264 0.470489 0.429211 0.770350 0.735843 0.281907 0.322917 0.768043 0.587512 0.886950 0.979569 0.759429 0.939468 0.835800 0.935271 0.454758 0.437151 0.228068 0.260157 0.367024 0.285319 0.214408 0.265749 0.871715 0.601975 0.406732 0.269038 0.409710 0.438090 0.371670 0.377340 0.945464 0.946661 0.977340 0.843633 0.840991 0.917120 0.753605 0.762272 0.979450 0.789335 0.902405 0.895706 0.909598 0.887298 0.759756 0.848265 0.823075 0.939439 0.863602 0.986539 0.760867 0.579741
0.156368 0.000000 0.551319 0.472034 0.884909 0.697953 0.540232 0.392941 0.614239 0.827742 0.393059 0.249791 0.361404 0.385449 0.564330 0.605897 0.208216 0.205192 0.247530 0.218546 0.620286 0.891432 0.638612 0.538226 0.628061 0.851882 0.542922 0.880978 0.318803 0.279121 0.710374 0.589633 0.297132 0.305672 0.835860 0.940097 0.619968 0.524714 0.880504 0.692685 0.565306 0.670780 0.915688 0.702413 0.968366 0.799004 0.476039 0.577494 0.729340 0.574925 0.664454 0.610130 0.863194 0.843018 0.320887 0.415640 0.139691 0.144055 0.347748 0.295306 0.295344 0.315635 0.251982 0.203381 0.422388 0.372153 0.679713 0.655034 0.282976 0.280176 0.806625 0.601432 0.870887 0.977364 0.740203 0.900015 0.906473 0.953663 0.413166 0.382896 0.211373 0.276282 0.329367 0.247926 0.226909 0.242568 0.818567 0.581852 0.458813 0.260121 0.358740 0.384332 0.341883 0.335183 0.977537 0.989621 0.990879 0.884266 0.807114 0.932357 0.691423 0.703158 0.984284 0.862036 0.841334 0.846981 0.866188 0.882733 0.799011 0.798141 0.779330 0.957523 0.894648 0.991087 0.722901 0.611306
0.635632 0.551319 0.000000 0.276506 0.941868 0.915792 0.534010 0.610390 0.941758 0.715282 0.874130 0.745772 0.766399 0.717875 0.692894 0.527237 0.583203 0.591894 0.504101 0.596500 0.517012 0.974781 0.371707 0.333115 0.294960 0.359137 0.455328 0.943092 0.780433 0.656401 0.473034 0.542260 0.461508 0.591648 0.485474 0.644212 0.520550 0.574596 0.621374 0.840942 0.775120 0.767940 0.823641 0.720731 0.888193 0.941189 0.596731 0.626767 0.861351 0.875825 0.875072 0.806374 0.796444 0.966668 0.593401 0.710301 0.531012 0.544320 0.675485 0.655542 0.642976 0.688922 0.737819 0.692100 0.294630 0.339327 0.391931 0.522903 0.635259 0.612100 0.809616 0.963023 0.725752 0.808378 0.624749 0.898305 0.822068 0.740204 0.655512 0.730171 0.692754 0.704764 0.476623 0.599827 0.499386 0.398618 0.777635 0.636720 0.790906 0.588221 0.648148 0.596594 0.718482 0.702461 0.977821 0.905231 0.979078 0.945380 0.844863 0.994846 0.823850 0.836650 0.931811 0.973606 0.645186 0.699106 0.800528 0.950093 0.877744 0.782142 0.808860 0.997319 0.979131 0.953243 0.542051 0.954091
0.543890 0.472034 0.276506 0.000000 0.952310 0.993197 0.363494 0.329958 0.954299 0.992867 0.890272 0.614493 0.647070 0.560541 0.645317 0.401258 0.564418 0.578715 0.440557 0.578256 0.541616 0.997058 0.234500 0.275075 0.437294 0.466006 0.526662 0.994392 0.724421 0.608245 0.306794 0.402566 0.335089 0.486508 0.509936 0.694382 0.535550 0.572098 0.772317 0.834676 0.808389 0.773437 0.641382 0.552927 0.922025 0.834857 0.504411 0.504398 0.899737 0.613197 0.577410 0.514761 0.563798 0.731477 0.518188 0.637130 0.454240 0.467877 0.489749 0.411014 0.518832 0.457210 0.611183 0.523551 0.386424 0.288898 0.335997 0.386872 0.692141 0.495433 0.636954 0.933321 0.585993 0.727696 0.602932 0.812410 0.743306 0.678368 0.472729 0.571937 0.624666 0.721016 0.483561 0.600444 0.461853 0.330105 0.880718 0.665964 0.665591 0.472872 0.742773 0.685438 0.754774 0.690558 0.822668 0.851809 0.875582 0.906377 0.971306 0.847938 0.898861 0.976835 0.992157 0.908459 0.583707 0.560346 0.695031 0.854214 0.949762 0.699793 0.744274 0.832313 0.859909 0.895189 0.460804 0.997864
0.909091 0.884909 0.941868 0.952310 0.000000 0.653832 0.826122 0.795547 0.516957 0.566429 0.882922 0.938364 0.844462 0.803409 0.650666 0.650509 0.929265 0.924330 0.997863 0.946360 0.876023 0.866300 0.734502 0.791082 0.839970 0.968652 0.941087 0.921656 0.926799 0.955398 0.752969 0.781213 0.913337 0.971473 0.993767 0.938567 0.828630 0.831619 0.812141 0.961053 0.768180 0.903501 0.903317 0.994078 0.835426 0.924305 0.921291 0.976674 0.939575 0.959955 0.811074 0.821444 0.754130 0.642318 0.986029 0.891574 0.881149 0.920671 0.946762 0.955173 0.864201 0.771150 0.943021 0.964755 0.902282 0.928109 0.954305 0.979434 0.766047 0.879166 0.732172 0.717825 0.715536 0.621583 0.888775 0.848988 0.818556 0.912501 0.978634 0.929708 0.985749 0.955355 0.983843 0.817441 0.991073 0.984117 0.897702 0.890014 0.926542 0.905116 0.704581 0.750502 0.712996 0.719698 0.777689 0.939295 0.948718 0.979323 0.738831 0.878915 0.709763 0.693388 0.834518 0.843792 0.830740 0.838902 0.951682 0.885086 0.983595 0.994594 0.982644 0.920173 0.760645 0.857819 0.918791 0.887128
0.711624 0.697953 0.915792 0.993197 0.653832 0.000000 0.887736 0.959873 0.493767 0.620861 0.644434 0.774487 0.892700 0.915908 0.962822 0.874210 0.723213 0.720430 0.844935 0.743137 0.913301 0.795905 0.783718 0.896990 0.958447 0.826449 0.799363 0.901432 0.790578 0.739219 0.747770 0.912385 0.872915 0.908201 0.935063 0.936544 0.973004 0.944919 0.956932 0.891402 0.738951 0.971390 0.780985 0.863662 0.713156 0.881718 0.998658 0.945852 0.954811 0.906807 0.855991 0.850078 0.756961 0.569191 0.932879 0.969650 0.698697 0.720544 0.873627 0.836971 0.830602 0.908170 0.834668 0.822410 0.731902 0.879300 0.922946 0.872419 0.629093 0.788520 0.613947 0.595104 0.621730 0.552673 0.901006 0.909544 0.673577 0.740783 0.858057 0.997588 0.831968 0.786718 0.789559 0.679989 0.805204 0.836620 0.933060 0.771187 0.909457 0.866338 0.489385 0.597712 0.560155 0.650442 0.691570 0.851643 0.834486 0.854162 0.645937 0.696083 0.713635 0.722281 0.771105 0.843881 0.787497 0.750021 0.891578 0.741146 0.741705 0.962246 0.784922 0.805850 0.700254 0.868602 0.775343 0.762597
0.549528 0.540232 0.534010 0.363494 0.826122 0.887736 0.000000 0.248197 0.922599 0.627564 0.921382 0.657331 0.592877 0.550690 0.672213 0.545843 0.628125 0.641686 0.423409 0.640655 0.672144 0.914581 0.358029 0.519043 0.811862 0.716472 0.794835 0.991290 0.627147 0.696313 0.296842 0.380479 0.325962 0.348676 0.640150 0.891877 0.729566 0.762060 0.932564 0.850561 0.917159 0.658787 0.510102 0.396355 0.581280 0.487272 0.428579 0.405023 0.512946 0.380414 0.328634 0.307842 0.406390 0.574638 0.465706 0.515008 0.499789 0.524357 0.288925 0.318862 0.433282 0.431494 0.437144 0.454096 0.757389 0.588235 0.339859 0.341722 0.843601 0.483847 0.653168 0.951588 0.465564 0.565172 0.680450 0.677156 0.565269 0.606519 0.417347 0.601535 0.588898 0.757916 0.603110 0.764554 0.542452 0.489595 0.797850 0.898005 0.644152 0.508390 0.980291 0.991193 0.967463 0.912311 0.649606 0.702496 0.676293 0.774289 0.550166 0.493602 0.834636 0.701327 0.638262 0.534535 0.524870 0.442165 0.599597 0.764392 0.912497 0.773536 0.649177 0.554424 0.594301 0.577139 0.433922 0.996067
0.404540 0.392941 0.610390 0.329958 0.795547 0.959873 0.248197 0.000000 0.888014 0.643731 0.733277 0.423418 0.418618 0.373687 0.538524 0.401743 0.496953 0.499682 0.378278 0.496976 0.697958 0.958502 0.361136 0.428587 0.846275 0.839602 0.823615 0.987237 0.492858 0.505557 0.367480 0.427542 0.286197 0.335964 0.716731 0.954641 0.753611 0.716984 0.939159 0.809962 0.806794 0.729468 0.588307 0.465804 0.689661 0.547733 0.465032 0.476113 0.527000 0.387371 0.327463 0.304843 0.456084 0.625642 0.426229 0.519948 0.386832 0.384917 0.311750 0.249420 0.309489 0.214408 0.343273 0.292770 0.679092 0.444005 0.490787 0.415410 0.716691 0.408957 0.741967 0.966936 0.507682 0.639537 0.664819 0.707108 0.702606 0.771848 0.359097 0.495563 0.446280 0.622086 0.550582 0.629298 0.438845 0.374340 0.936109 0.768066 0.562635 0.408481 0.849815 0.817404 0.807265 0.698273 0.719881 0.799439 0.822401 0.929000 0.703518 0.664483 0.917221 0.856249 0.813655 0.701253 0.622084 0.577997 0.689228 0.867996 0.924424 0.754322 0.732740 0.639527 0.725992 0.770388 0.537361 0.890188
0.655242 0.614239 0.941758 0.954299 0.516957 0.493767 0.922599 0.888014 0.000000 0.585389 0.647361 0.772216 0.924472 0.937212 0.963257 0.769744 0.611149 0.608450 0.753908 0.670728 0.914747 0.808134 0.746978 0.878023 0.796309 0.991241 0.765323 0.921268 0.727927 0.724189 0.757195 0.970680 0.802109 0.739497 0.949727 0.998059 0.741466 0.788054 0.856805 0.814424 0.713637 0.911688 0.940561 0.915209 0.931569 0.926849 0.748816 0.828409 0.870071 0.845427 0.960513 0.986744 0.873736 0.635383 0.744891 0.610644 0.603321 0.650982 0.724056 0.768673 0.918091 0.987366 0.769444 0.774700 0.796393 0.936872 0.986898 0.990033 0.540758 0.747035 0.612835 0.504633 0.707116 0.628174 0.949091 0.990250 0.734552 0.793155 0.823496 0.777750 0.650632 0.593872 0.679125 0.477830 0.700781 0.785178 0.873555 0.730229 0.728413 0.684299 0.461026 0.613315 0.458020 0.586817 0.800525 0.950694 0.944946 0.969151 0.712414 0.907744 0.657486 0.682004 0.939515 0.990634 0.864028 0.965178 0.959749 0.880750 0.772646 0.961813 0.837041 0.959523 0.828153 0.993540 0.935549 0.746898
0.890478 0.827742 0.715282 0.992867 0.566429 0.620861 0.627564 0.643731 0.585389 0.000000 0.759516 0.958194 0.916234 0.879644 0.961611 0.856732 0.798705 0.798893 0.961279 0.796317 0.806957 0.834373 0.850058 0.950463 0.535332 0.780494 0.631720 0.830609 0.973239 0.857165 0.720953 0.812430 0.921094 0.891591 0.917154 0.794277 0.751285 0.675050 0.630124 0.978753 0.718902 0.984127 0.614325 0.689423 0.450782 0.500668 0.902436 0.810901 0.491002 0.591541 0.459471 0.516703 0.514018 0.428319 0.984182 0.975962 0.851472 0.841395 0.771738 0.788711 0.903908 0.795071 0.873088 0.939607 0.543180 0.789874 0.872256 0.776814 0.581310 0.952425 0.627985 0.646437 0.670139 0.599829 0.989257 0.775303 0.579971 0.771373 0.867335 0.990471 0.905073 0.757136 0.762865 0.620468 0.823991 0.828974 0.603347 0.679215 0.987423 0.923190 0.480341 0.482404 0.585180 0.668097 0.589021 0.835603 0.744278 0.716983 0.333672 0.471793 0.510632 0.456728 0.655713 0.634629 0.814087 0.727903 0.812888 0.680735 0.868820 0.971447 0.901885 0.545244 0.495709 0.672089 0.803505 0.810847
0.324394 0.393059 0.874130 0.890272 0.882922 0.644434 0.921382 0.733277 0.647361 0.759516 0.000000 0.279363 0.293634 0.362894 0.452622 0.712705 0.292768 0.259745 0.471415 0.279029 0.789831 0.813809 0.964933 0.808878 0.891915 0.861891 0.720020 0.737803 0.285511 0.290264 0.842641 0.956391 0.636400 0.546334 0.819698 0.844267 0.915709 0.813176 0.934655 0.761655 0.495387 0.889983 0.635544 0.820540 0.653560 0.845929 0.931771 0.950227 0.981371 0.991923 0.895725 0.932473 0.729077 0.520378 0.573498 0.699041 0.399938 0.362350 0.767460 0.708007 0.349417 0.477445 0.362620 0.369430 0.558815 0.587709 0.820326 0.870764 0.399364 0.621622 0.487771 0.551573 0.859104 0.782770 0.775627 0.896762 0.592007 0.678433 0.713571 0.666990 0.396156 0.322349 0.538468 0.412656 0.402239 0.511416 0.719654 0.712530 0.613320 0.579016 0.408667 0.418533 0.361096 0.444137 0.728854 0.952648 0.723101 0.554836 0.597253 0.631628 0.661535 0.695589 0.833870 0.986115 0.734185 0.785278 0.756938 0.661859 0.671698 0.905181 0.941689 0.800557 0.599581 0.754195 0.978477 0.525901
0.221826 0.249791 0.745772 0.614493 0.938364 0.774487 0.657331 0.423418 0.772216 0.958194 0.279363 0.000000 0.204082 0.210564 0.353744 0.452579 0.219569 0.206301 0.306325 0.227368 0.686444 0.798354 0.684496 0.545174 0.783453 0.987313 0.663766 0.851121 0.258052 0.207257 0.824428 0.672005 0.394985 0.381306 0.919429 0.920348 0.799095 0.714470 0.995080 0.770408 0.584106 0.812282 0.906484 0.900497 0.862641 0.924047 0.685134 0.767545 0.835681 0.717595 0.771305 0.729526 0.951714 0.832309 0.385387 0.557828 0.259818 0.217728 0.529936 0.447285 0.222878 0.233679 0.228010 0.182988 0.494788 0.382966 0.925359 0.837787 0.356856 0.413133 0.740726 0.710344 0.884001 0.969736 0.707788 0.977025 0.833852 0.836196 0.507972 0.432378 0.246933 0.254456 0.365067 0.323412 0.254282 0.295210 0.753676 0.575539 0.434196 0.384976 0.450874 0.445531 0.397057 0.395531 0.892751 0.987954 0.808689 0.684499 0.772127 0.831320 0.723067 0.823130 0.963504 0.898377 0.978271 0.992367 0.996414 0.766587 0.690129 0.919709 0.874973 0.986901 0.761043 0.841917 0.813206 0.598513
0.303421 0.361404 0.766399 0.647070 0.844462 0.892700 0.592877 0.418618 0.924472 0.916234 0.293634 0.204082 0.000000 0.189085 0.264414 0.424081 0.281418 0.272931 0.317208 0.301070 0.735143 0.898661 0.656710 0.577888 0.878826 0.985175 0.731080 0.853249 0.250741 0.270543 0.776731 0.611286 0.418501 0.365809 0.973942 0.896045 0.870177 0.794881 0.844265 0.773122 0.600079 0.848872 0.935826 0.898726 0.909795 0.920888 0.721187 0.826570 0.848643 0.740696 0.775730 0.733210 0.927379 0.904357 0.416011 0.600380 0.369477 0.323621 0.601406 0.523772 0.177581 0.253398 0.221858 0.230185 0.558303 0.421215 0.937404 0.858710 0.513883 0.500869 0.787858 0.810329 0.764053 0.853357 0.639305 0.968306 0.884382 0.918100 0.543240 0.514786 0.316121 0.326993 0.431517 0.457465 0.307015 0.360940 0.831483 0.685343 0.514464 0.491962 0.618789 0.585406 0.532690 0.535992 0.930614 0.997332 0.867341 0.713428 0.888866 0.932563 0.878653 0.993769 0.984995 0.810232 0.978466 0.941379 0.981289 0.823525 0.691594 0.991023 0.899893 0.980200 0.826119 0.872099 0.764299 0.590401
0.332544 0.385449 0.717875 0.560541 0.803409 0.915908 0.550690 0.373687 0.937212 0.879644 0.362894 0.210564 0.189085 0.000000 0.253107 0.313511 0.289981 0.277209 0.302001 0.311437 0.679469 0.815604 0.541428 0.444510 0.813649 0.920355 0.716365 0.829793 0.297113 0.274174 0.699625 0.567870 0.397172 0.373493 0.894905 0.887874 0.871357 0.822526 0.916149 0.819369 0.691488 0.833409 0.992230 0.857175 0.951410 0.887033 0.684050 0.738317 0.820618 0.694244 0.704105 0.672754 0.809961 0.999634 0.399157 0.589177 0.370299 0.322324 0.574152 0.498561 0.219312 0.225773 0.261775 0.236712 0.553529 0.370231 0.854293 0.785514 0.553581 0.532151 0.899106 0.858330 0.712979 0.746431 0.607311 0.900707 0.929126 0.917505 0.516777 0.499547 0.339135 0.332453 0.416689 0.447173 0.298572 0.325582 0.805470 0.590341 0.514877 0.456479 0.637962 0.615885 0.558963 0.572475 0.986175 0.965615 0.840566 0.756279 0.933054 0.991469 0.899013 0.986075 0.940277 0.789488 0.926174 0.851714 0.979002 0.858187 0.678738 0.974795 0.806705 0.947391 0.898249 0.926320 0.703180 0.683692
0.534830 0.564330 0.692894 0.645317 0.650666 0.962822 0.672213 0.538524 0.963257 0.961611 0.452622 0.353744 0.264414 0.253107 0.000000 0.324489 0.404485 0.393539 0.480052 0.455905 0.665686 0.826630 0.564954 0.474387 0.812177 0.872731 0.783776 0.845320 0.382100 0.352983 0.746810 0.656461 0.542269 0.504567 0.885558 0.962109 0.918370 0.939929 0.934444 0.929905 0.792568 0.961773 0.974722 0.931493 0.910455 0.997620 0.818726 0.859897 0.993033 0.862522 0.845188 0.816877 0.861957 0.964284 0.527917 0.731363 0.558544 0.506767 0.799928 0.732952 0.314665 0.376793 0.431735 0.431246 0.530785 0.389183 0.906685 0.876255 0.703680 0.703966 0.887629 0.931806 0.679296 0.716406 0.577893 0.927579 0.963514 0.991690 0.612746 0.626147 0.470196 0.448626 0.482531 0.573043 0.415026 0.459053 0.801522 0.668321 0.680243 0.662374 0.747928 0.687788 0.660137 0.723805 0.982123 0.990789 0.754498 0.701806 0.883705 0.964564 0.871654 0.958683 0.963379 0.872242 0.953521 0.941759 0.994261 0.798375 0.661754 0.919580 0.871625 0.953999 0.872171 0.862586 0.796864 0.760203
0.613090 0.605897 0.527237 0.401258 0.650509 0.874210 0.545843 0.401743 0.769744 0.856732 0.712705 0.452579 0.424081 0.313511 0.324489 0.000000 0.509076 0.509572 0.502240 0.578287 0.589826 0.883591 0.310323 0.278405 0.623671 0.622680 0.665778 0.934475 0.555873 0.438998 0.447783 0.487784 0.463608 0.517680 0.668034 0.866375 0.801135 0.779606 0.933097 0.857489 0.871959 0.932227 0.851625 0.784152 0.986916 0.931785 0.723118 0.705136 0.964718 0.745542 0.686474 0.636706 0.630570 0.723699 0.508493 0.714687 0.574900 0.530018 0.716490 0.641541 0.408961 0.335651 0.533274 0.467068 0.497152 0.286711 0.652702 0.602450 0.794208 0.658359 0.774962 0.866979 0.577022 0.603196 0.521517 0.776487 0.826074 0.865537 0.589310 0.579065 0.580605 0.606671 0.485539 0.637160 0.479013 0.406233 0.737227 0.664096 0.693282 0.612897 0.814711 0.717767 0.774888 0.721480 0.872612 0.929996 0.832864 0.789082 0.975749 0.942073 0.920377 0.973978 0.988945 0.911415 0.767053 0.795081 0.851246 0.953931 0.830919 0.937301 0.836546 0.929509 0.998418 0.954597 0.586638 0.906071
0.221063 0.208216 0.583203 0.564418 0.929265 0.723213 0.628125 0.496953 0.611149 0.798705 0.292768 0.219569 0.281418 0.289981 0.404485 0.509076 0.000000 0.149893 0.256170 0.229579 0.587889 0.823640 0.662913 0.513355 0.600821 0.819850 0.557821 0.817965 0.233200 0.201569 0.770540 0.622031 0.340391 0.313862 0.848115 0.986797 0.708136 0.646717 0.914066 0.685335 0.536807 0.730165 0.989695 0.785421 0.939949 0.859037 0.525460 0.627562 0.805080 0.647608 0.764438 0.704163 0.900733 0.827508 0.299857 0.393100 0.196531 0.183328 0.473971 0.445284 0.277786 0.345927 0.253337 0.222632 0.398683 0.343666 0.755675 0.707968 0.323224 0.393138 0.738655 0.599371 0.873799 0.984432 0.681560 0.905277 0.885346 0.950393 0.470081 0.380372 0.201005 0.210935 0.284337 0.225242 0.215016 0.257075 0.727495 0.559599 0.477131 0.333898 0.374686 0.393018 0.321504 0.388831 0.929464 0.989498 0.912504 0.761330 0.760082 0.894910 0.674745 0.739200 0.946801 0.845472 0.916590 0.880458 0.981835 0.815449 0.641439 0.874272 0.789243 0.999026 0.823175 0.916716 0.723786 0.578800
0.214118 0.205192 0.591894 0.578715 0.924330 0.720430 0.641686 0.499682 0.608450 0.798893 0.259745 0.206301 0.272931 0.277209 0.393539 0.509572 0.149893 0.000000 0.259131 0.207710 0.590054 0.796674 0.691703 0.520044 0.632946 0.832885 0.567998 0.766774 0.230701 0.192820 0.802714 0.637414 0.363689 0.327794 0.882215 0.995312 0.726516 0.641638 0.912035 0.721063 0.561070 0.753973 0.962358 0.832088 0.886833 0.904556 0.582824 0.670465 0.847160 0.690587 0.801090 0.738142 0.940747 0.786053 0.298414 0.453048 0.196760 0.180053 0.502228 0.467311 0.265734 0.328041 0.250586 0.218285 0.387393 0.333009 0.799467 0.768491 0.326212 0.397159 0.709929 0.589856 0.919014 0.994215 0.712149 0.913810 0.844629 0.885940 0.461619 0.413396 0.206548 0.205504 0.290613 0.233726 0.218778 0.258541 0.679735 0.567224 0.500152 0.342607 0.358242 0.363592 0.313684 0.366637 0.947074 0.961389 0.839733 0.739339 0.726901 0.871999 0.661307 0.715191 0.986404 0.902561 0.941225 0.934419 0.976177 0.788173 0.675895 0.941677 0.818992 0.937903 0.786763 0.933529 0.750674 0.555606
0.236802 0.247530 0.504101 0.440557 0.997863 0.844935 0.423409 0.378278 0.753908 0.961279 0.471415 0.306325 0.317208 0.302001 0.480052 0.502240 0.256170 0.259131 0.000000 0.249786 0.603892 0.935748 0.490910 0.434551 0.607995 0.755445 0.576573 0.883436 0.339775 0.356443 0.622702 0.485235 0.260337 0.308138 0.733901 0.958326 0.651220 0.637670 0.985937 0.694207 0.601943 0.665658 0.891560 0.694086 0.999854 0.815297 0.457963 0.554260 0.774487 0.588243 0.655346 0.608683 0.808666 0.928182 0.293327 0.463308 0.229193 0.222991 0.382671 0.359096 0.290310 0.327678 0.261693 0.243760 0.445835 0.373382 0.598954 0.633964 0.394252 0.361000 0.902937 0.760216 0.699863 0.802152 0.689333 0.867071 0.992324 0.930864 0.468117 0.448888 0.278928 0.300890 0.331934 0.325840 0.219674 0.217589 0.817140 0.568647 0.480925 0.308765 0.543108 0.553168 0.497847 0.525214 0.874888 0.883776 0.884472 0.994711 0.979127 0.909904 0.903039 0.903064 0.857199 0.673557 0.716557 0.703827 0.832368 0.925350 0.724098 0.788420 0.674025 0.885761 0.968484 0.904704 0.583641 0.652372
0.186547 0.218546 0.596500 0.578256 0.946360 0.743137 0.640655 0.496976 0.670728 0.796317 0.279029 0.227368 0.301070 0.311437 0.455905 0.578287 0.229579 0.207710 0.249786 0.000000 0.614362 0.798040 0.695656 0.529853 0.667365 0.885503 0.583489 0.802608 0.312442 0.286626 0.836510 0.710593 0.379681 0.371878 0.897950 0.978651 0.743060 0.636878 0.975369 0.754576 0.547489 0.758260 0.882620 0.911497 0.794038 0.996042 0.650162 0.763614 0.903758 0.777808 0.865559 0.821328 0.957991 0.698001 0.392426 0.544377 0.227198 0.211504 0.518483 0.459162 0.295662 0.348988 0.275777 0.251261 0.420173 0.404485 0.843154 0.827845 0.276981 0.402825 0.706129 0.646047 0.920854 0.985340 0.744576 0.966075 0.792426 0.920064 0.518942 0.504248 0.268005 0.234396 0.369038 0.291011 0.230085 0.281805 0.775150 0.573313 0.478826 0.348435 0.406921 0.417253 0.381912 0.415752 0.906039 0.977916 0.911632 0.769415 0.738475 0.827858 0.717383 0.726837 0.944752 0.862452 0.925382 0.967489 0.999819 0.795764 0.780757 0.929129 0.907520 0.974803 0.776469 0.878747 0.792203 0.595198
0.643185 0.620286 0.517012 0.541616 0.876023 0.913301 0.672144 0.697958 0.914747 0.806957 0.789831 0.686444 0.735143 0.679469 0.665686 0.589826 0.587889 0.590054 0.603892 0.614362 0.000000 0.813866 0.574941 0.532474 0.568855 0.598279 0.615332 0.941163 0.715897 0.627497 0.616880 0.641555 0.509222 0.648218 0.784464 0.845956 0.728236 0.750637 0.923786 0.929261 0.771364 0.876339 0.948418 0.870645 0.948994 0.990592 0.748272 0.714193 0.962730 0.857811 0.896252 0.837006 0.862580 0.998257 0.570583 0.738245 0.601266 0.608877 0.715345 0.757077 0.664511 0.682010 0.679521 0.671621 0.511330 0.515583 0.601885 0.719067 0.639848 0.718300 0.917363 0.872493 0.783724 0.799442 0.713771 0.875858 0.933349 0.925314 0.678191 0.580827 0.652897 0.654016 0.530072 0.618494 0.567349 0.524177 0.801698 0.791259 0.793708 0.659291 0.676576 0.647500 0.731500 0.817984 0.934105 0.847961 0.961598 0.873592 0.846207 0.974553 0.797008 0.925311 0.935125 0.884208 0.781201 0.833460 0.996356 0.877303 0.835224 0.931049 0.830428 0.994792 0.885054 0.957141 0.669923 0.859702
0.857890 0.891432 0.974781 0.997058 0.866300 0.795905 0.914581 0.958502 0.808134 0.834373 0.813809 0.798354 0.898661 0.815604 0.826630 0.883591 0.823640 0.796674 0.935748 0.798040 0.813866 0.000000 0.972132 0.956905 0.999753 0.989305 0.970433 0.760929 0.824028 0.745076 0.910993 0.903022 0.941039 0.987857 0.990812 0.964974 0.912943 0.865881 0.951785 0.881164 0.989579 0.896820 0.823431 0.854042 0.802219 0.878907 0.933930 0.988793 0.876449 0.914981 0.880217 0.902641 0.888209 0.827513 0.870107 0.959095 0.853915 0.843908 0.979523 0.986062 0.910181 0.941674 0.872162 0.897965 0.877677 0.867228 0.849791 0.922982 0.889556 0.842036 0.848200 0.871930 0.919072 0.840635 0.984134 0.948748 0.882923 0.866799 0.903289 0.890751 0.865872 0.825217 0.860416 0.862811 0.870841 0.892014 0.862512 0.867836 0.915552 0.934358 0.786178 0.769521 0.781312 0.750718 0.716144 0.981923 0.839506 0.810624 0.744121 0.835950 0.817804 0.885287 0.758734 0.815686 0.923174 0.736339 0.938767 0.937189 0.816485 0.705341 0.950058 0.874822 0.752136 0.778382 0.817866 0.747510
0.690220 0.638612 0.371707 0.234500 0.734502 0.783718 0.358029 0.361136 0.746978 0.850058 0.964933 0.684496 0.656710 0.541428 0.564954 0.310323 0.662913 0.691703 0.490910 0.695656 0.574941 0.972132 0.000000 0.245032 0.499707 0.442505 0.655566 0.980863 0.782529 0.698188 0.247592 0.381909 0.393345 0.541940 0.449133 0.727276 0.666560 0.704100 0.859212 0.961350 0.965844 0.825540 0.567837 0.519790 0.802916 0.784775 0.510918 0.500251 0.876109 0.607941 0.528461 0.483108 0.477277 0.551166 0.545166 0.674963 0.614269 0.601913 0.593701 0.544179 0.570909 0.486321 0.663624 0.589640 0.516624 0.348078 0.356207 0.398424 0.864037 0.609670 0.515557 0.760212 0.422791 0.484452 0.617052 0.732459 0.615149 0.625448 0.545826 0.602556 0.679473 0.753092 0.544009 0.735813 0.512660 0.393831 0.923178 0.675062 0.730114 0.565492 0.966028 0.876627 0.954896 0.892000 0.747032 0.811207 0.879528 0.882763 0.816458 0.692828 0.965524 0.859019 0.864350 0.813435 0.462986 0.499183 0.700524 0.839744 0.972761 0.770772 0.723574 0.786285 0.768038 0.831595 0.423133 0.924281
0.586767 0.538226 0.333115 0.275075 0.791082 0.896990 0.519043 0.428587 0.878023 0.950463 0.808878 0.545174 0.577888 0.444510 0.474387 0.278405 0.513355 0.520044 0.434551 0.529853 0.532474 0.956905 0.245032 0.000000 0.416463 0.443402 0.587325 0.911592 0.659702 0.511677 0.431705 0.514604 0.400223 0.546990 0.517282 0.795104 0.641994 0.663983 0.783516 0.916480 0.855833 0.821889 0.775103 0.704434 0.995887 0.954173 0.566647 0.594154 0.989642 0.738494 0.703058 0.649616 0.647432 0.769112 0.501192 0.676469 0.510816 0.492432 0.663938 0.607969 0.518194 0.450314 0.622602 0.531317 0.369321 0.255817 0.462033 0.534002 0.666630 0.610207 0.725969 0.842891 0.601506 0.609729 0.651498 0.789873 0.852290 0.807651 0.593458 0.581112 0.572922 0.585264 0.438281 0.551646 0.429141 0.321889 0.744147 0.517130 0.673231 0.517173 0.770312 0.673091 0.771947 0.737715 0.865660 0.864926 0.981553 0.946740 0.950092 0.917869 0.923324 0.938731 0.967054 0.900841 0.624562 0.651501 0.856762 0.974558 0.803346 0.821490 0.798172 0.940456 0.983752 0.978965 0.548630 0.978291
0.709282 0.628061 0.294960 0.437294 0.839970 0.958447 0.811862 0.846275 0.796309 0.535332 0.891915 0.783453 0.878826 0.813649 0.812177 0.623671 0.600821 0.632946 0.607995 0.667365 0.568855 0.999753 0.499707 0.416463 0.000000 0.258096 0.391359 0.892277 0.895544 0.709880 0.648223 0.658620 0.595846 0.699729 0.488126 0.664696 0.439386 0.535244 0.489778 0.832268 0.753135 0.741759 0.934621 0.831312 0.780870 0.813673 0.642740 0.718828 0.735037 0.973741 0.956964 0.961476 0.946935 0.924205 0.684860 0.719307 0.613313 0.608216 0.844186 0.824063 0.840561 0.854875 0.867703 0.779679 0.310945 0.394615 0.557981 0.655022 0.571269 0.736790 0.857480 0.900889 0.885221 0.940706 0.709554 0.967756 0.984624 0.831167 0.790833 0.727694 0.731286 0.663993 0.474950 0.482723 0.533213 0.444987 0.633022 0.513447 0.751777 0.616493 0.540239 0.507144 0.583519 0.618805 0.905253 0.977493 0.943624 0.915573 0.651116 0.837330 0.669622 0.683278 0.895849 0.905688 0.724671 0.756713 0.890714 0.867905 0.957517 0.802077 0.935068 0.850351 0.833816 0.891652 0.613965 0.960021
0.921484 0.851882 0.359137 0.466006 0.968652 0.826449 0.716472 0.839602 0.991241 0.780494 0.861891 0.987313 0.985175 0.920355 0.872731 0.622680 0.819850 0.832885 0.755445 0.885503 0.598279 0.989305 0.442505 0.443402 0.258096 0.000000 0.552883 0.938111 0.960989 0.890319 0.531841 0.641874 0.649937 0.780625 0.424477 0.649008 0.504647 0.601417 0.598493 0.917779 0.976665 0.797024 0.768251 0.740164 0.973064 0.932654 0.670203 0.690675 0.796055 0.927875 0.921602 0.845648 0.767441 0.822767 0.726691 0.763077 0.812645 0.811341 0.891059 0.897316 0.964364 0.934922 0.991464 0.929482 0.485669 0.505097 0.462461 0.565697 0.840657 0.819267 0.641847 0.916681 0.760742 0.752876 0.716407 0.865063 0.831464 0.668108 0.840387 0.860236 0.900653 0.885216 0.604649 0.716095 0.706998 0.582226 0.692715 0.717630 0.842961 0.762062 0.838320 0.783414 0.876089 0.856513 0.952538 0.837493 0.964074 0.964090 0.900712 0.945348 0.921567 0.960986 0.960026 0.981280 0.569569 0.625365 0.811854 0.949452 0.993349 0.806211 0.975213 0.981723 0.976571 0.922641 0.586334 0.928292
0.610131 0.542922 0.455328 0.526662 0.941087 0.799363 0.794835 0.823615 0.765323 0.631720 0.720020 0.663766 0.731080 0.716365 0.783776 0.665778 0.557821 0.567998 0.576573 0.583489 0.615332 0.970433 0.655566 0.587325 0.391359 0.552883 0.000000 0.903946 0.766205 0.630209 0.699541 0.674131 0.586595 0.623215 0.681651 0.613264 0.506542 0.572260 0.686092 0.823614 0.739873 0.804152 0.896830 0.997773 0.711302 0.795600 0.801980 0.885767 0.793513 0.991010 0.960582 0.965582 0.973299 0.771089 0.661714 0.778095 0.541343 0.545029 0.799223 0.748080 0.692847 0.741820 0.728149 0.672782 0.378432 0.482955 0.709334 0.829157 0.540719 0.690643 0.947688 0.753896 0.982994 0.903379 0.646766 0.899398 0.860043 0.975439 0.749942 0.687687 0.714010 0.636648 0.530651 0.550847 0.487886 0.480964 0.714896 0.695571 0.782953 0.649114 0.463352 0.507794 0.543098 0.636235 0.894425 0.893220 0.812280 0.876785 0.613490 0.712554 0.525808 0.727195 0.844850 0.968823 0.894554 0.872463 0.991644 0.761899 0.925665 0.849031 0.865957 0.807138 0.788455 0.878107 0.765764 0.918622
0.827514 0.880978 0.943092 0.994392 0.921656 0.901432 0.991290 0.987237 0.921268 0.830609 0.737803 0.851121 0.853249 0.829793 0.845320 0.934475 0.817965 0.766774 0.883436 0.802608 0.941163 0.760929 0.980863 0.911592 0.892277 0.938111 0.903946 0.000000 0.841144 0.847641 0.866283 0.946259 0.936305 0.956582 0.917617 0.898757 0.971297 0.874540 0.962346 0.883099 0.956724 0.952615 0.866942 0.932403 0.790001 0.855733 0.939847 0.975099 0.897591 0.880653 0.888058 0.886643 0.884643 0.765029 0.965447 0.996087 0.825503 0.794777 0.987464 0.999759 0.853701 0.926960 0.861104 0.860420 0.791470 0.856170 0.902988 0.847385 0.838028 0.939709 0.877196 0.820058 0.923823 0.952028 0.951875 0.948718 0.812577 0.820927 0.893182 0.923271 0.840212 0.765313 0.890608 0.877229 0.781754 0.822849 0.986499 0.984008 0.991642 0.847650 0.792646 0.780218 0.831453 0.908065 0.937536 0.801880 0.839761 0.776578 0.833819 0.860294 0.722880 0.937714 0.901664 0.940168 0.946449 0.822852 0.849657 0.805866 0.935608 0.763344 0.875431 0.797348 0.899540 0.864722 0.944939 0.822183
0.277451 0.318803 0.780433 0.724421 0.926799 0.790578 0.627147 0.492858 0.727927 0.973239 0.285511 0.258052 0.250741 0.297113 0.382100 0.555873 0.233200 0.230701 0.339775 0.312442 0.715897 0.824028 0.782529 0.659702 0.895544 0.960989 0.766205 0.841144 0.000000 0.225378 0.881379 0.721206 0.430683 0.396832 0.983377 0.882219 0.878800 0.785018 0.887427 0.693591 0.616106 0.799948 0.984801 0.817067 0.970050 0.781553 0.640678 0.711634 0.682277 0.624851 0.723156 0.687764 0.898315 0.889052 0.361737 0.479558 0.308862 0.288334 0.515686 0.479069 0.266459 0.345347 0.247784 0.264710 0.591623 0.514244 0.881665 0.810694 0.475141 0.452025 0.749178 0.673137 0.876962 0.942551 0.756445 0.891910 0.931902 0.932552 0.520353 0.479730 0.261494 0.296392 0.416878 0.407004 0.327609 0.420435 0.820554 0.715254 0.542655 0.451845 0.571040 0.591897 0.474699 0.533378 0.968725 0.960295 0.959076 0.738484 0.903578 0.966044 0.839988 0.881180 0.882872 0.769039 0.999235 0.968985 0.963267 0.875010 0.606122 0.967160 0.815138 0.956449 0.907801 0.987655 0.830621 0.592684
0.283515 0.279121 0.656401 0.608245 0.955398 0.739219 0.696313 0.505557 0.724189 0.857165 0.290264 0.207257 0.270543 0.274174 0.352983 0.438998 0.201569 0.192820 0.356443 0.286626 0.627497 0.745076 0.698188 0.511677 0.709880 0.890319 0.630209 0.847641 0.225378 0.000000 0.799360 0.675070 0.434598 0.421322 0.955081 0.995434 0.757465 0.650204 0.944237 0.695777 0.583299 0.829622 0.915015 0.911132 0.880457 0.935740 0.661953 0.747944 0.879112 0.728480 0.820045 0.751831 0.935566 0.849212 0.346634 0.553338 0.272112 0.240169 0.573701 0.515361 0.261298 0.311239 0.290052 0.256452 0.432886 0.350709 0.863190 0.806322 0.410729 0.415725 0.749124 0.683411 0.908300 0.980595 0.687631 0.922836 0.825786 0.833682 0.536686 0.446714 0.264048 0.298889 0.337092 0.331981 0.304267 0.336885 0.680096 0.611356 0.537481 0.435353 0.407519 0.376155 0.362458 0.379144 0.856629 0.949890 0.799156 0.657930 0.697055 0.794435 0.715058 0.704558 0.959716 0.961958 0.958834 0.998710 0.977350 0.749777 0.665660 0.966215 0.837187 0.935253 0.746565 0.903101 0.815201 0.620794
0.796165 0.710374 0.473034 0.306794 0.752969 0.747770 0.296842 0.367480 0.757195 0.720953 0.842641 0.824428 0.776731 0.699625 0.746810 0.447783 0.770540 0.802714 0.622702 0.836510 0.616880 0.910993 0.247592 0.431705 0.648223 0.531841 0.699541 0.866283 0.881379 0.799360 0.000000 0.327443 0.438131 0.493246 0.520634 0.661744 0.692871 0.704777 0.928809 0.913830 0.981272 0.792310 0.466466 0.425280 0.599763 0.595666 0.476659 0.445442 0.716074 0.483266 0.413218 0.359715 0.351958 0.416717 0.554896 0.631426 0.682858 0.701441 0.518936 0.522067 0.645995 0.552276 0.698340 0.655381 0.724024 0.514706 0.298129 0.290429 0.988840 0.616613 0.471836 0.761726 0.393000 0.516700 0.658519 0.663197 0.468108 0.543425 0.490026 0.594277 0.759839 0.925883 0.670299 0.860973 0.691619 0.562387 0.938026 0.869756 0.824214 0.648370 0.960349 0.976954 0.950672 0.970641 0.632111 0.808422 0.790485 0.773382 0.656362 0.561506 0.924254 0.798056 0.772360 0.791145 0.459447 0.436068 0.627522 0.756982 0.885797 0.739288 0.708426 0.676403 0.588173 0.693130 0.426664 0.864901
0.640738 0.589633 0.542260 0.402566 0.781213 0.912385 0.380479 0.427542 0.970680 0.812430 0.956391 0.672005 0.611286 0.567870 0.656461 0.487784 0.622031 0.637414 0.485235 0.710593 0.641555 0.903022 0.381909 0.514604 0.658620 0.641874 0.674131 0.946259 0.721206 0.675070 0.327443 0.000000 0.402189 0.427784 0.642447 0.706505 0.652920 0.696251 0.956010 0.808396 0.915212 0.836151 0.548793 0.470408 0.702652 0.633563 0.447285 0.409187 0.710595 0.478072 0.484001 0.422454 0.438658 0.605327 0.500875 0.597142 0.577683 0.585377 0.478643 0.479010 0.558118 0.514518 0.558653 0.533682 0.677242 0.476036 0.451429 0.410042 0.846839 0.624899 0.654572 0.970388 0.543597 0.609978 0.697888 0.693719 0.686612 0.756027 0.502158 0.492887 0.582839 0.687933 0.488985 0.661941 0.533506 0.456004 0.977839 0.768922 0.666145 0.551753 0.867370 0.856722 0.852088 0.819878 0.741081 0.891889 0.919680 0.810961 0.760974 0.639460 0.972319 0.858739 0.706506 0.762252 0.592982 0.452769 0.660047 0.868127 0.968235 0.794387 0.591885 0.807218 0.696687 0.731522 0.493228 0.953115
0.314484 0.297132 0.461508 0.335089 0.913337 0.872915 0.325962 0.286197 0.802109 0.921094 0.636400 0.394985 0.418501 0.397172 0.542269 0.463608 0.340391 0.363689 0.260337 0.379681 0.509222 0.941039 0.393345 0.400223 0.595846 0.649937 0.586595 0.936305 0.430683 0.434598 0.438131 0.402189 0.000000 0.260125 0.623089 0.849068 0.661494 0.631975 0.965817 0.833718 0.743190 0.729804 0.694515 0.520083 0.820274 0.673434 0.378082 0.435710 0.663144 0.473248 0.491444 0.445329 0.616026 0.843205 0.327147 0.395722 0.267485 0.280648 0.303656 0.282348 0.329089 0.318089 0.307563 0.280873 0.489732 0.364358 0.417622 0.437048 0.499491 0.344917 0.899522 0.890344 0.566153 0.749879 0.671057 0.691636 0.810543 0.837205 0.352900 0.380756 0.345863 0.433685 0.343535 0.408039 0.274481 0.246367 0.993772 0.587735 0.505553 0.329317 0.631307 0.630308 0.617371 0.615710 0.863476 0.838642 0.819228 0.999765 0.897108 0.772875 0.911932 0.969633 0.845305 0.699958 0.583902 0.570941 0.733725 0.927369 0.808301 0.765410 0.701830 0.761260 0.872406 0.812198 0.503556 0.757839
0.334531 0.305672 0.591648 0.486508 0.971473 0.908201 0.348676 0.335964 0.739497 0.891591 0.546334 0.381306 0.365809 0.373493 0.504567 0.517680 0.313862 0.327794 0.308138 0.371878 0.648218 0.987857 0.541940 0.546990 0.699729 0.780625 0.623215 0.956582 0.396832 0.421322 0.493246 0.427784 0.260125 0.000000 0.747684 0.919505 0.668939 0.658881 0.972340 0.747794 0.701013 0.658223 0.721568 0.531412 0.759840 0.596501 0.378570 0.483867 0.580698 0.441922 0.490556 0.438844 0.595222 0.848701 0.323991 0.316030 0.292656 0.311428 0.321781 0.328708 0.310318 0.342167 0.259319 0.256116 0.609409 0.455409 0.545744 0.497591 0.545049 0.374544 0.983721 0.791012 0.633156 0.769127 0.656863 0.767675 0.847088 0.840397 0.358061 0.426236 0.313251 0.417318 0.406555 0.411254 0.342500 0.346359 0.999716 0.681277 0.506987 0.356254 0.606318 0.650521 0.558557 0.577791 0.859239 0.932349 0.923261 0.959021 0.882096 0.758852 0.891750 0.968466 0.738289 0.662085 0.749053 0.630356 0.708580 0.974667 0.863288 0.874785 0.718509 0.770118 0.857619 0.833486 0.572287 0.790028
0.920135 0.835860 0.485474 0.509936 0.993767 0.935063 0.640150 0.716731 0.949727 0.917154 0.819698 0.919429 0.973942 0.894905 0.885558 0.668034 0.848115 0.882215 0.733901 0.897950 0.784464 0.990812 0.449133 0.517282 0.488126 0.424477 0.681651 0.917617 0.983377 0.955081 0.520634 0.642447 0.623089 0.747684 0.000000 0.780985 0.644433 0.750694 0.735885 0.922417 0.932373 0.786214 0.658438 0.633063 0.903532 0.904451 0.627159 0.644827 0.986167 0.805728 0.754887 0.743760 0.698940 0.734068 0.765228 0.774812 0.826878 0.829369 0.802183 0.806092 0.924017 0.834847 0.953078 0.866697 0.623026 0.592242 0.475311 0.577206 0.862235 0.756885 0.716316 0.801141 0.689052 0.712599 0.735852 0.752460 0.611612 0.669827 0.781960 0.832098 0.869474 0.880018 0.711365 0.793180 0.716612 0.603282 0.832201 0.736438 0.797055 0.735827 0.988918 0.936813 0.969117 0.957146 0.818044 0.831836 0.939979 0.989736 0.917633 0.758650 0.974315 0.943083 0.892090 0.867884 0.505980 0.682321 0.702854 0.923639 0.953641 0.750085 0.742672 0.861006 0.851737 0.957779 0.648553 0.920161
0.954249 0.940097 0.644212 0.694382 0.938567 0.936544 0.891877 0.954641 0.998059 0.794277 0.844267 0.920348 0.896045 0.887874 0.962109 0.866375 0.986797 0.995312 0.958326 0.978651 0.845956 0.964974 0.727276 0.795104 0.664696 0.649008 0.613264 0.898757 0.882219 0.995434 0.661744 0.706505 0.849068 0.919505 0.780985 0.000000 0.749194 0.621273 0.798636 0.922921 0.912041 0.921920 0.865122 0.848655 0.988743 0.962639 0.908532 0.847115 0.832060 0.974115 0.967486 0.895299 0.838981 0.870660 0.913154 0.952734 0.914184 0.956639 0.971080 0.946430 0.944034 0.984221 0.901310 0.963813 0.749952 0.761068 0.700831 0.760427 0.946061 0.915956 0.764308 0.834013 0.834384 0.995407 0.872974 0.891400 0.947231 0.813610 0.940236 0.840652 0.983107 0.968006 0.851539 0.962734 0.887967 0.797994 0.983792 0.939651 0.871686 0.895294 0.890063 0.868500 0.949310 0.937714 0.972146 0.849719 0.905873 0.801201 0.924603 0.961654 0.783049 0.866492 0.966258 0.889860 0.900601 0.844795 0.928516 0.987868 0.887800 0.926055 0.985813 0.894777 0.967447 0.974156 0.817653 0.877795
0.718458 0.619968 0.520550 0.535550 0.828630 0.973004 0.729566 0.753611 0.741466 0.751285 0.915709 0.799095 0.870177 0.871357 0.918370 0.801135 0.708136 0.726516 0.651220 0.743060 0.728236 0.912943 0.666560 0.641994 0.439386 0.504647 0.506542 0.971297 0.878800 0.757465 0.692871 0.652920 0.661494 0.668939 0.644433 0.749194 0.000000 0.484714 0.665045 0.708499 0.660787 0.744207 0.876269 0.770787 0.901152 0.984536 0.650326 0.771262 0.930115 0.835009 0.879307 0.795129 0.859912 0.983653 0.687574 0.668463 0.652736 0.645640 0.708795 0.705013 0.834808 0.836946 0.784475 0.744815 0.598279 0.626790 0.641276 0.716251 0.680594 0.636549 0.832210 0.925993 0.908453 0.985434 0.710999 0.905888 0.980311 0.935043 0.802579 0.773005 0.759154 0.814870 0.647950 0.605148 0.659531 0.580197 0.740256 0.790704 0.799123 0.683488 0.583699 0.639681 0.615449 0.613342 0.953894 0.959385 0.965851 0.971324 0.803547 0.939793 0.737650 0.815200 0.994791 0.892440 0.749779 0.710795 0.936341 0.888831 0.989086 0.804959 0.882787 0.945967 0.951895 0.981531 0.783384 0.967773
0.598144 0.524714 0.574596 0.572098 0.831619 0.944919 0.762060 0.716984 0.788054 0.675050 0.813176 0.714470 0.794881 0.822526 0.939929 0.779606 0.646717 0.641638 0.637670 0.636878 0.750637 0.865881 0.704100 0.663983 0.535244 0.601417 0.572260 0.874540 0.785018 0.650204 0.704777 0.696251 0.631975 0.658881 0.750694 0.621273 0.484714 0.000000 0.611684 0.741326 0.668449 0.826899 0.981900 0.883366 0.793500 0.931244 0.729805 0.803151 0.898904 0.875195 0.935623 0.831048 0.943488 0.887765 0.664793 0.710316 0.533472 0.529652 0.704118 0.664972 0.736669 0.726860 0.709456 0.631250 0.569458 0.568612 0.758372 0.770844 0.593199 0.500286 0.903471 0.866647 0.971462 0.894865 0.811034 0.938621 0.938980 0.937256 0.787570 0.741330 0.648635 0.727928 0.620517 0.576222 0.619080 0.514984 0.758750 0.772789 0.682386 0.532961 0.543097 0.503168 0.597877 0.472524 0.909753 0.999623 0.979553 0.872365 0.696874 0.818505 0.748144 0.660693 0.898071 0.904650 0.937095 0.914835 0.885086 0.858521 0.975793 0.933086 0.902386 0.831061 0.826127 0.885241 0.859243 0.710430
