0.000000 0.611304 0.956405 0.956968 0.947512 0.985468 0.967686 0.994467 0.900850 0.926600 0.615576 0.701472 0.867521 0.938980 0.967342 0.898331 0.679184 0.642401 0.792271 0.832904 0.945315 0.966437 0.905496 0.901119 0.997647 0.985864 0.851936 0.934042 0.858121 0.718217 0.995842 0.797324 0.792769 0.694645 0.962828 0.876975 0.972042 0.959697 0.893888 0.913339 0.920789 0.738702 0.911301 0.860402 0.846721 0.788327 0.868635 0.801998 0.761780 0.791643 0.745589 0.735214 0.831564 0.991582 0.895185 0.714876 0.541104 0.601946 0.701014 0.681819 0.673627 0.767265 0.630530 0.587807 0.859547 0.985798 0.824192 0.865240 0.778960 0.781078 0.931672 0.999025 0.908757 0.993703 0.942494 0.913365 0.905681 0.967268 0.775997 0.900840 0.469437 0.557487 0.881887 0.708141 0.913553 0.979804 0.933245 0.901985 0.844266 0.861381 0.993971 0.832913 0.984892 0.853847 0.957996 0.865599 0.797482 0.710759 0.747449 0.869678 0.898589 0.883341 0.741805 0.754865 0.975659 0.814158 0.945944 0.895308 0.959151 0.826704 0.864551 0.978157 0.990731 0.977550 0.952319 0.929136
0.611304 0.000000 0.937230 0.948053 0.827787 0.900379 0.825995 0.925625 0.691302 0.651920 0.913220 0.682662 0.945077 0.950302 0.849827 0.895228 0.701123 0.672718 0.933389 0.934066 0.913351 0.974058 0.801607 0.935894 0.834088 0.795223 0.903028 0.807835 0.874649 0.985088 0.871878 0.936848 0.945086 0.909804 0.791053 0.877867 0.794298 0.920355 0.890688 0.726255 0.797298 0.796964 0.852101 0.825495 0.979334 0.926527 0.738440 0.924191 0.979037 0.992226 0.797904 0.790822 0.961984 0.859950 0.837531 0.733907 0.560895 0.484322 0.807585 0.770369 0.951775 0.980391 0.817155 0.762975 0.957585 0.862867 0.824814 0.781883 0.639542 0.697061 0.886677 0.915352 0.904587 0.964095 0.972987 0.849997 0.981627 0.856582 0.885875 0.746841 0.666044 0.530494 0.895000 0.615244 0.927090 0.843728 0.971972 0.953910 0.886127 0.850082 0.850924 0.780077 0.974570 0.847431 0.903012 0.946372 0.927819 0.824508 0.939365 0.904100 0.992781 0.903009 0.978859 0.893397 0.968430 0.830793 0.996635 0.993684 0.858369 0.822612 0.981184 0.901214 0.919765 0.973040 0.926573 0.863371
0.956405 0.937230 0.000000 0.414570 0.962736 0.624537 0.478829 0.438864 0.782402 0.978424 0.964013 0.821691 0.707307 0.696882 0.828974 0.656980 0.804469 0.769509 0.730358 0.849818 0.939134 0.977831 0.789873 0.550988 0.550299 0.628849 0.862906 0.897521 0.958978 0.981710 0.764628 0.855536 0.830252 0.736596 0.989584 0.938148 0.827215 0.846704 0.704684 0.853572 0.961306 0.932009 0.633551 0.850748 0.918772 0.992337 0.787346 0.748089 0.757070 0.841606 0.889800 0.987618 0.810449 0.743947 0.854350 0.966612 0.775668 0.763656 0.943250 0.886555 0.776912 0.689246 0.716119 0.613925 0.471647 0.500826 0.647337 0.762689 0.880376 0.896376 0.876689 0.914978 0.847099 0.918950 0.798279 0.882782 0.769607 0.892501 0.994833 0.947116 0.792854 0.985113 0.834177 0.965856 0.724107 0.465693 0.850062 0.822588 0.751928 0.909219 0.514926 0.503031 0.491433 0.449076 0.944398 0.700821 0.853488 0.977704 0.924546 0.761609 0.667701 0.793142 0.828298 0.969006 0.732140 0.794060 0.876629 0.776669 0.997557 0.842465 0.810692 0.851579 0.795581 0.917636 0.857483 0.961629
0.956968 0.948053 0.414570 0.000000 0.904740 0.700447 0.598315 0.342608 0.901059 0.923703 0.926848 0.849979 0.887999 0.826895 0.905317 0.812205 0.808205 0.803684 0.859769 0.837276 0.891848 0.958958 0.926178 0.659121 0.540257 0.508610 0.888116 0.844521 0.828741 0.870385 0.864964 0.914602 0.986679 0.805962 0.900796 0.974693 0.801433 0.799268 0.629169 0.691953 0.938169 0.978869 0.596553 0.777196 0.781506 0.966008 0.732064 0.687293 0.694488 0.816247 0.931922 0.992170 0.697060 0.653759 0.814161 0.838124 0.814775 0.825024 0.943248 0.957275 0.955644 0.810270 0.668928 0.559688 0.614858 0.443246 0.597747 0.644417 0.987521 0.999760 0.798948 0.924260 0.920106 0.960124 0.870901 0.955525 0.698249 0.818914 0.973295 0.970821 0.754388 0.997312 0.999079 0.933009 0.947399 0.498357 0.923170 0.663855 0.809935 0.928091 0.567712 0.579020 0.476208 0.499570 0.991194 0.793158 0.839462 0.905702 0.932044 0.928179 0.694675 0.852249 0.890117 0.923128 0.712920 0.714447 0.831993 0.776597 0.894835 0.880272 0.898659 0.976607 0.791803 0.834667 0.873454 0.952123
0.947512 0.827787 0.962736 0.904740 0.000000 0.935361 0.831311 0.905697 0.665542 0.817942 0.990500 0.943642 0.671919 0.690883 0.681470 0.625305 0.962101 0.913563 0.828824 0.950365 0.834251 0.960769 0.556033 0.705134 0.938077 0.848418 0.863142 0.913570 0.892688 0.985571 0.996194 0.928308 0.890414 0.946761 0.856740 0.949069 0.805568 0.928000 0.836804 0.790296 0.930835 0.779991 0.982331 0.880231 0.806300 0.998589 0.945462 0.966871 0.962566 0.988399 0.957214 0.921247 0.863658 0.745291 0.833824 0.994967 0.809321 0.766856 0.902473 0.742637 0.784755 0.799103 0.927068 0.989399 0.690583 0.962761 0.938872 0.839282 0.778299 0.755217 0.845212 0.918315 0.964116 0.962306 0.910957 0.857266 0.924846 0.923298 0.960300 0.895261 0.781067 0.883789 0.761072 0.882088 0.570501 0.935752 0.809942 0.791175 0.956007 0.859931 0.800629 0.724281 0.987938 0.779359 0.905036 0.920891 0.869967 0.661797 0.842064 0.681760 0.950509 0.803124 0.945911 0.970205 0.908543 0.928763 0.985287 0.822929 0.991114 0.829483 0.841056 0.871491 0.915950 0.993479 0.937589 0.838146
0.985468 0.900379 0.624537 0.700447 0.935361 0.000000 0.814747 0.755627 0.953900 0.851947 0.878027 0.799707 0.838045 0.772663 0.877062 0.756141 0.840288 0.943774 0.943796 0.949221 0.760683 0.973558 0.928014 0.740567 0.545170 0.506954 0.894979 0.673006 0.934275 0.835701 0.881130 0.918272 0.798499 0.763577 0.691940 0.889531 0.851447 0.891429 0.726727 0.659584 0.770986 0.995441 0.732474 0.905727 0.968304 0.971458 0.778816 0.881293 0.792609 0.763265 0.996036 0.915585 0.887650 0.782377 0.843197 0.773869 0.907552 0.969945 0.868034 0.994145 0.789702 0.710244 0.843406 0.840692 0.547079 0.533436 0.572467 0.631132 0.914583 0.950416 0.909801 0.787113 0.986277 0.986031 0.751662 0.999474 0.923878 0.755223 0.870117 0.998906 0.865599 0.847741 0.850411 0.930129 0.709694 0.524401 0.758460 0.902182 0.843286 0.774142 0.662421 0.766124 0.598245 0.711047 0.906352 0.696065 0.847722 0.987949 0.910814 0.813748 0.726356 0.943459 0.929558 0.966740 0.748521 0.747097 0.840776 0.987666 0.939164 0.921273 0.934798 0.847506 0.845103 0.918604 0.872613 0.857135
0.967686 0.825995 0.478829 0.598315 0.831311 0.814747 0.000000 0.457650 0.576951 0.630838 0.748147 0.865763 0.447849 0.517439 0.592507 0.546886 0.998996 0.984208 0.422325 0.651760 0.948881 0.879637 0.585795 0.635477 0.855666 0.973675 0.991652 0.978972 0.679652 0.677179 0.628732 0.586437 0.633374 0.626215 0.904218 0.903367 0.910653 0.989907 0.983786 0.929644 0.950756 0.953606 0.708417 0.770089 0.825799 0.803974 0.891182 0.689761 0.998950 0.903587 0.939763 0.983297 0.977962 0.987958 0.929892 0.960223 0.796191 0.657609 0.965465 0.825048 0.587657 0.684589 0.963486 0.817432 0.632958 0.793778 0.773196 0.941870 0.723913 0.799083 0.732406 0.710744 0.715599 0.772472 0.958175 0.840626 0.655435 0.815201 0.984010 0.983167 0.868342 0.905498 0.867363 0.912529 0.688827 0.718710 0.937526 0.955266 0.748481 0.896136 0.430785 0.435649 0.551017 0.508262 0.998604 0.922835 0.875436 0.887780 0.680469 0.538697 0.715275 0.547546 0.999071 0.859709 0.840963 0.963080 0.883916 0.698081 0.964496 0.939339 0.807132 0.759721 0.756860 0.858617 0.990024 0.754032
0.994467 0.925625 0.438864 0.342608 0.905697 0.755627 0.457650 0.000000 0.808203 0.865621 0.762813 0.815094 0.781586 0.755320 0.985279 0.774850 0.880423 0.849206 0.684024 0.749324 0.901746 0.990771 0.997578 0.709869 0.662903 0.625041 0.978388 0.912903 0.961545 0.912993 0.779629 0.747116 0.878796 0.665874 0.829137 0.917048 0.885993 0.873415 0.750375 0.827379 0.985866 0.996819 0.631592 0.721071 0.883290 0.922293 0.796117 0.648821 0.834221 0.969321 0.968880 0.990100 0.779333 0.729305 0.770631 0.818537 0.792485 0.758932 0.896251 0.936053 0.828336 0.735012 0.800989 0.652730 0.699938 0.555211 0.614939 0.722092 0.927090 0.981958 0.828014 0.777929 0.810114 0.901213 0.925331 0.984081 0.636981 0.814134 0.999724 0.961667 0.821700 0.963899 0.966577 0.854867 0.992374 0.606683 0.933086 0.697667 0.876210 0.902609 0.464179 0.545489 0.436079 0.506597 0.912595 0.849227 0.801680 0.930071 0.898119 0.805085 0.598160 0.727049 0.982843 0.855520 0.797114 0.777279 0.864832 0.689752 0.968986 0.935587 0.815252 0.885966 0.808911 0.813430 0.950566 0.868292
0.900850 0.691302 0.782402 0.901059 0.665542 0.953900 0.576951 0.808203 0.000000 0.474927 0.827686 0.983900 0.598134 0.661067 0.589695 0.556070 0.989117 0.902562 0.549544 0.862118 0.898447 0.988779 0.498229 0.633699 0.911816 0.793789 0.889549 0.841037 0.748454 0.719069 0.723332 0.782600 0.878247 0.873268 0.966192 0.848500 0.779850 0.835943 0.768879 0.750431 0.914992 0.915175 0.978687 0.963395 0.854949 0.943668 0.838690 0.996448 0.915325 0.849601 0.837422 0.985861 0.815738 0.753626 0.791971 0.859454 0.714175 0.680884 0.808661 0.732086 0.817886 0.806272 0.982883 0.931440 0.764089 0.919821 0.906634 0.763647 0.600460 0.757800 0.788300 0.889087 0.856961 0.985105 0.800031 0.982312 0.906894 0.924582 0.982377 0.894926 0.880010 0.840915 0.903714 0.778609 0.741330 0.991528 0.890017 0.760418 0.955289 0.939712 0.680500 0.547277 0.954535 0.683956 0.967998 0.973185 0.905682 0.750935 0.845410 0.691552 0.962705 0.678895 0.950656 0.977093 0.892503 0.936008 0.964366 0.872377 0.976046 0.904311 0.942067 0.871972 0.791701 0.885536 0.927101 0.990266
0.926600 0.651920 0.978424 0.923703 0.817942 0.851947 0.630838 0.865621 0.474927 0.000000 0.801978 0.875215 0.708171 0.820246 0.659403 0.750454 0.902654 0.966383 0.564651 0.838571 0.826492 0.996878 0.589239 0.913262 0.713283 0.641496 0.988477 0.728434 0.610388 0.536963 0.635585 0.628511 0.906775 0.877542 0.723321 0.872896 0.788283 0.818779 0.700012 0.560441 0.854469 0.881422 0.822883 0.953830 0.833066 0.895330 0.694376 0.953424 0.765952 0.698610 0.845871 0.931371 0.736557 0.697623 0.896392 0.765553 0.813244 0.728751 0.817490 0.853023 0.868581 0.950322 0.932372 0.914201 0.953474 0.660257 0.743622 0.595614 0.697880 0.816804 0.919823 0.747530 0.752686 0.903127 0.987594 0.986051 0.836650 0.976606 0.992295 0.947394 0.953174 0.828775 0.980582 0.717730 0.937707 0.703650 0.960702 0.750818 0.989366 0.936729 0.835000 0.687389 0.927564 0.775563 0.959732 0.895793 0.873380 0.834135 0.850739 0.731852 0.956565 0.695876 0.960237 0.962183 0.824635 0.777691 0.946709 0.852773 0.863586 0.865515 0.942731 0.904184 0.857096 0.913002 0.807065 0.855164
0.615576 0.913220 0.964013 0.926848 0.990500 0.878027 0.748147 0.762813 0.827686 0.801978 0.000000 0.682533 0.696182 0.737385 0.833390 0.834578 0.720880 0.682602 0.643592 0.669737 0.884038 0.996873 0.958520 0.977061 0.996236 0.943986 0.855154 0.952382 0.670653 0.602299 0.790877 0.681321 0.646341 0.606237 0.923964 0.927541 0.914306 0.935979 0.841899 0.925777 0.947698 0.754400 0.905371 0.798806 0.860614 0.763225 0.993002 0.823679 0.786858 0.787952 0.818081 0.794650 0.840649 0.996463 0.996773 0.683769 0.843300 0.870941 0.697105 0.818531 0.652181 0.725571 0.694180 0.684123 0.976306 0.997019 0.746611 0.867334 0.909370 0.945793 0.871700 0.902588 0.914266 0.995336 0.928336 0.970146 0.926137 0.915958 0.851382 0.889220 0.732885 0.768323 0.942571 0.819535 0.990723 0.952592 0.782989 0.985061 0.955372 0.841217 0.775295 0.956365 0.820412 0.996713 0.911720 0.975125 0.819893 0.918179 0.775843 0.800928 0.754804 0.805133 0.730679 0.831477 0.959162 0.867370 0.992472 0.966738 0.924572 0.885673 0.865546 0.952878 0.921748 0.831714 0.944559 0.906586
0.701472 0.682662 0.821691 0.849979 0.943642 0.799707 0.865763 0.815094 0.983900 0.875215 0.682533 0.000000 0.800483 0.697140 0.979807 0.857458 0.808450 0.833274 0.846955 0.815748 0.947826 0.964702 0.983438 0.828507 0.788526 0.794904 0.894829 0.975926 0.868715 0.896330 0.943510 0.985537 0.719637 0.739128 0.792016 0.815466 0.810827 0.893445 0.995370 0.865261 0.960702 0.880407 0.900746 0.934967 0.999312 0.999646 0.888558 0.937383 0.930502 0.991499 0.850599 0.821664 0.934858 0.856265 0.895588 0.696524 0.777487 0.798095 0.773433 0.875455 0.680030 0.546176 0.813842 0.817585 0.884644 0.712592 0.641174 0.727666 0.945221 0.939332 0.907457 0.954735 0.889052 0.956055 0.908454 0.881831 0.997424 0.905196 0.958825 0.865132 0.860313 0.632832 0.785530 0.775324 0.815388 0.723347 0.955015 0.950049 0.911883 0.776565 0.828705 0.972736 0.755266 0.923824 0.951579 0.918424 0.753996 0.951734 0.942847 0.894487 0.756282 0.831930 0.891569 0.933131 0.943270 0.816196 0.970045 0.915355 0.976025 0.975120 0.974883 0.987118 0.932026 0.966292 0.909395 0.963099
0.867521 0.945077 0.707307 0.887999 0.671919 0.838045 0.447849 0.781586 0.598134 0.708171 0.696182 0.800483 0.000000 0.434100 0.395640 0.406200 0.861592 0.805381 0.439730 0.629695 0.933158 0.875715 0.446143 0.570074 0.917687 0.889281 0.977166 0.961905 0.603695 0.669446 0.681897 0.636981 0.564845 0.650466 0.921311 0.958260 0.857732 0.989220 0.900143 0.887220 0.968186 0.987177 0.768870 0.812114 0.649486 0.753414 0.894947 0.816108 0.881130 0.892874 0.963242 0.866533 0.788816 0.857414 0.889779 0.917842 0.930779 0.808140 0.971701 0.704163 0.470196 0.670116 0.848651 0.919561 0.597153 0.911452 0.864454 0.994463 0.703955 0.755276 0.730341 0.857422 0.810044 0.782650 0.996985 0.809992 0.734776 0.796653 0.914819 0.997534 0.941766 0.972531 0.702137 0.914568 0.503230 0.763330 0.829477 0.747450 0.761925 0.863452 0.625670 0.614678 0.731730 0.725895 0.985234 0.985094 0.976641 0.818548 0.643093 0.502587 0.837241 0.586850 0.954739 0.870030 0.792934 0.990496 0.984588 0.833472 0.933706 0.936635 0.961686 0.741696 0.736188 0.855574 0.925935 0.815280
0.938980 0.950302 0.696882 0.826895 0.690883 0.772663 0.517439 0.755320 0.661067 0.820246 0.737385 0.697140 0.434100 0.000000 0.582362 0.491779 0.954317 0.947037 0.564305 0.694186 0.976123 0.832975 0.584309 0.554935 0.874808 0.944030 0.997974 0.944075 0.690121 0.873897 0.753843 0.748254 0.602143 0.641658 0.767970 0.867808 0.911743 0.984176 0.996587 0.996659 0.947885 0.993573 0.759277 0.779717 0.690755 0.743672 0.783369 0.731075 0.941669 0.885430 0.878095 0.771610 0.845120 0.848642 0.969592 0.858053 0.948484 0.821870 0.883124 0.814934 0.492002 0.592099 0.846713 0.944590 0.628053 0.780067 0.715704 0.812675 0.702798 0.809313 0.766797 0.877944 0.956402 0.811381 0.931730 0.759146 0.741739 0.833202 0.936883 0.946248 0.882688 0.970445 0.652216 0.896995 0.526791 0.641381 0.908208 0.769731 0.743232 0.727887 0.588228 0.664219 0.670300 0.726447 0.942716 0.994162 0.941364 0.851477 0.707478 0.611469 0.820348 0.701585 0.990584 0.965181 0.860665 0.944838 0.923497 0.902073 0.977151 0.921618 0.989430 0.801507 0.837253 0.835479 0.944928 0.935414
0.967342 0.849827 0.828974 0.905317 0.681470 0.877062 0.592507 0.985279 0.589695 0.659403 0.833390 0.979807 0.395640 0.582362 0.000000 0.418744 0.899734 0.832344 0.608389 0.816761 0.951036 0.916940 0.392529 0.671320 0.994045 0.809918 0.896792 0.975676 0.566415 0.683189 0.667600 0.696870 0.620081 0.805342 0.883238 0.951470 0.837142 0.848503 0.786386 0.779690 0.970494 0.963263 0.893758 0.911511 0.663225 0.815361 0.982893 0.951755 0.851965 0.924566 0.928985 0.990778 0.762463 0.764498 0.862715 0.888993 0.835308 0.797113 0.827378 0.590170 0.633177 0.833370 0.893791 0.907182 0.639911 0.902439 0.954878 0.815772 0.570156 0.694051 0.833185 0.909430 0.827085 0.861709 0.968023 0.817625 0.807852 0.825501 0.963376 0.996001 0.914782 0.831914 0.693840 0.957709 0.571268 0.900330 0.790676 0.731194 0.878160 0.962646 0.777646 0.682903 0.934653 0.815606 0.971778 0.933919 0.841123 0.727207 0.702974 0.606638 0.942561 0.762541 0.895312 0.976931 0.937627 0.885053 0.926736 0.909176 0.953465 0.915082 0.983838 0.708655 0.792611 0.897657 0.994662 0.840851
0.898331 0.895228 0.656980 0.812205 0.625305 0.756141 0.546886 0.774850 0.556070 0.750454 0.834578 0.857458 0.406200 0.491779 0.418744 0.000000 0.994017 0.928717 0.620663 0.765829 0.974831 0.929058 0.443537 0.463586 0.770934 0.965991 0.816390 0.933290 0.712517 0.854410 0.679939 0.797036 0.708965 0.837170 0.892503 0.985759 0.966472 0.976372 0.988365 0.939841 0.967016 0.966270 0.751427 0.860929 0.826437 0.904465 0.909013 0.899286 0.973495 0.928930 0.888802 0.980431 0.899395 0.910073 0.908257 0.991135 0.783985 0.760000 0.817652 0.610419 0.713980 0.747867 0.929940 0.889396 0.460105 0.833696 0.925326 0.947626 0.617591 0.723652 0.759174 0.941598 0.893233 0.826237 0.910472 0.817294 0.770945 0.814769 0.944356 0.993855 0.745354 0.894929 0.680098 0.962245 0.530809 0.682241 0.780908 0.859739 0.851575 0.831271 0.637119 0.533247 0.739478 0.592154 0.957772 0.939249 0.878858 0.671815 0.812395 0.632572 0.923753 0.737184 0.801059 0.980921 0.811918 0.989110 0.898166 0.893687 0.908234 0.897052 0.900037 0.747085 0.733228 0.789115 0.874913 0.992357
0.679184 0.701123 0.804469 0.808205 0.962101 0.840288 0.998996 0.880423 0.989117 0.902654 0.720880 0.808450 0.861592 0.954317 0.899734 0.994017 0.000000 0.501982 0.829703 0.884936 0.918572 0.972071 0.980894 0.809863 0.785693 0.809469 0.867697 0.980936 0.704518 0.589365 0.866413 0.785527 0.742501 0.740325 0.919553 0.926185 0.970271 0.989128 0.740059 0.981123 0.962908 0.829159 0.939426 0.827892 0.788222 0.740699 0.998668 0.998771 0.773688 0.735219 0.793813 0.845769 0.758153 0.829738 0.988682 0.855182 0.638121 0.687060 0.859022 0.962105 0.820523 0.989291 0.536128 0.543112 0.759760 0.760092 0.937313 0.994739 0.982065 0.931069 0.911667 0.934760 0.944266 0.957058 0.961123 0.800398 0.983341 0.933747 0.730152 0.706295 0.588589 0.819997 0.932138 0.820634 0.962054 0.834951 0.887407 0.831720 0.948363 0.927591 0.931759 0.838522 0.819674 0.748789 0.888216 0.912334 0.960783 0.864278 0.867270 0.928840 0.923994 0.869126 0.720507 0.740440 0.944811 0.994143 0.955026 0.971933 0.992858 0.993077 0.863773 0.915005 0.988083 0.867952 0.996567 0.874413
0.642401 0.672718 0.769509 0.803684 0.913563 0.943774 0.984208 0.849206 0.902562 0.966383 0.682602 0.833274 0.805381 0.947037 0.832344 0.928717 0.501982 0.000000 0.853346 0.798884 0.959837 0.856446 0.945933 0.865439 0.938803 0.847707 0.912880 0.863810 0.690321 0.687099 0.886170 0.849397 0.677048 0.833590 0.870065 0.848037 0.963438 0.934060 0.820306 0.996907 0.891673 0.731971 0.993629 0.818024 0.826580 0.800264 0.917902 0.952493 0.789596 0.827105 0.851026 0.885125 0.829722 0.903875 0.964699 0.800592 0.624742 0.654382 0.843723 0.948252 0.838437 0.973810 0.558287 0.551183 0.864486 0.777874 0.993464 0.975727 0.910677 0.993913 0.914408 0.949555 0.921869 0.889153 0.897963 0.928944 0.932841 0.889733 0.737586 0.771155 0.662376 0.750095 0.901324 0.644019 0.945765 0.914355 0.926211 0.806959 0.945525 0.933178 0.880303 0.849645 0.881525 0.776794 0.939674 0.847077 0.917316 0.910328 0.834565 0.934572 0.893580 0.920198 0.865127 0.805827 0.967067 0.997590 0.889007 0.996619 0.992290 0.996181 0.947150 0.933904 0.951855 0.861802 0.934849 0.925505
0.792271 0.933389 0.730358 0.859769 0.828824 0.943796 0.422325 0.684024 0.549544 0.564651 0.643592 0.846955 0.439730 0.564305 0.608389 0.620663 0.829703 0.853346 0.000000 0.610692 0.898134 0.870688 0.561301 0.729267 0.899941 0.798779 0.973607 0.845784 0.610637 0.540670 0.690942 0.634158 0.677062 0.604787 0.873278 0.943729 0.772724 0.935276 0.786433 0.840806 0.987284 0.993788 0.881325 0.844489 0.765524 0.781299 0.956546 0.775955 0.812313 0.707542 0.991217 0.885635 0.812547 0.865386 0.932354 0.952964 0.988122 0.840760 0.989752 0.939786 0.548053 0.669270 0.820495 0.913418 0.821832 0.982554 0.922654 0.900570 0.874391 0.840963 0.736095 0.808526 0.702094 0.794694 0.928331 0.919494 0.772207 0.938935 0.927763 0.976623 0.897577 0.907594 0.859889 0.938002 0.670716 0.921077 0.935531 0.751988 0.752163 0.876522 0.583769 0.593821 0.750973 0.723959 0.954813 0.955478 0.915110 0.909900 0.704735 0.563787 0.816000 0.555167 0.956966 0.854534 0.968462 0.997416 0.967756 0.734276 0.988241 0.977316 0.836618 0.741894 0.792576 0.896807 0.960429 0.806406
0.832904 0.934066 0.849818 0.837276 0.950365 0.949221 0.651760 0.749324 0.862118 0.838571 0.669737 0.815748 0.629695 0.694186 0.816761 0.765829 0.884936 0.798884 0.610692 0.000000 0.832023 0.742345 0.803384 0.817216 0.934901 0.984915 0.980816 0.933515 0.812170 0.683369 0.890795 0.802827 0.858554 0.755283 0.826623 0.944541 0.911049 0.852724 0.949703 0.963176 0.976678 0.914409 0.913484 0.857153 0.989451 0.936262 0.996652 0.889460 0.970803 0.993029 0.968473 0.965259 0.870116 0.912373 0.957227 0.783461 0.921648 0.986412 0.976816 0.981348 0.766810 0.829074 0.932827 0.982764 0.853613 0.902300 0.913577 0.984918 0.925221 0.920719 0.683803 0.802523 0.829763 0.828941 0.828738 0.989288 0.737060 0.989176 0.912155 0.881572 0.941710 0.862291 0.840438 0.837666 0.820674 0.879942 0.948178 0.842771 0.714295 0.845422 0.827505 0.801817 0.767127 0.806020 0.997631 0.956612 0.928060 0.990384 0.832450 0.797136 0.840007 0.719359 0.958969 0.903334 0.936437 0.937140 0.890687 0.812619 0.974639 0.910541 0.892583 0.957084 0.874072 0.984654 0.986610 0.923204
0.945315 0.913351 0.939134 0.891848 0.834251 0.760683 0.948881 0.901746 0.898447 0.826492 0.884038 0.947826 0.933158 0.976123 0.951036 0.974831 0.918572 0.959837 0.898134 0.832023 0.000000 0.848458 0.769731 0.990151 0.778541 0.732331 0.975311 0.821572 0.920774 0.869439 0.909003 0.883326 0.965978 0.885624 0.960056 0.996089 0.859138 0.818372 0.804928 0.635991 0.863678 0.843329 0.718503 0.730021 0.868648 0.765339 0.741844 0.817700 0.900567 0.983362 0.813310 0.862973 0.984193 0.913768 0.861478 0.869853 0.882801 0.838187 0.814189 0.911623 0.987651 0.932061 0.920750 0.985507 0.970982 0.885505 0.794669 0.738111 0.966760 0.727609 0.900961 0.947568 0.842522 0.887267 0.959446 0.918794 0.986900 0.904992 0.929128 0.986469 0.930259 0.979654 0.974911 0.855174 0.897797 0.803976 0.980445 0.802377 0.966465 0.977541 0.878045 0.954032 0.835096 0.962854 0.879442 0.788421 0.895103 0.952129 0.924345 0.944016 0.798862 0.853578 0.953820 0.820698 0.907938 0.879001 0.905431 0.980478 0.874704 0.889797 0.963271 0.916943 0.882004 0.869179 0.869306 0.979029
0.966437 0.974058 0.977831 0.958958 0.960769 0.973558 0.879637 0.990771 0.988779 0.996878 0.996873 0.964702 0.875715 0.832975 0.916940 0.929058 0.972071 0.856446 0.870688 0.742345 0.848458 0.000000 0.945765 0.908296 0.992184 0.935116 0.953433 0.994304 0.867070 0.962535 0.962029 0.908742 0.842332 0.886139 0.999394 0.957248 0.991037 0.829447 0.982367 0.916094 0.988356 0.884340 0.990011 0.981463 0.996721 0.961515 0.981603 0.916327 0.964933 0.985838 0.972692 0.905043 0.865242 0.977470 0.930655 0.923341 0.980906 0.939092 0.929346 0.939823 0.990055 0.945428 0.978825 0.940749 0.933692 0.991508 0.977416 0.944852 0.930476 0.882947 0.818871 0.962069 0.950632 0.984753 0.970429 0.900981 0.904232 0.972711 0.974069 0.889627 0.959214 0.972127 0.940740 0.949835 0.840617 0.993801 0.912431 0.798247 0.741769 0.824535 0.998720 0.940576 0.970797 0.865945 0.803235 0.809614 0.954578 0.959401 0.986282 0.928450 0.961273 0.907142 0.969973 0.955507 0.885675 0.940499 0.903192 0.955732 0.967369 0.955784 0.983554 0.932361 0.936433 0.935625 0.953452 0.947593
0.905496 0.801607 0.789873 0.926178 0.556033 0.928014 0.585795 0.997578 0.498229 0.589239 0.958520 0.983438 0.446143 0.584309 0.392529 0.443537 0.980894 0.945933 0.561301 0.803384 0.769731 0.945765 0.000000 0.581193 0.980021 0.723736 0.839090 0.916003 0.662487 0.742900 0.725655 0.789523 0.719802 0.946789 0.915860 0.947628 0.802300 0.877341 0.776821 0.658764 0.923022 0.859534 0.995935 0.932730 0.749296 0.962928 0.900781 0.962744 0.909804 0.934958 0.833875 0.989192 0.782418 0.725872 0.797164 0.826469 0.802381 0.749262 0.752167 0.628938 0.667295 0.781296 0.986428 0.984497 0.597588 0.923305 0.880822 0.714227 0.692908 0.682506 0.832494 0.894717 0.807830 0.824850 0.952520 0.864745 0.857336 0.911731 0.981788 0.922029 0.880933 0.891125 0.664595 0.980963 0.459058 0.911100 0.791681 0.613886 0.825482 0.886762 0.765190 0.578740 0.950529 0.700710 0.991274 0.984768 0.875882 0.697475 0.797613 0.609518 0.937995 0.686594 0.776903 0.922074 0.967217 0.862394 0.947239 0.954861 0.977291 0.920786 0.979559 0.793371 0.803139 0.991355 0.980786 0.961085
0.901119 0.935894 0.550988 0.659121 0.705134 0.740567 0.635477 0.709869 0.633699 0.913262 0.977061 0.828507 0.570074 0.554935 0.671320 0.463586 0.809863 0.865439 0.729267 0.817216 0.990151 0.908296 0.581193 0.000000 0.634258 0.833331 0.750773 0.960105 0.925021 0.945573 0.836783 0.921348 0.828563 0.856941 0.858306 0.979975 0.992001 0.805623 0.870948 0.987712 0.890024 0.922046 0.752979 0.968807 0.973839 0.949975 0.869063 0.903554 0.805173 0.828665 0.906986 0.935610 0.937833 0.985539 0.956111 0.952247 0.746791 0.786392 0.894896 0.764805 0.766537 0.662436 0.821274 0.767050 0.423548 0.616750 0.774254 0.884933 0.802002 0.791492 0.762244 0.999432 0.969042 0.968697 0.834700 0.878118 0.836741 0.773482 0.916094 0.826657 0.683428 0.920218 0.682544 0.975301 0.514758 0.531004 0.708526 0.902536 0.753476 0.868768 0.669836 0.611886 0.684868 0.574689 0.927586 0.802233 0.925395 0.878149 0.932817 0.730817 0.857084 0.776481 0.652086 0.992406 0.733325 0.767777 0.903892 0.896065 0.915822 0.996060 0.977889 0.857785 0.766744 0.921938 0.862051 0.890546
0.997647 0.834088 0.550299 0.540257 0.938077 0.545170 0.855666 0.662903 0.911816 0.713283 0.996236 0.788526 0.917687 0.874808 0.994045 0.770934 0.785693 0.938803 0.899941 0.934901 0.778541 0.992184 0.980021 0.634258 0.000000 0.469435 0.733651 0.733953 0.821816 0.747136 0.885089 0.824817 0.879610 0.881765 0.826468 0.884666 0.705169 0.674574 0.552656 0.628557 0.863353 0.943351 0.686934 0.906558 0.791295 0.877743 0.709210 0.899203 0.648618 0.612513 0.936077 0.975960 0.689731 0.620613 0.749311 0.820574 0.894480 0.997777 0.970099 0.985726 0.953249 0.751196 0.729255 0.728544 0.509778 0.422397 0.590497 0.595804 0.983027 0.986047 0.958471 0.917993 0.930674 0.948771 0.928332 0.978635 0.858339 0.746304 0.939416 0.960038 0.821178 0.895396 0.882809 0.784432 0.808210 0.429921 0.691867 0.726937 0.780803 0.880782 0.787256 0.837503 0.595878 0.680463 0.885669 0.725727 0.879935 0.948768 0.917964 0.953888 0.686479 0.973563 0.791520 0.935792 0.654861 0.632142 0.994600 0.999026 0.916313 0.866086 0.982007 0.989139 0.923794 0.873755 0.779615 0.797502
0.985864 0.795223 0.628849 0.508610 0.848418 0.506954 0.973675 0.625041 0.793789 0.641496 0.943986 0.794904 0.889281 0.944030 0.809918 0.965991 0.809469 0.847707 0.798779 0.984915 0.732331 0.935116 0.723736 0.833331 0.469435 0.000000 0.934777 0.617078 0.742751 0.645634 0.962871 0.904564 0.997977 0.838291 0.842585 0.930554 0.693879 0.799989 0.536701 0.540420 0.857831 0.971766 0.623824 0.792780 0.778834 0.940136 0.660008 0.820529 0.708127 0.710771 0.926935 0.881611 0.731234 0.649587 0.693353 0.711705 0.956389 0.916438 0.768913 0.831397 0.991234 0.828013 0.739380 0.748395 0.675210 0.414844 0.503971 0.489397 0.919753 0.926726 0.988609 0.863176 0.912600 0.999716 0.855226 0.980961 0.868677 0.785472 0.986734 0.958138 0.863275 0.867801 0.970294 0.894150 0.991147 0.484066 0.921479 0.589646 0.954678 0.811600 0.790469 0.900894 0.612050 0.763473 0.993584 0.736285 0.807461 0.818648 0.900708 0.909726 0.716522 0.856188 0.990028 0.981997 0.731608 0.650789 0.995792 0.974411 0.925475 0.880097 0.978160 0.993441 0.924766 0.900737 0.837448 0.799951
0.851936 0.903028 0.862906 0.888116 0.863142 0.894979 0.991652 0.978388 0.889549 0.988477 0.855154 0.894829 0.977166 0.997974 0.896792 0.816390 0.867697 0.912880 0.973607 0.980816 0.975311 0.953433 0.839090 0.750773 0.733651 0.934777 0.000000 0.904390 0.960547 0.831409 0.941662 0.858953 0.927503 0.906957 0.992455 0.832229 0.889301 0.850962 0.860231 0.975144 0.977504 0.896158 0.946888 0.811466 0.801861 0.771003 0.961763 0.923428 0.735072 0.716906 0.770810 0.836490 0.870202 0.913045 0.963726 0.883970 0.781228 0.863461 0.792219 0.809772 0.892378 0.964853 0.790006 0.765477 0.687791 0.827576 0.947566 0.951724 0.981206 0.877004 0.993967 0.931715 0.931587 0.848866 0.952862 0.992141 0.905613 0.998777 0.911945 0.914460 0.848096 0.907403 0.804852 0.883413 0.798346 0.810189 0.739961 0.950978 0.835244 0.999250 0.999920 0.839188 0.959722 0.867293 0.979672 0.904423 0.958054 0.986196 0.886449 0.930800 0.923333 0.917466 0.679622 0.789959 0.933266 0.853192 0.948629 0.976119 0.986004 0.983884 0.907289 0.946534 0.947599 0.915310 0.865129 0.767902
0.934042 0.807835 0.897521 0.844521 0.913570 0.673006 0.978972 0.912903 0.841037 0.728434 0.952382 0.975926 0.961905 0.944075 0.975676 0.933290 0.980936 0.863810 0.845784 0.933515 0.821572 0.994304 0.916003 0.960105 0.733953 0.617078 0.904390 0.000000 0.887036 0.770138 0.973501 0.982724 0.847125 0.961147 0.703315 0.952788 0.922201 0.988791 0.727344 0.731757 0.847110 0.868847 0.768130 0.840846 0.974727 0.979775 0.805780 0.873913 0.885333 0.813934 0.945167 0.910571 0.893185 0.821203 0.780586 0.831123 0.992527 0.894925 0.851446 0.995698 0.936114 0.956920 0.962350 0.992404 0.784518 0.745980 0.736566 0.711590 0.985179 0.980735 0.935957 0.876961 0.846002 0.958009 0.895145 0.967147 0.890141 0.842981 0.881456 0.870019 0.988455 0.955094 0.996668 0.812184 0.956782 0.717534 0.969701 0.796255 0.894049 0.880544 0.921599 0.973072 0.831028 0.926591 0.961777 0.928515 0.932916 0.917864 0.946180 0.957154 0.998543 0.875133 0.962362 0.965257 0.776820 0.774560 0.929284 0.955752 0.882163 0.904597 0.977877 0.927830 0.991677 0.938743 0.937338 0.937691
0.858121 0.874649 0.958978 0.828741 0.892688 0.934275 0.679652 0.961545 0.748454 0.610388 0.670653 0.868715 0.603695 0.690121 0.566415 0.712517 0.704518 0.690321 0.610637 0.812170 0.920774 0.867070 0.662487 0.925021 0.821816 0.742751 0.960547 0.887036 0.000000 0.503128 0.740418 0.626093 0.575829 0.684424 0.977992 0.914001 0.897445 0.819102 0.707318 0.710553 0.938132 0.883250 0.950036 0.896231 0.731125 0.760293 0.884737 0.934241 0.743962 0.749098 0.996390 0.959663 0.736358 0.810489 0.938022 0.917288 0.932204 0.886676 0.934781 0.815324 0.720339 0.873067 0.661222 0.704080 0.981018 0.719030 0.918120 0.805218 0.731627 0.749336 0.980021 0.736735 0.822019 0.888805 0.899908 0.849875 0.969047 0.921336 0.834855 0.932545 0.785322 0.993592 0.819530 0.995394 0.847014 0.863879 0.839684 0.722766 0.938803 0.905767 0.883431 0.891887 0.981982 0.945416 0.986229 0.839927 0.929960 0.779526 0.690862 0.761529 0.993230 0.810787 0.887030 0.897303 0.856032 0.742486 0.985242 0.909327 0.747995 0.892751 0.906540 0.803245 0.947843 0.819121 0.919326 0.757574
0.718217 0.985088 0.981710 0.870385 0.985571 0.835701 0.677179 0.912993 0.719069 0.536963 0.602299 0.896330 0.669446 0.873897 0.683189 0.854410 0.589365 0.687099 0.540670 0.683369 0.869439 0.962535 0.742900 0.945573 0.747136 0.645634 0.831409 0.770138 0.503128 0.000000 0.738623 0.607974 0.733178 0.725613 0.778744 0.915028 0.896547 0.873728 0.593443 0.697517 0.962451 0.889496 0.904953 0.923973 0.806173 0.799989 0.807168 0.963975 0.706068 0.697595 0.975867 0.970563 0.788497 0.870790 0.903217 0.991358 0.827158 0.954394 0.980121 0.979756 0.744158 0.936043 0.709828 0.695344 0.836890 0.677163 0.876131 0.736461 0.914449 0.997999 0.862139 0.736787 0.679062 0.826611 0.950909 0.869947 0.978731 0.980770 0.809546 0.840258 0.649118 0.874785 0.937372 0.993267 0.960657 0.764717 0.882539 0.770011 0.877771 0.947308 0.871982 0.899362 0.947617 0.999623 0.965463 0.921111 0.994321 0.964496 0.721709 0.739514 0.989371 0.608467 0.792544 0.741401 0.880257 0.836408 0.992091 0.906126 0.932163 0.992124 0.791486 0.871542 0.926060 0.893481 0.875139 0.743506
0.995842 0.871878 0.764628 0.864964 0.996194 0.881130 0.628732 0.779629 0.723332 0.635585 0.790877 0.943510 0.681897 0.753843 0.667600 0.679939 0.866413 0.886170 0.690942 0.890795 0.909003 0.962029 0.725655 0.836783 0.885089 0.962871 0.941662 0.973501 0.740418 0.738623 0.000000 0.698502 0.695756 0.721539 0.938881 0.870059 0.963179 0.972103 0.980048 0.944180 0.990694 0.939408 0.892171 0.908645 0.822317 0.830259 0.934308 0.888299 0.899518 0.818245 0.997642 0.922586 0.834968 0.885843 0.966827 0.957305 0.858450 0.866441 0.936960 0.895990 0.843886 0.888897 0.914106 0.942985 0.845877 0.923419 0.899080 0.958522 0.713849 0.822399 0.893623 0.894177 0.908902 0.915138 0.888239 0.892792 0.724466 0.925320 0.907625 0.806948 0.948729 0.844239 0.883876 0.967579 0.891072 0.945395 0.958312 0.976013 0.889459 0.908557 0.783636 0.728516 0.849653 0.757612 0.920224 0.954100 0.945278 0.972472 0.877317 0.713061 0.845247 0.755680 0.996922 0.995694 0.896231 0.957773 0.870563 0.882473 0.977494 0.920341 0.992170 0.895118 0.910972 0.815944 0.963625 0.853317
0.797324 0.936848 0.855536 0.914602 0.928308 0.918272 0.586437 0.747116 0.782600 0.628511 0.681321 0.985537 0.636981 0.748254 0.696870 0.797036 0.785527 0.849397 0.634158 0.802827 0.883326 0.908742 0.789523 0.921348 0.824817 0.904564 0.858953 0.982724 0.626093 0.607974 0.698502 0.000000 0.684915 0.687972 0.879779 0.970250 0.921505 0.852431 0.893201 0.776491 0.926420 0.920919 0.874467 0.806420 0.770694 0.744982 0.987973 0.770344 0.815156 0.719370 0.891834 0.900602 0.733575 0.841284 0.930649 0.923108 0.897013 0.810397 0.954066 0.997166 0.721590 0.942691 0.823072 0.888069 0.993813 0.869724 0.939903 0.946005 0.769554 0.881033 0.827938 0.698997 0.779575 0.779915 0.972886 0.841478 0.784809 0.884093 0.839709 0.886969 0.903960 0.868833 0.914911 0.922809 0.941395 0.929170 0.873887 0.932658 0.997067 0.975329 0.762420 0.792119 0.843641 0.885776 0.993756 0.931113 0.964369 0.931808 0.650448 0.686754 0.934231 0.728315 0.772275 0.835243 0.960893 0.981799 0.865805 0.775315 0.949757 0.961271 0.899306 0.836869 0.844118 0.875068 0.921449 0.735489
0.792769 0.945086 0.830252 0.986679 0.890414 0.798499 0.633374 0.878796 0.878247 0.906775 0.646341 0.719637 0.564845 0.602143 0.620081 0.708965 0.742501 0.677048 0.677062 0.858554 0.965978 0.842332 0.719802 0.828563 0.879610 0.997977 0.927503 0.847125 0.575829 0.733178 0.695756 0.684915 0.000000 0.596110 0.737776 0.914724 0.975688 0.999420 0.911331 0.963873 0.897839 0.881435 0.821535 0.764363 0.663966 0.734725 0.830141 0.847560 0.883305 0.841775 0.779914 0.758366 0.758946 0.899334 0.950341 0.792756 0.907056 0.997164 0.799829 0.987394 0.520706 0.696073 0.663672 0.707048 0.828945 0.943096 0.696258 0.808990 0.792726 0.858224 0.913754 0.876190 0.875484 0.921159 0.994003 0.809135 0.896233 0.865104 0.889797 0.871216 0.848205 0.884778 0.842955 0.772629 0.708148 0.812567 0.995063 0.832626 0.914973 0.882872 0.719342 0.892970 0.759324 0.965526 0.979805 0.970869 0.721342 0.979197 0.648147 0.604494 0.724137 0.795280 0.813654 0.864493 0.868296 0.886856 0.933241 0.970919 0.964197 0.924969 0.778067 0.844660 0.921299 0.846092 0.868548 0.789723
0.694645 0.909804 0.736596 0.805962 0.946761 0.763577 0.626215 0.665874 0.873268 0.877542 0.606237 0.739128 0.650466 0.641658 0.805342 0.837170 0.740325 0.833590 0.604787 0.755283 0.885624 0.886139 0.946789 0.856941 0.881765 0.838291 0.906957 0.961147 0.684424 0.725613 0.721539 0.687972 0.596110 0.000000 0.885513 0.911399 0.988617 0.928412 0.990891 0.910765 0.868747 0.865718 0.674845 0.645488 0.701141 0.598013 0.744182 0.625571 0.791181 0.755282 0.687481 0.703099 0.831284 0.960407 0.763576 0.708189 0.900837 0.979398 0.663272 0.833836 0.523865 0.631341 0.726813 0.824689 0.897479 0.819772 0.610518 0.677708 0.836669 0.911352 0.837081 0.773111 0.936617 0.883529 0.820667 0.847968 0.729721 0.809908 0.881693 0.748288 0.782151 0.869730 0.911585 0.949346 0.857722 0.742329 0.899887 0.986909 0.854442 0.819288 0.600968 0.846877 0.616967 0.885602 0.986623 0.864674 0.865105 0.830099 0.649113 0.657437 0.617426 0.721142 0.713043 0.767219 0.889933 0.779615 0.947578 0.801576 0.993599 0.922470 0.701329 0.651281 0.835888 0.672925 0.908080 0.850996
0.962828 0.791053 0.989584 0.900796 0.856740 0.691940 0.904218 0.829137 0.966192 0.723321 0.923964 0.792016 0.921311 0.767970 0.883238 0.892503 0.919553 0.870065 0.873278 0.826623 0.960056 0.999394 0.915860 0.858306 0.826468 0.842585 0.992455 0.703315 0.977992 0.778744 0.938881 0.879779 0.737776 0.885513 0.000000 0.767360 0.855040 0.969038 0.810515 0.870770 0.849638 0.993631 0.835306 0.907838 0.763151 0.897781 0.725128 0.924054 0.974227 0.965608 0.756404 0.710672 0.814449 0.842575 0.861992 0.801401 0.958544 0.889883 0.817134 0.983771 0.782880 0.827906 0.804215 0.823163 0.821319 0.807206 0.686645 0.662662 0.915897 0.948669 0.930544 0.850658 0.861866 0.985816 0.881775 0.870155 0.974304 0.702403 0.939563 0.855402 0.943895 0.933569 0.848941 0.866358 0.758499 0.746360 0.860615 0.907290 0.968921 0.918562 0.922518 0.902497 0.915650 0.904435 0.891245 0.959611 0.913712 0.988069 0.847847 0.917708 0.988454 0.979950 0.926362 0.952506 0.898435 0.853289 0.882744 0.954597 0.808309 0.970620 0.941437 0.958796 0.985007 0.905817 0.837887 0.930816
0.876975 0.877867 0.938148 0.974693 0.949069 0.889531 0.903367 0.917048 0.848500 0.872896 0.927541 0.815466 0.958260 0.867808 0.951470 0.985759 0.926185 0.848037 0.943729 0.944541 0.996089 0.957248 0.947628 0.979975 0.884666 0.930554 0.832229 0.952788 0.914001 0.915028 0.870059 0.970250 0.914724 0.911399 0.767360 0.000000 0.833992 0.895656 0.855045 0.937477 0.799536 0.975823 0.996850 0.977071 0.962200 0.961085 0.918831 0.905434 0.914708 0.959978 0.851835 0.860521 0.988605 0.989405 0.892119 0.797572 0.984438 0.917781 0.817189 0.855421 0.865815 0.880022 0.876929 0.852661 0.970863 0.894704 0.811390 0.761531 0.967932 0.928517 0.913742 0.853770 0.894103 0.897809 0.966018 0.938689 0.897411 0.995170 0.924925 0.787819 0.999174 0.944912 0.831550 0.893269 0.927778 0.891880 0.913192 0.966703 0.854751 0.981126 0.975903 0.864983 0.919617 0.891257 0.976004 0.960711 0.885899 0.835724 0.942116 0.951233 0.999111 0.973609 0.956849 0.822580 0.827398 0.793722 0.983770 0.943624 0.841781 0.975061 0.863636 0.991108 0.998025 0.886226 0.868795 0.853263
0.972042 0.794298 0.827215 0.801433 0.805568 0.851447 0.910653 0.885993 0.779850 0.788283 0.914306 0.810827 0.857732 0.911743 0.837142 0.966472 0.970271 0.963438 0.772724 0.911049 0.859138 0.991037 0.802300 0.992001 0.705169 0.693879 0.889301 0.922201 0.897445 0.896547 0.963179 0.921505 0.975688 0.988617 0.855040 0.833992 0.000000 0.873500 0.649101 0.826122 0.833750 0.955032 0.786738 0.852916 0.946351 0.966800 0.721039 0.836255 0.984010 0.927694 0.867437 0.924770 0.933263 0.846112 0.731696 0.862086 0.842119 0.776898 0.879626 0.831202 0.909937 0.932940 0.981382 0.951597 0.964470 0.810564 0.757800 0.755489 0.825964 0.857006 0.960490 0.946232 0.849817 0.966637 0.955651 0.853803 0.905574 0.926992 0.860716 0.920359 0.987235 0.828016 0.870877 0.938471 0.939631 0.800857 0.875634 0.860504 0.986424 0.975607 0.975920 0.968862 0.859664 0.904771 0.942910 0.860837 0.930083 0.848822 0.935947 0.996855 0.870940 0.895001 0.969315 0.984712 0.770623 0.844878 0.947745 0.936341 0.980154 0.951946 0.993754 0.994681 0.980529 0.894894 0.789216 0.914080
0.959697 0.920355 0.846704 0.799268 0.928000 0.891429 0.989907 0.873415 0.835943 0.818779 0.935979 0.893445 0.989220 0.984176 0.848503 0.976372 0.989128 0.934060 0.935276 0.852724 0.818372 0.829447 0.877341 0.805623 0.674574 0.799989 0.850962 0.988791 0.819102 0.873728 0.972103 0.852431 0.999420 0.928412 0.969038 0.895656 0.873500 0.000000 0.796347 0.724520 0.959338 0.976501 0.859955 0.977289 0.878170 0.967050 0.839991 0.972942 0.808189 0.773644 0.965384 0.948875 0.801807 0.827790 0.948710 0.879224 0.957568 0.912703 0.965264 0.905194 0.996910 0.908595 0.948200 0.882645 0.834771 0.732633 0.793511 0.815661 0.888372 0.839943 0.894982 0.983270 0.894133 0.924245 0.965965 0.908833 0.940612 0.888983 0.958008 0.927831 0.967359 0.951016 0.877643 0.832387 0.933457 0.739563 0.826278 0.968882 0.688945 0.850347 0.961067 0.988584 0.843792 0.838557 0.906764 0.847274 0.886497 0.845177 0.884908 0.984308 0.726341 0.974770 0.921618 0.982295 0.734748 0.702526 0.953526 0.984067 0.966389 0.883410 0.890950 0.992863 0.937604 0.993617 0.872567 0.866544
