0.000000 0.331544 0.947599 0.758706 0.956735 0.868284 0.952207 0.592959 0.960379 0.917468 0.764666 0.297517 0.579042 0.539632 0.799737 0.709306 0.520612 0.411750 0.552354 0.473817 0.928066 0.949582 0.746332 0.701844 0.841024 0.966479 0.979523 0.924508 0.601155 0.491011 0.800685 0.684419 0.712036 0.679633 0.962398 0.856621 0.943096 0.721380 0.881630 0.897978 0.862099 0.833188 0.723185 0.655718 0.789551 0.626734 0.648395 0.671583 0.636886 0.470093 0.490785 0.514425 0.722860 0.786483 0.723745 0.765440 0.380429 0.343687 0.529438 0.365193 0.760677 0.562691 0.512895 0.309257 0.844211 0.809012 0.870030 0.797554 0.480012 0.554841 0.708769 0.717345 0.804656 0.815017 0.832955 0.974633 0.949263 0.863018 0.753946 0.637518 0.366838 0.390788 0.673574 0.716427 0.508108 0.520133 0.950405 0.883018 0.627627 0.434336 0.906036 0.930326 0.937759 0.995211 0.858978 0.915404 0.834354 0.846626 0.701599 0.758206 0.996039 0.966959 0.717537 0.885466 0.788545 0.915957 0.839176 0.955159 0.995295 0.810443 0.925825 0.835677 0.807541 0.905054 0.880198 0.967487
0.331544 0.000000 0.748837 0.620638 0.901691 0.997794 0.967110 0.585760 0.905469 0.907748 0.946054 0.388405 0.679525 0.654223 0.846158 0.729925 0.416366 0.341476 0.585746 0.509436 0.748707 0.915984 0.716797 0.647616 0.607826 0.779093 0.810820 0.962684 0.630248 0.434790 0.638049 0.638040 0.650313 0.608840 0.839889 0.768408 0.698079 0.599098 0.784891 0.911510 0.868915 0.782431 0.556935 0.516829 0.793910 0.632010 0.510967 0.570554 0.778236 0.480711 0.485412 0.444299 0.650528 0.694081 0.664448 0.706246 0.263205 0.262607 0.560224 0.392394 0.896543 0.601291 0.717768 0.413264 0.672710 0.642254 0.719993 0.642241 0.454080 0.455523 0.673331 0.665067 0.740391 0.783332 0.890960 0.871055 0.836550 0.831654 0.649695 0.506496 0.342120 0.448597 0.551131 0.626424 0.591145 0.478649 0.925468 0.897696 0.768961 0.430728 0.928173 0.935430 0.930161 0.947216 0.884681 0.893216 0.766204 0.809675 0.926450 0.767881 0.893489 0.894542 0.881501 0.953350 0.757272 0.856474 0.771737 0.858301 0.938578 0.717942 0.998122 0.915642 0.828738 0.904063 0.849278 0.942952
0.947599 0.748837 0.000000 0.366928 0.936637 0.917746 0.485888 0.477624 0.667702 0.989510 0.726380 0.920842 0.867584 0.811342 0.633185 0.617780 0.723248 0.718455 0.691886 0.809346 0.615073 0.852283 0.528465 0.540982 0.334822 0.328881 0.753909 0.962581 0.850501 0.692564 0.394574 0.537180 0.562298 0.659754 0.530394 0.700567 0.723861 0.765411 0.648709 0.929686 0.876967 0.802994 0.503757 0.541542 0.907262 0.893503 0.601647 0.654262 0.621629 0.965201 0.833379 0.820723 0.710944 0.603488 0.849915 0.942913 0.727071 0.738507 0.862011 0.808029 0.657550 0.710337 0.997379 0.913822 0.342325 0.359382 0.375604 0.406026 0.912329 0.804145 0.602907 0.644824 0.583535 0.538630 0.816328 0.838321 0.542261 0.692510 0.723278 0.833452 0.905613 0.908820 0.679158 0.966692 0.757363 0.587854 0.992658 0.958755 0.846971 0.872801 0.846133 0.989810 0.790944 0.836886 0.907082 0.790831 0.772302 0.909223 0.952548 0.733786 0.893480 0.916091 0.973422 0.999205 0.586241 0.642517 0.677435 0.749214 0.997114 0.740929 0.885940 0.961300 0.862542 0.918020 0.654167 0.824097
0.758706 0.620638 0.366928 0.000000 0.845593 0.830001 0.625068 0.367142 0.620629 0.953574 0.718435 0.699911 0.673666 0.571636 0.480649 0.383087 0.721350 0.665205 0.557511 0.727641 0.605482 0.923476 0.326453 0.377482 0.342287 0.421291 0.623649 0.912692 0.925338 0.635404 0.357641 0.446897 0.456699 0.733472 0.571215 0.651240 0.693151 0.678956 0.838749 0.880586 0.990717 0.864073 0.404582 0.456548 0.978904 0.956679 0.688383 0.594724 0.715981 0.817165 0.601829 0.534841 0.486619 0.380894 0.853819 0.996513 0.650732 0.578887 0.908969 0.605232 0.695258 0.515256 0.934756 0.766176 0.291148 0.285603 0.420500 0.434108 0.812644 0.734840 0.392453 0.468595 0.501405 0.506990 0.819934 0.830012 0.614672 0.562350 0.715473 0.685489 0.875314 0.891357 0.558240 0.955379 0.591219 0.415898 0.945787 0.945870 0.970859 0.647637 0.700080 0.825159 0.674501 0.677797 0.807263 0.729966 0.821125 0.857488 0.835496 0.636977 0.924232 0.854594 0.970988 0.926548 0.535797 0.577098 0.714110 0.710361 0.961669 0.825348 0.841504 0.934338 0.867014 0.957285 0.561084 0.804567
0.956735 0.901691 0.936637 0.845593 0.000000 0.630338 0.719037 0.725725 0.489551 0.609162 0.916243 0.960494 0.684186 0.795901 0.680128 0.749295 0.913942 0.855061 0.677338 0.838121 0.967001 0.919278 0.710838 0.822040 0.963368 0.962407 0.823286 0.869384 0.910138 0.928768 0.853389 0.863233 0.839217 0.966979 0.870714 0.969499 0.921992 0.953433 0.845240 0.787137 0.830002 0.895430 0.945733 0.901686 0.945087 0.903091 0.816431 0.905825 0.877674 0.879090 0.894187 0.937562 0.810561 0.794329 0.986863 0.889102 0.888076 0.987183 0.984777 0.929353 0.628171 0.597413 0.901900 0.881944 0.949067 0.883558 0.857543 0.988189 0.995442 0.997053 0.690584 0.945530 0.965234 0.885052 0.988152 0.920606 0.828285 0.842493 0.783527 0.978058 0.886011 0.962300 0.859341 0.833943 0.775137 0.919984 0.987693 0.884716 0.869571 0.963666 0.566368 0.595820 0.603467 0.695166 0.945757 0.860763 0.899314 0.793957 0.754301 0.820486 0.741608 0.688466 0.952086 0.931604 0.876501 0.902152 0.849158 0.923866 0.926976 0.970111 0.921877 0.890519 0.879825 0.998226 0.853594 0.865629
0.868284 0.997794 0.917746 0.830001 0.630338 0.000000 0.681290 0.727121 0.644426 0.698114 0.971294 0.893043 0.897904 0.886155 0.784895 0.723131 0.869567 0.947371 0.706438 0.855385 0.885010 0.917484 0.671154 0.706772 0.924937 0.958462 0.899264 0.830882 0.880155 0.959833 0.848163 0.996143 0.865691 0.906636 0.811882 0.887319 0.933422 0.934590 0.943920 0.877504 0.967312 0.966489 0.999833 0.961853 0.682951 0.858699 0.985325 0.880412 0.869476 0.812565 0.768698 0.815118 0.739270 0.713397 0.902808 0.785432 0.998451 0.901345 0.863438 0.829474 0.674809 0.808304 0.833009 0.797110 0.923101 0.929758 0.740657 0.850759 0.963550 0.942694 0.839595 0.866571 0.929875 0.977136 0.960331 0.786970 0.803746 0.853012 0.904490 0.835111 0.953252 0.863852 0.900232 0.927872 0.695953 0.797685 0.965334 0.958812 0.850798 0.876636 0.550823 0.644021 0.576133 0.806520 0.894490 0.987277 0.902525 0.900454 0.657371 0.772726 0.841564 0.826371 0.796652 0.928529 0.864896 0.950526 0.918763 0.945928 0.981575 0.875100 0.959421 0.725214 0.858956 0.964770 0.751285 0.908092
0.952207 0.967110 0.485888 0.625068 0.719037 0.681290 0.000000 0.435748 0.501336 0.531207 0.949101 0.979281 0.821525 0.912007 0.739584 0.831828 0.814441 0.906686 0.562491 0.861008 0.920428 0.830560 0.728971 0.872931 0.747027 0.698108 0.957629 0.911983 0.639859 0.835519 0.601658 0.679896 0.768368 0.666391 0.698983 0.856121 0.994878 0.996600 0.884031 0.882931 0.796524 0.781440 0.733641 0.742585 0.963392 0.990637 0.772146 0.799519 0.844596 0.940100 0.840115 0.979520 0.838669 0.814774 0.906427 0.959503 0.919567 0.933140 0.701449 0.775935 0.338206 0.664132 0.669035 0.821868 0.684866 0.657986 0.619371 0.679099 0.983385 0.971976 0.743378 0.882752 0.756253 0.772415 0.956173 0.966463 0.637730 0.840395 0.849092 0.997479 0.982880 0.867076 0.881737 0.780227 0.775776 0.846412 0.915260 0.879637 0.865118 0.987166 0.551824 0.733066 0.588151 0.768978 0.897545 0.816565 0.790142 0.745424 0.689018 0.672621 0.659832 0.784159 0.891142 0.930990 0.665006 0.834850 0.768956 0.856350 0.988442 0.833747 0.843320 0.943926 0.761316 0.943150 0.750256 0.904446
0.592959 0.585760 0.477624 0.367142 0.725725 0.727121 0.435748 0.000000 0.515193 0.623082 0.979234 0.557161 0.507229 0.500379 0.487013 0.514049 0.670953 0.636554 0.376170 0.550980 0.759601 0.883828 0.446347 0.552423 0.570636 0.637224 0.844825 0.900876 0.638428 0.593354 0.428195 0.492392 0.527654 0.652902 0.686862 0.736246 0.846571 0.773905 0.969592 0.887530 0.938684 0.770942 0.535695 0.555921 0.954268 0.934686 0.701888 0.666006 0.926435 0.812073 0.552089 0.615582 0.570927 0.549240 0.847287 0.956658 0.614160 0.536026 0.691708 0.472758 0.425474 0.330057 0.732456 0.542544 0.513962 0.458752 0.590665 0.589976 0.742694 0.710179 0.445979 0.545304 0.563361 0.567627 0.936568 0.929716 0.631349 0.731963 0.775055 0.729647 0.755938 0.690333 0.685895 0.979359 0.511431 0.502059 0.928737 0.981723 0.863770 0.632852 0.541524 0.643764 0.583497 0.645423 0.826991 0.751761 0.716523 0.793522 0.621252 0.532689 0.707162 0.767907 0.919145 0.907423 0.588227 0.672145 0.710832 0.689695 0.978337 0.809354 0.812173 0.860639 0.782364 0.984162 0.670040 0.874064
0.960379 0.905469 0.667702 0.620629 0.489551 0.644426 0.501336 0.515193 0.000000 0.506341 0.863809 0.967421 0.627611 0.698979 0.585807 0.621879 0.932688 0.889620 0.614996 0.877992 0.880599 0.974998 0.582115 0.717711 0.826392 0.788363 0.824665 0.991612 0.909765 0.929761 0.623347 0.803600 0.803853 0.953466 0.811121 0.906947 0.940978 0.990288 0.880337 0.752108 0.818513 0.951432 0.884578 0.964728 0.962848 0.828445 0.891384 0.998366 0.771909 0.800407 0.905493 0.970947 0.766331 0.734223 0.939915 0.867067 0.914455 0.987056 0.984577 0.950217 0.524171 0.535478 0.958104 0.928221 0.781738 0.718926 0.767509 0.875051 0.988195 0.994394 0.575691 0.732176 0.693023 0.623638 0.864032 0.930888 0.692604 0.732045 0.822555 0.896514 0.786489 0.854520 0.922363 0.703345 0.809731 0.886794 0.898530 0.995086 0.989838 0.991032 0.432826 0.538532 0.504890 0.531416 0.956827 0.768450 0.845204 0.826763 0.627009 0.674708 0.692705 0.718345 0.957718 0.861067 0.738149 0.727228 0.906087 0.689363 0.902664 0.917583 0.874831 0.847126 0.862025 0.995025 0.696628 0.914731
0.917468 0.907748 0.989510 0.953574 0.609162 0.698114 0.531207 0.623082 0.506341 0.000000 0.866169 0.886669 0.656772 0.818560 0.802456 0.968959 0.957394 0.936340 0.655143 0.874019 0.811989 0.931116 0.925722 0.886939 0.757615 0.807113 0.833926 0.959617 0.663667 0.922432 0.862594 0.908197 0.954784 0.871529 0.996815 0.968692 0.732013 0.883561 0.713736 0.871914 0.892372 0.994199 0.921127 0.902875 0.883897 0.931472 0.884478 0.887790 0.866057 0.943644 0.913666 0.949804 0.963229 0.996359 0.985363 0.912353 0.888225 0.953949 0.863146 0.858702 0.467911 0.655037 0.674492 0.792252 0.843188 0.901585 0.922221 0.833059 0.966662 0.990629 0.828895 0.873639 0.992794 0.941711 0.859636 0.749210 0.884290 0.938905 0.858606 0.813295 0.897955 0.982885 0.835886 0.662595 0.921341 0.880297 0.773179 0.796181 0.971256 0.914540 0.457077 0.509522 0.540266 0.662065 0.928158 0.877858 0.897853 0.811601 0.552292 0.675909 0.582913 0.698647 0.801147 0.856182 0.996215 0.977887 0.949439 0.848042 0.916188 0.988169 0.905933 0.820296 0.899619 0.996098 0.883035 0.937077
0.764666 0.946054 0.726380 0.718435 0.916243 0.971294 0.949101 0.979234 0.863809 0.866169 0.000000 0.757736 0.784087 0.891110 0.883592 0.745141 0.903706 0.877332 0.897928 0.815821 0.824032 0.973463 0.667037 0.696154 0.692859 0.645731 0.579398 0.884557 0.742711 0.906032 0.694003 0.837865 0.752416 0.835239 0.688464 0.691371 0.921688 0.857526 0.972031 0.785281 0.832611 0.988787 0.759549 0.889035 0.863941 0.988394 0.891025 0.842716 0.871353 0.918530 0.877016 0.803818 0.685987 0.711852 0.887664 0.927287 0.991329 0.999839 0.832363 0.921833 0.852715 0.988637 0.585536 0.822303 0.674373 0.728874 0.645457 0.732871 0.813529 0.920362 0.850797 0.841408 0.841506 0.804692 0.852692 0.969867 0.751307 0.828529 0.970007 0.981389 0.876058 0.748815 0.822084 0.945673 0.914289 0.790156 0.857425 0.962555 0.898290 0.978654 0.999479 0.993644 0.911726 0.904801 0.894074 0.866682 0.903863 0.998826 0.948599 0.873552 0.797059 0.971030 0.881315 0.921878 0.814535 0.728264 0.836321 0.809079 0.901462 0.940733 0.949414 0.965323 0.970738 0.876417 0.876616 0.788275
0.297517 0.388405 0.920842 0.699911 0.960494 0.893043 0.979281 0.557161 0.967421 0.886669 0.757736 0.000000 0.537660 0.450689 0.696386 0.637543 0.580681 0.417221 0.507111 0.392775 0.841124 0.990613 0.704367 0.656872 0.824423 0.941335 0.953665 0.932412 0.631255 0.465150 0.767558 0.685651 0.662246 0.718901 0.890755 0.905720 0.883054 0.722932 0.951412 0.960086 0.861387 0.835209 0.753567 0.705064 0.886071 0.738234 0.774980 0.757347 0.760871 0.595380 0.550236 0.560645 0.729343 0.753334 0.744969 0.871422 0.446688 0.379187 0.634445 0.433018 0.790193 0.486831 0.630876 0.355276 0.818811 0.767266 0.874620 0.818986 0.427690 0.548275 0.686292 0.641783 0.778839 0.726384 0.918666 0.940235 0.896528 0.880867 0.736474 0.611154 0.460391 0.466283 0.686744 0.719546 0.534613 0.521307 0.980139 0.853777 0.626848 0.513300 0.871586 0.879873 0.904620 0.882914 0.907183 0.915031 0.839097 0.930503 0.724841 0.764668 0.988255 0.894327 0.789103 0.845656 0.769587 0.897888 0.823926 0.892128 0.952776 0.832866 0.934511 0.776262 0.852961 0.993656 0.895856 0.998026
0.579042 0.679525 0.867584 0.673666 0.684186 0.897904 0.821525 0.507229 0.627611 0.656772 0.784087 0.537660 0.000000 0.378060 0.475127 0.627616 0.879252 0.824201 0.523581 0.547494 0.930514 0.919087 0.655014 0.727519 0.926871 0.958780 0.941864 0.961901 0.667760 0.599982 0.691905 0.650588 0.747394 0.813049 0.948097 0.980001 0.879058 0.904910 0.876791 0.965311 0.942593 0.945464 0.865040 0.886675 0.886313 0.961562 0.989986 0.944137 0.964586 0.886049 0.771300 0.743791 0.816026 0.745871 0.998152 0.941014 0.794115 0.659467 0.857782 0.608685 0.564101 0.486440 0.711792 0.578799 0.875518 0.815740 0.973203 0.956146 0.686804 0.729934 0.536919 0.556672 0.657586 0.645374 0.961479 0.945451 0.876178 0.737458 0.987204 0.914996 0.894935 0.882490 0.849024 0.865184 0.773451 0.798887 0.817144 0.971490 0.809335 0.768095 0.586537 0.586119 0.676656 0.589215 0.963455 0.841146 0.648766 0.789446 0.611134 0.712396 0.766765 0.652264 0.889506 0.763951 0.878783 0.801483 0.920467 0.772034 0.968562 0.865763 0.964925 0.825133 0.784428 0.949319 0.827259 0.925441
0.539632 0.654223 0.811342 0.571636 0.795901 0.886155 0.912007 0.500379 0.698979 0.818560 0.891110 0.450689 0.378060 0.000000 0.443126 0.442217 0.826574 0.671771 0.528607 0.449499 0.777924 0.959670 0.502518 0.512123 0.809608 0.824281 0.907507 0.880168 0.775638 0.621338 0.646000 0.620099 0.712887 0.862627 0.855159 0.948039 0.932609 0.870099 0.921825 0.913247 0.932565 0.832380 0.827222 0.832746 0.883559 0.946635 0.944471 0.949731 0.957944 0.835979 0.681474 0.643090 0.719158 0.629208 0.938481 0.889408 0.761499 0.570143 0.971366 0.610342 0.737933 0.450406 0.808401 0.547237 0.754699 0.694434 0.846040 0.889607 0.751914 0.753053 0.503892 0.480405 0.591272 0.501168 0.886448 0.937655 0.842642 0.822642 0.856134 0.812539 0.840242 0.764929 0.768164 0.956991 0.632343 0.591340 0.952198 0.927676 0.734680 0.586604 0.632354 0.636987 0.672475 0.573146 0.807364 0.725542 0.791433 0.894799 0.660887 0.670728 0.817858 0.698214 0.936413 0.771576 0.727347 0.710286 0.936464 0.744470 0.981990 0.888490 0.935461 0.857686 0.805234 0.955742 0.780536 0.885298
0.799737 0.846158 0.633185 0.480649 0.680128 0.784895 0.739584 0.487013 0.585807 0.802456 0.883592 0.696386 0.475127 0.443126 0.000000 0.385968 0.923095 0.842049 0.633334 0.671475 0.731279 0.947935 0.376105 0.478567 0.726477 0.706514 0.824541 0.933542 0.809771 0.699264 0.554043 0.625910 0.616251 0.886285 0.674507 0.729563 0.846724 0.862228 0.915982 0.833208 0.977207 0.901348 0.764255 0.814578 0.971490 0.893277 0.998846 0.964741 0.816042 0.917447 0.779633 0.679686 0.614421 0.487815 0.986899 0.860935 0.947325 0.743131 0.934910 0.728676 0.644279 0.567148 0.957665 0.765964 0.608934 0.633759 0.657848 0.746656 0.885578 0.694324 0.427269 0.429910 0.556311 0.553528 0.693519 0.976582 0.647957 0.701641 0.880915 0.923139 0.983877 0.965222 0.674330 0.850256 0.667500 0.623397 0.937841 0.993165 0.824382 0.792064 0.507806 0.532813 0.520154 0.423703 0.821344 0.846885 0.860796 0.946138 0.595403 0.577142 0.824036 0.583675 0.920993 0.837608 0.688188 0.631309 0.861904 0.788601 0.820137 0.939380 0.927741 0.780294 0.856345 0.945042 0.684719 0.888114
0.709306 0.729925 0.617780 0.383087 0.749295 0.723131 0.831828 0.514049 0.621879 0.968959 0.745141 0.637543 0.627616 0.442217 0.385968 0.000000 0.866607 0.757600 0.605513 0.686650 0.714432 0.948291 0.252172 0.294725 0.573041 0.620530 0.628193 0.905307 0.956947 0.639104 0.519630 0.550271 0.566997 0.901792 0.596294 0.691452 0.853740 0.773984 0.972717 0.903919 0.862749 0.999554 0.630469 0.650738 0.865714 0.983114 0.886163 0.725560 0.907284 0.714384 0.562925 0.476779 0.425777 0.356069 0.849627 0.966153 0.790226 0.618124 0.946967 0.610794 0.742053 0.533720 0.951079 0.714088 0.464011 0.486681 0.487554 0.601076 0.805200 0.704687 0.413106 0.480859 0.537800 0.554248 0.763696 0.863475 0.638572 0.673833 0.850025 0.761290 0.906474 0.901948 0.549136 0.987688 0.488263 0.419997 0.942887 0.773700 0.700976 0.559898 0.581123 0.649987 0.536725 0.551514 0.710922 0.740609 0.892953 0.993058 0.638231 0.558407 0.966606 0.703076 0.894119 0.992782 0.547466 0.599304 0.822230 0.758396 0.906803 0.985160 0.844706 0.736532 0.815072 0.927908 0.581550 0.826357
0.520612 0.416366 0.723248 0.721350 0.913942 0.869567 0.814441 0.670953 0.932688 0.957394 0.903706 0.580681 0.879252 0.826574 0.923095 0.866607 0.000000 0.392700 0.646963 0.617107 0.833798 0.913056 0.813477 0.794078 0.637815 0.805945 0.916708 0.895232 0.501443 0.511628 0.720140 0.726485 0.748646 0.517337 0.801902 0.861253 0.795835 0.706339 0.764686 0.915267 0.969013 0.692169 0.672188 0.575490 0.763329 0.651524 0.480449 0.564262 0.817486 0.643994 0.707768 0.691414 0.793078 0.831206 0.620951 0.569918 0.451128 0.465742 0.603858 0.576209 0.833087 0.773099 0.622213 0.511489 0.722500 0.728390 0.695101 0.661559 0.616884 0.643129 0.816870 0.876659 0.912736 0.945533 0.890783 0.965119 0.763840 0.913318 0.698668 0.613937 0.429838 0.443408 0.651023 0.617706 0.635856 0.604520 0.855681 0.941167 0.901765 0.595231 0.942219 0.882933 0.937345 0.877672 0.990176 0.835007 0.813135 0.830079 0.987862 0.849274 0.979250 0.911801 0.956373 0.980141 0.815133 0.863277 0.872327 0.925385 0.905685 0.682094 0.958795 0.928965 0.846768 0.969611 0.856713 0.908906
0.411750 0.341476 0.718455 0.665205 0.855061 0.947371 0.906686 0.636554 0.889620 0.936340 0.877332 0.417221 0.824201 0.671771 0.842049 0.757600 0.392700 0.000000 0.620383 0.513419 0.744147 0.985489 0.755308 0.677787 0.628421 0.724683 0.912140 0.931955 0.609616 0.432248 0.661714 0.653087 0.651388 0.636483 0.814989 0.807652 0.786442 0.613057 0.750339 0.929413 0.900708 0.699329 0.586935 0.522519 0.806435 0.609704 0.544346 0.519355 0.772173 0.560057 0.550589 0.525633 0.712701 0.698707 0.648010 0.697234 0.368241 0.339210 0.625224 0.497095 0.922262 0.677399 0.705463 0.444744 0.685661 0.674219 0.686337 0.676973 0.512079 0.489849 0.750685 0.753443 0.825175 0.792234 0.886038 0.925289 0.809793 0.879239 0.583148 0.480368 0.345955 0.426124 0.638361 0.588190 0.648632 0.512724 0.881732 0.980144 0.815836 0.521386 0.932398 0.903657 0.983859 0.940247 0.835111 0.842838 0.832139 0.873372 0.927605 0.753403 0.960188 0.918445 0.850376 0.976101 0.718339 0.837329 0.792949 0.914391 0.983728 0.728232 0.875381 0.987376 0.890961 0.922300 0.833107 0.935678
0.552354 0.585746 0.691886 0.557511 0.677338 0.706438 0.562491 0.376170 0.614996 0.655143 0.897928 0.507111 0.523581 0.528607 0.633334 0.605513 0.646963 0.620383 0.000000 0.491324 0.903285 0.905279 0.592658 0.634383 0.745343 0.763489 0.929172 0.963654 0.617261 0.556216 0.598531 0.638649 0.676808 0.647593 0.778693 0.807228 0.835756 0.796691 0.986053 0.957606 0.912750 0.796625 0.711371 0.647680 0.869847 0.868507 0.700387 0.745251 0.998232 0.809171 0.608238 0.657026 0.698187 0.690794 0.692631 0.900647 0.619811 0.543058 0.683407 0.526250 0.512795 0.413452 0.637283 0.477074 0.686477 0.602009 0.671300 0.767343 0.672109 0.703727 0.636714 0.666458 0.684641 0.627540 0.984961 0.968462 0.754662 0.815057 0.870103 0.780862 0.670300 0.616407 0.706532 0.926339 0.529322 0.546070 0.957711 0.926133 0.855441 0.603024 0.602340 0.710584 0.672465 0.757060 0.816704 0.803479 0.680816 0.744655 0.566412 0.652265 0.680598 0.782527 0.817344 0.850007 0.608068 0.779600 0.843732 0.824106 0.917835 0.741685 0.786046 0.796813 0.821153 0.944639 0.711736 0.972765
0.473817 0.509436 0.809346 0.727641 0.838121 0.855385 0.861008 0.550980 0.877992 0.874019 0.815821 0.392775 0.547494 0.449499 0.671475 0.686650 0.617107 0.513419 0.491324 0.000000 0.867073 0.921348 0.734348 0.661687 0.785793 0.833446 0.953760 0.967538 0.610679 0.547404 0.732797 0.697289 0.719506 0.722239 0.875917 0.859340 0.781431 0.799145 0.947458 0.951804 0.939925 0.793374 0.874374 0.796478 0.976219 0.906951 0.777449 0.827810 0.919036 0.831990 0.735364 0.735423 0.871444 0.836915 0.856779 0.859574 0.577264 0.461965 0.746809 0.570145 0.764653 0.505111 0.627813 0.410167 0.836776 0.742719 0.854146 0.808095 0.535768 0.641256 0.702560 0.687004 0.759222 0.721172 0.975605 0.988271 0.824945 0.944077 0.744985 0.635934 0.569624 0.476395 0.674065 0.813695 0.595531 0.627477 0.937046 0.894878 0.737542 0.627287 0.857822 0.865146 0.908610 0.870117 0.864965 0.883621 0.745819 0.915171 0.780365 0.814622 0.933249 0.913700 0.871203 0.816808 0.732863 0.770513 0.943055 0.858990 0.836285 0.824241 0.982062 0.918733 0.823330 0.918607 0.907163 0.948352
0.928066 0.748707 0.615073 0.605482 0.967001 0.885010 0.920428 0.759601 0.880599 0.811989 0.824032 0.841124 0.930514 0.777924 0.731279 0.714432 0.833798 0.744147 0.903285 0.867073 0.000000 0.968598 0.692314 0.702418 0.549548 0.514841 0.847301 0.946077 0.996533 0.799403 0.601407 0.777164 0.732322 0.905346 0.740057 0.863782 0.830074 0.934142 0.872887 0.919289 0.960070 0.895299 0.760292 0.834686 0.788830 0.787089 0.920104 0.855908 0.704815 0.989179 0.954019 0.860108 0.887176 0.773335 0.889401 0.961558 0.785866 0.786243 0.968943 0.967420 0.961943 0.826244 0.891463 0.977763 0.571007 0.608987 0.664976 0.726536 0.879260 0.928553 0.727859 0.752683 0.650246 0.636859 0.811823 0.860899 0.798584 0.826399 0.782060 0.773937 0.910358 0.938263 0.797971 0.963847 0.873871 0.694007 0.936038 0.933232 0.959677 0.852095 0.925216 0.901584 0.978689 0.866692 0.834013 0.838759 0.905674 0.869258 0.851819 0.913692 0.898822 0.976722 0.852222 0.990150 0.765045 0.805028 0.908583 0.954016 0.887384 0.864289 0.937945 0.812621 0.912260 0.998202 0.757684 0.965435
0.949582 0.915984 0.852283 0.923476 0.919278 0.917484 0.830560 0.883828 0.974998 0.931116 0.973463 0.990613 0.919087 0.959670 0.947935 0.948291 0.913056 0.985489 0.905279 0.921348 0.968598 0.000000 0.980208 0.962686 0.854101 0.919252 0.870681 0.977105 0.970153 0.976581 0.876387 0.870133 0.938267 0.697673 0.910260 0.988472 0.974594 0.979334 0.970911 0.880227 0.884872 0.824806 0.892874 0.897570 0.999252 0.991860 0.882577 0.946331 0.975035 0.981950 0.973102 0.963338 0.955116 0.996894 0.927281 0.943478 0.945188 0.992714 0.836210 0.892163 0.777339 0.975146 0.956596 0.989361 0.916270 0.952485 0.894320 0.921920 0.941459 0.936357 0.956782 0.838210 0.922651 0.910755 0.925056 0.985488 0.890771 0.912341 0.973561 0.906685 0.980576 0.993506 0.962945 0.955211 0.925840 0.979503 0.945737 0.838732 0.838133 0.941310 0.932889 0.988983 0.949399 0.992207 0.996053 0.956101 0.996232 0.981115 0.922628 0.915498 0.909756 0.963587 0.912740 0.996539 0.955279 0.965167 0.762892 0.997701 0.934648 0.745385 0.786911 0.911587 0.844043 0.853533 0.717340 0.972379
0.746332 0.716797 0.528465 0.326453 0.710838 0.671154 0.728971 0.446347 0.582115 0.925722 0.667037 0.704367 0.655014 0.502518 0.376105 0.252172 0.813477 0.755308 0.592658 0.734348 0.692314 0.980208 0.000000 0.292651 0.496925 0.548741 0.587414 0.877438 0.914689 0.617942 0.430386 0.515334 0.498013 0.879915 0.571629 0.665448 0.822304 0.731315 0.954742 0.896980 0.970824 0.911832 0.583572 0.622811 0.842253 0.974056 0.818824 0.715090 0.869504 0.716528 0.559875 0.480667 0.409055 0.339143 0.832537 0.979532 0.750612 0.601851 0.937397 0.617720 0.704036 0.527962 0.951717 0.723388 0.412666 0.435813 0.413190 0.520258 0.881702 0.683468 0.361123 0.485391 0.524909 0.560220 0.781941 0.891992 0.593245 0.656199 0.858682 0.742273 0.903755 0.927916 0.520596 0.985330 0.470678 0.396772 0.960047 0.790893 0.804419 0.556290 0.592241 0.656248 0.540365 0.558519 0.769729 0.738485 0.834931 0.913774 0.675151 0.553470 0.903309 0.726270 0.914365 0.996914 0.516825 0.556831 0.858527 0.730944 0.942884 0.939251 0.815850 0.785397 0.873561 0.939991 0.596046 0.827105
0.701844 0.647616 0.540982 0.377482 0.822040 0.706772 0.872931 0.552423 0.717711 0.886939 0.696154 0.656872 0.727519 0.512123 0.478567 0.294725 0.794078 0.677787 0.634383 0.661687 0.702418 0.962686 0.292651 0.000000 0.469497 0.514773 0.561948 0.916106 0.999476 0.663238 0.515257 0.606978 0.515707 0.902858 0.582792 0.660904 0.738790 0.697702 0.838145 0.908840 0.898488 0.902492 0.622639 0.668518 0.904608 0.988978 0.773443 0.689481 0.839495 0.714652 0.572875 0.484249 0.469401 0.370737 0.813479 0.993463 0.695587 0.564859 0.965945 0.686483 0.877640 0.628832 0.906734 0.740148 0.424306 0.436211 0.424861 0.535242 0.834195 0.676901 0.482789 0.492696 0.604444 0.527278 0.743657 0.805445 0.657268 0.689400 0.800745 0.686350 0.812860 0.820724 0.513973 0.897712 0.498537 0.340919 0.849672 0.737131 0.759474 0.567047 0.737719 0.838055 0.668737 0.709705 0.761949 0.799427 0.878618 0.974811 0.764651 0.672590 0.990712 0.821382 0.944300 0.942384 0.545097 0.569632 0.899318 0.838886 0.981613 0.948457 0.922385 0.782756 0.878549 0.900840 0.649892 0.822277
0.841024 0.607826 0.334822 0.342287 0.963368 0.924937 0.747027 0.570636 0.826392 0.757615 0.692859 0.824423 0.926871 0.809608 0.726477 0.573041 0.637815 0.628421 0.745343 0.785793 0.549548 0.854101 0.496925 0.469497 0.000000 0.309490 0.654970 0.934372 0.991003 0.674801 0.437959 0.588014 0.533332 0.723605 0.581589 0.716857 0.629344 0.679528 0.660041 0.999033 0.983454 0.823266 0.451715 0.469138 0.972558 0.947201 0.582897 0.546490 0.700661 0.896692 0.755945 0.692623 0.655932 0.561194 0.827251 0.857357 0.594056 0.591486 0.886200 0.751267 0.891639 0.731869 0.857209 0.872009 0.295526 0.323221 0.410328 0.376676 0.784169 0.802677 0.594708 0.672837 0.611246 0.624410 0.844491 0.796058 0.693696 0.624548 0.714099 0.675639 0.786702 0.810746 0.572485 0.766658 0.686103 0.469516 0.858353 0.915872 0.918078 0.712565 0.959442 0.844229 0.975069 0.975418 0.887763 0.735735 0.795557 0.936812 0.894300 0.861834 0.873215 0.885114 0.896447 0.817129 0.602956 0.629135 0.693487 0.840904 0.915232 0.753154 0.925247 0.966927 0.925243 0.972849 0.598108 0.783663
0.966479 0.779093 0.328881 0.421291 0.962407 0.958462 0.698108 0.637224 0.788363 0.807113 0.645731 0.941335 0.958780 0.824281 0.706514 0.620530 0.805945 0.724683 0.763489 0.833446 0.514841 0.919252 0.548741 0.514773 0.309490 0.000000 0.748117 0.995174 0.954955 0.781658 0.493179 0.636567 0.566386 0.766572 0.549633 0.744047 0.691431 0.747322 0.668868 0.997697 0.942192 0.866405 0.531170 0.605755 0.854087 0.830628 0.623565 0.657140 0.596938 0.968072 0.837288 0.798340 0.764187 0.630020 0.802096 0.924127 0.744758 0.745384 0.975020 0.882541 0.879488 0.793258 0.866670 0.975412 0.334520 0.345128 0.419549 0.447435 0.935350 0.866331 0.673008 0.706009 0.621917 0.601075 0.795795 0.821578 0.683140 0.673644 0.733072 0.807040 0.897768 0.915670 0.641108 0.879511 0.771151 0.542825 0.842333 0.966666 0.912824 0.874561 0.998779 0.836421 0.932701 0.955230 0.835300 0.750922 0.807722 0.984223 0.899537 0.930614 0.974334 0.970832 0.837296 0.888330 0.564446 0.574302 0.722602 0.850560 0.961739 0.759203 0.955764 0.826643 0.892697 0.921217 0.658158 0.816919
0.979523 0.810820 0.753909 0.623649 0.823286 0.899264 0.957629 0.844825 0.824665 0.833926 0.579398 0.953665 0.941864 0.907507 0.824541 0.628193 0.916708 0.912140 0.929172 0.953760 0.847301 0.870681 0.587414 0.561948 0.654970 0.748117 0.000000 0.977449 0.896826 0.846833 0.701280 0.752436 0.675673 0.997631 0.752303 0.742972 0.691422 0.692740 0.843002 0.852208 0.919998 0.869971 0.729025 0.802618 0.837849 0.933183 0.958878 0.849543 0.904412 0.799774 0.722445 0.647158 0.574311 0.644961 0.907993 0.960498 0.798035 0.762144 0.952966 0.862450 0.969805 0.819899 0.808768 0.954756 0.673405 0.676596 0.642102 0.727101 0.892531 0.749799 0.646212 0.837243 0.812869 0.863453 0.798658 0.868152 0.763625 0.804432 0.877242 0.747334 0.957835 0.948946 0.690522 0.899684 0.737460 0.700918 0.791882 0.802113 0.947623 0.776273 0.956545 0.937958 0.898912 0.840340 0.941652 0.873063 0.948118 0.862129 0.989481 0.875201 0.784476 0.932308 0.996781 0.992937 0.745190 0.719685 0.916766 0.937025 0.885556 0.982920 0.899510 0.874716 0.967979 0.940072 0.921115 0.959126
0.924508 0.962684 0.962581 0.912692 0.869384 0.830882 0.911983 0.900876 0.991612 0.959617 0.884557 0.932412 0.961901 0.880168 0.933542 0.905307 0.895232 0.931955 0.963654 0.967538 0.946077 0.977105 0.877438 0.916106 0.934372 0.995174 0.977449 0.000000 0.867323 0.893057 0.967876 0.976174 0.962489 0.980937 0.819497 0.894024 0.908183 0.990846 0.861019 0.963520 0.991065 0.997750 0.990000 0.947136 0.972779 0.993314 0.985437 0.926779 0.974348 0.941712 0.915808 0.925225 0.934083 0.883121 0.858735 0.961820 0.930869 0.868011 0.971712 0.926190 0.841649 0.962532 0.911577 0.910766 0.902187 0.978078 0.941511 0.870956 0.968841 0.946414 0.854910 0.996748 0.881226 0.960110 0.941072 0.797319 0.960969 0.967297 0.940388 0.848189 0.991773 0.898832 0.962308 0.866260 0.851172 0.915374 0.980624 0.995829 0.940854 0.941261 0.930483 0.924453 0.868188 0.880198 0.958459 0.912487 0.980898 0.985792 0.973245 0.946737 0.978642 0.868165 0.936972 0.935270 0.944173 0.787852 0.926589 0.836544 0.935298 0.821164 0.802005 0.961303 0.931236 0.888108 0.963134 0.923216
0.601155 0.630248 0.850501 0.925338 0.910138 0.880155 0.639859 0.638428 0.909765 0.663667 0.742711 0.631255 0.667760 0.775638 0.809771 0.956947 0.501443 0.609616 0.617261 0.610679 0.996533 0.970153 0.914689 0.999476 0.991003 0.954955 0.896826 0.867323 0.000000 0.475689 0.802880 0.793027 0.892334 0.612886 0.904275 0.982804 0.905916 0.911613 0.917609 0.888725 0.973810 0.838719 0.893272 0.819057 0.870980 0.697967 0.703954 0.870678 0.762829 0.743515 0.811879 0.864093 0.960460 0.989628 0.830107 0.739084 0.643486 0.631017 0.560391 0.617759 0.554622 0.756659 0.406360 0.468547 0.979255 0.965145 0.883884 0.893099 0.677305 0.644888 0.814431 0.890238 0.943261 0.989277 0.855463 0.869799 0.769467 0.895577 0.757637 0.827440 0.577664 0.577427 0.866938 0.979418 0.724315 0.868702 0.935482 0.988550 0.886069 0.787683 0.859532 0.878598 0.898371 0.937436 0.916773 0.918887 0.743709 0.790170 0.783534 0.747990 0.806431 0.813787 0.820594 0.806897 0.893893 0.996726 0.927123 0.961177 0.969657 0.804407 0.915402 0.851291 0.775901 0.857372 0.991854 0.970482
0.491011 0.434790 0.692564 0.635404 0.928768 0.959833 0.835519 0.593354 0.929761 0.922432 0.906032 0.465150 0.599982 0.621338 0.699264 0.639104 0.511628 0.432248 0.556216 0.547404 0.799403 0.976581 0.617942 0.663238 0.674801 0.781658 0.846833 0.893057 0.475689 0.000000 0.648417 0.585790 0.614610 0.660736 0.780080 0.832008 0.718838 0.727237 0.787116 0.860467 0.933023 0.917946 0.704178 0.637123 0.844466 0.741014 0.590839 0.688798 0.860716 0.628715 0.635458 0.595920 0.759094 0.745945 0.637321 0.806674 0.422607 0.397901 0.552773 0.471485 0.681552 0.615313 0.635597 0.423625 0.675690 0.662705 0.642275 0.649387 0.468104 0.443860 0.584933 0.756148 0.809710 0.748237 0.921409 0.966946 0.754273 0.862745 0.761062 0.650506 0.505780 0.576138 0.593363 0.778179 0.553253 0.565463 0.952495 0.813399 0.782751 0.546397 0.978298 0.993424 0.956109 0.956740 0.971640 0.880180 0.684728 0.824856 0.846633 0.722225 0.991232 0.960113 0.815770 0.970443 0.735850 0.820435 0.886039 0.881071 0.935272 0.813404 0.785090 0.863891 0.878673 0.901656 0.781406 0.984177
0.800685 0.638049 0.394574 0.357641 0.853389 0.848163 0.601658 0.428195 0.623347 0.862594 0.694003 0.767558 0.691905 0.646000 0.554043 0.519630 0.720140 0.661714 0.598531 0.732797 0.601407 0.876387 0.430386 0.515257 0.437959 0.493179 0.701280 0.967876 0.802880 0.648417 0.000000 0.437754 0.525999 0.686349 0.604262 0.686851 0.809971 0.765945 0.886962 0.855711 0.996364 0.807001 0.527129 0.568838 0.994353 0.995015 0.770694 0.700452 0.788397 0.847937 0.705739 0.642735 0.611106 0.523676 0.832584 0.927828 0.643528 0.614585 0.902600 0.710859 0.715120 0.595734 0.990832 0.765485 0.454755 0.477625 0.468040 0.529663 0.865438 0.720790 0.498060 0.469274 0.534907 0.576723 0.912346 0.963432 0.551268 0.642828 0.727831 0.706168 0.851749 0.922001 0.727679 0.915510 0.722958 0.593054 0.900222 0.863441 0.944371 0.706581 0.711929 0.793300 0.649695 0.614558 0.921646 0.689243 0.824940 0.833636 0.790649 0.532911 0.904588 0.756047 0.894967 0.999914 0.597172 0.604710 0.677697 0.657655 0.932611 0.746772 0.856982 0.957851 0.816742 0.969718 0.615930 0.826304
0.684419 0.638040 0.537180 0.446897 0.863233 0.996143 0.679896 0.492392 0.803600 0.908197 0.837865 0.685651 0.650588 0.620099 0.625910 0.550271 0.726485 0.653087 0.638649 0.697289 0.777164 0.870133 0.515334 0.606978 0.588014 0.636567 0.752436 0.976174 0.793027 0.585790 0.437754 0.000000 0.522213 0.750406 0.740262 0.817353 0.852265 0.731254 0.900100 0.998533 0.994261 0.854346 0.479971 0.523607 0.995239 0.908161 0.674374 0.643644 0.929091 0.739954 0.617839 0.593572 0.611024 0.592436 0.941209 0.965535 0.649847 0.627490 0.755469 0.546561 0.634253 0.570512 0.859175 0.657637 0.482389 0.496810 0.563466 0.570071 0.757450 0.776164 0.561079 0.651787 0.620919 0.683268 0.947696 0.809262 0.742810 0.723637 0.762674 0.684690 0.805309 0.801484 0.632521 0.949690 0.634589 0.552016 0.962887 0.952835 0.858429 0.628967 0.808829 0.899123 0.779766 0.810949 0.914809 0.812065 0.878995 0.763279 0.840136 0.691010 0.966838 0.803793 0.874325 0.889325 0.541072 0.629439 0.725094 0.755970 0.938656 0.768837 0.827601 0.934516 0.788187 0.994857 0.728682 0.918432
0.712036 0.650313 0.562298 0.456699 0.839217 0.865691 0.768368 0.527654 0.803853 0.954784 0.752416 0.662246 0.747394 0.712887 0.616251 0.566997 0.748646 0.651388 0.676808 0.719506 0.732322 0.938267 0.498013 0.515707 0.533332 0.566386 0.675673 0.962489 0.892334 0.614610 0.525999 0.522213 0.000000 0.751183 0.615823 0.680876 0.881620 0.637402 0.851018 0.800015 0.849925 0.920797 0.650191 0.671660 0.925598 0.988819 0.732202 0.682043 0.890135 0.828498 0.683315 0.661947 0.705184 0.625460 0.855558 0.864024 0.623644 0.597128 0.792582 0.643201 0.787853 0.565803 0.939513 0.678981 0.523009 0.503550 0.512797 0.553854 0.686944 0.628860 0.579739 0.624010 0.638482 0.665297 0.902087 0.809651 0.728106 0.784577 0.847677 0.610782 0.750427 0.758913 0.597856 0.843526 0.571623 0.465366 0.993091 0.890873 0.905720 0.691506 0.859805 0.992432 0.829429 0.830616 0.926867 0.857505 0.771267 0.939830 0.799900 0.746535 0.990506 0.929265 0.956996 0.915975 0.609452 0.672968 0.769906 0.844360 0.970045 0.887720 0.881161 0.887074 0.965936 0.987367 0.720751 0.962165
0.679633 0.608840 0.659754 0.733472 0.966979 0.906636 0.666391 0.652902 0.953466 0.871529 0.835239 0.718901 0.813049 0.862627 0.886285 0.901792 0.517337 0.636483 0.647593 0.722239 0.905346 0.697673 0.879915 0.902858 0.723605 0.766572 0.997631 0.980937 0.612886 0.660736 0.686349 0.750406 0.751183 0.000000 0.777256 0.897041 0.947411 0.827914 0.774486 0.875229 0.898990 0.776708 0.757354 0.633327 0.838102 0.774756 0.584960 0.840959 0.918062 0.839650 0.842405 0.868145 0.910057 0.942642 0.723258 0.652272 0.650951 0.733468 0.625971 0.652664 0.682120 0.783320 0.654110 0.659217 0.775430 0.774075 0.671540 0.642342 0.682473 0.768184 0.843229 0.795066 0.876456 0.929027 0.912222 0.899724 0.770214 0.818090 0.800832 0.898440 0.681182 0.665691 0.754600 0.851759 0.801413 0.748562 0.960446 0.948509 0.995727 0.825703 0.864584 0.990188 0.912885 0.972477 0.922253 0.809946 0.875701 0.942029 0.846185 0.769799 0.897500 0.823340 0.839140 0.963578 0.838759 0.894262 0.679439 0.937901 0.875543 0.816058 0.981089 0.952512 0.784960 0.982822 0.850380 0.925373
0.962398 0.839889 0.530394 0.571215 0.870714 0.811882 0.698983 0.686862 0.811121 0.996815 0.688464 0.890755 0.948097 0.855159 0.674507 0.596294 0.801902 0.814989 0.778693 0.875917 0.740057 0.910260 0.571629 0.582792 0.581589 0.549633 0.752303 0.819497 0.904275 0.780080 0.604262 0.740262 0.615823 0.777256 0.000000 0.782117 0.872510 0.850634 0.694831 0.910364 0.954396 0.927627 0.713190 0.765703 0.917702 0.991868 0.744538 0.669832 0.815512 0.875532 0.794204 0.817620 0.721358 0.648260 0.752681 0.918261 0.859839 0.818353 0.921449 0.852478 0.802081 0.794836 0.899871 0.930774 0.508766 0.550593 0.493567 0.580076 0.882564 0.823586 0.797285 0.711018 0.748576 0.743356 0.687837 0.943476 0.660880 0.877440 0.731774 0.885679 0.902085 0.887870 0.632015 0.921668 0.700799 0.569132 0.878148 0.911671 0.978864 0.861837 0.854393 0.969187 0.783960 0.840711 0.908697 0.785483 0.959523 0.933210 0.924171 0.855080 0.967289 0.832440 0.933219 0.971605 0.718963 0.801515 0.700977 0.987175 0.921574 0.810747 0.953354 0.895197 0.829726 0.930866 0.760697 0.864222
0.856621 0.768408 0.700567 0.651240 0.969499 0.887319 0.856121 0.736246 0.906947 0.968692 0.691371 0.905720 0.980001 0.948039 0.729563 0.691452 0.861253 0.807652 0.807228 0.859340 0.863782 0.988472 0.665448 0.660904 0.716857 0.744047 0.742972 0.894024 0.982804 0.832008 0.686851 0.817353 0.680876 0.897041 0.782117 0.000000 0.833890 0.701887 0.940060 0.948357 0.941318 0.990052 0.697087 0.681005 0.722385 0.844294 0.806046 0.730553 0.983145 0.737389 0.712279 0.665380 0.661927 0.652472 0.738242 0.864610 0.756378 0.722319 0.866310 0.732830 0.942246 0.805280 0.953183 0.829952 0.697985 0.691612 0.610244 0.619479 0.917103 0.727709 0.608123 0.730771 0.832417 0.876766 0.893487 0.942899 0.739978 0.861528 0.828548 0.793543 0.831804 0.945435 0.747166 0.938821 0.699366 0.678756 0.804543 0.989656 0.871429 0.801535 0.864502 0.935370 0.827113 0.848760 0.748502 0.981259 0.973460 0.913578 0.800147 0.736083 0.914186 0.952980 0.836651 0.983817 0.790582 0.738318 0.872078 0.827345 0.889336 0.891938 0.877734 0.983239 0.899683 0.848159 0.880007 0.828706
0.943096 0.698079 0.723861 0.693151 0.921992 0.933422 0.994878 0.846571 0.940978 0.732013 0.921688 0.883054 0.879058 0.932609 0.846724 0.853740 0.795835 0.786442 0.835756 0.781431 0.830074 0.974594 0.822304 0.738790 0.629344 0.691431 0.691422 0.908183 0.905916 0.718838 0.809971 0.852265 0.881620 0.947411 0.872510 0.833890 0.000000 0.686017 0.846364 0.925036 0.907276 0.930985 0.685101 0.744661 0.891234 0.944857 0.739690 0.788957 0.793777 0.916872 0.859147 0.784146 0.832482 0.808090 0.927985 0.886448 0.705073 0.709406 0.920857 0.816698 0.938800 0.916414 0.875341 0.942014 0.679453 0.634610 0.823837 0.780064 0.807127 0.727346 0.789607 0.865552 0.874475 0.898610 0.879281 0.894078 0.910672 0.814090 0.749604 0.755125 0.836864 0.935593 0.739005 0.771681 0.886482 0.770385 0.748363 0.901745 0.999356 0.846578 0.811399 0.845988 0.812654 0.891842 0.979296 0.917307 0.849337 0.919313 0.761511 0.990632 0.872201 0.824180 0.810654 0.991472 0.809473 0.729496 0.928851 0.880781 0.938434 0.856060 0.920254 0.997669 0.952635 0.970909 0.921922 0.951784
0.721380 0.599098 0.765411 0.678956 0.953433 0.934590 0.996600 0.773905 0.990288 0.883561 0.857526 0.722932 0.904910 0.870099 0.862228 0.773984 0.706339 0.613057 0.796691 0.799145 0.934142 0.979334 0.731315 0.697702 0.679528 0.747322 0.692740 0.990846 0.911613 0.727237 0.765945 0.731254 0.637402 0.827914 0.850634 0.701887 0.686017 0.000000 0.853770 0.970150 0.934458 0.844279 0.619439 0.631446 0.817143 0.739332 0.712594 0.698217 0.877219 0.731583 0.599545 0.586061 0.654436 0.708312 0.815816 0.788267 0.577849 0.598132 0.870736 0.685157 0.975347 0.748331 0.964374 0.781367 0.693593 0.717517 0.757230 0.766017 0.694198 0.600684 0.677920 0.743062 0.821890 0.856655 0.927537 0.816468 0.916120 0.714524 0.897586 0.689275 0.672938 0.840231 0.765508 0.763382 0.798959 0.632334 0.841802 0.997596 0.813901 0.703858 0.999279 0.961657 0.982104 0.993499 0.897378 0.896163 0.765833 0.954690 0.979313 0.909247 0.789000 0.803553 0.880663 0.999030 0.833176 0.943072 0.775767 0.905019 0.848340 0.867485 0.963580 0.990654 0.984748 0.909254 0.976109 0.950614
