0.000000 0.220111 0.833333 0.513363 0.804654 0.634247 0.669890 0.552635 0.831147 0.729099 0.311952 0.305108 0.360871 0.399281 0.551483 0.440104 0.268580 0.300582 0.362508 0.341344 0.768135 0.825474 0.766986 0.746583 0.903263 0.954108 0.934162 0.991761 0.387407 0.419744 0.953778 0.907599 0.449291 0.467083 0.853832 0.670669 0.734587 0.760696 0.711782 0.667045 0.748839 0.765514 0.681134 0.645426 0.665914 0.570498 0.351774 0.360783 0.368371 0.403552 0.643653 0.560979 0.925289 0.743184 0.462828 0.412537 0.251518 0.217381 0.263155 0.311508 0.321623 0.399771 0.252133 0.268881 0.596778 0.365449 0.831820 0.787662 0.463160 0.430827 0.786064 0.822818 0.733250 0.674552 0.744126 0.834094 0.626277 0.715233 0.385867 0.483651 0.244887 0.265977 0.528404 0.353932 0.444617 0.497934 0.904990 0.931787 0.593725 0.424250 0.980583 0.917077 0.959134 0.875902 0.727700 0.730108 0.745994 0.829992 0.574372 0.638605 0.965515 0.995598 0.746314 0.768886 0.553849 0.623873 0.928561 0.984748 0.847069 0.909424 0.976134 0.503204 0.703524 0.963040 0.777106 0.985755
0.220111 0.000000 0.748139 0.452137 0.848129 0.618078 0.604409 0.524156 0.736194 0.706893 0.297958 0.312567 0.377295 0.373268 0.552321 0.359459 0.255077 0.265240 0.354448 0.291986 0.678973 0.971405 0.710340 0.664224 0.879666 0.957283 0.928199 0.912968 0.313788 0.357849 0.798788 0.724084 0.369977 0.391452 0.934478 0.678056 0.643185 0.721321 0.682111 0.647084 0.807942 0.671559 0.531137 0.497631 0.572061 0.490589 0.351232 0.342104 0.319030 0.358255 0.490895 0.453956 0.783685 0.853858 0.515961 0.426353 0.213401 0.179655 0.308433 0.352805 0.298197 0.408173 0.259948 0.263303 0.555181 0.393467 0.773435 0.683161 0.494695 0.417216 0.667126 0.701550 0.646955 0.566558 0.755003 0.830872 0.573638 0.616421 0.366016 0.408439 0.276723 0.322622 0.472556 0.391202 0.493531 0.494330 0.994200 0.929974 0.640505 0.461760 0.980731 0.995843 0.917935 0.900381 0.701954 0.725534 0.809236 0.849685 0.553705 0.580715 0.949660 0.971373 0.705236 0.735724 0.564052 0.569082 0.933973 0.981799 0.804875 0.974718 0.949107 0.493171 0.670628 0.885356 0.760635 0.961063
0.833333 0.748139 0.000000 0.415814 0.633232 0.930189 0.565316 0.707881 0.734555 0.807592 0.897530 0.869038 0.633095 0.748567 0.653091 0.621151 0.920288 0.825810 0.645419 0.669724 0.654577 0.823997 0.495704 0.608662 0.549352 0.516524 0.962185 0.947011 0.756940 0.822056 0.623060 0.670573 0.611680 0.666302 0.742391 0.872653 0.594818 0.778895 0.605831 0.842413 0.924294 0.790763 0.656341 0.694981 0.726824 0.713425 0.709118 0.702433 0.826305 0.735533 0.690081 0.718857 0.713894 0.846645 0.797031 0.924517 0.823553 0.747666 0.863150 0.732601 0.589929 0.813814 0.848892 0.850109 0.483417 0.632725 0.640381 0.710658 0.811766 0.673640 0.787615 0.732455 0.764636 0.725531 0.906685 0.770104 0.657076 0.673110 0.749292 0.777950 0.939422 0.910357 0.870216 0.949863 0.854343 0.892284 0.946813 0.860957 0.897253 0.784119 0.665641 0.657069 0.691460 0.699807 0.997296 0.808471 0.844514 0.791562 0.757506 0.659710 0.790354 0.729369 0.862664 0.837061 0.747645 0.732483 0.837950 0.665590 0.945099 0.955355 0.798715 0.724903 0.650030 0.777819 0.799052 0.870853
0.513363 0.452137 0.415814 0.000000 0.706631 0.643311 0.496280 0.381029 0.671798 0.615863 0.567971 0.421131 0.418805 0.384164 0.588894 0.395204 0.577948 0.522985 0.490918 0.394507 0.612682 0.958871 0.551130 0.522801 0.758634 0.651774 0.986114 0.913924 0.515708 0.533642 0.668531 0.737760 0.467661 0.471887 0.797784 0.747562 0.589893 0.709320 0.672671 0.794131 0.867619 0.856025 0.572270 0.601947 0.608213 0.583188 0.507301 0.521639 0.586904 0.514470 0.544872 0.536196 0.665469 0.875447 0.610328 0.689333 0.566824 0.453721 0.604525 0.509189 0.356864 0.411869 0.478794 0.450740 0.523526 0.314169 0.624898 0.651265 0.668282 0.428372 0.660351 0.702854 0.775894 0.674940 0.849392 0.631171 0.595124 0.637030 0.519561 0.568429 0.643546 0.586147 0.749485 0.759610 0.745115 0.739643 0.911868 0.843956 0.760329 0.616514 0.640292 0.740729 0.624172 0.763636 0.708297 0.655858 0.741864 0.821709 0.562854 0.559816 0.658504 0.729255 0.734545 0.718685 0.602726 0.559387 0.982329 0.854691 0.794497 0.937839 0.822144 0.579924 0.649915 0.783909 0.651618 0.863460
0.804654 0.848129 0.633232 0.706631 0.000000 0.831199 0.803153 0.803867 0.951517 0.943671 0.952405 0.861527 0.603693 0.786671 0.613815 0.646151 0.961658 0.907418 0.817293 0.926667 0.917126 0.950778 0.563242 0.570951 0.689356 0.879541 0.714263 0.969851 0.925704 0.880481 0.915236 0.907546 0.764972 0.946002 0.961517 0.872074 0.999749 0.930246 0.954088 0.816769 0.781781 0.904060 0.842884 0.883237 0.894523 0.829324 0.736251 0.769690 0.690887 0.746718 0.819230 0.781059 0.819269 0.918194 0.720998 0.825985 0.954543 0.826908 0.865047 0.732988 0.703480 0.786536 0.858144 0.833389 0.564745 0.644774 0.942335 0.954369 0.831564 0.701314 0.854767 0.838791 0.811508 0.990147 0.859834 0.898418 0.897442 0.858842 0.928423 0.775282 0.883137 0.811684 0.862106 0.794805 0.618495 0.696731 0.657588 0.875775 0.650507 0.711397 0.962568 0.959014 0.988452 0.986376 0.958682 0.924395 0.882942 0.890588 0.924739 0.861450 0.876351 0.924969 0.997738 0.972718 0.876269 0.916097 0.795110 0.960507 0.997979 0.965363 0.842329 0.955728 0.718680 0.956364 0.987635 0.898101
0.634247 0.618078 0.930189 0.643311 0.831199 0.000000 0.595820 0.535973 0.727738 0.645198 0.707913 0.569761 0.788086 0.646617 0.887428 0.566650 0.617204 0.584901 0.623079 0.586474 0.798340 0.973636 0.813507 0.798848 0.854308 0.917370 0.812243 0.974463 0.643276 0.591459 0.756239 0.761826 0.577481 0.601965 0.992181 0.705905 0.906120 0.897515 0.925859 0.904191 0.744127 0.963741 0.646094 0.674362 0.666360 0.665362 0.760906 0.680216 0.674487 0.661835 0.677320 0.645418 0.653795 0.822109 0.790150 0.764669 0.672153 0.733318 0.747019 0.720230 0.637955 0.625025 0.626374 0.531186 0.982663 0.668310 0.795560 0.696902 0.967471 0.879622 0.717678 0.798702 0.706871 0.828802 0.987554 0.868919 0.804546 0.621547 0.783551 0.700074 0.732275 0.736864 0.905492 0.866548 0.937798 0.969172 0.898064 0.851477 0.934549 0.844521 0.725613 0.891970 0.798116 0.873230 0.758466 0.775679 0.928966 0.734334 0.560319 0.671358 0.700703 0.832879 0.802886 0.722664 0.747365 0.906998 0.994832 0.903616 0.830036 0.955811 0.753662 0.659501 0.808936 0.762830 0.892544 0.955810
0.669890 0.604409 0.565316 0.496280 0.803153 0.595820 0.000000 0.311446 0.404853 0.377442 0.615226 0.602779 0.778827 0.717110 0.815953 0.515303 0.545502 0.467317 0.366728 0.483576 0.692796 0.932156 0.566522 0.778602 0.901939 0.935952 0.634115 0.861333 0.422463 0.361060 0.361306 0.433201 0.327078 0.269181 0.752880 0.968578 0.882613 0.906139 0.837148 0.955954 0.876691 0.857683 0.282813 0.367598 0.251510 0.358606 0.676258 0.529956 0.590484 0.621848 0.500241 0.523790 0.455576 0.566078 0.798238 0.834343 0.577111 0.703140 0.675050 0.827396 0.374972 0.611628 0.491324 0.473901 0.862697 0.699540 0.276086 0.315955 0.997805 0.802780 0.469248 0.438283 0.431256 0.400415 0.981805 0.688230 0.495624 0.438352 0.651276 0.625165 0.774706 0.839041 0.840481 0.990149 0.992759 0.921189 0.917935 0.824846 0.879576 0.928167 0.454101 0.591530 0.591535 0.738287 0.696000 0.574088 0.572134 0.635395 0.282803 0.258448 0.492112 0.521189 0.505258 0.611606 0.468411 0.653223 0.671750 0.752264 0.637223 0.874869 0.619146 0.408408 0.329158 0.694377 0.642854 0.926448
0.552635 0.524156 0.707881 0.381029 0.803867 0.535973 0.311446 0.000000 0.443742 0.272905 0.477461 0.325919 0.634954 0.461397 0.864882 0.553665 0.533524 0.466908 0.472987 0.438422 0.837561 0.911389 0.765073 0.850147 0.803175 0.965291 0.641447 0.892434 0.397717 0.376053 0.638366 0.700576 0.460885 0.349884 0.796896 0.824346 0.866655 0.902012 0.884219 0.959947 0.873336 0.958519 0.446228 0.503250 0.348280 0.363813 0.580493 0.468767 0.472169 0.500014 0.460905 0.461672 0.495873 0.662253 0.655462 0.648407 0.628400 0.609249 0.557928 0.598712 0.294932 0.274260 0.378866 0.291143 0.883381 0.455561 0.450909 0.416454 0.914913 0.614193 0.599198 0.625803 0.621567 0.595646 0.843822 0.666159 0.516580 0.594684 0.588156 0.660877 0.668037 0.699742 0.898792 0.873389 0.964896 0.972063 0.907405 0.820740 0.932324 0.740272 0.523686 0.725116 0.587262 0.815933 0.716671 0.664583 0.612765 0.696403 0.356866 0.381530 0.464224 0.675349 0.586257 0.669014 0.492946 0.625715 0.828587 0.914474 0.691759 0.826287 0.701664 0.476160 0.486616 0.759348 0.674397 0.909116
0.831147 0.736194 0.734555 0.671798 0.951517 0.727738 0.404853 0.443742 0.000000 0.357195 0.643591 0.614618 0.890766 0.828133 0.928523 0.667426 0.688872 0.567201 0.632463 0.600886 0.735724 0.899925 0.857859 0.987879 0.774047 0.882228 0.729122 0.845064 0.455867 0.532455 0.491853 0.607801 0.588869 0.444526 0.826652 0.938944 0.784519 0.951604 0.780134 0.874947 0.802591 0.845116 0.483714 0.562356 0.496631 0.618453 0.943251 0.748095 0.764579 0.826537 0.702702 0.761397 0.576981 0.641440 0.970413 0.961606 0.681607 0.839089 0.920670 0.962158 0.612146 0.631392 0.618151 0.585320 0.975135 0.813234 0.493686 0.591097 0.945837 0.803097 0.437127 0.467814 0.498855 0.566226 0.931661 0.714678 0.562205 0.591570 0.726022 0.688328 0.907742 0.979879 0.941440 0.953185 0.818752 0.763184 0.805136 0.769779 0.770037 0.917820 0.459082 0.532915 0.602083 0.608227 0.672366 0.777166 0.774102 0.668465 0.486465 0.449730 0.494264 0.631281 0.590522 0.745453 0.641340 0.861353 0.762027 0.790066 0.825070 0.987525 0.735929 0.580190 0.673084 0.788510 0.806385 0.886409
0.729099 0.706893 0.807592 0.615863 0.943671 0.645198 0.377442 0.272905 0.357195 0.000000 0.590289 0.505995 0.896539 0.745616 0.986486 0.693517 0.598204 0.499948 0.550292 0.529986 0.869759 0.898813 0.920244 0.901872 0.724195 0.943477 0.634223 0.822055 0.421915 0.439018 0.543040 0.672345 0.572076 0.392750 0.761693 0.997115 0.873096 0.900417 0.931578 0.947640 0.915219 0.920378 0.505706 0.563077 0.419178 0.517134 0.848131 0.678921 0.677012 0.783133 0.673549 0.710765 0.621296 0.667264 0.919504 0.860346 0.708900 0.824687 0.781143 0.932463 0.534375 0.489835 0.515346 0.434671 0.915719 0.745750 0.466639 0.512910 0.943123 0.788087 0.452263 0.468287 0.575912 0.514439 0.966165 0.721921 0.610203 0.584821 0.663811 0.731113 0.789199 0.917308 0.962017 0.907546 0.793899 0.716735 0.771032 0.687839 0.870816 0.966610 0.411931 0.555188 0.523744 0.650012 0.760092 0.719578 0.661419 0.670818 0.343740 0.406642 0.458427 0.586381 0.565389 0.697988 0.605649 0.772197 0.852943 0.921441 0.747233 0.897566 0.588233 0.503306 0.553257 0.854930 0.789198 0.855040
0.311952 0.297958 0.897530 0.567971 0.952405 0.707913 0.615226 0.477461 0.643591 0.590289 0.000000 0.268333 0.502960 0.391323 0.677092 0.505490 0.303200 0.284539 0.393593 0.377633 0.788436 0.801135 0.946412 0.873379 0.877724 0.896944 0.948490 0.935591 0.311279 0.328271 0.849103 0.823298 0.482116 0.418398 0.911040 0.661284 0.723299 0.673541 0.660192 0.638711 0.801330 0.784587 0.586185 0.577589 0.629713 0.563169 0.500202 0.526728 0.447456 0.545849 0.595116 0.590767 0.852068 0.901190 0.638403 0.564021 0.313379 0.326865 0.406272 0.512632 0.379377 0.373927 0.288872 0.259408 0.811120 0.457930 0.825070 0.713673 0.649996 0.544005 0.696415 0.693160 0.583859 0.592472 0.780852 0.711297 0.539937 0.730822 0.343803 0.515004 0.344665 0.375072 0.649501 0.488637 0.694999 0.693262 0.923748 0.912929 0.761208 0.543016 0.958202 0.964140 0.977475 0.940945 0.692749 0.755213 0.818392 0.833940 0.583260 0.699343 0.863470 0.964640 0.651876 0.793318 0.612635 0.723615 0.832198 0.904347 0.802094 0.887726 0.967397 0.536310 0.614233 0.984942 0.756551 0.862532
0.305108 0.312567 0.869038 0.421131 0.861527 0.569761 0.602779 0.325919 0.614618 0.505995 0.268333 0.000000 0.400567 0.279316 0.639460 0.424397 0.361977 0.342135 0.457848 0.366676 0.774906 0.835243 0.853495 0.784856 0.892189 0.920563 0.917353 0.978028 0.341992 0.372856 0.899495 0.904471 0.482506 0.448188 0.958069 0.707980 0.780768 0.794961 0.764406 0.725177 0.835841 0.863217 0.642046 0.616161 0.609287 0.521509 0.438601 0.435086 0.403842 0.416737 0.539985 0.491302 0.733484 0.994423 0.530499 0.514173 0.405251 0.327072 0.408607 0.413903 0.301226 0.190179 0.258984 0.206658 0.748930 0.284667 0.796480 0.675953 0.622606 0.430423 0.730639 0.769365 0.718914 0.683604 0.717923 0.736003 0.597866 0.720540 0.437828 0.551373 0.364709 0.379779 0.668722 0.492600 0.665066 0.673726 0.966909 0.999065 0.668022 0.566195 0.818604 0.972274 0.828521 0.985454 0.691348 0.738365 0.765407 0.797486 0.558620 0.639829 0.757061 0.948622 0.745156 0.767141 0.525315 0.641668 0.885240 0.899014 0.790605 0.892547 0.927574 0.536918 0.705258 0.967850 0.746748 0.878885
0.360871 0.377295 0.633095 0.418805 0.603693 0.788086 0.778827 0.634954 0.890766 0.896539 0.502960 0.400567 0.000000 0.319581 0.304060 0.336333 0.567657 0.582530 0.525057 0.511049 0.766085 0.947841 0.474265 0.450946 0.743541 0.909237 0.691658 0.786620 0.582240 0.645842 0.935435 0.952617 0.569167 0.642581 0.991210 0.720775 0.696719 0.823566 0.703992 0.647303 0.879740 0.806247 0.804190 0.815237 0.834735 0.702249 0.398685 0.440623 0.439311 0.451752 0.646885 0.573110 0.878721 0.801347 0.573848 0.539975 0.545717 0.325347 0.443729 0.299188 0.365212 0.401565 0.496071 0.493199 0.323093 0.230762 0.970186 0.928641 0.539785 0.347979 0.980298 0.974562 0.966010 0.880920 0.705245 0.776061 0.714636 0.844965 0.572184 0.539442 0.498046 0.364192 0.535553 0.417441 0.364472 0.390195 0.865716 0.833767 0.469386 0.457496 0.996437 0.905721 0.979248 0.933615 0.798531 0.816065 0.884708 0.905064 0.780554 0.796549 0.937389 0.971551 0.991134 0.986212 0.740540 0.707067 0.903164 0.992566 0.884955 0.957106 0.965872 0.713666 0.822619 0.967660 0.734796 0.872171
0.399281 0.373268 0.748567 0.384164 0.786671 0.646617 0.717110 0.461397 0.828133 0.745616 0.391323 0.279316 0.319581 0.000000 0.494597 0.381978 0.488846 0.469371 0.491062 0.450091 0.827826 0.926110 0.659418 0.536166 0.984378 0.999660 0.981049 0.866283 0.472099 0.465811 0.971774 0.891816 0.507871 0.585987 0.939819 0.649119 0.725570 0.781232 0.787917 0.679509 0.833959 0.956725 0.703790 0.645837 0.710268 0.569357 0.451174 0.491169 0.459646 0.389370 0.504677 0.463711 0.726811 0.998823 0.496610 0.503118 0.531060 0.338435 0.455198 0.371395 0.365548 0.314088 0.426498 0.356606 0.619843 0.265921 0.953153 0.824301 0.691116 0.493024 0.910482 0.876834 0.901242 0.829418 0.771877 0.727997 0.670643 0.858727 0.463987 0.536046 0.469786 0.371102 0.586283 0.449226 0.622205 0.564503 0.927830 0.877324 0.579834 0.485416 0.961710 0.844379 0.962454 0.873611 0.768526 0.808378 0.857473 0.966865 0.731533 0.813127 0.893422 0.984998 0.861807 0.879798 0.727459 0.689623 0.902993 0.926977 0.836208 0.916687 0.970204 0.734925 0.799005 0.935823 0.668933 0.880184
0.551483 0.552321 0.653091 0.588894 0.613815 0.887428 0.815953 0.864882 0.928523 0.986486 0.677092 0.639460 0.304060 0.494597 0.000000 0.300459 0.662361 0.629657 0.537645 0.606628 0.672354 0.951512 0.350439 0.364963 0.659871 0.813372 0.600906 0.768446 0.687234 0.689049 0.904514 0.910327 0.602487 0.737165 0.948113 0.819569 0.747006 0.868232 0.767573 0.697158 0.882862 0.836599 0.845527 0.842055 0.947140 0.885114 0.631513 0.648185 0.689033 0.690029 0.832156 0.788775 0.960532 0.796062 0.757438 0.789620 0.600846 0.469902 0.660004 0.587564 0.578935 0.709822 0.674684 0.704896 0.380246 0.456094 0.971195 0.950997 0.534430 0.559750 0.967459 0.904061 0.955555 0.865110 0.868202 0.772777 0.823457 0.858934 0.716947 0.521055 0.615770 0.515347 0.548821 0.560761 0.461747 0.446889 0.878435 0.803798 0.576157 0.642533 0.983981 0.936739 0.988058 0.949295 0.776521 0.840398 0.916622 0.932218 0.841543 0.837259 0.842459 0.938588 0.995625 0.973054 0.846876 0.897808 0.949316 0.971764 0.893897 0.910961 0.911302 0.810989 0.831557 0.973799 0.773699 0.901824
0.440104 0.359459 0.621151 0.395204 0.646151 0.566650 0.515303 0.553665 0.667426 0.693517 0.505490 0.424397 0.336333 0.381978 0.300459 0.000000 0.441405 0.420919 0.362236 0.374262 0.645511 0.939715 0.357264 0.396596 0.861873 0.857045 0.836416 0.873758 0.455564 0.449029 0.673471 0.725859 0.375826 0.465531 0.997768 0.720110 0.657218 0.778787 0.759052 0.696829 0.736171 0.778157 0.557788 0.564405 0.648662 0.609818 0.547912 0.503683 0.499424 0.520453 0.592785 0.545418 0.683552 0.957675 0.707394 0.743232 0.420614 0.378984 0.595925 0.576374 0.406187 0.518026 0.467694 0.457310 0.471351 0.379486 0.780214 0.773622 0.578757 0.518759 0.697326 0.639412 0.752361 0.634766 0.828515 0.751196 0.665424 0.636597 0.547727 0.458860 0.540520 0.524549 0.552069 0.610118 0.579913 0.597314 0.977732 0.964019 0.669433 0.662594 0.735550 0.854207 0.806128 0.899465 0.648233 0.707737 0.895719 0.792706 0.587872 0.565804 0.896381 0.846995 0.809064 0.838652 0.677812 0.768033 0.906945 0.952237 0.766856 0.922590 0.857632 0.544736 0.651009 0.912436 0.738432 0.886074
0.268580 0.255077 0.920288 0.577948 0.961658 0.617204 0.545502 0.533524 0.688872 0.598204 0.303200 0.361977 0.567657 0.488846 0.662361 0.441405 0.000000 0.184350 0.331572 0.317041 0.695635 0.953579 0.843060 0.806779 0.909666 0.928996 0.913245 0.973019 0.294273 0.264137 0.712504 0.659361 0.419126 0.362499 0.837315 0.710669 0.760416 0.806210 0.862367 0.725834 0.792889 0.719965 0.484222 0.480054 0.551433 0.544685 0.474104 0.430519 0.435445 0.519443 0.616008 0.597661 0.866386 0.858818 0.595935 0.515957 0.210170 0.313779 0.398333 0.588277 0.413608 0.515149 0.240486 0.245511 0.824895 0.585942 0.724907 0.673362 0.598916 0.584591 0.564335 0.579541 0.549372 0.462712 0.781498 0.826074 0.603970 0.622563 0.380715 0.415222 0.289035 0.358962 0.523617 0.521642 0.670171 0.690294 0.949365 0.997803 0.806716 0.598961 0.896004 0.971493 0.936964 0.912484 0.662622 0.693786 0.716103 0.817720 0.480889 0.519278 0.860370 0.903314 0.682470 0.643432 0.548056 0.652368 0.992496 0.993644 0.709599 0.953790 0.803668 0.489175 0.618811 0.927819 0.811729 0.990525
0.300582 0.265240 0.825810 0.522985 0.907418 0.584901 0.467317 0.466908 0.567201 0.499948 0.284539 0.342135 0.582530 0.469371 0.629657 0.420919 0.184350 0.000000 0.277130 0.287127 0.672292 0.937252 0.809235 0.770488 0.955750 0.993826 0.931803 0.947219 0.239857 0.216046 0.643973 0.572680 0.326885 0.290905 0.947323 0.748053 0.746544 0.772910 0.806464 0.723580 0.773910 0.673141 0.420193 0.421299 0.487380 0.493158 0.499445 0.433797 0.457519 0.540387 0.579832 0.586993 0.799812 0.910537 0.606148 0.530839 0.205712 0.306597 0.417702 0.620391 0.368572 0.483476 0.218448 0.233068 0.804133 0.559100 0.668420 0.603122 0.602928 0.587264 0.517481 0.525785 0.509641 0.448576 0.823258 0.783500 0.565875 0.545483 0.351815 0.351052 0.295920 0.392948 0.526825 0.504618 0.686399 0.701155 0.972562 0.977568 0.845266 0.597879 0.846198 0.926967 0.892390 0.964082 0.647760 0.608750 0.679549 0.766672 0.407495 0.475008 0.818080 0.826118 0.608295 0.601864 0.533104 0.628090 0.996159 0.996996 0.781693 0.960771 0.827985 0.443197 0.551415 0.874772 0.715693 0.963341
0.362508 0.354448 0.645419 0.490918 0.817293 0.623079 0.366728 0.472987 0.632463 0.550292 0.393593 0.457848 0.525057 0.491062 0.537645 0.362236 0.331572 0.277130 0.000000 0.317629 0.716995 0.987046 0.565251 0.655059 0.993966 0.984225 0.889383 0.919705 0.341979 0.317958 0.590247 0.557928 0.347341 0.289462 0.911536 0.786020 0.779407 0.788492 0.786478 0.802714 0.825309 0.789850 0.488445 0.527203 0.498029 0.522711 0.537396 0.461988 0.529254 0.596323 0.662759 0.637648 0.762860 0.970710 0.711662 0.678159 0.334195 0.400362 0.470292 0.600242 0.357479 0.582229 0.370761 0.375268 0.730308 0.557204 0.586926 0.638074 0.691521 0.649171 0.574693 0.524226 0.540631 0.455365 0.897144 0.751024 0.520183 0.549260 0.478441 0.485549 0.477413 0.484066 0.638752 0.629620 0.733242 0.793508 0.995702 0.988397 0.872291 0.718374 0.751816 0.876480 0.818142 0.926544 0.670800 0.621735 0.688111 0.840466 0.425160 0.415792 0.779459 0.758165 0.642500 0.693393 0.631443 0.681946 0.933296 0.968439 0.706949 0.914206 0.829366 0.427045 0.457941 0.862912 0.705474 0.947863
0.341344 0.291986 0.669724 0.394507 0.926667 0.586474 0.483576 0.438422 0.600886 0.529986 0.377633 0.366676 0.511049 0.450091 0.606628 0.374262 0.317041 0.287127 0.317629 0.000000 0.710524 0.970676 0.685967 0.722427 0.951343 0.906034 0.858708 0.964912 0.315722 0.358493 0.653647 0.688673 0.420746 0.321214 0.948553 0.718525 0.663219 0.748030 0.697982 0.797650 0.767956 0.805054 0.542720 0.545548 0.585858 0.569327 0.546697 0.464448 0.550675 0.545414 0.634014 0.639127 0.798592 0.994847 0.620841 0.603829 0.328285 0.360783 0.500735 0.558780 0.377631 0.476435 0.339117 0.340401 0.717571 0.483842 0.695342 0.682567 0.613396 0.495809 0.500640 0.525456 0.558934 0.494505 0.807502 0.793774 0.521238 0.611943 0.417283 0.507195 0.468703 0.489745 0.646579 0.629953 0.748215 0.802869 0.874985 0.888433 0.849732 0.655679 0.733868 0.789959 0.721052 0.888057 0.723054 0.648537 0.749276 0.761508 0.461957 0.462532 0.789553 0.832819 0.669279 0.707918 0.589121 0.640981 0.969442 0.952164 0.780174 0.982833 0.885274 0.435395 0.608330 0.874509 0.759439 0.864376
0.768135 0.678973 0.654577 0.612682 0.917126 0.798340 0.692796 0.837561 0.735724 0.869759 0.788436 0.774906 0.766085 0.827826 0.672354 0.645511 0.695635 0.672292 0.716995 0.710524 0.000000 0.850212 0.721778 0.756659 0.884476 0.805670 0.925045 0.846854 0.707734 0.651018 0.634719 0.729522 0.735300 0.698795 0.964447 0.886142 0.686112 0.994836 0.820524 0.821073 0.987456 0.898350 0.706278 0.683303 0.802407 0.837695 0.808622 0.782395 0.823965 0.814193 0.818804 0.837672 0.854096 0.932294 0.827693 0.954122 0.659905 0.698192 0.844181 0.904252 0.754342 0.871182 0.736941 0.750385 0.758829 0.803438 0.745284 0.774447 0.742750 0.698276 0.751255 0.781233 0.647050 0.791133 0.807694 0.860318 0.834989 0.653667 0.747562 0.657278 0.762939 0.741066 0.806661 0.857942 0.866108 0.821093 0.841949 0.988895 0.989599 0.955474 0.843749 0.876435 0.881650 0.858927 0.656023 0.859551 0.827364 0.868453 0.757932 0.725942 0.911113 0.737498 0.881908 0.721611 0.693400 0.836756 0.985308 0.929659 0.720012 0.871053 0.845910 0.781932 0.844642 0.936967 0.846982 0.941742
0.825474 0.971405 0.823997 0.958871 0.950778 0.973636 0.932156 0.911389 0.899925 0.898813 0.801135 0.835243 0.947841 0.926110 0.951512 0.939715 0.953579 0.937252 0.987046 0.970676 0.850212 0.000000 0.805778 0.770538 0.880805 0.840874 0.921299 0.931065 0.934579 0.920608 0.787521 0.716869 0.951709 0.944293 0.918142 0.989148 0.936173 0.990624 0.932415 0.976203 0.955915 0.993347 0.920568 0.935252 0.997361 0.938846 0.818783 0.978144 0.851370 0.957953 0.985899 0.962986 0.845535 0.794877 0.854847 0.819311 0.944553 0.913709 0.769920 0.805435 0.853583 0.750239 0.742964 0.823588 0.961481 0.867235 0.895704 0.928157 0.942682 0.974248 0.850794 0.783916 0.999238 0.889641 0.868669 0.904470 0.959256 0.852011 0.864133 0.928911 0.824248 0.854768 0.932220 0.892646 0.922322 0.951909 0.920139 0.898535 0.959403 0.801251 0.825676 0.778615 0.840291 0.733842 0.960179 0.906002 0.965073 0.953930 0.984940 0.900158 0.901718 0.913300 0.984003 0.877490 0.931394 0.890565 0.888259 0.772939 0.856035 0.727329 0.998074 0.994828 0.975002 0.703978 0.955520 0.935594
0.766986 0.710340 0.495704 0.551130 0.563242 0.813507 0.566522 0.765073 0.857859 0.920244 0.946412 0.853495 0.474265 0.659418 0.350439 0.357264 0.843060 0.809235 0.565251 0.685967 0.721778 0.805778 0.000000 0.306926 0.701374 0.729989 0.813393 0.795198 0.767342 0.762292 0.685024 0.743613 0.527000 0.660158 0.875431 0.979778 0.846639 0.998001 0.852408 0.946430 0.891424 0.929672 0.676686 0.721085 0.690752 0.698509 0.718132 0.628467 0.707571 0.662269 0.707689 0.665744 0.679794 0.828820 0.837697 0.878492 0.797768 0.701411 0.828928 0.719314 0.582398 0.845209 0.819394 0.852426 0.421730 0.598563 0.726631 0.807180 0.844130 0.723114 0.922394 0.815069 0.953623 0.805659 0.884280 0.807058 0.794977 0.728978 0.881483 0.691150 0.905898 0.806088 0.726068 0.864862 0.646360 0.677902 0.993396 0.941558 0.773030 0.843240 0.716964 0.812889 0.787179 0.881947 0.807100 0.770269 0.815215 0.811374 0.688017 0.597819 0.958876 0.766912 0.870560 0.906560 0.789779 0.792367 0.736765 0.702432 0.831234 0.911089 0.899231 0.725150 0.663938 0.809236 0.694138 0.981272
0.746583 0.664224 0.608662 0.522801 0.570951 0.798848 0.778602 0.850147 0.987879 0.901872 0.873379 0.784856 0.450946 0.536166 0.364963 0.396596 0.806779 0.770488 0.655059 0.722427 0.756659 0.770538 0.306926 0.000000 0.680647 0.744104 0.776990 0.777857 0.832998 0.759241 0.858581 0.787285 0.585413 0.769416 0.992201 0.850067 0.816865 0.993356 0.792550 0.876174 0.917593 0.852189 0.743105 0.726057 0.853432 0.801283 0.681327 0.710648 0.747514 0.657108 0.693310 0.666694 0.771954 0.958924 0.784625 0.760027 0.759571 0.617652 0.797258 0.664055 0.664044 0.815265 0.796982 0.821498 0.481419 0.540817 0.924175 0.921917 0.861119 0.719761 0.970412 0.962547 0.978867 0.960386 0.858119 0.833595 0.851891 0.849285 0.825669 0.557383 0.777061 0.651683 0.675434 0.662153 0.596728 0.519085 0.951831 0.822121 0.648495 0.707354 0.961577 0.983140 0.995970 0.947441 0.873340 0.803403 0.904426 0.916499 0.880944 0.804114 0.901209 0.907327 0.988475 0.959879 0.947167 0.884298 0.926060 0.892068 0.869950 0.916803 0.973985 0.789134 0.768689 0.900510 0.807241 0.970163
0.903263 0.879666 0.549352 0.758634 0.689356 0.854308 0.901939 0.803175 0.774047 0.724195 0.877724 0.892189 0.743541 0.984378 0.659871 0.861873 0.909666 0.955750 0.993966 0.951343 0.884476 0.880805 0.701374 0.680647 0.000000 0.536593 0.598076 0.898671 0.931228 0.829790 0.994849 0.992867 0.884537 0.962228 0.961276 0.989143 0.715197 0.864038 0.658797 0.913415 0.924507 0.773694 0.941111 0.938681 0.860453 0.870431 0.853349 0.920039 0.984656 0.935958 0.974837 0.964806 0.824356 0.709903 0.855071 0.922580 0.902074 0.809469 0.952456 0.782346 0.897192 0.907410 0.950998 0.867251 0.465082 0.794541 0.926775 0.897836 0.627871 0.714209 0.976513 0.931419 0.816968 0.991281 0.824867 0.955994 0.998401 0.880638 0.984090 0.871238 0.901141 0.926142 0.869965 0.830568 0.611696 0.632811 0.999851 0.941138 0.745430 0.793133 0.924163 0.913499 0.888730 0.877189 0.890003 0.894042 0.925140 0.983192 0.903759 0.944075 0.789235 0.943395 0.939036 0.935964 0.882808 0.862154 0.929881 0.847521 0.812181 0.989313 0.880336 0.906235 0.992358 0.960640 0.997170 0.949785
0.954108 0.957283 0.516524 0.651774 0.879541 0.917370 0.935952 0.965291 0.882228 0.943477 0.896944 0.920563 0.909237 0.999660 0.813372 0.857045 0.928996 0.993826 0.984225 0.906034 0.805670 0.840874 0.729989 0.744104 0.536593 0.000000 0.887415 0.879222 0.962384 0.910182 0.720450 0.815094 0.844749 0.937314 0.770415 0.996414 0.637189 0.837827 0.669917 0.924874 0.973887 0.778990 0.848982 0.869814 0.950899 0.967564 0.941074 0.933206 0.944873 0.923458 0.837736 0.914123 0.863673 0.918567 0.953471 0.911043 0.955055 0.928824 0.847560 0.995124 0.928366 0.960128 0.980418 0.909736 0.656741 0.854383 0.888963 0.934337 0.872441 0.888830 0.805193 0.830161 0.970437 0.861265 0.980586 0.849514 0.880643 0.839331 0.982466 0.893964 0.954569 0.913038 0.937250 0.917833 0.970347 0.938389 0.783358 0.827348 0.939263 0.948546 0.718109 0.614927 0.713396 0.709068 0.990935 0.969403 0.949199 0.906124 0.945350 0.887774 0.912629 0.871540 0.874574 0.905706 0.853536 0.950914 0.918440 0.677927 0.886956 0.980829 0.960194 0.926952 0.978499 0.862050 0.914335 0.947065
0.934162 0.928199 0.962185 0.986114 0.714263 0.812243 0.634115 0.641447 0.729122 0.634223 0.948490 0.917353 0.691658 0.981049 0.600906 0.836416 0.913245 0.931803 0.889383 0.858708 0.925045 0.921299 0.813393 0.776990 0.598076 0.887415 0.000000 0.679381 0.879716 0.777778 0.714905 0.702290 0.890103 0.712766 0.963167 0.870964 0.895597 0.890535 0.906748 0.747270 0.937454 0.826748 0.765180 0.741936 0.601483 0.697336 0.948535 0.944650 0.969785 0.932248 0.819661 0.858609 0.738072 0.549952 0.989773 0.988704 0.957446 0.826833 0.967688 0.872216 0.902631 0.894999 0.889048 0.842992 0.533372 0.862595 0.568329 0.587458 0.639385 0.732806 0.720565 0.731834 0.629985 0.812045 0.826942 0.911244 0.784355 0.799959 0.941914 0.871991 0.898370 0.854779 0.831602 0.751376 0.523337 0.505480 0.825621 0.758258 0.557984 0.822874 0.677800 0.801005 0.748037 0.869645 0.946493 0.918268 0.797978 0.868389 0.680800 0.715025 0.511896 0.687169 0.707088 0.851456 0.845660 0.995322 0.948147 0.926494 0.718215 0.896235 0.783158 0.812655 0.765253 0.830397 0.998753 0.983501
0.991761 0.912968 0.947011 0.913924 0.969851 0.974463 0.861333 0.892434 0.845064 0.822055 0.935591 0.978028 0.786620 0.866283 0.768446 0.873758 0.973019 0.947219 0.919705 0.964912 0.846854 0.931065 0.795198 0.777857 0.898671 0.879222 0.679381 0.000000 0.946718 0.923317 0.863392 0.860641 0.915883 0.882458 0.960487 0.765788 0.863701 0.825012 0.948523 0.742708 0.900980 0.841802 0.978693 0.934682 0.858436 0.896922 0.922771 0.959286 0.939578 0.935382 0.991731 0.995214 0.952517 0.853759 0.915068 0.784529 0.995556 0.902126 0.997982 0.883540 0.982274 0.986431 0.978911 0.944592 0.749004 0.871682 0.791935 0.913441 0.848539 0.876935 0.922574 0.928366 0.848205 0.960879 0.870595 0.941099 0.971461 0.860628 0.989456 0.937477 0.975658 0.876287 0.916360 0.924522 0.819504 0.728747 0.943093 0.960251 0.781098 0.751434 0.850877 0.956817 0.827984 0.883323 0.966059 0.916895 0.911552 0.860743 0.922126 0.918924 0.744104 0.861612 0.777795 0.953438 0.919373 0.894325 0.984644 0.866110 0.975980 0.956805 0.954611 0.884574 0.798871 0.962894 0.905796 0.972652
0.387407 0.313788 0.756940 0.515708 0.925704 0.643276 0.422463 0.397717 0.455867 0.421915 0.311279 0.341992 0.582240 0.472099 0.687234 0.455564 0.294273 0.239857 0.341979 0.315722 0.707734 0.934579 0.767342 0.832998 0.931228 0.962384 0.879716 0.946718 0.000000 0.280662 0.628058 0.635890 0.346732 0.270754 0.969856 0.800158 0.730311 0.800168 0.743951 0.785549 0.791428 0.723355 0.443562 0.463840 0.437579 0.456798 0.534364 0.470033 0.446440 0.533324 0.531602 0.579281 0.710981 0.923760 0.701648 0.576450 0.327384 0.396000 0.489038 0.610012 0.342261 0.452631 0.282948 0.278708 0.786434 0.537796 0.617060 0.583656 0.714540 0.576101 0.503046 0.505764 0.461583 0.424986 0.793940 0.758347 0.503241 0.557713 0.412164 0.466187 0.440463 0.510590 0.639255 0.619696 0.770918 0.821049 0.921180 0.897869 0.895086 0.716145 0.738649 0.809191 0.772004 0.913604 0.677165 0.638386 0.724853 0.674579 0.396182 0.477269 0.731065 0.804732 0.573714 0.651534 0.502084 0.620153 0.934203 0.899606 0.757438 0.930515 0.864593 0.442102 0.559183 0.833714 0.726251 0.902879
0.419744 0.357849 0.822056 0.533642 0.880481 0.591459 0.361060 0.376053 0.532455 0.439018 0.328271 0.372856 0.645842 0.465811 0.689049 0.449029 0.264137 0.216046 0.317958 0.358493 0.651018 0.920608 0.762292 0.759241 0.829790 0.910182 0.777778 0.923317 0.280662 0.000000 0.553087 0.538373 0.347392 0.308126 0.995820 0.818658 0.785167 0.824217 0.870633 0.785343 0.825273 0.742405 0.354473 0.322173 0.348994 0.372633 0.525404 0.459619 0.422966 0.494501 0.462736 0.476095 0.615324 0.864452 0.599413 0.565742 0.326643 0.418399 0.422126 0.660010 0.334669 0.451097 0.250451 0.234679 0.891350 0.592201 0.544479 0.465506 0.795251 0.656278 0.538408 0.512995 0.485212 0.421170 0.885174 0.696361 0.557924 0.539380 0.436291 0.400718 0.395627 0.475459 0.561313 0.628672 0.820107 0.811873 0.990849 0.961504 0.907558 0.683645 0.779138 0.928693 0.891981 0.969583 0.642514 0.698565 0.622431 0.800057 0.393567 0.432454 0.718400 0.779417 0.548998 0.604695 0.508839 0.647896 0.895974 0.995179 0.748936 0.915661 0.785208 0.472571 0.465315 0.834163 0.690542 0.974852
0.953778 0.798788 0.623060 0.668531 0.915236 0.756239 0.361306 0.638366 0.491853 0.543040 0.849103 0.899495 0.935435 0.971774 0.904514 0.673471 0.712504 0.643973 0.590247 0.653647 0.634719 0.787521 0.685024 0.858581 0.994849 0.720450 0.714905 0.863392 0.628058 0.553087 0.000000 0.291916 0.518728 0.476124 0.779664 0.937749 0.831932 0.831401 0.877401 0.909712 0.905256 0.750595 0.361723 0.405466 0.444550 0.592137 0.972275 0.821497 0.865882 0.833334 0.623435 0.721059 0.527762 0.502566 0.951339 0.875439 0.687400 0.914985 0.999520 0.839072 0.719521 0.940154 0.774899 0.739410 0.982493 0.982480 0.420598 0.501649 0.954421 0.960288 0.389076 0.364075 0.486697 0.425717 0.892311 0.724403 0.613459 0.373606 0.809203 0.682392 0.947289 0.920329 0.957670 0.761864 0.716092 0.739358 0.806486 0.671906 0.707695 0.799220 0.470008 0.476355 0.553058 0.605135 0.781930 0.810543 0.688751 0.871306 0.449198 0.446580 0.547752 0.457217 0.516720 0.635848 0.631808 0.837534 0.670487 0.674817 0.717490 0.890898 0.604479 0.647164 0.536534 0.760711 0.808701 0.942739
0.907599 0.724084 0.670573 0.737760 0.907546 0.761826 0.433201 0.700576 0.607801 0.672345 0.823298 0.904471 0.952617 0.891816 0.910327 0.725859 0.659361 0.572680 0.557928 0.688673 0.729522 0.716869 0.743613 0.787285 0.992867 0.815094 0.702290 0.860641 0.635890 0.538373 0.291916 0.000000 0.506692 0.465425 0.842461 0.927101 0.903376 0.892062 0.898663 0.978695 0.943947 0.796153 0.386238 0.393998 0.473292 0.572883 0.880177 0.754822 0.852060 0.814291 0.612261 0.682563 0.595033 0.651974 0.921540 0.915677 0.647634 0.850479 0.915741 0.937200 0.719961 0.977689 0.749195 0.735116 0.963427 0.952758 0.504435 0.527006 0.943212 0.976310 0.462229 0.474597 0.533749 0.452773 0.941439 0.815732 0.702485 0.458645 0.768936 0.567294 0.870926 0.977746 0.889433 0.960583 0.803043 0.879102 0.823226 0.943422 0.727292 0.920616 0.660020 0.687913 0.754181 0.817073 0.805300 0.777965 0.729431 0.906612 0.548853 0.522155 0.663396 0.530918 0.580277 0.710224 0.690254 0.781997 0.823594 0.776342 0.853437 0.924530 0.648490 0.662960 0.510395 0.697868 0.794958 0.997267
0.449291 0.369977 0.611680 0.467661 0.764972 0.577481 0.327078 0.460885 0.588869 0.572076 0.482116 0.482506 0.569167 0.507871 0.602487 0.375826 0.419126 0.326885 0.347341 0.420746 0.735300 0.951709 0.527000 0.585413 0.884537 0.844749 0.890103 0.915883 0.346732 0.347392 0.518728 0.506692 0.000000 0.293216 0.816801 0.892287 0.805935 0.789934 0.750748 0.856423 0.791686 0.683341 0.325383 0.323217 0.349418 0.363047 0.510473 0.425585 0.429998 0.418395 0.391313 0.413102 0.569975 0.790151 0.605150 0.597751 0.351425 0.408779 0.505961 0.590973 0.318010 0.553230 0.380138 0.388514 0.635743 0.524508 0.501476 0.468889 0.755207 0.697891 0.578516 0.549632 0.530518 0.484107 0.744139 0.743721 0.500755 0.465341 0.505650 0.453816 0.479672 0.551264 0.599923 0.643017 0.676570 0.684179 0.922629 0.978649 0.843403 0.684148 0.706288 0.777134 0.746594 0.939941 0.741899 0.546979 0.601568 0.635862 0.355180 0.439228 0.711418 0.709278 0.547730 0.631437 0.446309 0.579552 0.845156 0.743118 0.756111 0.891310 0.794770 0.445290 0.408413 0.726526 0.576853 0.897077
0.467083 0.391452 0.666302 0.471887 0.946002 0.601965 0.269181 0.349884 0.444526 0.392750 0.418398 0.448188 0.642581 0.585987 0.737165 0.465531 0.362499 0.290905 0.289462 0.321214 0.698795 0.944293 0.660158 0.769416 0.962228 0.937314 0.712766 0.882458 0.270754 0.308126 0.476124 0.465425 0.293216 0.000000 0.854758 0.914957 0.743755 0.842915 0.782069 0.890762 0.811560 0.754583 0.330860 0.399787 0.313958 0.379055 0.579162 0.444728 0.500651 0.545330 0.489876 0.534181 0.575668 0.749078 0.764581 0.649717 0.375303 0.483025 0.530511 0.677551 0.338768 0.533021 0.359792 0.356197 0.805597 0.617281 0.439997 0.438141 0.807529 0.667087 0.390430 0.421788 0.420316 0.360649 0.838445 0.764275 0.426763 0.424297 0.522523 0.480789 0.557666 0.634053 0.718290 0.765172 0.879988 0.936261 0.880774 0.862623 0.993887 0.811380 0.599495 0.672683 0.657404 0.815424 0.640077 0.503349 0.647131 0.692906 0.264882 0.312575 0.606067 0.611738 0.514495 0.617321 0.457144 0.583208 0.935959 0.807600 0.707553 0.981774 0.737183 0.340745 0.412746 0.703081 0.662887 0.911522
0.853832 0.934478 0.742391 0.797784 0.961517 0.992181 0.752880 0.796896 0.826652 0.761693 0.911040 0.958069 0.991210 0.939819 0.948113 0.997768 0.837315 0.947323 0.911536 0.948553 0.964447 0.918142 0.875431 0.992201 0.961276 0.770415 0.963167 0.960487 0.969856 0.995820 0.779664 0.842461 0.816801 0.854758 0.000000 0.831095 0.972650 0.874456 0.974250 0.940023 0.810079 0.877502 0.702193 0.777622 0.687336 0.704304 0.913555 0.864914 0.897079 0.954021 0.754192 0.818427 0.691974 0.721677 0.988951 0.991583 0.867859 0.930547 0.980524 0.970836 0.852247 0.915744 0.997796 0.994159 0.848425 0.960010 0.683014 0.631984 0.901193 0.965827 0.774115 0.836443 0.959033 0.940107 0.983880 0.936159 0.820753 0.758851 0.998180 0.968664 0.841736 0.816067 0.897620 0.752356 0.910109 0.951353 0.817594 0.848980 0.932157 0.948115 0.732866 0.679871 0.760206 0.816070 0.929035 0.760214 0.858142 0.820171 0.790130 0.852195 0.677757 0.755066 0.783104 0.978030 0.848173 0.854271 0.903567 0.762668 0.953137 0.815401 0.891649 0.954548 0.787022 0.741760 0.740443 0.904341
0.670669 0.678056 0.872653 0.747562 0.872074 0.705905 0.968578 0.824346 0.938944 0.997115 0.661284 0.707980 0.720775 0.649119 0.819569 0.720110 0.710669 0.748053 0.786020 0.718525 0.886142 0.989148 0.979778 0.850067 0.989143 0.996414 0.870964 0.765788 0.800158 0.818658 0.937749 0.927101 0.892287 0.914957 0.831095 0.000000 0.700684 0.893812 0.782829 0.765230 0.725442 0.848613 0.914532 0.893116 0.925832 0.955664 0.786744 0.785487 0.793293 0.800415 0.889734 0.811624 0.957266 0.863375 0.736513 0.772872 0.725156 0.668782 0.803646 0.706829 0.808590 0.745128 0.772147 0.691985 0.848954 0.657496 0.880780 0.956678 0.769884 0.845794 0.937887 0.983733 0.830825 0.948050 0.938959 0.978715 0.793293 0.896202 0.684345 0.876618 0.802479 0.680179 0.823557 0.659334 0.805522 0.806742 0.986713 0.991111 0.805505 0.675446 0.905651 0.900879 0.912315 0.971576 0.951570 0.946114 0.820419 0.876475 0.997523 0.999584 0.910207 0.869841 0.840766 0.996879 0.967102 0.981738 0.949457 0.928797 0.990912 0.966465 0.954869 0.873207 0.977728 0.999634 0.954778 0.888995
0.734587 0.643185 0.594818 0.589893 0.999749 0.906120 0.882613 0.866655 0.784519 0.873096 0.723299 0.780768 0.696719 0.725570 0.747006 0.657218 0.760416 0.746544 0.779407 0.663219 0.686112 0.936173 0.846639 0.816865 0.715197 0.637189 0.895597 0.863701 0.730311 0.785167 0.831932 0.903376 0.805935 0.743755 0.972650 0.700684 0.000000 0.700973 0.652086 0.578613 0.675319 0.655448 0.792321 0.727868 0.846947 0.829457 0.761366 0.792932 0.748091 0.744443 0.771238 0.768483 0.874520 0.978070 0.894554 0.940756 0.658846 0.648899 0.794956 0.772893 0.725608 0.776268 0.789842 0.765764 0.596481 0.675783 0.864593 0.918410 0.593291 0.682522 0.629415 0.646559 0.815617 0.779100 0.969388 0.901712 0.798198 0.710088 0.683160 0.713957 0.739224 0.860063 0.816925 0.802785 0.880089 0.839907 0.742487 0.789957 0.891540 0.785026 0.818751 0.739676 0.753812 0.743349 0.827209 0.857930 0.954110 0.932919 0.789866 0.796613 0.835188 0.852995 0.783522 0.808118 0.842778 0.815917 0.913536 0.879292 0.959244 0.939800 0.959402 0.798050 0.972525 0.897570 0.938009 0.923704
0.760696 0.721321 0.778895 0.709320 0.930246 0.897515 0.906139 0.902012 0.951604 0.900417 0.673541 0.794961 0.823566 0.781232 0.868232 0.778787 0.806210 0.772910 0.788492 0.748030 0.994836 0.990624 0.998001 0.993356 0.864038 0.837827 0.890535 0.825012 0.800168 0.824217 0.831401 0.892062 0.789934 0.842915 0.874456 0.893812 0.700973 0.000000 0.804603 0.820408 0.890204 0.696171 0.885435 0.844384 0.928323 0.855929 0.869093 0.910283 0.836797 0.845479 0.840476 0.830840 0.928442 0.999582 0.837151 0.982816 0.694520 0.678868 0.846652 0.878380 0.809589 0.830390 0.832610 0.816141 0.751912 0.720518 0.946815 0.977942 0.540104 0.682258 0.809184 0.696102 0.914228 0.660261 0.910900 0.880424 0.810487 0.812117 0.627990 0.893397 0.783540 0.904387 0.782546 0.843516 0.880556 0.835423 0.892820 0.981364 0.754627 0.740935 0.961800 0.908537 0.887432 0.837618 0.884120 0.996495 0.955789 0.981156 0.942735 0.988049 0.966220 0.961019 0.765327 0.979493 0.887527 0.836430 0.847805 0.935787 0.920705 0.972713 0.935396 0.876191 0.854821 0.928264 0.785612 0.886360
