0.000000 0.522534 0.911235 0.841458 0.975956 0.954520 0.990346 0.926737 0.879720 0.864151 0.538522 0.600702 0.858004 0.967181 0.934235 0.835785 0.546267 0.523600 0.727182 0.674062 0.999128 0.951774 0.886936 0.867540 0.894089 0.905138 0.904368 0.917126 0.742825 0.588094 0.915960 0.935569 0.797491 0.733438 0.953177 0.946918 0.967675 0.962105 0.833863 0.927733 0.959061 0.836159 0.892239 0.956889 0.945261 0.937649 0.930192 0.895658 0.781232 0.839667 0.871587 0.849720 0.985454 0.840256 0.834162 0.730970 0.458419 0.496369 0.643625 0.671654 0.629834 0.689644 0.528087 0.500532 0.828281 0.970536 0.897301 0.968718 0.673175 0.712758 0.970926 0.853437 0.926208 0.891811 0.877914 0.905959 0.852132 0.937536 0.797044 0.844970 0.394648 0.454333 0.770378 0.611935 0.823980 0.991419 0.952387 0.833050 0.843334 0.846755 0.869067 0.715370 0.838604 0.757744 0.889794 0.977126 0.804169 0.862295 0.895329 0.954107 0.993472 0.997400 0.795118 0.802709 0.931086 0.936100 0.972090 0.892176 0.908336 0.852338 0.939773 0.963507 0.816612 0.999751 0.970056 0.861229
0.522534 0.000000 0.909656 0.959728 0.909201 0.967899 0.831509 0.898738 0.700305 0.643519 0.772426 0.581014 0.979113 0.957716 0.820786 0.842511 0.579933 0.570229 0.963979 0.765520 0.987399 0.939913 0.792202 0.908250 0.928092 0.910092 0.946705 0.803796 0.970323 0.830949 0.829039 0.870151 0.917852 0.913116 0.900969 0.926266 0.880729 0.987001 0.978148 0.751725 0.860149 0.880042 0.945244 0.999351 0.874149 0.933329 0.826627 0.997078 0.975588 0.959976 0.932669 0.914765 0.822463 0.702779 0.777779 0.751147 0.494959 0.437446 0.760258 0.764099 0.868389 0.861929 0.706353 0.662974 0.919007 0.880759 0.889840 0.874006 0.574432 0.658666 0.936816 0.811136 0.938219 0.928701 0.927793 0.858510 0.920470 0.964818 0.901598 0.714843 0.558472 0.466721 0.813668 0.533998 0.858433 0.870818 0.897336 0.898697 0.869159 0.832195 0.757974 0.685446 0.894126 0.771723 0.991502 0.922510 0.907148 0.935384 0.832686 0.776265 0.927751 0.841922 0.997757 0.944567 0.990036 0.918326 0.962075 0.821309 0.835235 0.835172 0.959383 0.836725 0.745331 0.962420 0.963071 0.951837
0.911235 0.909656 0.000000 0.418050 0.997598 0.620699 0.479373 0.432687 0.772473 0.968543 0.968207 0.902540 0.727088 0.701179 0.808576 0.642375 0.787580 0.755798 0.768850 0.933447 0.908270 0.959938 0.782489 0.548007 0.550518 0.616318 0.867750 0.912421 0.983230 0.922372 0.743880 0.830653 0.836086 0.741625 0.955248 0.954439 0.792403 0.824802 0.684100 0.853345 0.943443 0.962089 0.568406 0.798716 0.954986 0.951933 0.731305 0.735451 0.767556 0.860732 0.942389 0.951053 0.877248 0.801588 0.874801 0.963433 0.761154 0.755612 0.938501 0.884799 0.813621 0.739940 0.709425 0.620565 0.467183 0.502414 0.627485 0.743421 0.853290 0.870842 0.864853 0.874102 0.831884 0.880509 0.816894 0.870718 0.754187 0.846356 0.996962 0.918278 0.775235 0.909785 0.860805 0.927226 0.752843 0.459699 0.878695 0.806496 0.747856 0.924080 0.512660 0.499912 0.488529 0.451483 0.978494 0.670874 0.855679 0.988101 0.874640 0.727036 0.662285 0.776276 0.850423 0.957979 0.715674 0.768584 0.860529 0.729308 0.994925 0.846649 0.789121 0.816490 0.729808 0.897705 0.835119 0.977673
0.841458 0.959728 0.418050 0.000000 0.854674 0.679017 0.610416 0.346538 0.883456 0.951483 0.937884 0.994204 0.919730 0.841785 0.945764 0.776390 0.718708 0.719006 0.934470 0.996783 0.833158 0.994130 0.950015 0.653440 0.527354 0.482376 0.912006 0.868996 0.739619 0.761146 0.820392 0.863742 0.970234 0.816998 0.977626 0.997703 0.746535 0.764479 0.591146 0.702252 0.899144 0.963859 0.469390 0.675330 0.863278 0.922365 0.650862 0.656596 0.732256 0.861434 0.955383 0.896228 0.825084 0.789395 0.872299 0.839199 0.736755 0.750642 0.976386 0.966624 0.980296 0.911438 0.622987 0.529856 0.602320 0.461895 0.571402 0.613261 0.926574 0.940812 0.775117 0.841246 0.894362 0.884121 0.906507 0.945113 0.667884 0.745475 0.971328 0.985963 0.674843 0.830539 0.948598 0.839927 0.997930 0.502064 0.979428 0.640882 0.826207 0.958100 0.528480 0.531815 0.440177 0.475634 0.943724 0.716893 0.859059 0.842846 0.968309 0.827778 0.672174 0.809882 0.921928 0.889027 0.693942 0.676101 0.814820 0.669962 0.916458 0.890783 0.854933 0.920814 0.661260 0.820094 0.839808 0.911666
0.975956 0.909201 0.997598 0.854674 0.000000 0.939831 0.856296 0.854560 0.707008 0.859126 0.922237 0.890190 0.649303 0.701175 0.684530 0.656526 0.983819 0.997712 0.808039 0.989659 0.842197 0.970170 0.568964 0.720731 0.907484 0.818519 0.874645 0.916533 0.851733 0.930405 0.938931 0.973197 0.903325 0.958837 0.867272 0.969544 0.777484 0.905691 0.819191 0.806172 0.957734 0.782149 0.985575 0.852895 0.781778 0.990540 0.937380 0.977984 0.930454 0.992020 0.957691 0.918975 0.880025 0.750144 0.828721 0.976256 0.912306 0.881323 0.941446 0.778244 0.761486 0.786216 0.985656 0.940949 0.723053 0.985636 0.920674 0.827160 0.846973 0.839949 0.833714 0.865733 0.980333 0.975437 0.883669 0.875969 0.904719 0.956915 0.998248 0.908894 0.915302 0.980392 0.732010 0.936249 0.547019 0.934796 0.785749 0.747617 0.954071 0.840358 0.854125 0.789430 0.935948 0.847406 0.919441 0.936725 0.861261 0.657900 0.870108 0.742336 0.917496 0.847946 0.920901 0.994169 0.954433 0.906814 0.944714 0.811433 0.988958 0.851590 0.833878 0.841285 0.946282 0.976670 0.941511 0.843911
0.954520 0.967899 0.620699 0.679017 0.939831 0.000000 0.793791 0.734948 0.949218 0.881577 0.916434 0.844613 0.841093 0.755896 0.877934 0.743816 0.808749 0.895703 0.969842 0.992801 0.760067 0.965643 0.921510 0.726964 0.527876 0.508739 0.904840 0.675267 0.919756 0.817039 0.880338 0.941648 0.813952 0.770924 0.687402 0.881101 0.864642 0.883185 0.723754 0.659863 0.769757 0.995436 0.725289 0.892782 0.966122 0.975382 0.794696 0.870624 0.743850 0.741625 0.987532 0.924877 0.883503 0.792767 0.868362 0.789439 0.864955 0.911016 0.919125 0.966041 0.826434 0.740791 0.807343 0.805747 0.545797 0.534584 0.584372 0.624748 0.881980 0.927213 0.908997 0.832936 0.997950 0.967388 0.780679 0.976701 0.912823 0.765100 0.864104 0.989584 0.831742 0.960646 0.907242 0.973489 0.754054 0.533282 0.796592 0.883739 0.858877 0.783068 0.653947 0.750638 0.605136 0.693047 0.902567 0.681986 0.865115 0.994516 0.909563 0.801830 0.708299 0.924914 0.917247 0.959163 0.761755 0.734722 0.864930 0.951632 0.964691 0.917344 0.933125 0.839152 0.826191 0.932044 0.887581 0.837677
0.990346 0.831509 0.479373 0.610416 0.856296 0.793791 0.000000 0.466900 0.576261 0.638882 0.824494 0.932568 0.452840 0.526559 0.559769 0.535180 0.956482 0.953389 0.460129 0.745189 0.995069 0.907791 0.573446 0.633015 0.858193 0.955112 0.991183 0.973304 0.744803 0.765359 0.629590 0.584523 0.644142 0.617608 0.953486 0.905935 0.950602 0.996823 0.987945 0.927599 0.988433 0.989371 0.624354 0.714640 0.744071 0.721802 0.820419 0.656833 0.934854 0.851495 0.981037 0.897752 0.900642 0.927826 0.956974 0.939437 0.800888 0.688943 0.981570 0.842838 0.616064 0.737549 0.956450 0.821626 0.625745 0.801087 0.745522 0.924367 0.719823 0.800071 0.699887 0.704141 0.672126 0.735802 0.952430 0.823808 0.636384 0.771204 0.964572 0.989724 0.862573 0.880507 0.869893 0.875846 0.696757 0.703797 0.948019 0.957151 0.752729 0.905504 0.428004 0.437509 0.546813 0.511067 0.960881 0.880073 0.882946 0.917898 0.618982 0.503622 0.713682 0.541173 0.982087 0.808098 0.835125 0.951681 0.901658 0.653186 0.958575 0.942374 0.774629 0.700486 0.686993 0.853232 0.954768 0.774204
0.926737 0.898738 0.432687 0.346538 0.854560 0.734948 0.466900 0.000000 0.796490 0.866300 0.878787 0.925639 0.799022 0.769308 0.944269 0.743870 0.823688 0.803158 0.732261 0.877291 0.834021 0.968878 0.985194 0.699694 0.657367 0.598265 0.988500 0.937501 0.953471 0.984244 0.753114 0.716024 0.888951 0.663554 0.890850 0.936312 0.825237 0.837826 0.708795 0.819245 0.937767 0.942466 0.503945 0.632031 0.964098 0.813291 0.691538 0.612777 0.896901 0.972816 0.910945 0.866673 0.901140 0.839691 0.810108 0.794643 0.763821 0.746810 0.889568 0.919488 0.867597 0.808182 0.780642 0.647053 0.682152 0.557071 0.574040 0.686316 0.884666 0.957293 0.795490 0.731816 0.769254 0.832430 0.936785 0.959922 0.610827 0.735395 0.985664 0.994604 0.776398 0.868935 0.959074 0.805345 0.994431 0.583586 0.909665 0.687050 0.864471 0.918785 0.444930 0.514224 0.413043 0.500586 0.972006 0.780684 0.807006 0.874209 0.809239 0.736044 0.592496 0.703682 0.955553 0.814825 0.767240 0.735659 0.855506 0.600826 0.963642 0.934747 0.772613 0.813154 0.685441 0.787717 0.906671 0.898524
0.879720 0.700305 0.772473 0.883456 0.707008 0.949218 0.576261 0.796490 0.000000 0.475188 0.901213 0.934291 0.619201 0.663369 0.574079 0.548229 0.955419 0.878198 0.587877 0.930296 0.917358 0.975602 0.497426 0.631798 0.927555 0.829583 0.888283 0.826969 0.813684 0.807880 0.705024 0.764089 0.877866 0.877040 0.990702 0.865552 0.821290 0.864407 0.798958 0.751892 0.922321 0.938995 0.960211 0.986781 0.820499 0.899670 0.876389 0.995578 0.884017 0.826369 0.872863 0.963999 0.751823 0.705787 0.790197 0.860473 0.720419 0.696687 0.812438 0.729977 0.845975 0.841049 0.949997 0.907522 0.754730 0.928495 0.932577 0.790380 0.606923 0.741371 0.782575 0.856590 0.846480 0.953803 0.817172 0.965323 0.892679 0.882603 0.976023 0.866862 0.855529 0.827764 0.919531 0.769616 0.764554 0.998146 0.911864 0.789238 0.944076 0.952314 0.676052 0.550207 0.919137 0.679663 0.941775 0.944853 0.914520 0.783857 0.805936 0.673576 0.976271 0.671100 0.971432 0.975131 0.928914 0.964303 0.945496 0.834211 0.976782 0.899849 0.924145 0.846072 0.741218 0.863941 0.945250 0.983744
0.864151 0.643519 0.968543 0.951483 0.859126 0.881577 0.638882 0.866300 0.475188 0.000000 0.903672 0.805061 0.725464 0.832729 0.628983 0.727058 0.996707 0.898020 0.623025 0.947679 0.872296 0.972002 0.578140 0.903964 0.743075 0.695119 0.994155 0.713754 0.709180 0.684825 0.627540 0.612071 0.923291 0.877571 0.778537 0.888740 0.837659 0.850738 0.746576 0.561002 0.889606 0.925137 0.937373 0.959361 0.749948 0.805845 0.747630 0.989959 0.688048 0.642224 0.927688 0.982919 0.633841 0.589215 0.860020 0.775088 0.778718 0.713348 0.813536 0.858523 0.910663 0.984108 0.990646 0.976202 0.972217 0.659401 0.778681 0.635943 0.672697 0.799010 0.892066 0.715742 0.720345 0.848902 0.999576 0.996395 0.809870 0.963360 0.995013 0.920219 0.952501 0.778898 0.994284 0.675242 0.962477 0.716616 0.933840 0.776489 0.996532 0.952945 0.795112 0.652842 0.992243 0.752667 0.992054 0.963432 0.864971 0.884796 0.780916 0.673755 0.978114 0.676356 0.943099 0.997840 0.853530 0.812675 0.948830 0.772349 0.859939 0.862662 0.907408 0.849788 0.757811 0.902447 0.835938 0.890342
0.538522 0.772426 0.968207 0.937884 0.922237 0.916434 0.824494 0.878787 0.901213 0.903672 0.000000 0.604254 0.694990 0.796489 0.876760 0.927480 0.627887 0.577202 0.620506 0.583494 0.902807 0.994375 0.990971 0.972231 0.904307 0.955722 0.863502 0.920193 0.605361 0.526312 0.921815 0.827612 0.685129 0.631529 0.898266 0.988702 0.873583 0.983745 0.801250 0.934530 0.937566 0.812061 0.960459 0.939458 0.886973 0.847951 0.966994 0.861735 0.751342 0.791270 0.871135 0.847433 0.951644 0.919446 0.963267 0.672540 0.695273 0.710696 0.635463 0.764227 0.616406 0.690401 0.575869 0.579082 0.923217 0.960830 0.813502 0.950905 0.945467 0.832936 0.882813 0.940098 0.900075 0.914910 0.857514 0.979013 0.987892 0.991921 0.821969 0.813507 0.587376 0.614479 0.838969 0.741486 0.901891 0.968181 0.898778 0.894411 0.971722 0.825140 0.914273 0.909519 0.981067 0.888921 0.869930 0.934558 0.841169 0.995686 0.873015 0.932856 0.862372 0.912701 0.777925 0.802492 0.890026 0.975259 0.900485 0.886999 0.978818 0.892808 0.911398 0.977138 0.926950 0.902016 0.946316 0.873676
0.600702 0.581014 0.902540 0.994204 0.890190 0.844613 0.932568 0.925639 0.934291 0.805061 0.604254 0.000000 0.785772 0.757408 0.999187 0.940512 0.693939 0.690887 0.794999 0.706423 0.950043 0.958276 0.989887 0.890939 0.906718 0.910035 0.899868 0.948860 0.778076 0.761961 0.953053 0.890753 0.745029 0.745855 0.835175 0.883444 0.872473 0.970807 0.940897 0.874478 0.941796 0.914674 0.983883 0.957266 0.991830 0.948472 0.903615 0.959104 0.983707 0.971539 0.881317 0.850861 0.862428 0.802867 0.875615 0.674413 0.644798 0.652110 0.693206 0.809587 0.636597 0.532938 0.668162 0.682944 0.949775 0.775631 0.708488 0.818212 0.827043 0.826231 0.910143 0.830254 0.870049 0.962071 0.839526 0.882907 0.951312 0.983305 0.915576 0.801967 0.680983 0.534376 0.696969 0.703156 0.743290 0.753237 0.953258 0.862490 0.922206 0.764724 0.954606 0.856504 0.917797 0.955727 0.913246 0.993868 0.777572 0.975026 0.991054 0.995485 0.862529 0.931787 0.915997 0.894594 0.982813 0.918590 0.870335 0.946524 0.927833 0.970642 0.996186 0.996381 0.817911 0.989970 0.906840 0.989726
0.858004 0.979113 0.727088 0.919730 0.649303 0.841093 0.452840 0.799022 0.619201 0.725464 0.694990 0.785772 0.000000 0.438837 0.410408 0.442098 0.851162 0.798041 0.450768 0.633274 0.919669 0.868586 0.460582 0.588854 0.938839 0.871909 0.988126 0.986810 0.599452 0.671630 0.721502 0.683267 0.574643 0.650097 0.925985 0.977037 0.843668 0.962303 0.886642 0.876063 0.972137 0.989602 0.818578 0.856470 0.643597 0.775242 0.915277 0.823200 0.874537 0.897553 0.992005 0.888346 0.834605 0.881774 0.901991 0.916578 0.980850 0.873347 0.985532 0.713170 0.477674 0.666828 0.830028 0.894562 0.619343 0.922405 0.880570 0.981145 0.755769 0.786719 0.731207 0.908518 0.805290 0.822793 0.981939 0.816061 0.749890 0.837429 0.908636 0.951193 0.988042 0.965618 0.702907 0.906976 0.508662 0.775874 0.817509 0.737846 0.787826 0.861329 0.669392 0.677445 0.786059 0.752802 0.994738 0.984944 0.972366 0.792966 0.672108 0.551649 0.852207 0.618337 0.951793 0.847970 0.830442 0.970911 0.977537 0.894204 0.933020 0.926776 0.971626 0.753942 0.800782 0.884791 0.926851 0.808941
0.967181 0.957716 0.701179 0.841785 0.701175 0.755896 0.526559 0.769308 0.663369 0.832729 0.796489 0.757408 0.438837 0.000000 0.560739 0.492666 0.982307 0.966903 0.591850 0.757344 0.990247 0.851329 0.578100 0.558790 0.884827 0.936791 0.980252 0.935106 0.735984 0.913424 0.754980 0.755931 0.609614 0.633297 0.718489 0.871427 0.943070 0.983818 0.984999 0.996065 0.973371 0.986643 0.706560 0.747652 0.617848 0.682829 0.724149 0.708290 0.881860 0.844930 0.807602 0.691335 0.795281 0.784401 0.983799 0.839068 0.951375 0.846933 0.863332 0.832564 0.514149 0.632466 0.858831 0.949437 0.626961 0.787835 0.695169 0.808469 0.714211 0.813576 0.741719 0.876520 0.927453 0.798890 0.918086 0.741365 0.728324 0.808597 0.920875 0.928857 0.902095 0.994802 0.655744 0.934179 0.533159 0.631765 0.910629 0.769631 0.756747 0.734534 0.590367 0.671761 0.674595 0.727046 0.918487 0.972466 0.946669 0.863115 0.664478 0.588846 0.821539 0.700537 0.971215 0.919619 0.863884 0.952020 0.953902 0.884937 0.971557 0.931028 0.967624 0.767621 0.803766 0.837994 0.912356 0.943549
0.934235 0.820786 0.808576 0.945764 0.684530 0.877934 0.559769 0.944269 0.574079 0.628983 0.876760 0.999187 0.410408 0.560739 0.000000 0.418055 0.937953 0.896122 0.633563 0.851469 0.921967 0.895326 0.391320 0.664833 0.981496 0.834129 0.892607 0.985524 0.606562 0.742743 0.645977 0.687951 0.614818 0.813168 0.888764 0.958996 0.842597 0.855134 0.793522 0.761901 0.935323 0.940317 0.910702 0.917397 0.675929 0.832906 0.953332 0.966475 0.884095 0.954235 0.880851 0.971978 0.782500 0.782460 0.877686 0.856664 0.816261 0.774928 0.793642 0.549878 0.664526 0.838255 0.955943 0.960711 0.630743 0.917012 0.954873 0.817809 0.573834 0.657158 0.847588 0.890324 0.844560 0.873618 0.987642 0.819273 0.799429 0.833903 0.993928 0.986607 0.892809 0.833877 0.743725 0.982994 0.613557 0.909942 0.816280 0.770474 0.891035 0.976131 0.769934 0.688092 0.917179 0.784168 0.963103 0.925555 0.847864 0.723365 0.710308 0.614187 0.969283 0.748333 0.904285 0.999238 0.925508 0.887106 0.949506 0.924786 0.974382 0.896610 0.987964 0.729429 0.815176 0.893691 0.983376 0.838650
0.835785 0.842511 0.642375 0.776390 0.656526 0.743816 0.535180 0.743870 0.548229 0.727058 0.927480 0.940512 0.442098 0.492666 0.418055 0.000000 0.924869 0.981922 0.679824 0.863156 0.965441 0.931714 0.446931 0.464311 0.747446 0.928936 0.830475 0.928371 0.791077 0.943478 0.652781 0.775600 0.721643 0.847032 0.860599 0.999006 0.999859 0.958335 0.959382 0.926200 0.970919 0.972963 0.706044 0.819501 0.802984 0.871054 0.891440 0.890682 0.965787 0.924561 0.902553 0.956881 0.869029 0.867478 0.899176 0.972234 0.744191 0.720054 0.788205 0.588813 0.769812 0.801444 0.866216 0.834951 0.454950 0.826947 0.907687 0.967603 0.598972 0.681597 0.757390 0.893546 0.893345 0.810241 0.934228 0.816166 0.749544 0.792502 0.963110 0.993510 0.722024 0.822397 0.747592 0.970998 0.594577 0.689479 0.825538 0.906811 0.876424 0.857011 0.614783 0.525120 0.708411 0.559743 0.980011 0.911431 0.879135 0.702872 0.779217 0.600556 0.890832 0.713594 0.824989 0.988651 0.799615 0.973674 0.914274 0.860708 0.932653 0.878386 0.920439 0.743889 0.700292 0.787889 0.863081 0.991718
0.546267 0.579933 0.787580 0.718708 0.983819 0.808749 0.956482 0.823688 0.955419 0.996707 0.627887 0.693939 0.851162 0.982307 0.937953 0.924869 0.000000 0.428234 0.752918 0.726196 0.901111 0.969685 0.955884 0.797107 0.717628 0.745111 0.926452 0.992303 0.638258 0.508087 0.972365 0.917272 0.753386 0.770299 0.996314 0.981525 0.934971 0.933517 0.716184 0.994475 0.979785 0.891084 0.803180 0.997243 0.872141 0.870769 0.991616 0.946089 0.764079 0.770317 0.877912 0.909757 0.877165 0.983397 0.934258 0.836167 0.525729 0.547910 0.756132 0.896485 0.743965 0.873356 0.453725 0.463261 0.751734 0.785189 0.918096 0.927595 0.828320 0.825381 0.947637 0.914345 0.945726 0.946130 0.893731 0.803068 0.943445 0.992337 0.752590 0.711378 0.479403 0.608256 0.792994 0.692146 0.910475 0.868344 0.985587 0.770492 0.905044 0.899100 0.810547 0.729255 0.720283 0.663587 0.967596 0.812999 0.932998 0.973271 0.974103 0.912770 0.840393 0.986544 0.774532 0.793432 0.922878 0.925300 0.898873 0.815010 0.934523 0.994645 0.931965 0.951102 0.837491 0.894397 0.996339 0.818473
0.523600 0.570229 0.755798 0.719006 0.997712 0.895703 0.953389 0.803158 0.878198 0.898020 0.577202 0.690887 0.798041 0.966903 0.896122 0.981922 0.428234 0.000000 0.771827 0.646036 0.915848 0.857146 0.986934 0.844135 0.849409 0.769550 0.957001 0.865077 0.605938 0.564130 0.997628 0.977633 0.704959 0.848491 0.976716 0.921822 0.962373 0.876705 0.770271 0.990693 0.931435 0.828894 0.809804 0.985732 0.928890 0.951666 0.981420 0.982009 0.813116 0.871884 0.971069 0.991327 0.985056 0.926375 0.955419 0.802027 0.518188 0.534010 0.766215 0.898946 0.759264 0.894182 0.474870 0.474362 0.832416 0.797639 0.957052 0.943308 0.774302 0.873638 0.955890 0.888070 0.940267 0.985107 0.987564 0.928983 0.980725 0.995681 0.760709 0.746693 0.521635 0.558732 0.787266 0.557060 0.846853 0.922353 0.957704 0.750352 0.921117 0.900599 0.768155 0.729830 0.755034 0.690601 0.972775 0.748132 0.906731 0.976949 0.974927 0.895264 0.822405 0.970042 0.909473 0.853529 0.972570 0.919173 0.841209 0.814914 0.948785 0.984994 0.987526 0.988251 0.774134 0.911143 0.963933 0.863855
0.727182 0.963979 0.768850 0.934470 0.808039 0.969842 0.460129 0.732261 0.587877 0.623025 0.620506 0.794999 0.450768 0.591850 0.633563 0.679824 0.752918 0.771827 0.000000 0.577917 0.885645 0.871138 0.594043 0.768671 0.849908 0.763632 0.982219 0.867310 0.587926 0.519331 0.748010 0.707817 0.676547 0.610976 0.852914 0.919864 0.770681 0.903046 0.764795 0.839236 0.981361 0.982839 0.957620 0.918525 0.783375 0.824066 0.952258 0.808879 0.780502 0.703126 0.978109 0.902954 0.862731 0.922491 0.973414 0.935949 0.903978 0.978724 0.925750 0.979211 0.529257 0.640988 0.746206 0.828248 0.857234 0.971479 0.938472 0.865780 0.963389 0.903920 0.750644 0.897322 0.697102 0.857469 0.888748 0.901804 0.812224 0.975727 0.919712 0.933168 0.793445 0.804391 0.799732 0.985765 0.638395 0.926985 0.989780 0.723787 0.753766 0.867359 0.681783 0.708308 0.844758 0.802285 0.985344 0.897590 0.904060 0.866905 0.751745 0.658982 0.869491 0.624660 0.951959 0.845399 0.992701 0.953521 0.982446 0.846243 0.957676 0.984542 0.859564 0.760533 0.889072 0.909821 0.969150 0.776140
0.674062 0.765520 0.933447 0.996783 0.989659 0.992801 0.745189 0.877291 0.930296 0.947679 0.583494 0.706423 0.633274 0.757344 0.851469 0.863156 0.726196 0.646036 0.577917 0.000000 0.843319 0.777223 0.850912 0.883596 0.952193 0.888930 0.992267 0.956178 0.722979 0.584053 0.991223 0.928224 0.863891 0.764908 0.802849 0.998703 0.877406 0.934419 0.893828 0.978836 0.958556 0.943560 0.961375 0.988426 0.975661 0.999830 0.999267 0.926873 0.971501 0.983356 0.940833 0.943838 0.814202 0.843181 0.997300 0.752905 0.736804 0.793676 0.859590 0.935068 0.702464 0.768104 0.744624 0.822338 0.927201 0.946983 0.956294 0.925004 0.917998 0.932821 0.717755 0.979040 0.821032 0.923305 0.930157 0.992714 0.832266 0.946814 0.874162 0.840475 0.720219 0.650717 0.727032 0.730660 0.734029 0.891102 0.858816 0.761089 0.722965 0.823041 0.974216 0.968269 0.944819 0.967359 0.956490 0.876892 0.926247 0.939290 0.919005 0.945464 0.954363 0.848143 0.947823 0.886117 0.995917 0.980045 0.993316 0.972088 0.959014 0.904049 0.937332 0.959063 0.985865 0.986061 0.995103 0.881220
0.999128 0.987399 0.908270 0.833158 0.842197 0.760067 0.995069 0.834021 0.917358 0.872296 0.902807 0.950043 0.919669 0.990247 0.921967 0.965441 0.901111 0.915848 0.885645 0.843319 0.000000 0.881891 0.759912 0.973962 0.732775 0.713088 0.963559 0.803482 0.925102 0.867078 0.877093 0.906905 0.957456 0.895361 0.995219 0.983275 0.879036 0.809257 0.806238 0.631721 0.912730 0.875918 0.768633 0.759519 0.931187 0.812304 0.796712 0.836914 0.989318 0.915019 0.881913 0.938808 0.945718 0.841264 0.840402 0.912529 0.957292 0.933948 0.880935 0.967794 0.988179 0.947650 0.997047 0.947776 0.956214 0.857301 0.805336 0.731499 0.995926 0.787384 0.864482 0.976348 0.784567 0.864200 0.995276 0.939864 0.981116 0.934576 0.971684 0.988568 0.997272 0.960085 0.910473 0.878541 0.847891 0.814233 0.988839 0.753360 0.978846 0.966683 0.861052 0.972842 0.822837 0.988133 0.848758 0.805933 0.889049 0.962898 0.961614 0.953015 0.758053 0.875874 0.961426 0.862816 0.898188 0.867929 0.952772 0.960063 0.907824 0.895258 0.981941 0.970188 0.924936 0.870018 0.902181 0.980417
0.951774 0.939913 0.959938 0.994130 0.970170 0.965643 0.907791 0.968878 0.975602 0.972002 0.994375 0.958276 0.868586 0.851329 0.895326 0.931714 0.969685 0.857146 0.871138 0.777223 0.881891 0.000000 0.942330 0.915926 0.967673 0.928277 0.963435 0.999916 0.882723 0.967186 0.981854 0.922575 0.848775 0.875464 0.969600 0.963890 0.990144 0.830703 0.990126 0.906870 0.945967 0.910190 0.943458 0.955205 0.947113 0.910061 0.926637 0.893994 0.969058 0.938282 0.962080 0.962388 0.911395 0.969186 0.947179 0.888897 0.953307 0.987617 0.970988 0.976437 0.980272 0.927034 0.940220 0.980872 0.940463 0.975000 0.963916 0.947276 0.950718 0.919155 0.790232 0.975600 0.982336 0.967132 0.992340 0.885904 0.903517 0.997223 0.942699 0.887315 0.994813 0.959079 0.906345 0.951946 0.815273 0.982027 0.898052 0.772285 0.731445 0.817891 0.995458 0.947748 0.978056 0.894884 0.778224 0.830949 0.949480 0.971576 0.981333 0.916473 0.940755 0.897143 0.976698 0.993953 0.893840 0.943056 0.934788 0.934597 0.988235 0.960317 0.999994 0.883974 0.898589 0.936185 0.980218 0.942070
0.886936 0.792202 0.782489 0.950015 0.568964 0.921510 0.573446 0.985194 0.497426 0.578140 0.990971 0.989887 0.460582 0.578100 0.391320 0.446931 0.955884 0.986934 0.594043 0.850912 0.759912 0.942330 0.000000 0.580220 0.995760 0.750329 0.845373 0.921316 0.705595 0.802682 0.719946 0.786139 0.725659 0.950970 0.904685 0.952450 0.815340 0.884801 0.791363 0.648510 0.913596 0.853922 0.982746 0.950317 0.735235 0.956555 0.893702 0.964776 0.911904 0.939140 0.817731 0.989887 0.775129 0.709623 0.797831 0.812408 0.800125 0.751527 0.738043 0.612436 0.698196 0.803403 0.955508 0.983401 0.596041 0.928123 0.887058 0.723839 0.695020 0.669761 0.832741 0.883501 0.807823 0.823736 0.962689 0.866532 0.848640 0.908310 0.992239 0.926180 0.874495 0.881780 0.705001 0.955727 0.496755 0.915555 0.813815 0.642851 0.839479 0.897542 0.759601 0.591843 0.933675 0.688554 0.996120 0.993170 0.876044 0.707520 0.789467 0.609849 0.956333 0.681832 0.785818 0.921069 0.962107 0.866761 0.952935 0.947925 0.989868 0.910162 0.974187 0.792813 0.800135 0.992776 0.979054 0.967445
0.867540 0.908250 0.548007 0.653440 0.720731 0.726964 0.633015 0.699694 0.631798 0.903964 0.972231 0.890939 0.588854 0.558790 0.664833 0.464311 0.797107 0.844135 0.768671 0.883596 0.973962 0.915926 0.580220 0.000000 0.629697 0.817503 0.766869 0.951641 0.967237 0.909823 0.821424 0.911335 0.839270 0.860071 0.824797 0.976478 0.967357 0.801649 0.852429 0.998323 0.878664 0.928968 0.714591 0.933474 0.947704 0.979735 0.844487 0.890483 0.799559 0.830010 0.926909 0.903200 0.959511 0.973727 0.943882 0.957149 0.744098 0.776676 0.882930 0.758059 0.801832 0.707936 0.806064 0.758160 0.422608 0.618365 0.762215 0.876971 0.787204 0.771707 0.751614 0.971948 0.959742 0.957673 0.842572 0.874134 0.820227 0.759374 0.918841 0.833014 0.710736 0.881388 0.723081 0.976957 0.553827 0.533146 0.736905 0.925406 0.776425 0.884565 0.658457 0.612187 0.677095 0.561417 0.945690 0.784469 0.920457 0.894240 0.903059 0.703222 0.840915 0.763939 0.669264 0.985601 0.736893 0.767895 0.909685 0.875353 0.928438 0.989865 0.994694 0.849007 0.741816 0.923794 0.844775 0.880322
0.894089 0.928092 0.550518 0.527354 0.907484 0.527876 0.858193 0.657367 0.927555 0.743075 0.904307 0.906718 0.938839 0.884827 0.981496 0.747446 0.717628 0.849409 0.849908 0.952193 0.732775 0.967673 0.995760 0.629697 0.000000 0.454938 0.765212 0.746133 0.759849 0.685164 0.859141 0.873793 0.904353 0.887550 0.769038 0.871716 0.675540 0.659100 0.527923 0.638367 0.830483 0.905133 0.591197 0.824425 0.851401 0.959171 0.655805 0.863144 0.659880 0.637252 0.986372 0.899706 0.770382 0.722783 0.803787 0.823124 0.822196 0.913231 0.995864 0.976982 0.992860 0.837504 0.689620 0.687444 0.506122 0.439655 0.575865 0.576135 0.946672 0.969851 0.933721 0.991790 0.951148 0.994386 0.952790 0.979738 0.827156 0.705455 0.946274 0.939333 0.753817 0.935694 0.941535 0.892965 0.860984 0.437575 0.751379 0.707767 0.807822 0.905186 0.739513 0.781708 0.565791 0.648162 0.935562 0.669457 0.901576 0.900906 0.989093 0.872851 0.665848 0.984821 0.812060 0.970371 0.658032 0.612650 0.996315 0.904690 0.938955 0.874188 0.946855 0.972430 0.824131 0.874663 0.758130 0.766972
0.905138 0.910092 0.616318 0.482376 0.818519 0.508739 0.955112 0.598265 0.829583 0.695119 0.955722 0.910035 0.871909 0.936791 0.834129 0.928936 0.745111 0.769550 0.763632 0.888930 0.713088 0.928277 0.750329 0.817503 0.454938 0.000000 0.944030 0.642863 0.693271 0.603693 0.980901 0.964244 0.990127 0.852157 0.810111 0.907903 0.672522 0.773055 0.522225 0.556734 0.852977 0.945299 0.557345 0.733307 0.806134 0.996381 0.629210 0.806757 0.690472 0.716483 0.874875 0.830852 0.799933 0.721302 0.737164 0.734834 0.860067 0.962687 0.830505 0.866112 0.940159 0.894192 0.680020 0.691381 0.661890 0.424654 0.500432 0.477460 0.996450 0.996404 0.980304 0.957296 0.913691 0.947442 0.899515 0.981558 0.840918 0.747204 0.971362 0.995703 0.770826 0.944161 0.965711 0.981710 0.940561 0.496890 0.975518 0.565561 0.962322 0.841416 0.745690 0.837174 0.579170 0.719302 0.957010 0.694695 0.822863 0.781635 0.958966 0.989319 0.690109 0.912286 0.995238 0.980902 0.715802 0.622084 0.954225 0.890329 0.953938 0.889575 0.953093 0.973492 0.839165 0.886585 0.831760 0.780935
0.904368 0.946705 0.867750 0.912006 0.874645 0.904840 0.991183 0.988500 0.888283 0.994155 0.863502 0.899868 0.988126 0.980252 0.892607 0.830475 0.926452 0.957001 0.982219 0.992267 0.963559 0.963435 0.845373 0.766869 0.765212 0.944030 0.000000 0.905967 0.958477 0.868574 0.931119 0.859058 0.939150 0.909197 0.981729 0.839076 0.864539 0.856327 0.861160 0.981002 0.973753 0.899734 0.958443 0.824784 0.799440 0.776203 0.995610 0.915122 0.743537 0.720341 0.773359 0.853912 0.885589 0.916215 0.982510 0.893241 0.843287 0.919026 0.834195 0.829675 0.907829 0.963771 0.844725 0.822891 0.696899 0.829458 0.962428 0.945373 0.997401 0.885118 0.994320 0.935434 0.943282 0.840644 0.969256 0.962459 0.909226 0.980802 0.910331 0.921869 0.915652 0.958592 0.782503 0.906275 0.787617 0.805573 0.734568 0.947495 0.827060 0.996666 0.987284 0.866660 0.968139 0.886448 0.974210 0.919729 0.973547 0.979157 0.902906 0.935090 0.911261 0.913433 0.707324 0.793574 0.922690 0.865127 0.931888 0.957579 0.996047 0.971867 0.914289 0.946058 0.952864 0.900062 0.840363 0.793278
0.917126 0.803796 0.912421 0.868996 0.916533 0.675267 0.973304 0.937501 0.826969 0.713754 0.920193 0.948860 0.986810 0.935106 0.985524 0.928371 0.992303 0.865077 0.867310 0.956178 0.803482 0.999916 0.921316 0.951641 0.746133 0.642863 0.905967 0.000000 0.915297 0.814427 0.936174 0.991754 0.852808 0.954118 0.707092 0.953583 0.947245 0.989266 0.739702 0.706716 0.818960 0.850156 0.772686 0.854003 0.988154 0.984446 0.795622 0.861201 0.885833 0.818275 0.926210 0.894859 0.901171 0.820276 0.798779 0.808374 0.969822 0.881737 0.843817 0.992849 0.920567 0.945528 0.995413 0.969396 0.791323 0.752664 0.746525 0.708558 0.971204 0.940783 0.944195 0.864366 0.847128 0.940055 0.891021 0.984282 0.902862 0.850940 0.855233 0.890757 0.990078 0.929502 0.978963 0.800318 0.933875 0.705157 0.959165 0.827487 0.913149 0.862182 0.940354 0.968093 0.862393 0.960476 0.961489 0.919118 0.942272 0.910108 0.954679 0.939335 0.984307 0.862951 0.987793 0.963138 0.797728 0.764001 0.929500 0.977381 0.871570 0.876058 0.982853 0.959128 0.993257 0.949967 0.945627 0.927565
0.742825 0.970323 0.983230 0.739619 0.851733 0.919756 0.744803 0.953471 0.813684 0.709180 0.605361 0.778076 0.599452 0.735984 0.606562 0.791077 0.638258 0.605938 0.587926 0.722979 0.925102 0.882723 0.705595 0.967237 0.759849 0.693271 0.958477 0.915297 0.000000 0.466792 0.856060 0.745463 0.607669 0.690274 0.956057 0.878970 0.866520 0.779232 0.684851 0.732909 0.962442 0.907240 0.868315 0.990095 0.736098 0.810219 0.879606 0.948923 0.690917 0.735127 0.975246 0.939205 0.806776 0.868177 0.964548 0.963022 0.791365 0.927728 0.972124 0.890757 0.677319 0.829401 0.565851 0.611310 0.937320 0.706681 0.896054 0.770301 0.875973 0.882792 0.974694 0.888197 0.806348 0.957705 0.973161 0.855980 0.984568 0.871088 0.801234 0.878750 0.659763 0.795443 0.740145 0.903228 0.780209 0.869707 0.928162 0.665178 0.942624 0.882051 0.983083 0.993443 0.879679 0.952490 0.977717 0.792300 0.934783 0.742651 0.763958 0.870351 0.925925 0.897117 0.911403 0.864301 0.812111 0.694301 0.900714 0.979996 0.809840 0.908780 0.935370 0.806307 0.949747 0.871995 0.929739 0.745716
0.588094 0.830949 0.922372 0.761146 0.930405 0.817039 0.765359 0.984244 0.807880 0.684825 0.526312 0.761961 0.671630 0.913424 0.742743 0.943478 0.508087 0.564130 0.519331 0.584053 0.867078 0.967186 0.802682 0.909823 0.685164 0.603693 0.868574 0.814427 0.466792 0.000000 0.884172 0.767866 0.754589 0.744216 0.750767 0.880307 0.858142 0.828794 0.585219 0.746841 0.975329 0.931524 0.786933 0.941192 0.853326 0.895762 0.807480 0.999479 0.680946 0.714519 0.927637 0.929345 0.894402 0.982350 0.963917 0.960634 0.666762 0.750740 0.902832 0.908229 0.684134 0.850035 0.577145 0.575725 0.805375 0.691260 0.856116 0.709816 0.923339 0.866766 0.885530 0.932252 0.698820 0.930542 0.965937 0.875334 0.954010 0.912148 0.792281 0.805926 0.521510 0.652440 0.812500 0.849156 0.856093 0.795721 0.998405 0.704094 0.866634 0.997216 0.982557 0.945770 0.818807 0.868638 0.916216 0.838103 0.991203 0.894654 0.838391 0.911677 0.917636 0.759751 0.840666 0.755119 0.842202 0.784139 0.924596 0.937002 0.997690 0.976335 0.857941 0.891823 0.924935 0.937389 0.888251 0.725455
0.915960 0.829039 0.743880 0.820392 0.938931 0.880338 0.629590 0.753114 0.705024 0.627540 0.921815 0.953053 0.721502 0.754980 0.645977 0.652781 0.972365 0.997628 0.748010 0.991223 0.877093 0.981854 0.719946 0.821424 0.859141 0.980901 0.931119 0.936174 0.856060 0.884172 0.000000 0.657445 0.705113 0.740625 0.975770 0.843189 0.905591 0.920232 0.975365 0.954233 0.979248 0.893015 0.787036 0.826264 0.778033 0.757550 0.993513 0.880709 0.866441 0.792320 0.919775 0.832702 0.721226 0.812208 0.952778 0.956563 0.797181 0.810884 0.923067 0.883252 0.895357 0.942890 0.989925 0.972188 0.821194 0.947557 0.861848 0.992142 0.685159 0.777658 0.889842 0.817298 0.903655 0.848483 0.931034 0.874447 0.710818 0.844667 0.928186 0.884954 0.917823 0.765857 0.924128 0.920151 0.928179 0.925720 0.999130 0.978317 0.859541 0.932412 0.752249 0.685694 0.787476 0.735214 0.973811 0.896482 0.935748 0.917180 0.809242 0.674045 0.827956 0.729959 0.973767 0.987909 0.839261 0.893397 0.935085 0.792658 0.982162 0.923419 0.961197 0.851491 0.797759 0.775260 0.941065 0.880558
0.935569 0.870151 0.830653 0.863742 0.973197 0.941648 0.584523 0.716024 0.764089 0.612071 0.827612 0.890753 0.683267 0.755931 0.687951 0.775600 0.917272 0.977633 0.707817 0.928224 0.906905 0.922575 0.786139 0.911335 0.873793 0.964244 0.859058 0.991754 0.745463 0.767866 0.657445 0.000000 0.701680 0.707325 0.926661 0.948877 0.979314 0.895345 0.941342 0.772538 0.923372 0.896650 0.789396 0.742694 0.731652 0.686422 0.943106 0.764128 0.791599 0.704779 0.830687 0.838436 0.663047 0.774008 0.950246 0.939667 0.821440 0.750295 0.989019 0.975586 0.791291 0.996605 0.939671 0.988749 0.965883 0.888785 0.908117 0.981367 0.727271 0.819887 0.825245 0.654795 0.777341 0.746193 0.944634 0.831985 0.759376 0.831739 0.864561 0.913160 0.958207 0.773231 0.971387 0.856421 0.992762 0.936764 0.838932 0.987850 0.994112 0.996282 0.723076 0.746656 0.784104 0.831373 0.967105 0.984431 0.968440 0.895043 0.601542 0.638157 0.898223 0.699909 0.750558 0.829772 0.920738 0.981127 0.839043 0.722464 0.932890 0.980149 0.872913 0.823110 0.770188 0.853645 0.945341 0.769579
0.797491 0.917852 0.836086 0.970234 0.903325 0.813952 0.644142 0.888951 0.877866 0.923291 0.685129 0.745029 0.574643 0.609614 0.614818 0.721643 0.753386 0.704959 0.676547 0.863891 0.957456 0.848775 0.725659 0.839270 0.904353 0.990127 0.939150 0.852808 0.607669 0.754589 0.705113 0.701680 0.000000 0.598226 0.735008 0.917801 0.994471 0.998244 0.912445 0.963392 0.892965 0.873087 0.821142 0.776154 0.642331 0.721721 0.794373 0.858909 0.846978 0.823165 0.744579 0.715890 0.733093 0.898823 0.935304 0.780648 0.892671 0.967410 0.771942 0.995173 0.528197 0.697357 0.678166 0.714292 0.835413 0.942632 0.690833 0.817504 0.830719 0.872679 0.915070 0.890938 0.865043 0.925484 0.982899 0.789258 0.903924 0.852766 0.890242 0.874397 0.853850 0.893742 0.819319 0.770704 0.698442 0.806130 0.980484 0.830224 0.896522 0.883882 0.753597 0.915695 0.787552 0.985343 0.976324 0.961074 0.712990 0.984042 0.643001 0.636772 0.748539 0.811174 0.799946 0.862094 0.860087 0.890486 0.927948 0.985570 0.946395 0.928509 0.777555 0.832933 0.924274 0.832716 0.851866 0.778637
0.733438 0.913116 0.741625 0.816998 0.958837 0.770924 0.617608 0.663554 0.877040 0.877571 0.631529 0.745855 0.650097 0.633297 0.813168 0.847032 0.770299 0.848491 0.610976 0.764908 0.895361 0.875464 0.950970 0.860071 0.887550 0.852157 0.909197 0.954118 0.690274 0.744216 0.740625 0.707325 0.598226 0.000000 0.896261 0.916167 0.999943 0.937647 0.982300 0.912892 0.875430 0.876699 0.708847 0.681106 0.701980 0.607636 0.752344 0.635010 0.787841 0.757227 0.685765 0.704410 0.853618 0.983993 0.758530 0.709566 0.904718 0.974352 0.671747 0.835855 0.536052 0.628554 0.752244 0.837089 0.902906 0.819593 0.622205 0.690958 0.858340 0.917733 0.842693 0.804485 0.942970 0.899722 0.820447 0.853790 0.739790 0.831103 0.885218 0.731925 0.814859 0.890601 0.915092 0.942606 0.860664 0.746973 0.907709 0.988996 0.858167 0.818174 0.633338 0.870428 0.659088 0.894171 0.974351 0.883799 0.865943 0.845078 0.668551 0.690462 0.627863 0.734927 0.718737 0.766281 0.901249 0.792063 0.949498 0.833507 0.995527 0.923570 0.710085 0.647182 0.867857 0.689119 0.914680 0.847864
0.953177 0.900969 0.955248 0.977626 0.867272 0.687402 0.953486 0.890850 0.990702 0.778537 0.898266 0.835175 0.925985 0.718489 0.888764 0.860599 0.996314 0.976716 0.852914 0.802849 0.995219 0.969600 0.904685 0.824797 0.769038 0.810111 0.981729 0.707092 0.956057 0.750767 0.975770 0.926661 0.735008 0.896261 0.000000 0.740510 0.872200 0.994529 0.802263 0.866502 0.881282 0.978529 0.844155 0.902783 0.790345 0.920263 0.763159 0.930143 0.884139 0.914843 0.783023 0.738734 0.826924 0.861908 0.868315 0.837298 0.943148 0.989841 0.899969 0.919409 0.823847 0.832963 0.925611 0.933302 0.796336 0.779611 0.692218 0.639012 0.860681 0.889012 0.949169 0.911816 0.814896 0.965069 0.932115 0.900313 0.988605 0.709130 0.974304 0.885100 0.849827 0.949900 0.931332 0.910052 0.816330 0.748890 0.908263 0.957550 0.969568 0.926493 0.885861 0.956749 0.877091 0.962821 0.895642 0.943176 0.916824 0.993972 0.860912 0.906131 0.966331 0.984114 0.942136 0.994808 0.879928 0.813554 0.952603 0.993224 0.845490 0.965420 0.949640 0.978847 0.970132 0.901386 0.871195 0.912103
0.946918 0.926266 0.954439 0.997703 0.969544 0.881101 0.905935 0.936312 0.865552 0.888740 0.988702 0.883444 0.977037 0.871427 0.958996 0.999006 0.981525 0.921822 0.919864 0.998703 0.983275 0.963890 0.952450 0.976478 0.871716 0.907903 0.839076 0.953583 0.878970 0.880307 0.843189 0.948877 0.917801 0.916167 0.740510 0.000000 0.807666 0.882686 0.836830 0.945085 0.792494 0.964073 0.950884 0.982473 0.942284 0.990591 0.891539 0.899202 0.916277 0.965229 0.811118 0.819873 0.954370 0.975321 0.901104 0.803486 0.968553 0.974939 0.835302 0.863476 0.896993 0.914435 0.935134 0.910595 0.958327 0.889636 0.796174 0.752401 0.997099 0.967565 0.909550 0.905484 0.896797 0.881480 0.954511 0.928862 0.881001 0.966236 0.935219 0.791188 0.947836 0.969051 0.864015 0.941543 0.954293 0.890934 0.937094 0.993510 0.863772 0.966211 0.992335 0.906852 0.888641 0.929180 0.956784 0.939348 0.886835 0.821481 0.910274 0.914798 0.981283 0.952244 0.938895 0.825145 0.814739 0.783560 0.973896 0.977361 0.853320 0.987198 0.880761 0.988570 0.959754 0.876562 0.853416 0.849305
0.967675 0.880729 0.792403 0.746535 0.777484 0.864642 0.950602 0.825237 0.821290 0.837659 0.873583 0.872473 0.843668 0.943070 0.842597 0.999859 0.934971 0.962373 0.770681 0.877406 0.879036 0.990144 0.815340 0.967357 0.675540 0.672522 0.864539 0.947245 0.866520 0.858142 0.905591 0.979314 0.994471 0.999943 0.872200 0.807666 0.000000 0.840227 0.644247 0.824628 0.866431 0.953211 0.775277 0.836603 0.909018 0.972406 0.717921 0.856471 0.930985 0.895741 0.874984 0.931437 0.955063 0.828724 0.726775 0.892047 0.941794 0.890970 0.928699 0.878039 0.888269 0.935985 0.901306 0.886061 0.937579 0.782330 0.749339 0.735467 0.889234 0.929884 0.939232 0.983998 0.878760 0.938716 0.998911 0.853171 0.894162 0.897927 0.902968 0.973037 0.917272 0.971623 0.922570 0.962475 0.905944 0.796899 0.916055 0.815454 0.955857 0.988412 0.946624 0.983558 0.821979 0.866927 0.936352 0.852478 0.913894 0.830497 0.947644 0.985749 0.843691 0.933931 0.959516 0.955084 0.730193 0.799112 0.974206 0.901957 0.997748 0.953402 0.994001 0.981777 0.946007 0.858459 0.803347 0.917136
0.962105 0.987001 0.824802 0.764479 0.905691 0.883185 0.996823 0.837826 0.864407 0.850738 0.983745 0.970807 0.962303 0.983818 0.855134 0.958335 0.933517 0.876705 0.903046 0.934419 0.809257 0.830703 0.884801 0.801649 0.659100 0.773055 0.856327 0.989266 0.779232 0.828794 0.920232 0.895345 0.998244 0.937647 0.994529 0.882686 0.840227 0.000000 0.775313 0.739182 0.968537 0.968828 0.814320 0.974685 0.880958 0.994587 0.815524 0.970526 0.786414 0.763446 0.942191 0.921731 0.831717 0.858860 0.953239 0.898287 0.966648 0.998171 0.995195 0.927988 0.960261 0.947976 0.885679 0.834326 0.819216 0.723967 0.776450 0.802246 0.946833 0.907866 0.897381 0.928320 0.889845 0.945132 0.989750 0.898653 0.917023 0.858581 0.934745 0.918488 0.895656 0.933520 0.926012 0.900721 0.976011 0.743768 0.866625 0.926797 0.703943 0.875612 0.921472 0.945636 0.804603 0.797124 0.929344 0.828729 0.885139 0.828851 0.923357 0.965157 0.704647 0.990355 0.947953 0.984858 0.717340 0.689784 0.929699 0.949490 0.984737 0.902733 0.875453 0.983301 0.897927 0.972774 0.860408 0.863174
