0.000000 0.135300 0.278284 0.259703 0.627499 0.537616 0.223782 0.174652 0.400272 0.302743 0.150627 0.111244 0.125777 0.205566 0.204833 0.209962 0.119893 0.103434 0.123707 0.121361 0.471465 0.771900 0.231582 0.420527 0.673287 0.598896 0.911716 0.919812 0.163024 0.129514 0.261731 0.335857 0.144214 0.157771 0.471505 0.598919 0.329911 0.377317 0.647923 0.623627 0.691979 0.471823 0.204687 0.175894 0.231077 0.175889 0.193468 0.194378 0.614760 0.315940 0.375818 0.276012 0.420028 0.433462 0.443186 0.478593 0.136917 0.128866 0.146198 0.153385 0.119837 0.154240 0.123977 0.111994 0.342285 0.248298 0.245704 0.226562 0.280553 0.180188 0.205466 0.231240 0.400304 0.369592 0.600143 0.569141 0.324322 0.262292 0.161060 0.171696 0.104517 0.153390 0.432696 0.290202 0.225055 0.388410 0.960758 0.869663 0.357126 0.464147 0.531060 0.613707 0.539867 0.712124 0.417585 0.424844 0.302925 0.480801 0.229681 0.217611 0.492485 0.574509 0.261740 0.257748 0.275687 0.277827 0.711150 0.536487 0.541391 0.321663 0.597212 0.304534 0.300822 0.407819 0.422715 0.951717
0.135300 0.000000 0.382937 0.345899 0.656599 0.581971 0.309355 0.230213 0.451166 0.359186 0.211287 0.131854 0.162976 0.197015 0.233995 0.243768 0.143762 0.117353 0.171812 0.156913 0.493400 0.818061 0.296173 0.438054 0.694783 0.658797 0.929376 0.979709 0.163966 0.165178 0.309442 0.384613 0.189708 0.219133 0.561123 0.611176 0.351734 0.430122 0.741295 0.663311 0.768170 0.420817 0.211316 0.185795 0.219294 0.177049 0.222078 0.204086 0.514606 0.318452 0.358722 0.283797 0.454198 0.471845 0.521082 0.526114 0.104592 0.090886 0.171102 0.180029 0.179467 0.201438 0.164685 0.132374 0.459018 0.356344 0.324992 0.295815 0.307179 0.199514 0.235302 0.261450 0.507697 0.455489 0.645810 0.581769 0.310397 0.299220 0.243273 0.218704 0.148090 0.197297 0.403345 0.292626 0.282957 0.411853 0.898551 0.836239 0.422817 0.494740 0.594762 0.667063 0.598514 0.766731 0.349290 0.479127 0.303139 0.391579 0.257228 0.241668 0.506232 0.640968 0.315936 0.255018 0.302505 0.312401 0.788433 0.564595 0.553209 0.378798 0.584825 0.326693 0.363551 0.386890 0.421797 0.868994
0.278284 0.382937 0.000000 0.115433 0.616413 0.518959 0.135707 0.172787 0.344007 0.301574 0.293061 0.301229 0.274261 0.372842 0.344008 0.327096 0.346052 0.295132 0.205262 0.239475 0.371182 0.712070 0.183172 0.336228 0.479626 0.350388 0.930287 0.961319 0.351409 0.268836 0.182844 0.268265 0.188921 0.207945 0.400038 0.633262 0.347324 0.466962 0.549305 0.586107 0.831835 0.595882 0.251939 0.244259 0.401500 0.378806 0.325909 0.278094 0.900965 0.540579 0.602883 0.502886 0.548536 0.428682 0.440610 0.581747 0.432677 0.420994 0.299603 0.324967 0.220005 0.290359 0.311849 0.323901 0.173210 0.153331 0.165532 0.184226 0.390145 0.267730 0.254375 0.324087 0.374976 0.364076 0.588436 0.724529 0.383312 0.335754 0.294699 0.387620 0.258228 0.216200 0.508509 0.299753 0.279661 0.349721 0.939222 0.900199 0.395278 0.450365 0.455292 0.510202 0.446130 0.585125 0.463431 0.528816 0.425282 0.592737 0.387146 0.338469 0.471503 0.417836 0.420124 0.282874 0.329716 0.359056 0.787910 0.563000 0.590967 0.376878 0.633025 0.492524 0.407918 0.559640 0.532990 0.953091
0.259703 0.345899 0.115433 0.000000 0.679498 0.461315 0.143741 0.138777 0.366084 0.254870 0.321133 0.257031 0.252489 0.312267 0.293497 0.278041 0.313548 0.266864 0.201908 0.223273 0.346751 0.676760 0.161660 0.300662 0.470249 0.327495 0.948474 0.964086 0.311273 0.230671 0.170913 0.224465 0.158464 0.166892 0.344873 0.597873 0.309431 0.457952 0.505000 0.612624 0.805954 0.541904 0.217563 0.217762 0.346145 0.328405 0.270500 0.235390 0.804673 0.470245 0.554411 0.445749 0.530717 0.424763 0.390111 0.528017 0.396766 0.368955 0.270643 0.294718 0.222215 0.258957 0.290312 0.277377 0.197164 0.160466 0.151524 0.151047 0.408254 0.245640 0.227478 0.318387 0.414773 0.458603 0.541487 0.690670 0.340426 0.340932 0.248748 0.355608 0.209908 0.158538 0.451850 0.223584 0.237347 0.287444 0.942127 0.938414 0.373916 0.382212 0.429444 0.494007 0.409985 0.563929 0.412169 0.481209 0.368610 0.540747 0.343763 0.280546 0.451383 0.421621 0.360902 0.255992 0.284237 0.320793 0.830863 0.575983 0.606941 0.370986 0.561170 0.414621 0.378126 0.459224 0.530150 0.985598
0.627499 0.656599 0.616413 0.679498 0.000000 0.852072 0.600355 0.610266 0.724159 0.642727 0.668290 0.659159 0.588182 0.665149 0.658651 0.641643 0.668152 0.660184 0.593381 0.704314 0.756615 0.884050 0.645897 0.753883 0.999951 0.920110 0.843088 0.878520 0.646770 0.691907 0.782732 0.818323 0.622230 0.645661 0.819626 0.861622 0.814103 0.668259 0.858020 0.717241 0.882222 0.711106 0.587010 0.615277 0.622380 0.625715 0.599718 0.600086 0.782423 0.700142 0.583727 0.607439 0.713680 0.639499 0.837314 0.764291 0.615787 0.699390 0.564511 0.635147 0.545746 0.552192 0.596274 0.600252 0.616924 0.590988 0.608507 0.604549 0.797452 0.693186 0.540391 0.673412 0.882806 0.813753 0.958414 0.794894 0.746090 0.759563 0.744058 0.728754 0.673268 0.714238 0.600900 0.679349 0.606883 0.675566 0.994751 0.978494 0.778491 0.715796 0.697989 0.666782 0.732531 0.758355 0.915193 0.750125 0.705860 0.675731 0.609669 0.593505 0.694317 0.688990 0.544757 0.577060 0.557667 0.681774 0.816129 0.610313 0.744020 0.775533 0.720795 0.747111 0.677642 0.737061 0.648943 0.919235
0.537616 0.581971 0.518959 0.461315 0.852072 0.000000 0.432278 0.403260 0.593915 0.434782 0.593890 0.540911 0.556734 0.663828 0.646412 0.614057 0.593483 0.530062 0.558885 0.541329 0.688907 0.961627 0.585319 0.767051 0.864691 0.588913 0.987127 0.833518 0.578430 0.584947 0.577588 0.642291 0.505555 0.501796 0.574111 0.802638 0.587218 0.831801 0.811592 0.888371 0.775070 0.556698 0.404183 0.492385 0.465828 0.486191 0.432926 0.490838 0.778024 0.669955 0.659042 0.579048 0.672733 0.635051 0.675216 0.636655 0.610308 0.598365 0.541002 0.560372 0.537506 0.567303 0.549449 0.554608 0.614178 0.518042 0.407843 0.435256 0.689143 0.542345 0.470278 0.462294 0.687804 0.747042 0.667434 0.848815 0.559725 0.574109 0.485074 0.679643 0.498336 0.497813 0.833259 0.524209 0.572224 0.713388 0.808936 0.818230 0.728809 0.663513 0.392571 0.457811 0.353430 0.535972 0.610834 0.681006 0.459547 0.719949 0.445420 0.448919 0.475847 0.462110 0.562626 0.454607 0.490889 0.533301 0.963410 0.639980 0.787744 0.633185 0.698442 0.486443 0.452876 0.606545 0.666637 0.891546
0.223782 0.309355 0.135707 0.143741 0.600355 0.432278 0.000000 0.103847 0.325238 0.180554 0.240078 0.243182 0.237742 0.336566 0.332479 0.324782 0.257206 0.221350 0.151620 0.210656 0.394431 0.715410 0.230105 0.455335 0.689343 0.520678 0.850981 0.906217 0.296072 0.236863 0.234013 0.298122 0.160915 0.147695 0.427278 0.634262 0.386123 0.461623 0.596492 0.599765 0.758510 0.505334 0.182253 0.155485 0.266289 0.268864 0.279582 0.223677 0.821604 0.510654 0.513620 0.431311 0.528417 0.380769 0.437481 0.626443 0.313803 0.333197 0.207806 0.278004 0.166687 0.258790 0.237785 0.251139 0.258223 0.174436 0.112021 0.120951 0.377223 0.247983 0.198099 0.227412 0.393013 0.397920 0.547125 0.660711 0.335731 0.266031 0.273327 0.359290 0.204314 0.202146 0.503933 0.308903 0.304858 0.432710 0.992180 0.778880 0.401843 0.537194 0.382141 0.418055 0.369742 0.491169 0.422900 0.462766 0.334031 0.507962 0.267024 0.237720 0.395445 0.311716 0.330870 0.205252 0.280533 0.284680 0.812736 0.504083 0.546245 0.337601 0.498872 0.361775 0.292911 0.422036 0.495204 0.910485
0.174652 0.230213 0.172787 0.138777 0.610266 0.403260 0.103847 0.000000 0.335480 0.166282 0.245432 0.176662 0.185064 0.259019 0.261127 0.257136 0.203957 0.177052 0.159158 0.181234 0.403336 0.742351 0.202690 0.404097 0.670262 0.513300 0.842413 0.972929 0.237994 0.186890 0.241034 0.299927 0.134714 0.124664 0.380305 0.568129 0.344509 0.407766 0.627951 0.600411 0.703266 0.473110 0.146520 0.152569 0.203834 0.205549 0.225051 0.187368 0.675981 0.390428 0.408800 0.329151 0.445477 0.356145 0.411847 0.529599 0.257283 0.250262 0.177061 0.221963 0.145247 0.178434 0.193068 0.169791 0.269499 0.179195 0.113032 0.124953 0.403416 0.202999 0.195538 0.248478 0.424697 0.451054 0.549265 0.619172 0.291926 0.248981 0.201581 0.333628 0.149732 0.157811 0.442136 0.253281 0.234885 0.365934 0.965282 0.821297 0.382324 0.423661 0.331628 0.386465 0.324471 0.486648 0.351437 0.383559 0.259304 0.428947 0.202205 0.163092 0.331072 0.368537 0.270918 0.169710 0.206192 0.256095 0.791499 0.453451 0.539954 0.313425 0.472083 0.306482 0.255420 0.363390 0.450164 0.918691
0.400272 0.451166 0.344007 0.366084 0.724159 0.593915 0.325238 0.335480 0.000000 0.347809 0.385703 0.371715 0.375503 0.475684 0.462906 0.431278 0.441738 0.409774 0.383230 0.363932 0.635984 0.819514 0.380369 0.600988 0.721966 0.617510 0.995523 0.884677 0.439520 0.401552 0.400156 0.507910 0.364166 0.383138 0.559481 0.698767 0.456926 0.497307 0.772587 0.714054 0.905099 0.699629 0.368013 0.352450 0.407676 0.414220 0.403400 0.426303 0.808271 0.558074 0.529811 0.471029 0.602321 0.540872 0.633690 0.658685 0.444561 0.466396 0.400892 0.432036 0.318273 0.349072 0.424641 0.429858 0.344978 0.329679 0.364472 0.360628 0.440808 0.424577 0.376402 0.494421 0.388169 0.357617 0.694208 0.625112 0.458686 0.378515 0.509402 0.494560 0.434288 0.450102 0.621154 0.542607 0.471564 0.595483 0.996279 0.720639 0.557629 0.640018 0.525611 0.522689 0.513649 0.573246 0.581999 0.477564 0.561116 0.747985 0.348520 0.380198 0.489008 0.479408 0.504436 0.359563 0.475916 0.478538 0.780486 0.519960 0.639997 0.517393 0.504315 0.512570 0.430236 0.650109 0.548489 0.878961
0.302743 0.359186 0.301574 0.254870 0.642727 0.434782 0.180554 0.166282 0.347809 0.000000 0.303994 0.285742 0.312108 0.386841 0.382651 0.382063 0.288097 0.283888 0.275077 0.324162 0.531191 0.734192 0.350091 0.553672 0.833707 0.609595 0.854694 0.966460 0.336333 0.286949 0.367637 0.406501 0.237183 0.221171 0.411930 0.648645 0.465219 0.489609 0.695855 0.660352 0.804937 0.477692 0.259492 0.271051 0.307626 0.330087 0.388589 0.317792 0.778761 0.521739 0.512692 0.424251 0.587938 0.421166 0.516075 0.599450 0.366373 0.384509 0.286156 0.344589 0.257906 0.285447 0.309198 0.289002 0.370783 0.255011 0.214065 0.242715 0.442517 0.269244 0.311339 0.330599 0.387393 0.450825 0.553514 0.554990 0.353195 0.291303 0.346892 0.413983 0.253045 0.276454 0.570795 0.338073 0.403613 0.547372 0.956267 0.744897 0.509702 0.584132 0.362955 0.366702 0.340817 0.440246 0.464211 0.408666 0.365367 0.486154 0.239747 0.226423 0.385771 0.318982 0.359401 0.217414 0.319665 0.344657 0.827836 0.486866 0.657823 0.447370 0.521018 0.368356 0.302840 0.351680 0.520873 0.958090
0.150627 0.211287 0.293061 0.321133 0.668290 0.593890 0.240078 0.245432 0.385703 0.303994 0.000000 0.141925 0.142870 0.217849 0.231188 0.218037 0.138691 0.128345 0.143836 0.149021 0.477797 0.811182 0.263908 0.413095 0.747363 0.635223 0.969191 0.913824 0.183293 0.135828 0.271129 0.317383 0.193050 0.191329 0.568685 0.647695 0.415242 0.430680 0.726767 0.600453 0.673026 0.506174 0.291278 0.234230 0.377845 0.328353 0.327673 0.298701 0.859375 0.534874 0.569550 0.480937 0.582946 0.567150 0.542790 0.685931 0.173196 0.215995 0.230031 0.282596 0.157590 0.242867 0.153761 0.177164 0.368103 0.269516 0.304213 0.311119 0.266059 0.258091 0.255856 0.270169 0.391228 0.367335 0.666453 0.612989 0.345781 0.257719 0.248221 0.211347 0.170936 0.227533 0.402637 0.351190 0.348580 0.498289 0.945083 0.816519 0.447357 0.646187 0.643469 0.703708 0.660775 0.774797 0.488761 0.562688 0.436043 0.567818 0.366413 0.327174 0.577199 0.550519 0.345890 0.276643 0.406535 0.340912 0.783517 0.626386 0.637853 0.389445 0.656537 0.402730 0.384078 0.461491 0.483629 0.991694
0.111244 0.131854 0.301229 0.257031 0.659159 0.540911 0.243182 0.176662 0.371715 0.285742 0.141925 0.000000 0.102289 0.128206 0.147274 0.140027 0.106459 0.084130 0.124910 0.118156 0.478494 0.777300 0.205824 0.359466 0.688411 0.601926 0.944637 0.984641 0.116985 0.086812 0.255171 0.298979 0.139394 0.161407 0.486453 0.599055 0.341852 0.383294 0.660869 0.590845 0.700030 0.445563 0.223817 0.192611 0.268505 0.216217 0.227311 0.209177 0.633829 0.376214 0.415650 0.337528 0.493513 0.486723 0.464808 0.546938 0.129527 0.130985 0.166005 0.187968 0.119682 0.145698 0.100776 0.087855 0.354836 0.250509 0.269562 0.250034 0.310776 0.187616 0.228372 0.266435 0.454053 0.444864 0.612789 0.567447 0.290222 0.241434 0.176370 0.203078 0.113260 0.163021 0.331366 0.253378 0.235065 0.368262 0.953835 0.877794 0.376943 0.480672 0.584371 0.657739 0.595643 0.773653 0.380816 0.464575 0.354744 0.452112 0.267351 0.225497 0.513564 0.597101 0.273642 0.234488 0.291985 0.286731 0.766451 0.556815 0.570694 0.317415 0.554457 0.335756 0.331247 0.376703 0.415047 0.968617
0.125777 0.162976 0.274261 0.252489 0.588182 0.556734 0.237742 0.185064 0.375503 0.312108 0.142870 0.102289 0.000000 0.118522 0.107695 0.118582 0.138184 0.120552 0.134659 0.153738 0.408045 0.772071 0.157070 0.291699 0.640556 0.588885 0.958497 0.954826 0.139491 0.108827 0.225989 0.295999 0.167066 0.179974 0.516141 0.615522 0.302417 0.340330 0.639924 0.592385 0.684775 0.450793 0.224565 0.193754 0.297229 0.250096 0.225399 0.196902 0.688888 0.408076 0.433292 0.351200 0.506659 0.493587 0.482373 0.562226 0.151305 0.166723 0.188460 0.224345 0.107973 0.157956 0.102378 0.100656 0.294460 0.246295 0.265755 0.261288 0.374450 0.253973 0.227975 0.285910 0.475222 0.443113 0.648352 0.578008 0.362861 0.267669 0.206218 0.232714 0.136442 0.191798 0.306593 0.278368 0.198671 0.328871 0.972355 0.940801 0.378395 0.429096 0.601169 0.669695 0.607638 0.779675 0.404593 0.464902 0.370658 0.472017 0.306424 0.255853 0.531003 0.587484 0.262045 0.243145 0.300760 0.254705 0.738388 0.532779 0.552703 0.327145 0.585880 0.381381 0.384541 0.420492 0.410015 0.991055
0.205566 0.197015 0.372842 0.312267 0.665149 0.663828 0.336566 0.259019 0.475684 0.386841 0.217849 0.128206 0.118522 0.000000 0.111179 0.113712 0.185200 0.165563 0.192848 0.212048 0.457507 0.751156 0.179913 0.251792 0.662860 0.632694 0.959398 0.916141 0.139785 0.131225 0.258326 0.286750 0.206000 0.223242 0.514710 0.608485 0.349058 0.371847 0.631755 0.571815 0.742280 0.460380 0.289045 0.254823 0.358408 0.313193 0.267820 0.235316 0.643178 0.440155 0.453113 0.406403 0.538153 0.550812 0.501754 0.589478 0.188756 0.198619 0.230148 0.275521 0.168996 0.206521 0.132714 0.119817 0.350010 0.302736 0.322664 0.313293 0.448693 0.304279 0.319692 0.400824 0.592226 0.594248 0.691257 0.628702 0.369201 0.298128 0.255903 0.295171 0.198431 0.235251 0.226364 0.307441 0.209870 0.285555 0.922121 0.956714 0.421057 0.429490 0.715515 0.792198 0.723682 0.913200 0.417899 0.516608 0.454458 0.421069 0.383801 0.313132 0.578533 0.686375 0.273339 0.301926 0.342133 0.299774 0.818258 0.599136 0.596210 0.390676 0.588610 0.422223 0.467946 0.439245 0.428735 0.938771
0.204833 0.233995 0.344008 0.293497 0.658651 0.646412 0.332479 0.261127 0.462906 0.382651 0.231188 0.147274 0.107695 0.111179 0.000000 0.116640 0.214728 0.191727 0.217310 0.235013 0.422890 0.770641 0.161782 0.265577 0.617426 0.581049 0.979072 0.988040 0.189971 0.150248 0.258372 0.315436 0.228476 0.248965 0.511400 0.682828 0.306583 0.383706 0.657451 0.567228 0.712956 0.496650 0.303471 0.267504 0.374021 0.316897 0.293635 0.229854 0.667084 0.422786 0.455448 0.380235 0.525889 0.525125 0.459438 0.542232 0.231049 0.227309 0.256568 0.278001 0.165727 0.189960 0.159610 0.144827 0.300196 0.287387 0.341023 0.335311 0.473907 0.312769 0.322060 0.375861 0.537410 0.553348 0.665525 0.621555 0.405885 0.326034 0.262866 0.298269 0.202134 0.237633 0.298945 0.318490 0.196094 0.297853 0.862445 0.913547 0.371449 0.359504 0.682342 0.745994 0.683192 0.875995 0.418456 0.491188 0.440352 0.505896 0.371922 0.304259 0.584864 0.671656 0.284315 0.312848 0.327144 0.299504 0.742940 0.562605 0.618167 0.407840 0.641478 0.432704 0.456732 0.466225 0.440226 0.927597
0.209962 0.243768 0.327096 0.278041 0.641643 0.614057 0.324782 0.257136 0.431278 0.382063 0.218037 0.140027 0.118582 0.113712 0.116640 0.000000 0.203264 0.175836 0.193227 0.217199 0.439888 0.803722 0.147260 0.244328 0.604784 0.560901 0.966437 0.958670 0.152808 0.133536 0.236213 0.274592 0.201695 0.222817 0.510143 0.672538 0.316412 0.376985 0.586066 0.498697 0.730129 0.448694 0.291297 0.256503 0.389674 0.322267 0.269578 0.240904 0.713206 0.448565 0.492042 0.423979 0.548962 0.550864 0.497014 0.569303 0.232678 0.230009 0.235080 0.270942 0.158587 0.195054 0.145397 0.129599 0.307093 0.261360 0.312703 0.312749 0.409456 0.289454 0.305202 0.358117 0.553024 0.590567 0.644734 0.628558 0.392252 0.297860 0.237886 0.274661 0.190195 0.212315 0.245818 0.257957 0.201347 0.261951 0.922793 0.928456 0.389792 0.385879 0.699241 0.769862 0.701427 0.892853 0.451865 0.494443 0.473427 0.499249 0.403556 0.339627 0.604541 0.639527 0.272968 0.297346 0.327158 0.300557 0.743450 0.653877 0.620994 0.409790 0.694109 0.456213 0.491529 0.452954 0.450545 0.982869
0.119893 0.143762 0.346052 0.313548 0.668152 0.593483 0.257206 0.203957 0.441738 0.288097 0.138691 0.106459 0.138184 0.185200 0.214728 0.203264 0.000000 0.086826 0.138380 0.141117 0.488001 0.735105 0.278589 0.436829 0.769009 0.671230 0.943809 0.958912 0.130262 0.110520 0.296086 0.313354 0.167525 0.157848 0.549614 0.623377 0.387278 0.439894 0.704738 0.607501 0.694009 0.445925 0.255597 0.197011 0.285649 0.248973 0.268113 0.253257 0.691558 0.421699 0.480332 0.379924 0.549368 0.520943 0.522857 0.605107 0.121326 0.129504 0.172176 0.200118 0.157643 0.192840 0.133908 0.121641 0.418503 0.287762 0.290570 0.268060 0.279078 0.191531 0.260746 0.268187 0.441370 0.418004 0.627653 0.532198 0.313265 0.253468 0.185711 0.180468 0.112096 0.174681 0.381565 0.293603 0.310755 0.437966 0.968938 0.855785 0.419717 0.554235 0.622829 0.674255 0.630890 0.747171 0.383525 0.463180 0.341953 0.431930 0.302030 0.239001 0.577164 0.590608 0.282073 0.242859 0.340455 0.280003 0.814636 0.591578 0.603171 0.328410 0.584944 0.325757 0.375870 0.328144 0.504272 0.901139
0.103434 0.117353 0.295132 0.266864 0.660184 0.530062 0.221350 0.177052 0.409774 0.283888 0.128345 0.084130 0.120552 0.165563 0.191727 0.175836 0.086826 0.000000 0.112384 0.107139 0.438429 0.769365 0.245271 0.405815 0.721971 0.622688 0.932979 0.998486 0.118675 0.093889 0.260585 0.303467 0.135687 0.147284 0.525974 0.635860 0.354762 0.419041 0.690809 0.587584 0.724377 0.427478 0.205681 0.154117 0.255855 0.202573 0.216882 0.201533 0.662473 0.394067 0.449454 0.354924 0.511289 0.484285 0.491518 0.572056 0.107530 0.113543 0.158104 0.185682 0.128964 0.171883 0.113204 0.099270 0.381495 0.258172 0.253849 0.243267 0.261268 0.180448 0.221199 0.223570 0.452430 0.417557 0.609809 0.579822 0.277836 0.223697 0.167611 0.181699 0.105708 0.153093 0.365381 0.256281 0.274816 0.402760 0.982478 0.826025 0.414733 0.521825 0.570750 0.638631 0.578748 0.727620 0.359099 0.447689 0.334178 0.429075 0.271030 0.224682 0.529646 0.563240 0.272197 0.228269 0.287442 0.269600 0.797767 0.598557 0.567788 0.309598 0.600405 0.302713 0.307669 0.358591 0.432662 0.925872
0.123707 0.171812 0.205262 0.201908 0.593381 0.558885 0.151620 0.159158 0.383230 0.275077 0.143836 0.124910 0.134659 0.192848 0.217310 0.193227 0.138380 0.112384 0.000000 0.121544 0.412413 0.724826 0.194258 0.372881 0.648870 0.565096 0.915716 0.905779 0.163039 0.123021 0.202479 0.261641 0.134437 0.127928 0.464308 0.598076 0.354045 0.384767 0.575920 0.551039 0.767222 0.448575 0.190145 0.146425 0.277076 0.240354 0.224525 0.175974 0.734566 0.412480 0.465852 0.374426 0.516238 0.444221 0.475173 0.624739 0.174553 0.192414 0.148727 0.187325 0.110750 0.197192 0.124692 0.136836 0.304965 0.206115 0.201171 0.183034 0.281424 0.192051 0.181841 0.220712 0.426561 0.396057 0.558807 0.589638 0.326254 0.248668 0.210785 0.207621 0.132057 0.159977 0.357758 0.267678 0.255613 0.380449 0.984096 0.824160 0.381848 0.529729 0.578156 0.650910 0.584120 0.733417 0.421362 0.471880 0.353841 0.443314 0.293127 0.253683 0.526706 0.516030 0.288047 0.229413 0.300933 0.264284 0.712619 0.568411 0.521916 0.306229 0.562900 0.339633 0.360158 0.418489 0.442314 0.961663
0.121361 0.156913 0.239475 0.223273 0.704314 0.541329 0.210656 0.181234 0.363932 0.324162 0.149021 0.118156 0.153738 0.212048 0.235013 0.217199 0.141117 0.107139 0.121544 0.000000 0.414821 0.743270 0.221851 0.364309 0.618545 0.515437 0.973678 0.987283 0.166818 0.112593 0.210320 0.247270 0.138098 0.144559 0.507789 0.619172 0.355210 0.432422 0.689891 0.618591 0.733695 0.514295 0.200691 0.172082 0.284320 0.221883 0.218659 0.224499 0.705508 0.384791 0.477955 0.384748 0.509155 0.482864 0.469400 0.558685 0.170566 0.167768 0.176848 0.196242 0.154944 0.200361 0.154735 0.152186 0.352685 0.249254 0.244773 0.225299 0.260799 0.190792 0.205649 0.244390 0.371549 0.354223 0.620051 0.600853 0.302943 0.251675 0.186675 0.174529 0.129486 0.145198 0.417362 0.276097 0.279122 0.400110 0.934740 0.852234 0.366515 0.539188 0.592162 0.672177 0.600310 0.763360 0.380833 0.503192 0.364199 0.507486 0.306019 0.261916 0.520508 0.569951 0.335295 0.262392 0.334243 0.280944 0.743338 0.606039 0.527477 0.303866 0.586834 0.346634 0.340980 0.420118 0.430197 0.929857
0.471465 0.493400 0.371182 0.346751 0.756615 0.688907 0.394431 0.403336 0.635984 0.531191 0.477797 0.478494 0.408045 0.457507 0.422890 0.439888 0.488001 0.438429 0.412413 0.414821 0.000000 0.763621 0.373025 0.413648 0.551119 0.535037 0.945540 0.943261 0.513735 0.448712 0.382006 0.479481 0.429548 0.373751 0.559787 0.749922 0.433676 0.470013 0.619649 0.684006 0.718720 0.620648 0.404866 0.384067 0.558246 0.515126 0.449380 0.424919 0.887846 0.595211 0.711839 0.643870 0.792027 0.603987 0.525175 0.703955 0.522300 0.482998 0.446865 0.489390 0.448195 0.502551 0.454149 0.449667 0.409068 0.457124 0.416069 0.444392 0.600617 0.494849 0.412981 0.470823 0.622214 0.669756 0.747640 0.834888 0.507856 0.463751 0.460476 0.505213 0.436606 0.378579 0.502885 0.445997 0.412533 0.486006 0.957002 0.989118 0.575817 0.514648 0.631092 0.692964 0.628606 0.759257 0.531922 0.567289 0.495389 0.658779 0.608317 0.508115 0.695266 0.584911 0.463469 0.424266 0.455437 0.443277 0.916390 0.664391 0.549275 0.558323 0.739874 0.589313 0.558550 0.593466 0.604663 0.872364
0.771900 0.818061 0.712070 0.676760 0.884050 0.961627 0.715410 0.742351 0.819514 0.734192 0.811182 0.777300 0.772071 0.751156 0.770641 0.803722 0.735105 0.769365 0.724826 0.743270 0.763621 0.000000 0.725720 0.802238 0.935796 0.782728 0.986603 0.985850 0.740087 0.725992 0.757035 0.629054 0.711756 0.698669 0.846755 0.762411 0.811481 0.820425 0.769239 0.835865 0.835580 0.890078 0.726230 0.740641 0.796076 0.825916 0.799360 0.779019 0.901418 0.837680 0.846106 0.812349 0.898883 0.713124 0.770578 0.937246 0.804186 0.849071 0.783965 0.877705 0.763802 0.812727 0.805418 0.799450 0.710167 0.723057 0.703342 0.685699 0.828975 0.765093 0.719452 0.816185 0.752103 0.755035 0.928319 0.653108 0.816220 0.803900 0.811512 0.725392 0.765555 0.764057 0.747983 0.779200 0.774076 0.707853 0.982244 0.916380 0.758820 0.813841 0.843813 0.873756 0.878233 0.842012 0.788195 0.817270 0.855668 0.747968 0.755326 0.736537 0.847481 0.742018 0.774484 0.673545 0.803591 0.715271 0.951782 0.839948 0.926724 0.744992 0.760698 0.868836 0.802617 0.829224 0.757897 0.924036
0.231582 0.296173 0.183172 0.161660 0.645897 0.585319 0.230105 0.202690 0.380369 0.350091 0.263908 0.205824 0.157070 0.179913 0.161782 0.147260 0.278589 0.245271 0.194258 0.221851 0.373025 0.725720 0.000000 0.187848 0.454008 0.389549 0.985501 0.989418 0.223916 0.186408 0.141405 0.204238 0.176449 0.190428 0.398945 0.590929 0.271666 0.365399 0.506900 0.536822 0.816277 0.499498 0.254339 0.247737 0.393476 0.334646 0.255319 0.216342 0.770612 0.462198 0.521783 0.430341 0.494982 0.474703 0.407996 0.519253 0.324855 0.316156 0.243259 0.269636 0.159276 0.207202 0.190536 0.198146 0.179254 0.180341 0.212661 0.222269 0.439276 0.283718 0.266333 0.375894 0.454844 0.514883 0.639716 0.687395 0.401229 0.332885 0.260048 0.328488 0.192219 0.180501 0.309747 0.232099 0.130817 0.191691 0.949779 0.909099 0.319846 0.317950 0.615270 0.699401 0.603948 0.820421 0.417808 0.478061 0.417486 0.501505 0.396601 0.328633 0.535495 0.576708 0.313304 0.282260 0.335247 0.267691 0.748351 0.573587 0.591710 0.406074 0.658111 0.482955 0.453748 0.525338 0.425351 0.988741
0.420527 0.438054 0.336228 0.300662 0.753883 0.767051 0.455335 0.404097 0.600988 0.553672 0.413095 0.359466 0.291699 0.251792 0.265577 0.244328 0.436829 0.405815 0.372881 0.364309 0.413648 0.802238 0.187848 0.000000 0.363224 0.366169 0.996884 0.860761 0.341977 0.306411 0.244684 0.259464 0.332588 0.365727 0.483981 0.678284 0.382275 0.514652 0.525279 0.629050 0.882291 0.601339 0.450716 0.445861 0.609043 0.551877 0.417851 0.392489 0.854445 0.621477 0.699695 0.653939 0.670936 0.714375 0.527335 0.638778 0.487232 0.470544 0.451359 0.483145 0.355827 0.379052 0.352416 0.360755 0.303353 0.331755 0.419746 0.442491 0.587156 0.456280 0.456374 0.587819 0.605482 0.655710 0.777911 0.744130 0.556108 0.472848 0.412295 0.451390 0.352774 0.313604 0.306608 0.321827 0.256158 0.208883 0.836520 0.734820 0.440244 0.372668 0.845825 0.945472 0.831915 0.967203 0.517865 0.645392 0.611563 0.561732 0.662632 0.554667 0.704191 0.819104 0.529763 0.481432 0.512563 0.480807 0.869771 0.729418 0.671410 0.542545 0.772489 0.648723 0.698715 0.698428 0.580224 0.904931
0.673287 0.694783 0.479626 0.470249 0.999951 0.864691 0.689343 0.670262 0.721966 0.833707 0.747363 0.688411 0.640556 0.662860 0.617426 0.604784 0.769009 0.721971 0.648870 0.618545 0.551119 0.935796 0.454008 0.363224 0.000000 0.267306 0.884029 0.813837 0.707328 0.651283 0.405710 0.564297 0.611201 0.669624 0.564425 0.833132 0.538492 0.758365 0.524654 0.848915 0.927439 0.873876 0.675217 0.708673 0.828630 0.759886 0.607494 0.651239 0.949100 0.702252 0.900776 0.778596 0.808636 0.861369 0.624351 0.711346 0.830769 0.710965 0.724471 0.638336 0.680197 0.660375 0.738817 0.721240 0.472569 0.567261 0.676887 0.657170 0.680715 0.677969 0.672380 0.716928 0.580644 0.668187 0.757535 0.970361 0.722396 0.772856 0.678853 0.663517 0.642823 0.561157 0.728625 0.593916 0.523424 0.447544 0.951605 0.924765 0.660863 0.494219 0.916354 0.986555 0.852894 0.972539 0.687338 0.825604 0.748298 0.847561 0.855938 0.822859 0.924017 0.963844 0.902373 0.776453 0.714657 0.726188 0.883401 0.913934 0.772699 0.684879 0.955258 0.872310 0.860199 0.948890 0.786057 0.929812
0.598896 0.658797 0.350388 0.327495 0.920110 0.588913 0.520678 0.513300 0.617510 0.609595 0.635223 0.601926 0.588885 0.632694 0.581049 0.560901 0.671230 0.622688 0.565096 0.515437 0.535037 0.782728 0.389549 0.366169 0.267306 0.000000 0.819400 0.733521 0.607700 0.563529 0.345233 0.403545 0.468405 0.485326 0.413725 0.758641 0.491313 0.782523 0.514710 0.689889 0.981439 0.771425 0.511734 0.558383 0.680990 0.622163 0.473187 0.524654 0.880596 0.648836 0.779166 0.671846 0.632845 0.682062 0.503463 0.541142 0.774610 0.691194 0.586108 0.569028 0.567058 0.555090 0.643048 0.646311 0.334311 0.364804 0.465092 0.452333 0.612217 0.541027 0.579603 0.631387 0.467858 0.603668 0.689626 0.845077 0.582273 0.656991 0.582842 0.581921 0.514281 0.429863 0.698232 0.463684 0.427546 0.372552 0.986340 0.893972 0.487224 0.435388 0.725483 0.785369 0.664606 0.861320 0.582780 0.748895 0.652216 0.764676 0.685291 0.603395 0.714718 0.750756 0.753623 0.566148 0.617732 0.649144 0.883010 0.802984 0.839524 0.675540 0.963138 0.715120 0.684385 0.813111 0.622598 0.984317
0.911716 0.929376 0.930287 0.948474 0.843088 0.987127 0.850981 0.842413 0.995523 0.854694 0.969191 0.944637 0.958497 0.959398 0.979072 0.966437 0.943809 0.932979 0.915716 0.973678 0.945540 0.986603 0.985501 0.996884 0.884029 0.819400 0.000000 0.963654 0.974684 0.962596 0.919560 0.899521 0.925338 0.946605 0.910300 0.920852 0.938569 0.823499 0.915822 0.992179 0.892023 0.973834 0.938173 0.959274 0.871076 0.887385 0.999184 0.960953 0.885334 0.929422 0.833964 0.905212 0.935025 0.853022 0.941008 0.976814 0.944198 0.976844 0.908632 0.919766 0.916685 0.891181 0.918177 0.911223 0.990912 0.935255 0.897764 0.919752 0.977580 0.996901 0.930850 0.882807 0.989771 0.987409 0.971353 0.845720 0.928461 0.849971 0.980281 0.925635 0.943855 0.914296 0.975377 0.976605 0.964466 0.990489 0.958992 0.946457 0.903054 0.927293 0.737784 0.766143 0.788803 0.747172 0.986847 0.802706 0.880553 0.849565 0.819360 0.852566 0.895101 0.919516 0.860331 0.953524 0.754010 0.988141 0.917172 0.849623 0.779524 0.761509 0.855125 0.828494 0.743724 0.990268 0.995159 0.827302
0.919812 0.979709 0.961319 0.964086 0.878520 0.833518 0.906217 0.972929 0.884677 0.966460 0.913824 0.984641 0.954826 0.916141 0.988040 0.958670 0.958912 0.998486 0.905779 0.987283 0.943261 0.985850 0.989418 0.860761 0.813837 0.733521 0.963654 0.000000 0.975978 0.999585 0.997492 0.932922 0.969655 0.966504 0.953368 0.956072 0.933576 0.897907 0.906173 0.951134 0.998936 0.936996 0.972759 0.962102 0.904534 0.935738 0.925348 0.932123 0.978543 0.890240 0.950864 0.885437 0.893511 0.841998 0.963364 0.972450 0.943026 0.985588 0.937166 0.929919 0.923695 0.970391 0.987804 0.995926 0.993984 0.995789 0.943556 0.993358 0.972368 0.975902 0.909660 0.883241 0.941943 0.837777 0.871615 0.950447 0.924479 0.975862 0.984188 0.939353 0.989298 0.978752 0.966220 0.980269 0.985692 0.886253 0.935296 0.981554 0.941538 0.933830 0.986721 0.976707 0.981426 0.958317 0.977505 0.861871 0.904049 0.845557 0.929995 0.974080 0.886102 0.930480 0.898123 0.998429 0.981720 0.894492 0.755639 0.893176 0.903833 0.998000 0.921722 0.963476 0.974195 0.995729 0.896179 0.971575
0.163024 0.163966 0.351409 0.311273 0.646770 0.578430 0.296072 0.237994 0.439520 0.336333 0.183293 0.116985 0.139491 0.139785 0.189971 0.152808 0.130262 0.118675 0.163039 0.166818 0.513735 0.740087 0.223916 0.341977 0.707328 0.607700 0.974684 0.975978 0.000000 0.112197 0.253826 0.278475 0.159053 0.186508 0.529922 0.647118 0.392058 0.476077 0.662165 0.539440 0.799477 0.431623 0.264193 0.220886 0.325739 0.266316 0.232944 0.203802 0.645391 0.429238 0.469374 0.379861 0.506852 0.515975 0.500750 0.552531 0.158284 0.180600 0.182410 0.218104 0.154277 0.186752 0.126042 0.126314 0.381171 0.269615 0.285699 0.271789 0.302026 0.214390 0.286403 0.345360 0.496606 0.485777 0.645518 0.569004 0.349172 0.270048 0.198354 0.212627 0.135350 0.189122 0.325228 0.265038 0.254080 0.342588 0.966830 0.926407 0.430449 0.472991 0.691751 0.747602 0.679995 0.869740 0.378159 0.515480 0.399679 0.444909 0.355957 0.276535 0.563404 0.597567 0.284545 0.248680 0.339640 0.289481 0.798079 0.684165 0.651185 0.356759 0.590457 0.414930 0.409647 0.358735 0.440818 0.929668
0.129514 0.165178 0.268836 0.230671 0.691907 0.584947 0.236863 0.186890 0.401552 0.286949 0.135828 0.086812 0.108827 0.131225 0.150248 0.133536 0.110520 0.093889 0.123021 0.112593 0.448712 0.725992 0.186408 0.306411 0.651283 0.563529 0.962596 0.999585 0.112197 0.000000 0.219105 0.228031 0.134111 0.144473 0.496858 0.643057 0.336964 0.424340 0.652937 0.565966 0.756879 0.489563 0.258431 0.202491 0.329710 0.262766 0.259779 0.221210 0.739105 0.423381 0.498441 0.398111 0.529592 0.498895 0.463970 0.565546 0.166776 0.167639 0.185439 0.213007 0.131259 0.169019 0.119240 0.106234 0.337827 0.237508 0.263644 0.252939 0.283485 0.184672 0.251907 0.287248 0.433016 0.426222 0.567601 0.576980 0.332583 0.243231 0.159853 0.179751 0.109697 0.138623 0.332674 0.238600 0.254674 0.341196 0.898049 0.948530 0.372176 0.498702 0.639143 0.710649 0.646883 0.810701 0.382509 0.495745 0.405550 0.471845 0.340030 0.268174 0.572203 0.582429 0.294502 0.251094 0.331644 0.273794 0.764528 0.655789 0.613364 0.304461 0.617013 0.379079 0.390974 0.368470 0.467796 0.996214
0.261731 0.309442 0.182844 0.170913 0.782732 0.577588 0.234013 0.241034 0.400156 0.367637 0.271129 0.255171 0.225989 0.258326 0.258372 0.236213 0.296086 0.260585 0.202479 0.210320 0.382006 0.757035 0.141405 0.244684 0.405710 0.345233 0.919560 0.997492 0.253826 0.219105 0.000000 0.168833 0.182090 0.199968 0.430848 0.632084 0.299242 0.475782 0.483525 0.636836 0.804251 0.570939 0.271172 0.252158 0.422192 0.376664 0.297008 0.266465 0.835539 0.530348 0.616717 0.510193 0.548187 0.518067 0.440847 0.582449 0.354504 0.334365 0.287259 0.308337 0.219783 0.284085 0.265083 0.275731 0.241863 0.204675 0.246962 0.248972 0.342324 0.288373 0.293429 0.346177 0.373931 0.418324 0.609259 0.738165 0.409071 0.324992 0.290951 0.291378 0.223388 0.190546 0.405746 0.261154 0.229044 0.273017 0.939247 0.982228 0.343249 0.431369 0.672342 0.747398 0.638285 0.814756 0.449481 0.551853 0.395479 0.577528 0.459410 0.411141 0.578645 0.536262 0.435196 0.340443 0.413932 0.343005 0.730420 0.667173 0.641518 0.425387 0.688065 0.510199 0.503692 0.484794 0.542485 0.981913
0.335857 0.384613 0.268265 0.224465 0.818323 0.642291 0.298122 0.299927 0.507910 0.406501 0.317383 0.298979 0.295999 0.286750 0.315436 0.274592 0.313354 0.303467 0.261641 0.247270 0.479481 0.629054 0.204238 0.259464 0.564297 0.403545 0.899521 0.932922 0.278475 0.228031 0.168833 0.000000 0.244203 0.219280 0.544931 0.653164 0.423873 0.604113 0.553062 0.598066 0.892939 0.632445 0.336419 0.296528 0.501774 0.459477 0.384072 0.326087 0.933985 0.623986 0.706019 0.616847 0.635102 0.581180 0.521305 0.680321 0.402094 0.412450 0.343402 0.399650 0.297256 0.369324 0.301251 0.324629 0.344373 0.256876 0.289548 0.297652 0.443458 0.330514 0.378346 0.441679 0.479068 0.513654 0.601480 0.680611 0.494300 0.370253 0.309598 0.320869 0.259697 0.233105 0.389634 0.261947 0.322346 0.301052 0.892192 0.912504 0.360800 0.525113 0.766950 0.871652 0.767248 0.921827 0.483033 0.617376 0.541528 0.586307 0.561606 0.461699 0.665150 0.626053 0.497486 0.380284 0.524475 0.392788 0.848756 0.808261 0.730772 0.463772 0.705880 0.534633 0.595377 0.516644 0.602482 0.927856
0.144214 0.189708 0.188921 0.158464 0.622230 0.505555 0.160915 0.134714 0.364166 0.237183 0.193050 0.139394 0.167066 0.206000 0.228476 0.201695 0.167525 0.135687 0.134437 0.138098 0.429548 0.711756 0.176449 0.332588 0.611201 0.468405 0.925338 0.969655 0.159053 0.134111 0.182090 0.244203 0.000000 0.126148 0.406878 0.558685 0.354201 0.430534 0.609252 0.548957 0.817881 0.495744 0.181874 0.159575 0.263240 0.213091 0.216377 0.206019 0.678470 0.421615 0.455919 0.375333 0.477711 0.422243 0.403839 0.488116 0.207696 0.202852 0.154928 0.202778 0.127981 0.170024 0.159855 0.150607 0.269841 0.170561 0.168733 0.149686 0.283033 0.161067 0.197664 0.248709 0.379285 0.414875 0.593338 0.634456 0.278657 0.224420 0.183027 0.219871 0.111250 0.120038 0.388807 0.225238 0.212449 0.298504 0.971188 0.899372 0.346102 0.427656 0.505797 0.553620 0.503720 0.660595 0.362676 0.457947 0.320280 0.438600 0.265838 0.214191 0.475914 0.434917 0.285744 0.178587 0.280979 0.289691 0.782261 0.566265 0.585868 0.313602 0.584946 0.345053 0.333266 0.358407 0.454187 0.987936
0.157771 0.219133 0.207945 0.166892 0.645661 0.501796 0.147695 0.124664 0.383138 0.221171 0.191329 0.161407 0.179974 0.223242 0.248965 0.222817 0.157848 0.147284 0.127928 0.144559 0.373751 0.698669 0.190428 0.365727 0.669624 0.485326 0.946605 0.966504 0.186508 0.144473 0.199968 0.219280 0.126148 0.000000 0.397194 0.577643 0.326188 0.410094 0.576107 0.549665 0.768806 0.446357 0.187379 0.155661 0.265954 0.234558 0.226838 0.208676 0.741837 0.421891 0.480516 0.387254 0.487436 0.434467 0.453003 0.553110 0.216126 0.218204 0.155946 0.216466 0.137120 0.186105 0.163339 0.155164 0.262407 0.162635 0.140390 0.143654 0.330927 0.173484 0.219355 0.246149 0.395938 0.454404 0.559193 0.598775 0.299895 0.223429 0.191780 0.224880 0.127429 0.132459 0.386563 0.240658 0.225768 0.328875 0.991916 0.908566 0.350500 0.467587 0.493104 0.569819 0.492762 0.637478 0.379667 0.410146 0.346819 0.435517 0.274784 0.213668 0.440908 0.427353 0.249243 0.184246 0.300483 0.264135 0.768594 0.539370 0.617724 0.360772 0.570099 0.304101 0.332741 0.345771 0.450560 0.912576
0.471505 0.561123 0.400038 0.344873 0.819626 0.574111 0.427278 0.380305 0.559481 0.411930 0.568685 0.486453 0.516141 0.514710 0.511400 0.510143 0.549614 0.525974 0.464308 0.507789 0.559787 0.846755 0.398945 0.483981 0.564425 0.413725 0.910300 0.953368 0.529922 0.496858 0.430848 0.544931 0.406878 0.397194 0.000000 0.557546 0.484799 0.552733 0.647881 0.752576 0.784285 0.578116 0.439035 0.492090 0.498238 0.475361 0.492371 0.460981 0.728278 0.521780 0.600329 0.503076 0.529764 0.551378 0.483005 0.504527 0.630341 0.566305 0.442498 0.416998 0.448191 0.445741 0.503453 0.484040 0.364048 0.372377 0.363979 0.399825 0.551848 0.430876 0.518578 0.549310 0.457275 0.602039 0.617121 0.808474 0.463166 0.521339 0.488527 0.566800 0.431990 0.372362 0.674054 0.452295 0.364590 0.449654 0.894769 0.964386 0.568855 0.476468 0.549999 0.609995 0.522344 0.652672 0.649664 0.621133 0.513039 0.585445 0.466333 0.422708 0.531402 0.656566 0.498110 0.462561 0.430359 0.489639 0.850290 0.615029 0.779383 0.674569 0.713542 0.435828 0.550890 0.656168 0.603895 0.974567
0.598919 0.611176 0.633262 0.597873 0.861622 0.802638 0.634262 0.568129 0.698767 0.648645 0.647695 0.599055 0.615522 0.608485 0.682828 0.672538 0.623377 0.635860 0.598076 0.619172 0.749922 0.762411 0.590929 0.678284 0.833132 0.758641 0.920852 0.956072 0.647118 0.643057 0.632084 0.653164 0.558685 0.577643 0.557546 0.000000 0.636304 0.502796 0.825669 0.735874 0.853950 0.711400 0.591036 0.656818 0.662488 0.688637 0.700106 0.620779 0.845660 0.736758 0.713166 0.649821 0.701624 0.684099 0.800649 0.814235 0.635085 0.623144 0.596786 0.614357 0.634999 0.644596 0.578720 0.597581 0.696377 0.678495 0.588825 0.588475 0.814965 0.617916 0.629635 0.723231 0.784815 0.828882 0.899303 0.706084 0.656072 0.659935 0.602314 0.708175 0.578175 0.614862 0.625506 0.622124 0.581507 0.642392 0.798699 0.864193 0.683576 0.660686 0.761262 0.778533 0.785609 0.783130 0.696161 0.652420 0.623729 0.527424 0.631745 0.657092 0.700611 0.757346 0.594833 0.539347 0.687914 0.657925 0.818577 0.628925 0.790889 0.742034 0.670781 0.661682 0.686285 0.777108 0.632094 0.892613
0.329911 0.351734 0.347324 0.309431 0.814103 0.587218 0.386123 0.344509 0.456926 0.465219 0.415242 0.341852 0.302417 0.349058 0.306583 0.316412 0.387278 0.354762 0.354045 0.355210 0.433676 0.811481 0.271666 0.382275 0.538492 0.491313 0.938569 0.933576 0.392058 0.336964 0.299242 0.423873 0.354201 0.326188 0.484799 0.636304 0.000000 0.367444 0.544188 0.678200 0.739591 0.464333 0.360642 0.342758 0.400451 0.369059 0.362915 0.305119 0.635881 0.429060 0.479385 0.401983 0.527962 0.539639 0.552102 0.495173 0.403992 0.363279 0.339326 0.346080 0.313296 0.313698 0.362273 0.333383 0.304611 0.344308 0.353144 0.357434 0.505600 0.378127 0.387991 0.389946 0.591022 0.569651 0.620714 0.670842 0.424020 0.388684 0.360207 0.421243 0.332946 0.310464 0.523909 0.340065 0.266474 0.307580 0.919243 0.848607 0.410415 0.356576 0.599968 0.676986 0.563592 0.718114 0.430816 0.510476 0.432587 0.552395 0.404442 0.407760 0.508753 0.614342 0.319159 0.416719 0.358935 0.367407 0.774345 0.562545 0.630186 0.527403 0.780286 0.495342 0.531518 0.572286 0.511453 0.890081
0.377317 0.430122 0.466962 0.457952 0.668259 0.831801 0.461623 0.407766 0.497307 0.489609 0.430680 0.383294 0.340330 0.371847 0.383706 0.376985 0.439894 0.419041 0.384767 0.432422 0.470013 0.820425 0.365399 0.514652 0.758365 0.782523 0.823499 0.897907 0.476077 0.424340 0.475782 0.604113 0.430534 0.410094 0.552733 0.502796 0.367444 0.000000 0.651899 0.704377 0.706914 0.560923 0.423609 0.446350 0.500870 0.464567 0.504029 0.439070 0.712543 0.501465 0.489908 0.479115 0.666249 0.556002 0.651433 0.670153 0.426384 0.439861 0.431703 0.431588 0.341941 0.368941 0.347273 0.336289 0.406439 0.459113 0.464465 0.476211 0.648109 0.498301 0.460910 0.538430 0.664405 0.666087 0.833687 0.727090 0.478861 0.469781 0.486704 0.501204 0.437476 0.466367 0.499725 0.502494 0.360627 0.490101 0.851917 0.927362 0.538974 0.558778 0.589272 0.642127 0.656487 0.738725 0.526188 0.466175 0.560894 0.561461 0.424674 0.458353 0.615538 0.655186 0.354387 0.436795 0.434671 0.427292 0.669606 0.529162 0.531259 0.510066 0.699917 0.593454 0.564481 0.657532 0.393707 0.956098
