0.000000 0.153613 0.611315 0.519285 0.890925 0.716869 0.547387 0.418184 0.627848 0.860761 0.310795 0.225945 0.301433 0.334919 0.523881 0.602372 0.213472 0.208650 0.230054 0.186010 0.613867 0.895055 0.640404 0.560946 0.683327 0.883143 0.584809 0.795017 0.280614 0.297625 0.784520 0.634308 0.311801 0.325733 0.907388 0.937950 0.710810 0.595555 0.966926 0.689700 0.558123 0.633633 0.965536 0.753870 0.919734 0.826765 0.536394 0.632178 0.705992 0.601216 0.699202 0.661125 0.938825 0.756402 0.336351 0.451039 0.159272 0.156750 0.360812 0.305723 0.281029 0.331876 0.213581 0.195120 0.450828 0.423896 0.762080 0.761510 0.282653 0.314754 0.757330 0.563494 0.879647 0.985562 0.767710 0.918021 0.873596 0.933172 0.427454 0.425176 0.222347 0.257708 0.367924 0.279516 0.207108 0.254512 0.870476 0.582815 0.421400 0.265466 0.403465 0.455797 0.364544 0.377973 0.960608 0.944769 0.973292 0.870074 0.849678 0.918814 0.738274 0.746704 0.970549 0.778043 0.876038 0.875011 0.885263 0.880559 0.755894 0.823187 0.826474 0.929548 0.874603 0.996494 0.745041 0.543522
0.153613 0.000000 0.510531 0.431795 0.883424 0.719808 0.532245 0.407787 0.595532 0.796086 0.393007 0.258718 0.361412 0.383542 0.547981 0.583452 0.203868 0.204874 0.229984 0.211747 0.579862 0.931954 0.558148 0.492034 0.588674 0.785707 0.497605 0.836510 0.328377 0.301497 0.684115 0.576810 0.292067 0.302084 0.808131 0.950063 0.606391 0.517043 0.852374 0.689359 0.569876 0.630268 0.880118 0.678321 0.961344 0.793342 0.458881 0.563467 0.713011 0.561029 0.663069 0.603294 0.871494 0.826096 0.308909 0.398841 0.139102 0.143661 0.344314 0.296471 0.322554 0.350330 0.260818 0.213669 0.391299 0.361901 0.661281 0.687467 0.276783 0.275431 0.823982 0.587328 0.848617 0.999314 0.747875 0.876241 0.951693 0.960663 0.396552 0.373987 0.208420 0.268101 0.333731 0.242380 0.207622 0.221397 0.814656 0.547903 0.467042 0.247311 0.362153 0.413670 0.346881 0.343759 0.999416 0.989514 0.976546 0.912783 0.820795 0.935686 0.668968 0.689113 0.982526 0.846607 0.800917 0.816494 0.836025 0.882069 0.794188 0.769690 0.782605 0.938360 0.909346 0.988615 0.695019 0.575668
0.611315 0.510531 0.000000 0.278280 0.838841 0.866942 0.545938 0.634850 0.833718 0.671239 0.820356 0.735609 0.747131 0.717400 0.681761 0.569049 0.540453 0.549266 0.485460 0.562412 0.525945 0.958700 0.367643 0.348166 0.300766 0.354721 0.444660 0.904722 0.764716 0.658092 0.484119 0.560978 0.474609 0.532081 0.498765 0.705070 0.515217 0.619400 0.619011 0.777566 0.720326 0.681791 0.785055 0.666615 0.913733 0.995886 0.550558 0.591783 0.929777 0.834584 0.869206 0.790601 0.821679 0.994142 0.546715 0.647401 0.507103 0.524781 0.650686 0.648026 0.658676 0.729788 0.720839 0.679074 0.298092 0.363581 0.405090 0.561108 0.587261 0.584491 0.854840 0.889120 0.729181 0.815658 0.643252 0.847520 0.780338 0.759903 0.596892 0.690816 0.648844 0.655768 0.469034 0.535742 0.486519 0.390096 0.770753 0.597287 0.802073 0.556697 0.603488 0.591960 0.671895 0.672825 0.962465 0.909168 0.977470 0.961896 0.858446 0.987122 0.775920 0.812995 0.955405 0.977163 0.665746 0.686157 0.759438 0.970963 0.890686 0.784407 0.805974 0.960304 0.976114 0.968199 0.533473 0.905444
0.519285 0.431795 0.278280 0.000000 0.955621 0.945731 0.364776 0.336568 0.956614 0.967011 0.830402 0.594983 0.619627 0.555711 0.637178 0.427536 0.516914 0.531925 0.427276 0.549339 0.562563 0.943158 0.228015 0.279184 0.446536 0.474165 0.531507 0.964154 0.696795 0.592112 0.314135 0.409699 0.340315 0.421048 0.524280 0.745554 0.525902 0.604204 0.763302 0.769902 0.750020 0.693204 0.622339 0.509098 0.894435 0.777278 0.462305 0.472809 0.839280 0.577681 0.566350 0.495156 0.575112 0.759316 0.485089 0.577575 0.427650 0.441320 0.460482 0.394614 0.513839 0.480658 0.584168 0.497343 0.391360 0.299345 0.344177 0.397128 0.655791 0.469025 0.677979 0.999941 0.591089 0.748789 0.618981 0.774490 0.717950 0.698004 0.414786 0.541104 0.581947 0.682413 0.462716 0.542375 0.458828 0.325394 0.879853 0.642486 0.679970 0.458329 0.690805 0.665354 0.698337 0.649919 0.828380 0.848835 0.877291 0.897051 0.962276 0.843610 0.871560 0.960948 0.989938 0.912508 0.594509 0.547122 0.660895 0.870686 0.953902 0.692554 0.732701 0.810055 0.866180 0.889183 0.456531 0.972982
0.890925 0.883424 0.838841 0.955621 0.000000 0.708836 0.847713 0.788627 0.555870 0.530751 0.953396 0.920246 0.818069 0.795180 0.658571 0.701160 0.959064 0.952614 0.948519 0.920067 0.968876 0.844324 0.871376 0.880898 0.721343 0.870572 0.836941 0.871021 0.882403 0.909751 0.794692 0.823566 0.967465 0.900571 0.909831 0.990140 0.775612 0.723776 0.779253 0.992992 0.809880 0.993983 0.938028 0.982823 0.758362 0.835514 0.939562 0.971002 0.870784 0.935068 0.795960 0.809984 0.742935 0.615344 0.993407 0.933756 0.868423 0.907125 0.947498 0.941460 0.831481 0.750707 0.911048 0.936859 0.795907 0.974524 0.981212 0.963061 0.739566 0.868062 0.855659 0.757625 0.739732 0.650508 0.870443 0.879119 0.863922 0.939180 0.942289 0.929384 0.992714 0.946075 0.982924 0.844258 0.918555 0.905819 0.888166 0.843189 0.906448 0.860782 0.733351 0.784682 0.763336 0.738539 0.804537 0.936971 0.918408 0.999154 0.712571 0.866650 0.676512 0.663530 0.782124 0.881977 0.939524 0.893410 0.962059 0.861336 0.943647 0.925049 0.958320 0.895551 0.766401 0.894691 0.942569 0.818434
0.716869 0.719808 0.866942 0.945731 0.708836 0.000000 0.910118 0.968843 0.541509 0.634001 0.676790 0.779195 0.905437 0.895530 0.953727 0.931786 0.744312 0.740134 0.825540 0.744138 0.868858 0.771450 0.863008 0.965609 0.904574 0.896105 0.748946 0.914973 0.807836 0.763319 0.783711 0.939631 0.842918 0.954645 0.987119 0.971581 0.955092 0.907988 0.970392 0.921637 0.769303 0.900286 0.796901 0.850775 0.675607 0.824618 0.971735 0.932501 0.911923 0.882483 0.840696 0.834271 0.746459 0.574060 0.947416 0.990376 0.703872 0.722746 0.884908 0.837508 0.841253 0.897548 0.852436 0.830651 0.680201 0.850378 0.963572 0.871765 0.659963 0.816240 0.669333 0.648920 0.657742 0.596169 0.866726 0.902741 0.674786 0.763553 0.923393 0.968135 0.851265 0.801825 0.792795 0.698055 0.781904 0.808877 0.930736 0.771789 0.893779 0.871129 0.503429 0.619412 0.590734 0.670217 0.704902 0.841515 0.847643 0.829089 0.637138 0.686903 0.704555 0.733275 0.718675 0.846617 0.839131 0.782598 0.889598 0.761635 0.723162 0.940143 0.768949 0.811666 0.707464 0.847889 0.796811 0.787396
0.547387 0.532245 0.545938 0.364776 0.847713 0.910118 0.000000 0.250496 0.959597 0.646470 0.896650 0.651490 0.585194 0.551217 0.672841 0.554367 0.613859 0.625567 0.436824 0.642278 0.680969 0.901935 0.345010 0.521022 0.828564 0.730062 0.806477 0.996849 0.615894 0.689362 0.294618 0.381243 0.335536 0.320739 0.647571 0.905846 0.730753 0.772774 0.936376 0.825613 0.893190 0.642170 0.520716 0.395345 0.563554 0.454423 0.424476 0.400694 0.488766 0.371003 0.322254 0.301988 0.409323 0.584925 0.457306 0.498053 0.494240 0.519694 0.282323 0.316366 0.430444 0.440531 0.425041 0.443888 0.768564 0.594455 0.341574 0.348326 0.838043 0.480505 0.654518 0.976857 0.471385 0.574818 0.686634 0.661360 0.564103 0.611724 0.387570 0.600050 0.578582 0.754289 0.596246 0.749118 0.556506 0.499976 0.800337 0.897377 0.646201 0.520562 0.963022 0.978504 0.945090 0.896937 0.649661 0.702284 0.681009 0.770603 0.546946 0.488043 0.847499 0.707748 0.617306 0.532724 0.538288 0.450029 0.598307 0.772642 0.917648 0.786915 0.646167 0.550632 0.599913 0.571832 0.431724 0.981198
0.418184 0.407787 0.634850 0.336568 0.788627 0.968843 0.250496 0.000000 0.889371 0.643570 0.718591 0.423778 0.419472 0.376602 0.549752 0.392316 0.498986 0.500966 0.410217 0.522601 0.713452 0.967428 0.349166 0.418321 0.874356 0.861908 0.847599 0.979870 0.486034 0.497487 0.367190 0.428467 0.303915 0.328101 0.726191 0.950197 0.760491 0.713888 0.942365 0.807285 0.797818 0.730146 0.619729 0.488262 0.681991 0.533130 0.479412 0.489993 0.526523 0.395017 0.327608 0.309565 0.453873 0.623712 0.441451 0.523451 0.396733 0.393290 0.319224 0.256102 0.304663 0.214697 0.338628 0.289012 0.699508 0.444170 0.497085 0.412233 0.743653 0.423491 0.739638 0.968421 0.516541 0.653923 0.668628 0.719073 0.722789 0.773841 0.354791 0.517451 0.456467 0.645911 0.550166 0.641161 0.472714 0.402291 0.937742 0.797011 0.562153 0.446478 0.843766 0.803201 0.791888 0.688993 0.734399 0.800632 0.824024 0.928745 0.705558 0.664852 0.906785 0.853866 0.805922 0.704751 0.638941 0.599913 0.704984 0.870528 0.926765 0.775304 0.731385 0.648225 0.735077 0.770057 0.542410 0.899863
0.627848 0.595532 0.833718 0.956614 0.555870 0.541509 0.959597 0.889371 0.000000 0.553579 0.680152 0.773588 0.922266 0.907466 0.998153 0.826061 0.604425 0.606095 0.679831 0.623762 0.834247 0.835250 0.883223 0.973864 0.690100 0.843946 0.645469 0.871900 0.743318 0.756023 0.819903 0.924345 0.753587 0.754417 0.970922 0.975175 0.692123 0.744499 0.831343 0.824125 0.731115 0.912274 0.994388 0.879482 0.899452 0.959975 0.728938 0.804701 0.877847 0.834026 0.958758 0.994763 0.859822 0.617875 0.714254 0.585757 0.580867 0.628195 0.710141 0.753793 0.946019 0.972314 0.779030 0.780000 0.705278 0.898199 0.924283 0.965380 0.505485 0.738527 0.697886 0.528613 0.773854 0.698983 0.957719 0.951374 0.795558 0.824133 0.852236 0.765111 0.637436 0.556220 0.670930 0.455296 0.620078 0.704762 0.860531 0.653881 0.704657 0.626400 0.474180 0.657150 0.488671 0.603359 0.843024 0.943379 0.980930 0.977857 0.721670 0.910949 0.603529 0.670793 0.973375 0.961408 0.956167 0.958492 0.915214 0.900109 0.750703 0.905475 0.829152 0.995065 0.850798 0.996516 0.992895 0.716918
0.860761 0.796086 0.671239 0.967011 0.530751 0.634001 0.646470 0.643570 0.553579 0.000000 0.757961 0.951315 0.933123 0.889750 0.995103 0.862898 0.780386 0.782218 0.906753 0.756132 0.756538 0.892330 0.906705 0.928381 0.491593 0.715028 0.589642 0.785969 0.973092 0.876091 0.742660 0.829021 0.956058 0.909328 0.892250 0.825182 0.741706 0.680299 0.627545 0.997340 0.725671 0.940101 0.694589 0.753219 0.457396 0.517397 0.947073 0.855573 0.536298 0.637544 0.485834 0.552701 0.520597 0.419425 0.973891 0.994877 0.828245 0.821278 0.804867 0.814776 0.890422 0.773806 0.879785 0.943599 0.507066 0.785235 0.894050 0.750280 0.546980 0.914031 0.627107 0.617057 0.693960 0.630014 0.993149 0.829975 0.658540 0.772964 0.915946 0.956237 0.874358 0.716332 0.761421 0.598507 0.770897 0.781372 0.614789 0.638308 0.976652 0.864445 0.482506 0.523622 0.594896 0.677895 0.637412 0.845793 0.755411 0.754825 0.362886 0.490017 0.495127 0.447350 0.672131 0.664560 0.867301 0.784125 0.864937 0.677850 0.863980 0.974780 0.899220 0.579805 0.530961 0.697069 0.832116 0.747924
0.310795 0.393007 0.820356 0.830402 0.953396 0.676790 0.896650 0.718591 0.680152 0.757961 0.000000 0.268143 0.284204 0.332883 0.421721 0.639476 0.292764 0.258885 0.444154 0.270447 0.720505 0.802915 0.940944 0.728968 0.839133 0.936122 0.661021 0.723305 0.283227 0.293820 0.881369 0.923426 0.602206 0.564680 0.861157 0.878557 0.896507 0.762714 0.949282 0.788308 0.515537 0.919398 0.655854 0.814931 0.614188 0.802274 0.937521 0.948810 0.951400 0.998093 0.894389 0.931968 0.728080 0.516030 0.563740 0.710775 0.387793 0.349319 0.766894 0.698835 0.346707 0.463938 0.359003 0.364124 0.500301 0.541575 0.851936 0.858265 0.406877 0.617726 0.521428 0.575999 0.887398 0.819360 0.754740 0.899846 0.610853 0.694802 0.723278 0.668540 0.397476 0.324168 0.529482 0.423908 0.365379 0.470329 0.703663 0.695922 0.586655 0.561510 0.418732 0.429487 0.373012 0.451965 0.751400 0.949103 0.735716 0.559954 0.588327 0.624203 0.649761 0.685109 0.813200 0.965573 0.772257 0.804879 0.758625 0.661199 0.651518 0.924680 0.932063 0.799527 0.604800 0.742428 0.991055 0.495642
0.225945 0.258718 0.735609 0.594983 0.920246 0.779195 0.651490 0.423778 0.773588 0.951315 0.268143 0.000000 0.204176 0.207127 0.349456 0.420548 0.221358 0.206951 0.312808 0.240816 0.658909 0.805827 0.638916 0.511645 0.769438 0.966371 0.656940 0.845435 0.257836 0.214029 0.812406 0.661395 0.387437 0.385705 0.907741 0.922162 0.798008 0.699227 0.997450 0.775674 0.593022 0.814988 0.917238 0.900151 0.855399 0.928023 0.688478 0.766268 0.836179 0.715897 0.768428 0.726915 0.949895 0.830137 0.389222 0.561862 0.261788 0.219277 0.529667 0.445130 0.228142 0.242293 0.229164 0.182423 0.480752 0.369265 0.916623 0.847167 0.381082 0.414738 0.733111 0.707358 0.880692 0.964491 0.700191 0.974225 0.845590 0.837209 0.496776 0.439814 0.251186 0.272935 0.364286 0.334962 0.259597 0.294451 0.753210 0.590269 0.438644 0.397922 0.448510 0.452168 0.392006 0.396796 0.902397 0.990098 0.809524 0.697210 0.772111 0.830617 0.727790 0.816358 0.966447 0.890774 0.961188 0.985260 0.992919 0.763343 0.684782 0.907641 0.877128 0.985040 0.768003 0.846308 0.802950 0.581508
0.301433 0.361412 0.747131 0.619627 0.818069 0.905437 0.585194 0.419472 0.922266 0.933123 0.284204 0.204176 0.000000 0.184684 0.256575 0.391805 0.278879 0.271534 0.317000 0.307110 0.701956 0.909625 0.601999 0.542137 0.860440 0.986110 0.709965 0.835761 0.250651 0.275063 0.758183 0.598367 0.412577 0.362976 0.960207 0.900594 0.864312 0.779200 0.868696 0.780069 0.606546 0.829667 0.949313 0.892987 0.902444 0.920440 0.712543 0.819698 0.845358 0.732875 0.770091 0.727149 0.924573 0.898423 0.409865 0.598180 0.366071 0.321699 0.597770 0.520092 0.185182 0.263779 0.221176 0.230755 0.540348 0.403851 0.926512 0.871916 0.516567 0.492994 0.789807 0.802825 0.757444 0.845427 0.635954 0.963640 0.902190 0.923036 0.522606 0.510609 0.316610 0.334744 0.429763 0.462034 0.302889 0.352606 0.825256 0.679191 0.511123 0.487718 0.620230 0.592067 0.529589 0.537331 0.943506 0.996624 0.874235 0.736238 0.891285 0.933866 0.870828 0.980263 0.976721 0.799386 0.964617 0.936724 0.989856 0.818784 0.687726 0.981634 0.904684 0.983278 0.832784 0.871578 0.747019 0.563881
0.334919 0.383542 0.717400 0.555711 0.795180 0.895530 0.551217 0.376602 0.907466 0.889750 0.332883 0.207127 0.184684 0.000000 0.251539 0.303827 0.284061 0.266898 0.316063 0.321441 0.680184 0.829576 0.523365 0.429866 0.820977 0.922705 0.718017 0.827951 0.290806 0.276003 0.699912 0.564119 0.402709 0.356187 0.896180 0.884726 0.866706 0.823185 0.919858 0.797047 0.670056 0.836669 0.999807 0.851691 0.953564 0.875477 0.683098 0.734549 0.811235 0.691109 0.700742 0.668844 0.812930 0.993866 0.395304 0.583165 0.368094 0.320244 0.571276 0.498497 0.220854 0.237256 0.254368 0.230707 0.554292 0.370354 0.856585 0.790761 0.565397 0.533042 0.886286 0.844823 0.715264 0.747906 0.618963 0.873734 0.948405 0.913095 0.496840 0.506167 0.337217 0.345767 0.409758 0.443260 0.314201 0.331318 0.800030 0.605084 0.514305 0.470690 0.622913 0.606615 0.537300 0.559049 0.980095 0.967409 0.846761 0.764398 0.932958 0.986869 0.892012 0.990074 0.931234 0.783574 0.939086 0.853143 0.972550 0.843370 0.677194 0.981615 0.811637 0.945711 0.891944 0.928712 0.706116 0.659647
0.523881 0.547981 0.681761 0.637178 0.658571 0.953727 0.672841 0.549752 0.998153 0.995103 0.421721 0.349456 0.256575 0.251539 0.000000 0.317332 0.385064 0.375670 0.469689 0.444983 0.656649 0.865578 0.535395 0.460081 0.797333 0.860278 0.769736 0.825013 0.374419 0.358244 0.745695 0.659186 0.541091 0.482215 0.887015 0.928089 0.912688 0.958312 0.950651 0.907431 0.776682 0.908688 0.998797 0.900845 0.918808 0.979998 0.792623 0.839834 0.960773 0.841374 0.842083 0.808163 0.872494 0.984605 0.512711 0.701015 0.547563 0.496946 0.785427 0.725712 0.326267 0.402636 0.426403 0.425014 0.522736 0.392064 0.908232 0.893877 0.682253 0.688432 0.854911 0.896368 0.676186 0.719290 0.578212 0.911371 0.985769 0.982699 0.585939 0.610412 0.451999 0.436624 0.479255 0.547638 0.409702 0.452199 0.802706 0.652822 0.693275 0.646889 0.728599 0.693254 0.640337 0.713183 0.988205 0.989090 0.758223 0.717123 0.891275 0.964924 0.851537 0.973930 0.955000 0.870964 0.944218 0.924927 0.968496 0.792125 0.662210 0.939123 0.866593 0.970952 0.878050 0.861635 0.785809 0.738629
0.602372 0.583452 0.569049 0.427536 0.701160 0.931786 0.554367 0.392316 0.826061 0.862898 0.639476 0.420548 0.391805 0.303827 0.317332 0.000000 0.470447 0.465502 0.522213 0.578129 0.617583 0.899315 0.343139 0.296706 0.666276 0.683805 0.721911 0.943302 0.516278 0.400572 0.470682 0.496237 0.469298 0.461434 0.704248 0.904767 0.815669 0.808304 0.944470 0.806441 0.827090 0.900872 0.863845 0.772448 0.958884 0.884472 0.708032 0.690732 0.926142 0.725147 0.670876 0.619760 0.621759 0.727703 0.493395 0.688702 0.557795 0.511542 0.698201 0.628139 0.375993 0.327174 0.498453 0.431331 0.524345 0.287916 0.678954 0.590630 0.795961 0.638292 0.849618 0.919417 0.606233 0.640451 0.516201 0.757623 0.832174 0.894901 0.523409 0.561071 0.550174 0.602907 0.459075 0.608211 0.506890 0.427003 0.735181 0.696544 0.708634 0.630842 0.764225 0.675048 0.710895 0.678290 0.888227 0.921964 0.804117 0.784394 0.969997 0.941203 0.931887 0.980935 0.957551 0.922042 0.810030 0.816965 0.850609 0.925471 0.832817 0.953128 0.830670 0.937975 0.986750 0.967702 0.603686 0.886463
0.213472 0.203868 0.540453 0.516914 0.959064 0.744312 0.613859 0.498986 0.604425 0.780386 0.292764 0.221358 0.278879 0.284061 0.385064 0.470447 0.000000 0.149180 0.239928 0.224230 0.537505 0.847309 0.576137 0.455317 0.562721 0.749449 0.513563 0.783410 0.238954 0.216883 0.740706 0.597643 0.323938 0.314391 0.813422 0.973271 0.690395 0.618155 0.889905 0.686455 0.543557 0.723212 0.960393 0.772820 0.923975 0.865952 0.517590 0.617530 0.804438 0.639616 0.757754 0.694199 0.900225 0.817024 0.290243 0.391465 0.189989 0.176679 0.467857 0.438855 0.292092 0.363489 0.255497 0.226489 0.360146 0.320621 0.730778 0.729085 0.321712 0.383299 0.767190 0.595843 0.854709 0.962895 0.690370 0.875725 0.928056 0.959755 0.450581 0.373635 0.200413 0.211682 0.279936 0.229861 0.194221 0.229687 0.721117 0.539797 0.473672 0.320723 0.378744 0.411558 0.325400 0.393572 0.953561 0.988909 0.928394 0.789903 0.765553 0.898055 0.661219 0.725481 0.944653 0.822165 0.876027 0.854630 0.960351 0.808616 0.629401 0.846145 0.798067 0.995347 0.834103 0.929740 0.701142 0.532036
0.208650 0.204874 0.549266 0.531925 0.952614 0.740134 0.625567 0.500966 0.606095 0.782218 0.258885 0.206951 0.271534 0.266898 0.375670 0.465502 0.149180 0.000000 0.242561 0.203570 0.539519 0.817476 0.603261 0.458738 0.590304 0.763469 0.524743 0.744820 0.236552 0.210880 0.770762 0.613862 0.344057 0.332562 0.846544 0.986994 0.710233 0.616970 0.897645 0.723365 0.570704 0.754985 0.994441 0.818165 0.872130 0.914876 0.578307 0.660516 0.846877 0.683729 0.797415 0.731157 0.943792 0.777201 0.289909 0.448802 0.191411 0.174521 0.497161 0.461363 0.280744 0.343861 0.254514 0.220672 0.347314 0.310477 0.772053 0.788106 0.330680 0.393379 0.735287 0.591401 0.894970 0.966127 0.707862 0.889736 0.881743 0.896654 0.453204 0.412671 0.205423 0.208285 0.287752 0.235751 0.198517 0.232324 0.674519 0.551294 0.497653 0.333749 0.361020 0.384083 0.319234 0.373129 0.972868 0.961796 0.852687 0.757010 0.731959 0.874433 0.645883 0.704983 0.982031 0.884785 0.898270 0.904040 0.956125 0.787707 0.666404 0.913882 0.822117 0.948713 0.799759 0.937483 0.723707 0.522351
0.230054 0.229984 0.485460 0.427276 0.948519 0.825540 0.436824 0.410217 0.679831 0.906753 0.444154 0.312808 0.317000 0.316063 0.469689 0.522213 0.239928 0.242561 0.000000 0.238667 0.578465 0.994624 0.456825 0.435590 0.588094 0.728079 0.552458 0.837333 0.345660 0.377542 0.624787 0.495205 0.268866 0.284034 0.733120 0.998698 0.648264 0.659828 0.960260 0.661407 0.584055 0.609698 0.849663 0.656477 0.991296 0.783398 0.431864 0.530318 0.730384 0.562499 0.652409 0.598557 0.826519 0.894354 0.268515 0.435355 0.221988 0.220257 0.373373 0.360780 0.322665 0.381474 0.267106 0.252685 0.432550 0.387604 0.603032 0.681729 0.366738 0.341210 0.875831 0.702876 0.706489 0.805279 0.707574 0.819855 0.938544 0.944584 0.411554 0.420742 0.261160 0.281999 0.336642 0.299354 0.211165 0.209255 0.813765 0.537664 0.504452 0.291652 0.524251 0.569324 0.479221 0.519162 0.849937 0.884854 0.890420 0.975156 0.987726 0.906997 0.859079 0.872115 0.831872 0.667999 0.710133 0.688421 0.797978 0.905204 0.732058 0.771873 0.685861 0.868002 0.976469 0.899979 0.573857 0.587191
0.186010 0.211747 0.562412 0.549339 0.920067 0.744138 0.642278 0.522601 0.623762 0.756132 0.270447 0.240816 0.307110 0.321441 0.444983 0.578129 0.224230 0.203570 0.238667 0.000000 0.575674 0.855338 0.639460 0.509697 0.631240 0.835295 0.545975 0.764056 0.326943 0.317803 0.822113 0.708357 0.378410 0.362571 0.880576 0.952182 0.733730 0.647202 0.950369 0.736858 0.546452 0.712979 0.939166 0.869202 0.798097 0.985738 0.623122 0.736705 0.870437 0.752530 0.859793 0.808449 0.948197 0.677914 0.370210 0.522659 0.225250 0.213576 0.510328 0.460104 0.332482 0.398820 0.288627 0.265895 0.396473 0.409581 0.831506 0.868047 0.266144 0.389558 0.698337 0.612117 0.909753 0.997596 0.753373 0.923606 0.854563 0.919559 0.481254 0.482417 0.259623 0.225642 0.377243 0.276710 0.215697 0.265276 0.772915 0.541047 0.498260 0.330003 0.403696 0.447710 0.381562 0.423372 0.941706 0.977604 0.918779 0.804805 0.754337 0.837173 0.684810 0.705930 0.961381 0.850668 0.899570 0.936148 0.960582 0.787678 0.785087 0.901608 0.913997 0.998566 0.795232 0.882169 0.769811 0.542313
0.613867 0.579862 0.525945 0.562563 0.968876 0.868858 0.680969 0.713452 0.834247 0.756538 0.720505 0.658909 0.701956 0.680184 0.656649 0.617583 0.537505 0.539519 0.578465 0.575674 0.000000 0.880053 0.589936 0.554916 0.554999 0.609127 0.636844 0.908366 0.683319 0.616147 0.648423 0.654668 0.493049 0.602146 0.811825 0.933349 0.729916 0.794946 0.924797 0.863329 0.730581 0.807715 0.913390 0.817914 0.972351 0.962672 0.711752 0.679384 0.971899 0.823395 0.890991 0.818873 0.878871 0.965604 0.554827 0.684891 0.574789 0.577164 0.681442 0.734644 0.659048 0.715848 0.656624 0.642867 0.507156 0.534633 0.619921 0.734575 0.606000 0.685941 0.988369 0.787302 0.801435 0.837391 0.720625 0.840791 0.909954 0.969866 0.622946 0.540166 0.601042 0.612189 0.508778 0.561377 0.555266 0.513248 0.825494 0.770970 0.848729 0.643776 0.615849 0.644288 0.679624 0.785182 0.948803 0.831521 0.989580 0.873967 0.850076 0.964289 0.784157 0.908103 0.945221 0.884026 0.748868 0.793389 0.953425 0.857457 0.821500 0.868384 0.813087 0.999907 0.890354 0.908503 0.680859 0.825384
0.895055 0.931954 0.958700 0.943158 0.844324 0.771450 0.901935 0.967428 0.835250 0.892330 0.802915 0.805827 0.909625 0.829576 0.865578 0.899315 0.847309 0.817476 0.994624 0.855338 0.880053 0.000000 0.892003 0.991285 0.934903 0.933103 0.896021 0.830440 0.820328 0.736789 0.878458 0.885810 0.971929 0.999492 0.954682 0.973315 0.892855 0.874716 0.984652 0.877800 0.984814 0.858434 0.780675 0.819741 0.814275 0.876880 0.897877 0.955748 0.857255 0.889211 0.873293 0.887634 0.899085 0.860194 0.921849 0.984320 0.886181 0.870475 0.959806 0.998308 0.892975 0.920226 0.875024 0.897191 0.935832 0.887500 0.823266 0.961490 0.967021 0.886879 0.797458 0.899819 0.896352 0.811631 0.983850 0.991978 0.831045 0.860455 0.945116 0.944506 0.897512 0.888300 0.869546 0.901474 0.943419 0.954642 0.877271 0.952626 0.924661 0.993073 0.783631 0.748311 0.767895 0.746893 0.680399 0.982509 0.836168 0.787110 0.741236 0.834271 0.879980 0.917993 0.749962 0.797294 0.880438 0.704763 0.903651 0.943985 0.822272 0.680260 0.942735 0.856340 0.740796 0.780063 0.783421 0.819672
0.640404 0.558148 0.367643 0.228015 0.871376 0.863008 0.345010 0.349166 0.883223 0.906705 0.940944 0.638916 0.601999 0.523365 0.535395 0.343139 0.576137 0.603261 0.456825 0.639460 0.589936 0.892003 0.000000 0.264724 0.502594 0.472258 0.672785 0.949032 0.731235 0.659016 0.246960 0.380362 0.374561 0.422309 0.467066 0.810796 0.655529 0.761818 0.851456 0.861004 0.881897 0.705458 0.519787 0.430931 0.739350 0.677484 0.425862 0.424979 0.769338 0.532007 0.486543 0.428125 0.468198 0.573279 0.468115 0.579042 0.556306 0.547405 0.530727 0.499878 0.541590 0.500200 0.608232 0.532695 0.517537 0.349847 0.356422 0.391204 0.793552 0.540540 0.592651 0.867999 0.426917 0.504384 0.616093 0.658266 0.562703 0.650860 0.411330 0.524610 0.595382 0.683374 0.494811 0.634568 0.491174 0.368036 0.922205 0.637217 0.752112 0.520533 0.885408 0.837016 0.867039 0.829949 0.734795 0.793114 0.900726 0.863154 0.798094 0.668930 0.996755 0.882487 0.803863 0.815091 0.475807 0.470236 0.642992 0.868675 0.987697 0.758284 0.698954 0.752222 0.765066 0.808160 0.404255 0.980249
0.560946 0.492034 0.348166 0.279184 0.880898 0.965609 0.521022 0.418321 0.973864 0.928381 0.728968 0.511645 0.542137 0.429866 0.460081 0.296706 0.455317 0.458738 0.435590 0.509697 0.554916 0.991285 0.264724 0.000000 0.447310 0.481235 0.615412 0.904525 0.617941 0.468647 0.442354 0.522742 0.405493 0.462115 0.539483 0.834510 0.637480 0.693456 0.778146 0.852185 0.786737 0.748236 0.771431 0.668889 0.970270 0.890126 0.521057 0.559406 0.955848 0.700853 0.682393 0.624022 0.642121 0.781915 0.455339 0.620799 0.475864 0.460222 0.632794 0.588277 0.489438 0.447176 0.580592 0.490796 0.383129 0.250524 0.472809 0.523858 0.641807 0.574353 0.793666 0.907952 0.620082 0.635015 0.658247 0.754236 0.840009 0.828238 0.507945 0.545554 0.525114 0.556747 0.400734 0.491506 0.438686 0.323986 0.726827 0.519005 0.670680 0.508468 0.706303 0.619486 0.692953 0.682867 0.871281 0.859313 0.969333 0.954282 0.948956 0.908605 0.909371 0.920166 0.927422 0.911307 0.674770 0.666523 0.840378 0.941799 0.810467 0.848896 0.788873 0.928423 0.997397 0.985090 0.548305 0.948622
0.683327 0.588674 0.300766 0.446536 0.721343 0.904574 0.828564 0.874356 0.690100 0.491593 0.839133 0.769438 0.860440 0.820977 0.797333 0.666276 0.562721 0.590304 0.588094 0.631240 0.554999 0.934903 0.502594 0.447310 0.000000 0.256727 0.401282 0.860686 0.882266 0.718435 0.671518 0.680173 0.590916 0.656919 0.505898 0.740517 0.450988 0.580532 0.508437 0.773219 0.719892 0.684972 0.886131 0.777253 0.805568 0.861921 0.607592 0.680350 0.806513 0.930707 0.966699 0.942236 0.969296 0.881648 0.641557 0.674274 0.588539 0.588914 0.815411 0.809660 0.855005 0.899774 0.855405 0.768282 0.308081 0.422333 0.573823 0.703207 0.529781 0.697320 0.921934 0.812849 0.905982 0.957121 0.712885 0.911623 0.966823 0.864202 0.711512 0.678857 0.683993 0.618917 0.470904 0.430886 0.516362 0.435139 0.640788 0.499440 0.788370 0.587403 0.495248 0.513958 0.542418 0.598779 0.934143 0.971529 0.918579 0.933186 0.660657 0.842172 0.636294 0.653525 0.931754 0.906200 0.726702 0.736099 0.851788 0.841991 0.967347 0.779400 0.936588 0.873291 0.844139 0.903249 0.613451 0.887616
0.883143 0.785707 0.354721 0.474165 0.870572 0.896105 0.730062 0.861908 0.843946 0.715028 0.936122 0.966371 0.986110 0.922705 0.860278 0.683805 0.749449 0.763469 0.728079 0.835295 0.609127 0.933103 0.472258 0.481235 0.256727 0.000000 0.552478 0.900406 0.990077 0.869562 0.549841 0.665621 0.655715 0.687220 0.443726 0.727568 0.492603 0.655131 0.581905 0.832990 0.903845 0.664249 0.728629 0.665721 0.984692 0.987296 0.594215 0.632834 0.882525 0.869477 0.908493 0.818718 0.784675 0.865768 0.657233 0.674449 0.769832 0.775611 0.850251 0.878986 0.967442 0.974297 0.961802 0.902787 0.487936 0.522674 0.475267 0.587483 0.765218 0.763993 0.723906 0.973029 0.780824 0.779979 0.721456 0.815259 0.792705 0.693111 0.739318 0.793759 0.833432 0.816257 0.575752 0.620905 0.687186 0.567573 0.676927 0.669894 0.861145 0.713839 0.763614 0.751764 0.796517 0.804360 0.945707 0.830807 0.980109 0.945005 0.907458 0.937859 0.870421 0.923867 0.996636 0.995620 0.600341 0.614705 0.762771 0.979167 0.972115 0.808437 0.968456 0.984149 0.983447 0.932470 0.572343 0.981405
0.584809 0.497605 0.444660 0.531507 0.836941 0.748946 0.806477 0.847599 0.645469 0.589642 0.661021 0.656940 0.709965 0.718017 0.769736 0.721911 0.513563 0.524743 0.552458 0.545975 0.636844 0.896021 0.672785 0.615412 0.401282 0.552478 0.000000 0.855726 0.749857 0.633689 0.716071 0.694657 0.604874 0.555231 0.699142 0.677605 0.497978 0.622528 0.675183 0.750380 0.673931 0.704624 0.954421 0.925753 0.740018 0.857608 0.740806 0.841114 0.869753 0.944036 0.970320 0.944094 0.950805 0.735997 0.610864 0.707225 0.517066 0.524460 0.770160 0.740161 0.710729 0.787626 0.709188 0.660838 0.385830 0.513288 0.726816 0.861708 0.492128 0.659743 0.888614 0.679472 0.981689 0.899114 0.685770 0.966855 0.925000 0.994293 0.689379 0.647271 0.667732 0.585508 0.522537 0.483566 0.475590 0.468822 0.709074 0.640742 0.792642 0.608998 0.419227 0.506183 0.493488 0.603592 0.909572 0.891576 0.831783 0.901483 0.636638 0.728488 0.489612 0.707847 0.868200 0.970267 0.920493 0.854295 0.936075 0.738548 0.935875 0.849540 0.866083 0.853921 0.785946 0.867542 0.762086 0.863082
0.795017 0.836510 0.904722 0.964154 0.871021 0.914973 0.996849 0.979870 0.871900 0.785969 0.723305 0.845435 0.835761 0.827951 0.825013 0.943302 0.783410 0.744820 0.837333 0.764056 0.908366 0.830440 0.949032 0.904525 0.860686 0.900406 0.855726 0.000000 0.832650 0.841997 0.880758 0.950118 0.927163 0.915682 0.914648 0.865770 0.988416 0.887590 0.910332 0.898935 0.944555 0.830589 0.913850 0.987088 0.801355 0.893944 0.989377 0.936941 0.948826 0.930625 0.907259 0.915755 0.886556 0.744304 0.917559 0.953508 0.799431 0.774123 0.981064 0.979581 0.866673 0.952325 0.849995 0.855894 0.771000 0.848132 0.909200 0.825383 0.769559 0.887984 0.853168 0.767518 0.932071 0.950018 0.965994 0.936936 0.861976 0.820582 0.832781 0.860983 0.805824 0.717543 0.883255 0.835201 0.739525 0.788813 0.978573 0.904981 0.991525 0.785841 0.782615 0.796998 0.817579 0.898549 0.950471 0.806346 0.857389 0.831797 0.853565 0.866040 0.703474 0.903834 0.926991 0.954836 0.967240 0.848857 0.900220 0.800450 0.934775 0.806764 0.879223 0.829665 0.914292 0.870711 0.974675 0.772422
0.280614 0.328377 0.764716 0.696795 0.882403 0.807836 0.615894 0.486034 0.743318 0.973092 0.283227 0.257836 0.250651 0.290806 0.374419 0.516278 0.238954 0.236552 0.345660 0.326943 0.683319 0.820328 0.731235 0.617941 0.882266 0.990077 0.749857 0.832650 0.000000 0.226996 0.861960 0.703096 0.422803 0.403906 0.999717 0.904109 0.873199 0.755570 0.905857 0.708844 0.629100 0.807902 0.985353 0.827953 0.982593 0.790668 0.647082 0.716154 0.694142 0.627899 0.717937 0.684674 0.889774 0.892451 0.367451 0.491382 0.310652 0.289421 0.517756 0.476709 0.266841 0.343276 0.247028 0.265160 0.574269 0.491183 0.867252 0.814633 0.495502 0.453151 0.762773 0.682813 0.869798 0.933551 0.755262 0.893377 0.940063 0.941626 0.512812 0.487868 0.271720 0.317610 0.413984 0.427189 0.329154 0.414555 0.814818 0.721544 0.533297 0.460693 0.579136 0.596162 0.476468 0.537502 0.976484 0.959644 0.967185 0.756020 0.902629 0.966273 0.846139 0.875761 0.879237 0.754646 0.984727 0.968645 0.966273 0.872828 0.595851 0.960569 0.820666 0.963107 0.911899 0.980739 0.818516 0.574128
0.297625 0.301497 0.658092 0.592112 0.909751 0.763319 0.689362 0.497487 0.756023 0.876091 0.293820 0.214029 0.275063 0.276003 0.358244 0.400572 0.216883 0.210880 0.377542 0.317803 0.616147 0.736789 0.659016 0.468647 0.718435 0.869562 0.633689 0.841997 0.226996 0.000000 0.786587 0.659751 0.440554 0.433060 0.944993 0.972563 0.755226 0.615714 0.924072 0.718887 0.597669 0.831929 0.900922 0.931844 0.865813 0.948949 0.674303 0.763708 0.901074 0.739989 0.817147 0.752774 0.920619 0.862471 0.373237 0.573647 0.286277 0.250587 0.582726 0.519082 0.259510 0.306520 0.292392 0.261428 0.433781 0.330447 0.857463 0.798043 0.452132 0.428543 0.758271 0.703513 0.906669 0.985473 0.699630 0.941513 0.822378 0.841845 0.543821 0.468080 0.288102 0.337133 0.338463 0.369886 0.326380 0.349720 0.680108 0.638403 0.531126 0.462210 0.419147 0.377292 0.363350 0.382898 0.844381 0.951937 0.816866 0.679841 0.697820 0.792765 0.746271 0.709658 0.955322 0.950611 0.969613 0.991580 0.968211 0.749154 0.653207 0.961941 0.842799 0.921007 0.746879 0.917125 0.814384 0.622974
0.784520 0.684115 0.484119 0.314135 0.794692 0.783711 0.294618 0.367190 0.819903 0.742660 0.881369 0.812406 0.758183 0.699912 0.745695 0.470682 0.740706 0.770762 0.624787 0.822113 0.648423 0.878458 0.246960 0.442354 0.671518 0.549841 0.716071 0.880758 0.861960 0.786587 0.000000 0.326786 0.447494 0.438685 0.531961 0.686668 0.685563 0.728950 0.929795 0.856808 0.929153 0.755967 0.463530 0.400671 0.567667 0.542554 0.454801 0.426145 0.672185 0.461162 0.400141 0.342316 0.353470 0.427935 0.535846 0.591846 0.667307 0.685274 0.498893 0.511962 0.637167 0.564712 0.675705 0.634577 0.741151 0.529026 0.302202 0.285395 0.988248 0.604760 0.477671 0.801217 0.394018 0.531134 0.679814 0.621028 0.450397 0.553601 0.448028 0.582777 0.733931 0.905804 0.652877 0.822739 0.702872 0.567927 0.936633 0.861691 0.832747 0.650182 0.994996 0.955988 0.989531 0.939624 0.636881 0.806115 0.788465 0.771078 0.646407 0.549693 0.939993 0.799131 0.752256 0.791313 0.473383 0.429424 0.607762 0.770440 0.878573 0.745350 0.699999 0.662879 0.595660 0.677077 0.430537 0.880910
0.634308 0.576810 0.560978 0.409699 0.823566 0.939631 0.381243 0.428467 0.924345 0.829021 0.923426 0.661395 0.598367 0.564119 0.659186 0.496237 0.597643 0.613862 0.495205 0.708357 0.654668 0.885810 0.380362 0.522742 0.680173 0.665621 0.694657 0.950118 0.703096 0.659751 0.326786 0.000000 0.412388 0.389888 0.658666 0.732038 0.657802 0.715966 0.953092 0.781658 0.889454 0.786290 0.559073 0.460061 0.676885 0.590771 0.431731 0.398437 0.674839 0.458704 0.475805 0.413464 0.440110 0.615070 0.487165 0.566038 0.568248 0.577509 0.466063 0.472572 0.551111 0.520396 0.541773 0.517240 0.694618 0.480703 0.458383 0.413238 0.838274 0.614677 0.679358 0.993452 0.551066 0.624982 0.692044 0.694033 0.694393 0.765558 0.467004 0.488020 0.563908 0.680956 0.479786 0.637650 0.548276 0.470507 0.979223 0.774344 0.670641 0.559789 0.839947 0.839443 0.817070 0.798574 0.747519 0.890775 0.927575 0.808180 0.755538 0.634802 0.979891 0.866650 0.682371 0.770674 0.612624 0.462196 0.655292 0.872756 0.978589 0.809395 0.577525 0.796145 0.699597 0.737658 0.485406 0.951643
0.311801 0.292067 0.474609 0.340315 0.967465 0.842918 0.335536 0.303915 0.753587 0.956058 0.602206 0.387437 0.412577 0.402709 0.541091 0.469298 0.323938 0.344057 0.268866 0.378410 0.493049 0.971929 0.374561 0.405493 0.590916 0.655715 0.604874 0.927163 0.422803 0.440554 0.447494 0.412388 0.000000 0.246384 0.633714 0.895311 0.674672 0.653577 0.970943 0.809966 0.736487 0.705205 0.684775 0.507200 0.805095 0.645361 0.375629 0.424440 0.627216 0.457508 0.490026 0.441470 0.629183 0.867187 0.320021 0.379026 0.262969 0.277409 0.295622 0.278645 0.338872 0.347117 0.305286 0.274706 0.489300 0.375062 0.424240 0.466839 0.499872 0.335526 0.943856 0.841516 0.582559 0.765341 0.656552 0.679077 0.802981 0.858035 0.310838 0.372467 0.328094 0.429312 0.343832 0.391031 0.283294 0.255451 0.998802 0.600410 0.537004 0.341431 0.604892 0.634364 0.592895 0.606915 0.853102 0.832933 0.848773 0.994816 0.897252 0.776619 0.898578 0.989533 0.822700 0.703689 0.574026 0.563769 0.723569 0.936730 0.813506 0.749151 0.697748 0.759471 0.864645 0.801053 0.499677 0.728060
0.325733 0.302084 0.532081 0.421048 0.900571 0.954645 0.320739 0.328101 0.754417 0.909328 0.564680 0.385705 0.362976 0.356187 0.482215 0.461434 0.314391 0.332562 0.284034 0.362571 0.602146 0.999492 0.422309 0.462115 0.656919 0.687220 0.555231 0.915682 0.403906 0.433060 0.438685 0.389888 0.246384 0.000000 0.695493 0.883204 0.637748 0.617921 0.937202 0.758683 0.705813 0.649462 0.704380 0.527458 0.778748 0.607150 0.371885 0.479929 0.591210 0.439740 0.485555 0.431666 0.593809 0.853699 0.313689 0.308736 0.285848 0.303321 0.319239 0.324487 0.322765 0.348260 0.259883 0.259483 0.564398 0.421372 0.506187 0.509556 0.534497 0.374612 0.934512 0.813354 0.590041 0.728881 0.668056 0.746081 0.812266 0.813208 0.364386 0.429883 0.317831 0.412548 0.400373 0.414385 0.313572 0.310765 0.985259 0.643171 0.481448 0.339170 0.623133 0.668946 0.574883 0.584843 0.840313 0.938279 0.887377 0.981688 0.872626 0.753037 0.867017 0.974230 0.749204 0.635965 0.702420 0.603193 0.691281 0.968848 0.850468 0.857582 0.722038 0.755354 0.851089 0.835586 0.534953 0.765179
0.907388 0.808131 0.498765 0.524280 0.909831 0.987119 0.647571 0.726191 0.970922 0.892250 0.861157 0.907741 0.960207 0.896180 0.887015 0.704248 0.813422 0.846544 0.733120 0.880576 0.811825 0.954682 0.467066 0.539483 0.505898 0.443726 0.699142 0.914648 0.999717 0.944993 0.531961 0.658666 0.633714 0.695493 0.000000 0.827422 0.643545 0.789394 0.742377 0.969463 0.884643 0.729536 0.648499 0.600033 0.872124 0.854072 0.597391 0.619884 0.964449 0.778130 0.748214 0.732399 0.709927 0.752318 0.735904 0.726945 0.809939 0.815446 0.783277 0.799315 0.923365 0.852581 0.936664 0.849531 0.638555 0.609670 0.484255 0.583471 0.839340 0.739782 0.764065 0.852309 0.698315 0.727412 0.735256 0.725948 0.601292 0.682902 0.737931 0.812024 0.837214 0.854385 0.698859 0.744558 0.723827 0.610590 0.826976 0.731316 0.807030 0.729907 0.948505 0.916691 0.988213 0.927960 0.817683 0.830068 0.949680 0.987454 0.911405 0.750102 0.951492 0.953434 0.868202 0.879985 0.528432 0.682806 0.682602 0.936235 0.967697 0.763710 0.728281 0.838972 0.857939 0.971593 0.646371 0.930676
0.937950 0.950063 0.705070 0.745554 0.990140 0.971581 0.905846 0.950197 0.975175 0.825182 0.878557 0.922162 0.900594 0.884726 0.928089 0.904767 0.973271 0.986994 0.998698 0.952182 0.933349 0.973315 0.810796 0.834510 0.740517 0.727568 0.677605 0.865770 0.904109 0.972563 0.686668 0.732038 0.895311 0.883204 0.827422 0.000000 0.760936 0.648601 0.807580 0.901560 0.950970 0.979572 0.911135 0.857595 0.958502 0.998818 0.903808 0.860411 0.847365 0.975415 0.974548 0.904223 0.838730 0.856190 0.931150 0.922711 0.926216 0.965594 0.975947 0.957090 0.962655 0.968696 0.915673 0.978397 0.814896 0.782052 0.733118 0.726368 0.913733 0.938950 0.827276 0.839277 0.848000 0.956908 0.875951 0.941421 0.996718 0.820977 0.962357 0.870897 0.981029 0.946842 0.850023 0.952591 0.947731 0.855278 0.985188 0.977781 0.873232 0.940574 0.858631 0.827392 0.902145 0.906606 0.971973 0.853016 0.911077 0.823400 0.927077 0.958636 0.815333 0.886133 0.970386 0.852291 0.970094 0.887058 0.943851 0.994926 0.870599 0.978894 0.992489 0.904276 0.991186 0.990528 0.834579 0.795545
0.710810 0.606391 0.515217 0.525902 0.775612 0.955092 0.730753 0.760491 0.692123 0.741706 0.896507 0.798008 0.864312 0.866706 0.912688 0.815669 0.690395 0.710233 0.648264 0.733730 0.729916 0.892855 0.655529 0.637480 0.450988 0.492603 0.497978 0.988416 0.873199 0.755226 0.685563 0.657802 0.674672 0.637748 0.643545 0.760936 0.000000 0.493684 0.661494 0.686316 0.633644 0.699885 0.866216 0.752581 0.911627 0.990860 0.629826 0.757954 0.955637 0.817648 0.876426 0.789977 0.869169 0.996582 0.662335 0.638533 0.643531 0.640484 0.701465 0.705444 0.841413 0.848377 0.776143 0.740535 0.601152 0.630331 0.641247 0.730759 0.668687 0.630031 0.832775 0.902526 0.903119 0.991240 0.715665 0.920496 0.963836 0.932704 0.779739 0.763378 0.744819 0.796960 0.645229 0.581212 0.657792 0.580102 0.726947 0.771378 0.787634 0.672358 0.565562 0.631640 0.590040 0.598969 0.962977 0.953262 0.955101 0.961948 0.811293 0.947343 0.719479 0.805605 0.994011 0.896637 0.772719 0.717533 0.921403 0.881708 0.977087 0.828727 0.881289 0.970630 0.946878 0.990089 0.769399 0.954132
0.595555 0.517043 0.619400 0.604204 0.723776 0.907988 0.772774 0.713888 0.744499 0.680299 0.762714 0.699227 0.779200 0.823185 0.958312 0.808304 0.618155 0.616970 0.659828 0.647202 0.794946 0.874716 0.761818 0.693456 0.580532 0.655131 0.622528 0.887590 0.755570 0.615714 0.728950 0.715966 0.653577 0.617921 0.789394 0.648601 0.493684 0.000000 0.611215 0.714812 0.633036 0.758227 0.957178 0.878684 0.813044 0.968245 0.712469 0.800475 0.927520 0.861032 0.934124 0.827965 0.942851 0.884796 0.666395 0.676803 0.527558 0.521677 0.693382 0.659133 0.716764 0.720493 0.686870 0.607060 0.607538 0.575993 0.786724 0.756453 0.612365 0.494391 0.985307 0.826875 0.998431 0.848488 0.806208 0.974719 0.902755 0.914182 0.765707 0.739149 0.631417 0.732187 0.610263 0.556758 0.653269 0.548845 0.759802 0.799168 0.690491 0.559085 0.496579 0.464581 0.538371 0.432115 0.869454 0.996866 0.990940 0.867458 0.692293 0.809245 0.770118 0.654900 0.907294 0.878472 0.981331 0.944254 0.889254 0.851189 0.984716 0.953816 0.913730 0.831015 0.811297 0.870161 0.871356 0.736974
