0.000000 0.269965 0.702511 0.479686 0.748263 0.752877 0.758416 0.703512 0.953258 0.935399 0.381834 0.380202 0.309296 0.408978 0.510021 0.466890 0.342631 0.391950 0.444817 0.456855 0.670744 0.941178 0.687681 0.606823 0.721769 0.892180 0.735622 0.865865 0.513918 0.566466 0.968104 0.923752 0.539134 0.596906 0.938651 0.715765 0.602606 0.721032 0.602246 0.683494 0.824178 0.761502 0.741995 0.702420 0.799171 0.679840 0.377429 0.418839 0.418550 0.408614 0.646826 0.571365 0.889779 0.850628 0.546307 0.510232 0.305008 0.228059 0.313792 0.311839 0.371372 0.490955 0.336382 0.347513 0.530598 0.364754 0.889185 0.862215 0.444066 0.411050 0.894462 0.945328 0.856910 0.754215 0.716519 0.831875 0.699366 0.751211 0.450169 0.521812 0.308389 0.352335 0.563181 0.408585 0.454620 0.459641 0.880052 0.934150 0.549845 0.493653 0.992507 0.979886 0.971101 0.957463 0.742955 0.797539 0.789574 0.924085 0.691234 0.742876 0.954493 0.972094 0.921161 0.885582 0.608549 0.620141 0.904141 0.988564 0.866278 0.873139 0.880537 0.637098 0.843569 0.922081 0.763906 0.935657
0.269965 0.000000 0.697107 0.425201 0.840759 0.685107 0.611915 0.585162 0.837110 0.829330 0.363588 0.365117 0.426380 0.381278 0.605645 0.428379 0.291786 0.311842 0.403023 0.337200 0.602792 0.865564 0.667516 0.536087 0.747607 0.842918 0.827395 0.867220 0.372532 0.416768 0.752122 0.652815 0.431463 0.449952 0.995523 0.763244 0.606648 0.710739 0.661681 0.699251 0.851957 0.664343 0.537949 0.512545 0.608367 0.534333 0.421769 0.403971 0.380292 0.370686 0.477492 0.437760 0.695585 0.976990 0.638347 0.458131 0.262086 0.237189 0.396221 0.383566 0.354441 0.459951 0.303370 0.291509 0.631466 0.414556 0.751846 0.681138 0.550121 0.467183 0.713103 0.751980 0.701092 0.579520 0.736612 0.846385 0.608790 0.625508 0.446243 0.475720 0.316642 0.427025 0.500455 0.472998 0.567062 0.479860 0.992508 0.898074 0.655809 0.503483 0.904399 0.954491 0.866274 0.943999 0.742188 0.790467 0.825300 0.918735 0.593036 0.627769 0.938675 0.970682 0.769748 0.835818 0.564521 0.584702 0.930083 0.941939 0.806561 0.921900 0.850575 0.613278 0.751616 0.812760 0.744129 0.911594
0.702511 0.697107 0.000000 0.472717 0.527418 0.745956 0.502538 0.692547 0.631463 0.715914 0.816002 0.828150 0.611534 0.799251 0.608388 0.592427 0.756902 0.691447 0.481305 0.613567 0.557324 0.869114 0.419439 0.606010 0.526215 0.527811 0.991755 0.926774 0.616789 0.669308 0.603674 0.684994 0.479596 0.567726 0.713372 0.918516 0.543957 0.891551 0.652200 0.800171 0.740382 0.814249 0.601694 0.678223 0.636419 0.684772 0.658893 0.693991 0.711256 0.775087 0.778088 0.800470 0.777973 0.978133 0.684196 0.817074 0.738221 0.701773 0.726412 0.721381 0.473787 0.777933 0.750582 0.736717 0.467551 0.614395 0.549811 0.627844 0.878107 0.609679 0.707025 0.772055 0.707814 0.680860 0.971447 0.805427 0.648340 0.648232 0.848927 0.667230 0.768346 0.728001 0.784005 0.847608 0.679809 0.771987 0.951169 0.927735 0.827469 0.739119 0.739512 0.735437 0.742911 0.762910 0.913249 0.625071 0.895856 0.797024 0.654621 0.557016 0.868690 0.778071 0.846106 0.894621 0.746905 0.654255 0.864710 0.789438 0.938634 0.942906 0.775456 0.683728 0.538442 0.746130 0.856156 0.950690
0.479686 0.425201 0.472717 0.000000 0.704163 0.466714 0.384143 0.338902 0.593860 0.543672 0.552496 0.384038 0.518128 0.383066 0.657383 0.413189 0.495168 0.466512 0.379746 0.332578 0.569990 0.920400 0.448708 0.413824 0.685887 0.597070 0.951880 0.913932 0.445979 0.421636 0.505505 0.561828 0.354679 0.382705 0.775951 0.898735 0.647605 0.738821 0.679783 0.822869 0.771241 0.858233 0.482844 0.567757 0.510317 0.568003 0.440454 0.507341 0.582863 0.564480 0.544298 0.561490 0.651723 0.814954 0.585159 0.589606 0.567086 0.542268 0.594613 0.561465 0.303284 0.358782 0.422278 0.369142 0.656100 0.295851 0.500060 0.524930 0.796008 0.515149 0.610920 0.677824 0.639233 0.576756 0.742245 0.585265 0.560676 0.544842 0.677474 0.527405 0.584963 0.521285 0.635002 0.731091 0.697620 0.624975 0.995377 0.983490 0.755124 0.632563 0.622150 0.782002 0.614597 0.837795 0.735682 0.565373 0.702408 0.764670 0.454287 0.462011 0.640384 0.733432 0.676121 0.771195 0.545670 0.601658 0.935257 0.892461 0.709518 0.908965 0.742625 0.608969 0.599185 0.711735 0.643999 0.882200
0.748263 0.840759 0.527418 0.704163 0.000000 0.801539 0.834144 0.857015 0.903210 0.913685 0.915314 0.860594 0.561786 0.804693 0.546977 0.595580 0.907189 0.856201 0.761133 0.906239 0.784462 0.957195 0.529974 0.621561 0.638146 0.792115 0.667789 0.870933 0.864208 0.833409 0.956448 0.974617 0.736720 0.923130 0.842452 0.820811 0.832663 0.918960 0.924121 0.665349 0.786661 0.898364 0.869927 0.914627 0.921354 0.863811 0.728733 0.780948 0.643047 0.818671 0.942229 0.909637 0.918365 0.798727 0.658912 0.832583 0.932260 0.761640 0.788019 0.737076 0.642623 0.792044 0.824605 0.799897 0.475651 0.636112 0.964201 0.956412 0.779211 0.646181 0.909861 0.829501 0.844691 0.993674 0.891020 0.961578 0.873581 0.903599 0.956520 0.728646 0.794917 0.705508 0.795876 0.725697 0.525477 0.666510 0.627217 0.885093 0.607737 0.642428 0.965057 0.926627 0.955298 0.972754 0.902262 0.994944 0.987810 0.958686 0.979803 0.880556 0.807889 0.995590 0.929557 0.916647 0.996870 0.876160 0.815303 0.926849 0.971802 0.883590 0.867829 0.974453 0.706156 0.955239 0.941264 0.968914
0.752877 0.685107 0.745956 0.466714 0.801539 0.000000 0.584334 0.514490 0.687163 0.622053 0.741898 0.571113 0.826164 0.568682 0.869600 0.567981 0.725497 0.684235 0.681811 0.577746 0.728844 0.945339 0.709734 0.666843 0.848806 0.785070 0.861371 0.925006 0.692275 0.629606 0.557595 0.648802 0.521549 0.634341 0.798561 0.789357 0.831699 0.840975 0.911221 0.887383 0.715119 0.966551 0.649821 0.679960 0.718654 0.756839 0.757447 0.747384 0.812934 0.724964 0.649678 0.680574 0.694594 0.762016 0.719553 0.817665 0.771120 0.833533 0.860578 0.760836 0.643333 0.571281 0.737254 0.581103 0.927901 0.543177 0.748790 0.627775 0.971737 0.756318 0.722470 0.751343 0.683406 0.707227 0.956520 0.652183 0.754119 0.612896 0.882340 0.743044 0.847489 0.787058 0.847692 0.931629 0.921679 0.850763 0.984385 0.929405 0.994810 0.854055 0.681805 0.845968 0.711064 0.781238 0.858310 0.809170 0.946230 0.735665 0.614885 0.763963 0.684904 0.843254 0.893737 0.782479 0.775200 0.941212 0.989741 0.949424 0.843226 0.952870 0.773546 0.792612 0.823924 0.843528 0.809055 0.848080
0.758416 0.611915 0.502538 0.384143 0.834144 0.584334 0.000000 0.275545 0.416515 0.343734 0.642778 0.572645 0.844084 0.614008 0.870717 0.581595 0.595713 0.487446 0.405113 0.464142 0.639771 0.871157 0.575117 0.651609 0.941160 0.769703 0.667011 0.863386 0.394793 0.323054 0.310818 0.390421 0.334704 0.274978 0.606252 0.968959 0.797928 0.800887 0.795066 0.971966 0.797797 0.860284 0.281799 0.349736 0.251390 0.370088 0.736117 0.574182 0.676652 0.617474 0.438447 0.479922 0.397080 0.453111 0.849323 0.851211 0.633695 0.758836 0.767220 0.823058 0.394358 0.547524 0.507412 0.446320 0.936427 0.623546 0.234272 0.288438 0.954548 0.761661 0.459196 0.410106 0.418804 0.380340 0.952111 0.641702 0.477228 0.439705 0.714457 0.675683 0.809687 0.932646 0.823584 0.910707 0.936446 0.997796 0.875876 0.844724 0.919931 0.919790 0.368556 0.541079 0.460057 0.661999 0.761883 0.580512 0.576814 0.650731 0.269790 0.292507 0.452695 0.493222 0.525603 0.642295 0.448615 0.656712 0.670549 0.702462 0.665508 0.829871 0.594675 0.487825 0.357328 0.667527 0.590530 0.879183
0.703512 0.585162 0.692547 0.338902 0.857015 0.514490 0.275545 0.000000 0.506055 0.302874 0.596871 0.369053 0.779804 0.452940 0.969257 0.677113 0.648944 0.581308 0.573529 0.475140 0.763398 0.949674 0.723607 0.704597 0.976941 0.863384 0.669498 0.907700 0.455703 0.399162 0.500233 0.534116 0.464487 0.373227 0.659208 0.981778 0.934836 0.879862 0.882312 0.973088 0.856896 0.977446 0.426153 0.493235 0.350168 0.399442 0.647656 0.543925 0.602335 0.527540 0.416619 0.443146 0.424886 0.490713 0.749570 0.628768 0.760575 0.782446 0.710578 0.658481 0.369475 0.282314 0.456888 0.330201 0.984032 0.453528 0.368582 0.330701 0.963745 0.675007 0.628113 0.620947 0.554714 0.534716 0.814695 0.618847 0.514635 0.584551 0.778214 0.758678 0.767597 0.827197 0.878870 0.995129 0.977200 0.938221 0.952815 0.915120 0.933124 0.791545 0.436420 0.711995 0.507643 0.783861 0.777435 0.691102 0.591033 0.697790 0.340613 0.418339 0.413825 0.623533 0.646838 0.728807 0.479697 0.685906 0.751944 0.862779 0.662402 0.740170 0.614486 0.608241 0.519240 0.716672 0.624908 0.826660
0.953258 0.837110 0.631463 0.593860 0.903210 0.687163 0.416515 0.506055 0.000000 0.382545 0.722190 0.685132 0.931407 0.876115 0.925083 0.701752 0.751995 0.636894 0.712043 0.651777 0.608213 0.831023 0.748718 0.891558 0.992487 0.680368 0.757565 0.910705 0.496571 0.567694 0.442162 0.607141 0.571742 0.489347 0.711504 0.992236 0.686834 0.895502 0.763433 0.898429 0.735579 0.874875 0.498673 0.591531 0.536681 0.706020 0.996163 0.862449 0.837717 0.893492 0.737528 0.810455 0.618251 0.657996 0.993156 0.945718 0.764987 0.949704 0.961491 0.867533 0.649108 0.673225 0.729931 0.667170 0.896137 0.771865 0.461396 0.547027 0.976700 0.775299 0.454654 0.504096 0.510617 0.524734 0.976121 0.694016 0.636155 0.583742 0.841284 0.685945 0.998145 0.922239 0.907241 0.881527 0.907152 0.883960 0.900098 0.833007 0.825334 0.877265 0.463337 0.481560 0.566922 0.496205 0.698451 0.744263 0.848171 0.692300 0.498341 0.487479 0.566384 0.649667 0.703984 0.825295 0.679560 0.839023 0.780383 0.803261 0.812401 0.981810 0.694485 0.672786 0.694955 0.741638 0.799752 0.850697
0.935399 0.829330 0.715914 0.543672 0.913685 0.622053 0.343734 0.302874 0.382545 0.000000 0.738081 0.582610 0.984861 0.787698 0.965723 0.768467 0.752550 0.633141 0.661201 0.603872 0.790751 0.983102 0.825240 0.944040 0.924224 0.849452 0.659690 0.886354 0.510494 0.496239 0.435673 0.550575 0.584298 0.426202 0.611743 0.833211 0.872999 0.865648 0.961108 0.975041 0.930134 0.954269 0.486533 0.577530 0.433827 0.578490 0.900483 0.765322 0.823722 0.851912 0.660002 0.715928 0.571663 0.552061 0.993152 0.892158 0.879269 0.958278 0.972838 0.973590 0.599847 0.519581 0.656013 0.535967 0.912228 0.720967 0.398761 0.438196 0.914877 0.804670 0.466030 0.478267 0.566491 0.491173 0.952169 0.678958 0.636347 0.573769 0.880123 0.778700 0.947236 0.925413 0.960612 0.753037 0.779021 0.798062 0.852867 0.764463 0.882168 0.933771 0.336297 0.493658 0.454673 0.541873 0.807039 0.730399 0.668988 0.660001 0.355698 0.422494 0.433087 0.516920 0.647878 0.792316 0.619136 0.813322 0.831643 0.886576 0.742152 0.870945 0.500958 0.619275 0.569879 0.801427 0.766038 0.778559
0.381834 0.363588 0.816002 0.552496 0.915314 0.741898 0.642778 0.596871 0.722190 0.738081 0.000000 0.342112 0.504919 0.415829 0.655609 0.547854 0.351785 0.359389 0.482826 0.489142 0.658636 0.926348 0.837943 0.717363 0.970140 0.928058 0.902554 0.905944 0.398488 0.405774 0.808588 0.798907 0.516081 0.506351 0.979366 0.723397 0.633389 0.672947 0.592577 0.652684 0.861220 0.768694 0.588233 0.586234 0.716576 0.655760 0.537648 0.600621 0.499768 0.560633 0.582314 0.588368 0.792864 0.961757 0.709005 0.612363 0.371709 0.394674 0.503307 0.569895 0.434906 0.455631 0.372012 0.328377 0.771628 0.463255 0.823331 0.706471 0.698098 0.573913 0.766160 0.797601 0.626549 0.623964 0.729420 0.717953 0.593080 0.737760 0.465162 0.536961 0.406642 0.455802 0.642390 0.567379 0.688192 0.621930 0.866464 0.854375 0.732201 0.636235 0.915937 0.985847 0.998487 0.991463 0.676149 0.800337 0.839724 0.895627 0.655178 0.790810 0.946089 0.952238 0.823665 0.910522 0.655590 0.749817 0.843889 0.887384 0.750449 0.829758 0.826755 0.675013 0.703773 0.963907 0.748552 0.734440
0.380202 0.365117 0.828150 0.384038 0.860594 0.571113 0.572645 0.369053 0.685132 0.582610 0.342112 0.000000 0.458325 0.276387 0.698417 0.471907 0.432379 0.414684 0.519930 0.422774 0.691184 0.947743 0.761362 0.637282 0.975178 0.948716 0.984062 0.916275 0.408920 0.426595 0.806107 0.783965 0.499611 0.486936 0.968556 0.827888 0.830364 0.795457 0.731342 0.827557 0.908407 0.904690 0.631226 0.629364 0.640311 0.572904 0.447851 0.487626 0.471558 0.427935 0.508338 0.473105 0.656195 0.826218 0.622016 0.520014 0.510715 0.452583 0.505055 0.463470 0.338840 0.212273 0.313474 0.233642 0.801813 0.274683 0.749013 0.619971 0.734750 0.499746 0.794093 0.816689 0.714633 0.670056 0.705487 0.722430 0.619926 0.711474 0.577582 0.607858 0.456090 0.462349 0.658991 0.580961 0.693164 0.623291 0.883395 0.903643 0.645683 0.650609 0.758206 0.944658 0.809772 0.980777 0.724732 0.772974 0.757035 0.784591 0.578539 0.669961 0.736042 0.898293 0.844042 0.852910 0.530102 0.676664 0.932130 0.942789 0.749406 0.840960 0.812827 0.642464 0.772957 0.903179 0.729626 0.799015
0.309296 0.426380 0.611534 0.518128 0.561786 0.826164 0.844084 0.779804 0.931407 0.984861 0.504919 0.458325 0.000000 0.420900 0.300328 0.356186 0.541797 0.583797 0.522868 0.582333 0.702926 0.945344 0.465010 0.488736 0.760770 0.910442 0.633348 0.688312 0.606352 0.691287 0.893091 0.879494 0.636490 0.754749 0.994537 0.729644 0.651821 0.928268 0.723539 0.697064 0.912836 0.860691 0.835194 0.858138 0.892713 0.764801 0.410212 0.468995 0.421204 0.519957 0.753653 0.678766 0.932934 0.764809 0.576937 0.590083 0.552387 0.320791 0.398594 0.346603 0.391515 0.507950 0.490994 0.499794 0.341295 0.330035 0.996906 0.971865 0.580499 0.385006 0.924838 0.868792 0.903747 0.973439 0.724809 0.856445 0.794202 0.903315 0.654099 0.594145 0.497146 0.354859 0.569939 0.433694 0.357151 0.436304 0.817143 0.862249 0.482574 0.530582 0.932959 0.890595 0.916794 0.898483 0.787612 0.825100 0.939986 0.970495 0.843953 0.826647 0.810479 0.928333 0.899609 0.934637 0.811355 0.661770 0.861185 0.950340 0.909390 0.996704 0.990443 0.745693 0.868397 0.958858 0.805210 0.879297
0.408978 0.381278 0.799251 0.383066 0.804693 0.568682 0.614008 0.452940 0.876115 0.787698 0.415829 0.276387 0.420900 0.000000 0.609692 0.456036 0.473846 0.498671 0.502860 0.469880 0.757671 0.990559 0.611571 0.413694 0.967169 0.972689 0.987579 0.827315 0.510915 0.420420 0.820773 0.715218 0.484885 0.575113 0.966762 0.802976 0.870120 0.833824 0.813137 0.821279 0.857396 0.985177 0.611720 0.580833 0.647204 0.536844 0.409402 0.449114 0.486711 0.378213 0.431709 0.411431 0.640530 0.806895 0.520267 0.452682 0.563486 0.425838 0.444108 0.385230 0.380448 0.318230 0.404222 0.322624 0.801809 0.286793 0.802972 0.664040 0.833576 0.575091 0.966005 0.903906 0.774944 0.779959 0.743020 0.698549 0.664806 0.807987 0.625705 0.577214 0.483179 0.397438 0.561061 0.510195 0.650424 0.500952 0.844125 0.751640 0.588198 0.532365 0.907117 0.838355 0.968518 0.811040 0.777454 0.791157 0.728504 0.880858 0.653134 0.786157 0.820556 0.912715 0.891729 0.896214 0.656816 0.713496 0.978855 0.979347 0.726881 0.831424 0.901587 0.766883 0.763853 0.857836 0.620644 0.850509
0.510021 0.605645 0.608388 0.657383 0.546977 0.869600 0.870717 0.969257 0.925083 0.965723 0.655609 0.698417 0.300328 0.609692 0.000000 0.318385 0.621181 0.605607 0.527067 0.665456 0.592421 0.943578 0.338808 0.429042 0.638464 0.762522 0.556601 0.698201 0.697370 0.713919 0.954976 0.997282 0.617228 0.808142 0.984452 0.864782 0.665467 0.932986 0.788358 0.662780 0.843431 0.888684 0.864671 0.893985 0.988713 0.946188 0.642897 0.681309 0.679599 0.784657 0.953382 0.917421 0.960593 0.699769 0.702119 0.796531 0.595099 0.465874 0.625747 0.632540 0.590759 0.790879 0.696960 0.734080 0.349767 0.521354 0.969768 0.944143 0.565833 0.528145 0.974882 0.987504 0.913749 0.915142 0.814194 0.801245 0.905538 0.920485 0.838169 0.565290 0.581220 0.466545 0.568616 0.544630 0.393387 0.455265 0.777614 0.812691 0.562418 0.671137 0.948477 0.915702 0.899930 0.930748 0.732355 0.767666 0.998568 0.991529 0.882127 0.863256 0.740064 0.992303 0.898585 0.940079 0.897851 0.804195 0.944229 0.910973 0.956007 0.853629 0.956150 0.827531 0.820984 0.979636 0.828679 0.922067
0.466890 0.428379 0.592427 0.413189 0.595580 0.567981 0.581595 0.677113 0.701752 0.768467 0.547854 0.471907 0.356186 0.456036 0.318385 0.000000 0.467863 0.441434 0.373945 0.440556 0.580368 0.895317 0.321306 0.338851 0.774586 0.786951 0.765805 0.790527 0.514869 0.497802 0.692022 0.772281 0.415681 0.561227 0.951936 0.798692 0.592815 0.792690 0.718797 0.750613 0.786190 0.819263 0.579905 0.605486 0.693531 0.690568 0.536047 0.535490 0.522843 0.590735 0.651298 0.622933 0.732905 0.963169 0.708812 0.800521 0.475495 0.435826 0.631448 0.636031 0.442575 0.583980 0.522942 0.500091 0.471050 0.407057 0.780101 0.800850 0.661666 0.548997 0.742282 0.720132 0.842697 0.726220 0.811915 0.728988 0.732130 0.647686 0.675927 0.498587 0.592674 0.543359 0.587908 0.640669 0.563099 0.567295 0.973538 0.918092 0.643567 0.756669 0.766656 0.825768 0.825465 0.884583 0.666637 0.681634 0.915513 0.776639 0.637931 0.597825 0.969832 0.859991 0.874213 0.882331 0.701207 0.747164 0.965412 0.943588 0.785691 0.876340 0.846725 0.584276 0.681463 0.897122 0.766291 0.897971
0.342631 0.291786 0.756902 0.495168 0.907189 0.725497 0.595713 0.648944 0.751995 0.752550 0.351785 0.432379 0.541797 0.473846 0.621181 0.467863 0.000000 0.221634 0.422464 0.399342 0.566658 0.902507 0.750404 0.630720 0.852454 0.818359 0.896697 0.840318 0.373057 0.339959 0.662653 0.629557 0.455760 0.437615 0.978460 0.777461 0.597767 0.690733 0.760719 0.710384 0.842449 0.664270 0.492422 0.494556 0.659368 0.649271 0.522366 0.502734 0.520438 0.524629 0.573106 0.582625 0.802073 0.996389 0.688637 0.634274 0.244176 0.341075 0.524229 0.634285 0.467605 0.588308 0.326284 0.313775 0.740577 0.562883 0.739156 0.705433 0.571820 0.528797 0.597008 0.630379 0.618285 0.464980 0.725112 0.774503 0.654090 0.626076 0.453195 0.401697 0.349625 0.469050 0.524340 0.610413 0.693035 0.625418 0.958112 0.990003 0.760689 0.661921 0.817763 0.863147 0.892244 0.950129 0.667386 0.740643 0.739275 0.892816 0.568763 0.608751 0.912234 0.850859 0.852887 0.749683 0.565407 0.655050 0.991523 0.951414 0.719457 0.877321 0.670039 0.636536 0.714971 0.892222 0.752200 0.880579
0.391950 0.311842 0.691447 0.466512 0.856201 0.684235 0.487446 0.581308 0.636894 0.633141 0.359389 0.414684 0.583797 0.498671 0.605607 0.441434 0.221634 0.000000 0.327868 0.371534 0.518833 0.894437 0.717198 0.591955 0.824798 0.802972 0.899600 0.926305 0.312054 0.281145 0.560251 0.516403 0.343604 0.351451 0.932661 0.845740 0.677783 0.712584 0.706316 0.756310 0.884292 0.619971 0.398403 0.408342 0.555443 0.572407 0.552369 0.505007 0.537923 0.540565 0.525633 0.560273 0.723687 0.919993 0.698952 0.615552 0.243528 0.364576 0.549323 0.685583 0.424552 0.566847 0.286949 0.291405 0.762896 0.559920 0.656310 0.602412 0.628389 0.598472 0.553545 0.570010 0.579243 0.451288 0.804272 0.726118 0.578085 0.506612 0.421135 0.351394 0.363525 0.496812 0.545861 0.602770 0.722312 0.644794 0.999521 0.956403 0.815904 0.698127 0.761273 0.802879 0.836067 0.902176 0.673798 0.647221 0.672296 0.794539 0.460218 0.527648 0.836747 0.733455 0.727703 0.666351 0.525676 0.643906 0.958198 0.924599 0.770320 0.911187 0.692697 0.552274 0.600215 0.840777 0.696514 0.864666
0.444817 0.403023 0.481305 0.379746 0.761133 0.681811 0.405113 0.573529 0.712043 0.661201 0.482826 0.519930 0.522868 0.502860 0.527067 0.373945 0.422464 0.327868 0.000000 0.380301 0.558034 0.864992 0.479098 0.456688 0.757893 0.774609 0.971622 0.974260 0.414269 0.389559 0.543371 0.544675 0.352988 0.328382 0.907293 0.889130 0.679234 0.730823 0.708876 0.821316 0.923867 0.706454 0.481850 0.532501 0.547241 0.583521 0.568858 0.505763 0.606858 0.589865 0.595412 0.616227 0.695628 0.820195 0.787760 0.729648 0.400648 0.435044 0.579129 0.637975 0.402430 0.638628 0.451520 0.464733 0.671371 0.520063 0.550242 0.628127 0.716245 0.651306 0.598823 0.551036 0.580034 0.487955 0.921393 0.683355 0.549433 0.502026 0.617702 0.512534 0.547000 0.570203 0.675169 0.723395 0.755834 0.727179 0.984594 0.986552 0.814390 0.799916 0.649583 0.724228 0.691957 0.770154 0.710317 0.598328 0.670413 0.822455 0.458189 0.469238 0.787568 0.688320 0.724483 0.713136 0.626886 0.651442 0.897630 0.856057 0.712772 0.965275 0.752806 0.469464 0.441693 0.808134 0.682325 0.878652
0.456855 0.337200 0.613567 0.332578 0.906239 0.577746 0.464142 0.475140 0.651777 0.603872 0.489142 0.422774 0.582333 0.469880 0.665456 0.440556 0.399342 0.371534 0.380301 0.000000 0.623587 0.854614 0.586907 0.531582 0.756857 0.732886 0.950474 0.890527 0.376487 0.407290 0.538980 0.536231 0.421132 0.335475 0.934211 0.916355 0.631085 0.749214 0.622598 0.841482 0.740958 0.749887 0.511057 0.544405 0.601453 0.630445 0.596943 0.518229 0.654123 0.580731 0.587441 0.619680 0.700116 0.806396 0.719859 0.607138 0.434130 0.487359 0.659241 0.620622 0.429947 0.505696 0.428832 0.421293 0.768099 0.466225 0.611630 0.630720 0.735674 0.535035 0.505926 0.557400 0.541247 0.482288 0.691204 0.755277 0.527964 0.555614 0.641312 0.547168 0.532410 0.589726 0.643087 0.731463 0.784453 0.711708 0.876410 0.959958 0.808951 0.753095 0.624820 0.719027 0.609257 0.806055 0.769205 0.610755 0.722636 0.763233 0.455845 0.489686 0.744321 0.738478 0.694710 0.793097 0.567542 0.677882 0.922426 0.901253 0.730796 0.928140 0.761700 0.568143 0.660068 0.758309 0.734636 0.783818
0.670744 0.602792 0.557324 0.569990 0.784462 0.728844 0.639771 0.763398 0.608213 0.790751 0.658636 0.691184 0.702926 0.757671 0.592421 0.580368 0.566658 0.518833 0.558034 0.623587 0.000000 0.779787 0.613894 0.717175 0.748182 0.645225 0.881919 0.953343 0.555005 0.575830 0.572081 0.652896 0.583983 0.587899 0.998283 0.938803 0.649535 0.921085 0.806206 0.729832 0.748796 0.917477 0.688729 0.728990 0.782351 0.847941 0.829390 0.856732 0.807968 0.831546 0.845523 0.881531 0.859872 0.983721 0.779272 0.875854 0.573527 0.649403 0.871933 0.898941 0.673265 0.797145 0.684222 0.656391 0.677546 0.721262 0.747776 0.787222 0.704592 0.573920 0.653179 0.733420 0.678227 0.661224 0.991653 0.744871 0.785603 0.652308 0.737147 0.598596 0.666455 0.653759 0.728620 0.773906 0.780865 0.761532 0.764790 0.974429 0.939687 0.880894 0.800094 0.883402 0.818885 0.828019 0.654692 0.802468 0.924875 0.927258 0.706112 0.672511 0.946029 0.744073 0.864196 0.846787 0.638172 0.783448 0.924074 0.981350 0.835254 0.853052 0.806656 0.736241 0.769453 0.981491 0.835930 0.964270
0.941178 0.865564 0.869114 0.920400 0.957195 0.945339 0.871157 0.949674 0.831023 0.983102 0.926348 0.947743 0.945344 0.990559 0.943578 0.895317 0.902507 0.894437 0.864992 0.854614 0.779787 0.000000 0.832659 0.831295 0.977385 0.894525 0.945731 0.978838 0.877260 0.955492 0.771497 0.748789 0.862957 0.875722 0.909397 0.972637 0.921708 0.979131 0.965021 0.932494 0.967095 0.989992 0.841729 0.844951 0.900019 0.963641 0.883891 0.871883 0.955402 0.950544 0.948142 0.992071 0.822548 0.827104 0.945912 0.921875 0.932216 0.989285 0.811063 0.876855 0.940665 0.872267 0.863828 0.978708 0.984679 0.905014 0.830962 0.972213 0.967273 0.972456 0.785389 0.689105 0.943228 0.835306 0.953165 0.782539 0.889879 0.842684 0.999776 0.999572 0.957105 0.953399 0.967869 0.940080 0.930701 0.973809 0.918988 0.870286 0.941297 0.892308 0.782395 0.817029 0.802802 0.806034 0.870812 0.852054 0.931867 0.953412 0.863773 0.831515 0.862179 0.913674 0.894189 0.776910 0.804275 0.798508 0.838302 0.829921 0.782359 0.827341 0.936451 0.965844 0.984066 0.737149 0.872910 0.895839
0.687681 0.667516 0.419439 0.448708 0.529974 0.709734 0.575117 0.723607 0.748718 0.825240 0.837943 0.761362 0.465010 0.611571 0.338808 0.321306 0.750404 0.717198 0.479098 0.586907 0.613894 0.832659 0.000000 0.301126 0.600400 0.583881 0.817335 0.821540 0.657928 0.651218 0.631782 0.745571 0.465226 0.642609 0.810671 0.980899 0.635420 0.899879 0.772408 0.831600 0.735481 0.915610 0.646043 0.711745 0.665460 0.707983 0.639059 0.633963 0.671900 0.721326 0.763451 0.751390 0.772834 0.964420 0.708028 0.845065 0.758721 0.660376 0.764276 0.716754 0.490973 0.734628 0.765099 0.758208 0.414339 0.503922 0.683151 0.767952 0.833228 0.615704 0.827345 0.767774 0.900945 0.771044 0.806986 0.718985 0.805353 0.696142 0.906429 0.633182 0.779564 0.672150 0.673309 0.777317 0.564816 0.586214 0.917786 0.911730 0.707100 0.767558 0.752089 0.833115 0.760136 0.884769 0.800076 0.657308 0.873373 0.836129 0.648776 0.568842 0.958763 0.801778 0.839170 0.929621 0.753398 0.703082 0.841736 0.792951 0.846516 0.867339 0.930141 0.739332 0.619781 0.802748 0.690666 0.976979
0.606823 0.536087 0.606010 0.413824 0.621561 0.666843 0.651609 0.704597 0.891558 0.944040 0.717363 0.637282 0.488736 0.413694 0.429042 0.338851 0.630720 0.591955 0.456688 0.531582 0.717175 0.831295 0.301126 0.000000 0.679537 0.726510 0.850259 0.830297 0.659004 0.567165 0.716238 0.684896 0.468615 0.643999 0.981501 0.867198 0.784970 0.865417 0.741295 0.871097 0.817631 0.885100 0.644229 0.649301 0.735969 0.725014 0.563943 0.628218 0.680796 0.645925 0.661252 0.653896 0.780139 0.956621 0.680500 0.684598 0.649092 0.555181 0.678827 0.633719 0.536007 0.667077 0.643499 0.642720 0.601087 0.451854 0.804722 0.798027 0.848747 0.696943 0.943891 0.838445 0.858349 0.812010 0.815651 0.734054 0.781782 0.771678 0.738311 0.521772 0.650484 0.523177 0.568541 0.579704 0.576748 0.475569 0.903068 0.741442 0.643025 0.606159 0.942243 0.959999 0.957972 0.875536 0.880151 0.726228 0.863009 0.847178 0.747431 0.699553 0.993445 0.913973 0.879958 0.918817 0.849070 0.839760 0.923299 0.900649 0.797491 0.932784 0.995876 0.742787 0.682123 0.870488 0.739925 0.998460
0.721769 0.747607 0.526215 0.685887 0.638146 0.848806 0.941160 0.976941 0.992487 0.924224 0.970140 0.975178 0.760770 0.967169 0.638464 0.774586 0.852454 0.824798 0.757893 0.756857 0.748182 0.977385 0.600400 0.679537 0.000000 0.449121 0.702995 0.954917 0.833228 0.939864 0.834657 0.877819 0.661766 0.814545 0.927909 0.963539 0.642540 0.865461 0.680938 0.764132 0.757628 0.799910 0.954932 0.987843 0.995406 0.939521 0.717393 0.921488 0.887759 0.960109 0.918181 0.888755 0.781593 0.588940 0.695356 0.745108 0.780801 0.753815 0.797526 0.793318 0.704071 0.924542 0.886053 0.951510 0.475811 0.693832 0.949806 0.928154 0.636918 0.669062 0.839572 0.956686 0.986734 0.811082 0.785606 0.870859 0.970801 0.818292 0.987701 0.705499 0.649583 0.655381 0.712218 0.665847 0.452864 0.534096 0.861952 0.946814 0.743547 0.653375 0.895534 0.973920 0.910156 0.995988 0.999635 0.710840 0.982553 0.985185 0.947057 0.906343 0.832454 0.866768 0.979924 0.963846 0.886844 0.808396 0.998579 0.987347 0.887383 0.957380 0.888879 0.921414 0.859939 0.959307 0.981377 0.895051
0.892180 0.842918 0.527811 0.597070 0.792115 0.785070 0.769703 0.863384 0.680368 0.849452 0.928058 0.948716 0.910442 0.972689 0.762522 0.786951 0.818359 0.802972 0.774609 0.732886 0.645225 0.894525 0.583881 0.726510 0.449121 0.000000 0.962374 0.946853 0.744896 0.840840 0.558042 0.694982 0.602274 0.700683 0.785740 0.886389 0.577135 0.819888 0.700619 0.755927 0.703222 0.834201 0.754356 0.857759 0.813525 0.922712 0.815064 0.962793 0.919984 0.996583 0.949204 0.957728 0.973491 0.873043 0.841312 0.893011 0.853080 0.917267 0.996957 0.997909 0.728822 0.871093 0.915634 0.919724 0.617038 0.742909 0.743183 0.770359 0.914808 0.806020 0.630710 0.735785 0.776183 0.627139 0.830977 0.721670 0.869347 0.776705 0.978895 0.710180 0.783777 0.770953 0.747973 0.888228 0.699858 0.743705 0.921869 0.982929 0.979800 0.808277 0.818723 0.789777 0.763573 0.843135 0.898310 0.772940 0.943879 0.945128 0.768479 0.735848 0.879478 0.934483 0.817792 0.982666 0.837904 0.849681 0.915004 0.920839 0.975584 0.925309 0.902834 0.956514 0.820912 0.845155 0.945138 0.929688
0.735622 0.827395 0.991755 0.951880 0.667789 0.861371 0.667011 0.669498 0.757565 0.659690 0.902554 0.984062 0.633348 0.987579 0.556601 0.765805 0.896697 0.899600 0.971622 0.950474 0.881919 0.945731 0.817335 0.850259 0.702995 0.962374 0.000000 0.729959 0.964286 0.863025 0.694319 0.686081 0.929406 0.762641 0.860228 0.844366 0.857662 0.933166 0.958964 0.664686 0.905087 0.790970 0.803757 0.761378 0.648274 0.748263 0.873260 0.996806 0.836918 0.944551 0.753956 0.817636 0.690475 0.437274 0.878537 0.919822 0.813616 0.702411 0.887560 0.832798 0.982449 0.928435 0.984295 0.964124 0.553569 0.879186 0.588820 0.597304 0.566778 0.734570 0.785823 0.747223 0.633232 0.826385 0.795825 0.898680 0.747910 0.804384 0.833356 0.807132 0.706382 0.685765 0.819688 0.622760 0.453332 0.524629 0.748246 0.748209 0.579667 0.720329 0.628538 0.748095 0.693233 0.798919 0.844158 0.987747 0.801884 0.841310 0.733200 0.788606 0.519412 0.686131 0.753470 0.866627 0.904855 0.915097 0.895330 0.815217 0.761191 0.862993 0.791821 0.869904 0.853825 0.822413 0.971174 0.910249
0.865865 0.867220 0.926774 0.913932 0.870933 0.925006 0.863386 0.907700 0.910705 0.886354 0.905944 0.916275 0.688312 0.827315 0.698201 0.790527 0.840318 0.926305 0.974260 0.890527 0.953343 0.978838 0.821540 0.830297 0.954917 0.946853 0.729959 0.000000 0.986902 0.996110 0.824375 0.861213 0.929121 0.925282 0.966977 0.779622 0.801288 0.830793 0.987640 0.662371 0.978066 0.821921 0.996982 0.924612 0.879790 0.922863 0.823909 0.902189 0.877173 0.956854 0.954633 0.953277 0.886917 0.717033 0.819341 0.809242 0.912109 0.805037 0.863687 0.815165 0.932323 0.952421 0.912364 0.948535 0.701305 0.830364 0.786124 0.879436 0.886383 0.743107 0.981302 0.923156 0.791295 0.912277 0.825562 0.934295 0.961198 0.821712 0.997534 0.840233 0.923401 0.772823 0.919103 0.823493 0.762541 0.751108 0.998829 0.958108 0.741537 0.697789 0.781175 0.907214 0.788444 0.828646 0.928317 0.970460 0.926406 0.879933 0.911358 0.958206 0.730852 0.882421 0.819171 0.916939 0.919463 0.965935 0.854537 0.812607 0.904450 0.817922 0.879040 0.955311 0.881222 0.982874 0.859012 0.930783
0.513918 0.372532 0.616789 0.445979 0.864208 0.692275 0.394793 0.455703 0.496571 0.510494 0.398488 0.408920 0.606352 0.510915 0.697370 0.514869 0.373057 0.312054 0.414269 0.376487 0.555005 0.877260 0.657928 0.659004 0.833228 0.744896 0.964286 0.986902 0.000000 0.319552 0.520376 0.521155 0.354699 0.318163 0.840363 0.921379 0.661053 0.762995 0.683350 0.865974 0.816819 0.694381 0.417789 0.462141 0.458412 0.512685 0.598780 0.561072 0.543880 0.564115 0.500827 0.558903 0.627227 0.762308 0.819364 0.608730 0.424818 0.522964 0.644837 0.674947 0.378776 0.504956 0.373780 0.349794 0.772056 0.509117 0.555001 0.525977 0.804137 0.544769 0.513307 0.547060 0.485396 0.394758 0.751915 0.749571 0.496862 0.515435 0.567436 0.481211 0.540368 0.627920 0.664975 0.733784 0.796894 0.747766 0.981224 0.939140 0.871378 0.814293 0.646164 0.721007 0.700581 0.763605 0.710448 0.662543 0.736090 0.713416 0.412284 0.505488 0.720022 0.703849 0.662983 0.773769 0.478634 0.638164 0.943029 0.828606 0.768391 0.883546 0.779967 0.554963 0.590176 0.755808 0.674446 0.817252
0.566466 0.416768 0.669308 0.421636 0.833409 0.629606 0.323054 0.399162 0.567694 0.496239 0.405774 0.426595 0.691287 0.420420 0.713919 0.497802 0.339959 0.281145 0.389559 0.407290 0.575830 0.955492 0.651218 0.567165 0.939864 0.840840 0.863025 0.996110 0.319552 0.000000 0.425249 0.406315 0.338891 0.339040 0.829225 0.950069 0.746091 0.715519 0.795483 0.819286 0.789128 0.723667 0.317874 0.306110 0.372033 0.416505 0.594906 0.537087 0.544849 0.509375 0.388317 0.429349 0.504924 0.667871 0.687598 0.598430 0.413670 0.524952 0.578953 0.723826 0.374990 0.472629 0.316221 0.290505 0.890293 0.540314 0.487572 0.400707 0.866699 0.623804 0.571429 0.525000 0.464099 0.365802 0.818622 0.657636 0.558177 0.516450 0.586856 0.437290 0.486802 0.620974 0.520607 0.754661 0.869778 0.740645 0.993083 0.913836 0.861945 0.738885 0.663325 0.843942 0.805672 0.925655 0.725008 0.757193 0.627391 0.834003 0.422903 0.489372 0.709897 0.703360 0.637479 0.731129 0.509027 0.679776 0.860539 0.930351 0.756463 0.840833 0.661160 0.600085 0.492427 0.758139 0.633463 0.827979
0.968104 0.752122 0.603674 0.505505 0.956448 0.557595 0.310818 0.500233 0.442162 0.435673 0.808588 0.806107 0.893091 0.820773 0.954976 0.692022 0.662653 0.560251 0.543371 0.538980 0.572081 0.771497 0.631782 0.716238 0.834657 0.558042 0.694319 0.824375 0.520376 0.425249 0.000000 0.247701 0.405114 0.361109 0.663726 0.865717 0.737707 0.700517 0.889415 0.976580 0.707540 0.776493 0.346169 0.419416 0.394130 0.580713 0.929220 0.838558 0.903728 0.851557 0.601335 0.717201 0.539151 0.542377 0.926263 0.955750 0.703871 0.955324 0.973213 0.868961 0.670154 0.791841 0.760975 0.677157 0.968822 0.842277 0.362291 0.405403 0.927495 0.952257 0.327899 0.296982 0.381810 0.326972 0.999982 0.657636 0.610621 0.367453 0.891852 0.664065 0.891040 0.981336 0.824118 0.834013 0.831320 0.942562 0.881806 0.848505 0.806462 0.921180 0.445393 0.544240 0.479820 0.607813 0.781829 0.662530 0.731866 0.825677 0.355741 0.417363 0.487746 0.514084 0.518511 0.661666 0.606297 0.802000 0.741538 0.731965 0.757385 0.946180 0.638067 0.667467 0.515672 0.687223 0.702102 0.939606
0.923752 0.652815 0.684994 0.561828 0.974617 0.648802 0.390421 0.534116 0.607141 0.550575 0.798907 0.783965 0.879494 0.715218 0.997282 0.772281 0.629557 0.516403 0.544675 0.536231 0.652896 0.748789 0.745571 0.684896 0.877819 0.694982 0.686081 0.861213 0.521155 0.406315 0.247701 0.000000 0.446681 0.407253 0.751245 0.888892 0.869223 0.742607 0.890477 0.983228 0.808561 0.782839 0.377307 0.383944 0.429812 0.546163 0.848447 0.741726 0.900573 0.786667 0.543622 0.628902 0.570643 0.579099 0.906475 0.763717 0.679973 0.887870 0.945395 0.986875 0.687176 0.791720 0.694360 0.650970 0.866431 0.860516 0.429313 0.432929 0.932613 0.974717 0.432416 0.393460 0.387875 0.369665 0.978888 0.765813 0.630996 0.436286 0.819704 0.649197 0.809752 0.931472 0.770068 0.987743 0.831620 0.962638 0.852794 0.952734 0.846817 0.960165 0.603712 0.748670 0.627068 0.824999 0.893919 0.733025 0.707917 0.856583 0.465350 0.531155 0.542661 0.566050 0.536916 0.696710 0.637292 0.799395 0.783692 0.754664 0.822034 0.969376 0.698024 0.722577 0.530575 0.659936 0.708613 0.995574
0.539134 0.431463 0.479596 0.354679 0.736720 0.521549 0.334704 0.464487 0.571742 0.584298 0.516081 0.499611 0.636490 0.484885 0.617228 0.415681 0.455760 0.343604 0.352988 0.421132 0.583983 0.862957 0.465226 0.468615 0.661766 0.602274 0.929406 0.929121 0.354699 0.338891 0.405114 0.446681 0.000000 0.319685 0.671993 0.995515 0.655811 0.684593 0.670827 0.800669 0.741422 0.716425 0.333633 0.349764 0.383424 0.432447 0.519802 0.544996 0.520257 0.494122 0.439088 0.499654 0.595945 0.768789 0.609197 0.633857 0.441416 0.511025 0.588132 0.656687 0.322990 0.529087 0.443764 0.396867 0.650612 0.467070 0.472122 0.426973 0.819046 0.656352 0.545566 0.536962 0.537309 0.454353 0.738577 0.646788 0.540327 0.467455 0.621409 0.478895 0.507284 0.580759 0.602286 0.699403 0.679511 0.613395 0.990698 0.969504 0.843704 0.717149 0.660513 0.766984 0.686352 0.880647 0.752005 0.521440 0.674105 0.721888 0.388675 0.470745 0.681743 0.698365 0.647857 0.708769 0.509392 0.590411 0.824036 0.784145 0.742040 0.905255 0.773178 0.615515 0.426319 0.728445 0.560290 0.843023
0.596906 0.449952 0.567726 0.382705 0.923130 0.634341 0.274978 0.373227 0.489347 0.426202 0.506351 0.486936 0.754749 0.575113 0.808142 0.561227 0.437615 0.351451 0.328382 0.335475 0.587899 0.875722 0.642609 0.643999 0.814545 0.700683 0.762641 0.925282 0.318163 0.339040 0.361109 0.407253 0.319685 0.000000 0.710619 0.964842 0.724811 0.739236 0.742915 0.877695 0.883572 0.747953 0.351578 0.421788 0.354272 0.438444 0.635138 0.575378 0.614095 0.556004 0.459366 0.541908 0.537579 0.613526 0.824705 0.721397 0.486145 0.609447 0.660619 0.747741 0.384566 0.525763 0.436276 0.395540 0.860711 0.589325 0.400421 0.401720 0.875001 0.706953 0.384172 0.416552 0.437537 0.325007 0.917571 0.683278 0.461256 0.440719 0.617064 0.515895 0.635859 0.742646 0.738484 0.891186 0.938900 0.893204 0.934244 0.912468 0.977081 0.850388 0.527751 0.608440 0.532072 0.721700 0.707373 0.564577 0.660608 0.725167 0.313585 0.373445 0.561740 0.572920 0.609006 0.683155 0.496431 0.632687 0.793896 0.739703 0.682284 0.920122 0.682078 0.523037 0.418385 0.740412 0.670488 0.859019
0.938651 0.995523 0.713372 0.775951 0.842452 0.798561 0.606252 0.659208 0.711504 0.611743 0.979366 0.968556 0.994537 0.966762 0.984452 0.951936 0.978460 0.932661 0.907293 0.934211 0.998283 0.909397 0.810671 0.981501 0.927909 0.785740 0.860228 0.966977 0.840363 0.829225 0.663726 0.751245 0.671993 0.710619 0.000000 0.870707 0.978315 0.822994 0.999606 0.972563 0.992676 0.991345 0.652758 0.711025 0.590371 0.655967 0.900328 0.879321 0.830095 0.923618 0.791718 0.818208 0.707529 0.779112 0.881293 0.952478 0.969031 0.976014 0.923710 0.925548 0.721595 0.823076 0.889912 0.837152 0.875014 0.888848 0.603155 0.543394 0.903210 0.891076 0.673974 0.815838 0.937783 0.777296 0.875326 0.909525 0.751073 0.782189 0.947409 0.919342 0.925322 0.893144 0.990140 0.786183 0.991664 0.989435 0.875044 0.899163 0.900381 0.881984 0.733801 0.766961 0.763469 0.864721 0.826983 0.728216 0.882580 0.901171 0.711431 0.775250 0.736596 0.796911 0.825095 0.964799 0.881427 0.850561 0.866822 0.884580 0.997200 0.930414 0.884742 0.999469 0.695783 0.843059 0.707438 0.829659
0.715765 0.763244 0.918516 0.898735 0.820811 0.789357 0.968959 0.981778 0.992236 0.833211 0.723397 0.827888 0.729644 0.802976 0.864782 0.798692 0.777461 0.845740 0.889130 0.916355 0.938803 0.972637 0.980899 0.867198 0.963539 0.886389 0.844366 0.779622 0.921379 0.950069 0.865717 0.888892 0.995515 0.964842 0.870707 0.000000 0.820376 0.934114 0.803365 0.906690 0.809487 0.939873 0.941580 0.939085 0.873803 0.995885 0.850420 0.793953 0.827557 0.848423 0.911751 0.835411 0.946494 0.911620 0.836557 0.851835 0.750113 0.702795 0.828996 0.735617 0.907138 0.903303 0.830211 0.767729 0.881696 0.801973 0.852206 0.931722 0.862483 0.871356 0.905364 0.825036 0.929370 0.920867 0.941971 0.948033 0.849932 0.956308 0.793450 0.950857 0.908705 0.788272 0.945858 0.744440 0.848344 0.871891 0.972347 0.948435 0.865645 0.811762 0.879392 0.939465 0.800561 0.983389 0.940368 0.987417 0.831797 0.884844 0.949233 0.951996 0.812112 0.870539 0.771261 0.947569 0.999756 0.992815 0.982904 0.984584 0.947545 0.974167 0.998045 0.819402 0.942095 0.984482 0.910676 0.905294
0.602606 0.606648 0.543957 0.647605 0.832663 0.831699 0.797928 0.934836 0.686834 0.872999 0.633389 0.830364 0.651821 0.870120 0.665467 0.592815 0.597767 0.677783 0.679234 0.631085 0.649535 0.921708 0.635420 0.784970 0.642540 0.577135 0.857662 0.801288 0.661053 0.746091 0.737707 0.869223 0.655811 0.724811 0.978315 0.820376 0.000000 0.673987 0.594275 0.573762 0.555070 0.671962 0.700644 0.723841 0.801991 0.859401 0.663168 0.756580 0.647401 0.801933 0.859294 0.857651 0.957009 0.849890 0.713393 0.892669 0.541945 0.636415 0.730150 0.832991 0.635465 0.817666 0.749631 0.750016 0.487222 0.679516 0.760250 0.830410 0.572420 0.646288 0.648827 0.716188 0.757094 0.712079 0.789926 0.838746 0.840785 0.674529 0.788275 0.619266 0.616724 0.731569 0.686518 0.740779 0.646097 0.688151 0.949031 0.903968 0.792289 0.736018 0.910915 0.753953 0.863440 0.803122 0.790287 0.746346 0.928870 0.994961 0.716410 0.735247 0.984348 0.882786 0.805021 0.948867 0.754432 0.742164 0.898312 0.969815 0.867558 0.916302 0.815809 0.773890 0.920961 0.858370 0.956657 0.958875
0.721032 0.710739 0.891551 0.738821 0.918960 0.840975 0.800887 0.879862 0.895502 0.865648 0.672947 0.795457 0.928268 0.833824 0.932986 0.792690 0.690733 0.712584 0.730823 0.749214 0.921085 0.979131 0.899879 0.865417 0.865461 0.819888 0.933166 0.830793 0.762995 0.715519 0.700517 0.742607 0.684593 0.739236 0.822994 0.934114 0.673987 0.000000 0.810388 0.806828 0.776003 0.617973 0.771486 0.754947 0.819764 0.821512 0.773209 0.910852 0.749521 0.847411 0.820654 0.821710 0.875109 0.933754 0.799988 0.938345 0.664709 0.733473 0.803622 0.946205 0.765581 0.813066 0.792976 0.765474 0.844124 0.726275 0.788857 0.816206 0.668765 0.813139 0.744343 0.693304 0.760130 0.642335 0.797187 0.907806 0.856521 0.672398 0.786841 0.772000 0.642308 0.831717 0.688902 0.818298 0.791830 0.697029 0.865970 0.846323 0.732330 0.792166 0.939228 0.942746 0.896026 0.933847 0.768067 0.846793 0.981467 0.929029 0.815759 0.916778 0.930471 0.965127 0.685952 0.992154 0.869523 0.873860 0.996012 0.976092 0.860289 0.943277 0.948933 0.924735 0.842019 0.933319 0.835914 0.889268
