0.000000 0.402949 0.857501 0.901239 0.836447 0.963294 0.861423 0.554298 0.895509 0.552227 0.359574 0.306855 0.438785 0.528180 0.536945 0.648660 0.394133 0.406774 0.409407 0.397926 0.854945 0.957877 0.510543 0.848496 0.616689 0.668892 0.915264 0.881856 0.350518 0.453900 0.996762 0.857611 0.635680 0.651394 0.845212 0.986495 0.710701 0.914355 0.831441 0.963225 0.653378 0.801223 0.919945 0.942793 0.998773 0.829315 0.845817 0.765298 0.672702 0.698614 0.963277 0.897530 0.998076 0.759666 0.788593 0.825908 0.373589 0.327615 0.514439 0.496698 0.685970 0.531991 0.404110 0.312946 0.798323 0.808077 0.930966 0.933035 0.358787 0.396929 0.732062 0.824689 0.879594 0.978184 0.869938 0.883908 0.695633 0.817910 0.731225 0.609056 0.376574 0.465741 0.790391 0.672562 0.780495 0.807243 0.960584 0.868038 0.754986 0.662211 0.980499 0.887837 0.982120 0.852287 0.799386 0.914797 0.955891 0.830518 0.611105 0.535245 0.894835 0.965656 0.632899 0.621059 0.711126 0.755601 0.912627 0.815939 0.924775 0.807814 0.890062 0.638795 0.589025 0.836621 0.963460 0.809609
0.402949 0.000000 0.589766 0.852204 0.861381 0.823553 0.818145 0.687678 0.894317 0.573435 0.627973 0.372975 0.764566 0.491634 0.569435 0.617733 0.305218 0.287146 0.406382 0.327686 0.750695 0.960000 0.602334 0.960251 0.694899 0.622754 0.996388 0.943809 0.344642 0.355691 0.849086 0.901680 0.828310 0.739227 0.681131 0.915103 0.749331 0.952670 0.856136 0.886142 0.783289 0.707873 0.833246 0.664451 0.810527 0.585092 0.766128 0.580235 0.404455 0.474482 0.771575 0.710428 0.855800 0.881486 0.816200 0.748849 0.267243 0.269907 0.848930 0.752466 0.851001 0.763128 0.654241 0.459580 0.682503 0.675110 0.669081 0.747339 0.520595 0.445926 0.941884 0.913847 0.988303 0.997755 0.928337 0.996093 0.642941 0.772925 0.645554 0.528044 0.371158 0.414989 0.534959 0.561777 0.770029 0.883717 0.882134 0.917040 0.958435 0.864123 0.826656 0.969317 0.811211 0.665686 0.853492 0.895935 0.914394 0.806690 0.788963 0.609619 0.879838 0.889986 0.767452 0.718776 0.931815 0.944228 0.867677 0.797916 0.901741 0.970485 0.947054 0.667277 0.593241 0.773864 0.957249 0.841946
0.857501 0.589766 0.000000 0.413047 0.907275 0.726363 0.392111 0.683448 0.874177 0.848404 0.979593 0.675425 0.945443 0.961747 0.835059 0.860187 0.730105 0.770424 0.884724 0.783552 0.634712 0.878294 0.875199 0.772194 0.645122 0.443610 0.970990 0.896748 0.786455 0.779428 0.560085 0.634187 0.650212 0.734748 0.518512 0.630861 0.898110 0.797858 0.706579 0.966153 0.940166 0.932404 0.878082 0.995534 0.917230 0.875745 0.793090 0.949223 0.552440 0.613959 0.902940 0.787945 0.916368 0.991399 0.827376 0.987166 0.677445 0.657120 0.925126 0.941773 0.599621 0.910914 0.919416 0.869632 0.471309 0.438008 0.345571 0.377517 0.909011 0.814094 0.666734 0.609657 0.678207 0.827368 0.965968 0.912485 0.960353 0.968438 0.992016 0.978486 0.920458 0.990571 0.813023 0.906697 0.879781 0.649838 0.993566 0.925101 0.845279 0.780362 0.633302 0.777516 0.549440 0.540169 0.812761 0.987250 0.678697 0.918316 0.917763 0.925216 0.678056 0.785897 0.919253 0.964705 0.728789 0.825794 0.822033 0.793479 0.943398 0.836902 0.900190 0.974034 0.929534 0.953991 0.943428 0.976309
0.901239 0.852204 0.413047 0.000000 0.986218 0.847702 0.643458 0.666984 0.880894 0.799691 0.929284 0.784150 0.923613 0.851466 0.902051 0.937648 0.891377 0.968513 0.964368 0.975050 0.708630 0.791236 0.765275 0.597857 0.508353 0.389887 0.840636 0.940954 0.881967 0.916679 0.685521 0.614278 0.765160 0.758929 0.576525 0.608433 0.847575 0.790536 0.645907 0.858766 0.924597 0.993019 0.717987 0.808124 0.836390 0.913990 0.571386 0.736879 0.787933 0.911200 0.907775 0.970522 0.888661 0.919166 0.735885 0.904452 0.899803 0.857830 0.914568 0.991666 0.970537 0.954196 0.943147 0.795861 0.462844 0.410059 0.489220 0.447198 0.996136 0.864751 0.684985 0.714207 0.741767 0.895404 0.900177 0.905461 0.806863 0.803285 0.909106 0.833522 0.973405 0.781275 0.884467 0.857895 0.707475 0.494206 0.999607 0.786515 0.946084 0.742102 0.731295 0.932383 0.636308 0.698652 0.819375 0.865477 0.739421 0.857618 0.997720 0.889176 0.825048 0.934360 0.991544 0.982838 0.694850 0.775180 0.850529 0.929021 0.993117 0.955260 0.850871 0.993762 0.890692 0.859948 0.954467 0.974081
0.836447 0.861381 0.907275 0.986218 0.000000 0.954183 0.901381 0.998339 0.903023 0.970797 0.876659 0.872967 0.908473 0.879978 0.865167 0.875689 0.882546 0.915159 0.955159 0.934122 0.909733 0.974028 0.876597 0.878645 0.994791 0.919490 0.744291 0.975983 0.888529 0.981323 0.839208 0.858772 0.921143 0.843035 0.917689 0.830219 0.901207 0.945231 0.966143 0.976484 0.984170 0.953835 0.858865 0.880596 0.918399 0.987101 0.934277 0.995455 0.896833 0.940561 0.957347 0.991103 0.908412 0.806456 0.841071 0.908165 0.855805 0.865276 0.897177 0.882689 0.978266 0.792276 0.982435 0.916938 0.967650 0.940982 0.949852 0.879835 0.822665 0.805760 0.993517 0.874160 0.934144 0.936571 0.910372 0.843425 0.943274 0.852368 0.988268 0.952840 0.881761 0.835078 0.821977 0.888835 0.817897 0.898734 0.733124 0.876265 0.851409 0.799499 0.951141 0.849730 0.976630 0.891127 0.878397 0.877019 0.958741 0.924050 0.996306 0.954780 0.857878 0.830810 0.920313 0.999578 0.953304 0.849321 0.950870 0.765050 0.975901 0.836815 0.953314 0.942619 0.991276 0.846198 0.786318 0.932785
0.963294 0.823553 0.726363 0.847702 0.954183 0.000000 0.725992 0.975719 0.953920 0.953760 0.910932 0.986033 0.722606 0.861002 0.845958 0.737564 0.926862 0.955142 0.922406 0.952126 0.663409 0.850682 0.809186 0.742619 0.883052 0.772217 0.880493 0.778788 0.966295 0.999034 0.818675 0.751250 0.779235 0.775982 0.987015 0.953857 0.918774 0.954135 0.764926 0.867800 0.912621 0.923649 0.905927 0.923991 0.730854 0.686033 0.942920 0.915122 0.715292 0.747601 0.770125 0.794525 0.801051 0.889517 0.894342 0.903222 0.828003 0.840060 0.976739 0.988311 0.825202 0.804582 0.906684 0.993045 0.949102 0.910864 0.861507 0.956890 0.900156 0.988713 0.795009 0.853117 0.873626 0.728498 0.818028 0.873261 0.984232 0.825997 0.938235 0.863429 0.932614 0.865933 0.857767 0.992000 0.931683 0.893866 0.793408 0.764640 0.966932 0.971581 0.913916 0.836205 0.963518 0.876105 0.956575 0.966537 0.982395 0.956980 0.890593 0.956867 0.978701 0.961509 0.930492 0.988210 0.874088 0.962622 0.642111 0.905318 0.833425 0.905664 0.909188 0.954731 0.924962 0.724763 0.938275 0.965172
0.861423 0.818145 0.392111 0.643458 0.901381 0.725992 0.000000 0.456478 0.669954 0.751192 0.734356 0.867153 0.752261 0.978991 0.968167 0.856077 0.956540 0.990610 0.855311 0.976380 0.707321 0.871246 0.698585 0.958056 0.998238 0.707867 0.795324 0.776636 0.892131 0.930705 0.388735 0.526042 0.428901 0.462860 0.602980 0.634799 0.834076 0.863989 0.930238 0.826898 0.827778 0.979548 0.864820 0.884817 0.767610 0.989073 0.800684 0.896915 0.767550 0.784567 0.952803 0.943484 0.983938 0.950170 0.933848 0.963270 0.918400 0.930831 0.612867 0.644980 0.390788 0.859006 0.543440 0.731928 0.813086 0.779921 0.415272 0.419960 0.939599 0.919047 0.555198 0.500166 0.583681 0.684114 0.993050 0.959246 0.812262 0.791134 0.822467 0.869266 0.862401 0.917302 0.790446 0.928877 0.959256 0.992470 0.862868 0.947058 0.783292 0.865312 0.485702 0.592642 0.571708 0.620236 0.741815 0.973923 0.639727 0.797575 0.572421 0.641051 0.563859 0.568830 0.578860 0.625514 0.634036 0.674046 0.911222 0.796800 0.987501 0.785006 0.833638 0.859263 0.916800 0.861668 0.976593 0.893389
0.554298 0.687678 0.683448 0.666984 0.998339 0.975719 0.456478 0.000000 0.835594 0.588686 0.597820 0.757030 0.737341 0.715709 0.933179 0.975049 0.605098 0.607895 0.571998 0.633375 0.971193 0.950165 0.552750 0.922483 0.864899 0.942224 0.895558 0.806775 0.527210 0.590904 0.568771 0.546258 0.460958 0.443980 0.761023 0.760074 0.736411 0.903031 0.957961 0.993416 0.780984 0.808139 0.704522 0.680987 0.579771 0.632557 0.625829 0.660884 0.801996 0.787033 0.718295 0.762344 0.802967 0.933756 0.785448 0.789370 0.606329 0.589546 0.609330 0.518087 0.624053 0.639240 0.429237 0.471233 0.975259 0.919555 0.643574 0.576686 0.670278 0.633610 0.510475 0.573838 0.591843 0.810493 0.983850 0.883983 0.572148 0.711190 0.663266 0.627298 0.544544 0.604238 0.847415 0.785643 0.932426 0.951607 0.862621 0.861992 0.799924 0.765650 0.597899 0.711346 0.677678 0.852959 0.644773 0.857350 0.650276 0.710438 0.483512 0.429147 0.604086 0.647699 0.530820 0.551175 0.570795 0.595323 0.949447 0.866048 0.896178 0.845964 0.688936 0.658107 0.568614 0.668221 0.924574 0.852027
0.895509 0.894317 0.874177 0.880894 0.903023 0.953920 0.669954 0.835594 0.000000 0.686905 0.738134 0.978791 0.669402 0.865636 0.917865 0.843738 0.867549 0.813828 0.977622 0.853278 0.945516 0.997871 0.938698 0.683167 0.762347 0.864794 0.832221 0.849644 0.982361 0.880186 0.924410 0.919918 0.951516 0.920144 0.978251 0.976321 0.785544 0.945808 0.851141 0.907410 0.936427 0.958976 0.765674 0.893167 0.998610 0.983925 0.909071 0.922418 0.971994 0.951580 0.881763 0.957080 0.901680 0.932800 0.870641 0.977617 0.816323 0.943469 0.530734 0.658310 0.535051 0.730070 0.753892 0.821774 0.894524 0.879201 0.899269 0.949660 0.924916 0.831159 0.928610 0.957069 0.936932 0.899641 0.983322 0.928232 0.992989 0.859111 0.960406 0.885563 0.886019 0.777870 0.649502 0.762820 0.788369 0.706575 0.979483 0.785587 0.709811 0.940897 0.905708 0.899380 0.965570 0.821239 0.946152 0.902377 0.975608 0.928050 0.838394 0.893075 0.880324 0.817526 0.759757 0.816003 0.991820 0.983355 0.953425 0.778734 0.823853 0.904674 0.924177 0.984760 0.843808 0.975153 0.818869 0.931483
0.552227 0.573435 0.848404 0.799691 0.970797 0.953760 0.751192 0.588686 0.686905 0.000000 0.574011 0.579295 0.565681 0.754304 0.697006 0.837223 0.597678 0.606766 0.545563 0.617689 0.902303 0.927132 0.625583 0.695269 0.474965 0.587666 0.766199 0.909670 0.480890 0.485440 0.850134 0.795449 0.657732 0.592861 0.704820 0.943375 0.946490 0.818802 0.765837 0.819728 0.974020 0.802055 0.943027 0.777479 0.775964 0.719840 0.890994 0.804181 0.571793 0.612462 0.708388 0.698602 0.761151 0.930840 0.963389 0.926517 0.632188 0.526979 0.547719 0.561485 0.737853 0.878282 0.411234 0.371826 0.481947 0.492333 0.796345 0.809608 0.664809 0.536844 0.824515 0.831985 0.810336 0.891532 0.904687 0.901398 0.712034 0.763514 0.546424 0.577869 0.542276 0.771847 0.936452 0.881271 0.791938 0.516267 0.770935 0.690243 0.882678 0.931399 0.930110 0.784404 0.913108 0.803391 0.845972 0.926766 0.928533 0.832097 0.610627 0.564685 0.902837 0.767058 0.568579 0.608808 0.985047 0.867648 0.878490 0.974555 0.833163 0.868514 0.939041 0.881522 0.714193 0.891989 0.935927 0.916309
0.359574 0.627973 0.979593 0.929284 0.876659 0.910932 0.734356 0.597820 0.738134 0.574011 0.000000 0.516048 0.408293 0.688090 0.728279 0.818865 0.579915 0.615669 0.611319 0.556520 0.888057 0.895167 0.659676 0.823132 0.669006 0.789541 0.861251 0.860485 0.528792 0.588593 0.897923 0.875510 0.631431 0.718326 0.871702 0.927589 0.755128 0.924480 0.964884 0.871187 0.696860 0.789478 0.789649 0.939163 0.977081 0.939307 0.999260 0.954496 0.837785 0.855024 0.975403 0.997582 0.985119 0.773245 0.894030 0.827884 0.623006 0.549243 0.494002 0.508071 0.521542 0.571231 0.442996 0.410918 0.853029 0.895208 0.941482 0.985168 0.480223 0.504319 0.687496 0.722105 0.811108 0.992526 0.811812 0.864929 0.727980 0.850544 0.831826 0.662091 0.510196 0.603029 0.971293 0.777847 0.922195 0.767706 0.889586 0.769103 0.684304 0.760825 0.895064 0.866320 0.924991 0.993360 0.839177 0.992134 0.930439 0.922427 0.651693 0.661136 0.818109 0.846473 0.585526 0.645199 0.747801 0.786652 0.965038 0.959757 0.932200 0.755433 0.924298 0.782862 0.730111 0.908453 0.974140 0.968291
0.306855 0.372975 0.675425 0.784150 0.872967 0.986033 0.867153 0.757030 0.978791 0.579295 0.516048 0.000000 0.459628 0.462114 0.476106 0.515501 0.391804 0.445781 0.444003 0.424794 0.842364 0.986316 0.561651 0.929480 0.639654 0.610533 0.993674 0.966828 0.395189 0.471869 0.805523 0.971884 0.829615 0.808227 0.708766 0.804938 0.820548 0.931689 0.837524 0.961604 0.801924 0.857215 0.878616 0.972498 0.867604 0.864238 0.902803 0.801859 0.615545 0.658614 0.969936 0.873372 0.976537 0.772775 0.823472 0.869016 0.410881 0.358576 0.672679 0.627163 0.889478 0.640557 0.534158 0.417807 0.735282 0.727666 0.688082 0.686541 0.413894 0.427659 0.909492 0.968997 0.992871 0.993074 0.814207 0.956835 0.771823 0.877522 0.710616 0.602553 0.425121 0.474693 0.720617 0.645500 0.737131 0.827792 0.992822 0.973600 0.822108 0.739995 0.816976 0.947804 0.773136 0.662541 0.876861 0.961867 0.892102 0.920768 0.851874 0.689652 0.931881 0.867153 0.808708 0.831289 0.894774 0.859282 0.953606 0.734424 0.944315 0.949192 0.980722 0.735932 0.635156 0.926949 0.994724 0.864048
0.438785 0.764566 0.945443 0.923613 0.908473 0.722606 0.752261 0.737341 0.669402 0.565681 0.408293 0.459628 0.000000 0.629966 0.591998 0.602905 0.709842 0.801880 0.627320 0.724677 0.962454 0.955243 0.582899 0.961320 0.668670 0.787962 0.934042 0.957037 0.598385 0.692351 0.962813 0.876945 0.701527 0.732187 0.817978 0.915486 0.815591 0.928058 0.937735 0.909918 0.812686 0.986967 0.754624 0.874300 0.755331 0.935522 0.976983 0.977426 0.940410 0.908462 0.952121 0.998967 0.954016 0.852861 0.864282 0.941635 0.792244 0.681454 0.499416 0.568416 0.501377 0.659600 0.469610 0.499201 0.873993 0.861045 0.938134 0.878724 0.526528 0.553227 0.769467 0.854382 0.880337 0.984710 0.836131 0.948235 0.853809 0.873747 0.790460 0.762194 0.653029 0.715733 0.941293 0.842868 0.878095 0.792298 0.936352 0.970486 0.639927 0.808739 0.991214 0.892702 0.892400 0.943773 0.867887 0.969970 0.947163 0.997479 0.768482 0.743733 0.893937 0.938994 0.684339 0.772323 0.849975 0.823892 0.908023 0.834374 0.905036 0.743278 0.995265 0.906881 0.820323 0.954380 0.961878 0.919428
0.528180 0.491634 0.961747 0.851466 0.879978 0.861002 0.978991 0.715709 0.865636 0.754304 0.688090 0.462114 0.629966 0.000000 0.465383 0.385611 0.515697 0.496722 0.439658 0.478478 0.991353 0.980227 0.448052 0.722400 0.966661 0.945055 0.923624 0.958467 0.500320 0.498965 0.986887 0.665519 0.744487 0.670316 0.821999 0.992802 0.866930 0.914339 0.896882 0.761912 0.877296 0.913650 0.775710 0.716323 0.949492 0.791172 0.667789 0.609870 0.774655 0.757640 0.909581 0.837186 0.884303 0.941934 0.660879 0.793574 0.571185 0.563470 0.991879 0.893939 0.996204 0.806214 0.698473 0.655904 0.968300 0.942740 0.811262 0.946383 0.588677 0.602391 0.882581 0.979282 0.797589 0.916301 0.880061 0.961862 0.660905 0.700063 0.710935 0.495364 0.443505 0.352338 0.568438 0.566040 0.559364 0.793590 0.853202 0.800781 0.998753 0.805820 0.808931 0.849703 0.808893 0.690255 0.701343 0.889587 0.999893 0.838955 0.979966 0.775469 0.870171 0.899963 0.897104 0.902616 0.826919 0.849816 0.840640 0.737426 0.937238 0.902445 0.907833 0.816067 0.673303 0.903075 0.953056 0.879920
0.536945 0.569435 0.835059 0.902051 0.865167 0.845958 0.968167 0.933179 0.917865 0.697006 0.728279 0.476106 0.591998 0.465383 0.000000 0.520603 0.549094 0.560127 0.517793 0.554057 0.970922 0.956346 0.630489 0.911538 0.809510 0.787579 0.920275 0.940290 0.550069 0.530762 0.991653 0.822832 0.814549 0.722467 0.754171 0.916653 0.865595 0.966907 0.996044 0.925499 0.807018 0.974656 0.970740 0.826370 0.870137 0.911534 0.835823 0.696233 0.783248 0.770446 0.967669 0.888695 0.970921 0.879417 0.849870 0.903977 0.644707 0.618769 0.830084 0.819652 0.946220 0.905653 0.689771 0.616483 0.839276 0.833465 0.746224 0.775068 0.495256 0.583477 0.951937 0.952045 0.897395 0.903438 0.863627 0.992390 0.830954 0.820204 0.589200 0.590331 0.514146 0.509315 0.712709 0.656973 0.720743 0.990917 0.992580 0.860594 0.842081 0.844721 0.771956 0.891144 0.684710 0.691559 0.813614 0.894655 0.951993 0.844089 0.965884 0.780500 0.886879 0.794209 0.864536 0.878277 0.948168 0.978607 0.991598 0.680944 0.972159 0.869604 0.837892 0.850592 0.835666 0.952957 0.918933 0.948059
0.648660 0.617733 0.860187 0.937648 0.875689 0.737564 0.856077 0.975049 0.843738 0.837223 0.818865 0.515501 0.602905 0.385611 0.520603 0.000000 0.642413 0.643252 0.529277 0.605218 0.948370 0.955547 0.539166 0.615285 0.955842 0.925620 0.837689 0.761700 0.651683 0.616218 0.838718 0.825945 0.926134 0.821793 0.695815 0.831906 0.967859 0.814581 0.880779 0.835998 0.987868 0.994548 0.949423 0.852777 0.741162 0.981721 0.806718 0.793490 0.855062 0.780590 0.966778 0.927836 0.939947 0.875358 0.760483 0.942675 0.725293 0.679437 0.995502 0.998154 0.868554 0.959861 0.881880 0.828444 0.973486 0.988181 0.689587 0.734381 0.710366 0.685283 0.988356 0.892437 0.972925 0.960117 0.911420 0.924501 0.861112 0.817579 0.762203 0.608780 0.641967 0.518600 0.730674 0.640843 0.654069 0.779927 0.847364 0.756472 0.975209 0.831203 0.678569 0.872149 0.695849 0.650491 0.916456 0.912324 0.898020 0.897539 0.908818 0.905943 0.803598 0.778700 0.955653 0.935192 0.982090 0.946709 0.854815 0.609866 0.904649 0.934481 0.792656 0.964376 0.813052 0.963416 0.820818 0.977041
0.394133 0.305218 0.730105 0.891377 0.882546 0.926862 0.956540 0.605098 0.867549 0.597678 0.579915 0.391804 0.709842 0.515697 0.549094 0.642413 0.000000 0.281668 0.399637 0.316884 0.831561 0.947848 0.570963 0.933222 0.727718 0.671384 0.971701 0.987852 0.322128 0.317173 0.944840 0.774641 0.702537 0.619767 0.777075 0.896397 0.808388 0.959454 0.858492 0.916432 0.747223 0.781014 0.798926 0.693581 0.800731 0.651324 0.779294 0.624879 0.518795 0.565918 0.819400 0.753873 0.898343 0.908570 0.821066 0.826575 0.307921 0.321683 0.814150 0.699012 0.971932 0.813524 0.540802 0.398932 0.713202 0.735179 0.769215 0.841425 0.547324 0.430951 0.764479 0.923309 0.858906 0.875802 0.841564 0.971848 0.639634 0.754802 0.537918 0.498551 0.317452 0.391640 0.605795 0.593641 0.805640 0.875822 0.859211 0.901377 0.906995 0.859394 0.936207 0.965217 0.885266 0.692454 0.820836 0.907944 0.950035 0.856505 0.744587 0.556938 0.980442 0.945964 0.711981 0.661678 0.850446 0.858898 0.943092 0.785284 0.966551 0.974692 0.953893 0.666141 0.542998 0.750826 0.986461 0.809041
0.406774 0.287146 0.770424 0.968513 0.915159 0.955142 0.990610 0.607895 0.813828 0.606766 0.615669 0.445781 0.801880 0.496722 0.560127 0.643252 0.281668 0.000000 0.362288 0.293676 0.886662 0.883084 0.515717 0.983510 0.802198 0.749064 0.965121 0.989285 0.345050 0.311070 0.944482 0.710701 0.668115 0.571743 0.820475 0.987528 0.758834 0.999787 0.942744 0.912606 0.708092 0.765343 0.736147 0.610247 0.739565 0.626525 0.725182 0.569956 0.531677 0.594345 0.841497 0.788567 0.900917 0.870287 0.804504 0.800151 0.271897 0.301303 0.864483 0.758958 0.910699 0.863710 0.574609 0.428794 0.752402 0.769952 0.833955 0.917510 0.549778 0.481881 0.770963 0.887219 0.835146 0.836763 0.922738 0.956924 0.612880 0.694489 0.579490 0.450454 0.295961 0.346710 0.538213 0.539777 0.760916 0.961900 0.834677 0.975294 0.960968 0.847578 0.977768 0.931138 0.968821 0.729857 0.736027 0.904456 0.966458 0.752237 0.735666 0.577012 0.940643 0.975668 0.737478 0.665208 0.811813 0.845640 0.936635 0.792499 0.971462 0.937138 0.921817 0.620487 0.519843 0.710219 0.962584 0.782426
0.409407 0.406382 0.884724 0.964368 0.955159 0.922406 0.855311 0.571998 0.977622 0.545563 0.611319 0.444003 0.627320 0.439658 0.517793 0.529277 0.399637 0.362288 0.000000 0.365737 0.959326 0.889765 0.431298 0.990590 0.791152 0.777241 0.939414 0.960792 0.341453 0.364569 0.863672 0.684152 0.560960 0.482282 0.846328 0.969973 0.758197 0.966205 0.922187 0.961600 0.882300 0.791482 0.742087 0.615410 0.843835 0.663072 0.643738 0.547148 0.627194 0.576835 0.764613 0.693875 0.849930 0.998865 0.843829 0.905561 0.394070 0.402959 0.706864 0.658824 0.923601 0.880729 0.489180 0.442125 0.791820 0.780608 0.898320 0.926827 0.489785 0.454482 0.762084 0.813441 0.717772 0.807215 0.960458 0.963601 0.652445 0.664879 0.592605 0.476950 0.404535 0.428307 0.691796 0.697483 0.802854 0.934857 0.738540 0.992981 0.925146 0.853293 0.966486 0.845902 0.932855 0.801502 0.828595 0.799430 0.993946 0.721023 0.668763 0.491748 0.950738 0.939897 0.651012 0.633600 0.792664 0.781250 0.911442 0.803154 0.952027 0.942661 0.928197 0.680685 0.515467 0.744820 0.916212 0.850114
0.397926 0.327686 0.783552 0.975050 0.934122 0.952126 0.976380 0.633375 0.853278 0.617689 0.556520 0.424794 0.724677 0.478478 0.554057 0.605218 0.316884 0.293676 0.365737 0.000000 0.800396 0.832671 0.532634 0.974679 0.722334 0.728612 0.891466 0.962620 0.370360 0.331909 0.975653 0.797627 0.688921 0.610028 0.814588 0.993281 0.778768 0.958127 0.988789 0.903463 0.806372 0.725847 0.768636 0.676971 0.863710 0.725112 0.811449 0.597608 0.618881 0.588656 0.885351 0.811421 0.894580 0.902762 0.840429 0.944092 0.295145 0.317684 0.782129 0.724245 0.950685 0.848154 0.611536 0.449611 0.732324 0.751440 0.820399 0.885259 0.465621 0.479324 0.758049 0.885784 0.830660 0.991504 0.930819 0.955066 0.570444 0.657752 0.627363 0.544668 0.390958 0.427253 0.693034 0.624437 0.863595 0.874736 0.760832 0.845839 0.996125 0.856498 0.995224 0.864538 0.989042 0.791496 0.752762 0.905305 0.977958 0.706575 0.693903 0.508826 0.994373 0.943000 0.646903 0.641630 0.764838 0.780151 0.918401 0.932565 0.997596 0.854794 0.847283 0.656014 0.573307 0.743165 0.924729 0.888386
0.854945 0.750695 0.634712 0.708630 0.909733 0.663409 0.707321 0.971193 0.945516 0.902303 0.888057 0.842364 0.962454 0.991353 0.970922 0.948370 0.831561 0.886662 0.959326 0.800396 0.000000 0.945869 0.872121 0.723306 0.650369 0.611712 0.818415 0.937187 0.800776 0.877969 0.770483 0.772871 0.849991 0.852976 0.752155 0.831328 0.955330 0.936247 0.733561 0.951677 0.939172 0.831526 0.964195 0.989681 0.965345 0.867398 0.834905 0.998710 0.704694 0.748517 0.932081 0.861919 0.907294 0.998638 0.965907 0.946344 0.823589 0.748904 0.906411 0.958833 0.883766 0.921429 0.998177 0.852054 0.724780 0.688169 0.723905 0.746378 0.802522 0.895069 0.812172 0.928769 0.855482 0.782853 0.947803 0.828571 0.931861 0.985983 0.943906 0.938460 0.985855 0.944364 0.945710 0.971066 0.873939 0.714862 0.912814 0.752907 0.929529 0.956481 0.886523 0.987849 0.850779 0.913271 0.934857 0.858627 0.961328 0.855875 0.889763 0.867370 0.934279 0.973892 0.879637 0.896887 0.989322 0.878203 0.714911 0.938177 0.853444 0.960747 0.866261 0.823076 0.898754 0.873077 0.973411 0.892007
0.957877 0.960000 0.878294 0.791236 0.974028 0.850682 0.871246 0.950165 0.997871 0.927132 0.895167 0.986316 0.955243 0.980227 0.956346 0.955547 0.947848 0.883084 0.889765 0.832671 0.945869 0.000000 0.962573 0.959268 0.979886 0.826949 0.832747 0.866292 0.890321 0.862625 0.731036 0.823800 0.776610 0.806102 0.880914 0.867410 0.814618 0.724993 0.855026 0.973605 0.992766 0.808028 0.829953 0.858856 0.937090 0.995298 0.933467 0.837108 0.936373 0.952533 0.938227 0.978353 0.904899 0.874586 0.918152 0.859981 0.959367 0.999189 0.920139 0.930063 0.980069 0.829339 0.905681 0.967565 0.959473 0.976173 0.911297 0.936348 0.901262 0.964011 0.803767 0.852757 0.876465 0.837618 0.952184 0.825516 0.839472 0.763376 0.877864 0.856056 0.876484 0.881874 0.998501 0.966564 0.956073 0.966313 0.905789 0.791510 0.985214 0.999743 0.773303 0.747229 0.834240 0.865726 0.983126 0.858872 0.968975 0.819603 0.863495 0.841710 0.931553 0.806693 0.642540 0.759176 0.780029 0.865930 0.973702 0.868224 0.961613 0.881905 0.882316 0.863940 0.972874 0.812571 0.989202 0.809482
0.510543 0.602334 0.875199 0.765275 0.876597 0.809186 0.698585 0.552750 0.938698 0.625583 0.659676 0.561651 0.582899 0.448052 0.630489 0.539166 0.570963 0.515717 0.431298 0.532634 0.872121 0.962573 0.000000 0.767148 0.874347 0.995893 0.971958 0.977747 0.506762 0.495907 0.782862 0.541697 0.554992 0.518950 0.963742 0.967774 0.856675 0.904156 0.997162 0.954679 0.913810 0.847297 0.823218 0.753413 0.925783 0.860697 0.704273 0.698380 0.827078 0.826331 0.942785 0.893846 0.979198 0.918055 0.819230 0.946171 0.549159 0.554067 0.799411 0.709850 0.811746 0.883576 0.542276 0.537266 0.946026 0.955428 0.971936 0.932269 0.636032 0.602499 0.636755 0.756821 0.739792 0.756248 0.996966 0.933966 0.690245 0.698889 0.586835 0.530229 0.459026 0.476658 0.768164 0.700059 0.728501 0.932467 0.859947 0.897216 0.972413 0.810825 0.874972 0.819759 0.912855 0.855571 0.705092 0.869067 0.890205 0.851529 0.732074 0.621301 0.919651 0.975371 0.758535 0.688107 0.801883 0.781326 0.969408 0.783698 0.926886 0.838496 0.948558 0.834224 0.588985 0.907087 0.826500 0.768460
0.848496 0.960251 0.772194 0.597857 0.878645 0.742619 0.958056 0.922483 0.683167 0.695269 0.823132 0.929480 0.961320 0.722400 0.911538 0.615285 0.933222 0.983510 0.990590 0.974679 0.723306 0.959268 0.767148 0.000000 0.541860 0.591704 0.695410 0.777682 0.820018 0.956889 0.934481 0.849787 0.955825 0.973260 0.839025 0.963578 0.923739 0.829881 0.574854 0.786650 0.960869 0.843764 0.849565 0.915321 0.845697 0.901376 0.843146 0.876895 0.826403 0.865540 0.813165 0.805311 0.809524 0.845372 0.837977 0.945333 0.933845 0.882369 0.638687 0.698462 0.753253 0.871256 0.684828 0.693899 0.600250 0.570041 0.911846 0.855603 0.919708 0.871415 0.985166 0.932014 0.991038 0.981491 0.908308 0.954778 0.911217 0.977950 0.993737 0.926274 0.982917 0.760662 0.798434 0.657291 0.609517 0.448741 0.971075 0.562834 0.900173 0.849520 0.972160 0.914375 0.942289 0.997908 0.879172 0.932128 0.900685 0.943528 0.755487 0.879810 0.864971 0.782835 0.691101 0.675309 0.995418 0.982913 0.778219 0.810524 0.935370 0.985138 0.867183 0.882190 0.913931 0.888054 0.777641 0.997381
0.616689 0.694899 0.645122 0.508353 0.994791 0.883052 0.998238 0.864899 0.762347 0.474965 0.669006 0.639654 0.668670 0.966661 0.809510 0.955842 0.727718 0.802198 0.791152 0.722334 0.650369 0.979886 0.874347 0.541860 0.000000 0.392844 0.690721 0.851869 0.606553 0.666676 0.935835 0.891374 0.951763 0.929414 0.663301 0.750710 0.938513 0.852198 0.609290 0.734384 0.896432 0.862039 0.816261 0.918381 0.943235 0.991181 0.755040 0.890630 0.741824 0.801983 0.984815 0.922921 0.966467 0.978105 0.848588 0.856524 0.691895 0.603112 0.596410 0.655847 0.758089 0.891624 0.617856 0.488873 0.389208 0.373452 0.695286 0.672101 0.715321 0.657505 0.926610 0.936705 0.974380 0.900836 0.959052 0.888395 0.909828 0.891289 0.838697 0.958975 0.805778 0.946022 0.882673 0.972401 0.609004 0.342136 0.895583 0.623301 0.887060 0.811916 0.937442 0.763027 0.904416 0.877636 0.897085 0.991237 0.986815 0.903498 0.642126 0.720101 0.912465 0.806613 0.621105 0.678410 0.951362 0.891319 0.827991 0.880188 0.811724 0.852014 0.927200 0.790014 0.884156 0.954439 0.980815 0.907147
0.668892 0.622754 0.443610 0.389887 0.919490 0.772217 0.707867 0.942224 0.864794 0.587666 0.789541 0.610533 0.787962 0.945055 0.787579 0.925620 0.671384 0.749064 0.777241 0.728612 0.611712 0.826949 0.995893 0.591704 0.392844 0.000000 0.813628 0.891796 0.676415 0.701965 0.686617 0.746566 0.861823 0.899785 0.525349 0.675029 0.985053 0.799098 0.562488 0.843014 0.997183 0.982867 0.788649 0.900571 0.891187 0.943439 0.746570 0.936145 0.661641 0.696894 0.978724 0.874700 0.970385 0.953372 0.842880 0.877938 0.664778 0.564823 0.786817 0.769381 0.993449 0.893683 0.773439 0.574892 0.380316 0.361888 0.466157 0.483493 0.807693 0.747400 0.880496 0.839554 0.814941 0.785253 0.942653 0.893417 0.988592 0.995189 0.912100 0.962731 0.821393 0.961804 0.997841 0.981964 0.694425 0.419794 0.945580 0.671050 0.979948 0.814031 0.775562 0.942915 0.682895 0.632816 0.896933 0.949863 0.769898 0.973912 0.843414 0.882316 0.949395 0.920984 0.866405 0.850197 0.813545 0.938764 0.795737 0.952559 0.827971 0.998063 0.944838 0.891142 0.912801 0.937768 0.990946 0.967711
0.915264 0.996388 0.970990 0.840636 0.744291 0.880493 0.795324 0.895558 0.832221 0.766199 0.861251 0.993674 0.934042 0.923624 0.920275 0.837689 0.971701 0.965121 0.939414 0.891466 0.818415 0.832747 0.971958 0.695410 0.690721 0.813628 0.000000 0.734802 0.872432 0.835261 0.755949 0.860839 0.844187 0.814482 0.961742 0.955986 0.823223 0.997021 0.800211 0.782982 0.934156 0.933081 0.980079 0.935727 0.944550 0.964428 0.931704 0.996544 0.845978 0.893613 0.989890 0.993503 0.906388 0.883264 0.865686 0.852812 0.969307 0.933784 0.840710 0.909279 0.773138 0.978564 0.771144 0.774820 0.765184 0.780778 0.979434 0.946757 0.925808 0.990189 0.836207 0.745241 0.796561 0.935070 0.958497 0.913531 0.947703 0.851975 0.976239 0.926859 0.947975 0.907917 0.819603 0.891231 0.693027 0.635084 0.871832 0.617554 0.955528 0.840925 0.842618 0.833786 0.954020 0.975073 0.828630 0.883537 0.855868 0.905861 0.736848 0.821127 0.885855 0.801648 0.648783 0.744643 0.906817 0.772924 0.798917 0.772755 0.758095 0.866753 0.880501 0.836459 0.967994 0.803360 0.954378 0.968684
0.881856 0.943809 0.896748 0.940954 0.975983 0.778788 0.776636 0.806775 0.849644 0.909670 0.860485 0.966828 0.957037 0.958467 0.940290 0.761700 0.987852 0.989285 0.960792 0.962620 0.937187 0.866292 0.977747 0.777682 0.851869 0.891796 0.734802 0.000000 0.933900 0.962525 0.832050 0.976456 0.933312 0.938519 0.915088 0.995106 0.996380 0.967465 0.734680 0.968721 0.888069 0.849163 0.988139 0.954823 0.907420 0.945194 0.903587 0.932581 0.924855 0.971205 0.924245 0.933859 0.867984 0.904398 0.955797 0.946556 0.966849 0.952771 0.887729 0.760312 0.737600 0.784932 0.844283 0.827211 0.993189 0.971323 0.903872 0.795809 0.992603 0.937707 0.898593 0.753362 0.900527 0.961755 0.873524 0.972013 0.897720 0.946170 0.961077 0.968333 0.980153 0.932616 0.925110 0.939926 0.926773 0.855611 0.808971 0.955784 0.904190 0.995791 0.855157 0.887739 0.864801 0.948418 0.700707 0.886255 0.870972 0.857491 0.799395 0.914846 0.899972 0.851118 0.802278 0.842910 0.875605 0.841003 0.817958 0.938029 0.854733 0.803744 0.937245 0.966422 0.981961 0.884393 0.949332 0.839934
0.350518 0.344642 0.786455 0.881967 0.888529 0.966295 0.892131 0.527210 0.982361 0.480890 0.528792 0.395189 0.598385 0.500320 0.550069 0.651683 0.322128 0.345050 0.341453 0.370360 0.800776 0.890321 0.506762 0.820018 0.606553 0.676415 0.872432 0.933900 0.000000 0.312284 0.843507 0.720533 0.608119 0.518955 0.794765 0.909372 0.708040 0.972769 0.797399 0.993824 0.741374 0.717325 0.782102 0.644679 0.793835 0.653275 0.772631 0.607751 0.558557 0.576197 0.773031 0.714936 0.877425 0.982695 0.777192 0.797487 0.360983 0.344495 0.646986 0.618337 0.856206 0.758677 0.416843 0.326970 0.671130 0.679144 0.830001 0.902347 0.494865 0.387513 0.739559 0.897856 0.735269 0.793212 0.934371 0.969175 0.627841 0.677554 0.582060 0.528373 0.342021 0.439512 0.681291 0.648509 0.864688 0.813359 0.792633 0.904496 0.840759 0.860682 0.991863 0.853652 0.884443 0.756632 0.745555 0.858371 0.962067 0.780265 0.616319 0.503751 0.954559 0.862567 0.552670 0.578159 0.823476 0.819335 0.899699 0.845166 0.914186 0.856526 0.882964 0.578815 0.484161 0.704685 0.982756 0.765573
0.453900 0.355691 0.779428 0.916679 0.981323 0.999034 0.930705 0.590904 0.880186 0.485440 0.588593 0.471869 0.692351 0.498965 0.530762 0.616218 0.317173 0.311070 0.364569 0.331909 0.877969 0.862625 0.495907 0.956889 0.666676 0.701965 0.835261 0.962525 0.312284 0.000000 0.815060 0.623028 0.607860 0.499098 0.734016 0.969879 0.789579 0.943657 0.903869 0.955465 0.805836 0.720640 0.720906 0.603494 0.796899 0.700069 0.776824 0.612102 0.609600 0.640254 0.802697 0.738813 0.879868 0.986109 0.860830 0.903794 0.389287 0.383719 0.849286 0.769087 0.977353 0.940683 0.489668 0.383620 0.618332 0.664508 0.760375 0.858565 0.577116 0.459974 0.726457 0.890611 0.727355 0.740497 0.917526 0.865457 0.626983 0.593212 0.448211 0.448307 0.324990 0.415501 0.639139 0.644578 0.936074 0.808977 0.733959 0.880043 0.989962 0.986790 0.981264 0.839244 0.860899 0.676094 0.718186 0.865618 0.962777 0.747420 0.670693 0.539362 0.959972 0.927040 0.601555 0.607347 0.903565 0.804223 0.891857 0.888702 0.913116 0.858358 0.946747 0.632868 0.506270 0.669742 0.941225 0.831996
0.996762 0.849086 0.560085 0.685521 0.839208 0.818675 0.388735 0.568771 0.924410 0.850134 0.897923 0.805523 0.962813 0.986887 0.991653 0.838718 0.944840 0.944482 0.863672 0.975653 0.770483 0.731036 0.782862 0.934481 0.935835 0.686617 0.755949 0.832050 0.843507 0.815060 0.000000 0.447934 0.441092 0.421186 0.682847 0.678205 0.896843 0.860276 0.932959 0.994309 0.884420 0.934471 0.603161 0.666824 0.603307 0.805265 0.711929 0.785866 0.878522 0.910357 0.732449 0.809475 0.765275 0.654563 0.901329 0.991448 0.935583 0.902158 0.838358 0.865612 0.679392 0.873282 0.599468 0.809647 0.935788 0.896566 0.597046 0.523178 0.967091 0.992513 0.514549 0.584111 0.495400 0.562966 0.967151 0.971965 0.800083 0.685269 0.730728 0.772552 0.835717 0.897904 0.961171 0.969900 0.919865 0.993332 0.792894 0.941308 0.950467 0.944770 0.572152 0.706238 0.728831 0.863119 0.765488 0.989658 0.757170 0.849474 0.616183 0.660505 0.744782 0.593908 0.581370 0.632757 0.748141 0.707943 0.949266 0.804476 0.951723 0.878884 0.742791 0.819937 0.734748 0.696104 0.846376 0.866384
0.857611 0.901680 0.634187 0.614278 0.858772 0.751250 0.526042 0.546258 0.919918 0.795449 0.875510 0.971884 0.876945 0.665519 0.822832 0.825945 0.774641 0.710701 0.684152 0.797627 0.772871 0.823800 0.541697 0.849787 0.891374 0.746566 0.860839 0.976456 0.720533 0.623028 0.447934 0.000000 0.478370 0.428992 0.837448 0.756348 0.807456 0.981586 0.928102 0.981813 0.949647 0.852647 0.597072 0.597848 0.720702 0.820098 0.582628 0.713876 0.938299 0.948361 0.828323 0.845610 0.846123 0.818305 0.790992 0.906594 0.872129 0.914705 0.987634 0.927626 0.800830 0.943522 0.589476 0.742870 0.899768 0.852970 0.759531 0.653299 0.955982 0.856735 0.584962 0.628278 0.522726 0.512519 0.992187 0.968467 0.784119 0.658290 0.578201 0.576268 0.584437 0.591283 0.805737 0.820968 0.844164 0.841706 0.747479 0.908194 0.953987 0.989395 0.757901 0.804402 0.856666 0.998684 0.758732 0.953281 0.809531 0.824669 0.770522 0.723442 0.876555 0.756078 0.695954 0.690805 0.752291 0.675950 0.832026 0.986115 0.952135 0.805965 0.890457 0.732097 0.641549 0.777289 0.922782 0.887695
0.635680 0.828310 0.650212 0.765160 0.921143 0.779235 0.428901 0.460958 0.951516 0.657732 0.631431 0.829615 0.701527 0.744487 0.814549 0.926134 0.702537 0.668115 0.560960 0.688921 0.849991 0.776610 0.554992 0.955825 0.951763 0.861823 0.844187 0.933312 0.608119 0.607860 0.441092 0.478370 0.000000 0.349373 0.767545 0.676882 0.731377 0.822096 0.858020 0.932028 0.838797 0.850048 0.663264 0.666573 0.627931 0.726909 0.574399 0.639290 0.916116 0.933785 0.780136 0.825837 0.873522 0.944231 0.735233 0.849804 0.740706 0.750678 0.642329 0.660137 0.590480 0.874959 0.402405 0.538834 0.938631 0.956815 0.630349 0.599490 0.695934 0.675940 0.562889 0.633831 0.550108 0.559435 0.910509 0.999046 0.684992 0.716020 0.679059 0.683396 0.566922 0.623756 0.937219 0.898603 0.835098 0.994034 0.805414 0.942849 0.809536 0.793537 0.623145 0.652670 0.727683 0.907534 0.790708 0.953151 0.737686 0.659906 0.512645 0.479317 0.732867 0.684212 0.537353 0.563499 0.604548 0.639800 0.998862 0.905102 0.970303 0.830319 0.752311 0.657195 0.616441 0.672295 0.907730 0.901766
0.651394 0.739227 0.734748 0.758929 0.843035 0.775982 0.462860 0.443980 0.920144 0.592861 0.718326 0.808227 0.732187 0.670316 0.722467 0.821793 0.619767 0.571743 0.482282 0.610028 0.852976 0.806102 0.518950 0.973260 0.929414 0.899785 0.814482 0.938519 0.518955 0.499098 0.421186 0.428992 0.349373 0.000000 0.883386 0.745561 0.736231 0.917253 0.948427 0.972097 0.821753 0.882394 0.577519 0.524692 0.632905 0.672140 0.618271 0.544339 0.845141 0.798065 0.716509 0.745106 0.818345 0.860865 0.797565 0.861236 0.685048 0.691686 0.692407 0.696002 0.720086 0.983332 0.434644 0.535320 0.950835 0.950997 0.772289 0.689692 0.764548 0.677754 0.610350 0.660086 0.598208 0.612349 0.973641 0.902597 0.687116 0.578441 0.568009 0.532127 0.527091 0.583086 0.805928 0.816650 0.886908 0.985345 0.676725 0.973113 0.913785 0.942584 0.736692 0.696702 0.892423 0.994636 0.649854 0.959126 0.850731 0.669424 0.551589 0.496848 0.832764 0.703381 0.515309 0.555752 0.663216 0.659176 0.951414 0.980958 0.998731 0.808447 0.842355 0.687866 0.562709 0.653543 0.922510 0.785681
0.845212 0.681131 0.518512 0.576525 0.917689 0.987015 0.602980 0.761023 0.978251 0.704820 0.871702 0.708766 0.817978 0.821999 0.754171 0.695815 0.777075 0.820475 0.846328 0.814588 0.752155 0.880914 0.963742 0.839025 0.663301 0.525349 0.961742 0.915088 0.794765 0.734016 0.682847 0.837448 0.767545 0.883386 0.000000 0.711976 0.794041 0.760920 0.811128 0.990757 0.971463 0.888378 0.819236 0.973934 0.796654 0.979695 0.830760 0.954690 0.686836 0.710483 0.947536 0.837044 0.897560 0.984684 0.905995 0.973870 0.838820 0.758809 0.945498 0.965026 0.798298 0.924386 0.971239 0.828756 0.555655 0.544407 0.388059 0.379916 0.931732 0.771156 0.785908 0.681641 0.806446 0.906990 0.811018 0.866591 0.887991 0.960446 0.855389 0.817042 0.829360 0.913543 0.824359 0.899459 0.908905 0.762197 0.843024 0.881333 0.905155 0.752349 0.474891 0.735990 0.492114 0.522851 0.837135 0.991379 0.679025 0.820735 0.803990 0.875714 0.699031 0.819820 0.901146 0.859914 0.632177 0.721969 0.964970 0.718289 0.975032 0.981090 0.781021 0.820905 0.915125 0.868372 0.968976 0.955175
0.986495 0.915103 0.630861 0.608433 0.830219 0.953857 0.634799 0.760074 0.976321 0.943375 0.927589 0.804938 0.915486 0.992802 0.916653 0.831906 0.896397 0.987528 0.969973 0.993281 0.831328 0.867410 0.967774 0.963578 0.750710 0.675029 0.955986 0.995106 0.909372 0.969879 0.678205 0.756348 0.676882 0.745561 0.711976 0.000000 0.768485 0.617689 0.762264 0.942071 0.850570 0.958197 0.794717 0.860608 0.706458 0.889931 0.731570 0.845047 0.905507 0.914171 0.927953 0.996393 0.903637 0.944019 0.921052 0.947742 0.958450 0.945879 0.955593 0.952466 0.831184 0.903138 0.897768 0.987400 0.695151 0.686348 0.544205 0.547137 0.942091 0.919914 0.751369 0.836442 0.857915 0.847904 0.988560 0.781105 0.825579 0.812929 0.988192 0.920899 0.967672 0.910229 0.986591 0.934857 0.929535 0.811790 0.900632 0.916854 0.971006 0.804131 0.753536 0.880625 0.674213 0.713187 0.992624 0.929114 0.816653 0.775304 0.806794 0.760240 0.923064 0.735785 0.869517 0.830017 0.764744 0.862887 0.852091 0.786120 0.942690 0.990026 0.884151 0.888170 0.842897 0.795361 0.839013 0.954523
0.710701 0.749331 0.898110 0.847575 0.901207 0.918774 0.834076 0.736411 0.785544 0.946490 0.755128 0.820548 0.815591 0.866930 0.865595 0.967859 0.808388 0.758834 0.758197 0.778768 0.955330 0.814618 0.856675 0.923739 0.938513 0.985053 0.823223 0.996380 0.708040 0.789579 0.896843 0.807456 0.731377 0.736231 0.794041 0.768485 0.000000 0.727646 0.983741 0.910566 0.725727 0.884474 0.864115 0.735586 0.801468 0.773274 0.717225 0.684033 0.879129 0.851008 0.850182 0.876819 0.944897 0.980864 0.705172 0.893361 0.757892 0.764048 0.749247 0.814612 0.812568 0.693037 0.753448 0.772569 0.871851 0.923564 0.806171 0.806495 0.647981 0.697155 0.878625 0.946670 0.983070 0.920405 0.980838 0.835405 0.833622 0.910861 0.896966 0.908609 0.794727 0.755540 0.941687 0.915170 0.791639 0.921192 0.970360 0.991487 0.745642 0.700023 0.898152 0.864755 0.977278 0.883962 0.840186 0.877114 0.904760 0.754614 0.719152 0.714294 0.992479 0.940857 0.664811 0.720164 0.823814 0.797725 0.925599 0.935952 0.812958 0.719229 0.727996 0.605239 0.813599 0.722146 0.718408 0.938514
0.914355 0.952670 0.797858 0.790536 0.945231 0.954135 0.863989 0.903031 0.945808 0.818802 0.924480 0.931689 0.928058 0.914339 0.966907 0.814581 0.959454 0.999787 0.966205 0.958127 0.936247 0.724993 0.904156 0.829881 0.852198 0.799098 0.997021 0.967465 0.972769 0.943657 0.860276 0.981586 0.822096 0.917253 0.760920 0.617689 0.727646 0.000000 0.825463 0.948768 0.817075 0.813030 0.958960 0.981220 0.927749 0.969331 0.944574 0.915346 0.883022 0.934122 0.999742 0.948448 0.978664 0.998128 0.942740 0.996251 0.985977 0.946675 0.913460 0.984769 0.917861 0.900887 0.942425 0.947844 0.824777 0.809634 0.733455 0.765035 0.807442 0.994570 0.848468 0.904973 0.858013 0.890177 0.977299 0.920961 0.956769 0.940695 0.912139 0.957517 0.992839 0.948014 0.868096 0.754183 0.946156 0.929094 0.979422 0.797378 0.944814 0.859305 0.871505 0.870876 0.813451 0.685312 0.910808 0.837580 0.921094 0.817348 0.935591 0.895368 0.868644 0.908206 0.860603 0.840529 0.870968 0.999786 0.989347 0.874847 0.977295 0.983376 0.896525 0.843231 0.910517 0.677794 0.865147 0.995246
