0.000000 0.280950 0.907398 0.742396 0.937745 0.902082 0.922713 0.846497 0.811498 0.754115 0.489675 0.414176 0.451523 0.434643 0.718063 0.655864 0.375025 0.304032 0.429704 0.329527 0.899288 0.755380 0.860544 0.720914 0.815532 0.916766 0.775881 0.862199 0.754946 0.624596 0.705661 0.984452 0.828441 0.764984 0.986472 0.995602 0.760174 0.632232 0.848498 0.742926 0.781190 0.942618 0.858790 0.748909 0.981041 0.807454 0.662739 0.675329 0.744034 0.547323 0.724532 0.587066 0.930438 0.882457 0.555539 0.685268 0.300426 0.291362 0.484757 0.462681 0.842566 0.974953 0.544955 0.495846 0.845205 0.915557 0.943928 0.982275 0.344581 0.440250 0.958670 0.787767 0.751574 0.959565 0.809178 0.705810 0.836371 0.898824 0.734192 0.584769 0.318810 0.286652 0.516008 0.372019 0.536850 0.594770 0.621938 0.705263 0.686411 0.558976 0.985727 0.985560 0.972356 0.921722 0.813244 0.946739 0.791094 0.968968 0.894896 0.986540 0.778244 0.939582 0.899821 0.948871 0.939933 0.980136 0.963021 0.880731 0.931590 0.819090 0.995969 0.993530 0.955139 0.855559 0.966281 0.933679
0.280950 0.000000 0.814320 0.639089 0.939320 0.944520 0.870291 0.799174 0.856789 0.777998 0.597222 0.425105 0.415418 0.386750 0.638697 0.537438 0.393614 0.313610 0.435667 0.314767 0.890138 0.758768 0.709354 0.623726 0.731640 0.984361 0.696289 0.884646 0.719249 0.613242 0.757811 0.966553 0.820256 0.754916 0.933870 0.949071 0.813080 0.591631 0.801668 0.700213 0.825542 0.994829 0.799077 0.708161 0.948416 0.774729 0.616151 0.618377 0.724212 0.485956 0.650935 0.500505 0.806234 0.920568 0.557859 0.696002 0.258659 0.219892 0.471551 0.372554 0.766429 0.880690 0.544142 0.450603 0.750183 0.824603 0.876515 0.919238 0.417862 0.443875 0.972804 0.793716 0.742381 0.999046 0.824568 0.800268 0.832795 0.951546 0.674294 0.658204 0.343540 0.324168 0.469358 0.396975 0.435804 0.489753 0.644979 0.595082 0.671301 0.526179 0.963601 0.955081 0.930417 0.957791 0.751721 0.993127 0.814738 0.989023 0.925852 0.961826 0.774697 0.886875 0.886478 0.971169 0.870178 0.893051 0.957136 0.917287 0.887600 0.799014 0.892931 0.966455 0.899936 0.811797 0.799893 0.916399
0.907398 0.814320 0.000000 0.305959 0.661661 0.848939 0.379284 0.421132 0.523931 0.923235 0.984733 0.910925 0.610993 0.820886 0.699221 0.741751 0.891109 0.914769 0.795705 0.870514 0.806186 0.981808 0.446469 0.539723 0.468849 0.431274 0.861890 0.894908 0.860389 0.792527 0.661427 0.823206 0.612361 0.703852 0.673820 0.839356 0.580466 0.751809 0.815792 0.987063 0.825618 0.889797 0.808469 0.790795 0.801633 0.848850 0.793691 0.867752 0.857512 0.993597 0.994842 0.952961 0.894542 0.927927 0.728400 0.992097 0.901400 0.934272 0.805769 0.909136 0.365980 0.463129 0.883417 0.996224 0.308331 0.257297 0.526328 0.521364 0.803007 0.968496 0.583811 0.615254 0.747915 0.742990 0.961777 0.802901 0.830836 0.721333 0.969539 0.923650 0.894705 0.989132 0.942265 0.999593 0.545063 0.466921 0.830279 0.922827 0.742356 0.733454 0.680856 0.948341 0.603411 0.826241 0.810056 0.969797 0.797731 0.986277 0.840593 0.799434 0.786164 0.948474 0.862161 0.915785 0.602376 0.820285 0.903211 0.874798 0.710160 0.861772 0.773708 0.840474 0.875017 0.970746 0.886985 0.930441
0.742396 0.639089 0.305959 0.000000 0.640614 0.940009 0.515847 0.410775 0.642755 0.949210 0.948408 0.689832 0.495822 0.640393 0.574014 0.550522 0.964983 0.881890 0.607990 0.644752 0.900929 0.870277 0.347482 0.403195 0.487986 0.578713 0.685436 0.939444 0.999263 0.973490 0.815720 0.800081 0.709576 0.754995 0.681871 0.889471 0.589237 0.676700 0.767120 0.872429 0.849244 0.878854 0.798197 0.758161 0.865612 0.817923 0.768403 0.742767 0.956423 0.856787 0.923229 0.819568 0.856877 0.866233 0.694146 0.952306 0.751616 0.741923 0.711383 0.771921 0.474478 0.503034 0.965339 0.835025 0.318097 0.350054 0.579639 0.625133 0.663326 0.870330 0.576748 0.680535 0.850527 0.831926 0.987573 0.818951 0.774568 0.764910 0.882507 0.945591 0.899387 0.855895 0.819160 0.829043 0.471766 0.418476 0.699231 0.825369 0.655662 0.657225 0.718006 0.928898 0.651022 0.811571 0.750429 0.928975 0.740685 0.913417 0.835224 0.750232 0.891853 0.947387 0.934417 0.870616 0.559312 0.694483 0.982656 0.836068 0.671396 0.725501 0.797541 0.781212 0.887997 0.967952 0.826717 0.937077
0.937745 0.939320 0.661661 0.640614 0.000000 0.967580 0.772842 0.807102 0.784621 0.960369 0.901667 0.915676 0.764173 0.979876 0.757330 0.869366 0.845445 0.889617 0.992252 0.934408 0.924188 0.964545 0.572926 0.637666 0.625374 0.671733 0.662320 0.932308 0.894752 0.848017 0.826712 0.974879 0.932253 0.995670 0.921995 0.882859 0.849307 0.918034 0.945810 0.915109 0.897018 0.917244 0.992958 0.941039 0.934714 0.898448 0.897522 0.927740 0.805824 0.895168 0.913203 0.959128 0.919234 0.992627 0.972146 0.963360 0.955485 0.992094 0.926821 0.994577 0.762803 0.809532 0.889607 0.954412 0.605525 0.683575 0.803049 0.854158 0.893974 0.930455 0.812074 0.942005 0.857589 0.968827 0.988088 0.960300 0.905302 0.986751 0.834805 0.994943 0.906876 0.898735 0.909817 0.932513 0.746502 0.684156 0.858887 0.854724 0.909421 0.875204 0.952215 0.965215 0.846215 0.950156 0.884477 0.964636 0.963406 0.879964 0.958246 0.979526 0.963139 0.906720 0.811974 0.809893 0.896373 0.819146 0.996818 0.935167 0.991820 0.957945 0.866325 0.991875 0.880712 0.867995 0.968527 0.899067
0.902082 0.944520 0.848939 0.940009 0.967580 0.000000 0.629073 0.650472 0.766692 0.687272 0.871961 0.981487 0.916181 0.870570 0.852606 0.906990 0.928213 0.864864 0.950660 0.936842 0.937856 0.863746 0.975611 0.870464 0.900443 0.851757 0.768038 0.983238 0.880837 0.886987 0.785271 0.843697 0.670459 0.574842 0.958883 0.880168 0.914702 0.938140 0.961629 0.866925 0.944678 0.937682 0.674437 0.720128 0.605623 0.701504 0.818601 0.806843 0.766002 0.895490 0.820105 0.932858 0.815689 0.855053 0.944348 0.924654 0.903397 0.856346 0.816658 0.868583 0.719455 0.749053 0.911554 0.958221 0.988861 0.789235 0.589068 0.647785 0.879637 0.869711 0.737109 0.792109 0.738524 0.785652 0.988846 0.892715 0.877206 0.762736 0.996255 0.981735 0.965674 0.896805 0.819390 0.883212 0.931272 0.943094 0.824487 0.979504 0.811702 0.721782 0.727104 0.842186 0.769897 0.930171 0.909283 0.967918 0.726743 0.915252 0.631166 0.665184 0.690487 0.958573 0.958166 0.785095 0.867156 0.812288 0.938359 0.879415 0.937842 0.863529 0.820330 0.704718 0.696615 0.806994 0.871809 0.931713
0.922713 0.870291 0.379284 0.515847 0.772842 0.629073 0.000000 0.331111 0.473225 0.661818 0.887217 0.918803 0.718011 0.867258 0.783230 0.894135 0.930209 0.940729 0.691929 0.839651 0.898392 0.974167 0.626441 0.823835 0.807885 0.557369 0.895565 0.958207 0.877446 0.978670 0.576373 0.628818 0.373361 0.470504 0.717073 0.877176 0.642433 0.893145 0.937165 0.857164 0.934052 0.851778 0.461512 0.503587 0.437186 0.502830 0.555488 0.630762 0.763323 0.754766 0.686081 0.702813 0.574259 0.582685 0.702844 0.796985 0.927008 0.979616 0.620006 0.823955 0.334512 0.464789 0.850188 0.833032 0.589134 0.423047 0.313300 0.312962 0.970537 0.907862 0.489165 0.563672 0.611872 0.657118 0.929975 0.748093 0.592774 0.595210 0.847286 0.953405 0.951547 0.977120 0.984114 0.968898 0.697085 0.701117 0.977066 0.949630 0.914421 0.958297 0.467941 0.737381 0.523140 0.744758 0.703226 0.882288 0.575254 0.823971 0.500805 0.487152 0.566741 0.841844 0.876377 0.786922 0.521444 0.677515 0.743417 0.717260 0.659884 0.783906 0.689954 0.642316 0.578188 0.789425 0.790860 0.877394
0.846497 0.799174 0.421132 0.410775 0.807102 0.650472 0.331111 0.000000 0.510400 0.574297 0.838248 0.718443 0.691589 0.766320 0.809213 0.742164 0.945335 0.959008 0.628345 0.718575 0.989666 0.918373 0.654096 0.803662 0.807019 0.623596 0.980529 0.990664 0.897360 0.934176 0.621881 0.589715 0.485095 0.441734 0.769231 0.954253 0.523400 0.757709 0.890281 0.983886 0.850646 0.814070 0.441435 0.451936 0.537377 0.502078 0.484362 0.485232 0.755968 0.643461 0.633200 0.616421 0.630398 0.549169 0.686033 0.842907 0.886210 0.925193 0.566166 0.713845 0.399635 0.324114 0.936829 0.748219 0.656136 0.397317 0.477306 0.374772 0.840671 0.957016 0.499002 0.540363 0.690067 0.707099 0.907317 0.799870 0.621244 0.589757 0.884331 0.870458 0.908972 0.959367 0.964671 0.973719 0.810133 0.742822 0.946061 0.979918 0.909983 0.975890 0.523501 0.773195 0.641225 0.854208 0.798141 0.832594 0.622475 0.867742 0.501591 0.452321 0.534573 0.869594 0.766610 0.790155 0.474602 0.726404 0.886125 0.670611 0.662784 0.727067 0.692050 0.623634 0.633727 0.729285 0.715996 0.933499
0.811498 0.856789 0.523931 0.642755 0.784621 0.766692 0.473225 0.510400 0.000000 0.576503 0.935793 0.804022 0.974943 0.861863 0.929024 0.945448 0.849974 0.687076 0.971663 0.855216 0.966577 0.886280 0.787229 0.971750 0.801211 0.492979 0.865855 0.986108 0.996322 0.810209 0.466802 0.623768 0.521751 0.666643 0.691832 0.981776 0.769127 0.978369 0.976134 0.953927 0.998323 0.732398 0.597269 0.655319 0.575639 0.651239 0.740742 0.765903 0.923147 0.916541 0.801365 0.892339 0.724090 0.641164 0.865354 0.914573 0.851405 0.734947 0.819675 0.953088 0.522618 0.551525 0.913810 0.936685 0.726422 0.582755 0.524949 0.449808 0.938365 0.809915 0.620382 0.566478 0.541172 0.619030 0.939086 0.876027 0.759943 0.656830 0.975726 0.839619 0.736978 0.678526 0.907492 0.738066 0.965068 0.916827 0.899604 0.999941 0.963809 0.952780 0.550773 0.865822 0.665466 0.863360 0.853866 0.900199 0.813317 0.845826 0.592838 0.601386 0.563322 0.942444 0.876645 0.773462 0.635995 0.728548 0.819825 0.678531 0.737877 0.922350 0.671092 0.633834 0.681159 0.828243 0.797607 0.969519
0.754115 0.777998 0.923235 0.949210 0.960369 0.687272 0.661818 0.574297 0.576503 0.000000 0.915982 0.977762 0.693450 0.747290 0.818089 0.840112 0.919591 0.711058 0.953454 0.902229 0.849576 0.884746 0.891762 0.674912 0.823729 0.836634 0.677204 0.885153 0.817537 0.861355 0.530597 0.556454 0.657778 0.534495 0.794005 0.956623 0.839144 0.888574 0.980670 0.954469 0.944060 0.770420 0.440647 0.537077 0.434762 0.450752 0.668079 0.578658 0.565470 0.694743 0.594053 0.785216 0.644725 0.489065 0.983492 0.857378 0.760325 0.684970 0.782191 0.912305 0.732940 0.532646 0.991074 0.849381 0.831959 0.885375 0.672228 0.489690 0.803288 0.816231 0.750302 0.634411 0.538506 0.668323 0.958235 0.821337 0.680763 0.611404 0.965035 0.941719 0.851132 0.664524 0.803963 0.740458 0.665547 0.726211 0.704702 0.784980 0.941881 0.670710 0.691540 0.933188 0.907606 0.905494 0.979586 0.792775 0.758501 0.712206 0.504396 0.510869 0.467057 0.803582 0.601916 0.568020 0.647100 0.748432 0.913224 0.590836 0.804226 0.809710 0.678265 0.642523 0.614420 0.802684 0.769111 0.852805
0.489675 0.597222 0.984733 0.948408 0.901667 0.871961 0.887217 0.838248 0.935793 0.915982 0.000000 0.664606 0.824256 0.715979 0.939342 0.992113 0.554729 0.496090 0.583228 0.557874 0.958683 0.955622 0.830103 0.911016 0.790389 0.800727 0.976035 0.978263 0.658872 0.515103 0.844082 0.836645 0.788578 0.624213 0.960268 0.909208 0.943064 0.854756 0.888775 0.953423 0.821495 0.949454 0.743975 0.675202 0.827718 0.712125 0.676254 0.746525 0.674166 0.607524 0.769178 0.712641 0.938700 0.978583 0.764539 0.801265 0.570022 0.659829 0.563498 0.570456 0.962917 0.959654 0.530459 0.642310 0.871705 0.953431 0.809911 0.828575 0.678299 0.739108 0.990949 0.846123 0.922685 0.930904 0.835084 0.806303 0.798641 0.981609 0.797235 0.738511 0.539494 0.569621 0.790586 0.687974 0.956521 0.982214 0.819311 0.919029 0.882771 0.958619 0.845318 0.806704 0.870168 0.812418 0.832069 0.936368 0.693526 0.829019 0.730424 0.800465 0.926031 0.880280 0.752312 0.694406 0.998493 0.957281 0.980476 0.997567 0.915256 0.833070 0.911994 0.907585 0.760403 0.846494 0.946945 0.932523
0.414176 0.425105 0.910925 0.689832 0.915676 0.981487 0.918803 0.718443 0.804022 0.977762 0.664606 0.000000 0.519503 0.516625 0.695519 0.554767 0.575102 0.470749 0.536143 0.349193 0.976167 0.693029 0.799697 0.724109 0.829185 0.898283 0.741391 0.991815 0.693572 0.512360 0.856765 0.963455 0.879787 0.710147 0.981203 0.985141 0.660184 0.527348 0.869829 0.687681 0.869058 0.999864 0.837987 0.763706 0.954053 0.780204 0.715418 0.607426 0.705550 0.566095 0.705666 0.614348 0.874259 0.972898 0.686048 0.818408 0.507717 0.415370 0.639644 0.490023 0.786320 0.729447 0.652315 0.404797 0.867729 0.861988 0.999942 0.936377 0.498117 0.504076 0.985157 0.876781 0.833888 0.919045 0.988027 0.840365 0.905173 0.985521 0.800945 0.564879 0.414743 0.457989 0.656016 0.500375 0.695480 0.688444 0.665410 0.801881 0.864516 0.765407 0.891582 0.911446 0.882078 0.829493 0.907838 0.902147 0.765408 0.927791 0.968608 0.946864 0.979450 0.896595 0.890145 0.931368 0.862017 0.907881 0.855406 0.923064 0.858736 0.774908 0.946842 0.970168 0.957436 0.784078 0.928866 0.977068
0.451523 0.415418 0.610993 0.495822 0.764173 0.916181 0.718011 0.691589 0.974943 0.693450 0.824256 0.519503 0.000000 0.310707 0.386672 0.378438 0.589277 0.529618 0.423407 0.456758 0.921175 0.695694 0.441100 0.389022 0.640445 0.920988 0.648712 0.927131 0.873055 0.831066 0.873119 0.990431 0.826098 0.859574 0.936314 0.974843 0.749370 0.762526 0.932121 0.902508 0.835578 0.950330 0.910607 0.804580 0.933700 0.942568 0.740946 0.776584 0.979088 0.778214 0.894975 0.649107 0.843245 0.988337 0.759786 0.807310 0.452543 0.413073 0.694452 0.585734 0.641425 0.767942 0.772067 0.637639 0.519234 0.618298 0.898321 0.961613 0.588679 0.629011 0.780835 0.975326 0.874585 0.951301 0.919464 0.966852 0.847002 0.951412 0.794336 0.605621 0.549690 0.470473 0.598767 0.530930 0.373004 0.434377 0.545657 0.640879 0.748559 0.576600 0.900700 0.860502 0.831734 0.853541 0.866401 0.997320 0.809268 0.967999 0.965428 0.872816 0.899820 0.992212 0.962936 0.879411 0.821267 0.889181 0.960154 0.938224 0.831726 0.884307 0.919570 0.905846 0.949153 0.880455 0.923813 0.953801
0.434643 0.386750 0.820886 0.640393 0.979876 0.870570 0.867258 0.766320 0.861863 0.747290 0.715979 0.516625 0.310707 0.000000 0.451454 0.363315 0.494114 0.423051 0.405214 0.467213 0.987612 0.671648 0.610079 0.529179 0.879369 0.889237 0.692765 0.979796 0.709005 0.638534 0.764008 0.902666 0.880852 0.828527 0.907651 0.973909 0.916207 0.786584 0.983550 0.889711 0.982904 0.897111 0.825466 0.705553 0.973673 0.834374 0.666114 0.707599 0.897199 0.635846 0.766317 0.541046 0.799992 0.962160 0.841784 0.796986 0.373914 0.376656 0.597972 0.487342 0.756464 0.865013 0.656553 0.552394 0.745663 0.784931 0.977849 0.967677 0.686504 0.656389 0.996826 0.820389 0.853604 0.977095 0.811958 0.974879 0.885095 0.965604 0.667278 0.521536 0.458994 0.431765 0.522572 0.513180 0.527885 0.570533 0.618158 0.673088 0.780179 0.682841 0.958701 0.872572 0.978553 0.892109 0.862569 0.917231 0.858493 0.963648 0.910151 0.842271 0.869981 0.992585 0.915710 0.967359 0.878148 0.927962 0.971571 0.861368 0.852476 0.847155 0.864580 0.890610 0.919360 0.776823 0.794232 0.966931
0.718063 0.638697 0.699221 0.574014 0.757330 0.852606 0.783230 0.809213 0.929024 0.818089 0.939342 0.695519 0.386672 0.451454 0.000000 0.323539 0.703271 0.707330 0.611587 0.727260 0.981062 0.790879 0.381843 0.410528 0.656879 0.964587 0.653183 0.932001 0.790199 0.873326 0.967966 0.825207 0.882007 0.901243 0.921924 0.988701 0.863316 0.778070 0.984321 0.936411 0.977961 0.950041 0.889624 0.840695 0.994345 0.903702 0.801298 0.832518 0.962728 0.853072 0.900280 0.714286 0.754100 0.902897 0.910829 0.866967 0.593401 0.600965 0.752771 0.719435 0.661454 0.744772 0.820512 0.672393 0.523945 0.683165 0.939540 0.963124 0.798959 0.847010 0.830628 0.923432 0.945348 0.867278 0.936801 0.930083 0.920525 0.789154 0.726941 0.678853 0.715702 0.710605 0.605122 0.669510 0.445020 0.493535 0.679835 0.625781 0.741069 0.671636 0.966156 0.983793 0.974165 0.955456 0.876157 0.905045 0.843977 0.964332 0.990549 0.861759 0.863806 0.922036 0.959530 0.847251 0.765087 0.812768 0.898043 0.959196 0.777290 0.918451 0.880953 0.876686 0.857680 0.909069 0.863172 0.945449
0.655864 0.537438 0.741751 0.550522 0.869366 0.906990 0.894135 0.742164 0.945448 0.840112 0.992113 0.554767 0.378438 0.363315 0.323539 0.000000 0.681689 0.640197 0.609216 0.630563 0.974631 0.682072 0.410707 0.407269 0.692740 0.989268 0.670857 0.862982 0.791931 0.766823 0.992080 0.860095 0.935322 0.883212 0.993560 0.983289 0.820678 0.715728 0.923302 0.900848 0.959776 0.896124 0.877375 0.767255 0.915135 0.891806 0.734898 0.756946 0.983364 0.775837 0.834811 0.668533 0.765401 0.964510 0.916866 0.881990 0.537175 0.502735 0.722688 0.593161 0.693022 0.686941 0.864757 0.582891 0.599602 0.696781 0.941943 0.944700 0.735331 0.720527 0.912552 0.905575 0.878136 0.888933 0.983851 0.879209 0.945779 0.807985 0.726458 0.687547 0.645731 0.647510 0.563376 0.558499 0.481730 0.489578 0.702297 0.709130 0.704534 0.659787 0.903302 0.937869 0.884289 0.896272 0.929531 0.949545 0.920343 0.994645 0.958076 0.897485 0.890743 0.854956 0.984109 0.828792 0.776360 0.835962 0.946033 0.939498 0.784264 0.906985 0.886921 0.872167 0.883103 0.803556 0.766828 0.940510
0.375025 0.393614 0.891109 0.964983 0.845445 0.928213 0.930209 0.945335 0.849974 0.919591 0.554729 0.575102 0.589277 0.494114 0.703271 0.681689 0.000000 0.331653 0.485503 0.422860 0.999108 0.797510 0.957054 0.880012 0.952298 0.767927 0.910720 0.930608 0.541763 0.486560 0.806729 0.881094 0.767177 0.698036 0.975581 0.893296 0.933188 0.755542 0.951074 0.783810 0.835994 0.926900 0.710237 0.587615 0.824378 0.647232 0.565055 0.589332 0.535584 0.454094 0.545295 0.450257 0.701750 0.914005 0.630982 0.511838 0.325450 0.340945 0.460124 0.389488 0.935268 0.951731 0.372401 0.391260 0.905533 0.835982 0.942111 0.972756 0.568439 0.564787 0.929216 0.763060 0.805382 0.960766 0.812589 0.860318 0.747061 0.919668 0.583876 0.619643 0.258221 0.309095 0.467825 0.398415 0.674486 0.803640 0.751691 0.606271 0.761323 0.720414 0.980076 0.931702 0.939475 0.980802 0.747387 0.950026 0.759669 0.813885 0.767134 0.866156 0.849630 0.934482 0.668948 0.760510 0.919575 0.916184 0.959878 0.938999 0.921416 0.828078 0.878350 0.853260 0.788241 0.811504 0.814399 0.917377
0.304032 0.313610 0.914769 0.881890 0.889617 0.864864 0.940729 0.959008 0.687076 0.711058 0.496090 0.470749 0.529618 0.423051 0.707330 0.640197 0.331653 0.000000 0.465367 0.378422 0.978481 0.775069 0.902304 0.733422 0.976399 0.756223 0.772889 0.939874 0.631800 0.510365 0.610184 0.956951 0.916820 0.852776 0.998469 0.987852 0.997325 0.708203 0.868920 0.763308 0.851352 0.968591 0.920740 0.808983 0.952269 0.861216 0.740129 0.738908 0.727270 0.543504 0.754404 0.610544 0.911356 0.850280 0.645418 0.642357 0.271877 0.264613 0.547050 0.446511 0.966673 0.818588 0.416919 0.433692 0.964239 0.858478 0.985205 0.893079 0.496207 0.483443 0.909049 0.646841 0.684772 0.913578 0.772527 0.763259 0.892902 0.865531 0.608193 0.621324 0.296068 0.276428 0.451092 0.366879 0.584897 0.701527 0.613352 0.598860 0.698330 0.608669 0.877856 0.967555 0.955103 0.933475 0.787315 0.990239 0.792068 0.876123 0.971056 0.992321 0.693216 0.914200 0.841813 0.930706 0.983517 0.940490 0.984838 0.820070 0.958174 0.837372 0.965772 0.949059 0.913324 0.848286 0.947728 0.956014
0.429704 0.435667 0.795705 0.607990 0.992252 0.950660 0.691929 0.628345 0.971663 0.953454 0.583228 0.536143 0.423407 0.405214 0.611587 0.609216 0.485503 0.465367 0.000000 0.422557 0.992444 0.694501 0.729723 0.697280 0.981086 0.908695 0.822742 0.913527 0.672871 0.648776 0.855586 0.774956 0.718965 0.692522 0.980062 0.881893 0.794567 0.813155 0.880838 0.885051 0.711633 0.967831 0.663044 0.590976 0.817055 0.676144 0.553826 0.525151 0.705232 0.538030 0.701005 0.522839 0.750709 0.812472 0.717057 0.698424 0.433815 0.471640 0.509762 0.482795 0.723076 0.833416 0.542203 0.561820 0.821596 0.800927 0.756393 0.795395 0.636712 0.781535 0.698690 0.983761 0.938435 0.963526 0.862634 0.979523 0.701755 0.847227 0.689441 0.565160 0.478549 0.459805 0.639815 0.593025 0.626637 0.728254 0.652933 0.674389 0.811161 0.840962 0.770500 0.724643 0.752382 0.744883 0.764714 0.875261 0.536961 0.895329 0.635696 0.624870 0.962319 0.847122 0.723456 0.880316 0.688655 0.764738 0.953045 0.885266 0.805574 0.629873 0.821592 0.781056 0.720770 0.735013 0.842599 0.978646
0.329527 0.314767 0.870514 0.644752 0.934408 0.936842 0.839651 0.718575 0.855216 0.902229 0.557874 0.349193 0.456758 0.467213 0.727260 0.630563 0.422860 0.378422 0.422557 0.000000 0.944205 0.760258 0.805418 0.715077 0.845917 0.946597 0.733103 0.969659 0.699179 0.582539 0.787306 0.963117 0.800091 0.717542 0.964955 0.939711 0.711558 0.562141 0.817922 0.646147 0.801224 0.919405 0.780059 0.694537 0.932169 0.764564 0.618618 0.604308 0.662816 0.455285 0.653593 0.495210 0.791335 0.912213 0.551511 0.650214 0.380434 0.313241 0.504195 0.436585 0.821097 0.863795 0.576694 0.429481 0.858065 0.893203 0.867031 0.901966 0.429843 0.480155 0.904238 0.916315 0.798490 0.968302 0.864879 0.862822 0.732171 0.975262 0.723234 0.638404 0.332135 0.351129 0.600745 0.432309 0.570317 0.649575 0.664071 0.724280 0.747504 0.661951 0.918061 0.902583 0.893665 0.907372 0.852403 0.873015 0.682673 0.942723 0.850798 0.830466 0.977601 0.929155 0.762999 0.922190 0.812094 0.851596 0.941294 0.953098 0.862790 0.693868 0.956177 0.944974 0.941275 0.814839 0.875180 0.922644
0.899288 0.890138 0.806186 0.900929 0.924188 0.937856 0.898392 0.989666 0.966577 0.849576 0.958683 0.976167 0.921175 0.987612 0.981062 0.974631 0.999108 0.978481 0.992444 0.944205 0.000000 0.982158 0.957273 0.859655 0.806405 0.864704 0.993411 0.826915 0.980458 0.973995 0.923764 0.966573 0.827127 0.903435 0.822282 0.796044 0.998438 0.978767 0.876373 0.957343 0.999303 0.994787 0.903654 0.950913 0.934823 0.992594 0.969832 0.817577 0.998409 0.897756 0.940136 0.868582 0.864482 0.700851 0.816124 0.803673 0.943239 0.889133 0.903709 0.969928 0.709931 0.909400 0.907849 0.976170 0.767023 0.772618 0.860181 0.929474 0.936995 0.950601 0.982389 0.853061 0.969997 0.929499 0.799685 0.983274 0.988395 0.921750 0.824526 0.975647 0.910755 0.865871 0.882027 0.941422 0.740083 0.697670 0.898667 0.885048 0.864503 0.836579 0.850001 0.693998 0.942590 0.851113 0.997071 0.850098 0.938922 0.786818 0.880313 0.789246 0.851773 0.962100 0.843675 0.874496 0.795791 0.934780 0.972357 0.966724 0.989610 0.849614 0.839719 0.831531 0.945227 0.860656 0.980409 0.946487
0.755380 0.758768 0.981808 0.870277 0.964545 0.863746 0.974167 0.918373 0.886280 0.884746 0.955622 0.693029 0.695694 0.671648 0.790879 0.682072 0.797510 0.775069 0.694501 0.760258 0.982158 0.000000 0.821487 0.780706 0.996719 0.898371 0.805450 0.909532 0.939459 0.916701 0.874604 0.996424 0.927381 0.957240 0.907162 0.839822 0.866848 0.896115 0.902983 0.808897 0.964404 0.935892 0.950882 0.895200 0.899820 0.973353 0.880941 0.875625 0.955850 0.800711 0.845469 0.740683 0.825257 0.916417 0.854350 0.867003 0.728204 0.689302 0.885232 0.740644 0.904104 0.915677 0.795416 0.704478 0.970859 0.990356 0.842729 0.867289 0.854669 0.848724 0.974371 0.924910 0.912937 0.931519 0.865849 0.958642 0.927614 0.946284 0.946468 0.732136 0.737935 0.678235 0.741159 0.696590 0.839100 0.840995 0.721984 0.768999 0.871202 0.922697 0.984635 0.912508 0.909641 0.999614 0.868594 0.991482 0.731368 0.961133 0.948149 0.910615 0.997644 0.877470 0.962334 0.972787 0.884035 0.991367 0.783231 0.938799 0.861796 0.832522 0.875241 0.881725 0.984685 0.827082 0.784685 0.949694
0.860544 0.709354 0.446469 0.347482 0.572926 0.975611 0.626441 0.654096 0.787229 0.891762 0.830103 0.799697 0.441100 0.610079 0.381843 0.410707 0.957054 0.902304 0.729723 0.805418 0.957273 0.821487 0.000000 0.300386 0.473602 0.668455 0.612555 0.922495 0.995124 0.936663 0.863160 0.885712 0.856938 0.939462 0.807455 0.901774 0.731094 0.769620 0.915982 0.992575 0.956467 0.984469 0.932278 0.910347 0.982517 0.973989 0.926516 0.907874 0.827975 0.991678 0.977113 0.888995 0.789723 0.934912 0.880973 0.927471 0.795731 0.733155 0.908920 0.848337 0.549785 0.633893 0.955552 0.834573 0.302555 0.477661 0.758757 0.839381 0.814515 0.892556 0.679784 0.825418 0.880421 0.871207 0.907887 0.729228 0.903870 0.837418 0.841974 0.955001 0.924387 0.903327 0.725093 0.808869 0.375388 0.380591 0.692679 0.728150 0.686854 0.601889 0.885454 0.996014 0.799489 0.882723 0.793574 0.975453 0.869751 0.966899 0.988562 0.858790 0.934177 0.882906 0.852942 0.688102 0.677733 0.713989 0.926306 0.953653 0.766535 0.831873 0.867955 0.822300 0.935004 0.963799 0.864260 0.991387
0.720914 0.623726 0.539723 0.403195 0.637666 0.870464 0.823835 0.803662 0.971750 0.674912 0.911016 0.724109 0.389022 0.529179 0.410528 0.407269 0.880012 0.733422 0.697280 0.715077 0.859655 0.780706 0.300386 0.000000 0.455126 0.770466 0.479120 0.829588 0.968298 0.979904 0.986685 0.983659 0.938390 0.959168 0.902547 0.888510 0.827786 0.755823 0.839992 0.951957 0.891009 0.997411 0.867888 0.962041 0.785414 0.865827 0.973657 0.994734 0.738745 0.973108 0.843829 0.963886 0.990897 0.848542 0.832601 0.975243 0.688712 0.611861 0.939709 0.831852 0.719425 0.824537 0.977703 0.830274 0.371639 0.594024 0.968134 0.956917 0.671649 0.821403 0.788734 0.940652 0.940908 0.991221 0.993169 0.897431 0.984107 0.937234 0.822382 0.882870 0.813154 0.719837 0.684592 0.650136 0.356343 0.361647 0.609601 0.688616 0.615588 0.517408 0.917735 0.895532 0.944536 0.975145 0.858561 0.902743 0.938932 0.910616 0.844014 0.936662 0.781078 0.877339 0.756833 0.635839 0.803909 0.892561 0.949738 0.891960 0.968175 0.975228 0.972804 0.992013 0.919613 0.926206 0.981190 0.995729
0.815532 0.731640 0.468849 0.487986 0.625374 0.900443 0.807885 0.807019 0.801211 0.823729 0.790389 0.829185 0.640445 0.879369 0.656879 0.692740 0.952298 0.976399 0.981086 0.845917 0.806405 0.996719 0.473602 0.455126 0.000000 0.459122 0.591681 0.770023 0.801985 0.746988 0.793380 0.990947 0.869115 0.997434 0.775956 0.838309 0.610468 0.615674 0.782183 0.870197 0.864496 0.952914 0.858740 0.908667 0.883493 0.875919 0.969637 0.956207 0.760589 0.909598 0.860651 0.928354 0.899634 0.763596 0.727642 0.982428 0.854252 0.790106 0.982115 0.939308 0.647570 0.704527 0.789378 0.975924 0.360930 0.524036 0.908967 0.909777 0.591285 0.698795 0.921927 0.881681 0.996540 0.898907 0.906730 0.920610 0.922119 0.986681 0.983124 0.904237 0.975300 0.917618 0.778935 0.805714 0.441456 0.376079 0.793753 0.837344 0.674676 0.480872 0.886053 0.640440 0.974998 0.871318 0.862605 0.930848 0.893899 0.854955 0.772137 0.764561 0.814747 0.720610 0.723130 0.638148 0.866430 0.951443 0.967162 0.903510 0.906140 0.963912 0.956931 0.885414 0.852827 0.791403 0.969163 0.966506
0.916766 0.984361 0.431274 0.578713 0.671733 0.851757 0.557369 0.623596 0.492979 0.836634 0.800727 0.898283 0.920988 0.889237 0.964587 0.989268 0.767927 0.756223 0.908695 0.946597 0.864704 0.898371 0.668455 0.770466 0.459122 0.000000 0.934629 0.830415 0.758237 0.674416 0.509887 0.823042 0.635991 0.771471 0.749335 0.748261 0.600198 0.837029 0.771083 0.905621 0.952274 0.764304 0.852590 0.876894 0.789652 0.861456 0.877426 0.965375 0.890733 0.947780 0.969443 0.985500 0.907739 0.970186 0.743139 0.997061 0.903046 0.897217 0.943513 0.940615 0.530921 0.601757 0.731375 0.855627 0.505232 0.467677 0.617755 0.576567 0.841999 0.928605 0.776010 0.644181 0.700168 0.726179 0.973091 0.926975 0.946211 0.871887 0.873438 0.783413 0.752302 0.772112 0.969103 0.837688 0.699456 0.611081 0.999136 0.969139 0.787644 0.771316 0.821954 0.817012 0.806167 0.936465 0.881998 0.909380 0.945103 0.944236 0.922122 0.980339 0.828844 0.892770 0.829088 0.876139 0.759085 0.837814 0.902323 0.937962 0.854344 0.910677 0.746476 0.977134 0.946856 0.916221 0.969200 0.959568
0.775881 0.696289 0.861890 0.685436 0.662320 0.768038 0.895565 0.980529 0.865855 0.677204 0.976035 0.741391 0.648712 0.692765 0.653183 0.670857 0.910720 0.772889 0.822742 0.733103 0.993411 0.805450 0.612555 0.479120 0.591681 0.934629 0.000000 0.909339 0.887451 0.912626 0.764201 0.900542 0.759100 0.758007 0.947752 0.976700 0.902406 0.692232 0.837002 0.972137 0.989192 0.861909 0.728264 0.785053 0.595361 0.693698 0.894413 0.903799 0.737191 0.952675 0.790540 0.986154 0.856200 0.824909 0.915954 0.964224 0.766446 0.663800 0.926133 0.858351 0.960872 0.950736 0.977023 0.921364 0.669259 0.875203 0.822359 0.811180 0.699984 0.720993 0.963689 0.803090 0.800272 0.817023 0.948552 0.913981 0.982340 0.743046 0.864917 0.986070 0.877661 0.760418 0.773248 0.794723 0.620370 0.620422 0.642387 0.728134 0.868356 0.626307 0.848422 0.918457 0.981758 0.923490 0.958025 0.980458 0.962012 0.951575 0.766290 0.826094 0.727900 0.924198 0.770209 0.690326 0.976444 0.943896 0.887624 0.919757 0.993225 0.922028 0.996157 0.922414 0.797131 0.808893 0.932460 0.980482
0.862199 0.884646 0.894908 0.939444 0.932308 0.983238 0.958207 0.990664 0.986108 0.885153 0.978263 0.991815 0.927131 0.979796 0.932001 0.862982 0.930608 0.939874 0.913527 0.969659 0.826915 0.909532 0.922495 0.829588 0.770023 0.830415 0.909339 0.000000 0.904295 0.865712 0.923266 0.906624 0.973018 0.982855 0.928042 0.868425 0.815466 0.862353 0.845446 0.980546 0.961444 0.846375 0.957438 0.980748 0.903562 0.970483 0.999165 0.972811 0.893225 0.964967 0.936252 0.932973 0.905363 0.747470 0.829110 0.997256 0.836518 0.869069 0.927144 0.961549 0.950270 0.978676 0.877754 0.969963 0.840413 0.887082 0.917553 0.905103 0.789012 0.756596 0.987658 0.851716 0.847643 0.927155 0.962650 0.938411 0.966573 0.911671 0.862563 0.859767 0.968484 0.967287 0.823075 0.905369 0.814882 0.761563 0.949942 0.993719 0.902447 0.770704 0.822900 0.704895 0.829153 0.729220 0.967186 0.871161 0.897027 0.884389 0.885617 0.803705 0.734522 0.734408 0.831307 0.763550 0.899444 0.774521 0.985915 0.926682 0.835630 0.790950 0.937425 0.996639 0.910360 0.954220 0.892281 0.880458
0.754946 0.719249 0.860389 0.999263 0.894752 0.880837 0.877446 0.897360 0.996322 0.817537 0.658872 0.693572 0.873055 0.709005 0.790199 0.791931 0.541763 0.631800 0.672871 0.699179 0.980458 0.939459 0.995124 0.968298 0.801985 0.758237 0.887451 0.904295 0.000000 0.342078 0.951750 0.564201 0.700361 0.647359 0.958826 0.962331 0.959275 0.981460 0.951936 0.939707 0.951161 0.997452 0.627716 0.592218 0.626008 0.540208 0.634622 0.607223 0.497226 0.528836 0.572865 0.613798 0.622582 0.801303 0.869192 0.708786 0.659349 0.705741 0.590323 0.564231 0.852475 0.946461 0.466126 0.487653 0.813403 0.868973 0.833737 0.850322 0.941467 0.980380 0.941011 0.793915 0.980252 0.835156 0.883526 0.961915 0.858331 0.757781 0.605897 0.647927 0.519510 0.699519 0.702175 0.685368 0.911118 0.975109 0.980535 0.847235 0.961404 0.944606 0.979485 0.990541 0.855273 0.873767 0.769633 0.871040 0.664686 0.995036 0.742358 0.763848 0.911990 0.942137 0.643922 0.653434 0.867598 0.887733 0.990216 0.937372 0.884158 0.888362 0.824115 0.796040 0.676202 0.766330 0.788204 0.980809
0.624596 0.613242 0.792527 0.973490 0.848017 0.886987 0.978670 0.934176 0.810209 0.861355 0.515103 0.512360 0.831066 0.638534 0.873326 0.766823 0.486560 0.510365 0.648776 0.582539 0.973995 0.916701 0.936663 0.979904 0.746988 0.674416 0.912626 0.865712 0.342078 0.000000 0.897571 0.756580 0.827026 0.630345 0.936475 0.976905 0.991776 0.865440 0.992064 0.786586 0.914026 0.973732 0.689581 0.623049 0.723821 0.601354 0.656253 0.607898 0.460736 0.506091 0.570323 0.614478 0.758924 0.948163 0.890165 0.698706 0.607328 0.610745 0.580675 0.483914 0.947233 0.952167 0.468473 0.402923 0.748588 0.792389 0.924898 0.925941 0.843165 0.817102 0.861184 0.776553 0.984941 0.879243 0.927527 0.919392 0.944426 0.828915 0.603867 0.580259 0.404207 0.594610 0.688559 0.611697 0.976964 0.933681 0.900680 0.785078 0.983570 0.950134 0.889685 0.974119 0.793310 0.841945 0.835421 0.937070 0.737928 0.888250 0.811170 0.837987 0.947880 0.993364 0.673924 0.675893 0.960375 0.861117 0.912656 0.915874 0.904722 0.830211 0.897978 0.874632 0.833101 0.786619 0.788903 0.990505
0.705661 0.757811 0.661427 0.815720 0.826712 0.785271 0.576373 0.621881 0.466802 0.530597 0.844082 0.856765 0.873119 0.764008 0.967966 0.992080 0.806729 0.610184 0.855586 0.787306 0.923764 0.874604 0.863160 0.986685 0.793380 0.509887 0.764201 0.923266 0.951750 0.897571 0.000000 0.527435 0.536976 0.636377 0.734674 0.919224 0.692483 0.982679 0.778700 0.883573 0.995930 0.860367 0.598810 0.654006 0.526802 0.591890 0.733637 0.781501 0.817024 0.906638 0.753057 0.918233 0.673510 0.697041 0.939976 0.952715 0.764468 0.683479 0.903406 0.973214 0.534158 0.499567 0.841695 0.989337 0.857879 0.694062 0.680233 0.501850 0.866954 0.775341 0.842985 0.692644 0.571480 0.618615 0.938489 0.861392 0.823501 0.533095 0.977818 0.917978 0.772377 0.637362 0.947810 0.801522 0.969161 0.963863 0.742106 0.879777 0.950453 0.906047 0.927970 0.803512 0.957405 0.746199 0.943693 0.870311 0.921678 0.965795 0.777909 0.796414 0.542152 0.991284 0.927349 0.920870 0.783608 0.821844 0.840007 0.787924 0.785144 0.954903 0.791271 0.843273 0.735706 0.852943 0.885029 0.920427
0.984452 0.966553 0.823206 0.800081 0.974879 0.843697 0.628818 0.589715 0.623768 0.556454 0.836645 0.963455 0.990431 0.902666 0.825207 0.860095 0.881094 0.956951 0.774956 0.963117 0.966573 0.996424 0.885712 0.983659 0.990947 0.823042 0.900542 0.906624 0.564201 0.756580 0.527435 0.000000 0.562607 0.548949 0.842355 0.999119 0.791395 0.959838 0.864187 0.948316 0.995878 0.948204 0.457574 0.446921 0.516062 0.453788 0.545605 0.573990 0.647670 0.650298 0.602153 0.654422 0.596109 0.605958 0.832740 0.850982 0.909799 0.965200 0.591534 0.705625 0.609757 0.645282 0.813834 0.736685 0.974154 0.800698 0.670346 0.591469 0.928736 0.827815 0.829345 0.869440 0.682357 0.665908 0.939714 0.934455 0.709449 0.585894 0.726994 0.729710 0.903400 0.968214 0.833817 0.929048 0.974377 0.982061 0.962415 0.976718 0.886683 0.857060 0.832667 0.961994 0.992439 0.986052 0.850990 0.918232 0.717711 0.997670 0.551026 0.615611 0.590189 0.788046 0.650528 0.771203 0.658377 0.801191 0.855215 0.784349 0.674382 0.834197 0.817822 0.769619 0.539846 0.865924 0.755635 0.976903
0.828441 0.820256 0.612361 0.709576 0.932253 0.670459 0.373361 0.485095 0.521751 0.657778 0.788578 0.879787 0.826098 0.880852 0.882007 0.935322 0.767177 0.916820 0.718965 0.800091 0.827127 0.927381 0.856938 0.938390 0.869115 0.635991 0.759100 0.973018 0.700361 0.827026 0.536976 0.562607 0.000000 0.389429 0.779535 0.877226 0.708629 0.849518 0.926697 0.979667 0.922624 0.696479 0.423327 0.446920 0.356536 0.411753 0.454586 0.585585 0.584336 0.616202 0.542106 0.651206 0.620283 0.717988 0.628793 0.714018 0.830396 0.893637 0.499478 0.728583 0.403440 0.585026 0.668762 0.695240 0.805471 0.634595 0.425623 0.384485 0.878904 0.973657 0.714488 0.786272 0.716824 0.680044 0.790871 0.906067 0.635225 0.642571 0.792939 0.851437 0.794765 0.890572 0.861756 0.875780 0.760994 0.770344 0.964718 0.883253 0.850154 0.924990 0.697152 0.961115 0.810151 0.994327 0.732026 0.892726 0.694779 0.860961 0.542115 0.631102 0.660911 0.864889 0.799767 0.677566 0.640601 0.753449 0.844340 0.910364 0.805887 0.851664 0.694760 0.714593 0.606716 0.695196 0.784835 0.910967
0.764984 0.754916 0.703852 0.754995 0.995670 0.574842 0.470504 0.441734 0.666643 0.534495 0.624213 0.710147 0.859574 0.828527 0.901243 0.883212 0.698036 0.852776 0.692522 0.717542 0.903435 0.957240 0.939462 0.959168 0.997434 0.771471 0.758007 0.982855 0.647359 0.630345 0.636377 0.548949 0.389429 0.000000 0.755273 0.929790 0.661382 0.768244 0.929335 0.996565 0.765871 0.736912 0.406647 0.401382 0.384301 0.373959 0.402434 0.480119 0.524647 0.543887 0.492095 0.595399 0.614301 0.684533 0.645156 0.712073 0.764541 0.837810 0.424527 0.534853 0.453617 0.495403 0.613796 0.546976 0.929417 0.673347 0.505363 0.418042 0.831474 0.902377 0.783063 0.776768 0.698873 0.620026 0.841635 0.973580 0.741107 0.608819 0.836449 0.790038 0.701515 0.829399 0.823100 0.846306 0.880443 0.873653 0.967731 0.941945 0.853866 0.936160 0.796412 0.977830 0.915571 0.917948 0.821154 0.934559 0.604609 0.893466 0.540103 0.630164 0.575776 0.935018 0.714643 0.599649 0.660258 0.697917 0.896452 0.793295 0.847023 0.764761 0.720981 0.740336 0.581568 0.761831 0.845846 0.951905
0.986472 0.933870 0.673820 0.681871 0.921995 0.958883 0.717073 0.769231 0.691832 0.794005 0.960268 0.981203 0.936314 0.907651 0.921924 0.993560 0.975581 0.998469 0.980062 0.964955 0.822282 0.907162 0.807455 0.902547 0.775956 0.749335 0.947752 0.928042 0.958826 0.936475 0.734674 0.842355 0.779535 0.755273 0.000000 0.927079 0.886772 0.819584 0.724733 0.967895 0.969990 0.907258 0.856672 0.871105 0.748488 0.801327 0.870964 0.911800 0.925809 0.946607 0.947864 0.942139 0.933996 0.954917 0.766859 0.921226 0.990992 0.969778 0.796709 0.958907 0.725434 0.695271 0.978034 0.877867 0.708906 0.751380 0.650188 0.661732 0.869694 0.932130 0.791654 0.812765 0.834202 0.793948 0.989704 0.995648 0.930009 0.765182 0.944625 0.877874 0.956276 0.969081 0.861621 0.925557 0.844786 0.791291 0.957596 0.972725 0.723617 0.769583 0.977941 0.863209 0.861157 0.939397 0.851716 0.988117 0.831946 0.713611 0.872443 0.964360 0.912386 0.817836 0.962245 0.980370 0.770499 0.873373 0.665089 0.855043 0.812044 0.917157 0.949015 0.940535 0.757333 0.944860 0.891935 0.971067
0.995602 0.949071 0.839356 0.889471 0.882859 0.880168 0.877176 0.954253 0.981776 0.956623 0.909208 0.985141 0.974843 0.973909 0.988701 0.983289 0.893296 0.987852 0.881893 0.939711 0.796044 0.839822 0.901774 0.888510 0.838309 0.748261 0.976700 0.868425 0.962331 0.976905 0.919224 0.999119 0.877226 0.929790 0.927079 0.000000 0.940009 0.991195 0.904645 0.922894 0.779352 0.950125 0.883473 0.971271 0.965782 0.943891 0.963324 0.736677 0.867662 0.894273 0.874388 0.854909 0.867750 0.836696 0.953908 0.852125 0.946750 0.955273 0.944035 0.964215 0.904479 0.979933 0.886630 0.891400 0.772890 0.835177 0.926884 0.982090 0.941141 0.919769 0.948926 0.870984 0.877846 0.966910 0.942393 0.948461 0.812370 0.887469 0.886063 0.948545 0.951121 0.950297 0.980193 0.899818 0.859871 0.824472 0.968199 0.836939 0.884994 0.994527 0.973350 0.866377 0.883587 0.947441 0.969099 0.832730 0.873894 0.951149 0.838889 0.829090 0.916811 0.853727 0.814217 0.887857 0.960584 0.884397 0.903517 0.824477 0.946975 0.989279 0.913151 0.883989 0.921477 0.844861 0.836859 0.794465
0.760174 0.813080 0.580466 0.589237 0.849307 0.914702 0.642433 0.523400 0.769127 0.839144 0.943064 0.660184 0.749370 0.916207 0.863316 0.820678 0.933188 0.997325 0.794567 0.711558 0.998438 0.866848 0.731094 0.827786 0.610468 0.600198 0.902406 0.815466 0.959275 0.991776 0.692483 0.791395 0.708629 0.661382 0.886772 0.940009 0.000000 0.593057 0.817639 0.860765 0.735918 0.780264 0.774234 0.765442 0.797753 0.781632 0.722425 0.709177 0.913593 0.870137 0.857553 0.874521 0.875693 0.899110 0.589996 0.846977 0.858829 0.864694 0.774152 0.873514 0.568600 0.552267 0.937894 0.790979 0.707148 0.592465 0.763527 0.669739 0.632880 0.763348 0.767019 0.674036 0.897518 0.849462 0.915157 0.986008 0.806653 0.834408 0.980301 0.999960 0.872443 0.867553 0.828365 0.776858 0.765215 0.718188 0.834949 0.945563 0.889902 0.825545 0.940226 0.863600 0.948780 0.904843 0.857110 0.938706 0.726684 0.943363 0.821645 0.852963 0.803921 0.931496 0.951164 0.881366 0.740215 0.858719 0.904572 0.898479 0.764540 0.794155 0.939082 0.881498 0.959730 0.985618 0.963103 0.874359
0.632232 0.591631 0.751809 0.676700 0.918034 0.938140 0.893145 0.757709 0.978369 0.888574 0.854756 0.527348 0.762526 0.786584 0.778070 0.715728 0.755542 0.708203 0.813155 0.562141 0.978767 0.896115 0.769620 0.755823 0.615674 0.837029 0.692232 0.862353 0.981460 0.865440 0.982679 0.959838 0.849518 0.768244 0.819584 0.991195 0.593057 0.000000 0.718845 0.737992 0.839985 0.793285 0.913246 0.922154 0.954756 0.895201 0.773976 0.740768 0.826375 0.693516 0.833513 0.789976 0.962316 0.935136 0.574480 0.731107 0.684505 0.609168 0.756157 0.702324 0.781712 0.730166 0.882724 0.614105 0.763962 0.806031 0.950987 0.866922 0.519187 0.560961 0.940226 0.990914 0.919057 0.990950 0.968019 0.918211 0.855830 0.980068 0.931660 0.950061 0.695339 0.711416 0.773236 0.657667 0.708480 0.662684 0.791104 0.819414 0.754721 0.646769 0.898578 0.753350 0.935792 0.906333 0.973750 0.860901 0.943863 0.902449 0.967575 0.987358 0.976972 0.811607 0.889280 0.932363 0.807186 0.975183 0.980268 0.940742 0.974651 0.804718 0.877276 0.930646 0.897921 0.961331 0.993323 0.967804
