0.000000 0.293760 0.765218 0.616457 0.759797 0.821441 0.892863 0.964439 0.522142 0.564152 0.487007 0.424320 0.604514 0.463589 0.815411 0.919029 0.439188 0.334447 0.485362 0.331297 0.619233 0.873555 0.781957 0.599899 0.600312 0.659952 0.718072 0.990031 0.910458 0.741650 0.984791 0.817114 0.603629 0.691160 0.873067 0.901913 0.792550 0.850394 0.608000 0.887378 0.924184 0.758865 0.905056 0.832113 0.820599 0.996136 0.745805 0.651167 0.945591 0.884193 0.905092 0.991453 0.692674 0.555089 0.623144 0.661832 0.267280 0.284828 0.541692 0.492495 0.990021 0.797109 0.583898 0.537317 0.723089 0.968019 0.830574 0.997598 0.334356 0.471857 0.692689 0.666382 0.733565 0.664020 0.950621 0.869417 0.841294 0.769213 0.643961 0.516610 0.380708 0.362330 0.564320 0.344733 0.432140 0.402736 0.894027 0.662106 0.795860 0.409407 0.572981 0.593144 0.784734 0.640563 0.984906 0.936011 0.953549 0.939643 0.860099 0.847475 0.791469 0.700888 0.953459 0.746622 0.864072 0.724381 0.964933 0.849194 0.819277 0.654037 0.960618 0.841991 0.890975 0.818640 0.935086 0.759390
0.293760 0.000000 0.673026 0.515224 0.731574 0.854222 0.942500 0.872173 0.640046 0.642168 0.612606 0.488657 0.693413 0.531429 0.786992 0.854498 0.470216 0.417940 0.486167 0.344731 0.674937 0.922466 0.785202 0.640890 0.553635 0.557022 0.692197 0.986945 0.875897 0.756667 0.862310 0.821581 0.629217 0.631992 0.826653 0.917269 0.711948 0.791656 0.536080 0.940116 0.983535 0.710835 0.953635 0.763509 0.807443 0.998133 0.707440 0.649629 0.959404 0.883502 0.931754 0.949864 0.726991 0.595838 0.703678 0.681790 0.266547 0.242562 0.553923 0.538650 0.957418 0.874364 0.695617 0.585761 0.636753 0.959967 0.878503 0.977527 0.324276 0.428511 0.844954 0.740476 0.818766 0.711977 0.939498 0.888860 0.743713 0.799709 0.596935 0.518794 0.386123 0.413708 0.649940 0.392290 0.541220 0.484404 0.949636 0.792738 0.823791 0.451528 0.568011 0.628429 0.780174 0.674954 0.947524 0.964835 0.901444 0.920179 0.848806 0.877907 0.675932 0.682059 0.989017 0.788380 0.918859 0.737423 0.865838 0.939315 0.917481 0.648044 0.964971 0.894979 0.941055 0.818883 0.943940 0.754579
0.765218 0.673026 0.000000 0.432217 0.847103 0.893756 0.833590 0.722613 0.852341 0.841957 0.996905 0.789429 0.617952 0.820091 0.631818 0.618318 0.953590 0.997222 0.757526 0.758632 0.688647 0.956638 0.655234 0.681622 0.466961 0.493133 0.715038 0.944195 0.928039 0.989236 0.647244 0.664650 0.873873 0.838784 0.731796 0.834606 0.595158 0.829061 0.779863 0.820727 0.878332 0.772806 0.796365 0.814566 0.809340 0.885173 0.856182 0.913462 0.843683 0.930551 0.880161 0.978279 0.758939 0.781164 0.865765 0.982925 0.746262 0.722689 0.863528 0.745413 0.886115 0.741252 0.841359 0.944075 0.412620 0.584605 0.959148 0.986437 0.670625 0.780957 0.796542 0.815480 0.857848 0.918371 0.916943 0.907136 0.658190 0.889636 0.901329 0.770797 0.955115 0.819865 0.967133 0.863286 0.884259 0.700918 0.852745 0.801278 0.794800 0.772357 0.824471 0.940137 0.932740 0.894920 0.895877 0.850258 0.748243 0.831939 0.957719 0.865849 0.611577 0.984145 0.855913 0.903045 0.903547 0.813157 0.706275 0.991510 0.886895 0.870021 0.979357 0.897723 0.946366 0.888413 0.660617 0.954808
0.616457 0.515224 0.432217 0.000000 0.891488 0.993365 0.887097 0.523017 0.974564 0.856906 0.818118 0.558187 0.676116 0.583785 0.716930 0.565275 0.832526 0.729050 0.695437 0.680902 0.647579 0.911080 0.732645 0.481419 0.458135 0.466171 0.624248 0.957014 0.947929 0.872069 0.745504 0.703744 0.811015 0.750830 0.833169 0.892634 0.532577 0.671756 0.558913 0.800168 0.920847 0.683979 0.959677 0.883418 0.679672 0.811089 0.963144 0.945228 0.771175 0.879476 0.780272 0.888932 0.680494 0.670992 0.883995 0.929650 0.537146 0.502734 0.873415 0.760229 0.956400 0.765797 0.967261 0.812110 0.476190 0.609273 0.972591 0.940805 0.527530 0.630245 0.937336 0.984574 0.969483 0.953713 0.951286 0.960985 0.724914 0.951612 0.777919 0.833202 0.876866 0.805129 0.791598 0.738504 0.885163 0.573574 0.960189 0.915912 0.795761 0.630062 0.630218 0.621490 0.791181 0.719684 0.921159 0.811553 0.939991 0.823734 0.835774 0.958877 0.597473 0.760958 0.805284 0.991708 0.855152 0.766118 0.814483 0.948325 0.985762 0.844550 0.989907 0.754874 0.963105 0.846755 0.763921 0.845222
0.759797 0.731574 0.847103 0.891488 0.000000 0.882901 0.638035 0.795935 0.809384 0.685030 0.993452 0.945589 0.841133 0.999521 0.912385 0.868682 0.865036 0.907938 0.995285 0.770187 0.824513 0.904115 0.791242 0.976960 0.765229 0.776022 0.872080 0.945988 0.831818 0.934502 0.822165 0.981020 0.989071 0.860402 0.913390 0.732702 0.889214 0.867834 0.890952 0.930001 0.924657 0.785323 0.896722 0.895402 0.731006 0.792073 0.998075 0.992177 0.847714 0.853648 0.801288 0.843416 0.662841 0.639152 0.890312 0.959186 0.627637 0.712049 0.992803 0.857886 0.686111 0.747207 0.870946 0.955172 0.928269 0.891166 0.779986 0.634263 0.688232 0.660071 0.681707 0.688470 0.796810 0.752039 0.917260 0.993922 0.923345 0.754681 0.833252 0.881558 0.755658 0.730898 0.994866 0.810938 0.987101 0.922139 0.935331 0.956413 0.870401 0.921087 0.701523 0.754947 0.872935 0.790290 0.939365 0.923396 0.968172 0.945549 0.783114 0.629371 0.647716 0.608849 0.785238 0.980534 0.803560 0.824621 0.986554 0.951746 0.905198 0.930746 0.772859 0.819067 0.912903 0.913194 0.799984 0.815525
0.821441 0.854222 0.893756 0.993365 0.882901 0.000000 0.828173 0.831806 0.651880 0.784132 0.875609 0.946614 0.941070 0.858763 0.839724 0.806663 0.788967 0.786557 0.800101 0.847224 0.890698 0.844735 0.992499 0.928818 0.992633 0.910132 0.905567 0.730883 0.975537 0.969608 0.818688 0.920158 0.892201 0.998796 0.877593 0.962421 0.891888 0.877793 0.964844 0.772918 0.750371 0.799654 0.860863 0.900577 0.986687 0.949351 0.922905 0.919425 0.928995 0.887572 0.961495 0.975961 0.901430 0.928829 0.997719 0.839257 0.773253 0.804773 0.857647 0.953336 0.888150 0.704365 0.836682 0.895467 0.983649 0.790385 0.885177 0.990201 0.859765 0.923420 0.729202 0.664823 0.675755 0.816501 0.917935 0.857070 0.906044 0.712075 0.980867 0.951605 0.793468 0.804999 0.852168 0.766285 0.771777 0.807711 0.725580 0.922161 0.963524 0.775003 0.839820 0.883281 0.985229 0.817662 0.897356 0.962245 0.832999 0.955331 0.926916 0.900886 0.925284 0.884070 0.924805 0.887018 0.933917 0.921714 0.979446 0.790145 0.896589 0.879805 0.929049 0.971045 0.945019 0.934348 0.848382 0.760216
0.892863 0.942500 0.833590 0.887097 0.638035 0.828173 0.000000 0.362017 0.690518 0.449929 0.995582 0.740244 0.593840 0.879663 0.664530 0.804324 0.934928 0.962681 0.775217 0.971382 0.901604 0.937868 0.596351 0.917812 0.711608 0.868804 0.881606 0.742090 0.579631 0.677116 0.581736 0.815498 0.659371 0.520486 0.827382 0.924556 0.929814 0.892890 0.873261 0.976219 0.827115 0.971448 0.526503 0.528580 0.457765 0.475499 0.697608 0.681504 0.538581 0.490619 0.474434 0.484817 0.501898 0.478971 0.748924 0.729802 0.879141 0.957706 0.707513 0.901403 0.316044 0.424435 0.632051 0.601325 0.964934 0.937761 0.464147 0.441059 0.851166 0.862114 0.505454 0.585844 0.703531 0.602624 0.844104 0.773629 0.584270 0.721937 0.808759 0.840134 0.955513 0.743352 0.932820 0.788863 0.986305 0.868867 0.949730 0.840298 0.903078 0.937260 0.552440 0.594171 0.677042 0.811733 0.695510 0.803456 0.700166 0.823925 0.424908 0.418234 0.732435 0.601530 0.693363 0.777910 0.714409 0.703283 0.824645 0.784582 0.787203 0.850028 0.682710 0.666420 0.476931 0.718716 0.545837 0.813306
0.964439 0.872173 0.722613 0.523017 0.795935 0.831806 0.362017 0.000000 0.774058 0.585274 0.982306 0.598010 0.580315 0.703467 0.688995 0.573553 0.905858 0.877306 0.785322 0.945451 0.947491 0.852842 0.655275 0.796345 0.982372 0.898806 0.926816 0.854670 0.754772 0.741584 0.620359 0.792165 0.732186 0.561729 0.866549 0.981067 0.883175 0.851915 0.857123 0.937854 0.785512 0.880116 0.732330 0.654142 0.768506 0.740416 0.846478 0.830875 0.819150 0.733418 0.734753 0.710136 0.743771 0.728132 0.881896 0.848609 0.907935 0.847865 0.766212 0.889489 0.438819 0.387633 0.725643 0.606989 0.774064 0.704113 0.642354 0.616723 0.991758 0.911017 0.600615 0.679060 0.805349 0.749527 0.882518 0.909875 0.637806 0.765999 0.785164 0.868357 0.943572 0.821275 0.878672 0.887959 0.967535 0.935201 0.970145 0.781446 0.768143 0.954406 0.846548 0.970511 0.889209 0.972158 0.804651 0.892073 0.786404 0.821274 0.718338 0.640580 0.988201 0.882496 0.935088 0.853497 0.750462 0.795914 0.807053 0.822648 0.864040 0.839578 0.779751 0.956749 0.598106 0.709031 0.594721 0.949885
0.522142 0.640046 0.852341 0.974564 0.809384 0.651880 0.690518 0.774058 0.000000 0.554752 0.664673 0.743728 0.991530 0.594681 0.767867 0.804752 0.507270 0.498640 0.746026 0.592431 0.926472 0.793289 0.904382 0.764285 0.844075 0.937168 0.808981 0.967871 0.988393 0.833315 0.729907 0.936795 0.896570 0.921659 0.909265 0.831767 0.935280 0.915195 0.809740 0.954739 0.879964 0.971012 0.777076 0.991801 0.869895 0.978632 0.904418 0.822987 0.961871 0.954483 0.907908 0.929062 0.759734 0.714275 0.746002 0.719766 0.557177 0.576996 0.735541 0.798334 0.765479 0.627827 0.724742 0.704856 0.905397 0.823762 0.938487 0.921519 0.640097 0.593687 0.510307 0.519206 0.699371 0.708982 0.911110 0.905670 0.872876 0.631857 0.829896 0.819464 0.541351 0.553363 0.669675 0.495688 0.659367 0.588966 0.747687 0.620774 0.849086 0.586146 0.604491 0.670973 0.808116 0.732436 0.989060 0.815225 0.920828 0.871073 0.759431 0.728241 0.952897 0.767902 0.952007 0.739314 0.985791 0.965799 0.812282 0.829583 0.856369 0.810635 0.972284 0.959966 0.728834 0.906792 0.729949 0.703891
0.564152 0.642168 0.841957 0.856906 0.685030 0.784132 0.449929 0.585274 0.554752 0.000000 0.811368 0.934401 0.972576 0.783211 0.844305 0.873709 0.841401 0.724043 0.878813 0.651663 0.771944 0.891848 0.854723 0.701717 0.530715 0.678373 0.703149 0.823171 0.687854 0.882420 0.626412 0.829419 0.860155 0.757797 0.995654 0.999141 0.743361 0.790548 0.742746 0.927394 0.919756 0.938274 0.618295 0.701739 0.469296 0.526928 0.830029 0.897485 0.582287 0.624038 0.514728 0.555783 0.447851 0.435234 0.981627 0.980091 0.626281 0.652492 0.977348 0.798206 0.519531 0.527350 0.858442 0.843112 0.782204 0.840748 0.735837 0.653341 0.551094 0.633081 0.532175 0.581314 0.742772 0.623340 0.915262 0.785449 0.738930 0.684394 0.997025 0.888382 0.681177 0.403799 0.799858 0.485142 0.648440 0.513034 0.844706 0.606996 0.852725 0.599096 0.591574 0.647554 0.850086 0.855662 0.890332 0.960172 0.868112 0.946075 0.530406 0.606071 0.722175 0.686510 0.767663 0.946961 0.903957 0.951481 0.981857 0.861635 0.765506 0.973613 0.800888 0.758232 0.544161 0.894574 0.770102 0.751923
0.487007 0.612606 0.996905 0.818118 0.993452 0.875609 0.995582 0.982306 0.664673 0.811368 0.000000 0.556361 0.705848 0.578988 0.995368 0.958854 0.576143 0.465540 0.715255 0.531737 0.750188 0.978559 0.943878 0.903158 0.902301 0.895425 0.883424 0.959110 0.871331 0.738768 0.969891 0.958763 0.760980 0.819034 0.952965 0.943365 0.945727 0.962746 0.820726 0.993563 0.827692 0.892586 0.832138 0.975552 0.848347 0.944503 0.990757 0.886084 0.971756 0.957837 0.840585 0.863198 0.728291 0.662846 0.754376 0.818313 0.593072 0.563888 0.846475 0.833364 0.961003 0.857063 0.622560 0.586365 0.975563 0.908350 0.995598 0.926374 0.566684 0.697828 0.781149 0.883275 0.908179 0.916523 0.990730 0.958539 0.964882 0.972465 0.806017 0.741114 0.585926 0.600827 0.656543 0.560058 0.704766 0.747429 0.847702 0.779500 0.946580 0.690926 0.806347 0.752569 0.896734 0.880055 0.947600 0.910116 0.953237 0.993756 0.760357 0.823460 0.942779 0.922828 0.932607 0.875478 0.834615 0.735961 0.966411 0.930161 0.856430 0.790990 0.914614 0.926317 0.898922 0.931136 0.960413 0.839798
0.424320 0.488657 0.789429 0.558187 0.945589 0.946614 0.740244 0.598010 0.743728 0.934401 0.556361 0.000000 0.477630 0.395849 0.630617 0.648706 0.506139 0.370556 0.443390 0.436138 0.723782 0.872290 0.567252 0.639094 0.798297 0.827298 0.738809 0.896517 0.642096 0.552561 0.736682 0.688623 0.538003 0.497522 0.909057 0.955973 0.789340 0.806165 0.728259 0.907555 0.985737 0.891537 0.921442 0.683423 0.962878 0.826388 0.706238 0.607647 0.803027 0.781687 0.929423 0.866849 0.893191 0.787513 0.570350 0.644527 0.492783 0.456860 0.585822 0.645315 0.697753 0.824653 0.474804 0.391547 0.735383 0.862504 0.714337 0.775886 0.533907 0.680155 0.985177 0.966324 0.960924 0.972196 0.867227 0.974013 0.727239 0.979925 0.577795 0.588953 0.522525 0.604789 0.514118 0.553565 0.553804 0.564599 0.910626 0.807823 0.774897 0.561068 0.753848 0.684368 0.807905 0.648039 0.824986 0.894080 0.968088 0.948024 0.994192 0.956160 0.928923 0.848963 0.915680 0.741319 0.692295 0.629641 0.997723 0.989952 0.994072 0.656352 0.891325 0.986879 0.892136 0.794222 0.731272 0.804406
0.604514 0.693413 0.617952 0.676116 0.841133 0.941070 0.593840 0.580315 0.991530 0.972576 0.705848 0.477630 0.000000 0.549108 0.535336 0.582898 0.827921 0.668877 0.556590 0.701289 0.807760 0.914772 0.515995 0.673580 0.841166 0.831760 0.854931 0.739553 0.774352 0.736276 0.672220 0.671555 0.646465 0.571156 0.769601 0.999891 0.959382 0.952328 0.832056 0.948905 0.814446 0.988092 0.818371 0.728448 0.856777 0.779103 0.701078 0.653130 0.790516 0.716016 0.795412 0.712160 0.913336 0.974755 0.648432 0.718582 0.704063 0.666076 0.516133 0.522875 0.472160 0.662548 0.593890 0.625304 0.659802 0.707521 0.580423 0.560025 0.790307 0.817490 0.850403 0.862751 0.977439 0.983222 0.955879 0.916184 0.731405 0.909618 0.764969 0.569201 0.764496 0.776546 0.738066 0.759601 0.598067 0.599081 0.830619 0.907029 0.725443 0.635744 0.962624 0.999052 0.974061 0.857360 0.860494 0.918113 0.714425 0.932510 0.765589 0.731154 0.976528 0.836504 0.832333 0.864565 0.748564 0.717779 0.960743 0.928287 0.945818 0.773020 0.733624 0.988605 0.787211 0.745493 0.611990 0.941199
0.463589 0.531429 0.820091 0.583785 0.999521 0.858763 0.879663 0.703467 0.594681 0.783211 0.578988 0.395849 0.549108 0.000000 0.711262 0.651043 0.533764 0.386634 0.483645 0.474587 0.793369 0.984238 0.670931 0.530671 0.770682 0.797143 0.814837 0.815741 0.766792 0.495014 0.867535 0.765580 0.622600 0.579629 0.881715 0.860914 0.771585 0.786106 0.639896 0.851772 0.940050 0.906708 0.937885 0.843663 0.946303 0.947381 0.834788 0.730248 0.939385 0.888538 0.985048 0.952111 0.798235 0.787802 0.600284 0.614040 0.515068 0.485082 0.683235 0.709322 0.795696 0.840398 0.546922 0.516535 0.781075 0.757749 0.770759 0.832105 0.617112 0.631327 0.889495 0.818745 0.937278 0.922131 0.993512 0.886047 0.846250 0.952615 0.727362 0.627366 0.520272 0.555485 0.436572 0.447930 0.569527 0.439725 0.759565 0.653574 0.622459 0.518536 0.647853 0.597760 0.766933 0.586958 0.879909 0.928430 0.977471 0.981009 0.857093 0.927151 0.804102 0.837324 0.876416 0.807520 0.865853 0.783710 0.996689 0.903654 0.957357 0.852993 0.950930 0.994179 0.925883 0.913810 0.885772 0.806922
0.815411 0.786992 0.631818 0.716930 0.912385 0.839724 0.664530 0.688995 0.767867 0.844305 0.995368 0.630617 0.535336 0.711262 0.000000 0.480447 0.922597 0.854563 0.592243 0.791586 0.780987 0.961588 0.418402 0.729794 0.873913 0.910839 0.905526 0.855794 0.618364 0.611608 0.459633 0.599461 0.584614 0.557397 0.695598 0.939939 0.787963 0.985804 0.875281 0.875714 0.892752 0.936080 0.618495 0.574258 0.770322 0.729244 0.619650 0.551259 0.754334 0.760350 0.755189 0.669630 0.891151 0.947064 0.708578 0.715069 0.858640 0.843940 0.737019 0.773356 0.553137 0.636831 0.760408 0.733507 0.628823 0.728252 0.701425 0.664809 0.958077 0.956837 0.680522 0.730284 0.794820 0.908824 0.980679 0.916475 0.640845 0.684940 0.721028 0.680175 0.813284 0.908091 0.782065 0.910229 0.697414 0.772520 0.970938 0.990578 0.851163 0.843242 0.951876 0.939460 0.793174 0.771193 0.838054 0.909581 0.910947 0.946524 0.751583 0.675882 0.828446 0.942257 0.900212 0.885589 0.811308 0.616003 0.838003 0.944760 0.858283 0.810812 0.852901 0.967541 0.860949 0.797504 0.498748 0.886162
0.919029 0.854498 0.618318 0.565275 0.868682 0.806663 0.804324 0.573553 0.804752 0.873709 0.958854 0.648706 0.582898 0.651043 0.480447 0.000000 0.980183 0.947347 0.801735 0.906536 0.840039 0.984691 0.565572 0.599589 0.766436 0.850038 0.901204 0.878248 0.826477 0.723911 0.582010 0.639410 0.863176 0.717768 0.930091 0.962097 0.719281 0.783914 0.699243 0.851836 0.747962 0.948686 0.901957 0.874179 0.933700 0.980533 0.922384 0.906948 0.905473 0.913965 0.968657 0.939264 0.941082 0.946604 0.937526 0.957197 0.910935 0.894459 0.887140 0.965701 0.661020 0.557936 0.981508 0.904908 0.584839 0.505086 0.931092 0.790246 0.997377 0.924877 0.698713 0.786746 0.787278 0.987360 0.964071 0.943377 0.850747 0.809272 0.883744 0.796690 0.978740 0.983328 0.727742 0.989411 0.939411 0.736290 0.960558 0.869495 0.835781 0.873484 0.753215 0.685677 0.658423 0.629752 0.974411 0.853578 0.926375 0.973771 0.939975 0.909657 0.711461 0.989327 0.782382 0.844493 0.980563 0.867803 0.901940 0.934680 0.867164 0.944636 0.957005 0.835736 0.980525 0.963576 0.671860 0.966413
0.439188 0.470216 0.953590 0.832526 0.865036 0.788967 0.934928 0.905858 0.507270 0.841401 0.576143 0.506139 0.827921 0.533764 0.922597 0.980183 0.000000 0.310724 0.550984 0.425700 0.805248 0.861905 0.883440 0.900447 0.989056 0.987957 0.876032 0.956940 0.601957 0.470935 0.932080 0.928750 0.525649 0.564667 0.991737 0.965476 0.821102 0.896645 0.797275 0.868274 0.887992 0.815566 0.986642 0.670000 0.896336 0.726146 0.670334 0.562763 0.666498 0.627940 0.802315 0.756606 0.982993 0.886205 0.614749 0.526232 0.430044 0.413144 0.609412 0.767305 0.934873 0.823776 0.431955 0.379303 0.933816 0.742208 0.717883 0.905339 0.554896 0.594975 0.820248 0.709979 0.841998 0.863033 0.872707 0.971702 0.822020 0.864931 0.560434 0.632879 0.351737 0.561548 0.545796 0.542145 0.588258 0.667215 0.897373 0.671123 0.927793 0.603346 0.786931 0.754561 0.841688 0.685571 0.861703 0.775425 0.994478 0.958118 0.996276 0.967584 0.963819 0.759217 0.855643 0.643733 0.818090 0.787853 0.960604 0.981051 0.960265 0.721558 0.962125 0.791967 0.970398 0.942614 0.946485 0.833507
0.334447 0.417940 0.997222 0.729050 0.907938 0.786557 0.962681 0.877306 0.498640 0.724043 0.465540 0.370556 0.668877 0.386634 0.854563 0.947347 0.310724 0.000000 0.450161 0.357077 0.802875 0.901324 0.805540 0.720000 0.887473 0.910557 0.848889 0.981768 0.682899 0.535506 0.982952 0.891571 0.539517 0.558802 0.963560 0.980590 0.850157 0.867653 0.707726 0.856614 0.919481 0.807714 0.941825 0.772980 0.998170 0.849768 0.768741 0.637287 0.779113 0.759095 0.964478 0.915773 0.836062 0.740862 0.589219 0.525044 0.378757 0.362211 0.576750 0.680303 0.929272 0.865402 0.420205 0.387226 0.924040 0.919016 0.748255 0.880842 0.464292 0.529210 0.775010 0.705663 0.844456 0.845551 0.885258 0.966592 0.920696 0.834922 0.553036 0.570445 0.315843 0.417424 0.513266 0.373618 0.472230 0.524702 0.794959 0.572060 0.866918 0.504891 0.710564 0.646980 0.810819 0.630151 0.833155 0.868732 0.980046 0.936238 0.897098 0.906735 0.889423 0.753159 0.935896 0.705254 0.788401 0.697981 0.957077 0.951847 0.839405 0.722209 0.994740 0.929570 0.961316 0.850857 0.985706 0.815666
0.485362 0.486167 0.757526 0.695437 0.995285 0.800101 0.775217 0.785322 0.746026 0.878813 0.715255 0.443390 0.556590 0.483645 0.592243 0.801735 0.550984 0.450161 0.000000 0.403421 0.754401 0.873090 0.422728 0.667287 0.790110 0.874288 0.760596 0.856402 0.615736 0.588377 0.632380 0.661470 0.422198 0.455180 0.797476 0.948276 0.783044 0.992812 0.730211 0.983661 0.916680 0.893608 0.657801 0.515907 0.775291 0.612808 0.472749 0.399110 0.616083 0.589632 0.749093 0.669415 0.996606 0.901102 0.573987 0.495102 0.525689 0.508410 0.476291 0.542825 0.697354 0.911986 0.502512 0.478929 0.650556 0.918686 0.582882 0.634520 0.605531 0.721195 0.990325 0.863562 0.931653 0.967728 0.894816 0.958638 0.744352 0.963267 0.570148 0.579381 0.498397 0.572692 0.547759 0.512537 0.393027 0.487274 0.789414 0.708344 0.780692 0.482062 0.817898 0.861797 0.851928 0.661517 0.723473 0.816887 0.910656 0.864499 0.823865 0.764300 0.874793 0.860781 0.842073 0.686253 0.719869 0.542403 0.907447 0.880780 0.960178 0.690931 0.851122 0.824751 0.858917 0.751917 0.774646 0.901050
0.331297 0.344731 0.758632 0.680902 0.770187 0.847224 0.971382 0.945451 0.592431 0.651663 0.531737 0.436138 0.701289 0.474587 0.791586 0.906536 0.425700 0.357077 0.403421 0.000000 0.696772 0.840481 0.691025 0.659716 0.668349 0.717006 0.659124 0.957903 0.768257 0.647971 0.839115 0.835886 0.577872 0.636413 0.874616 0.987112 0.717192 0.779383 0.644541 0.906813 0.923841 0.751312 0.933271 0.739098 0.902332 0.933584 0.692217 0.620053 0.886678 0.852618 0.937420 0.994005 0.706502 0.573852 0.627711 0.652672 0.364956 0.349757 0.614354 0.592303 0.984158 0.900607 0.626526 0.541457 0.688220 0.954662 0.826759 0.941553 0.391926 0.500258 0.801382 0.712895 0.979471 0.873224 0.894667 0.971221 0.799856 0.848036 0.611106 0.598298 0.381590 0.370555 0.580901 0.360543 0.450407 0.471709 0.955045 0.677917 0.841860 0.448691 0.642600 0.661585 0.784160 0.625602 0.859557 0.856883 0.984450 0.939305 0.868942 0.911417 0.741431 0.698848 0.992068 0.764779 0.795240 0.684826 0.960401 0.913842 0.991473 0.684009 0.943104 0.989486 0.916864 0.899499 0.987217 0.772456
0.619233 0.674937 0.688647 0.647579 0.824513 0.890698 0.901604 0.947491 0.926472 0.771944 0.750188 0.723782 0.807760 0.793369 0.780987 0.840039 0.805248 0.802875 0.754401 0.696772 0.000000 0.900684 0.775970 0.797310 0.582019 0.717993 0.812709 0.956796 0.939245 0.949806 0.854896 0.688299 0.751840 0.807342 0.970052 0.872957 0.786427 0.769975 0.726772 0.824074 0.944879 0.732663 0.968982 0.800301 0.873410 0.954176 0.853206 0.776555 0.959677 0.994790 0.908777 0.953632 0.818787 0.699314 0.811056 0.959602 0.613712 0.653216 0.904023 0.736241 0.960011 0.985494 0.900668 0.857741 0.626526 0.846944 0.985668 0.847202 0.614244 0.789634 0.873944 0.851592 0.901620 0.890484 0.928123 0.937557 0.827413 0.844292 0.854843 0.793038 0.786861 0.751703 0.727302 0.785889 0.768400 0.673709 0.853090 0.964891 0.862307 0.739188 0.745576 0.734313 0.853229 0.779483 0.933134 0.964778 0.997902 0.986300 0.946793 0.985559 0.756283 0.736585 0.959310 0.916899 0.898981 0.757121 0.879942 0.875023 0.919762 0.786078 0.948883 0.743015 0.870186 0.727266 0.732581 0.771930
0.873555 0.922466 0.956638 0.911080 0.904115 0.844735 0.937868 0.852842 0.793289 0.891848 0.978559 0.872290 0.914772 0.984238 0.961588 0.984691 0.861905 0.901324 0.873090 0.840481 0.900684 0.000000 0.867683 0.930456 0.880055 0.893377 0.922354 0.933328 0.816485 0.947323 0.981156 0.947239 0.960818 0.840190 0.900982 0.859962 0.991310 0.991729 0.988742 0.867538 0.870108 0.978272 0.924652 0.933701 0.976933 0.946818 0.801842 0.848349 0.948873 0.990512 0.989086 0.998224 0.923740 0.855598 0.888266 0.928062 0.945720 0.964101 0.931072 0.907187 0.921356 0.928191 0.993410 0.978121 0.928889 0.982717 0.924982 0.975954 0.869854 0.988313 0.973264 0.938437 0.987327 0.901644 0.974515 0.935085 0.918570 0.848922 0.926825 0.864033 0.849512 0.882586 0.905936 0.943621 0.923887 0.907635 0.960415 0.869766 0.978166 0.865140 0.880681 0.942034 0.949902 0.924543 0.985470 0.910191 0.988879 0.935876 0.958649 0.873380 0.979717 0.886560 0.948514 0.972371 0.958648 0.952673 0.964032 0.902094 0.972235 0.859468 0.997740 0.942181 0.893875 0.940548 0.954699 0.979137
0.781957 0.785202 0.655234 0.732645 0.791242 0.992499 0.596351 0.655275 0.904382 0.854723 0.943878 0.567252 0.515995 0.670931 0.418402 0.565572 0.883440 0.805540 0.422728 0.691025 0.775970 0.867683 0.000000 0.643846 0.816989 0.900939 0.847275 0.784149 0.609624 0.674800 0.412052 0.468949 0.544729 0.537133 0.792675 0.962979 0.852289 0.982005 0.845242 0.992192 0.833073 0.969599 0.553528 0.499534 0.698334 0.599411 0.464540 0.482938 0.660715 0.674127 0.733812 0.657439 0.890047 0.951381 0.657437 0.673694 0.879385 0.840696 0.630035 0.687631 0.541006 0.637218 0.719024 0.681303 0.532272 0.732027 0.559959 0.533048 0.876907 0.981298 0.688427 0.841404 0.747454 0.847301 0.962504 0.910880 0.627137 0.811220 0.749214 0.704849 0.852852 0.882926 0.659322 0.836810 0.537163 0.632146 0.970292 0.863529 0.828061 0.631292 0.920384 0.969871 0.858369 0.774029 0.737619 0.980554 0.884900 0.882426 0.695736 0.590431 0.965509 0.900737 0.842105 0.843571 0.760664 0.567796 0.943925 0.952367 0.915065 0.790670 0.791903 0.884527 0.755741 0.831113 0.504963 0.976510
0.599899 0.640890 0.681622 0.481419 0.976960 0.928818 0.917812 0.796345 0.764285 0.701717 0.903158 0.639094 0.673580 0.530671 0.729794 0.599589 0.900447 0.720000 0.667287 0.659716 0.797310 0.930456 0.643846 0.000000 0.529919 0.629419 0.648472 0.983561 0.932840 0.913163 0.891213 0.699092 0.889187 0.852415 0.871316 0.969596 0.745230 0.754668 0.583435 0.839209 0.902527 0.819017 0.829636 0.968892 0.699508 0.803920 0.932013 0.905520 0.765635 0.819367 0.751616 0.846693 0.635141 0.615985 0.886375 0.888830 0.642682 0.643005 0.784269 0.656571 0.993706 0.897797 0.934635 0.911991 0.553512 0.546267 0.918848 0.903223 0.661535 0.688284 0.871189 0.825194 0.830719 0.776260 0.955778 0.787541 0.948421 0.887925 0.906138 0.893509 0.863488 0.693426 0.645832 0.641130 0.649442 0.366589 0.892604 0.752501 0.687511 0.480412 0.570497 0.523569 0.697279 0.619567 0.973913 0.878771 0.953860 0.886074 0.797426 0.887469 0.641933 0.743776 0.777663 0.995393 0.964928 0.878263 0.849568 0.782665 0.935208 0.858742 0.929828 0.718177 0.830860 0.973717 0.859336 0.822376
0.600312 0.553635 0.466961 0.458135 0.765229 0.992633 0.711608 0.982372 0.844075 0.530715 0.902301 0.798297 0.841166 0.770682 0.873913 0.766436 0.989056 0.887473 0.790110 0.668349 0.582019 0.880055 0.816989 0.529919 0.000000 0.323623 0.568660 0.850607 0.685803 0.829122 0.870921 0.756151 0.991540 0.953854 0.858695 0.879538 0.645881 0.724552 0.562692 0.854535 0.896360 0.744327 0.939563 0.999776 0.521518 0.637743 0.967863 0.978809 0.615518 0.688151 0.586690 0.686509 0.496026 0.435232 0.950629 0.955243 0.606064 0.614682 0.941548 0.648306 0.713772 0.954839 0.717161 0.839975 0.385732 0.599010 0.824882 0.751764 0.518848 0.684750 0.894448 0.833446 0.922887 0.850200 0.917445 0.930897 0.847847 0.927132 0.935011 0.849614 0.908845 0.659593 0.902258 0.662393 0.802947 0.475004 0.892549 0.960111 0.814812 0.549617 0.484634 0.637715 0.762168 0.776599 0.970674 0.852742 0.957326 0.984255 0.706068 0.815680 0.551508 0.686028 0.796884 0.914881 0.967775 0.825238 0.847632 0.821604 0.954122 0.829977 0.983219 0.627157 0.809041 0.992855 0.897490 0.832070
0.659952 0.557022 0.493133 0.466171 0.776022 0.910132 0.868804 0.898806 0.937168 0.678373 0.895425 0.827298 0.831760 0.797143 0.910839 0.850038 0.987957 0.910557 0.874288 0.717006 0.717993 0.893377 0.900939 0.629419 0.323623 0.000000 0.627168 0.875062 0.735396 0.842171 0.856898 0.844860 0.989825 0.977796 0.867670 0.858702 0.675970 0.678587 0.567401 0.980151 0.996200 0.616462 0.982716 0.990501 0.575021 0.658236 0.984929 0.958013 0.668238 0.739930 0.651532 0.732255 0.611137 0.557746 0.920846 0.980406 0.667127 0.622708 0.992556 0.691469 0.791283 0.925902 0.764110 0.877828 0.476573 0.637509 0.812200 0.759497 0.525244 0.658459 0.970638 0.934342 0.980146 0.920349 0.892669 0.989728 0.788137 0.959105 0.894462 0.811305 0.905680 0.720602 0.987754 0.698691 0.893475 0.617063 0.899548 0.967480 0.751799 0.637580 0.651696 0.797731 0.945451 0.926366 0.962057 0.898339 0.798262 0.964735 0.864182 0.830075 0.639538 0.826007 0.816419 0.951809 0.854603 0.852824 0.818218 0.986555 0.999522 0.843367 0.925785 0.737865 0.953225 0.881977 0.910774 0.871648
0.718072 0.692197 0.715038 0.624248 0.872080 0.905567 0.881606 0.926816 0.808981 0.703149 0.883424 0.738809 0.854931 0.814837 0.905526 0.901204 0.876032 0.848889 0.760596 0.659124 0.812709 0.922354 0.847275 0.648472 0.568660 0.627168 0.000000 0.760966 0.898688 0.989234 0.909288 0.911554 0.974034 0.946961 0.981134 0.970936 0.625500 0.783145 0.746889 0.839658 0.919481 0.864538 0.960679 0.915319 0.730178 0.831888 0.898526 0.887577 0.843114 0.889153 0.765484 0.864498 0.692592 0.670558 0.845014 0.905626 0.705133 0.697693 0.906119 0.741044 0.875930 0.969893 0.965699 0.925891 0.737526 0.795684 0.975235 0.897527 0.713814 0.731083 0.922592 0.970825 0.937696 0.970906 0.912389 0.957857 0.855277 0.974184 0.960024 0.996883 0.957526 0.757607 0.871915 0.675624 0.846178 0.619800 0.934719 0.843521 0.828596 0.594774 0.722739 0.818347 0.832953 0.914885 0.943515 0.885635 0.914331 0.872249 0.856480 0.918639 0.795270 0.817193 0.995902 0.955646 0.825776 0.822860 0.987575 0.879779 0.918845 0.791816 0.879452 0.815887 0.948908 0.896809 0.934624 0.935339
0.990031 0.986945 0.944195 0.957014 0.945988 0.730883 0.742090 0.854670 0.967871 0.823171 0.959110 0.896517 0.739553 0.815741 0.855794 0.878248 0.956940 0.981768 0.856402 0.957903 0.956796 0.933328 0.784149 0.983561 0.850607 0.875062 0.760966 0.000000 0.876624 0.891642 0.849401 0.851674 0.744130 0.811802 0.905359 0.998213 0.830641 0.794864 0.886732 0.779072 0.919046 0.743636 0.889578 0.913367 0.769500 0.751254 0.806445 0.818916 0.764630 0.715112 0.720104 0.701637 0.846392 0.812784 0.816923 0.835000 0.992811 0.988480 0.711657 0.818546 0.659259 0.861246 0.754776 0.866334 0.977231 0.948812 0.681387 0.718641 0.935688 0.835433 0.976168 0.973928 0.925061 0.896126 0.964241 0.987309 0.869994 0.998012 0.988280 0.829875 0.926214 0.938988 0.818836 0.975802 0.878619 0.983991 0.850258 0.919432 0.987590 0.961207 0.917689 0.906944 0.836785 0.916113 0.973954 0.977164 0.946693 0.981289 0.786138 0.812763 0.959500 0.843445 0.943270 0.993999 0.962612 0.969861 0.997976 0.964503 0.880403 0.947056 0.972639 0.896021 0.859624 0.998980 0.968688 0.937831
0.910458 0.875897 0.928039 0.947929 0.831818 0.975537 0.579631 0.754772 0.988393 0.687854 0.871331 0.642096 0.774352 0.766792 0.618364 0.826477 0.601957 0.682899 0.615736 0.768257 0.939245 0.816485 0.609624 0.932840 0.685803 0.735396 0.898688 0.876624 0.000000 0.360531 0.641403 0.740246 0.515385 0.406849 0.938325 0.919537 0.974423 0.958022 0.964954 0.986652 0.986975 0.995321 0.614680 0.503596 0.519720 0.471808 0.587692 0.503490 0.453421 0.498983 0.486485 0.512745 0.635570 0.670962 0.672247 0.631994 0.899511 0.889967 0.743533 0.996754 0.579329 0.756099 0.491208 0.468423 0.878129 0.836795 0.617707 0.635051 0.973123 0.999191 0.712811 0.848501 0.792945 0.747654 0.885771 0.881370 0.726992 0.797234 0.631064 0.755456 0.675013 0.997487 0.673009 0.993845 0.820972 0.953419 0.950408 0.900788 0.962410 0.956242 0.865190 0.899880 0.948793 0.870583 0.782873 0.820423 0.955965 0.949126 0.669703 0.693651 0.796314 0.879362 0.734205 0.807153 0.723799 0.624278 0.866921 0.898871 0.895965 0.812531 0.939412 0.626115 0.698775 0.759779 0.783992 0.939352
0.741650 0.756667 0.989236 0.872069 0.934502 0.969608 0.677116 0.741584 0.833315 0.882420 0.738768 0.552561 0.736276 0.495014 0.611608 0.723911 0.470935 0.535506 0.588377 0.647971 0.949806 0.947323 0.674800 0.913163 0.829122 0.842171 0.989234 0.891642 0.360531 0.000000 0.714676 0.786273 0.511304 0.432246 0.925728 0.816134 0.794000 0.878810 0.894269 0.898348 0.972018 0.932016 0.845290 0.613703 0.744889 0.655177 0.677996 0.584927 0.637932 0.646940 0.681690 0.655113 0.856570 0.855202 0.605515 0.568817 0.764625 0.724088 0.761234 0.972275 0.640285 0.778803 0.493861 0.430706 0.910903 0.965598 0.706428 0.737828 0.881863 0.878992 0.898951 0.978076 0.846309 0.841696 0.927703 0.919270 0.760009 0.868668 0.610152 0.673305 0.569984 0.853673 0.562995 0.764388 0.798649 0.866773 0.894491 0.795592 0.887409 0.829292 0.919112 0.880113 0.817113 0.722874 0.846944 0.867119 0.994868 0.927042 0.900636 0.861650 0.926810 0.972354 0.912097 0.819937 0.766624 0.694773 0.885579 0.948993 0.966947 0.839617 0.955054 0.696771 0.879587 0.902390 0.854749 0.941624
0.984791 0.862310 0.647244 0.745504 0.822165 0.818688 0.581736 0.620359 0.729907 0.626412 0.969891 0.736682 0.672220 0.867535 0.459633 0.582010 0.932080 0.982952 0.632380 0.839115 0.854896 0.981156 0.412052 0.891213 0.870921 0.856898 0.909288 0.849401 0.641403 0.714676 0.000000 0.528682 0.554325 0.529650 0.807814 0.979469 0.833617 0.972496 0.895517 0.982992 0.843519 0.906129 0.478467 0.465837 0.699717 0.609349 0.518594 0.534106 0.685313 0.680494 0.652521 0.606035 0.775104 0.825505 0.748277 0.755826 0.977627 0.937974 0.757256 0.825658 0.576822 0.544441 0.847482 0.758906 0.655417 0.828440 0.671369 0.617398 0.975162 0.930832 0.581400 0.687645 0.706632 0.746481 0.998905 0.782046 0.545153 0.651830 0.710166 0.796389 0.972911 0.869709 0.881057 0.936285 0.862336 0.897718 0.818058 0.874234 0.893432 0.887020 0.971732 0.909647 0.905017 0.879871 0.756453 0.909445 0.780713 0.955039 0.630631 0.578381 0.960345 0.878829 0.822738 0.949456 0.842667 0.656751 0.741985 0.901712 0.784515 0.876076 0.778481 0.805253 0.693720 0.858107 0.548732 0.814941
0.817114 0.821581 0.664650 0.703744 0.981020 0.920158 0.815498 0.792165 0.936795 0.829419 0.958763 0.688623 0.671555 0.765580 0.599461 0.639410 0.928750 0.891571 0.661470 0.835886 0.688299 0.947239 0.468949 0.699092 0.756151 0.844860 0.911554 0.851674 0.740246 0.786273 0.528682 0.000000 0.606654 0.663653 0.958508 0.911639 0.935023 0.907836 0.860359 0.889442 0.878358 0.856950 0.771636 0.656675 0.854941 0.747261 0.549981 0.643736 0.767476 0.818226 0.806288 0.744760 0.984089 0.957412 0.736591 0.741964 0.795945 0.814478 0.720028 0.734193 0.749039 0.739830 0.822254 0.809402 0.703354 0.864567 0.803608 0.776710 0.830944 0.958840 0.874275 0.846051 0.940885 0.952296 0.928112 0.967241 0.695866 0.861477 0.771765 0.773208 0.883706 0.981248 0.690741 0.925467 0.804238 0.776872 0.818227 0.946721 0.940570 0.739804 0.814282 0.824936 0.773791 0.734789 0.903128 0.926689 0.868311 0.880940 0.838305 0.842752 0.879056 0.966851 0.936272 0.934430 0.947554 0.678109 0.950936 0.940822 0.976386 0.879748 0.932724 0.961413 0.807276 0.870931 0.661372 0.984049
0.603629 0.629217 0.873873 0.811015 0.989071 0.892201 0.659371 0.732186 0.896570 0.860155 0.760980 0.538003 0.646465 0.622600 0.584614 0.863176 0.525649 0.539517 0.422198 0.577872 0.751840 0.960818 0.544729 0.889187 0.991540 0.989825 0.974034 0.744130 0.515385 0.511304 0.554325 0.606654 0.000000 0.404634 0.749315 0.978743 0.989610 0.959766 0.901076 0.949856 0.903809 0.874699 0.647240 0.450128 0.611863 0.481410 0.478982 0.397124 0.478644 0.457538 0.533919 0.497217 0.770640 0.864064 0.605130 0.482119 0.607063 0.609011 0.510566 0.674570 0.578792 0.839296 0.445036 0.437316 0.846972 0.901873 0.512087 0.645997 0.744629 0.833261 0.939562 0.970166 0.994337 0.936713 0.871222 0.937533 0.690176 0.874070 0.518484 0.582433 0.543074 0.786970 0.624325 0.699554 0.607660 0.747654 0.972431 0.864139 0.908573 0.700521 0.928246 0.993901 0.945254 0.756083 0.760391 0.855388 0.888765 0.914532 0.670830 0.684112 0.978580 0.895486 0.751778 0.658397 0.726681 0.605497 0.963228 0.977301 0.991377 0.755907 0.826543 0.778189 0.750464 0.652885 0.728576 0.951011
0.691160 0.631992 0.838784 0.750830 0.860402 0.998796 0.520486 0.561729 0.921659 0.757797 0.819034 0.497522 0.571156 0.579629 0.557397 0.717768 0.564667 0.558802 0.455180 0.636413 0.807342 0.840190 0.537133 0.852415 0.953854 0.977796 0.946961 0.811802 0.406849 0.432246 0.529650 0.663653 0.404634 0.000000 0.851472 0.855711 0.861614 0.957818 0.809011 0.966939 0.871921 0.827746 0.578675 0.395516 0.593701 0.489428 0.481340 0.401764 0.511180 0.499103 0.532637 0.487024 0.709272 0.776553 0.566345 0.489924 0.701719 0.676999 0.493266 0.727309 0.486201 0.639841 0.447496 0.402111 0.856858 0.981944 0.488963 0.551828 0.841984 0.853244 0.798964 0.883488 0.891283 0.808954 0.912233 0.876174 0.593093 0.755065 0.534400 0.593671 0.642592 0.927601 0.665986 0.799608 0.752187 0.794944 0.944157 0.933611 0.814439 0.750588 0.970246 0.986413 0.949189 0.750915 0.762984 0.763191 0.819160 0.828939 0.625232 0.612607 0.983204 0.933721 0.766696 0.718851 0.759835 0.562464 0.787108 0.997248 0.940868 0.724810 0.875489 0.758653 0.756470 0.665925 0.612976 0.906752
0.873067 0.826653 0.731796 0.833169 0.913390 0.877593 0.827382 0.866549 0.909265 0.995654 0.952965 0.909057 0.769601 0.881715 0.695598 0.930091 0.991737 0.963560 0.797476 0.874616 0.970052 0.900982 0.792675 0.871316 0.858695 0.867670 0.981134 0.905359 0.938325 0.925728 0.807814 0.958508 0.749315 0.851472 0.000000 0.978106 0.983750 0.804172 0.952617 0.856813 0.758447 0.968594 0.723762 0.747828 0.837870 0.826251 0.760693 0.744742 0.884780 0.782744 0.802161 0.804404 0.896155 0.950185 0.879639 0.787477 0.864022 0.872551 0.770833 0.762479 0.772723 0.815106 0.918413 0.927043 0.750581 0.908285 0.756764 0.832453 0.964101 0.954770 0.859869 0.949613 0.995999 0.913671 0.910657 0.975015 0.660591 0.913110 0.878989 0.866075 0.919571 0.935020 0.928311 0.916428 0.836250 0.854767 0.885026 0.923468 0.885664 0.829166 0.935927 0.980112 0.986919 0.845125 0.951463 0.916258 0.853631 0.975570 0.819040 0.770826 0.776945 0.964497 0.892377 0.809120 0.843642 0.949460 0.909213 0.921911 0.996086 0.899058 0.883453 0.832998 0.779332 0.860880 0.779350 0.985798
0.901913 0.917269 0.834606 0.892634 0.732702 0.962421 0.924556 0.981067 0.831767 0.999141 0.943365 0.955973 0.999891 0.860914 0.939939 0.962097 0.965476 0.980590 0.948276 0.987112 0.872957 0.859962 0.962979 0.969596 0.879538 0.858702 0.970936 0.998213 0.919537 0.816134 0.979469 0.911639 0.978743 0.855711 0.978106 0.000000 0.931584 0.989955 0.924846 0.959052 0.750043 0.926076 0.996274 0.953367 0.833829 0.885674 0.948953 0.864989 0.932239 0.895030 0.847396 0.877555 0.808302 0.764978 0.903125 0.835351 0.850811 0.905619 0.902850 0.904915 0.878554 0.937760 0.883379 0.928048 0.872293 0.977551 0.829563 0.765026 0.821669 0.957356 0.953573 0.963451 0.953981 0.989906 0.846127 0.946163 0.947771 0.975739 0.961657 0.974456 0.939784 0.891259 0.927010 0.963752 0.977977 0.897095 0.817491 0.815069 0.959522 0.891467 0.931549 0.929346 0.926555 0.958208 0.975333 0.844605 0.915794 0.777328 0.926083 0.809833 0.847741 0.933213 0.892997 0.789131 0.984371 0.950455 0.996348 0.978517 0.934211 0.961367 0.954473 0.789455 0.948516 0.994670 0.969771 0.855858
0.792550 0.711948 0.595158 0.532577 0.889214 0.891888 0.929814 0.883175 0.935280 0.743361 0.945727 0.789340 0.959382 0.771585 0.787963 0.719281 0.821102 0.850157 0.783044 0.717192 0.786427 0.991310 0.852289 0.745230 0.645881 0.675970 0.625500 0.830641 0.974423 0.794000 0.833617 0.935023 0.989610 0.861614 0.983750 0.931584 0.000000 0.710691 0.650237 0.808032 0.975653 0.835942 0.976949 0.902216 0.729664 0.806433 0.977710 0.924273 0.775990 0.819756 0.757940 0.855004 0.716180 0.728281 0.844321 0.967742 0.771930 0.754383 0.908300 0.972171 0.875099 0.956854 0.869260 0.968748 0.631982 0.710788 0.827370 0.859699 0.714290 0.807593 0.962132 0.882061 0.835449 0.974687 0.902502 0.859032 0.859004 0.961042 0.845188 0.926439 0.879090 0.835393 0.875364 0.797867 0.909220 0.708780 0.940897 0.949755 0.804040 0.784783 0.713926 0.740202 0.687657 0.779248 0.983894 0.875003 0.960936 0.917362 0.802385 0.944998 0.693499 0.799254 0.865269 0.967897 0.802554 0.804314 0.800701 0.996131 0.844764 0.999035 0.783356 0.945492 0.882964 0.995718 0.860935 0.908901
0.850394 0.791656 0.829061 0.671756 0.867834 0.877793 0.892890 0.851915 0.915195 0.790548 0.962746 0.806165 0.952328 0.786106 0.985804 0.783914 0.896645 0.867653 0.992812 0.779383 0.769975 0.991729 0.982005 0.754668 0.724552 0.678587 0.783145 0.794864 0.958022 0.878810 0.972496 0.907836 0.959766 0.957818 0.804172 0.989955 0.710691 0.000000 0.713573 0.998225 0.873799 0.638901 0.857215 0.932394 0.690039 0.698588 0.827293 0.789138 0.736089 0.697028 0.736896 0.696552 0.765803 0.746317 0.946580 0.913405 0.781518 0.775247 0.780356 0.911829 0.816797 0.880362 0.903776 0.966634 0.810797 0.713958 0.721567 0.736747 0.693371 0.694583 0.969967 0.938261 0.861153 0.925738 0.921483 0.862411 0.992641 0.908826 0.800770 0.949747 0.912023 0.779315 0.786194 0.845736 0.958747 0.843804 0.787773 0.948682 0.785170 0.832563 0.786766 0.683344 0.857841 0.843868 0.931475 0.943286 0.892144 0.917324 0.769916 0.774717 0.823155 0.794095 0.736085 0.960206 0.978329 0.913940 0.903579 0.809209 0.902625 0.924702 0.812777 0.708511 0.795467 0.889995 0.920264 0.793097
