0.000000 0.260550 0.698956 0.712170 0.590604 0.714998 0.802118 0.827197 0.486626 0.454433 0.474400 0.436809 0.648504 0.597951 0.869375 0.851936 0.447512 0.346277 0.456771 0.302409 0.620829 0.888986 0.889010 0.628123 0.565868 0.727725 0.724304 0.926383 0.815886 0.768376 0.936960 0.888527 0.604871 0.731564 0.824987 0.928700 0.780997 0.869740 0.726113 0.903232 0.936482 0.748358 0.964355 0.801745 0.872815 0.953068 0.668983 0.633433 0.897740 0.870431 0.905344 0.975646 0.646516 0.464751 0.632394 0.622743 0.246365 0.279974 0.466530 0.404101 0.978387 0.732637 0.622074 0.618188 0.510979 0.902537 0.766065 0.969089 0.317570 0.456120 0.665164 0.621191 0.726801 0.681850 0.940879 0.810161 0.989525 0.810618 0.626453 0.493101 0.339374 0.311989 0.551698 0.332209 0.351580 0.312589 0.959353 0.620697 0.730850 0.326625 0.532773 0.601884 0.708033 0.690387 0.948066 0.883897 0.777492 0.935783 0.888613 0.954327 0.670304 0.738515 0.965505 0.713576 0.865058 0.822780 0.982571 0.989637 0.748597 0.677817 0.908105 0.923870 0.861592 0.810916 0.929213 0.767105
0.260550 0.000000 0.601888 0.544219 0.597679 0.771703 0.837294 0.940487 0.592581 0.537249 0.585710 0.479054 0.735301 0.607843 0.810430 0.979141 0.460864 0.412918 0.454779 0.305416 0.640341 0.917480 0.840867 0.632484 0.494262 0.614713 0.657808 0.901746 0.794114 0.746644 0.915098 0.841477 0.623697 0.666871 0.787718 0.946971 0.671714 0.777028 0.606658 0.927204 0.972431 0.688449 0.867069 0.740731 0.827380 0.971526 0.644981 0.633881 0.933705 0.879155 0.913076 0.989408 0.655123 0.495742 0.698596 0.659778 0.249921 0.231319 0.521106 0.480420 0.911103 0.797366 0.724330 0.638790 0.479088 0.918072 0.834993 0.988374 0.303737 0.415332 0.821209 0.679095 0.816498 0.738092 0.975401 0.818422 0.855016 0.852513 0.595882 0.510665 0.352192 0.368663 0.611908 0.373222 0.469554 0.385689 0.956014 0.756182 0.771540 0.382267 0.473229 0.572552 0.635128 0.679711 0.992612 0.936177 0.784873 0.922606 0.843562 0.951378 0.552737 0.696878 0.983099 0.760397 0.922237 0.777263 0.874312 0.971325 0.844920 0.634983 0.940875 0.928635 0.896733 0.823149 0.930956 0.771761
0.698956 0.601888 0.000000 0.347924 0.768561 0.915856 0.814253 0.735914 0.931057 0.853273 0.945042 0.729765 0.620423 0.838151 0.654566 0.752220 0.945326 0.889978 0.683320 0.718733 0.645453 0.921656 0.677364 0.685422 0.435601 0.471959 0.695105 0.998584 0.964817 0.954665 0.638416 0.638762 0.764839 0.753535 0.726219 0.851210 0.544899 0.796253 0.811586 0.823846 0.924971 0.748183 0.709083 0.717762 0.879427 0.980771 0.758839 0.796675 0.922623 0.962411 0.931839 0.967837 0.815928 0.800950 0.798652 0.893424 0.665551 0.645566 0.792929 0.698134 0.903016 0.793566 0.901848 0.999139 0.424128 0.581496 0.858266 0.937520 0.605698 0.721493 0.759571 0.771622 0.861124 0.856539 0.919456 0.875469 0.661337 0.798221 0.798390 0.679200 0.847452 0.758704 0.925752 0.829389 0.863403 0.689876 0.792480 0.795831 0.788260 0.747248 0.832340 0.998583 0.923296 0.984189 0.870509 0.987067 0.665188 0.741497 0.837445 0.764240 0.646894 0.978937 0.982627 0.939278 0.845439 0.709420 0.709125 0.901058 0.935312 0.798849 0.845919 0.945225 0.845093 0.758716 0.582752 0.967651
0.712170 0.544219 0.347924 0.000000 0.731529 0.975740 0.892345 0.581552 0.973991 0.878774 0.991930 0.726191 0.745933 0.666110 0.745811 0.664993 0.844576 0.813566 0.717589 0.767926 0.690656 0.935662 0.807901 0.537244 0.476837 0.485863 0.709534 0.980899 0.953171 0.897871 0.723763 0.707139 0.797055 0.746403 0.708644 0.936846 0.483578 0.723113 0.621330 0.740767 0.892820 0.703827 0.836599 0.780917 0.837882 0.959129 0.857347 0.855136 0.882985 0.945544 0.979243 0.912775 0.887946 0.874673 0.849715 0.863339 0.584357 0.556424 0.794278 0.728416 0.976788 0.797913 0.984538 0.884813 0.578033 0.633838 0.901431 0.973872 0.622865 0.615986 0.870164 0.969061 0.990911 0.987170 0.996368 0.996280 0.729358 0.930196 0.727607 0.754635 0.820419 0.820266 0.932485 0.798501 0.961463 0.647697 0.897632 0.813064 0.778570 0.743344 0.730511 0.768212 0.819628 0.824528 0.940430 0.929161 0.812379 0.710889 0.966325 0.863616 0.529163 0.824871 0.922377 0.880707 0.944952 0.809641 0.727019 0.922265 0.995297 0.793092 0.956698 0.881447 0.881610 0.743975 0.711363 0.906492
0.590604 0.597679 0.768561 0.731529 0.000000 0.823231 0.652303 0.825455 0.715518 0.650929 0.778310 0.837215 0.929962 0.886002 0.917625 0.866536 0.749159 0.741170 0.874647 0.605846 0.738024 0.954116 0.841830 0.865361 0.672251 0.727248 0.803975 0.894226 0.918801 0.979439 0.878450 0.959334 0.935830 0.953212 0.935727 0.743650 0.786105 0.798954 0.875571 0.906257 0.884008 0.721082 0.916794 0.967768 0.676266 0.792542 0.942454 0.942763 0.811648 0.827102 0.703566 0.734434 0.562429 0.466002 0.939296 0.955754 0.502401 0.579680 0.897654 0.721748 0.729791 0.779919 0.958741 0.945327 0.699903 0.991816 0.896250 0.742026 0.539130 0.554403 0.727333 0.691622 0.849149 0.788507 0.933456 0.940669 0.968048 0.854211 0.791717 0.809704 0.657294 0.627225 0.841369 0.692130 0.849591 0.747901 0.934404 0.968205 0.976142 0.753715 0.592823 0.595438 0.745539 0.733015 0.978236 0.957015 0.898156 0.973917 0.742056 0.741464 0.596060 0.631653 0.822310 0.947666 0.892006 0.879557 0.962404 0.893097 0.842996 0.868686 0.938749 0.772764 0.876232 0.951572 0.879046 0.822942
0.714998 0.771703 0.915856 0.975740 0.823231 0.000000 0.790819 0.761766 0.609063 0.732120 0.754089 0.813458 0.977337 0.834946 0.837308 0.769952 0.702478 0.709311 0.777873 0.760885 0.880957 0.940165 0.949003 0.913515 0.958754 0.914484 0.946149 0.776504 0.885016 0.942136 0.804808 0.894537 0.865489 0.982833 0.884655 0.999388 0.902130 0.891480 0.977739 0.800176 0.739336 0.865435 0.874595 0.922396 0.988650 0.944380 0.912302 0.888096 0.897743 0.886287 0.987294 0.979556 0.856335 0.818649 0.888123 0.793545 0.684368 0.704646 0.772717 0.852674 0.910994 0.667724 0.779667 0.836550 0.887655 0.809135 0.859287 0.965412 0.767100 0.839213 0.739708 0.624451 0.655182 0.807110 0.883972 0.833646 0.837861 0.711484 0.952742 0.982410 0.729518 0.729391 0.754860 0.706117 0.692945 0.730849 0.790609 0.882084 0.954059 0.712509 0.770125 0.828201 0.942928 0.818058 0.963741 0.965220 0.938758 0.994381 0.880046 0.913424 0.931005 0.877192 0.968838 0.899829 0.971617 0.959624 0.944136 0.883046 0.767620 0.886587 0.987502 0.951551 0.927781 0.901840 0.846691 0.750230
0.802118 0.837294 0.814253 0.892345 0.652303 0.790819 0.000000 0.343718 0.665761 0.458840 0.864932 0.809983 0.617709 0.909569 0.538955 0.728647 0.974537 0.945574 0.772910 0.889479 0.950373 0.954841 0.480311 0.964361 0.747936 0.840593 0.873548 0.823556 0.552678 0.657976 0.535211 0.753438 0.689894 0.554332 0.816711 0.866947 0.977213 0.918225 0.876675 0.980557 0.822809 0.950997 0.464149 0.523158 0.372452 0.437962 0.678671 0.689329 0.494448 0.458730 0.380137 0.411196 0.447898 0.408543 0.802144 0.746349 0.814235 0.857540 0.801310 0.973473 0.320565 0.371711 0.672073 0.651005 0.924981 0.863589 0.482951 0.455830 0.750943 0.791275 0.482941 0.575479 0.676945 0.572639 0.900002 0.771929 0.632713 0.655915 0.848029 0.931511 0.880866 0.695205 0.948197 0.729725 0.996695 0.877121 0.995026 0.837862 0.869041 0.907443 0.527590 0.515904 0.774569 0.846338 0.667173 0.798704 0.723163 0.862069 0.365193 0.403998 0.757915 0.597085 0.704872 0.822676 0.708908 0.679385 0.832805 0.841888 0.763444 0.832953 0.743321 0.641618 0.453544 0.710094 0.493120 0.754200
0.827197 0.940487 0.735914 0.581552 0.825455 0.761766 0.343718 0.000000 0.683071 0.544568 0.742866 0.798220 0.645410 0.806318 0.601224 0.524391 0.938937 0.914076 0.894276 0.850683 0.993408 0.881557 0.621382 0.835894 0.905043 0.994288 0.964355 0.887217 0.802845 0.778986 0.612198 0.804290 0.814346 0.622472 0.808156 0.914760 0.880920 0.897699 0.886329 0.906448 0.742992 0.954370 0.626671 0.646771 0.614078 0.658723 0.845034 0.870983 0.741545 0.654148 0.522324 0.515708 0.557873 0.490778 0.968129 0.892381 0.918584 0.955804 0.867293 0.989851 0.428585 0.346847 0.802669 0.716671 0.889267 0.680056 0.645819 0.625239 0.791723 0.959823 0.573329 0.683340 0.780806 0.714205 0.871972 0.922556 0.682195 0.729262 0.842413 0.971880 0.829615 0.682202 0.958793 0.741078 0.852781 0.955772 0.940764 0.705044 0.786890 0.892175 0.729424 0.825275 0.894231 0.980340 0.835175 0.882030 0.829207 0.840900 0.590479 0.591325 0.953767 0.837789 0.941221 0.907478 0.855031 0.876204 0.775911 0.863205 0.823391 0.848891 0.909677 0.897386 0.591990 0.713309 0.565245 0.890507
0.486626 0.592581 0.931057 0.973991 0.715518 0.609063 0.665761 0.683071 0.000000 0.536888 0.615829 0.671021 0.972795 0.578692 0.770644 0.764802 0.451973 0.415032 0.660280 0.535153 0.842645 0.867535 0.863137 0.693540 0.745188 0.858059 0.817048 0.926302 0.898151 0.777940 0.763025 0.985689 0.800408 0.856564 0.971968 0.822470 0.858477 0.868057 0.810924 0.922896 0.912887 0.961342 0.885236 0.928288 0.922749 0.950429 0.801720 0.718660 0.913548 0.896062 0.912809 0.919647 0.803105 0.667180 0.692561 0.619761 0.481579 0.517180 0.609195 0.689396 0.774776 0.637501 0.700740 0.677975 0.956595 0.869361 0.835065 0.980483 0.583120 0.567811 0.590903 0.580957 0.751109 0.768525 0.997720 0.922696 0.855113 0.685514 0.770057 0.750176 0.488102 0.491149 0.576977 0.428369 0.614112 0.502507 0.796667 0.589527 0.781614 0.490137 0.545174 0.635650 0.724634 0.742688 0.959117 0.792026 0.909481 0.842702 0.820803 0.911650 0.923500 0.786938 0.845639 0.639482 0.937434 0.906363 0.878025 0.948316 0.747613 0.808946 0.911204 0.893191 0.766301 0.997264 0.796174 0.708109
0.454433 0.537249 0.853273 0.878774 0.650929 0.732120 0.458840 0.544568 0.536888 0.000000 0.633824 0.848786 0.968061 0.842549 0.790634 0.704405 0.768023 0.646102 0.876850 0.574287 0.782779 0.938896 0.733855 0.730303 0.614785 0.743059 0.731884 0.814458 0.769947 0.899317 0.558902 0.741934 0.917294 0.765590 0.946915 0.951626 0.873474 0.808804 0.827429 0.966640 0.841825 0.907867 0.589571 0.706312 0.430141 0.526090 0.826125 0.903209 0.599550 0.620064 0.451242 0.493820 0.377879 0.335093 0.903072 0.963097 0.550693 0.554967 0.937032 0.748906 0.593759 0.454232 0.930728 0.883608 0.699458 0.854997 0.793549 0.646747 0.455131 0.564923 0.489193 0.560410 0.682663 0.600162 0.883540 0.764888 0.683665 0.628257 0.988097 0.821257 0.599318 0.375999 0.748422 0.467104 0.586589 0.467830 0.849718 0.583627 0.821461 0.546397 0.595298 0.628172 0.953427 0.930671 0.808740 0.965017 0.954824 0.905518 0.496847 0.599840 0.754983 0.679282 0.790935 0.969876 0.922267 0.895399 0.978026 0.972382 0.676412 0.968743 0.891906 0.778738 0.526078 0.896412 0.730395 0.732996
0.474400 0.585710 0.945042 0.991930 0.778310 0.754089 0.864932 0.742866 0.615829 0.633824 0.000000 0.682191 0.759812 0.759217 0.938642 0.722537 0.620915 0.507462 0.680428 0.515046 0.743862 0.986397 0.918827 0.994682 0.887570 0.971777 0.933515 0.903533 0.796185 0.795981 0.840832 0.933361 0.791075 0.920097 0.989641 0.996197 0.918553 0.999932 0.964410 0.990389 0.832717 0.924473 0.980664 0.953897 0.916320 0.990184 0.901047 0.832105 0.923730 0.955151 0.858792 0.852356 0.704914 0.577431 0.782097 0.765407 0.544282 0.571079 0.740104 0.712268 0.959420 0.785573 0.703391 0.737634 0.745719 0.974635 0.930790 0.958524 0.548024 0.684316 0.682757 0.819562 0.835910 0.842609 0.858610 0.890919 0.817347 0.939517 0.757039 0.718277 0.538293 0.517562 0.668978 0.524805 0.571115 0.637018 0.799903 0.708061 0.837245 0.572511 0.829093 0.822115 0.864614 0.960797 0.986965 0.794201 0.865275 0.991934 0.793911 0.938384 0.887687 0.986734 0.994400 0.872338 0.815398 0.909050 0.937403 0.924143 0.793777 0.846967 0.958051 0.939099 0.847774 0.916926 0.935394 0.823124
0.436809 0.479054 0.729765 0.726191 0.837215 0.813458 0.809983 0.798220 0.671021 0.848786 0.682191 0.000000 0.506185 0.417146 0.564303 0.745119 0.439748 0.386046 0.401776 0.429000 0.701865 0.919504 0.600402 0.688917 0.795786 0.899697 0.815665 0.925812 0.558282 0.486293 0.732526 0.708426 0.461930 0.487278 0.754439 0.954359 0.811100 0.876080 0.798779 0.852270 0.939137 0.928917 0.684179 0.578540 0.729972 0.621120 0.538867 0.484270 0.583182 0.577441 0.668781 0.637001 0.902748 0.903389 0.488174 0.512086 0.474532 0.458100 0.413422 0.548731 0.661966 0.876951 0.412124 0.372090 0.695373 0.856422 0.561708 0.652925 0.605614 0.645680 0.994517 0.893513 0.921695 0.961580 0.848484 0.988237 0.805215 0.971385 0.504174 0.441111 0.401424 0.527922 0.496239 0.524577 0.463113 0.496820 0.969336 0.759610 0.634222 0.527924 0.767788 0.801654 0.726435 0.661203 0.852564 0.828602 0.792989 0.927779 0.836660 0.818295 0.798620 0.845892 0.823620 0.628333 0.707945 0.699104 0.957519 0.889352 0.872897 0.618546 0.795262 0.821693 0.905218 0.799379 0.660974 0.849220
0.648504 0.735301 0.620423 0.745933 0.929962 0.977337 0.617709 0.645410 0.972795 0.968061 0.759812 0.506185 0.000000 0.638039 0.507307 0.664372 0.883932 0.753714 0.626467 0.763980 0.819461 0.941311 0.536365 0.695057 0.903033 0.924811 0.887152 0.778888 0.792713 0.767535 0.732222 0.749717 0.695659 0.653233 0.770200 0.971291 0.995714 0.909722 0.907982 0.961939 0.838229 0.989965 0.782050 0.763785 0.791646 0.750948 0.711322 0.724311 0.732507 0.684250 0.701913 0.634093 0.877793 0.931854 0.667911 0.732716 0.753598 0.733641 0.533896 0.558606 0.437956 0.687732 0.591832 0.675480 0.627938 0.655935 0.586932 0.607358 0.853458 0.848491 0.922593 0.918603 0.938166 0.943232 0.952073 0.864527 0.832453 0.940974 0.807348 0.591301 0.776250 0.804127 0.786261 0.801237 0.586396 0.569876 0.828068 0.877779 0.697107 0.649626 0.998814 0.910845 0.968591 0.876555 0.896078 0.879811 0.691136 0.968609 0.720665 0.760417 0.902038 0.806399 0.888742 0.908282 0.798630 0.849276 0.975548 0.987334 0.945915 0.786979 0.761804 0.961553 0.821506 0.804966 0.636244 0.894008
0.597951 0.607843 0.838151 0.666110 0.886002 0.834946 0.909569 0.806318 0.578692 0.842549 0.759217 0.417146 0.638039 0.000000 0.718349 0.645843 0.499498 0.410503 0.515491 0.578970 0.797314 0.957237 0.728296 0.543155 0.777458 0.770641 0.891270 0.780668 0.739409 0.453843 0.821735 0.699050 0.582458 0.533488 0.790893 0.808818 0.728594 0.813704 0.659117 0.795649 0.850206 0.965213 0.871920 0.749352 0.842544 0.757981 0.715858 0.616724 0.772197 0.680027 0.780718 0.730570 0.895101 0.979853 0.557473 0.509740 0.572020 0.558598 0.568660 0.672044 0.814957 0.845300 0.508552 0.485590 0.936417 0.770322 0.658635 0.685411 0.723811 0.666912 0.991860 0.860715 0.988759 0.997914 0.918932 0.979207 0.847267 0.966718 0.654360 0.527430 0.474572 0.578468 0.487482 0.476577 0.656515 0.498099 0.788056 0.679346 0.603988 0.609962 0.706600 0.706101 0.753218 0.649570 0.815589 0.911549 0.838410 0.886843 0.931631 0.854363 0.803148 0.909810 0.922171 0.663544 0.889946 0.748366 0.940671 0.972643 0.899514 0.861998 0.834649 0.815593 0.984724 0.809464 0.823880 0.891085
0.869375 0.810430 0.654566 0.745811 0.917625 0.837308 0.538955 0.601224 0.770644 0.790634 0.938642 0.564303 0.507307 0.718349 0.000000 0.510859 0.906484 0.889238 0.665308 0.829445 0.862610 0.888964 0.416517 0.789151 0.987638 0.948447 0.991547 0.741271 0.653220 0.612758 0.475506 0.683767 0.590526 0.543944 0.661238 0.934416 0.842261 0.937872 0.915376 0.900318 0.893039 0.900464 0.562805 0.581167 0.653390 0.641452 0.631494 0.614421 0.629047 0.638018 0.587959 0.510054 0.741920 0.788317 0.645599 0.693576 0.903160 0.877271 0.664805 0.771324 0.456524 0.579733 0.688759 0.651052 0.763052 0.744137 0.657148 0.637285 0.978774 0.960045 0.709489 0.706144 0.776703 0.920093 0.902390 0.862957 0.609871 0.724709 0.724519 0.633882 0.782188 0.947325 0.831892 0.915775 0.756109 0.851319 0.987183 0.972544 0.861565 0.911902 0.918472 0.928673 0.895206 0.809584 0.809588 0.966631 0.872385 0.992492 0.631679 0.660423 0.876283 0.883978 0.865601 0.882879 0.854252 0.735682 0.769085 0.963521 0.818122 0.815567 0.829670 0.852070 0.804883 0.822649 0.526232 0.897844
0.851936 0.979141 0.752220 0.664993 0.866536 0.769952 0.728647 0.524391 0.764802 0.704405 0.722537 0.745119 0.664372 0.645843 0.510859 0.000000 0.975871 0.950387 0.966473 0.879743 0.942550 0.958033 0.648921 0.731174 0.956585 0.878153 0.944656 0.737718 0.929764 0.736134 0.578632 0.664875 0.881515 0.704129 0.882940 0.982610 0.833035 0.880382 0.773556 0.849407 0.697348 0.925848 0.820222 0.861836 0.856121 0.851757 0.913844 0.891472 0.924606 0.858579 0.733402 0.634413 0.674607 0.660782 0.946878 0.999522 0.924191 0.954011 0.867310 0.949820 0.657178 0.545271 0.924973 0.856277 0.962744 0.658687 0.891441 0.720180 0.807194 0.969787 0.635438 0.717062 0.777761 0.919985 0.829875 0.916449 0.745487 0.863570 0.865191 0.758213 0.957024 0.852327 0.913658 0.889655 0.825052 0.995716 0.993139 0.760567 0.915955 0.859310 0.951147 0.892224 0.808641 0.737386 0.904133 0.907418 0.913282 0.969679 0.831054 0.820012 0.821539 0.908350 0.949599 0.958753 0.880917 0.911427 0.831246 0.954102 0.848000 0.967508 0.996217 0.989963 0.867549 0.892127 0.690871 0.889762
0.447512 0.460864 0.945326 0.844576 0.749159 0.702478 0.974537 0.938937 0.451973 0.768023 0.620915 0.439748 0.883932 0.499498 0.906484 0.975871 0.000000 0.278600 0.454851 0.373581 0.723615 0.875714 0.852293 0.801689 0.813683 0.943141 0.840533 0.982767 0.545049 0.443504 0.887131 0.839589 0.492224 0.529884 0.882555 0.884646 0.685016 0.869792 0.767251 0.807847 0.994962 0.814876 0.831379 0.598332 0.829752 0.656389 0.554496 0.469116 0.633907 0.596600 0.780223 0.754366 0.990890 0.822537 0.603340 0.475148 0.403362 0.397321 0.503857 0.631540 0.994363 0.837972 0.463522 0.394276 0.877576 0.851155 0.645404 0.780843 0.543442 0.578210 0.874046 0.710685 0.898643 0.913497 0.952294 0.990986 0.866292 0.942522 0.502287 0.567754 0.328340 0.492060 0.466778 0.483949 0.514845 0.520189 0.944115 0.631946 0.841824 0.488850 0.678226 0.691390 0.650767 0.643186 0.828103 0.823508 0.868682 0.893032 0.960621 0.869275 0.825720 0.767837 0.800425 0.569618 0.771824 0.732591 0.949521 0.926244 0.883946 0.735821 0.941442 0.729286 0.991725 0.908808 0.952485 0.846630
0.346277 0.412918 0.889978 0.813566 0.741170 0.709311 0.945574 0.914076 0.415032 0.646102 0.507462 0.386046 0.753714 0.410503 0.889238 0.950387 0.278600 0.000000 0.372977 0.308771 0.729342 0.924024 0.840033 0.689278 0.767971 0.881363 0.867157 0.951814 0.613681 0.519180 0.995548 0.832635 0.492869 0.551226 0.872720 0.873648 0.740318 0.856328 0.742070 0.788732 0.970649 0.815076 0.869907 0.678803 0.881705 0.739835 0.625870 0.524625 0.698922 0.672636 0.900436 0.874572 0.899738 0.724312 0.544838 0.449452 0.349225 0.356909 0.455401 0.566453 0.984766 0.834856 0.444673 0.421183 0.779752 0.976252 0.631053 0.763022 0.478038 0.503991 0.814666 0.689293 0.895140 0.886729 0.951535 0.947985 0.998664 0.891971 0.500511 0.488579 0.255746 0.345149 0.453550 0.317022 0.406889 0.408361 0.861628 0.540879 0.778591 0.415429 0.653018 0.651123 0.674459 0.648674 0.816653 0.789757 0.839571 0.837824 0.998051 0.897160 0.772720 0.788328 0.861062 0.599927 0.771234 0.715052 0.986001 0.936391 0.763774 0.711149 0.902080 0.799157 0.951171 0.815322 0.916821 0.844981
0.456771 0.454779 0.683320 0.717589 0.874647 0.777873 0.772910 0.894276 0.660280 0.876850 0.680428 0.401776 0.626467 0.515491 0.665308 0.966473 0.454851 0.372977 0.000000 0.367575 0.724007 0.873790 0.481098 0.724603 0.717316 0.827623 0.767877 0.892678 0.528630 0.552655 0.637370 0.631738 0.336039 0.405228 0.721085 0.894928 0.706034 0.988871 0.769282 0.950780 0.937447 0.868612 0.533687 0.434692 0.655268 0.499247 0.383635 0.338853 0.496071 0.446900 0.650920 0.599022 0.915640 0.935595 0.502178 0.401754 0.467692 0.456334 0.381352 0.486920 0.743803 0.970408 0.440861 0.414596 0.672458 0.997943 0.469799 0.581411 0.582539 0.670459 0.924732 0.904584 0.983703 0.947746 0.928945 0.960158 0.738766 0.951491 0.508743 0.501644 0.414113 0.516441 0.513418 0.473164 0.410697 0.480791 0.907686 0.730035 0.769322 0.469309 0.815650 0.945489 0.795916 0.750137 0.720371 0.714749 0.753559 0.745717 0.685802 0.631216 0.916481 0.923753 0.681169 0.546345 0.649789 0.470710 0.867466 0.987515 0.947973 0.623810 0.737410 0.726735 0.765414 0.659608 0.715943 0.962240
0.302409 0.305416 0.718733 0.767926 0.605846 0.760885 0.889479 0.850683 0.535153 0.574287 0.515046 0.429000 0.763980 0.578970 0.829445 0.879743 0.373581 0.308771 0.367575 0.000000 0.652084 0.842283 0.785419 0.717436 0.636896 0.743568 0.677606 0.942729 0.676113 0.653013 0.898084 0.851075 0.504455 0.612804 0.823995 0.960617 0.704709 0.781909 0.725051 0.926342 0.891227 0.759543 0.801860 0.662584 0.991432 0.831266 0.585648 0.550097 0.776908 0.760182 0.984274 0.948894 0.752524 0.565678 0.600067 0.542503 0.315304 0.313743 0.529727 0.526611 0.944770 0.785766 0.591838 0.545300 0.607113 0.995334 0.738254 0.914043 0.364269 0.475761 0.789638 0.710769 0.947544 0.906301 0.973968 0.936086 0.889567 0.913562 0.536178 0.530536 0.302107 0.321572 0.557718 0.337160 0.403388 0.420887 0.987808 0.642858 0.809901 0.374253 0.626627 0.721963 0.737751 0.701438 0.889921 0.749218 0.842949 0.877246 0.977980 0.954760 0.675712 0.733156 0.885568 0.652486 0.766543 0.692353 0.937546 0.957133 0.905857 0.666096 0.854290 0.909415 0.933267 0.830405 0.938849 0.818995
0.620829 0.640341 0.645453 0.690656 0.738024 0.880957 0.950373 0.993408 0.842645 0.782779 0.743862 0.701865 0.819461 0.797314 0.862610 0.942550 0.723615 0.729342 0.724007 0.652084 0.000000 0.949007 0.891225 0.871064 0.644605 0.711574 0.852748 0.866223 0.866373 0.893355 0.870950 0.676587 0.674617 0.766356 0.948564 0.899977 0.803773 0.787978 0.846364 0.749375 0.996136 0.804739 0.866548 0.750487 0.999841 0.926957 0.798362 0.679669 0.923512 0.846842 0.992454 0.942634 0.955897 0.773150 0.683892 0.865098 0.565775 0.617098 0.724264 0.638268 0.989117 0.994051 0.851584 0.819533 0.695031 0.897708 0.883539 0.979664 0.605864 0.770082 0.900526 0.885701 0.952262 0.948425 0.926422 0.971316 0.807401 0.915825 0.776130 0.640805 0.692423 0.684186 0.703124 0.749209 0.779858 0.705546 0.844433 0.902961 0.868106 0.730810 0.815964 0.858321 0.989962 0.922824 0.921484 0.894610 0.838474 0.905460 0.908203 0.873438 0.777098 0.844254 0.895614 0.754681 0.873086 0.749053 0.855608 0.981521 0.814305 0.770037 0.935238 0.901497 0.993752 0.625642 0.742978 0.768035
0.888986 0.917480 0.921656 0.935662 0.954116 0.940165 0.954841 0.881557 0.867535 0.938896 0.986397 0.919504 0.941311 0.957237 0.888964 0.958033 0.875714 0.924024 0.873790 0.842283 0.949007 0.000000 0.831391 0.970147 0.868304 0.876832 0.840744 0.954620 0.819082 0.983863 0.950913 0.933826 0.962671 0.894192 0.864087 0.911023 0.922187 0.943851 0.975827 0.875266 0.814427 0.913353 0.919718 0.924352 0.971022 0.956764 0.816144 0.878200 0.958254 0.975036 0.970886 0.999150 0.897523 0.870828 0.938313 0.970567 0.961918 0.978658 0.969728 0.977718 0.928399 0.932264 0.970072 0.979446 0.941097 0.927255 0.920672 0.949434 0.872638 0.986211 0.938356 0.971124 0.969228 0.934381 0.987564 0.923253 0.876904 0.830520 0.916849 0.884037 0.859643 0.902368 0.944832 0.969049 0.919699 0.899627 0.971584 0.894928 0.990811 0.906744 0.904685 0.940376 0.969372 0.975914 0.968717 0.832618 0.988143 0.987133 0.928290 0.872694 0.948938 0.902963 0.924698 0.943250 0.857901 0.893513 0.981391 0.907115 0.883989 0.825655 0.908921 0.942121 0.997095 0.999052 0.961662 0.953035
0.889010 0.840867 0.677364 0.807901 0.841830 0.949003 0.480311 0.621382 0.863137 0.733855 0.918827 0.600402 0.536365 0.728296 0.416517 0.648921 0.852293 0.840033 0.481098 0.785419 0.891225 0.831391 0.000000 0.772177 0.925964 0.930347 0.942780 0.694648 0.600757 0.682297 0.387549 0.514807 0.494105 0.486600 0.676574 0.953007 0.894457 0.876471 0.915192 0.969290 0.828235 0.983682 0.403866 0.424480 0.475594 0.415445 0.411092 0.461586 0.444633 0.423518 0.445046 0.380313 0.627006 0.667498 0.626426 0.591052 0.951277 0.898316 0.572760 0.718986 0.498820 0.650770 0.620226 0.597477 0.796958 0.914059 0.463157 0.478214 0.988059 0.999621 0.607227 0.748926 0.727524 0.780487 0.879170 0.848479 0.527400 0.798354 0.691545 0.653638 0.815045 0.943996 0.804250 0.928487 0.649124 0.788751 0.993069 0.953412 0.879117 0.796365 0.893424 0.789269 0.975053 0.891172 0.709470 0.872914 0.843696 0.794810 0.450529 0.505523 0.907188 0.809022 0.678341 0.748477 0.750719 0.528835 0.878385 0.991202 0.906546 0.733739 0.754352 0.750507 0.574943 0.731877 0.467846 0.901937
0.628123 0.632484 0.685422 0.537244 0.865361 0.913515 0.964361 0.835894 0.693540 0.730303 0.994682 0.688917 0.695057 0.543155 0.789151 0.731174 0.801689 0.689278 0.724603 0.717436 0.871064 0.970147 0.772177 0.000000 0.649874 0.635596 0.764972 0.886308 0.948255 0.877102 0.954699 0.745140 0.801202 0.799645 0.774351 0.961345 0.823973 0.787241 0.636952 0.834976 0.949095 0.873053 0.919691 0.959597 0.872595 0.975375 0.850034 0.823105 0.960403 0.935063 0.991037 0.882633 0.898136 0.872081 0.764296 0.731539 0.621664 0.611872 0.604781 0.609696 0.967443 0.985021 0.811675 0.837176 0.833958 0.701416 0.759715 0.832480 0.698098 0.639670 0.865262 0.844278 0.777238 0.774584 0.961753 0.817164 0.904041 0.797316 0.832648 0.778109 0.746599 0.689306 0.702946 0.611344 0.736684 0.446280 0.863877 0.777124 0.678168 0.555306 0.700948 0.676898 0.845491 0.740460 0.992380 0.946008 0.936449 0.775837 0.973299 0.979442 0.707723 0.822434 0.967704 0.849213 0.976488 0.937088 0.945519 0.887350 0.842299 0.798135 0.887204 0.880839 0.927981 0.930189 0.887224 0.825214
0.565868 0.494262 0.435601 0.476837 0.672251 0.958754 0.747936 0.905043 0.745188 0.614785 0.887570 0.795786 0.903033 0.777458 0.987638 0.956585 0.813683 0.767971 0.717316 0.636896 0.644605 0.868304 0.925964 0.649874 0.000000 0.277245 0.582982 0.875022 0.839622 0.901471 0.856370 0.740541 0.836490 0.907686 0.754240 0.869824 0.595196 0.713469 0.595175 0.862636 0.899575 0.709999 0.872284 0.833982 0.677359 0.838816 0.784334 0.788653 0.791881 0.925822 0.734614 0.831559 0.679848 0.576430 0.865595 0.866251 0.529431 0.524209 0.771396 0.563948 0.693646 0.890404 0.794742 0.937383 0.542739 0.712802 0.991116 0.893586 0.479620 0.621375 0.980187 0.900285 0.944216 0.947845 0.962962 0.999330 0.769713 0.986222 0.778718 0.713158 0.759908 0.594772 0.894391 0.595935 0.841130 0.559178 0.791686 0.996796 0.823339 0.600011 0.522466 0.756377 0.787027 0.914053 0.995413 0.989411 0.760170 0.819397 0.922544 0.958205 0.664282 0.778035 0.954286 0.862409 0.878605 0.707598 0.768709 0.962313 0.906932 0.756555 0.896294 0.779249 0.994744 0.814816 0.842163 0.887007
0.727725 0.614713 0.471959 0.485863 0.727248 0.914484 0.840593 0.994288 0.858059 0.743059 0.971777 0.899697 0.924811 0.770641 0.948447 0.878153 0.943141 0.881363 0.827623 0.743568 0.711574 0.876832 0.930347 0.635596 0.277245 0.000000 0.659810 0.862052 0.819557 0.905308 0.809116 0.763600 0.931734 0.896007 0.791757 0.898493 0.579712 0.649812 0.563797 0.967463 0.976337 0.647312 0.861515 0.885169 0.700079 0.807011 0.845052 0.877201 0.764348 0.890115 0.760227 0.847073 0.783682 0.691030 0.882891 0.880715 0.678315 0.638699 0.916332 0.664476 0.720942 0.949303 0.749817 0.874769 0.606810 0.646077 0.934162 0.901250 0.572178 0.682835 0.907248 0.972814 0.968503 0.988109 0.927230 0.953360 0.755071 0.941181 0.806877 0.759572 0.857289 0.714806 0.998304 0.671825 0.953617 0.662703 0.828765 0.995414 0.760812 0.696734 0.642787 0.863346 0.881922 0.975610 0.989280 0.980489 0.715621 0.841481 0.973864 0.951340 0.665141 0.897723 0.989661 0.899530 0.837954 0.774782 0.780166 0.988236 0.970764 0.811246 0.884501 0.851992 0.968896 0.769210 0.846734 0.915592
0.724304 0.657808 0.695105 0.709534 0.803975 0.946149 0.873548 0.964355 0.817048 0.731884 0.933515 0.815665 0.887152 0.891270 0.991547 0.944656 0.840533 0.867157 0.767877 0.677606 0.852748 0.840744 0.942780 0.764972 0.582982 0.659810 0.000000 0.774372 0.909127 0.974190 0.908731 0.942182 0.977328 0.906938 0.912841 0.938328 0.722303 0.896606 0.820173 0.829330 0.991622 0.860347 0.902980 0.846912 0.845154 0.944991 0.827378 0.814712 0.937231 0.997201 0.867333 0.971199 0.798272 0.743900 0.838696 0.859293 0.720336 0.694970 0.813258 0.681663 0.858779 0.908295 0.963086 0.944246 0.786510 0.850334 0.932449 0.986218 0.733332 0.729131 0.976275 0.940619 0.928110 0.971760 0.826579 0.964812 0.829684 0.989610 0.884713 0.849784 0.892183 0.727063 0.943210 0.721453 0.856499 0.671146 0.984767 0.903459 0.859231 0.648326 0.769542 0.993549 0.939668 0.920780 0.998112 0.869820 0.813684 0.801229 0.990660 0.989434 0.788952 0.878987 0.912644 0.839410 0.866679 0.780619 0.982968 0.962984 0.951372 0.792118 0.714143 0.903759 0.987828 0.976676 0.852907 0.954863
0.926383 0.901746 0.998584 0.980899 0.894226 0.776504 0.823556 0.887217 0.926302 0.814458 0.903533 0.925812 0.778888 0.780668 0.741271 0.737718 0.982767 0.951814 0.892678 0.942729 0.866223 0.954620 0.694648 0.886308 0.875022 0.862052 0.774372 0.000000 0.900375 0.869715 0.781079 0.737710 0.766059 0.827549 0.952039 0.959749 0.847034 0.810021 0.951862 0.806109 0.926912 0.728606 0.936342 0.931620 0.761187 0.761810 0.835201 0.851773 0.770331 0.728184 0.694825 0.673274 0.801479 0.754266 0.862156 0.879793 0.923286 0.900134 0.844114 0.938642 0.726938 0.907022 0.768905 0.892889 0.913438 0.937162 0.773139 0.783203 0.836021 0.784099 0.994712 0.972890 0.972233 0.953654 0.979885 0.948853 0.881643 0.961614 0.933721 0.863326 0.982581 0.869490 0.810476 0.949597 0.945331 0.996996 0.944480 0.920370 0.987590 0.903406 0.979733 0.957771 0.934418 0.843776 0.952737 0.879906 0.973872 0.925289 0.806980 0.855634 0.953985 0.937836 0.990509 0.999994 0.853622 0.941413 0.961640 0.899811 0.889937 0.964609 0.921417 0.972099 0.896615 0.994811 0.926027 0.990956
0.815886 0.794114 0.964817 0.953171 0.918801 0.885016 0.552678 0.802845 0.898151 0.769947 0.796185 0.558282 0.792713 0.739409 0.653220 0.929764 0.545049 0.613681 0.528630 0.676113 0.866373 0.819082 0.600757 0.948255 0.839622 0.819557 0.909127 0.900375 0.000000 0.347342 0.647660 0.723104 0.459418 0.387433 0.869856 0.875433 0.908046 0.921520 0.970385 0.969361 0.980406 0.954124 0.550726 0.485611 0.482903 0.437856 0.522164 0.462191 0.418655 0.479372 0.492665 0.552407 0.676255 0.774339 0.642458 0.587903 0.798868 0.794768 0.619819 0.855704 0.584531 0.728629 0.473361 0.426877 0.954266 0.892431 0.537686 0.587718 0.946855 0.914341 0.741899 0.848481 0.776137 0.729564 0.942137 0.904990 0.729397 0.771453 0.613011 0.664351 0.613213 0.888077 0.564190 0.887860 0.745339 0.948467 0.995880 0.865755 0.868884 0.839069 0.916244 0.882993 0.846389 0.891000 0.771303 0.788643 0.814586 0.898254 0.651291 0.647496 0.814363 0.877426 0.698496 0.719918 0.714667 0.605373 0.824926 0.836379 0.968691 0.785689 0.800068 0.592184 0.704999 0.725502 0.715471 0.923169
0.768376 0.746644 0.954665 0.897871 0.979439 0.942136 0.657976 0.778986 0.777940 0.899317 0.795981 0.486293 0.767535 0.453843 0.612758 0.736134 0.443504 0.519180 0.552655 0.653013 0.893355 0.983863 0.682297 0.877102 0.901471 0.905308 0.974190 0.869715 0.347342 0.000000 0.688986 0.742451 0.481958 0.408233 0.862730 0.780018 0.756416 0.876874 0.916216 0.863834 0.868389 0.957606 0.725436 0.584099 0.632744 0.555253 0.602374 0.508640 0.553907 0.560837 0.587242 0.582453 0.724627 0.815663 0.583824 0.510051 0.743802 0.713774 0.615590 0.843180 0.620594 0.716274 0.474810 0.392776 0.978246 0.950060 0.615848 0.614558 0.887741 0.846445 0.876636 0.938878 0.818895 0.806660 0.914864 0.855345 0.767888 0.877306 0.567395 0.553177 0.527218 0.803146 0.517225 0.737042 0.786242 0.827229 0.886271 0.788643 0.790883 0.800740 0.933527 0.930799 0.761055 0.762789 0.787705 0.858220 0.849533 0.890257 0.809144 0.741479 0.951879 0.997948 0.818505 0.713449 0.800209 0.690301 0.838669 0.851850 0.970471 0.859980 0.867764 0.590668 0.847551 0.827820 0.775561 0.893197
0.936960 0.915098 0.638416 0.723763 0.878450 0.804808 0.535211 0.612198 0.763025 0.558902 0.840832 0.732526 0.732222 0.821735 0.475506 0.578632 0.887131 0.995548 0.637370 0.898084 0.870950 0.950913 0.387549 0.954699 0.856370 0.809116 0.908731 0.781079 0.647660 0.688986 0.000000 0.466397 0.520681 0.456164 0.703527 0.947736 0.747727 0.959985 0.899185 0.957125 0.778430 0.950927 0.368902 0.405686 0.549164 0.484513 0.461071 0.494789 0.570184 0.511368 0.469072 0.433751 0.583072 0.632338 0.731386 0.702695 0.996323 0.974320 0.715880 0.816361 0.629981 0.524393 0.802795 0.696572 0.873353 0.919353 0.615679 0.550968 0.909011 0.907076 0.507496 0.620336 0.639335 0.648642 0.928988 0.727439 0.446059 0.581020 0.642154 0.755369 0.949918 0.865486 0.943741 0.926021 0.969121 0.997792 0.785974 0.810610 0.957306 0.972035 0.971205 0.778180 0.881499 0.921769 0.673838 0.891370 0.757146 0.827911 0.459368 0.472817 0.999988 0.789658 0.677415 0.803042 0.830485 0.559496 0.701142 0.870264 0.783103 0.824356 0.742814 0.727471 0.558241 0.753983 0.495351 0.765406
0.888527 0.841477 0.638762 0.707139 0.959334 0.894537 0.753438 0.804290 0.985689 0.741934 0.933361 0.708426 0.749717 0.699050 0.683767 0.664875 0.839589 0.832635 0.631738 0.851075 0.676587 0.933826 0.514807 0.745140 0.740541 0.763600 0.942182 0.737710 0.723104 0.742451 0.466397 0.000000 0.538577 0.570546 0.867023 0.977230 0.849563 0.934171 0.894293 0.802102 0.783854 0.910842 0.615592 0.561463 0.672666 0.585378 0.483017 0.527598 0.639954 0.602165 0.639920 0.585790 0.738087 0.844950 0.663249 0.666796 0.807202 0.831952 0.601595 0.685031 0.799666 0.714655 0.779221 0.744481 0.926603 0.953157 0.667359 0.620936 0.896631 0.949856 0.735148 0.772647 0.805468 0.804894 0.962196 0.895238 0.592772 0.818650 0.691917 0.628513 0.803410 0.936598 0.730275 0.917203 0.910199 0.882920 0.762311 0.853233 0.973996 0.837652 0.892320 0.971361 0.815424 0.859487 0.806709 0.971752 0.748433 0.720707 0.624002 0.640759 0.966737 0.930691 0.705042 0.693539 0.959764 0.559812 0.954201 0.940987 0.992295 0.814389 0.747882 0.900413 0.642568 0.699466 0.591207 0.937731
0.604871 0.623697 0.764839 0.797055 0.935830 0.865489 0.689894 0.814346 0.800408 0.917294 0.791075 0.461930 0.695659 0.582458 0.590526 0.881515 0.492224 0.492869 0.336039 0.504455 0.674617 0.962671 0.494105 0.801202 0.836490 0.931734 0.977328 0.766059 0.459418 0.481958 0.520681 0.538577 0.000000 0.372980 0.684348 0.949634 0.818196 0.976140 0.884873 0.882927 0.833126 0.872773 0.527861 0.399279 0.551724 0.425269 0.397452 0.342517 0.434015 0.404050 0.513631 0.492284 0.770928 0.906694 0.575952 0.455060 0.570475 0.582575 0.444085 0.582118 0.649418 0.808942 0.465114 0.422054 0.744881 0.981786 0.469527 0.566939 0.731021 0.804957 0.892165 0.983858 0.930535 0.882150 0.954063 0.916282 0.704062 0.785907 0.473474 0.542332 0.515633 0.714676 0.540861 0.624206 0.574669 0.649462 0.946926 0.861652 0.862477 0.618086 0.842004 0.969211 0.793105 0.730115 0.715972 0.813689 0.777767 0.822804 0.614093 0.564888 0.917368 0.918410 0.702782 0.594675 0.677770 0.566595 0.923710 0.949627 0.964102 0.732618 0.782743 0.702689 0.711923 0.609837 0.672471 0.973185
0.731564 0.666871 0.753535 0.746403 0.953212 0.982833 0.554332 0.622472 0.856564 0.765590 0.920097 0.487278 0.653233 0.533488 0.543944 0.704129 0.529884 0.551226 0.405228 0.612804 0.766356 0.894192 0.486600 0.799645 0.907686 0.896007 0.906938 0.827549 0.387433 0.408233 0.456164 0.570546 0.372980 0.000000 0.756189 0.771397 0.709354 0.909870 0.758383 0.893936 0.820672 0.803656 0.439092 0.340143 0.490896 0.402096 0.386178 0.365915 0.437846 0.393670 0.440027 0.417315 0.626694 0.726067 0.555199 0.455999 0.702631 0.700504 0.466412 0.708479 0.561698 0.607276 0.458807 0.372909 0.852838 0.931996 0.446377 0.484074 0.896533 0.848130 0.723860 0.875380 0.808494 0.757663 0.928854 0.867704 0.584332 0.680776 0.517226 0.581328 0.627800 0.880630 0.626618 0.752773 0.750082 0.749528 0.932935 0.920550 0.781192 0.725068 0.898165 0.989717 0.787165 0.703992 0.689751 0.757072 0.717650 0.733718 0.522689 0.501110 0.967893 0.934352 0.694337 0.637990 0.698913 0.515632 0.758448 0.960463 0.950427 0.691035 0.822743 0.673011 0.700069 0.658638 0.564689 0.873356
0.824987 0.787718 0.726219 0.708644 0.935727 0.884655 0.816711 0.808156 0.971968 0.946915 0.989641 0.754439 0.770200 0.790893 0.661238 0.882940 0.882555 0.872720 0.721085 0.823995 0.948564 0.864087 0.676574 0.774351 0.754240 0.791757 0.912841 0.952039 0.869856 0.862730 0.703527 0.867023 0.684348 0.756189 0.000000 0.947948 0.857136 0.893678 0.845479 0.867608 0.826423 0.878903 0.674137 0.654657 0.818900 0.766553 0.678157 0.686825 0.832940 0.711937 0.766988 0.776869 0.857461 0.925152 0.801183 0.713447 0.815790 0.798579 0.777162 0.756589 0.805522 0.829718 0.835700 0.784034 0.777281 0.885029 0.726089 0.792013 0.920949 0.948791 0.774640 0.994749 0.970714 0.869318 0.954903 0.925968 0.639578 0.747665 0.821349 0.835738 0.852254 0.917160 0.976885 0.853667 0.830550 0.808764 0.967523 0.955788 0.839213 0.817839 0.877308 0.935287 0.869975 0.792871 0.860397 0.959674 0.840260 0.856945 0.761886 0.702539 0.865999 0.919888 0.770655 0.783664 0.760099 0.841716 0.879367 0.961699 0.952471 0.819188 0.771439 0.825265 0.701338 0.840243 0.690641 0.933005
0.928700 0.946971 0.851210 0.936846 0.743650 0.999388 0.866947 0.914760 0.822470 0.951626 0.996197 0.954359 0.971291 0.808818 0.934416 0.982610 0.884646 0.873648 0.894928 0.960617 0.899977 0.911023 0.953007 0.961345 0.869824 0.898493 0.938328 0.959749 0.875433 0.780018 0.947736 0.977230 0.949634 0.771397 0.947948 0.000000 0.898331 0.984037 0.961984 0.971706 0.745906 0.893030 0.988736 0.895305 0.804601 0.849917 0.923557 0.809306 0.891728 0.808465 0.807304 0.830963 0.785615 0.719030 0.848471 0.779862 0.899041 0.966701 0.892257 0.921669 0.910070 0.951719 0.774642 0.817424 0.757598 0.905485 0.810940 0.751634 0.850404 0.985588 0.979470 0.950876 0.937553 0.936078 0.860616 0.980837 0.954351 0.961634 0.966237 0.999032 0.974937 0.912681 0.928251 0.976952 0.984377 0.934661 0.849073 0.889000 0.990063 0.912940 0.903612 0.904280 0.886900 0.991103 0.996255 0.752408 0.885708 0.734324 0.872159 0.782396 0.746778 0.897996 0.796273 0.710147 0.916404 0.828996 0.986248 0.940909 0.977993 0.885914 0.922478 0.779935 0.942747 0.906138 0.946288 0.865897
0.780997 0.671714 0.544899 0.483578 0.786105 0.902130 0.977213 0.880920 0.858477 0.873474 0.918553 0.811100 0.995714 0.728594 0.842261 0.833035 0.685016 0.740318 0.706034 0.704709 0.803773 0.922187 0.894457 0.823973 0.595196 0.579712 0.722303 0.847034 0.908046 0.756416 0.747727 0.849563 0.818196 0.709354 0.857136 0.898331 0.000000 0.759494 0.659645 0.779178 0.981491 0.830133 0.786728 0.732040 0.909883 0.993426 0.806417 0.732531 0.914628 0.949384 0.930708 0.984502 0.950311 0.890867 0.753270 0.781505 0.722853 0.696285 0.920504 0.935932 0.876299 0.965241 0.968808 0.867630 0.773261 0.813278 0.930709 0.962383 0.709331 0.749521 0.860153 0.766648 0.773301 0.841972 0.993217 0.822861 0.729024 0.868732 0.726366 0.779262 0.752199 0.782906 0.898071 0.781663 0.958782 0.777747 0.892775 0.990525 0.784789 0.843546 0.798808 0.881874 0.686681 0.898461 0.916779 0.968983 0.894723 0.737835 0.958211 0.824846 0.796294 0.878850 0.864784 0.703833 0.757825 0.645283 0.745734 0.873558 0.925201 0.894781 0.987030 0.962687 0.981994 0.819607 0.718759 0.965602
0.869740 0.777028 0.796253 0.723113 0.798954 0.891480 0.918225 0.897699 0.868057 0.808804 0.999932 0.876080 0.909722 0.813704 0.937872 0.880382 0.869792 0.856328 0.988871 0.781909 0.787978 0.943851 0.876471 0.787241 0.713469 0.649812 0.896606 0.810021 0.921520 0.876874 0.959985 0.934171 0.976140 0.909870 0.893678 0.984037 0.759494 0.000000 0.737368 0.966526 0.936555 0.657005 0.969649 0.992790 0.775731 0.784661 0.896531 0.910418 0.791368 0.776559 0.807608 0.753020 0.891004 0.810417 0.965809 0.995216 0.767190 0.756552 0.903247 0.989868 0.818567 0.868538 0.880559 0.998787 0.842054 0.687820 0.841161 0.837606 0.693941 0.680020 0.977670 0.958159 0.847504 0.875816 0.924343 0.886650 0.980697 0.937136 0.738607 0.848074 0.850489 0.738666 0.819566 0.841352 0.934937 0.892934 0.767594 0.998492 0.763481 0.862351 0.846613 0.771431 0.940492 0.937909 0.880489 0.884894 0.992312 0.882597 0.875154 0.901875 0.837946 0.825896 0.857494 0.912758 0.989961 0.882031 0.846449 0.757307 0.996551 0.929021 0.889866 0.773654 0.811053 0.768369 0.955733 0.792429
