0.000000 0.427801 0.821192 0.655273 0.838563 0.828291 0.796333 0.798015 0.820801 0.938959 0.702945 0.673441 0.560538 0.558968 0.671757 0.753036 0.575215 0.631364 0.630503 0.618992 0.849207 0.999340 0.711440 0.584989 0.766051 0.947729 0.888609 0.939644 0.788952 0.722977 0.928408 0.784938 0.629936 0.754960 0.959215 0.905334 0.942922 0.899016 0.850022 0.898257 0.819761 0.982204 0.819706 0.751442 0.855067 0.774639 0.518701 0.520745 0.763946 0.590600 0.760940 0.679760 0.972617 0.911536 0.637681 0.592673 0.496501 0.400833 0.431921 0.409717 0.574458 0.764198 0.619207 0.615745 0.818741 0.688843 0.875503 0.898923 0.668704 0.660916 0.964001 0.990996 0.893886 0.890686 0.870727 0.963891 0.820423 0.931189 0.655477 0.665753 0.498403 0.500678 0.665434 0.562468 0.614894 0.553536 0.931981 0.812284 0.679400 0.516029 0.951619 0.811472 0.979824 0.835413 0.972268 0.828675 0.745476 0.975081 0.800328 0.801395 0.998824 0.875601 0.919358 0.853028 0.741954 0.716345 0.942433 0.861044 0.937707 0.813885 0.978545 0.869048 0.834289 0.877032 0.691626 0.929800
0.427801 0.000000 0.720343 0.501390 0.905033 0.744231 0.583483 0.604243 0.971735 0.889631 0.576762 0.579069 0.711303 0.519730 0.791582 0.679926 0.549278 0.516769 0.578114 0.453638 0.689189 0.820453 0.684093 0.506028 0.729171 0.791562 0.977706 0.993956 0.630302 0.525909 0.642555 0.495237 0.473343 0.520703 0.889469 0.990468 0.901249 0.827864 0.871982 0.785685 0.868995 0.883165 0.519759 0.493981 0.646149 0.618890 0.556439 0.504163 0.724474 0.564465 0.531691 0.496341 0.738462 0.889447 0.768974 0.568626 0.445460 0.413183 0.527458 0.521082 0.485000 0.604069 0.630297 0.504962 0.862378 0.595830 0.706364 0.649351 0.854339 0.700517 0.747770 0.757458 0.689075 0.655374 0.788591 0.924748 0.672647 0.753980 0.607055 0.594225 0.532797 0.610984 0.618605 0.689978 0.762082 0.543667 0.993360 0.858434 0.815943 0.554593 0.892957 0.939005 0.877364 0.865114 0.932476 0.839000 0.746178 0.948331 0.642928 0.672237 0.851945 0.810357 0.767680 0.814266 0.662607 0.648470 0.883789 0.843053 0.870348 0.862096 0.858166 0.798396 0.712939 0.757147 0.616307 0.970275
0.821192 0.720343 0.000000 0.395282 0.756814 0.802595 0.528954 0.629062 0.688359 0.795731 0.978903 0.922763 0.791760 0.931895 0.786258 0.800793 0.949157 0.939086 0.727283 0.662992 0.482955 0.884659 0.499075 0.599865 0.432108 0.379048 0.901899 0.937613 0.882868 0.866262 0.525932 0.572747 0.575660 0.587302 0.754331 0.936689 0.615068 0.817767 0.645153 0.732162 0.862812 0.987444 0.570959 0.696339 0.817677 0.937568 0.674356 0.719384 0.878572 0.988171 0.881408 0.917445 0.959437 0.989062 0.856976 0.992984 0.893565 0.936079 0.795509 0.833652 0.514221 0.715544 0.845656 0.980221 0.413970 0.445887 0.462909 0.532306 0.968108 0.742295 0.558240 0.661267 0.652643 0.674311 0.859266 0.858663 0.637646 0.670950 0.933383 0.747133 0.954840 0.973102 0.920422 0.909981 0.783724 0.764899 0.924228 0.722765 0.884816 0.915933 0.635872 0.618287 0.626362 0.644446 0.874008 0.629334 0.836282 0.773286 0.674461 0.553480 0.735136 0.687364 0.926772 0.985730 0.684837 0.560130 0.654891 0.743788 0.975899 0.994348 0.677260 0.698539 0.589118 0.744779 0.798350 0.915352
0.655273 0.501390 0.395282 0.000000 0.870747 0.612967 0.429011 0.384264 0.720709 0.675641 0.828562 0.515456 0.718034 0.596749 0.802479 0.642545 0.868001 0.786414 0.626259 0.454849 0.495442 0.903717 0.466479 0.415238 0.541667 0.445741 0.892632 0.956310 0.779164 0.672773 0.447048 0.478250 0.482045 0.448408 0.785808 0.900555 0.801192 0.709081 0.726463 0.810700 0.898898 0.915616 0.507597 0.626622 0.705972 0.822168 0.487466 0.565062 0.975078 0.859685 0.693753 0.713963 0.828742 0.824460 0.790147 0.821110 0.814803 0.814500 0.709158 0.713408 0.395231 0.400308 0.925446 0.728520 0.610284 0.278941 0.442383 0.474907 0.949125 0.684125 0.551589 0.631239 0.614007 0.631523 0.711186 0.723016 0.576683 0.622956 0.961503 0.651337 0.901343 0.780624 0.810095 0.998356 0.800829 0.636812 0.950366 0.913433 0.821499 0.806612 0.588665 0.742626 0.583230 0.783139 0.769432 0.578100 0.690678 0.780154 0.544828 0.507673 0.578487 0.660874 0.796585 0.880413 0.567166 0.567164 0.702084 0.801950 0.828140 0.915474 0.739920 0.685881 0.610582 0.710638 0.627034 0.994522
0.838563 0.905033 0.756814 0.870747 0.000000 0.984962 0.952517 0.970394 0.909846 0.913685 0.960293 0.907929 0.560390 0.803901 0.579610 0.587216 0.875451 0.821416 0.787449 0.958788 0.877292 0.947252 0.585377 0.684776 0.757252 0.953891 0.643253 0.878660 0.830254 0.807429 0.960896 0.990923 0.829544 0.975603 0.971500 0.863195 0.803586 0.971547 0.993288 0.684815 0.995357 0.959714 0.954256 0.992794 0.921279 0.925668 0.847133 0.875948 0.649139 0.899977 0.960913 0.991365 0.995117 0.791004 0.713328 0.910671 0.924066 0.789276 0.951646 0.970718 0.751933 0.965928 0.760667 0.766356 0.604848 0.918423 0.922423 0.900133 0.803501 0.767045 0.932267 0.817854 0.862574 0.970560 0.998675 0.984910 0.802413 0.891362 0.944442 0.729288 0.799841 0.745363 0.791874 0.737978 0.573532 0.726305 0.766388 0.955491 0.674171 0.693569 0.873080 0.912682 0.860684 0.967503 0.960486 0.999956 0.873813 0.905405 0.947538 0.920524 0.791387 0.911090 0.948141 0.952448 0.912650 0.978708 0.934212 0.796233 0.987744 0.898856 0.887056 0.909330 0.889706 0.977848 0.772524 0.941548
0.828291 0.744231 0.802595 0.612967 0.984962 0.000000 0.614509 0.553449 0.720606 0.644614 0.803687 0.662373 0.939021 0.795916 0.955989 0.792277 0.885790 0.851346 0.840572 0.656616 0.822523 0.809405 0.867834 0.832033 0.953668 0.848583 0.720698 0.946890 0.826090 0.806867 0.639575 0.703127 0.593530 0.665208 0.722359 0.989772 0.942758 0.936446 0.953872 0.972534 0.691561 0.965356 0.701542 0.676203 0.789932 0.826869 0.850302 0.751812 0.984552 0.823964 0.715311 0.736142 0.708070 0.738237 0.792994 0.849480 0.931922 0.978509 0.933806 0.730899 0.718283 0.606554 0.972083 0.772338 0.944966 0.673157 0.686481 0.613867 0.960479 0.784371 0.731190 0.717656 0.694201 0.743224 0.944381 0.696864 0.763359 0.731870 0.998310 0.851210 0.998637 0.947037 0.985181 0.944799 0.924022 0.973586 0.967910 0.983232 0.966736 0.980176 0.627039 0.809450 0.621654 0.693430 0.878935 0.870474 0.852025 0.707390 0.643380 0.772927 0.605179 0.726092 0.905968 0.791527 0.766396 0.906894 0.861523 0.888713 0.903316 0.983483 0.814168 0.826970 0.794573 0.804729 0.698713 0.901505
0.796333 0.583483 0.528954 0.429011 0.952517 0.614509 0.000000 0.281677 0.453993 0.369299 0.670932 0.596552 0.987570 0.764995 0.997241 0.737991 0.732934 0.599804 0.537959 0.475352 0.654656 0.857209 0.667439 0.714009 0.887299 0.720335 0.601697 0.811395 0.535948 0.470217 0.325418 0.401808 0.373904 0.288024 0.596867 0.861664 0.896421 0.822017 0.852012 0.954846 0.788434 0.909401 0.303846 0.368873 0.353004 0.483749 0.773997 0.597788 0.875658 0.714214 0.480068 0.521078 0.478163 0.452137 0.901177 0.905140 0.698781 0.873733 0.783030 0.839307 0.358375 0.507989 0.760022 0.569016 0.955377 0.605177 0.268405 0.308370 0.869519 0.787224 0.377788 0.400157 0.442372 0.428563 0.914442 0.670562 0.498555 0.517826 0.825467 0.717088 0.946388 0.927758 0.949546 0.764380 0.825486 0.956083 0.908331 0.791061 0.905591 0.985093 0.361608 0.496532 0.438888 0.588961 0.796870 0.620163 0.542895 0.645062 0.280669 0.309936 0.422617 0.446652 0.567229 0.673755 0.451573 0.616178 0.588649 0.655334 0.707116 0.807973 0.570074 0.511063 0.398184 0.651919 0.550251 0.935205
0.798015 0.604243 0.629062 0.384264 0.970394 0.553449 0.281677 0.000000 0.555279 0.379155 0.703627 0.406595 0.959085 0.624250 0.897599 0.839751 0.869590 0.778295 0.733928 0.536019 0.731562 0.922066 0.762309 0.744244 0.929508 0.736337 0.583199 0.837861 0.636827 0.591206 0.476620 0.504559 0.492723 0.403905 0.617798 0.881474 0.938711 0.893665 0.946841 0.929732 0.816200 0.937019 0.436821 0.508142 0.465431 0.528041 0.686794 0.592414 0.868031 0.674483 0.485313 0.504053 0.523275 0.485903 0.835222 0.769341 0.928734 0.959774 0.750036 0.675151 0.352675 0.262531 0.800097 0.531157 0.986205 0.449508 0.350184 0.328499 0.823186 0.744593 0.574260 0.578361 0.569735 0.576742 0.846222 0.663596 0.573585 0.681300 0.957254 0.865314 0.971590 0.994975 0.997661 0.812731 0.873361 0.977729 0.996467 0.873497 0.964417 0.905640 0.410795 0.679086 0.469275 0.709683 0.824737 0.706641 0.564833 0.665361 0.372301 0.456674 0.375759 0.575121 0.702751 0.803000 0.474415 0.656837 0.621383 0.739956 0.716428 0.741757 0.627926 0.646581 0.510416 0.716416 0.555256 0.895082
0.820801 0.971735 0.688359 0.720709 0.909846 0.720606 0.453993 0.555279 0.000000 0.430500 0.793851 0.823507 0.885657 0.987876 0.950708 0.837649 0.960729 0.803643 0.851234 0.762610 0.760211 0.860181 0.826829 0.966416 0.953212 0.790232 0.697539 0.795086 0.634923 0.708162 0.500640 0.665968 0.636002 0.560589 0.673781 0.809228 0.833478 0.996803 0.911390 0.996560 0.705450 0.935330 0.563974 0.628444 0.600647 0.757196 0.876169 0.989879 0.997268 0.982093 0.783589 0.861222 0.621951 0.618544 0.975991 0.840739 0.945309 0.856639 0.856662 0.811349 0.692271 0.718141 0.957125 0.830698 0.989104 0.851674 0.520874 0.584946 0.874836 0.840452 0.498996 0.571474 0.612459 0.639261 0.919277 0.713945 0.722390 0.712870 0.927761 0.795369 0.819872 0.780048 0.958153 0.764397 0.773134 0.805217 0.958697 0.899950 0.812691 0.764405 0.520388 0.539746 0.602541 0.520160 0.841383 0.852727 0.859849 0.742586 0.550610 0.585202 0.572900 0.627064 0.773269 0.892230 0.761526 0.868362 0.748957 0.735653 0.860332 0.967707 0.735844 0.716841 0.718117 0.782584 0.724583 0.869213
0.938959 0.889631 0.795731 0.675641 0.913685 0.644614 0.369299 0.379155 0.430500 0.000000 0.800172 0.598323 0.919325 0.849253 0.971208 0.777065 0.804837 0.665887 0.662010 0.616608 0.867129 0.916531 0.820840 0.969787 0.889828 0.945655 0.611227 0.904537 0.509706 0.542065 0.486224 0.591619 0.566639 0.475205 0.604399 0.851239 0.996066 0.969012 0.844877 0.902036 0.879879 0.988931 0.554978 0.609931 0.437993 0.560390 0.950432 0.774048 0.851163 0.874517 0.673726 0.715258 0.574089 0.530319 0.976745 0.919952 0.954687 0.864450 0.982722 0.954356 0.577684 0.555716 0.720510 0.562281 0.845727 0.845939 0.490598 0.541430 0.849140 0.858637 0.500717 0.539868 0.593400 0.537528 0.960349 0.678269 0.739415 0.648686 0.992997 0.856746 0.986932 0.881901 0.999710 0.712132 0.727870 0.749109 0.824355 0.836298 0.831708 0.907373 0.438569 0.594302 0.560009 0.627166 0.874474 0.725515 0.705029 0.720856 0.391687 0.477190 0.484955 0.584291 0.690600 0.850336 0.662314 0.916714 0.776867 0.881684 0.788396 0.871589 0.609366 0.655788 0.555167 0.786376 0.782739 0.796763
0.702945 0.576762 0.978903 0.828562 0.960293 0.803687 0.670932 0.703627 0.793851 0.800172 0.000000 0.596655 0.867875 0.597946 0.884746 0.823601 0.526654 0.559429 0.670534 0.692927 0.946368 0.970438 0.971034 0.811949 0.851264 0.909196 0.865189 0.985459 0.568365 0.521683 0.792526 0.743087 0.625214 0.652240 0.881597 0.941854 0.963895 0.862727 0.835113 0.898145 0.845045 0.906593 0.674939 0.621782 0.724100 0.717254 0.802144 0.824277 0.779631 0.773657 0.667135 0.697555 0.792641 0.824614 0.837491 0.760387 0.595181 0.636063 0.758709 0.784051 0.669777 0.727219 0.612966 0.540981 0.813788 0.886800 0.844962 0.769175 0.996438 0.856063 0.861743 0.854748 0.637292 0.755856 0.906144 0.794307 0.718674 0.918476 0.640782 0.716629 0.622557 0.649976 0.758215 0.747623 0.974651 0.834548 0.934697 0.667867 0.924871 0.752497 0.988251 0.845728 0.937126 0.883934 0.913963 0.893133 0.866966 0.932669 0.768976 0.938039 0.884668 0.907475 0.815787 0.915976 0.895484 0.942084 0.939100 0.993609 0.731460 0.817503 0.939692 0.892243 0.753988 0.946144 0.742148 0.742498
0.673441 0.579069 0.922763 0.515456 0.907929 0.662373 0.596552 0.406595 0.823507 0.598323 0.596655 0.000000 0.675684 0.321639 0.842323 0.629272 0.735419 0.648918 0.685286 0.557588 0.839478 0.957741 0.725039 0.587240 0.984867 0.972478 0.839599 0.999207 0.596018 0.498142 0.733402 0.660503 0.586808 0.598725 0.948043 0.991178 0.834965 0.920539 0.977902 0.995200 0.985224 0.813587 0.702190 0.693918 0.679878 0.662109 0.572857 0.621418 0.779490 0.637550 0.600310 0.560407 0.710386 0.714746 0.757154 0.641217 0.830647 0.762722 0.714825 0.672328 0.483920 0.322056 0.578967 0.406740 0.930402 0.520602 0.775571 0.665703 0.856036 0.797195 0.891142 0.857915 0.703378 0.769274 0.818283 0.802328 0.698882 0.795768 0.833657 0.756616 0.719065 0.632586 0.747399 0.766495 0.881212 0.705004 0.887545 0.786246 0.782980 0.741094 0.828637 0.880522 0.903138 0.888541 0.886318 0.782006 0.790450 0.863925 0.684421 0.750029 0.671800 0.864100 0.891235 0.890057 0.661592 0.836531 0.919704 0.952905 0.825259 0.808487 0.935447 0.828009 0.775011 0.887962 0.733097 0.853630
0.560538 0.711303 0.791760 0.718034 0.560390 0.939021 0.987570 0.959085 0.885657 0.919325 0.867875 0.675684 0.000000 0.471306 0.372468 0.476626 0.783735 0.807011 0.703949 0.771199 0.877949 0.929230 0.422738 0.458268 0.757928 0.969948 0.654012 0.697224 0.808816 0.776566 0.920704 0.979538 0.844493 0.979296 0.913821 0.795675 0.798086 0.903824 0.889546 0.756533 0.847020 0.849542 0.962958 0.983987 0.991922 0.972839 0.576850 0.644676 0.718010 0.805497 0.996805 0.925586 0.867612 0.718729 0.737182 0.748275 0.818166 0.591231 0.703683 0.685101 0.674751 0.844785 0.691645 0.713613 0.555555 0.726929 0.857562 0.852951 0.908922 0.707850 0.833340 0.790233 0.861350 0.889017 0.811553 0.999484 0.898540 0.971331 0.837948 0.698128 0.765499 0.512351 0.663309 0.612940 0.471494 0.519597 0.918737 0.866340 0.661156 0.621035 0.777386 0.752668 0.755904 0.749036 0.932442 0.850247 0.948363 0.878910 0.935960 0.914491 0.782700 0.892964 0.844043 0.952016 0.984621 0.821248 0.890780 0.836924 0.997215 0.989994 0.913646 0.981957 0.982076 0.990012 0.955806 0.991959
0.558968 0.519730 0.931895 0.596749 0.803901 0.795916 0.764995 0.624250 0.987876 0.849253 0.597946 0.321639 0.471306 0.000000 0.687500 0.501411 0.640270 0.619931 0.599339 0.582166 0.906063 0.985600 0.596027 0.443658 0.948869 0.980726 0.993175 0.871724 0.605260 0.459291 0.808489 0.668940 0.632005 0.727115 0.905469 0.824996 0.950696 0.904462 0.937546 0.868610 0.920358 0.831055 0.731524 0.712676 0.740078 0.682167 0.529149 0.599717 0.669524 0.561100 0.605313 0.568928 0.793739 0.836625 0.662850 0.608936 0.699046 0.608153 0.634916 0.655296 0.562205 0.539199 0.562922 0.421855 0.971198 0.622874 0.964078 0.850946 0.871449 0.863343 0.980777 0.944653 0.776882 0.832456 0.842122 0.792142 0.738624 0.799251 0.738627 0.649220 0.642395 0.521679 0.608557 0.624472 0.746694 0.573700 0.900118 0.748067 0.733927 0.636377 0.942107 0.734286 0.881733 0.708493 0.843161 0.815072 0.885914 0.972018 0.825641 0.867688 0.868009 0.999169 0.946682 0.911436 0.799072 0.888550 0.998718 0.837312 0.818683 0.845832 0.992289 0.917774 0.882523 0.906183 0.800803 0.910446
0.671757 0.791582 0.786258 0.802479 0.579610 0.955989 0.997241 0.897599 0.950708 0.971208 0.884746 0.842323 0.372468 0.687500 0.000000 0.406871 0.699880 0.669604 0.615034 0.739983 0.681556 0.919950 0.385284 0.488594 0.659119 0.870226 0.555237 0.691096 0.765214 0.754700 0.916513 0.937907 0.748458 0.936563 0.936265 0.924567 0.751633 0.988781 0.949031 0.670470 0.938119 0.889610 0.954947 0.995530 0.947412 0.903818 0.775636 0.791420 0.878284 0.993344 0.867237 0.876942 0.817735 0.687243 0.838205 0.885624 0.682794 0.615830 0.860691 0.950063 0.827543 0.945942 0.792878 0.853948 0.523232 0.833764 0.871043 0.821024 0.705630 0.752301 0.932073 0.999417 0.933043 0.954386 0.846058 0.906883 0.990113 0.942178 0.952893 0.584552 0.704215 0.563208 0.637950 0.670202 0.490584 0.550316 0.856059 0.900608 0.673828 0.756734 0.869863 0.860140 0.803372 0.886017 0.790854 0.736903 0.947314 0.877605 0.993661 0.935250 0.735748 0.990030 0.890084 0.995934 0.975552 0.918729 0.942426 0.743283 0.966688 0.906040 0.924668 0.996654 0.915509 0.973360 0.991273 0.998268
0.753036 0.679926 0.800793 0.642545 0.587216 0.792277 0.737991 0.839751 0.837649 0.777065 0.823601 0.629272 0.476626 0.501411 0.406871 0.000000 0.660839 0.561256 0.492394 0.578274 0.778923 0.932701 0.326894 0.382683 0.823099 0.914744 0.793721 0.821057 0.631120 0.522072 0.659863 0.712165 0.569455 0.733281 0.923134 0.854021 0.702349 0.900320 0.945728 0.786714 0.976875 0.944910 0.694193 0.726957 0.779591 0.849950 0.720617 0.737808 0.766288 0.849323 0.854942 0.824910 0.896995 0.968316 0.883247 0.960647 0.648668 0.709611 0.937463 0.984384 0.709214 0.877677 0.691480 0.644205 0.723511 0.779203 0.963688 0.984351 0.988877 0.891071 0.761932 0.755211 0.844867 0.793078 0.909510 0.805933 0.825413 0.655196 0.787673 0.552926 0.825858 0.719602 0.674047 0.823555 0.730178 0.681900 0.957862 0.923316 0.813997 0.882982 0.918748 0.942365 0.992354 0.999532 0.755343 0.724222 0.962592 0.916865 0.799137 0.690402 0.992704 0.894856 0.903043 0.849280 0.884304 0.961818 0.934733 0.866743 0.861407 0.899681 0.933561 0.757351 0.813438 0.930268 0.922060 0.950557
0.575215 0.549278 0.949157 0.868001 0.875451 0.885790 0.732934 0.869590 0.960729 0.804837 0.526654 0.735419 0.783735 0.640270 0.699880 0.660839 0.000000 0.313160 0.484890 0.582517 0.939815 0.854576 0.837475 0.721173 0.933899 0.859354 0.959087 0.860176 0.515579 0.409837 0.744991 0.720096 0.604919 0.680708 0.987089 0.911603 0.927934 0.901578 0.933631 0.937194 0.896736 0.787171 0.691795 0.637978 0.642238 0.638646 0.775366 0.702895 0.617206 0.632403 0.641829 0.677556 0.780245 0.896591 0.743749 0.686394 0.394480 0.452134 0.713146 0.869941 0.719329 0.941559 0.409037 0.418580 0.875633 0.922294 0.942137 0.919370 0.816322 0.792375 0.825284 0.854051 0.767771 0.666737 0.909854 0.862760 0.883378 0.830106 0.610168 0.513547 0.436470 0.556410 0.571298 0.680554 0.878626 0.824004 0.901448 0.789364 0.921920 0.680159 0.977886 0.844440 0.853885 0.777212 0.948060 0.860289 0.792896 0.948998 0.730104 0.805955 0.974335 0.896082 0.875982 0.749700 0.928260 0.966994 0.981097 0.969484 0.753325 0.873540 0.825604 0.865869 0.788168 0.860394 0.858689 0.895571
0.631364 0.516769 0.939086 0.786414 0.821416 0.851346 0.599804 0.778295 0.803643 0.665887 0.559429 0.648918 0.807011 0.619931 0.669604 0.561256 0.313160 0.000000 0.375865 0.506789 0.797577 0.851176 0.752154 0.652955 0.973700 0.932311 0.951115 0.956201 0.384142 0.315955 0.590277 0.527139 0.433585 0.532482 0.924865 0.929777 0.953471 0.909010 0.982019 0.970502 0.954373 0.782241 0.545056 0.521597 0.547953 0.586265 0.773269 0.693704 0.660566 0.682086 0.620143 0.666977 0.749465 0.840136 0.794672 0.707338 0.339565 0.494531 0.750462 0.961517 0.646830 0.892733 0.390954 0.384949 0.904187 0.981952 0.842129 0.808871 0.878597 0.889328 0.696265 0.710073 0.665096 0.587903 0.986667 0.814528 0.766031 0.636159 0.553424 0.440585 0.461833 0.582815 0.570066 0.688133 0.891288 0.809537 0.928903 0.815387 0.987981 0.755784 0.947392 0.961687 0.941591 0.887956 0.891914 0.685399 0.773793 0.959877 0.596981 0.670580 0.929138 0.775703 0.755429 0.649302 0.776295 0.912035 0.945669 0.982321 0.862237 0.923826 0.846999 0.765605 0.634503 0.842069 0.801962 0.877779
0.630503 0.578114 0.727283 0.626259 0.787449 0.840572 0.537959 0.733928 0.851234 0.662010 0.670534 0.685286 0.703949 0.599339 0.615034 0.492394 0.484890 0.375865 0.000000 0.446422 0.773141 0.836290 0.541807 0.538673 0.846673 0.957941 0.977735 0.956187 0.478595 0.421310 0.546773 0.527598 0.468610 0.485180 0.959369 0.936278 0.833565 0.835787 0.895906 0.893605 0.913216 0.893715 0.612765 0.654393 0.573478 0.677003 0.744310 0.646657 0.771376 0.754659 0.725186 0.767688 0.794468 0.791297 0.918227 0.801353 0.475103 0.586856 0.792146 0.927161 0.601186 0.917700 0.529387 0.545843 0.929630 0.899052 0.733582 0.821501 0.924281 0.939417 0.597654 0.633296 0.586677 0.546811 0.990124 0.765337 0.684614 0.556132 0.748589 0.583797 0.699006 0.702210 0.723096 0.864702 0.940081 0.881465 0.878614 0.967212 0.995054 0.874706 0.800361 0.839551 0.877177 0.901406 0.836011 0.625184 0.755360 0.948123 0.565971 0.569847 0.821912 0.728212 0.724344 0.686137 0.845744 0.857553 0.887183 0.973419 0.783026 0.988538 0.822290 0.623661 0.563452 0.773046 0.866172 0.954837
0.618992 0.453638 0.662992 0.454849 0.958788 0.656616 0.475352 0.536019 0.762610 0.616608 0.692927 0.557588 0.771199 0.582166 0.739983 0.578274 0.582517 0.506789 0.446422 0.000000 0.693126 0.784360 0.558243 0.520074 0.792772 0.760780 0.862051 0.921222 0.520954 0.501649 0.492241 0.477261 0.449776 0.428131 0.873949 0.967811 0.842460 0.831719 0.816578 0.947144 0.802584 0.932935 0.556008 0.599748 0.629503 0.692763 0.708948 0.567909 0.917737 0.732360 0.661681 0.694900 0.761200 0.738848 0.851395 0.733032 0.596858 0.668573 0.808904 0.782383 0.533366 0.631798 0.665765 0.593574 0.903058 0.638412 0.633334 0.667882 0.980335 0.719110 0.556573 0.586172 0.533154 0.524974 0.768090 0.795957 0.622500 0.653146 0.834870 0.652766 0.711813 0.728733 0.690368 0.903552 0.919023 0.781952 0.863260 0.950076 0.966716 0.807121 0.640321 0.794287 0.679992 0.888786 0.858426 0.592350 0.707219 0.787889 0.490018 0.517361 0.712722 0.666865 0.701481 0.806810 0.672913 0.803409 0.792189 0.893557 0.780610 0.885231 0.792085 0.685458 0.623006 0.727462 0.702054 0.820176
0.849207 0.689189 0.482955 0.495442 0.877292 0.822523 0.654656 0.731562 0.760211 0.867129 0.946368 0.839478 0.877949 0.906063 0.681556 0.778923 0.939815 0.797577 0.773141 0.693126 0.000000 0.815710 0.607144 0.654223 0.583845 0.519968 0.945374 0.922637 0.837549 0.783726 0.530549 0.591791 0.657414 0.627763 0.942178 0.925357 0.825293 0.878329 0.909630 0.736606 0.861704 0.867993 0.681412 0.773448 0.936768 0.958380 0.825454 0.864530 0.832070 0.924347 0.939280 0.988926 0.989478 0.998110 0.956941 0.985367 0.786743 0.874906 0.900714 0.987002 0.750180 0.772981 0.890944 0.970703 0.606344 0.561591 0.642829 0.696186 0.905333 0.737979 0.620543 0.702466 0.673003 0.717185 0.909958 0.844695 0.803074 0.730597 0.961053 0.701884 0.938494 0.841323 0.831613 0.989032 0.843036 0.745813 0.721811 0.877275 0.946829 0.999196 0.746917 0.877913 0.779756 0.769117 0.714715 0.719733 0.885339 0.969407 0.753870 0.715898 0.884294 0.657113 0.999031 0.974688 0.645255 0.734741 0.793536 0.985773 0.991464 0.918457 0.785205 0.808850 0.665149 0.927130 0.789259 0.965906
0.999340 0.820453 0.884659 0.903717 0.947252 0.809405 0.857209 0.922066 0.860181 0.916531 0.970438 0.957741 0.929230 0.985600 0.919950 0.932701 0.854576 0.851176 0.836290 0.784360 0.815710 0.000000 0.880135 0.921375 0.993800 0.963891 0.940299 0.914230 0.854130 0.932494 0.809983 0.845172 0.833621 0.854265 0.982375 0.970104 0.971596 0.932050 0.957010 0.838453 0.930119 0.944668 0.853371 0.823745 0.876101 0.925227 0.904530 0.846884 0.988133 0.879633 0.902673 0.945159 0.798338 0.822920 0.988953 0.958095 0.918944 0.943755 0.877815 0.980154 0.981455 0.942654 0.919457 0.956226 0.966734 0.972939 0.851579 0.980211 0.911705 0.916576 0.802197 0.766111 0.948790 0.827776 0.870809 0.741057 0.885069 0.862887 0.943952 0.998093 0.970084 0.998029 0.954875 0.960584 0.911841 0.955430 0.996822 0.884195 0.957430 0.956884 0.767313 0.831630 0.819390 0.815285 0.871909 0.889072 0.874629 0.884601 0.778117 0.865951 0.877849 0.819378 0.904872 0.779472 0.833142 0.825412 0.832934 0.838966 0.911273 0.889056 0.903691 0.941527 0.908100 0.652525 0.823588 0.881363
0.711440 0.684093 0.499075 0.466479 0.585377 0.867834 0.667439 0.762309 0.826829 0.820840 0.971034 0.725039 0.422738 0.596027 0.385284 0.326894 0.837475 0.752154 0.541807 0.558243 0.607144 0.880135 0.000000 0.318764 0.518499 0.591555 0.804166 0.867924 0.699092 0.651660 0.576646 0.649882 0.536375 0.662129 0.953286 0.975162 0.569379 0.818052 0.765570 0.715488 0.999685 0.932548 0.653156 0.766319 0.778784 0.887946 0.627829 0.656728 0.847890 0.880977 0.892739 0.888646 0.957697 0.968759 0.852330 0.926449 0.771470 0.782961 0.869620 0.927169 0.552538 0.793668 0.881471 0.808325 0.421678 0.569619 0.776212 0.842904 0.980627 0.775902 0.681128 0.711765 0.804923 0.707988 0.747011 0.790954 0.758282 0.612045 0.958656 0.597634 0.896968 0.763253 0.713473 0.908028 0.593436 0.585101 0.941159 0.907877 0.788969 0.851691 0.818449 0.799571 0.837374 0.870998 0.728858 0.610631 0.929373 0.924297 0.722072 0.567600 0.928925 0.811991 0.877972 0.906013 0.753129 0.717040 0.803098 0.997513 0.919910 0.926935 0.889261 0.801600 0.716157 0.816514 0.833622 0.940006
0.584989 0.506028 0.599865 0.415238 0.684776 0.832033 0.714009 0.744244 0.966416 0.969787 0.811949 0.587240 0.458268 0.443658 0.488594 0.382683 0.721173 0.652955 0.538673 0.520074 0.654223 0.921375 0.318764 0.000000 0.546726 0.640650 0.803991 0.892216 0.767642 0.605515 0.646371 0.578100 0.549705 0.661294 0.944254 0.891604 0.718651 0.773540 0.663055 0.742746 0.957185 0.943874 0.644245 0.715926 0.844576 0.902624 0.552042 0.672359 0.874466 0.814277 0.774767 0.782013 0.931859 0.988409 0.810815 0.794691 0.651367 0.640979 0.785599 0.822301 0.587164 0.719710 0.796511 0.710242 0.570543 0.507543 0.847790 0.835916 0.996405 0.829009 0.812656 0.803721 0.792436 0.777442 0.738941 0.846638 0.732653 0.724417 0.790906 0.521172 0.766860 0.617982 0.677850 0.738086 0.604979 0.472439 0.924657 0.912821 0.734585 0.685751 0.963268 0.963132 0.976157 0.914001 0.842190 0.698397 0.895528 0.925747 0.814049 0.683194 0.974706 0.903006 0.901950 0.896912 0.826926 0.782653 0.917145 0.997260 0.902235 0.947383 0.946571 0.833478 0.773557 0.897874 0.842593 0.936924
0.766051 0.729171 0.432108 0.541667 0.757252 0.953668 0.887299 0.929508 0.953212 0.889828 0.851264 0.984867 0.757928 0.948869 0.659119 0.823099 0.933899 0.973700 0.846673 0.792772 0.583845 0.993800 0.518499 0.546726 0.000000 0.370245 0.721005 0.970611 0.971368 0.997215 0.723860 0.738221 0.706675 0.792265 0.968033 0.904673 0.652348 0.726840 0.637565 0.664610 0.971087 0.992986 0.869701 0.996141 0.923590 0.812322 0.650915 0.863205 0.858641 0.886589 0.891342 0.862097 0.712608 0.642619 0.878681 0.913242 0.873513 0.865778 0.805203 0.894789 0.706186 0.853887 0.852540 0.875295 0.348302 0.515439 0.822262 0.811618 0.815463 0.751103 0.782613 0.871840 0.884896 0.780017 0.738652 0.954263 0.864550 0.783265 0.881176 0.713754 0.814529 0.784810 0.777977 0.838608 0.455605 0.467918 0.831879 0.924548 0.780737 0.721255 0.993057 0.939701 0.871236 0.977251 0.908082 0.681455 0.989367 0.953669 0.929875 0.833586 0.949481 0.975589 0.980083 0.983669 0.844089 0.737984 0.831850 0.956758 0.888018 0.946415 0.990841 0.965008 0.848288 0.939739 0.976693 0.856545
0.947729 0.791562 0.379048 0.445741 0.953891 0.848583 0.720335 0.736337 0.790232 0.945655 0.909196 0.972478 0.969948 0.980726 0.870226 0.914744 0.859354 0.932311 0.957941 0.760780 0.519968 0.963891 0.591555 0.640650 0.370245 0.000000 0.997200 0.906070 0.982762 0.979425 0.525450 0.600233 0.679853 0.673579 0.817646 0.796380 0.652802 0.686884 0.667252 0.704222 0.845568 0.985557 0.682756 0.829586 0.984051 0.898386 0.718518 0.912341 0.735716 0.831849 0.974169 0.940583 0.921112 0.914459 0.985248 0.948414 0.999206 0.914960 0.933972 0.965590 0.697407 0.719912 0.669598 0.794271 0.462474 0.426318 0.586687 0.599827 0.920085 0.871723 0.556653 0.641689 0.750976 0.657040 0.784942 0.843626 0.775005 0.786730 0.790922 0.774154 0.962697 0.974529 0.911118 0.909186 0.732799 0.683877 0.830216 0.882354 0.907277 0.951416 0.708334 0.703364 0.656187 0.730030 0.837358 0.759342 0.950272 0.871110 0.784597 0.712378 0.776751 0.843984 0.935420 0.897464 0.729050 0.664308 0.699006 0.803666 0.957994 0.939497 0.834934 0.871143 0.756221 0.848525 0.822516 0.865485
0.888609 0.977706 0.901899 0.892632 0.643253 0.720698 0.601697 0.583199 0.697539 0.611227 0.865189 0.839599 0.654012 0.993175 0.555237 0.793721 0.959087 0.951115 0.977735 0.862051 0.945374 0.940299 0.804166 0.803991 0.721005 0.997200 0.000000 0.809272 0.898239 0.873314 0.739450 0.775439 0.840019 0.656100 0.804282 0.841414 0.876868 0.977323 0.966515 0.683199 0.876359 0.979839 0.755865 0.670885 0.630686 0.650848 0.978956 0.907544 0.935203 0.797270 0.648072 0.678112 0.612514 0.435166 0.991880 0.972848 0.866208 0.788272 0.915945 0.890204 0.780776 0.719856 0.985804 0.895328 0.639202 0.926877 0.566143 0.528441 0.654410 0.955453 0.770858 0.704444 0.669103 0.794674 0.869205 0.812171 0.693000 0.818303 0.932363 0.862092 0.790163 0.748538 0.789152 0.693023 0.481305 0.571021 0.861482 0.869624 0.725850 0.765895 0.553975 0.692891 0.603423 0.707958 0.916362 0.960767 0.718819 0.709634 0.630869 0.742335 0.520659 0.676974 0.730585 0.875476 0.777648 0.974563 0.882703 0.687161 0.742711 0.875711 0.801558 0.716959 0.773275 0.795737 0.799791 0.874775
0.939644 0.993956 0.937613 0.956310 0.878660 0.946890 0.811395 0.837861 0.795086 0.904537 0.985459 0.999207 0.697224 0.871724 0.691096 0.821057 0.860176 0.956201 0.956187 0.921222 0.922637 0.914230 0.867924 0.892216 0.970611 0.906070 0.809272 0.000000 0.956330 0.987805 0.790453 0.808449 0.901491 0.861176 0.960972 0.715524 0.940034 0.812589 0.819288 0.795049 0.992296 0.859452 0.920811 0.888721 0.883961 0.948691 0.857104 0.878605 0.873042 0.960952 0.918385 0.912097 0.879255 0.752376 0.871843 0.772051 0.998646 0.857572 0.889126 0.853345 0.958261 0.932784 0.914076 0.994869 0.834482 0.986931 0.748726 0.812079 0.956743 0.856842 0.893434 0.892821 0.789252 0.891399 0.896886 0.931391 0.904677 0.812825 0.882998 0.867491 0.945626 0.771338 0.862867 0.803009 0.773103 0.844347 0.989286 0.985555 0.800674 0.708730 0.749595 0.768574 0.735054 0.777235 0.929787 0.973391 0.939891 0.852873 0.831209 0.891366 0.714114 0.867467 0.807210 0.923807 0.845219 0.827513 0.923712 0.723085 0.895636 0.885681 0.779495 0.871937 0.955508 0.966615 0.825748 0.999279
0.788952 0.630302 0.882868 0.779164 0.830254 0.826090 0.535948 0.636827 0.634923 0.509706 0.568365 0.596018 0.808816 0.605260 0.765214 0.631120 0.515579 0.384142 0.478595 0.520954 0.837549 0.854130 0.699092 0.767642 0.971368 0.982762 0.898239 0.956330 0.000000 0.331130 0.581509 0.569232 0.466290 0.524079 0.874452 0.935472 0.914336 0.987824 0.992268 0.969584 0.910037 0.877659 0.586983 0.586525 0.477058 0.537399 0.820491 0.730320 0.666471 0.701024 0.625825 0.671533 0.687656 0.730088 0.933503 0.680320 0.590024 0.742695 0.849333 0.923083 0.579493 0.778123 0.459514 0.424837 0.903316 0.944797 0.773675 0.751344 0.904646 0.827401 0.677658 0.675855 0.526262 0.479565 0.925613 0.761225 0.675821 0.617891 0.697823 0.602757 0.693823 0.748771 0.667625 0.836054 0.973230 0.916494 0.930426 0.948926 0.923778 0.884577 0.820949 0.935502 0.932513 0.964755 0.862149 0.747516 0.840464 0.860137 0.539101 0.627491 0.795230 0.757211 0.694634 0.782928 0.690818 0.955363 0.886638 0.992637 0.874530 0.833910 0.919498 0.703983 0.636714 0.730865 0.784826 0.843657
0.722977 0.525909 0.866262 0.672773 0.807429 0.806867 0.470217 0.591206 0.708162 0.542065 0.521683 0.498142 0.776566 0.459291 0.754700 0.522072 0.409837 0.315955 0.421310 0.501649 0.783726 0.932494 0.651660 0.605515 0.997215 0.979425 0.873314 0.987805 0.331130 0.000000 0.491856 0.449846 0.424001 0.482386 0.914171 0.959847 0.861656 0.817947 0.998514 0.941053 0.945007 0.874037 0.466326 0.441563 0.416777 0.475822 0.721940 0.659203 0.612580 0.611754 0.503421 0.526029 0.593341 0.661795 0.788164 0.705125 0.460473 0.631355 0.732597 0.951312 0.508062 0.693358 0.403692 0.325814 0.924272 0.873121 0.717617 0.651570 0.923032 0.839705 0.659488 0.638791 0.528223 0.463500 0.939369 0.749127 0.679163 0.571151 0.668698 0.496664 0.552473 0.683384 0.529798 0.809089 0.959407 0.821144 0.961767 0.862632 0.985881 0.794001 0.855531 0.993751 0.996984 0.932464 0.818808 0.759518 0.782178 0.984747 0.573893 0.605772 0.802961 0.801214 0.688868 0.736746 0.681440 0.879450 0.910703 0.944443 0.833331 0.862006 0.811478 0.774244 0.603405 0.829554 0.776655 0.830178
0.928408 0.642555 0.525932 0.447048 0.960896 0.639575 0.325418 0.476620 0.500640 0.486224 0.792526 0.733402 0.920704 0.808489 0.916513 0.659863 0.744991 0.590277 0.546773 0.492241 0.530549 0.809983 0.576646 0.646371 0.723860 0.525450 0.739450 0.790453 0.581509 0.491856 0.000000 0.287330 0.376781 0.342306 0.721342 0.886334 0.702515 0.630524 0.848692 0.944095 0.775648 0.827325 0.345222 0.441989 0.488283 0.653589 0.828276 0.774370 0.993686 0.874374 0.607577 0.702938 0.637143 0.594137 0.952606 0.995960 0.666802 0.961405 0.942215 0.908039 0.549118 0.666308 0.923220 0.720255 0.864835 0.643331 0.408263 0.422817 0.869608 0.936370 0.285932 0.324698 0.402725 0.340356 0.927781 0.660279 0.591086 0.384418 0.955362 0.631889 0.926192 0.966212 0.816307 0.803742 0.897784 0.953891 0.969755 0.787686 0.856144 0.918996 0.478466 0.550348 0.530217 0.620437 0.729209 0.636726 0.730983 0.815912 0.365343 0.419142 0.521487 0.547504 0.605899 0.749149 0.569573 0.749473 0.660836 0.762812 0.779671 0.956575 0.628786 0.620991 0.511624 0.701681 0.676228 0.941675
0.784938 0.495237 0.572747 0.478250 0.990923 0.703127 0.401808 0.504559 0.665968 0.591619 0.743087 0.660503 0.979538 0.668940 0.937907 0.712165 0.720096 0.527139 0.527598 0.477261 0.591791 0.845172 0.649882 0.578100 0.738221 0.600233 0.775439 0.808449 0.569232 0.449846 0.287330 0.000000 0.391216 0.374584 0.786211 0.925245 0.805724 0.650675 0.837492 0.924449 0.880458 0.834117 0.357574 0.410547 0.532593 0.612095 0.724387 0.669417 0.964759 0.791169 0.536676 0.602571 0.654458 0.648610 0.932385 0.805198 0.609074 0.864188 0.818066 0.947555 0.531620 0.633388 0.846288 0.669326 0.917313 0.615753 0.481040 0.455964 0.866985 0.971245 0.420687 0.410540 0.420122 0.369268 0.964319 0.760500 0.581639 0.435987 0.855090 0.599101 0.813655 0.920268 0.770300 0.984963 0.933831 0.821723 0.988459 0.971042 0.894114 0.952090 0.625555 0.731269 0.661088 0.789895 0.800541 0.692009 0.722735 0.875831 0.478270 0.493854 0.588288 0.589045 0.620447 0.783490 0.558317 0.716244 0.750379 0.801715 0.867091 0.953782 0.682669 0.687384 0.508236 0.731599 0.642634 0.985074
0.629936 0.473343 0.575660 0.482045 0.829544 0.593530 0.373904 0.492723 0.636002 0.566639 0.625214 0.586808 0.844493 0.632005 0.748458 0.569455 0.604919 0.433585 0.468610 0.449776 0.657414 0.833621 0.536375 0.549705 0.706675 0.679853 0.840019 0.901491 0.466290 0.424001 0.376781 0.391216 0.000000 0.364888 0.654346 0.900539 0.815853 0.791689 0.838347 0.884465 0.785589 0.846475 0.365520 0.372007 0.437311 0.513175 0.610325 0.608257 0.727596 0.623381 0.506142 0.572823 0.654562 0.726645 0.686209 0.687797 0.512517 0.664305 0.674430 0.775645 0.373093 0.611636 0.665026 0.526023 0.794788 0.634458 0.502577 0.467601 0.992543 0.802573 0.489788 0.500011 0.517171 0.471025 0.800923 0.678573 0.577341 0.527099 0.756631 0.522536 0.640083 0.725196 0.714367 0.856240 0.816018 0.720341 0.990373 0.970923 0.925731 0.832459 0.654839 0.762352 0.688759 0.844782 0.815455 0.549414 0.657673 0.770593 0.422651 0.462523 0.637166 0.644841 0.649166 0.689721 0.524830 0.633032 0.714464 0.805013 0.818129 0.860952 0.786123 0.679442 0.424227 0.681706 0.560150 0.918794
0.754960 0.520703 0.587302 0.448408 0.975603 0.665208 0.288024 0.403905 0.560589 0.475205 0.652240 0.598725 0.979296 0.727115 0.936563 0.733281 0.680708 0.532482 0.485180 0.428131 0.627763 0.854265 0.662129 0.661294 0.792265 0.673579 0.656100 0.861176 0.524079 0.482386 0.342306 0.374584 0.364888 0.000000 0.676248 0.825083 0.917372 0.788454 0.894360 0.940343 0.898365 0.914334 0.385122 0.450356 0.448347 0.562484 0.724032 0.643177 0.896581 0.739759 0.541850 0.619837 0.618359 0.580449 0.953403 0.837806 0.650613 0.813114 0.762041 0.854931 0.432551 0.574450 0.751088 0.601636 0.942639 0.644529 0.408646 0.419432 0.912964 0.838510 0.365031 0.427678 0.435144 0.396621 0.927800 0.738758 0.494936 0.524819 0.799379 0.611953 0.857090 0.924749 0.862516 0.907431 0.911901 0.948010 0.962314 0.926847 0.875781 0.947136 0.527501 0.634443 0.543369 0.713837 0.780963 0.592871 0.640874 0.722562 0.349150 0.410074 0.512426 0.497565 0.657277 0.716182 0.543264 0.682355 0.648533 0.665235 0.762347 0.907862 0.724357 0.620238 0.438724 0.727857 0.612061 0.904586
0.959215 0.889469 0.754331 0.785808 0.971500 0.722359 0.596867 0.617798 0.673781 0.604399 0.881597 0.948043 0.913821 0.905469 0.936265 0.923134 0.987089 0.924865 0.959369 0.873949 0.942178 0.982375 0.953286 0.944254 0.968033 0.817646 0.804282 0.960972 0.874452 0.914171 0.721342 0.786211 0.654346 0.676248 0.000000 0.834338 0.962809 0.903011 0.981851 0.969357 0.848829 0.906270 0.641794 0.681217 0.622406 0.665810 0.908836 0.811743 0.849069 0.865583 0.737484 0.774553 0.676345 0.764545 0.835809 0.883850 0.989551 0.985445 0.842633 0.797821 0.621737 0.718267 0.942134 0.844644 0.871250 0.832536 0.568869 0.532776 0.951777 0.765368 0.614780 0.776686 0.945650 0.791381 0.877624 0.884396 0.759462 0.869596 0.966966 0.919369 0.954880 0.871731 0.918310 0.771100 0.947175 0.958452 0.885885 0.852684 0.941741 0.927056 0.646251 0.660152 0.650946 0.724520 0.841605 0.766937 0.772087 0.855140 0.655149 0.713456 0.704646 0.716584 0.800955 0.998394 0.785771 0.734894 0.856338 0.777304 0.977843 0.890620 0.794802 0.957028 0.674494 0.820178 0.632265 0.889576
0.905334 0.990468 0.936689 0.900555 0.863195 0.989772 0.861664 0.881474 0.809228 0.851239 0.941854 0.991178 0.795675 0.824996 0.924567 0.854021 0.911603 0.929777 0.936278 0.967811 0.925357 0.970104 0.975162 0.891604 0.904673 0.796380 0.841414 0.715524 0.935472 0.959847 0.886334 0.925245 0.900539 0.825083 0.834338 0.000000 0.894819 0.960166 0.993602 0.981103 0.914947 0.920135 0.968983 0.952075 0.879255 0.991780 0.946170 0.947227 0.892883 0.919080 0.990108 0.919819 0.956040 0.950266 0.989046 0.928093 0.894957 0.885620 0.955240 0.926687 0.859873 0.859262 0.923721 0.879740 0.943605 0.923177 0.733913 0.821496 0.908717 0.910878 0.759168 0.830748 0.993289 0.911953 0.862277 0.868235 0.938863 0.974838 0.883657 0.996860 0.983867 0.854649 0.961020 0.837183 0.922222 0.977184 0.936958 0.977734 0.995078 0.820819 0.785497 0.821595 0.684555 0.832839 0.936355 0.966837 0.715829 0.888664 0.853584 0.918010 0.737463 0.804308 0.820553 0.994182 0.873973 0.832311 0.967200 0.875801 0.881612 0.959486 0.881438 0.983264 0.988384 0.986992 0.818658 0.964864
0.942922 0.901249 0.615068 0.801192 0.803586 0.942758 0.896421 0.938711 0.833478 0.996066 0.963895 0.834965 0.798086 0.950696 0.751633 0.702349 0.927934 0.953471 0.833565 0.842460 0.825293 0.971596 0.569379 0.718651 0.652348 0.652802 0.876868 0.940034 0.914336 0.861656 0.702515 0.805724 0.815853 0.917372 0.962809 0.894819 0.000000 0.729477 0.686388 0.629552 0.736009 0.829655 0.787721 0.848612 0.907143 0.992243 0.809406 0.975076 0.937470 0.942752 0.978765 0.972991 0.916415 0.851275 0.872860 0.858253 0.800809 0.959544 0.961028 0.870871 0.863520 0.926526 0.940320 0.949401 0.597210 0.880008 0.869489 0.921320 0.921261 0.964408 0.766445 0.788745 0.818442 0.813838 0.904688 0.924178 0.927914 0.737111 0.998271 0.742617 0.881568 0.940527 0.763075 0.936897 0.730217 0.741597 0.939168 0.931167 0.957512 0.844373 0.959342 0.879686 0.983786 0.983700 0.919114 0.810845 0.808362 0.897933 0.886384 0.817848 0.949025 0.936482 0.879658 0.981131 0.945300 0.897925 0.999472 0.982952 0.915410 0.847341 0.885417 0.928888 0.979807 0.893173 0.979026 0.918790
0.899016 0.827864 0.817767 0.709081 0.971547 0.936446 0.822017 0.893665 0.996803 0.969012 0.862727 0.920539 0.903824 0.904462 0.988781 0.900320 0.901578 0.909010 0.835787 0.831719 0.878329 0.932050 0.818052 0.773540 0.726840 0.686884 0.977323 0.812589 0.987824 0.817947 0.630524 0.650675 0.791689 0.788454 0.903011 0.960166 0.729477 0.000000 0.722704 0.801198 0.900039 0.764176 0.786106 0.800282 0.915801 0.972148 0.783084 0.921008 0.961290 0.978080 0.923539 0.923782 0.989666 0.947980 0.916775 0.931080 0.816786 0.961067 0.976561 0.901866 0.878771 0.901031 0.950459 0.987195 0.829848 0.746118 0.772550 0.781674 0.888467 0.970342 0.729375 0.701458 0.720248 0.678336 0.723350 0.967888 0.805104 0.662529 0.985713 0.841359 0.834182 0.995871 0.773147 0.998552 0.830220 0.701965 0.886796 0.874305 0.877267 0.883029 0.929206 0.932622 0.889338 0.998440 0.770967 0.832946 0.950654 0.918768 0.904766 0.879430 0.888321 0.974286 0.743533 0.986409 0.871895 0.875736 0.848276 0.900517 0.909122 0.911780 0.965382 0.995702 0.861096 0.885916 0.860360 0.981216
