0.000000 0.205005 0.473731 0.634363 0.702750 0.918698 0.479247 0.531788 0.944458 0.775010 0.378506 0.325339 0.328353 0.475479 0.684429 0.724346 0.319951 0.367944 0.279353 0.303705 0.733733 0.968941 0.681812 0.776668 0.808392 0.963213 0.945521 0.991547 0.510654 0.437066 0.887223 0.955885 0.360620 0.339196 0.717556 0.912686 0.505374 0.755652 0.761730 0.758763 0.774047 0.958459 0.816435 0.790088 0.933769 0.832300 0.466425 0.504379 0.712800 0.520502 0.585294 0.525797 0.974883 0.763492 0.387435 0.496697 0.288914 0.217871 0.290922 0.337697 0.263817 0.366145 0.223041 0.216951 0.554170 0.400528 0.363881 0.561685 0.311884 0.276652 0.713504 0.981386 0.534005 0.726546 0.702647 0.782474 0.706442 0.775980 0.508916 0.475872 0.250790 0.273894 0.381929 0.351490 0.282215 0.332428 0.597916 0.654096 0.457606 0.488996 0.632037 0.518448 0.517837 0.477254 0.970115 0.850607 0.378358 0.940406 0.864209 0.910211 0.794564 0.907657 0.746440 0.740498 0.630275 0.518707 0.966902 0.954000 0.828561 0.585129 0.992731 0.723431 0.911143 0.841815 0.675497 0.773585
0.205005 0.000000 0.533372 0.596690 0.749697 0.939597 0.544985 0.488228 0.987544 0.769010 0.428271 0.264195 0.368706 0.458980 0.722568 0.690971 0.302055 0.317095 0.303486 0.263486 0.809695 0.935888 0.667249 0.708229 0.848021 0.863698 0.929119 0.995038 0.479871 0.400223 0.930358 0.950726 0.386487 0.394127 0.769550 0.995152 0.526106 0.676591 0.742947 0.774450 0.781209 0.866050 0.735079 0.750278 0.963438 0.863362 0.425220 0.519188 0.748553 0.562054 0.587889 0.531578 0.967413 0.737315 0.444362 0.530336 0.273270 0.190566 0.334927 0.344092 0.317140 0.360484 0.238143 0.193668 0.604442 0.376787 0.427161 0.569088 0.319636 0.280956 0.651213 0.947967 0.537987 0.721496 0.788970 0.751290 0.646718 0.660703 0.436678 0.423317 0.258361 0.282165 0.414033 0.393263 0.329500 0.345545 0.618944 0.682122 0.491062 0.521992 0.606548 0.548010 0.544174 0.453258 0.994804 0.845820 0.392389 0.914109 0.847020 0.885138 0.789249 0.880071 0.757319 0.750369 0.581176 0.493367 0.993258 0.972966 0.870408 0.561002 0.950948 0.723757 0.890390 0.890368 0.659496 0.800235
0.473731 0.533372 0.000000 0.368511 0.837965 0.884683 0.525232 0.683726 0.763515 0.763296 0.748503 0.694642 0.406491 0.686028 0.568660 0.646648 0.746944 0.837105 0.585725 0.667743 0.674868 0.897992 0.499080 0.536517 0.507517 0.633068 0.822072 0.916414 0.884170 0.884160 0.743150 0.911314 0.574919 0.633402 0.597067 0.828034 0.486275 0.774867 0.711420 0.899878 0.835541 0.858872 0.993509 0.967121 0.976433 0.889695 0.698397 0.567843 0.876127 0.514837 0.615397 0.516632 0.821316 0.938946 0.438219 0.662868 0.783237 0.619974 0.421336 0.445889 0.431146 0.562042 0.555542 0.605717 0.285061 0.505498 0.414911 0.589331 0.540801 0.466802 0.812319 0.993262 0.559479 0.757675 0.746530 0.800035 0.738029 0.970061 0.640880 0.810224 0.700473 0.715846 0.678770 0.652905 0.412308 0.371612 0.654961 0.821704 0.505488 0.548456 0.695711 0.664879 0.624171 0.710658 0.980209 0.963306 0.661624 0.961143 0.883161 0.826729 0.750540 0.841132 0.989470 0.995771 0.694510 0.581279 0.868616 0.893111 0.949644 0.800115 0.985645 0.936136 0.974890 0.854171 0.683374 0.858230
0.634363 0.596690 0.368511 0.000000 0.885581 0.885358 0.544956 0.486919 0.751412 0.909164 0.913385 0.661808 0.474422 0.609528 0.516517 0.488251 0.843512 0.875985 0.684955 0.712669 0.810182 0.998752 0.467801 0.417024 0.560923 0.794434 0.798636 0.961840 0.867557 0.901924 0.707616 0.931773 0.685501 0.675924 0.723252 0.975661 0.568471 0.726852 0.675593 0.893754 0.897905 0.981739 0.826357 0.850673 0.989557 0.787240 0.634360 0.501949 0.869838 0.543007 0.546544 0.519524 0.812580 0.908397 0.603083 0.748169 0.863828 0.697571 0.536128 0.537527 0.534382 0.538444 0.644450 0.631317 0.416409 0.531311 0.539846 0.599458 0.767634 0.614126 0.818106 0.982235 0.787106 0.871775 0.821976 0.818011 0.647762 0.843773 0.660846 0.887294 0.813857 0.882489 0.706657 0.721882 0.552752 0.390925 0.689025 0.907809 0.629656 0.564078 0.832570 0.793579 0.784507 0.794300 0.987111 0.861808 0.683897 0.955706 0.993388 0.966045 0.818254 0.823266 0.973340 0.890971 0.591389 0.543689 0.790154 0.673772 0.919563 0.794952 0.905569 0.872409 0.916262 0.780545 0.708143 0.817329
0.702750 0.749697 0.837965 0.885581 0.000000 0.993662 0.805996 0.843781 0.998509 0.913497 0.750684 0.771262 0.660779 0.789461 0.827149 0.715286 0.776056 0.813937 0.709696 0.806345 0.914271 0.837044 0.789576 0.879650 0.804560 0.917288 0.973784 0.917520 0.794648 0.817124 0.983918 0.955562 0.831089 0.752570 0.865970 0.913084 0.872709 0.917238 0.935031 0.748337 0.916824 0.874848 0.956895 0.964258 0.959838 0.963882 0.804182 0.747000 0.975889 0.907339 0.872353 0.881198 0.912297 0.835944 0.832250 0.932871 0.736527 0.777944 0.738703 0.785866 0.750764 0.806111 0.736162 0.728399 0.818615 0.788584 0.835533 0.891601 0.717113 0.717809 0.937126 0.993959 0.874784 0.925532 0.940323 0.954396 0.991742 0.918089 0.817289 0.830567 0.755039 0.781655 0.806300 0.820060 0.722708 0.744361 0.926434 0.842714 0.823928 0.800792 0.884591 0.928035 0.900166 0.834975 0.873332 0.983905 0.817240 0.898371 0.993836 0.998588 0.892412 0.964188 0.901459 0.828099 0.909023 0.780466 0.923056 0.909218 0.869969 0.974302 0.831647 0.984666 0.890509 0.987759 0.720994 0.965109
0.918698 0.939597 0.884683 0.885358 0.993662 0.000000 0.903446 0.884525 0.969166 0.768201 0.828072 0.863225 0.992965 0.922450 0.995067 0.998867 0.868136 0.841056 0.887420 0.958650 0.822797 0.925267 0.818857 0.787314 0.757043 0.873911 0.755397 0.781367 0.782735 0.794675 0.872830 0.902018 0.954416 0.898290 0.820528 0.853583 0.847268 0.799608 0.824368 0.758376 0.859540 0.796005 0.774475 0.755788 0.779027 0.775206 0.921710 0.905241 0.793605 0.958679 0.927436 0.998782 0.935614 0.969068 0.922038 0.876023 0.852483 0.927469 0.961778 0.989142 0.935842 0.918724 0.894998 0.902008 0.759875 0.964520 0.945379 0.864620 0.934931 0.935672 0.969308 0.908189 0.909939 0.928952 0.935983 0.963598 0.972501 0.866502 0.941884 0.863494 0.878156 0.877524 0.906331 0.993007 0.872074 0.902109 0.933733 0.933704 0.744962 0.954067 0.720630 0.861091 0.892768 0.939782 0.986390 0.777451 0.767993 0.743798 0.658194 0.647516 0.703561 0.846318 0.736694 0.755929 0.888261 0.922629 0.994020 0.933457 0.999897 0.959041 0.843449 0.796652 0.888527 0.995071 0.865592 0.854595
0.479247 0.544985 0.525232 0.544956 0.805996 0.903446 0.000000 0.352230 0.553028 0.731345 0.501382 0.551010 0.333590 0.329496 0.394236 0.468917 0.533985 0.556233 0.336626 0.495224 0.741385 0.989373 0.696571 0.773294 0.954940 0.912820 0.868449 0.927078 0.441727 0.532377 0.675542 0.649982 0.357046 0.294346 0.780274 0.951837 0.709293 0.782511 0.941039 0.855461 0.907488 0.892478 0.494524 0.430399 0.482037 0.399274 0.436793 0.325942 0.519491 0.460870 0.433926 0.488365 0.648363 0.790078 0.612498 0.578214 0.570825 0.585032 0.410102 0.598781 0.315531 0.490075 0.380036 0.451647 0.732385 0.593288 0.316151 0.331532 0.796169 0.622973 0.575670 0.726877 0.595748 0.609061 0.791703 0.642606 0.479874 0.629369 0.538740 0.614647 0.582149 0.675914 0.602831 0.650588 0.595166 0.540848 0.826142 0.872925 0.727120 0.787262 0.840744 0.945722 0.974841 0.903845 0.925208 0.876297 0.520680 0.938759 0.547052 0.577476 0.889175 0.714124 0.610249 0.502013 0.558736 0.594456 0.894120 0.753767 0.903412 0.670088 0.753791 0.528897 0.692120 0.558601 0.669435 0.606206
0.531788 0.488228 0.683726 0.486919 0.843781 0.884525 0.352230 0.000000 0.686629 0.731397 0.526551 0.397632 0.487997 0.336301 0.627325 0.507169 0.598500 0.588772 0.471404 0.534813 0.932767 0.939497 0.892513 0.811301 0.865357 0.818862 0.842150 0.843730 0.463965 0.497074 0.894078 0.756622 0.559244 0.421819 0.990519 0.997113 0.740509 0.714633 0.876544 0.813157 0.972296 0.881636 0.503832 0.517629 0.642925 0.464445 0.389349 0.365368 0.510297 0.516046 0.382123 0.461684 0.744918 0.935305 0.589276 0.599520 0.596954 0.553246 0.453392 0.541811 0.361284 0.304211 0.449753 0.409843 0.858816 0.425157 0.485084 0.427361 0.807200 0.589268 0.815021 0.934842 0.743376 0.753998 0.788417 0.693035 0.567310 0.620668 0.607846 0.646276 0.608624 0.707431 0.596185 0.675822 0.726219 0.528973 0.824851 0.977571 0.777490 0.782600 0.906234 0.941365 0.928731 0.746337 0.898593 0.760459 0.531742 0.881144 0.574124 0.584085 0.788939 0.885576 0.635842 0.569697 0.610034 0.548149 0.871259 0.704310 0.875637 0.687465 0.746365 0.527670 0.657169 0.628335 0.687519 0.613351
0.944458 0.987544 0.763515 0.751412 0.998509 0.969166 0.553028 0.686629 0.000000 0.678972 0.934774 0.991353 0.730420 0.735110 0.703710 0.771103 0.989679 0.947534 0.823707 0.990484 0.846556 0.977855 0.920675 0.910969 0.959644 0.894511 0.867430 0.981976 0.853753 0.952781 0.807514 0.863796 0.797194 0.768046 0.705670 0.888840 0.859594 0.969319 0.977477 0.908586 0.900831 0.915650 0.738663 0.672954 0.601683 0.563484 0.732224 0.709123 0.740161 0.710744 0.641594 0.704353 0.621252 0.649891 0.869850 0.797936 0.965423 0.944342 0.733087 0.935213 0.716603 0.836801 0.893435 0.957864 0.864292 0.856773 0.614725 0.565331 0.893774 0.997586 0.856353 0.843237 0.825070 0.809760 0.859286 0.823625 0.767263 0.811244 0.957705 0.988721 0.900480 0.849214 0.986688 0.993284 0.998822 0.880528 0.932745 0.960919 0.892908 0.915286 0.790908 0.796089 0.962251 0.877005 0.768808 0.972551 0.873423 0.947625 0.750866 0.799744 0.946773 0.789672 0.820672 0.741735 0.890253 0.784267 0.783791 0.851695 0.894079 0.917021 0.842975 0.787580 0.837941 0.793717 0.825029 0.708656
0.775010 0.769010 0.763296 0.909164 0.913497 0.768201 0.731345 0.731397 0.678972 0.000000 0.998743 0.939981 0.893318 0.871915 0.899314 0.836995 0.844125 0.929262 0.964531 0.848167 0.977566 0.980558 0.755806 0.739061 0.541333 0.807153 0.587926 0.832862 0.801472 0.942134 0.877814 0.644406 0.967477 0.846411 0.786870 0.764879 0.856918 0.967896 0.739158 0.888917 0.832128 0.923208 0.509996 0.501231 0.352205 0.409649 0.839731 0.795311 0.530986 0.849370 0.713063 0.865591 0.590879 0.552226 0.805760 0.963272 0.888437 0.771324 0.988436 0.881993 0.967497 0.988839 0.887189 0.913794 0.571218 0.808268 0.931259 0.753809 0.615225 0.801937 0.964774 0.688887 0.955527 0.732394 0.943732 0.822466 0.797105 0.769485 0.935289 0.988984 0.788168 0.675758 0.774198 0.659985 0.566554 0.652264 0.762128 0.689563 0.706047 0.667019 0.429155 0.464219 0.486475 0.535074 0.881413 0.865921 0.988833 0.784753 0.464345 0.393434 0.456603 0.645921 0.571601 0.662756 0.869392 0.944248 0.854564 0.714212 0.950328 0.950446 0.716895 0.722706 0.589336 0.707956 0.985833 0.927551
0.378506 0.428271 0.748503 0.913385 0.750684 0.828072 0.501382 0.526551 0.934774 0.998743 0.000000 0.321252 0.494586 0.496362 0.801506 0.796055 0.393038 0.380779 0.390885 0.366511 0.863252 0.920670 0.968696 0.928507 0.784354 0.688716 0.770710 0.838757 0.456181 0.354156 0.897521 0.913968 0.513100 0.379189 0.994774 0.832818 0.811099 0.829217 0.969575 0.853809 0.838843 0.901127 0.786201 0.787330 0.804938 0.776572 0.627898 0.606447 0.672481 0.737518 0.740436 0.770836 0.887835 0.720351 0.676127 0.600253 0.400421 0.415614 0.527834 0.627778 0.374644 0.438369 0.350994 0.355115 0.905814 0.512962 0.575750 0.557068 0.576244 0.509032 0.808218 0.949451 0.596685 0.627512 0.681806 0.831261 0.779429 0.771339 0.608428 0.501247 0.361619 0.380224 0.586361 0.521818 0.612277 0.617215 0.767666 0.857881 0.752602 0.775060 0.895414 0.738651 0.805321 0.640029 0.862073 0.909133 0.577468 0.963502 0.712200 0.823015 0.923487 0.889874 0.647092 0.675762 0.767875 0.713516 0.820447 0.893140 0.777393 0.698230 0.917211 0.711803 0.879987 0.777863 0.765448 0.725165
0.325339 0.264195 0.694642 0.661808 0.771262 0.863225 0.551010 0.397632 0.991353 0.939981 0.321252 0.000000 0.468883 0.400165 0.794737 0.687463 0.378888 0.336660 0.355109 0.306670 0.885649 0.896299 0.844518 0.816479 0.941003 0.681384 0.978262 0.853099 0.412308 0.311605 0.914203 0.914669 0.504326 0.413943 0.958742 0.946239 0.682933 0.670935 0.906513 0.773697 0.917347 0.844047 0.724081 0.782614 0.903046 0.824764 0.493914 0.583343 0.710952 0.668056 0.643148 0.657295 0.861502 0.678239 0.616605 0.576768 0.321130 0.304295 0.469583 0.506051 0.341865 0.287366 0.309135 0.241999 0.825912 0.370447 0.553409 0.552353 0.480245 0.418035 0.778000 0.983365 0.600768 0.720477 0.756331 0.772256 0.750466 0.646077 0.507245 0.477983 0.324384 0.364298 0.508465 0.492497 0.511054 0.441381 0.700947 0.808594 0.630433 0.642326 0.785107 0.634802 0.713452 0.530477 0.886862 0.752962 0.487536 0.873859 0.769721 0.791541 0.978782 0.979851 0.658318 0.668544 0.620004 0.580195 0.920001 0.919374 0.812967 0.584358 0.831661 0.697146 0.809870 0.796231 0.668492 0.747735
0.328353 0.368706 0.406491 0.474422 0.660779 0.992965 0.333590 0.487997 0.730420 0.893318 0.494586 0.468883 0.000000 0.388789 0.456793 0.461850 0.430032 0.514093 0.324073 0.378557 0.679177 0.998202 0.513705 0.606761 0.766645 0.997314 0.910175 0.949143 0.532044 0.557944 0.736820 0.875697 0.375224 0.370586 0.749886 0.904301 0.570805 0.735495 0.694720 0.781077 0.739531 0.998855 0.731730 0.678160 0.841040 0.697459 0.487689 0.408795 0.758028 0.486611 0.541821 0.510096 0.920258 0.999085 0.527087 0.599619 0.480411 0.423864 0.364107 0.477641 0.279083 0.432205 0.285667 0.354339 0.448494 0.424386 0.387094 0.518981 0.508399 0.426383 0.627928 0.872238 0.547246 0.664883 0.798715 0.728888 0.517113 0.721035 0.542413 0.522584 0.468771 0.501177 0.471968 0.501619 0.320750 0.307186 0.639828 0.686729 0.490017 0.521705 0.782388 0.771733 0.651815 0.696872 0.918784 0.990732 0.529156 0.957853 0.858450 0.891301 0.812031 0.974142 0.830742 0.682419 0.610595 0.549479 0.956812 0.958883 0.971159 0.728727 0.950634 0.734796 0.812222 0.772582 0.634112 0.729054
0.475479 0.458980 0.686028 0.609528 0.789461 0.922450 0.329496 0.336301 0.735110 0.871915 0.496362 0.400165 0.388789 0.000000 0.557714 0.485808 0.471543 0.443787 0.310521 0.376365 0.859544 0.918622 0.686277 0.656084 0.911542 0.801456 0.978377 0.857699 0.379822 0.405787 0.823431 0.654436 0.418883 0.375713 0.848742 0.955496 0.780810 0.646713 0.850625 0.795215 0.999670 0.802277 0.600609 0.575315 0.691058 0.579263 0.434081 0.476845 0.675849 0.626337 0.574721 0.630011 0.920637 0.966357 0.706218 0.656544 0.458454 0.529546 0.546369 0.693593 0.401628 0.444107 0.386972 0.385620 0.814935 0.522875 0.514938 0.501783 0.744410 0.648197 0.648575 0.736154 0.690071 0.720247 0.887181 0.698389 0.596645 0.549856 0.533643 0.563956 0.493641 0.567280 0.528109 0.582867 0.556268 0.465561 0.831642 0.723258 0.734062 0.683553 0.996002 0.912696 0.854521 0.750338 0.930254 0.814336 0.525536 0.924676 0.663386 0.614457 0.991514 0.827049 0.665652 0.616959 0.589956 0.680649 0.979768 0.875953 0.901632 0.656776 0.779896 0.653408 0.722781 0.648787 0.760362 0.656004
0.684429 0.722568 0.568660 0.516517 0.827149 0.995067 0.394236 0.627325 0.703710 0.899314 0.801506 0.794737 0.456793 0.557714 0.000000 0.348098 0.716940 0.707115 0.587567 0.673732 0.653397 0.991584 0.479363 0.558460 0.746409 0.887026 0.840703 0.876249 0.667682 0.751189 0.528422 0.582791 0.490995 0.568251 0.805415 0.959029 0.780566 0.833963 0.865674 0.969774 0.800399 0.800176 0.673888 0.630220 0.773875 0.712153 0.622135 0.549700 0.890124 0.716516 0.767457 0.755618 0.841250 0.921210 0.793549 0.879990 0.760508 0.767286 0.669851 0.833114 0.613369 0.778491 0.580903 0.673670 0.616371 0.764933 0.557631 0.613524 0.897687 0.757221 0.609564 0.688642 0.825090 0.865126 0.965212 0.679184 0.619294 0.693429 0.690530 0.710392 0.749836 0.842267 0.678079 0.719029 0.643604 0.559757 0.783655 0.844469 0.760622 0.724817 0.875628 0.879803 0.944199 0.994199 0.877595 0.936022 0.704352 0.999697 0.721292 0.744196 0.952480 0.794515 0.794655 0.697901 0.659840 0.735820 0.885701 0.743304 0.986354 0.935216 0.985676 0.767162 0.848099 0.679963 0.844694 0.832295
0.724346 0.690971 0.646648 0.488251 0.715286 0.998867 0.468917 0.507169 0.771103 0.836995 0.796055 0.687463 0.461850 0.485808 0.348098 0.000000 0.752230 0.732683 0.607164 0.677229 0.775040 0.858935 0.527114 0.555748 0.788111 0.945792 0.892980 0.962178 0.680110 0.763351 0.597993 0.653617 0.564396 0.589110 0.905593 0.909365 0.824700 0.790539 0.822938 0.854223 0.784139 0.911195 0.581993 0.596978 0.841185 0.697008 0.563396 0.539075 0.873016 0.750056 0.698624 0.708110 0.881222 0.899468 0.863146 0.953410 0.776493 0.777939 0.676262 0.783084 0.621854 0.689838 0.621064 0.649741 0.707654 0.689743 0.634940 0.649893 0.891073 0.704886 0.691137 0.745459 0.829324 0.762405 0.905989 0.610665 0.613107 0.656157 0.702030 0.729155 0.820993 0.924498 0.777345 0.781556 0.746903 0.544153 0.874372 0.953875 0.826027 0.750856 0.892322 0.899402 0.950991 0.966691 0.971403 0.922564 0.759548 0.994627 0.735598 0.713957 0.965258 0.915767 0.754468 0.660110 0.645295 0.630021 0.893464 0.746849 0.986267 0.955790 0.920963 0.726679 0.680505 0.641678 0.730017 0.908787
0.319951 0.302055 0.746944 0.843512 0.776056 0.868136 0.533985 0.598500 0.989679 0.844125 0.393038 0.378888 0.430032 0.471543 0.716940 0.752230 0.000000 0.235621 0.273046 0.268759 0.908513 0.909240 0.782717 0.868666 0.936221 0.712509 0.965192 0.955002 0.360895 0.295296 0.871969 0.762937 0.359067 0.381578 0.937010 0.970965 0.672095 0.797199 0.969531 0.764470 0.770625 0.796142 0.631610 0.635903 0.846919 0.805344 0.518808 0.616284 0.763063 0.724223 0.723842 0.719209 0.934641 0.750957 0.640569 0.633531 0.229143 0.278851 0.512858 0.585632 0.443932 0.540768 0.279188 0.270117 0.803603 0.535528 0.513233 0.606923 0.479224 0.496587 0.570719 0.791213 0.626751 0.750726 0.830420 0.745629 0.670512 0.571705 0.385814 0.349015 0.236095 0.276577 0.422195 0.419335 0.448053 0.513252 0.775947 0.678296 0.654206 0.691498 0.814849 0.779161 0.709297 0.612791 0.971475 0.964744 0.508118 0.933280 0.752594 0.790776 0.893321 0.871568 0.622405 0.602683 0.692383 0.670465 0.935968 0.905346 0.843595 0.613448 0.953656 0.690796 0.875584 0.757177 0.708193 0.813158
0.367944 0.317095 0.837105 0.875985 0.813937 0.841056 0.556233 0.588772 0.947534 0.929262 0.380779 0.336660 0.514093 0.443787 0.707115 0.732683 0.235621 0.000000 0.306822 0.219037 0.848078 0.882837 0.810537 0.849117 0.875700 0.612957 0.969693 0.935710 0.315386 0.249848 0.911003 0.713750 0.381445 0.370096 0.929133 0.940442 0.736861 0.672545 0.997776 0.866895 0.747266 0.724139 0.621434 0.632186 0.810160 0.823003 0.570404 0.657827 0.780485 0.806992 0.823041 0.850461 0.810167 0.648836 0.743446 0.681878 0.223382 0.290544 0.593686 0.687896 0.520621 0.577307 0.318353 0.277537 0.903570 0.605087 0.559491 0.607557 0.505871 0.517871 0.560427 0.716641 0.655484 0.683171 0.878443 0.753283 0.712545 0.492791 0.400654 0.326564 0.243182 0.277439 0.477262 0.472578 0.527097 0.571361 0.795351 0.701577 0.726879 0.748390 0.889990 0.804149 0.832757 0.694098 0.890626 0.818362 0.468222 0.938575 0.679165 0.703178 0.937567 0.871305 0.552375 0.591333 0.575728 0.703631 0.923575 0.915584 0.850798 0.628988 0.868295 0.652770 0.890485 0.753961 0.791291 0.772864
0.279353 0.303486 0.585725 0.684955 0.709696 0.887420 0.336626 0.471404 0.823707 0.964531 0.390885 0.355109 0.324073 0.310521 0.587567 0.607164 0.273046 0.306822 0.000000 0.274372 0.732757 0.912059 0.653739 0.728608 0.997482 0.803045 0.932613 0.975823 0.324533 0.329880 0.765267 0.699376 0.316964 0.264384 0.765198 0.967322 0.671034 0.715363 0.915040 0.738321 0.886052 0.861311 0.615178 0.572419 0.716001 0.659872 0.449381 0.465786 0.679561 0.579452 0.587245 0.587945 0.967830 0.884874 0.548818 0.567937 0.274465 0.330837 0.393025 0.533678 0.319169 0.466457 0.238680 0.263162 0.747915 0.525727 0.367058 0.482647 0.503525 0.478150 0.533117 0.765615 0.573754 0.691591 0.798607 0.726478 0.615568 0.612541 0.426906 0.439204 0.291650 0.354827 0.441890 0.459288 0.416123 0.440003 0.797781 0.701234 0.648415 0.644574 0.888382 0.779922 0.742931 0.618461 0.973411 0.864286 0.439980 0.946475 0.670764 0.676308 0.909218 0.851488 0.622675 0.543286 0.562491 0.603877 0.972146 0.964202 0.869546 0.588184 0.844454 0.597029 0.822675 0.730747 0.676538 0.713063
0.303705 0.263486 0.667743 0.712669 0.806345 0.958650 0.495224 0.534813 0.990484 0.848167 0.366511 0.306670 0.378557 0.376365 0.673732 0.677229 0.268759 0.219037 0.274372 0.000000 0.842407 0.873307 0.703814 0.741807 0.999056 0.730324 0.926401 0.902605 0.379891 0.277004 0.847324 0.796557 0.374037 0.363204 0.834137 0.983949 0.653495 0.576305 0.870666 0.859366 0.803665 0.766175 0.693597 0.700772 0.871677 0.859907 0.555334 0.610301 0.816791 0.717243 0.745631 0.745540 0.844960 0.703075 0.668135 0.661238 0.239647 0.267150 0.502582 0.584493 0.406180 0.486747 0.272891 0.250070 0.730972 0.494226 0.497614 0.588299 0.437203 0.448695 0.512535 0.752625 0.580936 0.658140 0.827301 0.736796 0.622615 0.549185 0.401058 0.353358 0.262463 0.280434 0.443627 0.457014 0.402596 0.451235 0.711531 0.689513 0.625512 0.636313 0.737548 0.711776 0.688841 0.663858 0.920190 0.913897 0.446632 0.998002 0.814725 0.818513 0.847597 0.947880 0.651116 0.671390 0.541281 0.652583 0.935597 0.951848 0.854988 0.649359 0.893057 0.703732 0.915724 0.786589 0.737221 0.744030
0.733733 0.809695 0.674868 0.810182 0.914271 0.822797 0.741385 0.932767 0.846556 0.977566 0.863252 0.885649 0.679177 0.859544 0.653397 0.775040 0.908513 0.848078 0.732757 0.842407 0.000000 0.994508 0.653486 0.787041 0.814886 0.756093 0.888536 0.677347 0.891917 0.920007 0.754859 0.886660 0.739621 0.756525 0.760456 0.795725 0.853252 0.949943 0.925075 0.992120 0.813354 0.954884 0.899906 0.828136 0.806553 0.786841 0.825575 0.794051 0.867200 0.687188 0.801764 0.767837 0.900093 0.874803 0.854474 0.996677 0.854509 0.848278 0.718616 0.820033 0.750972 0.912678 0.763713 0.802175 0.734027 0.967216 0.645691 0.802073 0.838089 0.750323 0.827538 0.797921 0.793705 0.792875 0.857973 0.877208 0.746354 0.856869 0.899624 0.798611 0.873815 0.891718 0.942260 0.968516 0.790695 0.741982 0.962572 0.975875 0.981776 0.790438 0.947875 0.961242 0.975569 0.965363 0.852732 0.953628 0.776665 0.953834 0.830782 0.864870 0.985525 0.995093 0.774325 0.920177 0.865865 0.765962 0.879649 0.976310 0.971027 0.971337 0.931375 0.929763 0.911888 0.886567 0.923967 0.968156
0.968941 0.935888 0.897992 0.998752 0.837044 0.925267 0.989373 0.939497 0.977855 0.980558 0.920670 0.896299 0.998202 0.918622 0.991584 0.858935 0.909240 0.882837 0.912059 0.873307 0.994508 0.000000 0.946876 0.944746 0.961289 0.936645 0.848728 0.934187 0.943802 0.847111 0.819703 0.813856 0.986647 0.927299 0.974279 0.852077 0.969837 0.938555 0.847234 0.750611 0.985764 0.923859 0.811495 0.855367 0.985833 0.965984 0.936456 0.992762 0.920126 0.880840 0.892898 0.924402 0.877144 0.869474 0.865481 0.996223 0.859816 0.912091 0.971663 0.961161 0.982700 0.963588 0.976935 0.932760 0.922888 0.976619 0.991395 0.969996 0.898408 0.886774 0.936842 0.999883 0.965529 0.983550 0.984960 0.997278 0.942895 0.696123 0.973064 0.981897 0.932382 0.949923 0.872010 0.958935 0.914721 0.998423 0.977972 0.827184 0.870236 0.979724 0.957734 0.932781 0.867051 0.923816 0.954453 0.958691 0.943245 0.936465 0.928077 0.913822 0.997977 0.845870 0.810744 0.898245 0.909125 0.791304 0.982125 0.998665 0.783036 0.978372 0.987295 0.936330 0.963193 0.973297 0.959577 0.942748
0.681812 0.667249 0.499080 0.467801 0.789576 0.818857 0.696571 0.892513 0.920675 0.755806 0.968696 0.844518 0.513705 0.686277 0.479363 0.527114 0.782717 0.810537 0.653739 0.703814 0.653486 0.946876 0.000000 0.291205 0.426901 0.741834 0.623799 0.828381 0.850782 0.900945 0.499522 0.808296 0.589358 0.764464 0.633538 0.946245 0.614466 0.790733 0.789355 0.975750 0.865012 0.930025 0.899260 0.857992 0.951943 0.989899 0.712788 0.708251 0.918034 0.695073 0.867221 0.746357 0.958984 0.954339 0.778105 0.979376 0.761704 0.733930 0.711505 0.740208 0.735913 0.903133 0.663305 0.692446 0.473315 0.858354 0.651967 0.840836 0.724634 0.704114 0.625238 0.710055 0.870025 0.952982 0.924169 0.815759 0.748901 0.862919 0.633570 0.763215 0.755818 0.829257 0.728608 0.758049 0.468690 0.454149 0.780483 0.688499 0.628772 0.525255 0.827746 0.875659 0.832978 0.850262 0.852021 0.991231 0.774101 0.939643 0.942614 0.946814 0.607820 0.866417 0.989389 0.924850 0.702943 0.732915 0.942991 0.933034 0.891530 0.896431 0.988631 0.992189 0.985937 0.957812 0.789049 0.952785
0.776668 0.708229 0.536517 0.417024 0.879650 0.787314 0.773294 0.811301 0.910969 0.739061 0.928507 0.816479 0.606761 0.656084 0.558460 0.555748 0.868666 0.849117 0.728608 0.741807 0.787041 0.944746 0.291205 0.000000 0.460665 0.796548 0.571697 0.928799 0.872140 0.895166 0.691068 0.867169 0.743529 0.835182 0.720181 0.899206 0.682919 0.735088 0.757207 0.995581 0.911674 0.926150 0.986411 0.997299 0.835929 0.935515 0.778905 0.778166 0.853053 0.825038 0.935863 0.867141 0.880034 0.905626 0.808404 0.976930 0.838184 0.780284 0.820246 0.847703 0.806113 0.842583 0.768974 0.756384 0.502612 0.774510 0.766930 0.926244 0.782217 0.756060 0.762499 0.840750 0.963030 0.913811 0.935984 0.854063 0.836641 0.866745 0.704541 0.880421 0.814734 0.853213 0.675394 0.715106 0.533501 0.436602 0.723874 0.688832 0.678844 0.587938 0.787385 0.784892 0.816282 0.836652 0.977143 0.891496 0.859614 0.971217 0.890226 0.890087 0.629308 0.818862 0.880504 0.950204 0.719865 0.781480 0.909863 0.933174 0.833169 0.896657 0.985289 0.981941 0.914003 0.959117 0.908616 0.905930
0.808392 0.848021 0.507517 0.560923 0.804560 0.757043 0.954940 0.865357 0.959644 0.541333 0.784354 0.941003 0.766645 0.911542 0.746409 0.788111 0.936221 0.875700 0.997482 0.999056 0.814886 0.961289 0.426901 0.460665 0.000000 0.491747 0.607308 0.755897 0.725894 0.755323 0.710984 0.805971 0.918772 0.940261 0.564217 0.946437 0.637032 0.962920 0.649716 0.944304 0.791159 0.942758 0.719152 0.737012 0.617525 0.701935 0.973868 0.899828 0.719220 0.898570 0.957904 0.894808 0.942948 0.919961 0.733170 0.986566 0.952389 0.897127 0.829263 0.755970 0.930289 0.997973 0.953738 0.963859 0.366664 0.886040 0.867333 0.924427 0.735230 0.672642 0.982456 0.930322 0.923401 0.908828 0.911883 0.973346 0.956687 0.828202 0.935313 0.962256 0.967750 0.958666 0.853751 0.778513 0.574976 0.574174 0.699336 0.786858 0.622878 0.576839 0.636090 0.688063 0.730609 0.817066 0.986210 0.960807 0.939725 0.938978 0.615266 0.586537 0.516863 0.665647 0.693261 0.774998 0.925540 0.843711 0.916290 0.965980 0.932080 0.948896 0.675506 0.783728 0.770891 0.835662 0.961771 0.945485
0.963213 0.863698 0.633068 0.794434 0.917288 0.873911 0.912820 0.818862 0.894511 0.807153 0.688716 0.681384 0.997314 0.801456 0.887026 0.945792 0.712509 0.612957 0.803045 0.730324 0.756093 0.936645 0.741834 0.796548 0.491747 0.000000 0.842894 0.706244 0.623136 0.594847 0.727970 0.912661 0.918507 0.778306 0.671713 0.974074 0.765172 0.866013 0.816192 0.948368 0.937007 0.697300 0.762017 0.812934 0.798567 0.852057 0.907347 0.973279 0.825130 0.919054 0.967500 0.872497 0.785879 0.746741 0.812611 0.951694 0.730346 0.814050 0.913714 0.880848 0.937247 0.838116 0.836064 0.782467 0.568388 0.970430 0.895950 0.881084 0.940160 0.947778 0.903781 0.911622 0.946447 0.904911 0.981194 0.923375 0.918142 0.788358 0.872862 0.788138 0.745921 0.762368 0.906417 0.938708 0.917465 0.868322 0.997833 0.982248 0.915349 0.893656 0.818586 0.910913 0.809141 0.972280 0.924498 0.853044 0.952539 0.891541 0.671825 0.656261 0.753850 0.824084 0.730404 0.628414 0.850789 0.964126 0.871303 0.905583 0.905267 0.818251 0.735187 0.773070 0.842469 0.931504 0.933050 0.799661
0.945521 0.929119 0.822072 0.798636 0.973784 0.755397 0.868449 0.842150 0.867430 0.587926 0.770710 0.978262 0.910175 0.978377 0.840703 0.892980 0.965192 0.969693 0.932613 0.926401 0.888536 0.848728 0.623799 0.571697 0.607308 0.842894 0.000000 0.882210 0.945894 0.961164 0.830704 0.991520 0.981662 0.878294 0.872678 0.888792 0.920567 0.858557 0.883351 0.853932 0.980883 0.985251 0.775306 0.716084 0.605602 0.633424 0.896744 0.809190 0.588907 0.850159 0.801707 0.844934 0.720014 0.787417 0.977627 0.823399 0.992642 0.990255 0.890271 0.953976 0.886605 0.926815 0.988072 0.997162 0.671808 0.891906 0.975839 0.820918 0.837268 0.988147 0.884318 0.977247 0.940832 0.817881 0.959947 0.918619 0.899127 0.991262 0.939174 0.987218 0.961044 0.943886 0.803244 0.944754 0.735472 0.744130 0.851176 0.789594 0.808710 0.810523 0.736325 0.777013 0.782850 0.832508 0.951423 0.953209 0.908628 0.973519 0.711376 0.736580 0.638558 0.780202 0.787926 0.816221 0.885729 0.910022 0.926339 0.944377 0.957769 0.892883 0.786077 0.795440 0.803220 0.939326 0.907642 0.778746
0.991547 0.995038 0.916414 0.961840 0.917520 0.781367 0.927078 0.843730 0.981976 0.832862 0.838757 0.853099 0.949143 0.857699 0.876249 0.962178 0.955002 0.935710 0.975823 0.902605 0.677347 0.934187 0.828381 0.928799 0.755897 0.706244 0.882210 0.000000 0.953598 0.859841 0.893550 0.971365 0.998989 0.896950 0.960958 0.882830 0.973328 0.667290 0.968620 0.787728 0.830152 0.913010 0.938242 0.973250 0.897372 0.989539 0.956999 0.886065 0.956091 0.954881 0.960014 0.922436 0.921805 0.900192 0.972680 0.994168 0.960937 0.978228 0.898076 0.884832 0.945241 0.897338 0.996288 0.946692 0.838607 0.921830 0.949324 0.868120 0.997048 0.857807 0.897256 0.917632 0.923087 0.855289 0.927799 0.968392 0.845192 0.941591 0.950334 0.962258 0.963418 0.959816 0.900637 0.948679 0.991840 0.949922 0.965491 0.965225 0.889814 0.915823 0.999140 0.897803 0.917515 0.968595 0.872292 0.815813 0.932148 0.948198 0.940070 0.889661 0.855490 0.894797 0.914871 0.903642 0.754501 0.982245 0.895577 0.926150 0.988147 0.971462 0.877563 0.822942 0.962194 0.975519 0.963800 0.727578
0.510654 0.479871 0.884170 0.867557 0.794648 0.782735 0.441727 0.463965 0.853753 0.801472 0.456181 0.412308 0.532044 0.379822 0.667682 0.680110 0.360895 0.315386 0.324533 0.379891 0.891917 0.943802 0.850782 0.872140 0.725894 0.623136 0.945894 0.953598 0.000000 0.259470 0.858052 0.578457 0.428019 0.356445 0.968389 0.955213 0.813707 0.769675 0.897181 0.820610 0.919720 0.811792 0.445325 0.449179 0.589027 0.589209 0.505332 0.552384 0.613424 0.701324 0.656521 0.742157 0.974026 0.904623 0.786464 0.661252 0.343802 0.468267 0.592580 0.727154 0.509290 0.554759 0.367908 0.364573 0.942784 0.654840 0.553715 0.541275 0.687959 0.669204 0.544125 0.696820 0.739623 0.774661 0.930978 0.705792 0.606487 0.502793 0.458632 0.433459 0.389897 0.480859 0.546372 0.674535 0.701546 0.659005 0.894709 0.830463 0.820976 0.878203 0.857163 0.930793 0.998362 0.826894 0.971376 0.827665 0.533668 0.939871 0.540879 0.504382 0.838783 0.741660 0.525010 0.423265 0.629158 0.738960 0.975433 0.959105 0.952913 0.616149 0.748398 0.568245 0.719080 0.683897 0.783596 0.760521
0.437066 0.400223 0.884160 0.901924 0.817124 0.794675 0.532377 0.497074 0.952781 0.942134 0.354156 0.311605 0.557944 0.405787 0.751189 0.763351 0.295296 0.249848 0.329880 0.277004 0.920007 0.847111 0.900945 0.895166 0.755323 0.594847 0.961164 0.859841 0.259470 0.000000 0.917653 0.672103 0.441903 0.413384 0.943164 0.992437 0.795892 0.674889 0.875552 0.847733 0.938191 0.728490 0.601410 0.619962 0.763727 0.777713 0.590672 0.679405 0.743861 0.816361 0.790511 0.853760 0.874225 0.681888 0.792459 0.724300 0.253826 0.367245 0.634726 0.734080 0.503072 0.507444 0.367460 0.311647 0.952155 0.569191 0.612435 0.612958 0.591693 0.608146 0.605427 0.762859 0.670074 0.773890 0.799215 0.705816 0.731028 0.518511 0.453298 0.397804 0.291871 0.338142 0.499363 0.556292 0.631909 0.617555 0.819966 0.779576 0.801024 0.828494 0.990271 0.882104 0.893155 0.735146 0.917351 0.836597 0.530712 0.895292 0.663352 0.636871 0.912674 0.787749 0.517892 0.493446 0.638996 0.687587 0.898439 0.952749 0.862404 0.627482 0.784525 0.640928 0.865966 0.725107 0.798802 0.723450
0.887223 0.930358 0.743150 0.707616 0.983918 0.872830 0.675542 0.894078 0.807514 0.877814 0.897521 0.914203 0.736820 0.823431 0.528422 0.597993 0.871969 0.911003 0.765267 0.847324 0.754859 0.819703 0.499522 0.691068 0.710984 0.727970 0.830704 0.893550 0.858052 0.917653 0.000000 0.528305 0.668649 0.786291 0.807247 0.830899 0.690569 0.839311 0.990083 0.991556 0.925859 0.924291 0.632948 0.605941 0.764081 0.774928 0.848145 0.754526 0.945047 0.761377 0.805610 0.789865 0.678623 0.671683 0.919224 0.935866 0.894588 0.937496 0.835187 0.889952 0.904502 0.903945 0.860502 0.881263 0.788898 0.928468 0.705376 0.811152 0.988398 0.936391 0.540808 0.554937 0.852064 0.825784 0.886774 0.736726 0.590270 0.728833 0.700956 0.797561 0.931725 0.940750 0.916466 0.966930 0.869507 0.838003 0.955237 0.920280 0.973335 0.945889 0.916463 0.777806 0.888134 0.841458 0.882747 0.885129 0.921648 0.944506 0.849187 0.818240 0.883251 0.822209 0.752781 0.724633 0.651894 0.813903 0.867434 0.799162 0.910972 0.953231 0.927032 0.803930 0.898703 0.773443 0.941763 0.873326
0.955885 0.950726 0.911314 0.931773 0.955562 0.902018 0.649982 0.756622 0.863796 0.644406 0.913968 0.914669 0.875697 0.654436 0.582791 0.653617 0.762937 0.713750 0.699376 0.796557 0.886660 0.813856 0.808296 0.867169 0.805971 0.912661 0.991520 0.971365 0.578457 0.672103 0.528305 0.000000 0.626220 0.647142 0.937347 0.717672 0.949033 0.938246 0.805237 0.990148 0.994983 0.795523 0.484254 0.444951 0.599878 0.631942 0.747208 0.796865 0.820574 0.900955 0.870320 0.955786 0.825152 0.839320 0.994795 0.944834 0.758400 0.926419 0.975171 0.896358 0.957190 0.911121 0.811041 0.829388 0.789457 0.860314 0.828052 0.760288 0.881243 0.889821 0.646375 0.539105 0.978043 0.931262 0.988529 0.718384 0.705296 0.573046 0.734514 0.785148 0.804461 0.963786 0.854326 0.931288 0.952345 0.998917 0.779187 0.956156 0.833202 0.953071 0.619885 0.668104 0.636656 0.869049 0.955830 0.871164 0.906314 0.958998 0.512282 0.448354 0.786881 0.676271 0.550133 0.600641 0.749942 0.804099 0.919857 0.827916 0.916939 0.792079 0.768514 0.623976 0.809743 0.691521 0.986101 0.924336
0.360620 0.386487 0.574919 0.685501 0.831089 0.954416 0.357046 0.559244 0.797194 0.967477 0.513100 0.504326 0.375224 0.418883 0.490995 0.564396 0.359067 0.381445 0.316964 0.374037 0.739621 0.986647 0.589358 0.743529 0.918772 0.918507 0.981662 0.998989 0.428019 0.441903 0.668649 0.626220 0.000000 0.293922 0.717549 0.956581 0.591087 0.824679 0.882423 0.819152 0.692431 0.852437 0.554676 0.490824 0.693008 0.639546 0.439282 0.510015 0.676698 0.564807 0.611572 0.594118 0.820711 0.974621 0.589686 0.594175 0.354946 0.395400 0.440956 0.561102 0.407063 0.577781 0.279592 0.336879 0.702903 0.625499 0.362558 0.462593 0.576895 0.523607 0.490120 0.703378 0.595169 0.697221 0.770324 0.622633 0.530931 0.607173 0.381527 0.474072 0.359805 0.444315 0.498944 0.498506 0.443282 0.452951 0.821530 0.722097 0.610325 0.711005 0.966801 0.877217 0.860695 0.727304 0.988831 0.956676 0.467337 0.942125 0.654518 0.702941 0.942508 0.829790 0.620647 0.594168 0.616600 0.583624 0.986622 0.981696 0.995192 0.581313 0.833311 0.600030 0.811362 0.646094 0.709817 0.747729
0.339196 0.394127 0.633402 0.675924 0.752570 0.898290 0.294346 0.421819 0.768046 0.846411 0.379189 0.413943 0.370586 0.375713 0.568251 0.589110 0.381578 0.370096 0.264384 0.363204 0.756525 0.927299 0.764464 0.835182 0.940261 0.778306 0.878294 0.896950 0.356445 0.413384 0.786291 0.647142 0.293922 0.000000 0.831062 0.983617 0.655606 0.776748 0.943112 0.789637 0.789218 0.878709 0.504207 0.478421 0.554946 0.474081 0.421469 0.388631 0.471121 0.486186 0.488403 0.546222 0.831589 0.990052 0.560446 0.503838 0.352641 0.380760 0.373470 0.527130 0.307906 0.454740 0.281517 0.302234 0.803221 0.600667 0.338539 0.403415 0.609951 0.480674 0.624728 0.764856 0.643076 0.651488 0.744157 0.717124 0.534274 0.617451 0.451459 0.487809 0.348161 0.455939 0.475907 0.513221 0.521777 0.508997 0.847856 0.806298 0.679396 0.697169 0.974326 0.854178 0.928475 0.740611 0.959942 0.757394 0.461845 0.879323 0.525125 0.579263 0.880098 0.806145 0.539329 0.522770 0.572066 0.562237 0.996960 0.911151 0.968698 0.598997 0.783133 0.479355 0.735503 0.598199 0.694470 0.693834
0.717556 0.769550 0.597067 0.723252 0.865970 0.820528 0.780274 0.990519 0.705670 0.786870 0.994774 0.958742 0.749886 0.848742 0.805415 0.905593 0.937010 0.929133 0.765198 0.834137 0.760456 0.974279 0.633538 0.720181 0.564217 0.671713 0.872678 0.960958 0.968389 0.943164 0.807247 0.937347 0.717549 0.831062 0.000000 0.960515 0.703756 0.841104 0.705887 0.850578 0.887211 0.977118 0.897271 0.996412 0.991033 0.951852 0.894028 0.832720 0.892033 0.872954 0.932790 0.842630 0.939847 0.978536 0.711769 0.730137 0.903690 0.850808 0.733838 0.801911 0.798587 0.973410 0.826924 0.881185 0.522630 0.889898 0.592582 0.710041 0.774880 0.801229 0.771492 0.839110 0.782529 0.829106 0.971742 0.995889 0.910466 0.958808 0.828205 0.897137 0.891993 0.884395 0.869825 0.782082 0.653411 0.696000 0.963512 0.789342 0.717009 0.797084 0.774532 0.758843 0.800540 0.840265 0.856227 0.966306 0.786175 0.947955 0.851679 0.860939 0.573793 0.953059 0.943490 0.945378 0.799643 0.764959 0.975548 0.964589 0.989565 0.967528 0.835204 0.918442 0.820544 0.876372 0.905495 0.819965
0.912686 0.995152 0.828034 0.975661 0.913084 0.853583 0.951837 0.997113 0.888840 0.764879 0.832818 0.946239 0.904301 0.955496 0.959029 0.909365 0.970965 0.940442 0.967322 0.983949 0.795725 0.852077 0.946245 0.899206 0.946437 0.974074 0.888792 0.882830 0.955213 0.992437 0.830899 0.717672 0.956581 0.983617 0.960515 0.000000 0.913623 0.871571 0.970531 0.953882 0.954335 0.846015 0.779483 0.814833 0.849067 0.912104 0.928608 0.980356 0.927070 0.947300 0.991690 0.954997 0.934518 0.881438 0.896405 0.842330 0.995116 0.964821 0.912872 0.912569 0.847921 0.804404 0.912283 0.953207 0.833774 0.761549 0.981700 0.968546 0.825575 0.943832 0.766036 0.746214 0.906706 0.897006 0.727840 0.832081 0.769738 0.720668 0.989360 0.949672 0.941476 0.880987 0.934275 0.848841 0.835155 0.802851 0.858227 0.951526 0.731290 0.970561 0.827702 0.824655 0.787690 0.850774 0.925325 0.968626 0.997803 0.953848 0.759834 0.662172 0.963997 0.900801 0.839295 0.974773 0.791250 0.858711 0.948591 0.838308 0.919163 0.909509 0.977754 0.974751 0.876164 0.971224 0.882550 0.852582
0.505374 0.526106 0.486275 0.568471 0.872709 0.847268 0.709293 0.740509 0.859594 0.856918 0.811099 0.682933 0.570805 0.780810 0.780566 0.824700 0.672095 0.736861 0.671034 0.653495 0.853252 0.969837 0.614466 0.682919 0.637032 0.765172 0.920567 0.973328 0.813707 0.795892 0.690569 0.949033 0.591087 0.655606 0.703756 0.913623 0.000000 0.806286 0.824586 0.969096 0.704309 0.763310 0.870348 0.844406 0.998146 0.903122 0.686313 0.617283 0.853984 0.560422 0.673888 0.593435 0.827519 0.931003 0.516802 0.696827 0.648133 0.531411 0.541793 0.523622 0.575212 0.679947 0.572855 0.552805 0.531536 0.657744 0.560874 0.763298 0.535082 0.507298 0.759849 0.865712 0.646971 0.745404 0.739192 0.758892 0.749211 0.824261 0.614877 0.733435 0.625450 0.664483 0.595513 0.686298 0.507522 0.517456 0.741830 0.725877 0.575704 0.680929 0.603087 0.706727 0.630961 0.809865 0.966695 0.970220 0.687314 0.939391 0.896707 0.909912 0.650385 0.827806 0.901174 0.901518 0.698153 0.678257 0.972821 0.914940 0.944548 0.628990 0.973214 0.947153 0.967674 0.873988 0.678259 0.873893
0.755652 0.676591 0.774867 0.726852 0.917238 0.799608 0.782511 0.714633 0.969319 0.967896 0.829217 0.670935 0.735495 0.646713 0.833963 0.790539 0.797199 0.672545 0.715363 0.576305 0.949943 0.938555 0.790733 0.735088 0.962920 0.866013 0.858557 0.667290 0.769675 0.674889 0.839311 0.938246 0.824679 0.776748 0.841104 0.871571 0.806286 0.000000 0.797191 0.979993 0.937119 0.836702 0.903238 0.906721 0.941738 0.973125 0.891395 0.914828 0.964206 0.932916 0.887236 0.896363 0.822650 0.848947 0.893018 0.958588 0.714081 0.701173 0.888044 0.892126 0.783859 0.764328 0.796424 0.687239 0.823107 0.759685 0.804309 0.813879 0.779899 0.806327 0.736217 0.611508 0.808535 0.766294 0.940610 0.812517 0.834657 0.708957 0.697282 0.638418 0.756372 0.774296 0.840895 0.875673 0.768459 0.767897 0.948201 0.915790 0.793946 0.887435 0.860050 0.917006 0.910972 0.951879 0.823749 0.848726 0.784915 0.955750 0.984504 0.881188 0.908725 0.903953 0.812923 0.924275 0.601238 0.779995 0.794472 0.990763 0.994533 0.966389 0.926953 0.992524 0.991716 0.985086 0.748381 0.856875
