0.000000 0.417352 0.867513 0.996307 0.941105 0.860129 0.820846 0.665263 0.946948 0.689636 0.605441 0.536631 0.996861 0.793384 0.953226 0.866306 0.427303 0.472327 0.593231 0.511425 0.904444 0.965825 0.829906 0.933565 0.745763 0.761211 0.825206 0.739943 0.610362 0.629275 0.930904 0.893114 0.658829 0.684730 0.936644 0.984662 0.847887 0.819201 0.963548 0.921067 0.796339 0.950226 0.790648 0.695979 0.691224 0.676075 0.817530 0.727504 0.627295 0.763407 0.709496 0.827955 0.896426 0.885997 0.990131 0.900369 0.370845 0.416105 0.625816 0.847535 0.738827 0.773609 0.515654 0.466340 0.672421 0.914305 0.884798 0.840927 0.608302 0.667750 0.767135 0.770007 0.786170 0.638199 0.967729 0.941063 0.723382 0.769414 0.842180 0.783839 0.465205 0.508829 0.917484 0.787179 0.902405 0.925377 0.999630 0.873785 0.734214 0.899480 0.699608 0.723309 0.856335 0.947469 0.870306 0.895901 0.739234 0.885876 0.487299 0.565895 0.736102 0.832256 0.614153 0.566406 0.848243 0.995160 0.997062 0.831098 0.975509 0.911880 0.738571 0.731483 0.772846 0.959392 0.990314 0.915369
0.417352 0.000000 0.665259 0.880461 0.967888 0.909592 0.957054 0.753902 0.862416 0.750360 0.725057 0.528446 0.822526 0.848236 0.769749 0.992016 0.480003 0.477749 0.713318 0.481704 0.904245 0.927911 0.711967 0.855213 0.764776 0.669898 0.895934 0.757921 0.663061 0.630214 0.902819 0.921643 0.691015 0.698966 0.923933 0.923794 0.840342 0.769889 0.914365 0.960787 0.805526 0.752664 0.886909 0.721339 0.748551 0.673457 0.964649 0.844652 0.638425 0.744517 0.768084 0.858175 0.933022 0.941449 0.933385 0.826461 0.343337 0.316377 0.768555 0.755754 0.869066 0.716681 0.684517 0.472018 0.592252 0.927289 0.970163 0.858212 0.658001 0.633008 0.714239 0.819906 0.799756 0.646234 0.958526 0.950156 0.774437 0.769893 0.853186 0.816253 0.501005 0.591568 0.935376 0.767111 0.754894 0.905635 0.944657 0.920909 0.598547 0.902565 0.787700 0.802708 0.909224 0.992046 0.848698 0.911582 0.745517 0.812081 0.552458 0.680989 0.652958 0.921803 0.735479 0.604004 0.943798 0.905123 0.979440 0.880548 0.973600 0.908703 0.749935 0.707121 0.743457 0.942914 0.932470 0.926857
0.867513 0.665259 0.000000 0.474472 0.841655 0.942273 0.505847 0.842221 0.588499 0.970368 0.984440 0.684832 0.816652 0.997986 0.696376 0.982714 0.871540 0.781288 0.756909 0.802075 0.947247 0.902958 0.445986 0.643037 0.603528 0.575857 0.961805 0.857439 0.966054 0.776116 0.531734 0.678950 0.701054 0.811700 0.645702 0.992076 0.905228 0.985141 0.661517 0.900249 0.882321 0.833991 0.711651 0.918801 0.931594 0.943140 0.675610 0.782864 0.754299 0.994473 0.994052 0.896501 0.723680 0.710615 0.754651 0.886122 0.729316 0.646231 0.754206 0.995729 0.785954 0.891717 0.997436 0.662083 0.413195 0.597437 0.533612 0.706520 0.907336 0.879475 0.972104 0.936440 0.889068 0.974755 0.844170 0.787094 0.731995 0.818727 0.860602 0.883838 0.831318 0.884237 0.973526 0.763528 0.541497 0.710815 0.956292 0.879893 0.788228 0.882868 0.849275 0.794810 0.806487 0.676100 0.978951 0.936628 0.964541 0.777968 0.939758 0.900669 0.776141 0.759590 0.989101 0.811793 0.865238 0.623994 0.994952 0.821340 0.973178 0.964889 0.973015 0.916460 0.934699 0.921589 0.865224 0.973853
0.996307 0.880461 0.474472 0.000000 0.972399 0.944046 0.641005 0.746830 0.685600 0.934413 0.867314 0.855830 0.994240 0.912734 0.849571 0.870418 0.908209 0.784993 0.773091 0.977776 0.996122 0.995258 0.503729 0.525258 0.584844 0.581126 0.978688 0.848164 0.873863 0.759432 0.528479 0.687369 0.729028 0.897072 0.676333 0.959206 0.693566 0.768615 0.685700 0.899036 0.788718 0.955592 0.818255 0.972569 0.829957 0.762550 0.803572 0.904168 0.674708 0.861014 0.983021 0.986257 0.824604 0.687708 0.734009 0.908523 0.883045 0.837602 0.735851 0.884605 0.878631 0.920989 0.953993 0.850745 0.579641 0.574363 0.685902 0.837591 0.995734 0.913030 0.768213 0.727410 0.699335 0.850863 0.894220 0.811866 0.730961 0.874641 0.781384 0.935973 0.992357 0.965684 0.904600 0.911778 0.695040 0.694248 0.888952 0.861739 0.952321 0.788700 0.804821 0.784484 0.750657 0.683622 0.867514 0.992088 0.943942 0.935605 0.920456 0.943997 0.944737 0.675176 0.943569 0.949755 0.763481 0.737346 0.968558 0.761082 0.900911 0.980956 0.956066 0.937515 0.865311 0.870127 0.943784 0.936869
0.941105 0.967888 0.841655 0.972399 0.000000 0.756883 0.868945 0.990018 0.891964 0.885545 0.798382 0.916511 0.779168 0.960128 0.892631 0.930107 0.997484 0.921501 0.891644 0.972369 0.938204 0.940597 0.888994 0.977617 0.982968 0.893667 0.878307 0.983530 0.888895 0.968317 0.938434 0.985007 0.862556 0.876109 0.835895 0.839615 0.884260 0.815573 0.958009 0.900552 0.915992 0.868846 0.952183 0.874117 0.790434 0.822314 0.954143 0.807212 0.964206 0.926313 0.949703 0.980371 0.995271 0.986208 0.923178 0.916868 0.973122 0.962915 0.900736 0.922854 0.818223 0.998839 0.943158 0.883001 0.884014 0.880918 0.714551 0.708107 0.987126 0.998029 0.967076 0.844223 0.971530 0.981780 0.967319 0.997371 0.828352 0.909694 0.928944 0.919852 0.941771 0.893295 0.956706 0.909427 0.814796 0.915884 0.914606 0.992192 0.948408 0.802687 0.947543 0.906804 0.934737 0.863620 0.985494 0.929010 0.915814 0.980464 0.920627 0.925958 0.988653 0.921818 0.980857 0.871480 0.985046 0.930715 0.942220 0.944375 0.964149 0.882535 0.822698 0.982796 0.957381 0.938059 0.982798 0.710133
0.860129 0.909592 0.942273 0.944046 0.756883 0.000000 0.817430 0.767058 0.861124 0.718612 0.714458 0.696388 0.769992 0.893126 0.953286 0.812101 0.905197 0.890551 0.919348 0.934885 0.992016 0.871220 0.859075 0.866390 0.779833 0.767937 0.806579 0.993211 0.825357 0.828456 0.982389 0.929814 0.991141 0.869592 0.974663 0.828594 0.999726 0.877936 0.992556 0.903326 0.951552 0.904372 0.969906 0.905662 0.794968 0.779932 0.946310 0.895472 0.810941 0.891586 0.942254 0.953490 0.848623 0.891249 0.934600 0.966321 0.903874 0.909736 0.846680 0.929324 0.735801 0.821398 0.835076 0.856548 0.822580 0.927022 0.926281 0.889897 0.993744 0.888710 0.943094 0.963692 0.926757 0.907159 0.894474 0.875333 0.854989 0.999203 0.949523 0.916165 0.976282 0.871748 0.870481 0.991643 0.909108 0.837374 0.944322 0.946359 0.978774 0.820435 0.796959 0.831349 0.803988 0.828202 0.922168 0.936803 0.828551 0.830884 0.708980 0.906950 0.755205 0.804429 0.982289 0.894407 0.882549 0.928339 0.742391 0.973365 0.901163 0.998608 0.823805 0.914874 0.778091 0.933287 0.940928 0.799263
0.820846 0.957054 0.505847 0.641005 0.868945 0.817430 0.000000 0.510167 0.608435 0.575551 0.613178 0.923835 0.677514 0.786634 0.826776 0.892189 0.806625 0.881025 0.471841 0.886048 0.965328 0.910742 0.686217 0.840982 0.935162 0.995098 0.698837 0.859501 0.805654 0.838083 0.677194 0.654434 0.589689 0.539452 0.887175 0.944784 0.931394 0.877137 0.749846 0.976283 0.972290 0.873444 0.631258 0.750440 0.633208 0.764383 0.612450 0.661711 0.928521 0.928585 0.746891 0.802972 0.606935 0.568460 0.898258 0.871494 0.960268 0.912369 0.553448 0.974430 0.588218 0.993659 0.549599 0.914269 0.874333 0.899690 0.499599 0.638433 0.995470 0.999102 0.800287 0.804242 0.718771 0.732683 0.909153 0.687864 0.634934 0.763771 0.757606 0.758088 0.933823 0.807441 0.881202 0.992638 0.750644 0.908223 0.983149 0.901522 0.994733 0.947365 0.547750 0.519042 0.657779 0.641147 0.931842 0.882654 0.865271 0.876780 0.691052 0.612363 0.945316 0.579191 0.818271 0.848574 0.870766 0.681084 0.906027 0.714434 0.933068 0.914698 0.859067 0.845890 0.800016 0.983422 0.981968 0.945472
0.665263 0.753902 0.842221 0.746830 0.990018 0.767058 0.510167 0.000000 0.738162 0.494005 0.594385 0.564555 0.752354 0.635779 0.906557 0.798620 0.723088 0.830188 0.509571 0.739016 0.795798 0.996179 0.969296 0.927134 0.719169 0.816819 0.605368 0.717587 0.738336 0.681729 0.891702 0.805117 0.703278 0.617966 0.938600 0.954140 0.831117 0.978412 0.848666 0.969228 0.987738 0.954035 0.758671 0.730307 0.705859 0.741290 0.821000 0.726246 0.753509 0.903806 0.643530 0.807016 0.674303 0.586205 0.978013 0.962929 0.768284 0.839465 0.589010 0.678432 0.553342 0.589711 0.581985 0.628301 0.812453 0.940219 0.813546 0.763149 0.868290 0.886988 0.658168 0.814589 0.684797 0.678273 0.960137 0.892580 0.704751 0.870175 0.866556 0.830399 0.898248 0.893058 0.796712 0.885299 0.775824 0.714139 0.895775 0.824968 0.804432 0.919169 0.440077 0.467290 0.680875 0.674327 0.811978 0.910916 0.767152 0.867001 0.560303 0.622130 0.656026 0.490203 0.796652 0.628239 0.959582 0.788815 0.878403 0.769406 0.872709 0.895504 0.847496 0.772171 0.706501 0.860869 0.971826 0.978861
0.946948 0.862416 0.588499 0.685600 0.891964 0.861124 0.608435 0.738162 0.000000 0.820909 0.840178 0.964715 0.817573 0.998029 0.858561 0.815236 0.925391 0.996024 0.812368 0.985124 0.990497 0.801554 0.809907 0.897699 0.913785 0.771868 0.999715 0.900459 0.911986 0.939008 0.754839 0.887149 0.881646 0.862003 0.839929 0.856448 0.706253 0.983183 0.805049 0.840647 0.857043 0.983370 0.740785 0.813110 0.808148 0.919230 0.660931 0.705001 0.927147 0.771781 0.740555 0.735976 0.593877 0.651077 0.893215 0.954742 0.945201 0.881303 0.618191 0.735166 0.629237 0.841871 0.972389 0.996415 0.686189 0.706036 0.725854 0.841214 0.888186 0.910483 0.897212 0.900685 0.928383 0.927356 0.833999 0.866714 0.757305 0.956997 0.916496 0.962911 0.981042 0.914363 0.914502 0.943799 0.889631 0.960581 0.894003 0.851816 0.759683 0.839695 0.686822 0.753695 0.745807 0.786741 0.872018 0.907205 0.915655 0.883301 0.814716 0.794019 0.964826 0.846352 0.826568 0.985359 0.960791 0.654676 0.834957 0.796354 0.924677 0.981551 0.920756 0.954253 0.991051 0.972192 0.859832 0.871471
0.689636 0.750360 0.970368 0.934413 0.885545 0.718612 0.575551 0.494005 0.820909 0.000000 0.519157 0.622415 0.739499 0.750199 0.937256 0.849192 0.646737 0.671030 0.578084 0.705541 0.840757 0.945596 0.814521 0.792605 0.528261 0.578439 0.634882 0.701478 0.657008 0.574715 0.968912 0.913878 0.865887 0.621566 0.854877 0.920311 0.961827 0.877855 0.958115 0.870317 0.962741 0.988933 0.691979 0.644262 0.539856 0.565257 0.819170 0.712783 0.571283 0.818801 0.656184 0.853237 0.797277 0.788484 0.849194 0.911185 0.733049 0.822150 0.710233 0.922266 0.695781 0.838129 0.564612 0.612803 0.633525 0.736991 0.863153 0.858963 0.979650 0.907273 0.723595 0.803529 0.833067 0.714037 0.881472 0.840276 0.730825 0.934395 0.907325 0.880280 0.830422 0.793887 0.781732 0.859595 0.767907 0.692956 0.896590 0.907407 0.760610 0.739956 0.462532 0.520450 0.704682 0.843295 0.773183 0.940786 0.817514 0.867049 0.502999 0.581192 0.680462 0.702941 0.663376 0.606171 0.968414 0.942501 0.929865 0.785205 0.916694 0.983217 0.845846 0.620324 0.673328 0.865250 0.914117 0.878144
0.605441 0.725057 0.984440 0.867314 0.798382 0.714458 0.613178 0.594385 0.840178 0.519157 0.000000 0.592932 0.622401 0.690377 0.915116 0.932317 0.546868 0.515810 0.566644 0.618751 0.895627 0.974639 0.772907 0.726153 0.563613 0.606561 0.764096 0.666775 0.505609 0.483348 0.954649 0.925752 0.741741 0.591939 0.835446 0.953510 0.932980 0.758553 0.946498 0.936997 0.923923 0.934130 0.755116 0.659442 0.502540 0.545183 0.835365 0.649318 0.588451 0.716781 0.750689 0.771515 0.819591 0.819090 0.828916 0.968071 0.667146 0.744037 0.673819 0.881793 0.583853 0.846029 0.532502 0.629546 0.714107 0.855179 0.813714 0.770858 0.884441 0.814061 0.917312 0.974432 0.868144 0.763652 0.976752 0.796653 0.826499 0.825960 0.913715 0.764140 0.742375 0.669775 0.984887 0.849043 0.881321 0.770690 0.874220 0.878486 0.848661 0.676358 0.642791 0.661640 0.871025 0.923040 0.883717 0.964770 0.863998 0.998605 0.511122 0.554614 0.761702 0.772592 0.850162 0.807007 0.913089 0.965897 0.884911 0.904642 0.955964 0.876890 0.821332 0.702509 0.661734 0.909669 0.969537 0.970357
0.536631 0.528446 0.684832 0.855830 0.916511 0.696388 0.923835 0.564555 0.964715 0.622415 0.592932 0.000000 0.817090 0.603258 0.861620 0.705886 0.619210 0.617647 0.728169 0.611637 0.788728 0.967790 0.594622 0.702605 0.530089 0.531221 0.672827 0.662664 0.708175 0.574647 0.757759 0.934331 0.920248 0.816413 0.718087 0.961526 0.913348 0.984689 0.922028 0.866155 0.977058 0.871047 0.994555 0.817912 0.808213 0.745177 0.975898 0.812178 0.665618 0.945343 0.821949 0.979457 0.979019 0.920247 0.813988 0.959983 0.544936 0.557299 0.795275 0.752569 0.735713 0.626541 0.580391 0.426713 0.496869 0.780836 0.880078 0.998064 0.715300 0.738079 0.834236 0.967528 0.849891 0.750998 0.939257 0.956264 0.892155 0.968495 0.948256 0.949955 0.712373 0.732637 0.950674 0.692265 0.596656 0.597366 0.960184 0.968747 0.762029 0.767431 0.700197 0.738957 0.905622 0.934595 0.796670 0.951398 0.742756 0.779964 0.552397 0.700199 0.620767 0.786089 0.864414 0.591954 0.928049 0.891181 0.899466 0.956652 0.923925 0.864804 0.773770 0.757397 0.728974 0.849919 0.929562 0.974043
0.996861 0.822526 0.816652 0.994240 0.779168 0.769992 0.677514 0.752354 0.817573 0.739499 0.622401 0.817090 0.000000 0.709586 0.756174 0.783316 0.961349 0.959678 0.862396 0.990687 0.988719 0.957811 0.958635 0.903650 0.780309 0.838325 0.845978 0.819812 0.815889 0.805852 0.963441 0.963435 0.968682 0.892347 0.853162 0.951895 0.856535 0.770607 0.981031 0.945510 0.883655 0.750683 0.866495 0.869773 0.810482 0.849502 0.836198 0.774302 0.947325 0.985808 0.994844 0.961482 0.869667 0.896016 0.820025 0.889759 0.858205 0.800619 0.820136 0.978105 0.689880 0.923558 0.760710 0.966974 0.994495 0.917598 0.898799 0.934131 0.869553 0.917789 0.930005 0.965935 0.961973 0.980171 0.893943 0.766556 0.926688 0.983238 0.974653 0.918810 0.865077 0.963816 0.947212 0.917631 0.962017 0.828859 0.954786 0.917583 0.886882 0.772022 0.746796 0.817259 0.855000 0.870212 0.869160 0.926418 0.963840 0.954229 0.827034 0.855107 0.878211 0.768500 0.994279 0.997739 0.839560 0.979993 0.993796 0.933081 0.902959 0.913790 0.864247 0.948939 0.896316 0.920759 0.909613 0.957940
0.793384 0.848236 0.997986 0.912734 0.960128 0.893126 0.786634 0.635779 0.998029 0.750199 0.690377 0.603258 0.709586 0.000000 0.863293 0.720719 0.727527 0.720772 0.608952 0.703176 0.760950 0.950906 0.966989 0.987948 0.823696 0.776824 0.834348 0.690563 0.659967 0.636264 0.929548 0.850814 0.820591 0.781618 0.740785 0.988704 0.950217 0.949125 0.935835 0.897929 0.890538 0.980117 0.749149 0.752536 0.903956 0.901465 0.919945 0.762947 0.917364 0.889830 0.969872 0.920857 0.939086 0.943834 0.811246 0.940933 0.823228 0.914479 0.987265 0.984436 0.983780 0.965922 0.689386 0.805640 0.817977 0.891725 0.952038 0.953937 0.966255 0.987015 0.907824 0.987082 0.941942 0.804132 0.872997 0.833657 0.893833 0.921261 0.859128 0.836647 0.900959 0.871153 0.984312 0.972493 0.834546 0.816362 0.950799 0.963144 0.803465 0.670498 0.795397 0.840681 0.919048 0.979220 0.946969 0.886521 0.948161 0.904348 0.721446 0.729118 0.776415 0.701878 0.996935 0.796803 0.921584 0.814851 0.963774 0.930243 0.895879 0.853875 0.894598 0.789125 0.775207 0.969877 0.977399 0.913732
0.953226 0.769749 0.696376 0.849571 0.892631 0.953286 0.826776 0.906557 0.858561 0.937256 0.915116 0.861620 0.756174 0.863293 0.000000 0.727336 0.964722 0.990627 0.915959 0.974561 0.904014 0.994473 0.725700 0.739199 0.788031 0.770854 0.833287 0.851157 0.817628 0.996661 0.829187 0.832207 0.965376 0.980617 0.946813 0.925345 0.986462 0.817549 0.768563 0.909476 0.875647 0.840077 0.702018 0.827041 0.979211 0.980144 0.662954 0.742325 0.941547 0.948620 0.876771 0.947035 0.935532 0.928329 0.989413 0.846097 0.883784 0.819400 0.987997 0.774496 0.956611 0.742970 0.969423 0.804513 0.674705 0.920313 0.949688 0.971761 0.966734 0.835129 0.819526 0.930747 0.921316 0.848117 0.973198 0.875628 0.954930 0.996426 0.843401 0.782331 0.982579 0.983801 0.823705 0.922213 0.666660 0.850396 0.905746 0.947938 0.846631 0.984817 0.902539 0.892798 0.943228 0.875848 0.893270 0.937492 0.824759 0.862432 0.953193 0.901498 0.783506 0.970340 0.962186 0.893019 0.958016 0.932256 0.985031 0.836895 0.978930 0.919003 0.939080 0.906383 0.899092 0.972327 0.883108 0.986895
0.866306 0.992016 0.982714 0.870418 0.930107 0.812101 0.892189 0.798620 0.815236 0.849192 0.932317 0.705886 0.783316 0.720719 0.727336 0.000000 0.925595 0.993690 0.882261 0.857574 0.900416 0.922947 0.973004 0.792713 0.976149 0.981246 0.888717 0.988914 0.936068 0.912913 0.961832 0.902507 0.861673 0.926475 0.860576 0.834213 0.789296 0.990855 0.915873 0.954422 0.973260 0.946669 0.927377 0.981529 0.902749 0.935844 0.869757 0.872553 0.918936 0.886675 0.921858 0.915389 0.828108 0.943436 0.983033 0.848945 0.953735 0.966729 0.939237 0.943357 0.985804 0.955416 0.825909 0.831250 0.876554 0.832106 0.774300 0.705791 0.927256 0.996421 0.899169 0.870025 0.853908 0.897512 0.984676 0.990376 0.896514 0.917484 0.955140 0.994748 0.896358 0.898182 0.895449 0.783334 0.977300 0.890467 0.996122 0.866097 0.978105 0.961354 0.896337 0.991561 0.962509 0.954351 0.956570 0.981436 0.984674 0.962910 0.898233 0.948976 0.908885 0.870433 0.967548 0.815870 0.974844 0.919358 0.802677 0.893182 0.973911 0.981006 0.978596 0.991796 0.993947 0.911057 0.974069 0.990193
0.427303 0.480003 0.871540 0.908209 0.997484 0.905197 0.806625 0.723088 0.925391 0.646737 0.546868 0.619210 0.961349 0.727527 0.964722 0.925595 0.000000 0.351169 0.531485 0.505976 0.971447 0.943085 0.826586 0.833240 0.729580 0.705340 0.822068 0.741501 0.453820 0.489114 0.972700 0.863151 0.643498 0.604781 0.858586 0.988970 0.881252 0.949064 0.989949 0.927796 0.902521 0.931339 0.613253 0.585448 0.623913 0.660453 0.788213 0.656499 0.613737 0.739144 0.749294 0.834840 0.980314 0.987057 0.881678 0.905816 0.365768 0.479318 0.721787 0.931504 0.834275 0.957981 0.558517 0.522273 0.689064 0.852730 0.884229 0.880778 0.690243 0.708116 0.839568 0.825724 0.835647 0.746185 0.975141 0.861279 0.781494 0.801655 0.773075 0.700415 0.465871 0.579435 0.915379 0.777291 0.868376 0.911973 0.905647 0.869084 0.687660 0.857616 0.713961 0.765007 0.907390 0.977678 0.852931 0.875895 0.822437 0.989479 0.470926 0.451169 0.752289 0.880574 0.643695 0.678526 0.929697 0.929947 0.940876 0.864208 0.998084 0.914111 0.707883 0.675326 0.674776 0.974833 0.929852 0.946012
0.472327 0.477749 0.781288 0.784993 0.921501 0.890551 0.881025 0.830188 0.996024 0.671030 0.515810 0.617647 0.959678 0.720772 0.990627 0.993690 0.351169 0.000000 0.596208 0.459758 0.932297 0.947516 0.747033 0.796224 0.680143 0.600829 0.916442 0.737686 0.442375 0.451933 0.915811 0.874079 0.685742 0.611890 0.822361 0.988695 0.945969 0.973864 0.901226 0.975523 0.952366 0.929918 0.685969 0.595500 0.585077 0.590194 0.827445 0.634325 0.582657 0.690614 0.802493 0.803313 0.957837 0.922791 0.814269 0.937709 0.388694 0.480645 0.822479 0.980500 0.869906 0.991531 0.603046 0.570204 0.654933 0.833353 0.911473 0.885462 0.718801 0.694304 0.939207 0.953424 0.944569 0.755345 0.947851 0.872639 0.796793 0.761002 0.818781 0.771210 0.501322 0.554912 0.946203 0.801026 0.848725 0.886445 0.983983 0.888391 0.647239 0.818305 0.826977 0.839712 0.986110 0.948000 0.850524 0.870957 0.892943 0.960400 0.509750 0.523961 0.762439 0.986303 0.727356 0.742170 0.997325 0.871987 0.964801 0.883804 0.961674 0.978155 0.733365 0.631097 0.653542 0.959558 0.961434 0.989930
0.593231 0.713318 0.756909 0.773091 0.891644 0.919348 0.471841 0.509571 0.812368 0.578084 0.566644 0.728169 0.862396 0.608952 0.915959 0.882261 0.531485 0.596208 0.000000 0.612355 0.907383 0.915780 0.818763 0.917230 0.884218 0.823343 0.726761 0.796313 0.583124 0.608968 0.782887 0.622005 0.479516 0.472505 0.936136 0.987584 0.883692 0.986357 0.842487 0.995774 0.934996 0.973889 0.576773 0.655729 0.612142 0.696176 0.755548 0.613231 0.802495 0.846651 0.740525 0.798169 0.758185 0.742428 0.940912 0.979978 0.643303 0.755486 0.640532 0.935598 0.737214 0.990901 0.490686 0.722310 0.924309 0.993239 0.617971 0.688393 0.828709 0.856947 0.748352 0.860162 0.694748 0.660344 0.952970 0.766569 0.663514 0.688610 0.683753 0.732528 0.680609 0.648923 0.962134 0.907293 0.900935 0.962388 0.983141 0.940080 0.759299 0.889118 0.612167 0.582662 0.790472 0.807395 0.944065 0.852510 0.837383 0.946344 0.559860 0.505463 0.811244 0.622533 0.754349 0.753034 0.878841 0.891782 0.917331 0.843319 0.971653 0.874670 0.840084 0.742677 0.724495 0.985867 0.972012 0.992828
0.511425 0.481704 0.802075 0.977776 0.972369 0.934885 0.886048 0.739016 0.985124 0.705541 0.618751 0.611637 0.990687 0.703176 0.974561 0.857574 0.505976 0.459758 0.612355 0.000000 0.885439 0.898325 0.815477 0.961981 0.769093 0.701981 0.937487 0.781857 0.584446 0.611233 0.971381 0.800604 0.673707 0.693906 0.885084 0.932147 0.755705 0.894779 0.916080 0.954549 0.850947 0.875801 0.775352 0.716249 0.766192 0.785076 0.894174 0.737397 0.752331 0.835177 0.855029 0.902852 0.986329 0.989292 0.912108 0.994482 0.471665 0.496309 0.802640 0.890657 0.901973 0.901601 0.638502 0.566727 0.685037 0.879756 0.959140 0.940705 0.692092 0.696308 0.787092 0.871749 0.745872 0.676580 0.864851 0.945806 0.783989 0.739855 0.753379 0.833626 0.498902 0.587003 0.906920 0.740637 0.852217 0.898781 0.894581 0.912196 0.695506 0.851420 0.805896 0.758268 0.937416 0.982787 0.823594 0.961674 0.895042 0.919770 0.591644 0.629520 0.826574 0.918647 0.806117 0.658305 0.917112 0.871188 0.953448 0.851627 0.935854 0.983444 0.821415 0.729673 0.857898 0.902616 0.978424 0.895798
0.904444 0.904245 0.947247 0.996122 0.938204 0.992016 0.965328 0.795798 0.990497 0.840757 0.895627 0.788728 0.988719 0.760950 0.904014 0.900416 0.971447 0.932297 0.907383 0.885439 0.000000 0.989396 0.864281 0.892732 0.909190 0.888184 0.870523 0.882679 0.806281 0.841578 0.996423 0.963482 0.973439 0.982638 0.810985 0.908916 0.918777 0.966367 0.992625 0.882814 0.948804 0.999406 0.943217 0.986170 0.958758 0.918188 0.889479 0.997621 0.846988 0.963438 0.972872 0.978280 0.970315 0.990237 0.945806 0.823773 0.960317 0.926498 0.970514 0.934318 0.943473 0.766380 0.983978 0.827750 0.930409 0.990080 0.819590 0.952145 0.900790 0.993371 0.988524 0.924638 0.854371 0.964723 0.806612 0.891590 0.898145 0.936823 0.940379 0.975055 0.957413 0.964804 0.950264 0.900221 0.781049 0.726427 0.998793 0.886191 0.967181 0.966863 0.949614 0.904948 0.978244 0.882117 0.879725 0.959605 0.952284 0.945412 0.839627 0.985452 0.963719 0.957025 0.907987 0.882504 0.988442 0.978356 0.992198 0.999884 0.879332 0.921714 0.989540 0.832346 0.923190 0.849553 0.936678 0.884714
0.965825 0.927911 0.902958 0.995258 0.940597 0.871220 0.910742 0.996179 0.801554 0.945596 0.974639 0.967790 0.957811 0.950906 0.994473 0.922947 0.943085 0.947516 0.915780 0.898325 0.989396 0.000000 0.851383 0.912823 0.872862 0.900209 0.951691 0.890659 0.883042 0.994007 0.869575 0.897941 0.984629 0.980038 0.968700 0.955941 0.948457 0.987853 0.930012 0.971771 0.930754 0.956803 0.853366 0.934713 0.905423 0.893815 0.909921 0.834610 0.961502 0.884425 0.922457 0.836195 0.940992 0.920962 0.979340 0.871331 0.953846 0.948514 0.930751 0.981461 0.989479 0.955278 0.972101 0.904861 0.926080 0.907675 0.892501 0.923231 0.926465 0.969889 0.925199 0.979710 0.861137 0.973622 0.775542 0.996034 0.913893 0.974808 0.875611 0.912763 0.996557 0.960075 0.848812 0.917227 0.926028 0.950929 0.940723 0.993663 0.845637 0.921128 0.904072 0.992147 0.880794 0.937928 0.938412 0.719760 0.859974 0.920066 0.911549 0.913737 0.984061 0.972645 0.980878 0.984604 0.948444 0.970696 0.891963 0.857884 0.886780 0.898265 0.882374 0.904730 0.774001 0.930777 0.828371 0.915737
0.829906 0.711967 0.445986 0.503729 0.888994 0.859075 0.686217 0.969296 0.809907 0.814521 0.772907 0.594622 0.958635 0.966989 0.725700 0.973004 0.826586 0.747033 0.818763 0.815477 0.864281 0.851383 0.000000 0.395703 0.457245 0.566820 0.870150 0.756222 0.840654 0.739927 0.492338 0.677915 0.736023 0.926983 0.621028 0.917198 0.954756 0.937790 0.706825 0.876243 0.885984 0.940950 0.782301 0.989139 0.896888 0.808983 0.796410 0.903164 0.650296 0.834905 0.943052 0.994095 0.826411 0.830775 0.769322 0.877721 0.755309 0.719616 0.928220 0.829486 0.890616 0.697837 0.967885 0.598850 0.493766 0.707830 0.625762 0.843936 0.914677 0.809455 0.897583 0.852689 0.795561 0.900384 0.839628 0.857131 0.833569 0.840327 0.790003 0.897064 0.948036 0.977009 0.919260 0.776036 0.426086 0.464364 0.959649 0.903081 0.868100 0.874416 0.982365 0.959976 0.884569 0.763312 0.798474 0.947948 0.944853 0.722213 0.772704 0.992309 0.702428 0.822257 0.965865 0.817896 0.802117 0.823887 0.942737 0.822880 0.903968 0.955832 0.956948 0.809812 0.833217 0.900076 0.887082 0.966485
0.933565 0.855213 0.643037 0.525258 0.977617 0.866390 0.840982 0.927134 0.897699 0.792605 0.726153 0.702605 0.903650 0.987948 0.739199 0.792713 0.833240 0.796224 0.917230 0.961981 0.892732 0.912823 0.395703 0.000000 0.472975 0.585311 0.822495 0.757032 0.812618 0.738773 0.555460 0.665628 0.832937 0.976374 0.705856 0.982321 0.853425 0.864753 0.677693 0.956314 0.820352 0.980557 0.897519 0.932901 0.748030 0.723979 0.821878 0.986939 0.656351 0.777168 0.890424 0.923163 0.927647 0.903174 0.783876 0.859530 0.860452 0.847332 0.980266 0.777337 0.780270 0.770372 0.939994 0.704378 0.632106 0.812639 0.831760 0.964002 0.949978 0.867235 0.810468 0.731327 0.792216 0.809373 0.908991 0.900785 0.933544 0.881962 0.903657 0.941114 0.977292 0.919887 0.938762 0.879364 0.506052 0.504564 0.973128 0.879045 0.930798 0.871853 0.918160 0.958724 0.971781 0.883329 0.756796 0.995695 0.916132 0.812267 0.724462 0.906279 0.814574 0.943166 0.992607 0.899553 0.828754 0.966895 0.946486 0.770250 0.932224 0.939936 0.946835 0.784366 0.747119 0.805211 0.994921 0.975105
0.745763 0.764776 0.603528 0.584844 0.982968 0.779833 0.935162 0.719169 0.913785 0.528261 0.563613 0.530089 0.780309 0.823696 0.788031 0.976149 0.729580 0.680143 0.884218 0.769093 0.909190 0.872862 0.457245 0.472975 0.000000 0.419320 0.670468 0.637925 0.758744 0.593017 0.579501 0.808070 0.905159 0.860372 0.624371 0.936644 0.874542 0.810675 0.772544 0.841934 0.834306 0.982567 0.949151 0.857016 0.672289 0.651383 0.914846 0.901354 0.573699 0.867243 0.784087 0.928818 0.930317 0.932385 0.789164 0.943781 0.738890 0.772157 0.874827 0.892074 0.755998 0.783056 0.622695 0.505346 0.426802 0.590254 0.890618 0.997811 0.943504 0.871754 0.993378 0.957144 0.956137 0.913400 0.859412 0.992594 0.961414 0.990490 0.936105 0.960353 0.887489 0.835028 0.884324 0.789027 0.526100 0.529299 0.896363 0.947683 0.807150 0.815362 0.735101 0.779619 0.928046 0.993588 0.741367 0.940681 0.838195 0.782100 0.632553 0.772503 0.661179 0.924811 0.840968 0.672561 0.917589 0.912030 0.994350 0.982890 0.928856 0.840482 0.933039 0.705871 0.702884 0.774728 0.917965 0.898206
0.761211 0.669898 0.575857 0.581126 0.893667 0.767937 0.995098 0.816819 0.771868 0.578439 0.606561 0.531221 0.838325 0.776824 0.770854 0.981246 0.705340 0.600829 0.823343 0.701981 0.888184 0.900209 0.566820 0.585311 0.419320 0.000000 0.724802 0.623665 0.715243 0.532226 0.701139 0.886839 0.996425 0.882033 0.722560 0.941752 0.812653 0.881728 0.729430 0.842822 0.846584 0.954795 0.968960 0.894799 0.722205 0.670999 0.825475 0.932120 0.683147 0.903233 0.906858 0.983324 0.952919 0.939851 0.702728 0.941003 0.688671 0.675937 0.998995 0.977285 0.909003 0.916973 0.657728 0.588395 0.430535 0.601672 0.903497 0.992218 0.960738 0.901752 0.932882 0.981284 0.972689 0.796340 0.848697 0.992822 0.890649 0.908665 0.996789 0.981621 0.816738 0.720479 0.897098 0.837202 0.625149 0.680447 0.915488 0.986285 0.747831 0.737706 0.800955 0.805137 0.954579 0.976510 0.838613 0.947975 0.894795 0.834250 0.646010 0.739337 0.717085 0.945211 0.885587 0.700306 0.887915 0.750548 0.994907 0.931896 0.958179 0.931020 0.867663 0.692631 0.757526 0.799426 0.954213 0.926106
0.825206 0.895934 0.961805 0.978688 0.878307 0.806579 0.698837 0.605368 0.999715 0.634882 0.764096 0.672827 0.845978 0.834348 0.833287 0.888717 0.822068 0.916442 0.726761 0.937487 0.870523 0.951691 0.870150 0.822495 0.670468 0.724802 0.000000 0.808971 0.841742 0.731296 0.920223 0.908207 0.884621 0.850484 0.820495 0.914008 0.965387 0.969967 0.925934 0.881492 0.918394 0.943576 0.861316 0.926755 0.853487 0.840313 0.874728 0.952503 0.800180 0.938301 0.820273 0.970510 0.780585 0.812423 0.960347 0.937226 0.888320 0.921505 0.822897 0.961084 0.781150 0.863173 0.632857 0.670489 0.687122 0.748603 0.999090 0.916655 0.986723 0.921787 0.850878 0.856038 0.875187 0.886925 0.978499 0.904030 0.890663 0.875741 0.939949 0.943546 0.954746 0.863182 0.877372 0.802895 0.842771 0.758530 0.982062 0.973418 0.862226 0.969050 0.713810 0.758094 0.840706 0.948727 0.882037 0.984946 0.772643 0.882063 0.706105 0.743167 0.835830 0.742845 0.885496 0.712007 0.992703 0.930941 0.945627 0.945410 0.952895 0.997796 0.955104 0.946269 0.827799 0.956817 0.840854 0.977662
0.739943 0.757921 0.857439 0.848164 0.983530 0.993211 0.859501 0.717587 0.900459 0.701478 0.666775 0.662664 0.819812 0.690563 0.851157 0.988914 0.741501 0.737686 0.796313 0.781857 0.882679 0.890659 0.756222 0.757032 0.637925 0.623665 0.808971 0.000000 0.726967 0.590394 0.822359 0.981719 0.896469 0.784761 0.738159 0.959075 0.961097 0.987652 0.957890 0.913088 0.858331 0.979278 0.942634 0.817017 0.703627 0.733701 0.969849 0.875519 0.738115 0.918569 0.789047 0.898883 0.941329 0.845652 0.865009 0.904618 0.793557 0.806771 0.928881 0.892788 0.838447 0.849918 0.682750 0.721041 0.690843 0.849143 0.984978 0.934481 0.896141 0.967590 0.962425 0.966601 0.937003 0.778351 0.982734 0.952199 0.926956 0.850506 0.969198 0.814846 0.839093 0.762594 0.999275 0.871219 0.850634 0.826577 0.956145 0.946669 0.863877 0.690561 0.808717 0.831492 0.970360 0.970003 0.914886 0.879393 0.997181 0.837904 0.764336 0.719429 0.905223 0.868984 0.934401 0.867200 0.964846 0.860350 0.982092 0.964831 0.863928 0.869829 0.890591 0.844883 0.742828 0.855142 0.943762 0.919840
0.610362 0.663061 0.966054 0.873863 0.888895 0.825357 0.805654 0.738336 0.911986 0.657008 0.505609 0.708175 0.815889 0.659967 0.817628 0.936068 0.453820 0.442375 0.583124 0.584446 0.806281 0.883042 0.840654 0.812618 0.758744 0.715243 0.841742 0.726967 0.000000 0.430291 0.970417 0.885482 0.749713 0.662306 0.818510 0.971528 0.986058 0.953165 0.988507 0.978634 0.944352 0.925612 0.584173 0.554818 0.577120 0.601395 0.744033 0.620515 0.610230 0.706098 0.815663 0.782936 0.955968 0.971906 0.866667 0.960492 0.594192 0.675142 0.846964 0.942907 0.820747 0.934064 0.696664 0.698419 0.808852 0.927091 0.940110 0.869052 0.755513 0.826173 0.973750 0.943366 0.965827 0.827367 0.966005 0.786606 0.862864 0.740749 0.827103 0.718631 0.656898 0.731551 0.905593 0.841693 0.874205 0.828363 0.941015 0.903320 0.789145 0.810915 0.817735 0.849022 0.976466 0.894742 0.877013 0.884001 0.928343 0.952161 0.550274 0.588162 0.775469 0.864297 0.860434 0.873132 0.933681 0.948387 0.888500 0.880340 0.948533 0.955923 0.709967 0.734089 0.662927 0.916448 0.915696 0.983711
0.629275 0.630214 0.776116 0.759432 0.968317 0.828456 0.838083 0.681729 0.939008 0.574715 0.483348 0.574647 0.805852 0.636264 0.996661 0.912913 0.489114 0.451933 0.608968 0.611233 0.841578 0.994007 0.739927 0.738773 0.593017 0.532226 0.731296 0.590394 0.430291 0.000000 0.895927 0.966058 0.805498 0.687726 0.683140 0.948131 0.873075 0.898419 0.968048 0.960216 0.832583 0.976612 0.713102 0.605843 0.589748 0.592396 0.901103 0.667317 0.554946 0.791455 0.823829 0.855254 0.986790 0.996192 0.771574 0.971172 0.586630 0.662742 0.877414 0.953175 0.844009 0.927443 0.607695 0.594413 0.582604 0.745884 0.963675 0.921214 0.849039 0.922256 0.991840 0.938644 0.978019 0.838684 0.904020 0.939394 0.961266 0.870588 0.862462 0.700797 0.651323 0.657070 0.976676 0.844480 0.734208 0.707875 0.976317 0.982999 0.704867 0.671708 0.786597 0.861539 0.924607 0.914670 0.890737 0.961136 0.952002 0.970251 0.608768 0.650049 0.735394 0.821587 0.849813 0.768893 0.840677 0.830833 0.876866 0.974348 0.950459 0.998880 0.826924 0.774646 0.672310 0.944454 0.915405 0.948023
0.930904 0.902819 0.531734 0.528479 0.938434 0.982389 0.677194 0.891702 0.754839 0.968912 0.954649 0.757759 0.963441 0.929548 0.829187 0.961832 0.972700 0.915811 0.782887 0.971381 0.996423 0.869575 0.492338 0.555460 0.579501 0.701139 0.920223 0.822359 0.970417 0.895927 0.000000 0.620790 0.724619 0.807038 0.650886 0.947787 0.842247 0.978352 0.611872 0.815414 0.867220 0.968354 0.717390 0.893209 0.999905 0.940379 0.778445 0.876705 0.804719 0.957657 0.975351 0.934481 0.895250 0.866699 0.784957 0.897023 0.883765 0.852558 0.885861 0.942594 0.975765 0.853271 0.920705 0.733021 0.612244 0.736919 0.727538 0.871050 0.952940 0.910417 0.760606 0.790007 0.840679 0.842814 0.876914 0.754101 0.731950 0.830854 0.874859 0.794221 0.997867 0.955230 0.936560 0.824281 0.646593 0.668061 0.940528 0.974294 0.933924 0.969194 0.933491 0.910791 0.901864 0.785344 0.809683 0.959483 0.976002 0.813571 0.942180 0.951432 0.979652 0.749652 0.986603 0.873324 0.962864 0.792388 0.990076 0.763646 0.958408 0.952095 0.900672 0.935620 0.931647 0.853947 0.945150 0.968233
0.893114 0.921643 0.678950 0.687369 0.985007 0.929814 0.654434 0.805117 0.887149 0.913878 0.925752 0.934331 0.963435 0.850814 0.832207 0.902507 0.863151 0.874079 0.622005 0.800604 0.963482 0.897941 0.677915 0.665628 0.808070 0.886839 0.908207 0.981719 0.885482 0.966058 0.620790 0.000000 0.599473 0.634528 0.847228 0.886127 0.723920 0.979535 0.721091 0.774734 0.893116 0.947184 0.688223 0.851233 0.839525 0.899517 0.683924 0.696142 0.984281 0.879341 0.794481 0.775279 0.799926 0.752612 0.815840 0.987600 0.853051 0.934628 0.821289 0.968518 0.972456 0.874811 0.821915 0.952612 0.842124 0.867166 0.719182 0.765173 0.974792 0.947946 0.829469 0.783881 0.807608 0.713315 0.911216 0.755832 0.783562 0.591104 0.742417 0.774771 0.893155 0.798960 0.887503 0.966055 0.732702 0.715701 0.997006 0.993268 0.824723 0.898133 0.866836 0.825628 0.945807 0.825137 0.930847 0.922543 0.996285 0.989242 0.884348 0.799565 0.933366 0.846566 0.984265 0.890182 0.884002 0.876142 0.996478 0.782849 0.951935 0.993686 0.879789 0.883678 0.897070 0.911479 0.978200 0.982220
0.658829 0.691015 0.701054 0.729028 0.862556 0.991141 0.589689 0.703278 0.881646 0.865887 0.741741 0.920248 0.968682 0.820591 0.965376 0.861673 0.643498 0.685742 0.479516 0.673707 0.973439 0.984629 0.736023 0.832937 0.905159 0.996425 0.884621 0.896469 0.749713 0.805498 0.724619 0.599473 0.000000 0.517639 0.800312 0.847425 0.862986 0.832861 0.845915 0.882907 0.855810 0.998987 0.615925 0.712043 0.674740 0.775828 0.737060 0.683966 0.962357 0.822572 0.851879 0.814192 0.844258 0.833339 0.886924 0.991097 0.683653 0.764606 0.646687 0.863555 0.764369 0.988091 0.646155 0.847737 0.896723 0.798711 0.532066 0.542928 0.866506 0.860363 0.800227 0.851745 0.753734 0.713072 0.932347 0.776358 0.624081 0.656461 0.688468 0.663573 0.714588 0.662602 0.965200 0.957173 0.759266 0.735492 0.960490 0.891475 0.782140 0.996002 0.773859 0.714992 0.856960 0.816368 0.899820 0.802470 0.910729 0.875822 0.753154 0.659667 0.950001 0.717734 0.811527 0.882284 0.757651 0.834002 0.945942 0.913454 0.894631 0.901217 0.825949 0.931001 0.858276 0.978239 0.982516 0.900192
0.684730 0.698966 0.811700 0.897072 0.876109 0.869592 0.539452 0.617966 0.862003 0.621566 0.591939 0.816413 0.892347 0.781618 0.980617 0.926475 0.604781 0.611890 0.472505 0.693906 0.982638 0.980038 0.926983 0.976374 0.860372 0.882033 0.850484 0.784761 0.662306 0.687726 0.807038 0.634528 0.517639 0.000000 0.926184 0.837987 0.827463 0.919388 0.869129 0.995438 0.940973 0.984041 0.660222 0.634726 0.490172 0.587456 0.655259 0.610806 0.717791 0.697192 0.669079 0.650032 0.819872 0.712634 0.910331 0.979978 0.667860 0.780578 0.616402 0.878492 0.690277 0.918447 0.616469 0.779489 0.972275 0.907534 0.555290 0.532175 0.825781 0.796869 0.834698 0.923196 0.752503 0.705275 0.964772 0.694098 0.659288 0.625303 0.766696 0.753690 0.749189 0.719504 0.956266 0.899289 0.880506 0.937732 0.922360 0.959698 0.809183 0.922855 0.649423 0.665484 0.825745 0.763052 0.820200 0.847679 0.829144 0.947039 0.590006 0.600988 0.841200 0.712937 0.859038 0.885228 0.921053 0.836922 0.907855 0.820296 0.992466 0.930306 0.804643 0.690647 0.597425 0.982676 0.993298 0.897635
0.936644 0.923933 0.645702 0.676333 0.835895 0.974663 0.887175 0.938600 0.839929 0.854877 0.835446 0.718087 0.853162 0.740785 0.946813 0.860576 0.858586 0.822361 0.936136 0.885084 0.810985 0.968700 0.621028 0.705856 0.624371 0.722560 0.820495 0.738159 0.818510 0.683140 0.650886 0.847228 0.800312 0.926184 0.000000 0.980476 0.912972 0.917513 0.895915 0.972877 0.800618 0.955401 0.989130 0.906770 0.937156 0.878483 0.961732 0.979404 0.754555 0.995316 0.923147 0.984924 0.983130 0.976863 0.706494 0.950015 0.896429 0.945355 0.851142 0.911301 0.929349 0.930416 0.898807 0.823234 0.612459 0.674719 0.645676 0.735685 0.948757 0.988945 0.835167 0.944539 0.838524 0.945884 0.878102 0.966266 0.852830 0.924695 0.989843 0.996645 0.980303 0.957654 0.998256 0.844634 0.635797 0.609285 0.922007 0.998428 0.924578 0.752235 0.959896 0.881645 0.822749 0.768828 0.917549 0.898855 0.882981 0.844883 0.853582 0.987559 0.811784 0.917386 0.971417 0.772938 0.878905 0.792821 0.927714 0.933374 0.907074 0.988461 0.963681 0.837927 0.777009 0.806805 0.852297 0.970827
0.984662 0.923794 0.992076 0.959206 0.839615 0.828594 0.944784 0.954140 0.856448 0.920311 0.953510 0.961526 0.951895 0.988704 0.925345 0.834213 0.988970 0.988695 0.987584 0.932147 0.908916 0.955941 0.917198 0.982321 0.936644 0.941752 0.914008 0.959075 0.971528 0.948131 0.947787 0.886127 0.847425 0.837987 0.980476 0.000000 0.982212 0.890905 0.895847 0.906674 0.910902 0.983157 0.973599 0.987128 0.950664 0.965692 0.967389 0.957507 0.902230 0.983187 0.999130 0.998650 0.940593 0.979718 0.941196 0.948457 0.933067 0.944303 0.993378 0.911105 0.985915 0.957921 0.992419 0.994692 0.991149 0.888179 0.820085 0.781068 0.992309 0.938800 0.991822 0.955541 0.950741 0.908761 0.910633 0.999114 0.933274 0.886226 0.937674 0.985101 0.918461 0.989898 0.760965 0.991254 0.954464 0.855602 0.982576 0.938151 0.944658 0.893454 0.935546 0.890754 0.920595 0.993580 0.926017 0.855538 0.969291 0.993809 0.942650 0.925897 0.850520 0.976985 0.886854 0.977329 0.863790 0.912301 0.989458 0.999034 0.904848 0.905764 0.861466 0.963598 0.940475 0.951497 0.992198 0.955046
0.847887 0.840342 0.905228 0.693566 0.884260 0.999726 0.931394 0.831117 0.706253 0.961827 0.932980 0.913348 0.856535 0.950217 0.986462 0.789296 0.881252 0.945969 0.883692 0.755705 0.918777 0.948457 0.954756 0.853425 0.874542 0.812653 0.965387 0.961097 0.986058 0.873075 0.842247 0.723920 0.862986 0.827463 0.912972 0.982212 0.000000 0.726329 0.904647 0.845963 0.759469 0.952020 0.899466 0.979047 0.927597 0.878725 0.889582 0.950599 0.962204 0.929701 0.740810 0.829888 0.828144 0.799523 0.852558 0.910213 0.811699 0.816238 0.779207 0.742242 0.916433 0.808231 0.971683 0.871509 0.910188 0.794850 0.999166 0.987050 0.792776 0.798934 0.760179 0.743383 0.740762 0.769873 0.935653 0.875458 0.843439 0.816102 0.834670 0.955933 0.830536 0.913510 0.949474 0.844864 0.974331 0.944019 0.749097 0.958075 0.982971 0.779952 0.875628 0.863180 0.837400 0.852780 0.858129 0.999136 0.852415 0.914851 0.844842 0.918346 0.961023 0.920781 0.946357 0.894918 0.813489 0.847837 0.951710 0.778196 0.834423 0.919403 0.979686 0.941433 0.968625 0.959214 0.919638 0.926804
0.819201 0.769889 0.985141 0.768615 0.815573 0.877936 0.877137 0.978412 0.983183 0.877855 0.758553 0.984689 0.770607 0.949125 0.817549 0.990855 0.949064 0.973864 0.986357 0.894779 0.966367 0.987853 0.937790 0.864753 0.810675 0.881728 0.969967 0.987652 0.953165 0.898419 0.978352 0.979535 0.832861 0.919388 0.917513 0.890905 0.726329 0.000000 0.883331 0.962604 0.800436 0.916284 0.993367 0.939324 0.877267 0.883436 0.968323 0.904408 0.972352 0.954382 0.896725 0.927935 0.995336 0.997816 0.836259 0.934026 0.853937 0.791795 0.929330 0.824227 0.985646 0.786905 0.968004 0.846078 0.967249 0.788626 0.986674 0.982678 0.837662 0.933526 0.893983 0.774185 0.921936 0.909604 0.892018 0.995191 0.819779 0.906245 0.949793 0.965278 0.877276 0.924825 0.919182 0.894896 0.975215 0.850735 0.950609 0.986936 0.920292 0.787902 0.950163 0.882677 0.983947 0.930501 0.986666 0.969999 0.975488 0.964835 0.945122 0.941654 0.987957 0.914957 0.842870 0.919629 0.738649 0.881138 0.993777 0.985642 0.922598 0.936961 0.914803 0.945752 0.926571 0.989116 0.980667 0.792390
