0.000000 0.547167 0.653414 0.648913 0.967890 0.903606 0.548705 0.492489 0.826926 0.618895 0.611404 0.595521 0.577310 0.811938 0.978556 0.971653 0.556833 0.509115 0.558111 0.707748 0.843027 0.921660 0.931608 0.758097 0.993432 0.906609 0.825133 0.959390 0.803136 0.725100 0.953726 0.917479 0.594287 0.537915 0.769324 0.904417 0.984228 0.801616 0.775669 0.840131 0.850310 0.900492 0.671716 0.643199 0.749965 0.616925 0.620707 0.678672 0.741045 0.978173 0.977545 0.809966 0.823455 0.864573 0.745913 0.781143 0.540620 0.696720 0.648614 0.803926 0.439043 0.493211 0.475704 0.471550 0.830453 0.700636 0.755987 0.781723 0.837269 0.733775 0.920999 0.944574 0.996410 0.978628 0.975026 0.933100 0.717449 0.729324 0.798078 0.967982 0.559157 0.588631 0.945978 0.748686 0.812298 0.846666 0.907688 0.904745 0.798566 0.724752 0.769385 0.941720 0.797234 0.999669 0.868158 0.782022 0.793139 0.909201 0.637821 0.646729 0.791073 0.962874 0.785610 0.740649 0.939459 0.799294 0.912038 0.970633 0.858719 0.933177 0.847980 0.763345 0.869663 0.744426 0.987994 0.949210
0.547167 0.000000 0.933506 0.817815 0.918279 0.908523 0.890085 0.661001 0.992457 0.805621 0.826952 0.562736 0.697175 0.664728 0.884401 0.775043 0.554329 0.568935 0.695522 0.795564 0.983000 0.975321 0.967225 0.874309 0.949767 0.987414 0.977603 0.897306 0.742379 0.634147 0.972909 0.997618 0.634319 0.705344 0.847315 0.941748 0.964734 0.871978 0.900388 0.929610 0.922682 0.932966 0.763351 0.663550 0.740904 0.679662 0.778812 0.687772 0.713342 0.894181 0.978793 0.940094 0.988576 0.999153 0.826970 0.998654 0.587009 0.557825 0.737549 0.789172 0.665177 0.562711 0.639304 0.527131 0.959992 0.809061 0.954556 0.898710 0.808529 0.667821 0.895075 0.880623 0.914223 0.936594 0.964690 0.917612 0.862031 0.824037 0.809261 0.997639 0.631594 0.715296 0.992200 0.764630 0.986111 0.951689 0.979452 0.929245 0.903496 0.838650 0.992968 0.856085 0.992439 0.802899 0.826802 0.825672 0.854769 0.908858 0.757533 0.809847 0.897987 0.929463 0.804502 0.783937 0.983629 0.849081 0.921208 0.947416 0.965838 0.882003 0.999873 0.825215 0.892093 0.864325 0.818477 0.989100
0.653414 0.933506 0.000000 0.453555 0.890309 0.947248 0.343547 0.493523 0.698162 0.568547 0.731591 0.951513 0.863546 0.854309 0.811384 0.682742 0.874420 0.734929 0.725537 0.811892 0.823182 0.968183 0.892273 0.926273 0.877679 0.916910 0.878488 0.875109 0.985331 0.984592 0.873116 0.989846 0.586084 0.572655 0.734300 0.885494 0.954840 0.904002 0.839523 0.771676 0.856859 0.808731 0.680802 0.749579 0.757238 0.756783 0.699136 0.735363 0.962539 0.990579 0.921615 0.932331 0.831107 0.800450 0.770975 0.708702 0.814320 0.991266 0.620052 0.770884 0.488436 0.696589 0.671356 0.731965 0.538014 0.602815 0.494547 0.554570 0.967305 0.874273 0.969187 0.908403 0.945903 0.972266 0.899496 0.982544 0.733504 0.920799 0.943633 0.981840 0.654218 0.598692 0.977954 0.761928 0.624892 0.744431 0.864788 0.917691 0.785385 0.711042 0.567598 0.650194 0.510934 0.661249 0.817123 0.733451 0.689508 0.806442 0.544700 0.560858 0.755088 0.923887 0.804631 0.756088 0.782991 0.571911 0.900932 0.832198 0.853447 0.926355 0.732103 0.715523 0.802860 0.839625 0.967209 0.986826
0.648913 0.817815 0.453555 0.000000 0.999347 0.866412 0.504133 0.399728 0.889568 0.646911 0.679521 0.797486 0.955199 0.953259 0.687005 0.740508 0.949668 0.715601 0.794906 0.810843 0.816988 0.914698 0.980503 0.945779 0.844056 0.823566 0.957056 0.953207 0.931598 0.967290 0.852707 0.916473 0.650499 0.508091 0.657392 0.836008 0.913121 0.963724 0.715409 0.689537 0.808852 0.812297 0.630202 0.631075 0.747645 0.703202 0.650207 0.601846 0.910268 0.924548 0.917540 0.887541 0.759322 0.791489 0.868057 0.682279 0.921725 0.987233 0.680994 0.722659 0.585870 0.582263 0.734874 0.715227 0.590901 0.439386 0.414635 0.427186 0.792514 0.814387 0.770716 0.721648 0.975933 0.951413 0.985974 0.967840 0.706814 0.849416 0.864519 0.989171 0.669292 0.647679 0.872631 0.830258 0.808891 0.739288 0.815171 0.741303 0.937022 0.627873 0.669712 0.812559 0.547772 0.754608 0.785717 0.676991 0.681630 0.818968 0.527091 0.696955 0.734978 0.933167 0.715978 0.676826 0.755231 0.630783 0.878046 0.867507 0.814307 0.889410 0.732072 0.740018 0.976713 0.803239 0.963593 0.933215
0.967890 0.918279 0.890309 0.999347 0.000000 0.984603 0.863895 0.938852 0.769559 0.983069 0.792125 0.818043 0.917871 0.953565 0.657593 0.914003 0.866030 0.874740 0.810009 0.859660 0.888078 0.914467 0.570773 0.680232 0.894787 0.994759 0.922408 0.871513 0.878397 0.825633 0.794762 0.826803 0.997326 0.972298 0.901571 0.966679 0.916666 0.844264 0.942575 0.949978 0.998980 0.897947 0.794045 0.785012 0.974033 0.911044 0.989270 0.921744 0.988974 0.885423 0.872904 0.757477 0.784935 0.766573 0.951275 0.965685 0.852268 0.781410 0.891433 0.937359 0.893279 0.947711 0.843443 0.975816 0.676823 0.916576 0.908599 0.899337 0.903858 0.985546 0.990645 0.951987 0.711119 0.847535 0.961265 0.997984 0.936848 0.835064 0.869287 0.908212 0.824345 0.759873 0.692469 0.690537 0.593620 0.610913 0.781598 0.691785 0.778391 0.749898 0.941747 0.911849 0.978800 0.945558 0.971487 0.976504 0.935674 0.812358 0.974126 0.891340 0.967237 0.858952 0.763279 0.889915 0.906905 0.956703 0.912185 0.928209 0.857883 0.876223 0.976037 0.967304 0.978259 0.959744 0.985623 0.853560
0.903606 0.908523 0.947248 0.866412 0.984603 0.000000 0.957075 0.857896 0.981534 0.997197 0.930132 0.860584 0.830714 0.898312 0.929800 0.800440 0.921189 0.976860 0.966759 0.876712 0.877995 0.858006 0.899981 0.941814 0.954141 0.824530 0.855965 0.881444 0.927182 0.968021 0.994368 0.888306 0.947737 0.936670 0.846142 0.940652 0.937614 0.842741 0.867660 0.927822 0.852381 0.976419 0.979720 0.952131 0.874341 0.880409 0.928537 0.950126 0.964095 0.910241 0.937468 0.791187 0.981182 0.981490 0.922442 0.921025 0.952253 0.906412 0.997333 0.916985 0.928628 0.904342 0.917107 0.900968 0.872350 0.862478 0.984369 0.944304 0.882994 0.825460 0.824081 0.738122 0.972437 0.940368 0.987817 0.910403 0.868780 0.881751 0.923021 0.924408 0.991458 0.958764 0.810836 0.878155 0.927475 0.924900 0.940970 0.800192 0.983236 0.971357 0.921605 0.952561 0.861403 0.916511 0.941677 0.870137 0.955977 0.953542 0.927928 0.992872 0.937427 0.866981 0.981935 0.954471 0.975727 0.877792 0.876889 0.819274 0.972049 0.964912 0.835252 0.979459 0.939875 0.938338 0.827542 0.787923
0.548705 0.890085 0.343547 0.504133 0.863895 0.957075 0.000000 0.495153 0.632261 0.530489 0.727575 0.887169 0.706755 0.910987 0.886040 0.709730 0.789774 0.633256 0.622084 0.720693 0.871459 0.970288 0.889325 0.882220 0.970731 0.966300 0.832416 0.782557 0.973290 0.887299 0.902997 0.912918 0.551865 0.562899 0.726654 0.917585 0.986442 0.840020 0.830139 0.879895 0.827668 0.876911 0.715247 0.762663 0.791748 0.710417 0.750340 0.731025 0.937789 0.939703 0.930753 0.937959 0.787271 0.798574 0.787405 0.724777 0.749848 0.904197 0.592364 0.746285 0.370031 0.629416 0.519704 0.615433 0.582086 0.633064 0.569292 0.637549 0.974541 0.883074 0.979790 0.983534 0.959789 0.968289 0.930904 0.991726 0.741403 0.951496 0.877876 0.951689 0.572006 0.522805 0.990171 0.724337 0.574212 0.769387 0.902710 0.937070 0.748505 0.732236 0.542695 0.635142 0.553705 0.725763 0.800454 0.785490 0.682475 0.840778 0.533195 0.553846 0.812647 0.884061 0.824073 0.723408 0.825159 0.636302 0.943397 0.886771 0.811454 0.907566 0.715238 0.730580 0.858163 0.838286 0.943223 0.971695
0.492489 0.661001 0.493523 0.399728 0.938852 0.857896 0.495153 0.000000 0.876233 0.495414 0.539250 0.541585 0.739803 0.932712 0.706895 0.792320 0.777445 0.636647 0.681285 0.665735 0.889247 0.992244 0.850573 0.723786 0.890729 0.975783 0.839501 0.837856 0.928385 0.845850 0.996002 0.833318 0.638933 0.441424 0.744963 0.900425 0.974396 0.866034 0.706663 0.684021 0.883016 0.864276 0.631376 0.641667 0.846963 0.728484 0.655375 0.618975 0.967104 0.853763 0.907622 0.752631 0.613138 0.601571 0.764451 0.736921 0.833788 0.843519 0.501067 0.560767 0.441933 0.361243 0.640096 0.510900 0.784518 0.448714 0.549810 0.483463 0.997452 0.698924 0.861973 0.811303 0.910501 0.981808 0.966886 0.989257 0.580685 0.785398 0.872432 0.967865 0.665395 0.696891 0.724587 0.892465 0.956028 0.927926 0.739561 0.613790 0.851162 0.655872 0.760363 0.966748 0.647211 0.973991 0.824469 0.748422 0.618963 0.777852 0.490985 0.683181 0.664928 0.988031 0.648330 0.707224 0.811107 0.629831 0.969535 0.905550 0.825740 0.865772 0.705546 0.799436 0.946704 0.764576 0.979901 0.952760
0.826926 0.992457 0.698162 0.889568 0.769559 0.981534 0.632261 0.876233 0.000000 0.654495 0.938880 0.929054 0.791059 0.870186 0.871036 0.887482 0.869101 0.862043 0.844891 0.906463 0.966689 0.962392 0.699481 0.993740 0.895295 0.935466 0.903060 0.872844 0.821638 0.916080 0.915977 0.994891 0.832620 0.936873 0.926354 0.862985 0.965989 0.804968 0.898939 0.801766 0.897963 0.960738 0.889913 0.843976 0.994165 0.979415 0.963442 0.909621 0.940478 0.978511 0.972463 0.943484 0.886645 0.927405 0.985948 0.930066 0.796160 0.850645 0.905800 0.953828 0.642251 0.890742 0.630263 0.712368 0.685183 0.982556 0.945189 0.876112 0.803550 0.918042 0.867419 0.812157 0.992326 0.865207 0.871086 0.947213 0.942603 0.969603 0.807691 0.924290 0.731603 0.722946 0.739449 0.733859 0.611215 0.754213 0.863977 0.821597 0.823521 0.734683 0.831918 0.821069 0.821742 0.870246 0.952447 0.910071 0.834376 0.986924 0.915888 0.690682 0.944258 0.940185 0.985437 0.877374 0.825496 0.906536 0.993173 0.990509 0.887054 0.896525 0.863699 0.988201 0.980965 0.886568 0.946473 0.826794
0.618895 0.805621 0.568547 0.646911 0.983069 0.997197 0.530489 0.495414 0.654495 0.000000 0.596035 0.748047 0.788275 0.897605 0.798666 0.738225 0.800174 0.700773 0.590701 0.594727 0.856242 0.989843 0.941085 0.773077 0.743764 0.822497 0.730750 0.711904 0.886226 0.951620 0.959449 0.888005 0.657556 0.598539 0.805575 0.898448 0.930499 0.793079 0.939317 0.952477 0.999313 0.924127 0.887785 0.875065 0.961211 0.861159 0.790503 0.922911 0.993040 0.976729 0.933268 0.955325 0.697737 0.672379 0.796460 0.860246 0.820974 0.782670 0.543686 0.577947 0.507043 0.566267 0.575754 0.480497 0.918975 0.743185 0.688242 0.706438 0.759603 0.801811 0.934521 0.971262 0.944064 0.994160 0.837741 0.948251 0.753946 0.923971 0.943247 0.909117 0.676798 0.711223 0.820257 0.903816 0.844419 0.972061 0.778005 0.824764 0.801279 0.665841 0.709678 0.880600 0.655330 0.979375 0.897043 0.653656 0.537202 0.899378 0.591283 0.635118 0.755376 0.990089 0.620777 0.707742 0.683891 0.663691 0.988084 0.873748 0.826557 0.803207 0.774515 0.867860 0.984145 0.813267 0.958722 0.901757
0.611404 0.826952 0.731591 0.679521 0.792125 0.930132 0.727575 0.539250 0.938880 0.596035 0.000000 0.544879 0.733380 0.965944 0.661663 0.797780 0.779536 0.781048 0.751860 0.688410 0.796897 0.996914 0.648543 0.617479 0.862562 0.992738 0.748229 0.918432 0.917570 0.991700 0.790843 0.744370 0.834662 0.551864 0.822593 0.946518 0.962526 0.843915 0.800548 0.854664 0.830269 0.923200 0.735215 0.727041 0.986226 0.791651 0.740486 0.859570 0.988024 0.807416 0.745759 0.578991 0.601960 0.560947 0.840717 0.723506 0.919107 0.964558 0.706906 0.784319 0.668148 0.556731 0.719725 0.624633 0.909910 0.767262 0.757888 0.740302 0.775082 0.722509 0.910920 0.970770 0.830773 0.860242 0.977113 0.980994 0.632610 0.731441 0.870285 0.987572 0.802210 0.864429 0.712822 0.958337 0.845863 0.873783 0.707623 0.662825 0.867776 0.810048 0.842132 0.881543 0.765533 0.960956 0.938893 0.750384 0.721055 0.788577 0.750278 0.883953 0.722791 0.995442 0.656048 0.760854 0.992930 0.856703 0.977051 0.997327 0.899536 0.901574 0.878787 0.854079 0.920822 0.842325 0.932627 0.835025
0.595521 0.562736 0.951513 0.797486 0.818043 0.860584 0.887169 0.541585 0.929054 0.748047 0.544879 0.000000 0.585231 0.651852 0.858114 0.918404 0.712816 0.680378 0.730021 0.711115 0.999296 0.880852 0.650187 0.642922 0.796458 0.865317 0.883703 0.925807 0.884617 0.763449 0.767639 0.787917 0.876044 0.666286 0.861374 0.956191 0.989679 0.815126 0.813345 0.827474 0.945558 0.989413 0.738180 0.684957 0.971764 0.804831 0.810242 0.771025 0.934920 0.827584 0.793332 0.707817 0.697372 0.696769 0.742155 0.872919 0.803542 0.725993 0.665792 0.721904 0.637716 0.462296 0.704141 0.550923 0.888855 0.752866 0.960228 0.867531 0.812442 0.617605 0.974941 0.885798 0.872339 0.877813 0.975871 0.886380 0.653024 0.731548 0.836458 0.958220 0.779316 0.883402 0.755052 0.961014 0.780188 0.858869 0.877696 0.654705 0.867157 0.880940 0.942674 0.736726 0.988932 0.722088 0.909189 0.942408 0.816692 0.805709 0.788498 0.936197 0.802806 0.952773 0.750637 0.918854 0.993492 0.858153 0.941824 0.990031 0.955192 0.947232 0.915059 0.908139 0.990651 0.810279 0.950084 0.910843
0.577310 0.697175 0.863546 0.955199 0.917871 0.830714 0.706755 0.739803 0.791059 0.788275 0.733380 0.585231 0.000000 0.604929 0.740369 0.764280 0.703224 0.638000 0.656724 0.770350 0.998851 0.878359 0.937100 0.822209 0.801137 0.830787 0.840624 0.919984 0.773267 0.663192 0.906676 0.888971 0.860857 0.761318 0.927455 0.903205 0.938796 0.737298 0.948452 0.976371 0.899822 0.913863 0.892357 0.888770 0.996292 0.828641 0.776177 0.834123 0.913995 0.943441 0.885360 0.881617 0.865276 0.849087 0.778572 0.791682 0.685135 0.679138 0.734834 0.808423 0.524876 0.585256 0.600027 0.579005 0.952176 0.878557 0.889738 0.935440 0.801073 0.780497 0.816486 0.949863 0.988009 0.834217 0.954310 0.764422 0.841373 0.927436 0.894192 0.980863 0.719322 0.707410 0.953688 0.775145 0.840155 0.971234 0.881515 0.994125 0.719429 0.941486 0.981658 0.890435 0.941353 0.798550 0.975689 0.984410 0.947112 0.929117 0.834283 0.842189 0.979144 0.968183 0.963528 0.988011 0.979612 0.895738 0.803193 0.874864 0.959884 0.982696 0.957875 0.928148 0.916255 0.844808 0.932101 0.993928
0.811938 0.664728 0.854309 0.953259 0.953565 0.898312 0.910987 0.932712 0.870186 0.897605 0.965944 0.651852 0.604929 0.000000 0.644705 0.507354 0.774290 0.736558 0.822616 0.850477 0.893505 0.898489 0.967104 0.958106 0.989887 0.962637 0.924899 0.933353 0.832284 0.597381 0.865789 0.803155 0.948082 0.900532 0.863540 0.952244 0.957794 0.999836 0.874867 0.885561 0.988682 0.875168 0.879547 0.811197 0.931293 0.833117 0.748078 0.747229 0.880207 0.981237 0.960269 0.982469 0.953162 0.937949 0.837952 0.788018 0.828657 0.764248 0.956258 0.965123 0.870211 0.761063 0.837011 0.797613 0.980354 0.860572 0.869256 0.938376 0.959159 0.772985 0.933164 0.742612 0.943030 0.966592 0.855326 0.825239 0.967403 0.863930 0.854085 0.816154 0.842994 0.792709 0.798131 0.735863 0.988461 0.866983 0.911616 0.922080 0.934284 0.996710 0.824730 0.770860 0.745049 0.737461 0.990018 0.993028 0.857754 0.960481 0.975358 0.953070 0.999482 0.915296 0.932150 0.898390 0.880907 0.935360 0.861917 0.890290 0.868502 0.998332 0.915083 0.935773 0.973015 0.979885 0.850409 0.956583
0.978556 0.884401 0.811384 0.687005 0.657593 0.929800 0.886040 0.706895 0.871036 0.798666 0.661663 0.858114 0.740369 0.644705 0.000000 0.512419 0.837474 0.821814 0.926150 0.944374 0.911817 0.883741 0.583116 0.657480 0.939060 0.985176 0.866476 0.948777 0.764898 0.650159 0.719827 0.651525 0.950778 0.809362 0.930336 0.949941 0.981027 0.927571 0.850365 0.904472 0.930743 0.818925 0.747537 0.821553 0.986740 0.966409 0.990871 0.965658 0.885314 0.768092 0.952488 0.762924 0.657891 0.645903 0.978990 0.966695 0.757598 0.750005 0.783980 0.819533 0.983368 0.857188 0.890778 0.981146 0.839891 0.902179 0.664286 0.696679 0.967668 0.915974 0.984258 0.996520 0.790311 0.905815 0.988456 0.851550 0.807574 0.892070 0.861949 0.928786 0.855562 0.786226 0.564663 0.641730 0.670394 0.709576 0.616868 0.528807 0.902051 0.991431 0.813707 0.899458 0.645196 0.799407 0.940626 0.894095 0.762709 0.852374 0.800716 0.929134 0.757041 0.876552 0.635676 0.748639 0.922646 0.831699 0.788687 0.806357 0.989623 0.933976 0.783637 0.993954 0.922618 0.923008 0.887699 0.886568
0.971653 0.775043 0.682742 0.740508 0.914003 0.800440 0.709730 0.792320 0.887482 0.738225 0.797780 0.918404 0.764280 0.507354 0.512419 0.000000 0.916570 0.915161 0.999974 0.934236 0.945126 0.961371 0.878700 0.763471 0.934029 0.912890 0.834223 0.835764 0.882948 0.677029 0.820937 0.718944 0.959995 0.882883 0.836927 0.990116 0.936751 0.918467 0.971388 0.950346 0.999984 0.832258 0.884462 0.940906 0.926457 0.949016 0.940952 0.885860 0.895959 0.913279 0.925740 0.918224 0.750517 0.740760 0.942392 0.931880 0.872224 0.790441 0.800411 0.884122 0.870065 0.947135 0.936308 0.930715 0.991471 0.989698 0.705857 0.804175 0.901289 0.990351 0.919900 0.814677 0.822691 0.958090 0.971708 0.821729 0.909638 0.910389 0.909791 0.787041 0.949843 0.999324 0.739212 0.846263 0.948233 0.886048 0.731314 0.755609 0.945323 0.914685 0.720352 0.742786 0.593278 0.764365 0.895472 0.867364 0.706778 0.817657 0.810610 0.816961 0.888100 0.872837 0.746216 0.793993 0.916354 0.899207 0.850463 0.775333 0.891074 0.971273 0.698548 0.875489 0.889715 0.984538 0.816572 0.970043
0.556833 0.554329 0.874420 0.949668 0.866030 0.921189 0.789774 0.777445 0.869101 0.800174 0.779536 0.712816 0.703224 0.774290 0.837474 0.916570 0.000000 0.556717 0.634657 0.680328 0.963412 0.943597 0.926188 0.922544 0.935444 0.933336 0.972579 0.901883 0.710578 0.667775 0.986773 0.950175 0.710727 0.777738 0.770185 0.896543 0.883045 0.773533 0.934994 0.906105 0.955094 0.967192 0.901877 0.784370 0.790158 0.704043 0.836562 0.805548 0.777792 0.854342 0.998961 0.983047 0.966423 0.939412 0.754211 0.862294 0.592559 0.633150 0.838893 0.945505 0.636517 0.667568 0.527761 0.532674 0.916290 0.878970 0.987508 0.992830 0.735113 0.688915 0.966380 0.954830 0.951304 0.957503 0.979347 0.913823 0.855568 0.930327 0.786591 0.981670 0.534871 0.598452 0.869142 0.653584 0.796954 0.846438 0.941957 0.871933 0.835646 0.834990 0.868929 0.971296 0.978732 0.870871 0.899511 0.813532 0.827269 0.966844 0.835709 0.772081 0.949984 0.841202 0.884147 0.897588 0.927111 0.994236 0.936096 0.980882 0.998751 0.944724 0.917275 0.809402 0.779918 0.914428 0.937220 0.944068
0.509115 0.568935 0.734929 0.715601 0.874740 0.976860 0.633256 0.636647 0.862043 0.700773 0.781048 0.680378 0.638000 0.736558 0.821814 0.915161 0.556717 0.000000 0.585291 0.664312 0.923970 0.851261 0.844142 0.963542 0.930320 0.971599 0.983034 0.989662 0.702794 0.551111 0.859383 0.908438 0.574743 0.607413 0.755019 0.793389 0.911796 0.805071 0.869192 0.856115 0.863179 0.971485 0.774294 0.690763 0.749952 0.665363 0.656140 0.709985 0.790823 0.890496 0.996726 0.971268 0.966222 0.991387 0.626230 0.739570 0.513504 0.667610 0.758083 0.832357 0.502406 0.560041 0.439012 0.502221 0.747899 0.676551 0.799709 0.814107 0.941486 0.737629 0.862940 0.952797 0.841332 0.965202 0.967102 0.968702 0.856288 0.906741 0.754416 0.926631 0.412493 0.444340 0.865956 0.599244 0.697323 0.710673 0.925747 0.921802 0.776875 0.648947 0.848199 0.962801 0.925424 0.888085 0.807965 0.762878 0.873603 0.949243 0.758205 0.726271 0.947832 0.875598 0.940459 0.882694 0.845660 0.775367 0.944446 0.880370 0.844675 0.865548 0.895563 0.813680 0.859353 0.815228 0.901972 0.970214
0.558111 0.695522 0.725537 0.794906 0.810009 0.966759 0.622084 0.681285 0.844891 0.590701 0.751860 0.730021 0.656724 0.822616 0.926150 0.999974 0.634657 0.585291 0.000000 0.625685 0.942982 0.878252 0.844087 0.969643 0.900961 0.998481 0.928172 0.911530 0.702928 0.692702 0.864672 0.921625 0.644220 0.660476 0.741373 0.905192 0.991306 0.714802 0.948624 0.959417 0.951250 0.978615 0.961438 0.860341 0.970842 0.799987 0.816050 0.839683 0.994275 0.999999 0.938174 0.994372 0.851748 0.936486 0.713324 0.786605 0.683978 0.731064 0.808589 0.843272 0.542789 0.636734 0.477409 0.567124 0.872075 0.768066 0.860585 0.868626 0.794030 0.836227 0.874325 0.984352 0.822186 0.885513 0.954724 0.940024 0.864263 0.802184 0.847451 0.962832 0.562774 0.594519 0.948519 0.731017 0.712580 0.824380 0.911651 0.928623 0.769823 0.782781 0.809982 0.953014 0.872142 0.888743 0.900128 0.810827 0.750260 0.917250 0.749658 0.705629 0.893918 0.832062 0.814261 0.934138 0.879721 0.786172 0.989426 0.925065 0.990229 0.964824 0.871491 0.845062 0.857310 0.811859 0.964238 0.882949
0.707748 0.795564 0.811892 0.810843 0.859660 0.876712 0.720693 0.665735 0.906463 0.594727 0.688410 0.711115 0.770350 0.850477 0.944374 0.934236 0.680328 0.664312 0.625685 0.000000 0.931406 0.891685 0.967989 0.826514 0.825128 0.773679 0.848209 0.671391 0.836645 0.772262 0.955236 0.888334 0.767130 0.690699 0.792240 0.983970 0.962971 0.842211 0.912370 0.930471 0.936173 0.926620 0.893492 0.841753 0.995633 0.840089 0.884015 0.772811 0.955407 0.905136 0.991132 0.952083 0.779202 0.748034 0.950385 0.825833 0.784441 0.668135 0.601327 0.595418 0.656505 0.622590 0.665050 0.614246 0.971472 0.780602 0.849805 0.805655 0.841373 0.734894 0.971210 0.991290 0.882367 0.887510 0.817360 0.979086 0.795253 0.983748 0.824274 0.995165 0.719870 0.726951 0.966393 0.856490 0.923130 0.941843 0.867464 0.919946 0.810933 0.784378 0.905202 0.951999 0.918365 0.839008 0.953618 0.829050 0.741731 0.910814 0.780527 0.831200 0.761550 0.880515 0.780099 0.868646 0.886671 0.886938 0.962460 0.969046 0.890816 0.906929 0.734253 0.949578 0.961859 0.995007 0.968471 0.959517
0.843027 0.983000 0.823182 0.816988 0.888078 0.877995 0.871459 0.889247 0.966689 0.856242 0.796897 0.999296 0.998851 0.893505 0.911817 0.945126 0.963412 0.923970 0.942982 0.931406 0.000000 0.992905 0.990699 0.974882 0.869701 0.885711 0.874418 0.973302 0.894989 0.887556 0.964150 0.945306 0.898219 0.841234 0.923778 0.958619 0.820988 0.998522 0.951800 0.995052 0.973889 0.958866 0.829200 0.842496 0.904327 0.944449 0.778044 0.971896 0.912361 0.974876 0.965666 0.871698 0.825729 0.888447 0.868287 0.990377 0.908527 0.886658 0.874493 0.908183 0.949974 0.992814 0.958522 0.982793 0.881517 0.871526 0.745634 0.831405 0.976405 0.897549 0.992743 0.932443 0.966371 0.946205 0.967120 0.960118 0.915013 0.877933 0.951807 0.979572 0.973409 0.981106 0.869064 0.916448 0.937742 0.916733 0.986805 0.971506 0.952330 0.902121 0.891116 0.986712 0.865955 0.905129 0.905656 0.810109 0.853024 0.910356 0.956550 0.956351 0.814401 0.898948 0.914371 0.920868 0.930270 0.937475 0.947137 0.959948 0.832264 0.943469 0.950028 0.867166 0.848342 0.897056 0.926052 0.864130
0.921660 0.975321 0.968183 0.914698 0.914467 0.858006 0.970288 0.992244 0.962392 0.989843 0.996914 0.880852 0.878359 0.898489 0.883741 0.961371 0.943597 0.851261 0.878252 0.891685 0.992905 0.000000 0.991760 0.961615 0.954858 0.980493 0.931117 0.896273 0.951548 0.939229 0.984047 0.885747 0.980707 0.989582 0.958123 0.966663 0.998173 0.982420 0.985860 0.961445 0.941263 0.824462 0.948139 0.882647 0.933676 0.871084 0.999037 0.927352 0.991684 0.976951 0.906197 0.964175 0.961945 0.991461 0.843695 0.980698 0.784267 0.866405 0.978420 0.929133 0.923027 0.983983 0.872862 0.913320 0.960698 0.926303 0.944349 0.924622 0.999486 0.925786 0.968303 0.893390 0.850296 0.971303 0.947096 0.918922 0.926624 0.993106 0.913091 0.990425 0.956406 0.936312 0.862082 0.874839 0.956378 0.994854 0.765011 0.892206 0.947434 0.971177 0.942182 0.990429 0.865436 0.895540 0.994152 0.983901 0.952257 0.838708 0.933416 0.965769 0.939895 0.779248 0.973680 0.917386 0.947469 0.904581 0.962781 0.937337 0.930077 0.839544 0.925972 0.910911 0.989256 0.936525 0.968113 0.945110
0.931608 0.967225 0.892273 0.980503 0.570773 0.899981 0.889325 0.850573 0.699481 0.941085 0.648543 0.650187 0.937100 0.967104 0.583116 0.878700 0.926188 0.844142 0.844087 0.967989 0.990699 0.991760 0.000000 0.462102 0.776349 0.916099 0.860293 0.975963 0.887030 0.788197 0.535222 0.601134 0.839049 0.938097 0.841898 0.923194 0.888708 0.922373 0.814054 0.893049 0.881485 0.940264 0.799996 0.801011 0.940060 0.985025 0.951132 0.966492 0.904851 0.741372 0.715216 0.552365 0.688779 0.637482 0.984756 0.949485 0.810189 0.863771 0.871800 0.925896 0.970424 0.829193 0.830784 0.991537 0.582843 0.909723 0.985625 0.994792 0.857645 0.896635 0.893016 0.938109 0.653125 0.784697 0.866202 0.981469 0.824971 0.852960 0.814284 0.957152 0.747282 0.652415 0.533912 0.575385 0.419128 0.550352 0.741358 0.498553 0.919206 0.741284 0.974388 0.847698 0.983282 0.959730 0.967408 0.881617 0.928727 0.856339 0.969184 0.843250 0.852283 0.894560 0.765157 0.884095 0.762607 0.904594 0.957092 0.941039 0.892044 0.987017 0.999951 0.985281 0.997794 0.966178 0.909205 0.796466
0.758097 0.874309 0.926273 0.945779 0.680232 0.941814 0.882220 0.723786 0.993740 0.773077 0.617479 0.642922 0.822209 0.958106 0.657480 0.763471 0.922544 0.963542 0.969643 0.826514 0.974882 0.961615 0.462102 0.000000 0.718086 0.793927 0.710545 0.882864 0.992489 0.868753 0.577377 0.576195 0.970510 0.861510 0.923048 0.925349 0.953336 0.776631 0.898005 0.934209 0.900433 0.984218 0.814334 0.812278 0.987104 0.914391 0.994490 0.980148 0.981722 0.881932 0.746087 0.690312 0.760040 0.636552 0.989537 0.961503 0.958855 0.885531 0.656120 0.743323 0.776075 0.714146 0.974383 0.769222 0.686370 0.905222 0.982616 0.986752 0.718280 0.864078 0.912366 0.900483 0.679587 0.810579 0.997029 0.932389 0.750120 0.894835 0.868897 0.830056 0.965046 0.845303 0.616115 0.766725 0.600084 0.551832 0.758265 0.545364 0.883003 0.996636 0.857658 0.984449 0.823290 0.958199 0.933815 0.993695 0.907128 0.853781 0.798069 0.914779 0.828084 0.795729 0.634552 0.813077 0.907935 0.996043 0.942051 0.998219 0.943554 0.897992 0.833018 0.891058 0.990963 0.880937 0.944960 0.919449
0.993432 0.949767 0.877679 0.844056 0.894787 0.954141 0.970731 0.890729 0.895295 0.743764 0.862562 0.796458 0.801137 0.989887 0.939060 0.934029 0.935444 0.930320 0.900961 0.825128 0.869701 0.954858 0.776349 0.718086 0.000000 0.548482 0.798028 0.712747 0.890976 0.986402 0.700543 0.731731 0.865268 0.989031 0.904760 0.720027 0.850361 0.726180 0.905680 0.918287 0.891417 0.827673 0.706125 0.766495 0.670676 0.758117 0.801209 0.832107 0.774038 0.862477 0.787388 0.959705 0.799228 0.748123 0.969481 0.821762 0.860491 0.829409 0.775109 0.656921 0.892340 0.798681 0.974637 0.751834 0.658732 0.873560 0.806824 0.843599 0.684999 0.988747 0.828614 0.812778 0.877568 0.954269 0.854832 0.973392 0.981046 0.951487 0.821705 0.840658 0.867862 0.815387 0.687882 0.790049 0.724177 0.625316 0.883962 0.786702 0.960896 0.921194 0.889620 0.877333 0.904639 0.786012 0.867695 0.881014 0.935751 0.991004 0.968687 0.997079 0.933381 0.924636 0.823052 0.960616 0.929929 0.950121 0.785899 0.975363 0.967388 0.952611 0.994460 0.929563 0.926664 0.927853 0.944825 0.887716
0.906609 0.987414 0.916910 0.823566 0.994759 0.824530 0.966300 0.975783 0.935466 0.822497 0.992738 0.865317 0.830787 0.962637 0.985176 0.912890 0.933336 0.971599 0.998481 0.773679 0.885711 0.980493 0.916099 0.793927 0.548482 0.000000 0.890628 0.685190 0.965466 0.977124 0.732202 0.879890 0.874704 0.956556 0.892927 0.750750 0.776256 0.827865 0.831017 0.899658 0.872965 0.761394 0.806232 0.819598 0.863543 0.879199 0.888858 0.841061 0.837697 0.960593 0.909110 0.868739 0.868771 0.738567 0.930053 0.840880 0.957645 0.789431 0.724785 0.685852 0.909920 0.894217 0.960056 0.801172 0.723921 0.892439 0.798920 0.890218 0.787274 0.909774 0.752978 0.793883 0.883975 0.904650 0.866646 0.950396 0.877557 0.756676 0.855138 0.914263 0.921074 0.926822 0.853567 0.842005 0.881400 0.675617 0.937082 0.895816 0.921697 0.881653 0.818000 0.816550 0.838532 0.725449 0.807555 0.896638 0.905032 0.958572 0.980191 0.976116 0.933960 0.945486 0.979383 0.935871 0.850252 0.906231 0.814263 0.995642 0.952143 0.967406 0.885831 0.877264 0.904450 0.927937 0.905438 0.821106
0.825133 0.977603 0.878488 0.957056 0.922408 0.855965 0.832416 0.839501 0.903060 0.730750 0.748229 0.883703 0.840624 0.924899 0.866476 0.834223 0.972579 0.983034 0.928172 0.848209 0.874418 0.931117 0.860293 0.710545 0.798028 0.890628 0.000000 0.887316 0.875232 0.856794 0.948309 0.776780 0.870531 0.820853 0.831655 0.895091 0.876041 0.954900 0.963637 0.976501 0.895161 0.996637 0.810654 0.891588 0.866993 0.835758 0.941686 0.952225 0.866572 0.882592 0.975182 0.998897 0.887429 0.830951 0.937040 0.891058 0.844921 0.841032 0.706734 0.806295 0.838705 0.905441 0.891676 0.767969 0.877642 0.899459 0.921486 0.918415 0.677996 0.893745 0.942509 0.904477 0.812427 0.869333 0.990516 0.949260 0.944379 0.995361 0.944039 0.800506 0.989044 0.927742 0.847017 0.911701 0.959443 0.775983 0.934427 0.879987 0.826518 0.994896 0.855794 0.951891 0.823060 0.967666 0.945688 0.882360 0.829776 0.843693 0.801079 0.844463 0.857449 0.802025 0.697073 0.830905 0.845090 0.930027 0.962966 0.850831 0.869783 0.984493 0.825097 0.867730 0.900734 0.890694 0.947007 0.919447
0.959390 0.897306 0.875109 0.953207 0.871513 0.881444 0.782557 0.837856 0.872844 0.711904 0.918432 0.925807 0.919984 0.933353 0.948777 0.835764 0.901883 0.989662 0.911530 0.671391 0.973302 0.896273 0.975963 0.882864 0.712747 0.685190 0.887316 0.000000 0.922709 0.993043 0.949904 0.906954 0.940310 0.944489 0.996259 0.893729 0.937113 0.905858 0.975476 0.938895 0.994673 0.929222 0.946311 0.946234 0.919992 0.988654 0.984950 0.991854 0.996112 0.910020 0.921934 0.879352 0.828614 0.810220 0.948072 0.996290 0.959671 0.868771 0.710866 0.743132 0.770027 0.854887 0.893130 0.811011 0.945362 0.938876 0.958120 0.916443 0.975366 0.917420 0.954127 0.862479 0.904203 0.936675 0.863690 0.920695 0.899603 0.856973 0.974907 0.807986 0.927361 0.947083 0.929328 0.989260 0.939844 0.870504 0.940744 0.958258 0.874430 0.940846 0.892649 0.888303 0.912619 0.979426 0.989236 0.962660 0.762941 0.916354 0.861384 0.892243 0.967033 0.949474 0.971511 0.911061 0.938733 0.992273 0.914387 0.911163 0.776548 0.934455 0.829882 0.987734 0.976435 0.939283 0.947873 0.957043
0.803136 0.742379 0.985331 0.931598 0.878397 0.927182 0.973290 0.928385 0.821638 0.886226 0.917570 0.884617 0.773267 0.832284 0.764898 0.882948 0.710578 0.702794 0.702928 0.836645 0.894989 0.951548 0.887030 0.992489 0.890976 0.965466 0.875232 0.922709 0.000000 0.586382 0.972340 0.840060 0.860432 0.857342 0.991545 0.969778 0.994879 0.749123 0.938169 0.900175 0.909475 0.954341 0.854982 0.948857 0.869985 0.959372 0.931354 0.907506 0.918015 0.847861 0.748375 0.907372 0.908977 0.977589 0.885826 0.789850 0.773062 0.842582 0.951616 0.959708 0.834749 0.730294 0.727759 0.754480 0.993326 0.934439 0.828766 0.868041 0.904750 0.891058 0.931004 0.925692 0.787075 0.808090 0.931691 0.880747 0.904828 0.870402 0.894409 0.946048 0.772757 0.813167 0.836711 0.778006 0.926259 0.891983 0.941975 0.888051 0.900001 0.850003 0.908824 0.757901 0.821437 0.699072 0.947420 0.880344 0.956876 0.962983 0.978956 0.928385 0.859065 0.822788 0.992655 0.942945 0.940642 0.933943 0.888337 0.890128 0.858295 0.957134 0.936112 0.985247 0.798614 0.963790 0.962418 0.779732
0.725100 0.634147 0.984592 0.967290 0.825633 0.968021 0.887299 0.845850 0.916080 0.951620 0.991700 0.763449 0.663192 0.597381 0.650159 0.677029 0.667775 0.551111 0.692702 0.772262 0.887556 0.939229 0.788197 0.868753 0.986402 0.977124 0.856794 0.993043 0.586382 0.000000 0.801435 0.764686 0.744919 0.784358 0.894769 0.826005 0.937607 0.907650 0.939860 0.947562 0.996974 0.920960 0.946824 0.917482 0.980657 0.894764 0.749375 0.813859 0.845491 0.923802 0.971461 0.944246 0.911262 0.918159 0.742924 0.786935 0.664966 0.698733 0.919872 0.907034 0.730273 0.691166 0.642232 0.689051 0.838466 0.753130 0.920666 0.985204 0.978722 0.914000 0.934320 0.852254 0.778254 0.830220 0.937569 0.896618 0.961456 0.899855 0.741195 0.739850 0.680776 0.604401 0.728698 0.644100 0.760441 0.759630 0.790847 0.860889 0.834223 0.813114 0.841379 0.755600 0.784369 0.727307 0.884686 0.997636 0.982574 0.918140 0.903328 0.956830 0.884775 0.879409 0.863704 0.986272 0.948039 0.857148 0.974453 0.903317 0.988489 0.966985 0.957717 0.999961 0.867286 0.971810 0.931580 0.907121
0.953726 0.972909 0.873116 0.852707 0.794762 0.994368 0.902997 0.996002 0.915977 0.959449 0.790843 0.767639 0.906676 0.865789 0.719827 0.820937 0.986773 0.859383 0.864672 0.955236 0.964150 0.984047 0.535222 0.577377 0.700543 0.732202 0.948309 0.949904 0.972340 0.801435 0.000000 0.561929 0.683705 0.924571 0.774605 0.836029 0.934281 0.748667 0.974518 0.896263 0.980895 0.877693 0.902922 0.901159 0.717393 0.772788 0.752373 0.713627 0.700998 0.708327 0.646623 0.644919 0.772301 0.677842 0.962931 0.824703 0.833423 0.911647 0.894795 0.927315 0.999795 0.920890 0.886362 0.996339 0.716256 0.832283 0.805507 0.774987 0.756466 0.945626 0.690943 0.763577 0.739249 0.716824 0.986287 0.989405 0.957071 0.952320 0.864419 0.939908 0.802473 0.741575 0.668295 0.710532 0.589938 0.596137 0.906380 0.706894 0.939022 0.893415 0.884949 0.842233 0.890415 0.854411 0.964671 0.869800 0.895307 0.973889 0.834344 0.826943 0.972022 0.922400 0.861087 0.951920 0.905365 0.871603 0.974098 0.886729 0.886478 0.960874 0.915187 0.920278 0.929908 0.964967 0.954967 0.872411
0.917479 0.997618 0.989846 0.916473 0.826803 0.888306 0.912918 0.833318 0.994891 0.888005 0.744370 0.787917 0.888971 0.803155 0.651525 0.718944 0.950175 0.908438 0.921625 0.888334 0.945306 0.885747 0.601134 0.576195 0.731731 0.879890 0.776780 0.906954 0.840060 0.764686 0.561929 0.000000 0.855798 0.996601 0.935836 0.744680 0.996278 0.851723 0.920864 0.896161 0.934072 0.958410 0.933971 0.980821 0.867525 0.968931 0.865514 0.894186 0.975626 0.962949 0.862648 0.736485 0.727784 0.718052 0.889524 0.846203 0.894442 0.980217 0.718468 0.848879 0.905014 0.838958 0.961434 0.925556 0.777576 0.889420 0.958103 0.924222 0.765871 0.893075 0.940842 0.887337 0.735041 0.712922 0.970697 0.932852 0.887228 0.997542 0.881828 0.785549 0.947837 0.792814 0.600923 0.730705 0.670744 0.667332 0.726463 0.592572 0.903189 0.904309 0.870587 0.957260 0.789551 0.983237 0.932385 0.890187 0.913653 0.939811 0.952295 0.966222 0.893948 0.833817 0.736430 0.825547 0.920644 0.934248 0.960394 0.915641 0.898261 0.902457 0.965968 0.977756 0.904611 0.890673 0.992877 0.812907
0.594287 0.634319 0.586084 0.650499 0.997326 0.947737 0.551865 0.638933 0.832620 0.657556 0.834662 0.876044 0.860857 0.948082 0.950778 0.959995 0.710727 0.574743 0.644220 0.767130 0.898219 0.980707 0.839049 0.970510 0.865268 0.874704 0.870531 0.940310 0.860432 0.744919 0.683705 0.855798 0.000000 0.562839 0.712524 0.838328 0.973095 0.997596 0.971297 0.906623 0.813548 0.880476 0.679025 0.605012 0.625427 0.567369 0.775646 0.622694 0.704592 0.796643 0.885124 0.950104 0.976810 0.980299 0.795304 0.885150 0.601670 0.727615 0.722821 0.823562 0.573245 0.702295 0.565289 0.630069 0.751279 0.741070 0.649734 0.661219 0.937735 0.882707 0.861292 0.981829 0.953717 0.899629 0.929901 0.984907 0.808257 0.830147 0.842997 0.928470 0.549364 0.562358 0.893765 0.693105 0.676974 0.782213 0.971470 0.922158 0.852074 0.806569 0.706871 0.823575 0.709152 0.883993 0.722993 0.725378 0.737008 0.859723 0.588113 0.635418 0.867377 0.976500 0.871549 0.733503 0.928808 0.720029 0.874174 0.809946 0.885489 0.809982 0.814075 0.668469 0.787418 0.867701 0.992607 0.924452
0.537915 0.705344 0.572655 0.508091 0.972298 0.936670 0.562899 0.441424 0.936873 0.598539 0.551864 0.666286 0.761318 0.900532 0.809362 0.882883 0.777738 0.607413 0.660476 0.690699 0.841234 0.989582 0.938097 0.861510 0.989031 0.956556 0.820853 0.944489 0.857342 0.784358 0.924571 0.996601 0.562839 0.000000 0.731859 0.798956 0.898195 0.974357 0.773684 0.677616 0.854947 0.925053 0.655805 0.658977 0.828755 0.695332 0.642404 0.631208 0.926353 0.928939 0.950011 0.834587 0.666261 0.676074 0.763639 0.668278 0.764220 0.844735 0.654903 0.645077 0.550487 0.479785 0.603923 0.538821 0.826925 0.520726 0.542009 0.503242 0.963602 0.668780 0.968286 0.839388 0.959189 0.960137 0.966525 0.952077 0.754222 0.755401 0.843017 0.969407 0.646686 0.646239 0.849003 0.850638 0.844677 0.844776 0.886021 0.823096 0.835335 0.696288 0.805030 0.984519 0.736001 0.995902 0.879682 0.732234 0.686978 0.888957 0.550923 0.659945 0.712826 0.966189 0.720973 0.786572 0.844984 0.703347 0.931863 0.884661 0.897556 0.811878 0.745719 0.741646 0.840181 0.886789 0.986192 0.963151
0.769324 0.847315 0.734300 0.657392 0.901571 0.846142 0.726654 0.744963 0.926354 0.805575 0.822593 0.861374 0.927455 0.863540 0.930336 0.836927 0.770185 0.755019 0.741373 0.792240 0.923778 0.958123 0.841898 0.923048 0.904760 0.892927 0.831655 0.996259 0.991545 0.894769 0.774605 0.935836 0.712524 0.731859 0.000000 0.883601 0.909045 0.901106 0.987527 0.874939 0.995398 0.862231 0.770902 0.788593 0.686970 0.674700 0.802459 0.754367 0.789568 0.885185 0.845998 0.883572 0.988176 0.931635 0.817825 0.700086 0.862926 0.904208 0.931393 0.915952 0.749568 0.813227 0.714611 0.718618 0.774780 0.825565 0.733558 0.756311 0.946296 0.801336 0.819466 0.751542 0.918545 0.961994 0.945486 0.998570 0.932617 0.918063 0.774737 0.940762 0.645222 0.647315 0.866615 0.675531 0.739305 0.734598 0.872724 0.923914 0.975888 0.775497 0.747657 0.794822 0.682391 0.890245 0.867960 0.747367 0.734825 0.906004 0.697528 0.745322 0.981834 0.861119 0.842567 0.866323 0.997701 0.797582 0.969784 0.704150 0.845928 0.993875 0.826090 0.843734 0.953401 0.895198 0.814103 0.935164
0.904417 0.941748 0.885494 0.836008 0.966679 0.940652 0.917585 0.900425 0.862985 0.898448 0.946518 0.956191 0.903205 0.952244 0.949941 0.990116 0.896543 0.793389 0.905192 0.983970 0.958619 0.966663 0.923194 0.925349 0.720027 0.750750 0.895091 0.893729 0.969778 0.826005 0.836029 0.744680 0.838328 0.798956 0.883601 0.000000 0.787202 0.972698 0.921345 0.715985 0.941196 0.939460 0.847445 0.891759 0.883077 0.928819 0.874617 0.849961 0.972999 0.962575 0.932262 0.988938 0.942040 0.930931 0.840614 0.833276 0.866843 0.993783 0.971427 0.996458 0.923819 0.942878 0.924040 0.993224 0.767627 0.785107 0.788093 0.744241 0.795742 0.955439 0.779463 0.889655 0.867092 0.893953 0.895224 0.939359 0.917863 0.866415 0.883040 0.845150 0.879316 0.829696 0.984503 0.944788 0.904626 0.863826 0.992206 0.947748 0.928623 0.814516 0.991216 0.971681 0.953421 0.942693 0.752398 0.981252 0.970876 0.944613 0.912920 0.948723 0.980218 0.903235 0.914538 0.930498 0.987203 0.889373 0.807071 0.994285 0.929031 0.968446 0.970063 0.890184 0.918620 0.916186 0.854631 0.939459
0.984228 0.964734 0.954840 0.913121 0.916666 0.937614 0.986442 0.974396 0.965989 0.930499 0.962526 0.989679 0.938796 0.957794 0.981027 0.936751 0.883045 0.911796 0.991306 0.962971 0.820988 0.998173 0.888708 0.953336 0.850361 0.776256 0.876041 0.937113 0.994879 0.937607 0.934281 0.996278 0.973095 0.898195 0.909045 0.787202 0.000000 0.893272 0.994784 0.951361 0.935911 0.838300 0.938932 0.948178 0.955418 0.968510 0.966240 0.905442 0.955314 0.991570 0.954463 0.999777 0.934604 0.935848 0.869954 0.987358 0.884334 0.976069 0.993354 0.980851 0.999146 0.981764 0.995661 0.959675 0.819087 0.888479 0.934833 0.880988 0.956313 0.999235 0.866942 0.850998 0.942977 0.870007 0.870345 0.915440 0.954355 0.867952 0.791126 0.912562 0.932404 0.999675 0.922837 0.902353 0.921167 0.901314 0.971712 0.979674 0.963025 0.879822 0.941150 0.962214 0.899223 0.973051 0.995131 0.947874 0.909376 0.991844 0.945981 0.948542 0.956544 0.929878 0.846555 0.906290 0.951319 0.842554 0.943970 0.966421 0.967041 0.982907 0.995074 0.894960 0.900178 0.830316 0.805527 0.966542
0.801616 0.871978 0.904002 0.963724 0.844264 0.842741 0.840020 0.866034 0.804968 0.793079 0.843915 0.815126 0.737298 0.999836 0.927571 0.918467 0.773533 0.805071 0.714802 0.842211 0.998522 0.982420 0.922373 0.776631 0.726180 0.827865 0.954900 0.905858 0.749123 0.907650 0.748667 0.851723 0.997596 0.974357 0.901106 0.972698 0.893272 0.000000 0.967311 0.994352 0.992881 0.857947 0.796781 0.810540 0.740693 0.752802 0.903886 0.819051 0.769050 0.801563 0.665133 0.788947 0.900133 0.829190 0.958816 0.990361 0.919860 0.805559 0.872007 0.902200 0.701752 0.784209 0.790805 0.782420 0.984185 0.999771 0.837448 0.771667 0.797053 0.925418 0.802114 0.817278 0.939144 0.875701 0.942741 0.975703 0.912528 0.972998 0.951198 0.952950 0.878223 0.922554 0.877432 0.994576 0.970197 0.949705 0.972811 0.899066 0.804457 0.851878 0.980331 0.896763 0.906246 0.812966 0.873883 0.998688 0.974835 0.946989 0.982574 0.982773 0.905718 0.890064 0.944152 0.898442 0.995744 0.938261 0.968759 0.864364 0.988154 0.955496 0.994382 0.999934 0.949005 0.937684 0.987395 0.906204
