0.000000 0.223996 0.770762 0.465510 0.769201 0.669434 0.690752 0.572271 0.854052 0.757697 0.318072 0.320901 0.337260 0.390961 0.541914 0.434410 0.274560 0.314118 0.376678 0.345911 0.794331 0.859196 0.740547 0.727171 0.824103 0.971616 0.883482 0.980819 0.404552 0.441029 0.972767 0.923244 0.445704 0.490370 0.870680 0.665114 0.720149 0.639474 0.697364 0.686876 0.743949 0.766561 0.709643 0.675713 0.701922 0.603340 0.370408 0.371129 0.383054 0.414445 0.664985 0.579195 0.939497 0.740602 0.477340 0.426578 0.258534 0.217551 0.273031 0.308667 0.327683 0.408615 0.261439 0.280062 0.552411 0.330961 0.858817 0.822095 0.423812 0.396115 0.798519 0.840372 0.784914 0.651083 0.726278 0.814812 0.632822 0.745856 0.387593 0.488660 0.253692 0.276670 0.521041 0.354472 0.445508 0.488388 0.878476 0.910680 0.561225 0.401167 0.978147 0.930705 0.940804 0.927276 0.745177 0.750444 0.783473 0.862087 0.609115 0.683894 0.989204 0.998714 0.796284 0.824189 0.562116 0.608627 0.868312 0.989406 0.901538 0.905294 0.988646 0.540009 0.712426 0.980455 0.727872 0.976785
0.223996 0.000000 0.704358 0.410998 0.825653 0.639575 0.614543 0.539044 0.759246 0.729435 0.308912 0.323873 0.371111 0.371471 0.562956 0.357644 0.248689 0.267969 0.361492 0.296743 0.697047 0.994641 0.699816 0.647549 0.823271 0.905360 0.902698 0.908842 0.321539 0.366568 0.809691 0.732890 0.375141 0.402897 0.939200 0.675260 0.652066 0.630407 0.682963 0.677321 0.813726 0.681097 0.547747 0.518730 0.591753 0.507575 0.366604 0.357677 0.327005 0.367122 0.511284 0.470413 0.792185 0.851912 0.541984 0.432086 0.218277 0.187250 0.311219 0.356474 0.306776 0.417758 0.258893 0.262353 0.542301 0.374252 0.794331 0.698749 0.479252 0.414520 0.677835 0.708927 0.678351 0.546313 0.769946 0.824837 0.583719 0.640883 0.359175 0.412388 0.281010 0.333927 0.472040 0.398628 0.504580 0.500711 0.984472 0.917225 0.627852 0.446892 0.982156 0.987665 0.902516 0.935222 0.723332 0.747809 0.844261 0.869977 0.575523 0.603670 0.974813 0.970115 0.738788 0.776166 0.575807 0.556819 0.892461 0.972131 0.845735 0.978784 0.956747 0.515296 0.674116 0.893752 0.741772 0.938496
0.770762 0.704358 0.000000 0.436777 0.609515 0.863161 0.547120 0.703491 0.663995 0.768555 0.844164 0.851878 0.606109 0.777565 0.603865 0.600723 0.840331 0.772293 0.600707 0.652936 0.575298 0.847365 0.478571 0.630693 0.548671 0.511638 0.950349 0.930359 0.689014 0.747625 0.608140 0.723342 0.569438 0.644089 0.695603 0.856768 0.561384 0.843776 0.616420 0.750117 0.904274 0.773789 0.621616 0.660416 0.683669 0.685153 0.681932 0.650015 0.759161 0.744173 0.744513 0.769401 0.748038 0.922594 0.733946 0.895653 0.758964 0.694268 0.786162 0.706607 0.532091 0.791932 0.776119 0.777633 0.468762 0.638874 0.606736 0.674274 0.789499 0.644870 0.743147 0.756347 0.736225 0.728544 0.947464 0.758589 0.631061 0.668953 0.775517 0.738489 0.832163 0.823005 0.843859 0.901375 0.793924 0.854395 0.950512 0.834745 0.906159 0.768192 0.689532 0.686973 0.731610 0.738420 0.926617 0.758462 0.863880 0.850981 0.728664 0.618561 0.855881 0.774576 0.867235 0.844957 0.755169 0.708893 0.828315 0.767626 0.920948 0.969454 0.778692 0.735823 0.623660 0.796197 0.817185 0.909209
0.465510 0.410998 0.436777 0.000000 0.726175 0.590271 0.474554 0.355634 0.621523 0.574679 0.534099 0.386122 0.413438 0.379100 0.589353 0.381424 0.518553 0.472986 0.452776 0.373770 0.586607 0.977307 0.555131 0.526788 0.788233 0.683959 0.987941 0.906901 0.454298 0.464019 0.653212 0.746847 0.437449 0.449569 0.788593 0.740691 0.599373 0.726312 0.667660 0.800716 0.869522 0.837701 0.537861 0.564409 0.564627 0.546559 0.470411 0.460693 0.534851 0.499126 0.546098 0.539835 0.661940 0.875673 0.602800 0.667545 0.529521 0.424897 0.545102 0.478407 0.315828 0.378209 0.403965 0.372158 0.563285 0.309567 0.594893 0.624157 0.673893 0.449788 0.634962 0.702417 0.738426 0.683407 0.843166 0.611579 0.540820 0.609844 0.528556 0.553948 0.579107 0.532229 0.738418 0.731476 0.747994 0.729213 0.889066 0.835532 0.758446 0.621968 0.636907 0.754549 0.631020 0.779927 0.680989 0.622765 0.717378 0.823915 0.521612 0.512998 0.670412 0.738322 0.707533 0.689810 0.585122 0.565394 0.957156 0.875770 0.768348 0.924112 0.815696 0.567671 0.640127 0.785870 0.641568 0.883469
0.769201 0.825653 0.609515 0.726175 0.000000 0.794927 0.806279 0.824662 0.903500 0.930059 0.916938 0.870073 0.582696 0.828963 0.570376 0.641749 0.912720 0.883771 0.798432 0.927123 0.848395 0.965648 0.549122 0.601829 0.651467 0.825659 0.692012 0.991858 0.892842 0.844484 0.913700 0.969331 0.737251 0.933986 0.899938 0.855501 0.938248 0.974964 0.965478 0.717913 0.783183 0.900940 0.839196 0.882453 0.883329 0.832189 0.744624 0.756326 0.654760 0.777430 0.890537 0.850307 0.866520 0.842710 0.679585 0.816316 0.908057 0.788298 0.819339 0.726845 0.670169 0.788138 0.823991 0.799257 0.521740 0.657366 0.931980 0.944432 0.799807 0.661160 0.898948 0.817455 0.800809 0.996906 0.852893 0.888326 0.897331 0.884430 0.955008 0.744320 0.805272 0.750298 0.842387 0.762350 0.572481 0.676278 0.649031 0.901201 0.672852 0.694886 0.989364 0.943112 0.978780 0.989198 0.903826 0.957425 0.937750 0.966702 0.929857 0.857847 0.811025 0.977269 0.970727 0.931693 0.902300 0.883848 0.821802 0.952189 0.983773 0.946829 0.832921 0.979116 0.703991 0.988115 0.973097 0.935058
0.669434 0.639575 0.863161 0.590271 0.794927 0.000000 0.616068 0.550567 0.748681 0.671865 0.730622 0.594277 0.764104 0.628877 0.871498 0.560584 0.669242 0.624141 0.655100 0.597144 0.842851 0.926264 0.783464 0.772961 0.934965 0.996112 0.863557 0.960526 0.684710 0.635689 0.770932 0.770169 0.572121 0.631898 0.978775 0.696944 0.888642 0.990341 0.943059 0.923153 0.738186 0.966528 0.677707 0.709687 0.709576 0.708428 0.799915 0.704496 0.716007 0.672923 0.684766 0.650896 0.654035 0.812622 0.807526 0.802676 0.705743 0.749650 0.808781 0.727487 0.658741 0.638799 0.679797 0.575480 0.917327 0.629319 0.826508 0.737063 0.924348 0.825967 0.730263 0.813953 0.765659 0.805261 0.967355 0.840659 0.811880 0.645963 0.794184 0.714025 0.798896 0.786887 0.907559 0.886356 0.940244 0.962709 0.914204 0.873469 0.967395 0.829817 0.712267 0.866833 0.761920 0.786895 0.784923 0.802414 0.961792 0.758590 0.598065 0.728990 0.748347 0.830159 0.856324 0.777385 0.752227 0.903758 0.927342 0.923596 0.897230 0.964770 0.762996 0.698623 0.827224 0.775494 0.823099 0.905978
0.690752 0.614543 0.547120 0.474554 0.806279 0.616068 0.000000 0.316219 0.408899 0.380798 0.632940 0.613054 0.780095 0.709447 0.830452 0.522062 0.565467 0.478166 0.374122 0.494356 0.725281 0.918584 0.571081 0.768198 0.929844 0.914515 0.649571 0.863154 0.429474 0.363639 0.365588 0.439149 0.330559 0.277506 0.761755 0.969259 0.898168 0.843838 0.834225 0.932538 0.893440 0.862430 0.290019 0.379247 0.251819 0.364464 0.693294 0.535219 0.607496 0.625371 0.502415 0.525871 0.452778 0.557853 0.831247 0.854864 0.597258 0.720446 0.698614 0.833324 0.386484 0.618335 0.501583 0.481864 0.860613 0.689265 0.283027 0.321748 0.990841 0.803546 0.477265 0.440968 0.442959 0.390420 0.979535 0.672854 0.477084 0.447622 0.653447 0.638995 0.814367 0.872564 0.847298 0.974700 0.975187 0.913990 0.918108 0.839040 0.891091 0.931183 0.445793 0.574769 0.569437 0.694395 0.723629 0.592155 0.584394 0.643502 0.286911 0.259319 0.518188 0.520337 0.516947 0.629664 0.468756 0.662282 0.687073 0.732911 0.672695 0.860050 0.628392 0.420565 0.336641 0.703035 0.613603 0.912291
0.572271 0.539044 0.703491 0.355634 0.824662 0.550567 0.316219 0.000000 0.461397 0.277327 0.497008 0.329357 0.649205 0.450587 0.893041 0.563101 0.551088 0.477794 0.486571 0.443873 0.878955 0.931560 0.775099 0.838899 0.809610 0.967259 0.643807 0.888741 0.407187 0.381526 0.645163 0.689288 0.476665 0.367815 0.821471 0.834659 0.888669 0.837616 0.875047 0.986825 0.878594 0.961291 0.453336 0.511420 0.353404 0.368751 0.588162 0.474270 0.488320 0.500310 0.457283 0.457326 0.491216 0.643051 0.694495 0.662271 0.654841 0.633217 0.577903 0.606820 0.313864 0.278099 0.381367 0.287937 0.904397 0.447147 0.459939 0.421323 0.918153 0.639387 0.619621 0.624441 0.628443 0.595868 0.848649 0.661390 0.508316 0.597719 0.586714 0.684440 0.706211 0.734393 0.909643 0.894830 0.994221 0.961774 0.905533 0.836030 0.918192 0.749624 0.514678 0.712130 0.566041 0.777249 0.748188 0.683429 0.612195 0.691119 0.358731 0.386835 0.476956 0.661492 0.593271 0.673539 0.490420 0.639951 0.838434 0.882710 0.701697 0.814337 0.711297 0.489140 0.501589 0.753948 0.647195 0.881325
0.854052 0.759246 0.663995 0.621523 0.903500 0.748681 0.408899 0.461397 0.000000 0.371423 0.651531 0.640344 0.871574 0.836255 0.903638 0.659715 0.700083 0.583638 0.649640 0.602304 0.736722 0.855225 0.825575 0.999440 0.845234 0.803968 0.749022 0.848915 0.470776 0.551503 0.493458 0.624248 0.592831 0.466848 0.810784 0.941939 0.754457 0.869213 0.770455 0.852301 0.776824 0.850824 0.494331 0.581349 0.518174 0.647769 0.974831 0.783654 0.790261 0.849891 0.740993 0.791012 0.600803 0.686828 0.989935 0.937166 0.691460 0.845649 0.960083 0.938255 0.621854 0.649993 0.641522 0.608806 0.905902 0.791808 0.502686 0.596279 0.905356 0.756184 0.441813 0.481911 0.528472 0.540231 0.969846 0.708812 0.593313 0.621889 0.727473 0.689662 0.937901 0.947949 0.938049 0.934497 0.854011 0.778699 0.840172 0.770607 0.786377 0.940871 0.460374 0.509305 0.587368 0.541147 0.674126 0.789980 0.824982 0.716589 0.510432 0.476543 0.561081 0.634398 0.644830 0.803405 0.659716 0.831610 0.810533 0.816035 0.849423 0.992382 0.730235 0.622885 0.670244 0.789572 0.781369 0.842748
0.757697 0.729435 0.768555 0.574679 0.930059 0.671865 0.380798 0.277327 0.371423 0.000000 0.608721 0.519735 0.894427 0.738253 0.991271 0.696397 0.621750 0.516814 0.567510 0.534645 0.903183 0.928966 0.910786 0.913684 0.764811 0.985205 0.644192 0.819884 0.437792 0.455617 0.547278 0.670069 0.582733 0.409440 0.769417 0.996289 0.875048 0.812057 0.940298 0.972532 0.911226 0.927787 0.518622 0.581228 0.433191 0.534911 0.873705 0.704403 0.705973 0.792894 0.680334 0.714112 0.623216 0.667350 0.937751 0.883225 0.735216 0.845856 0.821072 0.950508 0.552673 0.499337 0.535608 0.449394 0.945990 0.727949 0.477325 0.521380 0.926276 0.775788 0.464438 0.469281 0.599097 0.495796 0.954231 0.712905 0.619477 0.601143 0.659122 0.746343 0.836858 0.963064 0.953780 0.880314 0.791174 0.713470 0.783644 0.696519 0.886510 0.960827 0.400560 0.528681 0.495049 0.585126 0.786070 0.741277 0.683961 0.684978 0.354044 0.422980 0.490606 0.576130 0.592614 0.728831 0.610242 0.766725 0.885714 0.903333 0.774524 0.895520 0.589512 0.525563 0.558866 0.854864 0.757813 0.817830
0.318072 0.308912 0.844164 0.534099 0.916938 0.730622 0.632940 0.497008 0.651531 0.608721 0.000000 0.287370 0.486823 0.396299 0.661102 0.502939 0.299621 0.293979 0.408839 0.382516 0.800647 0.838451 0.916590 0.863626 0.938132 0.961499 0.987499 0.946314 0.318618 0.334188 0.860114 0.842071 0.481065 0.448627 0.934158 0.664470 0.699655 0.570163 0.645508 0.652426 0.781157 0.781186 0.602546 0.595088 0.657362 0.592884 0.518151 0.537825 0.458826 0.565523 0.628717 0.619874 0.872606 0.885807 0.633408 0.581783 0.319428 0.329382 0.417504 0.520177 0.385383 0.385754 0.292281 0.262362 0.761861 0.436573 0.840965 0.734097 0.615185 0.510208 0.705226 0.715128 0.617020 0.580036 0.747996 0.696414 0.549498 0.756133 0.360216 0.523630 0.344797 0.381649 0.645119 0.493907 0.684804 0.679126 0.900524 0.900430 0.734976 0.529320 0.962419 0.970712 0.969772 0.983912 0.695284 0.762943 0.850736 0.873149 0.611788 0.741033 0.916098 0.970559 0.701101 0.841811 0.624849 0.709807 0.781972 0.892477 0.828004 0.890611 0.971955 0.582950 0.621811 0.974883 0.713574 0.823566
0.320901 0.323873 0.851878 0.386122 0.870073 0.594277 0.613054 0.329357 0.640344 0.519735 0.287370 0.000000 0.410733 0.265572 0.673439 0.431106 0.375930 0.352479 0.473161 0.372836 0.818653 0.856476 0.858366 0.769090 0.915132 0.938714 0.929635 0.975202 0.354644 0.385596 0.911623 0.892534 0.497554 0.464653 0.941663 0.713962 0.806280 0.706679 0.758873 0.795883 0.846600 0.870771 0.659523 0.634558 0.628415 0.534787 0.449963 0.447207 0.422464 0.416963 0.535148 0.486173 0.726463 0.965489 0.576608 0.526899 0.429385 0.349723 0.426801 0.419538 0.320498 0.192585 0.261329 0.204691 0.765233 0.268194 0.816530 0.693592 0.624323 0.454510 0.752177 0.767676 0.740356 0.675754 0.737402 0.728950 0.595650 0.731635 0.430636 0.571970 0.394290 0.409203 0.678593 0.511210 0.701891 0.690390 0.961661 0.980181 0.652704 0.568890 0.808766 0.955082 0.803477 0.974308 0.727625 0.764451 0.772192 0.791991 0.572861 0.661171 0.760226 0.933926 0.759848 0.782779 0.524711 0.650020 0.859349 0.940728 0.817660 0.881837 0.940541 0.549711 0.719967 0.967563 0.717835 0.849859
0.337260 0.371111 0.606109 0.413438 0.582696 0.764104 0.780095 0.649205 0.871574 0.894427 0.486823 0.410733 0.000000 0.352779 0.300829 0.333613 0.524842 0.566408 0.516169 0.510479 0.729507 0.958367 0.462245 0.462734 0.714402 0.869488 0.676244 0.779534 0.562155 0.621746 0.939169 0.926546 0.558704 0.651111 0.972888 0.720580 0.669358 0.819188 0.709083 0.616618 0.857013 0.803380 0.799265 0.812132 0.833232 0.707666 0.400795 0.433152 0.414715 0.476512 0.701010 0.624269 0.909085 0.759304 0.549068 0.534083 0.521854 0.312070 0.409009 0.303027 0.349151 0.407487 0.464508 0.462726 0.322484 0.236619 0.963280 0.920744 0.524360 0.342400 0.995945 0.956346 0.955704 0.875212 0.701814 0.774494 0.727432 0.860327 0.594176 0.529547 0.442986 0.326325 0.528980 0.407492 0.351086 0.383863 0.847158 0.847104 0.476323 0.448706 0.982118 0.898229 0.996981 0.929497 0.767645 0.799021 0.918571 0.954069 0.785378 0.800838 0.892837 0.951559 0.979078 0.983861 0.758412 0.685573 0.883481 0.952229 0.881213 0.975773 0.978092 0.745630 0.811974 0.976151 0.738609 0.872170
0.390961 0.371471 0.777565 0.379100 0.828963 0.628877 0.709447 0.450587 0.836255 0.738253 0.396299 0.265572 0.352779 0.000000 0.551184 0.390123 0.464437 0.450834 0.483769 0.443627 0.845447 0.929506 0.685062 0.535824 0.945665 0.960592 0.997150 0.877339 0.455188 0.440502 0.967161 0.869390 0.521591 0.589560 0.916117 0.664809 0.762107 0.765589 0.786394 0.759031 0.836496 0.954392 0.690677 0.630126 0.696908 0.552582 0.434193 0.477245 0.448436 0.383422 0.498405 0.458145 0.717677 0.970142 0.532749 0.494393 0.534646 0.354531 0.435207 0.373437 0.371873 0.308485 0.392857 0.318936 0.695225 0.274807 0.946466 0.811957 0.720095 0.552620 0.921830 0.865186 0.876424 0.841221 0.796134 0.736766 0.660371 0.841085 0.460975 0.553759 0.458525 0.368910 0.598285 0.461103 0.667107 0.587305 0.940357 0.874800 0.584618 0.506105 0.952483 0.845689 0.956288 0.867870 0.782187 0.808548 0.832508 0.939450 0.711855 0.796847 0.864411 0.963875 0.841563 0.851075 0.717712 0.706680 0.923082 0.954129 0.804066 0.911777 0.970188 0.727484 0.805575 0.916865 0.670358 0.870401
0.541914 0.562956 0.603865 0.589353 0.570376 0.871498 0.830452 0.893041 0.903638 0.991271 0.661102 0.673439 0.300829 0.551184 0.000000 0.314004 0.631804 0.632710 0.548578 0.618666 0.629642 0.930567 0.338432 0.399507 0.606595 0.741108 0.576578 0.759266 0.682872 0.681120 0.908015 0.965991 0.594236 0.763645 0.985405 0.819436 0.687707 0.856283 0.771331 0.623361 0.843738 0.833448 0.851174 0.850326 0.959802 0.910585 0.653965 0.657554 0.677841 0.734627 0.911498 0.863032 0.990204 0.726641 0.700128 0.796480 0.582341 0.458845 0.645199 0.603933 0.567730 0.729216 0.667967 0.701275 0.342889 0.467794 0.977561 0.953425 0.504759 0.511826 0.946689 0.945019 0.926916 0.856596 0.820904 0.771869 0.856149 0.893787 0.759136 0.518673 0.565433 0.485133 0.546772 0.555951 0.426640 0.435493 0.847420 0.826697 0.584914 0.626201 0.991455 0.927626 0.963467 0.957218 0.734359 0.820741 0.976591 0.984305 0.867500 0.866553 0.768239 0.978308 0.944710 0.965483 0.878057 0.857668 0.995415 0.936699 0.903131 0.886811 0.931339 0.871665 0.822310 0.957319 0.771904 0.894560
0.434410 0.357644 0.600723 0.381424 0.641749 0.560584 0.522062 0.563101 0.659715 0.696397 0.502939 0.431106 0.333613 0.390123 0.314004 0.000000 0.425527 0.416045 0.361819 0.377349 0.647070 0.925456 0.354855 0.394901 0.835713 0.831738 0.810801 0.866120 0.446863 0.436067 0.677522 0.744441 0.371219 0.479567 0.986201 0.721353 0.654542 0.733171 0.753129 0.711273 0.733767 0.774129 0.560589 0.567538 0.654422 0.619421 0.552709 0.495654 0.493247 0.531878 0.617696 0.569622 0.698278 0.969859 0.706225 0.751467 0.417136 0.377635 0.591473 0.575811 0.402836 0.520820 0.455112 0.444311 0.477315 0.372165 0.783835 0.781764 0.566945 0.513483 0.697117 0.655232 0.765764 0.632607 0.813369 0.739852 0.659705 0.647234 0.563642 0.463347 0.527305 0.517162 0.550064 0.607674 0.584647 0.593087 0.984625 0.959001 0.658545 0.659334 0.740031 0.854969 0.805575 0.879289 0.646137 0.706209 0.908914 0.820032 0.595490 0.574661 0.928290 0.856565 0.831508 0.860887 0.683856 0.764652 0.926114 0.967529 0.779157 0.923461 0.859605 0.571181 0.655182 0.921419 0.715778 0.873608
0.274560 0.248689 0.840331 0.518553 0.912720 0.669242 0.565467 0.551088 0.700083 0.621750 0.299621 0.375930 0.524842 0.464437 0.631804 0.425527 0.000000 0.190912 0.342931 0.314918 0.731570 0.997770 0.805022 0.780535 0.988908 0.974028 0.985458 0.953015 0.304569 0.276479 0.726451 0.674118 0.396670 0.378154 0.858574 0.694649 0.734701 0.645527 0.838487 0.739051 0.789160 0.710617 0.508999 0.507599 0.589063 0.584145 0.500254 0.434258 0.456764 0.526065 0.627506 0.607512 0.877361 0.859669 0.607045 0.540428 0.209654 0.303154 0.427062 0.583974 0.416134 0.521773 0.255483 0.261177 0.741841 0.537032 0.754545 0.718562 0.533692 0.514190 0.562263 0.590301 0.606481 0.414962 0.738963 0.786381 0.590141 0.652270 0.376626 0.409876 0.309840 0.375972 0.503410 0.516491 0.661516 0.669839 0.970317 0.970688 0.759354 0.567584 0.891535 0.949950 0.907126 0.987000 0.681168 0.715753 0.752291 0.852396 0.518794 0.570603 0.921944 0.911239 0.738428 0.706296 0.545393 0.634234 0.913547 0.992779 0.787687 0.937307 0.816485 0.525696 0.625829 0.958146 0.729671 0.944833
0.314118 0.267969 0.772293 0.472986 0.883771 0.624141 0.478166 0.477794 0.583638 0.516814 0.293979 0.352479 0.566408 0.450834 0.632710 0.416045 0.190912 0.000000 0.285637 0.289001 0.710760 0.968782 0.793058 0.747388 0.976212 0.944011 0.973827 0.952866 0.248463 0.223825 0.653749 0.574658 0.321254 0.301733 0.950360 0.742631 0.749823 0.644283 0.794157 0.764226 0.781852 0.673933 0.437962 0.443036 0.511817 0.517708 0.522507 0.446576 0.481526 0.545429 0.583198 0.588994 0.800398 0.925474 0.637096 0.549855 0.215337 0.313538 0.443646 0.625157 0.380073 0.491270 0.226522 0.242004 0.767442 0.527303 0.692346 0.630721 0.571967 0.562070 0.524752 0.527580 0.545838 0.416494 0.814347 0.760497 0.558610 0.565726 0.341720 0.354922 0.321551 0.419717 0.521731 0.512021 0.699893 0.701734 0.988337 0.951750 0.817714 0.581739 0.838375 0.903606 0.863140 0.976077 0.677631 0.632733 0.705730 0.781785 0.429700 0.505879 0.849095 0.822084 0.642020 0.642667 0.533247 0.620778 0.951065 0.969087 0.842058 0.949644 0.841067 0.465056 0.558006 0.889076 0.662041 0.927733
0.376678 0.361492 0.600707 0.452776 0.798432 0.655100 0.374122 0.486571 0.649640 0.567510 0.408839 0.473161 0.516169 0.483769 0.548578 0.361819 0.342931 0.285637 0.000000 0.326090 0.747193 0.964274 0.555773 0.636353 0.935311 0.963277 0.920315 0.923942 0.353951 0.328666 0.599290 0.566979 0.348319 0.298873 0.916184 0.781859 0.787588 0.691811 0.783905 0.830346 0.839161 0.798056 0.508367 0.552958 0.517726 0.543887 0.561185 0.477782 0.551583 0.605676 0.672595 0.646270 0.765900 0.964179 0.742056 0.698699 0.347940 0.412327 0.490737 0.605757 0.368939 0.594611 0.384699 0.388894 0.706926 0.536841 0.606310 0.661457 0.672641 0.635767 0.583240 0.529456 0.573045 0.432112 0.898515 0.734309 0.514536 0.571488 0.475297 0.492870 0.506090 0.508887 0.640267 0.640710 0.745603 0.799226 0.980458 0.993854 0.856488 0.708734 0.746987 0.856261 0.795123 0.876202 0.698478 0.645471 0.718078 0.856230 0.445406 0.435186 0.809749 0.759332 0.672807 0.733039 0.639602 0.678030 0.973643 0.947956 0.759868 0.917553 0.840538 0.446757 0.461743 0.877393 0.672324 0.926187
0.345911 0.296743 0.652936 0.373770 0.927123 0.597144 0.494356 0.443873 0.602304 0.534645 0.382516 0.372836 0.510479 0.443627 0.618666 0.377349 0.314918 0.289001 0.326090 0.000000 0.737772 0.995877 0.680695 0.714679 0.932361 0.889979 0.883867 0.959006 0.313133 0.354295 0.659693 0.693337 0.421206 0.344358 0.952242 0.725960 0.668919 0.669177 0.681203 0.838006 0.762092 0.796874 0.549163 0.549631 0.598399 0.583805 0.551894 0.455196 0.559795 0.551042 0.639464 0.644497 0.801335 0.988624 0.636171 0.619419 0.338621 0.369550 0.510976 0.559898 0.384876 0.479309 0.333819 0.335272 0.721388 0.469873 0.702244 0.698215 0.602581 0.496975 0.510341 0.536784 0.568708 0.495053 0.782058 0.778858 0.504973 0.616139 0.432432 0.524737 0.479233 0.502027 0.648564 0.637107 0.765867 0.798485 0.873896 0.903217 0.825657 0.660110 0.728970 0.785936 0.707842 0.850758 0.734599 0.653110 0.748890 0.773464 0.469697 0.477653 0.812334 0.828736 0.688238 0.722464 0.586171 0.649620 0.989755 0.944202 0.790556 0.970711 0.893845 0.463473 0.622817 0.877725 0.714256 0.833805
0.794331 0.697047 0.575298 0.586607 0.848395 0.842851 0.725281 0.878955 0.736722 0.903183 0.800647 0.818653 0.729507 0.845447 0.629642 0.647070 0.731570 0.710760 0.747193 0.737772 0.000000 0.821296 0.683175 0.750358 0.774508 0.699518 0.852067 0.823608 0.740838 0.687732 0.654445 0.781800 0.726320 0.728699 0.916014 0.873397 0.654497 0.915338 0.816997 0.775696 0.983406 0.901992 0.746468 0.728179 0.849176 0.891278 0.856536 0.811528 0.855096 0.849177 0.870147 0.885627 0.887365 0.976004 0.818578 0.991458 0.673738 0.697138 0.885556 0.914431 0.763476 0.897931 0.785281 0.800329 0.663931 0.782709 0.774879 0.817625 0.688203 0.628793 0.749412 0.818581 0.717713 0.767350 0.866802 0.832927 0.850533 0.704486 0.776570 0.655455 0.788259 0.758037 0.798164 0.857202 0.829437 0.800443 0.809444 0.998251 0.966587 0.929749 0.857748 0.866599 0.876292 0.802638 0.659081 0.877872 0.894047 0.935400 0.815720 0.786213 0.999633 0.773597 0.954489 0.807809 0.722122 0.816268 0.942582 0.962041 0.803819 0.867817 0.855914 0.837720 0.852268 0.977779 0.805103 0.959662
0.859196 0.994641 0.847365 0.977307 0.965648 0.926264 0.918584 0.931560 0.855225 0.928966 0.838451 0.856476 0.958367 0.929506 0.930567 0.925456 0.997770 0.968782 0.964274 0.995877 0.821296 0.000000 0.799253 0.781351 0.925697 0.879360 0.917780 0.925645 0.976053 0.966909 0.771157 0.724473 0.926078 0.943522 0.934632 0.995137 0.907267 0.952479 0.958603 0.961246 0.995888 0.963071 0.884436 0.890627 0.967812 0.960401 0.854156 0.924099 0.888168 0.967821 0.986009 0.963009 0.851763 0.810698 0.909381 0.832284 0.976183 0.943797 0.800468 0.823190 0.884559 0.771488 0.777503 0.861042 0.974019 0.868542 0.861850 0.950541 0.951941 0.989379 0.833063 0.790778 0.959542 0.908433 0.938046 0.896441 0.931207 0.820304 0.844497 0.921894 0.873574 0.897687 0.946665 0.916668 0.942044 0.981535 0.902636 0.889522 0.973087 0.796607 0.827018 0.803875 0.858840 0.750679 0.915886 0.861374 0.928578 0.959344 0.952392 0.873080 0.911051 0.914976 0.966954 0.845484 0.912220 0.893094 0.860984 0.820435 0.790851 0.730273 0.986161 0.990784 0.979648 0.693208 0.934976 0.929637
0.740547 0.699816 0.478571 0.555131 0.549122 0.783464 0.571081 0.775099 0.825575 0.910786 0.916590 0.858366 0.462245 0.685062 0.338432 0.354855 0.805022 0.793058 0.555773 0.680695 0.683175 0.799253 0.000000 0.327650 0.682776 0.704305 0.792200 0.785270 0.742554 0.732616 0.684723 0.785023 0.510882 0.672662 0.839267 0.975271 0.799402 0.990712 0.844390 0.877939 0.859688 0.914421 0.666925 0.710116 0.684223 0.702819 0.713254 0.608086 0.679696 0.683333 0.760187 0.715637 0.718563 0.891607 0.787133 0.873549 0.768667 0.675552 0.799938 0.714974 0.559206 0.842960 0.792738 0.828767 0.414206 0.599038 0.715298 0.797766 0.812964 0.686213 0.903334 0.842792 0.956491 0.807607 0.841857 0.799835 0.797907 0.739957 0.907962 0.679521 0.852942 0.763902 0.713166 0.843251 0.615295 0.653607 0.979773 0.953762 0.767534 0.829447 0.738150 0.832495 0.812547 0.886899 0.765818 0.743572 0.841684 0.868841 0.688660 0.599101 0.984603 0.797826 0.900448 0.932222 0.801788 0.773261 0.754989 0.785251 0.817889 0.899295 0.888302 0.762206 0.658524 0.822224 0.687230 0.975954
0.727171 0.647549 0.630693 0.526788 0.601829 0.772961 0.768198 0.838899 0.999440 0.913684 0.863626 0.769090 0.462734 0.535824 0.399507 0.394901 0.780535 0.747388 0.636353 0.714679 0.750358 0.781351 0.327650 0.000000 0.707315 0.774717 0.783056 0.779477 0.809432 0.727650 0.852162 0.786708 0.579171 0.759329 0.996491 0.850709 0.833335 0.981745 0.795523 0.895998 0.923043 0.847573 0.726040 0.707251 0.833337 0.781766 0.662683 0.685371 0.724379 0.649090 0.692015 0.666797 0.768069 0.951699 0.792071 0.746797 0.746037 0.611716 0.770266 0.653076 0.651354 0.803123 0.765234 0.790292 0.538752 0.545109 0.912831 0.909589 0.874538 0.747195 0.976112 0.957642 0.998133 0.967792 0.872992 0.831844 0.831750 0.834810 0.826096 0.555910 0.749262 0.627878 0.675368 0.652976 0.619415 0.529159 0.963766 0.823862 0.654047 0.715890 0.959412 0.976415 0.999953 0.929743 0.867683 0.792317 0.888544 0.908802 0.861395 0.779184 0.919851 0.906599 0.969755 0.939124 0.938847 0.892132 0.906565 0.895419 0.851803 0.921360 0.975620 0.778846 0.765837 0.896868 0.811599 0.980531
0.824103 0.823271 0.548671 0.788233 0.651467 0.934965 0.929844 0.809610 0.845234 0.764811 0.938132 0.915132 0.714402 0.945665 0.606595 0.835713 0.988908 0.976212 0.935311 0.932361 0.774508 0.925697 0.682776 0.707315 0.000000 0.528501 0.600639 0.884980 0.993688 0.908721 0.984965 0.953622 0.838143 0.990938 0.901764 0.983716 0.679417 0.982191 0.690806 0.780057 0.919024 0.768341 0.978682 0.972269 0.911134 0.907951 0.823926 0.875269 0.934719 0.943394 0.918533 0.912774 0.793325 0.628395 0.786421 0.874858 0.817901 0.745635 0.850846 0.753183 0.827697 0.931804 0.962785 0.949368 0.447564 0.809661 0.962934 0.943811 0.619468 0.693283 0.965712 0.915565 0.845250 0.985959 0.849083 0.955100 0.990996 0.880042 0.995785 0.811661 0.759617 0.814988 0.840584 0.772421 0.546164 0.606607 0.988715 0.900052 0.779331 0.768050 0.895756 0.942866 0.939521 0.946602 0.971318 0.841329 0.961390 0.958184 0.937722 0.998476 0.746099 0.892376 0.942947 0.944410 0.898940 0.824009 0.946335 0.955592 0.832295 0.982085 0.908874 0.917372 0.948222 0.981148 0.937376 0.883136
0.971616 0.905360 0.511638 0.683959 0.825659 0.996112 0.914515 0.967259 0.803968 0.985205 0.961499 0.938714 0.869488 0.960592 0.741108 0.831738 0.974028 0.944011 0.963277 0.889979 0.699518 0.879360 0.704305 0.774717 0.528501 0.000000 0.879208 0.862095 0.888473 0.988985 0.706968 0.883468 0.796001 0.901083 0.710059 0.969620 0.596208 0.940728 0.698326 0.781514 0.957085 0.771273 0.815200 0.839079 0.904317 0.937357 0.917386 0.887582 0.977794 0.937252 0.909704 0.977977 0.908229 0.976355 0.958071 0.950765 0.873715 0.862118 0.936302 0.966528 0.859301 0.983138 0.939170 0.987397 0.611086 0.866026 0.854978 0.893422 0.845819 0.840516 0.750073 0.859575 0.947527 0.858274 0.967579 0.843528 0.868412 0.845503 0.995347 0.837156 0.911963 0.978835 0.904853 0.979374 0.880502 0.895693 0.800919 0.792014 0.919662 0.919845 0.755489 0.653156 0.769636 0.768943 0.923087 0.974241 0.988965 0.980803 0.917888 0.843346 0.990036 0.932166 0.885924 0.926654 0.873060 0.910526 0.912929 0.808643 0.904416 0.992216 0.933452 0.932797 0.937893 0.890197 0.958769 0.993353
0.883482 0.902698 0.950349 0.987941 0.692012 0.863557 0.649571 0.643807 0.749022 0.644192 0.987499 0.929635 0.676244 0.997150 0.576578 0.810801 0.985458 0.973827 0.920315 0.883867 0.852067 0.917780 0.792200 0.783056 0.600639 0.879208 0.000000 0.674899 0.916945 0.815536 0.728395 0.688353 0.907225 0.724208 0.989962 0.867461 0.852717 0.942713 0.910130 0.686424 0.896859 0.818377 0.792475 0.767435 0.615932 0.710838 0.920163 0.959890 0.921137 0.926790 0.783519 0.829112 0.711652 0.493876 0.922790 0.953665 0.904438 0.787176 0.975111 0.863181 0.938712 0.904209 0.938368 0.886467 0.531218 0.864441 0.587660 0.616224 0.628200 0.718826 0.739990 0.723540 0.646325 0.812197 0.824564 0.893426 0.751196 0.802712 0.940172 0.839163 0.805140 0.784848 0.811122 0.722954 0.479229 0.481841 0.802735 0.783862 0.567486 0.799857 0.658095 0.781669 0.712524 0.826235 0.889747 0.955779 0.780769 0.836237 0.696347 0.733359 0.503415 0.673510 0.696961 0.849094 0.835803 0.966646 0.955934 0.856423 0.770587 0.858734 0.807602 0.806861 0.791665 0.842008 0.964675 0.976008
0.980819 0.908842 0.930359 0.906901 0.991858 0.960526 0.863154 0.888741 0.848915 0.819884 0.946314 0.975202 0.779534 0.877339 0.759266 0.866120 0.953015 0.952866 0.923942 0.959006 0.823608 0.925645 0.785270 0.779477 0.884980 0.862095 0.674899 0.000000 0.951628 0.927934 0.866246 0.852791 0.922195 0.881881 0.946754 0.765883 0.847569 0.804178 0.950209 0.732417 0.922202 0.844947 0.983388 0.937598 0.856533 0.893947 0.920239 0.959586 0.928433 0.942754 0.987553 0.978347 0.939135 0.829883 0.892678 0.775175 0.981556 0.890408 0.990480 0.883768 0.992279 0.985245 0.986787 0.949352 0.741016 0.869730 0.795253 0.920005 0.838173 0.862747 0.929246 0.921694 0.843041 0.965522 0.869727 0.937740 0.956279 0.854884 0.986719 0.927493 0.997466 0.856471 0.909382 0.917715 0.801254 0.722025 0.956200 0.951815 0.783275 0.741878 0.844194 0.953289 0.818376 0.876026 0.947692 0.926788 0.897386 0.845456 0.919932 0.915858 0.736599 0.855812 0.764328 0.940364 0.912609 0.912372 0.976154 0.843298 0.985315 0.942731 0.963032 0.875190 0.807817 0.962584 0.899856 0.976055
0.404552 0.321539 0.689014 0.454298 0.892842 0.684710 0.429474 0.407187 0.470776 0.437792 0.318618 0.354644 0.562155 0.455188 0.682872 0.446863 0.304569 0.248463 0.353951 0.313133 0.740838 0.976053 0.742554 0.809432 0.993688 0.888473 0.916945 0.951628 0.000000 0.294992 0.635438 0.638030 0.342257 0.284606 0.964017 0.798636 0.721563 0.665849 0.726910 0.810614 0.784581 0.724960 0.460236 0.486094 0.461518 0.482131 0.558480 0.490461 0.470018 0.541047 0.542462 0.586362 0.715864 0.923148 0.719228 0.595802 0.339725 0.402981 0.521098 0.618151 0.351457 0.461476 0.296963 0.293049 0.738911 0.501045 0.637320 0.605496 0.676790 0.540661 0.511078 0.508340 0.495898 0.388041 0.777105 0.738503 0.505909 0.581227 0.401224 0.471302 0.473949 0.542961 0.634646 0.633213 0.772680 0.817349 0.944605 0.916023 0.865889 0.696302 0.729532 0.780066 0.739756 0.840670 0.701744 0.660752 0.759136 0.698198 0.419200 0.512329 0.771061 0.798246 0.615842 0.700742 0.503995 0.601988 0.991083 0.883226 0.807015 0.927253 0.874383 0.471245 0.562360 0.840917 0.672710 0.854267
0.441029 0.366568 0.747625 0.464019 0.844484 0.635689 0.363639 0.381526 0.551503 0.455617 0.334188 0.385596 0.621746 0.440502 0.681120 0.436067 0.276479 0.223825 0.328666 0.354295 0.687732 0.966909 0.732616 0.727650 0.908721 0.988985 0.815536 0.927934 0.294992 0.000000 0.555879 0.534091 0.337630 0.322348 0.990057 0.816605 0.772345 0.672538 0.850937 0.814474 0.816538 0.741620 0.365917 0.336181 0.368504 0.394175 0.550081 0.478254 0.447688 0.497476 0.466202 0.475675 0.613556 0.857878 0.617440 0.587113 0.339539 0.424214 0.454080 0.669063 0.342019 0.457568 0.265107 0.248426 0.833176 0.549377 0.561670 0.482435 0.751824 0.610342 0.546711 0.512415 0.524882 0.376093 0.855726 0.666964 0.559957 0.561069 0.422274 0.401720 0.432412 0.510186 0.550582 0.642420 0.822738 0.805983 0.982080 0.932166 0.872203 0.659528 0.767389 0.900638 0.858422 0.955197 0.668209 0.725253 0.652928 0.821497 0.417869 0.468728 0.759012 0.768796 0.591655 0.654542 0.505917 0.628543 0.957567 0.972332 0.804772 0.907601 0.792967 0.502438 0.463449 0.841963 0.621719 0.920441
0.972767 0.809691 0.608140 0.653212 0.913700 0.770932 0.365588 0.645163 0.493458 0.547278 0.860114 0.911623 0.939169 0.967161 0.908015 0.677522 0.726451 0.653749 0.599290 0.659693 0.654445 0.771157 0.684723 0.852162 0.984965 0.706968 0.728395 0.866246 0.635438 0.555879 0.000000 0.304470 0.522066 0.489804 0.784978 0.934780 0.837657 0.775096 0.870045 0.904404 0.906055 0.750652 0.364188 0.409693 0.447750 0.601569 0.986083 0.828396 0.883002 0.838764 0.631302 0.726066 0.532565 0.511059 0.961162 0.855348 0.700571 0.925430 0.970895 0.830818 0.730094 0.948861 0.790462 0.752922 0.996414 0.990224 0.424636 0.506224 0.965998 0.975260 0.395613 0.371956 0.492307 0.422123 0.918461 0.714291 0.604788 0.380213 0.815595 0.693931 0.976934 0.893433 0.960730 0.750141 0.720319 0.744608 0.808265 0.680107 0.721902 0.799227 0.467386 0.467268 0.540459 0.565859 0.795964 0.820530 0.698274 0.878363 0.453578 0.451989 0.578073 0.459956 0.531126 0.651317 0.633480 0.841946 0.683099 0.676629 0.733573 0.896313 0.609323 0.664293 0.544593 0.764890 0.783601 0.924778
0.923244 0.732890 0.723342 0.746847 0.969331 0.770169 0.439149 0.689288 0.624248 0.670069 0.842071 0.892534 0.926546 0.869390 0.965991 0.744441 0.674118 0.574658 0.566979 0.693337 0.781800 0.724473 0.785023 0.786708 0.953622 0.883468 0.688353 0.852791 0.638030 0.534091 0.304470 0.000000 0.532301 0.480067 0.890971 0.915730 0.954690 0.871279 0.892369 0.929658 0.960970 0.797887 0.386512 0.390184 0.467383 0.564080 0.869941 0.743989 0.864376 0.798761 0.582894 0.654374 0.577992 0.607033 0.967328 0.922761 0.675214 0.877551 0.931818 0.938643 0.742599 0.971271 0.748219 0.732087 0.893977 0.950477 0.510044 0.530237 0.913317 0.929113 0.491441 0.470243 0.509763 0.482082 0.939804 0.819337 0.676161 0.444381 0.766898 0.604582 0.907193 0.991565 0.907392 0.944462 0.758309 0.861586 0.797558 0.959526 0.741307 0.894952 0.649617 0.690599 0.740505 0.809702 0.842314 0.792092 0.690539 0.859851 0.534757 0.509457 0.631084 0.517609 0.553984 0.673465 0.675189 0.822999 0.797626 0.733860 0.836676 0.950464 0.666715 0.652629 0.538512 0.688270 0.781615 0.990822
0.445704 0.375141 0.569438 0.437449 0.737251 0.572121 0.330559 0.476665 0.592831 0.582733 0.481065 0.497554 0.558704 0.521591 0.594236 0.371219 0.396670 0.321254 0.348319 0.421206 0.726320 0.926078 0.510882 0.579171 0.838143 0.796001 0.907225 0.922195 0.342257 0.337630 0.522066 0.532301 0.000000 0.310386 0.802985 0.893679 0.782304 0.734916 0.748012 0.833766 0.774143 0.686672 0.326711 0.328844 0.354202 0.374225 0.520623 0.434573 0.426616 0.437483 0.437820 0.451774 0.596677 0.833003 0.596441 0.600988 0.344871 0.407094 0.500370 0.599443 0.316243 0.564310 0.368299 0.378546 0.609326 0.513474 0.505624 0.464083 0.730282 0.671819 0.581598 0.568371 0.546359 0.473475 0.738395 0.741917 0.518313 0.487659 0.514259 0.453684 0.461655 0.545981 0.595680 0.645990 0.660090 0.674720 0.948281 0.978160 0.833015 0.668184 0.715931 0.772106 0.747772 0.914616 0.735598 0.548095 0.643849 0.683776 0.364656 0.451090 0.765256 0.720979 0.588048 0.672572 0.464090 0.559473 0.877211 0.781137 0.765536 0.906639 0.790245 0.482000 0.405197 0.730661 0.565666 0.873977
0.490370 0.402897 0.644089 0.449569 0.933986 0.631898 0.277506 0.367815 0.466848 0.409440 0.448627 0.464653 0.651111 0.589560 0.763645 0.479567 0.378154 0.301733 0.298873 0.344358 0.728699 0.943522 0.672662 0.759329 0.990938 0.901083 0.724208 0.881881 0.284606 0.322348 0.489804 0.480067 0.310386 0.000000 0.865105 0.908194 0.782883 0.786978 0.803536 0.917311 0.854619 0.779078 0.354510 0.433109 0.324666 0.391006 0.610478 0.474650 0.524250 0.556062 0.503605 0.545514 0.577082 0.748209 0.817901 0.664240 0.397037 0.508781 0.550476 0.689158 0.360474 0.549147 0.373067 0.366997 0.802257 0.615183 0.465117 0.452971 0.812361 0.686667 0.402216 0.425166 0.447528 0.344670 0.892980 0.760318 0.424693 0.453188 0.513228 0.490238 0.593232 0.668057 0.730514 0.783149 0.900189 0.959536 0.892319 0.873905 0.987889 0.808302 0.599612 0.649756 0.637775 0.780630 0.682830 0.540436 0.686340 0.704780 0.280999 0.317800 0.629781 0.620275 0.532987 0.652433 0.474950 0.587598 0.963401 0.781548 0.774149 0.978326 0.750482 0.347690 0.418711 0.721030 0.667696 0.917927
0.870680 0.939200 0.695603 0.788593 0.899938 0.978775 0.761755 0.821471 0.810784 0.769417 0.934158 0.941663 0.972888 0.916117 0.985405 0.986201 0.858574 0.950360 0.916184 0.952242 0.916014 0.934632 0.839267 0.996491 0.901764 0.710059 0.989962 0.946754 0.964017 0.990057 0.784978 0.890971 0.802985 0.865105 0.000000 0.846904 0.912245 0.867839 0.974148 0.953933 0.854186 0.878232 0.708292 0.787188 0.696443 0.723295 0.925486 0.872977 0.883967 0.979528 0.824038 0.877175 0.742750 0.815338 0.952543 0.989183 0.895890 0.960863 0.994605 0.972686 0.834004 0.925492 0.998179 0.992299 0.775173 0.951838 0.687033 0.630041 0.952117 0.963921 0.761925 0.869048 0.984516 0.926406 0.949566 0.933060 0.849516 0.792434 0.981667 0.994417 0.880596 0.849171 0.920187 0.776605 0.983562 0.988255 0.855473 0.838659 0.939360 0.918817 0.762326 0.694988 0.787162 0.812915 0.891027 0.749216 0.916664 0.895281 0.809512 0.869950 0.774004 0.796195 0.837067 0.969829 0.875993 0.819643 0.941217 0.849653 0.943772 0.845835 0.880858 0.991790 0.775813 0.765167 0.750084 0.904719
0.665114 0.675260 0.856768 0.740691 0.855501 0.696944 0.969259 0.834659 0.941939 0.996289 0.664470 0.713962 0.720580 0.664809 0.819436 0.721353 0.694649 0.742631 0.781859 0.725960 0.873397 0.995137 0.975271 0.850709 0.983716 0.969620 0.867461 0.765883 0.798636 0.816605 0.934780 0.915730 0.893679 0.908194 0.846904 0.000000 0.715730 0.892144 0.802624 0.760779 0.747245 0.861760 0.921890 0.905565 0.919988 0.959688 0.797413 0.798387 0.790044 0.810316 0.910428 0.832111 0.966931 0.847007 0.748940 0.768319 0.718603 0.669162 0.793954 0.709904 0.807169 0.751000 0.765451 0.680587 0.835873 0.661356 0.872835 0.954601 0.771000 0.846013 0.933571 0.980134 0.841739 0.937661 0.922678 0.975682 0.802582 0.913379 0.682129 0.867345 0.789708 0.670304 0.823676 0.658080 0.798946 0.813781 0.973032 0.996448 0.818581 0.668067 0.899181 0.906328 0.909310 0.972434 0.952012 0.953929 0.797209 0.866016 0.992965 0.997896 0.899281 0.860132 0.829293 0.981561 0.981284 0.969163 0.961611 0.922096 0.984713 0.977003 0.956712 0.876025 0.985678 0.989762 0.935183 0.877099
0.720149 0.652066 0.561384 0.599373 0.938248 0.888642 0.898168 0.888669 0.754457 0.875048 0.699655 0.806280 0.669358 0.762107 0.687707 0.654542 0.734701 0.749823 0.787588 0.668919 0.654497 0.907267 0.799402 0.833335 0.679417 0.596208 0.852717 0.847569 0.721563 0.772345 0.837657 0.954690 0.782304 0.782883 0.912245 0.715730 0.000000 0.675297 0.645980 0.541890 0.639340 0.648368 0.794125 0.729004 0.861331 0.857598 0.770070 0.778511 0.734002 0.783201 0.846152 0.837606 0.925948 0.909384 0.816069 0.948554 0.642282 0.628074 0.783085 0.777463 0.707418 0.787911 0.781846 0.761385 0.546603 0.674318 0.857573 0.922465 0.557580 0.618622 0.627720 0.706837 0.841136 0.787037 0.924051 0.887079 0.815524 0.739646 0.742751 0.712460 0.690960 0.821804 0.800146 0.785689 0.816427 0.792748 0.779827 0.792339 0.867524 0.771507 0.847821 0.773811 0.791159 0.737905 0.776099 0.826205 0.929292 0.868236 0.813272 0.831760 0.939215 0.892388 0.849856 0.865039 0.861978 0.792434 0.879549 0.979804 0.945368 0.927136 0.947373 0.868289 0.982194 0.916598 0.898266 0.957967
0.639474 0.630407 0.843776 0.726312 0.974964 0.990341 0.843838 0.837616 0.869213 0.812057 0.570163 0.706679 0.819188 0.765589 0.856283 0.733171 0.645527 0.644283 0.691811 0.669177 0.915338 0.952479 0.990712 0.981745 0.982191 0.940728 0.942713 0.804178 0.665849 0.672538 0.775096 0.871279 0.734916 0.786978 0.867839 0.892144 0.675297 0.000000 0.780934 0.797807 0.842667 0.636977 0.786440 0.731107 0.827725 0.757336 0.766697 0.802796 0.714521 0.799666 0.820480 0.810522 0.918080 0.983618 0.760467 0.953357 0.582027 0.596914 0.705882 0.829209 0.722286 0.760135 0.673647 0.655069 0.823537 0.717996 0.867354 0.891001 0.543860 0.709395 0.753391 0.657810 0.785378 0.668403 0.887508 0.883740 0.745093 0.723858 0.601735 0.855028 0.610603 0.782510 0.745755 0.782347 0.856781 0.800025 0.920110 0.984074 0.752933 0.736255 0.960736 0.945969 0.921872 0.913381 0.795735 0.921470 0.974180 0.999458 0.839260 0.912365 0.927002 0.963720 0.672679 0.925938 0.843855 0.824478 0.922584 0.991714 0.941176 0.962777 0.963269 0.827261 0.812885 0.960250 0.804565 0.909443
