0.000000 0.227723 0.663211 0.775175 0.935459 0.823981 0.479655 0.405169 0.912196 0.491884 0.245529 0.242665 0.372542 0.428093 0.426183 0.495344 0.257336 0.212100 0.300243 0.263980 0.896906 0.856952 0.356163 0.858598 0.974601 0.989965 0.925009 0.958927 0.225132 0.249043 0.416110 0.383480 0.331463 0.306943 0.915819 0.925711 0.570244 0.845087 0.874906 0.895978 0.720879 0.707808 0.598194 0.491174 0.531850 0.456920 0.490514 0.440784 0.496338 0.559561 0.653635 0.662626 0.716817 0.956392 0.689351 0.725690 0.296872 0.261618 0.372090 0.369104 0.327085 0.526775 0.214714 0.235485 0.998505 0.996033 0.705257 0.672359 0.319948 0.277814 0.452931 0.522165 0.493202 0.567193 0.721107 0.893030 0.457458 0.601410 0.427507 0.293616 0.214705 0.292315 0.574125 0.528267 0.726611 0.975698 0.855629 0.793780 0.807361 0.751467 0.889459 0.848710 0.881564 0.959451 0.608886 0.698745 0.562704 0.767531 0.488234 0.501140 0.769966 0.618862 0.480672 0.538355 0.546686 0.505035 0.849948 0.942145 0.994007 0.747368 0.732560 0.596306 0.509899 0.677483 0.774777 0.892497
0.227723 0.000000 0.784833 0.859458 0.913378 0.883524 0.532126 0.443930 0.922770 0.465755 0.311645 0.305272 0.540162 0.592517 0.545733 0.586932 0.175533 0.185138 0.343929 0.281323 0.953031 0.783559 0.413171 0.945532 0.867637 0.905035 0.827875 0.986753 0.251517 0.242587 0.476794 0.445771 0.368122 0.343478 0.941431 0.813408 0.656415 0.772848 0.980451 0.972259 0.850742 0.579425 0.541618 0.445102 0.474301 0.437529 0.532486 0.429310 0.446698 0.556421 0.624623 0.651034 0.700582 0.902266 0.835058 0.828202 0.171910 0.162383 0.404643 0.414714 0.448183 0.629034 0.202508 0.190561 0.867144 0.898708 0.700630 0.677973 0.384049 0.290406 0.383610 0.446635 0.498909 0.533784 0.731489 0.816415 0.447323 0.407062 0.421643 0.373277 0.197465 0.372252 0.551570 0.568802 0.861030 0.893130 0.734081 0.671490 0.933517 0.893781 0.817616 0.792911 0.806886 0.968295 0.595663 0.716343 0.567811 0.639259 0.448890 0.424623 0.731491 0.578598 0.377921 0.449010 0.510781 0.454029 0.767341 0.861115 0.916831 0.811943 0.642957 0.552227 0.532204 0.702968 0.760396 0.930795
0.663211 0.784833 0.000000 0.209002 0.951641 0.599623 0.267080 0.405815 0.657968 0.765328 0.677927 0.747546 0.585044 0.554323 0.665321 0.561273 0.830510 0.708703 0.582833 0.614054 0.652618 0.809892 0.400200 0.395537 0.601222 0.370812 0.865986 0.996797 0.861773 0.749637 0.411452 0.485066 0.420264 0.448076 0.561706 0.635221 0.609535 0.702668 0.500407 0.697411 0.911804 0.888342 0.385855 0.417197 0.474667 0.480282 0.406321 0.390975 0.817145 0.668304 0.608661 0.615551 0.620008 0.784751 0.646847 0.617172 0.888241 0.874034 0.664279 0.661371 0.487905 0.540869 0.791046 0.874585 0.428576 0.418615 0.282260 0.352238 0.835912 0.738565 0.525734 0.486093 0.670151 0.562851 0.747254 0.837490 0.527455 0.834556 0.662646 0.531471 0.763866 0.606737 0.849216 0.828567 0.625844 0.540113 0.853480 0.994114 0.812575 0.636534 0.578866 0.646555 0.519755 0.498319 0.665588 0.701414 0.402767 0.786465 0.576607 0.556571 0.589688 0.618232 0.710589 0.732110 0.472319 0.593200 0.736709 0.646775 0.922885 0.801425 0.844944 0.701512 0.623361 0.669695 0.687857 0.901553
0.775175 0.859458 0.209002 0.000000 0.927069 0.619541 0.332169 0.411338 0.702114 0.782716 0.735690 0.836544 0.686799 0.627982 0.743221 0.613803 0.894397 0.777734 0.627357 0.659910 0.675372 0.811268 0.470751 0.418521 0.630620 0.383467 0.777155 0.916770 0.900231 0.828221 0.532707 0.538712 0.510147 0.528670 0.555181 0.582809 0.613489 0.736752 0.563199 0.813525 0.976500 0.878240 0.471605 0.503681 0.553737 0.571162 0.464706 0.497377 0.827950 0.675333 0.668644 0.670127 0.680085 0.812028 0.703425 0.660831 0.927527 0.924899 0.668947 0.709385 0.649165 0.598918 0.885219 0.968377 0.468872 0.415521 0.307908 0.382934 0.864669 0.809439 0.539584 0.534871 0.760744 0.624560 0.876703 0.898422 0.548943 0.834188 0.715566 0.632151 0.837028 0.632063 0.929676 0.887158 0.671341 0.547226 0.861807 0.903047 0.816660 0.607393 0.533528 0.595111 0.475079 0.431575 0.787832 0.655104 0.476561 0.736415 0.627459 0.556811 0.574839 0.672994 0.760660 0.721623 0.515812 0.657041 0.784513 0.693619 0.895741 0.847121 0.844049 0.700125 0.624174 0.661653 0.777901 0.805497
0.935459 0.913378 0.951641 0.927069 0.000000 0.957976 0.984722 0.941576 0.943237 0.980036 0.985147 0.971784 0.968277 0.887808 0.917556 0.966249 0.909779 0.939642 0.971382 0.889592 0.899515 0.986707 0.963257 0.938237 0.990670 0.982619 0.876419 0.904939 0.982128 0.967091 0.922534 0.939371 0.983371 0.944925 0.983321 0.929431 0.783348 0.998982 0.940177 0.940526 0.876411 0.969961 0.923954 0.967675 0.915570 0.891555 0.963360 0.940736 0.854679 0.850313 0.880580 0.868719 0.866511 0.844668 0.960913 0.864635 0.886591 0.894650 0.911628 0.894530 0.925882 0.829395 0.895372 0.885196 0.929934 0.854114 0.908528 0.882493 0.971167 0.968983 0.869843 0.882342 0.972412 0.986220 0.935639 0.971195 0.976014 0.987226 0.915358 0.988671 0.867284 0.902581 0.836038 0.973848 0.911106 0.914647 0.843888 0.953146 0.913828 0.937818 0.880732 0.971211 0.884032 0.974427 0.976592 0.963377 0.968184 0.756760 0.964055 0.839762 0.916113 0.948831 0.950167 0.912882 0.900365 0.988024 0.897957 0.996382 0.680784 0.928231 0.881327 0.812755 0.804692 0.975208 0.911934 0.962856
0.823981 0.883524 0.599623 0.619541 0.957976 0.000000 0.570082 0.729890 0.737915 0.725403 0.842348 0.732880 0.584236 0.690606 0.642919 0.489164 0.935559 0.849306 0.678454 0.768216 0.827275 0.764451 0.605960 0.610984 0.900996 0.650915 0.826467 0.638368 0.883878 0.820999 0.696900 0.711536 0.650862 0.589362 0.855219 0.922930 0.924266 0.945572 0.745568 0.900954 0.887547 0.962464 0.651514 0.610206 0.811203 0.830878 0.821539 0.703368 0.900076 0.776381 0.819004 0.738240 0.799728 0.835828 0.908558 0.902180 0.983932 0.962541 0.827560 0.857002 0.802387 0.936211 0.871299 0.923215 0.844337 0.858897 0.739601 0.833969 0.935849 0.715092 0.785691 0.746990 0.837553 0.662498 0.778270 0.833560 0.732240 0.803083 0.754479 0.630826 0.842645 0.727466 0.951610 0.979782 0.807255 0.795329 0.879540 0.793142 0.986972 0.952961 0.675968 0.666907 0.727115 0.655015 0.793029 0.726295 0.686703 0.848729 0.751896 0.719185 0.936930 0.782931 0.818525 0.790420 0.717846 0.779539 0.933701 0.823580 0.952399 0.779982 0.961513 0.838003 0.720711 0.915994 0.854483 0.965167
0.479655 0.532126 0.267080 0.332169 0.984722 0.570082 0.000000 0.204750 0.500806 0.393981 0.517437 0.580220 0.469842 0.602500 0.607675 0.556440 0.598656 0.514588 0.373490 0.409406 0.781031 0.795267 0.265339 0.609265 0.942854 0.666119 0.934948 0.933800 0.620746 0.521707 0.295232 0.415959 0.266565 0.239843 0.670189 0.591145 0.633219 0.758018 0.732524 0.852878 0.921246 0.734762 0.220651 0.218320 0.254310 0.273121 0.363733 0.301697 0.485385 0.387295 0.388987 0.377089 0.416002 0.607724 0.743378 0.645100 0.609375 0.580692 0.365362 0.422767 0.382599 0.532797 0.504617 0.556700 0.759766 0.728333 0.302349 0.404934 0.754424 0.522599 0.312280 0.278872 0.647178 0.470294 0.777992 0.762808 0.351280 0.619920 0.461439 0.408219 0.566256 0.572278 0.874352 0.833449 0.859371 0.901006 0.973179 0.836672 0.818005 0.833956 0.362644 0.399174 0.402528 0.436202 0.608043 0.598636 0.303680 0.631224 0.259988 0.271641 0.429277 0.388585 0.420622 0.434334 0.360050 0.374147 0.540372 0.548487 0.812323 0.786658 0.638733 0.494768 0.390490 0.541390 0.594073 0.869026
0.405169 0.443930 0.405815 0.411338 0.941576 0.729890 0.204750 0.000000 0.528901 0.331683 0.378475 0.487663 0.483885 0.587905 0.654044 0.644555 0.488796 0.441626 0.362769 0.337421 0.926448 0.855049 0.345825 0.765967 0.875339 0.848651 0.890918 0.889395 0.479479 0.462328 0.406397 0.429274 0.323749 0.292550 0.791335 0.654569 0.644745 0.836893 0.899646 0.966443 0.850213 0.641330 0.368350 0.369226 0.326261 0.348482 0.467259 0.424517 0.429538 0.423697 0.483751 0.475537 0.535721 0.715564 0.827564 0.665020 0.500407 0.458748 0.323179 0.394515 0.411491 0.472149 0.418631 0.442220 0.920319 0.842536 0.429069 0.509594 0.648453 0.466038 0.312875 0.335511 0.675459 0.596496 0.785049 0.862386 0.359285 0.626756 0.486624 0.451818 0.487543 0.514950 0.868625 0.819174 0.939996 0.959271 0.937959 0.786105 0.745190 0.798781 0.396197 0.430471 0.438468 0.518233 0.612421 0.628509 0.363950 0.576309 0.260500 0.262721 0.390753 0.420324 0.368811 0.380641 0.374712 0.393036 0.575805 0.612451 0.795354 0.773960 0.585088 0.442562 0.335531 0.491989 0.619287 0.928972
0.912196 0.922770 0.657968 0.702114 0.943237 0.737915 0.500806 0.528901 0.000000 0.443684 0.794139 0.870630 0.682891 0.962118 0.950683 0.902477 0.980501 0.996514 0.818668 0.851191 0.988959 0.861898 0.762877 0.990490 0.765102 0.992075 0.817221 0.929882 0.979185 0.972145 0.742989 0.909530 0.809642 0.684689 0.994384 0.799871 0.885830 0.975647 0.923953 0.858399 0.863040 0.960619 0.613736 0.618870 0.593116 0.574541 0.793865 0.753446 0.587918 0.480597 0.482765 0.480759 0.469800 0.518927 0.936166 0.936214 0.954539 0.944593 0.506325 0.645923 0.701040 0.779798 0.821500 0.849728 0.915018 0.964316 0.761573 0.867046 0.934436 0.845635 0.707162 0.683329 0.908717 0.957006 0.951952 0.913949 0.680216 0.846185 0.765218 0.829189 0.978302 0.865170 0.730043 0.778352 0.718649 0.745609 0.928832 0.761711 0.827700 0.931866 0.508893 0.551883 0.644145 0.538295 0.832916 0.904478 0.720506 0.907033 0.550602 0.542757 0.714563 0.568943 0.601849 0.651684 0.721742 0.696582 0.670891 0.580517 0.825040 0.977687 0.790420 0.751595 0.629280 0.765169 0.644803 0.838096
0.491884 0.465755 0.765328 0.782716 0.980036 0.725403 0.393981 0.331683 0.443684 0.000000 0.460181 0.478108 0.438201 0.684920 0.621401 0.698724 0.536933 0.557341 0.401357 0.411439 0.965500 0.834974 0.464759 0.976415 0.545900 0.762925 0.737526 0.882007 0.474306 0.464502 0.564481 0.582942 0.482437 0.413403 0.855931 0.805707 0.845571 0.978944 0.893646 0.855967 0.930715 0.668985 0.512952 0.469929 0.466581 0.466024 0.644349 0.568938 0.317049 0.388667 0.497894 0.477790 0.555383 0.684851 0.995307 0.904978 0.565024 0.480326 0.315809 0.456397 0.583176 0.798804 0.408583 0.412565 0.630680 0.685307 0.832503 0.952242 0.666569 0.448555 0.467300 0.469576 0.778447 0.698652 0.787651 0.750784 0.460674 0.574201 0.442972 0.531418 0.528672 0.721410 0.954819 0.931266 0.751403 0.553047 0.762385 0.655543 0.852393 0.878275 0.508012 0.433994 0.653337 0.722294 0.744498 0.769366 0.546715 0.685441 0.304026 0.326636 0.570851 0.434539 0.338425 0.397626 0.650868 0.505557 0.634612 0.656896 0.780817 0.796001 0.701713 0.608095 0.424648 0.667847 0.747692 0.862054
0.245529 0.311645 0.677927 0.735690 0.985147 0.842348 0.517437 0.378475 0.794139 0.460181 0.000000 0.317343 0.382272 0.459062 0.533741 0.562795 0.375221 0.329922 0.343038 0.294229 0.982623 0.829316 0.468667 0.903674 0.901860 0.975760 0.909246 0.946346 0.326236 0.326941 0.488953 0.480000 0.404919 0.411596 0.996030 0.877389 0.661793 0.908771 0.941547 0.919321 0.743812 0.719643 0.668417 0.576248 0.574439 0.506189 0.611914 0.593634 0.498662 0.592706 0.696447 0.690735 0.724746 0.936727 0.756270 0.724729 0.424522 0.360210 0.412648 0.448382 0.421871 0.576626 0.304494 0.330932 0.935226 0.969079 0.756269 0.751777 0.369303 0.357515 0.478128 0.489460 0.574384 0.650650 0.709337 0.954004 0.449609 0.596066 0.511325 0.361358 0.336555 0.383837 0.728506 0.649383 0.878329 0.907848 0.927746 0.727395 0.768491 0.803241 0.804262 0.809930 0.815858 0.982191 0.708952 0.765423 0.604176 0.796287 0.501900 0.494136 0.744392 0.588496 0.455974 0.535823 0.589095 0.567077 0.866413 0.909012 0.945025 0.805463 0.715943 0.664320 0.514640 0.648603 0.771047 0.994851
0.242665 0.305272 0.747546 0.836544 0.971784 0.732880 0.580220 0.487663 0.870630 0.478108 0.317343 0.000000 0.291051 0.395851 0.375982 0.346021 0.314114 0.283012 0.378773 0.363261 0.907730 0.840226 0.357225 0.789543 0.931519 0.993745 0.947579 0.969619 0.268780 0.280270 0.541252 0.447762 0.418763 0.391553 0.954651 0.940976 0.738088 0.994622 0.950434 0.995467 0.867816 0.790451 0.679000 0.557553 0.673966 0.553889 0.639921 0.508570 0.573556 0.558172 0.670453 0.634950 0.725977 0.842159 0.818271 0.849686 0.426126 0.337346 0.446100 0.446304 0.348837 0.532877 0.225773 0.264732 0.952448 0.986405 0.848254 0.805383 0.441600 0.344258 0.557996 0.564406 0.467763 0.501313 0.644870 0.788287 0.549863 0.562274 0.464561 0.348226 0.284869 0.343430 0.625265 0.572144 0.720806 0.969440 0.821532 0.905754 0.843037 0.806638 0.895124 0.895432 0.945489 0.849299 0.637730 0.779473 0.657177 0.825905 0.596921 0.549748 0.836143 0.653022 0.563822 0.675803 0.559671 0.526330 0.897454 0.998542 0.967814 0.720926 0.832910 0.659356 0.549256 0.789530 0.760309 0.996827
0.372542 0.540162 0.585044 0.686799 0.968277 0.584236 0.469842 0.483885 0.682891 0.438201 0.382272 0.291051 0.000000 0.352451 0.384916 0.323064 0.589617 0.525735 0.403897 0.482438 0.826078 0.885368 0.357633 0.640664 0.969779 0.887540 0.948350 0.987045 0.451622 0.410592 0.537118 0.492191 0.462114 0.428472 0.935596 0.985138 0.742304 0.942095 0.794218 0.848252 0.884193 0.917149 0.636539 0.540830 0.699558 0.557360 0.593212 0.539190 0.597470 0.503089 0.620608 0.571184 0.645664 0.761682 0.754355 0.729399 0.722998 0.583279 0.463618 0.503594 0.347016 0.599100 0.398233 0.477870 0.950038 0.956962 0.844756 0.849711 0.530552 0.451521 0.619646 0.610111 0.555671 0.597464 0.781350 0.803165 0.574226 0.692753 0.509991 0.363246 0.512083 0.459616 0.801325 0.703956 0.763515 0.930799 0.912466 0.968544 0.674978 0.846493 0.834475 0.795530 0.946246 0.949109 0.711679 0.819783 0.613435 0.865339 0.595917 0.582094 0.806953 0.615901 0.615634 0.706396 0.677280 0.618810 0.934671 0.964374 0.911538 0.675556 0.933807 0.774502 0.569698 0.789470 0.779456 0.930818
0.428093 0.592517 0.554323 0.627982 0.887808 0.690606 0.602500 0.587905 0.962118 0.684920 0.459062 0.395851 0.352451 0.000000 0.321953 0.328336 0.628178 0.510594 0.397786 0.399476 0.753436 0.749333 0.408350 0.519111 0.881425 0.806394 0.954954 0.890134 0.459625 0.434124 0.574112 0.425405 0.515278 0.491491 0.946062 0.982294 0.753648 0.995753 0.705771 0.857112 0.850530 0.862389 0.770798 0.725054 0.899830 0.797631 0.606740 0.661402 0.897151 0.898338 0.978957 0.924555 0.945557 0.897723 0.715207 0.837600 0.731915 0.708452 0.708239 0.795511 0.549258 0.720480 0.597207 0.634970 0.825235 0.838735 0.861968 0.863071 0.486225 0.519189 0.745653 0.778910 0.530139 0.660317 0.753815 0.815617 0.627307 0.745184 0.642969 0.479464 0.532830 0.354669 0.681177 0.582785 0.610129 0.730095 0.963904 0.949660 0.825957 0.761122 0.984997 0.925442 0.993258 0.951384 0.737525 0.777955 0.713915 0.806715 0.795387 0.751043 0.849641 0.757487 0.738778 0.800157 0.770223 0.756080 0.923767 0.909039 0.909720 0.685001 0.990558 0.839334 0.760456 0.827244 0.912776 0.974989
0.426183 0.545733 0.665321 0.743221 0.917556 0.642919 0.607675 0.654044 0.950683 0.621401 0.533741 0.375982 0.384916 0.321953 0.000000 0.354915 0.530185 0.444323 0.398075 0.402323 0.805213 0.759149 0.399405 0.599204 0.930527 0.856933 0.984696 0.847309 0.468450 0.369188 0.477413 0.383259 0.491785 0.461735 0.975810 0.963638 0.804810 0.994317 0.772971 0.913438 0.859183 0.943267 0.708030 0.623126 0.830765 0.745787 0.655165 0.591960 0.824391 0.775954 0.894449 0.823875 0.893723 0.985292 0.881721 0.976939 0.676937 0.627512 0.625323 0.705671 0.572970 0.844985 0.540820 0.566307 0.997172 0.995945 0.869910 0.889772 0.453916 0.528318 0.679923 0.681937 0.483374 0.561851 0.737275 0.779474 0.652250 0.621321 0.440569 0.484028 0.499952 0.444158 0.698099 0.586260 0.784703 0.864933 0.912964 0.966708 0.909359 0.937933 0.985669 0.953903 0.924488 0.899930 0.708625 0.802137 0.670368 0.807801 0.724075 0.690933 0.890609 0.794878 0.706033 0.749076 0.777537 0.757592 0.943427 0.893490 0.962222 0.689130 0.965036 0.842702 0.754209 0.859406 0.927775 0.953341
0.495344 0.586932 0.561273 0.613803 0.966249 0.489164 0.556440 0.644555 0.902477 0.698724 0.562795 0.346021 0.323064 0.328336 0.354915 0.000000 0.585917 0.520926 0.422852 0.500677 0.738474 0.739914 0.344823 0.425191 0.773990 0.722406 0.898097 0.773318 0.542445 0.454462 0.555473 0.438581 0.463838 0.420825 0.969153 0.986569 0.753214 0.983288 0.747674 0.853017 0.952447 0.963295 0.611906 0.528614 0.803333 0.671132 0.611076 0.522705 0.842634 0.666150 0.754148 0.682131 0.767669 0.816370 0.721120 0.898999 0.745880 0.672780 0.641278 0.713627 0.490448 0.683019 0.539951 0.610027 0.764516 0.768255 0.775841 0.768429 0.625051 0.522447 0.671597 0.647995 0.522101 0.492520 0.701976 0.728179 0.647666 0.676651 0.549540 0.437292 0.563171 0.447570 0.760646 0.658300 0.602240 0.662014 0.821202 0.913399 0.890242 0.800880 0.918019 0.869787 0.975504 0.980352 0.741608 0.712853 0.662995 0.790077 0.728577 0.657040 0.933121 0.728163 0.740347 0.815077 0.627543 0.639245 0.973314 0.994539 0.885150 0.627216 0.979362 0.774953 0.684897 0.831542 0.856042 0.908314
0.257336 0.175533 0.830510 0.894397 0.909779 0.935559 0.598656 0.488796 0.980501 0.536933 0.375221 0.314114 0.589617 0.628178 0.530185 0.585917 0.000000 0.182247 0.380049 0.318105 0.955934 0.798154 0.454463 0.950334 0.941342 0.915243 0.883854 0.959288 0.284825 0.259332 0.476726 0.440886 0.387169 0.378536 0.973109 0.851379 0.717448 0.800689 0.983281 0.959994 0.816405 0.592579 0.563374 0.499906 0.512257 0.475038 0.548933 0.452393 0.458938 0.581540 0.663484 0.690316 0.761197 0.940968 0.869205 0.891715 0.202034 0.199954 0.436159 0.476483 0.495063 0.658273 0.227208 0.229707 0.886007 0.919496 0.737325 0.728915 0.402960 0.317216 0.456792 0.500374 0.506512 0.551181 0.652022 0.869391 0.491548 0.489518 0.422730 0.421594 0.205329 0.397432 0.512400 0.575004 0.830711 0.921005 0.765432 0.697754 0.926687 0.886927 0.888662 0.869037 0.893801 0.894614 0.652864 0.757803 0.613104 0.664949 0.525420 0.475104 0.768238 0.671987 0.458108 0.510420 0.534893 0.469872 0.819622 0.917233 0.933903 0.828488 0.716707 0.579721 0.563099 0.679547 0.723903 0.940107
0.212100 0.185138 0.708703 0.777734 0.939642 0.849306 0.514588 0.441626 0.996514 0.557341 0.329922 0.283012 0.525735 0.510594 0.444323 0.520926 0.182247 0.000000 0.312937 0.230868 0.900079 0.765819 0.361267 0.819228 0.998221 0.971167 0.898940 0.974139 0.244909 0.217322 0.430606 0.384816 0.347069 0.302744 0.867095 0.888365 0.634971 0.783885 0.883045 0.999964 0.713336 0.650267 0.540307 0.453281 0.512473 0.485076 0.557917 0.409519 0.534795 0.602168 0.700762 0.710210 0.759509 0.939019 0.815416 0.842622 0.202109 0.209368 0.453645 0.465274 0.445325 0.632097 0.236552 0.231756 0.967609 0.991141 0.670110 0.636661 0.399878 0.342460 0.412001 0.456836 0.478269 0.481222 0.731867 0.768903 0.463247 0.457606 0.433040 0.337984 0.198725 0.295666 0.523920 0.527007 0.746965 0.969475 0.840452 0.783683 0.924251 0.815153 0.811690 0.808197 0.792538 0.980629 0.581285 0.762339 0.592557 0.646143 0.494969 0.464320 0.762607 0.625147 0.448931 0.509284 0.487416 0.465884 0.794789 0.941980 0.969402 0.770945 0.723508 0.537931 0.552086 0.621561 0.782683 0.898967
0.300243 0.343929 0.582833 0.627357 0.971382 0.678454 0.373490 0.362769 0.818668 0.401357 0.343038 0.378773 0.403897 0.397786 0.398075 0.422852 0.380049 0.312937 0.000000 0.216973 0.815194 0.691060 0.314340 0.727496 0.985058 0.952265 0.896059 0.956156 0.290942 0.264730 0.346768 0.309505 0.281460 0.246019 0.976825 0.786297 0.666330 0.849179 0.829539 0.980098 0.891366 0.635929 0.461101 0.408848 0.503962 0.475193 0.478437 0.424940 0.494449 0.536389 0.670911 0.648446 0.740839 0.912358 0.902640 0.831454 0.413887 0.407904 0.394802 0.506274 0.525788 0.804244 0.350903 0.409567 0.913957 0.919052 0.677824 0.785827 0.453782 0.336260 0.419859 0.447079 0.529840 0.518090 0.723540 0.785016 0.441699 0.490240 0.451110 0.363389 0.403432 0.427178 0.786881 0.737997 0.930162 0.934483 0.807552 0.811323 0.880434 0.958092 0.707133 0.627738 0.772150 0.858958 0.762172 0.622811 0.534819 0.611917 0.409963 0.384660 0.637373 0.508584 0.404007 0.427562 0.577850 0.532465 0.800819 0.820236 0.955725 0.771254 0.729044 0.593002 0.446167 0.590927 0.818753 0.990440
0.263980 0.281323 0.614054 0.659910 0.889592 0.768216 0.409406 0.337421 0.851191 0.411439 0.294229 0.363261 0.482438 0.399476 0.402323 0.500677 0.318105 0.230868 0.216973 0.000000 0.896048 0.703870 0.340251 0.779973 0.906295 0.983696 0.789651 0.952077 0.279416 0.220155 0.370947 0.301269 0.302949 0.257709 0.936551 0.805709 0.619770 0.800263 0.839075 0.987253 0.752586 0.632663 0.488237 0.427772 0.511265 0.517830 0.525000 0.446416 0.542757 0.622968 0.740460 0.724670 0.774606 0.974034 0.868279 0.884382 0.331416 0.331510 0.419896 0.527188 0.530142 0.739880 0.344311 0.335500 0.891324 0.918078 0.682713 0.721218 0.436156 0.336299 0.414868 0.451210 0.538608 0.541749 0.718913 0.772903 0.387655 0.495062 0.407396 0.394046 0.330328 0.358828 0.752165 0.686214 0.927996 0.915102 0.778549 0.733529 0.923719 0.874364 0.714006 0.629598 0.742207 0.875295 0.642126 0.709799 0.516111 0.581165 0.410826 0.388051 0.638488 0.525101 0.352699 0.407542 0.525734 0.490582 0.785716 0.832232 0.965035 0.754726 0.657256 0.561888 0.494786 0.544116 0.773288 0.990812
0.896906 0.953031 0.652618 0.675372 0.899515 0.827275 0.781031 0.926448 0.988959 0.965500 0.982623 0.907730 0.826078 0.753436 0.805213 0.738474 0.955934 0.900079 0.815194 0.896048 0.000000 0.885192 0.709394 0.616140 0.591232 0.634804 0.835821 0.869524 0.968760 0.917569 0.744675 0.724646 0.818502 0.776372 0.770543 0.915032 0.790650 0.887224 0.530580 0.828142 0.900142 0.960922 0.810300 0.814907 0.893590 0.858374 0.635110 0.707364 0.941901 0.991113 0.986763 0.974419 0.993241 0.860435 0.866463 0.843688 0.898356 0.996631 0.933972 0.952461 0.839971 0.917919 0.923098 0.970623 0.646079 0.728842 0.733285 0.764525 0.929636 0.910859 0.952900 0.918770 0.770828 0.830421 0.840672 0.804492 0.963754 0.995778 0.946979 0.829219 0.941955 0.795808 0.810408 0.704128 0.704414 0.658665 0.988233 0.900055 0.933051 0.829187 0.918139 0.917517 0.981722 0.998711 0.963310 0.739490 0.855822 0.874360 0.927095 0.934763 0.939304 0.919298 0.917888 0.962154 0.964819 0.983088 0.904823 0.936357 0.981551 0.911492 0.901138 0.894359 0.960908 0.981197 0.885414 0.902644
0.856952 0.783559 0.809892 0.811268 0.986707 0.764451 0.795267 0.855049 0.861898 0.834974 0.829316 0.840226 0.885368 0.749333 0.759149 0.739914 0.798154 0.765819 0.691060 0.703870 0.885192 0.000000 0.781410 0.874183 0.926005 0.911017 0.824707 0.788900 0.819808 0.753309 0.703660 0.705834 0.726396 0.737230 0.823195 0.781037 0.821384 0.646841 0.923298 0.961930 0.890128 0.847647 0.738336 0.752407 0.809216 0.851376 0.907759 0.789800 0.935163 0.889686 0.940528 0.899245 0.885899 0.928185 0.960111 0.962625 0.861641 0.884061 0.866413 0.995810 0.995935 0.882281 0.865597 0.897127 0.968216 0.969691 0.873044 0.920755 0.868616 0.802892 0.767367 0.754192 0.766962 0.738783 0.901788 0.845752 0.844259 0.754710 0.886978 0.779080 0.843758 0.874925 0.989337 0.932834 0.920287 0.971087 0.894833 0.808645 0.932116 0.874190 0.814324 0.863039 0.870564 0.871931 0.882747 0.845881 0.925749 0.719795 0.803155 0.792832 0.921746 0.795597 0.699190 0.620954 0.797045 0.897289 0.984878 0.898578 0.950954 0.822175 0.876874 0.888549 0.884423 0.778714 0.983765 0.893926
0.356163 0.413171 0.400200 0.470751 0.963257 0.605960 0.265339 0.345825 0.762877 0.464759 0.468667 0.357225 0.357633 0.408350 0.399405 0.344823 0.454463 0.361267 0.314340 0.340251 0.709394 0.781410 0.000000 0.501302 0.882751 0.687098 0.980821 0.962380 0.454551 0.334467 0.274994 0.266367 0.226016 0.218189 0.788915 0.783831 0.616053 0.842737 0.708506 0.922188 0.896772 0.731088 0.344095 0.295785 0.420752 0.375875 0.385077 0.317852 0.554625 0.496000 0.528138 0.498241 0.575642 0.742437 0.702751 0.744152 0.499006 0.466794 0.438266 0.480386 0.352749 0.600327 0.367876 0.418393 0.817734 0.829861 0.489426 0.527496 0.611552 0.420085 0.391616 0.360930 0.473114 0.332890 0.711809 0.721888 0.384225 0.558895 0.390039 0.360872 0.401755 0.401637 0.657482 0.643190 0.699853 0.830215 0.913868 0.924925 0.897399 0.845082 0.631096 0.637261 0.674859 0.816631 0.621355 0.634183 0.426297 0.670625 0.425059 0.405287 0.677344 0.554056 0.469572 0.534870 0.425104 0.418029 0.655830 0.823398 0.911965 0.670515 0.687660 0.569294 0.461570 0.667482 0.691632 0.931596
0.858598 0.945532 0.395537 0.418521 0.938237 0.610984 0.609265 0.765967 0.990490 0.976415 0.903674 0.789543 0.640664 0.519111 0.599204 0.425191 0.950334 0.819228 0.727496 0.779973 0.616140 0.874183 0.501302 0.000000 0.529016 0.431975 0.790462 0.897457 0.985779 0.790527 0.654713 0.565472 0.630611 0.664269 0.756289 0.879303 0.776399 0.943406 0.481796 0.795033 0.927168 0.902216 0.702274 0.710797 0.901849 0.869343 0.653903 0.639110 0.865877 0.982258 0.980673 0.949535 0.984580 0.986439 0.789679 0.807547 0.956165 0.946288 0.994241 0.990941 0.730029 0.789873 0.984475 0.959207 0.459165 0.467871 0.613341 0.614718 0.950384 0.902843 0.811092 0.769136 0.701577 0.606712 0.897309 0.821923 0.768506 0.939190 0.799498 0.716722 0.892753 0.618733 0.781829 0.673288 0.516152 0.423950 0.834789 0.696736 0.864155 0.745443 0.850168 0.887913 0.842505 0.834657 0.802024 0.857793 0.699109 0.805698 0.938646 0.853316 0.862117 0.936553 0.999099 0.919486 0.786360 0.820853 0.995964 0.995745 0.962643 0.798453 0.947520 0.937001 0.901530 0.932325 0.976699 0.915206
0.974601 0.867637 0.601222 0.630620 0.990670 0.900996 0.942854 0.875339 0.765102 0.545900 0.901860 0.931519 0.969779 0.881425 0.930527 0.773990 0.941342 0.998221 0.985058 0.906295 0.591232 0.926005 0.882751 0.529016 0.000000 0.327486 0.606943 0.803695 0.827446 0.901594 0.781526 0.807617 0.863503 0.960058 0.525314 0.854472 0.826703 0.727848 0.469456 0.681873 0.955967 0.883414 0.919825 0.912606 0.976947 0.950761 0.763427 0.759412 0.702428 0.844518 0.945580 0.898156 0.905108 0.838128 0.737667 0.888923 0.882832 0.819811 0.831796 0.917999 0.900806 0.839426 0.868340 0.759543 0.318058 0.385376 0.622264 0.593755 0.964115 0.885240 0.917905 0.979905 0.743767 0.780660 0.856165 0.895072 0.966942 0.890697 0.925302 0.895438 0.964077 0.817737 0.679638 0.805834 0.435252 0.303103 0.790856 0.725493 0.941942 0.620770 0.747498 0.634676 0.878037 0.928639 0.894215 0.943405 0.923964 0.833895 0.723765 0.796871 0.878582 0.835273 0.710015 0.709945 0.917442 0.927958 0.866976 0.863517 0.869103 0.956546 0.931427 0.796636 0.784928 0.960974 0.956906 0.933902
0.989965 0.905035 0.370812 0.383467 0.982619 0.650915 0.666119 0.848651 0.992075 0.762925 0.975760 0.993745 0.887540 0.806394 0.856933 0.722406 0.915243 0.971167 0.952265 0.983696 0.634804 0.911017 0.687098 0.431975 0.327486 0.000000 0.627047 0.832542 0.844607 0.940926 0.667610 0.702983 0.730372 0.782354 0.468564 0.781550 0.802019 0.756707 0.433390 0.609010 0.932610 0.980211 0.688667 0.704121 0.817592 0.825767 0.653939 0.662264 0.841646 0.966506 0.868596 0.886199 0.875979 0.943903 0.657372 0.698682 0.871614 0.826740 0.976969 0.974171 0.788365 0.754390 0.903529 0.790888 0.268354 0.287014 0.415735 0.425766 0.966318 0.971285 0.857940 0.756416 0.732188 0.654737 0.903756 0.952915 0.894250 0.972887 0.956219 0.796501 0.978567 0.720919 0.772155 0.868925 0.453660 0.282049 0.808256 0.671077 0.940710 0.579835 0.875212 0.986053 0.771952 0.675837 0.868924 0.874462 0.738493 0.989598 0.966412 0.954112 0.897667 0.915647 0.879525 0.911363 0.654189 0.894782 0.926064 0.967838 0.909876 0.907211 0.965783 0.998735 0.943070 0.906758 0.904539 0.930868
0.925009 0.827875 0.865986 0.777155 0.876419 0.826467 0.934948 0.890918 0.817221 0.737526 0.909246 0.947579 0.948350 0.954954 0.984696 0.898097 0.883854 0.898940 0.896059 0.789651 0.835821 0.824707 0.980821 0.790462 0.606943 0.627047 0.000000 0.743403 0.891054 0.795368 0.867747 0.940404 0.953961 0.872108 0.886930 0.922711 0.879805 0.943740 0.790349 0.851754 0.986254 0.900789 0.898096 0.880919 0.865271 0.924092 0.958568 0.993974 0.993511 0.922691 0.936748 0.911039 0.898737 0.867212 0.800955 0.803641 0.813157 0.800328 0.886045 0.933408 0.972850 0.953166 0.865905 0.781572 0.589421 0.643993 0.908387 0.936638 0.932366 0.938525 0.812799 0.824048 0.923638 0.944665 0.871356 0.886827 0.924361 0.836271 0.903855 0.978200 0.939936 0.841061 0.845051 0.931923 0.509706 0.535334 0.835036 0.600008 0.922461 0.639856 0.837801 0.868666 0.962003 0.939315 0.798823 0.978661 0.869749 0.760051 0.746197 0.818965 0.831312 0.829256 0.653493 0.731621 0.953268 0.817600 0.829101 0.743629 0.783534 0.947871 0.702215 0.855968 0.818166 0.863527 0.933890 0.941474
0.958927 0.986753 0.996797 0.916770 0.904939 0.638368 0.933800 0.889395 0.929882 0.882007 0.946346 0.969619 0.987045 0.890134 0.847309 0.773318 0.959288 0.974139 0.956156 0.952077 0.869524 0.788900 0.962380 0.897457 0.803695 0.832542 0.743403 0.000000 0.994993 0.953777 0.971648 0.890947 0.964529 0.935555 0.839246 0.965727 0.984027 0.993322 0.856339 0.937353 0.983077 0.947340 0.995809 0.979464 0.887509 0.940418 0.981270 0.976323 0.922556 0.944127 0.926995 0.958782 0.940150 0.956501 0.941973 0.870638 0.995164 0.993878 0.948516 0.892267 0.885111 0.834388 0.991082 0.935130 0.960436 0.986291 0.991524 0.960204 0.939144 0.939868 0.983693 0.805104 0.958208 0.928192 0.886231 0.986779 0.972214 0.938441 0.986553 0.935440 0.989683 0.922881 0.926204 0.934588 0.889975 0.844650 0.758777 0.894994 0.709148 0.913782 0.873080 0.921818 0.859816 0.949804 0.810424 0.869978 0.916820 0.988030 0.897442 0.939956 0.778214 0.821753 0.899794 0.996490 0.966830 0.948350 0.803316 0.844089 0.806594 0.870599 0.929591 0.949602 0.934125 0.924240 0.954943 0.993897
0.225132 0.251517 0.861773 0.900231 0.982128 0.883878 0.620746 0.479479 0.979185 0.474306 0.326236 0.268780 0.451622 0.459625 0.468450 0.542445 0.284825 0.244909 0.290942 0.279416 0.968760 0.819808 0.454551 0.985779 0.827446 0.844607 0.891054 0.994993 0.000000 0.210480 0.529097 0.443238 0.453550 0.382222 0.950621 0.994954 0.653464 0.889076 0.984774 0.896116 0.771115 0.641597 0.682239 0.589219 0.663768 0.596181 0.683093 0.558184 0.526074 0.615374 0.756011 0.740314 0.819382 0.950393 0.846842 0.827660 0.305346 0.284962 0.463688 0.485543 0.508645 0.714870 0.257750 0.251215 0.759756 0.799406 0.887837 0.887947 0.352586 0.300860 0.503743 0.599143 0.495794 0.589827 0.748362 0.822305 0.515349 0.473426 0.539476 0.414063 0.261548 0.371308 0.643496 0.627507 0.904305 0.858781 0.739217 0.780930 0.927530 0.902273 0.908318 0.809916 0.955398 0.897804 0.685097 0.740652 0.670997 0.737849 0.538822 0.541605 0.787240 0.585800 0.469973 0.524506 0.643216 0.576052 0.906448 0.970335 0.966652 0.707845 0.728624 0.576035 0.532990 0.649357 0.883449 0.873288
0.249043 0.242587 0.749637 0.828221 0.967091 0.820999 0.521707 0.462328 0.972145 0.464502 0.326941 0.280270 0.410592 0.434124 0.369188 0.454462 0.259332 0.217322 0.264730 0.220155 0.917569 0.753309 0.334467 0.790527 0.901594 0.940926 0.795368 0.953777 0.210480 0.000000 0.383222 0.339701 0.328183 0.291133 0.967047 0.907513 0.631883 0.819025 0.856770 0.966915 0.789543 0.660409 0.529305 0.451028 0.570990 0.525572 0.596517 0.462332 0.551948 0.588724 0.708085 0.678653 0.761585 0.890174 0.862708 0.871088 0.315536 0.281884 0.495401 0.522906 0.469412 0.744286 0.260310 0.254279 0.818274 0.851138 0.793089 0.783605 0.361245 0.310613 0.440647 0.494546 0.410857 0.420702 0.749381 0.744035 0.448682 0.431431 0.407496 0.384991 0.270391 0.360763 0.634881 0.610217 0.925742 0.889082 0.758329 0.720064 0.958689 0.975522 0.839830 0.763740 0.911546 0.919878 0.608581 0.725292 0.561822 0.613950 0.478032 0.452939 0.721588 0.566940 0.413552 0.501439 0.620458 0.482444 0.812395 0.873693 0.892573 0.699159 0.707177 0.542391 0.521414 0.578943 0.837980 0.984886
0.416110 0.476794 0.411452 0.532707 0.922534 0.696900 0.295232 0.406397 0.742989 0.564481 0.488953 0.541252 0.537118 0.574112 0.477413 0.555473 0.476726 0.430606 0.346768 0.370947 0.744675 0.703660 0.274994 0.654713 0.781526 0.667610 0.867747 0.971648 0.529097 0.383222 0.000000 0.284127 0.233779 0.245800 0.658543 0.697845 0.578535 0.683045 0.648298 0.809675 0.864559 0.756691 0.301353 0.267728 0.323069 0.325480 0.376099 0.327173 0.553148 0.539775 0.512078 0.515842 0.562297 0.768467 0.776776 0.767258 0.547155 0.546300 0.468192 0.534545 0.443477 0.709567 0.446732 0.509698 0.860962 0.877849 0.433364 0.504824 0.636162 0.487263 0.379870 0.361308 0.416578 0.359868 0.677716 0.814103 0.392221 0.611843 0.432515 0.399232 0.496814 0.558647 0.644319 0.751321 0.877732 0.930777 0.963065 0.749922 0.960502 0.937748 0.678885 0.720971 0.753927 0.817366 0.667224 0.677232 0.431249 0.714692 0.411372 0.445911 0.667753 0.510837 0.466725 0.482370 0.469564 0.483598 0.615426 0.685358 0.835711 0.800692 0.591966 0.601109 0.463079 0.566310 0.598741 0.947343
0.383480 0.445771 0.485066 0.538712 0.939371 0.711536 0.415959 0.429274 0.909530 0.582942 0.480000 0.447762 0.492191 0.425405 0.383259 0.438581 0.440886 0.384816 0.309505 0.301269 0.724646 0.705834 0.266367 0.565472 0.807617 0.702983 0.940404 0.890947 0.443238 0.339701 0.284127 0.000000 0.287540 0.317964 0.757076 0.772267 0.554679 0.833461 0.683736 0.925560 0.908243 0.697155 0.472361 0.448627 0.537113 0.565508 0.467175 0.445167 0.689758 0.748390 0.780454 0.776928 0.856223 0.975697 0.790278 0.847524 0.514494 0.520043 0.558472 0.655810 0.533290 0.766329 0.462455 0.522236 0.884408 0.900448 0.592097 0.660024 0.558204 0.442489 0.513731 0.497538 0.455753 0.438185 0.665599 0.872063 0.490254 0.632764 0.452643 0.489866 0.437969 0.425760 0.663919 0.684240 0.800219 0.864970 0.901572 0.897672 0.924378 0.888904 0.821551 0.813400 0.853797 0.918225 0.744413 0.699341 0.490192 0.688465 0.544782 0.541921 0.731737 0.613420 0.520509 0.534329 0.544133 0.574921 0.843355 0.859702 0.948565 0.668815 0.741421 0.635128 0.563062 0.637726 0.745229 0.904426
0.331463 0.368122 0.420264 0.510147 0.983371 0.650862 0.266565 0.323749 0.809642 0.482437 0.404919 0.418763 0.462114 0.515278 0.491785 0.463838 0.387169 0.347069 0.281460 0.302949 0.818502 0.726396 0.226016 0.630611 0.863503 0.730372 0.953961 0.964529 0.453550 0.328183 0.233779 0.287540 0.000000 0.204772 0.727849 0.662306 0.597742 0.686786 0.750137 0.922428 0.925749 0.687137 0.292890 0.260447 0.302872 0.305960 0.335882 0.317750 0.484664 0.479821 0.486488 0.478218 0.554480 0.755747 0.714449 0.684548 0.443193 0.428018 0.420479 0.464633 0.378470 0.587154 0.344720 0.417998 0.830736 0.834208 0.419925 0.484773 0.574374 0.396681 0.332786 0.338735 0.442575 0.339033 0.722502 0.773320 0.374983 0.569046 0.406085 0.363027 0.377380 0.425807 0.670386 0.750268 0.756745 0.890810 0.871982 0.761924 0.942115 0.870800 0.607002 0.620084 0.626688 0.780786 0.664084 0.629122 0.399024 0.611851 0.349544 0.371314 0.566303 0.479893 0.438402 0.461786 0.361939 0.380386 0.645246 0.689290 0.922482 0.713191 0.594211 0.562319 0.408157 0.596172 0.617884 0.888369
0.306943 0.343478 0.448076 0.528670 0.944925 0.589362 0.239843 0.292550 0.684689 0.413403 0.411596 0.391553 0.428472 0.491491 0.461735 0.420825 0.378536 0.302744 0.246019 0.257709 0.776372 0.737230 0.218189 0.664269 0.960058 0.782354 0.872108 0.935555 0.382222 0.291133 0.245800 0.317964 0.204772 0.000000 0.752403 0.752209 0.577067 0.751248 0.759868 0.938241 0.839538 0.696776 0.299371 0.232657 0.343822 0.324597 0.405309 0.319922 0.468906 0.429367 0.486610 0.482856 0.548269 0.737593 0.756383 0.735688 0.409265 0.400856 0.364206 0.449418 0.394283 0.638365 0.325913 0.377809 0.926249 0.918688 0.473723 0.524112 0.569295 0.358260 0.329140 0.343564 0.517118 0.404403 0.766187 0.715316 0.372806 0.504676 0.383642 0.317214 0.370507 0.425066 0.698277 0.685955 0.829986 0.947658 0.772898 0.760524 0.931245 0.917316 0.586424 0.544470 0.635161 0.743121 0.541395 0.603163 0.435023 0.597383 0.328895 0.330517 0.626688 0.453378 0.377192 0.413412 0.392734 0.358178 0.655378 0.674609 0.898904 0.709619 0.626279 0.494105 0.391567 0.551067 0.653879 0.993580
0.915819 0.941431 0.561706 0.555181 0.983321 0.855219 0.670189 0.791335 0.994384 0.855931 0.996030 0.954651 0.935596 0.946062 0.975810 0.969153 0.973109 0.867095 0.976825 0.936551 0.770543 0.823195 0.788915 0.756289 0.525314 0.468564 0.886930 0.839246 0.950621 0.967047 0.658543 0.757076 0.727849 0.752403 0.000000 0.681121 0.685560 0.643562 0.618905 0.818048 0.918666 0.965219 0.634863 0.668211 0.609072 0.690487 0.725284 0.644014 0.975486 0.866793 0.786388 0.806606 0.832780 0.884135 0.747086 0.780996 0.884189 0.914194 0.933867 0.829591 0.778862 0.681754 0.936119 0.976925 0.544685 0.527964 0.420730 0.357919 0.983718 0.963900 0.708172 0.687744 0.828915 0.698611 0.943849 0.981030 0.825094 0.898161 0.917218 0.850969 0.895338 0.832787 0.835060 0.889302 0.723173 0.624150 0.832974 0.963838 0.926617 0.706384 0.748976 0.961163 0.697290 0.672185 0.768669 0.846538 0.700302 0.921231 0.809732 0.827145 0.782139 0.899273 0.964348 0.870000 0.602799 0.724058 0.798374 0.813113 0.872088 0.988767 0.722829 0.773021 0.893080 0.821275 0.863143 0.861189
0.925711 0.813408 0.635221 0.582809 0.929431 0.922930 0.591145 0.654569 0.799871 0.805707 0.877389 0.940976 0.985138 0.982294 0.963638 0.986569 0.851379 0.888365 0.786297 0.805709 0.915032 0.781037 0.783831 0.879303 0.854472 0.781550 0.922711 0.965727 0.994954 0.907513 0.697845 0.772267 0.662306 0.752209 0.681121 0.000000 0.715260 0.540717 0.839368 0.933832 0.954088 0.859678 0.560621 0.619688 0.505927 0.648783 0.598671 0.673221 0.779634 0.740682 0.725365 0.752451 0.777794 0.861698 0.834496 0.912570 0.817827 0.822578 0.775335 0.805086 0.889169 0.802449 0.896062 0.906344 0.779719 0.737957 0.436514 0.538116 0.958150 0.830533 0.535145 0.593299 0.907045 0.801937 0.901874 0.798802 0.617794 0.715768 0.819587 0.937212 0.843307 0.908042 0.941750 0.988212 0.968143 0.915510 0.947372 0.881226 0.940267 0.884918 0.588558 0.673424 0.539584 0.592108 0.928123 0.682446 0.649585 0.616383 0.595414 0.538178 0.590286 0.645781 0.751734 0.654308 0.642592 0.649834 0.765610 0.626820 0.857719 0.989997 0.700986 0.720453 0.687667 0.692723 0.694127 0.756840
0.570244 0.656415 0.609535 0.613489 0.783348 0.924266 0.633219 0.644745 0.885830 0.845571 0.661793 0.738088 0.742304 0.753648 0.804810 0.753214 0.717448 0.634971 0.666330 0.619770 0.790650 0.821384 0.616053 0.776399 0.826703 0.802019 0.879805 0.984027 0.653464 0.631883 0.578535 0.554679 0.597742 0.577067 0.685560 0.715260 0.000000 0.672636 0.631791 0.904662 0.780775 0.844009 0.690281 0.613351 0.647894 0.656643 0.581485 0.558769 0.856611 0.769567 0.776756 0.815964 0.843829 0.920297 0.806431 0.791578 0.687018 0.713438 0.705637 0.681387 0.632369 0.700959 0.705736 0.725503 0.820940 0.806392 0.613631 0.616147 0.727039 0.653946 0.604558 0.725936 0.722957 0.645334 0.877331 0.999052 0.561682 0.676503 0.759006 0.688935 0.704327 0.671983 0.844033 0.861865 0.890951 0.854064 0.928488 0.801823 0.939425 0.787316 0.903640 0.862410 0.852135 0.873826 0.771834 0.695216 0.662882 0.796812 0.678622 0.694635 0.937465 0.730794 0.607198 0.725293 0.648390 0.696254 0.969753 0.796535 0.959822 0.769239 0.687643 0.665647 0.729764 0.829093 0.765362 0.785583
0.845087 0.772848 0.702668 0.736752 0.998982 0.945572 0.758018 0.836893 0.975647 0.978944 0.908771 0.994622 0.942095 0.995753 0.994317 0.983288 0.800689 0.783885 0.849179 0.800263 0.887224 0.646841 0.842737 0.943406 0.727848 0.756707 0.943740 0.993322 0.889076 0.819025 0.683045 0.833461 0.686786 0.751248 0.643562 0.540717 0.672636 0.000000 0.735558 0.872825 0.978752 0.891145 0.633111 0.616190 0.563667 0.631484 0.647180 0.623608 0.857663 0.716326 0.678469 0.706931 0.702869 0.792632 0.800331 0.792182 0.768224 0.815751 0.848170 0.793443 0.819709 0.826912 0.834863 0.864192 0.763015 0.755176 0.551385 0.541325 0.866260 0.806506 0.621869 0.666565 0.694267 0.691535 0.899419 0.986483 0.784520 0.771659 0.876910 0.880775 0.816974 0.845048 0.856547 0.997875 0.903998 0.827723 0.877867 0.780172 0.945545 0.939593 0.860991 0.874195 0.784018 0.822606 0.862523 0.694442 0.713428 0.748038 0.783420 0.728334 0.768867 0.726520 0.730215 0.754312 0.714692 0.725696 0.813273 0.777616 0.968122 0.932757 0.664166 0.758557 0.849552 0.634198 0.816180 0.861659
