0.000000 0.124871 0.192526 0.167239 0.652691 0.427074 0.172839 0.126780 0.374219 0.262894 0.181174 0.115843 0.133161 0.219350 0.213544 0.229843 0.115692 0.119761 0.120728 0.122612 0.409779 0.761419 0.221103 0.354998 0.528200 0.427549 0.910974 0.964200 0.162427 0.129866 0.203423 0.274249 0.129649 0.131153 0.373487 0.538693 0.331587 0.443162 0.590897 0.670748 0.676944 0.529079 0.196359 0.177785 0.200598 0.158841 0.161898 0.170359 0.545021 0.245409 0.319080 0.235156 0.365442 0.377267 0.375556 0.402448 0.149210 0.136667 0.121364 0.150587 0.110197 0.173097 0.119220 0.119681 0.313530 0.204177 0.173064 0.146137 0.289582 0.168275 0.232591 0.244757 0.326325 0.331450 0.567829 0.553148 0.275507 0.261110 0.129893 0.191232 0.091391 0.117024 0.379774 0.238964 0.203326 0.316608 0.923793 0.993495 0.386121 0.424803 0.469357 0.549695 0.438314 0.674453 0.341591 0.431058 0.262862 0.433318 0.227521 0.210797 0.525896 0.576630 0.274769 0.297961 0.271862 0.284348 0.746430 0.512690 0.516955 0.306090 0.622255 0.340585 0.288493 0.401400 0.427841 0.913836
0.124871 0.000000 0.235224 0.200636 0.649796 0.467648 0.203110 0.146408 0.444846 0.290734 0.214300 0.125779 0.144943 0.195750 0.216699 0.238932 0.134486 0.125573 0.130069 0.138543 0.397533 0.773698 0.228583 0.348606 0.529348 0.460731 0.893804 0.942298 0.143956 0.144333 0.210569 0.278724 0.145047 0.158790 0.428198 0.538521 0.318346 0.483324 0.591564 0.645630 0.749675 0.431214 0.194386 0.171158 0.206223 0.174787 0.178207 0.149150 0.509122 0.276222 0.332640 0.258983 0.418125 0.399407 0.386424 0.427779 0.117887 0.106007 0.115925 0.152742 0.128359 0.191521 0.129400 0.113990 0.357511 0.258391 0.204191 0.169615 0.302296 0.155425 0.252636 0.260528 0.406420 0.421354 0.610619 0.581198 0.292677 0.304708 0.184345 0.228947 0.110720 0.131070 0.357080 0.218576 0.213108 0.311124 0.989843 0.959106 0.413499 0.417058 0.552192 0.615227 0.500157 0.752232 0.265914 0.473780 0.280108 0.337011 0.269049 0.234587 0.571200 0.630113 0.308778 0.266038 0.269722 0.273740 0.802609 0.565688 0.515072 0.307550 0.608515 0.341929 0.353551 0.358421 0.415382 0.853533
0.192526 0.235224 0.000000 0.103418 0.666274 0.441494 0.145113 0.168942 0.326549 0.329905 0.238864 0.230491 0.215564 0.328633 0.290529 0.300733 0.267959 0.214531 0.179166 0.186504 0.378842 0.761637 0.216075 0.308598 0.373003 0.265679 0.934234 0.924512 0.275359 0.231577 0.170583 0.265423 0.158105 0.200534 0.416252 0.633053 0.320846 0.519127 0.520770 0.665626 0.784374 0.561030 0.203146 0.196539 0.285635 0.274997 0.235687 0.242208 0.683606 0.356874 0.423854 0.341760 0.433614 0.377319 0.415835 0.490526 0.300175 0.288166 0.285552 0.301518 0.175582 0.252661 0.277407 0.277473 0.189849 0.144822 0.178491 0.178709 0.317612 0.245571 0.229599 0.279681 0.280942 0.253818 0.647879 0.609358 0.293208 0.284920 0.250083 0.296782 0.210507 0.195026 0.451545 0.309832 0.262915 0.295382 0.893897 0.980556 0.440403 0.435099 0.417799 0.498270 0.400648 0.578194 0.349877 0.516017 0.360420 0.521352 0.312986 0.301873 0.502601 0.504982 0.415574 0.310586 0.305387 0.365388 0.823061 0.537883 0.606628 0.436741 0.668627 0.444759 0.341072 0.522712 0.471387 0.888718
0.167239 0.200636 0.103418 0.000000 0.655148 0.411444 0.130858 0.128456 0.327997 0.273268 0.241895 0.174124 0.173033 0.259497 0.225365 0.234400 0.230338 0.183064 0.154512 0.174950 0.350801 0.736426 0.174587 0.292909 0.390370 0.292339 0.929388 0.921796 0.227816 0.189879 0.156822 0.235641 0.121596 0.159343 0.354721 0.600712 0.288777 0.473691 0.503348 0.686802 0.739539 0.497199 0.162805 0.161662 0.228226 0.222057 0.192322 0.199648 0.616247 0.314083 0.384614 0.292055 0.427308 0.380216 0.396601 0.467408 0.242565 0.235664 0.224428 0.257041 0.145554 0.208317 0.232886 0.213383 0.200187 0.143642 0.150140 0.135542 0.320400 0.232714 0.182700 0.244330 0.298177 0.322453 0.588420 0.603986 0.261972 0.276137 0.219020 0.274928 0.171503 0.157763 0.393549 0.248351 0.221394 0.254488 0.903460 0.972290 0.425663 0.398138 0.408356 0.490590 0.376129 0.573158 0.341444 0.479757 0.330257 0.475175 0.260087 0.242550 0.484824 0.493993 0.326611 0.270054 0.256270 0.307036 0.846020 0.549358 0.625160 0.419118 0.600514 0.373165 0.320465 0.436395 0.452641 0.953500
0.652691 0.649796 0.666274 0.655148 0.000000 0.653556 0.650367 0.624957 0.828788 0.690161 0.773136 0.689503 0.600791 0.685214 0.650559 0.627635 0.703100 0.728726 0.666215 0.763789 0.669609 0.760511 0.620094 0.656888 0.855969 0.840463 0.787588 0.843418 0.683677 0.722571 0.743664 0.851793 0.667788 0.690350 0.800685 0.832479 0.877452 0.849434 0.751617 0.879886 0.778845 0.719205 0.626488 0.667909 0.648278 0.648481 0.556245 0.641393 0.765277 0.629526 0.556280 0.555357 0.685111 0.519473 0.735392 0.661906 0.717080 0.754711 0.699308 0.717316 0.630918 0.613928 0.656635 0.641638 0.655450 0.625863 0.603540 0.647457 0.857444 0.722982 0.506176 0.651035 0.775499 0.801537 0.932078 0.721626 0.732710 0.759612 0.751668 0.767775 0.647226 0.671712 0.620864 0.665011 0.570145 0.592515 0.918837 0.866612 0.859689 0.651416 0.620013 0.641119 0.634843 0.747880 0.795581 0.747926 0.741046 0.700836 0.669009 0.640154 0.777874 0.849293 0.637451 0.723280 0.567221 0.694840 0.787462 0.609221 0.761712 0.857496 0.818434 0.748858 0.685950 0.687785 0.698643 0.994649
0.427074 0.467648 0.441494 0.411444 0.653556 0.000000 0.335095 0.347543 0.480208 0.388342 0.469444 0.448475 0.438806 0.564444 0.522027 0.497657 0.505533 0.457399 0.443801 0.507122 0.584925 0.957776 0.504580 0.622812 0.786334 0.633089 0.957940 0.878992 0.506082 0.507201 0.482001 0.580252 0.442377 0.470031 0.514744 0.783295 0.600108 0.841411 0.868238 0.952866 0.669461 0.615590 0.365278 0.414998 0.379725 0.394250 0.393670 0.401877 0.774211 0.567620 0.530420 0.466731 0.575739 0.514364 0.652360 0.693766 0.518679 0.542232 0.477046 0.511841 0.434272 0.511012 0.447910 0.481778 0.603678 0.466622 0.335470 0.384284 0.626494 0.508953 0.344833 0.343205 0.562560 0.577514 0.638226 0.727746 0.432817 0.458578 0.425707 0.584280 0.413609 0.438450 0.701522 0.486231 0.503034 0.625915 0.954232 0.917040 0.746993 0.665469 0.356614 0.439871 0.325197 0.515048 0.572067 0.652594 0.440901 0.753604 0.399363 0.424269 0.503097 0.469890 0.520644 0.490461 0.412958 0.569738 0.877116 0.647075 0.784706 0.656355 0.658384 0.549948 0.430421 0.528789 0.615982 0.918851
0.172839 0.203110 0.145113 0.130858 0.650367 0.335095 0.000000 0.102464 0.299217 0.204132 0.203220 0.209170 0.218415 0.344653 0.326182 0.334326 0.195965 0.155856 0.136390 0.181494 0.385971 0.705788 0.297784 0.445696 0.594034 0.438244 0.893934 0.924931 0.259106 0.223060 0.242792 0.307772 0.152564 0.152070 0.449928 0.617076 0.404198 0.550805 0.630703 0.709854 0.697530 0.486941 0.142216 0.115906 0.170696 0.186290 0.211014 0.208138 0.644916 0.368780 0.381437 0.327894 0.459307 0.341292 0.428916 0.544917 0.205333 0.232471 0.223905 0.304498 0.164249 0.282714 0.228519 0.238099 0.314465 0.199739 0.109239 0.121732 0.321353 0.249595 0.192340 0.189874 0.305843 0.296240 0.599818 0.565239 0.243271 0.240206 0.246612 0.278667 0.172453 0.175876 0.469464 0.311765 0.311286 0.394115 0.931178 0.894377 0.477325 0.535719 0.314151 0.364929 0.295013 0.427934 0.322330 0.463777 0.284285 0.467812 0.215436 0.201390 0.416749 0.358203 0.344956 0.230672 0.272670 0.320350 0.883792 0.506634 0.602364 0.416059 0.564510 0.329059 0.230401 0.375318 0.453879 0.894561
0.126780 0.146408 0.168942 0.128456 0.624957 0.347543 0.102464 0.000000 0.345221 0.178605 0.206305 0.137396 0.154992 0.247842 0.231687 0.258183 0.158271 0.135054 0.146304 0.165786 0.391660 0.762749 0.240526 0.395298 0.587367 0.446631 0.860371 0.929543 0.196792 0.173851 0.238093 0.308691 0.123754 0.130465 0.380746 0.566555 0.341972 0.459707 0.620519 0.681079 0.655908 0.448188 0.141619 0.137815 0.148620 0.154893 0.182366 0.178525 0.532893 0.292030 0.314334 0.251789 0.395466 0.347002 0.393196 0.459472 0.161111 0.167259 0.162769 0.221039 0.116513 0.175985 0.169256 0.142223 0.284998 0.186311 0.117257 0.117057 0.357980 0.200688 0.205673 0.218968 0.352189 0.374307 0.603358 0.556400 0.252179 0.236284 0.181366 0.284034 0.130150 0.155496 0.431046 0.264436 0.233440 0.338674 0.977112 0.900856 0.440776 0.411364 0.318562 0.381315 0.287979 0.490724 0.271314 0.379102 0.239752 0.394032 0.164904 0.153201 0.380281 0.433660 0.254414 0.200595 0.206809 0.269718 0.832787 0.453667 0.576574 0.355797 0.531983 0.296438 0.238030 0.356314 0.421864 0.898566
0.374219 0.444846 0.326549 0.327997 0.828788 0.480208 0.299217 0.345221 0.000000 0.362686 0.357977 0.372779 0.377133 0.493575 0.456626 0.433370 0.424367 0.386938 0.373102 0.367937 0.566052 0.815314 0.409842 0.556469 0.665536 0.510731 0.858615 0.996934 0.442237 0.406763 0.404571 0.454311 0.361173 0.371548 0.563989 0.702367 0.476273 0.547121 0.769950 0.739962 0.891424 0.707157 0.371996 0.345693 0.408305 0.399107 0.368948 0.396343 0.777760 0.502747 0.480653 0.444431 0.529390 0.460713 0.586165 0.590895 0.436766 0.459380 0.428728 0.475145 0.331813 0.425467 0.409788 0.449258 0.373362 0.348063 0.342510 0.341605 0.430968 0.453547 0.376220 0.465408 0.368896 0.347584 0.669545 0.564546 0.409611 0.386203 0.443949 0.410518 0.401195 0.406478 0.594065 0.541830 0.459395 0.536776 0.921866 0.908957 0.599939 0.637109 0.467336 0.478322 0.442483 0.521239 0.518190 0.473937 0.515398 0.767606 0.363465 0.370505 0.509223 0.432868 0.498607 0.375770 0.465173 0.499363 0.817951 0.556128 0.702133 0.600639 0.603753 0.546906 0.399586 0.619494 0.507461 0.913326
0.262894 0.290734 0.329905 0.273268 0.690161 0.388342 0.204132 0.178605 0.362686 0.000000 0.261501 0.242675 0.298643 0.378464 0.362395 0.389977 0.249038 0.243932 0.278962 0.306661 0.529892 0.786417 0.412593 0.576078 0.803886 0.577645 0.939682 0.968542 0.307649 0.275602 0.390839 0.419539 0.239664 0.232256 0.436312 0.674126 0.465498 0.520177 0.743482 0.759402 0.774321 0.455969 0.268458 0.269094 0.263936 0.283249 0.369826 0.328508 0.620951 0.429801 0.432394 0.363735 0.538927 0.448112 0.519187 0.568382 0.280746 0.304470 0.266317 0.341643 0.244872 0.282279 0.297203 0.266524 0.419500 0.284667 0.253377 0.248567 0.412989 0.265154 0.336516 0.306376 0.378132 0.412358 0.584141 0.528713 0.324037 0.284249 0.322060 0.364605 0.248822 0.296615 0.572231 0.354982 0.427100 0.543805 0.991764 0.810949 0.565095 0.581087 0.361232 0.373847 0.331971 0.460096 0.409005 0.410017 0.347082 0.480659 0.198081 0.211192 0.398308 0.346205 0.334135 0.236364 0.339942 0.364769 0.884768 0.489882 0.687927 0.485649 0.578139 0.370524 0.281202 0.386460 0.486493 0.929709
0.181174 0.214300 0.238864 0.241895 0.773136 0.469444 0.203220 0.206305 0.357977 0.261501 0.000000 0.169895 0.204311 0.276179 0.303972 0.307850 0.136216 0.126760 0.142274 0.138224 0.443456 0.745749 0.331792 0.391782 0.603893 0.435939 0.991281 0.886112 0.184669 0.134660 0.240876 0.230762 0.194579 0.164821 0.539633 0.607753 0.452115 0.585412 0.650058 0.623244 0.713909 0.576687 0.292628 0.240651 0.351476 0.319233 0.288105 0.285428 0.797107 0.465803 0.529622 0.459888 0.547969 0.500292 0.488403 0.612644 0.189307 0.212848 0.261118 0.317179 0.191194 0.295766 0.173737 0.207159 0.394926 0.257380 0.265326 0.253236 0.279037 0.264084 0.334058 0.336942 0.363448 0.341825 0.665850 0.569637 0.331674 0.263737 0.227101 0.211880 0.156614 0.177995 0.391092 0.278940 0.376274 0.449889 0.853277 0.984176 0.520236 0.608553 0.559828 0.625703 0.562253 0.700604 0.357958 0.534876 0.393213 0.558413 0.382602 0.315252 0.603577 0.530742 0.391682 0.267376 0.429854 0.414919 0.883230 0.619645 0.692071 0.410214 0.650360 0.440270 0.365479 0.440819 0.517343 0.986968
0.115843 0.125779 0.230491 0.174124 0.689503 0.448475 0.209170 0.137396 0.372779 0.242675 0.169895 0.000000 0.102480 0.134591 0.145274 0.159920 0.111901 0.114139 0.137596 0.141065 0.404454 0.753937 0.184898 0.299998 0.538801 0.440197 0.954926 0.889889 0.112245 0.099727 0.197277 0.237738 0.127044 0.148977 0.391375 0.551687 0.341033 0.433301 0.577503 0.642218 0.687454 0.491265 0.227224 0.208800 0.245130 0.213292 0.203112 0.186449 0.588084 0.317215 0.376316 0.290451 0.448020 0.447581 0.413038 0.470179 0.135277 0.144043 0.148550 0.180786 0.104886 0.147293 0.103716 0.090701 0.308021 0.203493 0.211638 0.182753 0.321370 0.185459 0.256139 0.280965 0.367606 0.389362 0.587055 0.559747 0.274845 0.239178 0.154082 0.232910 0.114568 0.157449 0.318381 0.216836 0.213633 0.307233 0.904385 0.953440 0.415848 0.427106 0.551565 0.625893 0.502707 0.770474 0.303892 0.455501 0.347762 0.396980 0.268720 0.224214 0.565784 0.631649 0.283792 0.259773 0.287791 0.274890 0.790553 0.557575 0.578864 0.290222 0.580123 0.374843 0.340533 0.361652 0.412599 0.965010
0.133161 0.144943 0.215564 0.173033 0.600791 0.438806 0.218415 0.154992 0.377133 0.298643 0.204311 0.102480 0.000000 0.110536 0.099529 0.113032 0.145109 0.157719 0.155877 0.184026 0.346001 0.758945 0.125341 0.219393 0.487326 0.429765 0.985711 0.938832 0.135396 0.132843 0.171211 0.252973 0.150736 0.174969 0.409682 0.566554 0.309635 0.404475 0.550313 0.637984 0.651651 0.500848 0.217287 0.211977 0.261779 0.234892 0.191253 0.182794 0.607284 0.316972 0.354865 0.279607 0.430790 0.425180 0.408308 0.486890 0.174786 0.183504 0.177294 0.222024 0.099137 0.156187 0.108139 0.107011 0.251401 0.198475 0.204259 0.193181 0.399255 0.240237 0.237174 0.292750 0.396646 0.422170 0.639578 0.539429 0.292684 0.260111 0.180898 0.276836 0.133303 0.180364 0.241272 0.250752 0.162253 0.239929 0.882542 0.952027 0.418716 0.381304 0.549268 0.624351 0.498321 0.770683 0.326879 0.479636 0.344887 0.414567 0.312899 0.266805 0.586336 0.639351 0.282338 0.309072 0.270847 0.252364 0.756520 0.509085 0.549415 0.331464 0.600994 0.414413 0.393027 0.396430 0.392919 0.990909
0.219350 0.195750 0.328633 0.259497 0.685214 0.564444 0.344653 0.247842 0.493575 0.378464 0.276179 0.134591 0.110536 0.000000 0.096208 0.118028 0.209060 0.223397 0.236414 0.258697 0.371729 0.754704 0.152458 0.198038 0.526690 0.493769 0.984428 0.855252 0.156011 0.173725 0.226950 0.269578 0.216276 0.244487 0.423005 0.598835 0.346862 0.402811 0.577292 0.637587 0.709697 0.509936 0.305936 0.303748 0.354360 0.323547 0.267535 0.243667 0.591457 0.372765 0.410723 0.356452 0.508729 0.527752 0.472692 0.552564 0.222126 0.230845 0.216290 0.279548 0.168049 0.207808 0.151158 0.136998 0.306649 0.277272 0.292988 0.272802 0.482099 0.299825 0.327684 0.400633 0.532034 0.572313 0.677249 0.603661 0.334629 0.309229 0.230787 0.349346 0.213800 0.268260 0.218872 0.310194 0.199500 0.247439 0.881714 0.910926 0.476794 0.408806 0.680608 0.762875 0.621899 0.911592 0.367456 0.511606 0.443563 0.375788 0.401046 0.337086 0.638681 0.753139 0.292507 0.380996 0.327244 0.293864 0.835241 0.582542 0.568025 0.372020 0.610038 0.483675 0.505386 0.447680 0.417953 0.978057
0.213544 0.216699 0.290529 0.225365 0.650559 0.522027 0.326182 0.231687 0.456626 0.362395 0.303972 0.145274 0.099529 0.096208 0.000000 0.102732 0.234333 0.250171 0.250627 0.278679 0.377597 0.777825 0.114349 0.199412 0.460270 0.431147 0.949947 0.907809 0.190583 0.188580 0.207306 0.289988 0.215482 0.251665 0.375903 0.616451 0.310754 0.412045 0.560178 0.626307 0.679306 0.541700 0.285242 0.295024 0.331498 0.304901 0.257342 0.231514 0.579471 0.337857 0.374809 0.298901 0.436729 0.464358 0.423300 0.483885 0.262139 0.260551 0.230894 0.264189 0.150792 0.176573 0.174057 0.152137 0.240978 0.236197 0.276746 0.269195 0.490747 0.302100 0.301947 0.376442 0.450232 0.527516 0.648005 0.590248 0.335510 0.303855 0.247617 0.358812 0.214218 0.258531 0.246230 0.309960 0.165866 0.223214 0.857619 0.875327 0.424197 0.338876 0.631601 0.705664 0.564378 0.868374 0.358441 0.520078 0.420244 0.410729 0.358614 0.317770 0.623523 0.728009 0.290500 0.379808 0.292314 0.264712 0.729866 0.530600 0.594266 0.415756 0.651848 0.467576 0.480601 0.466817 0.402540 0.954502
0.229843 0.238932 0.300733 0.234400 0.627635 0.497657 0.334326 0.258183 0.433370 0.389977 0.307850 0.159920 0.113032 0.118028 0.102732 0.000000 0.241445 0.254830 0.246748 0.301356 0.365520 0.813803 0.106870 0.176557 0.454947 0.461422 0.921327 0.890181 0.189192 0.203122 0.188514 0.268682 0.221666 0.270887 0.426495 0.621951 0.359250 0.428696 0.554251 0.624218 0.670375 0.519260 0.284374 0.301936 0.361770 0.324133 0.263662 0.247737 0.670833 0.369251 0.409257 0.330091 0.456071 0.448622 0.490586 0.523952 0.284409 0.290848 0.254894 0.293705 0.170480 0.217113 0.181427 0.169582 0.279857 0.246617 0.274599 0.292237 0.445422 0.314622 0.256737 0.335124 0.443613 0.520750 0.625806 0.582263 0.335066 0.290386 0.238876 0.330871 0.212897 0.258977 0.224803 0.295745 0.187487 0.209725 0.883725 0.895523 0.464429 0.410263 0.631880 0.710116 0.566242 0.857600 0.402606 0.491409 0.460609 0.440205 0.417705 0.371784 0.668378 0.696634 0.315839 0.416192 0.313863 0.299252 0.719295 0.634863 0.618835 0.453070 0.713407 0.532328 0.509499 0.430201 0.447743 0.997977
0.115692 0.134486 0.267959 0.230338 0.703100 0.505533 0.195965 0.158271 0.424367 0.249038 0.136216 0.111901 0.145109 0.209060 0.234333 0.241445 0.000000 0.093811 0.120316 0.133234 0.434259 0.689552 0.276960 0.395119 0.640325 0.529284 0.929708 0.962817 0.122556 0.107318 0.243739 0.238142 0.151284 0.128338 0.473808 0.548929 0.396081 0.502060 0.627542 0.637325 0.674485 0.493433 0.242897 0.185578 0.251068 0.228574 0.238362 0.222201 0.649899 0.358411 0.428831 0.338865 0.496609 0.453057 0.447675 0.526377 0.110071 0.130806 0.158248 0.206555 0.135578 0.211067 0.120909 0.121668 0.389063 0.243540 0.219545 0.194966 0.281034 0.183160 0.293067 0.280858 0.357347 0.361782 0.611390 0.522803 0.302163 0.243971 0.159460 0.186352 0.106486 0.146246 0.350293 0.250971 0.291033 0.380683 0.936536 0.970435 0.447607 0.519881 0.584229 0.637738 0.555200 0.729603 0.319042 0.478918 0.327311 0.391677 0.305452 0.231936 0.616711 0.592511 0.296362 0.256896 0.343294 0.275628 0.832660 0.593177 0.594945 0.313271 0.602294 0.344423 0.354955 0.322974 0.489179 0.927103
0.119761 0.125573 0.214531 0.183064 0.728726 0.457399 0.155856 0.135054 0.386938 0.243932 0.126760 0.114139 0.157719 0.223397 0.250171 0.254830 0.093811 0.000000 0.090798 0.098059 0.418713 0.714621 0.283806 0.398079 0.598541 0.467269 0.900269 0.897727 0.120264 0.099171 0.234030 0.230171 0.125573 0.120792 0.463719 0.582223 0.374567 0.510495 0.614981 0.596309 0.758595 0.465627 0.195713 0.148545 0.232739 0.198687 0.196075 0.182547 0.621352 0.357128 0.413412 0.342314 0.485089 0.439908 0.441249 0.500675 0.099054 0.111952 0.164224 0.218275 0.126853 0.219028 0.111671 0.114994 0.368907 0.230539 0.192816 0.176221 0.268532 0.194795 0.284954 0.272073 0.387148 0.369856 0.575903 0.555545 0.296188 0.230802 0.156025 0.202434 0.107091 0.121284 0.353165 0.220247 0.281530 0.361972 0.903809 0.940913 0.459531 0.497589 0.522138 0.587965 0.503178 0.686020 0.303710 0.449706 0.322369 0.400659 0.272891 0.217018 0.552122 0.556601 0.304227 0.221146 0.305221 0.299766 0.870861 0.596952 0.605478 0.324399 0.628307 0.319277 0.296820 0.354327 0.428875 0.926732
0.120728 0.130069 0.179166 0.154512 0.666215 0.443801 0.136390 0.146304 0.373102 0.278962 0.142274 0.137596 0.155877 0.236414 0.250627 0.246748 0.120316 0.090798 0.000000 0.104981 0.394442 0.691823 0.256238 0.358908 0.501784 0.430000 0.911938 0.923877 0.160687 0.120127 0.187154 0.236325 0.140960 0.132701 0.448153 0.568402 0.371472 0.515063 0.540208 0.642068 0.744413 0.457471 0.178184 0.142947 0.235221 0.208939 0.177744 0.181200 0.635463 0.324548 0.399706 0.330916 0.493621 0.399250 0.415091 0.530184 0.140768 0.151635 0.181283 0.237048 0.135991 0.253067 0.138861 0.153871 0.337782 0.225353 0.178194 0.168801 0.259698 0.202110 0.223486 0.235374 0.335930 0.326849 0.600404 0.519313 0.302027 0.256185 0.195603 0.182275 0.115258 0.123235 0.362432 0.250940 0.266599 0.337562 0.904160 0.978759 0.463688 0.518360 0.515783 0.586875 0.495731 0.665341 0.313437 0.467071 0.331230 0.430684 0.287333 0.261482 0.579626 0.555293 0.332568 0.272807 0.307962 0.312402 0.797419 0.592394 0.564474 0.341393 0.624811 0.342720 0.333249 0.393898 0.455675 0.938375
0.122612 0.138543 0.186504 0.174950 0.763789 0.507122 0.181494 0.165786 0.367937 0.306661 0.138224 0.141065 0.184026 0.258697 0.278679 0.301356 0.133234 0.098059 0.104981 0.000000 0.431355 0.735666 0.281185 0.365801 0.513483 0.372782 0.936351 0.939749 0.148653 0.115450 0.209318 0.216400 0.137766 0.124362 0.447972 0.611379 0.369533 0.531423 0.603975 0.616754 0.802637 0.538002 0.226122 0.181125 0.271498 0.226339 0.201114 0.206169 0.639970 0.337273 0.445255 0.365382 0.489929 0.481997 0.433951 0.500128 0.138738 0.138052 0.183814 0.216931 0.153728 0.238649 0.153493 0.166170 0.351882 0.233441 0.224533 0.185105 0.257223 0.202578 0.290253 0.306108 0.324546 0.318500 0.616924 0.570056 0.306632 0.279326 0.191571 0.188923 0.128343 0.124843 0.410918 0.257672 0.295996 0.383264 0.848763 0.950380 0.421446 0.498640 0.569169 0.655515 0.557672 0.748418 0.320136 0.504203 0.345466 0.473428 0.302257 0.258629 0.560066 0.631663 0.373658 0.270403 0.364743 0.339702 0.822471 0.581339 0.578536 0.338503 0.609875 0.355725 0.351038 0.446886 0.449293 0.884136
0.409779 0.397533 0.378842 0.350801 0.669609 0.584925 0.385971 0.391660 0.566052 0.529892 0.443456 0.404454 0.346001 0.371729 0.377597 0.365520 0.434259 0.418713 0.394442 0.431355 0.000000 0.771566 0.333273 0.350739 0.503966 0.498313 0.994093 0.918237 0.436271 0.441006 0.332493 0.480007 0.370190 0.363575 0.477939 0.702985 0.468427 0.478393 0.588292 0.694239 0.636865 0.684617 0.369793 0.351235 0.432433 0.404912 0.381306 0.375582 0.759125 0.460236 0.543287 0.483602 0.606306 0.507170 0.517712 0.656745 0.442324 0.426230 0.401722 0.427104 0.375382 0.436152 0.400257 0.399246 0.398799 0.407047 0.370157 0.390209 0.560448 0.481656 0.350848 0.394418 0.523184 0.556575 0.784932 0.714809 0.370484 0.353985 0.458493 0.480574 0.411195 0.383705 0.379074 0.423765 0.375921 0.415047 0.946685 0.964204 0.635304 0.510342 0.596918 0.691087 0.555673 0.781287 0.493170 0.593626 0.464035 0.602471 0.548609 0.479855 0.693067 0.637883 0.409473 0.436127 0.410910 0.427523 0.859277 0.589263 0.581771 0.634040 0.671101 0.609968 0.532120 0.539745 0.508597 0.914838
0.761419 0.773698 0.761637 0.736426 0.760511 0.957776 0.705788 0.762749 0.815314 0.786417 0.745749 0.753937 0.758945 0.754704 0.777825 0.813803 0.689552 0.714621 0.691823 0.735666 0.771566 0.000000 0.783029 0.848368 0.986847 0.844304 0.897062 0.759494 0.694937 0.737766 0.842052 0.694080 0.686835 0.727235 0.894696 0.829578 0.820669 0.898216 0.808385 0.732438 0.945272 0.857982 0.742168 0.704634 0.761843 0.790799 0.774071 0.782817 0.857222 0.852648 0.800054 0.817522 0.928410 0.783759 0.821633 0.915604 0.703137 0.774530 0.792838 0.848715 0.720269 0.795441 0.740136 0.748980 0.760271 0.729376 0.725093 0.688829 0.803644 0.828600 0.761999 0.785732 0.781333 0.749346 0.923786 0.685274 0.759628 0.740827 0.870878 0.725023 0.762428 0.733494 0.721804 0.782081 0.773009 0.724023 0.922362 0.904978 0.740461 0.774443 0.844831 0.905839 0.907438 0.872227 0.828271 0.843758 0.864943 0.765054 0.749004 0.695025 0.905342 0.888030 0.753381 0.669786 0.805461 0.716540 0.972898 0.762724 0.949282 0.857647 0.725125 0.782383 0.794921 0.759907 0.740388 0.871802
0.221103 0.228583 0.216075 0.174587 0.620094 0.504580 0.297784 0.240526 0.409842 0.412593 0.331792 0.184898 0.125341 0.152458 0.114349 0.106870 0.276960 0.283806 0.256238 0.281185 0.333273 0.783029 0.000000 0.148101 0.352870 0.342654 0.923055 0.937560 0.220083 0.233436 0.140200 0.244071 0.194322 0.251187 0.370027 0.589721 0.294930 0.410611 0.514561 0.666435 0.714465 0.544248 0.255015 0.281866 0.335911 0.301845 0.233787 0.237733 0.633719 0.329003 0.389920 0.300297 0.406778 0.429235 0.412161 0.477392 0.304446 0.303553 0.247898 0.269056 0.158598 0.191574 0.211194 0.204220 0.187486 0.191334 0.230087 0.238838 0.438174 0.291200 0.231391 0.338196 0.374619 0.452209 0.660633 0.614487 0.309981 0.313337 0.247826 0.340799 0.211416 0.239306 0.252275 0.277412 0.128403 0.150534 0.908658 0.865605 0.398151 0.335688 0.600026 0.695994 0.532364 0.840335 0.366715 0.516448 0.413649 0.443629 0.396061 0.361676 0.636897 0.706801 0.340192 0.410148 0.306214 0.273426 0.731122 0.581006 0.587309 0.465182 0.688052 0.518960 0.475269 0.492847 0.390119 0.976498
0.354998 0.348606 0.308598 0.292909 0.656888 0.622812 0.445696 0.395298 0.556469 0.576078 0.391782 0.299998 0.219393 0.198038 0.199412 0.176557 0.395119 0.398079 0.358908 0.365801 0.350739 0.848368 0.148101 0.000000 0.320068 0.328041 0.914541 0.875735 0.295717 0.305296 0.202551 0.275297 0.314231 0.360687 0.449484 0.673682 0.406937 0.527485 0.519439 0.689919 0.784526 0.625292 0.405540 0.427179 0.514915 0.461269 0.358073 0.359403 0.744336 0.466543 0.544554 0.487477 0.526736 0.566326 0.506435 0.611575 0.443706 0.432631 0.391192 0.432229 0.289922 0.336515 0.309532 0.330692 0.288463 0.298041 0.378003 0.392712 0.544687 0.422309 0.356566 0.473758 0.497866 0.555434 0.781958 0.683179 0.433995 0.423727 0.367870 0.402893 0.324176 0.334782 0.243567 0.345061 0.232951 0.182739 0.765507 0.706338 0.499881 0.424966 0.775869 0.887363 0.731235 0.999859 0.475946 0.667014 0.566178 0.529558 0.627183 0.541560 0.733232 0.819485 0.496439 0.540456 0.464236 0.448527 0.819161 0.683229 0.646453 0.569185 0.778758 0.689943 0.653465 0.663646 0.508330 0.976342
0.528200 0.529348 0.373003 0.390370 0.855969 0.786334 0.594034 0.587367 0.665536 0.803886 0.603893 0.538801 0.487326 0.526690 0.460270 0.454947 0.640325 0.598541 0.501784 0.513483 0.503966 0.986847 0.352870 0.320068 0.000000 0.264665 0.832326 0.910511 0.578366 0.535467 0.305989 0.465442 0.500205 0.571389 0.506230 0.756387 0.465165 0.672521 0.478161 0.847981 0.823332 0.813709 0.568429 0.585082 0.693600 0.634032 0.502214 0.537879 0.854883 0.563570 0.730746 0.612845 0.637549 0.709912 0.515638 0.665919 0.678821 0.584453 0.590673 0.516635 0.512305 0.523518 0.596451 0.585896 0.377996 0.459100 0.586562 0.566595 0.552600 0.553306 0.532716 0.580510 0.485111 0.572639 0.731158 0.851613 0.603447 0.682105 0.561488 0.506230 0.534765 0.496130 0.584829 0.549669 0.409228 0.360269 0.928033 0.912849 0.625863 0.483318 0.905238 0.979616 0.829358 0.961131 0.618215 0.821236 0.679918 0.757279 0.776962 0.757928 0.950438 0.938445 0.788170 0.738231 0.602018 0.635594 0.779160 0.924779 0.713563 0.661669 0.945211 0.794278 0.764727 0.843113 0.645737 0.965891
0.427549 0.460731 0.265679 0.292339 0.840463 0.633089 0.438244 0.446631 0.510731 0.577645 0.435939 0.440197 0.429765 0.493769 0.431147 0.461422 0.529284 0.467269 0.430000 0.372782 0.498313 0.844304 0.342654 0.328041 0.264665 0.000000 0.874263 0.840753 0.465133 0.434266 0.277680 0.342046 0.359980 0.407977 0.427042 0.734066 0.384651 0.662660 0.503178 0.663900 0.868079 0.752425 0.425082 0.429091 0.525431 0.460547 0.397359 0.427457 0.709942 0.482251 0.584526 0.499089 0.513385 0.602305 0.506779 0.517123 0.548086 0.496001 0.459626 0.452564 0.384686 0.413514 0.492249 0.499913 0.284605 0.285297 0.434851 0.399076 0.479905 0.459191 0.467828 0.483778 0.360727 0.426465 0.733592 0.753574 0.454204 0.512099 0.493019 0.423419 0.426408 0.387366 0.566680 0.426598 0.381856 0.357663 0.864619 0.890917 0.447535 0.455109 0.712509 0.804136 0.682797 0.882116 0.527182 0.714037 0.559138 0.693632 0.564651 0.520781 0.705876 0.763947 0.654454 0.517744 0.539525 0.596626 0.825827 0.701875 0.729272 0.662614 0.879304 0.643222 0.581343 0.771454 0.492755 0.984243
0.910974 0.893804 0.934234 0.929388 0.787588 0.957940 0.893934 0.860371 0.858615 0.939682 0.991281 0.954926 0.985711 0.984428 0.949947 0.921327 0.929708 0.900269 0.911938 0.936351 0.994093 0.897062 0.923055 0.914541 0.832326 0.874263 0.000000 0.979783 0.954311 0.933863 0.922969 0.875259 0.916964 0.875793 0.975761 0.920852 0.996615 0.887327 0.838122 0.959679 0.984488 0.925821 0.944390 0.957982 0.874437 0.891088 0.959784 0.954205 0.787521 0.889362 0.842683 0.896588 0.960488 0.844867 0.830019 0.878680 0.901434 0.908382 0.917901 0.934405 0.926995 0.877108 0.928420 0.904460 0.972488 0.928499 0.899007 0.905811 0.979554 0.900585 0.988188 0.951083 0.981954 0.988593 0.996753 0.846396 0.995328 0.980737 0.970386 0.983867 0.931540 0.880769 0.973595 0.902021 0.945577 0.957539 0.891956 0.999297 0.897876 0.965898 0.815702 0.817250 0.871724 0.808626 0.972429 0.897916 0.950965 0.855697 0.868079 0.860422 0.923652 0.926607 0.868390 0.865213 0.777338 0.927902 0.998727 0.936751 0.987849 0.762128 0.990025 0.790580 0.790650 0.947402 0.987393 0.903118
0.964200 0.942298 0.924512 0.921796 0.843418 0.878992 0.924931 0.929543 0.996934 0.968542 0.886112 0.889889 0.938832 0.855252 0.907809 0.890181 0.962817 0.897727 0.923877 0.939749 0.918237 0.759494 0.937560 0.875735 0.910511 0.840753 0.979783 0.000000 0.872144 0.921760 0.969835 0.900346 0.867923 0.972690 0.995968 0.981696 0.891065 0.930177 0.913835 0.843750 0.911456 0.983018 0.933742 0.899046 0.975615 0.974906 0.886020 0.978328 0.955506 0.872242 0.962899 0.920129 0.881056 0.977100 0.904649 0.933854 0.922304 0.936868 0.987203 0.982137 0.926028 0.970567 0.884327 0.883132 0.975173 0.923579 0.946463 0.924592 0.938982 0.992149 0.919523 0.925238 0.932089 0.996195 0.975198 0.853006 0.810274 0.872510 0.988849 0.955210 0.945318 0.933599 0.972972 0.969371 0.948027 0.921811 0.967840 0.921097 0.993506 0.957497 0.901741 0.947241 0.963659 0.944533 0.962497 0.899370 0.871843 0.913646 0.992038 0.877303 0.983135 0.947455 0.966448 0.876652 0.886531 0.932983 0.847928 0.952789 0.872263 0.994815 0.975277 0.920713 0.966352 0.954710 0.854758 0.906670
0.162427 0.143956 0.275359 0.227816 0.683677 0.506082 0.259106 0.196792 0.442237 0.307649 0.184669 0.112245 0.135396 0.156011 0.190583 0.189192 0.122556 0.120264 0.160687 0.148653 0.436271 0.694937 0.220083 0.295717 0.578366 0.465133 0.954311 0.872144 0.000000 0.101699 0.210509 0.216600 0.147557 0.166546 0.449286 0.599541 0.361530 0.526483 0.585978 0.585013 0.756064 0.474726 0.272904 0.228305 0.306633 0.266920 0.222353 0.198721 0.601209 0.368850 0.433048 0.351952 0.491051 0.494965 0.438786 0.479578 0.145635 0.167854 0.186440 0.228450 0.137738 0.195950 0.113925 0.116462 0.355739 0.235737 0.241097 0.224047 0.313704 0.209257 0.314770 0.353293 0.415474 0.435994 0.643295 0.566459 0.320754 0.262747 0.167669 0.231085 0.130654 0.157961 0.286534 0.210356 0.237609 0.297749 0.855708 0.970150 0.461735 0.417190 0.652379 0.727970 0.615665 0.865579 0.335309 0.526418 0.385419 0.399318 0.365690 0.265605 0.622350 0.677535 0.318068 0.290337 0.345505 0.279880 0.837638 0.650070 0.603346 0.351445 0.613911 0.409406 0.392827 0.358889 0.429799 0.951431
0.129866 0.144333 0.231577 0.189879 0.722571 0.507201 0.223060 0.173851 0.406763 0.275602 0.134660 0.099727 0.132843 0.173725 0.188580 0.203122 0.107318 0.099171 0.120127 0.115450 0.441006 0.737766 0.233436 0.305296 0.535467 0.434266 0.933863 0.921760 0.101699 0.000000 0.195191 0.204338 0.142823 0.124935 0.435599 0.600049 0.356306 0.506356 0.589543 0.625832 0.773962 0.534624 0.277926 0.214896 0.304618 0.252050 0.231504 0.217430 0.666602 0.352906 0.446354 0.354860 0.471969 0.457897 0.406984 0.488393 0.148307 0.151014 0.196204 0.233115 0.129715 0.202810 0.120136 0.119258 0.339731 0.227662 0.237649 0.221217 0.273619 0.187281 0.301809 0.324033 0.368671 0.375345 0.558803 0.541408 0.341196 0.255441 0.166340 0.193423 0.112076 0.124832 0.318509 0.204786 0.268351 0.315100 0.803921 0.932866 0.449832 0.473596 0.612041 0.691489 0.591448 0.799829 0.318699 0.528040 0.394245 0.430201 0.340399 0.274801 0.610197 0.626948 0.316990 0.277289 0.371485 0.312402 0.810746 0.637392 0.639948 0.340453 0.663575 0.401236 0.388499 0.406176 0.466481 0.987699
0.203423 0.210569 0.170583 0.156822 0.743664 0.482001 0.242792 0.238093 0.404571 0.390839 0.240876 0.197277 0.171211 0.226950 0.207306 0.188514 0.243739 0.234030 0.187154 0.209318 0.332493 0.842052 0.140200 0.202551 0.305989 0.277680 0.922969 0.969835 0.210509 0.195191 0.000000 0.191721 0.179731 0.196987 0.386833 0.613939 0.290145 0.503045 0.479182 0.724187 0.711351 0.574044 0.257597 0.236516 0.339046 0.301931 0.234027 0.234794 0.700298 0.361043 0.465452 0.365127 0.446460 0.462399 0.395205 0.526405 0.284687 0.273666 0.249207 0.273282 0.171941 0.244089 0.230018 0.238264 0.233659 0.179006 0.226187 0.226147 0.294502 0.253600 0.250600 0.291280 0.302478 0.342188 0.592349 0.653734 0.339589 0.285305 0.241555 0.261970 0.190224 0.187134 0.318519 0.237001 0.209804 0.220784 0.875129 0.913239 0.422713 0.421598 0.641893 0.738447 0.573416 0.832051 0.379685 0.591918 0.380364 0.512292 0.431016 0.396279 0.644095 0.626872 0.418900 0.399521 0.382659 0.347571 0.752231 0.685542 0.598651 0.428561 0.738765 0.504430 0.463271 0.469941 0.461192 0.962469
0.274249 0.278724 0.265423 0.235641 0.851793 0.580252 0.307772 0.308691 0.454311 0.419539 0.230762 0.237738 0.252973 0.269578 0.289988 0.268682 0.238142 0.230171 0.236325 0.216400 0.480007 0.694080 0.244071 0.275297 0.465442 0.342046 0.875259 0.900346 0.216600 0.204338 0.191721 0.000000 0.222478 0.214991 0.525979 0.709710 0.373344 0.624103 0.542156 0.643776 0.871725 0.586717 0.314780 0.272921 0.417152 0.393584 0.319002 0.316743 0.799733 0.506732 0.604016 0.519499 0.567124 0.606117 0.562106 0.648830 0.267952 0.300757 0.313493 0.374318 0.250988 0.352241 0.267659 0.286765 0.360697 0.257721 0.303382 0.290400 0.354564 0.343449 0.355498 0.386955 0.403000 0.422333 0.623050 0.656813 0.387196 0.309758 0.275815 0.244472 0.244732 0.241500 0.369144 0.277376 0.337035 0.296734 0.909807 0.883966 0.442457 0.522043 0.728914 0.859309 0.714578 0.893796 0.415919 0.636210 0.493205 0.528019 0.484652 0.414485 0.703707 0.696951 0.477461 0.364537 0.494397 0.386948 0.903794 0.786177 0.744057 0.522219 0.723076 0.500332 0.554018 0.546594 0.526713 0.974036
0.129649 0.145047 0.158105 0.121596 0.667788 0.442377 0.152564 0.123754 0.361173 0.239664 0.194579 0.127044 0.150736 0.216276 0.215482 0.221666 0.151284 0.125573 0.140960 0.137766 0.370190 0.686835 0.194322 0.314231 0.500205 0.359980 0.916964 0.867923 0.147557 0.142823 0.179731 0.222478 0.000000 0.133814 0.378459 0.555244 0.350246 0.477824 0.592806 0.622559 0.785263 0.519418 0.175821 0.162257 0.224910 0.190741 0.191896 0.205761 0.581611 0.333076 0.377543 0.307747 0.443624 0.403927 0.400225 0.429968 0.163261 0.163450 0.161724 0.219508 0.114813 0.180596 0.153634 0.143873 0.267630 0.166762 0.159694 0.128572 0.276973 0.179446 0.216001 0.238804 0.308048 0.347031 0.590628 0.586745 0.255437 0.202291 0.159155 0.223125 0.113065 0.128201 0.357369 0.229145 0.215296 0.270900 0.911840 0.964344 0.402833 0.412186 0.470749 0.538140 0.436275 0.658935 0.308748 0.449724 0.300395 0.393698 0.249338 0.196919 0.528560 0.517257 0.311472 0.214721 0.283719 0.290415 0.818925 0.532506 0.578145 0.347492 0.622321 0.340710 0.324135 0.361012 0.418520 0.973976
0.131153 0.158790 0.200534 0.159343 0.690350 0.470031 0.152070 0.130465 0.371548 0.232256 0.164821 0.148977 0.174969 0.244487 0.251665 0.270887 0.128338 0.120792 0.132701 0.124362 0.363575 0.727235 0.251187 0.360687 0.571389 0.407977 0.875793 0.972690 0.166546 0.124935 0.196987 0.214991 0.133814 0.000000 0.389579 0.578758 0.318659 0.464016 0.568242 0.634618 0.739622 0.498488 0.210854 0.153026 0.221312 0.199425 0.203723 0.214674 0.639328 0.325663 0.402355 0.325654 0.454081 0.427076 0.419933 0.487686 0.142184 0.154592 0.171443 0.240243 0.129073 0.207297 0.156998 0.151438 0.295736 0.179124 0.152213 0.150712 0.301928 0.192465 0.266902 0.255423 0.307308 0.362222 0.582156 0.546764 0.280373 0.207079 0.190490 0.205983 0.131406 0.127004 0.360826 0.226267 0.253483 0.324487 0.879858 0.967650 0.430860 0.460008 0.489640 0.579249 0.472081 0.647862 0.325494 0.447097 0.333007 0.411032 0.255550 0.216911 0.506500 0.515389 0.272072 0.222604 0.323322 0.304525 0.810286 0.523313 0.624802 0.400637 0.621420 0.305871 0.317014 0.379036 0.434089 0.896080
0.373487 0.428198 0.416252 0.354721 0.800685 0.514744 0.449928 0.380746 0.563989 0.436312 0.539633 0.391375 0.409682 0.423005 0.375903 0.426495 0.473808 0.463719 0.448153 0.447972 0.477939 0.894696 0.370027 0.449484 0.506230 0.427042 0.975761 0.995968 0.449286 0.435599 0.386833 0.525979 0.378459 0.389579 0.000000 0.612866 0.419996 0.560447 0.688817 0.871848 0.670863 0.574198 0.416023 0.460111 0.416330 0.367150 0.435449 0.431690 0.540663 0.345491 0.434972 0.348862 0.433190 0.503894 0.389761 0.461197 0.537321 0.451549 0.381747 0.351284 0.370330 0.353893 0.434379 0.409511 0.355492 0.362396 0.389461 0.381453 0.512991 0.354416 0.474298 0.450267 0.415480 0.535955 0.623647 0.718981 0.421454 0.445028 0.397307 0.495821 0.379061 0.364190 0.589941 0.451640 0.315925 0.394838 0.969312 0.946711 0.550482 0.448114 0.579447 0.650090 0.528003 0.731587 0.557422 0.619340 0.457054 0.602264 0.420050 0.413845 0.612523 0.729034 0.468400 0.534856 0.400508 0.461812 0.794654 0.571158 0.656995 0.639344 0.652909 0.426831 0.510373 0.656189 0.537668 0.904491
0.538693 0.538521 0.633053 0.600712 0.832479 0.783295 0.617076 0.566555 0.702367 0.674126 0.607753 0.551687 0.566554 0.598835 0.616451 0.621951 0.548929 0.582223 0.568402 0.611379 0.702985 0.829578 0.589721 0.673682 0.756387 0.734066 0.920852 0.981696 0.599541 0.600049 0.613939 0.709710 0.555244 0.578758 0.612866 0.000000 0.616420 0.537222 0.876420 0.775262 0.748963 0.613381 0.559982 0.604261 0.611793 0.599589 0.626997 0.569438 0.740550 0.617969 0.639048 0.571138 0.670928 0.639359 0.732133 0.698249 0.546851 0.542112 0.535827 0.566603 0.587139 0.624080 0.528624 0.557196 0.673526 0.658200 0.557418 0.563341 0.731133 0.561318 0.600577 0.618367 0.712133 0.759607 0.930512 0.738759 0.633256 0.635312 0.556064 0.636416 0.520969 0.571197 0.621409 0.603685 0.560747 0.612746 0.919911 0.995911 0.678885 0.666340 0.735075 0.720219 0.730785 0.759714 0.559438 0.629293 0.597011 0.523656 0.613283 0.639232 0.780540 0.715695 0.533737 0.567979 0.685899 0.646078 0.856167 0.663335 0.721504 0.641062 0.682668 0.634403 0.605769 0.764620 0.657209 0.995745
0.331587 0.318346 0.320846 0.288777 0.877452 0.600108 0.404198 0.341972 0.476273 0.465498 0.452115 0.341033 0.309635 0.346862 0.310754 0.359250 0.396081 0.374567 0.371472 0.369533 0.468427 0.820669 0.294930 0.406937 0.465165 0.384651 0.996615 0.891065 0.361530 0.356306 0.290145 0.373344 0.350246 0.318659 0.419996 0.616420 0.000000 0.410733 0.450377 0.689239 0.826725 0.492843 0.359311 0.343867 0.357888 0.357753 0.349876 0.278435 0.502937 0.353379 0.421072 0.335037 0.459487 0.554660 0.529128 0.471552 0.376878 0.335119 0.312002 0.321198 0.294211 0.287680 0.380119 0.332172 0.277052 0.309163 0.360397 0.314319 0.525351 0.371658 0.472831 0.453433 0.541162 0.541166 0.606992 0.671272 0.434456 0.408534 0.365990 0.442621 0.364677 0.359425 0.507286 0.371305 0.267801 0.298845 0.898581 0.871298 0.424586 0.316280 0.653634 0.733795 0.580166 0.802302 0.400418 0.518080 0.447703 0.506166 0.388359 0.406220 0.548694 0.700667 0.336012 0.414058 0.383679 0.364294 0.777711 0.569541 0.702703 0.533648 0.775968 0.493862 0.548227 0.614661 0.499865 0.861642
0.443162 0.483324 0.519127 0.473691 0.849434 0.841411 0.550805 0.459707 0.547121 0.520177 0.585412 0.433301 0.404475 0.402811 0.412045 0.428696 0.502060 0.510495 0.515063 0.531423 0.478393 0.898216 0.410611 0.527485 0.672521 0.662660 0.887327 0.930177 0.526483 0.506356 0.503045 0.624103 0.477824 0.464016 0.560447 0.537222 0.410733 0.000000 0.645097 0.762169 0.788560 0.641872 0.476709 0.515496 0.522751 0.495214 0.530093 0.469076 0.613679 0.458964 0.483548 0.458465 0.659091 0.601555 0.650370 0.619537 0.487706 0.485797 0.464313 0.470332 0.421195 0.406528 0.442966 0.405573 0.414400 0.483555 0.513716 0.497019 0.725779 0.562275 0.595297 0.641042 0.635913 0.691370 0.803204 0.726215 0.520841 0.531780 0.527987 0.609568 0.517599 0.554259 0.535355 0.569256 0.411980 0.491585 0.870755 0.968792 0.600893 0.555315 0.630558 0.654377 0.615387 0.798255 0.475760 0.455099 0.591619 0.546323 0.452508 0.511710 0.664353 0.702226 0.388218 0.479014 0.463560 0.461189 0.739194 0.582648 0.633020 0.471226 0.794897 0.659066 0.616225 0.696622 0.430067 0.967591
