0.000000 0.294340 0.728455 0.656681 0.821291 0.781288 0.947265 0.662088 0.835571 0.816356 0.633512 0.355883 0.694317 0.615927 0.962622 0.827686 0.459598 0.389048 0.496838 0.391576 0.768729 0.971800 0.814244 0.739700 0.624471 0.768949 0.702957 0.919656 0.660128 0.480900 0.781997 0.714127 0.616726 0.624369 0.930516 0.871383 0.640178 0.574451 0.724365 0.748313 0.812641 0.748963 0.886222 0.998726 0.674409 0.830984 0.781528 0.913561 0.910164 0.909032 0.983482 0.937929 0.880535 0.707296 0.718034 0.871722 0.305219 0.298915 0.581278 0.461090 0.745831 0.621969 0.480342 0.308620 0.671483 0.723014 0.928986 0.901788 0.391215 0.525475 0.795904 0.960975 0.963339 0.893914 0.994622 0.898500 0.770275 0.966599 0.851411 0.815067 0.543522 0.501080 0.688273 0.563783 0.515265 0.509436 0.912835 0.899573 0.655529 0.429347 0.605757 0.618105 0.610928 0.637587 0.823512 0.988042 0.902899 0.930404 0.742601 0.738520 0.840254 0.686614 0.919887 0.996278 0.968776 0.964602 0.859279 0.961501 0.932253 0.707498 0.964971 0.877298 0.834131 0.912687 0.961237 0.830228
0.294340 0.000000 0.580341 0.537163 0.800777 0.700975 0.926997 0.627480 0.803769 0.712243 0.794094 0.419036 0.787294 0.707012 0.973387 0.815151 0.394897 0.332140 0.517778 0.437185 0.641272 0.960226 0.747606 0.665222 0.500331 0.653981 0.595403 0.999190 0.706278 0.426425 0.634159 0.641011 0.562204 0.576707 0.839821 0.745077 0.494498 0.485705 0.637681 0.764486 0.809713 0.704108 0.961251 0.863507 0.731648 0.883254 0.666139 0.793100 0.879401 0.861794 0.948630 0.810589 0.993301 0.848511 0.666334 0.797376 0.233617 0.247956 0.565545 0.448624 0.837535 0.630268 0.658712 0.395988 0.559951 0.593887 0.758259 0.742811 0.374755 0.423897 0.728610 0.887753 0.918108 0.951212 0.936225 0.986225 0.888933 0.978995 0.737546 0.670784 0.497717 0.562349 0.556091 0.501526 0.566561 0.466277 0.837456 0.893656 0.789375 0.421452 0.539393 0.577311 0.575598 0.654637 0.852795 0.994516 0.859156 0.876430 0.678907 0.789664 0.767564 0.633096 0.874279 0.936653 0.883315 0.920209 0.795108 0.977734 0.934618 0.649334 0.966681 0.850592 0.881667 0.954890 0.909442 0.842262
0.728455 0.580341 0.000000 0.302907 0.937640 0.868913 0.586810 0.541735 0.826417 0.746780 0.938883 0.808147 0.861548 0.755138 0.706953 0.556038 0.615088 0.601921 0.565257 0.633679 0.533774 0.907632 0.464241 0.454998 0.303951 0.328685 0.549284 0.946865 0.949989 0.621463 0.412509 0.511128 0.499971 0.642588 0.556497 0.613601 0.555257 0.569705 0.588315 0.945087 0.929466 0.731149 0.904372 0.849752 0.652909 0.659161 0.732523 0.838784 0.552575 0.799917 0.877047 0.997205 0.938718 0.976844 0.835865 0.974723 0.571036 0.553043 0.871049 0.762833 0.649328 0.705441 0.972777 0.814155 0.292849 0.344278 0.479618 0.557847 0.687912 0.672681 0.562992 0.731643 0.696147 0.757689 0.724315 0.946571 0.794868 0.755750 0.830500 0.911287 0.955863 0.927468 0.579697 0.850698 0.644744 0.479733 0.861258 0.991927 0.974573 0.743253 0.812747 0.732161 0.931865 0.952784 0.919820 0.906374 0.879520 0.960109 0.733555 0.870968 0.942976 0.822441 0.774488 0.882297 0.693465 0.728826 0.711250 0.857445 0.937125 0.741623 0.941187 0.813295 0.826453 0.940366 0.665302 0.968918
0.656681 0.537163 0.302907 0.000000 0.969840 0.905386 0.589415 0.408942 0.756954 0.887666 0.897145 0.696776 0.764968 0.602723 0.644452 0.435094 0.649625 0.611113 0.510308 0.613921 0.556142 0.985245 0.356048 0.382207 0.355482 0.387605 0.556239 0.949847 0.931783 0.590335 0.356503 0.448301 0.426134 0.651919 0.590029 0.626643 0.581047 0.593800 0.707088 0.989450 0.966290 0.815565 0.765319 0.730690 0.744041 0.768019 0.739777 0.745567 0.658108 0.966920 0.930637 0.796709 0.787635 0.824389 0.816167 0.990437 0.528158 0.503747 0.800007 0.589040 0.655238 0.530540 0.984529 0.704213 0.317735 0.294306 0.456882 0.520949 0.690983 0.641513 0.442010 0.615213 0.644693 0.746040 0.769326 0.935918 0.834057 0.688097 0.721074 0.785694 0.935266 0.931932 0.573380 0.815469 0.596212 0.415962 0.905039 0.932900 0.982010 0.600318 0.907137 0.829749 0.989653 0.979740 0.956942 0.827531 0.864439 0.875758 0.832475 0.976092 0.961180 0.911395 0.793685 0.864740 0.636820 0.656603 0.702297 0.782494 0.992669 0.706060 0.900768 0.909280 0.956639 0.903287 0.611305 0.913167
0.821291 0.800777 0.937640 0.969840 0.000000 0.598566 0.681992 0.735579 0.454011 0.532782 0.770673 0.939447 0.777210 0.870851 0.618643 0.763178 0.781760 0.714236 0.855959 0.968238 0.948651 0.950903 0.731655 0.865633 0.785388 0.882117 0.942630 0.985220 0.913651 0.970203 0.884442 0.874699 0.919686 0.951247 0.952160 0.964535 0.821616 0.802216 0.763478 0.758181 0.705942 0.861979 0.848098 0.936417 0.726611 0.825410 0.917223 0.923716 0.862175 0.942794 0.722789 0.789916 0.665142 0.638437 0.996275 0.974254 0.786974 0.840940 0.964366 0.964732 0.667294 0.624689 0.929496 0.978158 0.865666 0.994881 0.838940 0.963440 0.851537 0.921971 0.664983 0.909191 0.886933 0.784516 0.969184 0.999290 0.736271 0.836866 0.822695 0.975022 0.910312 0.918492 0.961780 0.764845 0.908701 0.925595 0.885750 0.893975 0.927025 0.938348 0.514632 0.526710 0.506979 0.587805 0.824042 0.888196 0.865434 0.708527 0.593446 0.664212 0.683995 0.585903 0.855623 0.861144 0.795501 0.824621 0.899595 0.885505 0.924034 0.920292 0.819089 0.781295 0.721979 0.902608 0.857229 0.971607
0.781288 0.700975 0.868913 0.905386 0.598566 0.000000 0.766939 0.895897 0.547381 0.618400 0.822588 0.895139 0.939841 0.975845 0.805853 0.853885 0.890546 0.771700 0.981422 0.850420 0.765506 0.927259 0.819728 0.891139 0.844087 0.889379 0.827400 0.916739 0.924859 0.863518 0.978732 0.912108 0.927404 0.932719 0.911156 0.995389 0.781761 0.842330 0.787448 0.814305 0.750332 0.922225 0.893121 0.944062 0.656962 0.785087 0.996703 0.868737 0.811018 0.860090 0.823997 0.898647 0.772550 0.714045 0.957103 0.820354 0.726689 0.762931 0.939772 0.870521 0.803946 0.915694 0.984944 0.981518 0.820705 0.928802 0.901320 0.912576 0.756899 0.829420 0.887835 0.897054 0.949252 0.869020 0.862773 0.891775 0.771431 0.850803 0.805209 0.894091 0.995300 0.936931 0.920632 0.801076 0.916611 0.936735 0.988528 0.995178 0.929871 0.881437 0.497745 0.586774 0.538534 0.709664 0.873953 0.992665 0.871614 0.863154 0.612550 0.695875 0.753581 0.751299 0.745921 0.885759 0.860865 0.934939 0.927417 0.895201 0.946242 0.804099 0.979429 0.720972 0.828956 0.968995 0.821816 0.842437
0.947265 0.926997 0.586810 0.589415 0.681992 0.766939 0.000000 0.378045 0.534280 0.607929 0.843529 0.951915 0.919710 0.898381 0.709740 0.755548 0.887648 0.984635 0.645756 0.929074 0.917384 0.877840 0.606975 0.795603 0.846238 0.774848 0.955812 0.921713 0.739323 0.917216 0.596269 0.715526 0.721920 0.677983 0.738406 0.830199 0.972986 0.984654 0.943583 0.919105 0.735228 0.781714 0.737127 0.715268 0.893845 0.916880 0.802707 0.724749 0.985826 0.954502 0.753778 0.806695 0.700470 0.750934 0.887842 0.921361 0.894076 0.897343 0.664611 0.694192 0.395428 0.610659 0.752925 0.860193 0.775011 0.723700 0.603680 0.653997 0.895474 0.905130 0.601890 0.853159 0.757472 0.805125 0.854600 0.949519 0.652030 0.765845 0.940281 0.946113 0.921613 0.960063 0.899574 0.801884 0.807590 0.875113 0.907091 0.871610 0.894867 0.932540 0.668736 0.715742 0.618529 0.754197 0.904720 0.792217 0.829603 0.759529 0.712842 0.732878 0.683758 0.809317 0.900705 0.918663 0.672476 0.775388 0.718325 0.755621 0.927992 0.877811 0.768343 0.891158 0.773169 0.901266 0.723730 0.841437
0.662088 0.627480 0.541735 0.408942 0.735579 0.895897 0.378045 0.000000 0.590966 0.678558 0.917988 0.671301 0.681517 0.573333 0.592274 0.546753 0.734631 0.755828 0.499097 0.660110 0.782474 0.888772 0.450604 0.569266 0.701090 0.694627 0.890602 0.951338 0.651490 0.666209 0.441873 0.532178 0.510977 0.606304 0.716863 0.778421 0.830167 0.823241 0.982625 0.952294 0.835252 0.787176 0.622096 0.598525 0.949010 0.905425 0.703027 0.639055 0.956714 0.812915 0.624203 0.613035 0.605622 0.669947 0.822037 0.881652 0.635294 0.619955 0.591434 0.453363 0.465786 0.336272 0.742444 0.579547 0.658930 0.552290 0.571338 0.574657 0.845194 0.698378 0.427674 0.625983 0.624604 0.678147 0.853496 0.887945 0.708291 0.759160 0.773667 0.789327 0.841000 0.826609 0.783064 0.985441 0.615069 0.612614 0.914287 0.994596 0.930439 0.631371 0.772120 0.789993 0.744665 0.787271 0.922432 0.754393 0.725872 0.738410 0.754699 0.697628 0.752217 0.849953 0.944711 0.887859 0.642117 0.662054 0.663348 0.651262 0.998822 0.757610 0.786486 0.860256 0.772843 0.950409 0.687061 0.847476
0.835571 0.803769 0.826417 0.756954 0.454011 0.547381 0.534280 0.590966 0.000000 0.532279 0.788502 0.931817 0.657863 0.721908 0.524684 0.583958 0.850034 0.778322 0.763668 0.995895 0.940859 0.985417 0.573990 0.729409 0.986087 0.917961 0.953764 0.927666 0.936728 0.952615 0.677368 0.828279 0.921349 0.977571 0.846852 0.982072 0.801827 0.870757 0.807001 0.705804 0.734848 0.930473 0.843388 0.924842 0.878522 0.987212 0.926448 0.933022 0.943093 0.896621 0.859116 0.905752 0.710416 0.653071 0.988786 0.861015 0.784107 0.870406 0.890431 0.956263 0.568477 0.612696 0.984719 0.980678 0.943392 0.810912 0.819174 0.900259 0.841428 0.911033 0.582703 0.706760 0.639289 0.565595 0.933398 0.991955 0.641552 0.727420 0.850869 0.936557 0.815558 0.882818 0.994105 0.644163 0.917256 0.977382 0.880678 0.957210 0.947111 0.932901 0.415716 0.501503 0.408319 0.475731 0.839210 0.777013 0.776191 0.799142 0.619058 0.662350 0.648534 0.637332 0.918260 0.830506 0.734324 0.817533 0.917843 0.688297 0.991071 0.967755 0.876079 0.812415 0.815433 0.983311 0.687649 0.891803
0.816356 0.712243 0.746780 0.887666 0.532782 0.618400 0.607929 0.678558 0.532279 0.000000 0.840367 0.899106 0.839568 0.918599 0.775752 0.973066 0.721580 0.658895 0.983800 0.794777 0.710997 0.945337 0.947843 0.857190 0.552616 0.645153 0.589387 0.987604 0.753818 0.854974 0.968046 0.961853 0.932100 0.981712 0.919387 0.827003 0.571773 0.645620 0.470220 0.800218 0.695023 0.900029 0.753198 0.806490 0.552384 0.595518 0.965242 0.882222 0.575453 0.757820 0.594274 0.725883 0.648562 0.632426 0.949339 0.978469 0.695252 0.710663 0.869197 0.888385 0.691469 0.735821 0.859025 0.993168 0.612498 0.729125 0.965826 0.938892 0.623365 0.838001 0.806401 0.792760 0.921394 0.817372 0.854324 0.993013 0.720762 0.960623 0.878734 0.892066 0.844566 0.824809 0.671323 0.553015 0.844906 0.683510 0.660607 0.809757 0.966457 0.857296 0.357044 0.333671 0.397044 0.521637 0.853799 0.782105 0.856888 0.745245 0.379346 0.468762 0.551123 0.538992 0.670205 0.745508 0.957469 0.947661 0.947318 0.713170 0.931882 0.914913 0.815743 0.659755 0.624956 0.847380 0.916895 0.866111
0.633512 0.794094 0.938883 0.897145 0.770673 0.822588 0.843529 0.917988 0.788502 0.840367 0.000000 0.666565 0.742531 0.848725 0.817723 0.769598 0.743392 0.713780 0.739637 0.649387 0.987517 0.952876 0.701063 0.766199 0.954374 0.904881 0.988507 0.863150 0.780422 0.808848 0.762949 0.862476 0.896068 0.833009 0.802962 0.795393 0.817457 0.871311 0.891750 0.732382 0.659226 0.923347 0.560549 0.678332 0.584607 0.656588 0.809714 0.666019 0.771496 0.693922 0.602679 0.584124 0.482242 0.463402 0.940833 0.940116 0.832879 0.792977 0.993858 0.975860 0.864877 0.969977 0.603897 0.747514 0.997539 0.907583 0.604422 0.674973 0.618523 0.964591 0.849441 0.782435 0.722269 0.686118 0.949415 0.859915 0.615319 0.789959 0.866508 0.875818 0.938806 0.736639 0.972889 0.802661 0.914902 0.986851 0.945069 0.958919 0.787638 0.938282 0.729493 0.734209 0.670627 0.736318 0.716564 0.833782 0.999921 0.831020 0.690047 0.592387 0.982152 0.762355 0.860156 0.971425 0.703873 0.691375 0.835084 0.760705 0.942730 0.998582 0.818957 0.802314 0.664523 0.725445 0.878223 0.686880
0.355883 0.419036 0.808147 0.696776 0.939447 0.895139 0.951915 0.671301 0.931817 0.899106 0.666565 0.000000 0.578449 0.468412 0.845748 0.722087 0.552313 0.426215 0.507816 0.400653 0.748616 0.948038 0.768996 0.701832 0.688881 0.820373 0.788312 0.932984 0.689993 0.463696 0.775378 0.699309 0.674680 0.750526 0.865725 0.950032 0.696257 0.658908 0.832981 0.940429 0.836086 0.785300 0.933848 0.998005 0.727519 0.851227 0.882149 0.944089 0.888290 0.938700 0.997808 0.924268 0.943797 0.849079 0.772313 0.986052 0.464544 0.413285 0.751532 0.587914 0.810803 0.535945 0.641738 0.382803 0.723055 0.721250 0.991566 0.949099 0.412957 0.610472 0.756628 0.799471 0.946316 0.944007 0.999744 0.935197 0.872132 0.971678 0.848571 0.712795 0.553569 0.486383 0.702551 0.611882 0.543738 0.530639 0.882338 0.864275 0.609772 0.533259 0.779277 0.786671 0.771261 0.858572 0.840524 0.945919 0.893025 0.995200 0.831785 0.849846 0.880783 0.847315 0.919998 0.973758 0.904144 0.975155 0.843794 0.991193 0.916262 0.782163 0.971994 0.983649 0.844735 0.843168 0.964835 0.889645
0.694317 0.787294 0.861548 0.764968 0.777210 0.939841 0.919710 0.681517 0.657863 0.839568 0.742531 0.578449 0.000000 0.403883 0.524227 0.664021 0.877213 0.848015 0.570379 0.609782 0.895881 0.915466 0.718415 0.788215 0.862391 0.902669 0.916943 0.919281 0.705553 0.659075 0.741870 0.652914 0.834819 0.865876 0.930716 0.947932 0.838953 0.888469 0.946677 0.972446 0.940286 0.955827 0.913527 0.895015 0.743140 0.761621 0.919743 0.814656 0.771154 0.864235 0.891561 0.956588 0.937012 0.977904 0.967973 0.828200 0.884383 0.767125 0.926038 0.863700 0.596483 0.588805 0.742467 0.646340 0.850677 0.797789 0.873634 0.901193 0.713797 0.835948 0.610578 0.637779 0.751889 0.741732 0.954161 0.883718 0.995533 0.843182 0.902630 0.991779 0.936527 0.835920 0.867516 0.923306 0.795531 0.825636 0.951268 0.922572 0.799034 0.850879 0.799945 0.824952 0.839108 0.736583 0.916023 0.880581 0.674897 0.885574 0.936004 0.988682 0.822279 0.807534 0.926116 0.857720 0.959790 0.917519 0.958682 0.859589 0.972421 0.914465 0.915253 0.997984 0.927773 0.893407 0.842219 0.826503
0.615927 0.707012 0.755138 0.602723 0.870851 0.975845 0.898381 0.573333 0.721908 0.918599 0.848725 0.468412 0.403883 0.000000 0.516822 0.480129 0.836123 0.693003 0.550521 0.501540 0.766309 0.943897 0.550032 0.556018 0.772712 0.768186 0.851523 0.889908 0.787974 0.621521 0.644249 0.601199 0.728076 0.881988 0.830855 0.981873 0.841505 0.843018 0.964596 0.948019 0.976077 0.829908 0.997778 0.998647 0.750409 0.804552 0.998407 0.963593 0.814769 0.946268 0.965644 0.901986 0.958875 0.925950 0.951742 0.849189 0.765278 0.636226 0.981466 0.725537 0.709305 0.475527 0.798343 0.564455 0.751207 0.670912 0.927663 0.955556 0.713392 0.793333 0.532458 0.575128 0.657668 0.607741 0.853581 0.989836 0.999105 0.928547 0.880044 0.891837 0.893037 0.779142 0.814495 0.977000 0.657948 0.633594 0.997182 0.958573 0.770692 0.656792 0.888549 0.899488 0.874276 0.757250 0.986995 0.755401 0.808823 0.881908 0.947939 0.932973 0.871790 0.847662 0.928790 0.839643 0.803311 0.718022 0.900961 0.801380 0.967440 0.825590 0.988104 0.984772 0.989382 0.925282 0.811757 0.975459
0.962622 0.973387 0.706953 0.644452 0.618643 0.805853 0.709740 0.592274 0.524684 0.775752 0.817723 0.845748 0.524227 0.516822 0.000000 0.470108 0.946963 0.983919 0.787413 0.842703 0.766744 0.896315 0.457387 0.602006 0.851298 0.787166 0.989941 0.935390 0.821830 0.793211 0.600157 0.616864 0.748707 0.942382 0.720922 0.884976 0.909612 0.979341 0.913016 0.814192 0.849392 0.970976 0.834274 0.908207 0.969773 0.922666 0.998506 0.975652 0.850065 0.941278 0.919230 0.881046 0.769580 0.667438 0.937478 0.814798 0.908868 0.966127 0.885517 0.933914 0.629493 0.628865 0.990657 0.895263 0.783430 0.698667 0.754681 0.810829 0.986997 0.909152 0.458146 0.529939 0.560953 0.547707 0.756693 0.981293 0.696872 0.780987 0.891522 0.968414 0.915407 0.944924 0.807891 0.805589 0.816578 0.804511 0.930414 0.989125 0.964915 0.996828 0.627772 0.660666 0.606700 0.483910 0.857743 0.855856 0.785220 0.867407 0.751194 0.702543 0.799037 0.633691 0.980700 0.865355 0.705727 0.673219 0.855527 0.815921 0.915896 0.962795 0.930304 0.863849 0.884016 0.994439 0.742202 0.865198
0.827686 0.815151 0.556038 0.435094 0.763178 0.853885 0.755548 0.546753 0.583958 0.973066 0.769598 0.722087 0.664021 0.480129 0.470108 0.000000 0.889543 0.832182 0.644594 0.721634 0.671458 0.943920 0.266851 0.325157 0.586781 0.558186 0.699949 0.966514 0.902983 0.620796 0.483132 0.526128 0.573435 0.854753 0.535157 0.737031 0.815542 0.836338 0.882103 0.954324 0.985943 0.997331 0.771189 0.786331 0.943602 0.905074 0.849357 0.807347 0.829882 0.919722 0.842611 0.742492 0.666205 0.663966 0.823297 0.957321 0.813357 0.728578 0.926439 0.752969 0.700494 0.523360 0.959453 0.737030 0.532534 0.458651 0.491829 0.602117 0.822298 0.771721 0.416733 0.562213 0.605076 0.606567 0.768953 0.909282 0.701198 0.746793 0.842508 0.838263 0.968669 0.916940 0.632603 0.958482 0.552241 0.502824 0.930518 0.768933 0.802582 0.645984 0.813339 0.892881 0.750906 0.728100 0.896528 0.743217 0.814804 0.946903 0.889603 0.798201 0.945203 0.842564 0.979378 0.999890 0.548999 0.609255 0.791792 0.756369 0.972124 0.868564 0.885954 0.843364 0.913734 0.979675 0.600669 0.835533
0.459598 0.394897 0.615088 0.649625 0.781760 0.890546 0.887648 0.734631 0.850034 0.721580 0.743392 0.552313 0.877213 0.836123 0.946963 0.889543 0.000000 0.354797 0.595277 0.566087 0.720777 0.977620 0.799404 0.774473 0.510712 0.671104 0.673412 0.949987 0.590343 0.461428 0.723481 0.709672 0.672959 0.582602 0.775357 0.779668 0.602931 0.544864 0.673696 0.754667 0.878877 0.636754 0.988482 0.875495 0.807999 0.903034 0.613159 0.771541 0.864042 0.924674 0.924627 0.963570 0.942134 0.828809 0.601393 0.674306 0.412894 0.414368 0.708920 0.660050 0.845459 0.783606 0.644000 0.499431 0.590569 0.655914 0.772302 0.734272 0.487170 0.578409 0.791888 0.996057 0.976003 0.882933 0.974095 0.933181 0.975232 0.961212 0.847247 0.719674 0.497408 0.495162 0.607258 0.470761 0.569097 0.540726 0.713348 0.932963 0.820385 0.525404 0.638147 0.627862 0.670704 0.677699 0.820329 0.930431 0.876255 0.916156 0.685003 0.788242 0.866532 0.641453 0.853466 0.899793 0.904558 0.916218 0.902340 0.968104 0.958648 0.648995 0.990023 0.833120 0.828017 0.861221 0.900827 0.935929
0.389048 0.332140 0.601921 0.611113 0.714236 0.771700 0.984635 0.755828 0.778322 0.658895 0.713780 0.426215 0.848015 0.693003 0.983919 0.832182 0.354797 0.000000 0.558963 0.456296 0.644012 0.977718 0.796449 0.694934 0.474780 0.581796 0.634941 0.929679 0.708575 0.434373 0.689200 0.684846 0.622101 0.694209 0.787622 0.753938 0.535551 0.463767 0.641093 0.787131 0.802621 0.649979 0.959173 0.928830 0.674429 0.817367 0.743914 0.820784 0.800986 0.983620 0.907651 0.947260 0.888198 0.791040 0.644937 0.844930 0.349738 0.308065 0.771648 0.648466 0.954037 0.737747 0.737799 0.448875 0.552614 0.606892 0.839240 0.832820 0.408471 0.494494 0.785677 0.950244 0.959897 0.945370 0.965655 0.936734 0.883235 0.989720 0.760225 0.672725 0.492662 0.503025 0.599179 0.450963 0.586308 0.467464 0.707531 0.988611 0.764678 0.511250 0.544024 0.554397 0.600006 0.658878 0.868815 0.917659 0.952185 0.982063 0.612344 0.752652 0.790565 0.605243 0.826637 0.896104 0.894915 0.924283 0.825722 0.974972 0.968609 0.697633 0.994072 0.747741 0.712878 0.870063 0.906679 0.880346
0.496838 0.517778 0.565257 0.510308 0.855959 0.981422 0.645756 0.499097 0.763668 0.983800 0.739637 0.507816 0.570379 0.550521 0.787413 0.644594 0.595277 0.558963 0.000000 0.440688 0.756415 0.959202 0.596171 0.635745 0.570916 0.626239 0.687021 0.962155 0.738092 0.530818 0.604958 0.619639 0.629964 0.679704 0.759203 0.795294 0.617733 0.622726 0.841981 0.809004 0.837918 0.741934 0.917045 0.995640 0.680931 0.715487 0.834749 0.945827 0.689695 0.866298 0.921219 0.991754 0.959047 0.868281 0.703787 0.987421 0.533049 0.464223 0.789014 0.643248 0.522768 0.474002 0.655546 0.485383 0.547166 0.535081 0.783255 0.879628 0.537102 0.649155 0.674568 0.848930 0.826596 0.874931 0.887677 0.885995 0.943755 0.924160 0.979664 0.903885 0.757391 0.648574 0.669024 0.732978 0.493151 0.494236 0.854603 0.936800 0.815893 0.562603 0.919164 0.872476 0.964394 0.938138 0.940762 0.909295 0.749832 0.852623 0.885128 0.850849 0.852061 0.879461 0.890905 0.998097 0.740426 0.888783 0.873838 0.961543 0.917945 0.721467 0.874680 0.903280 0.806392 0.852980 0.751256 0.860581
0.391576 0.437185 0.633679 0.613921 0.968238 0.850420 0.929074 0.660110 0.995895 0.794777 0.649387 0.400653 0.609782 0.501540 0.842703 0.721634 0.566087 0.456296 0.440688 0.000000 0.706566 0.885211 0.728956 0.645285 0.574271 0.681832 0.645006 0.952130 0.771645 0.509707 0.723551 0.694960 0.632177 0.733057 0.858981 0.824013 0.583246 0.586180 0.765689 0.872162 0.815583 0.754087 0.770555 0.858673 0.569084 0.660781 0.909664 0.965331 0.709417 0.836099 0.813291 0.912465 0.800701 0.726523 0.860500 0.998681 0.467761 0.382127 0.825259 0.645935 0.744439 0.585249 0.645150 0.427526 0.621482 0.648615 0.936609 0.919556 0.384288 0.562843 0.742245 0.873089 0.904772 0.984513 0.903666 0.917138 0.853316 0.964442 0.872614 0.782339 0.688076 0.569218 0.649392 0.641273 0.554485 0.552703 0.900169 0.908495 0.672688 0.573417 0.694630 0.713378 0.734610 0.825406 0.881182 0.965610 0.826061 0.984936 0.711677 0.696216 0.906082 0.733810 0.828963 0.979778 0.904086 0.913929 0.950862 0.996555 0.848812 0.780672 0.936359 0.804340 0.764827 0.856366 0.957166 0.870504
0.768729 0.641272 0.533774 0.556142 0.948651 0.765506 0.917384 0.782474 0.940859 0.710997 0.987517 0.748616 0.895881 0.766309 0.766744 0.671458 0.720777 0.644012 0.756415 0.706566 0.000000 0.987776 0.671964 0.636429 0.497539 0.499009 0.698295 0.972716 0.995539 0.725282 0.579297 0.714055 0.666696 0.818840 0.722499 0.799241 0.664392 0.791544 0.746381 0.999272 0.813493 0.818577 0.995082 0.980307 0.669414 0.664363 0.936796 0.965171 0.638753 0.846132 0.849383 0.957864 0.940280 0.953021 0.861694 0.921167 0.679034 0.678364 0.994793 0.941610 0.965357 0.828258 0.997074 0.877251 0.508204 0.558809 0.702246 0.815947 0.693208 0.833130 0.717501 0.809751 0.732466 0.766219 0.726507 0.963948 0.934930 0.923715 0.795072 0.796912 0.902395 0.876809 0.722394 0.839323 0.773666 0.621388 0.849345 0.948351 0.959807 0.799535 0.740759 0.703337 0.801025 0.982753 0.953649 0.947114 0.957418 0.815235 0.697150 0.852161 0.819151 0.816658 0.750397 0.955995 0.803499 0.867941 0.921130 0.948625 0.913774 0.846434 0.902094 0.725688 0.858590 0.891720 0.752785 0.943933
0.971800 0.960226 0.907632 0.985245 0.950903 0.927259 0.877840 0.888772 0.985417 0.945337 0.952876 0.948038 0.915466 0.943897 0.896315 0.943920 0.977620 0.977718 0.959202 0.885211 0.987776 0.000000 0.981677 0.988760 0.921346 0.949254 0.906293 0.871918 0.969301 0.942651 0.908760 0.915016 0.971798 0.774127 0.937635 0.964519 0.986083 0.961740 0.917513 0.794396 0.917134 0.854970 0.890391 0.914919 0.945827 0.961051 0.879687 0.940618 0.937187 0.937799 0.939109 0.997553 0.982911 0.956997 0.979144 0.914227 0.983239 0.948672 0.925572 0.986679 0.846606 0.985687 0.963393 0.989557 0.979890 0.984372 0.886406 0.905740 0.993374 0.917685 0.969621 0.805332 0.945235 0.893682 0.898534 0.985425 0.933212 0.940189 0.937852 0.870308 0.997641 0.994171 0.957855 0.997525 0.930859 0.987016 0.955881 0.866822 0.880757 0.939396 0.908033 0.924708 0.929827 0.914467 0.883326 0.908814 0.992390 0.968274 0.875676 0.900769 0.913504 0.967607 0.813363 0.867679 0.988846 0.961023 0.831855 0.968489 0.932618 0.789805 0.840547 0.936995 0.870849 0.943620 0.787438 0.923273
0.814244 0.747606 0.464241 0.356048 0.731655 0.819728 0.606975 0.450604 0.573990 0.947843 0.701063 0.768996 0.718415 0.550032 0.457387 0.266851 0.799404 0.796449 0.596171 0.728956 0.671964 0.981677 0.000000 0.305693 0.534271 0.517183 0.658144 0.939803 0.852816 0.588298 0.377712 0.458300 0.491997 0.790052 0.538703 0.669869 0.766553 0.766954 0.855313 0.945355 0.929350 0.906946 0.723333 0.738954 0.978083 0.938728 0.762613 0.752780 0.834394 0.885008 0.798499 0.694834 0.617951 0.633098 0.801634 0.995733 0.731382 0.670773 0.855717 0.685889 0.629268 0.516121 0.995478 0.712812 0.484290 0.413865 0.389172 0.507301 0.848165 0.700281 0.353303 0.574684 0.575068 0.624569 0.775078 0.938995 0.667076 0.723124 0.805402 0.783866 0.929621 0.928328 0.574038 0.968064 0.518013 0.459888 0.944333 0.774187 0.905598 0.620754 0.830408 0.905993 0.741847 0.741879 0.944553 0.770492 0.782435 0.834737 0.897748 0.776897 0.911139 0.855430 0.988178 0.972479 0.512162 0.553095 0.809429 0.745879 0.933902 0.822127 0.835296 0.863562 0.924461 0.970685 0.604978 0.838739
0.739700 0.665222 0.454998 0.382207 0.865633 0.891139 0.795603 0.569266 0.729409 0.857190 0.766199 0.701832 0.788215 0.556018 0.602006 0.325157 0.774473 0.694934 0.635745 0.645285 0.636429 0.988760 0.305693 0.000000 0.466012 0.455427 0.587657 0.971800 0.978184 0.605449 0.474093 0.555624 0.473610 0.827521 0.556131 0.710927 0.670785 0.691391 0.713573 0.988920 0.992099 0.874399 0.799767 0.820050 0.876399 0.861034 0.734969 0.767687 0.778580 0.922759 0.855181 0.738396 0.720941 0.716867 0.793383 0.994780 0.657298 0.614929 0.892427 0.742375 0.826655 0.613842 0.935922 0.728009 0.456736 0.399366 0.421436 0.541180 0.766751 0.698074 0.500032 0.611702 0.662322 0.616717 0.742018 0.853157 0.779127 0.750128 0.785032 0.741047 0.869357 0.836103 0.561581 0.828911 0.537901 0.387548 0.827426 0.708871 0.843835 0.609572 0.979981 0.886326 0.937764 0.930827 0.943681 0.844844 0.814797 0.920730 0.965052 0.935917 0.976974 0.984664 0.920935 0.986125 0.564893 0.590205 0.864087 0.855899 0.941993 0.814602 0.949856 0.916256 0.991739 0.974625 0.672492 0.843905
0.624471 0.500331 0.303951 0.355482 0.785388 0.844087 0.846238 0.701090 0.986087 0.552616 0.954374 0.688881 0.862391 0.772712 0.851298 0.586781 0.510712 0.474780 0.570916 0.574271 0.497539 0.921346 0.534271 0.466012 0.000000 0.296488 0.458848 0.966401 0.987359 0.578310 0.500988 0.582444 0.525025 0.712390 0.598557 0.624807 0.471961 0.493609 0.524193 0.865786 0.793547 0.736036 0.988309 0.915643 0.575251 0.587584 0.756826 0.890028 0.507953 0.801591 0.775510 0.932658 0.940579 0.897954 0.798458 0.986168 0.492609 0.465801 0.953037 0.810030 0.844160 0.767116 0.979670 0.745820 0.255905 0.326353 0.581089 0.621635 0.539072 0.683145 0.654384 0.805643 0.802348 0.895577 0.781610 0.985390 0.978106 0.786316 0.840967 0.811828 0.830524 0.772736 0.494669 0.614121 0.570394 0.388639 0.726767 0.906964 0.944744 0.635251 0.633586 0.551292 0.716174 0.775106 0.874993 0.909268 0.922917 0.903336 0.553776 0.698810 0.748106 0.628352 0.690851 0.743590 0.738223 0.781115 0.789802 0.991488 0.966302 0.724692 0.947753 0.749027 0.692973 0.819574 0.660064 0.979083
0.768949 0.653981 0.328685 0.387605 0.882117 0.889379 0.774848 0.694627 0.917961 0.645153 0.904881 0.820373 0.902669 0.768186 0.787166 0.558186 0.671104 0.581796 0.626239 0.681832 0.499009 0.949254 0.517183 0.455427 0.296488 0.000000 0.584228 0.965528 0.951319 0.692674 0.523364 0.611372 0.528874 0.754202 0.526988 0.623819 0.572285 0.571387 0.613612 0.907794 0.876330 0.789994 0.893060 0.861520 0.663174 0.654034 0.753796 0.873268 0.549385 0.817636 0.870643 0.994721 0.997069 0.981720 0.767384 0.977776 0.625887 0.596956 0.989359 0.867980 0.862014 0.791713 0.922656 0.850666 0.308457 0.334168 0.522631 0.575682 0.728121 0.743227 0.649665 0.765381 0.736254 0.774300 0.729406 0.901916 0.875456 0.720235 0.824304 0.885039 0.914642 0.884584 0.545719 0.745413 0.644712 0.434089 0.729106 0.981141 0.978072 0.758188 0.772914 0.667695 0.863026 0.866196 0.999574 0.822712 0.906964 0.861951 0.680334 0.793822 0.854979 0.771288 0.703477 0.827629 0.652357 0.677761 0.773318 0.931204 0.986655 0.742060 0.944931 0.714954 0.821874 0.943273 0.655008 0.993758
0.702957 0.595403 0.549284 0.556239 0.942630 0.827400 0.955812 0.890602 0.953764 0.589387 0.988507 0.788312 0.916943 0.851523 0.989941 0.699949 0.673412 0.634941 0.687021 0.645006 0.698295 0.906293 0.658144 0.587657 0.458848 0.584228 0.000000 0.982190 0.974676 0.664332 0.687973 0.684582 0.641282 0.883537 0.752178 0.719742 0.487133 0.521433 0.621396 0.943975 0.823338 0.766841 0.835778 0.868244 0.605466 0.636317 0.992091 0.899966 0.610908 0.852484 0.792851 0.932860 0.944231 0.798446 0.877805 0.944691 0.579822 0.551881 0.929831 0.824966 0.914198 0.829521 0.988071 0.788417 0.482725 0.582989 0.715756 0.869470 0.591810 0.680707 0.771034 0.991128 0.965568 0.865291 0.798659 0.906073 0.950934 0.960119 0.919052 0.852461 0.980564 0.925765 0.587310 0.687514 0.627320 0.564674 0.672901 0.767057 0.887042 0.685269 0.630652 0.632255 0.718422 0.803044 0.838304 0.993142 0.982749 0.993820 0.540312 0.670492 0.646808 0.721773 0.738737 0.832628 0.855300 0.874020 0.975495 0.893031 0.932936 0.852785 0.955669 0.831370 0.719993 0.846366 0.943442 0.887799
0.919656 0.999190 0.946865 0.949847 0.985220 0.916739 0.921713 0.951338 0.927666 0.987604 0.863150 0.932984 0.919281 0.889908 0.935390 0.966514 0.949987 0.929679 0.962155 0.952130 0.972716 0.871918 0.939803 0.971800 0.966401 0.965528 0.982190 0.000000 0.902952 0.964132 0.992107 0.995339 0.986406 0.997938 0.898463 0.899675 0.942843 0.934305 0.786575 0.902406 0.872806 0.984190 0.868867 0.905179 0.859692 0.867079 0.894993 0.975780 0.883638 0.839894 0.899943 0.880017 0.893845 0.886322 0.908754 0.920534 0.922780 0.880837 0.931975 0.980569 0.814607 0.984648 0.834503 0.893806 0.938708 0.937886 0.940426 0.991366 0.962939 0.986955 0.935600 0.964163 0.987102 0.983866 0.949944 0.878549 0.927027 0.897954 0.987175 0.952793 0.994267 0.945249 0.973175 0.896675 0.890986 0.922506 0.903737 0.934994 0.958095 0.959377 0.963084 0.921950 0.985930 0.992162 0.917553 0.946688 0.897871 0.984018 0.948961 0.910836 0.985898 0.851310 0.864289 0.975606 0.946018 0.770720 0.978821 0.905919 0.893846 0.839427 0.913788 0.840669 0.950086 0.807927 0.988846 0.932802
0.660128 0.706278 0.949989 0.931783 0.913651 0.924859 0.739323 0.651490 0.936728 0.753818 0.780422 0.689993 0.705553 0.787974 0.821830 0.902983 0.590343 0.708575 0.738092 0.771645 0.995539 0.969301 0.852816 0.978184 0.987359 0.951319 0.974676 0.902952 0.000000 0.533975 0.847414 0.829153 0.851501 0.729782 0.877750 0.984844 0.869465 0.895278 0.909758 0.800215 0.963354 0.831361 0.882418 0.819610 0.875706 0.792127 0.771612 0.867099 0.766235 0.702751 0.807051 0.778025 0.886492 0.945549 0.809463 0.735723 0.747768 0.718898 0.684631 0.662858 0.679814 0.754411 0.510044 0.531429 0.997659 0.974468 0.937249 0.885718 0.787751 0.693406 0.686611 0.892458 0.945225 0.984872 0.990469 0.988190 0.827049 0.968192 0.922783 0.875903 0.655510 0.682014 0.899247 0.932442 0.726404 0.907955 0.956056 0.962139 0.788066 0.722951 0.906110 0.820546 0.903178 0.903930 0.967416 0.872250 0.754845 0.833243 0.825732 0.809354 0.832730 0.903833 0.804547 0.745886 0.944308 0.992674 0.945526 0.924254 0.889574 0.866266 0.877872 0.878074 0.899178 0.914405 0.989155 0.969960
0.480900 0.426425 0.621463 0.590335 0.970203 0.863518 0.917216 0.666209 0.952615 0.854974 0.808848 0.463696 0.659075 0.621521 0.793211 0.620796 0.461428 0.434373 0.530818 0.509707 0.725282 0.942651 0.588298 0.605449 0.578310 0.692674 0.664332 0.964132 0.533975 0.000000 0.620564 0.607165 0.600801 0.675205 0.716898 0.770212 0.595782 0.643688 0.701244 0.753112 0.822340 0.888618 0.968876 0.883128 0.841649 0.914729 0.676344 0.833632 0.893052 0.847082 0.968071 0.808481 0.962785 0.984550 0.632712 0.889302 0.441553 0.406587 0.687394 0.556434 0.737472 0.656960 0.692071 0.450756 0.583535 0.632452 0.700670 0.734857 0.457131 0.439318 0.578644 0.824403 0.924709 0.948177 0.967307 0.965935 0.934783 0.922794 0.848893 0.738537 0.584232 0.622830 0.575490 0.669754 0.523613 0.532476 0.875483 0.820424 0.696613 0.497162 0.770948 0.772923 0.827708 0.874500 0.826597 0.942469 0.764427 0.922479 0.834620 0.943525 0.913511 0.822427 0.972565 0.952849 0.866413 0.840846 0.881687 0.965697 0.956566 0.765154 0.849453 0.989816 0.865048 0.991072 0.791116 0.923928
0.781997 0.634159 0.412509 0.356503 0.884442 0.978732 0.596269 0.441873 0.677368 0.968046 0.762949 0.775378 0.741870 0.644249 0.600157 0.483132 0.723481 0.689200 0.604958 0.723551 0.579297 0.908760 0.377712 0.474093 0.500988 0.523364 0.687973 0.992107 0.847414 0.620564 0.000000 0.409644 0.509790 0.670521 0.629223 0.639946 0.774112 0.733957 0.891253 0.946375 0.992685 0.803635 0.700198 0.694757 0.927599 0.934017 0.771807 0.743753 0.822443 0.915176 0.858847 0.722884 0.708463 0.709850 0.823522 0.930919 0.633647 0.626101 0.859222 0.707008 0.704202 0.578413 0.988846 0.756665 0.504996 0.494518 0.473077 0.533723 0.809168 0.687783 0.419451 0.498012 0.547733 0.648131 0.893859 0.958592 0.650422 0.621515 0.745980 0.732054 0.883385 0.974478 0.731578 0.989091 0.728635 0.602261 0.941781 0.894693 0.955177 0.675039 0.904713 0.933585 0.786264 0.724829 0.998587 0.765717 0.817267 0.832941 0.951932 0.773036 0.946315 0.912477 0.967246 0.970201 0.619481 0.624864 0.669441 0.688719 0.921093 0.715783 0.822998 0.989182 0.919389 0.994958 0.634209 0.838271
0.714127 0.641011 0.511128 0.448301 0.874699 0.912108 0.715526 0.532178 0.828279 0.961853 0.862476 0.699309 0.652914 0.601199 0.616864 0.526128 0.709672 0.684846 0.619639 0.694960 0.714055 0.915016 0.458300 0.555624 0.582444 0.611372 0.684582 0.995339 0.829153 0.607165 0.409644 0.000000 0.544231 0.761805 0.683414 0.719450 0.778640 0.741397 0.821878 0.938779 0.977528 0.855127 0.721153 0.723728 0.863614 0.904017 0.741461 0.760911 0.800310 0.910517 0.900107 0.766483 0.770255 0.805983 0.913590 0.985169 0.680381 0.632351 0.846367 0.694269 0.638793 0.582865 0.883031 0.659476 0.505235 0.475294 0.611166 0.615635 0.758973 0.764789 0.481601 0.678412 0.719169 0.760114 0.883376 0.931784 0.803153 0.805961 0.785113 0.757290 0.811766 0.816633 0.623223 0.898452 0.605797 0.541992 0.983895 0.997381 0.884238 0.663596 0.991016 0.958749 0.924225 0.891491 0.914067 0.855912 0.900454 0.788975 0.966330 0.939808 0.970628 0.925907 0.999740 0.883788 0.589373 0.620857 0.725440 0.824848 0.975927 0.785333 0.842746 0.869372 0.981903 0.961205 0.790626 0.956689
0.616726 0.562204 0.499971 0.426134 0.919686 0.927404 0.721920 0.510977 0.921349 0.932100 0.896068 0.674680 0.834819 0.728076 0.748707 0.573435 0.672959 0.622101 0.629964 0.632177 0.666696 0.971798 0.491997 0.473610 0.525025 0.528874 0.641282 0.986406 0.851501 0.600801 0.509790 0.544231 0.000000 0.641551 0.606947 0.663149 0.741902 0.617476 0.800660 0.939825 0.897304 0.856314 0.857280 0.809035 0.867464 0.880549 0.746604 0.778737 0.850006 0.934508 0.876901 0.790622 0.857317 0.890860 0.800869 0.850109 0.537321 0.535288 0.694662 0.591943 0.777254 0.566435 0.855256 0.617264 0.525562 0.514133 0.492857 0.589866 0.676600 0.565312 0.594112 0.709901 0.773562 0.853287 0.800783 0.866863 0.848896 0.868571 0.844247 0.673305 0.803379 0.796632 0.621623 0.746786 0.584769 0.465527 0.945135 0.885789 0.906364 0.598963 0.869902 0.800598 0.929846 0.947884 0.924143 0.887288 0.792572 0.950325 0.943086 0.991090 0.941565 0.900833 0.825557 0.927995 0.678855 0.768203 0.795325 0.872648 0.958962 0.793787 0.929010 0.997614 0.961411 0.989976 0.752335 0.990957
0.624369 0.576707 0.642588 0.651919 0.951247 0.932719 0.677983 0.606304 0.977571 0.981712 0.833009 0.750526 0.865876 0.881988 0.942382 0.854753 0.582602 0.694209 0.679704 0.733057 0.818840 0.774127 0.790052 0.827521 0.712390 0.754202 0.883537 0.997938 0.729782 0.675205 0.670521 0.761805 0.641551 0.000000 0.788597 0.862667 0.854734 0.754306 0.825624 0.752911 0.914231 0.751092 0.853112 0.733710 0.981576 0.930991 0.617702 0.828670 0.971937 0.864476 0.893343 0.851350 0.893156 0.995700 0.701770 0.661675 0.604657 0.674913 0.604074 0.603475 0.705644 0.751075 0.685406 0.671613 0.746246 0.772241 0.655669 0.619072 0.682433 0.664149 0.734336 0.818446 0.904346 0.998139 0.937232 0.997760 0.900031 0.784020 0.893235 0.936262 0.731003 0.785722 0.785672 0.765632 0.802732 0.742764 0.997717 0.940361 0.930509 0.709109 0.947451 0.918670 0.972659 0.950016 0.863624 0.871132 0.866961 0.933761 0.976385 0.952962 0.921599 0.983993 0.913649 0.986827 0.882300 0.931206 0.675081 0.932681 0.882087 0.824378 0.893438 0.960826 0.917376 0.912389 0.870830 0.963231
0.930516 0.839821 0.556497 0.590029 0.952160 0.911156 0.738406 0.716863 0.846852 0.919387 0.802962 0.865725 0.930716 0.830855 0.720922 0.535157 0.775357 0.787622 0.759203 0.858981 0.722499 0.937635 0.538703 0.556131 0.598557 0.526988 0.752178 0.898463 0.877750 0.716898 0.629223 0.683414 0.606947 0.788597 0.000000 0.716042 0.808875 0.770692 0.769886 0.994389 0.922052 0.862497 0.829507 0.838804 0.971369 0.932143 0.735617 0.766093 0.839762 0.942751 0.946817 0.903764 0.826281 0.825918 0.698496 0.905098 0.829375 0.810869 0.946902 0.894169 0.825939 0.759168 0.876501 0.896652 0.542660 0.546476 0.513139 0.586546 0.831892 0.800192 0.734649 0.705266 0.773746 0.771858 0.694463 0.887915 0.723350 0.799330 0.832072 0.927775 0.928589 0.894342 0.576578 0.851202 0.675386 0.548343 0.801773 0.842854 0.948369 0.790861 0.967016 0.958903 0.900794 0.917421 0.950852 0.808468 0.974615 0.999937 0.966919 0.971345 0.982365 0.980166 0.889702 0.941412 0.664240 0.821754 0.736883 0.967790 0.987641 0.765264 0.982006 0.995565 0.958624 0.956469 0.747617 0.894308
0.871383 0.745077 0.613601 0.626643 0.964535 0.995389 0.830199 0.778421 0.982072 0.827003 0.795393 0.950032 0.947932 0.981873 0.884976 0.737031 0.779668 0.753938 0.795294 0.824013 0.799241 0.964519 0.669869 0.710927 0.624807 0.623819 0.719742 0.899675 0.984844 0.770212 0.639946 0.719450 0.663149 0.862667 0.716042 0.000000 0.761913 0.633648 0.844633 0.978476 0.947145 0.970450 0.872950 0.821152 0.958885 0.941059 0.815271 0.793683 0.877638 0.915900 0.949910 0.849758 0.863691 0.893026 0.758530 0.903623 0.715316 0.706310 0.877484 0.748008 0.935146 0.809314 0.899660 0.846950 0.624906 0.634940 0.618185 0.632321 0.872889 0.739676 0.688012 0.880195 0.835488 0.972822 0.883519 0.938240 0.904297 0.852438 0.877867 0.817071 0.887454 0.917478 0.725921 0.834528 0.692694 0.647066 0.987949 0.986030 0.950760 0.773504 0.891350 0.837563 0.977404 0.907537 0.886625 0.956239 0.944793 0.922947 0.877915 0.990358 0.848177 0.777915 0.980096 0.821275 0.846969 0.776446 0.850606 0.866927 0.838062 0.791311 0.954498 0.838105 0.970909 0.939537 0.807824 0.913039
0.640178 0.494498 0.555257 0.581047 0.821616 0.781761 0.972986 0.830167 0.801827 0.571773 0.817457 0.696257 0.838953 0.841505 0.909612 0.815542 0.602931 0.535551 0.617733 0.583246 0.664392 0.986083 0.766553 0.670785 0.471961 0.572285 0.487133 0.942843 0.869465 0.595782 0.774112 0.778640 0.741902 0.854734 0.808875 0.761913 0.000000 0.539037 0.648799 0.798049 0.713908 0.761964 0.934881 0.989410 0.590972 0.659747 0.883558 0.978464 0.630037 0.879521 0.836451 0.974796 0.907107 0.837622 0.878542 0.967395 0.536351 0.498456 0.871198 0.767183 0.932188 0.859762 0.924816 0.742425 0.509368 0.561784 0.814227 0.874496 0.586273 0.650007 0.800384 0.978993 0.977250 0.908242 0.763692 0.891860 0.924335 0.972808 0.814477 0.815545 0.838093 0.832486 0.592242 0.611495 0.685711 0.584031 0.689913 0.888135 0.967383 0.712323 0.558513 0.612591 0.606138 0.699752 0.908592 0.888503 0.930690 0.965423 0.530313 0.685178 0.760460 0.636371 0.701356 0.913204 0.847740 0.848914 0.974182 0.924623 0.989048 0.828537 0.875146 0.783687 0.723518 0.880248 0.926604 0.885134
0.574451 0.485705 0.569705 0.593800 0.802216 0.842330 0.984654 0.823241 0.870757 0.645620 0.871311 0.658908 0.888469 0.843018 0.979341 0.836338 0.544864 0.463767 0.622726 0.586180 0.791544 0.961740 0.766954 0.691391 0.493609 0.571387 0.521433 0.934305 0.895278 0.643688 0.733957 0.741397 0.617476 0.754306 0.770692 0.633648 0.539037 0.000000 0.612955 0.852186 0.808882 0.800058 0.934743 0.992068 0.657479 0.758486 0.849032 0.971423 0.712635 0.902170 0.876795 0.998286 0.923447 0.805109 0.795058 0.904435 0.466944 0.453625 0.887728 0.738895 0.932681 0.795717 0.919536 0.673536 0.526222 0.607892 0.810244 0.866765 0.532671 0.539374 0.785184 0.916032 0.989580 0.896718 0.863189 0.969370 0.858557 0.899563 0.895674 0.811252 0.706518 0.773340 0.699328 0.622739 0.695768 0.515113 0.736413 0.987096 0.838973 0.657163 0.636139 0.594389 0.666475 0.680403 0.815570 0.968692 0.839338 0.965469 0.589619 0.666194 0.701183 0.589740 0.807954 0.885155 0.975209 0.933030 0.835654 0.946639 0.978309 0.774474 0.893162 0.761926 0.718941 0.796263 0.978099 0.765678
