0.000000 0.548633 0.750262 0.601353 0.887989 0.898973 0.643154 0.612489 0.945675 0.733868 0.555020 0.685931 0.953506 0.952139 0.863024 0.818061 0.481071 0.428493 0.528325 0.500403 0.847162 0.912902 0.839265 0.728804 0.967879 0.910880 0.906973 0.905327 0.864705 0.920437 0.962922 0.895135 0.528913 0.554899 0.792184 0.972620 0.731380 0.781603 0.974623 0.950442 0.701591 0.708809 0.795091 0.803650 0.760004 0.610144 0.566679 0.569723 0.669973 0.679818 0.794125 0.830827 0.934700 0.871125 0.551096 0.551210 0.406461 0.521255 0.434099 0.578685 0.623292 0.714472 0.512020 0.473271 0.969363 0.922224 0.624843 0.751072 0.608116 0.633476 0.922454 0.891584 0.968751 0.861212 0.931032 0.920829 0.941390 0.832251 0.731971 0.969889 0.462348 0.444076 0.882276 0.600961 0.681004 0.821026 0.865633 0.936550 0.750231 0.534753 0.741844 0.966185 0.799152 0.960464 0.763124 0.838639 0.645527 0.812684 0.594249 0.617256 0.919491 0.944947 0.516659 0.633306 0.833266 0.639272 0.813844 0.774311 0.955790 0.914464 0.875462 0.693946 0.802174 0.954080 0.957727 0.936799
0.548633 0.000000 0.814623 0.696798 0.744165 0.919836 0.841939 0.785356 0.970652 0.928387 0.810076 0.797563 0.984177 0.917043 0.943566 0.972482 0.651628 0.655313 0.631227 0.592747 0.853757 0.861670 0.926401 0.869747 0.921365 0.874960 0.916123 0.948623 0.924996 0.954883 0.997334 0.951252 0.682220 0.816028 0.865354 0.950294 0.788093 0.753730 0.889354 0.929772 0.828429 0.759530 0.702747 0.655776 0.667650 0.575070 0.674360 0.586514 0.539579 0.502820 0.589355 0.663373 0.708405 0.868590 0.686950 0.815131 0.513097 0.482648 0.531798 0.599562 0.917063 0.908570 0.873947 0.759926 0.936463 0.986733 0.768144 0.767942 0.605251 0.545097 0.772922 0.871777 0.997550 0.948107 0.875397 0.968714 0.801537 0.738603 0.860059 0.992069 0.747776 0.701398 0.962456 0.779102 0.876865 0.956484 0.929695 0.940262 0.879404 0.697185 0.759540 0.779230 0.795544 0.811039 0.928452 0.862073 0.616372 0.842760 0.645577 0.593561 0.982939 0.741765 0.608400 0.625181 0.768074 0.678414 0.991074 0.660379 0.972519 0.805487 0.995110 0.674301 0.671022 0.893220 0.906328 0.986008
0.750262 0.814623 0.000000 0.501638 0.988499 0.741903 0.486566 0.917684 0.631415 0.960668 0.886369 0.827642 0.924013 0.853041 0.987246 0.689017 0.860113 0.789341 0.778528 0.862800 0.799013 0.999262 0.884859 0.968676 0.731519 0.706662 0.863435 0.895951 0.965508 0.773753 0.882606 0.969817 0.645236 0.897603 0.624806 0.992980 0.798152 0.881287 0.935985 0.966843 0.734924 0.695338 0.848143 0.785858 0.772204 0.764686 0.921421 0.893527 0.937105 0.826483 0.851609 0.862837 0.825121 0.698522 0.903597 0.769777 0.741915 0.817786 0.883288 0.900723 0.786407 0.874079 0.886741 0.943411 0.528655 0.934484 0.522472 0.899402 0.709643 0.779286 0.969965 0.868901 0.948504 0.866665 0.849732 0.856246 0.795228 0.833697 0.766269 0.960496 0.751825 0.805787 0.870137 0.786317 0.679633 0.774939 0.997695 0.935706 0.806551 0.843619 0.572898 0.582103 0.537493 0.557275 0.855965 0.694440 0.719738 0.847833 0.748092 0.709197 0.940276 0.847919 0.761132 0.785012 0.849873 0.766443 0.944927 0.752498 0.925566 0.926915 0.900820 0.777601 0.822838 0.982794 0.999937 0.902538
0.601353 0.696798 0.501638 0.000000 0.955630 0.937857 0.566546 0.744035 0.790072 0.928361 0.772424 0.970170 0.823133 0.965062 0.964621 0.825218 0.829100 0.727963 0.606631 0.718569 0.859781 0.958666 0.887362 0.978898 0.736589 0.694391 0.930480 0.885170 0.988915 0.836599 0.840115 0.994817 0.596930 0.790100 0.669462 0.969635 0.877216 0.937301 0.994810 0.926514 0.703630 0.713735 0.731847 0.664063 0.710057 0.639325 0.743670 0.673260 0.837579 0.722276 0.818976 0.788648 0.818865 0.809483 0.823265 0.658086 0.697430 0.767534 0.831056 0.888985 0.738781 0.940825 0.782994 0.814088 0.610930 0.921221 0.545432 0.781005 0.738256 0.768110 0.885443 0.943238 0.934793 0.991604 0.939491 0.898114 0.731753 0.848628 0.839315 0.963938 0.676302 0.712078 0.887475 0.832273 0.639005 0.686764 0.946807 0.974361 0.863208 0.695446 0.454979 0.612810 0.470273 0.600532 0.881798 0.677550 0.628052 0.809510 0.592048 0.568564 0.970375 0.855943 0.611222 0.585418 0.750628 0.701710 0.959883 0.790780 0.991648 0.948411 0.815807 0.621126 0.835464 0.927985 0.958961 0.995122
0.887989 0.744165 0.988499 0.955630 0.000000 0.979934 0.848778 0.948009 0.729735 0.875819 0.969553 0.951383 0.888272 0.990976 0.774474 0.877354 0.964124 0.985097 0.892110 0.979613 0.762959 0.938073 0.623090 0.681761 0.914709 0.833181 0.815498 0.820697 0.858102 0.874852 0.931254 0.785824 0.957347 0.987913 0.977389 0.955024 0.937212 0.717097 0.996911 0.875116 0.854842 0.929418 0.670176 0.678387 0.936180 0.897752 0.755724 0.854466 0.831953 0.912636 0.896626 0.999246 0.879128 0.920458 0.968030 0.972835 0.845419 0.986634 0.807906 0.924208 0.851720 0.977782 0.901025 0.935216 0.797316 0.997164 0.917558 0.800264 0.853666 0.872802 0.968396 0.998552 0.838010 0.782065 0.987635 0.934237 0.997376 0.869859 0.925039 0.999763 0.970349 0.940938 0.717660 0.916709 0.692124 0.769486 0.798962 0.747357 0.966246 0.952952 0.887757 0.961361 0.919599 0.972597 0.996730 0.829825 0.965978 0.802976 0.983731 0.991582 0.887999 0.851365 0.886309 0.785250 0.848494 0.906721 0.985837 0.908566 0.861906 0.938268 0.973122 0.958158 0.893945 0.948573 0.967359 0.895676
0.898973 0.919836 0.741903 0.937857 0.979934 0.000000 0.936429 0.834102 0.895836 0.802150 0.902289 0.786639 0.966017 0.835966 0.930582 0.811720 0.955269 0.951576 0.944301 0.983044 0.965163 0.858118 0.916614 0.941851 0.896560 0.946169 0.997370 0.872052 0.990884 0.898742 0.983116 0.910146 0.980796 0.985121 0.790342 0.949180 0.911804 0.942038 0.956928 0.942738 0.994465 0.838978 0.973547 0.985182 0.942165 0.957307 0.854583 0.973746 0.999223 0.966427 0.970091 0.958762 0.892885 0.794508 0.905564 0.893860 0.979238 0.982422 0.911956 0.754494 0.891492 0.711006 0.918249 0.913093 0.842549 0.737494 0.987931 0.842935 0.880500 0.996647 0.917954 0.941072 0.981896 0.977927 0.990658 0.881463 0.992366 0.965626 0.982773 0.942643 0.906203 0.883134 0.815595 0.999337 0.943368 0.991463 0.878394 0.998274 0.993204 0.954391 0.980527 0.878476 0.999118 0.865742 0.990592 0.963398 0.917264 0.876481 0.965861 0.997895 0.934132 0.932009 0.888128 0.870667 0.874673 0.981928 0.839437 0.949218 0.970679 0.970804 0.893292 0.893037 0.978743 0.967805 0.801149 0.946033
0.643154 0.841939 0.486566 0.566546 0.848778 0.936429 0.000000 0.501294 0.603850 0.522220 0.717998 0.893624 0.928714 0.772637 0.784908 0.684004 0.692233 0.570685 0.682572 0.852796 0.974354 0.966377 0.925001 0.850753 0.876447 0.888617 0.891105 0.856885 0.799507 0.874191 0.950052 0.965593 0.554417 0.568779 0.779350 0.956629 0.966631 0.892572 0.994421 0.994401 0.761392 0.812675 0.929172 0.910635 0.579448 0.580235 0.866033 0.802726 0.835587 0.953188 0.949750 0.855600 0.994086 0.989871 0.780382 0.685705 0.797688 0.891014 0.844769 0.987215 0.439833 0.729946 0.587693 0.609660 0.800794 0.950854 0.561452 0.745219 0.867227 0.813855 0.991315 0.934302 0.918468 0.918775 0.817068 0.911104 0.852771 0.907008 0.768003 0.805794 0.553861 0.595942 0.871514 0.659899 0.636659 0.851710 0.875618 0.955239 0.937388 0.832635 0.554393 0.723237 0.580183 0.799299 0.780374 0.778885 0.715819 0.821652 0.549936 0.641692 0.986507 0.975214 0.750229 0.735323 0.923773 0.837312 0.889492 0.897460 0.938197 0.942063 0.838216 0.723798 0.804376 0.811487 0.830874 0.919230
0.612489 0.785356 0.917684 0.744035 0.948009 0.834102 0.501294 0.000000 0.846706 0.370234 0.476932 0.485367 0.933853 0.962975 0.615875 0.805850 0.572704 0.564848 0.694857 0.756138 0.875205 0.862441 0.796485 0.727864 0.613654 0.686157 0.732594 0.736343 0.663852 0.640197 0.894380 0.905840 0.682778 0.424316 0.952752 0.969627 0.882936 0.744364 0.986135 0.987737 0.812911 0.952852 0.945988 0.926752 0.605024 0.568320 0.793311 0.734572 0.735276 0.954239 0.798766 0.681028 0.735736 0.601129 0.686627 0.708955 0.863958 0.902169 0.731426 0.780119 0.380775 0.400118 0.456594 0.390293 0.779362 0.799716 0.750270 0.618183 0.959515 0.843092 0.930351 0.770723 0.920544 0.975767 0.817246 0.958878 0.932518 0.956484 0.860524 0.747792 0.562924 0.619286 0.969140 0.684708 0.910020 0.988099 0.720315 0.861591 0.990274 0.788214 0.762778 0.940849 0.852555 0.840272 0.816347 0.945927 0.772054 0.833874 0.551307 0.709526 0.788197 0.852411 0.667220 0.729629 0.955056 0.917364 0.699170 0.926465 0.867148 0.960592 0.811640 0.701418 0.828424 0.763469 0.784717 0.792822
0.945675 0.970652 0.631415 0.790072 0.729735 0.895836 0.603850 0.846706 0.000000 0.797043 0.961365 0.881098 0.896646 0.904462 0.985188 0.913946 0.947950 0.887792 0.992575 0.993550 0.962759 0.890086 0.744489 0.893841 0.990922 0.993001 0.928895 0.950953 0.944890 0.952597 0.905572 0.998984 0.829052 0.914834 0.852409 0.911254 0.979376 0.887336 0.922471 0.932864 0.899422 0.950355 0.859615 0.905297 0.910262 0.925347 0.934496 0.863247 0.943555 0.968613 0.954833 0.942895 0.863966 0.728536 0.954669 0.885558 0.979395 0.963610 0.906824 0.913954 0.757950 0.945010 0.929092 0.954563 0.662776 0.887216 0.765443 0.923712 0.977666 0.969879 0.995585 0.961305 0.901436 0.994182 0.970211 0.966262 0.828784 0.934546 0.812696 0.899709 0.881668 0.930396 0.820495 0.833030 0.751106 0.803923 0.980529 0.972497 0.963522 0.962132 0.676043 0.695007 0.756181 0.733111 0.956409 0.842196 0.816790 0.986388 0.858592 0.759745 0.855401 0.891837 0.973901 0.924738 0.862793 0.971914 0.966871 0.957315 0.885454 0.991667 0.888169 0.865319 0.870079 0.904852 0.826393 0.950071
0.733868 0.928387 0.960668 0.928361 0.875819 0.802150 0.522220 0.370234 0.797043 0.000000 0.632255 0.634874 0.931306 0.859034 0.617349 0.800882 0.657140 0.580201 0.767101 0.921383 0.860677 0.968204 0.851698 0.698408 0.491158 0.536000 0.760737 0.666549 0.662876 0.600754 0.892775 0.925487 0.793511 0.529908 0.962274 0.994267 0.877839 0.675318 0.947848 0.920806 0.887089 0.999595 0.872878 0.887060 0.668538 0.685789 0.858216 0.855739 0.778638 0.882069 0.779936 0.655556 0.785283 0.653899 0.750236 0.722160 0.977583 0.930004 0.768676 0.804516 0.434009 0.469250 0.527470 0.467673 0.738999 0.871747 0.816052 0.696259 0.896068 0.854853 0.922352 0.865107 0.867431 0.925271 0.819157 0.978396 0.984279 0.934537 0.820721 0.726079 0.605025 0.669728 0.922264 0.720531 0.929272 0.895205 0.751114 0.900083 0.892977 0.845385 0.865378 0.904885 0.957480 0.787069 0.802510 0.991678 0.904003 0.911026 0.645482 0.752313 0.829798 0.758656 0.787099 0.856921 0.948671 0.897484 0.787733 0.878220 0.937849 0.936603 0.955211 0.820625 0.887877 0.758711 0.798456 0.827073
0.555020 0.810076 0.886369 0.772424 0.969553 0.902289 0.717998 0.476932 0.961365 0.632255 0.000000 0.477574 0.863895 0.959708 0.641652 0.817657 0.521722 0.613975 0.780416 0.694025 0.975545 0.796766 0.663652 0.659520 0.864507 0.880640 0.839750 0.986246 0.784912 0.793693 0.825247 0.775931 0.719731 0.495348 0.835069 0.936244 0.920376 0.953859 0.994991 0.937809 0.718980 0.830109 0.948691 0.930194 0.791549 0.709911 0.757787 0.813206 0.822794 0.970150 0.773851 0.731977 0.672132 0.571344 0.696703 0.695312 0.767787 0.872660 0.648816 0.773285 0.531928 0.537119 0.499161 0.448462 0.821187 0.860012 0.712506 0.749980 0.891386 0.733120 0.842035 0.756602 0.825633 0.888471 0.883908 0.855403 0.977295 0.998056 0.841506 0.892665 0.595227 0.666504 0.974434 0.706996 0.964160 0.951352 0.795302 0.771914 0.904080 0.754810 0.829056 0.821252 0.891701 0.833861 0.765176 0.936540 0.820516 0.846384 0.729001 0.818525 0.852907 0.916798 0.566002 0.777887 0.997620 0.832653 0.638063 0.943412 0.835303 0.916244 0.902129 0.766425 0.882727 0.908765 0.920160 0.935868
0.685931 0.797563 0.827642 0.970170 0.951383 0.786639 0.893624 0.485367 0.881098 0.634874 0.477574 0.000000 0.698618 0.707221 0.802676 0.870371 0.620233 0.704454 0.719883 0.716461 0.934642 0.797158 0.726727 0.845201 0.700841 0.708821 0.838636 0.866408 0.713982 0.651362 0.772602 0.902171 0.918230 0.549881 0.996586 0.943214 0.849045 0.791226 0.926459 0.937179 0.897385 0.895582 0.889233 0.906983 0.794885 0.729122 0.714534 0.843247 0.847945 0.903686 0.859402 0.744298 0.675877 0.559092 0.702918 0.805981 0.863475 0.943477 0.778726 0.800502 0.563999 0.446178 0.530406 0.496800 0.677672 0.710637 0.923387 0.765810 0.947946 0.834401 0.867926 0.709741 0.977325 0.987423 0.868292 0.959177 0.976302 0.912221 0.959798 0.856288 0.678592 0.726002 0.910823 0.811381 0.962630 0.935194 0.733180 0.871707 0.950803 0.894221 0.949032 0.714805 0.898529 0.647975 0.850274 0.901333 0.908617 0.964979 0.824500 0.959219 0.778609 0.838959 0.731192 0.884219 0.902713 0.980707 0.696169 0.912522 0.855491 0.998306 0.898063 0.844996 0.889945 0.943721 0.840530 0.819362
0.953506 0.984177 0.924013 0.823133 0.888272 0.966017 0.928714 0.933853 0.896646 0.931306 0.863895 0.698618 0.000000 0.534630 0.757864 0.601481 0.975835 0.963518 0.826781 0.895898 0.951159 0.944022 0.829569 0.731740 0.984099 0.959686 0.837635 0.850378 0.909696 0.982874 0.919492 0.956541 0.996122 0.872138 0.881119 0.930635 0.850659 0.983614 0.952496 0.716218 0.864067 0.855567 0.883453 0.893759 0.961421 0.921320 0.905034 0.949272 0.889774 0.952998 0.948275 0.966301 0.983902 0.877277 0.913342 0.944865 0.965792 0.878302 0.783413 0.803209 0.805501 0.898018 0.835781 0.929010 0.874693 0.838396 0.882994 0.896929 0.924580 0.995404 0.967915 0.947613 0.876122 0.863020 0.937678 0.974700 0.942203 0.854917 0.970774 0.995145 0.934521 0.995546 0.951201 0.996092 0.815164 0.693499 0.963602 0.918176 0.929150 0.850156 0.808931 0.911550 0.802691 0.906682 0.879259 0.943852 0.909530 0.953826 0.923217 0.986928 0.892142 0.930907 0.846422 0.865876 0.869009 0.948834 0.921239 0.887587 0.998452 0.983154 0.748930 0.928199 0.954937 0.901756 0.968373 0.922795
0.952139 0.917043 0.853041 0.965062 0.990976 0.835966 0.772637 0.962975 0.904462 0.859034 0.959708 0.707221 0.534630 0.000000 0.641270 0.516693 0.903551 0.932402 0.776293 0.808036 0.974820 0.952709 0.856244 0.667241 0.971505 0.949781 0.713310 0.857887 0.862110 0.868591 0.870563 0.750935 0.880887 0.973222 0.988110 0.971300 0.741657 0.915072 0.938100 0.726443 0.960300 0.775666 0.847645 0.868138 0.999360 0.959688 0.865626 0.938036 0.994437 0.975953 0.888570 0.880794 0.923582 0.918003 0.974956 0.961242 0.975060 0.896196 0.814518 0.932186 0.944368 0.979191 0.934891 0.981453 0.987885 0.870177 0.913579 0.927797 0.961815 0.965827 0.865001 0.967617 0.841858 0.818728 0.945503 0.884244 0.831673 0.918657 0.939289 0.907943 0.993523 0.950623 0.965423 0.948907 0.940747 0.748691 0.861459 0.854965 0.967430 0.968910 0.972996 0.971576 0.993865 0.940081 0.993663 0.954732 0.912650 0.841394 0.952696 0.980126 0.900452 0.988624 0.912526 0.935444 0.966358 0.939713 0.891838 0.992852 0.902112 0.864906 0.858387 0.881781 0.943401 0.921767 0.975322 0.898108
0.863024 0.943566 0.987246 0.964621 0.774474 0.930582 0.784908 0.615875 0.985188 0.617349 0.641652 0.802676 0.757864 0.641270 0.000000 0.549431 0.762731 0.857263 0.856454 0.884975 0.962141 0.959862 0.472240 0.468754 0.785640 0.784924 0.570864 0.866011 0.998416 0.903640 0.699883 0.674955 0.928814 0.731014 0.973576 0.943037 0.965628 0.934062 0.939214 0.731535 0.903705 0.934556 0.873834 0.850648 0.731603 0.743574 0.927030 0.917776 0.785938 0.848820 0.812990 0.637331 0.597020 0.583046 0.883675 0.878010 0.955839 0.980355 0.707754 0.813494 0.735739 0.636479 0.878012 0.769096 0.638249 0.871825 0.845386 0.621604 0.912732 0.840225 0.799468 0.768022 0.758755 0.793908 0.893263 0.959540 0.980442 0.997281 0.881728 0.899108 0.893019 0.981601 0.675466 0.982220 0.679960 0.656253 0.797863 0.706841 0.938424 0.999281 0.978709 0.837136 0.979841 0.874272 0.999618 0.963294 0.866462 0.725664 0.864286 0.912304 0.754689 0.865025 0.880211 0.901117 0.800984 0.992011 0.922265 0.977779 0.951460 0.903601 0.992597 0.968489 0.983599 0.717496 0.874641 0.955554
0.818061 0.972482 0.689017 0.825218 0.877354 0.811720 0.684004 0.805850 0.913946 0.800882 0.817657 0.870371 0.601481 0.516693 0.549431 0.000000 0.824323 0.806622 0.964797 0.966389 0.953059 0.965276 0.687364 0.547736 0.993175 0.985636 0.772700 0.905534 0.957465 0.907026 0.829554 0.731169 0.889969 0.894001 0.805609 0.969523 0.879412 0.973062 0.956217 0.768969 0.899364 0.716085 0.946141 0.913934 0.797258 0.810106 0.973953 0.886126 0.796073 0.993857 0.905144 0.853956 0.829096 0.840287 0.936083 0.802696 0.877937 0.923329 0.720666 0.926532 0.868438 0.939225 0.907367 0.853854 0.988705 0.897707 0.792187 0.813203 0.947229 0.875203 0.858549 0.999151 0.762166 0.770467 0.910257 0.851271 0.994780 0.946645 0.880391 0.922745 0.797582 0.855600 0.875996 0.894505 0.927154 0.840178 0.889058 0.713896 0.944679 0.812060 0.909799 0.953251 0.863911 0.913426 0.946892 0.879618 0.871256 0.794466 0.817199 0.827979 0.894707 0.983778 0.919267 0.874965 0.889838 0.824745 0.972806 0.976833 0.973021 0.990517 0.942945 0.931056 0.901837 0.940815 0.899990 0.925686
0.481071 0.651628 0.860113 0.829100 0.964124 0.955269 0.692233 0.572704 0.947950 0.657140 0.521722 0.620233 0.975835 0.903551 0.762731 0.824323 0.000000 0.469917 0.693755 0.626752 0.987368 0.905339 0.826989 0.744661 0.864227 0.918900 0.864785 0.953401 0.761616 0.793501 0.888313 0.933183 0.676544 0.598031 0.812960 0.966647 0.816500 0.990169 0.907551 0.938303 0.793816 0.839005 0.991686 0.935675 0.830146 0.777680 0.787603 0.717489 0.794931 0.897325 0.978354 0.979797 0.906834 0.763998 0.531754 0.660335 0.589753 0.636362 0.522362 0.624943 0.557400 0.591596 0.506644 0.434467 0.983491 0.811010 0.720251 0.742155 0.802672 0.716854 0.961606 0.738463 0.974912 0.903178 0.871029 0.904194 0.994452 0.941962 0.821619 0.923412 0.492440 0.531037 0.933017 0.617370 0.775954 0.846548 0.864970 0.983298 0.738506 0.675911 0.915541 0.851161 0.981954 0.879460 0.776840 0.859715 0.740080 0.873196 0.676020 0.735583 0.886907 0.973162 0.595449 0.768848 0.903307 0.728623 0.788850 0.835807 0.999104 0.903384 0.948591 0.822662 0.866953 0.947883 0.994171 0.925968
0.428493 0.655313 0.789341 0.727963 0.985097 0.951576 0.570685 0.564848 0.887792 0.580201 0.613975 0.704454 0.963518 0.932402 0.857263 0.806622 0.469917 0.000000 0.589402 0.598079 0.934365 0.986879 0.920503 0.740802 0.890464 0.917060 0.979657 0.935708 0.661005 0.671084 0.971670 0.974880 0.596040 0.548536 0.886232 0.834041 0.769586 0.986450 0.953267 0.970227 0.769021 0.784222 0.886212 0.907962 0.738426 0.659196 0.560623 0.620470 0.651192 0.794725 0.867936 0.939719 0.944224 0.848480 0.539563 0.529942 0.483774 0.594269 0.495900 0.629932 0.553277 0.649885 0.440943 0.417322 0.983093 0.918189 0.671675 0.731073 0.803832 0.671648 0.951483 0.798384 0.928514 0.833983 0.861526 0.969902 0.936563 0.953939 0.744300 0.970621 0.348663 0.386511 0.769580 0.429962 0.625487 0.827689 0.886725 0.991328 0.761533 0.550721 0.875229 0.890331 0.948980 0.873695 0.756632 0.850764 0.798350 0.864577 0.642370 0.688979 0.968149 0.854933 0.624231 0.744278 0.856785 0.676442 0.792576 0.948407 0.916839 0.911110 0.950768 0.745135 0.793493 0.922675 0.970272 0.813698
0.528325 0.631227 0.778528 0.606631 0.892110 0.944301 0.682572 0.694857 0.992575 0.767101 0.780416 0.719883 0.826781 0.776293 0.856454 0.964797 0.693755 0.589402 0.000000 0.574357 0.895852 0.870885 0.803607 0.891237 0.981248 0.953476 0.962758 0.966841 0.803651 0.848021 0.882224 0.685641 0.701456 0.673171 0.794796 0.904180 0.989150 0.950126 0.922733 0.789161 0.784602 0.776518 0.925006 0.904847 0.739564 0.683357 0.723333 0.691403 0.749891 0.741944 0.886930 0.869178 0.769546 0.941567 0.606093 0.654034 0.658887 0.719822 0.810905 0.844409 0.691415 0.858187 0.594776 0.624947 0.842350 0.990961 0.859697 0.973518 0.738397 0.712725 0.845415 0.921830 0.890100 0.917824 0.959748 0.947787 0.856563 0.819598 0.895556 0.983216 0.614601 0.550084 0.775344 0.741290 0.551768 0.733694 0.988923 0.866209 0.902730 0.691201 0.733162 0.851672 0.728736 0.942679 0.770585 0.953836 0.804301 0.984811 0.663206 0.574906 0.979534 0.914053 0.669555 0.815768 0.780241 0.626774 0.848200 0.830237 0.935125 0.965455 0.872268 0.728888 0.786856 0.995342 0.989451 0.762174
0.500403 0.592747 0.862800 0.718569 0.979613 0.983044 0.852796 0.756138 0.993550 0.921383 0.694025 0.716461 0.895898 0.808036 0.884975 0.966389 0.626752 0.598079 0.574357 0.000000 0.926362 0.877934 0.976870 0.996309 0.991995 0.943858 0.946056 0.944037 0.785312 0.885036 0.865352 0.904846 0.684526 0.755728 0.819308 0.983868 0.801736 0.862158 0.992301 0.933541 0.778051 0.879858 0.894371 0.900292 0.844249 0.714711 0.644777 0.644698 0.719899 0.641732 0.759664 0.720929 0.780219 0.994436 0.735754 0.717786 0.599038 0.614670 0.609871 0.614217 0.804755 0.810196 0.661102 0.630366 0.898919 0.915244 0.823952 0.863421 0.761817 0.761539 0.884385 0.981384 0.895621 0.894552 0.952292 0.993053 0.898959 0.984680 0.741748 0.940990 0.660115 0.617585 0.751074 0.702135 0.722047 0.751031 0.886599 0.965294 0.849372 0.591931 0.850459 0.998504 0.895784 0.990355 0.939284 0.957163 0.805691 0.899995 0.722406 0.718130 0.878716 0.959117 0.664016 0.755585 0.863920 0.761066 0.837434 0.872850 0.918572 0.996327 0.909690 0.683388 0.761787 0.996383 0.937643 0.790850
0.847162 0.853757 0.799013 0.859781 0.762959 0.965163 0.974354 0.875205 0.962759 0.860677 0.975545 0.934642 0.951159 0.974820 0.962141 0.953059 0.987368 0.934365 0.895852 0.926362 0.000000 0.911109 0.778110 0.783990 0.770018 0.709423 0.993083 0.737106 0.876377 0.768018 0.963235 0.810456 0.817887 0.998731 0.859272 0.948411 0.803920 0.808691 0.823747 0.988693 0.855667 0.967755 0.710788 0.751738 0.913628 0.983240 0.837126 0.913068 0.962717 0.926469 0.794594 0.847563 0.958294 0.944676 0.922972 0.953594 0.723786 0.846153 0.771647 0.915466 0.954647 0.925324 0.934721 0.891244 0.854416 0.881840 0.780065 0.837481 0.843701 0.862539 0.912215 0.963128 0.999274 0.750338 0.960352 0.893923 0.973522 0.981804 0.835977 0.904627 0.955246 0.997758 0.822130 0.963698 0.917116 0.959309 0.993667 0.797317 0.830207 0.879381 0.955540 0.973538 0.989486 0.863788 0.872628 0.750542 0.845358 0.901327 0.924594 0.998778 0.912295 0.939137 0.813986 0.867120 0.962456 0.960386 0.904043 0.856710 0.987575 0.866555 0.991652 0.855076 0.953219 0.964792 0.878246 0.807084
0.912902 0.861670 0.999262 0.958666 0.938073 0.858118 0.966377 0.862441 0.890086 0.968204 0.796766 0.797158 0.944022 0.952709 0.959862 0.965276 0.905339 0.986879 0.870885 0.877934 0.911109 0.000000 0.988998 0.988419 0.978668 0.916135 0.979577 0.809493 0.808732 0.851453 0.990781 0.767153 0.937687 0.863969 0.885069 0.991800 0.819377 0.800076 0.955146 0.959494 0.934711 0.881842 0.999205 0.961277 0.881038 0.948907 0.984800 0.940917 0.967376 0.903933 0.834318 0.828048 0.856405 0.788209 0.915435 0.977003 0.995253 0.923726 0.942499 0.881740 0.867689 0.920374 0.761288 0.824847 0.943353 0.950261 0.984247 0.999224 0.908067 0.942570 0.893922 0.871813 0.898103 0.861190 0.964328 0.837094 0.968177 0.884967 0.996216 0.908201 0.948781 0.889131 0.821019 0.940342 0.872240 0.896743 0.964142 0.968425 0.996948 0.998255 0.960327 0.899787 0.922658 0.867222 0.922434 0.897828 0.945103 0.934087 0.963392 0.965418 0.936505 0.896424 0.969145 0.983609 0.812372 0.949663 0.691751 0.880811 0.997759 0.973703 0.821621 0.955410 0.994497 0.876000 0.900130 0.865022
0.839265 0.926401 0.884859 0.887362 0.623090 0.916614 0.925001 0.796485 0.744489 0.851698 0.663652 0.726727 0.829569 0.856244 0.472240 0.687364 0.826989 0.920503 0.803607 0.976870 0.778110 0.988998 0.000000 0.389153 0.838807 0.900517 0.684801 0.987161 0.938676 0.966078 0.612433 0.544339 0.944214 0.864384 0.911886 0.861437 0.918464 0.925992 0.903607 0.785468 0.926937 0.932287 0.766566 0.759237 0.894202 0.859661 0.824589 0.892516 0.814740 0.922863 0.919731 0.767286 0.626981 0.572612 0.934245 0.931170 0.890183 0.926286 0.606847 0.762564 0.954820 0.764834 0.957398 0.845464 0.511543 0.960904 0.922263 0.766070 0.951957 0.834349 0.819023 0.838760 0.637778 0.699805 0.904989 0.989386 0.988290 0.967202 0.956568 0.905855 0.934190 0.946615 0.574567 0.919786 0.510020 0.610749 0.712976 0.516539 0.983044 0.995228 0.848514 0.718758 0.874574 0.823028 0.974359 0.990130 0.936556 0.733747 0.941971 0.924632 0.683599 0.899865 0.776336 0.830092 0.810385 0.995211 0.990494 0.979824 0.967864 0.961499 0.949764 0.990297 0.990939 0.871351 0.956604 0.825577
0.728804 0.869747 0.968676 0.978898 0.681761 0.941851 0.850753 0.727864 0.893841 0.698408 0.659520 0.845201 0.731740 0.667241 0.468754 0.547736 0.744661 0.740802 0.891237 0.996309 0.783990 0.988419 0.389153 0.000000 0.771906 0.864660 0.633968 0.950676 0.983102 0.998924 0.649782 0.530899 0.947793 0.759298 0.998937 0.922415 0.819524 0.920719 0.982786 0.725304 0.843232 0.856844 0.875514 0.869056 0.815650 0.794792 0.823101 0.822507 0.732576 0.988635 0.917932 0.765649 0.726284 0.631040 0.895505 0.882119 0.822256 0.840112 0.539512 0.775538 0.859603 0.794838 0.824081 0.716073 0.615815 0.869062 0.821380 0.787276 0.867408 0.737842 0.832995 0.867347 0.591183 0.626760 0.899619 0.919946 0.953744 0.988824 0.858849 0.878443 0.774519 0.885194 0.746284 0.886537 0.679671 0.608807 0.776017 0.577909 0.978404 0.925615 0.986140 0.810483 0.965144 0.891371 0.968942 0.919326 0.904013 0.757762 0.814826 0.937721 0.799599 0.954867 0.721695 0.771225 0.872860 0.879609 0.965487 0.978693 0.992399 0.918378 0.842695 0.896586 0.976860 0.869002 0.893921 0.895251
0.967879 0.921365 0.731519 0.736589 0.914709 0.896560 0.876447 0.613654 0.990922 0.491158 0.864507 0.700841 0.984099 0.971505 0.785640 0.993175 0.864227 0.890464 0.981248 0.991995 0.770018 0.978668 0.838807 0.771906 0.000000 0.381758 0.742035 0.604685 0.721179 0.672617 0.775078 0.920846 0.899788 0.754493 0.811722 0.858849 0.812369 0.702762 0.873429 0.986981 0.957635 0.833609 0.721132 0.681421 0.915901 0.962536 0.936808 0.976294 0.939513 0.771775 0.716711 0.632196 0.764947 0.659424 0.972255 0.972353 0.753186 0.923270 0.963127 0.884286 0.679948 0.588187 0.780594 0.672623 0.538754 0.980969 0.805084 0.967980 0.853932 0.978566 0.891911 0.923874 0.912850 0.989073 0.853707 0.937313 0.874755 0.846703 0.946491 0.750905 0.916263 0.916198 0.848239 0.915739 0.827341 0.751015 0.819712 0.903762 0.761374 0.878822 0.880852 0.747724 0.825003 0.640281 0.977601 0.781950 0.915791 0.935812 0.883353 0.954665 0.882728 0.775536 0.996160 0.983048 0.841401 0.886654 0.935059 0.782798 0.915114 0.968087 0.913876 0.943728 0.991395 0.776827 0.742149 0.774638
0.910880 0.874960 0.706662 0.694391 0.833181 0.946169 0.888617 0.686157 0.993001 0.536000 0.880640 0.708821 0.959686 0.949781 0.784924 0.985636 0.918900 0.917060 0.953476 0.943858 0.709423 0.916135 0.900517 0.864660 0.381758 0.000000 0.764757 0.615502 0.726676 0.621283 0.731965 0.993674 0.893235 0.788711 0.792190 0.893899 0.788300 0.668056 0.839848 0.992152 0.911448 0.895347 0.704638 0.687877 0.873937 0.983141 0.945133 0.913172 0.963401 0.753391 0.695099 0.633723 0.822595 0.685034 0.997704 0.976524 0.791482 0.883114 0.983267 0.990647 0.755396 0.704029 0.795520 0.738123 0.553044 0.938710 0.750029 0.951419 0.863278 0.945241 0.877629 0.957486 0.932502 0.934824 0.906204 0.983908 0.907773 0.821981 0.968522 0.751085 0.965048 0.941882 0.911598 0.960279 0.879354 0.741201 0.887967 0.939509 0.713103 0.875358 0.861578 0.779143 0.825232 0.647509 0.978693 0.790125 0.919542 0.923433 0.944555 0.945397 0.914537 0.721251 0.931888 0.869234 0.886746 0.896262 0.896478 0.823163 0.959319 0.994747 0.962504 0.918970 0.974829 0.821973 0.788060 0.806377
0.906973 0.916123 0.863435 0.930480 0.815498 0.997370 0.891105 0.732594 0.928895 0.760737 0.839750 0.838636 0.837635 0.713310 0.570864 0.772700 0.864785 0.979657 0.962758 0.946056 0.993083 0.979577 0.684801 0.633968 0.742035 0.764757 0.000000 0.749323 0.898005 0.995480 0.799395 0.805395 0.999794 0.772164 0.962876 0.922013 0.960548 0.979669 0.979360 0.904481 0.979224 0.948395 0.864978 0.913940 0.763289 0.778037 0.970002 0.828249 0.811028 0.953097 0.902294 0.789096 0.789041 0.760036 0.973938 0.939696 0.995372 0.995448 0.851765 0.871065 0.896103 0.806262 0.994597 0.875654 0.712090 0.980145 0.924817 0.744297 0.985106 0.900954 0.998470 0.935464 0.894950 0.823079 0.961857 0.948952 0.966234 0.916226 0.993369 0.904361 0.978123 0.965010 0.720842 0.876777 0.759573 0.735613 0.923273 0.728040 0.930223 0.931547 0.942402 0.954384 0.968764 0.935626 0.949790 0.973223 0.874471 0.850115 0.838981 0.887473 0.827191 0.982898 0.910223 0.985641 0.783788 0.996297 0.929852 0.970289 0.950318 0.997617 0.978400 0.989452 0.992364 0.741738 0.819655 0.933833
0.905327 0.948623 0.895951 0.885170 0.820697 0.872052 0.856885 0.736343 0.950953 0.666549 0.986246 0.866408 0.850378 0.857887 0.866011 0.905534 0.953401 0.935708 0.966841 0.944037 0.737106 0.809493 0.987161 0.950676 0.604685 0.615502 0.749323 0.000000 0.871418 0.824929 0.917550 0.950726 0.924236 0.876706 0.955729 0.943689 0.750719 0.632210 0.905110 0.986115 0.878464 0.977643 0.876209 0.827520 0.795070 0.864421 0.914276 0.998041 0.893265 0.970406 0.871387 0.823075 0.913852 0.873570 0.995856 0.922571 0.773425 0.962980 0.991601 0.922090 0.803234 0.774255 0.920762 0.839956 0.824472 0.994809 0.908722 0.860739 0.746567 0.986298 0.895580 0.981173 0.950041 0.860034 0.857601 0.981361 0.986678 0.900566 0.916582 0.825065 0.985234 0.967311 0.988639 0.964023 0.927138 0.864661 0.988901 0.984230 0.818715 0.906339 0.928246 0.933698 0.881069 0.807246 0.989595 0.783777 0.812408 0.873323 0.890476 0.987206 0.881670 0.857860 0.801412 0.875471 0.790417 0.941826 0.942723 0.756534 0.987961 0.972384 0.960825 0.981822 0.936339 0.869635 0.786329 0.794966
0.864705 0.924996 0.965508 0.988915 0.858102 0.990884 0.799507 0.663852 0.944890 0.662876 0.784912 0.713982 0.909696 0.862110 0.998416 0.957465 0.761616 0.661005 0.803651 0.785312 0.876377 0.808732 0.938676 0.983102 0.721179 0.726676 0.898005 0.871418 0.000000 0.433002 0.946639 0.778003 0.864393 0.612437 0.885340 0.833678 0.831061 0.733833 0.933211 0.844876 0.938937 0.896202 0.828830 0.806228 0.990690 0.992903 0.832520 0.929612 0.998558 0.798627 0.719374 0.740800 0.856147 0.664498 0.834674 0.777433 0.997064 0.909403 0.979545 0.934736 0.623670 0.625679 0.538479 0.615211 0.917931 0.850430 0.988647 0.944113 0.766981 0.921900 0.818804 0.757422 0.965018 0.822984 0.878128 0.915277 0.924505 0.898005 0.855745 0.950240 0.685501 0.705634 0.753729 0.646693 0.775327 0.795443 0.940383 0.820135 0.929027 0.814200 0.849155 0.650022 0.767178 0.602498 0.814121 0.957565 0.911653 0.898189 0.935352 0.992329 0.944473 0.626275 0.981378 0.973920 0.903455 0.950633 0.722202 0.712413 0.986605 0.951167 0.783701 0.919165 0.895123 0.948186 0.870538 0.670537
0.920437 0.954883 0.773753 0.836599 0.874852 0.898742 0.874191 0.640197 0.952597 0.600754 0.793693 0.651362 0.982874 0.868591 0.903640 0.907026 0.793501 0.671084 0.848021 0.885036 0.768018 0.851453 0.966078 0.998924 0.672617 0.621283 0.995480 0.824929 0.433002 0.000000 0.912983 0.791843 0.853930 0.591373 0.888249 0.838303 0.774223 0.734447 0.978671 0.929651 0.984723 0.853921 0.839169 0.798420 0.901728 0.913845 0.859396 0.927760 0.866956 0.850112 0.807911 0.737697 0.831470 0.647626 0.786038 0.795853 0.983467 0.925842 0.964442 0.892007 0.668980 0.587423 0.551026 0.572532 0.738995 0.863647 0.935308 0.847644 0.711259 0.921701 0.834348 0.763933 0.902344 0.855013 0.989616 0.902463 0.875561 0.860910 0.946488 0.999625 0.726761 0.724841 0.751313 0.695713 0.871787 0.912853 0.976239 0.869058 0.982336 0.892997 0.778433 0.610404 0.713266 0.532010 0.852186 0.851302 0.891437 0.846334 0.942717 0.991225 0.930512 0.701495 0.916551 0.932959 0.944851 0.964350 0.658776 0.768593 0.908267 0.990668 0.898192 0.986864 0.944403 0.978073 0.854822 0.683894
0.962922 0.997334 0.882606 0.840115 0.931254 0.983116 0.950052 0.894380 0.905572 0.892775 0.825247 0.772602 0.919492 0.870563 0.699883 0.829554 0.888313 0.971670 0.882224 0.865352 0.963235 0.990781 0.612433 0.649782 0.775078 0.731965 0.799395 0.917550 0.946639 0.912983 0.000000 0.668669 0.789013 0.952412 0.857154 0.839274 0.918727 0.804474 0.985775 0.906060 0.850381 0.937174 0.979346 0.970033 0.973355 0.971782 0.992246 0.915159 0.978799 0.810040 0.817538 0.745618 0.791638 0.711777 0.947299 0.945824 0.947648 0.981777 0.861756 0.966239 0.976944 0.874839 0.955374 0.963180 0.679489 0.959073 0.901748 0.917701 0.896353 0.763836 0.742790 0.944252 0.737973 0.834079 0.876445 0.885642 0.985272 0.929403 0.912202 0.895674 0.912441 0.915719 0.751955 0.931025 0.673937 0.713385 0.859559 0.730718 0.980208 0.945346 0.903231 0.880490 0.890501 0.847774 0.890593 0.913689 0.969468 0.878789 0.933887 0.926692 0.871539 0.981197 0.894143 0.943326 0.925169 0.952851 0.993084 0.885095 0.969322 0.899468 0.894202 0.954793 0.970891 0.998240 0.834091 0.901721
0.895135 0.951252 0.969817 0.994817 0.785824 0.910146 0.965593 0.905840 0.998984 0.925487 0.775931 0.902171 0.956541 0.750935 0.674955 0.731169 0.933183 0.974880 0.685641 0.904846 0.810456 0.767153 0.544339 0.530899 0.920846 0.993674 0.805395 0.950726 0.778003 0.791843 0.668669 0.000000 0.942591 0.958150 0.966891 0.720967 0.764396 0.856503 0.927071 0.713097 0.895509 0.969642 0.920163 0.915450 0.981834 0.965967 0.924580 0.932295 0.989600 0.938031 0.990834 0.919095 0.752957 0.835466 0.959285 0.974355 0.935300 0.882319 0.684003 0.845490 0.925563 0.863075 0.970598 0.916508 0.817405 0.980067 0.779676 0.912118 0.887392 0.810614 0.778007 0.927474 0.711466 0.681409 0.907686 0.920939 0.901451 0.956723 0.941016 0.773502 0.934654 0.956230 0.673141 0.978839 0.675296 0.771279 0.797211 0.570605 0.885886 0.983053 0.956933 0.962877 0.968734 0.998127 0.914204 0.996188 0.869961 0.770734 0.945829 0.892834 0.941485 0.889465 0.854075 0.848783 0.930513 0.988614 0.866826 0.950380 0.869766 0.856591 0.821733 0.914325 0.939065 0.888566 0.910336 0.818380
0.528913 0.682220 0.645236 0.596930 0.957347 0.980796 0.554417 0.682778 0.829052 0.793511 0.719731 0.918230 0.996122 0.880887 0.928814 0.889969 0.676544 0.596040 0.701456 0.684526 0.817887 0.937687 0.944214 0.947793 0.899788 0.893235 0.999794 0.924236 0.864393 0.853930 0.789013 0.942591 0.000000 0.625367 0.820121 0.887239 0.836410 0.869022 0.981968 0.979508 0.764277 0.745658 0.848801 0.805490 0.743248 0.671512 0.738523 0.693865 0.820947 0.808932 0.891056 0.928213 0.945644 0.987185 0.739355 0.758417 0.580309 0.772623 0.719434 0.822439 0.622505 0.797353 0.667614 0.688962 0.808744 0.860468 0.543915 0.651964 0.794747 0.835081 0.973244 0.903128 0.910774 0.975496 0.963101 0.999179 0.794663 0.971167 0.722385 0.923049 0.595388 0.595107 0.837299 0.711947 0.649365 0.770707 0.875876 0.949768 0.919041 0.725983 0.633863 0.835364 0.740986 0.851370 0.879703 0.707287 0.608986 0.873000 0.690111 0.721404 0.949398 0.954898 0.741511 0.697572 0.879961 0.789228 0.771525 0.793018 0.835101 0.799412 0.883894 0.724433 0.784818 0.929884 0.973940 0.978629
0.554899 0.816028 0.897603 0.790100 0.987913 0.985121 0.568779 0.424316 0.914834 0.529908 0.495348 0.549881 0.872138 0.973222 0.731014 0.894001 0.598031 0.548536 0.673171 0.755728 0.998731 0.863969 0.864384 0.759298 0.754493 0.788711 0.772164 0.876706 0.612437 0.591373 0.952412 0.958150 0.625367 0.000000 0.880268 0.945017 0.977773 0.910572 0.996298 0.961786 0.764371 0.877142 0.918683 0.956984 0.723083 0.659294 0.798331 0.731379 0.779954 0.930223 0.811153 0.718289 0.739716 0.635170 0.634851 0.713611 0.778268 0.924390 0.766180 0.863215 0.439769 0.506410 0.429148 0.415853 0.855592 0.853017 0.735933 0.711219 0.932690 0.821852 0.831290 0.756470 0.970805 0.902249 0.954967 0.977386 0.973118 0.930120 0.879227 0.853377 0.543761 0.581554 0.901048 0.652228 0.791913 0.883309 0.942900 0.987973 0.942848 0.758984 0.834894 0.864836 0.911515 0.789658 0.760562 0.938834 0.866673 0.904166 0.648407 0.717335 0.920262 0.816426 0.706679 0.799224 0.976766 0.836654 0.687661 0.945648 0.879407 0.884226 0.753334 0.703554 0.833723 0.829513 0.810461 0.760943
0.792184 0.865354 0.624806 0.669462 0.977389 0.790342 0.779350 0.952752 0.852409 0.962274 0.835069 0.996586 0.881119 0.988110 0.973576 0.805609 0.812960 0.886232 0.794796 0.819308 0.859272 0.885069 0.911886 0.998937 0.811722 0.792190 0.962876 0.955729 0.885340 0.888249 0.857154 0.966891 0.820121 0.880268 0.000000 0.995814 0.988410 0.966348 0.913043 0.883148 0.720574 0.797067 0.889675 0.881431 0.825347 0.812990 0.993803 0.879206 0.926465 0.858568 0.861118 0.864713 0.945829 0.828207 0.976484 0.861329 0.845598 0.901473 0.917907 0.977246 0.866369 0.944922 0.835312 0.875357 0.681471 0.985704 0.696838 0.900818 0.830939 0.861385 0.899556 0.977746 0.941745 0.998754 0.971388 0.880660 0.996420 0.982726 0.918023 0.967619 0.815545 0.887267 0.910839 0.900376 0.818456 0.798264 0.982482 0.935995 0.972168 0.884753 0.807659 0.793207 0.729913 0.766921 0.828134 0.902927 0.918456 0.885371 0.807044 0.747016 0.968073 0.846372 0.834542 0.854649 0.916698 0.765828 0.935741 0.713948 0.929802 0.856985 0.948623 0.895591 0.936653 0.862499 0.881663 0.944319
0.972620 0.950294 0.992980 0.969635 0.955024 0.949180 0.956629 0.969627 0.911254 0.994267 0.936244 0.943214 0.930635 0.971300 0.943037 0.969523 0.966647 0.834041 0.904180 0.983868 0.948411 0.991800 0.861437 0.922415 0.858849 0.893899 0.922013 0.943689 0.833678 0.838303 0.839274 0.720967 0.887239 0.945017 0.995814 0.000000 0.960090 0.978359 0.927838 0.930288 0.952247 0.968631 0.851038 0.928877 0.833686 0.867405 0.883570 0.771639 0.833971 0.882222 0.959379 0.964225 0.894258 0.927416 0.877362 0.903861 0.905499 0.970553 0.968004 0.937409 0.961057 0.903780 0.905829 0.992408 0.903587 0.938486 0.950708 0.887114 0.893066 0.909713 0.994064 0.961961 0.960378 0.987634 0.999431 0.992712 0.984191 0.926462 0.887120 0.906788 0.902220 0.916539 0.775951 0.854004 0.803534 0.918425 0.990973 0.765311 0.934920 0.915271 0.976830 0.985846 0.994239 0.970103 0.811706 0.974113 0.948455 0.853918 0.909849 0.924844 0.977533 0.870500 0.969784 0.957342 0.905040 0.972693 0.868367 0.884849 0.969435 0.980532 0.961564 0.965795 0.954525 0.994343 0.948098 0.948706
0.731380 0.788093 0.798152 0.877216 0.937212 0.911804 0.966631 0.882936 0.979376 0.877839 0.920376 0.849045 0.850659 0.741657 0.965628 0.879412 0.816500 0.769586 0.989150 0.801736 0.803920 0.819377 0.918464 0.819524 0.812369 0.788300 0.960548 0.750719 0.831061 0.774223 0.918727 0.764396 0.836410 0.977773 0.988410 0.960090 0.000000 0.606315 0.890335 0.802904 0.853176 0.744514 0.930676 0.927683 0.914172 0.953040 0.859657 0.893923 0.926264 0.791687 0.753595 0.689463 0.783637 0.869500 0.798218 0.771643 0.619137 0.585433 0.648125 0.735076 0.908334 0.872081 0.972862 0.955812 0.864074 0.882612 0.834664 0.994889 0.621160 0.732104 0.980300 0.921211 0.923129 0.812337 0.906851 0.862881 0.977552 0.864151 0.770041 0.888447 0.825321 0.838649 0.871005 0.778138 0.850153 0.991877 0.984296 0.927119 0.828948 0.657497 0.866984 0.913294 0.897906 0.848400 0.993345 0.862780 0.750131 0.879212 0.939345 0.944378 0.935274 0.868897 0.688281 0.845986 0.735904 0.758145 0.922006 0.740639 0.975967 0.798948 0.947252 0.948754 0.938935 0.992443 0.752688 0.824739
0.781603 0.753730 0.881287 0.937301 0.717097 0.942038 0.892572 0.744364 0.887336 0.675318 0.953859 0.791226 0.983614 0.915072 0.934062 0.973062 0.990169 0.986450 0.950126 0.862158 0.808691 0.800076 0.925992 0.920719 0.702762 0.668056 0.979669 0.632210 0.733833 0.734447 0.804474 0.856503 0.869022 0.910572 0.966348 0.978359 0.606315 0.000000 0.890621 0.867642 0.838637 0.743979 0.809036 0.835992 0.909252 0.973072 0.882933 0.850184 0.873433 0.701581 0.630481 0.636775 0.809584 0.763356 0.917989 0.919831 0.635008 0.713017 0.767211 0.831701 0.751576 0.760449 0.813093 0.847708 0.903600 0.889013 0.888865 0.991150 0.652515 0.870570 0.826714 0.843637 0.949199 0.877237 0.811331 0.951318 0.950159 0.831070 0.926668 0.856622 0.983242 0.989873 0.992569 0.988289 0.976112 0.999900 0.929883 0.973185 0.797152 0.848511 0.945252 0.854162 0.825163 0.752869 0.993743 0.884601 0.749859 0.829797 0.995341 0.946346 0.936756 0.845817 0.852556 0.790558 0.818311 0.776350 0.809753 0.661781 0.966218 0.786739 0.981762 0.959591 0.961664 0.957531 0.718307 0.787058
