0.000000 0.425722 0.796968 0.640499 0.854321 0.778708 0.771602 0.790908 0.836259 0.944967 0.746221 0.697105 0.581569 0.580911 0.700824 0.766505 0.586391 0.627290 0.621057 0.603118 0.828095 0.984389 0.714640 0.588533 0.742465 0.905911 0.892438 0.940397 0.821107 0.741197 0.857442 0.748619 0.611007 0.743339 0.950120 0.925489 0.913233 0.873802 0.859283 0.902078 0.793755 0.976269 0.805011 0.745938 0.864320 0.792914 0.519487 0.531899 0.826281 0.613910 0.767109 0.693565 0.975443 0.918125 0.667562 0.611889 0.479416 0.412904 0.441962 0.401648 0.584457 0.770177 0.664804 0.661701 0.809801 0.684584 0.852433 0.876855 0.647228 0.674011 0.971711 0.947736 0.863055 0.864858 0.876427 0.967040 0.823888 0.873680 0.687650 0.644296 0.513981 0.512609 0.673015 0.615869 0.623644 0.559825 0.958849 0.846663 0.691978 0.542691 0.986066 0.845994 0.975631 0.879483 0.969161 0.837355 0.736458 0.985484 0.764324 0.783316 0.960746 0.844759 0.895797 0.827561 0.732659 0.722049 0.916644 0.835814 0.926198 0.817008 0.947520 0.850516 0.872928 0.890787 0.697060 0.946228
0.425722 0.000000 0.720353 0.513462 0.913889 0.722428 0.573644 0.601355 0.963748 0.888142 0.590945 0.589512 0.714309 0.521692 0.805840 0.689234 0.557330 0.516401 0.573988 0.445179 0.677418 0.812235 0.684322 0.502888 0.721801 0.780262 0.979950 0.997178 0.656229 0.541804 0.599165 0.469670 0.465208 0.514723 0.884706 0.999677 0.887267 0.815066 0.874340 0.785944 0.856365 0.880564 0.514221 0.491538 0.652552 0.629779 0.544975 0.506062 0.760194 0.574309 0.532113 0.500244 0.741253 0.886396 0.783988 0.567025 0.436511 0.412871 0.524048 0.503070 0.481125 0.602365 0.658181 0.539307 0.855892 0.600752 0.698284 0.644959 0.840529 0.705732 0.713749 0.736048 0.672585 0.638238 0.788683 0.924835 0.671999 0.717985 0.624541 0.584699 0.541801 0.611468 0.623958 0.719076 0.762875 0.541577 0.979949 0.872633 0.817004 0.559267 0.875698 0.955788 0.855845 0.884921 0.932611 0.841949 0.741616 0.950623 0.622799 0.662569 0.835758 0.795066 0.755636 0.802311 0.658335 0.647252 0.871698 0.831013 0.864726 0.858886 0.844187 0.789388 0.737500 0.764541 0.618101 0.963661
0.796968 0.720353 0.000000 0.360820 0.818201 0.722501 0.515555 0.622843 0.710110 0.846842 0.910594 0.965869 0.836636 0.967094 0.851149 0.857263 0.920204 0.974893 0.722037 0.677737 0.507212 0.874780 0.525152 0.600302 0.403734 0.343997 0.897966 0.995175 0.976047 0.935248 0.450046 0.571874 0.572449 0.611212 0.748588 0.910367 0.564466 0.808334 0.657781 0.737797 0.829933 0.985819 0.569832 0.712368 0.860586 0.980837 0.656213 0.746324 0.781124 0.952551 0.882200 0.937162 0.984367 0.987140 0.919811 0.984036 0.895748 0.954302 0.817729 0.802978 0.538690 0.711640 0.778454 0.894569 0.391691 0.403840 0.447626 0.503439 0.916900 0.775061 0.486015 0.616251 0.636418 0.687376 0.847982 0.851343 0.643717 0.620623 0.881706 0.724026 0.927514 0.983153 0.951727 0.828223 0.782482 0.765976 0.982240 0.694774 0.877032 0.967557 0.609421 0.593944 0.579947 0.600620 0.909524 0.655420 0.811023 0.766067 0.654509 0.578015 0.676672 0.665183 0.901250 0.930023 0.683739 0.568056 0.613295 0.706944 0.957000 0.927366 0.637513 0.693904 0.708947 0.792573 0.813816 0.884447
0.640499 0.513462 0.360820 0.000000 0.916701 0.558556 0.423216 0.393319 0.740260 0.731380 0.894379 0.577196 0.749044 0.636776 0.856425 0.704654 0.908006 0.830969 0.627073 0.480881 0.515959 0.894677 0.487415 0.420003 0.503195 0.406132 0.889057 0.979933 0.873550 0.751278 0.383428 0.482299 0.484422 0.477869 0.777004 0.880438 0.734454 0.708248 0.727826 0.807259 0.867808 0.922570 0.509205 0.644424 0.751851 0.868466 0.466940 0.593530 0.880926 0.898710 0.703388 0.741340 0.860954 0.834491 0.848468 0.841576 0.823004 0.832996 0.725432 0.678570 0.414662 0.409765 0.994599 0.833706 0.567230 0.254089 0.428352 0.451985 0.944326 0.713657 0.488759 0.593738 0.602165 0.646712 0.706265 0.722401 0.581452 0.581228 0.985818 0.637070 0.935579 0.793230 0.845999 0.919058 0.792583 0.639295 0.999104 0.882807 0.806678 0.851081 0.568286 0.715114 0.545335 0.738681 0.809923 0.600517 0.676891 0.767986 0.534897 0.532091 0.540171 0.643083 0.783316 0.839046 0.572618 0.567610 0.658830 0.763798 0.821571 0.853510 0.698521 0.682234 0.714410 0.754041 0.649626 0.957062
0.854321 0.913889 0.818201 0.916701 0.000000 0.990150 0.967495 0.983225 0.902839 0.897827 0.973288 0.900353 0.530138 0.796364 0.570301 0.580582 0.866552 0.809484 0.797493 0.959516 0.876177 0.944349 0.592801 0.696335 0.796390 0.992119 0.642035 0.903303 0.812094 0.793440 0.981073 0.992744 0.840812 0.975291 0.979393 0.856996 0.841638 0.969041 0.999141 0.692688 0.994404 0.960398 0.965239 0.990975 0.913699 0.916389 0.859481 0.876927 0.632458 0.892737 0.955880 0.992367 0.987608 0.792546 0.703220 0.908176 0.922870 0.787370 0.953321 0.989250 0.754578 0.977240 0.745341 0.750271 0.645395 0.959794 0.904850 0.879848 0.847730 0.765859 0.908925 0.802288 0.854038 0.973564 0.991309 0.977114 0.793434 0.897487 0.931030 0.743332 0.793488 0.743489 0.786035 0.721446 0.575485 0.732967 0.756101 0.948318 0.668611 0.677779 0.861419 0.902580 0.843683 0.954146 0.950029 0.996760 0.863017 0.893337 0.939498 0.919064 0.774756 0.901328 0.942177 0.938212 0.905499 0.989816 0.959098 0.783713 0.982774 0.871217 0.908662 0.903511 0.871484 0.984820 0.771583 0.957947
0.778708 0.722428 0.722501 0.558556 0.990150 0.000000 0.602404 0.528731 0.760478 0.708662 0.795964 0.666001 0.982592 0.766424 0.951822 0.825583 0.913533 0.899788 0.826446 0.672709 0.845301 0.818732 0.844088 0.779945 0.894030 0.787250 0.717410 0.863394 0.889817 0.859207 0.635133 0.727157 0.588712 0.679642 0.710986 0.991496 0.988483 0.954024 0.992267 0.998685 0.688854 0.957874 0.688176 0.680546 0.813420 0.846616 0.763166 0.729766 0.949720 0.822448 0.692914 0.724659 0.736514 0.751828 0.805579 0.805767 0.950669 0.993905 0.889815 0.625777 0.671296 0.560546 0.990561 0.832787 0.968651 0.582616 0.656870 0.575143 0.966063 0.774225 0.721878 0.711058 0.699987 0.778724 0.903013 0.670452 0.729019 0.746672 0.986075 0.839223 0.989338 0.907422 0.995649 0.916208 0.978399 0.928042 0.985164 0.995585 0.956967 0.956402 0.627468 0.817850 0.613057 0.698411 0.920606 0.850348 0.823501 0.657416 0.653297 0.795858 0.581930 0.727206 0.910753 0.773424 0.753809 0.859174 0.817454 0.864078 0.899648 0.883556 0.787736 0.827336 0.837964 0.817256 0.689872 0.983094
0.771602 0.573644 0.515555 0.423216 0.967495 0.602404 0.000000 0.272883 0.465364 0.398348 0.669303 0.600984 0.996705 0.751155 0.990803 0.757658 0.750247 0.624733 0.532937 0.481044 0.661697 0.859010 0.656836 0.687748 0.857073 0.697478 0.600361 0.854883 0.584505 0.506983 0.301610 0.401156 0.371579 0.294798 0.591446 0.858920 0.864429 0.826628 0.834025 0.968747 0.782688 0.913202 0.300813 0.372400 0.370957 0.500354 0.727434 0.587000 0.905086 0.716418 0.469630 0.516551 0.494871 0.459243 0.910550 0.886689 0.706445 0.861733 0.759836 0.787376 0.328650 0.483687 0.790345 0.615266 0.912866 0.567989 0.264297 0.301514 0.918277 0.783406 0.361932 0.392729 0.439873 0.435646 0.894396 0.657318 0.482342 0.503957 0.839567 0.709899 0.954949 0.942584 0.960491 0.749045 0.847544 0.976871 0.897669 0.792011 0.935218 0.990516 0.356928 0.491471 0.431139 0.580299 0.817543 0.611493 0.532057 0.619029 0.276555 0.317383 0.416511 0.443349 0.567019 0.663993 0.447519 0.592248 0.573906 0.644638 0.705279 0.757869 0.560048 0.510600 0.437888 0.661430 0.546917 0.972691
0.790908 0.601355 0.622843 0.393319 0.983225 0.528731 0.272883 0.000000 0.544404 0.382829 0.726257 0.421563 0.978883 0.631260 0.879649 0.853182 0.880503 0.784802 0.727546 0.530327 0.722342 0.913911 0.761282 0.739190 0.903921 0.716891 0.581996 0.851613 0.673315 0.614950 0.424453 0.481796 0.483600 0.400649 0.612890 0.869840 0.970474 0.881992 0.946755 0.932023 0.801107 0.939344 0.430660 0.507476 0.478184 0.545190 0.674349 0.596081 0.910246 0.688728 0.485724 0.510338 0.531720 0.485180 0.854936 0.775566 0.923999 0.968464 0.753290 0.658171 0.345617 0.256323 0.832967 0.575950 0.992247 0.448912 0.345042 0.327402 0.867542 0.751317 0.533121 0.553429 0.551973 0.562091 0.843129 0.661480 0.570688 0.641128 0.977967 0.851268 0.982329 0.996577 0.995188 0.785858 0.868833 0.977894 0.978586 0.850919 0.968689 0.924520 0.390588 0.655261 0.445811 0.678729 0.829880 0.708735 0.558911 0.660768 0.349590 0.448703 0.366381 0.557821 0.690075 0.786801 0.470370 0.652542 0.609652 0.724646 0.710576 0.727279 0.612881 0.637139 0.549137 0.727614 0.558159 0.894258
0.836259 0.963748 0.710110 0.740260 0.902839 0.760478 0.465364 0.544404 0.000000 0.441857 0.733082 0.793988 0.942617 0.968689 0.977479 0.833762 0.959678 0.818111 0.852441 0.774000 0.778859 0.875040 0.809505 0.938474 0.944382 0.817654 0.692477 0.821510 0.632633 0.708636 0.542377 0.690358 0.644284 0.563974 0.671045 0.824332 0.845206 0.967377 0.884481 0.982270 0.721870 0.942497 0.565422 0.625441 0.591960 0.741893 0.918675 0.985548 0.954648 0.991360 0.761514 0.836355 0.620238 0.620165 0.998224 0.880439 0.963042 0.884028 0.893461 0.854869 0.642906 0.683955 0.933370 0.816841 0.993938 0.833626 0.530850 0.592633 0.866161 0.816617 0.542586 0.600428 0.631658 0.659386 0.938511 0.693317 0.698138 0.754698 0.901947 0.808646 0.827000 0.808682 0.957673 0.797946 0.800648 0.827594 0.978124 0.941596 0.856582 0.802685 0.540777 0.562586 0.633525 0.548833 0.854814 0.831657 0.856786 0.705344 0.570601 0.595912 0.598252 0.646378 0.791148 0.908747 0.760817 0.838512 0.759447 0.749774 0.866815 0.992543 0.754018 0.727607 0.696544 0.768277 0.707248 0.909880
0.944967 0.888142 0.846842 0.731380 0.897827 0.708662 0.398348 0.382829 0.441857 0.000000 0.730350 0.560958 0.982373 0.796777 0.992230 0.764661 0.794791 0.670129 0.670373 0.628932 0.890285 0.936186 0.810387 0.953096 0.859837 0.996097 0.611544 0.914003 0.493297 0.531266 0.550582 0.618749 0.586493 0.482463 0.611075 0.874538 0.971629 0.999553 0.859545 0.909191 0.909678 0.980657 0.569809 0.612249 0.425462 0.538115 0.912645 0.745821 0.787608 0.839383 0.656645 0.688575 0.569602 0.534363 0.987184 0.866963 0.972160 0.893032 0.975903 0.992295 0.533659 0.531047 0.681598 0.535156 0.841146 0.861052 0.522338 0.574146 0.815574 0.835801 0.569104 0.586850 0.623379 0.555295 0.972643 0.666884 0.726322 0.698809 0.970553 0.881993 0.996036 0.913821 0.993008 0.767874 0.747769 0.764573 0.854522 0.881694 0.868595 0.960496 0.472863 0.631274 0.610385 0.675166 0.881052 0.706780 0.713471 0.695555 0.419229 0.489231 0.535573 0.615312 0.714676 0.880605 0.670161 0.898700 0.808671 0.911874 0.799936 0.851053 0.647258 0.674140 0.520506 0.768665 0.770547 0.820090
0.746221 0.590945 0.910594 0.894379 0.973288 0.795964 0.669303 0.726257 0.733082 0.730350 0.000000 0.602406 0.934588 0.625597 0.897158 0.801295 0.499692 0.501401 0.673491 0.663477 0.910790 0.952140 0.997679 0.861968 0.815764 0.872429 0.867138 0.903648 0.534722 0.482235 0.735660 0.685148 0.616675 0.626238 0.889093 0.952364 0.993871 0.825246 0.873192 0.925420 0.831847 0.892618 0.677719 0.610101 0.705774 0.707844 0.883217 0.851880 0.783493 0.787397 0.687204 0.712441 0.767543 0.806145 0.844921 0.807270 0.556674 0.662675 0.805538 0.874576 0.710939 0.770415 0.602490 0.519864 0.742220 0.983302 0.866707 0.807226 0.954711 0.873956 0.824660 0.832924 0.602950 0.693615 0.947900 0.820500 0.749549 0.855577 0.639392 0.710634 0.612792 0.686597 0.739627 0.747404 0.961370 0.880669 0.935205 0.696962 0.985488 0.789390 0.968887 0.872359 0.949683 0.916160 0.871338 0.917161 0.888443 0.986333 0.730015 0.905035 0.897605 0.887071 0.791508 0.919685 0.903308 0.992351 0.909381 0.997486 0.722585 0.910506 0.949808 0.879655 0.742418 0.945390 0.752258 0.633891
0.697105 0.589512 0.965869 0.577196 0.900353 0.666001 0.600984 0.421563 0.793988 0.560958 0.602406 0.000000 0.688670 0.321310 0.847291 0.619447 0.725757 0.622903 0.690148 0.543408 0.820731 0.965293 0.736477 0.609035 0.993623 0.997028 0.841635 0.958047 0.586090 0.484239 0.704657 0.629199 0.586611 0.587546 0.953470 0.996115 0.818329 0.903988 0.999120 0.989869 0.988575 0.817872 0.707510 0.691263 0.672395 0.658913 0.599583 0.631483 0.782676 0.642314 0.610895 0.566422 0.698786 0.706018 0.760043 0.654567 0.816181 0.777204 0.732789 0.706003 0.496983 0.337977 0.579080 0.408009 0.894735 0.588157 0.791458 0.693345 0.839929 0.805324 0.876543 0.850110 0.689599 0.738425 0.838361 0.816655 0.715523 0.759447 0.834732 0.757379 0.716674 0.647073 0.739569 0.767699 0.909584 0.724985 0.887012 0.800518 0.815358 0.754393 0.819167 0.892594 0.898346 0.902045 0.865176 0.792892 0.803352 0.889295 0.664972 0.731577 0.686839 0.855407 0.881779 0.894441 0.666425 0.859988 0.937989 0.947270 0.823753 0.855375 0.943197 0.822861 0.771146 0.887036 0.739286 0.801576
0.581569 0.714309 0.836636 0.749044 0.530138 0.982592 0.996705 0.978883 0.942617 0.982373 0.934588 0.688670 0.000000 0.495153 0.365688 0.433304 0.758860 0.743802 0.686451 0.722705 0.818868 0.954198 0.411847 0.478367 0.765088 0.976710 0.627639 0.759447 0.784609 0.739969 0.988250 0.952418 0.818403 0.952928 0.904821 0.808841 0.810842 0.946962 0.933650 0.772582 0.865772 0.855066 0.957811 0.989281 0.997343 0.980645 0.640815 0.663093 0.752809 0.831956 0.967202 0.957298 0.877111 0.717810 0.753529 0.811219 0.767531 0.615839 0.757591 0.773457 0.717556 0.892392 0.696087 0.704130 0.599436 0.803135 0.847094 0.828169 0.920523 0.720098 0.902247 0.826814 0.896459 0.948109 0.847697 0.965733 0.933902 0.867983 0.856828 0.660710 0.759507 0.539769 0.632425 0.629718 0.501238 0.542271 0.935633 0.931488 0.738265 0.666988 0.806687 0.793568 0.787933 0.800634 0.884093 0.874153 0.928859 0.803199 0.986676 0.863864 0.789474 0.926153 0.868998 0.964574 0.980833 0.866918 0.876581 0.838950 0.985717 0.905169 0.922435 0.995366 0.965169 0.999669 0.974928 0.881889
0.580911 0.521692 0.967094 0.636776 0.796364 0.766424 0.751155 0.631260 0.968689 0.796777 0.625597 0.321310 0.495153 0.000000 0.701166 0.481922 0.623148 0.574466 0.591157 0.547594 0.870580 0.995790 0.603732 0.464011 0.961684 0.972812 0.994848 0.924563 0.591692 0.433279 0.735741 0.606138 0.613300 0.702155 0.899936 0.836575 0.966320 0.867690 0.970074 0.886936 0.935709 0.836326 0.724486 0.700143 0.728368 0.679051 0.569601 0.614048 0.695138 0.570855 0.615490 0.576947 0.774994 0.818854 0.673779 0.639995 0.664377 0.628608 0.666542 0.711030 0.586986 0.560923 0.569254 0.421007 0.984886 0.686458 0.968307 0.865755 0.862776 0.880558 0.969755 0.911734 0.739861 0.778448 0.870170 0.808783 0.758549 0.720971 0.749335 0.630360 0.638009 0.543306 0.591753 0.640980 0.785935 0.596770 0.910359 0.782868 0.789880 0.667359 0.968266 0.761059 0.907436 0.740086 0.808851 0.831605 0.895273 0.927277 0.782864 0.834181 0.859888 0.975564 0.921848 0.901562 0.796451 0.924109 0.992337 0.839840 0.806692 0.910708 0.998433 0.900554 0.889293 0.909777 0.808963 0.831970
0.700824 0.805840 0.851149 0.856425 0.570301 0.951822 0.990803 0.879649 0.977479 0.992230 0.897158 0.847291 0.365688 0.701166 0.000000 0.395257 0.687946 0.640215 0.622551 0.727711 0.659617 0.911513 0.397293 0.514344 0.700034 0.910066 0.550154 0.738670 0.745184 0.733946 0.897715 0.913968 0.751226 0.927979 0.928670 0.928005 0.791574 0.995866 0.972881 0.685768 0.939351 0.895066 0.962937 0.996134 0.956463 0.909117 0.818876 0.805975 0.873655 0.985187 0.849463 0.863694 0.830080 0.692765 0.839485 0.912294 0.666141 0.628949 0.887211 0.992040 0.853880 0.915037 0.784564 0.837418 0.579087 0.900250 0.855427 0.798981 0.752442 0.760772 0.922434 0.995676 0.940985 0.926507 0.870299 0.924868 0.987337 0.913952 0.951171 0.588411 0.700488 0.578652 0.628401 0.668206 0.512147 0.571595 0.852963 0.919038 0.705117 0.771129 0.874518 0.870950 0.804373 0.897907 0.765791 0.749306 0.931450 0.843559 0.993746 0.918454 0.727505 0.984260 0.896610 0.988572 0.967887 0.947631 0.921235 0.735707 0.966180 0.845649 0.914147 0.999544 0.904571 0.975301 0.999645 0.949145
0.766505 0.689234 0.857263 0.704654 0.580582 0.825583 0.757658 0.853182 0.833762 0.764661 0.801295 0.619447 0.433304 0.481922 0.395257 0.000000 0.654582 0.552888 0.505327 0.581464 0.780372 0.937854 0.333437 0.389479 0.859395 0.956606 0.791547 0.841566 0.620132 0.514718 0.680128 0.713596 0.584478 0.736036 0.916089 0.845822 0.745191 0.905321 0.950011 0.792367 0.964543 0.944641 0.708700 0.730896 0.773401 0.840465 0.722118 0.735167 0.741921 0.839141 0.858077 0.821303 0.891115 0.968972 0.869409 0.954024 0.649652 0.702862 0.933388 0.971180 0.706708 0.885273 0.676063 0.631696 0.757427 0.823770 0.984677 0.991779 0.977659 0.887628 0.790082 0.776726 0.856156 0.790552 0.916631 0.812577 0.832867 0.659018 0.773532 0.570359 0.818356 0.712514 0.669469 0.801766 0.730308 0.684451 0.973175 0.910149 0.808732 0.866891 0.934115 0.955374 0.970304 0.981380 0.747956 0.725455 0.951229 0.923987 0.809207 0.690966 0.982056 0.907961 0.911684 0.868161 0.893424 0.969445 0.959852 0.851606 0.868261 0.877770 0.955676 0.766521 0.795434 0.923023 0.922771 0.937161
0.586391 0.557330 0.920204 0.908006 0.866552 0.913533 0.750247 0.880503 0.959678 0.794791 0.499692 0.725757 0.758860 0.623148 0.687946 0.654582 0.000000 0.306396 0.495733 0.584993 0.942432 0.859356 0.840913 0.726508 0.912712 0.838045 0.956267 0.876264 0.511257 0.406293 0.764410 0.721289 0.617580 0.683100 0.993804 0.903769 0.955693 0.906404 0.930164 0.941048 0.908415 0.788445 0.704270 0.641509 0.637845 0.632000 0.775069 0.698969 0.600351 0.622141 0.643569 0.673075 0.775987 0.897566 0.731744 0.669199 0.394572 0.440693 0.701201 0.872300 0.714985 0.947254 0.403383 0.416909 0.858340 0.898476 0.960781 0.941815 0.855207 0.788472 0.850654 0.872828 0.777604 0.662448 0.915049 0.867587 0.888854 0.839511 0.598955 0.528970 0.432267 0.544146 0.567906 0.664619 0.879366 0.825726 0.915529 0.773060 0.919865 0.657937 0.964008 0.829909 0.835170 0.756656 0.941699 0.860480 0.805138 0.942925 0.738427 0.806961 0.953227 0.907852 0.883793 0.767639 0.935700 0.972600 0.961947 0.954632 0.759756 0.889544 0.847258 0.873536 0.773318 0.854289 0.858961 0.883578
0.627290 0.516401 0.974893 0.830969 0.809484 0.899788 0.624733 0.784802 0.818111 0.670129 0.501401 0.622903 0.743802 0.574466 0.640215 0.552888 0.306396 0.000000 0.384278 0.515391 0.812714 0.865052 0.745707 0.638755 0.998072 0.898380 0.947729 0.951946 0.378538 0.311895 0.639062 0.543222 0.450713 0.539335 0.932477 0.910883 0.981772 0.929768 0.993199 0.965366 0.977338 0.786842 0.559157 0.524491 0.540531 0.571325 0.740898 0.673030 0.618013 0.654725 0.609076 0.648012 0.747291 0.845896 0.766936 0.660296 0.345631 0.460921 0.711862 0.933355 0.617306 0.881670 0.369610 0.373125 0.897507 0.970834 0.866082 0.833853 0.917626 0.873671 0.750311 0.747505 0.688548 0.599749 0.978823 0.809291 0.758940 0.668715 0.526496 0.460920 0.448238 0.545300 0.563991 0.652343 0.868887 0.792140 0.952520 0.772175 0.954536 0.705143 0.978314 0.926344 0.901882 0.841681 0.895525 0.672846 0.782794 0.947486 0.620520 0.681706 0.963713 0.801218 0.774295 0.674791 0.784401 0.900907 0.969700 0.959292 0.872005 0.913911 0.876262 0.780915 0.610175 0.829652 0.794366 0.893425
0.621057 0.573988 0.722037 0.627073 0.797493 0.826446 0.532937 0.727546 0.852441 0.670373 0.673491 0.690148 0.686451 0.591157 0.622551 0.505327 0.495733 0.384278 0.000000 0.444445 0.771123 0.833767 0.537620 0.526540 0.833780 0.936393 0.975351 0.939878 0.511844 0.443251 0.519374 0.515810 0.464719 0.484431 0.954273 0.941111 0.821044 0.832254 0.890043 0.888912 0.920683 0.894103 0.608461 0.653839 0.581679 0.686217 0.722732 0.642805 0.797128 0.758831 0.721137 0.767483 0.800421 0.791799 0.926884 0.793912 0.473624 0.580150 0.783774 0.910080 0.588589 0.909394 0.556306 0.578528 0.912123 0.878202 0.725815 0.810498 0.906092 0.940176 0.578038 0.622060 0.578500 0.539927 0.983318 0.760031 0.677810 0.529786 0.760253 0.578700 0.706138 0.693040 0.729772 0.883600 0.932083 0.874009 0.870457 0.961727 0.986672 0.875758 0.791497 0.830683 0.864946 0.890304 0.843167 0.621972 0.749044 0.939895 0.555658 0.567567 0.810656 0.720623 0.719197 0.679415 0.841070 0.848938 0.874628 0.985160 0.780075 0.969979 0.812421 0.619636 0.588387 0.778712 0.865038 0.965503
0.603118 0.445179 0.677737 0.480881 0.959516 0.672709 0.481044 0.530327 0.774000 0.628932 0.663477 0.543408 0.722705 0.547594 0.727711 0.581464 0.584993 0.515391 0.444445 0.000000 0.700408 0.790002 0.546438 0.495972 0.796386 0.773088 0.860744 0.899027 0.536727 0.512235 0.499796 0.479802 0.452404 0.429469 0.872747 0.974775 0.843552 0.841812 0.799961 0.937922 0.809103 0.936675 0.556553 0.599045 0.630176 0.689891 0.666365 0.548474 0.907275 0.718368 0.648736 0.681323 0.764985 0.741872 0.841636 0.697142 0.601381 0.644773 0.779094 0.736091 0.500909 0.610583 0.666459 0.603949 0.888600 0.631312 0.637521 0.670385 0.977974 0.706863 0.570653 0.596586 0.538714 0.529549 0.752142 0.785303 0.607831 0.661359 0.827125 0.656837 0.708367 0.700419 0.691546 0.895429 0.895562 0.760955 0.868914 0.968652 0.932633 0.776747 0.648505 0.805936 0.691781 0.905125 0.868474 0.578665 0.703344 0.766995 0.494731 0.521421 0.722502 0.674148 0.707659 0.811540 0.671334 0.784767 0.794019 0.897166 0.782360 0.855953 0.797846 0.689439 0.624642 0.723477 0.693883 0.840761
0.828095 0.677418 0.507212 0.515959 0.876177 0.845301 0.661697 0.722342 0.778859 0.890285 0.910790 0.820731 0.818868 0.870580 0.659617 0.780372 0.942432 0.812714 0.771123 0.700408 0.000000 0.825149 0.589306 0.622243 0.593555 0.546873 0.945181 0.952330 0.844084 0.791681 0.553128 0.605232 0.661732 0.631957 0.941281 0.936367 0.826918 0.896129 0.887168 0.719757 0.873140 0.859642 0.681555 0.773383 0.937551 0.963154 0.773120 0.842425 0.856622 0.940495 0.924268 0.973486 0.982810 0.990349 0.940946 0.978671 0.797256 0.846434 0.861931 0.964569 0.712454 0.745148 0.902336 0.967790 0.589552 0.547491 0.646466 0.696314 0.908320 0.719005 0.647852 0.721178 0.685887 0.734798 0.889080 0.829341 0.783767 0.756538 0.974353 0.707956 0.932909 0.805071 0.832292 0.971606 0.805702 0.714229 0.709306 0.904574 0.894818 0.965007 0.762592 0.900723 0.799518 0.793069 0.726528 0.700861 0.879700 0.943664 0.771002 0.727144 0.895190 0.669143 0.983445 0.982698 0.641795 0.705932 0.795454 0.992359 0.996541 0.955675 0.793925 0.816635 0.658914 0.921046 0.777351 0.922520
0.984389 0.812235 0.874780 0.894677 0.944349 0.818732 0.859010 0.913911 0.875040 0.936186 0.952140 0.965293 0.954198 0.995790 0.911513 0.937854 0.859356 0.865052 0.833767 0.790002 0.825149 0.000000 0.870008 0.901319 0.996859 0.957271 0.938739 0.887555 0.866805 0.942893 0.824359 0.858091 0.835331 0.859304 0.984688 0.964119 0.962333 0.943404 0.971396 0.827145 0.935228 0.948562 0.852001 0.824067 0.879066 0.924746 0.932238 0.832022 0.981962 0.869102 0.891449 0.935142 0.803834 0.826753 0.982446 0.932802 0.927553 0.926693 0.895388 0.984251 0.998942 0.959415 0.921196 0.962134 0.989175 0.997527 0.848923 0.971109 0.906363 0.907058 0.815478 0.774451 0.958176 0.841433 0.854377 0.728669 0.871225 0.879402 0.939244 0.995866 0.970895 0.978057 0.951145 0.965768 0.931828 0.972648 0.999862 0.899023 0.988441 0.975879 0.774399 0.842121 0.827724 0.826925 0.884095 0.878260 0.868211 0.863528 0.786750 0.875406 0.879789 0.826169 0.912038 0.781393 0.830501 0.805202 0.829500 0.839751 0.912718 0.919619 0.904397 0.946000 0.909721 0.649816 0.816221 0.907851
0.714640 0.684322 0.525152 0.487415 0.592801 0.844088 0.656836 0.761282 0.809505 0.810387 0.997679 0.736477 0.411847 0.603732 0.397293 0.333437 0.840913 0.745707 0.537620 0.546438 0.589306 0.870008 0.000000 0.318031 0.523648 0.598147 0.805052 0.874276 0.716594 0.659661 0.526028 0.621854 0.526782 0.653534 0.949669 0.985795 0.574015 0.801102 0.771141 0.718120 0.986557 0.935963 0.647133 0.762813 0.782044 0.896171 0.628921 0.662644 0.878654 0.894150 0.897883 0.897316 0.957338 0.972991 0.867261 0.945512 0.760817 0.793007 0.884079 0.943323 0.554973 0.799249 0.900954 0.828195 0.433654 0.586443 0.769467 0.837846 0.966191 0.783017 0.643104 0.688239 0.786610 0.685243 0.751264 0.793837 0.761726 0.562682 0.974008 0.587200 0.903921 0.772874 0.715592 0.931503 0.596071 0.588193 0.954151 0.881908 0.798583 0.871331 0.798841 0.774925 0.814991 0.841975 0.722546 0.614039 0.926512 0.932696 0.699126 0.551964 0.913235 0.794669 0.864362 0.894200 0.749165 0.721669 0.796987 0.990362 0.913981 0.915332 0.876577 0.791157 0.737203 0.822768 0.837153 0.954133
0.588533 0.502888 0.600302 0.420003 0.696335 0.779945 0.687748 0.739190 0.938474 0.953096 0.861968 0.609035 0.478367 0.464011 0.514344 0.389479 0.726508 0.638755 0.526540 0.495972 0.622243 0.901319 0.318031 0.000000 0.533330 0.621197 0.805115 0.904051 0.792796 0.616325 0.556512 0.525714 0.526606 0.643587 0.951451 0.912455 0.701830 0.739566 0.673508 0.747971 0.983929 0.950801 0.628262 0.707320 0.850483 0.918992 0.563887 0.687255 0.933412 0.840640 0.783328 0.798219 0.930987 0.997205 0.840732 0.829557 0.628295 0.660572 0.815275 0.851343 0.601967 0.730374 0.834995 0.746899 0.574357 0.520847 0.827213 0.819608 0.963733 0.845016 0.739221 0.755474 0.755355 0.739210 0.747804 0.852643 0.738934 0.646162 0.821432 0.495619 0.779650 0.637614 0.680354 0.786147 0.619378 0.480224 0.951058 0.956393 0.762316 0.723240 0.925182 0.919478 0.929492 0.964534 0.831032 0.707384 0.888277 0.943142 0.771993 0.656229 0.938948 0.868786 0.874560 0.870895 0.817366 0.794844 0.895757 0.971901 0.889416 0.925889 0.917180 0.811830 0.809595 0.910707 0.849616 0.966864
0.742465 0.721801 0.403734 0.503195 0.796390 0.894030 0.857073 0.903921 0.944382 0.859837 0.815764 0.993623 0.765088 0.961684 0.700034 0.859395 0.912712 0.998072 0.833780 0.796386 0.593555 0.996859 0.523648 0.533330 0.000000 0.349871 0.740552 0.975416 0.916018 0.960962 0.669724 0.733395 0.694674 0.797368 0.951107 0.890209 0.611898 0.725469 0.633330 0.662438 0.945713 0.993442 0.850038 0.991392 0.907128 0.795634 0.615448 0.866362 0.797968 0.870382 0.905150 0.861835 0.707259 0.655624 0.914459 0.917771 0.878243 0.870995 0.804484 0.853358 0.699452 0.834414 0.807087 0.823939 0.325340 0.470499 0.785576 0.768094 0.754948 0.764550 0.728153 0.833804 0.865649 0.788062 0.726295 0.939157 0.849290 0.751346 0.850707 0.697961 0.842391 0.784508 0.805248 0.905439 0.444831 0.463661 0.872031 0.905631 0.754308 0.744899 0.961771 0.914924 0.829405 0.941888 0.934373 0.686849 0.960861 0.931382 0.909730 0.838859 0.990427 0.997005 0.997565 0.978361 0.831677 0.722526 0.788351 0.919029 0.905396 0.993030 0.961819 0.982949 0.909496 0.959350 0.974653 0.820020
0.905911 0.780262 0.343997 0.406132 0.992119 0.787250 0.697478 0.716891 0.817654 0.996097 0.872429 0.997028 0.976710 0.972812 0.910066 0.956606 0.838045 0.898380 0.936393 0.773088 0.546873 0.957271 0.598147 0.621197 0.349871 0.000000 0.986748 0.984812 0.911655 0.927109 0.479795 0.611294 0.672066 0.692425 0.806733 0.788886 0.602201 0.696467 0.662061 0.701336 0.824952 0.988080 0.673079 0.834854 0.989848 0.875131 0.671881 0.911966 0.676113 0.820206 0.960152 0.941215 0.903408 0.917534 0.978266 0.952018 0.995490 0.921321 0.926294 0.905174 0.689142 0.700383 0.631392 0.738823 0.423809 0.374261 0.561750 0.564477 0.973281 0.882499 0.511845 0.615048 0.740401 0.682673 0.766826 0.829367 0.759860 0.761107 0.763252 0.755751 0.941014 0.964971 0.940001 0.847971 0.712794 0.672095 0.880593 0.868717 0.869801 0.972968 0.690363 0.690487 0.624438 0.703752 0.879470 0.763559 0.916310 0.842906 0.773001 0.732136 0.726865 0.823777 0.921441 0.949837 0.723171 0.648447 0.657129 0.769699 0.975779 0.974904 0.790950 0.860580 0.840024 0.878762 0.827909 0.813950
0.892438 0.979950 0.897966 0.889057 0.642035 0.717410 0.600361 0.581996 0.692477 0.611544 0.867138 0.841635 0.627639 0.994848 0.550154 0.791547 0.956267 0.947729 0.975351 0.860744 0.945181 0.938739 0.805052 0.805115 0.740552 0.986748 0.000000 0.815394 0.908376 0.880249 0.723995 0.768550 0.837307 0.654491 0.802477 0.838637 0.890565 0.978353 0.967852 0.683894 0.872873 0.979850 0.753856 0.670075 0.634267 0.655447 0.982128 0.906612 0.927803 0.798585 0.645147 0.676520 0.615008 0.433882 0.995945 0.972699 0.865385 0.783804 0.913142 0.879716 0.774489 0.714301 0.979146 0.906208 0.656071 0.919725 0.568543 0.534428 0.682955 0.954387 0.760340 0.698325 0.663333 0.790239 0.870769 0.809692 0.689393 0.805745 0.928017 0.866307 0.788042 0.741883 0.787405 0.691123 0.470225 0.566585 0.857955 0.862954 0.711235 0.754405 0.547640 0.684294 0.598570 0.696902 0.913399 0.961092 0.717057 0.703123 0.622789 0.739706 0.525321 0.671949 0.726768 0.871866 0.775867 0.971605 0.878929 0.685804 0.741056 0.867270 0.798881 0.714307 0.784603 0.798191 0.798990 0.874386
0.940397 0.997178 0.995175 0.979933 0.903303 0.863394 0.854883 0.851613 0.821510 0.914003 0.903648 0.958047 0.759447 0.924563 0.738670 0.841566 0.876264 0.951946 0.939878 0.899027 0.952330 0.887555 0.874276 0.904051 0.975416 0.984812 0.815394 0.000000 0.999938 0.964244 0.894517 0.853176 0.933219 0.877412 0.975809 0.747430 0.890736 0.848082 0.799660 0.800873 0.950720 0.868474 0.945984 0.896778 0.869672 0.920470 0.884639 0.904329 0.967343 0.996688 0.905649 0.884874 0.874604 0.762532 0.920390 0.820467 0.977544 0.892933 0.933771 0.884366 0.924674 0.918410 0.976581 0.949594 0.816763 0.983495 0.794142 0.857033 0.895788 0.880778 0.996305 0.962114 0.835315 0.926053 0.906709 0.925940 0.897253 0.891482 0.833425 0.831648 0.969813 0.806380 0.874560 0.880319 0.797310 0.863271 0.967833 0.950448 0.840453 0.769319 0.803955 0.825273 0.807259 0.848994 0.924797 0.988966 0.957089 0.833612 0.881846 0.915816 0.782309 0.915187 0.842885 0.967441 0.861192 0.811350 0.969612 0.769186 0.913955 0.875811 0.833455 0.900844 0.899287 0.988743 0.814552 0.970294
0.821107 0.656229 0.976047 0.873550 0.812094 0.889817 0.584505 0.673315 0.632633 0.493297 0.534722 0.586090 0.784609 0.591692 0.745184 0.620132 0.511257 0.378538 0.511844 0.536727 0.844084 0.866805 0.716594 0.792796 0.916018 0.911655 0.908376 0.999938 0.000000 0.324336 0.634972 0.582301 0.504988 0.539356 0.894088 0.920426 0.978656 0.997703 0.981506 0.959170 0.936799 0.881481 0.623105 0.602763 0.476825 0.530612 0.844837 0.733989 0.621918 0.688683 0.641973 0.673020 0.682943 0.737682 0.907200 0.669481 0.600169 0.741056 0.846884 0.950848 0.589450 0.800660 0.438648 0.406818 0.855137 0.980962 0.825049 0.812939 0.845804 0.825553 0.739657 0.724000 0.557943 0.482386 0.943465 0.780660 0.699608 0.643220 0.675714 0.641010 0.685513 0.749288 0.662754 0.792282 0.986683 0.930521 0.961952 0.928619 0.907172 0.861289 0.854453 0.961591 0.977676 0.999086 0.847647 0.756751 0.870547 0.880149 0.567608 0.636387 0.856017 0.787787 0.717796 0.823989 0.716951 0.973972 0.939560 0.957867 0.889805 0.883725 0.964232 0.727419 0.608583 0.723635 0.792103 0.814783
0.741197 0.541804 0.935248 0.751278 0.793440 0.859207 0.506983 0.614950 0.708636 0.531266 0.482235 0.484239 0.739969 0.433279 0.733946 0.514718 0.406293 0.311895 0.443251 0.512235 0.791681 0.942893 0.659661 0.616325 0.960962 0.927109 0.880249 0.964244 0.324336 0.000000 0.533632 0.459125 0.451422 0.492489 0.927042 0.945014 0.911340 0.830312 0.998431 0.946804 0.966756 0.877506 0.493222 0.452960 0.414439 0.467697 0.723399 0.654643 0.576154 0.596195 0.509630 0.521235 0.590605 0.667867 0.766517 0.682927 0.468571 0.620413 0.717543 0.959136 0.501898 0.702461 0.386912 0.316668 0.893269 0.925206 0.757006 0.699857 0.879425 0.833220 0.710625 0.677678 0.551706 0.465047 0.947045 0.758422 0.689923 0.590946 0.647720 0.526228 0.545274 0.671891 0.526703 0.773020 0.961113 0.824397 0.986529 0.837656 0.983979 0.764197 0.883185 0.968726 0.966022 0.899171 0.811394 0.760559 0.803365 0.991741 0.595440 0.612909 0.849551 0.825539 0.706996 0.768922 0.698713 0.887399 0.948411 0.918439 0.845470 0.887294 0.849311 0.790834 0.580901 0.819538 0.778193 0.816042
0.857442 0.599165 0.450046 0.383428 0.981073 0.635133 0.301610 0.424453 0.542377 0.550582 0.735660 0.704657 0.988250 0.735741 0.897715 0.680128 0.764410 0.639062 0.519374 0.499796 0.553128 0.824359 0.526028 0.556512 0.669724 0.479795 0.723995 0.894517 0.634972 0.533632 0.000000 0.304712 0.357442 0.340764 0.698515 0.895586 0.644471 0.654402 0.784832 0.902088 0.777465 0.836580 0.314242 0.427364 0.493057 0.652726 0.691365 0.721854 0.998391 0.845936 0.554456 0.661344 0.654776 0.598700 0.940841 0.925347 0.687597 0.906067 0.860313 0.957544 0.450741 0.582884 0.942332 0.760350 0.764287 0.518056 0.367458 0.367285 0.936435 0.906367 0.289554 0.320668 0.405598 0.370175 0.865496 0.606601 0.525079 0.405971 0.951814 0.619111 0.928806 0.965784 0.830606 0.795362 0.977597 0.882486 0.966908 0.832124 0.968008 0.976649 0.480235 0.567666 0.529094 0.643745 0.774540 0.588268 0.690628 0.733281 0.372807 0.435290 0.495624 0.550826 0.613432 0.732855 0.542574 0.669699 0.614567 0.741909 0.774516 0.910839 0.604416 0.619289 0.527931 0.694711 0.643616 0.939434
0.748619 0.469670 0.571874 0.482299 0.992744 0.727157 0.401156 0.481796 0.690358 0.618749 0.685148 0.629199 0.952418 0.606138 0.913968 0.713596 0.721289 0.543222 0.515810 0.479802 0.605232 0.858091 0.621854 0.525714 0.733395 0.611294 0.768550 0.853176 0.582301 0.459125 0.304712 0.000000 0.386816 0.371507 0.779363 0.939180 0.797701 0.667061 0.800705 0.902404 0.894191 0.839270 0.346371 0.399520 0.526444 0.599103 0.640267 0.629971 0.938730 0.760851 0.501698 0.568187 0.657522 0.650534 0.911092 0.739337 0.618096 0.822710 0.757377 0.867891 0.466036 0.585354 0.835993 0.672351 0.879569 0.574561 0.475776 0.446120 0.879882 0.950308 0.447043 0.424449 0.427516 0.379724 0.933364 0.733473 0.544415 0.453736 0.835722 0.600726 0.804161 0.872164 0.770315 0.995008 0.977949 0.777151 0.999470 0.985140 0.956822 0.899066 0.640765 0.756096 0.681188 0.823074 0.820708 0.662066 0.707871 0.832621 0.490465 0.501992 0.597147 0.600559 0.630075 0.788593 0.546862 0.670980 0.744439 0.805198 0.870207 0.889658 0.687245 0.692891 0.498178 0.719278 0.619920 0.951732
0.611007 0.465208 0.572449 0.484422 0.840812 0.588712 0.371579 0.483600 0.644284 0.586493 0.616675 0.586611 0.818403 0.613300 0.751226 0.584478 0.617580 0.450713 0.464719 0.452404 0.661732 0.835331 0.526782 0.526606 0.694674 0.672066 0.837307 0.933219 0.504988 0.451422 0.357442 0.386816 0.000000 0.367712 0.649525 0.899262 0.798356 0.795166 0.823217 0.873912 0.782274 0.849416 0.362383 0.372806 0.448030 0.523077 0.564793 0.596717 0.750386 0.621488 0.495517 0.566140 0.664629 0.730164 0.691488 0.662214 0.516801 0.649471 0.649039 0.729236 0.343941 0.590809 0.688105 0.561838 0.768436 0.609656 0.497233 0.461889 0.965111 0.797725 0.479268 0.494932 0.514648 0.473460 0.784616 0.667158 0.562885 0.513483 0.765264 0.519280 0.646847 0.704802 0.723112 0.872249 0.791901 0.700283 0.983316 0.963534 0.893363 0.819731 0.651331 0.760874 0.682981 0.842552 0.830272 0.540270 0.648460 0.749399 0.418383 0.466204 0.630956 0.642232 0.648688 0.683668 0.520619 0.612435 0.702999 0.796492 0.816235 0.822443 0.776919 0.678283 0.452176 0.686765 0.555449 0.946640
0.743339 0.514723 0.611212 0.477869 0.975291 0.679642 0.294798 0.400649 0.563974 0.482463 0.626238 0.587546 0.952928 0.702155 0.927979 0.736036 0.683100 0.539335 0.484431 0.429469 0.631957 0.859304 0.653534 0.643587 0.797368 0.692425 0.654491 0.877412 0.539356 0.492489 0.340764 0.371507 0.367712 0.000000 0.675324 0.829856 0.917217 0.795432 0.882080 0.933063 0.904164 0.917218 0.386680 0.449420 0.449118 0.560565 0.688853 0.628162 0.888815 0.728416 0.530439 0.607947 0.621098 0.581958 0.945953 0.811884 0.654451 0.796380 0.735362 0.820354 0.402212 0.556454 0.751487 0.612177 0.931250 0.642673 0.417435 0.429799 0.919596 0.829771 0.373077 0.435482 0.438050 0.394915 0.916762 0.730060 0.482355 0.522233 0.793315 0.615870 0.854763 0.906978 0.863920 0.916520 0.925851 0.934020 0.967073 0.940654 0.892773 0.927134 0.533085 0.640069 0.553385 0.722214 0.788293 0.581827 0.638738 0.704584 0.349447 0.411225 0.526436 0.501985 0.661698 0.721157 0.542401 0.665721 0.654804 0.670567 0.763887 0.885116 0.730925 0.623244 0.444684 0.724837 0.605057 0.922889
0.950120 0.884706 0.748588 0.777004 0.979393 0.710986 0.591446 0.612890 0.671045 0.611075 0.889093 0.953470 0.904821 0.899936 0.928670 0.916089 0.993804 0.932477 0.954273 0.872747 0.941281 0.984688 0.949669 0.951451 0.951107 0.806733 0.802477 0.975809 0.894088 0.927042 0.698515 0.779363 0.649525 0.675324 0.000000 0.829539 0.983134 0.899795 0.977360 0.973441 0.842073 0.906454 0.637495 0.680499 0.629831 0.674685 0.895103 0.809659 0.871994 0.870245 0.733858 0.774574 0.682189 0.764784 0.844479 0.880249 0.989810 0.985554 0.836638 0.775843 0.610287 0.709348 0.958288 0.866237 0.856877 0.816825 0.565300 0.531356 0.933306 0.765665 0.595312 0.765373 0.939288 0.788572 0.871111 0.879620 0.753374 0.855981 0.976798 0.912242 0.949649 0.869835 0.913760 0.760209 0.951554 0.963068 0.877920 0.843660 0.944893 0.930273 0.636983 0.648538 0.640238 0.709889 0.847948 0.764481 0.766127 0.846868 0.645490 0.711636 0.697229 0.708886 0.795872 0.988340 0.781661 0.726177 0.845541 0.769640 0.974425 0.873063 0.785979 0.952638 0.696088 0.825436 0.631269 0.896381
0.925489 0.999677 0.910367 0.880438 0.856996 0.991496 0.858920 0.869840 0.824332 0.874538 0.952364 0.996115 0.808841 0.836575 0.928005 0.845822 0.903769 0.910883 0.941111 0.974775 0.936367 0.964119 0.985795 0.912455 0.890209 0.788886 0.838637 0.747430 0.920426 0.945014 0.895586 0.939180 0.899262 0.829856 0.829539 0.000000 0.918366 0.970747 0.976654 0.969157 0.912952 0.915573 0.964224 0.952508 0.885129 0.994751 0.980289 0.958850 0.892166 0.924600 0.978570 0.927592 0.964457 0.955101 0.991182 0.947453 0.884485 0.898414 0.975935 0.964203 0.834806 0.836905 0.918176 0.870383 0.914671 0.886850 0.727250 0.808965 0.893355 0.902310 0.763844 0.833926 0.986423 0.928430 0.843423 0.854974 0.953826 0.954810 0.883651 0.998508 0.985708 0.870434 0.955014 0.836499 0.944979 0.997037 0.938547 0.992875 0.968866 0.831425 0.788842 0.828528 0.686869 0.840237 0.952105 0.976805 0.706498 0.865004 0.860791 0.928267 0.735118 0.807684 0.824846 0.990087 0.869156 0.809687 0.953673 0.871190 0.881410 0.919017 0.876334 0.980666 0.995834 0.986063 0.811364 0.999522
0.913233 0.887267 0.564466 0.734454 0.841638 0.988483 0.864429 0.970474 0.845206 0.971629 0.993871 0.818329 0.810842 0.966320 0.791574 0.745191 0.955693 0.981772 0.821044 0.843552 0.826918 0.962333 0.574015 0.701830 0.611898 0.602201 0.890565 0.890736 0.978656 0.911340 0.644471 0.797701 0.798356 0.917217 0.983134 0.918366 0.000000 0.726678 0.682466 0.629959 0.718785 0.836140 0.771284 0.849592 0.931360 0.966714 0.776696 0.976467 0.985326 0.922933 0.988721 0.967845 0.902989 0.857271 0.911036 0.851265 0.807188 0.964731 0.961956 0.906821 0.856225 0.951583 0.887527 0.891239 0.559225 0.805342 0.829059 0.869670 0.849357 0.971934 0.708606 0.751454 0.799574 0.819565 0.887950 0.910932 0.911267 0.701537 0.960734 0.724669 0.907694 0.940399 0.791635 0.999036 0.717660 0.732318 0.907741 0.909303 0.937784 0.870915 0.994685 0.853895 0.965286 0.944915 0.944436 0.813074 0.846832 0.923070 0.865240 0.822573 0.988668 0.910274 0.865589 0.979219 0.928236 0.879064 0.943852 0.974723 0.905309 0.909409 0.843452 0.913923 0.964814 0.915697 0.982143 0.884484
0.873802 0.815066 0.808334 0.708248 0.969041 0.954024 0.826628 0.881992 0.967377 0.999553 0.825246 0.903988 0.946962 0.867690 0.995866 0.905321 0.906404 0.929768 0.832254 0.841812 0.896129 0.943404 0.801102 0.739566 0.725469 0.696467 0.978353 0.848082 0.997703 0.830312 0.654402 0.667061 0.795166 0.795432 0.899795 0.970747 0.726678 0.000000 0.692697 0.782747 0.910177 0.767625 0.784416 0.800058 0.918347 0.968862 0.721542 0.898667 0.978862 0.994552 0.906149 0.906331 0.998259 0.955514 0.902117 0.966341 0.828790 0.933635 0.938635 0.952063 0.842212 0.871903 0.956593 0.989628 0.801996 0.715201 0.770427 0.774347 0.884321 0.955121 0.755529 0.717254 0.732950 0.696643 0.695106 0.951714 0.782439 0.684109 0.974513 0.846215 0.828990 0.971767 0.774941 0.985475 0.788004 0.665273 0.877791 0.836001 0.814195 0.840963 0.946273 0.956270 0.906852 0.971078 0.786830 0.814368 0.942092 0.887479 0.925282 0.895426 0.894112 0.957312 0.753682 0.981356 0.868536 0.845993 0.843788 0.903521 0.912204 0.957450 0.969165 0.986082 0.857520 0.880555 0.848421 0.971310
