0.000000 0.228501 0.802910 0.559281 0.778526 0.707825 0.694004 0.534706 0.837564 0.780357 0.306420 0.275885 0.426186 0.515200 0.566512 0.465039 0.286613 0.342450 0.404481 0.353688 0.718618 0.945853 0.764910 0.705042 0.859573 0.995977 0.896102 0.909555 0.452412 0.451258 0.914955 0.941527 0.473629 0.476567 0.870019 0.720904 0.695685 0.734566 0.765084 0.676946 0.680714 0.726611 0.728442 0.702895 0.757192 0.628086 0.389270 0.386459 0.459857 0.461445 0.733003 0.678815 0.991569 0.652248 0.501160 0.506524 0.281265 0.281364 0.306023 0.383836 0.307265 0.381642 0.395112 0.326909 0.635780 0.442450 0.743480 0.786174 0.394913 0.449718 0.789125 0.791592 0.726910 0.699802 0.685364 0.817829 0.715691 0.791733 0.467485 0.501074 0.286119 0.298067 0.626939 0.390692 0.501913 0.544302 0.935802 0.955775 0.649038 0.522637 0.922496 0.961366 0.882859 0.928893 0.641484 0.789437 0.755026 0.775807 0.654349 0.695652 0.970272 0.992367 0.751603 0.717263 0.598045 0.591142 0.910857 0.983645 0.829692 0.938662 0.988770 0.544842 0.769060 0.928659 0.751381 0.970655
0.228501 0.000000 0.745029 0.497143 0.902745 0.673466 0.653842 0.499421 0.734484 0.750112 0.309215 0.249898 0.450919 0.492760 0.574749 0.405655 0.274452 0.327945 0.421377 0.319369 0.666481 0.943307 0.755611 0.662167 0.847296 0.939986 0.896522 0.856765 0.355621 0.419121 0.804648 0.830425 0.415184 0.389169 0.923887 0.681472 0.641108 0.726432 0.731590 0.676379 0.681482 0.678325 0.643691 0.596851 0.709241 0.583185 0.397619 0.393574 0.443447 0.432155 0.608962 0.612052 0.878461 0.768210 0.562336 0.580335 0.246963 0.250422 0.339124 0.403897 0.308184 0.363028 0.410544 0.337475 0.619272 0.437522 0.698189 0.706634 0.378009 0.421923 0.685117 0.657500 0.640493 0.629966 0.708359 0.851549 0.634123 0.725487 0.422822 0.439056 0.321483 0.352446 0.608415 0.427725 0.562688 0.570879 0.983894 0.954814 0.678661 0.592763 0.877635 0.968234 0.847064 0.948150 0.609936 0.749644 0.823815 0.787102 0.631470 0.654824 0.917290 0.971644 0.756472 0.737373 0.571268 0.546142 0.908334 0.925421 0.828339 0.988817 0.976710 0.540694 0.794503 0.870672 0.783647 0.990045
0.802910 0.745029 0.000000 0.361227 0.952473 0.733773 0.506846 0.522741 0.618245 0.807317 0.783330 0.722437 0.636195 0.732780 0.765899 0.624245 0.968596 0.957185 0.592372 0.739032 0.636487 0.957787 0.697754 0.783001 0.487812 0.462895 0.968075 0.963950 0.812363 0.894696 0.616608 0.648642 0.613969 0.659134 0.945383 0.860194 0.629644 0.659125 0.596777 0.716487 0.926096 0.926119 0.662255 0.737341 0.833679 0.793887 0.638572 0.824255 0.877515 0.759937 0.658092 0.670335 0.870134 0.902305 0.838175 0.896131 0.891477 0.899307 0.842581 0.770962 0.612809 0.633770 0.938985 0.983195 0.494106 0.459994 0.640046 0.612672 0.753924 0.625974 0.693209 0.645722 0.671511 0.616700 0.963183 0.835061 0.613612 0.752707 0.631128 0.856215 0.946930 0.893627 0.985737 0.947658 0.825817 0.813297 0.879176 0.873324 0.967518 0.924670 0.597757 0.591322 0.556055 0.631344 0.851399 0.919578 0.751524 0.795451 0.796142 0.770371 0.934432 0.765593 0.986216 0.935103 0.669674 0.860287 0.952345 0.801966 0.969822 0.913119 0.975412 0.851510 0.721437 0.956510 0.753136 0.870823
0.559281 0.497143 0.361227 0.000000 0.948191 0.651801 0.493350 0.366851 0.597309 0.744582 0.546433 0.450880 0.462224 0.428253 0.571551 0.441673 0.742347 0.689452 0.489227 0.502034 0.575494 0.984841 0.560517 0.572594 0.559436 0.521416 0.904710 0.893472 0.600221 0.653027 0.635866 0.654329 0.455792 0.521453 0.920188 0.813386 0.584299 0.646554 0.587494 0.708188 0.874768 0.925798 0.620327 0.617398 0.729606 0.677601 0.551698 0.696246 0.636945 0.487060 0.527988 0.518943 0.731593 0.947246 0.679524 0.701062 0.667606 0.652999 0.710005 0.654957 0.452094 0.457254 0.778185 0.717544 0.403768 0.346028 0.665570 0.677815 0.567949 0.366986 0.644751 0.645227 0.804519 0.699490 0.826414 0.772287 0.646457 0.734352 0.440030 0.656444 0.716454 0.638546 0.818265 0.710424 0.620942 0.582023 0.877336 0.950153 0.809471 0.677085 0.669381 0.672248 0.577333 0.694922 0.674897 0.771581 0.791143 0.840518 0.709267 0.730519 0.863108 0.772862 0.883149 0.936890 0.577708 0.677308 0.917573 0.934484 0.963951 0.961834 0.917497 0.813026 0.742624 0.951750 0.653482 0.873372
0.778526 0.902745 0.952473 0.948191 0.000000 0.996250 0.924291 0.849991 0.992203 0.859389 0.880081 0.736005 0.602713 0.762989 0.643571 0.746436 0.898567 0.897672 0.919805 0.895686 0.983251 0.779334 0.749399 0.734906 0.898868 0.819452 0.706996 0.978755 0.931201 0.827373 0.883107 0.825674 0.895560 0.992085 0.933213 0.935515 0.914846 0.982478 0.912814 0.963215 0.998598 0.893923 0.956950 0.962144 0.842786 0.798179 0.775197 0.842281 0.706257 0.762297 0.888135 0.769898 0.823438 0.952842 0.777872 0.827399 0.918877 0.857749 0.834045 0.832208 0.718751 0.704242 0.816033 0.772272 0.789884 0.817222 0.988186 0.883742 0.954397 0.854238 0.817128 0.783560 0.754644 0.914934 0.890646 0.839138 0.988032 0.900829 0.973705 0.787008 0.805209 0.864011 0.841463 0.808739 0.720005 0.732240 0.696267 0.858534 0.713014 0.664974 0.996383 0.858602 0.931871 0.902613 0.948570 0.992048 0.954872 0.884009 0.908968 0.852457 0.895861 0.895884 0.943688 0.953110 0.906414 0.947100 0.884946 0.963752 0.930717 0.942742 0.937085 0.857926 0.798455 0.991456 0.930048 0.876699
0.707825 0.673466 0.733773 0.651801 0.996250 0.000000 0.638335 0.541888 0.663092 0.680150 0.876557 0.640970 0.778423 0.760863 0.962568 0.625754 0.797245 0.896071 0.680381 0.728830 0.708828 0.906581 0.904843 0.925624 0.887410 0.742773 0.721050 0.963726 0.807940 0.831164 0.776797 0.728859 0.631793 0.687308 0.962104 0.785281 0.857743 0.983215 0.907941 0.700347 0.844912 0.852306 0.577892 0.710635 0.814361 0.858454 0.785423 0.899465 0.809940 0.796202 0.768674 0.729050 0.828943 0.917259 0.968754 0.754400 0.836402 0.949489 0.795695 0.857385 0.777192 0.643393 0.908858 0.957895 0.921597 0.645618 0.845768 0.729724 0.911794 0.981404 0.500162 0.584328 0.642594 0.647609 0.939973 0.882888 0.593163 0.668940 0.809502 0.765606 0.907642 0.968837 0.865228 0.987372 0.992913 0.960335 0.824749 0.706489 0.902850 0.983967 0.540554 0.603307 0.575366 0.696735 0.788325 0.841203 0.748770 0.746401 0.505247 0.624716 0.689538 0.848741 0.702654 0.842523 0.735979 0.921360 0.868665 0.840595 0.834969 0.951116 0.935995 0.693612 0.720377 0.848900 0.850703 0.911012
0.694004 0.653842 0.506846 0.493350 0.924291 0.638335 0.000000 0.322237 0.338912 0.449178 0.634545 0.620397 0.693711 0.748599 0.664812 0.441555 0.633596 0.604897 0.362972 0.556912 0.688728 0.950063 0.534576 0.723580 0.868132 0.796391 0.795965 0.859773 0.515581 0.471614 0.335957 0.376272 0.301003 0.317415 0.932462 0.996071 0.842580 0.786630 0.860043 0.895112 0.968055 0.956030 0.312986 0.366416 0.304820 0.382581 0.680115 0.673269 0.581295 0.677504 0.511727 0.541081 0.558282 0.649253 0.823300 0.782862 0.620101 0.885511 0.800308 0.978356 0.476444 0.710665 0.735841 0.713726 0.715333 0.758260 0.330826 0.455951 0.854601 0.757186 0.504482 0.476990 0.535528 0.512996 0.913856 0.773652 0.497765 0.479758 0.584499 0.619076 0.744915 0.816278 0.763996 0.914254 0.819505 0.852895 0.882207 0.906037 0.929496 0.916294 0.495984 0.539360 0.580182 0.676096 0.659104 0.602781 0.639890 0.596570 0.399745 0.383153 0.745054 0.500154 0.620331 0.741782 0.551379 0.812063 0.802782 0.777598 0.737085 0.930215 0.804586 0.628814 0.414967 0.876229 0.659454 0.979480
0.534706 0.499421 0.522741 0.366851 0.849991 0.541888 0.322237 0.000000 0.406243 0.360461 0.543169 0.372682 0.544967 0.528546 0.681005 0.449517 0.573538 0.573887 0.428029 0.425044 0.734379 0.979039 0.662164 0.753782 0.803269 0.790061 0.858136 0.951781 0.486449 0.480739 0.575662 0.618011 0.387149 0.370812 0.918354 0.888366 0.752778 0.799601 0.851931 0.756258 0.880362 0.902500 0.398556 0.476511 0.425398 0.453188 0.579463 0.582593 0.517630 0.562803 0.510718 0.519907 0.697166 0.879418 0.721867 0.595444 0.611300 0.735763 0.653891 0.770089 0.368965 0.362699 0.689016 0.586823 0.650681 0.513965 0.522032 0.563746 0.740263 0.583218 0.479589 0.513103 0.655342 0.588069 0.742863 0.744179 0.463738 0.590113 0.497967 0.599016 0.655888 0.732501 0.844055 0.831158 0.782975 0.801985 0.803281 0.790265 0.933395 0.711221 0.480411 0.572105 0.499345 0.726955 0.681563 0.624740 0.577163 0.571951 0.391184 0.377927 0.644881 0.633534 0.604302 0.675964 0.508017 0.663178 0.859108 0.805969 0.772049 0.911724 0.828267 0.592069 0.498491 0.836288 0.632014 0.983515
0.837564 0.734484 0.618245 0.597309 0.992203 0.663092 0.338912 0.406243 0.000000 0.379227 0.712758 0.638564 0.783678 0.800926 0.799254 0.552626 0.724124 0.677472 0.545879 0.601110 0.739561 0.994445 0.713265 0.899942 0.981552 0.713734 0.781506 0.864902 0.540467 0.576823 0.399820 0.450375 0.453468 0.458195 0.915174 0.965159 0.811630 0.907306 0.796024 0.829944 0.976122 0.856745 0.376679 0.421002 0.404049 0.512489 0.849796 0.779214 0.684060 0.732268 0.537797 0.570060 0.565896 0.608288 0.979563 0.863376 0.710459 0.997131 0.998348 0.836555 0.648078 0.719789 0.823721 0.777812 0.824333 0.861579 0.543795 0.636680 0.929424 0.821484 0.453921 0.483076 0.611791 0.596268 0.995078 0.741349 0.472181 0.460097 0.654681 0.658911 0.877961 0.985752 0.846963 0.985878 0.973196 0.977134 0.723158 0.820592 0.790182 0.976833 0.438738 0.472971 0.536100 0.552166 0.727552 0.734489 0.736364 0.601216 0.476687 0.413893 0.637992 0.474163 0.626911 0.723447 0.671037 0.924409 0.829182 0.761599 0.828504 0.969849 0.810793 0.617081 0.590595 0.960602 0.736730 0.955385
0.780357 0.750112 0.807317 0.744582 0.859389 0.680150 0.449178 0.360461 0.379227 0.000000 0.736604 0.589154 0.820352 0.801730 0.890911 0.641107 0.652366 0.635724 0.603641 0.538689 0.883218 0.880982 0.852150 0.946419 0.930602 0.938147 0.798108 0.814946 0.522794 0.548902 0.602309 0.678453 0.572380 0.499244 0.825459 0.962212 0.831785 0.909567 0.887519 0.834708 0.990239 0.880170 0.441283 0.540430 0.387851 0.491947 0.877755 0.773243 0.652676 0.832701 0.694857 0.712775 0.701254 0.723902 0.973942 0.809050 0.748792 0.973541 0.928138 0.872599 0.634599 0.631182 0.772864 0.696668 0.991833 0.917228 0.605812 0.705730 0.980695 0.913025 0.425408 0.508199 0.669549 0.581040 0.937347 0.748161 0.520016 0.482940 0.698205 0.738383 0.827838 0.948703 0.977218 0.892971 0.865174 0.830535 0.711579 0.652407 0.888526 0.908774 0.383555 0.478826 0.497055 0.616608 0.859789 0.616791 0.691587 0.578951 0.315166 0.323729 0.535136 0.534029 0.455638 0.551340 0.643441 0.806952 0.798473 0.792576 0.714439 0.927473 0.641046 0.558826 0.523404 0.925900 0.768704 0.990084
0.306420 0.309215 0.783330 0.546433 0.880081 0.876557 0.634545 0.543169 0.712758 0.736604 0.000000 0.332812 0.585693 0.546166 0.625163 0.540926 0.292169 0.245035 0.384424 0.361760 0.734581 0.958095 0.801909 0.674912 0.976896 0.994454 0.887791 0.947412 0.332595 0.308024 0.742036 0.790734 0.435946 0.390822 0.939862 0.723371 0.685815 0.697499 0.731340 0.744437 0.649762 0.730429 0.668198 0.605561 0.676104 0.573871 0.516314 0.523867 0.563889 0.566400 0.675723 0.727337 0.908840 0.802178 0.601455 0.661781 0.274195 0.313999 0.452151 0.527618 0.353979 0.505118 0.331022 0.283112 0.762927 0.565816 0.673811 0.720521 0.464135 0.475026 0.784700 0.693988 0.630317 0.659140 0.719797 0.750140 0.710321 0.762460 0.394562 0.449672 0.340582 0.361389 0.632564 0.461711 0.669450 0.643077 0.982414 0.998922 0.761663 0.565933 0.951923 0.970654 0.956391 0.934962 0.631973 0.783256 0.841684 0.768112 0.720282 0.760348 0.977064 0.894173 0.727111 0.636658 0.620904 0.693238 0.811099 0.931248 0.898566 0.926412 0.993017 0.619531 0.749105 0.988459 0.697209 0.923250
0.275885 0.249898 0.722437 0.450880 0.736005 0.640970 0.620397 0.372682 0.638564 0.589154 0.332812 0.000000 0.371597 0.359360 0.526943 0.368266 0.323437 0.377313 0.455204 0.330781 0.701102 0.994003 0.723428 0.633058 0.883660 0.933329 0.899833 0.915660 0.371170 0.402416 0.833485 0.846650 0.426068 0.438687 0.974118 0.746102 0.678692 0.755924 0.807451 0.652909 0.762344 0.768453 0.594481 0.575938 0.618819 0.491936 0.417013 0.415475 0.383880 0.368563 0.542761 0.517255 0.790924 0.866112 0.534344 0.523370 0.370897 0.365060 0.455666 0.489793 0.285873 0.266311 0.434888 0.332869 0.627236 0.413459 0.776816 0.781248 0.494319 0.440973 0.671662 0.696349 0.730106 0.687224 0.628752 0.768829 0.584496 0.684095 0.437065 0.472541 0.364948 0.424225 0.636167 0.473610 0.600148 0.557664 0.956547 0.878470 0.639173 0.519201 0.752137 0.873536 0.755297 0.983983 0.674034 0.719188 0.765167 0.718323 0.593039 0.594385 0.844867 0.865925 0.703659 0.632473 0.554609 0.597666 0.899877 0.921864 0.788464 0.945516 0.927407 0.552071 0.748630 0.915190 0.707355 0.964803
0.426186 0.450919 0.636195 0.462224 0.602713 0.778423 0.693711 0.544967 0.783678 0.820352 0.585693 0.371597 0.000000 0.322159 0.293364 0.318496 0.672633 0.720393 0.562195 0.521704 0.827396 0.934416 0.404631 0.393994 0.668418 0.868516 0.675917 0.845479 0.636078 0.705820 0.981186 0.974619 0.550201 0.650604 0.972058 0.791122 0.724319 0.811326 0.765869 0.718155 0.991187 0.847024 0.759100 0.749341 0.714018 0.574536 0.431831 0.492216 0.351774 0.312296 0.502912 0.392400 0.692344 0.972967 0.609302 0.493336 0.613675 0.549789 0.589974 0.529652 0.372143 0.403314 0.664529 0.616847 0.335322 0.400247 0.922611 0.991993 0.636260 0.453806 0.951239 0.984792 0.942017 0.940393 0.691589 0.783286 0.629476 0.788733 0.623652 0.599715 0.580009 0.512173 0.581138 0.471008 0.374594 0.357470 0.885640 0.876065 0.513140 0.461259 0.851319 0.903345 0.841666 0.927591 0.797873 0.804320 0.891373 0.791717 0.733163 0.709089 0.959022 0.868834 0.944342 0.939789 0.734396 0.727235 0.950937 0.946290 0.886042 0.956749 0.944835 0.718585 0.750761 0.947302 0.669099 0.987654
0.515200 0.492760 0.732780 0.428253 0.762989 0.760863 0.748599 0.528546 0.800926 0.801730 0.546166 0.359360 0.322159 0.000000 0.356546 0.353744 0.661495 0.638600 0.567650 0.471013 0.824357 0.943861 0.478665 0.399544 0.836817 0.896112 0.736305 0.835922 0.569340 0.617011 0.957940 0.910303 0.554124 0.691704 0.888301 0.704118 0.729794 0.781192 0.840086 0.720886 0.889941 0.983724 0.799091 0.725763 0.771922 0.645778 0.604664 0.632872 0.488194 0.364215 0.549678 0.461790 0.685791 0.941069 0.633228 0.627503 0.650897 0.554471 0.729593 0.650370 0.501113 0.465529 0.668888 0.595464 0.499552 0.447312 0.925587 0.925614 0.690552 0.498779 0.911308 0.900045 0.960089 0.980849 0.806681 0.783660 0.687904 0.891111 0.549875 0.631723 0.641857 0.552486 0.587884 0.520214 0.545866 0.456277 0.949593 0.871425 0.599315 0.461747 0.896143 0.967026 0.863042 0.967482 0.817345 0.801587 0.973625 0.871615 0.811707 0.824938 0.982306 0.923930 0.902478 0.885870 0.799405 0.758715 0.901256 0.918175 0.898587 0.990284 0.898884 0.835619 0.861516 0.987897 0.693747 0.945048
0.566512 0.574749 0.765899 0.571551 0.643571 0.962568 0.664812 0.681005 0.799254 0.890911 0.625163 0.526943 0.293364 0.356546 0.000000 0.301568 0.705448 0.661764 0.549357 0.568077 0.844256 0.936314 0.266955 0.310210 0.759075 0.904264 0.587079 0.867374 0.616106 0.600412 0.810282 0.857578 0.522049 0.683591 0.966013 0.847184 0.755713 0.827455 0.788246 0.893398 0.992628 0.924615 0.763643 0.656044 0.625981 0.513207 0.596606 0.577348 0.388105 0.331089 0.490055 0.391222 0.532086 0.808347 0.601287 0.649070 0.597592 0.606515 0.730332 0.754358 0.468207 0.643201 0.597953 0.596421 0.401990 0.617902 0.897772 0.980042 0.704212 0.572066 0.957034 0.985781 0.896808 0.981316 0.845947 0.822512 0.764311 0.779362 0.721144 0.605333 0.567539 0.530994 0.451605 0.498619 0.387077 0.373169 0.822863 0.718153 0.586941 0.512192 0.963848 0.969624 0.984187 0.973140 0.779813 0.811287 0.996699 0.919031 0.803925 0.763625 0.885453 0.802996 0.953386 0.917703 0.798254 0.874139 0.973023 0.944721 0.892259 0.972945 0.926380 0.833190 0.779446 0.960174 0.715147 0.989023
0.465039 0.405655 0.624245 0.441673 0.746436 0.625754 0.441555 0.449517 0.552626 0.641107 0.540926 0.368266 0.318496 0.353744 0.301568 0.000000 0.536769 0.549693 0.409017 0.402966 0.695021 0.941774 0.351432 0.406336 0.784063 0.809434 0.850080 0.931323 0.513206 0.503413 0.608480 0.633084 0.338779 0.451882 0.966023 0.803488 0.657455 0.691627 0.756604 0.693769 0.878032 0.824431 0.461547 0.423997 0.484550 0.401155 0.514634 0.503207 0.367357 0.356753 0.359784 0.302729 0.469699 0.760090 0.642609 0.611663 0.462803 0.578183 0.658894 0.772135 0.381573 0.486617 0.638165 0.564019 0.453831 0.515474 0.741102 0.784865 0.641551 0.595341 0.685645 0.661436 0.806694 0.712122 0.821797 0.728771 0.530325 0.599059 0.521185 0.475647 0.536817 0.580661 0.525424 0.567986 0.527781 0.493879 0.986932 0.980144 0.691805 0.633833 0.669643 0.759607 0.729885 0.840162 0.651883 0.664085 0.871534 0.791942 0.559089 0.537454 0.880184 0.691356 0.744857 0.808366 0.639741 0.737943 0.901571 0.887837 0.748560 0.972312 0.934752 0.600641 0.595553 0.882571 0.610606 0.959555
0.286613 0.274452 0.968596 0.742347 0.898567 0.797245 0.633596 0.573538 0.724124 0.652366 0.292169 0.323437 0.672633 0.661495 0.705448 0.536769 0.000000 0.199721 0.421972 0.370380 0.760872 0.959060 0.909852 0.829542 0.864179 0.850446 0.969900 0.979021 0.308662 0.290472 0.773795 0.816328 0.460040 0.387513 0.913067 0.741749 0.777344 0.801402 0.922426 0.782777 0.668257 0.674782 0.603270 0.552330 0.606125 0.528199 0.535741 0.429468 0.492907 0.594121 0.736456 0.756263 0.927270 0.767438 0.616496 0.655248 0.215761 0.316653 0.402614 0.602701 0.391775 0.529691 0.291553 0.236131 0.920774 0.705053 0.645270 0.702449 0.500681 0.640568 0.686401 0.642728 0.559604 0.594592 0.748764 0.864300 0.714153 0.709195 0.450835 0.449465 0.292623 0.396934 0.582314 0.511908 0.722767 0.762563 0.984857 0.921664 0.790587 0.679140 0.900300 0.962940 0.951152 0.878517 0.650797 0.728139 0.803446 0.710202 0.599499 0.609486 0.878428 0.954702 0.660338 0.540181 0.627989 0.587756 0.973905 0.940895 0.725019 0.972082 0.838800 0.509404 0.754498 0.862154 0.831825 0.965609
0.342450 0.327945 0.957185 0.689452 0.897672 0.896071 0.604897 0.573887 0.677472 0.635724 0.245035 0.377313 0.720393 0.638600 0.661764 0.549693 0.199721 0.000000 0.404300 0.367316 0.743389 0.969368 0.834614 0.776483 0.857848 0.881311 0.927972 0.989835 0.278055 0.225581 0.719231 0.755284 0.428171 0.361416 0.984691 0.799410 0.749742 0.776713 0.900086 0.832543 0.642698 0.694197 0.623250 0.538104 0.567598 0.495704 0.583992 0.476616 0.529129 0.612573 0.722441 0.756378 0.852946 0.802495 0.652452 0.735326 0.230022 0.319189 0.475773 0.667816 0.390224 0.576534 0.245725 0.212106 0.878586 0.729026 0.621824 0.676351 0.503212 0.576308 0.740311 0.660031 0.618314 0.641797 0.814199 0.834371 0.789499 0.701528 0.451622 0.429126 0.314332 0.409479 0.530498 0.503202 0.712090 0.750341 0.976385 0.978993 0.859813 0.647892 0.933250 0.925729 0.999868 0.874849 0.614858 0.713280 0.863987 0.787502 0.642030 0.651911 0.897890 0.918513 0.691231 0.562659 0.619055 0.645249 0.910053 0.953485 0.828963 0.984312 0.866592 0.562475 0.763724 0.930525 0.762868 0.947413
0.404481 0.421377 0.592372 0.489227 0.919805 0.680381 0.362972 0.428029 0.545879 0.603641 0.384424 0.455204 0.562195 0.567650 0.549357 0.409017 0.421972 0.404300 0.000000 0.367917 0.735744 0.997780 0.567703 0.670192 0.943275 0.866704 0.952758 0.946758 0.371299 0.368021 0.557916 0.570942 0.354811 0.320927 0.894780 0.852307 0.771540 0.752297 0.750850 0.825871 0.824876 0.850226 0.556981 0.574637 0.519527 0.515300 0.567729 0.548253 0.571821 0.592649 0.683344 0.650828 0.802709 0.955268 0.736185 0.716373 0.444614 0.581347 0.578129 0.722932 0.389660 0.626236 0.573445 0.535455 0.706821 0.604663 0.519161 0.670102 0.645812 0.629414 0.606779 0.534064 0.582039 0.523001 0.849611 0.785535 0.544479 0.563605 0.456716 0.552064 0.534955 0.551811 0.716066 0.632686 0.702981 0.739526 0.903138 0.982688 0.918852 0.785829 0.694960 0.801547 0.717553 0.844042 0.603428 0.670188 0.751769 0.757337 0.536117 0.504660 0.912290 0.708038 0.700971 0.716574 0.640135 0.746687 0.994719 0.935648 0.785667 0.925312 0.960671 0.592258 0.606004 0.938723 0.649128 0.955995
0.353688 0.319369 0.739032 0.502034 0.895686 0.728830 0.556912 0.425044 0.601110 0.538689 0.361760 0.330781 0.521704 0.471013 0.568077 0.402966 0.370380 0.367316 0.367917 0.000000 0.718340 0.964859 0.675075 0.712144 0.923324 0.934850 0.987957 0.961880 0.360502 0.409568 0.727893 0.759941 0.460831 0.384048 0.915826 0.731185 0.678404 0.770250 0.790734 0.791188 0.782264 0.797442 0.609602 0.586748 0.624685 0.589122 0.614808 0.561864 0.568404 0.554342 0.700245 0.663991 0.828549 0.956969 0.741335 0.672904 0.381130 0.482697 0.622512 0.709888 0.414515 0.482706 0.522102 0.445845 0.718989 0.595191 0.738110 0.837143 0.588773 0.541426 0.570642 0.563886 0.677285 0.630060 0.850267 0.851121 0.602289 0.685520 0.495234 0.584377 0.540576 0.588150 0.684558 0.665457 0.747780 0.795973 0.918635 0.923924 0.865429 0.655238 0.706599 0.795615 0.717239 0.853791 0.708257 0.694309 0.813217 0.749394 0.535955 0.503692 0.828313 0.821926 0.728771 0.695789 0.608828 0.637362 0.961224 0.996338 0.791133 0.953575 0.969717 0.488920 0.656736 0.967382 0.758952 0.917808
0.718618 0.666481 0.636487 0.575494 0.983251 0.708828 0.688728 0.734379 0.739561 0.883218 0.734581 0.701102 0.827396 0.824357 0.844256 0.695021 0.760872 0.743389 0.735744 0.718340 0.000000 0.929276 0.844327 0.852029 0.864688 0.767958 0.987651 0.887608 0.778064 0.716986 0.663438 0.789386 0.659805 0.700473 0.996893 0.912847 0.658394 0.836196 0.689765 0.724395 0.908386 0.794593 0.692677 0.661580 0.833972 0.861547 0.713147 0.784624 0.853404 0.826844 0.834423 0.795787 0.871478 0.990321 0.881344 0.980788 0.714892 0.761103 0.778784 0.844865 0.718195 0.731374 0.900613 0.823137 0.777627 0.700543 0.682438 0.610372 0.719144 0.689581 0.727080 0.734227 0.644053 0.668314 0.821361 0.815019 0.818080 0.697437 0.711616 0.702753 0.774939 0.795017 0.935636 0.871609 0.881714 0.804123 0.963504 0.907149 0.932880 0.995539 0.780704 0.807681 0.809308 0.819039 0.778302 0.938335 0.813880 0.910026 0.786655 0.781342 0.793269 0.860879 0.839224 0.796945 0.622883 0.786040 0.988153 0.958123 0.789280 0.965731 0.988990 0.860901 0.793568 0.890140 0.858502 0.913305
0.945853 0.943307 0.957787 0.984841 0.779334 0.906581 0.950063 0.979039 0.994445 0.880982 0.958095 0.994003 0.934416 0.943861 0.936314 0.941774 0.959060 0.969368 0.997780 0.964859 0.929276 0.000000 0.982732 0.967405 0.916278 0.925545 0.875265 0.931088 0.936219 0.916214 0.840800 0.724376 0.919803 0.893921 0.776408 0.975344 0.822242 0.843961 0.880952 0.928623 0.963787 0.952799 0.857433 0.915635 0.978368 0.992538 0.996416 0.905214 0.906348 0.985657 0.960470 0.969954 0.935308 0.872030 0.967829 0.843265 0.930685 0.998000 0.992075 0.903411 0.907020 0.877161 0.884735 0.911169 0.991311 0.943471 0.896401 0.907404 0.941977 0.940312 0.796013 0.867933 0.819584 0.894906 0.895886 0.989441 0.917195 0.977123 0.963958 0.878424 0.999465 0.998303 0.959078 0.994094 0.974224 0.994662 0.952049 0.956469 0.913003 0.694907 0.923491 0.862017 0.881219 0.922159 0.960635 0.962368 0.923469 0.968241 0.966462 0.951884 0.868628 0.974402 0.919675 0.828753 0.900081 0.926553 0.961234 0.982309 0.807792 0.850942 0.896561 0.965874 0.943647 0.783734 0.991290 0.953460
0.764910 0.755611 0.697754 0.560517 0.749399 0.904843 0.534576 0.662164 0.713265 0.852150 0.801909 0.723428 0.404631 0.478665 0.266955 0.351432 0.909852 0.834614 0.567703 0.675075 0.844327 0.982732 0.000000 0.332655 0.764072 0.830383 0.683635 0.835883 0.723467 0.729757 0.723002 0.731197 0.519740 0.681930 0.995838 0.988664 0.895816 0.946816 0.830426 0.973244 0.882376 0.905682 0.699271 0.654473 0.533537 0.503645 0.702814 0.691901 0.495796 0.448204 0.496657 0.380611 0.435589 0.604192 0.738904 0.721238 0.794889 0.855041 0.924312 0.952297 0.587549 0.805837 0.798804 0.828642 0.399441 0.728016 0.784901 0.924604 0.876926 0.663180 0.993576 0.959546 0.876384 0.947288 0.874494 0.856767 0.741061 0.760019 0.811903 0.738495 0.799012 0.729491 0.560996 0.677591 0.436967 0.445818 0.897683 0.719954 0.728283 0.666387 0.835967 0.861895 0.875957 0.906494 0.840194 0.735397 0.993792 0.901711 0.747449 0.681011 0.937542 0.703925 0.953893 0.989017 0.770299 0.914287 0.923805 0.955849 0.861654 0.927859 0.936822 0.851016 0.633881 0.981350 0.672488 0.986566
0.705042 0.662167 0.783001 0.572594 0.734906 0.925624 0.723580 0.753782 0.899942 0.946419 0.674912 0.633058 0.393994 0.399544 0.310210 0.406336 0.829542 0.776483 0.670192 0.712144 0.852029 0.967405 0.332655 0.000000 0.778985 0.924542 0.684595 0.844973 0.742347 0.698999 0.903321 0.830786 0.611534 0.730579 0.922041 0.834397 0.818954 0.918765 0.791349 0.980754 0.988101 0.976316 0.793221 0.669583 0.714211 0.597783 0.666584 0.727713 0.533096 0.411604 0.469378 0.403760 0.515693 0.736626 0.693519 0.723402 0.723851 0.680825 0.832273 0.794776 0.608354 0.741563 0.721430 0.733413 0.479766 0.636299 0.907609 0.997729 0.832275 0.631120 0.893056 0.952095 0.906434 0.851048 0.847295 0.932206 0.797895 0.914415 0.751357 0.623435 0.669668 0.580450 0.528577 0.507166 0.448298 0.349547 0.869024 0.638516 0.641070 0.594233 0.963111 0.943015 0.943785 0.901830 0.796450 0.840944 0.922447 0.983069 0.946450 0.899715 0.796952 0.868615 0.949006 0.965545 0.859352 0.924250 0.899755 0.917107 0.893694 0.981390 0.810757 0.915024 0.803753 0.992275 0.711548 0.925177
0.859573 0.847296 0.487812 0.559436 0.898868 0.887410 0.868132 0.803269 0.981552 0.930602 0.976896 0.883660 0.668418 0.836817 0.759075 0.784063 0.864179 0.857848 0.943275 0.923324 0.864688 0.916278 0.764072 0.778985 0.000000 0.520279 0.870877 0.952080 0.948766 0.813446 0.894202 0.897327 0.819115 0.905425 0.960450 0.867224 0.652634 0.785642 0.693184 0.852091 0.872945 0.989548 0.898357 0.941851 0.936646 0.974929 0.734942 0.871464 0.908139 0.756047 0.775962 0.793407 0.987110 0.970782 0.788066 0.883194 0.962987 0.914491 0.890165 0.737021 0.777011 0.734255 0.859574 0.888680 0.444387 0.530169 0.882846 0.838535 0.700042 0.637416 0.892700 0.903043 0.951419 0.905761 0.774720 0.909196 0.825834 0.911952 0.918615 0.921635 0.947927 0.904776 0.947078 0.905553 0.668206 0.720709 0.996911 0.941744 0.827217 0.901122 0.805361 0.753983 0.654226 0.704013 0.924657 0.988116 0.801957 0.990274 0.932685 0.982169 0.992159 0.999593 0.939378 0.836869 0.638046 0.856064 0.984129 0.910693 0.887949 0.897878 0.916261 0.898188 0.874975 0.903688 0.890955 0.999817
0.995977 0.939986 0.462895 0.521416 0.819452 0.742773 0.796391 0.790061 0.713734 0.938147 0.994454 0.933329 0.868516 0.896112 0.904264 0.809434 0.850446 0.881311 0.866704 0.934850 0.767958 0.925545 0.830383 0.924542 0.520279 0.000000 0.981227 0.921357 0.981757 0.905270 0.727934 0.711633 0.788291 0.898648 0.826307 0.944522 0.642124 0.837163 0.649456 0.769448 0.975681 0.923821 0.807966 0.894250 0.974098 0.937863 0.871014 0.951629 0.908830 0.882741 0.766254 0.817511 0.919246 0.900268 0.955304 0.917977 0.935824 0.917727 0.897939 0.978207 0.904517 0.841337 0.775835 0.782487 0.644792 0.644438 0.843803 0.792488 0.827142 0.803247 0.667241 0.670869 0.849936 0.754278 0.964747 0.876240 0.770985 0.819808 0.889241 0.973112 0.880652 0.885564 0.839333 0.895212 0.999950 0.954148 0.702107 0.846699 0.847441 0.933043 0.605168 0.569436 0.535887 0.592272 0.809941 0.954111 0.762076 0.926359 0.899123 0.924603 0.877079 0.878716 0.923463 0.932006 0.697304 0.948198 0.939764 0.754651 0.883944 0.930146 0.872019 0.961550 0.950486 0.964435 0.796163 0.937919
0.896102 0.896522 0.968075 0.904710 0.706996 0.721050 0.795965 0.858136 0.781506 0.798108 0.887791 0.899833 0.675917 0.736305 0.587079 0.850080 0.969900 0.927972 0.952758 0.987957 0.987651 0.875265 0.683635 0.684595 0.870877 0.981227 0.000000 0.687476 0.945780 0.974995 0.830633 0.776967 0.967265 0.859582 0.882072 0.961982 0.925863 0.975166 0.999984 0.997995 0.990833 0.919840 0.824725 0.876761 0.928659 0.957095 0.876102 0.861086 0.765158 0.729192 0.866011 0.793114 0.739809 0.970245 0.742215 0.946791 0.929696 0.760872 0.933216 0.787277 0.869486 0.928874 0.806441 0.828926 0.620447 0.872276 0.801289 0.769008 0.863593 0.702105 0.656618 0.633905 0.631419 0.722088 0.916471 0.944996 0.828806 0.865383 0.965828 0.809753 0.821840 0.732507 0.672534 0.703047 0.574823 0.561423 0.781689 0.673119 0.581884 0.713100 0.749342 0.745411 0.767399 0.830487 0.955308 0.934456 0.723399 0.729252 0.733274 0.749550 0.699919 0.811407 0.761415 0.907127 0.936794 0.908159 0.864232 0.805664 0.776864 0.971408 0.918177 0.847871 0.757018 0.979294 0.915247 0.901127
0.909555 0.856765 0.963950 0.893472 0.978755 0.963726 0.859773 0.951781 0.864902 0.814946 0.947412 0.915660 0.845479 0.835922 0.867374 0.931323 0.979021 0.989835 0.946758 0.961880 0.887608 0.931088 0.835883 0.844973 0.952080 0.921357 0.687476 0.000000 0.974701 0.944191 0.841511 0.793841 0.975827 0.908268 0.885869 0.825569 0.981099 0.832645 0.899660 0.874915 0.870001 0.977645 0.942785 0.968275 0.878195 0.919336 0.893768 0.894585 0.924677 0.842032 0.968223 0.881849 0.975391 0.905643 0.868726 0.863030 0.996673 0.840521 0.922702 0.839816 0.998864 0.952819 0.937154 0.947485 0.786921 0.852753 0.839175 0.963238 0.832357 0.831348 0.882509 0.896649 0.845531 0.838551 0.905024 0.792611 0.942150 0.850620 0.867888 0.983692 0.999014 0.814663 0.938888 0.870742 0.761365 0.722433 0.889333 0.892788 0.817698 0.763877 0.818324 0.920042 0.867353 0.924827 0.851185 0.813441 0.756777 0.886589 0.882116 0.867343 0.713134 0.772165 0.725564 0.806481 0.945512 0.989835 0.863166 0.900117 0.928708 0.895817 0.858716 0.995972 0.851672 0.999713 0.826647 0.959957
0.452412 0.355621 0.812363 0.600221 0.931201 0.807940 0.515581 0.486449 0.540467 0.522794 0.332595 0.371170 0.636078 0.569340 0.616106 0.513206 0.308662 0.278055 0.371299 0.360502 0.778064 0.936219 0.723467 0.742347 0.948766 0.981757 0.945780 0.974701 0.000000 0.286857 0.669881 0.718273 0.392118 0.327920 0.972910 0.850237 0.790568 0.878093 0.885741 0.880944 0.793677 0.751265 0.622379 0.584958 0.495149 0.486291 0.614684 0.552025 0.487929 0.576809 0.659757 0.724159 0.782373 0.989257 0.740804 0.726313 0.372827 0.474897 0.591114 0.732869 0.394509 0.592360 0.357286 0.344046 0.833937 0.737148 0.601694 0.732023 0.607411 0.590956 0.676637 0.603999 0.598235 0.648318 0.806010 0.822723 0.653425 0.613399 0.488051 0.500662 0.444662 0.521371 0.578178 0.594761 0.749383 0.772978 0.929220 0.945790 0.870658 0.671129 0.818239 0.899034 0.828804 0.965279 0.697824 0.699410 0.857330 0.687459 0.574707 0.589385 0.885374 0.800062 0.659191 0.557436 0.665633 0.674693 0.914885 0.933391 0.792630 0.977762 0.931981 0.574807 0.734206 0.973561 0.844202 0.889390
0.451258 0.419121 0.894696 0.653027 0.827373 0.831164 0.471614 0.480739 0.576823 0.548902 0.308024 0.402416 0.705820 0.617011 0.600412 0.503413 0.290472 0.225581 0.368021 0.409568 0.716986 0.916214 0.729757 0.698999 0.813446 0.905270 0.974995 0.944191 0.286857 0.000000 0.609111 0.667845 0.395125 0.369120 0.982054 0.854886 0.806243 0.827762 0.943487 0.854045 0.754747 0.758420 0.557947 0.440709 0.429177 0.388526 0.627089 0.561018 0.492519 0.592162 0.620258 0.652269 0.708480 0.985227 0.632500 0.710673 0.346889 0.471491 0.541286 0.770082 0.381356 0.596665 0.302011 0.282361 0.916214 0.767944 0.527994 0.641667 0.634218 0.656519 0.717559 0.644506 0.594867 0.644046 0.836556 0.780557 0.722736 0.612927 0.486925 0.435503 0.382950 0.486062 0.554755 0.566902 0.760678 0.742259 0.960973 0.923814 0.882083 0.677248 0.859528 0.996727 0.952265 0.926331 0.603211 0.675473 0.783482 0.726072 0.590651 0.559951 0.909107 0.768365 0.623909 0.534070 0.647216 0.705732 0.993897 0.974584 0.820051 0.942001 0.894120 0.570436 0.672302 0.958996 0.693921 0.999072
0.914955 0.804648 0.616608 0.635866 0.883107 0.776797 0.335957 0.575662 0.399820 0.602309 0.742036 0.833485 0.981186 0.957940 0.810282 0.608480 0.773795 0.719231 0.557916 0.727893 0.663438 0.840800 0.723002 0.903321 0.894202 0.727934 0.830633 0.841511 0.669881 0.609111 0.000000 0.323856 0.452387 0.480591 0.958106 0.942041 0.786107 0.658495 0.806197 0.885756 0.912084 0.900360 0.396858 0.376104 0.456883 0.559875 0.921051 0.900359 0.806266 0.848144 0.562636 0.667495 0.567757 0.563346 0.898212 0.962398 0.675658 0.991648 0.981548 0.785176 0.743962 0.916878 0.882553 0.846420 0.868072 0.948257 0.444575 0.511289 0.898298 0.920770 0.476708 0.434623 0.553115 0.525937 0.992706 0.777204 0.622705 0.450990 0.660789 0.674359 0.840222 0.975073 0.887280 0.923540 0.951367 0.980689 0.807487 0.794792 0.774458 0.806751 0.572565 0.532798 0.602761 0.624783 0.711035 0.809669 0.734505 0.854897 0.568811 0.601214 0.750541 0.477717 0.637439 0.803307 0.655659 0.977825 0.839452 0.813773 0.833023 0.873722 0.835204 0.834668 0.587191 0.900618 0.783214 0.954827
0.941527 0.830425 0.648642 0.654329 0.825674 0.728859 0.376272 0.618011 0.450375 0.678453 0.790734 0.846650 0.974619 0.910303 0.857578 0.633084 0.816328 0.755284 0.570942 0.759941 0.789386 0.724376 0.731197 0.830786 0.897327 0.711633 0.776967 0.793841 0.718273 0.667845 0.323856 0.000000 0.547462 0.538573 0.989404 0.954137 0.825349 0.751324 0.888633 0.917052 0.910006 0.988214 0.454206 0.463185 0.522314 0.620723 0.874769 0.957539 0.843278 0.845860 0.592664 0.664729 0.606114 0.582821 0.913538 0.990071 0.740795 0.960162 0.946293 0.768722 0.801599 0.992624 0.918878 0.913715 0.887747 0.956149 0.485919 0.581193 0.947676 0.894987 0.508387 0.526236 0.591764 0.616237 0.920376 0.853248 0.667222 0.569490 0.708284 0.685615 0.934355 0.980950 0.897003 0.973657 0.946934 0.995928 0.755112 0.986892 0.765232 0.797563 0.614173 0.579138 0.635174 0.706375 0.663523 0.819944 0.807838 0.883602 0.661235 0.641921 0.785642 0.556409 0.681327 0.822771 0.622902 0.979805 0.899312 0.887555 0.917958 0.943942 0.850013 0.844865 0.650749 0.921854 0.757330 0.936491
0.473629 0.415184 0.613969 0.455792 0.895560 0.631793 0.301003 0.387149 0.453468 0.572380 0.435946 0.426068 0.550201 0.554124 0.522049 0.338779 0.460040 0.428171 0.354811 0.460831 0.659805 0.919803 0.519740 0.611534 0.819115 0.788291 0.967265 0.975827 0.392118 0.395125 0.452387 0.547462 0.000000 0.285837 0.961641 0.895131 0.764007 0.680959 0.827871 0.780560 0.752955 0.804833 0.368039 0.372827 0.413156 0.395002 0.569312 0.545013 0.451535 0.468203 0.421066 0.470770 0.577812 0.815897 0.659229 0.674603 0.402339 0.564444 0.593589 0.763813 0.358896 0.530330 0.570485 0.531146 0.590456 0.545515 0.481546 0.508158 0.602588 0.596515 0.578984 0.507411 0.595628 0.531142 0.750906 0.735858 0.526203 0.522180 0.523619 0.508474 0.499760 0.566223 0.595460 0.633110 0.621663 0.620559 0.978983 0.944071 0.847131 0.732955 0.635383 0.722624 0.684027 0.835207 0.582787 0.595210 0.663113 0.595357 0.442813 0.542929 0.805953 0.695416 0.615957 0.742161 0.479092 0.706494 0.954325 0.833520 0.790794 0.970066 0.925752 0.600606 0.509124 0.897221 0.633983 0.938728
0.476567 0.389169 0.659134 0.521453 0.992085 0.687308 0.317415 0.370812 0.458195 0.499244 0.390822 0.438687 0.650604 0.691704 0.683591 0.451882 0.387513 0.361416 0.320927 0.384048 0.700473 0.893921 0.681930 0.730579 0.905425 0.898648 0.859582 0.908268 0.327920 0.369120 0.480591 0.538573 0.285837 0.000000 0.982940 0.916929 0.717151 0.746320 0.789049 0.798773 0.789201 0.793293 0.424862 0.454125 0.391972 0.419684 0.606004 0.538698 0.549746 0.661626 0.584247 0.662300 0.712034 0.896608 0.829931 0.716471 0.377709 0.558295 0.584095 0.769136 0.379593 0.581067 0.529693 0.483745 0.756337 0.686188 0.419648 0.518473 0.668081 0.634442 0.477507 0.442729 0.467948 0.450980 0.711636 0.838849 0.517601 0.501543 0.478463 0.500581 0.522181 0.626203 0.728395 0.701738 0.786256 0.817104 0.795091 0.847911 0.991915 0.847114 0.628382 0.677772 0.674704 0.808868 0.604659 0.564367 0.697854 0.660783 0.413399 0.422071 0.786431 0.669563 0.593380 0.637907 0.535970 0.654711 0.943592 0.811274 0.760159 0.968899 0.880231 0.508663 0.517280 0.784281 0.670165 0.904434
0.870019 0.923887 0.945383 0.920188 0.933213 0.962104 0.932462 0.918354 0.915174 0.825459 0.939862 0.974118 0.972058 0.888301 0.966013 0.966023 0.913067 0.984691 0.894780 0.915826 0.996893 0.776408 0.995838 0.922041 0.960450 0.826307 0.882072 0.885869 0.972910 0.982054 0.958106 0.989404 0.961641 0.982940 0.000000 0.826169 0.987318 0.927611 0.996101 0.977213 0.840098 0.896244 0.854041 0.933253 0.841013 0.844239 0.935975 0.988524 0.966180 0.911503 0.883512 0.973998 0.868659 0.920965 0.919315 0.962264 0.913117 0.977030 0.972357 0.993724 0.900443 0.922599 0.950764 0.983928 0.950250 0.996682 0.833856 0.784034 0.962748 0.998411 0.893786 0.903445 0.934161 0.996058 0.989232 0.989348 0.994878 0.898550 0.960282 0.872050 0.942193 0.902829 0.951440 0.834370 0.925271 0.960173 0.879466 0.879343 0.992259 0.891733 0.894132 0.907433 0.952775 0.986365 0.879500 0.772556 0.894443 0.951718 0.938656 0.938580 0.738545 0.884310 0.932241 0.991709 0.870058 0.935415 0.997435 0.829317 0.903029 0.859491 0.949788 0.952230 0.878535 0.973188 0.828339 0.955125
0.720904 0.681472 0.860194 0.813386 0.935515 0.785281 0.996071 0.888366 0.965159 0.962212 0.723371 0.746102 0.791122 0.704118 0.847184 0.803488 0.741749 0.799410 0.852307 0.731185 0.912847 0.975344 0.988664 0.834397 0.867224 0.944522 0.961982 0.825569 0.850237 0.854886 0.942041 0.954137 0.895131 0.916929 0.826169 0.000000 0.748854 0.985901 0.953818 0.843252 0.697496 0.875060 0.978505 0.917457 0.815345 0.930029 0.837434 0.875489 0.918283 0.817549 0.957390 0.915708 0.940346 0.809637 0.792335 0.850183 0.706342 0.673545 0.795175 0.693548 0.846025 0.784168 0.838341 0.790976 0.867848 0.696839 0.882738 0.967261 0.770097 0.877296 0.923205 0.934554 0.759743 0.934340 0.962935 0.926323 0.768844 0.961798 0.762506 0.851568 0.849547 0.743232 0.841651 0.722148 0.900254 0.858079 0.966746 0.960704 0.920523 0.758210 0.962152 0.971877 0.984959 0.970586 0.920990 0.955766 0.908194 0.962641 0.989226 0.962652 0.878602 0.772801 0.881814 0.902741 0.941963 0.947377 0.952091 0.954560 0.959402 0.806662 0.974437 0.892649 0.907849 0.981232 0.908858 0.898010
0.695685 0.641108 0.629644 0.584299 0.914846 0.857743 0.842580 0.752778 0.811630 0.831785 0.685815 0.678692 0.724319 0.729794 0.755713 0.657455 0.777344 0.749742 0.771540 0.678404 0.658394 0.822242 0.895816 0.818954 0.652634 0.642124 0.925863 0.981099 0.790568 0.806243 0.786107 0.825349 0.764007 0.717151 0.987318 0.748854 0.000000 0.625494 0.713296 0.570168 0.744995 0.741548 0.763664 0.722299 0.902013 0.855230 0.736514 0.811957 0.831228 0.812839 0.784954 0.777344 0.943394 0.959215 0.894438 0.940321 0.658204 0.686464 0.764519 0.778193 0.699162 0.682567 0.842848 0.774135 0.676828 0.637476 0.814413 0.822536 0.658241 0.682665 0.629475 0.713394 0.735038 0.731250 0.996142 0.924286 0.863085 0.757766 0.714523 0.700370 0.708111 0.788489 0.915141 0.793994 0.905871 0.877785 0.715009 0.792468 0.958443 0.888771 0.752194 0.766269 0.699074 0.735878 0.826163 0.838609 0.982729 0.933129 0.799883 0.861873 0.822975 0.920704 0.802940 0.858034 0.822137 0.857988 0.860779 0.993482 0.974993 0.987894 0.921017 0.841969 0.986359 0.897746 0.834131 0.888307
0.734566 0.726432 0.659125 0.646554 0.982478 0.983215 0.786630 0.799601 0.907306 0.909567 0.697499 0.755924 0.811326 0.781192 0.827455 0.691627 0.801402 0.776713 0.752297 0.770250 0.836196 0.843961 0.946816 0.918765 0.785642 0.837163 0.975166 0.832645 0.878093 0.827762 0.658495 0.751324 0.680959 0.746320 0.927611 0.985901 0.625494 0.000000 0.811506 0.733003 0.827002 0.807530 0.789894 0.749122 0.904568 0.837285 0.839142 0.859701 0.913405 0.857565 0.733039 0.801761 0.943098 0.970996 0.796355 0.997087 0.671302 0.727027 0.798123 0.855741 0.744175 0.766453 0.891149 0.840049 0.745574 0.676980 0.811908 0.843335 0.584589 0.696027 0.750177 0.672362 0.811918 0.591433 0.884402 0.735626 0.870951 0.841148 0.615935 0.810787 0.769843 0.814750 0.860029 0.857188 0.931390 0.872349 0.971586 0.830100 0.842624 0.926101 0.856394 0.859998 0.777693 0.779509 0.801941 0.922368 0.901575 0.998971 0.899164 0.972954 0.883452 0.823422 0.837348 0.966519 0.822057 0.814138 0.843117 0.921873 0.939526 0.967433 0.975995 0.898757 0.834594 0.921049 0.637088 0.987968
