0.000000 0.387671 0.973224 0.864837 0.954505 0.614522 0.585061 0.448930 0.695400 0.724886 0.469820 0.382107 0.594062 0.547648 0.987882 0.659786 0.407709 0.405955 0.457775 0.426524 0.957783 0.868685 0.882464 0.950799 0.845143 0.962731 0.834533 0.968180 0.571171 0.513942 0.890593 0.665118 0.572474 0.518097 0.947830 0.876786 0.890276 0.989082 0.972659 0.926570 0.934343 0.878232 0.527608 0.499415 0.597783 0.581735 0.622285 0.555968 0.658123 0.660762 0.803025 0.830594 0.918162 0.901685 0.968805 0.821691 0.329311 0.506109 0.556194 0.943086 0.531603 0.684097 0.453374 0.441705 0.815762 0.948117 0.696849 0.701203 0.765891 0.735713 0.763383 0.770098 0.880433 0.752565 0.981773 0.757940 0.710566 0.763981 0.878322 0.717613 0.536867 0.592333 0.794278 0.764657 0.952433 0.932264 0.990862 0.876643 0.999191 0.999918 0.550921 0.773705 0.704237 0.862275 0.832249 0.836739 0.792467 0.782107 0.492545 0.502350 0.585091 0.657807 0.548514 0.592091 0.815061 0.758150 0.921304 0.892918 0.947637 0.922109 0.899028 0.738000 0.708330 0.862227 0.814650 0.916076
0.387671 0.000000 0.823768 0.941589 0.924234 0.730091 0.765370 0.615733 0.792423 0.714235 0.698657 0.449005 0.845004 0.744439 0.918736 0.698427 0.357271 0.340181 0.668971 0.652262 0.974303 0.837715 0.816345 0.869256 0.870699 0.907237 0.880803 0.870073 0.614040 0.403167 0.991637 0.755206 0.689372 0.644872 0.844023 0.903046 0.895782 0.910034 0.915836 0.773460 0.887474 0.844396 0.608223 0.541601 0.594674 0.516060 0.792083 0.634174 0.626120 0.601418 0.720551 0.685334 0.869343 0.769919 0.985818 0.740108 0.280450 0.306854 0.701020 0.859207 0.708705 0.616610 0.654954 0.390987 0.756878 0.984829 0.793695 0.791061 0.796815 0.660823 0.834975 0.856945 0.860643 0.793248 0.916625 0.741049 0.756345 0.764396 0.690188 0.563311 0.403103 0.597397 0.796335 0.722046 0.816818 0.898152 0.831252 0.834977 0.936567 0.970994 0.655502 0.849856 0.761999 0.870008 0.779405 0.895734 0.695088 0.844867 0.582644 0.666160 0.704839 0.710673 0.586144 0.692365 0.890861 0.790938 0.790362 0.979865 0.872985 0.897024 0.816702 0.681529 0.732780 0.894724 0.808649 0.836702
0.973224 0.823768 0.000000 0.330206 0.995381 0.984166 0.540790 0.610967 0.858013 0.912352 0.753421 0.979587 0.561509 0.576014 0.644132 0.907696 0.810717 0.810003 0.563965 0.691722 0.953807 0.986520 0.445284 0.553351 0.678930 0.624532 0.804289 0.921283 0.929931 0.860958 0.419127 0.535247 0.559180 0.626220 0.654011 0.769377 0.876144 0.983514 0.734115 0.983875 0.951237 0.770995 0.740004 0.834707 0.964996 0.879017 0.681724 0.743478 0.789549 0.891456 0.853894 0.803360 0.829421 0.900958 0.781777 0.986422 0.863689 0.705865 0.836403 0.819955 0.664621 0.939675 0.870218 0.681714 0.428839 0.456341 0.561875 0.626194 0.932052 0.837926 0.694986 0.823505 0.977798 0.935122 0.999070 0.833661 0.763637 0.678687 0.736019 0.934485 0.725335 0.857469 0.949763 0.732228 0.569314 0.655104 0.796094 0.803912 0.892401 0.875215 0.875539 0.860811 0.993664 0.871531 0.960168 0.898911 0.774485 0.950614 0.961136 0.778472 0.815120 0.791807 0.931851 0.925530 0.837550 0.985809 0.779057 0.769745 0.923044 0.958401 0.924654 0.973685 0.985698 0.903640 0.972677 0.762211
0.864837 0.941589 0.330206 0.000000 0.907873 0.965136 0.608827 0.593811 0.939606 0.774951 0.773154 0.925418 0.567536 0.491254 0.714726 0.813484 0.885980 0.928154 0.521376 0.582287 0.950514 0.992576 0.396108 0.399849 0.563969 0.562778 0.740761 0.764295 0.946889 0.930410 0.387566 0.472806 0.515601 0.620115 0.606590 0.777388 0.809029 0.955675 0.689932 0.967345 0.941934 0.815020 0.759347 0.856239 0.858269 0.781994 0.657176 0.769737 0.645492 0.807634 0.787667 0.779856 0.767000 0.847261 0.717606 0.888890 0.986567 0.802372 0.867203 0.871515 0.745434 0.949159 0.818461 0.763236 0.467699 0.409359 0.558276 0.604300 0.949885 0.868516 0.711677 0.804618 0.933250 0.910973 0.891230 0.841434 0.794335 0.720941 0.910501 0.984082 0.930409 0.932416 0.803527 0.859725 0.532655 0.527220 0.858286 0.745471 0.806893 0.706068 0.910817 0.961669 0.968437 0.947490 0.958832 0.816343 0.790247 0.934564 0.992605 0.825389 0.807721 0.730625 0.951639 0.984410 0.778627 0.935558 0.818552 0.857502 0.890099 0.899947 0.997819 0.869894 0.958846 0.788211 0.995809 0.724025
0.954505 0.924234 0.995381 0.907873 0.000000 0.830840 0.916497 0.917143 0.991506 0.744293 0.865159 0.863349 0.903069 0.886081 0.934476 0.984847 0.956463 0.955801 0.869799 0.872187 0.838580 0.922897 0.970732 0.898508 0.855615 0.758499 0.887944 0.933775 0.986612 0.928320 0.998259 0.880424 0.919639 0.895516 0.920172 0.907758 0.897372 0.864199 0.822152 0.842354 0.963299 0.951843 0.862583 0.889217 0.830287 0.775510 0.992863 0.815878 0.884412 0.909057 0.866482 0.935333 0.890783 0.878714 0.835491 0.971503 0.965875 0.961783 0.908644 0.941901 0.925328 0.998919 0.895128 0.990052 0.886167 0.936854 0.824641 0.832149 0.869092 0.962892 0.890635 0.943000 0.891145 0.846697 0.949383 0.852889 0.880113 0.909346 0.945399 0.978664 0.992186 0.973083 0.937702 0.931879 0.951699 0.936345 0.874909 0.979946 0.965349 0.782259 0.792549 0.764113 0.869609 0.783358 0.973512 0.982850 0.960164 0.928951 0.847252 0.902234 0.915579 0.959871 0.878482 0.827659 0.952986 0.992606 0.836487 0.951582 0.925960 0.874752 0.821680 0.837083 0.870095 0.831883 0.769091 0.800155
0.614522 0.730091 0.984166 0.965136 0.830840 0.000000 0.633855 0.592727 0.652256 0.588447 0.573052 0.555884 0.688338 0.762422 0.947222 0.749339 0.659765 0.618263 0.629640 0.668928 0.995263 0.930455 0.885648 0.937686 0.792343 0.869880 0.762345 0.993590 0.721694 0.676549 0.887517 0.772935 0.778889 0.647568 0.862295 0.889831 0.949625 0.985761 0.997242 0.906878 0.944501 0.967032 0.603590 0.629138 0.642366 0.615809 0.834388 0.673447 0.750406 0.847948 0.964379 0.993348 0.998104 0.946465 0.832673 0.934807 0.591030 0.851810 0.824195 0.971931 0.686905 0.813904 0.670444 0.722455 0.748907 0.948185 0.771500 0.756849 0.932232 0.987262 0.813920 0.775492 0.882295 0.786554 0.935828 0.720353 0.696420 0.801976 0.813447 0.856221 0.869342 0.794477 0.936212 0.950724 0.864832 0.854392 0.969853 0.995720 0.985982 0.789064 0.666267 0.796882 0.720215 0.806790 0.980973 0.975660 0.736503 0.764354 0.559512 0.684611 0.648722 0.721333 0.712676 0.620672 0.992585 0.926312 0.674439 0.914092 0.906751 0.971530 0.917336 0.737578 0.771490 0.758092 0.988713 0.705179
0.585061 0.765370 0.540790 0.608827 0.916497 0.633855 0.000000 0.268220 0.690084 0.525787 0.320637 0.542919 0.395907 0.451269 0.808520 0.828568 0.721921 0.682468 0.315878 0.480667 0.887672 0.877507 0.852317 0.934661 0.779972 0.904103 0.766205 0.843504 0.555085 0.642716 0.676445 0.562020 0.439684 0.346492 0.981041 0.918292 0.987758 0.880212 0.889395 0.960226 0.990360 0.796513 0.466082 0.519003 0.483789 0.567151 0.587395 0.467975 0.714367 0.791543 0.833247 0.921041 0.947627 0.857061 0.996544 0.841959 0.691357 0.958361 0.540579 0.819653 0.327995 0.684765 0.441804 0.788064 0.983682 0.737139 0.421966 0.426421 0.905703 0.986582 0.591989 0.728305 0.986639 0.797775 0.995668 0.676868 0.553477 0.596926 0.905431 0.882038 0.991731 0.919058 0.988808 0.915364 0.914795 0.983424 0.921337 0.987224 0.987288 0.858726 0.482662 0.572126 0.753222 0.716589 0.779042 0.765723 0.859983 0.773665 0.483037 0.420399 0.468987 0.546626 0.748435 0.679517 0.907752 0.860655 0.986331 0.751233 0.924765 0.952153 0.758922 0.684909 0.580339 0.926722 0.960191 0.934650
0.448930 0.615733 0.610967 0.593811 0.917143 0.592727 0.268220 0.000000 0.590791 0.558403 0.321104 0.417235 0.443745 0.405092 0.871153 0.754426 0.579874 0.543828 0.281721 0.388282 0.861533 0.854195 0.890439 0.946822 0.824519 0.977739 0.762158 0.898365 0.479304 0.540126 0.685795 0.535935 0.384365 0.345676 0.964999 0.990563 0.878114 0.960400 0.865505 0.997704 0.983045 0.881098 0.400922 0.457312 0.484884 0.559525 0.570662 0.441059 0.689687 0.725446 0.782929 0.851427 0.866359 0.806476 0.978422 0.826877 0.538159 0.796602 0.540713 0.783042 0.338156 0.590438 0.437859 0.666399 0.982611 0.711670 0.490211 0.446742 0.975116 0.921976 0.615142 0.710815 0.879209 0.750622 0.972265 0.712386 0.536565 0.607694 0.973187 0.776244 0.847134 0.825005 0.989562 0.984723 0.999310 0.967236 0.996873 0.930276 0.938767 0.937438 0.432996 0.584705 0.694731 0.718446 0.795116 0.781956 0.845897 0.753507 0.451132 0.392293 0.475810 0.473547 0.616729 0.608199 0.875296 0.787227 0.980526 0.767646 0.914975 0.982040 0.808148 0.696970 0.614388 0.907459 0.906555 0.937297
0.695400 0.792423 0.858013 0.939606 0.991506 0.652256 0.690084 0.590791 0.000000 0.636707 0.647485 0.702609 0.821535 0.762059 0.907114 0.851253 0.705730 0.730456 0.726442 0.759482 0.720490 0.906457 0.822185 0.808949 0.811506 0.974028 0.889166 0.882459 0.668583 0.799200 0.835344 0.833428 0.744656 0.681510 0.870911 0.751313 0.801930 0.884700 0.940517 0.984341 0.976406 0.970979 0.581028 0.608188 0.572210 0.609448 0.758142 0.634674 0.615526 0.559995 0.653137 0.655946 0.661918 0.632750 0.833991 0.997031 0.670343 0.853510 0.684802 0.724240 0.593863 0.638265 0.895327 0.794514 0.997293 0.883771 0.904109 0.877264 0.992587 0.803410 0.817127 0.821196 0.971855 0.816830 0.946102 0.847594 0.586131 0.800369 0.975986 0.968063 0.908707 0.824995 0.903633 0.919175 0.737236 0.690192 0.953061 0.790488 0.852282 0.838390 0.602260 0.676923 0.793047 0.716132 0.838210 0.990623 0.848768 0.816735 0.543120 0.622539 0.680416 0.751270 0.616315 0.746959 0.990363 0.682402 0.892793 0.746608 0.994239 0.957749 0.897554 0.654491 0.657764 0.812677 0.817823 0.968651
0.724886 0.714235 0.912352 0.774951 0.744293 0.588447 0.525787 0.558403 0.636707 0.000000 0.522828 0.598938 0.781429 0.837170 0.980599 0.965517 0.610426 0.584943 0.708345 0.834211 0.765286 0.928147 0.616301 0.545673 0.400047 0.486741 0.567504 0.765668 0.540856 0.565087 0.835352 0.955437 0.878399 0.663536 0.653688 0.828704 0.858082 0.842596 0.886307 0.838908 0.942648 0.886015 0.575474 0.532502 0.320380 0.320177 0.891686 0.563331 0.388732 0.601684 0.614579 0.707759 0.675571 0.653307 0.649375 0.948356 0.627436 0.799750 0.692851 0.918600 0.538085 0.707748 0.620215 0.604618 0.527570 0.760132 0.815407 0.785274 0.815196 0.938922 0.795536 0.799929 0.994530 0.834568 0.901877 0.803429 0.626077 0.773461 0.908544 0.920932 0.987110 0.928729 0.785180 0.980037 0.579164 0.516751 0.992409 0.770915 0.702504 0.525079 0.456012 0.485990 0.697122 0.635076 0.778605 0.999480 0.687772 0.754766 0.450258 0.479655 0.592904 0.662378 0.587918 0.612857 0.937144 0.868640 0.825120 0.771151 0.985386 0.882694 0.661142 0.487389 0.536445 0.733747 0.907142 0.830619
0.469820 0.698657 0.753421 0.773154 0.865159 0.573052 0.320637 0.321104 0.647485 0.522828 0.000000 0.473211 0.417656 0.489598 0.906552 0.820925 0.585678 0.575598 0.349863 0.453335 0.876719 0.827834 0.938171 0.912690 0.643568 0.844561 0.661958 0.864021 0.490919 0.584726 0.792080 0.649966 0.541801 0.410437 0.994349 0.940137 0.975514 0.832894 0.968185 0.978324 0.996939 0.938589 0.500716 0.519011 0.485138 0.526095 0.596270 0.502899 0.616895 0.732801 0.762604 0.882635 0.863328 0.859668 0.984780 0.836180 0.581434 0.838864 0.508728 0.880997 0.334262 0.713142 0.379745 0.630999 0.802646 0.909308 0.539909 0.518356 0.956460 0.992046 0.630444 0.745674 0.908047 0.779999 0.958923 0.701356 0.656605 0.664869 0.884312 0.874652 0.860184 0.797879 0.954280 0.966719 0.945131 0.896281 0.998941 0.965148 0.994834 0.811893 0.459148 0.576011 0.726019 0.746982 0.847700 0.814696 0.793936 0.808613 0.447444 0.398302 0.470859 0.630054 0.644844 0.553817 0.998692 0.810799 0.971096 0.762938 0.932225 0.979183 0.838087 0.663299 0.548595 0.918231 0.916069 0.952113
0.382107 0.449005 0.979587 0.925418 0.863349 0.555884 0.542919 0.417235 0.702609 0.598938 0.473211 0.000000 0.696491 0.596430 0.873466 0.662080 0.436888 0.373986 0.523064 0.462099 0.945929 0.832700 0.841862 0.869238 0.717229 0.858076 0.666868 0.835120 0.499551 0.431567 0.921860 0.741658 0.582756 0.526032 0.917890 0.940865 0.757186 0.952112 0.964041 0.940248 0.821683 0.949212 0.601418 0.598064 0.506531 0.513252 0.688903 0.542623 0.560714 0.641447 0.739242 0.775003 0.820864 0.822845 0.903593 0.808560 0.409318 0.517414 0.597233 0.839093 0.518696 0.533389 0.489834 0.422155 0.702567 0.951523 0.714002 0.635654 0.825466 0.641781 0.827442 0.780226 0.797406 0.698203 0.970905 0.783927 0.692460 0.833728 0.814245 0.691460 0.551294 0.590606 0.909491 0.700243 0.865336 0.860234 0.921037 0.902836 0.943135 0.915594 0.558833 0.807254 0.692655 0.870807 0.735776 0.837469 0.772510 0.776642 0.532705 0.593083 0.596165 0.639443 0.612066 0.622204 0.938716 0.815011 0.853543 0.924934 0.968108 0.895573 0.841166 0.801406 0.667686 0.859986 0.831322 0.831509
0.594062 0.845004 0.561509 0.567536 0.903069 0.688338 0.395907 0.443745 0.821535 0.781429 0.417656 0.696491 0.000000 0.351991 0.614739 0.646235 0.834806 0.775235 0.394161 0.453305 0.989224 0.979052 0.731039 0.718624 0.973930 0.958536 0.953049 0.974912 0.708502 0.751721 0.666243 0.546284 0.527092 0.469679 0.910366 0.950943 0.977920 0.769231 0.955824 0.995692 0.904602 0.757000 0.542800 0.609748 0.796475 0.819520 0.537983 0.602958 0.957310 0.974618 0.970731 0.876228 0.919271 0.967736 0.952924 0.959842 0.757211 0.982099 0.663974 0.950532 0.504671 0.999439 0.448194 0.913005 0.917952 0.804437 0.566649 0.659421 0.994528 0.926839 0.571275 0.692761 0.980347 0.910062 0.907987 0.618812 0.684660 0.670170 0.892632 0.902294 0.951566 0.841652 0.842627 0.905849 0.738020 0.776746 0.828655 0.851740 0.841293 0.952498 0.614779 0.710635 0.846325 0.822149 0.857590 0.731948 0.920524 0.925260 0.599593 0.536048 0.647196 0.729786 0.792894 0.698491 0.930172 0.999764 0.949060 0.791973 0.887639 0.994010 0.896585 0.854614 0.773299 0.928430 0.972197 0.867902
0.547648 0.744439 0.576014 0.491254 0.886081 0.762422 0.451269 0.405092 0.762059 0.837170 0.489598 0.596430 0.351991 0.000000 0.680027 0.573433 0.768934 0.701950 0.389327 0.339316 0.991427 0.937051 0.727850 0.698322 0.940029 0.904832 0.966767 0.939207 0.621624 0.683446 0.602055 0.530428 0.457142 0.426887 0.866788 0.938905 0.811375 0.870227 0.860327 0.973483 0.965556 0.846083 0.527441 0.588888 0.808922 0.845071 0.556791 0.551985 0.991185 0.956342 0.937664 0.989351 0.991707 0.938798 0.967352 0.929248 0.701906 0.921864 0.696682 0.949844 0.543805 0.869290 0.497371 0.868972 0.838220 0.665640 0.576302 0.633633 0.901166 0.898694 0.643374 0.732691 0.895047 0.821890 0.922677 0.598730 0.623853 0.698443 0.997004 0.854721 0.838998 0.775066 0.826358 0.983360 0.771803 0.750468 0.890617 0.907642 0.842670 0.954067 0.562258 0.762166 0.827499 0.850471 0.864713 0.716075 0.952577 0.905256 0.605562 0.543393 0.636087 0.679732 0.796313 0.793771 0.831744 0.900978 0.967667 0.757270 0.816448 0.961501 0.873067 0.878749 0.747232 0.980997 0.923039 0.889403
0.987882 0.918736 0.644132 0.714726 0.934476 0.947222 0.808520 0.871153 0.907114 0.980599 0.906552 0.873466 0.614739 0.680027 0.000000 0.613692 0.865247 0.869943 0.888575 0.802160 0.867337 0.969039 0.762655 0.715548 0.782861 0.792863 0.720630 0.787944 0.939097 0.936090 0.782209 0.764691 0.936446 0.914640 0.999567 0.991592 0.958422 0.788961 0.893569 0.945908 0.883020 0.800327 0.727404 0.810646 0.926393 0.935407 0.696962 0.883393 0.903451 0.888972 0.950267 0.872444 0.893464 0.919470 0.985180 0.770378 0.961424 0.848568 0.981420 0.848095 0.864231 0.893379 0.949821 0.803335 0.637019 0.797415 0.972546 0.938596 0.916581 0.833025 0.821328 0.887355 0.803860 0.835408 0.955114 0.806076 0.793494 0.826687 0.797801 0.893573 0.834856 0.862080 0.823138 0.831076 0.700260 0.771893 0.745580 0.932591 0.868658 0.971993 0.935322 0.949129 0.940002 0.992595 0.993947 0.973148 0.874685 0.934923 0.894357 0.861270 0.939717 0.986510 0.982936 0.991856 0.935521 0.950984 0.999448 0.748991 0.934809 0.908087 0.900311 0.885544 0.976079 0.980518 0.947676 0.809555
0.659786 0.698427 0.907696 0.813484 0.984847 0.749339 0.828568 0.754426 0.851253 0.965517 0.820925 0.662080 0.646235 0.573433 0.613692 0.000000 0.775072 0.719591 0.806361 0.553786 0.895491 0.939719 0.847642 0.728281 0.824303 0.788267 0.901955 0.932841 0.855783 0.728055 0.792199 0.677669 0.764066 0.773285 0.908464 0.967610 0.727486 0.959938 0.890243 0.809104 0.976418 0.978288 0.767154 0.866675 0.953934 0.937536 0.761616 0.779554 0.948282 0.974218 0.894251 0.995141 0.972510 0.990299 0.985446 0.916774 0.694282 0.707389 0.933267 0.971289 0.779550 0.827094 0.799075 0.774957 0.920313 0.786865 0.976827 0.979982 0.816980 0.872140 0.924576 0.886682 0.994034 0.967686 0.942812 0.768803 0.843337 0.929299 0.961570 0.810733 0.655778 0.635483 0.643182 0.740961 0.762676 0.726481 0.864205 0.870396 0.852696 0.911589 0.926380 0.830079 0.982986 0.821615 0.834934 0.871958 0.916087 0.989147 0.797853 0.882239 0.951545 0.978065 0.940217 0.982517 0.996437 0.906895 0.971899 0.917430 0.980238 0.988001 0.978580 0.946740 0.996307 0.990422 0.975131 0.920976
0.407709 0.357271 0.810717 0.885980 0.956463 0.659765 0.721921 0.579874 0.705730 0.610426 0.585678 0.436888 0.834806 0.768934 0.865247 0.775072 0.000000 0.289742 0.691685 0.715029 0.971870 0.793902 0.680375 0.715931 0.716057 0.800147 0.698380 0.821014 0.480615 0.363637 0.971194 0.840361 0.778533 0.643287 0.746887 0.859693 0.894843 0.879061 0.997635 0.796243 0.920911 0.915954 0.634515 0.550369 0.539249 0.521387 0.810030 0.660168 0.548929 0.577380 0.655410 0.657428 0.793049 0.733342 0.834941 0.842202 0.319364 0.392357 0.741333 0.872419 0.645343 0.575719 0.636537 0.349826 0.628794 0.941910 0.903320 0.837392 0.753107 0.658065 0.900136 0.797854 0.794896 0.778306 0.957744 0.745702 0.787258 0.861481 0.742084 0.601060 0.497414 0.684377 0.962180 0.670909 0.679657 0.754711 0.801424 0.746913 0.777327 0.893990 0.601973 0.802737 0.738273 0.890079 0.737241 0.919157 0.727829 0.868866 0.572463 0.572652 0.679408 0.714308 0.618299 0.701138 0.986641 0.839413 0.779436 0.954537 0.939725 0.881766 0.782545 0.712368 0.683935 0.849167 0.830070 0.834508
0.405955 0.340181 0.810003 0.928154 0.955801 0.618263 0.682468 0.543828 0.730456 0.584943 0.575598 0.373986 0.775235 0.701950 0.869943 0.719591 0.289742 0.000000 0.638233 0.630318 0.984148 0.915244 0.698187 0.793446 0.703921 0.767782 0.713003 0.790625 0.499604 0.335659 0.985523 0.768801 0.720934 0.623505 0.735516 0.806983 0.910288 0.976510 0.997215 0.881377 0.976291 0.946166 0.619794 0.562827 0.526593 0.473966 0.815632 0.590590 0.570457 0.600168 0.723073 0.680992 0.849474 0.789046 0.855518 0.829782 0.286443 0.385401 0.777805 0.933949 0.627615 0.591434 0.579785 0.341218 0.611750 0.933567 0.859015 0.828897 0.742121 0.655843 0.853472 0.801283 0.861336 0.762528 0.942791 0.823918 0.751199 0.770280 0.681058 0.581104 0.466904 0.621295 0.952878 0.670894 0.699040 0.774234 0.832859 0.782763 0.859373 0.905766 0.571398 0.792681 0.708508 0.861559 0.809816 0.877956 0.676678 0.895561 0.539758 0.555202 0.655561 0.714327 0.606948 0.692541 0.967254 0.848674 0.782048 0.985169 0.930117 0.925176 0.848428 0.691402 0.657844 0.842717 0.823824 0.839230
0.457775 0.668971 0.563965 0.521376 0.869799 0.629640 0.315878 0.281721 0.726442 0.708345 0.349863 0.523064 0.394161 0.389327 0.888575 0.806361 0.691685 0.638233 0.000000 0.378901 0.967757 0.882376 0.797002 0.816117 0.942861 0.960109 0.879301 0.994537 0.625033 0.640090 0.633111 0.500813 0.388992 0.345465 0.854748 0.949672 0.947151 0.908450 0.882597 0.990187 0.964031 0.945155 0.486261 0.518832 0.634383 0.688141 0.597810 0.493841 0.870994 0.852483 0.937218 0.997920 0.983206 0.992344 0.891045 0.801504 0.587619 0.871404 0.600999 0.868027 0.406572 0.771651 0.427369 0.764098 0.941487 0.693305 0.411147 0.434816 0.985636 0.969114 0.572528 0.810344 0.913791 0.821519 0.957570 0.734565 0.620902 0.603496 0.995452 0.846932 0.842936 0.773872 0.958952 0.949086 0.855145 0.895439 0.951365 0.930373 0.891074 0.991270 0.523060 0.639956 0.764271 0.775379 0.884578 0.758178 0.899225 0.831286 0.511737 0.451853 0.499915 0.548639 0.683214 0.646130 0.817690 0.836910 0.989748 0.845106 0.994192 0.980180 0.913011 0.737141 0.685496 0.958682 0.933409 0.953032
0.426524 0.652262 0.691722 0.582287 0.872187 0.668928 0.480667 0.388282 0.759482 0.834211 0.453335 0.462099 0.453305 0.339316 0.802160 0.553786 0.715029 0.630318 0.378901 0.000000 0.969945 0.934870 0.809271 0.778973 0.975078 0.893805 0.935637 0.969777 0.633248 0.678007 0.689147 0.504774 0.390835 0.446884 0.843508 0.934014 0.716083 0.889205 0.829860 0.911779 0.895634 0.991045 0.552795 0.603243 0.734152 0.780031 0.561865 0.531351 0.885126 0.834431 0.888908 0.953741 0.901643 0.948161 0.886260 0.869937 0.602772 0.783018 0.575634 0.882599 0.489668 0.745090 0.477955 0.738843 0.916157 0.698211 0.567800 0.575981 0.824306 0.847205 0.688835 0.740965 0.783028 0.764980 0.935797 0.716644 0.681330 0.686700 0.961619 0.779377 0.711409 0.616602 0.753604 0.916899 0.766785 0.790134 0.881298 0.924621 0.863981 0.916821 0.594610 0.828720 0.787366 0.918836 0.860547 0.702390 0.995036 0.826939 0.603076 0.563959 0.647434 0.697977 0.758135 0.699699 0.833174 0.802371 0.976397 0.864186 0.901191 0.940295 0.991116 0.882847 0.771555 0.952713 0.975218 0.981838
0.957783 0.974303 0.953807 0.950514 0.838580 0.995263 0.887672 0.861533 0.720490 0.765286 0.876719 0.945929 0.989224 0.991427 0.867337 0.895491 0.971870 0.984148 0.967757 0.969945 0.000000 0.973174 0.780946 0.769595 0.795966 0.898475 0.975924 0.975245 0.811746 0.989358 0.852574 0.937515 0.881164 0.974376 0.810111 0.753712 0.985162 0.897733 0.963546 0.814684 0.956312 0.941992 0.869219 0.881675 0.841326 0.864438 0.811837 0.908297 0.826248 0.884458 0.920114 0.862004 0.866247 0.919832 0.852692 0.956864 0.932785 0.948735 0.896534 0.990945 0.906916 0.864904 0.966176 0.907547 0.921820 0.927595 0.859129 0.945614 0.930255 0.975574 0.958275 0.961619 0.789128 0.938138 0.903698 0.834741 0.883385 0.971083 0.983799 0.951547 0.784032 0.734486 0.828836 0.851897 0.710216 0.621269 0.981747 0.661868 0.994509 0.983730 0.857512 0.761677 0.956876 0.933409 0.879474 0.999770 0.977182 0.813299 0.840523 0.789997 0.970585 0.876948 0.748895 0.795457 0.977769 0.765422 0.964965 0.742470 0.913037 0.873418 0.846018 0.763547 0.836493 0.856934 0.968066 0.865699
0.868685 0.837715 0.986520 0.992576 0.922897 0.930455 0.877507 0.854195 0.906457 0.928147 0.827834 0.832700 0.979052 0.937051 0.969039 0.939719 0.793902 0.915244 0.882376 0.934870 0.973174 0.000000 0.979570 0.907747 0.876513 0.840730 0.888864 0.871993 0.904620 0.863621 0.925545 0.941680 0.883528 0.949189 0.954823 0.894108 0.895969 0.948529 0.941218 0.817430 0.789612 0.862810 0.900023 0.946274 0.890511 0.901603 0.925893 0.996131 0.832229 0.917588 0.880929 0.994439 0.946833 0.967655 0.947488 0.834495 0.856846 0.863945 0.877108 0.917260 0.854798 0.816387 0.874655 0.852577 0.942977 0.939161 0.928045 0.866341 0.966665 0.960159 0.969681 0.993101 0.893542 0.992686 0.864012 0.970111 0.954398 0.942617 0.993098 0.961929 0.787991 0.910960 0.940871 0.939890 0.991518 0.944055 0.977138 0.988835 0.884411 0.905843 0.950785 0.987736 0.966599 0.961962 0.884830 0.994650 0.987879 0.970744 0.935709 0.980362 0.872149 0.885303 0.882604 0.881775 0.793269 0.958698 0.998721 0.887687 0.944535 0.825479 0.996474 0.927794 0.980018 0.974910 0.890082 0.841838
0.882464 0.816345 0.445284 0.396108 0.970732 0.885648 0.852317 0.890439 0.822185 0.616301 0.938171 0.841862 0.731039 0.727850 0.762655 0.847642 0.680375 0.698187 0.797002 0.809271 0.780946 0.979570 0.000000 0.315359 0.389006 0.534058 0.572287 0.804428 0.762097 0.807515 0.479160 0.605752 0.647067 0.813524 0.550168 0.617437 0.910859 0.945131 0.732101 0.997646 0.899855 0.832179 0.931144 0.847767 0.665683 0.605444 0.838068 0.968835 0.514490 0.657710 0.777285 0.694058 0.705479 0.805063 0.711754 0.986085 0.751209 0.775319 0.932631 0.883333 0.981773 0.927464 0.989677 0.625194 0.421039 0.434754 0.681059 0.705468 0.927117 0.757169 0.795384 0.965854 0.958329 0.951515 0.828637 0.891292 0.948948 0.895313 0.837974 0.936444 0.938255 0.882110 0.721194 0.856694 0.329964 0.345462 0.823488 0.611675 0.700108 0.641755 0.796275 0.761792 0.820005 0.862080 0.929609 0.924599 0.777207 0.951696 0.702669 0.879772 0.862409 0.998471 0.740414 0.784819 0.936647 0.886419 0.753303 0.976724 0.958577 0.994584 0.945525 0.693856 0.712542 0.852181 0.986407 0.764735
0.950799 0.869256 0.553351 0.399849 0.898508 0.937686 0.934661 0.946822 0.808949 0.545673 0.912690 0.869238 0.718624 0.698322 0.715548 0.728281 0.715931 0.793446 0.816117 0.778973 0.769595 0.907747 0.315359 0.000000 0.389291 0.568345 0.552686 0.735258 0.737236 0.832853 0.502989 0.582979 0.709478 0.819373 0.598046 0.773940 0.882350 0.938823 0.687222 0.954281 0.930015 0.862637 0.936500 0.872745 0.610089 0.555004 0.794345 0.949496 0.447148 0.586025 0.692767 0.670883 0.636055 0.737074 0.652156 0.954774 0.836981 0.790029 0.868424 0.975462 0.933800 0.825253 0.995649 0.684372 0.481863 0.522519 0.781161 0.816069 0.834043 0.771588 0.823030 0.954350 0.987131 0.964234 0.852548 0.911200 0.958340 0.924279 0.910107 0.921135 0.974067 0.780347 0.658613 0.972465 0.373627 0.324628 0.848436 0.563498 0.607860 0.601451 0.781660 0.743519 0.837111 0.764481 0.864265 0.894958 0.780874 0.895276 0.741846 0.844140 0.879953 0.935561 0.764217 0.844479 0.849494 0.874366 0.822862 0.989480 0.968755 0.921480 0.867834 0.708620 0.683675 0.836801 0.948074 0.759545
0.845143 0.870699 0.678930 0.563969 0.855615 0.792343 0.779972 0.824519 0.811506 0.400047 0.643568 0.717229 0.973930 0.940029 0.782861 0.824303 0.716057 0.703921 0.942861 0.975078 0.795966 0.876513 0.389006 0.389291 0.000000 0.433749 0.452003 0.736828 0.635366 0.721175 0.580743 0.726595 0.889170 0.913471 0.640474 0.741348 0.837773 0.795775 0.725750 0.875187 0.855928 0.955921 0.829382 0.754368 0.450650 0.452370 0.964457 0.814896 0.415502 0.660166 0.667884 0.702944 0.653928 0.727823 0.774854 0.877863 0.782557 0.890576 0.734045 0.932263 0.748710 0.901554 0.672914 0.615961 0.361007 0.481375 0.990856 0.989462 0.851311 0.864402 0.972271 0.929630 0.991639 0.845003 0.868008 0.972978 0.900923 0.924809 0.941749 0.887779 0.966781 0.900088 0.682366 0.952829 0.447139 0.427411 0.877062 0.754780 0.694141 0.564390 0.611406 0.582133 0.751978 0.705376 0.805002 0.960730 0.757798 0.873971 0.603130 0.672294 0.661702 0.845713 0.678975 0.674557 0.914168 0.876670 0.834154 0.933018 0.928015 0.892291 0.860633 0.679706 0.586424 0.802623 0.972588 0.798025
0.962731 0.907237 0.624532 0.562778 0.758499 0.869880 0.904103 0.977739 0.974028 0.486741 0.844561 0.858076 0.958536 0.904832 0.792863 0.788267 0.800147 0.767782 0.960109 0.893805 0.898475 0.840730 0.534058 0.568345 0.433749 0.000000 0.595947 0.797315 0.812210 0.734294 0.662980 0.848281 0.828725 0.996413 0.756696 0.817578 0.769253 0.734237 0.741997 0.827685 0.897108 0.986941 0.960080 0.818137 0.610771 0.603080 0.874193 0.855438 0.645622 0.788302 0.758209 0.755010 0.740264 0.761092 0.679433 0.941836 0.881946 0.897456 0.873141 0.907594 0.968187 0.917090 0.796381 0.747958 0.392129 0.467780 0.974586 0.951243 0.863338 0.881899 0.927578 0.924155 0.945470 0.855808 0.885073 0.926703 0.872901 0.989202 0.878182 0.998598 0.960999 0.956675 0.813005 0.963661 0.574246 0.587969 0.859400 0.787738 0.772410 0.675529 0.693785 0.616686 0.777514 0.755830 0.815810 0.982212 0.730474 0.903106 0.711810 0.768678 0.851411 0.858756 0.818680 0.709031 0.890431 0.966394 0.887793 0.937808 0.958779 0.892692 0.750316 0.748836 0.703049 0.743026 0.994974 0.810795
0.834533 0.880803 0.804289 0.740761 0.887944 0.762345 0.766205 0.762158 0.889166 0.567504 0.661958 0.666868 0.953049 0.966767 0.720630 0.901955 0.698380 0.713003 0.879301 0.935637 0.975924 0.888864 0.572287 0.552686 0.452003 0.595947 0.000000 0.625919 0.698661 0.676433 0.805224 0.824498 0.919128 0.842197 0.700108 0.929980 0.944840 0.994226 0.824273 0.960941 0.912064 0.951094 0.759322 0.773484 0.562830 0.595479 0.910579 0.848407 0.553203 0.749563 0.795314 0.809743 0.729653 0.833714 0.816827 0.903191 0.816368 0.878980 0.784268 0.984568 0.738883 0.861627 0.672512 0.622241 0.524322 0.677525 0.936540 0.866992 0.893048 0.905037 0.908278 0.887910 0.901406 0.848536 0.896820 0.960470 0.940620 0.971508 0.970047 0.949202 0.924568 0.958117 0.659127 0.801621 0.583268 0.609151 0.838353 0.854777 0.757777 0.703274 0.667920 0.708829 0.727518 0.870321 0.971474 0.896952 0.752267 0.959519 0.666474 0.783078 0.663624 0.810007 0.825985 0.731399 0.911801 0.891628 0.871165 0.975627 0.866186 0.889598 0.931382 0.793762 0.628454 0.883926 0.995233 0.918451
0.968180 0.870073 0.921283 0.764295 0.933775 0.993590 0.843504 0.898365 0.882459 0.765668 0.864021 0.835120 0.974912 0.939207 0.787944 0.932841 0.821014 0.790625 0.994537 0.969777 0.975245 0.871993 0.804428 0.735258 0.736828 0.797315 0.625919 0.000000 0.914369 0.746722 0.753790 0.971421 0.959572 0.930766 0.705829 0.880497 0.956478 0.991145 0.948448 0.936582 0.975971 0.981822 0.944524 0.972377 0.745193 0.754370 0.993158 0.908228 0.698457 0.846856 0.864583 0.869556 0.929613 0.915873 0.846142 0.956842 0.932485 0.844114 0.946008 0.801873 0.781964 0.728494 0.832200 0.734533 0.761004 0.940036 0.970362 0.842701 0.931235 0.977508 0.931814 0.944843 0.831075 0.976978 0.812041 0.994926 0.912562 0.935985 0.977459 0.790807 0.883014 0.908350 0.809383 0.931326 0.793857 0.803378 0.955747 0.826996 0.849873 0.848868 0.929004 0.950241 0.989553 0.916789 0.760860 0.887539 0.856684 0.965610 0.903996 0.902880 0.985855 0.993405 0.955785 0.983846 0.940020 0.934518 0.991210 0.849211 0.981511 0.814737 0.839149 0.776040 0.861720 0.947530 0.961505 0.926442
0.571171 0.614040 0.929931 0.946889 0.986612 0.721694 0.555085 0.479304 0.668583 0.540856 0.490919 0.499551 0.708502 0.621624 0.939097 0.855783 0.480615 0.499604 0.625033 0.633248 0.811746 0.904620 0.762097 0.737236 0.635366 0.812210 0.698661 0.914369 0.000000 0.487270 0.945906 0.877073 0.721174 0.660259 0.860131 0.851439 0.898656 0.964158 0.946740 0.846336 0.926696 0.966056 0.557428 0.540795 0.498052 0.504253 0.752988 0.549347 0.572116 0.602349 0.660553 0.677055 0.715769 0.666772 0.842103 0.803885 0.529105 0.692226 0.628476 0.874755 0.538645 0.616508 0.581397 0.558111 0.766067 0.988217 0.796644 0.789095 0.926763 0.711822 0.863603 0.774013 0.727429 0.730686 0.990147 0.761069 0.646998 0.759480 0.852960 0.832382 0.788723 0.920362 0.912716 0.839424 0.757705 0.746037 0.955494 0.711364 0.809448 0.775533 0.487848 0.704119 0.734053 0.739334 0.767018 0.791624 0.839447 0.860944 0.541328 0.517538 0.616881 0.675843 0.581182 0.723852 0.937819 0.850393 0.838574 0.696081 0.848969 0.993880 0.723132 0.807750 0.643030 0.753442 0.879055 0.983060
0.513942 0.403167 0.860958 0.930410 0.928320 0.676549 0.642716 0.540126 0.799200 0.565087 0.584726 0.431567 0.751721 0.683446 0.936090 0.728055 0.363637 0.335659 0.640090 0.678007 0.989358 0.863621 0.807515 0.832853 0.721175 0.734294 0.676433 0.746722 0.487270 0.000000 0.991294 0.829969 0.690052 0.628752 0.669697 0.839518 0.983325 0.987264 0.967358 0.855977 0.979300 0.978674 0.642964 0.590835 0.546521 0.514807 0.853409 0.633948 0.598386 0.695695 0.652869 0.702083 0.840749 0.732226 0.844698 0.815036 0.397499 0.460295 0.762299 0.825512 0.611643 0.636295 0.531708 0.396255 0.623952 0.969510 0.856894 0.773187 0.768850 0.733362 0.867105 0.842374 0.846295 0.822297 0.952920 0.744512 0.784152 0.863792 0.688152 0.503704 0.485250 0.617999 0.936142 0.690640 0.772262 0.867847 0.871693 0.867792 0.897913 0.909056 0.616827 0.800983 0.755485 0.927716 0.776266 0.878287 0.672380 0.889463 0.566499 0.640515 0.704154 0.700262 0.648156 0.725101 0.965262 0.914331 0.815702 0.972443 0.938056 0.879695 0.752595 0.744169 0.753269 0.768816 0.897148 0.894070
0.890593 0.991637 0.419127 0.387566 0.998259 0.887517 0.676445 0.685795 0.835344 0.835352 0.792080 0.921860 0.666243 0.602055 0.782209 0.792199 0.971194 0.985523 0.633111 0.689147 0.852574 0.925545 0.479160 0.502989 0.580743 0.662980 0.805224 0.753790 0.945906 0.991294 0.000000 0.522212 0.568377 0.652260 0.657952 0.887139 0.836130 0.954254 0.668546 0.946248 0.857550 0.813073 0.801265 0.864167 0.911610 0.864400 0.811311 0.827297 0.725278 0.846584 0.839186 0.825766 0.822272 0.908445 0.812789 0.946782 0.969492 0.904825 0.952550 0.898493 0.807682 0.934953 0.951033 0.810542 0.538686 0.503275 0.665365 0.675161 0.922966 0.975990 0.570338 0.691901 0.847292 0.771395 0.786372 0.703020 0.770641 0.790690 0.932065 0.883125 0.987579 0.919596 0.835574 0.988007 0.584172 0.582984 0.983465 0.806978 0.770325 0.824557 0.912688 0.989152 0.908679 0.955557 0.874729 0.929601 0.973042 0.981325 0.996490 0.868855 0.764285 0.820188 0.964495 0.964968 0.892609 0.950042 0.778505 0.775289 0.982762 0.997985 0.980403 0.851013 0.930371 0.859342 0.947473 0.839075
0.665118 0.755206 0.535247 0.472806 0.880424 0.772935 0.562020 0.535935 0.833428 0.955437 0.649966 0.741658 0.546284 0.530428 0.764691 0.677669 0.840361 0.768801 0.500813 0.504774 0.937515 0.941680 0.605752 0.582979 0.726595 0.848281 0.824498 0.971421 0.877073 0.829969 0.522212 0.000000 0.509623 0.513283 0.778475 0.833103 0.791513 0.920874 0.692603 0.866334 0.895638 0.930157 0.706543 0.755525 0.878082 0.907472 0.615408 0.587926 0.948232 0.894446 0.930425 0.946963 0.942781 0.961708 0.756051 0.888684 0.716293 0.840127 0.737883 0.766561 0.600263 0.759960 0.689794 0.919601 0.717793 0.550276 0.541445 0.576607 0.928878 0.903218 0.665581 0.781214 0.929179 0.807360 0.965013 0.674596 0.663974 0.530165 0.999807 0.764312 0.859041 0.728266 0.730504 0.962483 0.689411 0.650189 0.870700 0.814751 0.888619 0.741287 0.779796 0.882361 0.931115 0.881253 0.864861 0.839559 0.990019 0.825436 0.840413 0.725412 0.812470 0.789196 0.946577 0.820147 0.859689 0.874421 0.952606 0.806285 0.988338 0.986916 0.899277 0.893696 0.948505 0.999019 0.967232 0.915408
0.572474 0.689372 0.559180 0.515601 0.919639 0.778889 0.439684 0.384365 0.744656 0.878399 0.541801 0.582756 0.527092 0.457142 0.936446 0.764066 0.778533 0.720934 0.388992 0.390835 0.881164 0.883528 0.647067 0.709478 0.889170 0.828725 0.919128 0.959572 0.721174 0.690052 0.568377 0.509623 0.000000 0.419103 0.824854 0.815967 0.797708 0.923041 0.720181 0.880652 0.886030 0.938308 0.548674 0.648142 0.701481 0.768235 0.582215 0.587239 0.948129 0.854264 0.862353 0.943391 0.943950 0.884180 0.877968 0.767788 0.704380 0.881434 0.584495 0.721596 0.471881 0.686814 0.532875 0.814051 0.806924 0.540039 0.411900 0.431514 0.880522 0.929902 0.618036 0.758402 0.787249 0.756681 0.884895 0.692941 0.622904 0.654141 0.975604 0.723973 0.766872 0.711753 0.856900 0.975185 0.719244 0.722266 0.979763 0.893424 0.960936 0.939308 0.632234 0.799083 0.814606 0.873791 0.914445 0.760383 0.924121 0.908770 0.701080 0.638709 0.625234 0.603103 0.769975 0.802127 0.847691 0.869415 0.939503 0.867718 0.907053 0.900067 0.970669 0.932625 0.789109 0.921456 0.999481 0.906609
0.518097 0.644872 0.626220 0.620115 0.895516 0.647568 0.346492 0.345676 0.681510 0.663536 0.410437 0.526032 0.469679 0.426887 0.914640 0.773285 0.643287 0.623505 0.345465 0.446884 0.974376 0.949189 0.813524 0.819373 0.913471 0.996413 0.842197 0.930766 0.660259 0.628752 0.652260 0.513283 0.419103 0.000000 0.924180 0.894498 0.864768 0.989740 0.747489 0.980291 0.954702 0.852036 0.563872 0.564608 0.570570 0.649328 0.566500 0.506790 0.778356 0.773810 0.782181 0.821989 0.917313 0.780907 0.927462 0.928229 0.598868 0.833700 0.555396 0.745550 0.379761 0.669416 0.467565 0.697812 0.967867 0.666952 0.439128 0.395684 0.846344 0.942681 0.625447 0.796222 0.868955 0.736745 0.865635 0.585365 0.681807 0.580987 0.964720 0.783933 0.851488 0.746374 0.891346 0.897797 0.853101 0.869519 0.954196 0.879188 0.910443 0.994529 0.569358 0.717405 0.809987 0.790338 0.828876 0.792076 0.864457 0.824157 0.587226 0.548154 0.498470 0.661685 0.776545 0.714700 0.838914 0.836973 0.940874 0.810154 0.923349 0.972761 0.871385 0.740452 0.672846 0.974794 0.891811 0.976876
0.947830 0.844023 0.654011 0.606590 0.920172 0.862295 0.981041 0.964999 0.870911 0.653688 0.994349 0.917890 0.910366 0.866788 0.999567 0.908464 0.746887 0.735516 0.854748 0.843508 0.810111 0.954823 0.550168 0.598046 0.640474 0.756696 0.700108 0.705829 0.860131 0.669697 0.657952 0.778475 0.824854 0.924180 0.000000 0.819526 0.918774 0.983110 0.896615 0.965044 0.879778 0.943155 0.924789 0.913568 0.760436 0.725858 0.946332 0.998026 0.704774 0.805927 0.741180 0.769788 0.781968 0.815622 0.723109 0.995981 0.821197 0.829365 0.922180 0.974854 0.928835 0.844833 0.975685 0.735371 0.638430 0.754269 0.712203 0.778832 0.999798 0.860501 0.817965 0.971624 0.872824 0.895098 0.990701 0.999384 0.941423 0.994954 0.726709 0.852756 0.927183 0.940493 0.849083 0.863915 0.587518 0.661660 0.886182 0.785692 0.813853 0.794700 0.948514 0.934210 0.923979 0.930526 0.873338 0.981245 0.830818 0.985150 0.792335 0.936502 0.933650 0.931879 0.879731 0.933219 0.876863 0.990339 0.809715 0.918048 0.979966 0.993797 0.936732 0.660462 0.755184 0.801310 0.922928 0.882022
0.876786 0.903046 0.769377 0.777388 0.907758 0.889831 0.918292 0.990563 0.751313 0.828704 0.940137 0.940865 0.950943 0.938905 0.991592 0.967610 0.859693 0.806983 0.949672 0.934014 0.753712 0.894108 0.617437 0.773940 0.741348 0.817578 0.929980 0.880497 0.851439 0.839518 0.887139 0.833103 0.815967 0.894498 0.819526 0.000000 0.997312 0.830513 0.963000 0.965077 0.851863 0.968086 0.906148 0.877009 0.950572 0.894936 0.794677 0.992778 0.880185 0.980729 0.997061 0.976503 0.949898 0.961405 0.764355 0.863348 0.782540 0.924970 0.955494 0.796397 0.918673 0.893768 0.918308 0.885934 0.728017 0.672514 0.660722 0.692341 0.967862 0.886258 0.932215 0.969624 0.925049 0.947296 0.853225 0.928944 0.919717 0.934650 0.878321 0.964063 0.991109 0.909148 0.825057 0.985774 0.598240 0.608986 0.924214 0.744870 0.958616 0.869803 0.867786 0.818945 0.920735 0.886659 0.947046 0.875957 0.805923 0.901423 0.771961 0.884190 0.792554 0.993359 0.732509 0.911704 0.928128 0.970255 0.999375 0.894032 0.946704 0.898248 0.991629 0.903136 0.936317 0.914850 0.979834 0.904415
0.890276 0.895782 0.876144 0.809029 0.897372 0.949625 0.987758 0.878114 0.801930 0.858082 0.975514 0.757186 0.977920 0.811375 0.958422 0.727486 0.894843 0.910288 0.947151 0.716083 0.985162 0.895969 0.910859 0.882350 0.837773 0.769253 0.944840 0.956478 0.898656 0.983325 0.836130 0.791513 0.797708 0.864768 0.918774 0.997312 0.000000 0.901560 0.759849 0.688653 0.676766 0.734402 0.978037 0.980288 0.987217 0.910820 0.871414 0.950873 0.971049 0.831800 0.825086 0.841230 0.816199 0.827139 0.887646 0.957466 0.894987 0.838294 0.824007 0.730406 0.873586 0.687902 0.939482 0.938498 0.798550 0.697170 0.986980 0.859949 0.839572 0.785297 0.948890 0.937902 0.816227 0.876688 0.959782 0.865833 0.922489 0.998851 0.960009 0.858511 0.864427 0.887040 0.821908 0.795554 0.918346 0.914672 0.929070 0.966810 0.912704 0.779410 0.986062 0.857468 0.996498 0.954339 0.702712 0.938995 0.948340 0.909668 0.972429 0.921730 0.986101 0.925464 0.979841 0.903336 0.974519 0.903462 0.917815 0.889939 0.834314 0.935774 0.970596 0.898330 0.963936 0.996853 0.994785 0.980048
0.989082 0.910034 0.983514 0.955675 0.864199 0.985761 0.880212 0.960400 0.884700 0.842596 0.832894 0.952112 0.769231 0.870227 0.788961 0.959938 0.879061 0.976510 0.908450 0.889205 0.897733 0.948529 0.945131 0.938823 0.795775 0.734237 0.994226 0.991145 0.964158 0.987264 0.954254 0.920874 0.923041 0.989740 0.983110 0.830513 0.901560 0.000000 0.857927 0.784479 0.883087 0.920186 0.994834 0.906584 0.988935 0.997804 0.978324 0.992452 0.992247 0.920705 0.988533 0.961152 0.958506 0.986409 0.977108 0.862118 0.937356 0.888358 0.983397 0.689556 0.984571 0.738220 0.832093 0.939255 0.888822 0.745711 0.992830 0.931724 0.866671 0.924519 0.808178 0.909426 0.984343 0.967256 0.846766 0.894788 0.882705 0.854580 0.916472 0.903676 0.861785 0.900371 0.917376 0.896969 0.967581 0.948370 0.990111 0.998700 0.894193 0.960580 0.848129 0.749625 0.992348 0.858266 0.933525 0.960860 0.890124 0.916822 0.871853 0.851382 0.941121 0.950914 0.956379 0.868185 0.787841 0.924846 0.965596 0.840047 0.953339 0.993605 0.916894 0.967455 0.982953 0.989045 0.798283 0.917590
