0.000000 0.233833 0.852579 0.968050 0.702332 0.906380 0.705810 0.657420 0.984504 0.942635 0.345614 0.278305 0.368594 0.442797 0.731122 0.830409 0.299106 0.293133 0.354325 0.321182 0.871407 0.957272 0.781929 0.950879 0.816259 0.666772 0.935407 0.862494 0.430864 0.346210 0.854460 0.959111 0.450550 0.425560 0.988134 0.873101 0.843014 0.895959 0.947828 0.982730 0.954816 0.890478 0.925226 0.982506 0.942011 0.844599 0.636268 0.624950 0.639304 0.574502 0.603021 0.572355 0.941662 0.783114 0.536415 0.645388 0.254381 0.237539 0.393072 0.391361 0.296279 0.293418 0.260424 0.248756 0.912020 0.769663 0.831302 0.936359 0.419575 0.355011 0.996146 0.735654 0.728680 0.883896 0.735687 0.804066 0.959191 0.877895 0.494682 0.552501 0.223040 0.281147 0.395907 0.353532 0.354362 0.597562 0.621268 0.589447 0.551849 0.603749 0.561927 0.436392 0.495848 0.393847 0.770445 0.954120 0.506847 0.994531 0.831099 0.946045 0.838755 0.852750 0.764556 0.762714 0.864933 0.787187 0.875903 0.879212 0.832892 0.683097 0.910153 0.736658 0.966063 0.847950 0.799959 0.622546
0.233833 0.000000 0.834493 0.958979 0.765309 0.969570 0.780018 0.613777 0.945344 0.876999 0.425939 0.249523 0.419552 0.447028 0.796066 0.800962 0.318637 0.315513 0.427795 0.339605 0.874782 0.988272 0.820857 0.897174 0.868237 0.730847 0.979634 0.908751 0.484705 0.429393 0.804591 0.938871 0.501598 0.472745 0.963785 0.901698 0.788253 0.870071 0.965511 0.930347 0.919834 0.926320 0.992417 0.961443 0.999244 0.863543 0.550791 0.640837 0.697298 0.599258 0.578424 0.539595 0.969706 0.773583 0.511239 0.642394 0.274147 0.221155 0.397470 0.381205 0.336185 0.286189 0.308268 0.278353 0.836348 0.668904 0.831405 0.891918 0.398704 0.325323 0.999131 0.687540 0.752330 0.874147 0.762244 0.796016 0.859036 0.785972 0.521808 0.531176 0.283279 0.313535 0.429756 0.366890 0.375062 0.534556 0.611373 0.648744 0.581179 0.599381 0.502498 0.429390 0.506175 0.389084 0.815034 0.942966 0.529240 0.981507 0.901121 0.974711 0.831965 0.738012 0.866767 0.832983 0.837361 0.752029 0.893632 0.908199 0.830363 0.642734 0.909225 0.737823 0.940264 0.864625 0.739924 0.714837
0.852579 0.834493 0.000000 0.322019 0.868525 0.789995 0.582677 0.479897 0.992323 0.765275 0.987858 0.876983 0.850308 0.737014 0.995095 0.745147 0.981968 0.952683 0.817964 0.886331 0.759213 0.992544 0.863265 0.457259 0.532816 0.591645 0.777959 0.902440 0.929480 0.937907 0.796907 0.883271 0.848081 0.756362 0.859329 0.970588 0.564755 0.759450 0.598589 0.757567 0.893600 0.923705 0.722147 0.793673 0.782351 0.937863 0.623638 0.582689 0.830274 0.966063 0.892650 0.858071 0.875246 0.778122 0.600625 0.785337 0.964603 0.904088 0.780087 0.813473 0.888074 0.850740 0.987102 0.942752 0.404533 0.463736 0.550295 0.652517 0.835588 0.747955 0.861588 0.940388 0.951975 0.910847 0.783481 0.836762 0.756360 0.945270 0.844907 0.993440 0.941345 0.879396 0.772663 0.800220 0.731114 0.356867 0.803762 0.965802 0.679762 0.663108 0.727605 0.856990 0.716071 0.831924 0.988014 0.668541 0.735785 0.884582 0.941247 0.953454 0.848960 0.922452 0.892190 0.903728 0.731113 0.651088 0.905571 0.788056 0.937822 0.704757 0.829948 0.896904 0.892909 0.908915 0.890074 0.933948
0.968050 0.958979 0.322019 0.000000 0.787849 0.749576 0.673681 0.432585 0.981962 0.802534 0.839611 0.973825 0.997581 0.897399 0.819094 0.767484 0.784803 0.775018 0.982091 0.968199 0.718707 0.993797 0.973211 0.470779 0.476533 0.467775 0.811656 0.817928 0.703336 0.740119 0.798433 0.897420 0.935016 0.870616 0.919333 0.898703 0.613295 0.763762 0.521138 0.650670 0.892340 0.999630 0.562989 0.693327 0.752009 0.937227 0.607211 0.559949 0.748670 0.973279 0.889470 0.843063 0.895195 0.851472 0.738056 0.787420 0.857299 0.920476 0.833437 0.828077 0.955095 0.978156 0.810295 0.768791 0.455765 0.440666 0.534006 0.589205 0.959294 0.894047 0.751307 0.938008 0.975676 0.915224 0.858048 0.934269 0.629556 0.857652 0.938071 0.904611 0.828400 0.900118 0.983971 0.982328 0.963027 0.446196 0.948077 0.777207 0.807125 0.776219 0.636095 0.698759 0.563227 0.671130 0.906389 0.725941 0.838382 0.846770 0.933720 0.959213 0.824985 0.979132 0.868327 0.912292 0.671750 0.586920 0.831464 0.676429 0.980654 0.831711 0.867930 0.946377 0.726399 0.862857 0.863545 0.924276
0.702332 0.765309 0.868525 0.787849 0.000000 0.868422 0.871103 0.997928 0.754243 0.828298 0.675131 0.709098 0.638999 0.698361 0.734135 0.789211 0.711984 0.773846 0.700959 0.810856 0.846909 0.919292 0.741541 0.973477 0.725896 0.685144 0.953570 0.801727 0.657488 0.678993 0.835835 0.954711 0.822972 0.857602 0.945600 0.878909 0.782782 0.966318 0.848102 0.865646 0.884782 0.826092 0.816209 0.798626 0.872929 0.942560 0.969783 0.922748 0.790512 0.799667 0.852785 0.844841 0.864325 0.893212 0.968652 0.941748 0.779618 0.821383 0.781107 0.859139 0.702840 0.727560 0.693446 0.671712 0.985070 0.923375 0.899735 0.813634 0.872317 0.843979 0.996583 0.755702 0.976527 0.982085 0.907208 0.916594 0.812450 0.957897 0.814842 0.970389 0.742380 0.779262 0.722644 0.850141 0.661567 0.987166 0.810822 0.734811 0.843390 0.845219 0.776237 0.860063 0.634776 0.793909 0.836498 0.990667 0.960012 0.626647 0.970371 0.927300 0.749891 0.972711 0.952951 0.883872 0.995469 0.993736 0.924980 0.804591 0.968669 0.995435 0.835826 0.855804 0.886238 0.960635 0.916092 0.945379
0.906380 0.969570 0.789995 0.749576 0.868422 0.000000 0.971116 0.888292 0.850422 0.761684 0.981709 0.999365 0.912952 0.977840 0.857711 0.931419 0.850962 0.888032 0.825945 0.908956 0.656163 0.891290 0.750543 0.871584 0.646321 0.546311 0.954841 0.658463 0.802047 0.757130 0.997943 0.816446 0.996857 0.934293 0.749014 0.811854 0.811241 0.911753 0.724970 0.523395 0.624164 0.945824 0.759157 0.815813 0.957998 0.965244 0.844245 0.862924 0.813651 0.804294 0.979912 0.974543 0.877337 0.838730 0.900379 0.716240 0.903260 0.955740 0.919114 0.998445 0.965647 0.999621 0.858753 0.847327 0.683503 0.600202 0.594092 0.548016 0.907468 0.999528 0.983847 0.794867 0.875642 0.926886 0.870927 0.936016 0.993572 0.881933 0.857071 0.963772 0.852300 0.989813 0.932660 0.997910 0.977931 0.721742 0.875542 0.818191 0.977804 0.838302 0.708807 0.890261 0.662316 0.810497 0.888413 0.722883 0.913682 0.786963 0.974076 0.907929 0.677269 0.928858 0.975829 0.983076 0.890606 0.751005 0.841816 0.957209 0.959747 0.963402 0.978357 0.939055 0.962971 0.993483 0.924561 0.773592
0.705810 0.780018 0.582677 0.673681 0.871103 0.971116 0.000000 0.366298 0.592783 0.618177 0.628794 0.680607 0.461293 0.449482 0.607941 0.557232 0.750206 0.756931 0.405105 0.625489 0.998333 0.912690 0.679089 0.804573 0.836129 0.853403 0.899057 0.806608 0.604052 0.605908 0.741223 0.562347 0.594946 0.488439 0.863267 0.865811 0.940807 0.960035 0.916706 0.925990 0.996230 0.991751 0.653729 0.578656 0.683354 0.522931 0.665298 0.445272 0.646443 0.543373 0.610799 0.662926 0.754614 0.799305 0.761153 0.807963 0.802792 0.864208 0.594263 0.711281 0.524713 0.599560 0.652900 0.737854 0.910291 0.815270 0.679035 0.828489 0.957106 0.774648 0.694266 0.767568 0.573119 0.681907 0.803617 0.712146 0.580074 0.734264 0.711682 0.814454 0.797579 0.878074 0.765939 0.895642 0.768151 0.728677 0.940158 0.912583 0.770023 0.844698 0.701191 0.790407 0.916792 0.953982 0.938780 0.914391 0.666125 0.957291 0.569222 0.517821 0.828280 0.696792 0.700231 0.553836 0.815038 0.825326 0.867308 0.674579 0.974289 0.777624 0.661344 0.573856 0.653058 0.708245 0.873731 0.623095
0.657420 0.613777 0.479897 0.432585 0.997928 0.888292 0.366298 0.000000 0.766359 0.852502 0.669197 0.565037 0.587702 0.512133 0.902037 0.592903 0.792526 0.786864 0.546022 0.632077 0.888733 0.949263 0.952142 0.726500 0.942914 0.911264 0.942482 0.906207 0.763611 0.734441 0.868095 0.763980 0.723168 0.498268 0.906474 0.954288 0.703630 0.767014 0.780127 0.826288 0.969512 0.948554 0.474062 0.498764 0.866966 0.592503 0.450521 0.370374 0.739898 0.592040 0.494778 0.502863 0.865130 0.986222 0.597671 0.658372 0.773152 0.736856 0.472783 0.498353 0.557748 0.506097 0.716542 0.744484 0.746897 0.492188 0.519944 0.627574 0.797721 0.599881 0.772206 0.890316 0.685986 0.748761 0.787669 0.760177 0.504830 0.625234 0.729813 0.787883 0.812009 0.835111 0.803786 0.868706 0.822847 0.515241 0.938465 0.879409 0.778147 0.779074 0.770041 0.871890 0.843621 0.984960 0.954566 0.787015 0.605179 0.849751 0.665757 0.632265 0.742854 0.885608 0.745312 0.611289 0.670686 0.580147 0.803941 0.635938 0.891247 0.749721 0.712098 0.594983 0.587901 0.706893 0.709738 0.750215
0.984504 0.945344 0.992323 0.981962 0.754243 0.850422 0.592783 0.766359 0.000000 0.387110 0.840691 0.956898 0.754157 0.769794 0.624903 0.576774 0.951598 0.995347 0.680670 0.944769 0.893934 0.947749 0.634127 0.910617 0.688560 0.692291 0.988115 0.676976 0.759716 0.774016 0.782049 0.736456 0.956298 0.874047 0.869912 0.784788 0.834540 0.814478 0.729432 0.742182 0.890426 0.974578 0.953995 0.848772 0.731932 0.723535 0.969078 0.872398 0.689983 0.644690 0.878834 0.856618 0.624028 0.588381 0.847273 0.866323 0.923584 0.899338 0.958653 0.995442 0.870974 0.868102 0.878099 0.908619 0.853341 0.761869 0.869130 0.769146 0.753969 0.923441 0.847386 0.874120 0.802192 0.957100 0.825839 0.906340 0.912071 0.892956 0.987936 0.954616 0.975348 0.878585 0.967463 0.821647 0.960736 0.808851 0.978536 0.882021 0.967201 0.976806 0.832693 0.698431 0.894554 0.878513 0.839916 0.929260 0.945293 0.823292 0.733655 0.674420 0.914597 0.762774 0.844437 0.799297 0.820893 0.982058 0.879698 0.776378 0.912255 0.914674 0.890753 0.843575 0.727381 0.831227 0.966687 0.950959
0.942635 0.876999 0.765275 0.802534 0.828298 0.761684 0.618177 0.852502 0.387110 0.000000 0.846789 0.987468 0.810150 0.847880 0.639158 0.695264 0.963817 0.990407 0.730328 0.977063 0.807534 0.976304 0.724512 0.818775 0.492111 0.574053 0.803887 0.588337 0.677517 0.718187 0.732163 0.623371 0.976219 0.865558 0.649657 0.878725 0.775961 0.849516 0.580221 0.581792 0.836453 0.948565 0.867314 0.733896 0.510783 0.575585 0.897276 0.926824 0.484758 0.554697 0.778925 0.812230 0.507908 0.409302 0.791546 0.808659 0.931173 0.866846 0.983704 0.971013 0.852321 0.903339 0.899315 0.879878 0.568758 0.580458 0.782624 0.687063 0.740068 0.905924 0.868425 0.705479 0.644844 0.695889 0.954052 0.865857 0.794080 0.872395 0.995655 0.995070 0.946200 0.788119 0.908582 0.701324 0.802647 0.561036 0.829835 0.972153 0.860378 0.852176 0.821735 0.677705 0.909950 0.846418 0.912815 0.908371 0.882679 0.926006 0.584619 0.490387 0.923618 0.631410 0.702650 0.750461 0.849715 0.860958 0.872219 0.738194 0.887350 0.874978 0.797356 0.741028 0.672023 0.807406 0.963241 0.907708
0.345614 0.425939 0.987858 0.839611 0.675131 0.981709 0.628794 0.669197 0.840691 0.846789 0.000000 0.322889 0.360497 0.444001 0.662765 0.745233 0.332478 0.303605 0.377768 0.323874 0.870543 0.971949 0.874277 0.872648 0.652678 0.619009 0.817971 0.807913 0.361509 0.299436 0.867858 0.902123 0.456951 0.423308 0.900794 0.820184 0.998271 0.929092 0.793754 0.943563 0.908407 0.843604 0.970223 0.932316 0.795936 0.753901 0.820031 0.713955 0.573636 0.634272 0.642169 0.676409 0.936955 0.882139 0.744813 0.655142 0.377641 0.410734 0.490835 0.554174 0.331669 0.351388 0.323243 0.324863 0.947820 0.854290 0.838719 0.927101 0.661741 0.562431 0.943002 0.868382 0.626443 0.751545 0.733755 0.871600 0.938704 0.805850 0.583639 0.480621 0.351984 0.387883 0.530637 0.522682 0.557633 0.791603 0.810435 0.715886 0.795912 0.791691 0.778835 0.619367 0.648908 0.549221 0.715988 0.940591 0.612839 0.923254 0.747367 0.837960 0.984667 0.952742 0.625347 0.710111 0.997073 0.910918 0.825662 0.823989 0.876460 0.806013 0.866220 0.712447 0.936606 0.768590 0.764084 0.662894
0.278305 0.249523 0.876983 0.973825 0.709098 0.999365 0.680607 0.565037 0.956898 0.987468 0.322889 0.000000 0.379866 0.373476 0.749930 0.741814 0.321481 0.319471 0.391194 0.328329 0.825198 0.965189 0.860553 0.982791 0.760092 0.669982 0.875595 0.806717 0.390044 0.357419 0.852978 0.971806 0.469646 0.420122 0.990449 0.889723 0.812447 0.850685 0.936503 0.968737 0.975555 0.934671 0.944795 0.917540 0.861070 0.782829 0.600958 0.641400 0.620382 0.552041 0.515397 0.514234 0.909737 0.866753 0.609906 0.615611 0.306360 0.291379 0.382067 0.400974 0.279890 0.227574 0.283713 0.268163 0.956208 0.678700 0.765696 0.846600 0.503264 0.390173 0.995919 0.742550 0.676977 0.797892 0.731106 0.751340 0.872989 0.737076 0.535923 0.483854 0.327975 0.365748 0.468373 0.473938 0.467156 0.612844 0.705050 0.702276 0.686443 0.692807 0.626151 0.506435 0.583589 0.455432 0.807461 0.962311 0.510057 0.997256 0.803891 0.854885 0.964197 0.909525 0.724055 0.725609 0.885826 0.784276 0.859598 0.968152 0.853366 0.705057 0.853294 0.683962 0.897965 0.816744 0.697219 0.670685
0.368594 0.419552 0.850308 0.997581 0.638999 0.912952 0.461293 0.587702 0.754157 0.810150 0.360497 0.379866 0.000000 0.305023 0.466284 0.520920 0.380860 0.382546 0.303362 0.364696 0.883925 0.919752 0.580976 0.837246 0.738755 0.599920 0.903390 0.790142 0.372853 0.381460 0.991316 0.781672 0.411733 0.397278 0.992117 0.890214 0.967157 0.957145 0.898516 0.905379 0.909330 0.950387 0.978039 0.848415 0.728415 0.635830 0.661568 0.552891 0.575245 0.510713 0.572798 0.588250 0.776719 0.942374 0.692128 0.704846 0.446397 0.466023 0.452105 0.586067 0.285704 0.361662 0.296081 0.343060 0.891214 0.875291 0.834575 0.929937 0.692293 0.563749 0.898191 0.868608 0.700525 0.767362 0.844057 0.780429 0.744746 0.771142 0.551124 0.599681 0.420662 0.501909 0.471031 0.492391 0.422426 0.666985 0.668820 0.584148 0.653296 0.654130 0.763093 0.657784 0.616705 0.537397 0.908637 0.928481 0.623827 0.952419 0.692736 0.717745 0.920658 0.975487 0.779855 0.663389 0.825854 0.833596 0.836791 0.983833 0.934920 0.846224 0.890552 0.638999 0.787306 0.787577 0.806968 0.568084
0.442797 0.447028 0.737014 0.897399 0.698361 0.977840 0.449482 0.512133 0.769794 0.847880 0.444001 0.373476 0.305023 0.000000 0.566854 0.491450 0.490379 0.464911 0.358116 0.415125 0.963363 0.886654 0.642990 0.783453 0.809825 0.773643 0.931910 0.844107 0.416715 0.497399 0.902220 0.746421 0.410268 0.383902 0.860530 0.988758 0.848030 0.882056 0.985936 0.999063 0.977635 0.955444 0.822752 0.731686 0.700626 0.574200 0.546142 0.493421 0.597590 0.490646 0.480012 0.495533 0.739678 0.881384 0.651811 0.683688 0.504687 0.533435 0.434714 0.569068 0.322292 0.361311 0.364259 0.410050 0.839477 0.734670 0.682317 0.757887 0.769051 0.596061 0.843477 0.955554 0.745059 0.703469 0.761904 0.651930 0.716828 0.690256 0.540123 0.575743 0.513016 0.579676 0.481292 0.585890 0.471600 0.576249 0.798205 0.661659 0.673926 0.633565 0.867366 0.758305 0.760536 0.640150 0.984612 0.968561 0.575575 0.964996 0.681028 0.669295 0.986060 0.985605 0.724882 0.723240 0.809753 0.819839 0.903214 0.958437 0.972889 0.708791 0.790586 0.656902 0.775051 0.708516 0.753928 0.669268
0.731122 0.796066 0.995095 0.819094 0.734135 0.857711 0.607941 0.902037 0.624903 0.639158 0.662765 0.749930 0.466284 0.566854 0.000000 0.466166 0.646259 0.633658 0.617247 0.725283 0.935334 0.912217 0.446115 0.899308 0.757979 0.649957 0.961137 0.820505 0.493474 0.578167 0.722781 0.667202 0.548831 0.707649 0.989666 0.861340 0.940388 0.846933 0.666784 0.690872 0.986404 0.976519 0.919869 0.909445 0.686359 0.719518 0.921347 0.838864 0.687121 0.685399 0.846969 0.869260 0.698238 0.756763 0.934982 0.973249 0.778224 0.786062 0.802150 0.983917 0.611109 0.716872 0.576439 0.607615 0.943833 0.779160 0.924576 0.837353 0.930418 0.905197 0.939778 0.985321 0.826353 0.926860 0.909819 0.780272 0.885681 0.890093 0.765623 0.773824 0.723302 0.864389 0.637626 0.716870 0.692229 0.955664 0.745686 0.690136 0.838994 0.867035 0.851126 0.877780 0.667520 0.719875 0.957130 0.837235 0.938231 0.838220 0.729830 0.728076 0.795539 0.978892 0.853975 0.817289 0.982131 0.913677 0.902446 0.993415 0.957457 0.967271 0.953430 0.706355 0.892829 0.787677 0.939408 0.696666
0.830409 0.800962 0.745147 0.767484 0.789211 0.931419 0.557232 0.592903 0.576774 0.695264 0.745233 0.741814 0.520920 0.491450 0.466166 0.000000 0.818208 0.803588 0.669452 0.771730 0.838695 0.991912 0.571332 0.607027 0.985575 0.954529 0.871696 0.965414 0.669551 0.790954 0.688809 0.744605 0.722002 0.724611 0.939954 0.984771 0.854843 0.890587 0.946913 0.977592 0.933442 0.996025 0.781895 0.712375 0.835198 0.689821 0.733083 0.675843 0.798565 0.745912 0.747401 0.734627 0.698862 0.755404 0.875442 0.935060 0.910521 0.876567 0.759038 0.890008 0.707496 0.700949 0.741393 0.767226 0.690754 0.884928 0.868620 0.942946 0.903846 0.863183 0.815372 0.990618 0.895683 0.838145 0.814188 0.712111 0.706162 0.769794 0.756410 0.860420 0.919823 0.978430 0.718802 0.837722 0.772294 0.721542 0.837572 0.889173 0.882768 0.752566 0.943179 0.914789 0.913731 0.990100 0.971827 0.949700 0.924097 0.793098 0.781269 0.698911 0.930112 0.982801 0.942117 0.793209 0.807919 0.840195 0.860727 0.856434 0.954919 0.975938 0.965402 0.717853 0.629203 0.658205 0.801076 0.879133
0.299106 0.318637 0.981968 0.784803 0.711984 0.850962 0.750206 0.792526 0.951598 0.963817 0.332478 0.321481 0.380860 0.490379 0.646259 0.818208 0.000000 0.225032 0.396206 0.331446 0.756851 0.951827 0.798007 0.906004 0.650822 0.530016 0.934339 0.803250 0.365766 0.294240 0.847757 0.969568 0.444237 0.459509 0.932407 0.807808 0.952971 0.977802 0.799858 0.911483 0.941323 0.859125 0.898796 0.986036 0.855527 0.813175 0.752337 0.796447 0.618834 0.610882 0.674351 0.686729 0.927627 0.876234 0.702856 0.733494 0.274634 0.300411 0.541279 0.587761 0.356255 0.365178 0.272119 0.270594 0.977443 0.898769 0.984663 0.982366 0.564093 0.515970 0.965766 0.803169 0.679427 0.802931 0.788450 0.795636 0.969498 0.811044 0.461119 0.443811 0.260372 0.327644 0.449790 0.439463 0.439561 0.756952 0.680290 0.601341 0.677866 0.737921 0.554382 0.482819 0.466117 0.404994 0.749650 0.918651 0.613149 0.994402 0.833827 0.971136 0.825379 0.968309 0.741953 0.783515 0.973279 0.963567 0.782146 0.820984 0.832282 0.810512 0.905812 0.715399 0.992812 0.757325 0.799063 0.622983
0.293133 0.315513 0.952683 0.775018 0.773846 0.888032 0.756931 0.786864 0.995347 0.990407 0.303605 0.319471 0.382546 0.464911 0.633658 0.803588 0.225032 0.000000 0.398828 0.280807 0.800215 0.841107 0.793120 0.910773 0.663144 0.543126 0.968354 0.818997 0.335361 0.286312 0.846804 0.976112 0.423953 0.492525 0.936474 0.827144 0.927233 0.933760 0.801399 0.890762 0.892644 0.877020 0.887136 0.992314 0.874404 0.850612 0.777550 0.801479 0.638246 0.654499 0.698722 0.729148 0.978889 0.841262 0.723537 0.752694 0.266438 0.296673 0.554176 0.588767 0.364795 0.374135 0.264134 0.260303 0.988481 0.893151 0.964306 0.999074 0.520611 0.503794 0.974699 0.835658 0.658474 0.736690 0.804277 0.812938 0.961249 0.807002 0.468367 0.420931 0.264901 0.317997 0.449544 0.414741 0.442441 0.748639 0.678818 0.601470 0.689308 0.778201 0.536149 0.466800 0.457547 0.392881 0.727805 0.876585 0.609995 0.956995 0.829685 0.972774 0.816875 0.921914 0.747068 0.775599 0.924124 0.984422 0.791421 0.787648 0.845136 0.792177 0.911252 0.725995 0.962743 0.759535 0.811544 0.657705
0.354325 0.427795 0.817964 0.982091 0.700959 0.825945 0.405105 0.546022 0.680670 0.730328 0.377768 0.391194 0.303362 0.358116 0.617247 0.669452 0.396206 0.398828 0.000000 0.355186 0.849385 0.923650 0.597025 0.889789 0.672073 0.566185 0.935049 0.706156 0.373737 0.320616 0.938595 0.782042 0.474764 0.401505 0.851729 0.834475 0.996199 0.976624 0.778674 0.839793 0.988409 0.977255 0.997447 0.889507 0.796621 0.689932 0.741809 0.573245 0.537866 0.434585 0.600252 0.603433 0.809944 0.954651 0.682462 0.763505 0.425435 0.471109 0.467294 0.512586 0.332401 0.361907 0.331112 0.369253 0.967469 0.923629 0.861907 0.968444 0.622887 0.544501 0.826566 0.955037 0.554130 0.747507 0.740959 0.773997 0.803743 0.824554 0.549323 0.622288 0.387773 0.461784 0.519585 0.589514 0.473750 0.746105 0.803518 0.607512 0.666327 0.700538 0.826337 0.741331 0.656016 0.601974 0.921118 0.940221 0.575602 0.937041 0.732475 0.735541 0.918490 0.898125 0.736540 0.679356 0.935601 0.910673 0.917202 0.931864 0.897421 0.752389 0.806762 0.635344 0.853974 0.758293 0.860202 0.577051
0.321182 0.339605 0.886331 0.968199 0.810856 0.908956 0.625489 0.632077 0.944769 0.977063 0.323874 0.328329 0.364696 0.415125 0.725283 0.771730 0.331446 0.280807 0.355186 0.000000 0.789193 0.844519 0.766005 0.973877 0.755328 0.653603 0.952502 0.779283 0.430013 0.320189 0.895845 0.942933 0.508991 0.479573 0.884172 0.823736 0.881345 0.847817 0.915678 0.911717 0.922580 0.943142 0.939398 0.981972 0.968586 0.879787 0.756813 0.731095 0.713388 0.670874 0.696865 0.732551 0.948128 0.823401 0.669526 0.682702 0.325365 0.351341 0.530332 0.543462 0.386737 0.375928 0.334631 0.351066 0.917031 0.780294 0.897897 0.974498 0.551894 0.501472 0.834188 0.913445 0.628963 0.720679 0.820338 0.875223 0.817547 0.819423 0.485215 0.478212 0.323291 0.340528 0.452448 0.460268 0.426007 0.654238 0.672503 0.609920 0.630220 0.693296 0.620917 0.583710 0.592334 0.530976 0.778202 0.930095 0.590771 0.935425 0.867995 0.949286 0.863732 0.975412 0.795310 0.779308 0.887343 0.913529 0.819508 0.907869 0.906111 0.701122 0.875477 0.762322 0.959692 0.813789 0.826907 0.658521
0.871407 0.874782 0.759213 0.718707 0.846909 0.656163 0.998333 0.888733 0.893934 0.807534 0.870543 0.825198 0.883925 0.963363 0.935334 0.838695 0.756851 0.800215 0.849385 0.789193 0.000000 0.913390 0.903726 0.711512 0.591726 0.554654 0.735091 0.642266 0.788263 0.716424 0.798899 0.933445 0.990288 0.998219 0.891128 0.892864 0.857352 0.815899 0.719072 0.628166 0.923912 0.869720 0.760228 0.785728 0.978960 0.910574 0.839065 0.820112 0.873588 0.847410 0.982953 0.988271 0.920642 0.928227 0.848939 0.937513 0.866141 0.915900 0.982350 0.929256 0.894498 0.875524 0.845855 0.818498 0.679598 0.775189 0.724911 0.715757 0.911543 0.977990 0.932591 0.990533 0.719983 0.809331 0.965624 0.960981 0.904217 0.926394 0.952032 0.866796 0.848141 0.869953 0.911419 0.990377 0.938139 0.717243 0.963752 0.796835 0.982889 0.927242 0.732935 0.903282 0.711628 0.837296 0.925813 0.732824 0.914057 0.956131 0.974190 0.959693 0.744762 0.839878 0.884995 0.982687 0.814550 0.813069 0.922024 0.923332 0.960712 0.978779 0.994906 0.974928 0.929830 0.946185 0.907648 0.892804
0.957272 0.988272 0.992544 0.993797 0.919292 0.891290 0.912690 0.949263 0.947749 0.976304 0.971949 0.965189 0.919752 0.886654 0.912217 0.991912 0.951827 0.841107 0.923650 0.844519 0.913390 0.000000 0.942181 0.914194 0.973275 0.936713 0.841286 0.986272 0.931405 0.972391 0.980452 0.962076 0.875353 0.917857 0.965356 0.868314 0.978258 0.798709 0.962006 0.966090 0.838482 0.888302 0.949752 0.928770 0.998137 0.984330 0.944987 0.994863 0.966568 0.991062 0.940586 0.897189 0.850752 0.981948 0.974907 0.994796 0.953494 0.987230 0.944284 0.947593 0.996721 0.968615 0.958162 0.986022 0.892138 0.996648 0.927829 0.986454 0.955624 0.939239 0.771433 0.940609 0.981847 0.913874 0.928103 0.905804 0.975403 0.956716 0.909952 0.853003 0.953608 0.914230 0.839563 0.942985 0.800769 0.960597 0.828360 0.783111 0.799710 0.863780 0.979065 0.946601 0.973269 0.884266 0.899952 0.957364 0.980459 0.944315 0.989051 0.975181 0.878332 0.885294 0.983955 0.967052 0.843624 0.952993 0.998134 0.965146 0.905957 0.991985 0.974364 0.935683 0.988154 0.899434 0.928665 0.872229
0.781929 0.820857 0.863265 0.973211 0.741541 0.750543 0.679089 0.952142 0.634127 0.724512 0.874277 0.860553 0.580976 0.642990 0.446115 0.571332 0.798007 0.793120 0.597025 0.766005 0.903726 0.942181 0.000000 0.621999 0.928454 0.692356 0.822282 0.842875 0.664745 0.711133 0.691171 0.733140 0.689952 0.891246 0.966486 0.881181 0.999290 0.852162 0.763222 0.609456 0.964816 0.881616 0.756544 0.899742 0.938233 0.915657 0.981910 0.870352 0.826671 0.661789 0.964782 0.893491 0.720305 0.726717 0.932691 0.910455 0.841655 0.841996 0.888911 0.936321 0.769765 0.844226 0.687826 0.715639 0.858694 0.722510 0.832304 0.654507 0.947666 0.851675 0.902863 0.969666 0.889446 0.958001 0.924871 0.842899 0.919532 0.940089 0.717887 0.933207 0.750513 0.852321 0.654103 0.740071 0.573022 0.891366 0.777159 0.491934 0.755070 0.657380 0.806117 0.900272 0.658530 0.793473 0.968124 0.877647 0.942122 0.773928 0.975926 0.889606 0.641277 0.917040 0.870450 0.986225 0.899207 0.885829 0.844711 0.991115 0.814130 0.908416 0.953412 0.919763 0.928532 0.996021 0.904449 0.842385
0.950879 0.897174 0.457259 0.470779 0.973477 0.871584 0.804573 0.726500 0.910617 0.818775 0.872648 0.982791 0.837246 0.783453 0.899308 0.607027 0.906004 0.910773 0.889789 0.973877 0.711512 0.914194 0.621999 0.000000 0.492071 0.688985 0.656297 0.828277 0.899337 0.851914 0.758605 0.911381 0.906731 0.917514 0.779084 0.917610 0.690257 0.839241 0.677485 0.903641 0.790966 0.953532 0.944845 0.997185 0.734488 0.925605 0.771041 0.748640 0.742196 0.992512 0.999019 0.910583 0.930736 0.919061 0.765375 0.848148 0.926096 0.982455 0.894270 0.937415 0.994697 0.968547 0.997594 0.940167 0.414968 0.685068 0.718988 0.844620 0.962288 0.888068 0.803006 0.920789 0.847422 0.715932 0.825879 0.879198 0.860672 0.947161 0.809936 0.871642 0.974114 0.980958 0.777117 0.813722 0.677506 0.481570 0.712041 0.827481 0.755395 0.625344 0.928168 0.991312 0.873928 0.904256 0.957255 0.786047 0.971458 0.961686 0.833246 0.952197 0.904993 0.790106 0.636486 0.988841 0.770532 0.729567 0.959334 0.902289 0.858078 0.888882 0.998693 0.964174 0.922428 0.980667 0.999645 0.904256
0.816259 0.868237 0.532816 0.476533 0.725896 0.646321 0.836129 0.942914 0.688560 0.492111 0.652678 0.760092 0.738755 0.809825 0.757979 0.985575 0.650822 0.663144 0.672073 0.755328 0.591726 0.973275 0.928454 0.492071 0.000000 0.335973 0.638634 0.611810 0.511235 0.521763 0.833585 0.830903 0.862462 0.845548 0.670295 0.755168 0.614911 0.734097 0.446046 0.613396 0.824052 0.909008 0.919824 0.974702 0.550694 0.732320 0.849723 0.923474 0.478279 0.609278 0.811270 0.890340 0.687249 0.678026 0.791208 0.850015 0.746892 0.852636 0.930280 0.921150 0.684172 0.754230 0.670677 0.638912 0.404468 0.598167 0.676125 0.664843 0.972987 0.989419 0.975154 0.930871 0.661278 0.633103 0.966020 0.901297 0.962984 0.951492 0.893407 0.729964 0.760628 0.884179 0.959063 0.910321 0.975833 0.530459 0.836611 0.846787 0.847612 0.760165 0.818539 0.931433 0.608886 0.766586 0.977755 0.741379 0.989037 0.859113 0.665900 0.780434 0.903706 0.775993 0.628582 0.790410 0.789578 0.681411 0.969086 0.954468 0.976427 0.924977 0.878709 0.787583 0.965307 0.941187 0.976849 0.746193
0.666772 0.730847 0.591645 0.467775 0.685144 0.546311 0.853403 0.911264 0.692291 0.574053 0.619009 0.669982 0.599920 0.773643 0.649957 0.954529 0.530016 0.543126 0.566185 0.653603 0.554654 0.936713 0.692356 0.688985 0.335973 0.000000 0.799285 0.543304 0.468293 0.443311 0.838378 0.992534 0.774827 0.852640 0.705393 0.753535 0.689226 0.803340 0.500903 0.564471 0.828859 0.993354 0.710241 0.845600 0.683551 0.842980 0.851813 0.953642 0.512388 0.587493 0.854574 0.880569 0.771263 0.768111 0.871139 0.849665 0.645043 0.700934 0.889860 0.866958 0.619663 0.669487 0.526250 0.511496 0.534158 0.563230 0.589673 0.551562 0.864795 0.799024 0.907744 0.953802 0.682050 0.803981 0.962808 0.916817 0.928206 0.942863 0.809165 0.787893 0.599269 0.730575 0.764608 0.856368 0.787930 0.657328 0.896230 0.597112 0.961820 0.927978 0.622287 0.727432 0.422001 0.595841 0.895193 0.740654 0.952970 0.854186 0.768144 0.827133 0.753979 0.909571 0.808801 0.792950 0.791873 0.728516 0.909686 0.931051 0.995875 0.988426 0.949266 0.813624 0.972717 0.997467 0.986149 0.670081
0.935407 0.979634 0.777959 0.811656 0.953570 0.954841 0.899057 0.942482 0.988115 0.803887 0.817971 0.875595 0.903390 0.931910 0.961137 0.871696 0.934339 0.968354 0.935049 0.952502 0.735091 0.841286 0.822282 0.656297 0.638634 0.799285 0.000000 0.971822 0.900132 0.861282 0.804849 0.897172 0.957944 0.863805 0.982650 0.814921 0.764397 0.825933 0.814929 0.957482 0.990907 0.968442 0.865597 0.815760 0.663850 0.705508 0.985473 0.907434 0.675276 0.785779 0.781409 0.812843 0.796302 0.824935 0.940494 0.848448 0.919004 0.958090 0.845962 0.849034 0.779138 0.841124 0.886102 0.868728 0.608066 0.878020 0.971274 0.932873 0.908678 0.970245 0.942026 0.978179 0.868378 0.723194 0.936514 0.895419 0.999852 0.901681 0.984090 0.971701 0.986446 0.967643 0.819077 0.958332 0.817357 0.760829 0.762945 0.837967 0.776088 0.875286 0.934307 0.969269 0.971080 0.937585 0.924363 0.959202 0.949796 0.978229 0.763939 0.872799 0.833656 0.737218 0.661728 0.758732 0.889714 0.932088 0.955743 0.892505 0.936543 0.992836 0.807664 0.899186 0.877297 0.920161 0.985801 0.677622
0.862494 0.908751 0.902440 0.817928 0.801727 0.658463 0.806608 0.906207 0.676976 0.588337 0.807913 0.806717 0.790142 0.844107 0.820505 0.965414 0.803250 0.818997 0.706156 0.779283 0.642266 0.986272 0.842875 0.828277 0.611810 0.543304 0.971822 0.000000 0.713754 0.631390 0.921358 0.965719 0.956520 0.893197 0.714759 0.842109 0.981336 0.958597 0.721002 0.611278 0.737995 0.854885 0.820155 0.940500 0.861142 0.935201 0.845198 0.908787 0.738904 0.718641 0.937698 0.954010 0.847537 0.833959 0.885745 0.817866 0.853354 0.911302 0.997662 0.915496 0.846701 0.821190 0.813810 0.789425 0.698191 0.793903 0.786786 0.725396 0.906532 0.973819 0.925055 0.852386 0.661616 0.800736 0.946145 0.943677 0.979032 0.979258 0.982047 0.934273 0.840141 0.886940 0.870261 0.945075 0.933584 0.777209 0.995957 0.783153 0.860263 0.893812 0.881767 0.978542 0.736431 0.934829 0.966583 0.936779 0.960263 0.891963 0.929348 0.823511 0.979345 0.782603 0.857906 0.803029 0.970566 0.826737 0.980502 0.994660 0.867726 0.963490 0.981531 0.850511 0.986318 0.996139 0.980284 0.857176
0.430864 0.484705 0.929480 0.703336 0.657488 0.802047 0.604052 0.763611 0.759716 0.677517 0.361509 0.390044 0.372853 0.416715 0.493474 0.669551 0.365766 0.335361 0.373737 0.430013 0.788263 0.931405 0.664745 0.899337 0.511235 0.468293 0.900132 0.713754 0.000000 0.273795 0.983088 0.794065 0.419064 0.446462 0.900378 0.809820 0.988933 0.950210 0.626239 0.734051 0.983923 0.963394 0.996762 0.861512 0.597829 0.631423 0.794617 0.736378 0.425553 0.467841 0.590934 0.648708 0.693846 0.836762 0.816963 0.820582 0.414179 0.469281 0.540017 0.613134 0.354872 0.395423 0.289137 0.303042 0.822852 0.910286 0.997548 0.917981 0.708235 0.633711 0.945660 0.971785 0.620397 0.707545 0.833265 0.706187 0.892794 0.844838 0.536608 0.543347 0.403918 0.526061 0.504984 0.647533 0.577687 0.920432 0.857382 0.642148 0.797396 0.840690 0.719801 0.681570 0.531685 0.523644 0.894369 0.889392 0.717376 0.867412 0.625637 0.713619 0.925565 0.939023 0.642619 0.665001 0.988386 0.919536 0.911494 0.938900 0.970669 0.828849 0.800914 0.580912 0.907414 0.699860 0.843209 0.631655
0.346210 0.429393 0.937907 0.740119 0.678993 0.757130 0.605908 0.734441 0.774016 0.718187 0.299436 0.357419 0.381460 0.497399 0.578167 0.790954 0.294240 0.286312 0.320616 0.320189 0.716424 0.972391 0.711133 0.851914 0.521763 0.443311 0.861282 0.631390 0.273795 0.000000 0.938182 0.823944 0.484550 0.490826 0.767247 0.719159 0.987297 0.980798 0.605159 0.717617 0.974618 0.921306 0.891792 0.979668 0.768694 0.774114 0.865415 0.797370 0.515116 0.533892 0.694075 0.738961 0.847283 0.993583 0.791619 0.819675 0.333753 0.397648 0.566438 0.583048 0.366236 0.396318 0.306397 0.299202 0.788018 0.949877 0.949691 0.845826 0.600094 0.555913 0.930205 0.958550 0.495501 0.696178 0.771011 0.780662 0.962442 0.847475 0.515780 0.506966 0.317290 0.405080 0.515278 0.589082 0.549920 0.916834 0.783303 0.616848 0.743844 0.853562 0.656127 0.625588 0.487390 0.507378 0.806864 0.903325 0.670299 0.934062 0.724338 0.826578 0.864174 0.864468 0.648811 0.649314 0.996685 0.955725 0.878377 0.907680 0.914607 0.806997 0.828041 0.671401 0.988946 0.783510 0.876116 0.592846
0.854460 0.804591 0.796907 0.798433 0.835835 0.997943 0.741223 0.868095 0.782049 0.732163 0.867858 0.852978 0.991316 0.902220 0.722781 0.688809 0.847757 0.846804 0.938595 0.895845 0.798899 0.980452 0.691171 0.758605 0.833585 0.838378 0.804849 0.921358 0.983088 0.938182 0.000000 0.614675 0.870478 0.908650 0.952213 0.792070 0.770856 0.902104 0.958579 0.928116 0.984859 0.971121 0.834251 0.822650 0.880092 0.822464 0.978797 0.893711 0.977937 0.877336 0.923026 0.936402 0.708233 0.684406 0.973766 0.905440 0.804526 0.792266 0.953552 0.902548 0.917518 0.901449 0.926910 0.892818 0.911470 0.875212 0.890748 0.988457 0.711397 0.784866 0.765697 0.737707 0.915166 0.981977 0.814729 0.827108 0.704725 0.894550 0.963886 0.970445 0.832918 0.726183 0.978904 0.809881 0.910799 0.972750 0.888937 0.918634 0.988370 0.945742 0.769329 0.744293 0.803376 0.773114 0.927272 0.961263 0.988107 0.966190 0.917125 0.803957 0.923245 0.839710 0.913792 0.984665 0.870084 0.912414 0.979849 0.751405 0.902676 0.923323 0.918347 0.882704 0.898120 0.785369 0.970504 0.911758
0.959111 0.938871 0.883271 0.897420 0.954711 0.816446 0.562347 0.763980 0.736456 0.623371 0.902123 0.971806 0.781672 0.746421 0.667202 0.744605 0.969568 0.976112 0.782042 0.942933 0.933445 0.962076 0.733140 0.911381 0.830903 0.992534 0.897172 0.965719 0.794065 0.823944 0.614675 0.000000 0.749109 0.750053 0.960502 0.918798 0.966821 0.935059 0.819195 0.700410 0.986482 0.956159 0.778184 0.708176 0.703730 0.679688 0.903475 0.782328 0.790036 0.712731 0.774218 0.837611 0.595162 0.645053 0.918630 0.970254 0.938479 0.870152 0.891861 0.944576 0.850205 0.976726 0.916265 0.945510 0.917427 0.874726 0.880319 0.969517 0.850443 0.890394 0.729390 0.572574 0.706523 0.743760 0.939808 0.738807 0.739413 0.754941 0.853488 0.904638 0.974637 0.848268 0.963626 0.880073 0.966374 0.949539 0.806469 0.983359 0.956233 0.980320 0.749785 0.789990 0.844559 0.918166 0.945457 0.974100 0.983713 0.901306 0.622190 0.658213 0.914198 0.660091 0.615587 0.792887 0.875411 0.965413 0.748327 0.732369 0.896194 0.913850 0.811917 0.785228 0.802099 0.761105 0.888076 0.804747
0.450550 0.501598 0.848081 0.935016 0.822972 0.996857 0.594946 0.723168 0.956298 0.976219 0.456951 0.469646 0.411733 0.410268 0.548831 0.722002 0.444237 0.423953 0.474764 0.508991 0.990288 0.875353 0.689952 0.906731 0.862462 0.774827 0.957944 0.956520 0.419064 0.484550 0.870478 0.749109 0.000000 0.407473 0.789853 0.987127 0.846441 0.920895 0.894864 0.996620 0.812865 0.886729 0.914526 0.811496 0.718919 0.679189 0.664047 0.694520 0.655455 0.595367 0.550892 0.595382 0.737020 0.974004 0.675832 0.654236 0.468565 0.513053 0.469500 0.592197 0.381318 0.447714 0.359937 0.393443 0.902133 0.839574 0.669800 0.769044 0.740195 0.657315 0.929209 0.952844 0.726880 0.844316 0.835942 0.757705 0.863756 0.785235 0.536265 0.610399 0.460275 0.539583 0.555578 0.539416 0.500246 0.645941 0.806045 0.697801 0.733129 0.757516 0.836261 0.626012 0.771767 0.532807 0.866787 0.952329 0.471163 0.952233 0.691446 0.763664 0.942286 0.997299 0.664618 0.770941 0.824228 0.806626 0.837230 0.912212 0.919851 0.714373 0.749574 0.730902 0.940789 0.701999 0.755424 0.617691
0.425560 0.472745 0.756362 0.870616 0.857602 0.934293 0.488439 0.498268 0.874047 0.865558 0.423308 0.420122 0.397278 0.383902 0.707649 0.724611 0.459509 0.492525 0.401505 0.479573 0.998219 0.917857 0.891246 0.917514 0.845548 0.852640 0.863805 0.893197 0.446462 0.490826 0.908650 0.750053 0.407473 0.000000 0.949053 0.977132 0.868762 0.924242 0.961504 0.900178 0.846831 0.856335 0.708036 0.645071 0.666561 0.489675 0.561052 0.454447 0.517899 0.474670 0.405020 0.467364 0.755775 0.939354 0.581449 0.576802 0.498293 0.516007 0.360088 0.461413 0.331540 0.354578 0.403331 0.436308 0.955691 0.709787 0.576123 0.643100 0.773325 0.617045 0.862939 0.998790 0.749129 0.754722 0.708613 0.748627 0.667535 0.720221 0.545613 0.549199 0.484167 0.588220 0.619081 0.653013 0.621497 0.614614 0.893694 0.854357 0.745549 0.701873 0.974257 0.748099 0.887291 0.655828 0.910313 0.887864 0.574982 0.844403 0.600317 0.666132 0.804725 0.894462 0.588145 0.623254 0.816793 0.685837 0.973143 0.928892 0.957623 0.764925 0.665050 0.533509 0.782841 0.577341 0.709611 0.688273
0.988134 0.963785 0.859329 0.919333 0.945600 0.749014 0.863267 0.906474 0.869912 0.649657 0.900794 0.990449 0.992117 0.860530 0.989666 0.939954 0.932407 0.936474 0.851729 0.884172 0.891128 0.965356 0.966486 0.779084 0.670295 0.705393 0.982650 0.714759 0.900378 0.767247 0.952213 0.960502 0.789853 0.949053 0.000000 0.706784 0.822981 0.896498 0.650364 0.757986 0.827081 0.973915 0.959446 0.978631 0.941397 0.940213 0.881767 0.941618 0.749938 0.870164 0.945844 0.929104 0.953247 0.962470 0.834314 0.877711 0.942792 0.984932 0.949792 0.971642 0.986861 0.977161 0.962204 0.981968 0.747066 0.834558 0.708020 0.653619 0.929945 0.940140 0.966613 0.907472 0.677459 0.861447 0.992494 0.995051 0.939369 0.907469 0.976952 0.951313 0.929628 0.975377 0.963610 0.880680 0.890661 0.760037 0.993412 0.937739 0.940855 0.838496 0.993083 0.843224 0.916433 0.924489 0.880150 0.993460 0.886660 0.934224 0.907978 0.884515 0.912036 0.866832 0.926248 0.945854 0.883613 0.761566 0.944981 0.960129 0.919090 0.977187 0.982778 0.850285 0.934019 0.978841 0.952182 0.993157
0.873101 0.901698 0.970588 0.898703 0.878909 0.811854 0.865811 0.954288 0.784788 0.878725 0.820184 0.889723 0.890214 0.988758 0.861340 0.984771 0.807808 0.827144 0.834475 0.823736 0.892864 0.868314 0.881181 0.917610 0.755168 0.753535 0.814921 0.842109 0.809820 0.719159 0.792070 0.918798 0.987127 0.977132 0.706784 0.000000 0.861493 0.810245 0.778129 0.805247 0.907126 0.940885 0.905042 0.939257 0.973974 0.983844 0.916992 0.893767 0.863581 0.927649 0.871343 0.884919 0.969814 0.912111 0.892287 0.905394 0.773073 0.834569 0.956378 0.948012 0.909867 0.898416 0.885778 0.872132 0.964057 0.927044 0.721358 0.743035 0.853489 0.918938 0.863095 0.992645 0.863054 0.979302 0.868976 0.900146 0.789002 0.881457 0.837406 0.982949 0.786519 0.786182 0.972690 0.868972 0.874371 0.973718 0.901198 0.946142 0.951038 0.977662 0.878816 0.985073 0.757124 0.934684 0.806068 0.988960 0.976712 0.824355 0.938059 0.909651 0.898193 0.925368 0.982638 0.806839 0.859188 0.753128 0.926186 0.890195 0.927285 0.977110 0.986590 0.987875 0.950395 0.984621 0.967022 0.798361
0.843014 0.788253 0.564755 0.613295 0.782782 0.811241 0.940807 0.703630 0.834540 0.775961 0.998271 0.812447 0.967157 0.848030 0.940388 0.854843 0.952971 0.927233 0.996199 0.881345 0.857352 0.978258 0.999290 0.690257 0.614911 0.689226 0.764397 0.981336 0.988933 0.987297 0.770856 0.966821 0.846441 0.868762 0.822981 0.861493 0.000000 0.676850 0.632364 0.821606 0.874229 0.973944 0.801496 0.877970 0.802667 0.977603 0.689619 0.808181 0.883334 0.974015 0.906738 0.885926 0.982571 0.778609 0.655143 0.837731 0.841001 0.800550 0.863258 0.812962 0.944760 0.877391 0.936850 0.949516 0.661167 0.644208 0.701925 0.736082 0.800122 0.808120 0.954039 0.979961 0.890284 0.995773 0.829626 0.823237 0.789509 0.857051 0.808234 0.985447 0.906654 0.855216 0.766656 0.852538 0.838175 0.579910 0.805763 0.980250 0.809447 0.789082 0.960587 0.914908 0.920182 0.971752 0.958244 0.777581 0.829279 0.876699 0.894936 0.993938 0.954375 0.843682 0.991974 0.989485 0.622477 0.750949 0.990672 0.837257 0.907818 0.758429 0.923737 0.969545 0.983638 0.888315 0.771567 0.998169
0.895959 0.870071 0.759450 0.763762 0.966318 0.911753 0.960035 0.767014 0.814478 0.849516 0.929092 0.850685 0.957145 0.882056 0.846933 0.890587 0.977802 0.933760 0.976624 0.847817 0.815899 0.798709 0.852162 0.839241 0.734097 0.803340 0.825933 0.958597 0.950210 0.980798 0.902104 0.935059 0.920895 0.924242 0.896498 0.810245 0.676850 0.000000 0.661187 0.812087 0.961945 0.928819 0.808821 0.905118 0.940784 0.994495 0.795213 0.916263 0.908828 0.879502 0.847627 0.886787 0.852617 0.848699 0.780210 0.869629 0.911359 0.899392 0.906577 0.894418 0.941504 0.893998 0.964969 0.963525 0.744956 0.654381 0.744767 0.742151 0.876840 0.853129 0.864505 0.881562 0.971167 0.920335 0.966962 0.838991 0.894787 0.805823 0.901029 0.963099 0.977832 0.950733 0.870614 0.891228 0.899013 0.724913 0.858697 0.940948 0.714066 0.882769 0.960997 0.994642 0.882309 0.847780 0.940865 0.773862 0.843650 0.862511 0.983318 0.899591 0.795990 0.952995 0.962607 0.999567 0.572733 0.666850 0.917783 0.998027 0.942452 0.922204 0.967498 0.988467 0.868048 0.918205 0.676363 0.914112
