0.000000 0.395479 0.829194 0.848408 0.628089 0.856832 0.895488 0.719139 0.970826 0.697104 0.439382 0.353270 0.451925 0.542475 0.621540 0.697470 0.468799 0.432080 0.372769 0.383032 0.986968 0.988360 0.591373 0.969009 0.728681 0.536617 0.935635 0.954881 0.454981 0.551771 0.962014 0.909540 0.661420 0.794888 0.870991 0.953939 0.760761 0.902419 0.995430 0.972703 0.834890 0.873239 0.858213 0.929533 0.982705 0.917473 0.776524 0.885733 0.611223 0.781365 0.903788 0.977465 0.979987 0.637143 0.737204 0.985582 0.331620 0.315668 0.504762 0.527005 0.710703 0.668392 0.450774 0.391036 0.754159 0.722986 0.809212 0.738105 0.368958 0.446937 0.961341 0.964761 0.961120 0.915807 0.875601 0.887470 0.960451 0.790329 0.827713 0.738393 0.448190 0.445180 0.640008 0.666817 0.527215 0.936469 0.872207 0.788743 0.636804 0.578405 0.824012 0.779731 0.726795 0.617276 0.869743 0.964688 0.986160 0.950998 0.847398 0.857552 0.916812 0.775060 0.926590 0.856009 0.990241 0.894897 0.964948 0.681195 0.925389 0.917467 0.979518 0.851138 0.763304 0.942150 0.935032 0.903064
0.395479 0.000000 0.610148 0.867848 0.690436 0.722900 0.841768 0.736101 0.850877 0.752744 0.716747 0.381816 0.709226 0.460286 0.662864 0.600192 0.382280 0.319136 0.429186 0.387337 0.889208 0.957424 0.711421 0.868364 0.885123 0.581381 0.882141 0.795443 0.413721 0.451549 0.906380 0.891559 0.818370 0.826114 0.744051 0.944267 0.772165 0.967817 0.923411 0.792941 0.925404 0.841004 0.871120 0.767940 0.799334 0.649460 0.613074 0.678885 0.359378 0.510823 0.692913 0.758328 0.894279 0.773227 0.638701 0.782608 0.285868 0.277809 0.813877 0.738043 0.950835 0.700871 0.660719 0.536708 0.767252 0.770030 0.634160 0.728171 0.564390 0.475345 0.787350 0.682886 0.897599 0.882650 0.877900 0.946335 0.889795 0.808421 0.710879 0.658164 0.419555 0.389928 0.438454 0.557506 0.473084 0.808072 0.955880 0.715432 0.832444 0.693013 0.591245 0.610898 0.541513 0.455636 0.787897 0.962382 0.862022 0.923528 0.992581 0.884397 0.745065 0.657026 0.936416 0.971948 0.856085 0.922839 0.999969 0.653410 0.894616 0.965460 0.931245 0.818894 0.724155 0.864166 0.998129 0.848884
0.829194 0.610148 0.000000 0.486160 0.986412 0.584645 0.421658 0.644749 0.842107 0.928335 0.955171 0.853492 0.813294 0.941135 0.982042 0.966720 0.831141 0.712610 0.956236 0.850435 0.805439 0.802555 0.835507 0.871325 0.852813 0.601019 0.855685 0.945629 0.811066 0.870545 0.587703 0.568144 0.609789 0.682497 0.566083 0.790204 0.993373 0.814632 0.957203 0.914648 0.812511 0.926043 0.759450 0.867778 0.778838 0.916036 0.781514 0.816259 0.696760 0.878863 0.844695 0.887721 0.743285 0.648073 0.931505 0.863338 0.748533 0.677781 0.942944 0.949754 0.619653 0.913301 0.831672 0.993604 0.596229 0.640390 0.370065 0.494399 0.781890 0.855620 0.535754 0.599182 0.667752 0.754094 0.881651 0.903843 0.819690 0.707942 0.961225 0.923410 0.909896 0.838869 0.753237 0.831856 0.927543 0.945098 0.956479 0.991991 0.984032 0.948918 0.534960 0.728657 0.558654 0.675796 0.729216 0.926937 0.687201 0.988639 0.734979 0.699608 0.631859 0.705219 0.719864 0.777374 0.628864 0.681471 0.798473 0.802929 0.953975 0.804734 0.713885 0.860678 0.799159 0.864528 0.817894 0.982849
0.848408 0.867848 0.486160 0.000000 0.956905 0.812894 0.688911 0.579500 0.938184 0.900471 0.871040 0.957011 0.979068 0.780081 0.952396 0.807706 0.940849 0.900051 0.983411 0.981229 0.826425 0.824733 0.851354 0.617061 0.578550 0.455586 0.934348 0.879503 0.858512 0.941640 0.704824 0.599337 0.806246 0.814760 0.617605 0.720288 0.969703 0.876097 0.796298 0.884550 0.724974 0.940935 0.636842 0.731690 0.724200 0.770301 0.616543 0.719503 0.898667 0.925956 0.731302 0.696468 0.632351 0.647103 0.850214 0.970451 0.911440 0.848408 0.806828 0.959972 0.975146 0.861211 0.980852 0.818263 0.473120 0.432291 0.510071 0.522334 0.778672 0.816238 0.686325 0.695596 0.753346 0.830592 0.926880 0.965107 0.670486 0.655024 0.942427 0.914146 0.980289 0.949124 0.941918 0.974761 0.841529 0.569481 0.989636 0.862383 0.833464 0.867673 0.674199 0.933998 0.655023 0.857211 0.740192 0.830149 0.802436 0.924598 0.872133 0.759569 0.757728 0.866555 0.933443 0.986493 0.639332 0.681847 0.806643 0.911149 0.934002 0.970661 0.710196 0.827767 0.700722 0.849673 0.906241 0.974229
0.628089 0.690436 0.986412 0.956905 0.000000 0.933674 0.932456 0.786200 0.899844 0.879545 0.765622 0.672617 0.686439 0.660777 0.656863 0.639595 0.682681 0.741991 0.688661 0.653407 0.926052 0.932549 0.620928 0.641236 0.925694 0.771764 0.737269 0.863892 0.754491 0.763260 0.991350 0.897365 0.826636 0.943471 0.972112 0.890231 0.891914 0.955684 0.909224 0.960952 0.988010 0.955865 0.970356 0.991518 0.924385 0.892608 0.872139 0.906821 0.778945 0.770877 0.918258 0.930939 0.943366 0.818209 0.763680 0.977519 0.616026 0.698810 0.820061 0.872774 0.943605 0.699679 0.843522 0.742532 0.975339 0.951616 0.966569 0.824538 0.752116 0.665903 0.895081 0.909296 0.934596 0.966411 0.956259 0.882481 0.887210 0.860622 0.965696 0.970478 0.722175 0.677080 0.718849 0.755987 0.655141 0.799650 0.720513 0.698542 0.792932 0.739886 0.937687 0.888121 0.892887 0.801626 0.880719 0.945646 0.901949 0.967493 0.902340 0.901992 0.944521 0.887696 0.974321 0.923046 0.990639 0.968379 0.998963 0.836282 0.896292 0.730431 0.951721 0.892444 0.822465 0.988115 0.885526 0.877975
0.856832 0.722900 0.584645 0.812894 0.933674 0.000000 0.590369 0.790981 0.728709 0.907350 0.838925 0.910750 0.819991 0.990479 0.958706 0.955396 0.840056 0.779723 0.864989 0.781385 0.707538 0.962424 0.972720 0.992975 0.947872 0.756064 0.896599 0.893987 0.801734 0.833488 0.798544 0.754795 0.842345 0.849938 0.780560 0.900548 0.927033 0.998061 0.840480 0.876068 0.925553 0.986329 0.947546 0.983733 0.979308 0.957486 0.969746 0.959632 0.766357 0.813214 0.984620 0.970701 0.941646 0.838977 0.962220 0.964720 0.703230 0.710401 0.907511 0.877697 0.623077 0.891464 0.857792 0.963344 0.862805 0.768745 0.600829 0.723290 0.715530 0.858045 0.679792 0.726934 0.939211 0.769200 0.696809 0.862946 0.826138 0.812919 0.970777 0.997529 0.958937 0.877776 0.780681 0.819960 0.857263 0.984526 0.870976 0.981373 0.959649 0.978476 0.703821 0.776198 0.768680 0.736436 0.804444 0.984443 0.813123 0.967999 0.900486 0.823163 0.818073 0.875860 0.753993 0.901778 0.705426 0.887687 0.638660 0.900395 0.994745 0.911512 0.850488 0.872914 0.994094 0.956400 0.725808 0.974952
0.895488 0.841768 0.421658 0.688911 0.932456 0.590369 0.000000 0.423964 0.608673 0.541035 0.744445 0.882129 0.556860 0.782274 0.762786 0.851974 0.932465 0.952109 0.782530 0.973481 0.873549 0.771227 0.640584 0.992086 0.800124 0.880897 0.775130 0.886138 0.791032 0.794165 0.365389 0.459560 0.393431 0.415499 0.692678 0.818150 0.921472 0.866115 0.963105 0.832454 0.896945 0.969523 0.748316 0.781705 0.630803 0.760203 0.765621 0.784493 0.977165 0.924415 0.678322 0.727848 0.683217 0.642345 0.914822 0.920365 0.913403 0.939224 0.643928 0.682413 0.391932 0.787702 0.482371 0.606431 0.942714 0.917987 0.476384 0.573329 0.976104 0.835943 0.492316 0.514619 0.556187 0.585580 0.797280 0.858569 0.690035 0.632686 0.794449 0.945793 0.836695 0.976396 0.861086 0.904655 0.939934 0.820340 0.951570 0.974739 0.865367 0.958488 0.541766 0.641370 0.685908 0.841872 0.674478 0.874921 0.702159 0.819497 0.460559 0.540086 0.576367 0.586209 0.517473 0.541580 0.595729 0.587943 0.843118 0.879688 0.981964 0.784574 0.695607 0.722274 0.675632 0.790836 0.883894 0.922330
0.719139 0.736101 0.644749 0.579500 0.786200 0.790981 0.423964 0.000000 0.841557 0.594980 0.753051 0.558030 0.526377 0.439748 0.697927 0.555983 0.705408 0.781537 0.594995 0.700751 0.955599 0.938022 0.605725 0.807020 0.942515 0.941838 0.947110 0.803608 0.602275 0.642739 0.543330 0.456780 0.473947 0.471611 0.748212 0.882749 0.906309 0.907310 0.945385 0.994089 0.777063 0.967156 0.502610 0.525195 0.430192 0.464223 0.435110 0.531205 0.605942 0.556379 0.470345 0.498989 0.599288 0.715055 0.669932 0.883582 0.771715 0.756728 0.659358 0.621424 0.558803 0.509357 0.478598 0.557740 0.848904 0.769383 0.606289 0.598668 0.952500 0.690052 0.678905 0.728084 0.635836 0.667054 0.792926 0.939149 0.574714 0.784399 0.760297 0.830191 0.700849 0.817611 0.799634 0.945410 0.750014 0.817963 0.995312 0.787643 0.849977 0.715856 0.730439 0.877850 0.841967 0.924524 0.781931 0.803647 0.812910 0.764549 0.493946 0.412028 0.645120 0.796556 0.660891 0.745358 0.630685 0.709068 0.817048 0.983631 0.996211 0.840088 0.669882 0.558648 0.479663 0.661482 0.850309 0.887654
0.970826 0.850877 0.842107 0.938184 0.899844 0.728709 0.608673 0.841557 0.000000 0.643424 0.755423 0.949341 0.687536 0.918729 0.765141 0.962848 0.938078 0.866713 0.988756 0.863661 0.943255 0.931223 0.841291 0.804318 0.759441 0.961338 0.929282 0.947612 0.987535 0.980767 0.818520 0.926141 0.810533 0.872263 0.936413 0.885290 0.826118 0.825554 0.789397 0.781239 0.825651 0.877280 0.932326 0.983819 0.959023 0.991045 0.929385 0.993382 0.937942 0.942350 0.924134 0.870186 0.866529 0.848232 0.892322 0.942953 0.825785 0.842270 0.709375 0.818835 0.639868 0.811185 0.819288 0.807017 0.967152 0.899149 0.767736 0.954423 0.978247 0.866853 0.765444 0.695703 0.741234 0.603099 0.827282 0.867865 0.720077 0.935112 0.963255 0.910646 0.948922 0.816716 0.716222 0.748165 0.870676 0.718645 0.936574 0.827403 0.711023 0.933311 0.605218 0.517459 0.646826 0.623644 0.706873 0.956672 0.856056 0.911574 0.655687 0.715352 0.685588 0.754305 0.624435 0.612993 0.923206 0.869103 0.994643 0.770784 0.997147 0.784356 0.855881 0.771703 0.970537 0.870625 0.884017 0.897443
0.697104 0.752744 0.928335 0.900471 0.879545 0.907350 0.541035 0.594980 0.643424 0.000000 0.675621 0.646635 0.581543 0.737236 0.544466 0.702475 0.677904 0.689684 0.556847 0.708635 0.929928 0.885136 0.491535 0.935292 0.546325 0.685044 0.829413 0.978473 0.494367 0.515693 0.605724 0.637044 0.488951 0.557991 0.774498 0.959650 0.926506 0.932942 0.843316 0.705997 0.980789 0.810341 0.915840 0.842482 0.657935 0.702267 0.773140 0.828636 0.579716 0.652025 0.645524 0.685461 0.728528 0.873522 0.918476 0.983847 0.780499 0.703640 0.617152 0.750038 0.691762 0.817903 0.479107 0.436111 0.607118 0.588320 0.984199 0.885774 0.729540 0.534581 0.773444 0.839545 0.675657 0.683988 0.699451 0.880874 0.731371 0.916186 0.673370 0.717629 0.609536 0.822466 0.859146 0.932316 0.931061 0.678403 0.988645 0.964690 0.803647 0.981166 0.934843 0.791145 0.973944 0.857358 0.930376 0.919242 0.869225 0.842829 0.660956 0.671314 0.878051 0.838974 0.715276 0.632677 0.940138 0.872862 0.924494 0.994138 0.922742 0.900529 0.822902 0.843397 0.736156 0.808757 0.975737 0.858201
0.439382 0.716747 0.955171 0.871040 0.765622 0.838925 0.744445 0.753051 0.755423 0.675621 0.000000 0.588829 0.456265 0.786074 0.782900 0.884166 0.652582 0.684379 0.660355 0.633166 0.977792 0.951589 0.776555 0.872317 0.724458 0.809373 0.969581 0.996959 0.678075 0.740437 0.906353 0.887546 0.650141 0.815355 0.932554 0.967614 0.816725 0.902551 0.976915 0.779602 0.828003 0.865737 0.808097 0.884164 0.979346 0.997022 0.898580 0.972427 0.831888 0.906529 0.998440 0.962074 0.956582 0.724514 0.908487 0.956371 0.669729 0.646911 0.456080 0.522672 0.519308 0.680663 0.481419 0.460006 0.863798 0.852523 0.913764 0.940241 0.617520 0.571243 0.843934 0.862059 0.887080 0.981170 0.763220 0.864954 0.878155 0.935457 0.940767 0.759013 0.624249 0.699337 0.926739 0.894447 0.822384 0.789446 0.977718 0.950249 0.641241 0.704861 0.923016 0.974228 0.998037 0.955523 0.940460 0.892822 0.955474 0.969967 0.746055 0.798304 0.918379 0.973133 0.719221 0.721949 0.820873 0.881963 0.878486 0.884089 0.961330 0.785366 0.986256 0.805425 0.808257 0.984688 0.957075 0.930042
0.353270 0.381816 0.853492 0.957011 0.672617 0.910750 0.882129 0.558030 0.949341 0.646635 0.588829 0.000000 0.410473 0.377710 0.506256 0.472448 0.484997 0.491595 0.436563 0.440074 0.947876 0.959258 0.565570 0.816173 0.767000 0.637178 0.951924 0.813682 0.429290 0.537009 0.978839 0.839013 0.712773 0.770018 0.918050 0.886018 0.775248 0.958510 0.968356 0.941269 0.954377 0.942168 0.968764 0.902060 0.829135 0.709561 0.675547 0.752591 0.460635 0.608768 0.780721 0.836804 0.944388 0.736760 0.699849 0.888251 0.427553 0.397287 0.602364 0.601013 0.720684 0.443954 0.521816 0.441052 0.891374 0.914274 0.867062 0.851254 0.528806 0.460150 0.962105 0.915242 0.979017 0.997334 0.810278 0.933209 0.886393 0.816236 0.817008 0.773077 0.495149 0.532974 0.600469 0.685763 0.451319 0.879266 0.749550 0.639603 0.736418 0.567433 0.804893 0.760215 0.731228 0.628072 0.918475 0.950548 0.898767 0.950414 0.887159 0.753029 0.972163 0.756928 0.994792 0.960415 0.942405 0.965531 0.949897 0.711907 0.897489 0.941753 0.921129 0.775529 0.724398 0.885278 0.991670 0.793805
0.451925 0.709226 0.813294 0.979068 0.686439 0.819991 0.556860 0.526377 0.687536 0.581543 0.456265 0.410473 0.000000 0.485242 0.518720 0.571258 0.690413 0.770834 0.507716 0.585158 0.976806 0.864051 0.487173 0.860037 0.725801 0.744286 0.928861 0.962694 0.569649 0.654379 0.708568 0.697024 0.540667 0.662463 0.954597 0.940802 0.781433 0.923939 0.967563 0.887203 0.967279 0.956064 0.983708 0.954972 0.826493 0.820417 0.730107 0.830190 0.736731 0.787624 0.793545 0.865686 0.878262 0.921100 0.725137 0.992786 0.671332 0.655647 0.497247 0.609569 0.458734 0.528325 0.456326 0.439172 0.910272 0.901634 0.887341 0.979226 0.616281 0.574651 0.693434 0.872068 0.745721 0.821914 0.753956 0.937585 0.818326 0.991020 0.921507 0.912690 0.651510 0.733885 0.794629 0.859194 0.643418 0.940404 0.789090 0.782738 0.608097 0.670766 0.881785 0.977637 0.992726 0.863178 0.913042 0.983707 0.914638 0.888985 0.643006 0.688524 0.786918 0.998338 0.707263 0.774913 0.767870 0.816052 0.846933 0.809045 0.943658 0.735756 0.806407 0.734494 0.736668 0.909696 0.885792 0.847708
0.542475 0.460286 0.941135 0.780081 0.660777 0.990479 0.782274 0.439748 0.918729 0.737236 0.786074 0.377710 0.485242 0.000000 0.526159 0.375839 0.599786 0.569666 0.424271 0.437866 0.952179 0.964105 0.482343 0.559969 0.979949 0.810705 0.945126 0.830730 0.522045 0.529375 0.804118 0.591123 0.659628 0.660764 0.987295 0.983173 0.856291 0.986934 0.830287 0.829343 0.863268 0.970569 0.653496 0.642509 0.625021 0.554634 0.486185 0.557682 0.493695 0.545672 0.584199 0.652282 0.703905 0.957242 0.613586 0.877486 0.507296 0.549189 0.874260 0.813990 0.824822 0.571827 0.634913 0.620766 0.978226 0.915728 0.946153 0.976321 0.765983 0.625540 0.959058 0.881805 0.835697 0.933806 0.828625 0.954664 0.772500 0.948061 0.861433 0.744798 0.575112 0.541812 0.507494 0.683520 0.425453 0.627693 0.845780 0.527628 0.941727 0.682251 0.832133 0.662636 0.762281 0.550792 0.909102 0.885807 0.969905 0.883526 0.865293 0.734609 0.952156 0.807015 0.972567 0.992683 0.871022 0.944107 0.790520 0.753745 0.977973 0.864140 0.909260 0.753973 0.625496 0.815405 0.966874 0.815671
0.621540 0.662864 0.982042 0.952396 0.656863 0.958706 0.762786 0.697927 0.765141 0.544466 0.782900 0.506256 0.518720 0.526159 0.000000 0.463123 0.590502 0.618202 0.475139 0.526521 0.874324 0.923015 0.421345 0.778968 0.836682 0.693232 0.877761 0.979030 0.566761 0.526482 0.720019 0.697798 0.624815 0.664217 0.917902 0.918479 0.781338 0.885937 0.933585 0.884594 0.910532 0.980513 0.897817 0.846593 0.761958 0.711401 0.749221 0.695801 0.643801 0.619399 0.672259 0.670246 0.710732 0.922091 0.817291 0.965384 0.646780 0.672074 0.819807 0.879027 0.868742 0.720131 0.686712 0.586515 0.841405 0.784944 0.897290 0.796969 0.589226 0.617396 0.831057 0.982643 0.734942 0.771401 0.740220 0.969152 0.770176 0.924690 0.818055 0.760942 0.622687 0.661553 0.667499 0.802963 0.596622 0.981945 0.711044 0.748550 0.745112 0.839617 0.913704 0.974161 0.845828 0.751291 0.802318 0.877231 0.898664 0.816897 0.848157 0.746633 0.934842 0.838416 0.858440 0.747435 0.910922 0.924295 0.927428 0.816739 0.883522 0.829473 0.874157 0.753376 0.763394 0.761563 0.890832 0.995998
0.697470 0.600192 0.966720 0.807706 0.639595 0.955396 0.851974 0.555983 0.962848 0.702475 0.884166 0.472448 0.571258 0.375839 0.463123 0.000000 0.681970 0.654923 0.561513 0.592526 0.976405 0.964840 0.430018 0.456611 0.968850 0.821868 0.927883 0.824107 0.613189 0.611419 0.876335 0.693896 0.784776 0.839738 0.913277 0.828962 0.940462 0.895713 0.887161 0.995152 0.931317 0.960625 0.815914 0.787105 0.726876 0.643215 0.673122 0.733484 0.549215 0.612340 0.710574 0.710964 0.775690 0.970477 0.721089 0.927196 0.692454 0.676796 0.997391 0.976237 0.982787 0.608128 0.838829 0.781951 0.995388 0.927459 0.891976 0.902295 0.856271 0.735626 0.931640 0.968943 0.895790 0.874339 0.766948 0.938780 0.783864 0.951389 0.910959 0.794062 0.697019 0.676935 0.563264 0.740185 0.511008 0.626428 0.720507 0.574688 0.960070 0.767684 0.802315 0.806743 0.848864 0.640217 0.886599 0.893383 0.989431 0.846308 0.955070 0.826693 0.982502 0.736483 0.869417 0.916279 0.905375 0.999535 0.922860 0.754853 0.841265 0.993006 0.938627 0.824473 0.775886 0.869632 0.970497 0.846946
0.468799 0.382280 0.831141 0.940849 0.682681 0.840056 0.932465 0.705408 0.938078 0.677904 0.652582 0.484997 0.690413 0.599786 0.590502 0.681970 0.000000 0.315442 0.416282 0.400594 0.849358 0.988578 0.646003 0.898169 0.875541 0.653688 0.892626 0.934777 0.403663 0.368656 0.843000 0.745868 0.644392 0.672878 0.885556 0.940710 0.788235 0.983069 0.993504 0.860379 0.877146 0.891509 0.898903 0.833975 0.740084 0.652943 0.660465 0.702125 0.486637 0.541820 0.665254 0.758722 0.839184 0.876816 0.691645 0.886042 0.339886 0.368731 0.807825 0.714847 0.951749 0.779140 0.559188 0.455318 0.787158 0.759338 0.823461 0.825032 0.586484 0.440753 0.931111 0.908223 0.951919 0.959103 0.785373 0.893674 0.859781 0.921559 0.541390 0.611316 0.322859 0.395157 0.550038 0.539347 0.565823 0.931305 0.896778 0.769084 0.755065 0.747916 0.731769 0.763319 0.651975 0.612038 0.855855 0.946882 0.921631 0.993172 0.959726 0.789504 0.930276 0.765647 0.973016 0.778508 0.972095 0.944682 0.994611 0.636291 0.956401 0.958618 0.999082 0.848653 0.683484 0.781342 0.894296 0.848298
0.432080 0.319136 0.712610 0.900051 0.741991 0.779723 0.952109 0.781537 0.866713 0.689684 0.684379 0.491595 0.770834 0.569666 0.618202 0.654923 0.315442 0.000000 0.382042 0.374145 0.894864 0.977312 0.648585 0.872483 0.904662 0.617901 0.885956 0.920178 0.422312 0.360822 0.956062 0.799817 0.706092 0.719761 0.727952 0.987428 0.759909 0.965817 0.954241 0.853111 0.879808 0.898955 0.941757 0.838138 0.797606 0.678124 0.652936 0.735889 0.449053 0.551557 0.697982 0.765366 0.823036 0.827541 0.708945 0.844154 0.300467 0.310293 0.846790 0.752076 0.932564 0.879719 0.595771 0.500877 0.734183 0.709990 0.688383 0.736005 0.531176 0.472297 0.920571 0.855655 0.996647 0.933985 0.881215 0.879268 0.899679 0.880928 0.575053 0.518749 0.322079 0.329159 0.460237 0.501857 0.525147 0.875658 0.941089 0.723644 0.796817 0.747391 0.619798 0.669163 0.583853 0.502628 0.879199 0.995711 0.859642 0.944661 0.960898 0.913657 0.735146 0.694787 0.895096 0.896437 0.917076 0.997786 0.995816 0.631121 0.946731 0.944277 0.945364 0.910189 0.662083 0.795484 0.996265 0.909432
0.372769 0.429186 0.956236 0.983411 0.688661 0.864989 0.782530 0.594995 0.988756 0.556847 0.660355 0.436563 0.507716 0.424271 0.475139 0.561513 0.416282 0.382042 0.000000 0.334100 0.946723 0.909242 0.400180 0.798048 0.790643 0.564763 0.989548 0.995626 0.373748 0.368800 0.746501 0.649117 0.520347 0.614254 0.874923 0.995436 0.722388 0.925500 0.984461 0.985357 0.948106 0.921011 0.865857 0.836052 0.748392 0.682102 0.586809 0.707833 0.506535 0.598622 0.641856 0.746754 0.751779 0.953376 0.710075 0.964546 0.333191 0.378756 0.727800 0.760331 0.858141 0.802731 0.492098 0.433522 0.747253 0.687238 0.825978 0.782296 0.459170 0.452181 0.845300 0.998232 0.743087 0.928636 0.890534 0.939220 0.836302 0.981774 0.725131 0.675118 0.426855 0.429280 0.486913 0.635932 0.522661 0.959267 0.893045 0.725199 0.743994 0.741499 0.843660 0.858587 0.725990 0.610298 0.997641 0.924156 0.979809 0.849457 0.785759 0.746183 0.930597 0.823494 0.887210 0.765970 0.958338 0.847210 0.966735 0.692424 0.907896 0.920273 0.877355 0.786020 0.568576 0.753231 0.985399 0.911406
0.383032 0.387337 0.850435 0.981229 0.653407 0.781385 0.973481 0.700751 0.863661 0.708635 0.633166 0.440074 0.585158 0.437866 0.526521 0.592526 0.400594 0.374145 0.334100 0.000000 0.879071 0.944609 0.496404 0.765784 0.821112 0.605952 0.965137 0.916002 0.444278 0.414236 0.880233 0.792301 0.652920 0.774301 0.852202 0.980876 0.809992 0.893305 0.924100 0.919863 0.967174 0.790944 0.893679 0.873035 0.794599 0.731530 0.655689 0.701147 0.520446 0.557527 0.688692 0.774023 0.779755 0.895124 0.687637 0.946255 0.299294 0.357491 0.763172 0.760118 0.966868 0.794158 0.632116 0.538277 0.744974 0.722256 0.782571 0.755222 0.426626 0.494371 0.956702 0.861085 0.842904 0.928970 0.853437 0.948273 0.837816 0.933055 0.739253 0.748051 0.478435 0.438893 0.537084 0.598970 0.553879 0.934186 0.898606 0.749643 0.783123 0.668788 0.752013 0.751709 0.709899 0.561466 0.956808 0.961298 0.979087 0.858228 0.921707 0.817398 0.895329 0.790405 0.985970 0.840181 0.977839 0.907982 0.990051 0.801159 0.988349 0.921322 0.912398 0.842891 0.677869 0.781024 0.966653 0.945214
0.986968 0.889208 0.805439 0.826425 0.926052 0.707538 0.873549 0.955599 0.943255 0.929928 0.977792 0.947876 0.976806 0.952179 0.874324 0.976405 0.849358 0.894864 0.946723 0.879071 0.000000 0.994383 0.982147 0.878953 0.785040 0.733626 0.933474 0.974366 0.853169 0.820041 0.844394 0.917065 0.998958 0.985865 0.862366 0.940786 0.866013 0.927739 0.796544 0.830410 0.840041 0.917956 0.990241 0.945110 0.876414 0.878253 0.962005 0.885161 0.832900 0.700802 0.948778 0.938132 0.990264 0.947434 0.973155 0.991395 0.870732 0.864605 0.924597 0.981265 0.932570 0.903560 0.974701 0.892232 0.903051 0.795873 0.948219 0.915849 0.903651 0.863813 0.829684 0.915271 0.900778 0.844463 0.951956 0.742569 0.831906 0.972237 0.947261 0.950469 0.976448 0.938096 0.985706 0.982120 0.983436 0.860813 0.848127 0.858834 0.850038 0.915959 0.920806 0.879988 0.949295 0.879328 0.824420 0.965423 0.936824 0.816206 0.924264 0.801538 0.948070 0.902157 0.899650 0.864536 0.974320 0.885467 0.761162 0.937117 0.951457 0.881667 0.983928 0.824977 0.915430 0.805653 0.997518 0.880371
0.988360 0.957424 0.802555 0.824733 0.932549 0.962424 0.771227 0.938022 0.931223 0.885136 0.951589 0.959258 0.864051 0.964105 0.923015 0.964840 0.988578 0.977312 0.909242 0.944609 0.994383 0.000000 0.880114 0.964043 0.930777 0.877391 0.797769 0.926393 0.903090 0.792676 0.687129 0.860194 0.714377 0.748564 0.988738 0.766757 0.771404 0.774901 0.961812 0.927292 0.941799 0.869333 0.935541 0.963682 0.885591 0.941721 0.912322 0.898582 0.900004 0.975098 0.787630 0.859225 0.755481 0.758826 0.939090 0.840570 0.964828 0.987021 0.949277 0.973250 0.950238 0.889865 0.845361 0.906733 0.917157 0.888669 0.865577 0.978415 0.866833 0.928617 0.803136 0.897914 0.920196 0.831307 0.922016 0.983973 0.846546 0.753274 0.773538 0.998969 0.881724 0.921500 0.990605 0.936050 0.933590 0.852264 0.904612 0.892201 0.990722 0.985449 0.849636 0.838595 0.904685 0.929567 0.950363 0.969458 0.845141 0.897912 0.865250 0.928674 0.834512 0.894884 0.699075 0.772979 0.880516 0.777597 0.932405 0.866516 0.889783 0.826351 0.783347 0.972767 0.884494 0.836851 0.922515 0.877274
0.591373 0.711421 0.835507 0.851354 0.620928 0.972720 0.640584 0.605725 0.841291 0.491535 0.776555 0.565570 0.487173 0.482343 0.421345 0.430018 0.646003 0.648585 0.400180 0.496404 0.982147 0.880114 0.000000 0.576934 0.836150 0.732214 0.937052 0.972997 0.526930 0.507061 0.618636 0.587204 0.518334 0.659238 0.908008 0.959132 0.872293 0.986223 0.946089 0.823529 0.932812 0.909861 0.956267 0.945913 0.770942 0.771677 0.756572 0.816227 0.663567 0.701080 0.718498 0.761306 0.707710 0.922188 0.836653 0.816743 0.622251 0.650967 0.875240 0.959666 0.881816 0.819118 0.672727 0.628918 0.832898 0.772207 0.934100 0.815535 0.602997 0.628442 0.672306 0.892354 0.616111 0.769483 0.815517 0.918910 0.792528 0.917353 0.832544 0.789412 0.616821 0.609851 0.638226 0.731873 0.586854 0.943479 0.796674 0.685290 0.843367 0.860213 0.972164 0.996840 0.936747 0.720825 0.844380 0.910113 0.861974 0.918497 0.832011 0.833290 0.955933 0.941844 0.976920 0.764628 0.917585 0.840143 0.990872 0.860111 0.940838 0.905878 0.863415 0.924054 0.669104 0.862424 0.899158 0.877203
0.969009 0.868364 0.871325 0.617061 0.641236 0.992975 0.992086 0.807020 0.804318 0.935292 0.872317 0.816173 0.860037 0.559969 0.778968 0.456611 0.898169 0.872483 0.798048 0.765784 0.878953 0.964043 0.576934 0.000000 0.640457 0.882863 0.773798 0.878644 0.947222 0.882641 0.958766 0.777788 0.974984 0.966781 0.900106 0.914243 0.991918 0.823152 0.738077 0.879437 0.821630 0.772820 0.862500 0.888016 0.861101 0.810765 0.784091 0.876156 0.836672 0.839975 0.891850 0.907671 0.845103 0.936880 0.784146 0.971595 0.843555 0.905330 0.723920 0.769650 0.798697 0.898536 0.859415 0.850878 0.787220 0.777464 0.984006 0.996600 0.968971 0.992076 0.922704 0.916815 0.965503 0.907212 0.933356 0.988333 0.844760 0.973142 0.938742 0.928921 0.920758 0.771226 0.680861 0.670812 0.571253 0.468982 0.769713 0.516943 0.956041 0.848411 0.854788 0.731863 0.922082 0.738098 0.920704 0.901954 0.972158 0.987196 0.873206 0.946847 0.808367 0.799120 0.714852 0.745119 0.951182 0.999414 0.842395 0.872622 0.948151 0.971318 0.961025 0.980291 0.889442 0.972569 0.869794 0.928777
0.728681 0.885123 0.852813 0.578550 0.925694 0.947872 0.800124 0.942515 0.759441 0.546325 0.724458 0.767000 0.725801 0.979949 0.836682 0.968850 0.875541 0.904662 0.790643 0.821112 0.785040 0.930777 0.836150 0.640457 0.000000 0.495910 0.792448 0.909086 0.600556 0.742246 0.905847 0.932066 0.794396 0.867165 0.708823 0.867086 0.861606 0.994245 0.719644 0.716916 0.846615 0.764531 0.793793 0.842187 0.955593 0.926215 0.771344 0.877239 0.835495 0.955806 0.949687 0.884251 0.810083 0.834796 0.821332 0.775870 0.909092 0.762045 0.550788 0.711462 0.667628 0.897204 0.679698 0.577671 0.514662 0.498740 0.855407 0.788399 0.662059 0.626823 0.935293 0.967112 0.912914 0.985910 0.940511 0.988911 0.971509 0.938421 0.864942 0.913348 0.930658 0.938964 0.902730 0.952700 0.797439 0.420250 0.913938 0.813289 0.824352 0.956575 0.970601 0.778443 0.874448 0.990207 0.920787 0.966117 0.983674 0.888675 0.804636 0.907823 0.899120 0.837347 0.797169 0.726293 0.936548 0.937965 0.864226 0.914293 0.898045 0.921379 0.938330 0.947716 0.919585 0.961890 0.926946 0.915144
0.536617 0.581381 0.601019 0.455586 0.771764 0.756064 0.880897 0.941838 0.961338 0.685044 0.809373 0.637178 0.744286 0.810705 0.693232 0.821868 0.653688 0.617901 0.564763 0.605952 0.733626 0.877391 0.732214 0.882863 0.495910 0.000000 0.999864 0.947209 0.537355 0.614296 0.843338 0.880764 0.948097 0.994082 0.525794 0.725024 0.895835 0.906919 0.807824 0.853815 0.823648 0.894815 0.743923 0.827753 0.873547 0.944566 0.875323 0.924874 0.670141 0.847079 0.921881 0.859895 0.808267 0.636671 0.984942 0.901434 0.576779 0.505283 0.732428 0.810928 0.958571 0.918497 0.765630 0.571106 0.448216 0.422041 0.507387 0.474607 0.587302 0.580485 0.823583 0.802249 0.907655 0.856403 0.962077 0.964969 0.853024 0.710590 0.883668 0.979347 0.695006 0.745924 0.781667 0.830037 0.870291 0.711931 0.910641 0.929552 0.821596 0.969048 0.612186 0.852096 0.581196 0.660053 0.711180 0.990868 0.815294 0.999839 0.969907 0.902941 0.839061 0.767151 0.911197 0.942670 0.704460 0.850961 0.822152 0.787074 0.907584 0.933994 0.814941 0.919160 0.949430 0.951339 0.855306 0.936725
0.935635 0.882141 0.855685 0.934348 0.737269 0.896599 0.775130 0.947110 0.929282 0.829413 0.969581 0.951924 0.928861 0.945126 0.877761 0.927883 0.892626 0.885956 0.989548 0.965137 0.933474 0.797769 0.937052 0.773798 0.792448 0.999864 0.000000 0.848546 0.930260 0.921634 0.796702 0.826122 0.852543 0.789321 0.909819 0.966695 0.864542 0.925841 0.901268 0.859624 0.993737 0.933469 0.889599 0.835791 0.896127 0.968133 0.983461 0.877540 0.862595 0.909645 0.921578 0.936903 0.939030 0.807660 0.941675 0.968178 0.828946 0.890428 0.843663 0.900327 0.728823 0.942428 0.813367 0.866429 0.904337 0.928307 0.858494 0.815276 0.999489 0.979427 0.864892 0.828256 0.856411 0.855395 0.974705 0.900200 0.981678 0.761464 0.900915 0.970415 0.957347 0.845759 0.780186 0.811268 0.774376 0.723410 0.857963 0.787219 0.977471 0.915523 0.955983 0.881000 0.967354 0.994975 0.869386 0.864490 0.929262 0.913536 0.836328 0.853308 0.895830 0.885748 0.660720 0.826186 0.958160 0.874757 0.861942 0.864144 0.680932 0.972494 0.885780 0.886189 0.988395 0.777175 0.937243 0.998381
0.954881 0.795443 0.945629 0.879503 0.863892 0.893987 0.886138 0.803608 0.947612 0.978473 0.996959 0.813682 0.962694 0.830730 0.979030 0.824107 0.934777 0.920178 0.995626 0.916002 0.974366 0.926393 0.972997 0.878644 0.909086 0.947209 0.848546 0.000000 0.985157 0.946318 0.903194 0.971355 0.897843 0.926976 0.936321 0.959461 0.999448 0.951316 0.892052 0.977776 0.990784 0.796679 0.862933 0.867493 0.897955 0.874988 0.865900 0.931316 0.808284 0.874500 0.916497 0.885542 0.964717 0.999379 0.963353 0.951390 0.924502 0.941447 0.982382 0.953215 0.931753 0.897633 0.999326 0.947182 0.996093 0.909775 0.997026 0.925110 0.946675 0.949071 0.944341 0.910293 0.980965 0.973188 0.882408 0.943276 0.794672 0.838531 0.999202 0.970778 0.961161 0.991132 0.923626 0.893325 0.958642 0.854947 0.868326 0.998871 0.937300 0.981762 0.964925 0.949586 0.981802 0.967528 0.900671 0.919988 0.944387 0.820469 0.999019 0.867758 0.913852 0.955131 0.899202 0.843537 0.942128 0.831307 0.919152 0.935278 0.952504 0.966219 0.922087 0.791822 0.859320 0.930452 0.889520 0.960999
0.454981 0.413721 0.811066 0.858512 0.754491 0.801734 0.791032 0.602275 0.987535 0.494367 0.678075 0.429290 0.569649 0.522045 0.566761 0.613189 0.403663 0.422312 0.373748 0.444278 0.853169 0.903090 0.526930 0.947222 0.600556 0.537355 0.930260 0.985157 0.000000 0.313690 0.709448 0.688717 0.536371 0.544165 0.785740 0.939184 0.726671 0.918189 0.928878 0.973581 0.951875 0.897891 0.889399 0.770488 0.713854 0.641594 0.712835 0.705777 0.452726 0.561635 0.645788 0.718715 0.827349 0.932748 0.754914 0.901005 0.441976 0.391350 0.647362 0.681013 0.813713 0.736590 0.460911 0.359883 0.617714 0.624167 0.775284 0.822674 0.567492 0.379594 0.979050 0.895114 0.837121 0.901326 0.899029 0.948316 0.857848 0.983081 0.591528 0.683447 0.410241 0.492746 0.565489 0.623810 0.642735 0.914470 0.975017 0.753421 0.788269 0.835277 0.766388 0.835509 0.622046 0.543843 0.948630 0.922575 0.885064 0.894188 0.803164 0.772341 0.937549 0.935121 0.885279 0.763066 0.945736 0.956349 0.973381 0.772877 0.824025 0.995323 0.959739 0.821700 0.653161 0.818850 0.979275 0.773238
0.551771 0.451549 0.870545 0.941640 0.763260 0.833488 0.794165 0.642739 0.980767 0.515693 0.740437 0.537009 0.654379 0.529375 0.526482 0.611419 0.368656 0.360822 0.368800 0.414236 0.820041 0.792676 0.507061 0.882641 0.742246 0.614296 0.921634 0.946318 0.313690 0.000000 0.667096 0.600848 0.525546 0.507159 0.753182 0.995957 0.799272 0.996269 0.958028 0.939030 0.966827 0.874789 0.850843 0.749692 0.664598 0.640552 0.693784 0.702334 0.510106 0.564783 0.597416 0.684392 0.736350 0.940578 0.783496 0.997916 0.462628 0.462635 0.854764 0.830191 0.919734 0.895834 0.511642 0.427633 0.594971 0.623406 0.771439 0.810641 0.647974 0.455690 0.919680 0.926164 0.797685 0.889872 0.856446 0.996086 0.838577 0.899110 0.463249 0.577454 0.366886 0.461694 0.542015 0.609213 0.700136 0.943583 0.975627 0.773179 0.881426 0.955179 0.710239 0.830917 0.597501 0.532250 0.939841 0.938376 0.906771 0.885710 0.879464 0.828408 0.939055 0.886913 0.915193 0.732351 0.938608 0.918798 0.939073 0.795344 0.903187 0.923757 0.967574 0.851383 0.587001 0.725871 0.975494 0.827116
0.962014 0.906380 0.587703 0.704824 0.991350 0.798544 0.365389 0.543330 0.818520 0.605724 0.906353 0.978839 0.708568 0.804118 0.720019 0.876335 0.843000 0.956062 0.746501 0.880233 0.844394 0.687129 0.618636 0.958766 0.905847 0.843338 0.796702 0.903194 0.709448 0.667096 0.000000 0.414091 0.416803 0.362624 0.786548 0.786422 0.947686 0.901585 0.967130 0.935051 0.882177 0.964816 0.637283 0.688249 0.589867 0.697386 0.726576 0.736065 0.947935 0.857689 0.548690 0.556188 0.547020 0.477963 0.909701 0.867802 0.958127 0.942959 0.856790 0.908052 0.695015 0.939737 0.560994 0.712836 0.924187 0.944441 0.706517 0.730677 0.973454 0.898587 0.462993 0.601371 0.434120 0.518159 0.902064 0.856331 0.742575 0.553230 0.699507 0.788947 0.796453 0.934656 0.964391 0.994229 0.955266 0.861767 0.861705 0.941594 0.917090 0.850236 0.638797 0.739627 0.823429 0.966988 0.697586 0.950628 0.749516 0.832837 0.555014 0.634485 0.707558 0.596571 0.565354 0.559002 0.754018 0.661755 0.941007 0.875288 0.983259 0.890719 0.678297 0.787353 0.635666 0.749008 0.817700 0.887245
0.909540 0.891559 0.568144 0.599337 0.897365 0.754795 0.459560 0.456780 0.926141 0.637044 0.887546 0.839013 0.697024 0.591123 0.697798 0.693896 0.745868 0.799817 0.649117 0.792301 0.917065 0.860194 0.587204 0.777788 0.932066 0.880764 0.826122 0.971355 0.688717 0.600848 0.414091 0.000000 0.455467 0.407003 0.808243 0.767496 0.863439 0.959727 0.944001 0.978077 0.874102 0.997206 0.575863 0.561275 0.537285 0.601744 0.540245 0.617424 0.835961 0.751239 0.517214 0.543717 0.517195 0.588409 0.778663 0.983749 0.885780 0.927094 0.973143 0.923146 0.755158 0.872319 0.588928 0.677541 0.966914 0.926401 0.739376 0.709954 0.976582 0.823398 0.558028 0.743769 0.571837 0.617351 0.818155 0.898153 0.762779 0.562458 0.679469 0.702833 0.640890 0.740008 0.782131 0.878400 0.825146 0.864844 0.938519 0.794323 0.983317 0.987367 0.836037 0.946867 0.955702 0.866163 0.774189 0.841100 0.852123 0.884292 0.684757 0.623231 0.837964 0.759164 0.701369 0.681794 0.772322 0.656597 0.803431 0.956229 0.955917 0.838862 0.749895 0.694079 0.521886 0.783283 0.766753 0.792162
0.661420 0.818370 0.609789 0.806246 0.826636 0.842345 0.393431 0.473947 0.810533 0.488951 0.650141 0.712773 0.540667 0.659628 0.624815 0.784776 0.644392 0.706092 0.520347 0.652920 0.998958 0.714377 0.518334 0.974984 0.794396 0.948097 0.852543 0.897843 0.536371 0.525546 0.416803 0.455467 0.000000 0.334745 0.851156 0.762161 0.794850 0.814990 0.975148 0.927569 0.938686 0.885431 0.711612 0.689424 0.544214 0.585480 0.599099 0.637886 0.756711 0.677002 0.497676 0.583938 0.544283 0.699258 0.735427 0.980401 0.732458 0.740502 0.661089 0.736813 0.598749 0.814648 0.412401 0.454535 0.944340 0.868522 0.692146 0.761935 0.745295 0.606739 0.561241 0.721759 0.556956 0.655401 0.775115 0.982982 0.655824 0.674912 0.680073 0.785577 0.583268 0.723510 0.863225 0.859432 0.819884 0.860476 0.951485 0.924683 0.766512 0.871179 0.781849 0.804515 0.930733 0.923471 0.790534 0.924039 0.742182 0.774756 0.518582 0.560799 0.767385 0.710180 0.591006 0.506802 0.686017 0.611809 0.999222 0.985112 0.986932 0.831864 0.692740 0.671322 0.452694 0.714350 0.808930 0.857107
0.794888 0.826114 0.682497 0.814760 0.943471 0.849938 0.415499 0.471611 0.872263 0.557991 0.815355 0.770018 0.662463 0.660764 0.664217 0.839738 0.672878 0.719761 0.614254 0.774301 0.985865 0.748564 0.659238 0.966781 0.867165 0.994082 0.789321 0.926976 0.544165 0.507159 0.362624 0.407003 0.334745 0.000000 0.881094 0.738959 0.797189 0.899735 0.985654 0.931878 0.928695 0.992745 0.593274 0.570080 0.496905 0.528608 0.581176 0.550470 0.748558 0.668292 0.473428 0.525244 0.568978 0.630252 0.741993 0.879302 0.801647 0.798303 0.739369 0.735082 0.614519 0.857255 0.420493 0.495211 0.965454 0.935152 0.740856 0.676565 0.902180 0.702456 0.668961 0.802104 0.648046 0.649919 0.843165 0.891748 0.749009 0.627619 0.609425 0.730612 0.578901 0.734681 0.806033 0.819145 0.839968 0.939295 0.898272 0.798482 0.873209 0.990463 0.852487 0.940102 0.958561 0.833993 0.772209 0.968403 0.914618 0.816251 0.591138 0.604824 0.786258 0.760718 0.595148 0.603160 0.788012 0.663072 0.883173 0.954367 0.950549 0.862541 0.782887 0.689285 0.491533 0.683143 0.721697 0.796504
0.870991 0.744051 0.566083 0.617605 0.972112 0.780560 0.692678 0.748212 0.936413 0.774498 0.932554 0.918050 0.954597 0.987295 0.917902 0.913277 0.885556 0.727952 0.874923 0.852202 0.862366 0.988738 0.908008 0.900106 0.708823 0.525794 0.909819 0.936321 0.785740 0.753182 0.786548 0.808243 0.851156 0.881094 0.000000 0.900462 0.981035 0.817950 0.910497 0.831606 0.917289 0.834112 0.703754 0.801736 0.807269 0.861824 0.788452 0.810586 0.753953 0.935040 0.859520 0.883083 0.818723 0.741240 0.833947 0.966522 0.847248 0.769527 0.949295 0.910452 0.760811 0.877278 0.951794 0.886288 0.547986 0.546542 0.413665 0.444882 0.872418 0.798764 0.715487 0.753484 0.836743 0.925351 0.935523 0.981827 0.770628 0.820867 0.889154 0.806938 0.839650 0.820949 0.807383 0.860707 0.991702 0.805859 0.955580 0.918871 0.931915 0.866706 0.570114 0.789511 0.634023 0.716799 0.682317 0.818078 0.711061 0.823373 0.733569 0.686948 0.647409 0.717730 0.774430 0.846115 0.580753 0.683954 0.898902 0.827152 0.995032 0.996503 0.771281 0.728051 0.908255 0.855096 0.770750 0.916961
0.953939 0.944267 0.790204 0.720288 0.890231 0.900548 0.818150 0.882749 0.885290 0.959650 0.967614 0.886018 0.940802 0.983173 0.918479 0.828962 0.940710 0.987428 0.995436 0.980876 0.940786 0.766757 0.959132 0.914243 0.867086 0.725024 0.966695 0.959461 0.939184 0.995957 0.786422 0.767496 0.762161 0.738959 0.900462 0.000000 0.914975 0.673844 0.824616 0.943690 0.983368 0.885457 0.803230 0.852052 0.831571 0.902131 0.828913 0.913316 0.941941 0.987553 0.836976 0.825992 0.709696 0.747677 0.938490 0.984801 0.985249 0.966474 0.971351 0.987086 0.950161 0.936043 0.917571 0.974485 0.836254 0.846655 0.716694 0.737758 0.999972 0.965968 0.804220 0.906466 0.907531 0.799584 0.955842 0.793428 0.825501 0.651211 0.941860 0.906678 0.954472 0.904702 0.988590 0.892096 0.937866 0.993967 0.868735 0.876741 0.830274 0.965074 0.769820 0.911558 0.819483 0.847591 0.978519 0.987448 0.818099 0.861577 0.779660 0.794889 0.995187 0.725782 0.798823 0.773351 0.752665 0.810464 0.791405 0.891851 0.929364 0.983832 0.864531 0.896308 0.675135 0.845273 0.847204 0.978815
0.760761 0.772165 0.993373 0.969703 0.891914 0.927033 0.921472 0.906309 0.826118 0.926506 0.816725 0.775248 0.781433 0.856291 0.781338 0.940462 0.788235 0.759909 0.722388 0.809992 0.866013 0.771404 0.872293 0.991918 0.861606 0.895835 0.864542 0.999448 0.726671 0.799272 0.947686 0.863439 0.794850 0.797189 0.981035 0.914975 0.000000 0.813649 0.995165 0.875845 0.888271 0.938707 0.920867 0.824136 0.929837 0.837731 0.787422 0.743276 0.876945 0.857826 0.798272 0.808901 0.808544 0.910002 0.816911 0.989744 0.726680 0.787573 0.846637 0.917505 0.920204 0.861746 0.800298 0.799451 0.935195 0.899352 0.997961 0.963624 0.675931 0.666268 0.989287 0.936008 0.998472 0.914459 0.972249 0.851888 0.876076 0.954834 0.867226 0.986231 0.829030 0.787950 0.942541 0.938289 0.753772 0.981766 0.862717 0.898786 0.700374 0.778906 0.964693 0.942821 0.948036 0.971022 0.874913 0.925111 0.942860 0.908763 0.832172 0.815967 0.963052 0.957949 0.744061 0.759341 0.989575 0.790044 0.844641 0.936153 0.807650 0.748973 0.769636 0.676060 0.822963 0.795026 0.727243 0.982215
0.902419 0.967817 0.814632 0.876097 0.955684 0.998061 0.866115 0.907310 0.825554 0.932942 0.902551 0.958510 0.923939 0.986934 0.885937 0.895713 0.983069 0.965817 0.925500 0.893305 0.927739 0.774901 0.986223 0.823152 0.994245 0.906919 0.925841 0.951316 0.918189 0.996269 0.901585 0.959727 0.814990 0.899735 0.817950 0.673844 0.813649 0.000000 0.972574 0.953658 0.992439 0.683774 0.912553 0.955836 0.923029 0.958068 0.934534 0.846017 0.881696 0.955135 0.863609 0.871667 0.800134 0.814381 0.971299 0.878439 0.939799 0.947020 0.947326 0.995960 0.879700 0.897697 0.884555 0.973431 0.861126 0.909234 0.774590 0.857105 0.809361 0.985729 0.791350 0.862335 0.799151 0.804701 0.946748 0.980701 0.921434 0.762619 0.950162 0.871192 0.996031 0.982208 0.784883 0.762676 0.970193 0.874994 0.978368 0.718171 0.894436 0.901118 0.779434 0.758089 0.768822 0.709285 0.942852 0.842185 0.813194 0.821274 0.801190 0.768859 0.689398 0.901379 0.716033 0.688339 0.893506 0.896623 0.972090 0.844800 0.955792 0.912756 0.803139 0.766711 0.752883 0.666115 0.792159 0.915521
