0.000000 0.297545 0.919356 0.769573 0.917970 0.868065 0.994868 0.903508 0.804435 0.755417 0.484618 0.346380 0.510832 0.466627 0.751965 0.638302 0.418991 0.359819 0.431835 0.344213 0.928463 0.745199 0.867564 0.747255 0.743697 0.858571 0.724959 0.994331 0.696455 0.519516 0.711178 0.939712 0.854964 0.813363 0.899271 0.962005 0.741506 0.576473 0.849350 0.674912 0.722983 0.988689 0.908354 0.818700 0.975504 0.851889 0.656179 0.660701 0.776101 0.519317 0.793521 0.607080 0.964440 0.769880 0.616627 0.694729 0.369795 0.327753 0.565280 0.472269 0.835476 0.907219 0.599259 0.516015 0.861037 0.950177 0.984022 0.982211 0.336659 0.407736 0.915883 0.856018 0.996740 0.839836 0.802228 0.842553 0.940990 0.962360 0.691205 0.541229 0.321719 0.274569 0.512897 0.355880 0.564810 0.639760 0.633043 0.662959 0.772225 0.512154 0.902465 0.960892 0.944811 0.994864 0.900324 0.966425 0.784010 0.938334 0.897464 0.985629 0.743267 0.917308 0.828763 0.877810 0.954181 0.981344 0.889424 0.822295 0.922029 0.841462 0.996857 0.937883 0.991660 0.883925 0.896896 0.975762
0.297545 0.000000 0.864060 0.744935 0.998587 0.808806 0.886606 0.851236 0.833951 0.820141 0.505032 0.349272 0.562990 0.547821 0.806266 0.638741 0.353252 0.301774 0.383674 0.343811 0.971041 0.793112 0.789223 0.774337 0.708048 0.875774 0.703186 0.908896 0.577852 0.461586 0.804509 0.992833 0.819778 0.711087 0.902071 0.994970 0.830748 0.568164 0.905784 0.703257 0.844212 0.911687 0.780525 0.680850 0.918775 0.732771 0.609886 0.585534 0.698077 0.435541 0.689253 0.515877 0.843143 0.802565 0.713174 0.749898 0.268094 0.229814 0.479386 0.352713 0.763723 0.868519 0.492272 0.392414 0.839791 0.959120 0.934536 0.937589 0.429233 0.404584 0.853910 0.813968 0.950587 0.793113 0.896689 0.960743 0.939093 0.931085 0.615799 0.583260 0.325598 0.354090 0.506986 0.396856 0.569785 0.639651 0.733199 0.663271 0.850243 0.595625 0.817141 0.852685 0.903337 0.873513 0.845237 0.990945 0.906581 0.898052 0.921876 0.923002 0.805644 0.903929 0.763186 0.874097 0.907683 0.910314 0.960553 0.868498 0.905356 0.765476 0.809312 0.984297 0.865878 0.765447 0.775283 0.949063
0.919356 0.864060 0.000000 0.314252 0.744982 0.770677 0.371692 0.404972 0.545582 0.972712 0.946684 0.856975 0.620499 0.718960 0.720714 0.674575 0.842615 0.909961 0.738937 0.866204 0.805514 0.905352 0.450437 0.546506 0.459435 0.458965 0.918965 0.982482 0.892788 0.918308 0.685384 0.745554 0.577442 0.710176 0.624436 0.854795 0.655477 0.861383 0.798444 0.980702 0.914872 0.864353 0.761595 0.805758 0.795779 0.838989 0.752425 0.786629 0.792382 0.976236 0.946212 0.987898 0.846803 0.996339 0.819132 0.947312 0.933326 0.988026 0.847033 0.844421 0.374836 0.465845 0.899695 0.959934 0.317223 0.299870 0.447128 0.476864 0.917722 0.961667 0.641829 0.680451 0.784095 0.816598 0.991834 0.764006 0.861639 0.807282 0.939032 0.967063 0.906975 0.975308 0.855364 0.997833 0.592276 0.493937 0.732891 0.876730 0.817899 0.808291 0.591103 0.864179 0.517229 0.795809 0.788047 0.994774 0.701701 0.864607 0.732075 0.717959 0.786716 0.954078 0.823218 0.951283 0.559925 0.767810 0.908148 0.851176 0.630059 0.833917 0.750654 0.820929 0.779591 0.980945 0.723497 0.948974
0.769573 0.744935 0.314252 0.000000 0.704555 0.805023 0.506082 0.405823 0.646138 0.917127 0.939843 0.696481 0.478512 0.555707 0.562554 0.475535 0.953408 0.974221 0.615031 0.700654 0.857287 0.781667 0.331538 0.399818 0.444599 0.567094 0.779254 0.932602 0.959267 0.975412 0.794323 0.747283 0.687991 0.780783 0.670432 0.837507 0.624620 0.840496 0.720769 0.894542 0.859326 0.878981 0.783027 0.782709 0.894637 0.851942 0.723234 0.704425 0.856548 0.922880 0.984087 0.858731 0.776516 0.922663 0.749201 0.979010 0.859938 0.849467 0.786426 0.737325 0.457216 0.469915 0.919638 0.917544 0.306577 0.339341 0.536200 0.579575 0.771788 0.936661 0.593134 0.733655 0.874536 0.886710 0.993536 0.805290 0.808600 0.829507 0.846784 0.859114 0.912441 0.830528 0.747598 0.831724 0.500182 0.418413 0.617518 0.777670 0.671639 0.690766 0.651399 0.846616 0.570804 0.784223 0.774328 0.982451 0.590232 0.903745 0.753799 0.694957 0.855126 0.933886 0.839846 0.853659 0.523231 0.639000 0.975637 0.823085 0.599400 0.760948 0.816267 0.807901 0.825890 0.995680 0.727572 0.963009
0.917970 0.998587 0.744982 0.704555 0.000000 0.825911 0.824277 0.831039 0.856459 0.937954 0.901675 0.979545 0.793189 0.932342 0.785541 0.857671 0.833442 0.882671 0.912442 0.991573 0.906882 0.952892 0.631038 0.715604 0.773483 0.794367 0.706408 0.856132 0.882442 0.871213 0.902710 0.961967 0.979479 0.992151 0.985322 0.917880 0.899314 0.932596 0.899909 0.864935 0.978614 0.801955 0.996958 0.946115 0.919044 0.889577 0.948379 0.892476 0.822466 0.867690 0.876871 0.947402 0.912948 0.985673 0.931707 0.968732 0.918887 0.962398 0.905081 0.980658 0.846502 0.890155 0.918136 0.913378 0.686767 0.758078 0.809836 0.903238 0.973852 0.954640 0.774578 0.980468 0.980926 0.975729 0.986923 0.876887 0.899459 0.981191 0.847039 0.998404 0.894144 0.949729 0.925270 0.882143 0.803415 0.754200 0.850801 0.815992 0.895420 0.975619 0.871998 0.898095 0.799894 0.833632 0.974055 0.986886 0.827381 0.842938 0.982685 0.965814 0.986122 0.880611 0.784949 0.806322 0.913760 0.711536 0.951343 0.906322 0.956439 0.936470 0.913573 0.948541 0.947467 0.843940 0.998411 0.810774
0.868065 0.808806 0.770677 0.805023 0.825911 0.000000 0.891260 0.784731 0.763763 0.962120 0.748254 0.922311 0.894111 0.879954 0.798578 0.804662 0.602039 0.643888 0.756248 0.878582 0.831885 0.867474 0.817350 0.765426 0.754029 0.622366 0.913350 0.753471 0.710460 0.831025 0.861814 0.988356 0.871836 0.968471 0.878957 0.944794 0.810681 0.870835 0.844602 0.906257 0.874243 0.968571 0.941767 0.939397 0.919160 0.947922 0.946584 0.981130 0.936988 0.913226 0.982192 0.975550 0.754670 0.856398 0.742535 0.876564 0.637745 0.714998 0.865154 0.945401 0.797687 0.685642 0.657572 0.776091 0.772040 0.628933 0.760699 0.782296 0.963878 0.893241 0.714337 0.817935 0.757143 0.905289 0.909341 0.944860 0.998205 0.997629 0.889477 0.941214 0.795890 0.911311 0.846410 0.856068 0.808692 0.754642 0.890642 0.958206 0.927759 0.983514 0.630485 0.812360 0.645543 0.845241 0.968602 0.892532 0.646954 0.936574 0.892506 0.940586 0.856109 0.871418 0.745967 0.981834 0.798775 0.845386 0.819070 0.986036 0.902941 0.965205 0.992924 0.936260 0.895599 0.921617 0.983789 0.911252
0.994868 0.886606 0.371692 0.506082 0.824277 0.891260 0.000000 0.349767 0.547759 0.798147 0.870201 0.833848 0.871293 0.935271 0.983612 0.906095 0.982336 0.939801 0.753613 0.912408 0.856532 0.954522 0.658746 0.836315 0.734442 0.603086 0.867979 0.816192 0.891238 0.897576 0.524802 0.574102 0.418316 0.483818 0.619999 0.751055 0.797099 0.923208 0.967364 0.929093 0.870173 0.875109 0.531931 0.596640 0.478998 0.544292 0.647208 0.646373 0.884440 0.828200 0.773330 0.829656 0.703237 0.782173 0.970348 0.951269 0.937222 0.995314 0.640937 0.713859 0.329405 0.473121 0.835360 0.799340 0.600324 0.492299 0.307974 0.315725 0.902747 0.901872 0.774228 0.735289 0.750669 0.818371 0.954616 0.721640 0.729197 0.633707 0.928527 0.901426 0.981057 0.911716 0.951096 0.912596 0.851679 0.752919 0.981365 0.930423 0.928154 0.942803 0.693238 0.950369 0.681861 0.925826 0.806318 0.950886 0.814479 0.758896 0.559516 0.583038 0.566566 0.895485 0.928125 0.869262 0.620430 0.737162 0.857361 0.789670 0.737442 0.830630 0.655074 0.803203 0.650946 0.819638 0.619392 0.971613
0.903508 0.851236 0.404972 0.405823 0.831039 0.784731 0.349767 0.000000 0.511765 0.684607 0.832976 0.697864 0.761461 0.785158 0.892497 0.726120 0.968402 0.926693 0.654755 0.786245 0.978303 0.948445 0.645431 0.786732 0.736890 0.605768 0.950380 0.962733 0.928093 0.893047 0.589654 0.584699 0.476379 0.474997 0.727365 0.860286 0.603873 0.823577 0.889270 0.947601 0.928952 0.990865 0.458612 0.489146 0.568889 0.537244 0.491844 0.473893 0.848640 0.718505 0.696089 0.683132 0.677503 0.634525 0.833676 0.992764 0.934824 0.970599 0.621702 0.666359 0.378381 0.320059 0.965165 0.777122 0.627216 0.425705 0.446732 0.369159 0.938556 0.967396 0.621933 0.643614 0.760078 0.837319 0.999980 0.805367 0.689009 0.649362 0.934930 0.840022 0.981808 0.963401 0.948507 0.974994 0.857970 0.737783 0.926632 0.908939 0.990268 0.973360 0.614020 0.862885 0.704968 0.961836 0.855652 0.888491 0.684470 0.829928 0.497184 0.462297 0.539580 0.932287 0.837196 0.816485 0.537224 0.705657 0.945420 0.701448 0.703347 0.747454 0.693772 0.725224 0.618668 0.758776 0.645167 0.952295
0.804435 0.833951 0.545582 0.646138 0.856459 0.763763 0.547759 0.511765 0.000000 0.664151 0.995192 0.868709 0.969631 0.984965 0.928919 0.926634 0.763711 0.684325 0.965606 0.866566 0.998662 0.874540 0.780516 0.923489 0.824961 0.481218 0.851441 0.934425 0.983533 0.851359 0.509461 0.649176 0.561016 0.680382 0.660599 0.933966 0.812934 0.946441 0.918131 0.988661 0.974344 0.888129 0.641085 0.705482 0.636556 0.714959 0.726362 0.767526 0.988650 0.999208 0.858237 0.951030 0.751896 0.653460 0.952457 0.981643 0.834828 0.728063 0.886494 0.971414 0.527550 0.496624 0.847952 0.913130 0.717090 0.553311 0.511358 0.495004 0.851654 0.775245 0.654779 0.632357 0.585436 0.735711 0.963288 0.801608 0.840662 0.770086 0.996626 0.859792 0.700381 0.706448 0.949697 0.699461 0.956024 0.879681 0.987937 0.959253 0.982397 0.985681 0.540204 0.844727 0.663744 0.844821 0.890432 0.975411 0.794905 0.796107 0.555131 0.580312 0.594029 0.980702 0.949166 0.769662 0.657369 0.715098 0.780391 0.731479 0.761529 0.877339 0.725712 0.720221 0.655866 0.851163 0.815351 0.934586
0.755417 0.820141 0.972712 0.917127 0.937954 0.962120 0.798147 0.684607 0.664151 0.000000 0.884976 0.967945 0.599028 0.613324 0.682461 0.718304 0.932446 0.800937 0.916196 0.876766 0.804355 0.788782 0.781682 0.556082 0.711257 0.939091 0.715398 0.887072 0.761227 0.881962 0.581815 0.667974 0.727672 0.622939 0.868113 0.968367 0.852980 0.847284 0.937182 0.980683 0.887251 0.730884 0.482562 0.546613 0.495088 0.496460 0.715104 0.650537 0.576290 0.752470 0.656991 0.877713 0.818830 0.560280 0.888784 0.976976 0.864120 0.775679 0.804458 0.967397 0.853119 0.675946 0.971051 0.819448 0.738297 0.950880 0.821545 0.693200 0.833019 0.880661 0.836306 0.731503 0.688393 0.720872 0.940672 0.899002 0.749343 0.660374 0.948741 0.833302 0.814515 0.619657 0.774028 0.700649 0.594747 0.621005 0.573678 0.651658 0.813518 0.662395 0.909435 0.870295 0.872326 0.766204 0.941620 0.874292 0.967068 0.823078 0.538620 0.536684 0.556754 0.916408 0.615849 0.675842 0.841118 0.852104 0.960907 0.635115 0.963954 0.856640 0.768039 0.684086 0.644874 0.767053 0.929685 0.964056
0.484618 0.505032 0.946684 0.939843 0.901675 0.748254 0.870201 0.832976 0.995192 0.884976 0.000000 0.535196 0.945647 0.889651 0.805237 0.958093 0.483027 0.427510 0.521176 0.523651 0.966009 0.997153 0.859857 0.915283 0.983593 0.827959 0.876869 0.816415 0.542101 0.476315 0.923985 0.913414 0.736557 0.575893 0.828672 0.995790 0.904778 0.614481 0.970727 0.824830 0.842492 0.939771 0.805828 0.694931 0.827831 0.694280 0.709837 0.679812 0.701335 0.562797 0.827019 0.785162 0.907692 0.820257 0.867015 0.877248 0.467929 0.545352 0.564656 0.529820 0.883335 0.980027 0.455356 0.496511 0.918739 0.899879 0.881238 0.863298 0.594521 0.616600 0.850298 0.860344 0.969728 0.814296 0.928271 0.817945 0.896378 0.948309 0.804622 0.784732 0.545282 0.620975 0.746477 0.612977 0.954420 0.991311 0.938665 0.910274 0.991281 0.878502 0.861202 0.896736 0.859944 0.897487 0.895877 0.903081 0.930778 0.733814 0.795600 0.854831 0.995313 0.940270 0.691793 0.661506 0.909388 0.977121 0.829777 0.954957 0.926050 0.856055 0.888478 0.985342 0.783727 0.752184 0.930752 0.935643
0.346380 0.349272 0.856975 0.696481 0.979545 0.922311 0.833848 0.697864 0.868709 0.967945 0.535196 0.000000 0.546464 0.561395 0.794078 0.623759 0.475083 0.430900 0.441651 0.324766 0.988121 0.721315 0.823523 0.778206 0.770039 0.929316 0.734297 0.877100 0.595055 0.423103 0.919892 0.940212 0.745427 0.629583 0.898501 0.989924 0.663960 0.498697 0.796325 0.668963 0.811461 0.927002 0.757855 0.692436 0.847844 0.684978 0.561289 0.504543 0.642964 0.454709 0.667289 0.520552 0.846079 0.947017 0.645342 0.724015 0.451565 0.369975 0.526962 0.398337 0.709974 0.716752 0.558266 0.397403 0.859477 0.876701 0.882674 0.841623 0.431635 0.474589 0.979324 0.952864 0.995740 0.889523 0.942909 0.984915 0.886393 0.928546 0.710129 0.565047 0.336394 0.381790 0.576175 0.452816 0.649166 0.672547 0.696869 0.758545 0.874606 0.673439 0.879092 0.928096 0.897313 0.818855 0.914023 0.914462 0.737096 0.834430 0.851413 0.849034 0.979171 0.924849 0.759382 0.814986 0.819525 0.863853 0.872788 0.912669 0.875969 0.734704 0.890836 0.931804 0.946292 0.760038 0.861954 0.968953
0.510832 0.562990 0.620499 0.478512 0.793189 0.894111 0.871293 0.761461 0.969631 0.599028 0.945647 0.546464 0.000000 0.290386 0.364713 0.347357 0.836737 0.730336 0.577813 0.555644 0.821721 0.637187 0.436471 0.383162 0.538758 0.860579 0.610108 0.909157 0.962921 0.922733 0.813559 0.910358 0.923504 0.941025 0.951840 0.992761 0.766046 0.819880 0.774612 0.820248 0.819943 0.894188 0.964830 0.986970 0.797008 0.898041 0.788681 0.838694 0.835271 0.856256 0.996711 0.697946 0.872559 0.936548 0.696206 0.786948 0.705294 0.593075 0.867765 0.671845 0.687679 0.719271 0.984523 0.869644 0.456589 0.564953 0.922930 0.985383 0.623593 0.660271 0.757352 0.987050 0.984367 0.984066 0.871331 0.994243 0.920781 0.850946 0.857337 0.676546 0.657502 0.491713 0.586065 0.623963 0.343336 0.369275 0.482090 0.593899 0.661411 0.469107 0.809401 0.737706 0.712873 0.769946 0.880801 0.912804 0.666696 0.994129 0.983754 0.945188 0.788103 0.932429 0.793400 0.823313 0.767126 0.901093 0.959761 0.920671 0.749598 0.911982 0.980370 0.979724 0.932257 0.994435 0.852833 0.987278
0.466627 0.547821 0.718960 0.555707 0.932342 0.879954 0.935271 0.785158 0.984965 0.613324 0.889651 0.561395 0.290386 0.000000 0.379410 0.289033 0.763117 0.691536 0.600361 0.544015 0.901891 0.640875 0.507823 0.394147 0.573645 0.810445 0.645964 0.825943 0.978771 0.839224 0.824996 0.980410 0.882189 0.995909 0.928422 0.954086 0.790815 0.793290 0.787153 0.775202 0.866786 0.907249 0.972245 0.917768 0.847289 0.973836 0.663959 0.769479 0.916152 0.757792 0.868571 0.597034 0.736339 0.963765 0.661435 0.749122 0.658869 0.578158 0.801998 0.602000 0.696605 0.709715 0.966329 0.816708 0.554364 0.592577 0.943376 0.962746 0.611858 0.622264 0.877264 0.939175 0.973532 0.987939 0.807442 0.973000 0.972477 0.861710 0.775312 0.622407 0.601097 0.467061 0.497396 0.565017 0.366076 0.365295 0.518085 0.595482 0.640418 0.462460 0.857528 0.828663 0.837045 0.853545 0.895697 0.958527 0.677128 0.989698 0.981547 0.954799 0.790664 0.882656 0.903376 0.992811 0.799726 0.860569 0.950777 0.854721 0.811467 0.891288 0.993654 0.950302 0.963408 0.929283 0.815014 0.973259
0.751965 0.806266 0.720714 0.562554 0.785541 0.798578 0.983612 0.892497 0.928919 0.682461 0.805237 0.794078 0.364713 0.379410 0.000000 0.320497 0.966686 0.930460 0.816855 0.792141 0.865701 0.741027 0.393526 0.384725 0.543847 0.793561 0.602935 0.750057 0.915447 0.932725 0.903703 0.974063 0.991809 0.859541 0.877812 0.997154 0.825584 0.853520 0.760372 0.926076 0.915282 0.914761 0.956636 0.920985 0.804681 0.857480 0.847107 0.935201 0.784384 0.990606 0.974193 0.799789 0.793964 0.998528 0.765647 0.794315 0.887233 0.802274 0.976567 0.847214 0.760488 0.743937 0.843226 0.984201 0.451250 0.588433 0.963212 0.976670 0.769579 0.857685 0.728356 0.995486 0.958128 0.985896 0.956681 0.986547 0.991964 0.861679 0.810349 0.792904 0.843563 0.704276 0.604753 0.760190 0.373265 0.386199 0.555049 0.583574 0.583085 0.509702 0.877412 0.874559 0.823697 0.789023 0.873984 0.987725 0.687006 0.996151 0.959306 0.997652 0.778723 0.784607 0.722722 0.758695 0.707058 0.813925 0.841645 0.975337 0.736104 0.908531 0.949823 0.951803 0.951258 0.866046 0.929456 0.941190
0.638302 0.638741 0.674575 0.475535 0.857671 0.804662 0.906095 0.726120 0.926634 0.718304 0.958093 0.623759 0.347357 0.289033 0.320497 0.000000 0.859029 0.810388 0.703673 0.649461 0.936966 0.680792 0.383958 0.344735 0.534025 0.760149 0.664505 0.763878 0.995881 0.887501 0.986156 0.916061 0.887736 0.983713 0.866286 0.978166 0.795379 0.793283 0.704741 0.857365 0.908992 0.939013 0.885996 0.877766 0.893949 0.970579 0.661490 0.732206 0.910621 0.802537 0.834382 0.608366 0.642791 0.918896 0.699670 0.777483 0.757468 0.668488 0.803211 0.645480 0.672945 0.625837 0.944156 0.842003 0.484101 0.541508 0.885445 0.908329 0.722857 0.736223 0.752534 0.999447 0.993020 0.976365 0.913495 0.942723 0.945216 0.973223 0.718793 0.738480 0.702816 0.615238 0.523956 0.619891 0.368734 0.336053 0.587361 0.633306 0.587551 0.504611 0.849713 0.870544 0.826629 0.930303 0.887533 0.989141 0.667197 0.934319 0.985055 0.881711 0.852979 0.806116 0.865194 0.891873 0.657413 0.740200 0.890721 0.985290 0.726621 0.859845 0.937723 0.928745 0.971978 0.929571 0.750226 0.973630
0.418991 0.353252 0.842615 0.953408 0.833442 0.602039 0.982336 0.968402 0.763711 0.932446 0.483027 0.475083 0.836737 0.763117 0.966686 0.859029 0.000000 0.291709 0.492713 0.444408 0.862713 0.910887 0.935873 0.959285 0.992103 0.638885 0.813637 0.908259 0.465907 0.400135 0.794584 0.987787 0.850285 0.720453 0.978319 0.981155 0.946248 0.609356 0.942753 0.761094 0.956220 0.984041 0.773847 0.656298 0.880785 0.685233 0.657091 0.636257 0.560261 0.422967 0.653251 0.540714 0.936528 0.839759 0.854323 0.727741 0.304663 0.300443 0.495957 0.453274 0.997384 0.901232 0.385254 0.352849 0.851836 0.705813 0.925888 0.945748 0.541031 0.441692 0.687830 0.723620 0.925413 0.882051 0.981594 0.866378 0.913902 0.894283 0.550552 0.620938 0.303635 0.457155 0.539433 0.453942 0.842382 0.950261 0.957626 0.764925 0.980319 0.724882 0.633387 0.774114 0.634244 0.761887 0.845648 0.889451 0.899335 0.774765 0.898300 0.947350 0.809328 0.911360 0.641599 0.811589 0.896431 0.921702 0.892451 0.892287 0.969301 0.844440 0.857860 0.999651 0.922751 0.749897 0.795776 0.861216
0.359819 0.301774 0.909961 0.974221 0.882671 0.643888 0.939801 0.926693 0.684325 0.800937 0.427510 0.430900 0.730336 0.691536 0.930460 0.810388 0.291709 0.000000 0.436443 0.402265 0.939490 0.836221 0.981642 0.906028 0.948776 0.657207 0.755768 0.895559 0.509628 0.418617 0.682590 0.915199 0.914430 0.791854 0.950054 0.987414 0.984326 0.585445 0.987089 0.753203 0.888865 0.981585 0.954480 0.799211 0.966065 0.842336 0.773554 0.746121 0.716851 0.512300 0.819260 0.671955 0.953676 0.683006 0.800806 0.772498 0.271263 0.259077 0.571685 0.477387 0.980984 0.844186 0.386950 0.375588 0.969270 0.763267 0.895848 0.860081 0.478477 0.428581 0.770947 0.663243 0.845905 0.932729 0.896991 0.867545 0.995183 0.977100 0.612158 0.661891 0.324690 0.383817 0.513020 0.362776 0.733669 0.855418 0.800367 0.698598 0.905529 0.667015 0.641492 0.817573 0.714741 0.849119 0.874414 0.931614 0.999802 0.826988 0.966739 0.955804 0.698569 0.904834 0.729445 0.917261 0.929654 0.935937 0.870257 0.790568 0.897371 0.848088 0.933077 0.896415 0.930271 0.767555 0.920480 0.919594
0.431835 0.383674 0.738937 0.615031 0.912442 0.756248 0.753613 0.654755 0.965606 0.916196 0.521176 0.441651 0.577813 0.600361 0.816855 0.703673 0.492713 0.436443 0.000000 0.397324 0.934241 0.749770 0.715427 0.722150 0.746281 0.947510 0.679243 0.847392 0.630792 0.607710 0.911261 0.873376 0.731012 0.664643 0.912085 0.996440 0.731933 0.613510 0.915245 0.821391 0.797957 0.947172 0.778747 0.669260 0.926007 0.760808 0.637777 0.565393 0.824532 0.551031 0.856197 0.644538 0.965346 0.911861 0.833498 0.866197 0.407113 0.413362 0.591246 0.496026 0.717477 0.798228 0.600029 0.506862 0.760790 0.859803 0.863346 0.857373 0.531767 0.617767 0.925832 0.955179 0.997568 0.904958 0.950233 0.991387 0.870685 0.911728 0.692276 0.607457 0.514780 0.539404 0.581560 0.548660 0.668584 0.730107 0.750425 0.773276 0.890726 0.742912 0.924009 0.946672 0.962985 0.986152 0.819201 0.972944 0.839196 0.865639 0.768944 0.751596 0.943008 0.980259 0.752340 0.990557 0.829883 0.944949 0.839136 0.966583 0.945751 0.641073 0.844025 0.942720 0.839169 0.725428 0.841504 0.977702
0.344213 0.343811 0.866204 0.700654 0.991573 0.878582 0.912408 0.786245 0.866566 0.876766 0.523651 0.324766 0.555644 0.544015 0.792141 0.649461 0.444408 0.402265 0.397324 0.000000 0.987278 0.734449 0.822208 0.758368 0.762369 0.929010 0.688618 0.921962 0.647994 0.521863 0.783931 0.956965 0.836720 0.735597 0.945600 0.936728 0.672605 0.486378 0.836555 0.608358 0.791758 0.982994 0.850448 0.775437 0.980194 0.834487 0.620234 0.588293 0.751770 0.487486 0.786961 0.576605 0.893777 0.903072 0.644317 0.724778 0.414202 0.336784 0.616245 0.448955 0.826395 0.835321 0.644841 0.472793 0.850095 0.927375 0.970641 0.984033 0.400009 0.410814 0.970406 0.930506 0.974437 0.885873 0.912540 0.983097 0.867970 0.933626 0.681777 0.655329 0.373680 0.376851 0.575876 0.410554 0.601699 0.692031 0.682659 0.736910 0.837337 0.634300 0.953900 0.991752 0.966082 0.970865 0.889500 0.936018 0.750075 0.875532 0.872528 0.867850 0.925771 0.997667 0.786166 0.936489 0.831324 0.923117 0.901725 0.982700 0.882851 0.690652 0.963670 0.997616 0.978134 0.843423 0.867713 0.888839
0.928463 0.971041 0.805514 0.857287 0.906882 0.831885 0.856532 0.978303 0.998662 0.804355 0.966009 0.988121 0.821721 0.901891 0.865701 0.936966 0.862713 0.939490 0.934241 0.987278 0.000000 0.978805 0.909055 0.836984 0.793696 0.847777 0.997543 0.991620 0.941214 0.938409 0.877485 0.925512 0.816326 0.959038 0.855977 0.826098 0.886861 0.835772 0.894760 0.967441 0.980080 0.936110 0.984222 0.909342 0.870138 0.953104 0.993011 0.866921 0.999286 0.962993 0.972279 0.938987 0.997037 0.861202 0.858908 0.977568 0.917785 0.979444 0.921849 0.997328 0.735431 0.894161 0.946424 0.958462 0.784521 0.755509 0.751579 0.795397 0.964897 0.967038 0.967504 0.904689 0.983573 0.984736 0.928934 0.923496 0.923932 0.922957 0.944300 0.988824 0.954014 0.879769 0.950928 0.977242 0.745087 0.699059 0.812518 0.887296 0.835847 0.812624 0.911787 0.917393 0.798518 0.968452 0.994015 0.917592 0.942855 0.873859 0.935899 0.848335 0.940448 0.967472 0.842653 0.938557 0.999890 0.867441 0.834126 0.979290 0.949800 0.885239 0.886313 0.862841 0.987408 0.854290 0.937941 0.926018
0.745199 0.793112 0.905352 0.781667 0.952892 0.867474 0.954522 0.948445 0.874540 0.788782 0.997153 0.721315 0.637187 0.640875 0.741027 0.680792 0.910887 0.836221 0.749770 0.734449 0.978805 0.000000 0.746380 0.714947 0.817037 0.967047 0.684645 0.983698 0.935393 0.969747 0.900249 0.962055 0.969122 0.861630 0.928973 0.808183 0.890981 0.781543 0.798861 0.663023 0.993513 0.919945 0.967618 0.982081 0.778863 0.906734 0.895929 0.900491 0.903984 0.856470 0.953960 0.787773 0.907928 0.928140 0.832719 0.825196 0.806783 0.777624 0.970108 0.858724 0.935785 0.969864 0.953745 0.904625 0.818314 0.896296 0.851850 0.886501 0.772050 0.786730 0.943504 0.975280 0.935665 0.771505 0.710277 0.985297 0.939903 0.814654 0.922632 0.779134 0.766883 0.718179 0.690180 0.654769 0.745118 0.731632 0.664537 0.749755 0.772404 0.771925 0.980330 0.941347 0.979267 0.932318 0.959869 0.866714 0.782948 0.982485 0.955301 0.953815 0.927916 0.996698 0.949021 0.872352 0.892381 0.927134 0.870189 0.891953 0.863440 0.846119 0.977295 0.921625 0.894227 0.878602 0.826032 0.987823
0.867564 0.789223 0.450437 0.331538 0.631038 0.817350 0.658746 0.645431 0.780516 0.781682 0.859857 0.823523 0.436471 0.507823 0.393526 0.383958 0.935873 0.981642 0.715427 0.822208 0.909055 0.746380 0.000000 0.319990 0.471531 0.632590 0.667075 0.846035 0.936784 0.948402 0.924020 0.866625 0.853395 0.993011 0.773910 0.915343 0.764351 0.892280 0.798147 0.964310 0.957079 0.853174 0.923524 0.953040 0.941396 0.972410 0.877307 0.885678 0.752649 0.951982 0.941664 0.886302 0.721193 0.958468 0.847207 0.935070 0.895677 0.833879 0.965886 0.837979 0.579568 0.632391 0.870893 0.983761 0.283153 0.444131 0.677742 0.798702 0.889817 0.970657 0.624087 0.820080 0.887929 0.976740 0.972288 0.769091 0.903697 0.964791 0.813160 0.904610 0.949333 0.871314 0.686562 0.848384 0.385453 0.363932 0.636523 0.698942 0.666314 0.624883 0.745153 0.856384 0.647168 0.760169 0.774591 0.969666 0.662711 0.954965 0.928911 0.807940 0.922927 0.848588 0.743451 0.678840 0.619777 0.651789 0.896856 0.918988 0.688685 0.786382 0.912548 0.825793 0.908245 0.950309 0.793647 0.961318
0.747255 0.774337 0.546506 0.399818 0.715604 0.765426 0.836315 0.786732 0.923489 0.556082 0.915283 0.778206 0.383162 0.394147 0.384725 0.344735 0.959285 0.906028 0.722150 0.758368 0.836984 0.714947 0.319990 0.000000 0.421609 0.678834 0.588537 0.778053 0.882680 0.963370 0.955353 0.965591 0.915669 0.905516 0.844528 0.882712 0.832665 0.934464 0.652112 0.943675 0.852589 0.852266 0.875327 0.898894 0.765036 0.808110 0.943160 0.964371 0.667323 0.937889 0.822498 0.944096 0.853514 0.851092 0.737525 0.935366 0.882798 0.799700 0.968602 0.841680 0.709026 0.756770 0.863674 0.947824 0.340308 0.485191 0.831535 0.905797 0.759719 0.928614 0.725094 0.983425 0.990975 0.915652 0.916999 0.898585 0.997772 0.931974 0.786803 0.799298 0.846260 0.679318 0.628453 0.706665 0.347291 0.310357 0.494593 0.589055 0.548518 0.538376 0.844493 0.876887 0.699705 0.811813 0.806530 0.928094 0.642410 0.997082 0.903721 0.989064 0.798594 0.881912 0.658439 0.717841 0.688935 0.789318 0.997646 0.949396 0.798053 0.898592 0.964965 0.952371 0.965097 0.904451 0.879392 0.928604
0.743697 0.708048 0.459435 0.444599 0.773483 0.754029 0.734442 0.736890 0.824961 0.711257 0.983593 0.770039 0.538758 0.573645 0.543847 0.534025 0.992103 0.948776 0.746281 0.762369 0.793696 0.817037 0.471531 0.421609 0.000000 0.524203 0.634681 0.859834 0.918871 0.970325 0.872077 0.868078 0.776060 0.903843 0.721165 0.931056 0.655559 0.797061 0.639066 0.885063 0.757894 0.836897 0.958380 0.988211 0.980986 0.972555 0.837864 0.887330 0.794248 0.982108 0.897098 0.976400 0.909175 0.787370 0.703106 0.840723 0.822710 0.811661 0.909916 0.790393 0.619052 0.695622 0.882286 0.956971 0.382041 0.492576 0.688867 0.752461 0.674480 0.875392 0.820444 0.781802 0.870493 0.812103 0.962957 0.898345 0.990537 0.952249 0.722887 0.818116 0.858061 0.692954 0.661002 0.772042 0.410602 0.370330 0.650524 0.598069 0.637355 0.569507 0.858845 0.961150 0.696133 0.918061 0.759622 0.929646 0.713525 0.988721 0.999013 0.989607 0.897774 0.806962 0.765004 0.875937 0.652265 0.785349 0.867363 0.980458 0.698398 0.852058 0.895449 0.989301 0.973670 0.834422 0.813096 0.969770
0.858571 0.875774 0.458965 0.567094 0.794367 0.622366 0.603086 0.605768 0.481218 0.939091 0.827959 0.929316 0.860579 0.810445 0.793561 0.760149 0.638885 0.657207 0.947510 0.929010 0.847777 0.967047 0.632590 0.678834 0.524203 0.000000 0.974501 0.910599 0.764698 0.802465 0.556809 0.738334 0.649639 0.812764 0.689191 0.898442 0.697058 0.995928 0.711490 0.886644 0.888331 0.979017 0.803344 0.891583 0.790794 0.888152 0.797189 0.869398 0.819444 0.876524 0.981348 0.972058 0.712949 0.900743 0.820089 0.997976 0.792112 0.759397 0.967234 0.976891 0.523643 0.510146 0.682448 0.757452 0.529030 0.402349 0.535912 0.531095 0.933849 0.853111 0.675990 0.623523 0.645872 0.791121 0.962393 0.804408 0.970836 0.871480 0.981798 0.919888 0.756572 0.848552 0.923247 0.802505 0.716531 0.621743 0.848127 0.854819 0.847713 0.892672 0.632257 0.953960 0.605099 0.946676 0.841575 0.925142 0.719444 0.961044 0.777082 0.844229 0.748193 0.924820 0.804933 0.973450 0.607104 0.688989 0.844709 0.905063 0.707216 0.888172 0.771282 0.996164 0.940803 0.930038 0.815315 0.932213
0.724959 0.703186 0.918965 0.779254 0.706408 0.913350 0.867979 0.950380 0.851441 0.715398 0.876869 0.734297 0.610108 0.645964 0.602935 0.664505 0.813637 0.755768 0.679243 0.688618 0.997543 0.684645 0.667075 0.588537 0.634681 0.974501 0.000000 0.892439 0.969156 0.962262 0.770803 0.961851 0.819020 0.844047 0.896754 0.919457 0.891472 0.710848 0.819060 0.915402 0.835784 0.876802 0.777161 0.869601 0.627505 0.738437 0.990667 0.943012 0.795396 0.967118 0.791766 0.943817 0.958339 0.840201 0.881958 0.875591 0.745583 0.696745 0.916431 0.894304 0.940971 0.918592 0.946778 0.945975 0.744633 0.941220 0.815262 0.808059 0.665488 0.805166 0.958984 0.876632 0.913514 0.931776 0.961893 0.984074 0.967699 0.829614 0.715301 0.898093 0.754487 0.634635 0.730324 0.717254 0.614105 0.691700 0.663291 0.557153 0.836621 0.642566 0.936695 0.914876 0.987463 0.864283 0.881562 0.927685 0.821182 0.976351 0.822571 0.932544 0.727966 0.972476 0.909465 0.817660 0.913795 0.869349 0.933121 0.953820 0.951237 0.834403 0.913513 0.967297 0.905272 0.874085 0.944866 0.966925
0.994331 0.908896 0.982482 0.932602 0.856132 0.753471 0.816192 0.962733 0.934425 0.887072 0.816415 0.877100 0.909157 0.825943 0.750057 0.763878 0.908259 0.895559 0.847392 0.921962 0.991620 0.983698 0.846035 0.778053 0.859834 0.910599 0.892439 0.000000 0.707063 0.795753 0.958401 0.872196 0.857842 0.845241 0.933053 0.943914 0.863303 0.971756 0.868334 0.970943 0.908153 0.986401 0.932192 0.889911 0.783319 0.841083 0.946341 0.917409 0.801043 0.890726 0.853395 0.891589 0.965203 0.857607 0.944306 0.952834 0.927212 0.916920 0.811550 0.827020 0.891966 0.977776 0.722286 0.799544 0.869823 0.903308 0.829231 0.874417 0.920818 0.894521 0.968712 0.927272 0.889924 0.892556 0.856300 0.976317 0.944709 0.928550 0.982274 0.911878 0.905855 0.970771 0.939893 0.924086 0.872330 0.836098 0.887531 0.837325 0.858941 0.810987 0.982250 0.969724 0.987372 0.985646 0.993325 0.931643 0.999601 0.840214 0.888431 0.852703 0.792244 0.727715 0.788565 0.786642 0.983020 0.940181 0.997088 0.919642 0.912299 0.813213 0.883288 0.982118 0.938157 0.825015 0.933941 0.962702
0.696455 0.577852 0.892788 0.959267 0.882442 0.710460 0.891238 0.928093 0.983533 0.761227 0.542101 0.595055 0.962921 0.978771 0.915447 0.995881 0.465907 0.509628 0.630792 0.647994 0.941214 0.935393 0.936784 0.882680 0.918871 0.764698 0.969156 0.707063 0.000000 0.383833 0.932750 0.750549 0.684786 0.608593 0.961699 0.868529 0.957039 0.673741 0.914232 0.818493 0.901235 0.871048 0.703464 0.621216 0.639666 0.538555 0.674402 0.637562 0.490563 0.494903 0.633499 0.668988 0.924418 0.994524 0.993106 0.848831 0.520774 0.544006 0.557793 0.540925 0.863488 0.977629 0.432911 0.409126 0.844532 0.784616 0.894608 0.922874 0.760446 0.787162 0.788719 0.773727 0.942458 0.812649 0.933394 0.993993 0.939312 0.800625 0.697587 0.815315 0.543503 0.770498 0.722351 0.689793 0.954758 0.951622 0.868560 0.980478 0.930064 0.949392 0.699105 0.654709 0.615577 0.667539 0.897100 0.856340 0.939514 0.851953 0.839226 0.847116 0.966878 0.994118 0.594050 0.718903 0.983362 0.989596 0.965749 0.994203 0.915385 0.839722 0.798133 0.914482 0.804928 0.674872 0.846569 0.994216
0.519516 0.461586 0.918308 0.975412 0.871213 0.831025 0.897576 0.893047 0.851359 0.881962 0.476315 0.423103 0.922733 0.839224 0.932725 0.887501 0.400135 0.418617 0.607710 0.521863 0.938409 0.969747 0.948402 0.963370 0.970325 0.802465 0.962262 0.795753 0.383833 0.000000 0.991357 0.807309 0.710483 0.558234 0.878114 0.913990 0.954985 0.620278 0.998431 0.730004 0.963039 0.906804 0.691541 0.590690 0.663320 0.545186 0.601902 0.573470 0.437550 0.397506 0.571433 0.573313 0.836887 0.894225 0.846893 0.733061 0.484713 0.469527 0.487453 0.449003 0.859799 0.930344 0.411166 0.330416 0.862722 0.819453 0.879302 0.858816 0.637329 0.607652 0.766309 0.764796 0.994363 0.823465 0.968351 0.980309 0.998639 0.762692 0.630979 0.667689 0.370323 0.601736 0.616634 0.546863 0.905653 0.970046 0.995915 0.842350 0.969422 0.884491 0.712162 0.687605 0.651093 0.673665 0.931226 0.949947 0.985395 0.800249 0.862840 0.891492 0.961945 0.929923 0.626044 0.704495 0.984020 0.878411 0.885663 0.881168 0.987586 0.803907 0.838236 0.923427 0.938268 0.673330 0.728280 0.966970
0.711178 0.804509 0.685384 0.794323 0.902710 0.861814 0.524802 0.589654 0.509461 0.581815 0.923985 0.919892 0.813559 0.824996 0.903703 0.986156 0.794584 0.682590 0.911261 0.783931 0.877485 0.900249 0.924020 0.955353 0.872077 0.556809 0.770803 0.958401 0.932750 0.991357 0.000000 0.454327 0.520678 0.596181 0.687676 0.840896 0.898686 0.989559 0.794950 0.909139 0.863879 0.960467 0.498861 0.620173 0.437353 0.497343 0.716538 0.703088 0.781935 0.865400 0.707586 0.896587 0.695079 0.693590 0.897986 0.959120 0.821482 0.710812 0.813804 0.924047 0.562564 0.564615 0.939118 0.981968 0.907265 0.721137 0.535762 0.439324 0.747025 0.707332 0.912686 0.797528 0.767060 0.773991 0.928405 0.768653 0.811884 0.555258 0.986366 0.936929 0.797226 0.656488 0.981461 0.716782 0.872122 0.992937 0.761223 0.879301 0.950508 0.815533 0.889046 0.808291 0.956749 0.766334 0.968116 0.815517 0.960881 0.803527 0.663150 0.696840 0.535375 0.942930 0.910748 0.832408 0.713307 0.724296 0.811707 0.739884 0.836846 0.939378 0.710464 0.833178 0.759108 0.816256 0.712399 0.891748
0.939712 0.992833 0.745554 0.747283 0.961967 0.988356 0.574102 0.584699 0.649176 0.667974 0.913414 0.940212 0.910358 0.980410 0.974063 0.916061 0.987787 0.915199 0.873376 0.956965 0.925512 0.962055 0.866625 0.965591 0.868078 0.738334 0.961851 0.872196 0.750549 0.807309 0.454327 0.000000 0.568962 0.607695 0.733635 0.892654 0.955702 0.902302 0.871476 0.984240 0.894145 0.966502 0.490414 0.514419 0.539925 0.486430 0.603822 0.611293 0.745117 0.697557 0.645384 0.717657 0.700034 0.725126 0.984472 0.962407 0.969089 0.927703 0.642288 0.718566 0.618261 0.678228 0.855597 0.798306 0.900733 0.784315 0.630154 0.540052 0.920123 0.868389 0.964129 0.980479 0.900752 0.863682 0.976714 0.920415 0.813286 0.643977 0.839193 0.841966 0.997358 0.844595 0.842565 0.971484 0.977658 0.949351 0.917566 0.958355 0.985383 0.841804 0.908439 0.770453 0.971561 0.907019 0.972423 0.828828 0.865810 0.918823 0.603761 0.716110 0.640338 0.817462 0.765246 0.854935 0.587857 0.748195 0.821334 0.762254 0.766203 0.841931 0.771724 0.874981 0.639175 0.869182 0.613852 0.995255
0.854964 0.819778 0.577442 0.687991 0.979479 0.871836 0.418316 0.476379 0.561016 0.727672 0.736557 0.745427 0.923504 0.882189 0.991809 0.887736 0.850285 0.914430 0.731012 0.836720 0.816326 0.969122 0.853395 0.915669 0.776060 0.649639 0.819020 0.857842 0.684786 0.710483 0.520678 0.568962 0.000000 0.400565 0.629321 0.739952 0.742907 0.795610 0.889494 0.937814 0.982893 0.835056 0.475274 0.509908 0.391724 0.435441 0.466194 0.591945 0.670917 0.641225 0.635189 0.739848 0.728573 0.893555 0.782470 0.898497 0.828432 0.885392 0.546636 0.654591 0.373261 0.514877 0.705295 0.671877 0.765512 0.646919 0.440281 0.401791 0.926561 0.949854 0.908335 0.871690 0.689600 0.727749 0.886443 0.845931 0.826584 0.687254 0.833442 0.784676 0.822964 0.934107 0.779803 0.928272 0.816809 0.768701 0.983207 0.919143 0.967979 0.945909 0.888332 0.826454 0.994797 0.811178 0.791044 0.959769 0.801072 0.748502 0.570218 0.676499 0.727076 0.971055 0.833138 0.687270 0.726525 0.828688 0.962348 0.972637 0.825923 0.870312 0.662097 0.833830 0.632031 0.705209 0.652035 0.918000
0.813363 0.711087 0.710176 0.780783 0.992151 0.968471 0.483818 0.474997 0.680382 0.622939 0.575893 0.629583 0.941025 0.995909 0.859541 0.983713 0.720453 0.791854 0.664643 0.735597 0.959038 0.861630 0.993011 0.905516 0.903843 0.812764 0.844047 0.845241 0.608593 0.558234 0.596181 0.607695 0.400565 0.000000 0.702208 0.809426 0.770848 0.716977 0.964540 0.985741 0.966524 0.894169 0.410693 0.432188 0.380124 0.356367 0.461120 0.455812 0.569571 0.530102 0.555520 0.682597 0.764687 0.867328 0.917049 0.966024 0.713378 0.797926 0.432274 0.524953 0.483136 0.556265 0.585768 0.511162 0.948981 0.777854 0.488732 0.419691 0.892188 0.842549 0.982101 0.922002 0.831824 0.737990 0.990358 0.954951 0.855801 0.617781 0.806541 0.799756 0.760082 0.963042 0.835649 0.911948 0.982612 0.950994 0.904389 0.928456 0.930930 0.899774 0.952019 0.752503 0.897456 0.682583 0.874522 0.977365 0.903314 0.763552 0.598933 0.670174 0.605707 0.954424 0.698624 0.597486 0.774993 0.748904 0.987622 0.803648 0.990183 0.711136 0.701800 0.892077 0.627770 0.683542 0.721114 0.997181
0.899271 0.902071 0.624436 0.670432 0.985322 0.878957 0.619999 0.727365 0.660599 0.868113 0.828672 0.898501 0.951840 0.928422 0.877812 0.866286 0.978319 0.950054 0.912085 0.945600 0.855977 0.928973 0.773910 0.844528 0.721165 0.689191 0.896754 0.933053 0.961699 0.878114 0.687676 0.733635 0.629321 0.702208 0.000000 0.893487 0.906287 0.847326 0.754293 0.943822 0.986385 0.951662 0.736595 0.791423 0.659386 0.715578 0.744138 0.796962 0.901838 0.877442 0.900467 0.992526 0.750173 0.932576 0.755382 0.840468 0.942397 0.987655 0.756090 0.849855 0.619903 0.637035 0.901563 0.869912 0.678288 0.711545 0.518550 0.546272 0.891116 0.954961 0.762757 0.773568 0.753603 0.724674 0.851884 0.910849 0.940567 0.726491 0.823543 0.921693 0.942014 0.938361 0.775716 0.989952 0.786234 0.749954 0.918609 0.925410 0.797839 0.801298 0.847512 0.944238 0.764942 0.940792 0.820633 0.941042 0.664001 0.592343 0.725128 0.840637 0.889127 0.880655 0.901853 0.859916 0.685144 0.699786 0.689816 0.838153 0.737194 0.840008 0.845143 0.842336 0.606957 0.942476 0.773875 0.935961
0.962005 0.994970 0.854795 0.837507 0.917880 0.944794 0.751055 0.860286 0.933966 0.968367 0.995790 0.989924 0.992761 0.954086 0.997154 0.978166 0.981155 0.987414 0.996440 0.936728 0.826098 0.808183 0.915343 0.882712 0.931056 0.898442 0.919457 0.943914 0.868529 0.913990 0.840896 0.892654 0.739952 0.809426 0.893487 0.000000 0.892952 0.838574 0.838838 0.784018 0.776420 0.929278 0.917431 0.873584 0.797853 0.844520 0.922625 0.924595 0.959511 0.922894 0.966794 0.996340 0.860257 0.973874 0.964723 0.846205 0.958667 0.977592 0.838675 0.958635 0.802122 0.909726 0.924884 0.954046 0.877125 0.855706 0.731613 0.778921 0.865245 0.869308 0.992387 0.872492 0.973781 0.852951 0.935367 0.893582 0.997053 0.715776 0.954397 0.918489 0.971059 0.998478 0.999652 0.908852 0.968867 0.912462 0.892285 0.976777 0.877775 0.981373 0.985418 0.972251 0.984434 0.982344 0.882608 0.891810 0.969521 0.991026 0.998622 0.921727 0.866436 0.968726 0.973646 0.897707 0.929067 0.995338 0.961303 0.864980 0.947837 0.943418 0.857342 0.903803 0.928348 0.977386 0.842304 0.840361
0.741506 0.830748 0.655477 0.624620 0.899314 0.810681 0.797099 0.603873 0.812934 0.852980 0.904778 0.663960 0.766046 0.790815 0.825584 0.795379 0.946248 0.984326 0.731933 0.672605 0.886861 0.890981 0.764351 0.832665 0.655559 0.697058 0.891472 0.863303 0.957039 0.954985 0.898686 0.955702 0.742907 0.770848 0.906287 0.892952 0.000000 0.640163 0.771871 0.862253 0.652935 0.896915 0.749597 0.827327 0.864777 0.848804 0.694296 0.687012 0.924613 0.855385 0.940450 0.882246 0.934225 0.924181 0.628730 0.871669 0.865553 0.844814 0.862789 0.868600 0.686093 0.608311 0.869652 0.882491 0.730723 0.683380 0.799102 0.748572 0.623822 0.751917 0.739806 0.624202 0.727310 0.769909 0.977766 0.925694 0.794765 0.945819 0.929515 0.878648 0.893717 0.816981 0.861271 0.819703 0.749001 0.755246 0.776865 0.893479 0.883642 0.833482 0.859034 0.995431 0.882934 0.985968 0.910843 0.983854 0.636514 0.996404 0.704875 0.751655 0.869456 0.948236 0.995878 0.980953 0.721608 0.865568 0.860060 0.907854 0.698811 0.751131 0.881400 0.890112 0.944055 0.959051 0.993375 0.942389
0.576473 0.568164 0.861383 0.840496 0.932596 0.870835 0.923208 0.823577 0.946441 0.847284 0.614481 0.498697 0.819880 0.793290 0.853520 0.793283 0.609356 0.585445 0.613510 0.486378 0.835772 0.781543 0.892280 0.934464 0.797061 0.995928 0.710848 0.971756 0.673741 0.620278 0.989559 0.902302 0.795610 0.716977 0.847326 0.838574 0.640163 0.000000 0.801049 0.669104 0.804807 0.805178 0.828883 0.791691 0.908272 0.807826 0.653464 0.607780 0.760083 0.612680 0.843921 0.766773 0.896809 0.877464 0.671021 0.678510 0.543632 0.571707 0.744518 0.674813 0.841981 0.820616 0.723249 0.578359 0.916111 0.976603 0.995330 0.944104 0.542603 0.608988 0.933432 0.935090 0.948017 0.842933 0.834816 0.966028 0.944568 0.922310 0.774911 0.856303 0.567832 0.620241 0.698557 0.556630 0.795058 0.861218 0.856281 0.745738 0.933786 0.767101 0.871051 0.801504 0.830983 0.867794 0.912930 0.864381 0.794477 0.831426 0.827592 0.827568 0.975394 0.853945 0.705594 0.911911 0.803774 0.927251 0.931859 0.934944 0.964366 0.685687 0.885135 0.791878 0.927960 0.821128 0.993424 0.989588
