0.000000 0.119421 0.318882 0.354386 0.797624 0.683968 0.593907 0.465412 0.573038 0.682537 0.318459 0.233724 0.300311 0.336124 0.503202 0.555748 0.204350 0.186582 0.229903 0.168984 0.440547 0.939789 0.550358 0.385276 0.298459 0.522351 0.410997 0.807592 0.358809 0.355372 0.752054 0.612553 0.316779 0.376295 0.741601 0.979063 0.527397 0.558384 0.818507 0.637071 0.541648 0.595290 0.961999 0.764982 0.845869 0.928432 0.522820 0.622214 0.820104 0.664947 0.757484 0.681768 0.971385 0.730505 0.312433 0.446028 0.126356 0.126365 0.348933 0.293972 0.312280 0.394439 0.221928 0.223739 0.248464 0.317253 0.646318 0.729962 0.237543 0.284310 0.768531 0.533079 0.946781 0.941027 0.733432 0.942208 0.930502 0.956449 0.428119 0.397848 0.208447 0.240737 0.291698 0.200001 0.164168 0.172182 0.763116 0.466397 0.427131 0.228222 0.312498 0.366601 0.317817 0.337852 0.933255 0.922460 0.951810 0.853156 0.765705 0.867448 0.678210 0.677195 0.952928 0.834432 0.795128 0.815450 0.858256 0.842765 0.722803 0.769893 0.814432 0.987640 0.835073 0.977018 0.671978 0.586276
0.119421 0.000000 0.287950 0.319467 0.825976 0.692211 0.585257 0.442405 0.557034 0.684769 0.384071 0.243432 0.345079 0.358209 0.527358 0.546138 0.202201 0.189571 0.236185 0.184679 0.452118 0.976892 0.495813 0.355115 0.277322 0.501218 0.377771 0.851706 0.379060 0.349389 0.673555 0.564060 0.300204 0.346925 0.673152 0.906515 0.496652 0.522401 0.738576 0.675691 0.577110 0.608841 0.887598 0.699867 0.909153 0.863066 0.461133 0.557238 0.768803 0.601554 0.693244 0.612210 0.897625 0.800808 0.301577 0.402616 0.116042 0.119087 0.323131 0.274158 0.336281 0.382652 0.243029 0.218253 0.254550 0.305824 0.585773 0.670701 0.248479 0.263626 0.816020 0.563444 0.909579 0.959884 0.744739 0.898236 0.997901 0.963075 0.389720 0.338773 0.182594 0.249449 0.277113 0.193010 0.172747 0.166506 0.741148 0.455924 0.454103 0.214451 0.304272 0.355541 0.323977 0.319823 0.973041 0.948361 0.964363 0.884354 0.778114 0.905877 0.640986 0.650603 0.970984 0.896888 0.749342 0.775945 0.814935 0.837107 0.779998 0.737653 0.777901 0.974140 0.885721 0.991426 0.649861 0.620588
0.318882 0.287950 0.000000 0.241208 0.916033 0.808433 0.416270 0.387304 0.785055 0.855316 0.566523 0.444179 0.412497 0.448398 0.548429 0.514329 0.370647 0.356975 0.346837 0.368081 0.511271 0.946663 0.399875 0.364226 0.398227 0.490721 0.470047 0.874141 0.471729 0.503590 0.554073 0.465835 0.361322 0.377088 0.638503 0.884730 0.622654 0.564403 0.818170 0.739790 0.630505 0.586712 0.756017 0.622138 0.982751 0.806314 0.514336 0.585149 0.757419 0.595594 0.644518 0.586624 0.751008 0.978020 0.425262 0.533151 0.282371 0.300098 0.402727 0.354825 0.355672 0.415646 0.361057 0.363954 0.311792 0.321511 0.491860 0.582123 0.464090 0.365141 0.966222 0.773183 0.730679 0.872162 0.759581 0.834380 0.801941 0.833134 0.424495 0.495415 0.381019 0.457324 0.437269 0.463683 0.321239 0.295417 0.897427 0.651770 0.550450 0.374076 0.579245 0.592559 0.586886 0.555255 0.973892 0.897956 0.954995 0.980661 0.981759 0.898192 0.769754 0.871318 0.969934 0.908700 0.731014 0.720674 0.698766 0.948801 0.766233 0.813042 0.738839 0.910384 0.975754 0.890468 0.655580 0.712476
0.354386 0.319467 0.241208 0.000000 0.995508 0.909851 0.319372 0.196283 0.935571 0.915293 0.701908 0.430447 0.426469 0.403807 0.565258 0.402419 0.444411 0.439923 0.389005 0.457439 0.567600 0.953052 0.271830 0.273513 0.486155 0.503714 0.591255 0.954589 0.544619 0.528097 0.431669 0.394597 0.321501 0.380719 0.579004 0.874137 0.585818 0.602097 0.864492 0.727148 0.730219 0.667131 0.614676 0.513325 0.845592 0.677547 0.456173 0.501252 0.636087 0.445729 0.430874 0.370306 0.542165 0.762402 0.439552 0.544225 0.319693 0.330601 0.312774 0.210398 0.336618 0.297709 0.369744 0.321834 0.401735 0.284680 0.398557 0.421702 0.594040 0.355504 0.802280 0.911748 0.635999 0.810080 0.687980 0.783786 0.732940 0.755447 0.352403 0.466083 0.430198 0.590764 0.454774 0.526259 0.383244 0.295106 0.986517 0.660398 0.528691 0.384157 0.685770 0.671881 0.662967 0.577680 0.866151 0.860754 0.861827 0.909821 0.887732 0.801261 0.888244 0.993419 0.972888 0.860499 0.637494 0.586419 0.643725 0.832574 0.866691 0.738001 0.694683 0.784041 0.847322 0.837944 0.510561 0.872453
0.797624 0.825976 0.916033 0.995508 0.000000 0.688061 0.814881 0.796808 0.525957 0.505450 0.909228 0.968678 0.884596 0.863265 0.718152 0.675892 0.944425 0.931633 0.947397 0.850736 0.927668 0.817240 0.788687 0.876080 0.730405 0.882711 0.828770 0.837227 0.868984 0.889452 0.758329 0.815265 0.973475 0.910673 0.936899 0.847673 0.858848 0.774185 0.769589 0.952101 0.844298 0.966254 0.868756 0.910560 0.700417 0.797431 0.967079 0.955943 0.878621 0.911283 0.794914 0.817730 0.685951 0.554962 0.957891 0.938772 0.818947 0.859295 0.897459 0.863436 0.842601 0.773551 0.958856 0.964376 0.829021 0.953121 0.916860 0.877544 0.660675 0.804968 0.690879 0.652988 0.664822 0.584158 0.785970 0.869557 0.882730 0.831411 0.993078 0.943735 0.917844 0.842619 0.998645 0.780741 0.848377 0.838913 0.897426 0.741093 0.808126 0.794541 0.708440 0.796455 0.759591 0.726545 0.787045 0.935557 0.912619 0.911125 0.737822 0.830777 0.623389 0.651658 0.699251 0.877457 0.888112 0.824881 0.929129 0.923183 0.905954 0.967181 0.907807 0.847594 0.749998 0.836151 0.801662 0.782502
0.683968 0.692211 0.808433 0.909851 0.688061 0.000000 0.891776 0.964194 0.536614 0.635278 0.627771 0.723872 0.907633 0.863641 0.989082 0.971798 0.719350 0.729568 0.783159 0.697022 0.912354 0.900901 0.895966 0.974531 0.822369 0.802268 0.703794 0.985334 0.803376 0.739282 0.859212 0.900589 0.833314 0.945543 0.999312 0.989815 0.915203 0.917996 0.955269 0.964226 0.728273 0.846988 0.777102 0.852421 0.694814 0.834767 0.959602 0.953149 0.891409 0.894710 0.842131 0.828596 0.737393 0.569935 0.957229 0.984343 0.671496 0.693200 0.837444 0.817618 0.827758 0.899284 0.828450 0.792598 0.644253 0.856444 0.993658 0.884710 0.656649 0.824888 0.707510 0.699929 0.669047 0.674763 0.920122 0.909196 0.685411 0.761662 0.965424 0.998047 0.833745 0.780753 0.777050 0.702232 0.758138 0.779518 0.903532 0.773626 0.856713 0.834591 0.490445 0.606649 0.592983 0.641521 0.789660 0.839907 0.816957 0.805861 0.624107 0.668061 0.696550 0.689120 0.810840 0.821271 0.780876 0.772085 0.954632 0.763310 0.791888 0.992302 0.822372 0.918018 0.669162 0.773436 0.821877 0.817391
0.593907 0.585257 0.416270 0.319372 0.814881 0.891776 0.000000 0.212455 0.906883 0.555117 0.926761 0.633734 0.601981 0.551224 0.668465 0.549368 0.622807 0.623699 0.441251 0.659871 0.594229 0.886045 0.264417 0.529010 0.772868 0.605721 0.838066 0.978041 0.557196 0.650284 0.293381 0.369965 0.324684 0.333260 0.568361 0.844000 0.655960 0.706106 0.923274 0.792596 0.895588 0.610695 0.442839 0.352174 0.478835 0.392409 0.416494 0.430386 0.390174 0.321894 0.278589 0.280618 0.360430 0.520166 0.479226 0.499046 0.546255 0.558070 0.319926 0.352984 0.387931 0.367089 0.390987 0.403528 0.735351 0.580577 0.254335 0.309083 0.883521 0.494464 0.527717 0.857408 0.392772 0.481549 0.675009 0.605514 0.520410 0.512434 0.369411 0.579605 0.608630 0.829257 0.619615 0.803900 0.604935 0.578698 0.747980 0.942556 0.691570 0.567817 0.994268 0.987418 0.967713 0.900460 0.631978 0.642707 0.656940 0.700807 0.484828 0.427531 0.774565 0.679727 0.591433 0.512763 0.431465 0.372849 0.591165 0.688284 0.939807 0.666545 0.588677 0.537232 0.547421 0.499411 0.317360 0.993335
0.465412 0.442405 0.387304 0.196283 0.796808 0.964194 0.212455 0.000000 0.862608 0.653709 0.782245 0.437876 0.447448 0.398917 0.548400 0.353056 0.512304 0.503665 0.415882 0.551520 0.587608 0.938194 0.229229 0.314322 0.681250 0.609265 0.802807 0.946006 0.497955 0.511276 0.346754 0.403499 0.302310 0.357146 0.574442 0.869219 0.599795 0.626919 0.993383 0.741346 0.787202 0.668598 0.545736 0.450891 0.651073 0.532673 0.455933 0.506851 0.521096 0.387526 0.314597 0.290794 0.413897 0.563839 0.444606 0.531370 0.428589 0.417891 0.347058 0.281121 0.290746 0.194386 0.341468 0.290753 0.571650 0.357897 0.347729 0.338384 0.764278 0.414670 0.632222 0.893717 0.484096 0.592643 0.627523 0.672169 0.656328 0.652194 0.351391 0.535871 0.494454 0.716299 0.531457 0.656753 0.499906 0.422274 0.934336 0.788620 0.604611 0.482036 0.847959 0.801511 0.801244 0.686971 0.724277 0.759179 0.791295 0.862086 0.693206 0.634459 0.883899 0.850475 0.800972 0.702380 0.496827 0.506437 0.666842 0.800525 0.925463 0.677218 0.671167 0.655620 0.705185 0.709371 0.422244 0.939883
0.573038 0.557034 0.785055 0.935571 0.525957 0.536614 0.906883 0.862608 0.000000 0.499618 0.646306 0.731109 0.912724 0.851769 0.974652 0.869795 0.575356 0.589235 0.663414 0.565012 0.784206 0.904912 0.909594 0.941814 0.505545 0.731368 0.547143 0.898693 0.775703 0.760551 0.875871 0.924938 0.759407 0.772801 0.919769 0.962884 0.691450 0.820296 0.786545 0.876033 0.774385 0.945071 0.954436 0.915306 0.840182 0.994584 0.745399 0.779991 0.894340 0.861781 0.952888 0.994244 0.815356 0.578344 0.676240 0.586973 0.549742 0.589631 0.657014 0.716320 0.964444 0.953295 0.762783 0.774044 0.678281 0.905381 0.925922 0.953431 0.461715 0.752857 0.620743 0.500264 0.727259 0.682803 0.999235 0.969070 0.854737 0.764201 0.849926 0.736875 0.588096 0.500383 0.632294 0.418458 0.572582 0.631863 0.818040 0.562587 0.662916 0.576074 0.441610 0.621014 0.486076 0.576141 0.818755 0.983600 0.932826 0.918039 0.691229 0.875999 0.582921 0.644287 0.984782 0.973152 0.924171 0.971893 0.892948 0.829763 0.781121 0.932825 0.874522 0.963127 0.801278 0.907032 0.964380 0.726639
0.682537 0.684769 0.855316 0.915293 0.505450 0.635278 0.555117 0.653709 0.499618 0.000000 0.601728 0.858516 0.885201 0.989124 0.987131 0.811805 0.786553 0.757341 0.957348 0.705828 0.903670 0.862227 0.678973 0.978132 0.590547 0.908796 0.639096 0.717139 0.959531 0.951333 0.528746 0.752144 0.860703 0.854676 0.872946 0.908744 0.971856 0.782540 0.737947 0.964023 0.700706 0.987231 0.549359 0.613696 0.362908 0.463551 0.830757 0.766317 0.552501 0.620702 0.490725 0.564031 0.441178 0.300876 0.978145 0.977158 0.714412 0.721060 0.921624 0.966454 0.939370 0.789027 0.980979 0.994579 0.606590 0.847273 0.625841 0.576069 0.469022 0.839787 0.351334 0.409554 0.516469 0.430066 0.838156 0.692594 0.549219 0.517115 0.883659 0.918662 0.744889 0.547175 0.829506 0.571227 0.683364 0.715192 0.647191 0.637508 0.848577 0.781620 0.470076 0.523475 0.584137 0.653302 0.526290 0.742514 0.713992 0.647854 0.345871 0.428033 0.405218 0.439035 0.583584 0.624438 0.616201 0.610892 0.819646 0.597139 0.757765 0.788802 0.789054 0.522991 0.442802 0.657660 0.595226 0.614533
0.318459 0.384071 0.566523 0.701908 0.909228 0.627771 0.926761 0.782245 0.646306 0.601728 0.000000 0.272141 0.295591 0.340177 0.417777 0.574724 0.285269 0.240251 0.436237 0.256297 0.567102 0.857562 0.842878 0.579351 0.497471 0.809355 0.493231 0.756873 0.352449 0.338799 0.962178 0.902956 0.605106 0.600837 0.994767 0.992423 0.735055 0.739796 0.936365 0.766730 0.478916 0.896093 0.662833 0.833842 0.590370 0.729846 0.916757 0.978720 0.792254 0.923265 0.807923 0.870036 0.701730 0.498376 0.557437 0.711492 0.376239 0.337435 0.798456 0.747076 0.373288 0.528403 0.386096 0.398837 0.292645 0.436468 0.964929 0.919154 0.382675 0.632647 0.612182 0.584457 0.872040 0.831887 0.686660 0.884910 0.631877 0.762527 0.753451 0.679686 0.419555 0.327812 0.445916 0.365862 0.344216 0.414736 0.576262 0.627462 0.623488 0.554347 0.342835 0.341055 0.325536 0.422976 0.757852 0.957066 0.709056 0.577580 0.483680 0.576200 0.619548 0.636522 0.802382 0.979288 0.846577 0.873016 0.793643 0.596766 0.663157 0.987158 0.933067 0.776014 0.573652 0.714162 0.917479 0.534976
0.233724 0.243432 0.444179 0.430447 0.968678 0.723872 0.633734 0.437876 0.731109 0.858516 0.272141 0.000000 0.210492 0.190813 0.310738 0.343024 0.176195 0.162910 0.269677 0.217924 0.477176 0.872473 0.477002 0.351804 0.412984 0.647463 0.502188 0.900105 0.254992 0.193003 0.680566 0.595868 0.336083 0.368994 0.718135 0.901341 0.555319 0.633225 0.851762 0.703084 0.580745 0.773141 0.997926 0.810336 0.903149 0.923657 0.595836 0.692651 0.894323 0.720791 0.783463 0.716991 0.923582 0.866560 0.340860 0.509202 0.252353 0.200403 0.542792 0.465919 0.209814 0.244777 0.206691 0.165426 0.266931 0.252096 0.734323 0.742137 0.373793 0.407945 0.882259 0.750797 0.853914 0.908820 0.609101 0.937719 0.930112 0.970147 0.464209 0.412682 0.245436 0.302678 0.259518 0.278562 0.238420 0.251800 0.666869 0.508367 0.468963 0.386535 0.366185 0.364922 0.329549 0.332648 0.928400 0.965633 0.841699 0.747214 0.726416 0.828546 0.745125 0.765478 0.983959 0.891356 0.815226 0.860200 0.955238 0.747802 0.685784 0.758363 0.825796 0.999716 0.793046 0.868593 0.650308 0.636724
0.300311 0.345079 0.412497 0.426469 0.884596 0.907633 0.601981 0.447448 0.912724 0.885201 0.295591 0.210492 0.000000 0.172012 0.224465 0.296045 0.282751 0.251181 0.314017 0.297706 0.501454 0.965546 0.466641 0.320333 0.478175 0.599966 0.546950 0.848150 0.340617 0.344151 0.720271 0.567386 0.406178 0.406452 0.771898 0.978610 0.715473 0.730357 0.993954 0.740143 0.576763 0.746730 0.956729 0.894472 0.825399 0.960976 0.696200 0.812293 0.994045 0.824275 0.844699 0.774410 0.945296 0.882432 0.393929 0.604367 0.346809 0.301185 0.622076 0.542556 0.200063 0.307337 0.244106 0.266125 0.301702 0.246506 0.789378 0.820263 0.467485 0.474960 0.837843 0.800778 0.788809 0.855500 0.585923 0.984421 0.943851 0.970965 0.530373 0.488713 0.324746 0.322669 0.348290 0.393058 0.255499 0.262000 0.718498 0.555495 0.525794 0.469387 0.550804 0.507356 0.505457 0.522463 0.914724 0.974484 0.880045 0.727993 0.807236 0.891772 0.807598 0.937631 0.945114 0.879192 0.865201 0.856175 0.969404 0.804431 0.654129 0.905728 0.902079 0.922585 0.788154 0.881252 0.625442 0.606283
0.336124 0.358209 0.448398 0.403807 0.863265 0.863641 0.551224 0.398917 0.851769 0.989124 0.340177 0.190813 0.172012 0.000000 0.213988 0.230225 0.241514 0.230104 0.280222 0.299553 0.525981 0.916605 0.390791 0.266276 0.505633 0.607713 0.574986 0.914665 0.300649 0.266958 0.608668 0.514736 0.372581 0.351658 0.749352 0.991020 0.664660 0.759948 0.958219 0.727710 0.642878 0.802507 0.936725 0.787109 0.966129 0.880789 0.599505 0.678667 0.861225 0.690959 0.708072 0.645224 0.801728 0.983277 0.345039 0.524234 0.349300 0.297494 0.562008 0.501751 0.207382 0.254460 0.234650 0.224233 0.366679 0.264911 0.705888 0.716958 0.537809 0.512495 0.949079 0.844779 0.748489 0.749754 0.572106 0.863971 0.972244 0.987442 0.478222 0.489646 0.319226 0.362632 0.320652 0.383833 0.295265 0.282819 0.721799 0.526794 0.529199 0.452603 0.545092 0.533919 0.491225 0.495401 0.962596 0.945840 0.879030 0.785309 0.883741 0.999511 0.873929 0.956466 0.931175 0.789696 0.836614 0.753561 0.913457 0.843132 0.658819 0.868335 0.781281 0.939535 0.886018 0.936456 0.601117 0.701900
0.503202 0.527358 0.548429 0.565258 0.718152 0.989082 0.668465 0.548400 0.974652 0.987131 0.417777 0.310738 0.224465 0.213988 0.000000 0.283096 0.367667 0.352938 0.453149 0.424890 0.567251 0.930636 0.454653 0.368742 0.617930 0.672557 0.693877 0.867736 0.372484 0.358014 0.689187 0.626751 0.515832 0.463062 0.805977 0.979314 0.835498 0.932239 0.967637 0.870246 0.787234 0.863144 0.940854 0.832411 0.977860 0.939054 0.722099 0.771677 0.935459 0.808387 0.809629 0.772369 0.844490 0.965444 0.464838 0.627176 0.533725 0.481033 0.760050 0.708875 0.295451 0.381698 0.386159 0.393906 0.427644 0.355541 0.821777 0.839990 0.668834 0.685969 0.918291 0.907957 0.701654 0.724551 0.595793 0.909135 0.939776 0.946965 0.547215 0.561209 0.424216 0.445018 0.452176 0.523819 0.393744 0.437105 0.796177 0.598130 0.672314 0.623173 0.702246 0.659924 0.630534 0.674016 0.998783 0.938124 0.811405 0.752355 0.910002 0.983973 0.861842 0.992510 0.919773 0.839807 0.883547 0.839535 0.940959 0.799048 0.654999 0.947647 0.875499 0.999966 0.908437 0.909400 0.681491 0.787704
0.555748 0.546138 0.514329 0.402419 0.675892 0.971798 0.549368 0.353056 0.869795 0.811805 0.574724 0.343024 0.296045 0.230225 0.283096 0.000000 0.430317 0.421070 0.507736 0.554286 0.597446 0.920002 0.344144 0.280287 0.627689 0.632124 0.741610 0.989838 0.434390 0.367044 0.513092 0.477598 0.466947 0.451086 0.723083 0.900583 0.785219 0.791952 0.976159 0.760337 0.807448 0.912471 0.828148 0.739133 0.904003 0.811248 0.674546 0.693889 0.837119 0.651826 0.610141 0.549797 0.600389 0.711677 0.480458 0.647199 0.526172 0.474474 0.649047 0.571807 0.288097 0.250394 0.388567 0.348665 0.502738 0.271992 0.673203 0.579895 0.805476 0.597275 0.863052 0.944721 0.650810 0.696620 0.552578 0.761396 0.830541 0.873534 0.502046 0.526234 0.488068 0.597627 0.447205 0.605236 0.503725 0.443183 0.752083 0.746707 0.682684 0.614593 0.749992 0.665658 0.678290 0.628913 0.896054 0.933703 0.828335 0.818582 0.989170 0.914061 0.959054 0.973360 0.930865 0.908698 0.799753 0.796452 0.829533 0.934638 0.797717 0.909642 0.795903 0.923787 0.989676 0.997490 0.620092 0.852269
0.204350 0.202201 0.370647 0.444411 0.944425 0.719350 0.622807 0.512304 0.575356 0.786553 0.285269 0.176195 0.282751 0.241514 0.367667 0.430317 0.000000 0.133125 0.214848 0.180943 0.442679 0.955709 0.483613 0.363100 0.307924 0.542245 0.421357 0.860904 0.220521 0.201615 0.634501 0.555363 0.289436 0.304708 0.692179 0.857654 0.556734 0.637878 0.794179 0.686049 0.612058 0.723474 0.910260 0.711984 0.987708 0.820039 0.462284 0.553393 0.770624 0.610686 0.732773 0.664305 0.892752 0.844035 0.279714 0.374151 0.198359 0.174467 0.445922 0.431123 0.272946 0.343566 0.202474 0.188115 0.274276 0.310204 0.616689 0.660490 0.334172 0.396304 0.863746 0.660987 0.855684 0.923865 0.666236 0.837061 0.979122 0.954084 0.420334 0.351854 0.178416 0.238999 0.217114 0.213907 0.195775 0.226071 0.696343 0.480932 0.479595 0.302145 0.354957 0.393214 0.310381 0.357548 0.999312 0.928500 0.961687 0.810847 0.789504 0.919481 0.708632 0.696481 0.902742 0.807651 0.783873 0.778377 0.916297 0.780823 0.689530 0.742769 0.782983 0.926440 0.894564 0.912816 0.629993 0.619381
0.186582 0.189571 0.356975 0.439923 0.931633 0.729568 0.623699 0.503665 0.589235 0.757341 0.240251 0.162910 0.251181 0.230104 0.352938 0.421070 0.133125 0.000000 0.227274 0.173284 0.436901 0.894057 0.514017 0.352713 0.326650 0.539036 0.429537 0.787705 0.230405 0.215998 0.698316 0.575606 0.322733 0.328845 0.725502 0.874455 0.581258 0.609205 0.805271 0.693733 0.608869 0.716270 0.960142 0.766109 0.923191 0.892465 0.531849 0.614230 0.840124 0.665842 0.783806 0.710555 0.926087 0.796332 0.273247 0.426804 0.182808 0.158964 0.474271 0.445754 0.253749 0.326731 0.202011 0.183416 0.228829 0.267128 0.662345 0.719288 0.331717 0.395486 0.832017 0.638415 0.891276 0.945340 0.688777 0.870234 0.945685 0.982720 0.427330 0.376511 0.179594 0.220564 0.235173 0.210898 0.183113 0.216455 0.648225 0.495222 0.490605 0.313084 0.330959 0.345324 0.294369 0.337871 0.990259 0.910237 0.893874 0.792407 0.737605 0.889418 0.670318 0.674829 0.974361 0.878714 0.810734 0.829532 0.919327 0.765103 0.671882 0.805841 0.806321 0.977601 0.846094 0.947170 0.629321 0.586390
0.229903 0.236185 0.346837 0.389005 0.947397 0.783159 0.441251 0.415882 0.663414 0.957348 0.436237 0.269677 0.314017 0.280222 0.453149 0.507736 0.214848 0.227274 0.000000 0.203401 0.474069 0.893829 0.362649 0.404792 0.407548 0.565867 0.503541 0.938034 0.275364 0.327506 0.520830 0.453765 0.228268 0.253821 0.631072 0.901427 0.524537 0.649878 0.882388 0.646195 0.605998 0.607883 0.764627 0.574527 0.880503 0.680975 0.365552 0.463011 0.636095 0.491996 0.593570 0.545992 0.784471 0.947339 0.251632 0.376843 0.238536 0.228198 0.355162 0.359595 0.285230 0.346842 0.196279 0.199574 0.372383 0.404011 0.495761 0.616491 0.390779 0.356866 0.988855 0.763287 0.685876 0.748408 0.709861 0.786296 0.843126 0.853673 0.370577 0.388632 0.238907 0.329769 0.282502 0.316227 0.231719 0.247022 0.811555 0.533319 0.493560 0.294038 0.510468 0.569219 0.471634 0.476139 0.812468 0.804785 0.864697 0.948613 0.964047 0.868091 0.934078 0.869147 0.762471 0.641616 0.617512 0.593464 0.748718 0.916223 0.771057 0.659752 0.650001 0.812737 0.970509 0.865806 0.491331 0.648566
0.168984 0.184679 0.368081 0.457439 0.850736 0.697022 0.659871 0.551520 0.565012 0.705828 0.256297 0.217924 0.297706 0.299553 0.424890 0.554286 0.180943 0.173284 0.203401 0.000000 0.430095 0.952588 0.537814 0.429889 0.353366 0.594340 0.420008 0.849814 0.300969 0.295241 0.710416 0.648261 0.334479 0.344714 0.789066 0.928584 0.564673 0.602931 0.846767 0.692097 0.523797 0.696946 0.986079 0.791456 0.867349 0.929734 0.539161 0.653467 0.853199 0.708592 0.834813 0.762425 0.973903 0.706219 0.323174 0.443625 0.203961 0.191136 0.482314 0.443685 0.322955 0.414560 0.247871 0.242643 0.263728 0.375686 0.717884 0.814288 0.257153 0.377002 0.785828 0.605428 0.916852 0.986336 0.734679 0.927030 0.939010 0.984525 0.448084 0.429698 0.234001 0.244816 0.307534 0.236899 0.208223 0.246394 0.712365 0.492491 0.495182 0.299201 0.336072 0.390815 0.334436 0.361393 0.972771 0.920651 0.966416 0.816037 0.742688 0.843828 0.703918 0.665055 0.982204 0.838292 0.824722 0.843228 0.915916 0.784876 0.778856 0.790193 0.886348 0.985890 0.818599 0.908417 0.699267 0.587767
0.440547 0.452118 0.511271 0.567600 0.927668 0.912354 0.594229 0.587608 0.784206 0.903670 0.567102 0.477176 0.501454 0.525981 0.567251 0.597446 0.442679 0.436901 0.474069 0.430095 0.000000 0.950370 0.577655 0.564072 0.563417 0.653569 0.637971 0.962069 0.448090 0.480024 0.652340 0.541387 0.407510 0.452709 0.972649 0.925797 0.704022 0.728980 0.922049 0.772751 0.803710 0.766979 0.846970 0.707576 0.889205 0.783993 0.609529 0.603784 0.729835 0.647740 0.731235 0.673225 0.813351 0.984097 0.481331 0.561500 0.457702 0.459241 0.525054 0.558244 0.448855 0.532497 0.400257 0.435689 0.531129 0.549971 0.633169 0.689914 0.555878 0.599225 0.974453 0.799643 0.780888 0.828193 0.779325 0.834710 0.941552 0.950313 0.516861 0.408565 0.425137 0.521013 0.447685 0.542076 0.480945 0.503371 0.929436 0.825182 0.664930 0.549939 0.617697 0.649425 0.647296 0.689737 0.977758 0.813725 0.918530 0.935320 0.972759 0.970455 0.834763 0.895070 0.908369 0.793953 0.778828 0.722567 0.903356 0.851602 0.783478 0.831094 0.846168 0.951966 0.976619 0.786015 0.605275 0.796251
0.939789 0.976892 0.946663 0.953052 0.817240 0.900901 0.886045 0.938194 0.904912 0.862227 0.857562 0.872473 0.965546 0.916605 0.930636 0.920002 0.955709 0.894057 0.893829 0.952588 0.950370 0.000000 0.824767 0.984601 0.963415 0.886331 0.898100 0.818188 0.973338 0.882627 0.774584 0.794151 0.892503 0.864613 0.901533 0.965180 0.888345 0.894500 0.997242 0.880766 0.967770 0.785833 0.758355 0.765062 0.808168 0.781546 0.799727 0.835321 0.749770 0.817362 0.799884 0.820701 0.895601 0.868426 0.985771 0.936266 0.919314 0.916506 0.930741 0.968934 0.936832 0.974052 0.964149 0.967399 0.925043 0.867770 0.790797 0.961126 0.988869 0.923709 0.830316 0.943272 0.892577 0.822767 0.979502 0.956650 0.741966 0.897939 0.950168 0.978737 0.991569 0.921855 0.968337 0.931411 0.983572 0.998463 0.889937 0.990567 0.981585 0.955849 0.832970 0.758561 0.809639 0.789399 0.721657 0.832029 0.819976 0.877122 0.694048 0.833028 0.879127 0.901614 0.825521 0.837587 0.833161 0.711862 0.868177 0.954974 0.913611 0.710358 0.990238 0.837497 0.755516 0.758028 0.870045 0.846867
0.550358 0.495813 0.399875 0.271830 0.788687 0.895966 0.264417 0.229229 0.909594 0.678973 0.842878 0.477002 0.466641 0.390791 0.454653 0.344144 0.483613 0.514017 0.362649 0.537814 0.577655 0.824767 0.000000 0.345941 0.594178 0.541456 0.745752 0.974116 0.471938 0.495575 0.235392 0.311818 0.294133 0.299364 0.480889 0.795607 0.621348 0.715012 0.908957 0.804524 0.905915 0.681223 0.416746 0.321516 0.547325 0.427641 0.324975 0.358089 0.459541 0.313495 0.301059 0.268853 0.382412 0.516412 0.391646 0.453516 0.515186 0.490501 0.418202 0.390349 0.361008 0.303754 0.384329 0.332869 0.581939 0.415926 0.339204 0.357594 0.786982 0.483025 0.581689 0.817155 0.376669 0.477191 0.637839 0.594220 0.510409 0.589796 0.298144 0.427512 0.459816 0.672732 0.469480 0.656895 0.478808 0.433169 0.958387 0.722656 0.661399 0.485487 0.903349 0.877304 0.833120 0.739479 0.700354 0.721722 0.834071 0.805898 0.653892 0.564151 0.893528 0.845769 0.647878 0.669652 0.425085 0.419730 0.598030 0.840640 0.935495 0.650405 0.629251 0.674677 0.661860 0.719663 0.368542 0.973457
0.385276 0.355115 0.364226 0.273513 0.876080 0.974531 0.529010 0.314322 0.941814 0.978132 0.579351 0.351804 0.320333 0.266276 0.368742 0.280287 0.363100 0.352713 0.404792 0.429889 0.564072 0.984601 0.345941 0.000000 0.484450 0.503260 0.644169 0.916596 0.488007 0.417008 0.578019 0.511827 0.402672 0.434509 0.649510 0.964961 0.678885 0.707702 0.877697 0.800332 0.742318 0.746542 0.781850 0.688185 0.960227 0.814476 0.511541 0.595648 0.790949 0.580397 0.568258 0.492783 0.638439 0.813603 0.378543 0.548760 0.348416 0.332689 0.484453 0.403255 0.330277 0.298276 0.368971 0.329321 0.392908 0.226948 0.567399 0.592707 0.576596 0.445127 0.985661 0.948745 0.736594 0.792788 0.756927 0.808822 0.866381 0.943071 0.452517 0.457236 0.348732 0.436450 0.389029 0.432288 0.351693 0.270096 0.791715 0.513521 0.522351 0.412992 0.651267 0.590062 0.604615 0.571594 0.944336 0.921710 0.986794 0.933570 0.967774 0.902065 0.890118 0.907279 0.976431 0.870473 0.748930 0.720624 0.849648 0.947729 0.670894 0.897690 0.766982 0.951672 0.978088 0.958292 0.669336 0.807840
0.298459 0.277322 0.398227 0.486155 0.730405 0.822369 0.772868 0.681250 0.505545 0.590547 0.497471 0.412984 0.478175 0.505633 0.617930 0.627689 0.307924 0.326650 0.407548 0.353366 0.563417 0.963415 0.594178 0.484450 0.000000 0.339042 0.379127 0.799503 0.548070 0.510435 0.779332 0.568885 0.453147 0.472425 0.661803 0.920156 0.527281 0.508495 0.591816 0.700265 0.644865 0.644516 0.895114 0.736977 0.865381 0.945043 0.507137 0.612356 0.872145 0.670475 0.831287 0.731518 0.955910 0.786256 0.465735 0.483115 0.292451 0.288942 0.513058 0.463668 0.556645 0.606215 0.447821 0.408657 0.313623 0.394741 0.744444 0.771221 0.297585 0.451141 0.816963 0.573232 0.964735 0.869869 0.779332 0.944064 0.955087 0.957385 0.521722 0.418902 0.301780 0.302008 0.352228 0.234889 0.271765 0.268472 0.689285 0.459888 0.475240 0.320337 0.354147 0.409458 0.341156 0.366458 0.854073 0.998846 0.921074 0.845722 0.698873 0.859788 0.562538 0.607994 0.949283 0.998864 0.860218 0.807918 0.838336 0.725069 0.804364 0.845478 0.928292 0.857347 0.842247 0.910692 0.771501 0.644635
0.522351 0.501218 0.490721 0.503714 0.882711 0.802268 0.605721 0.609265 0.731368 0.908796 0.809355 0.647463 0.599966 0.607713 0.672557 0.632124 0.542245 0.539036 0.565867 0.594340 0.653569 0.886331 0.541456 0.503260 0.339042 0.000000 0.567500 0.850686 0.689706 0.681834 0.628520 0.522565 0.507952 0.456395 0.607163 0.937506 0.609048 0.573304 0.701263 0.760517 0.919803 0.532873 0.681621 0.578484 0.874708 0.740418 0.463590 0.533232 0.702236 0.549139 0.612111 0.528210 0.696090 0.891272 0.450708 0.449028 0.498074 0.504758 0.510296 0.493395 0.665552 0.648022 0.556811 0.546579 0.577930 0.519680 0.618705 0.630095 0.558424 0.497297 0.966969 0.792477 0.813549 0.904057 0.848621 0.821247 0.810309 0.815694 0.494171 0.503204 0.456882 0.531896 0.512332 0.464460 0.462256 0.417415 0.793276 0.632153 0.503696 0.448753 0.717912 0.736099 0.694468 0.624110 0.991844 0.798951 0.883118 0.995077 0.922436 0.831322 0.820306 0.942651 0.950866 0.843659 0.719778 0.645689 0.691543 0.999074 0.854176 0.853072 0.986326 0.945596 0.910750 0.844549 0.654249 0.837037
0.410997 0.377771 0.470047 0.591255 0.828770 0.703794 0.838066 0.802807 0.547143 0.639096 0.493231 0.502188 0.546950 0.574986 0.693877 0.741610 0.421357 0.429537 0.503541 0.420008 0.637971 0.898100 0.745752 0.644169 0.379127 0.567500 0.000000 0.837681 0.617940 0.571463 0.817779 0.681994 0.577636 0.530556 0.795727 0.759809 0.542351 0.642256 0.656874 0.714532 0.703842 0.784424 0.930987 0.922411 0.779582 0.941710 0.712344 0.806678 0.996971 0.867031 0.961158 0.867788 0.917961 0.687121 0.543235 0.631605 0.408369 0.413780 0.642565 0.597998 0.592641 0.685207 0.526536 0.527257 0.405849 0.543392 0.830552 0.926161 0.406962 0.586052 0.735674 0.563526 0.981832 0.823935 0.691482 0.910730 0.921924 0.845424 0.680019 0.584882 0.508763 0.449189 0.474047 0.440601 0.384380 0.411272 0.740517 0.613692 0.654353 0.515791 0.370986 0.471677 0.431838 0.499628 0.815560 0.854469 0.800215 0.798510 0.663816 0.711630 0.505430 0.668423 0.856230 0.953518 0.985788 0.885366 0.986858 0.714867 0.873599 0.955645 0.918173 0.857248 0.759782 0.899019 0.834509 0.764628
0.807592 0.851706 0.874141 0.954589 0.837227 0.985334 0.978041 0.946006 0.898693 0.717139 0.756873 0.900105 0.848150 0.914665 0.867736 0.989838 0.860904 0.787705 0.938034 0.849814 0.962069 0.818188 0.974116 0.916596 0.799503 0.850686 0.837681 0.000000 0.971776 0.974565 0.753541 0.895706 0.973281 0.994561 0.953704 0.941710 0.987583 0.895542 0.909193 0.927641 0.988870 0.812173 0.880823 0.932817 0.783940 0.809920 0.932375 0.941268 0.846651 0.861501 0.839800 0.863644 0.846898 0.733038 0.947099 0.995986 0.811585 0.804818 0.990846 0.980926 0.908605 0.998955 0.902104 0.916329 0.736468 0.795149 0.883605 0.823237 0.782710 0.889425 0.837217 0.774678 0.889549 0.892384 0.991593 0.978313 0.779753 0.821030 0.967589 0.935875 0.852674 0.725683 0.944128 0.842990 0.767939 0.805316 0.940613 0.904229 0.981068 0.805998 0.816591 0.794986 0.820239 0.904617 0.887793 0.957495 0.848575 0.916123 0.799119 0.837046 0.690642 0.857937 0.904855 0.982262 0.972493 0.859151 0.876922 0.887684 0.895568 0.816731 0.967832 0.772137 0.890086 0.918535 0.996411 0.753156
0.358809 0.379060 0.471729 0.544619 0.868984 0.803376 0.557196 0.497955 0.775703 0.959531 0.352449 0.254992 0.340617 0.300649 0.372484 0.434390 0.220521 0.230405 0.275364 0.300969 0.448090 0.973338 0.471938 0.488007 0.548070 0.689706 0.617940 0.971776 0.000000 0.184230 0.579799 0.585283 0.302163 0.308896 0.736774 0.830327 0.636252 0.727573 0.930551 0.710929 0.704761 0.716932 0.835156 0.654935 0.837422 0.700073 0.508353 0.571001 0.687327 0.589244 0.688051 0.669113 0.816945 0.994553 0.338830 0.426718 0.371096 0.337681 0.556304 0.554863 0.273519 0.322786 0.247763 0.246051 0.409923 0.424551 0.576638 0.619182 0.547238 0.503670 0.923257 0.896317 0.730784 0.729199 0.687176 0.796560 0.895468 0.811243 0.453871 0.448253 0.316803 0.432401 0.301850 0.428164 0.364987 0.431131 0.776016 0.657196 0.602726 0.473995 0.574109 0.583710 0.479095 0.522301 0.904636 0.828826 0.981847 0.868607 0.956234 0.958591 0.951681 0.864744 0.775132 0.742330 0.724672 0.736959 0.858478 0.920180 0.712491 0.674181 0.767203 0.853916 0.975069 0.916594 0.570091 0.748102
0.355372 0.349389 0.503590 0.528097 0.889452 0.739282 0.650284 0.511276 0.760551 0.951333 0.338799 0.193003 0.344151 0.266958 0.358014 0.367044 0.201615 0.215998 0.327506 0.295241 0.480024 0.882627 0.495575 0.417008 0.510435 0.681834 0.571463 0.974565 0.184230 0.000000 0.569520 0.583411 0.351637 0.357592 0.754338 0.765354 0.600407 0.630222 0.816217 0.741541 0.687520 0.791835 0.964157 0.770705 0.957282 0.809944 0.551579 0.627057 0.829180 0.668138 0.759373 0.709878 0.859736 0.951257 0.353177 0.503859 0.351059 0.301912 0.592728 0.566089 0.257583 0.276176 0.262505 0.226477 0.366281 0.347879 0.660335 0.658918 0.513615 0.488621 0.986517 0.855015 0.811704 0.842319 0.663249 0.840043 0.984051 0.949117 0.482100 0.437366 0.305466 0.437794 0.273640 0.389854 0.374441 0.398500 0.684546 0.609991 0.583867 0.474513 0.439496 0.398762 0.383471 0.379745 0.983842 0.914970 0.886361 0.777935 0.788567 0.884327 0.868183 0.727662 0.910764 0.892453 0.839631 0.844524 0.953849 0.762105 0.751404 0.740795 0.799884 0.942084 0.878798 0.944540 0.673390 0.760949
0.752054 0.673555 0.554073 0.431669 0.758329 0.859212 0.293381 0.346754 0.875871 0.528746 0.962178 0.680566 0.720271 0.608668 0.689187 0.513092 0.634501 0.698316 0.520830 0.710416 0.652340 0.774584 0.235392 0.578019 0.779332 0.628520 0.817779 0.753541 0.579799 0.569520 0.000000 0.318582 0.351762 0.311895 0.528038 0.640602 0.645325 0.727692 0.920480 0.847392 0.981653 0.766607 0.392504 0.303950 0.402322 0.318467 0.338189 0.340455 0.392539 0.292624 0.279839 0.261440 0.339307 0.421040 0.498228 0.481124 0.687103 0.682685 0.461238 0.497758 0.516812 0.425385 0.505651 0.473693 0.829772 0.666125 0.278556 0.282809 0.991185 0.625053 0.464059 0.739885 0.390934 0.479319 0.744118 0.557812 0.404170 0.471620 0.362373 0.519047 0.635225 0.942990 0.613737 0.851087 0.734079 0.680787 0.845709 0.911591 0.790861 0.650798 0.997471 0.985588 0.976593 0.848153 0.565201 0.690938 0.720817 0.777214 0.525462 0.494337 0.807004 0.810032 0.575345 0.676873 0.437762 0.406047 0.591377 0.754698 0.877687 0.608561 0.669981 0.543868 0.521448 0.666492 0.399326 0.850874
0.612553 0.564060 0.465835 0.394597 0.815265 0.900589 0.369965 0.403499 0.924938 0.752144 0.902956 0.595868 0.567386 0.514736 0.626751 0.477598 0.555363 0.575606 0.453765 0.648261 0.541387 0.794151 0.311818 0.511827 0.568885 0.522565 0.681994 0.895706 0.585283 0.583411 0.318582 0.000000 0.368260 0.346553 0.603769 0.679839 0.615975 0.683894 0.930042 0.765760 0.956036 0.748420 0.511108 0.406941 0.609935 0.495836 0.375052 0.357316 0.537101 0.377180 0.404721 0.360892 0.428264 0.604408 0.464006 0.508270 0.565755 0.562837 0.421246 0.441632 0.497557 0.448495 0.466716 0.447521 0.677387 0.503576 0.396723 0.385052 0.807105 0.606075 0.666086 0.942349 0.522460 0.609908 0.656708 0.689085 0.643260 0.710904 0.431973 0.428647 0.520518 0.701787 0.460416 0.643876 0.562676 0.501779 0.949262 0.772981 0.662259 0.546302 0.851196 0.840706 0.819488 0.761101 0.760088 0.812752 0.879484 0.832099 0.698067 0.593214 0.947208 0.872906 0.642854 0.716823 0.557501 0.416738 0.609759 0.852403 0.961948 0.683530 0.555878 0.755765 0.647270 0.688129 0.415604 0.998884
0.316779 0.300204 0.361322 0.321501 0.973475 0.833314 0.324684 0.302310 0.759407 0.860703 0.605106 0.336083 0.406178 0.372581 0.515832 0.466947 0.289436 0.322733 0.228268 0.334479 0.407510 0.892503 0.294133 0.402672 0.453147 0.507952 0.577636 0.973281 0.302163 0.351637 0.351762 0.368260 0.000000 0.199830 0.540596 0.832611 0.527374 0.611764 0.899726 0.763006 0.753832 0.682656 0.586414 0.419307 0.683444 0.509249 0.289615 0.350394 0.480285 0.350264 0.406296 0.367711 0.580924 0.808530 0.308551 0.332660 0.283869 0.289903 0.271810 0.273894 0.281694 0.296719 0.221410 0.204364 0.446151 0.414489 0.322336 0.415592 0.514004 0.326453 0.830354 0.916027 0.579599 0.696979 0.698293 0.645238 0.696675 0.714644 0.250908 0.344676 0.298020 0.496616 0.310184 0.416467 0.324432 0.322672 0.994258 0.620469 0.525555 0.355867 0.600833 0.655050 0.592487 0.555382 0.772467 0.754218 0.775602 0.985889 0.817771 0.731672 0.959701 0.992940 0.711219 0.647219 0.490620 0.498620 0.661123 0.936046 0.834772 0.615089 0.637873 0.698912 0.774323 0.767816 0.420541 0.823685
0.376295 0.346925 0.377088 0.380719 0.910673 0.945543 0.333260 0.357146 0.772801 0.854676 0.600837 0.368994 0.406452 0.351658 0.463062 0.451086 0.304708 0.328845 0.253821 0.344714 0.452709 0.864613 0.299364 0.434509 0.472425 0.456395 0.530556 0.994561 0.308896 0.357592 0.311895 0.346553 0.199830 0.000000 0.516650 0.754599 0.489224 0.602943 0.818326 0.729395 0.766322 0.612870 0.601400 0.420410 0.671530 0.508544 0.283841 0.377056 0.497178 0.379541 0.436094 0.399003 0.555897 0.797166 0.305655 0.272571 0.350836 0.352412 0.340640 0.374042 0.314976 0.328595 0.225309 0.228649 0.510353 0.458888 0.361779 0.442422 0.583463 0.419240 0.781199 0.943844 0.569047 0.650189 0.687219 0.688644 0.670576 0.660775 0.296557 0.364567 0.316108 0.515503 0.371708 0.453174 0.369091 0.380114 0.972015 0.637955 0.520468 0.378318 0.628242 0.675425 0.598539 0.565436 0.774111 0.794021 0.798914 0.986231 0.798068 0.704674 0.948931 0.992474 0.671560 0.629511 0.573345 0.501882 0.646263 0.969539 0.855834 0.652669 0.672145 0.689386 0.769686 0.785443 0.389497 0.897569
0.741601 0.673152 0.638503 0.579004 0.936899 0.999312 0.568361 0.574442 0.919769 0.872946 0.994767 0.718135 0.771898 0.749352 0.805977 0.723083 0.692179 0.725502 0.631072 0.789066 0.972649 0.901533 0.480889 0.649510 0.661803 0.607163 0.795727 0.953704 0.736774 0.754338 0.528038 0.603769 0.540596 0.516650 0.000000 0.792530 0.592137 0.790027 0.773508 0.948120 0.842691 0.756218 0.529121 0.459211 0.659100 0.587529 0.468609 0.518515 0.622862 0.497384 0.510312 0.513075 0.575511 0.684310 0.623433 0.532905 0.697453 0.705016 0.591067 0.603960 0.703603 0.643763 0.655819 0.589555 0.745124 0.680382 0.484055 0.525417 0.876126 0.642841 0.746301 0.839419 0.681925 0.729126 0.882704 0.717966 0.568789 0.644475 0.604743 0.647753 0.644813 0.802442 0.695326 0.744614 0.654802 0.636507 0.957810 0.832885 0.630393 0.631785 0.938302 0.915270 0.907392 0.782241 0.779399 0.829630 0.854119 0.938216 0.770776 0.638194 0.930798 0.966231 0.642536 0.725078 0.534562 0.623288 0.662560 0.870032 0.896731 0.679590 0.681242 0.736870 0.755823 0.863474 0.537395 0.979239
0.979063 0.906515 0.884730 0.874137 0.847673 0.989815 0.844000 0.869219 0.962884 0.908744 0.992423 0.901341 0.978610 0.991020 0.979314 0.900583 0.857654 0.874455 0.901427 0.928584 0.925797 0.965180 0.795607 0.964961 0.920156 0.937506 0.759809 0.941710 0.830327 0.765354 0.640602 0.679839 0.832611 0.754599 0.792530 0.000000 0.774853 0.738229 0.843186 0.873625 0.906346 0.884739 0.819273 0.716911 0.743403 0.738175 0.790711 0.705141 0.882786 0.783176 0.817510 0.787803 0.754805 0.801038 0.839636 0.804819 0.903193 0.919310 0.886728 0.915288 0.881224 0.794601 0.889845 0.830565 0.932262 0.893914 0.728303 0.643883 0.875379 0.940143 0.762470 0.745984 0.765097 0.951957 0.795884 0.871782 0.892039 0.734259 0.851804 0.821893 0.903425 0.949558 0.821384 0.981320 0.940389 0.918539 0.976596 0.902207 0.898587 0.929188 0.884347 0.844453 0.851877 0.825470 0.997789 0.762995 0.886111 0.793181 0.966882 0.939608 0.978572 0.938896 0.752448 0.949528 0.895576 0.836402 0.970935 0.883073 0.858149 0.819225 0.875228 0.952876 0.850888 0.965090 0.788933 0.803737
0.527397 0.496652 0.622654 0.585818 0.858848 0.915203 0.655960 0.599795 0.691450 0.971856 0.735055 0.555319 0.715473 0.664660 0.835498 0.785219 0.556734 0.581258 0.524537 0.564673 0.704022 0.888345 0.621348 0.678885 0.527281 0.609048 0.542351 0.987583 0.636252 0.600407 0.645325 0.615975 0.527374 0.489224 0.592137 0.774853 0.000000 0.553011 0.688494 0.711106 0.667762 0.658440 0.836615 0.685174 0.922933 0.780226 0.559044 0.644858 0.774790 0.625275 0.699978 0.660922 0.811452 0.981867 0.552076 0.549113 0.547364 0.529546 0.546519 0.549938 0.655805 0.608175 0.512670 0.489475 0.678116 0.687199 0.630299 0.676049 0.613242 0.579935 0.849867 0.908750 0.801872 0.923834 0.723981 0.954566 0.899232 0.976561 0.692818 0.665461 0.581068 0.695141 0.562554 0.555794 0.548228 0.538565 0.839208 0.715149 0.585877 0.560064 0.554719 0.628100 0.507140 0.495871 0.998852 0.942061 0.975511 0.978442 0.944139 0.993340 0.834595 0.823425 0.858110 0.739743 0.729318 0.707250 0.955149 0.903630 0.965934 0.821766 0.864746 0.902888 0.972525 0.978382 0.763705 0.924583
0.558384 0.522401 0.564403 0.602097 0.774185 0.917996 0.706106 0.626919 0.820296 0.782540 0.739796 0.633225 0.730357 0.759948 0.932239 0.791952 0.637878 0.609205 0.649878 0.602931 0.728980 0.894500 0.715012 0.707702 0.508495 0.573304 0.642256 0.895542 0.727573 0.630222 0.727692 0.683894 0.611764 0.602943 0.790027 0.738229 0.553011 0.000000 0.682085 0.765645 0.640456 0.668555 0.990176 0.846651 0.932339 0.950152 0.717156 0.821806 0.970750 0.823142 0.874656 0.813606 0.895255 0.918714 0.663813 0.673312 0.525073 0.508242 0.690711 0.627139 0.638514 0.582261 0.615598 0.530802 0.589732 0.552352 0.786612 0.746891 0.572664 0.468536 0.932906 0.864870 0.855160 0.996406 0.807246 0.934025 0.913567 0.943961 0.699377 0.718737 0.614500 0.710111 0.599415 0.581998 0.631646 0.571091 0.847843 0.769993 0.636676 0.548594 0.547963 0.522975 0.575588 0.442824 0.888251 0.965516 0.982868 0.923016 0.799881 0.901590 0.855838 0.747838 0.916829 0.935664 0.925688 0.869875 0.871833 0.895431 0.957436 0.885465 0.920837 0.851130 0.875937 0.974895 0.828640 0.685140
