0.000000 0.351137 0.869127 0.957339 0.798797 0.859000 0.987928 0.661044 0.780439 0.678284 0.511163 0.353617 0.493756 0.477594 0.618734 0.653286 0.432929 0.370445 0.384741 0.307123 0.831190 0.940419 0.613467 0.719153 0.958254 0.654813 0.798581 0.823116 0.469888 0.530072 0.932553 0.909826 0.723770 0.849732 0.959862 0.817850 0.696575 0.984665 0.764391 0.823795 0.953037 0.842555 0.860552 0.839098 0.918669 0.734795 0.620368 0.709546 0.538075 0.611168 0.864295 0.927517 0.971093 0.719619 0.767138 0.937680 0.319456 0.423594 0.521412 0.644232 0.877867 0.748785 0.491564 0.406738 0.887894 0.756232 0.850344 0.790029 0.466704 0.525534 0.964728 0.942269 0.899697 0.913046 0.946992 0.940335 0.793836 0.939872 0.881684 0.769808 0.447370 0.412801 0.512665 0.565659 0.435345 0.719206 0.968876 0.655655 0.769979 0.497398 0.833086 0.689588 0.732806 0.609971 0.941456 0.953973 0.809948 0.997067 0.861449 0.876909 0.895684 0.758763 0.909998 0.936779 0.979542 0.816940 0.941031 0.781399 0.767627 0.932708 0.940672 0.825433 0.818740 0.926952 0.982188 0.880132
0.351137 0.000000 0.607413 0.912484 0.863618 0.703472 0.729062 0.769321 0.626001 0.752773 0.788139 0.381372 0.726642 0.490576 0.703062 0.617485 0.367488 0.359103 0.489799 0.339281 0.978258 0.935432 0.672599 0.710261 0.851643 0.594558 0.821348 0.717751 0.474055 0.509444 0.888286 0.981475 0.943625 0.942244 0.741971 0.824224 0.833311 0.763628 0.806602 0.730871 0.998821 0.903665 0.944572 0.838075 0.888754 0.656154 0.663004 0.785750 0.326892 0.498461 0.892964 0.945523 0.913574 0.625964 0.793147 0.968375 0.259773 0.253759 0.857335 0.804280 0.819767 0.786937 0.721505 0.525886 0.675964 0.635630 0.561324 0.628031 0.613103 0.470469 0.763982 0.631588 0.859841 0.720596 0.953869 0.984949 0.940787 0.845761 0.822835 0.744133 0.435085 0.346582 0.420918 0.446020 0.409565 0.648379 0.984680 0.562829 0.989445 0.684527 0.499332 0.450908 0.474897 0.375739 0.878106 0.954810 0.991417 0.934514 0.878649 0.888583 0.693688 0.523035 0.848458 0.818325 0.807485 0.872499 0.901257 0.605129 0.812404 0.945668 0.902109 0.994511 0.816062 0.981993 0.853723 0.827912
0.869127 0.607413 0.000000 0.439020 0.997387 0.525061 0.312220 0.572611 0.754412 0.821673 0.834648 0.886594 0.693076 0.905502 0.831205 0.998423 0.917763 0.869916 0.923472 0.853095 0.790398 0.897988 0.867870 0.972516 0.890884 0.518677 0.776779 0.812857 0.941681 0.947958 0.434090 0.470348 0.456901 0.508424 0.507415 0.820624 0.910732 0.708312 0.902499 0.906300 0.950410 0.898301 0.469896 0.548152 0.562137 0.732992 0.621879 0.543527 0.718972 0.970109 0.573602 0.592622 0.534186 0.403417 0.795967 0.969843 0.762089 0.584821 0.844769 0.969681 0.465776 0.895323 0.673368 0.886003 0.317497 0.507216 0.294767 0.351685 0.748074 0.808816 0.521167 0.475916 0.564860 0.504155 0.885900 0.960823 0.689507 0.573969 0.888003 0.935341 0.981614 0.806685 0.831069 0.850744 0.881385 0.979111 0.964396 0.976425 0.862031 0.941967 0.445453 0.602197 0.553078 0.633546 0.715585 0.914202 0.708747 0.954250 0.544703 0.468555 0.537550 0.542121 0.500901 0.530939 0.550954 0.486560 0.988089 0.728781 0.902828 0.659844 0.650470 0.635661 0.709041 0.703356 0.546790 0.987409
0.957339 0.912484 0.439020 0.000000 0.986812 0.718351 0.460353 0.421503 0.907843 0.705775 0.917920 0.864361 0.728853 0.651777 0.717113 0.725642 0.933927 0.936331 0.781197 0.870364 0.782282 0.842846 0.635197 0.681628 0.789388 0.554658 0.855687 0.930030 0.845115 0.775159 0.366078 0.441038 0.522384 0.516122 0.701027 0.861822 0.809029 0.789374 0.867903 0.891421 0.833562 0.905161 0.442016 0.503458 0.530294 0.597752 0.561473 0.516360 0.990696 0.750565 0.453957 0.435593 0.490477 0.499004 0.787301 0.903037 0.946511 0.838615 0.947929 0.933406 0.686925 0.792731 0.656023 0.835645 0.448328 0.494337 0.555395 0.523919 0.868430 0.905003 0.616321 0.551248 0.554592 0.615008 0.796003 0.945795 0.570958 0.537679 0.748984 0.798306 0.847590 0.916612 0.881898 0.964358 0.810826 0.674950 0.932228 0.847944 0.936029 0.860501 0.651697 0.827058 0.740222 0.918181 0.630744 0.868438 0.755746 0.903982 0.619391 0.593380 0.724346 0.698121 0.638429 0.710519 0.646139 0.496787 0.913096 0.872228 0.901316 0.804803 0.661847 0.727960 0.633871 0.757930 0.771645 0.905705
0.798797 0.863618 0.997387 0.986812 0.000000 0.941506 0.934691 0.896160 0.896942 0.965552 0.877360 0.805044 0.807261 0.754415 0.699572 0.731018 0.900754 0.905817 0.822419 0.808931 0.898117 0.930965 0.706232 0.626835 0.958592 0.862505 0.753194 0.761957 0.866852 0.885991 0.977672 0.978676 0.867483 0.991289 0.995435 0.897187 0.952780 0.826382 0.944069 0.971742 0.966819 0.888919 0.909080 0.887501 0.886068 0.920941 0.966104 0.868090 0.744964 0.788285 0.819623 0.857215 0.828383 0.984298 0.781131 0.948836 0.884604 0.995042 0.947840 0.994296 0.979621 0.713300 0.999895 0.925529 0.942752 0.956693 0.995826 0.921249 0.800888 0.817486 0.953485 0.952658 0.884860 0.923978 0.972700 0.996505 0.921082 0.794100 0.849819 0.979184 0.935242 0.944167 0.832971 0.882119 0.697807 0.755960 0.856919 0.692947 0.773269 0.887762 0.933272 0.952458 0.947510 0.974186 0.893492 0.989949 0.983337 0.975503 0.957696 0.887246 0.931679 0.944976 0.886755 0.988183 0.864019 0.924153 0.851593 0.975631 0.832883 0.794848 0.982279 0.866200 0.973372 0.953888 0.972674 0.817050
0.859000 0.703472 0.525061 0.718351 0.941506 0.000000 0.487233 0.685406 0.696160 0.810602 0.792354 0.924442 0.854612 0.960116 0.856458 0.916018 0.902230 0.903312 0.955589 0.837872 0.727241 0.968153 0.933809 0.998722 0.941445 0.671702 0.789184 0.908936 0.869103 0.981279 0.676325 0.694027 0.672904 0.741975 0.707559 0.986356 0.981881 0.821366 0.816994 0.946624 0.940887 0.909160 0.582234 0.661924 0.709201 0.850554 0.837898 0.756673 0.834731 0.993204 0.691766 0.729760 0.735096 0.588066 0.868429 0.799186 0.702456 0.556356 0.855023 0.906081 0.547182 0.837439 0.750090 0.920574 0.606964 0.518492 0.497955 0.544014 0.647359 0.767880 0.613269 0.572440 0.810539 0.602110 0.719844 0.790875 0.715222 0.750926 0.911373 0.823544 0.980887 0.820360 0.845447 0.801601 0.848978 0.879617 0.812983 0.848756 0.955776 0.921818 0.599694 0.628660 0.679467 0.679512 0.864682 0.916452 0.798925 0.929262 0.686491 0.563706 0.695282 0.680654 0.675093 0.751037 0.694772 0.732724 0.932715 0.804497 0.937731 0.919690 0.841516 0.687062 0.854547 0.914677 0.624911 0.991035
0.987928 0.729062 0.312220 0.460353 0.934691 0.487233 0.000000 0.430293 0.685757 0.606923 0.676300 0.973419 0.519487 0.765735 0.674536 0.756652 0.956141 0.955671 0.757885 0.902318 0.674573 0.916777 0.763773 0.898676 0.930303 0.618438 0.858443 0.916065 0.846006 0.748527 0.315075 0.412327 0.370285 0.397988 0.570032 0.873005 0.905966 0.717279 0.796097 0.914109 0.962471 0.904708 0.330628 0.409283 0.431703 0.590479 0.606144 0.469972 0.892290 0.848079 0.446479 0.471965 0.487555 0.368087 0.816750 0.893346 0.813230 0.641664 0.729953 0.917421 0.349163 0.824934 0.488629 0.692597 0.468193 0.516577 0.260628 0.327773 0.724867 0.822331 0.402842 0.363943 0.440445 0.396828 0.832777 0.822224 0.513469 0.447647 0.719174 0.763094 0.861609 0.879550 0.948319 0.921331 0.926596 0.950811 0.983847 0.987261 0.905579 0.902100 0.424834 0.561702 0.587338 0.673626 0.722539 0.694384 0.656885 0.828845 0.382047 0.337283 0.437066 0.441565 0.435072 0.423125 0.536426 0.440857 0.981665 0.709653 0.821583 0.728445 0.674815 0.569991 0.656277 0.676824 0.596506 0.985980
0.661044 0.769321 0.572611 0.421503 0.896160 0.685406 0.430293 0.000000 0.914605 0.486546 0.676005 0.521102 0.429710 0.385856 0.555954 0.526986 0.707386 0.731137 0.596108 0.693319 0.752503 0.972016 0.586435 0.676035 0.864931 0.795043 0.931949 0.845031 0.611647 0.618830 0.469154 0.445296 0.467204 0.462713 0.710766 0.938598 0.828023 0.840535 0.758680 0.939489 0.799872 0.969439 0.308730 0.352197 0.359624 0.366179 0.420429 0.363364 0.624420 0.456346 0.395787 0.400608 0.585390 0.652737 0.731434 0.958110 0.813597 0.919161 0.612162 0.687391 0.479033 0.459805 0.410970 0.485302 0.536362 0.557382 0.564401 0.548763 0.916116 0.820637 0.616251 0.657466 0.568363 0.628705 0.783900 0.852368 0.481112 0.636366 0.816174 0.761290 0.644667 0.806696 0.760640 0.885341 0.669028 0.618503 0.995843 0.740419 0.925445 0.649813 0.726614 0.903285 0.821443 0.965271 0.676928 0.766114 0.702074 0.872784 0.458178 0.388680 0.615790 0.791130 0.539240 0.677198 0.608200 0.600817 0.878018 0.880507 0.729118 0.772238 0.634918 0.512826 0.588132 0.679586 0.742117 0.848981
0.780439 0.626001 0.754412 0.907843 0.896942 0.696160 0.685757 0.914605 0.000000 0.895092 0.971137 0.811949 0.900377 0.828989 0.899112 0.991064 0.767168 0.686738 0.870776 0.691786 0.914207 0.982112 0.998339 0.908836 0.912486 0.850132 0.943492 0.969860 0.763052 0.814904 0.899484 0.942377 0.894459 0.959963 0.714346 0.942204 0.994134 0.759680 0.878611 0.826710 0.999574 0.965319 0.903855 0.975935 0.900323 0.948577 0.946231 0.970906 0.779351 0.990990 0.872007 0.802549 0.804472 0.699467 0.916600 0.940345 0.632305 0.570901 0.940794 0.963847 0.773517 0.873075 0.904607 0.850257 0.710336 0.753659 0.627213 0.779792 0.806334 0.876198 0.738141 0.596049 0.720342 0.628353 0.874218 0.914725 0.645612 0.880163 0.863203 0.875727 0.732328 0.613405 0.639717 0.632724 0.745917 0.886550 0.836483 0.763869 0.733475 0.923835 0.497681 0.435742 0.454875 0.497916 0.766754 0.827707 0.807042 0.805838 0.647251 0.666449 0.608774 0.697290 0.746256 0.696177 0.829962 0.837315 0.876961 0.677483 0.877333 0.855906 0.913759 0.705638 0.934964 0.878577 0.909043 0.832282
0.678284 0.752773 0.821673 0.705775 0.965552 0.810602 0.606923 0.486546 0.895092 0.000000 0.533316 0.581424 0.539898 0.587333 0.421545 0.446453 0.554235 0.559319 0.552810 0.670297 0.823378 0.925293 0.482190 0.657420 0.997414 0.977924 0.965286 0.956746 0.511315 0.443618 0.577525 0.574090 0.522792 0.570941 0.918063 0.819720 0.798514 0.992101 0.880531 0.867232 0.979900 0.900403 0.608621 0.599106 0.575600 0.509380 0.603276 0.553773 0.611247 0.499482 0.628333 0.622490 0.790692 0.896411 0.963077 0.995689 0.778862 0.876763 0.683729 0.961762 0.757955 0.664567 0.493478 0.446607 0.883438 0.995261 0.809473 0.881719 0.965707 0.784036 0.675708 0.741404 0.686760 0.691321 0.759671 0.872975 0.625012 0.678906 0.739556 0.579664 0.511398 0.692654 0.644503 0.735851 0.685034 0.716036 0.932586 0.875501 0.976296 0.718181 0.963694 0.998859 0.972641 0.871254 0.910706 0.877669 0.718198 0.925230 0.734648 0.626735 0.789259 0.974710 0.724154 0.637949 0.773858 0.703004 0.860507 0.975249 0.588048 0.964455 0.816949 0.741545 0.818882 0.771642 0.912101 0.699898
0.511163 0.788139 0.834648 0.917920 0.877360 0.792354 0.676300 0.676005 0.971137 0.533316 0.000000 0.591210 0.418387 0.677007 0.650330 0.673957 0.600660 0.551211 0.565441 0.654212 0.758865 0.973004 0.761086 0.829566 0.952544 0.956966 0.892928 0.975293 0.587271 0.562416 0.763169 0.820724 0.580324 0.722999 0.992672 0.917132 0.770513 0.950512 0.779820 0.975834 0.898835 0.923763 0.775232 0.764701 0.893527 0.821714 0.709060 0.772973 0.878681 0.799231 0.897685 0.944011 0.965555 0.890475 0.950870 0.967899 0.765370 0.882597 0.401271 0.621535 0.526496 0.765872 0.407320 0.371638 0.897771 0.995168 0.756405 0.881535 0.874171 0.811092 0.789980 0.771411 0.689039 0.796176 0.866421 0.854606 0.710067 0.853326 0.818735 0.683828 0.600442 0.696898 0.794671 0.794014 0.811700 0.836003 0.870719 0.887849 0.767018 0.609947 0.885338 0.971198 0.979781 0.929547 0.908737 0.880996 0.745082 0.877684 0.745180 0.718581 0.821781 0.895545 0.656461 0.694425 0.764780 0.748302 0.978349 0.984078 0.759528 0.810396 0.973535 0.781699 0.931390 0.916914 0.857084 0.909563
0.353617 0.381372 0.886594 0.864361 0.805044 0.924442 0.973419 0.521102 0.811949 0.581424 0.591210 0.000000 0.455209 0.330781 0.495547 0.425929 0.471938 0.478880 0.450919 0.363839 0.970168 0.940357 0.518458 0.535121 0.960445 0.681963 0.826301 0.710942 0.457881 0.530010 0.922268 0.862453 0.778141 0.818083 0.905291 0.706113 0.731102 0.992665 0.859188 0.819717 0.889208 0.896303 0.784972 0.789512 0.802850 0.631543 0.617867 0.687182 0.390118 0.468240 0.761893 0.825147 0.986468 0.742572 0.836328 0.962021 0.477835 0.531829 0.599360 0.676903 0.851052 0.463054 0.548709 0.418609 0.987908 0.990391 0.850709 0.839236 0.641286 0.537925 0.983750 0.951110 0.937132 0.966235 0.869233 0.982783 0.776850 0.920463 0.894152 0.824004 0.516481 0.519100 0.537956 0.661191 0.385673 0.514544 0.834735 0.551376 0.832416 0.523463 0.806773 0.691535 0.730591 0.617192 0.907935 0.862714 0.946336 0.981781 0.897107 0.832953 0.947551 0.739890 0.984258 0.991889 0.928578 0.907386 0.929570 0.814235 0.749562 0.952970 0.886046 0.810550 0.906732 0.990633 0.969693 0.736349
0.493756 0.726642 0.693076 0.728853 0.807261 0.854612 0.519487 0.429710 0.900377 0.539898 0.418387 0.455209 0.000000 0.433710 0.435335 0.495905 0.597353 0.622037 0.433302 0.577047 0.859978 0.974720 0.538558 0.738471 0.990237 0.923579 0.935412 0.941569 0.534071 0.520771 0.591244 0.608665 0.460706 0.582404 0.811835 0.939371 0.755099 0.844986 0.762946 0.995259 0.962484 0.937031 0.497478 0.530718 0.566533 0.554225 0.453285 0.492359 0.686931 0.562566 0.540984 0.591077 0.703980 0.822056 0.667848 0.934683 0.683490 0.841890 0.487044 0.715512 0.492024 0.570666 0.417432 0.391935 0.760130 0.864425 0.662620 0.759704 0.798979 0.790175 0.619500 0.722177 0.581700 0.653329 0.822327 0.896089 0.559558 0.716243 0.771197 0.817862 0.640590 0.757893 0.661178 0.837383 0.668571 0.788815 0.811678 0.757317 0.674928 0.596506 0.771622 0.933336 0.906693 0.944049 0.935640 0.773567 0.700429 0.819631 0.533298 0.473921 0.653579 0.847010 0.552866 0.631071 0.625266 0.636445 0.992477 0.997564 0.782596 0.672662 0.694192 0.543025 0.710425 0.710806 0.710605 0.879177
0.477594 0.490576 0.905502 0.651777 0.754415 0.960116 0.765735 0.385856 0.828989 0.587333 0.677007 0.330781 0.433710 0.000000 0.432572 0.348715 0.547140 0.516459 0.377610 0.402898 0.848314 0.901158 0.385559 0.420403 0.891850 0.818663 0.876084 0.838721 0.415190 0.453416 0.691180 0.545035 0.590274 0.605193 0.994147 0.917916 0.772750 0.932369 0.816259 0.741301 0.794381 0.986775 0.495540 0.526467 0.553515 0.477724 0.449409 0.488986 0.395194 0.401192 0.446199 0.554549 0.718195 0.938294 0.650484 0.951800 0.567161 0.678793 0.791504 0.828906 0.817369 0.519416 0.521761 0.490126 0.888582 0.805521 0.992122 0.961895 0.794450 0.641024 0.848271 0.991101 0.724500 0.834598 0.793652 0.837783 0.727682 0.892017 0.816075 0.705604 0.522206 0.527471 0.471675 0.699091 0.340524 0.367849 0.855902 0.468948 0.970001 0.575448 0.899717 0.706890 0.773234 0.590981 0.936657 0.824635 0.921597 0.997846 0.836506 0.678668 0.988660 0.902342 0.894295 0.917263 0.856582 0.847329 0.858403 0.858896 0.823302 0.880582 0.869369 0.727135 0.728197 0.829686 0.948598 0.754373
0.618734 0.703062 0.831205 0.717113 0.699572 0.856458 0.674536 0.555954 0.899112 0.421545 0.650330 0.495547 0.435335 0.432572 0.000000 0.322629 0.513889 0.540431 0.399690 0.539041 0.892143 0.993935 0.296555 0.479201 0.887493 0.857931 0.900825 0.909855 0.514669 0.443597 0.579514 0.564634 0.474452 0.558831 0.958928 0.905924 0.774000 0.830824 0.899158 0.986947 0.973403 0.905815 0.566739 0.601622 0.577723 0.512915 0.557365 0.520368 0.568370 0.472708 0.484336 0.496356 0.601380 0.798784 0.762117 0.984168 0.688393 0.856100 0.862940 0.892852 0.893474 0.700799 0.581047 0.539830 0.871713 0.994072 0.885601 0.994933 0.764020 0.799241 0.644817 0.788623 0.592056 0.611341 0.759759 0.889186 0.619546 0.775652 0.777744 0.658327 0.545420 0.651214 0.558613 0.754253 0.465756 0.594926 0.721864 0.660183 0.836111 0.696850 0.972253 0.990778 0.960654 0.838586 0.913847 0.879773 0.754482 0.914493 0.793675 0.637512 0.835498 0.977980 0.819312 0.633730 0.771883 0.740741 0.892848 0.940722 0.740593 0.867259 0.832332 0.690635 0.730574 0.726794 0.763896 0.835410
0.653286 0.617485 0.998423 0.725642 0.731018 0.916018 0.756652 0.526986 0.991064 0.446453 0.673957 0.425929 0.495905 0.348715 0.322629 0.000000 0.576959 0.559201 0.435776 0.569027 0.865627 0.898094 0.338829 0.402086 0.995154 0.759495 0.918249 0.835187 0.407624 0.416806 0.681504 0.620003 0.610774 0.672631 0.914781 0.837821 0.848005 0.985159 0.888696 0.895806 0.923336 0.922113 0.575231 0.568849 0.592304 0.501525 0.590850 0.593851 0.427507 0.481383 0.530192 0.582646 0.726591 0.906354 0.746260 0.919819 0.731064 0.801400 0.880243 0.956839 0.905765 0.589443 0.620670 0.562797 0.975083 0.915377 0.996214 0.998515 0.884181 0.768785 0.857874 0.864972 0.728344 0.728494 0.746837 0.869902 0.718192 0.821081 0.723877 0.683405 0.593437 0.676881 0.512429 0.757887 0.481527 0.458250 0.772335 0.550863 0.976199 0.696366 0.861755 0.834363 0.800035 0.664472 0.988270 0.761519 0.869740 0.907180 0.889172 0.737494 0.956246 0.921143 0.988659 0.841979 0.903910 0.925170 0.990152 0.870009 0.723271 0.975692 0.941603 0.841213 0.812202 0.817553 0.991722 0.762769
0.432929 0.367488 0.917763 0.933927 0.900754 0.902230 0.956141 0.707386 0.767168 0.554235 0.600660 0.471938 0.597353 0.547140 0.513889 0.576959 0.000000 0.294364 0.421686 0.390480 0.906107 0.984951 0.582613 0.694399 0.821594 0.734778 0.846085 0.960351 0.375814 0.314890 0.810133 0.748776 0.658550 0.682271 0.934244 0.877965 0.763885 0.876042 0.824532 0.779667 0.886034 0.910838 0.790861 0.718450 0.758262 0.556251 0.595500 0.624539 0.519772 0.500664 0.782664 0.873670 0.953748 0.828124 0.815808 0.994809 0.327981 0.429142 0.817838 0.867533 0.995352 0.879497 0.523697 0.374633 0.847928 0.667876 0.838505 0.838773 0.735827 0.526141 0.989071 0.895490 0.932501 0.931376 0.879715 0.961728 0.838312 0.919963 0.591294 0.605194 0.270454 0.342490 0.461932 0.386094 0.479836 0.706377 0.903733 0.631967 0.981038 0.714435 0.633549 0.580008 0.575125 0.520601 0.939591 0.926434 0.904896 0.810320 0.953877 0.954897 0.876666 0.681272 0.940270 0.827311 0.986323 0.920394 0.931075 0.644666 0.699996 0.977879 0.928848 0.950690 0.766198 0.821045 0.922382 0.780581
0.370445 0.359103 0.869916 0.936331 0.905817 0.903312 0.955671 0.731137 0.686738 0.559319 0.551211 0.478880 0.622037 0.516459 0.540431 0.559201 0.294364 0.000000 0.332092 0.370388 0.818498 0.985618 0.569609 0.663748 0.791784 0.711966 0.809620 0.904454 0.383302 0.288498 0.836803 0.766391 0.679442 0.699934 0.770615 0.887339 0.779318 0.903990 0.754069 0.843339 0.897311 0.881731 0.804524 0.714658 0.806953 0.599226 0.610256 0.641202 0.515966 0.549664 0.799044 0.855677 0.906976 0.847568 0.873436 0.975723 0.333305 0.447280 0.845769 0.920709 0.966940 0.999350 0.500575 0.401455 0.782184 0.656816 0.794234 0.785770 0.703557 0.632890 0.998936 0.947194 0.885443 0.989797 0.938940 0.958566 0.812235 0.915142 0.596667 0.493138 0.262447 0.295481 0.377170 0.407020 0.481048 0.707760 0.997353 0.627546 0.944179 0.730697 0.640017 0.596187 0.548063 0.506150 0.919643 0.863469 0.964247 0.895605 0.953121 0.987434 0.796988 0.705417 0.964674 0.898310 0.977859 0.925967 0.996290 0.695043 0.713156 0.980027 0.912785 0.990164 0.727756 0.829474 0.978116 0.862350
0.384741 0.489799 0.923472 0.781197 0.822419 0.955589 0.757885 0.596108 0.870776 0.552810 0.565441 0.450919 0.433302 0.377610 0.399690 0.435776 0.421686 0.332092 0.000000 0.393998 0.795443 0.964648 0.374891 0.519210 0.863307 0.717928 0.859691 0.973263 0.399111 0.363699 0.703875 0.599313 0.533220 0.635597 0.972859 0.932208 0.685516 0.972952 0.790982 0.851986 0.943523 0.932408 0.611265 0.601911 0.668454 0.542403 0.484811 0.517465 0.511266 0.516425 0.584687 0.689997 0.737333 0.962048 0.715830 0.977271 0.421744 0.590247 0.809266 0.970977 0.892554 0.840390 0.474508 0.439445 0.983069 0.852466 0.992622 0.939672 0.643292 0.668002 0.781789 0.900027 0.721495 0.853870 0.939859 0.850052 0.704892 0.841902 0.687266 0.587062 0.429820 0.447387 0.416601 0.550364 0.401440 0.609962 0.839030 0.561583 0.891502 0.613027 0.885544 0.790230 0.743009 0.673732 0.970550 0.740458 0.853228 0.944535 0.851939 0.746831 0.988216 0.856669 0.861011 0.767639 0.891581 0.715509 0.972440 0.749869 0.746129 0.901635 0.911614 0.787345 0.651576 0.730011 0.940075 0.878212
0.307123 0.339281 0.853095 0.870364 0.808931 0.837872 0.902318 0.693319 0.691786 0.670297 0.654212 0.363839 0.577047 0.402898 0.539041 0.569027 0.390480 0.370388 0.393998 0.000000 0.924736 0.972058 0.472301 0.540816 0.920042 0.711363 0.833527 0.892125 0.433744 0.482223 0.919943 0.868166 0.743081 0.847737 0.869252 0.825265 0.709795 0.996735 0.839280 0.745770 0.972345 0.823019 0.862728 0.831423 0.824270 0.624515 0.610965 0.644444 0.427225 0.429720 0.754943 0.843497 0.931147 0.765243 0.694320 0.896843 0.293112 0.389728 0.772309 0.811690 0.922070 0.717747 0.660418 0.518890 0.895579 0.754569 0.740188 0.737199 0.447394 0.477729 0.994712 0.754890 0.968241 0.843297 0.866214 0.989902 0.844678 0.922951 0.860604 0.785088 0.451992 0.337296 0.408256 0.437006 0.312438 0.586387 0.916239 0.555238 0.885535 0.533450 0.666949 0.557115 0.645047 0.510382 0.970946 0.990233 0.946662 0.950614 0.926222 0.998861 0.811202 0.625716 0.945384 0.959174 0.973109 0.918424 0.959627 0.693545 0.850093 0.985092 0.906167 0.929994 0.806136 0.874649 0.992256 0.824836
0.831190 0.978258 0.790398 0.782282 0.898117 0.727241 0.674573 0.752503 0.914207 0.823378 0.758865 0.970168 0.859978 0.848314 0.892143 0.865627 0.906107 0.818498 0.795443 0.924736 0.000000 0.848089 0.930870 0.911380 0.851511 0.797204 0.966519 0.892990 0.865695 0.873751 0.582896 0.667642 0.732628 0.727717 0.904374 0.950043 0.995143 0.993896 0.769273 0.838508 0.962572 0.925933 0.673220 0.710967 0.856822 0.837482 0.814717 0.799762 0.995172 0.948854 0.755449 0.732578 0.796897 0.729171 0.919525 0.883138 0.981983 0.923971 0.883881 0.914908 0.771738 0.897406 0.630880 0.785886 0.949124 0.871065 0.829767 0.794900 0.925559 0.932269 0.703012 0.783804 0.731806 0.636854 0.845945 0.752881 0.900236 0.796036 0.744709 0.708714 0.789668 0.852101 0.915563 0.971386 0.989446 0.955121 0.747825 0.896999 0.939129 0.803868 0.836493 0.955407 0.951877 0.923396 0.880894 0.828671 0.842273 0.960020 0.760714 0.862443 0.888417 0.834993 0.755386 0.735674 0.846636 0.772516 0.950118 0.885352 0.887383 0.951338 0.977168 0.933143 0.867141 0.935091 0.857871 0.885382
0.940419 0.935432 0.897988 0.842846 0.930965 0.968153 0.916777 0.972016 0.982112 0.925293 0.973004 0.940357 0.974720 0.901158 0.993935 0.898094 0.984951 0.985618 0.964648 0.972058 0.848089 0.000000 0.997214 0.982990 0.940364 0.740549 0.840938 0.927144 0.944325 0.919684 0.889803 0.975475 0.876199 0.838344 0.927275 0.734312 0.871538 0.784719 0.944258 0.943671 0.958664 0.950395 0.984137 0.992813 0.951150 0.984023 0.916725 0.881420 0.870131 0.928564 0.857337 0.910496 0.833621 0.851290 0.883497 0.845731 0.974252 0.956421 0.961533 0.999781 0.995880 0.934022 0.981996 0.983451 0.923875 0.960838 0.880909 0.898978 0.952707 0.902332 0.929806 0.987814 0.999406 0.991422 0.760878 0.966153 0.887591 0.885004 0.934828 0.948458 0.977849 0.976201 0.950857 0.898340 0.993760 0.912575 0.863531 0.980182 0.993953 0.995678 0.914488 0.928283 0.935486 0.951661 0.974434 0.989620 0.902768 0.968123 0.961994 0.977523 0.921586 0.986372 0.924923 0.981646 0.910441 0.752890 0.829426 0.913334 0.994850 0.827670 0.883317 0.968702 0.956402 0.919210 0.825077 0.918886
0.613467 0.672599 0.867870 0.635197 0.706232 0.933809 0.763773 0.586435 0.998339 0.482190 0.761086 0.518458 0.538558 0.385559 0.296555 0.338829 0.582613 0.569609 0.374891 0.472301 0.930870 0.997214 0.000000 0.364219 0.940952 0.826024 0.799466 0.965728 0.493415 0.467123 0.624912 0.605178 0.541613 0.655974 0.957470 0.918603 0.711170 0.894395 0.966207 0.920635 0.906990 0.889926 0.659496 0.681331 0.645207 0.574588 0.585817 0.565710 0.523739 0.446603 0.497516 0.548833 0.628106 0.850259 0.761010 0.853647 0.641105 0.781749 0.949590 0.864528 0.959042 0.724322 0.719121 0.652374 0.885815 0.981122 0.992824 0.926239 0.660272 0.720666 0.734590 0.891612 0.632048 0.739296 0.840121 0.901538 0.686781 0.844398 0.843064 0.761165 0.630406 0.585640 0.484481 0.692904 0.386334 0.484222 0.736959 0.532082 0.899433 0.686991 0.965316 0.896954 0.910783 0.729992 0.856886 0.846857 0.785870 0.999524 0.877473 0.770329 0.952712 0.914673 0.953131 0.736497 0.884515 0.763145 0.910711 0.922130 0.762227 0.933594 0.836144 0.837262 0.790308 0.797528 0.979195 0.852294
0.719153 0.710261 0.972516 0.681628 0.626835 0.998722 0.898676 0.676035 0.908836 0.657420 0.829566 0.535121 0.738471 0.420403 0.479201 0.402086 0.694399 0.663748 0.519210 0.540816 0.911380 0.982990 0.364219 0.000000 0.952312 0.884920 0.910736 0.990532 0.546504 0.587352 0.771851 0.699081 0.719009 0.778872 0.942046 0.805182 0.823124 0.958915 0.939394 0.761268 0.812015 0.955933 0.759499 0.751216 0.743146 0.659417 0.754268 0.684132 0.536436 0.546524 0.611974 0.699767 0.780423 0.952624 0.782004 0.919950 0.763434 0.844242 0.981566 0.929171 0.920552 0.680774 0.789348 0.751515 0.956077 0.924897 0.914263 0.905963 0.810463 0.721149 0.905437 0.996715 0.906967 0.909525 0.827603 0.890098 0.816236 0.974963 0.869027 0.777814 0.672136 0.644758 0.600487 0.685685 0.403826 0.400806 0.778936 0.487430 0.974746 0.655355 0.832302 0.769060 0.748404 0.647346 0.945576 0.885263 0.974491 0.929001 0.968132 0.899785 0.868017 0.857156 0.909320 0.979830 0.972496 0.938574 0.945914 0.880172 0.920780 0.911756 0.982800 0.922720 0.973245 0.954845 0.850731 0.799641
0.958254 0.851643 0.890884 0.789388 0.958592 0.941445 0.930303 0.864931 0.912486 0.997414 0.952544 0.960445 0.990237 0.891850 0.887493 0.995154 0.821594 0.791784 0.863307 0.920042 0.851511 0.940364 0.940952 0.952312 0.000000 0.718488 0.956149 0.933996 0.964145 0.870979 0.792224 0.722689 0.876124 0.781135 0.895332 0.837278 0.917976 0.946502 0.790306 0.893568 0.967829 0.836127 0.804063 0.733668 0.829224 0.793041 0.681612 0.723890 0.984394 0.862936 0.776194 0.652073 0.686539 0.787825 0.878623 0.809044 0.839890 0.915118 0.859469 0.955869 0.924994 0.817907 0.849824 0.910870 0.887490 0.981349 0.994223 0.972271 0.814900 0.992449 0.812010 0.927652 0.929899 0.874257 0.951003 0.866522 0.805907 0.869167 0.829608 0.694522 0.733485 0.690491 0.829340 0.909702 0.848230 0.838503 0.956664 0.881950 0.983716 0.920843 0.955470 0.866935 0.980509 0.858784 0.880836 0.987760 0.996692 0.925868 0.921222 0.968939 0.932296 0.906180 0.852689 0.969877 0.994184 0.969651 0.955151 0.908630 0.950163 0.923130 0.992810 0.853399 0.681817 0.781028 0.836909 0.880998
0.654813 0.594558 0.518677 0.554658 0.862505 0.671702 0.618438 0.795043 0.850132 0.977924 0.956966 0.681963 0.923579 0.818663 0.857931 0.759495 0.734778 0.711966 0.717928 0.711363 0.797204 0.740549 0.826024 0.884920 0.718488 0.000000 0.783046 0.910384 0.735779 0.806220 0.578577 0.731756 0.776737 0.700294 0.615794 0.711396 0.921953 0.822146 0.930259 0.869093 0.910810 0.873454 0.741187 0.783145 0.765729 0.900731 0.874451 0.787187 0.645516 0.878596 0.787009 0.692763 0.715410 0.531961 0.959250 0.992369 0.604408 0.600738 0.997702 0.921802 0.702191 0.936205 0.926153 0.866546 0.509984 0.564897 0.516059 0.465383 0.646006 0.728858 0.677566 0.721701 0.753316 0.712780 0.961591 0.900714 0.790859 0.682216 0.991838 0.917617 0.851803 0.782153 0.722067 0.832809 0.737100 0.883820 0.764153 0.784419 0.974697 0.835349 0.571993 0.684377 0.585706 0.674114 0.660499 0.942814 0.843899 0.867391 0.700288 0.739993 0.710717 0.581502 0.634278 0.820252 0.634058 0.693796 0.996771 0.733657 0.898254 0.892472 0.714648 0.749977 0.856233 0.885707 0.710833 0.890955
0.798581 0.821348 0.776779 0.855687 0.753194 0.789184 0.858443 0.931949 0.943492 0.965286 0.892928 0.826301 0.935412 0.876084 0.900825 0.918249 0.846085 0.809620 0.859691 0.833527 0.966519 0.840938 0.799466 0.910736 0.956149 0.783046 0.000000 0.918542 0.932606 0.911044 0.878871 0.894230 0.900984 0.819416 0.741950 0.919191 0.973380 0.986481 0.955818 0.932568 0.984421 0.947955 0.795518 0.792137 0.803234 0.861032 0.873151 0.823928 0.849782 0.877183 0.893413 0.925262 0.890413 0.800258 0.909348 0.816278 0.796624 0.871486 0.980339 0.974890 0.797346 0.991775 0.919761 0.996518 0.742448 0.795431 0.723345 0.622529 0.769338 0.813682 0.897624 0.884026 0.963916 0.955963 0.936883 0.963614 0.981514 0.853957 0.997199 0.921041 0.887039 0.799180 0.780318 0.903762 0.855453 0.892429 0.917615 0.825546 0.849510 0.996437 0.964274 0.931284 0.876922 0.913694 0.893367 0.974311 0.950657 0.949178 0.892889 0.867289 0.914224 0.930755 0.829949 0.993466 0.828859 0.845563 0.973907 0.878814 0.760024 0.873196 0.911516 0.910020 0.913347 0.770051 0.797468 0.944787
0.823116 0.717751 0.812857 0.930030 0.761957 0.908936 0.916065 0.845031 0.969860 0.956746 0.975293 0.710942 0.941569 0.838721 0.909855 0.835187 0.960351 0.904454 0.973263 0.892125 0.892990 0.927144 0.965728 0.990532 0.933996 0.910384 0.918542 0.000000 0.998755 0.999488 0.848594 0.864485 0.920407 0.922281 0.900786 0.805748 0.987544 0.999090 0.960399 0.993035 0.990151 0.993960 0.950762 0.927933 0.934714 0.898556 0.992289 0.874282 0.725467 0.839091 0.936029 0.883407 0.994722 0.907794 0.918211 0.946933 0.893136 0.883144 0.921184 0.893600 0.943525 0.753394 0.931435 0.926507 0.898251 0.941693 0.893821 0.877002 0.985083 0.886420 0.903093 0.912605 0.964892 0.914848 0.992109 0.947729 0.917879 0.865014 0.956541 0.917968 0.931061 0.982527 0.994074 0.945478 0.848178 0.864755 0.934852 0.967787 0.834491 0.936697 0.970027 0.991014 0.949837 0.980671 0.969274 0.928366 0.987347 0.768646 0.913636 0.899569 0.908112 0.935813 0.899052 0.821344 0.878420 0.825069 0.968703 0.960646 0.982167 0.995168 0.959964 0.858372 0.890615 0.938591 0.981872 0.967724
0.469888 0.474055 0.941681 0.845115 0.866852 0.869103 0.846006 0.611647 0.763052 0.511315 0.587271 0.457881 0.534071 0.415190 0.514669 0.407624 0.375814 0.383302 0.399111 0.433744 0.865695 0.944325 0.493415 0.546504 0.964145 0.735779 0.932606 0.998755 0.000000 0.293526 0.696338 0.653283 0.575865 0.598641 0.905394 0.912971 0.760104 0.887791 0.870242 0.806305 0.967410 0.944466 0.679404 0.611430 0.673362 0.495598 0.625754 0.573539 0.484570 0.510676 0.687585 0.792609 0.892554 0.918096 0.788489 0.909594 0.487147 0.546491 0.744831 0.852895 0.899792 0.743897 0.507232 0.394181 0.884940 0.843484 0.929200 0.954737 0.719969 0.550441 0.962678 0.993343 0.828766 0.936200 0.870557 0.987693 0.823980 0.839423 0.591663 0.649033 0.355840 0.432150 0.436913 0.449598 0.447981 0.636776 0.871259 0.535806 0.899609 0.717396 0.739365 0.626367 0.634118 0.528813 0.972530 0.842580 0.914704 0.911196 0.976513 0.839178 0.946884 0.848583 0.946817 0.880940 0.932152 0.888591 0.981157 0.752773 0.718869 0.995308 0.991619 0.945379 0.789867 0.827884 0.984688 0.726024
0.530072 0.509444 0.947958 0.775159 0.885991 0.981279 0.748527 0.618830 0.814904 0.443618 0.562416 0.530010 0.520771 0.453416 0.443597 0.416806 0.314890 0.288498 0.363699 0.482223 0.873751 0.919684 0.467123 0.587352 0.870979 0.806220 0.911044 0.999488 0.293526 0.000000 0.639768 0.569590 0.482661 0.490421 0.877112 0.998498 0.794415 0.951629 0.839948 0.824949 0.913815 0.940335 0.634788 0.551706 0.606646 0.479611 0.528450 0.511548 0.544869 0.518780 0.611952 0.722972 0.795663 0.968965 0.768109 0.924679 0.500077 0.618203 0.867718 0.984423 0.898857 0.878921 0.450341 0.360618 0.914120 0.825558 0.986831 0.990050 0.862341 0.656799 0.890388 0.934052 0.785796 0.853173 0.887435 0.940480 0.778574 0.735966 0.460988 0.479456 0.280023 0.400128 0.403206 0.424148 0.504299 0.641533 0.866642 0.601562 0.913522 0.797038 0.718214 0.646142 0.604748 0.536757 0.933563 0.857611 0.901621 0.875698 0.983358 0.866624 0.959926 0.834522 0.929606 0.780389 0.934130 0.839813 0.982018 0.751446 0.683825 0.908009 0.955699 0.911122 0.691061 0.739371 0.934023 0.771680
0.932553 0.888286 0.434090 0.366078 0.977672 0.676325 0.315075 0.469154 0.899484 0.577525 0.763169 0.922268 0.591244 0.691180 0.579514 0.681504 0.810133 0.836803 0.703875 0.919943 0.582896 0.889803 0.624912 0.771851 0.792224 0.578577 0.878871 0.848594 0.696338 0.639768 0.000000 0.344885 0.360132 0.318782 0.656849 0.835157 0.887794 0.787591 0.792984 0.960581 0.968249 0.954994 0.335625 0.412613 0.467836 0.524395 0.558348 0.429569 0.975051 0.779290 0.408696 0.388521 0.446999 0.409408 0.808500 0.967411 0.961285 0.824244 0.867760 0.993483 0.590672 0.942385 0.488381 0.674487 0.561594 0.662871 0.481383 0.470132 0.860835 0.859957 0.400756 0.508503 0.443728 0.428520 0.853361 0.840294 0.573611 0.393298 0.587229 0.630659 0.705944 0.879399 0.851704 0.896286 0.876620 0.819874 0.955617 0.869257 0.994313 0.917601 0.615702 0.808683 0.748603 0.943747 0.681129 0.816479 0.649643 0.854682 0.543441 0.505543 0.601447 0.572110 0.474584 0.491468 0.559833 0.500544 0.932361 0.836591 0.817653 0.852470 0.701588 0.722423 0.639276 0.656850 0.644187 0.848854
0.909826 0.981475 0.470348 0.441038 0.978676 0.694027 0.412327 0.445296 0.942377 0.574090 0.820724 0.862453 0.608665 0.545035 0.564634 0.620003 0.748776 0.766391 0.599313 0.868166 0.667642 0.975475 0.605178 0.699081 0.722689 0.731756 0.894230 0.864485 0.653283 0.569590 0.344885 0.000000 0.400043 0.333125 0.662485 0.840238 0.912125 0.881284 0.768969 0.889425 0.928112 0.957272 0.304836 0.353063 0.410394 0.463506 0.453601 0.387860 0.866533 0.679936 0.361593 0.395279 0.436081 0.488226 0.760260 0.821323 0.948121 0.897412 0.993862 0.898096 0.677606 0.853527 0.518325 0.655590 0.630204 0.686228 0.578204 0.570048 0.802049 0.987762 0.523254 0.649686 0.533606 0.525928 0.724931 0.820038 0.630658 0.441363 0.607461 0.598193 0.617733 0.791641 0.703708 0.862274 0.752645 0.696773 0.913755 0.770942 0.863060 0.920486 0.786033 0.940891 0.903761 0.964226 0.757760 0.726184 0.793528 0.938218 0.645813 0.479676 0.752786 0.725984 0.600570 0.589334 0.666868 0.578203 0.932858 0.938856 0.829073 0.838550 0.808351 0.656538 0.575040 0.653446 0.627212 0.740837
0.723770 0.943625 0.456901 0.522384 0.867483 0.672904 0.370285 0.467204 0.894459 0.522792 0.580324 0.778141 0.460706 0.590274 0.474452 0.610774 0.658550 0.679442 0.533220 0.743081 0.732628 0.876199 0.541613 0.719009 0.876124 0.776737 0.900984 0.920407 0.575865 0.482661 0.360132 0.400043 0.000000 0.346058 0.701618 0.817924 0.695344 0.747789 0.734230 0.921588 0.991137 0.986682 0.407356 0.407104 0.433074 0.445650 0.508114 0.376585 0.896744 0.642691 0.406605 0.488062 0.519547 0.580091 0.723827 0.968427 0.853412 0.979959 0.732978 0.980139 0.570093 0.808089 0.428523 0.502901 0.581877 0.806500 0.498310 0.544248 0.964113 0.856894 0.505645 0.576568 0.493421 0.579041 0.823096 0.899810 0.578845 0.481069 0.696259 0.645951 0.580811 0.755426 0.775353 0.739585 0.724876 0.776856 0.977489 0.763038 0.880534 0.756456 0.754628 0.888496 0.897060 0.980062 0.777371 0.823106 0.608702 0.878826 0.586825 0.524268 0.659235 0.715007 0.521965 0.486402 0.626147 0.447701 0.904999 0.938828 0.730870 0.782257 0.708384 0.564677 0.560110 0.674146 0.623536 0.883074
0.849732 0.942244 0.508424 0.516122 0.991289 0.741975 0.397988 0.462713 0.959963 0.570941 0.722999 0.818083 0.582404 0.605193 0.558831 0.672631 0.682271 0.699934 0.635597 0.847737 0.727717 0.838344 0.655974 0.778872 0.781135 0.700294 0.819416 0.922281 0.598641 0.490421 0.318782 0.333125 0.346058 0.000000 0.704328 0.725299 0.850076 0.805487 0.773075 0.900300 0.919880 0.903703 0.367390 0.364098 0.409139 0.429375 0.482328 0.388353 0.892660 0.700961 0.456149 0.503881 0.547021 0.587678 0.759797 0.903387 0.875265 0.987286 0.828378 0.935294 0.574123 0.860282 0.400362 0.518227 0.610908 0.739820 0.543269 0.486927 0.889712 0.991445 0.557563 0.655473 0.576245 0.594099 0.866741 0.878768 0.675886 0.481901 0.568784 0.618755 0.546298 0.736064 0.761549 0.703961 0.760091 0.763635 0.995541 0.734682 0.953654 0.880679 0.839226 0.979955 0.974868 0.909071 0.774364 0.813222 0.712327 0.931328 0.649802 0.583324 0.694373 0.755779 0.582100 0.584786 0.677350 0.578091 0.926201 0.994057 0.748297 0.786244 0.807477 0.708723 0.591424 0.683053 0.589334 0.789415
0.959862 0.741971 0.507415 0.701027 0.995435 0.707559 0.570032 0.710766 0.714346 0.918063 0.992672 0.905291 0.811835 0.994147 0.958928 0.914781 0.934244 0.770615 0.972859 0.869252 0.904374 0.927275 0.957470 0.942046 0.895332 0.615794 0.741950 0.900786 0.905394 0.877112 0.656849 0.662485 0.701618 0.704328 0.000000 0.882425 0.971100 0.768102 0.929524 0.957170 0.962019 0.846529 0.619920 0.717247 0.673161 0.774108 0.719385 0.663504 0.775837 0.975823 0.701234 0.731846 0.686881 0.619360 0.787353 0.892018 0.878273 0.818817 0.801724 0.802266 0.572109 0.858055 0.792427 0.961987 0.509506 0.616989 0.440117 0.465262 0.911911 0.940995 0.726085 0.683748 0.803148 0.781716 0.986418 0.953746 0.747866 0.805123 0.995338 0.858369 0.923770 0.790259 0.771278 0.856064 0.935163 0.960667 0.871642 0.954148 0.790011 0.968622 0.585938 0.708723 0.632935 0.720065 0.679702 0.918642 0.761261 0.721290 0.588667 0.581941 0.637934 0.639874 0.585261 0.668706 0.518605 0.642576 0.955919 0.802589 0.991986 0.875378 0.752807 0.639433 0.822065 0.750914 0.617637 0.812332
0.817850 0.824224 0.820624 0.861822 0.897187 0.986356 0.873005 0.938598 0.942204 0.819720 0.917132 0.706113 0.939371 0.917916 0.905924 0.837821 0.877965 0.887339 0.932208 0.825265 0.950043 0.734312 0.918603 0.805182 0.837278 0.711396 0.919191 0.805748 0.912971 0.998498 0.835157 0.840238 0.817924 0.725299 0.882425 0.000000 0.946455 0.837051 0.980156 0.990302 0.993645 0.933525 0.891272 0.907461 0.895931 0.971495 0.894989 0.978183 0.793538 0.836636 0.953131 0.944395 0.843607 0.804565 0.997704 0.921757 0.907638 0.933300 0.890374 0.930869 0.952990 0.796170 0.990228 0.917563 0.844088 0.927675 0.788699 0.737162 0.922508 0.807208 0.988131 0.908610 0.883319 0.905625 0.885135 0.961682 0.922835 0.699329 0.990209 0.981036 0.915656 0.969132 0.969558 0.994222 0.850479 0.860031 0.870218 0.966039 0.752824 0.865528 0.924778 0.984320 0.925502 0.964067 0.999370 0.927273 0.895518 0.985361 0.966774 0.991615 0.981598 0.813033 0.846635 0.909717 0.869283 0.811197 0.888514 0.971666 0.815151 0.866574 0.989999 0.957100 0.760756 0.871036 0.826900 0.952577
0.696575 0.833311 0.910732 0.809029 0.952780 0.981881 0.905966 0.828023 0.994134 0.798514 0.770513 0.731102 0.755099 0.772750 0.774000 0.848005 0.763885 0.779318 0.685516 0.709795 0.995143 0.871538 0.711170 0.823124 0.917976 0.921953 0.973380 0.987544 0.760104 0.794415 0.887794 0.912125 0.695344 0.850076 0.971100 0.946455 0.000000 0.917081 0.965078 0.865008 0.994945 0.959843 0.970502 0.935956 0.986535 0.880746 0.783270 0.906166 0.968065 0.853142 0.827301 0.920915 0.950586 0.919245 0.851897 0.816887 0.723882 0.812022 0.738031 0.832221 0.952215 0.902451 0.746103 0.718024 0.823071 0.952917 0.964418 0.948036 0.695524 0.751305 0.827984 0.931435 0.931535 0.935992 0.875277 0.974613 0.781750 0.906331 0.906675 0.956185 0.778287 0.690497 0.881186 0.888361 0.707332 0.749434 0.896046 0.823474 0.800927 0.648905 0.985003 0.966527 0.970409 0.929610 0.836063 0.911513 0.673385 0.944969 0.869803 0.893777 0.974426 0.867521 0.813887 0.875640 0.996301 0.653274 0.862019 0.956966 0.788524 0.836639 0.783578 0.754735 0.938915 0.971272 0.994438 0.823462
0.984665 0.763628 0.708312 0.789374 0.826382 0.821366 0.717279 0.840535 0.759680 0.992101 0.950512 0.992665 0.844986 0.932369 0.830824 0.985159 0.876042 0.903990 0.972952 0.996735 0.993896 0.784719 0.894395 0.958915 0.946502 0.822146 0.986481 0.999090 0.887791 0.951629 0.787591 0.881284 0.747789 0.805487 0.768102 0.837051 0.917081 0.000000 0.995716 0.987356 0.963496 0.745343 0.803332 0.900747 0.847971 0.951754 0.925003 0.836526 0.807400 0.999170 0.729570 0.810301 0.715036 0.695672 0.825718 0.914115 0.871799 0.738565 0.899125 0.919549 0.779499 0.893210 0.836874 0.993813 0.701064 0.772273 0.684756 0.759250 0.889552 0.863431 0.634257 0.691542 0.640265 0.698205 0.979848 0.848536 0.872010 0.754585 0.871658 0.844097 0.960834 0.886814 0.792508 0.854119 0.963417 0.940889 0.913854 0.923692 0.805491 0.970622 0.616516 0.683639 0.697454 0.681145 0.830394 0.846468 0.686105 0.780608 0.773937 0.723322 0.682367 0.730371 0.741846 0.829664 0.840796 0.657803 0.973503 0.777799 0.982571 0.823688 0.701037 0.733513 0.868565 0.759442 0.630176 0.947839
