0.000000 0.157294 0.684283 0.611559 0.686312 0.734960 0.845536 0.235104 0.854377 0.347724 0.220578 0.170113 0.309847 0.230493 0.523268 0.520067 0.213351 0.202432 0.255337 0.223784 0.945080 0.856518 0.863058 0.915129 0.597048 0.746644 0.972073 0.952561 0.238628 0.228974 0.706773 0.709622 0.485951 0.346089 0.652700 0.577820 0.941134 0.921400 0.909936 0.864200 0.679812 0.710522 0.708539 0.409545 0.706666 0.323632 0.498499 0.399240 0.172026 0.199622 0.253648 0.256431 0.334563 0.447572 0.574971 0.428287 0.240002 0.212851 0.296180 0.240906 0.488758 0.206129 0.236980 0.177905 0.439200 0.722248 0.803369 0.896040 0.473322 0.379887 0.690393 0.736910 0.426128 0.412932 0.684240 0.764170 0.391565 0.479773 0.452208 0.298975 0.223390 0.252910 0.404567 0.545209 0.767204 0.782474 0.674886 0.979731 0.998382 0.587986 0.926847 0.674697 0.633038 0.460803 0.994547 0.738672 0.775739 0.695273 0.519928 0.563134 0.625920 0.831308 0.417039 0.470715 0.667548 0.792733 0.970612 0.970005 0.753810 0.967178 0.928518 0.756787 0.467337 0.809187 0.792868 0.674396
0.157294 0.000000 0.609889 0.677562 0.656997 0.784266 0.975904 0.271593 0.780495 0.384877 0.270431 0.189738 0.405594 0.264767 0.600884 0.567883 0.227140 0.215207 0.256527 0.202544 0.945952 0.812644 0.870600 0.936640 0.628299 0.720618 0.996857 0.962917 0.248961 0.262846 0.741655 0.737435 0.550739 0.396082 0.640994 0.578824 0.946255 0.894364 0.967251 0.875376 0.664840 0.722931 0.807454 0.485952 0.780457 0.389536 0.551034 0.477864 0.182724 0.209698 0.285098 0.289989 0.372215 0.495048 0.592370 0.450535 0.213591 0.168694 0.386010 0.280212 0.613937 0.234811 0.301347 0.213820 0.364190 0.641273 0.690955 0.799135 0.453548 0.364146 0.748237 0.786643 0.394726 0.429999 0.676049 0.796049 0.399880 0.510308 0.500355 0.295895 0.225822 0.243968 0.480780 0.547098 0.768546 0.769860 0.689394 0.935811 0.926756 0.622898 0.989439 0.611912 0.592684 0.438818 0.969781 0.741196 0.826572 0.629071 0.599769 0.648692 0.682244 0.899208 0.463119 0.530555 0.704707 0.875466 0.975535 0.965563 0.763012 0.950278 0.920991 0.831205 0.522719 0.826906 0.904493 0.681447
0.684283 0.609889 0.000000 0.730904 0.749784 0.928432 0.456560 0.916553 0.642638 0.920695 0.746968 0.559375 0.869968 0.546517 0.895112 0.695571 0.729505 0.737570 0.632261 0.569662 0.926528 0.924221 0.767169 0.855339 0.608645 0.382583 0.808920 0.957933 0.739860 0.711258 0.760710 0.855064 0.834196 0.862879 0.398389 0.604561 0.826338 0.973260 0.820894 0.960438 0.926873 0.991706 0.707871 0.973915 0.674053 0.988733 0.994394 0.957219 0.731935 0.621637 0.788704 0.743260 0.821139 0.896990 0.877079 0.846289 0.662619 0.573921 0.866629 0.661511 0.786105 0.732440 0.772140 0.682681 0.300342 0.526819 0.436352 0.463078 0.586057 0.574292 0.797502 0.914089 0.766492 0.878037 0.971861 0.963040 0.812249 0.919428 0.862094 0.765426 0.761484 0.687394 0.796627 0.878251 0.875966 0.874450 0.730617 0.769806 0.715820 0.895692 0.615234 0.524938 0.347711 0.505819 0.816087 0.842059 0.874340 0.532063 0.848815 0.824791 0.970990 0.766485 0.956314 0.969341 0.811595 0.728061 0.993127 0.755419 0.974012 0.928864 0.720306 0.845403 0.914796 0.995197 0.767723 0.839391
0.611559 0.677562 0.730904 0.000000 0.973915 0.912477 0.684873 0.617413 0.991600 0.722583 0.689847 0.725754 0.714753 0.763196 0.835401 0.862494 0.684148 0.689178 0.770030 0.669215 0.966954 0.996463 0.915787 0.999160 0.972621 0.861106 0.911350 0.998276 0.712324 0.751343 0.880336 0.877288 0.620947 0.743476 0.963751 0.804048 0.959036 0.854905 0.726657 0.835539 0.834994 0.815939 0.851308 0.741725 0.744759 0.647334 0.849587 0.625573 0.643750 0.711959 0.660212 0.705263 0.675088 0.770528 0.695161 0.721619 0.641425 0.665485 0.578233 0.714204 0.592554 0.614686 0.743354 0.694679 0.901132 0.825967 0.887129 0.874264 0.658679 0.645773 0.899726 0.969719 0.818603 0.864450 0.784064 0.883742 0.798127 0.847016 0.696213 0.751946 0.694476 0.663012 0.618324 0.587265 0.685682 0.760527 0.947273 0.868985 0.806471 0.678340 0.914280 0.945878 0.937022 0.907165 0.858956 0.933309 0.733204 0.887779 0.717880 0.754989 0.967530 0.800916 0.768206 0.742468 0.621656 0.758889 0.913593 0.911818 0.949307 0.939200 0.956834 0.960308 0.655096 0.971168 0.977461 0.763138
0.686312 0.656997 0.749784 0.973915 0.000000 0.910837 0.999551 0.720410 0.891014 0.755024 0.703193 0.677303 0.765674 0.734777 0.969917 0.930656 0.643064 0.666138 0.597171 0.669502 0.965380 0.981666 0.854254 0.919596 0.977812 0.852926 0.989264 0.996498 0.768793 0.768336 0.946590 0.872510 0.904528 0.785688 0.876416 0.843989 0.864545 0.923357 0.943396 0.963110 0.936402 0.832344 0.996560 0.877220 0.896031 0.817374 0.955975 0.871854 0.792628 0.784994 0.849424 0.828508 0.868085 0.880382 0.792185 0.763714 0.650289 0.703924 0.821568 0.926677 0.961011 0.802236 0.760234 0.719468 0.688159 0.702597 0.870131 0.790987 0.766463 0.778785 0.670063 0.784909 0.820167 0.742198 0.903736 0.881282 0.608992 0.761194 0.834409 0.791737 0.688494 0.612573 0.815666 0.697707 0.953754 0.968143 0.947756 0.882596 0.862017 0.777143 0.869117 0.730995 0.777056 0.721952 0.980330 0.903946 0.898006 0.827254 0.864379 0.865943 0.934006 0.887173 0.754761 0.772215 0.964114 0.980786 0.916029 0.842849 0.987652 0.896798 0.904860 0.849306 0.893636 0.979185 0.932978 0.670242
0.734960 0.784266 0.928432 0.912477 0.910837 0.000000 0.786444 0.624366 0.773840 0.744369 0.766176 0.739050 0.710258 0.701286 0.774028 0.695674 0.865271 0.815351 0.815593 0.840142 0.867056 0.902090 0.776554 0.890882 0.636411 0.942674 0.890227 0.905328 0.704498 0.690603 0.811828 0.767920 0.688161 0.767476 0.901501 0.878507 0.860285 0.932230 0.909357 0.971091 0.997949 0.922737 0.623369 0.577449 0.800144 0.672190 0.772178 0.746362 0.691338 0.607779 0.592929 0.571420 0.639818 0.527131 0.880517 0.756930 0.925890 0.891278 0.729751 0.648442 0.756980 0.686951 0.717183 0.717317 0.762084 0.902662 0.905060 0.798547 0.886984 0.826758 0.780708 0.827894 0.791809 0.642161 0.845970 0.946116 0.639258 0.702099 0.797312 0.702634 0.748291 0.892709 0.867334 0.975566 0.819729 0.882628 0.947485 0.755146 0.875915 0.999194 0.700107 0.834819 0.883375 0.949925 0.962745 0.916130 0.890197 0.935953 0.714268 0.685498 0.628892 0.751567 0.781752 0.696392 0.706872 0.750224 0.704495 0.780571 0.786350 0.913789 0.929109 0.762880 0.797613 0.838253 0.846093 0.967664
0.845536 0.975904 0.456560 0.684873 0.999551 0.786444 0.000000 0.550853 0.593054 0.548887 0.710704 0.939979 0.639771 0.981342 0.783106 0.992996 0.786659 0.769812 0.826860 0.988699 0.939924 0.884261 0.935081 0.626623 0.942046 0.699247 0.665844 0.945283 0.784671 0.753142 0.565287 0.608404 0.461658 0.613979 0.650360 0.892226 0.878166 0.863297 0.815733 0.976301 0.810787 0.998846 0.276233 0.438020 0.288295 0.530645 0.593987 0.492182 0.803783 0.914547 0.714830 0.766853 0.717867 0.634152 0.769706 0.774008 0.962351 0.898245 0.660782 0.960164 0.340274 0.784247 0.699640 0.783370 0.735782 0.702754 0.341504 0.300281 0.754411 0.839011 0.736144 0.653311 0.748612 0.666801 0.953528 0.911841 0.682885 0.709472 0.636392 0.811930 0.758523 0.944083 0.901261 0.819458 0.995953 0.665509 0.965832 0.590301 0.850729 0.885178 0.385699 0.519295 0.494082 0.680445 0.845543 0.905671 0.598628 0.613286 0.391629 0.356472 0.503736 0.535339 0.556253 0.532032 0.674522 0.571414 0.929124 0.588418 0.738437 0.971190 0.714309 0.483401 0.570225 0.834050 0.581201 0.947344
0.235104 0.271593 0.916553 0.617413 0.720410 0.624366 0.550853 0.000000 0.977750 0.273887 0.257487 0.296681 0.332599 0.344714 0.543874 0.606960 0.281138 0.268112 0.319434 0.346727 0.941621 0.953117 0.882300 0.768122 0.617789 0.901417 0.858027 0.937808 0.278906 0.272749 0.570520 0.605192 0.379945 0.313467 0.820360 0.685950 0.921065 0.888652 0.899403 0.944458 0.690093 0.774830 0.472829 0.291926 0.476279 0.242168 0.460038 0.347048 0.232043 0.279864 0.270716 0.279789 0.350662 0.377166 0.613805 0.502399 0.361728 0.376353 0.315611 0.372224 0.376299 0.261199 0.249732 0.244207 0.577601 0.829188 0.910468 0.831578 0.713561 0.564289 0.587179 0.676861 0.378184 0.346344 0.676986 0.819811 0.330372 0.424801 0.435481 0.365723 0.247222 0.352338 0.493803 0.568269 0.856870 0.990129 0.723741 0.815559 0.957479 0.674283 0.707451 0.964171 0.928990 0.709104 0.877179 0.733889 0.675732 0.843662 0.365488 0.387502 0.482486 0.683664 0.349175 0.366438 0.603462 0.597013 0.896434 0.838037 0.658586 0.916026 0.840836 0.577444 0.402373 0.725937 0.666593 0.805524
0.854377 0.780495 0.642638 0.991600 0.891014 0.773840 0.593054 0.977750 0.000000 0.914647 0.912297 0.797803 0.948372 0.776962 0.955477 0.899300 0.880933 0.833687 0.852815 0.757924 0.925573 0.915993 0.875007 0.744456 0.974651 0.719764 0.850282 0.918056 0.907497 0.939227 0.712985 0.788370 0.903287 0.965321 0.682919 0.827112 0.942891 0.999436 0.866179 0.970019 0.853467 0.950112 0.641982 0.795354 0.674851 0.877388 0.926478 0.807204 0.961657 0.925560 0.898339 0.913888 0.885979 0.775344 0.958169 0.867042 0.727180 0.683001 0.878801 0.873184 0.827212 0.974887 0.901077 0.866916 0.731740 0.601194 0.646575 0.610334 0.715793 0.779628 0.995908 0.866813 0.885895 0.951693 0.968412 0.892117 0.939225 0.897067 0.967462 0.923823 0.913175 0.774395 0.771290 0.777345 0.846871 0.773223 0.702557 0.671947 0.873047 0.960228 0.591891 0.531611 0.612211 0.629613 0.920307 0.955673 0.970146 0.863170 0.745772 0.728320 0.732658 0.786393 0.958995 0.877088 0.822540 0.744754 0.918346 0.711283 0.873243 0.976041 0.913002 0.820980 0.824025 0.876206 0.765332 0.780336
0.347724 0.384877 0.920695 0.722583 0.755024 0.744369 0.548887 0.273887 0.914647 0.000000 0.303520 0.361943 0.376137 0.428620 0.518940 0.634498 0.276130 0.271096 0.378741 0.456774 0.813734 0.901946 0.979973 0.859487 0.684327 0.858602 0.800059 0.952315 0.302285 0.262294 0.502210 0.575897 0.370484 0.357060 0.843790 0.829265 0.790370 0.803053 0.994716 0.898918 0.683671 0.759366 0.466890 0.319040 0.437185 0.271607 0.469912 0.351443 0.324075 0.474441 0.407438 0.465582 0.479277 0.566955 0.636519 0.522776 0.413271 0.484701 0.342562 0.555379 0.375810 0.359822 0.303822 0.265443 0.661353 0.782434 0.860959 0.791907 0.723977 0.652272 0.595468 0.496092 0.458790 0.438100 0.787997 0.886983 0.480726 0.466008 0.434539 0.371717 0.233786 0.359489 0.506031 0.476198 0.806494 0.982690 0.876730 0.929360 0.990832 0.603593 0.815216 0.842690 0.848709 0.671835 0.987394 0.789126 0.616574 0.891866 0.437277 0.389879 0.587552 0.785107 0.405365 0.407983 0.670610 0.743049 0.992841 0.870648 0.653527 0.926318 0.931248 0.575235 0.503599 0.806129 0.747007 0.780271
0.220578 0.270431 0.746968 0.689847 0.703193 0.766176 0.710704 0.257487 0.912297 0.303520 0.000000 0.208076 0.253637 0.253675 0.457628 0.471657 0.201102 0.194286 0.231124 0.303086 0.944377 0.923468 0.870734 0.849320 0.533450 0.723568 0.949959 0.984132 0.216713 0.183939 0.716708 0.712472 0.407546 0.333521 0.700646 0.690514 0.955317 0.899357 0.958088 0.804827 0.662972 0.708454 0.599406 0.397799 0.653403 0.338353 0.508233 0.411798 0.266249 0.311211 0.324908 0.335918 0.403667 0.456251 0.566964 0.511865 0.354556 0.341393 0.289646 0.364748 0.386306 0.257103 0.199577 0.181574 0.484109 0.765912 0.979727 0.958538 0.621066 0.540737 0.695739 0.605426 0.358002 0.360680 0.744954 0.797017 0.420922 0.455531 0.345236 0.365569 0.238612 0.302179 0.498222 0.558208 0.839295 0.882126 0.663938 0.995859 0.944012 0.629891 0.850959 0.743399 0.686420 0.501354 0.944145 0.711612 0.704960 0.726742 0.497115 0.522685 0.579116 0.756590 0.450083 0.418966 0.702473 0.789590 0.987261 0.957236 0.718891 0.848125 0.954294 0.724220 0.512280 0.745674 0.731490 0.723305
0.170113 0.189738 0.559375 0.725754 0.677303 0.739050 0.939979 0.296681 0.797803 0.361943 0.208076 0.000000 0.284607 0.175333 0.480914 0.423024 0.208194 0.196645 0.233489 0.217799 0.997966 0.839917 0.897238 0.997636 0.493178 0.591297 0.990300 0.977250 0.247740 0.211702 0.804762 0.805851 0.536425 0.370555 0.571350 0.594611 0.970397 0.947447 0.981366 0.855439 0.716209 0.760822 0.749773 0.458523 0.792307 0.387001 0.560840 0.477658 0.212416 0.237701 0.319726 0.311645 0.388052 0.495107 0.628040 0.481335 0.275649 0.228477 0.350150 0.284441 0.557287 0.239008 0.221910 0.170497 0.336145 0.656736 0.765771 0.828049 0.489574 0.419288 0.657009 0.664315 0.407659 0.410884 0.730287 0.802300 0.397257 0.451563 0.449492 0.315545 0.238602 0.253885 0.449190 0.559665 0.836204 0.772443 0.702192 0.884268 0.898730 0.636085 0.985396 0.589478 0.526730 0.396206 0.925130 0.675019 0.843038 0.661251 0.574594 0.634894 0.684472 0.883979 0.473722 0.516612 0.737738 0.890225 0.980618 0.951814 0.750418 0.864196 0.865031 0.832865 0.519085 0.815089 0.816644 0.690099
0.309847 0.405594 0.869968 0.714753 0.765674 0.710258 0.639771 0.332599 0.948372 0.376137 0.253637 0.284607 0.000000 0.316950 0.351184 0.404435 0.320450 0.309058 0.354014 0.487605 0.943553 0.956490 0.985799 0.888257 0.556327 0.719818 0.998874 0.985181 0.334631 0.256486 0.683429 0.753201 0.424577 0.404821 0.748138 0.749553 0.958797 0.906228 0.978747 0.981271 0.770022 0.802289 0.521873 0.350345 0.670185 0.387653 0.494878 0.442542 0.371579 0.375162 0.394063 0.382649 0.437151 0.475004 0.691434 0.594488 0.434669 0.454687 0.254253 0.357124 0.353211 0.399164 0.208051 0.239416 0.641493 0.784497 0.864579 0.866739 0.799018 0.664301 0.635412 0.599722 0.522385 0.495300 0.808468 0.777005 0.448392 0.391754 0.421522 0.438088 0.372817 0.442676 0.534509 0.667524 0.944485 0.989512 0.732368 0.953480 0.954836 0.692956 0.777557 0.832259 0.810212 0.590968 0.986042 0.686369 0.682588 0.815585 0.443185 0.482350 0.522614 0.759057 0.382184 0.434341 0.611654 0.656525 0.966734 0.868769 0.655214 0.819525 0.961186 0.715060 0.488467 0.719656 0.624630 0.724267
0.230493 0.264767 0.546517 0.763196 0.734777 0.701286 0.981342 0.344714 0.776962 0.428620 0.253675 0.175333 0.316950 0.000000 0.456700 0.351034 0.284203 0.273128 0.291997 0.297845 0.980032 0.873201 0.962815 0.922270 0.501692 0.575648 0.966534 0.991848 0.277080 0.237222 0.828110 0.862923 0.546647 0.399048 0.578346 0.616879 0.955585 0.997046 0.928545 0.825029 0.758486 0.743148 0.780366 0.514091 0.852946 0.428844 0.620759 0.556684 0.291043 0.280484 0.379872 0.364462 0.465870 0.550176 0.707076 0.602870 0.355226 0.296583 0.355647 0.300287 0.586038 0.285199 0.241398 0.210906 0.368410 0.712999 0.793900 0.809458 0.542727 0.467886 0.670441 0.699354 0.469240 0.472546 0.683827 0.757060 0.492823 0.504555 0.492501 0.394557 0.308729 0.298536 0.505579 0.594669 0.819409 0.711204 0.670130 0.875554 0.882842 0.670098 0.931808 0.570738 0.511331 0.371028 0.992248 0.761765 0.911678 0.617768 0.643408 0.662846 0.719563 0.888627 0.547459 0.521810 0.745648 0.865710 0.968362 0.903356 0.755947 0.882117 0.921133 0.867288 0.584075 0.877437 0.877596 0.733911
0.523268 0.600884 0.895112 0.835401 0.969917 0.774028 0.783106 0.543874 0.955477 0.518940 0.457628 0.480914 0.351184 0.456700 0.000000 0.381052 0.503125 0.497880 0.543880 0.656961 0.997017 0.980520 0.758973 0.938213 0.662068 0.815023 0.984477 0.995180 0.496237 0.392500 0.596229 0.732889 0.499171 0.491205 0.869222 0.777089 0.917663 0.869202 0.954184 0.936644 0.881262 0.918484 0.600887 0.492304 0.755229 0.481318 0.689717 0.555963 0.569568 0.588419 0.667996 0.630306 0.703016 0.761000 0.910765 0.840040 0.569496 0.564353 0.440711 0.494662 0.516429 0.511845 0.316183 0.398838 0.868441 0.943103 0.824616 0.840365 0.949641 0.821716 0.709350 0.692423 0.746255 0.798244 0.931189 0.863690 0.604624 0.640080 0.592868 0.614280 0.520896 0.554804 0.590830 0.775571 0.780881 0.718987 0.856691 0.991479 0.952124 0.689629 0.959427 0.752210 0.765253 0.626021 0.936966 0.800439 0.849372 0.775272 0.686267 0.683119 0.699326 0.896245 0.668542 0.592098 0.748696 0.773760 0.970864 0.953814 0.747274 0.943296 0.934879 0.863562 0.717122 0.863565 0.657591 0.841632
0.520067 0.567883 0.695571 0.862494 0.930656 0.695674 0.992996 0.606960 0.899300 0.634498 0.471657 0.423024 0.404435 0.351034 0.381052 0.000000 0.541689 0.552636 0.530587 0.634392 0.996560 0.852536 0.877808 0.772975 0.567007 0.615735 0.936715 0.970771 0.532680 0.414831 0.792066 0.903232 0.657076 0.624946 0.728085 0.765306 0.989232 0.872109 0.969646 0.927455 0.926014 0.938277 0.758433 0.596826 0.999868 0.654902 0.756399 0.657231 0.577864 0.556222 0.637851 0.626236 0.738850 0.794155 0.866885 0.907868 0.589800 0.574685 0.491679 0.460569 0.692166 0.552580 0.410985 0.408399 0.649963 0.842729 0.919110 0.939885 0.791403 0.663556 0.721662 0.708819 0.764815 0.696782 0.832888 0.824829 0.715546 0.535797 0.637085 0.573085 0.547554 0.544878 0.701275 0.771921 0.819276 0.640027 0.790449 0.899551 0.987990 0.795977 0.854056 0.620406 0.568174 0.517125 0.976666 0.775908 0.888229 0.679564 0.845732 0.836097 0.781247 0.943071 0.683188 0.622036 0.781321 0.772336 0.936225 0.869137 0.801851 0.848661 0.890299 0.997182 0.730950 0.872339 0.779001 0.835324
0.213351 0.227140 0.729505 0.684148 0.643064 0.865271 0.786659 0.281138 0.880933 0.276130 0.201102 0.208194 0.320450 0.284203 0.503125 0.541689 0.000000 0.153876 0.234003 0.261071 0.862830 0.885943 0.939539 0.857632 0.603057 0.686156 0.891466 0.958680 0.237307 0.190752 0.692143 0.682624 0.410318 0.308598 0.703875 0.731484 0.819694 0.860073 0.985450 0.792591 0.664956 0.705361 0.645311 0.402120 0.635356 0.335197 0.476802 0.395087 0.244215 0.368188 0.382330 0.421961 0.471438 0.587173 0.552154 0.495469 0.251994 0.295898 0.332727 0.432268 0.486772 0.299230 0.220442 0.174160 0.466141 0.667579 0.906313 0.965633 0.566989 0.527418 0.657759 0.589933 0.371982 0.402577 0.745538 0.873854 0.403115 0.472551 0.415776 0.320087 0.186021 0.230389 0.461648 0.470933 0.726255 0.798940 0.715425 0.927567 0.934166 0.570815 0.982762 0.624056 0.635595 0.427544 0.913714 0.721435 0.780317 0.722467 0.493498 0.546737 0.697702 0.878159 0.419867 0.467722 0.760449 0.844057 0.895364 0.980061 0.732797 0.840375 0.959823 0.720469 0.493832 0.841490 0.806755 0.682991
0.202432 0.215207 0.737570 0.689178 0.666138 0.815351 0.769812 0.268112 0.833687 0.271096 0.194286 0.196645 0.309058 0.273128 0.497880 0.552636 0.153876 0.000000 0.217051 0.252306 0.888671 0.846964 0.906544 0.872894 0.595546 0.706531 0.848927 0.991240 0.205716 0.185958 0.683542 0.655644 0.392971 0.311271 0.732684 0.686084 0.872851 0.856709 0.978471 0.794411 0.605283 0.732402 0.619718 0.384459 0.633252 0.322171 0.512437 0.372679 0.237766 0.345462 0.359497 0.390555 0.445322 0.536853 0.541026 0.477496 0.254316 0.274992 0.341386 0.410112 0.448827 0.294095 0.209868 0.172284 0.462550 0.679304 0.913219 0.989040 0.582594 0.537594 0.653963 0.593606 0.353396 0.386878 0.743086 0.781431 0.374257 0.446789 0.385239 0.291738 0.192585 0.238494 0.453867 0.508692 0.769416 0.842702 0.702028 0.938138 0.887960 0.633784 0.955826 0.656067 0.631749 0.451750 0.923760 0.696612 0.758729 0.757829 0.484228 0.512845 0.670085 0.829767 0.410143 0.464290 0.684757 0.861092 0.926946 0.962156 0.755304 0.913367 0.997676 0.733895 0.473177 0.814224 0.793811 0.735824
0.255337 0.256527 0.632261 0.770030 0.597171 0.815593 0.826860 0.319434 0.852815 0.378741 0.231124 0.233489 0.354014 0.291997 0.543880 0.530587 0.234003 0.217051 0.000000 0.261219 0.950431 0.917831 0.907874 0.909548 0.584346 0.619414 0.943854 0.990481 0.263074 0.238507 0.749142 0.752330 0.442583 0.363776 0.667173 0.680272 0.974478 0.917450 0.977644 0.914356 0.688069 0.808660 0.721344 0.492472 0.739258 0.450230 0.559540 0.446426 0.321226 0.357947 0.429751 0.433373 0.530038 0.594649 0.563971 0.531464 0.291353 0.321413 0.384366 0.446122 0.572824 0.332623 0.269845 0.249752 0.414650 0.597683 0.835219 0.907320 0.568710 0.510467 0.649703 0.660890 0.405166 0.412266 0.773545 0.843195 0.359436 0.567482 0.420874 0.326165 0.256084 0.282024 0.518344 0.484576 0.832336 0.892698 0.695868 0.882729 0.857772 0.660533 0.991737 0.618325 0.611732 0.454594 0.831096 0.682201 0.822169 0.675704 0.617601 0.664100 0.685840 0.895815 0.474784 0.527959 0.772938 0.849953 0.988260 0.910176 0.735510 0.985339 0.863925 0.791699 0.573574 0.837463 0.920342 0.673321
0.223784 0.202544 0.569662 0.669215 0.669502 0.840142 0.988699 0.346727 0.757924 0.456774 0.303086 0.217799 0.487605 0.297845 0.656961 0.634392 0.261071 0.252306 0.261219 0.000000 0.966865 0.856491 0.914638 0.964416 0.667910 0.678685 0.964222 0.964834 0.292769 0.306526 0.875531 0.781988 0.606394 0.423903 0.613545 0.572741 0.961572 0.812222 0.982748 0.785639 0.666625 0.739758 0.916838 0.632169 0.880220 0.496840 0.664783 0.536583 0.271300 0.299032 0.406976 0.414425 0.497826 0.619813 0.592139 0.498376 0.264165 0.222702 0.459474 0.402281 0.727069 0.286050 0.372425 0.300636 0.370011 0.628193 0.619787 0.728051 0.398389 0.347618 0.780486 0.829761 0.408932 0.482634 0.721164 0.829812 0.409375 0.617446 0.517856 0.352585 0.245592 0.221900 0.396918 0.477898 0.732954 0.735952 0.676872 0.803881 0.825938 0.665897 0.878250 0.558593 0.558447 0.427367 0.895768 0.758006 0.897154 0.671544 0.709850 0.771686 0.834970 0.966788 0.591116 0.680830 0.793472 0.978553 0.967087 0.885955 0.854378 0.939969 0.955053 0.861582 0.621408 0.813867 0.951387 0.662178
0.945080 0.945952 0.926528 0.966954 0.965380 0.867056 0.939924 0.941621 0.925573 0.813734 0.944377 0.997966 0.943553 0.980032 0.997017 0.996560 0.862830 0.888671 0.950431 0.966865 0.000000 0.900171 0.947890 0.995400 0.978081 0.956093 0.875895 0.965337 0.969213 0.963792 0.820399 0.852702 0.919481 0.918532 0.963089 0.859238 0.747737 0.945308 0.732980 0.838624 0.803162 0.922101 0.887280 0.851060 0.858999 0.865029 0.793888 0.817185 0.902395 0.934779 0.980525 0.928853 0.883672 0.824466 0.922563 0.907635 0.867510 0.979495 0.989216 0.954753 0.972420 0.993103 0.965403 0.941908 0.917460 0.942980 0.946033 0.999580 0.948150 0.907366 0.929830 0.932554 0.957552 0.946041 0.852174 0.915530 0.967343 0.935386 0.969843 0.823504 0.819830 0.828097 0.773416 0.823796 0.722761 0.971513 0.919384 0.969398 0.964071 0.936086 0.809704 0.935056 0.945978 0.936435 0.954388 0.920432 0.926515 0.849118 0.901169 0.913192 0.943466 0.895406 0.841614 0.887293 0.967213 0.887609 0.804626 0.956306 0.990686 0.829961 0.906563 0.943892 0.950087 0.963432 0.934812 0.977249
0.856518 0.812644 0.924221 0.996463 0.981666 0.902090 0.884261 0.953117 0.915993 0.901946 0.923468 0.839917 0.956490 0.873201 0.980520 0.852536 0.885943 0.846964 0.917831 0.856491 0.900171 0.000000 0.894711 0.926617 0.963822 0.921591 0.824928 0.883468 0.912076 0.898692 0.952573 0.999669 0.983197 0.936303 0.933423 0.915699 0.933489 0.646353 0.925126 0.922688 0.881645 0.881342 0.978846 0.910747 0.996948 0.937112 0.918097 0.926743 0.806471 0.887541 0.845191 0.898861 0.936472 0.924394 0.912497 0.915077 0.927595 0.871374 0.987454 0.841931 0.998937 0.858711 0.936695 0.861278 0.843884 0.992919 0.892095 0.955855 0.950382 0.960149 0.957301 0.962653 0.945826 0.849497 0.921497 0.975523 0.929914 0.925233 0.917122 0.849273 0.854465 0.821376 0.972317 0.842226 0.898240 0.850827 0.821545 0.967032 0.992988 0.820000 0.938980 0.808176 0.836498 0.903292 0.972382 0.843365 0.989497 0.886687 0.987503 0.984260 0.918118 0.949503 0.975598 0.927909 0.929697 0.990297 0.886401 0.826839 0.907504 0.885767 0.936538 0.949853 0.945000 0.816869 0.920627 0.952947
0.863058 0.870600 0.767169 0.915787 0.854254 0.776554 0.935081 0.882300 0.875007 0.979973 0.870734 0.897238 0.985799 0.962815 0.758973 0.877808 0.939539 0.906544 0.907874 0.914638 0.947890 0.894711 0.000000 0.497585 0.794931 0.943351 0.925893 0.831257 0.961272 0.976755 0.854809 0.984524 0.911398 0.919719 0.918320 0.874387 0.738590 0.739359 0.920206 0.964704 0.953248 0.969359 0.851178 0.774781 0.838698 0.876431 0.909304 0.801691 0.822249 0.761481 0.622365 0.626151 0.575874 0.507832 0.623653 0.612535 0.993107 0.983887 0.986348 0.890734 0.873216 0.817726 0.988719 0.887145 0.691347 0.919901 0.995396 0.885112 0.892389 0.861398 0.905236 0.772798 0.744150 0.662543 0.923825 0.931614 0.742001 0.830178 0.803896 0.846611 0.925997 0.929132 0.878960 0.947865 0.583262 0.556843 0.845988 0.710144 0.992866 0.950687 0.661043 0.675852 0.944445 0.807598 0.999182 0.786711 0.973393 0.905677 0.679376 0.662597 0.626055 0.653386 0.768197 0.769927 0.940769 0.995131 0.807944 0.638715 0.987367 0.874318 0.983999 0.769993 0.780287 0.824180 0.843350 0.954597
0.915129 0.936640 0.855339 0.999160 0.919596 0.890882 0.626623 0.768122 0.744456 0.859487 0.849320 0.997636 0.888257 0.922270 0.938213 0.772975 0.857632 0.872894 0.909548 0.964416 0.995400 0.926617 0.497585 0.000000 0.935879 0.841085 0.918712 0.889517 0.893908 0.927242 0.865053 0.731228 0.830029 0.775849 0.892776 0.904071 0.999391 0.777421 0.841072 0.937340 0.829942 0.881885 0.680497 0.691409 0.654544 0.794744 0.727637 0.771547 0.868265 0.884635 0.746262 0.759697 0.731873 0.641381 0.635660 0.746591 0.926383 0.985306 0.883993 0.997991 0.736927 0.877437 0.893458 0.907572 0.965368 0.917523 0.716776 0.586035 0.904380 0.952820 0.884445 0.820956 0.680984 0.725423 0.819776 0.911761 0.670367 0.734576 0.732972 0.921931 0.888062 0.956029 0.924319 0.899947 0.754776 0.535570 0.923355 0.591076 0.930574 0.982457 0.524595 0.553038 0.650294 0.713541 0.892701 0.940308 0.784537 0.832764 0.529566 0.594571 0.646359 0.636380 0.706044 0.763512 0.904022 0.848982 0.971127 0.584647 0.899939 0.855900 0.826700 0.728637 0.741480 0.872403 0.692208 0.944615
0.597048 0.628299 0.608645 0.972621 0.977812 0.636411 0.942046 0.617789 0.974651 0.684327 0.533450 0.493178 0.556327 0.501692 0.662068 0.567007 0.603057 0.595546 0.584346 0.667910 0.978081 0.963822 0.794931 0.935879 0.000000 0.499482 0.798680 0.948337 0.590396 0.525896 0.962832 0.963031 0.744564 0.662272 0.648881 0.801667 0.835701 0.906063 0.954318 0.908739 0.869748 0.954806 0.747612 0.622416 0.948228 0.739611 0.614932 0.715093 0.569038 0.564416 0.559614 0.551256 0.597357 0.565198 0.673791 0.721909 0.760418 0.723206 0.633506 0.549081 0.652991 0.556934 0.517475 0.518008 0.464868 0.862829 0.956664 0.996505 0.838473 0.777482 0.760722 0.750942 0.557160 0.564960 0.885009 0.786001 0.715861 0.647132 0.733032 0.640020 0.675759 0.779983 0.805000 0.966331 0.818021 0.971406 0.781049 0.828230 0.736923 0.936040 0.874971 0.949322 0.742404 0.700903 0.959475 0.808179 0.962622 0.821590 0.653609 0.736835 0.705459 0.870011 0.710623 0.700718 0.980486 0.953872 0.962691 0.971159 0.907249 0.805218 0.883660 0.838083 0.757147 0.861980 0.835007 0.883206
0.746644 0.720618 0.382583 0.861106 0.852926 0.942674 0.699247 0.901417 0.719764 0.858602 0.723568 0.591297 0.719818 0.575648 0.815023 0.615735 0.686156 0.706531 0.619414 0.678685 0.956093 0.921591 0.943351 0.841085 0.499482 0.000000 0.940865 0.965883 0.788841 0.699110 0.724331 0.770437 0.968610 0.907911 0.481414 0.722595 0.876175 0.914281 0.849054 0.985061 0.999774 0.960850 0.831716 0.981191 0.734505 0.964726 0.803199 0.998796 0.814538 0.780596 0.876065 0.884266 0.947402 0.965197 0.826833 0.855168 0.696559 0.712502 0.763787 0.758803 0.978084 0.857405 0.723963 0.679268 0.482941 0.533138 0.683975 0.663044 0.732957 0.739653 0.874238 0.749289 0.729554 0.817569 0.873019 0.974549 0.853402 0.877507 0.777113 0.800340 0.802240 0.732231 0.749573 0.901878 0.846951 0.929648 0.691053 0.736824 0.779646 0.903892 0.646008 0.612373 0.431457 0.547589 0.795543 0.778295 0.968764 0.633199 0.982722 0.941569 0.920739 0.754620 0.889330 0.957204 0.910396 0.852581 0.888602 0.694632 0.936340 0.835111 0.809836 0.877295 0.933694 0.919892 0.882948 0.779584
0.972073 0.996857 0.808920 0.911350 0.989264 0.890227 0.665844 0.858027 0.850282 0.800059 0.949959 0.990300 0.998874 0.966534 0.984477 0.936715 0.891466 0.848927 0.943854 0.964222 0.875895 0.824928 0.925893 0.918712 0.798680 0.940865 0.000000 0.928990 0.902918 0.924904 0.918661 0.748586 0.792986 0.816112 0.656552 0.910164 0.997107 0.964982 0.944131 0.921066 0.889490 0.990070 0.654935 0.769097 0.674492 0.843613 0.861465 0.730658 0.932566 0.884780 0.920415 0.997766 0.945367 0.893558 0.764326 0.895281 0.930581 0.843122 0.993115 0.875274 0.739817 0.949933 0.881605 0.914855 0.993375 0.908533 0.672755 0.656728 0.817628 0.738491 0.853300 0.811664 0.825873 0.829347 0.957918 0.948398 0.864037 0.990182 0.953786 0.897143 0.897659 0.999182 0.904977 0.915719 0.962902 0.861920 0.997358 0.777422 0.791818 0.945536 0.793696 0.789250 0.810660 0.905656 0.905547 0.938990 0.986976 0.770849 0.694997 0.724389 0.836196 0.775200 0.860727 0.817627 0.901010 0.968980 0.960885 0.805115 0.925228 0.950464 0.865987 0.837516 0.762448 0.839676 0.892187 0.743771
0.952561 0.962917 0.957933 0.998276 0.996498 0.905328 0.945283 0.937808 0.918056 0.952315 0.984132 0.977250 0.985181 0.991848 0.995180 0.970771 0.958680 0.991240 0.990481 0.964834 0.965337 0.883468 0.831257 0.889517 0.948337 0.965883 0.928990 0.000000 0.986574 0.989314 0.946949 0.876101 0.950347 0.896917 0.954500 0.799641 0.860106 0.900043 0.922415 0.917268 0.884388 0.930160 0.931827 0.862230 0.852528 0.943587 0.964007 0.978393 0.907492 0.973253 0.901452 0.946954 0.904557 0.923800 0.990738 0.860206 0.996804 0.993921 0.935241 0.998071 0.923281 0.956371 0.928520 0.933584 0.984372 0.964555 0.819660 0.886676 0.994859 0.975129 0.925010 0.957271 0.957098 0.999601 0.987932 0.954739 0.935503 0.817075 0.973505 0.939354 0.943516 0.994783 0.930501 0.936375 0.902289 0.964716 0.931161 0.968400 0.876653 0.654127 0.985657 0.949984 0.979346 0.918365 0.902874 0.766089 0.958207 0.812353 0.763918 0.856334 0.800010 0.896990 0.908762 0.948997 0.976230 0.959228 0.904036 0.970675 0.923200 0.962925 0.984997 0.910446 0.855448 0.909211 0.943300 0.883577
0.238628 0.248961 0.739860 0.712324 0.768793 0.704498 0.784671 0.278906 0.907497 0.302285 0.216713 0.247740 0.334631 0.277080 0.496237 0.532680 0.237307 0.205716 0.263074 0.292769 0.969213 0.912076 0.961272 0.893908 0.590396 0.788841 0.902918 0.986574 0.000000 0.190101 0.644264 0.572946 0.373717 0.298404 0.741784 0.733019 0.885314 0.853727 0.936764 0.785731 0.641632 0.710575 0.623712 0.415948 0.648832 0.322451 0.534576 0.415270 0.246165 0.300674 0.318871 0.346765 0.407461 0.481684 0.574667 0.477129 0.346020 0.320467 0.322669 0.380117 0.455426 0.250876 0.239604 0.213655 0.465251 0.758218 0.909391 0.987905 0.623531 0.524315 0.698064 0.676907 0.344086 0.410414 0.682271 0.785745 0.431338 0.457893 0.377947 0.288845 0.228525 0.299354 0.459770 0.543880 0.739083 0.832475 0.777043 0.947678 0.899369 0.662815 0.869470 0.691995 0.717364 0.490606 0.892373 0.723628 0.751031 0.720635 0.524513 0.557443 0.644371 0.768473 0.442295 0.474295 0.639274 0.839363 0.992513 0.990052 0.762140 0.995140 0.999021 0.761207 0.508126 0.785646 0.876018 0.745302
0.228974 0.262846 0.711258 0.751343 0.768336 0.690603 0.753142 0.272749 0.939227 0.262294 0.183939 0.211702 0.256486 0.237222 0.392500 0.414831 0.190752 0.185958 0.238507 0.306526 0.963792 0.898692 0.976755 0.927242 0.525896 0.699110 0.924904 0.989314 0.190101 0.000000 0.592728 0.630433 0.370604 0.281474 0.685909 0.706460 0.859485 0.913749 0.971094 0.831994 0.650945 0.742912 0.553411 0.335446 0.637075 0.316083 0.472131 0.374703 0.245192 0.321882 0.350056 0.368483 0.435353 0.516898 0.603625 0.552914 0.321909 0.326567 0.303397 0.360448 0.439164 0.270673 0.189381 0.160218 0.472850 0.727776 0.927933 0.975590 0.667289 0.543536 0.650540 0.580074 0.395856 0.412700 0.789541 0.820786 0.417766 0.438774 0.380392 0.303631 0.205327 0.291829 0.477890 0.535043 0.793421 0.818665 0.711672 0.996617 0.902378 0.665394 0.942776 0.655612 0.638255 0.423705 0.900269 0.720166 0.738621 0.660575 0.536042 0.546576 0.606741 0.807252 0.433508 0.449938 0.699887 0.821148 0.995756 0.974244 0.661861 0.895275 0.988472 0.686944 0.516306 0.776221 0.777192 0.743227
0.706773 0.741655 0.760710 0.880336 0.946590 0.811828 0.565287 0.570520 0.712985 0.502210 0.716708 0.804762 0.683429 0.828110 0.596229 0.792066 0.692143 0.683542 0.749142 0.875531 0.820399 0.952573 0.854809 0.865053 0.962832 0.724331 0.918661 0.946949 0.644264 0.592728 0.000000 0.410351 0.515251 0.557039 0.851560 0.941920 0.763620 0.981834 0.897132 0.973746 0.860617 0.919964 0.394881 0.417141 0.418166 0.403215 0.676869 0.523402 0.648024 0.781226 0.745791 0.735958 0.747569 0.786931 0.948413 0.863220 0.720675 0.786644 0.748751 0.773305 0.597906 0.673871 0.615669 0.660234 0.947378 0.880819 0.777557 0.579710 0.858437 0.978082 0.721273 0.737859 0.884388 0.769155 0.835492 0.910411 0.636361 0.640709 0.763709 0.693513 0.624637 0.773342 0.876800 0.839090 0.777976 0.961419 0.980169 0.663895 0.884551 0.771285 0.761374 0.987441 0.862717 0.935090 0.832670 0.954316 0.820670 0.930160 0.653214 0.630672 0.589156 0.756559 0.627380 0.631519 0.671188 0.730205 0.940083 0.847951 0.756768 0.853484 0.759100 0.669255 0.616670 0.946514 0.717993 0.932995
0.709622 0.737435 0.855064 0.877288 0.872510 0.767920 0.608404 0.605192 0.788370 0.575897 0.712472 0.805851 0.753201 0.862923 0.732889 0.903232 0.682624 0.655644 0.752330 0.781988 0.852702 0.999669 0.984524 0.731228 0.963031 0.770437 0.748586 0.876101 0.572946 0.630433 0.410351 0.000000 0.491654 0.531489 0.833716 0.901630 0.793091 0.855305 0.791238 0.880207 0.778553 0.954525 0.480014 0.498587 0.484330 0.469424 0.650823 0.477457 0.645928 0.755470 0.709733 0.725838 0.758302 0.747065 0.828602 0.761174 0.721303 0.802024 0.764330 0.792070 0.669441 0.673332 0.661878 0.686055 0.944112 0.981737 0.893715 0.663277 0.883168 0.893941 0.626095 0.755573 0.770491 0.796673 0.824883 0.912963 0.615928 0.686494 0.715201 0.608742 0.606186 0.768670 0.810805 0.873305 0.841212 0.999586 0.912058 0.657275 0.920102 0.834992 0.753064 0.973730 0.837797 0.927465 0.994672 0.981522 0.819553 0.993550 0.667099 0.689809 0.693164 0.814971 0.605241 0.698534 0.659758 0.904608 0.929634 0.840021 0.765009 0.822352 0.727218 0.620165 0.704702 0.842842 0.816597 0.894197
0.485951 0.550739 0.834196 0.620947 0.904528 0.688161 0.461658 0.379945 0.903287 0.370484 0.407546 0.536425 0.424577 0.546647 0.499171 0.657076 0.410318 0.392971 0.442583 0.606394 0.919481 0.983197 0.911398 0.830029 0.744564 0.968610 0.792986 0.950347 0.373717 0.370604 0.515251 0.491654 0.000000 0.386350 0.965765 0.989855 0.679656 0.838503 0.904327 0.833564 0.715484 0.849463 0.435912 0.385412 0.434698 0.355661 0.608002 0.400319 0.493939 0.614800 0.561177 0.594430 0.640317 0.648101 0.678962 0.724139 0.538053 0.622586 0.452353 0.655978 0.385747 0.476964 0.371042 0.400455 0.865511 0.985592 0.721895 0.650713 0.906122 0.772057 0.686745 0.612108 0.558209 0.557718 0.789215 0.898387 0.529024 0.544871 0.498870 0.419924 0.389006 0.529574 0.619539 0.573694 0.720326 0.889434 0.974878 0.946985 0.956892 0.657353 0.776493 0.910033 0.993634 0.752867 0.943376 0.891314 0.695057 0.951531 0.522055 0.505181 0.635117 0.710528 0.481173 0.457141 0.608160 0.711402 0.971105 0.844316 0.673007 0.958341 0.873138 0.587786 0.535478 0.768553 0.784837 0.869599
0.346089 0.396082 0.862879 0.743476 0.785688 0.767476 0.613979 0.313467 0.965321 0.357060 0.333521 0.370555 0.404821 0.399048 0.491205 0.624946 0.308598 0.311271 0.363776 0.423903 0.918532 0.936303 0.919719 0.775849 0.662272 0.907911 0.816112 0.896917 0.298404 0.281474 0.557039 0.531489 0.386350 0.000000 0.904644 0.806885 0.849753 0.800075 0.950713 0.873417 0.726404 0.807345 0.479585 0.317836 0.474427 0.308391 0.510804 0.393163 0.337771 0.438128 0.435503 0.453354 0.497378 0.562940 0.700572 0.594487 0.450051 0.456652 0.410273 0.505808 0.441654 0.338286 0.269592 0.295725 0.594350 0.886504 0.912294 0.770573 0.794395 0.710162 0.597980 0.601744 0.482274 0.509964 0.761859 0.886367 0.370012 0.547445 0.442141 0.393886 0.323182 0.436076 0.545443 0.541412 0.792521 0.903341 0.846260 0.833325 0.955867 0.676078 0.858217 0.797859 0.832516 0.647376 0.988798 0.695040 0.834067 0.914711 0.461581 0.529500 0.618295 0.744595 0.452327 0.495226 0.703259 0.827367 0.958653 0.894449 0.691718 0.993337 0.953978 0.625308 0.540405 0.885209 0.767052 0.843136
0.652700 0.640994 0.398389 0.963751 0.876416 0.901501 0.650360 0.820360 0.682919 0.843790 0.700646 0.571350 0.748138 0.578346 0.869222 0.728085 0.703875 0.732684 0.667173 0.613545 0.963089 0.933423 0.918320 0.892776 0.648881 0.481414 0.656552 0.954500 0.741784 0.685909 0.851560 0.833716 0.965765 0.904644 0.000000 0.815368 0.877356 0.955013 0.988141 0.855999 0.995333 0.948383 0.816290 0.940573 0.811694 0.886509 0.918680 0.950175 0.672633 0.623642 0.780129 0.755285 0.810122 0.891838 0.928958 0.870247 0.669201 0.574621 0.803869 0.631688 0.921241 0.739522 0.741664 0.661121 0.484618 0.577153 0.544168 0.579537 0.671706 0.575746 0.742417 0.868748 0.749423 0.907718 0.925114 0.977391 0.910854 0.845515 0.828813 0.769787 0.740262 0.710399 0.702193 0.855536 0.896084 0.952884 0.743565 0.758829 0.878219 0.856204 0.721726 0.605162 0.558699 0.500262 0.900202 0.817881 0.976296 0.609404 0.951318 0.874400 0.967479 0.794993 0.915508 0.972665 0.783204 0.854995 0.863827 0.796597 0.889245 0.964327 0.851650 0.907268 0.924185 0.851355 0.778596 0.738036
0.577820 0.578824 0.604561 0.804048 0.843989 0.878507 0.892226 0.685950 0.827112 0.829265 0.690514 0.594611 0.749553 0.616879 0.777089 0.765306 0.731484 0.686084 0.680272 0.572741 0.859238 0.915699 0.874387 0.904071 0.801667 0.722595 0.910164 0.799641 0.733019 0.706460 0.941920 0.901630 0.989855 0.806885 0.815368 0.000000 0.706771 0.955774 0.939078 0.958533 0.996584 0.990228 0.987948 0.828412 0.979824 0.733302 0.851415 0.747524 0.631254 0.530980 0.618830 0.566473 0.609459 0.672317 0.750781 0.679493 0.567226 0.540842 0.685986 0.542896 0.881435 0.622393 0.722954 0.665801 0.642578 0.794299 0.684368 0.798946 0.658810 0.577197 0.908946 0.945873 0.800009 0.860022 0.913990 0.931856 0.659346 0.871603 0.749963 0.753519 0.742521 0.712728 0.724690 0.862644 0.993569 0.854631 0.621387 0.958153 0.968878 0.926508 0.907773 0.799130 0.624821 0.678935 0.830454 0.956102 0.962341 0.669961 0.899027 0.907783 0.917374 0.996778 0.773954 0.825077 0.824331 0.968497 0.976386 0.949343 0.934665 0.972140 0.957050 0.889136 0.843847 0.983141 0.863706 0.889491
0.941134 0.946255 0.826338 0.959036 0.864545 0.860285 0.878166 0.921065 0.942891 0.790370 0.955317 0.970397 0.958797 0.955585 0.917663 0.989232 0.819694 0.872851 0.974478 0.961572 0.747737 0.933489 0.738590 0.999391 0.835701 0.876175 0.997107 0.860106 0.885314 0.859485 0.763620 0.793091 0.679656 0.849753 0.877356 0.706771 0.000000 0.786975 0.989044 0.731594 0.893423 0.773692 0.923035 0.915380 0.755719 0.862436 0.956051 0.976868 0.951491 0.900655 0.943414 0.888630 0.871424 0.841975 0.948128 0.956319 0.895436 0.934012 0.975061 0.877176 0.936016 0.957325 0.929190 0.903331 0.887150 0.903587 0.926836 0.954788 0.913804 0.927347 0.911147 0.879181 0.992197 0.974969 0.895922 0.869880 0.974238 0.796149 0.988811 0.853041 0.780008 0.760479 0.809182 0.756728 0.628773 0.768697 0.828107 0.823885 0.937131 0.722288 0.868602 0.825566 0.874620 0.850764 0.981419 0.982810 0.857159 0.943721 0.985367 0.940210 0.933035 0.857890 0.915588 0.887357 0.971072 0.959637 0.825473 0.867643 0.792317 0.951812 0.880160 0.785687 0.888426 0.965214 0.917380 0.902306
0.921400 0.894364 0.973260 0.854905 0.923357 0.932230 0.863297 0.888652 0.999436 0.803053 0.899357 0.947447 0.906228 0.997046 0.869202 0.872109 0.860073 0.856709 0.917450 0.812222 0.945308 0.646353 0.739359 0.777421 0.906063 0.914281 0.964982 0.900043 0.853727 0.913749 0.981834 0.855305 0.838503 0.800075 0.955013 0.955774 0.786975 0.000000 0.939941 0.815982 0.748624 0.838482 0.905647 0.901438 0.718926 0.828545 0.966749 0.889575 0.857214 0.969749 0.850939 0.938001 0.887016 0.887027 0.798401 0.778726 0.934404 0.953456 0.966692 0.889085 0.905895 0.804247 0.952777 0.906419 0.913485 0.825815 0.977179 0.861112 0.848725 0.844104 0.947777 0.785738 0.732160 0.784395 0.929315 0.998698 0.865651 0.934842 0.855012 0.792951 0.772728 0.817874 0.841405 0.625480 0.822510 0.950505 0.996606 0.902003 0.996474 0.781109 0.971940 0.957894 0.968366 0.932138 0.981600 0.770064 0.807803 0.891859 0.971350 0.793674 0.989776 0.908351 0.941037 0.961369 0.983837 0.967423 0.981473 0.999790 0.853432 0.977562 0.905239 0.756666 0.990838 0.983613 0.981115 0.820630
