0.000000 0.655884 0.949273 0.964794 0.926203 0.923560 0.920224 0.898257 0.871448 0.894873 0.592289 0.773431 0.849688 0.881458 0.990813 0.959574 0.722903 0.644659 0.797344 0.862245 0.837184 0.979997 0.905126 0.931980 0.954793 0.874267 0.854547 0.802777 0.841421 0.763699 0.896376 0.748207 0.787974 0.627908 0.957489 0.863359 0.963394 0.942551 0.933854 0.871333 0.872687 0.724925 0.721713 0.718027 0.777924 0.660240 0.766864 0.626707 0.712314 0.733805 0.664255 0.617756 0.823286 0.984016 0.823010 0.662107 0.599509 0.626498 0.622148 0.648276 0.684843 0.871680 0.631023 0.622748 0.906330 0.954574 0.690907 0.741313 0.871675 0.767249 0.954029 0.978763 0.955203 0.970113 0.899455 0.967386 0.922303 0.905217 0.733261 0.932503 0.497951 0.638438 0.817449 0.699771 0.934851 0.854490 0.911909 0.988792 0.934900 0.849427 0.832807 0.927929 0.826310 0.932645 0.900748 0.879304 0.811519 0.756751 0.708199 0.871952 0.840890 0.874228 0.739342 0.707821 0.940490 0.800706 0.983858 0.776487 0.972055 0.895560 0.901658 0.934529 0.866285 0.857687 0.897013 0.925416
0.655884 0.000000 0.951670 0.850965 0.818642 0.852168 0.858240 0.988720 0.686502 0.610081 0.964442 0.778799 0.955724 0.966547 0.895888 0.978700 0.756286 0.689368 0.906719 0.957190 0.830144 0.967008 0.792809 0.967788 0.770985 0.646366 0.958381 0.676200 0.910484 0.933875 0.985538 0.977371 0.924534 0.855154 0.806440 0.810320 0.763136 0.918199 0.845273 0.662540 0.757479 0.796141 0.604462 0.644810 0.920545 0.763235 0.596143 0.773963 0.901556 0.895622 0.665294 0.655355 0.962736 0.924767 0.705018 0.670606 0.629015 0.532473 0.734600 0.743695 0.980637 0.911377 0.847372 0.820601 0.973550 0.787723 0.682733 0.649196 0.761857 0.722377 0.902940 0.916243 0.929571 0.924315 0.907692 0.875994 0.870828 0.784883 0.839488 0.812224 0.722948 0.618929 0.798722 0.645339 0.925390 0.697652 0.995484 0.936789 0.998892 0.828769 0.978638 0.868091 0.779022 0.945104 0.939617 0.937114 0.941888 0.865534 0.983454 0.920339 0.927385 0.950761 0.948477 0.824665 0.880335 0.769278 0.990208 0.906844 0.904182 0.905441 0.980946 0.973850 0.973293 0.928780 0.826499 0.910036
0.949273 0.951670 0.000000 0.456325 0.903807 0.750359 0.511068 0.463365 0.762566 0.892566 0.970729 0.711858 0.760355 0.728343 0.932967 0.767554 0.799867 0.721439 0.739353 0.825043 0.903133 0.944224 0.771714 0.600138 0.611072 0.789039 0.941292 0.914263 0.956745 0.997821 0.932724 0.912427 0.828369 0.842640 0.971473 0.881849 0.859007 0.890394 0.716652 0.886516 0.949608 0.934436 0.852043 0.963040 0.781053 0.755385 0.913270 0.899323 0.660995 0.747985 0.702996 0.808444 0.793872 0.699687 0.961182 0.944786 0.922127 0.731176 0.806247 0.895525 0.764277 0.573053 0.671243 0.661444 0.537029 0.568381 0.822379 0.960611 0.969201 0.883371 0.886825 0.834422 0.827471 0.899852 0.951062 0.810116 0.961238 0.964707 0.944099 0.994139 0.843850 0.822585 0.945338 0.900944 0.745360 0.624714 0.897727 0.970603 0.650817 0.874235 0.656774 0.602262 0.665503 0.544407 0.968285 0.732123 0.826816 0.920384 0.999914 0.802395 0.802579 0.878718 0.786878 0.853515 0.862930 0.845262 0.820831 0.998516 0.901830 0.776518 0.764172 0.918859 0.950867 0.846473 0.950959 0.994744
0.964794 0.850965 0.456325 0.000000 0.910893 0.777470 0.676560 0.377453 0.924697 0.969692 0.965946 0.747785 0.986476 0.881603 0.756930 0.969364 0.813476 0.764484 0.876227 0.845048 0.968759 0.955316 0.924077 0.739720 0.579892 0.620700 0.937298 0.980340 0.715359 0.868084 0.942454 0.986709 0.971281 0.939991 0.926423 0.936690 0.815133 0.825682 0.642455 0.687696 0.998339 0.977847 0.822976 0.983313 0.626108 0.717386 0.856382 0.855518 0.618338 0.740383 0.743629 0.855561 0.680071 0.595140 0.903159 0.943268 0.966872 0.888546 0.935172 0.904124 0.976165 0.725290 0.635004 0.611019 0.701106 0.487401 0.750502 0.800639 0.800270 0.955704 0.833843 0.926355 0.885435 0.947808 0.989237 0.889318 0.974160 0.904312 0.941075 0.953694 0.863631 0.720829 0.829078 0.934858 0.936858 0.632596 0.958289 0.811785 0.694239 0.884615 0.742711 0.685316 0.635634 0.586314 0.965740 0.793141 0.780149 0.810754 0.791928 0.997134 0.797907 0.946197 0.849908 0.924845 0.817803 0.759225 0.836143 0.968065 0.784963 0.776875 0.864313 0.767059 0.999253 0.947034 0.949586 0.886273
0.926203 0.818642 0.903807 0.910893 0.000000 0.955642 0.795696 0.915523 0.664239 0.826703 0.958944 0.913886 0.651538 0.694605 0.688831 0.600837 0.984578 0.939575 0.805510 0.993253 0.834156 0.989353 0.580483 0.677970 0.954297 0.818522 0.888586 0.858183 0.881474 0.947815 0.960869 0.942198 0.888748 0.972027 0.879748 0.995178 0.815516 0.929590 0.883807 0.799595 0.924531 0.810044 0.978045 0.882347 0.836765 0.978697 0.925856 0.970774 0.989399 0.959326 0.936827 0.975227 0.915414 0.798006 0.852383 0.988668 0.772370 0.745902 0.872830 0.740601 0.763193 0.785110 0.917695 0.977831 0.679726 0.946432 0.928383 0.821476 0.842005 0.750739 0.828769 0.982282 0.968871 0.969117 0.929324 0.887793 0.916994 0.931637 0.994679 0.920968 0.753024 0.907003 0.822056 0.845345 0.600213 0.926908 0.791408 0.785713 0.936649 0.842025 0.762778 0.720100 0.980824 0.758804 0.870528 0.955548 0.878769 0.719313 0.805143 0.674283 0.907308 0.825047 0.921011 0.943296 0.917049 0.933585 0.991452 0.831298 0.965157 0.831869 0.839183 0.901693 0.958940 0.987723 0.950553 0.830143
0.923560 0.852168 0.750359 0.777470 0.955642 0.000000 0.911142 0.853993 0.987650 0.843402 0.894338 0.788316 0.887506 0.822685 0.908598 0.818273 0.884095 0.972761 0.982340 0.998807 0.791389 0.922729 0.941439 0.801304 0.584543 0.521885 0.893481 0.700706 0.915902 0.835560 0.931962 0.867078 0.836045 0.797063 0.659920 0.900879 0.850918 0.912935 0.765586 0.674896 0.807818 0.996628 0.786050 0.986634 0.956450 0.932326 0.813210 0.962423 0.832416 0.790881 0.989976 0.917920 0.893094 0.798455 0.892763 0.804483 0.972857 0.947970 0.877152 0.989718 0.825987 0.775744 0.890755 0.901876 0.582287 0.570561 0.589081 0.661865 0.968997 0.968333 0.931929 0.756868 0.992226 0.984904 0.744407 0.983635 0.967404 0.780157 0.877148 0.969047 0.948010 0.759543 0.832562 0.908983 0.706170 0.542289 0.760467 0.978708 0.856355 0.785928 0.705887 0.822619 0.615684 0.769162 0.890891 0.717101 0.852675 0.992829 0.966016 0.850977 0.779634 0.997048 0.932570 0.930478 0.794040 0.795234 0.824483 0.942514 0.945353 0.890612 0.948625 0.889436 0.889441 0.954827 0.899260 0.819895
0.920224 0.858240 0.511068 0.676560 0.795696 0.911142 0.000000 0.500950 0.569156 0.570746 0.747458 0.777699 0.473440 0.536350 0.661073 0.637921 0.977331 0.952938 0.405798 0.642948 0.806755 0.881696 0.545890 0.689750 0.936542 0.857821 0.952058 0.838331 0.733220 0.631604 0.762076 0.619559 0.624761 0.702171 0.927677 0.861678 0.883101 0.947421 0.928380 0.873687 0.873842 0.948141 0.915644 0.942415 0.938362 0.997921 0.986896 0.824742 0.929375 0.962023 0.785047 0.889347 0.967156 0.970871 0.975168 0.942346 0.947351 0.668337 0.849117 0.840027 0.570336 0.616971 0.949606 0.892132 0.699954 0.892190 0.929866 0.872546 0.845081 0.785121 0.754082 0.686395 0.682138 0.754399 0.932232 0.777384 0.866473 0.876519 0.968152 0.952817 0.964936 0.924605 0.993576 0.884081 0.674015 0.885332 0.972049 0.750475 0.659269 0.861023 0.520275 0.492295 0.703690 0.580260 0.973277 0.944573 0.845168 0.956877 0.765816 0.565947 0.819920 0.611959 0.970668 0.999415 0.961983 0.968161 0.851973 0.878274 0.891323 0.863009 0.758650 0.960110 0.948759 0.941530 0.933113 0.795422
0.898257 0.988720 0.463365 0.377453 0.915523 0.853993 0.500950 0.000000 0.805947 0.783813 0.777247 0.685027 0.862421 0.815382 0.868877 0.945433 0.908868 0.800040 0.666757 0.735790 0.916055 0.975079 0.994067 0.803865 0.731123 0.770270 0.969533 0.901456 0.949655 0.861495 0.975376 0.795829 0.875112 0.765827 0.835668 0.868144 0.893751 0.912394 0.800597 0.862048 0.926722 0.977093 0.898919 0.941411 0.715100 0.811255 0.947156 0.841726 0.746023 0.904680 0.768495 0.851675 0.786952 0.682622 0.851850 0.930502 0.963213 0.808281 0.969603 0.873680 0.828005 0.633547 0.770704 0.734471 0.813076 0.635806 0.782337 0.917239 0.875522 0.991441 0.857123 0.752070 0.737114 0.884348 0.949142 0.890231 0.938147 0.904639 0.914458 0.942518 0.981539 0.738226 0.783878 0.827501 0.979289 0.803139 0.886169 0.899256 0.738816 0.862115 0.620880 0.656634 0.616877 0.601027 0.950494 0.840222 0.719724 0.821833 0.969159 0.841872 0.682688 0.797803 0.988568 0.998393 0.941170 0.818285 0.839777 0.898171 0.864973 0.806567 0.744089 0.869118 0.953211 0.943144 0.960395 0.915803
0.871448 0.686502 0.762566 0.924697 0.664239 0.987650 0.569156 0.805947 0.000000 0.475567 0.857455 0.976381 0.604923 0.690951 0.626966 0.562765 0.982516 0.862944 0.560982 0.874515 0.848943 0.979599 0.511957 0.642192 0.907697 0.742926 0.920996 0.780526 0.809636 0.723146 0.768432 0.792651 0.880741 0.909103 0.977495 0.842958 0.768140 0.809843 0.802032 0.752424 0.857860 0.911541 0.900415 0.916275 0.913870 0.961950 0.830029 0.912639 0.992927 0.905511 0.793487 0.914205 0.817263 0.770840 0.761434 0.829309 0.714888 0.646721 0.768157 0.724019 0.815519 0.758310 0.936690 0.933709 0.773355 0.890941 0.839633 0.682782 0.664781 0.746946 0.766644 0.838044 0.836421 0.961045 0.852998 0.934461 0.982544 0.953517 0.957121 0.953149 0.868942 0.856305 0.985865 0.721184 0.758204 0.912437 0.886522 0.702089 0.912336 0.936196 0.683510 0.543392 0.940935 0.704935 0.964535 0.981109 0.952501 0.819583 0.842198 0.679024 0.923663 0.693864 0.943159 0.956018 0.817744 0.944625 0.912772 0.988046 0.965129 0.946513 0.917157 0.896111 0.890774 0.977453 0.907455 0.998179
0.894873 0.610081 0.892566 0.969692 0.826703 0.843402 0.570746 0.783813 0.475567 0.000000 0.778248 0.933153 0.688374 0.790085 0.690528 0.756835 0.924854 0.908547 0.551263 0.829227 0.788917 0.948962 0.596132 0.877037 0.737115 0.601859 0.986994 0.670962 0.678808 0.559986 0.709600 0.632483 0.905478 0.872064 0.740443 0.837921 0.790298 0.831328 0.742014 0.569517 0.827273 0.874451 0.739556 0.894326 0.924608 0.996375 0.668840 0.926739 0.882967 0.802909 0.768629 0.840576 0.805663 0.765207 0.838447 0.757499 0.787708 0.670401 0.785998 0.836780 0.848349 0.845533 0.990465 0.944812 0.980401 0.677166 0.705313 0.549999 0.731842 0.800981 0.893837 0.715760 0.757590 0.902154 0.969223 0.963770 0.871925 0.968533 0.954808 0.992577 0.985048 0.825798 0.923402 0.688687 0.951668 0.653842 0.972712 0.730644 0.909302 0.955041 0.822572 0.657743 0.882763 0.777973 0.954144 0.928830 0.887424 0.888341 0.885880 0.727880 0.955259 0.716887 0.979252 0.910426 0.813943 0.791591 0.971850 0.922440 0.934199 0.921373 0.915566 0.959511 0.923700 0.952239 0.756547 0.855923
0.592289 0.964442 0.970729 0.965946 0.958944 0.894338 0.747458 0.777247 0.857455 0.778248 0.000000 0.739431 0.713549 0.722965 0.861320 0.869511 0.724499 0.713471 0.637893 0.709815 0.882554 0.974287 0.947299 0.998470 0.982707 0.997403 0.841623 0.990827 0.708642 0.618604 0.784526 0.689252 0.639029 0.613480 0.932235 0.963618 0.911366 0.960510 0.863976 0.933810 0.969742 0.770273 0.953902 0.827984 0.893231 0.817696 0.939131 0.843160 0.813580 0.784520 0.864704 0.793943 0.808707 0.981096 0.986070 0.737095 0.818445 0.880407 0.738805 0.761469 0.678473 0.765930 0.732833 0.650013 0.937593 0.950242 0.767929 0.891634 0.956119 0.935201 0.904187 0.903890 0.938326 0.973433 0.953169 0.988259 0.978124 0.954515 0.854861 0.934760 0.713399 0.718290 0.977903 0.866659 0.995633 0.980132 0.812292 0.954448 0.936446 0.806322 0.790338 0.979016 0.836409 0.957305 0.932376 0.983394 0.789800 0.875579 0.802491 0.800935 0.776291 0.879227 0.723032 0.888795 0.961229 0.887448 0.987374 0.987343 0.962445 0.880489 0.919439 0.962166 0.946854 0.846776 0.943861 0.952947
0.773431 0.778799 0.711858 0.747785 0.913886 0.788316 0.777699 0.685027 0.976381 0.933153 0.739431 0.000000 0.778565 0.648543 0.984348 0.798746 0.884122 0.937559 0.845768 0.834725 0.921534 0.965331 0.964521 0.767685 0.709228 0.733979 0.908308 0.974438 0.926938 0.956383 0.885940 0.926572 0.681744 0.724218 0.786115 0.838757 0.791753 0.916732 0.914677 0.818884 0.986118 0.937273 0.816649 0.885573 0.978385 0.978239 0.821960 0.903273 0.877159 0.988724 0.861560 0.818904 0.978735 0.884913 0.825314 0.687337 0.851380 0.947446 0.795234 0.848527 0.687694 0.543258 0.939336 0.878965 0.814756 0.646343 0.571546 0.699301 0.973433 0.978712 0.887403 0.938279 0.892736 0.883584 0.923310 0.799999 0.997996 0.887509 0.949074 0.896187 0.958252 0.660039 0.889552 0.901935 0.817174 0.677623 0.971153 0.978050 0.885852 0.766856 0.722607 0.955965 0.657379 0.870548 0.929557 0.886679 0.706329 0.897068 0.896708 0.824773 0.729958 0.827968 0.868650 0.991119 0.907632 0.734636 0.959303 0.955386 0.888747 0.965043 0.993259 0.962455 0.898743 0.963568 0.875222 0.983289
0.849688 0.955724 0.760355 0.986476 0.651538 0.887506 0.473440 0.862421 0.604923 0.688374 0.713549 0.778565 0.000000 0.453026 0.422354 0.429009 0.852948 0.829911 0.451868 0.662447 0.875586 0.888224 0.422694 0.602839 0.966663 0.797431 0.986620 0.908752 0.648945 0.661566 0.729437 0.656737 0.569384 0.703979 0.889998 0.975824 0.841978 0.948687 0.881165 0.854319 0.966257 0.989062 0.854462 0.883898 0.698295 0.849837 0.933377 0.904522 0.913236 0.905658 0.976897 0.904962 0.749750 0.835190 0.841768 0.983845 0.992406 0.816335 0.916136 0.719037 0.476230 0.684590 0.861408 0.860716 0.626984 0.988777 0.948513 0.901392 0.770608 0.741265 0.744412 0.846796 0.802741 0.758149 0.941231 0.782228 0.818980 0.826549 0.925189 0.967867 0.982480 0.973587 0.789452 0.953015 0.502122 0.859258 0.844854 0.607226 0.748272 0.832451 0.670987 0.638228 0.830996 0.772357 0.984996 0.978593 0.992548 0.861299 0.680199 0.516297 0.907497 0.638701 0.937302 0.965131 0.873006 0.963383 0.968615 0.959409 0.885681 0.965238 0.951556 0.838422 0.833532 0.971674 0.937902 0.853344
0.881458 0.966547 0.728343 0.881603 0.694605 0.822685 0.536350 0.815382 0.690951 0.790085 0.722965 0.648543 0.453026 0.000000 0.629081 0.549229 0.932336 0.957421 0.562328 0.695004 0.899661 0.812640 0.571918 0.576699 0.926080 0.955267 0.973999 0.951991 0.724258 0.856206 0.857976 0.785323 0.610627 0.677405 0.755008 0.914996 0.910224 0.987453 0.941108 0.952992 0.926846 0.967780 0.888016 0.892942 0.775785 0.869276 0.886384 0.802994 0.981502 0.930489 0.985688 0.853860 0.842854 0.858468 0.973284 0.922188 0.937869 0.859995 0.950001 0.840825 0.489416 0.593362 0.843746 0.875009 0.669074 0.835330 0.793353 0.894561 0.780140 0.822433 0.808049 0.894756 0.952543 0.823590 0.991290 0.724711 0.876227 0.878305 0.966644 0.965787 0.947187 0.837991 0.742881 0.877620 0.522431 0.715010 0.911524 0.614797 0.686427 0.735570 0.639601 0.715672 0.741994 0.788356 0.916885 0.991936 0.933897 0.880960 0.798809 0.642644 0.874922 0.764541 0.999202 0.968708 0.904014 0.986686 0.927323 0.977236 0.938493 0.868320 0.974902 0.946398 0.909680 0.921166 0.987810 0.991164
0.990813 0.895888 0.932967 0.756930 0.688831 0.908598 0.661073 0.868877 0.626966 0.690528 0.861320 0.984348 0.422354 0.629081 0.000000 0.433632 0.861397 0.808866 0.637649 0.853334 0.919702 0.926701 0.396537 0.725098 0.934894 0.740523 0.903301 0.968400 0.578672 0.664418 0.687146 0.725394 0.641250 0.852385 0.858730 0.956647 0.822314 0.816255 0.738786 0.752963 0.953356 0.970377 0.964970 0.967489 0.675215 0.848988 0.951184 0.968350 0.839708 0.900542 0.930826 0.982809 0.726152 0.730856 0.844853 0.854936 0.882415 0.861119 0.810608 0.606088 0.657262 0.891481 0.857844 0.830297 0.683778 0.810084 0.881817 0.738662 0.611197 0.704287 0.861249 0.941543 0.827318 0.866733 0.978908 0.834159 0.855954 0.850083 0.951983 0.984755 0.987931 0.862389 0.701269 0.946597 0.564027 0.973481 0.801338 0.603679 0.898589 0.950317 0.841408 0.723216 0.948023 0.870278 0.985483 0.894479 0.839236 0.736999 0.729672 0.634104 0.871156 0.805346 0.890865 0.979941 0.999002 0.839717 0.893880 0.972746 0.956729 0.927156 0.997947 0.761347 0.840579 0.953995 0.985076 0.876994
0.959574 0.978700 0.767554 0.969364 0.600837 0.818273 0.637921 0.945433 0.562765 0.756835 0.869511 0.798746 0.429009 0.549229 0.433632 0.000000 0.944807 0.898950 0.647069 0.778005 0.914381 0.940263 0.418429 0.508009 0.842965 0.931331 0.810374 0.993036 0.720944 0.808489 0.741646 0.828010 0.724794 0.919619 0.855830 0.977755 0.955708 0.983337 0.933974 0.895590 0.993275 0.962929 0.876846 0.983572 0.861685 0.999611 0.973314 0.952075 0.971775 0.936295 0.845102 0.973290 0.854002 0.875612 0.859576 0.943732 0.897498 0.827221 0.748354 0.601997 0.728381 0.775276 0.967041 0.993503 0.499811 0.941039 0.950167 0.801120 0.695125 0.711270 0.778563 0.951028 0.872083 0.834529 0.941737 0.798138 0.911729 0.851849 0.929613 0.981998 0.856530 0.974678 0.690142 0.953663 0.483485 0.782105 0.787674 0.641220 0.829950 0.818564 0.747887 0.600456 0.914189 0.658741 0.989532 0.978104 0.864305 0.684887 0.859203 0.651806 0.952246 0.785587 0.781551 0.891521 0.915397 0.959797 0.879366 0.964238 0.899523 0.942045 0.894848 0.832969 0.851167 0.904164 0.901240 0.955451
0.722903 0.756286 0.799867 0.813476 0.984578 0.884095 0.977331 0.908868 0.982516 0.924854 0.724499 0.884122 0.852948 0.932336 0.861397 0.944807 0.000000 0.514649 0.851060 0.928299 0.993552 0.996935 0.983493 0.820853 0.814150 0.888081 0.854492 0.936748 0.707345 0.619386 0.743147 0.748280 0.748397 0.708593 0.905113 0.929275 0.981653 0.981822 0.788979 0.999866 0.963634 0.837415 0.927748 0.686274 0.723540 0.643428 0.901239 0.917931 0.753219 0.689854 0.714513 0.744385 0.730516 0.785324 0.948142 0.832141 0.697944 0.725723 0.807849 0.945223 0.844994 0.917055 0.555592 0.561380 0.772899 0.762689 0.984867 0.928815 0.977629 0.928668 0.904033 0.925027 0.973911 0.923795 0.925524 0.834692 0.819007 0.890345 0.665456 0.710387 0.630855 0.949255 0.912971 0.861525 0.930953 0.880442 0.908949 0.900694 0.975799 0.915467 0.966348 0.906074 0.876482 0.794933 0.925223 0.866058 0.934272 0.884655 0.808113 0.902850 0.934941 0.874198 0.720276 0.726351 0.964806 0.994087 0.934051 0.975940 0.997339 0.942496 0.892112 0.847097 0.924403 0.787630 0.922703 0.897281
0.644659 0.689368 0.721439 0.764484 0.939575 0.972761 0.952938 0.800040 0.862944 0.908547 0.713471 0.937559 0.829911 0.957421 0.808866 0.898950 0.514649 0.000000 0.893110 0.840935 0.965802 0.909345 0.958852 0.855073 0.942234 0.906607 0.941031 0.790658 0.669207 0.712858 0.771930 0.837288 0.705220 0.821714 0.874271 0.843585 0.940902 0.934223 0.828759 0.988197 0.859811 0.743674 0.892623 0.722630 0.755197 0.690028 0.865896 0.877772 0.731488 0.750261 0.753977 0.764767 0.792166 0.850529 0.939131 0.780048 0.659202 0.641842 0.803623 0.908265 0.886924 0.832654 0.556220 0.548216 0.857968 0.762176 0.927663 0.903877 0.945465 0.984391 0.955025 0.992534 0.964911 0.891075 0.957796 0.996459 0.817557 0.864150 0.668370 0.841230 0.659585 0.811053 0.816100 0.656339 0.954769 0.963749 0.941337 0.828003 0.955876 0.913430 0.918364 0.872135 0.937497 0.811165 0.943399 0.809417 0.935984 0.954473 0.806736 0.944829 0.891245 0.950212 0.863626 0.782461 0.925090 0.997414 0.825445 0.913102 0.933383 0.940725 0.988486 0.900499 0.957434 0.783567 0.864455 0.970753
0.797344 0.906719 0.739353 0.876227 0.805510 0.982340 0.405798 0.666757 0.560982 0.551263 0.637893 0.845768 0.451868 0.562328 0.637649 0.647069 0.851060 0.893110 0.000000 0.633094 0.862476 0.884773 0.541122 0.737910 0.866929 0.742327 0.945229 0.811544 0.651557 0.547642 0.718688 0.632005 0.684591 0.629765 0.889150 0.924971 0.779517 0.917520 0.776132 0.807208 0.936546 0.989286 0.932126 0.886652 0.810508 0.851194 0.926773 0.798364 0.851911 0.730854 0.960623 0.910407 0.792204 0.855188 0.908319 0.994742 0.984610 0.816047 0.968109 0.965981 0.560138 0.695619 0.856638 0.897714 0.837475 0.935362 0.967475 0.831751 0.915106 0.816439 0.756671 0.793964 0.710710 0.776776 0.973431 0.891968 0.813505 0.950053 0.920570 0.968113 0.885578 0.887222 0.930426 0.895378 0.688739 0.993311 0.917629 0.661113 0.747057 0.851845 0.555383 0.567762 0.775330 0.723458 0.971742 0.932248 0.893080 0.940433 0.751216 0.583036 0.853996 0.608449 0.974496 0.936073 0.978970 0.970349 0.932806 0.813515 0.949244 0.961132 0.817069 0.837036 0.850620 0.978807 0.961087 0.852042
0.862245 0.957190 0.825043 0.845048 0.993253 0.998807 0.642948 0.735790 0.874515 0.829227 0.709815 0.834725 0.662447 0.695004 0.853334 0.778005 0.928299 0.840935 0.633094 0.000000 0.779648 0.835995 0.792418 0.823729 0.943209 0.945534 0.968501 0.884410 0.843069 0.699029 0.889543 0.780582 0.843040 0.801304 0.829521 0.970972 0.909663 0.874227 0.962729 0.970500 0.971092 0.941413 0.947479 0.877939 0.960368 0.986512 0.983696 0.889871 0.946224 0.995863 0.928664 0.953343 0.904934 0.928995 0.988859 0.800528 0.907341 0.927557 0.967639 0.976739 0.783113 0.841769 0.989324 0.982904 0.869623 0.929778 0.963913 0.924602 0.956009 0.910641 0.735371 0.761387 0.848452 0.793082 0.773111 0.979639 0.820918 0.998133 0.889595 0.942238 0.949329 0.807522 0.928779 0.893379 0.828322 0.927960 0.978861 0.766427 0.715884 0.813176 0.848867 0.806953 0.788767 0.806093 0.989071 0.935102 0.930583 0.955578 0.838154 0.808076 0.907611 0.773106 0.942447 0.991529 0.948539 0.931218 0.902135 0.860871 0.984977 0.920481 0.915139 0.930215 0.950946 0.942410 0.990522 0.955661
0.837184 0.830144 0.903133 0.968759 0.834156 0.791389 0.806755 0.916055 0.848943 0.788917 0.882554 0.921534 0.875586 0.899661 0.919702 0.914381 0.993552 0.965802 0.862476 0.779648 0.000000 0.919442 0.750868 0.913510 0.862019 0.794454 0.956115 0.821162 0.947919 0.898006 0.945888 0.802539 0.990463 0.902701 0.944535 0.968364 0.833060 0.838711 0.877860 0.683364 0.912839 0.801723 0.773953 0.802846 0.861012 0.778907 0.812281 0.904487 0.839482 0.967053 0.796589 0.838979 0.955678 0.943640 0.915939 0.925769 0.736597 0.686620 0.820059 0.883625 0.964968 0.847590 0.835641 0.884748 0.936853 0.974726 0.831161 0.763032 0.900829 0.724472 0.874343 0.847843 0.834394 0.824378 0.917768 0.972611 0.967750 0.949567 0.922051 0.993032 0.786016 0.903643 0.931400 0.816573 0.902714 0.872094 0.974141 0.868161 0.988501 0.994567 0.990503 0.825610 0.913725 0.866106 0.915513 0.814342 0.906754 0.956523 0.996922 0.988699 0.828239 0.786696 0.935958 0.810457 0.961075 0.963743 0.881548 0.942016 0.965479 0.885278 0.983196 0.942549 0.906505 0.904297 0.872458 0.929872
0.979997 0.967008 0.944224 0.955316 0.989353 0.922729 0.881696 0.975079 0.979599 0.948962 0.974287 0.965331 0.888224 0.812640 0.926701 0.940263 0.996935 0.909345 0.884773 0.835995 0.919442 0.000000 0.933669 0.918013 0.999878 0.952401 0.974706 0.969416 0.952346 0.984384 0.975393 0.967493 0.879439 0.934083 0.956201 0.998090 0.962210 0.835628 0.999010 0.943642 0.970150 0.864832 0.974279 0.986140 0.975057 0.991129 0.973847 0.943759 0.948406 0.966586 0.930561 0.915417 0.837615 0.968661 0.970035 0.987690 0.985923 0.953815 0.960749 0.936276 0.999942 0.963495 0.982048 0.926982 0.941269 0.984272 0.979340 0.952958 0.950040 0.946914 0.823429 0.994557 0.951121 0.965985 0.942488 0.894760 0.833550 0.961389 0.967376 0.839351 0.906170 0.962299 0.963752 0.926405 0.891088 0.988818 0.894624 0.829294 0.751667 0.883427 0.976721 0.894704 0.967913 0.875231 0.875092 0.806323 0.977271 0.948887 0.936559 0.933965 0.984746 0.890364 0.952106 0.932545 0.922258 0.981668 0.924876 0.980349 0.921380 0.993001 0.986745 0.954568 0.881719 0.925585 0.945997 0.921568
0.905126 0.792809 0.771714 0.924077 0.580483 0.941439 0.545890 0.994067 0.511957 0.596132 0.947299 0.964521 0.422694 0.571918 0.396537 0.418429 0.983493 0.958852 0.541122 0.792418 0.750868 0.933669 0.000000 0.557242 0.978904 0.676389 0.837317 0.886044 0.674040 0.734263 0.746446 0.787584 0.717009 0.936703 0.921680 0.937398 0.796284 0.879520 0.777881 0.655113 0.925135 0.863839 0.969195 0.892724 0.791845 0.998887 0.868734 0.950471 0.942030 0.960122 0.808850 0.972808 0.801794 0.748302 0.784598 0.822435 0.776732 0.739274 0.737553 0.630332 0.655118 0.761312 0.976274 0.984466 0.569305 0.922261 0.850798 0.679301 0.698349 0.674635 0.838733 0.889920 0.809475 0.827265 0.967946 0.859540 0.880285 0.919713 0.999234 0.924846 0.872414 0.905470 0.709544 0.972749 0.461409 0.914353 0.800612 0.557281 0.806638 0.886496 0.732291 0.540598 0.952899 0.687428 0.996259 0.998801 0.865728 0.723106 0.813253 0.613923 0.933869 0.692242 0.774367 0.905896 0.958689 0.859628 0.965307 0.966522 0.972245 0.934735 0.980378 0.834419 0.825283 0.977531 0.990453 0.956353
0.931980 0.967788 0.600138 0.739720 0.677970 0.801304 0.689750 0.803865 0.642192 0.877037 0.998470 0.767685 0.602839 0.576699 0.725098 0.508009 0.820853 0.855073 0.737910 0.823729 0.913510 0.918013 0.557242 0.000000 0.673744 0.944471 0.781793 0.932059 0.978465 0.956924 0.938743 0.980672 0.834323 0.948523 0.824771 0.977555 0.980800 0.832213 0.896224 0.981589 0.934938 0.912197 0.908583 0.884048 0.947404 0.801631 0.957449 0.961928 0.765496 0.789525 0.798744 0.978442 0.940465 0.978585 0.891127 0.979832 0.833230 0.811927 0.809220 0.777680 0.768237 0.633549 0.815217 0.824980 0.455435 0.673661 0.892539 0.983675 0.913348 0.804327 0.784855 0.982449 0.957878 0.962909 0.911583 0.843607 0.989768 0.823834 0.942858 0.842206 0.726546 0.943276 0.798872 0.985761 0.495930 0.613278 0.713794 0.735932 0.692972 0.848094 0.779060 0.676622 0.825313 0.637679 0.951807 0.827909 0.941661 0.929037 0.993762 0.753348 0.964125 0.844304 0.611117 0.875381 0.811634 0.807223 0.916486 0.968872 0.852746 0.942826 0.980599 0.988544 0.899643 0.937346 0.911125 0.835983
0.954793 0.770985 0.611072 0.579892 0.954297 0.584543 0.936542 0.731123 0.907697 0.737115 0.982707 0.709228 0.966663 0.926080 0.934894 0.842965 0.814150 0.942234 0.866929 0.943209 0.862019 0.999878 0.978904 0.673744 0.000000 0.510901 0.747936 0.825290 0.781246 0.758765 0.983403 0.757935 0.898792 0.948732 0.796427 0.913996 0.700471 0.686232 0.574272 0.642361 0.913163 0.940323 0.792981 0.973814 0.732256 0.759926 0.767299 0.976423 0.632205 0.581336 0.859538 0.946342 0.673405 0.596456 0.813978 0.863755 0.981363 0.947587 0.970313 0.988157 0.962433 0.731654 0.741815 0.782716 0.540328 0.442504 0.653579 0.673905 0.876294 0.973074 0.966932 0.925495 0.945870 0.928643 0.977342 0.954825 0.992949 0.780456 0.921084 0.997885 0.901921 0.735045 0.942934 0.777239 0.798181 0.467725 0.695061 0.817168 0.736511 0.881020 0.906473 0.934376 0.678112 0.747047 0.901951 0.740195 0.863180 0.912576 0.855847 0.984122 0.764104 0.917942 0.768687 0.852531 0.726934 0.659789 0.999382 0.869580 0.884974 0.807296 0.958004 0.891585 0.952563 0.986432 0.816530 0.753904
0.874267 0.646366 0.789039 0.620700 0.818522 0.521885 0.857821 0.770270 0.742926 0.601859 0.997403 0.733979 0.797431 0.955267 0.740523 0.931331 0.888081 0.906607 0.742327 0.945534 0.794454 0.952401 0.676389 0.944471 0.510901 0.000000 0.930892 0.647125 0.718863 0.657728 0.864361 0.818415 0.967533 0.898881 0.805039 0.915408 0.710307 0.829000 0.579645 0.512315 0.855739 0.942264 0.715697 0.893195 0.754702 0.867574 0.704214 0.953868 0.746216 0.731251 0.948946 0.908852 0.743971 0.651965 0.725636 0.721009 0.858466 0.765789 0.785035 0.807949 0.958339 0.854767 0.815526 0.857225 0.761052 0.454297 0.553293 0.534039 0.814229 0.863971 0.978575 0.801543 0.929486 0.971407 0.858296 0.962021 0.990297 0.838069 0.954483 0.938360 0.968708 0.641194 0.951928 0.827168 0.978733 0.516689 0.926658 0.668727 0.947052 0.814161 0.943300 0.944641 0.713563 0.882476 0.935665 0.746471 0.803403 0.796810 0.853554 0.857971 0.798018 0.809920 0.995834 0.956177 0.795873 0.674344 0.928009 0.932232 0.931489 0.830198 0.999538 0.954327 0.972000 0.974170 0.884100 0.776162
0.854547 0.958381 0.941292 0.937298 0.888586 0.893481 0.952058 0.969533 0.920996 0.986994 0.841623 0.908308 0.986620 0.973999 0.903301 0.810374 0.854492 0.941031 0.945229 0.968501 0.956115 0.974706 0.837317 0.781793 0.747936 0.930892 0.000000 0.972669 0.952318 0.823833 0.968933 0.803918 0.920329 0.837396 0.972824 0.817036 0.919993 0.851860 0.887218 0.973688 0.957837 0.911277 0.899438 0.795565 0.824456 0.779634 0.971682 0.893963 0.782841 0.728753 0.779938 0.863349 0.884756 0.921705 0.951869 0.868736 0.798849 0.919979 0.807047 0.810088 0.889232 0.992613 0.832915 0.783011 0.705350 0.846446 0.905283 0.926821 0.990232 0.924543 0.965511 0.896511 0.936731 0.859604 0.913424 0.983393 0.918503 0.996479 0.890999 0.923254 0.858554 0.925576 0.823904 0.948064 0.801562 0.802699 0.785528 0.923442 0.874622 0.993577 0.973667 0.840055 0.992412 0.873456 0.994284 0.946837 0.973370 0.956848 0.877698 0.967633 0.891056 0.917931 0.647856 0.769545 0.978306 0.878910 0.878647 0.965379 0.989104 0.964110 0.928003 0.989719 0.944801 0.952812 0.847567 0.758262
0.802777 0.676200 0.914263 0.980340 0.858183 0.700706 0.838331 0.901456 0.780526 0.670962 0.990827 0.974438 0.908752 0.951991 0.968400 0.993036 0.936748 0.790658 0.811544 0.884410 0.821162 0.969416 0.886044 0.932059 0.825290 0.647125 0.972669 0.000000 0.950931 0.810575 0.954107 0.978037 0.877931 0.975324 0.723966 0.861647 0.910193 0.999901 0.858056 0.773192 0.838284 0.853832 0.789792 0.875439 0.960494 0.950665 0.848694 0.945786 0.973070 0.929096 0.858022 0.833172 0.994851 0.911184 0.779701 0.867098 0.854818 0.713154 0.824240 0.968630 0.986135 0.904560 0.925150 0.877819 0.871885 0.832678 0.755604 0.706561 0.994021 0.955634 0.883265 0.744174 0.867465 0.994077 0.835088 0.996693 0.947765 0.884053 0.912294 0.931179 0.852594 0.869225 0.845102 0.720791 0.920296 0.750635 0.990263 0.869805 0.830170 0.890616 0.980177 0.868277 0.874465 0.998240 0.998561 0.916858 0.952898 0.970431 0.996912 0.902923 0.971217 0.888606 0.902398 0.939051 0.796624 0.818457 0.863093 0.984207 0.990901 0.921026 0.996502 0.987494 0.963345 0.937796 0.902693 0.945092
0.841421 0.910484 0.956745 0.715359 0.881474 0.915902 0.733220 0.949655 0.809636 0.678808 0.708642 0.926938 0.648945 0.724258 0.578672 0.720944 0.707345 0.669207 0.651557 0.843069 0.947919 0.952346 0.674040 0.978465 0.781246 0.718863 0.952318 0.950931 0.000000 0.509905 0.699777 0.644759 0.587740 0.715816 0.986956 0.948472 0.893154 0.800139 0.686153 0.710010 0.964642 0.871632 0.938214 0.872579 0.703837 0.727336 0.890052 0.931130 0.708938 0.700909 0.958540 0.962083 0.676041 0.763202 0.995569 0.903535 0.901487 0.938322 0.942933 0.866206 0.755930 0.980301 0.644275 0.653534 0.925536 0.644812 0.888360 0.787555 0.740126 0.771911 0.968472 0.794846 0.846161 0.871951 0.893655 0.893545 0.988677 0.912763 0.807862 0.980303 0.738359 0.988019 0.809518 0.978279 0.855367 0.816231 0.816120 0.663156 0.992006 0.862255 0.900106 0.913938 0.937533 0.955033 0.983878 0.790537 0.932430 0.774548 0.691697 0.802590 0.952656 0.852335 0.894081 0.918300 0.831057 0.714555 0.911004 0.897539 0.736350 0.849272 0.941016 0.858776 0.946948 0.841414 0.962572 0.799099
0.763699 0.933875 0.997821 0.868084 0.947815 0.835560 0.631604 0.861495 0.723146 0.559986 0.618604 0.956383 0.661566 0.856206 0.664418 0.808489 0.619386 0.712858 0.547642 0.699029 0.898006 0.984384 0.734263 0.956924 0.758765 0.657728 0.823833 0.810575 0.509905 0.000000 0.644845 0.557351 0.724666 0.709076 0.777596 0.918540 0.902060 0.854576 0.630565 0.710244 0.963214 0.894692 0.966406 0.850587 0.780249 0.756894 0.856294 0.906883 0.717611 0.669066 0.980143 0.970953 0.756223 0.839416 0.969197 0.996749 0.887122 0.983289 0.986863 0.954957 0.760756 0.988361 0.753478 0.714777 0.844013 0.657032 0.896175 0.739220 0.889415 0.982500 0.868097 0.711646 0.700305 0.785527 0.952992 0.882046 0.917630 0.996380 0.760078 0.862284 0.674934 0.944542 0.950158 0.944057 0.978396 0.753784 0.879240 0.779656 0.925139 0.983433 0.784229 0.835803 0.977939 0.953157 0.945745 0.888112 0.997928 0.974084 0.673837 0.721904 0.997642 0.618778 0.797704 0.765173 0.886461 0.846402 0.993437 0.893238 0.939223 0.967289 0.818759 0.866275 0.912953 0.874737 0.914934 0.756044
0.896376 0.985538 0.932724 0.942454 0.960869 0.931962 0.762076 0.975376 0.768432 0.709600 0.784526 0.885940 0.729437 0.857976 0.687146 0.741646 0.743147 0.771930 0.718688 0.889543 0.945888 0.975393 0.746446 0.938743 0.983403 0.864361 0.968933 0.954107 0.699777 0.644845 0.000000 0.788997 0.732349 0.756801 0.954764 0.868910 0.971850 0.995359 0.884213 0.892149 0.996483 0.892485 0.987533 0.983343 0.806135 0.854244 0.856074 0.989225 0.859809 0.796503 0.993060 0.933194 0.813515 0.868634 0.930843 0.931193 0.972795 0.965242 0.911705 0.897190 0.849337 0.964571 0.792406 0.792870 0.968654 0.789126 0.991018 0.866387 0.833695 0.862500 0.918177 0.968560 0.887991 0.964777 0.890974 0.958322 0.799036 0.975931 0.869197 0.780677 0.754095 0.995137 0.834490 0.958092 0.874613 0.950584 0.949996 0.825432 0.922490 0.889975 0.912326 0.860961 0.989343 0.842878 0.977087 0.963223 0.942674 0.981238 0.894815 0.759662 0.964463 0.794941 0.979858 0.989756 0.988474 0.967484 0.778167 0.932784 0.947025 0.926221 0.986320 0.948996 0.980612 0.900846 0.970598 0.920850
0.748207 0.977371 0.912427 0.986709 0.942198 0.867078 0.619559 0.795829 0.792651 0.632483 0.689252 0.926572 0.656737 0.785323 0.725394 0.828010 0.748280 0.837288 0.632005 0.780582 0.802539 0.967493 0.787584 0.980672 0.757935 0.818415 0.803918 0.978037 0.644759 0.557351 0.788997 0.000000 0.679238 0.733643 0.892540 0.975257 0.865661 0.832284 0.830761 0.759734 0.917578 0.908653 0.999429 0.866874 0.818636 0.837249 0.962581 0.836089 0.851882 0.759098 0.972919 0.976410 0.719719 0.849373 0.975479 0.938376 0.966219 0.860098 0.993625 0.987248 0.691659 0.890101 0.780185 0.797275 0.927836 0.787309 0.953803 0.838915 0.824444 0.927353 0.849518 0.715328 0.741571 0.762796 0.898209 0.824400 0.916407 0.916991 0.893582 0.873891 0.788167 0.994570 0.983016 0.978416 0.925129 0.822298 0.833982 0.810894 0.955654 0.987810 0.823760 0.859926 0.965405 0.962341 0.993381 0.905714 0.969849 0.923442 0.668631 0.707121 0.987662 0.716081 0.785295 0.867011 0.956104 0.959871 0.913947 0.847177 0.999698 0.926579 0.858398 0.929541 0.932898 0.973745 0.865784 0.729717
0.787974 0.924534 0.828369 0.971281 0.888748 0.836045 0.624761 0.875112 0.880741 0.905478 0.639029 0.681744 0.569384 0.610627 0.641250 0.724794 0.748397 0.705220 0.684591 0.843040 0.990463 0.879439 0.717009 0.834323 0.898792 0.967533 0.920329 0.877931 0.587740 0.724666 0.732349 0.679238 0.000000 0.589227 0.742671 0.914859 0.984250 0.999270 0.885663 0.975452 0.918072 0.876449 0.841308 0.787224 0.708829 0.784629 0.852561 0.852642 0.907225 0.864264 0.831153 0.804617 0.751551 0.908105 0.963802 0.807990 0.838039 0.992194 0.834007 0.993533 0.515442 0.703129 0.678446 0.677797 0.832482 0.956253 0.708102 0.841615 0.799764 0.836037 0.931752 0.874710 0.874618 0.923251 0.974104 0.799267 0.960287 0.864245 0.903414 0.880164 0.808545 0.823323 0.867786 0.782192 0.710924 0.830745 0.965424 0.767287 0.907492 0.869659 0.706770 0.912718 0.749234 0.979750 0.984602 0.972404 0.731977 0.969032 0.684939 0.635647 0.741301 0.809207 0.824480 0.895188 0.889337 0.899980 0.964744 0.980346 0.965106 0.920886 0.748799 0.911239 0.977150 0.906011 0.876330 0.797950
0.627908 0.855154 0.842640 0.939991 0.972027 0.797063 0.702171 0.765827 0.909103 0.872064 0.613480 0.724218 0.703979 0.677405 0.852385 0.919619 0.708593 0.821714 0.629765 0.801304 0.902701 0.934083 0.936703 0.948523 0.948732 0.898881 0.837396 0.975324 0.715816 0.709076 0.756801 0.733643 0.589227 0.000000 0.837394 0.910591 0.995579 0.968772 0.952305 0.940500 0.920691 0.853203 0.738282 0.665859 0.709634 0.655587 0.763925 0.684919 0.781853 0.734026 0.723823 0.688997 0.750534 0.912859 0.781829 0.775676 0.736097 0.906448 0.686971 0.772561 0.524425 0.688728 0.692405 0.713694 0.999379 0.917477 0.660534 0.736834 0.922920 0.937131 0.872365 0.799080 0.932668 0.850618 0.873798 0.833293 0.812540 0.844743 0.885181 0.727140 0.663993 0.759197 0.990631 0.946149 0.868981 0.845761 0.869255 0.901913 0.866539 0.766583 0.641776 0.926263 0.688931 0.963948 0.979894 0.923820 0.797411 0.793017 0.677489 0.684159 0.674683 0.783041 0.708316 0.842188 0.999756 0.830339 0.991404 0.903347 0.944785 0.906929 0.665779 0.754844 0.910810 0.776350 0.883140 0.910252
0.957489 0.806440 0.971473 0.926423 0.879748 0.659920 0.927677 0.835668 0.977495 0.740443 0.932235 0.786115 0.889998 0.755008 0.858730 0.855830 0.905113 0.874271 0.889150 0.829521 0.944535 0.956201 0.921680 0.824771 0.796427 0.805039 0.972824 0.723966 0.986956 0.777596 0.954764 0.892540 0.742671 0.837394 0.000000 0.789100 0.846986 0.980421 0.797241 0.865430 0.851007 0.983016 0.763158 0.875584 0.765053 0.879505 0.706574 0.895510 0.974734 0.964883 0.754779 0.722440 0.830027 0.847207 0.865219 0.782516 0.987459 0.896430 0.801488 0.967520 0.773829 0.839722 0.804214 0.828884 0.779985 0.762681 0.619532 0.605882 0.894480 0.949112 0.913332 0.858168 0.866774 0.996877 0.849968 0.873110 0.974378 0.687711 0.941693 0.857014 0.923304 0.949574 0.833030 0.865440 0.752292 0.671645 0.831488 0.927900 0.978872 0.950279 0.853246 0.920905 0.838299 0.914344 0.883842 0.936731 0.915329 0.978785 0.836331 0.890278 0.980521 0.995552 0.911501 0.910373 0.861315 0.831467 0.895564 0.991207 0.822235 0.960881 0.947009 0.900064 0.935754 0.842987 0.836280 0.944315
0.863359 0.810320 0.881849 0.936690 0.995178 0.900879 0.861678 0.868144 0.842958 0.837921 0.963618 0.838757 0.975824 0.914996 0.956647 0.977755 0.929275 0.843585 0.924971 0.970972 0.968364 0.998090 0.937398 0.977555 0.913996 0.915408 0.817036 0.861647 0.948472 0.918540 0.868910 0.975257 0.914859 0.910591 0.789100 0.000000 0.841446 0.911515 0.896889 0.929457 0.818990 0.937967 0.970927 0.995314 0.921781 0.978300 0.890749 0.901561 0.993027 0.986723 0.810285 0.822768 0.922193 0.972299 0.882836 0.814242 0.935247 0.863518 0.800642 0.858486 0.884332 0.944529 0.851672 0.832080 0.986705 0.908098 0.800792 0.748192 0.979167 0.942477 0.942603 0.814073 0.911993 0.899042 0.988724 0.961563 0.902126 0.989445 0.965066 0.816487 0.966948 0.944919 0.780679 0.867937 0.922543 0.883346 0.979139 0.974617 0.941437 0.989085 0.964296 0.843484 0.893435 0.890998 0.992103 0.956180 0.893845 0.872902 0.942594 0.991915 0.954481 0.936506 0.936920 0.877619 0.842411 0.812233 0.994149 0.948659 0.902669 0.986104 0.889272 0.944941 0.986923 0.910867 0.836230 0.910832
0.963394 0.763136 0.859007 0.815133 0.815516 0.850918 0.883101 0.893751 0.768140 0.790298 0.911366 0.791753 0.841978 0.910224 0.822314 0.955708 0.981653 0.940902 0.779517 0.909663 0.833060 0.962210 0.796284 0.980800 0.700471 0.710307 0.919993 0.910193 0.893154 0.902060 0.971850 0.865661 0.984250 0.995579 0.846986 0.841446 0.000000 0.884795 0.618556 0.802286 0.829601 0.912788 0.785434 0.844471 0.944689 0.984165 0.730464 0.830460 0.989211 0.923293 0.897722 0.935419 0.920138 0.827136 0.746178 0.871262 0.765124 0.738308 0.886477 0.823920 0.918883 0.958220 0.994083 0.968772 0.993711 0.807836 0.768403 0.756164 0.788619 0.815207 0.951799 0.930327 0.846296 0.951331 0.982516 0.885935 0.920602 0.949872 0.896397 0.915046 0.973291 0.741210 0.913281 0.918956 0.933139 0.789568 0.886067 0.829866 0.991889 0.945007 0.999256 0.933872 0.843496 0.921084 0.925135 0.884823 0.916055 0.837564 0.950107 0.980313 0.888544 0.884446 0.986139 0.994606 0.766174 0.868232 0.892021 0.926393 0.972626 0.971355 0.988637 0.952061 0.995336 0.908601 0.801765 0.921274
0.942551 0.918199 0.890394 0.825682 0.929590 0.912935 0.947421 0.912394 0.809843 0.831328 0.960510 0.916732 0.948687 0.987453 0.816255 0.983337 0.981822 0.934223 0.917520 0.874227 0.838711 0.835628 0.879520 0.832213 0.686232 0.829000 0.851860 0.999901 0.800139 0.854576 0.995359 0.832284 0.999270 0.968772 0.980421 0.911515 0.884795 0.000000 0.800088 0.714384 0.947877 0.979816 0.897978 0.924332 0.864031 0.936792 0.868049 0.995245 0.832638 0.797052 0.992993 0.945025 0.815196 0.840094 0.942857 0.899748 0.926924 0.898412 0.984471 0.868751 0.971753 0.931089 0.947499 0.900471 0.860120 0.750791 0.820770 0.840363 0.865305 0.818718 0.936965 0.993687 0.876144 0.933049 0.991926 0.911502 0.996430 0.906854 0.953446 0.900143 0.988412 0.907122 0.910741 0.831348 0.934588 0.754892 0.848831 0.989941 0.700695 0.836471 0.978837 0.975837 0.863349 0.864938 0.912707 0.857479 0.895708 0.834832 0.855165 0.957551 0.759551 0.927738 0.917730 0.973759 0.722599 0.721585 0.988417 0.994917 0.943915 0.883423 0.923089 0.912574 0.973043 0.981312 0.889281 0.847761
