0.000000 0.269917 0.695583 0.653941 0.911997 0.786367 0.597649 0.627683 0.870134 0.626702 0.373149 0.417973 0.430483 0.397291 0.662860 0.639944 0.382337 0.245917 0.347902 0.304281 0.675800 0.951029 0.826085 0.643848 0.714940 0.884485 0.817557 0.834499 0.698391 0.637823 0.802802 0.857969 0.532081 0.502293 0.820434 0.727259 0.749262 0.679943 0.789354 0.746546 0.715349 0.841181 0.665502 0.603375 0.887130 0.824906 0.521532 0.665105 0.911047 0.784674 0.988681 0.845077 0.827259 0.550438 0.519883 0.707860 0.259903 0.278518 0.406310 0.489760 0.601040 0.918248 0.522766 0.557136 0.700519 0.598876 0.610449 0.688563 0.349754 0.456055 0.839481 0.986351 0.861598 0.892207 0.803548 0.865460 0.810215 0.978503 0.700673 0.518743 0.286225 0.241420 0.591279 0.385649 0.445574 0.469522 0.601205 0.671154 0.595180 0.464979 0.705115 0.811139 0.597982 0.761085 0.753811 0.978429 0.684185 0.915050 0.686318 0.757141 0.835865 0.892656 0.768448 0.684512 0.806997 0.828831 0.903261 0.875864 0.894860 0.850479 0.952094 0.888928 0.898956 0.921397 0.970538 0.886163
0.269917 0.000000 0.569125 0.517181 0.804279 0.742205 0.515760 0.529789 0.951927 0.690716 0.507828 0.437548 0.387163 0.370138 0.568095 0.518916 0.393928 0.271741 0.361955 0.282417 0.669481 0.903662 0.662655 0.551340 0.628107 0.791679 0.768936 0.846397 0.683699 0.611405 0.894845 0.794535 0.478141 0.484733 0.793372 0.821285 0.736683 0.644392 0.739403 0.727843 0.719858 0.826645 0.512668 0.493723 0.791032 0.730775 0.436232 0.534664 0.858777 0.686935 0.844545 0.695617 0.963821 0.613474 0.524539 0.726624 0.235094 0.204441 0.344494 0.365784 0.488971 0.753387 0.509390 0.494799 0.599928 0.488278 0.514120 0.571238 0.421698 0.443524 0.769722 0.886648 0.938348 0.776116 0.849462 0.978688 0.752506 0.878581 0.593941 0.537729 0.306792 0.274837 0.543551 0.430708 0.357253 0.380526 0.609728 0.558398 0.565978 0.432250 0.693261 0.798300 0.526466 0.768187 0.675305 0.996482 0.664219 0.924470 0.671815 0.711546 0.867246 0.937710 0.746159 0.702420 0.679734 0.688034 0.996337 0.973179 0.835584 0.801556 0.835068 0.806326 0.857970 0.860599 0.761694 0.930302
0.695583 0.569125 0.000000 0.266524 0.592323 0.788054 0.351995 0.398301 0.683349 0.792866 0.948237 0.674595 0.457945 0.661667 0.518691 0.569458 0.853856 0.792482 0.697909 0.611449 0.660205 0.961653 0.366689 0.370471 0.357113 0.421127 0.664152 0.809407 0.982234 0.953388 0.746725 0.877767 0.530112 0.702969 0.675949 0.720555 0.536480 0.582237 0.764965 0.822205 0.790789 0.801551 0.805279 0.822265 0.865036 0.961075 0.784646 0.897593 0.826598 0.947028 0.887687 0.973061 0.957027 0.792462 0.614789 0.887735 0.699866 0.639797 0.741448 0.754138 0.334612 0.428185 0.969044 0.832072 0.248492 0.264658 0.467766 0.519744 0.594239 0.726421 0.585859 0.614419 0.791449 0.748545 0.927708 0.807962 0.840237 0.752651 0.867453 0.915603 0.786480 0.717821 0.836267 0.786093 0.352571 0.346925 0.705527 0.764540 0.636376 0.507648 0.718458 0.947710 0.599593 0.777756 0.752701 0.995626 0.755160 0.939507 0.929007 0.864429 0.986528 0.959013 0.916350 0.874541 0.626814 0.728914 0.893554 0.963211 0.756708 0.865588 0.842286 0.889629 0.992049 0.885713 0.855186 0.816710
0.653941 0.517181 0.266524 0.000000 0.583688 0.766670 0.386211 0.373465 0.764704 0.769539 0.938905 0.588371 0.437155 0.568833 0.487553 0.519738 0.825841 0.665949 0.582455 0.507892 0.677528 0.954262 0.314102 0.297516 0.401141 0.545466 0.573727 0.891119 0.922177 0.978335 0.855651 0.817284 0.571860 0.707285 0.654915 0.718114 0.607894 0.603741 0.738348 0.808017 0.826772 0.757630 0.757184 0.784734 0.869311 0.932684 0.785402 0.812324 0.868195 0.977713 0.885710 0.984137 0.931008 0.732052 0.616971 0.843716 0.640103 0.567227 0.716680 0.727949 0.418859 0.535446 0.926352 0.778052 0.262260 0.315882 0.411692 0.507316 0.610818 0.761626 0.550778 0.568687 0.820221 0.746828 0.963060 0.796919 0.765200 0.720537 0.778504 0.837993 0.688429 0.644232 0.797510 0.719540 0.303185 0.327828 0.618394 0.686865 0.596480 0.458318 0.612892 0.847231 0.472157 0.676843 0.710746 0.897430 0.708997 0.907264 0.838098 0.750494 0.973562 0.968905 0.947398 0.927521 0.546396 0.576184 0.898617 0.869310 0.743481 0.780462 0.817841 0.785987 0.996386 0.928614 0.834718 0.852368
0.911997 0.804279 0.592323 0.583688 0.000000 0.907872 0.672651 0.676645 0.796439 0.879583 0.971105 0.830128 0.644256 0.890200 0.674257 0.744920 0.986960 0.934433 0.853439 0.807689 0.812714 0.884487 0.517535 0.549863 0.561371 0.616197 0.611033 0.901127 0.976574 0.911331 0.773925 0.896408 0.797370 0.839802 0.875923 0.778574 0.758947 0.849082 0.919794 0.950520 0.898243 0.926254 0.903039 0.949492 0.945196 0.903869 0.963947 0.964082 0.808813 0.893113 0.862966 0.935883 0.988757 0.850564 0.892813 0.970538 0.858540 0.820581 0.978147 0.866814 0.658947 0.698613 0.966885 0.892254 0.552910 0.591940 0.744943 0.745191 0.744290 0.765671 0.768379 0.820695 0.802673 0.922107 0.931055 0.916939 0.999051 0.927213 0.996921 0.820129 0.909468 0.912645 0.848640 0.975288 0.646261 0.626384 0.868763 0.780688 0.954617 0.761984 0.890260 0.957568 0.728847 0.907313 0.838245 0.990316 0.899906 0.895443 0.928119 0.955129 0.949880 0.988734 0.953113 0.943779 0.850277 0.778052 0.945024 0.928552 0.924338 0.911968 0.911701 0.949901 0.929750 0.760917 0.938201 0.848992
0.786367 0.742205 0.788054 0.766670 0.907872 0.000000 0.641134 0.666194 0.938781 0.943423 0.718764 0.676274 0.884839 0.853685 0.892134 0.887944 0.860226 0.740279 0.727682 0.736195 0.764429 0.926832 0.883712 0.829746 0.942858 0.879297 0.959908 0.912363 0.804254 0.742144 0.963415 0.880487 0.734852 0.640168 0.833669 0.685216 0.914406 0.827785 0.867527 0.829697 0.852250 0.850529 0.744414 0.812766 0.782654 0.860820 0.852181 0.867615 0.876265 0.977456 0.955837 0.921149 0.928180 0.713092 0.750090 0.834056 0.782979 0.805330 0.785523 0.743853 0.759123 0.802357 0.861547 0.850412 0.819239 0.716608 0.607392 0.681436 0.858921 0.876240 0.743504 0.945128 0.972884 0.976934 0.837884 0.998403 0.900887 0.938284 0.916930 0.882861 0.758619 0.732413 0.977791 0.835877 0.763912 0.758916 0.839953 0.913029 0.902425 0.936654 0.803227 0.870915 0.722830 0.850086 0.852060 0.917557 0.597480 0.772406 0.726137 0.710624 0.906444 0.854449 0.936144 0.931234 0.743453 0.679095 0.976507 0.893786 0.960886 0.675965 0.924482 0.804447 0.769803 0.997881 0.967915 0.804747
0.597649 0.515760 0.351995 0.386211 0.672651 0.641134 0.000000 0.242723 0.700817 0.982140 0.745441 0.616039 0.496686 0.634989 0.497829 0.622492 0.639415 0.600847 0.516356 0.513052 0.834235 0.944177 0.496105 0.537250 0.599967 0.583181 0.835377 0.930847 0.778286 0.879952 0.777103 0.669712 0.367931 0.451214 0.609198 0.765199 0.556932 0.620891 0.744431 0.887261 0.779954 0.734222 0.476212 0.508820 0.574051 0.634529 0.550483 0.598179 0.854715 0.798743 0.891285 0.772881 0.808935 0.911801 0.464489 0.593367 0.569201 0.517532 0.537277 0.636070 0.345994 0.487910 0.687013 0.597357 0.420585 0.391841 0.303024 0.330531 0.639308 0.716848 0.444971 0.607169 0.847110 0.740155 0.989799 0.791096 0.631553 0.706009 0.639491 0.804351 0.568901 0.559596 0.710354 0.617032 0.381508 0.444969 0.704381 0.671530 0.648899 0.564566 0.507932 0.762828 0.463618 0.705533 0.628885 0.838979 0.504428 0.782333 0.575279 0.507386 0.847423 0.811222 0.849182 0.885018 0.459199 0.593311 0.849423 0.813412 0.703514 0.698030 0.722133 0.653043 0.729310 0.943272 0.820765 0.883628
0.627683 0.529789 0.398301 0.373465 0.676645 0.666194 0.242723 0.000000 0.769002 0.996078 0.797681 0.577915 0.552495 0.612804 0.591764 0.649859 0.730711 0.639739 0.567615 0.496386 0.809685 0.849074 0.586857 0.549692 0.623797 0.597714 0.803388 0.982484 0.898347 0.936620 0.913457 0.743140 0.478187 0.496079 0.633130 0.763300 0.550354 0.589666 0.783915 0.829499 0.794517 0.705041 0.587095 0.608156 0.648494 0.708651 0.576571 0.630312 0.871742 0.834446 0.914344 0.796546 0.850855 0.892174 0.406626 0.614594 0.607143 0.531210 0.585656 0.667302 0.413920 0.476567 0.788801 0.651353 0.483676 0.399221 0.363846 0.382449 0.686156 0.702320 0.531883 0.630850 0.928047 0.829566 0.941562 0.797299 0.699902 0.804506 0.726635 0.814527 0.592177 0.556508 0.729695 0.605916 0.437010 0.483470 0.666083 0.630921 0.705458 0.592455 0.483404 0.778146 0.454412 0.711888 0.732702 0.793287 0.557020 0.820746 0.595290 0.529854 0.792712 0.786989 0.799726 0.948012 0.524685 0.675641 0.925965 0.818832 0.743977 0.801991 0.781562 0.694192 0.838821 0.974295 0.853902 0.961527
0.870134 0.951927 0.683349 0.764704 0.796439 0.938781 0.700817 0.769002 0.000000 0.810614 0.845203 0.830626 0.970743 0.864283 0.873004 0.939201 0.996873 0.847631 0.954397 0.916301 0.986241 0.923402 0.758872 0.864137 0.738389 0.584818 0.937650 0.936741 0.976623 0.867968 0.629525 0.829382 0.676170 0.924833 0.697887 0.944759 0.851277 0.924699 0.956781 0.917887 0.966757 0.748845 0.853470 0.900001 0.697090 0.818354 0.906134 0.947626 0.928159 0.885378 0.802308 0.861174 0.762575 0.792037 0.754782 0.781912 0.936239 0.920464 0.961321 0.895653 0.713210 0.745349 0.974449 0.941941 0.728505 0.850443 0.703258 0.637845 0.928909 0.944025 0.774640 0.766113 0.712240 0.750222 0.950933 0.962054 0.835970 0.826279 0.920515 0.793423 0.893842 0.822429 0.875606 0.940319 0.825781 0.867432 0.988901 0.763593 0.913168 0.802335 0.822205 0.940256 0.891324 0.955548 0.788907 0.947030 0.963860 0.863619 0.845186 0.863975 0.880193 0.926008 0.962093 0.983276 0.814922 0.797594 0.813148 0.874778 0.849225 0.983767 0.718322 0.725115 0.907044 0.961841 0.849857 0.942236
0.626702 0.690716 0.792866 0.769539 0.879583 0.943423 0.982140 0.996078 0.810614 0.000000 0.886828 0.774322 0.522624 0.555963 0.749155 0.633530 0.865243 0.734760 0.685684 0.737249 0.820301 0.948203 0.776478 0.610184 0.756407 0.990844 0.676544 0.848248 0.943356 0.979389 0.801858 0.848874 0.991591 0.899212 0.858651 0.878463 0.935705 0.842245 0.985401 0.889630 0.872809 0.815342 0.776090 0.875399 0.527889 0.594539 0.981135 0.822709 0.521111 0.725833 0.630866 0.863238 0.659279 0.619876 0.956950 0.768954 0.700273 0.683908 0.987500 0.906919 0.917247 0.885168 0.967715 0.899447 0.720357 0.711397 0.928182 0.807605 0.681748 0.817859 0.993060 0.878068 0.702406 0.868472 0.986810 0.906577 0.826497 0.896952 0.992276 0.736316 0.788779 0.668165 0.844448 0.771144 0.666699 0.658016 0.800609 0.947717 0.883910 0.694398 0.944702 0.898824 0.915454 0.872063 0.993523 0.822014 0.882343 0.755528 0.747002 0.792341 0.693675 0.894689 0.778588 0.846438 0.874659 0.905029 0.954529 0.753770 0.970548 0.913467 0.775279 0.790360 0.766648 0.976703 0.967666 0.934759
0.373149 0.507828 0.948237 0.938905 0.971105 0.718764 0.745441 0.797681 0.845203 0.886828 0.000000 0.558559 0.744990 0.636253 0.930189 0.897166 0.493520 0.382194 0.509012 0.484966 0.832286 0.907748 0.902949 0.930129 0.958005 0.910565 0.974545 0.971437 0.617774 0.473399 0.770000 0.801383 0.641748 0.496746 0.859934 0.789295 0.913413 0.866266 0.797273 0.807709 0.741589 0.888738 0.696700 0.649747 0.830066 0.801551 0.611182 0.771925 0.748518 0.781831 0.986297 0.907940 0.856111 0.696055 0.629731 0.719439 0.438705 0.520263 0.532261 0.613110 0.840055 0.882881 0.480896 0.626989 0.985258 0.898574 0.664024 0.739242 0.583638 0.609767 0.948984 0.924709 0.897321 0.942771 0.831240 0.881089 0.826825 0.922957 0.706214 0.615608 0.379795 0.414105 0.746112 0.536117 0.778302 0.801056 0.738873 0.789043 0.769729 0.777519 0.729561 0.732813 0.657375 0.751968 0.753130 0.987302 0.631942 0.770200 0.615428 0.713215 0.977147 0.765419 0.755385 0.635205 0.955079 0.892464 0.809125 0.863614 0.891522 0.823800 0.964540 0.825973 0.814126 0.933703 0.965097 0.859916
0.417973 0.437548 0.674595 0.588371 0.830128 0.676274 0.616039 0.577915 0.830626 0.774322 0.558559 0.000000 0.534864 0.471916 0.644836 0.575298 0.639127 0.394588 0.488822 0.359900 0.691067 0.905014 0.737319 0.570330 0.665872 0.876757 0.745792 0.979925 0.754182 0.636604 0.852820 0.842216 0.633843 0.503039 0.778970 0.727962 0.660355 0.565807 0.779070 0.675657 0.817872 0.871964 0.728047 0.758666 0.921280 0.929578 0.688021 0.722599 0.966790 0.967752 0.877781 0.973092 0.773402 0.492043 0.588843 0.814884 0.426117 0.440943 0.641306 0.649847 0.571742 0.670439 0.696254 0.569831 0.672855 0.536566 0.658878 0.638862 0.549595 0.549187 0.839598 0.866898 0.931325 0.877743 0.989139 0.930332 0.940421 0.946693 0.773767 0.537065 0.426874 0.397521 0.787278 0.516762 0.511749 0.486249 0.563873 0.732265 0.690963 0.570513 0.778070 0.875573 0.610338 0.911966 0.895129 0.837162 0.675596 0.855624 0.769092 0.793113 0.991087 0.945539 0.784589 0.800986 0.695912 0.736828 0.809136 0.920517 0.852402 0.813327 0.944073 0.876190 0.898593 0.919265 0.961068 0.856811
0.430483 0.387163 0.457945 0.437155 0.644256 0.884839 0.496686 0.552495 0.970743 0.522624 0.744990 0.534864 0.000000 0.339756 0.345663 0.343731 0.531055 0.470751 0.388032 0.410135 0.712978 0.874098 0.380225 0.353763 0.546738 0.786750 0.632849 0.834794 0.783502 0.818633 0.967831 0.837087 0.570897 0.678967 0.965625 0.805943 0.680694 0.778414 0.910107 0.864801 0.741768 0.991156 0.711735 0.661627 0.963985 0.992989 0.655245 0.746357 0.805184 0.937423 0.918133 0.790032 0.946361 0.754941 0.746702 0.870123 0.409259 0.375407 0.621853 0.565023 0.460170 0.688163 0.688711 0.612355 0.420438 0.407769 0.659199 0.772997 0.538557 0.589499 0.594715 0.795688 0.982254 0.810389 0.899174 0.820969 0.773336 0.797509 0.735484 0.513891 0.490103 0.429154 0.672876 0.578534 0.312826 0.375913 0.524907 0.627265 0.669340 0.512272 0.698078 0.688472 0.592746 0.707585 0.781578 0.947023 0.747099 0.949386 0.835172 0.738570 0.901160 0.908209 0.895569 0.894627 0.714273 0.754164 0.953964 0.933447 0.812511 0.874876 0.902116 0.850536 0.904524 0.944906 0.857849 0.885677
0.397291 0.370138 0.661667 0.568833 0.890200 0.853685 0.634989 0.612804 0.864283 0.555963 0.636253 0.471916 0.339756 0.000000 0.431334 0.343507 0.506467 0.374897 0.362169 0.450684 0.814519 0.769396 0.615463 0.469376 0.778283 0.950234 0.685404 0.958410 0.721808 0.676932 0.764480 0.800674 0.703344 0.679844 0.910029 0.766083 0.952038 0.816977 0.923910 0.838609 0.952071 0.997649 0.726808 0.655402 0.991681 0.897730 0.598330 0.757813 0.926645 0.902184 0.984898 0.783496 0.957111 0.667849 0.760228 0.778012 0.348776 0.367893 0.574254 0.558684 0.590544 0.817164 0.701564 0.646700 0.621277 0.545400 0.714796 0.816608 0.703529 0.684940 0.884911 0.969920 0.892859 0.873740 0.842643 0.958371 0.893931 0.952576 0.664190 0.475750 0.429218 0.377114 0.582350 0.475496 0.438234 0.457559 0.591317 0.621878 0.694582 0.574874 0.715837 0.742787 0.654587 0.755244 0.841381 0.985254 0.800385 0.869777 0.774332 0.686320 0.890386 0.878950 0.830156 0.846266 0.777500 0.809353 0.996004 0.851308 0.784646 0.867330 0.857142 0.820756 0.879871 0.861330 0.841865 0.906561
0.662860 0.568095 0.518691 0.487553 0.674257 0.892134 0.497829 0.591764 0.873004 0.749155 0.930189 0.644836 0.345663 0.431334 0.000000 0.276760 0.643927 0.604044 0.516375 0.624992 0.783041 0.860373 0.361242 0.385795 0.607788 0.820598 0.707446 0.879567 0.650300 0.812079 0.818727 0.666878 0.594562 0.678469 0.875080 0.790878 0.794626 0.788768 0.931552 0.929540 0.855902 0.944420 0.651935 0.652358 0.865501 0.843107 0.641142 0.714774 0.908504 0.941319 0.989806 0.801411 0.868790 0.856679 0.841832 0.876458 0.529129 0.529754 0.661135 0.645203 0.431844 0.587496 0.704447 0.602542 0.447956 0.480017 0.684764 0.709793 0.769275 0.778875 0.659977 0.855927 0.891671 0.721045 0.909257 0.789225 0.788589 0.654755 0.639578 0.553333 0.609057 0.607581 0.621644 0.676633 0.391349 0.448769 0.662987 0.582656 0.704021 0.588731 0.837925 0.831183 0.763482 0.837841 0.754309 0.944008 0.718389 0.963716 0.831488 0.672876 0.963180 0.935248 0.892578 0.939299 0.635972 0.688902 0.895360 0.901306 0.752678 0.918273 0.841594 0.815179 0.802885 0.898581 0.799738 0.935767
0.639944 0.518916 0.569458 0.519738 0.744920 0.887944 0.622492 0.649859 0.939201 0.633530 0.897166 0.575298 0.343731 0.343507 0.276760 0.000000 0.641552 0.564585 0.545510 0.572378 0.774060 0.813738 0.380928 0.353901 0.596959 0.839141 0.690645 0.849059 0.730492 0.790635 0.893589 0.749374 0.657907 0.708936 0.903886 0.795630 0.803676 0.831473 0.921109 0.909668 0.857851 0.981674 0.713030 0.682517 0.962568 0.961620 0.648049 0.776823 0.813129 0.943276 0.910424 0.911452 0.997728 0.701304 0.871925 0.895207 0.476272 0.473597 0.699845 0.618058 0.477911 0.622663 0.781490 0.616307 0.490504 0.480970 0.775351 0.848797 0.763313 0.685532 0.783282 0.905019 0.958168 0.720739 0.964593 0.704200 0.895203 0.734956 0.665431 0.572699 0.575205 0.547184 0.608739 0.588355 0.372504 0.390532 0.680240 0.631917 0.634072 0.558953 0.886908 0.871993 0.773821 0.917430 0.903668 0.911050 0.825753 0.981509 0.933385 0.778118 0.886555 0.970735 0.897544 0.996298 0.708123 0.708129 0.929746 0.946114 0.761729 0.985051 0.939123 0.820376 0.840514 0.900588 0.756641 0.950780
0.382337 0.393928 0.853856 0.825841 0.986960 0.860226 0.639415 0.730711 0.996873 0.865243 0.493520 0.639127 0.531055 0.506467 0.643927 0.641552 0.000000 0.321586 0.381443 0.440000 0.892170 0.930921 0.871496 0.802842 0.897617 0.979791 0.924535 0.828646 0.490238 0.503282 0.996434 0.643922 0.492724 0.489549 0.907310 0.961138 0.834720 0.837260 0.893712 0.783077 0.696275 0.834324 0.431398 0.346951 0.732387 0.595576 0.433079 0.467300 0.708302 0.610712 0.711950 0.606466 0.881157 0.837089 0.594195 0.605305 0.293512 0.343481 0.377358 0.359053 0.716856 0.992409 0.332028 0.405690 0.923090 0.846282 0.672761 0.695894 0.532432 0.554475 0.777246 0.952895 0.980377 0.789606 0.818278 0.901430 0.638883 0.777834 0.498804 0.547345 0.270572 0.320894 0.496031 0.407639 0.604102 0.690020 0.786883 0.559636 0.653469 0.623055 0.753133 0.701846 0.750819 0.857619 0.695591 0.900470 0.709335 0.835841 0.546736 0.655666 0.926172 0.800579 0.578923 0.480675 0.752799 0.776997 0.978110 0.989073 0.889246 0.811292 0.816178 0.724365 0.697768 0.894548 0.763753 0.967489
0.245917 0.271741 0.792482 0.665949 0.934433 0.740279 0.600847 0.639739 0.847631 0.734760 0.382194 0.394588 0.470751 0.374897 0.604044 0.564585 0.321586 0.000000 0.316218 0.287115 0.778047 0.927391 0.804560 0.646138 0.818924 0.992871 0.879468 0.923726 0.552310 0.480709 0.825133 0.720686 0.518260 0.438564 0.791141 0.775627 0.832611 0.729197 0.780178 0.747313 0.734078 0.825676 0.501905 0.467447 0.808529 0.712982 0.464181 0.525465 0.793457 0.693288 0.893626 0.770665 0.881395 0.575303 0.549691 0.628128 0.218818 0.246394 0.335604 0.387030 0.660558 0.971137 0.412470 0.423617 0.784748 0.705056 0.572295 0.652105 0.466667 0.476490 0.803914 0.930477 0.920511 0.806925 0.803074 0.941880 0.776538 0.862415 0.515031 0.413864 0.222493 0.221377 0.524104 0.372652 0.475479 0.521668 0.635140 0.612313 0.568198 0.499834 0.678750 0.697848 0.567813 0.741414 0.706182 0.913641 0.587576 0.783658 0.587477 0.632042 0.928816 0.901108 0.606620 0.581238 0.683075 0.680066 0.973001 0.944859 0.878460 0.746452 0.888131 0.790815 0.800082 0.860900 0.819154 0.924508
0.347902 0.361955 0.697909 0.582455 0.853439 0.727682 0.516356 0.567615 0.954397 0.685684 0.509012 0.488822 0.388032 0.362169 0.516375 0.545510 0.381443 0.316218 0.000000 0.351603 0.813721 0.869148 0.695540 0.581246 0.807271 0.977820 0.727970 0.980269 0.597008 0.627704 0.874508 0.662142 0.555357 0.539951 0.829467 0.888654 0.831092 0.801292 0.788584 0.749596 0.683174 0.909588 0.580470 0.554820 0.860917 0.823606 0.531261 0.577706 0.922526 0.819646 0.992496 0.778531 0.932202 0.709224 0.598236 0.663048 0.320935 0.359294 0.482265 0.502388 0.620931 0.903745 0.511858 0.583400 0.700108 0.607870 0.540441 0.634624 0.550849 0.710051 0.609174 0.853694 0.962999 0.908444 0.900019 0.948800 0.740665 0.856955 0.599299 0.480638 0.330792 0.311654 0.663790 0.465551 0.468895 0.549434 0.624085 0.579829 0.685863 0.620217 0.618660 0.621043 0.525734 0.665633 0.732821 0.883360 0.538657 0.855799 0.576282 0.529030 0.949938 0.763074 0.691122 0.696014 0.649184 0.653863 0.933295 0.948386 0.811913 0.670161 0.871755 0.716360 0.771998 0.929964 0.821786 0.807656
0.304281 0.282417 0.611449 0.507892 0.807689 0.736195 0.513052 0.496386 0.916301 0.737249 0.484966 0.359900 0.410135 0.450684 0.624992 0.572378 0.440000 0.287115 0.351603 0.000000 0.722903 0.940931 0.696560 0.558823 0.664960 0.829169 0.736770 0.930776 0.709365 0.628891 0.927748 0.789472 0.493997 0.481905 0.839602 0.812143 0.648674 0.589809 0.725069 0.704491 0.712753 0.769355 0.550823 0.541754 0.887832 0.863271 0.510687 0.579872 0.920866 0.754003 0.979878 0.802979 0.890847 0.608605 0.484123 0.676412 0.286429 0.274742 0.431373 0.471751 0.577774 0.803929 0.562874 0.498344 0.654436 0.545114 0.518799 0.590870 0.368416 0.443238 0.644170 0.750445 0.939163 0.839596 0.878646 0.962343 0.644936 0.830979 0.640779 0.531235 0.291773 0.266096 0.652073 0.414963 0.413689 0.454753 0.563213 0.657027 0.591080 0.476748 0.617788 0.678860 0.478555 0.693446 0.752714 0.862153 0.571212 0.877794 0.650110 0.622463 0.936698 0.871586 0.642313 0.707651 0.627743 0.656234 0.889921 0.970437 0.827486 0.762113 0.885142 0.790046 0.896279 0.891194 0.867898 0.889880
0.675800 0.669481 0.660205 0.677528 0.812714 0.764429 0.834235 0.809685 0.986241 0.820301 0.832286 0.691067 0.712978 0.814519 0.783041 0.774060 0.892170 0.778047 0.813721 0.722903 0.000000 0.951583 0.776930 0.655411 0.648216 0.778007 0.837636 0.644135 0.947807 0.916636 0.888518 0.946987 0.781569 0.770119 0.723740 0.678846 0.817956 0.757943 0.698927 0.839962 0.874351 0.928145 0.994091 0.938507 0.975036 0.983029 0.908123 0.895071 0.911972 0.927441 0.864100 0.854287 0.735602 0.605017 0.774853 0.861102 0.737296 0.724979 0.773591 0.832137 0.567885 0.641368 0.930403 0.839747 0.608272 0.567859 0.804706 0.854181 0.677895 0.757590 0.928205 0.996122 0.933665 0.969896 0.881928 0.999978 0.930444 0.940422 0.901984 0.833524 0.791135 0.732705 0.782742 0.843589 0.618578 0.553025 0.706032 0.862704 0.728367 0.647587 0.920223 0.761724 0.940903 0.905336 0.926961 0.907506 0.883023 0.898020 0.920350 0.924178 0.839516 0.884531 0.985707 0.860048 0.975538 0.914788 0.890840 0.937516 0.981201 0.868424 0.920517 0.871094 0.952294 0.942759 0.979187 0.997196
0.951029 0.903662 0.961653 0.954262 0.884487 0.926832 0.944177 0.849074 0.923402 0.948203 0.907748 0.905014 0.874098 0.769396 0.860373 0.813738 0.930921 0.927391 0.869148 0.940931 0.951583 0.000000 0.979885 0.928331 0.896862 0.940031 0.974861 0.912070 0.973324 0.964789 0.863134 0.928573 0.901073 0.966513 0.963746 0.928794 0.969864 0.981110 0.900154 0.974346 0.956335 0.964647 0.947462 0.931881 0.987159 0.920082 0.888235 0.919315 0.921937 0.838260 0.828689 0.733313 0.700909 0.868108 0.926360 0.905740 0.906741 0.845970 0.896189 0.802409 0.896054 0.876544 0.901991 0.833543 0.963211 0.996728 0.912492 0.961712 0.863635 0.932383 0.954044 0.977218 0.995147 0.794786 0.941733 0.964499 0.974147 0.949177 0.995243 0.826007 0.904543 0.853780 0.915708 0.850468 0.965327 0.990194 0.877652 0.775469 0.963503 0.981084 0.882356 0.806937 0.962907 0.939155 0.749281 0.949631 0.757576 0.975320 0.833186 0.798669 0.769745 0.728402 0.967187 0.886291 0.910003 0.988905 0.954271 0.877486 0.897323 0.896984 0.861261 0.891381 0.893546 0.854478 0.764565 0.952456
0.826085 0.662655 0.366689 0.314102 0.517535 0.883712 0.496105 0.586857 0.758872 0.776478 0.902949 0.737319 0.380225 0.615463 0.361242 0.380928 0.871496 0.804560 0.695540 0.696560 0.776930 0.979885 0.000000 0.274800 0.410995 0.598593 0.572943 0.863195 0.913845 0.987268 0.721604 0.820363 0.663347 0.824327 0.777241 0.798160 0.667874 0.765911 0.882456 0.964336 0.857049 0.949526 0.787852 0.831960 0.979657 0.981431 0.878764 0.895563 0.734850 0.885438 0.848620 0.994199 0.997038 0.836538 0.916922 0.967585 0.740837 0.689930 0.880509 0.824491 0.447136 0.520295 0.966003 0.778404 0.273310 0.389816 0.603274 0.697138 0.753835 0.822751 0.561782 0.617273 0.740170 0.675326 0.939535 0.674363 0.839432 0.661677 0.795124 0.847242 0.829642 0.803668 0.782814 0.847605 0.338163 0.375801 0.674026 0.724425 0.641003 0.541797 0.770591 0.869475 0.639351 0.763984 0.777005 0.948548 0.831650 0.977186 0.942968 0.805241 0.893299 0.915045 0.976276 0.850526 0.605714 0.614051 0.855645 0.938198 0.784220 0.858918 0.860792 0.831034 0.928759 0.953850 0.810376 0.875837
0.643848 0.551340 0.370471 0.297516 0.549863 0.829746 0.537250 0.549692 0.864137 0.610184 0.930129 0.570330 0.353763 0.469376 0.385795 0.353901 0.802842 0.646138 0.581246 0.558823 0.655411 0.928331 0.274800 0.000000 0.383588 0.626710 0.506061 0.823945 0.882523 0.956419 0.859757 0.817545 0.650227 0.750612 0.762201 0.710582 0.712810 0.705476 0.797713 0.899307 0.827261 0.904870 0.877023 0.875977 0.924294 0.901060 0.837843 0.908162 0.690329 0.841160 0.714166 0.893129 0.818321 0.605645 0.771865 0.925732 0.597592 0.572721 0.826555 0.776664 0.469441 0.599568 0.936689 0.784639 0.306585 0.357422 0.655649 0.717837 0.617362 0.779101 0.661138 0.741525 0.897503 0.753388 0.998449 0.855142 0.899291 0.731453 0.778154 0.688954 0.680023 0.618405 0.729368 0.660369 0.289264 0.292753 0.650136 0.713025 0.540651 0.451778 0.826015 0.930774 0.628930 0.821361 0.822043 0.998503 0.803363 0.974254 0.937548 0.861199 0.910414 0.936269 0.995566 0.863755 0.655037 0.686512 0.963630 0.968238 0.894512 0.945564 0.947591 0.882400 0.977641 0.922116 0.909615 0.882579
0.714940 0.628107 0.357113 0.401141 0.561371 0.942858 0.599967 0.623797 0.738389 0.756407 0.958005 0.665872 0.546738 0.778283 0.607788 0.596959 0.897617 0.818924 0.807271 0.664960 0.648216 0.896862 0.410995 0.383588 0.000000 0.367106 0.546489 0.783903 0.914842 0.850930 0.648920 0.861264 0.579682 0.762660 0.692770 0.711986 0.481883 0.582589 0.767466 0.795307 0.737303 0.852291 0.910796 0.924061 0.979917 0.900048 0.844143 0.935283 0.733072 0.813162 0.768984 0.833343 0.745124 0.600580 0.685093 0.959063 0.720246 0.691210 0.871380 0.832570 0.457027 0.515144 0.926844 0.860177 0.320584 0.360295 0.682144 0.662294 0.500632 0.605006 0.797914 0.653525 0.828803 0.736027 0.963857 0.925098 0.971275 0.803965 0.901292 0.884491 0.840465 0.752338 0.767030 0.771278 0.363713 0.324869 0.783026 0.815040 0.536771 0.423555 0.948539 0.802768 0.739062 0.985145 0.804239 0.953892 0.974420 0.945641 0.910784 0.878866 0.834238 0.814091 0.922413 0.830072 0.737690 0.785550 0.926071 0.957756 0.867202 0.994707 0.967451 0.955260 0.881675 0.786392 0.948961 0.902921
0.884485 0.791679 0.421127 0.545466 0.616197 0.879297 0.583181 0.597714 0.584818 0.990844 0.910565 0.876757 0.786750 0.950234 0.820598 0.839141 0.979791 0.992871 0.977820 0.829169 0.778007 0.940031 0.598593 0.626710 0.367106 0.000000 0.730866 0.782802 0.810915 0.780030 0.587383 0.860564 0.629695 0.791684 0.719542 0.641699 0.568147 0.670133 0.727908 0.756193 0.927134 0.791276 0.884634 0.924617 0.871211 0.953092 0.841614 0.973586 0.862951 0.922472 0.955191 0.977620 0.984639 0.833414 0.621127 0.905392 0.889895 0.851948 0.887241 0.905825 0.522575 0.550107 0.833178 0.992065 0.442861 0.467133 0.617069 0.603093 0.636161 0.708240 0.848827 0.671488 0.772720 0.788806 0.959619 0.953779 0.998662 0.963328 0.985485 0.917907 0.998432 0.960792 0.825449 0.953871 0.544892 0.483661 0.913459 0.914484 0.656750 0.590930 0.885018 0.775059 0.839640 0.944513 0.842213 0.949335 0.953748 0.999590 0.936984 0.927713 0.990708 0.852421 0.876026 0.795746 0.803772 0.787296 0.931908 0.923851 0.838178 0.899625 0.849765 0.982478 0.863931 0.847211 0.968227 0.872614
0.817557 0.768936 0.664152 0.573727 0.611033 0.959908 0.835377 0.803388 0.937650 0.676544 0.974545 0.745792 0.632849 0.685404 0.707446 0.690645 0.924535 0.879468 0.727970 0.736770 0.837636 0.974861 0.572943 0.506061 0.546489 0.730866 0.000000 0.887046 0.892687 0.851605 0.986985 0.942764 0.946914 0.959816 0.922025 0.844864 0.891045 0.788849 0.848687 0.968564 0.938384 0.921972 0.931608 0.921141 0.703093 0.723590 0.946886 0.924238 0.613158 0.772207 0.694160 0.879966 0.754540 0.744038 0.974335 0.887444 0.817861 0.828709 0.959091 0.903333 0.804912 0.838888 0.948100 0.979196 0.586337 0.604058 0.892101 0.894266 0.762447 0.847504 0.882280 0.931485 0.943719 0.984496 0.979308 0.959800 0.922674 0.955449 0.897503 0.889007 0.933624 0.821790 0.918458 0.963374 0.634043 0.603842 0.760966 0.841562 0.883264 0.672711 0.871485 0.908755 0.740430 0.823566 0.946947 0.969389 0.995730 0.988665 0.942321 0.996154 0.892973 0.981616 0.936561 0.909201 0.836056 0.855143 0.986367 0.948481 0.911500 0.919106 0.896844 0.993343 0.934234 0.818928 0.956919 0.852649
0.834499 0.846397 0.809407 0.891119 0.901127 0.912363 0.930847 0.982484 0.936741 0.848248 0.971437 0.979925 0.834794 0.958410 0.879567 0.849059 0.828646 0.923726 0.980269 0.930776 0.644135 0.912070 0.863195 0.823945 0.783903 0.782802 0.887046 0.000000 0.946638 0.973844 0.800379 0.972894 0.873029 0.986587 0.980638 0.742970 0.857918 0.971748 0.935427 0.989638 0.971059 0.843730 0.904250 0.866327 0.939126 0.970406 0.939714 0.987574 0.907444 0.968392 0.974396 0.953761 0.918145 0.800011 0.936071 0.810131 0.850954 0.851703 0.881671 0.838971 0.872162 0.937279 0.982868 0.972350 0.823252 0.822031 0.989279 0.932834 0.781652 0.722786 0.880295 0.899708 0.973973 0.926387 0.992724 0.903776 0.860283 0.982821 0.957986 0.966584 0.915440 0.903967 0.902591 0.987432 0.807202 0.776717 0.927702 0.888956 0.904009 0.766296 0.882625 0.850508 0.879446 0.817187 0.889242 0.749637 0.930785 0.868093 0.854176 0.816451 0.732969 0.886677 0.938551 0.932195 0.961034 0.875524 0.955700 0.985989 0.918039 0.805116 0.860249 0.896479 0.975077 0.971703 0.916734 0.941853
0.698391 0.683699 0.982234 0.922177 0.976574 0.804254 0.778286 0.898347 0.976623 0.943356 0.617774 0.754182 0.783502 0.721808 0.650300 0.730492 0.490238 0.552310 0.597008 0.709365 0.947807 0.973324 0.913845 0.882523 0.914842 0.810915 0.892687 0.946638 0.000000 0.348324 0.897295 0.461564 0.635917 0.552559 0.911228 0.984745 0.935631 0.992274 0.894403 0.998479 0.847335 0.923946 0.513276 0.489757 0.631606 0.582630 0.625423 0.543240 0.726560 0.711623 0.749245 0.766795 0.826412 0.943735 0.810736 0.738019 0.542910 0.656914 0.539678 0.641413 0.790262 0.964280 0.417382 0.503578 0.966872 0.983367 0.710749 0.756917 0.867766 0.985101 0.835792 0.997606 0.935430 0.722773 0.951949 0.970011 0.782306 0.670619 0.521654 0.583005 0.491183 0.640855 0.664583 0.619353 0.805856 0.894116 0.800464 0.733026 0.868437 0.927482 0.982181 0.851978 0.934065 0.980520 0.641357 0.864554 0.599239 0.983519 0.688390 0.678098 0.968007 0.858757 0.724384 0.540070 0.733394 0.745864 0.932246 0.905590 0.845163 0.842460 0.811609 0.695286 0.696644 0.891878 0.803868 0.976920
0.637823 0.611405 0.953388 0.978335 0.911331 0.742144 0.879952 0.936620 0.867968 0.979389 0.473399 0.636604 0.818633 0.676932 0.812079 0.790635 0.503282 0.480709 0.627704 0.628891 0.916636 0.964789 0.987268 0.956419 0.850930 0.780030 0.851605 0.973844 0.348324 0.000000 0.941085 0.640288 0.726716 0.565360 0.898445 0.921977 0.995077 0.932369 0.937061 0.848283 0.846068 0.983652 0.576395 0.547116 0.700327 0.657798 0.677979 0.638257 0.681396 0.719534 0.784462 0.828967 0.924358 0.797680 0.854575 0.766428 0.525237 0.621925 0.537632 0.548672 0.845483 0.959521 0.457657 0.484776 0.898311 0.987831 0.730195 0.795945 0.841845 0.853092 0.950662 0.937305 0.921019 0.747834 0.945758 0.941709 0.889799 0.741399 0.555998 0.559762 0.455659 0.576454 0.692609 0.602053 0.873517 0.937740 0.780637 0.689618 0.885366 0.944713 0.969326 0.846128 0.927298 0.992351 0.736090 0.872216 0.681132 0.871627 0.699704 0.744597 0.904001 0.975705 0.681174 0.549524 0.873338 0.735444 0.832759 0.867324 0.898834 0.857967 0.850179 0.787762 0.791441 0.894452 0.861974 0.932212
0.802802 0.894845 0.746725 0.855651 0.773925 0.963415 0.777103 0.913457 0.629525 0.801858 0.770000 0.852820 0.967831 0.764480 0.818727 0.893589 0.996434 0.825133 0.874508 0.927748 0.888518 0.863134 0.721604 0.859757 0.648920 0.587383 0.986985 0.800379 0.897295 0.941085 0.000000 0.581567 0.635725 0.843609 0.796871 0.993141 0.672981 0.888332 0.705814 0.971154 0.857454 0.863075 0.746220 0.775754 0.735784 0.789504 0.919868 0.892245 0.959505 0.939522 0.862447 0.949171 0.821475 0.908580 0.884309 0.938897 0.942754 0.920149 0.958583 0.956127 0.697930 0.679532 0.984690 0.831919 0.778586 0.857086 0.856740 0.737832 0.908748 0.986009 0.852182 0.805076 0.678297 0.721166 0.835192 0.819493 0.837083 0.592221 0.890391 0.950691 0.944824 0.856284 0.880322 0.980472 0.839344 0.849147 0.876841 0.982915 0.828174 0.899464 0.753182 0.696015 0.796975 0.695554 0.893161 0.963006 0.994292 0.877708 0.910405 0.921551 0.923344 0.888192 0.972580 0.930858 0.857792 0.848127 0.862074 0.939973 0.904638 0.983951 0.908015 0.973292 0.908180 0.948224 0.962543 0.968801
0.857969 0.794535 0.877767 0.817284 0.896408 0.880487 0.669712 0.743140 0.829382 0.848874 0.801383 0.842216 0.837087 0.800674 0.666878 0.749374 0.643922 0.720686 0.662142 0.789472 0.946987 0.928573 0.820363 0.817545 0.861264 0.860564 0.942764 0.972894 0.461564 0.640288 0.581567 0.000000 0.570983 0.543649 0.772829 0.975209 0.744544 0.861959 0.735848 0.908826 0.855239 0.933805 0.538095 0.500857 0.636634 0.624466 0.628902 0.624749 0.808879 0.764245 0.826362 0.807916 0.862541 0.966772 0.675064 0.704360 0.664407 0.765444 0.621489 0.686880 0.703897 0.865257 0.651491 0.606894 0.900972 0.871945 0.662058 0.660957 0.857706 0.972224 0.842380 0.901622 0.814250 0.718911 0.970545 0.975239 0.781401 0.677431 0.563670 0.692410 0.614880 0.741101 0.637649 0.649120 0.747473 0.814724 0.929850 0.717087 0.762061 0.835427 0.997229 0.956797 0.972587 0.967276 0.752103 0.896079 0.748859 0.952675 0.734745 0.705516 0.903282 0.873715 0.703637 0.774710 0.699686 0.706470 0.944377 0.936344 0.803779 0.817097 0.798774 0.778960 0.741873 0.979216 0.832582 0.993180
0.532081 0.478141 0.530112 0.571860 0.797370 0.734852 0.367931 0.478187 0.676170 0.991591 0.641748 0.633843 0.570897 0.703344 0.594562 0.657907 0.492724 0.518260 0.555357 0.493997 0.781569 0.901073 0.663347 0.650227 0.579682 0.629695 0.946914 0.873029 0.635917 0.726716 0.635725 0.570983 0.000000 0.374523 0.612732 0.846266 0.564458 0.625442 0.708650 0.821468 0.681835 0.629825 0.385214 0.423155 0.532509 0.585379 0.464743 0.511572 0.762913 0.706798 0.796696 0.758258 0.917792 0.823447 0.451190 0.590854 0.474634 0.474206 0.419716 0.546487 0.404968 0.661682 0.510673 0.471868 0.585791 0.561129 0.391701 0.405921 0.523550 0.577386 0.599694 0.736017 0.854402 0.660462 0.831756 0.846871 0.613827 0.723477 0.563492 0.674409 0.470600 0.527983 0.620372 0.530202 0.434784 0.483739 0.781070 0.636922 0.555740 0.553260 0.762664 0.921920 0.672757 0.895861 0.719885 0.971166 0.648382 0.882141 0.662342 0.706061 0.966589 0.863042 0.790479 0.719447 0.582523 0.628149 0.926693 0.982388 0.870448 0.813249 0.862020 0.751734 0.696242 0.895900 0.830249 0.980396
0.502293 0.484733 0.702969 0.707285 0.839802 0.640168 0.451214 0.496079 0.924833 0.899212 0.496746 0.503039 0.678967 0.679844 0.678469 0.708936 0.489549 0.438564 0.539951 0.481905 0.770119 0.966513 0.824327 0.750612 0.762660 0.791684 0.959816 0.986587 0.552559 0.565360 0.843609 0.543649 0.374523 0.000000 0.634626 0.819350 0.630367 0.612633 0.743787 0.807840 0.638898 0.699520 0.474500 0.458427 0.522948 0.570141 0.430161 0.524190 0.659664 0.708505 0.799529 0.817219 0.978371 0.724534 0.400747 0.540171 0.440135 0.439845 0.419657 0.480378 0.468777 0.653216 0.447959 0.382705 0.763007 0.645124 0.475069 0.441222 0.568972 0.584863 0.786302 0.851566 0.950224 0.699177 0.885456 0.988342 0.837368 0.774445 0.695636 0.636153 0.371653 0.439461 0.563873 0.445443 0.535973 0.573516 0.698913 0.630693 0.577363 0.693476 0.850667 0.993477 0.755599 0.996126 0.797246 0.875096 0.558212 0.892374 0.610610 0.717917 0.867414 0.864974 0.731395 0.643857 0.640977 0.684009 0.974127 0.979387 0.904840 0.765822 0.837606 0.761917 0.759373 0.981924 0.882722 0.965144
0.820434 0.793372 0.675949 0.654915 0.875923 0.833669 0.609198 0.633130 0.697887 0.858651 0.859934 0.778970 0.965625 0.910029 0.875080 0.903886 0.907310 0.791141 0.829467 0.839602 0.723740 0.963746 0.777241 0.762201 0.692770 0.719542 0.922025 0.980638 0.911228 0.898445 0.796871 0.772829 0.612732 0.634626 0.000000 0.849672 0.833190 0.699422 0.607713 0.811617 0.980654 0.722039 0.801497 0.806905 0.690728 0.796238 0.811457 0.926258 0.925341 0.955050 0.975336 0.854923 0.916811 0.745463 0.617747 0.672386 0.837960 0.841004 0.726362 0.896275 0.600129 0.646435 0.862067 0.737043 0.652374 0.663015 0.495366 0.509425 0.775571 0.949637 0.801140 0.781763 0.789250 0.841940 0.961846 0.935132 0.922501 0.859501 0.815618 0.957826 0.800723 0.800524 0.695040 0.814163 0.668123 0.625285 0.969658 0.810694 0.648948 0.636729 0.923046 0.802381 0.765255 0.990605 0.812387 0.937395 0.752552 0.692207 0.808190 0.863607 0.989370 0.829916 0.939391 0.998989 0.744569 0.775080 0.853053 0.973445 0.898675 0.948529 0.974367 0.808065 0.930086 0.902679 0.918895 0.955776
0.727259 0.821285 0.720555 0.718114 0.778574 0.685216 0.765199 0.763300 0.944759 0.878463 0.789295 0.727962 0.805943 0.766083 0.790878 0.795630 0.961138 0.775627 0.888654 0.812143 0.678846 0.928794 0.798160 0.710582 0.711986 0.641699 0.844864 0.742970 0.984745 0.921977 0.993141 0.975209 0.846266 0.819350 0.849672 0.000000 0.870042 0.798131 0.922002 0.909010 0.900410 0.917715 0.968190 0.950063 0.920583 0.928831 0.956861 0.797041 0.809981 0.805222 0.773789 0.800300 0.744338 0.631162 0.780920 0.996655 0.811883 0.835036 0.900612 0.901318 0.768270 0.855708 0.875111 0.973010 0.634594 0.652794 0.803954 0.864200 0.757681 0.710770 0.988675 0.970896 0.837277 0.945852 0.957789 0.999615 0.891106 0.892216 0.985693 0.800994 0.852509 0.819104 0.860827 0.908207 0.675787 0.624532 0.909857 0.950517 0.786468 0.775329 0.864892 0.909423 0.925820 0.968181 0.921543 0.947537 0.952389 0.933627 0.915425 0.973295 0.927727 0.924097 0.998264 0.834988 0.902132 0.891514 0.968140 0.844069 0.963613 0.910088 0.986572 0.903703 0.862730 0.778439 0.833057 0.879570
0.749262 0.736683 0.536480 0.607894 0.758947 0.914406 0.556932 0.550354 0.851277 0.935705 0.913413 0.660355 0.680694 0.952038 0.794626 0.803676 0.834720 0.832611 0.831092 0.648674 0.817956 0.969864 0.667874 0.712810 0.481883 0.568147 0.891045 0.857918 0.935631 0.995077 0.672981 0.744544 0.564458 0.630367 0.833190 0.870042 0.000000 0.571025 0.806952 0.808313 0.689784 0.838047 0.796658 0.788079 0.811954 0.908772 0.767147 0.760204 0.989122 0.974289 0.945132 0.988730 0.947269 0.840601 0.527001 0.858875 0.753575 0.704897 0.775491 0.853072 0.545383 0.618506 0.902622 0.721896 0.630703 0.580701 0.659724 0.640422 0.570217 0.654830 0.701217 0.570398 0.947870 0.721776 0.979312 0.907362 0.861529 0.823544 0.888769 0.951969 0.725520 0.698937 0.826030 0.687757 0.593101 0.617964 0.827774 0.811211 0.759669 0.664096 0.873305 0.952232 0.779006 0.969837 0.849343 0.975413 0.778663 0.821399 0.871977 0.940948 0.952358 0.939795 0.903440 0.971389 0.749371 0.837491 0.910122 0.943243 0.830904 0.837935 0.981207 0.945274 0.998455 0.903029 0.993751 0.923627
0.679943 0.644392 0.582237 0.603741 0.849082 0.827785 0.620891 0.589666 0.924699 0.842245 0.866266 0.565807 0.778414 0.816977 0.788768 0.831473 0.837260 0.729197 0.801292 0.589809 0.757943 0.981110 0.765911 0.705476 0.582589 0.670133 0.788849 0.971748 0.992274 0.932369 0.888332 0.861959 0.625442 0.612633 0.699422 0.798131 0.571025 0.000000 0.664673 0.725031 0.828079 0.653223 0.785266 0.846968 0.766363 0.846623 0.714093 0.769857 0.866237 0.861062 0.952697 0.966978 0.853204 0.703561 0.563586 0.741500 0.721973 0.668391 0.734496 0.797206 0.575659 0.583722 0.899374 0.698833 0.671582 0.595104 0.672276 0.560039 0.622536 0.661498 0.810486 0.722862 0.896479 0.818636 0.968854 0.989038 0.764783 0.923580 0.882920 0.849709 0.712804 0.695904 0.905478 0.749851 0.636472 0.615262 0.783974 0.824954 0.724236 0.623298 0.829493 0.893020 0.716190 0.927963 0.930904 0.865349 0.816291 0.872412 0.748306 0.828113 0.833535 0.961867 0.769402 0.874575 0.664604 0.812317 0.938617 0.990946 0.947703 0.843421 0.869347 0.905791 0.867902 0.901253 0.975945 0.928076
