0.000000 0.274965 0.583487 0.717055 0.925112 0.879269 0.571851 0.530332 0.913300 0.781027 0.315151 0.322361 0.496973 0.530783 0.576202 0.552808 0.312603 0.243948 0.403387 0.323441 0.801404 0.873640 0.537744 0.757198 0.775142 0.729739 0.949628 0.974662 0.302171 0.308928 0.503344 0.497625 0.430669 0.385670 0.722912 0.788188 0.539040 0.684116 0.721746 0.708550 0.678043 0.792695 0.605204 0.512743 0.609650 0.544814 0.560259 0.437992 0.793166 0.710012 0.731143 0.778861 0.762011 0.926353 0.670910 0.792375 0.350056 0.337214 0.530591 0.468641 0.355144 0.462478 0.285108 0.312327 0.686348 0.643235 0.593317 0.465201 0.373177 0.370940 0.532847 0.556499 0.501462 0.560614 0.772710 0.891930 0.557718 0.635189 0.558851 0.385257 0.290968 0.323199 0.488712 0.489272 0.623921 0.630798 0.839995 0.899585 0.892179 0.662711 0.963007 0.958472 0.883426 0.952052 0.526570 0.650769 0.594907 0.767396 0.609224 0.620762 0.809122 0.665981 0.590293 0.647665 0.555713 0.599188 0.850299 0.910560 0.956054 0.725115 0.771610 0.674161 0.696872 0.686651 0.802311 0.927274
0.274965 0.000000 0.765752 0.827622 0.920057 0.973267 0.663570 0.576196 0.900713 0.704821 0.375359 0.386128 0.720586 0.711941 0.712591 0.668797 0.195341 0.211772 0.460451 0.369769 0.889148 0.822923 0.650552 0.889802 0.961014 0.901945 0.866944 0.953071 0.322869 0.309410 0.581862 0.597426 0.481377 0.441848 0.822691 0.666991 0.709925 0.613133 0.846490 0.896207 0.776351 0.660934 0.582275 0.496144 0.559521 0.530917 0.626741 0.471193 0.642345 0.682155 0.693537 0.759582 0.771058 0.882132 0.847248 0.907351 0.198683 0.190414 0.545619 0.496322 0.518176 0.578740 0.243065 0.223275 0.903983 0.822728 0.636192 0.501472 0.461541 0.384281 0.463083 0.472058 0.532413 0.554504 0.829854 0.846872 0.568099 0.424741 0.547588 0.474278 0.268990 0.430449 0.465090 0.495069 0.786269 0.843414 0.705208 0.791759 0.985166 0.795002 0.877081 0.892197 0.826961 0.953805 0.577739 0.716736 0.648260 0.631715 0.559096 0.536719 0.763573 0.630239 0.507311 0.545868 0.540132 0.553442 0.723545 0.854241 0.957494 0.809497 0.669870 0.634285 0.714682 0.722877 0.774349 0.989150
0.583487 0.765752 0.000000 0.230501 0.963760 0.611262 0.235020 0.330174 0.642301 0.613958 0.593082 0.664440 0.496283 0.552474 0.641111 0.559900 0.798382 0.672503 0.485910 0.577979 0.645578 0.813641 0.375304 0.393288 0.564203 0.334469 0.845003 0.967457 0.809790 0.698023 0.368502 0.450077 0.368593 0.391619 0.573919 0.656825 0.632045 0.760092 0.499625 0.705796 0.913783 0.888223 0.385774 0.414179 0.439675 0.432970 0.403250 0.412431 0.677654 0.615300 0.583979 0.585200 0.612599 0.789767 0.622519 0.613744 0.883056 0.867884 0.543004 0.583045 0.456507 0.510512 0.723467 0.827448 0.347862 0.322679 0.288977 0.352333 0.824414 0.644689 0.481755 0.469557 0.651329 0.548744 0.776752 0.838309 0.512933 0.845027 0.610339 0.494870 0.708474 0.557739 0.808646 0.788478 0.593484 0.485384 0.806317 0.974758 0.793381 0.619741 0.564898 0.634860 0.535899 0.515631 0.690105 0.718049 0.405342 0.786242 0.514072 0.517491 0.583594 0.598351 0.675187 0.695966 0.466224 0.545643 0.725129 0.660541 0.965476 0.809175 0.853269 0.687622 0.542367 0.687921 0.686885 0.910754
0.717055 0.827622 0.230501 0.000000 0.946176 0.639626 0.307823 0.335928 0.675563 0.611192 0.674828 0.762210 0.620646 0.568843 0.660668 0.568759 0.877127 0.742686 0.517271 0.617409 0.660662 0.765552 0.415235 0.416226 0.611097 0.349142 0.788999 0.953834 0.825889 0.759339 0.458299 0.495190 0.410831 0.449517 0.603627 0.589826 0.672788 0.782086 0.578277 0.816104 0.985638 0.829106 0.430979 0.455354 0.501906 0.495047 0.424066 0.470513 0.658698 0.623096 0.642944 0.621479 0.665616 0.806875 0.674667 0.646417 0.939444 0.937337 0.561385 0.647269 0.625993 0.579485 0.848018 0.941721 0.401998 0.326547 0.326496 0.403718 0.874260 0.734620 0.474627 0.474284 0.734588 0.615834 0.859125 0.872463 0.489956 0.823641 0.654573 0.568801 0.805577 0.592112 0.892008 0.816352 0.652468 0.480113 0.875986 0.922858 0.828342 0.576626 0.517190 0.567708 0.498262 0.441452 0.803267 0.662146 0.453237 0.689387 0.549627 0.480232 0.548292 0.639962 0.724454 0.664678 0.509537 0.648846 0.748665 0.697138 0.975285 0.849666 0.820588 0.689284 0.527915 0.627813 0.751641 0.836493
0.925112 0.920057 0.963760 0.946176 0.000000 0.960485 0.957253 0.892525 0.945135 0.989497 0.994131 0.993536 0.981227 0.861626 0.894386 0.970907 0.870187 0.923502 0.997897 0.895977 0.904683 0.969046 0.936319 0.964954 0.973605 0.992167 0.892517 0.922631 0.989837 0.985695 0.927314 0.914780 0.990007 0.973948 0.982500 0.933268 0.771807 0.999992 0.882182 0.946374 0.889795 0.970317 0.883699 0.928534 0.857931 0.820878 0.989989 0.906790 0.703463 0.791451 0.840894 0.823371 0.843804 0.786743 0.968260 0.867753 0.884333 0.869688 0.869661 0.868517 0.910723 0.851772 0.843749 0.868664 0.931069 0.855995 0.889561 0.875582 0.971703 0.958463 0.839100 0.858230 0.998970 0.988777 0.965004 0.987428 0.962225 0.967201 0.850143 0.979590 0.829628 0.911104 0.856984 0.999530 0.914432 0.923336 0.908733 0.964596 0.949265 0.997666 0.856325 0.911194 0.832479 0.952555 0.979966 0.973160 0.971710 0.781057 0.920963 0.788703 0.898620 0.981204 0.982851 0.882459 0.902419 0.964650 0.830511 0.967918 0.707411 0.961468 0.917190 0.773269 0.752112 0.915417 0.918689 0.942194
0.879269 0.973267 0.611262 0.639626 0.960485 0.000000 0.597774 0.780599 0.785892 0.720900 0.941303 0.764745 0.597201 0.736324 0.672195 0.514277 0.959875 0.920394 0.696062 0.795575 0.797968 0.779455 0.625881 0.593241 0.807772 0.584336 0.821700 0.658406 0.946476 0.886590 0.731482 0.751579 0.672495 0.610658 0.771677 0.952169 0.970797 0.930630 0.772859 0.865574 0.994793 0.949422 0.651002 0.618888 0.840602 0.860642 0.847183 0.712108 0.987869 0.811982 0.861405 0.767215 0.808694 0.844670 0.887117 0.909074 0.901730 0.943959 0.895238 0.919390 0.835546 0.959231 0.951148 0.977016 0.744180 0.758657 0.744812 0.828232 0.985006 0.776605 0.826740 0.754045 0.853240 0.673974 0.777968 0.747850 0.799984 0.884849 0.805023 0.627184 0.917264 0.780733 0.947094 0.987038 0.782497 0.683269 0.867176 0.760503 0.989726 0.912238 0.701105 0.677310 0.733115 0.660002 0.765871 0.694735 0.724312 0.863117 0.774765 0.769991 0.953024 0.782443 0.887126 0.840373 0.721649 0.804620 0.905304 0.823894 0.986797 0.786779 0.924199 0.898784 0.746348 0.918572 0.886305 0.982360
0.571851 0.663570 0.235020 0.307823 0.957253 0.597774 0.000000 0.228901 0.558863 0.378607 0.626608 0.667903 0.539582 0.687444 0.649704 0.591925 0.704318 0.600113 0.413541 0.503550 0.721909 0.817225 0.311702 0.521516 0.775338 0.515375 0.968447 0.908989 0.730904 0.611047 0.331946 0.475212 0.310003 0.270771 0.552273 0.589539 0.648190 0.783965 0.704628 0.776865 0.943834 0.846752 0.222549 0.249674 0.270620 0.287629 0.396056 0.326669 0.495241 0.445257 0.437040 0.412081 0.457436 0.608626 0.704646 0.638129 0.740387 0.731967 0.376010 0.462408 0.414970 0.506090 0.599135 0.669858 0.525591 0.477558 0.237362 0.310540 0.892815 0.609672 0.338678 0.313370 0.693732 0.522523 0.839252 0.750133 0.387661 0.713800 0.504802 0.498297 0.657824 0.624519 0.857260 0.823025 0.759870 0.690640 0.954105 0.899013 0.858656 0.809766 0.376951 0.428183 0.398386 0.391898 0.615797 0.615799 0.331298 0.658313 0.293481 0.319112 0.445565 0.454933 0.498097 0.506627 0.357482 0.385705 0.537273 0.545625 0.842767 0.819097 0.699440 0.519538 0.442654 0.576850 0.597324 0.878957
0.530332 0.576196 0.330174 0.335928 0.892525 0.780599 0.228901 0.000000 0.579423 0.354453 0.504371 0.617462 0.620384 0.672730 0.730942 0.678188 0.612597 0.533717 0.444825 0.434770 0.849052 0.824300 0.431591 0.646125 0.934072 0.641766 0.883846 0.854975 0.618611 0.570174 0.459813 0.505628 0.371058 0.345716 0.662176 0.565854 0.680120 0.789555 0.809199 0.873738 0.867592 0.723060 0.340861 0.375173 0.340888 0.369370 0.499177 0.423112 0.508593 0.508732 0.531330 0.517799 0.563950 0.673488 0.791484 0.682671 0.635366 0.615025 0.370138 0.448640 0.447129 0.411476 0.553254 0.572199 0.636096 0.505077 0.309769 0.353821 0.800455 0.562327 0.327796 0.352339 0.729398 0.637860 0.877146 0.876377 0.415513 0.685111 0.575939 0.574816 0.616533 0.584800 0.842253 0.802111 0.847337 0.768781 0.984723 0.865711 0.827858 0.741370 0.376437 0.450051 0.388934 0.415776 0.580874 0.635466 0.330937 0.556618 0.280863 0.284373 0.374336 0.446644 0.444911 0.448953 0.370466 0.421819 0.527402 0.579355 0.876211 0.791135 0.621568 0.475350 0.399890 0.537495 0.628303 0.884632
0.913300 0.900713 0.642301 0.675563 0.945135 0.785892 0.558863 0.579423 0.000000 0.425842 0.986928 0.985611 0.838564 0.964504 0.990973 0.932537 0.851070 0.842649 0.968439 0.992632 0.998616 0.895672 0.826328 0.912350 0.901775 0.914341 0.875669 0.855444 0.842706 0.856124 0.784054 0.945331 0.886343 0.773943 0.891117 0.834321 0.973808 0.998899 0.969542 0.846285 0.812957 0.954344 0.631010 0.682807 0.657638 0.641485 0.845705 0.820250 0.595698 0.553784 0.550832 0.532498 0.516087 0.544497 0.969030 0.927522 0.796879 0.862255 0.573144 0.732487 0.768577 0.753966 0.981614 0.984471 0.924518 0.840654 0.727115 0.823194 0.769546 0.989151 0.766059 0.760977 0.857151 0.974571 0.964025 0.927083 0.817479 0.893573 0.914106 0.899670 0.788710 0.736830 0.733835 0.754803 0.778680 0.873727 0.962412 0.879089 0.829218 0.973479 0.522041 0.597231 0.646096 0.525078 0.811514 0.912789 0.692194 0.869023 0.586760 0.616355 0.723846 0.647248 0.722234 0.747731 0.744525 0.701975 0.626289 0.571002 0.966254 0.906632 0.849456 0.775880 0.682249 0.901456 0.637291 0.840484
0.781027 0.704821 0.613958 0.611192 0.989497 0.720900 0.378607 0.354453 0.425842 0.000000 0.801564 0.725383 0.668410 0.845500 0.745355 0.732267 0.760212 0.766936 0.605552 0.605290 0.940569 0.871777 0.577016 0.795371 0.774260 0.962950 0.776123 0.851888 0.757704 0.678880 0.642850 0.686963 0.603474 0.500333 0.868706 0.665766 0.872988 0.984443 0.969241 0.973947 0.890785 0.825398 0.411147 0.446273 0.494354 0.518772 0.694870 0.553199 0.485670 0.497027 0.544624 0.515236 0.559184 0.589959 0.978405 0.920952 0.795639 0.742974 0.456308 0.608572 0.648574 0.682028 0.696582 0.664121 0.981483 0.874845 0.610722 0.696124 0.964265 0.678755 0.484581 0.484906 0.888201 0.763303 0.901147 0.724535 0.547637 0.604650 0.613690 0.710537 0.814843 0.907264 0.962183 0.936864 0.835327 0.870176 0.868442 0.864803 0.914642 0.958036 0.395292 0.398363 0.515906 0.484456 0.580912 0.716906 0.428939 0.596483 0.320168 0.341781 0.476055 0.455871 0.446686 0.512166 0.591260 0.463000 0.528430 0.513333 0.856535 0.858507 0.768624 0.595797 0.549066 0.784154 0.670005 0.760246
0.315151 0.375359 0.593082 0.674828 0.994131 0.941303 0.626608 0.504371 0.986928 0.801564 0.000000 0.433448 0.549164 0.585903 0.717936 0.646145 0.468378 0.389735 0.482743 0.386270 0.927863 0.910430 0.701141 0.808070 0.856301 0.780249 0.962034 0.961739 0.456245 0.438511 0.637067 0.642576 0.543519 0.548842 0.814845 0.741111 0.633823 0.737800 0.814616 0.748029 0.673368 0.878377 0.714572 0.647036 0.695283 0.638766 0.738452 0.628177 0.873144 0.772285 0.809198 0.838163 0.810598 0.934241 0.732659 0.800845 0.481985 0.422839 0.603655 0.556082 0.463405 0.468877 0.414012 0.443337 0.730675 0.647123 0.649112 0.498294 0.445673 0.541287 0.590896 0.543059 0.609532 0.686953 0.834785 0.935403 0.575491 0.653056 0.651630 0.502413 0.456101 0.429064 0.674274 0.589471 0.761461 0.750894 0.952361 0.846022 0.852123 0.683670 0.893194 0.934612 0.812493 0.899812 0.666132 0.727188 0.674696 0.823207 0.664090 0.646569 0.786398 0.642577 0.605755 0.701410 0.568620 0.647875 0.844291 0.897692 0.996769 0.793117 0.791569 0.741976 0.728901 0.652294 0.805548 0.947435
0.322361 0.386128 0.664440 0.762210 0.993536 0.764745 0.667903 0.617462 0.985611 0.725383 0.433448 0.000000 0.393416 0.450911 0.455670 0.343094 0.395491 0.340948 0.485087 0.462699 0.835904 0.841025 0.476210 0.646359 0.815958 0.758583 0.985326 0.921647 0.340200 0.328988 0.601115 0.531651 0.482766 0.461508 0.885577 0.952547 0.728344 0.880671 0.817706 0.828549 0.864740 0.856349 0.650524 0.566027 0.759879 0.635021 0.704731 0.499862 0.857272 0.708289 0.746680 0.720494 0.761800 0.784720 0.808210 0.914577 0.537818 0.477377 0.656061 0.601590 0.376609 0.477398 0.308473 0.354896 0.745612 0.665281 0.757256 0.636266 0.575612 0.458706 0.640707 0.604219 0.451300 0.486848 0.657015 0.749678 0.626121 0.565620 0.583125 0.428775 0.388064 0.399711 0.568906 0.564281 0.607280 0.623998 0.814889 0.978144 0.956661 0.725685 0.956561 0.994498 0.947858 0.921408 0.570979 0.745975 0.657164 0.771911 0.718669 0.645902 0.875851 0.719322 0.702241 0.820674 0.541736 0.606142 0.881269 0.961469 0.890076 0.689686 0.879795 0.712386 0.715175 0.803494 0.733331 0.962290
0.496973 0.720586 0.496283 0.620646 0.981227 0.597201 0.539582 0.620384 0.838564 0.668410 0.549164 0.393416 0.000000 0.422421 0.481085 0.339198 0.784746 0.676315 0.523184 0.634346 0.765214 0.965469 0.478996 0.498309 0.788405 0.639470 0.861738 0.958818 0.629652 0.541279 0.652590 0.625478 0.567025 0.557009 0.921200 0.946471 0.737747 0.982575 0.682075 0.686424 0.938000 0.898340 0.646614 0.577309 0.817388 0.659335 0.674545 0.542584 0.911042 0.633141 0.711999 0.663225 0.689952 0.739105 0.719414 0.798686 0.914337 0.780913 0.651265 0.650481 0.375352 0.532321 0.578355 0.669301 0.605071 0.601899 0.771415 0.701538 0.676511 0.642786 0.743753 0.665314 0.593320 0.625980 0.825554 0.709616 0.690657 0.809037 0.640023 0.489191 0.710268 0.530080 0.798261 0.690636 0.644069 0.577198 0.950685 0.795434 0.705467 0.759436 0.911160 0.902272 0.966196 0.885818 0.657837 0.767029 0.612078 0.885813 0.747077 0.710400 0.851261 0.674522 0.753531 0.890362 0.663985 0.714031 0.945380 0.987402 0.886855 0.656936 0.945112 0.889364 0.745806 0.826114 0.806115 0.887190
0.530783 0.711941 0.552474 0.568843 0.861626 0.736324 0.687444 0.672730 0.964504 0.845500 0.585903 0.450911 0.422421 0.000000 0.335249 0.325681 0.776542 0.601110 0.452552 0.500810 0.712469 0.774681 0.475360 0.444678 0.713648 0.626882 0.896631 0.868150 0.523873 0.485996 0.599719 0.502700 0.527707 0.549815 0.992840 0.960758 0.798476 0.984170 0.630403 0.766862 0.942690 0.913257 0.744442 0.711974 0.973035 0.851582 0.633784 0.676853 0.897953 0.988563 0.935975 0.986664 0.982125 0.886948 0.675046 0.877765 0.885449 0.863021 0.877976 0.928838 0.621110 0.683172 0.748805 0.787503 0.586223 0.567298 0.822229 0.787235 0.633118 0.615408 0.787390 0.796719 0.582500 0.691580 0.788458 0.765609 0.669620 0.833018 0.725375 0.522966 0.687251 0.421482 0.631642 0.465775 0.536351 0.452103 0.993213 0.807469 0.888633 0.610901 0.999153 0.996939 0.993147 0.993970 0.691138 0.772995 0.739629 0.775405 0.893854 0.792919 0.838199 0.772433 0.898760 0.937884 0.761649 0.811257 0.917044 0.893660 0.880426 0.761838 0.954711 0.897757 0.809428 0.826223 0.867337 0.976315
0.576202 0.712591 0.641111 0.660668 0.894386 0.672195 0.649704 0.730942 0.990973 0.745355 0.717936 0.455670 0.481085 0.335249 0.000000 0.348484 0.706082 0.572046 0.444360 0.531383 0.753745 0.757976 0.394589 0.477610 0.730784 0.674237 0.890823 0.817176 0.521720 0.418473 0.467706 0.415282 0.480638 0.478300 0.904278 0.980739 0.798083 0.961118 0.735164 0.816302 0.974930 0.990009 0.643678 0.620806 0.891322 0.795314 0.666431 0.619954 0.989172 0.918171 0.991075 0.881418 0.933430 0.980257 0.823566 0.935435 0.883106 0.878988 0.818037 0.913650 0.661412 0.860797 0.701997 0.758052 0.780414 0.770380 0.813248 0.811271 0.678615 0.662840 0.714788 0.757070 0.527409 0.599757 0.806643 0.728171 0.653048 0.721728 0.499868 0.562467 0.660341 0.537390 0.649392 0.572363 0.693347 0.606156 0.968060 0.879255 0.979839 0.872819 0.991026 0.985105 0.936987 0.959862 0.709462 0.784862 0.706897 0.745810 0.813489 0.733032 0.903783 0.827912 0.875471 0.884454 0.738512 0.784673 0.984176 0.933719 0.939947 0.767142 0.966241 0.842079 0.772344 0.851501 0.877904 0.958787
0.552808 0.668797 0.559900 0.568759 0.970907 0.514277 0.591925 0.678188 0.932537 0.732267 0.646145 0.343094 0.339198 0.325681 0.348484 0.000000 0.685687 0.585072 0.415773 0.551413 0.688731 0.711190 0.353615 0.371450 0.648924 0.595783 0.863180 0.756483 0.550632 0.464710 0.548710 0.473512 0.439317 0.420679 0.915580 0.957886 0.795951 0.999128 0.725515 0.800338 0.956732 0.985478 0.576133 0.511990 0.828333 0.677126 0.605481 0.519651 0.920057 0.727979 0.807361 0.705411 0.787497 0.820619 0.694923 0.880240 0.874039 0.814866 0.710179 0.793151 0.533240 0.673289 0.613542 0.699708 0.594521 0.575450 0.740626 0.728394 0.746771 0.549982 0.681553 0.652357 0.546405 0.522729 0.710853 0.700481 0.640364 0.739044 0.592299 0.462508 0.654148 0.480929 0.712220 0.610534 0.550322 0.458504 0.819656 0.866088 0.958724 0.743095 0.913274 0.890030 0.966260 0.974085 0.723654 0.690613 0.664637 0.755396 0.762613 0.657028 0.913085 0.734052 0.819232 0.877164 0.624212 0.688290 0.982817 0.999344 0.895928 0.682600 0.995614 0.796415 0.685667 0.835108 0.837082 0.942752
0.312603 0.195341 0.798382 0.877127 0.870187 0.959875 0.704318 0.612597 0.851070 0.760212 0.468378 0.395491 0.784746 0.776542 0.706082 0.685687 0.000000 0.211580 0.492764 0.394030 0.888841 0.804976 0.653948 0.898053 0.885487 0.917638 0.877622 0.941976 0.351673 0.325920 0.596524 0.564754 0.501116 0.473787 0.849058 0.735805 0.744143 0.631325 0.896183 0.943530 0.780910 0.661907 0.595736 0.558637 0.589964 0.573051 0.650995 0.479950 0.677857 0.718018 0.732886 0.797400 0.829353 0.913917 0.884279 0.953403 0.220052 0.244111 0.562511 0.568469 0.559201 0.631549 0.262994 0.267555 0.912588 0.839353 0.667487 0.553952 0.472651 0.418045 0.538701 0.553401 0.519995 0.564278 0.777833 0.859962 0.618589 0.508167 0.525266 0.565108 0.249394 0.454194 0.443663 0.578509 0.768361 0.848972 0.728023 0.735002 0.951017 0.866836 0.955869 0.952363 0.904038 0.956122 0.657585 0.747953 0.675245 0.670302 0.637158 0.590995 0.815239 0.720865 0.551455 0.598588 0.555677 0.553431 0.787732 0.887041 0.990223 0.801866 0.753964 0.645277 0.734960 0.704494 0.788365 0.970782
0.243948 0.211772 0.672503 0.742686 0.923502 0.920394 0.600113 0.533717 0.842649 0.766936 0.389735 0.340948 0.676315 0.601110 0.572046 0.585072 0.211580 0.000000 0.370479 0.278324 0.829884 0.775573 0.515914 0.757208 0.818338 0.788175 0.946752 0.937765 0.271225 0.246038 0.507458 0.498455 0.411467 0.356611 0.738651 0.789969 0.656500 0.654462 0.795160 0.896229 0.693839 0.717691 0.546377 0.484404 0.577819 0.556229 0.637084 0.429264 0.733089 0.720610 0.771929 0.800520 0.816041 0.919979 0.821544 0.891503 0.244396 0.265014 0.582760 0.552926 0.496700 0.595121 0.263480 0.268012 0.811261 0.746842 0.598915 0.471094 0.492122 0.432590 0.477515 0.493065 0.487687 0.495189 0.826040 0.751600 0.539528 0.494109 0.525880 0.432860 0.251559 0.328563 0.434707 0.493086 0.666128 0.711161 0.811054 0.849443 0.952474 0.768267 0.857519 0.868414 0.789549 0.944240 0.567576 0.729644 0.656346 0.640155 0.581601 0.547135 0.784432 0.653195 0.546426 0.589683 0.487510 0.535999 0.763036 0.923567 0.970526 0.781461 0.768356 0.572025 0.673598 0.634057 0.810518 0.910401
0.403387 0.460451 0.485910 0.517271 0.997897 0.696062 0.413541 0.444825 0.968439 0.605552 0.482743 0.485087 0.523184 0.452552 0.444360 0.415773 0.492764 0.370479 0.000000 0.289847 0.703393 0.713603 0.407542 0.550730 0.735325 0.682065 0.940371 0.908961 0.387985 0.333290 0.403329 0.378814 0.339495 0.294515 0.798996 0.681614 0.631989 0.797005 0.693130 0.878418 0.891719 0.769109 0.435207 0.408122 0.574519 0.548461 0.510413 0.404287 0.746891 0.678327 0.779497 0.752765 0.820014 0.924413 0.860461 0.866624 0.535260 0.545826 0.522440 0.616159 0.576648 0.738077 0.494882 0.570000 0.744344 0.709805 0.537997 0.581164 0.583185 0.448195 0.466355 0.470395 0.571483 0.534144 0.794795 0.745622 0.496538 0.566097 0.534331 0.471832 0.542400 0.459612 0.730064 0.640941 0.783985 0.692791 0.859111 0.980097 0.953875 0.847128 0.738743 0.707137 0.751074 0.765667 0.696238 0.585909 0.548256 0.597152 0.522150 0.455648 0.636088 0.557630 0.536053 0.557891 0.541667 0.571010 0.822329 0.818244 0.968382 0.794022 0.802132 0.636839 0.577215 0.597041 0.816334 0.978621
0.323441 0.369769 0.577979 0.617409 0.895977 0.795575 0.503550 0.434770 0.992632 0.605290 0.386270 0.462699 0.634346 0.500810 0.531383 0.551413 0.394030 0.278324 0.289847 0.000000 0.792181 0.723948 0.505301 0.679848 0.865635 0.760002 0.846597 0.886945 0.360356 0.287463 0.456971 0.411436 0.399735 0.320932 0.729528 0.726136 0.655657 0.709332 0.727136 0.891050 0.750325 0.769239 0.507818 0.464553 0.600275 0.617971 0.598318 0.478702 0.797677 0.768041 0.851272 0.849287 0.841473 0.988186 0.863311 0.925244 0.420165 0.424730 0.563086 0.643761 0.597874 0.698177 0.447090 0.443380 0.844033 0.765303 0.590132 0.561015 0.522410 0.433243 0.497987 0.486834 0.577120 0.560118 0.758123 0.794450 0.497749 0.575866 0.554995 0.464833 0.451616 0.401813 0.648934 0.630110 0.832429 0.780683 0.795509 0.876257 0.979537 0.769027 0.749242 0.699771 0.732806 0.790141 0.549695 0.657337 0.584363 0.584207 0.504824 0.492236 0.648566 0.552563 0.482820 0.506564 0.536533 0.557448 0.788073 0.822856 0.988273 0.794186 0.707497 0.630990 0.639486 0.601878 0.798936 0.946175
0.801404 0.889148 0.645578 0.660662 0.904683 0.797968 0.721909 0.849052 0.998616 0.940569 0.927863 0.835904 0.765214 0.712469 0.753745 0.688731 0.888841 0.829884 0.703393 0.792181 0.000000 0.841493 0.625832 0.607380 0.596659 0.658719 0.766253 0.877672 0.958648 0.834941 0.703548 0.658347 0.727210 0.686708 0.799837 0.893827 0.791223 0.883341 0.585597 0.870680 0.890380 0.992344 0.757452 0.770140 0.840718 0.805033 0.584000 0.673954 0.947132 0.968837 0.958281 0.979385 0.978047 0.873059 0.853361 0.813448 0.871543 0.954740 0.852174 0.889162 0.806726 0.903672 0.835865 0.967723 0.638751 0.722825 0.725742 0.774765 0.920116 0.802236 0.921158 0.894678 0.785691 0.811834 0.765292 0.820738 0.870159 0.995103 0.837668 0.758213 0.884945 0.734453 0.817083 0.713331 0.701389 0.637121 0.968044 0.955458 0.928386 0.819888 0.950013 0.988949 0.958907 0.978778 0.996156 0.695924 0.812560 0.981591 0.999187 0.841069 0.955520 0.992987 0.869392 0.998016 0.986745 0.928109 0.913527 0.985161 0.949212 0.868325 0.918096 0.953034 0.967258 0.964395 0.882845 0.894616
0.873640 0.822923 0.813641 0.765552 0.969046 0.779455 0.817225 0.824300 0.895672 0.871777 0.910430 0.841025 0.965469 0.774681 0.757976 0.711190 0.804976 0.775573 0.713603 0.723948 0.841493 0.000000 0.786256 0.783596 0.835131 0.849579 0.883574 0.817292 0.831517 0.786502 0.717301 0.706340 0.727170 0.726858 0.745710 0.799184 0.934269 0.696468 0.926812 0.993415 0.918665 0.949379 0.746873 0.766216 0.829032 0.851830 0.874328 0.783251 0.931407 0.923449 0.990307 0.915794 0.949688 0.969716 0.982442 0.950259 0.915926 0.915737 0.855495 0.977580 0.997685 0.976883 0.919263 0.940073 0.895652 0.862775 0.811801 0.843149 0.929195 0.806233 0.753639 0.753418 0.825027 0.791474 0.941794 0.920124 0.869270 0.810435 0.928365 0.768467 0.879440 0.851083 0.895657 0.950529 0.958876 0.868494 0.957922 0.929322 0.969044 0.994934 0.791888 0.876595 0.854136 0.852532 0.863931 0.831053 0.903007 0.683436 0.803803 0.782457 0.889510 0.810693 0.787114 0.668361 0.783549 0.852923 0.979400 0.928987 0.865684 0.888906 0.902775 0.857732 0.887348 0.857953 0.974247 0.913190
0.537744 0.650552 0.375304 0.415235 0.936319 0.625881 0.311702 0.431591 0.826328 0.577016 0.701141 0.476210 0.478996 0.475360 0.394589 0.353615 0.653948 0.515914 0.407542 0.505301 0.625832 0.786256 0.000000 0.353508 0.620340 0.483610 0.944346 0.984279 0.602543 0.460531 0.307830 0.328672 0.271528 0.276785 0.627788 0.810752 0.643047 0.940688 0.677294 0.822970 0.999002 0.877238 0.326823 0.328811 0.475868 0.416316 0.403941 0.348547 0.658710 0.639227 0.643596 0.568652 0.643728 0.775307 0.632760 0.707976 0.753466 0.758423 0.570368 0.628062 0.425856 0.590320 0.559333 0.625855 0.506374 0.504474 0.408932 0.449474 0.845541 0.553565 0.438844 0.429420 0.543712 0.419798 0.751466 0.713944 0.426559 0.706933 0.488252 0.475845 0.570136 0.492920 0.618373 0.619116 0.552898 0.510895 0.952268 0.960133 0.962769 0.787887 0.645145 0.709432 0.667170 0.774547 0.597310 0.657139 0.433817 0.681398 0.522665 0.475310 0.696451 0.662941 0.639763 0.695365 0.420983 0.459139 0.699212 0.846644 0.908591 0.751427 0.773391 0.616964 0.539573 0.744287 0.669031 0.969395
0.757198 0.889802 0.393288 0.416226 0.964954 0.593241 0.521516 0.646125 0.912350 0.795371 0.808070 0.646359 0.498309 0.444678 0.477610 0.371450 0.898053 0.757208 0.550730 0.679848 0.607380 0.783596 0.353508 0.000000 0.541276 0.457151 0.833005 0.946960 0.852563 0.656662 0.521082 0.452246 0.477787 0.524112 0.802993 0.917037 0.810005 0.987741 0.547191 0.825071 0.997473 0.999482 0.614208 0.624674 0.798215 0.743100 0.563725 0.576070 0.943342 0.900230 0.921792 0.856645 0.934486 0.993677 0.764931 0.745880 0.964251 0.941680 0.893462 0.949290 0.674721 0.806383 0.895270 0.968910 0.467771 0.478839 0.625266 0.676313 0.924444 0.772317 0.706831 0.685115 0.635500 0.584734 0.831971 0.771250 0.654452 0.892956 0.688749 0.598511 0.795988 0.557288 0.777051 0.678582 0.526536 0.438507 0.880223 0.790973 0.868928 0.773440 0.797057 0.804586 0.820290 0.838454 0.820997 0.846244 0.630310 0.740556 0.811317 0.734107 0.810825 0.892705 0.906770 0.982465 0.764243 0.775458 0.935460 0.974623 0.993832 0.791208 0.995927 0.879385 0.761319 0.871603 0.931617 0.975623
0.775142 0.961014 0.564203 0.611097 0.973605 0.807772 0.775338 0.934072 0.901775 0.774260 0.856301 0.815958 0.788405 0.713648 0.730784 0.648924 0.885487 0.818338 0.735325 0.865635 0.596659 0.835131 0.620340 0.541276 0.000000 0.398452 0.583508 0.795976 0.920874 0.868623 0.587685 0.584441 0.633325 0.742654 0.595744 0.923783 0.757991 0.790873 0.538314 0.764844 0.992881 0.950398 0.816809 0.791886 0.827758 0.785128 0.620962 0.665416 0.980958 0.991464 0.945035 0.964488 0.998386 0.831403 0.705764 0.806839 0.996199 0.951937 0.930127 0.884566 0.767764 0.826885 0.887681 0.953574 0.395890 0.487003 0.631624 0.678678 0.806525 0.842396 0.957236 0.934988 0.620048 0.685247 0.707446 0.915485 0.836522 0.953161 0.845683 0.668203 0.804199 0.641218 0.660541 0.805089 0.439456 0.392860 0.811924 0.864747 0.973147 0.641519 0.797699 0.728171 0.903538 0.884179 0.872276 0.898345 0.837987 0.902252 0.882125 0.962598 0.935714 0.935430 0.863972 0.853567 0.851864 0.943542 0.856693 0.899239 0.910000 0.983067 0.997287 0.916679 0.999610 0.872216 0.910382 0.978825
0.729739 0.901945 0.334469 0.349142 0.992167 0.584336 0.515375 0.641766 0.914341 0.962950 0.780249 0.758583 0.639470 0.626882 0.674237 0.595783 0.917638 0.788175 0.682065 0.760002 0.658719 0.849579 0.483610 0.457151 0.398452 0.000000 0.601125 0.843259 0.931478 0.837105 0.495450 0.526189 0.492481 0.578978 0.592227 0.781603 0.792321 0.793072 0.469541 0.676588 0.947194 0.812630 0.588004 0.569046 0.672307 0.657691 0.524952 0.560594 0.852053 0.778919 0.742101 0.738734 0.773873 0.928516 0.616365 0.657994 0.988648 0.981353 0.767191 0.756644 0.657476 0.689925 0.875136 0.988020 0.299917 0.316279 0.424989 0.475390 0.895631 0.765728 0.717742 0.607148 0.630470 0.545831 0.758311 0.990854 0.714766 0.977527 0.730518 0.577283 0.780829 0.529694 0.742946 0.796690 0.463263 0.315848 0.843950 0.751082 0.883497 0.539675 0.809342 0.874781 0.758860 0.682388 0.888633 0.813832 0.625162 0.906602 0.845934 0.756491 0.816196 0.763813 0.937468 0.918545 0.571881 0.797288 0.890081 0.944562 0.889345 0.845303 0.970315 0.917388 0.705094 0.795492 0.869589 0.939398
0.949628 0.866944 0.845003 0.788999 0.892517 0.821700 0.968447 0.883846 0.875669 0.776123 0.962034 0.985326 0.861738 0.896631 0.890823 0.863180 0.877622 0.946752 0.940371 0.846597 0.766253 0.883574 0.944346 0.833005 0.583508 0.601125 0.000000 0.741474 0.930363 0.824408 0.876170 0.983785 0.997712 0.906142 0.955363 0.869056 0.922577 0.972817 0.823112 0.844549 0.928804 0.977026 0.926340 0.930524 0.886375 0.950134 0.942970 0.969541 0.994577 0.952663 0.965665 0.943710 0.950910 0.877658 0.774761 0.796835 0.823230 0.815037 0.919824 0.990682 0.994105 0.974363 0.909670 0.772451 0.598262 0.653415 0.927404 0.976663 0.999848 0.966848 0.834368 0.856276 0.993708 0.975449 0.794135 0.966215 0.965555 0.819098 0.985796 0.904382 0.973581 0.799870 0.856434 0.920178 0.518660 0.514799 0.869132 0.664117 0.982625 0.681696 0.829675 0.884940 0.962726 0.948099 0.803915 0.978530 0.850746 0.684841 0.720606 0.825306 0.854554 0.859426 0.648510 0.717390 0.936630 0.756274 0.764125 0.765995 0.830639 0.994739 0.704747 0.808346 0.846219 0.935769 0.908292 0.950949
0.974662 0.953071 0.967457 0.953834 0.922631 0.658406 0.908989 0.854975 0.855444 0.851888 0.961739 0.921647 0.958818 0.868150 0.817176 0.756483 0.941976 0.937765 0.908961 0.886945 0.877672 0.817292 0.984279 0.946960 0.795976 0.843259 0.741474 0.000000 0.993936 0.942679 0.994686 0.914590 0.937880 0.951854 0.889135 0.978389 0.905629 0.990832 0.868088 0.907728 0.911014 0.984257 0.975937 0.967172 0.875224 0.942444 0.997139 0.995362 0.893101 0.973678 0.930217 0.958735 0.957310 0.932608 0.968149 0.815629 0.972192 0.943033 0.980431 0.935837 0.901501 0.858743 0.969717 0.977629 0.967128 0.974139 0.948988 0.934479 0.855958 0.901108 0.973563 0.864648 0.969449 0.888834 0.840890 0.945034 0.959079 0.996772 0.973131 0.876724 0.979208 0.891680 0.907083 0.999662 0.893516 0.814626 0.749179 0.896998 0.742737 0.840651 0.853129 0.894890 0.823222 0.900288 0.824860 0.834335 0.948356 0.977997 0.915018 0.941920 0.772244 0.896751 0.902569 0.995134 0.987332 0.906327 0.849481 0.764999 0.860009 0.933553 0.914525 0.831444 0.932933 0.929766 0.980150 0.933658
0.302171 0.322869 0.809790 0.825889 0.989837 0.946476 0.730904 0.618611 0.842706 0.757704 0.456245 0.340200 0.629652 0.523873 0.521720 0.550632 0.351673 0.271225 0.387985 0.360356 0.958648 0.831517 0.602543 0.852563 0.920874 0.931478 0.930363 0.993936 0.000000 0.255511 0.603428 0.534663 0.548146 0.457775 0.876657 0.894985 0.636048 0.767009 0.884613 0.950486 0.718748 0.738468 0.675992 0.609678 0.760534 0.695364 0.742771 0.551155 0.809181 0.794349 0.876654 0.866219 0.906880 0.948352 0.813752 0.872079 0.390078 0.390550 0.662741 0.611896 0.565628 0.657122 0.361868 0.336881 0.959566 0.866049 0.785708 0.706923 0.452814 0.396675 0.569448 0.633615 0.508535 0.617626 0.789494 0.827197 0.588259 0.479839 0.673654 0.499853 0.350804 0.415839 0.567252 0.536824 0.774103 0.791427 0.758158 0.918230 0.973479 0.776299 0.973798 0.923602 0.962541 0.972382 0.605586 0.740956 0.695450 0.693438 0.673483 0.650325 0.810493 0.667264 0.644632 0.670253 0.637633 0.664428 0.908678 0.966837 0.945356 0.676671 0.750787 0.623996 0.730890 0.643996 0.862753 0.907090
0.308928 0.309410 0.698023 0.759339 0.985695 0.886590 0.611047 0.570174 0.856124 0.678880 0.438511 0.328988 0.541279 0.485996 0.418473 0.464710 0.325920 0.246038 0.333290 0.287463 0.834941 0.786502 0.460531 0.656662 0.868623 0.837105 0.824408 0.942679 0.255511 0.000000 0.444564 0.421304 0.388631 0.358236 0.825395 0.818001 0.644735 0.741646 0.716625 0.921524 0.777652 0.777109 0.530469 0.470506 0.661149 0.611823 0.661087 0.468388 0.809915 0.730583 0.813550 0.783672 0.838535 0.904152 0.823545 0.921075 0.401099 0.373155 0.652672 0.616667 0.509398 0.659076 0.344861 0.318432 0.906025 0.822369 0.697809 0.600547 0.454130 0.388357 0.495307 0.519015 0.409042 0.418603 0.836622 0.717386 0.540888 0.479127 0.502045 0.474838 0.361272 0.379612 0.528500 0.488318 0.799965 0.785920 0.799609 0.864967 0.954969 0.852603 0.889186 0.872817 0.924371 0.968160 0.539051 0.708309 0.571594 0.591935 0.587615 0.536782 0.724882 0.613245 0.545065 0.634605 0.607216 0.535140 0.805716 0.893632 0.971749 0.705729 0.762010 0.595013 0.657217 0.619756 0.845156 0.929560
0.503344 0.581862 0.368502 0.458299 0.927314 0.731482 0.331946 0.459813 0.784054 0.642850 0.637067 0.601115 0.652590 0.599719 0.467706 0.548710 0.596524 0.507458 0.403329 0.456971 0.703548 0.717301 0.307830 0.521082 0.587685 0.495450 0.876170 0.994686 0.603428 0.444564 0.000000 0.288149 0.262002 0.286846 0.557844 0.676264 0.595392 0.699995 0.577180 0.752910 0.909310 0.813658 0.294663 0.287728 0.371312 0.378844 0.397297 0.345176 0.636166 0.643713 0.591187 0.571516 0.617023 0.798461 0.726670 0.767841 0.682193 0.703322 0.531989 0.587820 0.490510 0.658267 0.571680 0.614326 0.621022 0.615200 0.370943 0.412393 0.774904 0.553386 0.415482 0.402929 0.446079 0.392102 0.734916 0.786715 0.443302 0.658066 0.471776 0.454312 0.598188 0.607010 0.631122 0.695616 0.782748 0.688518 0.946164 0.838715 0.999248 0.815895 0.706668 0.791051 0.760672 0.783511 0.654899 0.695236 0.416575 0.659244 0.472291 0.498633 0.673905 0.588226 0.580531 0.577108 0.465911 0.506171 0.627706 0.674692 0.944769 0.821915 0.620813 0.618853 0.528409 0.609873 0.577019 0.943819
0.497625 0.597426 0.450077 0.495190 0.914780 0.751579 0.475212 0.505628 0.945331 0.686963 0.642576 0.531651 0.625478 0.502700 0.415282 0.473512 0.564754 0.498455 0.378814 0.411436 0.658347 0.706340 0.328672 0.452246 0.584441 0.526189 0.983785 0.914590 0.534663 0.421304 0.288149 0.000000 0.338487 0.373590 0.622083 0.780316 0.611633 0.835945 0.608535 0.854179 0.946853 0.735793 0.470562 0.492469 0.590453 0.623811 0.505320 0.495046 0.809529 0.890501 0.870715 0.853596 0.919954 0.945349 0.760524 0.834344 0.682549 0.736894 0.688800 0.797448 0.605872 0.766090 0.612392 0.666416 0.660041 0.651823 0.537203 0.600917 0.708269 0.523773 0.559193 0.550421 0.461172 0.490796 0.700152 0.892371 0.584334 0.674987 0.576444 0.556856 0.559101 0.506853 0.630529 0.703817 0.719649 0.641340 0.979064 0.989138 0.970661 0.834852 0.841400 0.885872 0.860716 0.877735 0.724444 0.727915 0.475148 0.663220 0.615404 0.627075 0.740303 0.730702 0.637810 0.617196 0.583059 0.641728 0.839892 0.846047 0.938444 0.713711 0.778066 0.679946 0.652533 0.730281 0.718302 0.912687
0.430669 0.481377 0.368593 0.410831 0.990007 0.672495 0.310003 0.371058 0.886343 0.603474 0.543519 0.482766 0.567025 0.527707 0.480638 0.439317 0.501116 0.411467 0.339495 0.399735 0.727210 0.727170 0.271528 0.477787 0.633325 0.492481 0.997712 0.937880 0.548146 0.388631 0.262002 0.338487 0.000000 0.235891 0.609267 0.607697 0.608654 0.706235 0.653347 0.828861 0.948094 0.782679 0.274292 0.257923 0.349845 0.340615 0.341758 0.314931 0.596272 0.586366 0.571199 0.534617 0.614069 0.773386 0.647604 0.677739 0.597166 0.581515 0.497417 0.516328 0.415490 0.493879 0.464816 0.545823 0.504812 0.470043 0.311769 0.333459 0.738030 0.465957 0.353095 0.361900 0.494155 0.375455 0.778872 0.778330 0.388689 0.659276 0.453328 0.442184 0.493981 0.445870 0.590413 0.615024 0.603748 0.542349 0.952379 0.904357 0.986080 0.735931 0.617527 0.694573 0.616666 0.712746 0.619896 0.637210 0.406643 0.595899 0.432107 0.405343 0.549875 0.534686 0.580256 0.590484 0.340423 0.403608 0.686924 0.699506 0.984855 0.772559 0.645743 0.584543 0.468062 0.635592 0.585536 0.873369
0.385670 0.441848 0.391619 0.449517 0.973948 0.610658 0.270771 0.345716 0.773943 0.500333 0.548842 0.461508 0.557009 0.549815 0.478300 0.420679 0.473787 0.356611 0.294515 0.320932 0.686708 0.726858 0.276785 0.524112 0.742654 0.578978 0.906142 0.951854 0.457775 0.358236 0.286846 0.373590 0.235891 0.000000 0.605506 0.690696 0.599651 0.705536 0.695082 0.848114 0.847185 0.816463 0.276819 0.237944 0.378481 0.359626 0.419288 0.307272 0.580232 0.531818 0.561863 0.537830 0.604357 0.740969 0.708548 0.720780 0.538491 0.539875 0.423424 0.498562 0.429830 0.575931 0.423311 0.477975 0.640579 0.597281 0.367402 0.370728 0.721779 0.430093 0.365144 0.361895 0.565404 0.448946 0.813060 0.720110 0.400752 0.572737 0.429075 0.387707 0.467364 0.458522 0.649274 0.622535 0.697333 0.635254 0.830053 0.837079 0.992401 0.830353 0.600994 0.585631 0.618672 0.659555 0.522231 0.595236 0.440776 0.557005 0.385216 0.373740 0.628137 0.512893 0.502427 0.514204 0.369906 0.395420 0.650150 0.653681 0.968294 0.710992 0.652511 0.513452 0.487072 0.575757 0.645736 0.976143
0.722912 0.822691 0.573919 0.603627 0.982500 0.771677 0.552273 0.662176 0.891117 0.868706 0.814845 0.885577 0.921200 0.992840 0.904278 0.915580 0.849058 0.738651 0.798996 0.729528 0.799837 0.745710 0.627788 0.802993 0.595744 0.592227 0.955363 0.889135 0.876657 0.825395 0.557844 0.622083 0.609267 0.605506 0.000000 0.744370 0.658733 0.689737 0.729796 0.882757 0.966087 0.963970 0.582589 0.602012 0.477615 0.572078 0.642068 0.589004 0.744346 0.723564 0.700283 0.702214 0.748499 0.867476 0.761490 0.741449 0.793327 0.804957 0.706025 0.643309 0.689210 0.727268 0.727087 0.783725 0.668698 0.662442 0.460642 0.475943 0.882086 0.829481 0.636179 0.614792 0.772438 0.653828 0.908125 0.982303 0.707811 0.846780 0.754671 0.680185 0.698148 0.746324 0.900241 0.973620 0.786677 0.771443 0.836378 0.832342 0.984902 0.771425 0.707164 0.858507 0.670852 0.696954 0.778019 0.825710 0.655967 0.858777 0.629991 0.713854 0.762468 0.843606 0.824261 0.702142 0.588449 0.643744 0.771102 0.766391 0.820598 0.908542 0.627018 0.700484 0.778382 0.765328 0.859224 0.855445
0.788188 0.666991 0.656825 0.589826 0.933268 0.952169 0.589539 0.565854 0.834321 0.665766 0.741111 0.952547 0.946471 0.960758 0.980739 0.957886 0.735805 0.789969 0.681614 0.726136 0.893827 0.799184 0.810752 0.917037 0.923783 0.781603 0.869056 0.978389 0.894985 0.818001 0.676264 0.780316 0.607697 0.690696 0.744370 0.000000 0.793397 0.529082 0.846827 0.906135 0.992572 0.843302 0.587044 0.593921 0.477893 0.591303 0.582840 0.630386 0.627669 0.646981 0.685302 0.716780 0.799668 0.877327 0.836422 0.903163 0.704008 0.662530 0.613427 0.641856 0.836778 0.708813 0.769305 0.776671 0.766355 0.710852 0.461829 0.495276 0.865082 0.751963 0.484805 0.499693 0.872841 0.789597 0.925613 0.830950 0.583472 0.694174 0.754327 0.873911 0.743105 0.805798 0.862257 0.845028 0.996698 0.902992 0.799453 0.881463 0.909545 0.807120 0.604860 0.666380 0.578724 0.605911 0.936361 0.650410 0.692423 0.648372 0.540772 0.491891 0.548561 0.607942 0.684089 0.569155 0.641773 0.639058 0.700321 0.674367 0.936152 0.995097 0.683493 0.697153 0.624387 0.641453 0.702397 0.778441
0.539040 0.709925 0.632045 0.672788 0.771807 0.970797 0.648190 0.680120 0.973808 0.872988 0.633823 0.728344 0.737747 0.798476 0.798083 0.795951 0.744143 0.656500 0.631989 0.655657 0.791223 0.934269 0.643047 0.810005 0.757991 0.792321 0.922577 0.905629 0.636048 0.644735 0.595392 0.611633 0.608654 0.599651 0.658733 0.793397 0.000000 0.745599 0.673986 0.867657 0.832625 0.951476 0.718707 0.655502 0.662789 0.656769 0.638919 0.606061 0.861856 0.770840 0.801812 0.838823 0.874004 0.969812 0.783934 0.818802 0.727639 0.755212 0.693512 0.676905 0.633874 0.696630 0.673613 0.722399 0.753761 0.750450 0.648825 0.610806 0.755900 0.691411 0.637625 0.735552 0.700119 0.686380 0.906153 0.920786 0.604351 0.782709 0.760936 0.704845 0.707652 0.693783 0.832582 0.836908 0.841457 0.812461 0.943366 0.772772 0.938220 0.790644 0.948447 0.905872 0.887773 0.917767 0.802965 0.710062 0.738592 0.890229 0.708213 0.759877 0.953909 0.779753 0.640547 0.768295 0.628852 0.709096 0.939212 0.858460 0.910338 0.786106 0.762807 0.710924 0.741642 0.825605 0.760654 0.803489
0.684116 0.613133 0.760092 0.782086 0.999992 0.930630 0.783965 0.789555 0.998899 0.984443 0.737800 0.880671 0.982575 0.984170 0.961118 0.999128 0.631325 0.654462 0.797005 0.709332 0.883341 0.696468 0.940688 0.987741 0.790873 0.793072 0.972817 0.990832 0.767009 0.741646 0.699995 0.835945 0.706235 0.705536 0.689737 0.529082 0.745599 0.000000 0.721845 0.903906 0.812039 0.910191 0.716960 0.666397 0.573773 0.640240 0.682442 0.682493 0.746482 0.644082 0.646008 0.706817 0.735354 0.805450 0.830058 0.797461 0.613798 0.614124 0.706451 0.639755 0.787706 0.772562 0.647629 0.689265 0.809422 0.767959 0.598640 0.523920 0.745793 0.676536 0.612001 0.649704 0.693036 0.673026 0.965079 0.900349 0.812833 0.715707 0.835603 0.806593 0.682884 0.758893 0.774459 0.899114 0.894267 0.861511 0.863315 0.865984 0.983565 0.880895 0.864567 0.875514 0.829714 0.832871 0.906727 0.741611 0.818056 0.762930 0.746831 0.733333 0.782377 0.705802 0.733007 0.706833 0.747229 0.701611 0.791501 0.800933 0.851868 0.976397 0.634296 0.746582 0.842640 0.653553 0.837093 0.830209
