0.000000 0.445356 0.637456 0.708351 0.920991 0.691505 0.791570 0.697151 0.768931 0.710616 0.529879 0.654158 0.897027 0.856015 0.864559 0.917586 0.528430 0.420999 0.883073 0.758055 0.962378 0.984805 0.981399 0.996951 0.775271 0.785493 0.929759 0.780894 0.631974 0.684269 0.938252 0.946065 0.841757 0.741361 0.960453 0.937641 0.954766 0.802962 0.908846 0.940600 0.725021 0.751807 0.909592 0.693315 0.716062 0.574100 0.678025 0.595224 0.584232 0.594371 0.603129 0.607845 0.707665 0.978463 0.658465 0.700963 0.387589 0.438899 0.499772 0.461507 0.661015 0.936896 0.433242 0.410789 0.828461 0.796988 0.965862 0.908557 0.558300 0.527960 0.633108 0.634564 0.977331 0.949860 0.813997 0.900907 0.822263 0.878836 0.611615 0.725767 0.362751 0.432402 0.588320 0.445388 0.649769 0.763211 0.904476 0.696138 0.793761 0.665808 0.522196 0.534258 0.532766 0.501954 0.877526 0.826618 0.917220 0.935943 0.909664 0.817398 0.772984 0.824127 0.991720 0.758217 0.991079 0.993296 0.999897 0.967711 0.888903 0.918829 0.864317 0.934422 0.954124 0.797362 0.861622 0.881840
0.445356 0.000000 0.640346 0.814943 0.852151 0.822995 0.747823 0.740251 0.622195 0.541080 0.704097 0.679502 0.955446 0.894428 0.920842 0.908334 0.565558 0.481793 0.960423 0.886620 0.944662 0.979178 0.916416 0.951456 0.974687 0.976906 0.945264 0.644877 0.759509 0.828320 0.906578 0.954323 0.806584 0.747613 0.871075 0.841635 0.883667 0.919559 0.971564 0.773009 0.649567 0.705940 0.801349 0.618063 0.714432 0.548166 0.556623 0.569255 0.654855 0.613396 0.566481 0.544908 0.705706 0.969037 0.567826 0.696346 0.377461 0.374380 0.431657 0.438902 0.783682 0.923974 0.456666 0.453317 0.880493 0.917565 0.812088 0.731401 0.609756 0.541802 0.667197 0.621163 0.991907 0.972835 0.819009 0.970843 0.859795 0.999465 0.667782 0.634399 0.427561 0.450706 0.574615 0.435803 0.637147 0.595753 0.845951 0.724547 0.958104 0.617954 0.604313 0.575109 0.689100 0.557364 0.823409 0.823240 0.962696 0.871767 0.846188 0.803865 0.888936 0.792441 0.987533 0.857370 0.958812 0.920367 0.965531 0.958149 0.985121 0.899631 0.834535 0.972363 0.970811 0.780075 0.761443 0.875343
0.637456 0.640346 0.000000 0.536461 0.915461 0.789075 0.534724 0.564862 0.657001 0.667016 0.837310 0.994880 0.733115 0.794972 0.910370 0.741686 0.625996 0.620547 0.810642 0.922974 0.922761 0.928094 0.699640 0.703301 0.664306 0.830395 0.973186 0.782947 0.918450 0.908280 0.710790 0.822251 0.793618 0.953239 0.907545 0.896584 0.991700 0.997119 0.828233 0.996234 0.773358 0.991141 0.899870 0.935965 0.962076 0.787188 0.864149 0.938770 0.732894 0.806700 0.770552 0.811243 0.986639 0.886713 0.735824 0.857178 0.604401 0.503973 0.584205 0.631865 0.993713 0.718928 0.541448 0.578641 0.611298 0.750123 0.911107 0.930916 0.704207 0.628015 0.643096 0.625230 0.863515 0.787306 0.888657 0.737999 0.785393 0.787350 0.812976 0.895538 0.585075 0.661052 0.771115 0.681687 0.913503 0.978988 0.919095 0.846465 0.796065 0.959670 0.595107 0.586108 0.628991 0.573399 0.938935 0.745222 0.756335 0.815588 0.702778 0.633649 0.783956 0.748477 0.968030 0.809618 0.937159 0.992949 0.790543 0.874757 0.908609 0.886606 0.802032 0.976630 0.979514 0.739721 0.975497 0.970085
0.708351 0.814943 0.536461 0.000000 0.874111 0.795154 0.727340 0.397370 0.848218 0.784529 0.797546 0.890441 0.928817 0.979373 0.695042 0.969455 0.696662 0.655046 0.969246 0.968514 0.976790 0.935087 0.955091 0.888740 0.646629 0.675177 0.907330 0.953694 0.652979 0.759782 0.912526 0.864496 0.958375 0.969719 0.977610 0.852284 0.986526 0.949180 0.801937 0.824619 0.912041 0.955196 0.942052 0.963190 0.765632 0.770942 0.896959 0.978266 0.697660 0.832617 0.770444 0.862836 0.912630 0.998764 0.755930 0.900405 0.696578 0.652068 0.778630 0.843743 0.763686 0.941997 0.609106 0.606171 0.917972 0.738737 0.841459 0.856226 0.807347 0.750148 0.687763 0.700138 0.980922 0.910057 0.864711 0.837476 0.791345 0.801240 0.854779 0.915141 0.649424 0.713469 0.615557 0.717939 0.702689 0.931690 0.794211 0.706203 0.973021 0.954657 0.642559 0.643256 0.611820 0.632560 0.962357 0.864239 0.724121 0.728774 0.982702 0.843290 0.782857 0.864555 0.838204 0.848920 0.925067 0.843643 0.801684 0.835669 0.782787 0.853027 0.877711 0.835005 0.955798 0.878283 0.957325 0.885044
0.920991 0.852151 0.915461 0.874111 0.000000 0.906694 0.743915 0.950638 0.754668 0.833803 0.968814 0.873242 0.656293 0.805493 0.737099 0.678922 0.967589 0.972305 0.783232 0.964309 0.771620 0.996226 0.653500 0.684804 0.998184 0.826955 0.957493 0.806439 0.940497 0.966904 0.996833 0.912870 0.879105 0.987475 0.940885 0.973480 0.794520 0.879648 0.782655 0.760491 0.948987 0.812963 0.902184 0.747142 0.963262 0.823672 0.889543 0.870559 0.862023 0.838551 0.877030 0.948025 0.953069 0.952171 0.917956 0.994541 0.792262 0.830822 0.891930 0.829447 0.703669 0.776054 0.942936 0.988040 0.674538 0.819281 0.948627 0.874403 0.802439 0.721767 0.852580 0.939925 0.984906 0.921665 0.913540 0.982058 0.884808 0.981167 0.917231 0.929132 0.834233 0.916784 0.901887 0.854957 0.709791 0.915584 0.814010 0.831108 0.965968 0.964254 0.735625 0.777643 0.868990 0.788328 0.901424 0.993671 0.897873 0.805013 0.831843 0.697952 0.949549 0.812059 0.877630 0.887456 0.913616 0.983511 0.975512 0.812918 0.982859 0.823719 0.890607 0.933000 0.987830 0.932717 0.941996 0.847048
0.691505 0.822995 0.789075 0.795154 0.906694 0.000000 0.892681 0.911531 0.978093 0.997310 0.809731 0.884312 0.934477 0.964871 0.995541 0.822389 0.861072 0.833866 0.891773 0.869501 0.826222 0.849332 0.939390 0.834884 0.559400 0.572109 0.996137 0.780130 0.775724 0.714811 0.929466 0.935867 0.899740 0.927309 0.719739 0.829341 0.984904 0.998700 0.775326 0.832835 0.907760 0.908285 0.968196 0.745925 0.809970 0.678052 0.949400 0.701766 0.603921 0.576084 0.775122 0.838866 0.793484 0.851501 0.824783 0.993469 0.653061 0.798696 0.860556 0.700401 0.992469 0.997920 0.796737 0.777257 0.621402 0.524689 0.601403 0.697373 0.623506 0.630026 0.749570 0.953963 0.920742 0.963089 0.962804 0.931614 0.842286 0.780688 0.827277 0.901986 0.690246 0.791455 0.983140 0.844827 0.940155 0.728107 0.906577 0.936006 0.991688 0.933292 0.589591 0.692798 0.542212 0.652127 0.934731 0.799057 0.887137 0.948461 0.921748 0.828699 0.808046 0.963930 0.927588 0.783869 0.807216 0.823013 0.822676 0.991632 0.910806 0.906803 0.934812 0.883175 0.763181 0.958931 0.914520 0.723364
0.791570 0.747823 0.534724 0.727340 0.743915 0.892681 0.000000 0.522167 0.605580 0.482000 0.967416 0.985195 0.531203 0.790128 0.721071 0.681534 0.883848 0.868007 0.500413 0.781585 0.709720 0.893111 0.520195 0.736524 0.957789 0.778942 0.882856 0.777964 0.851064 0.786587 0.754885 0.645681 0.734123 0.890883 0.868239 0.930050 0.752473 0.809808 0.828703 0.731039 0.836210 0.893202 0.863228 0.779030 0.879305 0.726663 0.669937 0.875208 0.739266 0.832360 0.634605 0.716848 0.931370 0.940650 0.804921 0.765939 0.686912 0.642469 0.632023 0.705922 0.805928 0.778328 0.773030 0.811757 0.691659 0.979488 0.911610 0.678316 0.698921 0.641761 0.764125 0.644862 0.742570 0.797408 0.797343 0.862004 0.887563 0.901108 0.802535 0.998280 0.791304 0.832022 0.821313 0.760316 0.874598 0.849543 0.975614 0.895395 0.788940 0.930163 0.610358 0.578512 0.715782 0.631997 0.968965 0.939236 0.942181 0.890185 0.779734 0.666977 0.907629 0.625893 0.859161 0.758316 0.969068 0.912430 0.822905 0.904228 0.889829 0.965518 0.887438 0.967957 0.997733 0.801696 0.816580 0.877566
0.697151 0.740251 0.564862 0.397370 0.950638 0.911531 0.522167 0.000000 0.769282 0.555691 0.923233 0.952575 0.960442 0.974037 0.810422 0.991039 0.809503 0.749998 0.764340 0.906194 0.807350 0.933746 0.955250 0.907775 0.843885 0.932805 0.837289 0.812664 0.871392 0.990685 0.941299 0.744795 0.999219 0.955159 0.802376 0.951997 0.829988 0.836998 0.961509 0.940376 0.849828 0.967727 0.806249 0.796832 0.613595 0.625293 0.705943 0.809305 0.613737 0.782814 0.603789 0.683208 0.838766 0.859321 0.811942 0.789019 0.681170 0.624564 0.690184 0.808300 0.893590 0.887596 0.705668 0.710003 0.991307 0.900493 0.975406 0.884228 0.761183 0.676304 0.762517 0.612091 0.858580 0.940930 0.764633 0.970414 0.904667 0.891211 0.770004 0.941076 0.731017 0.763205 0.552907 0.653107 0.725860 0.746452 0.713736 0.843778 0.990643 0.908451 0.643180 0.647918 0.676700 0.643044 0.907031 0.930753 0.779241 0.897332 0.983647 0.878937 0.793726 0.786475 0.937052 0.764551 0.896990 0.946953 0.833371 0.878581 0.886300 0.964879 0.841972 0.829065 0.904521 0.829499 0.825879 0.889327
0.768931 0.622195 0.657001 0.848218 0.754668 0.978093 0.605580 0.769282 0.000000 0.424598 0.971054 0.969149 0.618229 0.797702 0.744131 0.575401 0.778021 0.694809 0.570539 0.844147 0.899005 0.932921 0.556847 0.691434 0.963087 0.874446 0.886694 0.644842 0.945327 0.881580 0.643316 0.819201 0.964906 0.963671 0.955274 0.985633 0.882080 0.914157 0.800827 0.755149 0.721176 0.854843 0.960142 0.945174 0.915899 0.911970 0.734432 0.815989 0.985519 0.955186 0.856128 0.922048 0.844703 0.650911 0.710240 0.891693 0.623120 0.567798 0.639896 0.667584 0.978196 0.747048 0.648035 0.697513 0.717033 0.899120 0.843119 0.613779 0.739500 0.730255 0.646241 0.685794 0.848760 0.869387 0.910421 0.887689 0.761293 0.885077 0.845209 0.917570 0.718167 0.713190 0.863746 0.632967 0.973282 0.734687 0.982849 0.971128 0.856986 0.992529 0.664707 0.568143 0.848870 0.648379 0.927482 0.899185 0.984246 0.995250 0.691667 0.604869 0.950192 0.640865 0.964881 0.993551 0.861493 0.902874 0.839948 0.909388 0.905342 0.890905 0.917778 0.838421 0.889702 0.896522 0.900439 0.869338
0.710616 0.541080 0.667016 0.784529 0.833803 0.997310 0.482000 0.555691 0.424598 0.000000 0.976045 0.873523 0.724107 0.944332 0.852182 0.738705 0.850337 0.750461 0.549310 0.805193 0.765456 0.962000 0.669320 0.855238 0.874596 0.780791 0.985633 0.612787 0.896826 0.768801 0.748348 0.751254 0.951136 0.981445 0.744537 0.833240 0.783522 0.872081 0.785530 0.654463 0.757589 0.776594 0.766241 0.749610 0.794222 0.688713 0.505723 0.692621 0.838803 0.861226 0.599070 0.655983 0.949499 0.912464 0.739282 0.735594 0.569591 0.527017 0.554167 0.644003 0.959630 0.849221 0.662878 0.707601 0.908180 0.809741 0.711476 0.526400 0.729121 0.661849 0.666935 0.604620 0.719461 0.873373 0.917422 0.977150 0.793758 0.956439 0.798194 0.860057 0.718638 0.714435 0.720593 0.583922 0.838818 0.540216 0.869836 0.977643 0.889593 0.848894 0.661697 0.540181 0.817633 0.593578 0.920627 0.916717 0.993741 0.967736 0.859485 0.760970 0.960692 0.670387 0.973890 0.828399 0.816805 0.834599 0.938771 0.917109 0.983244 0.931755 0.880843 0.994507 0.957607 0.891221 0.726891 0.982685
0.529879 0.704097 0.837310 0.797546 0.968814 0.809731 0.967416 0.923233 0.971054 0.976045 0.000000 0.629010 0.723178 0.796799 0.764720 0.900824 0.545102 0.457684 0.729310 0.681647 0.906839 0.979916 0.933306 0.888511 0.740451 0.705990 0.953439 0.988924 0.526626 0.500215 0.908714 0.853745 0.726094 0.697699 0.868606 0.925343 0.948640 0.895211 0.853550 0.929206 0.874431 0.836714 0.812563 0.908462 0.945896 0.880098 0.984810 0.878382 0.841005 0.837132 0.887598 0.911067 0.872396 0.880339 0.806890 0.835318 0.612660 0.627542 0.748339 0.671647 0.587086 0.741108 0.555312 0.472549 0.888432 0.805342 0.984152 0.922081 0.695975 0.724295 0.780216 0.800181 0.973272 0.928633 0.915992 0.846707 0.814556 0.830174 0.736398 0.765519 0.545650 0.477460 0.755121 0.591583 0.780048 0.934286 0.957998 0.617362 0.828532 0.745809 0.621772 0.637938 0.605992 0.608055 0.894753 0.862001 0.909341 0.914125 0.833664 0.808864 0.828009 0.920575 0.864976 0.890863 0.890412 0.964372 0.906634 0.782621 0.796834 0.921394 0.830948 0.874428 0.912469 0.853662 0.938548 0.999363
0.654158 0.679502 0.994880 0.890441 0.873242 0.884312 0.985195 0.952575 0.969149 0.873523 0.629010 0.000000 0.762232 0.623017 0.828423 0.808383 0.681014 0.655854 0.893215 0.786516 0.804705 0.953569 0.900319 0.773519 0.993092 0.938908 0.989825 0.991117 0.661267 0.817623 0.981419 0.987548 0.656456 0.735150 0.816985 0.878891 0.907728 0.902668 0.961804 0.975677 0.903456 0.864124 0.990112 0.858859 0.845804 0.837478 0.791679 0.897641 0.892028 0.797453 0.757713 0.767507 0.828992 0.962747 0.764286 0.706351 0.674034 0.760826 0.710818 0.772880 0.612949 0.604446 0.662304 0.614504 0.957995 0.896155 0.777654 0.869323 0.823957 0.821281 0.837122 0.862872 0.964198 0.920850 0.781547 0.911705 0.825870 0.930550 0.838039 0.807965 0.717101 0.613223 0.739441 0.664364 0.722316 0.745780 0.990280 0.711200 0.885923 0.641097 0.804566 0.735430 0.796575 0.731252 0.915648 0.917377 0.870592 0.861914 0.944462 0.988403 0.984369 0.993267 0.920136 0.967174 0.971917 0.914271 0.988377 0.875256 0.901541 0.988002 0.798700 0.989868 0.752225 0.893928 0.870210 0.969156
0.897027 0.955446 0.733115 0.928817 0.656293 0.934477 0.531203 0.960442 0.618229 0.724107 0.723178 0.762232 0.000000 0.542117 0.408692 0.409725 0.964683 0.880790 0.464549 0.650781 0.827493 0.955062 0.392688 0.551064 0.953290 0.759336 0.970558 0.876581 0.680178 0.665388 0.705987 0.715445 0.554931 0.749321 0.926725 0.937676 0.840542 0.985154 0.813022 0.847644 0.919877 0.985639 0.920893 0.939458 0.711005 0.916380 0.979315 0.992559 0.923665 0.936062 0.988058 0.920897 0.784125 0.860697 0.872120 0.963893 0.953203 0.883681 0.865693 0.816564 0.540662 0.641481 0.983213 0.933595 0.536421 0.996250 0.983339 0.800565 0.869487 0.853849 0.853881 0.938701 0.816001 0.786326 0.957356 0.872893 0.876934 0.859927 0.954501 0.981363 0.976576 0.955060 0.837483 0.951808 0.605803 0.901035 0.868708 0.715118 0.714218 0.887337 0.827422 0.817811 0.926488 0.894435 0.963506 0.975186 0.953249 0.854943 0.708830 0.610049 0.948256 0.665749 0.913841 0.988400 0.904571 0.985524 0.953107 0.950770 0.952138 0.941212 0.971155 0.850290 0.943134 0.944752 0.901168 0.974967
0.856015 0.894428 0.794972 0.979373 0.805493 0.964871 0.790128 0.974037 0.797702 0.944332 0.796799 0.623017 0.542117 0.000000 0.565038 0.528462 0.932853 0.974217 0.691067 0.712155 0.829796 0.822083 0.518385 0.498826 0.875358 0.934539 0.895886 0.976510 0.746193 0.842107 0.794298 0.797309 0.587829 0.766377 0.738231 0.786922 0.862936 0.939836 0.898096 0.907390 0.925911 0.934406 0.829030 0.826871 0.688891 0.778170 0.978496 0.812501 0.817664 0.734510 0.853711 0.696000 0.722132 0.711485 0.986423 0.929385 0.926118 0.999768 0.898680 0.937410 0.724987 0.617181 0.993716 0.952079 0.596611 0.887005 0.853445 0.992654 0.945056 0.955512 0.989250 0.905940 0.969012 0.840959 0.794205 0.759808 0.883022 0.875160 0.880636 0.939985 0.986187 0.932705 0.728764 0.828727 0.637735 0.748357 0.928185 0.758928 0.790727 0.666928 0.972493 0.987147 0.998487 0.978866 0.951425 0.960990 0.988632 0.831273 0.909750 0.716971 0.997697 0.899347 0.910372 0.977500 0.842933 0.893328 0.931035 0.983064 0.975785 0.924892 0.886532 0.942696 0.983193 0.953718 0.843806 0.928188
0.864559 0.920842 0.910370 0.695042 0.737099 0.995541 0.721071 0.810422 0.744131 0.852182 0.764720 0.828423 0.408692 0.565038 0.000000 0.451804 0.928987 0.797960 0.586515 0.728950 0.858883 0.915020 0.393504 0.643449 0.963476 0.747709 0.792157 0.945792 0.551923 0.626848 0.749388 0.805629 0.583196 0.797214 0.909353 0.980665 0.895731 0.931035 0.786434 0.813796 0.963119 0.987955 0.912811 0.909851 0.665924 0.815267 0.994151 0.940694 0.786819 0.808008 0.945881 0.850149 0.791131 0.817329 0.965006 0.967756 0.937153 0.954659 0.960206 0.937349 0.646633 0.802892 0.924232 0.851322 0.559434 0.854669 0.921055 0.713108 0.890143 0.956498 0.956412 0.908913 0.786650 0.845670 0.870509 0.959526 0.944683 0.928730 0.898986 0.904278 0.892082 0.878513 0.660197 0.855874 0.517738 0.835792 0.779232 0.632580 0.781253 0.836910 0.987835 0.935523 0.905336 0.982396 0.983738 0.939979 0.832029 0.721559 0.840596 0.701249 0.876207 0.869986 0.840413 0.968225 0.915924 0.928929 0.912805 0.907231 0.947983 0.944737 0.970452 0.805407 0.984012 0.983055 0.848927 0.935969
0.917586 0.908334 0.741686 0.969455 0.678922 0.822389 0.681534 0.991039 0.575401 0.738705 0.900824 0.808383 0.409725 0.528462 0.451804 0.000000 0.895856 0.969737 0.628744 0.728551 0.937167 0.956599 0.412615 0.497124 0.818188 0.935241 0.823114 0.918178 0.763207 0.823583 0.660492 0.816156 0.636381 0.867889 0.885436 0.895434 0.903081 0.991232 0.821160 0.920208 0.924198 0.995211 0.850846 0.923640 0.738548 0.939001 0.975316 0.922480 0.936568 0.957429 0.989865 0.922499 0.774720 0.743351 0.833585 0.963823 0.837698 0.803083 0.796625 0.717718 0.789446 0.742897 0.833480 0.895625 0.464890 0.955515 0.979947 0.800145 0.703213 0.773933 0.785235 0.882619 0.842927 0.818968 0.845387 0.839664 0.798886 0.855054 0.961693 0.956979 0.824773 0.926165 0.791716 0.981445 0.668283 0.878452 0.952808 0.751809 0.866567 0.858955 0.737739 0.700424 0.828228 0.748056 0.861175 0.913009 0.955981 0.787973 0.722842 0.577259 0.915370 0.749733 0.922433 0.908626 0.924051 0.973405 0.915727 0.984460 0.955804 0.980810 0.937714 0.786898 0.881672 0.999074 0.819894 0.898779
0.528430 0.565558 0.625996 0.696662 0.967589 0.861072 0.883848 0.809503 0.778021 0.850337 0.545102 0.681014 0.964683 0.932853 0.928987 0.895856 0.000000 0.383499 0.904143 0.823554 0.958062 0.934780 0.865792 0.825087 0.690162 0.725971 0.983138 0.882423 0.666462 0.562835 0.912996 0.977222 0.893849 0.717014 0.941504 0.998514 0.937309 0.919451 0.890879 0.969851 0.788485 0.924165 0.787510 0.888583 0.998580 0.857950 0.873126 0.928644 0.895303 0.877118 0.855541 0.930124 0.954775 0.738087 0.705333 0.775639 0.522638 0.487868 0.625645 0.667672 0.651614 0.993111 0.389826 0.404372 0.719837 0.824871 0.972541 0.940642 0.637086 0.634582 0.697126 0.778232 0.948945 0.919867 0.871709 0.898565 0.807818 0.789351 0.708346 0.672760 0.417310 0.431058 0.717644 0.579362 0.796372 0.883018 0.938388 0.611985 0.851979 0.832889 0.627361 0.592126 0.588318 0.538648 0.801872 0.792886 0.951494 0.934733 0.795551 0.700281 0.780899 0.849295 0.911103 0.849062 0.856509 0.998266 0.856828 0.774504 0.887837 0.973883 0.940267 0.991426 0.892391 0.894111 0.960016 0.935375
0.420999 0.481793 0.620547 0.655046 0.972305 0.833866 0.868007 0.749998 0.694809 0.750461 0.457684 0.655854 0.880790 0.974217 0.797960 0.969737 0.383499 0.000000 0.884454 0.781722 0.890917 0.989611 0.971916 0.943685 0.767951 0.690633 0.949603 0.790948 0.591202 0.549797 0.964401 0.995665 0.798049 0.735824 0.928458 0.995193 0.908258 0.934741 0.892093 0.998384 0.735112 0.830886 0.836492 0.858046 0.923848 0.793056 0.779624 0.785851 0.806306 0.819533 0.802250 0.848244 0.942615 0.752876 0.607392 0.823161 0.400507 0.388344 0.577289 0.550770 0.576642 0.976950 0.341553 0.321060 0.813548 0.787718 0.988946 0.950524 0.599353 0.627766 0.600485 0.660251 0.966084 0.910575 0.858696 0.777623 0.768552 0.810673 0.645984 0.661901 0.365224 0.327385 0.593499 0.437527 0.661874 0.754734 0.838595 0.560719 0.866697 0.784324 0.531901 0.535134 0.538836 0.517162 0.829261 0.756260 0.896735 0.856356 0.756144 0.715359 0.754060 0.820962 0.826904 0.896372 0.965528 0.985413 0.784426 0.798764 0.808361 0.985887 0.849899 0.953401 0.857038 0.805133 0.862198 0.895529
0.883073 0.960423 0.810642 0.969246 0.783232 0.891773 0.500413 0.764340 0.570539 0.549310 0.729310 0.893215 0.464549 0.691067 0.586515 0.628744 0.904143 0.884454 0.000000 0.594281 0.739444 0.875557 0.510049 0.719630 0.781859 0.639717 0.991345 0.770487 0.649095 0.558633 0.752026 0.693819 0.782307 0.723569 0.869004 0.986162 0.743286 0.900223 0.689811 0.681940 0.917032 0.972827 0.924618 0.957370 0.916565 0.993633 0.775718 0.993848 0.932026 0.855331 0.872695 0.990775 0.826087 0.911935 0.885175 0.890505 0.964683 0.889665 0.864555 0.949923 0.668978 0.766770 0.940095 0.921261 0.804999 0.795354 0.866868 0.647801 0.984149 0.874815 0.877178 0.924675 0.788736 0.859701 0.897367 0.994353 0.917356 0.998539 0.983829 0.974220 0.919627 0.934814 0.924442 0.960374 0.747284 0.887510 0.963201 0.662116 0.750106 0.891665 0.838783 0.772770 0.962297 0.864962 0.948058 0.909678 0.983588 0.846717 0.885062 0.767808 0.956343 0.712028 0.879100 0.946869 0.885923 0.908533 0.932075 0.869965 0.997277 0.931055 0.992369 0.885183 0.965413 0.928203 0.971215 0.881980
0.758055 0.886620 0.922974 0.968514 0.964309 0.869501 0.781585 0.906194 0.844147 0.805193 0.681647 0.786516 0.650781 0.712155 0.728950 0.728551 0.823554 0.781722 0.594281 0.000000 0.763147 0.883299 0.735468 0.800840 0.871251 0.834194 0.964565 0.896440 0.666515 0.568557 0.888756 0.716938 0.821520 0.765882 0.916267 0.986655 0.861023 0.923361 0.761417 0.882729 0.914934 0.953835 0.983764 0.845062 0.893299 0.844028 0.933406 0.947341 0.861574 0.825577 0.976239 0.960132 0.885842 0.941830 0.984504 0.820273 0.836912 0.940743 0.979430 0.896867 0.782987 0.875535 0.898004 0.871780 0.953859 0.800563 0.871929 0.759948 0.964284 0.966254 0.964973 0.959866 0.894813 0.847955 0.993894 0.972191 0.968524 0.970190 0.806866 0.949145 0.832063 0.835648 0.871363 0.801933 0.885519 0.943173 0.948526 0.709469 0.839024 0.757748 0.936401 0.996013 0.898317 0.948727 0.986998 0.884927 0.997352 0.980340 0.900597 0.903112 0.895817 0.822470 0.988069 0.838514 0.967423 0.994899 0.938935 0.878666 0.940023 0.945893 0.937331 0.970792 0.942123 0.928060 0.967459 0.858009
0.962378 0.944662 0.922761 0.976790 0.771620 0.826222 0.709720 0.807350 0.899005 0.765456 0.906839 0.804705 0.827493 0.829796 0.858883 0.937167 0.958062 0.890917 0.739444 0.763147 0.000000 0.888995 0.774392 0.977449 0.796979 0.742617 0.908754 0.843554 0.845572 0.766330 0.956479 0.724900 0.903267 0.962908 0.912855 0.982790 0.784003 0.773533 0.782878 0.688269 0.899311 0.864534 0.783490 0.878778 0.898395 0.870875 0.846257 0.962032 0.947023 0.954708 0.876309 0.937418 0.997122 0.986637 0.939758 0.978556 0.970871 0.923507 0.985640 0.944663 0.750456 0.751306 0.937611 0.894608 0.998009 0.948871 0.878910 0.798492 0.950833 0.861493 0.965957 0.964178 0.739467 0.853204 0.924966 0.936328 0.953240 0.939838 0.906986 0.920545 0.970449 0.898268 0.952029 0.957650 0.875939 0.900547 0.977465 0.830801 0.995685 0.961179 0.971887 0.943558 0.920622 0.961853 0.919992 0.844211 0.992972 0.925340 0.952300 0.980343 0.887849 0.775541 0.988878 0.785513 0.902720 0.987661 0.964006 0.987724 0.914919 0.862963 0.995617 0.963758 0.912573 0.999428 0.826800 0.819229
0.984805 0.979178 0.928094 0.935087 0.996226 0.849332 0.893111 0.933746 0.932921 0.962000 0.979916 0.953569 0.955062 0.822083 0.915020 0.956599 0.934780 0.989611 0.875557 0.883299 0.888995 0.000000 0.956662 0.907258 0.941641 0.968669 0.950508 0.974048 0.999248 0.995330 0.952456 0.891736 0.933332 0.969090 0.905239 0.931900 0.833428 0.941919 0.983949 0.978204 0.974337 0.954256 0.929814 0.903650 0.879788 0.920378 0.875050 0.978480 0.901586 0.953657 0.857915 0.930924 0.770533 0.933784 0.904185 0.915058 0.931683 0.946636 0.962162 0.969565 0.926482 0.880504 0.975703 0.904734 0.934225 0.988216 0.951260 0.966083 0.839724 0.905885 0.926657 0.959370 0.960469 0.976368 0.966531 0.940801 0.942983 0.990820 0.892339 0.904012 0.912656 0.868364 0.920457 0.983402 0.991087 0.942828 0.926042 0.996890 0.965907 0.981537 0.915546 0.928820 0.888670 0.888822 0.899397 0.833237 0.973116 0.982991 0.891974 0.920750 0.989886 0.887514 0.992436 0.876607 0.896909 0.842479 0.956635 0.981533 0.913326 0.917017 0.953567 0.920080 0.967523 0.913675 0.949944 0.982285
0.981399 0.916416 0.699640 0.955091 0.653500 0.939390 0.520195 0.955250 0.556847 0.669320 0.933306 0.900319 0.392688 0.518385 0.393504 0.412615 0.865792 0.971916 0.510049 0.735468 0.774392 0.956662 0.000000 0.496546 0.930190 0.769998 0.805103 0.898593 0.744164 0.775166 0.700954 0.746023 0.609736 0.895351 0.887789 0.923435 0.846090 0.925138 0.768965 0.744026 0.926313 0.944627 0.887149 0.964391 0.722064 0.930611 0.900868 0.950381 0.878029 0.843241 0.966789 0.862870 0.737485 0.714228 0.864610 0.923570 0.869381 0.858903 0.872705 0.869961 0.722275 0.736068 0.877900 0.945051 0.439486 0.957137 0.932810 0.698658 0.791347 0.835587 0.904181 0.958119 0.716564 0.787347 0.890150 0.872821 0.802402 0.828855 0.997341 0.985765 0.899353 0.942350 0.754916 0.977251 0.528366 0.859453 0.866667 0.707307 0.790335 0.836245 0.771767 0.688848 0.899189 0.796281 0.953491 0.937861 0.961545 0.782303 0.750111 0.541097 0.960977 0.700506 0.862297 0.887719 0.880029 0.950908 0.962829 0.932703 0.944844 0.996457 0.973802 0.813882 0.875475 0.929008 0.907364 0.984323
0.996951 0.951456 0.703301 0.888740 0.684804 0.834884 0.736524 0.907775 0.691434 0.855238 0.888511 0.773519 0.551064 0.498826 0.643449 0.497124 0.825087 0.943685 0.719630 0.800840 0.977449 0.907258 0.496546 0.000000 0.708371 0.986306 0.798572 0.911783 0.934969 0.945978 0.818016 0.908776 0.714056 0.869340 0.796198 0.832298 0.840613 0.839335 0.996474 0.976556 0.933270 0.942907 0.921047 0.980102 0.837423 0.975413 0.962166 0.953707 0.948475 0.964239 0.980454 0.835731 0.844766 0.789269 0.892461 0.949479 0.896162 0.909603 0.981545 0.970561 0.754942 0.646230 0.914906 0.954864 0.495830 0.762750 0.821386 0.991962 0.787392 0.862411 0.872855 0.973365 0.938223 0.927395 0.841939 0.889654 0.939285 0.761512 0.936462 0.905219 0.859047 0.980450 0.834045 0.985153 0.633203 0.692017 0.905301 0.785380 0.772108 0.784989 0.800325 0.849376 0.897406 0.866213 0.932372 0.853471 0.923315 0.955239 0.881593 0.631438 0.900966 0.856735 0.830665 0.875345 0.817913 0.774067 0.971710 0.995761 0.861634 0.972422 0.918820 0.914214 0.924519 0.922517 0.763472 0.909414
0.775271 0.974687 0.664306 0.646629 0.998184 0.559400 0.957789 0.843885 0.963087 0.874596 0.740451 0.993092 0.953290 0.875358 0.963476 0.818188 0.690162 0.767951 0.781859 0.871251 0.796979 0.941641 0.930190 0.708371 0.000000 0.536104 0.898706 0.838370 0.736029 0.595019 0.879711 0.832856 0.812186 0.969274 0.691752 0.783945 0.945327 0.852043 0.651904 0.606593 0.973980 0.891165 0.797494 0.989335 0.992336 0.915838 0.821199 0.957796 0.769181 0.782637 0.965408 0.938774 0.978806 0.979738 0.903804 0.940376 0.800300 0.813835 0.896403 0.794395 0.890766 0.943509 0.716134 0.731002 0.567412 0.521028 0.636852 0.634677 0.762150 0.761589 0.825572 0.940824 0.869138 0.983063 0.944581 0.881995 0.847270 0.629229 0.884287 0.907345 0.698919 0.751869 0.907388 0.962412 0.965092 0.652455 0.849101 0.777363 0.947996 0.952870 0.723064 0.802368 0.619429 0.723603 0.860440 0.754115 0.786797 0.885480 0.906388 0.770079 0.650603 0.970265 0.968767 0.785387 0.701370 0.767333 0.960939 0.992592 0.849247 0.857032 0.979510 0.989221 0.975385 0.957808 0.837488 0.853293
0.785493 0.976906 0.830395 0.675177 0.826955 0.572109 0.778942 0.932805 0.874446 0.780791 0.705990 0.938908 0.759336 0.934539 0.747709 0.935241 0.725971 0.690633 0.639717 0.834194 0.742617 0.968669 0.769998 0.986306 0.536104 0.000000 0.982109 0.717468 0.683233 0.508109 0.978946 0.883638 0.954077 0.985799 0.672930 0.823216 0.841187 0.931746 0.652119 0.573836 0.979808 0.952462 0.731249 0.924194 0.986460 0.983968 0.827160 0.932236 0.870575 0.858088 0.937641 0.901672 0.955914 0.927499 0.954449 0.847428 0.783043 0.845999 0.971480 0.858277 0.728315 0.936302 0.681607 0.686416 0.833382 0.543097 0.573845 0.549424 0.821143 0.820886 0.811816 0.962083 0.818319 0.973594 0.960389 0.889997 0.787256 0.717623 0.904872 0.915703 0.732726 0.735694 0.905953 0.876713 0.814280 0.764099 0.936729 0.640118 0.861241 0.920719 0.792771 0.855717 0.644741 0.777140 0.911997 0.805336 0.779075 0.713831 0.910212 0.934900 0.809133 0.944065 0.786411 0.979298 0.838085 0.782059 0.993767 0.952866 0.910043 0.887162 0.986180 0.953496 0.883871 0.995675 0.898815 0.789277
0.929759 0.945264 0.973186 0.907330 0.957493 0.996137 0.882856 0.837289 0.886694 0.985633 0.953439 0.989825 0.970558 0.895886 0.792157 0.823114 0.983138 0.949603 0.991345 0.964565 0.908754 0.950508 0.805103 0.798572 0.898706 0.982109 0.000000 0.920356 0.863373 0.972940 0.897257 0.872433 0.955172 0.997724 0.949118 0.803830 0.948828 0.860276 0.991422 0.989784 0.917010 0.928707 0.979442 0.971543 0.903992 0.925270 0.959496 0.941107 0.934022 0.940619 0.982828 0.904614 0.847308 0.863619 0.988838 0.938788 0.979654 0.946681 0.959529 0.980686 0.995845 0.943443 0.979984 0.990052 0.792300 0.998596 0.882121 0.915234 0.987187 0.943945 0.887782 0.855959 0.996887 0.861374 0.832768 0.983095 0.942263 0.976881 0.995794 0.984981 0.935586 0.963943 0.803405 0.930392 0.848680 0.850295 0.882811 0.929415 0.949913 0.923105 0.948119 0.992845 0.899046 0.906206 0.987836 0.927778 0.933830 0.980913 0.965939 0.892366 0.926460 0.937789 0.788692 0.907030 0.991615 0.898939 0.846377 0.965047 0.980254 0.991642 0.919792 0.855432 0.997461 0.900447 0.717317 0.914315
0.780894 0.644877 0.782947 0.953694 0.806439 0.780130 0.777964 0.812664 0.644842 0.612787 0.988924 0.991117 0.876581 0.976510 0.945792 0.918178 0.882423 0.790948 0.770487 0.896440 0.843554 0.974048 0.898593 0.911783 0.838370 0.717468 0.920356 0.000000 0.951687 0.831741 0.957995 0.954534 0.777563 0.932954 0.745800 0.805519 0.897085 0.953243 0.849563 0.698726 0.832632 0.874382 0.790650 0.793935 0.834438 0.829055 0.764956 0.811078 0.859791 0.896127 0.727031 0.704685 0.864620 0.928048 0.750996 0.797015 0.757898 0.661380 0.674217 0.761207 0.950686 0.862054 0.823119 0.779366 0.918084 0.843066 0.677823 0.623551 0.921766 0.874600 0.785830 0.691890 0.859334 0.973694 0.868383 0.950967 0.947135 0.897656 0.791928 0.831224 0.791832 0.818616 0.764760 0.731393 0.787744 0.643016 0.954832 0.989773 0.866806 0.802913 0.872430 0.789153 0.997339 0.883981 0.992393 0.980347 0.964742 0.943670 0.959824 0.892634 0.951825 0.876136 0.888394 0.965225 0.742082 0.866143 0.899802 0.975352 0.999041 0.872018 0.949856 0.949698 0.886917 0.895842 0.878854 0.960124
0.631974 0.759509 0.918450 0.652979 0.940497 0.775724 0.851064 0.871392 0.945327 0.896826 0.526626 0.661267 0.680178 0.746193 0.551923 0.763207 0.666462 0.591202 0.649095 0.666515 0.845572 0.999248 0.744164 0.934969 0.736029 0.683233 0.863373 0.951687 0.000000 0.467872 0.804553 0.821289 0.684690 0.710062 0.882696 0.930405 0.917739 0.955322 0.743186 0.750460 0.990874 0.815612 0.861968 0.946385 0.884985 0.839152 0.896353 0.938819 0.784374 0.785027 0.987117 0.977636 0.873659 0.933013 0.755036 0.948113 0.724297 0.791131 0.950486 0.875304 0.677649 0.887509 0.671765 0.631377 0.995827 0.661356 0.820410 0.709422 0.899441 0.902207 0.748648 0.887035 0.825099 0.992406 0.892581 0.927533 0.835678 0.780411 0.843666 0.829436 0.600879 0.658317 0.682472 0.715351 0.734164 0.969187 0.961265 0.625986 0.880547 0.776356 0.740317 0.791420 0.725409 0.812837 0.914150 0.810116 0.878640 0.639699 0.975032 0.892351 0.805011 0.929598 0.820612 0.973349 0.787326 0.743748 0.884510 0.927909 0.711710 0.880152 0.835214 0.959767 0.864435 0.920173 0.954777 0.797104
0.684269 0.828320 0.908280 0.759782 0.966904 0.714811 0.786587 0.990685 0.881580 0.768801 0.500215 0.817623 0.665388 0.842107 0.626848 0.823583 0.562835 0.549797 0.558633 0.568557 0.766330 0.995330 0.775166 0.945978 0.595019 0.508109 0.972940 0.831741 0.467872 0.000000 0.802856 0.709163 0.846221 0.752753 0.728130 0.923991 0.863078 0.935756 0.688427 0.650842 0.972951 0.890033 0.783061 0.933129 0.924909 0.886133 0.877481 0.980386 0.855454 0.807990 0.968723 0.954125 0.951652 0.938623 0.889285 0.953833 0.737607 0.782731 0.952146 0.838437 0.665787 0.934273 0.655834 0.633018 0.849053 0.575422 0.718210 0.636908 0.823761 0.822448 0.883956 0.958206 0.757883 0.900449 0.941629 0.906609 0.912059 0.840460 0.767744 0.791247 0.620922 0.645388 0.790675 0.781335 0.846007 0.838383 0.965606 0.559449 0.829357 0.903846 0.780224 0.829069 0.650171 0.764977 0.906761 0.843264 0.869931 0.789833 0.969223 0.930897 0.721776 0.904679 0.882038 0.887362 0.817578 0.827812 0.885135 0.886350 0.811085 0.972434 0.958515 0.989197 0.893184 0.999307 0.983302 0.819773
0.938252 0.906578 0.710790 0.912526 0.996833 0.929466 0.754885 0.941299 0.643316 0.748348 0.908714 0.981419 0.705987 0.794298 0.749388 0.660492 0.912996 0.964401 0.752026 0.888756 0.956479 0.952456 0.700954 0.818016 0.879711 0.978946 0.897257 0.957995 0.804553 0.802856 0.000000 0.836460 0.691679 0.775616 0.994383 0.860239 0.886607 0.926447 0.988877 0.948847 0.954897 0.897489 0.836786 0.869282 0.780666 0.860445 0.910542 0.990374 0.888328 0.854012 0.921108 0.930204 0.790833 0.791127 0.909051 0.937258 0.873506 0.833897 0.778101 0.815004 0.966897 0.918819 0.835795 0.868140 0.799032 0.848818 0.976338 0.851132 0.888043 0.903158 0.802920 0.915286 0.896284 0.883490 0.879843 0.910240 0.669477 0.905195 0.911997 0.882694 0.935612 0.898089 0.978807 0.911319 0.943291 0.938377 0.988535 0.988533 0.821492 0.846239 0.891323 0.807147 0.931017 0.764803 0.968386 0.886845 0.909806 0.993319 0.759494 0.709912 0.929664 0.808655 0.987361 0.945267 0.998528 0.992610 0.921682 0.929994 0.884915 0.955279 0.951033 0.994468 0.963411 0.946046 0.906760 0.910156
0.946065 0.954323 0.822251 0.864496 0.912870 0.935867 0.645681 0.744795 0.819201 0.751254 0.853745 0.987548 0.715445 0.797309 0.805629 0.816156 0.977222 0.995665 0.693819 0.716938 0.724900 0.891736 0.746023 0.908776 0.832856 0.883638 0.872433 0.954534 0.821289 0.709163 0.836460 0.000000 0.788981 0.902803 0.925256 0.937601 0.791352 0.846936 0.894111 0.799371 0.994967 0.941074 0.964393 0.945553 0.956134 0.984294 0.900277 0.990770 0.989808 0.848878 0.915754 0.995974 0.902695 0.947431 0.930806 0.987354 0.921565 0.856461 0.906177 0.996807 0.909242 0.971443 0.925207 0.930132 0.940231 0.840575 0.922054 0.780658 0.833774 0.936259 0.944487 0.864103 0.789884 0.818695 0.958816 0.882851 0.911885 0.916105 0.945098 0.895442 0.953807 0.913006 0.920507 0.879488 0.981520 0.833269 0.801750 0.902031 0.934547 0.996493 0.888818 0.848494 0.939517 0.902708 0.961033 0.904592 0.954709 0.995199 0.840434 0.756380 0.855677 0.830598 0.818306 0.929593 0.958856 0.962502 0.900001 0.948650 0.977671 0.926837 0.878295 0.984201 0.913784 0.871435 0.983325 0.888208
0.841757 0.806584 0.793618 0.958375 0.879105 0.899740 0.734123 0.999219 0.964906 0.951136 0.726094 0.656456 0.554931 0.587829 0.583196 0.636381 0.893849 0.798049 0.782307 0.821520 0.903267 0.933332 0.609736 0.714056 0.812186 0.954077 0.955172 0.777563 0.684690 0.846221 0.691679 0.788981 0.000000 0.694305 0.766745 0.827192 0.972708 0.866187 0.959119 0.909599 0.933390 0.917288 0.838590 0.823781 0.728013 0.818231 0.892437 0.865019 0.902053 0.850184 0.832622 0.783321 0.794914 0.954725 0.927718 0.859720 0.853914 0.900391 0.925358 0.958861 0.636709 0.693967 0.878219 0.807810 0.595555 0.892911 0.810594 0.944084 0.957724 0.990008 0.873182 0.889756 0.961949 0.932260 0.985830 0.855468 0.999022 0.891717 0.897210 0.807458 0.865033 0.825495 0.781632 0.764025 0.586454 0.718912 0.887752 0.752931 0.865815 0.677191 0.955179 0.926322 0.997508 0.937672 0.951944 0.994663 0.869678 0.884055 0.892416 0.769757 0.829643 0.933324 0.996776 0.911336 0.836269 0.842288 0.953956 0.902274 0.985933 0.996256 0.927793 0.979819 0.931006 0.997696 0.842565 0.933367
0.741361 0.747613 0.953239 0.969719 0.987475 0.927309 0.890883 0.955159 0.963671 0.981445 0.697699 0.735150 0.749321 0.766377 0.797214 0.867889 0.717014 0.735824 0.723569 0.765882 0.962908 0.969090 0.895351 0.869340 0.969274 0.985799 0.997724 0.932954 0.710062 0.752753 0.775616 0.902803 0.694305 0.000000 0.850936 0.854362 0.942284 0.927114 0.954658 0.985538 0.885010 0.829211 0.913749 0.850946 0.847695 0.822021 0.847877 0.892583 0.938497 0.912426 0.861556 0.860681 0.819713 0.993052 0.785981 0.921441 0.810095 0.850783 0.862484 0.846291 0.645667 0.722845 0.779645 0.753808 0.912711 0.912500 0.801998 0.855764 0.931941 0.987031 0.998703 0.976213 0.941115 0.971817 0.784786 0.972235 0.935259 0.883521 0.879098 0.663589 0.758257 0.764287 0.918496 0.835119 0.814125 0.830719 0.972543 0.850321 0.823294 0.756100 0.973782 0.907707 0.979345 0.891047 0.957405 0.990179 0.952716 0.899892 0.924127 0.977422 0.972568 0.915197 0.937848 0.992878 0.945940 0.836100 0.992847 0.984944 0.948395 0.994163 0.902447 0.857954 0.974797 0.802237 0.910283 0.987814
0.960453 0.871075 0.907545 0.977610 0.940885 0.719739 0.868239 0.802376 0.955274 0.744537 0.868606 0.816985 0.926725 0.738231 0.909353 0.885436 0.941504 0.928458 0.869004 0.916267 0.912855 0.905239 0.887789 0.796198 0.691752 0.672930 0.949118 0.745800 0.882696 0.728130 0.994383 0.925256 0.766745 0.850936 0.000000 0.692039 0.765894 0.868453 0.641026 0.870935 0.963383 0.966700 0.649001 0.801409 0.663090 0.764578 0.710671 0.834429 0.860886 0.847071 0.687472 0.615541 0.820558 0.766215 0.894001 0.750613 0.993372 0.935810 0.816938 0.927099 0.884742 0.873871 0.993532 0.996682 0.682024 0.621766 0.532407 0.586278 0.930127 0.971159 0.974557 0.855889 0.894294 0.921694 0.853516 0.808925 0.868746 0.668692 0.971990 0.869067 0.950454 0.941979 0.852592 0.998770 0.758976 0.606742 0.927580 0.978400 0.995761 0.797337 0.932819 0.923614 0.851259 0.965445 0.896446 0.948802 0.960056 0.866444 0.830952 0.808490 0.939654 0.954771 0.866472 0.930838 0.809388 0.793639 0.930009 0.992815 0.836346 0.937143 0.957755 0.917165 0.871352 0.870616 0.769820 0.860482
0.937641 0.841635 0.896584 0.852284 0.973480 0.829341 0.930050 0.951997 0.985633 0.833240 0.925343 0.878891 0.937676 0.786922 0.980665 0.895434 0.998514 0.995193 0.986162 0.986655 0.982790 0.931900 0.923435 0.832298 0.783945 0.823216 0.803830 0.805519 0.930405 0.923991 0.860239 0.937601 0.827192 0.854362 0.692039 0.000000 0.858078 0.942030 0.851302 0.869706 0.862380 0.872196 0.834821 0.887080 0.834880 0.915438 0.829284 0.890887 0.989173 0.920031 0.882716 0.779412 0.816438 0.928506 0.991006 0.909132 0.965312 0.969760 0.870503 0.944078 0.927306 0.914711 0.983073 0.988005 0.788467 0.753725 0.744275 0.698238 0.897368 0.965751 0.933947 0.765988 0.887910 0.957815 0.760404 0.877728 0.907237 0.946753 0.933417 0.907413 0.946158 0.981185 0.782444 0.927518 0.855691 0.722352 0.921515 0.993974 0.970029 0.882582 0.908984 0.957183 0.858463 0.927546 0.952124 0.830558 0.857537 0.894925 0.926198 0.922597 0.901559 0.901485 0.940466 0.869622 0.797935 0.736104 0.945651 0.985431 0.890497 0.948022 0.968154 0.879746 0.914012 0.951166 0.667587 0.977460
0.954766 0.883667 0.991700 0.986526 0.794520 0.984904 0.752473 0.829988 0.882080 0.783522 0.948640 0.907728 0.840542 0.862936 0.895731 0.903081 0.937309 0.908258 0.743286 0.861023 0.784003 0.833428 0.846090 0.840613 0.945327 0.841187 0.948828 0.897085 0.917739 0.863078 0.886607 0.791352 0.972708 0.942284 0.765894 0.858078 0.000000 0.923524 0.704439 0.725497 0.909435 0.959403 0.810129 0.747185 0.826968 0.793378 0.759243 0.822134 0.818306 0.915491 0.777729 0.879281 0.935651 0.985932 0.827264 0.886649 0.852475 0.850238 0.929556 0.947061 0.869542 0.905180 0.933381 0.952966 0.875541 0.968163 0.903257 0.811541 0.848700 0.835740 0.897562 0.870845 0.963327 0.999707 0.979946 0.933308 0.855305 0.980660 0.870352 0.832506 0.944117 0.891997 0.899197 0.913417 0.940291 0.928167 0.915027 0.881290 0.978878 0.921742 0.839754 0.826961 0.927259 0.872061 0.857147 0.984607 0.950411 0.880144 0.956549 0.967169 0.941946 0.860497 0.936660 0.949979 0.949999 0.963481 0.942371 0.944504 0.997151 0.996065 0.911544 0.939539 0.952843 0.947618 0.844584 0.965634
0.802962 0.919559 0.997119 0.949180 0.879648 0.998700 0.809808 0.836998 0.914157 0.872081 0.895211 0.902668 0.985154 0.939836 0.931035 0.991232 0.919451 0.934741 0.900223 0.923361 0.773533 0.941919 0.925138 0.839335 0.852043 0.931746 0.860276 0.953243 0.955322 0.935756 0.926447 0.846936 0.866187 0.927114 0.868453 0.942030 0.923524 0.000000 0.956964 0.655721 0.856133 0.994167 0.890794 0.840583 0.852306 0.801909 0.836899 0.877841 0.872950 0.927572 0.780168 0.819645 0.873017 0.923699 0.955979 0.824312 0.872760 0.907653 0.909302 0.870305 0.982191 0.947894 0.915186 0.939315 0.982031 0.950586 0.879906 0.861112 0.854900 0.762398 0.992922 0.928220 0.892483 0.980936 0.895446 0.891719 0.968273 0.850069 0.955242 0.896566 0.904561 0.917923 0.852262 0.768385 0.967868 0.861025 0.894416 0.922976 0.731145 0.817778 0.825184 0.832640 0.868161 0.893799 0.934137 0.934420 0.929910 0.786718 0.970839 0.984458 0.768221 0.906206 0.920047 0.842313 0.834807 0.827046 0.996399 0.997925 0.969075 0.870960 0.922366 0.973908 0.954438 0.994888 0.985490 0.939861
