0.000000 0.124302 0.194973 0.157863 0.696489 0.426109 0.167976 0.120467 0.374873 0.268504 0.167508 0.117943 0.125354 0.197086 0.200485 0.212157 0.104448 0.116504 0.121795 0.117660 0.407071 0.765570 0.210215 0.309442 0.500329 0.434706 0.905866 0.930669 0.151749 0.116459 0.200437 0.261688 0.130056 0.124371 0.349678 0.520132 0.345982 0.435184 0.608242 0.624779 0.716372 0.513931 0.220229 0.191932 0.189539 0.158360 0.175311 0.174444 0.534172 0.241700 0.308741 0.234457 0.340924 0.369618 0.356404 0.385486 0.148400 0.127509 0.122237 0.149004 0.109587 0.170509 0.115173 0.113674 0.298567 0.208698 0.158793 0.136671 0.275963 0.166944 0.239548 0.235554 0.331768 0.357448 0.619807 0.573605 0.266648 0.248397 0.127905 0.186350 0.091071 0.110533 0.346681 0.232325 0.200332 0.280965 0.840421 0.896926 0.395311 0.416111 0.448262 0.545651 0.387467 0.687229 0.331433 0.446207 0.253792 0.399648 0.225379 0.216346 0.515285 0.597886 0.264016 0.305495 0.261782 0.280980 0.754691 0.548954 0.532385 0.335216 0.653217 0.332940 0.285529 0.398588 0.431246 0.906720
0.124302 0.000000 0.240742 0.192081 0.683255 0.462477 0.195536 0.136381 0.451257 0.300523 0.213264 0.129367 0.140547 0.182805 0.212152 0.222481 0.128862 0.127296 0.128225 0.137980 0.396099 0.774403 0.224950 0.315620 0.517959 0.480875 0.869960 0.920763 0.138702 0.136892 0.210810 0.282710 0.155441 0.153643 0.407269 0.513254 0.334896 0.472389 0.598105 0.608752 0.790497 0.426929 0.218426 0.187696 0.185609 0.172176 0.190735 0.150908 0.480566 0.263993 0.310747 0.248936 0.387842 0.382566 0.368901 0.421163 0.123634 0.103801 0.118542 0.153529 0.127440 0.185836 0.128840 0.108964 0.351701 0.264302 0.190594 0.159389 0.293459 0.155745 0.264365 0.247583 0.417493 0.453665 0.649762 0.587669 0.304309 0.295449 0.187026 0.233386 0.114078 0.130816 0.333434 0.214474 0.213984 0.284082 0.910937 0.962384 0.421346 0.409395 0.537456 0.611310 0.447003 0.759801 0.265271 0.491231 0.262215 0.298220 0.263478 0.247027 0.543214 0.650623 0.299999 0.284320 0.250745 0.271064 0.782442 0.613211 0.530075 0.349658 0.633953 0.340820 0.346821 0.356730 0.408365 0.843440
0.194973 0.240742 0.000000 0.097782 0.720650 0.457130 0.141774 0.170748 0.321349 0.334838 0.220191 0.235270 0.207429 0.310436 0.279553 0.285725 0.252817 0.208782 0.180849 0.186907 0.374179 0.759902 0.208642 0.266133 0.342195 0.273168 0.955581 0.891394 0.264945 0.221401 0.169612 0.259765 0.161676 0.201993 0.406421 0.633163 0.338197 0.511849 0.540504 0.606280 0.840869 0.548522 0.224108 0.209190 0.289776 0.279724 0.241982 0.256809 0.682959 0.358814 0.424762 0.347819 0.414109 0.378401 0.399803 0.482639 0.297862 0.283057 0.290802 0.297053 0.175271 0.246872 0.275151 0.273333 0.180472 0.146754 0.175519 0.177328 0.308483 0.255615 0.236348 0.286506 0.290356 0.271995 0.710054 0.626229 0.295421 0.270476 0.239241 0.279649 0.210392 0.191361 0.409722 0.306480 0.262073 0.260476 0.824549 0.910829 0.449805 0.430844 0.406347 0.501853 0.363297 0.589351 0.328557 0.520249 0.356739 0.483178 0.320067 0.307725 0.525318 0.527971 0.410281 0.322988 0.304109 0.357617 0.820863 0.582009 0.612316 0.447283 0.711768 0.441630 0.350406 0.533981 0.489930 0.893688
0.157863 0.192081 0.097782 0.000000 0.689223 0.416347 0.125501 0.125282 0.305000 0.287467 0.213552 0.179211 0.152335 0.235594 0.210600 0.213814 0.202512 0.171903 0.146008 0.168656 0.330470 0.706054 0.157886 0.234814 0.363021 0.285698 0.930469 0.888094 0.201712 0.173481 0.147835 0.222393 0.128354 0.146749 0.336146 0.581177 0.297607 0.453898 0.534763 0.630869 0.796255 0.504268 0.172619 0.164601 0.226112 0.222487 0.182445 0.212362 0.610616 0.312479 0.366791 0.286247 0.393882 0.370875 0.369492 0.460625 0.227048 0.227281 0.218513 0.245612 0.128839 0.189625 0.210544 0.199301 0.176294 0.134402 0.139358 0.132649 0.292906 0.236674 0.188567 0.254527 0.288163 0.323570 0.647222 0.596776 0.275807 0.258449 0.203800 0.252527 0.163065 0.146839 0.336640 0.232014 0.199240 0.207145 0.859154 0.896886 0.428179 0.382694 0.398821 0.505094 0.345233 0.597266 0.311063 0.479055 0.312221 0.431440 0.261782 0.249418 0.502497 0.526012 0.321819 0.256030 0.242976 0.298163 0.817637 0.594735 0.616286 0.442649 0.631133 0.370648 0.307764 0.462104 0.431957 0.906238
0.696489 0.683255 0.720650 0.689223 0.000000 0.684900 0.690873 0.662276 0.821465 0.750528 0.814136 0.714955 0.623300 0.708676 0.655928 0.621788 0.723520 0.762302 0.691224 0.784596 0.662543 0.765986 0.641458 0.658258 0.862799 0.858825 0.757811 0.851097 0.698573 0.732870 0.764877 0.859141 0.698767 0.699399 0.784413 0.821469 0.882187 0.862480 0.745209 0.917740 0.732362 0.782963 0.686813 0.706564 0.670497 0.686644 0.608625 0.661926 0.810269 0.644953 0.592222 0.602067 0.717677 0.539816 0.759263 0.667421 0.744581 0.772620 0.735268 0.743669 0.656412 0.651876 0.680258 0.669380 0.680046 0.670668 0.648917 0.691376 0.859938 0.756023 0.547334 0.653452 0.771079 0.823313 0.947922 0.738433 0.773454 0.799270 0.812964 0.785757 0.677468 0.701806 0.657318 0.698417 0.596116 0.631675 0.832708 0.900780 0.869218 0.695502 0.646942 0.669355 0.640075 0.771598 0.865558 0.799781 0.791320 0.689658 0.697685 0.683380 0.774058 0.888201 0.667106 0.737141 0.611157 0.717950 0.780176 0.629130 0.794852 0.920150 0.809853 0.778416 0.721809 0.731761 0.707963 0.948134
0.426109 0.462477 0.457130 0.416347 0.684900 0.000000 0.365857 0.363327 0.469713 0.423185 0.418094 0.424439 0.391319 0.490132 0.453356 0.401895 0.450185 0.420406 0.430069 0.475096 0.530397 0.977813 0.450801 0.503279 0.735464 0.640508 0.915123 0.844379 0.439250 0.438004 0.446155 0.516280 0.431962 0.437450 0.466947 0.751320 0.609359 0.807747 0.899430 0.903555 0.665498 0.649596 0.397803 0.420450 0.422171 0.407528 0.420121 0.397778 0.838471 0.573946 0.559567 0.494615 0.557520 0.508031 0.643132 0.681636 0.500510 0.523299 0.483356 0.492112 0.404339 0.455238 0.404818 0.435914 0.554503 0.434278 0.346407 0.416793 0.553885 0.496012 0.409156 0.373353 0.567405 0.625562 0.699590 0.763055 0.450805 0.404847 0.393205 0.550257 0.388430 0.404039 0.608368 0.441135 0.480028 0.526314 0.867231 0.923661 0.777017 0.657463 0.419683 0.520031 0.369430 0.602529 0.530223 0.689944 0.492164 0.680511 0.470280 0.450186 0.540082 0.534880 0.493169 0.489213 0.429136 0.526288 0.849859 0.780512 0.843876 0.683213 0.737225 0.531805 0.458672 0.488611 0.555735 0.878921
0.167976 0.195536 0.141774 0.125501 0.690873 0.365857 0.000000 0.105815 0.284376 0.215595 0.159820 0.204635 0.190718 0.299907 0.291731 0.295774 0.156547 0.131085 0.125543 0.165584 0.357234 0.690436 0.268574 0.366906 0.550907 0.428580 0.910649 0.880308 0.217882 0.185476 0.227642 0.269366 0.143182 0.133448 0.432061 0.611607 0.411776 0.528797 0.666609 0.640792 0.742758 0.480797 0.164141 0.118596 0.180912 0.190688 0.214999 0.217208 0.666577 0.375287 0.389475 0.343435 0.441007 0.339335 0.409984 0.523475 0.184394 0.211869 0.222479 0.292965 0.147333 0.262384 0.202763 0.216152 0.278741 0.185386 0.104881 0.125449 0.279235 0.247645 0.207170 0.202751 0.302357 0.303076 0.670434 0.582759 0.234019 0.211377 0.226392 0.244847 0.156948 0.153021 0.399540 0.287028 0.291338 0.329048 0.843227 0.967000 0.486400 0.527672 0.316870 0.382986 0.280967 0.458894 0.284294 0.474304 0.293523 0.419999 0.234234 0.203634 0.458729 0.393419 0.328945 0.212696 0.277030 0.300674 0.890259 0.563310 0.608663 0.427626 0.615494 0.324322 0.235524 0.384275 0.449904 0.877973
0.120467 0.136381 0.170748 0.125282 0.662276 0.363327 0.105815 0.000000 0.334565 0.183857 0.168333 0.125739 0.125627 0.204533 0.197739 0.216822 0.124788 0.116442 0.139303 0.149285 0.375148 0.761421 0.216951 0.329002 0.558873 0.453979 0.875439 0.887465 0.163113 0.138306 0.228725 0.280390 0.120155 0.120890 0.369070 0.559504 0.353739 0.434165 0.646804 0.625963 0.703698 0.443447 0.174599 0.151933 0.157772 0.165056 0.193700 0.183433 0.540130 0.297592 0.321105 0.261729 0.384402 0.347434 0.388133 0.442466 0.148714 0.147940 0.165703 0.211292 0.102114 0.154213 0.148520 0.119337 0.263719 0.181655 0.122657 0.124304 0.323057 0.195458 0.224278 0.235245 0.356465 0.392019 0.663011 0.564996 0.257725 0.214902 0.164955 0.263887 0.120547 0.139841 0.368218 0.246733 0.224482 0.290577 0.895735 0.978261 0.452109 0.403050 0.328569 0.400360 0.268834 0.530489 0.243500 0.397187 0.244961 0.358533 0.184478 0.163144 0.405061 0.468224 0.245291 0.196488 0.208686 0.253553 0.827503 0.508409 0.583382 0.370918 0.575238 0.303437 0.253661 0.358700 0.424909 0.889718
0.374873 0.451257 0.321349 0.305000 0.821465 0.469713 0.284376 0.334565 0.000000 0.385646 0.382303 0.398586 0.378543 0.483342 0.455095 0.411658 0.428082 0.394420 0.379551 0.379597 0.533359 0.796998 0.386944 0.507845 0.677373 0.539722 0.946370 0.929774 0.435746 0.411361 0.413362 0.450001 0.350653 0.359194 0.525023 0.682135 0.494039 0.521491 0.781095 0.659390 0.934332 0.679868 0.363579 0.335412 0.376754 0.361157 0.363603 0.379301 0.727055 0.457989 0.414715 0.414996 0.439911 0.397165 0.547767 0.539574 0.448572 0.477813 0.423430 0.479769 0.325295 0.403934 0.411844 0.445909 0.338686 0.327567 0.296834 0.313618 0.411321 0.450991 0.389944 0.477077 0.406477 0.400739 0.733174 0.587966 0.399161 0.353918 0.423912 0.445457 0.395080 0.389950 0.571435 0.512699 0.430220 0.454045 0.797421 0.977654 0.621167 0.619668 0.372011 0.399543 0.316946 0.463105 0.499303 0.495128 0.502232 0.671479 0.343390 0.349462 0.456595 0.417018 0.461049 0.386113 0.416072 0.477101 0.792603 0.616100 0.728364 0.644699 0.674848 0.515283 0.353369 0.632316 0.479741 0.911944
0.268504 0.300523 0.334838 0.287467 0.750528 0.423185 0.215595 0.183857 0.385646 0.000000 0.238164 0.248641 0.297071 0.351256 0.349207 0.379135 0.234209 0.237080 0.295541 0.304484 0.515164 0.776773 0.400300 0.527151 0.786798 0.596131 0.942644 0.932217 0.295907 0.262146 0.395117 0.404069 0.238766 0.230825 0.415385 0.664034 0.489527 0.492520 0.772432 0.690518 0.828034 0.447400 0.307338 0.293113 0.284127 0.300857 0.393505 0.348760 0.618776 0.443790 0.437765 0.381821 0.514237 0.451090 0.490085 0.559913 0.280801 0.304959 0.276547 0.349142 0.248801 0.274130 0.292469 0.258222 0.400931 0.290506 0.251423 0.261316 0.394565 0.275175 0.363804 0.341788 0.401683 0.455386 0.675634 0.568764 0.329894 0.259773 0.302217 0.359793 0.250152 0.289192 0.510229 0.353686 0.421126 0.487221 0.942110 0.945482 0.588611 0.570446 0.344943 0.370300 0.292994 0.478290 0.384838 0.408080 0.339303 0.432528 0.216570 0.222647 0.411222 0.364297 0.317434 0.249823 0.342684 0.340997 0.893125 0.532561 0.719423 0.485634 0.631040 0.374913 0.278738 0.394385 0.494216 0.942214
0.167508 0.213264 0.220191 0.213552 0.814136 0.418094 0.159820 0.168333 0.382303 0.238164 0.000000 0.168561 0.210637 0.271030 0.311762 0.313366 0.139435 0.120470 0.134163 0.138999 0.447150 0.740842 0.332006 0.384100 0.602969 0.456692 0.966972 0.877386 0.189876 0.134736 0.237402 0.249547 0.190670 0.154468 0.509487 0.587199 0.464506 0.574234 0.641254 0.572549 0.763966 0.542659 0.299429 0.246451 0.301790 0.294862 0.285114 0.278025 0.738011 0.439698 0.483913 0.430696 0.495240 0.464937 0.441566 0.606170 0.195777 0.215048 0.253348 0.321826 0.192723 0.297722 0.176758 0.202123 0.395808 0.267690 0.214759 0.211937 0.288227 0.262282 0.308583 0.299070 0.381189 0.367795 0.709028 0.588116 0.315817 0.241113 0.213167 0.219045 0.151343 0.169579 0.374524 0.274804 0.371381 0.423263 0.796141 0.949985 0.523436 0.588498 0.471625 0.551157 0.432486 0.634020 0.348039 0.518509 0.332023 0.510454 0.340026 0.304683 0.536190 0.506858 0.355155 0.295078 0.382132 0.398540 0.867006 0.629208 0.713820 0.424485 0.668009 0.430291 0.318111 0.425477 0.521147 0.970826
0.117943 0.129367 0.235270 0.179211 0.714955 0.424439 0.204635 0.125739 0.398586 0.248641 0.168561 0.000000 0.107780 0.124730 0.147992 0.159525 0.121367 0.121901 0.150235 0.144681 0.394477 0.750480 0.190829 0.287446 0.559758 0.479222 0.924494 0.866313 0.118030 0.097264 0.210735 0.258375 0.139734 0.152911 0.366939 0.538346 0.360963 0.411042 0.587051 0.606240 0.737619 0.491738 0.280078 0.249316 0.236179 0.228079 0.224329 0.194190 0.552937 0.318286 0.363865 0.290630 0.427863 0.436560 0.398576 0.467797 0.155717 0.154292 0.165238 0.199994 0.114654 0.155906 0.109982 0.090254 0.325264 0.235938 0.206394 0.184127 0.326322 0.197394 0.256988 0.287272 0.390376 0.423867 0.636428 0.585030 0.294284 0.233280 0.155052 0.254130 0.125437 0.161335 0.290396 0.230819 0.220097 0.304094 0.857986 0.974493 0.432799 0.423316 0.526381 0.611388 0.436281 0.781403 0.308819 0.468123 0.317432 0.368991 0.270890 0.243866 0.542257 0.641341 0.268720 0.291969 0.271557 0.263589 0.767706 0.579852 0.601961 0.317886 0.607239 0.406851 0.336937 0.376010 0.439123 0.993835
0.125354 0.140547 0.207429 0.152335 0.623300 0.391319 0.190718 0.125627 0.378543 0.297071 0.210637 0.107780 0.000000 0.103225 0.096805 0.106786 0.145903 0.161788 0.155752 0.181844 0.337694 0.749489 0.116679 0.191657 0.476721 0.440878 0.934982 0.907739 0.138002 0.134612 0.168881 0.253705 0.145114 0.160074 0.364427 0.528195 0.317080 0.395141 0.547360 0.600774 0.675762 0.479130 0.224896 0.216364 0.217093 0.213840 0.191756 0.171018 0.563765 0.290880 0.308251 0.254964 0.376300 0.391808 0.365169 0.464577 0.176623 0.180710 0.167001 0.221897 0.096230 0.157241 0.106584 0.104431 0.238968 0.204978 0.159365 0.159175 0.397754 0.236916 0.220101 0.257604 0.401558 0.454783 0.680335 0.557097 0.277677 0.247313 0.178838 0.290694 0.130629 0.172730 0.226285 0.247555 0.148138 0.211556 0.810127 0.884407 0.420588 0.363765 0.472434 0.572509 0.380883 0.739562 0.333717 0.483185 0.300815 0.362999 0.278031 0.258122 0.518956 0.629525 0.261116 0.316149 0.229425 0.243682 0.755218 0.513424 0.565740 0.365611 0.603081 0.393179 0.353363 0.397444 0.383968 0.972212
0.197086 0.182805 0.310436 0.235594 0.708676 0.490132 0.299907 0.204533 0.483342 0.351256 0.271030 0.124730 0.103225 0.000000 0.098896 0.119821 0.205640 0.217286 0.219921 0.252635 0.386379 0.742044 0.155238 0.200920 0.528690 0.503066 0.985703 0.861587 0.158627 0.172566 0.217057 0.286545 0.218006 0.233386 0.397997 0.570203 0.347366 0.393223 0.563813 0.625024 0.742105 0.494511 0.309700 0.305414 0.296937 0.303841 0.256997 0.230794 0.532495 0.352063 0.361999 0.319879 0.473622 0.498118 0.436943 0.557390 0.220034 0.225399 0.202939 0.278053 0.159927 0.211319 0.143549 0.129349 0.316081 0.292450 0.249020 0.232283 0.485637 0.292529 0.288864 0.350214 0.523114 0.572076 0.685380 0.586963 0.329504 0.300723 0.227728 0.351234 0.208020 0.264413 0.209793 0.309850 0.194883 0.254098 0.868284 0.874626 0.467495 0.390284 0.612632 0.708486 0.507256 0.869980 0.372027 0.492845 0.376173 0.360005 0.348558 0.331379 0.561869 0.733161 0.275734 0.389769 0.279174 0.288887 0.803298 0.565352 0.565938 0.392444 0.582521 0.481216 0.456567 0.437669 0.409704 0.980124
0.200485 0.212152 0.279553 0.210600 0.655928 0.453356 0.291731 0.197739 0.455095 0.349207 0.311762 0.147992 0.096805 0.098896 0.000000 0.105222 0.235876 0.253185 0.248626 0.279293 0.381305 0.757837 0.111837 0.196421 0.466596 0.442956 0.998680 0.887827 0.197871 0.195180 0.205578 0.296092 0.208439 0.245080 0.342387 0.593853 0.311092 0.403620 0.545886 0.609669 0.692535 0.523259 0.294230 0.297035 0.281257 0.286936 0.252686 0.215621 0.528676 0.318470 0.327135 0.273315 0.396048 0.433466 0.382469 0.469125 0.263352 0.260396 0.222080 0.270351 0.148687 0.188793 0.170578 0.151771 0.244834 0.256687 0.234678 0.235555 0.493514 0.303217 0.265588 0.336862 0.449145 0.540025 0.667767 0.596301 0.322454 0.300129 0.246476 0.374325 0.210218 0.253720 0.238303 0.313510 0.153047 0.220574 0.829759 0.827378 0.421061 0.325352 0.544478 0.641440 0.439634 0.831583 0.378729 0.510893 0.358925 0.379070 0.309825 0.305446 0.560197 0.705163 0.275695 0.383119 0.249852 0.255665 0.714211 0.507206 0.599734 0.431713 0.641112 0.463732 0.428744 0.478571 0.402596 0.964268
0.212157 0.222481 0.285725 0.213814 0.621788 0.401895 0.295774 0.216822 0.411658 0.379135 0.313366 0.159525 0.106786 0.119821 0.105222 0.000000 0.244487 0.262427 0.242462 0.293880 0.354934 0.794848 0.101828 0.165737 0.466065 0.473024 0.980484 0.857708 0.196652 0.210136 0.187665 0.276230 0.216048 0.254669 0.380722 0.577030 0.360944 0.417666 0.547239 0.612440 0.685101 0.504488 0.286349 0.303808 0.305543 0.299974 0.251781 0.225459 0.618985 0.339375 0.349612 0.292144 0.402078 0.407714 0.453953 0.503456 0.284655 0.287851 0.238714 0.291172 0.160493 0.216050 0.175116 0.166523 0.275869 0.256691 0.226054 0.252469 0.444362 0.305782 0.218423 0.286978 0.430299 0.533587 0.638635 0.576266 0.327490 0.285564 0.238265 0.352632 0.208821 0.251838 0.220868 0.297233 0.169894 0.205795 0.856412 0.860340 0.460320 0.391476 0.541337 0.645293 0.431216 0.818484 0.418925 0.493118 0.398683 0.404352 0.370567 0.359504 0.581033 0.664339 0.304166 0.411156 0.261549 0.294438 0.703779 0.617385 0.618243 0.486713 0.693971 0.517110 0.458708 0.442280 0.434168 0.956532
0.104448 0.128862 0.252817 0.202512 0.723520 0.450185 0.156547 0.124788 0.428082 0.234209 0.139435 0.121367 0.145903 0.205640 0.235876 0.244487 0.000000 0.094062 0.116664 0.134781 0.429434 0.675938 0.267656 0.370529 0.625211 0.528231 0.877106 0.923389 0.124507 0.112474 0.242095 0.236258 0.138103 0.113886 0.433882 0.524577 0.401512 0.503749 0.633462 0.592368 0.702333 0.450934 0.234360 0.178180 0.194713 0.195916 0.226700 0.208787 0.603672 0.330513 0.377486 0.310082 0.437604 0.417508 0.400969 0.495331 0.106109 0.124346 0.141702 0.203993 0.132976 0.217450 0.118907 0.121834 0.369291 0.243429 0.163666 0.149061 0.282644 0.178967 0.261048 0.233528 0.360849 0.381859 0.650834 0.540499 0.265031 0.229846 0.153017 0.194187 0.098440 0.134138 0.341458 0.242137 0.271646 0.344905 0.886971 0.964386 0.447971 0.501034 0.484504 0.564046 0.426661 0.673812 0.319263 0.473651 0.274177 0.345224 0.252388 0.206713 0.558925 0.569216 0.271197 0.251716 0.297103 0.270429 0.850423 0.588199 0.601384 0.338628 0.603398 0.318029 0.302829 0.329312 0.487023 0.919510
0.116504 0.127296 0.208782 0.171903 0.762302 0.420406 0.131085 0.116442 0.394420 0.237080 0.120470 0.121901 0.161788 0.217286 0.253185 0.262427 0.094062 0.000000 0.090698 0.103838 0.419478 0.703249 0.283925 0.378621 0.586131 0.468437 0.875940 0.878577 0.119200 0.099020 0.235173 0.236189 0.127564 0.114902 0.438535 0.572690 0.382050 0.509717 0.632967 0.558031 0.797066 0.443399 0.213992 0.160402 0.200624 0.191045 0.197127 0.188200 0.592201 0.352662 0.389641 0.333889 0.455864 0.425743 0.408576 0.489839 0.100736 0.110426 0.163082 0.226007 0.131538 0.234761 0.110763 0.117158 0.365329 0.246857 0.161819 0.153928 0.272322 0.202346 0.264191 0.245016 0.392341 0.380397 0.618268 0.574673 0.276336 0.223191 0.157335 0.201424 0.107029 0.117770 0.334864 0.220853 0.274518 0.344987 0.871401 0.987765 0.464424 0.487831 0.458212 0.543260 0.409871 0.655335 0.301543 0.442384 0.282903 0.376946 0.241179 0.212634 0.523557 0.555304 0.284740 0.223261 0.280294 0.298752 0.878410 0.598040 0.614358 0.347293 0.639426 0.322571 0.265449 0.365624 0.442222 0.936865
0.121795 0.128225 0.180849 0.146008 0.691224 0.430069 0.125543 0.139303 0.379551 0.295541 0.134163 0.150235 0.155752 0.219921 0.248626 0.242462 0.116664 0.090698 0.000000 0.109527 0.378901 0.677292 0.249446 0.315181 0.484880 0.427390 0.880076 0.892447 0.147281 0.112362 0.187686 0.233652 0.147955 0.118379 0.415319 0.548429 0.380257 0.510552 0.573548 0.595116 0.785266 0.445465 0.197095 0.155377 0.215363 0.202552 0.180423 0.190592 0.619019 0.318285 0.377424 0.326230 0.459039 0.382292 0.387757 0.511674 0.140793 0.150494 0.180129 0.241439 0.135702 0.258589 0.132367 0.152163 0.322637 0.231833 0.153016 0.155803 0.250280 0.205742 0.220825 0.220666 0.337710 0.341913 0.652588 0.536085 0.288371 0.245418 0.199260 0.181370 0.114809 0.116163 0.336266 0.239580 0.252459 0.304317 0.845893 0.927212 0.472885 0.508597 0.477132 0.570684 0.433556 0.660301 0.301461 0.478094 0.315487 0.395315 0.275366 0.264001 0.564959 0.576851 0.311962 0.265199 0.287576 0.315030 0.799782 0.618928 0.574211 0.386818 0.652771 0.339265 0.314375 0.408013 0.450234 0.920942
0.117660 0.137980 0.186907 0.168656 0.784596 0.475096 0.165584 0.149285 0.379597 0.304484 0.138999 0.144681 0.181844 0.252635 0.279293 0.293880 0.134781 0.103838 0.109527 0.000000 0.440486 0.735857 0.280229 0.351145 0.525111 0.408565 0.899122 0.905121 0.155059 0.115859 0.217173 0.223464 0.141648 0.131181 0.438138 0.598297 0.392208 0.517672 0.601059 0.586882 0.842560 0.522083 0.256027 0.202132 0.250880 0.225135 0.215587 0.199480 0.603676 0.328619 0.420135 0.353807 0.459728 0.463162 0.421511 0.490271 0.151650 0.142024 0.190261 0.226799 0.157913 0.236534 0.158260 0.164770 0.357613 0.252040 0.209262 0.172265 0.253324 0.202441 0.289457 0.299056 0.342471 0.347551 0.657372 0.579882 0.316718 0.273578 0.187558 0.212518 0.133842 0.125391 0.390354 0.260054 0.300242 0.364248 0.783383 0.975856 0.436515 0.489935 0.529992 0.629032 0.488935 0.743833 0.326865 0.522528 0.315645 0.443985 0.294762 0.265879 0.524645 0.628700 0.369562 0.296330 0.341977 0.333408 0.808526 0.614922 0.594483 0.363300 0.638472 0.365521 0.335274 0.447349 0.456709 0.895962
0.407071 0.396099 0.374179 0.330470 0.662543 0.530397 0.357234 0.375148 0.533359 0.515164 0.447150 0.394477 0.337694 0.386379 0.381305 0.354934 0.429434 0.419478 0.378901 0.440486 0.000000 0.768419 0.349815 0.364590 0.522462 0.521589 0.994557 0.904078 0.438373 0.440439 0.345019 0.520363 0.381075 0.367734 0.470456 0.725844 0.471327 0.485618 0.583214 0.670659 0.687693 0.684384 0.379221 0.360263 0.397017 0.394813 0.361360 0.374199 0.729810 0.434627 0.530363 0.467713 0.596778 0.493200 0.530607 0.653411 0.449180 0.423644 0.407744 0.416642 0.368903 0.435584 0.405975 0.400107 0.424827 0.408547 0.376951 0.376650 0.578332 0.499508 0.322227 0.360002 0.525250 0.549890 0.759433 0.683300 0.397354 0.361742 0.461780 0.463298 0.408650 0.389966 0.393374 0.436555 0.387587 0.442773 0.925915 0.980141 0.624155 0.531800 0.569452 0.661689 0.476540 0.743996 0.498123 0.597465 0.431364 0.567480 0.513526 0.473525 0.695927 0.622052 0.411124 0.455605 0.396519 0.425227 0.801312 0.594101 0.551392 0.649337 0.661774 0.633530 0.547827 0.585767 0.570477 0.933945
0.765570 0.774403 0.759902 0.706054 0.765986 0.977813 0.690436 0.761421 0.796998 0.776773 0.740842 0.750480 0.749489 0.742044 0.757837 0.794848 0.675938 0.703249 0.677292 0.735857 0.768419 0.000000 0.771288 0.822872 0.972595 0.817512 0.912443 0.739608 0.677990 0.722193 0.832797 0.673023 0.667991 0.715701 0.883868 0.847787 0.807849 0.921519 0.810748 0.715800 0.957912 0.823882 0.727072 0.685720 0.741198 0.769698 0.766828 0.775091 0.872257 0.840007 0.806498 0.821650 0.928829 0.782193 0.822613 0.885486 0.690011 0.754351 0.784431 0.834375 0.716255 0.803719 0.738013 0.747308 0.743230 0.716620 0.713026 0.667240 0.800649 0.824488 0.744369 0.747788 0.772992 0.740332 0.924980 0.687930 0.710034 0.736849 0.876147 0.697569 0.750259 0.721774 0.731210 0.766656 0.769032 0.713726 0.861989 0.906618 0.729311 0.783569 0.824906 0.893809 0.895637 0.849185 0.824592 0.852212 0.891383 0.752409 0.721892 0.669140 0.923980 0.891203 0.740307 0.648513 0.808453 0.721995 0.926375 0.754621 0.945889 0.864144 0.709243 0.758927 0.804318 0.756761 0.768811 0.866798
0.210215 0.224950 0.208642 0.157886 0.641458 0.450801 0.268574 0.216951 0.386944 0.400300 0.332006 0.190829 0.116679 0.155238 0.111837 0.101828 0.267656 0.283925 0.249446 0.280229 0.349815 0.771288 0.000000 0.136841 0.341384 0.348482 0.943342 0.912670 0.222811 0.237807 0.136412 0.242743 0.190911 0.248941 0.354527 0.572692 0.302317 0.413157 0.507144 0.645947 0.736272 0.524340 0.253323 0.275259 0.296059 0.283655 0.227740 0.227149 0.603605 0.313306 0.353265 0.278587 0.374149 0.408202 0.385051 0.466539 0.298477 0.297352 0.237699 0.264548 0.153823 0.195609 0.207227 0.204139 0.186140 0.200053 0.198541 0.208890 0.432973 0.289726 0.205102 0.299729 0.366616 0.457979 0.680001 0.606515 0.300422 0.311022 0.246813 0.342104 0.207353 0.236626 0.244299 0.275570 0.123579 0.144087 0.868532 0.807005 0.395429 0.327610 0.537967 0.655534 0.436920 0.816864 0.377190 0.514203 0.373893 0.416656 0.358973 0.350316 0.598683 0.694525 0.341078 0.408884 0.276506 0.275075 0.721161 0.586112 0.583597 0.481932 0.685242 0.499564 0.439387 0.499154 0.387173 0.948136
0.309442 0.315620 0.266133 0.234814 0.658258 0.503279 0.366906 0.329002 0.507845 0.527151 0.384100 0.287446 0.191657 0.200920 0.196421 0.165737 0.370529 0.378621 0.315181 0.351145 0.364590 0.822872 0.136841 0.000000 0.309386 0.316453 0.955105 0.865055 0.286896 0.304004 0.177850 0.281532 0.295155 0.334569 0.423048 0.641357 0.395308 0.527417 0.493757 0.668319 0.811230 0.581509 0.343956 0.378089 0.418583 0.394143 0.302767 0.319352 0.667089 0.409048 0.454050 0.411213 0.456640 0.507133 0.457391 0.595770 0.415183 0.410693 0.344103 0.397769 0.255859 0.314220 0.285798 0.311484 0.273666 0.273507 0.300156 0.312373 0.537245 0.394331 0.287191 0.384663 0.467390 0.529684 0.762596 0.627174 0.406010 0.402905 0.344250 0.388226 0.294481 0.313933 0.246044 0.317832 0.205603 0.171303 0.751500 0.677000 0.470292 0.394164 0.665536 0.800051 0.583151 0.917501 0.461798 0.634644 0.478389 0.488953 0.534348 0.494876 0.639193 0.769978 0.477031 0.518839 0.383936 0.440897 0.775564 0.661677 0.608464 0.578973 0.743583 0.636222 0.571349 0.648317 0.472094 0.982776
0.500329 0.517959 0.342195 0.363021 0.862799 0.735464 0.550907 0.558873 0.677373 0.786798 0.602969 0.559758 0.476721 0.528690 0.466596 0.466065 0.625211 0.586131 0.484880 0.525111 0.522462 0.972595 0.341384 0.309386 0.000000 0.254067 0.879030 0.876468 0.569272 0.549061 0.297701 0.463487 0.485616 0.567790 0.504992 0.762040 0.468420 0.673624 0.486969 0.790645 0.874786 0.759552 0.513927 0.541340 0.643715 0.583106 0.456033 0.524210 0.792955 0.536430 0.657719 0.564150 0.570154 0.667014 0.463497 0.645188 0.658227 0.586042 0.559883 0.506911 0.497198 0.515595 0.579147 0.579004 0.359156 0.439976 0.523627 0.515363 0.546596 0.545663 0.486585 0.552095 0.492487 0.563262 0.769186 0.836641 0.568056 0.657779 0.525968 0.506548 0.512731 0.477757 0.563080 0.515086 0.374237 0.319775 0.950762 0.806272 0.622001 0.453201 0.811474 0.916205 0.736409 0.994984 0.581853 0.786766 0.615074 0.718673 0.722982 0.713412 0.950049 0.921253 0.765806 0.716521 0.540690 0.628596 0.752686 0.934491 0.683765 0.652490 0.986733 0.752452 0.685712 0.851217 0.617972 0.960427
0.434706 0.480875 0.273168 0.285698 0.858825 0.640508 0.428580 0.453979 0.539722 0.596131 0.456692 0.479222 0.440878 0.503066 0.442956 0.473024 0.528231 0.468437 0.427390 0.408565 0.521589 0.817512 0.348482 0.316453 0.254067 0.000000 0.911233 0.834419 0.458430 0.448843 0.281152 0.353061 0.373077 0.414408 0.430155 0.754072 0.394007 0.678732 0.522153 0.619893 0.906116 0.730358 0.410030 0.412344 0.500152 0.438119 0.388327 0.443805 0.680353 0.474610 0.550871 0.489439 0.481162 0.583094 0.473880 0.511480 0.547500 0.513178 0.458511 0.464181 0.393569 0.435287 0.493929 0.510335 0.284786 0.296171 0.406790 0.381682 0.483338 0.477419 0.463969 0.468431 0.378602 0.429729 0.771479 0.759020 0.435341 0.508654 0.496071 0.421635 0.424855 0.390224 0.561872 0.405783 0.370338 0.330442 0.828208 0.791092 0.452266 0.453435 0.658544 0.772758 0.625293 0.852898 0.514949 0.702862 0.543579 0.656712 0.534195 0.508805 0.720311 0.790115 0.636740 0.515425 0.516945 0.606572 0.800707 0.736546 0.728639 0.687582 0.939449 0.626120 0.537554 0.787084 0.481045 0.987081
0.905866 0.869960 0.955581 0.930469 0.757811 0.915123 0.910649 0.875439 0.946370 0.942644 0.966972 0.924494 0.934982 0.985703 0.998680 0.980484 0.877106 0.875940 0.880076 0.899122 0.994557 0.912443 0.943342 0.955105 0.879030 0.911233 0.000000 0.976675 0.908818 0.881553 0.948191 0.935933 0.907441 0.859670 0.999379 0.918876 0.972642 0.895825 0.827039 0.977286 0.915406 0.960145 0.951609 0.944698 0.897643 0.910873 0.972653 0.942989 0.873401 0.910340 0.895630 0.927261 0.968287 0.879953 0.880486 0.869952 0.863222 0.857536 0.911972 0.903104 0.898724 0.861153 0.894081 0.881932 0.954063 0.917526 0.947794 0.931713 0.926082 0.874524 0.959839 0.933467 0.949526 0.950975 0.937185 0.783058 0.993631 0.996234 0.998625 0.966939 0.917404 0.871264 0.968629 0.884886 0.950719 0.972041 0.835371 0.954661 0.908666 0.989512 0.906445 0.894183 0.981179 0.875116 0.996268 0.936744 0.970137 0.901361 0.892439 0.870550 0.976044 0.963665 0.912264 0.802863 0.824748 0.900558 0.972088 0.952829 0.964575 0.774536 0.949629 0.788791 0.834821 0.935668 0.962935 0.804673
0.930669 0.920763 0.891394 0.888094 0.851097 0.844379 0.880308 0.887465 0.929774 0.932217 0.877386 0.866313 0.907739 0.861587 0.887827 0.857708 0.923389 0.878577 0.892447 0.905121 0.904078 0.739608 0.912670 0.865055 0.876468 0.834419 0.976675 0.000000 0.870583 0.917092 0.941877 0.881780 0.834285 0.950045 0.974156 0.974160 0.901336 0.943536 0.976359 0.839579 0.889822 0.976999 0.871516 0.848863 0.981200 0.930488 0.846275 0.937326 0.978746 0.926522 0.990132 0.964174 0.939580 0.991002 0.947235 0.943048 0.886033 0.903698 0.945881 0.967167 0.888549 0.921554 0.863256 0.861630 0.936324 0.872574 0.909730 0.878439 0.920957 0.988897 0.897806 0.878355 0.901240 0.996035 0.948197 0.888312 0.818889 0.853381 0.954882 0.921797 0.916247 0.914946 0.964524 0.962481 0.923021 0.882582 0.993936 0.901079 0.959723 0.937673 0.857385 0.919880 0.917054 0.902684 0.966824 0.932836 0.912511 0.844751 0.943184 0.842563 0.969637 0.900877 0.957862 0.870549 0.852058 0.967807 0.874690 0.947595 0.894582 0.960356 0.924590 0.862419 0.925932 0.949386 0.820175 0.980786
0.151749 0.138702 0.264945 0.201712 0.698573 0.439250 0.217882 0.163113 0.435746 0.295907 0.189876 0.118030 0.138002 0.158627 0.197871 0.196652 0.124507 0.119200 0.147281 0.155059 0.438373 0.677990 0.222811 0.286896 0.569272 0.458430 0.908818 0.870583 0.000000 0.104126 0.204609 0.231667 0.151035 0.149411 0.412775 0.576055 0.357662 0.531531 0.590872 0.564568 0.779407 0.455119 0.269852 0.225330 0.245147 0.240285 0.210005 0.193120 0.552714 0.345233 0.385047 0.322203 0.450484 0.463301 0.398417 0.469924 0.144009 0.165223 0.173483 0.229934 0.134881 0.212633 0.109816 0.117492 0.353901 0.248618 0.191676 0.182179 0.320574 0.209284 0.279471 0.295643 0.403617 0.432671 0.653985 0.562654 0.296776 0.258145 0.177953 0.229951 0.125785 0.154038 0.290109 0.205090 0.225561 0.293355 0.825021 0.934448 0.452909 0.404937 0.571373 0.667062 0.497559 0.812580 0.341934 0.514494 0.331024 0.372775 0.306082 0.253191 0.553224 0.666592 0.293598 0.284051 0.300897 0.285061 0.824777 0.638177 0.603703 0.392203 0.594454 0.399156 0.339800 0.364164 0.421424 0.940491
0.116459 0.136892 0.221401 0.173481 0.732870 0.438004 0.185476 0.138306 0.411361 0.262146 0.134736 0.097264 0.134612 0.172566 0.195180 0.210136 0.112474 0.099020 0.112362 0.115859 0.440439 0.722193 0.237807 0.304004 0.549061 0.448843 0.881553 0.917092 0.104126 0.000000 0.194508 0.224043 0.147236 0.113564 0.402521 0.577096 0.358153 0.496050 0.588439 0.607159 0.803386 0.523455 0.297411 0.229100 0.254949 0.239336 0.229209 0.210320 0.615323 0.336600 0.404698 0.329943 0.438095 0.428176 0.372857 0.483671 0.154785 0.152542 0.191989 0.243040 0.129019 0.215792 0.116960 0.116645 0.351143 0.253481 0.198902 0.190410 0.279306 0.187500 0.269720 0.283027 0.364130 0.376643 0.572791 0.541986 0.335487 0.250020 0.170310 0.204622 0.110575 0.121530 0.310824 0.207703 0.261653 0.318801 0.778097 0.890514 0.448514 0.460762 0.538081 0.633614 0.477394 0.756828 0.329011 0.520956 0.334485 0.407526 0.296349 0.273135 0.542338 0.610412 0.293577 0.285568 0.330539 0.307611 0.785563 0.626876 0.648695 0.371491 0.658627 0.412844 0.343199 0.411265 0.467093 0.996222
0.200437 0.210810 0.169612 0.147835 0.764877 0.446155 0.227642 0.228725 0.413362 0.395117 0.237402 0.210735 0.168881 0.217057 0.205578 0.187665 0.242095 0.235173 0.187686 0.217173 0.345019 0.832797 0.136412 0.177850 0.297701 0.281152 0.948191 0.941877 0.204609 0.194508 0.000000 0.188553 0.183091 0.196159 0.372914 0.608574 0.299374 0.502272 0.496699 0.689389 0.748214 0.552049 0.272210 0.243591 0.317378 0.294228 0.237520 0.237175 0.678826 0.359576 0.440793 0.356412 0.420343 0.447241 0.372818 0.512158 0.286748 0.276625 0.248554 0.282243 0.174713 0.254981 0.226853 0.239268 0.231463 0.196559 0.200266 0.209184 0.287829 0.254685 0.235256 0.271580 0.304997 0.348559 0.632930 0.666686 0.322040 0.280329 0.242362 0.270508 0.190312 0.183338 0.298256 0.227382 0.201982 0.204175 0.835862 0.822225 0.431906 0.411250 0.598794 0.717114 0.507191 0.830110 0.374687 0.599231 0.356325 0.494942 0.417679 0.394186 0.631717 0.635192 0.407404 0.397385 0.360784 0.352708 0.752164 0.708458 0.604944 0.456309 0.773753 0.500078 0.437107 0.475847 0.458907 0.959884
0.261688 0.282710 0.259765 0.222393 0.859141 0.516280 0.269366 0.280390 0.450001 0.404069 0.249547 0.258375 0.253705 0.286545 0.296092 0.276230 0.236258 0.236189 0.233652 0.223464 0.520363 0.673023 0.242743 0.281532 0.463487 0.353061 0.935933 0.881780 0.231667 0.224043 0.188553 0.000000 0.214492 0.221180 0.520659 0.690608 0.382566 0.629415 0.514471 0.639898 0.866995 0.557380 0.303686 0.257314 0.363608 0.365534 0.316618 0.296801 0.758078 0.487894 0.548548 0.490721 0.520550 0.574364 0.518884 0.636786 0.265134 0.303874 0.300036 0.380753 0.253137 0.363563 0.268085 0.293850 0.357027 0.276475 0.254314 0.249938 0.351672 0.340733 0.325407 0.337072 0.402090 0.428750 0.638493 0.653877 0.367874 0.314595 0.277473 0.266612 0.241938 0.242016 0.373391 0.275190 0.326305 0.282252 0.877163 0.825505 0.442573 0.505881 0.633018 0.795059 0.608292 0.843912 0.445816 0.626198 0.438427 0.501275 0.432789 0.395353 0.641150 0.666716 0.479554 0.365350 0.453940 0.389423 0.902856 0.792042 0.751865 0.531775 0.720615 0.473513 0.480981 0.544242 0.494663 0.944984
0.130056 0.155441 0.161676 0.128354 0.698767 0.431962 0.143182 0.120155 0.350653 0.238766 0.190670 0.139734 0.145114 0.218006 0.208439 0.216048 0.138103 0.127564 0.147955 0.141648 0.381075 0.667991 0.190911 0.295155 0.485616 0.373077 0.907441 0.834285 0.151035 0.147236 0.183091 0.214492 0.000000 0.145181 0.374992 0.555320 0.365756 0.473707 0.590072 0.591335 0.808254 0.512436 0.197200 0.169831 0.215375 0.195673 0.200195 0.209650 0.573129 0.336831 0.367068 0.313462 0.423451 0.402091 0.375720 0.422433 0.160863 0.161469 0.167307 0.224616 0.118620 0.189428 0.152233 0.148181 0.263865 0.183404 0.152742 0.124104 0.269089 0.196422 0.209409 0.232576 0.314024 0.361352 0.635225 0.598686 0.260891 0.204289 0.156795 0.220003 0.114501 0.130313 0.329234 0.238511 0.212010 0.249950 0.866310 0.946976 0.410141 0.411951 0.430682 0.519327 0.378078 0.660987 0.324053 0.447744 0.271627 0.360939 0.236434 0.197554 0.538646 0.518475 0.321885 0.222458 0.280309 0.282897 0.814354 0.553255 0.582239 0.348862 0.641563 0.345423 0.304667 0.391697 0.430807 0.955630
0.124371 0.153643 0.201993 0.146749 0.699399 0.437450 0.133448 0.120890 0.359194 0.230825 0.154468 0.152911 0.160074 0.233386 0.245080 0.254669 0.113886 0.114902 0.118379 0.131181 0.367734 0.715701 0.248941 0.334569 0.567790 0.414408 0.859670 0.950045 0.149411 0.113564 0.196159 0.221180 0.145181 0.000000 0.388604 0.586146 0.326394 0.461913 0.587440 0.601644 0.788295 0.489140 0.222268 0.157507 0.194613 0.191173 0.197016 0.217711 0.618738 0.317681 0.381789 0.313386 0.437572 0.412192 0.417635 0.480108 0.140434 0.151286 0.172099 0.238653 0.121727 0.207038 0.147343 0.144930 0.297235 0.186297 0.142604 0.138249 0.291620 0.195010 0.259026 0.235018 0.305932 0.355924 0.598041 0.524745 0.283733 0.204207 0.192639 0.198178 0.127122 0.124510 0.341162 0.211112 0.249403 0.309695 0.837422 0.891605 0.433591 0.458601 0.463015 0.561694 0.414729 0.636435 0.313918 0.459477 0.315584 0.391608 0.234133 0.218449 0.505603 0.529659 0.266205 0.219671 0.305151 0.310364 0.775616 0.555221 0.612301 0.436093 0.649132 0.321026 0.305755 0.395825 0.437513 0.891085
0.349678 0.407269 0.406421 0.336146 0.784413 0.466947 0.432061 0.369070 0.525023 0.415385 0.509487 0.366939 0.364427 0.397997 0.342387 0.380722 0.433882 0.438535 0.415319 0.438138 0.470456 0.883868 0.354527 0.423048 0.504992 0.430155 0.999379 0.974156 0.412775 0.402521 0.372914 0.520659 0.374992 0.388604 0.000000 0.643197 0.411709 0.543614 0.690364 0.844146 0.714423 0.568631 0.417848 0.449505 0.398725 0.357932 0.410965 0.419617 0.520963 0.331895 0.425128 0.331429 0.437989 0.493165 0.405356 0.450338 0.521514 0.431585 0.376381 0.328768 0.341511 0.329891 0.406771 0.382833 0.358649 0.352075 0.402418 0.375959 0.485831 0.346329 0.459056 0.438705 0.398046 0.499549 0.600554 0.665871 0.436783 0.435171 0.379110 0.463493 0.356678 0.349080 0.556122 0.426988 0.306630 0.389516 0.955389 0.893433 0.539693 0.450200 0.590478 0.655462 0.508251 0.746893 0.532088 0.626658 0.439896 0.588228 0.403443 0.406185 0.659101 0.744720 0.469776 0.525184 0.389249 0.449502 0.725583 0.598451 0.613099 0.638189 0.671583 0.456871 0.521148 0.677990 0.556027 0.910645
0.520132 0.513254 0.633163 0.581177 0.821469 0.751320 0.611607 0.559504 0.682135 0.664034 0.587199 0.538346 0.528195 0.570203 0.593853 0.577030 0.524577 0.572690 0.548429 0.598297 0.725844 0.847787 0.572692 0.641357 0.762040 0.754072 0.918876 0.974160 0.576055 0.577096 0.608574 0.690608 0.555320 0.586146 0.643197 0.000000 0.632347 0.527983 0.885960 0.766191 0.790175 0.587290 0.558974 0.598283 0.604293 0.588280 0.624181 0.547125 0.727274 0.608332 0.623239 0.548030 0.667101 0.624503 0.772759 0.682590 0.541872 0.528286 0.529957 0.550870 0.567554 0.588037 0.513428 0.535809 0.666667 0.640100 0.563752 0.555489 0.699783 0.529213 0.609751 0.615960 0.718886 0.763309 0.932841 0.690410 0.641825 0.628333 0.543207 0.648224 0.512325 0.562089 0.599914 0.569578 0.565390 0.591626 0.963546 0.948274 0.689595 0.658425 0.754638 0.721678 0.733713 0.779334 0.538602 0.675276 0.612275 0.535011 0.625682 0.640383 0.789136 0.721437 0.547633 0.564445 0.673159 0.655949 0.833891 0.720223 0.701205 0.668321 0.712848 0.634136 0.620857 0.737646 0.643211 0.980993
0.345982 0.334896 0.338197 0.297607 0.882187 0.609359 0.411776 0.353739 0.494039 0.489527 0.464506 0.360963 0.317080 0.347366 0.311092 0.360944 0.401512 0.382050 0.380257 0.392208 0.471327 0.807849 0.302317 0.395308 0.468420 0.394007 0.972642 0.901336 0.357662 0.358153 0.299374 0.382566 0.365756 0.326394 0.411709 0.632347 0.000000 0.411889 0.462220 0.666795 0.848484 0.495236 0.393777 0.363008 0.351105 0.368017 0.365195 0.293361 0.488980 0.361800 0.419492 0.348261 0.459451 0.554084 0.522390 0.465211 0.389195 0.347131 0.329536 0.342293 0.307369 0.315663 0.385585 0.341733 0.292584 0.340359 0.364268 0.322411 0.527385 0.393888 0.480519 0.455561 0.558797 0.550815 0.629716 0.688284 0.436485 0.416791 0.383823 0.448435 0.373186 0.366830 0.498995 0.373504 0.269500 0.303219 0.921879 0.803884 0.432834 0.327083 0.638400 0.731989 0.542513 0.809124 0.414668 0.529200 0.442982 0.490501 0.381917 0.417617 0.557936 0.728797 0.327713 0.420114 0.384421 0.370188 0.759201 0.585156 0.714298 0.564117 0.818006 0.520334 0.545046 0.644494 0.518302 0.876454
0.435184 0.472389 0.511849 0.453898 0.862480 0.807747 0.528797 0.434165 0.521491 0.492520 0.574234 0.411042 0.395141 0.393223 0.403620 0.417666 0.503749 0.509717 0.510552 0.517672 0.485618 0.921519 0.413157 0.527417 0.673624 0.678732 0.895825 0.943536 0.531531 0.496050 0.502272 0.629415 0.473707 0.461913 0.543614 0.527983 0.411889 0.000000 0.634757 0.763140 0.804032 0.625298 0.505093 0.535023 0.497883 0.496737 0.538735 0.455921 0.592903 0.453435 0.480170 0.449347 0.662758 0.597148 0.659254 0.613051 0.494536 0.473074 0.466471 0.468499 0.420396 0.411556 0.446944 0.401139 0.433836 0.501621 0.507308 0.480841 0.730734 0.553263 0.574306 0.613239 0.627609 0.696554 0.798243 0.725817 0.513710 0.531879 0.531699 0.613248 0.519475 0.553078 0.535884 0.580390 0.427775 0.516863 0.888170 0.954210 0.599976 0.557383 0.598447 0.615808 0.537146 0.778033 0.491535 0.468357 0.572343 0.555378 0.430097 0.513695 0.617295 0.678271 0.386334 0.492235 0.450689 0.461431 0.744509 0.560706 0.635052 0.486106 0.777412 0.669991 0.626934 0.682856 0.475299 0.988503
