0.000000 0.331597 0.968907 0.805557 0.939331 0.909822 0.761533 0.713309 0.916115 0.634247 0.433783 0.366601 0.569389 0.586558 0.807773 0.744947 0.390248 0.391821 0.421206 0.383178 0.923246 0.905366 0.875990 0.899452 0.996356 0.880049 0.914195 0.819730 0.465122 0.448789 0.805909 0.770543 0.579728 0.569521 0.980667 0.980453 0.747682 0.642892 0.965203 0.738922 0.811193 0.695317 0.731389 0.608100 0.791163 0.668710 0.548705 0.584340 0.603472 0.571241 0.730787 0.629889 0.882801 0.944453 0.750637 0.703581 0.385050 0.335056 0.497292 0.522104 0.655969 0.775500 0.523363 0.418466 0.800979 0.842085 0.813492 0.857965 0.352157 0.440030 0.797329 0.863420 0.657784 0.606795 0.788290 0.956138 0.653331 0.701774 0.561432 0.616019 0.353436 0.375049 0.463498 0.481320 0.727059 0.941347 0.997312 0.987920 0.927953 0.772175 0.913822 0.884340 0.830298 0.863359 0.976704 0.820309 0.825150 0.763823 0.681327 0.746091 0.935957 0.885075 0.529918 0.624567 0.848910 0.688954 0.951064 0.813202 0.870665 0.719323 0.854227 0.822021 0.833036 0.792955 0.794849 0.882880
0.331597 0.000000 0.980465 0.866914 0.976327 0.797290 0.683894 0.683338 0.957727 0.597793 0.492571 0.391015 0.720340 0.693727 0.968873 0.846844 0.409320 0.372680 0.397478 0.419484 0.833600 0.949474 0.957027 0.807671 0.940635 0.780131 0.981639 0.694064 0.467047 0.536060 0.836146 0.789677 0.609113 0.519982 0.989349 0.884825 0.829944 0.602117 0.936385 0.820232 0.921389 0.789642 0.558332 0.461117 0.598376 0.498528 0.541833 0.565272 0.467420 0.431717 0.569109 0.509575 0.708211 0.783196 0.849580 0.708845 0.263385 0.252894 0.489860 0.493517 0.685631 0.794273 0.550413 0.427489 0.751568 0.775222 0.798446 0.850664 0.549513 0.442833 0.888631 0.871542 0.818886 0.714320 0.899074 0.890864 0.609005 0.697283 0.523207 0.574544 0.350821 0.423093 0.652991 0.496574 0.813860 0.932712 0.906425 0.925308 0.856227 0.891433 0.994306 0.974765 0.958051 0.916480 0.908800 0.894706 0.889772 0.715833 0.651479 0.612153 0.831179 0.823682 0.460455 0.627708 0.889390 0.849229 0.867302 0.762594 0.995007 0.679868 0.690757 0.737565 0.680218 0.631031 0.805287 0.917249
0.968907 0.980465 0.000000 0.446100 0.907127 0.774696 0.564292 0.584423 0.453132 0.872817 0.914032 0.977378 0.791391 0.804370 0.890877 0.772978 0.838936 0.827016 0.825947 0.934647 0.919501 0.992252 0.596440 0.608715 0.631173 0.505289 0.921608 0.925134 0.907304 0.922058 0.593227 0.651644 0.675525 0.742121 0.642529 0.844812 0.796370 0.998820 0.789105 0.986329 0.941341 0.987118 0.700038 0.742818 0.799994 0.820645 0.659264 0.770813 0.825126 0.992101 0.989835 0.997413 0.896208 0.969793 0.964378 0.840870 0.978029 0.836236 0.907907 0.880122 0.516340 0.503791 0.870512 0.882131 0.365909 0.366051 0.607475 0.492362 0.998901 0.853967 0.745429 0.771078 0.697187 0.772141 0.880653 0.948721 0.745156 0.813092 0.892292 0.904625 0.801716 0.866480 0.926124 0.884999 0.711670 0.555799 0.966880 0.938288 0.792185 0.937258 0.720738 0.920640 0.791495 0.928222 0.830072 0.976014 0.836327 0.914907 0.734814 0.717933 0.805002 0.948888 0.924834 0.894476 0.714598 0.857955 0.879286 0.849653 0.748705 0.936351 0.859474 0.865362 0.797658 0.912540 0.754106 0.973772
0.805557 0.866914 0.446100 0.000000 0.857621 0.842416 0.498727 0.348051 0.540122 0.594938 0.836981 0.707703 0.647406 0.632395 0.802322 0.607152 0.995916 0.993011 0.635038 0.825772 0.921706 0.915597 0.432066 0.600927 0.734379 0.609355 0.901587 0.952869 0.997941 0.946291 0.509566 0.530498 0.582647 0.619165 0.760062 0.833863 0.739162 0.967273 0.837879 0.981599 0.974630 0.881754 0.592411 0.559871 0.805716 0.744546 0.583032 0.651476 0.952977 0.928196 0.894551 0.903485 0.889076 0.933362 0.971510 0.930313 0.915673 0.998530 0.705901 0.754993 0.474400 0.419959 0.944227 0.853636 0.555794 0.456460 0.547194 0.498282 0.855069 0.982939 0.658581 0.614870 0.727539 0.808649 0.933226 0.888121 0.619780 0.761397 0.885939 0.928827 0.984579 0.960638 0.847693 0.983901 0.789348 0.648213 0.917620 0.894191 0.758639 0.788426 0.698574 0.952281 0.780315 0.930041 0.851579 0.987013 0.785174 0.820174 0.623539 0.573411 0.630766 0.940031 0.977315 0.741713 0.564268 0.645507 0.935569 0.686950 0.667129 0.846627 0.734749 0.886373 0.722099 0.844487 0.617674 0.952614
0.939331 0.976327 0.907127 0.857621 0.000000 0.894238 0.921621 0.943756 0.924383 0.943515 0.888157 0.938075 0.828387 0.862057 0.832748 0.941382 0.967948 0.945515 0.904969 0.976122 0.932521 0.886874 0.767242 0.856139 0.791889 0.923005 0.936279 0.875295 0.995599 0.951236 0.833651 0.887577 0.956087 0.952259 0.720569 0.878009 0.992241 0.906280 0.893254 0.900033 0.911054 0.897472 0.856190 0.921189 0.737426 0.784177 0.937514 0.889723 0.748325 0.773836 0.731408 0.794002 0.781502 0.745774 0.948711 0.827248 0.980469 0.973586 0.912809 0.941728 0.885815 0.983619 0.906113 0.945560 0.842138 0.836428 0.922853 0.959113 0.810842 0.992889 0.997199 0.837788 0.965351 0.946821 0.932501 0.961310 0.909371 0.887119 0.891740 0.899834 0.996421 0.992005 0.842485 0.982941 0.849346 0.712473 0.929804 0.896578 0.954869 0.996773 0.856028 0.795234 0.835862 0.959075 0.906426 0.978742 0.946392 0.897261 0.844678 0.896645 0.917853 0.899116 0.898081 0.924150 0.996713 0.773517 0.949074 0.922473 0.921129 0.912894 0.976523 0.973314 0.918535 0.852866 0.919474 0.971548
0.909822 0.797290 0.774696 0.842416 0.894238 0.000000 0.985545 0.884221 0.823645 0.943864 0.732760 0.905734 0.787255 0.798265 0.719449 0.648333 0.688818 0.656336 0.751933 0.922003 0.864828 0.930363 0.817564 0.605609 0.743894 0.578240 0.958855 0.664250 0.714544 0.799499 0.960601 0.964893 0.997415 0.893350 0.955528 0.925029 0.840372 0.888772 0.695615 0.933965 0.994974 0.980212 0.963528 0.917765 0.969387 0.890169 0.928882 0.964739 0.927234 0.959195 0.987426 0.961533 0.849975 0.969930 0.714129 0.875216 0.634363 0.713474 0.843462 0.963661 0.875683 0.710566 0.700626 0.765687 0.720456 0.582831 0.922479 0.849658 0.954869 0.952207 0.778675 0.931846 0.847394 0.921027 0.876292 0.999473 0.975258 0.874444 0.824907 0.967393 0.793286 0.981617 0.832183 0.845509 0.693295 0.636840 0.882178 0.910949 0.919059 0.913850 0.754683 0.848984 0.759413 0.876542 0.979369 0.880454 0.729116 0.800272 0.964799 0.997533 0.916279 0.934645 0.806553 0.950236 0.926472 0.973986 0.834048 0.923508 0.912450 0.899548 0.982308 0.999268 0.960004 0.991680 0.972563 0.917168
0.761533 0.683894 0.564292 0.498727 0.921621 0.985545 0.000000 0.328837 0.712216 0.584291 0.688490 0.684356 0.791980 0.763134 0.895444 0.972431 0.730852 0.790813 0.621962 0.825428 0.984214 0.987253 0.804089 0.950538 0.893953 0.870266 0.661683 0.630152 0.817988 0.815392 0.558617 0.695462 0.423476 0.413213 0.791618 0.745618 0.998646 0.913286 0.914965 0.886035 0.915505 0.991643 0.536143 0.509398 0.496274 0.503783 0.569813 0.578899 0.761441 0.653860 0.636284 0.660817 0.683843 0.774250 0.929957 0.947205 0.710876 0.750327 0.451690 0.547038 0.323798 0.578851 0.589711 0.602483 0.874375 0.767867 0.277643 0.360291 0.924844 0.953970 0.806419 0.742013 0.889779 0.936501 0.910786 0.845669 0.546955 0.812448 0.749673 0.744880 0.778731 0.996315 0.836334 0.967307 0.947344 0.984084 0.984945 0.798322 0.943307 0.919924 0.691906 0.823688 0.681167 0.856641 0.752058 0.948343 0.844330 0.685198 0.490492 0.551871 0.487241 0.727763 0.734976 0.553264 0.672483 0.748449 0.802236 0.619414 0.825825 0.785519 0.600912 0.709561 0.591382 0.701060 0.592792 0.863955
0.713309 0.683338 0.584423 0.348051 0.943756 0.884221 0.328837 0.000000 0.601745 0.364152 0.686477 0.544269 0.673435 0.621795 0.931099 0.681768 0.772959 0.813568 0.544573 0.738587 0.869553 0.888544 0.642169 0.896458 0.955042 0.833113 0.781175 0.806157 0.832313 0.795231 0.498538 0.628400 0.460947 0.402470 0.847555 0.836665 0.796969 0.943186 0.941694 0.932796 0.967478 0.899532 0.437314 0.405582 0.581054 0.517946 0.449850 0.482300 0.790627 0.659106 0.641168 0.645965 0.693087 0.732121 0.886638 0.908114 0.769891 0.790615 0.482028 0.545264 0.341990 0.363978 0.690073 0.585984 0.836278 0.641078 0.418737 0.382666 0.858115 0.867790 0.618647 0.593045 0.811650 0.905681 0.909482 0.892780 0.544026 0.777978 0.696385 0.774188 0.812426 0.998394 0.827064 0.948265 0.964817 0.916423 0.949470 0.745367 0.935309 0.999260 0.668716 0.861320 0.722866 0.954646 0.779659 0.885407 0.728146 0.671928 0.468107 0.431165 0.461529 0.850057 0.719496 0.562490 0.546027 0.696721 0.884889 0.566211 0.747790 0.698377 0.598846 0.674825 0.545514 0.692906 0.606266 0.920055
0.916115 0.957727 0.453132 0.540122 0.924383 0.823645 0.712216 0.601745 0.000000 0.738670 0.942262 0.984177 0.862024 0.745087 0.796586 0.676946 0.799796 0.771036 0.835597 0.998254 0.954215 0.961153 0.636143 0.670609 0.753572 0.535851 0.907169 0.996513 0.890168 0.796775 0.660703 0.741954 0.751553 0.812666 0.704279 0.903164 0.750855 0.984938 0.781070 0.937407 0.961834 0.944241 0.578268 0.683649 0.686910 0.753220 0.664261 0.815635 0.969252 0.939389 0.835474 0.877405 0.739814 0.687380 0.928874 0.950865 0.933181 0.793352 0.959649 0.986005 0.598248 0.448446 0.767326 0.862607 0.513352 0.447566 0.673690 0.634236 0.831260 0.741547 0.594855 0.568088 0.725175 0.862348 0.962314 0.966896 0.790290 0.870197 0.994408 0.988222 0.765183 0.833229 0.904459 0.836870 0.784098 0.709360 0.973235 0.858603 0.744809 0.842570 0.517159 0.689263 0.619684 0.764204 0.837082 0.919601 0.752466 0.858052 0.564930 0.593765 0.734728 0.912048 0.953626 0.860972 0.721221 0.849994 0.900395 0.709202 0.851214 0.858000 0.843190 0.874555 0.740875 0.801956 0.883456 0.806651
0.634247 0.597793 0.872817 0.594938 0.943515 0.943864 0.584291 0.364152 0.738670 0.000000 0.625847 0.509136 0.745556 0.709205 0.948412 0.777755 0.669402 0.686948 0.537347 0.661350 0.712187 0.852526 0.883819 0.862087 0.765760 0.940183 0.823673 0.824339 0.726992 0.749887 0.663652 0.764128 0.582000 0.521811 0.966941 0.930616 0.737714 0.769435 0.966771 0.916541 0.819889 0.775483 0.483540 0.417702 0.616521 0.482252 0.561834 0.499079 0.615674 0.546083 0.582988 0.563785 0.659008 0.624503 0.891426 0.841389 0.640968 0.643611 0.554989 0.639512 0.582043 0.520881 0.697881 0.537892 0.892902 0.954422 0.688753 0.680539 0.784125 0.697122 0.566133 0.595725 0.932284 0.857140 0.924257 0.977122 0.595285 0.837113 0.651242 0.817424 0.693200 0.902368 0.848896 0.836077 0.898759 0.799327 0.907538 0.680353 0.904684 0.960885 0.727444 0.803978 0.796171 0.953235 0.892120 0.803153 0.729540 0.673232 0.479111 0.473596 0.565573 0.778096 0.570568 0.598689 0.650608 0.824531 0.984164 0.509131 0.874247 0.618227 0.641128 0.623444 0.580927 0.703764 0.821614 0.991871
0.433783 0.492571 0.914032 0.836981 0.888157 0.732760 0.688490 0.686477 0.942262 0.625847 0.000000 0.451220 0.716873 0.711370 0.915429 0.855519 0.348794 0.320098 0.421950 0.408019 0.867561 0.930395 0.907549 0.818014 0.943971 0.812623 0.963844 0.747367 0.377086 0.361014 0.651148 0.684481 0.523531 0.424983 0.988879 0.992898 0.953010 0.763722 0.935136 0.872888 0.867496 0.729893 0.903194 0.703204 0.924025 0.789393 0.688180 0.676598 0.835900 0.790663 0.966026 0.868794 0.910879 0.890166 0.934747 0.968553 0.425664 0.465978 0.527328 0.548568 0.612085 0.853715 0.384979 0.372185 0.793442 0.860901 0.748053 0.787255 0.444556 0.588590 0.850752 0.989557 0.716061 0.624465 0.806377 0.951526 0.745022 0.670368 0.636895 0.804110 0.520185 0.707219 0.512970 0.581960 0.990633 0.949585 0.818132 0.833628 0.831686 0.908764 0.715205 0.658432 0.634760 0.648607 0.999708 0.862004 0.904826 0.673757 0.863272 0.843449 0.913707 0.953452 0.631700 0.549905 0.910425 0.685829 0.926131 0.879521 0.953242 0.748968 0.871058 0.970097 0.784862 0.839079 0.765065 0.849522
0.366601 0.391015 0.977378 0.707703 0.938075 0.905734 0.684356 0.544269 0.984177 0.509136 0.451220 0.000000 0.486537 0.480749 0.772275 0.587975 0.396173 0.373202 0.370036 0.377051 0.901347 0.900682 0.738029 0.969281 0.980366 0.836570 0.984871 0.696941 0.459471 0.392352 0.621159 0.632810 0.504815 0.472005 0.920383 0.991659 0.755127 0.663444 0.976725 0.858005 0.801362 0.717331 0.629369 0.522756 0.782179 0.662242 0.541866 0.578823 0.661851 0.649410 0.702865 0.659206 0.858363 0.866666 0.868545 0.747143 0.483835 0.411622 0.510428 0.506677 0.560538 0.627802 0.453283 0.318150 0.753979 0.913478 0.782079 0.782709 0.502578 0.504938 0.723502 0.723059 0.696266 0.716364 0.892374 0.930800 0.642389 0.679014 0.466826 0.707502 0.388597 0.500904 0.546205 0.496373 0.880738 0.993326 0.915408 0.853139 0.941688 0.870261 0.949229 0.841742 0.865874 0.761941 0.952915 0.742708 0.872395 0.640915 0.697827 0.664765 0.805069 0.859134 0.572696 0.523082 0.705831 0.682264 0.968056 0.786458 0.862639 0.660864 0.830793 0.846982 0.788796 0.740624 0.743655 0.873841
0.569389 0.720340 0.791391 0.647406 0.828387 0.787255 0.791980 0.673435 0.862024 0.745556 0.716873 0.486537 0.000000 0.366463 0.433062 0.468220 0.723510 0.700210 0.666703 0.576056 0.823954 0.979727 0.527890 0.726016 0.856686 0.889286 0.970908 0.854549 0.715828 0.645416 0.660280 0.702033 0.584896 0.755107 0.979976 0.996737 0.804634 0.920188 0.955962 0.837972 0.895728 0.764361 0.788588 0.763536 0.956325 0.887545 0.661229 0.772726 0.973557 0.909066 0.870253 0.806635 0.877809 0.889231 0.870656 0.831804 0.863143 0.776333 0.768298 0.757590 0.560885 0.569172 0.743857 0.652819 0.857531 0.786036 0.844096 0.834217 0.595286 0.701094 0.615405 0.722710 0.515915 0.646641 0.757887 0.985524 0.714321 0.832055 0.763589 0.784441 0.659199 0.611324 0.697227 0.755989 0.617094 0.679661 0.936251 0.955802 0.844655 0.770984 0.873085 0.972365 0.997409 0.964414 0.976234 0.733100 0.738874 0.778374 0.801816 0.798010 0.912842 0.903120 0.910577 0.616610 0.736403 0.686939 0.930687 0.865552 0.768646 0.912473 0.935375 0.907076 0.947359 0.858880 0.732510 0.861881
0.586558 0.693727 0.804370 0.632395 0.862057 0.798265 0.763134 0.621795 0.745087 0.709205 0.711370 0.480749 0.366463 0.000000 0.471624 0.370772 0.672145 0.682681 0.590251 0.566437 0.888568 0.962123 0.457490 0.684801 0.809808 0.836242 0.903962 0.966857 0.689073 0.613849 0.591779 0.591646 0.515721 0.726177 0.978714 0.878439 0.695901 0.827759 0.917455 0.816583 0.872451 0.735367 0.682830 0.674739 0.852421 0.849504 0.617890 0.807502 0.918245 0.902399 0.776400 0.770389 0.719637 0.739741 0.906184 0.885226 0.806816 0.768984 0.819991 0.826594 0.551348 0.501481 0.751385 0.615100 0.924583 0.779104 0.780965 0.790249 0.664854 0.721121 0.518079 0.604558 0.487531 0.750560 0.769182 0.970840 0.720116 0.780124 0.669916 0.826926 0.630562 0.687252 0.623777 0.770110 0.611351 0.662048 0.882182 0.835155 0.854421 0.752941 0.796712 0.972682 0.968612 0.990765 0.962215 0.838982 0.699393 0.785855 0.709349 0.735935 0.854711 0.819616 0.832614 0.527717 0.821017 0.642946 0.849321 0.783498 0.821873 0.782619 0.889296 0.896095 0.871425 0.822679 0.765968 0.988726
0.807773 0.968873 0.890877 0.802322 0.832748 0.719449 0.895444 0.931099 0.796586 0.948412 0.915429 0.772275 0.433062 0.471624 0.000000 0.429844 0.896658 0.935526 0.873994 0.770344 0.812674 0.988179 0.547116 0.634381 0.733457 0.872034 0.879778 0.853019 0.877163 0.798933 0.764971 0.717206 0.807235 0.982911 0.988103 0.999737 0.765991 0.970206 0.888515 0.798485 0.867458 0.863201 0.969272 0.997659 0.823068 0.847541 0.819046 0.956302 0.817015 0.851818 0.954434 0.981103 0.960512 0.944619 0.951903 0.964990 0.905420 0.951533 0.966288 0.985620 0.820657 0.718277 0.976039 0.904052 0.819691 0.770208 0.917463 0.953049 0.699926 0.918274 0.580545 0.779501 0.636710 0.751750 0.886690 0.836885 0.946832 0.886248 0.917101 0.945064 0.905680 0.854738 0.849126 0.954998 0.651600 0.629580 0.975151 0.986510 0.789718 0.818188 0.953090 0.918434 0.880670 0.959403 0.974855 0.848657 0.793061 0.999253 0.962664 0.983642 0.928943 0.974844 0.929631 0.787629 0.830247 0.715015 0.926503 0.997553 0.781888 0.916165 0.845977 0.940481 0.859257 0.928621 0.888372 0.958752
0.744947 0.846844 0.772978 0.607152 0.941382 0.648333 0.972431 0.681768 0.676946 0.777755 0.855519 0.587975 0.468220 0.370772 0.429844 0.000000 0.905316 0.899031 0.729934 0.659115 0.914113 0.943855 0.403166 0.511557 0.677801 0.772111 0.946869 0.901468 0.830353 0.713004 0.571781 0.560034 0.707062 0.829148 0.918132 0.938666 0.703987 0.817199 0.773342 0.835101 0.953142 0.774192 0.713732 0.740025 0.965411 0.916975 0.627653 0.807512 0.959749 0.999035 0.873074 0.835367 0.806268 0.828689 0.881994 0.951698 0.978271 0.984054 0.907915 0.827570 0.664618 0.444486 0.992715 0.812371 0.774741 0.599373 0.925808 0.790697 0.820359 0.809891 0.537693 0.720670 0.553518 0.726141 0.855641 0.937231 0.897327 0.747733 0.796708 0.887859 0.821417 0.762074 0.766252 0.812142 0.678112 0.554686 0.979595 0.899959 0.811889 0.766947 0.866492 0.941401 0.962728 0.872607 0.998939 0.816232 0.755889 0.800794 0.844237 0.773704 0.922522 0.987468 0.969509 0.751727 0.803502 0.722172 0.938007 0.925278 0.749261 0.863998 0.946227 0.994233 0.978276 0.925900 0.745749 0.923995
0.390248 0.409320 0.838936 0.995916 0.967948 0.688818 0.730852 0.772959 0.799796 0.669402 0.348794 0.396173 0.723510 0.672145 0.896658 0.905316 0.000000 0.255960 0.427610 0.418477 0.859389 0.984415 0.993903 0.661051 0.793076 0.596171 0.958740 0.719530 0.313308 0.298337 0.780970 0.790449 0.536129 0.502107 0.860126 0.921056 0.949754 0.787015 0.821872 0.883768 0.857088 0.771575 0.819849 0.655555 0.804937 0.709183 0.680280 0.682835 0.635277 0.630711 0.754395 0.671917 0.891263 0.919257 0.937818 0.846703 0.383522 0.323981 0.493804 0.589083 0.689891 0.962875 0.289270 0.260315 0.549909 0.596910 0.810105 0.938416 0.453845 0.511094 0.894603 0.919366 0.803023 0.748726 0.851149 0.980166 0.712260 0.721987 0.452263 0.685191 0.310141 0.599534 0.547309 0.538560 0.972142 0.767015 0.832257 0.827357 0.794785 0.937466 0.763981 0.760164 0.700265 0.724725 0.901351 0.799415 0.970909 0.652698 0.780145 0.834735 0.873676 0.939568 0.563278 0.519765 0.919264 0.769033 0.973992 0.842661 0.921430 0.664250 0.892473 0.868687 0.789451 0.805758 0.783212 0.789617
0.391821 0.372680 0.827016 0.993011 0.945515 0.656336 0.790813 0.813568 0.771036 0.686948 0.320098 0.373202 0.700210 0.682681 0.935526 0.899031 0.255960 0.000000 0.390789 0.412429 0.861444 0.966589 0.941607 0.737952 0.816593 0.627191 0.967112 0.720899 0.302929 0.320962 0.799415 0.778626 0.580182 0.528727 0.833036 0.960078 0.983870 0.723050 0.808421 0.884841 0.872630 0.726208 0.891198 0.690008 0.913396 0.794925 0.764842 0.745258 0.721393 0.722112 0.854182 0.788065 0.967128 0.991881 0.981384 0.899195 0.335950 0.298873 0.543449 0.604447 0.754437 0.993545 0.304664 0.275223 0.582291 0.597748 0.909791 0.989297 0.443206 0.492220 0.884983 0.955072 0.806669 0.734704 0.850901 0.958318 0.782655 0.718750 0.462502 0.797899 0.361752 0.564177 0.518207 0.484502 0.986809 0.781680 0.864148 0.869038 0.774019 0.992043 0.728166 0.723141 0.669749 0.723320 0.953845 0.852899 0.908066 0.671154 0.855586 0.870526 0.966001 0.911119 0.546604 0.558510 0.902615 0.777689 0.940190 0.877115 0.965905 0.744106 0.846032 0.926085 0.803842 0.756470 0.837853 0.797834
0.421206 0.397478 0.825947 0.635038 0.904969 0.751933 0.621962 0.544573 0.835597 0.537347 0.421950 0.370036 0.666703 0.590251 0.873994 0.729934 0.427610 0.390789 0.000000 0.391794 0.893994 0.971396 0.674676 0.990051 0.937283 0.921328 0.996202 0.718651 0.443344 0.485077 0.621631 0.560342 0.458082 0.444035 0.984595 0.917138 0.662026 0.634467 0.981264 0.844455 0.859868 0.718008 0.570148 0.456335 0.747517 0.620145 0.505721 0.557035 0.731928 0.665783 0.789700 0.741275 0.903288 0.915198 0.992804 0.947069 0.362299 0.418067 0.534635 0.579332 0.583747 0.675835 0.520331 0.407898 0.910377 0.971357 0.738266 0.729425 0.518029 0.609457 0.747927 0.737687 0.721330 0.719816 0.964225 0.962224 0.639265 0.643386 0.528085 0.723026 0.509160 0.651424 0.515690 0.548561 0.858600 0.956625 0.859845 0.852943 0.968714 0.884186 0.940300 0.805070 0.822121 0.791745 0.794299 0.918107 0.925193 0.667325 0.633321 0.627116 0.866017 0.857417 0.553117 0.581612 0.787050 0.765431 0.914099 0.718151 0.924521 0.573350 0.751619 0.843636 0.729958 0.645597 0.692848 0.851861
0.383178 0.419484 0.934647 0.825772 0.976122 0.922003 0.825428 0.738587 0.998254 0.661350 0.408019 0.377051 0.576056 0.566437 0.770344 0.659115 0.418477 0.412429 0.391794 0.000000 0.922803 0.974321 0.784831 0.990001 0.911529 0.916626 0.877842 0.763839 0.442511 0.425098 0.721720 0.697240 0.598328 0.550019 0.974765 0.956217 0.693159 0.580282 0.982497 0.672782 0.825085 0.674440 0.732129 0.661712 0.882655 0.762400 0.589371 0.629409 0.721391 0.698739 0.855024 0.762076 0.975332 0.981448 0.867607 0.867918 0.460693 0.430405 0.672111 0.598202 0.709736 0.720441 0.613023 0.476948 0.842138 0.928400 0.925958 0.903255 0.442322 0.436827 0.803786 0.896506 0.658785 0.664650 0.853943 0.975775 0.706628 0.763808 0.631183 0.718333 0.483807 0.499006 0.552818 0.433007 0.759718 0.897896 0.854219 0.875742 0.991734 0.886943 0.840517 0.725654 0.698745 0.695303 0.901898 0.812685 0.898041 0.718600 0.828088 0.802384 0.961225 0.893381 0.691491 0.687985 0.858598 0.801471 0.905966 0.856548 0.892899 0.639488 0.929384 0.946123 0.895929 0.819350 0.847138 0.799369
0.923246 0.833600 0.919501 0.921706 0.932521 0.864828 0.984214 0.869553 0.954215 0.712187 0.867561 0.901347 0.823954 0.888568 0.812674 0.914113 0.859389 0.861444 0.893994 0.922803 0.000000 0.934144 0.790455 0.725429 0.818352 0.868540 0.943299 0.977487 0.909660 0.939732 0.941013 0.813259 0.965035 0.855689 0.960323 0.837701 0.926060 0.765362 0.938436 0.966703 0.968619 0.951397 0.829165 0.847721 0.906854 0.870498 0.912421 0.810859 0.852180 0.794283 0.890034 0.845700 0.939296 0.890661 0.947877 0.956333 0.775977 0.833712 0.812883 0.805612 0.989302 0.905417 0.925742 0.856623 0.883899 0.873029 0.914781 0.987405 0.933098 0.816875 0.981625 0.976184 0.981922 0.906505 0.957832 0.920051 0.942169 0.922947 0.876298 0.910349 0.909232 0.980894 0.989704 0.845333 0.756444 0.699531 0.962942 0.871334 0.949616 0.817702 0.929045 0.976860 0.939711 0.871735 0.985440 0.945425 0.904416 0.852904 0.854683 0.831045 0.885121 0.944152 0.833657 0.993397 0.983398 0.953219 0.820037 0.927405 0.974819 0.944969 0.792446 0.762528 0.772734 0.828984 0.875916 0.877579
0.905366 0.949474 0.992252 0.915597 0.886874 0.930363 0.987253 0.888544 0.961153 0.852526 0.930395 0.900682 0.979727 0.962123 0.988179 0.943855 0.984415 0.966589 0.971396 0.974321 0.934144 0.000000 0.984345 0.987458 0.865605 0.948505 0.857539 0.981988 0.992913 0.977388 0.982258 0.967747 0.987408 0.922645 0.958459 0.984322 0.859335 0.860571 0.953454 0.735805 0.942453 0.956449 0.901132 0.856849 0.919127 0.857382 0.899285 0.888152 0.900277 0.841051 0.828392 0.863318 0.893457 0.890558 0.839450 0.767198 0.969209 0.973083 0.948260 0.968664 0.998701 0.983597 0.991059 0.987369 0.959409 0.950098 0.941834 0.972100 0.974842 0.903348 0.911074 0.951203 0.902125 0.698045 0.828860 0.871966 0.893002 0.789548 0.981501 0.953237 0.919754 0.940506 0.880886 0.908985 0.979543 0.981316 0.888726 0.872218 0.950845 0.970944 0.885851 0.911726 0.948639 0.974042 0.944186 0.926451 0.702729 0.924284 0.947031 0.956804 0.920379 0.978554 0.945395 0.898612 0.835076 0.978000 0.923752 0.929809 0.959941 0.914506 0.991147 0.749686 0.956172 0.944911 0.981141 0.949623
0.875990 0.957027 0.596440 0.432066 0.767242 0.817564 0.804089 0.642169 0.636143 0.883819 0.907549 0.738029 0.527890 0.457490 0.547116 0.403166 0.993903 0.941607 0.674676 0.784831 0.790455 0.984345 0.000000 0.434859 0.619319 0.696133 0.969296 0.955963 0.932780 0.867414 0.563764 0.496450 0.704322 0.855654 0.969332 0.884643 0.779627 0.951183 0.923071 0.940501 0.962604 0.841987 0.770526 0.763247 0.916012 0.956346 0.768300 0.928348 0.708371 0.783949 0.919805 0.918035 0.963667 0.986066 0.901678 0.833491 0.989061 0.954359 0.926528 0.911387 0.629454 0.557439 0.983895 0.880146 0.554417 0.517278 0.823762 0.783510 0.898300 0.979801 0.641399 0.668821 0.541153 0.816543 0.881960 0.948671 0.838032 0.779583 0.890830 0.967234 0.992927 0.972460 0.762801 0.901739 0.658121 0.505442 0.968712 0.980859 0.762358 0.711965 0.852269 0.874948 0.999748 0.977093 0.860603 0.984752 0.896156 0.866802 0.840363 0.781227 0.915089 0.986242 0.907054 0.795455 0.752501 0.693075 0.961872 0.906258 0.725928 0.927479 0.929160 0.993839 0.943777 0.939972 0.660299 0.906639
0.899452 0.807671 0.608715 0.600927 0.856139 0.605609 0.950538 0.896458 0.670609 0.862087 0.818014 0.969281 0.726016 0.684801 0.634381 0.511557 0.661051 0.737952 0.990051 0.990001 0.725429 0.987458 0.434859 0.000000 0.446124 0.459868 0.856114 0.838487 0.811827 0.876328 0.714692 0.700566 0.940284 0.903240 0.874737 0.904951 0.772958 0.986070 0.675782 0.861280 0.936670 0.917716 0.952213 0.991694 0.832519 0.803933 0.905615 0.948523 0.663409 0.702442 0.785224 0.776458 0.952999 0.841687 0.994804 0.869826 0.715023 0.705713 0.772453 0.901493 0.869853 0.659156 0.660021 0.729248 0.460724 0.421084 0.994781 0.825449 0.967047 0.828992 0.793642 0.860378 0.669256 0.860796 0.903193 0.935860 0.994635 0.909699 0.875515 0.981708 0.771764 0.961317 0.970839 0.919885 0.594637 0.391485 0.873604 0.806962 0.663825 0.681653 0.902339 0.880786 0.998390 0.956229 0.962922 0.879749 0.838423 0.873272 0.932714 0.988157 0.926611 0.920844 0.710330 0.941353 0.889865 0.866049 0.969271 0.892409 0.873213 0.834693 0.964092 0.755697 0.820966 0.954160 0.848630 0.886983
0.996356 0.940635 0.631173 0.734379 0.791889 0.743894 0.893953 0.955042 0.753572 0.765760 0.943971 0.980366 0.856686 0.809808 0.733457 0.677801 0.793076 0.816593 0.937283 0.911529 0.818352 0.865605 0.619319 0.446124 0.000000 0.483875 0.788501 0.780438 0.873616 0.901061 0.725588 0.693770 0.970120 0.966730 0.845618 0.969886 0.739901 0.766852 0.545701 0.830398 0.979041 0.944583 0.995665 0.908809 0.809604 0.775715 0.936682 0.968953 0.688817 0.741876 0.696465 0.712376 0.819713 0.721157 0.981168 0.958514 0.911707 0.807639 0.811073 0.963381 0.948557 0.803417 0.684677 0.737350 0.509679 0.543686 0.946629 0.871202 0.850023 0.949894 0.953985 0.912214 0.622236 0.737355 0.986844 0.958865 0.969942 0.819790 0.898216 0.940936 0.886629 0.839202 0.854255 0.906064 0.568549 0.374017 0.886135 0.755305 0.686392 0.673232 0.897997 0.741784 0.845538 0.825975 0.989070 0.959224 0.956221 0.858006 0.877839 0.877230 0.815516 0.831429 0.796526 0.928185 0.992243 0.907455 0.960093 0.833876 0.903643 0.900998 0.913406 0.735381 0.846274 0.851060 0.880267 0.971984
0.880049 0.780131 0.505289 0.609355 0.923005 0.578240 0.870266 0.833113 0.535851 0.940183 0.812623 0.836570 0.889286 0.836242 0.872034 0.772111 0.596171 0.627191 0.921328 0.916626 0.868540 0.948505 0.696133 0.459868 0.483875 0.000000 0.984690 0.799823 0.673272 0.668962 0.768839 0.854627 0.905578 0.983010 0.717212 0.933598 0.813112 0.945972 0.596226 0.957920 0.977703 0.906434 0.888694 0.986797 0.973789 0.936174 0.894778 0.979589 0.770574 0.816027 0.879454 0.831895 0.981754 0.941589 0.931500 0.973847 0.746208 0.628888 0.825111 0.876579 0.788420 0.646320 0.616469 0.635104 0.418625 0.380775 0.796138 0.697941 0.905297 0.789674 0.769636 0.790981 0.708672 0.878641 0.908413 0.950971 0.963918 0.988513 0.762139 0.982271 0.682843 0.921207 0.949468 0.836705 0.618276 0.472175 0.817570 0.769500 0.678418 0.754439 0.752275 0.899326 0.756310 0.845219 0.884360 0.983508 0.772287 0.909281 0.869929 0.942728 0.897176 0.923394 0.813662 0.960600 0.875864 0.870298 0.913191 0.936767 0.949198 0.898870 0.929066 0.850074 0.997515 0.982756 0.977296 0.842597
0.914195 0.981639 0.921608 0.901587 0.936279 0.958855 0.661683 0.781175 0.907169 0.823673 0.963844 0.984871 0.970908 0.903962 0.879778 0.946869 0.958740 0.967112 0.996202 0.877842 0.943299 0.857539 0.969296 0.856114 0.788501 0.984690 0.000000 0.863646 0.998369 0.961388 0.837526 0.962694 0.807972 0.882176 0.912101 0.843264 0.926736 0.723403 0.994906 0.874359 0.880634 0.871962 0.796476 0.863940 0.666647 0.733735 0.943106 0.896742 0.866673 0.886196 0.737485 0.788162 0.682978 0.650080 0.973901 0.944057 0.960918 0.951091 0.851689 0.928023 0.755482 0.818288 0.878580 0.872937 0.942687 0.944694 0.626856 0.696558 0.835305 0.962413 0.813413 0.851404 0.983016 0.927825 0.981178 0.916724 0.821043 0.992640 0.960083 0.942329 0.951499 0.785837 0.872329 0.771704 0.875192 0.842733 0.900154 0.634278 0.926044 0.703565 0.750271 0.766815 0.709278 0.849066 0.903409 0.965678 0.904228 0.935515 0.740110 0.850711 0.684205 0.760470 0.912268 0.789159 0.966050 0.979632 0.829254 0.788223 0.882851 0.923331 0.727356 0.858821 0.784318 0.844598 0.884063 0.946756
0.819730 0.694064 0.925134 0.952869 0.875295 0.664250 0.630152 0.806157 0.996513 0.824339 0.747367 0.696941 0.854549 0.966857 0.853019 0.901468 0.719530 0.720899 0.718651 0.763839 0.977487 0.981988 0.955963 0.838487 0.780438 0.799823 0.863646 0.000000 0.717067 0.771533 0.917726 0.915571 0.777264 0.757651 0.831991 0.885039 0.898306 0.942793 0.825055 0.952244 0.989492 0.934609 0.809207 0.771058 0.737060 0.709712 0.819191 0.798195 0.745919 0.766361 0.766088 0.780539 0.919269 0.892536 0.935421 0.936535 0.715512 0.663147 0.615630 0.667625 0.705698 0.873230 0.640929 0.680166 0.857445 0.891650 0.694576 0.780817 0.950166 0.924749 0.981552 0.951296 0.974723 0.956780 0.858352 0.961790 0.738305 0.945095 0.777008 0.793983 0.713487 0.758011 0.893512 0.824034 0.997228 0.876532 0.948813 0.813569 0.947861 0.958060 0.960350 0.968941 0.924455 0.970760 0.871436 0.986319 0.876200 0.703495 0.830101 0.797394 0.926906 0.717601 0.744285 0.738173 0.821765 0.948584 0.962946 0.842156 0.916877 0.804031 0.946072 0.905434 0.839166 0.855351 0.924688 0.877892
0.465122 0.467047 0.907304 0.997941 0.995599 0.714544 0.817988 0.832313 0.890168 0.726992 0.377086 0.459471 0.715828 0.689073 0.877163 0.830353 0.313308 0.302929 0.443344 0.442511 0.909660 0.992913 0.932780 0.811827 0.873616 0.673272 0.998369 0.717067 0.000000 0.288015 0.757718 0.704354 0.575211 0.536748 0.863447 0.910481 0.967048 0.760859 0.896779 0.786912 0.983995 0.817437 0.858013 0.700363 0.830874 0.718047 0.706630 0.684922 0.696273 0.660883 0.792710 0.683465 0.912788 0.937002 0.963388 0.920049 0.461230 0.406125 0.559460 0.532474 0.699592 0.918897 0.382400 0.335880 0.669940 0.727202 0.880337 0.931148 0.518991 0.599244 0.921007 0.956058 0.764973 0.705492 0.871359 0.986837 0.846506 0.752215 0.525449 0.775430 0.387244 0.619432 0.539906 0.566901 0.987880 0.869821 0.833082 0.828230 0.835886 0.957822 0.727333 0.676814 0.608170 0.643073 0.925233 0.853046 0.975707 0.692232 0.841976 0.857290 0.961084 0.949734 0.549196 0.562372 0.920604 0.811395 0.978267 0.926856 0.979193 0.744083 0.972001 0.937559 0.774508 0.769155 0.793459 0.831239
0.448789 0.536060 0.922058 0.946291 0.951236 0.799499 0.815392 0.795231 0.796775 0.749887 0.361014 0.392352 0.645416 0.613849 0.798933 0.713004 0.298337 0.320962 0.485077 0.425098 0.939732 0.977388 0.867414 0.876328 0.901061 0.668962 0.961388 0.771533 0.288015 0.000000 0.657268 0.651828 0.562196 0.519491 0.903706 0.922580 0.984505 0.813602 0.918934 0.789387 0.936298 0.798333 0.913194 0.737915 0.920544 0.797841 0.683303 0.697483 0.785232 0.751978 0.861058 0.744985 0.968933 0.995490 0.979659 0.942340 0.549755 0.476254 0.551873 0.548783 0.660663 0.866033 0.355137 0.296460 0.651184 0.769752 0.855513 0.866931 0.478239 0.550751 0.896964 0.967751 0.754466 0.671411 0.778950 0.991527 0.838271 0.655170 0.529627 0.747425 0.373976 0.639888 0.494465 0.561687 0.960868 0.914436 0.844646 0.829851 0.777509 0.897253 0.662421 0.590531 0.542040 0.543299 0.959084 0.765437 0.946105 0.668204 0.934200 0.904873 0.974439 0.987955 0.626171 0.531455 0.863932 0.685761 0.943009 0.976901 0.885279 0.726879 0.986331 0.963403 0.921529 0.873838 0.708864 0.751990
0.805909 0.836146 0.593227 0.509566 0.833651 0.960601 0.558617 0.498538 0.660703 0.663652 0.651148 0.621159 0.660280 0.591779 0.764971 0.571781 0.780970 0.799415 0.621631 0.721720 0.941013 0.982258 0.563764 0.714692 0.725588 0.768839 0.837526 0.917726 0.757718 0.657268 0.000000 0.412387 0.506247 0.504294 0.906506 0.756948 0.855221 0.889280 0.784090 0.916989 0.935685 0.843491 0.688129 0.680347 0.798236 0.765058 0.641275 0.648417 0.943498 0.954635 0.905556 0.911185 0.828793 0.888314 0.972417 0.958415 0.899873 0.970408 0.712178 0.715462 0.437189 0.482126 0.757407 0.661307 0.825857 0.622190 0.574238 0.462775 0.822213 0.928829 0.669978 0.727736 0.686957 0.732948 0.787688 0.926271 0.746207 0.601767 0.764202 0.909190 0.805868 0.955781 0.662853 0.911114 0.921516 0.766702 0.948531 0.838245 0.813043 0.980205 0.932348 0.842600 0.978031 0.837168 0.899984 0.746403 0.922459 0.628046 0.754072 0.764202 0.652619 0.965828 0.901783 0.617561 0.651329 0.641989 0.871757 0.728734 0.760114 0.871100 0.772860 0.975593 0.867945 0.902878 0.598113 0.949669
0.770543 0.789677 0.651644 0.530498 0.887577 0.964893 0.695462 0.628400 0.741954 0.764128 0.684481 0.632810 0.702033 0.591646 0.717206 0.560034 0.790449 0.778626 0.560342 0.697240 0.813259 0.967747 0.496450 0.700566 0.693770 0.854627 0.962694 0.915571 0.704354 0.651828 0.412387 0.000000 0.538568 0.639274 0.955665 0.903525 0.814107 0.761913 0.877056 0.827961 0.943931 0.892216 0.674541 0.641230 0.846723 0.774356 0.655269 0.731752 0.993913 0.959763 0.888234 0.875475 0.874510 0.887882 0.954237 0.920145 0.814543 0.918503 0.784419 0.801764 0.602461 0.609914 0.799130 0.707231 0.858993 0.707962 0.771426 0.638414 0.785434 0.940497 0.754186 0.776114 0.778562 0.802432 0.898295 0.989713 0.826671 0.582650 0.759301 0.845070 0.798954 0.922265 0.660915 0.745346 0.887646 0.733846 0.971435 0.811387 0.898825 0.996505 0.965832 0.770830 0.880022 0.889716 0.978792 0.812886 0.966363 0.803948 0.760796 0.840654 0.788387 0.852256 0.833251 0.738482 0.719358 0.712098 0.944755 0.777658 0.761461 0.786138 0.877975 0.999941 0.832147 0.902043 0.559593 0.960837
0.579728 0.609113 0.675525 0.582647 0.956087 0.997415 0.423476 0.460947 0.751553 0.582000 0.523531 0.504815 0.584896 0.515721 0.807235 0.707062 0.536129 0.580182 0.458082 0.598328 0.965035 0.987408 0.704322 0.940284 0.970120 0.905578 0.807972 0.777264 0.575211 0.562196 0.506247 0.538568 0.000000 0.408622 0.901283 0.786816 0.804631 0.859657 0.975858 0.903718 0.853886 0.757120 0.607368 0.500720 0.566360 0.553396 0.464215 0.574838 0.725786 0.664053 0.651186 0.631480 0.673377 0.754519 0.873242 0.904097 0.610145 0.633434 0.552436 0.662425 0.360371 0.572445 0.508604 0.472549 0.977688 0.869072 0.471445 0.540707 0.655966 0.770072 0.669247 0.665360 0.694710 0.791146 0.796402 0.963034 0.671279 0.675393 0.597214 0.700485 0.547315 0.746134 0.574707 0.731726 0.801570 0.872760 0.977203 0.834541 0.960078 0.977250 0.833342 0.990482 0.939638 0.935729 0.755638 0.804487 0.854531 0.605553 0.522072 0.638216 0.679367 0.791179 0.652829 0.394993 0.722408 0.699320 0.995429 0.710902 0.863584 0.681315 0.635867 0.790485 0.702496 0.646249 0.558679 0.982591
0.569521 0.519982 0.742121 0.619165 0.952259 0.893350 0.413213 0.402470 0.812666 0.521811 0.424983 0.472005 0.755107 0.726177 0.982911 0.829148 0.502107 0.528727 0.444035 0.550019 0.855689 0.922645 0.855654 0.903240 0.966730 0.983010 0.882176 0.757651 0.536748 0.519491 0.504294 0.639274 0.408622 0.000000 0.919949 0.858124 0.907490 0.811416 0.969701 0.992054 0.949300 0.884755 0.595179 0.474927 0.607056 0.516754 0.461105 0.434165 0.709486 0.624816 0.708524 0.665720 0.820267 0.889409 0.955270 0.920956 0.546949 0.577576 0.403433 0.426072 0.400813 0.592751 0.467553 0.418051 0.934933 0.891462 0.481908 0.471279 0.652950 0.746162 0.842159 0.848815 0.841311 0.778712 0.881634 0.931509 0.638631 0.631602 0.524534 0.705570 0.580951 0.854970 0.668976 0.758951 0.938772 0.952220 0.834401 0.761987 0.891185 0.904904 0.978214 0.875082 0.933527 0.753089 0.843874 0.846991 0.944685 0.562609 0.621319 0.584736 0.572499 0.915811 0.580575 0.475855 0.720467 0.664844 0.961660 0.668962 0.913844 0.651572 0.691649 0.800871 0.677410 0.678778 0.593179 0.847996
0.980667 0.989349 0.642529 0.760062 0.720569 0.955528 0.791618 0.847555 0.704279 0.966941 0.988879 0.920383 0.979976 0.978714 0.988103 0.918132 0.860126 0.833036 0.984595 0.974765 0.960323 0.958459 0.969332 0.874737 0.845618 0.717212 0.912101 0.831991 0.863447 0.903706 0.906506 0.955665 0.901283 0.919949 0.000000 0.957406 0.961202 0.998291 0.945168 0.890000 0.927297 0.968237 0.827934 0.906058 0.794579 0.820931 0.776020 0.809662 0.988475 0.866155 0.906562 0.897673 0.873726 0.891632 0.881270 0.955551 0.980622 0.898733 0.928924 0.911098 0.800022 0.734918 0.864213 0.870702 0.697889 0.744821 0.729973 0.670340 0.953208 0.876470 0.907864 0.883026 0.930898 0.849579 0.925599 0.909359 0.920104 0.922105 0.896789 0.958139 0.919666 0.977322 0.983831 0.906644 0.853247 0.849418 0.922466 0.941042 0.835489 0.903050 0.790756 0.825638 0.815040 0.880149 0.988312 0.928244 0.834373 0.893038 0.820011 0.876061 0.967780 0.879947 0.928183 0.938979 0.934139 0.982391 0.855929 0.901696 0.911511 0.982663 0.973890 0.972209 0.851701 0.936173 0.855603 0.970925
0.980453 0.884825 0.844812 0.833863 0.878009 0.925029 0.745618 0.836665 0.903164 0.930616 0.992898 0.991659 0.996737 0.878439 0.999737 0.938666 0.921056 0.960078 0.917138 0.956217 0.837701 0.984322 0.884643 0.904951 0.969886 0.933598 0.843264 0.885039 0.910481 0.922580 0.756948 0.903525 0.786816 0.858124 0.957406 0.000000 0.975061 0.836554 0.975865 0.988247 0.839893 0.989632 0.807993 0.754429 0.729923 0.763531 0.816434 0.903362 0.876831 0.827034 0.823770 0.823259 0.700237 0.820817 0.975456 0.875246 0.934338 0.904524 0.802900 0.895658 0.763120 0.854468 0.922457 0.890606 0.908819 0.902478 0.711158 0.766466 0.905517 0.950949 0.909441 0.996365 0.963264 0.993910 0.906597 0.873627 0.813232 0.814421 0.930976 0.864720 0.876919 0.989881 0.898754 0.860783 0.922568 0.905687 0.929613 0.934447 0.839107 0.856594 0.856357 0.804899 0.883207 0.929617 0.832893 0.904470 0.932672 0.860908 0.844796 0.715670 0.868051 0.927818 0.903315 0.814703 0.921271 0.977880 0.903096 0.896500 0.929069 0.960297 0.779827 0.834132 0.960746 0.915761 0.789681 0.866499
0.747682 0.829944 0.796370 0.739162 0.992241 0.840372 0.998646 0.796969 0.750855 0.737714 0.953010 0.755127 0.804634 0.695901 0.765991 0.703987 0.949754 0.983870 0.662026 0.693159 0.926060 0.859335 0.779627 0.772958 0.739901 0.813112 0.926736 0.898306 0.967048 0.984505 0.855221 0.814107 0.804631 0.907490 0.961202 0.975061 0.000000 0.656228 0.725291 0.778534 0.697426 0.824677 0.646438 0.720803 0.884564 0.832974 0.654567 0.702199 0.864850 0.869666 0.888837 0.881751 0.886233 0.855191 0.783105 0.905184 0.802176 0.862646 0.981747 0.997806 0.889446 0.652317 0.840462 0.980576 0.858242 0.791406 0.968691 0.863323 0.716738 0.740726 0.735180 0.663549 0.730571 0.873596 0.898137 0.961791 0.738216 0.879367 0.900346 0.858198 0.901598 0.784678 0.773128 0.794311 0.688632 0.722077 0.826991 0.993671 0.764580 0.762699 0.872207 0.956222 0.984447 0.975805 0.934491 0.950366 0.730742 0.999319 0.732409 0.707566 0.986390 0.841728 0.939327 0.955182 0.884564 0.980353 0.844282 0.755525 0.794523 0.790224 0.970961 0.862174 0.974463 0.915365 0.949544 0.993263
0.642892 0.602117 0.998820 0.967273 0.906280 0.888772 0.913286 0.943186 0.984938 0.769435 0.763722 0.663444 0.920188 0.827759 0.970206 0.817199 0.787015 0.723050 0.634467 0.580282 0.765362 0.860571 0.951183 0.986070 0.766852 0.945972 0.723403 0.942793 0.760859 0.813602 0.889280 0.761913 0.859657 0.811416 0.998291 0.836554 0.656228 0.000000 0.811836 0.631776 0.738018 0.738829 0.769352 0.770902 0.920235 0.843158 0.666202 0.661002 0.760058 0.760840 0.876479 0.846417 0.944425 0.980968 0.854735 0.747567 0.569457 0.664951 0.975209 0.849096 0.960779 0.870174 0.966557 0.840160 0.930424 0.939266 0.797026 0.942464 0.679838 0.637504 0.938765 0.837523 0.888788 0.897541 0.872737 0.980795 0.987061 0.836767 0.848004 0.919987 0.695467 0.619677 0.703816 0.476468 0.834427 0.940161 0.997101 0.884031 0.923715 0.842122 0.905182 0.874545 0.796552 0.838687 0.897904 0.774152 0.897480 0.839859 0.879707 0.910272 0.959835 0.987200 0.698418 0.966920 0.962164 0.961178 0.931099 0.945409 0.900168 0.770027 0.904336 0.857418 0.937342 0.778625 0.998307 0.964075
