0.000000 0.560301 0.739925 0.793716 0.954489 0.907364 0.683905 0.862105 0.911190 0.956843 0.697121 0.739091 0.801556 0.940361 0.985105 0.973980 0.553277 0.575703 0.459479 0.610011 0.836003 0.888171 0.946722 0.949867 0.731865 0.806996 0.910973 0.992848 0.734502 0.764001 0.866774 0.959189 0.698283 0.557536 0.869774 0.988917 0.915366 0.920285 0.832639 0.852396 0.977354 0.888004 0.704703 0.625747 0.985027 0.905175 0.670711 0.772672 0.982574 0.951218 0.924945 0.894601 0.899366 0.808389 0.863564 0.899354 0.472138 0.549328 0.575556 0.774766 0.680092 0.893537 0.672641 0.789797 0.780580 0.833342 0.734958 0.772879 0.715405 0.672233 0.871506 0.891365 0.694862 0.714628 0.993855 0.939480 0.736625 0.774236 0.850819 0.702389 0.600468 0.565696 0.860057 0.672152 0.714949 0.759826 0.835584 0.985914 0.988204 0.762791 0.839374 0.902253 0.846281 0.976841 0.939341 0.835448 0.844325 0.889123 0.958560 0.841094 0.872943 0.918426 0.813667 0.670721 0.934200 0.939509 0.909548 0.931025 0.829353 0.770025 0.790291 0.967439 0.935238 0.991799 0.889573 0.753785
0.560301 0.000000 0.902820 0.804952 0.901534 0.922742 0.834257 0.737385 0.873000 0.879383 0.825658 0.538670 0.705507 0.722117 0.799281 0.739811 0.556125 0.546634 0.584464 0.630502 0.947628 0.950949 0.912618 0.900887 0.888962 0.977309 0.950810 0.994795 0.666088 0.690862 0.815392 0.891183 0.576564 0.530545 0.919742 0.971088 0.861132 0.923708 0.995014 0.857024 0.982814 0.931516 0.661285 0.572290 0.764396 0.711341 0.583779 0.594841 0.868690 0.850234 0.798746 0.858792 0.949569 0.940072 0.857062 0.875697 0.466891 0.403286 0.636574 0.833281 0.571055 0.667790 0.546270 0.547658 0.833377 0.849729 0.748570 0.723392 0.915572 0.612355 0.710344 0.771521 0.832690 0.799296 0.916776 0.995136 0.699436 0.842718 0.625380 0.689759 0.477226 0.523625 0.737965 0.624316 0.732665 0.746758 0.987183 0.941495 0.934827 0.786500 0.835901 0.791148 0.862664 0.859718 0.835873 0.783952 0.806565 0.813518 0.755652 0.802226 0.858510 0.868769 0.767166 0.755943 0.853427 0.871167 0.911767 0.889950 0.856490 0.824681 0.763208 0.894211 0.911866 0.837898 0.800470 0.958781
0.739925 0.902820 0.000000 0.464634 0.988070 0.982624 0.376133 0.661740 0.715903 0.991107 0.885707 0.805840 0.758045 0.819270 0.908241 0.819975 0.924369 0.873989 0.733365 0.864833 0.734015 0.848742 0.794045 0.817950 0.507275 0.609628 0.973068 0.996079 0.816236 0.717460 0.886301 0.991425 0.750251 0.757461 0.699109 0.923953 0.833697 0.982453 0.851556 0.836443 0.961365 0.819249 0.650640 0.804825 0.821828 0.868015 0.680645 0.844207 0.806404 0.964163 0.911832 0.870612 0.929070 0.780221 0.862753 0.814387 0.948398 0.999855 0.541459 0.666221 0.718010 0.951969 0.873165 0.777195 0.406812 0.567245 0.517219 0.578867 0.919983 0.871427 0.987529 0.953059 0.949934 0.956997 0.926926 0.984155 0.774095 0.896345 0.890918 0.968731 0.964328 0.940753 0.856562 0.997043 0.609989 0.757633 0.686649 0.861182 0.716234 0.637793 0.726936 0.708485 0.646503 0.583018 0.957859 0.754807 0.864596 0.961946 0.826488 0.744782 0.678263 0.895342 0.986074 0.910819 0.621448 0.711826 0.958232 0.840719 0.794277 0.956145 0.925499 0.974832 0.998480 0.818920 0.766214 0.721187
0.793716 0.804952 0.464634 0.000000 0.929234 0.991370 0.510718 0.511243 0.905160 0.893561 0.978701 0.988367 0.852538 0.944269 0.864568 0.966400 0.870756 0.876494 0.799382 0.831690 0.728581 0.901902 0.721588 0.637597 0.643788 0.639657 0.974701 0.946324 0.750570 0.690047 0.942919 0.969141 0.779533 0.671426 0.693182 0.885844 0.790402 0.904188 0.741007 0.843653 0.981837 0.833647 0.733197 0.804578 0.812379 0.878737 0.743700 0.791324 0.746432 0.949125 0.932133 0.785906 0.825368 0.689631 0.934788 0.795086 0.967797 0.944827 0.641741 0.638876 0.756780 0.748725 0.967044 0.938547 0.425105 0.367190 0.428209 0.403548 0.895169 0.871681 0.839685 0.766093 0.782901 0.868994 0.964044 0.914001 0.688540 0.771066 0.998623 0.953590 0.884106 0.902916 0.898905 0.984537 0.605123 0.648231 0.762310 0.826835 0.901592 0.603248 0.723392 0.759537 0.643747 0.681687 0.993006 0.696962 0.763692 0.967585 0.693518 0.749294 0.637774 0.877399 0.951063 0.973210 0.498299 0.643844 0.905260 0.757463 0.769148 0.941665 0.815924 0.999366 0.964767 0.846570 0.777349 0.773174
0.954489 0.901534 0.988070 0.929234 0.000000 0.770712 0.937132 0.978876 0.896833 0.903613 0.813024 0.927689 0.800325 0.916642 0.847542 0.876438 0.811891 0.795823 0.918377 0.928905 0.851014 0.744258 0.867178 0.944923 0.961308 0.928427 0.910653 0.911817 0.940947 0.788425 0.832877 0.969287 0.908560 0.943672 0.991668 0.825885 0.870790 0.961188 0.962665 0.934182 0.874997 0.899178 0.934853 0.994557 0.780297 0.885188 0.925219 0.935412 0.813081 0.875003 0.815082 0.953943 0.835887 0.783674 0.878863 0.957914 0.844769 0.896229 0.872298 0.816860 0.819044 0.929796 0.790656 0.880675 0.978674 0.958393 0.974810 0.974886 0.865051 0.909991 0.747819 0.912812 0.863901 0.995253 0.914098 0.922444 0.935166 0.928131 0.891389 0.841350 0.813748 0.827774 0.833602 0.801051 0.797495 0.724062 0.982506 0.776215 0.997244 0.975100 0.956409 0.970557 0.994820 0.962083 0.834439 0.920458 0.936325 0.963827 0.953074 0.940942 0.874767 0.906650 0.997213 0.906436 0.948803 0.863119 0.944143 0.964915 0.957551 0.958224 0.972052 0.970783 0.969052 0.902986 0.934108 0.969892
0.907364 0.922742 0.982624 0.991370 0.770712 0.000000 0.960121 0.920717 0.896040 0.980563 0.959242 0.899187 0.945798 0.917559 0.928706 0.779037 0.892222 0.865192 0.935984 0.831166 0.864964 0.977534 0.838125 0.847015 0.981952 0.860272 0.869017 0.846503 0.944194 0.957632 0.889629 0.996607 0.918115 0.877351 0.897964 0.928385 0.767307 0.959879 0.935202 0.965033 0.792819 0.969375 0.836444 0.778355 0.930439 0.961538 0.895239 0.998426 0.883427 0.933096 0.845603 0.927724 0.788486 0.788706 0.911800 0.788078 0.950221 0.887757 0.734934 0.731133 0.995757 0.942503 0.974797 0.927979 0.949034 0.973346 0.965326 0.987393 0.812108 0.804825 0.915090 0.954746 0.866280 0.787342 0.938448 0.947956 0.974911 0.898301 0.977977 0.994673 0.966110 0.961213 0.928979 0.948971 0.835363 0.791887 0.876784 0.765485 0.918674 0.982084 0.757279 0.781522 0.735849 0.839046 0.908247 0.901883 0.829693 0.995577 0.915279 0.973307 0.946524 0.936383 0.949255 0.932504 0.943196 0.960690 0.942611 0.991482 0.916177 0.900011 0.902176 0.964677 0.881580 0.988050 0.912755 0.945587
0.683905 0.834257 0.376133 0.510718 0.937132 0.960121 0.000000 0.578816 0.669682 0.929007 0.890268 0.928571 0.627888 0.996128 0.942241 0.973175 0.996611 0.973690 0.723273 0.847931 0.829177 0.948975 0.736344 0.880582 0.632686 0.670059 0.954572 0.996111 0.908660 0.865989 0.899171 0.912007 0.684470 0.718179 0.705169 0.993746 0.844411 0.898387 0.883240 0.880498 0.975648 0.910273 0.706326 0.776805 0.889123 0.958633 0.728860 0.818388 0.875876 0.886840 0.787890 0.769044 0.932469 0.913320 0.876508 0.913848 0.886940 0.919227 0.516154 0.673967 0.533527 0.836419 0.934890 0.946178 0.427228 0.598588 0.589737 0.651947 0.962010 0.877635 0.998612 0.962442 0.916012 0.893452 0.931618 0.979901 0.731548 0.854548 0.945885 0.996624 0.827376 0.855113 0.981284 0.889981 0.508541 0.732255 0.792050 0.971211 0.702992 0.635152 0.708181 0.674726 0.719276 0.650191 0.929018 0.853078 0.931388 0.926518 0.736718 0.642087 0.736635 0.811359 0.973316 0.925297 0.657757 0.739328 0.907134 0.903365 0.719597 0.925526 0.872619 0.934504 0.973597 0.881463 0.760397 0.696875
0.862105 0.737385 0.661740 0.511243 0.978876 0.920717 0.578816 0.000000 0.937661 0.769058 0.955239 0.736833 0.682960 0.787744 0.996408 0.886406 0.980888 0.954220 0.901366 0.767941 0.957268 0.993361 0.727334 0.827760 0.993187 0.969408 0.890754 0.981506 0.992722 0.957666 0.977050 0.948747 0.753048 0.606351 0.797896 0.998881 0.934578 0.959897 0.938115 0.883084 0.857852 0.867831 0.879372 0.865263 0.917682 0.984474 0.810397 0.828301 0.810962 0.989439 0.739720 0.565631 0.967724 0.892561 0.925088 0.966364 0.973161 0.832742 0.596250 0.561884 0.498477 0.407111 0.771331 0.691735 0.629742 0.505339 0.620525 0.523757 0.717080 0.969589 0.919833 0.796483 0.750341 0.787631 0.918057 0.902470 0.642363 0.774610 0.891378 0.994932 0.720201 0.938384 0.963821 0.957011 0.691580 0.822949 0.827321 0.876169 0.881002 0.614168 0.673406 0.839737 0.736318 0.839744 0.828168 0.781281 0.691429 0.974527 0.525701 0.597575 0.649590 0.888932 0.725611 0.966893 0.508325 0.652648 0.948319 0.750904 0.759027 0.809147 0.713872 0.863822 0.922694 0.984070 0.726355 0.884764
0.911190 0.873000 0.715903 0.905160 0.896833 0.896040 0.669682 0.937661 0.000000 0.716431 0.972672 0.736251 0.878364 0.804217 0.960595 0.869465 0.789078 0.736653 0.906932 0.773536 0.981781 0.967800 0.738408 0.961498 0.899463 0.842051 0.936915 0.939073 0.835214 0.792232 0.950212 0.805297 0.934029 0.889951 0.833949 0.986064 0.825800 0.939336 0.951203 0.925401 0.973317 0.922913 0.996112 0.887214 0.910757 0.985151 0.992206 0.944684 0.838572 0.748173 0.803626 0.746835 0.712191 0.792002 0.916217 0.861670 0.901400 0.880239 0.907888 0.980995 0.880786 0.875855 0.883890 0.807092 0.758882 0.959208 0.995812 0.945967 0.974271 0.721806 0.844076 0.731067 0.786947 0.781305 0.981072 0.956995 0.963198 0.950144 0.788598 0.773188 0.823969 0.862413 0.969520 0.994463 0.784299 0.968392 0.915943 0.921285 0.745427 0.917197 0.728905 0.649440 0.629416 0.711899 0.967950 0.925329 0.966772 0.958762 0.847898 0.845037 0.898782 0.879689 0.875163 0.922811 0.967800 0.917370 0.949194 0.860211 0.962973 0.953744 0.770160 0.956110 0.955358 0.978129 0.938282 0.943868
0.956843 0.879383 0.991107 0.893561 0.903613 0.980563 0.929007 0.769058 0.716431 0.000000 0.845616 0.877596 0.907016 0.956535 0.920900 0.980258 0.848562 0.870939 0.926137 0.931303 0.796736 0.984025 0.796918 0.893272 0.850975 0.793842 0.785837 0.954437 0.692767 0.757212 0.813784 0.982169 0.755084 0.842549 0.911754 0.989889 0.920077 0.988141 0.638958 0.991874 0.787758 0.986192 0.931072 0.849476 0.664923 0.698090 0.899649 0.900731 0.641038 0.658277 0.602396 0.665305 0.616850 0.687571 0.874250 0.879121 0.869262 0.851528 0.869133 0.961049 0.756335 0.788248 0.732398 0.710195 0.903727 0.805713 0.966088 0.942951 0.960177 0.947414 0.918324 0.932401 0.984952 0.980507 0.868285 0.964879 0.995463 0.890981 0.978808 0.976806 0.790487 0.976544 0.928961 0.855935 0.984026 0.856194 0.965811 0.819227 0.903819 0.739523 0.960036 0.997062 0.909506 0.938110 0.894090 0.880556 0.817770 0.884825 0.786877 0.818368 0.798556 0.938387 0.689900 0.860614 0.890386 0.979149 0.777285 0.972552 0.931961 0.818197 0.874873 0.837172 0.966178 0.749386 0.941804 0.972305
0.697121 0.825658 0.885707 0.978701 0.813024 0.959242 0.890268 0.955239 0.972672 0.845616 0.000000 0.798644 0.841569 0.975017 0.897863 0.896201 0.601955 0.615554 0.633518 0.618563 0.756898 0.974672 0.927746 0.854145 0.965999 0.914793 0.949997 0.851473 0.680569 0.715690 0.816775 0.991866 0.767376 0.649556 0.989578 0.908442 0.990055 0.863122 0.953967 0.950015 0.982120 0.986246 0.936632 0.857772 0.990370 0.997969 0.965361 0.985331 0.993447 0.883560 0.974571 0.790584 0.908068 0.929217 0.998842 0.889928 0.717338 0.814422 0.842057 0.925424 0.803378 0.981082 0.718665 0.841121 0.924938 0.943338 0.956655 0.905912 0.875055 0.766471 0.900034 0.883251 0.591931 0.756590 0.962622 0.793969 0.907471 0.855569 0.858828 0.775062 0.712344 0.733941 0.967064 0.890042 0.987471 0.992314 0.735081 0.972472 0.882386 0.969887 0.652684 0.651178 0.786149 0.741468 0.955659 0.829352 0.938875 0.953423 0.866360 0.919382 0.978860 0.879650 0.859936 0.932844 0.985629 0.776721 0.956250 0.790478 0.975620 0.797671 0.917410 0.963065 0.840098 0.938936 0.960292 0.979630
0.739091 0.538670 0.805840 0.988367 0.927689 0.899187 0.928571 0.736833 0.736251 0.877596 0.798644 0.000000 0.683008 0.541601 0.734309 0.665592 0.549078 0.489068 0.766724 0.538730 0.848415 0.955162 0.941617 0.973420 0.754977 0.700323 0.908909 0.888116 0.548744 0.518909 0.967933 0.825586 0.704869 0.611539 0.982595 0.957763 0.984210 0.999564 0.825535 0.967467 0.910893 0.903221 0.968989 0.791282 0.856834 0.769856 0.876753 0.788424 0.970532 0.981217 0.837024 0.878200 0.990397 0.995344 0.970625 0.815350 0.604615 0.474037 0.832002 0.860473 0.597292 0.538055 0.452056 0.373642 0.896473 0.968456 0.973145 0.882633 0.963592 0.638738 0.819296 0.726297 0.848333 0.848850 0.937451 0.897417 0.742364 0.768012 0.558720 0.743500 0.466411 0.591511 0.693500 0.701250 0.883799 0.912259 0.912372 0.896491 0.754211 0.961777 0.787694 0.669629 0.728431 0.622677 0.707504 0.859932 0.838950 0.801313 0.842242 0.856182 0.981053 0.933081 0.659983 0.885087 0.866031 0.955797 0.991521 0.914329 0.995030 0.757326 0.732085 0.845632 0.918960 0.720978 0.880812 0.919505
0.801556 0.705507 0.758045 0.852538 0.800325 0.945798 0.627888 0.682960 0.878364 0.907016 0.841569 0.683008 0.000000 0.574310 0.570777 0.608651 0.795619 0.737126 0.831608 0.698408 0.976219 0.942953 0.701489 0.890163 0.947356 0.975038 0.884025 0.982799 0.772118 0.752500 0.837181 0.837313 0.664204 0.729608 0.821249 0.957417 0.803745 0.939864 0.891819 0.960636 0.966569 0.996425 0.925763 0.851018 0.933288 0.857435 0.790172 0.746966 0.940650 0.819496 0.757590 0.751981 0.850713 0.853815 0.846255 0.978724 0.806243 0.697641 0.797312 0.804975 0.416112 0.676658 0.670835 0.699032 0.747411 0.887224 0.973340 0.871633 0.751627 0.949540 0.953261 0.901324 0.989156 0.919307 0.968721 0.862983 0.803070 0.864376 0.722016 0.798052 0.620843 0.670688 0.746015 0.762769 0.579644 0.809419 0.949479 0.814359 0.941675 0.928482 0.981651 0.947658 0.935566 0.967998 0.880175 0.926079 0.966519 0.975656 0.759506 0.803900 0.949177 0.852754 0.913543 0.925947 0.840098 0.847787 0.970162 0.860094 0.962926 0.845970 0.949696 0.812147 0.941891 0.899943 0.703597 0.911592
0.940361 0.722117 0.819270 0.944269 0.916642 0.917559 0.996128 0.787744 0.804217 0.956535 0.975017 0.541601 0.574310 0.000000 0.490034 0.428358 0.739662 0.646480 0.986619 0.767767 0.824270 0.958412 0.868064 0.910623 0.836666 0.704826 0.913180 0.986128 0.659533 0.541083 0.850568 0.715404 0.708073 0.730553 0.970107 0.912525 0.993684 0.925506 0.786888 0.977316 0.911129 0.990282 0.966450 0.788547 0.778039 0.693089 0.843707 0.699783 0.963889 0.858427 0.762692 0.759174 0.873949 0.790862 0.986185 0.890228 0.882181 0.729489 0.995917 0.970071 0.609236 0.619567 0.582046 0.529275 0.971390 0.958010 0.932476 0.964585 0.677622 0.810372 0.995476 0.811159 0.978095 0.979865 0.939717 0.883926 0.912984 0.923176 0.684657 0.728732 0.613251 0.686484 0.597333 0.751683 0.789731 0.816468 0.800925 0.808672 0.853743 0.880645 0.865810 0.757810 0.704407 0.743687 0.780643 0.937685 0.951616 0.997220 0.801678 0.919523 0.939314 0.968747 0.847012 0.964708 0.968307 0.996684 0.919554 0.794011 0.893418 0.807913 0.908294 0.746978 0.944877 0.820234 0.827952 0.956096
0.985105 0.799281 0.908241 0.864568 0.847542 0.928706 0.942241 0.996408 0.960595 0.920900 0.897863 0.734309 0.570777 0.490034 0.000000 0.504824 0.775745 0.683844 0.950625 0.964884 0.897030 0.963060 0.690804 0.879408 0.923893 0.836567 0.928993 0.908494 0.673580 0.585101 0.729523 0.619967 0.676654 0.864171 0.977262 0.862519 0.870491 0.874864 0.853366 0.987180 0.923496 0.995359 0.878525 0.796866 0.641687 0.627190 0.732942 0.663046 0.803599 0.675824 0.704083 0.752989 0.702044 0.637273 0.870842 0.952882 0.804649 0.768574 0.928375 0.830712 0.677338 0.868029 0.644231 0.674321 0.944050 0.901446 0.902004 0.912297 0.788932 0.887325 0.940976 0.890542 0.955381 0.979028 0.909163 0.865967 0.925082 0.939770 0.694943 0.812417 0.673539 0.668788 0.521201 0.647545 0.689161 0.742269 0.604041 0.628897 0.979591 0.903659 0.897262 0.913446 0.769949 0.892552 0.875094 0.990517 0.891641 0.890504 0.822780 0.898951 0.986694 0.949792 0.974430 0.978300 0.956622 0.979006 0.924682 0.783438 0.907551 0.959923 0.989590 0.685091 0.853965 0.807489 0.845255 0.920169
0.973980 0.739811 0.819975 0.966400 0.876438 0.779037 0.973175 0.886406 0.869465 0.980258 0.896201 0.665592 0.608651 0.428358 0.504824 0.000000 0.869611 0.756654 0.995290 0.893819 0.845594 0.949554 0.691187 0.691367 0.895915 0.869810 0.951832 0.904281 0.763452 0.676613 0.790351 0.696360 0.800286 0.820393 0.961121 0.891412 0.852818 0.866882 0.909149 0.959175 0.983839 0.911609 0.995869 0.920403 0.715253 0.671501 0.858223 0.675792 0.872764 0.810596 0.724060 0.786330 0.788056 0.718326 0.962535 0.993827 0.856294 0.769834 0.814889 0.845681 0.707777 0.726543 0.635027 0.608475 0.985420 0.960100 0.939002 0.947146 0.669186 0.844886 0.940428 0.758202 0.933992 0.884901 0.945437 0.968640 0.956585 0.945043 0.682212 0.776412 0.672941 0.677615 0.542790 0.694349 0.681370 0.676315 0.718225 0.676968 0.833401 0.918728 0.968382 0.893520 0.816825 0.872522 0.871261 0.974961 0.842755 0.902896 0.801519 0.919961 0.962609 0.984787 0.954292 0.905890 0.982996 0.935076 0.911854 0.870142 0.933195 0.865371 0.992110 0.757273 0.908957 0.814166 0.845625 0.988544
0.553277 0.556125 0.924369 0.870756 0.811891 0.892222 0.996611 0.980888 0.789078 0.848562 0.601955 0.549078 0.795619 0.739662 0.775745 0.869611 0.000000 0.367814 0.546287 0.569843 0.993810 0.934234 0.919712 0.922834 0.981555 0.902784 0.989088 0.911844 0.444635 0.419996 0.770785 0.765940 0.604502 0.625198 0.997146 0.989364 0.991560 0.978836 0.907482 0.990097 0.981869 0.805502 0.818222 0.594568 0.731016 0.673811 0.671844 0.694584 0.765031 0.831093 0.754380 0.934582 0.905768 0.899647 0.839420 0.876125 0.447115 0.521455 0.817704 0.958667 0.719351 0.874377 0.477217 0.549016 0.897070 0.872512 0.985974 0.986611 0.812738 0.556043 0.811572 0.838545 0.575568 0.601809 0.994961 0.902814 0.828454 0.857705 0.627187 0.580482 0.428333 0.506541 0.646583 0.634493 0.889406 0.850317 0.965261 0.823105 0.809321 0.965049 0.663900 0.659142 0.646322 0.733887 0.875004 0.898691 0.923731 0.888559 0.955002 0.966543 0.998684 0.985427 0.773748 0.734445 0.922751 0.841728 0.922035 0.756666 0.943303 0.740947 0.870786 0.885459 0.928069 0.783556 0.908418 0.951211
0.575703 0.546634 0.873989 0.876494 0.795823 0.865192 0.973690 0.954220 0.736653 0.870939 0.615554 0.489068 0.737126 0.646480 0.683844 0.756654 0.367814 0.000000 0.571941 0.531989 0.981775 0.933847 0.966315 0.945445 0.877103 0.823884 0.958022 0.938003 0.458614 0.383417 0.828972 0.757850 0.617596 0.600293 0.910365 0.985096 0.971615 0.990608 0.957404 0.955569 0.913063 0.899598 0.891013 0.640754 0.789572 0.719144 0.740666 0.764447 0.873238 0.892646 0.852993 0.917314 0.984437 0.951115 0.914009 0.802874 0.429824 0.489897 0.823994 0.991920 0.662830 0.794181 0.415766 0.466969 0.859871 0.901385 0.966777 0.985363 0.856049 0.499338 0.805871 0.823564 0.572408 0.641409 0.979444 0.905875 0.806238 0.878259 0.581947 0.570215 0.421120 0.470419 0.624651 0.610136 0.901131 0.838372 0.922921 0.828620 0.782149 0.983928 0.627077 0.563697 0.562087 0.627238 0.808648 0.915950 0.882136 0.828335 0.963688 0.953136 0.946662 0.906014 0.736985 0.816000 0.968568 0.894615 0.957263 0.755545 0.957743 0.692403 0.790351 0.862760 0.969779 0.782463 0.903617 0.963013
0.459479 0.584464 0.733365 0.799382 0.918377 0.935984 0.723273 0.901366 0.906932 0.926137 0.633518 0.766724 0.831608 0.986619 0.950625 0.995290 0.546287 0.571941 0.000000 0.558372 0.804955 0.893701 0.921129 0.928533 0.739405 0.750543 0.998771 0.970115 0.682440 0.731154 0.728574 0.866989 0.580500 0.573664 0.837129 0.970546 0.785268 0.921152 0.876913 0.923976 0.997319 0.778553 0.660860 0.596596 0.905321 0.824824 0.575888 0.738706 0.888937 0.856374 0.867256 0.942888 0.934696 0.898103 0.813824 0.948438 0.489991 0.609609 0.664877 0.901291 0.741684 0.959777 0.647993 0.821949 0.823690 0.869661 0.677557 0.730732 0.712237 0.664921 0.732409 0.780767 0.678413 0.638232 0.989054 0.963679 0.719478 0.800764 0.768607 0.690987 0.585347 0.586142 0.848264 0.697052 0.784638 0.748535 0.759450 0.947809 0.995029 0.739635 0.866202 0.909749 0.908688 0.952412 0.946652 0.812061 0.849921 0.801229 0.949963 0.815688 0.788759 0.949054 0.833200 0.683440 0.860675 0.919058 0.915783 0.927252 0.778180 0.891733 0.799868 0.938402 0.982631 0.907811 0.885522 0.813915
0.610011 0.630502 0.864833 0.831690 0.928905 0.831166 0.847931 0.767941 0.773536 0.931303 0.618563 0.538730 0.698408 0.767767 0.964884 0.893819 0.569843 0.531989 0.558372 0.000000 0.890241 0.990049 0.974446 0.925908 0.953687 0.899571 0.968665 0.813669 0.669727 0.654513 0.942765 0.857311 0.631787 0.565589 0.945045 0.995054 0.945237 0.978832 0.980588 0.939523 0.970383 0.884194 0.863996 0.712390 0.873481 0.970121 0.837672 0.839280 0.823668 0.958299 0.985855 0.868901 0.753597 0.723313 0.959788 0.842048 0.613066 0.538556 0.676535 0.705036 0.651954 0.713686 0.613875 0.622855 0.998356 0.856082 0.830245 0.756855 0.825406 0.632551 0.777747 0.787544 0.702508 0.758841 0.944351 0.934475 0.712694 0.750527 0.694640 0.587569 0.518694 0.581109 0.899989 0.812161 0.885866 0.930046 0.785122 0.938645 0.819699 0.798118 0.744971 0.675618 0.804803 0.714503 0.876229 0.801798 0.835054 0.883495 0.950781 0.930200 0.843814 0.931363 0.717756 0.827266 0.720476 0.891089 0.926951 0.903443 0.912270 0.715033 0.645208 0.987879 0.873785 0.829906 0.798949 0.865952
0.836003 0.947628 0.734015 0.728581 0.851014 0.864964 0.829177 0.957268 0.981781 0.796736 0.756898 0.848415 0.976219 0.824270 0.897030 0.845594 0.993810 0.981775 0.804955 0.890241 0.000000 0.908031 0.956753 0.879449 0.767867 0.654213 0.928545 0.892302 0.948906 0.900464 0.903240 0.963050 0.885702 0.886680 0.817420 0.945919 0.850382 0.968063 0.785854 0.896778 0.990640 0.881325 0.975913 0.971904 0.825823 0.776835 0.909340 0.934544 0.788727 0.804385 0.829405 0.808729 0.716428 0.784410 0.966957 0.815385 0.988976 0.893603 0.930246 0.995659 0.921055 0.821905 0.904375 0.793602 0.802436 0.767620 0.717347 0.727640 0.911131 0.978317 0.923271 0.960881 0.834154 0.855483 0.979005 0.854471 0.898007 0.883252 0.953559 0.818191 0.965168 0.997555 0.846034 0.905546 0.907267 0.768614 0.758712 0.878381 0.926670 0.992428 0.881912 0.924381 0.972101 0.932518 0.904826 0.912395 0.999499 0.928173 0.890481 0.980494 0.873422 0.851906 0.869590 0.939494 0.834951 0.945433 0.945281 0.989103 0.939365 0.966521 0.970982 0.892114 0.950271 0.892345 0.964840 0.929539
0.888171 0.950949 0.848742 0.901902 0.744258 0.977534 0.948975 0.993361 0.967800 0.984025 0.974672 0.955162 0.942953 0.958412 0.963060 0.949554 0.934234 0.933847 0.893701 0.990049 0.908031 0.000000 0.966954 0.996855 0.874992 0.892309 0.873738 0.848791 0.838702 0.985223 0.921749 0.916297 0.894468 0.912400 0.858124 0.809600 0.900721 0.836546 0.957584 0.951767 0.936196 0.878286 0.776246 0.905970 0.977180 0.944853 0.799116 0.918970 0.933591 0.918187 0.916065 0.943650 0.926011 0.993534 0.970404 0.828569 0.918498 0.956299 0.935460 0.957602 0.967472 0.912465 0.990841 0.964016 0.903526 0.955065 0.848537 0.850807 0.958925 0.956807 0.866888 0.983424 0.944676 0.885458 0.957179 0.935715 0.990205 0.970942 0.984253 0.901503 0.976601 0.949487 0.970080 0.978268 0.967778 0.956097 0.753278 0.876620 0.904210 0.971234 0.977690 0.965454 0.863718 0.840765 0.931208 0.859188 0.892184 0.996674 0.877467 0.975731 0.911480 0.836385 0.914860 0.686181 0.979191 0.915348 0.938747 0.953337 0.988124 0.850752 0.972890 0.940460 0.973735 0.871418 0.916921 0.921702
0.946722 0.912618 0.794045 0.721588 0.867178 0.838125 0.736344 0.727334 0.738408 0.796918 0.927746 0.941617 0.701489 0.868064 0.690804 0.691187 0.919712 0.966315 0.921129 0.974446 0.956753 0.966954 0.000000 0.500316 0.849369 0.857854 0.980441 0.899403 0.957002 0.997390 0.690971 0.779982 0.748240 0.815052 0.815953 0.977425 0.581366 0.773189 0.979799 0.973098 0.878464 0.973389 0.840257 0.923485 0.754398 0.739494 0.715833 0.728223 0.848266 0.693276 0.690809 0.669134 0.795702 0.838597 0.848405 0.810380 0.911793 0.902830 0.992793 0.990218 0.732053 0.826024 0.808391 0.845141 0.685090 0.779782 0.810485 0.751132 0.818622 0.962889 0.983979 0.757502 0.790491 0.786622 0.925079 0.957076 0.919709 0.835732 0.865114 0.982564 0.769744 0.766647 0.684754 0.744799 0.475832 0.604413 0.867596 0.676071 0.930453 0.707892 0.838640 0.853535 0.812127 0.928970 0.972252 0.831298 0.872231 0.848204 0.672499 0.713096 0.651992 0.922002 0.921973 0.948201 0.673933 0.723943 0.952579 0.926260 0.855772 0.903267 0.968719 0.819489 0.938569 0.761662 0.782499 0.918194
0.949867 0.900887 0.817950 0.637597 0.944923 0.847015 0.880582 0.827760 0.961498 0.893272 0.854145 0.973420 0.890163 0.910623 0.879408 0.691367 0.922834 0.945445 0.928533 0.925908 0.879449 0.996855 0.500316 0.000000 0.722375 0.764980 0.760838 0.962077 0.865696 0.898669 0.771918 0.754652 0.873929 0.834668 0.936520 0.874792 0.663252 0.711337 0.883544 0.942436 0.953940 0.892509 0.849020 0.898151 0.928127 0.852448 0.721690 0.738137 0.988066 0.882557 0.832551 0.891726 0.963481 0.946987 0.820355 0.820159 0.923540 0.966867 0.944061 0.948181 0.943158 0.899302 0.944616 0.976174 0.667808 0.641982 0.702478 0.634368 0.886113 0.975559 0.856087 0.687623 0.797235 0.853495 0.970953 0.836310 0.923608 0.865739 0.871733 0.863670 0.808199 0.767001 0.785545 0.834589 0.542477 0.496816 0.954307 0.708926 0.955149 0.767274 0.871348 0.888715 0.850546 0.856075 0.901723 0.870808 0.892355 0.841071 0.899895 0.928763 0.643292 0.946508 0.935706 0.961312 0.695271 0.719861 0.989137 0.920586 0.860262 0.910446 0.996660 0.932088 0.895920 0.836009 0.864435 0.726399
0.731865 0.888962 0.507275 0.643788 0.961308 0.981952 0.632686 0.993187 0.899463 0.850975 0.965999 0.754977 0.947356 0.836666 0.923893 0.895915 0.981555 0.877103 0.739405 0.953687 0.767867 0.874992 0.849369 0.722375 0.000000 0.534045 0.831300 0.960675 0.816309 0.790344 0.724981 0.913563 0.854946 0.814329 0.710409 0.903795 0.761295 0.810326 0.733625 0.817407 0.899202 0.963050 0.532385 0.683333 0.978255 0.903654 0.629878 0.671985 0.971640 0.868082 0.966186 0.975558 0.930340 0.871074 0.908627 0.701070 0.899436 0.987118 0.756750 0.893910 0.960391 0.856940 0.805569 0.660153 0.511419 0.662737 0.544803 0.655545 0.879744 0.988088 0.897770 0.912529 0.914963 0.889042 0.916947 0.974817 0.916855 0.929054 0.956953 0.927670 0.982469 0.842744 0.940007 0.912070 0.645957 0.655045 0.792549 0.966006 0.828849 0.762789 0.907472 0.839601 0.804046 0.716380 0.855438 0.778027 0.957844 0.992656 0.950099 0.997033 0.761993 0.950323 0.943867 0.846698 0.851189 0.899366 0.966138 0.968198 0.902931 0.889197 0.990603 0.907927 0.941631 0.934364 0.947839 0.740501
0.806996 0.977309 0.609628 0.639657 0.928427 0.860272 0.670059 0.969408 0.842051 0.793842 0.914793 0.700323 0.975038 0.704826 0.836567 0.869810 0.902784 0.823884 0.750543 0.899571 0.654213 0.892309 0.857854 0.764980 0.534045 0.000000 0.847066 0.819460 0.789606 0.722768 0.757216 0.956864 0.864768 0.885958 0.874430 0.903565 0.722037 0.899191 0.656781 0.886524 0.868487 0.883480 0.751570 0.868305 0.991131 0.975320 0.749256 0.875000 0.922874 0.992643 0.978504 0.957095 0.974114 0.937787 0.854457 0.757074 0.945136 0.883249 0.941672 0.921276 0.951041 0.752582 0.809880 0.630431 0.590290 0.747681 0.578617 0.707326 0.949921 0.839746 0.757207 0.872379 0.998603 0.937981 0.849964 0.996237 0.984678 0.895242 0.814071 0.953090 0.886516 0.987709 0.916620 0.981891 0.745615 0.653638 0.735444 0.961061 0.925207 0.864302 0.848069 0.685845 0.747479 0.687301 0.804871 0.964690 0.924559 0.929801 0.945253 0.896154 0.815774 0.953110 0.764799 0.970432 0.905867 0.903593 0.896924 0.968528 0.889822 0.914529 0.898954 0.871912 0.997336 0.901190 0.904658 0.845754
0.910973 0.950810 0.973068 0.974701 0.910653 0.869017 0.954572 0.890754 0.936915 0.785837 0.949997 0.908909 0.884025 0.913180 0.928993 0.951832 0.989088 0.958022 0.998771 0.968665 0.928545 0.873738 0.980441 0.760838 0.831300 0.847066 0.000000 0.983557 0.850945 0.927226 0.988998 0.873913 0.895528 0.978742 0.904382 0.864225 0.908863 0.857755 0.740927 0.949568 0.871405 0.945069 0.994261 0.972484 0.993084 0.996019 0.972060 0.951379 0.989227 0.980318 0.947130 0.848228 0.924731 0.944616 0.916313 0.885022 0.975611 0.917339 0.856551 0.894072 0.851142 0.941964 0.885471 0.865545 0.940938 0.887947 0.985797 0.951101 0.948732 0.980041 0.928957 0.903027 0.950430 0.998238 0.963934 0.883175 0.957707 0.961871 0.980006 0.822939 0.991862 0.916114 0.997609 0.987617 0.901647 0.763040 0.909915 0.906040 0.805998 0.988518 0.943320 0.917990 0.978677 0.842484 0.879615 0.845902 0.957833 0.838895 0.991331 0.980643 0.829366 0.846660 0.985415 0.974827 0.964736 0.893429 0.980316 0.952568 0.968233 0.999857 0.919075 0.957559 0.991545 0.941502 0.865669 0.842108
0.992848 0.994795 0.996079 0.946324 0.911817 0.846503 0.996111 0.981506 0.939073 0.954437 0.851473 0.888116 0.982799 0.986128 0.908494 0.904281 0.911844 0.938003 0.970115 0.813669 0.892302 0.848791 0.899403 0.962077 0.960675 0.819460 0.983557 0.000000 0.987314 0.954440 0.920127 0.953093 0.967239 0.971389 0.879305 0.978039 0.951459 0.930789 0.959956 0.868274 0.916762 0.964877 0.922811 0.974023 0.852316 0.913485 0.860583 0.931046 0.857792 0.869074 0.894790 0.825378 0.868248 0.862229 0.916022 0.841558 0.935868 0.964127 0.833193 0.863051 0.931725 0.934676 0.975867 0.936827 0.857879 0.948371 0.838751 0.953861 0.838258 0.927456 0.990489 0.958824 0.955031 0.940114 0.944969 0.988653 0.986096 0.966445 0.878433 0.929405 0.902212 0.920891 0.871461 0.965137 0.906694 0.777917 0.960458 0.991544 0.885725 0.950877 0.860170 0.868216 0.896522 0.910397 0.968340 0.972131 0.957213 0.855914 0.833467 0.993061 0.823994 0.906873 0.896676 0.992294 0.978512 0.997490 0.994575 0.908581 0.965193 0.949756 0.907430 0.998707 0.982586 0.874050 0.983462 0.842892
0.734502 0.666088 0.816236 0.750570 0.940947 0.944194 0.908660 0.992722 0.835214 0.692767 0.680569 0.548744 0.772118 0.659533 0.673580 0.763452 0.444635 0.458614 0.682440 0.669727 0.948906 0.838702 0.957002 0.865696 0.816309 0.789606 0.850945 0.987314 0.000000 0.372685 0.725694 0.733665 0.617110 0.655007 0.932987 0.827231 0.969849 0.969876 0.702045 0.969869 0.918039 0.869293 0.898119 0.675949 0.666997 0.617268 0.765298 0.781932 0.719462 0.803379 0.682820 0.937649 0.777352 0.713050 0.962698 0.808889 0.619980 0.655524 0.943748 0.879188 0.730544 0.855588 0.470406 0.509949 0.777706 0.746961 0.930079 0.959074 0.989405 0.597480 0.987384 0.956020 0.618139 0.669128 0.960643 0.879725 0.861690 0.895301 0.704143 0.716394 0.521167 0.691395 0.688255 0.718017 0.963029 0.999156 0.959660 0.820300 0.770871 0.912368 0.659324 0.640098 0.635972 0.660914 0.855249 0.952866 0.999922 0.862440 0.976922 0.957750 0.993159 0.987251 0.695004 0.774443 0.891369 0.813682 0.825076 0.767553 0.930734 0.723724 0.848024 0.778531 0.934658 0.756482 0.877313 0.890900
0.764001 0.690862 0.717460 0.690047 0.788425 0.957632 0.865989 0.957666 0.792232 0.757212 0.715690 0.518909 0.752500 0.541083 0.585101 0.676613 0.419996 0.383417 0.731154 0.654513 0.900464 0.985223 0.997390 0.898669 0.790344 0.722768 0.927226 0.954440 0.372685 0.000000 0.743267 0.699588 0.638848 0.713536 0.930551 0.913459 0.977259 0.973349 0.805742 0.934750 0.914822 0.920457 0.929688 0.694410 0.652719 0.608861 0.811591 0.768764 0.701074 0.778918 0.731312 0.990332 0.808977 0.719894 0.935816 0.791213 0.599467 0.629035 0.976132 0.820184 0.723593 0.834556 0.421258 0.467165 0.721875 0.721020 0.814648 0.851289 0.995350 0.609300 0.970917 0.870772 0.653733 0.718092 0.995569 0.850478 0.967167 0.895869 0.607893 0.616730 0.466818 0.556016 0.543111 0.597460 0.958761 0.902379 0.849656 0.716552 0.760350 0.882676 0.631241 0.591300 0.534676 0.600170 0.783087 0.982891 0.986155 0.876254 0.999071 0.982690 0.930415 0.948672 0.728709 0.824641 0.859082 0.806417 0.828565 0.695769 0.948642 0.778377 0.865456 0.851445 0.959977 0.723144 0.955868 0.901452
0.866774 0.815392 0.886301 0.942919 0.832877 0.889629 0.899171 0.977050 0.950212 0.813784 0.816775 0.967933 0.837181 0.850568 0.729523 0.790351 0.770785 0.828972 0.728574 0.942765 0.903240 0.921749 0.690971 0.771918 0.724981 0.757216 0.988998 0.920127 0.725694 0.743267 0.000000 0.617169 0.605289 0.727590 0.826167 0.962268 0.702683 0.825917 0.995281 0.916769 0.976485 0.975533 0.680961 0.668608 0.573730 0.616451 0.578948 0.607182 0.657050 0.754450 0.690151 0.926692 0.802988 0.734325 0.814854 0.890685 0.769091 0.856287 0.909664 0.808890 0.861635 0.943489 0.758205 0.911842 0.939130 0.972680 0.811572 0.876214 0.907805 0.821559 0.844590 0.840266 0.821490 0.818637 0.929827 0.877053 0.979804 0.873336 0.888051 0.773142 0.713960 0.691573 0.664203 0.655912 0.726883 0.656581 0.962637 0.654999 0.916636 0.931632 0.876725 0.915606 0.911962 0.931287 0.944636 0.848594 0.994312 0.901661 0.859873 0.979957 0.905579 0.965585 0.961472 0.997831 0.997969 0.896284 0.840000 0.889894 0.986703 0.865668 0.992506 0.784604 0.982940 0.902067 0.958939 0.954280
0.959189 0.891183 0.991425 0.969141 0.969287 0.996607 0.912007 0.948747 0.805297 0.982169 0.991866 0.825586 0.837313 0.715404 0.619967 0.696360 0.765940 0.757850 0.866989 0.857311 0.963050 0.916297 0.779982 0.754652 0.913563 0.956864 0.873913 0.953093 0.733665 0.699588 0.617169 0.000000 0.665821 0.788581 0.983260 0.967906 0.925318 0.759992 0.901936 0.808659 0.961235 0.802340 0.802359 0.736151 0.692598 0.724382 0.691717 0.701380 0.877455 0.886660 0.862161 0.958346 0.939853 0.904826 0.872361 0.937126 0.803588 0.823651 0.857339 0.881536 0.936225 0.989680 0.767339 0.793937 0.985474 0.998312 0.913879 0.864271 0.962274 0.819581 0.995009 0.714445 0.902719 0.830976 0.849280 0.905652 0.981811 0.936011 0.766487 0.644605 0.692910 0.674983 0.637675 0.671838 0.822246 0.715008 0.857697 0.665303 0.809016 0.975220 0.814688 0.810378 0.755585 0.913959 0.984969 0.889644 0.991375 0.764822 0.918658 0.993745 0.840300 0.874215 0.850909 0.903894 0.907977 0.976043 0.890529 0.925637 0.903615 0.875228 0.898951 0.713050 0.966949 0.814597 0.964682 0.913466
0.698283 0.576564 0.750251 0.779533 0.908560 0.918115 0.684470 0.753048 0.934029 0.755084 0.767376 0.704869 0.664204 0.708073 0.676654 0.800286 0.604502 0.617596 0.580500 0.631787 0.885702 0.894468 0.748240 0.873929 0.854946 0.864768 0.895528 0.967239 0.617110 0.638848 0.605289 0.665821 0.000000 0.523326 0.809043 0.978539 0.847525 0.948688 0.969399 0.904863 0.959381 0.805664 0.685879 0.557791 0.707462 0.683260 0.569347 0.571789 0.822046 0.803122 0.684225 0.801150 0.839492 0.894607 0.879003 0.949973 0.586017 0.591871 0.712150 0.906369 0.551417 0.803628 0.533566 0.644583 0.799923 0.885413 0.691067 0.715141 0.991476 0.834612 0.876263 0.810598 0.896966 0.916569 0.895471 0.945926 0.740474 0.788138 0.778595 0.693818 0.509232 0.588931 0.673514 0.642477 0.674878 0.707011 0.923862 0.809410 0.969750 0.764109 0.898661 0.896932 0.902381 0.950239 0.840625 0.822209 0.967032 0.910510 0.772410 0.770842 0.805101 0.914275 0.837828 0.801869 0.760530 0.969331 0.807237 0.901309 0.935588 0.793791 0.889753 0.850183 0.993098 0.877991 0.723104 0.974470
0.557536 0.530545 0.757461 0.671426 0.943672 0.877351 0.718179 0.606351 0.889951 0.842549 0.649556 0.611539 0.729608 0.730553 0.864171 0.820393 0.625198 0.600293 0.573664 0.565589 0.886680 0.912400 0.815052 0.834668 0.814329 0.885958 0.978742 0.971389 0.655007 0.713536 0.727590 0.788581 0.523326 0.000000 0.840385 0.995222 0.817318 0.872265 0.962728 0.868303 0.967087 0.854856 0.672440 0.553616 0.858983 0.768714 0.602951 0.572233 0.966183 0.915317 0.772458 0.869220 0.972660 0.904560 0.998816 0.967793 0.595568 0.578691 0.641797 0.738623 0.606480 0.659544 0.609740 0.632392 0.773412 0.714934 0.613270 0.581477 0.984681 0.721130 0.798273 0.761598 0.770924 0.758187 0.890356 0.945319 0.710251 0.691048 0.742178 0.687702 0.531301 0.603712 0.834468 0.714661 0.720036 0.710379 0.844510 0.982449 0.917831 0.738629 0.854961 0.803080 0.890760 0.900032 0.857602 0.680335 0.809327 0.904117 0.740542 0.745592 0.713627 0.945311 0.669261 0.738656 0.691967 0.916655 0.984927 0.902799 0.812742 0.732709 0.757258 0.810174 0.933732 0.867108 0.734768 0.883733
0.869774 0.919742 0.699109 0.693182 0.991668 0.897964 0.705169 0.797896 0.833949 0.911754 0.989578 0.982595 0.821249 0.970107 0.977262 0.961121 0.997146 0.910365 0.837129 0.945045 0.817420 0.858124 0.815953 0.936520 0.710409 0.874430 0.904382 0.879305 0.932987 0.930551 0.826167 0.983260 0.809043 0.840385 0.000000 0.918954 0.673116 0.940668 0.889060 0.984368 0.939419 0.930131 0.686512 0.765040 0.895855 0.857675 0.783777 0.769694 0.907199 0.726289 0.789243 0.703562 0.884406 0.963210 0.839400 0.771093 0.964548 0.897399 0.779722 0.845037 0.795121 0.836093 0.968970 0.956324 0.690551 0.768310 0.720038 0.738009 0.948363 0.911301 0.881510 0.954430 0.862101 0.936198 0.990792 0.968292 0.810089 0.743864 0.946947 0.977589 0.941931 0.953497 0.975446 0.869517 0.756237 0.854945 0.872604 0.976761 0.843745 0.817861 0.833163 0.878920 0.777755 0.847380 0.891771 0.755015 0.929770 0.906276 0.790506 0.972551 0.949002 0.782488 0.949720 0.904526 0.819121 0.941102 0.913853 0.987680 0.821468 0.946843 0.991912 0.964434 0.890011 0.940589 0.899660 0.988521
0.988917 0.971088 0.923953 0.885844 0.825885 0.928385 0.993746 0.998881 0.986064 0.989889 0.908442 0.957763 0.957417 0.912525 0.862519 0.891412 0.989364 0.985096 0.970546 0.995054 0.945919 0.809600 0.977425 0.874792 0.903795 0.903565 0.864225 0.978039 0.827231 0.913459 0.962268 0.967906 0.978539 0.995222 0.918954 0.000000 0.858273 0.960553 0.887605 0.930782 0.871485 0.956406 0.988696 0.916055 0.935546 0.911878 0.972566 0.981217 0.931066 0.928489 0.991602 0.988724 0.975688 0.992210 0.816394 0.891522 0.924582 0.977943 0.969986 0.996631 0.974659 0.960139 0.915955 0.886926 0.935545 0.963354 0.962320 0.981560 0.979548 0.974644 0.815520 0.985540 0.995734 0.999237 0.904549 0.982645 0.902723 0.882551 0.879219 0.939429 0.988085 0.957080 0.995756 0.937401 0.921461 0.925132 0.982372 0.875885 0.882118 0.801330 0.943839 0.996755 0.927751 0.992986 0.917948 0.963320 0.879623 0.910227 0.979731 0.967873 0.928381 0.888805 0.894097 0.969240 0.955002 0.896993 0.891163 0.942519 0.957319 0.947176 0.940527 0.964345 0.973174 0.934345 0.886587 0.876741
0.915366 0.861132 0.833697 0.790402 0.870790 0.767307 0.844411 0.934578 0.825800 0.920077 0.990055 0.984210 0.803745 0.993684 0.870491 0.852818 0.991560 0.971615 0.785268 0.945237 0.850382 0.900721 0.581366 0.663252 0.761295 0.722037 0.908863 0.951459 0.969849 0.977259 0.702683 0.925318 0.847525 0.817318 0.673116 0.858273 0.000000 0.654463 0.916893 0.965468 0.956249 0.926833 0.751969 0.830514 0.740012 0.707444 0.718884 0.714563 0.746243 0.644861 0.726714 0.781852 0.832077 0.798961 0.780500 0.697475 0.894182 0.895526 0.965576 0.890755 0.882372 0.972430 0.928325 0.987732 0.762395 0.915452 0.802166 0.760973 0.937080 0.999615 0.716572 0.796870 0.939951 0.933007 0.863145 0.928388 0.987449 0.706051 0.905752 0.941858 0.904698 0.853298 0.880143 0.785321 0.735476 0.739812 0.929225 0.806794 0.921028 0.880141 0.876092 0.880401 0.786220 0.945895 0.995219 0.917997 0.905222 0.860435 0.746736 0.829256 0.816983 0.905372 0.877339 0.981327 0.851858 0.867202 0.815657 0.925952 0.911890 0.994673 0.966770 0.840399 0.976098 0.838137 0.807487 0.914954
0.920285 0.923708 0.982453 0.904188 0.961188 0.959879 0.898387 0.959897 0.939336 0.988141 0.863122 0.999564 0.939864 0.925506 0.874864 0.866882 0.978836 0.990608 0.921152 0.978832 0.968063 0.836546 0.773189 0.711337 0.810326 0.899191 0.857755 0.930789 0.969876 0.973349 0.825917 0.759992 0.948688 0.872265 0.940668 0.960553 0.654463 0.000000 0.938746 0.949241 0.919179 0.814969 0.661395 0.724879 0.677262 0.659573 0.677608 0.674816 0.775573 0.739179 0.812528 0.878630 0.859752 0.858278 0.922883 0.843664 0.983871 0.980622 0.881451 0.807222 0.901229 0.990705 0.975331 0.979763 0.854558 0.923862 0.835587 0.810099 0.997264 0.870183 0.848948 0.707116 0.988464 0.853774 0.949502 0.951084 0.886219 0.974403 0.783293 0.949812 0.963830 0.905180 0.863842 0.831527 0.934263 0.777302 0.968886 0.859167 0.840697 0.977960 0.948664 0.984969 0.953860 0.949968 0.880816 0.826252 0.870582 0.800580 0.891540 0.965261 0.834257 0.971634 0.886364 0.849243 0.921158 0.836852 0.865911 0.913701 0.877896 0.916245 0.899508 0.780419 0.950835 0.880464 0.816623 0.865689
