0.000000 0.357679 0.974762 0.994012 0.933322 0.778417 0.617052 0.521563 0.935731 0.672369 0.516391 0.366247 0.458062 0.478535 0.587083 0.615690 0.385282 0.396088 0.544330 0.648790 0.809777 0.862259 0.790354 0.885714 0.640121 0.640151 0.805660 0.876661 0.483732 0.439950 0.625362 0.766903 0.557403 0.545041 0.988983 0.867983 0.893837 0.944103 0.803108 0.875139 0.874322 0.960938 0.465077 0.440962 0.502480 0.471816 0.552367 0.547988 0.428808 0.445202 0.495035 0.558128 0.687788 0.806602 0.626613 0.681715 0.457230 0.415044 0.428611 0.480291 0.452807 0.557804 0.376267 0.334859 0.784293 0.935747 0.738950 0.693101 0.668070 0.496709 0.817887 0.664037 0.850203 0.951022 0.980630 0.919161 0.621974 0.634852 0.641858 0.718785 0.351556 0.488889 0.690093 0.787427 0.577302 0.681670 0.746509 0.835555 0.705031 0.814541 0.694823 0.948711 0.814767 0.858762 0.768013 0.877245 0.785519 0.898889 0.451167 0.565587 0.736026 0.636827 0.477862 0.726288 0.741873 0.878575 0.923197 0.835021 0.935976 0.691871 0.756800 0.776614 0.587125 0.716980 0.880568 0.986889
0.357679 0.000000 0.994345 0.911232 0.815817 0.964543 0.798800 0.624161 0.901200 0.797485 0.635560 0.543115 0.625110 0.640492 0.748567 0.858360 0.434466 0.458868 0.695417 0.651054 0.985773 0.836922 0.990552 0.963497 0.827710 0.697095 0.794608 0.997062 0.567856 0.556097 0.673098 0.860407 0.763136 0.604082 0.982630 0.912334 0.959125 0.964801 0.807481 0.966630 0.777014 0.875107 0.521738 0.527330 0.648008 0.570707 0.622615 0.656253 0.520899 0.449763 0.535902 0.513766 0.680889 0.720591 0.744799 0.731324 0.381919 0.351538 0.500993 0.441992 0.662490 0.729326 0.537906 0.492892 0.779609 0.876388 0.787779 0.733116 0.604052 0.472939 0.896080 0.622848 0.817188 0.980579 0.967513 0.934815 0.712417 0.756984 0.610613 0.739615 0.493865 0.640442 0.764490 0.894288 0.846670 0.855076 0.771466 0.856393 0.856337 0.867141 0.783117 0.901140 0.841398 0.991913 0.912403 0.832061 0.715862 0.780385 0.581560 0.575518 0.812214 0.717496 0.621599 0.693282 0.839708 0.936000 0.871091 0.934241 0.945982 0.673140 0.935468 0.817783 0.638860 0.694301 0.924920 0.970399
0.974762 0.994345 0.000000 0.814965 0.961514 0.923943 0.649994 0.774960 0.793874 0.880553 0.967814 0.945472 0.952191 0.827168 0.915073 0.841217 0.880687 0.997503 0.909521 0.971140 0.971873 0.901863 0.961436 0.892525 0.641347 0.699555 0.925124 0.893964 0.875704 0.953470 0.828070 0.901843 0.978674 0.816416 0.859473 0.985622 0.957782 0.966194 0.782949 0.992339 0.811234 0.854342 0.996796 0.989052 0.833758 0.839748 0.771354 0.982356 0.805394 0.784653 0.822422 0.686861 0.780721 0.753769 0.998741 0.877096 0.856711 0.981570 0.832720 0.993479 0.855691 0.970151 0.890230 0.990835 0.598314 0.683324 0.774062 0.833863 0.905885 0.980932 0.929798 0.879659 0.865111 0.871284 0.966373 0.973147 0.898599 0.823536 0.986859 0.953755 0.979579 0.752005 0.984486 0.871728 0.872392 0.882659 0.805384 0.993448 0.808848 0.851189 0.966478 0.848428 0.914056 0.938407 0.807613 0.999391 0.821002 0.933091 0.889177 0.998405 0.914842 0.997612 0.962408 0.991444 0.966182 0.996891 0.712055 0.890359 0.982373 0.842089 0.974826 0.915603 0.992957 0.975587 0.954825 0.992695
0.994012 0.911232 0.814965 0.000000 0.981526 0.729431 0.993443 0.861630 0.929622 0.884901 0.792236 0.840675 0.749705 0.788272 0.848550 0.940140 0.953972 0.971945 0.890772 0.951209 0.941060 0.862320 0.738874 0.749392 0.662184 0.752490 0.873787 0.951994 0.950886 0.922600 0.911670 0.808680 0.976094 0.968238 0.888551 0.920659 0.967375 0.755961 0.824153 0.905971 0.903506 0.962180 0.916487 0.914713 0.993097 0.979537 0.939075 0.987854 0.975888 0.790807 0.800006 0.739049 0.754884 0.698413 0.959781 0.843739 0.810933 0.810169 0.884864 0.686341 0.921654 0.932167 0.937180 0.930783 0.682000 0.576004 0.591285 0.684195 0.838633 0.862705 0.717622 0.827425 0.759576 0.802002 0.921042 0.951758 0.892364 0.948616 0.928302 0.982423 0.897046 0.992017 0.873728 0.855499 0.939248 0.693558 0.987921 0.941375 0.850837 0.719332 0.588971 0.634854 0.556385 0.547165 0.992881 0.997612 0.973956 0.817938 0.848514 0.795466 0.938698 0.933494 0.897821 0.911363 0.900356 0.982238 0.936794 0.966941 0.962799 0.922481 0.842255 0.825231 0.938028 0.861699 0.813234 0.967976
0.933322 0.815817 0.961514 0.981526 0.000000 0.643302 0.780268 0.789548 0.540876 0.698749 0.968804 0.922767 0.776851 0.878174 0.740983 0.753657 0.968489 0.833988 0.788241 0.966760 0.824835 0.928180 0.649088 0.903442 0.780246 0.820418 0.839179 0.768720 0.865909 0.883032 0.965476 0.973607 0.883760 0.991102 0.948168 0.949453 0.956227 0.964725 0.984430 0.891109 0.834489 0.770112 0.966020 0.975847 0.839890 0.922363 0.923921 0.975272 0.938541 0.949125 0.859621 0.948027 0.749903 0.868874 0.994539 0.942778 0.827027 0.942234 0.967183 0.951350 0.777089 0.662613 0.887236 0.863689 0.918450 0.960479 0.944745 0.919376 0.935129 0.945065 0.698250 0.833939 0.851589 0.878610 0.896465 0.947100 0.795069 0.877326 0.758570 0.997970 0.994180 0.973294 0.844983 0.901747 0.687566 0.901055 0.929385 0.843927 0.814603 0.886032 0.714812 0.693329 0.787394 0.943688 0.939579 0.941476 0.895297 0.856828 0.896524 0.880344 0.802925 0.814522 0.926564 0.938753 0.986650 0.943505 0.778271 0.909296 0.853614 0.847105 0.841402 0.846576 0.971187 0.926635 0.981590 0.896303
0.778417 0.964543 0.923943 0.729431 0.643302 0.000000 0.591814 0.535298 0.667203 0.568583 0.879310 0.795983 0.831567 0.857012 0.741021 0.651318 0.719129 0.805351 0.593936 0.819403 0.778461 0.948626 0.580167 0.709702 0.870068 0.958948 0.920658 0.867137 0.719541 0.763628 0.716253 0.887405 0.649966 0.720309 0.756444 0.986054 0.806099 0.971340 0.953867 0.897841 0.977147 0.990028 0.728807 0.696102 0.527499 0.622647 0.775023 0.653609 0.635675 0.643352 0.563454 0.729170 0.609743 0.705127 0.783476 0.612327 0.954995 0.878011 0.698911 0.695574 0.597996 0.621743 0.705270 0.652063 0.959217 0.824681 0.575353 0.647519 0.997715 0.901194 0.781451 0.950230 0.915489 0.971240 0.918655 0.950713 0.675117 0.822779 0.957001 0.702456 0.697534 0.641768 0.901837 0.907063 0.558332 0.607481 0.973694 0.956755 0.845156 0.909604 0.516097 0.718855 0.540852 0.975678 0.892933 0.915228 0.884663 0.871642 0.544470 0.692758 0.757031 0.697865 0.701485 0.915278 0.847122 0.956406 0.983303 0.925669 0.866014 0.943982 0.847064 0.638018 0.717233 0.918046 0.837960 0.864398
0.617052 0.798800 0.649994 0.993443 0.780268 0.591814 0.000000 0.250962 0.597802 0.301541 0.502568 0.526111 0.479816 0.634647 0.573820 0.835918 0.453487 0.576732 0.394760 0.641951 0.798006 0.887444 0.915396 0.771910 0.629383 0.799500 0.604205 0.883825 0.379491 0.487484 0.503268 0.707057 0.471535 0.430750 0.935020 0.982553 0.849766 0.766386 0.870608 0.980713 0.842348 0.949248 0.485911 0.453182 0.489095 0.502359 0.480379 0.536035 0.599347 0.838103 0.710423 0.961090 0.942457 0.862065 0.803166 0.709528 0.787487 0.851562 0.475694 0.735024 0.249776 0.386757 0.342189 0.408850 0.800137 0.863831 0.721883 0.639458 0.976183 0.794851 0.881810 0.991335 0.872286 0.958527 0.994710 0.978434 0.543982 0.870087 0.709790 0.716539 0.456211 0.420717 0.787662 0.923741 0.593214 0.919338 0.832034 0.844098 0.983557 0.824144 0.651304 0.975566 0.808896 0.704588 0.878752 0.892312 0.787268 0.847986 0.529403 0.605948 0.496552 0.747017 0.589318 0.747330 0.742079 0.965554 0.843406 0.982625 0.795634 0.703978 0.734187 0.818449 0.644372 0.829311 0.893989 0.999752
0.521563 0.624161 0.774960 0.861630 0.789548 0.535298 0.250962 0.000000 0.610854 0.274049 0.503174 0.470926 0.448107 0.548161 0.492524 0.734531 0.405340 0.484821 0.350994 0.575846 0.820556 0.916750 0.781068 0.884527 0.613803 0.735919 0.627126 0.922861 0.326414 0.399821 0.456579 0.671070 0.435187 0.415005 0.956099 0.924838 0.887142 0.889546 0.958542 0.932549 0.948717 0.964961 0.423383 0.374604 0.393402 0.397601 0.477266 0.501932 0.456456 0.651813 0.561215 0.792122 0.762957 0.966165 0.711303 0.628584 0.670252 0.666139 0.442151 0.582033 0.266562 0.343609 0.322314 0.345321 0.728882 0.937621 0.688464 0.579308 0.911857 0.629638 0.701808 0.814892 0.837812 0.990028 0.999383 0.968319 0.505613 0.821237 0.719084 0.637391 0.409293 0.467998 0.758189 0.907582 0.564269 0.879358 0.818556 0.831241 0.884143 0.961389 0.557205 0.810305 0.688741 0.856117 0.869772 0.925293 0.684306 0.807736 0.379083 0.495498 0.475404 0.680450 0.508122 0.681120 0.711708 0.935262 0.859856 0.993067 0.893670 0.733298 0.644908 0.754592 0.605076 0.771562 0.905800 0.974762
0.935731 0.901200 0.793874 0.929622 0.540876 0.667203 0.597802 0.610854 0.000000 0.538263 0.917820 0.881845 0.741392 0.881957 0.799867 0.764740 0.931605 0.939080 0.711085 0.986825 0.744480 0.898588 0.747135 0.961314 0.930686 0.871812 0.906915 0.991750 0.794831 0.817004 0.824451 0.983970 0.845960 0.883265 0.884470 0.970583 0.891644 0.889332 0.944160 0.893022 0.760539 0.959739 0.906843 0.931787 0.806897 0.885224 0.938168 0.895210 0.883170 0.857626 0.943473 0.887257 0.878684 0.918750 0.775756 0.829824 0.930025 0.966741 0.859884 0.965999 0.655888 0.534981 0.804852 0.794292 0.968154 0.869411 0.978460 0.991637 0.933768 0.945199 0.713216 0.932849 0.991559 0.955464 0.999135 0.896020 0.836652 0.958946 0.806106 0.884462 0.934019 0.948372 0.837588 0.985676 0.640264 0.977859 0.885073 0.918747 0.878445 0.944065 0.745343 0.803394 0.893418 0.995028 0.851752 0.996590 0.939318 0.766887 0.796246 0.916768 0.794413 0.847593 0.980337 0.976215 0.905192 0.870659 0.861045 0.784011 0.948131 0.823608 0.827406 0.957223 0.835708 0.988864 0.833445 0.980189
0.672369 0.797485 0.880553 0.884901 0.698749 0.568583 0.301541 0.274049 0.538263 0.000000 0.601170 0.548939 0.488321 0.600481 0.499799 0.758462 0.542477 0.569233 0.398598 0.598196 0.824010 0.997911 0.807983 0.789113 0.574705 0.765887 0.657483 0.984897 0.404151 0.480339 0.447252 0.712351 0.481976 0.461490 0.963972 0.961647 0.846741 0.894207 0.934518 0.970318 0.905844 0.965417 0.478710 0.462940 0.395350 0.416762 0.565959 0.567648 0.483712 0.734983 0.610239 0.881054 0.791425 0.999493 0.741634 0.716735 0.844370 0.836821 0.594212 0.713652 0.328749 0.335902 0.422599 0.433538 0.660047 0.989226 0.778531 0.672532 0.985129 0.712542 0.667180 0.827869 0.934394 0.955526 0.951870 0.900990 0.567475 0.850044 0.796564 0.779087 0.515770 0.634802 0.837036 0.950077 0.668131 0.981767 0.838672 0.803179 0.970305 0.866678 0.541618 0.755667 0.668420 0.894767 0.937322 0.865828 0.846821 0.757303 0.423599 0.507065 0.548153 0.707148 0.562792 0.748860 0.799383 0.963957 0.852435 0.988290 0.871201 0.725672 0.684605 0.731553 0.686988 0.846421 0.914264 0.950194
0.516391 0.635560 0.967814 0.792236 0.968804 0.879310 0.502568 0.503174 0.917820 0.601170 0.000000 0.364336 0.352263 0.436038 0.500475 0.805815 0.489997 0.447591 0.516708 0.680547 0.890836 0.820974 0.950777 0.755756 0.457558 0.564365 0.564452 0.804058 0.419244 0.409300 0.661531 0.794805 0.519702 0.433447 0.876979 0.910943 0.950939 0.782253 0.799412 0.790281 0.982870 0.976027 0.524491 0.434572 0.522677 0.473541 0.595810 0.561453 0.555087 0.782669 0.723996 0.931266 0.973439 0.907102 0.857948 0.815627 0.769063 0.761452 0.582581 0.802364 0.358923 0.499546 0.354479 0.386096 0.561424 0.840163 0.990615 0.836537 0.926373 0.745754 0.941798 0.906512 0.982953 0.809179 0.942023 0.824514 0.670237 0.767959 0.658935 0.610192 0.385772 0.476610 0.727901 0.670028 0.758375 0.978102 0.834127 0.795460 0.845473 0.928245 0.912520 0.830329 0.961142 0.608311 0.898006 0.942769 0.810011 0.906317 0.606827 0.791185 0.514729 0.836901 0.593623 0.709770 0.893517 0.940653 0.976877 0.838342 0.818913 0.757725 0.786382 0.927837 0.704478 0.852863 0.998247 0.907781
0.366247 0.543115 0.945472 0.840675 0.922767 0.795983 0.526111 0.470926 0.881845 0.548939 0.364336 0.000000 0.298578 0.304104 0.387787 0.529927 0.428573 0.377111 0.455669 0.583271 0.790621 0.882315 0.792113 0.981846 0.428964 0.524490 0.716310 0.795721 0.389264 0.315689 0.534435 0.697813 0.426329 0.425954 0.921875 0.982510 0.889527 0.923377 0.817316 0.865999 0.951294 0.961699 0.517299 0.415235 0.383344 0.379128 0.608246 0.597048 0.388259 0.588495 0.630725 0.748530 0.795401 0.964933 0.741950 0.743071 0.670728 0.646684 0.589751 0.762743 0.356158 0.413658 0.357626 0.288423 0.575495 0.767468 0.891987 0.788032 0.875906 0.560556 0.807137 0.738382 0.939531 0.977518 0.911782 0.925087 0.636206 0.776221 0.643738 0.561801 0.321852 0.460050 0.600773 0.663357 0.563016 0.785129 0.843348 0.897399 0.691379 0.938587 0.864223 0.916490 0.998392 0.721001 0.915362 0.923936 0.858547 0.983971 0.501473 0.590852 0.646852 0.720800 0.475748 0.622489 0.817184 0.962697 0.902680 0.897220 0.872509 0.723582 0.766484 0.745622 0.648120 0.722628 0.998169 0.964373
0.458062 0.625110 0.952191 0.749705 0.776851 0.831567 0.479816 0.448107 0.741392 0.488321 0.352263 0.298578 0.000000 0.275894 0.318200 0.594526 0.503507 0.501145 0.468125 0.618832 0.753582 0.923472 0.814628 0.886272 0.394362 0.463533 0.689441 0.834343 0.346419 0.300843 0.576913 0.713747 0.428543 0.485159 0.904386 0.927041 0.990412 0.793555 0.817372 0.823121 0.973886 0.914238 0.550407 0.467723 0.446263 0.409849 0.631049 0.591535 0.463898 0.737099 0.722842 0.871538 0.894112 0.873532 0.829558 0.778105 0.787358 0.685956 0.633308 0.831230 0.299116 0.353278 0.361489 0.305309 0.551650 0.781061 0.971967 0.850147 0.928259 0.596849 0.753216 0.762210 0.935798 0.917650 0.945188 0.884651 0.618828 0.746045 0.751606 0.650605 0.377187 0.517137 0.590728 0.751259 0.610734 0.939386 0.857301 0.870503 0.757619 0.986546 0.922847 0.937628 0.919643 0.663775 0.924307 0.907740 0.774086 0.895783 0.558668 0.675648 0.600640 0.745473 0.580770 0.625536 0.951691 0.934745 0.897445 0.926541 0.839752 0.776504 0.722283 0.847779 0.730528 0.713804 0.986832 0.906652
0.478535 0.640492 0.827168 0.788272 0.878174 0.857012 0.634647 0.548161 0.881957 0.600481 0.436038 0.304104 0.275894 0.000000 0.307779 0.462850 0.522250 0.454864 0.539090 0.530806 0.869669 0.967004 0.708641 0.950604 0.424521 0.520681 0.731930 0.871240 0.401265 0.329691 0.609805 0.666419 0.487207 0.527699 0.881614 0.983283 0.967395 0.874447 0.911659 0.832836 0.978442 0.920562 0.642981 0.507961 0.460628 0.422197 0.635377 0.656825 0.439535 0.664613 0.693032 0.780907 0.861178 0.950313 0.819329 0.811062 0.821263 0.655745 0.744279 0.839412 0.425253 0.424715 0.422436 0.332739 0.564301 0.753521 0.973023 0.868380 0.984160 0.613655 0.725495 0.693049 0.951994 0.954013 0.884947 0.993139 0.705240 0.870371 0.710484 0.609247 0.417362 0.542195 0.545425 0.690338 0.566704 0.862909 0.922186 0.962895 0.689057 0.871715 0.947230 0.953658 0.946184 0.732013 0.885375 0.962418 0.850542 0.909002 0.569650 0.701303 0.660578 0.772956 0.597291 0.666604 0.849453 0.957012 0.979092 0.911979 0.861117 0.811286 0.742316 0.864328 0.725491 0.752673 0.999555 0.992250
0.587083 0.748567 0.915073 0.848550 0.740983 0.741021 0.573820 0.492524 0.799867 0.499799 0.500475 0.387787 0.318200 0.307779 0.000000 0.445261 0.621337 0.536181 0.559165 0.611299 0.823753 0.927447 0.584736 0.928362 0.434765 0.522892 0.753514 0.856952 0.403200 0.362288 0.619716 0.692121 0.439608 0.543703 0.986347 0.973165 0.918343 0.884434 0.929421 0.875994 0.995262 0.899739 0.661119 0.573721 0.421707 0.419928 0.687934 0.637105 0.433564 0.669471 0.660487 0.771074 0.772651 0.950187 0.896091 0.836569 0.952084 0.757658 0.789252 0.880481 0.419726 0.443716 0.451729 0.394273 0.612611 0.742328 0.936474 0.882005 0.955652 0.588721 0.646648 0.653479 0.969735 0.929585 0.834855 0.965071 0.647514 0.954926 0.796938 0.645308 0.479597 0.589489 0.492073 0.732024 0.516350 0.804691 0.965429 0.993119 0.682578 0.865169 0.859939 0.920327 0.926059 0.817226 0.906676 0.951926 0.931523 0.909351 0.526982 0.650498 0.609358 0.757147 0.600089 0.602144 0.916657 0.912217 0.923547 0.913658 0.995322 0.933695 0.783385 0.762342 0.849076 0.733795 0.960297 0.915197
0.615690 0.858360 0.841217 0.940140 0.753657 0.651318 0.835918 0.734531 0.764740 0.758462 0.805815 0.529927 0.594526 0.462850 0.445261 0.000000 0.817928 0.765000 0.680993 0.724268 0.819338 0.891562 0.318594 0.523767 0.716896 0.674983 0.933215 0.854120 0.716157 0.563067 0.799580 0.731068 0.666298 0.797445 0.902001 0.895956 0.901566 0.975256 0.998278 0.900496 0.855020 0.777290 0.906808 0.762566 0.562862 0.648078 0.895533 0.763069 0.579265 0.609387 0.679201 0.651817 0.625831 0.808685 0.837235 0.862526 0.992982 0.764392 0.885173 0.841787 0.664251 0.640573 0.714684 0.593432 0.953367 0.920392 0.800549 0.903100 0.975014 0.716285 0.633063 0.762954 0.916556 0.935592 0.808687 0.934796 0.835703 0.976868 0.976800 0.758265 0.697408 0.694953 0.468504 0.764038 0.347579 0.514527 0.975193 0.711872 0.489577 0.582077 0.793793 0.815847 0.803788 0.982407 0.855917 0.994816 0.966174 0.981347 0.623114 0.709964 0.904561 0.764659 0.663878 0.902121 0.828131 0.897797 0.957874 0.905559 0.979707 0.926970 0.804368 0.732776 0.857732 0.867412 0.815142 0.968347
0.385282 0.434466 0.880687 0.953972 0.968489 0.719129 0.453487 0.405340 0.931605 0.542477 0.489997 0.428573 0.503507 0.522250 0.621337 0.817928 0.000000 0.351256 0.462376 0.574230 0.814044 0.806906 0.944446 0.923207 0.636183 0.677043 0.655381 0.905195 0.373838 0.427687 0.523994 0.736258 0.499582 0.389098 0.930779 0.957973 0.868094 0.855475 0.845858 0.985534 0.977119 0.812206 0.442240 0.370015 0.449304 0.437350 0.388013 0.492976 0.475044 0.574566 0.612894 0.760675 0.814004 0.935437 0.641607 0.631156 0.514857 0.551599 0.406952 0.495847 0.391469 0.494478 0.331929 0.321886 0.716062 0.991366 0.674563 0.593473 0.801241 0.566671 0.926315 0.762135 0.839145 0.993552 0.983851 0.980836 0.508201 0.717286 0.578896 0.664241 0.340380 0.401842 0.775551 0.738443 0.701161 0.846705 0.896020 0.802880 0.894605 0.978887 0.658213 0.985669 0.795653 0.820118 0.852892 0.806641 0.724672 0.892756 0.473459 0.514274 0.576194 0.638670 0.551498 0.667616 0.808631 0.856247 0.927558 0.996997 0.811794 0.595660 0.788380 0.772906 0.547554 0.723669 0.868838 0.831758
0.396088 0.458868 0.997503 0.971945 0.833988 0.805351 0.576732 0.484821 0.939080 0.569233 0.447591 0.377111 0.501145 0.454864 0.536181 0.765000 0.351256 0.000000 0.506528 0.477697 0.900747 0.895257 0.937786 0.944118 0.603323 0.718945 0.617118 0.977531 0.379650 0.348820 0.500658 0.625943 0.475594 0.406098 0.916699 0.924401 0.897080 0.985609 0.872146 0.919256 0.897746 0.896807 0.385479 0.343516 0.434971 0.343354 0.477545 0.500371 0.383976 0.491556 0.524268 0.660005 0.821833 0.875435 0.727135 0.646368 0.580007 0.569124 0.526336 0.571368 0.476390 0.543647 0.375935 0.343610 0.621468 0.872719 0.730569 0.609639 0.819289 0.532552 0.871087 0.697001 0.828338 0.958456 0.972874 0.936998 0.659900 0.779803 0.480908 0.499623 0.298705 0.444379 0.777950 0.670706 0.777409 0.843645 0.862529 0.786518 0.892764 0.970865 0.778374 0.969009 0.838514 0.780810 0.762592 0.927238 0.798863 0.884780 0.467390 0.524714 0.648826 0.732497 0.436044 0.638773 0.796700 0.911609 0.983849 0.868361 0.906442 0.685846 0.767456 0.832309 0.659498 0.735928 0.987966 0.914114
0.544330 0.695417 0.909521 0.890772 0.788241 0.593936 0.394760 0.350994 0.711085 0.398598 0.516708 0.455669 0.468125 0.539090 0.559165 0.680993 0.462376 0.506528 0.000000 0.475793 0.707452 0.888141 0.788378 0.936370 0.577619 0.741070 0.664318 0.978491 0.382424 0.416228 0.512785 0.603873 0.497530 0.418196 0.989019 0.976694 0.854691 0.923297 0.933585 0.840406 0.929422 0.884034 0.426560 0.342924 0.410822 0.404572 0.558322 0.535748 0.531193 0.650830 0.625035 0.812519 0.831237 0.991535 0.748989 0.651214 0.720552 0.747002 0.522198 0.650466 0.360242 0.365225 0.400333 0.393868 0.722959 0.839760 0.660286 0.587891 0.886190 0.743210 0.704788 0.768275 0.750389 0.893489 0.966669 0.975937 0.604724 0.751172 0.748258 0.655160 0.473988 0.466286 0.750797 0.798261 0.614774 0.859362 0.828284 0.920407 0.805458 0.978496 0.579161 0.900925 0.755634 0.837624 0.932657 0.988232 0.807631 0.949783 0.443773 0.558518 0.622342 0.687523 0.474209 0.721771 0.757348 0.936276 0.933007 0.937590 0.777658 0.740654 0.725416 0.691086 0.641497 0.760485 0.829084 0.915375
0.648790 0.651054 0.971140 0.951209 0.966760 0.819403 0.641951 0.575846 0.986825 0.598196 0.680547 0.583271 0.618832 0.530806 0.611299 0.724268 0.574230 0.477697 0.475793 0.000000 0.947247 0.869289 0.837845 0.955657 0.716515 0.895818 0.777462 0.987946 0.489840 0.507042 0.599240 0.624584 0.610252 0.582871 0.934485 0.980833 0.925872 0.958030 0.971628 0.917059 0.975351 0.990438 0.624524 0.507992 0.549651 0.490180 0.584568 0.627267 0.571555 0.643103 0.638265 0.756623 0.885000 0.934861 0.800317 0.735943 0.738325 0.663167 0.660479 0.700436 0.573196 0.593459 0.508138 0.474736 0.752669 0.907477 0.673419 0.592055 0.801397 0.692204 0.797098 0.817610 0.880508 0.833942 0.966566 0.997074 0.670751 0.943869 0.628274 0.593774 0.568915 0.542644 0.745180 0.802202 0.715373 0.847631 0.890529 0.986249 0.848758 0.977390 0.734276 0.953179 0.834106 0.867229 0.804920 0.928684 0.866744 0.764087 0.580300 0.644505 0.794581 0.798674 0.630375 0.610710 0.732416 0.935059 0.971632 0.941386 0.842769 0.795930 0.824884 0.768587 0.834945 0.751062 0.903810 0.929626
0.809777 0.985773 0.971873 0.941060 0.824835 0.778461 0.798006 0.820556 0.744480 0.824010 0.890836 0.790621 0.753582 0.869669 0.823753 0.819338 0.814044 0.900747 0.707452 0.947247 0.000000 0.976624 0.866607 0.909329 0.892571 0.765548 0.889776 0.941052 0.835163 0.840695 0.966913 0.936679 0.919903 0.829507 0.990984 0.960248 0.886911 0.910930 0.736272 0.896453 0.921540 0.983333 0.859273 0.802348 0.811249 0.812659 0.995705 0.746597 0.867538 0.914569 0.831118 0.884566 0.808111 0.847451 0.982525 0.804078 0.943858 0.919805 0.877132 0.872696 0.794460 0.812386 0.840130 0.810181 0.909448 0.886411 0.990055 0.962067 0.962403 0.861692 0.816758 0.874915 0.986339 0.997842 0.956122 0.934845 0.902772 0.875949 0.976561 0.967617 0.886337 0.846670 0.863235 0.836459 0.840042 0.981833 0.946352 0.923886 0.882706 0.969829 0.755651 0.879120 0.897196 0.979562 0.968908 0.842779 0.948274 0.946943 0.844167 0.854482 0.928829 0.793540 0.829654 0.988388 0.999751 0.837120 0.875810 0.947607 0.877812 0.854572 0.849213 0.785902 0.937611 0.807716 0.803479 0.968606
0.862259 0.836922 0.901863 0.862320 0.928180 0.948626 0.887444 0.916750 0.898588 0.997911 0.820974 0.882315 0.923472 0.967004 0.927447 0.891562 0.806906 0.895257 0.888141 0.869289 0.976624 0.000000 0.878622 0.787587 0.998057 0.879937 0.863655 0.938239 0.900595 0.942017 0.969607 0.963208 0.876816 0.867783 0.835083 0.829444 0.860471 0.985113 0.871938 0.812966 0.883374 0.844985 0.912206 0.900555 0.994601 0.967077 0.868106 0.915718 0.908615 0.971157 0.957850 0.893838 0.931173 0.910746 0.896603 0.968984 0.794178 0.904586 0.904727 0.922127 0.891681 0.941941 0.900718 0.919596 0.952811 0.894722 0.970117 0.934604 0.902165 0.970500 0.857749 0.934456 0.942324 0.943005 0.988398 0.949157 0.936618 0.942397 0.984710 0.955907 0.961108 0.925751 0.949969 0.869585 0.970285 0.903774 0.883330 0.804863 0.961824 0.867989 0.892468 0.828723 0.903236 0.831333 0.834793 0.933713 0.945333 0.900144 0.974965 0.959472 0.921304 0.938697 0.993743 0.967156 0.985486 0.932335 0.822837 0.958913 0.901990 0.850079 0.933354 0.949074 0.888854 0.927976 0.819789 0.854849
0.790354 0.990552 0.961436 0.738874 0.649088 0.580167 0.915396 0.781068 0.747135 0.807983 0.950777 0.792113 0.814628 0.708641 0.584736 0.318594 0.944446 0.937786 0.788378 0.837845 0.866607 0.878622 0.000000 0.444647 0.923091 0.841393 0.744811 0.845038 0.838098 0.736038 0.841484 0.711964 0.762682 0.969226 0.817381 0.907563 0.891749 0.938001 0.857325 0.939230 0.930006 0.879267 0.969160 0.941968 0.724561 0.799990 0.999615 0.913083 0.748170 0.679150 0.753285 0.690740 0.616482 0.755632 0.925373 0.864725 0.963618 0.816516 0.973028 0.863433 0.823819 0.793146 0.891626 0.787784 0.840000 0.913535 0.679150 0.858713 0.954153 0.741859 0.540131 0.775416 0.888695 0.971609 0.953443 0.915165 0.811441 0.970525 0.887156 0.855750 0.900399 0.828459 0.575025 0.898341 0.391380 0.448071 0.925034 0.630777 0.600997 0.476747 0.729566 0.652148 0.685027 0.776637 0.899778 0.937702 0.985208 0.948003 0.737068 0.749861 0.930065 0.779921 0.779515 0.965416 0.855566 0.845437 0.866475 0.934391 0.960122 0.809976 0.785344 0.724345 0.995181 0.972630 0.865269 0.983794
0.885714 0.963497 0.892525 0.749392 0.903442 0.709702 0.771910 0.884527 0.961314 0.789113 0.755756 0.981846 0.886272 0.950604 0.928362 0.523767 0.923207 0.944118 0.936370 0.955657 0.909329 0.787587 0.444647 0.000000 0.881159 0.985753 0.635672 0.927922 0.876911 0.983083 0.906079 0.915879 0.996969 0.826128 0.850784 0.829245 0.993667 0.824546 0.983361 0.972894 0.823164 0.906863 0.803431 0.882316 0.931055 0.997434 0.895716 0.942561 0.932073 0.694373 0.798334 0.659610 0.680684 0.664922 0.945644 0.887591 0.990125 0.836755 0.957371 0.889816 0.840684 0.852361 0.849904 0.978997 0.750721 0.885153 0.656852 0.862830 0.994162 0.785345 0.839325 0.876525 0.992559 0.908059 0.856395 0.959987 0.970063 0.957085 0.949203 0.896278 0.966056 0.918495 0.742500 0.954147 0.639574 0.442414 0.831470 0.586086 0.646839 0.565155 0.835849 0.847119 0.764498 0.759206 0.904200 0.941823 0.920839 0.980800 0.889656 0.903442 0.808962 0.878495 0.890416 0.962782 0.887666 0.826944 0.778465 0.824961 0.983204 0.726724 0.955142 0.749899 0.989230 0.858410 0.922010 0.953946
0.640121 0.827710 0.641347 0.662184 0.780246 0.870068 0.629383 0.613803 0.930686 0.574705 0.457558 0.428964 0.394362 0.424521 0.434765 0.716896 0.636183 0.603323 0.577619 0.716515 0.892571 0.998057 0.923091 0.881159 0.000000 0.488649 0.654907 0.932601 0.505973 0.518827 0.710541 0.786839 0.523922 0.639671 0.851186 0.998239 0.914110 0.850972 0.987673 0.846966 0.959639 0.885696 0.605681 0.556358 0.419504 0.432112 0.717744 0.714653 0.503857 0.739010 0.720776 0.842963 0.884213 0.960902 0.837814 0.936550 0.950399 0.953021 0.791878 0.915204 0.471281 0.442074 0.515683 0.455794 0.413124 0.736185 0.941492 0.936853 0.861648 0.731921 0.846133 0.832056 0.978015 0.888240 0.931342 0.952499 0.663732 0.814209 0.742815 0.633696 0.450943 0.692743 0.725508 0.802746 0.800343 0.941766 0.965163 0.840313 0.746817 0.962415 0.832316 0.985426 0.950745 0.721495 0.831112 0.979561 0.958915 0.957062 0.562719 0.699997 0.627938 0.767386 0.622807 0.612318 0.889023 0.945522 0.874336 0.969284 0.840125 0.877920 0.804317 0.841895 0.696056 0.750517 0.922863 0.904405
0.640151 0.697095 0.699555 0.752490 0.820418 0.958948 0.799500 0.735919 0.871812 0.765887 0.564365 0.524490 0.463533 0.520681 0.522892 0.674983 0.677043 0.718945 0.741070 0.895818 0.765548 0.879937 0.841393 0.985753 0.488649 0.000000 0.900141 0.836172 0.683422 0.648361 0.797541 0.924189 0.764006 0.824297 0.819526 0.965291 0.976849 0.898619 0.933961 0.982649 0.972564 0.955361 0.791384 0.715978 0.633974 0.645618 0.916846 0.777180 0.613895 0.772981 0.818035 0.800123 0.770578 0.926319 0.937084 0.981315 0.931957 0.793710 0.927395 0.932781 0.645826 0.576396 0.698107 0.596428 0.613126 0.618903 0.820155 0.863197 0.992488 0.744723 0.834127 0.769777 0.909466 0.767925 0.822927 0.918308 0.822220 0.777127 0.861295 0.774286 0.648639 0.813062 0.620533 0.822935 0.769709 0.993886 0.925002 0.954741 0.700074 0.823133 0.881965 0.894719 0.990142 0.934117 0.974355 0.876776 0.983523 0.956165 0.722046 0.672608 0.765360 0.853616 0.704861 0.723560 0.941053 0.983605 0.918061 0.988063 0.997329 0.974067 0.916796 0.833777 0.924972 0.933309 0.891642 0.913896
0.805660 0.794608 0.925124 0.873787 0.839179 0.920658 0.604205 0.627126 0.906915 0.657483 0.564452 0.716310 0.689441 0.731930 0.753514 0.933215 0.655381 0.617118 0.664318 0.777462 0.889776 0.863655 0.744811 0.635672 0.654907 0.900141 0.000000 0.953567 0.633373 0.681327 0.708636 0.853972 0.706627 0.536484 0.976819 0.920603 0.828763 0.775803 0.977666 0.864078 0.988562 0.913658 0.631513 0.576735 0.646524 0.628690 0.552625 0.709203 0.681372 0.859498 0.894415 0.937277 0.793505 0.830064 0.826714 0.872278 0.923062 0.971978 0.765448 0.887217 0.596418 0.668044 0.634660 0.667333 0.729205 0.969790 0.885089 0.730643 0.901603 0.969786 0.885610 0.818628 0.958986 0.980737 0.994568 0.990351 0.842368 0.866098 0.781277 0.762287 0.588123 0.685371 0.918362 0.952964 0.946155 0.867040 0.777168 0.672011 0.914933 0.782990 0.940549 0.863303 0.972559 0.692443 0.864764 0.996432 0.941231 0.973432 0.681928 0.792428 0.677438 0.925853 0.737404 0.821252 0.879279 0.874797 0.873917 0.984951 0.974078 0.698330 0.895953 0.963520 0.737702 0.815975 0.964921 0.939001
0.876661 0.997062 0.893964 0.951994 0.768720 0.867137 0.883825 0.922861 0.991750 0.984897 0.804058 0.795721 0.834343 0.871240 0.856952 0.854120 0.905195 0.977531 0.978491 0.987946 0.941052 0.938239 0.845038 0.927922 0.932601 0.836172 0.953567 0.000000 0.912062 0.887383 0.964300 0.958668 0.981768 0.934155 0.974123 0.873754 0.960927 0.891355 0.925743 0.968854 0.874977 0.960334 0.972433 0.999027 0.960522 0.978349 0.957028 0.963370 0.956347 0.955486 0.978068 0.974292 0.980721 0.993998 0.857426 0.985810 0.998103 0.930471 0.964721 0.933882 0.833451 0.974058 0.899531 0.879926 0.900365 0.916581 0.955700 0.966915 0.926019 0.926054 0.883719 0.962776 0.881402 0.854897 0.993306 0.875187 0.977352 0.958420 0.947360 0.812276 0.902183 0.827761 0.920792 0.882511 0.759832 0.781709 0.990757 0.905096 0.884160 0.868148 0.998737 0.982956 0.987477 0.998476 0.988341 0.956910 0.903949 0.971163 0.975156 0.956834 0.948471 0.932858 0.954681 0.885534 0.851737 0.851927 0.861519 0.994095 0.941431 0.919073 0.984895 0.975355 0.997709 0.851601 0.856310 0.988566
0.483732 0.567856 0.875704 0.950886 0.865909 0.719541 0.379491 0.326414 0.794831 0.404151 0.419244 0.389264 0.346419 0.401265 0.403200 0.716157 0.373838 0.379650 0.382424 0.489840 0.835163 0.900595 0.838098 0.876911 0.505973 0.683422 0.633373 0.912062 0.000000 0.277490 0.418404 0.611083 0.440177 0.340624 0.996678 0.989817 0.966726 0.877449 0.852194 0.766578 0.978641 0.988795 0.435834 0.368767 0.412544 0.335167 0.445719 0.521107 0.428262 0.605717 0.589048 0.801786 0.841813 0.988377 0.743097 0.640773 0.641430 0.647769 0.503885 0.658721 0.306375 0.406687 0.263522 0.294258 0.579284 0.909102 0.780026 0.671600 0.883501 0.608392 0.732039 0.720282 0.825039 0.982731 0.948727 0.890370 0.545914 0.858295 0.568637 0.561625 0.301036 0.373258 0.744330 0.796590 0.634271 0.907130 0.910367 0.858643 0.878826 0.984967 0.766659 0.976905 0.892507 0.696094 0.929077 0.943902 0.716540 0.866258 0.494355 0.583976 0.490591 0.644087 0.509333 0.554341 0.808408 0.931460 0.908864 0.882555 0.816406 0.700480 0.742304 0.766974 0.643503 0.683816 0.987427 0.922484
0.439950 0.556097 0.953470 0.922600 0.883032 0.763628 0.487484 0.399821 0.817004 0.480339 0.409300 0.315689 0.300843 0.329691 0.362288 0.563067 0.427687 0.348820 0.416228 0.507042 0.840695 0.942017 0.736038 0.983083 0.518827 0.648361 0.681327 0.887383 0.277490 0.000000 0.487607 0.572824 0.396686 0.370510 0.977159 0.968362 0.949764 0.912968 0.835353 0.771709 0.931491 0.936005 0.505871 0.422377 0.415996 0.367799 0.515514 0.546269 0.424332 0.601878 0.614902 0.780168 0.870738 0.955647 0.729099 0.696128 0.635306 0.628778 0.525908 0.672985 0.332593 0.406118 0.319475 0.279015 0.629068 0.898463 0.800676 0.649350 0.815982 0.543241 0.681426 0.772569 0.863399 0.929877 0.927948 0.893620 0.617346 0.765616 0.627222 0.551050 0.329441 0.423858 0.607451 0.714158 0.578853 0.838836 0.888767 0.983920 0.736124 0.918761 0.853230 0.916097 0.958762 0.702958 0.872596 0.911979 0.692741 0.938195 0.482268 0.596462 0.573206 0.702197 0.452750 0.620963 0.874770 0.926203 0.951050 0.906384 0.864929 0.777709 0.727486 0.794027 0.691427 0.695285 0.969889 0.990262
0.625362 0.673098 0.828070 0.911670 0.965476 0.716253 0.503268 0.456579 0.824451 0.447252 0.661531 0.534435 0.576913 0.609805 0.619716 0.799580 0.523994 0.500658 0.512785 0.599240 0.966913 0.969607 0.841484 0.906079 0.710541 0.797541 0.708636 0.964300 0.418404 0.487607 0.000000 0.567042 0.539853 0.470380 0.993883 0.975659 0.953422 0.888129 0.999416 0.989551 0.943536 0.960396 0.559519 0.508170 0.530951 0.506609 0.595235 0.657263 0.548834 0.665213 0.753471 0.869503 0.890815 0.921792 0.802714 0.656284 0.645730 0.723832 0.654036 0.807454 0.504214 0.555481 0.501597 0.457956 0.710689 0.922788 0.767568 0.704280 0.940001 0.697602 0.829776 0.701810 0.915161 0.971860 0.942357 0.820872 0.626336 0.900202 0.711329 0.634545 0.462082 0.568764 0.953252 0.884567 0.712135 0.923531 0.794209 0.738054 0.974501 0.968495 0.799085 0.982708 0.859203 0.865509 0.873760 0.920321 0.938557 0.873588 0.596092 0.496360 0.652403 0.646913 0.543305 0.784551 0.861675 0.929709 0.827634 0.973361 0.887349 0.730393 0.737751 0.812745 0.747482 0.857572 0.890615 0.899413
0.766903 0.860407 0.901843 0.808680 0.973607 0.887405 0.707057 0.671070 0.983970 0.712351 0.794805 0.697813 0.713747 0.666419 0.692121 0.731068 0.736258 0.625943 0.603873 0.624584 0.936679 0.963208 0.711964 0.915879 0.786839 0.924189 0.853972 0.958668 0.611083 0.572824 0.567042 0.000000 0.627000 0.662149 0.944211 0.789421 0.982846 0.884597 0.940266 0.788313 0.967121 0.887019 0.642616 0.617420 0.750676 0.644009 0.689519 0.773496 0.770039 0.765572 0.847307 0.885702 0.986415 0.907496 0.972260 0.807171 0.868075 0.916044 0.844196 0.860714 0.682232 0.764087 0.691425 0.686926 0.975122 0.855453 0.759996 0.690692 0.995820 0.775980 0.785450 0.819734 0.708075 0.868231 0.978650 0.940207 0.787604 0.940454 0.810109 0.684773 0.686710 0.603232 0.763274 0.880419 0.761970 0.766242 0.916903 0.961758 0.910891 0.741981 0.861231 0.989095 0.876860 0.904591 0.952530 0.907660 0.918186 0.914576 0.774344 0.705535 0.906669 0.840000 0.583339 0.855846 0.824108 0.897565 0.959687 0.849070 0.954331 0.997155 0.729484 0.987977 0.864157 0.953986 0.880690 0.920325
0.557403 0.763136 0.978674 0.976094 0.883760 0.649966 0.471535 0.435187 0.845960 0.481976 0.519702 0.426329 0.428543 0.487207 0.439608 0.666298 0.499582 0.475594 0.497530 0.610252 0.919903 0.876816 0.762682 0.996969 0.523922 0.764006 0.706627 0.981768 0.440177 0.396686 0.539853 0.627000 0.000000 0.468599 0.949054 0.959409 0.862557 0.899666 0.965042 0.976612 0.882766 0.919713 0.533153 0.445165 0.380777 0.393315 0.558327 0.529643 0.481410 0.694654 0.688749 0.874749 0.908443 0.911813 0.800079 0.688238 0.748881 0.788446 0.552644 0.788018 0.369329 0.449296 0.402056 0.363492 0.653844 0.995467 0.715233 0.600476 0.918260 0.626182 0.852348 0.821124 0.867012 0.900779 0.998567 0.824742 0.560226 0.780887 0.776722 0.536805 0.389008 0.490052 0.717796 0.664763 0.624519 0.756234 0.969633 0.910597 0.856914 0.960276 0.828174 0.879312 0.920315 0.649526 0.852679 0.967720 0.789910 0.951733 0.458059 0.637828 0.600658 0.800825 0.530685 0.617779 0.806319 0.900912 0.935768 0.909903 0.903299 0.823170 0.706593 0.752452 0.770827 0.764369 0.979292 0.986665
0.545041 0.604082 0.816416 0.968238 0.991102 0.720309 0.430750 0.415005 0.883265 0.461490 0.433447 0.425954 0.485159 0.527699 0.543703 0.797445 0.389098 0.406098 0.418196 0.582871 0.829507 0.867783 0.969226 0.826128 0.639671 0.824297 0.536484 0.934155 0.340624 0.370510 0.470380 0.662149 0.468599 0.000000 0.975688 0.867651 0.764480 0.823152 0.811789 0.821754 0.955016 0.985740 0.466359 0.333537 0.415561 0.377311 0.431677 0.549398 0.486412 0.661047 0.653729 0.872188 0.909830 0.955081 0.716129 0.654201 0.709192 0.800345 0.520161 0.717190 0.371378 0.510486 0.345356 0.374049 0.653803 0.949250 0.726930 0.559637 0.871928 0.700223 0.864285 0.748216 0.897659 0.970738 0.981732 0.902636 0.589397 0.821227 0.661091 0.651367 0.363796 0.385731 0.745391 0.680225 0.711635 0.861471 0.866612 0.875110 0.994596 0.904309 0.773641 0.910912 0.914065 0.655253 0.997687 0.894567 0.868311 0.958298 0.515345 0.602992 0.600609 0.670397 0.489893 0.762916 0.855985 0.952891 0.793251 0.840626 0.779016 0.682028 0.755886 0.789218 0.650929 0.760819 0.885008 0.963669
0.988983 0.982630 0.859473 0.888551 0.948168 0.756444 0.935020 0.956099 0.884470 0.963972 0.876979 0.921875 0.904386 0.881614 0.986347 0.902001 0.930779 0.916699 0.989019 0.934485 0.990984 0.835083 0.817381 0.850784 0.851186 0.819526 0.976819 0.974123 0.996678 0.977159 0.993883 0.944211 0.949054 0.975688 0.000000 0.901573 0.845033 0.877462 0.827993 0.995518 0.913809 0.923232 0.945739 0.900822 0.947521 0.998172 0.872559 0.957146 0.994506 0.924765 0.973528 0.944225 0.992695 0.945843 0.703620 0.849399 0.998703 0.957800 0.889225 0.875333 0.957222 0.955462 0.991707 0.979786 0.776995 0.806675 0.720500 0.869514 0.932184 0.995271 0.859770 0.916643 0.932538 0.899846 0.887503 0.916600 0.874825 0.867548 0.903269 0.839097 0.992741 0.947173 0.903664 0.999578 0.875163 0.780373 0.942060 0.933661 0.965757 0.993945 0.890389 0.958386 0.830352 0.941230 0.981685 0.920622 0.940916 0.860163 0.953412 0.887714 0.930356 0.837538 0.962582 0.998277 0.977228 0.958631 0.865452 0.993368 0.940939 0.823240 0.860615 0.911373 0.850240 0.972827 0.851629 0.939658
0.867983 0.912334 0.985622 0.920659 0.949453 0.986054 0.982553 0.924838 0.970583 0.961647 0.910943 0.982510 0.927041 0.983283 0.973165 0.895956 0.957973 0.924401 0.976694 0.980833 0.960248 0.829444 0.907563 0.829245 0.998239 0.965291 0.920603 0.873754 0.989817 0.968362 0.975659 0.789421 0.959409 0.867651 0.901573 0.000000 0.946322 0.894798 0.935694 0.985674 0.865191 0.909634 0.974873 0.985921 0.941775 0.980723 0.963158 0.921372 0.907566 0.880806 0.832206 0.804645 0.780196 0.791286 0.811881 0.851577 0.795895 0.724303 0.851296 0.735500 0.940680 0.973798 0.978596 0.947839 0.974270 0.985539 0.837998 0.969580 0.914538 0.737498 0.866231 0.944822 0.953841 0.999255 0.891608 0.903616 0.974867 0.978860 0.996944 0.936861 0.977240 0.907821 0.951120 0.909036 0.898608 0.955190 0.835377 0.899458 0.785672 0.957298 0.794947 0.859242 0.788335 0.748569 0.781706 0.932961 0.920222 0.924201 0.804455 0.793246 0.872693 0.967704 0.931082 0.940487 0.818853 0.855592 0.875195 0.876164 0.912610 0.958387 0.835600 0.936901 0.943140 0.774322 0.978998 0.801689
0.893837 0.959125 0.957782 0.967375 0.956227 0.806099 0.849766 0.887142 0.891644 0.846741 0.950939 0.889527 0.990412 0.967395 0.918343 0.901566 0.868094 0.897080 0.854691 0.925872 0.886911 0.860471 0.891749 0.993667 0.914110 0.976849 0.828763 0.960927 0.966726 0.949764 0.953422 0.982846 0.862557 0.764480 0.845033 0.946322 0.000000 0.829474 0.856796 0.883961 0.913886 0.968785 0.877882 0.865521 0.742572 0.793157 0.884372 0.868094 0.806426 0.892295 0.907929 0.976648 0.944209 0.879384 0.862130 0.924844 0.867712 0.804019 0.969858 0.992961 0.869141 0.848571 0.905891 0.883726 0.928912 0.948044 0.753074 0.845641 0.886871 0.913599 0.999132 0.880295 0.983755 0.987897 0.954273 0.859107 0.834415 0.935266 0.901068 0.971521 0.870297 0.884294 0.920783 0.845671 0.900754 0.864279 0.860765 0.954996 0.986434 0.945361 0.781670 0.919732 0.777835 0.936409 0.969038 0.963400 0.903480 0.947124 0.749983 0.973754 0.954975 0.881481 0.806589 0.965489 0.950283 0.949765 0.993125 0.797614 0.864437 0.932400 0.866090 0.879847 0.704795 0.902887 0.935453 0.882546
0.944103 0.964801 0.966194 0.755961 0.964725 0.971340 0.766386 0.889546 0.889332 0.894207 0.782253 0.923377 0.793555 0.874447 0.884434 0.975256 0.855475 0.985609 0.923297 0.958030 0.910930 0.985113 0.938001 0.824546 0.850972 0.898619 0.775803 0.891355 0.877449 0.912968 0.888129 0.884597 0.899666 0.823152 0.877462 0.894798 0.829474 0.000000 0.841751 0.950543 0.880688 0.977588 0.988482 0.907009 0.874625 0.919332 0.803752 0.912454 0.980544 0.942765 0.839542 0.770722 0.807445 0.796845 0.900733 0.913810 0.903132 0.890570 0.874580 0.895602 0.752793 0.852118 0.804323 0.827809 0.911454 0.950362 0.912743 0.864617 0.856112 0.890305 0.792632 0.976560 0.973136 0.777819 0.866756 0.955370 0.745476 0.875837 0.905812 0.920621 0.826073 0.822413 0.850666 0.911002 0.851810 0.997376 0.906759 0.965349 0.863512 0.991365 0.937785 0.912852 0.916808 0.790184 0.935090 0.889877 0.859670 0.943272 0.927841 0.958413 0.826686 0.816067 0.953692 0.956350 0.998986 0.882963 0.906574 0.983019 0.717869 0.924394 0.969730 0.942620 0.805303 0.963949 0.909720 0.957843
