0.000000 0.315234 0.968483 0.857836 0.860152 0.785972 0.940683 0.924931 0.815655 0.825250 0.545327 0.359896 0.529888 0.484216 0.772018 0.633077 0.413254 0.378613 0.437079 0.341274 0.938702 0.685970 0.922693 0.823160 0.826222 0.818532 0.741945 0.980091 0.736986 0.597255 0.712821 0.976627 0.908285 0.889216 0.987814 0.906681 0.752171 0.575146 0.892338 0.639146 0.793420 0.928477 0.854955 0.773723 0.949862 0.853213 0.607287 0.657008 0.740894 0.467680 0.715073 0.497907 0.846721 0.951448 0.665778 0.678729 0.376940 0.327953 0.649835 0.547762 0.918431 0.920568 0.697658 0.536116 0.994899 0.953436 0.846056 0.896259 0.367305 0.388406 0.959972 0.938278 0.949669 0.798711 0.765840 0.884440 0.817747 0.970314 0.684060 0.538590 0.329284 0.282895 0.537637 0.378219 0.619448 0.715789 0.717372 0.737706 0.833366 0.562693 0.994521 0.892711 0.934967 0.958512 0.968184 0.970741 0.840624 0.970845 0.817656 0.890998 0.807592 0.941290 0.688491 0.840196 0.973942 0.971472 0.955864 0.965274 0.943572 0.843369 0.997201 0.982983 0.960534 0.819102 0.870014 0.962985
0.315234 0.000000 0.930130 0.787100 0.959007 0.749283 0.922088 0.867331 0.868877 0.879426 0.592053 0.366350 0.563001 0.519058 0.786372 0.600475 0.367539 0.322602 0.372091 0.341079 0.935820 0.733719 0.790675 0.795515 0.746388 0.866251 0.739910 0.914317 0.636642 0.572025 0.821948 0.924433 0.846811 0.792934 0.999223 0.979443 0.795317 0.538451 0.910997 0.671102 0.904809 0.981189 0.710780 0.631979 0.909714 0.718347 0.576542 0.611129 0.651240 0.402607 0.602545 0.421389 0.685101 0.878681 0.757599 0.738319 0.261147 0.232088 0.607779 0.483813 0.841947 0.866228 0.641336 0.450674 0.923752 0.970883 0.956013 0.985805 0.475178 0.405150 0.937817 0.932488 0.989860 0.772237 0.880667 0.995318 0.813813 0.916942 0.595870 0.588964 0.331569 0.361648 0.524580 0.406255 0.581245 0.669541 0.786040 0.730751 0.887760 0.625584 0.955593 0.958402 0.949314 0.946181 0.951555 0.983948 0.939200 0.923075 0.845315 0.833804 0.871547 0.936617 0.651328 0.861430 0.942095 0.954048 0.969233 0.952695 0.941390 0.737401 0.795923 0.913788 0.838982 0.682316 0.775018 0.967412
0.968483 0.930130 0.000000 0.329752 0.756142 0.804890 0.372547 0.388136 0.495619 0.943473 0.951180 0.928715 0.657649 0.761127 0.754064 0.699527 0.798365 0.813152 0.765298 0.904844 0.885259 0.883807 0.468904 0.601748 0.504594 0.462317 0.948184 0.966181 0.829639 0.813733 0.660471 0.719121 0.591422 0.758370 0.704547 0.879779 0.681516 0.891686 0.846540 0.984460 0.988849 0.895904 0.715057 0.773107 0.807992 0.847535 0.717735 0.789143 0.808651 0.998345 0.996307 0.920870 0.767561 0.786687 0.867871 0.952650 0.983510 0.950590 0.910166 0.903514 0.409916 0.450451 0.820337 0.914199 0.336773 0.311085 0.488198 0.501856 0.983689 0.923702 0.595938 0.608911 0.753395 0.797398 0.978819 0.715311 0.764194 0.806239 0.969685 0.996799 0.831554 0.939460 0.924109 0.907761 0.652727 0.546746 0.805126 0.948086 0.875262 0.886876 0.534988 0.752846 0.516964 0.758226 0.867915 0.914353 0.747287 0.900401 0.657331 0.611016 0.691086 0.927050 0.900938 0.976375 0.568706 0.772414 0.833984 0.738210 0.629630 0.849462 0.731754 0.780420 0.747320 0.926566 0.678537 0.972320
0.857836 0.787100 0.329752 0.000000 0.756516 0.838631 0.518549 0.392102 0.587102 0.996306 0.956186 0.754113 0.505183 0.581203 0.585859 0.481666 0.914474 0.938605 0.631302 0.725548 0.971702 0.740034 0.334712 0.432941 0.475119 0.559348 0.793042 0.975498 0.892012 0.915882 0.783209 0.695913 0.715691 0.851457 0.765434 0.878154 0.626966 0.852787 0.760229 0.859601 0.903246 0.914130 0.721329 0.733436 0.905474 0.852144 0.682425 0.705178 0.879807 0.889255 0.912812 0.772376 0.681787 0.669985 0.800905 0.981894 0.894397 0.898605 0.879414 0.819841 0.514418 0.453743 0.806806 0.974714 0.331333 0.360047 0.600032 0.623478 0.858696 0.963531 0.541775 0.632884 0.834239 0.852728 0.962844 0.772758 0.691154 0.826621 0.848418 0.907161 0.979646 0.899182 0.818437 0.897891 0.545189 0.459582 0.675563 0.858903 0.701251 0.743387 0.548374 0.695572 0.536253 0.712816 0.851147 0.890402 0.612252 0.931283 0.668096 0.568464 0.757543 0.889114 0.918336 0.884431 0.523479 0.654429 0.900288 0.687268 0.580183 0.764151 0.780949 0.757238 0.774707 0.932329 0.679162 0.964784
0.860152 0.959007 0.756142 0.756516 0.000000 0.848124 0.815959 0.843051 0.853814 0.983542 0.901537 0.971194 0.857181 0.993227 0.844737 0.929902 0.857659 0.845062 0.960617 0.910503 0.950074 0.992023 0.673204 0.803849 0.773809 0.827434 0.728148 0.869355 0.910989 0.899510 0.883302 0.937903 0.989138 0.981250 0.933924 0.970158 0.953065 0.918255 0.927701 0.874119 0.926601 0.776764 0.982221 0.925682 0.893803 0.866297 0.961521 0.906027 0.815062 0.883719 0.854031 0.963497 0.958272 0.990132 0.925944 0.913143 0.890729 0.919432 0.954882 0.960519 0.840199 0.907239 0.950545 0.946887 0.711798 0.775726 0.810966 0.895216 0.997585 0.934084 0.823785 0.955458 0.934729 0.975483 0.997819 0.868156 0.896353 0.936648 0.862198 0.942755 0.874622 0.893586 0.996501 0.842886 0.852449 0.807119 0.856192 0.875091 0.869102 0.950572 0.898059 0.933153 0.838945 0.877634 0.999688 0.921047 0.844071 0.886549 0.990811 0.962578 0.963613 0.908467 0.799612 0.886834 0.870278 0.704076 0.904343 0.920594 0.870390 0.918468 0.902577 0.908709 0.957179 0.822176 0.928970 0.857955
0.785972 0.749283 0.804890 0.838631 0.848124 0.000000 0.913534 0.795363 0.752363 0.924428 0.651151 0.884880 0.920283 0.892151 0.806853 0.807298 0.582164 0.575711 0.732533 0.847134 0.870856 0.886862 0.830970 0.783149 0.797325 0.623520 0.901969 0.755062 0.682140 0.769325 0.862875 0.986049 0.909931 0.984537 0.909644 0.970761 0.834185 0.864892 0.855726 0.881681 0.924796 0.980507 0.922778 0.940345 0.935088 0.935739 0.952209 0.999937 0.943342 0.918529 0.954059 0.996389 0.740958 0.758532 0.791891 0.876159 0.605784 0.671672 0.817272 0.900678 0.838544 0.692257 0.628967 0.752355 0.812721 0.655046 0.808155 0.821479 0.880433 0.865800 0.692725 0.794467 0.751159 0.908667 0.887932 0.944184 0.950225 0.990616 0.859556 0.919391 0.751784 0.864705 0.796253 0.801811 0.856721 0.793830 0.939704 0.997925 0.957071 0.950246 0.640500 0.777158 0.671391 0.832048 0.978996 0.856755 0.680107 0.910899 0.859699 0.886544 0.817255 0.954903 0.786930 0.986284 0.827820 0.863333 0.796770 0.949029 0.935747 0.962763 0.968048 0.934756 0.887020 0.960303 0.997259 0.925743
0.940683 0.922088 0.372547 0.518549 0.815959 0.913534 0.000000 0.351542 0.539590 0.746492 0.900388 0.872138 0.905891 0.974203 0.991519 0.936058 0.968479 0.894086 0.772276 0.940331 0.898180 0.948893 0.683001 0.894421 0.764396 0.628371 0.838575 0.771785 0.920436 0.936765 0.519001 0.583832 0.421900 0.498966 0.651828 0.758107 0.820339 0.942493 0.988649 0.946650 0.842159 0.881160 0.526795 0.604481 0.495078 0.556326 0.629422 0.642639 0.862504 0.808415 0.754805 0.794110 0.711021 0.726091 0.968634 0.962146 0.958655 0.977495 0.651511 0.717849 0.339231 0.479171 0.858876 0.806330 0.610656 0.501846 0.293581 0.318062 0.854051 0.889271 0.765106 0.735674 0.769850 0.829504 0.942688 0.720912 0.679011 0.620600 0.957575 0.907960 0.959776 0.872142 0.989879 0.876844 0.887617 0.789753 0.980865 0.893557 0.914826 0.879606 0.698916 0.912593 0.698205 0.921066 0.830684 0.905216 0.836256 0.763252 0.516423 0.527543 0.533985 0.850853 0.870521 0.836423 0.645447 0.717324 0.825588 0.742020 0.733656 0.826419 0.651584 0.782431 0.645287 0.812431 0.580263 0.996909
0.924931 0.867331 0.388136 0.392102 0.843051 0.795363 0.351542 0.000000 0.508303 0.646363 0.843363 0.711287 0.775882 0.814895 0.902478 0.741713 0.960274 0.900325 0.667911 0.801893 0.981951 0.946832 0.650699 0.806588 0.745046 0.617842 0.943228 0.941902 0.945281 0.915626 0.587595 0.590098 0.478187 0.483340 0.745282 0.865353 0.631399 0.835439 0.904709 0.937413 0.932327 0.997104 0.468629 0.496399 0.577538 0.543238 0.488183 0.475871 0.842848 0.712333 0.693312 0.667481 0.704354 0.608449 0.838520 0.993935 0.945311 0.986061 0.651237 0.689012 0.384254 0.323675 0.982707 0.787524 0.619473 0.420734 0.433951 0.373646 0.962105 0.973540 0.627412 0.652333 0.765926 0.834027 0.999248 0.813504 0.660120 0.639804 0.939858 0.847709 0.998448 0.941624 0.972076 0.958799 0.876723 0.746971 0.953079 0.880244 0.996627 0.944402 0.631017 0.847723 0.716825 0.954338 0.865149 0.860735 0.690293 0.826933 0.472918 0.420107 0.517864 0.894109 0.802617 0.795342 0.544117 0.709166 0.933717 0.675143 0.692615 0.747508 0.688212 0.718162 0.609703 0.761170 0.628008 0.961741
0.815655 0.868877 0.495619 0.587102 0.853814 0.752363 0.539590 0.508303 0.000000 0.654372 0.992350 0.905717 0.995075 0.920014 0.878321 0.861595 0.774442 0.685434 0.922964 0.919754 0.984013 0.903968 0.739390 0.878702 0.749917 0.438251 0.841231 0.942182 0.960505 0.810502 0.515005 0.630452 0.542917 0.703437 0.611063 0.911434 0.750971 0.999465 0.852077 0.968244 0.987644 0.872950 0.604703 0.688026 0.622983 0.694655 0.699777 0.785076 0.975181 0.962685 0.816543 0.905686 0.722597 0.568034 0.902686 0.996834 0.899626 0.756013 0.917633 0.989739 0.525012 0.490994 0.806579 0.909166 0.662037 0.522008 0.472220 0.504690 0.854849 0.806910 0.612011 0.605376 0.624283 0.745661 0.952900 0.876274 0.767453 0.736631 0.986426 0.883604 0.731685 0.744515 0.979843 0.752694 0.892298 0.807503 0.979946 0.926590 0.927181 0.957607 0.525459 0.780543 0.609819 0.814176 0.856476 0.979337 0.762141 0.795304 0.522945 0.555688 0.622643 0.894593 0.909370 0.775666 0.694862 0.715040 0.782223 0.650425 0.752954 0.815398 0.716366 0.740011 0.662397 0.829674 0.821376 0.891086
0.825250 0.879426 0.943473 0.996306 0.983542 0.924428 0.746492 0.646363 0.654372 0.000000 0.796625 0.961118 0.641135 0.673117 0.735353 0.756917 0.962243 0.854063 0.974855 0.918916 0.865027 0.765381 0.833997 0.603302 0.776372 0.916764 0.724215 0.907481 0.726961 0.816182 0.570592 0.673692 0.652251 0.546870 0.773614 0.984787 0.824825 0.809473 0.984520 0.982653 0.949717 0.738878 0.500043 0.552463 0.452333 0.464710 0.710503 0.625577 0.563575 0.747518 0.683684 0.905819 0.874898 0.694252 0.961759 0.955763 0.916685 0.818584 0.755955 0.916691 0.772472 0.638694 0.914667 0.780207 0.816264 0.981020 0.717802 0.624737 0.904023 0.904039 0.835190 0.785145 0.717402 0.732221 0.911456 0.930950 0.786794 0.637322 0.973281 0.874055 0.873090 0.669524 0.825679 0.763481 0.662250 0.685119 0.623269 0.703571 0.866746 0.709490 0.953751 0.817609 0.885434 0.753266 0.986505 0.924969 0.912760 0.787571 0.542816 0.555825 0.600574 0.997971 0.643847 0.682325 0.834067 0.821360 0.991964 0.684864 0.953026 0.820073 0.762296 0.690515 0.652078 0.798522 0.946016 0.944236
0.545327 0.592053 0.951180 0.956186 0.901537 0.651151 0.900388 0.843363 0.992350 0.796625 0.000000 0.563392 0.991472 0.960438 0.768436 0.925929 0.483383 0.454996 0.559404 0.573875 0.817200 0.987094 0.787901 0.802208 0.852702 0.751206 0.891842 0.797427 0.547622 0.498518 0.981533 0.910200 0.781818 0.591850 0.904415 0.982169 0.976131 0.663425 0.950640 0.863822 0.956573 0.862368 0.816823 0.687823 0.859273 0.708254 0.687612 0.658378 0.711057 0.555066 0.824586 0.740135 0.935998 0.976868 0.913846 0.898910 0.519209 0.586606 0.593849 0.551196 0.912866 0.998505 0.474393 0.469773 0.778303 0.812617 0.964906 0.902879 0.650728 0.632212 0.858782 0.843778 0.888485 0.768848 0.928644 0.887505 0.830834 0.907371 0.821585 0.787482 0.579147 0.688339 0.791507 0.685853 0.936487 0.863293 0.916993 0.980607 0.880024 0.990686 0.846051 0.923009 0.750029 0.837086 0.963895 0.915845 0.969229 0.734492 0.741976 0.795848 0.947787 0.944830 0.562138 0.625320 0.922816 0.923263 0.847927 0.955197 0.900308 0.884687 0.942439 0.976789 0.756109 0.768430 0.918922 0.973481
0.359896 0.366350 0.928715 0.754113 0.971194 0.884880 0.872138 0.711287 0.905717 0.961118 0.563392 0.000000 0.581005 0.592177 0.831626 0.631196 0.484960 0.457959 0.458289 0.326393 0.910471 0.702380 0.874736 0.849995 0.811276 0.934574 0.756063 0.846096 0.633020 0.480209 0.925598 0.906334 0.781849 0.678958 0.962043 0.933206 0.682509 0.512253 0.820115 0.633112 0.830305 0.868535 0.720001 0.656520 0.859094 0.688311 0.536598 0.511959 0.619005 0.429732 0.619159 0.450330 0.795455 0.844423 0.680406 0.725102 0.468930 0.383380 0.623285 0.482639 0.764366 0.723492 0.659585 0.431878 0.954066 0.935015 0.958049 0.896394 0.455713 0.466417 0.944327 0.968882 0.940940 0.850260 0.922530 0.983336 0.776216 0.919863 0.710822 0.585772 0.357777 0.406084 0.611012 0.477082 0.692296 0.723229 0.773083 0.849224 0.912124 0.711637 0.977491 0.943002 0.921808 0.873813 0.995226 0.833928 0.780847 0.862198 0.786060 0.771488 0.975298 0.952219 0.662921 0.792658 0.848856 0.896121 0.923793 0.972624 0.878602 0.755954 0.888794 0.925029 0.912425 0.735311 0.846878 0.998603
0.529888 0.563001 0.657649 0.505183 0.857181 0.920283 0.905891 0.775882 0.995075 0.641135 0.991472 0.581005 0.000000 0.321682 0.380571 0.352938 0.864780 0.769746 0.594203 0.550337 0.882425 0.595090 0.454101 0.402525 0.549787 0.851467 0.617767 0.946618 0.908062 0.988749 0.798817 0.953891 0.956082 0.865490 0.963638 0.964969 0.748686 0.824229 0.799745 0.766627 0.821709 0.918368 0.978998 0.965341 0.785098 0.899927 0.754351 0.852498 0.858747 0.826677 0.929617 0.625808 0.788751 0.852390 0.734568 0.782644 0.711645 0.606163 0.950086 0.755923 0.760636 0.726530 0.876218 0.928138 0.486789 0.598658 0.998086 0.954593 0.657340 0.654086 0.729359 0.883761 0.967448 0.957705 0.842558 0.999398 0.831300 0.839007 0.849523 0.708453 0.695314 0.507772 0.616600 0.644502 0.353998 0.375074 0.515469 0.655692 0.671329 0.485324 0.700964 0.611357 0.653856 0.699530 0.930861 0.832373 0.667450 0.979791 0.971629 0.873779 0.840683 0.903012 0.844161 0.852004 0.776247 0.927685 0.897287 0.960300 0.730562 0.917540 0.972021 0.954546 0.955897 0.932409 0.810052 0.970177
0.484216 0.519058 0.761127 0.581203 0.993227 0.892151 0.974203 0.814895 0.920014 0.673117 0.960438 0.592177 0.321682 0.000000 0.412106 0.296324 0.780619 0.724393 0.586568 0.526925 0.939645 0.632545 0.535967 0.420461 0.552868 0.770823 0.719276 0.839948 0.963568 0.955830 0.813395 0.926924 0.890294 0.919241 0.985488 0.996967 0.728633 0.743337 0.757941 0.707246 0.856110 0.966313 0.869390 0.848213 0.890088 0.999372 0.652020 0.831853 0.999028 0.723670 0.762695 0.526413 0.594229 0.727438 0.702269 0.739363 0.631919 0.589878 0.949615 0.766959 0.798148 0.719530 0.867768 0.911495 0.606718 0.645599 0.976747 0.964898 0.643713 0.628691 0.798683 0.879248 0.954758 0.966570 0.798040 0.961374 0.836213 0.853611 0.755138 0.671657 0.614502 0.481056 0.539573 0.568433 0.359282 0.366208 0.525952 0.704237 0.642146 0.466318 0.687411 0.633419 0.707189 0.731982 0.941228 0.972139 0.678873 0.967383 0.910058 0.887068 0.848300 0.902887 0.963689 0.998588 0.882901 0.884604 0.858484 0.963643 0.833973 0.868720 0.933632 0.988132 0.991419 0.830174 0.822231 0.901249
0.772018 0.786372 0.754064 0.585859 0.844737 0.806853 0.991519 0.902478 0.878321 0.735353 0.768436 0.831626 0.380571 0.412106 0.000000 0.326508 0.997038 0.973766 0.818437 0.763697 0.916738 0.714737 0.417202 0.416347 0.513173 0.758537 0.607181 0.821246 0.848388 0.842905 0.882136 0.923125 0.996358 0.792966 0.919570 0.963890 0.776910 0.859445 0.779368 0.838907 0.856370 0.941736 0.966020 0.988863 0.800756 0.870123 0.780120 0.933723 0.825839 0.956914 0.947234 0.711357 0.726185 0.791221 0.749584 0.770433 0.868357 0.808225 0.973389 0.894117 0.822082 0.748168 0.735794 0.929544 0.458433 0.603348 0.989963 0.938696 0.779247 0.834912 0.697973 0.877821 0.961637 0.986943 0.949618 0.977619 0.894451 0.857852 0.792059 0.821682 0.877871 0.715087 0.625114 0.758296 0.351707 0.365385 0.591263 0.643973 0.548675 0.522524 0.724187 0.705707 0.717315 0.693824 0.884700 0.912416 0.663251 0.974779 0.986723 0.933790 0.803504 0.986525 0.770066 0.807494 0.722661 0.814616 0.774945 0.887273 0.684250 0.904806 0.968605 0.942750 0.973442 0.923297 0.847347 0.981418
0.633077 0.600475 0.699527 0.481666 0.929902 0.807298 0.936058 0.741713 0.861595 0.756917 0.925929 0.631196 0.352938 0.296324 0.326508 0.000000 0.874681 0.828693 0.679676 0.616364 0.970078 0.666207 0.396969 0.343406 0.510943 0.724458 0.679654 0.801225 0.948067 0.965653 0.956780 0.860947 0.882370 0.959703 0.906279 0.990246 0.747881 0.774177 0.712987 0.792009 0.851869 0.995768 0.816897 0.813243 0.917570 0.951168 0.636686 0.755651 0.967626 0.766432 0.761285 0.546838 0.581425 0.710305 0.709429 0.754957 0.732774 0.664976 0.915882 0.757874 0.742278 0.629638 0.827144 0.911515 0.497606 0.566306 0.941880 0.957854 0.734392 0.724289 0.711504 0.876346 0.989067 0.951541 0.894542 0.977241 0.855193 0.948934 0.693803 0.766932 0.718665 0.613177 0.541037 0.607650 0.350479 0.311021 0.604133 0.684540 0.572485 0.488882 0.706377 0.707702 0.729389 0.818024 0.910270 0.921876 0.663066 0.973859 0.932745 0.819375 0.879074 0.996425 0.903191 0.907878 0.716724 0.774082 0.845657 0.903867 0.734765 0.866871 0.883467 0.924822 0.947747 0.861306 0.743997 0.904378
0.413254 0.367539 0.798365 0.914474 0.857659 0.582164 0.968479 0.960274 0.774442 0.962243 0.483383 0.484960 0.864780 0.780619 0.997038 0.874681 0.000000 0.294957 0.519364 0.468316 0.792115 0.928712 0.898759 0.896559 0.994298 0.645926 0.857658 0.912895 0.470915 0.417206 0.819190 0.990625 0.871362 0.739013 0.962417 0.957727 0.972779 0.624749 0.953079 0.757257 0.976631 0.969661 0.777334 0.665673 0.894421 0.707721 0.654564 0.659658 0.567133 0.430670 0.652668 0.522374 0.916427 0.935391 0.868023 0.743084 0.331940 0.313405 0.536135 0.492880 0.993028 0.897995 0.442168 0.368730 0.788933 0.675775 0.897047 0.928214 0.528631 0.448000 0.713856 0.768735 0.970962 0.858354 0.985777 0.892800 0.864286 0.874551 0.546555 0.631928 0.300331 0.474174 0.546053 0.474257 0.861040 0.979053 0.976870 0.827355 0.984437 0.765464 0.682873 0.824958 0.649907 0.761833 0.874578 0.928889 0.869579 0.783181 0.876366 0.947335 0.829255 0.914930 0.595673 0.801415 0.897671 0.934451 0.952975 0.946271 0.993044 0.844897 0.867714 0.991518 0.882152 0.773804 0.777261 0.868573
0.378613 0.322602 0.813152 0.938605 0.845062 0.575711 0.894086 0.900325 0.685434 0.854063 0.454996 0.457959 0.769746 0.724393 0.973766 0.828693 0.294957 0.000000 0.462448 0.417746 0.831950 0.808336 0.963245 0.984439 0.974918 0.620533 0.781223 0.881557 0.531011 0.464577 0.696073 0.945743 0.961232 0.841567 0.944188 0.972254 0.996366 0.601346 0.970775 0.732573 0.956121 0.936922 0.931445 0.772569 0.947773 0.849743 0.755433 0.754729 0.705355 0.498646 0.780011 0.614778 0.967023 0.877269 0.856000 0.781817 0.292324 0.267510 0.644024 0.549383 0.912859 0.823043 0.472544 0.400101 0.850020 0.674055 0.793337 0.795563 0.502491 0.425194 0.792190 0.729864 0.898331 0.898842 0.879835 0.919530 0.929734 0.984391 0.603352 0.682249 0.340654 0.411067 0.536384 0.392532 0.789478 0.936310 0.868868 0.767271 0.969587 0.717705 0.723089 0.920323 0.711991 0.870162 0.967686 0.972515 0.946609 0.840968 0.994142 0.994747 0.751453 0.980191 0.639757 0.896134 0.926258 0.900036 0.925614 0.898078 0.883176 0.868860 0.930195 0.933657 0.903357 0.743433 0.899282 0.915774
0.437079 0.372091 0.765298 0.631302 0.960617 0.732533 0.772276 0.667911 0.922964 0.974855 0.559404 0.458289 0.594203 0.586568 0.818437 0.679676 0.519364 0.462448 0.000000 0.384758 0.858727 0.714260 0.725691 0.745926 0.731018 0.981471 0.716157 0.827669 0.696707 0.710368 0.918608 0.809297 0.737804 0.733774 0.953310 0.986697 0.679017 0.590330 0.899474 0.768456 0.785287 0.993225 0.706076 0.622367 0.911066 0.740921 0.595485 0.592589 0.778442 0.516062 0.776205 0.565006 0.834883 0.828070 0.830863 0.860669 0.388117 0.418341 0.691761 0.597626 0.778331 0.800795 0.745350 0.570307 0.802165 0.895554 0.913306 0.904583 0.554865 0.608818 0.862941 0.928346 0.987206 0.884964 0.945820 0.985951 0.754053 0.884783 0.671060 0.624292 0.527647 0.540920 0.599813 0.534602 0.656402 0.734277 0.796726 0.858550 0.879659 0.763215 0.924231 0.872095 0.941040 0.930065 0.854145 0.927429 0.832752 0.877644 0.701721 0.681463 0.976852 0.805770 0.666337 0.976144 0.863567 0.968779 0.900252 0.802893 0.936414 0.604702 0.799530 0.908546 0.812558 0.670843 0.812077 0.979135
0.341274 0.341079 0.904844 0.725548 0.910503 0.847134 0.940331 0.801893 0.919754 0.918916 0.573875 0.326393 0.550337 0.526925 0.763697 0.616364 0.468316 0.417746 0.384758 0.000000 0.932723 0.687098 0.814620 0.749167 0.788402 0.936030 0.687096 0.928140 0.707544 0.606380 0.786451 0.981152 0.851135 0.800158 0.992519 0.909031 0.644551 0.469283 0.858740 0.579771 0.777739 0.941163 0.800965 0.729938 0.997237 0.816111 0.607942 0.605832 0.723786 0.474449 0.734470 0.521206 0.791124 0.860343 0.678403 0.724985 0.411344 0.343621 0.751317 0.581548 0.891750 0.834674 0.776144 0.537151 0.902201 0.976843 0.941864 0.955035 0.434034 0.416201 0.915992 0.982845 0.981653 0.856320 0.885916 0.986201 0.787476 0.934805 0.650066 0.675577 0.395056 0.378185 0.598877 0.401975 0.605405 0.707135 0.729647 0.775137 0.849238 0.631342 0.922148 0.858534 0.988758 0.949019 0.964283 0.923739 0.766894 0.887014 0.814522 0.790269 0.963330 0.845396 0.721434 0.927173 0.860430 0.999308 0.920381 0.900987 0.914743 0.685739 0.951561 0.952905 0.954527 0.778935 0.892234 0.942477
0.938702 0.935820 0.885259 0.971702 0.950074 0.870856 0.898180 0.981951 0.984013 0.865027 0.817200 0.910471 0.882425 0.939645 0.916738 0.970078 0.792115 0.831950 0.858727 0.932723 0.000000 0.952272 0.957938 0.892800 0.904716 0.868918 0.972757 0.973222 0.869572 0.816725 0.871214 0.885791 0.879564 0.941596 0.967080 0.855764 0.877848 0.796980 0.985453 0.941337 0.899675 0.958655 0.992189 0.930089 0.883599 0.955182 0.987916 0.836904 0.984135 0.957044 0.932163 0.974529 0.912699 0.923240 0.966871 0.932873 0.840389 0.893432 0.944671 0.877915 0.834326 0.918943 0.938417 0.876359 0.899826 0.836788 0.871468 0.871919 0.790296 0.905618 0.963496 0.969491 0.936551 0.943823 0.992258 0.883331 0.873636 0.898804 0.944349 0.925835 0.932377 0.965550 0.938557 0.876161 0.842673 0.801774 0.914054 0.953617 0.899128 0.855454 0.820616 0.948144 0.806643 0.908568 0.882537 0.864445 0.998715 0.853021 0.963990 0.926269 0.964762 0.771015 0.892952 0.972588 0.982927 0.967424 0.798218 0.903267 0.973319 0.856205 0.889537 0.904062 0.975711 0.930410 0.939401 0.937996
0.685970 0.733719 0.883807 0.740034 0.992023 0.886862 0.948893 0.946832 0.903968 0.765381 0.987094 0.702380 0.595090 0.632545 0.714737 0.666207 0.928712 0.808336 0.714260 0.687098 0.952272 0.000000 0.717569 0.651148 0.798286 0.952765 0.665016 0.968879 0.906765 0.989169 0.866138 0.951678 0.996143 0.861107 0.948096 0.812584 0.847186 0.771178 0.809292 0.613317 0.911012 0.944150 0.995534 0.945384 0.813343 0.934409 0.897668 0.901757 0.933756 0.856130 0.927497 0.791159 0.878574 0.956855 0.830558 0.791324 0.780617 0.747478 0.926819 0.919886 0.960085 0.960564 0.995793 0.951134 0.776309 0.885897 0.842483 0.881442 0.736208 0.772040 0.961847 0.975939 0.909336 0.761994 0.710182 0.976944 0.947420 0.770224 0.909324 0.771521 0.761884 0.678625 0.657949 0.613848 0.701099 0.680431 0.623507 0.694201 0.737343 0.713699 0.907543 0.882784 0.950110 0.859268 0.977757 0.877459 0.745924 0.996987 0.950225 0.969507 0.925831 0.941849 0.914010 0.855740 0.923651 0.943759 0.854586 0.907311 0.897862 0.871870 0.978769 0.921363 0.858751 0.844619 0.847493 0.968663
0.922693 0.790675 0.468904 0.334712 0.673204 0.830970 0.683001 0.650699 0.739390 0.833997 0.787901 0.874736 0.454101 0.535967 0.417202 0.396969 0.898759 0.963245 0.725691 0.814620 0.957938 0.717569 0.000000 0.334858 0.472743 0.613395 0.675143 0.901127 0.874328 0.854583 0.942131 0.830555 0.867910 0.943203 0.844669 0.944979 0.747050 0.905438 0.829343 0.911072 0.954041 0.874982 0.864112 0.900289 0.935532 0.974639 0.841257 0.898561 0.782737 0.982581 0.986031 0.818257 0.652919 0.762796 0.877754 0.916827 0.905846 0.854605 0.959843 0.913664 0.645180 0.633518 0.767036 0.951017 0.280756 0.461797 0.725409 0.843324 0.938797 0.976116 0.592473 0.713286 0.884978 0.961493 0.989185 0.764849 0.817919 0.988292 0.810527 0.943406 0.999918 0.911375 0.720192 0.885173 0.392449 0.364510 0.670182 0.754253 0.672536 0.645061 0.632360 0.712689 0.578032 0.677446 0.797475 0.945897 0.661319 0.996126 0.883913 0.728240 0.978791 0.986067 0.782706 0.696672 0.639352 0.651124 0.828757 0.806617 0.674084 0.801481 0.852265 0.808698 0.890409 0.984310 0.743493 0.942595
0.823160 0.795515 0.601748 0.432941 0.803849 0.783149 0.894421 0.806588 0.878702 0.603302 0.802208 0.849995 0.402525 0.420461 0.416347 0.343406 0.896559 0.984439 0.745926 0.749167 0.892800 0.651148 0.334858 0.000000 0.454745 0.657560 0.586758 0.829726 0.786677 0.827506 0.924016 0.922708 0.965921 0.795859 0.949372 0.945492 0.807557 0.954379 0.688568 0.870803 0.828679 0.889866 0.948994 0.961570 0.739712 0.798727 0.913514 0.985853 0.692570 0.963734 0.913131 0.855751 0.735534 0.874056 0.804156 0.920885 0.908010 0.833754 0.839428 0.963256 0.821187 0.764643 0.703617 0.846192 0.379612 0.529032 0.940185 0.990953 0.836360 0.936665 0.674423 0.867525 0.977456 0.928901 0.872616 0.883181 0.873902 0.886821 0.798731 0.852415 0.922581 0.725649 0.680603 0.754552 0.370810 0.332765 0.540853 0.657958 0.547702 0.547412 0.675074 0.669356 0.603317 0.679181 0.876800 0.973648 0.649192 0.936147 0.961063 0.894895 0.876602 0.889220 0.705306 0.723245 0.721578 0.813774 0.922682 0.890714 0.812267 0.943980 0.979495 0.971899 0.965605 0.995958 0.838312 0.899554
0.826222 0.746388 0.504594 0.475119 0.773809 0.797325 0.764396 0.745046 0.749917 0.776372 0.852702 0.811276 0.549787 0.552868 0.513173 0.510943 0.994298 0.974918 0.731018 0.788402 0.904716 0.798286 0.472743 0.454745 0.000000 0.531987 0.690339 0.866384 0.859431 0.860788 0.848693 0.803613 0.802220 0.988945 0.828903 0.995820 0.662586 0.774008 0.637001 0.846443 0.818520 0.920367 0.879631 0.949250 0.976803 0.960397 0.801504 0.905258 0.861038 0.932791 0.988022 0.862855 0.751584 0.892161 0.733392 0.814865 0.834029 0.848241 0.997408 0.867913 0.672365 0.680114 0.773489 0.919696 0.422504 0.533566 0.781830 0.814060 0.743677 0.894700 0.726314 0.681891 0.805182 0.785169 0.953990 0.849891 0.853932 0.944783 0.729232 0.837460 0.872045 0.738442 0.718573 0.822632 0.427089 0.394969 0.687230 0.665635 0.664305 0.621685 0.751790 0.862623 0.676069 0.852450 0.885433 0.843274 0.774564 0.938309 0.885700 0.880394 0.964683 0.957201 0.869546 0.888630 0.719768 0.794968 0.761426 0.851375 0.728813 0.843641 0.913513 0.941230 0.920945 0.915844 0.800833 0.963314
0.818532 0.866251 0.462317 0.559348 0.827434 0.623520 0.628371 0.617842 0.438251 0.916764 0.751206 0.934574 0.851467 0.770823 0.758537 0.724458 0.645926 0.620533 0.981471 0.936030 0.868918 0.952765 0.613395 0.657560 0.531987 0.000000 0.960260 0.905462 0.730585 0.744073 0.583885 0.725036 0.664484 0.862793 0.696393 0.936985 0.695073 0.962077 0.698306 0.874447 0.874328 0.927477 0.762299 0.875862 0.784982 0.888535 0.806214 0.891457 0.874269 0.906144 0.928202 0.975120 0.669858 0.756523 0.840973 0.973152 0.804676 0.752012 0.881442 0.910848 0.561809 0.508376 0.632908 0.733934 0.524938 0.417704 0.575487 0.579428 0.872284 0.846775 0.621866 0.590826 0.644964 0.803640 0.944106 0.840183 0.941436 0.891917 0.964629 0.913553 0.754766 0.839475 0.947328 0.796664 0.717920 0.616734 0.861041 0.872583 0.834824 0.878624 0.598454 0.851232 0.595202 0.874768 0.885496 0.898419 0.752110 0.995691 0.714284 0.766621 0.738151 0.956690 0.850443 0.997217 0.700098 0.718634 0.832228 0.848340 0.772279 0.887961 0.806056 0.997513 0.932950 0.995310 0.871141 0.898624
0.741945 0.739910 0.948184 0.793042 0.728148 0.901969 0.838575 0.943228 0.841231 0.724215 0.891842 0.756063 0.617767 0.719276 0.607181 0.679654 0.857658 0.781223 0.716157 0.687096 0.972757 0.665016 0.675143 0.586758 0.690339 0.960260 0.000000 0.916622 0.997462 0.991360 0.768030 0.935013 0.778730 0.823830 0.905600 0.874565 0.911457 0.751835 0.845125 0.888296 0.781709 0.898271 0.792110 0.876544 0.614039 0.738614 0.999650 0.955148 0.800073 0.980198 0.807906 0.937993 0.950062 0.860255 0.920937 0.871322 0.779368 0.710257 0.900768 0.918356 0.911181 0.909662 0.972992 0.966252 0.755187 0.965042 0.784479 0.787505 0.684216 0.799147 0.956338 0.891602 0.900801 0.912783 0.958843 0.982187 0.921147 0.817537 0.776530 0.905080 0.793207 0.652687 0.735037 0.739878 0.649470 0.711344 0.709921 0.550090 0.830399 0.652373 0.958552 0.901728 0.981328 0.841535 0.912555 0.914044 0.838077 0.953979 0.843023 0.992670 0.745042 0.990679 0.931747 0.799430 0.941780 0.868888 0.914867 0.992242 0.990258 0.895016 0.900776 0.977913 0.844872 0.881854 0.942324 0.972413
0.980091 0.914317 0.966181 0.975498 0.869355 0.755062 0.771785 0.941902 0.942182 0.907481 0.797427 0.846096 0.946618 0.839948 0.821246 0.801225 0.912895 0.881557 0.827669 0.928140 0.973222 0.968879 0.901127 0.829726 0.866384 0.905462 0.916622 0.000000 0.711650 0.782972 0.941763 0.891245 0.832260 0.819410 0.841340 0.903167 0.896638 0.988899 0.885170 0.990299 0.937459 0.999375 0.939804 0.917782 0.775396 0.824318 0.942908 0.889658 0.807013 0.890874 0.882473 0.908918 0.939542 0.944426 0.990053 0.954855 0.914347 0.902379 0.772991 0.787328 0.840105 0.965475 0.688603 0.768017 0.925033 0.933611 0.768170 0.833000 0.912933 0.893900 0.975583 0.999401 0.934240 0.924588 0.836310 0.949287 0.971486 0.887783 0.988788 0.869805 0.886566 0.935696 0.969954 0.967416 0.898741 0.868823 0.887350 0.897695 0.906247 0.812786 0.936208 0.974522 0.981078 0.981700 0.980421 0.998446 0.976452 0.791331 0.879944 0.841397 0.827618 0.761696 0.777669 0.778938 0.974815 0.939418 0.931678 0.951094 0.919105 0.761773 0.910007 0.965009 0.965947 0.841749 0.945505 0.991008
0.736986 0.636642 0.829639 0.892012 0.910989 0.682140 0.920436 0.945281 0.960505 0.726961 0.547622 0.633020 0.908062 0.963568 0.848388 0.948067 0.470915 0.531011 0.696707 0.707544 0.869572 0.906765 0.874328 0.786677 0.859431 0.730585 0.997462 0.711650 0.000000 0.374819 0.909883 0.778205 0.733898 0.614638 0.950973 0.903660 0.876572 0.731921 0.882560 0.842144 0.798546 0.875882 0.758763 0.661861 0.684249 0.590919 0.701823 0.655561 0.535916 0.533235 0.675758 0.684431 0.969198 0.993866 0.959230 0.879872 0.592036 0.584633 0.578162 0.560342 0.872316 0.994106 0.447216 0.414864 0.758697 0.743984 0.927363 0.941133 0.774279 0.811253 0.770694 0.769329 0.890440 0.790951 0.938056 0.937475 0.931850 0.800416 0.720736 0.842747 0.569186 0.830060 0.757590 0.761533 0.972497 0.870142 0.831210 0.960307 0.854169 0.985461 0.678915 0.652382 0.570515 0.635021 0.951201 0.897362 0.879911 0.863979 0.844462 0.855989 0.997314 0.920291 0.567649 0.717935 0.962741 0.979834 0.987762 0.997981 0.931766 0.891693 0.834887 0.915790 0.777833 0.740172 0.832502 0.958633
0.597255 0.572025 0.813733 0.915882 0.899510 0.769325 0.936765 0.915626 0.810502 0.816182 0.498518 0.480209 0.988749 0.955830 0.842905 0.965653 0.417206 0.464577 0.710368 0.606380 0.816725 0.989169 0.854583 0.827506 0.860788 0.744073 0.991360 0.782972 0.374819 0.000000 0.941045 0.844363 0.786519 0.569938 0.978337 0.943343 0.925151 0.714745 0.931006 0.785759 0.877935 0.898355 0.757250 0.632590 0.727018 0.601245 0.619126 0.582375 0.503424 0.438874 0.620792 0.583619 0.914160 0.929230 0.920350 0.780180 0.586280 0.534750 0.500473 0.462840 0.879595 0.962290 0.411804 0.320728 0.727166 0.748866 0.935777 0.889513 0.684742 0.642476 0.734052 0.738423 0.921903 0.786286 0.966341 0.948662 0.984822 0.736591 0.665618 0.694753 0.427204 0.695434 0.661067 0.656844 0.967695 0.904319 0.877063 0.929167 0.846090 0.996258 0.657108 0.663128 0.544740 0.592542 0.974410 0.999764 0.917811 0.813382 0.866750 0.892582 0.984292 0.856014 0.552213 0.688147 0.936320 0.886437 0.930187 0.900300 0.990239 0.864592 0.891424 0.930907 0.909808 0.752227 0.700163 0.908469
0.712821 0.821948 0.660471 0.783209 0.883302 0.862875 0.519001 0.587595 0.515005 0.570592 0.981533 0.925598 0.798817 0.813395 0.882136 0.956780 0.819190 0.696073 0.918608 0.786451 0.871214 0.866138 0.942131 0.924016 0.848693 0.583885 0.768030 0.941763 0.909883 0.941045 0.000000 0.474869 0.495905 0.559584 0.703730 0.835500 0.927504 0.975238 0.813140 0.926535 0.884059 0.953660 0.543394 0.630162 0.443068 0.509563 0.715163 0.688397 0.787865 0.866059 0.742233 0.908163 0.779251 0.770006 0.929682 0.956696 0.833470 0.715247 0.783344 0.884680 0.531273 0.564902 0.981291 0.955620 0.889019 0.698169 0.485186 0.413298 0.781078 0.718163 0.945039 0.834836 0.758006 0.756855 0.913660 0.766790 0.836366 0.553870 0.970906 0.933982 0.813502 0.648006 0.976772 0.715843 0.877788 0.996015 0.771951 0.878496 0.946545 0.806410 0.917265 0.795887 0.969606 0.759502 0.954817 0.792469 0.958281 0.793139 0.672389 0.719033 0.543915 0.996324 0.929481 0.813327 0.698855 0.711526 0.812115 0.767666 0.799871 0.961864 0.698821 0.836607 0.744299 0.864295 0.684761 0.893648
0.976627 0.924433 0.719121 0.695913 0.937903 0.986049 0.583832 0.590098 0.630452 0.673692 0.910200 0.906334 0.953891 0.926924 0.923125 0.860947 0.990625 0.945743 0.809297 0.981152 0.885791 0.951678 0.830555 0.922708 0.803613 0.725036 0.935013 0.891245 0.778205 0.844363 0.474869 0.000000 0.533824 0.628431 0.755439 0.867595 0.889927 0.848997 0.826585 0.943195 0.920468 0.987745 0.474919 0.497831 0.520519 0.482853 0.593282 0.644593 0.704957 0.680186 0.610085 0.683488 0.637358 0.617347 0.943462 0.927854 0.901637 0.968195 0.708624 0.781924 0.631468 0.665369 0.927841 0.828817 0.868005 0.767174 0.623831 0.562268 0.960319 0.898195 0.903410 0.907732 0.906574 0.868745 0.995484 0.922453 0.763944 0.656251 0.806238 0.818818 0.949874 0.890837 0.809093 0.979084 0.944325 0.886361 0.964546 0.950486 0.959079 0.884395 0.835193 0.899621 0.945595 0.970462 0.973212 0.836036 0.835637 0.939177 0.588093 0.715389 0.651569 0.798038 0.755735 0.872222 0.638980 0.747400 0.793284 0.681608 0.780769 0.812055 0.747823 0.853153 0.647682 0.833100 0.634136 0.954002
0.908285 0.846811 0.591422 0.715691 0.989138 0.909931 0.421900 0.478187 0.542917 0.652251 0.781818 0.781849 0.956082 0.890294 0.996358 0.882370 0.871362 0.961232 0.737804 0.851135 0.879564 0.996143 0.867910 0.965921 0.802220 0.664484 0.778730 0.832260 0.733898 0.786519 0.495905 0.533824 0.000000 0.442707 0.678395 0.750649 0.720705 0.784388 0.895625 0.893902 0.972432 0.811045 0.434134 0.487020 0.389058 0.421872 0.428335 0.589799 0.634632 0.608120 0.584980 0.667987 0.663802 0.713275 0.787573 0.899109 0.821621 0.907927 0.598777 0.697039 0.403063 0.512582 0.791868 0.697395 0.805701 0.673425 0.452917 0.423729 0.983570 0.951280 0.864571 0.818480 0.695554 0.720331 0.890446 0.839245 0.727125 0.645180 0.839141 0.796234 0.841477 0.963522 0.816016 0.941404 0.834903 0.800641 0.923375 0.986153 0.966415 0.999436 0.811119 0.960966 0.953691 0.865060 0.843018 0.928976 0.805450 0.735735 0.493744 0.588274 0.677136 0.843063 0.741560 0.641850 0.742983 0.837789 0.920809 0.832287 0.818064 0.835792 0.636509 0.775314 0.615869 0.667332 0.607271 0.927638
0.889216 0.792934 0.758370 0.851457 0.981250 0.984537 0.498966 0.483340 0.703437 0.546870 0.591850 0.678958 0.865490 0.919241 0.792966 0.959703 0.739013 0.841567 0.733774 0.800158 0.941596 0.861107 0.943203 0.795859 0.988945 0.862793 0.823830 0.819410 0.614638 0.569938 0.559584 0.628431 0.442707 0.000000 0.766451 0.833522 0.847748 0.774785 0.906109 0.992530 0.955860 0.890577 0.449660 0.456456 0.416634 0.381037 0.461273 0.445318 0.598150 0.542520 0.579308 0.671419 0.819453 0.834556 0.962757 0.999223 0.776852 0.849752 0.449772 0.532616 0.493593 0.573258 0.594627 0.503915 0.964471 0.819307 0.501829 0.430856 0.954260 0.866085 0.958273 0.950145 0.799884 0.714626 0.994442 0.917229 0.826542 0.583965 0.834272 0.825398 0.809965 0.959751 0.889148 0.987234 0.884860 0.948787 0.805611 0.856649 0.863529 0.804612 0.924186 0.763568 0.830718 0.650696 0.940678 0.938547 0.960528 0.751580 0.572495 0.624970 0.549478 0.959208 0.626161 0.558953 0.744861 0.758404 0.991472 0.767821 0.974339 0.740563 0.723014 0.874843 0.607311 0.721573 0.683245 0.949089
0.987814 0.999223 0.704547 0.765434 0.933924 0.909644 0.651828 0.745282 0.611063 0.773614 0.904415 0.962043 0.963638 0.985488 0.919570 0.906279 0.962417 0.944188 0.953310 0.992519 0.967080 0.948096 0.844669 0.949372 0.828903 0.696393 0.905600 0.841340 0.950973 0.978337 0.703730 0.755439 0.678395 0.766451 0.000000 0.947404 0.922053 0.907196 0.832804 0.933384 0.961256 0.905511 0.703599 0.781077 0.697894 0.731254 0.724158 0.781549 0.880206 0.849035 0.865150 0.929097 0.773251 0.784384 0.780749 0.831036 0.996011 0.922143 0.832111 0.889392 0.684471 0.667540 0.971609 0.905197 0.770829 0.782058 0.577147 0.591701 0.978828 0.931166 0.744628 0.761170 0.763861 0.733157 0.840978 0.973664 0.840741 0.723419 0.890042 0.953898 0.964912 0.980800 0.858249 0.923568 0.890947 0.861280 0.922986 0.986396 0.810659 0.890126 0.785621 0.926356 0.789662 0.887201 0.893482 0.855011 0.742006 0.626811 0.642161 0.714394 0.862922 0.918725 0.784271 0.822403 0.760466 0.746174 0.706759 0.768114 0.777907 0.870715 0.869892 0.863415 0.622415 0.910909 0.760197 0.941935
0.906681 0.979443 0.879779 0.878154 0.970158 0.970761 0.758107 0.865353 0.911434 0.984787 0.982169 0.933206 0.964969 0.996967 0.963890 0.990246 0.957727 0.972254 0.986697 0.909031 0.855764 0.812584 0.944979 0.945492 0.995820 0.936985 0.874565 0.903167 0.903660 0.943343 0.835500 0.867595 0.750649 0.833522 0.947404 0.000000 0.905686 0.833713 0.796969 0.859715 0.831059 0.947672 0.878318 0.853301 0.791139 0.832568 0.903778 0.948478 0.911789 0.897553 0.931841 0.951661 0.827702 0.896111 0.946973 0.834664 0.952225 0.951771 0.850881 0.958314 0.827820 0.909037 0.970986 0.969458 0.919626 0.886603 0.737252 0.782908 0.807495 0.866596 0.994695 0.907099 0.979614 0.850916 0.932481 0.870205 0.926429 0.693107 0.995378 0.952354 0.992912 0.963652 0.924554 0.885692 0.994577 0.977925 0.864658 0.929708 0.840474 0.942155 0.907599 0.894518 0.966532 0.946636 0.941324 0.921804 0.960249 0.978006 0.926849 0.816976 0.814156 0.923121 0.984786 0.850882 0.963624 0.989499 0.984223 0.960051 0.935269 0.967167 0.826948 0.969356 0.932628 0.945522 0.786010 0.854663
0.752171 0.795317 0.681516 0.626966 0.953065 0.834185 0.820339 0.631399 0.750971 0.824825 0.976131 0.682509 0.748686 0.728633 0.776910 0.747881 0.972779 0.996366 0.679017 0.644551 0.877848 0.847186 0.747050 0.807557 0.662586 0.695073 0.911457 0.896638 0.876572 0.925151 0.927504 0.889927 0.720705 0.847748 0.922053 0.905686 0.000000 0.614728 0.778726 0.806175 0.603506 0.839352 0.672390 0.767602 0.830369 0.818386 0.673189 0.725330 0.846381 0.811979 0.838079 0.802343 0.761195 0.668869 0.639038 0.821474 0.820296 0.837159 0.980920 0.984298 0.770991 0.618270 0.750606 0.963391 0.749805 0.722830 0.865905 0.808635 0.667156 0.759180 0.666281 0.544965 0.777933 0.802922 0.979060 0.945936 0.708907 0.968886 0.912992 0.875586 0.894956 0.802028 0.875066 0.794276 0.715593 0.746274 0.792973 0.904693 0.857367 0.821019 0.704399 0.784090 0.781626 0.854923 0.957726 0.975917 0.637706 0.958705 0.652560 0.678658 0.850872 0.847539 0.945639 0.986367 0.822120 0.907751 0.903135 0.767644 0.775256 0.730428 0.840131 0.846080 0.958392 0.916157 0.996532 0.993857
0.575146 0.538451 0.891686 0.852787 0.918255 0.864892 0.942493 0.835439 0.999465 0.809473 0.663425 0.512253 0.824229 0.743337 0.859445 0.774177 0.624749 0.601346 0.590330 0.469283 0.796980 0.771178 0.905438 0.954379 0.774008 0.962077 0.751835 0.988899 0.731921 0.714745 0.975238 0.848997 0.784388 0.774785 0.907196 0.833713 0.614728 0.000000 0.784369 0.630963 0.821496 0.784999 0.765320 0.748554 0.888897 0.800307 0.632388 0.655751 0.714838 0.587924 0.766045 0.703991 0.767850 0.890931 0.683983 0.651374 0.530393 0.571275 0.842060 0.779850 0.902892 0.819332 0.851360 0.653895 0.958006 0.993588 0.937578 0.988856 0.548810 0.614426 0.869344 0.821523 0.946492 0.842056 0.835154 0.968562 0.862655 0.940918 0.752472 0.865795 0.568234 0.616769 0.707726 0.555032 0.774222 0.863278 0.853774 0.795029 0.941534 0.770287 0.985220 0.986745 0.930543 0.961921 0.938365 0.813644 0.793398 0.873858 0.788370 0.792116 0.990907 0.996168 0.656919 0.907905 0.859569 0.932926 0.991168 0.954403 0.980850 0.667607 0.844369 0.777403 0.901338 0.755436 0.997156 0.970174
