0.000000 0.529779 0.621142 0.612914 0.980556 0.817957 0.502923 0.448452 0.802202 0.565647 0.574607 0.529172 0.525078 0.729901 0.998104 0.946387 0.519733 0.490585 0.517465 0.665163 0.866897 0.940221 0.926487 0.743221 0.892020 0.992660 0.855289 0.993461 0.797506 0.712638 0.977388 0.882462 0.565225 0.490975 0.754663 0.958465 0.994230 0.766249 0.807575 0.833844 0.822663 0.952312 0.709112 0.711860 0.768472 0.641679 0.599555 0.676044 0.868089 0.943592 0.955901 0.771649 0.809249 0.819584 0.714598 0.720845 0.539413 0.652044 0.612805 0.748616 0.392140 0.435974 0.436129 0.416724 0.811649 0.608748 0.706914 0.767471 0.821064 0.723290 0.903925 0.977381 0.955978 0.987647 0.975343 0.970353 0.708354 0.736597 0.752582 0.930961 0.521189 0.551366 0.919232 0.755119 0.800227 0.836991 0.849631 0.853911 0.815299 0.722897 0.716771 0.929823 0.774331 0.968719 0.810978 0.790774 0.761658 0.910682 0.556089 0.654421 0.776896 0.985173 0.717757 0.696951 0.973441 0.770014 0.995693 0.909721 0.835041 0.979819 0.850621 0.715804 0.860537 0.752348 0.926318 0.978850
0.529779 0.000000 0.882229 0.771336 0.928416 0.830177 0.821658 0.620276 0.948706 0.774488 0.778909 0.561885 0.658608 0.644514 0.861099 0.728335 0.550760 0.558573 0.659663 0.773091 0.981478 0.998183 0.980974 0.898817 0.949671 0.983888 0.995622 0.936436 0.774483 0.605747 0.949257 0.974394 0.618478 0.660112 0.868326 0.977776 0.954020 0.865645 0.943800 0.919387 0.869775 0.943648 0.740808 0.674876 0.746346 0.669399 0.712837 0.664388 0.744315 0.919315 0.999891 0.897568 0.954840 0.963531 0.795090 0.935347 0.582967 0.564072 0.709563 0.803718 0.632700 0.561220 0.610407 0.526654 0.908135 0.721858 0.912138 0.861464 0.827869 0.638438 0.903923 0.883028 0.907792 0.960100 0.978541 0.913447 0.854407 0.795044 0.764351 0.990669 0.593093 0.666566 0.991458 0.741345 0.929971 0.886312 0.998943 0.916664 0.921293 0.861295 0.956993 0.892513 0.965803 0.849703 0.823619 0.832533 0.816381 0.886227 0.727728 0.788323 0.868576 0.912629 0.798611 0.732957 0.987036 0.813420 0.952007 0.920883 0.999062 0.908131 0.988672 0.795322 0.823518 0.833421 0.861945 0.979898
0.621142 0.882229 0.000000 0.431262 0.896638 0.967496 0.334858 0.482869 0.709611 0.540462 0.704264 0.885757 0.853327 0.860790 0.764654 0.655988 0.832262 0.682016 0.698494 0.759805 0.837444 0.981140 0.903006 0.879048 0.935629 0.956364 0.879911 0.947842 0.937865 0.990809 0.927676 0.943923 0.556257 0.563400 0.666708 0.868102 0.949755 0.877559 0.877002 0.776403 0.873698 0.818433 0.705918 0.755026 0.738941 0.745981 0.721021 0.754874 0.998439 0.967231 0.953491 0.929599 0.820417 0.789341 0.770053 0.720942 0.763502 0.927685 0.586235 0.694310 0.491420 0.672714 0.640895 0.680847 0.539303 0.613212 0.478611 0.543540 0.994374 0.853031 0.923663 0.921558 0.974446 0.993372 0.911974 0.978410 0.681065 0.917906 0.922630 0.936223 0.637561 0.587720 0.931542 0.769718 0.640452 0.771692 0.834947 0.888131 0.773129 0.645797 0.574944 0.674149 0.491187 0.693554 0.783992 0.711864 0.652351 0.825783 0.529510 0.549000 0.739410 0.891292 0.747954 0.754558 0.766273 0.546181 0.902816 0.830390 0.860778 0.926472 0.706103 0.716478 0.854284 0.842632 0.974085 0.977370
0.612914 0.771336 0.431262 0.000000 0.986042 0.845412 0.483253 0.382208 0.879078 0.618959 0.654889 0.736719 0.912567 0.995021 0.683052 0.774642 0.897106 0.679459 0.760137 0.781218 0.843210 0.919411 0.993497 0.909621 0.915239 0.879059 0.962616 0.990829 0.953442 0.956672 0.866356 0.902427 0.618070 0.485710 0.613159 0.836276 0.915530 0.994553 0.740966 0.664406 0.790431 0.832461 0.644407 0.645252 0.725495 0.690597 0.631559 0.596857 0.952832 0.898778 0.929231 0.890265 0.762928 0.776449 0.830760 0.665364 0.891250 0.953826 0.652882 0.661544 0.564985 0.559386 0.692429 0.658820 0.584030 0.428093 0.397243 0.413980 0.815956 0.790455 0.744092 0.741531 0.992481 0.931495 0.963398 0.951494 0.691836 0.844771 0.842413 0.983593 0.642046 0.626229 0.860352 0.819369 0.815261 0.745122 0.793680 0.712746 0.935194 0.603046 0.645115 0.807339 0.539293 0.746075 0.734852 0.669268 0.652092 0.806360 0.478445 0.679797 0.736022 0.903428 0.669691 0.663007 0.743088 0.615634 0.841473 0.828821 0.802760 0.915085 0.719224 0.692537 0.975978 0.798937 0.988158 0.962720
0.980556 0.928416 0.896638 0.986042 0.000000 0.957844 0.883328 0.928052 0.782466 0.989437 0.764379 0.826126 0.930490 0.933041 0.640077 0.914845 0.862941 0.869068 0.829855 0.864118 0.911375 0.905270 0.564745 0.684296 0.912125 0.980811 0.938677 0.889491 0.855965 0.818460 0.790637 0.799834 0.985646 0.963476 0.880240 0.973583 0.924180 0.843115 0.906048 0.945100 0.967483 0.891343 0.785731 0.784042 0.981074 0.905130 0.963373 0.925909 0.994926 0.884077 0.889459 0.734294 0.754935 0.748127 0.937207 0.987070 0.842435 0.730445 0.881889 0.956689 0.911910 0.950498 0.866235 0.967262 0.681707 0.953921 0.891284 0.877607 0.919143 0.998169 0.987283 0.943421 0.707878 0.825634 0.950943 0.991167 0.924983 0.814433 0.887472 0.892709 0.837764 0.773409 0.705151 0.693938 0.592698 0.611188 0.784414 0.691121 0.751590 0.718249 0.954436 0.929739 0.971686 0.966073 0.944106 0.984810 0.960242 0.786446 0.984233 0.899717 0.951854 0.867966 0.777477 0.877025 0.931452 0.944875 0.918191 0.925465 0.871371 0.882606 0.964581 0.970374 0.986170 0.939649 0.967890 0.806124
0.817957 0.830177 0.967496 0.845412 0.957844 0.000000 0.941549 0.797177 0.981067 0.917902 0.890179 0.743127 0.763546 0.823030 0.945704 0.758911 0.989918 0.921398 0.889894 0.925735 0.955045 0.849007 0.873069 0.875604 0.923606 0.934567 0.851433 0.788942 0.957383 0.949744 0.960971 0.841322 0.977469 0.993474 0.897391 0.943914 0.937985 0.817775 0.943942 0.882707 0.820889 0.939433 0.947957 0.920449 0.892151 0.896090 0.932609 0.989622 0.905282 0.865614 0.904777 0.799060 0.964156 0.993636 0.864845 0.886131 0.998140 0.998269 0.946845 0.970829 0.845402 0.789391 0.982645 0.979448 0.899277 0.814975 0.973034 0.941806 0.916669 0.858000 0.760612 0.761872 0.976979 0.989438 0.963873 0.925648 0.853657 0.869352 0.970079 0.997873 0.960044 0.994199 0.768096 0.880502 0.876894 0.967344 0.879511 0.760576 0.981542 0.951763 0.878755 0.959340 0.828973 0.938066 0.878246 0.867119 0.998024 0.949136 0.827238 0.980056 0.943698 0.826031 0.948024 0.942123 0.907658 0.849659 0.846087 0.904608 0.967918 0.931077 0.849966 0.989160 0.944369 0.935346 0.863328 0.852322
0.502923 0.821658 0.334858 0.483253 0.883328 0.941549 0.000000 0.464117 0.632277 0.487645 0.695890 0.792126 0.667302 0.965264 0.864690 0.733778 0.735631 0.579031 0.578395 0.673021 0.920004 0.968728 0.908760 0.819054 0.937940 0.963009 0.827905 0.849334 0.938768 0.874364 0.946365 0.868548 0.513146 0.533099 0.663682 0.914803 0.984531 0.811871 0.884816 0.860295 0.817524 0.906898 0.740752 0.783662 0.770557 0.695945 0.758349 0.751018 0.990271 0.977230 0.962230 0.942389 0.789986 0.781311 0.754169 0.709890 0.700586 0.802613 0.553857 0.650271 0.355644 0.574822 0.473320 0.540076 0.592139 0.617327 0.546426 0.632910 0.935538 0.858557 0.972051 0.964391 0.998214 0.993012 0.917003 0.995545 0.715181 0.943872 0.845335 0.900670 0.542755 0.500846 0.968473 0.724236 0.593576 0.800573 0.857516 0.897077 0.740204 0.689125 0.521871 0.644389 0.530818 0.744033 0.738861 0.777607 0.646719 0.849225 0.471549 0.534918 0.813955 0.840115 0.755396 0.710206 0.790820 0.610048 0.914553 0.841902 0.810286 0.934005 0.692370 0.699294 0.882302 0.837578 0.925575 0.967880
0.448452 0.620276 0.482869 0.382208 0.928052 0.797177 0.464117 0.000000 0.851455 0.460198 0.501588 0.477819 0.680939 0.867449 0.717306 0.862141 0.724894 0.602715 0.627220 0.625566 0.913979 0.984108 0.844231 0.695212 0.812197 0.913855 0.862998 0.877170 0.919969 0.831358 0.969643 0.791639 0.620141 0.410036 0.717172 0.928792 0.971005 0.833646 0.735360 0.670843 0.841500 0.908088 0.661404 0.689975 0.846726 0.730009 0.635055 0.636547 0.966467 0.812375 0.898935 0.740183 0.611161 0.580121 0.720776 0.692143 0.805442 0.781329 0.473063 0.506253 0.410986 0.339345 0.577069 0.454225 0.777189 0.403596 0.522079 0.479689 0.975115 0.673324 0.834020 0.848780 0.959759 0.963826 0.995900 0.993439 0.572406 0.774394 0.822426 0.920533 0.622054 0.657053 0.721468 0.881458 0.955491 0.928962 0.705512 0.585210 0.868667 0.652299 0.715052 0.951980 0.633400 0.955852 0.777517 0.758805 0.580307 0.776109 0.433538 0.671190 0.665124 0.957139 0.596774 0.673628 0.777126 0.607373 0.912535 0.847356 0.806023 0.918377 0.708859 0.758361 0.927994 0.756911 0.965881 0.983852
0.802202 0.948706 0.709611 0.879078 0.782466 0.981067 0.632277 0.851455 0.000000 0.645459 0.915712 0.989622 0.780765 0.887719 0.870644 0.903862 0.841504 0.829248 0.824971 0.877508 0.957848 0.973902 0.704240 0.969375 0.873087 0.931665 0.894384 0.901137 0.818796 0.909889 0.933648 0.970917 0.822512 0.905417 0.885937 0.870809 0.985718 0.791817 0.888923 0.799667 0.881812 0.937711 0.906867 0.851907 0.992374 0.991661 0.953849 0.905195 0.942085 0.975936 0.971989 0.919830 0.867024 0.927612 0.965926 0.923713 0.762617 0.774606 0.883857 0.914631 0.651472 0.860068 0.607022 0.671277 0.685863 0.983580 0.946861 0.867758 0.776195 0.932419 0.882102 0.795473 0.977703 0.858063 0.864394 0.944663 0.937644 0.987530 0.790336 0.919864 0.708764 0.703366 0.735216 0.714032 0.609826 0.764038 0.873580 0.846011 0.828168 0.699642 0.815277 0.814298 0.818004 0.867777 0.916396 0.902399 0.818784 0.998074 0.876566 0.670236 0.924030 0.890350 0.957461 0.840999 0.809157 0.887462 0.965860 0.979822 0.885839 0.935000 0.850021 0.967557 0.986161 0.868779 0.929848 0.778676
0.565647 0.774488 0.540462 0.618959 0.989437 0.917902 0.487645 0.460198 0.645459 0.000000 0.562794 0.673528 0.720145 0.975899 0.808684 0.811657 0.752162 0.675061 0.543865 0.570326 0.894906 0.970322 0.951837 0.754937 0.672306 0.756285 0.759122 0.738351 0.879124 0.931184 0.975831 0.858236 0.633570 0.563947 0.792236 0.868340 0.923600 0.770243 0.974837 0.917058 0.952235 0.957007 0.917239 0.920910 0.961427 0.861156 0.759545 0.932071 0.918790 0.914253 0.918788 0.925934 0.689334 0.642222 0.747540 0.802452 0.803954 0.744204 0.517384 0.524463 0.461089 0.513147 0.528169 0.440298 0.905868 0.659203 0.642743 0.689627 0.755666 0.776825 0.969560 0.949711 0.991016 0.960911 0.878673 0.928151 0.743090 0.915911 0.893242 0.853777 0.641479 0.677654 0.796167 0.902432 0.839110 0.979236 0.733123 0.796722 0.813314 0.680168 0.666297 0.867773 0.634880 0.959634 0.856702 0.673220 0.498847 0.882779 0.527109 0.628591 0.742217 0.983551 0.595994 0.696710 0.658797 0.645302 0.939536 0.816701 0.803497 0.842988 0.779160 0.827104 0.955376 0.812888 0.911183 0.877367
0.574607 0.778909 0.704264 0.654889 0.764379 0.890179 0.695890 0.501588 0.915712 0.562794 0.000000 0.497612 0.687198 0.885873 0.676995 0.860158 0.730189 0.747050 0.717366 0.665897 0.832097 0.997856 0.628690 0.560269 0.798747 0.939307 0.735716 0.943820 0.906163 0.985491 0.782340 0.734828 0.787331 0.509054 0.786081 0.959566 0.968098 0.816240 0.829709 0.823110 0.807406 0.953764 0.733550 0.742408 0.967598 0.780063 0.713334 0.835093 0.968810 0.784465 0.731953 0.578041 0.607708 0.543742 0.792690 0.688490 0.896180 0.902014 0.676744 0.721309 0.625626 0.521111 0.675076 0.558629 0.907158 0.730612 0.732049 0.731750 0.746334 0.707050 0.922651 0.954734 0.857435 0.882223 0.977601 0.992813 0.637181 0.728773 0.851744 0.981496 0.761036 0.827410 0.716212 0.977938 0.831335 0.850702 0.682963 0.623977 0.858747 0.791057 0.792742 0.896554 0.749994 0.981748 0.866985 0.741895 0.707253 0.770053 0.659449 0.863071 0.732260 0.956956 0.596701 0.726267 0.993697 0.836353 0.907708 0.935591 0.887171 0.941550 0.863864 0.782637 0.905440 0.838257 0.897420 0.878110
0.529172 0.561885 0.885757 0.736719 0.826126 0.743127 0.792126 0.477819 0.989622 0.673528 0.497612 0.000000 0.515923 0.583321 0.891864 0.828573 0.672085 0.660618 0.658664 0.672501 0.999597 0.916961 0.668902 0.654341 0.727590 0.809657 0.920120 0.923393 0.899113 0.742885 0.774652 0.753744 0.839557 0.593910 0.866478 0.977976 0.984793 0.784191 0.816729 0.808679 0.880492 0.966464 0.760163 0.755425 0.988232 0.817062 0.751349 0.760436 0.964569 0.764297 0.800238 0.660536 0.673848 0.649203 0.693808 0.775326 0.802592 0.720397 0.623862 0.691665 0.545678 0.405133 0.626944 0.496525 0.943002 0.616288 0.876931 0.830853 0.820487 0.605014 0.988694 0.921080 0.925253 0.903560 0.920857 0.921721 0.652663 0.727059 0.774010 0.918168 0.710497 0.807069 0.758197 0.943798 0.831273 0.907662 0.819843 0.625610 0.890921 0.899793 0.958773 0.792385 0.940732 0.795472 0.864329 0.951583 0.768436 0.790425 0.685969 0.914491 0.777127 0.959488 0.704067 0.847455 0.960003 0.814859 0.964115 0.932847 0.908314 0.999896 0.922604 0.848405 0.950833 0.799694 0.964630 0.916503
0.525078 0.658608 0.853327 0.912567 0.930490 0.763546 0.667302 0.680939 0.780765 0.720145 0.687198 0.515923 0.000000 0.555621 0.753724 0.720047 0.667023 0.609535 0.599094 0.727514 0.963884 0.906819 0.927248 0.795689 0.719399 0.764168 0.865366 0.968413 0.774432 0.654960 0.875557 0.834942 0.840172 0.711597 0.904293 0.875348 0.942646 0.722755 0.986840 0.993036 0.858011 0.879417 0.923168 0.937986 0.999959 0.830773 0.759747 0.864846 0.997652 0.988461 0.867946 0.855905 0.853141 0.811918 0.737091 0.738726 0.666856 0.624271 0.694701 0.738572 0.479414 0.521015 0.543464 0.522359 0.947682 0.786675 0.957463 0.958569 0.793800 0.754922 0.868778 0.930411 0.965290 0.877636 0.929283 0.788605 0.823609 0.910708 0.837040 0.947957 0.679539 0.673117 0.999676 0.784536 0.847676 0.972614 0.958031 0.952219 0.741862 0.939813 0.924103 0.903268 0.988070 0.809384 0.934586 0.993795 0.895813 0.929481 0.751734 0.827617 0.960619 0.987507 0.905574 0.973192 0.916144 0.859548 0.857636 0.951704 0.938807 0.980201 0.955264 0.902907 0.900790 0.839690 0.985754 0.958538
0.729901 0.644514 0.860790 0.995021 0.933041 0.823030 0.965264 0.867449 0.887719 0.975899 0.885873 0.583321 0.555621 0.000000 0.657923 0.486159 0.732652 0.694259 0.745919 0.775227 0.918833 0.914158 0.972637 0.935677 0.948156 0.993690 0.866122 0.900158 0.818464 0.588329 0.911664 0.875457 0.955056 0.851304 0.854563 0.992373 0.964805 0.964124 0.860204 0.899321 0.971868 0.847551 0.915060 0.857726 0.964031 0.841445 0.720834 0.776171 0.962011 0.949139 0.946575 0.914093 0.993528 0.992397 0.823188 0.733549 0.801884 0.741910 0.988157 0.935702 0.787476 0.686045 0.756703 0.746761 0.993843 0.747396 0.933187 0.968436 0.960891 0.727146 0.895096 0.771856 0.895584 0.950274 0.862906 0.822297 0.902621 0.837618 0.775255 0.898105 0.790475 0.743698 0.848961 0.744169 0.966096 0.828882 0.968452 0.949955 0.966025 0.994162 0.855665 0.762833 0.778827 0.727064 0.970523 0.983240 0.929144 0.942478 0.997054 0.956287 0.944832 0.899554 0.970007 0.938502 0.941144 0.975245 0.870876 0.906502 0.897736 0.987204 0.900454 0.961098 0.968197 0.998373 0.895874 0.921387
0.998104 0.861099 0.764654 0.683052 0.640077 0.945704 0.864690 0.717306 0.870644 0.808684 0.676995 0.891864 0.753724 0.657923 0.000000 0.522100 0.821963 0.792221 0.916109 0.980476 0.934196 0.864494 0.565205 0.639914 0.941287 0.969305 0.845488 0.908994 0.744227 0.648039 0.743626 0.666411 0.965373 0.816530 0.951283 0.954885 0.961744 0.913101 0.852643 0.864318 0.920766 0.801662 0.740929 0.820434 0.975860 0.961974 0.982766 0.947553 0.890496 0.770446 0.956223 0.755869 0.647480 0.636953 0.999484 0.951177 0.722776 0.688558 0.794336 0.820684 0.981867 0.882503 0.873510 0.998819 0.839951 0.895231 0.652897 0.676159 0.985486 0.924652 0.968374 0.987825 0.772217 0.911933 0.978078 0.834718 0.832376 0.901393 0.839781 0.941754 0.844038 0.776547 0.570152 0.633788 0.657712 0.700413 0.614917 0.526759 0.912901 0.957183 0.793883 0.873860 0.631853 0.759606 0.926327 0.897651 0.767087 0.806080 0.783177 0.922301 0.752083 0.893464 0.665917 0.768474 0.930902 0.836762 0.774156 0.786281 0.984060 0.924643 0.775068 0.974396 0.955189 0.930131 0.884360 0.879155
0.946387 0.728335 0.655988 0.774642 0.914845 0.758911 0.733778 0.862141 0.903862 0.811657 0.860158 0.828573 0.720047 0.486159 0.522100 0.000000 0.872540 0.870225 0.929557 0.992601 0.938505 0.968133 0.883488 0.772359 0.999269 0.958387 0.803411 0.780185 0.875490 0.668882 0.858355 0.769122 0.956537 0.935711 0.862216 0.978593 0.919308 0.946983 0.959819 0.956869 0.957686 0.803506 0.870489 0.917448 0.919490 0.955668 0.933696 0.920257 0.942980 0.954476 0.932914 0.933217 0.758348 0.772202 0.909976 0.971209 0.834921 0.726049 0.850978 0.936037 0.951537 0.953922 0.974891 0.991393 0.991806 0.941872 0.750307 0.816148 0.914642 0.950710 0.876387 0.841453 0.782962 0.950198 0.979322 0.816423 0.945237 0.881567 0.851690 0.853488 0.999225 0.957949 0.772387 0.840419 0.954073 0.884332 0.778773 0.784600 0.919847 0.926050 0.757791 0.742146 0.623587 0.751191 0.903772 0.860891 0.758705 0.796980 0.866401 0.838010 0.902228 0.895857 0.802322 0.835299 0.983225 0.934606 0.865501 0.820597 0.907100 0.995702 0.694781 0.868417 0.879822 0.992510 0.855211 0.980747
0.519733 0.550760 0.832262 0.897106 0.862941 0.989918 0.735631 0.724894 0.841504 0.752162 0.730189 0.672085 0.667023 0.732652 0.821963 0.872540 0.000000 0.528502 0.606881 0.621658 0.919083 0.944587 0.920632 0.931653 0.897143 0.921466 0.998659 0.909882 0.696974 0.656012 0.984613 0.993838 0.680390 0.718401 0.760705 0.951174 0.887331 0.735831 0.957186 0.861359 0.956635 0.994951 0.904610 0.820738 0.823295 0.728374 0.820239 0.767912 0.871885 0.920786 0.980973 0.912565 0.989169 0.986101 0.769411 0.815540 0.584515 0.604619 0.799390 0.936246 0.588623 0.619631 0.503530 0.495265 0.879414 0.791720 0.969520 0.989075 0.714254 0.685704 0.973906 0.932182 0.926942 0.947606 0.997498 0.938981 0.817768 0.927386 0.744910 0.983061 0.495252 0.553292 0.893269 0.659936 0.755493 0.813594 0.902597 0.923317 0.846597 0.801979 0.839433 0.967333 0.961435 0.891216 0.871826 0.801736 0.807969 0.996461 0.792630 0.789337 0.989510 0.847984 0.811657 0.825461 0.912656 0.960446 0.991500 0.980802 0.976977 0.969803 0.918402 0.793791 0.799603 0.911788 0.981654 0.949922
0.490585 0.558573 0.682016 0.679459 0.869068 0.921398 0.579031 0.602715 0.829248 0.675061 0.747050 0.660618 0.609535 0.694259 0.792221 0.870225 0.528502 0.000000 0.564425 0.638160 0.903615 0.854775 0.836881 0.971877 0.962374 0.989186 0.964860 0.973882 0.704507 0.532645 0.847385 0.907573 0.542650 0.570298 0.749460 0.821281 0.916660 0.778922 0.848336 0.852381 0.838011 0.989006 0.769032 0.707516 0.750584 0.664680 0.607880 0.674153 0.844916 0.929062 0.999524 0.938880 0.948187 0.961123 0.599389 0.697099 0.501575 0.649021 0.731602 0.825019 0.482090 0.552581 0.425243 0.483922 0.706032 0.616917 0.765603 0.790063 0.936377 0.721313 0.871124 0.970753 0.822790 0.966205 0.995634 0.986834 0.843790 0.901363 0.727449 0.927184 0.385036 0.410629 0.864856 0.583671 0.647783 0.663935 0.946176 0.944678 0.779243 0.643107 0.809485 0.984843 0.913347 0.924374 0.778975 0.756729 0.850596 0.936104 0.715390 0.717338 0.929308 0.876117 0.906424 0.839607 0.852395 0.755143 0.997534 0.907576 0.815684 0.889218 0.896681 0.768122 0.828650 0.804446 0.941903 0.979490
0.517465 0.659663 0.698494 0.760137 0.829855 0.889894 0.578395 0.627220 0.824971 0.543865 0.717366 0.658664 0.599094 0.745919 0.916109 0.929557 0.606881 0.564425 0.000000 0.602295 0.985827 0.905979 0.859635 0.999702 0.816799 0.922105 0.932983 0.942307 0.711275 0.672369 0.876312 0.950351 0.611546 0.611783 0.725710 0.942072 0.986795 0.702901 0.984750 0.994577 0.912952 0.982391 0.972851 0.903604 0.970158 0.801374 0.789781 0.844058 0.936695 0.944306 0.919630 0.969891 0.846846 0.899339 0.670516 0.728642 0.673519 0.681909 0.770205 0.778847 0.495264 0.569012 0.443734 0.511070 0.862863 0.692152 0.813055 0.853226 0.785932 0.821854 0.905379 0.972074 0.795052 0.861483 0.999269 0.964503 0.865034 0.796715 0.806921 0.995566 0.533091 0.563370 0.980347 0.734252 0.710397 0.819034 0.854399 0.974639 0.777238 0.785526 0.753742 0.936876 0.836750 0.912285 0.842021 0.821926 0.724376 0.910504 0.657860 0.695374 0.886796 0.857753 0.763189 0.894341 0.844295 0.756736 0.925947 0.857755 0.970554 0.928203 0.866413 0.797009 0.835000 0.811026 0.984942 0.834296
0.665163 0.773091 0.759805 0.781218 0.864118 0.925735 0.673021 0.625566 0.877508 0.570326 0.665897 0.672501 0.727514 0.775227 0.980476 0.992601 0.621658 0.638160 0.602295 0.000000 0.942266 0.885891 0.972673 0.807721 0.779359 0.741398 0.858244 0.652753 0.819020 0.753442 0.942436 0.908330 0.717334 0.648672 0.770150 0.962049 0.982019 0.801786 0.924135 0.906812 0.960468 0.908695 0.893367 0.853881 0.991916 0.834434 0.842625 0.724183 0.990785 0.948779 0.993486 0.964589 0.778509 0.723312 0.906098 0.789846 0.766858 0.620399 0.574731 0.558129 0.611337 0.594020 0.631037 0.566977 0.992031 0.725617 0.814203 0.786992 0.818742 0.716436 0.976983 0.965427 0.852705 0.872658 0.864167 0.986809 0.789212 0.991405 0.809785 0.994716 0.681313 0.692243 0.965931 0.834950 0.899218 0.946496 0.853340 0.893027 0.800227 0.776112 0.859538 0.973842 0.913261 0.871971 0.901310 0.815729 0.721004 0.933206 0.707907 0.816817 0.754368 0.892765 0.737715 0.837901 0.902419 0.877669 0.967959 0.927553 0.864382 0.929399 0.726861 0.876127 0.935960 0.996062 0.992609 0.966625
0.866897 0.981478 0.837444 0.843210 0.911375 0.955045 0.920004 0.913979 0.957848 0.894906 0.832097 0.999597 0.963884 0.918833 0.934196 0.938505 0.919083 0.903615 0.985827 0.942266 0.000000 0.954090 0.972876 0.975880 0.867744 0.870272 0.841656 0.998519 0.932222 0.876121 0.959414 0.993158 0.862469 0.852749 0.864777 0.998413 0.823081 0.975473 0.976405 0.999661 0.933990 0.955504 0.803895 0.794159 0.854437 0.928245 0.791590 0.917757 0.886040 0.988331 0.964971 0.932122 0.875279 0.925936 0.862592 0.949319 0.875909 0.960364 0.885918 0.927077 0.991270 0.976632 0.979276 0.989060 0.908290 0.967572 0.788318 0.857854 0.972691 0.902939 0.989279 0.946721 0.965967 0.944111 0.981415 0.979597 0.928205 0.899643 0.996536 0.917289 0.980657 0.999542 0.904245 0.940171 0.968213 0.972290 0.938674 0.978982 0.922422 0.845410 0.911676 0.999329 0.909815 0.914470 0.955908 0.768887 0.889774 0.902728 0.940588 0.953126 0.858978 0.953672 0.866258 0.919438 0.997481 0.966931 0.980259 0.965007 0.847858 0.949766 0.927896 0.802661 0.882022 0.907904 0.947566 0.895388
0.940221 0.998183 0.981140 0.919411 0.905270 0.849007 0.968728 0.984108 0.973902 0.970322 0.997856 0.916961 0.906819 0.914158 0.864494 0.968133 0.944587 0.854775 0.905979 0.885891 0.954090 0.000000 0.980997 0.938337 0.917561 0.934847 0.936072 0.864628 0.948600 0.945460 0.977895 0.868443 0.979756 0.992492 0.962082 0.959616 0.996743 0.970513 0.972348 0.920431 0.921739 0.821287 0.927608 0.868495 0.943610 0.880226 0.997700 0.885369 0.983941 0.987106 0.915823 0.949926 0.948983 0.989216 0.871423 0.969428 0.787300 0.874740 0.973106 0.886915 0.946171 0.987102 0.898230 0.932547 0.978691 0.920377 0.932631 0.922524 0.994229 0.935145 0.934629 0.885566 0.860263 0.949862 0.940322 0.922789 0.916927 0.999228 0.924149 0.965472 0.954490 0.932207 0.839729 0.866425 0.926874 0.978429 0.744560 0.894456 0.948031 0.952979 0.930768 0.990674 0.845808 0.907383 0.985508 0.968215 0.935844 0.842853 0.910358 0.951712 0.945141 0.778206 0.986379 0.946520 0.901486 0.899115 0.980990 0.903322 0.925747 0.844796 0.928070 0.907883 0.996511 0.935096 0.967783 0.911939
0.926487 0.980974 0.903006 0.993497 0.564745 0.873069 0.908760 0.844231 0.704240 0.951837 0.628690 0.668902 0.927248 0.972637 0.565205 0.883488 0.920632 0.836881 0.859635 0.972673 0.972876 0.980997 0.000000 0.449249 0.788302 0.920997 0.867411 0.994263 0.873549 0.784250 0.515360 0.561236 0.826674 0.930576 0.817396 0.905352 0.887614 0.923082 0.786029 0.890276 0.864518 0.938560 0.799431 0.808402 0.924845 0.988292 0.965695 0.967384 0.901142 0.735638 0.714465 0.515319 0.653743 0.617063 0.987223 0.969966 0.794660 0.822531 0.865240 0.938636 0.987593 0.839268 0.846611 0.985437 0.579570 0.946125 0.998677 0.991918 0.867678 0.887538 0.886250 0.935837 0.647992 0.777781 0.859889 0.977955 0.813169 0.842899 0.826614 0.947177 0.758337 0.663297 0.536797 0.568193 0.402135 0.541345 0.735604 0.489461 0.906995 0.715931 0.984942 0.853838 0.973928 0.973888 0.949844 0.872104 0.940485 0.840864 0.972727 0.841455 0.831267 0.908621 0.776019 0.876242 0.778192 0.911315 0.957105 0.941860 0.901049 0.987689 0.992527 0.990361 0.977387 0.958148 0.896023 0.757592
0.743221 0.898817 0.879048 0.909621 0.684296 0.875604 0.819054 0.695212 0.969375 0.754937 0.560269 0.654341 0.795689 0.935677 0.639914 0.772359 0.931653 0.971877 0.999702 0.807721 0.975880 0.938337 0.449249 0.000000 0.741614 0.814210 0.720383 0.810952 0.951859 0.866358 0.563867 0.509876 0.988323 0.833657 0.878180 0.890203 0.962905 0.772197 0.828878 0.927701 0.845032 0.984228 0.794062 0.817350 0.962888 0.911234 0.955359 0.979657 0.985879 0.866375 0.762861 0.631106 0.701497 0.589228 0.993616 0.986997 0.973758 0.940983 0.629270 0.770388 0.754090 0.722592 0.947685 0.786319 0.711492 0.984679 0.946380 0.979540 0.738531 0.836033 0.893668 0.889446 0.665719 0.772718 0.998757 0.940871 0.724963 0.864349 0.900940 0.808638 0.990224 0.874250 0.626577 0.770186 0.621245 0.571984 0.746967 0.529138 0.903147 0.956468 0.820912 0.976539 0.797049 0.992854 0.965589 0.990427 0.861646 0.819977 0.800771 0.896969 0.786498 0.814789 0.647720 0.776421 0.939277 0.980481 0.936684 0.994038 0.904466 0.908431 0.840753 0.884924 0.943837 0.846041 0.906495 0.852446
0.892020 0.949671 0.935629 0.915239 0.912125 0.923606 0.937940 0.812197 0.873087 0.672306 0.798747 0.727590 0.719399 0.948156 0.941287 0.999269 0.897143 0.962374 0.816799 0.779359 0.867744 0.917561 0.788302 0.741614 0.000000 0.508687 0.848145 0.718880 0.892347 0.989825 0.685897 0.675140 0.892972 0.939032 0.890755 0.663210 0.842713 0.711541 0.897650 0.939140 0.947445 0.804622 0.687574 0.715413 0.644866 0.753933 0.849819 0.827634 0.694861 0.782010 0.775022 0.877630 0.749408 0.691601 0.933942 0.925319 0.866852 0.848097 0.731987 0.630649 0.776180 0.698249 0.886439 0.705173 0.705483 0.955503 0.905338 0.891468 0.706673 0.983970 0.863544 0.802827 0.928169 0.994986 0.891483 0.995029 0.944856 0.967152 0.906426 0.772361 0.941036 0.888998 0.654988 0.788736 0.760901 0.670064 0.812223 0.762504 0.980041 0.899661 0.960445 0.897123 0.962671 0.819640 0.879347 0.870402 0.874139 0.980472 0.893653 0.996584 0.994510 0.960323 0.806521 0.928073 0.881979 0.995754 0.839639 0.975532 0.990359 0.970609 0.994051 0.940996 0.962491 0.924309 0.888141 0.902359
0.992660 0.983888 0.956364 0.879059 0.980811 0.934567 0.963009 0.913855 0.931665 0.756285 0.939307 0.809657 0.764168 0.993690 0.969305 0.958387 0.921466 0.989186 0.922105 0.741398 0.870272 0.934847 0.920997 0.814210 0.508687 0.000000 0.927541 0.698635 0.962611 0.959200 0.708135 0.815028 0.889842 0.994675 0.871739 0.697472 0.770167 0.824479 0.810854 0.916170 0.910702 0.746141 0.768710 0.761372 0.827548 0.864998 0.914448 0.812461 0.759703 0.953088 0.880917 0.952896 0.816141 0.690726 0.949667 0.925068 0.952990 0.813590 0.697887 0.658322 0.817763 0.802247 0.899477 0.774062 0.751805 0.966487 0.882424 0.926448 0.809853 0.896481 0.796675 0.798658 0.922294 0.956277 0.887390 0.964164 0.914008 0.775617 0.927163 0.835824 0.965321 0.970924 0.793187 0.818963 0.898937 0.707215 0.976533 0.875417 0.937627 0.858618 0.871136 0.820223 0.900053 0.733650 0.804717 0.878562 0.855791 0.957797 0.967314 0.972409 0.993806 0.905090 0.973317 0.949651 0.805620 0.946417 0.836416 0.971782 0.927215 0.969957 0.899713 0.858658 0.920524 0.934158 0.871178 0.826875
0.855289 0.995622 0.879911 0.962616 0.938677 0.851433 0.827905 0.862998 0.894384 0.759122 0.735716 0.920120 0.865366 0.866122 0.845488 0.803411 0.998659 0.964860 0.932983 0.858244 0.841656 0.936072 0.867411 0.720383 0.848145 0.927541 0.000000 0.842773 0.841253 0.840192 0.957937 0.750650 0.906842 0.847003 0.844853 0.905754 0.854555 0.933483 0.999627 0.966658 0.925014 0.976246 0.801695 0.878168 0.861041 0.819987 0.922572 0.981306 0.829266 0.859584 0.942019 0.990687 0.872935 0.832394 0.942977 0.887647 0.844617 0.867884 0.713900 0.834999 0.881144 0.959586 0.904193 0.823467 0.882106 0.897083 0.924499 0.904072 0.697302 0.870592 0.941049 0.903066 0.799535 0.834735 0.959264 0.976843 0.939694 0.984078 0.935151 0.780216 0.975388 0.918238 0.868492 0.918481 0.974009 0.784392 0.957722 0.907491 0.840158 0.972808 0.863750 0.930396 0.821915 0.955635 0.994230 0.895322 0.796475 0.815837 0.853695 0.826258 0.848891 0.814111 0.745548 0.845969 0.881967 0.928879 0.989392 0.860748 0.854158 0.980710 0.831432 0.886353 0.937590 0.865695 0.948123 0.868753
0.993461 0.936436 0.947842 0.990829 0.889491 0.788942 0.849334 0.877170 0.901137 0.738351 0.943820 0.923393 0.968413 0.900158 0.908994 0.780185 0.909882 0.973882 0.942307 0.652753 0.998519 0.864628 0.994263 0.810952 0.718880 0.698635 0.842773 0.000000 0.938004 0.993211 0.986284 0.878412 0.951329 0.976413 0.945271 0.936978 0.956429 0.917460 0.989946 0.915232 0.963903 0.928997 0.947871 0.970977 0.934421 0.998197 0.911851 0.955805 0.956157 0.860655 0.933649 0.807820 0.851171 0.842381 0.973073 0.937621 0.985588 0.763358 0.714873 0.686771 0.844823 0.901711 0.917918 0.806613 0.875994 0.949338 0.987269 0.952778 0.939838 0.919758 0.976931 0.861681 0.888028 0.934171 0.809793 0.934200 0.897925 0.850293 0.999405 0.807402 0.954647 0.980440 0.925991 0.981662 0.993201 0.775770 0.956660 0.950765 0.857453 0.988356 0.934261 0.921982 0.927468 0.954412 0.995015 0.949995 0.773652 0.953061 0.884843 0.889375 0.990706 0.997817 0.940188 0.924211 0.937316 0.980775 0.877820 0.923699 0.804239 0.937969 0.797114 0.981653 0.902914 0.941832 0.987563 0.888492
0.797506 0.774483 0.937865 0.953442 0.855965 0.957383 0.938768 0.919969 0.818796 0.879124 0.906163 0.899113 0.774432 0.818464 0.744227 0.875490 0.696974 0.704507 0.711275 0.819020 0.932222 0.948600 0.873549 0.951859 0.892347 0.962611 0.841253 0.938004 0.000000 0.586263 0.975753 0.827313 0.841934 0.853039 0.988465 0.932215 0.978913 0.726211 0.953751 0.865707 0.931789 0.953175 0.837746 0.928898 0.837633 0.933999 0.915330 0.945131 0.869312 0.811237 0.734720 0.845191 0.943645 0.996211 0.911189 0.780954 0.782717 0.874337 0.961367 0.985729 0.815186 0.748159 0.744752 0.770737 0.961234 0.884088 0.856283 0.881549 0.901065 0.897158 0.909291 0.913211 0.776284 0.792944 0.944494 0.903761 0.872868 0.892041 0.886922 0.943227 0.768172 0.804461 0.862244 0.794036 0.885507 0.854072 0.953352 0.894764 0.895476 0.845474 0.906783 0.744760 0.818712 0.702062 0.931749 0.870109 0.961236 0.960726 0.969409 0.956296 0.900384 0.782819 0.993980 0.951664 0.988512 0.929814 0.910543 0.859730 0.873038 0.932977 0.946738 0.989294 0.811114 0.980813 0.971961 0.815782
0.712638 0.605747 0.990809 0.956672 0.818460 0.949744 0.874364 0.831358 0.909889 0.931184 0.985491 0.742885 0.654960 0.588329 0.648039 0.668882 0.656012 0.532645 0.672369 0.753442 0.876121 0.945460 0.784250 0.866358 0.989825 0.959200 0.840192 0.993211 0.586263 0.000000 0.805073 0.773472 0.743756 0.776407 0.883246 0.822182 0.929223 0.903134 0.943276 0.933915 0.979104 0.912937 0.955811 0.926873 0.979297 0.886355 0.731502 0.833446 0.864053 0.938029 0.970138 0.944871 0.911804 0.928221 0.718551 0.771498 0.642265 0.661339 0.903553 0.884164 0.727082 0.695031 0.627010 0.681657 0.831345 0.734390 0.937598 0.976970 0.977217 0.892266 0.912233 0.858549 0.760400 0.828474 0.929656 0.888762 0.948635 0.884807 0.715162 0.771553 0.671217 0.593809 0.742893 0.637953 0.749948 0.741692 0.808390 0.863379 0.840544 0.812063 0.855123 0.754001 0.795842 0.712808 0.881495 0.995069 0.990438 0.915398 0.891128 0.943988 0.887322 0.881433 0.871771 0.991228 0.913814 0.842510 0.969263 0.923839 0.979978 0.977730 0.958255 0.996594 0.848533 0.960549 0.944690 0.898863
0.977388 0.949257 0.927676 0.866356 0.790637 0.960971 0.946365 0.969643 0.933648 0.975831 0.782340 0.774652 0.875557 0.911664 0.743626 0.858355 0.984613 0.847385 0.876312 0.942436 0.959414 0.977895 0.515360 0.563867 0.685897 0.708135 0.957937 0.986284 0.975753 0.805073 0.000000 0.569976 0.701127 0.947354 0.739215 0.799712 0.900727 0.721646 0.973595 0.915416 0.995329 0.876028 0.898759 0.887420 0.701186 0.758034 0.781419 0.750645 0.671934 0.676659 0.635107 0.600021 0.751980 0.645042 0.990254 0.853856 0.808794 0.865309 0.884025 0.932737 0.952449 0.901094 0.899767 0.991291 0.729579 0.891529 0.832862 0.783297 0.750214 0.943822 0.650569 0.745172 0.739389 0.724375 0.933191 0.980408 0.963324 0.931779 0.857040 0.950215 0.819414 0.754835 0.668366 0.710219 0.593566 0.590032 0.899962 0.693845 0.922670 0.861458 0.915964 0.860803 0.889110 0.890936 0.980997 0.868757 0.891244 0.929087 0.876159 0.822530 0.955414 0.945787 0.866604 0.954801 0.878440 0.860686 0.983104 0.904943 0.905679 0.966772 0.904649 0.969540 0.965234 0.955000 0.929708 0.837240
0.882462 0.974394 0.943923 0.902427 0.799834 0.841322 0.868548 0.791639 0.970917 0.858236 0.734828 0.753744 0.834942 0.875457 0.666411 0.769122 0.993838 0.907573 0.950351 0.908330 0.993158 0.868443 0.561236 0.509876 0.675140 0.815028 0.750650 0.878412 0.827313 0.773472 0.569976 0.000000 0.890820 0.971443 0.935128 0.724474 0.979021 0.831114 0.955821 0.971754 0.882884 0.954582 0.928508 0.983602 0.897145 0.990238 0.907703 0.915834 0.954776 0.943060 0.863829 0.743728 0.741444 0.693223 0.966112 0.880368 0.890010 0.990656 0.692373 0.795763 0.850504 0.798417 0.998751 0.879531 0.766891 0.932126 0.989928 0.934268 0.751051 0.870549 0.937805 0.873149 0.739274 0.720878 0.961193 0.899586 0.916578 0.989161 0.871333 0.768205 0.970894 0.804296 0.599966 0.744512 0.643040 0.632252 0.706595 0.566584 0.877460 0.861404 0.805637 0.908730 0.766663 0.969724 0.869266 0.880641 0.897805 0.866592 0.856260 0.999726 0.907178 0.817166 0.726833 0.827672 0.936782 0.932948 0.992612 0.992328 0.868829 0.916781 0.969212 0.927955 0.968943 0.884086 0.961452 0.820929
0.565225 0.618478 0.556257 0.618070 0.985646 0.977469 0.513146 0.620141 0.822512 0.633570 0.787331 0.839557 0.840172 0.955056 0.965373 0.956537 0.680390 0.542650 0.611546 0.717334 0.862469 0.979756 0.826674 0.988323 0.892972 0.889842 0.906842 0.951329 0.841934 0.743756 0.701127 0.890820 0.000000 0.550212 0.694599 0.851027 0.969196 0.971678 0.956317 0.925313 0.797041 0.885972 0.700449 0.621650 0.629036 0.562511 0.758534 0.628072 0.757643 0.837167 0.887036 0.988739 0.940780 0.951766 0.792833 0.866339 0.570179 0.702950 0.692294 0.811329 0.560406 0.690012 0.538201 0.618820 0.721878 0.689204 0.617057 0.632196 0.930715 0.852926 0.839197 0.994414 0.924032 0.892359 0.943655 0.986215 0.753682 0.815446 0.799017 0.881807 0.526137 0.537494 0.920018 0.693907 0.639980 0.748412 0.951257 0.931217 0.866953 0.792005 0.704074 0.826523 0.696559 0.884501 0.731327 0.719908 0.680520 0.861545 0.601935 0.631038 0.827499 0.988719 0.854605 0.718106 0.909206 0.697786 0.876751 0.821336 0.863103 0.809209 0.817605 0.674050 0.784307 0.855869 0.988321 0.953456
0.490975 0.660112 0.563400 0.485710 0.963476 0.993474 0.533099 0.410036 0.905417 0.563947 0.509054 0.593910 0.711597 0.851304 0.816530 0.935711 0.718401 0.570298 0.611783 0.648672 0.852749 0.992492 0.930576 0.833657 0.939032 0.994675 0.847003 0.976413 0.853039 0.776407 0.947354 0.971443 0.550212 0.000000 0.696628 0.814296 0.891037 0.933268 0.785581 0.661678 0.808081 0.958072 0.672306 0.688052 0.818993 0.687987 0.615773 0.641467 0.976134 0.895319 0.952632 0.832539 0.666575 0.655558 0.713838 0.636032 0.729356 0.778135 0.617568 0.594022 0.516872 0.453224 0.543100 0.483432 0.816653 0.480402 0.518070 0.493992 0.941268 0.632378 0.940909 0.880503 0.915897 0.957622 0.986173 0.964198 0.735184 0.739451 0.797872 0.986555 0.603491 0.609425 0.851915 0.829376 0.839385 0.843429 0.860648 0.792319 0.855120 0.687460 0.761786 0.993999 0.725981 0.974816 0.839660 0.737266 0.638583 0.880098 0.498996 0.638896 0.715030 0.995976 0.667165 0.746347 0.808619 0.679903 0.884712 0.832777 0.872644 0.866569 0.746416 0.695677 0.813807 0.864987 0.936446 0.943263
0.754663 0.868326 0.666708 0.613159 0.880240 0.897391 0.663682 0.717172 0.885937 0.792236 0.786081 0.866478 0.904293 0.854563 0.951283 0.862216 0.760705 0.749460 0.725710 0.770150 0.864777 0.962082 0.817396 0.878180 0.890755 0.871739 0.844853 0.945271 0.988465 0.883246 0.739215 0.935128 0.694599 0.696628 0.000000 0.912226 0.903594 0.915385 0.930758 0.884352 0.969017 0.863957 0.745594 0.790267 0.688990 0.669347 0.746783 0.708245 0.814195 0.904449 0.819278 0.918646 0.981315 0.956913 0.805485 0.652540 0.870464 0.941730 0.913929 0.951151 0.728304 0.809726 0.701352 0.721318 0.710828 0.760664 0.701589 0.719391 0.958917 0.785886 0.840770 0.754577 0.914774 0.986511 0.928431 0.995614 0.920576 0.905212 0.745379 0.956422 0.613003 0.605753 0.842851 0.649301 0.660574 0.655089 0.871416 0.929838 0.959862 0.778368 0.714154 0.755226 0.668457 0.830141 0.868813 0.737817 0.704548 0.888587 0.688068 0.734313 0.955830 0.871288 0.832397 0.817027 0.988300 0.773735 0.932773 0.703996 0.808890 0.979176 0.829250 0.814493 0.989056 0.874083 0.775740 0.973759
0.958465 0.977776 0.868102 0.836276 0.973583 0.943914 0.914803 0.928792 0.870809 0.868340 0.959566 0.977976 0.875348 0.992373 0.954885 0.978593 0.951174 0.821281 0.942072 0.962049 0.998413 0.959616 0.905352 0.890203 0.663210 0.697472 0.905754 0.936978 0.932215 0.822182 0.799712 0.724474 0.851027 0.814296 0.912226 0.000000 0.769075 0.944529 0.863836 0.731917 0.948607 0.930016 0.813263 0.876835 0.894987 0.934766 0.862054 0.830674 0.934974 0.994588 0.910463 0.980790 0.953752 0.921059 0.867043 0.832526 0.893313 0.949989 0.947909 0.942458 0.972780 0.995196 0.971333 0.939546 0.734750 0.809599 0.807761 0.734718 0.763174 0.931100 0.807536 0.865978 0.901480 0.931109 0.903919 0.922668 0.935364 0.857246 0.895221 0.795423 0.898028 0.835099 0.950224 0.941025 0.868388 0.820069 0.969843 0.934282 0.931989 0.819495 0.982946 0.983896 0.957225 0.916080 0.765453 0.976973 0.943020 0.950667 0.955428 0.956987 0.979440 0.912993 0.888999 0.948115 0.966681 0.886233 0.810915 0.977024 0.929222 0.968784 0.974277 0.902823 0.901864 0.922955 0.846551 0.910809
0.994230 0.954020 0.949755 0.915530 0.924180 0.937985 0.984531 0.971005 0.985718 0.923600 0.968098 0.984793 0.942646 0.964805 0.961744 0.919308 0.887331 0.916660 0.986795 0.982019 0.823081 0.996743 0.887614 0.962905 0.842713 0.770167 0.854555 0.956429 0.978913 0.929223 0.900727 0.979021 0.969196 0.891037 0.903594 0.769075 0.000000 0.886095 0.982436 0.923782 0.961815 0.835660 0.907263 0.928000 0.931868 0.985318 0.944430 0.890597 0.923395 0.981615 0.929871 0.966029 0.907433 0.924610 0.837933 0.979256 0.882404 0.968750 0.997209 0.976841 0.991329 0.993613 0.993698 0.964466 0.807696 0.906319 0.942727 0.877824 0.949122 0.995628 0.876365 0.847017 0.932304 0.897237 0.879269 0.918301 0.983604 0.856298 0.800254 0.887238 0.928786 0.993806 0.885779 0.874672 0.910594 0.891178 0.953925 0.975796 0.962044 0.888203 0.919606 0.992515 0.901115 0.941818 0.976263 0.948437 0.914056 0.971085 0.923831 0.924516 0.982786 0.906499 0.847323 0.923455 0.944081 0.839265 0.927340 0.995931 0.961978 0.993298 0.999584 0.852062 0.855772 0.812914 0.816460 0.978861
0.766249 0.865645 0.877559 0.994553 0.843115 0.817775 0.811871 0.833646 0.791817 0.770243 0.816240 0.784191 0.722755 0.964124 0.913101 0.946983 0.735831 0.778922 0.702901 0.801786 0.975473 0.970513 0.923082 0.772197 0.711541 0.824479 0.933483 0.917460 0.726211 0.903134 0.721646 0.831114 0.971678 0.933268 0.915385 0.944529 0.886095 0.000000 0.973400 0.975991 0.999513 0.837663 0.798543 0.800330 0.721729 0.740400 0.907245 0.856137 0.734538 0.772420 0.652521 0.750098 0.877611 0.806172 0.965877 0.988905 0.906806 0.774311 0.846415 0.889980 0.677262 0.754588 0.766932 0.744907 0.965707 0.948493 0.866572 0.779509 0.771817 0.920909 0.796937 0.795506 0.916597 0.892327 0.925961 0.998813 0.882569 0.978813 0.974097 0.955893 0.844443 0.891088 0.870109 0.997191 0.987025 0.953651 0.992479 0.867843 0.806123 0.821544 0.996693 0.889379 0.909181 0.819203 0.848266 0.981999 0.963557 0.929477 0.949118 0.993213 0.927856 0.899071 0.998163 0.945845 0.978501 0.952429 0.980584 0.866930 0.998436 0.967386 0.993679 0.982892 0.924037 0.936186 0.987976 0.908334
