0.000000 0.323001 0.695608 0.678879 0.837959 0.607233 0.354890 0.369760 0.541681 0.553885 0.362370 0.270836 0.367623 0.415120 0.608780 0.652947 0.391926 0.394703 0.399770 0.426332 0.990859 0.885145 0.797860 0.986873 0.823347 0.985255 0.814343 0.876535 0.432593 0.487991 0.896363 0.952513 0.416387 0.345849 0.653722 0.991975 0.840605 0.976096 0.796536 0.977485 0.855625 0.821634 0.610461 0.591283 0.583985 0.562991 0.563184 0.559019 0.867088 0.800167 0.657286 0.587620 0.796791 0.890342 0.782041 0.755174 0.376163 0.350555 0.248970 0.290889 0.252260 0.334271 0.392820 0.349507 0.757642 0.601416 0.472116 0.491044 0.538372 0.650853 0.638120 0.736254 0.837802 0.836122 0.901828 0.903969 0.605594 0.806619 0.555810 0.805259 0.389039 0.619665 0.855381 0.713746 0.639549 0.782385 0.953731 0.829038 0.601369 0.635001 0.644049 0.726686 0.719560 0.719680 0.776894 0.810798 0.546489 0.690702 0.420341 0.414471 0.608945 0.661950 0.533123 0.607563 0.492485 0.496961 0.818675 0.591450 0.663914 0.689852 0.675664 0.648029 0.657956 0.866152 0.613809 0.944557
0.323001 0.000000 0.624254 0.526484 0.951497 0.644836 0.378588 0.324132 0.665441 0.705550 0.599743 0.405323 0.621382 0.533894 0.825302 0.746530 0.470293 0.474200 0.381481 0.302304 0.828601 0.833244 0.722238 0.784111 0.920997 0.783149 0.937591 0.891521 0.554384 0.631678 0.685058 0.746725 0.346358 0.315087 0.571396 0.815769 0.746856 0.855049 0.980963 0.866843 0.692038 0.884497 0.403499 0.396529 0.506147 0.511428 0.486098 0.491467 0.864034 0.721436 0.567958 0.524135 0.761394 0.827418 0.694812 0.728668 0.328171 0.299522 0.428127 0.355452 0.398285 0.297832 0.627496 0.559809 0.651862 0.425352 0.349014 0.339764 0.475479 0.483727 0.571972 0.642505 0.595051 0.622466 0.774888 0.749340 0.636416 0.702026 0.620658 0.743614 0.426825 0.536736 0.764166 0.740324 0.583302 0.559714 0.956844 0.912974 0.611539 0.561175 0.612981 0.819441 0.663388 0.805902 0.726579 0.845219 0.491452 0.707407 0.436263 0.447481 0.606769 0.672134 0.549549 0.743787 0.430410 0.483961 0.891662 0.577658 0.666332 0.676299 0.638435 0.636571 0.691424 0.724213 0.568756 0.977456
0.695608 0.624254 0.000000 0.212222 0.920024 0.864228 0.394405 0.511295 0.613491 0.998017 0.994492 0.815491 0.770457 0.759809 0.708972 0.630735 0.992858 0.999172 0.610233 0.593172 0.502725 0.833374 0.325175 0.437066 0.392711 0.306992 0.868877 0.881532 0.996538 0.952127 0.391068 0.574054 0.498958 0.486248 0.505213 0.776060 0.456253 0.606007 0.855818 0.722063 0.802277 0.980664 0.464774 0.629733 0.802162 0.890915 0.460940 0.500173 0.808573 0.951605 0.740809 0.763077 0.853271 0.807320 0.668134 0.724388 0.958974 0.891621 0.699058 0.717680 0.592778 0.582060 0.953334 0.957825 0.224140 0.349267 0.380631 0.417423 0.593921 0.788046 0.441007 0.457786 0.548473 0.619919 0.806457 0.998129 0.584994 0.518401 0.978760 0.734147 0.821837 0.696037 0.721429 0.857737 0.378320 0.376811 0.866236 0.921351 0.582447 0.596927 0.652353 0.766549 0.653023 0.669058 0.618661 0.813353 0.647095 0.926412 0.749524 0.703901 0.828924 0.967973 0.888816 0.959268 0.615536 0.488858 0.734318 0.825033 0.786225 0.825800 0.744055 0.892597 0.872526 0.907733 0.776126 0.897854
0.678879 0.526484 0.212222 0.000000 0.970510 0.765887 0.379731 0.446798 0.653286 0.992136 0.995879 0.732334 0.848246 0.729039 0.814928 0.678872 0.944774 0.975947 0.587311 0.502922 0.468851 0.813980 0.366509 0.390085 0.401572 0.302921 0.889659 0.908753 0.977847 0.975611 0.408294 0.555334 0.466407 0.457473 0.494793 0.719641 0.500307 0.578417 0.807883 0.681220 0.741443 0.935456 0.417926 0.549316 0.778706 0.885361 0.400327 0.464286 0.811357 0.961478 0.705732 0.747923 0.860976 0.814123 0.707041 0.711546 0.873893 0.847906 0.674542 0.639905 0.594027 0.487277 0.918270 0.943674 0.243802 0.246679 0.308170 0.315416 0.602702 0.742113 0.393423 0.392929 0.491646 0.563611 0.695099 0.839589 0.593410 0.498967 0.997602 0.668966 0.823117 0.711156 0.718283 0.854811 0.391704 0.342146 0.806365 0.990669 0.589979 0.585989 0.591132 0.776178 0.600485 0.674177 0.641444 0.751142 0.583208 0.825960 0.691816 0.665860 0.732313 0.918411 0.843812 0.979926 0.548899 0.488805 0.765996 0.783859 0.722266 0.794125 0.696684 0.850017 0.872120 0.858323 0.683620 0.869356
0.837959 0.951497 0.920024 0.970510 0.000000 0.921964 0.924181 0.986634 0.799234 0.767587 0.864590 0.861853 0.678253 0.815931 0.645699 0.835717 0.773254 0.828222 0.765271 0.995204 0.936161 0.772035 0.864635 0.892924 0.934428 0.839131 0.768373 0.936805 0.840936 0.819155 0.948339 0.812456 0.879373 0.887202 0.854790 0.962016 0.951004 0.948936 0.968798 0.793491 0.885051 0.999662 0.955169 0.931133 0.974567 0.977348 0.982293 0.959078 0.952482 0.849436 0.959351 0.915345 0.946194 0.841861 0.948822 0.987786 0.831550 0.716172 0.739914 0.931875 0.793088 0.981707 0.642459 0.740507 0.872170 0.956738 0.951558 0.996175 0.989003 0.919441 0.950484 0.958756 0.863685 0.781425 0.845848 0.812059 0.998150 0.955050 0.926489 0.968832 0.766622 0.954261 0.872042 0.710134 0.793052 0.984863 0.983125 0.769202 0.721497 0.977078 0.952680 0.943128 0.940163 0.926319 0.928169 0.922540 0.938875 0.907699 0.928080 0.952575 0.869469 0.923610 0.831595 0.974271 0.961682 0.812888 0.916311 0.947750 0.951643 0.976088 0.910872 0.987034 0.967413 0.914945 0.919033 0.973868
0.607233 0.644836 0.864228 0.765887 0.921964 0.000000 0.559781 0.495342 0.642626 0.638319 0.704016 0.632170 0.884865 0.904829 0.971311 0.992549 0.794347 0.771583 0.776529 0.692484 0.989783 0.793427 0.921367 0.889793 0.845755 0.966028 0.698087 0.881831 0.800714 0.941776 0.984214 0.947679 0.723052 0.670406 0.838329 0.946742 0.988077 0.975752 0.836466 0.976362 0.815927 0.939599 0.670178 0.608438 0.707191 0.711325 0.675436 0.709391 0.907465 0.797404 0.687321 0.659106 0.787324 0.776550 0.827341 0.725685 0.759102 0.765433 0.626473 0.517751 0.649684 0.527241 0.890414 0.840226 0.968101 0.679143 0.622791 0.587043 0.734919 0.641043 0.749796 0.736914 0.813068 0.853692 0.880311 0.860667 0.749233 0.853764 0.943634 0.877771 0.830516 0.892807 0.866124 0.985884 0.982348 0.969166 0.931145 0.941928 0.835626 0.942520 0.562180 0.655152 0.588342 0.669740 0.922265 0.856475 0.676311 0.752005 0.544141 0.612750 0.659481 0.701324 0.706160 0.669199 0.735372 0.752842 0.827462 0.713965 0.896792 0.828314 0.696703 0.650039 0.714953 0.842302 0.533195 0.881239
0.354890 0.378588 0.394405 0.379731 0.924181 0.559781 0.000000 0.204815 0.322090 0.520645 0.560469 0.430549 0.592944 0.662119 0.702425 0.685184 0.574468 0.602863 0.471726 0.444864 0.768053 0.800081 0.651090 0.835104 0.857516 0.668881 0.817915 0.878861 0.602560 0.647906 0.649534 0.829033 0.420746 0.316043 0.468159 0.880286 0.723480 0.774116 0.901432 0.829727 0.699329 0.849481 0.376200 0.380752 0.476309 0.516734 0.457535 0.449796 0.863762 0.715268 0.459491 0.436952 0.562453 0.582485 0.627793 0.644348 0.660693 0.583384 0.343037 0.410957 0.349350 0.333573 0.688089 0.615261 0.553009 0.454019 0.257927 0.337959 0.521113 0.633963 0.371385 0.473568 0.584091 0.649628 0.789479 0.960576 0.423628 0.607416 0.704923 0.822443 0.529375 0.688812 0.844196 0.806104 0.617777 0.676910 0.980351 0.828435 0.580830 0.616322 0.359297 0.494994 0.414804 0.454462 0.595219 0.756029 0.353351 0.614506 0.328508 0.360659 0.563459 0.606090 0.557037 0.655602 0.413910 0.346241 0.664052 0.544074 0.625736 0.666357 0.534157 0.627054 0.613814 0.741972 0.520534 0.857002
0.369760 0.324132 0.511295 0.446798 0.986634 0.495342 0.204815 0.000000 0.425346 0.498505 0.541452 0.371537 0.652848 0.630834 0.838390 0.829234 0.593702 0.609701 0.518105 0.422182 0.819429 0.810184 0.774905 0.897872 0.935470 0.729823 0.728924 0.822514 0.584691 0.684839 0.682830 0.812816 0.421152 0.327175 0.500089 0.880925 0.850809 0.849127 0.901147 0.826736 0.661657 0.835274 0.379920 0.380825 0.565639 0.579958 0.503806 0.533590 0.932420 0.776421 0.542453 0.510718 0.671930 0.691820 0.741915 0.668452 0.580051 0.539874 0.374244 0.352490 0.345908 0.235183 0.703551 0.606447 0.650314 0.403615 0.272584 0.287627 0.573357 0.568788 0.422163 0.459461 0.624525 0.615970 0.805433 0.821012 0.527505 0.696335 0.771763 0.840101 0.570127 0.732623 0.903121 0.909884 0.702797 0.729788 0.947114 0.778462 0.599945 0.670508 0.361264 0.570597 0.402937 0.528438 0.663967 0.731021 0.361061 0.574387 0.330792 0.364748 0.458164 0.576225 0.562108 0.682941 0.392125 0.356109 0.641004 0.533513 0.635743 0.602200 0.480144 0.581908 0.560214 0.775374 0.460094 0.860879
0.541681 0.665441 0.613491 0.653286 0.799234 0.642626 0.322090 0.425346 0.000000 0.448567 0.514786 0.567605 0.630656 0.803958 0.702557 0.741745 0.641043 0.678447 0.707118 0.680131 0.925352 0.931944 0.816605 0.935581 0.937492 0.905535 0.772638 0.803971 0.599244 0.668594 0.855696 0.980436 0.622226 0.526728 0.705677 0.952841 0.871470 0.925790 0.793560 0.955574 0.764175 0.762551 0.647805 0.608811 0.589341 0.622613 0.756482 0.748338 0.823535 0.853085 0.600444 0.609162 0.608483 0.660790 0.631622 0.707118 0.891192 0.720132 0.418656 0.575834 0.468387 0.551485 0.658853 0.608687 0.778160 0.781674 0.530818 0.604821 0.711715 0.764381 0.511685 0.650884 0.789659 0.844548 0.898715 0.950464 0.545874 0.753751 0.701646 0.962037 0.651674 0.834679 0.935732 0.776587 0.858068 0.982572 0.907220 0.878381 0.608689 0.826226 0.519189 0.476966 0.523510 0.466606 0.759357 0.981778 0.494771 0.706391 0.454532 0.471841 0.620370 0.677332 0.668390 0.678037 0.582626 0.487184 0.737051 0.598179 0.715794 0.799994 0.648881 0.712276 0.650337 0.783457 0.639781 0.837433
0.553885 0.705550 0.998017 0.992136 0.767587 0.638319 0.520645 0.498505 0.448567 0.000000 0.455337 0.525191 0.702624 0.897851 0.781175 0.924237 0.497682 0.492136 0.718315 0.759436 0.792525 0.942722 0.800459 0.508812 0.600031 0.725140 0.683402 0.813327 0.451014 0.580968 0.824168 0.698068 0.822680 0.671162 0.792420 0.932923 0.846197 0.906902 0.743611 0.988090 0.801712 0.721464 0.790576 0.686128 0.594071 0.573467 0.895758 0.907107 0.693911 0.803624 0.603465 0.595387 0.671461 0.716254 0.918442 0.793439 0.738402 0.637616 0.459766 0.655935 0.630997 0.655382 0.533611 0.458339 0.823877 0.953303 0.690040 0.814358 0.824053 0.796255 0.594054 0.776186 0.955998 0.913588 0.954568 0.960739 0.604029 0.904595 0.811531 0.829471 0.586565 0.905842 0.940984 0.844769 0.847795 0.671307 0.817103 0.653277 0.801863 0.933982 0.471168 0.467081 0.496849 0.482885 0.890859 0.839927 0.526029 0.603922 0.375428 0.472337 0.587786 0.550846 0.443892 0.506635 0.654222 0.646672 0.802876 0.559651 0.805524 0.738756 0.643309 0.656480 0.461341 0.743552 0.706588 0.821742
0.362370 0.599743 0.994492 0.995879 0.864590 0.704016 0.560469 0.541452 0.514786 0.455337 0.000000 0.297449 0.430985 0.513860 0.757870 0.807865 0.404405 0.399832 0.620950 0.634077 0.741254 0.989567 0.878636 0.729406 0.560894 0.703636 0.665563 0.707604 0.342507 0.392488 0.891021 0.882035 0.635571 0.547003 0.901834 0.823761 0.852147 0.847497 0.837316 0.981673 0.994808 0.768555 0.990140 0.821925 0.696096 0.648285 0.906332 0.873789 0.787202 0.879485 0.837499 0.816114 0.866091 0.983595 0.834473 0.879910 0.604360 0.513868 0.418788 0.478514 0.363002 0.455868 0.311438 0.256801 0.909955 0.923628 0.775453 0.793031 0.793775 0.792866 0.899944 0.991559 0.882094 0.923546 0.904438 0.995880 0.845718 0.898498 0.560320 0.933334 0.429721 0.684582 0.994656 0.697297 0.952902 0.892517 0.819898 0.834600 0.760392 0.842773 0.851017 0.849557 0.894420 0.874314 0.898411 0.920396 0.714795 0.755726 0.589344 0.608361 0.671631 0.753707 0.675735 0.705717 0.672842 0.728895 0.850720 0.763828 0.763934 0.756922 0.719133 0.795564 0.742239 0.982474 0.721971 0.890274
0.270836 0.405323 0.815491 0.732334 0.861853 0.632170 0.430549 0.371537 0.567605 0.525191 0.297449 0.000000 0.376251 0.384681 0.694860 0.690270 0.397386 0.388777 0.493672 0.436206 0.977166 0.919329 0.901424 0.971962 0.747065 0.909949 0.809133 0.807643 0.369718 0.396732 0.972460 0.998299 0.465159 0.387454 0.751514 0.970673 0.969683 0.974489 0.861183 0.877131 0.858667 0.870347 0.762546 0.676386 0.666212 0.666337 0.681520 0.659654 0.895194 0.929535 0.801012 0.744920 0.900330 0.981986 0.860427 0.835008 0.447788 0.431485 0.319716 0.360126 0.277927 0.277456 0.379993 0.301326 0.844516 0.596719 0.533509 0.520276 0.750996 0.683383 0.713662 0.805730 0.959061 0.872632 0.812713 0.891317 0.668357 0.887395 0.619264 0.814159 0.408419 0.635267 0.855025 0.712394 0.742952 0.844391 0.934853 0.849161 0.629833 0.726492 0.693776 0.833189 0.766500 0.792594 0.792171 0.851151 0.604769 0.719161 0.477673 0.506638 0.587728 0.728185 0.593642 0.667920 0.531174 0.556546 0.830009 0.722063 0.726797 0.754755 0.675677 0.634239 0.713172 0.965332 0.659722 0.958124
0.367623 0.621382 0.770457 0.848246 0.678253 0.884865 0.592944 0.652848 0.630656 0.702624 0.430985 0.376251 0.000000 0.360916 0.423581 0.466404 0.588346 0.573312 0.536815 0.661876 0.970365 0.938935 0.699012 0.958768 0.761773 0.880689 0.928577 0.890470 0.502043 0.484898 0.993106 0.911416 0.584266 0.599856 0.938721 0.822467 0.960540 0.916111 0.823664 0.970878 0.906419 0.950138 0.916367 0.936961 0.891922 0.834385 0.776951 0.737094 0.978648 0.901619 0.970245 0.921175 0.952509 0.839215 0.933141 0.982097 0.603609 0.531145 0.385367 0.509913 0.314504 0.539881 0.365409 0.407518 0.745584 0.765798 0.796306 0.821281 0.851377 0.854021 0.886033 0.996094 0.888315 0.824648 0.895508 0.884156 0.789799 0.916717 0.687113 0.793468 0.570016 0.744861 0.879063 0.757234 0.631721 0.869698 0.936972 0.796807 0.763151 0.860942 0.931584 0.889276 0.957971 0.891680 0.894933 0.970644 0.825623 0.922624 0.722731 0.652726 0.869464 0.831822 0.787059 0.810088 0.712905 0.556457 0.922518 0.844360 0.855080 0.880632 0.851365 0.743617 0.848894 0.983279 0.791055 0.939545
0.415120 0.533894 0.759809 0.729039 0.815931 0.904829 0.662119 0.630834 0.803958 0.897851 0.513860 0.384681 0.360916 0.000000 0.615847 0.561326 0.632390 0.612576 0.510128 0.610441 0.917027 0.988838 0.606247 0.753942 0.959306 0.974007 0.981037 0.953705 0.591970 0.471765 0.763972 0.840755 0.399727 0.490979 0.765603 0.986807 0.794169 0.888504 0.983285 0.812572 0.934342 0.988039 0.923659 0.925460 0.995233 0.998511 0.807335 0.808175 0.748055 0.763301 0.906514 0.961421 0.829856 0.715451 0.989391 0.942620 0.468695 0.511901 0.449974 0.423416 0.334420 0.444754 0.442119 0.463954 0.719759 0.575613 0.675199 0.591351 0.886202 0.758467 0.874372 0.804686 0.998637 0.964559 0.816088 0.923312 0.925101 0.851435 0.723968 0.691813 0.601435 0.814535 0.694555 0.781419 0.527104 0.643973 0.825262 0.929192 0.681473 0.667238 0.957145 0.822714 0.897866 0.896932 0.907934 0.847777 0.842785 0.902261 0.835506 0.809888 0.772668 0.937943 0.925689 0.984107 0.689080 0.692304 0.947049 0.915660 0.790718 0.778597 0.838305 0.858508 0.982303 0.859540 0.782048 0.959693
0.608780 0.825302 0.708972 0.814928 0.645699 0.971311 0.702425 0.838390 0.702557 0.781175 0.757870 0.694860 0.423581 0.615847 0.000000 0.428552 0.764585 0.752114 0.663343 0.834942 0.762085 0.947430 0.551717 0.902516 0.994401 0.967451 0.884439 0.914973 0.690617 0.689046 0.827809 0.958452 0.656583 0.706374 0.820880 0.991135 0.772595 0.949564 0.842771 0.984538 0.942652 0.994573 0.933980 0.949768 0.854932 0.874565 0.781006 0.737357 0.956668 0.931510 0.898492 0.834268 0.884116 0.957747 0.841573 0.813325 0.819503 0.744253 0.498941 0.704146 0.528495 0.798011 0.586419 0.632885 0.704229 0.894185 0.784757 0.891697 0.840458 0.816207 0.758607 0.820614 0.963627 0.958816 0.882448 0.862597 0.818239 0.904592 0.818865 0.959998 0.780211 0.909551 0.665278 0.771356 0.595920 0.856001 0.778872 0.914835 0.734933 0.820998 0.891310 0.833362 0.986026 0.794666 0.863535 0.940986 0.816434 0.925413 0.782111 0.730847 0.999379 0.927220 0.858170 0.856972 0.771741 0.588903 0.861399 0.761783 0.932106 0.933461 0.839278 0.786242 0.892138 0.876883 0.876457 0.921242
0.652947 0.746530 0.630735 0.678872 0.835717 0.992549 0.685184 0.829234 0.741745 0.924237 0.807865 0.690270 0.466404 0.561326 0.428552 0.000000 0.817177 0.729672 0.597658 0.704220 0.727732 0.988194 0.442377 0.654917 0.872773 0.798708 0.820106 0.924876 0.698765 0.686375 0.733141 0.862844 0.616834 0.665171 0.851481 0.929178 0.623029 0.840976 0.847631 0.883892 0.990774 0.895195 0.830381 0.888325 0.846127 0.845984 0.603745 0.664269 0.948551 0.968719 0.920608 0.837098 0.976255 0.973461 0.750891 0.906455 0.792113 0.768979 0.624492 0.767768 0.593025 0.750920 0.730282 0.754095 0.600216 0.715867 0.778798 0.814665 0.843061 0.906627 0.724843 0.780813 0.927130 0.874707 0.840781 0.979465 0.790474 0.757741 0.717740 0.730922 0.745115 0.761990 0.648332 0.719508 0.492360 0.636172 0.823058 0.911953 0.762717 0.826107 0.900350 0.891443 0.998365 0.829702 0.682982 0.967275 0.827844 0.841672 0.849626 0.780967 0.991406 0.957686 0.892793 0.944104 0.707669 0.699516 0.970435 0.899440 0.888678 0.993533 0.996521 0.797598 0.986903 0.929615 0.881935 0.964488
0.391926 0.470293 0.992858 0.944774 0.773254 0.794347 0.574468 0.593702 0.641043 0.497682 0.404405 0.397386 0.588346 0.632390 0.764585 0.817177 0.000000 0.232913 0.456077 0.476632 0.828223 0.918624 0.957058 0.837038 0.727950 0.789331 0.899524 0.863317 0.316548 0.378473 0.992064 0.922215 0.572078 0.533672 0.741911 0.996171 0.944632 0.999261 0.893440 0.957950 0.792850 0.802738 0.818970 0.675782 0.472524 0.431217 0.795668 0.745726 0.618994 0.658434 0.603159 0.621330 0.696210 0.830105 0.721471 0.773637 0.385786 0.304816 0.454422 0.573983 0.530020 0.583451 0.339267 0.293423 0.947752 0.936457 0.693159 0.727629 0.609495 0.722045 0.775223 0.998659 0.869629 0.835761 0.932698 0.862862 0.772481 0.939010 0.546137 0.900072 0.274249 0.534673 0.740290 0.526500 0.828596 0.971986 0.891988 0.926551 0.731404 0.687670 0.804337 0.860898 0.883181 0.881600 0.798509 0.994148 0.570287 0.728800 0.517467 0.615540 0.731825 0.806815 0.511895 0.555758 0.684668 0.741134 0.998874 0.762465 0.719814 0.745287 0.783109 0.706856 0.762766 0.768992 0.806203 0.973256
0.394703 0.474200 0.999172 0.975947 0.828222 0.771583 0.602863 0.609701 0.678447 0.492136 0.399832 0.388777 0.573312 0.612576 0.752114 0.729672 0.232913 0.000000 0.483466 0.476426 0.906402 0.870377 0.942395 0.804893 0.726050 0.814613 0.927272 0.912391 0.265610 0.303818 0.994838 0.962843 0.569213 0.525241 0.805946 0.961681 0.884848 0.930350 0.843554 0.910017 0.845113 0.767724 0.864130 0.717504 0.498649 0.460782 0.786164 0.796071 0.631461 0.686887 0.619793 0.642779 0.764483 0.869075 0.723237 0.818957 0.374837 0.318764 0.460824 0.609836 0.542623 0.575839 0.347739 0.265990 0.926017 0.933005 0.705930 0.732846 0.592034 0.699109 0.782787 0.970152 0.878603 0.786788 0.979647 0.875589 0.794843 0.913426 0.524844 0.898311 0.234834 0.469328 0.775829 0.547326 0.853329 0.947057 0.863947 0.900224 0.713368 0.765072 0.814509 0.869012 0.880531 0.889588 0.789870 0.943346 0.616392 0.757284 0.525589 0.610260 0.725277 0.832566 0.489704 0.521317 0.629462 0.784887 0.942560 0.796346 0.804813 0.746028 0.780220 0.706569 0.736260 0.801234 0.811315 0.951006
0.399770 0.381481 0.610233 0.587311 0.765271 0.776529 0.471726 0.518105 0.707118 0.718315 0.620950 0.493672 0.536815 0.510128 0.663343 0.597658 0.456077 0.483466 0.000000 0.425750 0.908869 0.909146 0.607220 0.785168 0.948080 0.863795 0.999908 0.977532 0.554982 0.618837 0.748964 0.896154 0.397959 0.398000 0.572589 0.870619 0.728842 0.910350 0.972156 0.898845 0.858024 0.962993 0.591062 0.576908 0.513957 0.504570 0.498932 0.495962 0.760009 0.728293 0.597927 0.596757 0.749525 0.815043 0.654084 0.727963 0.465103 0.376780 0.450544 0.492975 0.445252 0.492741 0.549007 0.565142 0.599544 0.598008 0.541845 0.529727 0.515318 0.647116 0.621131 0.767864 0.793759 0.776343 0.796320 0.820880 0.662668 0.646396 0.697294 0.731697 0.470550 0.579208 0.672642 0.643483 0.496724 0.634298 0.969668 0.939130 0.645965 0.608303 0.726313 0.850645 0.826932 0.826180 0.741383 0.792637 0.549483 0.825876 0.545552 0.551329 0.819824 0.911538 0.632365 0.771756 0.657027 0.567321 0.881601 0.703144 0.658748 0.714440 0.714736 0.680622 0.741739 0.855437 0.829996 0.965050
0.426332 0.302304 0.593172 0.502922 0.995204 0.692484 0.444864 0.422182 0.680131 0.759436 0.634077 0.436206 0.661876 0.610441 0.834942 0.704220 0.476632 0.476426 0.425750 0.000000 0.727304 0.846942 0.684659 0.694468 0.835169 0.738863 0.973639 0.943057 0.550960 0.624914 0.679132 0.650785 0.386383 0.381482 0.638402 0.846465 0.733594 0.845830 0.990756 0.816008 0.712701 0.910674 0.517531 0.504122 0.606711 0.606443 0.519785 0.490219 0.943705 0.769831 0.693615 0.664842 0.866521 0.875683 0.660435 0.686176 0.455518 0.433400 0.531924 0.460912 0.493286 0.373804 0.672021 0.612259 0.616949 0.446351 0.451109 0.410339 0.496257 0.572222 0.593521 0.695073 0.646181 0.583139 0.722202 0.661710 0.716518 0.766349 0.664747 0.719214 0.418624 0.446068 0.689564 0.693919 0.546846 0.554849 0.875774 0.999288 0.675265 0.559681 0.697797 0.876688 0.731372 0.845411 0.673899 0.990031 0.549700 0.774566 0.578034 0.535215 0.691522 0.781309 0.574936 0.819720 0.461503 0.598591 0.813288 0.756545 0.795199 0.804696 0.773443 0.747189 0.723861 0.767461 0.626632 0.931157
0.990859 0.828601 0.502725 0.468851 0.936161 0.989783 0.768053 0.819429 0.925352 0.792525 0.741254 0.977166 0.970365 0.917027 0.762085 0.727732 0.828223 0.906402 0.908869 0.727304 0.000000 0.747188 0.464580 0.471781 0.422645 0.401818 0.667103 0.836616 0.838771 0.969187 0.483810 0.572385 0.681313 0.737162 0.751928 0.754249 0.612145 0.611622 0.882976 0.794893 0.730795 0.805306 0.697836 0.824180 0.977544 0.886334 0.694396 0.790407 0.676361 0.866422 0.935987 0.972974 0.987870 0.895291 0.917921 0.905253 0.981027 0.933193 0.951239 0.924236 0.908854 0.825233 0.767754 0.780875 0.483189 0.520465 0.589601 0.608514 0.812687 0.872074 0.630010 0.554368 0.626444 0.649134 0.727749 0.858218 0.873356 0.711723 0.874011 0.759751 0.967924 0.903218 0.622402 0.976987 0.574369 0.494161 0.627344 0.935466 0.842214 0.800691 0.777395 0.963662 0.837875 0.825522 0.737181 0.936492 0.876402 0.943119 0.975754 0.935791 0.954563 0.965989 0.886309 0.794097 0.702442 0.715710 0.821894 0.995854 0.859838 0.981496 0.960567 0.969064 0.983027 0.896914 0.765681 0.966271
0.885145 0.833244 0.833374 0.813980 0.772035 0.793427 0.800081 0.810184 0.931944 0.942722 0.989567 0.919329 0.938935 0.988838 0.947430 0.988194 0.918624 0.870377 0.909146 0.846942 0.747188 0.000000 0.899651 0.924692 0.852022 0.876618 0.929033 0.909705 0.900018 0.936852 0.823365 0.998078 0.835161 0.824666 0.770933 0.905244 0.846673 0.864979 0.992915 0.930514 0.807334 0.756435 0.886769 0.890011 0.740277 0.885125 0.938731 0.819063 0.924833 0.819780 0.788494 0.801878 0.815617 0.749599 0.939747 0.736386 0.885306 0.949730 0.947131 0.865865 0.901576 0.870790 0.949093 0.902014 0.920899 0.923057 0.743019 0.785346 0.779479 0.871237 0.770853 0.791198 0.893126 0.721862 0.768624 0.963713 0.759015 0.762025 0.851162 0.985771 0.853454 0.870560 0.903489 0.884963 0.955833 0.828415 0.900732 0.948342 0.960761 0.698726 0.762971 0.859183 0.757999 0.883188 0.725827 0.857046 0.876121 0.937726 0.755433 0.839803 0.850531 0.962072 0.805910 0.833017 0.840205 0.822991 0.915111 0.950652 0.958166 0.801481 0.819206 0.853945 0.948548 0.854868 0.812900 0.915620
0.797860 0.722238 0.325175 0.366509 0.864635 0.921367 0.651090 0.774905 0.816605 0.800459 0.878636 0.901424 0.699012 0.606247 0.551717 0.442377 0.957058 0.942395 0.607220 0.684659 0.464580 0.899651 0.000000 0.295827 0.403972 0.420130 0.705155 0.825894 0.957021 0.924855 0.366482 0.505532 0.467524 0.577765 0.622589 0.804484 0.452954 0.653153 0.882909 0.740358 0.867759 0.844454 0.659382 0.845828 0.996579 0.946508 0.576064 0.620947 0.671734 0.806855 0.981249 0.973004 0.945566 0.951180 0.788341 0.850578 0.902281 0.895819 0.776196 0.798285 0.633945 0.718524 0.980675 0.949372 0.264642 0.452557 0.591556 0.593834 0.780981 0.850795 0.632092 0.568054 0.690550 0.731257 0.694210 0.923377 0.795228 0.534868 0.989611 0.702223 0.899399 0.831806 0.547302 0.846692 0.256449 0.330417 0.715183 0.908801 0.667045 0.592062 0.946578 0.949112 0.971166 0.944635 0.703465 0.836946 0.845322 0.967791 0.966443 0.888668 0.961321 0.836192 0.918520 0.772432 0.702037 0.603646 0.940275 0.935631 0.965446 0.963401 0.929502 0.999563 0.939502 0.959425 0.914825 0.869531
0.986873 0.784111 0.437066 0.390085 0.892924 0.889793 0.835104 0.897872 0.935581 0.508812 0.729406 0.971962 0.958768 0.753942 0.902516 0.654917 0.837038 0.804893 0.785168 0.694468 0.471781 0.924692 0.295827 0.000000 0.328499 0.365793 0.666796 0.820157 0.762150 0.899038 0.395145 0.398532 0.619724 0.753591 0.694033 0.773872 0.533334 0.645487 0.776255 0.801898 0.924764 0.787092 0.697404 0.859594 0.927182 0.872575 0.629575 0.643767 0.659853 0.881788 0.957978 0.935747 0.876312 0.911834 0.780853 0.880128 0.964053 0.981275 0.951581 0.949866 0.840087 0.789950 0.796529 0.747381 0.326158 0.429935 0.708689 0.632360 0.810638 0.899232 0.827248 0.727104 0.696079 0.711784 0.732895 0.820590 0.963486 0.692036 0.959234 0.618137 0.980614 0.787389 0.624439 0.922917 0.349265 0.265519 0.677678 0.737923 0.825495 0.577600 0.896886 0.756554 0.876429 0.837617 0.739841 0.932719 0.941137 0.888434 0.820605 0.936224 0.883217 0.712704 0.772530 0.633105 0.858808 0.797628 0.926588 0.871606 0.989475 0.934502 0.969029 0.853295 0.774086 0.958598 0.949133 0.991708
0.823347 0.920997 0.392711 0.401572 0.934428 0.845755 0.857516 0.935470 0.937492 0.600031 0.560894 0.747065 0.761773 0.959306 0.994401 0.872773 0.727950 0.726050 0.948080 0.835169 0.422645 0.852022 0.403972 0.328499 0.000000 0.236040 0.638565 0.771504 0.676429 0.827868 0.309602 0.414421 0.710550 0.801511 0.650273 0.684460 0.423851 0.452188 0.643116 0.697882 0.837706 0.847568 0.685005 0.871865 0.962652 0.833065 0.671627 0.781360 0.692092 0.906185 0.926389 0.927254 0.914225 0.969744 0.803518 0.840774 0.860044 0.826966 0.806594 0.837730 0.928016 0.965930 0.619147 0.603415 0.373641 0.524036 0.662820 0.655245 0.808948 0.947857 0.687464 0.605462 0.515039 0.579046 0.788104 0.906390 0.873562 0.593617 0.808903 0.765394 0.925391 0.810220 0.633166 0.937819 0.477133 0.332541 0.812953 0.859901 0.825468 0.660627 0.994845 0.863798 0.909597 0.956825 0.765068 0.820021 0.920660 0.898450 0.860065 0.887235 0.905909 0.740322 0.850809 0.690366 0.889407 0.890284 0.898111 0.913965 0.959671 0.973748 0.959628 0.793693 0.783516 0.964359 0.990736 0.952204
0.985255 0.783149 0.306992 0.302921 0.839131 0.966028 0.668881 0.729823 0.905535 0.725140 0.703636 0.909949 0.880689 0.974007 0.967451 0.798708 0.789331 0.814613 0.863795 0.738863 0.401818 0.876618 0.420130 0.365793 0.236040 0.000000 0.788494 0.831395 0.772217 0.856040 0.304062 0.401308 0.633181 0.706384 0.674163 0.620627 0.403194 0.458335 0.718354 0.706205 0.769242 0.886786 0.532682 0.730836 0.938948 0.971233 0.536375 0.677044 0.744843 0.980695 0.783860 0.894850 0.965322 0.852792 0.719514 0.819660 0.884634 0.881722 0.954479 0.998152 0.907292 0.761993 0.618993 0.653199 0.335173 0.390196 0.525425 0.527511 0.750258 0.888003 0.552086 0.475935 0.442023 0.510237 0.856383 0.863493 0.775035 0.580049 0.831078 0.726928 0.983468 0.806806 0.712523 0.983526 0.484683 0.335855 0.756003 0.905723 0.741681 0.693557 0.775377 0.949489 0.731413 0.834058 0.724218 0.809156 0.788406 0.970721 0.959099 0.933824 0.883382 0.921212 0.941468 0.797190 0.750901 0.720740 0.779474 0.963709 0.907726 0.926590 0.910139 0.971516 0.945257 0.891558 0.870499 0.972901
0.814343 0.937591 0.868877 0.889659 0.768373 0.698087 0.817915 0.728924 0.772638 0.683402 0.665563 0.809133 0.928577 0.981037 0.884439 0.820106 0.899524 0.927272 0.999908 0.973639 0.667103 0.929033 0.705155 0.666796 0.638565 0.788494 0.000000 0.807530 0.766476 0.899223 0.814803 0.867155 0.949011 0.932344 0.994051 0.761497 0.689412 0.799121 0.808319 0.799830 0.943934 0.903049 0.929009 0.797036 0.884881 0.799918 0.962871 0.892920 0.855454 0.875209 0.914385 0.791548 0.809297 0.880744 0.977184 0.907791 0.981402 0.979881 0.855926 0.743880 0.823377 0.780335 0.906736 0.849931 0.735208 0.952424 0.989270 0.989725 0.955289 0.839919 0.994460 0.965470 0.968159 0.918483 0.881781 0.897303 0.964497 0.900360 0.999031 0.936787 0.987734 0.915443 0.749764 0.990395 0.724924 0.733553 0.893693 0.993053 0.988335 0.895369 0.789907 0.814274 0.834785 0.858538 0.852661 0.979881 0.895698 0.818641 0.851109 0.820102 0.661711 0.725678 0.905364 0.879377 0.934871 0.984331 0.805394 0.769578 0.866599 0.836849 0.852233 0.815018 0.776932 0.971010 0.849587 0.969024
0.876535 0.891521 0.881532 0.908753 0.936805 0.881831 0.878861 0.822514 0.803971 0.813327 0.707604 0.807643 0.890470 0.953705 0.914973 0.924876 0.863317 0.912391 0.977532 0.943057 0.836616 0.909705 0.825894 0.820157 0.771504 0.831395 0.807530 0.000000 0.824982 0.810947 0.867962 0.986300 0.978353 0.881304 0.960469 0.988704 0.790217 0.880928 0.941840 0.850975 0.906890 0.942745 0.972246 0.874223 0.899265 0.901256 0.907397 0.877528 0.852917 0.922469 0.912359 0.882098 0.828156 0.922192 0.894192 0.771871 0.989710 0.932308 0.910061 0.999556 0.876266 0.864720 0.860418 0.754229 0.827333 0.934261 0.985461 0.979507 0.898388 0.880504 0.972019 0.893177 0.841155 0.977013 0.936845 0.925737 0.916223 0.921375 0.763038 0.785821 0.945885 0.929324 0.809499 0.993086 0.814042 0.811433 0.871653 0.820526 0.940551 0.783150 0.851741 0.834588 0.866439 0.881729 0.950798 0.914695 0.930967 0.881615 0.795799 0.833486 0.786786 0.761660 0.935127 0.835416 0.901122 0.857341 0.945849 0.754039 0.886779 0.907975 0.925902 0.885448 0.814319 0.994189 0.797781 0.988376
0.432593 0.554384 0.996538 0.977847 0.840936 0.800714 0.602560 0.584691 0.599244 0.451014 0.342507 0.369718 0.502043 0.591970 0.690617 0.698765 0.316548 0.265610 0.554982 0.550960 0.838771 0.900018 0.957021 0.762150 0.676429 0.772217 0.766476 0.824982 0.000000 0.277068 0.995856 0.908890 0.574801 0.573506 0.842472 0.851463 0.995354 0.956512 0.722785 0.980111 0.883071 0.786235 0.885935 0.759586 0.530160 0.467003 0.847871 0.787450 0.621543 0.717653 0.698503 0.671046 0.773613 0.889087 0.749464 0.711728 0.527847 0.452460 0.482608 0.598711 0.479679 0.541705 0.327544 0.258320 0.908191 0.961716 0.776146 0.810798 0.739134 0.743313 0.835580 0.973577 0.907130 0.796486 0.956416 0.913480 0.780065 0.952903 0.488014 0.985758 0.336656 0.560109 0.752228 0.537000 0.879679 0.983203 0.934811 0.936022 0.690581 0.765604 0.832344 0.884335 0.908406 0.886094 0.837751 0.953004 0.656359 0.805270 0.552368 0.586371 0.707239 0.822570 0.570887 0.639723 0.666284 0.765186 0.876084 0.803058 0.826400 0.692812 0.776878 0.718043 0.701220 0.761823 0.783823 0.979482
0.487991 0.631678 0.952127 0.975611 0.819155 0.941776 0.647906 0.684839 0.668594 0.580968 0.392488 0.396732 0.484898 0.471765 0.689046 0.686375 0.378473 0.303818 0.618837 0.624914 0.969187 0.936852 0.924855 0.899038 0.827868 0.856040 0.899223 0.810947 0.277068 0.000000 0.899838 0.957611 0.542007 0.549291 0.845037 0.870478 0.890616 0.846454 0.888757 0.882239 0.906915 0.888765 0.986409 0.872915 0.699203 0.698100 0.928471 0.910839 0.837710 0.941449 0.836286 0.859438 0.925525 0.947872 0.866433 0.909651 0.540200 0.517599 0.530436 0.697227 0.501314 0.580682 0.309053 0.255420 0.964981 0.926499 0.782672 0.807944 0.819834 0.826624 0.875430 0.991637 0.931165 0.860229 0.944703 0.957679 0.799687 0.883113 0.586641 0.891253 0.323863 0.575372 0.666824 0.537533 0.783311 0.897511 0.890220 0.933930 0.742817 0.750533 0.975938 0.939708 0.977196 0.990850 0.892596 0.895684 0.780286 0.902188 0.700164 0.785457 0.771086 0.979890 0.693772 0.773625 0.706093 0.877608 0.950727 0.911070 0.950766 0.816475 0.922756 0.872390 0.913982 0.912111 0.872724 0.910340
0.896363 0.685058 0.391068 0.408294 0.948339 0.984214 0.649534 0.682830 0.855696 0.824168 0.891021 0.972460 0.993106 0.763972 0.827809 0.733141 0.992064 0.994838 0.748964 0.679132 0.483810 0.823365 0.366482 0.395145 0.309602 0.304062 0.814803 0.867962 0.995856 0.899838 0.000000 0.333770 0.423550 0.579310 0.555701 0.741039 0.437684 0.488325 0.806955 0.761091 0.670467 0.988453 0.604878 0.744397 0.868834 0.951097 0.656077 0.755185 0.730267 0.933513 0.805572 0.912388 0.994424 0.930929 0.719946 0.789470 0.888743 0.888660 0.917131 0.879500 0.723085 0.665722 0.924747 0.938262 0.433425 0.455848 0.519200 0.526339 0.662349 0.709979 0.625137 0.488196 0.459735 0.518122 0.733634 0.789783 0.873906 0.642455 0.981420 0.658845 0.831015 0.721031 0.517612 0.894003 0.403170 0.340807 0.787368 0.836184 0.680619 0.545284 0.902140 0.876782 0.875106 0.993111 0.682893 0.814999 0.748580 0.886532 0.952041 0.935367 0.922383 0.907255 0.968980 0.819529 0.710273 0.686850 0.787119 0.924599 0.929091 0.837137 0.907902 0.951733 0.884735 0.872882 0.813187 0.926134
0.952513 0.746725 0.574054 0.555334 0.812456 0.947679 0.829033 0.812816 0.980436 0.698068 0.882035 0.998299 0.911416 0.840755 0.958452 0.862844 0.922215 0.962843 0.896154 0.650785 0.572385 0.998078 0.505532 0.398532 0.414421 0.401308 0.867155 0.986300 0.908890 0.957611 0.333770 0.000000 0.573458 0.678410 0.732416 0.805692 0.595663 0.593802 0.736287 0.857127 0.830962 0.877897 0.723068 0.767307 0.966704 0.957330 0.709387 0.832604 0.700220 0.878139 0.954731 0.970438 0.885015 0.896231 0.792562 0.956197 0.922587 0.972796 0.930354 0.958980 0.843405 0.720370 0.836792 0.876444 0.554132 0.506934 0.687328 0.617850 0.785091 0.880705 0.817982 0.695449 0.577365 0.548649 0.818662 0.738481 0.969552 0.755331 0.932449 0.726175 0.886512 0.750710 0.671682 0.973944 0.528652 0.394222 0.847954 0.845362 0.818262 0.711060 0.944818 0.752155 0.986274 0.862010 0.711134 0.871241 0.918274 0.944063 0.935284 0.956529 0.946506 0.866762 0.892148 0.696074 0.719612 0.879103 0.923308 0.966619 0.840061 0.972952 0.940656 0.845225 0.879923 0.970267 0.884353 0.945436
0.416387 0.346358 0.498958 0.466407 0.879373 0.723052 0.420746 0.421152 0.622226 0.822680 0.635571 0.465159 0.584266 0.399727 0.656583 0.616834 0.572078 0.569213 0.397959 0.386383 0.681313 0.835161 0.467524 0.619724 0.710550 0.633181 0.949011 0.978353 0.574801 0.542007 0.423550 0.573458 0.000000 0.274398 0.488311 0.822768 0.595525 0.728400 0.998362 0.804489 0.663986 0.944592 0.584787 0.626809 0.674272 0.715739 0.565233 0.602859 0.905493 0.969069 0.739496 0.787444 0.931461 0.998474 0.691698 0.679444 0.482918 0.470589 0.460067 0.423125 0.331558 0.336233 0.578166 0.569651 0.511707 0.408081 0.387704 0.362709 0.569438 0.572522 0.575312 0.546139 0.626956 0.609389 0.738232 0.738445 0.747010 0.634314 0.714592 0.695259 0.469358 0.551800 0.550206 0.656608 0.373012 0.417358 0.844644 0.958523 0.533723 0.482926 0.796174 0.961803 0.814876 0.922266 0.716547 0.752938 0.608044 0.820674 0.617666 0.630770 0.727890 0.932955 0.756058 0.886699 0.517298 0.525498 0.821228 0.784909 0.786723 0.681327 0.754618 0.816704 0.846723 0.893263 0.629883 0.950717
0.345849 0.315087 0.486248 0.457473 0.887202 0.670406 0.316043 0.327175 0.526728 0.671162 0.547003 0.387454 0.599856 0.490979 0.706374 0.665171 0.533672 0.525241 0.398000 0.381482 0.737162 0.824666 0.577765 0.753591 0.801511 0.706384 0.932344 0.881304 0.573506 0.549291 0.579310 0.678410 0.274398 0.000000 0.496699 0.797999 0.705961 0.741125 0.989127 0.754649 0.731412 0.866704 0.501536 0.476764 0.597699 0.639600 0.508120 0.554760 0.963833 0.850529 0.642565 0.643474 0.790123 0.837853 0.663352 0.759826 0.512786 0.471775 0.415399 0.425637 0.338252 0.314894 0.598620 0.540415 0.575367 0.425596 0.315018 0.334104 0.526704 0.568993 0.485694 0.536899 0.653492 0.618110 0.709512 0.791310 0.616835 0.636494 0.687290 0.748204 0.449790 0.573690 0.645269 0.698377 0.491531 0.533791 0.916160 0.999407 0.499953 0.546158 0.619535 0.820307 0.608521 0.736480 0.655223 0.773681 0.513291 0.775886 0.481689 0.522242 0.599121 0.764114 0.643342 0.736446 0.473532 0.500050 0.687140 0.599524 0.706376 0.696009 0.718101 0.764942 0.694691 0.868981 0.627426 0.956586
0.653722 0.571396 0.505213 0.494793 0.854790 0.838329 0.468159 0.500089 0.705677 0.792420 0.901834 0.751514 0.938721 0.765603 0.820880 0.851481 0.741911 0.805946 0.572589 0.638402 0.751928 0.770933 0.622589 0.694033 0.650273 0.674163 0.994051 0.960469 0.842472 0.845037 0.555701 0.732416 0.488311 0.496699 0.000000 0.761920 0.726023 0.743017 0.906214 0.825950 0.642905 0.830264 0.529116 0.599581 0.593240 0.694680 0.640940 0.582072 0.983028 0.807381 0.582576 0.672562 0.655367 0.733640 0.620618 0.612646 0.722546 0.741810 0.651389 0.641445 0.644452 0.632642 0.868300 0.841923 0.570349 0.568805 0.372215 0.453687 0.618196 0.709058 0.489821 0.520034 0.597775 0.575368 0.894131 0.859414 0.641033 0.667522 0.907387 0.851678 0.710627 0.737627 0.675667 0.760013 0.569155 0.559283 0.831712 0.987322 0.731321 0.582431 0.600982 0.810737 0.648611 0.698760 0.616340 0.723059 0.559916 0.759135 0.654514 0.673524 0.817300 0.950173 0.738875 0.920550 0.716687 0.534847 0.963586 0.736042 0.690885 0.663673 0.701090 0.903581 0.879704 0.908789 0.711963 0.942267
0.991975 0.815769 0.776060 0.719641 0.962016 0.946742 0.880286 0.880925 0.952841 0.932923 0.823761 0.970673 0.822467 0.986807 0.991135 0.929178 0.996171 0.961681 0.870619 0.846465 0.754249 0.905244 0.804484 0.773872 0.684460 0.620627 0.761497 0.988704 0.851463 0.870478 0.741039 0.805692 0.822768 0.797999 0.761920 0.000000 0.643510 0.774672 0.830712 0.756214 0.763529 0.933008 0.766971 0.893059 0.895741 0.984701 0.857695 0.918850 0.927714 0.990773 0.797848 0.899797 0.804987 0.849333 0.806593 0.950786 0.973456 0.979298 0.952405 0.961097 0.984147 0.890909 0.830334 0.854502 0.780136 0.742597 0.693836 0.714350 0.957575 0.799696 0.661171 0.709796 0.724531 0.754903 0.963423 0.924598 0.844542 0.927375 0.954794 0.979653 0.922035 0.972358 0.806908 0.961950 0.753455 0.664459 0.779543 0.906312 0.829559 0.820690 0.807062 0.932714 0.706799 0.809381 0.929836 0.910546 0.880423 0.895219 0.902894 0.969241 0.805579 0.918455 0.902272 0.943612 0.895774 0.854935 0.929113 0.897359 0.840224 0.954253 0.921948 0.959692 0.909736 0.996186 0.990859 0.965417
0.840605 0.746856 0.456253 0.500307 0.951004 0.988077 0.723480 0.850809 0.871470 0.846197 0.852147 0.969683 0.960540 0.794169 0.772595 0.623029 0.944632 0.884848 0.728842 0.733594 0.612145 0.846673 0.452954 0.533334 0.423851 0.403194 0.689412 0.790217 0.995354 0.890616 0.437684 0.595663 0.595525 0.705961 0.726023 0.643510 0.000000 0.441472 0.730857 0.719498 0.731270 0.951432 0.702151 0.878922 0.865941 0.969170 0.599099 0.763977 0.837911 0.979342 0.749499 0.839547 0.947803 0.899479 0.747241 0.842846 0.843235 0.871392 0.868064 0.950948 0.853651 0.864469 0.973732 0.961370 0.503502 0.624474 0.621099 0.598310 0.710905 0.822817 0.625853 0.565664 0.562169 0.609376 0.983483 0.994244 0.804255 0.566191 0.852879 0.847074 0.771431 0.776807 0.579396 0.780177 0.474931 0.436953 0.944882 0.988049 0.660743 0.597787 0.931545 0.962029 0.874840 0.922446 0.812938 0.828961 0.835598 0.924675 0.880435 0.881042 0.987274 0.779694 0.855098 0.965962 0.728880 0.802823 0.930388 0.865433 0.848420 0.859406 0.875912 0.940412 0.887666 0.874266 0.963634 0.988750
0.976096 0.855049 0.606007 0.578417 0.948936 0.975752 0.774116 0.849127 0.925790 0.906902 0.847497 0.974489 0.916111 0.888504 0.949564 0.840976 0.999261 0.930350 0.910350 0.845830 0.611622 0.864979 0.653153 0.645487 0.452188 0.458335 0.799121 0.880928 0.956512 0.846454 0.488325 0.593802 0.728400 0.741125 0.743017 0.774672 0.441472 0.000000 0.685046 0.725415 0.800711 0.910272 0.797760 0.867350 0.906262 0.961039 0.696078 0.870579 0.799932 0.955163 0.791782 0.944634 0.998341 0.918729 0.817874 0.961623 0.981071 0.992749 0.917031 0.976020 0.931303 0.891192 0.903796 0.952142 0.653903 0.680246 0.655524 0.639192 0.816222 0.896061 0.649627 0.658313 0.505658 0.577778 0.885390 0.972483 0.849743 0.669571 0.927901 0.740876 0.859444 0.803676 0.670602 0.850401 0.678973 0.556683 0.931547 0.988034 0.791772 0.758170 0.891453 0.997985 0.817849 0.929952 0.757589 0.785384 0.757001 0.793654 0.968602 0.991093 0.897172 0.881901 0.937717 0.948517 0.886174 0.868091 0.834382 0.835414 0.872300 0.955003 0.976821 0.939951 0.887152 0.745689 0.887620 0.862066
