0.000000 0.251961 0.412646 0.450483 0.809736 0.649940 0.383850 0.510792 0.833558 0.595364 0.533682 0.454473 0.308281 0.449240 0.544208 0.593903 0.527817 0.456714 0.352345 0.358574 0.514899 0.975671 0.629773 0.516817 0.504900 0.552543 0.716860 0.729521 0.945845 0.958367 0.946666 0.974520 0.403819 0.387039 0.459539 0.763739 0.424194 0.574426 0.516394 0.654751 0.572764 0.900440 0.803442 0.713704 0.892037 0.857246 0.491314 0.525720 0.925655 0.662831 0.946751 0.738234 0.873165 0.643730 0.326724 0.485199 0.369337 0.263393 0.307107 0.389265 0.367961 0.640867 0.499358 0.579152 0.388579 0.361982 0.320305 0.478600 0.247537 0.338205 0.725071 0.981579 0.780981 0.852430 0.800265 0.949191 0.705212 0.944427 0.690859 0.581888 0.367204 0.268631 0.532228 0.362468 0.320228 0.346570 0.481596 0.640902 0.395335 0.416269 0.988822 0.998944 0.793726 0.774475 0.686825 0.976504 0.509470 0.847307 0.993679 0.990576 0.679930 0.951834 0.945388 0.995385 0.701511 0.652062 0.932045 0.869186 0.952854 0.784044 0.893038 0.974819 0.963595 0.982621 0.873501 0.891587
0.251961 0.000000 0.366497 0.367426 0.764916 0.613857 0.325967 0.370258 0.749745 0.704618 0.612529 0.402873 0.325836 0.419348 0.503362 0.537540 0.459199 0.410539 0.325335 0.305988 0.520756 0.979972 0.515225 0.463253 0.510917 0.570462 0.700787 0.750265 0.813858 0.833464 0.855763 0.885912 0.332996 0.356646 0.478754 0.788847 0.419671 0.521402 0.534393 0.636448 0.590815 0.787718 0.589719 0.565197 0.745798 0.744579 0.382702 0.442685 0.833028 0.608738 0.847137 0.668194 0.948050 0.699238 0.370375 0.491905 0.303179 0.191939 0.309615 0.391144 0.325673 0.522913 0.456573 0.463663 0.388800 0.312272 0.250213 0.348812 0.317663 0.387887 0.588148 0.821615 0.721355 0.802432 0.897527 0.887465 0.604928 0.866307 0.521111 0.584786 0.337550 0.287648 0.503258 0.442887 0.324112 0.334341 0.518520 0.578893 0.438855 0.410585 0.912525 0.953802 0.666090 0.765581 0.613222 0.933167 0.481920 0.822321 0.858758 0.868132 0.770375 0.966115 0.953466 0.969896 0.602076 0.547648 0.902337 0.974972 0.880109 0.725962 0.962590 0.873414 0.961748 0.980571 0.710544 0.910278
0.412646 0.366497 0.000000 0.224443 0.652704 0.795698 0.333498 0.484569 0.648416 0.585104 0.910873 0.666243 0.308096 0.600526 0.409070 0.445783 0.814234 0.830741 0.543359 0.557107 0.552764 0.807043 0.329459 0.329333 0.283075 0.310533 0.546386 0.720882 0.782911 0.750774 0.680806 0.868743 0.480310 0.618888 0.372096 0.880389 0.326286 0.518764 0.408251 0.689881 0.682324 0.948389 0.919273 0.912422 0.987469 0.995836 0.607793 0.575991 0.901839 0.723107 0.940065 0.704916 0.980538 0.741320 0.329129 0.539865 0.637633 0.435583 0.417977 0.396773 0.294414 0.388167 0.767671 0.760105 0.181357 0.215410 0.314296 0.415673 0.360241 0.431817 0.698305 0.909827 0.698639 0.790129 0.925167 0.914570 0.759201 0.896224 0.708592 0.894462 0.681623 0.534037 0.603444 0.524959 0.214540 0.235004 0.548407 0.603305 0.315077 0.340501 0.874973 0.855637 0.848645 0.901088 0.641416 0.986656 0.621335 0.898534 0.839282 0.859347 0.616613 0.796488 0.731820 0.694415 0.593131 0.553090 0.889898 0.968038 0.837780 0.787355 0.994550 0.985265 0.903920 0.861113 0.735990 0.854316
0.450483 0.367426 0.224443 0.000000 0.656152 0.764236 0.386961 0.409412 0.761712 0.547248 0.980264 0.608582 0.326086 0.517091 0.370055 0.394827 0.853852 0.788372 0.516811 0.523945 0.593271 0.862579 0.260270 0.238533 0.288825 0.380652 0.455828 0.752028 0.821649 0.773813 0.761432 0.971607 0.532015 0.656539 0.442973 0.819191 0.384735 0.526083 0.401832 0.682366 0.707239 0.866126 0.900358 0.920588 0.937110 0.978060 0.615751 0.558851 0.865266 0.771146 0.985822 0.762794 0.952587 0.674580 0.360052 0.568191 0.625000 0.408300 0.497435 0.461409 0.392973 0.451406 0.813595 0.768352 0.203579 0.244262 0.351281 0.463035 0.438701 0.507721 0.684330 0.909224 0.865213 0.944657 0.952089 0.909955 0.751907 0.923777 0.702967 0.877639 0.638461 0.513671 0.586631 0.474047 0.206941 0.220027 0.474538 0.547455 0.337059 0.289018 0.988917 0.928714 0.736870 0.842282 0.676980 0.911745 0.601824 0.934261 0.885674 0.943217 0.617658 0.768778 0.761749 0.696581 0.568193 0.494447 0.905205 0.907385 0.872059 0.745446 0.995144 0.954680 0.856326 0.830743 0.807674 0.848161
0.809736 0.764916 0.652704 0.656152 0.000000 0.889637 0.693734 0.740276 0.864238 0.869380 0.986399 0.908216 0.623875 0.846997 0.650005 0.625736 0.921506 0.950308 0.799828 0.828957 0.818373 0.930139 0.565312 0.622273 0.589770 0.621353 0.719566 0.824089 0.932818 0.869031 0.768058 0.964565 0.816623 0.806227 0.802199 0.831146 0.713886 0.830922 0.856179 0.781581 0.850516 0.908160 0.889654 0.911412 0.944036 0.968547 0.925505 0.770990 0.900441 0.982806 0.963282 0.969365 0.995187 0.784257 0.794487 0.866638 0.827308 0.789299 0.860530 0.824889 0.741398 0.743652 0.998008 0.932108 0.620922 0.645744 0.725477 0.747743 0.739963 0.698071 0.839453 0.836756 0.856730 0.953735 0.965340 0.964594 0.994375 0.987581 0.948573 0.914475 0.860739 0.875484 0.703171 0.838475 0.646490 0.664844 0.830750 0.760196 0.796448 0.748330 0.942851 0.987898 0.774065 0.953184 0.795929 0.988562 0.904885 0.925850 0.998112 0.989698 0.885391 0.889044 0.950547 0.904656 0.878875 0.702659 0.978507 0.971189 0.902026 0.937543 0.969794 0.921456 0.922771 0.807840 0.836330 0.848820
0.649940 0.613857 0.795698 0.764236 0.889637 0.000000 0.660809 0.617306 0.965967 0.995724 0.745106 0.595444 0.753490 0.675194 0.762820 0.722329 0.701716 0.638548 0.625903 0.732791 0.735049 0.929267 0.843059 0.824035 0.941028 0.924453 0.907053 0.777544 0.714848 0.751047 0.865748 0.851699 0.762073 0.673854 0.922719 0.666221 0.874109 0.872889 0.917167 0.715659 0.785628 0.901342 0.708992 0.735364 0.831089 0.810029 0.746363 0.866632 0.884492 0.995152 0.991156 0.998574 0.978787 0.727775 0.834844 0.820652 0.605103 0.659267 0.759775 0.796345 0.737628 0.772863 0.751616 0.809933 0.821432 0.694071 0.662068 0.716868 0.782752 0.821459 0.825722 0.985625 0.983592 0.966717 0.762474 0.921664 0.867053 0.941541 0.859055 0.784880 0.661218 0.657904 0.857371 0.798442 0.787250 0.754482 0.755001 0.883597 0.917692 0.822346 0.738655 0.842570 0.696073 0.778804 0.794046 0.934998 0.607181 0.685583 0.678388 0.671445 0.987123 0.978287 0.882244 0.891365 0.805656 0.686252 0.909220 0.950646 0.959970 0.741788 0.821209 0.801553 0.863711 0.964685 0.913717 0.707014
0.383850 0.325967 0.333498 0.386961 0.693734 0.660809 0.000000 0.271009 0.604773 0.871231 0.691752 0.543902 0.326996 0.432770 0.365246 0.475917 0.534465 0.536285 0.351916 0.387321 0.717869 0.871372 0.484619 0.507224 0.579065 0.557539 0.747988 0.887916 0.850644 0.933835 0.729445 0.847081 0.339000 0.380661 0.493682 0.846281 0.443356 0.509462 0.603684 0.789210 0.709586 0.820215 0.541152 0.514447 0.641848 0.650942 0.465708 0.435353 0.820341 0.643208 0.793998 0.626722 0.800414 0.897027 0.419253 0.446987 0.411535 0.326956 0.419883 0.515364 0.305727 0.449318 0.535835 0.527596 0.379130 0.323634 0.245301 0.285997 0.478045 0.555117 0.455275 0.679273 0.701146 0.673582 0.951924 0.798907 0.572439 0.817603 0.548511 0.677804 0.460606 0.417534 0.572423 0.497790 0.345752 0.409805 0.619877 0.620697 0.514542 0.543005 0.766626 0.840991 0.624012 0.685251 0.641690 0.897905 0.456639 0.812847 0.739903 0.702333 0.879500 0.846201 0.942964 0.956322 0.442626 0.502939 0.829541 0.844612 0.706620 0.697255 0.844666 0.710918 0.858154 0.913678 0.683095 0.890964
0.510792 0.370258 0.484569 0.409412 0.740276 0.617306 0.271009 0.000000 0.679036 0.970452 0.817175 0.513339 0.483613 0.430028 0.446106 0.491277 0.605732 0.570769 0.460442 0.453197 0.773012 0.885602 0.539325 0.512843 0.668126 0.641653 0.776141 0.921193 0.807387 0.893835 0.835172 0.753899 0.468650 0.456665 0.613354 0.780176 0.554062 0.566625 0.671598 0.754497 0.817959 0.706513 0.505153 0.509130 0.639690 0.635486 0.413423 0.467361 0.799208 0.667054 0.797316 0.639462 0.756924 0.909558 0.443687 0.458031 0.442529 0.358493 0.496922 0.586175 0.410637 0.442073 0.607317 0.507267 0.516603 0.404274 0.363656 0.358018 0.614431 0.635741 0.564824 0.742554 0.874479 0.849650 0.962734 0.795404 0.626232 0.830160 0.600445 0.677133 0.474173 0.485547 0.574897 0.512084 0.457913 0.475099 0.625121 0.579324 0.588533 0.537121 0.654621 0.840002 0.584802 0.728920 0.750077 0.836479 0.489459 0.782399 0.621100 0.576616 0.965991 0.869880 0.823212 0.961212 0.528201 0.550288 0.869577 0.779547 0.777982 0.794830 0.833905 0.690745 0.877865 0.956103 0.753520 0.934254
0.833558 0.749745 0.648416 0.761712 0.864238 0.965967 0.604773 0.679036 0.000000 0.883619 0.939694 0.970733 0.719738 0.905969 0.799727 0.931129 0.832588 0.969929 0.834314 0.836870 0.936666 0.967962 0.772438 0.813697 0.747795 0.646462 0.954451 0.986701 0.968483 0.948408 0.640831 0.984749 0.622784 0.806892 0.693978 0.867376 0.730568 0.718848 0.838465 0.850382 0.978704 0.805986 0.778275 0.793440 0.682331 0.734822 0.769560 0.712104 0.826835 0.695902 0.670804 0.691345 0.710141 0.863262 0.677455 0.642647 0.847057 0.804410 0.767935 0.880532 0.604570 0.626479 0.824093 0.804113 0.714224 0.720818 0.666489 0.592736 0.753607 0.815719 0.755619 0.793489 0.751891 0.729445 0.887169 0.917717 0.785390 0.889358 0.855916 0.969463 0.929667 0.960655 0.799852 0.875038 0.726130 0.767931 0.903492 0.729455 0.735172 0.776615 0.942448 0.906799 0.998304 0.983339 0.813634 0.923122 0.946354 0.886112 0.872892 0.914317 0.939924 0.999786 0.993891 0.884684 0.774002 0.783532 0.841824 0.974721 0.894316 0.977068 0.800933 0.743450 0.964195 0.971900 0.755155 0.946932
0.595364 0.704618 0.585104 0.547248 0.869380 0.995724 0.871231 0.970452 0.883619 0.000000 0.974964 0.900757 0.565141 0.723194 0.732059 0.679147 0.968030 0.966043 0.704256 0.773097 0.735359 0.925654 0.589730 0.465753 0.484714 0.607040 0.498552 0.771373 0.647887 0.694501 0.944815 0.772368 0.838808 0.996646 0.652976 0.924582 0.591691 0.933840 0.495646 0.788926 0.757062 0.847674 0.643881 0.699997 0.469282 0.517453 0.935402 0.985106 0.542949 0.908908 0.620580 0.903395 0.641792 0.543468 0.614492 0.875674 0.869478 0.711933 0.794463 0.705809 0.819237 0.964879 0.974383 0.881643 0.507927 0.605291 0.772813 0.973818 0.560907 0.688442 0.953841 0.771133 0.855669 0.754897 0.897029 0.856504 0.948879 0.661845 0.885473 0.994360 0.811845 0.620481 0.708449 0.584948 0.471892 0.478376 0.700123 0.720307 0.558175 0.482900 0.640865 0.833685 0.928687 0.965784 0.917874 0.909731 0.905378 0.808058 0.504203 0.598835 0.466146 0.713773 0.525295 0.548146 0.969788 0.940351 0.903473 0.795666 0.866720 0.904037 0.679035 0.755620 0.666422 0.826571 0.911238 0.965317
0.533682 0.612529 0.910873 0.980264 0.986399 0.745106 0.691752 0.817175 0.939694 0.974964 0.000000 0.537232 0.802448 0.704711 0.950772 0.981891 0.570885 0.448031 0.578275 0.556767 0.789477 0.844786 0.831677 0.937030 0.872859 0.901001 0.838529 0.887258 0.668334 0.577845 0.790776 0.848174 0.688065 0.488942 0.896469 0.830050 0.915193 0.861889 0.998381 0.978060 0.735871 0.914187 0.742192 0.684424 0.696312 0.774717 0.755463 0.837550 0.745645 0.837307 0.993312 0.959414 0.858231 0.821504 0.819595 0.818353 0.536358 0.620999 0.693986 0.802057 0.764349 0.969558 0.581611 0.695741 0.979689 0.852418 0.659048 0.668272 0.649403 0.744299 0.844052 0.894194 0.808478 0.704159 0.808712 0.988249 0.844674 0.908878 0.810246 0.611422 0.492948 0.539455 0.922018 0.759301 0.914900 0.938504 0.826728 0.955991 0.901644 0.985605 0.811123 0.773557 0.693144 0.719605 0.777338 0.943577 0.739319 0.802233 0.687059 0.796805 0.921452 0.767649 0.727584 0.751336 0.848989 0.911110 0.867641 0.895598 0.834522 0.879165 0.997963 0.941669 0.891818 0.904914 0.981326 0.920492
0.454473 0.402873 0.666243 0.608582 0.908216 0.595444 0.543902 0.513339 0.970733 0.900757 0.537232 0.000000 0.557202 0.434292 0.563077 0.555452 0.567286 0.373153 0.445547 0.399827 0.605381 0.950681 0.707693 0.614621 0.778014 0.907597 0.796700 0.952792 0.673715 0.665049 0.929193 0.791447 0.547948 0.438332 0.712399 0.677053 0.662508 0.596730 0.849970 0.763145 0.785278 0.844833 0.638026 0.673754 0.759887 0.831603 0.610218 0.719868 0.886387 0.849338 0.946436 0.954261 0.817735 0.635394 0.658610 0.661509 0.388508 0.409330 0.596428 0.687188 0.503997 0.591548 0.566637 0.454575 0.657335 0.522058 0.540630 0.512150 0.572584 0.592468 0.727482 0.841733 0.751479 0.766402 0.959482 0.946302 0.784487 0.795017 0.642352 0.502637 0.412262 0.421651 0.784183 0.600564 0.601423 0.563478 0.661951 0.786039 0.677091 0.644286 0.842585 0.927701 0.670966 0.868269 0.824133 0.839140 0.615299 0.728403 0.741130 0.746663 0.990788 0.956089 0.734410 0.882363 0.650730 0.644075 0.902797 0.942526 0.905626 0.767976 0.932301 0.852491 0.868237 0.914497 0.844672 0.863843
0.308281 0.325836 0.308096 0.326086 0.623875 0.753490 0.326996 0.483613 0.719738 0.565141 0.802448 0.557202 0.000000 0.438267 0.320302 0.359373 0.597769 0.624709 0.343342 0.415436 0.597256 0.889557 0.326998 0.342324 0.413421 0.523526 0.594435 0.758912 0.994271 0.939698 0.754172 0.975918 0.436531 0.524632 0.506644 0.880151 0.353556 0.599494 0.498286 0.681590 0.585230 0.991564 0.804128 0.747328 0.990613 0.975375 0.563321 0.519994 0.913743 0.722374 0.991574 0.694302 0.980800 0.768293 0.413148 0.509013 0.492947 0.335674 0.409485 0.409301 0.335546 0.513490 0.571141 0.582386 0.281214 0.300967 0.354141 0.523171 0.355402 0.430106 0.528135 0.835976 0.694774 0.809836 0.871515 0.818832 0.650332 0.965015 0.655047 0.628049 0.492980 0.381220 0.564880 0.452418 0.248693 0.308646 0.451191 0.551949 0.397607 0.403335 0.989883 0.906264 0.806785 0.760487 0.678485 0.993359 0.536900 0.936726 0.961750 0.947224 0.661722 0.923744 0.916139 0.904425 0.619688 0.526713 0.883240 0.977521 0.896393 0.784571 0.927551 0.890813 0.991183 0.905226 0.756773 0.877422
0.449240 0.419348 0.600526 0.517091 0.846997 0.675194 0.432770 0.430028 0.905969 0.723194 0.704711 0.434292 0.438267 0.000000 0.462742 0.461447 0.506560 0.387724 0.290766 0.346090 0.748239 0.991985 0.559426 0.440446 0.725965 0.781280 0.630996 0.992335 0.718766 0.683943 0.947055 0.711325 0.505815 0.472556 0.580728 0.721748 0.664108 0.530902 0.683738 0.738611 0.821700 0.791977 0.704978 0.664898 0.875797 0.889861 0.618112 0.688868 0.963677 0.954396 0.845311 0.974119 0.854352 0.659521 0.624260 0.600570 0.364488 0.410242 0.663192 0.757160 0.587447 0.698173 0.647888 0.560891 0.581609 0.499548 0.479087 0.589851 0.638250 0.749325 0.562964 0.743617 0.852516 0.936732 0.927423 0.887110 0.770351 0.781494 0.553294 0.518117 0.357279 0.323156 0.582984 0.482713 0.492458 0.495322 0.593569 0.563913 0.656587 0.626808 0.841543 0.825568 0.715788 0.692838 0.922861 0.860515 0.561856 0.792717 0.831454 0.710921 0.857543 0.827303 0.864723 0.920289 0.643789 0.693869 0.975238 0.898072 0.859381 0.733019 0.994925 0.791572 0.935480 0.969326 0.942823 0.918828
0.544208 0.503362 0.409070 0.370055 0.650005 0.762820 0.365246 0.446106 0.799727 0.732059 0.950772 0.563077 0.320302 0.462742 0.000000 0.255935 0.718783 0.678846 0.468762 0.521804 0.678418 0.819618 0.323164 0.365288 0.518349 0.635215 0.649296 0.836419 0.909381 0.977030 0.680090 0.838355 0.513236 0.592177 0.630761 0.851518 0.494014 0.551568 0.646202 0.883854 0.723776 0.874663 0.751042 0.753985 0.917195 0.927938 0.624115 0.580914 0.934455 0.856370 0.969389 0.822938 0.902613 0.807706 0.575777 0.693353 0.558274 0.469585 0.623225 0.620035 0.425767 0.458511 0.640196 0.557416 0.397337 0.392212 0.516348 0.569453 0.612454 0.657754 0.529528 0.794382 0.810102 0.835435 0.955288 0.729514 0.741558 0.847525 0.656764 0.671867 0.561937 0.501674 0.651521 0.537103 0.386336 0.414207 0.562943 0.527375 0.571977 0.517025 0.955924 0.900702 0.813563 0.832251 0.752558 0.981595 0.543165 0.945685 0.916613 0.805099 0.849383 0.994101 0.970738 0.931617 0.610264 0.597955 0.932451 0.910820 0.816674 0.845692 0.973584 0.818880 0.902314 0.981175 0.835380 0.836565
0.593903 0.537540 0.445783 0.394827 0.625736 0.722329 0.475917 0.491277 0.931129 0.679147 0.981891 0.555452 0.359373 0.461447 0.255935 0.000000 0.774871 0.727009 0.532214 0.573220 0.657250 0.831609 0.320358 0.333522 0.481548 0.632076 0.591339 0.824894 0.964656 0.979425 0.714577 0.837314 0.574932 0.637175 0.632792 0.866831 0.506197 0.632319 0.613621 0.749492 0.673090 0.967827 0.824683 0.810015 0.924968 0.945623 0.628583 0.674648 0.792038 0.968011 0.807523 0.983360 0.943625 0.669393 0.612697 0.725088 0.582995 0.506384 0.680080 0.641309 0.468135 0.472315 0.748422 0.620906 0.422411 0.394002 0.590306 0.677679 0.627746 0.640178 0.644734 0.841266 0.844040 0.885742 0.937504 0.665225 0.849600 0.885193 0.698694 0.737306 0.600315 0.516418 0.629917 0.525219 0.395886 0.382829 0.575795 0.566087 0.535690 0.491727 0.994005 0.983604 0.799526 0.911224 0.861391 0.997390 0.631766 0.931926 0.995887 0.874192 0.828709 0.910635 0.973749 0.846669 0.672593 0.569281 0.930369 0.985008 0.834968 0.921873 0.917997 0.793627 0.899610 0.901272 0.831199 0.850297
0.527817 0.459199 0.814234 0.853852 0.921506 0.701716 0.534465 0.605732 0.832588 0.968030 0.570885 0.567286 0.597769 0.506560 0.718783 0.774871 0.000000 0.322025 0.388151 0.411547 0.828522 0.879811 0.847559 0.829768 0.978371 0.981910 0.960188 0.819666 0.429527 0.479035 0.800909 0.587081 0.410611 0.398374 0.857513 0.860838 0.733903 0.744643 0.990851 0.768603 0.673581 0.760990 0.401067 0.328548 0.589483 0.582434 0.545199 0.601266 0.698353 0.732288 0.798034 0.777261 0.933574 0.976741 0.767879 0.686941 0.295952 0.415043 0.619449 0.704752 0.653422 0.849328 0.335539 0.366900 0.871054 0.755753 0.582017 0.588027 0.620849 0.712700 0.503655 0.670403 0.738023 0.764035 0.909895 0.733430 0.563769 0.528338 0.501742 0.443777 0.294471 0.403704 0.637515 0.640297 0.757086 0.782523 0.901543 0.729023 0.842171 0.856588 0.786674 0.716887 0.787763 0.784444 0.794042 0.976010 0.631889 0.787065 0.620860 0.650896 0.932004 0.683985 0.605329 0.545935 0.757479 0.816278 0.925691 0.960094 0.926084 0.763473 0.873594 0.761879 0.778122 0.841252 0.776429 0.908702
0.456714 0.410539 0.830741 0.788372 0.950308 0.638548 0.536285 0.570769 0.969929 0.966043 0.448031 0.373153 0.624709 0.387724 0.678846 0.727009 0.322025 0.000000 0.352252 0.270194 0.739417 0.857965 0.869292 0.766393 0.966299 0.990097 0.907761 0.980602 0.452142 0.416044 0.970441 0.586373 0.441761 0.354895 0.796931 0.724911 0.766707 0.586405 0.907055 0.838253 0.691224 0.701938 0.480548 0.452048 0.632469 0.689009 0.593520 0.672481 0.777503 0.860589 0.979153 0.997523 0.803889 0.699343 0.764434 0.721657 0.213439 0.353874 0.654157 0.812214 0.705150 0.905830 0.438043 0.415028 0.846898 0.723442 0.549372 0.571325 0.591966 0.686120 0.561891 0.647897 0.805380 0.763550 0.886866 0.882623 0.699145 0.599296 0.472506 0.365589 0.241341 0.299211 0.665471 0.614668 0.723048 0.723727 0.784161 0.746416 0.810775 0.806220 0.707207 0.711791 0.598541 0.649691 0.862547 0.823421 0.542047 0.770053 0.626609 0.614651 0.933889 0.749967 0.572223 0.611941 0.640262 0.759674 0.986290 0.926515 0.934017 0.698950 0.860552 0.776166 0.887140 0.811257 0.910965 0.955761
0.352345 0.325335 0.543359 0.516811 0.799828 0.625903 0.351916 0.460442 0.834314 0.704256 0.578275 0.445547 0.343342 0.290766 0.468762 0.532214 0.388151 0.352252 0.000000 0.301365 0.722125 0.977320 0.592257 0.536474 0.736350 0.782678 0.698891 0.929211 0.686802 0.712472 0.945712 0.769155 0.435650 0.403545 0.598343 0.812321 0.603810 0.622769 0.684284 0.661219 0.645911 0.848156 0.630085 0.585655 0.813621 0.836964 0.559155 0.566543 0.943700 0.826663 0.967344 0.809278 0.896697 0.754986 0.540560 0.555991 0.312426 0.329057 0.526743 0.599403 0.510695 0.742966 0.491361 0.552372 0.544023 0.468538 0.353665 0.488665 0.509733 0.656129 0.438204 0.717792 0.782395 0.850087 0.949457 0.857693 0.642344 0.791172 0.535415 0.483069 0.315821 0.293757 0.658367 0.499939 0.465176 0.514642 0.632334 0.596522 0.633321 0.664149 0.783195 0.700495 0.641979 0.629097 0.773389 0.875472 0.451433 0.803627 0.789224 0.668327 0.835060 0.790729 0.867112 0.843371 0.604349 0.596374 0.986005 0.963951 0.841809 0.640502 0.979069 0.786204 0.915326 0.954226 0.758935 0.831624
0.358574 0.305988 0.557107 0.523945 0.828957 0.732791 0.387321 0.453197 0.836870 0.773097 0.556767 0.399827 0.415436 0.346090 0.521804 0.573220 0.411547 0.270194 0.301365 0.000000 0.637272 0.912119 0.616809 0.539089 0.693411 0.733072 0.679812 0.923350 0.690153 0.653486 0.817455 0.719079 0.355668 0.386250 0.629755 0.750070 0.552845 0.465591 0.694966 0.764851 0.665380 0.693128 0.578902 0.547367 0.797972 0.858738 0.556778 0.639249 0.956727 0.787072 0.972134 0.881898 0.847051 0.697170 0.579270 0.643905 0.243318 0.269928 0.542697 0.660879 0.528988 0.726330 0.516712 0.470158 0.561850 0.480210 0.387713 0.481652 0.405117 0.525707 0.441836 0.621025 0.748344 0.754017 0.863274 0.856581 0.562033 0.704997 0.509200 0.461535 0.283442 0.266496 0.598214 0.506672 0.460050 0.492737 0.647071 0.684241 0.607388 0.596108 0.795810 0.760235 0.619980 0.615289 0.809174 0.868017 0.485720 0.872350 0.806512 0.738472 0.887514 0.807992 0.752219 0.846357 0.524001 0.643118 0.987726 0.995196 0.869257 0.747028 0.941337 0.860855 0.986580 0.874424 0.836888 0.957090
0.514899 0.520756 0.552764 0.593271 0.818373 0.735049 0.717869 0.773012 0.936666 0.735359 0.789477 0.605381 0.597256 0.748239 0.678418 0.657250 0.828522 0.739417 0.722125 0.637272 0.000000 0.889759 0.718068 0.632404 0.599884 0.665817 0.805547 0.623558 0.976385 0.986009 0.865362 0.981730 0.662503 0.658301 0.560651 0.746390 0.587733 0.613516 0.573834 0.763949 0.762762 0.995758 0.998756 0.918609 0.995126 0.992687 0.746318 0.920923 0.965967 0.896458 0.978634 0.997074 0.764747 0.577630 0.581400 0.859809 0.629981 0.567866 0.606069 0.655719 0.529764 0.604435 0.806780 0.766376 0.542214 0.514133 0.636453 0.745035 0.512965 0.578447 0.926296 0.982098 0.837907 0.954338 0.969488 0.995409 0.853317 0.940786 0.958412 0.800352 0.678865 0.580319 0.628688 0.672301 0.538992 0.488259 0.707792 0.726938 0.607791 0.576749 0.788004 0.691890 0.995350 0.910522 0.807824 0.913337 0.790955 0.919050 0.855752 0.848874 0.719727 0.797937 0.938560 0.819544 0.914605 0.820365 0.969109 0.873072 0.987162 0.962855 0.919832 0.889378 0.874641 0.930365 0.870178 0.979425
0.975671 0.979972 0.807043 0.862579 0.930139 0.929267 0.871372 0.885602 0.967962 0.925654 0.844786 0.950681 0.889557 0.991985 0.819618 0.831609 0.879811 0.857965 0.977320 0.912119 0.889759 0.000000 0.897303 0.924576 0.925142 0.847346 0.915023 0.970854 0.779444 0.753294 0.953712 0.872608 0.971902 0.928793 0.846610 0.846828 0.878857 0.975136 0.836437 0.950567 0.937987 0.888994 0.881133 0.926680 0.902022 0.963141 0.970118 0.997422 0.988748 0.885959 0.893696 0.833129 0.761221 0.876090 0.779326 0.844069 0.888916 0.999633 0.913529 0.816513 0.890119 0.839180 0.988116 0.988567 0.876483 0.910547 0.949105 0.936368 0.941065 0.937503 0.914554 0.960098 0.900964 0.909761 0.892956 0.998757 0.987668 0.783375 0.975507 0.944312 0.936537 0.965653 0.925461 0.929039 0.893223 0.918736 0.916249 0.819503 0.879613 0.965315 0.957527 0.926083 0.979940 0.968096 0.914300 0.991910 0.853093 0.923086 0.983192 0.969451 0.939074 0.933363 0.914467 0.924077 0.917729 0.997070 0.990669 0.881296 0.989742 0.931024 0.949673 0.988810 0.992683 0.982510 0.758323 0.902285
0.629773 0.515225 0.329459 0.260270 0.565312 0.843059 0.484619 0.539325 0.772438 0.589730 0.831677 0.707693 0.326998 0.559426 0.323164 0.320358 0.847559 0.869292 0.592257 0.616809 0.718068 0.897303 0.000000 0.226225 0.325101 0.458227 0.423647 0.792361 0.894157 0.835719 0.619042 0.983176 0.615705 0.781021 0.579150 0.897493 0.414464 0.599058 0.553659 0.768215 0.744697 0.959723 0.904736 0.938521 0.860519 0.868340 0.729701 0.674415 0.742137 0.923790 0.882147 0.872551 0.955525 0.742040 0.590390 0.742700 0.688081 0.544244 0.706671 0.633021 0.496742 0.472685 0.865385 0.753677 0.278723 0.328391 0.520892 0.614509 0.567752 0.623391 0.599595 0.797099 0.834998 0.954529 0.985656 0.797631 0.832861 0.981543 0.704697 0.879790 0.730022 0.635357 0.627692 0.632814 0.283988 0.296336 0.528349 0.546156 0.456059 0.399102 0.960141 0.976390 0.798108 0.892809 0.712619 0.993156 0.703298 0.992718 0.863549 0.960435 0.620771 0.804817 0.798458 0.739322 0.615610 0.546543 0.950678 0.942904 0.897861 0.784784 0.988737 0.927755 0.920218 0.832491 0.816997 0.869203
0.516817 0.463253 0.329333 0.238533 0.622273 0.824035 0.507224 0.512843 0.813697 0.465753 0.937030 0.614621 0.342324 0.440446 0.365288 0.333522 0.829768 0.766393 0.536474 0.539089 0.632404 0.924576 0.226225 0.000000 0.299271 0.449090 0.390779 0.740823 0.883714 0.852623 0.735566 0.988066 0.600759 0.718230 0.493189 0.780456 0.425465 0.536557 0.458442 0.721489 0.739513 0.892474 0.987760 0.996607 0.778772 0.801557 0.707875 0.695454 0.688391 0.982289 0.745435 0.988027 0.788666 0.553304 0.466882 0.660799 0.609323 0.472845 0.680155 0.640171 0.529436 0.560737 0.879164 0.783132 0.285061 0.332147 0.537846 0.651421 0.484530 0.587868 0.692845 0.894670 0.955664 0.965535 0.973729 0.940095 0.859666 0.968870 0.696065 0.831246 0.619090 0.487920 0.558399 0.453596 0.252530 0.238029 0.525131 0.506571 0.376502 0.312285 0.894141 0.908434 0.816683 0.927139 0.773287 0.940909 0.665092 0.982342 0.815364 0.901696 0.580680 0.796825 0.758837 0.706872 0.651948 0.617021 0.999969 0.930879 0.991155 0.849800 0.907076 0.993178 0.828991 0.790711 0.937697 0.912907
0.504900 0.510917 0.283075 0.288825 0.589770 0.941028 0.579065 0.668126 0.747795 0.484714 0.872859 0.778014 0.413421 0.725965 0.518349 0.481548 0.978371 0.966299 0.736350 0.693411 0.599884 0.925142 0.325101 0.299271 0.000000 0.251679 0.444547 0.664257 0.644836 0.605736 0.643603 0.832892 0.612597 0.780930 0.430763 0.817080 0.344559 0.590485 0.420853 0.651286 0.706677 0.988041 0.885678 0.909216 0.747885 0.793195 0.747915 0.694151 0.710817 0.926718 0.877375 0.915280 0.840274 0.588435 0.398193 0.673704 0.760811 0.566587 0.601411 0.532414 0.468731 0.507485 0.998174 0.913509 0.222981 0.310987 0.547971 0.661909 0.394798 0.417831 0.898404 0.997668 0.870932 0.952493 0.940130 0.965249 0.946822 0.801668 0.857427 0.998204 0.806654 0.634196 0.572853 0.505913 0.240347 0.229986 0.566066 0.620868 0.299181 0.279670 0.765090 0.690322 0.938489 0.928624 0.738014 0.995198 0.803905 0.937211 0.641204 0.654782 0.508635 0.647033 0.600107 0.606565 0.750681 0.660832 0.902682 0.890586 0.950974 0.913010 0.839970 0.858375 0.757276 0.747323 0.895844 0.914000
0.552543 0.570462 0.310533 0.380652 0.621353 0.924453 0.557539 0.641653 0.646462 0.607040 0.901001 0.907597 0.523526 0.781280 0.635215 0.632076 0.981910 0.990097 0.782678 0.733072 0.665817 0.847346 0.458227 0.449090 0.251679 0.000000 0.534810 0.687516 0.624318 0.596429 0.619780 0.877228 0.616748 0.797933 0.504237 0.799440 0.400034 0.622168 0.471965 0.637771 0.791613 0.970535 0.936127 0.949519 0.857003 0.889735 0.715482 0.731161 0.800252 0.837410 0.965078 0.797038 0.986827 0.756168 0.387598 0.664329 0.784658 0.625759 0.595879 0.562366 0.492607 0.545785 0.989145 0.975674 0.299884 0.365495 0.514822 0.614043 0.441269 0.464606 0.915233 0.948981 0.810935 0.928154 0.840888 0.928341 0.979403 0.747735 0.904400 0.937496 0.887313 0.732443 0.594823 0.628615 0.326294 0.312374 0.690863 0.683552 0.393965 0.390332 0.840028 0.704413 0.969432 0.953130 0.742597 0.988930 0.865655 0.928411 0.712911 0.706476 0.604392 0.728873 0.659168 0.612647 0.800506 0.695294 0.912366 0.889633 0.924694 0.840156 0.955729 0.900562 0.744897 0.855070 0.878440 0.852889
0.716860 0.700787 0.546386 0.455828 0.719566 0.907053 0.747988 0.776141 0.954451 0.498552 0.838529 0.796700 0.594435 0.630996 0.649296 0.591339 0.960188 0.907761 0.698891 0.679812 0.805547 0.915023 0.423647 0.390779 0.444547 0.534810 0.000000 0.758042 0.760852 0.785653 0.866582 0.941180 0.789899 0.951365 0.665515 0.808884 0.629351 0.657215 0.676713 0.857949 0.877583 0.982886 0.854178 0.830876 0.592962 0.620210 0.958994 0.968159 0.515852 0.847875 0.667669 0.873180 0.694040 0.609541 0.716095 0.899177 0.805570 0.746710 0.934523 0.831296 0.816775 0.810987 0.916165 0.964806 0.474130 0.535831 0.728465 0.854942 0.658569 0.730594 0.791384 0.944901 0.948134 0.894825 0.843054 0.974678 0.969810 0.813985 0.778639 0.971506 0.854817 0.707325 0.744913 0.728174 0.481152 0.452291 0.708743 0.739943 0.611718 0.542129 0.950542 0.963826 0.886406 0.899886 0.985392 0.984460 0.907348 0.991301 0.724627 0.811905 0.606067 0.851104 0.719128 0.705363 0.771834 0.823617 0.963222 0.929281 0.909301 0.848186 0.931232 0.811702 0.745948 0.785627 0.979081 0.831486
0.729521 0.750265 0.720882 0.752028 0.824089 0.777544 0.887916 0.921193 0.986701 0.771373 0.887258 0.952792 0.758912 0.992335 0.836419 0.824894 0.819666 0.980602 0.929211 0.923350 0.623558 0.970854 0.792361 0.740823 0.664257 0.687516 0.758042 0.000000 0.996792 0.846011 0.775818 0.920449 0.832700 0.927114 0.858027 0.739760 0.717599 0.964742 0.768517 0.801900 0.869170 0.935617 0.931122 0.917202 0.873077 0.995570 0.818439 0.814023 0.936391 0.928559 0.926947 0.901033 0.955597 0.834345 0.728647 0.913159 0.813616 0.765445 0.723641 0.663479 0.795172 0.832539 0.913695 0.929398 0.718765 0.754398 0.856050 0.974908 0.707518 0.599580 0.904009 0.833979 0.973220 0.848418 0.893486 0.969546 0.813492 0.961197 0.910997 0.995922 0.870466 0.841104 0.803239 0.872936 0.728768 0.689730 0.941213 0.989060 0.772194 0.684753 0.815185 0.805876 0.866527 0.838284 0.823682 0.809029 0.871448 0.890560 0.821718 0.791653 0.758708 0.803678 0.831957 0.815439 0.940035 0.992323 0.848739 0.984097 0.853474 0.943379 0.838770 0.888556 0.992398 0.974304 0.942001 0.851382
0.945845 0.813858 0.782911 0.821649 0.932818 0.714848 0.850644 0.807387 0.968483 0.647887 0.668334 0.673715 0.994271 0.718766 0.909381 0.964656 0.429527 0.452142 0.686802 0.690153 0.976385 0.779444 0.894157 0.883714 0.644836 0.624318 0.760852 0.996792 0.000000 0.247288 0.891895 0.431823 0.732277 0.615389 0.831559 0.928112 0.919750 0.964699 0.702115 0.976187 0.958331 0.787778 0.407643 0.421961 0.494186 0.555603 0.820360 0.824446 0.698155 0.950704 0.846518 0.994405 0.878759 0.901308 0.828027 0.998384 0.519448 0.788722 0.970936 0.871121 0.976551 0.969477 0.508654 0.476416 0.721524 0.889378 0.915609 0.828319 0.906377 0.854263 0.663793 0.661690 0.903580 0.784273 0.907248 0.820462 0.782317 0.423372 0.587469 0.477758 0.531983 0.764190 0.978249 0.998277 0.816075 0.820939 0.928121 0.993299 0.752967 0.724141 0.745559 0.709471 0.841971 0.912487 0.855613 0.985248 0.714803 0.910372 0.531900 0.512837 0.673621 0.629700 0.469092 0.414056 0.854133 0.968478 0.958196 0.976114 0.917556 0.875441 0.775779 0.678672 0.671856 0.782842 0.949067 0.954786
0.958367 0.833464 0.750774 0.773813 0.869031 0.751047 0.933835 0.893835 0.948408 0.694501 0.577845 0.665049 0.939698 0.683943 0.977030 0.979425 0.479035 0.416044 0.712472 0.653486 0.986009 0.753294 0.835719 0.852623 0.605736 0.596429 0.785653 0.846011 0.247288 0.000000 0.980322 0.449391 0.781522 0.654572 0.846417 0.866137 0.845902 0.909841 0.678403 0.942749 0.928042 0.815859 0.517350 0.512261 0.564799 0.669240 0.911418 0.971886 0.736308 0.975225 0.980945 0.847894 0.972470 0.958070 0.741877 0.893092 0.534896 0.810897 0.952138 0.824750 0.953686 0.891591 0.586559 0.538014 0.687628 0.854576 0.949266 0.873411 0.919767 0.838201 0.729859 0.692510 0.858405 0.763783 0.999917 0.798741 0.910539 0.459893 0.646226 0.489586 0.543109 0.733970 0.948795 0.998423 0.780625 0.788713 0.940499 0.946279 0.715810 0.719673 0.774713 0.743185 0.850778 0.865345 0.950439 0.974882 0.808322 0.889223 0.584477 0.600092 0.707735 0.693128 0.461616 0.446632 0.880455 0.959320 0.864204 0.902079 0.957137 0.907360 0.767640 0.800637 0.809898 0.811641 0.986366 0.972288
0.946666 0.855763 0.680806 0.761432 0.768058 0.865748 0.729445 0.835172 0.640831 0.944815 0.790776 0.929193 0.754172 0.947055 0.680090 0.714577 0.800909 0.970441 0.945712 0.817455 0.865362 0.953712 0.619042 0.735566 0.643603 0.619780 0.866582 0.775818 0.891895 0.980322 0.000000 0.694934 0.629754 0.876336 0.845781 0.994528 0.639219 0.776289 0.787055 0.880879 0.867991 0.867911 0.766471 0.729336 0.885817 0.903029 0.879073 0.877410 0.933479 0.892354 0.858034 0.895009 0.810347 0.960423 0.833876 0.938269 0.790319 0.828433 0.891166 0.886290 0.716372 0.680268 0.872596 0.728925 0.727550 0.744674 0.859197 0.773399 0.770970 0.815751 0.779708 0.780329 0.723024 0.763071 0.957970 0.821569 0.859471 0.719248 0.776550 0.891795 0.865915 0.908857 0.789055 0.885187 0.727539 0.724993 0.974516 0.840104 0.794417 0.811382 0.804141 0.769414 0.819801 0.770704 0.834506 0.843506 0.971440 0.762871 0.880329 0.903014 0.863413 0.936701 0.965689 0.994315 0.813641 0.888604 0.847149 0.980714 0.939353 0.983960 0.906539 0.961404 0.947836 0.996021 0.902502 0.980488
0.974520 0.885912 0.868743 0.971607 0.964565 0.851699 0.847081 0.753899 0.984749 0.772368 0.848174 0.791447 0.975918 0.711325 0.838355 0.837314 0.587081 0.586373 0.769155 0.719079 0.981730 0.872608 0.983176 0.988066 0.832892 0.877228 0.941180 0.920449 0.431823 0.449391 0.694934 0.000000 0.712242 0.675299 0.832242 0.883904 0.989181 0.886736 0.872082 0.919315 0.955925 0.792632 0.531994 0.481198 0.668479 0.708288 0.835065 0.934057 0.859260 0.991623 0.983942 0.920669 0.951279 0.994174 0.966949 0.952848 0.574111 0.812745 0.921332 0.826133 0.981854 0.994235 0.722032 0.621177 0.818425 0.959554 0.968764 0.865467 0.902162 0.811598 0.785340 0.709886 0.987024 0.880557 0.977339 0.856095 0.904074 0.559108 0.675591 0.715123 0.573480 0.759368 0.851371 0.811677 0.925544 0.950623 0.896737 0.851246 0.860471 0.908420 0.712323 0.847380 0.844666 0.950938 0.965827 0.939765 0.879896 0.886561 0.631709 0.575640 0.727723 0.728428 0.566363 0.598986 0.901023 0.962787 0.940123 0.942492 0.861981 0.880267 0.774932 0.734672 0.828903 0.827135 0.928883 0.941637
0.403819 0.332996 0.480310 0.532015 0.816623 0.762073 0.339000 0.468650 0.622784 0.838808 0.688065 0.547948 0.436531 0.505815 0.513236 0.574932 0.410611 0.441761 0.435650 0.355668 0.662503 0.971902 0.615705 0.600759 0.612597 0.616748 0.789899 0.832700 0.732277 0.781522 0.629754 0.712242 0.000000 0.354227 0.608693 0.868540 0.479697 0.540089 0.663511 0.752723 0.617500 0.727933 0.495010 0.456330 0.644820 0.656740 0.468091 0.537650 0.808195 0.681853 0.810526 0.756003 0.929997 0.834644 0.496592 0.557243 0.318870 0.321503 0.491284 0.628890 0.422027 0.591224 0.419368 0.462963 0.524980 0.459031 0.382690 0.381420 0.442103 0.553715 0.522749 0.720114 0.721968 0.724753 0.814230 0.754875 0.557919 0.751796 0.473581 0.581557 0.362807 0.391381 0.538627 0.508395 0.449534 0.458214 0.742299 0.591631 0.575250 0.592969 0.862295 0.966593 0.732480 0.848091 0.759901 0.984193 0.628392 0.902806 0.818772 0.813157 0.905871 0.866897 0.873070 0.801457 0.625444 0.656117 0.954568 0.960988 0.906072 0.747258 0.858016 0.736322 0.908789 0.824604 0.765848 0.938312
0.387039 0.356646 0.618888 0.656539 0.806227 0.673854 0.380661 0.456665 0.806892 0.996646 0.488942 0.438332 0.524632 0.472556 0.592177 0.637175 0.398374 0.354895 0.403545 0.386250 0.658301 0.928793 0.781021 0.718230 0.780930 0.797933 0.951365 0.927114 0.615389 0.654572 0.876336 0.675299 0.354227 0.000000 0.614590 0.774355 0.590113 0.590724 0.779189 0.758879 0.600391 0.795095 0.523852 0.446709 0.554807 0.567093 0.449322 0.544382 0.676644 0.689596 0.780007 0.780317 0.955697 0.804763 0.529033 0.485995 0.309279 0.325196 0.456884 0.593580 0.421477 0.586478 0.377284 0.367877 0.661496 0.552792 0.424584 0.426983 0.508512 0.567754 0.666375 0.802934 0.726192 0.625998 0.914853 0.874504 0.715876 0.692730 0.628685 0.549442 0.297028 0.357035 0.520081 0.478173 0.558140 0.585405 0.685487 0.671123 0.636943 0.737168 0.884752 0.991730 0.770353 0.856626 0.828478 0.924400 0.514879 0.882036 0.679614 0.752568 0.957693 0.838753 0.795131 0.752896 0.641485 0.689323 0.946875 0.953460 0.850685 0.738750 0.881031 0.739672 0.879792 0.912292 0.809381 0.905315
0.459539 0.478754 0.372096 0.442973 0.802199 0.922719 0.493682 0.613354 0.693978 0.652976 0.896469 0.712399 0.506644 0.580728 0.630761 0.632792 0.857513 0.796931 0.598343 0.629755 0.560651 0.846610 0.579150 0.493189 0.430763 0.504237 0.665515 0.858027 0.831559 0.846417 0.845781 0.832242 0.608693 0.614590 0.000000 0.899893 0.524808 0.492108 0.429748 0.719873 0.852239 0.952188 0.947956 0.971991 0.990882 0.979696 0.726967 0.701827 0.896167 0.896378 0.985716 0.898000 0.836804 0.647216 0.407446 0.540706 0.680289 0.539845 0.529821 0.595877 0.438549 0.546773 0.857328 0.817937 0.347782 0.364718 0.415110 0.532176 0.497589 0.594297 0.832669 0.918610 0.804089 0.885638 0.999846 0.970308 0.935175 0.897464 0.801374 0.865382 0.706492 0.548725 0.518167 0.535111 0.368144 0.365511 0.687683 0.638428 0.408189 0.478222 0.769216 0.718993 0.933000 0.970086 0.794615 0.997937 0.733015 0.940816 0.769981 0.787742 0.546829 0.799857 0.703679 0.779271 0.720426 0.749824 0.871621 0.846078 0.945592 0.921095 0.845267 0.965284 0.781009 0.863466 0.806068 0.933777
0.763739 0.788847 0.880389 0.819191 0.831146 0.666221 0.846281 0.780176 0.867376 0.924582 0.830050 0.677053 0.880151 0.721748 0.851518 0.866831 0.860838 0.724911 0.812321 0.750070 0.746390 0.846828 0.897493 0.780456 0.817080 0.799440 0.808884 0.739760 0.928112 0.866137 0.994528 0.883904 0.868540 0.774355 0.899893 0.000000 0.915648 0.750218 0.848888 0.850828 0.917157 0.835765 0.959692 0.921766 0.942353 0.956888 0.896300 0.899523 0.914532 0.836634 0.801702 0.821014 0.721691 0.617157 0.821282 0.955547 0.732369 0.785506 0.947668 0.937477 0.895920 0.909469 0.916939 0.979006 0.823157 0.766379 0.889134 0.875795 0.821329 0.744818 0.968111 0.996187 0.998249 0.979195 0.882023 0.988811 0.926070 0.988681 0.913671 0.799076 0.754515 0.748926 0.837494 0.862480 0.814159 0.764358 0.888421 0.963132 0.901917 0.833924 0.877524 0.912264 0.908566 0.996880 0.969348 0.964013 0.862966 0.993660 0.998296 0.998978 0.956599 0.989463 0.979753 0.914601 0.868841 0.877405 0.996954 0.852538 0.925356 0.861258 0.970808 0.909781 0.865764 0.804398 0.773286 0.887846
0.424194 0.419671 0.326286 0.384735 0.713886 0.874109 0.443356 0.554062 0.730568 0.591691 0.915193 0.662508 0.353556 0.664108 0.494014 0.506197 0.733903 0.766707 0.603810 0.552845 0.587733 0.878857 0.414464 0.425465 0.344559 0.400034 0.629351 0.717599 0.919750 0.845902 0.639219 0.989181 0.479697 0.590113 0.524808 0.915648 0.000000 0.612795 0.581895 0.746677 0.616119 0.942274 0.909647 0.833729 0.990930 0.976283 0.625107 0.566185 0.888392 0.725279 0.963094 0.762218 0.969723 0.798482 0.383448 0.630054 0.579142 0.410489 0.465467 0.509391 0.365013 0.482987 0.685187 0.646234 0.316252 0.335416 0.455323 0.561371 0.347610 0.402487 0.738626 0.878227 0.753769 0.743393 0.859648 0.928473 0.781442 0.988661 0.710118 0.789050 0.588110 0.476697 0.533821 0.473568 0.280796 0.300409 0.633235 0.545521 0.369146 0.411264 0.778936 0.805111 0.990434 0.979627 0.717579 0.868983 0.691488 0.901963 0.832477 0.833087 0.594005 0.796816 0.846692 0.788284 0.713514 0.661776 0.988975 0.915900 0.922336 0.794994 0.866224 0.937148 0.852106 0.944886 0.803664 0.940485
0.574426 0.521402 0.518764 0.526083 0.830922 0.872889 0.509462 0.566625 0.718848 0.933840 0.861889 0.596730 0.599494 0.530902 0.551568 0.632319 0.744643 0.586405 0.622769 0.465591 0.613516 0.975136 0.599058 0.536557 0.590485 0.622168 0.657215 0.964742 0.964699 0.909841 0.776289 0.886736 0.540089 0.590724 0.492108 0.750218 0.612795 0.000000 0.644208 0.762836 0.881169 0.601334 0.842039 0.816875 0.846471 0.918317 0.720920 0.769319 0.968467 0.905175 0.980870 0.961153 0.779385 0.668503 0.609344 0.769964 0.548240 0.514575 0.727720 0.813903 0.589655 0.642634 0.813997 0.659269 0.526907 0.519485 0.545767 0.561892 0.566400 0.628034 0.673581 0.658604 0.782805 0.784305 0.942144 0.971277 0.753850 0.885948 0.738708 0.744648 0.616963 0.556745 0.721360 0.672812 0.513039 0.505235 0.746637 0.708121 0.584017 0.607420 0.931490 0.936806 0.782353 0.772915 0.979922 0.945343 0.773973 0.883729 0.906373 0.935747 0.789345 0.925049 0.929208 0.947109 0.583424 0.722608 0.833214 0.953524 0.976046 0.923072 0.944153 0.971114 0.838464 0.947096 0.886711 0.914850
