0.000000 0.328092 0.919492 0.753532 0.967983 0.930338 0.986682 0.598220 0.922552 0.979119 0.752071 0.313415 0.605896 0.548954 0.836828 0.735092 0.517489 0.412755 0.552345 0.477118 0.855579 0.928326 0.735323 0.718121 0.790715 0.924747 0.913488 0.993344 0.616770 0.488820 0.804530 0.685968 0.696493 0.692341 0.963408 0.869822 0.857008 0.695258 0.897617 0.813705 0.879617 0.793194 0.762004 0.693019 0.883326 0.714348 0.662312 0.697781 0.681844 0.497512 0.532101 0.543993 0.759882 0.845043 0.702539 0.764310 0.373111 0.335157 0.527645 0.386125 0.788621 0.553134 0.530828 0.315099 0.814360 0.798768 0.874830 0.784947 0.478808 0.549320 0.694675 0.779982 0.830874 0.856341 0.888448 0.988510 0.992175 0.857513 0.831805 0.673268 0.379070 0.395546 0.655080 0.659082 0.498116 0.517719 0.959213 0.873113 0.665309 0.430113 0.970764 0.993702 0.971402 0.940521 0.890749 0.931145 0.817972 0.866920 0.813713 0.859701 0.997605 0.927382 0.745524 0.908733 0.784944 0.914626 0.883174 0.996145 0.969906 0.823880 0.910492 0.923039 0.874839 0.912558 0.895950 0.975791
0.328092 0.000000 0.714571 0.615332 0.915232 0.939017 0.979456 0.589269 0.863529 0.803005 0.918710 0.410169 0.715704 0.670587 0.884417 0.751588 0.407047 0.337914 0.566311 0.502481 0.685339 0.883131 0.707553 0.661583 0.565135 0.738601 0.739410 0.948777 0.634147 0.434813 0.641874 0.631911 0.630238 0.609123 0.832601 0.764979 0.617735 0.575663 0.795078 0.820621 0.856235 0.734793 0.602201 0.556402 0.891973 0.734066 0.529666 0.604365 0.828363 0.511711 0.532194 0.481294 0.691385 0.757161 0.641401 0.695495 0.261289 0.258780 0.543242 0.416293 0.910950 0.596620 0.724295 0.414593 0.639823 0.635323 0.709127 0.628390 0.443854 0.446805 0.664261 0.738989 0.771419 0.830273 0.972929 0.893020 0.877080 0.831559 0.718989 0.546308 0.358626 0.446704 0.529271 0.569115 0.564073 0.474661 0.823636 0.884240 0.812444 0.435424 0.807089 0.870581 0.847458 0.891266 0.915967 0.918715 0.764607 0.836912 0.958483 0.870507 0.888326 0.792425 0.896589 0.975015 0.745870 0.849535 0.829422 0.927297 0.975153 0.737844 0.979414 0.999728 0.895758 0.905359 0.854384 0.950178
0.919492 0.714571 0.000000 0.368003 0.933164 0.960603 0.491359 0.477556 0.711075 0.917593 0.754710 0.921161 0.882341 0.813715 0.659441 0.628222 0.702666 0.699376 0.673102 0.793008 0.578168 0.833583 0.526116 0.546173 0.327587 0.322933 0.714635 0.981385 0.846126 0.679495 0.398581 0.532076 0.551629 0.653039 0.531988 0.695924 0.678218 0.741498 0.654702 0.995892 0.884970 0.771699 0.524563 0.556173 0.848320 0.839006 0.604968 0.667920 0.603233 0.954212 0.855146 0.832635 0.730456 0.638293 0.825884 0.927188 0.698671 0.705949 0.838558 0.814127 0.666385 0.700284 0.997234 0.898491 0.338745 0.361282 0.371434 0.403505 0.886859 0.782220 0.596568 0.686825 0.602781 0.570082 0.782466 0.851652 0.568694 0.694278 0.758271 0.848959 0.900509 0.892038 0.658454 0.968436 0.731669 0.577663 0.923185 0.972413 0.830051 0.855935 0.931312 0.945818 0.845717 0.880213 0.925294 0.808630 0.767795 0.921853 0.974800 0.792071 0.903718 0.988503 0.965546 0.988427 0.581947 0.642594 0.714215 0.797164 0.975849 0.749614 0.877099 0.907778 0.902252 0.917738 0.658744 0.825897
0.753532 0.615332 0.368003 0.000000 0.841037 0.865854 0.634561 0.370166 0.650813 0.987776 0.733513 0.707067 0.687884 0.576717 0.500845 0.391704 0.716570 0.662308 0.555480 0.726229 0.572623 0.911445 0.326959 0.383081 0.340904 0.413118 0.606911 0.954450 0.934033 0.632825 0.361449 0.448282 0.455322 0.736905 0.573637 0.654484 0.673170 0.667615 0.846335 0.934388 0.999615 0.841714 0.419373 0.467659 0.967618 0.906488 0.694076 0.606987 0.692027 0.832561 0.618780 0.545926 0.502513 0.405616 0.839961 0.999592 0.643363 0.573914 0.902284 0.612414 0.706721 0.512117 0.919867 0.766172 0.294791 0.287966 0.421019 0.434026 0.807079 0.729232 0.390364 0.500923 0.515783 0.529777 0.799734 0.839243 0.635352 0.562444 0.748035 0.701418 0.881580 0.890430 0.554420 0.914305 0.587335 0.416943 0.899794 0.939436 0.990338 0.643571 0.772085 0.864053 0.719220 0.713699 0.824632 0.741370 0.812395 0.868779 0.897326 0.682853 0.928881 0.915525 0.954249 0.914868 0.536189 0.578948 0.740538 0.742400 0.942559 0.832371 0.833845 0.983028 0.903302 0.954551 0.567740 0.801988
0.967983 0.915232 0.933164 0.841037 0.000000 0.627936 0.699325 0.718529 0.496752 0.621988 0.919882 0.949109 0.679875 0.793362 0.672915 0.737161 0.925591 0.867301 0.665509 0.826802 0.972696 0.923558 0.711223 0.812390 0.966545 0.962658 0.831713 0.874947 0.895902 0.922362 0.847059 0.855309 0.837236 0.978137 0.865212 0.958629 0.932376 0.957659 0.851248 0.787391 0.839169 0.900523 0.953511 0.909666 0.931920 0.912018 0.822841 0.911968 0.883116 0.886820 0.877675 0.926283 0.799564 0.780988 0.983770 0.897168 0.900285 0.981855 0.995535 0.913037 0.611162 0.599460 0.886762 0.869991 0.946065 0.880624 0.846537 0.993751 0.984981 0.994273 0.692246 0.936924 0.959882 0.878770 0.991700 0.922153 0.818421 0.842999 0.784845 0.987727 0.894954 0.973151 0.857127 0.843043 0.774162 0.913139 0.987663 0.884028 0.864248 0.959784 0.558199 0.599222 0.582093 0.694187 0.940492 0.861540 0.902303 0.791645 0.732880 0.796893 0.744093 0.681304 0.961052 0.928409 0.871473 0.898454 0.853596 0.927696 0.922919 0.973936 0.923166 0.874584 0.867121 0.997548 0.844988 0.863859
0.930338 0.939017 0.960603 0.865854 0.627936 0.000000 0.712892 0.763986 0.635316 0.688769 0.949399 0.932506 0.906925 0.900364 0.794837 0.748922 0.931197 0.991379 0.771912 0.910783 0.875295 0.945801 0.695830 0.737253 0.966026 0.984483 0.945352 0.806395 0.927568 0.997343 0.880120 0.961989 0.906039 0.956096 0.841494 0.931440 0.883351 0.969750 0.916785 0.864870 0.906183 0.999935 0.977414 0.992288 0.686705 0.863379 0.953758 0.901554 0.877631 0.844728 0.793733 0.843045 0.757606 0.724908 0.936951 0.827310 0.944877 0.962614 0.923492 0.869733 0.702689 0.832988 0.876927 0.850098 0.966703 0.958539 0.789105 0.889136 0.906003 0.995321 0.860325 0.874062 0.943211 0.985441 0.922579 0.789618 0.818537 0.859401 0.864658 0.861718 0.998100 0.917875 0.951017 0.895179 0.760209 0.845243 0.992667 0.972666 0.858343 0.908417 0.549706 0.638708 0.578809 0.801784 0.904354 0.994430 0.898528 0.905431 0.657670 0.781020 0.834112 0.822514 0.827136 0.934120 0.898889 0.972678 0.922357 0.918139 0.984638 0.862595 0.955894 0.733001 0.871354 0.982698 0.780016 0.902012
0.986682 0.979456 0.491359 0.634561 0.699325 0.712892 0.000000 0.445299 0.509220 0.591431 0.943885 0.974489 0.838864 0.922189 0.763485 0.864850 0.845146 0.943822 0.593132 0.896886 0.874880 0.831430 0.726534 0.903055 0.736076 0.683441 0.940039 0.935662 0.671862 0.854543 0.613737 0.700006 0.776152 0.698404 0.711523 0.893060 0.971279 0.997662 0.910940 0.933624 0.724280 0.771998 0.766793 0.781694 0.961438 0.940888 0.796114 0.826222 0.801328 0.882277 0.893779 0.972594 0.874510 0.860634 0.907799 0.985138 0.933989 0.939875 0.730518 0.823200 0.349859 0.660090 0.703935 0.857690 0.689210 0.661268 0.644382 0.687519 0.947934 0.997788 0.737287 0.929242 0.775500 0.799393 0.951624 0.956380 0.664610 0.834462 0.925230 0.950534 0.972170 0.903663 0.894476 0.812991 0.794474 0.867686 0.951471 0.875163 0.829763 0.976461 0.623732 0.763924 0.638956 0.797843 0.923451 0.816999 0.767246 0.754406 0.761444 0.739254 0.648575 0.850254 0.933069 0.948632 0.675732 0.844675 0.790707 0.862042 0.984659 0.846617 0.830229 0.982518 0.809557 0.959306 0.773468 0.890931
0.598220 0.589269 0.477556 0.370166 0.718529 0.763986 0.445299 0.000000 0.542559 0.695755 0.986514 0.567567 0.521056 0.504818 0.506730 0.526648 0.675125 0.642245 0.382296 0.557001 0.720101 0.875695 0.443790 0.561889 0.558897 0.622717 0.818186 0.939347 0.649426 0.595692 0.433051 0.497273 0.526823 0.662853 0.691374 0.747250 0.815043 0.762494 0.982928 0.941230 0.915245 0.754234 0.554624 0.573624 0.986666 0.988736 0.711808 0.681231 0.898257 0.834497 0.572584 0.632494 0.589992 0.578530 0.837036 0.960241 0.614509 0.538301 0.696298 0.481643 0.436099 0.327996 0.747909 0.548894 0.511991 0.458768 0.597387 0.589633 0.746670 0.711799 0.441248 0.578889 0.577875 0.590396 0.916020 0.937924 0.654331 0.728839 0.820161 0.751854 0.768315 0.697472 0.682763 0.979178 0.515438 0.505688 0.979929 0.976688 0.885504 0.631052 0.616390 0.684415 0.629518 0.680193 0.846236 0.760323 0.704607 0.805352 0.681899 0.578879 0.710379 0.831925 0.941374 0.921482 0.590606 0.674510 0.736442 0.716267 0.956766 0.817991 0.803325 0.913392 0.821572 0.990802 0.680621 0.868279
0.922552 0.863529 0.711075 0.650813 0.496752 0.635316 0.509220 0.542559 0.000000 0.498546 0.849774 0.986810 0.632160 0.710791 0.587169 0.632436 0.895731 0.853442 0.659801 0.912497 0.908025 0.954675 0.606927 0.734333 0.871711 0.820341 0.875267 0.974138 0.934023 0.959536 0.646733 0.832058 0.837600 0.980318 0.830831 0.930988 0.893074 0.981528 0.868281 0.732730 0.783738 0.983321 0.888636 0.973453 0.977709 0.844235 0.875941 0.991067 0.778229 0.783580 0.910506 0.981576 0.770022 0.728645 0.967438 0.844285 0.876450 0.967720 0.947640 0.967818 0.533985 0.563607 0.980297 0.959881 0.823589 0.745121 0.797527 0.903580 0.951066 0.970839 0.600925 0.724009 0.698233 0.622868 0.905099 0.935513 0.693028 0.741373 0.812789 0.886345 0.762115 0.823667 0.960925 0.684689 0.856578 0.918810 0.863860 0.984546 0.993304 0.987300 0.413403 0.530944 0.485674 0.525453 0.956299 0.765356 0.848705 0.827847 0.599987 0.649917 0.691382 0.697349 0.970855 0.861272 0.764204 0.745415 0.896892 0.674760 0.909834 0.923999 0.883019 0.833436 0.854401 0.985866 0.712527 0.913734
0.979119 0.803005 0.917593 0.987776 0.621988 0.688769 0.591431 0.695755 0.498546 0.000000 0.913694 0.948468 0.678720 0.847145 0.816051 0.992173 0.861511 0.840605 0.773371 0.967024 0.783237 0.983847 0.965912 0.844617 0.702733 0.768414 0.767229 0.967309 0.743912 0.997266 0.917759 0.979519 0.976670 0.951367 0.957967 0.901576 0.653820 0.828716 0.685621 0.830201 0.803540 0.940915 0.898315 0.866644 0.875379 0.918450 0.842106 0.864267 0.872325 0.896587 0.951211 0.911101 0.987218 0.988041 0.955105 0.851537 0.796590 0.856187 0.965827 0.921996 0.524751 0.713298 0.748522 0.883882 0.779438 0.858782 0.848758 0.780997 0.872813 0.922261 0.872691 0.873657 0.992698 0.946047 0.794940 0.766093 0.902130 0.931760 0.827201 0.780601 0.833062 0.898034 0.763533 0.615433 0.979325 0.812557 0.710912 0.781770 0.974264 0.867367 0.440698 0.501120 0.541817 0.652813 0.924081 0.868665 0.900140 0.821895 0.540541 0.673357 0.586977 0.675389 0.851012 0.864739 0.949893 0.985793 0.935860 0.800606 0.924755 0.993633 0.921236 0.821964 0.906268 0.977287 0.929938 0.948533
0.752071 0.918710 0.754710 0.733513 0.919882 0.949399 0.943885 0.986514 0.849774 0.913694 0.000000 0.754400 0.792099 0.890786 0.873269 0.739952 0.888154 0.863294 0.883593 0.805012 0.857722 0.960384 0.682821 0.696919 0.737947 0.677440 0.638066 0.920416 0.735727 0.894380 0.702711 0.849134 0.775468 0.828294 0.697458 0.694483 0.975683 0.882115 0.972283 0.758112 0.823404 0.987226 0.747465 0.878064 0.829515 0.981227 0.893279 0.837860 0.885408 0.911471 0.860252 0.795048 0.674645 0.690434 0.908133 0.918114 0.981961 0.970178 0.819126 0.923839 0.854816 0.999957 0.576656 0.812591 0.708393 0.744756 0.655252 0.752496 0.800528 0.939216 0.864557 0.820505 0.836103 0.792829 0.884839 0.965256 0.738375 0.834450 0.942641 0.972792 0.871264 0.738865 0.849876 0.914323 0.939447 0.807861 0.907362 0.970160 0.909799 0.991199 0.955985 0.981560 0.880080 0.885462 0.885698 0.861921 0.899343 0.995497 0.987530 0.833043 0.803882 0.989933 0.883667 0.929337 0.826622 0.737109 0.823060 0.795156 0.914057 0.939920 0.956747 0.935421 0.991919 0.879004 0.877468 0.791962
0.313415 0.410169 0.921161 0.707067 0.949109 0.932506 0.974489 0.567567 0.986810 0.948468 0.754400 0.000000 0.548539 0.449813 0.719919 0.659400 0.598927 0.434701 0.527759 0.407252 0.792719 0.992456 0.699924 0.675033 0.805760 0.923592 0.927753 0.963702 0.656512 0.472859 0.780739 0.700413 0.664074 0.746186 0.904348 0.936865 0.856502 0.715768 0.976103 0.984301 0.901629 0.820181 0.785927 0.738876 0.956939 0.797169 0.794957 0.780481 0.790444 0.621694 0.581177 0.583789 0.758712 0.795804 0.740272 0.887671 0.460431 0.393250 0.653545 0.451488 0.821263 0.479351 0.657621 0.368189 0.816236 0.769297 0.900669 0.824169 0.443985 0.561156 0.678011 0.680388 0.798571 0.753012 0.933403 0.948597 0.933254 0.876052 0.797844 0.638932 0.475938 0.482399 0.692110 0.694019 0.546206 0.531115 0.977040 0.850139 0.647089 0.512554 0.955245 0.917209 0.973281 0.917446 0.932667 0.920386 0.819924 0.944997 0.801607 0.838661 0.988305 0.966407 0.821033 0.861308 0.778482 0.906004 0.849816 0.905379 0.978777 0.844754 0.923504 0.838804 0.905374 0.992074 0.920070 0.988537
0.605896 0.715704 0.882341 0.687884 0.679875 0.906925 0.838864 0.521056 0.632160 0.678720 0.792099 0.548539 0.000000 0.383926 0.481529 0.637970 0.903240 0.849095 0.548925 0.568369 0.923409 0.927366 0.662862 0.740565 0.935279 0.962516 0.949868 0.961228 0.683760 0.618786 0.704681 0.667536 0.762963 0.833422 0.960240 0.998610 0.899321 0.914750 0.861210 0.974920 0.970065 0.952406 0.879246 0.904310 0.861482 0.942241 0.974091 0.929434 0.952950 0.904741 0.785724 0.756913 0.828533 0.757661 0.989967 0.924734 0.819396 0.691605 0.881539 0.618433 0.573401 0.496343 0.727882 0.597975 0.889874 0.826333 0.994520 0.968697 0.711677 0.752288 0.544494 0.565373 0.665267 0.653351 0.971113 0.943402 0.888904 0.738613 0.982736 0.932787 0.915194 0.904908 0.867598 0.870156 0.797191 0.817177 0.827680 0.967998 0.817609 0.779861 0.607163 0.597377 0.688790 0.598553 0.972919 0.841143 0.642989 0.794332 0.623026 0.725134 0.764450 0.670015 0.906844 0.769595 0.891771 0.810444 0.926885 0.771596 0.960966 0.873030 0.963706 0.841793 0.797783 0.957930 0.840717 0.929693
0.548954 0.670587 0.813715 0.576717 0.793362 0.900364 0.922189 0.504818 0.710791 0.847145 0.890786 0.449813 0.383926 0.000000 0.449946 0.443652 0.832396 0.678728 0.535368 0.454455 0.765980 0.962448 0.505852 0.515016 0.808675 0.821255 0.901412 0.896754 0.780945 0.627381 0.650196 0.625092 0.717054 0.869522 0.858801 0.955697 0.924683 0.868852 0.914565 0.934273 0.942179 0.830490 0.836300 0.841808 0.856983 0.924334 0.950722 0.957846 0.946643 0.844209 0.685849 0.647004 0.726294 0.637886 0.936493 0.886267 0.769044 0.588228 0.975822 0.609199 0.743556 0.454645 0.814727 0.551131 0.758414 0.697464 0.851726 0.891166 0.758414 0.758957 0.506568 0.490596 0.597036 0.509242 0.884222 0.940973 0.852530 0.822307 0.871634 0.820900 0.846663 0.770443 0.773124 0.972867 0.642723 0.597963 0.971134 0.926941 0.743025 0.591139 0.662486 0.656103 0.687018 0.589291 0.815039 0.729707 0.787035 0.899826 0.679108 0.682692 0.819205 0.724262 0.946224 0.777564 0.731158 0.713357 0.946184 0.756767 0.973555 0.892724 0.932406 0.876057 0.818878 0.959326 0.785829 0.882990
0.836828 0.884417 0.659441 0.500845 0.672915 0.794837 0.763485 0.506730 0.587169 0.816051 0.873269 0.719919 0.481529 0.449946 0.000000 0.396959 0.959078 0.879586 0.671540 0.704046 0.725711 0.960755 0.386994 0.494142 0.748111 0.717983 0.844102 0.929136 0.840881 0.725059 0.571697 0.650616 0.639710 0.919820 0.691310 0.756283 0.878794 0.878440 0.893718 0.845293 0.979862 0.914485 0.782146 0.838026 0.942618 0.867220 0.977744 0.984100 0.798691 0.946579 0.803262 0.698319 0.627921 0.497593 0.998810 0.835304 0.977269 0.780345 0.899436 0.754721 0.662614 0.578780 0.993330 0.798313 0.636661 0.649779 0.686027 0.767683 0.921221 0.726768 0.436600 0.438977 0.565460 0.562486 0.718279 0.978972 0.660977 0.702447 0.914208 0.949307 0.950235 0.929257 0.705528 0.850268 0.703629 0.650947 0.935070 0.999269 0.835115 0.808794 0.530381 0.542563 0.532191 0.432379 0.832595 0.845268 0.852962 0.952772 0.612067 0.589746 0.819159 0.603057 0.947707 0.844841 0.707494 0.643664 0.868955 0.781987 0.809297 0.950057 0.926487 0.801685 0.877191 0.957680 0.702573 0.881434
0.735092 0.751588 0.628222 0.391704 0.737161 0.748922 0.864850 0.526648 0.632436 0.992173 0.739952 0.659400 0.637970 0.443652 0.396959 0.000000 0.892406 0.785145 0.632880 0.711508 0.682743 0.944781 0.249643 0.302500 0.575521 0.614728 0.629866 0.923417 0.994460 0.654291 0.530304 0.566046 0.576593 0.935154 0.606516 0.714683 0.850976 0.776030 0.995590 0.941698 0.901080 0.993357 0.651801 0.675398 0.916515 0.967156 0.908108 0.744237 0.877742 0.741543 0.586189 0.492304 0.439201 0.372902 0.852729 0.945228 0.807088 0.637890 0.974052 0.635546 0.766951 0.533567 0.907468 0.739615 0.475681 0.491602 0.505657 0.610978 0.830856 0.724798 0.409267 0.504074 0.548708 0.570390 0.766327 0.868323 0.659489 0.668728 0.904472 0.789759 0.937746 0.931324 0.565440 0.969460 0.510262 0.435240 0.922852 0.772776 0.717569 0.566028 0.637054 0.674953 0.571510 0.572762 0.726685 0.741278 0.879126 0.980773 0.687976 0.597454 0.964422 0.751914 0.925617 0.992828 0.557400 0.605088 0.840318 0.764451 0.885372 0.998425 0.836457 0.779780 0.852691 0.940211 0.595938 0.815873
0.517489 0.407047 0.702666 0.716570 0.925591 0.931197 0.845146 0.675125 0.895731 0.861511 0.888154 0.598927 0.903240 0.832396 0.959078 0.892406 0.000000 0.393593 0.645045 0.618673 0.764753 0.892445 0.801207 0.809709 0.598814 0.769691 0.854640 0.965727 0.515025 0.508925 0.724469 0.727024 0.731862 0.528029 0.804344 0.873462 0.726619 0.680833 0.780542 0.831160 0.987043 0.658225 0.710058 0.610731 0.855693 0.738583 0.494702 0.590311 0.861257 0.673917 0.754524 0.722562 0.829862 0.889378 0.603007 0.571168 0.440050 0.449541 0.600057 0.602792 0.860901 0.759316 0.641348 0.516279 0.697344 0.719656 0.699835 0.651987 0.612370 0.634915 0.800719 0.938683 0.937879 0.985627 0.944045 0.952249 0.805584 0.907212 0.771878 0.648733 0.442134 0.447475 0.633180 0.567387 0.620476 0.600124 0.780460 0.930241 0.937110 0.587705 0.822857 0.825114 0.846074 0.825913 0.979439 0.852213 0.797609 0.850499 0.895596 0.952768 0.973145 0.809422 0.986063 0.958703 0.810718 0.862382 0.915613 0.967726 0.941051 0.696821 0.943156 0.982874 0.913609 0.976006 0.871847 0.902491
0.412755 0.337914 0.699376 0.662308 0.867301 0.991379 0.943822 0.642245 0.853442 0.840605 0.863294 0.434701 0.849095 0.678728 0.879586 0.785145 0.393593 0.000000 0.622703 0.518152 0.674643 0.965131 0.744028 0.695141 0.589359 0.690446 0.851925 0.998543 0.627605 0.431146 0.667583 0.656411 0.638153 0.651229 0.818975 0.823633 0.720095 0.590477 0.767795 0.843155 0.924000 0.664837 0.624810 0.557943 0.902112 0.697165 0.558673 0.544957 0.816763 0.590288 0.594809 0.555774 0.750484 0.757109 0.629053 0.698514 0.361869 0.330827 0.624170 0.523730 0.954853 0.665012 0.729840 0.451482 0.662965 0.666715 0.694173 0.667897 0.512035 0.486949 0.735394 0.816593 0.851864 0.833934 0.935905 0.939578 0.853351 0.873039 0.653070 0.513833 0.358183 0.431826 0.622493 0.538397 0.635030 0.511057 0.805118 0.969462 0.852427 0.514607 0.809352 0.843931 0.888833 0.885753 0.867487 0.858402 0.813958 0.893339 0.952690 0.856997 0.954855 0.812504 0.882561 0.999178 0.716766 0.837873 0.836953 0.954542 0.948058 0.742154 0.860001 0.918603 0.961353 0.930816 0.850773 0.927396
0.552345 0.566311 0.673102 0.555480 0.665509 0.771912 0.593132 0.382296 0.659801 0.773371 0.883593 0.527759 0.548925 0.535368 0.671540 0.632880 0.645045 0.622703 0.000000 0.497265 0.826586 0.886356 0.582043 0.652759 0.698664 0.726368 0.866438 0.969777 0.637988 0.553383 0.604937 0.642976 0.662627 0.664976 0.783706 0.825949 0.761826 0.768055 0.993164 0.866422 0.940882 0.757273 0.753530 0.689016 0.972318 0.963604 0.716678 0.773978 0.950209 0.849170 0.657978 0.692094 0.737931 0.752069 0.671628 0.902315 0.601410 0.521697 0.683325 0.556998 0.540150 0.402600 0.662823 0.485205 0.662973 0.594702 0.680945 0.756991 0.671517 0.697746 0.621443 0.731537 0.712075 0.670148 0.969161 0.954096 0.800033 0.808453 0.965424 0.824094 0.689124 0.624129 0.688439 0.854303 0.519416 0.544090 0.952128 0.915846 0.893787 0.594249 0.734636 0.779538 0.764427 0.817044 0.850609 0.818908 0.660691 0.765474 0.681402 0.757033 0.687246 0.896155 0.851988 0.874526 0.607482 0.780823 0.888797 0.866427 0.955661 0.755897 0.769795 0.890366 0.894254 0.954301 0.730299 0.963280
0.477118 0.502481 0.793008 0.726229 0.826802 0.910783 0.896886 0.557001 0.912497 0.967024 0.805012 0.407252 0.568369 0.454455 0.704046 0.711508 0.618673 0.518152 0.497265 0.000000 0.801603 0.938040 0.724702 0.678174 0.746525 0.801295 0.900770 0.976711 0.628896 0.546613 0.739376 0.702535 0.708498 0.739985 0.881525 0.878245 0.728010 0.776214 0.966645 0.967961 0.968293 0.761403 0.914331 0.836545 0.883058 0.989888 0.793040 0.853998 0.960416 0.868279 0.782677 0.767614 0.908975 0.892702 0.837568 0.863124 0.567262 0.452581 0.749236 0.597332 0.793533 0.495162 0.649872 0.417303 0.815125 0.736377 0.865942 0.800490 0.538803 0.639470 0.689222 0.742641 0.783181 0.757957 0.986621 0.999234 0.865261 0.938092 0.818906 0.669421 0.584660 0.483486 0.662144 0.759528 0.588714 0.626979 0.985530 0.886627 0.769851 0.620498 0.970721 0.921894 0.993858 0.920587 0.894635 0.895935 0.727163 0.933112 0.885018 0.911825 0.937452 0.988921 0.903562 0.837771 0.733037 0.772211 0.981522 0.893186 0.868699 0.836812 0.996659 0.996148 0.886580 0.927781 0.926159 0.939568
0.855579 0.685339 0.578168 0.572623 0.972696 0.875295 0.874880 0.720101 0.908025 0.783237 0.857722 0.792719 0.923409 0.765980 0.725711 0.682743 0.764753 0.674643 0.826586 0.801603 0.000000 0.995474 0.673897 0.667183 0.524723 0.498881 0.801835 0.995625 0.945028 0.751884 0.570025 0.729756 0.693645 0.844808 0.709975 0.810411 0.770742 0.892579 0.842680 0.952070 0.887989 0.855852 0.736280 0.799000 0.789204 0.785527 0.883662 0.833005 0.713459 0.970147 0.918465 0.824844 0.865516 0.759517 0.851628 0.988344 0.725165 0.728161 0.958152 0.914174 0.998724 0.802451 0.945780 0.913099 0.536847 0.583735 0.609291 0.689247 0.810261 0.866230 0.710526 0.750465 0.640757 0.634966 0.768788 0.866035 0.783603 0.822999 0.739136 0.739597 0.856599 0.873204 0.745848 0.913287 0.810948 0.646446 0.884074 0.952296 0.965397 0.818139 0.906730 0.882473 0.982683 0.884969 0.827397 0.852287 0.911079 0.874916 0.848635 0.900182 0.889308 0.959113 0.889544 0.986276 0.729749 0.782078 0.918241 0.995873 0.889243 0.851648 0.945715 0.818960 0.900819 0.980788 0.725228 0.973489
0.928326 0.883131 0.833583 0.911445 0.923558 0.945801 0.831430 0.875695 0.954675 0.983847 0.960384 0.992456 0.927366 0.962448 0.960755 0.944781 0.892445 0.965131 0.886356 0.938040 0.995474 0.000000 0.993023 0.965020 0.826796 0.896920 0.919113 0.984946 0.975012 0.994434 0.869861 0.859177 0.919569 0.687992 0.903665 0.995489 0.966949 0.955514 0.972153 0.843010 0.874281 0.803436 0.903179 0.905489 0.961140 0.972100 0.879717 0.941590 0.991223 0.987010 0.986805 0.956747 0.944684 0.981971 0.951144 0.931173 0.915206 0.969772 0.818664 0.893075 0.779162 0.961732 0.953707 0.975921 0.892917 0.939727 0.882942 0.906473 0.921415 0.959881 0.971378 0.862738 0.930129 0.926155 0.897472 0.979768 0.877166 0.909234 0.942691 0.896563 0.986413 0.978882 0.991105 0.999157 0.956661 0.962220 0.997885 0.850568 0.826915 0.958056 0.987338 0.980968 0.984367 0.967075 0.985794 0.948775 0.997320 0.987990 0.968632 0.954132 0.916508 0.918175 0.915537 0.988735 0.968290 0.958499 0.785353 0.977164 0.921645 0.749714 0.798611 0.943914 0.867754 0.857721 0.716773 0.971367
0.735323 0.707553 0.526116 0.326959 0.711223 0.695830 0.726534 0.443790 0.606927 0.965912 0.682821 0.699924 0.662862 0.505852 0.386994 0.249643 0.801207 0.744028 0.582043 0.724702 0.673897 0.993023 0.000000 0.290063 0.496804 0.543954 0.583313 0.910565 0.910312 0.612547 0.429225 0.510794 0.496191 0.873587 0.570049 0.658828 0.801503 0.722127 0.954458 0.931776 0.964816 0.893994 0.587690 0.622729 0.868453 0.998848 0.816826 0.718493 0.857515 0.715262 0.557247 0.478070 0.412457 0.347144 0.821569 0.988953 0.739376 0.599399 0.923676 0.608765 0.703530 0.526343 0.951441 0.714262 0.415036 0.435644 0.405831 0.517756 0.868747 0.675310 0.362397 0.502098 0.531799 0.572555 0.768941 0.897658 0.601388 0.656861 0.872826 0.744967 0.899258 0.918073 0.518761 0.982350 0.470414 0.394870 0.927705 0.787396 0.815072 0.553680 0.637764 0.686699 0.559277 0.584892 0.778525 0.747817 0.831494 0.919611 0.703392 0.566836 0.908226 0.764814 0.916490 0.990927 0.514678 0.556694 0.874049 0.757901 0.932841 0.940823 0.812081 0.805923 0.890962 0.939070 0.594964 0.827589
0.718121 0.661583 0.546173 0.383081 0.812390 0.737253 0.903055 0.561889 0.734333 0.844617 0.696919 0.675033 0.740565 0.515016 0.494142 0.302500 0.809709 0.695141 0.652759 0.678174 0.667183 0.965020 0.290063 0.000000 0.468725 0.506160 0.558626 0.942688 0.969167 0.672439 0.523066 0.618297 0.520486 0.928469 0.590081 0.677644 0.733872 0.694735 0.854534 0.953481 0.929251 0.890712 0.643411 0.692059 0.959682 0.935918 0.788851 0.706104 0.809015 0.738455 0.595545 0.498863 0.484998 0.391237 0.810946 0.993342 0.705027 0.577118 0.982686 0.710894 0.903719 0.626674 0.868958 0.758465 0.430895 0.438370 0.436241 0.540454 0.850248 0.688970 0.478157 0.520078 0.617583 0.545557 0.739210 0.811270 0.679464 0.684984 0.849795 0.709728 0.834644 0.839862 0.523680 0.874041 0.512392 0.350874 0.824793 0.734415 0.778660 0.569641 0.802647 0.868585 0.712665 0.737157 0.779579 0.803658 0.865316 0.986722 0.824956 0.722314 0.990702 0.877583 0.973340 0.956244 0.551447 0.573425 0.921055 0.851870 0.960647 0.959532 0.914145 0.830469 0.919530 0.910371 0.663326 0.813570
0.790715 0.565135 0.327587 0.340904 0.966545 0.966026 0.736076 0.558897 0.871711 0.702733 0.737947 0.805760 0.935279 0.808675 0.748111 0.575521 0.598814 0.589359 0.698664 0.746525 0.524723 0.826796 0.496804 0.468725 0.000000 0.309207 0.615668 0.996179 0.977538 0.648601 0.436200 0.568920 0.516377 0.695180 0.575833 0.693743 0.581855 0.652489 0.657569 0.937991 0.975312 0.782307 0.468555 0.474415 0.928224 0.904595 0.577744 0.557279 0.694997 0.887217 0.759652 0.691845 0.668597 0.591422 0.794312 0.826950 0.557232 0.554485 0.835895 0.734387 0.882560 0.717125 0.885854 0.832598 0.290634 0.326875 0.392360 0.371035 0.738918 0.760301 0.589189 0.711044 0.628670 0.653840 0.796428 0.813689 0.712491 0.633709 0.729207 0.678519 0.762282 0.772192 0.544471 0.715197 0.645820 0.452335 0.791560 0.901895 0.908233 0.693348 0.888899 0.808145 0.983499 0.986537 0.900818 0.762488 0.798530 0.946115 0.838272 0.906719 0.867969 0.827632 0.910748 0.817389 0.590248 0.626162 0.733419 0.898722 0.935517 0.758763 0.916336 0.930361 0.952468 0.985763 0.595252 0.794880
0.924747 0.738601 0.322933 0.413118 0.962658 0.984483 0.683441 0.622717 0.820341 0.768414 0.677440 0.923592 0.962516 0.821255 0.717983 0.614728 0.769691 0.690446 0.726368 0.801295 0.498881 0.896920 0.543954 0.506160 0.309207 0.000000 0.716857 0.951257 0.978887 0.757153 0.484946 0.617459 0.551291 0.740573 0.542023 0.722220 0.659782 0.724839 0.662110 0.955408 0.972885 0.835801 0.533141 0.599049 0.825001 0.803350 0.613538 0.656790 0.592886 0.977702 0.833768 0.791213 0.766159 0.642589 0.779395 0.898929 0.710483 0.710814 0.934856 0.865418 0.869740 0.779331 0.886513 0.943140 0.329196 0.342745 0.399014 0.437590 0.896199 0.832349 0.664401 0.726692 0.629047 0.617016 0.765415 0.831465 0.690920 0.676114 0.732623 0.802210 0.875318 0.883244 0.617491 0.837606 0.737847 0.524507 0.799577 0.980398 0.906359 0.853815 0.950852 0.812037 0.958529 0.981237 0.843209 0.767303 0.808475 0.980633 0.861667 0.957263 0.967004 0.929846 0.847606 0.886128 0.553059 0.570211 0.746678 0.890432 0.973257 0.760179 0.948480 0.801635 0.908377 0.913988 0.649579 0.822707
0.913488 0.739410 0.714635 0.606911 0.831713 0.945352 0.940039 0.818186 0.875267 0.767229 0.638066 0.927753 0.949868 0.901412 0.844102 0.629866 0.854640 0.851925 0.866438 0.900770 0.801835 0.919113 0.583313 0.558626 0.615668 0.716857 0.000000 0.949865 0.937069 0.806889 0.686950 0.722779 0.647334 0.960695 0.737594 0.716039 0.626722 0.661992 0.832385 0.931959 0.970280 0.820835 0.739941 0.801976 0.889484 0.982224 0.936897 0.849702 0.891629 0.790176 0.726642 0.647884 0.591940 0.676705 0.865612 0.920190 0.736902 0.701944 0.891535 0.841790 0.985748 0.798643 0.845495 0.905812 0.637777 0.660648 0.612647 0.699139 0.834476 0.705368 0.638200 0.872797 0.823404 0.885416 0.749140 0.884288 0.781935 0.806087 0.896142 0.748825 0.923767 0.995651 0.649630 0.828702 0.687737 0.668020 0.725757 0.793387 0.963617 0.751195 0.963296 0.991378 0.944481 0.889854 0.952939 0.895880 0.944813 0.876138 0.929403 0.922854 0.784059 0.996051 0.981427 0.985532 0.723421 0.712205 0.948806 0.994349 0.909047 0.990104 0.891676 0.915412 0.995073 0.957124 0.904295 0.963455
0.993344 0.948777 0.981385 0.954450 0.874947 0.806395 0.935662 0.939347 0.974138 0.967309 0.920416 0.963702 0.961228 0.896754 0.929136 0.923417 0.965727 0.998543 0.969777 0.976711 0.995625 0.984946 0.910565 0.942688 0.996179 0.951257 0.949865 0.000000 0.908908 0.945880 0.999072 0.980656 0.987745 0.975743 0.854867 0.858792 0.822032 0.942237 0.885191 0.909142 0.958698 0.948630 0.993710 0.958655 0.938488 0.971313 0.960845 0.938434 0.963384 0.961384 0.922650 0.940943 0.938817 0.873289 0.822460 0.922075 0.989254 0.958066 0.910927 0.953331 0.863413 0.994337 0.947481 0.964598 0.965922 0.987034 0.989617 0.920993 0.967119 0.890974 0.889465 0.982343 0.887119 0.951126 0.993579 0.799294 0.958418 0.977152 0.929648 0.861196 0.970915 0.954959 0.974069 0.807468 0.927984 0.969046 0.938528 0.977400 0.952139 0.981117 0.871661 0.887578 0.839205 0.853553 0.955373 0.902948 0.977865 0.982119 0.928139 0.913359 0.967878 0.820215 0.919255 0.932918 0.911529 0.774732 0.951896 0.894268 0.924893 0.820880 0.822411 0.988348 0.915120 0.878256 0.986286 0.923519
0.616770 0.634147 0.846126 0.934033 0.895902 0.927568 0.671862 0.649426 0.934023 0.743912 0.735727 0.656512 0.683760 0.780945 0.840881 0.994460 0.515025 0.627605 0.637988 0.628896 0.945028 0.975012 0.910312 0.969167 0.977538 0.978887 0.937069 0.908908 0.000000 0.479705 0.816295 0.808858 0.891007 0.636446 0.917810 0.981438 0.863699 0.898240 0.943179 0.820903 0.922013 0.816293 0.936797 0.864186 0.954489 0.767057 0.722514 0.900686 0.797775 0.781739 0.866526 0.905543 0.996047 0.927513 0.820611 0.751221 0.645761 0.628067 0.575263 0.652340 0.578189 0.748615 0.423018 0.483300 0.969982 0.967361 0.910265 0.895949 0.693684 0.654549 0.804084 0.945663 0.970716 0.971207 0.877652 0.855527 0.806917 0.897114 0.833145 0.870834 0.598508 0.595089 0.865920 0.933794 0.729005 0.880244 0.992661 0.991408 0.917403 0.786592 0.959926 0.924327 0.979462 0.980276 0.882010 0.926095 0.719022 0.803655 0.879582 0.835629 0.803008 0.899034 0.857646 0.824152 0.903331 0.987064 0.960527 0.979778 0.999119 0.816569 0.901394 0.930483 0.833932 0.869052 0.978888 0.980356
0.488820 0.434813 0.679495 0.632825 0.922362 0.997343 0.854543 0.595692 0.959536 0.997266 0.894380 0.472859 0.618786 0.627381 0.725059 0.654291 0.508925 0.431146 0.553383 0.546613 0.751884 0.994434 0.612547 0.672439 0.648601 0.757153 0.806889 0.945880 0.479705 0.000000 0.651041 0.586156 0.606350 0.665281 0.781057 0.838107 0.682515 0.709433 0.796849 0.802884 0.942192 0.886533 0.728829 0.658760 0.909207 0.801718 0.598721 0.705534 0.891068 0.645344 0.661790 0.613538 0.783242 0.784677 0.625331 0.803698 0.421168 0.397169 0.549803 0.480223 0.697283 0.608581 0.644488 0.424209 0.660570 0.657554 0.643388 0.642951 0.466572 0.442591 0.577794 0.799205 0.827376 0.777012 0.960706 0.976879 0.782365 0.859048 0.809363 0.671911 0.510803 0.575830 0.584079 0.737172 0.546681 0.562686 0.980967 0.807186 0.808181 0.542478 0.935865 0.949762 0.981058 0.996310 0.992830 0.892423 0.675501 0.839404 0.925543 0.787676 0.996294 0.965369 0.833306 0.985853 0.732959 0.819658 0.916906 0.914413 0.960005 0.822372 0.776283 0.923466 0.924919 0.906080 0.790693 0.989485
0.804530 0.641874 0.398581 0.361449 0.847059 0.880120 0.613737 0.433051 0.646733 0.917759 0.702711 0.780739 0.704681 0.650196 0.571697 0.530304 0.724469 0.667583 0.604937 0.739376 0.570025 0.869861 0.429225 0.523066 0.436200 0.484946 0.686950 0.999072 0.816295 0.651041 0.000000 0.442687 0.526879 0.695591 0.608648 0.695832 0.788741 0.757224 0.898227 0.903873 0.976756 0.792536 0.542874 0.583656 0.952778 0.946481 0.780149 0.714112 0.762551 0.868479 0.728363 0.657591 0.628034 0.547999 0.824620 0.931491 0.645342 0.616208 0.906126 0.726815 0.729829 0.592746 0.988113 0.773307 0.457046 0.478555 0.473317 0.531236 0.868901 0.723233 0.494468 0.497401 0.547490 0.596689 0.895934 0.970601 0.569907 0.640590 0.762591 0.724564 0.864414 0.930200 0.725473 0.955120 0.722946 0.596657 0.947209 0.868454 0.924387 0.705181 0.777211 0.827355 0.690790 0.645733 0.939098 0.697148 0.814551 0.844150 0.848172 0.570969 0.906941 0.812479 0.914078 0.987417 0.599962 0.607386 0.700469 0.682423 0.913602 0.754433 0.849267 0.992843 0.851588 0.975725 0.624760 0.821259
0.685968 0.631911 0.532076 0.448282 0.855309 0.961989 0.700006 0.497273 0.832058 0.979519 0.849134 0.700413 0.667536 0.625092 0.650616 0.566046 0.727024 0.656411 0.642976 0.702535 0.729756 0.859177 0.510794 0.618297 0.568920 0.617459 0.722779 0.980656 0.808858 0.586156 0.442687 0.000000 0.518573 0.762618 0.744320 0.829816 0.808970 0.716490 0.913636 0.941028 0.972632 0.829524 0.502054 0.544506 0.935081 0.970809 0.684827 0.661125 0.896919 0.763141 0.646353 0.613200 0.634659 0.629010 0.925235 0.967346 0.643269 0.618545 0.756963 0.561971 0.652128 0.564444 0.879892 0.664220 0.477076 0.494986 0.569465 0.567683 0.758558 0.773774 0.553483 0.693445 0.638539 0.711208 0.920631 0.819399 0.771758 0.720068 0.815549 0.709377 0.819074 0.808023 0.626638 0.903147 0.630920 0.553222 0.977930 0.946344 0.883698 0.625144 0.895461 0.942849 0.840480 0.850617 0.937510 0.822446 0.865666 0.777233 0.920077 0.756467 0.970388 0.878858 0.897720 0.873129 0.542581 0.631499 0.755468 0.786451 0.913691 0.778507 0.817196 0.865925 0.834481 0.998425 0.740880 0.912197
0.696493 0.630238 0.551629 0.455322 0.837236 0.906039 0.776152 0.526823 0.837600 0.976670 0.775468 0.664074 0.762963 0.717054 0.639710 0.576593 0.731862 0.638153 0.662627 0.708498 0.693645 0.919569 0.496191 0.520486 0.516377 0.551291 0.647334 0.987745 0.891007 0.606350 0.526879 0.518573 0.000000 0.746528 0.615612 0.678045 0.825101 0.622193 0.854644 0.865829 0.852051 0.887888 0.668314 0.685767 0.980373 0.959263 0.734158 0.694193 0.867575 0.839097 0.701200 0.673157 0.723108 0.656529 0.834758 0.853533 0.606959 0.580519 0.776025 0.646676 0.796627 0.560841 0.942219 0.670236 0.512630 0.500964 0.507654 0.547419 0.672915 0.617023 0.574241 0.661813 0.654551 0.691294 0.868381 0.821878 0.750539 0.783331 0.886129 0.624343 0.748299 0.748409 0.584821 0.799458 0.559480 0.460714 0.931251 0.882761 0.926127 0.682543 0.937546 0.966982 0.880022 0.869880 0.943738 0.871210 0.765780 0.950890 0.865563 0.800114 0.996879 0.995456 0.947125 0.905632 0.605482 0.672386 0.800546 0.882281 0.950549 0.893042 0.872848 0.935729 0.996483 0.986750 0.724652 0.959961
0.692341 0.609123 0.653039 0.736905 0.978137 0.956096 0.698404 0.662853 0.980318 0.951367 0.828294 0.746186 0.833422 0.869522 0.919820 0.935154 0.528029 0.651229 0.664976 0.739985 0.844808 0.687992 0.873587 0.928469 0.695180 0.740573 0.960695 0.975743 0.636446 0.665281 0.695591 0.762618 0.746528 0.000000 0.786258 0.925818 0.895771 0.812008 0.794178 0.805712 0.938693 0.752390 0.794403 0.667783 0.920819 0.848513 0.599007 0.868986 0.958010 0.881017 0.897418 0.907944 0.950329 0.998970 0.711464 0.660586 0.649227 0.723162 0.638420 0.687634 0.710617 0.774635 0.682215 0.677236 0.764178 0.771781 0.688388 0.640609 0.695098 0.775317 0.832269 0.847932 0.901560 0.966672 0.938273 0.886454 0.807836 0.810864 0.879393 0.943675 0.704163 0.682856 0.750580 0.806722 0.801471 0.755342 0.978727 0.952244 0.961358 0.823140 0.967543 0.961268 0.995032 0.982746 0.888699 0.816778 0.855161 0.959278 0.946983 0.859759 0.897461 0.911278 0.875103 0.941040 0.844867 0.900033 0.710006 0.959958 0.905105 0.828408 0.968041 0.962558 0.843904 0.968782 0.873012 0.914023
0.963408 0.832601 0.531988 0.573637 0.865212 0.841494 0.711523 0.691374 0.830831 0.957967 0.697458 0.904348 0.960240 0.858801 0.691310 0.606516 0.804344 0.818975 0.783706 0.881525 0.709975 0.903665 0.570049 0.590081 0.575833 0.542023 0.737594 0.854867 0.917810 0.781057 0.608648 0.744320 0.615612 0.786258 0.000000 0.790761 0.847616 0.840784 0.703208 0.953466 0.969623 0.910885 0.730293 0.783609 0.963626 0.964346 0.752451 0.681591 0.792466 0.894097 0.816963 0.834233 0.737978 0.672257 0.746962 0.920990 0.852936 0.810126 0.923614 0.871246 0.816422 0.790486 0.878444 0.938270 0.510569 0.551269 0.497922 0.581275 0.884753 0.823990 0.791740 0.739164 0.761077 0.762493 0.681101 0.950124 0.678954 0.874905 0.761606 0.906116 0.913561 0.894210 0.632900 0.893536 0.701511 0.572655 0.848902 0.908018 0.960998 0.858898 0.913437 0.997989 0.824102 0.867832 0.924380 0.792789 0.950223 0.942759 0.980108 0.903620 0.969465 0.883726 0.912778 0.960359 0.720873 0.803448 0.722100 0.996747 0.938725 0.817766 0.946067 0.937529 0.861234 0.936039 0.769534 0.859910
0.869822 0.764979 0.695924 0.654484 0.958629 0.931440 0.893060 0.747250 0.930988 0.901576 0.694483 0.936865 0.998610 0.955697 0.756283 0.714683 0.873462 0.823633 0.825949 0.878245 0.810411 0.995489 0.658828 0.677644 0.693743 0.722220 0.716039 0.858792 0.981438 0.838107 0.695832 0.829816 0.678045 0.925818 0.790761 0.000000 0.799054 0.689849 0.961750 0.988382 0.978541 0.966236 0.728065 0.713537 0.791210 0.912230 0.824331 0.752846 0.979760 0.769490 0.753623 0.692903 0.689982 0.693957 0.728936 0.875548 0.754336 0.715788 0.880296 0.767856 0.977130 0.798422 0.910710 0.850504 0.690374 0.689872 0.624458 0.619254 0.930810 0.735010 0.597629 0.776334 0.854102 0.909306 0.874214 0.931884 0.772780 0.856103 0.899834 0.829394 0.857393 0.967117 0.745046 0.896432 0.702021 0.685297 0.867244 0.985608 0.899518 0.799791 0.956525 0.978675 0.896627 0.887939 0.771768 0.989647 0.956884 0.928670 0.887500 0.813257 0.911838 0.872225 0.868571 0.964151 0.796037 0.741867 0.902333 0.848318 0.859110 0.904564 0.865038 0.939716 0.956558 0.858026 0.901088 0.817496
0.857008 0.617735 0.678218 0.673170 0.932376 0.883351 0.971279 0.815043 0.893074 0.653820 0.975683 0.856502 0.899321 0.924683 0.878794 0.850976 0.726619 0.720095 0.761826 0.728010 0.770742 0.966949 0.801503 0.733872 0.581855 0.659782 0.626722 0.822032 0.863699 0.682515 0.788741 0.808970 0.825101 0.895771 0.847616 0.799054 0.000000 0.650162 0.837670 0.837743 0.849136 0.856357 0.716297 0.758735 0.831968 0.882652 0.732959 0.801461 0.788741 0.904889 0.871241 0.789755 0.851328 0.854260 0.868598 0.840310 0.636126 0.635581 0.841372 0.799892 0.963221 0.880673 0.927615 0.878094 0.635078 0.626114 0.778253 0.742302 0.739951 0.675058 0.771591 0.920041 0.890109 0.931485 0.801905 0.917976 0.932837 0.820977 0.791961 0.768956 0.803356 0.869671 0.681914 0.692206 0.803153 0.725464 0.662638 0.884276 0.980820 0.809763 0.720907 0.794543 0.765727 0.847464 0.994185 0.904507 0.856106 0.937568 0.692264 0.940116 0.868449 0.746713 0.846483 0.996089 0.780015 0.726743 0.975606 0.969290 0.970145 0.862887 0.948079 0.942040 0.918042 0.992658 0.902286 0.959435
0.695258 0.575663 0.741498 0.667615 0.957659 0.969750 0.997662 0.762494 0.981528 0.828716 0.882115 0.715768 0.914750 0.868852 0.878440 0.776030 0.680833 0.590477 0.768055 0.776214 0.892579 0.955514 0.722127 0.694735 0.652489 0.724839 0.661992 0.942237 0.898240 0.709433 0.757224 0.716490 0.622193 0.812008 0.840784 0.689849 0.650162 0.000000 0.851043 0.918368 0.915029 0.812879 0.631552 0.636981 0.861901 0.784684 0.708581 0.705234 0.897708 0.731648 0.606218 0.589717 0.666815 0.732917 0.793188 0.772238 0.557462 0.575999 0.841082 0.678083 0.975855 0.736794 0.973682 0.760935 0.671294 0.706150 0.739906 0.748314 0.670121 0.582420 0.669536 0.774651 0.831745 0.876031 0.888250 0.828788 0.931106 0.716153 0.924000 0.695441 0.661595 0.817733 0.738548 0.724819 0.768237 0.616778 0.792172 0.989740 0.832243 0.691294 0.933801 0.925218 0.940432 0.961902 0.910538 0.910008 0.764565 0.963239 0.964533 0.955065 0.787290 0.752629 0.880465 0.990255 0.818626 0.932741 0.804826 0.944170 0.835560 0.870140 0.954265 0.951326 0.956229 0.916732 0.970053 0.952653
