0.000000 0.290953 0.939287 0.849318 0.853217 0.782849 0.927090 0.614673 0.754368 0.625759 0.394288 0.335319 0.488413 0.447535 0.602481 0.687772 0.358726 0.331976 0.339911 0.295129 0.750109 0.984792 0.517579 0.660589 0.949387 0.689968 0.797896 0.887850 0.416895 0.467212 0.796465 0.811305 0.638149 0.734176 0.936548 0.813089 0.649760 0.968013 0.811635 0.795108 0.839734 0.784069 0.868436 0.799369 0.881694 0.695636 0.610794 0.686252 0.471922 0.606357 0.878862 0.957730 0.960605 0.704503 0.764565 0.941390 0.280308 0.370404 0.506538 0.652767 0.784855 0.723280 0.450377 0.387400 0.805609 0.742524 0.843415 0.750500 0.448480 0.494595 0.855298 0.925372 0.776366 0.986023 0.943489 0.914721 0.768615 0.969074 0.826955 0.680958 0.417706 0.336047 0.432937 0.545402 0.343082 0.603476 0.971774 0.586843 0.755183 0.525766 0.763374 0.617008 0.658190 0.517182 0.954107 0.980209 0.840740 0.842492 0.862848 0.878841 0.857730 0.710040 0.899720 0.895737 0.992548 0.910678 0.932471 0.674930 0.856029 0.926268 0.953593 0.880421 0.790190 0.993525 0.957240 0.836824
0.290953 0.000000 0.775487 0.968854 0.963404 0.679105 0.918180 0.635906 0.682770 0.679563 0.563616 0.378427 0.656613 0.505368 0.776930 0.759932 0.361184 0.362738 0.424692 0.337038 0.857125 0.987360 0.652264 0.767765 0.871931 0.696558 0.855330 0.776905 0.434673 0.500839 0.942203 0.872923 0.806686 0.767705 0.854597 0.846623 0.734197 0.913933 0.873054 0.745068 0.837585 0.875501 0.952079 0.804140 0.838738 0.648264 0.678996 0.774147 0.345407 0.541628 0.946947 0.979213 0.861129 0.609313 0.799316 0.974060 0.260546 0.243255 0.674540 0.666201 0.908989 0.686757 0.589223 0.446878 0.680746 0.711433 0.691998 0.733781 0.552405 0.487272 0.936003 0.879876 0.921777 0.880882 0.992064 0.973792 0.856930 0.948871 0.786907 0.691189 0.430011 0.335031 0.431166 0.461177 0.409461 0.597652 0.967007 0.548029 0.923045 0.619421 0.571885 0.496047 0.530379 0.414332 0.870307 0.947446 0.988919 0.830512 0.988529 0.988613 0.789485 0.597234 0.980971 0.945746 0.861860 0.892788 0.782956 0.572730 0.860930 0.979908 0.948922 0.957825 0.794676 0.928207 0.821704 0.820993
0.939287 0.775487 0.000000 0.431434 0.896019 0.614723 0.336393 0.608863 0.752998 0.752804 0.825315 0.936910 0.717326 0.907298 0.765138 0.948196 0.976827 0.983943 0.915226 0.950950 0.753188 0.949417 0.797645 0.944856 0.799079 0.530149 0.802260 0.869374 0.956325 0.888801 0.483359 0.531880 0.478475 0.602895 0.538638 0.814642 0.931679 0.788280 0.812284 0.861655 0.955796 0.995736 0.501494 0.546315 0.519004 0.679402 0.567636 0.505663 0.900768 0.840254 0.441832 0.476870 0.433700 0.392897 0.686823 0.724941 0.866614 0.693361 0.900928 0.841759 0.478142 0.845698 0.798988 0.923863 0.420310 0.621706 0.333747 0.437187 0.853490 0.969532 0.701710 0.680480 0.646236 0.515481 0.762005 0.915577 0.711050 0.598021 0.886745 0.866939 0.914544 0.920976 0.928586 0.925547 0.979793 0.957541 0.906930 0.997086 0.840347 0.967440 0.522248 0.656611 0.643195 0.724115 0.738673 0.990636 0.667575 0.949738 0.531780 0.498954 0.660763 0.594122 0.571344 0.529559 0.523007 0.591711 0.995190 0.817826 0.999913 0.685571 0.750202 0.703665 0.635934 0.658177 0.545777 0.913144
0.849318 0.968854 0.431434 0.000000 0.871768 0.692938 0.388395 0.411722 0.798405 0.604206 0.702078 0.745615 0.634830 0.679741 0.652336 0.718635 0.828065 0.849898 0.794282 0.799700 0.683521 0.845550 0.669012 0.703439 0.854762 0.626191 0.832972 0.967168 0.757081 0.756350 0.403355 0.536879 0.511430 0.605092 0.701649 0.981534 0.819579 0.787953 0.749705 0.972215 0.951733 0.989660 0.484462 0.493798 0.509857 0.570285 0.580494 0.520074 0.854294 0.665171 0.418029 0.426659 0.527347 0.559881 0.695551 0.831288 0.976177 0.870141 0.769860 0.946519 0.445042 0.582925 0.661385 0.761228 0.562082 0.525925 0.477208 0.534533 0.942009 0.916895 0.706151 0.589287 0.591103 0.534898 0.655688 0.931377 0.516088 0.596918 0.795064 0.797552 0.776855 0.902388 0.910656 0.981266 0.779527 0.756928 0.956550 0.875474 0.933513 0.804593 0.637947 0.777955 0.758551 0.898380 0.753314 0.947446 0.712089 0.937884 0.509700 0.496066 0.709479 0.637930 0.572742 0.651598 0.584280 0.614850 0.893978 0.883385 0.977259 0.809368 0.714287 0.657009 0.656892 0.823897 0.754176 0.806373
0.853217 0.963404 0.896019 0.871768 0.000000 0.924666 0.874201 0.880581 0.833553 0.969355 0.880468 0.844124 0.778556 0.779770 0.726753 0.749675 0.995729 0.989329 0.860668 0.915981 0.874225 0.974174 0.727437 0.666338 0.963784 0.852927 0.793843 0.774541 0.982248 0.935018 0.972834 0.934401 0.903733 0.972321 0.959235 0.884601 0.894879 0.876738 0.986789 0.993680 0.953823 0.899378 0.871766 0.881197 0.937986 0.977950 0.904895 0.858575 0.839178 0.835336 0.824327 0.838583 0.789141 0.941358 0.785000 0.864208 0.949193 0.907935 0.864320 0.878167 0.849556 0.742579 0.978765 0.967880 0.900320 0.883355 0.899405 0.995107 0.870206 0.950078 0.972236 0.997673 0.872194 0.947687 0.969356 0.916310 0.955091 0.859340 0.825088 0.937680 0.971332 0.973998 0.905212 0.957171 0.751367 0.830921 0.894743 0.770862 0.753117 0.936040 0.826560 0.850097 0.982483 0.900590 0.962409 0.982396 0.983081 0.996277 0.909830 0.833493 0.807516 0.887077 0.942312 0.990296 0.878082 0.905096 0.854786 0.951798 0.909893 0.745191 0.980786 0.885214 0.923178 0.924561 0.839925 0.863199
0.782849 0.679105 0.614723 0.692938 0.924666 0.000000 0.542158 0.733060 0.749635 0.868539 0.964506 0.866476 0.934177 0.980200 0.865976 0.868225 0.852311 0.823387 0.872874 0.787203 0.855545 0.946539 0.925454 0.980297 0.904392 0.698297 0.776918 0.881102 0.812939 0.955888 0.755407 0.724871 0.762800 0.820354 0.764168 0.983856 0.921934 0.871994 0.770632 0.967515 0.934150 0.924964 0.541847 0.666192 0.708709 0.837467 0.811529 0.753685 0.830622 0.979429 0.644260 0.662125 0.687223 0.543571 0.891059 0.807490 0.675531 0.534235 0.954654 0.996144 0.610033 0.912358 0.867306 0.985103 0.619093 0.514013 0.509163 0.515830 0.580286 0.761506 0.673149 0.666030 0.926537 0.703441 0.693781 0.792204 0.740041 0.789450 0.910427 0.880844 0.981280 0.796048 0.888403 0.802979 0.837574 0.941002 0.861169 0.810939 0.947151 0.982267 0.620939 0.658604 0.693089 0.690767 0.850649 0.889138 0.775285 0.795736 0.715325 0.629396 0.684628 0.719241 0.737320 0.797422 0.716848 0.742071 0.947717 0.797768 0.838980 0.922879 0.860025 0.701907 0.873194 0.775744 0.649728 0.996655
0.927090 0.918180 0.336393 0.388395 0.874201 0.542158 0.000000 0.445876 0.743662 0.521675 0.678624 0.898012 0.544242 0.713660 0.572280 0.696708 0.828407 0.820979 0.685746 0.939076 0.666638 0.902423 0.658350 0.831098 0.826165 0.679330 0.886662 0.987755 0.762365 0.648176 0.312352 0.384186 0.365905 0.441815 0.683265 0.909053 0.910137 0.749951 0.666435 0.930573 0.960353 0.973060 0.315973 0.367177 0.373473 0.510136 0.517813 0.411390 0.903452 0.690427 0.297988 0.338570 0.362738 0.344812 0.702983 0.712378 0.937966 0.746998 0.854371 0.848175 0.366361 0.793234 0.593888 0.735022 0.611971 0.629478 0.323073 0.425019 0.828826 0.999861 0.510603 0.479332 0.492836 0.397537 0.712743 0.798392 0.522343 0.467369 0.657199 0.644426 0.712684 0.970758 0.876307 0.950384 0.900223 0.929284 0.891936 0.942177 0.935030 0.945851 0.551760 0.660026 0.721656 0.801484 0.785042 0.762541 0.679382 0.850248 0.443547 0.362337 0.544354 0.524713 0.506601 0.449492 0.567280 0.551420 0.932830 0.826908 0.856859 0.765530 0.711742 0.607389 0.589797 0.643048 0.613053 0.856224
0.614673 0.635906 0.608863 0.411722 0.880581 0.733060 0.445876 0.000000 0.950458 0.442701 0.591020 0.473676 0.444222 0.377721 0.541900 0.533477 0.651224 0.682502 0.589493 0.633513 0.757299 0.981580 0.557449 0.671997 0.878987 0.864442 0.928869 0.780353 0.580253 0.603146 0.514076 0.503397 0.487437 0.512960 0.801052 0.903324 0.826554 0.858777 0.695246 0.968487 0.897334 0.944525 0.347805 0.365069 0.349803 0.336827 0.411387 0.378213 0.461946 0.356374 0.367416 0.384003 0.595285 0.713521 0.702951 0.836806 0.741802 0.838671 0.556679 0.760503 0.374870 0.376479 0.474826 0.505276 0.689812 0.624696 0.579968 0.604482 0.984651 0.714307 0.678998 0.709952 0.629391 0.631856 0.680746 0.867378 0.492353 0.675486 0.837831 0.725347 0.595381 0.742658 0.673428 0.827897 0.568760 0.636020 0.948268 0.732481 0.888178 0.639728 0.824492 0.966662 0.896770 0.886697 0.725318 0.821222 0.751214 0.911729 0.452412 0.394114 0.690015 0.850581 0.574195 0.676971 0.630557 0.698685 0.884167 0.998005 0.756209 0.807303 0.661635 0.522025 0.578349 0.717369 0.771769 0.758923
0.754368 0.682770 0.752998 0.798405 0.833553 0.749635 0.743662 0.950458 0.000000 0.869495 0.858519 0.778717 0.985620 0.840186 0.835745 0.946622 0.791937 0.735863 0.892840 0.763797 0.924883 0.976967 0.906967 0.957746 0.949986 0.839816 0.971053 0.984792 0.776625 0.868991 0.906763 0.926605 0.936027 0.895921 0.726131 0.988493 0.940168 0.845650 0.857464 0.863491 0.962401 0.909681 0.882452 0.989762 0.907419 0.971219 0.965133 0.883079 0.856187 0.919088 0.740818 0.652015 0.661394 0.636721 0.985400 0.933142 0.685428 0.604074 0.884611 0.779768 0.980880 0.936686 0.784394 0.745786 0.689468 0.833292 0.720274 0.891542 0.853243 0.866600 0.855309 0.731319 0.790911 0.685813 0.879191 0.892486 0.706771 0.891791 0.915496 0.939960 0.804490 0.699442 0.744392 0.704621 0.828552 0.904476 0.712220 0.816551 0.814107 0.853653 0.543054 0.461555 0.492342 0.566614 0.745445 0.938202 0.818336 0.794747 0.706555 0.723202 0.699758 0.740848 0.831005 0.736252 0.837396 0.812394 0.771193 0.717349 0.847363 0.912283 0.892957 0.790895 0.874635 0.836021 0.927554 0.872689
0.625759 0.679563 0.752804 0.604206 0.969355 0.868539 0.521675 0.442701 0.869495 0.000000 0.456381 0.560763 0.554124 0.562617 0.426109 0.511137 0.493174 0.517631 0.499850 0.621126 0.729147 0.950822 0.413568 0.628883 0.939831 0.999661 0.980971 0.994122 0.462376 0.426463 0.489245 0.527282 0.477295 0.520771 0.965831 0.830248 0.763376 0.933706 0.912870 0.894540 0.912959 0.856923 0.599984 0.558319 0.555739 0.470528 0.571774 0.519935 0.542085 0.483959 0.596829 0.607794 0.776573 0.896564 0.913140 0.942322 0.725743 0.816258 0.650540 0.996138 0.647307 0.631383 0.482682 0.463355 0.929596 0.992463 0.766909 0.863798 0.875502 0.746722 0.651704 0.670155 0.612470 0.616277 0.754513 0.883879 0.603905 0.650011 0.720554 0.536020 0.467970 0.602356 0.588947 0.703562 0.596625 0.657307 0.896161 0.808755 0.967816 0.735179 0.988871 0.969703 0.980060 0.814306 0.910764 0.903358 0.735186 0.869524 0.685872 0.600567 0.830069 0.975535 0.697697 0.591018 0.751331 0.738652 0.966017 0.952876 0.671717 0.994002 0.840594 0.754903 0.776267 0.816983 0.934830 0.665138
0.394288 0.563616 0.825315 0.702078 0.880468 0.964506 0.678624 0.591020 0.858519 0.456381 0.000000 0.445702 0.416048 0.466864 0.444336 0.520203 0.361376 0.346383 0.364336 0.488444 0.665027 0.922471 0.469203 0.598923 0.871124 0.911126 0.842974 0.977235 0.421819 0.348292 0.559156 0.618963 0.456901 0.560489 0.903528 0.957937 0.696624 0.945076 0.852119 0.900651 0.835466 0.826855 0.700714 0.653068 0.805167 0.662132 0.556823 0.622817 0.659232 0.695177 0.778986 0.841127 0.942812 0.915767 0.878650 0.986618 0.558483 0.680898 0.544611 0.767564 0.600234 0.812421 0.320358 0.319016 0.949363 0.918887 0.879610 0.990551 0.764101 0.758404 0.675885 0.688840 0.611780 0.709086 0.837387 0.924707 0.709794 0.740730 0.695378 0.512863 0.406216 0.405138 0.495969 0.658029 0.489089 0.552383 0.971950 0.658574 0.859381 0.616921 0.869548 0.715139 0.732882 0.596666 0.941181 0.918268 0.761139 0.738275 0.834030 0.773942 0.972812 0.902037 0.748763 0.677785 0.834973 0.835659 0.875082 0.724128 0.802893 0.841855 0.969223 0.839996 0.796921 0.951066 0.882606 0.801564
0.335319 0.378427 0.936910 0.745615 0.844124 0.866476 0.898012 0.473676 0.778717 0.560763 0.445702 0.000000 0.420145 0.274487 0.469488 0.433780 0.416336 0.439835 0.418019 0.392733 0.888483 0.957541 0.414567 0.439276 0.912763 0.682303 0.813604 0.799745 0.435607 0.466371 0.767093 0.788597 0.681136 0.679371 0.878706 0.728917 0.701642 0.979263 0.921647 0.794565 0.955686 0.879122 0.752289 0.726782 0.766896 0.576117 0.604000 0.659679 0.356045 0.489791 0.807923 0.876212 0.960174 0.726924 0.889183 0.881251 0.458429 0.481308 0.533156 0.593105 0.695783 0.475468 0.439028 0.354679 0.912515 0.977104 0.926967 0.887034 0.649822 0.601029 0.853153 0.847087 0.822138 0.952986 0.892626 0.981153 0.723263 0.961031 0.872835 0.781075 0.532189 0.468948 0.489325 0.672914 0.329646 0.390275 0.924559 0.491195 0.819371 0.516262 0.750094 0.607517 0.661975 0.502782 0.991357 0.841097 0.961107 0.830310 0.837164 0.825455 0.949533 0.720730 0.957901 0.926760 0.944272 0.958615 0.793300 0.699651 0.810574 0.892433 0.886494 0.859403 0.874325 0.938071 0.970004 0.755439
0.488413 0.656613 0.717326 0.634830 0.778556 0.934177 0.544242 0.444222 0.985620 0.554124 0.416048 0.420145 0.000000 0.353289 0.327215 0.400000 0.547317 0.564774 0.424253 0.604290 0.875810 0.945371 0.409717 0.604738 0.980742 0.860727 0.896670 0.927659 0.529477 0.448738 0.540793 0.589007 0.461396 0.578069 0.858174 0.954444 0.787885 0.996902 0.798337 0.980017 0.949215 0.917211 0.457745 0.478551 0.580809 0.520696 0.408657 0.450453 0.582796 0.525361 0.514928 0.562447 0.670441 0.833972 0.683993 0.992652 0.605148 0.756399 0.473442 0.701685 0.423347 0.630350 0.389487 0.388194 0.806769 0.915773 0.650183 0.794408 0.816999 0.807865 0.617254 0.691090 0.632976 0.707490 0.865682 0.882426 0.603711 0.646715 0.738467 0.780782 0.633170 0.670261 0.538714 0.834222 0.538130 0.665177 0.821638 0.675569 0.703876 0.650012 0.886610 0.938280 0.952047 0.765599 0.888309 0.785768 0.719811 0.947501 0.537335 0.507968 0.717368 0.927830 0.572751 0.642628 0.621253 0.676929 0.920648 0.904869 0.854926 0.650323 0.730069 0.639607 0.651249 0.754580 0.681790 0.854504
0.447535 0.505368 0.907298 0.679741 0.779770 0.980200 0.713660 0.377721 0.840186 0.562617 0.466864 0.274487 0.353289 0.000000 0.429930 0.371377 0.520116 0.527615 0.419654 0.472871 0.837480 0.976606 0.402372 0.429157 0.949611 0.716408 0.889769 0.821393 0.439553 0.450851 0.670770 0.611556 0.590948 0.568355 0.952304 0.849291 0.801669 0.936326 0.864218 0.796189 0.893532 0.921411 0.525545 0.537534 0.588641 0.492580 0.509860 0.527674 0.385857 0.451699 0.573817 0.694741 0.851277 0.954235 0.732886 0.971597 0.598677 0.675533 0.591645 0.692351 0.537216 0.432805 0.405549 0.381912 0.980825 0.788721 0.868209 0.912088 0.821529 0.728639 0.737651 0.806643 0.702028 0.781368 0.785581 0.877772 0.710962 0.857956 0.851112 0.760824 0.579001 0.579369 0.514734 0.775060 0.383061 0.374122 0.893327 0.523449 0.887086 0.520140 0.876166 0.689644 0.737014 0.568339 0.963169 0.803803 0.987311 0.862674 0.744090 0.629225 0.914351 0.919956 0.842067 0.854037 0.877681 0.908983 0.796489 0.782090 0.844898 0.814707 0.873869 0.724295 0.779028 0.954433 0.946882 0.754473
0.602481 0.776930 0.765138 0.652336 0.726753 0.865976 0.572280 0.541900 0.835745 0.426109 0.444336 0.469488 0.327215 0.429930 0.000000 0.322464 0.523167 0.556612 0.448692 0.637419 0.867045 0.954052 0.284051 0.469054 0.960472 0.813573 0.915446 0.943432 0.538448 0.426579 0.518949 0.582259 0.454627 0.531176 0.952116 0.885890 0.802861 0.939256 0.954366 0.960076 0.985308 0.866359 0.552171 0.568464 0.625023 0.541099 0.596391 0.506623 0.618058 0.562012 0.592282 0.607615 0.688326 0.855159 0.826658 0.922221 0.730214 0.866571 0.647640 0.908579 0.590989 0.668839 0.434146 0.429955 0.860135 0.953141 0.668571 0.893536 0.833255 0.900518 0.551332 0.560679 0.551592 0.620982 0.822352 0.885159 0.595895 0.685306 0.784602 0.711930 0.627487 0.700619 0.618716 0.851990 0.523022 0.561744 0.819067 0.677077 0.757217 0.697802 0.936997 0.994681 0.947142 0.813388 0.873750 0.837364 0.754234 0.937445 0.666174 0.582236 0.721494 0.946544 0.715952 0.563545 0.733939 0.751951 0.981347 0.930764 0.790043 0.754504 0.817580 0.742129 0.745852 0.816918 0.698812 0.869380
0.687772 0.759932 0.948196 0.718635 0.749675 0.868225 0.696708 0.533477 0.946622 0.511137 0.520203 0.433780 0.400000 0.371377 0.322464 0.000000 0.651271 0.665844 0.555506 0.769263 0.903182 0.948117 0.395486 0.426526 0.771938 0.690152 0.966245 0.834684 0.533417 0.481247 0.696936 0.704662 0.647384 0.704913 0.918313 0.849927 0.938136 0.839865 0.983820 0.976260 0.907138 0.943371 0.556163 0.562537 0.686434 0.575533 0.648610 0.603772 0.524003 0.608347 0.669316 0.713242 0.870555 0.964542 0.873680 0.905489 0.830165 0.883871 0.625581 0.790563 0.593704 0.573168 0.475687 0.466717 0.969072 0.857630 0.763500 0.873122 0.976177 0.961137 0.747762 0.647542 0.779461 0.773919 0.809976 0.887827 0.745590 0.766731 0.785857 0.804810 0.754274 0.811886 0.645313 0.930573 0.616004 0.495431 0.886963 0.659440 0.921859 0.681554 0.926720 0.884056 0.854126 0.702567 0.931047 0.728976 0.899210 0.943708 0.754374 0.672019 0.841307 0.973446 0.890726 0.758739 0.846916 0.873623 0.905988 0.891372 0.773080 0.882264 0.899098 0.840136 0.840233 0.927389 0.880853 0.826484
0.358726 0.361184 0.976827 0.828065 0.995729 0.852311 0.828407 0.651224 0.791937 0.493174 0.361376 0.416336 0.547317 0.520116 0.523167 0.651271 0.000000 0.233500 0.356854 0.357189 0.766372 0.904009 0.521463 0.682100 0.847038 0.772524 0.851755 0.981482 0.351673 0.274908 0.661353 0.648895 0.537897 0.523885 0.939875 0.944675 0.688683 0.982205 0.865875 0.771379 0.737691 0.815046 0.827588 0.698594 0.734437 0.526614 0.621090 0.617924 0.516360 0.583995 0.873195 0.976551 0.994908 0.769289 0.842273 0.988323 0.326399 0.384621 0.716871 0.828025 0.780680 0.808397 0.388116 0.294965 0.755827 0.694488 0.956926 0.896236 0.646748 0.582253 0.834939 0.817184 0.735206 0.922257 0.897075 0.969984 0.765405 0.808353 0.598678 0.545004 0.266523 0.291981 0.423427 0.416037 0.451302 0.588734 0.970385 0.559881 0.941896 0.680835 0.596505 0.544113 0.542879 0.456139 0.927910 0.929939 0.933600 0.709297 0.961905 0.926529 0.861560 0.719422 0.898658 0.744689 0.990287 0.981175 0.780641 0.566576 0.817972 0.909050 0.988692 0.960201 0.747189 0.945983 0.966216 0.811952
0.331976 0.362738 0.983943 0.849898 0.989329 0.823387 0.820979 0.682502 0.735863 0.517631 0.346383 0.439835 0.564774 0.527615 0.556612 0.665844 0.233500 0.000000 0.321934 0.369195 0.682650 0.913335 0.521923 0.669478 0.827662 0.765306 0.827223 0.998674 0.325638 0.268888 0.664462 0.673717 0.573192 0.556852 0.809001 0.858472 0.717888 0.992753 0.853238 0.826580 0.706012 0.790680 0.852051 0.700842 0.791955 0.602293 0.698127 0.646609 0.523826 0.634018 0.893274 0.975791 0.984509 0.807849 0.881793 0.947032 0.354509 0.424098 0.770076 0.863841 0.804424 0.913878 0.396533 0.329787 0.694668 0.693273 0.887127 0.828172 0.646872 0.644860 0.817116 0.786341 0.695149 0.844887 0.972479 0.993181 0.767220 0.810185 0.576176 0.475645 0.286162 0.285312 0.380745 0.469517 0.472984 0.597104 0.979537 0.577474 0.997689 0.726782 0.618757 0.567615 0.510962 0.454014 0.892718 0.901420 0.971760 0.716264 0.984089 0.934494 0.821838 0.728123 0.953089 0.802554 0.972851 0.943006 0.821542 0.613502 0.856444 0.946203 0.925256 0.977923 0.763581 0.967694 0.972142 0.851850
0.339911 0.424692 0.915226 0.794282 0.860668 0.872874 0.685746 0.589493 0.892840 0.499850 0.364336 0.418019 0.424253 0.419654 0.448692 0.555506 0.356854 0.321934 0.000000 0.349301 0.726933 0.936970 0.367501 0.559822 0.885688 0.709442 0.839616 0.979111 0.376603 0.341359 0.626723 0.591186 0.500814 0.583786 0.918281 0.880117 0.664092 0.887076 0.823591 0.871739 0.851586 0.803991 0.698372 0.642817 0.659745 0.555855 0.551915 0.553387 0.443958 0.546372 0.676113 0.807427 0.827403 0.951053 0.731339 0.863960 0.400701 0.534690 0.729682 0.960312 0.734147 0.742460 0.457391 0.393685 0.834842 0.796907 0.980274 0.903011 0.591277 0.601958 0.710959 0.776060 0.628441 0.753084 0.937519 0.933436 0.655569 0.842098 0.672613 0.565603 0.397964 0.410514 0.393256 0.537984 0.376130 0.585570 0.830380 0.546731 0.821437 0.566502 0.822870 0.737336 0.682326 0.616194 0.887641 0.782046 0.881372 0.874904 0.828697 0.746490 0.991610 0.847759 0.838503 0.711799 0.927500 0.890609 0.956848 0.650762 0.817140 0.866174 0.929712 0.820883 0.692006 0.845705 0.981642 0.841763
0.295129 0.337038 0.950950 0.799700 0.915981 0.787203 0.939076 0.633513 0.763797 0.621126 0.488444 0.392733 0.604290 0.472871 0.637419 0.769263 0.357189 0.369195 0.349301 0.000000 0.775248 0.920133 0.488607 0.627942 0.848522 0.800558 0.841418 0.948498 0.409799 0.472524 0.758996 0.742341 0.648867 0.687837 0.946233 0.824715 0.639663 0.753190 0.901815 0.746516 0.783387 0.721084 0.923517 0.842058 0.776626 0.626097 0.680798 0.666865 0.449502 0.530837 0.836615 0.952560 0.998640 0.743225 0.703128 0.979979 0.327152 0.396353 0.719532 0.846562 0.900685 0.630698 0.596315 0.484439 0.764474 0.797782 0.807081 0.788283 0.406106 0.459697 0.847012 0.988047 0.745539 0.938043 0.903715 0.889013 0.755510 0.966069 0.816298 0.727945 0.403649 0.317798 0.421045 0.451668 0.322440 0.563523 0.883885 0.532911 0.855918 0.502864 0.684400 0.573133 0.651035 0.529869 0.925517 0.997819 0.955277 0.853134 0.987923 0.953268 0.857140 0.678645 0.988557 0.945255 0.972569 0.955426 0.873151 0.637139 0.923120 0.961385 0.888337 0.892676 0.840577 0.967329 0.885630 0.838346
0.750109 0.857125 0.753188 0.683521 0.874225 0.855545 0.666638 0.757299 0.924883 0.729147 0.665027 0.888483 0.875810 0.837480 0.867045 0.903182 0.766372 0.682650 0.726933 0.775248 0.000000 0.926520 0.857513 0.896087 0.844413 0.837551 0.984710 0.815989 0.759836 0.783877 0.565455 0.639741 0.691103 0.701706 0.977414 0.949678 0.947977 0.946649 0.764729 0.788344 0.866424 0.798067 0.751779 0.727749 0.865581 0.800466 0.796147 0.769330 0.917413 0.983263 0.768895 0.759037 0.816693 0.797817 0.845562 0.833848 0.929849 0.969667 0.956268 0.967624 0.748737 0.965302 0.661968 0.779513 0.952414 0.939894 0.910774 0.888889 0.923423 0.979354 0.734423 0.754517 0.668613 0.604394 0.770920 0.782104 0.911918 0.795460 0.741158 0.628025 0.698565 0.726714 0.807007 0.900968 0.918917 0.891957 0.866242 0.827255 0.924903 0.843544 0.956933 0.970677 0.958063 0.850921 0.934933 0.960167 0.889273 0.979202 0.818226 0.902053 0.993729 0.907998 0.814629 0.743121 0.909519 0.893540 0.882274 0.976119 0.976089 0.986926 0.958998 0.978154 0.870192 0.997933 0.935260 0.816235
0.984792 0.987360 0.949417 0.845550 0.974174 0.946539 0.902423 0.981580 0.976967 0.950822 0.922471 0.957541 0.945371 0.976606 0.954052 0.948117 0.904009 0.913335 0.936970 0.920133 0.926520 0.000000 0.989027 0.985768 0.986550 0.861843 0.833400 0.926744 0.998277 0.862570 0.861869 0.984405 0.881992 0.807947 0.994565 0.715926 0.903876 0.714155 0.921989 0.927642 0.969618 0.967811 0.999163 0.998383 0.945753 0.998076 0.901041 0.866155 0.893552 0.914648 0.913656 0.983862 0.900331 0.896841 0.932460 0.889047 0.998493 0.993101 0.945778 0.982511 0.945823 0.993991 0.903270 0.919057 0.957018 0.957684 0.868536 0.881602 0.948604 0.931759 0.852250 0.895681 0.931335 0.957659 0.830371 0.930956 0.829060 0.931168 0.957378 0.983711 0.916898 0.898067 0.908142 0.868375 0.980198 0.989408 0.942386 0.962113 0.986866 0.910347 0.976134 0.975788 0.999419 0.983116 0.924709 0.924538 0.967766 0.918930 0.990274 0.954933 0.958477 0.955298 0.955199 0.967023 0.983261 0.868797 0.964891 0.972573 0.974096 0.822288 0.889189 0.907755 0.937608 0.997513 0.838355 0.972082
0.517579 0.652264 0.797645 0.669012 0.727437 0.925454 0.658350 0.557449 0.906967 0.413568 0.469203 0.414567 0.409717 0.402372 0.284051 0.395486 0.521463 0.521923 0.367501 0.488607 0.857513 0.989027 0.000000 0.411834 0.948150 0.767746 0.810495 0.994991 0.448878 0.443993 0.597831 0.639134 0.492937 0.624673 0.957837 0.841862 0.679860 0.849411 0.991096 0.990668 0.910335 0.768399 0.718265 0.694301 0.675994 0.597955 0.645238 0.588546 0.503482 0.507416 0.603788 0.683653 0.752821 0.958902 0.772548 0.922741 0.651380 0.769167 0.710241 0.966458 0.756741 0.579973 0.571933 0.505930 0.980145 0.965791 0.846786 0.937831 0.627790 0.710216 0.654913 0.703614 0.543493 0.640643 0.819706 0.932234 0.646766 0.795050 0.864555 0.759435 0.615831 0.604249 0.532128 0.762111 0.398597 0.500630 0.710349 0.553695 0.748106 0.653383 0.990655 0.938466 0.893206 0.749627 0.937693 0.824935 0.801840 0.871578 0.767343 0.680202 0.879391 0.974649 0.862959 0.637976 0.848796 0.814394 0.980207 0.896806 0.812350 0.875479 0.853680 0.817279 0.815919 0.902261 0.931010 0.817469
0.660589 0.767765 0.944856 0.703439 0.666338 0.980297 0.831098 0.671997 0.957746 0.628883 0.598923 0.439276 0.604738 0.429157 0.469054 0.426526 0.682100 0.669478 0.559822 0.627942 0.896087 0.985768 0.411834 0.000000 0.851143 0.766354 0.958378 0.955862 0.582729 0.589579 0.775365 0.743479 0.717498 0.746986 0.906456 0.743967 0.858525 0.937629 0.992280 0.815213 0.914561 0.954583 0.798050 0.767014 0.808303 0.704237 0.811134 0.737634 0.594361 0.655616 0.782443 0.876122 0.944931 0.928555 0.877763 0.957258 0.838657 0.884653 0.804992 0.892503 0.799621 0.578112 0.619544 0.597177 0.960765 0.887197 0.935905 0.959316 0.844763 0.823615 0.773393 0.770071 0.842562 0.854177 0.830938 0.915510 0.804003 0.971834 0.916038 0.818082 0.737631 0.730696 0.705776 0.825267 0.498040 0.429022 0.806483 0.567983 0.876704 0.609895 0.865280 0.806131 0.739096 0.697664 0.862353 0.827895 0.931872 0.813888 0.945642 0.839227 0.997654 0.909529 0.979894 0.920999 0.966768 0.966024 0.964200 0.877474 0.916046 0.983688 0.995873 0.882377 0.972228 0.943107 0.906185 0.785065
0.949387 0.871931 0.799079 0.854762 0.963784 0.904392 0.826165 0.878987 0.949986 0.939831 0.871124 0.912763 0.980742 0.949611 0.960472 0.771938 0.847038 0.827662 0.885688 0.848522 0.844413 0.986550 0.948150 0.851143 0.000000 0.614884 0.963414 0.956847 0.968754 0.914875 0.775385 0.730799 0.855340 0.777337 0.826868 0.913993 0.836633 0.894256 0.753606 0.948235 0.797034 0.944666 0.923682 0.824395 0.838878 0.880098 0.840788 0.799213 0.952033 0.922285 0.856367 0.765005 0.724830 0.848586 0.833847 0.612751 0.888408 0.942317 0.978195 0.931628 0.903548 0.935420 0.913175 0.924372 0.952746 0.987917 0.911305 0.927218 0.937544 0.894366 0.831130 0.971951 0.793069 0.799726 0.996174 0.912763 0.742108 0.898463 0.786405 0.689115 0.703440 0.748980 0.907168 0.855082 0.946565 0.954321 0.963224 0.916375 0.888139 0.928955 0.945879 0.965783 0.944901 0.979475 0.975958 0.989367 0.991871 0.968320 0.887194 0.915486 0.994012 0.975074 0.745328 0.937067 0.987174 0.941039 0.948668 0.986319 0.912146 0.899810 0.981886 0.896920 0.775416 0.809861 0.912133 0.885460
0.689968 0.696558 0.530149 0.626191 0.852927 0.698297 0.679330 0.864442 0.839816 0.999661 0.911126 0.682303 0.860727 0.716408 0.813573 0.690152 0.772524 0.765306 0.709442 0.800558 0.837551 0.861843 0.767746 0.766354 0.614884 0.000000 0.751391 0.963647 0.827001 0.785759 0.695850 0.790751 0.826869 0.815843 0.610373 0.746387 0.982980 0.784346 0.867300 0.843298 0.970611 0.970705 0.853645 0.871553 0.795716 0.944923 0.942338 0.842758 0.699683 0.910125 0.750645 0.676377 0.699283 0.563454 0.932412 0.771723 0.644642 0.644089 0.945175 0.872764 0.761688 0.972235 0.918010 0.784572 0.611207 0.664770 0.604327 0.553243 0.770196 0.888272 0.835979 0.906937 0.814441 0.735670 0.894451 0.911849 0.851119 0.755583 0.978208 0.872925 0.946687 0.816388 0.753549 0.906892 0.770598 0.778972 0.939041 0.778957 0.951347 0.758597 0.600174 0.661639 0.612470 0.655676 0.805568 0.868605 0.844819 0.770588 0.780395 0.773011 0.807826 0.609049 0.679264 0.866394 0.653604 0.777132 0.929504 0.741646 0.893976 0.997379 0.787254 0.781854 0.888945 0.826532 0.747583 0.985733
0.797896 0.855330 0.802260 0.832972 0.793843 0.776918 0.886662 0.928869 0.971053 0.980971 0.842974 0.813604 0.896670 0.889769 0.915446 0.966245 0.851755 0.827223 0.839616 0.841418 0.984710 0.833400 0.810495 0.958378 0.963414 0.751391 0.000000 0.949087 0.951037 0.915480 0.930597 0.863069 0.948943 0.857334 0.739425 0.811558 0.907656 0.948265 0.983359 0.913085 0.991549 0.907237 0.787252 0.769891 0.776445 0.830871 0.869611 0.790412 0.914238 0.919977 0.848906 0.873054 0.869706 0.806154 0.923426 0.781858 0.811165 0.891524 0.998020 0.965038 0.812350 0.954172 0.958488 0.996424 0.764853 0.801692 0.704027 0.606054 0.789452 0.912406 0.954622 0.927990 0.910587 0.998236 0.939046 0.995479 0.998954 0.916267 0.991573 0.930365 0.906012 0.826635 0.812850 0.915722 0.872416 0.901194 0.910019 0.797600 0.807108 0.978971 0.974935 0.961853 0.845381 0.940100 0.901552 0.911945 0.947120 0.899684 0.848642 0.898762 0.980361 0.902540 0.905613 0.985193 0.800146 0.909307 0.974786 0.878780 0.901830 0.871817 0.905647 0.910602 0.893430 0.760677 0.883032 0.971032
0.887850 0.776905 0.869374 0.967168 0.774541 0.881102 0.987755 0.780353 0.984792 0.994122 0.977235 0.799745 0.927659 0.821393 0.943432 0.834684 0.981482 0.998674 0.979111 0.948498 0.815989 0.926744 0.994991 0.955862 0.956847 0.963647 0.949087 0.000000 0.977936 0.971516 0.947874 0.901563 0.944686 0.969427 0.979618 0.821454 0.987237 0.909339 0.979869 0.987706 0.901535 0.870002 0.864458 0.876599 0.895846 0.914767 0.996837 0.849779 0.744631 0.785119 0.878254 0.821829 0.932519 0.996222 0.957827 0.846271 0.915471 0.915442 0.895452 0.758451 0.864934 0.800762 0.944551 0.959851 0.997144 0.843522 0.982383 0.993306 0.909145 0.963984 0.991362 0.956473 0.971147 0.880100 0.924484 0.910300 0.890515 0.908418 0.986991 0.934123 0.990848 0.941068 0.952953 0.944191 0.848823 0.814689 0.802063 0.976508 0.813221 0.893207 0.944757 0.988298 0.994101 0.971736 0.864501 0.884450 0.966073 0.852353 0.865290 0.852299 0.793758 0.980579 0.973295 0.848987 0.901012 0.884986 0.954145 0.946891 0.972148 0.989392 0.951453 0.863298 0.855663 0.941346 0.995769 0.982687
0.416895 0.434673 0.956325 0.757081 0.982248 0.812939 0.762365 0.580253 0.776625 0.462376 0.421819 0.435607 0.529477 0.439553 0.538448 0.533417 0.351673 0.325638 0.376603 0.409799 0.759836 0.998277 0.448878 0.582729 0.968754 0.827001 0.951037 0.977936 0.000000 0.277133 0.600585 0.567788 0.505390 0.491322 0.913776 0.990972 0.709521 0.994956 0.937616 0.823421 0.793941 0.831477 0.753754 0.635571 0.671411 0.504518 0.696777 0.577244 0.457928 0.578792 0.752018 0.871416 0.928477 0.861613 0.808663 0.872532 0.475792 0.497694 0.688592 0.897078 0.741423 0.680140 0.438428 0.351843 0.782250 0.832546 0.993283 0.950785 0.637528 0.560150 0.855240 0.794752 0.683707 0.821256 0.896319 0.931262 0.808504 0.741937 0.564069 0.557993 0.330589 0.379542 0.370504 0.470756 0.408296 0.563856 0.856965 0.508479 0.924036 0.746655 0.692191 0.596070 0.605588 0.468653 0.913617 0.900358 0.966010 0.805442 0.928146 0.831334 0.869541 0.882146 0.931204 0.796890 0.890116 0.971475 0.879141 0.677219 0.902080 0.993642 0.982694 0.984299 0.765920 0.924319 0.924050 0.737960
0.467212 0.500839 0.888801 0.756350 0.935018 0.955888 0.648176 0.603146 0.868991 0.426463 0.348292 0.466371 0.448738 0.450851 0.426579 0.481247 0.274908 0.268888 0.341359 0.472524 0.783877 0.862570 0.443993 0.589579 0.914875 0.785759 0.915480 0.971516 0.277133 0.000000 0.536022 0.528521 0.428394 0.419547 0.891611 0.983601 0.760091 0.986502 0.910538 0.841009 0.762995 0.856899 0.677267 0.548129 0.628338 0.494813 0.604871 0.521233 0.536257 0.595966 0.719215 0.853249 0.884656 0.954123 0.795279 0.903335 0.495787 0.581962 0.725128 0.900024 0.653376 0.803935 0.337590 0.279571 0.812684 0.820968 0.896847 0.941577 0.804636 0.699317 0.758696 0.702437 0.671019 0.756859 0.942880 0.995492 0.738567 0.686407 0.470763 0.482276 0.290906 0.380761 0.410636 0.467962 0.497446 0.563918 0.899291 0.556260 0.985916 0.745121 0.684691 0.610656 0.559724 0.471319 0.871326 0.861931 0.927628 0.722281 0.922452 0.817120 0.963575 0.869518 0.866358 0.710913 0.934350 0.942870 0.867757 0.690358 0.782501 0.861256 0.973198 0.918916 0.715306 0.890767 0.937974 0.773657
0.796465 0.942203 0.483359 0.403355 0.972834 0.755407 0.312352 0.514076 0.906763 0.489245 0.559156 0.767093 0.540793 0.670770 0.518949 0.696936 0.661353 0.664462 0.626723 0.758996 0.565455 0.861869 0.597831 0.775365 0.775385 0.695850 0.930597 0.947874 0.600585 0.536022 0.000000 0.366285 0.359248 0.331159 0.774804 0.913636 0.863970 0.723025 0.715167 0.987311 0.840964 0.845919 0.424610 0.434913 0.473730 0.505874 0.576137 0.455217 0.891814 0.756244 0.453658 0.461033 0.486719 0.531980 0.768156 0.768017 0.947601 0.947561 0.834980 0.900355 0.460055 0.833373 0.467805 0.582811 0.812306 0.780722 0.482140 0.543143 0.990842 0.992300 0.447324 0.478215 0.405295 0.382830 0.783701 0.870275 0.547943 0.405056 0.563612 0.546123 0.569192 0.760297 0.786836 0.831285 0.784246 0.793401 0.982747 0.821988 0.947225 0.920192 0.736657 0.908417 0.909274 0.943454 0.821520 0.827400 0.717862 0.982897 0.563941 0.532494 0.662321 0.614546 0.496206 0.513184 0.596321 0.687890 0.860203 0.953173 0.896528 0.815672 0.778822 0.768859 0.627539 0.728281 0.667232 0.752411
0.811305 0.872923 0.531880 0.536879 0.934401 0.724871 0.384186 0.503397 0.926605 0.527282 0.618963 0.788597 0.589007 0.611556 0.582259 0.704662 0.648895 0.673717 0.591186 0.742341 0.639741 0.984405 0.639134 0.743479 0.730799 0.790751 0.863069 0.901563 0.567788 0.528521 0.366285 0.000000 0.379695 0.354248 0.728834 0.846753 0.867423 0.814457 0.701833 0.907403 0.841651 0.873058 0.411315 0.402751 0.419937 0.473119 0.551836 0.442076 0.774944 0.692248 0.444632 0.512803 0.540185 0.608483 0.760966 0.638623 0.909847 0.980872 0.959820 0.811141 0.539646 0.747036 0.546569 0.593777 0.872085 0.791566 0.557655 0.605658 0.904330 0.853289 0.511557 0.619368 0.506296 0.496624 0.701267 0.892323 0.581147 0.501383 0.606199 0.534437 0.529994 0.728778 0.662545 0.822210 0.740660 0.715180 0.856449 0.737282 0.918304 0.873548 0.878506 0.984519 0.994706 0.882974 0.955761 0.761475 0.802031 0.987193 0.666950 0.512171 0.797747 0.714913 0.593878 0.556438 0.674378 0.834507 0.892493 0.990392 0.882718 0.861248 0.872480 0.651430 0.658336 0.662749 0.731698 0.691166
0.638149 0.806686 0.478475 0.511430 0.903733 0.762800 0.365905 0.487437 0.936027 0.477295 0.456901 0.681136 0.461396 0.590948 0.454627 0.647384 0.537897 0.573192 0.500814 0.648867 0.691103 0.881992 0.492937 0.717498 0.855340 0.826869 0.948943 0.944686 0.505390 0.428394 0.359248 0.379695 0.000000 0.363581 0.801609 0.837193 0.667911 0.749811 0.722778 0.903440 0.848805 0.838464 0.490333 0.435514 0.437794 0.438699 0.555655 0.407694 0.775467 0.626676 0.446772 0.547500 0.575863 0.661842 0.721364 0.841612 0.771727 0.913228 0.739066 0.931108 0.472147 0.746545 0.444336 0.467183 0.784720 0.906744 0.506775 0.618385 0.880464 0.693858 0.510177 0.534586 0.485758 0.547681 0.771065 0.970986 0.588030 0.498782 0.667426 0.576606 0.494085 0.656856 0.662918 0.694097 0.621497 0.741969 0.883836 0.709872 0.860684 0.773300 0.891308 0.999296 0.972653 0.862234 0.884779 0.873385 0.640411 0.989302 0.642304 0.562681 0.756378 0.784737 0.550430 0.467011 0.670516 0.639871 0.984854 0.935934 0.803838 0.793746 0.750799 0.610647 0.574644 0.725082 0.684237 0.807117
0.734176 0.767705 0.602895 0.605092 0.972321 0.820354 0.441815 0.512960 0.895921 0.520771 0.560489 0.679371 0.578069 0.568355 0.531176 0.704913 0.523885 0.556852 0.583786 0.687837 0.701706 0.807947 0.624673 0.746986 0.777337 0.815843 0.857334 0.969427 0.491322 0.419547 0.331159 0.354248 0.363581 0.000000 0.834493 0.780769 0.830540 0.763557 0.742533 0.894598 0.910941 0.950873 0.468707 0.401691 0.422904 0.407972 0.560314 0.445836 0.747485 0.659314 0.532801 0.613186 0.632566 0.736656 0.782802 0.768188 0.783314 0.851538 0.852991 0.956550 0.493736 0.765459 0.406965 0.448788 0.921137 0.854197 0.592245 0.572625 0.977643 0.857877 0.548615 0.623609 0.558329 0.552645 0.817769 0.935843 0.667483 0.529443 0.552381 0.544008 0.445166 0.620050 0.669578 0.621514 0.667228 0.696265 0.974014 0.684171 0.961167 0.854507 0.981059 0.827024 0.850848 0.750228 0.914578 0.846429 0.849403 0.920758 0.721877 0.640269 0.824079 0.845007 0.640908 0.603724 0.759844 0.825548 0.827996 0.865996 0.862571 0.817172 0.896809 0.753151 0.635114 0.770941 0.720805 0.736838
0.936548 0.854597 0.538638 0.701649 0.959235 0.764168 0.683265 0.801052 0.726131 0.965831 0.903528 0.878706 0.858174 0.952304 0.952116 0.918313 0.939875 0.809001 0.918281 0.946233 0.977414 0.994565 0.957837 0.906456 0.826868 0.610373 0.739425 0.979618 0.913776 0.891611 0.774804 0.728834 0.801609 0.834493 0.000000 0.922307 0.892168 0.884556 0.792786 0.978172 0.959559 0.949970 0.683518 0.778945 0.675470 0.786359 0.699503 0.649949 0.886639 0.885106 0.597444 0.627996 0.538605 0.630551 0.677822 0.695112 0.951478 0.882235 0.883574 0.980940 0.660702 0.830471 0.988292 0.925642 0.563681 0.739328 0.538799 0.591248 0.974699 0.878263 0.956264 0.920763 0.915155 0.900627 0.896970 0.867398 0.825950 0.845166 0.959732 0.902043 0.971087 0.823030 0.864484 0.958746 0.978108 0.867705 0.752745 0.907651 0.799904 0.904137 0.661021 0.753972 0.682209 0.746144 0.710280 0.958540 0.801727 0.677284 0.664666 0.638808 0.721733 0.713966 0.673560 0.760962 0.533248 0.713014 0.943881 0.820615 0.942724 0.889861 0.791536 0.759961 0.787300 0.707302 0.599988 0.899732
0.813089 0.846623 0.814642 0.981534 0.884601 0.983856 0.909053 0.903324 0.988493 0.830248 0.957937 0.728917 0.954444 0.849291 0.885890 0.849927 0.944675 0.858472 0.880117 0.824715 0.949678 0.715926 0.841862 0.743967 0.913993 0.746387 0.811558 0.821454 0.990972 0.983601 0.913636 0.846753 0.837193 0.780769 0.922307 0.000000 0.993264 0.867020 0.936328 0.966335 0.889708 0.983241 0.930269 0.906054 0.927707 0.996101 0.929357 0.985633 0.780241 0.806366 0.989358 0.985600 0.952766 0.859159 0.940328 0.983417 0.876210 0.899681 0.901681 0.850037 0.936040 0.880489 0.972431 0.946937 0.929265 0.989728 0.785084 0.759573 0.909277 0.903462 0.962350 0.957630 0.907872 0.918425 0.956044 0.901461 0.899240 0.752542 0.991736 0.972782 0.952950 0.943764 0.895932 0.991609 0.786454 0.809339 0.955961 0.974659 0.850454 0.831553 0.901899 0.990413 0.902286 0.925503 0.887751 0.913948 0.887656 0.962062 0.990444 0.992853 0.983149 0.806075 0.858627 0.934491 0.945270 0.934143 0.924549 0.961389 0.823314 0.907862 0.944632 0.923039 0.834425 0.784207 0.811720 0.991709
0.649760 0.734197 0.931679 0.819579 0.894879 0.921934 0.910137 0.826554 0.940168 0.763376 0.696624 0.701642 0.787885 0.801669 0.802861 0.938136 0.688683 0.717888 0.664092 0.639663 0.947977 0.903876 0.679860 0.858525 0.836633 0.982980 0.907656 0.987237 0.709521 0.760091 0.863970 0.867423 0.667911 0.830540 0.892168 0.993264 0.000000 0.871915 0.922887 0.849930 0.879573 0.931030 0.941097 0.996854 0.952145 0.882680 0.860228 0.947396 0.878271 0.850894 0.857272 0.963398 0.987050 0.877204 0.891587 0.947653 0.673203 0.738406 0.774950 0.915347 0.981165 0.867276 0.794736 0.709137 0.983941 0.873752 0.967990 0.834458 0.656726 0.588831 0.809729 0.927558 0.884464 0.990357 0.866784 0.885272 0.767609 0.911295 0.862695 0.861474 0.700704 0.626302 0.779214 0.835291 0.632409 0.741848 0.817813 0.780943 0.812392 0.662586 0.912876 0.890630 0.957482 0.854382 0.920668 0.959681 0.699022 0.837277 0.937202 0.934653 0.895290 0.821621 0.826403 0.820148 0.997258 0.810194 0.934762 0.890331 0.866178 0.868264 0.818768 0.796240 0.942641 0.982122 0.915593 0.776585
0.968013 0.913933 0.788280 0.787953 0.876738 0.871994 0.749951 0.858777 0.845650 0.933706 0.945076 0.979263 0.996902 0.936326 0.939256 0.839865 0.982205 0.992753 0.887076 0.753190 0.946649 0.714155 0.849411 0.937629 0.894256 0.784346 0.948265 0.909339 0.994956 0.986502 0.723025 0.814457 0.749811 0.763557 0.884556 0.867020 0.871915 0.000000 0.957176 0.911222 0.956437 0.686043 0.866993 0.958324 0.777695 0.897665 0.963447 0.873955 0.938332 0.896977 0.720011 0.816274 0.690442 0.741485 0.831146 0.952281 0.961437 0.860977 0.867390 0.715558 0.956036 0.870177 0.978060 0.941220 0.958684 0.852332 0.829347 0.854292 0.779687 0.949285 0.657822 0.790046 0.595917 0.659541 0.975434 0.962230 0.790521 0.891694 0.966895 0.987899 0.885728 0.968722 0.931604 0.899955 0.879031 0.994994 0.922095 0.964580 0.906744 0.898447 0.755780 0.836903 0.801383 0.808840 0.904686 0.927262 0.836725 0.919255 0.944271 0.835298 0.834516 0.795579 0.824129 0.871603 0.961428 0.905108 0.966160 0.877541 0.951103 0.903444 0.751453 0.818717 0.935046 0.760968 0.923415 0.959526
