0.000000 0.385660 0.802627 0.930774 0.887015 0.645036 0.709684 0.510672 0.700679 0.690649 0.519687 0.425255 0.699381 0.647206 0.942385 0.772580 0.398213 0.414699 0.489530 0.467471 0.855587 0.868020 0.624071 0.738836 0.722141 0.778679 0.798603 0.988810 0.590386 0.538129 0.935967 0.779706 0.643348 0.590208 0.983791 0.814424 0.923058 0.985488 0.936700 0.984419 0.932279 0.826952 0.570122 0.501981 0.576327 0.556607 0.690522 0.606262 0.607936 0.578289 0.742483 0.722232 0.807113 0.808277 0.944905 0.880674 0.332634 0.489256 0.563994 0.935110 0.612424 0.730429 0.500434 0.426174 0.686862 0.883765 0.805471 0.799443 0.767803 0.679117 0.851583 0.824001 0.848770 0.721027 0.980437 0.810858 0.723169 0.841658 0.801864 0.765375 0.544697 0.645294 0.864749 0.768661 0.744123 0.751034 0.906313 0.696450 0.914836 0.924743 0.562969 0.712652 0.693000 0.847088 0.821154 0.878770 0.778830 0.801609 0.493827 0.526901 0.631626 0.698429 0.475368 0.557671 0.875723 0.760641 0.844596 0.912709 0.947309 0.932363 0.884530 0.725624 0.705504 0.825869 0.829343 0.884173
0.385660 0.000000 0.660464 0.827602 0.900179 0.751044 0.871984 0.646175 0.861975 0.725863 0.712176 0.432101 0.887088 0.734190 0.894384 0.717102 0.358591 0.329923 0.630699 0.620454 0.911072 0.792520 0.680431 0.801550 0.828171 0.780939 0.904456 0.868194 0.628339 0.409199 0.896181 0.794489 0.685015 0.667273 0.827351 0.896916 0.921415 0.861600 0.976461 0.865694 0.902256 0.812124 0.661160 0.584743 0.623489 0.534833 0.833973 0.667526 0.627620 0.588609 0.763753 0.714928 0.910849 0.840790 0.951895 0.790320 0.271971 0.302495 0.738556 0.839458 0.776310 0.645092 0.658429 0.370145 0.671432 0.936039 0.860594 0.836477 0.778795 0.672535 0.896489 0.932253 0.917430 0.829870 0.913600 0.816891 0.799691 0.812006 0.647482 0.600538 0.390547 0.563462 0.816076 0.706797 0.694166 0.849181 0.777257 0.786650 0.882262 0.949983 0.705443 0.877757 0.831420 0.941445 0.768965 0.886889 0.728078 0.884682 0.608902 0.714093 0.729978 0.780151 0.560277 0.677056 0.973969 0.879042 0.820318 0.950327 0.888541 0.908773 0.829011 0.688736 0.750219 0.903580 0.849272 0.855668
0.802627 0.660464 0.000000 0.382778 0.879089 0.913959 0.646173 0.807244 0.777903 0.898958 0.937297 0.668335 0.787850 0.900006 0.720046 0.753559 0.668970 0.615066 0.800282 0.980755 0.982252 0.936423 0.549724 0.737223 0.765774 0.689084 0.863086 0.846398 0.925828 0.664378 0.517804 0.673931 0.721542 0.800733 0.694424 0.782434 0.928608 0.917309 0.826982 0.997038 0.945478 0.729208 0.824322 0.896777 0.943100 0.825706 0.781671 0.848091 0.763211 0.921885 0.983036 0.967143 0.879497 0.787706 0.860704 0.898050 0.690035 0.567829 0.828578 0.800283 0.751325 0.931107 0.908839 0.549114 0.423765 0.527158 0.634707 0.720168 0.840611 0.860708 0.796394 0.869246 0.888695 0.870418 0.998370 0.856718 0.726096 0.740284 0.790374 0.787487 0.544560 0.577418 0.865709 0.581033 0.696929 0.854245 0.891794 0.929704 0.923676 0.991431 0.909148 0.691282 0.977445 0.672030 0.982899 0.996886 0.819408 0.978970 0.993222 0.866408 0.978723 0.776293 0.917883 0.930968 0.875602 0.838964 0.966488 0.686589 0.916633 0.940103 0.923270 0.957952 0.970309 0.961649 0.995182 0.803371
0.930774 0.827602 0.382778 0.000000 0.980843 0.918657 0.782083 0.801171 0.892379 0.746065 0.993644 0.776883 0.794447 0.738456 0.775117 0.899762 0.766834 0.749777 0.755106 0.821833 0.998366 0.926682 0.508193 0.549968 0.629248 0.649407 0.766914 0.635223 0.969955 0.760391 0.466564 0.616215 0.676767 0.811220 0.634215 0.821636 0.815595 0.975292 0.754598 0.984998 0.902586 0.824864 0.839077 0.889075 0.806181 0.718999 0.819803 0.885756 0.614218 0.859811 0.899162 0.993418 0.966057 0.834573 0.760216 0.987269 0.828606 0.700874 0.849102 0.878758 0.892627 0.898851 0.943180 0.638824 0.463016 0.493135 0.670784 0.743131 0.972695 0.919140 0.797336 0.828164 0.771660 0.805074 0.878531 0.819958 0.742742 0.826301 0.991916 0.893883 0.773354 0.799271 0.951022 0.740336 0.685133 0.686464 0.998538 0.954070 0.880048 0.798775 0.957833 0.814134 0.961684 0.766702 0.905922 0.891575 0.830678 0.965850 0.948427 0.957724 0.922667 0.753232 0.954273 0.981523 0.802287 0.843339 0.997228 0.783091 0.869098 0.880576 0.968805 0.833738 0.908576 0.808979 0.931696 0.754861
0.887015 0.900179 0.879089 0.980843 0.000000 0.751423 0.775495 0.813856 0.922517 0.774146 0.763966 0.773814 0.809414 0.814079 0.951758 0.984248 0.982072 0.904588 0.737451 0.731911 0.879407 0.924370 0.901216 0.985508 0.913234 0.811200 0.869571 0.922821 0.940972 0.902397 0.895407 0.802478 0.739131 0.802895 0.832124 0.845550 0.979954 0.890062 0.871429 0.852805 0.967871 0.899943 0.867802 0.902082 0.841858 0.847065 0.931503 0.807713 0.959269 0.956563 0.928671 0.971254 0.880427 0.894274 0.860937 0.929819 0.917658 0.916612 0.857560 0.881891 0.787338 0.931069 0.824476 0.955117 0.978095 0.950707 0.729729 0.741321 0.982830 0.992649 0.837364 0.945761 0.906571 0.810362 0.943668 0.898640 0.885703 0.810738 0.926934 0.985767 0.943674 0.862889 0.993293 0.938830 0.920633 0.984341 0.909145 0.929629 0.987990 0.790752 0.824508 0.767749 0.849889 0.802828 0.957750 0.998394 0.953774 0.969479 0.849411 0.858622 0.940678 0.873827 0.908628 0.925245 0.955669 0.994494 0.855927 0.991177 0.988146 0.918830 0.828169 0.946440 0.916279 0.907426 0.849633 0.855168
0.645036 0.751044 0.913959 0.918657 0.751423 0.000000 0.653330 0.616006 0.622805 0.546698 0.607011 0.604320 0.769806 0.844644 0.995814 0.853008 0.682404 0.664551 0.664976 0.732130 0.927530 0.958472 0.771315 0.786665 0.722269 0.711612 0.747638 0.972003 0.724977 0.717587 0.921560 0.848803 0.838509 0.657215 0.866677 0.819520 0.973108 0.975380 0.983806 0.849966 0.943134 0.909602 0.668118 0.645043 0.631229 0.638691 0.928733 0.730260 0.749949 0.820187 0.908026 0.896959 0.879878 0.812534 0.747488 0.976813 0.626966 0.853725 0.811283 0.978666 0.710354 0.851560 0.734600 0.753240 0.705920 0.857448 0.828105 0.797555 0.965909 0.900145 0.823837 0.761150 0.839945 0.731191 0.934051 0.720449 0.727610 0.794642 0.752573 0.876506 0.925355 0.840211 0.912490 0.981762 0.757302 0.738186 0.915767 0.912112 0.924441 0.707010 0.676835 0.738353 0.683017 0.775622 0.979158 0.925860 0.717242 0.828507 0.569111 0.672102 0.700855 0.695523 0.695521 0.694718 0.947310 0.890480 0.606237 0.922955 0.900477 0.978640 0.896515 0.768277 0.793807 0.764161 0.985000 0.716068
0.709684 0.871984 0.646173 0.782083 0.775495 0.653330 0.000000 0.333837 0.598873 0.464584 0.392098 0.739333 0.536066 0.707215 0.898494 0.879740 0.803765 0.807626 0.422509 0.669421 0.829818 0.931074 0.924326 0.772862 0.601176 0.714215 0.656040 0.879616 0.639058 0.773841 0.837111 0.703856 0.553960 0.423325 0.948518 0.971898 0.951563 0.798429 0.993590 0.927375 0.991827 0.770088 0.518478 0.533759 0.428621 0.557531 0.657685 0.529929 0.684276 0.719591 0.675366 0.667614 0.650043 0.548661 0.862213 0.956298 0.796056 0.959951 0.500356 0.796394 0.352686 0.760627 0.556456 0.866037 0.897167 0.883964 0.482765 0.491074 0.843878 0.943337 0.665398 0.769454 0.870771 0.722008 0.994944 0.705160 0.521394 0.644318 0.970695 0.989463 0.861676 0.868147 0.822747 0.807624 0.880214 0.744364 0.975823 0.702689 0.934397 0.719142 0.472741 0.386918 0.691367 0.554765 0.780533 0.853474 0.782793 0.809577 0.475443 0.428136 0.568300 0.516457 0.716046 0.655912 0.943877 0.726521 0.829011 0.680979 0.905210 0.975664 0.708737 0.693317 0.559131 0.858549 0.976120 0.986207
0.510672 0.646175 0.807244 0.801171 0.813856 0.616006 0.333837 0.000000 0.539278 0.449390 0.347539 0.520391 0.546480 0.531686 0.952780 0.946579 0.585530 0.594806 0.309290 0.519766 0.736456 0.902519 0.824294 0.745868 0.612524 0.716759 0.661115 0.924612 0.474412 0.572050 0.864243 0.672362 0.512112 0.394075 0.909003 0.870323 0.951041 0.878602 0.959890 0.940551 0.995745 0.920233 0.400459 0.413628 0.407815 0.490172 0.659032 0.453009 0.580884 0.620211 0.611638 0.611457 0.626490 0.565301 0.819002 0.890280 0.574370 0.834124 0.520545 0.773163 0.414198 0.652349 0.513612 0.674207 0.808411 0.915243 0.635370 0.559728 0.974349 0.842038 0.687912 0.762362 0.807199 0.697503 0.973509 0.704709 0.539540 0.699571 0.895038 0.841415 0.941764 0.991169 0.861321 0.931946 0.689568 0.667260 0.867200 0.641307 0.840152 0.792922 0.400839 0.435620 0.680455 0.643188 0.753590 0.823384 0.776681 0.744226 0.406684 0.380316 0.492136 0.462316 0.527950 0.528388 0.973391 0.710230 0.842107 0.720362 0.933336 0.982576 0.763303 0.635756 0.562769 0.803390 0.894478 0.969547
0.700679 0.861975 0.777903 0.892379 0.922517 0.622805 0.598873 0.539278 0.000000 0.664802 0.624328 0.764495 0.784297 0.796645 0.922089 0.885739 0.762933 0.796301 0.671981 0.729425 0.773535 0.883677 0.860001 0.803118 0.848747 0.975185 0.864967 0.889290 0.702109 0.859143 0.777954 0.797057 0.696476 0.641995 0.941056 0.782358 0.789712 0.934999 0.951462 0.957743 0.976275 0.939870 0.602586 0.660388 0.610962 0.694535 0.727110 0.680440 0.705277 0.616276 0.669659 0.637193 0.615674 0.588420 0.836530 0.931031 0.724693 0.897295 0.681367 0.720105 0.544051 0.646986 0.921116 0.854911 0.939399 0.840269 0.876788 0.863232 0.991764 0.790001 0.784745 0.845740 0.939206 0.795401 0.951548 0.886505 0.613421 0.799532 0.993386 0.998067 0.903259 0.814669 0.887868 0.890492 0.784031 0.670562 0.986288 0.787447 0.937905 0.834903 0.649287 0.675377 0.791460 0.733778 0.869251 0.972684 0.841021 0.891228 0.580434 0.616775 0.723535 0.745160 0.678412 0.829658 0.956792 0.678533 0.852286 0.784506 0.941035 0.968599 0.881100 0.779565 0.734256 0.862701 0.844678 0.977482
0.690649 0.725863 0.898958 0.746065 0.774146 0.546698 0.464584 0.449390 0.664802 0.000000 0.439637 0.571073 0.680967 0.757185 0.978167 0.904743 0.606879 0.588083 0.555578 0.768684 0.757491 0.888709 0.576046 0.509833 0.402497 0.458047 0.574671 0.747029 0.531076 0.557378 0.850935 0.909290 0.848413 0.585478 0.671585 0.822998 0.857647 0.843619 0.872701 0.853837 0.917001 0.897640 0.547351 0.550128 0.333817 0.343105 0.865212 0.565983 0.412475 0.631342 0.650480 0.756689 0.739452 0.731350 0.654874 0.941336 0.622387 0.818519 0.731004 0.919688 0.533876 0.706365 0.582670 0.616237 0.515975 0.742956 0.826690 0.782862 0.809186 0.978793 0.766743 0.823558 0.965623 0.860324 0.898865 0.818656 0.657498 0.801306 0.936707 0.927073 0.988085 0.956461 0.772707 0.995882 0.541458 0.489418 0.990298 0.812523 0.749811 0.525897 0.471260 0.529322 0.721055 0.759544 0.798642 0.971618 0.710521 0.756822 0.449350 0.451131 0.570343 0.680861 0.604333 0.628225 0.890218 0.916923 0.839834 0.844759 0.980377 0.928445 0.680199 0.519773 0.553914 0.763966 0.914636 0.852569
0.519687 0.712176 0.937297 0.993644 0.763966 0.607011 0.392098 0.347539 0.624328 0.439637 0.000000 0.522631 0.480999 0.569224 0.965099 0.949131 0.583193 0.595207 0.389377 0.527936 0.766843 0.890816 0.688379 0.641167 0.466106 0.604604 0.583568 0.862515 0.461329 0.599357 0.943658 0.797200 0.644235 0.466019 0.918315 0.835190 0.993124 0.756444 0.969437 0.971458 0.977868 0.953114 0.532260 0.493999 0.438947 0.486528 0.687977 0.548883 0.530270 0.645271 0.652002 0.719481 0.678491 0.697530 0.850824 0.909571 0.610484 0.834440 0.509517 0.887248 0.400217 0.765165 0.428577 0.624293 0.662472 0.885881 0.685350 0.641266 0.970492 0.903722 0.697679 0.768500 0.855242 0.711057 0.971493 0.700855 0.693792 0.721426 0.948380 0.929919 0.914855 0.899603 0.876743 0.971633 0.716878 0.674146 0.901689 0.782153 0.882872 0.686216 0.459297 0.491467 0.708184 0.728953 0.809747 0.877691 0.760625 0.820408 0.444906 0.393381 0.503768 0.635033 0.579312 0.551825 0.946588 0.791816 0.873712 0.762074 0.925928 0.964407 0.811485 0.664253 0.545985 0.863108 0.928463 0.975446
0.425255 0.432101 0.668335 0.776883 0.773814 0.604320 0.739333 0.520391 0.764495 0.571073 0.522631 0.000000 0.806277 0.644770 0.813677 0.718773 0.428706 0.366846 0.594084 0.531634 0.791274 0.859279 0.571804 0.657716 0.570837 0.599917 0.634260 0.836710 0.489908 0.413203 0.872381 0.921297 0.716071 0.630708 0.805658 0.820049 0.832026 0.976129 0.954222 0.972958 0.855134 0.845186 0.675830 0.619492 0.526537 0.502388 0.792827 0.575073 0.489099 0.605753 0.696321 0.689110 0.763015 0.805389 0.768996 0.882454 0.404095 0.493997 0.649322 0.837441 0.673506 0.597188 0.541265 0.378290 0.508507 0.813589 0.933573 0.813679 0.790486 0.566990 0.953267 0.912514 0.847367 0.727523 0.972216 0.837013 0.819925 0.966647 0.736137 0.744282 0.564862 0.631532 0.958308 0.665296 0.605361 0.669968 0.822388 0.760526 0.847522 0.824998 0.647645 0.829005 0.812056 0.937915 0.674668 0.844968 0.756193 0.826743 0.567884 0.685915 0.626936 0.736059 0.574986 0.595560 0.911791 0.879141 0.833472 0.968918 0.956787 0.877067 0.825437 0.788264 0.685404 0.788966 0.853967 0.813066
0.699381 0.887088 0.787850 0.794447 0.809414 0.769806 0.536066 0.546480 0.784297 0.680967 0.480999 0.806277 0.000000 0.439701 0.624054 0.787521 0.837459 0.806722 0.508621 0.583698 0.889353 0.911963 0.996121 0.934132 0.770260 0.773690 0.874915 0.919229 0.699821 0.772901 0.896636 0.727391 0.696408 0.608708 0.911418 0.913450 0.882367 0.661079 0.948199 0.977292 0.863616 0.809614 0.530440 0.519890 0.746183 0.746508 0.584412 0.635966 0.848591 0.877798 0.828515 0.957795 0.885760 0.865447 0.861327 0.988238 0.816930 0.944089 0.677901 0.899363 0.637624 0.867202 0.508224 0.919506 0.908560 0.914263 0.763320 0.867941 0.960262 0.992882 0.673409 0.703843 0.903432 0.848584 0.899913 0.617472 0.697942 0.784443 0.942664 0.996369 0.950966 0.959112 0.950875 0.881571 0.979166 0.993951 0.954604 0.952330 0.974330 0.814749 0.587278 0.559450 0.794255 0.782211 0.819518 0.780534 0.928921 0.884094 0.590947 0.522532 0.674865 0.753082 0.672061 0.618070 0.967102 0.970492 0.922519 0.720957 0.892550 0.981640 0.830563 0.808554 0.737673 0.795660 0.968513 0.904669
0.647206 0.734190 0.900006 0.738456 0.814079 0.844644 0.707215 0.531686 0.796645 0.757185 0.569224 0.644770 0.439701 0.000000 0.733431 0.632021 0.731802 0.691112 0.479477 0.445319 0.816967 0.882836 0.973528 0.904801 0.879967 0.807164 0.907027 0.906493 0.573187 0.643528 0.827713 0.744278 0.639491 0.583027 0.942506 0.908458 0.875147 0.824909 0.957788 0.975047 0.912871 0.980950 0.542405 0.549086 0.799165 0.784640 0.683857 0.609902 0.888718 0.878072 0.852265 0.897850 0.903503 0.877834 0.884707 0.968957 0.728752 0.916749 0.782078 0.997551 0.766488 0.984291 0.586859 0.820454 0.944986 0.945394 0.855073 0.890740 0.933644 0.845842 0.784853 0.819929 0.890347 0.795293 0.928052 0.609945 0.698443 0.891387 0.920936 0.935308 0.876326 0.904196 0.935808 0.945784 0.928564 0.950628 0.935504 0.936725 0.986349 0.903741 0.594900 0.716749 0.864018 0.931943 0.848916 0.727339 0.971257 0.872457 0.618623 0.608371 0.661426 0.757812 0.708660 0.742812 0.994886 0.969588 0.939578 0.793708 0.850400 0.941744 0.883164 0.814700 0.723037 0.920930 0.961124 0.918017
0.942385 0.894384 0.720046 0.775117 0.951758 0.995814 0.898494 0.952780 0.922089 0.978167 0.965099 0.813677 0.624054 0.733431 0.000000 0.649934 0.851621 0.850405 0.981590 0.883004 0.841935 0.947947 0.833833 0.735001 0.832451 0.840396 0.738314 0.754297 0.970930 0.921337 0.877641 0.832776 0.956242 0.982310 0.912581 0.956608 0.899218 0.778220 0.924964 0.941910 0.879241 0.880233 0.740756 0.799332 0.921242 0.954331 0.704686 0.894291 0.938952 0.897855 0.985043 0.910520 0.925468 0.934634 0.957826 0.775713 0.928016 0.830841 0.986529 0.831853 0.949233 0.845568 0.998882 0.807244 0.698228 0.882791 0.930395 0.835004 0.879049 0.831535 0.890512 0.937983 0.799446 0.806469 0.960053 0.845026 0.827569 0.903698 0.808295 0.849124 0.801161 0.775349 0.869594 0.835763 0.760287 0.833694 0.779592 0.985195 0.905039 0.997372 0.961303 0.927777 0.917159 0.992069 0.992721 0.962531 0.863723 0.922261 0.919171 0.898678 0.919708 0.966252 0.965486 0.968649 0.994704 0.955736 0.974396 0.731219 0.954468 0.918167 0.880113 0.860838 0.989867 0.916979 0.952339 0.830910
0.772580 0.717102 0.753559 0.899762 0.984248 0.853008 0.879740 0.946579 0.885739 0.904743 0.949131 0.718773 0.787521 0.632021 0.649934 0.000000 0.748105 0.721700 0.993301 0.689278 0.956018 0.983990 0.897223 0.861316 0.942531 0.984288 0.912771 0.900863 0.837514 0.703271 0.987710 0.877215 0.998004 0.976322 0.723914 0.809032 0.797568 0.994953 0.957303 0.832252 0.968673 0.906330 0.796879 0.842836 0.968421 0.900284 0.864755 0.846395 0.851470 0.932966 0.821996 0.922475 0.977676 0.991523 0.860263 0.907722 0.733815 0.725234 0.954695 0.921876 0.984034 0.927593 0.922798 0.750608 0.886062 0.951187 0.672787 0.749969 0.840096 0.830750 0.911723 0.975403 0.993919 0.949605 0.949081 0.816647 0.961757 0.876445 0.919785 0.882272 0.700501 0.752536 0.698477 0.696712 0.999003 0.873058 0.988798 0.949332 0.964794 0.998552 0.988649 0.821921 0.928626 0.726877 0.810857 0.916370 0.986584 0.936593 0.847087 0.950774 0.981394 0.887995 0.867688 0.953299 0.855303 0.857985 0.915031 0.943200 0.928911 0.986844 0.952463 0.899471 0.993167 0.912940 0.961028 0.922684
0.398213 0.358591 0.668970 0.766834 0.982072 0.682404 0.803765 0.585530 0.762933 0.606879 0.583193 0.428706 0.837459 0.731802 0.851621 0.748105 0.000000 0.290603 0.635087 0.668770 0.889593 0.755990 0.544802 0.637476 0.689739 0.694104 0.719755 0.809118 0.467668 0.362272 0.902144 0.878610 0.788851 0.654322 0.738938 0.837039 0.903947 0.863010 0.950072 0.852988 0.933850 0.863257 0.657324 0.581693 0.571239 0.542011 0.850565 0.705654 0.553644 0.572503 0.703105 0.704228 0.857691 0.816876 0.813506 0.869278 0.319734 0.389255 0.786122 0.874875 0.716550 0.605671 0.651177 0.344296 0.559806 0.852087 0.990381 0.910284 0.755322 0.673470 0.932126 0.863311 0.844713 0.801836 0.965400 0.809483 0.835719 0.943152 0.741706 0.631869 0.476500 0.665095 0.987997 0.648234 0.566184 0.704427 0.761147 0.721710 0.753367 0.875976 0.655458 0.851140 0.806243 0.997032 0.742862 0.916237 0.772648 0.895748 0.601462 0.607603 0.672131 0.805198 0.602843 0.715139 0.933473 0.943039 0.803290 0.957556 0.963785 0.929941 0.793736 0.744992 0.730662 0.876640 0.863613 0.849968
0.414699 0.329923 0.615066 0.749777 0.904588 0.664551 0.807626 0.594806 0.796301 0.588083 0.595207 0.366846 0.806722 0.691112 0.850405 0.721700 0.290603 0.000000 0.620761 0.612979 0.867865 0.904591 0.520004 0.692364 0.643740 0.606102 0.726403 0.794968 0.493440 0.332839 0.865279 0.855257 0.758507 0.675103 0.702700 0.758934 0.939747 0.951302 0.942516 0.959756 0.978911 0.853127 0.676839 0.595399 0.563769 0.495245 0.877642 0.632750 0.561531 0.591265 0.761519 0.708723 0.897328 0.864374 0.804100 0.888049 0.284666 0.365827 0.814844 0.925518 0.724401 0.632853 0.602109 0.320899 0.510258 0.800458 0.980367 0.933770 0.730762 0.645700 0.916660 0.906870 0.929787 0.803503 0.941754 0.905245 0.832710 0.869178 0.658974 0.623239 0.455615 0.611591 0.986003 0.643196 0.546251 0.689526 0.770623 0.729564 0.796312 0.871085 0.652477 0.834673 0.808492 0.967219 0.782178 0.882684 0.712299 0.958020 0.582385 0.619621 0.661326 0.829589 0.588562 0.700938 0.934525 0.960380 0.819609 0.918041 0.950922 0.952447 0.841752 0.716509 0.701932 0.844162 0.865555 0.853290
0.489530 0.630699 0.800282 0.755106 0.737451 0.664976 0.422509 0.309290 0.671981 0.555578 0.389377 0.594084 0.508621 0.479477 0.981590 0.993301 0.635087 0.620761 0.000000 0.445213 0.812910 0.930890 0.867623 0.833566 0.705616 0.717027 0.776329 0.996706 0.546796 0.626027 0.838470 0.663235 0.476815 0.400855 0.971169 0.933999 0.982137 0.805989 0.992417 0.905683 0.977658 0.966969 0.464243 0.422273 0.529554 0.579647 0.738986 0.533135 0.728808 0.671798 0.774176 0.758648 0.748362 0.729648 0.954382 0.852570 0.577869 0.834029 0.559028 0.873566 0.485898 0.850839 0.492756 0.712237 0.864525 0.951235 0.553414 0.563497 0.996964 0.847029 0.638142 0.821697 0.784232 0.680812 0.984179 0.695264 0.565753 0.664614 0.878701 0.912928 0.889067 0.926632 0.903121 0.928958 0.814161 0.803720 0.882624 0.751610 0.950837 0.842342 0.452009 0.460684 0.700529 0.690290 0.854468 0.814736 0.843809 0.788411 0.445918 0.423280 0.494105 0.520387 0.518722 0.568850 0.873500 0.792615 0.828038 0.832925 0.987978 0.995086 0.893462 0.689187 0.659133 0.882642 0.958476 0.972725
0.467471 0.620454 0.980755 0.821833 0.731911 0.732130 0.669421 0.519766 0.729425 0.768684 0.527936 0.531634 0.583698 0.445319 0.883004 0.689278 0.668770 0.612979 0.445213 0.000000 0.860940 0.966382 0.875583 0.992490 0.854981 0.823055 0.878062 0.915951 0.619621 0.675165 0.929767 0.680589 0.474371 0.577661 0.949793 0.962790 0.737635 0.874943 0.957746 0.991791 0.864428 0.851789 0.605956 0.588650 0.713557 0.751674 0.649352 0.590486 0.820700 0.737865 0.809350 0.825199 0.747736 0.832422 0.985137 0.973122 0.590998 0.726751 0.561168 0.864732 0.611150 0.828948 0.563467 0.670235 0.894518 0.930118 0.740408 0.741125 0.838137 0.759853 0.806162 0.857305 0.728573 0.720654 0.920562 0.819031 0.712787 0.844616 0.945916 0.866302 0.709056 0.702067 0.877472 0.906533 0.976650 0.995357 0.964035 0.858155 0.972627 0.967553 0.630771 0.733719 0.815603 0.921081 0.829486 0.755581 0.987626 0.885205 0.608238 0.614877 0.682164 0.804027 0.652535 0.649099 0.942803 0.826928 0.878167 0.893847 0.873450 0.993202 0.947921 0.878865 0.781002 0.892707 0.981669 0.989698
0.855587 0.911072 0.982252 0.998366 0.879407 0.927530 0.829818 0.736456 0.773535 0.757491 0.766843 0.791274 0.889353 0.816967 0.841935 0.956018 0.889593 0.867865 0.812910 0.860940 0.000000 0.940658 0.802783 0.795082 0.816753 0.907075 0.974496 0.968349 0.707349 0.877932 0.908234 0.989967 0.988240 0.944269 0.859159 0.798652 0.923151 0.939978 0.980874 0.794164 0.955247 0.924865 0.835933 0.872321 0.835393 0.851910 0.806307 0.885550 0.811055 0.870262 0.997561 0.955941 0.961648 0.970091 0.911339 0.952686 0.836182 0.938955 0.884601 0.975752 0.849431 0.799542 0.874084 0.812373 0.927691 0.969022 0.890659 0.982614 0.999612 0.981321 0.989799 0.965562 0.733346 0.951697 0.892415 0.865946 0.872155 0.935839 0.995234 0.999154 0.901428 0.882968 0.884316 0.931549 0.729325 0.669038 0.966193 0.716570 0.970602 0.981573 0.867452 0.833162 0.998540 0.976719 0.869805 0.943312 0.991827 0.848626 0.814700 0.785260 0.918973 0.886837 0.750388 0.831100 0.971435 0.904100 0.908392 0.863185 0.878245 0.896710 0.907459 0.798169 0.863765 0.924604 0.951495 0.855334
0.868020 0.792520 0.936423 0.926682 0.924370 0.958472 0.931074 0.902519 0.883677 0.888709 0.890816 0.859279 0.911963 0.882836 0.947947 0.983990 0.755990 0.904591 0.930890 0.966382 0.940658 0.000000 0.903247 0.801210 0.827633 0.988017 0.955716 0.875914 0.893578 0.862321 0.866803 0.855903 0.931262 0.959540 0.969978 0.955324 0.871694 0.949615 0.933079 0.905820 0.748509 0.918707 0.974573 0.945087 0.884456 0.905238 0.992795 0.954910 0.816754 0.872892 0.838154 0.962960 0.920727 0.916569 0.978518 0.855387 0.831987 0.804370 0.850864 0.901718 0.889220 0.837446 0.918776 0.824906 0.878883 0.996265 0.972799 0.877738 0.915633 0.870853 0.951831 0.988957 0.875964 0.990939 0.854371 0.945337 0.909415 0.950507 0.953605 0.952744 0.799744 0.918957 0.962664 0.946000 0.909046 0.887608 0.963555 0.905062 0.787022 0.892559 0.946702 0.997820 0.930751 0.964022 0.778529 0.897294 0.940293 0.984960 0.954189 0.958186 0.859008 0.913046 0.815769 0.917039 0.839001 0.967462 0.947706 0.879530 0.960299 0.821947 0.924357 0.925065 0.950520 0.959776 0.958662 0.885081
0.624071 0.680431 0.549724 0.508193 0.901216 0.771315 0.924326 0.824294 0.860001 0.576046 0.688379 0.571804 0.996121 0.973528 0.833833 0.897223 0.544802 0.520004 0.867623 0.875583 0.802783 0.903247 0.000000 0.387267 0.421000 0.597003 0.597803 0.697672 0.635764 0.659835 0.597228 0.805628 0.836230 0.931477 0.617306 0.637177 0.953622 0.999131 0.781421 0.994294 0.881386 0.872568 0.808907 0.783400 0.602208 0.537472 0.985412 0.833208 0.486407 0.655329 0.886637 0.872742 0.940726 0.949580 0.776428 0.876741 0.563756 0.664761 0.889104 0.898707 0.836805 0.786539 0.753261 0.501405 0.420761 0.524109 0.823559 0.863922 0.988991 0.779261 0.918185 0.965021 0.835131 0.990075 0.798275 0.902070 0.967658 0.970859 0.894662 0.961542 0.791335 0.893644 0.832847 0.758113 0.378374 0.424990 0.963279 0.762668 0.758355 0.732058 0.695177 0.852189 0.817129 0.995037 0.878295 0.975109 0.794032 0.922563 0.590909 0.716392 0.678632 0.972720 0.704172 0.746918 0.991768 0.957947 0.908349 0.905435 0.925772 0.992082 0.918592 0.659981 0.659727 0.926450 0.930978 0.802571
0.738836 0.801550 0.737223 0.549968 0.985508 0.786665 0.772862 0.745868 0.803118 0.509833 0.641167 0.657716 0.934132 0.904801 0.735001 0.861316 0.637476 0.692364 0.833566 0.992490 0.795082 0.801210 0.387267 0.000000 0.424930 0.664542 0.555657 0.642840 0.678750 0.748076 0.658047 0.779901 0.911462 0.914005 0.698020 0.841296 0.915989 0.995445 0.713234 0.961886 0.906369 0.956800 0.840494 0.859545 0.537889 0.512728 0.941293 0.817754 0.451908 0.605822 0.766502 0.809711 0.796250 0.913702 0.715192 0.877647 0.704844 0.751809 0.808846 0.913290 0.698916 0.672642 0.777690 0.624700 0.524007 0.691031 0.995723 0.938350 0.845164 0.819064 0.960241 0.991867 0.879900 0.960396 0.847170 0.917212 0.918298 0.909564 0.955058 0.992206 0.942819 0.957894 0.711339 0.963128 0.453040 0.381011 0.975289 0.701981 0.690471 0.652181 0.674024 0.776248 0.801796 0.823016 0.828343 0.970722 0.772558 0.883463 0.623413 0.656301 0.761682 0.825479 0.768241 0.822074 0.910102 0.868460 0.949372 0.956565 0.956817 0.941370 0.850014 0.656619 0.582905 0.910225 0.889604 0.824149
0.722141 0.828171 0.765774 0.629248 0.913234 0.722269 0.601176 0.612524 0.848747 0.402497 0.466106 0.570837 0.770260 0.879967 0.832451 0.942531 0.689739 0.643740 0.705616 0.854981 0.816753 0.827633 0.421000 0.424930 0.000000 0.458730 0.467541 0.693570 0.603764 0.667459 0.648841 0.841504 0.980985 0.734705 0.691310 0.770484 0.836217 0.815892 0.765438 0.876483 0.836673 0.987729 0.771492 0.728960 0.421297 0.434507 0.927116 0.720358 0.422827 0.688431 0.720554 0.791823 0.766484 0.857795 0.810543 0.830924 0.709762 0.868956 0.714552 0.955336 0.632846 0.832623 0.501701 0.591317 0.379222 0.535280 0.900442 0.890626 0.890170 0.893147 0.955907 0.901558 0.934163 0.886240 0.869666 0.984293 0.902459 0.828120 0.975967 0.930460 0.980947 0.983170 0.745358 0.922783 0.488842 0.470963 0.963055 0.861861 0.735481 0.619998 0.565317 0.626210 0.756981 0.783405 0.765122 0.885157 0.764297 0.865860 0.558008 0.575286 0.578752 0.809085 0.681399 0.651610 0.928319 0.903631 0.933706 0.950347 0.922468 0.880476 0.844340 0.670880 0.551692 0.825326 0.942351 0.830719
0.778679 0.780939 0.689084 0.649407 0.811200 0.711612 0.714215 0.716759 0.975185 0.458047 0.604604 0.599917 0.773690 0.807164 0.840396 0.984288 0.694104 0.606102 0.717027 0.823055 0.907075 0.988017 0.597003 0.664542 0.458730 0.000000 0.577609 0.697270 0.689355 0.585569 0.775717 0.963985 0.935490 0.784727 0.825173 0.918321 0.818376 0.791890 0.761942 0.826650 0.869552 0.971799 0.851446 0.781579 0.558380 0.548460 0.968576 0.757948 0.625810 0.789143 0.875272 0.917095 0.915156 0.963297 0.773452 0.879748 0.736399 0.798515 0.853567 0.930144 0.826955 0.977288 0.567407 0.634117 0.399569 0.537341 0.880883 0.901186 0.913520 0.952828 0.807939 0.872841 0.966804 0.851901 0.866108 0.881424 0.806609 0.913249 0.891995 0.917753 0.885881 0.812003 0.892385 0.882573 0.648344 0.707484 0.916443 0.951460 0.797517 0.709222 0.629393 0.686902 0.762113 0.882891 0.820559 0.885381 0.710203 0.871639 0.623569 0.681456 0.746430 0.805916 0.813114 0.676293 0.867848 0.907864 0.977323 0.951942 0.992612 0.873519 0.811515 0.737851 0.668423 0.814721 0.932771 0.813195
0.798603 0.904456 0.863086 0.766914 0.869571 0.747638 0.656040 0.661115 0.864967 0.574671 0.583568 0.634260 0.874915 0.907027 0.738314 0.912771 0.719755 0.726403 0.776329 0.878062 0.974496 0.955716 0.597803 0.555657 0.467541 0.577609 0.000000 0.618732 0.705761 0.688096 0.858613 0.856773 0.864360 0.748042 0.746325 0.917359 0.943150 0.980634 0.860704 0.964087 0.894111 0.999344 0.754337 0.770851 0.571336 0.636131 0.837916 0.815341 0.600870 0.804396 0.805535 0.826481 0.747106 0.864114 0.784576 0.925620 0.814189 0.903041 0.776870 0.959768 0.678591 0.846281 0.612690 0.657533 0.551427 0.696073 0.901925 0.815798 0.939953 0.879864 0.866292 0.885378 0.924819 0.867314 0.904978 0.978829 0.994635 0.981471 0.995129 0.944716 0.941246 0.930561 0.688863 0.812883 0.606550 0.610879 0.889375 0.915195 0.801147 0.728917 0.670620 0.719773 0.725804 0.902668 0.931861 0.908170 0.777265 0.994157 0.673043 0.717838 0.644643 0.772117 0.845378 0.771579 0.955545 0.864556 0.917967 0.989124 0.854726 0.916528 0.873735 0.837070 0.641033 0.890834 0.946680 0.975818
0.988810 0.868194 0.846398 0.635223 0.922821 0.972003 0.879616 0.924612 0.889290 0.747029 0.862515 0.836710 0.919229 0.906493 0.754297 0.900863 0.809118 0.794968 0.996706 0.915951 0.968349 0.875914 0.697672 0.642840 0.693570 0.697270 0.618732 0.000000 0.916227 0.739895 0.680836 0.906260 0.998460 0.958067 0.678130 0.922391 0.955050 0.965176 0.926727 0.957621 0.970092 0.970935 0.966600 0.979559 0.739728 0.754331 0.976158 0.927120 0.693552 0.845667 0.867639 0.881940 0.949236 0.947411 0.824016 0.977839 0.935675 0.850264 0.968800 0.805902 0.819301 0.742297 0.846299 0.738423 0.710930 0.886864 0.989320 0.867558 0.900796 0.985124 0.911254 0.898766 0.799476 0.952931 0.825271 0.956132 0.871999 0.991447 0.958671 0.803034 0.891396 0.918757 0.752103 0.932370 0.707227 0.741766 0.891514 0.820593 0.813878 0.811526 0.946119 0.933471 0.979879 0.881327 0.747596 0.909522 0.887685 0.991704 0.907541 0.899663 0.988179 0.968074 0.966852 0.975338 0.921993 0.907956 0.999410 0.830681 0.984713 0.852352 0.836484 0.753171 0.842292 0.943876 0.961842 0.959626
0.590386 0.628339 0.925828 0.969955 0.940972 0.724977 0.639058 0.474412 0.702109 0.531076 0.461329 0.489908 0.699821 0.573187 0.970930 0.837514 0.467668 0.493440 0.546796 0.619621 0.707349 0.893578 0.635764 0.678750 0.603764 0.689355 0.705761 0.916227 0.000000 0.466644 0.990769 0.941327 0.758660 0.690309 0.816912 0.795119 0.925807 0.974176 0.994333 0.873697 0.977251 0.967949 0.568491 0.568063 0.537929 0.537253 0.766299 0.592847 0.581879 0.637184 0.700070 0.723052 0.776931 0.775984 0.792973 0.842397 0.534292 0.709466 0.716150 0.876604 0.634505 0.660628 0.599351 0.545382 0.676749 0.883920 0.923724 0.888673 0.927631 0.736214 0.914904 0.866848 0.793595 0.766757 0.986872 0.836722 0.750301 0.867715 0.846674 0.885748 0.777681 0.918532 0.867237 0.813445 0.637857 0.683000 0.896324 0.735345 0.805092 0.734436 0.557099 0.747954 0.793968 0.910212 0.780316 0.793097 0.908492 0.875255 0.575533 0.532378 0.625316 0.727547 0.572238 0.739918 0.961888 0.938205 0.844971 0.813431 0.861047 0.938683 0.732998 0.822716 0.670070 0.758927 0.904661 0.935860
0.538129 0.409199 0.664378 0.760391 0.902397 0.717587 0.773841 0.572050 0.859143 0.557378 0.599357 0.413203 0.772901 0.643528 0.921337 0.703271 0.362272 0.332839 0.626027 0.675165 0.877932 0.862321 0.659835 0.748076 0.667459 0.585569 0.688096 0.739895 0.466644 0.000000 0.902980 0.919566 0.743081 0.682753 0.620499 0.782301 0.989102 0.986709 0.991473 0.907992 0.983015 0.949376 0.670635 0.605685 0.580398 0.525549 0.909947 0.676477 0.571960 0.689649 0.681977 0.724697 0.882750 0.816089 0.783368 0.846472 0.407031 0.463715 0.833150 0.842998 0.729663 0.678352 0.554586 0.387082 0.525029 0.829877 0.990631 0.900843 0.753031 0.728528 0.937986 0.918231 0.905463 0.846100 0.963937 0.798155 0.874419 0.959758 0.681105 0.546525 0.488866 0.622697 0.952577 0.655954 0.627636 0.799618 0.814637 0.850785 0.835506 0.870509 0.684578 0.855356 0.830617 0.950733 0.764616 0.876327 0.726345 0.896254 0.610553 0.689442 0.707980 0.778927 0.627082 0.735531 0.864699 0.987822 0.834731 0.955813 0.944204 0.893674 0.766520 0.759680 0.788220 0.764699 0.927558 0.906315
0.935967 0.896181 0.517804 0.466564 0.895407 0.921560 0.837111 0.864243 0.777954 0.850935 0.943658 0.872381 0.896636 0.827713 0.877641 0.987710 0.902144 0.865279 0.838470 0.929767 0.908234 0.866803 0.597228 0.658047 0.648841 0.775717 0.858613 0.680836 0.990769 0.902980 0.000000 0.656311 0.717768 0.807816 0.712233 0.947420 0.843621 0.994145 0.727883 0.967093 0.864354 0.783746 0.869837 0.909300 0.893223 0.834012 0.973491 0.951129 0.729006 0.882551 0.941702 0.990698 0.945635 0.848685 0.881159 0.962968 0.910162 0.823177 0.989750 0.913645 0.942464 0.952878 0.835708 0.732101 0.578668 0.604886 0.797670 0.802730 0.972717 0.977752 0.625896 0.682802 0.719476 0.659660 0.771005 0.672864 0.756431 0.882943 0.984355 0.967820 0.903490 0.895204 0.962224 0.911649 0.726890 0.724470 0.816609 0.998226 0.814605 0.957896 0.945204 0.880765 0.848940 0.849474 0.799331 0.977231 0.976880 0.970951 0.959516 0.956261 0.887405 0.797052 0.969363 0.942689 0.932863 0.873512 0.946439 0.760126 0.992153 0.999468 0.970384 0.841927 0.911746 0.890542 0.996671 0.870981
0.779706 0.794489 0.673931 0.616215 0.802478 0.848803 0.703856 0.672362 0.797057 0.909290 0.797200 0.921297 0.727391 0.744278 0.832776 0.877215 0.878610 0.855257 0.663235 0.680589 0.989967 0.855903 0.805628 0.779901 0.841504 0.963985 0.856773 0.906260 0.941327 0.919566 0.656311 0.000000 0.657701 0.634105 0.871065 0.906761 0.809495 0.862849 0.748451 0.890092 0.850960 0.984828 0.764817 0.748432 0.842213 0.868843 0.735671 0.645531 0.991479 0.763288 0.773216 0.709723 0.819332 0.695938 0.817540 0.947993 0.790602 0.863053 0.720258 0.767690 0.708302 0.836457 0.840947 0.967430 0.802162 0.682753 0.643256 0.691009 0.993331 0.948421 0.739044 0.791333 0.812410 0.714111 0.964248 0.651660 0.606645 0.586333 0.919423 0.808433 0.948893 0.903381 0.838310 0.983187 0.886581 0.829429 0.991328 0.939710 0.999301 0.823603 0.772711 0.739348 0.890260 0.757304 0.856251 0.920426 0.964254 0.814289 0.855920 0.784994 0.898825 0.832347 0.897884 0.776676 0.897582 0.800132 0.889859 0.738895 0.951042 0.980976 0.885570 0.846504 0.941120 0.925660 0.980797 0.979631
0.643348 0.685015 0.721542 0.676767 0.739131 0.838509 0.553960 0.512112 0.696476 0.848413 0.644235 0.716071 0.696408 0.639491 0.956242 0.998004 0.788851 0.758507 0.476815 0.474371 0.988240 0.931262 0.836230 0.911462 0.980985 0.935490 0.864360 0.998460 0.758660 0.743081 0.717768 0.657701 0.000000 0.503299 0.859329 0.872526 0.814791 0.932011 0.817494 0.983807 0.847412 0.979399 0.649733 0.687237 0.693452 0.785826 0.690427 0.660258 0.940109 0.786373 0.766726 0.766107 0.735673 0.670303 0.993234 0.914189 0.722065 0.848174 0.529321 0.660262 0.530859 0.758972 0.639504 0.788611 0.925264 0.666671 0.494037 0.506930 0.865332 0.825610 0.689896 0.862978 0.717142 0.706402 0.861171 0.767767 0.638804 0.729881 0.853320 0.795086 0.799901 0.803224 0.972619 0.929125 0.907576 0.899279 0.887165 0.860763 0.946571 0.940839 0.684904 0.686827 0.863089 0.783310 0.877176 0.843566 0.870474 0.960477 0.721030 0.713693 0.704106 0.656322 0.713124 0.802645 0.896007 0.838638 0.967841 0.878342 0.866596 0.933638 0.931062 0.966982 0.819470 0.883998 0.949231 0.912036
0.590208 0.667273 0.800733 0.811220 0.802895 0.657215 0.423325 0.394075 0.641995 0.585478 0.466019 0.630708 0.608708 0.583027 0.982310 0.976322 0.654322 0.675103 0.400855 0.577661 0.944269 0.959540 0.931477 0.914005 0.734705 0.784727 0.748042 0.958067 0.690309 0.682753 0.807816 0.634105 0.503299 0.000000 0.982005 0.949525 0.887483 0.962538 0.825752 0.926222 0.950225 0.861933 0.599103 0.555302 0.495975 0.591492 0.671430 0.562311 0.693334 0.646420 0.636195 0.593092 0.672338 0.525314 0.985669 0.994898 0.643520 0.853710 0.532655 0.732056 0.435578 0.722117 0.547938 0.709991 0.907788 0.813349 0.514925 0.455223 0.883577 0.885954 0.695713 0.822899 0.766145 0.639592 0.852183 0.559733 0.642510 0.635074 0.939825 0.841100 0.916673 0.877596 0.974625 0.941736 0.913883 0.907967 0.893046 0.894013 0.992937 0.868710 0.541079 0.573631 0.752009 0.687953 0.836459 0.844142 0.793829 0.820834 0.559567 0.576532 0.558352 0.655117 0.711888 0.667481 0.888206 0.778108 0.763234 0.791929 0.939152 0.963125 0.889394 0.689286 0.626039 0.921729 0.926740 0.961941
0.983791 0.827351 0.694424 0.634215 0.832124 0.866677 0.948518 0.909003 0.941056 0.671585 0.918315 0.805658 0.911418 0.942506 0.912581 0.723914 0.738938 0.702700 0.971169 0.949793 0.859159 0.969978 0.617306 0.698020 0.691310 0.825173 0.746325 0.678130 0.816912 0.620499 0.712233 0.871065 0.859329 0.982005 0.000000 0.798400 0.886174 0.997334 0.973971 0.927400 0.854642 0.975865 0.854800 0.859094 0.769044 0.705035 0.960648 0.906986 0.689604 0.846752 0.783473 0.864558 0.933944 0.980946 0.731532 0.902697 0.789872 0.837622 0.895014 0.950829 0.914569 0.800879 0.869001 0.737018 0.656561 0.788617 0.708591 0.787276 0.973592 0.883707 0.852752 0.989225 0.793406 0.827553 0.996088 0.963819 0.888888 0.971706 0.819427 0.795368 0.904423 0.998642 0.946105 0.808158 0.640272 0.741803 0.980375 0.909332 0.852082 0.882478 0.939583 0.963888 0.977119 0.828803 0.830189 0.901774 0.872906 0.926322 0.793995 0.889389 0.830946 0.912929 0.894930 0.909880 0.851873 0.944031 0.927503 0.943555 0.998048 0.959281 0.906818 0.655236 0.749923 0.781933 0.987437 0.899942
0.814424 0.896916 0.782434 0.821636 0.845550 0.819520 0.971898 0.870323 0.782358 0.822998 0.835190 0.820049 0.913450 0.908458 0.956608 0.809032 0.837039 0.758934 0.933999 0.962790 0.798652 0.955324 0.637177 0.841296 0.770484 0.918321 0.917359 0.922391 0.795119 0.782301 0.947420 0.906761 0.872526 0.949525 0.798400 0.000000 0.998174 0.820798 0.988725 0.961307 0.796273 0.969576 0.796519 0.822899 0.932583 0.854340 0.867178 0.954093 0.846566 0.991799 0.968371 0.956267 0.865448 0.930175 0.789372 0.952779 0.759996 0.941512 0.912778 0.772896 0.942589 0.943717 0.997553 0.877681 0.754242 0.687308 0.659704 0.694504 0.979752 0.934217 0.904983 0.913380 0.902611 0.954868 0.829022 0.985651 0.934565 0.962761 0.933609 0.927730 0.950322 0.963300 0.869056 0.942218 0.614328 0.635682 0.963586 0.839121 0.985968 0.904922 0.825428 0.872701 0.875284 0.975007 0.906056 0.954629 0.824631 0.988029 0.744457 0.831573 0.739157 0.947594 0.726081 0.882006 0.892437 0.938166 0.987214 0.911693 0.947547 0.937465 0.966017 0.889990 0.913947 0.908664 0.989694 0.917701
0.923058 0.921415 0.928608 0.815595 0.979954 0.973108 0.951563 0.951041 0.789712 0.857647 0.993124 0.832026 0.882367 0.875147 0.899218 0.797568 0.903947 0.939747 0.982137 0.737635 0.923151 0.871694 0.953622 0.915989 0.836217 0.818376 0.943150 0.955050 0.925807 0.989102 0.843621 0.809495 0.814791 0.887483 0.886174 0.998174 0.000000 0.901847 0.822070 0.740796 0.701792 0.771499 0.970799 0.904672 0.944987 0.850376 0.919492 0.982456 0.978710 0.861084 0.832986 0.817484 0.776788 0.789568 0.895654 0.971183 0.908174 0.860811 0.840709 0.709082 0.900962 0.731833 0.863653 0.940204 0.828365 0.702073 0.977416 0.877636 0.840347 0.790872 0.928129 0.998521 0.814382 0.880635 0.961239 0.907226 0.953080 0.957438 0.919218 0.908167 0.871817 0.894865 0.866050 0.835914 0.967364 0.946443 0.891718 0.991319 0.860800 0.829432 0.934354 0.862421 0.951805 0.957616 0.733622 0.969178 0.956568 0.854282 0.961743 0.875468 0.928008 0.914959 0.961927 0.878577 0.940260 0.905443 0.963309 0.970939 0.822608 0.998550 0.993856 0.866333 0.928898 0.965196 0.957383 0.947471
0.985488 0.861600 0.917309 0.975292 0.890062 0.975380 0.798429 0.878602 0.934999 0.843619 0.756444 0.976129 0.661079 0.824909 0.778220 0.994953 0.863010 0.951302 0.805989 0.874943 0.939978 0.949615 0.999131 0.995445 0.815892 0.791890 0.980634 0.965176 0.974176 0.986709 0.994145 0.862849 0.932011 0.962538 0.997334 0.820798 0.901847 0.000000 0.890811 0.868062 0.868891 0.953094 0.951536 0.880404 0.999852 0.997737 0.947936 0.966311 0.977256 0.873294 0.983165 0.926255 0.930845 0.965759 0.996501 0.891963 0.902412 0.823270 0.986853 0.678975 0.961614 0.745676 0.791014 0.893387 0.933211 0.769494 0.963975 0.949892 0.820591 0.880876 0.774808 0.895553 0.978968 0.969747 0.861580 0.897807 0.891617 0.863125 0.870115 0.896999 0.838503 0.880328 0.895741 0.881899 0.968629 0.979427 0.999964 0.883550 0.843108 0.958877 0.829198 0.728498 0.923650 0.906559 0.968095 0.969715 0.923462 0.953562 0.863623 0.791919 0.931321 0.893355 0.978986 0.878621 0.794609 0.947706 0.977731 0.828399 0.986578 0.968631 0.926893 0.950007 0.976377 0.969945 0.805460 0.895814
