0.000000 0.333584 0.983971 0.821957 0.996138 0.871718 0.860395 0.782475 0.923877 0.757600 0.513191 0.384804 0.550890 0.550639 0.748444 0.632144 0.400429 0.413616 0.417668 0.364428 0.918042 0.873011 0.781874 0.962772 0.904544 0.873111 0.873312 0.858163 0.466475 0.457893 0.803422 0.746870 0.661217 0.643993 0.978669 0.997748 0.697913 0.586735 0.921757 0.700119 0.880464 0.778026 0.705291 0.604884 0.818898 0.668887 0.528111 0.561948 0.637584 0.568188 0.728493 0.597785 0.850695 0.934626 0.831830 0.774891 0.402827 0.346967 0.539670 0.522890 0.695067 0.743632 0.590353 0.462958 0.895576 0.914991 0.934532 0.908671 0.373936 0.467616 0.829862 0.869549 0.678250 0.621591 0.826142 0.958245 0.731965 0.691617 0.585011 0.590770 0.346009 0.373079 0.516005 0.489240 0.692051 0.842755 0.961472 0.989586 0.997400 0.707218 0.887101 0.851155 0.788672 0.812398 0.978544 0.824311 0.886940 0.826014 0.735768 0.771452 0.969518 0.925906 0.593292 0.709228 0.904827 0.794030 0.955788 0.894755 0.812257 0.754923 0.863129 0.856682 0.938769 0.768781 0.778163 0.888707
0.333584 0.000000 0.972760 0.879052 0.926964 0.770076 0.774722 0.765030 0.947977 0.738924 0.566883 0.419092 0.687289 0.643306 0.930522 0.727599 0.406061 0.378027 0.414184 0.405330 0.816430 0.912659 0.870421 0.952588 0.987239 0.792121 0.910617 0.742543 0.490279 0.565251 0.866567 0.771824 0.694476 0.602216 0.962919 0.898454 0.822356 0.563355 0.990099 0.800288 0.965142 0.860478 0.559994 0.468271 0.654320 0.509990 0.531278 0.556710 0.491360 0.422024 0.569154 0.481476 0.692710 0.800757 0.886315 0.750428 0.269572 0.251579 0.524892 0.496293 0.737181 0.798162 0.597937 0.470015 0.844129 0.820160 0.905475 0.911924 0.556593 0.464476 0.942952 0.902325 0.875691 0.750348 0.917442 0.905061 0.675756 0.718738 0.544194 0.563446 0.347258 0.404853 0.627110 0.468933 0.751196 0.944195 0.954872 0.970456 0.962824 0.806847 0.967109 0.989748 0.930718 0.880694 0.898464 0.890463 0.948319 0.771381 0.730478 0.673845 0.924285 0.866720 0.524548 0.727664 0.910276 0.910370 0.856346 0.841093 0.955080 0.705960 0.684738 0.783953 0.771134 0.610397 0.803825 0.914066
0.983971 0.972760 0.000000 0.447276 0.897664 0.796878 0.494323 0.538623 0.475721 0.850725 0.890818 0.991674 0.803880 0.857487 0.952745 0.886023 0.862159 0.833806 0.832128 0.962661 0.906968 0.962350 0.692777 0.748104 0.668164 0.499199 0.873913 0.938003 0.946262 0.933708 0.604152 0.693125 0.618633 0.678427 0.756394 0.838406 0.777297 0.989244 0.923575 0.956506 0.978845 0.983890 0.714089 0.740337 0.753356 0.789354 0.664687 0.751170 0.856365 0.986096 0.986966 0.968315 0.901614 0.924351 0.966935 0.846296 0.978380 0.843864 0.892048 0.909403 0.489855 0.509225 0.922053 0.912190 0.419247 0.353016 0.550062 0.497826 0.980790 0.880912 0.726793 0.743465 0.736134 0.785323 0.897889 0.877595 0.782893 0.775542 0.884211 0.924516 0.809745 0.839198 0.987487 0.806881 0.826897 0.696696 0.969833 0.881720 0.919643 0.957016 0.689652 0.878026 0.767148 0.890156 0.856167 0.988741 0.859158 0.958944 0.693545 0.711561 0.700128 0.913464 0.999950 0.813132 0.717907 0.861237 0.886107 0.812254 0.749093 0.947153 0.819411 0.850891 0.780941 0.870590 0.763293 0.982787
0.821957 0.879052 0.447276 0.000000 0.867213 0.843208 0.505216 0.373638 0.530076 0.652804 0.872288 0.719235 0.662374 0.643577 0.803814 0.608641 0.996328 0.989053 0.647410 0.832101 0.947183 0.889593 0.417112 0.598127 0.712735 0.594812 0.925757 0.968384 0.980583 0.951845 0.507990 0.520775 0.597888 0.638829 0.806815 0.829885 0.710136 0.948455 0.889479 0.975706 0.978662 0.889884 0.558966 0.547317 0.792858 0.712523 0.564571 0.629116 0.963110 0.903306 0.866835 0.861396 0.872438 0.884638 0.958062 0.914630 0.912450 0.998615 0.715713 0.749935 0.494062 0.411767 0.960830 0.857260 0.519082 0.411267 0.556245 0.514619 0.874113 0.979870 0.668768 0.634808 0.750487 0.824319 0.925206 0.850955 0.669714 0.738186 0.891139 0.920853 0.988620 0.962998 0.843934 0.987997 0.795943 0.661761 0.915864 0.899288 0.744956 0.825254 0.695931 0.939553 0.780989 0.912198 0.839378 0.952739 0.779470 0.835154 0.624019 0.576987 0.610994 0.906281 0.986083 0.767542 0.568713 0.678990 0.900673 0.676636 0.630700 0.844286 0.727006 0.854682 0.702319 0.828978 0.639740 0.924808
0.996138 0.926964 0.897664 0.867213 0.000000 0.882621 0.934383 0.945611 0.997934 0.962124 0.876843 0.915724 0.863413 0.930785 0.872144 0.972517 0.995930 0.976795 0.925008 0.963845 0.898819 0.887502 0.786263 0.870679 0.793658 0.940445 0.864013 0.925792 0.994728 0.950410 0.793803 0.849993 0.932464 0.929365 0.820768 0.904489 0.947151 0.893500 0.905440 0.941585 0.907252 0.906262 0.877645 0.910699 0.755885 0.798917 0.961717 0.888634 0.753357 0.754800 0.734483 0.801605 0.799558 0.782964 0.941400 0.764867 0.938726 0.933523 0.943468 0.928280 0.884363 0.987610 0.897799 0.947336 0.843970 0.822152 0.926224 0.932035 0.830645 0.985475 0.983231 0.863857 0.967654 0.915396 0.952756 0.979749 0.914036 0.847535 0.882168 0.902465 0.980771 0.980248 0.935958 0.919392 0.922176 0.778462 0.916786 0.946398 0.878509 0.962601 0.864208 0.823154 0.846708 0.941760 0.905644 0.981339 0.990867 0.963669 0.879688 0.905335 0.936571 0.938318 0.842326 0.895378 0.996301 0.787744 0.953970 0.914788 0.862586 0.901892 0.946249 0.997109 0.981777 0.818989 0.965141 0.999514
0.871718 0.770076 0.796878 0.843208 0.882621 0.000000 0.982126 0.881227 0.814076 0.991046 0.734368 0.878650 0.888235 0.887077 0.822960 0.763946 0.671922 0.647741 0.756577 0.882688 0.832635 0.920869 0.853028 0.685958 0.768713 0.614161 0.903019 0.695335 0.721503 0.809869 0.961042 0.965266 0.951757 0.931905 0.894977 0.978614 0.845844 0.848108 0.786263 0.930702 0.996854 0.980538 0.949267 0.923425 0.984483 0.911841 0.947422 0.982246 0.951359 0.971028 0.970312 0.975115 0.845657 0.937427 0.716064 0.874300 0.621517 0.691638 0.856853 0.958289 0.889931 0.730727 0.702543 0.785557 0.764000 0.619545 0.864690 0.850656 0.952375 0.936939 0.767627 0.927636 0.811687 0.908188 0.839210 0.991753 0.965480 0.907926 0.829249 0.998337 0.787475 0.931273 0.831806 0.849460 0.769322 0.706456 0.890177 0.929545 0.941497 0.943087 0.745019 0.831924 0.765934 0.854174 0.983711 0.879586 0.670149 0.870269 0.922050 0.954710 0.922507 0.970139 0.820224 0.998475 0.917387 0.929310 0.818388 0.987630 0.948521 0.923091 0.916681 0.981694 0.893317 0.977657 0.988544 0.926691
0.860395 0.774722 0.494323 0.505216 0.934383 0.982126 0.000000 0.320128 0.587614 0.577477 0.741814 0.690273 0.854072 0.852584 0.852313 0.987461 0.830691 0.886181 0.653716 0.857765 0.979657 0.945589 0.787863 0.951055 0.948741 0.830060 0.687604 0.640577 0.847412 0.858562 0.487456 0.668087 0.437238 0.407578 0.821401 0.702234 0.921742 0.955309 0.889720 0.891447 0.905187 0.995791 0.487749 0.529445 0.467156 0.501994 0.588177 0.607389 0.795304 0.729200 0.673715 0.719846 0.680288 0.714136 0.999652 0.951991 0.854960 0.880830 0.505905 0.591850 0.323588 0.466560 0.657436 0.651831 0.815611 0.632890 0.298096 0.327302 0.960287 0.980691 0.730545 0.661339 0.808860 0.898580 0.929424 0.787471 0.625208 0.691967 0.827723 0.802645 0.852669 0.955042 0.989356 0.918078 0.950027 0.980473 0.945921 0.726556 0.906448 0.874456 0.660378 0.818390 0.676741 0.861826 0.748077 0.891342 0.858791 0.667801 0.464049 0.531713 0.461845 0.720169 0.733612 0.578442 0.718286 0.834127 0.833429 0.626424 0.780745 0.835233 0.591219 0.709403 0.623375 0.731510 0.597182 0.898895
0.782475 0.765030 0.538623 0.373638 0.945611 0.881227 0.320128 0.000000 0.553226 0.404003 0.723917 0.557508 0.734661 0.719587 0.995028 0.772879 0.826728 0.882039 0.582474 0.772920 0.912072 0.939159 0.686176 0.967041 0.957594 0.833562 0.791642 0.801749 0.845866 0.823579 0.486347 0.645432 0.468442 0.395713 0.898221 0.808794 0.734345 0.930909 0.961865 0.929747 0.935061 0.891510 0.430718 0.441898 0.557988 0.520847 0.481525 0.510627 0.804884 0.712468 0.662515 0.678010 0.718780 0.677997 0.928913 0.993513 0.871797 0.880446 0.515849 0.595103 0.351906 0.309348 0.713130 0.610702 0.834108 0.566220 0.427027 0.385801 0.924416 0.879335 0.588384 0.556577 0.776408 0.900513 0.925392 0.841751 0.616077 0.699186 0.782997 0.833312 0.865408 0.955534 0.985248 0.948122 0.936496 0.991070 0.952725 0.686529 0.971455 0.928769 0.645375 0.840203 0.721298 0.951696 0.789064 0.831938 0.745932 0.690597 0.458187 0.435393 0.438336 0.807914 0.723050 0.560093 0.592573 0.785114 0.899803 0.563501 0.715428 0.740279 0.620094 0.676220 0.574583 0.721501 0.646975 0.925892
0.923877 0.947977 0.475721 0.530076 0.997934 0.814076 0.587614 0.553226 0.000000 0.676517 0.979114 0.989605 0.928126 0.815514 0.874962 0.829155 0.878369 0.800869 0.857012 0.976312 0.940365 0.962406 0.728897 0.832936 0.844663 0.549625 0.877325 0.944227 0.936820 0.832827 0.667402 0.762551 0.649443 0.733819 0.676302 0.866005 0.759026 0.963443 0.883928 0.936873 0.843099 0.861803 0.569416 0.662986 0.611805 0.685824 0.645932 0.790440 0.938344 0.864839 0.765540 0.822238 0.729487 0.612927 0.944748 0.977835 0.965037 0.824449 0.882169 0.960093 0.576605 0.489480 0.890494 0.950403 0.606783 0.525820 0.514595 0.586732 0.867364 0.825240 0.608536 0.607816 0.735786 0.878602 0.987948 0.946807 0.705876 0.890378 0.963112 0.954784 0.800434 0.811814 0.932567 0.800722 0.845424 0.831230 0.979557 0.908811 0.829346 0.926944 0.482917 0.629335 0.583144 0.699937 0.788148 0.949365 0.662881 0.796310 0.505255 0.541457 0.648277 0.847631 0.866894 0.732261 0.673715 0.761019 0.836728 0.599534 0.851893 0.801039 0.819502 0.772305 0.619091 0.800874 0.907071 0.869534
0.757600 0.738924 0.850725 0.652804 0.962124 0.991046 0.577477 0.404003 0.676517 0.000000 0.637817 0.581172 0.922974 0.885389 0.903153 0.950659 0.764841 0.789453 0.628462 0.736055 0.774596 0.933097 0.949084 0.759524 0.732580 0.926978 0.808239 0.782639 0.775059 0.785134 0.655731 0.804980 0.613171 0.530821 0.900343 0.887002 0.710807 0.771034 0.994150 0.945889 0.846195 0.786697 0.482704 0.497967 0.579974 0.506164 0.647868 0.588204 0.619290 0.615139 0.632636 0.675614 0.687874 0.572002 0.912321 0.894939 0.831524 0.816250 0.603061 0.698508 0.623237 0.481743 0.720023 0.570791 0.844412 0.941492 0.679400 0.635116 0.892376 0.776273 0.550185 0.580499 0.809005 0.815037 0.947849 0.950688 0.596352 0.784695 0.717300 0.949305 0.785258 0.995327 0.928696 0.986648 0.770975 0.706067 0.852029 0.686202 0.981521 0.910930 0.697720 0.800555 0.797562 0.948216 0.885243 0.800500 0.689864 0.632486 0.459939 0.425175 0.563319 0.733748 0.568504 0.596175 0.745329 0.882521 0.978642 0.506247 0.880301 0.645357 0.732405 0.569353 0.591004 0.763526 0.886628 0.990600
0.513191 0.566883 0.890818 0.872288 0.876843 0.734368 0.741814 0.723917 0.979114 0.637817 0.000000 0.481865 0.805677 0.780825 0.953974 0.863398 0.395734 0.381608 0.446769 0.433820 0.897696 0.927607 0.868981 0.847673 0.997105 0.800937 0.931183 0.736321 0.376216 0.362278 0.578452 0.648816 0.558455 0.449198 0.984167 0.950634 0.886480 0.711767 0.998106 0.867379 0.929013 0.775097 0.857054 0.721902 0.895045 0.780291 0.688717 0.696371 0.863495 0.829884 0.991274 0.900380 0.941165 0.949482 0.986252 0.955674 0.538644 0.571620 0.576882 0.560250 0.634440 0.787100 0.396317 0.389412 0.819759 0.916993 0.805518 0.758951 0.523614 0.630732 0.837360 0.967143 0.640139 0.585310 0.845644 0.962631 0.765540 0.622508 0.663316 0.823947 0.558589 0.770165 0.674256 0.703353 0.961888 0.943611 0.798191 0.842826 0.839039 0.911534 0.718063 0.641570 0.603546 0.610928 0.986267 0.846374 0.932597 0.652948 0.841228 0.795634 0.936174 0.933685 0.653007 0.555598 0.990495 0.767262 0.915244 0.896427 0.876292 0.774020 0.888580 0.917427 0.809799 0.848744 0.778890 0.867202
0.384804 0.419092 0.991674 0.719235 0.915724 0.878650 0.690273 0.557508 0.989605 0.581172 0.481865 0.000000 0.530332 0.520275 0.818084 0.615538 0.389756 0.397863 0.401761 0.371468 0.906362 0.863841 0.729795 0.974101 0.997724 0.850825 0.989007 0.705101 0.478218 0.403517 0.602387 0.650931 0.530460 0.499247 0.906188 0.952200 0.697406 0.643191 0.950590 0.797870 0.808693 0.730269 0.625372 0.537731 0.778843 0.647130 0.550263 0.564519 0.675083 0.654358 0.693993 0.637506 0.827898 0.835579 0.888244 0.841441 0.523416 0.432731 0.532715 0.531918 0.567741 0.597109 0.437098 0.317889 0.777529 0.957927 0.797685 0.781646 0.504192 0.499345 0.731783 0.713411 0.728083 0.763785 0.909252 0.906115 0.701437 0.701252 0.548316 0.696701 0.383425 0.523315 0.640149 0.583812 0.895757 0.966620 0.960670 0.835023 0.930795 0.870900 0.953613 0.854207 0.870362 0.743471 0.938252 0.717592 0.883234 0.665102 0.705752 0.696071 0.795061 0.866111 0.598894 0.519414 0.735000 0.746712 0.970640 0.823684 0.786421 0.683470 0.807080 0.846857 0.833083 0.743173 0.765308 0.877398
0.550890 0.687289 0.803880 0.662374 0.863413 0.888235 0.854072 0.734661 0.928126 0.922974 0.805677 0.530332 0.000000 0.338068 0.424860 0.422610 0.691841 0.701851 0.641674 0.598403 0.834078 0.891170 0.494528 0.660656 0.790255 0.896970 0.902309 0.915554 0.707450 0.675802 0.703619 0.686206 0.635432 0.823560 0.855546 0.968682 0.799435 0.898971 0.965764 0.882569 0.879636 0.842569 0.803206 0.744775 0.972022 0.874192 0.612517 0.732603 0.999652 0.885949 0.837714 0.710288 0.865410 0.879740 0.946202 0.906653 0.774240 0.714476 0.784570 0.760414 0.593793 0.621141 0.767746 0.685362 0.787446 0.747049 0.927938 0.924768 0.596152 0.692327 0.731713 0.791063 0.660525 0.744934 0.782437 0.998577 0.800935 0.870646 0.793435 0.696238 0.645992 0.622590 0.619560 0.723232 0.572895 0.617152 0.831995 0.997627 0.837741 0.741386 0.920146 0.974124 0.973331 0.962070 0.958188 0.712915 0.820514 0.896133 0.856660 0.870236 0.962753 0.877181 0.964036 0.670483 0.772447 0.783029 0.903158 0.890408 0.701185 0.943662 0.876440 0.954022 0.999706 0.808700 0.724756 0.879179
0.550639 0.643306 0.857487 0.643577 0.930785 0.887077 0.852584 0.719587 0.815514 0.885389 0.780825 0.520275 0.338068 0.000000 0.417412 0.316095 0.625904 0.649335 0.586444 0.576850 0.917065 0.905676 0.423463 0.588358 0.754254 0.845692 0.976770 0.963631 0.683196 0.644712 0.677464 0.585036 0.576943 0.791042 0.890613 0.918943 0.742365 0.809258 0.906518 0.852619 0.855674 0.826175 0.722242 0.661899 0.908813 0.848474 0.576679 0.767832 0.923781 0.862308 0.753736 0.686560 0.719958 0.780078 0.945038 0.877723 0.702049 0.685273 0.829892 0.811658 0.613436 0.593801 0.762790 0.646445 0.851567 0.774956 0.884871 0.906897 0.635503 0.723960 0.660705 0.696208 0.662298 0.813848 0.800961 0.985440 0.790886 0.817608 0.657325 0.755038 0.604646 0.656367 0.543094 0.682064 0.557246 0.592213 0.818774 0.934429 0.808257 0.694114 0.867832 0.998440 0.999337 0.994345 0.955158 0.834443 0.811949 0.889711 0.803069 0.826663 0.939350 0.867556 0.877542 0.612829 0.815362 0.682996 0.836862 0.852091 0.804168 0.813030 0.841524 0.960562 0.938076 0.767556 0.746036 0.990457
0.748444 0.930522 0.952745 0.803814 0.872144 0.822960 0.852313 0.995028 0.874962 0.903153 0.953974 0.818084 0.424860 0.417412 0.000000 0.370328 0.802755 0.869005 0.845659 0.768220 0.897163 0.896905 0.497570 0.555521 0.683971 0.880067 0.775906 0.826984 0.848346 0.810873 0.850323 0.686062 0.845050 0.928045 0.961235 0.983632 0.837296 0.952561 0.867997 0.858854 0.817696 0.912540 0.973209 0.940305 0.803979 0.884470 0.736795 0.912998 0.846432 0.943530 0.981725 0.858273 0.951853 0.968081 0.917534 0.902028 0.909404 0.903722 0.987580 0.939893 0.869172 0.832195 0.952280 0.895423 0.763033 0.820458 0.878248 0.880589 0.668386 0.848991 0.771359 0.917112 0.794774 0.838679 0.879198 0.814500 0.927494 0.961495 0.838683 0.850607 0.848374 0.794688 0.612975 0.785144 0.536640 0.543359 0.880299 0.846159 0.706266 0.723445 0.980367 0.913380 0.865723 0.973175 0.954294 0.848313 0.841281 0.969007 0.964849 0.932875 0.841502 0.989094 0.905877 0.854451 0.808030 0.719465 0.844973 0.982973 0.763463 0.903127 0.928726 0.937520 0.889205 0.975476 0.862381 0.915565
0.632144 0.727599 0.886023 0.608641 0.972517 0.763946 0.987461 0.772879 0.829155 0.950659 0.863398 0.615538 0.422610 0.316095 0.370328 0.000000 0.751655 0.771643 0.708822 0.657429 0.992248 0.852243 0.404801 0.478491 0.701334 0.808816 0.890316 0.867639 0.770584 0.694351 0.714512 0.578792 0.707964 0.850684 0.986588 0.983000 0.798768 0.839634 0.802652 0.879838 0.900143 0.835920 0.760174 0.692798 0.994766 0.871722 0.567076 0.727361 0.975219 0.867431 0.779890 0.682711 0.788651 0.866376 0.841445 0.837545 0.791811 0.786198 0.836668 0.763818 0.719029 0.626950 0.902612 0.759326 0.771688 0.716885 0.940180 0.924711 0.690593 0.759649 0.732917 0.862007 0.772689 0.815935 0.850056 0.909084 0.890978 0.851654 0.700414 0.790528 0.718186 0.710079 0.537645 0.645751 0.549200 0.503480 0.878694 0.934808 0.741144 0.696641 0.939184 0.944467 0.944620 0.901959 0.961027 0.842452 0.814444 0.899862 0.918317 0.854773 0.984878 0.989500 0.972556 0.758228 0.752800 0.661925 0.848226 0.935193 0.770586 0.835322 0.901387 0.984119 0.960370 0.823433 0.716187 0.989759
0.400429 0.406061 0.862159 0.996328 0.995930 0.671922 0.830691 0.826728 0.878369 0.764841 0.395734 0.389756 0.691841 0.625904 0.802755 0.751655 0.000000 0.256021 0.417482 0.382139 0.811731 0.980732 0.863879 0.834117 0.943758 0.629793 0.972686 0.764183 0.306987 0.310782 0.750500 0.727027 0.609163 0.549246 0.863171 0.924315 0.914771 0.714786 0.921100 0.873195 0.929652 0.817401 0.774286 0.650617 0.855845 0.741190 0.661067 0.700381 0.702113 0.680998 0.793374 0.694104 0.898614 0.938648 0.984433 0.891051 0.412274 0.348336 0.522467 0.556982 0.726905 0.896857 0.330224 0.291308 0.669199 0.682181 0.929301 0.955394 0.488474 0.504985 0.899667 0.914088 0.756109 0.718718 0.880869 0.964298 0.752538 0.662915 0.455531 0.678244 0.322053 0.558689 0.575186 0.527817 0.950030 0.907099 0.861723 0.880576 0.901019 0.949307 0.714023 0.699655 0.642803 0.655805 0.873219 0.818055 0.919356 0.681018 0.844207 0.863808 0.988221 0.962000 0.594929 0.600510 0.964767 0.814488 0.989932 0.902911 0.880705 0.701152 0.866520 0.922875 0.869678 0.800323 0.736475 0.774539
0.413616 0.378027 0.833806 0.989053 0.976795 0.647741 0.886181 0.882039 0.800869 0.789453 0.381608 0.397863 0.701851 0.649335 0.869005 0.771643 0.256021 0.000000 0.398605 0.388537 0.834025 0.993800 0.826994 0.889271 0.908077 0.630120 0.925183 0.752145 0.309824 0.332258 0.783054 0.738555 0.652987 0.600372 0.848725 0.928752 0.948231 0.672442 0.899241 0.836632 0.929629 0.766180 0.856655 0.686647 0.951229 0.805681 0.751318 0.738265 0.767347 0.733521 0.866225 0.781876 0.943906 0.990150 0.933472 0.944705 0.359192 0.314088 0.579215 0.592545 0.805033 0.979263 0.335563 0.300689 0.674914 0.643538 0.989315 0.960333 0.468004 0.488223 0.905020 0.969324 0.797567 0.745662 0.855273 0.973127 0.841528 0.708334 0.488108 0.773207 0.357167 0.542856 0.529716 0.469169 0.926516 0.919740 0.898317 0.913996 0.897417 0.902568 0.693054 0.683957 0.626242 0.675505 0.917596 0.851531 0.893381 0.686545 0.909310 0.898446 0.927689 0.944320 0.600954 0.640389 0.935822 0.835936 0.960327 0.931093 0.985629 0.764817 0.846738 0.956390 0.867158 0.757720 0.815230 0.785940
0.417668 0.414184 0.832128 0.647410 0.925008 0.756577 0.653716 0.582474 0.857012 0.628462 0.446769 0.401761 0.641674 0.586444 0.845659 0.708822 0.417482 0.398605 0.000000 0.393676 0.933912 0.937073 0.658984 0.938299 0.901854 0.914262 0.930055 0.735020 0.465111 0.526230 0.633883 0.556661 0.485910 0.485890 0.959230 0.952007 0.689841 0.636358 0.988291 0.902157 0.834693 0.777874 0.576298 0.468845 0.771444 0.629069 0.513400 0.560006 0.741823 0.662109 0.796417 0.721409 0.920862 0.921149 0.962337 0.998017 0.381019 0.432798 0.543101 0.591501 0.596881 0.676753 0.505845 0.420544 0.947746 0.994211 0.793749 0.771179 0.539768 0.631136 0.771872 0.775434 0.764549 0.747318 0.950826 0.953292 0.677417 0.649913 0.586037 0.709272 0.521157 0.647966 0.587264 0.570613 0.849431 0.923679 0.898858 0.863492 0.994642 0.891398 0.926764 0.798433 0.831775 0.792406 0.821872 0.855834 0.950261 0.736023 0.666813 0.667231 0.880724 0.804275 0.585707 0.641866 0.803307 0.805736 0.910705 0.729497 0.916855 0.591183 0.732592 0.864458 0.746962 0.624868 0.732725 0.869723
0.364428 0.405330 0.962661 0.832101 0.963845 0.882688 0.857765 0.772920 0.976312 0.736055 0.433820 0.371468 0.598403 0.576850 0.768220 0.657429 0.382139 0.388537 0.393676 0.000000 0.927693 0.953803 0.768153 0.963648 0.883784 0.924459 0.876964 0.815030 0.427008 0.426843 0.745408 0.698067 0.617202 0.556818 0.937353 0.955003 0.670191 0.538356 0.943204 0.674499 0.832180 0.716409 0.723451 0.645757 0.871605 0.730500 0.570323 0.584903 0.702642 0.672473 0.827189 0.713267 0.932708 0.993670 0.909360 0.869630 0.453864 0.413077 0.687256 0.604032 0.733247 0.727775 0.584398 0.462987 0.859199 0.937402 0.974014 0.930831 0.405152 0.443511 0.836898 0.891851 0.714019 0.688150 0.872194 0.992026 0.752766 0.762391 0.626648 0.701894 0.453770 0.506806 0.596008 0.471473 0.764041 0.869361 0.900721 0.909863 0.984054 0.844528 0.833941 0.722699 0.692111 0.684219 0.876026 0.800438 0.919110 0.756289 0.832783 0.807302 0.973789 0.899345 0.664273 0.683674 0.890441 0.810226 0.930710 0.880676 0.855878 0.647241 0.899486 0.947669 0.920594 0.747789 0.830596 0.810202
0.918042 0.816430 0.906968 0.947183 0.898819 0.832635 0.979657 0.912072 0.940365 0.774596 0.897696 0.906362 0.834078 0.917065 0.897163 0.992248 0.811731 0.834025 0.933912 0.927693 0.000000 0.940287 0.838580 0.787677 0.821358 0.862214 0.945418 0.938896 0.886323 0.902290 0.911945 0.845218 0.980137 0.852512 0.947757 0.898776 0.893589 0.745090 0.940076 0.931866 0.964598 0.921497 0.850861 0.824233 0.912681 0.847642 0.856057 0.768267 0.828903 0.762678 0.852315 0.799914 0.885301 0.887774 0.927360 0.874038 0.743772 0.794909 0.808311 0.811062 0.979217 0.949993 0.924381 0.849906 0.906676 0.844494 0.913545 0.968297 0.883639 0.805792 0.959150 0.963885 0.934980 0.897990 0.982272 0.891858 0.927615 0.918498 0.813372 0.901700 0.863552 0.996018 0.911243 0.795089 0.848042 0.782705 0.985589 0.955505 0.978418 0.917997 0.925145 0.976336 0.909330 0.861135 0.916820 0.879227 0.940018 0.824690 0.889210 0.853104 0.967738 0.778156 0.833477 0.960606 0.973904 0.974621 0.849436 0.973478 0.987230 0.954090 0.786329 0.799644 0.853125 0.839340 0.975964 0.867855
0.873011 0.912659 0.962350 0.889593 0.887502 0.920869 0.945589 0.939159 0.962406 0.933097 0.927607 0.863841 0.891170 0.905676 0.896905 0.852243 0.980732 0.993800 0.937073 0.953803 0.940287 0.000000 0.912380 0.851764 0.921561 0.972583 0.777872 0.997375 0.981933 0.992328 0.976588 0.931851 0.979423 0.906709 0.978245 0.904773 0.901961 0.854939 0.855060 0.787164 0.962365 0.945755 0.910893 0.865669 0.985083 0.891876 0.899900 0.892798 0.940363 0.860248 0.853005 0.873467 0.903769 0.960265 0.929638 0.809476 0.931567 0.946077 0.923976 0.991894 0.990334 0.984689 0.974860 0.979211 0.971181 0.983350 0.844139 0.916514 0.947284 0.971987 0.882487 0.971785 0.864276 0.740524 0.863986 0.922687 0.904934 0.784911 0.962058 0.899627 0.927809 0.910419 0.869421 0.858645 0.925120 0.941308 0.864768 0.866227 0.926552 0.958212 0.952538 0.958794 0.975644 0.977715 0.983041 0.968148 0.774794 0.998591 0.998503 0.985114 0.963622 0.955149 0.976807 0.844686 0.844552 0.956215 0.902096 0.972513 0.976887 0.942690 0.979263 0.824691 0.923090 0.884363 0.984737 0.934966
0.781874 0.870421 0.692777 0.417112 0.786263 0.853028 0.787863 0.686176 0.728897 0.949084 0.868981 0.729795 0.494528 0.423463 0.497570 0.404801 0.863879 0.826994 0.658984 0.768153 0.838580 0.912380 0.000000 0.437192 0.673391 0.732639 0.926818 0.943385 0.857588 0.815858 0.640589 0.490213 0.651088 0.835193 0.999022 0.929883 0.838377 0.968946 0.956401 0.952134 0.947785 0.854280 0.784553 0.707898 0.917253 0.982138 0.699236 0.847347 0.792764 0.909763 0.985294 0.947345 0.922869 0.991825 0.984204 0.963825 0.847251 0.899685 0.859782 0.857072 0.649423 0.679668 0.850367 0.795145 0.583790 0.617400 0.791630 0.856111 0.781098 0.922375 0.740866 0.758299 0.684821 0.849582 0.859017 0.959444 0.819819 0.829009 0.782030 0.905631 0.900944 0.926589 0.618902 0.785896 0.594962 0.513032 0.937911 0.922617 0.725235 0.708724 0.879530 0.888243 0.998827 0.940154 0.845220 0.989722 0.892103 0.896290 0.856068 0.802840 0.907898 0.989234 0.933668 0.754065 0.682021 0.596434 0.894529 0.889309 0.743081 0.873508 0.906561 0.976597 0.878595 0.857437 0.645320 0.848206
0.962772 0.952588 0.748104 0.598127 0.870679 0.685958 0.951055 0.967041 0.832936 0.759524 0.847673 0.974101 0.660656 0.588358 0.555521 0.478491 0.834117 0.889271 0.938299 0.963648 0.787677 0.851764 0.437192 0.000000 0.496650 0.514311 0.794797 0.826636 0.893429 0.933223 0.830532 0.686990 0.898171 0.899699 0.924673 0.948309 0.872807 0.968133 0.710432 0.914007 0.969492 0.947593 0.977289 0.933939 0.827770 0.876810 0.813070 0.948619 0.763813 0.870866 0.906258 0.957317 0.997091 0.828214 0.925494 0.990464 0.969676 0.927607 0.862462 0.985508 0.898201 0.835506 0.780205 0.820544 0.496152 0.568566 0.980255 0.951030 0.880185 0.909745 0.954683 0.996010 0.863549 0.929282 0.847807 0.978269 0.974585 0.993091 0.990999 0.895396 0.909801 0.892328 0.674814 0.850009 0.476914 0.362745 0.802816 0.679340 0.593112 0.633480 0.965741 0.890689 0.987712 0.998303 0.924059 0.912899 0.834480 0.851555 0.903614 0.962752 0.900674 0.956555 0.714061 0.958262 0.813558 0.767815 0.931442 0.928206 0.884523 0.910239 0.988323 0.779428 0.913270 0.948048 0.831489 0.942581
0.904544 0.987239 0.668164 0.712735 0.793658 0.768713 0.948741 0.957594 0.844663 0.732580 0.997105 0.997724 0.790255 0.754254 0.683971 0.701334 0.943758 0.908077 0.901854 0.883784 0.821358 0.921561 0.673391 0.496650 0.000000 0.514766 0.751656 0.789608 0.953578 0.960103 0.789450 0.685731 0.887997 0.986530 0.884137 0.922417 0.753192 0.787732 0.675850 0.807399 0.880409 0.927417 0.971559 0.959462 0.827694 0.836551 0.848595 0.941741 0.783829 0.869107 0.780375 0.848207 0.828857 0.725410 0.852175 0.941059 0.928952 0.946061 0.876208 0.991512 0.930184 0.911049 0.799786 0.812605 0.552795 0.629708 0.982234 0.900047 0.708399 0.973149 0.967448 0.984740 0.746372 0.767571 0.965347 0.965492 0.992639 0.850718 0.992591 0.900223 0.997309 0.797947 0.732624 0.826347 0.539359 0.416166 0.837846 0.720324 0.718861 0.717940 0.903496 0.764221 0.856440 0.855067 0.998318 0.981882 0.972643 0.843898 0.882324 0.879639 0.840308 0.829031 0.822231 0.993133 0.930963 0.841451 0.894572 0.881404 0.897867 0.959025 0.911688 0.781993 0.928560 0.890680 0.895087 0.946139
0.873111 0.792121 0.499199 0.594812 0.940445 0.614161 0.830060 0.833562 0.549625 0.926978 0.800937 0.850825 0.896970 0.845692 0.880067 0.808816 0.629793 0.630120 0.914262 0.924459 0.862214 0.972583 0.732639 0.514311 0.514766 0.000000 0.997816 0.830179 0.692959 0.702317 0.806461 0.871009 0.875664 0.995111 0.684969 0.951767 0.758953 0.956818 0.682345 0.853333 0.957574 0.896339 0.891752 0.991650 0.939936 0.991585 0.841279 0.918536 0.819202 0.878278 0.942163 0.913621 0.932964 0.985897 0.858651 0.995345 0.792331 0.679724 0.832281 0.889256 0.784767 0.668360 0.617003 0.648163 0.426343 0.387934 0.741401 0.698772 0.959894 0.826510 0.810211 0.796256 0.779785 0.912093 0.928537 0.950891 0.950628 0.964363 0.805732 0.980096 0.731685 0.925418 0.985676 0.851212 0.660982 0.519029 0.772454 0.798709 0.754516 0.764898 0.721324 0.863610 0.739941 0.847259 0.849403 0.993954 0.757037 0.956801 0.858473 0.915362 0.907436 0.975566 0.796594 0.993752 0.841444 0.883684 0.881164 0.945174 0.897319 0.920981 0.965425 0.897385 0.991719 0.985536 0.997569 0.902013
0.873312 0.910617 0.873913 0.925757 0.864013 0.903019 0.687604 0.791642 0.877325 0.808239 0.931183 0.989007 0.902309 0.976770 0.775906 0.890316 0.972686 0.925183 0.930055 0.876964 0.945418 0.777872 0.926818 0.794797 0.751656 0.997816 0.000000 0.866470 0.971951 0.962951 0.870058 0.999481 0.813439 0.865413 0.953918 0.824318 0.977597 0.762773 0.835965 0.923597 0.939166 0.945351 0.829285 0.911202 0.696754 0.787273 0.990673 0.946991 0.884203 0.964342 0.800835 0.907756 0.750634 0.682857 0.993802 0.919654 0.851353 0.860878 0.892267 0.993375 0.790026 0.791131 0.953236 0.915273 0.917690 0.919007 0.651946 0.757498 0.805787 0.898288 0.762608 0.762044 0.932039 0.877158 0.946065 0.905906 0.956705 0.868195 0.958507 0.962829 0.992724 0.764636 0.757536 0.824235 0.783703 0.790217 0.984662 0.561163 0.897508 0.672956 0.739543 0.780770 0.751342 0.852259 0.888616 0.974334 0.956888 0.916381 0.758636 0.889288 0.703597 0.849364 0.952179 0.827543 0.949839 0.909313 0.896063 0.834428 0.946422 0.966788 0.875909 0.949530 0.864438 0.942951 0.871153 0.982804
0.858163 0.742543 0.938003 0.968384 0.925792 0.695335 0.640577 0.801749 0.944227 0.782639 0.736321 0.705101 0.915554 0.963631 0.826984 0.867639 0.764183 0.752145 0.735020 0.815030 0.938896 0.997375 0.943385 0.826636 0.789608 0.830179 0.866470 0.000000 0.711722 0.792630 0.844639 0.885546 0.752817 0.740356 0.878040 0.867596 0.900115 0.965429 0.880608 0.985101 0.986596 0.931418 0.787829 0.779826 0.699090 0.695778 0.836967 0.811104 0.736139 0.798557 0.780032 0.813811 0.893028 0.848397 0.994860 0.959205 0.793542 0.742068 0.643487 0.705114 0.701083 0.843190 0.615696 0.680169 0.845523 0.920517 0.697934 0.761492 0.988947 0.957468 0.932096 0.910087 0.932661 0.914847 0.853550 0.914379 0.775624 0.891456 0.802804 0.794226 0.746050 0.813426 0.989176 0.938592 0.943023 0.833968 0.893543 0.822829 0.937059 0.909851 0.955284 0.964186 0.920097 0.998193 0.884107 0.980782 0.861554 0.714895 0.777690 0.781591 0.847928 0.679898 0.683884 0.698900 0.862445 0.930395 0.930132 0.822690 0.904990 0.826736 0.885338 0.889572 0.810148 0.819162 0.908488 0.959030
0.466475 0.490279 0.946262 0.980583 0.994728 0.721503 0.847412 0.845866 0.936820 0.775059 0.376216 0.478218 0.707450 0.683196 0.848346 0.770584 0.306987 0.309824 0.465111 0.427008 0.886323 0.981933 0.857588 0.893429 0.953578 0.692959 0.971951 0.711722 0.000000 0.294097 0.727318 0.670387 0.582838 0.554844 0.865153 0.881996 0.976745 0.746319 0.926293 0.790038 0.959082 0.825754 0.850331 0.708529 0.861866 0.747743 0.701314 0.712734 0.737280 0.694068 0.820316 0.709060 0.938782 0.962103 0.930490 0.953486 0.491041 0.439608 0.551168 0.523831 0.703918 0.886443 0.370772 0.345018 0.728029 0.771205 0.910424 0.944932 0.545053 0.616335 0.931838 0.952596 0.730369 0.689747 0.883084 0.955061 0.852881 0.733058 0.558119 0.774121 0.409547 0.626102 0.600145 0.577817 0.945644 0.938570 0.844969 0.871593 0.875917 0.996293 0.709292 0.659056 0.583588 0.619995 0.924078 0.881150 0.951452 0.723593 0.878281 0.889345 0.987237 0.958805 0.592839 0.580647 0.924805 0.839119 0.975736 0.947227 0.958036 0.771913 0.962036 0.978248 0.827861 0.798672 0.760868 0.828824
0.457893 0.565251 0.933708 0.951845 0.950410 0.809869 0.858562 0.823579 0.832827 0.785134 0.362278 0.403517 0.675802 0.644712 0.810873 0.694351 0.310782 0.332258 0.526230 0.426843 0.902290 0.992328 0.815858 0.933223 0.960103 0.702317 0.962951 0.792630 0.294097 0.000000 0.630035 0.639949 0.588965 0.539068 0.897843 0.918796 0.971850 0.779307 0.974526 0.797125 0.965026 0.820249 0.903425 0.756490 0.944070 0.822335 0.702387 0.727861 0.819956 0.789871 0.890328 0.783516 0.972523 0.982538 0.972288 0.961750 0.599340 0.524592 0.569994 0.555105 0.681704 0.838216 0.342647 0.306711 0.687007 0.805554 0.900566 0.880399 0.503016 0.585722 0.897445 0.979936 0.721960 0.643471 0.802284 0.996357 0.872893 0.631464 0.556944 0.756465 0.397452 0.661095 0.597092 0.604007 0.978679 0.951451 0.822317 0.863896 0.831447 0.927268 0.647189 0.572503 0.519400 0.524433 0.947173 0.789903 0.923877 0.707431 0.955041 0.931224 0.986711 0.997259 0.648286 0.545440 0.896044 0.704702 0.938141 0.983936 0.870343 0.757310 0.990731 0.987107 0.964172 0.875640 0.687979 0.764879
0.803422 0.866567 0.604152 0.507990 0.793803 0.961042 0.487456 0.486347 0.667402 0.655731 0.578452 0.602387 0.703619 0.677464 0.850323 0.714512 0.750500 0.783054 0.633883 0.745408 0.911945 0.976588 0.640589 0.830532 0.789450 0.806461 0.870058 0.844639 0.727318 0.630035 0.000000 0.424968 0.435700 0.432959 0.895920 0.769359 0.854691 0.917690 0.866718 0.979172 0.899462 0.864462 0.689833 0.688119 0.753551 0.732486 0.637533 0.648077 0.992471 0.934584 0.876636 0.893427 0.839739 0.848476 0.965872 0.935210 0.908502 0.982686 0.671319 0.695974 0.414015 0.491285 0.639636 0.601265 0.902930 0.657386 0.515787 0.471477 0.799384 0.961455 0.693928 0.738871 0.696768 0.700839 0.803740 0.924660 0.712027 0.573408 0.762096 0.925002 0.803721 0.989011 0.792523 0.966626 0.994405 0.893649 0.950771 0.830085 0.939248 0.943228 0.919166 0.876885 0.991341 0.854221 0.936612 0.718114 0.889367 0.647467 0.708618 0.739465 0.578001 0.854707 0.910222 0.524953 0.663231 0.631929 0.860240 0.702227 0.748145 0.861605 0.819109 0.921953 0.799826 0.880257 0.648965 0.917560
0.746870 0.771824 0.693125 0.520775 0.849993 0.965266 0.668087 0.645432 0.762551 0.804980 0.648816 0.650931 0.686206 0.585036 0.686062 0.578792 0.727027 0.738555 0.556661 0.698067 0.845218 0.931851 0.490213 0.686990 0.685731 0.871009 0.999481 0.885546 0.670387 0.639949 0.424968 0.000000 0.504738 0.627475 0.926101 0.920119 0.851118 0.810837 0.887276 0.848671 0.926928 0.905359 0.663495 0.626626 0.842472 0.746974 0.635530 0.704156 0.966225 0.900262 0.843316 0.812290 0.870029 0.875800 0.998852 0.955597 0.750867 0.865342 0.738207 0.749117 0.612225 0.658831 0.707210 0.661578 0.860207 0.747071 0.733023 0.658425 0.751838 0.900347 0.798205 0.857545 0.827045 0.820025 0.897260 0.967086 0.779912 0.630831 0.727596 0.821010 0.765800 0.914504 0.641957 0.753136 0.831823 0.735223 0.981705 0.893532 0.889313 0.992627 0.984589 0.787777 0.886168 0.904410 0.975462 0.811293 0.925071 0.835431 0.770550 0.839259 0.788032 0.785726 0.837190 0.704262 0.698146 0.651614 0.894256 0.753356 0.769862 0.760052 0.857957 0.963781 0.768548 0.865246 0.575085 0.898331
0.661217 0.694476 0.618633 0.597888 0.932464 0.951757 0.437238 0.468442 0.649443 0.613171 0.558455 0.530460 0.635432 0.576943 0.845050 0.707964 0.609163 0.652987 0.485910 0.617202 0.980137 0.979423 0.651088 0.898171 0.887997 0.875664 0.813439 0.752817 0.582838 0.588965 0.435700 0.504738 0.000000 0.420265 0.884269 0.756586 0.750538 0.853181 0.947086 0.916053 0.860365 0.767083 0.539417 0.521851 0.551951 0.560832 0.490089 0.609653 0.770895 0.717104 0.675510 0.677829 0.691641 0.702562 0.926279 0.988283 0.717836 0.741893 0.586265 0.656848 0.372541 0.483855 0.547544 0.504633 0.909972 0.770150 0.490396 0.515595 0.752149 0.783143 0.616328 0.654133 0.597534 0.752161 0.793579 0.948145 0.723920 0.591119 0.671778 0.736902 0.611273 0.793382 0.724639 0.819495 0.841033 0.872089 0.965439 0.803693 0.948645 0.977835 0.830902 0.988686 0.956911 0.927520 0.762847 0.767760 0.823360 0.622447 0.513977 0.627816 0.682225 0.688549 0.704376 0.418022 0.772689 0.765632 0.987830 0.699608 0.832868 0.710166 0.669168 0.781698 0.683098 0.666679 0.576321 0.996012
0.643993 0.602216 0.678427 0.638829 0.929365 0.931905 0.407578 0.395713 0.733819 0.530821 0.449198 0.499247 0.823560 0.791042 0.928045 0.850684 0.549246 0.600372 0.485890 0.556818 0.852512 0.906709 0.835193 0.899699 0.986530 0.995111 0.865413 0.740356 0.554844 0.539068 0.432959 0.627475 0.420265 0.000000 0.920766 0.792460 0.840564 0.792186 0.940374 0.960101 0.932396 0.855177 0.546636 0.495937 0.584899 0.512766 0.488212 0.456440 0.738295 0.666279 0.731257 0.707390 0.827697 0.838338 0.972493 0.979819 0.659754 0.677533 0.423946 0.448436 0.406775 0.508956 0.489525 0.433964 0.970499 0.805443 0.472597 0.438513 0.738953 0.735826 0.784966 0.819156 0.757687 0.771189 0.870412 0.900586 0.693967 0.570212 0.619177 0.746846 0.628773 0.893145 0.805633 0.853527 0.903775 0.946731 0.813773 0.726032 0.897867 0.856385 0.998207 0.883771 0.928366 0.746131 0.826723 0.794455 0.913245 0.547951 0.605488 0.577259 0.553744 0.879537 0.600702 0.489818 0.754431 0.738576 0.961682 0.651451 0.865968 0.672061 0.699560 0.783073 0.680102 0.732662 0.612591 0.841917
0.978669 0.962919 0.756394 0.806815 0.820768 0.894977 0.821401 0.898221 0.676302 0.900343 0.984167 0.906188 0.855546 0.890613 0.961235 0.986588 0.863171 0.848725 0.959230 0.937353 0.947757 0.978245 0.999022 0.924673 0.884137 0.684969 0.953918 0.878040 0.865153 0.897843 0.895920 0.926101 0.884269 0.920766 0.000000 0.995751 0.988560 0.968776 0.866554 0.888945 0.962256 0.956801 0.815767 0.906423 0.777051 0.784834 0.794581 0.815527 0.909342 0.830528 0.887888 0.908334 0.820171 0.847210 0.791288 0.870282 0.952134 0.881631 0.955174 0.926354 0.866018 0.792384 0.898766 0.908213 0.754841 0.825319 0.703402 0.667705 0.956623 0.932332 0.901409 0.894656 0.929115 0.830496 0.865917 0.938931 0.917987 0.907505 0.951205 0.982464 0.939612 0.975488 0.974677 0.920721 0.899815 0.890661 0.999994 0.963429 0.770743 0.913923 0.806030 0.825592 0.808114 0.831234 0.907204 0.977673 0.740705 0.762997 0.781982 0.864819 0.975284 0.893088 0.849671 0.926973 0.909418 0.857570 0.816572 0.851301 0.922030 0.937723 0.942138 0.942073 0.723892 0.947370 0.883425 0.951473
0.997748 0.898454 0.838406 0.829885 0.904489 0.978614 0.702234 0.808794 0.866005 0.887002 0.950634 0.952200 0.968682 0.918943 0.983632 0.983000 0.924315 0.928752 0.952007 0.955003 0.898776 0.904773 0.929883 0.948309 0.922417 0.951767 0.824318 0.867596 0.881996 0.918796 0.769359 0.920119 0.756586 0.792460 0.995751 0.000000 0.922073 0.822589 0.877074 0.930232 0.890735 0.989232 0.802595 0.759825 0.738503 0.778497 0.851619 0.961700 0.837500 0.838339 0.842866 0.877432 0.751086 0.844669 0.990674 0.917433 0.957464 0.929530 0.768258 0.879572 0.742538 0.840482 0.878954 0.874505 0.935177 0.901556 0.682546 0.754668 0.887084 0.912367 0.861915 0.977829 0.990500 0.904226 0.909503 0.838304 0.820883 0.701174 0.907225 0.936030 0.900474 0.992347 0.993309 0.857640 0.999896 0.992832 0.813979 0.886084 0.864793 0.939084 0.844150 0.791703 0.865710 0.896777 0.917275 0.898784 0.984125 0.909186 0.844119 0.722699 0.777164 0.874358 0.866894 0.810880 0.892526 0.942099 0.910951 0.900970 0.976113 0.972188 0.793207 0.846178 0.927779 0.895289 0.803117 0.872711
0.697913 0.822356 0.777297 0.710136 0.947151 0.845844 0.921742 0.734345 0.759026 0.710807 0.886480 0.697406 0.799435 0.742365 0.837296 0.798768 0.914771 0.948231 0.689841 0.670191 0.893589 0.901961 0.838377 0.872807 0.753192 0.758953 0.977597 0.900115 0.976745 0.971850 0.854691 0.851118 0.750538 0.840564 0.988560 0.922073 0.000000 0.666492 0.790336 0.772655 0.606982 0.776681 0.673097 0.730565 0.886103 0.834868 0.679878 0.710799 0.844881 0.882084 0.894042 0.896443 0.916007 0.874330 0.740001 0.905325 0.799209 0.843283 0.984571 0.996148 0.846421 0.640663 0.892018 0.940505 0.897972 0.788871 0.961844 0.835396 0.658438 0.719080 0.713307 0.639190 0.751543 0.871112 0.893948 0.989482 0.736037 0.873330 0.924570 0.883491 0.891401 0.781057 0.863194 0.852982 0.776199 0.801447 0.841114 0.954504 0.863546 0.818160 0.860815 0.933302 0.955143 0.990955 0.961363 0.944367 0.762153 0.990989 0.720281 0.744428 0.918512 0.830129 0.888057 0.882443 0.844819 0.931305 0.839129 0.756363 0.808957 0.794568 0.922754 0.878573 0.958212 0.911267 0.942086 0.985204
0.586735 0.563355 0.989244 0.948455 0.893500 0.848108 0.955309 0.930909 0.963443 0.771034 0.711767 0.643191 0.898971 0.809258 0.952561 0.839634 0.714786 0.672442 0.636358 0.538356 0.745090 0.854939 0.968946 0.968133 0.787732 0.956818 0.762773 0.965429 0.746319 0.779307 0.917690 0.810837 0.853181 0.792186 0.968776 0.822589 0.666492 0.000000 0.790991 0.575611 0.773158 0.763422 0.788878 0.763707 0.921797 0.824157 0.668274 0.633554 0.724481 0.705141 0.846860 0.810333 0.922533 0.999993 0.804766 0.707762 0.533164 0.608893 0.935298 0.828961 0.975230 0.889367 0.902656 0.798957 0.899219 0.897357 0.826869 0.958145 0.612413 0.635326 0.967364 0.858268 0.933397 0.923889 0.922897 0.996450 0.948527 0.916058 0.807647 0.931250 0.642207 0.604074 0.743347 0.519366 0.840784 0.947806 0.981132 0.881343 0.949969 0.819261 0.913132 0.871556 0.810754 0.811817 0.914684 0.832233 0.924997 0.862552 0.897167 0.896905 0.957502 0.952533 0.665865 0.928564 0.949505 0.937553 0.925049 0.983615 0.893242 0.745665 0.882619 0.836988 0.984565 0.742109 0.995279 0.996869
