0.000000 0.412471 0.684647 0.576761 0.918512 0.701921 0.548293 0.432646 0.728511 0.898997 0.412091 0.369628 0.484483 0.473082 0.732482 0.524760 0.415203 0.405648 0.459728 0.365023 0.873311 0.955103 0.704251 0.695668 0.736389 0.665672 0.935458 0.840741 0.455064 0.484859 0.587589 0.567646 0.418063 0.413947 0.546662 0.816262 0.577592 0.819544 0.933324 0.956135 0.867338 0.800127 0.607654 0.591818 0.603436 0.640344 0.535672 0.637005 0.933490 0.799207 0.775684 0.846567 0.894007 0.961899 0.681495 0.793964 0.403070 0.490399 0.434393 0.777054 0.469868 0.587290 0.369711 0.455011 0.717103 0.641782 0.478707 0.578267 0.641232 0.711382 0.555074 0.650557 0.759642 0.643418 0.918292 0.802783 0.606189 0.720023 0.705591 0.766910 0.394665 0.425766 0.540993 0.623999 0.584866 0.586601 0.983403 0.990601 0.744234 0.684435 0.621186 0.847769 0.669658 0.838018 0.646821 0.780616 0.680761 0.712205 0.540230 0.543098 0.698125 0.725876 0.565586 0.610322 0.555775 0.726651 0.992561 0.757575 0.833695 0.909203 0.994062 0.812560 0.814412 0.911275 0.823078 0.900533
0.412471 0.000000 0.977404 0.847976 0.949443 0.907848 0.821869 0.613289 0.947986 0.858089 0.757399 0.458481 0.847644 0.766548 0.979670 0.697783 0.302039 0.317233 0.713151 0.515937 0.963925 0.958492 0.998791 0.876298 0.850806 0.799862 0.959946 0.952458 0.448770 0.434484 0.836922 0.782570 0.651132 0.658444 0.885281 0.865362 0.765204 0.894983 0.999112 0.862481 0.783918 0.792010 0.686888 0.641671 0.524883 0.481186 0.667825 0.691844 0.649302 0.615463 0.556405 0.652647 0.839550 0.906304 0.672245 0.750341 0.280209 0.237224 0.663857 0.665968 0.779526 0.508161 0.644992 0.439161 0.993223 0.754836 0.716248 0.741708 0.492116 0.560224 0.745036 0.872963 0.740373 0.673941 0.763229 0.796315 0.731247 0.785391 0.595476 0.639088 0.299361 0.373315 0.562326 0.509214 0.869270 0.707638 0.936662 0.935158 0.840000 0.752547 0.813035 0.986709 0.830568 0.946611 0.563347 0.948081 0.559475 0.752242 0.616023 0.647229 0.877837 0.896162 0.557599 0.731366 0.673948 0.836295 0.943692 0.860771 0.868659 0.791253 0.816843 0.619634 0.855958 0.829563 0.689425 0.975643
0.684647 0.977404 0.000000 0.238846 0.878880 0.847143 0.248357 0.376031 0.524141 0.821968 0.477354 0.794338 0.363717 0.483154 0.444196 0.476385 0.957183 0.924412 0.414398 0.574174 0.770694 0.952636 0.283703 0.387971 0.497377 0.358911 0.954993 0.895280 0.744643 0.829763 0.332791 0.410183 0.418887 0.357098 0.515405 0.810606 0.682084 0.872092 0.879182 0.821094 0.952179 0.801636 0.547704 0.635324 0.674761 0.751455 0.586232 0.492626 0.919657 0.927888 0.878101 0.907585 0.864587 0.833916 0.591353 0.783672 0.909008 0.879951 0.582670 0.850957 0.375515 0.842750 0.607752 0.991344 0.268346 0.453434 0.378626 0.455462 0.960663 0.852354 0.550921 0.579977 0.912128 0.816462 0.901732 0.892714 0.612698 0.664048 0.871158 0.818914 0.979246 0.747732 0.724231 0.931284 0.349664 0.465020 0.736989 0.731219 0.776633 0.761463 0.605613 0.660032 0.689227 0.663464 0.770821 0.952110 0.831815 0.951787 0.676027 0.604757 0.657318 0.709258 0.844952 0.851528 0.682774 0.671498 0.943437 0.763906 0.800745 0.853538 0.994472 0.968661 0.833566 0.943618 0.896247 0.775477
0.576761 0.847976 0.238846 0.000000 0.928779 0.753119 0.231317 0.276456 0.572214 0.840789 0.380203 0.653450 0.331396 0.376954 0.501096 0.482448 0.915842 0.771850 0.312508 0.426334 0.842572 0.981328 0.312649 0.293694 0.488784 0.400421 0.938617 0.799337 0.673591 0.741499 0.299581 0.342901 0.328469 0.284171 0.481937 0.771243 0.717458 0.904434 0.839863 0.831003 0.978677 0.806207 0.496153 0.554939 0.642648 0.724684 0.513516 0.469425 0.917345 0.917192 0.869808 0.935176 0.886858 0.893956 0.610511 0.755110 0.914863 0.985012 0.568030 0.835813 0.374462 0.787404 0.511612 0.905644 0.328423 0.388721 0.321018 0.372681 0.906733 0.893137 0.504094 0.541328 0.838003 0.736487 0.813659 0.850355 0.604909 0.628535 0.768198 0.777977 0.860044 0.628481 0.649341 0.892403 0.343494 0.402211 0.748851 0.643480 0.725911 0.696477 0.571932 0.688005 0.665370 0.712472 0.788491 0.890245 0.827271 0.879529 0.613738 0.510445 0.580200 0.605925 0.758430 0.716269 0.630287 0.641422 0.994523 0.821548 0.762647 0.872148 0.978662 0.911467 0.816711 0.966734 0.875546 0.757121
0.918512 0.949443 0.878880 0.928779 0.000000 0.990734 0.895089 0.912660 0.837521 0.841934 0.928238 0.925260 0.823513 0.830918 0.737681 0.858886 0.986989 0.968827 0.926374 0.916838 0.855118 0.894922 0.843951 0.956930 0.963573 0.982960 0.900163 0.922151 0.925849 0.959635 0.881035 0.932166 0.859230 0.864517 0.779804 0.911927 0.786381 0.854671 0.902943 0.995924 0.891372 0.981359 0.865865 0.933894 0.950728 0.995646 0.950391 0.895747 0.933753 0.920988 0.871725 0.831584 0.805316 0.783329 0.966774 0.932249 0.979028 0.995743 0.708717 0.864221 0.815058 0.934935 0.806019 0.893997 0.851512 0.941830 0.782485 0.823218 0.824938 0.941418 0.856542 0.768288 0.911950 0.940668 0.876836 0.926543 0.982523 0.993267 0.906400 0.928292 0.986288 0.889267 0.900022 0.966266 0.917993 0.996707 0.959265 0.778625 0.758163 0.877227 0.737186 0.753357 0.745862 0.703497 0.992123 0.963858 0.896598 0.989194 0.826221 0.934003 0.996114 0.956965 0.758458 0.801647 0.947725 0.693223 0.823393 0.695759 0.928416 0.950571 0.967658 0.964209 0.871263 0.886285 0.772464 0.799829
0.701921 0.907848 0.847143 0.753119 0.990734 0.000000 0.697957 0.651374 0.791483 0.862635 0.663045 0.724229 0.743267 0.807917 0.900537 0.821503 0.876021 0.794293 0.654499 0.694125 0.910714 0.939006 0.903582 0.847839 0.975802 0.822703 0.941813 0.706820 0.846828 0.924895 0.900023 0.760907 0.780459 0.709580 0.814632 0.953648 0.953063 0.967567 0.977018 0.967722 0.998477 0.866122 0.637658 0.693002 0.749899 0.736088 0.693200 0.775084 0.928039 0.853627 0.914192 0.908838 0.945853 0.900171 0.864133 0.986772 0.780365 0.987829 0.822391 0.969374 0.768837 0.840650 0.808751 0.938077 0.872469 0.752160 0.701944 0.677330 0.996723 0.905176 0.816386 0.863710 0.899069 0.729826 0.997769 0.869704 0.716742 0.673267 0.785140 0.975661 0.869382 0.840255 0.972313 0.923624 0.886093 0.858000 0.880554 0.880692 0.895600 0.911363 0.683666 0.765773 0.763101 0.763404 0.906603 0.910948 0.876176 0.953551 0.670819 0.734975 0.807248 0.684411 0.665131 0.622835 0.868496 0.956402 0.940488 0.902755 0.945619 0.867891 0.868728 0.886614 0.974524 0.891210 0.886082 0.915847
0.548293 0.821869 0.248357 0.231317 0.895089 0.697957 0.000000 0.225874 0.543712 0.655950 0.379481 0.643659 0.326715 0.407799 0.463738 0.469051 0.900387 0.734246 0.289176 0.434460 0.833784 0.951590 0.339911 0.449564 0.652593 0.425093 0.991916 0.860419 0.638228 0.757867 0.377711 0.383451 0.350162 0.305595 0.528413 0.742557 0.710659 0.928865 0.946582 0.824181 0.987445 0.871975 0.387701 0.474757 0.511280 0.586789 0.475421 0.442406 0.965605 0.812400 0.773625 0.787785 0.772209 0.741856 0.627986 0.764619 0.878909 0.969466 0.508768 0.886719 0.392883 0.798841 0.548820 0.916230 0.360622 0.422891 0.280030 0.378040 0.963245 0.947692 0.408085 0.449838 0.847825 0.721407 0.907420 0.849290 0.476386 0.556584 0.787467 0.800877 0.878850 0.721307 0.717051 0.967760 0.400520 0.523137 0.774323 0.750824 0.837122 0.804677 0.425654 0.528069 0.533684 0.548438 0.746500 0.849793 0.759773 0.838669 0.485485 0.410831 0.550199 0.517259 0.672078 0.655076 0.628750 0.579194 0.972124 0.746278 0.836295 0.898808 0.960442 0.805418 0.703614 0.922860 0.843668 0.837678
0.432646 0.613289 0.376031 0.276456 0.912660 0.651374 0.225874 0.000000 0.609327 0.647684 0.338500 0.486974 0.383674 0.369971 0.596728 0.485817 0.700580 0.557217 0.249496 0.309508 0.932730 0.960181 0.455352 0.472530 0.698189 0.468464 0.964310 0.852591 0.492303 0.641417 0.406428 0.375013 0.306466 0.279140 0.553121 0.738909 0.675123 0.954668 0.915286 0.856489 0.924974 0.945128 0.367901 0.436000 0.444054 0.504977 0.452571 0.479577 0.854320 0.744103 0.690603 0.764175 0.755584 0.779687 0.622916 0.746414 0.650147 0.753391 0.497385 0.874916 0.436176 0.678814 0.477123 0.769760 0.507542 0.443953 0.312750 0.356392 0.861311 0.917493 0.425071 0.436277 0.760105 0.584149 0.796101 0.770743 0.473188 0.542622 0.715246 0.774503 0.708717 0.589418 0.634396 0.844052 0.489765 0.538368 0.832814 0.747081 0.813392 0.771235 0.445282 0.613933 0.525305 0.670081 0.721619 0.839157 0.660307 0.781819 0.432331 0.369168 0.507186 0.525587 0.548736 0.568277 0.587240 0.637992 0.946315 0.732653 0.786467 0.959635 0.909688 0.767007 0.694481 0.899659 0.822223 0.873531
0.728511 0.947986 0.524141 0.572214 0.837521 0.791483 0.543712 0.609327 0.000000 0.629683 0.671172 0.791747 0.576825 0.746387 0.572147 0.568099 0.883475 0.872107 0.771765 0.710099 0.791493 0.968253 0.593767 0.756664 0.786087 0.584091 0.966485 0.753363 0.672343 0.744734 0.625888 0.761776 0.635901 0.620354 0.737014 0.883979 0.705640 0.725462 0.925071 0.790680 0.992093 0.864812 0.662994 0.717503 0.704752 0.756460 0.769257 0.719085 0.952246 0.915839 0.791190 0.740245 0.681566 0.621244 0.818215 0.818978 0.975610 0.999283 0.551110 0.810628 0.505850 0.819901 0.664850 0.814795 0.537794 0.757545 0.623991 0.747776 0.897732 0.996835 0.552902 0.581649 0.763945 0.815064 0.931504 0.982329 0.560043 0.695636 0.761229 0.965143 0.881690 0.906447 0.910192 0.939040 0.712851 0.834932 0.905597 0.977876 0.890047 0.900744 0.583130 0.585076 0.634818 0.546416 0.878946 0.831086 0.737402 0.899037 0.715718 0.640781 0.748266 0.691502 0.694004 0.770928 0.705700 0.547050 0.763928 0.704660 0.847409 0.994519 0.944236 0.936710 0.752616 0.743469 0.816330 0.988882
0.898997 0.858089 0.821968 0.840789 0.841934 0.862635 0.655950 0.647684 0.629683 0.000000 0.869458 0.936716 0.830161 0.845692 0.660626 0.774775 0.843765 0.755072 0.783486 0.825585 0.942537 0.949735 0.839157 0.894271 0.806064 0.985685 0.960864 0.881516 0.741262 0.855892 0.870057 0.859007 0.882897 0.775890 0.869301 0.945036 0.890317 0.959869 0.970734 0.793312 0.852445 0.886391 0.565427 0.626261 0.593989 0.593964 0.900263 0.791140 0.834241 0.775049 0.638434 0.579323 0.609396 0.545575 0.946490 0.998203 0.826672 0.849125 0.710583 0.953196 0.875609 0.981427 0.877250 0.910673 0.961968 0.983375 0.704137 0.830245 0.950889 0.932881 0.470214 0.494998 0.809440 0.740078 0.969564 0.894702 0.526217 0.589892 0.858725 0.977721 0.996287 0.837313 0.975351 0.905737 0.970960 0.823800 0.871082 0.864621 0.832907 0.716761 0.416636 0.430406 0.447047 0.428434 0.897180 0.908995 0.701959 0.811966 0.586917 0.537059 0.676949 0.575752 0.504625 0.693996 0.799482 0.600330 0.981748 0.525625 0.946855 0.951941 0.858994 0.681674 0.599786 0.732036 0.762970 0.862744
0.412091 0.757399 0.477354 0.380203 0.928238 0.663045 0.379481 0.338500 0.671172 0.869458 0.000000 0.461163 0.317993 0.338162 0.651605 0.527737 0.711076 0.638026 0.300917 0.401746 0.926329 0.855195 0.505337 0.513118 0.751277 0.549308 0.993232 0.823907 0.545538 0.600953 0.444014 0.440794 0.377303 0.337443 0.516861 0.819237 0.671743 0.947615 0.890109 0.987812 0.921951 0.935237 0.600612 0.636829 0.681884 0.740151 0.561849 0.616540 0.942045 0.928752 0.896833 0.987191 0.887630 0.932599 0.669915 0.812358 0.717637 0.848805 0.579847 0.935829 0.357914 0.670940 0.380528 0.677559 0.550796 0.492285 0.406614 0.432923 0.903701 0.953397 0.532017 0.622829 0.842371 0.745285 0.903696 0.810358 0.645199 0.649654 0.844754 0.811036 0.655369 0.609888 0.776010 0.834042 0.490938 0.537840 0.865664 0.772177 0.748670 0.764680 0.629916 0.798250 0.722297 0.784533 0.797597 0.721246 0.870463 0.886557 0.631885 0.578406 0.579731 0.688037 0.696902 0.659564 0.712038 0.744888 0.973830 0.840002 0.865986 0.914607 0.969615 0.905056 0.829225 0.928892 0.905835 0.791889
0.369628 0.458481 0.794338 0.653450 0.925260 0.724229 0.643659 0.486974 0.791747 0.936716 0.461163 0.000000 0.611780 0.550016 0.869476 0.587088 0.443852 0.349128 0.553859 0.418510 0.830715 0.927843 0.739586 0.712598 0.872948 0.692997 0.988167 0.948553 0.439312 0.386663 0.644410 0.662910 0.426608 0.489266 0.682164 0.791605 0.601811 0.786807 0.932782 0.932352 0.738763 0.796699 0.779927 0.755636 0.585302 0.641135 0.707094 0.691988 0.881763 0.817901 0.793548 0.851908 0.869130 0.906587 0.727719 0.840251 0.461655 0.474699 0.536511 0.673670 0.455293 0.372079 0.422765 0.370545 0.797331 0.543296 0.555415 0.524423 0.680514 0.614726 0.701277 0.735492 0.745305 0.644267 0.835879 0.871797 0.763219 0.798720 0.657755 0.664416 0.351061 0.432318 0.651394 0.599183 0.689520 0.617526 0.975747 0.896631 0.779088 0.717518 0.746073 0.990997 0.789155 0.941321 0.714864 0.921023 0.762487 0.853986 0.692702 0.701667 0.734605 0.805726 0.629057 0.710953 0.683379 0.796908 0.966404 0.900709 0.859138 0.912185 0.989019 0.852884 0.981046 0.958193 0.796718 0.962489
0.484483 0.847644 0.363717 0.331396 0.823513 0.743267 0.326715 0.383674 0.576825 0.830161 0.317993 0.611780 0.000000 0.295584 0.397255 0.399639 0.861480 0.720609 0.347911 0.451401 0.736165 0.994934 0.332626 0.405693 0.639028 0.540318 0.830696 0.785440 0.634685 0.632020 0.424640 0.424006 0.361480 0.320622 0.525808 0.805332 0.727008 0.913931 0.929691 0.975742 0.993627 0.906754 0.563502 0.612045 0.777053 0.837508 0.559039 0.594244 0.762041 0.947915 0.965122 0.984262 0.950528 0.863441 0.657838 0.883103 0.842133 0.964655 0.513279 0.898054 0.314151 0.830299 0.337422 0.747973 0.402796 0.495720 0.371057 0.507931 0.926628 0.950787 0.463625 0.571688 0.932240 0.870902 0.883807 0.765439 0.613358 0.589231 0.918524 0.829022 0.772482 0.728812 0.669876 0.998031 0.389386 0.468340 0.752488 0.821735 0.703781 0.776567 0.581826 0.701193 0.728118 0.651121 0.813499 0.781079 0.860716 0.908489 0.577874 0.588811 0.646251 0.686658 0.724149 0.688000 0.697725 0.660393 0.921095 0.754376 0.808017 0.886427 0.923683 0.913799 0.872108 0.939244 0.904399 0.794208
0.473082 0.766548 0.483154 0.376954 0.830918 0.807917 0.407799 0.369971 0.746387 0.845692 0.338162 0.550016 0.295584 0.000000 0.484606 0.410956 0.832214 0.631303 0.340141 0.406076 0.866362 0.945200 0.419909 0.421182 0.669520 0.616503 0.877343 0.748112 0.628510 0.564102 0.414323 0.384474 0.322860 0.321487 0.548068 0.695050 0.655762 0.982313 0.803382 0.960577 0.982514 0.911596 0.617511 0.670333 0.795737 0.857971 0.668457 0.670888 0.768496 0.912575 0.943111 0.955760 0.976076 0.955460 0.827758 0.968796 0.710710 0.849286 0.574036 0.968266 0.399022 0.797655 0.336631 0.683190 0.521690 0.480494 0.404498 0.437971 0.983889 0.990396 0.545931 0.512571 0.946628 0.804853 0.806321 0.756733 0.685558 0.658909 0.828312 0.789119 0.704929 0.704130 0.587683 0.888663 0.437755 0.446324 0.800559 0.763110 0.686041 0.750358 0.599905 0.822638 0.688115 0.802203 0.873029 0.702923 0.874985 0.912424 0.595642 0.621245 0.558226 0.720090 0.720853 0.769169 0.680548 0.751557 0.949819 0.821326 0.783969 0.905724 0.931911 0.929725 0.924986 0.958987 0.912050 0.829656
0.732482 0.979670 0.444196 0.501096 0.737681 0.900537 0.463738 0.596728 0.572147 0.660626 0.651605 0.869476 0.397255 0.484606 0.000000 0.418526 0.995871 0.862237 0.636137 0.723787 0.741496 0.896059 0.384523 0.583499 0.663594 0.644941 0.773540 0.778049 0.807756 0.750123 0.508428 0.584872 0.561946 0.527350 0.672744 0.850031 0.783910 0.895318 0.896004 0.948920 0.930869 0.843522 0.657719 0.757473 0.807462 0.866149 0.785728 0.708317 0.747962 0.931343 0.922516 0.857725 0.878718 0.763794 0.880873 0.995400 0.991911 0.965420 0.615664 0.927124 0.458467 0.986693 0.550686 0.830618 0.441236 0.658045 0.512569 0.660555 0.945329 0.905948 0.505612 0.519430 0.962246 0.997411 0.962676 0.863428 0.645797 0.690006 0.856904 0.921120 0.956086 0.967495 0.701517 0.982460 0.478524 0.610977 0.700426 0.896105 0.838957 0.866313 0.580054 0.621433 0.693589 0.563003 0.831716 0.949896 0.871019 0.888411 0.632600 0.691920 0.807764 0.750250 0.767067 0.829133 0.700667 0.622166 0.779100 0.687042 0.846760 0.816410 0.989189 0.850656 0.912215 0.874032 0.894195 0.873543
0.524760 0.697783 0.476385 0.482448 0.858886 0.821503 0.469051 0.485817 0.568099 0.774775 0.527737 0.587088 0.399639 0.410956 0.418526 0.000000 0.761370 0.605006 0.559448 0.524364 0.696220 0.991547 0.395910 0.509480 0.616520 0.461189 0.888015 0.911700 0.531322 0.477812 0.427541 0.465827 0.379313 0.421896 0.615518 0.738699 0.582505 0.805156 0.996747 0.970767 0.985039 0.958017 0.667913 0.728897 0.723594 0.734081 0.686355 0.678531 0.876238 0.958101 0.812999 0.811374 0.864406 0.808216 0.795065 0.928401 0.755220 0.774967 0.557971 0.766503 0.343509 0.607323 0.455837 0.611868 0.484823 0.487291 0.511308 0.566474 0.902808 0.939804 0.558583 0.565901 0.899588 0.794310 0.796321 0.864133 0.687365 0.746063 0.665932 0.655153 0.600914 0.666217 0.643393 0.796111 0.424761 0.472998 0.810108 0.901326 0.780308 0.824972 0.606125 0.824918 0.713916 0.719731 0.746810 0.908423 0.713492 0.887463 0.630013 0.709638 0.693714 0.777014 0.766830 0.895287 0.676519 0.752625 0.892594 0.788085 0.812759 0.989784 0.926610 0.831069 0.880081 0.973663 0.863294 0.852657
0.415203 0.302039 0.957183 0.915842 0.986989 0.876021 0.900387 0.700580 0.883475 0.843765 0.711076 0.443852 0.861480 0.832214 0.995871 0.761370 0.000000 0.315640 0.790707 0.585725 0.943577 0.962430 0.982244 0.975534 0.935403 0.926615 0.972357 0.985524 0.445041 0.442136 0.826813 0.829002 0.714690 0.694020 0.839706 0.903650 0.729969 0.789448 0.999821 0.800714 0.725161 0.686264 0.811324 0.711812 0.613765 0.592618 0.795862 0.836322 0.758213 0.725281 0.674838 0.744535 0.842055 0.924313 0.763031 0.775137 0.321067 0.271021 0.696650 0.712518 0.748642 0.504847 0.607913 0.369035 0.947472 0.816159 0.763059 0.776209 0.520400 0.619183 0.735759 0.824194 0.765693 0.652636 0.880977 0.768671 0.813136 0.836584 0.700639 0.801289 0.301586 0.482218 0.694007 0.508269 0.928632 0.818619 0.948543 0.956706 0.922037 0.788702 0.826568 0.995521 0.814148 0.997680 0.566798 0.998971 0.631476 0.653917 0.748263 0.689751 0.865995 0.903258 0.596837 0.659523 0.657165 0.829202 0.988228 0.811858 0.948251 0.794066 0.892940 0.700921 0.878125 0.888077 0.730447 0.920740
0.405648 0.317233 0.924412 0.771850 0.968827 0.794293 0.734246 0.557217 0.872107 0.755072 0.638026 0.349128 0.720609 0.631303 0.862237 0.605006 0.315640 0.000000 0.637359 0.519526 0.933673 0.956250 0.864471 0.835747 0.926866 0.795760 0.952504 0.979030 0.404585 0.345844 0.711266 0.649380 0.559545 0.604561 0.787595 0.757855 0.668513 0.865848 0.948193 0.854632 0.817474 0.782709 0.713262 0.656152 0.548781 0.530250 0.748586 0.730928 0.839136 0.767518 0.701515 0.725517 0.842642 0.900824 0.747417 0.877161 0.296701 0.301251 0.665832 0.763297 0.634507 0.491934 0.516257 0.333418 0.937849 0.688474 0.618661 0.654583 0.633762 0.616942 0.659262 0.698722 0.786697 0.627297 0.866397 0.814814 0.720706 0.713409 0.540926 0.639789 0.281294 0.489784 0.607851 0.597323 0.843066 0.723772 0.992916 0.957445 0.841117 0.791456 0.680404 0.911603 0.677064 0.897581 0.681860 0.913591 0.583226 0.800016 0.633134 0.623837 0.727095 0.802927 0.537100 0.671508 0.619548 0.772689 0.985703 0.860119 0.913950 0.845412 0.884762 0.705692 0.883589 0.906986 0.751858 0.983912
0.459728 0.713151 0.414398 0.312508 0.926374 0.654499 0.289176 0.249496 0.771765 0.783486 0.300917 0.553859 0.347911 0.340141 0.636137 0.559448 0.790707 0.637359 0.000000 0.349707 0.979668 0.940471 0.486544 0.467304 0.727607 0.571804 0.993383 0.810246 0.581812 0.697041 0.441907 0.387328 0.359144 0.301793 0.513754 0.750545 0.766760 0.975361 0.921612 0.910020 0.950867 0.916538 0.444359 0.489184 0.601499 0.650835 0.485260 0.509100 0.991733 0.862357 0.878686 0.936858 0.911452 0.962043 0.638713 0.838307 0.691194 0.858469 0.587953 0.971437 0.497893 0.813026 0.483121 0.834945 0.560843 0.489938 0.350901 0.395295 0.946595 0.980730 0.498601 0.587088 0.872035 0.697765 0.816941 0.748690 0.575993 0.610313 0.812690 0.809230 0.772215 0.621356 0.703019 0.951910 0.497337 0.539969 0.815410 0.745162 0.737828 0.799622 0.515540 0.690838 0.626892 0.745990 0.819264 0.767975 0.791659 0.854247 0.484096 0.456212 0.557705 0.572487 0.645371 0.595519 0.647652 0.737013 0.963426 0.772833 0.854548 0.857719 0.996298 0.766191 0.722824 0.983691 0.945427 0.827501
0.365023 0.515937 0.574174 0.426334 0.916838 0.694125 0.434460 0.309508 0.710099 0.825585 0.401746 0.418510 0.451401 0.406076 0.723787 0.524364 0.585725 0.519526 0.349707 0.000000 0.865888 0.968525 0.618238 0.555635 0.693716 0.592886 0.969315 0.841741 0.433214 0.594849 0.538570 0.480217 0.331238 0.352050 0.610743 0.785255 0.673344 0.999683 0.924054 0.998785 0.877726 0.991331 0.506697 0.534250 0.551618 0.592311 0.507256 0.546551 0.847580 0.752479 0.720814 0.829276 0.810834 0.879980 0.661244 0.765375 0.558393 0.617739 0.488473 0.746534 0.496321 0.588786 0.476885 0.671318 0.618978 0.504364 0.454400 0.466100 0.666213 0.798706 0.542371 0.659445 0.721965 0.613457 0.793769 0.684711 0.592758 0.652771 0.783994 0.755991 0.555173 0.428730 0.556309 0.729728 0.521634 0.517830 0.765973 0.738670 0.763543 0.741545 0.605659 0.821001 0.711615 0.862453 0.699057 0.905725 0.743383 0.775882 0.525857 0.479105 0.638196 0.690569 0.554888 0.617400 0.582109 0.719266 0.989404 0.817020 0.754752 0.972911 0.971473 0.757566 0.769145 0.917935 0.853751 0.915750
0.873311 0.963925 0.770694 0.842572 0.855118 0.910714 0.833784 0.932730 0.791493 0.942537 0.926329 0.830715 0.736165 0.866362 0.741496 0.696220 0.943577 0.933673 0.979668 0.865888 0.000000 0.929438 0.732949 0.784510 0.777572 0.796062 0.840265 0.922076 0.943782 0.842546 0.775443 0.911082 0.753954 0.824656 0.880160 0.803235 0.815971 0.740058 0.968433 0.824311 0.854909 0.944702 0.986700 0.958346 0.997981 0.959702 0.939303 0.923047 0.798372 0.853068 0.984402 0.999173 0.934373 0.903755 0.839670 0.920016 0.927885 0.954861 0.694144 0.674165 0.637420 0.796648 0.801684 0.838074 0.651270 0.715222 0.779298 0.796299 0.830787 0.947242 0.754984 0.909119 0.993024 0.925747 0.973669 0.883241 0.918098 0.846958 0.946002 0.853159 0.812228 0.900246 0.858919 0.911634 0.717914 0.706431 0.804115 0.803421 0.811078 0.935579 0.914891 0.947124 0.949055 0.827135 0.902218 0.881410 0.864983 0.975116 0.856640 0.996304 0.954518 0.987875 0.996095 0.985438 0.876087 0.751980 0.889178 0.960689 0.984879 0.999799 0.837724 0.933167 0.906832 0.962524 0.800603 0.943191
0.955103 0.958492 0.952636 0.981328 0.894922 0.939006 0.951590 0.960181 0.968253 0.949735 0.855195 0.927843 0.994934 0.945200 0.896059 0.991547 0.962430 0.956250 0.940471 0.968525 0.929438 0.000000 0.972980 0.877188 0.810800 0.916625 0.771017 0.822750 0.939706 0.993848 0.906827 0.925998 0.979221 0.997716 0.987875 0.951509 0.947167 0.890949 0.942392 0.871818 0.937414 0.945321 0.965926 0.973670 0.999077 0.987199 0.977107 0.951052 0.907786 0.914805 0.947648 0.950505 0.921597 0.988665 0.991389 0.915532 0.956266 0.946505 0.989899 0.964650 0.983991 0.955335 0.983517 0.927851 0.949089 0.996839 0.982562 0.941932 0.890457 0.898124 0.989174 0.990626 0.889949 0.990046 0.901086 0.944916 0.941445 0.852819 0.975797 0.890659 0.977487 0.935837 0.777447 0.940312 0.968413 0.841348 0.974960 0.988757 0.875468 0.826175 0.983371 0.981772 0.976292 0.937927 0.999771 0.906610 0.921082 0.973479 0.941088 0.918979 0.945537 0.876736 0.935427 0.951594 0.775562 0.974520 0.911384 0.912666 0.975920 0.877711 0.893163 0.923192 0.916310 0.965300 0.879332 0.930753
0.704251 0.998791 0.283703 0.312649 0.843951 0.903582 0.339911 0.455352 0.593767 0.839157 0.505337 0.739586 0.332626 0.419909 0.384523 0.395910 0.982244 0.864471 0.486544 0.618238 0.732949 0.972980 0.000000 0.330780 0.451773 0.466517 0.823266 0.924731 0.800483 0.687888 0.320562 0.383242 0.372839 0.355123 0.519680 0.743464 0.676237 0.853476 0.829450 0.881902 0.998328 0.747372 0.719015 0.795608 0.892734 0.938082 0.691974 0.649776 0.665388 0.845766 0.996876 0.979255 0.990395 0.868774 0.778295 0.947940 0.928867 0.922779 0.633088 0.794918 0.329227 0.790254 0.476476 0.819170 0.308865 0.392826 0.429707 0.458079 0.998833 0.819426 0.543842 0.589460 0.967834 0.945188 0.833047 0.851715 0.733481 0.696977 0.867107 0.759731 0.879079 0.790477 0.668260 0.986979 0.297783 0.407542 0.767018 0.787842 0.684290 0.672313 0.700831 0.777693 0.778560 0.724337 0.801758 0.889996 0.890693 0.931132 0.757665 0.722200 0.725883 0.746585 0.940879 0.890258 0.739899 0.654624 0.961664 0.813852 0.921113 0.840183 0.978245 0.947559 0.970952 0.989022 0.896648 0.859307
0.695668 0.876298 0.387971 0.293694 0.956930 0.847839 0.449564 0.472530 0.756664 0.894271 0.513118 0.712598 0.405693 0.421182 0.583499 0.509480 0.975534 0.835747 0.467304 0.555635 0.784510 0.877188 0.330780 0.000000 0.393076 0.493123 0.865710 0.852862 0.798585 0.680151 0.368880 0.365598 0.387906 0.383312 0.614399 0.828075 0.811715 0.913212 0.782029 0.946964 0.897292 0.718122 0.738479 0.778660 0.884404 0.928087 0.666855 0.654591 0.769816 0.897029 0.981770 0.887678 0.879232 0.926445 0.674013 0.894116 0.952560 0.973686 0.755069 0.840039 0.438491 0.751340 0.543409 0.860329 0.403763 0.386438 0.527467 0.492471 0.908718 0.798102 0.692662 0.778385 0.963622 0.921183 0.768880 0.842837 0.852816 0.770490 0.802999 0.705119 0.820238 0.616365 0.572102 0.869224 0.349236 0.305871 0.751800 0.543089 0.616279 0.603204 0.873434 0.984062 0.967328 0.988407 0.835536 0.881480 0.893055 0.978052 0.803599 0.784618 0.770380 0.882004 0.999170 0.920024 0.763809 0.853708 0.937700 0.945528 0.835694 0.883139 0.978537 0.961712 0.957513 0.968280 0.925663 0.791780
0.736389 0.850806 0.497377 0.488784 0.963573 0.975802 0.652593 0.698189 0.786087 0.806064 0.751277 0.872948 0.639028 0.669520 0.663594 0.616520 0.935403 0.926866 0.727607 0.693716 0.777572 0.810800 0.451773 0.393076 0.000000 0.496207 0.774740 0.928616 0.936494 0.753038 0.453174 0.485301 0.542371 0.561737 0.662263 0.815350 0.745561 0.817189 0.783125 0.983903 0.992928 0.778830 0.924507 0.950682 0.973127 0.960543 0.760381 0.765001 0.789742 0.885882 0.990239 0.873430 0.824618 0.838107 0.750928 0.932490 0.991667 0.903765 0.813953 0.667389 0.540177 0.733283 0.666305 0.829744 0.423759 0.506325 0.670020 0.646075 0.776547 0.820963 0.824652 0.956991 0.937627 0.943150 0.807800 0.877830 0.904942 0.899755 0.879709 0.750966 0.790755 0.578053 0.548131 0.725190 0.379784 0.374138 0.851529 0.752831 0.586354 0.504616 0.913176 0.847758 0.919050 0.835725 0.798172 0.952743 0.838687 0.870485 0.980202 0.926973 0.979340 0.946983 0.867874 0.891722 0.767948 0.887382 0.955616 0.988550 0.968241 0.983829 0.996805 0.918406 0.858970 0.928915 0.937004 0.778967
0.665672 0.799862 0.358911 0.400421 0.982960 0.822703 0.425093 0.468464 0.584091 0.985685 0.549308 0.692997 0.540318 0.616503 0.644941 0.461189 0.926615 0.795760 0.571804 0.592886 0.796062 0.916625 0.466517 0.493123 0.496207 0.000000 0.975379 0.955019 0.653952 0.725505 0.448514 0.505113 0.471822 0.500376 0.682054 0.762902 0.636869 0.770557 0.969137 0.985367 0.946471 0.900499 0.661129 0.783376 0.670206 0.701579 0.614696 0.597715 0.928872 0.851024 0.788808 0.886812 0.864460 0.901293 0.558689 0.812896 0.948673 0.942254 0.655521 0.691323 0.419828 0.632138 0.685104 0.868202 0.384467 0.439731 0.540910 0.538726 0.806588 0.891922 0.759495 0.769807 0.866834 0.834385 0.854538 0.971598 0.736910 0.740424 0.701770 0.734326 0.766086 0.583437 0.698733 0.771740 0.434069 0.471697 0.843582 0.772613 0.734792 0.730425 0.791859 0.900243 0.845154 0.867960 0.755807 0.893120 0.778043 0.916265 0.793887 0.752006 0.757084 0.878892 0.919572 0.957493 0.732875 0.760803 0.899100 0.926687 0.774957 0.998675 0.997578 0.970409 0.952516 0.980013 0.878753 0.800399
0.935458 0.959946 0.954993 0.938617 0.900163 0.941813 0.991916 0.964310 0.966485 0.960864 0.993232 0.988167 0.830696 0.877343 0.773540 0.888015 0.972357 0.952504 0.993383 0.969315 0.840265 0.771017 0.823266 0.865710 0.774740 0.975379 0.000000 0.814878 0.945064 0.926470 0.923650 0.920736 0.939352 0.910814 0.926686 0.875920 0.981613 0.849460 0.838491 0.970840 0.867860 0.969769 0.860937 0.928888 0.850884 0.833287 0.931587 0.893101 0.711742 0.791397 0.969970 0.880764 0.782581 0.952504 0.984131 0.884021 0.916705 0.941025 0.885118 0.710183 0.811509 0.950011 0.792818 0.849329 0.877352 0.779569 0.874463 0.853270 0.995256 0.899085 0.992174 0.964638 0.818066 0.804595 0.851699 0.974031 0.993966 0.874531 0.972145 0.829860 0.889499 0.973899 0.778049 0.881667 0.808159 0.768341 0.820277 0.972002 0.725882 0.846905 0.901974 0.896073 0.900332 0.971620 0.903854 0.882666 0.963720 0.802263 0.972918 0.989497 0.885320 0.921099 0.999946 0.969281 0.916013 0.906714 0.994802 0.870379 0.950569 0.885161 0.906287 0.979388 0.758642 0.854375 0.841942 0.954012
0.840741 0.952458 0.895280 0.799337 0.922151 0.706820 0.860419 0.852591 0.753363 0.881516 0.823907 0.948553 0.785440 0.748112 0.778049 0.911700 0.985524 0.979030 0.810246 0.841741 0.922076 0.822750 0.924731 0.852862 0.928616 0.955019 0.814878 0.000000 0.898453 0.982085 0.841460 0.910922 0.855388 0.832082 0.824901 0.876057 0.966787 0.961408 0.845937 0.926980 0.936562 0.959885 0.902096 0.850729 0.957628 0.997184 0.929258 0.931647 0.884098 0.942456 0.987122 0.956504 0.967957 0.964337 0.995490 0.984644 0.934318 0.870586 0.797527 0.960059 0.892783 0.849220 0.820883 0.964235 0.930533 0.952916 0.832488 0.904050 0.926091 0.982346 0.878516 0.828767 0.900476 0.882735 0.847318 0.977367 0.788887 0.897709 0.861929 0.942269 0.959872 0.963487 0.985152 0.896344 0.924726 0.887811 0.936732 0.909080 0.970575 0.970912 0.786968 0.802227 0.848231 0.822956 0.823741 0.911107 0.938159 0.903058 0.846387 0.836093 0.831308 0.855038 0.790938 0.759838 0.827340 0.945852 0.944859 0.864599 0.873206 0.799310 0.892948 0.967814 0.968262 0.846808 0.840885 0.980004
0.455064 0.448770 0.744643 0.673591 0.925849 0.846828 0.638228 0.492303 0.672343 0.741262 0.545538 0.439312 0.634685 0.628510 0.807756 0.531322 0.445041 0.404585 0.581812 0.433214 0.943782 0.939706 0.800483 0.798585 0.936494 0.653952 0.945064 0.898453 0.000000 0.463422 0.630624 0.693905 0.506704 0.569185 0.735519 0.932940 0.654454 0.865994 0.962659 0.903206 0.812886 0.870121 0.670869 0.633293 0.502161 0.464678 0.711784 0.643486 0.711813 0.629805 0.617212 0.669631 0.671205 0.777391 0.686404 0.678966 0.486563 0.479858 0.549063 0.767670 0.540542 0.506250 0.527708 0.512001 0.816317 0.702250 0.628587 0.674443 0.679503 0.594744 0.641857 0.658205 0.572750 0.542916 0.781204 0.736096 0.701148 0.733551 0.591768 0.760232 0.462655 0.533336 0.684345 0.612982 0.730544 0.737228 0.863407 0.960781 0.887315 0.930285 0.659310 0.902395 0.749534 0.843596 0.680699 0.943514 0.592267 0.884892 0.649315 0.598047 0.682707 0.869701 0.540628 0.727058 0.602890 0.802814 0.926113 0.768216 0.680946 0.846873 0.896586 0.795294 0.775941 0.759662 0.807271 0.968608
0.484859 0.434484 0.829763 0.741499 0.959635 0.924895 0.757867 0.641417 0.744734 0.855892 0.600953 0.386663 0.632020 0.564102 0.750123 0.477812 0.442136 0.345844 0.697041 0.594849 0.842546 0.993848 0.687888 0.680151 0.753038 0.725505 0.926470 0.982085 0.463422 0.000000 0.602171 0.632731 0.506268 0.562121 0.821903 0.881976 0.659681 0.782714 0.930327 0.831534 0.835284 0.810280 0.887091 0.824844 0.753781 0.726879 0.870809 0.795725 0.963569 0.960912 0.790006 0.839242 0.940974 0.944859 0.817336 0.911196 0.460088 0.416817 0.679404 0.707739 0.496070 0.452361 0.415783 0.299907 0.800237 0.625960 0.686575 0.691852 0.653267 0.731314 0.689273 0.769996 0.873251 0.772324 0.827394 0.896177 0.827616 0.761303 0.612488 0.590292 0.311454 0.537868 0.608744 0.598130 0.708078 0.594192 0.957080 0.948174 0.770298 0.717479 0.810199 0.935251 0.823742 0.972793 0.687312 0.927026 0.681154 0.914980 0.779470 0.819624 0.825933 0.940141 0.713433 0.896303 0.738484 0.829968 0.942380 0.917131 0.977991 0.819208 0.879466 0.801812 0.942865 0.908142 0.743600 0.964198
0.587589 0.836922 0.332791 0.299581 0.881035 0.900023 0.377711 0.406428 0.625888 0.870057 0.444014 0.644410 0.424640 0.414323 0.508428 0.427541 0.826813 0.711266 0.441907 0.538570 0.775443 0.906827 0.320562 0.368880 0.453174 0.448514 0.923650 0.841460 0.630624 0.602171 0.000000 0.362733 0.339098 0.359988 0.518593 0.801288 0.639679 0.849972 0.882180 0.898013 0.928059 0.825644 0.711014 0.741310 0.749423 0.812508 0.725372 0.688195 0.837021 0.962008 0.903510 0.997803 0.954174 0.964667 0.741044 0.866617 0.848453 0.877873 0.619732 0.803744 0.351767 0.685424 0.487186 0.741802 0.411012 0.439723 0.468182 0.463907 0.824455 0.984237 0.544463 0.531051 0.840475 0.694304 0.727242 0.799525 0.717374 0.766559 0.688053 0.708266 0.746510 0.657210 0.633732 0.753885 0.372752 0.422685 0.812581 0.773450 0.708792 0.696593 0.727133 0.873297 0.742237 0.868800 0.772889 0.870779 0.715208 0.882782 0.749502 0.689428 0.617198 0.760894 0.881180 0.893659 0.611928 0.723225 0.992320 0.808178 0.848088 0.958329 0.996938 0.960329 0.935983 0.965532 0.850111 0.869999
0.567646 0.782570 0.410183 0.342901 0.932166 0.760907 0.383451 0.375013 0.761776 0.859007 0.440794 0.662910 0.424006 0.384474 0.584872 0.465827 0.829002 0.649380 0.387328 0.480217 0.911082 0.925998 0.383242 0.365598 0.485301 0.505113 0.920736 0.910922 0.693905 0.632731 0.362733 0.000000 0.404673 0.371602 0.560780 0.753304 0.760394 0.928422 0.839421 0.952868 0.901247 0.816887 0.616786 0.598220 0.738628 0.750002 0.637656 0.595124 0.937065 0.968134 0.902023 0.994113 0.974239 0.985497 0.708523 0.987902 0.772095 0.868966 0.695567 0.954703 0.463148 0.739469 0.537929 0.810343 0.478734 0.457084 0.453246 0.477264 0.944236 0.846692 0.650086 0.617703 0.931114 0.785055 0.794998 0.754747 0.699392 0.650086 0.786179 0.635604 0.747850 0.638113 0.565096 0.864788 0.436614 0.455975 0.757638 0.737586 0.796772 0.726969 0.681782 0.852401 0.768785 0.847015 0.766831 0.818387 0.843617 0.861989 0.707888 0.657341 0.683468 0.718532 0.828251 0.797620 0.688854 0.779829 0.988322 0.907370 0.975945 0.952800 0.901537 0.956369 0.964611 0.929144 0.882265 0.883609
0.418063 0.651132 0.418887 0.328469 0.859230 0.780459 0.350162 0.306466 0.635901 0.882897 0.377303 0.426608 0.361480 0.322860 0.561946 0.379313 0.714690 0.559545 0.359144 0.331238 0.753954 0.979221 0.372839 0.387906 0.542371 0.471822 0.939352 0.855388 0.506704 0.506268 0.339098 0.404673 0.000000 0.306240 0.498444 0.691197 0.513955 0.763587 0.832192 0.965966 0.874973 0.918311 0.604101 0.671262 0.651583 0.733623 0.557307 0.624512 0.892787 0.979836 0.834369 0.945314 0.941939 0.940673 0.735825 0.784532 0.688657 0.722807 0.466334 0.711455 0.311826 0.558550 0.347603 0.593713 0.428439 0.340770 0.341002 0.335544 0.799112 0.888966 0.509334 0.527164 0.798518 0.701734 0.809229 0.789443 0.623088 0.721865 0.686407 0.696287 0.572279 0.514593 0.569538 0.739048 0.355287 0.372052 0.829181 0.764398 0.691376 0.682739 0.629557 0.864974 0.690766 0.853035 0.752045 0.808429 0.712961 0.832182 0.575998 0.596992 0.627138 0.706705 0.695754 0.766887 0.637112 0.722036 0.962214 0.814427 0.794048 0.994428 0.999336 0.907403 0.876445 0.909841 0.912344 0.801666
0.413947 0.658444 0.357098 0.284171 0.864517 0.709580 0.305595 0.279140 0.620354 0.775890 0.337443 0.489266 0.320622 0.321487 0.527350 0.421896 0.694020 0.604561 0.301793 0.352050 0.824656 0.997716 0.355123 0.383312 0.561737 0.500376 0.910814 0.832082 0.569185 0.562121 0.359988 0.371602 0.306240 0.000000 0.447998 0.726197 0.613455 0.813661 0.776444 0.910651 0.938987 0.865199 0.507837 0.539695 0.611633 0.674352 0.507968 0.514431 0.936411 0.890409 0.779695 0.840507 0.843785 0.846761 0.644273 0.917663 0.696229 0.780490 0.501874 0.768853 0.346724 0.654544 0.388642 0.671275 0.432631 0.364118 0.325200 0.334398 0.779185 0.976549 0.457527 0.564211 0.828264 0.700032 0.781232 0.737403 0.629062 0.609857 0.754976 0.746535 0.639142 0.539048 0.549458 0.784124 0.366357 0.390487 0.798892 0.766426 0.653661 0.678613 0.559071 0.747758 0.637318 0.743775 0.750505 0.829520 0.780105 0.820362 0.537920 0.515501 0.596644 0.668956 0.640602 0.641870 0.553069 0.671167 0.945751 0.714706 0.789183 0.936217 0.986628 0.808600 0.826451 0.991212 0.798090 0.789244
0.546662 0.885281 0.515405 0.481937 0.779804 0.814632 0.528413 0.553121 0.737014 0.869301 0.516861 0.682164 0.525808 0.548068 0.672744 0.615518 0.839706 0.787595 0.513754 0.610743 0.880160 0.987875 0.519680 0.614399 0.662263 0.682054 0.926686 0.824901 0.735519 0.821903 0.518593 0.560780 0.498444 0.447998 0.000000 0.800882 0.616091 0.788616 0.821274 0.931365 0.849184 0.962185 0.685660 0.697444 0.778730 0.853950 0.660438 0.678560 0.829391 0.965460 0.917654 0.943730 0.903637 0.928553 0.725575 0.902473 0.919167 0.947877 0.534186 0.850684 0.494814 0.817543 0.551933 0.771664 0.523372 0.548029 0.412585 0.471023 0.969030 0.965910 0.601482 0.674019 0.813025 0.754523 0.965533 0.773171 0.760203 0.828357 0.829794 0.861551 0.796874 0.663217 0.733480 0.822747 0.491656 0.581856 0.800652 0.984222 0.713754 0.795319 0.598995 0.781013 0.667344 0.691183 0.870457 0.858628 0.826119 0.782926 0.687858 0.709812 0.642405 0.744284 0.758469 0.759416 0.699741 0.659274 0.961057 0.667596 0.738721 0.975139 0.940480 0.963096 0.859908 0.926451 0.932525 0.732499
0.816262 0.865362 0.810606 0.771243 0.911927 0.953648 0.742557 0.738909 0.883979 0.945036 0.819237 0.791605 0.805332 0.695050 0.850031 0.738699 0.903650 0.757855 0.750545 0.785255 0.803235 0.951509 0.743464 0.828075 0.815350 0.762902 0.875920 0.876057 0.932940 0.881976 0.801288 0.753304 0.691197 0.726197 0.800882 0.000000 0.765536 0.847098 0.867029 0.914423 0.813741 0.963260 0.892221 0.972494 0.887599 0.967327 0.828114 0.864120 0.900147 0.976665 0.871936 0.910074 0.928903 0.959009 0.920774 0.985402 0.897326 0.862718 0.804710 0.790637 0.761721 0.830022 0.782489 0.871830 0.752643 0.612304 0.610451 0.560400 0.919744 0.938100 0.761307 0.772861 0.981784 0.850305 0.932415 0.966926 0.847032 0.933040 0.989782 0.944171 0.801913 0.824736 0.708057 0.989831 0.644672 0.647813 0.987533 0.956956 0.819207 0.915457 0.849356 0.938232 0.739779 0.910292 0.932325 0.822018 0.987762 0.758740 0.848269 0.880292 0.721158 0.830596 0.906058 0.864269 0.771767 0.885883 0.937036 0.937478 0.936508 0.952647 0.990060 0.842460 0.982493 0.814919 0.932922 0.950361
0.577592 0.765204 0.682084 0.717458 0.786381 0.953063 0.710659 0.675123 0.705640 0.890317 0.671743 0.601811 0.727008 0.655762 0.783910 0.582505 0.729969 0.668513 0.766760 0.673344 0.815971 0.947167 0.676237 0.811715 0.745561 0.636869 0.981613 0.966787 0.654454 0.659681 0.639679 0.760394 0.513955 0.613455 0.616091 0.765536 0.000000 0.706511 0.877084 0.883576 0.702723 0.768696 0.884259 0.931883 0.800023 0.876946 0.777223 0.881740 0.949866 0.963235 0.771739 0.899193 0.853552 0.916433 0.883473 0.869868 0.774417 0.719348 0.535663 0.657073 0.511313 0.617130 0.563003 0.597781 0.714126 0.652573 0.618778 0.547983 0.815140 0.911900 0.729340 0.637765 0.802557 0.778507 0.943876 0.922777 0.839995 0.992197 0.685440 0.793188 0.611427 0.741378 0.738018 0.654458 0.665925 0.696780 0.952353 0.938934 0.699087 0.748026 0.803288 0.923177 0.759566 0.921633 0.688748 0.937176 0.740183 0.942173 0.818476 0.821963 0.788959 0.997678 0.770369 0.952575 0.735663 0.785824 0.978267 0.741286 0.750823 0.746467 0.903750 0.981550 0.989180 0.897427 0.924514 0.866520
0.819544 0.894983 0.872092 0.904434 0.854671 0.967567 0.928865 0.954668 0.725462 0.959869 0.947615 0.786807 0.913931 0.982313 0.895318 0.805156 0.789448 0.865848 0.975361 0.999683 0.740058 0.890949 0.853476 0.913212 0.817189 0.770557 0.849460 0.961408 0.865994 0.782714 0.849972 0.928422 0.763587 0.813661 0.788616 0.847098 0.706511 0.000000 0.903191 0.867518 0.858218 0.903525 0.949540 0.903639 0.921598 0.993271 0.976740 0.999503 0.883216 0.891554 0.990236 0.987617 0.993924 0.967780 0.935677 0.942391 0.931180 0.836602 0.733202 0.605840 0.710301 0.724838 0.788681 0.691574 0.809089 0.763413 0.800706 0.796040 0.862325 0.927190 0.871827 0.867717 0.931903 0.983408 0.958324 0.870364 0.936532 0.888514 0.951105 0.982285 0.778508 0.856873 0.846254 0.843613 0.827887 0.848600 0.983144 0.868333 0.900212 0.953669 0.946703 0.968083 0.867909 0.944362 0.957241 0.976389 0.911265 0.864081 0.991084 0.970330 0.971625 0.948427 0.989127 0.981327 0.819485 0.837944 0.839766 0.901533 0.828586 0.909932 0.804648 0.935766 0.949789 0.892406 0.895888 0.903039
