0.000000 0.421969 0.967420 0.881660 0.889643 0.905545 0.867257 0.742299 0.996466 0.755929 0.625967 0.582512 0.988483 0.848338 0.999783 0.935691 0.519566 0.570332 0.633132 0.575025 0.946318 0.930553 0.996167 0.980741 0.936655 0.895641 0.968493 0.888150 0.732568 0.790178 0.894814 0.875675 0.554122 0.636744 0.941041 0.946104 0.798030 0.779326 0.946891 0.983636 0.758894 0.929760 0.900155 0.753423 0.793225 0.851123 0.888477 0.901361 0.853059 0.943501 0.886186 0.984749 0.881467 0.876580 0.900598 0.840772 0.435263 0.441497 0.670664 0.826616 0.807340 0.927020 0.512819 0.524973 0.796704 0.953846 0.797268 0.768986 0.531984 0.645856 0.642619 0.658284 0.790552 0.789636 0.943571 0.941306 0.745874 0.723327 0.817453 0.798330 0.531675 0.553761 0.977309 0.808161 0.989412 0.877982 0.918146 0.830704 0.777717 0.954430 0.743390 0.743929 0.779908 0.859170 0.964114 0.903866 0.757161 0.970454 0.535595 0.705238 0.850343 0.931697 0.667077 0.641541 0.828317 0.983479 0.932116 0.888023 0.953977 0.903234 0.757051 0.853724 0.861125 0.996883 0.965784 0.979513
0.421969 0.000000 0.795232 0.986152 0.986534 0.948737 0.974790 0.769873 0.830619 0.792624 0.667787 0.531133 0.881289 0.838243 0.796295 0.960201 0.496983 0.495958 0.669580 0.515863 0.987652 0.970950 0.917246 0.978614 0.878742 0.780291 0.989581 0.833983 0.745740 0.676247 0.959639 0.861908 0.624420 0.645797 0.981708 0.852915 0.803649 0.736883 0.891606 0.990987 0.781221 0.778679 0.948892 0.754228 0.837131 0.822096 0.989995 0.965113 0.848839 0.931126 0.961898 0.964296 0.733395 0.748990 0.959134 0.826276 0.380301 0.335323 0.812771 0.818819 0.896087 0.842082 0.616740 0.465763 0.705184 0.969289 0.910197 0.818781 0.564135 0.600902 0.615027 0.699026 0.813771 0.742264 0.990864 0.968885 0.769553 0.742332 0.846876 0.782834 0.532204 0.569057 0.948339 0.777401 0.856865 0.933808 0.960731 0.888390 0.669287 0.921658 0.834822 0.818193 0.864245 0.921322 0.938444 0.911028 0.771958 0.915599 0.595357 0.736877 0.762115 0.992381 0.719416 0.648862 0.910389 0.973544 0.975666 0.955107 0.983047 0.901996 0.789786 0.782846 0.795670 0.951687 0.986274 0.997469
0.967420 0.795232 0.000000 0.473547 0.801588 0.925816 0.395234 0.779268 0.620973 0.879253 0.911365 0.764758 0.716010 0.907692 0.659652 0.881642 0.942410 0.880640 0.740211 0.911554 0.856835 0.857330 0.456235 0.659472 0.493336 0.525023 0.919574 0.856383 0.926850 0.934308 0.535791 0.719747 0.677723 0.691364 0.670379 0.921653 0.845646 0.991919 0.663191 0.945538 0.892135 0.897118 0.689410 0.823410 0.818648 0.962904 0.694651 0.757871 0.760157 0.985237 0.985593 0.962266 0.820505 0.815009 0.835538 0.918784 0.844192 0.757899 0.725520 0.930527 0.664059 0.870541 0.825096 0.803079 0.407333 0.616970 0.479603 0.634946 0.954553 0.864804 0.842078 0.888707 0.945829 0.985420 0.760878 0.811937 0.710098 0.806604 0.856985 0.943978 0.919954 0.989402 0.987727 0.862398 0.512725 0.589242 0.887582 0.949322 0.793199 0.932138 0.856060 0.799527 0.775779 0.664616 0.969251 0.887951 0.978779 0.865978 0.983845 0.891851 0.790318 0.817897 0.998133 0.898401 0.787361 0.572697 0.990786 0.924222 0.981719 0.990997 0.948405 0.927399 0.981758 0.960917 0.876718 0.856120
0.881660 0.986152 0.473547 0.000000 0.892080 0.883393 0.413698 0.531433 0.718099 0.717394 0.939906 0.954831 0.832873 0.954900 0.812108 0.708332 0.931180 0.974898 0.650791 0.906144 0.911922 0.988936 0.465333 0.517219 0.639081 0.645508 0.977357 0.985969 0.938999 0.953270 0.549676 0.666067 0.674885 0.701424 0.768178 0.957254 0.635327 0.816088 0.697916 0.984411 0.821020 0.984936 0.702201 0.842415 0.987489 0.946243 0.781953 0.814240 0.737693 0.887475 0.988555 0.924504 0.836859 0.723439 0.862687 0.869727 0.956719 0.960979 0.757863 0.921713 0.702864 0.926293 0.670234 0.910122 0.628405 0.660462 0.595012 0.758752 0.947086 0.940921 0.650671 0.678749 0.707220 0.801362 0.766551 0.840698 0.642894 0.820942 0.802002 0.951514 0.888275 0.843970 0.965959 0.913383 0.647505 0.583599 0.902419 0.983125 0.969085 0.940207 0.742752 0.697682 0.717332 0.695258 0.879449 0.932235 0.892323 0.986959 0.959069 0.801871 0.997032 0.671353 0.840656 0.897895 0.759187 0.637229 0.992232 0.869942 0.893026 0.955891 0.976687 0.949496 0.997363 0.967843 0.974455 0.903745
0.889643 0.986534 0.801588 0.892080 0.000000 0.789266 0.847681 0.986830 0.819791 0.948723 0.737899 0.920759 0.732616 0.957898 0.827214 0.895717 0.994865 0.942211 0.895914 0.983956 0.972591 0.849591 0.907676 0.971639 0.915352 0.956388 0.809459 0.964480 0.911029 0.989488 0.898710 0.893601 0.821636 0.802150 0.873282 0.903768 0.997468 0.879613 0.921742 0.968674 0.897018 0.921482 0.979632 0.875163 0.738413 0.860610 0.929029 0.799857 0.904141 0.870428 0.897645 0.970294 0.981181 0.987317 0.952243 0.931178 0.975131 0.940937 0.849465 0.915618 0.723678 0.947791 0.997396 0.854039 0.755931 0.738172 0.741876 0.680732 0.916356 0.940237 0.970886 0.917060 0.934046 0.906573 0.944498 0.944428 0.876167 0.928545 0.957093 0.881153 0.965458 0.999397 0.963238 0.917290 0.832600 0.854717 0.908094 0.864651 0.879395 0.796167 0.940384 0.900056 0.889054 0.825121 0.989735 0.941671 0.925535 0.953528 0.877729 0.943990 0.929356 0.915164 0.932469 0.780423 0.857474 0.967087 0.925538 0.999506 0.948192 0.970825 0.856923 0.978696 0.964757 0.986165 0.939324 0.738959
0.905545 0.948737 0.925816 0.883393 0.789266 0.000000 0.857113 0.781798 0.887311 0.881286 0.869700 0.833025 0.818193 0.983870 0.951858 0.824741 0.973157 0.981312 0.961208 0.976343 0.910987 0.812958 0.989694 0.997811 0.918227 0.919636 0.928902 0.920646 0.956255 0.995705 0.886039 0.986454 0.926498 0.898917 0.838957 0.894550 0.880678 0.825655 0.946690 0.865928 0.988381 0.931680 0.920463 0.963403 0.935415 0.885068 0.963815 0.965273 0.922622 0.997537 0.946915 0.984421 0.984786 0.894965 0.991226 0.987405 0.989266 0.958808 0.803205 0.905750 0.684578 0.805630 0.902433 0.924784 0.992590 0.836722 0.890839 0.793798 0.974931 0.903742 0.917175 0.922241 0.977122 0.956683 0.943184 0.958552 0.893061 0.996912 0.977182 0.971947 0.968506 0.892573 0.875670 0.965491 0.977154 0.971336 0.983164 0.880974 0.994280 0.960201 0.821937 0.836926 0.714821 0.856119 0.927165 0.946073 0.919871 0.903332 0.868147 0.996730 0.848037 0.811812 0.918427 0.963370 0.955160 0.925473 0.987119 0.982389 0.967058 0.860162 0.861874 0.922931 0.975336 0.950617 0.992124 0.854636
0.867257 0.974790 0.395234 0.413698 0.847681 0.857113 0.000000 0.570267 0.687572 0.648371 0.747019 0.971105 0.728585 0.891711 0.692434 0.743416 0.851256 0.907485 0.543929 0.858089 0.892359 0.886743 0.419821 0.528173 0.635146 0.693704 0.962236 0.990776 0.931801 0.884005 0.495139 0.601090 0.597901 0.588416 0.744789 0.985123 0.801483 0.982245 0.745951 0.963010 0.912165 0.988332 0.613896 0.751446 0.843601 0.967745 0.692051 0.734575 0.732518 0.896023 0.959483 0.915770 0.866485 0.803032 0.939900 0.825896 0.926341 0.957136 0.744549 0.843178 0.706512 0.872137 0.600341 0.995475 0.617132 0.760165 0.504984 0.725309 0.930919 0.985227 0.661396 0.731873 0.706780 0.776495 0.782799 0.788559 0.644016 0.788724 0.728240 0.831167 0.862354 0.785473 0.987345 0.996350 0.525159 0.584534 0.893642 0.964015 0.961662 0.970782 0.695428 0.597689 0.669345 0.647829 0.929357 0.858059 0.887726 0.878030 0.843805 0.687423 0.885946 0.657266 0.863980 0.892437 0.826083 0.699133 0.993201 0.815460 0.985249 0.982215 0.884229 0.936942 0.925592 0.994601 0.916851 0.894375
0.742299 0.769873 0.779268 0.531433 0.986830 0.781798 0.570267 0.000000 0.924001 0.567000 0.812725 0.648776 0.797283 0.743801 0.923318 0.641663 0.835930 0.926495 0.638760 0.761245 0.953436 0.978749 0.723629 0.693124 0.981114 0.905908 0.825380 0.893273 0.936183 0.830279 0.712485 0.742318 0.731760 0.703789 0.874590 0.961032 0.732532 0.956137 0.838333 0.833875 0.898714 0.830356 0.836596 0.843725 0.995613 0.952336 0.935448 0.913765 0.866291 0.827858 0.928958 0.896550 0.925911 0.868226 0.939797 0.903768 0.782755 0.813557 0.732045 0.930884 0.713321 0.721045 0.573377 0.663468 0.956583 0.877934 0.761867 0.849042 0.790358 0.828888 0.566390 0.694677 0.633136 0.670701 0.815768 0.948025 0.745442 0.892560 0.828379 0.937163 0.783943 0.777713 0.985816 0.823097 0.978720 0.889953 0.995016 0.972611 0.854105 0.966419 0.569612 0.540636 0.597571 0.709313 0.934999 0.865830 0.733786 0.925573 0.773922 0.753363 0.720261 0.554407 0.784171 0.650032 0.929168 0.844851 0.996487 0.826894 0.889925 0.927365 0.878112 0.927899 0.873137 0.913124 0.958275 0.962827
0.996466 0.830619 0.620973 0.718099 0.819791 0.887311 0.687572 0.924001 0.000000 0.846204 0.962025 0.822049 0.836874 0.807719 0.848074 0.927283 0.941973 0.828283 0.970440 0.891522 0.921143 0.813390 0.808051 0.941981 0.780418 0.717044 0.980413 0.798983 0.889291 0.749654 0.815167 0.997976 0.959740 0.980976 0.772820 0.931590 0.862522 0.985401 0.844141 0.801204 0.891177 0.996240 0.869257 0.935647 0.835429 0.948194 0.678579 0.886335 0.994956 0.887934 0.834309 0.842230 0.721527 0.828317 0.869378 0.942113 0.839073 0.831504 0.610244 0.773676 0.684932 0.967109 0.997800 0.896368 0.649586 0.757937 0.711768 0.827240 0.923208 0.964480 0.916437 0.907000 0.982557 0.920213 0.897792 0.923300 0.818616 0.987555 0.962926 0.935836 0.929165 0.888410 0.820466 0.927978 0.807081 0.913603 0.871050 0.891666 0.732178 0.857468 0.777602 0.840860 0.735283 0.764817 0.921767 0.947105 0.931821 0.898896 0.956884 0.945014 0.912495 0.970013 0.945392 0.923826 0.841551 0.784611 0.867761 0.857498 0.951075 0.933549 0.903669 0.897513 0.837918 0.984995 0.875513 0.806730
0.755929 0.792624 0.879253 0.717394 0.948723 0.881286 0.648371 0.567000 0.846204 0.000000 0.744547 0.825715 0.864242 0.791003 0.989280 0.761208 0.740662 0.747640 0.610610 0.666599 0.962987 0.987956 0.814923 0.832408 0.922272 0.919071 0.924891 0.899012 0.807915 0.748133 0.732458 0.770656 0.806274 0.700211 0.899320 0.957284 0.752170 0.986154 0.942103 0.865810 0.991163 0.884376 0.660037 0.697164 0.855133 0.844111 0.890602 0.795303 0.952497 0.992889 0.910754 0.930448 0.934066 0.967650 0.914092 0.827979 0.747900 0.829693 0.841386 0.936530 0.900827 0.963486 0.682489 0.780736 0.886552 0.919423 0.856996 0.998954 0.882206 0.931552 0.551297 0.657894 0.714119 0.672790 0.882621 0.855649 0.710026 0.900221 0.840919 0.947660 0.768729 0.809581 0.983546 0.880175 0.991476 0.962457 0.915155 0.924816 0.754966 0.843733 0.534238 0.550771 0.635670 0.819084 0.893375 0.902140 0.852358 0.957271 0.671939 0.657480 0.872505 0.796331 0.711128 0.693969 0.975092 0.979615 0.978226 0.768378 0.933681 0.857309 0.902038 0.746758 0.841941 0.923054 0.987166 0.952510
0.625967 0.667787 0.911365 0.939906 0.737899 0.869700 0.747019 0.812725 0.962025 0.744547 0.000000 0.684349 0.713210 0.742585 0.807194 0.873982 0.630093 0.588009 0.588853 0.601317 0.903209 0.921479 0.911578 0.908784 0.951956 0.859709 0.920953 0.841000 0.676761 0.641794 0.858023 0.807857 0.661691 0.617190 0.924003 0.997768 0.956436 0.843030 0.972884 0.954271 0.988731 0.988443 0.887255 0.798165 0.809203 0.919048 0.939217 0.868529 0.934711 0.966344 0.853921 0.846829 0.790230 0.803657 0.874965 0.970987 0.647465 0.678272 0.861026 0.956462 0.837006 0.874319 0.607839 0.756758 0.928482 0.925330 0.807844 0.799460 0.704134 0.766377 0.695272 0.800981 0.817493 0.832078 0.993411 0.865857 0.803541 0.786399 0.775244 0.654026 0.661022 0.582012 0.985937 0.936847 0.884777 0.957824 0.807194 0.875677 0.889253 0.717890 0.772120 0.724609 0.810743 0.834324 0.854586 0.863630 0.844513 0.899670 0.633859 0.713309 0.980789 0.896987 0.812944 0.847030 0.963570 0.937911 0.937056 0.960327 0.969651 0.975997 0.922574 0.911135 0.922344 0.934004 0.951458 0.839165
0.582512 0.531133 0.764758 0.954831 0.920759 0.833025 0.971105 0.648776 0.822049 0.825715 0.684349 0.000000 0.891188 0.666619 0.886465 0.734362 0.693200 0.690970 0.752719 0.659739 0.924814 0.969751 0.898718 0.993128 0.754980 0.720653 0.861244 0.803322 0.812494 0.698840 0.917158 0.958284 0.792452 0.873334 0.825982 0.964814 0.880039 0.920642 0.874358 0.906042 0.896267 0.807898 0.885570 0.942321 0.912323 0.998076 0.862114 0.995727 0.976309 0.852617 0.962836 0.835111 0.794234 0.848981 0.908524 0.955512 0.578617 0.541688 0.903611 0.813010 0.865748 0.766628 0.602183 0.459451 0.624400 0.877369 0.931300 0.989831 0.667662 0.750182 0.704345 0.794992 0.803675 0.807456 0.951207 0.871006 0.928271 0.923850 0.921987 0.910568 0.647400 0.634774 0.957294 0.664931 0.772158 0.917337 0.916153 0.981085 0.817761 0.839103 0.799783 0.775802 0.841712 0.942699 0.964651 0.902050 0.813839 0.886114 0.736107 0.822902 0.745048 0.878843 0.864802 0.670552 0.999797 0.881303 0.955224 0.975195 0.881010 0.841103 0.892239 0.919916 0.898067 0.955344 0.972228 0.961611
0.988483 0.881289 0.716010 0.832873 0.732616 0.818193 0.728585 0.797283 0.836874 0.864242 0.713210 0.891188 0.000000 0.793474 0.712931 0.759057 0.942666 0.987195 0.915890 0.967844 0.888703 0.968022 0.880421 0.922956 0.986443 0.895265 0.963555 0.991219 0.966406 0.942002 0.907559 0.995491 0.860187 0.898163 0.988223 0.954364 0.993697 0.840970 0.967348 0.955307 0.958821 0.921450 0.935454 0.915856 0.915180 0.987793 0.903333 0.853167 0.811296 0.941360 0.897754 0.917272 0.989009 0.895158 0.934574 0.957268 0.861458 0.865199 0.835402 0.938792 0.689099 0.987631 0.835292 0.974672 0.812878 0.930614 0.834158 0.855531 0.949748 0.904680 0.941896 0.985137 0.990806 0.938162 0.907066 0.887810 0.947425 0.947284 0.965760 0.930675 0.926937 0.971452 0.933722 0.892530 0.859025 0.974889 0.914520 0.907207 0.824287 0.873042 0.845825 0.850752 0.805811 0.856433 0.943288 0.919410 0.954233 0.938512 0.943872 0.991520 0.975759 0.852801 0.988569 0.979228 0.975947 0.956434 0.963292 0.978098 0.918897 0.886995 0.984777 0.984079 0.992256 0.998779 0.992325 0.840572
0.848338 0.838243 0.907692 0.954900 0.957898 0.983870 0.891711 0.743801 0.807719 0.791003 0.742585 0.666619 0.793474 0.000000 0.865624 0.701677 0.738047 0.711747 0.701886 0.745957 0.871433 0.953294 0.913845 0.837843 0.854472 0.802539 0.901305 0.739205 0.747352 0.644630 0.935753 0.765966 0.881294 0.915348 0.728909 0.966504 0.968630 0.953368 0.941747 0.916201 0.886717 0.963775 0.830037 0.895029 0.964290 0.979366 0.994174 0.917582 0.948064 0.768792 0.911051 0.781930 0.892281 0.953404 0.933526 0.939843 0.768586 0.813492 0.894929 0.836806 0.823270 0.873532 0.647353 0.765188 0.765714 0.708924 0.899535 0.829536 0.910699 0.940255 0.869676 0.891953 0.818937 0.748034 0.978450 0.895834 0.998608 0.903064 0.826455 0.798030 0.777647 0.686845 0.761699 0.850739 0.980019 0.995723 0.994946 0.761602 0.823808 0.739915 0.949946 0.932874 0.963192 0.924825 0.901443 0.830229 0.955549 0.990168 0.843024 0.802378 0.843866 0.810390 0.841470 0.751033 0.855582 0.741543 0.993288 0.967192 0.936297 0.827269 0.999690 0.866934 0.922650 0.906681 0.969655 0.894100
0.999783 0.796295 0.659652 0.812108 0.827214 0.951858 0.692434 0.923318 0.848074 0.989280 0.807194 0.886465 0.712931 0.865624 0.000000 0.806843 0.934490 0.919672 0.774293 0.955918 0.809875 0.879253 0.661028 0.745552 0.761915 0.787246 0.871837 0.956015 0.794451 0.858566 0.794541 0.812001 0.814389 0.888665 0.939521 0.938144 0.980800 0.903988 0.804271 0.835299 0.970782 0.840498 0.638429 0.736039 0.852119 0.943631 0.694097 0.604189 0.954940 0.977475 0.949770 0.983802 0.928865 0.998441 0.996296 0.928930 0.931019 0.816875 0.976441 0.780809 0.942612 0.654729 0.811133 0.840617 0.654330 0.933061 0.827599 0.931546 0.994275 0.812073 0.947911 0.977341 0.991011 0.883285 0.965603 0.851387 0.970982 0.863317 0.797738 0.814914 0.936556 0.895806 0.882680 0.993939 0.582320 0.731839 0.879965 0.998329 0.840245 0.933163 0.940591 0.939319 0.954430 0.944934 0.836780 0.888611 0.901865 0.895877 0.999549 0.844258 0.772961 0.988932 0.995124 0.860312 0.980733 0.906686 0.972753 0.962343 0.965950 0.944289 0.959595 0.998146 0.950053 0.971178 0.880151 0.859802
0.935691 0.960201 0.881642 0.708332 0.895717 0.824741 0.743416 0.641663 0.927283 0.761208 0.873982 0.734362 0.759057 0.701677 0.806843 0.000000 0.843920 0.875567 0.750502 0.804849 0.998095 0.897233 0.695003 0.623508 0.923920 0.866980 0.851694 0.929856 0.846259 0.658511 0.846986 0.739991 0.966056 0.968077 0.882168 0.961580 0.785199 0.977725 0.923699 0.976703 0.988535 0.980057 0.824119 0.848167 0.821425 0.870949 0.928150 0.874427 0.822229 0.767860 0.930737 0.786485 0.976194 0.959286 0.853277 0.843191 0.907668 0.922550 0.955030 0.854785 0.950215 0.977679 0.695436 0.784316 0.952167 0.970871 0.914108 0.855299 0.946837 0.915769 0.726799 0.841803 0.822736 0.855252 0.866536 0.946405 0.978512 0.956134 0.928600 0.878400 0.798131 0.747087 0.897513 0.713860 0.906126 0.847636 0.977159 0.776703 0.960862 0.989648 0.894116 0.957973 0.932388 0.935576 0.917963 0.869518 0.959414 0.985286 0.958191 0.847145 0.943942 0.911036 0.919509 0.769342 0.988313 0.963473 0.942016 0.957224 0.926481 0.904845 0.963350 0.892239 0.970202 0.997119 0.963230 0.924537
0.519566 0.496983 0.942410 0.931180 0.994865 0.973157 0.851256 0.835930 0.941973 0.740662 0.630093 0.693200 0.942666 0.738047 0.934490 0.843920 0.000000 0.377105 0.517052 0.492898 0.947649 0.977067 0.845084 0.835794 0.933378 0.823225 0.965491 0.836057 0.567562 0.539958 0.837372 0.665143 0.605052 0.641106 0.952520 0.895558 0.872104 0.927174 0.933090 0.963470 0.823582 0.868667 0.700799 0.651728 0.863302 0.919268 0.913318 0.911977 0.998207 0.932134 0.905777 0.812056 0.692540 0.773938 0.868026 0.966487 0.374630 0.465720 0.964272 0.899996 0.952866 0.802949 0.535030 0.567711 0.814001 0.837458 0.866046 0.930196 0.671722 0.753931 0.603577 0.658093 0.832007 0.749864 0.918357 0.903444 0.835996 0.769779 0.728263 0.656476 0.406658 0.470410 0.776345 0.782298 0.923053 0.803055 0.993864 0.983417 0.778407 0.854250 0.841399 0.798283 0.882443 0.979607 0.992931 0.867020 0.808926 0.932282 0.688042 0.600714 0.911601 0.977311 0.696512 0.685960 0.955168 0.866648 0.955285 0.943106 0.944580 0.880443 0.780558 0.799149 0.803480 0.997730 0.925475 0.963463
0.570332 0.495958 0.880640 0.974898 0.942211 0.981312 0.907485 0.926495 0.828283 0.747640 0.588009 0.690970 0.987195 0.711747 0.919672 0.875567 0.377105 0.000000 0.547349 0.454031 0.982047 0.962984 0.888741 0.858904 0.895195 0.746426 0.878689 0.807912 0.511814 0.460893 0.904639 0.697694 0.644618 0.658473 0.888608 0.903493 0.921373 0.960791 0.827183 0.921513 0.894481 0.870881 0.740609 0.653973 0.843843 0.879956 0.944183 0.847354 0.992349 0.949126 0.841971 0.807068 0.637752 0.682800 0.799422 0.973595 0.386664 0.453893 0.948881 0.842880 0.906579 0.773014 0.560367 0.601611 0.783854 0.838163 0.901565 0.954868 0.683545 0.741482 0.680055 0.748337 0.868840 0.739106 0.940399 0.888777 0.835655 0.748794 0.734240 0.659932 0.408728 0.428980 0.734809 0.756871 0.920216 0.807165 0.947607 0.977462 0.683948 0.821187 0.950492 0.860398 0.976484 0.942686 0.984487 0.860375 0.861119 0.949971 0.696194 0.600412 0.921778 0.951511 0.717919 0.719654 0.966435 0.821235 0.993543 0.996577 0.968936 0.893090 0.809301 0.720930 0.799493 0.977438 0.947292 0.955184
0.633132 0.669580 0.740211 0.650791 0.895914 0.961208 0.543929 0.638760 0.970440 0.610610 0.588853 0.752719 0.915890 0.701886 0.774293 0.750502 0.517052 0.547349 0.000000 0.500115 0.987665 0.966061 0.554084 0.620085 0.832522 0.983356 0.988712 0.828829 0.653632 0.588659 0.650880 0.539047 0.527380 0.522195 0.940716 0.903237 0.841411 0.995552 0.919695 0.932156 0.892428 0.927864 0.637800 0.673161 0.898570 0.990415 0.846278 0.788810 0.798326 0.817351 0.789881 0.711761 0.788570 0.937307 0.954776 0.876632 0.567300 0.695452 0.955527 0.753419 0.980357 0.755817 0.474337 0.746661 0.942131 0.971105 0.689172 0.845054 0.758697 0.873333 0.495949 0.640227 0.660555 0.669598 0.878681 0.809728 0.707516 0.735060 0.685851 0.693119 0.553471 0.522055 0.806540 0.816311 0.695276 0.667403 0.856091 0.952712 0.750278 0.774475 0.742744 0.649357 0.787855 0.829115 0.875498 0.837794 0.830163 0.909744 0.702395 0.566496 0.979994 0.753199 0.738922 0.762561 0.950789 0.926464 0.997194 0.987465 0.932677 0.955999 0.886856 0.825755 0.883153 0.970664 0.946073 0.943911
0.575025 0.515863 0.911554 0.906144 0.983956 0.976343 0.858089 0.761245 0.891522 0.666599 0.601317 0.659739 0.967844 0.745957 0.955918 0.804849 0.492898 0.454031 0.500115 0.000000 0.970225 0.921904 0.875787 0.829100 0.870946 0.763928 0.965112 0.716403 0.602167 0.563991 0.926778 0.701453 0.681250 0.681755 0.868732 0.851394 0.824442 0.930036 0.887087 0.860272 0.891186 0.886483 0.807237 0.714775 0.978895 0.969591 0.995215 0.891287 0.908332 0.827213 0.776655 0.685146 0.667217 0.787907 0.830528 0.900819 0.473481 0.519898 0.951444 0.845879 0.921309 0.878938 0.553197 0.604023 0.768698 0.838539 0.936579 0.992387 0.647749 0.747923 0.545799 0.726783 0.722368 0.695963 0.968860 0.933523 0.785169 0.782530 0.750614 0.757078 0.463673 0.503693 0.844794 0.691176 0.987741 0.912632 0.913277 0.976331 0.628095 0.762150 0.813587 0.746249 0.877805 0.968839 0.972569 0.907793 0.910779 0.966515 0.692152 0.634371 0.951339 0.946271 0.733508 0.667284 0.992290 0.891090 0.945049 0.993292 0.985257 0.972569 0.834201 0.803247 0.924361 0.895797 0.991880 0.907955
0.946318 0.987652 0.856835 0.911922 0.972591 0.910987 0.892359 0.953436 0.921143 0.962987 0.903209 0.924814 0.888703 0.871433 0.809875 0.998095 0.947649 0.982047 0.987665 0.970225 0.000000 0.908181 0.937052 0.956647 0.859488 0.767951 0.785850 0.927414 0.905883 0.954531 0.958637 0.936028 0.916571 0.893438 0.904239 0.936079 0.979610 0.957392 0.913654 0.938534 0.942854 0.937971 0.947724 0.815697 0.894945 0.980068 0.836310 0.820864 0.953235 0.897641 0.905980 0.883546 0.993229 0.999104 0.894322 0.745927 0.974838 0.957288 0.871293 0.976583 0.783331 0.975511 0.925896 0.940293 0.792041 0.816603 0.808898 0.842459 0.989613 0.985334 0.950559 0.968820 0.959401 0.872671 0.931837 0.926530 0.972069 0.932187 0.878816 0.953306 0.992042 0.964355 0.953700 0.908198 0.834514 0.861737 0.917392 0.827745 0.874191 0.948547 0.978206 0.971728 0.968251 0.930226 0.862015 0.875626 0.906529 0.976562 0.971683 0.954807 0.962203 0.897522 0.878180 0.863599 0.971091 0.786488 0.981508 0.850082 0.998936 0.997115 0.796401 0.926752 0.930142 0.925539 0.813151 0.934082
0.930553 0.970950 0.857330 0.988936 0.849591 0.812958 0.886743 0.978749 0.813390 0.987956 0.921479 0.969751 0.968022 0.953294 0.879253 0.897233 0.977067 0.962984 0.966061 0.921904 0.908181 0.000000 0.901995 0.983815 0.845715 0.809254 0.957385 0.831882 0.927872 0.979847 0.905181 0.978170 0.972186 0.973487 0.963114 0.979031 0.988371 0.897537 0.958041 0.918486 0.967858 0.962697 0.870139 0.832039 0.802252 0.850282 0.891331 0.875129 0.860714 0.833509 0.873495 0.825420 0.904694 0.994599 0.924855 0.796171 0.989515 0.993259 0.801697 0.905691 0.894023 0.988616 0.993804 0.927301 0.882718 0.889419 0.892429 0.901277 0.915907 0.949761 0.972032 0.967197 0.868071 0.880237 0.790690 0.985627 0.901626 0.951936 0.879474 0.995403 0.956409 0.917392 0.911884 0.954640 0.943806 0.975884 0.975477 0.950758 0.872598 0.911068 0.912231 0.991011 0.874295 0.961101 0.877714 0.806681 0.906066 0.949722 0.810697 0.887335 0.990171 0.935920 0.938033 0.968187 0.902545 0.945762 0.854785 0.969355 0.921648 0.945507 0.849664 0.972707 0.830064 0.941105 0.792286 0.755179
0.996167 0.917246 0.456235 0.465333 0.907676 0.989694 0.419821 0.723629 0.808051 0.814923 0.911578 0.898718 0.880421 0.913845 0.661028 0.695003 0.845084 0.888741 0.554084 0.875787 0.937052 0.901995 0.000000 0.409110 0.556327 0.673701 0.934320 0.988279 0.885803 0.768463 0.516639 0.544916 0.684020 0.697051 0.869076 0.871831 0.809976 0.953405 0.680478 0.999899 0.930547 0.988975 0.564329 0.708122 0.920116 0.974303 0.747748 0.725430 0.718199 0.888976 0.875046 0.882283 0.909513 0.813089 0.993978 0.790679 0.949454 0.919158 0.979807 0.689946 0.895557 0.784680 0.718951 0.915726 0.549305 0.717008 0.637897 0.839722 0.955400 0.922532 0.678349 0.802309 0.822029 0.802325 0.789512 0.840228 0.717502 0.806567 0.805832 0.826648 0.882022 0.806953 0.818825 0.957747 0.492583 0.450665 0.761045 0.852275 0.954435 0.968303 0.949289 0.840498 0.929971 0.824807 0.870733 0.826895 0.995319 0.879688 0.978736 0.742604 0.819213 0.776084 0.994783 0.977323 0.850506 0.725682 0.984591 0.962489 0.953794 0.916030 0.959784 0.992337 0.940149 0.985628 0.924413 0.904399
0.980741 0.978614 0.659472 0.517219 0.971639 0.997811 0.528173 0.693124 0.941981 0.832408 0.908784 0.993128 0.922956 0.837843 0.745552 0.623508 0.835794 0.858904 0.620085 0.829100 0.956647 0.983815 0.409110 0.000000 0.676873 0.784125 0.952873 0.927865 0.838566 0.706901 0.651639 0.539576 0.785112 0.824391 0.976277 0.956136 0.850358 0.935686 0.712203 0.922232 0.942929 0.982765 0.639458 0.799212 0.939477 0.902545 0.795639 0.792505 0.721224 0.825650 0.862366 0.825348 0.916631 0.819481 0.953810 0.772184 0.903697 0.990340 0.908300 0.627829 0.982980 0.847739 0.716641 0.983116 0.771355 0.864946 0.828005 0.985620 0.930086 0.970321 0.750317 0.758649 0.754623 0.693690 0.878408 0.888624 0.816346 0.869194 0.873567 0.787492 0.815220 0.731306 0.878405 0.895063 0.584479 0.529298 0.836678 0.825748 0.970931 0.982373 0.962217 0.881190 0.985552 0.951524 0.751414 0.864098 0.981834 0.911103 0.938879 0.763610 0.984213 0.767959 0.930481 0.893206 0.878250 0.841254 0.966218 0.931501 0.973564 0.934547 0.997629 0.945245 0.974145 0.941894 0.946706 0.943558
0.936655 0.878742 0.493336 0.639081 0.915352 0.918227 0.635146 0.981114 0.780418 0.922272 0.951956 0.754980 0.986443 0.854472 0.761915 0.923920 0.933378 0.895195 0.832522 0.870946 0.859488 0.845715 0.556327 0.676873 0.000000 0.480878 0.854093 0.782379 0.910906 0.990888 0.587478 0.752612 0.745803 0.761869 0.733259 0.886573 0.818851 0.864758 0.680140 0.838649 0.871938 0.964645 0.745962 0.855681 0.862037 0.941120 0.725339 0.818639 0.899351 0.927894 0.946795 0.843688 0.844970 0.903908 0.829666 0.966297 0.871481 0.830681 0.857286 0.882253 0.805819 0.850063 0.964154 0.806762 0.487370 0.642652 0.677268 0.731494 0.895114 0.911239 0.982924 0.994124 0.978083 0.912398 0.864180 0.922953 0.810113 0.862527 0.932858 0.989227 0.956486 0.998132 0.932375 0.921424 0.548912 0.552822 0.760272 0.928719 0.804966 0.909487 0.882134 0.891931 0.957103 0.951485 0.805532 0.985189 0.925818 0.914817 0.897308 0.994192 0.828353 0.996257 0.952612 0.738687 0.817065 0.634089 0.881378 0.950221 0.957978 0.931505 0.983158 0.832372 0.944823 0.810717 0.933943 0.889381
0.895641 0.780291 0.525023 0.645508 0.956388 0.919636 0.693704 0.905908 0.717044 0.919071 0.859709 0.720653 0.895265 0.802539 0.787246 0.866980 0.823225 0.746426 0.983356 0.763928 0.767951 0.809254 0.673701 0.784125 0.480878 0.000000 0.892871 0.718607 0.780226 0.830117 0.687579 0.853366 0.867925 0.862736 0.695418 0.870526 0.754346 0.949170 0.660740 0.821320 0.893180 0.918972 0.823810 0.864111 0.919891 0.988185 0.713998 0.865126 0.925768 0.971037 0.894290 0.850230 0.824161 0.916646 0.813854 0.992668 0.788138 0.740053 0.795956 0.986489 0.733049 0.998093 0.969402 0.829755 0.520116 0.633201 0.740371 0.741935 0.937286 0.882356 0.998142 0.982181 0.925911 0.771174 0.892423 0.942549 0.976403 0.970521 0.991755 0.929186 0.889829 0.888948 0.986280 0.926151 0.693180 0.699431 0.879814 0.936864 0.762893 0.824836 0.936028 0.907634 0.957143 0.922389 0.950321 0.963160 0.965098 0.986088 0.834802 0.890702 0.849918 0.962775 0.978468 0.812583 0.821760 0.632726 0.952803 0.965133 0.917501 0.995486 0.986942 0.768437 0.876739 0.905829 0.938484 0.846698
0.968493 0.989581 0.919574 0.977357 0.809459 0.928902 0.962236 0.825380 0.980413 0.924891 0.920953 0.861244 0.963555 0.901305 0.871837 0.851694 0.965491 0.878689 0.988712 0.965112 0.785850 0.957385 0.934320 0.952873 0.854093 0.892871 0.000000 0.988699 0.960304 0.901761 0.919199 0.954109 0.955500 0.892261 0.948221 0.817483 0.915176 0.964048 0.917765 0.886313 0.987179 0.993452 0.988105 0.858965 0.828878 0.930739 0.902754 0.918410 0.948430 0.800346 0.949701 0.886046 0.914014 0.987093 0.932908 0.935096 0.953954 0.999789 0.972095 0.989172 0.964848 0.924099 0.956806 0.935164 0.803650 0.798495 0.871241 0.931655 0.989491 0.888815 0.986250 0.960131 0.927887 0.912110 0.922355 0.967825 0.983626 0.963961 0.950239 0.945084 0.992294 0.966542 0.866562 0.941541 0.962393 0.805190 0.911877 0.965705 0.952979 0.926371 0.860113 0.876886 0.847758 0.980516 0.953958 0.932433 0.858498 0.955640 0.876048 0.932297 0.994162 0.872598 0.931134 0.765732 0.991759 0.992063 0.933499 0.954853 0.947158 0.968100 0.956127 0.896723 0.938542 0.973502 0.887338 0.904834
0.888150 0.833983 0.856383 0.985969 0.964480 0.920646 0.990776 0.893273 0.798983 0.899012 0.841000 0.803322 0.991219 0.739205 0.956015 0.929856 0.836057 0.807912 0.828829 0.716403 0.927414 0.831882 0.988279 0.927865 0.782379 0.718607 0.988699 0.000000 0.818532 0.778588 0.899270 0.971033 0.986637 0.936113 0.811587 0.944605 0.941789 0.988502 0.981898 0.904744 0.912288 0.914531 0.996150 0.937327 0.974580 0.975250 0.882752 0.973554 0.949140 0.898578 0.868503 0.788827 0.871961 0.959956 0.892999 0.949730 0.828338 0.834423 0.812035 0.869959 0.850645 0.979533 0.939909 0.995561 0.845747 0.938414 0.914458 0.908842 0.846837 0.958358 0.858013 0.965077 0.776186 0.757113 0.946875 0.999655 0.991398 0.925542 0.964141 0.781962 0.850350 0.792806 0.865414 0.888175 0.960126 0.963842 0.953094 0.861553 0.868063 0.654347 0.952009 0.899680 0.966457 0.991884 0.921658 0.950720 0.965974 0.928835 0.863482 0.785505 0.899243 0.896517 0.996290 0.897949 0.955762 0.833319 0.981707 0.939535 0.997689 0.931614 0.968904 0.864462 0.914227 0.914921 0.965615 0.890449
0.732568 0.745740 0.926850 0.938999 0.911029 0.956255 0.931801 0.936183 0.889291 0.807915 0.676761 0.812494 0.966406 0.747352 0.794451 0.846259 0.567562 0.511814 0.653632 0.602167 0.905883 0.927872 0.885803 0.838566 0.910906 0.780226 0.960304 0.818532 0.000000 0.555218 0.890649 0.736925 0.762802 0.762787 0.896887 0.998223 0.993193 0.877125 0.912936 0.875719 0.906597 0.930194 0.681649 0.696709 0.782902 0.793309 0.888224 0.786811 0.910772 0.924594 0.937960 0.935388 0.854621 0.792336 0.955286 0.974080 0.630571 0.668507 0.918823 0.842607 0.889296 0.815201 0.726084 0.785302 0.849811 0.876757 0.931655 0.984583 0.761665 0.825889 0.892863 0.970041 0.912227 0.781771 0.895976 0.805449 0.928280 0.710252 0.754130 0.737851 0.560497 0.586855 0.695719 0.773010 0.883316 0.849042 0.959851 0.868178 0.810510 0.853493 0.955275 0.915212 0.957548 0.837064 0.993648 0.811454 0.899663 0.987395 0.745759 0.700693 0.863896 0.909407 0.876587 0.880049 0.920416 0.810812 0.994001 0.971226 0.983292 0.904288 0.832944 0.863601 0.802707 0.961015 0.933634 0.937746
0.790178 0.676247 0.934308 0.953270 0.989488 0.995705 0.884005 0.830279 0.749654 0.748133 0.641794 0.698840 0.942002 0.644630 0.858566 0.658511 0.539958 0.460893 0.588659 0.563991 0.954531 0.979847 0.768463 0.706901 0.990888 0.830117 0.901761 0.778588 0.555218 0.000000 0.832593 0.645352 0.766651 0.749350 0.792961 0.928984 0.938308 0.978979 0.928653 0.884716 0.996268 0.889756 0.728390 0.678762 0.971899 0.935665 0.983705 0.814487 0.943675 0.909178 0.817783 0.796492 0.718786 0.798969 0.732282 0.848324 0.564490 0.631433 0.821132 0.752559 0.891054 0.848269 0.670725 0.680627 0.846050 0.888995 0.959229 0.937646 0.836793 0.952237 0.678368 0.839849 0.912045 0.742818 0.895280 0.971516 0.948614 0.765849 0.795175 0.732062 0.549099 0.532669 0.660888 0.789675 0.933324 0.839907 0.933282 0.819166 0.811236 0.766235 0.993474 0.977569 0.884866 0.864955 0.858452 0.891958 0.972097 0.967578 0.889965 0.730773 0.947852 0.988791 0.871636 0.795399 0.870205 0.801630 0.976713 0.895855 0.953246 0.962213 0.982611 0.918894 0.824216 0.994223 0.982702 0.847259
0.894814 0.959639 0.535791 0.549676 0.898710 0.886039 0.495139 0.712485 0.815167 0.732458 0.858023 0.917158 0.907559 0.935753 0.794541 0.846986 0.837372 0.904639 0.650880 0.926778 0.958637 0.905181 0.516639 0.651639 0.587478 0.687579 0.919199 0.899270 0.890649 0.832593 0.000000 0.646039 0.642100 0.582245 0.707880 0.944276 0.796869 0.953529 0.687657 0.979819 0.902651 0.930956 0.651436 0.724808 0.820764 0.895303 0.771248 0.849242 0.879421 0.987990 0.991381 0.977612 0.917076 0.938279 0.841069 0.910334 0.933788 0.993138 0.810337 0.897864 0.786799 0.857352 0.749322 0.973270 0.657834 0.809455 0.647385 0.755550 0.980202 0.929263 0.722769 0.817573 0.934222 0.937813 0.827389 0.851160 0.740971 0.780203 0.811099 0.862106 0.866722 0.825881 0.896993 0.971802 0.667008 0.641588 0.916999 0.996570 0.939508 0.979626 0.897791 0.862278 0.861653 0.796047 0.886198 0.977514 0.907519 0.920941 0.958326 0.896168 0.967894 0.738508 0.965419 0.960765 0.929108 0.801007 0.967528 0.914693 0.948703 0.930707 0.965849 0.924356 0.914618 0.944995 0.929945 0.841909
0.875675 0.861908 0.719747 0.666067 0.893601 0.986454 0.601090 0.742318 0.997976 0.770656 0.807857 0.958284 0.995491 0.765966 0.812001 0.739991 0.665143 0.697694 0.539047 0.701453 0.936028 0.978170 0.544916 0.539576 0.752612 0.853366 0.954109 0.971033 0.736925 0.645352 0.646039 0.000000 0.666828 0.651424 0.968985 0.852766 0.870062 0.964597 0.902726 0.933824 0.921068 0.990898 0.600117 0.724959 0.967216 0.967032 0.819092 0.823851 0.800203 0.832948 0.849588 0.804733 0.934314 0.982930 0.952323 0.859014 0.715723 0.828925 0.935127 0.686220 0.926954 0.714369 0.628101 0.881563 0.882791 0.978489 0.787744 0.929081 0.988402 0.989498 0.694667 0.734344 0.838463 0.754116 0.903600 0.841717 0.757239 0.745168 0.704988 0.752492 0.713040 0.664393 0.791771 0.942450 0.697963 0.669881 0.885948 0.892195 0.777093 0.960231 0.931469 0.841047 0.930578 0.906875 0.885613 0.812869 0.923313 0.962130 0.902899 0.688699 0.994145 0.831668 0.880255 0.814241 0.981489 0.944041 0.919178 0.983483 0.945899 0.943307 0.849076 0.899839 0.899674 0.984179 0.956492 0.893645
0.554122 0.624420 0.677723 0.674885 0.821636 0.926498 0.597901 0.731760 0.959740 0.806274 0.661691 0.792452 0.860187 0.881294 0.814389 0.966056 0.605052 0.644618 0.527380 0.681250 0.916571 0.972186 0.684020 0.785112 0.745803 0.867925 0.955500 0.986637 0.762802 0.766651 0.642100 0.666828 0.000000 0.438620 0.763098 0.804236 0.798126 0.845988 0.855622 0.973378 0.734710 0.890650 0.681779 0.651846 0.700523 0.804273 0.789595 0.752427 0.924982 0.940140 0.944987 0.980355 0.941970 0.874192 0.879919 0.987308 0.611617 0.690102 0.702344 0.949438 0.693331 0.932766 0.527788 0.713439 0.819158 0.831750 0.520340 0.568398 0.770786 0.793730 0.693066 0.770744 0.858978 0.898845 0.892544 0.894876 0.696733 0.644896 0.730004 0.801862 0.644311 0.613903 0.891276 0.926075 0.687501 0.610327 0.961657 0.877021 0.884111 0.913039 0.856782 0.745430 0.770358 0.818180 0.987952 0.839554 0.903779 0.957949 0.757952 0.764666 0.971159 0.821713 0.819612 0.878271 0.801671 0.831259 0.969955 0.966119 0.960833 0.877144 0.772885 0.904640 0.912908 0.959686 0.928773 0.997849
0.636744 0.645797 0.691364 0.701424 0.802150 0.898917 0.588416 0.703789 0.980976 0.700211 0.617190 0.873334 0.898163 0.915348 0.888665 0.968077 0.641106 0.658473 0.522195 0.681755 0.893438 0.973487 0.697051 0.824391 0.761869 0.862736 0.892261 0.936113 0.762787 0.749350 0.582245 0.651424 0.438620 0.000000 0.732526 0.789094 0.777101 0.983559 0.877071 0.992898 0.822707 0.929075 0.676617 0.607766 0.632035 0.752369 0.789733 0.730992 0.979729 0.909239 0.982899 0.993200 0.862075 0.891142 0.916254 0.986110 0.635057 0.730550 0.738433 0.990065 0.760390 0.909426 0.597846 0.803370 0.836619 0.846801 0.518649 0.560821 0.755058 0.773552 0.636240 0.815125 0.785300 0.858230 0.885373 0.813161 0.688831 0.641204 0.704490 0.809500 0.658719 0.675155 0.888623 0.940102 0.725180 0.665761 0.979992 0.885178 0.841766 0.891754 0.743740 0.700194 0.742187 0.741829 0.991460 0.883089 0.849663 0.973880 0.682875 0.743161 0.966216 0.747652 0.831566 0.894597 0.854056 0.832166 0.992264 0.911204 0.891964 0.929235 0.777203 0.793837 0.736678 0.962755 0.902811 0.857356
0.941041 0.981708 0.670379 0.768178 0.873282 0.838957 0.744789 0.874590 0.772820 0.899320 0.924003 0.825982 0.988223 0.728909 0.939521 0.882168 0.952520 0.888608 0.940716 0.868732 0.904239 0.963114 0.869076 0.976277 0.733259 0.695418 0.948221 0.811587 0.896887 0.792961 0.707880 0.968985 0.763098 0.732526 0.000000 0.970430 0.805135 0.976570 0.800671 0.923894 0.855942 0.994560 0.952510 0.968345 0.751047 0.859076 0.874558 0.924304 0.983917 0.811516 0.853054 0.809574 0.822117 0.900914 0.694310 0.992944 0.943766 0.964916 0.618796 0.805810 0.598609 0.874129 0.960248 0.997937 0.670207 0.643368 0.578639 0.559114 0.911481 0.911422 0.975876 0.909891 0.964141 0.884320 0.905537 0.966473 0.902758 0.941730 0.984753 0.902825 0.963585 0.948101 0.960577 0.963746 0.795018 0.748758 0.979369 0.889755 0.891835 0.749994 0.865709 0.807209 0.744838 0.780417 0.836748 0.850044 0.793951 0.900504 0.968112 0.989057 0.918737 0.835293 0.920166 0.801285 0.854606 0.764623 0.969462 0.888109 0.997813 0.930292 0.938594 0.932300 0.883568 0.860760 0.923755 0.982949
0.946104 0.852915 0.921653 0.957254 0.903768 0.894550 0.985123 0.961032 0.931590 0.957284 0.997768 0.964814 0.954364 0.966504 0.938144 0.961580 0.895558 0.903493 0.903237 0.851394 0.936079 0.979031 0.871831 0.956136 0.886573 0.870526 0.817483 0.944605 0.998223 0.928984 0.944276 0.852766 0.804236 0.789094 0.970430 0.000000 0.829330 0.866362 0.964109 0.894559 0.886572 0.974290 0.941592 0.887769 0.912837 0.997657 0.886532 0.979548 0.895296 0.972051 0.930996 0.962122 0.920922 0.988601 0.997560 0.979054 0.845146 0.894074 0.990310 0.958072 0.923006 0.925072 0.975249 0.950145 0.904067 0.845058 0.840183 0.802592 0.999312 0.850915 0.817442 0.969553 0.986140 0.910062 0.879497 0.953754 0.897915 0.913959 0.884248 0.939170 0.911127 0.998403 0.773535 0.975249 0.998747 0.863368 0.901474 0.985344 0.995330 0.884414 0.914856 0.918953 0.962636 0.949608 0.947044 0.803971 0.991794 0.962095 0.977847 0.981429 0.917801 0.977382 0.898476 0.953515 0.862621 0.969042 0.970224 0.945061 0.928178 0.891132 0.856484 0.943663 0.897312 0.939413 0.951089 0.959787
0.798030 0.803649 0.845646 0.635327 0.997468 0.880678 0.801483 0.732532 0.862522 0.752170 0.956436 0.880039 0.993697 0.968630 0.980800 0.785199 0.872104 0.921373 0.841411 0.824442 0.979610 0.988371 0.809976 0.850358 0.818851 0.754346 0.915176 0.941789 0.993193 0.938308 0.796869 0.870062 0.798126 0.777101 0.805135 0.829330 0.000000 0.676522 0.898607 0.965936 0.767614 0.940751 0.811100 0.813959 0.993745 0.987831 0.988325 0.925525 0.955428 0.992333 0.840033 0.982658 0.946185 0.947349 0.983289 0.917136 0.797571 0.827148 0.808780 0.925467 0.781009 0.823733 0.830272 0.755940 0.888635 0.789601 0.871988 0.873637 0.820031 0.876317 0.686681 0.746853 0.786450 0.861418 0.800632 0.942560 0.828113 0.851373 0.803233 0.942847 0.782911 0.855128 0.920161 0.807703 0.975538 0.761936 0.965379 0.976239 0.984431 0.953745 0.882493 0.843415 0.798675 0.903287 0.937256 0.960585 0.857196 0.882029 0.851712 0.894883 0.991636 0.879964 0.885799 0.874334 0.760064 0.817239 0.999232 0.860309 0.850542 0.947949 0.875650 0.886640 0.963076 0.978780 0.942969 0.976878
0.779326 0.736883 0.991919 0.816088 0.879613 0.825655 0.982245 0.956137 0.985401 0.986154 0.843030 0.920642 0.840970 0.953368 0.903988 0.977725 0.927174 0.960791 0.995552 0.930036 0.957392 0.897537 0.953405 0.935686 0.864758 0.949170 0.964048 0.988502 0.877125 0.978979 0.953529 0.964597 0.845988 0.983559 0.976570 0.866362 0.676522 0.000000 0.945659 0.879654 0.811745 0.962972 0.945037 0.947887 0.983729 0.996089 0.983131 0.954723 0.846130 0.843740 0.778558 0.817605 0.908397 0.896103 0.862892 0.934587 0.832944 0.801303 0.856419 0.861360 0.882391 0.770454 0.918768 0.764429 0.945680 0.852657 0.999611 0.972881 0.856905 0.932539 0.824970 0.748194 0.945477 0.887511 0.807675 0.971702 0.849587 0.867586 0.996912 0.936203 0.966258 0.988401 0.997182 0.860877 0.999870 0.828100 0.944141 0.993882 0.959572 0.780345 0.887761 0.864940 0.911505 0.925576 0.992498 0.992564 0.966944 0.970933 0.970300 0.943549 0.982140 0.808117 0.970259 0.879084 0.818545 0.811423 0.895846 0.899778 0.856480 0.935645 0.999907 0.963088 0.905253 0.926121 0.903677 0.802163
