0.000000 0.483315 0.810742 0.756676 0.986773 0.989972 0.768396 0.782509 0.854602 0.995181 0.715843 0.694919 0.969137 0.982504 0.882164 0.996728 0.581128 0.524775 0.509270 0.570173 0.871985 0.948734 0.883749 0.973825 0.759029 0.793014 0.972311 0.893664 0.706949 0.820058 0.869603 0.965784 0.680287 0.499928 0.833793 0.933985 0.875901 0.923491 0.825897 0.894590 0.937425 0.796648 0.629423 0.532778 0.957734 0.832795 0.664027 0.692078 0.919307 0.913198 0.943672 0.966467 0.807883 0.676808 0.773426 0.928852 0.426790 0.493852 0.497279 0.590016 0.754493 0.767566 0.711606 0.740263 0.776624 0.747311 0.626162 0.638586 0.621427 0.637307 0.731320 0.836326 0.625008 0.664333 0.978853 0.857509 0.654882 0.707921 0.826486 0.682997 0.562030 0.555162 0.879351 0.688964 0.782572 0.786647 0.783440 0.992091 0.911182 0.691861 0.865200 0.907670 0.890462 0.984261 0.924326 0.778136 0.707578 0.815316 0.880712 0.745826 0.776007 0.909413 0.744248 0.610217 0.817208 0.899187 0.920373 0.983999 0.855274 0.694262 0.738314 0.951748 0.881766 0.963143 0.786618 0.711830
0.483315 0.000000 0.984268 0.799809 0.996192 0.948975 0.928202 0.693861 0.782848 0.821662 0.849632 0.522624 0.898449 0.826574 0.958117 0.775570 0.552443 0.499298 0.596399 0.576257 0.908360 0.965671 0.967496 0.963710 0.883481 0.953233 0.898117 0.893295 0.608633 0.706806 0.792198 0.920590 0.578948 0.489360 0.882518 0.984330 0.796662 0.791161 0.947746 0.906726 0.927862 0.835882 0.576186 0.486851 0.724356 0.645190 0.585288 0.532343 0.772119 0.775796 0.759152 0.835960 0.968412 0.872482 0.733299 0.916157 0.396490 0.364376 0.578889 0.696597 0.700593 0.620393 0.595164 0.528745 0.859226 0.839203 0.695790 0.650320 0.793223 0.546461 0.539193 0.660908 0.741621 0.730547 0.954253 0.917140 0.584020 0.748549 0.629713 0.687057 0.466427 0.547986 0.781544 0.662847 0.849178 0.841176 0.901321 0.990259 0.829388 0.791240 0.862451 0.825182 0.921577 0.891848 0.787898 0.780766 0.671854 0.738673 0.692703 0.736512 0.785334 0.891176 0.681486 0.713144 0.794783 0.843869 0.932969 0.984715 0.896923 0.738096 0.713986 0.825784 0.836519 0.857343 0.734844 0.890287
0.810742 0.984268 0.000000 0.446998 0.940196 0.993632 0.355675 0.724996 0.704882 0.867214 0.920361 0.799419 0.706046 0.904259 0.977128 0.898912 0.933618 0.857112 0.737275 0.949984 0.700012 0.836552 0.797142 0.760684 0.516903 0.551049 0.945434 0.951806 0.820282 0.735675 0.864285 0.994229 0.750041 0.815111 0.721321 0.941097 0.835670 0.994044 0.784547 0.822722 0.983157 0.889229 0.716680 0.841144 0.826913 0.871149 0.698938 0.824679 0.794668 0.983390 0.883822 0.913158 0.974600 0.849102 0.910837 0.922197 0.983991 0.900904 0.615995 0.783716 0.715540 0.992755 0.890243 0.740651 0.398933 0.563826 0.540588 0.592542 0.978196 0.803105 0.974910 0.984671 0.889274 0.902588 0.893265 0.995331 0.863568 0.948175 0.916126 0.973833 0.978257 0.934667 0.907582 0.957148 0.614202 0.725722 0.699706 0.937177 0.743716 0.790360 0.729100 0.683222 0.702482 0.554608 0.888658 0.818367 0.966835 0.907819 0.918216 0.821566 0.783388 0.861483 0.872390 0.942493 0.736718 0.784659 0.940966 0.956890 0.822555 0.975030 0.977329 0.974753 0.991100 0.809586 0.807191 0.707789
0.756676 0.799809 0.446998 0.000000 0.988688 0.872725 0.435546 0.547924 0.823898 0.902169 0.993923 0.978747 0.787821 0.995007 0.967950 0.906399 0.954982 0.967893 0.773738 0.886137 0.748631 0.897146 0.688444 0.609653 0.678364 0.560442 0.958151 0.878660 0.842018 0.772266 0.879104 0.977377 0.684176 0.709635 0.700466 0.931100 0.772646 0.939366 0.708460 0.887957 0.937992 0.850705 0.722355 0.779471 0.921006 0.975447 0.697364 0.739064 0.884599 0.959007 0.757931 0.772681 0.991491 0.833713 0.854072 0.836509 0.874217 0.911534 0.658061 0.772791 0.682362 0.785714 0.937334 0.986637 0.387654 0.412909 0.472042 0.431376 0.899073 0.863261 0.877251 0.811515 0.800097 0.803315 0.874796 0.939110 0.739630 0.795440 0.982067 0.978112 0.816046 0.821310 0.933616 0.860001 0.534289 0.597580 0.847414 0.996963 0.911779 0.660706 0.675633 0.660301 0.664101 0.613018 0.997798 0.748088 0.884244 0.943173 0.727744 0.692536 0.657253 0.776913 0.925933 0.925578 0.608678 0.695144 0.863974 0.848124 0.798429 0.894501 0.900051 0.990653 0.879286 0.868344 0.737200 0.731355
0.986773 0.996192 0.940196 0.988688 0.000000 0.905653 0.836464 0.877068 0.765621 0.953935 0.783956 0.924698 0.733614 0.871944 0.846283 0.918378 0.959871 0.897707 0.994281 0.990122 0.800529 0.751030 0.740799 0.843997 0.962881 0.898544 0.949765 0.929419 0.959941 0.988373 0.952288 0.991473 0.974411 0.943406 0.955431 0.782174 0.936052 0.993367 0.988497 0.994343 0.964340 0.925520 0.886363 0.960736 0.819786 0.935045 0.989056 0.981982 0.953548 0.924123 0.944045 0.939852 0.957883 0.855102 0.921009 0.967098 0.987490 0.961907 0.899523 0.908973 0.710471 0.818823 0.784632 0.895003 0.890214 0.782932 0.857370 0.870379 0.907188 0.936273 0.961507 0.875788 0.876169 0.964054 0.959265 0.936856 0.919012 0.923572 0.882825 0.844038 0.820244 0.783020 0.787027 0.694199 0.655766 0.595241 0.946837 0.706393 0.835908 0.813605 0.932055 0.982431 0.981511 0.987493 0.925889 0.970565 0.913860 0.967970 0.955780 0.863897 0.880852 0.962461 0.940076 0.913386 0.830890 0.984632 0.965097 0.988128 0.963970 0.939539 0.963484 0.937310 0.855106 0.990577 0.881633 0.987340
0.989972 0.948975 0.993632 0.872725 0.905653 0.000000 0.999680 0.945108 0.954840 0.943993 0.966903 0.958504 0.963107 0.887399 0.974037 0.783517 0.834573 0.924561 0.999864 0.966552 0.905409 0.920176 0.769335 0.832482 0.933857 0.849089 0.952583 0.851698 0.912240 0.876300 0.795875 0.955296 0.969234 0.994939 0.841644 0.925539 0.720127 0.896269 0.883739 0.934419 0.877658 0.972164 0.947170 0.884430 0.945124 0.999216 0.940074 0.888592 0.947196 0.993662 0.988596 0.901024 0.985519 0.985569 0.890272 0.827292 0.959109 0.982809 0.845319 0.934151 0.969717 0.936383 0.945557 0.988674 0.923025 0.893506 0.888087 0.831491 0.894525 0.932076 0.801960 0.879567 0.878616 0.804019 0.963099 0.909898 0.962788 0.818416 0.954055 0.935375 0.985026 0.970473 0.979324 0.981875 0.874701 0.869041 0.922063 0.834737 0.882318 0.932027 0.837983 0.894673 0.743011 0.958735 0.883557 0.889235 0.951766 0.862900 0.870734 0.992643 0.790275 0.987087 0.957648 0.967583 0.778190 0.926341 0.952791 0.947119 0.928862 0.973871 0.953050 0.948184 0.998303 0.985576 0.966191 0.948658
0.768396 0.928202 0.355675 0.435546 0.836464 0.999680 0.000000 0.568934 0.661576 0.887717 0.890194 0.918388 0.609726 0.947787 0.902449 0.999651 0.925057 0.914868 0.791995 0.934649 0.746871 0.958330 0.733666 0.796944 0.659620 0.613120 0.952873 0.982609 0.850678 0.762435 0.971771 0.903679 0.734481 0.758425 0.704172 0.966648 0.919867 0.895681 0.867656 0.830621 0.996559 0.951060 0.797219 0.832802 0.861289 0.922840 0.789069 0.836218 0.768794 0.964232 0.865534 0.810151 0.983605 0.885893 0.997304 0.984698 0.966878 0.940670 0.577712 0.670927 0.528592 0.809183 0.968457 0.891160 0.394870 0.448081 0.508646 0.534177 0.885481 0.765035 0.899031 0.891041 0.884008 0.867232 0.950457 0.980794 0.843478 0.922088 0.945942 0.984952 0.851737 0.854002 0.978756 0.891625 0.495234 0.635119 0.778016 0.976306 0.671120 0.657412 0.678065 0.680878 0.762314 0.601197 0.914831 0.837581 0.914589 0.849426 0.831254 0.698424 0.793179 0.772793 0.851373 0.933425 0.651721 0.777741 0.906401 0.984653 0.756832 0.994293 0.899373 0.987917 0.983651 0.796386 0.757715 0.690893
0.782509 0.693861 0.724996 0.547924 0.877068 0.945108 0.568934 0.000000 0.890075 0.764061 0.942744 0.677638 0.677785 0.755749 0.890190 0.783758 0.956653 0.854160 0.917453 0.808821 0.937510 0.958446 0.741038 0.819238 0.933397 0.983693 0.923053 0.982779 0.883787 0.977341 0.992965 0.929277 0.692396 0.615482 0.815972 0.976342 0.937176 0.994046 0.921497 0.944102 0.901436 0.842601 0.851957 0.813394 0.957870 0.905954 0.797652 0.740646 0.954472 0.916944 0.601795 0.531186 0.801327 0.973746 0.865171 0.993583 0.894340 0.799361 0.608025 0.602277 0.462188 0.406339 0.664533 0.610971 0.608127 0.510692 0.615991 0.515135 0.774297 0.956689 0.909946 0.852611 0.815586 0.775983 0.949416 0.984817 0.676307 0.774078 0.821275 0.970221 0.624924 0.847918 0.893924 0.845740 0.631450 0.725212 0.921193 0.952126 0.915928 0.634769 0.629528 0.783640 0.762381 0.774190 0.831838 0.813045 0.767200 0.966094 0.533530 0.521014 0.651718 0.787816 0.799876 0.873437 0.560822 0.697934 0.900079 0.827369 0.799098 0.804346 0.747641 0.832760 0.848365 0.986000 0.660282 0.824179
0.854602 0.782848 0.704882 0.823898 0.765621 0.954840 0.661576 0.890075 0.000000 0.982637 0.985698 0.743894 0.845558 0.894275 0.992149 0.881227 0.671872 0.646872 0.839385 0.720168 0.905149 0.985890 0.733527 0.936171 0.914134 0.759129 0.934323 0.995839 0.729410 0.598297 0.977128 0.751733 0.997273 0.855798 0.791439 0.898202 0.881841 0.960564 0.971296 0.969329 0.915971 0.901600 0.920765 0.848043 0.955113 0.973202 0.898264 0.945872 0.987361 0.970275 0.926181 0.797565 0.780004 0.791373 0.895445 0.887774 0.711635 0.703020 0.976140 0.988950 0.861153 0.978906 0.769854 0.707329 0.718183 0.811115 0.870224 0.871580 0.853827 0.605379 0.818698 0.627940 0.754710 0.803699 0.999030 0.984195 0.858411 0.937461 0.752361 0.742349 0.792885 0.816547 0.907175 0.955293 0.738717 0.848821 0.995318 0.912131 0.694895 0.866316 0.623209 0.650023 0.635849 0.672279 0.858212 0.939877 0.888346 0.884058 0.920105 0.887587 0.997400 0.863356 0.730462 0.901344 0.907915 0.885750 0.940949 0.951340 0.990423 0.819953 0.748759 0.908684 0.905560 0.888149 0.920156 0.889079
0.995181 0.821662 0.867214 0.902169 0.953935 0.943993 0.887717 0.764061 0.982637 0.000000 0.850932 0.884069 0.901164 0.960501 0.910538 0.931973 0.809274 0.856612 0.959637 0.856384 0.780824 0.974639 0.967305 0.854209 0.884711 0.807312 0.807391 0.944023 0.636078 0.728843 0.777515 0.961304 0.745184 0.803698 0.910455 0.997092 0.866132 0.857508 0.760559 0.973148 0.902018 0.895824 0.879074 0.776143 0.667693 0.678941 0.878382 0.795819 0.586744 0.650977 0.611209 0.677773 0.622587 0.662349 0.812189 0.992374 0.877390 0.828050 0.905469 0.909718 0.966762 0.785238 0.824276 0.746028 0.824775 0.792130 0.999370 0.998944 0.932460 0.868015 0.902547 0.913748 0.945846 0.967839 0.865314 0.992991 0.976677 0.876868 0.982018 0.991238 0.834737 0.917954 0.874428 0.999527 0.797180 0.773567 0.869585 0.967093 0.915384 0.840284 0.986841 0.928428 0.925199 0.900234 0.850298 0.849031 0.797698 0.896888 0.739471 0.909927 0.774975 0.940402 0.614076 0.841562 0.923292 0.931750 0.804615 0.976073 0.941229 0.821260 0.825122 0.826126 0.957265 0.856520 0.960012 0.938604
0.715843 0.849632 0.920361 0.993923 0.783956 0.966903 0.890194 0.942744 0.985698 0.850932 0.000000 0.811525 0.855018 0.983786 0.909021 0.893741 0.586386 0.593752 0.643850 0.646497 0.801236 0.999985 0.901781 0.854035 0.990589 0.876777 0.926717 0.854301 0.643619 0.693321 0.799848 0.997797 0.725320 0.659485 0.987350 0.927148 0.989330 0.891066 0.927292 0.953843 0.978930 0.943959 0.960236 0.853700 0.974899 0.967728 0.973269 0.984908 0.969128 0.884920 0.970976 0.844837 0.907460 0.974231 0.978225 0.876100 0.725608 0.829645 0.840275 0.929176 0.817247 0.978473 0.678664 0.837177 0.915150 0.958088 0.945039 0.889685 0.896060 0.797205 0.917794 0.898944 0.587238 0.735405 0.940752 0.787825 0.950241 0.818549 0.835655 0.761715 0.716434 0.750145 0.965745 0.855075 0.978333 0.952413 0.715228 0.940707 0.868976 0.933543 0.649190 0.650233 0.760164 0.720771 0.942483 0.848711 0.956978 0.955708 0.922939 0.996489 0.984043 0.966824 0.899232 0.885379 0.978242 0.805491 0.917775 0.737448 0.961936 0.817874 0.915618 0.949049 0.809789 0.996867 0.951293 0.982511
0.694919 0.522624 0.799419 0.978747 0.924698 0.958504 0.918388 0.677638 0.743894 0.884069 0.811525 0.000000 0.733124 0.569298 0.762673 0.636637 0.579926 0.478254 0.780377 0.555748 0.911850 0.933880 0.935648 0.941426 0.749000 0.772237 0.887601 0.872886 0.512984 0.560050 0.968011 0.852052 0.709181 0.575225 0.963037 0.959938 0.973785 0.928655 0.824147 0.980606 0.915300 0.897133 0.896854 0.726767 0.828822 0.729655 0.872713 0.741906 0.947162 0.981376 0.840257 0.872726 0.960978 0.936438 0.898136 0.902860 0.575584 0.489534 0.781521 0.763117 0.586259 0.471941 0.444964 0.341479 0.953279 0.869723 0.930377 0.773225 0.938979 0.655460 0.773604 0.762771 0.805343 0.833288 0.921377 0.865064 0.690684 0.755246 0.521875 0.701951 0.444290 0.549042 0.648168 0.688823 0.865508 0.846237 0.861542 0.852203 0.738214 0.902709 0.793814 0.671680 0.742154 0.664819 0.789132 0.807329 0.789523 0.762762 0.853526 0.791114 0.911124 0.902304 0.652779 0.841899 0.822906 0.901404 0.963693 0.949207 0.939283 0.686889 0.699932 0.839588 0.919697 0.748737 0.728227 0.962716
0.969137 0.898449 0.706046 0.787821 0.733614 0.963107 0.609726 0.677785 0.845558 0.901164 0.855018 0.733124 0.000000 0.509402 0.515624 0.602542 0.902095 0.854645 0.885695 0.817783 0.905911 0.927866 0.646493 0.779171 0.970340 0.973262 0.986541 0.999941 0.870840 0.864872 0.905048 0.840593 0.753311 0.798488 0.838505 0.985557 0.876160 0.927369 0.874213 0.858132 0.869310 0.914519 0.978025 0.949238 0.995264 0.942302 0.884773 0.830887 0.764837 0.983386 0.855371 0.816056 0.912375 0.862151 0.999506 0.843871 0.993537 0.923839 0.873025 0.827519 0.415151 0.701654 0.694828 0.783394 0.708780 0.732603 0.910270 0.772712 0.668620 0.910510 0.927938 0.939881 0.887027 0.890583 0.956442 0.859769 0.912291 0.944339 0.724716 0.769791 0.707704 0.704018 0.749678 0.795722 0.575172 0.723823 0.892948 0.768942 0.909116 0.955617 0.966254 0.912566 0.890205 0.984456 0.924553 0.914667 0.830675 0.932054 0.914515 0.876988 0.979275 0.852977 0.973258 0.878926 0.845238 0.823431 0.996986 0.780038 0.943986 0.949234 0.958543 0.914064 0.856735 0.946323 0.726483 0.903763
0.982504 0.826574 0.904259 0.995007 0.871944 0.887399 0.947787 0.755749 0.894275 0.960501 0.983786 0.569298 0.509402 0.000000 0.431209 0.410341 0.809061 0.722476 0.984309 0.824591 0.912913 0.960157 0.762641 0.840419 0.838539 0.747714 0.935338 0.980282 0.702339 0.615613 0.899433 0.728206 0.772011 0.754403 0.956242 0.920963 0.972300 0.940061 0.726281 0.902160 0.858583 0.907349 0.996207 0.849589 0.812674 0.740870 0.905560 0.772598 0.932132 0.939041 0.783193 0.804253 0.865638 0.793866 0.942544 0.821214 0.936055 0.840188 0.994900 0.941301 0.559403 0.637477 0.573181 0.556174 0.952081 0.863929 0.976933 0.887484 0.672993 0.896731 0.931975 0.933752 0.963198 0.975777 0.959027 0.862294 0.935833 0.973392 0.673521 0.709568 0.650292 0.672447 0.558666 0.752871 0.741841 0.785350 0.705645 0.770659 0.928073 0.920953 0.862902 0.729473 0.681952 0.758616 0.896877 0.890395 0.905096 0.999678 0.893417 0.936429 0.939602 0.956417 0.887528 0.961756 0.947382 0.923834 0.957694 0.774457 0.864496 0.847951 0.895810 0.794717 0.994060 0.807680 0.747261 0.977120
0.882164 0.958117 0.977128 0.967950 0.846283 0.974037 0.902449 0.890190 0.992149 0.910538 0.909021 0.762673 0.515624 0.431209 0.000000 0.514401 0.892029 0.825498 0.976311 0.986506 0.968942 0.959916 0.606312 0.781345 0.964790 0.898436 0.959589 0.883275 0.796962 0.715792 0.771817 0.587619 0.776047 0.847651 0.917114 0.909679 0.867481 0.892364 0.829438 0.928732 0.888844 0.937001 0.958827 0.890027 0.762564 0.747374 0.795553 0.727118 0.951997 0.882871 0.828993 0.797630 0.839283 0.710056 0.983978 0.956727 0.989231 0.951585 0.897770 0.899142 0.654943 0.795712 0.733663 0.764496 0.873827 0.869515 0.976691 0.870343 0.663843 0.994043 0.858806 0.976752 0.949472 0.987847 0.970529 0.872240 0.982514 0.903846 0.718115 0.758296 0.762345 0.734091 0.585260 0.772521 0.688090 0.713221 0.641698 0.693892 0.994604 0.981924 0.953851 0.850083 0.792631 0.881437 0.950659 0.859487 0.861012 0.936938 0.874659 0.928973 0.970863 0.966417 0.998609 0.945778 0.924787 0.943847 0.957058 0.771024 0.866274 0.976009 0.963392 0.757885 0.960203 0.881134 0.776287 0.868762
0.996728 0.775570 0.898912 0.906399 0.918378 0.783517 0.999651 0.783758 0.881227 0.931973 0.893741 0.636637 0.602542 0.410341 0.514401 0.000000 0.934378 0.791219 0.960715 0.853206 0.914428 0.890285 0.599829 0.635191 0.929269 0.923924 0.950104 0.948268 0.803088 0.757599 0.775463 0.689641 0.823763 0.767695 0.977746 0.925916 0.814163 0.792021 0.876691 0.883608 0.955189 0.866230 0.969614 0.894730 0.755819 0.696336 0.881162 0.676151 0.982896 0.895347 0.770355 0.801294 0.866069 0.801187 0.979781 0.958696 0.859741 0.808575 0.873149 0.958786 0.673184 0.660871 0.648778 0.602678 0.901595 0.808412 0.952031 0.788002 0.690230 0.850036 0.889598 0.796279 0.885604 0.874143 0.991663 0.877888 0.911874 0.928880 0.638882 0.758277 0.690859 0.665853 0.541558 0.733542 0.687967 0.704187 0.674205 0.691337 0.817516 0.963460 0.957549 0.836481 0.808936 0.852224 0.958226 0.858877 0.909483 0.836918 0.860003 0.906916 0.917309 0.979681 0.896644 0.908903 0.885308 0.834821 0.974251 0.891917 0.920571 0.866682 0.897953 0.778074 0.971226 0.803744 0.729635 0.975376
0.581128 0.552443 0.933618 0.954982 0.959871 0.834573 0.925057 0.956653 0.671872 0.809274 0.586386 0.579926 0.902095 0.809061 0.892029 0.934378 0.000000 0.365710 0.527315 0.494421 0.982615 0.911994 0.837976 0.897971 0.980145 0.920281 0.956455 0.907504 0.422448 0.416890 0.741859 0.708410 0.567310 0.546787 0.991753 0.979638 0.981411 0.929036 0.954883 0.940547 0.977985 0.788618 0.759703 0.559851 0.782939 0.703672 0.647590 0.690640 0.816851 0.838564 0.801568 0.950126 0.994263 0.977134 0.838963 0.903036 0.433620 0.492585 0.723635 0.867799 0.822467 0.858631 0.513049 0.556361 0.884421 0.925138 0.952858 0.865619 0.832610 0.507905 0.764760 0.774484 0.576735 0.587924 0.969329 0.909265 0.783392 0.827017 0.626724 0.545478 0.478855 0.572540 0.774049 0.739997 0.976179 0.970699 0.867846 0.986643 0.724208 0.931330 0.587324 0.565074 0.616772 0.671563 0.858858 0.818915 0.827565 0.872290 0.987557 0.962902 0.915410 0.970489 0.675826 0.707370 0.983191 0.873465 0.971997 0.795180 0.969985 0.671946 0.780163 0.891727 0.974271 0.845990 0.854534 0.992702
0.524775 0.499298 0.857112 0.967893 0.897707 0.924561 0.914868 0.854160 0.646872 0.856612 0.593752 0.478254 0.854645 0.722476 0.825498 0.791219 0.365710 0.000000 0.548876 0.455523 0.997458 0.970984 0.896571 0.924952 0.906144 0.875549 0.927757 0.896294 0.424075 0.409260 0.787616 0.749274 0.600989 0.499117 0.957677 0.994017 0.956667 0.901027 0.984554 0.947562 0.968373 0.859419 0.797043 0.569432 0.811489 0.708245 0.724533 0.684371 0.887550 0.889071 0.885643 0.955613 0.904375 0.922738 0.882622 0.969116 0.398329 0.452424 0.738954 0.813674 0.757484 0.716858 0.456300 0.453015 0.881052 0.994466 0.928829 0.825669 0.821570 0.463162 0.698320 0.733325 0.525228 0.590562 0.926357 0.845401 0.722618 0.787072 0.562663 0.512938 0.419385 0.497583 0.704595 0.670874 0.977798 0.901922 0.970665 0.950941 0.704557 0.889591 0.617929 0.516595 0.587824 0.608397 0.795735 0.827495 0.746111 0.783904 0.908142 0.876729 0.854595 0.932259 0.636600 0.756230 0.939104 0.976200 0.994534 0.825507 0.951466 0.643988 0.684813 0.845880 0.968558 0.846478 0.799956 0.970111
0.509270 0.596399 0.737275 0.773738 0.994281 0.999864 0.791995 0.917453 0.839385 0.959637 0.643850 0.780377 0.885695 0.984309 0.976311 0.960715 0.527315 0.548876 0.000000 0.555990 0.798496 0.841344 0.986929 0.913315 0.727733 0.713120 0.939725 0.964330 0.632573 0.726707 0.696812 0.802833 0.556529 0.551259 0.899024 0.994207 0.800743 0.837737 0.839507 0.879633 0.980334 0.810860 0.631777 0.564861 0.900914 0.829782 0.578129 0.686396 0.905036 0.891023 0.871453 0.934088 0.903948 0.835746 0.808215 0.945638 0.476486 0.637066 0.641254 0.858716 0.818606 0.970191 0.646574 0.821809 0.808160 0.849886 0.634804 0.662783 0.749443 0.654051 0.681830 0.774411 0.697471 0.646893 0.958983 0.843704 0.675554 0.801575 0.761251 0.630186 0.604198 0.587935 0.865968 0.734810 0.867329 0.814372 0.715847 0.984102 0.858489 0.828320 0.807733 0.857432 0.860447 0.967819 0.982388 0.807677 0.854511 0.764963 0.976461 0.852283 0.745345 0.952463 0.793466 0.659291 0.853840 0.912207 0.998474 0.904434 0.846023 0.872102 0.736253 0.933453 0.960573 0.950461 0.871022 0.784405
0.570173 0.576257 0.949984 0.886137 0.990122 0.966552 0.934649 0.808821 0.720168 0.856384 0.646497 0.555748 0.817783 0.824591 0.986506 0.853206 0.494421 0.455523 0.555990 0.000000 0.993324 0.976076 0.920325 0.992733 0.969203 0.924441 0.920408 0.808629 0.553846 0.575415 0.877770 0.835205 0.567237 0.572857 0.967962 0.948061 0.925619 0.940357 0.997501 0.960992 0.890345 0.847336 0.784675 0.646426 0.949625 0.886440 0.819533 0.774920 0.950589 0.911179 0.934797 0.906739 0.809592 0.750991 0.951445 0.871719 0.491565 0.469748 0.650475 0.672616 0.748851 0.759481 0.591839 0.588100 0.969791 0.950500 0.863590 0.794064 0.795174 0.569041 0.682237 0.731748 0.658813 0.778694 0.988329 0.858407 0.684766 0.722950 0.688701 0.605674 0.522937 0.591367 0.909583 0.802758 0.983555 0.997906 0.770545 0.919588 0.692447 0.860224 0.697025 0.668958 0.743318 0.710585 0.805730 0.840750 0.840663 0.872781 0.996439 0.908904 0.795047 0.993587 0.681686 0.751288 0.783467 0.942569 0.968576 0.900592 0.985397 0.665018 0.630026 0.932650 0.934678 0.851120 0.771490 0.849860
0.871985 0.908360 0.700012 0.748631 0.800529 0.905409 0.746871 0.937510 0.905149 0.780824 0.801236 0.911850 0.905911 0.912913 0.968942 0.914428 0.982615 0.997458 0.798496 0.993324 0.000000 0.964583 0.871905 0.843415 0.793494 0.654850 0.952993 0.837799 0.960753 0.934314 0.907456 0.946301 0.899470 0.901364 0.830785 0.935493 0.873110 0.923232 0.765999 0.937431 0.973811 0.933783 0.993355 0.991120 0.867301 0.803188 0.899046 0.932659 0.792018 0.743457 0.843830 0.805140 0.735275 0.829062 0.963957 0.872559 0.993080 0.867843 0.960319 0.868680 0.956575 0.851979 0.980942 0.828812 0.777005 0.768249 0.756046 0.774428 0.910371 0.996761 0.989691 0.983691 0.874315 0.882762 0.879873 0.839780 0.883640 0.924014 0.975292 0.836779 0.998104 0.932525 0.971236 0.986259 0.807482 0.724393 0.864902 0.997420 0.990687 0.939691 0.888485 0.969137 0.969252 0.908144 0.833208 0.956433 0.923949 0.972670 0.821366 0.988358 0.926859 0.930746 0.842637 0.915081 0.894852 0.974004 0.945418 0.986326 0.934037 0.996551 0.984056 0.849415 0.980550 0.967994 0.951283 0.959012
0.948734 0.965671 0.836552 0.897146 0.751030 0.920176 0.958330 0.958446 0.985890 0.974639 0.999985 0.933880 0.927866 0.960157 0.959916 0.890285 0.911994 0.970984 0.841344 0.976076 0.964583 0.000000 0.952643 0.993881 0.870889 0.951490 0.947972 0.894759 0.836913 0.919306 0.863556 0.889066 0.845377 0.901608 0.889051 0.835177 0.845831 0.846750 0.881997 0.861304 0.983467 0.924123 0.793012 0.885693 0.975417 0.924513 0.768476 0.974824 0.935144 0.875167 0.860967 0.979165 0.869507 0.995695 0.988903 0.977603 0.995229 0.994108 0.914018 0.959583 0.916502 0.830621 0.962532 0.959032 0.955046 0.948475 0.938699 0.900710 0.981779 0.985626 0.940894 0.929260 0.913732 0.892379 0.976962 0.866747 0.998972 0.961193 0.987632 0.974820 0.992460 0.995551 0.983505 0.962788 0.882970 0.905363 0.766081 0.822905 0.984863 0.906341 0.935185 0.984530 0.920280 0.922917 0.977322 0.914746 0.860112 0.973277 0.893068 0.935463 0.961786 0.925462 0.914963 0.715048 0.882098 0.866472 0.854490 0.972121 0.986529 0.828071 0.923566 0.997193 0.957136 0.992147 0.997385 0.929608
0.883749 0.967496 0.797142 0.688444 0.740799 0.769335 0.733666 0.741038 0.733527 0.967305 0.901781 0.935648 0.646493 0.762641 0.606312 0.599829 0.837976 0.896571 0.986929 0.920325 0.871905 0.952643 0.000000 0.425284 0.877573 0.750513 0.813299 0.857715 0.914390 0.905601 0.739031 0.777029 0.828774 0.868194 0.818597 0.907930 0.613846 0.774934 0.973489 0.971656 0.874703 0.953496 0.939707 0.980365 0.738530 0.766610 0.807673 0.732255 0.915254 0.882398 0.732194 0.759056 0.771271 0.747698 0.994586 0.858774 0.931424 0.901938 0.842830 0.843995 0.694341 0.782894 0.850765 0.914022 0.638015 0.628744 0.733720 0.638057 0.701816 0.837234 0.952552 0.911099 0.757706 0.758532 0.934472 0.958992 0.967270 0.864266 0.885891 0.977020 0.804330 0.772440 0.628695 0.750650 0.451637 0.484349 0.809702 0.576172 0.956910 0.753682 0.758245 0.844532 0.856306 0.859006 0.836932 0.826505 0.922057 0.944867 0.805914 0.738982 0.735316 0.851629 0.936138 0.941895 0.689425 0.758888 0.937611 0.980088 0.936289 0.993942 0.982785 0.898120 0.936486 0.836254 0.756661 0.900798
0.973825 0.963710 0.760684 0.609653 0.843997 0.832482 0.796944 0.819238 0.936171 0.854209 0.854035 0.941426 0.779171 0.840419 0.781345 0.635191 0.897971 0.924952 0.913315 0.992733 0.843415 0.993881 0.425284 0.000000 0.761507 0.734972 0.783831 0.914548 0.877057 0.888024 0.784796 0.741695 0.879442 0.845825 0.925618 0.863138 0.670485 0.765991 0.915172 0.935844 0.995661 0.964265 0.894105 0.934623 0.897765 0.855642 0.742859 0.780177 0.991334 0.929243 0.769163 0.899859 0.967414 0.991308 0.872590 0.886192 0.948195 0.979307 0.918956 0.874145 0.835858 0.871519 0.902413 0.961665 0.625285 0.596662 0.713487 0.616495 0.880319 0.932498 0.961627 0.802405 0.798795 0.827248 0.993162 0.903679 0.937979 0.884963 0.881483 0.858249 0.799329 0.719944 0.692657 0.751012 0.488509 0.490911 0.840405 0.608243 0.967605 0.782825 0.830874 0.832166 0.845766 0.809246 0.801721 0.885367 0.990528 0.845523 0.952742 0.868589 0.664885 0.957127 0.957821 0.961262 0.723643 0.705613 0.991170 0.917006 0.882686 0.914782 0.996625 0.990157 0.855180 0.798407 0.839186 0.742195
0.759029 0.883481 0.516903 0.678364 0.962881 0.933857 0.659620 0.933397 0.914134 0.884711 0.990589 0.749000 0.970340 0.838539 0.964790 0.929269 0.980145 0.906144 0.727733 0.969203 0.793494 0.870889 0.877573 0.761507 0.000000 0.532579 0.829939 0.945521 0.866183 0.843397 0.716758 0.923734 0.853812 0.849142 0.749677 0.955632 0.747408 0.812277 0.707822 0.842182 0.875132 0.977794 0.550320 0.687419 0.950828 0.869027 0.628849 0.686911 0.893561 0.794184 0.904555 0.943872 0.997730 0.910003 0.859044 0.750932 0.844945 0.988586 0.754279 0.961824 0.988511 0.800799 0.816376 0.672122 0.547793 0.770399 0.599655 0.723149 0.878697 0.954421 0.852182 0.890330 0.925015 0.915285 0.876114 0.999488 0.901135 0.943920 0.963894 0.958103 0.990435 0.845847 0.977008 0.903859 0.726433 0.781942 0.794344 0.989223 0.884130 0.905692 0.959896 0.829341 0.823153 0.726119 0.935486 0.825979 0.953217 0.976828 0.910098 0.945622 0.774818 0.989778 0.939384 0.864014 0.920290 0.950661 0.975876 0.935633 0.906711 0.929528 0.955542 0.951438 0.941923 0.969246 0.942180 0.725037
0.793014 0.953233 0.551049 0.560442 0.898544 0.849089 0.613120 0.983693 0.759129 0.807312 0.876777 0.772237 0.973262 0.747714 0.898436 0.923924 0.920281 0.875549 0.713120 0.924441 0.654850 0.951490 0.750513 0.734972 0.532579 0.000000 0.817332 0.831288 0.778046 0.701042 0.742937 0.989603 0.836370 0.852838 0.848684 0.889554 0.691434 0.879685 0.688540 0.896822 0.887234 0.914884 0.747855 0.854697 0.951552 0.985672 0.732764 0.827310 0.899553 0.995806 0.985939 0.999830 0.946173 0.891107 0.846230 0.749430 0.905178 0.941327 0.892526 0.949770 0.976021 0.826588 0.839951 0.680597 0.531100 0.683147 0.541016 0.627891 0.914894 0.844992 0.830806 0.925865 0.986344 0.955483 0.868209 0.921123 0.963575 0.917127 0.875256 0.978715 0.953894 0.898801 0.987623 0.963594 0.660177 0.647957 0.739608 0.945979 0.896568 0.780643 0.833828 0.700041 0.745033 0.688968 0.810278 0.865842 0.966214 0.979051 0.939624 0.846811 0.790383 0.929841 0.738465 0.976236 0.866371 0.865748 0.821921 0.996715 0.874139 0.899441 0.918859 0.884975 0.989660 0.911145 0.848742 0.838139
0.972311 0.898117 0.945434 0.958151 0.949765 0.952583 0.952873 0.923053 0.934323 0.807391 0.926717 0.887601 0.986541 0.935338 0.959589 0.950104 0.956455 0.927757 0.939725 0.920408 0.952993 0.947972 0.813299 0.783831 0.829939 0.817332 0.000000 0.999950 0.812947 0.924545 0.998820 0.907033 0.877599 0.975190 0.852812 0.912565 0.906772 0.906429 0.814430 0.992023 0.858867 0.999876 0.967565 0.922767 0.990868 0.984623 0.953646 0.989273 0.958235 0.980081 0.920917 0.854058 0.927929 0.921969 0.992928 0.991504 0.991057 0.911283 0.900845 0.866443 0.944383 0.903270 0.934302 0.879493 0.909846 0.915618 0.992494 0.964906 0.999703 0.990425 0.991272 0.995979 0.885097 0.936944 0.991869 0.909994 0.915835 0.980993 0.999448 0.924596 0.971628 0.929216 0.910605 0.991513 0.828683 0.826858 0.982706 0.843820 0.883613 0.971738 0.946336 0.931179 0.975946 0.891694 0.951892 0.885303 0.907412 0.728224 0.960778 0.974656 0.854332 0.841905 0.999005 0.974046 0.875882 0.874536 0.875628 0.904312 0.890092 0.995142 0.946379 0.974559 0.913038 0.940181 0.983167 0.839052
0.893664 0.893295 0.951806 0.878660 0.929419 0.851698 0.982609 0.982779 0.995839 0.944023 0.854301 0.872886 0.999941 0.980282 0.883275 0.948268 0.907504 0.896294 0.964330 0.808629 0.837799 0.894759 0.857715 0.914548 0.945521 0.831288 0.999950 0.000000 0.951003 0.962778 0.890771 0.943102 0.973445 0.947957 0.866167 0.954616 0.824480 0.867928 0.938943 0.825701 0.921781 0.958889 0.996313 0.939005 0.877806 0.946668 0.874784 0.963128 0.906020 0.921786 0.904445 0.855357 0.908737 0.840617 0.888772 0.903934 0.876018 0.893467 0.816234 0.807883 0.920696 0.905004 0.970588 0.899762 0.850724 0.948115 0.853606 0.941136 0.782862 0.907412 0.983136 0.947769 0.883835 0.949357 0.968744 0.973042 0.982611 0.922325 0.888914 0.923539 0.856010 0.889457 0.891848 0.988518 0.950202 0.875461 0.971209 0.963440 0.870369 0.990697 0.891437 0.888904 0.872014 0.953192 0.987233 0.979138 0.975429 0.891493 0.888096 0.939486 0.866081 0.900838 0.917359 0.930816 0.936277 0.989337 0.974691 0.911628 0.989042 0.909811 0.880241 0.965487 0.956090 0.886114 0.995006 0.826552
0.706949 0.608633 0.820282 0.842018 0.959941 0.912240 0.850678 0.883787 0.729410 0.636078 0.643619 0.512984 0.870840 0.702339 0.796962 0.803088 0.422448 0.424075 0.632573 0.553846 0.960753 0.836913 0.914390 0.877057 0.866183 0.778046 0.812947 0.951003 0.000000 0.370082 0.693377 0.689014 0.581751 0.549871 0.984621 0.837196 0.913271 0.866262 0.734715 0.958724 0.881056 0.834876 0.805429 0.609706 0.692678 0.609517 0.726816 0.714247 0.755063 0.789396 0.716062 0.888920 0.895933 0.831438 0.890777 0.891094 0.581683 0.591400 0.833378 0.919106 0.804353 0.784719 0.470275 0.477742 0.793969 0.841566 0.978820 0.898566 0.951936 0.537830 0.864781 0.839784 0.620258 0.611053 0.919497 0.847837 0.774729 0.849437 0.633186 0.620827 0.506951 0.692217 0.777870 0.781517 0.893154 0.944673 0.945097 0.931712 0.692060 0.985598 0.605040 0.540493 0.631922 0.598429 0.831427 0.835367 0.836624 0.797400 0.903426 0.943298 0.893937 0.933733 0.597517 0.746004 0.975932 0.912803 0.891526 0.812034 0.906058 0.694283 0.733920 0.780312 0.977009 0.773425 0.853426 0.897135
0.820058 0.706806 0.735675 0.772266 0.988373 0.876300 0.762435 0.977341 0.598297 0.728843 0.693321 0.560050 0.864872 0.615613 0.715792 0.757599 0.416890 0.409260 0.726707 0.575415 0.934314 0.919306 0.905601 0.888024 0.843397 0.701042 0.924545 0.962778 0.370082 0.000000 0.723279 0.606906 0.647674 0.630263 0.915501 0.892200 0.969052 0.913078 0.853547 0.966897 0.974966 0.909086 0.893221 0.673741 0.748469 0.680705 0.787145 0.767511 0.829305 0.858375 0.811800 0.972935 0.949811 0.860587 0.921836 0.859255 0.635711 0.632373 0.957660 0.982602 0.861950 0.825439 0.476631 0.491047 0.694440 0.769745 0.872158 0.982628 0.955005 0.549310 0.914220 0.799196 0.669220 0.684090 0.976710 0.840076 0.899051 0.906495 0.632327 0.551889 0.537116 0.641063 0.689587 0.765050 0.872892 0.934866 0.995157 0.911262 0.662524 0.892455 0.535855 0.439988 0.514188 0.514679 0.802174 0.870150 0.893185 0.828908 0.967150 0.909208 0.992432 0.880729 0.589898 0.852891 0.954536 0.830335 0.906088 0.747810 0.871709 0.686544 0.747461 0.850604 0.986940 0.795525 0.916958 0.825764
0.869603 0.792198 0.864285 0.879104 0.952288 0.795875 0.971771 0.992965 0.977128 0.777515 0.799848 0.968011 0.905048 0.899433 0.771817 0.775463 0.741859 0.787616 0.696812 0.877770 0.907456 0.863556 0.739031 0.784796 0.716758 0.742937 0.998820 0.890771 0.693377 0.723279 0.000000 0.567553 0.594831 0.693264 0.860614 0.992406 0.640393 0.758086 0.969804 0.902138 0.921032 0.982545 0.662741 0.656552 0.595803 0.632790 0.574634 0.567978 0.655143 0.741669 0.682699 0.926557 0.808672 0.766647 0.743778 0.860408 0.707673 0.809916 0.951733 0.876938 0.967484 0.953569 0.802370 0.903565 0.929108 0.953018 0.821262 0.812914 0.904632 0.779532 0.801551 0.786679 0.835975 0.852776 0.979414 0.794087 0.977784 0.897039 0.876655 0.731746 0.743654 0.729889 0.713757 0.757119 0.850943 0.828308 0.920256 0.712951 0.838583 0.927236 0.815693 0.835214 0.884518 0.890754 0.994660 0.738142 0.909398 0.852527 0.832383 0.995633 0.839513 0.958747 0.908516 0.951564 0.977207 0.964341 0.979060 0.873779 0.908984 0.862555 0.950550 0.830115 0.984565 0.936670 0.897926 0.941878
0.965784 0.920590 0.994229 0.977377 0.991473 0.955296 0.903679 0.929277 0.751733 0.961304 0.997797 0.852052 0.840593 0.728206 0.587619 0.689641 0.708410 0.749274 0.802833 0.835205 0.946301 0.889066 0.777029 0.741695 0.923734 0.989603 0.907033 0.943102 0.689014 0.606906 0.567553 0.000000 0.655648 0.795102 0.945531 0.942119 0.820137 0.756057 0.917399 0.862122 0.925965 0.817699 0.817962 0.756001 0.692487 0.710290 0.666573 0.714347 0.825944 0.823775 0.763301 0.957144 0.886670 0.824878 0.800143 0.949943 0.787920 0.829465 0.845950 0.822885 0.968646 0.993030 0.744935 0.794256 0.954602 0.933659 0.960050 0.869590 0.930462 0.808722 0.963091 0.706674 0.895124 0.845179 0.913950 0.940683 0.982204 0.931140 0.764353 0.628865 0.711877 0.708917 0.621925 0.678410 0.886329 0.819866 0.894940 0.634871 0.803966 0.985481 0.797852 0.806803 0.734925 0.869696 0.986769 0.884291 0.991436 0.743181 0.897346 0.987389 0.870668 0.883889 0.816522 0.947433 0.961711 0.974158 0.924077 0.912001 0.899373 0.851424 0.903314 0.724175 0.965915 0.806619 0.920184 0.915439
0.680287 0.578948 0.750041 0.684176 0.974411 0.969234 0.734481 0.692396 0.997273 0.745184 0.725320 0.709181 0.753311 0.772011 0.776047 0.823763 0.567310 0.600989 0.556529 0.567237 0.899470 0.845377 0.828774 0.879442 0.853812 0.836370 0.877599 0.973445 0.581751 0.647674 0.594831 0.655648 0.000000 0.489243 0.778489 0.978252 0.792252 0.891884 0.997517 0.917969 0.971389 0.784420 0.642399 0.542259 0.732336 0.685575 0.563220 0.551485 0.818163 0.753383 0.633099 0.751687 0.837531 0.927625 0.818306 0.939026 0.562550 0.563905 0.646930 0.763231 0.659422 0.772535 0.576699 0.652079 0.803952 0.841817 0.669066 0.588727 0.992563 0.797529 0.820101 0.769168 0.862544 0.894848 0.906259 0.881651 0.723395 0.778970 0.782351 0.641110 0.526372 0.630201 0.760271 0.714608 0.774471 0.806494 0.793988 0.888875 0.916854 0.719869 0.914088 0.878746 0.921446 0.940149 0.837269 0.775726 0.916516 0.877758 0.691873 0.746945 0.772884 0.886326 0.774354 0.765996 0.731734 0.921340 0.927763 0.916132 0.994346 0.787487 0.816795 0.850005 0.961562 0.930471 0.663723 0.965589
0.499928 0.489360 0.815111 0.709635 0.943406 0.994939 0.758425 0.615482 0.855798 0.803698 0.659485 0.575225 0.798488 0.754403 0.847651 0.767695 0.546787 0.499117 0.551259 0.572857 0.901364 0.901608 0.868194 0.845825 0.849142 0.852838 0.975190 0.947957 0.549871 0.630263 0.693264 0.795102 0.489243 0.000000 0.847067 0.991821 0.775203 0.810115 0.934150 0.927846 0.980536 0.828864 0.629127 0.495436 0.763281 0.668382 0.567449 0.501844 0.827573 0.842326 0.654636 0.860839 0.944720 0.952075 0.855114 0.939930 0.503101 0.534561 0.620345 0.741968 0.643912 0.646712 0.545789 0.569765 0.786574 0.760670 0.615016 0.563280 0.907308 0.684024 0.718841 0.743564 0.696758 0.731604 0.913320 0.886638 0.683744 0.672424 0.711244 0.654184 0.464670 0.550141 0.736157 0.662891 0.746533 0.738946 0.831402 0.882452 0.868108 0.771519 0.856619 0.815713 0.875725 0.923993 0.835067 0.682790 0.778204 0.840143 0.731073 0.706081 0.699804 0.966327 0.682710 0.693442 0.725433 0.918083 0.943186 0.879718 0.832143 0.647887 0.776014 0.776782 0.846409 0.867270 0.673721 0.817396
0.833793 0.882518 0.721321 0.700466 0.955431 0.841644 0.704172 0.815972 0.791439 0.910455 0.987350 0.963037 0.838505 0.956242 0.917114 0.977746 0.991753 0.957677 0.899024 0.967962 0.830785 0.889051 0.818597 0.925618 0.749677 0.848684 0.852812 0.866167 0.984621 0.915501 0.860614 0.945531 0.778489 0.847067 0.000000 0.906864 0.713533 0.927210 0.908177 0.993622 0.988566 0.926176 0.689067 0.720144 0.802561 0.792946 0.787883 0.773171 0.814436 0.684712 0.731829 0.724109 0.760475 0.891751 0.834914 0.792921 0.901165 0.858910 0.780489 0.856131 0.740356 0.790473 0.958149 0.999739 0.659442 0.730390 0.699355 0.703295 0.995611 0.918698 0.920323 0.976319 0.907891 0.899790 0.966506 0.928992 0.805387 0.791137 0.948826 0.937896 0.901213 0.879905 0.895536 0.788006 0.729065 0.778713 0.989385 0.929190 0.849401 0.782393 0.833428 0.847822 0.817927 0.786397 0.977626 0.764158 0.984894 0.872292 0.852063 0.925216 0.925652 0.689317 0.988718 0.831033 0.852814 0.991666 0.879769 0.974230 0.906090 0.979419 0.972511 0.952357 0.830709 0.957370 0.796891 0.999325
0.933985 0.984330 0.941097 0.931100 0.782174 0.925539 0.966648 0.976342 0.898202 0.997092 0.927148 0.959938 0.985557 0.920963 0.909679 0.925916 0.979638 0.994017 0.994207 0.948061 0.935493 0.835177 0.907930 0.863138 0.955632 0.889554 0.912565 0.954616 0.837196 0.892200 0.992406 0.942119 0.978252 0.991821 0.906864 0.000000 0.911268 0.994331 0.892856 0.947683 0.938442 0.989165 0.985907 0.911216 0.885688 0.873833 0.968031 0.986889 0.857875 0.915166 0.989561 0.965403 0.992173 0.993326 0.863103 0.956918 0.905429 0.991351 0.969790 0.980416 0.956258 0.932839 0.958445 0.933827 0.921369 0.955152 0.982563 0.971450 0.912457 0.940022 0.908640 0.914453 0.940527 0.967713 0.968238 0.902449 0.883777 0.867181 0.876800 0.970937 0.971564 0.884164 0.884860 0.809645 0.840804 0.855666 0.915014 0.780590 0.797189 0.771939 0.976423 0.985764 0.960078 0.981151 0.981364 0.942636 0.891160 0.938989 0.981187 0.998021 0.889232 0.862448 0.941166 0.978991 0.957211 0.902209 0.871150 0.957755 0.962895 0.986393 0.916620 0.954886 0.995264 0.924049 0.916043 0.879951
0.875901 0.796662 0.835670 0.772646 0.936052 0.720127 0.919867 0.937176 0.881841 0.866132 0.989330 0.973785 0.876160 0.972300 0.867481 0.814163 0.981411 0.956667 0.800743 0.925619 0.873110 0.845831 0.613846 0.670485 0.747408 0.691434 0.906772 0.824480 0.913271 0.969052 0.640393 0.820137 0.792252 0.775203 0.713533 0.911268 0.000000 0.602159 0.855048 0.985716 0.991105 0.950447 0.703520 0.775966 0.677192 0.653166 0.669734 0.628684 0.693868 0.657558 0.760503 0.802497 0.830343 0.804065 0.739822 0.683486 0.829431 0.827818 0.966549 0.908202 0.948753 0.949576 0.957771 0.987358 0.762868 0.908530 0.765253 0.696385 0.974084 0.935435 0.747636 0.785284 0.989833 0.941206 0.861286 0.900630 0.995615 0.735635 0.909510 0.946440 0.902177 0.840909 0.871711 0.806338 0.798950 0.799774 0.918104 0.805743 0.868840 0.845265 0.954532 0.957994 0.828185 0.984833 0.996783 0.796175 0.856078 0.839481 0.734738 0.828854 0.691862 0.882319 0.904306 0.909358 0.872446 0.857762 0.927878 0.892992 0.926932 0.906392 0.973723 0.881148 0.998438 0.902084 0.779229 0.983957
0.923491 0.791161 0.994044 0.939366 0.993367 0.896269 0.895681 0.994046 0.960564 0.857508 0.891066 0.928655 0.927369 0.940061 0.892364 0.792021 0.929036 0.901027 0.837737 0.940357 0.923232 0.846750 0.774934 0.765991 0.812277 0.879685 0.906429 0.867928 0.866262 0.913078 0.758086 0.756057 0.891884 0.810115 0.927210 0.994331 0.602159 0.000000 0.967816 0.965429 0.889813 0.812314 0.604621 0.686137 0.578900 0.576885 0.638865 0.592859 0.618126 0.638210 0.733182 0.844168 0.798254 0.815259 0.823997 0.801506 0.835759 0.890410 0.936776 0.818344 0.932447 0.912312 0.978004 0.925789 0.851077 0.956534 0.816623 0.837801 0.866515 0.780127 0.778033 0.645803 0.877126 0.823288 0.946703 0.887028 0.952438 0.927040 0.746389 0.901231 0.887459 0.834788 0.807525 0.759799 0.917556 0.800526 0.960226 0.828568 0.801466 0.972880 0.946453 0.992563 0.940882 0.943904 0.962374 0.745579 0.775906 0.757967 0.822381 0.846413 0.684146 0.935708 0.821933 0.777155 0.917582 0.767027 0.907677 0.970322 0.840287 0.879420 0.855408 0.816252 0.906585 0.864809 0.834913 0.842500
