0.000000 0.356252 0.820844 0.693521 0.959197 0.952573 0.909036 0.777983 0.813382 0.986469 0.456251 0.400665 0.603792 0.501244 0.774251 0.721089 0.427633 0.367483 0.499036 0.367442 0.864253 0.965790 0.856002 0.814860 0.810696 0.901333 0.931223 0.910514 0.569296 0.529491 0.917976 0.869410 0.529919 0.596039 0.912798 0.938293 0.670659 0.642429 0.755593 0.795405 0.848936 0.648515 0.933554 0.807899 0.965174 0.925517 0.760202 0.757820 0.879817 0.823823 0.984654 0.918367 0.931903 0.846165 0.698601 0.793482 0.362187 0.337278 0.727236 0.734535 0.756264 0.863002 0.616340 0.512960 0.942358 0.974524 0.887139 0.961977 0.356346 0.467279 0.875993 0.926827 0.750348 0.738107 0.758823 0.986413 0.821687 0.971642 0.555684 0.640029 0.409006 0.443088 0.460400 0.468634 0.512434 0.629842 0.957238 0.923445 0.850437 0.607571 0.815797 0.738451 0.794203 0.730316 0.950170 0.954967 0.981458 0.847761 0.967252 0.978373 0.804997 0.966215 0.849330 0.698928 0.968783 0.753114 0.994523 0.955033 0.939276 0.816900 0.987226 0.989556 0.979628 0.795731 0.971950 0.906978
0.356252 0.000000 0.767856 0.630239 0.906076 0.864612 0.805199 0.674573 0.981589 0.930365 0.577724 0.429921 0.739979 0.565580 0.902406 0.770856 0.497911 0.434950 0.463671 0.410684 0.935484 0.975132 0.900808 0.855094 0.795661 0.851325 0.900037 0.833600 0.644397 0.690246 0.893378 0.874097 0.594080 0.587982 0.906252 0.994208 0.631197 0.570962 0.746114 0.839467 0.891774 0.678602 0.830780 0.641041 0.882540 0.777359 0.723539 0.741608 0.730391 0.677231 0.845587 0.804886 0.897004 0.991147 0.773364 0.735673 0.275823 0.261334 0.775793 0.805094 0.812770 0.812897 0.721530 0.590602 0.940818 0.935581 0.887953 0.954324 0.479820 0.492803 0.840812 0.858405 0.862926 0.847815 0.920698 0.938063 0.714570 0.935699 0.529972 0.641134 0.430260 0.478018 0.582873 0.474895 0.563466 0.708935 0.996444 0.992973 0.863703 0.620676 0.987847 0.931820 0.994928 0.890609 0.905978 0.914925 0.967200 0.857105 0.904196 0.857228 0.878439 0.997083 0.795900 0.738498 0.971831 0.851013 0.891174 0.834974 0.990351 0.689414 0.805425 0.908090 0.860531 0.646510 0.992203 0.968499
0.820844 0.767856 0.000000 0.519486 0.987261 0.675583 0.844975 0.724722 0.619639 0.939857 0.984632 0.746447 0.581458 0.677544 0.555701 0.492653 0.920725 0.952761 0.847046 0.765340 0.780475 0.936159 0.495821 0.566101 0.507683 0.519976 0.777881 0.959417 0.995726 0.898257 0.596884 0.641269 0.840747 0.881083 0.673135 0.872481 0.657748 0.831480 0.769412 0.772809 0.900925 0.846457 0.850142 0.851365 0.909747 0.951247 0.792012 0.845907 0.860779 0.988010 0.969702 0.914752 0.981370 0.971039 0.868663 0.988708 0.941826 0.880062 0.949194 0.889331 0.739764 0.532298 0.849539 0.963544 0.461626 0.498753 0.976328 0.864119 0.794430 0.862412 0.639055 0.769246 0.818589 0.908259 0.939364 0.984274 0.670018 0.891635 0.971197 0.745254 0.998656 0.862209 0.796433 0.849575 0.655704 0.549280 0.980554 0.759996 0.716947 0.729967 0.991865 0.936206 0.938672 0.911665 0.823777 0.843504 0.719637 0.973508 0.967393 0.940734 0.722498 0.992507 0.930611 0.929105 0.905461 0.874890 0.789364 0.968648 0.767864 0.829421 0.978152 0.874833 0.933022 0.879981 0.677422 0.966816
0.693521 0.630239 0.519486 0.000000 0.902339 0.829557 0.880522 0.496188 0.856458 0.998494 0.959301 0.547601 0.660871 0.538872 0.670109 0.501032 0.943266 0.876318 0.758678 0.730098 0.638952 0.872836 0.556351 0.448479 0.514370 0.497703 0.753820 0.896734 0.942316 0.921869 0.667235 0.648736 0.762380 0.831419 0.837641 0.870873 0.631343 0.720420 0.619213 0.841140 0.985172 0.702980 0.992034 0.850391 0.738008 0.839233 0.984825 0.957441 0.750152 0.900715 0.876881 0.934692 0.916060 0.843528 0.937318 0.965804 0.765678 0.703868 0.955739 0.921864 0.857407 0.602105 0.989186 0.833816 0.571121 0.602393 0.987154 0.993915 0.666229 0.728077 0.753990 0.803334 0.999152 0.929130 0.903695 0.969735 0.704896 0.989218 0.837080 0.892410 0.902912 0.816679 0.703392 0.758334 0.761630 0.538895 0.971856 0.817329 0.704903 0.572857 0.927944 0.745957 0.977667 0.852012 0.884445 0.839390 0.903782 0.964319 0.901833 0.940766 0.793141 0.813983 0.830411 0.940518 0.815335 0.814711 0.841799 0.989831 0.887881 0.773635 0.982394 0.730694 0.948740 0.830351 0.810901 0.904657
0.959197 0.906076 0.987261 0.902339 0.000000 0.985431 0.723888 0.936014 0.909266 0.814338 0.872164 0.963080 0.877154 0.902416 0.893604 0.917477 0.962645 0.955828 0.828401 0.871891 0.957624 0.982481 0.809339 0.846076 0.954701 0.804889 0.846239 0.835426 0.877034 0.879883 0.733744 0.897045 0.904306 0.812549 0.805308 0.858036 0.884263 0.753144 0.954031 0.819766 0.904169 0.760208 0.834936 0.878802 0.903857 0.946676 0.903974 0.915807 0.947577 0.994343 0.996365 0.950904 0.996549 0.993229 0.919127 0.903844 0.892973 0.919311 0.727374 0.784460 0.756527 0.951687 0.775812 0.860551 0.964821 0.973186 0.756378 0.733701 0.989940 0.785404 0.908705 0.936759 0.914715 0.832512 0.974075 0.893571 0.983945 0.711765 0.959815 0.991439 0.991439 0.899092 0.989120 0.934902 0.959219 0.947803 0.977535 0.987876 0.930564 0.831271 0.971038 0.982506 0.900318 0.936776 0.924517 0.922093 0.962557 0.924205 0.880024 0.813653 0.926146 0.836800 0.881799 0.871858 0.898533 0.659858 0.941312 0.976296 0.875581 0.922789 0.948754 0.945389 0.936317 0.820781 0.708829 0.980007
0.952573 0.864612 0.675583 0.829557 0.985431 0.000000 0.978590 0.929749 0.765002 0.994763 0.845964 0.998999 0.830104 0.911883 0.679559 0.699541 0.763527 0.750086 0.792831 0.971974 0.937495 0.828953 0.807975 0.740443 0.783837 0.704350 0.865960 0.706151 0.811346 0.956839 0.785922 0.896298 0.950947 0.854233 0.928191 0.873019 0.814117 0.886932 0.874559 0.881659 0.856615 0.995086 0.981281 0.927800 0.848069 0.830414 0.964376 0.899194 0.785451 0.870252 0.873056 0.952194 0.951053 0.946650 0.837043 0.960088 0.702465 0.799587 0.848255 0.976924 0.926661 0.728330 0.803571 0.875915 0.738533 0.671514 0.905426 0.968909 0.959111 0.989000 0.789000 0.791679 0.762637 0.914609 0.860357 0.872386 0.901814 0.981622 0.911207 0.876378 0.854013 0.962766 0.922551 0.856452 0.907345 0.896623 0.958984 0.932398 0.917150 0.992413 0.915898 0.966456 0.928506 0.871530 0.982032 0.988679 0.793959 0.939234 0.996032 0.905357 0.998778 0.945989 0.965560 0.876571 0.981116 0.912821 0.855429 0.995131 0.787573 0.891148 0.983757 0.906210 0.948745 0.915552 0.921347 0.933523
0.909036 0.805199 0.844975 0.880522 0.723888 0.978590 0.000000 0.370718 0.793595 0.447856 0.809963 0.734289 0.766246 0.964800 0.971999 0.942608 0.735961 0.772844 0.615085 0.983322 0.812631 0.973855 0.803828 0.735369 0.687784 0.812779 0.738549 0.539401 0.740527 0.794639 0.662004 0.894298 0.575450 0.451677 0.855548 0.814884 0.840200 0.715403 0.751955 0.742328 0.844654 0.941895 0.474662 0.485038 0.495459 0.489533 0.568670 0.536008 0.552450 0.544915 0.506396 0.503161 0.629814 0.632629 0.929852 0.819996 0.833923 0.773838 0.407444 0.486747 0.375648 0.721974 0.498427 0.504848 0.791221 0.922467 0.324920 0.411818 0.940506 0.936227 0.693301 0.761070 0.973564 0.988934 0.996047 0.847173 0.599713 0.914551 0.695336 0.905140 0.893374 0.855029 0.975464 0.950987 0.958329 0.785995 0.998929 0.738909 0.944723 0.912699 0.668895 0.664894 0.672448 0.754984 0.792993 0.933462 0.759278 0.680461 0.436918 0.470963 0.632586 0.631506 0.589868 0.575658 0.718387 0.738394 0.792178 0.652634 0.858484 0.762956 0.544125 0.641356 0.487688 0.720216 0.598739 0.954877
0.777983 0.674573 0.724722 0.496188 0.936014 0.929749 0.370718 0.000000 0.791808 0.524661 0.868426 0.530301 0.655248 0.680605 0.836402 0.727055 0.755536 0.764556 0.610558 0.849122 0.973692 0.905083 0.667057 0.883149 0.961073 0.912262 0.912378 0.722517 0.860289 0.826080 0.568662 0.768490 0.548751 0.496481 0.845559 0.898697 0.946137 0.915186 0.932740 0.844214 0.885374 0.864872 0.604779 0.510754 0.732805 0.671483 0.635921 0.637465 0.783499 0.694618 0.652883 0.639552 0.699615 0.737037 0.917449 0.815710 0.773488 0.693242 0.565003 0.583417 0.425851 0.497235 0.622959 0.511986 0.951887 0.818116 0.484292 0.525209 0.938408 0.874544 0.617253 0.708604 0.992316 0.934683 0.922975 0.932608 0.589056 0.967396 0.625272 0.899135 0.880803 0.972634 0.855990 0.970598 0.929196 0.915836 0.966480 0.664514 0.867510 0.845512 0.759778 0.884938 0.720231 0.924813 0.795450 0.942182 0.713837 0.692889 0.619107 0.621781 0.790313 0.875122 0.785371 0.631291 0.672752 0.760886 0.771941 0.696405 0.847478 0.697763 0.644217 0.875585 0.572842 0.716130 0.671380 0.941711
0.813382 0.981589 0.619639 0.856458 0.909266 0.765002 0.793595 0.791808 0.000000 0.737528 0.859677 0.968436 0.841297 0.972146 0.692736 0.756260 0.731556 0.736089 0.972421 0.913822 0.989818 0.929388 0.679257 0.909566 0.850894 0.708562 0.980930 0.879036 0.959148 0.860074 0.653157 0.881358 0.927251 0.987184 0.763546 0.956256 0.871447 0.977578 0.994643 0.889018 0.983168 0.979817 0.586729 0.765379 0.855933 0.930029 0.807509 0.936509 0.958616 0.914154 0.848614 0.842730 0.780243 0.725691 0.971140 0.972076 0.816212 0.851220 0.888775 0.952503 0.790954 0.548835 0.764572 0.859105 0.738637 0.667907 0.949902 0.906600 0.808767 0.733530 0.505054 0.581598 0.787087 0.828375 0.920967 0.915881 0.688558 0.718787 0.925257 0.977637 0.777602 0.867698 0.765609 0.823733 0.951098 0.979374 0.861635 0.762020 0.940623 0.980675 0.579480 0.631915 0.676239 0.720059 0.869493 0.852589 0.733765 0.977696 0.684842 0.662476 0.910493 0.795414 0.917656 0.936858 0.800242 0.897573 0.716364 0.824142 0.870899 0.841268 0.832485 0.988814 0.783933 0.861169 0.820879 0.664556
0.986469 0.930365 0.939857 0.998494 0.814338 0.994763 0.447856 0.524661 0.737528 0.000000 0.900417 0.847615 0.824662 0.963324 0.977883 0.935104 0.865692 0.941174 0.805612 0.887560 0.841513 0.953306 0.945978 0.711134 0.666944 0.832670 0.746733 0.641213 0.865840 0.996680 0.723985 0.935603 0.706290 0.719403 0.986575 0.825089 0.896022 0.786246 0.778282 0.831915 0.963847 0.930630 0.484157 0.514043 0.534629 0.532253 0.639362 0.683478 0.549060 0.590409 0.516807 0.533081 0.537939 0.541310 0.956302 0.890022 0.910666 0.885010 0.612647 0.694768 0.552408 0.720479 0.707754 0.666928 0.740536 0.819316 0.539035 0.695201 0.823650 0.905831 0.592617 0.606865 0.985793 0.871612 0.958716 0.894829 0.585650 0.856655 0.800720 0.935166 0.966370 0.686101 0.810759 0.703209 0.820679 0.657498 0.885404 0.626818 0.931765 0.882037 0.553415 0.534107 0.569597 0.627195 0.870827 0.854180 0.677221 0.752190 0.393703 0.479313 0.625286 0.601774 0.533453 0.658438 0.740062 0.881499 0.913539 0.661102 0.883061 0.744792 0.516824 0.686036 0.591660 0.825737 0.839549 0.861721
0.456251 0.577724 0.984632 0.959301 0.872164 0.845964 0.809963 0.868426 0.859677 0.900417 0.000000 0.532125 0.755790 0.723270 0.913723 0.921617 0.392474 0.366605 0.561544 0.442837 0.981374 0.897468 0.988581 0.896299 0.956581 0.910629 0.961002 0.815302 0.436132 0.415381 0.811655 0.827924 0.578543 0.558679 0.943800 0.964575 0.960876 0.861736 0.971899 0.945692 0.800255 0.676904 0.887499 0.914582 0.959256 0.996804 0.832370 0.836066 0.918811 0.981295 0.913711 0.954378 0.830930 0.797069 0.849093 0.992823 0.529993 0.526304 0.726350 0.725606 0.754483 0.975550 0.478200 0.439930 0.759393 0.821353 0.862767 0.914136 0.474154 0.636480 0.943296 0.970248 0.730356 0.684467 0.888283 0.921982 0.886198 0.767248 0.632437 0.866669 0.536325 0.688676 0.626102 0.615791 0.817989 0.930093 0.931431 0.992700 0.843674 0.969662 0.769270 0.729179 0.688255 0.738508 0.951168 0.862235 0.903597 0.789403 0.982582 0.988200 0.978859 0.940520 0.793829 0.621909 0.936494 0.632984 0.930547 0.953198 0.977123 0.852912 0.965870 0.968920 0.949114 0.890002 0.977352 0.869407
0.400665 0.429921 0.746447 0.547601 0.963080 0.998999 0.734289 0.530301 0.968436 0.847615 0.532125 0.000000 0.477228 0.376048 0.649984 0.533364 0.464420 0.401552 0.416645 0.424594 0.843965 0.962342 0.625422 0.754445 0.803129 0.872540 0.945277 0.792112 0.577433 0.493488 0.646522 0.627483 0.458210 0.523112 0.966688 0.981775 0.662046 0.717222 0.797941 0.951294 0.839290 0.689916 0.884533 0.693239 0.989068 0.931879 0.700099 0.761999 0.946047 0.928661 0.948570 0.920025 0.992073 0.987590 0.785182 0.786570 0.505215 0.448265 0.732405 0.773390 0.591866 0.626199 0.565398 0.417819 0.958256 0.901915 0.796538 0.834403 0.483485 0.610762 0.672034 0.685046 0.679483 0.754944 0.857601 0.966591 0.725569 0.879216 0.441935 0.743006 0.485363 0.565156 0.514160 0.553054 0.605987 0.676180 0.988767 0.902822 0.820022 0.657120 0.955772 0.799305 0.929847 0.796599 0.946896 0.899413 0.927021 0.750346 0.887900 0.870163 0.958006 0.971057 0.863938 0.623789 0.761442 0.671341 0.953123 0.797131 0.869922 0.739558 0.954160 0.965868 0.873892 0.797683 0.829062 0.907895
0.603792 0.739979 0.581458 0.660871 0.877154 0.830104 0.766246 0.655248 0.841297 0.824662 0.755790 0.477228 0.000000 0.490915 0.385742 0.469950 0.741426 0.702677 0.617870 0.613457 0.793806 0.988284 0.440499 0.733610 0.778692 0.843781 0.955950 0.839165 0.697494 0.645999 0.542678 0.652967 0.563191 0.669100 0.862081 0.940838 0.753806 0.915654 0.852416 0.917461 0.947384 0.837999 0.811470 0.778362 0.971507 0.912014 0.663417 0.680401 0.999099 0.930998 0.920966 0.804689 0.922576 0.919301 0.788545 0.823018 0.836634 0.747467 0.798313 0.785806 0.525079 0.577179 0.736947 0.663173 0.716920 0.733119 0.826500 0.784659 0.642731 0.739012 0.581698 0.676375 0.631185 0.745305 0.868867 0.957481 0.724407 0.902926 0.683874 0.749063 0.741658 0.733966 0.697889 0.742382 0.539916 0.616323 0.893094 0.848286 0.672570 0.669130 0.999962 0.913717 0.917685 0.862284 0.914907 0.800612 0.728981 0.853441 0.816375 0.834579 0.880684 0.856525 0.930833 0.750721 0.794774 0.744827 0.937884 0.917211 0.664884 0.904551 0.952219 0.999663 0.884937 0.876305 0.672559 0.984583
0.501244 0.565580 0.677544 0.538872 0.902416 0.911883 0.964800 0.680605 0.972146 0.963324 0.723270 0.376048 0.490915 0.000000 0.542310 0.385287 0.610766 0.555963 0.583065 0.466057 0.765791 0.943887 0.574301 0.571932 0.674989 0.734998 0.945722 0.998648 0.701422 0.558206 0.688220 0.570726 0.529449 0.745219 0.921647 0.974718 0.594176 0.648939 0.657946 0.764813 0.892183 0.693700 0.997050 0.873477 0.887021 0.931528 0.853045 0.916601 0.879373 0.930647 0.988840 0.995871 0.948839 0.991592 0.810851 0.878608 0.669194 0.617701 0.988089 0.987840 0.735089 0.550658 0.777443 0.610163 0.794106 0.736254 0.983206 0.951214 0.551041 0.600672 0.650576 0.719836 0.672038 0.897248 0.781918 0.869704 0.834077 0.943479 0.623057 0.748786 0.512908 0.534147 0.456512 0.545712 0.530335 0.517622 0.868179 0.892738 0.698159 0.630070 0.945842 0.728929 0.878327 0.746200 0.988690 0.898991 0.902053 0.886852 0.975929 0.916416 0.828189 0.957639 0.927038 0.697074 0.921862 0.779707 0.930159 0.907471 0.851178 0.829136 0.940499 0.920846 0.981744 0.830827 0.941545 0.892307
0.774251 0.902406 0.555701 0.670109 0.893604 0.679559 0.971999 0.836402 0.692736 0.977883 0.913723 0.649984 0.385742 0.542310 0.000000 0.394851 0.908657 0.896860 0.786236 0.737630 0.734720 0.860615 0.428678 0.611052 0.668933 0.766387 0.935346 0.979537 0.801675 0.684502 0.540696 0.630649 0.657296 0.892073 0.818540 0.918234 0.664249 0.909167 0.824835 0.794804 0.989778 0.911861 0.915750 0.901282 0.872152 0.899907 0.810989 0.818062 0.817196 0.892864 0.940616 0.940184 0.992590 0.998030 0.827499 0.927921 0.991808 0.942608 0.959256 0.953981 0.698515 0.629548 0.940681 0.868892 0.617711 0.625466 0.982220 0.936934 0.723141 0.906402 0.550860 0.692607 0.622584 0.816747 0.848149 0.906331 0.808479 0.807529 0.873277 0.778141 0.840146 0.802548 0.734956 0.842755 0.569442 0.589358 0.979560 0.936178 0.688299 0.816076 0.943426 0.854126 0.814337 0.822684 0.951021 0.969618 0.856277 0.951563 0.978324 0.970801 0.774127 0.955585 0.910790 0.908536 0.850726 0.748065 0.912805 0.986914 0.685652 0.890648 0.927152 0.884955 0.887586 0.968418 0.718025 0.996091
0.721089 0.770856 0.492653 0.501032 0.917477 0.699541 0.942608 0.727055 0.756260 0.935104 0.921617 0.533364 0.469950 0.385287 0.394851 0.000000 0.942077 0.888563 0.752966 0.656828 0.692642 0.917790 0.397680 0.399613 0.502764 0.573207 0.860892 0.949260 0.895500 0.725336 0.524490 0.513629 0.702909 0.888089 0.796189 0.887658 0.595900 0.751096 0.593634 0.783683 0.978134 0.774589 0.956765 0.916964 0.810386 0.859267 0.820733 0.936268 0.726841 0.817505 0.890471 0.975041 0.988941 0.978479 0.828314 0.970835 0.941049 0.904000 0.886710 0.987930 0.741972 0.453986 0.937562 0.887234 0.519982 0.453647 0.945640 0.906745 0.747595 0.764383 0.567759 0.710880 0.616894 0.881058 0.870620 0.891953 0.889320 0.895086 0.784955 0.771367 0.823822 0.717281 0.589853 0.748378 0.557409 0.415642 0.950144 0.859272 0.691195 0.644103 0.910409 0.735993 0.836651 0.720633 0.946027 0.959744 0.840332 0.958765 0.910859 0.938503 0.723905 0.925510 0.833106 0.943705 0.933857 0.815480 0.918162 0.995325 0.807942 0.838385 0.897011 0.738594 0.908255 0.967492 0.788900 0.960275
0.427633 0.497911 0.920725 0.943266 0.962645 0.763527 0.735961 0.755536 0.731556 0.865692 0.392474 0.464420 0.741426 0.610766 0.908657 0.942077 0.000000 0.255941 0.458981 0.452158 0.982979 0.909657 0.979104 0.850566 0.848908 0.734619 0.914923 0.765011 0.378269 0.352494 0.897798 0.872212 0.470167 0.490352 0.879122 0.896831 0.902289 0.865468 0.998631 0.959161 0.775450 0.745791 0.971653 0.718882 0.840583 0.778226 0.716249 0.729106 0.706571 0.730319 0.843653 0.808481 0.945705 0.995899 0.864564 0.752141 0.417103 0.400331 0.586181 0.740800 0.672553 0.996907 0.340108 0.297233 0.644481 0.680507 0.693004 0.840533 0.515523 0.609634 0.934897 0.984547 0.823541 0.800278 0.829678 0.991430 0.856838 0.908613 0.457666 0.743382 0.352844 0.631617 0.594202 0.591902 0.762223 0.944234 0.981724 0.969879 0.950795 0.896646 0.863007 0.801767 0.801699 0.776606 0.950920 0.767213 0.960921 0.725470 0.868416 0.901053 0.956341 0.982486 0.718793 0.482411 0.882476 0.720355 0.961780 0.837815 0.941479 0.749264 0.954155 0.849286 0.857679 0.825952 0.948693 0.792849
0.367483 0.434950 0.952761 0.876318 0.955828 0.750086 0.772844 0.764556 0.736089 0.941174 0.366605 0.401552 0.702677 0.555963 0.896860 0.888563 0.255941 0.000000 0.379797 0.376155 0.998536 0.893557 0.933927 0.956055 0.929630 0.825899 0.955466 0.791510 0.387502 0.375421 0.902979 0.835061 0.460672 0.453360 0.902852 0.953388 0.863629 0.774860 0.946492 0.897425 0.828133 0.696223 0.988723 0.747538 0.909725 0.833714 0.779087 0.726154 0.783851 0.836017 0.927954 0.911586 0.961496 0.914691 0.890063 0.790079 0.365903 0.363278 0.608867 0.752773 0.706899 0.986627 0.373662 0.333560 0.739406 0.763587 0.740616 0.852996 0.463475 0.575393 0.943418 0.983546 0.793105 0.798769 0.818523 0.988604 0.928440 0.900550 0.469651 0.765725 0.344517 0.523625 0.514675 0.458203 0.686534 0.839663 0.963381 0.910090 0.975430 0.811678 0.825342 0.733759 0.756784 0.729057 0.965235 0.882599 0.877292 0.749828 0.933045 0.930506 0.968951 0.983869 0.781342 0.524172 0.885033 0.687968 0.931661 0.856821 0.999313 0.835451 0.938369 0.881506 0.919927 0.769699 0.957525 0.824861
0.499036 0.463671 0.847046 0.758678 0.828401 0.792831 0.615085 0.610558 0.972421 0.805612 0.561544 0.416645 0.617870 0.583065 0.786236 0.752966 0.458981 0.379797 0.000000 0.486817 0.993631 0.923940 0.657862 0.955866 0.977528 0.892851 0.945749 0.674922 0.479372 0.505027 0.713853 0.728624 0.432426 0.427217 0.910651 0.811535 0.763657 0.829410 0.975372 0.999931 0.945141 0.789983 0.665596 0.540072 0.741662 0.670408 0.577399 0.573843 0.693645 0.725860 0.773519 0.733584 0.903576 0.904697 0.933887 0.861427 0.443098 0.447195 0.556369 0.666111 0.557655 0.793063 0.489137 0.427862 0.906747 0.955371 0.621120 0.650469 0.667548 0.734882 0.764212 0.817542 0.840379 0.784382 0.892162 0.977345 0.803335 0.809506 0.547449 0.789690 0.537253 0.677876 0.644691 0.557637 0.650745 0.786288 0.969677 0.978633 0.896178 0.793914 0.965586 0.894571 0.874594 0.817412 0.927413 0.916418 0.954685 0.718386 0.750859 0.662461 0.967698 0.852843 0.728944 0.528865 0.875826 0.680788 0.997437 0.884291 0.943778 0.726183 0.821170 0.813818 0.767813 0.644603 0.773607 0.994395
0.367442 0.410684 0.765340 0.730098 0.871891 0.971974 0.983322 0.849122 0.913822 0.887560 0.442837 0.424594 0.613457 0.466057 0.737630 0.656828 0.452158 0.376155 0.486817 0.000000 0.854802 0.982662 0.783682 0.752539 0.784915 0.868670 0.852770 0.881887 0.555048 0.510244 0.849996 0.810024 0.613218 0.671583 0.955169 0.984375 0.644894 0.584220 0.788660 0.757746 0.826749 0.589863 0.922762 0.898713 0.871670 0.945595 0.843045 0.867010 0.977207 0.997314 0.879417 0.921039 0.847243 0.770898 0.825766 0.870674 0.446127 0.422983 0.898163 0.876351 0.852929 0.815215 0.694043 0.588499 0.923091 0.944774 0.986661 0.990361 0.399498 0.451877 0.883310 0.954707 0.656970 0.749405 0.775903 0.889262 0.846971 0.951526 0.621160 0.709141 0.461910 0.424731 0.530086 0.375815 0.515494 0.607204 0.931223 0.919995 0.868140 0.645610 0.810147 0.677565 0.734542 0.712950 0.956331 0.926691 0.926969 0.841273 0.900531 0.944812 0.770653 0.907468 0.998750 0.783320 0.972803 0.800129 0.946188 0.940536 0.911420 0.801350 0.965448 0.941586 0.928041 0.823560 0.956032 0.847150
0.864253 0.935484 0.780475 0.638952 0.957624 0.937495 0.812631 0.973692 0.989818 0.841513 0.981374 0.843965 0.793806 0.765791 0.734720 0.692642 0.982979 0.998536 0.993631 0.854802 0.000000 0.867495 0.753567 0.647006 0.662668 0.775935 0.899689 0.856457 0.961287 0.951055 0.825417 0.701834 0.944501 0.988236 0.941992 0.898982 0.806429 0.885838 0.823354 0.867814 0.901130 0.891395 0.804565 0.922053 0.731645 0.791375 0.868856 0.893938 0.696656 0.785101 0.792698 0.805101 0.849558 0.839570 0.895194 0.883410 0.998496 0.960035 0.780005 0.863963 0.901274 0.912268 0.901368 0.962299 0.778926 0.780911 0.800422 0.803079 0.788426 0.859104 0.979314 0.987171 0.946060 0.962906 0.961839 0.924015 0.882271 0.946059 0.971954 0.954742 0.989342 0.909937 0.843947 0.924560 0.909956 0.696808 0.929152 0.890465 0.822185 0.760280 0.869075 0.731269 0.853718 0.843120 0.968618 0.953969 0.927630 0.944207 0.782262 0.813955 0.784025 0.832464 0.772412 0.907900 0.918659 0.964340 0.913349 0.917997 0.963426 0.996769 0.789265 0.688988 0.705830 0.940746 0.852659 0.935455
0.965790 0.975132 0.936159 0.872836 0.982481 0.828953 0.973855 0.905083 0.929388 0.953306 0.897468 0.962342 0.988284 0.943887 0.860615 0.917790 0.909657 0.893557 0.923940 0.982662 0.867495 0.000000 0.994961 0.934283 0.964130 0.949446 0.872526 0.941557 0.835058 0.933273 0.943869 0.994473 0.996134 0.887865 0.850923 0.904654 0.953647 0.896385 0.861757 0.827070 0.883155 0.886250 0.967720 0.912202 0.992211 0.994536 0.897568 0.970536 0.993013 0.920835 0.925777 0.948722 0.916590 0.911360 0.851134 0.870700 0.975280 0.996754 0.896701 0.924201 0.936756 0.979651 0.973324 0.922576 0.948956 0.962118 0.899935 0.875202 0.953695 0.922713 0.997303 0.955282 0.849749 0.781777 0.856342 0.949165 0.958020 0.996890 0.970770 0.964998 0.937739 0.993288 0.987119 0.985252 0.941800 0.989103 0.929535 0.953891 0.922745 0.984015 0.881412 0.954055 0.899062 0.990139 0.961035 0.999835 0.790444 0.951142 0.969516 0.960044 0.962069 0.939171 0.972312 0.923862 0.913026 0.959295 0.859974 0.865381 0.972125 0.974908 0.999145 0.863508 0.961757 0.943665 0.869195 0.994385
0.856002 0.900808 0.495821 0.556351 0.809339 0.807975 0.803828 0.667057 0.679257 0.945978 0.988581 0.625422 0.440499 0.574301 0.428678 0.397680 0.979104 0.933927 0.657862 0.783682 0.753567 0.994961 0.000000 0.534746 0.621292 0.718085 0.929651 0.917593 0.877853 0.783164 0.442089 0.483878 0.687671 0.827326 0.840557 0.949346 0.737907 0.899826 0.873726 0.944703 0.902138 0.919873 0.789030 0.807797 0.923321 0.936251 0.757728 0.824948 0.785876 0.827100 0.943468 0.975466 0.993938 0.994027 0.987486 0.956793 0.995053 0.978063 0.963131 0.924712 0.634701 0.537747 0.973794 0.879003 0.576912 0.504770 0.875070 0.769642 0.870986 0.931296 0.575888 0.635773 0.634591 0.868829 0.917125 0.971733 0.822201 0.816261 0.887131 0.860181 0.979365 0.876561 0.709549 0.815806 0.625060 0.561818 0.962861 0.906264 0.701027 0.688127 0.974330 0.856329 0.890518 0.918223 0.874890 0.973493 0.879004 0.909794 0.918282 0.837616 0.862073 0.918975 0.904716 0.927545 0.830970 0.727778 0.931107 0.940215 0.764116 0.963289 0.925745 0.883079 0.925917 0.930682 0.548358 0.961658
0.814860 0.855094 0.566101 0.448479 0.846076 0.740443 0.735369 0.883149 0.909566 0.711134 0.896299 0.754445 0.733610 0.571932 0.611052 0.399613 0.850566 0.956055 0.955866 0.752539 0.647006 0.934283 0.534746 0.000000 0.374056 0.461408 0.705821 0.775912 0.851672 0.977667 0.760386 0.655702 0.981348 0.911691 0.784301 0.827522 0.646334 0.688609 0.534886 0.658081 0.977650 0.784147 0.836509 0.910532 0.620819 0.674867 0.922783 0.912845 0.548530 0.662241 0.688010 0.747903 0.818605 0.718282 0.990870 0.938195 0.980793 0.960990 0.743252 0.906219 0.945898 0.644746 0.736457 0.863242 0.427146 0.431530 0.774462 0.920911 0.759033 0.806401 0.866733 0.926544 0.868537 0.991445 0.871109 0.954425 0.997936 0.995806 0.974607 0.850358 0.996045 0.749210 0.672719 0.781688 0.670960 0.368096 0.966647 0.979082 0.639210 0.559923 0.757983 0.591210 0.766544 0.702882 0.996622 0.851698 0.991982 0.895198 0.677578 0.767105 0.614845 0.708358 0.675499 0.867988 0.965241 0.928857 0.956837 0.805088 0.933201 0.963394 0.824982 0.579524 0.745163 0.994164 0.893958 0.920435
0.810696 0.795661 0.507683 0.514370 0.954701 0.783837 0.687784 0.961073 0.850894 0.666944 0.956581 0.803129 0.778692 0.674989 0.668933 0.502764 0.848908 0.929630 0.977528 0.784915 0.662668 0.964130 0.621292 0.374056 0.000000 0.397708 0.629202 0.681548 0.857425 0.984838 0.767634 0.649551 0.926982 0.866133 0.835249 0.797262 0.630220 0.590767 0.546187 0.678904 0.983215 0.784463 0.813715 0.844836 0.553919 0.595482 0.893459 0.825448 0.534214 0.670399 0.603496 0.679024 0.737661 0.659106 0.968546 0.900924 0.923135 0.935675 0.680407 0.897334 0.857272 0.767241 0.647650 0.794848 0.403584 0.522784 0.667286 0.791423 0.662889 0.810237 0.875188 0.947155 0.806605 0.833984 0.975121 0.991829 0.918065 0.881049 0.928333 0.869401 0.998670 0.773438 0.737135 0.796952 0.678616 0.396756 0.980133 0.979659 0.664924 0.614585 0.704315 0.622883 0.712371 0.718918 0.971686 0.856983 0.976027 0.854415 0.648493 0.693648 0.582756 0.727759 0.726869 0.801879 0.919883 0.935305 0.889845 0.745620 0.896947 0.891924 0.800861 0.532627 0.779614 0.921829 0.902457 0.990471
0.901333 0.851325 0.519976 0.497703 0.804889 0.704350 0.812779 0.912262 0.708562 0.832670 0.910629 0.872540 0.843781 0.734998 0.766387 0.573207 0.734619 0.825899 0.892851 0.868670 0.775935 0.949446 0.718085 0.461408 0.397708 0.000000 0.756813 0.752708 0.800574 0.845586 0.814782 0.803948 0.884334 0.832423 0.762458 0.714930 0.705290 0.627989 0.553758 0.829077 0.946156 0.737768 0.891415 0.840772 0.634125 0.655680 0.847863 0.819194 0.612379 0.743826 0.720207 0.756408 0.863312 0.790255 0.979132 0.934417 0.957325 0.993023 0.643384 0.877898 0.889197 0.655532 0.610795 0.763440 0.429914 0.520265 0.700758 0.809973 0.793698 0.857255 0.779848 0.845608 0.865883 0.952823 0.914387 0.972296 0.872544 0.991264 0.879571 0.894958 0.927190 0.859778 0.881436 0.899027 0.792399 0.569176 0.980316 0.938440 0.700345 0.667056 0.935132 0.843767 0.973267 0.957348 0.888006 0.847611 0.859271 0.872546 0.804589 0.755812 0.752221 0.895092 0.815243 0.829013 0.969775 0.937359 0.854602 0.911142 0.901606 0.909603 0.915912 0.651935 0.913036 0.893593 0.996494 0.958497
0.931223 0.900037 0.777881 0.753820 0.846239 0.865960 0.738549 0.912378 0.980930 0.746733 0.961002 0.945277 0.955950 0.945722 0.935346 0.860892 0.914923 0.955466 0.945749 0.852770 0.899689 0.872526 0.929651 0.705821 0.629202 0.756813 0.000000 0.737570 0.838913 0.910600 0.962051 0.987990 0.818349 0.875239 0.929657 0.891500 0.793176 0.717395 0.860424 0.826835 0.901643 0.772680 0.826225 0.913597 0.662416 0.732338 0.920937 0.895366 0.764857 0.849671 0.677495 0.763756 0.689993 0.656021 0.989052 0.994086 0.927535 0.896284 0.821743 0.910981 0.753961 0.911032 0.787344 0.835792 0.714300 0.924826 0.693536 0.719036 0.801065 0.769817 0.897500 0.904318 0.990073 0.973708 0.946835 0.993130 0.911179 0.941347 0.971000 0.986432 0.884653 0.877224 0.859630 0.819361 0.936788 0.746563 0.897719 0.843540 0.878430 0.687695 0.750936 0.789065 0.788900 0.873003 0.865294 0.986299 0.992081 0.952177 0.733406 0.862580 0.718543 0.775823 0.875273 0.750153 0.952751 0.948540 0.868377 0.822411 0.965009 0.894382 0.872410 0.769212 0.854039 0.858261 0.966530 0.953276
0.910514 0.833600 0.959417 0.896734 0.835426 0.706151 0.539401 0.722517 0.879036 0.641213 0.815302 0.792112 0.839165 0.998648 0.979537 0.949260 0.765011 0.791510 0.674922 0.881887 0.856457 0.941557 0.917593 0.775912 0.681548 0.752708 0.737570 0.000000 0.702754 0.824512 0.897840 0.990008 0.694387 0.639433 0.805467 0.895279 0.885042 0.875417 0.757386 0.879349 0.928921 0.876788 0.650195 0.656988 0.589566 0.594676 0.609426 0.596871 0.595311 0.652975 0.619998 0.617938 0.786792 0.764705 0.876277 0.830063 0.803033 0.797853 0.540995 0.623069 0.548960 0.832564 0.622541 0.698693 0.847635 0.928286 0.552349 0.626894 0.888167 0.895668 0.864941 0.924773 0.958939 0.986212 0.875048 0.956581 0.764946 0.893818 0.847155 0.836465 0.850359 0.992835 0.993284 0.938369 0.914859 0.891280 0.997767 0.891983 0.922569 0.888330 0.850016 0.838941 0.874836 0.993321 0.948311 0.948835 0.915888 0.746623 0.641537 0.579388 0.919557 0.763656 0.753563 0.735192 0.825847 0.961341 0.911955 0.849970 0.868319 0.923142 0.811720 0.772595 0.780325 0.839984 0.861931 0.909150
0.569296 0.644397 0.995726 0.942316 0.877034 0.811346 0.740527 0.860289 0.959148 0.865840 0.436132 0.577433 0.697494 0.701422 0.801675 0.895500 0.378269 0.387502 0.479372 0.555048 0.961287 0.835058 0.877853 0.851672 0.857425 0.800574 0.838913 0.702754 0.000000 0.320632 0.761139 0.797866 0.504110 0.503369 0.939393 0.942532 0.979564 0.908947 0.940450 0.994252 0.917642 0.867914 0.912527 0.784931 0.788247 0.776540 0.682485 0.635218 0.746090 0.808515 0.819581 0.768090 0.930568 0.927213 0.917992 0.911349 0.587497 0.576694 0.625324 0.686537 0.599930 0.913107 0.429529 0.418071 0.718212 0.835632 0.709159 0.762444 0.614800 0.802720 0.822534 0.987266 0.667394 0.667741 0.918771 0.952773 0.922467 0.828717 0.584463 0.868831 0.491664 0.731666 0.643779 0.699732 0.772930 0.957123 0.971376 0.999430 0.931517 0.992152 0.843802 0.844450 0.756024 0.786702 0.943603 0.849888 0.979928 0.737383 0.846855 0.838953 0.946169 0.901289 0.690236 0.552157 0.868625 0.654585 0.971625 0.838903 0.883863 0.892980 0.970093 0.852991 0.809411 0.808453 0.900438 0.887267
0.529491 0.690246 0.898257 0.921869 0.879883 0.956839 0.794639 0.826080 0.860074 0.996680 0.415381 0.493488 0.645999 0.558206 0.684502 0.725336 0.352494 0.375421 0.505027 0.510244 0.951055 0.933273 0.783164 0.977667 0.984838 0.845586 0.910600 0.824512 0.320632 0.000000 0.691522 0.668022 0.481602 0.517100 0.994879 0.931645 0.903192 0.931186 0.981269 0.886293 0.889482 0.825238 0.929258 0.863387 0.981266 0.938763 0.730950 0.755532 0.941751 0.969218 0.993722 0.914736 0.948732 0.928093 0.828517 0.893746 0.649809 0.629389 0.682666 0.738719 0.594806 0.881255 0.412582 0.377152 0.782758 0.922446 0.732463 0.761330 0.527672 0.760567 0.844440 0.988709 0.664534 0.696904 0.764508 0.929672 0.926136 0.817394 0.566802 0.782505 0.458347 0.692560 0.540812 0.644646 0.757310 0.832482 0.984218 0.974006 0.924281 0.972275 0.722798 0.658181 0.609840 0.634509 0.934727 0.852251 0.938740 0.764410 0.991022 0.998000 0.969796 0.972289 0.833729 0.535114 0.880442 0.595413 0.958681 0.931254 0.863329 0.867203 0.887982 0.974123 0.964283 0.944554 0.844884 0.829782
0.917976 0.893378 0.596884 0.667235 0.733744 0.785922 0.662004 0.568662 0.653157 0.723985 0.811655 0.646522 0.542678 0.688220 0.540696 0.524490 0.897798 0.902979 0.713853 0.849996 0.825417 0.943869 0.442089 0.760386 0.767634 0.814782 0.962051 0.897840 0.761139 0.691522 0.000000 0.471033 0.606791 0.652476 0.965341 0.841598 0.903562 0.970665 0.928954 0.992372 0.917676 0.883272 0.703921 0.698436 0.923294 0.899346 0.719715 0.712297 0.941132 0.977716 0.877356 0.857712 0.832643 0.842073 0.996463 0.983609 0.976928 0.992694 0.836453 0.787951 0.516377 0.510518 0.809581 0.695493 0.839007 0.646340 0.726081 0.619640 0.926347 0.992336 0.542468 0.668538 0.704938 0.835919 0.920047 0.950902 0.732414 0.657637 0.721796 0.927188 0.916243 0.973980 0.826812 0.979314 0.852334 0.782872 0.871605 0.734353 0.813164 0.924272 0.944036 0.969765 0.963376 0.940546 0.896494 0.861177 0.806878 0.781448 0.840870 0.760021 0.890576 0.886914 0.893860 0.741822 0.762195 0.659924 0.750120 0.766848 0.741162 0.845695 0.809736 0.922739 0.889282 0.911273 0.603480 0.941286
0.869410 0.874097 0.641269 0.648736 0.897045 0.896298 0.894298 0.768490 0.881358 0.935603 0.827924 0.627483 0.652967 0.570726 0.630649 0.513629 0.872212 0.835061 0.728624 0.810024 0.701834 0.994473 0.483878 0.655702 0.649551 0.803948 0.987990 0.990008 0.797866 0.668022 0.471033 0.000000 0.640012 0.791473 0.998639 0.964449 0.833940 0.804319 0.902624 0.850161 0.991325 0.842622 0.916527 0.816297 0.948046 0.962896 0.795143 0.954188 0.860761 0.808941 0.994066 0.986460 0.961900 0.968384 0.954583 0.911225 0.896992 0.975479 0.986344 0.965770 0.755042 0.685755 0.875549 0.774945 0.893044 0.748254 0.923893 0.888069 0.832099 0.954208 0.738066 0.705057 0.833180 0.855041 0.983013 0.889424 0.796956 0.712314 0.809912 0.954901 0.881434 0.982583 0.689161 0.859277 0.893620 0.722792 0.849725 0.720608 0.850176 0.875272 0.894345 0.767636 0.803345 0.840266 0.981001 0.914091 0.985767 0.830501 0.975508 0.958350 0.963614 0.949491 0.979309 0.787427 0.937635 0.741368 0.991390 0.875049 0.881304 0.919121 0.922227 0.820949 0.990615 0.910346 0.650574 0.937194
0.529919 0.594080 0.840747 0.762380 0.904306 0.950947 0.575450 0.548751 0.927251 0.706290 0.578543 0.458210 0.563191 0.529449 0.657296 0.702909 0.470167 0.460672 0.432426 0.613218 0.944501 0.996134 0.687671 0.981348 0.926982 0.884334 0.818349 0.694387 0.504110 0.481602 0.606791 0.640012 0.000000 0.431953 0.867988 0.885706 0.873169 0.941652 0.950988 0.985759 0.967343 0.761882 0.738511 0.545954 0.687825 0.640775 0.608081 0.567806 0.687494 0.689294 0.635095 0.604326 0.717508 0.744792 0.841147 0.783565 0.585466 0.564665 0.562980 0.717402 0.435382 0.681101 0.421427 0.366932 0.863910 0.963268 0.551741 0.633216 0.705500 0.783008 0.680270 0.726840 0.806387 0.911433 0.817311 0.905838 0.811654 0.752619 0.508178 0.744600 0.510274 0.733544 0.583122 0.666917 0.713031 0.849750 0.998532 0.836033 0.916800 0.869930 0.912536 0.981017 0.999323 0.898014 0.947614 0.839601 0.963943 0.628431 0.653072 0.681472 0.940901 0.867279 0.722595 0.420035 0.832766 0.666351 0.989358 0.766080 0.905323 0.777198 0.743778 0.840406 0.778599 0.620232 0.682779 0.953750
0.596039 0.587982 0.881083 0.831419 0.812549 0.854233 0.451677 0.496481 0.987184 0.719403 0.558679 0.523112 0.669100 0.745219 0.892073 0.888089 0.490352 0.453360 0.427217 0.671583 0.988236 0.887865 0.827326 0.911691 0.866133 0.832423 0.875239 0.639433 0.503369 0.517100 0.652476 0.791473 0.431953 0.000000 0.940597 0.786800 0.933243 0.929856 0.946411 0.892799 0.894860 0.895022 0.723548 0.536948 0.621038 0.555912 0.569435 0.460450 0.629033 0.644154 0.656631 0.611031 0.801215 0.844230 0.868696 0.799934 0.598375 0.565365 0.386752 0.463669 0.396859 0.766177 0.365038 0.368683 0.827009 0.957381 0.416643 0.446802 0.779589 0.856317 0.883057 0.974548 0.971862 0.904108 0.893523 0.954995 0.782930 0.787298 0.514754 0.780856 0.631422 0.869737 0.741191 0.759947 0.893172 0.927860 0.943277 0.823745 0.986377 0.952513 0.965856 0.955476 0.943693 0.823619 0.910609 0.914564 0.976772 0.592634 0.702677 0.630085 0.829063 0.886371 0.606086 0.468772 0.796858 0.615958 0.934970 0.857759 0.916404 0.770457 0.742472 0.859289 0.761348 0.654267 0.649281 0.907009
0.912798 0.906252 0.673135 0.837641 0.805308 0.928191 0.855548 0.845559 0.763546 0.986575 0.943800 0.966688 0.862081 0.921647 0.818540 0.796189 0.879122 0.902852 0.910651 0.955169 0.941992 0.850923 0.840557 0.784301 0.835249 0.762458 0.929657 0.805467 0.939393 0.994879 0.965341 0.998639 0.867988 0.940597 0.000000 0.930461 0.999129 0.952543 0.993795 0.820230 0.770458 0.953877 0.837605 0.887374 0.885551 0.859033 0.805284 0.764817 0.931999 0.793617 0.848367 0.802833 0.915795 0.920980 0.875072 0.842448 0.948162 0.945979 0.937133 0.778955 0.796832 0.760500 0.952127 0.936688 0.724542 0.773565 0.830810 0.796322 0.955327 0.969081 0.805584 0.993400 0.977401 0.982555 0.975625 0.850222 0.822514 0.997720 0.977988 0.886139 0.981185 0.919583 0.936526 0.933991 0.809164 0.792027 0.917009 0.959604 0.929550 0.833041 0.922923 0.928849 0.926329 0.961213 0.999527 0.870234 0.894086 0.987687 0.874300 0.861290 0.732047 0.939728 0.945294 0.974255 0.910654 0.932144 0.938852 0.900239 0.986888 0.962910 0.985667 0.987085 0.843858 0.856944 0.892865 0.980341
0.938293 0.994208 0.872481 0.870873 0.858036 0.873019 0.814884 0.898697 0.956256 0.825089 0.964575 0.981775 0.940838 0.974718 0.918234 0.887658 0.896831 0.953388 0.811535 0.984375 0.898982 0.904654 0.949346 0.827522 0.797262 0.714930 0.891500 0.895279 0.942532 0.931645 0.841598 0.964449 0.885706 0.786800 0.930461 0.000000 0.966368 0.873647 0.943885 0.906879 0.855952 0.989021 0.746155 0.759677 0.684239 0.702886 0.789243 0.750934 0.732233 0.758745 0.716296 0.775119 0.719936 0.759932 0.995386 0.989331 0.979252 0.939405 0.725967 0.877246 0.803510 0.930220 0.830436 0.829747 0.822461 0.886905 0.736175 0.716942 0.870388 0.971346 0.986537 0.982119 0.879643 0.919971 0.923748 0.969268 0.833719 0.902688 0.835123 0.901830 0.922386 0.906855 0.999023 0.919699 0.966828 0.918321 0.943020 0.987983 0.957968 0.983237 0.911540 0.799964 0.910369 0.986765 0.904655 0.946038 0.919991 0.846098 0.772230 0.683863 0.823781 0.955430 0.786790 0.789055 0.976375 0.915445 0.956439 0.814107 0.862955 0.877823 0.858750 0.696085 0.960542 0.886369 0.974995 0.947697
0.670659 0.631197 0.657748 0.631343 0.884263 0.814117 0.840200 0.946137 0.871447 0.896022 0.960876 0.662046 0.753806 0.594176 0.664249 0.595900 0.902289 0.863629 0.763657 0.644894 0.806429 0.953647 0.737907 0.646334 0.630220 0.705290 0.793176 0.885042 0.979564 0.903192 0.903562 0.833940 0.873169 0.933243 0.999129 0.966368 0.000000 0.612658 0.706675 0.763723 0.758035 0.813015 0.946751 0.898729 0.807808 0.882720 0.921931 0.972055 0.902122 0.946085 0.878626 0.948273 0.992834 0.954079 0.840936 0.976849 0.712921 0.673907 0.787401 0.852095 0.942483 0.747992 0.822876 0.972926 0.674791 0.805311 0.728216 0.830403 0.624846 0.676508 0.813420 0.714920 0.787463 0.883431 0.961000 0.965493 0.841861 0.950856 0.842850 0.746585 0.752920 0.649317 0.771371 0.694238 0.578389 0.613125 0.943371 0.979640 0.728028 0.631145 0.964135 0.949530 0.930656 0.984625 0.971929 0.779041 0.925288 0.945973 0.961573 0.984682 0.716963 0.930930 0.955614 0.973377 0.952460 0.998009 0.998592 0.975443 0.806370 0.835975 0.880755 0.953500 0.891081 0.888548 0.933915 0.999787
0.642429 0.570962 0.831480 0.720420 0.753144 0.886932 0.715403 0.915186 0.977578 0.786246 0.861736 0.717222 0.915654 0.648939 0.909167 0.751096 0.865468 0.774860 0.829410 0.584220 0.885838 0.896385 0.899826 0.688609 0.590767 0.627989 0.717395 0.875417 0.908947 0.931186 0.970665 0.804319 0.941652 0.929856 0.952543 0.873647 0.612658 0.000000 0.680181 0.695453 0.759274 0.618925 0.868917 0.993591 0.757023 0.808935 0.996850 0.939929 0.896325 0.887652 0.856002 0.823603 0.894524 0.818125 0.889183 0.880323 0.572831 0.629031 0.743852 0.837782 0.771426 0.926053 0.870059 0.987379 0.726484 0.916545 0.665948 0.669395 0.634215 0.645976 0.977083 0.892081 0.832433 0.918479 0.913060 0.914976 0.960910 0.987304 0.814682 0.912775 0.711155 0.582024 0.653148 0.507331 0.632230 0.641135 0.949789 0.883867 0.765212 0.584477 0.893292 0.802266 0.858544 0.889879 0.985718 0.921161 0.994775 0.978473 0.819024 0.800754 0.756458 0.829430 0.951136 0.953122 0.888394 0.985580 0.976883 0.934247 0.930667 0.914829 0.931904 0.866834 0.845828 0.825902 0.837680 0.915020
