0.000000 0.351396 0.919681 0.691629 0.999231 0.698755 0.686006 0.467817 0.880648 0.575648 0.554910 0.330920 0.471594 0.446319 0.632227 0.587748 0.502157 0.425395 0.511852 0.493218 0.925774 0.992396 0.678194 0.749194 0.668823 0.724981 0.775907 0.870593 0.552713 0.513104 0.583928 0.618147 0.576240 0.587009 0.944350 0.965533 0.730238 0.963692 0.959491 0.937506 0.932021 0.882298 0.630375 0.562281 0.619515 0.572169 0.685110 0.716712 0.492580 0.480537 0.466414 0.541922 0.754156 0.787556 0.739483 0.827976 0.431279 0.380693 0.476017 0.408935 0.503818 0.495649 0.392314 0.332062 0.808897 0.938180 0.786724 0.651509 0.632894 0.501577 0.634382 0.545713 0.606632 0.718186 0.828149 0.906862 0.668412 0.716559 0.720894 0.681103 0.386884 0.451223 0.847994 0.938896 0.591493 0.572204 0.674618 0.858915 0.693378 0.577263 0.516801 0.668634 0.601453 0.814274 0.710731 0.888472 0.824783 0.876190 0.419542 0.476039 0.824820 0.641519 0.485336 0.676535 0.772730 0.906128 0.938968 0.958738 0.904857 0.787641 0.851056 0.683966 0.586542 0.803732 0.902419 0.937931
0.351396 0.000000 0.940322 0.670926 0.850360 0.870927 0.850174 0.606145 0.925219 0.733927 0.691218 0.529029 0.653239 0.657935 0.828572 0.850053 0.501902 0.491761 0.669278 0.577385 0.975377 0.929605 0.911869 0.880012 0.839091 0.718079 0.811285 0.985902 0.621072 0.621456 0.647790 0.735192 0.790269 0.630858 0.939333 0.951219 0.924084 0.916931 0.979491 0.913000 0.840856 0.809156 0.596374 0.581886 0.703094 0.605282 0.695136 0.773871 0.534716 0.430168 0.492401 0.476560 0.716210 0.715389 0.780041 0.800696 0.338630 0.337548 0.480644 0.378491 0.709288 0.681702 0.557429 0.487471 0.791489 0.980330 0.794494 0.667307 0.569746 0.466756 0.768759 0.563702 0.667110 0.787630 0.892639 0.933387 0.729088 0.781050 0.677524 0.705698 0.500495 0.613069 0.903118 0.916593 0.866212 0.770072 0.715008 0.844029 0.833355 0.659836 0.654284 0.703713 0.696494 0.799391 0.843284 0.879490 0.768195 0.744870 0.569581 0.517786 0.933568 0.746608 0.597022 0.664778 0.870581 0.961995 0.860044 0.899781 0.987700 0.739215 0.995386 0.749423 0.634054 0.765172 0.976539 0.935166
0.919681 0.940322 0.000000 0.877795 0.959536 0.980415 0.647080 0.863234 0.815010 0.947117 0.959814 0.918649 0.915881 0.808531 0.909693 0.833118 0.884881 0.984970 0.932727 0.980516 0.912866 0.876990 0.920303 0.897290 0.615724 0.657182 0.914085 0.891174 0.878296 0.947068 0.892603 0.954126 0.994338 0.865475 0.790939 0.995818 0.944486 0.931395 0.663879 0.965964 0.765517 0.931756 0.990267 0.974403 0.838824 0.834779 0.735428 0.992253 0.771744 0.744980 0.730193 0.640443 0.761624 0.727935 0.967342 0.902999 0.940701 0.970214 0.872750 0.923422 0.853813 0.939000 0.904458 0.960597 0.553624 0.611239 0.749337 0.857958 0.948291 0.987910 0.861332 0.871059 0.944181 0.914758 0.991332 0.980788 0.903945 0.786196 0.997837 0.873589 0.986317 0.820132 0.976990 0.941251 0.879642 0.927833 0.903473 0.994937 0.789345 0.787677 0.893402 0.777963 0.864709 0.845841 0.780699 0.928773 0.868890 0.947213 0.862394 0.943725 0.914577 0.978215 0.993049 0.956281 0.930514 0.995080 0.731683 0.943123 0.967950 0.819908 0.942655 0.866219 0.990922 0.944920 0.901901 0.932174
0.691629 0.670926 0.877795 0.000000 0.866915 0.645093 0.765680 0.591460 0.729896 0.686253 0.900705 0.800272 0.879755 0.827275 0.819715 0.731702 0.718626 0.811413 0.646774 0.738656 0.978106 0.976119 0.678031 0.755837 0.848021 0.999306 0.999740 0.954214 0.780649 0.812125 0.710153 0.810481 0.775072 0.766375 0.885500 0.915848 0.948449 0.848633 0.911860 0.871955 0.929297 0.988098 0.854070 0.792757 0.846997 0.876889 0.891909 0.869659 0.848352 0.759234 0.686300 0.684880 0.698095 0.651920 0.829911 0.812539 0.644451 0.561557 0.691659 0.573353 0.773862 0.739968 0.701575 0.702745 0.918492 0.674824 0.637950 0.724619 0.645144 0.751197 0.683999 0.630371 0.708184 0.769462 0.964842 0.971240 0.808731 0.836299 0.902739 0.853667 0.824244 0.754029 0.993835 0.967481 0.737702 0.669916 0.856539 0.959377 0.954242 0.740906 0.505764 0.612033 0.524683 0.596986 0.928203 0.873573 0.784236 0.787765 0.631454 0.643701 0.760658 0.713468 0.718824 0.841166 0.782770 0.935296 0.917242 0.977709 0.967144 0.905379 0.853408 0.796172 0.849639 0.931360 0.692868 0.915309
0.999231 0.850360 0.959536 0.866915 0.000000 0.640337 0.744565 0.714967 0.489550 0.660258 0.947835 0.859455 0.712652 0.778517 0.663347 0.700817 0.971537 0.889985 0.685866 0.831545 0.919150 0.906313 0.597050 0.805059 0.770968 0.882914 0.903700 0.808319 0.837547 0.848092 0.910939 0.904441 0.812378 0.996223 0.897478 0.997236 0.922115 0.936006 0.885951 0.867674 0.859655 0.823660 0.899103 0.923427 0.884450 0.968785 0.874826 0.912055 0.989977 0.895114 0.891348 0.972864 0.821545 0.861264 0.996141 0.978933 0.853477 0.994196 0.993365 0.925772 0.737712 0.616396 0.849055 0.825747 0.938724 0.857605 0.921277 0.959191 0.986302 0.928827 0.655483 0.989121 0.994286 0.928625 0.910477 0.981529 0.796314 0.842062 0.804578 0.985344 0.981155 0.907867 0.819655 0.869647 0.682542 0.857598 0.913525 0.819331 0.788143 0.882603 0.626878 0.611634 0.685123 0.781867 0.973288 0.907820 0.823630 0.887444 0.815714 0.815785 0.731050 0.716645 0.970729 0.876898 0.937869 0.916100 0.761995 0.948832 0.849588 0.843004 0.858031 0.824032 0.932413 0.960783 0.948655 0.885956
0.698755 0.870927 0.980415 0.645093 0.640337 0.000000 0.540223 0.497357 0.627558 0.522606 0.781524 0.685331 0.707264 0.754905 0.669585 0.608713 0.649133 0.743809 0.553547 0.735510 0.799958 0.983993 0.563414 0.662777 0.825192 0.918350 0.859361 0.866789 0.670105 0.707050 0.639065 0.822628 0.594731 0.648152 0.814646 0.983903 0.812613 0.984066 0.921514 0.896209 0.983235 0.954646 0.729597 0.656635 0.493758 0.597473 0.807602 0.691684 0.607828 0.635195 0.547500 0.694868 0.644021 0.658147 0.802023 0.649381 0.899976 0.813665 0.636853 0.663167 0.518722 0.580974 0.611303 0.556667 0.899104 0.818630 0.569183 0.624948 0.965883 0.812508 0.755871 0.799219 0.855767 0.966516 0.969207 0.940410 0.667955 0.770615 0.941757 0.676500 0.609390 0.613396 0.900006 0.986395 0.569768 0.619207 0.943717 0.982167 0.827134 0.858463 0.447978 0.621805 0.482246 0.922384 0.825757 0.946199 0.824867 0.898343 0.497766 0.594049 0.696257 0.679826 0.596386 0.838486 0.824401 0.915411 0.958291 0.983567 0.858517 0.954979 0.909421 0.631978 0.660759 0.907105 0.743539 0.903299
0.686006 0.850174 0.647080 0.765680 0.744565 0.540223 0.000000 0.304560 0.562400 0.320177 0.554623 0.592173 0.537507 0.708436 0.621836 0.833279 0.516008 0.620474 0.391204 0.642296 0.873673 0.986630 0.841157 0.877329 0.697860 0.935605 0.637640 0.903338 0.406762 0.536742 0.527843 0.633333 0.507520 0.462999 0.872729 0.929764 0.836633 0.787574 0.980244 0.967713 0.820659 0.879769 0.570208 0.522732 0.561587 0.561350 0.541684 0.624906 0.688591 0.867778 0.744216 0.965348 0.997912 0.880235 0.801757 0.760397 0.838036 0.892135 0.539982 0.733478 0.267017 0.438364 0.367414 0.456473 0.904960 0.656711 0.682188 0.573409 0.981465 0.816057 0.792883 0.933916 0.784516 0.890606 0.927756 0.928986 0.551105 0.904791 0.751838 0.756674 0.492314 0.458196 0.844696 0.980451 0.625712 0.832590 0.868529 0.864226 0.986050 0.944698 0.592797 0.826781 0.689475 0.881130 0.820232 0.924406 0.798880 0.780873 0.537113 0.602376 0.568935 0.754283 0.611342 0.774439 0.725014 0.946476 0.852398 0.989451 0.791207 0.746519 0.754446 0.780020 0.617919 0.911666 0.921355 0.971596
0.467817 0.606145 0.863234 0.591460 0.714967 0.497357 0.304560 0.000000 0.546058 0.259027 0.475496 0.395301 0.397612 0.460044 0.464579 0.648124 0.488798 0.494339 0.310094 0.457060 0.967351 0.970344 0.664243 0.935954 0.622371 0.805301 0.609662 0.892741 0.359262 0.437618 0.425938 0.582826 0.437063 0.460664 0.964816 0.960468 0.763472 0.875700 0.837272 0.926717 0.921972 0.861993 0.609160 0.536972 0.523048 0.516384 0.644053 0.685968 0.544636 0.708303 0.574779 0.787643 0.843670 0.935251 0.777555 0.787311 0.657050 0.605416 0.510271 0.546907 0.278153 0.292549 0.306912 0.314825 0.735721 0.814895 0.751881 0.600350 0.843332 0.642867 0.562840 0.647981 0.625894 0.712621 0.950972 0.900881 0.541796 0.837523 0.747250 0.620729 0.418320 0.421208 0.859538 0.897449 0.571362 0.751004 0.776083 0.839350 0.829602 0.842271 0.428408 0.589696 0.517987 0.823441 0.776957 0.869965 0.686972 0.822374 0.354991 0.435789 0.502638 0.615210 0.515530 0.614096 0.723268 0.913769 0.882788 0.904879 0.864433 0.787550 0.750246 0.673953 0.590985 0.859537 0.888076 0.977750
0.880648 0.925219 0.815010 0.729896 0.489550 0.627558 0.562400 0.546058 0.000000 0.487674 0.869532 0.778571 0.652783 0.752843 0.715218 0.686615 0.926247 0.997036 0.612963 0.818201 0.916918 0.851456 0.665224 0.901784 0.915323 0.907344 0.979427 0.935534 0.766578 0.802226 0.726093 0.918532 0.794950 0.861960 0.960221 0.955213 0.852552 0.901317 0.871080 0.844168 0.792855 0.924631 0.983751 0.983718 0.862908 0.941710 0.964322 0.997089 0.939387 0.856855 0.924647 0.900343 0.931951 0.953898 0.866322 0.927103 0.957380 0.930630 0.880636 0.944025 0.614403 0.490609 0.780597 0.755627 0.990975 0.746744 0.958138 0.983140 0.896038 0.905723 0.625996 0.906347 0.840946 0.858468 0.963050 0.933970 0.833148 0.886530 0.790584 0.972010 0.918315 0.857986 0.884662 0.848723 0.648893 0.897792 0.842998 0.926452 0.875225 0.992062 0.607066 0.657813 0.744700 0.763180 0.936983 0.893018 0.896703 0.876152 0.731432 0.766057 0.750403 0.778086 0.881489 0.912662 0.862111 0.849844 0.931942 0.826706 0.913890 0.882901 0.836185 0.848237 0.835044 0.957538 0.779037 0.995454
0.575648 0.733927 0.947117 0.686253 0.660258 0.522606 0.320177 0.259027 0.487674 0.000000 0.540039 0.464108 0.412074 0.521231 0.473035 0.693184 0.557133 0.537774 0.339462 0.529481 0.926377 0.946357 0.704985 0.934292 0.563685 0.797870 0.613938 0.988504 0.384682 0.462430 0.428041 0.625247 0.458676 0.471963 0.959929 0.958012 0.745646 0.883801 0.804529 0.912074 0.902949 0.958452 0.566763 0.545516 0.469776 0.467502 0.669587 0.665126 0.523661 0.747220 0.593143 0.837639 0.841748 0.961344 0.755307 0.810686 0.786654 0.730199 0.594232 0.645552 0.302095 0.298651 0.378095 0.374319 0.656699 0.886388 0.809880 0.667620 0.918501 0.691210 0.558056 0.686900 0.745792 0.801161 0.896661 0.977233 0.560186 0.823715 0.811585 0.757151 0.473705 0.566263 0.901688 0.893437 0.662179 0.863694 0.799190 0.779051 0.885575 0.951541 0.451311 0.594254 0.539617 0.878812 0.844851 0.841190 0.811746 0.797230 0.390881 0.468839 0.539819 0.662648 0.524805 0.682881 0.820394 0.902696 0.870323 0.889391 0.852766 0.763616 0.772888 0.674086 0.659795 0.894158 0.884329 0.939517
0.554910 0.691218 0.959814 0.900705 0.947835 0.781524 0.554623 0.475496 0.869532 0.540039 0.000000 0.425209 0.396200 0.473258 0.552852 0.787324 0.567072 0.448958 0.450333 0.551305 0.964728 0.960762 0.917695 0.917875 0.529467 0.760934 0.512592 0.832726 0.460671 0.451664 0.646558 0.647794 0.523436 0.467746 0.885778 0.785443 0.880647 0.779548 0.943456 0.871234 0.961041 0.975803 0.637221 0.492635 0.608084 0.545268 0.657480 0.717779 0.671620 0.827577 0.749364 0.941405 0.913131 0.921834 0.875550 0.897572 0.799800 0.792766 0.672128 0.752628 0.391218 0.496401 0.386057 0.441956 0.675294 0.895865 0.923513 0.698662 0.905867 0.781230 0.764602 0.786364 0.743772 0.857826 0.952992 0.760437 0.699858 0.809713 0.705735 0.611944 0.445283 0.487710 0.843257 0.854474 0.822555 0.877565 0.867431 0.838815 0.900427 0.931286 0.717846 0.930266 0.800516 0.901381 0.806509 0.985297 0.801473 0.857928 0.548817 0.719579 0.594989 0.794847 0.590642 0.695868 0.871531 0.937344 0.951717 0.934237 0.762845 0.839750 0.802186 0.845160 0.669812 0.968067 0.978450 0.843694
0.330920 0.529029 0.918649 0.800272 0.859455 0.685331 0.592173 0.395301 0.778571 0.464108 0.425209 0.000000 0.311111 0.285213 0.409043 0.486186 0.539611 0.370861 0.368220 0.413444 0.985092 0.952663 0.627331 0.776335 0.500971 0.684260 0.672244 0.851043 0.432685 0.356796 0.528776 0.555964 0.438533 0.498611 0.971395 0.866440 0.759035 0.914745 0.903344 0.983657 0.941044 0.901100 0.686966 0.568986 0.541417 0.498306 0.751147 0.766965 0.515295 0.644619 0.604635 0.719188 0.885760 0.980793 0.773486 0.917262 0.631072 0.566903 0.640869 0.648444 0.404586 0.366070 0.385874 0.297353 0.691814 0.990085 0.883529 0.718201 0.775622 0.552595 0.602878 0.538328 0.636015 0.601444 0.945210 0.823264 0.631585 0.808267 0.705223 0.572803 0.360077 0.413835 0.749493 0.930824 0.581128 0.615229 0.846637 0.931767 0.673833 0.701127 0.625703 0.749993 0.707812 0.892190 0.775681 0.941135 0.826143 0.985179 0.425395 0.517934 0.722207 0.645640 0.472283 0.547500 0.836089 0.946436 0.897447 0.967717 0.865336 0.815028 0.822664 0.638931 0.652609 0.846934 0.981022 0.932879
0.471594 0.653239 0.915881 0.879755 0.712652 0.707264 0.537507 0.397612 0.652783 0.412074 0.396200 0.311111 0.000000 0.291417 0.339876 0.533645 0.606032 0.521968 0.379576 0.476028 0.909633 0.954046 0.644444 0.898050 0.462242 0.647292 0.673945 0.884054 0.400856 0.344320 0.527931 0.547038 0.429537 0.527481 0.897129 0.819236 0.878041 0.817233 0.881126 0.925997 0.986396 0.991755 0.707262 0.595796 0.562210 0.516964 0.759968 0.808984 0.597454 0.785476 0.734038 0.862722 0.990102 0.909702 0.890560 0.864050 0.796347 0.685199 0.720618 0.757053 0.332376 0.330944 0.397790 0.338023 0.645166 0.983964 0.996412 0.751711 0.904167 0.607369 0.539639 0.618812 0.667063 0.717218 0.944109 0.838238 0.666825 0.760652 0.815352 0.649380 0.445035 0.513174 0.706122 0.972680 0.668752 0.814182 0.843054 0.907920 0.761073 0.812069 0.676883 0.769172 0.796341 0.960399 0.802616 0.932823 0.746876 0.861490 0.495155 0.581916 0.671791 0.699408 0.561734 0.585903 0.941302 0.885805 0.957751 0.955334 0.798856 0.839022 0.794724 0.729266 0.664735 0.822199 0.937059 0.825368
0.446319 0.657935 0.808531 0.827275 0.778517 0.754905 0.708436 0.460044 0.752843 0.521231 0.473258 0.285213 0.291417 0.000000 0.330676 0.417394 0.662666 0.487332 0.446685 0.382605 0.933500 0.886096 0.556212 0.726762 0.509768 0.717864 0.684583 0.876007 0.479304 0.415259 0.573481 0.553229 0.499529 0.620407 0.925566 0.833450 0.783220 0.858222 0.790150 0.994044 0.997877 0.936158 0.872342 0.734950 0.662102 0.610883 0.830343 0.897385 0.617503 0.775346 0.722452 0.810257 0.981439 0.991225 0.900230 0.989164 0.804663 0.602706 0.831458 0.748646 0.482784 0.362715 0.463183 0.362462 0.656512 0.976353 0.999665 0.847367 0.902198 0.662881 0.529208 0.527078 0.618254 0.603216 0.964476 0.894685 0.744785 0.899661 0.759667 0.626050 0.492055 0.490699 0.708748 0.973208 0.601777 0.703295 0.888066 0.982769 0.661719 0.691597 0.675222 0.727839 0.740802 0.818117 0.765695 0.904778 0.826635 0.940719 0.506751 0.626901 0.694730 0.671786 0.627936 0.607287 0.851831 0.912356 0.976055 0.950604 0.829256 0.881245 0.847945 0.747703 0.695025 0.882203 0.934090 0.946510
0.632227 0.828572 0.909693 0.819715 0.663347 0.669585 0.621836 0.464579 0.715218 0.473035 0.552852 0.409043 0.339876 0.330676 0.000000 0.401953 0.718777 0.560097 0.445690 0.503152 0.993559 0.964665 0.453621 0.710776 0.503372 0.726237 0.710548 0.894103 0.448397 0.406467 0.595252 0.574428 0.442228 0.626676 0.936596 0.913618 0.864717 0.883761 0.804561 0.944739 0.995663 0.970294 0.841835 0.741228 0.563805 0.561006 0.826661 0.856498 0.627807 0.794247 0.764737 0.832235 0.916809 0.936229 0.919170 0.959522 0.998594 0.777508 0.905135 0.870333 0.464195 0.428736 0.512964 0.452018 0.733327 0.997329 0.888043 0.821256 0.978830 0.629041 0.503625 0.545947 0.728223 0.705137 0.850480 0.879909 0.681588 0.949375 0.827463 0.689027 0.551297 0.587542 0.576144 0.893851 0.583254 0.696527 0.981365 0.979287 0.675152 0.788353 0.664719 0.699686 0.686204 0.824256 0.784306 0.968062 0.903630 0.946295 0.490820 0.593439 0.638839 0.669729 0.600794 0.571609 0.868062 0.854030 0.998263 0.955388 0.964213 0.986999 0.824782 0.669770 0.809216 0.844486 0.884698 0.904963
0.587748 0.850053 0.833118 0.731702 0.700817 0.608713 0.833279 0.648124 0.686615 0.693184 0.787324 0.486186 0.533645 0.417394 0.401953 0.000000 0.847323 0.735089 0.577020 0.600364 0.975599 0.825866 0.275321 0.423815 0.725230 0.752384 0.978941 0.858538 0.709273 0.557184 0.743053 0.662524 0.631960 0.821218 0.878526 0.992007 0.843015 0.939657 0.805715 0.976198 0.852879 0.858189 0.987887 0.870483 0.651610 0.733306 0.992096 0.900711 0.676678 0.706324 0.719790 0.702562 0.726813 0.804482 0.855797 0.979085 0.973712 0.722369 0.913507 0.808304 0.644063 0.565878 0.697199 0.562396 0.994291 0.936240 0.796358 0.882843 0.906023 0.724902 0.547490 0.629908 0.728875 0.785675 0.815958 0.983203 0.825020 0.937915 0.964754 0.743044 0.698539 0.640311 0.542939 0.904705 0.383473 0.465026 0.975669 0.714968 0.483555 0.564057 0.650397 0.659639 0.649376 0.735308 0.764225 0.954309 0.972118 0.961132 0.568452 0.635332 0.869063 0.666878 0.635368 0.801019 0.812521 0.871286 0.934397 0.948449 0.976921 0.906575 0.850780 0.664165 0.836267 0.936440 0.767463 0.965977
0.502157 0.501902 0.884881 0.718626 0.971537 0.649133 0.516008 0.488798 0.926247 0.557133 0.567072 0.539611 0.606032 0.662666 0.718777 0.847323 0.000000 0.391667 0.531806 0.632484 0.906457 0.954624 0.872748 0.998683 0.737545 0.819607 0.682139 0.876277 0.413301 0.493138 0.552074 0.691446 0.571589 0.412093 0.900341 0.978819 0.826563 0.908967 0.966018 0.957429 0.997193 0.749328 0.497385 0.408206 0.496394 0.470335 0.421190 0.560836 0.521688 0.563108 0.609873 0.724738 0.829667 0.868973 0.621671 0.630131 0.574687 0.635956 0.475650 0.526325 0.461783 0.599600 0.386130 0.394786 0.833730 0.839269 0.617048 0.513800 0.822288 0.597951 0.827554 0.781532 0.788244 0.931888 0.920500 0.975262 0.486304 0.760329 0.656257 0.693236 0.396274 0.483585 0.883430 0.875509 0.769228 0.762675 0.934403 0.819445 0.973794 0.859380 0.606908 0.840096 0.679289 0.989088 0.819953 0.817068 0.756930 0.824363 0.506035 0.515109 0.711659 0.684523 0.601158 0.734268 0.826101 0.860002 0.965717 0.921376 0.827661 0.671415 0.817931 0.717328 0.529281 0.794299 0.944042 0.872288
0.425395 0.491761 0.984970 0.811413 0.889985 0.743809 0.620474 0.494339 0.997036 0.537774 0.448958 0.370861 0.521968 0.487332 0.560097 0.735089 0.391667 0.000000 0.494148 0.458289 0.977340 0.941536 0.842458 0.936532 0.628582 0.805330 0.591748 0.924543 0.389190 0.365715 0.500423 0.569349 0.510267 0.455551 0.958247 0.968240 0.813184 0.992301 0.981350 0.977095 0.908215 0.831770 0.485297 0.428159 0.504913 0.396439 0.554057 0.586971 0.434206 0.521592 0.533668 0.654286 0.856852 0.839150 0.738424 0.749996 0.591569 0.563793 0.569004 0.574820 0.507972 0.538287 0.391199 0.343466 0.671984 0.986532 0.726768 0.591945 0.784905 0.532866 0.755508 0.638874 0.697348 0.748062 0.954486 0.901971 0.615182 0.821341 0.530767 0.513710 0.301459 0.447541 0.899671 0.849109 0.789377 0.727193 0.884237 0.787317 0.902099 0.823614 0.680754 0.854244 0.694229 0.998380 0.708150 0.910104 0.841691 0.895266 0.462768 0.497856 0.732303 0.715702 0.465368 0.626406 0.808480 0.944186 0.998614 0.979793 0.903418 0.753723 0.795445 0.749430 0.665359 0.795184 0.979916 0.933418
0.511852 0.669278 0.932727 0.646774 0.685866 0.553547 0.391204 0.310094 0.612963 0.339462 0.450333 0.368220 0.379576 0.446685 0.445690 0.577020 0.531806 0.494148 0.000000 0.418035 0.839313 0.951684 0.664164 0.912902 0.585011 0.795389 0.627835 0.925436 0.361738 0.397038 0.500305 0.562548 0.493762 0.416139 0.996834 0.892756 0.796267 0.855320 0.958468 0.981347 0.949602 0.996509 0.596408 0.471720 0.505521 0.484256 0.673299 0.650693 0.581006 0.698562 0.600354 0.774526 0.864397 0.905731 0.787385 0.793080 0.758495 0.703467 0.582528 0.630183 0.324893 0.340490 0.331352 0.333589 0.732040 0.785431 0.726826 0.637927 0.846879 0.710676 0.579112 0.617714 0.668376 0.702731 0.956700 0.899947 0.581665 0.817259 0.782809 0.676320 0.445481 0.425697 0.800119 0.960712 0.575851 0.710835 0.823602 0.947283 0.791513 0.828527 0.475744 0.661170 0.594193 0.913560 0.846553 0.943328 0.779031 0.877318 0.390302 0.511088 0.593536 0.608103 0.503663 0.647883 0.752348 0.897306 0.898106 0.989189 0.815832 0.788061 0.761830 0.614309 0.642653 0.816021 0.841504 0.994652
0.493218 0.577385 0.980516 0.738656 0.831545 0.735510 0.642296 0.457060 0.818201 0.529481 0.551305 0.413444 0.476028 0.382605 0.503152 0.600364 0.632484 0.458289 0.418035 0.000000 0.988750 0.853116 0.704743 0.785450 0.706021 0.899624 0.722438 0.937271 0.476129 0.498624 0.557842 0.566190 0.562834 0.585141 0.990022 0.916141 0.875564 0.927078 0.913136 0.855352 0.958576 0.907461 0.778124 0.654883 0.685489 0.599306 0.760246 0.739846 0.632918 0.723133 0.650410 0.766237 0.943639 0.896250 0.902417 0.908988 0.711217 0.552321 0.668094 0.632733 0.518024 0.459085 0.424345 0.375730 0.716944 0.861972 0.802796 0.672966 0.729388 0.660526 0.654205 0.585133 0.637028 0.629089 0.997342 0.868615 0.676412 0.902347 0.637711 0.595662 0.484320 0.423314 0.770010 0.972659 0.643360 0.695412 0.828172 0.948002 0.753891 0.808956 0.581839 0.713809 0.651991 0.853845 0.730253 0.863616 0.802825 0.831731 0.504507 0.606424 0.745652 0.737118 0.598086 0.589933 0.767347 0.863587 0.978279 0.996125 0.837864 0.844714 0.939015 0.744778 0.742218 0.848645 0.976443 0.961727
0.925774 0.975377 0.912866 0.978106 0.919150 0.799958 0.873673 0.967351 0.916918 0.926377 0.964728 0.985092 0.909633 0.933500 0.993559 0.975599 0.906457 0.977340 0.839313 0.988750 0.000000 0.996286 0.942302 0.952975 0.993955 0.817753 0.842716 0.977893 0.957805 0.953139 0.945267 0.905105 0.980482 0.876518 0.898824 0.991145 0.984712 0.831531 0.735648 0.889954 0.984944 0.986539 0.842603 0.785086 0.829965 0.853459 0.947031 0.796797 0.900905 0.909101 0.882215 0.890189 0.824035 0.894660 0.946827 0.796057 0.946534 0.999726 0.901276 0.874895 0.889705 0.960760 0.945037 0.931170 0.965475 0.948059 0.947056 0.859843 0.983500 0.912215 0.845475 0.961709 0.966751 0.916558 0.957574 0.985037 0.992971 0.883830 0.905575 0.974257 0.967487 0.952405 0.894264 0.870106 0.919372 0.967012 0.984937 0.900113 0.962414 0.939031 0.854546 0.915361 0.962327 0.924294 0.894416 0.970308 0.988848 0.998498 0.940452 0.903888 0.930448 0.972376 0.834016 0.899288 0.951510 0.838421 0.875992 0.986215 0.821890 0.936765 0.937276 0.834170 0.983392 0.848257 0.892834 0.942344
0.992396 0.929605 0.876990 0.976119 0.906313 0.983993 0.986630 0.970344 0.851456 0.946357 0.960762 0.952663 0.954046 0.886096 0.964665 0.825866 0.954624 0.941536 0.951684 0.853116 0.996286 0.000000 0.882175 0.850934 0.841871 0.985130 0.905714 0.928044 0.928360 0.894490 0.948387 0.937685 0.967599 0.947662 0.900601 0.899562 0.974672 0.956473 0.978002 0.856091 0.891814 0.813228 0.993894 0.991961 0.931906 0.921135 0.895215 0.860461 0.987692 0.950631 0.908950 0.884874 0.871955 0.945422 0.814768 0.986664 0.888946 0.967916 0.968582 0.950500 0.991547 0.923406 0.959792 0.924556 0.938105 0.961579 0.987581 0.936188 0.972114 0.927789 0.882314 0.869647 0.997864 0.946594 0.886431 0.994050 0.894546 0.990074 0.863409 0.863280 0.887671 0.939841 0.933157 0.966975 0.834007 0.879184 0.954845 0.860386 0.875428 0.932391 0.939045 0.956164 0.959453 0.951223 0.837913 0.763556 0.997571 0.971624 0.946642 0.925839 0.952692 0.876252 0.916092 0.926905 0.929983 0.970003 0.833593 0.944093 0.957618 0.939947 0.829842 0.920364 0.922197 0.860114 0.801918 0.902452
0.678194 0.911869 0.920303 0.678031 0.597050 0.563414 0.841157 0.664243 0.665224 0.704985 0.917695 0.627331 0.644444 0.556212 0.453621 0.275321 0.872748 0.842458 0.664164 0.704743 0.942302 0.882175 0.000000 0.420995 0.834857 0.793183 0.887004 0.820378 0.740960 0.640634 0.729600 0.681193 0.656506 0.906079 0.844498 0.962396 0.840146 0.984266 0.790828 0.991723 0.944171 0.907815 0.929006 0.951865 0.712076 0.793982 0.973779 0.953210 0.736673 0.727818 0.747717 0.711259 0.668071 0.745749 0.912289 0.912038 0.975166 0.731558 0.936286 0.830006 0.712532 0.654695 0.762490 0.650440 0.924279 0.910057 0.712896 0.874179 0.971607 0.725822 0.504359 0.677715 0.784758 0.876194 0.914214 0.960678 0.790456 0.984954 0.942057 0.806449 0.804988 0.730605 0.580436 0.956490 0.370766 0.451068 0.987561 0.681999 0.532721 0.516464 0.633911 0.595926 0.611956 0.669607 0.845327 0.959706 0.939434 0.997271 0.646754 0.659078 0.808175 0.670558 0.709833 0.841205 0.798165 0.825657 0.872726 0.995612 0.986863 0.839985 0.836888 0.682925 0.952550 0.960508 0.810667 0.984643
0.749194 0.880012 0.897290 0.755837 0.805059 0.662777 0.877329 0.935954 0.901784 0.934292 0.917875 0.776335 0.898050 0.726762 0.710776 0.423815 0.998683 0.936532 0.912902 0.785450 0.952975 0.850934 0.420995 0.000000 0.961977 0.938535 0.777138 0.899763 0.990753 0.880744 0.975390 0.932139 0.870162 0.907544 0.851594 0.898845 0.983433 0.889095 0.995832 0.951018 0.844929 0.928758 0.771131 0.885255 0.910145 0.983038 0.885730 0.953937 0.905889 0.771432 0.810540 0.709231 0.719276 0.658354 0.933415 0.928957 0.971091 0.747419 0.999609 0.880013 0.993471 0.946772 0.977594 0.841612 0.851928 0.928236 0.713387 0.918515 0.906056 0.761985 0.793175 0.742352 0.916910 0.818550 0.762254 0.963349 0.937614 0.980886 0.971425 0.846052 0.902394 0.788878 0.687015 0.927375 0.554667 0.442127 0.895060 0.637421 0.570361 0.640040 0.767330 0.811603 0.720861 0.744592 0.870916 0.943568 0.960683 0.940621 0.773641 0.830168 0.967882 0.765692 0.812483 0.832175 0.814635 0.798465 0.839997 0.824482 0.997390 0.793644 0.983999 0.721592 0.963404 0.854076 0.838070 0.919129
0.668823 0.839091 0.615724 0.848021 0.770968 0.825192 0.697860 0.622371 0.915323 0.563685 0.529467 0.500971 0.462242 0.509768 0.503372 0.725230 0.737545 0.628582 0.585011 0.706021 0.993955 0.841871 0.834857 0.961977 0.000000 0.557072 0.707826 0.974357 0.548221 0.570138 0.754656 0.683783 0.557011 0.684012 0.884762 0.943573 0.815310 0.868249 0.821720 0.932976 0.978368 0.996845 0.677418 0.625750 0.488858 0.467110 0.790034 0.773852 0.547523 0.726008 0.671250 0.787224 0.895512 0.990875 0.845163 0.998093 0.951830 0.949014 0.852540 0.842654 0.532105 0.486463 0.565898 0.502676 0.469938 0.821794 0.930019 0.879070 0.868374 0.739171 0.723951 0.808932 0.886328 0.913333 0.930906 0.897902 0.667079 0.888106 0.800120 0.639992 0.496933 0.702091 0.801543 0.927941 0.812877 0.934868 0.974383 0.885769 0.752402 0.845490 0.755421 0.832035 0.816425 0.909319 0.768650 0.936042 0.986713 0.959118 0.551600 0.690318 0.729835 0.771986 0.659608 0.635616 0.925649 0.958219 0.868441 0.969807 0.871154 0.945930 0.787861 0.786563 0.695619 0.827161 0.836365 0.828173
0.724981 0.718079 0.657182 0.999306 0.882914 0.918350 0.935605 0.805301 0.907344 0.797870 0.760934 0.684260 0.647292 0.717864 0.726237 0.752384 0.819607 0.805330 0.795389 0.899624 0.817753 0.985130 0.793183 0.938535 0.557072 0.000000 0.948155 0.917783 0.839787 0.786679 0.874740 0.787237 0.883915 0.929526 0.838886 0.947780 0.936522 0.964722 0.849363 0.926980 0.943612 0.948873 0.833518 0.784281 0.708662 0.698429 0.989015 0.871328 0.672954 0.721380 0.772594 0.739193 0.776667 0.916710 0.994459 0.956493 0.903904 0.827709 0.975095 0.838603 0.803115 0.677350 0.870731 0.731920 0.745480 0.729062 0.842697 0.960788 0.989068 0.721040 0.737481 0.779165 0.951778 0.968673 0.966942 0.886977 0.848628 0.842679 0.951177 0.782313 0.783244 0.887092 0.723263 0.965980 0.846189 0.910967 0.965548 0.947759 0.760247 0.618140 0.805045 0.707724 0.882163 0.864041 0.961855 0.965903 0.919789 0.852533 0.757923 0.650504 0.987431 0.941033 0.746158 0.786992 0.834397 0.910322 0.881567 0.908611 0.981299 0.934828 0.917969 0.778627 0.919023 0.964759 0.973347 0.807213
0.775907 0.811285 0.914085 0.999740 0.903700 0.859361 0.637640 0.609662 0.979427 0.613938 0.512592 0.672244 0.673945 0.684583 0.710548 0.978941 0.682139 0.591748 0.627835 0.722438 0.842716 0.905714 0.887004 0.777138 0.707826 0.948155 0.000000 0.972350 0.628549 0.644947 0.710546 0.836691 0.697177 0.570754 0.994450 0.833352 0.751779 0.768815 0.945585 0.899611 0.951717 0.950325 0.726399 0.659116 0.716861 0.695227 0.619174 0.750710 0.759282 0.936209 0.915936 0.931750 0.756789 0.882679 0.864293 0.917930 0.944099 0.976476 0.846295 0.891533 0.591321 0.663011 0.620084 0.658000 0.772075 0.948861 0.916528 0.751073 0.919905 0.974249 0.972718 0.784810 0.824284 0.800279 0.955584 0.965794 0.840905 0.913474 0.812272 0.814386 0.609839 0.696648 0.958883 0.941616 0.966594 0.956389 0.775450 0.689524 0.950284 0.852395 0.849744 0.974023 0.845603 0.837332 0.851540 0.967000 0.906360 0.998209 0.648580 0.809280 0.649572 0.906153 0.775301 0.825390 0.877219 0.932535 0.897309 0.928910 0.998760 0.706573 0.945636 0.974508 0.697785 0.830947 0.904032 0.964274
0.870593 0.985902 0.891174 0.954214 0.808319 0.866789 0.903338 0.892741 0.935534 0.988504 0.832726 0.851043 0.884054 0.876007 0.894103 0.858538 0.876277 0.924543 0.925436 0.937271 0.977893 0.928044 0.820378 0.899763 0.974357 0.917783 0.972350 0.000000 0.906524 0.877790 0.960576 0.926276 0.932289 0.968051 0.823368 0.864764 0.867131 0.905075 0.970304 0.978270 0.943719 0.957474 0.966639 0.995528 0.992381 0.959060 0.981139 0.976048 0.993625 0.988450 0.984402 0.962812 0.987493 0.973293 0.864474 0.951279 0.980296 0.917495 0.914006 0.945704 0.847438 0.944036 0.918199 0.899180 0.799484 0.990392 0.991058 0.962610 0.989896 0.891872 0.874795 0.970975 0.942264 0.994863 0.991602 0.820549 0.986729 0.976585 0.999114 0.781100 0.938574 0.822306 0.896864 0.903060 0.729800 0.769331 0.951447 0.957383 0.893666 0.929016 0.967842 0.989660 0.960764 0.955902 0.989137 0.966996 0.938726 0.977647 0.981612 0.961630 0.977140 0.893278 0.929163 0.935844 0.868665 0.767221 0.808990 0.926986 0.966392 0.912071 0.936723 0.978409 0.956098 0.800380 0.904247 0.996255
0.552713 0.621072 0.878296 0.780649 0.837547 0.670105 0.406762 0.359262 0.766578 0.384682 0.460671 0.432685 0.400856 0.479304 0.448397 0.709273 0.413301 0.389190 0.361738 0.476129 0.957805 0.928360 0.740960 0.990753 0.548221 0.839787 0.628549 0.906524 0.000000 0.295222 0.413507 0.500999 0.466266 0.368971 0.948295 0.909654 0.888364 0.903734 0.972541 0.841104 0.989659 0.947550 0.524555 0.438554 0.476232 0.387535 0.506335 0.619149 0.510771 0.632330 0.604619 0.789251 0.894255 0.974753 0.756757 0.719076 0.670039 0.680697 0.573743 0.656424 0.343917 0.453621 0.292679 0.331131 0.666197 0.913915 0.724688 0.587410 0.886944 0.604087 0.613918 0.684859 0.698498 0.775816 0.949473 0.862549 0.518266 0.911226 0.610776 0.585550 0.332699 0.406682 0.840605 0.957873 0.678440 0.800995 0.957422 0.895464 0.919996 0.881734 0.649664 0.839213 0.722606 0.945762 0.855954 0.956457 0.746931 0.842354 0.484141 0.542065 0.565576 0.629166 0.527083 0.573356 0.798411 0.949139 0.954231 0.957914 0.817012 0.772646 0.751780 0.685782 0.622419 0.740605 0.978140 0.969478
0.513104 0.621456 0.947068 0.812125 0.848092 0.707050 0.536742 0.437618 0.802226 0.462430 0.451664 0.356796 0.344320 0.415259 0.406467 0.557184 0.493138 0.365715 0.397038 0.498624 0.953139 0.894490 0.640634 0.880744 0.570138 0.786679 0.644947 0.877790 0.295222 0.000000 0.499958 0.472652 0.440117 0.420483 0.988548 0.871702 0.918929 0.920141 0.996215 0.843388 0.939054 0.956839 0.604433 0.491264 0.480494 0.420844 0.565281 0.667715 0.506267 0.628434 0.644670 0.769802 0.933049 0.985954 0.727682 0.771033 0.680060 0.665030 0.593131 0.674142 0.370826 0.451346 0.360711 0.319681 0.727420 0.911450 0.746936 0.580544 0.825658 0.538097 0.562399 0.721367 0.750069 0.706871 0.979805 0.875140 0.606972 0.816882 0.700392 0.595631 0.359671 0.463688 0.718394 0.887029 0.627683 0.735245 0.934609 0.988990 0.766955 0.783292 0.746787 0.902794 0.797465 0.922838 0.814407 0.953369 0.735466 0.921489 0.483081 0.555529 0.660830 0.701263 0.463797 0.617296 0.868932 0.915977 0.993695 0.989278 0.845696 0.850529 0.729087 0.698544 0.701452 0.745596 0.980920 0.965652
0.583928 0.647790 0.892603 0.710153 0.910939 0.639065 0.527843 0.425938 0.726093 0.428041 0.646558 0.528776 0.527931 0.573481 0.595252 0.743053 0.552074 0.500423 0.500305 0.557842 0.945267 0.948387 0.729600 0.975390 0.754656 0.874740 0.710546 0.960576 0.413507 0.499958 0.000000 0.504156 0.522438 0.464112 0.963321 0.895269 0.840257 0.884117 0.873909 0.961799 0.970017 0.937472 0.642323 0.591631 0.605728 0.556040 0.705038 0.749875 0.584680 0.687302 0.716843 0.831338 0.925924 0.983195 0.808571 0.724959 0.649493 0.688387 0.683629 0.744663 0.497386 0.527117 0.472641 0.433867 0.743127 0.998799 0.787978 0.678045 0.884678 0.714265 0.702919 0.594068 0.753415 0.882084 0.891281 0.915899 0.622302 0.882960 0.724664 0.619560 0.455122 0.539784 0.990105 0.978694 0.709655 0.817946 0.782449 0.749184 0.948096 0.826382 0.670880 0.784296 0.706967 0.905210 0.976861 0.904215 0.869895 0.847133 0.549863 0.475223 0.668944 0.607263 0.532615 0.765427 0.896040 0.872792 0.847059 0.925627 0.889418 0.790362 0.824169 0.786114 0.700902 0.946808 0.881712 0.949946
0.618147 0.735192 0.954126 0.810481 0.904441 0.822628 0.633333 0.582826 0.918532 0.625247 0.647794 0.555964 0.547038 0.553229 0.574428 0.662524 0.691446 0.569349 0.562548 0.566190 0.905105 0.937685 0.681193 0.932139 0.683783 0.787237 0.836691 0.926276 0.500999 0.472652 0.504156 0.000000 0.545265 0.577927 0.928751 0.746566 0.898783 0.919248 0.968517 0.890797 0.965157 0.980364 0.660973 0.605650 0.703399 0.588715 0.679126 0.741154 0.653588 0.733186 0.755821 0.836128 0.969308 0.919790 0.996657 0.817478 0.784666 0.787697 0.769470 0.767887 0.548090 0.613917 0.506566 0.500857 0.877566 0.948975 0.851481 0.724559 0.903422 0.771716 0.716097 0.747165 0.676569 0.853115 0.972679 0.886387 0.750791 0.955505 0.758664 0.626441 0.554243 0.504278 0.746032 0.890399 0.645506 0.714443 0.972829 0.999402 0.810010 0.649587 0.821385 0.920864 0.850676 0.916960 0.944339 0.981770 0.878093 0.820458 0.692623 0.679778 0.847815 0.772325 0.562777 0.780665 0.819346 0.910474 0.920931 0.957188 0.940424 0.956408 0.806156 0.967918 0.834634 0.947773 0.950348 0.907061
0.576240 0.790269 0.994338 0.775072 0.812378 0.594731 0.507520 0.437063 0.794950 0.458676 0.523436 0.438533 0.429537 0.499529 0.442228 0.631960 0.571589 0.510267 0.493762 0.562834 0.980482 0.967599 0.656506 0.870162 0.557011 0.883915 0.697177 0.932289 0.466266 0.440117 0.522438 0.545265 0.000000 0.490577 0.934192 0.949167 0.758394 0.912514 0.875669 0.917197 0.854858 0.975281 0.666500 0.559250 0.463270 0.473765 0.653890 0.660066 0.546321 0.731737 0.696243 0.864561 0.953164 0.946618 0.840986 0.770354 0.784462 0.792973 0.636914 0.763150 0.386326 0.446939 0.404274 0.371955 0.687967 0.875731 0.724565 0.563995 0.907860 0.674254 0.704190 0.751827 0.721550 0.750885 0.951558 0.764776 0.569906 0.812894 0.818658 0.543768 0.413191 0.482536 0.785159 0.822887 0.631732 0.643024 0.948267 0.931536 0.851993 0.881327 0.703295 0.921978 0.758750 0.920194 0.801991 0.974868 0.800195 0.911561 0.443551 0.609646 0.652356 0.760811 0.562585 0.639865 0.807783 0.877438 0.974016 0.994477 0.883742 0.906454 0.775416 0.689036 0.748605 0.846769 0.977525 0.930185
0.587009 0.630858 0.865475 0.766375 0.996223 0.648152 0.462999 0.460664 0.861960 0.471963 0.467746 0.498611 0.527481 0.620407 0.626676 0.821218 0.412093 0.455551 0.416139 0.585141 0.876518 0.947662 0.906079 0.907544 0.684012 0.929526 0.570754 0.968051 0.368971 0.420483 0.464112 0.577927 0.490577 0.000000 0.996728 0.830284 0.732664 0.874655 0.943288 0.866757 0.981322 0.935176 0.517506 0.374813 0.444038 0.404797 0.476226 0.666293 0.529706 0.661413 0.667530 0.852734 0.960040 0.964755 0.674423 0.667424 0.708197 0.816851 0.542855 0.681866 0.399014 0.530968 0.363073 0.401271 0.686300 0.893829 0.676796 0.457841 0.855154 0.744298 0.768465 0.713432 0.782902 0.868527 0.953621 0.870978 0.602228 0.808438 0.692262 0.661327 0.383859 0.428321 0.824099 0.789093 0.772833 0.815277 0.868446 0.870408 0.989312 0.976145 0.681519 0.947379 0.793174 0.847313 0.940367 0.926224 0.880125 0.914166 0.524333 0.593043 0.698237 0.674819 0.481893 0.785108 0.866449 0.935741 0.809269 0.949116 0.727991 0.732984 0.846076 0.761129 0.612588 0.835562 0.927215 0.977978
0.944350 0.939333 0.790939 0.885500 0.897478 0.814646 0.872729 0.964816 0.960221 0.959929 0.885778 0.971395 0.897129 0.925566 0.936596 0.878526 0.900341 0.958247 0.996834 0.990022 0.898824 0.900601 0.844498 0.851594 0.884762 0.838886 0.994450 0.823368 0.948295 0.988548 0.963321 0.928751 0.934192 0.996728 0.000000 0.909031 0.899798 0.949722 0.805815 0.945296 0.909671 0.971740 0.896963 0.900402 0.966629 0.977122 0.901415 0.889876 0.971163 0.942869 0.971289 0.923548 0.956833 0.935635 0.783588 0.923846 0.959660 0.977977 0.942502 0.987590 0.949542 0.936900 0.996288 0.986123 0.747787 0.830164 0.705244 0.882761 0.917838 0.980245 0.833255 0.980384 0.995348 0.981270 0.781260 0.941385 0.841220 0.864932 0.900166 0.906254 0.987963 0.904811 0.868271 0.945475 0.826256 0.734208 0.947451 0.919919 0.978104 0.970165 0.923955 0.983782 0.861590 0.932370 0.950983 0.876508 0.977717 0.921693 0.959203 0.959533 0.941523 0.834193 0.983834 0.993609 0.931684 0.916020 0.853825 0.825935 0.996726 0.882641 0.982688 0.863393 0.930107 0.998471 0.974615 0.932402
0.965533 0.951219 0.995818 0.915848 0.997236 0.983903 0.929764 0.960468 0.955213 0.958012 0.785443 0.866440 0.819236 0.833450 0.913618 0.992007 0.978819 0.968240 0.892756 0.916141 0.991145 0.899562 0.962396 0.898845 0.943573 0.947780 0.833352 0.864764 0.909654 0.871702 0.895269 0.746566 0.949167 0.830284 0.909031 0.000000 0.919542 0.854574 0.930717 0.972317 0.875441 0.990544 0.995150 0.952715 0.944490 0.966210 0.940004 0.948733 0.890676 0.854229 0.826687 0.789264 0.742189 0.797355 0.782192 0.835903 0.812998 0.806486 0.858917 0.767881 0.860017 0.924628 0.941217 0.972833 0.991504 0.985285 0.813497 0.943800 0.932288 0.803884 0.893230 0.983401 0.871450 0.855475 0.852236 0.905486 0.958571 0.982041 0.950827 0.914504 0.953490 0.843160 0.914494 0.890951 0.947608 0.974877 0.848791 0.924277 0.846431 0.926201 0.891226 0.886145 0.870692 0.784108 0.822322 0.902300 0.964656 0.989323 0.893977 0.877964 0.981932 0.966654 0.991822 0.979054 0.904040 0.880473 0.918904 0.862551 0.933103 0.888136 0.904301 0.962298 0.999628 0.809734 0.873802 0.795930
0.730238 0.924084 0.944486 0.948449 0.922115 0.812613 0.836633 0.763472 0.852552 0.745646 0.880647 0.759035 0.878041 0.783220 0.864717 0.843015 0.826563 0.813184 0.796267 0.875564 0.984712 0.974672 0.840146 0.983433 0.815310 0.936522 0.751779 0.867131 0.888364 0.918929 0.840257 0.898783 0.758394 0.732664 0.899798 0.919542 0.000000 0.827350 0.945107 0.958961 0.888883 0.989429 0.926206 0.844131 0.741421 0.768438 0.910307 0.864059 0.720219 0.835585 0.799302 0.917097 0.912579 0.889309 0.849226 0.979187 0.995818 0.982910 0.928567 0.879039 0.816493 0.694926 0.799032 0.770210 0.832234 0.901937 0.826011 0.830832 0.997356 0.918971 0.891529 0.817735 0.825511 0.870622 0.950698 0.915634 0.842886 0.995892 0.943578 0.891257 0.798980 0.759045 0.968885 0.985541 0.808959 0.809582 0.771922 0.934995 0.926112 0.898187 0.701258 0.816987 0.716089 0.913959 0.993510 0.857766 0.918320 0.959109 0.675350 0.848041 0.938660 0.771945 0.798262 0.942368 0.917182 0.970134 0.997329 0.960523 0.859933 0.982883 0.871583 0.864073 0.745820 0.915866 0.998801 0.921896
0.963692 0.916931 0.931395 0.848633 0.936006 0.984066 0.787574 0.875700 0.901317 0.883801 0.779548 0.914745 0.817233 0.858222 0.883761 0.939657 0.908967 0.992301 0.855320 0.927078 0.831531 0.956473 0.984266 0.889095 0.868249 0.964722 0.768815 0.905075 0.903734 0.920141 0.884117 0.919248 0.912514 0.874655 0.949722 0.854574 0.827350 0.000000 0.977824 0.989802 0.896663 0.968983 0.918553 0.979721 0.942543 0.996019 0.865178 0.976157 0.937163 0.881262 0.811177 0.730589 0.766576 0.758604 0.977836 0.882392 0.893809 0.893323 0.957612 0.892713 0.754973 0.839289 0.832157 0.852404 0.951888 0.840549 0.933325 0.885755 0.839990 0.865093 0.873409 0.952295 0.939738 0.983212 0.901459 0.943186 0.811980 0.843936 0.932651 0.931959 0.884573 0.827599 0.905719 0.944086 0.854219 0.967413 0.850095 0.952325 0.882368 0.994338 0.961849 0.931077 0.961980 0.856019 0.955218 0.943084 0.842635 0.983199 0.933068 0.914590 0.795610 0.828115 0.943350 0.997559 0.978530 0.869882 0.881445 0.975921 0.689870 0.873492 0.923145 0.958670 0.819118 0.978479 0.875380 0.947549
