0.000000 0.413002 0.612628 0.665649 0.922787 0.666502 0.778785 0.674645 0.782896 0.738072 0.486750 0.621342 0.877734 0.845844 0.808019 0.944282 0.496899 0.396545 0.849537 0.708952 0.961568 0.997221 0.979744 0.964557 0.728585 0.705822 0.940095 0.819064 0.542516 0.592062 0.915838 0.977257 0.833306 0.692994 0.976752 0.967176 0.992321 0.829289 0.882693 0.987793 0.700688 0.703407 0.989973 0.760214 0.740794 0.581046 0.678917 0.607581 0.558885 0.604085 0.628175 0.654366 0.748297 0.945844 0.679499 0.746566 0.360670 0.414501 0.479024 0.491764 0.633682 0.920878 0.432866 0.404248 0.791433 0.674105 0.896605 0.975196 0.539665 0.516029 0.592424 0.619877 0.991684 0.968642 0.837928 0.923067 0.824411 0.834581 0.578547 0.704846 0.331568 0.393615 0.556327 0.413827 0.672511 0.817781 0.871283 0.680104 0.806630 0.666101 0.482544 0.513236 0.466423 0.492718 0.870920 0.804435 0.889699 0.888445 0.876414 0.802294 0.755986 0.832747 0.989610 0.741343 0.956611 0.993767 0.968646 0.930457 0.895629 0.886871 0.830086 0.974946 0.936649 0.853569 0.877869 0.839625
0.413002 0.000000 0.602375 0.744018 0.859253 0.757380 0.706101 0.693383 0.626754 0.527771 0.664724 0.663080 0.967447 0.908790 0.889110 0.916404 0.547415 0.455099 0.967930 0.886145 0.932388 0.971908 0.900075 0.929696 0.894299 0.854986 0.944933 0.707128 0.689781 0.740187 0.864419 0.899424 0.823064 0.768032 0.900823 0.870708 0.916372 0.910622 0.980412 0.806521 0.633746 0.663493 0.917141 0.696443 0.729733 0.554562 0.543883 0.577615 0.625544 0.625147 0.587798 0.584971 0.746267 0.930349 0.605378 0.752293 0.348939 0.353024 0.414874 0.460794 0.763746 0.926519 0.445548 0.441349 0.825768 0.794383 0.930714 0.753280 0.581571 0.516238 0.614568 0.582653 0.968980 0.962252 0.851530 0.962953 0.832021 0.959000 0.642281 0.653576 0.398869 0.419970 0.540806 0.404548 0.666794 0.667086 0.802644 0.706573 0.981249 0.655330 0.546249 0.536849 0.596095 0.533062 0.839692 0.798259 0.922408 0.820132 0.808235 0.781836 0.897367 0.792739 0.996114 0.828591 0.950740 0.935418 0.940665 0.905598 0.984833 0.873972 0.790475 0.971283 0.935651 0.837814 0.765017 0.815264
0.612628 0.602375 0.000000 0.444489 0.918004 0.772043 0.490071 0.489690 0.609851 0.716105 0.716863 0.868305 0.712317 0.831533 0.891414 0.699526 0.526747 0.509813 0.855267 0.907052 0.941719 0.901253 0.634276 0.603927 0.526194 0.662172 0.997823 0.932978 0.705480 0.720334 0.645963 0.741947 0.813713 0.979223 0.882250 0.880894 0.872364 0.919760 0.746891 0.907946 0.722084 0.936455 0.713138 0.907231 0.957288 0.832294 0.861259 0.957099 0.766250 0.883814 0.870588 0.945093 0.885893 0.775676 0.839276 0.959984 0.593752 0.440198 0.497996 0.536144 0.844476 0.835545 0.451868 0.483050 0.500173 0.611985 0.708340 0.968018 0.690768 0.636225 0.552515 0.557088 0.952993 0.919139 0.945070 0.874724 0.680263 0.690446 0.773250 0.830432 0.505822 0.601846 0.725358 0.639368 0.993618 0.899537 0.987387 0.888625 0.825854 0.993556 0.526263 0.516503 0.512185 0.491095 0.945367 0.762641 0.776463 0.745628 0.642612 0.572557 0.800765 0.704949 0.984364 0.741805 0.787083 0.939999 0.718973 0.814723 0.929945 0.969755 0.796136 0.980554 0.908818 0.819017 0.990182 0.899981
0.665649 0.744018 0.444489 0.000000 0.859433 0.790452 0.619371 0.350583 0.733732 0.782280 0.684817 0.719693 0.955853 0.986620 0.835085 0.857712 0.550335 0.533416 0.985767 0.956152 0.943301 0.981529 0.852827 0.695798 0.475095 0.535063 0.991062 0.983468 0.496876 0.618675 0.765238 0.757603 0.983215 0.884278 0.995812 0.901256 0.827327 0.945038 0.728968 0.767656 0.824626 0.960190 0.723550 0.838683 0.875033 0.826209 0.877924 0.953995 0.787131 0.941366 0.883343 0.989276 0.920744 0.836289 0.877296 0.990449 0.702256 0.559939 0.608450 0.649157 0.619208 0.935199 0.482373 0.485241 0.654833 0.661848 0.720341 0.903329 0.788488 0.759248 0.589479 0.594962 0.947428 0.941912 0.905890 0.985568 0.638349 0.695488 0.796488 0.855555 0.567689 0.652613 0.608618 0.687715 0.872204 0.937400 0.911350 0.842532 0.992371 0.961972 0.570179 0.542287 0.527492 0.524850 0.987302 0.833349 0.778571 0.701385 0.870443 0.719552 0.772844 0.811737 0.946738 0.754900 0.731967 0.818580 0.697995 0.805613 0.830433 0.972977 0.875941 0.853692 0.838283 0.955046 0.969211 0.799351
0.922787 0.859253 0.918004 0.859433 0.000000 0.870295 0.739785 0.953613 0.725637 0.793749 0.949546 0.845428 0.653252 0.786242 0.714333 0.673745 0.990884 0.986978 0.745231 0.901889 0.786017 0.980558 0.644515 0.715231 0.977996 0.819487 0.962408 0.866070 0.900078 0.951335 0.999934 0.938936 0.879445 0.950076 0.931956 0.990430 0.784859 0.828564 0.797334 0.728432 0.960213 0.851682 0.909341 0.754694 0.957019 0.820552 0.864342 0.889108 0.854451 0.820377 0.865767 0.937712 0.954572 0.954097 0.914280 0.981430 0.788593 0.859538 0.909783 0.853125 0.701568 0.738434 0.963206 0.993767 0.746540 0.793615 0.934256 0.843666 0.788683 0.711156 0.872127 0.919319 0.990262 0.935719 0.942227 0.969925 0.910515 0.995231 0.944994 0.925025 0.849896 0.942997 0.887736 0.866560 0.716559 0.908831 0.809041 0.836166 0.987855 0.968593 0.737271 0.790964 0.858379 0.812523 0.927072 0.987581 0.876283 0.796578 0.816692 0.689864 0.945177 0.786950 0.852449 0.914433 0.948702 0.982286 0.995525 0.831137 0.982260 0.824438 0.901043 0.933420 0.984406 0.938252 0.941587 0.885274
0.666502 0.757380 0.772043 0.790452 0.870295 0.000000 0.866363 0.892966 0.956369 0.974765 0.768627 0.827556 0.880650 0.943090 0.947963 0.747927 0.816151 0.806082 0.876005 0.847297 0.784875 0.862396 0.883946 0.770422 0.581928 0.609438 0.966659 0.812526 0.741248 0.703506 0.903848 0.933371 0.917603 0.982848 0.746587 0.832692 0.941256 0.935614 0.738734 0.815291 0.961601 0.923962 0.986983 0.774655 0.805298 0.641464 0.928686 0.652887 0.606703 0.572278 0.749578 0.828422 0.810025 0.877349 0.782502 0.941410 0.623522 0.747885 0.759380 0.617524 0.932291 0.948720 0.759826 0.737783 0.621307 0.514938 0.597341 0.710376 0.600676 0.599677 0.729278 0.929709 0.920877 0.902820 0.977875 0.973814 0.809387 0.762583 0.798943 0.803901 0.639948 0.748348 0.967151 0.816113 0.919834 0.734698 0.828065 0.983244 0.980597 0.886950 0.586529 0.647618 0.560034 0.609311 0.942727 0.819550 0.916531 0.954265 0.911934 0.801042 0.780434 0.941811 0.860525 0.745512 0.718380 0.811338 0.850514 0.933271 0.916420 0.942640 0.985868 0.886146 0.752175 0.946520 0.902513 0.711982
0.778785 0.706101 0.490071 0.619371 0.739785 0.866363 0.000000 0.472319 0.569032 0.506281 0.926286 0.910173 0.511051 0.794980 0.731462 0.649919 0.773572 0.758865 0.528444 0.793386 0.728068 0.913246 0.486457 0.655044 0.802922 0.941853 0.874912 0.858722 0.956857 0.965622 0.731312 0.595130 0.739067 0.965105 0.930446 0.957967 0.858659 0.891693 0.939688 0.814131 0.806951 0.884185 0.984702 0.886706 0.936498 0.741775 0.690438 0.890462 0.738694 0.871401 0.728135 0.824552 0.972537 0.974154 0.850631 0.855185 0.664885 0.573765 0.578562 0.641364 0.895408 0.819329 0.712934 0.733585 0.621235 0.881584 0.917526 0.690738 0.708096 0.640405 0.710148 0.612061 0.848297 0.922688 0.828801 0.932509 0.826124 0.832065 0.777504 0.921022 0.726535 0.780874 0.785160 0.731335 0.832772 0.953817 0.976666 0.888332 0.792092 0.932064 0.532350 0.545208 0.606028 0.577681 0.988905 0.901762 0.880944 0.961065 0.717042 0.602247 0.855523 0.594004 0.861993 0.713210 0.887452 0.985483 0.761641 0.841520 0.878171 0.930833 0.887260 0.979420 0.895577 0.806338 0.859296 0.933928
0.674645 0.693383 0.489690 0.350583 0.953613 0.892966 0.472319 0.000000 0.693145 0.566821 0.817511 0.848787 0.904272 0.969209 0.841970 0.912903 0.696814 0.645836 0.787539 0.890328 0.839480 0.964411 0.858508 0.775806 0.683303 0.787171 0.880478 0.903292 0.714572 0.837501 0.860316 0.686736 0.998465 0.971549 0.836279 0.963038 0.959558 0.926439 0.877769 0.980325 0.793620 0.939638 0.995475 0.949057 0.698057 0.665190 0.715814 0.824958 0.652088 0.850756 0.696764 0.798792 0.957823 0.986683 0.876714 0.862143 0.671305 0.551858 0.593264 0.690365 0.781066 0.965013 0.615392 0.616584 0.801667 0.794852 0.897825 0.871118 0.753511 0.679410 0.685952 0.552215 0.942840 0.940299 0.818629 0.937449 0.798000 0.818187 0.744637 0.874190 0.660144 0.710437 0.535509 0.630991 0.825080 0.872071 0.802408 0.893394 0.994800 0.939325 0.575638 0.577850 0.583044 0.561826 0.941487 0.910576 0.766241 0.840674 0.945784 0.792251 0.780962 0.746665 0.985635 0.696000 0.965091 0.898849 0.765664 0.837249 0.899774 0.955121 0.850350 0.858803 0.977902 0.869365 0.880336 0.965490
0.782896 0.626754 0.609851 0.733732 0.725637 0.956369 0.569032 0.693145 0.000000 0.458279 0.895032 0.970270 0.601564 0.779623 0.775276 0.576665 0.736112 0.628491 0.581724 0.838879 0.853323 0.958721 0.549843 0.653375 0.914710 0.936989 0.942162 0.804069 0.900733 0.971898 0.636642 0.727276 0.938496 0.946505 0.917398 0.937449 0.927687 0.952244 0.894218 0.831684 0.737682 0.840598 0.834107 0.964019 0.841148 0.951625 0.767342 0.845814 0.994733 0.902385 0.980961 0.939938 0.763089 0.584367 0.807024 0.954662 0.607470 0.520751 0.649257 0.638800 0.963497 0.760235 0.631256 0.663473 0.670585 0.926472 0.906275 0.688120 0.763846 0.720974 0.592726 0.657902 0.973902 0.953602 0.822253 0.898584 0.700781 0.792559 0.845316 0.881231 0.674326 0.685283 0.823487 0.616776 0.920976 0.865606 0.982758 0.995469 0.867197 0.958729 0.575619 0.548099 0.705558 0.601910 0.987882 0.877221 0.929027 0.915087 0.625583 0.543150 0.957750 0.578958 0.884134 0.946485 0.962063 0.980237 0.789508 0.790536 0.874187 0.837809 0.892638 0.780167 0.771524 0.868641 0.907420 0.809669
0.738072 0.527771 0.716105 0.782280 0.793749 0.974765 0.506281 0.566821 0.458279 0.000000 0.999336 0.923021 0.753215 0.938105 0.966710 0.820595 0.858178 0.741315 0.550886 0.858209 0.712278 0.932287 0.748976 0.895802 0.884661 0.845069 0.921104 0.655661 0.980425 0.849683 0.825265 0.720816 0.935318 0.988228 0.817131 0.890633 0.757479 0.884721 0.839409 0.670519 0.792969 0.775532 0.790462 0.725216 0.800113 0.668337 0.509437 0.691762 0.784323 0.844975 0.644127 0.702012 0.960054 0.925696 0.741476 0.812859 0.529635 0.513378 0.614957 0.708866 0.973924 0.800437 0.729431 0.746674 0.972505 0.919034 0.845263 0.571056 0.758291 0.644541 0.673572 0.647274 0.789000 0.902427 0.945576 0.942546 0.845933 0.931484 0.799270 0.807958 0.711211 0.698467 0.675753 0.560823 0.798085 0.555055 0.846513 0.953306 0.882795 0.805854 0.614541 0.581618 0.746376 0.623026 0.959282 0.889893 0.899260 0.977248 0.834462 0.760486 0.929052 0.652123 0.906536 0.847403 0.843242 0.903924 0.939986 0.845699 0.944453 0.950630 0.866474 0.984067 0.913973 0.839967 0.691788 0.992675
0.486750 0.664724 0.716863 0.684817 0.949546 0.768627 0.926286 0.817511 0.895032 0.999336 0.000000 0.560153 0.786963 0.817793 0.828901 0.994173 0.489475 0.412129 0.743366 0.740952 0.875902 0.994492 0.949964 0.980962 0.636318 0.611571 0.977383 0.969286 0.473590 0.441552 0.971704 0.928127 0.750004 0.680033 0.890533 0.928325 0.866479 0.922287 0.834590 0.895302 0.803840 0.809460 0.702799 0.971005 0.973318 0.892405 0.989004 0.885612 0.860504 0.880662 0.902162 0.951239 0.947484 0.803842 0.845636 0.856676 0.596113 0.568439 0.641769 0.585534 0.505961 0.693056 0.472414 0.412580 0.738847 0.739734 0.927774 0.946841 0.648856 0.705146 0.692900 0.702578 0.993472 0.958274 0.928376 0.906480 0.717064 0.784866 0.704123 0.781666 0.495093 0.445519 0.734034 0.558217 0.861712 0.986386 0.977053 0.688161 0.846635 0.815030 0.566681 0.544939 0.534567 0.531801 0.905804 0.857227 0.927787 0.881034 0.782848 0.749963 0.837204 0.898686 0.947590 0.825015 0.856628 0.969866 0.851606 0.780835 0.820339 0.863548 0.825078 0.883559 0.862842 0.943844 0.969464 0.929444
0.621342 0.663080 0.868305 0.719693 0.845428 0.827556 0.910173 0.848787 0.970270 0.923021 0.560153 0.000000 0.788228 0.652723 0.818696 0.855610 0.591109 0.566561 0.863123 0.790457 0.808354 0.957994 0.965449 0.899690 0.818101 0.747604 0.984936 0.945823 0.520160 0.662317 0.941424 0.916030 0.695402 0.726207 0.871981 0.915572 0.985031 0.949115 0.908694 0.945767 0.871505 0.797675 0.824903 0.988759 0.892555 0.865449 0.812855 0.912640 0.888166 0.850004 0.838059 0.866250 0.929657 0.947534 0.842675 0.825449 0.659613 0.692041 0.666081 0.726523 0.572278 0.582628 0.585029 0.545914 0.870230 0.945795 0.964971 0.952838 0.802206 0.814312 0.743100 0.802488 0.890891 0.884314 0.829765 0.896018 0.768528 0.843817 0.790029 0.840820 0.659281 0.570202 0.711440 0.630934 0.801638 0.872042 0.977871 0.742597 0.914119 0.725648 0.708112 0.670152 0.665631 0.665456 0.967625 0.856186 0.920395 0.794874 0.873967 0.919393 0.958123 0.992191 0.919497 0.908265 0.890145 0.954477 0.931763 0.816536 0.902946 0.981740 0.764341 0.978611 0.703455 0.974338 0.917617 0.864587
0.877734 0.967447 0.712317 0.955853 0.653252 0.880650 0.511051 0.904272 0.601564 0.753215 0.786963 0.788228 0.000000 0.510179 0.373303 0.378083 0.983232 0.949958 0.466671 0.613067 0.840598 0.946039 0.373498 0.525132 0.873049 0.888887 0.993927 0.959712 0.792662 0.783860 0.700602 0.671589 0.530561 0.728809 0.845970 0.896137 0.888313 0.974750 0.908835 0.899647 0.924721 0.950367 0.848407 0.878094 0.673668 0.897253 0.980956 0.983324 0.913910 0.900282 0.898493 0.834642 0.720006 0.815581 0.918042 0.870548 0.958575 0.853462 0.864883 0.776648 0.586941 0.650953 0.954080 0.977518 0.550100 0.890770 0.834021 0.841800 0.893934 0.861661 0.836374 0.919928 0.922273 0.868875 0.932673 0.893034 0.824523 0.827717 0.942968 0.997435 0.958902 0.958316 0.840459 0.949264 0.574744 0.807731 0.824263 0.701530 0.713764 0.848563 0.772447 0.808861 0.845190 0.861456 0.966157 0.954831 0.976483 0.903299 0.667160 0.570961 0.919841 0.642797 0.937686 0.983734 0.823059 0.936809 0.920316 0.997765 0.926386 0.944867 0.953135 0.827825 0.848974 0.930164 0.874785 0.982526
0.845844 0.908790 0.831533 0.986620 0.786242 0.943090 0.794980 0.969209 0.779623 0.938105 0.817793 0.652723 0.510179 0.000000 0.499959 0.506733 0.917782 0.985577 0.694638 0.691298 0.843695 0.817358 0.504196 0.506944 0.890697 0.918170 0.909047 0.959392 0.785555 0.858455 0.809320 0.791255 0.585045 0.791379 0.725801 0.781912 0.889291 0.900764 0.927161 0.907319 0.915697 0.915778 0.852032 0.838471 0.677822 0.784315 0.980564 0.827597 0.795085 0.725373 0.837993 0.684738 0.720559 0.719071 0.999910 0.936037 0.928349 0.986253 0.923389 0.981512 0.754846 0.627200 0.988195 0.967149 0.667549 0.899784 0.857849 0.980449 0.956686 0.953496 0.986205 0.897084 0.978987 0.874621 0.819497 0.768034 0.874416 0.856182 0.884174 0.993098 0.965872 0.944335 0.732854 0.833921 0.641152 0.766140 0.872500 0.731940 0.808165 0.666108 0.982090 0.994072 0.981452 0.985273 0.966661 0.971841 0.994648 0.823911 0.895530 0.706636 0.978839 0.883650 0.899361 0.987687 0.760532 0.859216 0.910447 0.990692 0.985021 0.926419 0.851376 0.965238 0.990812 0.985928 0.842364 0.938302
0.808019 0.889110 0.891414 0.835085 0.714333 0.947963 0.731462 0.841970 0.775276 0.966710 0.828901 0.818696 0.373303 0.499959 0.000000 0.441203 0.993172 0.874048 0.603232 0.731541 0.864071 0.904254 0.395249 0.601508 0.939498 0.884122 0.832327 0.953011 0.701861 0.782576 0.792441 0.762376 0.542988 0.802561 0.759486 0.902088 0.939526 0.989475 0.936968 0.879512 0.995842 0.969002 0.827102 0.864231 0.583356 0.777468 0.910052 0.886539 0.781566 0.771000 0.800259 0.709299 0.699947 0.774540 0.918196 0.881778 0.933170 0.981591 0.977942 0.933397 0.618737 0.768796 0.922354 0.871853 0.575982 0.974727 0.822628 0.845337 0.931359 0.978130 0.959665 0.870214 0.938029 0.946443 0.838684 0.984491 0.933677 0.884606 0.873436 0.937561 0.900830 0.872224 0.633271 0.840007 0.475919 0.708107 0.732326 0.629361 0.773547 0.813019 0.934719 0.969418 0.980960 0.986923 0.898964 0.982590 0.941250 0.777044 0.770643 0.639837 0.936444 0.851920 0.914571 0.976060 0.780098 0.953591 0.935907 0.980301 0.988964 0.972985 0.955224 0.813692 0.871776 0.982301 0.799296 0.968110
0.944282 0.916404 0.699526 0.857712 0.673745 0.747927 0.649919 0.912903 0.576665 0.820595 0.994173 0.855610 0.378083 0.506733 0.441203 0.000000 0.813066 0.865060 0.678707 0.705556 0.938285 0.931711 0.402068 0.442000 0.707700 0.869822 0.884701 0.951259 0.966719 0.994721 0.670308 0.722970 0.612717 0.889435 0.751051 0.828079 0.990143 0.929070 0.982048 0.986934 0.935878 0.975702 0.728567 0.824380 0.672794 0.910721 0.968439 0.938881 0.922789 0.894430 0.859068 0.775224 0.671953 0.672908 0.925911 0.800608 0.837359 0.742608 0.785428 0.643410 0.842580 0.785716 0.788237 0.829976 0.453764 0.778633 0.720629 0.915360 0.749962 0.781155 0.738069 0.858493 0.991474 0.950448 0.804876 0.869288 0.716500 0.762389 0.964207 0.898412 0.774132 0.898707 0.828443 0.968735 0.620006 0.745328 0.868952 0.743724 0.903463 0.802151 0.651960 0.687942 0.699057 0.694752 0.975322 0.883549 0.950917 0.878031 0.647482 0.508552 0.877465 0.703022 0.989385 0.869037 0.744377 0.880431 0.996263 0.932541 0.912551 0.959968 0.920883 0.768402 0.742943 0.959021 0.794263 0.830069
0.496899 0.547415 0.526747 0.550335 0.990884 0.816151 0.773572 0.696814 0.736112 0.858178 0.489475 0.591109 0.983232 0.917782 0.993172 0.813066 0.000000 0.336006 0.902256 0.865909 0.949191 0.947066 0.755174 0.719182 0.556673 0.568205 0.947461 0.932617 0.543922 0.461447 0.789889 0.865764 0.938031 0.718373 0.932991 0.978582 0.941771 0.973818 0.876155 0.900745 0.731763 0.848608 0.643205 0.952009 0.960626 0.888504 0.872889 0.934387 0.912081 0.943680 0.912550 0.989748 0.870546 0.663198 0.795711 0.867370 0.527881 0.435050 0.535138 0.587487 0.568492 0.924716 0.327866 0.347847 0.574480 0.707178 0.820458 0.947361 0.615401 0.634620 0.597466 0.688355 0.997726 0.970425 0.926717 0.936981 0.715127 0.712782 0.666229 0.716767 0.381504 0.404020 0.698450 0.552010 0.907353 0.993672 0.937884 0.698835 0.895549 0.937787 0.554129 0.502189 0.492946 0.465899 0.860295 0.765784 0.940270 0.879664 0.739001 0.648079 0.793086 0.845663 0.972194 0.766560 0.789516 0.984050 0.778481 0.754911 0.909857 0.913392 0.910066 0.987323 0.826863 0.998187 0.994489 0.822069
0.396545 0.455099 0.509813 0.533416 0.986978 0.806082 0.758865 0.645836 0.628491 0.741315 0.412129 0.566561 0.949958 0.985577 0.874048 0.865060 0.336006 0.000000 0.894240 0.837009 0.869529 0.977121 0.841295 0.804903 0.609184 0.569280 0.961765 0.864103 0.492654 0.458413 0.829957 0.905333 0.830826 0.712751 0.952093 0.989440 0.962689 0.992751 0.875740 0.939404 0.663138 0.784072 0.685777 0.979678 0.970614 0.823530 0.768923 0.807905 0.834211 0.884196 0.844169 0.923173 0.966760 0.675365 0.686971 0.876852 0.411627 0.345506 0.469605 0.472667 0.481485 0.902784 0.280926 0.273714 0.638348 0.698128 0.886437 0.913490 0.568100 0.626382 0.515526 0.570806 0.935749 0.970798 0.900546 0.866720 0.672129 0.750279 0.615355 0.678138 0.329327 0.310910 0.584680 0.421379 0.786074 0.881052 0.873953 0.661597 0.902777 0.868697 0.479965 0.444526 0.461174 0.440668 0.852401 0.760370 0.917356 0.813993 0.706966 0.659885 0.775277 0.807422 0.928631 0.809616 0.899261 0.986793 0.724347 0.795260 0.848902 0.897238 0.842024 0.965278 0.802691 0.924175 0.913697 0.811387
0.849537 0.967930 0.855267 0.985767 0.745231 0.876005 0.528444 0.787539 0.581724 0.550886 0.743366 0.863123 0.466671 0.694638 0.603232 0.678707 0.902256 0.894240 0.000000 0.601632 0.698381 0.856537 0.550429 0.754073 0.807660 0.667032 0.939060 0.821131 0.709272 0.601965 0.806291 0.679754 0.785199 0.714826 0.917178 0.954806 0.740886 0.918530 0.711874 0.692380 0.949156 0.971631 0.931118 0.943307 0.885808 0.984538 0.783117 0.998301 0.941483 0.849542 0.916839 0.962828 0.822358 0.917848 0.903896 0.932994 0.961829 0.893417 0.902985 0.974848 0.649037 0.751946 0.911278 0.907033 0.873417 0.824141 0.934056 0.633864 0.980002 0.877047 0.891845 0.961946 0.819197 0.897325 0.872216 0.985083 0.941604 0.968616 0.993854 0.961864 0.923858 0.935130 0.939036 0.964495 0.759022 0.895397 0.986162 0.693041 0.762028 0.916544 0.834828 0.814422 0.943033 0.888511 0.942757 0.905574 0.989619 0.867367 0.872781 0.765218 0.960451 0.678642 0.938220 0.963977 0.945692 0.965322 0.928120 0.820094 0.979283 0.917347 0.995621 0.879918 0.944957 0.869986 0.957546 0.858310
0.708952 0.886145 0.907052 0.956152 0.901889 0.847297 0.793386 0.890328 0.838879 0.858209 0.740952 0.790457 0.613067 0.691298 0.731541 0.705556 0.865909 0.837009 0.601632 0.000000 0.766821 0.873476 0.745426 0.754112 0.960334 0.880916 0.939871 0.932403 0.768171 0.670640 0.933103 0.693789 0.830635 0.811646 0.935967 0.915251 0.879013 0.824836 0.804064 0.931497 0.933577 0.901136 0.977625 0.829464 0.862771 0.837950 0.982130 0.919629 0.853054 0.799955 0.914881 0.890368 0.857997 0.925715 0.998588 0.757285 0.837848 0.986125 0.980842 0.950979 0.814984 0.897829 0.921626 0.903534 0.924522 0.835886 0.913485 0.742396 0.941512 0.955989 0.955182 0.988473 0.980695 0.932685 0.976426 0.957481 0.973026 0.964807 0.791095 0.988386 0.855050 0.848141 0.868391 0.806772 0.867047 0.996657 0.974603 0.680239 0.819103 0.774500 0.958892 0.994950 0.931209 0.981758 0.954753 0.858646 0.944284 0.982200 0.889054 0.891298 0.897931 0.808278 0.968723 0.855847 0.955753 0.926204 0.918465 0.899824 0.951761 0.975395 0.859639 0.989672 0.991647 0.895294 0.963151 0.876810
0.961568 0.932388 0.941719 0.943301 0.786017 0.784875 0.728068 0.839480 0.853323 0.712278 0.875902 0.808354 0.840598 0.843695 0.864071 0.938285 0.949191 0.869529 0.698381 0.766821 0.000000 0.907822 0.761540 0.996201 0.807385 0.717050 0.938553 0.818580 0.812854 0.724928 0.964812 0.767084 0.910456 0.998730 0.922157 0.974359 0.781505 0.756636 0.769575 0.676824 0.918175 0.872121 0.771561 0.869622 0.900723 0.878383 0.837733 0.958431 0.943547 0.964805 0.872779 0.926602 0.990689 0.986806 0.940907 0.961281 0.989938 0.950033 0.996580 0.905276 0.729692 0.715870 0.889380 0.866834 0.982157 0.923122 0.826121 0.712603 0.977829 0.877526 0.922125 0.970814 0.717693 0.894863 0.939543 0.901454 0.933100 0.915305 0.920824 0.962934 0.931971 0.876048 0.922764 0.995124 0.886296 0.888966 0.950085 0.853921 0.999008 0.994205 0.978372 0.968176 0.901265 0.994411 0.931387 0.886818 0.989717 0.902422 0.971477 0.974684 0.923209 0.765750 0.990760 0.781019 0.892459 0.980192 0.985036 0.939422 0.902696 0.909557 0.962708 0.979896 0.914749 0.966351 0.860556 0.786120
0.997221 0.971908 0.901253 0.981529 0.980558 0.862396 0.913246 0.964411 0.958721 0.932287 0.994492 0.957994 0.946039 0.817358 0.904254 0.931711 0.947066 0.977121 0.856537 0.873476 0.907822 0.000000 0.949309 0.911237 0.983483 0.976304 0.959773 0.980316 0.963381 0.958628 0.938396 0.930909 0.943733 0.980772 0.891684 0.967211 0.835545 0.929989 0.978389 0.965485 0.959472 0.999925 0.892150 0.888236 0.868867 0.911151 0.872442 0.966423 0.911312 0.945696 0.857624 0.915530 0.792459 0.926803 0.877409 0.882437 0.952327 0.970917 0.963501 0.983859 0.960616 0.896577 0.968783 0.948676 0.973140 0.946528 0.995940 0.914473 0.870611 0.922845 0.982197 0.941005 0.969159 0.978462 0.938843 0.962602 0.956610 0.958666 0.909644 0.944783 0.947827 0.893477 0.940281 0.980121 0.976541 0.921372 0.909497 0.996217 0.975478 0.979195 0.932786 0.962058 0.930402 0.926213 0.878439 0.858908 0.952349 0.959073 0.878628 0.914479 0.931652 0.884089 0.993082 0.888976 0.867953 0.841318 0.945096 0.980708 0.903347 0.981416 0.968205 0.927786 0.962907 0.954119 0.977951 0.952513
0.979744 0.900075 0.634276 0.852827 0.644515 0.883946 0.486457 0.858508 0.549843 0.748976 0.949964 0.965449 0.373498 0.504196 0.395249 0.402068 0.755174 0.841295 0.550429 0.745426 0.761540 0.949309 0.000000 0.437176 0.770195 0.989597 0.834459 0.983576 0.978629 0.983568 0.691186 0.654981 0.587829 0.938825 0.755824 0.857147 0.947739 0.991897 0.903202 0.846023 0.926426 0.919035 0.739996 0.860209 0.645390 0.897865 0.949607 0.925327 0.880660 0.789936 0.890688 0.712982 0.635269 0.634476 0.953023 0.911677 0.849396 0.777250 0.853187 0.800324 0.789999 0.769864 0.808481 0.854057 0.409045 0.842809 0.784236 0.802224 0.816749 0.836484 0.830910 0.926446 0.858594 0.917706 0.830747 0.915500 0.736753 0.720812 0.972602 0.920881 0.828645 0.890063 0.791126 0.947106 0.479096 0.723465 0.828384 0.716218 0.800247 0.792332 0.662373 0.658915 0.741747 0.728556 0.969185 0.882131 0.945126 0.875893 0.667550 0.464682 0.912268 0.656364 0.918860 0.837171 0.698635 0.927240 0.882551 0.823942 0.914841 0.963803 0.993208 0.813881 0.749752 0.912228 0.866038 0.939201
0.964557 0.929696 0.603927 0.695798 0.715231 0.770422 0.655044 0.775806 0.653375 0.895802 0.980962 0.899690 0.525132 0.506944 0.601508 0.442000 0.719182 0.804903 0.754073 0.754112 0.996201 0.911237 0.437176 0.000000 0.574500 0.798102 0.787665 0.971329 0.872992 0.868455 0.744114 0.801997 0.699122 0.873839 0.740106 0.800714 0.969653 0.783197 0.899033 0.936796 0.987002 0.970687 0.746443 0.866345 0.789949 0.994773 0.981765 0.941551 0.973268 0.897026 0.879889 0.730189 0.744433 0.696846 0.987298 0.831845 0.883562 0.811684 0.892408 0.823570 0.901835 0.740883 0.780570 0.821106 0.420178 0.618119 0.607224 0.943851 0.787965 0.858059 0.773149 0.924665 0.941987 0.968363 0.808854 0.950159 0.803407 0.686072 0.975389 0.901127 0.785213 0.923938 0.883024 0.967748 0.576759 0.577725 0.855193 0.752135 0.785329 0.704980 0.702428 0.759716 0.751492 0.752811 0.988788 0.837045 0.878121 0.962371 0.805930 0.567569 0.897033 0.819413 0.816254 0.799342 0.700336 0.701803 0.882338 0.934031 0.860902 0.962213 0.928548 0.893557 0.798875 0.965606 0.743130 0.816987
0.728585 0.894299 0.526194 0.475095 0.977996 0.581928 0.802922 0.683303 0.914710 0.884661 0.636318 0.818101 0.873049 0.890697 0.939498 0.707700 0.556673 0.609184 0.807660 0.960334 0.807385 0.983483 0.770195 0.574500 0.000000 0.404522 0.839081 0.786323 0.552666 0.470031 0.738628 0.986193 0.821232 0.980985 0.726426 0.813586 0.782489 0.789858 0.623123 0.590786 0.912493 0.997650 0.597199 0.788863 0.933155 0.958139 0.875042 0.964127 0.843739 0.911938 0.945471 0.833206 0.871108 0.845911 0.985706 0.845984 0.788684 0.687582 0.730155 0.627494 0.715210 0.934067 0.551270 0.576654 0.417381 0.441050 0.469567 0.636538 0.746265 0.774751 0.682791 0.788325 0.808624 0.876058 0.997939 0.988112 0.690134 0.570050 0.825381 0.901494 0.614948 0.691048 0.860816 0.875559 0.849270 0.579494 0.829848 0.905008 0.950376 0.858716 0.628406 0.664875 0.513505 0.593598 0.934333 0.763490 0.824113 0.819875 0.809164 0.678321 0.702310 0.911853 0.887584 0.703853 0.591067 0.758337 0.833477 0.942505 0.894776 0.995965 0.954831 0.989166 0.844880 0.880539 0.812735 0.755960
0.705822 0.854986 0.662172 0.535063 0.819487 0.609438 0.941853 0.787171 0.936989 0.845069 0.611571 0.747604 0.888887 0.918170 0.884122 0.869822 0.568205 0.569280 0.667032 0.880916 0.717050 0.976304 0.989597 0.798102 0.404522 0.000000 0.886872 0.762311 0.551717 0.447191 0.849288 0.976531 0.958126 0.877289 0.725145 0.887612 0.695884 0.826591 0.613783 0.538853 0.856708 0.980999 0.607092 0.777243 0.964519 0.989484 0.878844 0.894493 0.925759 0.934465 0.914492 0.852997 0.917144 0.791345 0.990600 0.849790 0.759708 0.707902 0.740333 0.653101 0.565069 0.826688 0.534351 0.540081 0.603729 0.524140 0.539427 0.634133 0.782887 0.804545 0.701442 0.816113 0.807106 0.884174 0.943691 0.977023 0.646741 0.642735 0.829729 0.813273 0.630364 0.651771 0.869408 0.818275 0.936662 0.711357 0.977286 0.765679 0.871395 0.899693 0.707032 0.699283 0.586406 0.627769 0.906983 0.777039 0.829437 0.702235 0.841295 0.807835 0.772736 0.985812 0.925200 0.846163 0.673278 0.800357 0.885196 0.943277 0.948252 0.978624 0.985079 0.957110 0.803713 0.960784 0.830906 0.724390
0.940095 0.944933 0.997823 0.991062 0.962408 0.966659 0.874912 0.880478 0.942162 0.921104 0.977383 0.984936 0.993927 0.909047 0.832327 0.884701 0.947461 0.961765 0.939060 0.939871 0.938553 0.959773 0.834459 0.787665 0.839081 0.886872 0.000000 0.980012 0.974862 0.897040 0.919543 0.935573 0.951360 0.995571 0.848785 0.738370 0.884501 0.820787 0.899529 0.955685 0.879874 0.995520 0.917676 0.928320 0.842041 0.898185 0.945635 0.935219 0.948071 0.917080 0.895647 0.807810 0.802374 0.820617 0.929476 0.939952 0.989531 0.986977 0.938333 0.995802 0.983238 0.962025 0.964058 0.949452 0.785629 0.852341 0.907768 0.930719 0.979637 0.949188 0.952016 0.856109 0.932766 0.825183 0.803234 0.955722 0.908555 0.904544 0.961639 0.942219 0.995866 0.986078 0.852129 0.969920 0.836987 0.792397 0.877473 0.976578 0.998885 0.880126 0.991054 0.991894 0.995721 0.934123 0.975955 0.896866 0.906884 0.942543 0.966771 0.843545 0.928522 0.971511 0.852250 0.913562 0.873648 0.782176 0.894813 0.936378 0.998268 0.941102 0.975606 0.893568 0.957990 0.909776 0.704058 0.884026
0.819064 0.707128 0.932978 0.983468 0.866070 0.812526 0.858722 0.903292 0.804069 0.655661 0.969286 0.945823 0.959712 0.959392 0.953011 0.951259 0.932617 0.864103 0.821131 0.932403 0.818580 0.980316 0.983576 0.971329 0.786323 0.762311 0.980012 0.000000 0.959978 0.844746 0.951298 0.949845 0.797142 0.995240 0.833866 0.816024 0.878109 0.907844 0.875214 0.701285 0.937195 0.847516 0.772187 0.752827 0.814432 0.832036 0.804408 0.795046 0.832006 0.875935 0.771462 0.712855 0.858500 0.995578 0.779179 0.884557 0.785940 0.753940 0.811036 0.924122 0.916740 0.793558 0.945779 0.886767 0.806799 0.908631 0.759822 0.727584 0.979004 0.900549 0.854688 0.793311 0.884498 0.913166 0.836162 0.849031 0.857812 0.923303 0.799573 0.890507 0.854675 0.856841 0.763007 0.771422 0.733196 0.628036 0.853478 0.928312 0.873862 0.831306 0.891479 0.904625 0.996469 0.998893 0.924853 0.901807 0.957608 0.956282 0.952141 0.940167 0.982849 0.944724 0.967967 0.942640 0.745958 0.900089 0.911476 0.924244 0.954185 0.989042 0.896539 0.958361 0.853712 0.881075 0.879517 0.973645
0.542516 0.689781 0.705480 0.496876 0.900078 0.741248 0.956857 0.714572 0.900733 0.980425 0.473590 0.520160 0.792662 0.785555 0.701861 0.966719 0.543922 0.492654 0.709272 0.768171 0.812854 0.963381 0.978629 0.872992 0.552666 0.551717 0.974862 0.959978 0.000000 0.412462 0.962965 0.937775 0.743626 0.706979 0.942646 0.968836 0.795756 0.923562 0.773578 0.720165 0.867160 0.752422 0.691652 0.873793 0.917025 0.863065 0.949462 0.931089 0.828269 0.860885 0.981333 0.990631 0.988988 0.803106 0.816183 0.938582 0.705757 0.679021 0.752816 0.706820 0.531542 0.810144 0.502809 0.493386 0.718734 0.614702 0.782368 0.793067 0.810883 0.869500 0.620481 0.718713 0.838769 0.956010 0.928750 0.999002 0.684144 0.725487 0.775690 0.887949 0.531967 0.598429 0.677169 0.665110 0.876007 0.870335 0.969610 0.756479 0.942911 0.892986 0.646079 0.612918 0.626715 0.656744 0.933570 0.777107 0.916554 0.632594 0.906567 0.792427 0.815499 0.908391 0.980852 0.887893 0.764079 0.806961 0.798298 0.922124 0.769204 0.964634 0.811760 0.974241 0.806934 0.939655 0.976335 0.691221
0.592062 0.740187 0.720334 0.618675 0.951335 0.703506 0.965622 0.837501 0.971898 0.849683 0.441552 0.662317 0.783860 0.858455 0.782576 0.994721 0.461447 0.458413 0.601965 0.670640 0.724928 0.958628 0.983568 0.868455 0.470031 0.447191 0.897040 0.844746 0.412462 0.000000 0.996452 0.821524 0.871578 0.721027 0.829370 0.965084 0.745940 0.893686 0.718810 0.642967 0.835869 0.826990 0.645467 0.910327 0.950867 0.889005 0.952385 0.957300 0.898580 0.869290 0.998181 0.947013 0.973738 0.827480 0.914237 0.984189 0.700004 0.667859 0.737901 0.653805 0.497721 0.833394 0.478607 0.488479 0.632387 0.568161 0.725181 0.738642 0.727669 0.782592 0.735969 0.793829 0.798837 0.887144 0.936792 0.999009 0.755586 0.778501 0.700639 0.810030 0.523560 0.571250 0.756060 0.703315 0.957048 0.793327 0.930282 0.698119 0.859699 0.990875 0.710260 0.654478 0.588555 0.616056 0.891034 0.855759 0.963103 0.779029 0.899615 0.839892 0.753793 0.949104 0.950410 0.787781 0.770846 0.878251 0.800044 0.927963 0.864275 0.864737 0.953452 0.973189 0.861041 0.875857 0.983498 0.744595
0.915838 0.864419 0.645963 0.765238 0.999934 0.903848 0.731312 0.860316 0.636642 0.825265 0.971704 0.941424 0.700602 0.809320 0.792441 0.670308 0.789889 0.829957 0.806291 0.933103 0.964812 0.938396 0.691186 0.744114 0.738628 0.849288 0.919543 0.951298 0.962965 0.996452 0.000000 0.763963 0.690724 0.828843 0.904547 0.802041 0.789337 0.835351 0.890906 0.852204 0.938544 0.956724 0.707821 0.791026 0.710132 0.835946 0.939760 0.975022 0.899681 0.817659 0.809658 0.806953 0.712367 0.719669 0.973907 0.931362 0.835585 0.746670 0.738521 0.757245 0.898248 0.961304 0.760231 0.774880 0.715323 0.987001 0.710782 0.968505 0.893131 0.897156 0.726960 0.886062 0.995971 0.996272 0.831877 0.969002 0.630608 0.798398 0.954768 0.950639 0.847813 0.825742 0.967983 0.862166 0.907386 0.961079 0.963181 0.988789 0.829863 0.830877 0.790967 0.769184 0.789514 0.699330 0.998824 0.840121 0.843004 0.902745 0.682681 0.641093 0.882215 0.769151 0.965855 0.901958 0.828136 0.911098 0.998961 0.836512 0.895641 0.904061 0.920338 0.967883 0.941435 0.951013 0.872536 0.850432
0.977257 0.899424 0.741947 0.757603 0.938936 0.933371 0.595130 0.686736 0.727276 0.720816 0.928127 0.916030 0.671589 0.791255 0.762376 0.722970 0.865764 0.905333 0.679754 0.693789 0.767084 0.930909 0.654981 0.801997 0.986193 0.976531 0.935573 0.949845 0.937775 0.821524 0.763963 0.000000 0.789271 0.984308 0.939064 0.956989 0.887428 0.910225 0.968358 0.848500 0.956136 0.937854 0.875147 0.867344 0.926981 0.978073 0.905957 0.987814 0.972471 0.820713 0.963063 0.951871 0.817068 0.874007 0.939642 0.981585 0.912393 0.791410 0.818783 0.912940 0.989945 0.999798 0.860153 0.853849 0.815504 0.883109 0.956475 0.695271 0.830491 0.941594 0.907733 0.807330 0.849310 0.935508 0.965815 0.960267 0.846668 0.893361 0.969998 0.947452 0.914140 0.878869 0.918726 0.868131 0.934028 0.904792 0.838168 0.858257 0.918568 0.992256 0.818035 0.790586 0.870558 0.836921 0.923923 0.964735 0.991206 0.978282 0.797389 0.687399 0.925015 0.811368 0.858039 0.991210 0.862429 0.953980 0.850284 0.917722 0.982326 0.919970 0.882785 0.974385 0.838529 0.887646 0.912634 0.933299
0.833306 0.823064 0.813713 0.983215 0.879445 0.917603 0.739067 0.998465 0.938496 0.935318 0.750004 0.695402 0.530561 0.585045 0.542988 0.612717 0.938031 0.830826 0.785199 0.830635 0.910456 0.943733 0.587829 0.699122 0.821232 0.958126 0.951360 0.797142 0.743626 0.871578 0.690724 0.789271 0.000000 0.731718 0.725816 0.832550 0.992060 0.813518 0.985336 0.886544 0.930812 0.907165 0.849032 0.823330 0.705744 0.813487 0.874614 0.873620 0.887750 0.838907 0.791938 0.753112 0.763837 0.938457 0.925784 0.833894 0.846804 0.919144 0.944485 0.985334 0.657679 0.692208 0.882405 0.831211 0.647233 0.872589 0.756393 0.929460 0.985555 0.977332 0.864202 0.881716 0.993737 0.993613 0.991838 0.883726 0.992200 0.871362 0.900556 0.864265 0.873816 0.832644 0.775249 0.753755 0.581496 0.711678 0.854750 0.740405 0.875704 0.689844 0.968170 0.917442 0.996301 0.943831 0.980161 0.976143 0.837696 0.884919 0.876341 0.742937 0.764235 0.916749 0.991061 0.903645 0.737518 0.807508 0.976601 0.917677 0.993644 0.979278 0.936517 0.965212 0.961671 0.960083 0.808764 0.927620
0.692994 0.768032 0.979223 0.884278 0.950076 0.982848 0.965105 0.971549 0.946505 0.988228 0.680033 0.726207 0.728809 0.791379 0.802561 0.889435 0.718373 0.712751 0.714826 0.811646 0.998730 0.980772 0.938825 0.873839 0.980985 0.877289 0.995571 0.995240 0.706979 0.721027 0.828843 0.984308 0.731718 0.000000 0.874651 0.859131 0.947734 0.844218 0.988753 0.994151 0.889223 0.773471 0.994829 0.921564 0.835541 0.835571 0.826042 0.897971 0.931633 0.944248 0.869716 0.877429 0.842927 0.947151 0.850496 0.990893 0.803099 0.837066 0.860621 0.833282 0.634859 0.690228 0.729971 0.722280 0.999904 0.967522 0.853046 0.852013 0.903749 0.997694 0.939954 0.909694 0.946967 0.961844 0.816916 0.957950 0.997563 0.903382 0.867016 0.752234 0.744402 0.752758 0.914774 0.820422 0.856779 0.900892 0.906565 0.842866 0.829687 0.860984 0.918120 0.842341 0.894213 0.843619 0.993942 0.982147 0.981404 0.862017 0.937014 0.998466 0.904052 0.902849 0.933837 0.945248 0.981300 0.812213 0.975381 0.955645 0.945455 0.999268 0.946152 0.913942 0.929069 0.845579 0.898973 0.931137
0.976752 0.900823 0.882250 0.995812 0.931956 0.746587 0.930446 0.836279 0.917398 0.817131 0.890533 0.871981 0.845970 0.725801 0.759486 0.751051 0.932991 0.952093 0.917178 0.935967 0.922157 0.891684 0.755824 0.740106 0.726426 0.725145 0.848785 0.833866 0.942646 0.829370 0.904547 0.939064 0.725816 0.874651 0.000000 0.728978 0.749885 0.832405 0.660996 0.877048 0.998297 0.968021 0.700698 0.771553 0.654081 0.748763 0.713840 0.874158 0.804356 0.803277 0.694320 0.623561 0.786394 0.727979 0.883895 0.792208 0.977862 0.959980 0.913933 0.988248 0.922059 0.907942 0.989790 0.985177 0.654456 0.695865 0.595055 0.666393 0.942483 0.969309 0.972135 0.899248 0.936970 0.975795 0.811987 0.796696 0.815548 0.651118 0.981619 0.892091 0.958961 0.939226 0.818393 0.975970 0.697402 0.611212 0.883299 0.954492 0.985073 0.784799 0.943931 0.980162 0.910961 0.988211 0.867076 0.927454 0.990690 0.912374 0.846488 0.770343 0.932639 0.981275 0.928670 0.989209 0.765113 0.829666 0.958359 0.967306 0.848288 0.924995 0.977610 0.839262 0.854039 0.900976 0.721492 0.838316
0.967176 0.870708 0.880894 0.901256 0.990430 0.832692 0.957967 0.963038 0.937449 0.890633 0.928325 0.915572 0.896137 0.781912 0.902088 0.828079 0.978582 0.989440 0.954806 0.915251 0.974359 0.967211 0.857147 0.800714 0.813586 0.887612 0.738370 0.816024 0.968836 0.965084 0.802041 0.956989 0.832550 0.859131 0.728978 0.000000 0.827791 0.947800 0.832629 0.899575 0.893337 0.854528 0.853288 0.882459 0.831469 0.926460 0.872250 0.905419 0.962445 0.923796 0.925802 0.814510 0.817208 0.915751 0.978136 0.985353 0.975005 0.978487 0.939693 0.994641 0.983448 0.929665 0.978147 0.958783 0.794986 0.808721 0.821134 0.738267 0.858504 0.949813 0.925774 0.807455 0.932173 0.953208 0.808424 0.943203 0.853237 0.952145 0.936537 0.933561 0.920689 0.970863 0.772124 0.937002 0.849035 0.756388 0.874351 0.965804 0.999365 0.882159 0.923574 0.923167 0.890294 0.905744 0.908613 0.854363 0.927021 0.915286 0.909807 0.895586 0.886062 0.864551 0.986362 0.869285 0.770959 0.746059 0.939883 0.979693 0.900624 0.971078 0.956544 0.900203 0.936338 0.938938 0.643261 0.980879
0.992321 0.916372 0.872364 0.827327 0.784859 0.941256 0.858659 0.959558 0.927687 0.757479 0.866479 0.985031 0.888313 0.889291 0.939526 0.990143 0.941771 0.962689 0.740886 0.879013 0.781505 0.835545 0.947739 0.969653 0.782489 0.695884 0.884501 0.878109 0.795756 0.745940 0.789337 0.887428 0.992060 0.947734 0.749885 0.827791 0.000000 0.879857 0.682094 0.672785 0.970703 0.984154 0.696173 0.660768 0.805532 0.782144 0.750675 0.817060 0.815938 0.871859 0.740299 0.819563 0.865567 0.900538 0.783107 0.812723 0.881427 0.953399 0.983568 0.945324 0.785527 0.857279 0.922655 0.920638 0.921820 0.934433 0.765788 0.749271 0.895735 0.857078 0.990192 0.959495 0.986307 0.957890 0.932346 0.945000 0.780557 0.921002 0.924450 0.773994 0.984253 0.954836 0.919280 0.965317 0.979672 0.830635 0.926260 0.933121 0.978506 0.843456 0.945261 0.945325 0.953445 0.994562 0.829979 0.941608 0.980832 0.836571 0.907429 0.965704 0.940979 0.871633 0.979522 0.961402 0.900944 0.951413 0.984357 0.973068 0.994499 0.964285 0.933048 0.955266 0.968269 0.879396 0.810557 0.862681
0.829289 0.910622 0.919760 0.945038 0.828564 0.935614 0.891693 0.926439 0.952244 0.884721 0.922287 0.949115 0.974750 0.900764 0.989475 0.929070 0.973818 0.992751 0.918530 0.824836 0.756636 0.929989 0.991897 0.783197 0.789858 0.826591 0.820787 0.907844 0.923562 0.893686 0.835351 0.910225 0.813518 0.844218 0.832405 0.947800 0.879857 0.000000 0.928177 0.628874 0.865706 0.978860 0.810528 0.761500 0.830068 0.773886 0.838489 0.868602 0.847946 0.887234 0.740023 0.780160 0.812165 0.861495 0.895336 0.760276 0.866945 0.941524 0.951790 0.943978 0.941746 0.963165 0.998818 0.993986 0.876311 0.897865 0.787510 0.821836 0.875338 0.762804 0.935506 0.993490 0.856634 0.977852 0.882008 0.897466 0.870120 0.802682 0.964343 0.947389 0.927850 0.924500 0.850051 0.774845 0.910187 0.789489 0.894702 0.879974 0.705492 0.707190 0.885647 0.899303 0.942945 0.958921 0.979586 0.904609 0.912981 0.755026 0.984530 0.956990 0.758322 0.925790 0.941461 0.883222 0.813834 0.801771 0.956735 0.956316 0.970430 0.879578 0.894618 0.997319 0.986848 0.952635 0.990248 0.883607
