0.000000 0.407287 0.978408 0.815870 0.879132 0.873812 0.792240 0.703812 0.929758 0.675846 0.530559 0.546965 0.913342 0.804812 0.939516 0.827994 0.481384 0.527098 0.572337 0.535052 0.883877 0.856506 0.994196 0.973657 0.973539 0.894544 0.946718 0.819929 0.662225 0.677377 0.824609 0.824179 0.506544 0.554359 0.939436 0.988007 0.737606 0.728201 0.956623 0.919806 0.771657 0.919486 0.741421 0.621039 0.724390 0.735394 0.801910 0.766521 0.827772 0.896078 0.820950 0.950173 0.951785 0.811427 0.887877 0.735756 0.389896 0.403598 0.603144 0.776717 0.704974 0.845544 0.466000 0.517616 0.798314 0.993246 0.723402 0.704482 0.465452 0.579235 0.668550 0.620539 0.682008 0.717096 0.928436 0.847900 0.735178 0.723729 0.744650 0.697494 0.493751 0.520030 0.897087 0.726637 0.993992 0.927850 0.891002 0.844616 0.799580 0.931963 0.727234 0.795240 0.808207 0.871512 0.954880 0.864149 0.694047 0.886735 0.464063 0.649484 0.795793 0.889135 0.613399 0.540080 0.731033 0.888759 0.887166 0.874529 0.930100 0.801322 0.669041 0.784137 0.778588 0.953807 0.907743 0.994139
0.407287 0.000000 0.822769 0.880230 0.931614 0.871374 0.914933 0.575276 0.991433 0.594518 0.603659 0.414061 0.878206 0.618650 0.904576 0.662489 0.400715 0.373178 0.559401 0.404954 0.834908 0.893819 0.949915 0.897033 0.969306 0.777282 0.972820 0.771917 0.546512 0.512934 0.876908 0.757562 0.555253 0.539833 0.998689 0.916750 0.758147 0.722324 0.854774 0.893317 0.787284 0.709463 0.761406 0.585750 0.781224 0.761514 0.930840 0.801985 0.936276 0.989642 0.974764 0.968168 0.794532 0.683410 0.858032 0.890701 0.301132 0.278741 0.852563 0.862650 0.811729 0.746638 0.506256 0.373133 0.702254 0.995178 0.928838 0.812938 0.523307 0.580496 0.505562 0.563089 0.671769 0.741142 0.974576 0.875449 0.638046 0.616788 0.733406 0.613021 0.398215 0.441992 0.792695 0.627296 0.877846 0.905597 0.915757 0.897943 0.692935 0.889141 0.709241 0.690684 0.773410 0.831510 0.925645 0.772015 0.743026 0.815002 0.467022 0.544838 0.706882 0.972544 0.629534 0.501186 0.760053 0.835105 0.905822 0.895936 0.936301 0.793702 0.645478 0.690081 0.746147 0.799720 0.926027 0.959149
0.978408 0.822769 0.000000 0.448819 0.803905 0.952846 0.343159 0.805509 0.665909 0.837338 0.832356 0.849359 0.667302 0.959291 0.703361 0.849222 0.959676 0.984632 0.701393 0.959482 0.875817 0.776584 0.528334 0.716883 0.455404 0.455758 0.855072 0.846936 0.979895 0.893504 0.483382 0.757674 0.644294 0.673144 0.661247 0.991854 0.844671 0.936414 0.622905 0.911086 0.909146 0.910479 0.537528 0.661454 0.786456 0.844307 0.602738 0.658598 0.834370 0.932075 0.993519 0.960435 0.815395 0.880151 0.802207 0.980605 0.905396 0.822451 0.649000 0.970568 0.641574 0.833522 0.812046 0.860277 0.376005 0.599396 0.409087 0.564299 0.969620 0.987181 0.904441 0.913798 0.915214 0.979818 0.695644 0.836374 0.753954 0.951608 0.807438 0.879851 0.964959 0.927357 0.991452 0.927848 0.531635 0.671419 0.892129 0.989451 0.765116 0.912719 0.926132 0.902976 0.896653 0.761161 0.990479 0.892249 0.984481 0.862246 0.989599 0.917175 0.809884 0.801990 0.939664 0.995204 0.835251 0.591529 0.999794 0.975032 0.952786 0.935582 0.937633 0.910130 0.973460 0.984938 0.851439 0.856758
0.815870 0.880230 0.448819 0.000000 0.849567 0.848055 0.332483 0.457430 0.717004 0.543783 0.838110 0.798322 0.671265 0.774588 0.708385 0.568287 0.785531 0.839233 0.548113 0.779945 0.862986 0.821890 0.441761 0.504008 0.626676 0.654098 0.971414 0.967508 0.871662 0.706545 0.457697 0.653820 0.597464 0.635381 0.782854 0.944961 0.631358 0.769647 0.693367 0.902461 0.842447 0.906617 0.457346 0.580595 0.924176 0.922779 0.707921 0.657525 0.773695 0.921906 0.999201 0.902173 0.799544 0.775659 0.921407 0.863856 0.833982 0.921238 0.724100 0.916094 0.685387 0.934909 0.606792 0.798136 0.644531 0.672027 0.559110 0.707947 0.864499 0.921784 0.607206 0.619875 0.671450 0.785354 0.732693 0.822859 0.604810 0.874516 0.717457 0.832758 0.772413 0.731947 0.938964 0.836386 0.706843 0.671380 0.923573 0.976156 0.969797 0.974141 0.678490 0.637518 0.735810 0.694476 0.953796 0.842030 0.852987 0.990404 0.838099 0.685097 0.907224 0.594364 0.715779 0.701757 0.770309 0.593568 0.958692 0.860814 0.862308 0.831267 0.915572 0.865519 0.887059 0.939302 0.975738 0.908274
0.879132 0.931614 0.803905 0.849567 0.000000 0.880207 0.871219 0.950175 0.859147 0.999359 0.865895 0.945841 0.767034 0.992814 0.743031 0.994830 0.955120 0.894157 0.861265 0.974532 0.831547 0.790390 0.878682 0.953115 0.770176 0.858924 0.791500 0.935930 0.861345 0.934463 0.893719 0.922624 0.786966 0.773518 0.902641 0.854651 0.956939 0.970207 0.818941 0.858623 0.895763 0.949874 0.821028 0.727297 0.667636 0.773452 0.903576 0.758510 0.990816 0.879115 0.905239 0.957801 0.931963 0.899197 0.931631 0.870041 0.976196 0.990518 0.868534 0.893807 0.771899 0.980807 0.991765 0.927841 0.721790 0.699509 0.752173 0.639247 0.833136 0.980665 0.999188 0.958174 0.916349 0.753948 0.925409 0.883826 0.873120 0.973659 0.963723 0.995803 0.912718 0.924976 0.965015 0.985072 0.845254 0.765531 0.855648 0.967651 0.876749 0.846913 0.948170 0.995250 0.907518 0.886928 0.912960 0.910228 0.968311 0.951553 0.901359 0.883977 0.977052 0.956247 0.985840 0.904261 0.764813 0.835567 0.924000 0.952129 0.969605 0.933332 0.856402 0.893210 0.925274 0.926654 0.876719 0.687748
0.873812 0.871374 0.952846 0.848055 0.880207 0.000000 0.869470 0.724598 0.884665 0.819781 0.904032 0.804393 0.764272 0.933999 0.932194 0.768888 0.969491 0.963114 0.928252 0.949711 0.842909 0.770266 0.937590 0.960788 0.883936 0.841720 0.964419 0.818804 0.949028 0.923576 0.859200 0.957941 0.898697 0.863944 0.774718 0.842982 0.830648 0.840625 0.914953 0.948451 0.986671 0.950130 0.977366 0.852018 0.879293 0.814057 0.921119 0.956249 0.971986 0.993065 0.960884 0.965006 0.992718 0.773689 0.975926 0.938208 0.928772 0.913991 0.802018 0.917738 0.712152 0.768377 0.870223 0.844194 0.996208 0.783218 0.874069 0.746112 0.961388 0.955127 0.866070 0.987607 0.955142 0.871440 0.946189 0.985610 0.913351 0.932677 0.989972 0.957063 0.869774 0.857145 0.938903 0.987149 0.938355 0.993483 0.965966 0.834591 0.955698 0.954643 0.728234 0.788529 0.686602 0.815261 0.952345 0.915284 0.852651 0.827014 0.798789 0.925695 0.727117 0.780858 0.826351 0.921081 0.951558 0.810081 0.979246 0.967597 0.989617 0.971809 0.835064 0.816300 0.972809 0.902489 0.985816 0.787066
0.792240 0.914933 0.343159 0.332483 0.871219 0.869470 0.000000 0.547310 0.678156 0.571865 0.710689 0.925837 0.685119 0.799144 0.657681 0.655982 0.712633 0.770077 0.458294 0.784854 0.841186 0.826208 0.430567 0.541445 0.537523 0.608001 0.980118 0.991360 0.800571 0.700475 0.417347 0.568189 0.511959 0.506126 0.689198 0.964928 0.751309 0.934322 0.680845 0.982192 0.901524 0.942870 0.431577 0.573872 0.802370 0.845663 0.584095 0.601734 0.767868 0.940893 0.951821 0.901869 0.878024 0.866997 0.899018 0.878565 0.797593 0.918683 0.680038 0.883815 0.672173 0.886984 0.544137 0.869235 0.586160 0.703348 0.416386 0.616886 0.820074 0.905995 0.681203 0.686338 0.654997 0.756194 0.768859 0.764815 0.635495 0.821947 0.632634 0.702410 0.733256 0.658173 0.934564 0.896031 0.547268 0.611063 0.927598 0.968211 0.996946 0.993863 0.712097 0.652374 0.746245 0.669667 0.937374 0.831248 0.871338 0.909876 0.801741 0.661673 0.938434 0.596729 0.749060 0.740537 0.778426 0.615701 0.995429 0.857573 0.928802 0.853027 0.828542 0.884905 0.840837 0.968563 0.888898 0.879786
0.703812 0.575276 0.805509 0.457430 0.950175 0.724598 0.547310 0.000000 0.819759 0.436350 0.804437 0.479342 0.645939 0.507764 0.780938 0.413123 0.635241 0.671804 0.541924 0.602493 0.881847 0.801244 0.629972 0.615246 0.858991 0.875130 0.895649 0.929311 0.672972 0.572256 0.625528 0.658439 0.617854 0.606835 0.850850 0.979669 0.681271 0.854250 0.909112 0.992792 0.898889 0.733975 0.636219 0.591735 0.929718 0.864650 0.847004 0.760237 0.837605 0.821293 0.991119 0.904669 0.910828 0.942055 0.950650 0.866567 0.596718 0.617616 0.780257 0.921578 0.695377 0.646786 0.531083 0.461662 0.942551 0.835572 0.767158 0.782339 0.699836 0.768141 0.501496 0.587107 0.599749 0.758847 0.860410 0.889896 0.613735 0.740778 0.691888 0.732911 0.578276 0.574983 0.825140 0.669147 0.960801 0.849122 0.925080 0.968286 0.852098 0.985806 0.517965 0.507063 0.607817 0.663105 0.880567 0.770497 0.709070 0.873380 0.625947 0.585783 0.646253 0.560130 0.642289 0.484464 0.761391 0.654482 0.927445 0.821743 0.805453 0.788968 0.795396 0.828564 0.776345 0.807168 0.987036 0.924221
0.929758 0.991433 0.665909 0.717004 0.859147 0.884665 0.678156 0.819759 0.000000 0.723713 0.890381 0.967967 0.800737 0.987117 0.756615 0.829343 0.874920 0.974742 0.841052 0.945888 0.911181 0.797400 0.817424 0.950945 0.819510 0.790560 0.929131 0.792524 0.892570 0.991080 0.791590 0.905556 0.897978 0.848935 0.730476 0.886621 0.880923 0.949192 0.820656 0.833521 0.822193 0.948551 0.741483 0.817511 0.791802 0.872540 0.656439 0.741175 0.978830 0.936888 0.915903 0.916114 0.827935 0.984559 0.886178 0.925574 0.964966 0.972593 0.619746 0.811519 0.674625 0.945997 0.865807 0.908956 0.711879 0.762966 0.657852 0.746383 0.800144 0.986745 0.851179 0.819679 0.978411 0.906724 0.951364 0.856839 0.783948 0.950166 0.840540 0.915548 0.899659 0.980560 0.900923 0.977379 0.918785 0.988880 0.796971 0.730713 0.828190 0.857537 0.686544 0.745826 0.713128 0.704268 0.855985 0.897318 0.876336 0.975340 0.845962 0.800093 0.990145 0.956998 0.798184 0.879308 0.759052 0.718547 0.946972 0.841410 0.966173 0.922429 0.838448 0.938309 0.952457 0.933322 0.795103 0.771148
0.675846 0.594518 0.837338 0.543783 0.999359 0.819781 0.571865 0.436350 0.723713 0.000000 0.749400 0.678908 0.863622 0.691463 0.814147 0.609894 0.611914 0.623787 0.533762 0.546106 0.872767 0.931013 0.663980 0.733947 0.917100 0.899240 0.912335 0.968199 0.727728 0.634164 0.605394 0.638804 0.665845 0.592203 0.778479 0.975532 0.636372 0.854057 0.994265 0.986267 0.893910 0.767915 0.556550 0.602137 0.816526 0.814707 0.766250 0.705985 0.982305 0.944409 0.906940 0.940668 0.972855 0.975927 0.928071 0.814927 0.573278 0.670185 0.801077 0.966479 0.801361 0.824524 0.584222 0.574266 0.944948 0.918810 0.743236 0.836917 0.732117 0.880359 0.467190 0.539463 0.630881 0.702281 0.887543 0.753197 0.583500 0.655936 0.709666 0.750634 0.547681 0.623825 0.854122 0.791749 0.983003 0.911103 0.891114 0.903593 0.709412 0.897398 0.478354 0.508203 0.585441 0.642193 0.901878 0.830859 0.726632 0.912462 0.573943 0.555977 0.829394 0.735430 0.582721 0.544042 0.839115 0.715033 0.963121 0.692901 0.846356 0.920666 0.834167 0.699481 0.799710 0.910414 0.928732 0.892975
0.530559 0.603659 0.832356 0.838110 0.865895 0.904032 0.710689 0.804437 0.890381 0.749400 0.000000 0.616629 0.717565 0.783715 0.798761 0.792728 0.501273 0.524759 0.540277 0.507386 0.815808 0.906363 0.961321 0.914664 0.939691 0.991518 0.988989 0.814334 0.598487 0.566136 0.807968 0.722005 0.606680 0.513945 0.949696 0.970747 0.979157 0.954205 0.941441 0.928188 0.879996 0.980550 0.770929 0.673762 0.816920 0.830783 0.766309 0.741797 0.921238 0.988619 0.904609 0.867826 0.837872 0.670725 0.955438 0.848993 0.541235 0.592057 0.765238 0.896162 0.709821 0.990815 0.542799 0.645033 0.937312 0.965316 0.694844 0.693279 0.555493 0.658689 0.762802 0.801955 0.630399 0.718102 0.965686 0.739447 0.812949 0.773785 0.638175 0.512268 0.551452 0.513869 0.920646 0.843629 0.923806 0.978130 0.785906 0.878368 0.912283 0.803997 0.875336 0.929615 0.924411 0.927686 0.871063 0.875225 0.804325 0.999488 0.605580 0.730402 0.962103 0.897928 0.721974 0.733834 0.771810 0.876862 0.885195 0.902589 0.977036 0.815226 0.823995 0.958093 0.935157 0.904657 0.828043 0.812809
0.546965 0.414061 0.849359 0.798322 0.945841 0.804393 0.925837 0.479342 0.967967 0.678908 0.616629 0.000000 0.701754 0.506413 0.821815 0.513956 0.513646 0.528452 0.617995 0.511596 0.870349 0.895261 0.953801 0.857606 0.931328 0.786411 0.901078 0.802788 0.590806 0.508877 0.939998 0.796003 0.658594 0.679753 0.857574 0.984948 0.794349 0.856789 0.882193 0.911803 0.802997 0.767442 0.909656 0.711075 0.975273 0.918949 0.981392 0.870059 0.904834 0.834010 0.955803 0.867183 0.878333 0.824417 0.857171 0.960977 0.450000 0.433618 0.898296 0.827964 0.767858 0.632804 0.505494 0.326696 0.653078 0.986085 0.993104 0.913377 0.602979 0.663694 0.590044 0.653725 0.627458 0.784044 0.992650 0.963731 0.762875 0.731022 0.734429 0.688630 0.483751 0.495704 0.781728 0.558902 0.784706 0.986890 0.866575 0.994005 0.864213 0.855323 0.723289 0.720635 0.789077 0.890085 0.975479 0.799588 0.752370 0.728348 0.588937 0.648145 0.661318 0.821992 0.734514 0.516362 0.747563 0.868706 0.907200 0.990766 0.849359 0.738907 0.780210 0.849009 0.869449 0.834434 0.973174 0.892907
0.913342 0.878206 0.667302 0.671265 0.767034 0.764272 0.685119 0.645939 0.800737 0.863622 0.717565 0.701754 0.000000 0.633776 0.538205 0.562500 0.826452 0.771017 0.762538 0.872704 0.745592 0.860673 0.735461 0.764456 0.774869 0.814553 0.932842 0.920668 0.729559 0.680756 0.751806 0.833797 0.641049 0.678576 0.902876 0.944691 0.864781 0.973451 0.879396 0.839765 0.986668 0.983698 0.788934 0.721604 0.898025 0.969301 0.849392 0.810432 0.756852 0.902439 0.805282 0.910769 0.997631 0.805206 0.959283 0.972617 0.887624 0.891207 0.819525 0.893467 0.628363 0.890226 0.678856 0.722540 0.758924 0.813581 0.758732 0.707618 0.897920 0.996156 0.833413 0.889642 0.925577 0.879898 0.889861 0.815604 0.847643 0.730002 0.746501 0.704378 0.781795 0.678533 0.824657 0.867568 0.834728 0.804481 0.881169 0.996040 0.761175 0.965918 0.890147 0.865119 0.829022 0.860721 0.941361 0.867344 0.873511 0.943229 0.864187 0.927866 0.954748 0.796849 0.839483 0.832548 0.689599 0.719917 0.995001 0.916663 0.890608 0.783462 0.973798 0.964028 0.982877 0.897690 0.935738 0.834955
0.804812 0.618650 0.959291 0.774588 0.992814 0.933999 0.799144 0.507764 0.987117 0.691463 0.783715 0.506413 0.633776 0.000000 0.575535 0.461308 0.582282 0.538502 0.594520 0.592743 0.863550 0.892334 0.694492 0.656759 0.922903 0.889758 0.957625 0.826717 0.574654 0.506565 0.793820 0.615638 0.696660 0.727717 0.833204 0.979519 0.930394 0.957752 0.913857 0.927596 0.987744 0.853753 0.730535 0.727480 0.985455 0.990260 0.935686 0.828363 0.819747 0.717054 0.848546 0.815823 0.959792 0.997457 0.862134 0.846349 0.588429 0.627371 0.890600 0.850353 0.956505 0.948693 0.547436 0.521765 0.837972 0.858980 0.957139 0.961590 0.832355 0.946464 0.666534 0.726169 0.704549 0.847056 0.976329 0.845098 0.737124 0.604943 0.666732 0.611358 0.556136 0.493591 0.591434 0.675246 0.921896 0.846049 0.953588 0.771706 0.883728 0.809131 0.812358 0.726418 0.902319 0.870660 0.970189 0.737753 0.860363 0.871955 0.697908 0.625308 0.813288 0.779611 0.710853 0.587928 0.854443 0.931575 0.944598 0.868772 0.846320 0.741826 0.883933 0.807550 0.884768 0.789873 0.972660 0.975492
0.939516 0.904576 0.703361 0.708385 0.743031 0.932194 0.657681 0.780938 0.756615 0.814147 0.798761 0.821815 0.538205 0.575535 0.000000 0.570601 0.724207 0.687644 0.626790 0.794115 0.702826 0.752399 0.541254 0.628398 0.609010 0.843659 0.815967 0.907376 0.602557 0.628725 0.711308 0.695944 0.647658 0.694643 0.961646 0.945322 0.891178 0.976227 0.867996 0.752257 0.964364 0.968167 0.568531 0.615779 0.759277 0.863707 0.711859 0.608207 0.923680 0.971573 0.893686 0.986549 0.906936 0.957662 0.938700 0.874491 0.837450 0.931900 0.986585 0.846596 0.889627 0.847848 0.687438 0.830686 0.672551 0.838925 0.790051 0.840987 0.934087 0.919864 0.831260 0.871719 0.882560 0.892188 0.970128 0.758509 0.741808 0.611897 0.626314 0.686855 0.724071 0.668852 0.718157 0.796007 0.585647 0.598832 0.969515 0.907381 0.855245 0.927087 0.916204 0.878711 0.934823 0.950631 0.916324 0.722227 0.993921 0.958439 0.792411 0.702347 0.877683 0.933860 0.878594 0.913173 0.776906 0.767301 0.916244 0.934139 0.908423 0.833883 0.872974 0.851055 0.965733 0.867558 0.867777 0.819644
0.827994 0.662489 0.849222 0.568287 0.994830 0.768888 0.655982 0.413123 0.829343 0.609894 0.792728 0.513956 0.562500 0.461308 0.570601 0.000000 0.618226 0.607455 0.565625 0.602531 0.802704 0.774098 0.541956 0.513523 0.783522 0.917936 0.947119 0.973053 0.592246 0.448393 0.713605 0.583347 0.692317 0.688845 0.986280 0.971100 0.761456 0.915606 0.927734 0.903536 0.871266 0.860059 0.677181 0.643801 0.966715 0.999902 0.886161 0.729990 0.753167 0.799845 0.877398 0.834118 0.960092 0.999839 0.825948 0.817261 0.641865 0.671561 0.990008 0.905746 0.809834 0.828596 0.533445 0.508061 0.986157 0.880047 0.938218 0.945096 0.834811 0.917447 0.559392 0.693561 0.700046 0.854256 0.902910 0.853198 0.724933 0.641034 0.703186 0.686706 0.576405 0.547436 0.692939 0.615788 0.901303 0.754320 0.948285 0.826892 0.947937 0.991573 0.739299 0.711024 0.818022 0.851975 0.954289 0.724004 0.836887 0.849794 0.748345 0.646069 0.834691 0.809727 0.745255 0.566843 0.730942 0.806835 0.946649 0.965234 0.875638 0.755780 0.870897 0.937433 0.853145 0.873067 0.940987 0.875557
0.481384 0.400715 0.959676 0.785531 0.955120 0.969491 0.712633 0.635241 0.874920 0.611914 0.501273 0.513646 0.826452 0.582282 0.724207 0.618226 0.000000 0.300208 0.419519 0.390852 0.785694 0.880984 0.760139 0.736793 0.900537 0.863657 0.962275 0.748760 0.433903 0.410415 0.749549 0.578711 0.493247 0.473945 0.990746 0.918572 0.808486 0.841654 0.950784 0.934384 0.733336 0.836570 0.601030 0.517738 0.786136 0.796088 0.773079 0.720367 0.939314 0.955457 0.932205 0.879991 0.817321 0.798458 0.834965 0.969303 0.300759 0.384715 0.890323 0.960510 0.854498 0.984680 0.404191 0.447001 0.860325 0.992783 0.762007 0.813515 0.582442 0.624291 0.535366 0.568362 0.602960 0.668211 0.912698 0.747810 0.661869 0.607494 0.568846 0.483992 0.330276 0.358474 0.674515 0.630042 0.855435 0.770702 0.914381 0.980891 0.818949 0.854212 0.792892 0.761074 0.858511 0.883653 0.929591 0.721180 0.768066 0.897248 0.583669 0.512968 0.858806 0.905248 0.647997 0.549011 0.748011 0.913193 0.876050 0.890304 0.997323 0.723624 0.632247 0.743977 0.744491 0.833762 0.866301 0.882885
0.527098 0.373178 0.984632 0.839233 0.894157 0.963114 0.770077 0.671804 0.974742 0.623787 0.524759 0.528452 0.771017 0.538502 0.687644 0.607455 0.300208 0.000000 0.429082 0.364286 0.799236 0.924670 0.750028 0.723547 0.896630 0.801920 0.893811 0.753017 0.376670 0.356127 0.795841 0.578382 0.498963 0.458656 0.967592 0.915392 0.841317 0.863126 0.874336 0.956973 0.817597 0.812304 0.600429 0.502251 0.753443 0.774315 0.830068 0.676919 0.931902 0.972820 0.881452 0.891941 0.791130 0.719759 0.813432 0.970383 0.297294 0.361299 0.976265 0.916271 0.896484 0.996503 0.423079 0.455441 0.864454 0.988473 0.801629 0.838265 0.610242 0.638217 0.579376 0.637571 0.634497 0.691418 0.947405 0.752285 0.643697 0.555542 0.573392 0.486414 0.296354 0.310418 0.580191 0.591502 0.838411 0.710494 0.989937 0.921345 0.758353 0.845633 0.853862 0.780441 0.904357 0.938951 0.969853 0.711498 0.802501 0.896623 0.578779 0.492109 0.882063 0.962346 0.634021 0.568389 0.758460 0.903513 0.913898 0.962665 0.997501 0.743149 0.640659 0.652496 0.758128 0.817590 0.881447 0.908480
0.572337 0.559401 0.701393 0.548113 0.861265 0.928252 0.458294 0.541924 0.841052 0.533762 0.540277 0.617995 0.762538 0.594520 0.626790 0.565625 0.419519 0.429082 0.000000 0.398791 0.853052 0.893725 0.507756 0.543115 0.716869 0.985409 0.984232 0.750664 0.527964 0.486781 0.600704 0.431089 0.442347 0.433427 0.934375 0.937889 0.778814 0.923186 0.915696 0.976343 0.876687 0.903146 0.536893 0.576795 0.894149 0.943986 0.744787 0.656176 0.723444 0.770719 0.778088 0.704973 0.818421 0.902738 0.881707 0.855549 0.451740 0.578973 0.943802 0.765036 0.871351 0.869503 0.374980 0.610942 0.925146 0.959987 0.646240 0.805451 0.653426 0.775474 0.461306 0.544229 0.537183 0.654868 0.899918 0.750897 0.597479 0.620788 0.548374 0.525809 0.420545 0.379576 0.688964 0.660583 0.658752 0.644190 0.890748 0.917149 0.750052 0.789357 0.695714 0.624602 0.768442 0.738011 0.894519 0.764533 0.778081 0.980500 0.610365 0.472421 0.987756 0.716885 0.645611 0.604292 0.782799 0.763283 0.945162 0.941632 0.990125 0.848116 0.749265 0.774601 0.838776 0.914310 0.895397 0.891554
0.535052 0.404954 0.959482 0.779945 0.974532 0.949711 0.784854 0.602493 0.945888 0.546106 0.507386 0.511596 0.872704 0.592743 0.794115 0.602531 0.390852 0.364286 0.398791 0.000000 0.898241 0.986651 0.804472 0.749922 0.987979 0.779748 0.999599 0.664923 0.468609 0.454811 0.835221 0.580707 0.616925 0.525782 0.908173 0.883821 0.789450 0.873958 0.908434 0.969203 0.865739 0.888940 0.701205 0.607538 0.956884 0.950048 0.916933 0.752681 0.832878 0.806543 0.798579 0.719143 0.732707 0.762193 0.762674 0.913873 0.373023 0.428127 0.977264 0.873732 0.955201 0.951063 0.461665 0.474743 0.778087 0.935248 0.867678 0.905353 0.552710 0.648127 0.482011 0.631693 0.565201 0.647807 0.988722 0.765723 0.673733 0.629053 0.600568 0.575596 0.366880 0.398143 0.710419 0.582399 0.988841 0.893059 0.992909 0.994762 0.646350 0.774979 0.741406 0.714011 0.862978 0.890753 0.943622 0.826270 0.816475 0.913049 0.571661 0.536321 0.865727 0.879230 0.641722 0.534089 0.826251 0.912719 0.970205 0.966699 0.956390 0.852161 0.725436 0.733444 0.880849 0.794083 0.929878 0.955710
0.883877 0.834908 0.875817 0.862986 0.831547 0.842909 0.841186 0.881847 0.911181 0.872767 0.815808 0.870349 0.745592 0.863550 0.702826 0.802704 0.785694 0.799236 0.853052 0.898241 0.000000 0.832186 0.856438 0.870713 0.776921 0.885668 0.786207 0.986335 0.879440 0.759174 0.901897 0.884784 0.751695 0.815221 0.954605 0.984358 0.919292 0.998134 0.935281 0.964761 0.974689 0.896551 0.787949 0.677549 0.832899 0.873576 0.841112 0.731711 0.991494 0.855730 0.946648 0.929845 0.976960 0.933807 0.852587 0.821769 0.819820 0.895895 0.864833 0.959770 0.749471 0.981776 0.815730 0.857563 0.820689 0.800708 0.821598 0.799465 0.927714 0.977354 0.908387 0.944053 0.890757 0.894298 0.866228 0.955976 0.933798 0.850264 0.968532 0.859871 0.838776 0.853185 0.975905 0.970446 0.862034 0.808647 0.978336 0.928620 0.953414 0.962067 0.955870 0.959281 0.931107 0.960834 0.930624 0.688169 0.847896 0.996739 0.871385 0.871315 0.967308 0.916971 0.794341 0.999651 0.912307 0.808157 0.989041 0.962512 0.890566 0.958584 0.744469 0.885547 0.929984 0.959602 0.897829 0.931853
0.856506 0.893819 0.776584 0.821890 0.790390 0.770266 0.826208 0.801244 0.797400 0.931013 0.906363 0.895261 0.860673 0.892334 0.752399 0.774098 0.880984 0.924670 0.893725 0.986651 0.832186 0.000000 0.781985 0.861696 0.724570 0.737238 0.807622 0.797881 0.855692 0.864748 0.799047 0.982060 0.856197 0.876118 0.888557 0.973568 0.887855 0.902141 0.877788 0.791286 0.924535 0.880513 0.771430 0.707123 0.705274 0.776129 0.821359 0.899095 0.830152 0.782516 0.830670 0.758590 0.767840 0.920037 0.872573 0.793275 0.923295 0.921096 0.772680 0.894028 0.857293 0.942112 0.932917 0.926029 0.818947 0.759845 0.814065 0.846597 0.878070 0.887453 0.850650 0.922993 0.921078 0.851679 0.794857 0.973836 0.803465 0.846744 0.852799 0.926562 0.921070 0.936157 0.833594 0.968535 0.881189 0.883121 0.998652 0.981295 0.841249 0.897631 0.858572 0.924803 0.870132 0.878620 0.858460 0.690503 0.928195 0.978970 0.759073 0.810813 0.904166 0.986534 0.873574 0.890795 0.822241 0.811022 0.895585 0.996478 0.929593 0.980300 0.817639 0.991404 0.901211 0.961365 0.869483 0.741952
0.994196 0.949915 0.528334 0.441761 0.878682 0.937590 0.430567 0.629972 0.817424 0.663980 0.961321 0.953801 0.735461 0.694492 0.541254 0.541956 0.760139 0.750028 0.507756 0.804472 0.856438 0.781985 0.000000 0.352515 0.545150 0.736160 0.891552 0.980908 0.784663 0.680827 0.494684 0.498906 0.627800 0.718487 0.918294 0.962189 0.785295 0.941000 0.767028 0.969348 0.991367 0.879748 0.481363 0.665676 0.909215 0.990649 0.799407 0.740766 0.703059 0.844069 0.797723 0.812934 0.968860 0.842295 0.885554 0.708079 0.859270 0.984099 0.913017 0.607934 0.989533 0.755536 0.696583 0.937536 0.591167 0.782525 0.723321 0.903756 0.914223 0.892976 0.577735 0.673180 0.872732 0.908681 0.823568 0.885550 0.612531 0.718189 0.759501 0.764445 0.774884 0.699449 0.741893 0.843221 0.503665 0.454297 0.781752 0.837605 0.985759 0.934546 0.812232 0.677823 0.840928 0.749236 0.902718 0.709075 0.993929 0.910850 0.900194 0.637499 0.881793 0.791875 0.902148 0.841879 0.876352 0.723266 0.985698 0.931533 0.999769 0.898842 0.937000 0.889496 0.877558 0.958025 0.929040 0.887538
0.973657 0.897033 0.716883 0.504008 0.953115 0.960788 0.541445 0.615246 0.950945 0.733947 0.914664 0.857606 0.764456 0.656759 0.628398 0.513523 0.736793 0.723547 0.543115 0.749922 0.870713 0.861696 0.352515 0.000000 0.629506 0.932698 0.995746 0.942281 0.715044 0.631260 0.634716 0.472529 0.703144 0.765902 0.905354 0.977700 0.829372 0.923976 0.777094 0.972814 0.987016 0.957586 0.594729 0.765196 0.942653 0.904890 0.896919 0.821501 0.706212 0.777910 0.794520 0.791740 0.945243 0.789886 0.859368 0.666245 0.808734 0.896102 0.820714 0.575952 0.929758 0.839285 0.673623 0.848148 0.835603 0.926634 0.887628 0.927060 0.933002 0.983894 0.639596 0.664515 0.760827 0.765473 0.922772 0.890341 0.691161 0.780606 0.749391 0.716883 0.720933 0.624470 0.760107 0.809552 0.608978 0.484412 0.849861 0.811795 0.969076 0.935345 0.844397 0.742424 0.926799 0.889101 0.834614 0.759262 0.987926 0.925335 0.901331 0.660218 0.960971 0.711404 0.850567 0.761327 0.798065 0.856588 0.914207 0.937961 0.999368 0.954185 0.993891 0.923109 0.900247 0.947395 0.887865 0.947014
0.973539 0.969306 0.455404 0.626676 0.770176 0.883936 0.537523 0.858991 0.819510 0.917100 0.939691 0.931328 0.774869 0.922903 0.609010 0.783522 0.900537 0.896630 0.716869 0.987979 0.776921 0.724570 0.545150 0.629506 0.000000 0.564249 0.776871 0.831137 0.867477 0.762486 0.565364 0.691817 0.659265 0.672506 0.776059 0.986741 0.878280 0.863452 0.672210 0.850495 0.896634 0.987688 0.580375 0.675821 0.778560 0.787590 0.678959 0.631776 0.930470 0.897029 0.999651 0.853928 0.901409 0.940612 0.910730 0.905140 0.994464 0.918054 0.863180 0.820984 0.780690 0.815500 0.824582 0.926387 0.495838 0.660570 0.663459 0.719800 0.954450 0.987741 0.931738 0.930383 0.979801 0.923536 0.849439 0.945999 0.716107 0.859979 0.778639 0.917787 0.961981 0.868198 0.905693 0.975899 0.534001 0.539107 0.780551 0.910077 0.863472 0.949097 0.941643 0.991108 0.979887 0.920973 0.903985 0.814108 0.879098 0.989949 0.999257 0.862097 0.906183 0.980814 0.980789 0.951730 0.803120 0.686871 0.916010 0.987885 0.998628 0.973985 0.847026 0.964404 0.921008 0.959669 0.915255 0.805898
0.894544 0.777282 0.455758 0.654098 0.858924 0.841720 0.608001 0.875130 0.790560 0.899240 0.991518 0.786411 0.814553 0.889758 0.843659 0.917936 0.863657 0.801920 0.985409 0.779748 0.885668 0.737238 0.736160 0.932698 0.564249 0.000000 0.787575 0.690094 0.840081 0.942117 0.626050 0.923048 0.856812 0.881597 0.631973 0.839821 0.825993 0.987701 0.700313 0.916349 0.897238 0.885117 0.737787 0.774670 0.791678 0.811691 0.698383 0.758529 0.989401 0.828381 0.888355 0.812240 0.790235 0.933377 0.869603 0.956592 0.794598 0.740983 0.691271 0.932193 0.679621 0.986485 0.939936 0.811360 0.500537 0.606104 0.624773 0.606105 0.915854 0.942472 0.990382 0.995974 0.887794 0.841057 0.757059 0.938143 0.943771 0.944087 0.988234 0.905820 0.814051 0.853035 0.925685 0.819287 0.733905 0.825255 0.921936 0.996668 0.783831 0.881302 0.978237 0.940737 0.958258 0.946250 0.980177 0.969205 0.942465 0.976800 0.898262 0.917610 0.863843 0.942667 0.979901 0.835998 0.988277 0.734244 0.917099 0.965391 0.908252 0.966977 0.990275 0.822488 0.989529 0.907902 0.939076 0.799743
0.946718 0.972820 0.855072 0.971414 0.791500 0.964419 0.980118 0.895649 0.929131 0.912335 0.988989 0.901078 0.932842 0.957625 0.815967 0.947119 0.962275 0.893811 0.984232 0.999599 0.786207 0.807622 0.891552 0.995746 0.776871 0.787575 0.000000 0.907339 0.964427 0.864242 0.832216 0.899088 0.943042 0.918739 0.989480 0.870791 0.888289 0.869965 0.891339 0.968580 0.981601 0.931447 0.869856 0.714424 0.783245 0.872759 0.984137 0.864248 0.865447 0.751278 0.949417 0.833847 0.965446 0.987598 0.939845 0.934257 0.979148 0.992638 0.980110 0.973696 0.996143 0.867941 0.947633 0.925749 0.749563 0.791435 0.888979 0.924061 0.968616 0.828960 0.980926 0.944010 0.922078 0.883496 0.858245 0.995829 0.983037 0.883700 0.936632 0.963495 0.996578 0.987092 0.872506 0.980157 0.927869 0.762642 0.907211 0.857281 0.868297 0.954420 0.793924 0.856009 0.800555 0.919020 0.985706 0.889983 0.826310 0.983341 0.848436 0.923379 0.974141 0.884680 0.938212 0.858621 0.999730 0.950584 0.907118 0.993583 0.909465 0.940423 0.975335 0.923287 0.880466 0.941942 0.884495 0.897494
0.819929 0.771917 0.846936 0.967508 0.935930 0.818804 0.991360 0.929311 0.792524 0.968199 0.814334 0.802788 0.920668 0.826717 0.907376 0.973053 0.748760 0.753017 0.750664 0.664923 0.986335 0.797881 0.980908 0.942281 0.831137 0.690094 0.907339 0.000000 0.749866 0.775344 0.875824 0.917499 0.926664 0.820993 0.867536 0.907871 0.986541 0.956789 0.930836 0.825489 0.968938 0.907926 0.991290 0.946742 0.988168 0.955206 0.881949 0.890371 0.888843 0.874569 0.824164 0.759941 0.761354 0.989748 0.997436 0.980559 0.726971 0.743942 0.840503 0.870795 0.914137 0.964424 0.874816 0.916842 0.824056 0.943909 0.953161 0.991698 0.715078 0.889364 0.885540 0.953591 0.685212 0.705525 0.940532 0.929382 0.994631 0.951966 0.894290 0.739810 0.770905 0.750312 0.848421 0.813310 0.984346 0.946357 0.933477 0.801132 0.832504 0.678243 0.985159 0.923978 0.904219 0.988873 0.923458 0.939622 0.979833 0.994171 0.900288 0.811723 0.901395 0.863685 0.958295 0.866451 0.950726 0.862821 0.973256 0.893396 0.976414 0.937864 0.882376 0.896032 0.930697 0.892464 0.935837 0.848412
0.662225 0.546512 0.979895 0.871662 0.861345 0.949028 0.800571 0.672972 0.892570 0.727728 0.598487 0.590806 0.729559 0.574654 0.602557 0.592246 0.433903 0.376670 0.527964 0.468609 0.879440 0.855692 0.784663 0.715044 0.867477 0.840081 0.964427 0.749866 0.000000 0.406082 0.820096 0.640537 0.588263 0.526850 0.996523 0.983747 0.885788 0.974362 0.945220 0.969279 0.784771 0.878672 0.625346 0.552868 0.738530 0.711561 0.777948 0.643214 0.978082 0.932908 0.933768 0.997212 0.953268 0.820596 0.953915 0.955206 0.476286 0.489619 0.976568 0.948618 0.878020 0.920698 0.548841 0.549089 0.905833 0.929200 0.809411 0.830672 0.644225 0.671893 0.753141 0.823578 0.674501 0.753562 0.927329 0.714263 0.716592 0.543400 0.581302 0.520732 0.401824 0.413981 0.572584 0.595138 0.832748 0.774757 0.891826 0.858902 0.843771 0.910680 0.885045 0.847463 0.944204 0.990207 0.927879 0.727756 0.847051 0.891014 0.642664 0.604012 0.825402 0.862885 0.765875 0.692452 0.766726 0.908183 0.956050 0.979451 0.937039 0.769541 0.664206 0.776925 0.782377 0.839861 0.922225 0.886465
0.677377 0.512934 0.893504 0.706545 0.934463 0.923576 0.700475 0.572256 0.991080 0.634164 0.566136 0.508877 0.680756 0.506565 0.628725 0.448393 0.410415 0.356127 0.486781 0.454811 0.759174 0.864748 0.680827 0.631260 0.762486 0.942117 0.864242 0.775344 0.406082 0.000000 0.697957 0.577820 0.584460 0.491717 0.943310 0.964265 0.838134 0.815642 0.984801 0.946649 0.866008 0.843515 0.555522 0.441545 0.835854 0.759503 0.774220 0.581886 0.891337 0.982019 0.899364 0.931663 0.943014 0.898046 0.814040 0.920380 0.436188 0.492191 0.975441 0.914904 0.813379 0.867858 0.511015 0.492136 0.970634 0.846891 0.844841 0.833783 0.695100 0.732646 0.622760 0.740100 0.604152 0.682445 0.901242 0.805483 0.715107 0.606336 0.594290 0.552965 0.428461 0.403486 0.568388 0.612572 0.875446 0.774195 0.964728 0.811926 0.906589 0.847378 0.913352 0.881003 0.944537 0.970388 0.990784 0.745075 0.905873 0.843795 0.728128 0.616441 0.877026 0.905987 0.754465 0.582783 0.761040 0.833238 0.884821 0.968368 0.878140 0.717886 0.734164 0.847844 0.744016 0.840441 0.907560 0.814475
0.824609 0.876908 0.483382 0.457697 0.893719 0.859200 0.417347 0.625528 0.791590 0.605394 0.807968 0.939998 0.751806 0.793820 0.711308 0.713605 0.749549 0.795841 0.600704 0.835221 0.901897 0.799047 0.494684 0.634716 0.565364 0.626050 0.832216 0.875824 0.820096 0.697957 0.000000 0.643782 0.562486 0.561705 0.699374 0.983627 0.764060 0.874943 0.711743 0.894853 0.884468 0.862574 0.484891 0.557393 0.735839 0.766990 0.646030 0.702281 0.915657 0.944943 0.962133 0.964614 0.859613 0.969656 0.914117 0.949655 0.857421 0.927811 0.755276 0.909434 0.739785 0.903338 0.706039 0.877557 0.635543 0.760911 0.582044 0.699848 0.943251 0.963143 0.695184 0.759091 0.873107 0.928816 0.830099 0.836826 0.671199 0.787336 0.778014 0.795533 0.810956 0.766622 0.854722 0.953307 0.670718 0.721746 0.944864 0.993676 0.932473 0.963359 0.811515 0.798868 0.881738 0.734728 0.979228 0.955446 0.880671 0.975283 0.864250 0.801057 0.942511 0.701869 0.874914 0.879337 0.934625 0.711592 0.984281 0.838055 0.988229 0.911438 0.946782 0.877782 0.838109 0.966006 0.898698 0.799870
0.824179 0.757562 0.757674 0.653820 0.922624 0.957941 0.568189 0.658439 0.905556 0.638804 0.722005 0.796003 0.833797 0.615638 0.695944 0.583347 0.578711 0.578382 0.431089 0.580707 0.884784 0.982060 0.498906 0.472529 0.691817 0.923048 0.899088 0.917499 0.640537 0.577820 0.643782 0.000000 0.596884 0.600221 0.992100 0.903931 0.854522 0.961983 0.970407 0.935292 0.951577 0.978869 0.564397 0.720714 0.970809 0.988577 0.818922 0.760008 0.733679 0.751830 0.806516 0.749407 0.925359 0.949841 0.848251 0.749471 0.628840 0.760189 0.881948 0.646799 0.977891 0.777681 0.540208 0.736032 0.905956 0.970460 0.821986 0.949864 0.918107 0.964660 0.620159 0.699086 0.745423 0.774267 0.992968 0.818854 0.700115 0.654105 0.639362 0.666753 0.605689 0.545094 0.703996 0.800060 0.644678 0.641185 0.896401 0.836027 0.779745 0.908174 0.840824 0.762688 0.892055 0.897165 0.897501 0.741729 0.870904 0.939615 0.797952 0.589306 0.976280 0.799025 0.814546 0.732944 0.937224 0.908536 0.978816 0.951136 0.990571 0.898795 0.798477 0.915114 0.946091 0.977574 0.915895 0.890125
0.506544 0.555253 0.644294 0.597464 0.786966 0.898697 0.511959 0.617854 0.897978 0.665845 0.606680 0.658594 0.641049 0.696660 0.647658 0.692317 0.493247 0.498963 0.442347 0.616925 0.751695 0.856197 0.627800 0.703144 0.659265 0.856812 0.943042 0.926664 0.588263 0.584460 0.562486 0.596884 0.000000 0.370454 0.810480 0.945143 0.719337 0.810595 0.922336 0.899657 0.810894 0.835566 0.509432 0.486370 0.674163 0.710462 0.738031 0.656639 0.921825 0.959287 0.942325 0.981155 0.920592 0.781199 0.964661 0.977034 0.528957 0.595492 0.746539 0.989669 0.680407 0.943155 0.447137 0.624654 0.842100 0.859712 0.549162 0.586879 0.732030 0.728332 0.621389 0.618195 0.752479 0.934670 0.895647 0.857305 0.623254 0.621643 0.631025 0.631237 0.534856 0.473209 0.769416 0.697059 0.659683 0.602875 0.982914 0.971246 0.909305 0.896513 0.790035 0.719963 0.766848 0.812122 0.976564 0.761800 0.902342 0.971226 0.637554 0.657150 0.991357 0.815150 0.736714 0.702971 0.715494 0.715736 0.981794 0.951830 0.985437 0.826953 0.688330 0.783595 0.829457 0.891369 0.861192 0.960317
0.554359 0.539833 0.673144 0.635381 0.773518 0.863944 0.506126 0.606835 0.848935 0.592203 0.513945 0.679753 0.678576 0.727717 0.694643 0.688845 0.473945 0.458656 0.433427 0.525782 0.815221 0.876118 0.718487 0.765902 0.672506 0.881597 0.918739 0.820993 0.526850 0.491717 0.561705 0.600221 0.370454 0.000000 0.728640 0.895685 0.692473 0.879820 0.891481 0.916182 0.833047 0.893083 0.496619 0.423516 0.623485 0.660368 0.646130 0.558474 0.942616 0.928271 0.949209 0.968093 0.870595 0.749624 0.988410 0.979464 0.486467 0.573916 0.711534 0.961210 0.651405 0.983952 0.464219 0.628491 0.859732 0.807733 0.515178 0.550787 0.621149 0.649290 0.625455 0.732242 0.642832 0.815157 0.926795 0.763199 0.641984 0.646641 0.549781 0.598168 0.474006 0.468320 0.765992 0.709210 0.733432 0.706385 0.961298 0.927242 0.853526 0.893502 0.759215 0.736298 0.814801 0.777820 0.963784 0.809755 0.842042 0.876402 0.596540 0.632632 0.984069 0.747483 0.711987 0.671840 0.694724 0.716604 0.979031 0.933370 0.993345 0.816531 0.614378 0.738858 0.694735 0.878283 0.889285 0.824293
0.939436 0.998689 0.661247 0.782854 0.902641 0.774718 0.689198 0.850850 0.730476 0.778479 0.949696 0.857574 0.902876 0.833204 0.961646 0.986280 0.990746 0.967592 0.934375 0.908173 0.954605 0.888557 0.918294 0.905354 0.776059 0.631973 0.989480 0.867536 0.996523 0.943310 0.699374 0.992100 0.810480 0.728640 0.000000 0.978022 0.776552 0.943056 0.758878 0.979833 0.914390 0.939099 0.736371 0.756043 0.632299 0.687223 0.758939 0.731869 0.947363 0.764297 0.813334 0.791819 0.801238 0.953774 0.731941 0.899920 0.995146 0.981657 0.558908 0.767031 0.570110 0.869104 0.914488 0.999537 0.653858 0.624135 0.538609 0.539950 0.892574 0.899746 0.990080 0.973521 0.998203 0.896631 0.885485 0.890389 0.905552 0.979100 0.968924 0.992418 0.976915 0.979308 0.993519 0.991387 0.824134 0.838732 0.951477 0.806183 0.939044 0.723146 0.807797 0.830151 0.699383 0.775320 0.826087 0.944013 0.747172 0.988149 0.896167 0.872679 0.938222 0.836329 0.847536 0.964844 0.851663 0.681225 0.949645 0.801695 0.999328 0.948720 0.817058 0.745171 0.991693 0.960555 0.843206 0.906208
0.988007 0.916750 0.991854 0.944961 0.854651 0.842982 0.964928 0.979669 0.886621 0.975532 0.970747 0.984948 0.944691 0.979519 0.945322 0.971100 0.918572 0.915392 0.937889 0.883821 0.984358 0.973568 0.962189 0.977700 0.986741 0.839821 0.870791 0.907871 0.983747 0.964265 0.983627 0.903931 0.945143 0.895685 0.978022 0.000000 0.899612 0.936881 0.986141 0.853584 0.948609 0.932738 0.963419 0.918380 0.961598 0.981372 0.824532 0.976643 0.901971 0.879577 0.926431 0.936877 0.837452 0.911270 0.858340 0.958611 0.888733 0.938606 0.923015 0.989670 0.997437 0.962003 0.956229 0.991185 0.983248 0.948291 0.937961 0.875177 0.937632 0.914018 0.850335 0.990753 0.943206 0.977191 0.922868 0.932153 0.959434 0.986504 0.798855 0.959897 0.933479 0.984629 0.823098 0.995609 0.901706 0.956299 0.880312 0.962196 0.948860 0.858722 0.906667 0.845694 0.914910 0.938113 0.935223 0.853227 0.981588 0.940131 0.976571 0.982758 0.939140 0.913914 0.868930 0.966742 0.977501 0.971408 0.924205 0.961915 0.890307 0.972393 0.912634 0.909237 0.959652 0.910916 0.948557 0.977831
0.737606 0.758147 0.844671 0.631358 0.956939 0.830648 0.751309 0.681271 0.880923 0.636372 0.979157 0.794349 0.864781 0.930394 0.891178 0.761456 0.808486 0.841317 0.778814 0.789450 0.919292 0.887855 0.785295 0.829372 0.878280 0.825993 0.888289 0.986541 0.885788 0.838134 0.764060 0.854522 0.719337 0.692473 0.776552 0.899612 0.000000 0.693867 0.959856 0.976765 0.768288 0.883160 0.728549 0.733428 0.898201 0.909902 0.992760 0.841981 0.915310 0.961429 0.833644 0.958548 0.990719 0.954931 0.984052 0.969096 0.734253 0.782781 0.801061 0.974768 0.760057 0.797725 0.741446 0.710591 0.930764 0.785544 0.838545 0.854766 0.820362 0.852243 0.615336 0.677538 0.783799 0.872290 0.824183 0.929557 0.758433 0.806297 0.786450 0.956913 0.775230 0.855932 0.871411 0.708661 0.974140 0.843607 0.970387 0.880665 0.963793 0.995866 0.770876 0.704688 0.758820 0.778410 0.828890 0.999727 0.811057 0.778285 0.749243 0.786754 0.890790 0.823942 0.865793 0.749424 0.711933 0.736192 0.924288 0.719171 0.889522 0.987730 0.787464 0.671491 0.874574 0.938482 0.959783 0.956020
0.728201 0.722324 0.936414 0.769647 0.970207 0.840625 0.934322 0.854250 0.949192 0.854057 0.954205 0.856789 0.973451 0.957752 0.976227 0.915606 0.841654 0.863126 0.923186 0.873958 0.998134 0.902141 0.941000 0.923976 0.863452 0.987701 0.869965 0.956789 0.974362 0.815642 0.874943 0.961983 0.810595 0.879820 0.943056 0.936881 0.693867 0.000000 0.961678 0.768641 0.906664 0.963243 0.752095 0.736631 0.882272 0.870554 0.949385 0.929962 0.791503 0.792111 0.729939 0.747235 0.830385 0.840013 0.903102 0.911543 0.784839 0.770981 0.809616 0.877762 0.839275 0.787728 0.862610 0.773025 0.935464 0.852095 0.964743 0.951002 0.801909 0.790749 0.760231 0.709085 0.908924 0.849393 0.818179 0.951847 0.797631 0.918280 0.926584 0.998936 0.919222 0.939227 0.936612 0.833694 0.968679 0.860179 0.930496 0.991740 0.912959 0.798452 0.953232 0.969491 0.921601 0.974474 0.974985 0.945820 0.961094 0.937789 0.870184 0.916066 0.895454 0.875497 0.934555 0.714110 0.806957 0.762688 0.901378 0.813052 0.860560 0.897305 0.898133 0.911740 0.878671 0.834388 0.910747 0.834798
