0.000000 0.289200 0.467896 0.394384 0.753486 0.719088 0.413301 0.324238 0.624600 0.562455 0.377859 0.277693 0.297278 0.448163 0.493139 0.513970 0.299666 0.301064 0.306463 0.281597 0.695739 0.774126 0.557830 0.591058 0.876423 0.720173 0.914286 0.945014 0.359164 0.302850 0.475920 0.556584 0.374541 0.340751 0.761369 0.745858 0.740428 0.727082 0.802716 0.838085 0.943659 0.858500 0.388776 0.373181 0.362576 0.306336 0.325618 0.359537 0.639928 0.336983 0.334336 0.365167 0.503410 0.501309 0.549386 0.640819 0.396357 0.347069 0.269134 0.303101 0.266577 0.345172 0.277553 0.301298 0.518075 0.366365 0.362996 0.289535 0.517938 0.412233 0.572094 0.539532 0.509384 0.500885 0.831767 0.748426 0.576628 0.538936 0.376681 0.418323 0.254497 0.299496 0.493863 0.497627 0.459623 0.450042 0.940942 0.674136 0.615227 0.598041 0.638751 0.727874 0.653605 0.868425 0.631334 0.605195 0.565777 0.714189 0.403524 0.419089 0.602659 0.765876 0.542327 0.590172 0.531017 0.640265 0.965330 0.737516 0.698255 0.670692 0.852004 0.511865 0.465562 0.646949 0.669168 0.939827
0.289200 0.000000 0.590843 0.495177 0.783012 0.832087 0.501177 0.353802 0.745657 0.559988 0.447361 0.313846 0.416241 0.435618 0.588339 0.565280 0.286802 0.302659 0.342755 0.334601 0.737773 0.783482 0.688078 0.700115 0.974903 0.811667 0.817302 0.943458 0.300662 0.321031 0.548954 0.644354 0.417413 0.383969 0.884471 0.689166 0.739719 0.746197 0.850917 0.740102 0.968964 0.599016 0.417059 0.390313 0.416678 0.401766 0.459977 0.393730 0.640808 0.448840 0.381200 0.406221 0.644539 0.512603 0.713687 0.739525 0.306645 0.255854 0.306648 0.346350 0.361168 0.387537 0.337168 0.259702 0.653590 0.475851 0.460021 0.351609 0.532807 0.325066 0.639998 0.537019 0.574793 0.580582 0.959696 0.709387 0.616791 0.482346 0.513078 0.536826 0.314523 0.390437 0.545589 0.509352 0.596955 0.555507 0.960989 0.891502 0.734129 0.655215 0.745718 0.734752 0.687199 0.825371 0.564241 0.705066 0.675608 0.514048 0.441747 0.437936 0.648919 0.778650 0.607640 0.507615 0.517398 0.645843 0.962202 0.743061 0.891935 0.711180 0.802711 0.475768 0.594135 0.617597 0.684132 0.855346
0.467896 0.590843 0.000000 0.211012 0.774329 0.746145 0.273748 0.376766 0.510002 0.668278 0.526490 0.561856 0.432384 0.704122 0.560604 0.613248 0.634210 0.548679 0.429029 0.491791 0.632212 0.746183 0.401921 0.405971 0.504404 0.436189 0.993000 0.979087 0.656681 0.563465 0.338372 0.391771 0.389957 0.460837 0.778420 0.899169 0.660497 0.893069 0.585627 0.906695 0.875197 0.965011 0.396164 0.412027 0.447517 0.475410 0.400473 0.488919 0.822618 0.579493 0.614611 0.578616 0.650562 0.585380 0.545356 0.702799 0.786720 0.777318 0.585211 0.597112 0.356783 0.469479 0.691248 0.735281 0.276963 0.263510 0.345407 0.334982 0.576506 0.595681 0.513238 0.639481 0.437543 0.473700 0.945513 0.831447 0.628782 0.675062 0.600524 0.585571 0.481211 0.379436 0.623757 0.583263 0.455156 0.373229 0.917421 0.670738 0.676966 0.597652 0.617325 0.749274 0.668016 0.752181 0.584653 0.742371 0.565137 0.774560 0.617034 0.572668 0.708311 0.715815 0.820498 0.683502 0.552642 0.683189 0.853458 0.872941 0.812810 0.858690 0.857743 0.656924 0.610014 0.875110 0.711715 0.887129
0.394384 0.495177 0.211012 0.000000 0.743526 0.665258 0.248414 0.272553 0.466514 0.602314 0.558766 0.450862 0.385017 0.547584 0.448461 0.465544 0.553669 0.475050 0.379933 0.472672 0.518969 0.667271 0.331069 0.366371 0.580828 0.416392 0.956631 0.940284 0.510161 0.461863 0.265797 0.333417 0.276040 0.313698 0.679841 0.847271 0.634926 0.892145 0.667619 0.948266 0.926956 0.851567 0.298314 0.297716 0.345547 0.374631 0.293448 0.423247 0.740213 0.535318 0.518681 0.450747 0.598831 0.536964 0.512931 0.668558 0.686547 0.676664 0.465452 0.509238 0.283801 0.361273 0.585199 0.586158 0.260153 0.200415 0.256756 0.239446 0.576644 0.525136 0.401634 0.502254 0.404980 0.475388 0.838725 0.799923 0.544208 0.605314 0.505962 0.535512 0.391557 0.310313 0.520279 0.418027 0.361155 0.284967 0.965365 0.682816 0.668125 0.507424 0.502708 0.653625 0.536006 0.667169 0.582899 0.708363 0.525288 0.670796 0.490297 0.441175 0.607149 0.689310 0.714682 0.561260 0.448996 0.607073 0.833277 0.867651 0.877591 0.885754 0.804900 0.521274 0.514012 0.717133 0.618147 0.938799
0.753486 0.783012 0.774329 0.743526 0.000000 0.713958 0.691548 0.676590 0.908407 0.842456 0.841370 0.750930 0.647818 0.826515 0.701793 0.680010 0.819342 0.852581 0.722459 0.844268 0.730529 0.720987 0.660531 0.725470 0.991157 0.915606 0.755083 0.807571 0.735398 0.789780 0.775345 0.926063 0.708759 0.717362 0.900954 0.996128 0.958732 0.844107 0.850059 0.940505 0.890833 0.848499 0.786513 0.753252 0.695898 0.681482 0.627820 0.686993 0.882057 0.745809 0.717116 0.686247 0.820295 0.611332 0.762261 0.734683 0.922322 0.929754 0.744742 0.767409 0.636619 0.688293 0.733425 0.792621 0.734674 0.664178 0.646792 0.696715 0.931205 0.817713 0.576966 0.708439 0.782097 0.879461 0.998452 0.854815 0.841815 0.946068 0.947535 0.881345 0.653171 0.679201 0.695258 0.771723 0.627542 0.656167 0.841349 0.904711 0.853131 0.826246 0.811912 0.815612 0.781829 0.931934 0.954959 0.866452 0.847241 0.901505 0.793489 0.729938 0.871016 0.907849 0.865244 0.865144 0.704114 0.814462 0.919022 0.949676 0.830096 0.982281 0.999000 0.806808 0.778577 0.803847 0.836754 0.984594
0.719088 0.832087 0.746145 0.665258 0.713958 0.000000 0.560167 0.600699 0.638487 0.667109 0.751344 0.728851 0.628542 0.822344 0.725971 0.636066 0.800944 0.770041 0.731367 0.814070 0.713197 0.979844 0.664071 0.721512 0.978428 0.908401 0.893649 0.834585 0.752903 0.799019 0.697270 0.790689 0.703571 0.696784 0.647315 0.949679 0.944650 0.756862 0.928026 0.805469 0.967300 0.997067 0.628765 0.651575 0.577730 0.613122 0.565678 0.601654 0.992169 0.826673 0.818663 0.735166 0.766452 0.760066 0.824759 0.879635 0.978499 0.993065 0.752453 0.770878 0.636281 0.702943 0.736450 0.825186 0.780360 0.638385 0.538338 0.665053 0.803643 0.788105 0.668305 0.578098 0.801235 0.923320 0.770632 0.874258 0.699909 0.800254 0.711713 0.817215 0.636185 0.603102 0.819846 0.658851 0.689065 0.683509 0.946458 0.837619 0.955564 0.797298 0.585416 0.694967 0.569866 0.710838 0.704097 0.764623 0.656838 0.886658 0.733826 0.679794 0.720406 0.667863 0.802280 0.784507 0.600165 0.847475 0.850507 0.933497 0.882699 0.949109 0.803275 0.715141 0.707473 0.722818 0.743288 0.903706
0.413301 0.501177 0.273748 0.248414 0.691548 0.560167 0.000000 0.206983 0.430450 0.422809 0.410689 0.465786 0.379417 0.627386 0.548598 0.575491 0.399013 0.338027 0.269782 0.426016 0.594324 0.650086 0.474786 0.539792 0.799023 0.671507 0.941475 0.931561 0.484011 0.428080 0.438538 0.387271 0.314441 0.288273 0.802947 0.842393 0.745446 0.968573 0.850307 0.892089 0.993219 0.853214 0.262990 0.238828 0.284561 0.338297 0.333802 0.373175 0.817217 0.622304 0.562325 0.569243 0.709100 0.517990 0.609253 0.779872 0.555773 0.636420 0.461816 0.626691 0.312181 0.503896 0.493415 0.565379 0.422635 0.317511 0.192949 0.251636 0.562823 0.574002 0.411050 0.466617 0.516367 0.543122 0.904514 0.729794 0.478292 0.545671 0.504802 0.533852 0.342678 0.303166 0.564302 0.527795 0.471330 0.441877 0.881011 0.751205 0.758905 0.739546 0.395585 0.443949 0.440434 0.480394 0.509231 0.666068 0.500136 0.664042 0.447127 0.381442 0.558331 0.494174 0.627220 0.457483 0.468058 0.572314 0.777744 0.821837 0.801452 0.831394 0.733378 0.485429 0.423602 0.668171 0.668149 0.931600
0.324238 0.353802 0.376766 0.272553 0.676590 0.600699 0.206983 0.000000 0.527711 0.345838 0.434070 0.315452 0.315831 0.451605 0.442526 0.469374 0.333579 0.294939 0.321589 0.379530 0.632630 0.673127 0.476870 0.528799 0.881673 0.721554 0.846187 0.899998 0.372351 0.336434 0.469883 0.433161 0.274079 0.260650 0.792009 0.847581 0.760798 0.882402 0.851208 0.872758 0.997029 0.752784 0.255523 0.244458 0.253164 0.281786 0.309788 0.350287 0.648533 0.527032 0.446031 0.447896 0.633302 0.519592 0.595785 0.740190 0.437573 0.456061 0.322328 0.456796 0.237616 0.315187 0.392908 0.348845 0.441422 0.275000 0.216403 0.226494 0.641171 0.440372 0.450629 0.491480 0.569696 0.619519 0.916602 0.728832 0.538705 0.477264 0.419720 0.587558 0.293435 0.329668 0.518398 0.476172 0.444747 0.410656 0.955533 0.775291 0.728254 0.602569 0.427603 0.499414 0.416153 0.611333 0.463850 0.578525 0.485280 0.560602 0.342432 0.275609 0.470513 0.592674 0.540259 0.432969 0.394165 0.503033 0.820768 0.744390 0.829383 0.738207 0.731407 0.384298 0.385836 0.609386 0.649822 0.905446
0.624600 0.745657 0.510002 0.466514 0.908407 0.638487 0.430450 0.527711 0.000000 0.627299 0.727338 0.669594 0.588156 0.725400 0.649396 0.582666 0.690638 0.686946 0.586808 0.629886 0.719321 0.749789 0.514859 0.571618 0.739658 0.682146 0.892305 0.994212 0.716187 0.656126 0.540439 0.424252 0.556885 0.525144 0.780634 0.933603 0.750012 0.866904 0.774042 0.894318 0.806740 0.827086 0.476850 0.469987 0.477922 0.519979 0.453882 0.548669 0.801755 0.670039 0.562904 0.588771 0.612360 0.584462 0.709206 0.730295 0.811955 0.894676 0.599258 0.768916 0.522349 0.687842 0.691218 0.781547 0.525648 0.517579 0.403136 0.519354 0.663420 0.727126 0.559528 0.694228 0.604397 0.663153 0.873121 0.766007 0.659870 0.632555 0.708881 0.595945 0.601697 0.586166 0.682979 0.733061 0.595474 0.562522 0.782033 0.707933 0.785602 0.743506 0.525814 0.620057 0.511984 0.643991 0.592775 0.673862 0.561469 0.715196 0.524747 0.569321 0.608807 0.632021 0.719672 0.666815 0.639818 0.623428 0.990940 0.807311 0.960914 0.969162 0.760766 0.684963 0.612462 0.974720 0.641444 0.924742
0.562455 0.559988 0.668278 0.602314 0.842456 0.667109 0.422809 0.345838 0.627299 0.000000 0.536160 0.497919 0.577584 0.628050 0.678994 0.717030 0.411440 0.441572 0.544574 0.553088 0.811185 0.806791 0.721971 0.796399 0.880407 0.937558 0.991132 0.966484 0.531982 0.489066 0.721045 0.508089 0.458785 0.447368 0.835129 0.896424 0.907394 0.852725 0.959164 0.964947 0.914135 0.696452 0.462176 0.454671 0.432674 0.485409 0.586064 0.562632 0.691826 0.708163 0.635987 0.668953 0.813390 0.739950 0.793630 0.888635 0.511642 0.620885 0.439374 0.664278 0.520660 0.571088 0.540396 0.496938 0.728265 0.575257 0.444674 0.470698 0.722803 0.538954 0.630789 0.632545 0.815592 0.844410 0.888857 0.816552 0.668474 0.542336 0.560172 0.612275 0.479117 0.587217 0.698758 0.647246 0.725712 0.712715 0.965892 0.857173 0.877196 0.831650 0.534973 0.549334 0.529333 0.659920 0.588177 0.613717 0.534434 0.542210 0.386422 0.393097 0.504557 0.487058 0.526801 0.488028 0.682192 0.547785 0.826205 0.760461 0.950973 0.836893 0.702938 0.520529 0.545976 0.763392 0.741611 0.898651
0.377859 0.447361 0.526490 0.558766 0.841370 0.751344 0.410689 0.434070 0.727338 0.536160 0.000000 0.396858 0.463541 0.636001 0.759660 0.780053 0.336480 0.266297 0.295895 0.312120 0.734315 0.797960 0.851652 0.790472 0.925580 0.887642 0.993224 0.908083 0.465676 0.343391 0.657924 0.632810 0.570802 0.437998 0.922817 0.838117 0.886466 0.807261 0.856934 0.788932 0.961116 0.926273 0.562976 0.503279 0.554028 0.557606 0.557671 0.550002 0.942598 0.672603 0.654671 0.743929 0.821332 0.692690 0.780079 0.992299 0.399982 0.439005 0.557257 0.603549 0.457490 0.610096 0.360341 0.455588 0.732909 0.576619 0.531958 0.417134 0.615551 0.684786 0.739457 0.701846 0.714377 0.646427 0.960183 0.801152 0.677515 0.536895 0.591515 0.538468 0.383960 0.444224 0.568949 0.651522 0.788515 0.747070 0.993947 0.823891 0.915164 0.931729 0.727458 0.731712 0.772620 0.746851 0.693329 0.725064 0.766821 0.905533 0.630440 0.572833 0.682266 0.637354 0.622727 0.530883 0.718968 0.801872 0.841123 0.856082 0.967277 0.797047 0.829827 0.634078 0.603175 0.755081 0.848031 0.949240
0.277693 0.313846 0.561856 0.450862 0.750930 0.728851 0.465786 0.315452 0.669594 0.497919 0.396858 0.000000 0.265881 0.298811 0.365230 0.415548 0.325465 0.338682 0.420136 0.388154 0.644253 0.751154 0.530572 0.569154 0.990067 0.861837 0.953933 0.890475 0.301726 0.280237 0.523494 0.573384 0.401853 0.387786 0.793633 0.813300 0.790029 0.696047 0.802461 0.834022 0.971365 0.825246 0.505032 0.484814 0.383601 0.413216 0.418480 0.420013 0.661138 0.492818 0.431161 0.441985 0.675499 0.635806 0.655443 0.749908 0.439852 0.425641 0.367802 0.391831 0.260622 0.285607 0.289576 0.238732 0.565498 0.396014 0.438994 0.340102 0.720733 0.471150 0.641708 0.664539 0.602356 0.611491 0.888689 0.749198 0.614434 0.473984 0.457026 0.588869 0.351287 0.457666 0.419519 0.546915 0.503117 0.518641 0.972808 0.839283 0.701525 0.602931 0.767364 0.841016 0.717424 0.997638 0.606713 0.677706 0.674901 0.599215 0.477764 0.421099 0.639729 0.853486 0.565079 0.591893 0.544172 0.527682 0.917283 0.749262 0.840601 0.647857 0.742935 0.556174 0.582046 0.613417 0.662108 0.906292
0.297278 0.416241 0.432384 0.385017 0.647818 0.628542 0.379417 0.315831 0.588156 0.577584 0.463541 0.265881 0.000000 0.314814 0.261313 0.289437 0.400935 0.450636 0.413485 0.482545 0.649014 0.762451 0.326210 0.389600 0.852595 0.752920 0.952747 0.944864 0.395048 0.379385 0.435447 0.516307 0.399377 0.410938 0.748421 0.834588 0.695430 0.786355 0.727339 0.845359 0.936024 0.937390 0.436649 0.429081 0.369337 0.387385 0.381752 0.403936 0.749904 0.496956 0.402085 0.439608 0.567644 0.582848 0.541520 0.749907 0.544945 0.560685 0.370744 0.482908 0.192472 0.304820 0.319263 0.347594 0.366348 0.321581 0.338521 0.308770 0.720278 0.549886 0.556705 0.558753 0.558801 0.634774 0.866915 0.679267 0.600167 0.579248 0.496108 0.668728 0.334418 0.431808 0.357928 0.572898 0.353881 0.362127 0.854481 0.708434 0.637323 0.592121 0.711498 0.807287 0.629117 0.940108 0.654055 0.693653 0.654969 0.703794 0.535752 0.478026 0.676282 0.804537 0.575587 0.679789 0.455015 0.560563 0.902876 0.747477 0.687895 0.734906 0.804524 0.574993 0.577174 0.633716 0.604737 0.984735
0.448163 0.435618 0.704122 0.547584 0.826515 0.822344 0.627386 0.451605 0.725400 0.628050 0.636001 0.298811 0.314814 0.000000 0.253718 0.278528 0.504958 0.522643 0.552600 0.622353 0.688233 0.737428 0.442192 0.467935 0.930394 0.794360 0.988201 0.868203 0.384460 0.409832 0.501992 0.624129 0.473934 0.512714 0.782537 0.867335 0.716509 0.720601 0.850707 0.789231 0.993615 0.708892 0.537885 0.537210 0.551983 0.565586 0.558246 0.543068 0.704636 0.619875 0.458601 0.477852 0.684352 0.676068 0.701634 0.893420 0.557699 0.534019 0.439140 0.556608 0.375305 0.409951 0.370643 0.312331 0.534659 0.472468 0.496616 0.448429 0.974110 0.552596 0.628305 0.641739 0.734659 0.709913 0.950712 0.726378 0.581643 0.546039 0.536829 0.775404 0.524271 0.688691 0.356572 0.633853 0.489998 0.480898 0.920354 0.802711 0.742639 0.615629 0.769187 0.842377 0.636661 0.968093 0.681596 0.746327 0.826971 0.567446 0.555409 0.524570 0.646927 0.912678 0.573796 0.771808 0.496676 0.548898 0.911026 0.652999 0.818187 0.725492 0.824474 0.637026 0.669181 0.691716 0.577652 0.925154
0.493139 0.588339 0.560604 0.448461 0.701793 0.725971 0.548598 0.442526 0.649396 0.678994 0.759660 0.365230 0.261313 0.253718 0.000000 0.221536 0.637434 0.671367 0.635299 0.718836 0.679999 0.753796 0.234701 0.322877 0.725242 0.686798 0.972871 0.937568 0.490955 0.517548 0.398527 0.530416 0.433799 0.520850 0.614080 0.970693 0.678164 0.840576 0.789457 0.888959 0.954438 0.930293 0.523510 0.552043 0.470584 0.493572 0.440270 0.502956 0.673339 0.574164 0.466671 0.432820 0.595489 0.652612 0.501492 0.654134 0.781826 0.769008 0.486405 0.566812 0.297021 0.350132 0.487587 0.475988 0.356380 0.353165 0.420428 0.413483 0.952772 0.617810 0.558684 0.673281 0.578296 0.720905 0.872986 0.780991 0.611145 0.675003 0.578707 0.784139 0.512494 0.594941 0.386779 0.645803 0.289132 0.333806 0.810844 0.656185 0.651786 0.506402 0.766899 0.889098 0.648449 0.973730 0.731392 0.784795 0.723980 0.634881 0.596117 0.533732 0.696910 0.959415 0.698870 0.868071 0.431030 0.529807 0.920585 0.681000 0.765067 0.803518 0.854345 0.600668 0.664821 0.752960 0.546813 0.880430
0.513970 0.565280 0.613248 0.465544 0.680010 0.636066 0.575491 0.469374 0.582666 0.717030 0.780053 0.415548 0.289437 0.278528 0.221536 0.000000 0.651914 0.693193 0.626031 0.758494 0.619310 0.761901 0.240607 0.303238 0.744020 0.723800 0.938721 0.880201 0.519580 0.562578 0.416091 0.554768 0.462207 0.556300 0.696380 0.888536 0.765645 0.785325 0.784859 0.896881 0.939197 0.879591 0.474204 0.523585 0.498567 0.492204 0.448745 0.470065 0.774981 0.582757 0.434226 0.409515 0.547208 0.530402 0.605674 0.700404 0.790508 0.775050 0.479766 0.586248 0.340662 0.412524 0.494921 0.483062 0.413595 0.383039 0.410415 0.449686 0.882161 0.643799 0.468574 0.543250 0.586337 0.736519 0.797440 0.793142 0.613145 0.658095 0.600120 0.748872 0.522884 0.610221 0.378691 0.607386 0.349576 0.310019 0.902737 0.728461 0.710516 0.615068 0.672373 0.763856 0.538500 0.926844 0.723546 0.757745 0.775750 0.636183 0.637806 0.575029 0.718190 0.814632 0.703057 0.870241 0.438561 0.568292 0.978329 0.799761 0.821901 0.868371 0.910759 0.689042 0.684970 0.671934 0.576624 0.997776
0.299666 0.286802 0.634210 0.553669 0.819342 0.800944 0.399013 0.333579 0.690638 0.411440 0.336480 0.325465 0.400935 0.504958 0.637434 0.651914 0.000000 0.199584 0.265029 0.340126 0.731765 0.705587 0.742208 0.802321 0.889626 0.941718 0.899535 0.956114 0.277963 0.268380 0.663944 0.558374 0.429513 0.339496 0.964076 0.697040 0.823065 0.741100 0.892967 0.659932 0.840981 0.669673 0.424775 0.357002 0.404430 0.432185 0.494382 0.428299 0.774404 0.555351 0.463922 0.541489 0.713875 0.583370 0.711779 0.861221 0.202482 0.293671 0.347668 0.495413 0.415674 0.540662 0.256861 0.265808 0.718887 0.582113 0.420668 0.358381 0.578077 0.488225 0.592624 0.512692 0.688273 0.625985 0.984495 0.732115 0.546172 0.441975 0.425360 0.495329 0.291179 0.457432 0.555331 0.595540 0.659026 0.685707 0.980766 0.904576 0.786179 0.840917 0.617828 0.605547 0.630006 0.739697 0.630305 0.722361 0.683300 0.569941 0.407176 0.381981 0.700811 0.715375 0.476249 0.389481 0.611429 0.559666 0.941903 0.697054 0.890365 0.618853 0.700136 0.473276 0.522749 0.586586 0.753183 0.959051
0.301064 0.302659 0.548679 0.475050 0.852581 0.770041 0.338027 0.294939 0.686946 0.441572 0.266297 0.338682 0.450636 0.522643 0.671367 0.693193 0.199584 0.000000 0.211118 0.260108 0.738556 0.663963 0.791396 0.822338 0.916298 0.851420 0.868167 0.902793 0.267078 0.240380 0.642037 0.541452 0.381388 0.301419 0.982128 0.783722 0.797296 0.795081 0.921295 0.663321 0.991249 0.679801 0.370369 0.306474 0.394951 0.400821 0.440697 0.415817 0.762630 0.587846 0.491777 0.562328 0.743249 0.594334 0.725232 0.845268 0.238305 0.263697 0.392935 0.508023 0.380383 0.530641 0.251248 0.281384 0.689893 0.506057 0.389154 0.333338 0.598691 0.520131 0.642995 0.596634 0.685905 0.575678 0.935124 0.735941 0.565922 0.467297 0.433432 0.494602 0.304187 0.370629 0.525993 0.520253 0.669734 0.645848 0.999888 0.909850 0.833556 0.794044 0.562479 0.558555 0.602175 0.659218 0.605073 0.618011 0.676597 0.637861 0.379298 0.358207 0.600489 0.643148 0.534877 0.379572 0.554850 0.626795 0.795352 0.748733 0.916665 0.672300 0.801073 0.439232 0.437906 0.601585 0.695107 0.986880
0.306463 0.342755 0.429029 0.379933 0.722459 0.731367 0.269782 0.321589 0.586808 0.544574 0.295895 0.420136 0.413485 0.552600 0.635299 0.626031 0.265029 0.211118 0.000000 0.294589 0.673788 0.654251 0.644781 0.691087 0.892377 0.756857 0.904288 0.923216 0.365852 0.276499 0.508027 0.518146 0.397724 0.289182 0.900852 0.737010 0.748164 0.887958 0.838619 0.735177 0.989577 0.744579 0.336938 0.282647 0.386597 0.397942 0.397660 0.405772 0.814172 0.514787 0.465456 0.519944 0.686066 0.478269 0.645409 0.840294 0.381418 0.410155 0.425136 0.547121 0.359354 0.555421 0.334963 0.412160 0.548084 0.451452 0.330777 0.320872 0.493604 0.487822 0.522722 0.512200 0.552422 0.491268 0.943685 0.636223 0.554051 0.540921 0.498952 0.455295 0.295572 0.334021 0.575831 0.536772 0.569944 0.559456 0.940116 0.831548 0.830095 0.817580 0.540986 0.561817 0.586924 0.620523 0.574233 0.677565 0.688638 0.686100 0.424205 0.435914 0.662620 0.644059 0.578629 0.457590 0.537783 0.652529 0.940961 0.823908 0.806757 0.779101 0.836303 0.467127 0.502204 0.654215 0.707241 0.929659
0.281597 0.334601 0.491791 0.472672 0.844268 0.814070 0.426016 0.379530 0.629886 0.553088 0.312120 0.388154 0.482545 0.622353 0.718836 0.758494 0.340126 0.260108 0.294589 0.000000 0.764643 0.696443 0.764631 0.794618 0.970645 0.775903 0.881157 0.923583 0.391998 0.316096 0.625694 0.563098 0.440346 0.359311 0.904680 0.861479 0.815862 0.795323 0.850844 0.768634 0.880245 0.856918 0.474921 0.409411 0.484635 0.474736 0.476655 0.437841 0.759852 0.499272 0.530211 0.573436 0.693812 0.627339 0.716001 0.794438 0.383890 0.341906 0.454738 0.458991 0.419027 0.498858 0.390503 0.421062 0.647289 0.498482 0.494447 0.403256 0.489917 0.464031 0.733244 0.732369 0.585437 0.518618 0.903271 0.739084 0.656132 0.607033 0.556170 0.497924 0.406525 0.367227 0.605212 0.605541 0.716143 0.667548 0.880093 0.882405 0.764855 0.722394 0.699985 0.725224 0.758226 0.830110 0.598623 0.702923 0.685584 0.762722 0.452444 0.459664 0.572033 0.709417 0.691296 0.520632 0.654424 0.684961 0.903219 0.754229 0.837044 0.744446 0.777471 0.548980 0.554043 0.767297 0.801591 0.881391
0.695739 0.737773 0.632212 0.518969 0.730529 0.713197 0.594324 0.632630 0.719321 0.811185 0.734315 0.644253 0.649014 0.688233 0.679999 0.619310 0.731765 0.738556 0.673788 0.764643 0.000000 0.723512 0.589321 0.579497 0.870326 0.727377 0.855519 0.903034 0.736745 0.785232 0.569400 0.712627 0.612856 0.548160 0.745711 0.992652 0.756177 0.918162 0.969483 0.957076 0.881435 0.929358 0.611088 0.604706 0.682489 0.683721 0.612052 0.682313 0.988961 0.733994 0.794104 0.712036 0.780952 0.666776 0.811567 0.936718 0.861099 0.845454 0.717426 0.711369 0.641714 0.685974 0.740378 0.776453 0.622034 0.543442 0.606246 0.596205 0.911732 0.822491 0.532785 0.593966 0.643779 0.654096 0.838145 0.796431 0.644308 0.629862 0.801717 0.727604 0.691131 0.680306 0.599285 0.669407 0.669888 0.644167 0.947591 0.928504 0.919152 0.854302 0.667225 0.767468 0.595005 0.740289 0.830988 0.860742 0.804557 0.869320 0.760574 0.698837 0.792322 0.780202 0.759337 0.667767 0.640143 0.775341 0.867558 0.732359 0.978160 0.935855 0.924440 0.801651 0.807577 0.785159 0.822850 0.939402
0.774126 0.783482 0.746183 0.667271 0.720987 0.979844 0.650086 0.673127 0.749789 0.806791 0.797960 0.751154 0.762451 0.737428 0.753796 0.761901 0.705587 0.663963 0.654251 0.696443 0.723512 0.000000 0.753005 0.765667 0.998142 0.836438 0.903995 0.780016 0.599771 0.690983 0.785442 0.609078 0.595229 0.669592 0.954062 0.954607 0.969489 0.931179 0.898382 0.814891 0.991633 0.927311 0.701558 0.618185 0.702515 0.709600 0.724989 0.744843 0.817538 0.829951 0.751970 0.777729 0.899332 0.691454 0.767772 0.828147 0.742887 0.765749 0.807534 0.825542 0.678702 0.826186 0.736778 0.748261 0.744017 0.703101 0.632070 0.629353 0.893301 0.849141 0.717364 0.760960 0.838785 0.727707 0.899012 0.961412 0.729633 0.752075 0.942310 0.723401 0.733896 0.717000 0.746159 0.817100 0.752311 0.710648 0.941755 0.898880 0.810633 0.739378 0.704123 0.757915 0.782037 0.789414 0.824720 0.936107 0.901322 0.798990 0.712484 0.644988 0.832512 0.871096 0.829473 0.704001 0.886827 0.677155 0.900750 0.808627 0.929955 0.917637 0.816896 0.771136 0.755291 0.758090 0.760479 0.937825
0.557830 0.688078 0.401921 0.331069 0.660531 0.664071 0.474786 0.476870 0.514859 0.721971 0.851652 0.530572 0.326210 0.442192 0.234701 0.240607 0.742208 0.791396 0.644781 0.764631 0.589321 0.753005 0.000000 0.223029 0.476871 0.515538 0.914465 0.980093 0.625766 0.662112 0.290843 0.452197 0.390890 0.537677 0.574172 0.934967 0.640093 0.904419 0.692874 0.963348 0.946287 0.990366 0.452364 0.520640 0.471501 0.480284 0.401827 0.508702 0.754482 0.577191 0.519310 0.428161 0.544835 0.588549 0.467393 0.604239 0.935479 0.934086 0.518243 0.591236 0.329766 0.391933 0.633830 0.664658 0.234763 0.287288 0.347226 0.402521 0.826122 0.605702 0.434422 0.582468 0.472624 0.644358 0.848495 0.809547 0.559574 0.759257 0.591299 0.716758 0.518945 0.547716 0.447317 0.580222 0.225036 0.225232 0.826058 0.645988 0.623649 0.513747 0.674655 0.831879 0.578132 0.959577 0.670468 0.781291 0.651997 0.682548 0.646661 0.593314 0.783010 0.875200 0.799604 0.881534 0.462013 0.543973 0.962676 0.810925 0.728580 0.879009 0.888929 0.685491 0.678186 0.795642 0.559688 0.984389
0.591058 0.700115 0.405971 0.366371 0.725470 0.721512 0.539792 0.528799 0.571618 0.796399 0.790472 0.569154 0.389600 0.467935 0.322877 0.303238 0.802321 0.822338 0.691087 0.794618 0.579497 0.765667 0.223029 0.000000 0.497731 0.481621 0.986081 0.977720 0.647164 0.677553 0.313480 0.458360 0.513955 0.576290 0.595030 0.973922 0.727567 0.877702 0.690843 0.966551 0.966266 0.979884 0.530595 0.610973 0.563685 0.548765 0.496139 0.582531 0.773705 0.652152 0.555493 0.525971 0.568088 0.601253 0.494017 0.671232 0.975083 0.957831 0.590835 0.675336 0.395962 0.477133 0.661906 0.718438 0.312989 0.336065 0.438511 0.470329 0.903539 0.674056 0.529802 0.676997 0.533300 0.676663 0.914452 0.838377 0.666479 0.734079 0.699180 0.732266 0.529406 0.570630 0.468952 0.573582 0.313122 0.281804 0.802576 0.553993 0.680548 0.568266 0.723778 0.854248 0.651299 0.930961 0.754817 0.906405 0.743736 0.760354 0.779148 0.695212 0.746351 0.931156 0.892430 0.921261 0.561581 0.737142 0.929345 0.814431 0.814658 0.942232 0.944575 0.792807 0.732908 0.854804 0.581810 0.993268
0.876423 0.974903 0.504404 0.580828 0.991157 0.978428 0.799023 0.881673 0.739658 0.880407 0.925580 0.990067 0.852595 0.930394 0.725242 0.744020 0.889626 0.916298 0.892377 0.970645 0.870326 0.998142 0.476871 0.497731 0.000000 0.372781 0.876659 0.986216 0.950386 0.960980 0.498893 0.662302 0.769178 0.907895 0.618950 0.959583 0.695896 0.979412 0.693233 0.989017 0.887829 0.985590 0.728354 0.831357 0.890944 0.838761 0.702834 0.894463 0.935265 0.818423 0.856284 0.736746 0.691677 0.844375 0.553971 0.705294 0.785737 0.862966 0.891048 0.828698 0.782822 0.776835 0.913464 0.892312 0.463500 0.602143 0.738683 0.789264 0.805411 0.826308 0.778714 0.913051 0.557206 0.725664 0.914651 0.973167 0.842813 0.907027 0.882829 0.840519 0.864818 0.803560 0.891902 0.837864 0.533063 0.489455 0.953867 0.770608 0.801119 0.667365 0.920456 0.975997 0.857495 0.998266 0.762128 0.983622 0.869166 0.924488 0.988220 0.977180 0.861233 0.896009 0.794540 0.891860 0.719020 0.950714 0.989981 0.982785 0.874698 0.955375 0.878123 0.896249 0.892185 0.807830 0.783569 0.941614
0.720173 0.811667 0.436189 0.416392 0.915606 0.908401 0.671507 0.721554 0.682146 0.937558 0.887642 0.861837 0.752920 0.794360 0.686798 0.723800 0.941718 0.851420 0.756857 0.775903 0.727377 0.836438 0.515538 0.481621 0.372781 0.000000 0.954667 0.820425 0.806868 0.814793 0.429637 0.562963 0.544817 0.660302 0.672349 0.918274 0.604499 0.988753 0.634157 0.864240 0.877865 0.913079 0.582354 0.586345 0.655080 0.603317 0.521752 0.679025 0.713063 0.646674 0.641840 0.590551 0.566622 0.703979 0.537668 0.594386 0.989192 0.930207 0.696440 0.698021 0.626196 0.611907 0.903891 0.920988 0.369136 0.443797 0.593180 0.558711 0.738306 0.700328 0.694549 0.685685 0.515189 0.582790 0.862266 0.902112 0.632402 0.924094 0.849497 0.683855 0.738197 0.590263 0.758533 0.552556 0.485670 0.408566 0.942640 0.667299 0.651552 0.483246 0.745318 0.895462 0.801674 0.860195 0.734748 0.873372 0.681574 0.751670 0.734141 0.649595 0.825580 0.919536 0.903539 0.812059 0.610184 0.921135 0.876225 0.845798 0.956127 0.991344 0.979162 0.779470 0.706473 0.938504 0.643409 0.951222
0.914286 0.817302 0.993000 0.956631 0.755083 0.893649 0.941475 0.846187 0.892305 0.991132 0.993224 0.953933 0.952747 0.988201 0.972871 0.938721 0.899535 0.868167 0.904288 0.881157 0.855519 0.903995 0.914465 0.986081 0.876659 0.954667 0.000000 0.990866 0.869159 0.839109 0.988072 0.969265 0.968726 0.851722 0.888260 0.934535 0.996948 0.970951 0.882158 0.980194 0.916761 0.949954 0.964340 0.935835 0.910612 0.921220 0.991152 0.892834 0.896106 0.918696 0.906376 0.937017 0.975383 0.866925 0.916942 0.935695 0.820582 0.792689 0.914308 0.883077 0.913906 0.891841 0.899861 0.845824 0.987786 0.951687 0.922544 0.987120 0.975078 0.813415 0.905973 0.931616 0.968914 0.927282 0.988194 0.812293 0.918470 0.953433 0.932045 0.948382 0.894108 0.874321 0.994517 0.868801 0.986564 0.983396 0.800867 0.998276 0.946976 0.867705 0.958800 0.987979 0.976787 0.991887 0.945789 0.934428 0.996597 0.878653 0.928782 0.946082 0.938456 0.899287 0.981456 0.831089 0.963142 0.901587 0.965902 0.918452 0.968007 0.808062 0.939869 0.830804 0.858172 0.997493 0.921461 0.855715
0.945014 0.943458 0.979087 0.940284 0.807571 0.834585 0.931561 0.899998 0.994212 0.966484 0.908083 0.890475 0.944864 0.868203 0.937568 0.880201 0.956114 0.902793 0.923216 0.923583 0.903034 0.780016 0.980093 0.977720 0.986216 0.820425 0.990866 0.000000 0.902937 0.971745 0.980153 0.981243 0.844893 0.993559 0.981647 0.930027 0.877250 0.967013 0.959103 0.795491 0.959471 0.899310 0.900907 0.834024 0.994963 0.962547 0.903964 0.969243 0.998678 0.915075 0.968378 0.975139 0.982140 0.960082 0.916259 0.915707 0.931921 0.892890 0.997158 0.980783 0.928912 0.954764 0.868827 0.854496 0.984192 0.938966 0.945408 0.945116 0.972765 0.951817 0.944507 0.823782 0.943439 0.979311 0.870440 0.864937 0.775455 0.960590 0.911331 0.987276 0.964684 0.945656 0.999510 0.961934 0.989667 0.916785 0.908453 0.895389 0.870499 0.866792 0.775660 0.836041 0.890638 0.811967 0.838853 0.971253 0.914693 0.786938 0.890846 0.810553 0.949536 0.843354 0.975479 0.789021 0.810370 0.915703 0.822298 0.949346 0.907728 0.945995 0.983046 0.886143 0.951546 0.967699 0.828191 0.956637
0.359164 0.300662 0.656681 0.510161 0.735398 0.752903 0.484011 0.372351 0.716187 0.531982 0.465676 0.301726 0.395048 0.384460 0.490955 0.519580 0.277963 0.267078 0.365852 0.391998 0.736745 0.599771 0.625766 0.647164 0.950386 0.806868 0.869159 0.902937 0.000000 0.253211 0.547686 0.573426 0.400873 0.335419 0.821397 0.815706 0.719420 0.775164 0.852797 0.670557 0.988003 0.694412 0.454502 0.396042 0.405543 0.426415 0.443403 0.392839 0.637023 0.552392 0.436347 0.460776 0.668051 0.606942 0.619103 0.697099 0.345462 0.379706 0.379356 0.449577 0.338790 0.450547 0.236843 0.255140 0.630539 0.480734 0.412272 0.350475 0.728166 0.483687 0.650413 0.599399 0.656350 0.634099 0.926323 0.769497 0.540623 0.512733 0.492592 0.527761 0.310127 0.439214 0.466416 0.455925 0.516327 0.550087 0.937334 0.847875 0.728649 0.591430 0.721469 0.748002 0.694210 0.902154 0.593259 0.740421 0.757803 0.566036 0.436369 0.383013 0.626564 0.849215 0.561438 0.482699 0.542569 0.532674 0.885943 0.756025 0.865741 0.678711 0.738600 0.509507 0.530863 0.559992 0.559145 0.962735
0.302850 0.321031 0.563465 0.461863 0.789780 0.799019 0.428080 0.336434 0.656126 0.489066 0.343391 0.280237 0.379385 0.409832 0.517548 0.562578 0.268380 0.240380 0.276499 0.316096 0.785232 0.690983 0.662112 0.677553 0.960980 0.814793 0.839109 0.971745 0.253211 0.000000 0.528790 0.527702 0.413602 0.274096 0.929803 0.783493 0.767577 0.795369 0.788477 0.765884 0.916365 0.797435 0.517874 0.396787 0.418792 0.432138 0.457994 0.442973 0.744695 0.513684 0.459488 0.495234 0.631095 0.545782 0.567176 0.781407 0.380887 0.376834 0.442419 0.522266 0.333896 0.451365 0.286026 0.296640 0.631198 0.483835 0.421752 0.369011 0.611638 0.439578 0.646201 0.647531 0.630224 0.560282 0.831881 0.678159 0.680656 0.561001 0.496439 0.506696 0.321827 0.361443 0.462002 0.436670 0.601434 0.564822 0.854745 0.688792 0.754643 0.675953 0.712186 0.788395 0.752291 0.875605 0.588439 0.761667 0.706378 0.610898 0.464780 0.439573 0.604850 0.736767 0.530358 0.511952 0.652288 0.618873 0.917508 0.788882 0.918883 0.742269 0.801198 0.569210 0.539678 0.692795 0.684983 0.992869
0.475920 0.548954 0.338372 0.265797 0.775345 0.697270 0.438538 0.469883 0.540439 0.721045 0.657924 0.523494 0.435447 0.501992 0.398527 0.416091 0.663944 0.642037 0.508027 0.625694 0.569400 0.785442 0.290843 0.313480 0.498893 0.429637 0.988072 0.980153 0.547686 0.528790 0.000000 0.377295 0.378101 0.422374 0.630435 0.847530 0.571064 0.814720 0.679709 0.968155 0.991095 0.865859 0.447904 0.447842 0.491461 0.480595 0.411892 0.477770 0.789196 0.564970 0.547723 0.469552 0.573091 0.548584 0.460347 0.658063 0.817064 0.787503 0.553965 0.541234 0.350152 0.422622 0.623883 0.647263 0.295319 0.268705 0.360650 0.366378 0.627058 0.500983 0.474088 0.530320 0.392998 0.447688 0.820145 0.869280 0.611074 0.618137 0.623391 0.592066 0.465615 0.416313 0.470060 0.429741 0.340803 0.282226 0.891582 0.577835 0.637136 0.489397 0.724629 0.884209 0.671324 0.896829 0.614378 0.861612 0.615411 0.728085 0.665734 0.633209 0.701839 0.803701 0.803346 0.746172 0.578851 0.674239 0.933231 0.880697 0.908571 0.802626 0.990709 0.663529 0.663378 0.775359 0.591198 0.953289
0.556584 0.644354 0.391771 0.333417 0.926063 0.790689 0.387271 0.433161 0.424252 0.508089 0.632810 0.573384 0.516307 0.624129 0.530416 0.554768 0.558374 0.541452 0.518146 0.563098 0.712627 0.609078 0.452197 0.458360 0.662302 0.562963 0.969265 0.981243 0.573426 0.527702 0.377295 0.000000 0.381767 0.421325 0.765377 0.988067 0.701182 0.807966 0.596085 0.904084 0.936955 0.839141 0.421085 0.404367 0.471029 0.540929 0.497495 0.531755 0.818719 0.683965 0.587881 0.619424 0.666147 0.630137 0.575455 0.742369 0.689880 0.770112 0.587204 0.697857 0.432994 0.586819 0.635040 0.650980 0.419241 0.401762 0.390611 0.392551 0.633723 0.635485 0.579905 0.631755 0.543775 0.575756 0.875763 0.884719 0.648189 0.590748 0.635670 0.503147 0.534582 0.517920 0.600265 0.568895 0.523979 0.440693 0.929914 0.671996 0.730970 0.616423 0.538207 0.699124 0.609170 0.747989 0.687866 0.831351 0.653741 0.717858 0.543520 0.533142 0.658528 0.716260 0.794667 0.565834 0.653981 0.615418 0.808249 0.828411 0.963096 0.872476 0.786586 0.612107 0.601370 0.814632 0.586683 0.979366
0.374541 0.417413 0.389957 0.276040 0.708759 0.703571 0.314441 0.274079 0.556885 0.458785 0.570802 0.401853 0.399377 0.473934 0.433799 0.462207 0.429513 0.381388 0.397724 0.440346 0.612856 0.595229 0.390890 0.513955 0.769178 0.544817 0.968726 0.844893 0.400873 0.413602 0.378101 0.381767 0.000000 0.336760 0.785604 0.755831 0.734328 0.908517 0.783371 0.811848 0.875621 0.772294 0.297544 0.285086 0.341160 0.340384 0.344795 0.397410 0.669610 0.560255 0.475225 0.456785 0.604077 0.546928 0.523112 0.625880 0.547865 0.521508 0.380626 0.483169 0.305856 0.372111 0.442378 0.446495 0.410034 0.294819 0.283514 0.244291 0.619336 0.448118 0.426709 0.447867 0.522072 0.560848 0.904553 0.779517 0.468364 0.559586 0.406500 0.530449 0.324513 0.322443 0.465066 0.380614 0.375239 0.330313 0.930610 0.756390 0.658740 0.504536 0.473769 0.588721 0.515029 0.742605 0.577430 0.633520 0.470624 0.494027 0.384867 0.312253 0.616566 0.640542 0.691701 0.474031 0.469591 0.514490 0.843505 0.722200 0.829715 0.739253 0.822718 0.479167 0.452774 0.635775 0.582753 0.963744
0.340751 0.383969 0.460837 0.313698 0.717362 0.696784 0.288273 0.260650 0.525144 0.447368 0.437998 0.387786 0.410938 0.512714 0.520850 0.556300 0.339496 0.301419 0.289182 0.359311 0.548160 0.669592 0.537677 0.576290 0.907895 0.660302 0.851722 0.993559 0.335419 0.274096 0.422374 0.421325 0.336760 0.000000 0.759871 0.839191 0.630702 0.773392 0.807261 0.823484 0.947747 0.824263 0.356656 0.277634 0.323841 0.338271 0.322895 0.397545 0.733250 0.518699 0.485525 0.478205 0.661141 0.569103 0.603028 0.697604 0.441117 0.462123 0.379839 0.517508 0.299388 0.422620 0.373309 0.389826 0.473925 0.332656 0.281311 0.263696 0.645490 0.482576 0.537473 0.520285 0.525669 0.597164 0.787982 0.729017 0.543033 0.491733 0.498845 0.457939 0.335047 0.320031 0.500085 0.403194 0.451538 0.456145 0.909736 0.705456 0.738002 0.648171 0.553044 0.640641 0.593295 0.663303 0.571095 0.675768 0.635438 0.610773 0.379511 0.360829 0.563603 0.646999 0.550391 0.414831 0.529282 0.619684 0.938213 0.713546 0.876852 0.828112 0.787083 0.424040 0.483351 0.635285 0.596199 0.945497
0.761369 0.884471 0.778420 0.679841 0.900954 0.647315 0.802947 0.792009 0.780634 0.835129 0.922817 0.793633 0.748421 0.782537 0.614080 0.696380 0.964076 0.982128 0.900852 0.904680 0.745711 0.954062 0.574172 0.595030 0.618950 0.672349 0.888260 0.981647 0.821397 0.929803 0.630435 0.765377 0.785604 0.759871 0.000000 0.984360 0.718604 0.944793 0.936045 0.840198 0.990373 0.971969 0.716217 0.803436 0.660548 0.646605 0.635808 0.760501 0.641450 0.604879 0.695478 0.594762 0.663242 0.837052 0.581489 0.612625 0.889538 0.986308 0.702244 0.657775 0.682958 0.683122 0.885436 0.887142 0.615878 0.637790 0.704428 0.735981 0.861157 0.671530 0.861092 0.849188 0.672848 0.845314 0.679440 0.922156 0.814982 0.877959 0.781082 0.800591 0.727860 0.711514 0.853151 0.797702 0.494176 0.581048 0.999812 0.758353 0.715078 0.603058 0.928655 0.960272 0.858075 0.976050 0.815200 0.952073 0.718863 0.821226 0.786086 0.787702 0.903638 0.888296 0.968458 0.974030 0.720359 0.777882 0.961729 0.871285 0.692538 0.922083 0.795181 0.671354 0.927813 0.952189 0.783103 0.950060
0.745858 0.689166 0.899169 0.847271 0.996128 0.949679 0.842393 0.847581 0.933603 0.896424 0.838117 0.813300 0.834588 0.867335 0.970693 0.888536 0.697040 0.783722 0.737010 0.861479 0.992652 0.954607 0.934967 0.973922 0.959583 0.918274 0.934535 0.930027 0.815706 0.783493 0.847530 0.988067 0.755831 0.839191 0.984360 0.000000 0.947197 0.824963 0.989724 0.929639 0.848248 0.838971 0.814785 0.754451 0.820458 0.795029 0.849102 0.763493 0.933948 0.882809 0.841167 0.806043 0.887173 0.797199 0.952941 0.918779 0.765688 0.747810 0.756262 0.807660 0.873088 0.880607 0.765511 0.803469 0.929881 0.901690 0.811222 0.769832 0.735777 0.671394 0.824364 0.598688 0.945485 0.866336 0.941571 0.883438 0.823630 0.826070 0.704211 0.831570 0.738613 0.783017 0.834450 0.714782 0.897254 0.865699 0.937015 0.953529 0.951230 0.891031 0.978380 0.885809 0.987049 0.900348 0.808070 0.933371 0.834368 0.683884 0.899489 0.881276 0.981531 0.783604 0.864512 0.835196 0.996349 0.988597 0.924951 0.984281 0.860796 0.871248 0.781984 0.841091 0.813695 0.865178 0.899204 0.937832
0.740428 0.739719 0.660497 0.634926 0.958732 0.944650 0.745446 0.760798 0.750012 0.907394 0.886466 0.790029 0.695430 0.716509 0.678164 0.765645 0.823065 0.797296 0.748164 0.815862 0.756177 0.969489 0.640093 0.727567 0.695896 0.604499 0.996948 0.877250 0.719420 0.767577 0.571064 0.701182 0.734328 0.630702 0.718604 0.947197 0.000000 0.849124 0.653262 0.847529 0.861819 0.752854 0.716268 0.666268 0.646868 0.697954 0.689463 0.675210 0.686987 0.667031 0.677895 0.629820 0.706903 0.879725 0.774623 0.756446 0.827826 0.760196 0.630016 0.684117 0.630041 0.651119 0.818433 0.784476 0.521518 0.615919 0.684018 0.614727 0.835554 0.743871 0.907110 0.805230 0.722915 0.713630 0.766096 0.839396 0.730933 0.801600 0.758364 0.834693 0.760060 0.782857 0.853866 0.736985 0.566782 0.580814 0.862560 0.800278 0.667139 0.632099 0.957793 0.929032 0.851705 0.980688 0.725696 0.760852 0.865064 0.792538 0.710817 0.748650 0.782500 0.996360 0.681143 0.773362 0.634092 0.697700 0.912118 0.814472 0.850453 0.886630 0.896861 0.692073 0.895235 0.928752 0.778623 0.857267
0.727082 0.746197 0.893069 0.892145 0.844107 0.756862 0.968573 0.882402 0.866904 0.852725 0.807261 0.696047 0.786355 0.720601 0.840576 0.785325 0.741100 0.795081 0.887958 0.795323 0.918162 0.931179 0.904419 0.877702 0.979412 0.988753 0.970951 0.967013 0.775164 0.795369 0.814720 0.807966 0.908517 0.773392 0.944793 0.824963 0.849124 0.000000 0.826503 0.977307 0.809176 0.962892 0.895838 0.877018 0.944477 0.913269 0.959848 0.903250 0.957731 0.850399 0.799053 0.895669 0.947170 0.967345 0.925254 0.985098 0.667647 0.701236 0.818277 0.822692 0.817905 0.815680 0.730000 0.689086 0.842379 0.854203 0.917198 0.813594 0.957238 0.916209 0.985552 0.996085 0.820859 0.869220 0.943859 0.917712 0.923778 0.636310 0.894088 0.885261 0.920396 0.959951 0.820384 0.967580 0.928883 0.924728 0.776156 0.996304 0.958108 0.990955 0.910215 0.960441 0.965320 0.920884 0.962815 0.877719 0.835830 0.897241 0.853114 0.955379 0.899357 0.910819 0.849468 0.912451 0.997737 0.906106 0.912698 0.897776 0.932660 0.680183 0.966646 0.932301 0.966422 0.914071 0.819439 0.908751
