0.000000 0.161473 0.329110 0.314369 0.599383 0.584288 0.257435 0.213346 0.420977 0.327772 0.158278 0.146959 0.129292 0.227757 0.205502 0.256692 0.173632 0.159287 0.162800 0.180171 0.527920 0.858643 0.331126 0.511049 0.726039 0.719464 0.917527 0.843482 0.215334 0.210731 0.285562 0.412453 0.155511 0.175216 0.496345 0.644847 0.357908 0.426265 0.714690 0.665446 0.635690 0.528313 0.266798 0.236836 0.263312 0.227163 0.245136 0.249681 0.745195 0.399555 0.500157 0.404076 0.554956 0.608499 0.496574 0.519026 0.187489 0.162692 0.194667 0.221735 0.122876 0.183671 0.127700 0.136497 0.370664 0.281677 0.288723 0.305149 0.320829 0.213094 0.291832 0.263190 0.454037 0.481894 0.660018 0.580113 0.392296 0.302270 0.211771 0.235011 0.153235 0.212376 0.435418 0.348297 0.240969 0.420917 0.996547 0.821059 0.423781 0.511815 0.598395 0.691706 0.613833 0.764082 0.518520 0.549475 0.357092 0.536047 0.245583 0.246885 0.549650 0.563606 0.262737 0.317446 0.299820 0.286006 0.730138 0.622110 0.658826 0.451153 0.659339 0.365910 0.368002 0.488119 0.398760 0.975236
0.161473 0.000000 0.479956 0.394093 0.589073 0.596344 0.366003 0.250769 0.449152 0.376674 0.226109 0.134013 0.140989 0.155353 0.175863 0.199231 0.162487 0.127623 0.189142 0.175613 0.529091 0.861978 0.315527 0.447333 0.675528 0.789870 0.968042 0.874472 0.177134 0.195965 0.335356 0.427628 0.220671 0.226799 0.581855 0.673721 0.374486 0.454642 0.793785 0.701178 0.607023 0.488646 0.269673 0.233805 0.278176 0.259462 0.276469 0.259636 0.743404 0.458969 0.570433 0.475665 0.646042 0.751241 0.630102 0.662326 0.111345 0.101652 0.281443 0.301243 0.200340 0.217124 0.146349 0.124435 0.484311 0.393267 0.414026 0.389690 0.371042 0.284685 0.247969 0.270795 0.551300 0.602475 0.730846 0.609929 0.324421 0.284779 0.266500 0.231438 0.162605 0.222200 0.355546 0.336549 0.290792 0.404673 0.923255 0.843277 0.522068 0.558473 0.666531 0.721712 0.681494 0.840770 0.505242 0.542310 0.380933 0.501359 0.283834 0.239442 0.586963 0.708019 0.289787 0.297751 0.321795 0.289787 0.815483 0.632111 0.638065 0.468566 0.590444 0.365502 0.432454 0.435871 0.417777 0.901003
0.329110 0.479956 0.000000 0.142901 0.615581 0.609860 0.139575 0.227117 0.455976 0.340615 0.337595 0.370646 0.333899 0.458472 0.394325 0.379693 0.405122 0.376244 0.245060 0.317924 0.484756 0.825704 0.262100 0.445406 0.534574 0.418926 0.969952 0.811018 0.431628 0.319479 0.230960 0.369134 0.238360 0.249079 0.429444 0.594048 0.387973 0.458296 0.573583 0.639252 0.711088 0.667570 0.287032 0.299728 0.508355 0.445068 0.381579 0.306401 0.910695 0.591267 0.733764 0.632363 0.632947 0.499634 0.545031 0.642234 0.505488 0.491219 0.333801 0.391408 0.257711 0.355855 0.321039 0.373234 0.177601 0.172206 0.204822 0.257232 0.482181 0.299809 0.363721 0.398163 0.437738 0.454288 0.487254 0.786951 0.468944 0.467111 0.310448 0.456325 0.335945 0.295496 0.557489 0.382079 0.297032 0.418792 0.842464 0.941163 0.441650 0.533425 0.565079 0.628922 0.588431 0.705030 0.601347 0.613422 0.500635 0.663898 0.470925 0.394729 0.615446 0.407266 0.461220 0.351972 0.387757 0.395201 0.763887 0.716514 0.636953 0.466289 0.668086 0.598918 0.444415 0.600091 0.559627 0.944174
0.314369 0.394093 0.142901 0.000000 0.659631 0.519209 0.154347 0.152431 0.472535 0.249040 0.375101 0.286909 0.275141 0.323431 0.291156 0.258549 0.352744 0.307470 0.218862 0.270631 0.444682 0.767444 0.175018 0.321416 0.498868 0.410352 0.968729 0.924424 0.345419 0.245410 0.193828 0.289015 0.192100 0.206175 0.402355 0.544362 0.312860 0.430119 0.524957 0.610637 0.729042 0.543592 0.229838 0.267447 0.454848 0.402436 0.345523 0.244016 0.979126 0.551150 0.699942 0.590813 0.609526 0.506583 0.533158 0.635802 0.440683 0.406682 0.337284 0.400043 0.260076 0.302072 0.266316 0.283324 0.193979 0.168941 0.208558 0.241426 0.531154 0.279381 0.292343 0.362053 0.500799 0.573214 0.466722 0.703422 0.382706 0.396611 0.264488 0.419628 0.247249 0.207442 0.434007 0.271708 0.239314 0.302686 0.832756 0.980037 0.428014 0.443120 0.536376 0.572664 0.533015 0.697882 0.535943 0.499449 0.464522 0.579903 0.413922 0.286778 0.546809 0.419953 0.373323 0.303588 0.329929 0.324796 0.819933 0.678181 0.624386 0.405347 0.621891 0.496349 0.411892 0.492288 0.547468 0.952719
0.599383 0.589073 0.615581 0.659631 0.000000 0.812945 0.599891 0.600481 0.749399 0.685166 0.687916 0.661903 0.617800 0.704770 0.654844 0.675446 0.682464 0.634096 0.541953 0.659959 0.726176 0.830288 0.661347 0.750179 0.871228 0.996383 0.996087 0.789627 0.667237 0.700923 0.759198 0.848343 0.582358 0.635587 0.739488 0.746090 0.752756 0.653773 0.908495 0.758500 0.848420 0.607999 0.563736 0.568920 0.569159 0.651649 0.704607 0.643103 0.869344 0.754857 0.782511 0.760730 0.877084 0.800902 0.869344 0.873185 0.603540 0.643515 0.648972 0.654861 0.583591 0.643430 0.611773 0.626876 0.640488 0.636528 0.633176 0.611070 0.660006 0.692894 0.582343 0.619421 0.877881 0.903214 0.890061 0.966703 0.725467 0.743277 0.723234 0.800285 0.671776 0.690767 0.734900 0.712343 0.671290 0.679864 0.943084 0.972856 0.905179 0.833976 0.667005 0.680310 0.702029 0.713584 0.898312 0.851038 0.700210 0.828659 0.598513 0.569408 0.757501 0.650973 0.600287 0.584831 0.496999 0.694646 0.717300 0.759287 0.850110 0.883641 0.678413 0.662787 0.679664 0.790790 0.661313 0.836081
0.584288 0.596344 0.609860 0.519209 0.812945 0.000000 0.485524 0.434515 0.597468 0.423346 0.630284 0.548345 0.556114 0.623529 0.599825 0.582746 0.620609 0.597022 0.575264 0.570557 0.727303 0.825306 0.566119 0.751830 0.904854 0.621984 0.991062 0.768770 0.618519 0.632462 0.583935 0.630578 0.535564 0.537686 0.577533 0.783595 0.559467 0.891200 0.806225 0.898655 0.879810 0.591138 0.493337 0.578890 0.518846 0.566451 0.528063 0.603406 0.912118 0.819299 0.743433 0.728464 0.774778 0.832114 0.756819 0.704819 0.636396 0.647319 0.614229 0.695716 0.554647 0.590384 0.544509 0.556177 0.636687 0.548269 0.474140 0.461152 0.806096 0.664379 0.476499 0.543549 0.820107 0.917579 0.797091 0.802607 0.634770 0.565648 0.597957 0.728224 0.512164 0.566289 0.803124 0.631150 0.586528 0.704180 0.880104 0.748405 0.759385 0.742012 0.430221 0.486920 0.381816 0.612743 0.732242 0.728998 0.528892 0.716707 0.438170 0.440676 0.513526 0.478601 0.583640 0.538502 0.599282 0.511493 0.917170 0.575889 0.857964 0.699478 0.711220 0.489429 0.561429 0.722086 0.649166 0.931292
0.257435 0.366003 0.139575 0.154347 0.599891 0.485524 0.000000 0.141439 0.408847 0.222633 0.297293 0.293366 0.270630 0.381066 0.340548 0.332348 0.305507 0.276301 0.175430 0.267639 0.496119 0.840488 0.252080 0.478454 0.653809 0.530853 0.936035 0.778761 0.350316 0.267829 0.237588 0.357942 0.184485 0.178148 0.415353 0.589222 0.366001 0.456378 0.565624 0.641231 0.699095 0.534262 0.198640 0.199875 0.333913 0.298450 0.309952 0.239052 0.999051 0.569517 0.646042 0.555285 0.601439 0.503997 0.522173 0.659235 0.364590 0.373017 0.253317 0.339062 0.177674 0.289345 0.226580 0.274659 0.222155 0.156389 0.148185 0.162129 0.464134 0.288199 0.282499 0.279114 0.441727 0.476781 0.513256 0.724930 0.408834 0.356744 0.282913 0.391962 0.233466 0.239417 0.530047 0.360076 0.284083 0.428886 0.930098 0.840066 0.409308 0.576226 0.482634 0.522553 0.482012 0.626806 0.584962 0.524730 0.390548 0.567510 0.315719 0.255752 0.509879 0.331086 0.365212 0.285066 0.318846 0.310878 0.764683 0.613540 0.569082 0.398283 0.557943 0.434852 0.319429 0.483004 0.485500 0.909908
0.213346 0.250769 0.227117 0.152431 0.600481 0.434515 0.141439 0.000000 0.383546 0.164693 0.302967 0.184936 0.186885 0.227735 0.225502 0.219162 0.233785 0.207406 0.179579 0.214214 0.456611 0.780412 0.209630 0.400864 0.643974 0.555953 0.924627 0.897457 0.251898 0.208142 0.237104 0.339765 0.148716 0.156357 0.377688 0.519437 0.333000 0.410922 0.643492 0.635615 0.642523 0.490172 0.172626 0.194715 0.254110 0.244979 0.271615 0.220340 0.844616 0.470732 0.538140 0.436204 0.532714 0.515275 0.519303 0.614587 0.294583 0.273224 0.256279 0.307531 0.168699 0.187091 0.178086 0.163366 0.279931 0.189755 0.178439 0.197310 0.485917 0.249893 0.249466 0.288388 0.483244 0.580615 0.566884 0.654809 0.320134 0.269180 0.225903 0.359265 0.161676 0.182327 0.400656 0.282793 0.230271 0.347181 0.999365 0.865029 0.435149 0.460094 0.403208 0.456699 0.402411 0.599237 0.478123 0.422260 0.324943 0.486500 0.225238 0.156648 0.391253 0.393014 0.262589 0.233655 0.255257 0.253998 0.752039 0.509106 0.577637 0.389162 0.533420 0.346709 0.312949 0.409938 0.453534 0.957397
0.420977 0.449152 0.455976 0.472535 0.749399 0.597468 0.408847 0.383546 0.000000 0.363583 0.414525 0.405863 0.426961 0.526522 0.507171 0.498385 0.458934 0.455671 0.445014 0.406841 0.718143 0.964406 0.537635 0.754290 0.780888 0.761740 0.834565 0.838640 0.464455 0.468228 0.480804 0.617011 0.405167 0.424905 0.593266 0.718338 0.535390 0.622631 0.902892 0.728696 0.732037 0.754479 0.468534 0.455987 0.462004 0.453457 0.464650 0.489817 0.929611 0.631461 0.686753 0.593835 0.697536 0.711782 0.719506 0.675839 0.485706 0.468854 0.460502 0.442957 0.372920 0.378050 0.460033 0.451285 0.500279 0.434652 0.451135 0.446272 0.459138 0.465468 0.469354 0.499784 0.456430 0.499680 0.777710 0.641913 0.473165 0.417358 0.554343 0.529304 0.458057 0.494728 0.742400 0.635288 0.571710 0.729100 0.868709 0.572797 0.661388 0.757439 0.547919 0.542602 0.549687 0.562050 0.650684 0.599486 0.631025 0.781104 0.394908 0.436556 0.593462 0.526176 0.556620 0.415177 0.480695 0.556244 0.801747 0.641962 0.773963 0.568586 0.578488 0.603113 0.453895 0.664845 0.531779 0.812640
0.327772 0.376674 0.340615 0.249040 0.685166 0.423346 0.222633 0.164693 0.363583 0.000000 0.364532 0.284858 0.307974 0.356797 0.328445 0.335627 0.313820 0.304343 0.292465 0.324379 0.577436 0.781215 0.331823 0.544726 0.763920 0.601973 0.876513 0.910398 0.354214 0.297682 0.347593 0.436709 0.262891 0.260280 0.388013 0.602669 0.436732 0.533207 0.696312 0.664289 0.738192 0.485284 0.296446 0.320652 0.354763 0.367336 0.437158 0.353153 0.955664 0.614942 0.658744 0.557634 0.613434 0.615671 0.621122 0.670018 0.395458 0.414028 0.400460 0.456306 0.283107 0.289270 0.311524 0.288749 0.373209 0.260303 0.281278 0.305025 0.526248 0.379156 0.323008 0.373236 0.442415 0.548277 0.620390 0.567563 0.387801 0.290433 0.341019 0.459725 0.255394 0.298653 0.512376 0.392237 0.410992 0.542902 0.970569 0.754675 0.563892 0.626325 0.395174 0.412787 0.381094 0.525205 0.574056 0.428394 0.421171 0.574963 0.245796 0.219149 0.477937 0.401711 0.408420 0.288746 0.368577 0.375163 0.772015 0.524318 0.702420 0.453933 0.530608 0.399697 0.340186 0.460377 0.529276 0.998098
0.158278 0.226109 0.337595 0.375101 0.687916 0.630284 0.297293 0.302967 0.414525 0.364532 0.000000 0.175586 0.182728 0.288738 0.273274 0.284458 0.178846 0.176721 0.194629 0.184157 0.560189 0.874149 0.390654 0.516146 0.736405 0.677205 0.934250 0.808836 0.235824 0.203406 0.314636 0.375815 0.219226 0.206390 0.570904 0.700258 0.434375 0.528207 0.760751 0.644965 0.592572 0.593623 0.361959 0.302659 0.426485 0.360161 0.352964 0.354040 0.965901 0.583453 0.690110 0.596035 0.692476 0.781985 0.620467 0.607871 0.218773 0.226544 0.281491 0.315391 0.174147 0.258421 0.185001 0.204960 0.428670 0.300486 0.349250 0.381157 0.263956 0.251279 0.346008 0.309483 0.376916 0.404603 0.729665 0.564030 0.407435 0.308392 0.240320 0.208079 0.204568 0.244947 0.499430 0.423383 0.372802 0.536969 0.978974 0.788265 0.475788 0.647963 0.720479 0.812629 0.749423 0.871175 0.622436 0.617649 0.440702 0.610856 0.358394 0.342434 0.630696 0.615673 0.365169 0.344939 0.402523 0.359121 0.774285 0.792268 0.718096 0.495056 0.728803 0.497528 0.477197 0.502842 0.443137 0.899052
0.146959 0.134013 0.370646 0.286909 0.661903 0.548345 0.293366 0.184936 0.405863 0.284858 0.175586 0.000000 0.107827 0.129583 0.133814 0.140066 0.128893 0.101291 0.157463 0.141530 0.516608 0.831399 0.257864 0.381111 0.660950 0.685578 0.952619 0.940970 0.131417 0.127550 0.267446 0.328960 0.146853 0.176490 0.547531 0.654159 0.342456 0.463377 0.727965 0.640041 0.587231 0.498771 0.271165 0.240939 0.323213 0.268245 0.274469 0.268174 0.802269 0.478530 0.588674 0.478934 0.618872 0.687256 0.584437 0.641855 0.161813 0.140489 0.274750 0.293927 0.160924 0.161110 0.117589 0.093214 0.422235 0.282106 0.347521 0.358682 0.364192 0.214650 0.262455 0.254144 0.473188 0.554439 0.686285 0.556856 0.302509 0.226868 0.192018 0.214377 0.123815 0.162320 0.316213 0.259373 0.252881 0.352820 0.972981 0.904214 0.447892 0.529380 0.637116 0.705218 0.644956 0.836714 0.472874 0.485652 0.397146 0.484360 0.282039 0.226594 0.538992 0.607504 0.274044 0.274054 0.297808 0.294191 0.798212 0.649677 0.663960 0.406476 0.655154 0.384016 0.400543 0.411750 0.432248 0.943172
0.129292 0.140989 0.333899 0.275141 0.617800 0.556114 0.270630 0.186885 0.426961 0.307974 0.182728 0.107827 0.000000 0.133777 0.120607 0.148085 0.152236 0.121875 0.161262 0.174982 0.455899 0.853317 0.230132 0.355762 0.628826 0.660428 0.973450 0.916418 0.168540 0.147224 0.241876 0.345668 0.151642 0.185362 0.541114 0.650103 0.303903 0.402538 0.704976 0.640371 0.604798 0.469533 0.241450 0.228883 0.305481 0.257355 0.244988 0.243357 0.787077 0.425380 0.554458 0.436562 0.614075 0.629082 0.576509 0.609432 0.174970 0.144728 0.254141 0.268311 0.144390 0.174283 0.106514 0.102387 0.361320 0.285185 0.332835 0.347155 0.404042 0.255864 0.261238 0.273886 0.495841 0.533306 0.660171 0.581804 0.351108 0.250289 0.189571 0.229742 0.132090 0.170815 0.333884 0.278080 0.201542 0.324124 0.998859 0.928247 0.424912 0.467137 0.631272 0.694097 0.635106 0.829840 0.454769 0.485364 0.361476 0.490805 0.288676 0.245654 0.583734 0.595952 0.259097 0.273587 0.297878 0.272400 0.732600 0.638488 0.624315 0.417342 0.659860 0.407046 0.400856 0.422996 0.419677 0.966395
0.227757 0.155353 0.458472 0.323431 0.704770 0.623529 0.381066 0.227735 0.526522 0.356797 0.288738 0.129583 0.133777 0.000000 0.124765 0.126985 0.184968 0.148581 0.233036 0.220769 0.469243 0.829944 0.236119 0.298284 0.597326 0.675911 0.984041 0.962684 0.148898 0.150323 0.258262 0.324883 0.188950 0.231232 0.549200 0.650300 0.364863 0.454101 0.730044 0.626061 0.654580 0.474099 0.283690 0.277353 0.360398 0.301948 0.275945 0.271427 0.745333 0.466105 0.580719 0.478187 0.598194 0.676416 0.595696 0.663008 0.197476 0.168547 0.322290 0.342673 0.231396 0.206670 0.154869 0.114056 0.451394 0.351511 0.413064 0.416062 0.473544 0.305263 0.314068 0.365294 0.572367 0.683010 0.732963 0.616608 0.324328 0.251401 0.221844 0.263776 0.162426 0.180263 0.237883 0.256445 0.228221 0.267232 0.985781 0.946861 0.464546 0.450583 0.716553 0.767311 0.718875 0.938144 0.446160 0.481835 0.400764 0.446950 0.372627 0.282503 0.587290 0.694362 0.271480 0.310123 0.347273 0.316140 0.805834 0.641209 0.640008 0.439556 0.656548 0.432360 0.456064 0.396924 0.490384 0.982855
0.205502 0.175863 0.394325 0.291156 0.654844 0.599825 0.340548 0.225502 0.507171 0.328445 0.273274 0.133814 0.120607 0.124765 0.000000 0.140704 0.190140 0.154710 0.216073 0.218764 0.433260 0.819957 0.216217 0.322306 0.559077 0.649262 0.931647 0.979729 0.182912 0.153148 0.252139 0.341109 0.187772 0.225337 0.555315 0.665859 0.310750 0.423333 0.718071 0.622655 0.642276 0.481924 0.272114 0.251701 0.361481 0.302281 0.293533 0.249435 0.767841 0.435290 0.587735 0.461156 0.618656 0.613138 0.583035 0.635525 0.212815 0.180163 0.327318 0.338079 0.219876 0.204027 0.160079 0.132508 0.374491 0.317316 0.403328 0.416988 0.478885 0.299829 0.292731 0.321248 0.542646 0.643425 0.708522 0.615649 0.339802 0.265632 0.193842 0.272216 0.163352 0.186575 0.308223 0.273184 0.214656 0.280062 0.904649 0.961689 0.441952 0.426369 0.662593 0.709946 0.673040 0.876494 0.437061 0.431711 0.404658 0.472794 0.334345 0.266616 0.635576 0.636079 0.299316 0.289123 0.311633 0.310147 0.737154 0.650663 0.655440 0.445766 0.671411 0.413913 0.424913 0.389206 0.481643 0.988009
0.256692 0.199231 0.379693 0.258549 0.675446 0.582746 0.332348 0.219162 0.498385 0.335627 0.284458 0.140066 0.148085 0.126985 0.140704 0.000000 0.186384 0.142617 0.200125 0.188447 0.458374 0.826286 0.169613 0.250023 0.549854 0.619645 0.966438 0.965821 0.155485 0.125383 0.244435 0.285651 0.185790 0.217315 0.573949 0.646994 0.308817 0.467180 0.669586 0.621358 0.636803 0.451936 0.252183 0.239078 0.429130 0.345927 0.308891 0.264903 0.887167 0.525182 0.677463 0.562825 0.664347 0.697841 0.686232 0.716021 0.217427 0.195335 0.357581 0.386373 0.235631 0.213874 0.170129 0.135453 0.386655 0.281852 0.383031 0.391542 0.473126 0.308715 0.259938 0.324780 0.552246 0.651858 0.676073 0.614264 0.316729 0.241683 0.210977 0.264823 0.158471 0.163513 0.254090 0.240865 0.241466 0.255262 0.941311 0.913864 0.486912 0.464643 0.700981 0.727517 0.712663 0.898738 0.485177 0.447663 0.477573 0.484603 0.399741 0.281641 0.632645 0.642552 0.285765 0.264732 0.323450 0.302831 0.815261 0.740979 0.634649 0.434817 0.682220 0.458205 0.458130 0.422481 0.498446 0.958873
0.173632 0.162487 0.405122 0.352744 0.682464 0.620609 0.305507 0.233785 0.458934 0.313820 0.178846 0.128893 0.152236 0.184968 0.190140 0.186384 0.000000 0.104016 0.170859 0.166060 0.541687 0.836796 0.313895 0.425429 0.695938 0.725223 0.946178 0.859632 0.141346 0.131232 0.299895 0.334917 0.189115 0.163830 0.566939 0.674250 0.385037 0.489620 0.745487 0.675604 0.562789 0.508822 0.295263 0.235244 0.362001 0.297628 0.302106 0.303141 0.896387 0.554664 0.687096 0.561126 0.707666 0.754727 0.676590 0.706953 0.149950 0.151876 0.290756 0.330626 0.183061 0.200027 0.142618 0.130792 0.448381 0.298895 0.372483 0.362681 0.349199 0.227120 0.312531 0.302382 0.436593 0.501059 0.729334 0.538862 0.353183 0.261467 0.188894 0.189376 0.125080 0.179022 0.366011 0.315715 0.317031 0.417654 0.986719 0.913188 0.463489 0.604779 0.714738 0.754878 0.722753 0.838769 0.492231 0.521323 0.411741 0.462847 0.346378 0.254594 0.651572 0.625194 0.318051 0.289474 0.348884 0.324102 0.826526 0.663855 0.690027 0.422004 0.614731 0.399274 0.456405 0.366978 0.488480 0.844898
0.159287 0.127623 0.376244 0.307470 0.634096 0.597022 0.276301 0.207406 0.455671 0.304343 0.176721 0.101291 0.121875 0.148581 0.154710 0.142617 0.104016 0.000000 0.136224 0.135592 0.502215 0.859706 0.260134 0.374888 0.664189 0.720656 0.961331 0.852892 0.122140 0.105498 0.278145 0.324262 0.154982 0.153308 0.546685 0.693653 0.347791 0.458578 0.724730 0.656729 0.620814 0.455611 0.258047 0.204212 0.342703 0.275241 0.293685 0.254260 0.883280 0.531428 0.663808 0.547521 0.665209 0.728215 0.619878 0.700647 0.117449 0.124642 0.285462 0.325951 0.164425 0.193571 0.109828 0.102160 0.417287 0.291988 0.353892 0.351528 0.334678 0.234359 0.257791 0.242334 0.453494 0.518300 0.666254 0.590545 0.322943 0.223789 0.171561 0.174971 0.100674 0.142748 0.303152 0.258262 0.264763 0.357149 0.970740 0.948539 0.460647 0.566838 0.683645 0.723912 0.691595 0.846811 0.508375 0.504557 0.405461 0.485565 0.321773 0.229520 0.617547 0.611035 0.285593 0.256996 0.310009 0.295105 0.803992 0.704491 0.653354 0.408366 0.623609 0.369392 0.405035 0.385084 0.447844 0.912009
0.162800 0.189142 0.245060 0.218862 0.541953 0.575264 0.175430 0.179579 0.445014 0.292465 0.194629 0.157463 0.161262 0.233036 0.216073 0.200125 0.170859 0.136224 0.000000 0.135494 0.499437 0.858817 0.219127 0.375138 0.585786 0.629618 0.961755 0.748328 0.189258 0.160927 0.213472 0.290544 0.140284 0.131743 0.475342 0.598028 0.344781 0.451295 0.597306 0.645066 0.667006 0.468693 0.215911 0.185713 0.357635 0.309422 0.291755 0.211804 0.968590 0.551333 0.701260 0.588255 0.688254 0.666026 0.609395 0.750438 0.194215 0.213635 0.260842 0.316937 0.146253 0.237407 0.127094 0.157447 0.318462 0.214528 0.261888 0.264303 0.346495 0.231625 0.198460 0.237961 0.461964 0.512304 0.604795 0.641486 0.353062 0.282794 0.211076 0.245352 0.139273 0.164015 0.355312 0.276530 0.259022 0.347666 0.931232 0.877129 0.465063 0.603228 0.646236 0.703219 0.661874 0.811433 0.548027 0.548361 0.394550 0.481768 0.338033 0.242688 0.624013 0.517612 0.324797 0.270697 0.311573 0.298637 0.755655 0.705242 0.613851 0.418958 0.589848 0.398824 0.415854 0.465771 0.424720 0.919037
0.180171 0.175613 0.317924 0.270631 0.659959 0.570557 0.267639 0.214214 0.406841 0.324379 0.184157 0.141530 0.174982 0.220769 0.218764 0.188447 0.166060 0.135592 0.135494 0.000000 0.492630 0.838422 0.260961 0.374365 0.593656 0.644101 0.973511 0.823602 0.182597 0.148348 0.243216 0.278092 0.180079 0.155755 0.541642 0.618603 0.349639 0.485615 0.702495 0.688453 0.593198 0.557286 0.272945 0.228866 0.412728 0.336823 0.331607 0.282424 0.985401 0.582334 0.741258 0.633381 0.717972 0.757314 0.643781 0.729078 0.193338 0.195992 0.313100 0.364493 0.198158 0.234715 0.158729 0.164159 0.405936 0.288011 0.331377 0.343974 0.318347 0.241746 0.227425 0.275539 0.415531 0.480996 0.665275 0.607535 0.358188 0.270265 0.205038 0.210466 0.152298 0.178251 0.393136 0.308730 0.323031 0.390503 0.903819 0.877630 0.496605 0.637235 0.687598 0.755407 0.711679 0.858550 0.510059 0.579125 0.482085 0.568820 0.374786 0.289403 0.630396 0.592820 0.361744 0.301211 0.373425 0.299475 0.817813 0.750987 0.639639 0.440021 0.609975 0.417513 0.464893 0.462543 0.444336 0.935816
0.527920 0.529091 0.484756 0.444682 0.726176 0.727303 0.496119 0.456611 0.718143 0.577436 0.560189 0.516608 0.455899 0.469243 0.433260 0.458374 0.541687 0.502215 0.499437 0.492630 0.000000 0.742278 0.445199 0.489802 0.502960 0.663996 0.959811 0.983850 0.538145 0.475074 0.468819 0.562642 0.486288 0.472112 0.688800 0.843249 0.522840 0.576166 0.658100 0.776799 0.766772 0.636942 0.500763 0.495285 0.640233 0.565856 0.539545 0.487887 0.922763 0.615473 0.749126 0.703457 0.787889 0.681547 0.545347 0.729075 0.581679 0.530535 0.536631 0.556188 0.502666 0.515554 0.469851 0.470086 0.509787 0.553352 0.549486 0.564535 0.700042 0.602114 0.570981 0.578812 0.663837 0.828665 0.763673 0.909373 0.577809 0.520868 0.462116 0.590964 0.488834 0.458611 0.595410 0.535035 0.458273 0.525916 0.980970 0.959406 0.706977 0.530166 0.720323 0.764514 0.706282 0.922136 0.627060 0.508619 0.650578 0.703387 0.656678 0.560641 0.781335 0.701649 0.500931 0.543492 0.537174 0.480332 0.829626 0.838193 0.527508 0.615256 0.728516 0.714228 0.586924 0.621824 0.654327 0.890719
0.858643 0.861978 0.825704 0.767444 0.830288 0.825306 0.840488 0.780412 0.964406 0.781215 0.874149 0.831399 0.853317 0.829944 0.819957 0.826286 0.836796 0.859706 0.858817 0.838422 0.742278 0.000000 0.800720 0.843337 0.930092 0.852666 0.792857 0.949008 0.830668 0.803318 0.823912 0.811385 0.838471 0.779488 0.919526 0.839688 0.783422 0.753133 0.837609 0.743890 0.886949 0.855602 0.761191 0.763994 0.868051 0.899527 0.901334 0.900190 0.949049 0.936743 0.976297 0.900906 0.897599 0.897795 0.875545 0.900692 0.888432 0.900544 0.851359 0.946608 0.899074 0.874366 0.859527 0.847064 0.836580 0.810844 0.837048 0.843089 0.964062 0.808731 0.782366 0.868561 0.875091 0.995933 0.856518 0.764614 0.858539 0.835649 0.787957 0.868614 0.842172 0.841119 0.821442 0.821810 0.869255 0.849325 0.943140 0.948292 0.862834 0.935668 0.920591 0.916342 0.912348 0.883482 0.887408 0.689501 0.936724 0.910075 0.810276 0.785957 0.834255 0.785361 0.795275 0.745342 0.792485 0.789170 0.969533 0.944822 0.894197 0.823028 0.867218 0.879730 0.874192 0.831382 0.809336 0.962265
0.331126 0.315527 0.262100 0.175018 0.661347 0.566119 0.252080 0.209630 0.537635 0.331823 0.390654 0.257864 0.230132 0.236119 0.216217 0.169613 0.313895 0.260134 0.219127 0.260961 0.445199 0.800720 0.000000 0.194294 0.452957 0.491142 0.919929 0.940114 0.285066 0.219151 0.184453 0.246562 0.217446 0.250945 0.530903 0.538897 0.279837 0.449879 0.601777 0.670078 0.728471 0.447434 0.241108 0.285863 0.494940 0.433303 0.365806 0.279810 0.978237 0.583283 0.758991 0.641809 0.664502 0.564785 0.671207 0.784335 0.357372 0.345528 0.431121 0.491110 0.298118 0.334494 0.240195 0.248990 0.244107 0.246059 0.342870 0.380149 0.600854 0.386957 0.227376 0.354451 0.584528 0.645684 0.608954 0.754599 0.361595 0.328927 0.281611 0.403671 0.229983 0.210985 0.325946 0.264591 0.193208 0.204624 0.827179 0.898869 0.459104 0.479389 0.631754 0.658613 0.635221 0.829639 0.517615 0.450952 0.489336 0.513435 0.455396 0.313101 0.647543 0.565332 0.398785 0.320736 0.391482 0.320819 0.861521 0.704589 0.627165 0.480898 0.689470 0.506596 0.434322 0.526903 0.514797 0.951793
0.511049 0.447333 0.445406 0.321416 0.750179 0.751830 0.478454 0.400864 0.754290 0.544726 0.516146 0.381111 0.355762 0.298284 0.322306 0.250023 0.425429 0.374888 0.375138 0.374365 0.489802 0.843337 0.194294 0.000000 0.369731 0.582530 0.919570 0.952798 0.355814 0.293715 0.328801 0.278213 0.374534 0.400899 0.691754 0.624972 0.420651 0.555490 0.654688 0.750805 0.803489 0.597548 0.436676 0.480343 0.740967 0.667089 0.523157 0.464391 0.881682 0.759533 0.931323 0.830640 0.849311 0.764759 0.828029 0.944074 0.471040 0.460047 0.644574 0.686962 0.498925 0.494317 0.374962 0.374170 0.434381 0.427047 0.567111 0.634342 0.702803 0.521488 0.394013 0.548838 0.670545 0.733839 0.722191 0.802012 0.492553 0.469776 0.380005 0.465686 0.363074 0.310450 0.338875 0.337217 0.338678 0.239815 0.780781 0.716131 0.560182 0.526934 0.871397 0.914536 0.876497 0.919099 0.626885 0.544315 0.668773 0.565949 0.704500 0.514540 0.765293 0.797060 0.570416 0.480539 0.534368 0.498998 0.986370 0.882889 0.660789 0.606484 0.777137 0.665803 0.667270 0.543966 0.714680 0.992240
0.726039 0.675528 0.534574 0.498868 0.871228 0.904854 0.653809 0.643974 0.780888 0.763920 0.736405 0.660950 0.628826 0.597326 0.559077 0.549854 0.695938 0.664189 0.585786 0.593656 0.502960 0.930092 0.452957 0.369731 0.000000 0.470878 0.758612 0.981232 0.622878 0.562439 0.450192 0.546655 0.639003 0.637038 0.718270 0.835910 0.594833 0.754988 0.613720 0.892345 0.823026 0.841746 0.636374 0.690279 0.921608 0.850478 0.637179 0.574449 0.841508 0.757305 0.977459 0.891249 0.948952 0.784380 0.797831 0.944623 0.753277 0.692741 0.784686 0.762780 0.727232 0.723246 0.671333 0.670654 0.528782 0.619057 0.740022 0.774638 0.738849 0.686533 0.632528 0.699909 0.593256 0.727769 0.750767 0.935069 0.681965 0.734587 0.613625 0.681328 0.641408 0.560265 0.643398 0.589772 0.571620 0.487701 0.799481 0.886903 0.795451 0.615173 0.982481 0.994580 0.939613 0.893998 0.724135 0.750086 0.816382 0.758767 0.896381 0.781466 0.960202 0.893847 0.848085 0.711410 0.713426 0.690383 0.935059 0.980312 0.676887 0.689226 0.806712 0.878571 0.866365 0.741797 0.858341 0.863667
0.719464 0.789870 0.418926 0.410352 0.996383 0.621984 0.530853 0.555953 0.761740 0.601973 0.677205 0.685578 0.660428 0.675911 0.649262 0.619645 0.725223 0.720656 0.629618 0.644101 0.663996 0.852666 0.491142 0.582530 0.470878 0.000000 0.680922 0.811146 0.697406 0.620560 0.413737 0.506800 0.576805 0.577627 0.477903 0.669153 0.612882 0.843361 0.631196 0.731318 0.920917 0.795325 0.602950 0.657959 0.851540 0.777185 0.577951 0.568991 0.850491 0.800619 0.952351 0.839939 0.786141 0.768728 0.697615 0.721240 0.852055 0.792771 0.641154 0.680541 0.638357 0.677783 0.668455 0.699259 0.430217 0.447429 0.519083 0.535201 0.766994 0.643659 0.701411 0.739225 0.653875 0.756402 0.553027 0.922781 0.738404 0.765371 0.602185 0.720526 0.621607 0.562227 0.718177 0.628197 0.536943 0.540874 0.870732 0.890765 0.604104 0.577947 0.876594 0.917507 0.813866 0.981921 0.667795 0.823436 0.717242 0.867764 0.833839 0.717237 0.885770 0.714280 0.777027 0.672308 0.802471 0.673321 0.806162 0.921444 0.851894 0.669243 0.979780 0.834554 0.797081 0.813388 0.698804 0.966730
0.917527 0.968042 0.969952 0.968729 0.996087 0.991062 0.936035 0.924627 0.834565 0.876513 0.934250 0.952619 0.973450 0.984041 0.931647 0.966438 0.946178 0.961331 0.961755 0.973511 0.959811 0.792857 0.919929 0.919570 0.758612 0.680922 0.000000 0.918239 0.993467 0.970579 0.878792 0.926851 0.941998 0.989840 0.909407 0.944028 0.985350 0.941222 0.996068 0.902292 0.966899 0.936568 0.943808 0.926277 0.936536 0.930363 0.974249 0.946029 0.989931 0.942137 0.903177 0.987100 0.932798 0.910004 0.940244 0.981333 0.975465 0.976810 0.949287 0.924989 0.899728 0.899323 0.940354 0.926949 0.884836 0.986411 0.949102 0.945434 0.940702 0.906234 0.943223 0.990818 0.977754 0.992557 0.890672 0.987706 0.971381 0.852755 0.931977 0.976520 0.941176 0.945298 0.964215 0.970304 0.965569 0.899182 0.874881 0.822049 0.925883 0.877138 0.792806 0.852288 0.792364 0.818930 0.931994 0.907022 0.904570 0.974391 0.850944 0.940813 0.888327 0.970138 0.895068 0.985865 0.856457 0.995653 0.977319 0.836942 0.927785 0.908224 0.890580 0.965099 0.911804 0.978754 0.991608 0.955850
0.843482 0.874472 0.811018 0.924424 0.789627 0.768770 0.778761 0.897457 0.838640 0.910398 0.808836 0.940970 0.916418 0.962684 0.979729 0.965821 0.859632 0.852892 0.748328 0.823602 0.983850 0.949008 0.940114 0.952798 0.981232 0.811146 0.918239 0.000000 0.921612 0.886885 0.940799 0.959223 0.919037 0.823772 0.942399 0.821986 0.886139 0.786978 0.791549 0.951423 0.844762 0.879858 0.834888 0.801347 0.895116 0.877962 0.933796 0.805519 0.816863 0.930437 0.953860 0.977781 0.952887 0.898704 0.959903 0.785294 0.816250 0.880907 0.920330 0.945467 0.819803 0.923836 0.889506 0.931060 0.871542 0.872556 0.834975 0.871084 0.844633 0.875255 0.848504 0.823247 0.729341 0.696533 0.932756 0.982351 0.891822 0.931784 0.927796 0.892585 0.916673 0.952052 0.981975 0.941340 0.999511 0.937633 0.958243 0.860054 0.969531 0.898554 0.906336 0.894862 0.979576 0.831933 0.892370 0.963485 0.983273 0.940674 0.875527 0.937623 0.907511 0.833769 0.928170 0.876567 0.880887 0.925974 0.868070 0.953511 0.946635 0.964646 0.700969 0.978017 0.905755 0.949490 0.911696 0.998380
0.215334 0.177134 0.431628 0.345419 0.667237 0.618519 0.350316 0.251898 0.464455 0.354214 0.235824 0.131417 0.168540 0.148898 0.182912 0.155485 0.141346 0.122140 0.189258 0.182597 0.538145 0.830668 0.285066 0.355814 0.622878 0.697406 0.993467 0.921612 0.000000 0.125419 0.285991 0.307793 0.178357 0.180666 0.565500 0.674243 0.404434 0.539763 0.704341 0.675746 0.666153 0.492569 0.300950 0.249451 0.397184 0.306201 0.271813 0.262613 0.849455 0.527571 0.654856 0.530802 0.639818 0.724575 0.612443 0.709781 0.168612 0.169528 0.310963 0.356071 0.205099 0.198068 0.144227 0.132405 0.452425 0.304431 0.373717 0.387121 0.361252 0.237407 0.334459 0.368129 0.482172 0.565976 0.695761 0.584508 0.362843 0.262589 0.202427 0.226940 0.135429 0.179550 0.288518 0.254234 0.281948 0.328106 0.993225 0.999289 0.518662 0.529785 0.764045 0.803468 0.756647 0.940742 0.494613 0.521145 0.483247 0.477353 0.404481 0.290156 0.625975 0.630428 0.315414 0.291796 0.349240 0.343610 0.841700 0.785086 0.730543 0.454834 0.599630 0.436074 0.488794 0.377423 0.502096 0.952013
0.210731 0.195965 0.319479 0.245410 0.700923 0.632462 0.267829 0.208142 0.468228 0.297682 0.203406 0.127550 0.147224 0.150323 0.153148 0.125383 0.131232 0.105498 0.160927 0.148348 0.475074 0.803318 0.219151 0.293715 0.562439 0.620560 0.970579 0.886885 0.125419 0.000000 0.226286 0.255167 0.166054 0.156037 0.535357 0.666702 0.327592 0.447425 0.696574 0.662091 0.619120 0.515163 0.247521 0.204346 0.417767 0.313554 0.305449 0.241864 0.943128 0.524702 0.687689 0.566983 0.642107 0.665750 0.632344 0.699481 0.185803 0.190416 0.317088 0.369400 0.190785 0.193712 0.144854 0.133503 0.354123 0.235869 0.347351 0.362882 0.373111 0.236857 0.301362 0.313400 0.399805 0.474153 0.612367 0.561894 0.346283 0.240948 0.157935 0.204869 0.130653 0.150467 0.287299 0.243787 0.267574 0.322554 0.902751 0.959584 0.440963 0.554340 0.737602 0.776384 0.762331 0.903580 0.499583 0.501724 0.477309 0.487419 0.401717 0.267979 0.640441 0.606171 0.339095 0.257537 0.332439 0.304411 0.818174 0.752262 0.645379 0.366510 0.623918 0.428876 0.433153 0.396375 0.498470 0.966955
0.285562 0.335356 0.230960 0.193828 0.759198 0.583935 0.237588 0.237104 0.480804 0.347593 0.314636 0.267446 0.241876 0.258262 0.252139 0.244435 0.299895 0.278145 0.213472 0.243216 0.468819 0.823912 0.184453 0.328801 0.450192 0.413737 0.878792 0.940799 0.285991 0.226286 0.000000 0.234568 0.200260 0.220708 0.464354 0.602214 0.340030 0.523274 0.567935 0.651189 0.711040 0.587756 0.274066 0.282902 0.480502 0.418648 0.327079 0.276728 0.978948 0.587784 0.742020 0.628482 0.631804 0.591992 0.569976 0.676026 0.366463 0.351373 0.341880 0.400502 0.253544 0.319407 0.247291 0.270414 0.286697 0.243850 0.297235 0.333352 0.455984 0.316621 0.307975 0.378596 0.450670 0.537323 0.589762 0.686860 0.432050 0.352682 0.274759 0.339513 0.244407 0.231596 0.380412 0.322053 0.253738 0.332382 0.836282 0.948866 0.380759 0.514054 0.736533 0.785459 0.734995 0.899487 0.526586 0.592534 0.397105 0.559489 0.488399 0.394135 0.693241 0.531732 0.441227 0.382835 0.455016 0.338605 0.728741 0.717978 0.670151 0.461697 0.672311 0.541587 0.491833 0.501352 0.544583 0.994380
0.412453 0.427628 0.369134 0.289015 0.848343 0.630578 0.357942 0.339765 0.617011 0.436709 0.375815 0.328960 0.345668 0.324883 0.341109 0.285651 0.334917 0.324262 0.290544 0.278092 0.562642 0.811385 0.246562 0.278213 0.546655 0.506800 0.926851 0.959223 0.307793 0.255167 0.234568 0.000000 0.300805 0.274042 0.637820 0.613848 0.473865 0.728143 0.698150 0.724276 0.816767 0.631374 0.391898 0.401510 0.653711 0.568737 0.485765 0.379620 0.794751 0.808992 0.947628 0.832720 0.792610 0.801928 0.742329 0.849700 0.421894 0.443407 0.494731 0.562293 0.380694 0.437147 0.308791 0.341222 0.439130 0.322840 0.417549 0.445913 0.570922 0.418446 0.417358 0.511198 0.566345 0.647573 0.653915 0.738185 0.510721 0.384802 0.287875 0.380555 0.272687 0.243046 0.406779 0.307920 0.366378 0.327041 0.863215 0.856580 0.453563 0.626907 0.883159 0.929417 0.858296 0.938834 0.654667 0.597533 0.588931 0.590180 0.650982 0.471943 0.755195 0.677842 0.545647 0.445383 0.578178 0.474745 0.884443 0.900369 0.744538 0.543835 0.718489 0.645492 0.683733 0.566642 0.591885 0.948661
0.155511 0.220671 0.238360 0.192100 0.582358 0.535564 0.184485 0.148716 0.405167 0.262891 0.219226 0.146853 0.151642 0.188950 0.187772 0.185790 0.189115 0.154982 0.140284 0.180079 0.486288 0.838471 0.217446 0.374534 0.639003 0.576805 0.941998 0.919037 0.178357 0.166054 0.200260 0.300805 0.000000 0.128768 0.405569 0.598135 0.336791 0.467853 0.641908 0.593483 0.678519 0.505911 0.231251 0.208639 0.322984 0.263160 0.255543 0.236047 0.866422 0.514520 0.618282 0.512020 0.603133 0.603528 0.491239 0.569780 0.236975 0.218259 0.212463 0.269471 0.130475 0.196447 0.129465 0.140175 0.288087 0.189105 0.224533 0.227233 0.379026 0.213068 0.251913 0.279025 0.475859 0.576602 0.592673 0.713480 0.329437 0.251862 0.186627 0.254653 0.131443 0.138938 0.353456 0.259035 0.196959 0.292084 0.905494 0.955758 0.382733 0.495794 0.591889 0.628442 0.581833 0.749577 0.487176 0.529004 0.393211 0.528449 0.302850 0.226549 0.563600 0.443510 0.265456 0.247710 0.274148 0.318388 0.796800 0.657916 0.685919 0.431274 0.608599 0.368698 0.401469 0.407452 0.448477 0.990269
0.175216 0.226799 0.249079 0.206175 0.635587 0.537686 0.178148 0.156357 0.424905 0.260280 0.206390 0.176490 0.185362 0.231232 0.225337 0.217315 0.163830 0.153308 0.131743 0.155755 0.472112 0.779488 0.250945 0.400899 0.637038 0.577627 0.989840 0.823772 0.180666 0.156037 0.220708 0.274042 0.128768 0.000000 0.382719 0.557655 0.332910 0.450578 0.597675 0.580329 0.689687 0.484908 0.230631 0.196161 0.338915 0.295196 0.280936 0.222205 0.939508 0.542345 0.675107 0.554420 0.624830 0.638661 0.522092 0.611765 0.224587 0.222075 0.219979 0.286325 0.145709 0.208980 0.131861 0.157344 0.285481 0.180698 0.192028 0.209951 0.364882 0.197868 0.277420 0.298719 0.445471 0.552677 0.628906 0.624284 0.343734 0.271990 0.169744 0.243979 0.119748 0.138192 0.372045 0.261110 0.235922 0.331508 0.959780 0.889562 0.411623 0.520142 0.599794 0.657624 0.604333 0.754968 0.494157 0.506362 0.388519 0.460564 0.326132 0.227606 0.565898 0.462122 0.267460 0.221610 0.294709 0.268761 0.806591 0.673322 0.686404 0.429550 0.568878 0.359208 0.390309 0.378475 0.441213 0.937149
0.496345 0.581855 0.429444 0.402355 0.739488 0.577533 0.415353 0.377688 0.593266 0.388013 0.570904 0.547531 0.541114 0.549200 0.555315 0.573949 0.566939 0.546685 0.475342 0.541642 0.688800 0.919526 0.530903 0.691754 0.718270 0.477903 0.909407 0.942399 0.565500 0.535357 0.464354 0.637820 0.405569 0.382719 0.000000 0.469086 0.560305 0.578439 0.662176 0.767676 0.918475 0.686479 0.463474 0.503309 0.511533 0.510382 0.546628 0.472240 0.934929 0.656627 0.697757 0.629395 0.620892 0.694745 0.562205 0.590489 0.603369 0.605960 0.442080 0.489158 0.424876 0.465947 0.485360 0.498710 0.404390 0.370140 0.317537 0.362579 0.600909 0.512052 0.574817 0.625165 0.600045 0.764243 0.709511 0.807139 0.587996 0.557162 0.538769 0.664541 0.444701 0.445224 0.584890 0.530349 0.464018 0.541195 0.951704 0.838850 0.652898 0.614764 0.556995 0.617429 0.540273 0.669053 0.720557 0.705215 0.501697 0.614322 0.477982 0.440006 0.598561 0.567710 0.466115 0.487884 0.507232 0.501234 0.700450 0.588017 0.876044 0.635383 0.672023 0.407991 0.584956 0.682553 0.628101 0.911332
0.644847 0.673721 0.594048 0.544362 0.746090 0.783595 0.589222 0.519437 0.718338 0.602669 0.700258 0.654159 0.650103 0.650300 0.665859 0.646994 0.674250 0.693653 0.598028 0.618603 0.843249 0.839688 0.538897 0.624972 0.835910 0.669153 0.944028 0.821986 0.674243 0.666702 0.602214 0.613848 0.598135 0.557655 0.469086 0.000000 0.605779 0.499517 0.703272 0.900936 0.906671 0.805040 0.527788 0.622086 0.634653 0.659707 0.694072 0.582752 0.932629 0.720538 0.746694 0.692646 0.710508 0.709868 0.857973 0.870589 0.677667 0.698165 0.644733 0.676434 0.584132 0.581621 0.615389 0.612642 0.550411 0.538206 0.501548 0.552056 0.859625 0.666754 0.605655 0.812301 0.849617 0.872007 0.843264 0.744262 0.715177 0.726196 0.713002 0.734945 0.626342 0.634423 0.634709 0.677850 0.544137 0.525058 0.956053 0.976386 0.682860 0.625814 0.710473 0.818152 0.748976 0.813872 0.838415 0.685351 0.628795 0.704137 0.630667 0.573281 0.560767 0.680219 0.589108 0.620122 0.678423 0.576625 0.734737 0.682526 0.866439 0.885771 0.702096 0.674310 0.709068 0.792893 0.589870 0.876445
0.357908 0.374486 0.387973 0.312860 0.752756 0.559467 0.366001 0.333000 0.535390 0.436732 0.434375 0.342456 0.303903 0.364863 0.310750 0.308817 0.385037 0.347791 0.344781 0.349639 0.522840 0.783422 0.279837 0.420651 0.594833 0.612882 0.985350 0.886139 0.404434 0.327592 0.340030 0.473865 0.336791 0.332910 0.560305 0.605779 0.000000 0.377154 0.682531 0.745764 0.688555 0.510781 0.355684 0.369713 0.483257 0.440673 0.451587 0.358637 0.888415 0.562748 0.685962 0.600937 0.738390 0.681525 0.661515 0.686920 0.387422 0.376608 0.423529 0.501991 0.345784 0.358507 0.311075 0.323829 0.343667 0.364379 0.404603 0.446905 0.632707 0.443960 0.335259 0.438213 0.706162 0.720446 0.626202 0.676766 0.392550 0.419143 0.360514 0.496837 0.339652 0.340225 0.454388 0.317270 0.287442 0.372948 0.868842 0.993325 0.556775 0.515638 0.621346 0.662664 0.631162 0.748213 0.445316 0.605619 0.462864 0.552002 0.429745 0.376794 0.660008 0.560131 0.371517 0.446996 0.387140 0.332145 0.893177 0.685158 0.670467 0.572513 0.696658 0.502789 0.478341 0.613960 0.464578 0.933020
0.426265 0.454642 0.458296 0.430119 0.653773 0.891200 0.456378 0.410922 0.622631 0.533207 0.528207 0.463377 0.402538 0.454101 0.423333 0.467180 0.489620 0.458578 0.451295 0.485615 0.576166 0.753133 0.449879 0.555490 0.754988 0.843361 0.941222 0.786978 0.539763 0.447425 0.523274 0.728143 0.467853 0.450578 0.578439 0.499517 0.377154 0.000000 0.685238 0.638464 0.756055 0.626200 0.352781 0.397069 0.443630 0.411282 0.497502 0.420358 0.673020 0.406592 0.493127 0.438801 0.559712 0.462278 0.630725 0.650115 0.478426 0.463445 0.453450 0.478398 0.399803 0.396606 0.417512 0.416403 0.385026 0.462620 0.474670 0.539674 0.668928 0.470395 0.484968 0.571182 0.696906 0.645027 0.797204 0.664008 0.477625 0.588985 0.498969 0.550849 0.481077 0.484796 0.494654 0.487953 0.384658 0.488007 0.969822 0.992078 0.517308 0.520218 0.623498 0.674702 0.721353 0.716269 0.560431 0.487311 0.510595 0.566535 0.454527 0.429420 0.595859 0.646190 0.380761 0.392453 0.423600 0.387345 0.728197 0.536678 0.557962 0.569198 0.693154 0.587371 0.479183 0.624081 0.490756 0.916217
