0.000000 0.299779 0.612798 0.997713 0.751295 0.802027 0.728587 0.795433 0.794141 0.863127 0.444864 0.387506 0.831332 0.687120 0.806988 0.929595 0.462141 0.490561 0.489282 0.344613 0.852923 0.943041 0.593065 0.860864 0.834808 0.818640 0.940322 0.946570 0.551809 0.696673 0.757048 0.753866 0.927889 0.679018 0.796788 0.737393 0.803506 0.904899 0.975362 0.909861 0.848592 0.901768 0.978188 0.679446 0.827250 0.673590 0.714746 0.685599 0.311221 0.370997 0.379366 0.426565 0.571766 0.760416 0.597505 0.471213 0.392505 0.357210 0.266388 0.280086 0.819897 0.468666 0.624966 0.497101 0.702778 0.935700 0.713256 0.810160 0.418876 0.456859 0.944468 0.952658 0.551513 0.578951 0.901062 0.795723 0.633648 0.861417 0.903933 0.760450 0.469391 0.481621 0.866782 0.829187 0.928424 0.998937 0.644597 0.793520 0.971978 0.729105 0.650190 0.481772 0.550538 0.526945 0.960464 0.829362 0.781533 0.921848 0.916313 0.902996 0.715860 0.878699 0.745563 0.691473 0.931425 0.982454 0.869382 0.918062 0.961516 0.928672 0.912063 0.981072 0.741501 0.980879 0.963804 0.862171
0.299779 0.000000 0.573416 0.910638 0.716414 0.725435 0.697230 0.678267 0.699336 0.718508 0.549037 0.322868 0.842468 0.610177 0.906422 0.767972 0.418898 0.405455 0.466799 0.320582 0.727289 0.944858 0.679435 0.931512 0.810373 0.812573 0.906446 0.909933 0.500141 0.582750 0.922797 0.905208 0.768444 0.572725 0.783269 0.724403 0.857130 0.907937 0.941095 0.945748 0.918721 0.982466 0.861157 0.560562 0.940754 0.530205 0.627958 0.543466 0.358096 0.358173 0.365595 0.410532 0.598403 0.739021 0.581652 0.520206 0.293590 0.256596 0.334453 0.312889 0.812551 0.413232 0.509604 0.345878 0.689716 0.965566 0.704477 0.894443 0.511071 0.405900 0.855642 0.712321 0.594721 0.615672 0.787622 0.821645 0.540228 0.735080 0.763399 0.605702 0.331745 0.397692 0.808214 0.729428 0.977543 0.995845 0.670708 0.859051 0.850017 0.780063 0.677546 0.459934 0.520810 0.515520 0.899454 0.780467 0.716177 0.976900 0.827016 0.877996 0.650955 0.940623 0.647298 0.721783 0.875334 0.854052 0.915898 0.973493 0.978201 0.864680 0.818508 0.889068 0.715313 0.910357 0.977616 0.841515
0.612798 0.573416 0.000000 0.691840 0.677120 0.877657 0.507215 0.843545 0.735034 0.731598 0.701461 0.582483 0.857310 0.874216 0.685114 0.942172 0.728743 0.766893 0.860200 0.622650 0.701044 0.949582 0.506595 0.694075 0.584634 0.444740 0.832003 0.952068 0.645945 0.716552 0.652555 0.682078 0.853009 0.916003 0.670307 0.694463 0.819801 0.913429 0.945030 0.859441 0.993119 0.962650 0.810797 0.879586 0.865262 0.801536 0.960347 0.946335 0.548958 0.532251 0.607027 0.643982 0.712358 0.876492 0.754861 0.685413 0.552668 0.539852 0.575270 0.524152 0.887338 0.608176 0.756678 0.603711 0.384896 0.601601 0.569672 0.618826 0.735551 0.556987 0.980232 0.884081 0.895164 0.923787 0.991072 0.961094 0.701770 0.973960 0.991200 0.998402 0.806355 0.906551 0.904543 0.926364 0.596490 0.554533 0.857291 0.701745 0.807087 0.959338 0.674628 0.658800 0.629347 0.677328 0.861860 0.928767 0.844708 0.837249 0.879233 0.877585 0.910584 0.713723 0.796023 0.955147 0.873099 0.868750 0.965568 0.942188 0.972031 0.838447 0.883889 0.972220 0.830699 0.958214 0.757374 0.927161
0.997713 0.910638 0.691840 0.000000 0.877605 0.857806 0.700868 0.724800 0.988510 0.991869 0.895743 0.865695 0.682943 0.646455 0.667152 0.687222 0.969873 0.962357 0.914213 0.935981 0.998147 0.949358 0.587908 0.537856 0.942143 0.792377 0.851037 0.954066 0.893492 0.955204 0.933006 0.893360 0.768468 0.845183 0.923956 0.939881 0.931562 0.849457 0.977596 0.986636 0.832546 0.892442 0.985320 0.947861 0.888726 0.908065 0.954766 0.735792 0.966237 0.998684 0.878358 0.881203 0.845354 0.886766 0.964012 0.984571 0.990327 0.943005 0.965775 0.987190 0.639414 0.815575 0.971008 0.854667 0.564085 0.460523 0.892485 0.737606 0.992820 0.979328 0.900523 0.850559 0.829470 0.785471 0.774388 0.879601 0.844358 0.875961 0.781573 0.820245 0.823771 0.766265 0.659074 0.727061 0.518150 0.459959 0.816257 0.633309 0.776475 0.754462 0.850028 0.979526 0.992554 0.996622 0.980764 0.904547 0.886634 0.939955 0.902961 0.730582 0.994060 0.694264 0.978782 0.963407 0.772752 0.838502 0.911950 0.982738 0.923726 0.985581 0.799389 0.998526 0.966935 0.921687 0.873115 0.837246
0.751295 0.716414 0.677120 0.877605 0.000000 0.977036 0.576752 0.953103 0.731093 0.938305 0.928623 0.841247 0.821512 0.971800 0.774762 0.978649 0.816472 0.941582 0.890166 0.839866 0.817638 0.884244 0.709332 0.876026 0.964764 0.952731 0.999087 0.894707 0.961944 0.993178 0.997711 0.880780 0.908207 0.850989 0.830522 0.805619 0.932533 0.983204 0.964905 0.982080 0.935700 0.969169 0.898696 0.986724 0.758317 0.947115 0.981221 0.881242 0.678008 0.624762 0.681068 0.640444 0.661472 0.776337 0.654291 0.692450 0.787255 0.715127 0.778779 0.750376 0.736203 0.917308 0.978869 0.850598 0.681739 0.655547 0.623290 0.661570 0.802227 0.773414 0.906662 0.881256 0.948435 0.972126 0.972957 0.949917 0.845656 0.938273 0.921590 0.972577 0.851979 0.835277 0.889454 0.913252 0.746923 0.701173 0.746321 0.743185 0.870862 0.895928 0.718689 0.732770 0.779315 0.711550 0.945286 0.981153 0.998110 0.773547 0.975351 0.890611 0.960916 0.815118 0.886810 0.954394 0.834802 0.951522 0.925395 0.994748 0.886160 0.942259 0.824534 0.991172 0.973711 0.926733 0.992510 0.917036
0.802027 0.725435 0.877657 0.857806 0.977036 0.000000 0.895832 0.520668 0.916313 0.602118 0.841014 0.670041 0.767426 0.646533 0.819562 0.642132 0.896085 0.807753 0.818950 0.791952 0.764666 0.993693 0.937111 0.961196 0.718032 0.934718 0.893245 0.929341 0.698965 0.762194 0.894462 0.901831 0.760851 0.697896 0.958093 0.966924 0.881897 0.919291 0.946343 0.908452 0.871175 0.772950 0.793937 0.655488 0.823220 0.621969 0.862574 0.716728 0.700911 0.752847 0.718293 0.674905 0.885134 0.680851 0.949536 0.899714 0.854193 0.828471 0.850839 0.718747 0.740040 0.592145 0.733637 0.673639 0.993307 0.778767 0.936627 0.819222 0.881442 0.960606 0.907812 0.822043 0.941581 0.933840 0.789898 0.826900 0.774774 0.738434 0.945469 0.983897 0.834173 0.866251 0.866447 0.908843 0.936444 0.926236 0.963905 0.909545 0.886497 0.935867 0.805510 0.963682 0.938249 0.967942 0.812474 0.875936 0.774375 0.984845 0.689479 0.733499 0.633345 0.868585 0.861752 0.908284 0.843802 0.879747 0.939823 0.790721 0.858677 0.806657 0.852599 0.876141 0.977347 0.917063 0.956945 0.937554
0.728587 0.697230 0.507215 0.700868 0.576752 0.895832 0.000000 0.601130 0.461488 0.821978 0.930329 0.942636 0.591250 0.899041 0.587778 0.827141 0.924617 0.948758 0.956835 0.809501 0.989322 0.862410 0.612377 0.895250 0.875421 0.828402 0.936425 0.805753 0.972302 0.976777 0.782546 0.716090 0.737889 0.819520 0.797515 0.774138 0.925350 0.874563 0.896020 0.931299 0.729694 0.851262 0.697905 0.832391 0.490609 0.823702 0.966680 0.942769 0.701514 0.617273 0.713840 0.727437 0.698941 0.913171 0.555585 0.657432 0.710535 0.609203 0.709368 0.686566 0.497115 0.951726 0.866713 0.933626 0.575106 0.420737 0.454005 0.425957 0.618580 0.553228 0.891885 0.900460 0.896094 0.897304 0.859896 0.950092 0.906026 0.968931 0.924927 0.951323 0.922386 0.907673 0.892809 0.953279 0.640626 0.633965 0.771722 0.760312 0.913816 0.828703 0.464063 0.534730 0.568142 0.523343 0.940886 0.989821 0.919545 0.838402 0.750189 0.572221 0.823440 0.538410 0.897947 0.935411 0.754504 0.855711 0.952656 0.848635 0.916773 0.904157 0.740784 0.753821 0.875150 0.976128 0.740462 0.943054
0.795433 0.678267 0.843545 0.724800 0.953103 0.520668 0.601130 0.000000 0.770988 0.392357 0.603265 0.471908 0.547222 0.539890 0.737404 0.570590 0.655159 0.626221 0.759673 0.675492 0.609328 0.890727 0.974931 0.899421 0.457307 0.716866 0.812601 0.826131 0.569156 0.520559 0.913092 0.860734 0.654855 0.519773 0.934336 0.863045 0.745197 0.934132 0.823377 0.815491 0.704870 0.810518 0.709716 0.542182 0.525995 0.387278 0.836898 0.595428 0.728887 0.792682 0.697836 0.704784 0.864005 0.740494 0.945223 0.960478 0.744306 0.779842 0.792893 0.739464 0.413263 0.360879 0.431689 0.437205 0.950479 0.616039 0.868592 0.638996 0.829588 0.973279 0.990081 0.775780 0.986169 0.990617 0.718590 0.870883 0.676092 0.762643 0.771895 0.894325 0.638553 0.790255 0.848949 0.977203 0.896978 0.920781 0.964340 0.984247 0.844903 0.865350 0.690724 0.958708 0.933326 0.913065 0.832120 0.784928 0.768376 0.904323 0.452798 0.537004 0.508858 0.657951 0.747683 0.781301 0.716408 0.787417 0.933337 0.752793 0.916877 0.923427 0.623864 0.618857 0.607281 0.955534 0.796789 0.785406
0.794141 0.699336 0.735034 0.988510 0.731093 0.916313 0.461488 0.770988 0.000000 0.895918 0.963571 0.841918 0.841241 0.897089 0.843011 0.945163 0.769282 0.757003 0.822255 0.741299 0.913592 0.881002 0.852365 0.852525 0.868752 0.879557 0.921170 0.838811 0.830434 0.840041 0.910573 0.956300 0.924714 0.911902 0.844905 0.961801 0.959762 0.852100 0.910089 0.946704 0.799159 0.719651 0.873164 0.996451 0.764946 0.947678 0.780082 0.863154 0.828796 0.799965 0.836471 0.914932 0.886678 0.945186 0.607471 0.909751 0.702009 0.649959 0.754971 0.846609 0.801042 0.971480 0.911096 0.766615 0.755863 0.689758 0.665592 0.714816 0.758653 0.546817 0.876355 0.726335 0.811754 0.848526 0.960633 0.976739 0.909599 0.961033 0.753763 0.660482 0.730727 0.767236 0.916995 0.817137 0.850162 0.857543 0.863394 0.956696 0.878225 0.905542 0.556523 0.515912 0.632036 0.567629 0.978568 0.828638 0.850633 0.892852 0.841923 0.797393 0.879182 0.849861 0.701504 0.986020 0.845246 0.833363 0.977983 0.904699 0.958651 0.697495 0.978613 0.954510 0.976932 0.829243 0.875262 0.972885
0.863127 0.718508 0.731598 0.991869 0.938305 0.602118 0.821978 0.392357 0.895918 0.000000 0.599951 0.585471 0.847348 0.794584 0.953816 0.774973 0.657122 0.636252 0.920232 0.706300 0.598735 0.959940 0.759600 0.667511 0.520818 0.668424 0.694925 0.872825 0.527557 0.494075 0.870575 0.843933 0.720426 0.676466 0.886937 0.803140 0.869793 0.983480 0.907918 0.895437 0.873673 0.981228 0.762640 0.554566 0.618241 0.431884 0.923312 0.710760 0.732540 0.791596 0.744727 0.767589 0.923461 0.803282 0.975170 0.884642 0.715034 0.768281 0.845413 0.770138 0.714674 0.548326 0.526936 0.517810 0.720277 0.951434 0.969760 0.832631 0.890444 0.877492 0.896188 0.679238 0.909568 0.956766 0.770755 0.920887 0.679812 0.745138 0.890821 0.866482 0.736477 0.931960 0.999416 0.926704 0.731472 0.764561 0.913996 0.841806 0.710664 0.797136 0.850332 0.961710 0.977096 0.901894 0.794609 0.872170 0.820327 0.841921 0.512070 0.605426 0.602844 0.719773 0.723537 0.729875 0.857730 0.927979 0.982019 0.682666 0.842195 0.917540 0.759071 0.639696 0.695108 0.873524 0.937340 0.751179
0.444864 0.549037 0.701461 0.895743 0.928623 0.841014 0.930329 0.603265 0.963571 0.599951 0.000000 0.440483 0.719831 0.740019 0.908421 0.940470 0.396407 0.481223 0.564224 0.422961 0.800808 0.957973 0.537300 0.643310 0.589010 0.698491 0.807952 0.833338 0.397413 0.494397 0.861947 0.958565 0.810501 0.621148 0.769036 0.650658 0.756649 0.979809 0.896878 0.999287 0.964528 0.911012 0.880616 0.626531 0.905147 0.537582 0.798975 0.766362 0.505237 0.567994 0.568049 0.641333 0.791630 0.782945 0.837836 0.742593 0.508211 0.579867 0.479716 0.500860 0.688035 0.532626 0.444197 0.515691 0.579122 0.910757 0.810201 0.970419 0.736391 0.687696 0.816147 0.976733 0.605645 0.586300 0.795617 0.890354 0.710971 0.865197 0.852013 0.731306 0.575776 0.686947 0.930445 0.979295 0.883624 0.832669 0.676082 0.755733 0.859742 0.940306 0.792611 0.726071 0.723045 0.783939 0.980585 0.808026 0.894310 0.997727 0.760478 0.769110 0.634870 0.864792 0.770880 0.594327 0.995718 0.983318 0.812555 0.918504 0.921879 0.904981 0.834037 0.846554 0.721092 0.898934 0.952770 0.853162
0.387506 0.322868 0.582483 0.865695 0.841247 0.670041 0.942636 0.471908 0.841918 0.585471 0.440483 0.000000 0.542656 0.394754 0.889768 0.564484 0.368325 0.397798 0.456802 0.318177 0.723493 0.974651 0.772732 0.938206 0.571818 0.636525 0.873165 0.865973 0.384805 0.433902 0.855360 0.946758 0.728628 0.479955 0.746796 0.721203 0.746398 0.982994 0.826718 0.916729 0.927619 0.906463 0.914514 0.552072 0.928780 0.477172 0.706792 0.626724 0.493570 0.478394 0.415428 0.516354 0.678544 0.772924 0.758168 0.712079 0.379950 0.403143 0.419843 0.403541 0.542776 0.287555 0.357589 0.269513 0.700983 0.877958 0.787834 0.985665 0.681827 0.524202 0.992225 0.745939 0.687347 0.727751 0.752318 0.778935 0.550488 0.746621 0.762706 0.652924 0.387742 0.449478 0.756351 0.855316 0.935482 0.968381 0.851122 0.938919 0.798902 0.959984 0.800346 0.508135 0.555857 0.607498 0.980731 0.743029 0.785627 0.963149 0.725378 0.807579 0.612989 0.957215 0.655865 0.769311 0.913331 0.954165 0.936046 0.915257 0.918020 0.822456 0.758521 0.780752 0.653265 0.895462 0.908143 0.783435
0.831332 0.842468 0.857310 0.682943 0.821512 0.767426 0.591250 0.547222 0.841241 0.847348 0.719831 0.542656 0.000000 0.348513 0.483294 0.479109 0.678904 0.734817 0.597255 0.697894 0.936768 0.957537 0.706717 0.734499 0.747890 0.894237 0.883567 0.929383 0.680625 0.668846 0.985965 0.891773 0.705680 0.633536 0.892121 0.947224 0.760527 0.793771 0.751394 0.911800 0.739517 0.734856 0.988031 0.828579 0.863589 0.806747 0.923976 0.870437 0.992470 0.938094 0.776640 0.872024 0.908512 0.820002 0.823712 0.867157 0.895616 0.946913 0.902021 0.867556 0.378349 0.617379 0.566755 0.653674 0.802605 0.531309 0.917038 0.719379 0.877926 0.975545 0.853360 0.936342 0.982387 0.968323 0.802988 0.807620 0.833873 0.874442 0.856074 0.854077 0.725427 0.705320 0.687691 0.957792 0.607907 0.665544 0.847183 0.829254 0.980101 0.931906 0.853813 0.788283 0.878047 0.859763 0.857852 0.951944 0.966987 0.969754 0.853238 0.806396 0.737194 0.818574 0.851765 0.944650 0.863845 0.929944 0.962578 0.978605 0.972208 0.935447 0.747036 0.793919 0.836853 0.984682 0.831477 0.785601
0.687120 0.610177 0.874216 0.646455 0.971800 0.646533 0.899041 0.539890 0.897089 0.794584 0.740019 0.394754 0.348513 0.000000 0.554494 0.378791 0.574063 0.593553 0.526081 0.538876 0.794403 0.995320 0.829702 0.735028 0.713628 0.774529 0.904405 0.964382 0.580204 0.577515 0.972323 0.930926 0.674724 0.570942 0.830023 0.865466 0.657072 0.886293 0.713319 0.937129 0.792577 0.751898 0.961737 0.774318 0.981681 0.713891 0.844005 0.732947 0.824390 0.717989 0.565508 0.680266 0.751014 0.710928 0.937812 0.983001 0.698397 0.696509 0.721355 0.681582 0.478867 0.502962 0.509349 0.463270 0.972773 0.672589 0.867998 0.911604 0.992877 0.752205 0.901459 0.810316 0.968531 0.963074 0.780785 0.771103 0.763060 0.819653 0.728440 0.709239 0.569471 0.581267 0.650427 0.919251 0.710230 0.737577 0.920667 0.912428 0.955078 0.965441 0.949957 0.566263 0.634750 0.632452 0.960002 0.921149 0.903759 0.981194 0.852904 0.847708 0.784331 0.926737 0.756410 0.970773 0.884182 0.949982 0.961737 0.953935 0.997153 0.946622 0.765972 0.828447 0.878287 0.992684 0.862847 0.830328
0.806988 0.906422 0.685114 0.667152 0.774762 0.819562 0.587778 0.737404 0.843011 0.953816 0.908421 0.889768 0.483294 0.554494 0.000000 0.478883 0.929676 0.894552 0.860478 0.968138 0.990615 0.886370 0.444908 0.594168 0.991772 0.892354 0.794834 0.973969 0.914428 0.875257 0.703318 0.599216 0.613723 0.770770 0.849414 0.926690 0.962619 0.857212 0.757941 0.862186 0.721202 0.698082 0.872014 0.886805 0.773039 0.930148 0.964172 0.868273 0.693212 0.758885 0.909721 0.849860 0.802992 0.994926 0.730679 0.672516 0.889255 0.882616 0.763363 0.804737 0.580304 0.900359 0.830063 0.896551 0.569677 0.478916 0.667460 0.565317 0.674852 0.836529 0.997730 0.800112 0.907400 0.844509 0.849889 0.908022 0.977972 0.949955 0.753801 0.899664 0.947383 0.884656 0.644348 0.886859 0.598526 0.555386 0.802250 0.726643 0.971521 0.893647 0.730061 0.975006 0.939266 0.920745 0.942061 0.952188 0.971471 0.931197 0.910872 0.713040 0.913363 0.867141 0.944093 0.871926 0.830868 0.918988 0.913252 0.912100 0.901888 0.960094 0.802194 0.752477 0.865674 0.972876 0.710070 0.896670
0.929595 0.767972 0.942172 0.687222 0.978649 0.642132 0.827141 0.570590 0.945163 0.774973 0.940470 0.564484 0.479109 0.378791 0.478883 0.000000 0.742459 0.670618 0.672719 0.691111 0.885392 0.944917 0.659706 0.689430 0.865614 0.952158 0.971859 0.951400 0.682119 0.677535 0.844365 0.792884 0.620696 0.611317 0.992041 0.946198 0.936695 0.972551 0.790471 0.989265 0.750703 0.753988 0.894765 0.733335 0.789158 0.710684 0.862872 0.730554 0.973868 0.960096 0.821151 0.900330 0.997456 0.899961 0.990353 0.807624 0.770862 0.872132 0.981718 0.935779 0.560045 0.597086 0.607306 0.537926 0.816378 0.585806 0.872321 0.694674 0.865453 0.818777 0.853941 0.659945 0.994456 0.918476 0.870559 0.759465 0.780072 0.767540 0.630858 0.784103 0.652010 0.643287 0.585787 0.932782 0.684275 0.670611 0.877273 0.786139 0.921125 0.922535 0.938415 0.778487 0.841723 0.837171 0.891424 0.877039 0.837419 0.859383 0.807320 0.774257 0.721158 0.905452 0.793650 0.965805 0.862819 0.847956 0.974367 0.964196 0.954311 0.912497 0.719182 0.798070 0.893478 0.906203 0.750008 0.857586
0.462141 0.418898 0.728743 0.969873 0.816472 0.896085 0.924617 0.655159 0.769282 0.657122 0.396407 0.368325 0.678904 0.574063 0.929676 0.742459 0.000000 0.290918 0.416611 0.299772 0.753690 0.927671 0.709998 0.839414 0.733699 0.755335 0.874556 0.890956 0.350922 0.377988 0.959928 0.850793 0.595355 0.490172 0.775247 0.722887 0.842839 0.966680 0.883192 0.946702 0.949143 0.827999 0.824028 0.530701 0.911784 0.534052 0.605708 0.588403 0.577231 0.580065 0.538223 0.663391 0.812430 0.850812 0.737167 0.773259 0.365930 0.414266 0.472781 0.543560 0.679350 0.532019 0.336372 0.346313 0.692140 0.984942 0.810306 0.966783 0.678097 0.460644 0.927088 0.728848 0.564430 0.548336 0.747985 0.881924 0.627030 0.810411 0.694741 0.527624 0.343201 0.432819 0.763151 0.779036 0.991335 0.981180 0.740331 0.914544 0.707405 0.917577 0.665331 0.509582 0.540818 0.583608 0.984645 0.815406 0.861667 0.904155 0.768776 0.823085 0.658391 0.897943 0.579966 0.624617 0.899564 0.938442 0.981147 0.980218 0.965512 0.744822 0.725919 0.750562 0.746177 0.822426 0.875049 0.773615
0.490561 0.405455 0.766893 0.962357 0.941582 0.807753 0.948758 0.626221 0.757003 0.636252 0.481223 0.397798 0.734817 0.593553 0.894552 0.670618 0.290918 0.000000 0.409218 0.327982 0.751165 0.911472 0.819027 0.899773 0.769427 0.806587 0.867951 0.770861 0.333508 0.355167 0.841617 0.740997 0.512363 0.403985 0.872943 0.799713 0.943342 0.843638 0.905640 0.971471 0.983803 0.805347 0.678331 0.449227 0.744370 0.434869 0.577141 0.478912 0.612647 0.661497 0.639424 0.749501 0.919062 0.958386 0.733158 0.822180 0.342320 0.405022 0.531066 0.590931 0.645982 0.513128 0.337120 0.311760 0.785990 0.952164 0.954565 0.814643 0.711142 0.445246 0.796302 0.640143 0.488493 0.503634 0.772273 0.798630 0.591978 0.716257 0.557434 0.473621 0.303856 0.440826 0.698674 0.719480 0.958674 0.952163 0.788225 0.953093 0.681709 0.948652 0.724770 0.540295 0.617056 0.604526 0.861350 0.778640 0.692285 0.722357 0.741353 0.767619 0.620538 0.877558 0.547201 0.546538 0.820711 0.861564 0.944573 0.983370 0.997710 0.694898 0.579506 0.734505 0.735836 0.769793 0.788512 0.870126
0.489282 0.466799 0.860200 0.914213 0.890166 0.818950 0.956835 0.759673 0.822255 0.920232 0.564224 0.456802 0.597255 0.526081 0.860478 0.672719 0.416611 0.409218 0.000000 0.396434 0.956637 0.984513 0.954797 0.884444 0.886826 0.938569 0.962689 0.872165 0.486178 0.535474 0.922633 0.880403 0.623819 0.527987 0.802392 0.822918 0.782839 0.986302 0.791126 0.852426 0.926198 0.938668 0.880370 0.655555 0.991222 0.730622 0.620000 0.663709 0.677964 0.595669 0.595359 0.656439 0.808063 0.785985 0.759998 0.911560 0.490588 0.536450 0.576861 0.581108 0.714098 0.631958 0.484752 0.506639 0.881159 0.903715 0.817680 0.990612 0.685084 0.550163 0.938140 0.811088 0.599261 0.600795 0.843653 0.814919 0.681321 0.867096 0.711698 0.534310 0.448587 0.475995 0.719328 0.761513 0.823330 0.830254 0.777910 0.989784 0.839428 0.989986 0.737328 0.507131 0.568248 0.565731 0.914304 0.861916 0.909805 0.999682 0.969025 0.922127 0.685839 0.995524 0.681745 0.784582 0.894914 0.909521 0.971096 0.860976 0.953798 0.971193 0.783256 0.947553 0.894472 0.978672 0.950153 0.903069
0.344613 0.320582 0.622650 0.935981 0.839866 0.791952 0.809501 0.675492 0.741299 0.706300 0.422961 0.318177 0.697894 0.538876 0.968138 0.691111 0.299772 0.327982 0.396434 0.000000 0.769539 0.954910 0.732698 0.902208 0.774235 0.730533 0.921194 0.881931 0.385997 0.468074 0.921593 0.951536 0.689051 0.519810 0.819570 0.680684 0.836575 0.967445 0.868148 0.986518 0.969812 0.954283 0.915606 0.594179 0.962246 0.589451 0.690671 0.620094 0.455602 0.452883 0.438689 0.539097 0.702335 0.767099 0.682843 0.692593 0.320923 0.335380 0.408461 0.401446 0.731475 0.473733 0.442356 0.372169 0.687360 0.977802 0.737497 0.965803 0.584600 0.374387 0.942360 0.748791 0.566390 0.615602 0.805170 0.808803 0.571912 0.749057 0.714162 0.586961 0.384543 0.451586 0.800796 0.822742 0.968820 0.995631 0.677942 0.840532 0.795382 0.892447 0.644383 0.449244 0.504699 0.514078 0.970230 0.821573 0.797015 0.979107 0.837486 0.907491 0.627278 0.953431 0.605615 0.721574 0.890925 0.983945 0.972218 0.986883 0.993453 0.830398 0.757190 0.867225 0.781809 0.878590 0.883513 0.775768
0.852923 0.727289 0.701044 0.998147 0.817638 0.764666 0.989322 0.609328 0.913592 0.598735 0.800808 0.723493 0.936768 0.794403 0.990615 0.885392 0.753690 0.751165 0.956637 0.769539 0.000000 0.955375 0.866253 0.789620 0.716773 0.733549 0.929419 0.878994 0.794542 0.757601 0.973978 0.961078 0.815974 0.807366 0.912775 0.907747 0.775839 0.892836 0.833388 0.909872 0.825712 0.892918 0.860906 0.768232 0.823242 0.648627 0.971756 0.684246 0.753528 0.749816 0.747179 0.735230 0.783153 0.793226 0.980112 0.937866 0.761852 0.723101 0.772889 0.755513 0.865282 0.661033 0.707215 0.636243 0.786894 0.970852 0.929826 0.944272 0.898678 0.876606 0.907220 0.769240 0.949889 0.901238 0.807423 0.896385 0.771714 0.854564 0.919010 0.943106 0.782904 0.948663 0.995859 0.956267 0.858213 0.826729 0.891858 0.760429 0.767078 0.968357 0.839527 0.944987 0.943426 0.907787 0.779769 0.814184 0.866157 0.927750 0.599945 0.833729 0.887376 0.816581 0.760954 0.903805 0.828123 0.951693 0.980296 0.841218 0.900608 0.877777 0.803624 0.697187 0.766265 0.915031 0.933653 0.896349
0.943041 0.944858 0.949582 0.949358 0.884244 0.993693 0.862410 0.890727 0.881002 0.959940 0.957973 0.974651 0.957537 0.995320 0.886370 0.944917 0.927671 0.911472 0.984513 0.954910 0.955375 0.000000 0.862610 0.970076 0.923822 0.949753 0.921134 0.977929 0.920414 0.945208 0.951593 0.988441 0.966111 0.958188 0.890946 0.963952 0.955420 0.699431 0.986341 0.718587 0.821003 0.936218 0.967786 0.942883 0.854416 0.960653 0.963398 0.871695 0.975906 0.922086 0.910840 0.965863 0.928186 0.975848 0.914991 0.945739 0.956486 0.929335 0.969997 0.958369 0.842839 0.883508 0.995507 0.978091 0.871137 0.781967 0.869035 0.895060 0.973238 0.951643 0.970845 0.963960 0.919391 0.892627 0.988703 0.869067 0.976261 0.943854 0.979864 0.894870 0.942382 0.897847 0.990405 0.923115 0.907466 0.859700 0.788630 0.963301 0.969271 0.995818 0.846816 0.875724 0.943532 0.931198 0.963213 0.949531 0.851254 0.980256 0.974451 0.936697 0.979262 0.870820 0.983516 0.934375 0.854186 0.850731 0.992172 0.944342 0.958499 0.991023 0.956179 0.916505 0.961730 0.992101 0.939669 0.963369
0.593065 0.679435 0.506595 0.587908 0.709332 0.937111 0.612377 0.974931 0.852365 0.759600 0.537300 0.772732 0.706717 0.829702 0.444908 0.659706 0.709998 0.819027 0.954797 0.732698 0.866253 0.862610 0.000000 0.408439 0.742116 0.638112 0.737798 0.949851 0.695531 0.752326 0.736659 0.720983 0.761443 0.999430 0.747289 0.621949 0.861601 0.963120 0.858125 0.951308 0.735175 0.759583 0.970724 0.858776 0.809452 0.825395 0.935948 0.986250 0.540128 0.590053 0.689343 0.729679 0.806112 0.935620 0.705661 0.643963 0.643295 0.648218 0.573763 0.613619 0.778997 0.842818 0.811039 0.791949 0.320886 0.439115 0.588999 0.553846 0.645127 0.697092 0.927252 0.932435 0.772149 0.696990 0.911152 0.944857 0.770740 0.931940 0.890367 0.962452 0.860179 0.929787 0.671273 0.986048 0.469306 0.456496 0.642126 0.558760 0.867514 0.931902 0.636996 0.792386 0.734234 0.826742 0.940310 0.910790 0.957601 0.899150 0.973715 0.848924 0.975447 0.847044 0.893022 0.694017 0.785856 0.863999 0.860290 0.823611 0.892560 0.977511 0.837223 0.917397 0.831208 0.998348 0.794157 0.948724
0.860864 0.931512 0.694075 0.537856 0.876026 0.961196 0.895250 0.899421 0.852525 0.667511 0.643310 0.938206 0.734499 0.735028 0.594168 0.689430 0.839414 0.899773 0.884444 0.902208 0.789620 0.970076 0.408439 0.000000 0.699724 0.747010 0.718906 0.887904 0.778760 0.771821 0.903159 0.963299 0.877692 0.965126 0.900901 0.727045 0.974626 0.976235 0.839622 0.928774 0.894460 0.825896 0.869310 0.821467 0.909534 0.740381 0.956698 0.961058 0.707616 0.800740 0.900850 0.899737 0.972369 0.943920 0.978301 0.839939 0.876860 0.880674 0.855510 0.832066 0.857527 0.924401 0.826033 0.904911 0.498857 0.594936 0.862980 0.850510 0.944240 0.942233 0.971048 0.918818 0.839309 0.822389 0.989117 0.956965 0.793888 0.931373 0.881992 0.877713 0.983881 0.864279 0.672658 0.848827 0.496944 0.455860 0.706215 0.563807 0.752170 0.839804 0.950030 0.888854 0.978648 0.911145 0.876172 0.998347 0.928766 0.928723 0.747423 0.988413 0.863347 0.975823 0.965516 0.736939 0.991126 0.921784 0.893963 0.753032 0.871428 0.997054 0.921050 0.881838 0.887068 0.931274 0.943135 0.909342
0.834808 0.810373 0.584634 0.942143 0.964764 0.718032 0.875421 0.457307 0.868752 0.520818 0.589010 0.571818 0.747890 0.713628 0.991772 0.865614 0.733699 0.769427 0.886826 0.774235 0.716773 0.923822 0.742116 0.699724 0.000000 0.436973 0.625435 0.860572 0.576575 0.539404 0.812120 0.934916 0.903367 0.749967 0.832105 0.800042 0.740260 0.815000 0.894622 0.819570 0.826154 0.886055 0.981712 0.790143 0.749206 0.609263 0.953404 0.907761 0.751182 0.791839 0.738449 0.785356 0.847231 0.800932 0.944305 0.933272 0.846567 0.840226 0.761584 0.726927 0.619964 0.511353 0.523094 0.575813 0.582355 0.983875 0.860794 0.995161 0.869466 0.966060 0.768654 0.927714 0.987403 0.968836 0.842882 0.892335 0.764349 0.933272 0.941449 0.989444 0.812139 0.988102 0.947646 0.900420 0.761992 0.713399 0.915406 0.795422 0.783836 0.807540 0.920796 0.953429 0.892740 0.986913 0.962087 0.890787 0.991092 0.992793 0.606177 0.817584 0.797212 0.873149 0.819230 0.855442 0.968206 0.962794 0.917073 0.777827 0.895093 0.894699 0.894632 0.827724 0.649410 0.976989 0.904200 0.861671
0.818640 0.812573 0.444740 0.792377 0.952731 0.934718 0.828402 0.716866 0.879557 0.668424 0.698491 0.636525 0.894237 0.774529 0.892354 0.952158 0.755335 0.806587 0.938569 0.730533 0.733549 0.949753 0.638112 0.747010 0.436973 0.000000 0.817140 0.877670 0.636311 0.606444 0.594797 0.790672 0.919131 0.902838 0.722258 0.779811 0.670139 0.877661 0.832572 0.870787 0.917041 0.983977 0.774090 0.976341 0.945849 0.832681 0.947508 0.906739 0.787273 0.800071 0.784375 0.909086 0.901787 0.999728 0.985151 0.943959 0.770080 0.769318 0.742181 0.774533 0.828204 0.639369 0.662461 0.654903 0.489871 0.749044 0.717694 0.743914 0.986997 0.780493 0.805468 0.996231 0.971616 0.959309 0.958876 0.910251 0.746573 0.905925 0.988248 0.956831 0.928877 0.980396 0.922604 0.924935 0.671854 0.586816 0.982164 0.837631 0.818409 0.744149 0.821227 0.761623 0.736518 0.851803 0.962482 0.946438 0.942644 0.865950 0.892256 0.902453 0.983230 0.844867 0.820711 0.942357 0.923683 0.765005 0.986303 0.901604 0.929901 0.890359 0.993410 0.959065 0.868465 0.941477 0.813434 0.825932
0.940322 0.906446 0.832003 0.851037 0.999087 0.893245 0.936425 0.812601 0.921170 0.694925 0.807952 0.873165 0.883567 0.904405 0.794834 0.971859 0.874556 0.867951 0.962689 0.921194 0.929419 0.921134 0.737798 0.718906 0.625435 0.817140 0.000000 0.741527 0.765889 0.851650 0.944134 0.966682 0.849089 0.932785 0.792057 0.976430 0.996440 0.883815 0.949479 0.999010 0.926254 0.925946 0.744728 0.780019 0.778589 0.704499 0.935435 0.946912 0.815218 0.981766 0.919032 0.965686 0.997837 0.996092 0.888758 0.960966 0.929363 0.985459 0.877363 0.892479 0.861092 0.801069 0.787088 0.821267 0.757648 0.942164 0.904630 0.877706 0.990727 0.964526 0.912296 0.879943 0.799277 0.801695 0.979497 0.961823 0.796690 0.980088 0.845010 0.990292 0.860227 0.998695 0.855002 0.974369 0.825278 0.752394 0.961828 0.767918 0.800743 0.965479 0.952192 0.891330 0.932860 0.934246 0.940948 0.972725 0.840878 0.987839 0.752558 0.870212 0.790935 0.777921 0.893584 0.758577 0.940393 0.963578 0.992612 0.622374 0.827737 0.918493 0.951460 0.968843 0.726034 0.995939 0.944170 0.969875
0.946570 0.909933 0.952068 0.954066 0.894707 0.929341 0.805753 0.826131 0.838811 0.872825 0.833338 0.865973 0.929383 0.964382 0.973969 0.951400 0.890956 0.770861 0.872165 0.881931 0.878994 0.977929 0.949851 0.887904 0.860572 0.877670 0.741527 0.000000 0.814183 0.875344 0.991751 0.829017 0.841835 0.870852 0.999237 0.862037 0.904509 0.989872 0.910161 0.939132 0.955450 0.980625 0.685169 0.784682 0.667945 0.742043 0.870413 0.854369 0.959633 0.989339 0.982097 0.938438 0.917334 0.812278 0.944172 0.965282 0.821419 0.878815 0.900634 0.951868 0.772613 0.810473 0.816447 0.825546 0.968943 0.903557 0.851384 0.751540 0.921443 0.917896 0.814525 0.884044 0.784448 0.885692 0.921525 0.967425 0.831709 0.935415 0.836831 0.937695 0.843709 0.924412 0.948071 0.999521 0.983701 0.995971 0.975172 0.939636 0.823854 0.873393 0.874207 0.937413 0.942571 0.926465 0.955365 0.994930 0.880417 0.950128 0.939333 0.903298 0.928477 0.924248 0.924102 0.762977 0.937116 0.957565 0.964967 0.932397 0.795400 0.998412 0.794342 0.869689 0.813791 0.804775 0.940801 0.955705
0.551809 0.500141 0.645945 0.893492 0.961944 0.698965 0.972302 0.569156 0.830434 0.527557 0.397413 0.384805 0.680625 0.580204 0.914428 0.682119 0.350922 0.333508 0.486178 0.385997 0.794542 0.920414 0.695531 0.778760 0.576575 0.636311 0.765889 0.814183 0.000000 0.310727 0.951484 0.810117 0.563212 0.478314 0.735934 0.718945 0.790224 0.992834 0.829901 0.971105 0.988380 0.892106 0.786101 0.527194 0.799452 0.463469 0.687305 0.659510 0.639124 0.660143 0.620581 0.742457 0.912498 0.866722 0.816571 0.871360 0.456069 0.516094 0.562123 0.575549 0.636243 0.509367 0.327200 0.363124 0.629501 0.949129 0.867526 0.913687 0.854742 0.574322 0.969249 0.758526 0.558409 0.611142 0.854549 0.854233 0.563201 0.849762 0.684057 0.610041 0.477108 0.649473 0.853763 0.936947 0.861992 0.837647 0.788946 0.850889 0.708126 0.867777 0.779762 0.609048 0.689022 0.702920 0.951636 0.842875 0.804311 0.848267 0.758096 0.819757 0.579922 0.906356 0.615863 0.642645 0.931446 0.994032 0.940186 0.938758 0.915589 0.845190 0.692786 0.738702 0.776930 0.796328 0.941630 0.851404
0.696673 0.582750 0.716552 0.955204 0.993178 0.762194 0.976777 0.520559 0.840041 0.494075 0.494397 0.433902 0.668846 0.577515 0.875257 0.677535 0.377988 0.355167 0.535474 0.468074 0.757601 0.945208 0.752326 0.771821 0.539404 0.606444 0.851650 0.875344 0.310727 0.000000 0.860970 0.751319 0.607245 0.416135 0.743497 0.709048 0.826724 0.983105 0.866373 0.941868 0.978437 0.903122 0.792211 0.538296 0.734236 0.467075 0.683280 0.672141 0.764918 0.745944 0.700728 0.819156 0.968971 0.878288 0.905327 0.993382 0.521029 0.589394 0.707380 0.716982 0.629921 0.549653 0.295778 0.357146 0.615531 0.942607 0.842208 0.878434 0.985299 0.641084 0.913286 0.705870 0.719491 0.688459 0.816312 0.887620 0.640870 0.798864 0.692093 0.613523 0.506682 0.688823 0.854077 0.907699 0.801520 0.816538 0.891064 0.897180 0.637293 0.756763 0.844097 0.636432 0.709364 0.742944 0.855550 0.793515 0.809512 0.788289 0.711051 0.891338 0.624022 0.885523 0.568847 0.685895 0.914014 0.992267 0.934031 0.942216 0.925993 0.704018 0.640135 0.714720 0.699743 0.806633 0.914915 0.798308
0.757048 0.922797 0.652555 0.933006 0.997711 0.894462 0.782546 0.913092 0.910573 0.870575 0.861947 0.855360 0.985965 0.972323 0.703318 0.844365 0.959928 0.841617 0.922633 0.921593 0.973978 0.951593 0.736659 0.903159 0.812120 0.594797 0.944134 0.991751 0.951484 0.860970 0.000000 0.454838 0.629875 0.775101 0.849188 0.910728 0.783102 0.902599 0.965496 0.993576 0.989590 0.990255 0.523655 0.690357 0.682316 0.799270 0.806551 0.667853 0.761526 0.781616 0.801510 0.858925 0.754426 0.975653 0.928105 0.742965 0.983747 0.925463 0.671693 0.756717 0.991258 0.843067 0.900554 0.979156 0.776191 0.850898 0.754786 0.574000 0.703661 0.859635 0.642661 0.696991 0.967704 0.969948 0.899031 0.983236 0.953151 0.768621 0.750924 0.768771 0.898963 0.986459 0.869132 0.981411 0.991648 0.872293 0.972341 0.949123 0.835443 0.961777 0.820236 0.841291 0.812478 0.878807 0.833179 0.939705 0.892155 0.761281 0.871057 0.782403 0.786271 0.758674 0.878989 0.906060 0.895056 0.663080 0.999451 0.983873 0.901683 0.992816 0.707656 0.797634 0.919062 0.907558 0.690073 0.882099
0.753866 0.905208 0.682078 0.893360 0.880780 0.901831 0.716090 0.860734 0.956300 0.843933 0.958565 0.946758 0.891773 0.930926 0.599216 0.792884 0.850793 0.740997 0.880403 0.951536 0.961078 0.988441 0.720983 0.963299 0.934916 0.790672 0.966682 0.829017 0.810117 0.751319 0.454838 0.000000 0.508526 0.688595 0.863471 0.956616 0.874351 0.979238 0.980862 0.879660 0.873786 0.999158 0.582632 0.691689 0.639290 0.751981 0.776166 0.693979 0.739184 0.788860 0.839672 0.807191 0.716302 0.976726 0.944626 0.739809 0.997839 0.961177 0.738985 0.778145 0.838742 0.912900 0.782974 0.906429 0.781179 0.808975 0.766713 0.555422 0.731851 0.974799 0.721730 0.687973 0.904731 0.989737 0.921876 0.988064 0.928248 0.817976 0.626800 0.720264 0.853113 0.951007 0.778557 0.994012 0.970195 0.856001 0.981091 0.975780 0.806748 0.817823 0.880744 0.877502 0.929068 0.919493 0.821662 0.991818 0.974176 0.786496 0.883823 0.876829 0.822716 0.747145 0.880266 0.857555 0.857150 0.846228 0.917552 0.946270 0.912711 0.926881 0.676749 0.793570 0.895848 0.848208 0.745700 0.924911
0.927889 0.768444 0.853009 0.768468 0.908207 0.760851 0.737889 0.654855 0.924714 0.720426 0.810501 0.728628 0.705680 0.674724 0.613723 0.620696 0.595355 0.512363 0.623819 0.689051 0.815974 0.966111 0.761443 0.877692 0.903367 0.919131 0.849089 0.841835 0.563212 0.607245 0.629875 0.508526 0.000000 0.492386 0.871019 0.947164 0.929981 0.982615 0.875600 0.952214 0.894973 0.889141 0.609347 0.598139 0.616334 0.617443 0.670507 0.623080 0.991353 0.984213 0.924253 0.961240 0.888239 0.922377 0.957042 0.865410 0.746865 0.798144 0.903303 0.926412 0.620025 0.773151 0.561272 0.610267 0.845863 0.694672 0.770418 0.540432 0.889467 0.878698 0.875980 0.723590 0.736601 0.842348 0.770247 0.850953 0.734177 0.798411 0.615271 0.598132 0.582047 0.731708 0.714472 0.872370 0.767368 0.747697 0.947540 0.813559 0.772754 0.976180 0.942354 0.908312 0.937090 0.915783 0.883716 0.983310 0.942600 0.719112 0.717791 0.620422 0.753084 0.683949 0.766767 0.766204 0.747959 0.855636 0.985220 0.999085 0.955677 0.850938 0.652856 0.735583 0.930607 0.833067 0.750132 0.889235
0.679018 0.572725 0.916003 0.845183 0.850989 0.697896 0.819520 0.519773 0.911902 0.676466 0.621148 0.479955 0.633536 0.570942 0.770770 0.611317 0.490172 0.403985 0.527987 0.519810 0.807366 0.958188 0.999430 0.965126 0.749967 0.902838 0.932785 0.870852 0.478314 0.416135 0.775101 0.688595 0.492386 0.000000 0.969646 0.892266 0.962984 0.928584 0.932952 0.912955 0.905790 0.966785 0.593706 0.434386 0.648292 0.493946 0.572754 0.553059 0.802801 0.840611 0.782908 0.852130 0.932655 0.962278 0.939902 0.967825 0.547078 0.647072 0.760088 0.741084 0.562763 0.532413 0.379860 0.424681 0.925992 0.745746 0.898224 0.615185 0.961607 0.743022 0.804764 0.634111 0.682398 0.710728 0.787055 0.831041 0.554306 0.670322 0.589431 0.643426 0.475865 0.612683 0.722395 0.845244 0.855599 0.809864 0.963120 0.930378 0.698840 0.873347 0.994099 0.765781 0.813632 0.816490 0.866856 0.825326 0.800894 0.700831 0.636765 0.735509 0.647881 0.846124 0.617052 0.771366 0.742885 0.821774 0.962517 0.918952 0.952319 0.747941 0.593038 0.651592 0.720979 0.831867 0.728357 0.963767
0.796788 0.783269 0.670307 0.923956 0.830522 0.958093 0.797515 0.934336 0.844905 0.886937 0.769036 0.746796 0.892121 0.830023 0.849414 0.992041 0.775247 0.872943 0.802392 0.819570 0.912775 0.890946 0.747289 0.900901 0.832105 0.722258 0.792057 0.999237 0.735934 0.743497 0.849188 0.863471 0.871019 0.969646 0.000000 0.764720 0.711276 0.927024 0.935008 0.935359 0.941544 0.969362 0.749210 0.983023 0.867057 0.944313 0.874857 0.975723 0.808018 0.688862 0.739742 0.768080 0.812456 0.908299 0.984045 0.824110 0.760295 0.731678 0.771896 0.744663 0.926375 0.907422 0.800273 0.789113 0.654682 0.688117 0.558709 0.657138 0.871233 0.692422 0.990234 0.935971 0.943715 0.992700 0.956950 0.990487 0.889405 0.990396 0.920598 0.845440 0.904390 0.930840 0.920067 0.991571 0.737354 0.709274 0.957843 0.956676 0.999457 0.918196 0.709794 0.673435 0.726463 0.696538 0.975385 0.846491 0.935278 0.909393 0.934831 0.784127 0.983344 0.762455 0.896559 0.920573 0.899550 0.974777 0.967758 0.785137 0.888694 0.971966 0.984387 0.999606 0.940901 0.956652 0.599942 0.901197
0.737393 0.724403 0.694463 0.939881 0.805619 0.966924 0.774138 0.863045 0.961801 0.803140 0.650658 0.721203 0.947224 0.865466 0.926690 0.946198 0.722887 0.799713 0.822918 0.680684 0.907747 0.963952 0.621949 0.727045 0.800042 0.779811 0.976430 0.862037 0.718945 0.709048 0.910728 0.956616 0.947164 0.892266 0.764720 0.000000 0.798012 0.987137 0.952842 0.955825 0.999098 0.959822 0.902049 0.962574 0.839659 0.797039 0.987828 0.926298 0.699873 0.595360 0.609346 0.655402 0.743538 0.715090 0.701182 0.835312 0.674383 0.643757 0.744988 0.660046 0.998202 0.744111 0.757889 0.721273 0.641012 0.788300 0.571337 0.736543 0.805570 0.713969 0.972741 0.923260 0.919407 0.950577 0.982045 0.841888 0.802930 0.982722 0.868065 0.970201 0.806717 0.849133 0.905622 0.979726 0.735904 0.808754 0.701793 0.679475 0.920354 0.942225 0.719966 0.700337 0.615765 0.750580 0.888881 0.940712 0.974298 0.802346 0.975598 0.846180 0.927575 0.875241 0.928250 0.784357 0.873800 0.981530 0.817996 0.887835 0.851018 0.975778 0.938512 0.931209 0.967661 0.946029 0.967638 0.905998
0.803506 0.857130 0.819801 0.931562 0.932533 0.881897 0.925350 0.745197 0.959762 0.869793 0.756649 0.746398 0.760527 0.657072 0.962619 0.936695 0.842839 0.943342 0.782839 0.836575 0.775839 0.955420 0.861601 0.974626 0.740260 0.670139 0.996440 0.904509 0.790224 0.826724 0.783102 0.874351 0.929981 0.962984 0.711276 0.798012 0.000000 0.811556 0.609078 0.838413 0.885914 0.834828 0.852764 0.989935 0.921126 0.919996 0.938572 0.966242 0.846120 0.779184 0.705822 0.768995 0.763795 0.762152 0.963734 0.995906 0.941440 0.867326 0.756172 0.755725 0.763629 0.775040 0.807620 0.840190 0.851517 0.967335 0.768038 0.808580 0.981636 0.975961 0.694977 0.902034 0.956139 0.951258 0.992148 0.918848 0.882869 0.817865 0.987094 0.994676 0.930842 0.985766 0.963734 0.857965 0.978258 0.924883 0.987250 0.827366 0.831582 0.856380 0.984075 0.810135 0.858725 0.923501 0.914467 0.989352 0.937525 0.682802 0.886248 0.978320 0.993505 0.990794 0.963902 0.984424 0.956875 0.849812 0.856494 0.998337 0.787445 0.847783 0.927832 0.988842 0.965465 0.910755 0.862917 0.985676
0.904899 0.907937 0.913429 0.849457 0.983204 0.919291 0.874563 0.934132 0.852100 0.983480 0.979809 0.982994 0.793771 0.886293 0.857212 0.972551 0.966680 0.843638 0.986302 0.967445 0.892836 0.699431 0.963120 0.976235 0.815000 0.877661 0.883815 0.989872 0.992834 0.983105 0.902599 0.979238 0.982615 0.928584 0.927024 0.987137 0.811556 0.000000 0.821728 0.924239 0.836824 0.748774 0.926181 0.988871 0.898273 0.905620 0.840781 0.806708 0.953433 0.978357 0.946393 0.978905 0.973687 0.802325 0.832666 0.903379 0.818957 0.805215 0.882535 0.989387 0.954870 0.957468 0.952520 0.897560 0.903674 0.991649 0.912294 0.947879 0.738829 0.827565 0.836617 0.770366 0.808134 0.877476 0.915669 0.924024 0.984835 0.863878 0.814374 0.850708 0.885662 0.803389 0.926332 0.716409 0.921818 0.827507 0.794148 0.844748 0.947692 0.840595 0.810232 0.937965 0.948045 0.989837 0.843345 0.832099 0.582043 0.725101 0.983838 0.876194 0.975298 0.915051 0.901640 0.655155 0.875905 0.733337 0.899185 0.946489 0.959649 0.933640 0.826238 0.955383 0.966732 0.919908 0.911815 0.935873
