0.000000 0.243653 0.922769 0.818795 0.969065 0.897997 0.432326 0.520068 0.853901 0.647425 0.420455 0.336123 0.476393 0.517713 0.876093 0.989130 0.264134 0.254166 0.327631 0.317700 0.928060 0.842274 0.788364 0.699554 0.579871 0.698412 0.761898 0.806684 0.485263 0.411218 0.763497 0.912116 0.423815 0.454056 0.906810 0.846332 0.887381 0.841462 0.824178 0.889616 0.861782 0.745660 0.761658 0.568069 0.577609 0.509930 0.448481 0.435018 0.421070 0.487617 0.568324 0.628778 0.927242 0.860538 0.436231 0.552471 0.251919 0.240736 0.376132 0.376974 0.363810 0.450437 0.368456 0.298789 0.995980 0.790695 0.660766 0.672713 0.343377 0.363974 0.728246 0.712064 0.818020 0.914693 0.961534 0.926681 0.919788 0.922792 0.569380 0.533244 0.275142 0.364725 0.483378 0.404493 0.350386 0.691090 0.985269 0.834314 0.679328 0.648020 0.967307 0.986924 0.808630 0.908196 0.848864 0.834033 0.635860 0.879377 0.586144 0.611362 0.773904 0.875156 0.521100 0.738824 0.868364 0.797494 0.835661 0.996952 0.860581 0.762317 0.770289 0.810918 0.664153 0.709433 0.687584 0.948484
0.243653 0.000000 0.919261 0.944553 0.950725 0.820343 0.454993 0.510607 0.878171 0.697684 0.477974 0.421956 0.563972 0.557511 0.829605 0.958746 0.261399 0.276131 0.365257 0.307440 0.990377 0.866100 0.852855 0.797798 0.694617 0.800967 0.836661 0.808283 0.480116 0.412495 0.824389 0.951634 0.444962 0.433434 0.991686 0.831106 0.812939 0.792998 0.794447 0.892743 0.742242 0.708169 0.699311 0.518516 0.553028 0.465574 0.402518 0.377946 0.373848 0.392268 0.459568 0.509309 0.803689 0.991249 0.405305 0.514490 0.228925 0.215262 0.372067 0.318936 0.383087 0.420358 0.368046 0.308906 0.885428 0.700522 0.560710 0.606963 0.317735 0.310035 0.772094 0.764924 0.896721 0.992110 0.952112 0.914637 0.874937 0.839867 0.549893 0.514708 0.304582 0.416889 0.458820 0.448255 0.334884 0.619691 0.975150 0.773827 0.728959 0.662672 0.992785 0.951072 0.883652 0.971201 0.838894 0.784583 0.572422 0.797765 0.580714 0.549150 0.777879 0.877456 0.529407 0.729732 0.764057 0.727787 0.857135 0.966478 0.889715 0.764869 0.773546 0.772792 0.637963 0.652780 0.654375 0.978511
0.922769 0.919261 0.000000 0.622711 0.826792 0.864223 0.768344 0.687134 0.826018 0.957485 0.960827 0.984368 0.971591 0.858282 0.878350 0.821177 0.974229 0.958127 0.967075 0.955530 0.984692 0.939090 0.937432 0.875817 0.646019 0.750120 0.960449 0.954759 0.931123 0.946206 0.734920 0.705974 0.917551 0.805983 0.813485 0.994937 0.782520 0.928648 0.844621 0.897993 0.936942 0.888035 0.953908 0.970889 0.756509 0.858753 0.875488 0.966081 0.768746 0.841241 0.966910 0.830081 0.904514 0.871417 0.969958 0.927124 0.989450 0.927043 0.876522 0.989818 0.899740 0.993699 0.898436 0.952936 0.697019 0.679259 0.753512 0.751154 0.923653 0.981623 0.941438 0.903259 0.900233 0.967040 0.872506 0.814729 0.886801 0.920557 0.840568 0.984018 0.972731 0.900694 0.909721 0.988045 0.931465 0.810016 0.739174 0.985271 0.930637 0.972103 0.764483 0.720830 0.761710 0.740291 0.999233 0.979269 0.967865 0.959626 0.800081 0.863848 0.886344 0.871737 0.938855 0.986090 0.861681 0.967781 0.986518 0.897141 0.984887 0.966295 0.881254 0.826189 0.824014 0.938113 0.904227 0.962853
0.818795 0.944553 0.622711 0.000000 0.580689 0.807982 0.938242 0.831104 0.989564 0.922742 0.654133 0.737648 0.592218 0.627588 0.710416 0.911346 0.864164 0.814595 0.869604 0.904951 0.900653 0.881224 0.835731 0.672841 0.443415 0.512179 0.734946 0.977585 0.794996 0.796036 0.688075 0.688792 0.995645 0.963893 0.722368 0.881010 0.847612 0.740015 0.935116 0.970376 0.832087 0.929953 0.789753 0.851942 0.877090 0.947916 0.891026 0.989078 0.929226 0.837015 0.778186 0.732538 0.705479 0.674318 0.905551 0.855780 0.979384 0.932924 0.892253 0.808367 0.844989 0.954088 0.868775 0.862414 0.557627 0.541322 0.574308 0.634123 0.965999 0.920080 0.698153 0.711878 0.716733 0.815145 0.805274 0.959574 0.764039 0.763331 0.962142 0.908316 0.813962 0.776283 0.782878 0.745115 0.817327 0.777121 0.870981 0.909182 0.891543 0.883964 0.916102 0.877289 0.845868 0.843778 0.767724 0.947434 0.945951 0.909107 0.950070 0.962057 0.766988 0.886222 0.950685 0.970614 0.719598 0.774084 0.833952 0.959346 0.959149 0.932076 0.982464 0.942858 0.977497 0.954566 0.936960 0.881557
0.969065 0.950725 0.826792 0.580689 0.000000 0.931904 0.962107 0.828838 0.986178 0.995333 0.851027 0.908642 0.758218 0.801650 0.643248 0.822467 0.931227 0.920246 0.970639 0.961550 0.974347 0.881443 0.888514 0.979348 0.683359 0.736670 0.894805 0.804382 0.837603 0.820796 0.800504 0.862159 0.962246 0.982178 0.905989 0.936169 0.974034 0.790226 0.912264 0.862713 0.989124 0.964464 0.949349 0.974543 0.852813 0.911975 0.978466 0.982913 0.905982 0.976547 0.916691 0.893634 0.976487 0.905683 0.850350 0.986371 0.984813 0.980325 0.895591 0.879833 0.907657 0.977346 0.922467 0.928691 0.840191 0.749206 0.804873 0.826963 0.994239 0.948510 0.962649 0.770238 0.999649 0.830525 0.821189 0.844509 0.979891 0.971135 0.981210 0.978725 0.889170 0.880424 0.834080 0.810117 0.814235 0.938048 0.775650 0.818613 0.956522 0.982161 0.955539 0.987311 0.998527 0.984467 0.861834 0.967146 0.922075 0.943292 0.950249 0.923735 0.809355 0.987150 0.869271 0.952562 0.855855 0.865783 0.958582 0.978079 0.858741 0.950567 0.936009 0.836034 0.985196 0.911309 0.861769 0.987157
0.897997 0.820343 0.864223 0.807982 0.931904 0.000000 0.790786 0.782958 0.678390 0.768812 0.923052 0.933583 0.963931 0.971403 0.848756 0.830385 0.828724 0.900690 0.917536 0.896934 0.951063 0.940152 0.786815 0.826285 0.890309 0.745697 0.999283 0.845825 0.805408 0.857586 0.891471 0.963536 0.840334 0.816154 0.842700 0.796972 0.955415 0.948774 0.976395 0.922114 0.976857 0.690827 0.816475 0.806248 0.768877 0.776620 0.752454 0.809377 0.816685 0.816371 0.845982 0.887300 0.854955 0.905578 0.842950 0.740959 0.895728 0.914180 0.916302 0.826190 0.798910 0.737620 0.893649 0.862117 0.686101 0.624640 0.802399 0.758841 0.821877 0.845994 0.865799 0.961026 0.837593 0.829225 0.834543 0.861784 0.718622 0.791401 0.869901 0.658231 0.792759 0.825753 0.924310 0.946419 0.722039 0.647958 0.940642 0.951002 0.980498 0.990456 0.765418 0.916320 0.802791 0.946214 0.795821 0.897037 0.801880 0.889516 0.775847 0.841269 0.853986 0.944767 0.821375 0.928660 0.806018 0.898269 0.960554 0.991624 0.757326 0.922885 0.959653 0.947864 0.823691 0.914797 0.945600 0.917168
0.432326 0.454993 0.768344 0.938242 0.962107 0.790786 0.000000 0.274450 0.795163 0.429298 0.413640 0.394595 0.409427 0.523945 0.733401 0.922696 0.387564 0.431434 0.380979 0.448347 0.997845 0.912129 0.730527 0.588263 0.598379 0.823341 0.614309 0.886835 0.361270 0.362805 0.863985 0.784552 0.303239 0.289769 0.978549 0.993248 0.902696 0.933985 0.740089 0.870522 0.999427 0.843235 0.535092 0.402583 0.484454 0.380892 0.341048 0.399759 0.470644 0.605852 0.529870 0.788162 0.986372 0.814503 0.563771 0.537153 0.433127 0.488828 0.368357 0.530557 0.221451 0.385303 0.276620 0.300655 0.983895 0.692029 0.546712 0.464529 0.655887 0.522320 0.829091 0.783966 0.956720 0.903110 0.911433 0.842062 0.670888 0.894369 0.417645 0.440923 0.329700 0.476429 0.657610 0.634613 0.492296 0.771374 0.898048 0.979046 0.943346 0.999071 0.917566 0.778410 0.728072 0.673272 0.891591 0.901288 0.585148 0.877083 0.577243 0.607325 0.586064 0.834100 0.475457 0.573215 0.692268 0.756724 0.786278 0.966923 0.752483 0.672678 0.720286 0.822261 0.695470 0.680400 0.862495 0.960782
0.520068 0.510607 0.687134 0.831104 0.828838 0.782958 0.274450 0.000000 0.738336 0.441082 0.569365 0.484592 0.541254 0.575763 0.851493 0.830079 0.503516 0.557320 0.433755 0.526668 0.996105 0.939751 0.802209 0.693204 0.802272 0.998022 0.733151 0.791993 0.476472 0.499774 0.765848 0.783414 0.325671 0.348353 0.864132 0.906946 0.870264 0.917618 0.737371 0.874527 0.973206 0.842187 0.473717 0.353548 0.516331 0.408623 0.335016 0.431400 0.480166 0.563676 0.484370 0.681071 0.875037 0.952085 0.521010 0.489029 0.477902 0.535226 0.368161 0.475354 0.327071 0.370348 0.388099 0.391911 0.943603 0.585847 0.485566 0.406192 0.682003 0.499884 0.996998 0.956913 0.937517 0.926440 0.801559 0.893214 0.604543 0.796158 0.524561 0.523979 0.443744 0.623057 0.748477 0.772313 0.611655 0.819763 0.851994 0.921870 0.868727 0.940989 0.921617 0.872545 0.773250 0.730345 0.792984 0.900312 0.517422 0.855460 0.560512 0.658284 0.654042 0.824028 0.572469 0.523847 0.611453 0.723888 0.885531 0.937729 0.808980 0.685496 0.708798 0.851948 0.698369 0.662872 0.870239 0.868646
0.853901 0.878171 0.826018 0.989564 0.986178 0.678390 0.795163 0.738336 0.000000 0.658380 0.850867 0.713014 0.710490 0.723527 0.685975 0.648613 0.921664 0.915002 0.933642 0.950901 0.744196 0.896632 0.779123 0.908306 0.997322 0.812700 0.898225 0.983024 0.800297 0.754430 0.801756 0.921473 0.770794 0.801700 0.868018 0.948006 0.922681 0.948161 0.757331 0.906692 0.941174 0.874274 0.818983 0.815567 0.758968 0.776642 0.783228 0.832350 0.757625 0.934985 0.929304 0.986897 0.919227 0.924228 0.761318 0.822765 0.919435 0.914780 0.942435 0.936851 0.748909 0.597229 0.876927 0.782831 0.867233 0.720693 0.960466 0.913169 0.830817 0.768959 0.739503 0.754584 0.902174 0.859974 0.736166 0.924925 0.801152 0.875231 0.940974 0.821206 0.797749 0.941682 0.770021 0.915596 0.700857 0.754280 0.906411 0.928537 0.795727 0.878159 0.987952 0.934675 0.909794 0.915829 0.809035 0.870882 0.865509 0.883674 0.792562 0.888069 0.831554 0.936805 0.841748 0.996384 0.803269 0.915043 0.902026 0.858216 0.799529 0.765740 0.907165 0.929878 0.897259 0.881793 0.806439 0.939426
0.647425 0.697684 0.957485 0.922742 0.995333 0.768812 0.429298 0.441082 0.658380 0.000000 0.590808 0.498138 0.461418 0.480652 0.672414 0.969174 0.664916 0.664062 0.558895 0.620237 0.885191 0.965856 0.871892 0.587586 0.615429 0.962861 0.639072 0.777321 0.512783 0.538007 0.739507 0.918899 0.444122 0.484536 0.924076 0.984697 0.900870 0.906800 0.827401 0.911493 0.857321 0.989568 0.550983 0.459708 0.395447 0.388741 0.505421 0.635268 0.493258 0.678666 0.707410 0.887766 0.980083 0.874580 0.748260 0.689097 0.718137 0.756580 0.652387 0.734367 0.447192 0.444552 0.568609 0.540520 0.758507 0.857441 0.789066 0.652101 0.815892 0.690235 0.922192 0.985929 0.962931 0.921189 0.972377 0.898267 0.662559 0.973477 0.699362 0.561441 0.565416 0.719438 0.798526 0.853063 0.681720 0.978546 0.938355 0.834541 0.944087 0.967657 0.846412 0.933498 0.992084 0.795851 0.870787 0.869385 0.708135 0.839547 0.465888 0.600267 0.613667 0.801798 0.578905 0.655544 0.772587 0.962162 0.812488 0.917539 0.707617 0.651800 0.692666 0.760293 0.736790 0.715658 0.897355 0.912584
0.420455 0.477974 0.960827 0.654133 0.851027 0.923052 0.413640 0.569365 0.850867 0.590808 0.000000 0.353696 0.353689 0.480215 0.755709 0.945466 0.393965 0.360113 0.415583 0.416233 0.995979 0.785130 0.674154 0.625668 0.488985 0.575085 0.569239 0.918790 0.414088 0.374722 0.777031 0.977543 0.460126 0.486914 0.854600 0.935625 0.948903 0.955065 0.915464 0.876344 0.946092 0.768650 0.932959 0.753713 0.707584 0.596236 0.559175 0.602218 0.624545 0.827654 0.855938 0.958613 0.727772 0.578265 0.675329 0.760949 0.463072 0.485820 0.579874 0.720660 0.349928 0.545329 0.364447 0.364350 0.795282 0.938348 0.902754 0.822636 0.582641 0.591829 0.667212 0.605663 0.724741 0.827331 0.990796 0.995470 0.976432 0.885603 0.617409 0.491168 0.328359 0.335144 0.604125 0.437710 0.496713 0.840886 0.974940 0.921060 0.774593 0.927628 0.804667 0.706045 0.678968 0.675122 0.942632 0.980401 0.781155 0.979646 0.771309 0.864971 0.767885 0.996382 0.683564 0.802891 0.991927 0.945582 0.860165 0.911376 0.833956 0.786503 0.883434 0.933775 0.792704 0.841376 0.908651 0.940412
0.336123 0.421956 0.984368 0.737648 0.908642 0.933583 0.394595 0.484592 0.713014 0.498138 0.353696 0.000000 0.314128 0.362362 0.669225 0.889657 0.364579 0.354187 0.352024 0.417024 0.885434 0.800315 0.834154 0.674746 0.507463 0.697263 0.717968 0.887790 0.407489 0.362315 0.944419 0.957048 0.392312 0.448735 0.855866 0.902714 0.914055 0.935493 0.821180 0.905821 0.980348 0.817736 0.802861 0.593996 0.565856 0.508780 0.500432 0.525104 0.499754 0.685600 0.754894 0.875248 0.909772 0.690482 0.597909 0.643482 0.417377 0.425270 0.534895 0.616927 0.330814 0.399627 0.392016 0.321382 0.879150 0.839302 0.809168 0.781017 0.530052 0.441166 0.832232 0.801714 0.780403 0.889157 0.980061 0.972114 0.910356 0.984439 0.584606 0.506000 0.316889 0.394572 0.480104 0.503167 0.396366 0.772175 0.969651 0.882395 0.701154 0.777297 0.878292 0.827260 0.702478 0.791068 0.914430 0.833742 0.727208 0.999902 0.621003 0.689457 0.704897 0.925031 0.568307 0.740753 0.886270 0.913971 0.784430 0.976905 0.810856 0.770602 0.797625 0.861674 0.707046 0.693785 0.750986 0.960291
0.476393 0.563972 0.971591 0.592218 0.758218 0.963931 0.409427 0.541254 0.710490 0.461418 0.353689 0.314128 0.000000 0.298190 0.509763 0.875400 0.491789 0.491437 0.456853 0.546899 0.874013 0.854839 0.881178 0.583382 0.444563 0.607237 0.651262 0.906577 0.408874 0.361791 0.997799 0.982921 0.419233 0.494108 0.830760 0.948682 0.966963 0.868683 0.811762 0.875934 0.920809 0.850714 0.773212 0.620835 0.539380 0.486272 0.554200 0.596917 0.530974 0.808116 0.815094 0.998512 0.857396 0.631593 0.728029 0.735671 0.581046 0.574941 0.615005 0.777340 0.329988 0.443039 0.426556 0.377186 0.750428 0.987470 0.950753 0.846269 0.687563 0.601676 0.874415 0.815860 0.838089 0.922607 0.996105 0.834950 0.855273 0.987262 0.664939 0.582411 0.405376 0.523020 0.552284 0.587409 0.473731 0.925251 0.978441 0.924805 0.767169 0.953159 0.797461 0.720902 0.608660 0.680388 0.992795 0.924154 0.725325 0.956540 0.676884 0.735958 0.636493 0.920520 0.604584 0.718432 0.991561 0.876232 0.770947 0.978002 0.762289 0.766184 0.728848 0.924367 0.766072 0.759909 0.862325 0.964619
0.517713 0.557511 0.858282 0.627588 0.801650 0.971403 0.523945 0.575763 0.723527 0.480652 0.480215 0.362362 0.298190 0.000000 0.499207 0.770793 0.573507 0.540989 0.508579 0.562182 0.964380 0.836461 0.963637 0.693517 0.507497 0.705040 0.711197 0.844293 0.483332 0.454953 0.992268 0.995231 0.512421 0.565386 0.803863 0.964687 0.983970 0.943675 0.908930 0.916573 0.932665 0.961703 0.736283 0.583693 0.493068 0.472231 0.567062 0.625181 0.443600 0.724521 0.776503 0.865053 0.995333 0.785046 0.734116 0.781663 0.614334 0.586115 0.722249 0.768187 0.437215 0.404435 0.556631 0.474761 0.800257 0.995895 0.975564 0.900475 0.672898 0.565914 0.940837 0.940912 0.806614 0.924066 0.986514 0.926199 0.856661 0.963039 0.745657 0.575792 0.482565 0.602307 0.496588 0.673353 0.472753 0.948292 0.978577 0.916957 0.708312 0.844501 0.914971 0.929483 0.759894 0.845955 0.930448 0.945827 0.712449 0.931746 0.599133 0.656671 0.629909 0.797533 0.639219 0.742263 0.959012 0.965943 0.863384 0.934459 0.783678 0.792336 0.743782 0.852828 0.744555 0.696693 0.835521 0.957060
0.876093 0.829605 0.878350 0.710416 0.643248 0.848756 0.733401 0.851493 0.685975 0.672414 0.755709 0.669225 0.509763 0.499207 0.000000 0.532079 0.824288 0.863417 0.900530 0.892199 0.951048 0.856776 0.668305 0.926857 0.705146 0.919430 0.945986 0.902854 0.633282 0.610837 0.836024 0.897201 0.703987 0.787038 0.901729 0.933649 0.958051 0.799356 0.849468 0.905834 0.958375 0.945715 0.811819 0.788729 0.608196 0.627355 0.786243 0.782027 0.653167 0.896372 0.900407 0.992387 0.930746 0.923361 0.982694 0.940259 0.948972 0.905761 0.962883 0.935481 0.669349 0.649203 0.761327 0.712542 0.970477 0.992984 0.912597 0.993735 0.966956 0.803177 0.868619 0.883679 0.986175 0.860137 0.941921 0.805744 0.749453 0.894973 0.892932 0.796823 0.761487 0.905800 0.614695 0.884012 0.570753 0.827127 0.910711 0.855305 0.896737 0.974120 0.986041 0.870953 0.906291 0.889831 0.998012 0.982157 0.856312 0.905272 0.745073 0.803437 0.662817 0.949700 0.725167 0.936623 0.921248 0.905608 0.827653 0.997565 0.840431 0.972965 0.835630 0.861376 0.908246 0.857379 0.926818 0.981000
0.989130 0.958746 0.821177 0.911346 0.822467 0.830385 0.922696 0.830079 0.648613 0.969174 0.945466 0.889657 0.875400 0.770793 0.532079 0.000000 0.978726 0.993797 0.865130 0.907387 0.911945 0.888793 0.455524 0.677004 0.973035 0.915712 0.792109 0.764384 0.976699 0.875333 0.930838 0.857626 0.952895 0.938991 0.934697 0.967858 0.884750 0.934039 0.999594 0.981186 0.826369 0.944562 0.992344 0.986477 0.902451 0.953616 0.964418 0.934773 0.870830 0.987681 0.971179 0.983357 0.821120 0.951357 0.900918 0.909502 0.925581 0.978013 0.729754 0.836078 0.983345 0.835560 0.892222 0.990607 0.679994 0.893145 0.845999 0.844418 0.963368 0.941455 0.805231 0.834226 0.842663 0.812398 0.961735 0.930609 0.987095 0.854878 0.900876 0.947128 0.981972 0.926551 0.585967 0.997397 0.644184 0.634113 0.932978 0.825017 0.840453 0.857247 0.951006 0.936916 0.949416 0.799724 0.884593 0.927648 0.884943 0.962600 0.997687 0.848416 0.973148 0.872166 0.920778 0.702253 0.949248 0.882073 0.935565 0.855715 0.978097 0.919754 0.973745 0.991476 0.983082 0.988649 0.850849 0.980073
0.264134 0.261399 0.974229 0.864164 0.931227 0.828724 0.387564 0.503516 0.921664 0.664916 0.393965 0.364579 0.491789 0.573507 0.824288 0.978726 0.000000 0.231801 0.331879 0.315350 0.957174 0.829565 0.710678 0.699406 0.597684 0.748921 0.705010 0.878848 0.393640 0.323225 0.857802 0.968654 0.372152 0.369892 0.975406 0.926371 0.811731 0.873579 0.855280 0.839688 0.788306 0.651205 0.786542 0.578991 0.612995 0.496487 0.402890 0.412529 0.476961 0.532842 0.570339 0.693146 0.985119 0.803996 0.447717 0.539316 0.246705 0.260292 0.367605 0.397964 0.324548 0.472689 0.280644 0.242085 0.985418 0.733574 0.583479 0.578368 0.401297 0.380401 0.676478 0.677128 0.870751 0.944060 0.987785 0.932270 0.875998 0.904223 0.491618 0.534834 0.243480 0.336609 0.481086 0.406230 0.383065 0.655720 0.944579 0.816456 0.787286 0.769882 0.898932 0.844310 0.737452 0.793138 0.923572 0.835722 0.611941 0.873966 0.645612 0.645558 0.730491 0.978585 0.540524 0.775015 0.842081 0.726077 0.876434 0.983941 0.818366 0.747519 0.823316 0.799664 0.623896 0.680356 0.703920 0.965215
0.254166 0.276131 0.958127 0.814595 0.920246 0.900690 0.431434 0.557320 0.915002 0.664062 0.360113 0.354187 0.491437 0.540989 0.863417 0.993797 0.231801 0.000000 0.301092 0.263021 0.986302 0.869010 0.725070 0.724062 0.574556 0.716022 0.668892 0.816284 0.401937 0.318374 0.742045 0.970351 0.425246 0.413680 0.891329 0.922854 0.830419 0.832032 0.896247 0.816880 0.818852 0.721804 0.862553 0.653489 0.660848 0.527317 0.442490 0.446844 0.507703 0.563023 0.631806 0.740593 0.930906 0.752096 0.487457 0.590481 0.252443 0.260965 0.424608 0.447980 0.358918 0.500794 0.314709 0.286167 0.981687 0.773408 0.648982 0.642130 0.391445 0.399619 0.677314 0.619784 0.817731 0.938964 0.972890 0.949377 0.956735 0.960644 0.517552 0.515370 0.247455 0.294956 0.457758 0.330975 0.377051 0.668672 0.890268 0.739356 0.786958 0.709944 0.862026 0.877702 0.749916 0.813371 0.899472 0.885830 0.673389 0.895739 0.671830 0.693683 0.805657 0.977090 0.542139 0.793434 0.921545 0.829904 0.886902 0.950643 0.847552 0.812447 0.807618 0.832429 0.682484 0.737206 0.750458 0.881992
0.327631 0.365257 0.967075 0.869604 0.970639 0.917536 0.380979 0.433755 0.933642 0.558895 0.415583 0.352024 0.456853 0.508579 0.900530 0.865130 0.331879 0.301092 0.000000 0.285225 0.900874 0.892466 0.729648 0.642630 0.564913 0.672747 0.654719 0.714623 0.413827 0.397839 0.880059 0.921963 0.392479 0.373343 0.947599 0.939285 0.939238 0.867087 0.881060 0.877066 0.906027 0.843391 0.703719 0.507443 0.545059 0.452434 0.417986 0.466108 0.491957 0.554981 0.618844 0.740929 0.934308 0.772750 0.525844 0.566327 0.328507 0.359075 0.392077 0.483284 0.357883 0.450679 0.363300 0.344022 0.882973 0.785669 0.619361 0.585191 0.468585 0.458833 0.805890 0.765734 0.913110 0.979653 0.957424 0.914794 0.927232 0.987781 0.524779 0.497184 0.322738 0.363849 0.578148 0.460826 0.504679 0.851985 0.998263 0.801807 0.765091 0.824988 0.916459 0.885115 0.748591 0.816117 0.958112 0.977884 0.704290 0.971194 0.610059 0.668632 0.787963 0.826182 0.513384 0.576720 0.922235 0.855292 0.845650 0.983855 0.836564 0.741467 0.813263 0.799820 0.681060 0.667514 0.794368 0.986209
0.317700 0.307440 0.955530 0.904951 0.961550 0.896934 0.448347 0.526668 0.950901 0.620237 0.416233 0.417024 0.546899 0.562182 0.892199 0.907387 0.315350 0.263021 0.285225 0.000000 0.966225 0.909066 0.754771 0.760162 0.643878 0.750817 0.691435 0.748673 0.449172 0.383978 0.785454 0.976191 0.447121 0.404977 0.895401 0.932907 0.791916 0.794730 0.942901 0.902052 0.871099 0.809449 0.851240 0.625344 0.649256 0.535906 0.427860 0.501879 0.532712 0.565772 0.652224 0.747298 0.908231 0.752456 0.483611 0.586971 0.301824 0.314491 0.446007 0.476870 0.405954 0.516411 0.376562 0.347671 0.986312 0.753408 0.645663 0.619328 0.409194 0.438197 0.713737 0.691449 0.773611 0.993909 0.992505 0.933095 0.995720 0.939011 0.529415 0.501673 0.323534 0.317824 0.559194 0.368275 0.443960 0.707391 0.926057 0.716613 0.769630 0.743488 0.891027 0.906677 0.775909 0.827748 0.943534 0.891982 0.738417 0.878566 0.710777 0.695425 0.898546 0.990736 0.624862 0.716153 0.905873 0.898305 0.874457 0.913298 0.883803 0.808425 0.829522 0.801280 0.815407 0.783336 0.833116 0.958825
0.928060 0.990377 0.984692 0.900653 0.974347 0.951063 0.997845 0.996105 0.744196 0.885191 0.995979 0.885434 0.874013 0.964380 0.951048 0.911945 0.957174 0.986302 0.900874 0.966225 0.000000 0.984449 0.997403 0.988751 0.928199 0.929218 0.917255 0.958854 0.934736 0.970832 0.989996 0.906368 0.945389 0.998063 0.929100 0.987869 0.887509 0.977349 0.726656 0.966713 0.976193 0.941523 0.993589 0.983870 0.954985 0.994965 0.895995 0.983084 0.976579 0.974165 0.939391 0.970276 0.974030 0.965360 0.987032 0.993727 0.953099 0.942152 0.970326 0.996477 0.980758 0.975221 0.929837 0.961061 0.962194 0.913372 0.881064 0.868411 0.953902 0.958455 0.873658 0.856994 0.945391 0.967659 0.939279 0.963018 0.960358 0.979429 0.909217 0.994177 0.999226 0.967563 0.943882 0.989382 0.960120 0.922987 0.944706 0.995771 0.872934 0.864875 0.882377 0.955494 0.986268 0.961465 0.969693 0.952048 0.908341 0.824180 0.954487 0.844226 0.931882 0.881815 0.892343 0.991911 0.960477 0.896002 0.926165 0.976229 0.982393 0.894846 0.996757 0.994974 0.941897 0.806890 0.838330 0.932695
0.842274 0.866100 0.939090 0.881224 0.881443 0.940152 0.912129 0.939751 0.896632 0.965856 0.785130 0.800315 0.854839 0.836461 0.856776 0.888793 0.829565 0.869010 0.892466 0.909066 0.984449 0.000000 0.989365 0.951637 0.948969 0.913587 0.992107 0.972902 0.825272 0.823084 0.931266 0.982570 0.836382 0.930815 0.976768 0.856322 0.982689 0.898826 0.892746 0.811050 0.934126 0.927280 0.914628 0.984117 0.958642 0.999105 0.950167 0.873820 0.956294 0.938737 0.934128 0.914996 0.932210 0.869679 0.946643 0.963430 0.883245 0.907536 0.996583 0.927414 0.887235 0.862551 0.910595 0.856335 0.987344 0.982584 0.894015 0.901418 0.884148 0.943281 0.821068 0.902490 0.926915 0.936244 0.983617 0.892914 0.957416 0.973877 0.996312 0.876091 0.880047 0.801504 0.831275 0.766090 0.876883 0.944591 0.960473 0.912384 0.741370 0.965986 0.902446 0.839229 0.937526 0.810966 0.903031 0.999956 0.825351 0.895450 0.970283 0.911675 0.922598 0.835269 0.989493 0.895125 0.994861 0.989048 0.972485 0.884230 0.966527 0.942027 0.986212 0.990551 0.996659 0.983207 0.949350 0.900339
0.788364 0.852855 0.937432 0.835731 0.888514 0.786815 0.730527 0.802209 0.779123 0.871892 0.674154 0.834154 0.881178 0.963637 0.668305 0.455524 0.710678 0.725070 0.729648 0.754771 0.997403 0.989365 0.000000 0.539744 0.751046 0.748151 0.588494 0.833467 0.773097 0.827610 0.898353 0.872349 0.817794 0.716187 0.993042 0.960376 0.997263 0.989147 0.885291 0.968077 0.875170 0.946433 0.920964 0.983065 0.957567 0.955914 0.879078 0.887828 0.985926 0.999319 0.972711 0.886491 0.690051 0.704738 0.816918 0.919086 0.717163 0.785463 0.624649 0.776082 0.768136 0.976192 0.637806 0.705680 0.574387 0.900135 0.866675 0.822038 0.863975 0.977590 0.581906 0.647129 0.778426 0.784753 0.981542 0.860199 0.920779 0.763896 0.677804 0.943735 0.719025 0.685255 0.831415 0.766142 0.876859 0.745694 0.890869 0.873797 0.819266 0.765696 0.821428 0.730597 0.744513 0.678716 0.767196 0.979193 0.912425 0.984031 0.996429 0.919123 0.842072 0.944109 0.953706 0.778609 0.997115 0.968548 0.893344 0.937805 0.918600 0.660953 0.984549 0.976150 0.884840 0.901101 0.936156 0.928423
0.699554 0.797798 0.875817 0.672841 0.979348 0.826285 0.588263 0.693204 0.908306 0.587586 0.625668 0.674746 0.583382 0.693517 0.926857 0.677004 0.699406 0.724062 0.642630 0.760162 0.988751 0.951637 0.539744 0.000000 0.565259 0.688498 0.627604 0.840485 0.642632 0.680901 0.897502 0.910331 0.599051 0.638337 0.894697 0.925225 0.840912 0.853069 0.874507 0.983497 0.814229 0.922923 0.736273 0.697480 0.676209 0.637937 0.748093 0.715468 0.682258 0.834322 0.776994 0.941922 0.854574 0.819240 0.817841 0.874024 0.730732 0.757112 0.628106 0.805406 0.594826 0.743134 0.566077 0.626740 0.508206 0.747453 0.968558 0.875700 0.886558 0.917278 0.832832 0.788179 0.955119 0.840187 0.822790 0.834995 0.869031 0.977363 0.775066 0.804150 0.682860 0.792588 0.994752 0.868276 0.933571 0.655205 0.820677 0.818959 0.868924 0.805807 0.852581 0.796586 0.752551 0.678155 0.801398 0.967909 0.776677 0.961532 0.752752 0.870642 0.635086 0.815346 0.743495 0.610762 0.968042 0.994076 0.730237 0.906001 0.991650 0.680497 0.773652 0.855281 0.779793 0.831427 0.964437 0.955664
0.579871 0.694617 0.646019 0.443415 0.683359 0.890309 0.598379 0.802272 0.997322 0.615429 0.488985 0.507463 0.444563 0.507497 0.705146 0.973035 0.597684 0.574556 0.564913 0.643878 0.928199 0.948969 0.751046 0.565259 0.000000 0.506688 0.590057 0.786840 0.613987 0.585046 0.761245 0.895721 0.645577 0.684519 0.691208 0.981741 0.843177 0.772805 0.927005 0.885222 0.842796 0.947262 0.909399 0.791035 0.549451 0.571483 0.752101 0.765755 0.612769 0.858343 0.906255 0.970029 0.825338 0.686477 0.852835 0.916089 0.684738 0.690752 0.775270 0.873718 0.537050 0.685889 0.592893 0.578331 0.550745 0.807431 0.944103 0.974869 0.833928 0.776115 0.754389 0.769457 0.810916 0.983732 0.825816 0.880310 0.942295 0.890050 0.736349 0.652210 0.543543 0.620883 0.713115 0.662405 0.667824 0.885727 0.958301 0.999328 0.879016 0.986585 0.947121 0.962794 0.890884 0.898272 0.839916 0.948779 0.893443 0.923563 0.595505 0.725985 0.637027 0.782510 0.587436 0.701208 0.933073 0.994397 0.804693 0.988647 0.868064 0.837800 0.715771 0.797848 0.786253 0.748966 0.943576 0.978137
0.698412 0.800967 0.750120 0.512179 0.736670 0.745697 0.823341 0.998022 0.812700 0.962861 0.575085 0.697263 0.607237 0.705040 0.919430 0.915712 0.748921 0.716022 0.672747 0.750817 0.929218 0.913587 0.748151 0.688498 0.506688 0.000000 0.681519 0.920652 0.886055 0.791838 0.551782 0.801941 0.915404 0.919231 0.683953 0.853829 0.889960 0.801532 0.897378 0.976586 0.924491 0.958527 0.859267 0.961582 0.952924 0.953494 0.976328 0.975142 0.922842 0.930209 0.895104 0.850324 0.711030 0.675857 0.975573 0.963773 0.824873 0.802913 0.887929 0.978245 0.783919 0.974153 0.758540 0.789158 0.624719 0.597696 0.770422 0.820635 0.870339 0.964634 0.728938 0.701566 0.682075 0.847537 0.892475 0.954375 0.757679 0.826895 0.859631 0.949582 0.791172 0.702788 0.844476 0.709878 0.836884 0.826608 0.997008 0.973774 0.840334 0.991752 0.873752 0.936208 0.769199 0.895377 0.691341 0.864508 0.938416 0.885300 0.904061 0.964292 0.992333 0.932921 0.825791 0.854712 0.774882 0.933740 0.813183 0.941473 0.918430 0.975037 0.924404 0.927817 0.960301 0.989332 0.921182 0.992095
0.761898 0.836661 0.960449 0.734946 0.894805 0.999283 0.614309 0.733151 0.898225 0.639072 0.569239 0.717968 0.651262 0.711197 0.945986 0.792109 0.705010 0.668892 0.654719 0.691435 0.917255 0.992107 0.588494 0.627604 0.590057 0.681519 0.000000 0.921010 0.661816 0.662713 0.882071 0.985745 0.749619 0.684107 0.817685 0.745995 0.866243 0.798388 0.953269 0.971151 0.834533 0.986939 0.966801 0.880418 0.787748 0.762706 0.753710 0.895868 0.847389 0.979476 0.971731 0.820354 0.672851 0.631770 0.921479 0.968852 0.823417 0.855963 0.792521 0.950130 0.638980 0.804665 0.675144 0.702416 0.654830 0.895696 0.957500 0.834080 0.987189 0.991889 0.736851 0.713081 0.822140 0.988840 0.828096 0.991234 0.950215 0.772624 0.770682 0.709004 0.645147 0.629875 0.898594 0.763614 0.921736 0.859054 0.956646 0.982988 0.937036 0.844853 0.938423 0.833300 0.845794 0.720953 0.903140 0.978123 0.987339 0.980792 0.824939 0.921341 0.863433 0.974962 0.782798 0.890049 0.992771 0.863744 0.852515 0.971564 0.929731 0.797038 0.973084 0.994875 0.871780 0.927405 0.859828 0.967809
0.806684 0.808283 0.954759 0.977585 0.804382 0.845825 0.886835 0.791993 0.983024 0.777321 0.918790 0.887790 0.906577 0.844293 0.902854 0.764384 0.878848 0.816284 0.714623 0.748673 0.958854 0.972902 0.833467 0.840485 0.786840 0.920652 0.921010 0.000000 0.918806 0.897088 0.923365 0.987889 0.853827 0.821737 0.892608 0.798856 0.961293 0.880494 0.960005 0.987564 0.927016 0.874263 0.835475 0.823000 0.853133 0.772313 0.837682 0.855975 0.838376 0.816625 0.814871 0.826294 0.956062 0.953151 0.778695 0.874944 0.796520 0.790532 0.776759 0.728085 0.892226 0.867731 0.852072 0.873357 0.805330 0.958630 0.855043 0.811382 0.845805 0.739745 0.948279 0.845669 0.929617 0.951470 0.973142 0.901116 0.962201 0.839754 0.804072 0.957686 0.893158 0.913672 0.961178 0.845335 0.990222 0.793902 0.889178 0.967648 0.886955 0.961821 0.912776 0.900317 0.942813 0.961808 0.996131 0.947261 0.860957 0.920548 0.750835 0.816138 0.950570 0.808815 0.807732 0.757506 0.968036 0.985607 0.759638 0.902299 0.920377 0.922796 0.816613 0.919438 0.937674 0.792648 0.835442 0.908621
0.485263 0.480116 0.931123 0.794996 0.837603 0.805408 0.361270 0.476472 0.800297 0.512783 0.414088 0.407489 0.408874 0.483332 0.633282 0.976699 0.393640 0.401937 0.413827 0.449172 0.934736 0.825272 0.773097 0.642632 0.613987 0.886055 0.661816 0.918806 0.000000 0.326266 0.873553 0.817055 0.395624 0.355665 0.995556 0.947734 0.861013 0.973340 0.812042 0.755775 0.910994 0.777527 0.682200 0.524680 0.525587 0.395942 0.397253 0.437872 0.500687 0.637800 0.626721 0.853002 0.969777 0.790354 0.596697 0.607569 0.461023 0.501303 0.501299 0.628017 0.325498 0.408611 0.321742 0.331612 0.861444 0.783638 0.670676 0.629548 0.626202 0.574763 0.829958 0.749039 0.987670 0.941708 0.990940 0.798979 0.789322 0.927950 0.477827 0.484586 0.320635 0.447212 0.604251 0.551205 0.490959 0.768143 0.967747 0.861225 0.965272 0.967721 0.883002 0.683488 0.686266 0.676258 0.973066 0.924810 0.603603 0.893624 0.680375 0.688938 0.573190 0.874211 0.578385 0.667811 0.817602 0.826226 0.853819 0.988029 0.685487 0.739007 0.746511 0.787733 0.696856 0.679408 0.877572 0.995250
0.411218 0.412495 0.946206 0.796036 0.820796 0.857586 0.362805 0.499774 0.754430 0.538007 0.374722 0.362315 0.361791 0.454953 0.610837 0.875333 0.323225 0.318374 0.397839 0.383978 0.970832 0.823084 0.827610 0.680901 0.585046 0.791838 0.662713 0.897088 0.326266 0.000000 0.978246 0.843507 0.360483 0.343119 0.887356 0.985511 0.849387 0.908490 0.822711 0.768625 0.882547 0.764564 0.762414 0.598096 0.606327 0.464972 0.457306 0.484304 0.530265 0.696675 0.683178 0.884060 0.854097 0.661311 0.572556 0.564774 0.401733 0.432310 0.500995 0.606969 0.303208 0.440143 0.306745 0.273317 0.922031 0.792893 0.724377 0.625403 0.553004 0.500259 0.804907 0.707978 0.941093 0.903858 0.968880 0.920132 0.919321 0.962405 0.511161 0.494881 0.310241 0.403247 0.460138 0.441256 0.418832 0.700970 0.950632 0.786602 0.826946 0.907821 0.769385 0.666030 0.627427 0.657090 0.968756 0.855827 0.641874 0.911176 0.713063 0.723973 0.679832 0.932655 0.549523 0.818440 0.861590 0.740933 0.883611 0.995579 0.812477 0.717674 0.802529 0.862639 0.717237 0.704718 0.862654 0.968363
0.763497 0.824389 0.734920 0.688075 0.800504 0.891471 0.863985 0.765848 0.801756 0.739507 0.777031 0.944419 0.997799 0.992268 0.836024 0.930838 0.857802 0.742045 0.880059 0.785454 0.989996 0.931266 0.898353 0.897502 0.761245 0.551782 0.882071 0.923365 0.873553 0.978246 0.000000 0.639927 0.836131 0.861476 0.702308 0.946838 0.904850 0.961452 0.770765 0.938082 0.915549 0.954632 0.571965 0.680080 0.817035 0.815311 0.829279 0.904913 0.914489 0.922707 0.796484 0.920250 0.820971 0.820033 0.956803 0.900280 0.839790 0.789106 0.920185 0.981976 0.940814 0.821416 0.990071 0.999330 0.914952 0.791773 0.765007 0.778466 0.786410 0.974508 0.668489 0.637168 0.626694 0.889056 0.905101 0.892897 0.528457 0.723353 0.915048 0.953214 0.897776 0.702088 0.901577 0.611188 0.864810 0.952838 0.739747 0.719773 0.770627 0.767599 0.979689 0.737435 0.943349 0.859574 0.861212 0.791648 0.888973 0.872494 0.941248 0.839797 0.780232 0.946019 0.902619 0.842069 0.681481 0.778037 0.948091 0.835463 0.830742 0.794687 0.887131 0.849958 0.835177 0.792000 0.989565 0.901100
0.912116 0.951634 0.705974 0.688792 0.862159 0.963536 0.784552 0.783414 0.921473 0.918899 0.977543 0.957048 0.982921 0.995231 0.897201 0.857626 0.968654 0.970351 0.921963 0.976191 0.906368 0.982570 0.872349 0.910331 0.895721 0.801941 0.985745 0.987889 0.817055 0.843507 0.639927 0.000000 0.764357 0.768462 0.869088 0.871560 0.767298 0.996788 0.997991 0.804140 0.931492 0.963820 0.753243 0.766111 0.985797 0.828319 0.788495 0.791571 0.983530 0.971111 0.832934 0.980813 0.982095 0.969267 0.987208 0.929798 0.999386 0.928884 0.899815 0.970213 0.876247 0.895809 0.894933 0.926013 0.774509 0.644622 0.677231 0.648307 0.905536 0.982289 0.822127 0.862765 0.599219 0.738964 0.862198 0.925312 0.830414 0.780102 0.773116 0.884492 0.946755 0.995718 0.892215 0.973580 0.976856 0.808642 0.971708 0.917271 0.860406 0.970221 0.938159 0.774840 0.891621 0.858273 0.849193 0.972785 0.917732 0.966433 0.993681 0.869495 0.983636 0.888024 0.783755 0.946277 0.787928 0.794724 0.886443 0.987367 0.902941 0.976267 0.966497 0.986884 0.976015 0.969688 0.771363 0.975575
0.423815 0.444962 0.917551 0.995645 0.962246 0.840334 0.303239 0.325671 0.770794 0.444122 0.460126 0.392312 0.419233 0.512421 0.703987 0.952895 0.372152 0.425246 0.392479 0.447121 0.945389 0.836382 0.817794 0.599051 0.645577 0.915404 0.749619 0.853827 0.395624 0.360483 0.836131 0.764357 0.000000 0.327545 0.911797 0.935275 0.828038 0.924023 0.810142 0.868062 0.939421 0.801427 0.564882 0.403027 0.474647 0.367961 0.345330 0.367319 0.430295 0.555706 0.521886 0.723371 0.988098 0.798835 0.495550 0.535523 0.396352 0.433228 0.359769 0.480848 0.282898 0.383748 0.316220 0.294609 0.980069 0.672727 0.565574 0.473244 0.578935 0.431082 0.924413 0.808501 0.987242 0.935770 0.878938 0.802750 0.664614 0.817682 0.572649 0.523561 0.345979 0.544791 0.624256 0.609734 0.496507 0.792102 0.997127 0.994750 0.821044 0.933456 0.822483 0.762907 0.673737 0.696576 0.812880 0.871095 0.539036 0.836376 0.601180 0.658172 0.614869 0.974306 0.536431 0.576871 0.761424 0.702665 0.837628 0.905187 0.788819 0.700769 0.645314 0.786629 0.663455 0.711003 0.812564 0.991747
0.454056 0.433434 0.805983 0.963893 0.982178 0.816154 0.289769 0.348353 0.801700 0.484536 0.486914 0.448735 0.494108 0.565386 0.787038 0.938991 0.369892 0.413680 0.373343 0.404977 0.998063 0.930815 0.716187 0.638337 0.684519 0.919231 0.684107 0.821737 0.355665 0.343119 0.861476 0.768462 0.327545 0.000000 0.984917 0.992042 0.900710 0.935474 0.749926 0.835970 0.957234 0.845286 0.580624 0.414702 0.528731 0.384170 0.345494 0.395484 0.455801 0.536951 0.484100 0.710666 0.945995 0.857379 0.541052 0.534562 0.392987 0.442187 0.354463 0.483163 0.297145 0.413558 0.301441 0.302295 0.978475 0.659177 0.526105 0.432020 0.604019 0.490325 0.863810 0.836886 0.987980 0.886608 0.850651 0.903983 0.696955 0.955437 0.469948 0.484396 0.352439 0.483021 0.653964 0.568668 0.509239 0.735096 0.907381 0.932410 0.939827 0.974307 0.857831 0.780926 0.648058 0.695541 0.956732 0.878797 0.595051 0.890582 0.664922 0.645577 0.630426 0.907793 0.560811 0.621906 0.748821 0.714407 0.798452 0.972499 0.755352 0.610038 0.751996 0.792029 0.735338 0.636675 0.771677 0.946661
0.906810 0.991686 0.813485 0.722368 0.905989 0.842700 0.978549 0.864132 0.868018 0.924076 0.854600 0.855866 0.830760 0.803863 0.901729 0.934697 0.975406 0.891329 0.947599 0.895401 0.929100 0.976768 0.993042 0.894697 0.691208 0.683953 0.817685 0.892608 0.995556 0.887356 0.702308 0.869088 0.911797 0.984917 0.000000 0.914509 0.870306 0.932660 0.760860 0.980090 0.874465 0.803552 0.795087 0.867636 0.968249 0.953257 0.898870 0.909350 0.971183 0.870528 0.836113 0.860596 0.824798 0.803892 0.778144 0.943326 0.961205 0.968538 0.839212 0.838325 0.988325 0.913204 0.988272 0.992872 0.743585 0.690119 0.698042 0.795534 0.964784 0.981340 0.880374 0.884033 0.692577 0.909485 0.817072 0.985692 0.634602 0.784946 0.871897 0.885270 0.997747 0.857023 0.893954 0.843320 0.907986 0.913453 0.987430 0.890978 0.785094 0.862716 0.960092 0.984551 0.993599 0.948579 0.873027 0.956311 0.881721 0.762174 0.961211 0.946630 0.935493 0.879171 0.939198 0.846345 0.876313 0.793784 0.841174 0.814784 0.910806 0.812362 0.911989 0.986614 0.874971 0.892847 0.897890 0.953524
0.846332 0.831106 0.994937 0.881010 0.936169 0.796972 0.993248 0.906946 0.948006 0.984697 0.935625 0.902714 0.948682 0.964687 0.933649 0.967858 0.926371 0.922854 0.939285 0.932907 0.987869 0.856322 0.960376 0.925225 0.981741 0.853829 0.745995 0.798856 0.947734 0.985511 0.946838 0.871560 0.935275 0.992042 0.914509 0.000000 0.807271 0.828265 0.881832 0.874600 0.809453 0.965092 0.954411 0.942753 0.952123 0.986139 0.887534 0.939215 0.920335 0.833441 0.852788 0.793598 0.781614 0.882532 0.784276 0.860990 0.797531 0.796490 0.832649 0.755323 0.991899 0.892707 0.963039 0.922554 0.957709 0.823737 0.790460 0.912600 0.855725 0.715943 0.962155 0.875856 0.979052 0.999362 0.898927 0.965147 0.953631 0.922820 0.911065 0.901859 0.943762 0.969126 0.945619 0.992156 0.953406 0.931549 0.830318 0.942867 0.889642 0.845147 0.926105 0.888442 0.913599 0.790767 0.860383 0.941487 0.863325 0.927217 0.875424 0.865353 0.860547 0.923797 0.917701 0.848997 0.748347 0.940861 0.937429 0.943705 0.994318 0.960772 0.754720 0.879339 0.993133 0.831744 0.998614 0.936977
0.887381 0.812939 0.782520 0.847612 0.974034 0.955415 0.902696 0.870264 0.922681 0.900870 0.948903 0.914055 0.966963 0.983970 0.958051 0.884750 0.811731 0.830419 0.939238 0.791916 0.887509 0.982689 0.997263 0.840912 0.843177 0.889960 0.866243 0.961293 0.861013 0.849387 0.904850 0.767298 0.828038 0.900710 0.870306 0.807271 0.000000 0.784127 0.869646 0.903435 0.812054 0.751967 0.925381 0.993743 0.877653 0.961475 0.856739 0.862204 0.986500 0.969915 0.927735 0.989583 0.964730 0.851634 0.735411 0.823210 0.763958 0.773217 0.841236 0.853280 0.876490 0.914274 0.839757 0.826048 0.692057 0.702303 0.842964 0.849430 0.757862 0.777868 0.999796 0.929038 0.977665 0.973442 0.925248 0.937711 0.962007 0.878233 0.875762 0.970135 0.825018 0.845136 0.837563 0.796120 0.803284 0.694822 0.930298 0.777545 0.959567 0.825410 0.763722 0.845136 0.803851 0.918061 0.975061 0.907872 0.933801 0.951148 0.852737 0.979011 0.885694 0.862516 0.934311 0.985270 0.853655 0.860474 0.965136 0.983920 0.956723 0.823186 0.992723 0.888010 0.799090 0.929708 0.926330 0.897706
0.841462 0.792998 0.928648 0.740015 0.790226 0.948774 0.933985 0.917618 0.948161 0.906800 0.955065 0.935493 0.868683 0.943675 0.799356 0.934039 0.873579 0.832032 0.867087 0.794730 0.977349 0.898826 0.989147 0.853069 0.772805 0.801532 0.798388 0.880494 0.973340 0.908490 0.961452 0.996788 0.924023 0.935474 0.932660 0.828265 0.784127 0.000000 0.990477 0.842757 0.804629 0.912297 0.961123 0.962123 0.909879 0.974007 0.928222 0.855663 0.948860 0.786531 0.850879 0.707709 0.881604 0.929150 0.783507 0.701380 0.736766 0.747380 0.846867 0.731589 0.973678 0.900831 0.980361 0.911301 0.796029 0.804865 0.887175 0.920048 0.696785 0.717751 0.989399 0.836967 0.934244 0.908243 0.797168 0.909319 0.857011 0.929478 0.923965 0.911601 0.936187 0.848063 0.808747 0.770564 0.876935 0.793067 0.910689 0.841817 0.696183 0.667261 0.786716 0.997038 0.915917 0.958752 0.879524 0.804102 0.844453 0.983238 0.895537 0.962007 0.908338 0.833489 0.969573 0.962977 0.898250 0.878062 0.902645 0.950451 0.830357 0.880318 0.897774 0.957230 0.977117 0.964485 0.924394 0.941924
