0.000000 0.312786 0.857156 0.874411 0.955817 0.727505 0.623609 0.446352 0.916261 0.586687 0.499187 0.308399 0.413426 0.409574 0.602026 0.602423 0.423010 0.401650 0.461233 0.529542 0.852895 0.847894 0.743550 0.856582 0.586356 0.596859 0.793752 0.951845 0.501137 0.465735 0.549755 0.610731 0.520915 0.521576 0.924048 0.844557 0.747046 0.986281 0.974883 0.975263 0.933185 0.888712 0.509083 0.473602 0.530504 0.487090 0.634069 0.631536 0.415303 0.418913 0.432462 0.514689 0.718006 0.839999 0.642930 0.715393 0.375295 0.350599 0.399786 0.378571 0.452696 0.464681 0.354322 0.302476 0.709565 0.980175 0.774600 0.619757 0.623359 0.491703 0.710872 0.571675 0.641928 0.812559 0.884686 0.920404 0.671769 0.614496 0.656523 0.635789 0.350509 0.432713 0.779743 0.924009 0.585430 0.665594 0.626463 0.796181 0.614393 0.660437 0.544780 0.797344 0.688963 0.938574 0.703706 0.868900 0.773660 0.903860 0.413212 0.489040 0.733873 0.611314 0.420115 0.639396 0.772687 0.877310 0.916632 0.979695 0.878901 0.703163 0.857550 0.730885 0.566802 0.751705 0.903561 0.987116
0.312786 0.000000 0.900464 0.791938 0.841682 0.872856 0.784689 0.551488 0.930139 0.709653 0.617937 0.466678 0.569817 0.574671 0.760075 0.827488 0.450972 0.451120 0.593996 0.546758 0.996977 0.817707 0.932852 0.926146 0.763575 0.644330 0.784324 0.935643 0.566533 0.562320 0.601661 0.726873 0.720375 0.581251 0.926453 0.894470 0.925023 0.917820 0.954407 0.969694 0.839537 0.819685 0.533751 0.535246 0.646798 0.556864 0.669991 0.723883 0.492429 0.407277 0.476022 0.471163 0.705971 0.749411 0.718969 0.739233 0.313282 0.303839 0.438426 0.360996 0.641341 0.619598 0.504941 0.441142 0.720016 0.934373 0.792313 0.656216 0.550729 0.453871 0.798302 0.527151 0.648807 0.777464 0.951157 0.928536 0.721090 0.697479 0.628112 0.667625 0.463039 0.571335 0.853024 0.999999 0.845300 0.821175 0.678077 0.796662 0.759572 0.726599 0.639047 0.774474 0.725206 0.855408 0.824069 0.842386 0.707664 0.794747 0.534433 0.513087 0.830412 0.692633 0.539229 0.605315 0.855305 0.929088 0.847353 0.914419 0.985471 0.673994 0.984932 0.761412 0.612661 0.730026 0.943315 0.978153
0.857156 0.900464 0.000000 0.847916 0.948281 0.952406 0.697182 0.903594 0.808071 0.973935 0.899077 0.831370 0.863668 0.724107 0.861181 0.792078 0.937307 0.928752 0.987804 0.941505 0.926168 0.896447 0.920819 0.889647 0.579865 0.623086 0.961016 0.912734 0.934247 0.999523 0.920880 0.984411 0.950582 0.887899 0.814629 0.978119 0.920274 0.960981 0.710292 0.962087 0.802084 0.897602 0.966553 0.982775 0.813675 0.799860 0.753521 0.958939 0.735228 0.718047 0.714878 0.624970 0.744454 0.738462 0.986185 0.869099 0.978051 0.909914 0.924550 0.893319 0.906760 0.880879 0.960403 0.902180 0.543019 0.589495 0.741512 0.848614 0.962873 0.958677 0.872828 0.823069 0.965988 0.942523 0.991334 0.982660 0.931449 0.794463 0.968775 0.860063 0.915250 0.876439 0.999058 0.934878 0.921316 0.940425 0.904989 0.978643 0.753861 0.764063 0.875534 0.778748 0.853241 0.850661 0.766019 0.933046 0.850137 0.913857 0.824970 0.910433 0.959403 0.945921 0.960876 0.921535 0.956821 0.995814 0.723051 0.949588 0.975024 0.841879 0.980898 0.867236 0.978998 0.985953 0.932302 0.954492
0.874411 0.791938 0.847916 0.000000 0.919588 0.684035 0.910867 0.755809 0.808413 0.800858 0.894714 0.986203 0.894940 0.949443 0.995212 0.836609 0.902930 0.961003 0.864102 0.872635 0.997304 0.886460 0.712495 0.770860 0.728864 0.884306 0.868790 0.928828 0.949320 0.989100 0.857107 0.847845 0.948988 0.873294 0.871576 0.913736 0.973996 0.799969 0.927909 0.848765 0.942106 0.976256 0.912684 0.864805 0.933021 0.949551 0.910443 0.911879 0.908189 0.746310 0.718766 0.682132 0.679173 0.641579 0.888405 0.812174 0.775493 0.721143 0.805853 0.637406 0.961393 0.938032 0.895876 0.914113 0.795364 0.654295 0.641967 0.723602 0.747747 0.812675 0.707711 0.724814 0.786734 0.843192 0.930584 0.991785 0.855724 0.971515 0.987169 0.936662 0.984532 0.894749 0.933436 0.918559 0.812059 0.656691 0.935310 0.963911 0.912802 0.675332 0.579820 0.598996 0.548168 0.593750 0.981966 0.981382 0.899957 0.676687 0.757718 0.770439 0.972793 0.851823 0.881269 0.999484 0.864003 0.986877 0.939785 0.982573 0.922088 0.990272 0.844270 0.841972 0.904862 0.877209 0.808378 0.984123
0.955817 0.841682 0.948281 0.919588 0.000000 0.663518 0.766045 0.768240 0.519194 0.694227 0.995228 0.927228 0.785974 0.862589 0.726116 0.746962 0.963959 0.845610 0.748054 0.902833 0.854496 0.898211 0.628258 0.860910 0.776472 0.847154 0.826335 0.797280 0.871211 0.893246 0.948643 0.897144 0.851446 0.996875 0.901488 0.926151 0.932681 0.970035 0.938262 0.868876 0.827326 0.804786 0.942802 0.967439 0.856978 0.937199 0.903229 0.950823 0.972963 0.943334 0.867043 0.944402 0.766836 0.875075 0.981597 0.987543 0.861531 0.963072 0.972227 0.916115 0.784653 0.669632 0.891214 0.871823 0.940736 0.886294 0.904016 0.984404 0.956221 0.927958 0.690117 0.891592 0.928769 0.948051 0.865093 0.982782 0.800587 0.870686 0.787759 0.989720 0.996638 0.945757 0.815858 0.898043 0.678005 0.879679 0.907002 0.810163 0.811303 0.856122 0.658772 0.641417 0.725013 0.838211 0.993156 0.953390 0.875568 0.834150 0.859848 0.841764 0.796135 0.759272 0.951810 0.933335 0.954626 0.959047 0.755784 0.946308 0.852149 0.819297 0.821805 0.859267 0.952964 0.948216 0.978831 0.875133
0.727505 0.872856 0.952406 0.684035 0.663518 0.000000 0.560225 0.518203 0.649366 0.531431 0.842397 0.736049 0.773762 0.809619 0.699344 0.633360 0.690242 0.760379 0.578821 0.769114 0.768782 0.976230 0.572047 0.695055 0.840570 0.914203 0.905943 0.916128 0.696636 0.716566 0.693020 0.833575 0.637830 0.668776 0.815736 0.973442 0.816726 0.969977 0.927545 0.887379 0.996773 0.988100 0.693210 0.651948 0.493741 0.588796 0.767140 0.625323 0.591435 0.602782 0.511901 0.669579 0.590861 0.672483 0.780261 0.615329 0.873814 0.813523 0.636558 0.646201 0.557558 0.623734 0.653306 0.598077 0.926100 0.820578 0.551379 0.598847 0.963364 0.809458 0.767877 0.854289 0.891670 0.977480 0.986656 0.930270 0.642475 0.793413 0.954446 0.688897 0.650873 0.631052 0.912000 0.951701 0.548005 0.605984 0.940661 0.961490 0.836269 0.849485 0.473537 0.659616 0.500854 0.997016 0.846723 0.966966 0.846952 0.865921 0.509047 0.643185 0.723086 0.700531 0.636114 0.850945 0.864345 0.950802 0.979398 0.982548 0.872165 0.938444 0.876708 0.612888 0.697685 0.894438 0.813588 0.889138
0.623609 0.784689 0.697182 0.910867 0.766045 0.560225 0.000000 0.264603 0.576245 0.302172 0.501227 0.527436 0.477219 0.639087 0.570675 0.829342 0.458136 0.570050 0.345150 0.602776 0.830664 0.880610 0.886293 0.803033 0.622760 0.805013 0.609045 0.927334 0.370461 0.491681 0.482307 0.623031 0.460767 0.421016 0.912377 0.994164 0.833405 0.808254 0.935502 0.997743 0.814278 0.915405 0.498393 0.449006 0.497865 0.500718 0.499996 0.547643 0.615005 0.819330 0.710764 0.984844 0.968308 0.843689 0.755966 0.704557 0.755920 0.826192 0.479463 0.699065 0.241485 0.387247 0.331089 0.409119 0.803837 0.739056 0.678993 0.549265 0.936305 0.789161 0.839779 0.939845 0.774934 0.938257 0.979979 0.942100 0.548507 0.829858 0.699511 0.697396 0.446340 0.415077 0.804734 0.938415 0.594824 0.891600 0.813680 0.815419 0.938344 0.898506 0.588910 0.911495 0.736892 0.793827 0.824926 0.886158 0.771436 0.837013 0.508671 0.576931 0.512608 0.721533 0.549615 0.727916 0.710239 0.966218 0.838530 0.997568 0.766347 0.700585 0.751194 0.802180 0.613031 0.865582 0.916178 0.980419
0.446352 0.551488 0.903594 0.755809 0.768240 0.518203 0.264603 0.000000 0.594218 0.257091 0.463345 0.393215 0.388721 0.465549 0.469193 0.692258 0.425731 0.472450 0.295886 0.484365 0.875138 0.924815 0.739282 0.931516 0.552336 0.669032 0.636954 0.941147 0.329733 0.413707 0.403166 0.556075 0.408663 0.398902 0.992591 0.911887 0.767932 0.919408 0.913968 0.978612 0.902237 0.874642 0.472634 0.416862 0.422741 0.413976 0.556805 0.564741 0.434350 0.606420 0.508459 0.737860 0.774882 0.986210 0.696742 0.673257 0.576574 0.573816 0.418454 0.492816 0.257572 0.281648 0.285520 0.296782 0.658812 0.894477 0.720510 0.530892 0.831160 0.615968 0.630109 0.707165 0.664864 0.829104 0.961452 0.932515 0.527455 0.775084 0.699460 0.564093 0.380947 0.400150 0.809761 0.988087 0.545377 0.824116 0.723144 0.792779 0.780032 0.876391 0.455446 0.700231 0.597015 0.960839 0.791758 0.874010 0.680554 0.810086 0.348083 0.436602 0.479856 0.618439 0.461901 0.608134 0.724510 0.943224 0.850897 0.914924 0.843662 0.733677 0.721555 0.715668 0.579354 0.807164 0.945906 0.988128
0.916261 0.930139 0.808071 0.808413 0.519194 0.649366 0.576245 0.594218 0.000000 0.529455 0.925088 0.865474 0.731101 0.864492 0.803306 0.753855 0.927645 0.955312 0.666710 0.947208 0.827087 0.873276 0.712031 0.999257 0.912815 0.858055 0.913286 0.984043 0.791627 0.826045 0.792618 0.917823 0.835578 0.866476 0.926285 0.967841 0.841520 0.925053 0.948260 0.883230 0.777511 0.958705 0.886988 0.937559 0.827973 0.892914 0.991152 0.911464 0.888042 0.903602 0.888817 0.928546 0.866377 0.914558 0.814055 0.866244 0.989942 0.938029 0.837620 0.919075 0.652117 0.548906 0.824645 0.796708 0.999058 0.765055 0.946012 0.956358 0.919719 0.898582 0.667477 0.976996 0.910816 0.978089 0.981972 0.911932 0.810816 0.886444 0.785383 0.952131 0.929565 0.895330 0.858733 0.913622 0.630611 0.919144 0.845924 0.918526 0.869739 0.977343 0.681058 0.727362 0.830716 0.867785 0.899596 0.954721 0.939324 0.822067 0.781054 0.839424 0.797910 0.841240 0.903157 0.987823 0.924269 0.860971 0.899589 0.831735 0.925993 0.863869 0.797860 0.897433 0.839553 0.974005 0.851862 0.986830
0.586687 0.709653 0.973935 0.800858 0.694227 0.531431 0.302172 0.257091 0.529455 0.000000 0.563545 0.482928 0.430455 0.538866 0.479156 0.733455 0.530226 0.538838 0.347965 0.534744 0.863567 0.992636 0.765036 0.819959 0.532369 0.711060 0.633498 0.950868 0.384304 0.469413 0.406577 0.610835 0.454997 0.431012 0.987046 0.947810 0.766600 0.933732 0.834673 0.925253 0.885557 0.976011 0.484436 0.458104 0.398779 0.402023 0.601047 0.591832 0.446641 0.668000 0.541910 0.802028 0.788655 0.997338 0.705707 0.718559 0.737008 0.734296 0.543295 0.617320 0.309672 0.305602 0.380916 0.386101 0.611903 0.949074 0.780526 0.605101 0.912374 0.686366 0.600345 0.739844 0.795529 0.909983 0.901586 0.932854 0.566952 0.795991 0.794771 0.712756 0.474779 0.571488 0.885249 0.968861 0.657004 0.934068 0.751859 0.752663 0.874476 0.983435 0.456504 0.667529 0.588317 0.976994 0.870554 0.835095 0.822715 0.767025 0.389232 0.458017 0.548860 0.669624 0.497692 0.678434 0.806641 0.950073 0.837841 0.887332 0.836786 0.737754 0.748931 0.691935 0.673634 0.864515 0.951817 0.954963
0.499187 0.617937 0.899077 0.894714 0.995228 0.842397 0.501227 0.463345 0.925088 0.563545 0.000000 0.386416 0.354313 0.442530 0.540392 0.822739 0.474675 0.414961 0.407814 0.600929 0.937884 0.809524 0.990619 0.787344 0.440893 0.591172 0.529200 0.900127 0.411755 0.405409 0.621141 0.633312 0.473768 0.420412 0.889503 0.932490 0.880577 0.799316 0.942898 0.802322 0.989362 0.998115 0.500368 0.389282 0.512096 0.447811 0.592959 0.589764 0.565893 0.747554 0.703284 0.900799 0.972042 0.862338 0.775071 0.809392 0.694314 0.714532 0.559447 0.698740 0.353398 0.461874 0.349385 0.392208 0.579519 0.999628 0.912336 0.673196 0.881524 0.739892 0.870150 0.840014 0.788661 0.986356 0.993309 0.789297 0.689847 0.721986 0.636336 0.573653 0.381629 0.455918 0.770495 0.721682 0.790133 0.963454 0.816635 0.772548 0.793381 0.985169 0.780022 0.926179 0.919140 0.742696 0.812620 0.994428 0.786865 0.905293 0.549867 0.717023 0.524738 0.778082 0.520390 0.670473 0.868283 0.940363 0.980001 0.920847 0.747079 0.755238 0.783493 0.908128 0.659618 0.886987 0.985969 0.916163
0.308399 0.466678 0.831370 0.986203 0.927228 0.736049 0.527436 0.393215 0.865474 0.482928 0.386416 0.000000 0.272614 0.270323 0.406776 0.522677 0.432585 0.349974 0.346372 0.458739 0.870943 0.888154 0.729779 0.925592 0.402261 0.502816 0.702266 0.900289 0.386430 0.334450 0.474354 0.524214 0.385643 0.409545 0.919734 0.951477 0.785285 0.973374 0.994193 0.938614 0.976610 0.956891 0.529569 0.413221 0.408740 0.371052 0.665439 0.657609 0.383953 0.520786 0.542457 0.661969 0.821880 0.959685 0.665527 0.771473 0.546198 0.541314 0.520925 0.597504 0.363764 0.345503 0.341435 0.266950 0.568641 0.871088 0.851267 0.647599 0.771901 0.528748 0.711500 0.597056 0.707999 0.774214 0.992926 0.872850 0.651203 0.713601 0.639152 0.499282 0.303406 0.397460 0.678290 0.778178 0.575084 0.733699 0.776444 0.854270 0.606213 0.762885 0.668846 0.896851 0.827332 0.947827 0.786335 0.938147 0.816249 0.982911 0.428409 0.495004 0.678841 0.637740 0.385609 0.531376 0.806801 0.962733 0.891741 0.981566 0.831581 0.747346 0.809775 0.710163 0.631276 0.779765 0.978728 0.971486
0.413426 0.569817 0.863668 0.894940 0.785974 0.773762 0.477219 0.388721 0.731101 0.430455 0.354313 0.272614 0.000000 0.264488 0.338066 0.579561 0.499182 0.471705 0.345038 0.507474 0.799985 0.899679 0.754262 0.948547 0.363884 0.467024 0.688218 0.932873 0.349187 0.302103 0.503271 0.524684 0.384012 0.464640 0.885837 0.973683 0.872807 0.853163 0.991161 0.869435 0.948047 0.959337 0.544956 0.450020 0.446951 0.398083 0.663893 0.644770 0.466489 0.680578 0.669544 0.816800 0.934829 0.837562 0.798449 0.775098 0.670681 0.608128 0.585506 0.690885 0.294734 0.300136 0.350750 0.287730 0.538777 0.902928 0.982797 0.701291 0.870707 0.560779 0.653925 0.679504 0.708307 0.831159 0.970355 0.873635 0.648723 0.688924 0.736267 0.586972 0.367100 0.468126 0.646190 0.830909 0.625108 0.902833 0.782424 0.838406 0.677145 0.857422 0.748310 0.929853 0.929302 0.852927 0.826033 0.930957 0.757537 0.901638 0.494414 0.575771 0.623350 0.700815 0.487250 0.570409 0.929412 0.933306 0.923940 0.970199 0.775695 0.765531 0.758688 0.795890 0.663573 0.741888 0.980501 0.898494
0.409574 0.574671 0.724107 0.949443 0.862589 0.809619 0.639087 0.465549 0.864492 0.538866 0.442530 0.270323 0.264488 0.000000 0.336057 0.456819 0.542943 0.452231 0.426933 0.423402 0.937040 0.977800 0.657681 0.894033 0.390467 0.509514 0.734822 0.929047 0.420805 0.374686 0.528988 0.498048 0.443728 0.521158 0.873968 0.982189 0.796606 0.925189 0.898022 0.938109 0.963324 0.970957 0.681369 0.547291 0.501188 0.449081 0.711837 0.747115 0.447222 0.620101 0.629286 0.731833 0.892085 0.915921 0.791420 0.845802 0.687459 0.560172 0.688894 0.676772 0.435418 0.339641 0.410421 0.313468 0.531476 0.847929 0.965722 0.756089 0.895758 0.620415 0.625229 0.606137 0.692922 0.784543 0.947595 0.950493 0.743980 0.821758 0.690530 0.535142 0.414535 0.462996 0.630210 0.807118 0.569007 0.806678 0.812817 0.918981 0.592001 0.717058 0.750301 0.885909 0.886716 0.988724 0.787163 0.919018 0.843513 0.912646 0.509155 0.604005 0.680993 0.686585 0.534079 0.601690 0.838012 0.963704 0.995010 0.961293 0.794606 0.816357 0.808944 0.816045 0.680343 0.805386 0.970730 0.983753
0.602026 0.760075 0.861181 0.995212 0.726116 0.699344 0.570675 0.469193 0.803306 0.479156 0.540392 0.406776 0.338066 0.336057 0.000000 0.429874 0.629674 0.527111 0.442030 0.532705 0.885825 0.944609 0.518008 0.844515 0.414715 0.558249 0.757964 0.918655 0.403764 0.374783 0.569606 0.522068 0.403577 0.549976 0.960177 0.937483 0.857869 0.952428 0.905752 0.893730 0.960191 0.940103 0.671312 0.577445 0.426477 0.418392 0.714678 0.695607 0.471539 0.653783 0.678515 0.765251 0.820385 0.997460 0.850656 0.852225 0.895114 0.741091 0.785837 0.810295 0.433397 0.413493 0.478127 0.414711 0.641358 0.899564 0.849662 0.732148 0.985351 0.579020 0.566929 0.605417 0.780910 0.868033 0.844158 0.921225 0.654214 0.900620 0.775660 0.606790 0.487322 0.558513 0.505748 0.760480 0.530438 0.758427 0.965572 0.981645 0.630444 0.792833 0.731521 0.825480 0.798873 0.993954 0.814868 0.939923 0.943809 0.928306 0.487088 0.581499 0.654034 0.702648 0.533435 0.582583 0.875121 0.920223 0.971910 0.936425 0.946198 0.959251 0.782984 0.718573 0.804233 0.781518 0.980202 0.934377
0.602423 0.827488 0.792078 0.836609 0.746962 0.633360 0.829342 0.692258 0.753855 0.733455 0.822739 0.522677 0.579561 0.456819 0.429874 0.000000 0.819781 0.751305 0.615534 0.661395 0.881720 0.860304 0.288663 0.471161 0.689785 0.661065 0.936610 0.870483 0.715578 0.572696 0.760425 0.629157 0.642438 0.794930 0.885873 0.890532 0.847661 0.988373 0.879567 0.944269 0.874576 0.833390 0.914853 0.776161 0.573801 0.651729 0.931305 0.807915 0.581793 0.591768 0.660685 0.635503 0.637431 0.828957 0.799442 0.903507 0.932273 0.724729 0.851153 0.771744 0.662776 0.599741 0.713498 0.582008 0.957742 0.996420 0.759494 0.827647 0.925233 0.699327 0.593916 0.691660 0.787594 0.925728 0.829895 0.972530 0.825688 0.934901 0.955784 0.712767 0.686482 0.650666 0.497687 0.817624 0.338592 0.476039 0.959624 0.714401 0.467937 0.527275 0.702276 0.730388 0.719039 0.833521 0.782971 0.999087 0.969689 0.997368 0.589909 0.649451 0.922897 0.701601 0.620647 0.848114 0.823698 0.911137 0.942086 0.937550 0.978051 0.905394 0.808880 0.701151 0.842426 0.902516 0.833168 0.971438
0.423010 0.450972 0.937307 0.902930 0.963959 0.690242 0.458136 0.425731 0.927645 0.530226 0.474675 0.432585 0.499182 0.542943 0.629674 0.819781 0.000000 0.335800 0.435412 0.586614 0.870916 0.819573 0.914949 0.933380 0.622996 0.674742 0.632873 0.927128 0.356163 0.417250 0.506935 0.682002 0.497439 0.383027 0.930862 0.947444 0.822683 0.898698 0.913284 0.994873 0.987729 0.795701 0.434398 0.357301 0.443329 0.419125 0.402035 0.480691 0.465309 0.547065 0.592353 0.725098 0.813219 0.929748 0.570237 0.603531 0.502881 0.549635 0.414267 0.502678 0.394615 0.507567 0.329105 0.326433 0.717179 0.927408 0.641027 0.528107 0.774017 0.566190 0.882856 0.760274 0.770049 0.925203 0.989452 0.972134 0.485768 0.682213 0.594690 0.646882 0.339168 0.422815 0.825663 0.786562 0.718938 0.826878 0.870949 0.761371 0.852060 0.927281 0.614216 0.942651 0.740578 0.893450 0.813712 0.778995 0.718022 0.917865 0.469327 0.502711 0.592853 0.624474 0.527299 0.651739 0.802568 0.864761 0.934251 0.935054 0.804913 0.601743 0.806007 0.741464 0.540982 0.733658 0.907552 0.814164
0.401650 0.451120 0.928752 0.961003 0.845610 0.760379 0.570050 0.472450 0.955312 0.538838 0.414961 0.349974 0.471705 0.452231 0.527111 0.751305 0.335800 0.000000 0.454784 0.467270 0.961365 0.921076 0.902256 0.964298 0.564587 0.687974 0.598116 0.986455 0.356803 0.337853 0.461956 0.559650 0.466271 0.397029 0.925939 0.924691 0.829494 0.974894 0.970272 0.956550 0.910065 0.846399 0.385398 0.347383 0.427117 0.326038 0.503332 0.513809 0.360884 0.455680 0.495505 0.624391 0.822415 0.879864 0.658785 0.639236 0.532790 0.536631 0.498226 0.542819 0.466232 0.509064 0.358805 0.320431 0.596001 0.914346 0.709327 0.551012 0.768372 0.524139 0.817027 0.660889 0.727508 0.839615 0.994450 0.919765 0.621781 0.728704 0.485682 0.465829 0.280797 0.429608 0.843679 0.736747 0.785542 0.810209 0.826670 0.734962 0.832108 0.891582 0.698563 0.959797 0.764552 0.892738 0.703502 0.886005 0.798240 0.912995 0.450711 0.495912 0.666378 0.689913 0.406944 0.592458 0.798325 0.930538 0.979330 0.964131 0.877275 0.688018 0.801481 0.785034 0.646262 0.753194 0.967951 0.897658
0.461233 0.593996 0.987804 0.864102 0.748054 0.578821 0.345150 0.295886 0.666710 0.347965 0.407814 0.346372 0.345038 0.426933 0.442030 0.615534 0.435412 0.454784 0.000000 0.420286 0.741751 0.899919 0.753564 0.948203 0.501191 0.628444 0.646470 0.963387 0.320619 0.363705 0.456949 0.546284 0.442686 0.347304 0.964512 0.971548 0.786726 0.919650 0.949774 0.915943 0.967733 0.973219 0.447506 0.340492 0.397364 0.378277 0.592132 0.512916 0.458149 0.600574 0.540605 0.738536 0.798687 0.968988 0.721216 0.681254 0.646133 0.648260 0.473479 0.578562 0.288312 0.308308 0.291700 0.290977 0.623204 0.892528 0.705026 0.573073 0.807057 0.689311 0.662760 0.662004 0.686244 0.841008 0.996101 0.927774 0.573646 0.716977 0.712013 0.591667 0.386979 0.388580 0.739273 0.831767 0.544442 0.804431 0.749382 0.883120 0.727758 0.891254 0.510691 0.805348 0.697107 0.928419 0.869936 0.917109 0.760992 0.919627 0.383510 0.503969 0.563013 0.614684 0.427262 0.642655 0.754285 0.939592 0.875835 0.988600 0.781097 0.736308 0.765901 0.674233 0.624089 0.765167 0.881234 0.940128
0.529542 0.546758 0.941505 0.872635 0.902833 0.769114 0.602776 0.484365 0.947208 0.534744 0.600929 0.458739 0.507474 0.423402 0.532705 0.661395 0.586614 0.467270 0.420286 0.000000 0.935631 0.921908 0.795725 0.927300 0.642998 0.775789 0.784705 0.971948 0.465933 0.499960 0.533825 0.536762 0.556462 0.521483 0.889434 0.949423 0.955615 0.996175 0.928644 0.852621 0.941974 0.899270 0.667586 0.532575 0.573472 0.498804 0.658606 0.662423 0.530778 0.604091 0.567805 0.694566 0.876004 0.939261 0.815305 0.771988 0.645580 0.568360 0.596390 0.589399 0.517991 0.485849 0.418542 0.385346 0.647282 0.938631 0.748296 0.574422 0.725471 0.657233 0.721996 0.684685 0.747292 0.738116 0.999339 0.935193 0.704092 0.881671 0.618162 0.537864 0.490557 0.444144 0.750520 0.844962 0.653098 0.788938 0.756806 0.924226 0.738070 0.845444 0.623547 0.821900 0.748098 0.999578 0.752681 0.862724 0.821041 0.734013 0.517589 0.580659 0.762712 0.747498 0.553878 0.553821 0.732143 0.918222 0.907031 0.996684 0.822373 0.790504 0.903042 0.752289 0.790914 0.796791 0.880396 0.946637
0.852895 0.996977 0.926168 0.997304 0.854496 0.768782 0.830664 0.875138 0.827087 0.863567 0.937884 0.870943 0.799985 0.937040 0.885825 0.881720 0.870916 0.961365 0.741751 0.935631 0.000000 0.966689 0.878879 0.881819 0.955529 0.824082 0.914153 0.983183 0.897648 0.884054 0.997661 0.884887 0.954148 0.850437 0.919578 0.974652 0.964527 0.881330 0.740764 0.870888 0.980650 0.977899 0.861546 0.799838 0.833108 0.853234 0.971025 0.810650 0.912318 0.941130 0.893107 0.899942 0.851739 0.876208 0.963881 0.804879 0.951111 0.944106 0.891203 0.861432 0.821973 0.873512 0.879447 0.864423 0.936411 0.962133 0.958862 0.886523 0.997594 0.877371 0.800324 0.853593 0.968797 0.979535 0.999999 0.949292 0.970776 0.842689 0.944475 0.978344 0.910207 0.886975 0.865649 0.878656 0.887085 0.990580 0.983798 0.927746 0.903976 0.951040 0.767305 0.870834 0.894498 0.982274 0.939800 0.936545 0.949452 0.945133 0.872188 0.866324 0.959112 0.885008 0.794896 0.970879 0.982509 0.756324 0.896051 0.985986 0.801095 0.894494 0.936930 0.799490 0.939352 0.826437 0.774887 0.926861
0.847894 0.817707 0.896447 0.886460 0.898211 0.976230 0.880610 0.924815 0.873276 0.992636 0.809524 0.888154 0.899679 0.977800 0.944609 0.860304 0.819573 0.921076 0.899919 0.921908 0.966689 0.000000 0.862091 0.802361 0.995078 0.856983 0.836911 0.954357 0.929887 0.946528 0.980156 0.978137 0.908560 0.877787 0.887937 0.868844 0.918414 0.932935 0.909209 0.831239 0.909334 0.828157 0.886440 0.905120 0.968909 0.971140 0.835209 0.986361 0.887062 0.986434 0.966859 0.903241 0.911745 0.895824 0.877626 0.982282 0.759149 0.875252 0.844155 0.877427 0.870717 0.930821 0.898463 0.900541 0.935596 0.909100 0.991101 0.952571 0.891111 0.988347 0.859863 0.825519 0.932308 0.996262 0.929125 0.978579 0.978071 0.899452 0.978153 0.943665 0.946843 0.928815 0.995882 0.955328 0.938320 0.878698 0.901736 0.809289 0.991674 0.907385 0.933018 0.877713 0.917151 0.855346 0.857956 0.825888 0.955454 0.867490 0.972956 0.982099 0.915146 0.938297 0.964816 0.986608 0.947274 0.956966 0.800865 0.959801 0.991371 0.857226 0.860688 0.922320 0.893666 0.942911 0.769859 0.829082
0.743550 0.932852 0.920819 0.712495 0.628258 0.572047 0.886293 0.739282 0.712031 0.765036 0.990619 0.729779 0.754262 0.657681 0.518008 0.288663 0.914949 0.902256 0.753564 0.795725 0.878879 0.862091 0.000000 0.436758 0.872231 0.795621 0.770581 0.830670 0.799532 0.701834 0.798501 0.676587 0.723700 0.930900 0.828445 0.902610 0.841305 0.938259 0.831685 0.975978 0.948255 0.926464 0.974138 0.931332 0.702325 0.774802 0.999200 0.904663 0.705649 0.660303 0.717601 0.666745 0.595986 0.749443 0.897538 0.864352 0.979013 0.771469 0.933337 0.822249 0.784559 0.743551 0.836424 0.730550 0.891164 0.922787 0.684827 0.841206 0.991046 0.727710 0.518805 0.746396 0.842169 0.990193 0.968076 0.931114 0.788568 0.980623 0.911847 0.822617 0.855680 0.783405 0.574071 0.919344 0.352185 0.431508 0.970344 0.648465 0.567808 0.464914 0.690793 0.626912 0.653257 0.721579 0.874410 0.978129 0.999546 0.935367 0.699455 0.723421 0.898983 0.733731 0.758684 0.922946 0.847238 0.852138 0.881938 0.987532 0.964934 0.809742 0.808164 0.709366 0.978017 0.963202 0.893149 0.971434
0.856582 0.926146 0.889647 0.770860 0.860910 0.695055 0.803033 0.931516 0.999257 0.819959 0.787344 0.925592 0.948547 0.894033 0.844515 0.471161 0.933380 0.964298 0.948203 0.927300 0.881819 0.802361 0.436758 0.000000 0.909752 0.950571 0.623681 0.908369 0.917225 0.984333 0.925501 0.941396 0.968797 0.859967 0.837714 0.816934 0.985233 0.829709 0.946007 0.958216 0.856667 0.933478 0.791536 0.891394 0.915272 0.980021 0.899606 0.969394 0.893995 0.697567 0.791908 0.655703 0.649476 0.646191 0.919200 0.875402 0.990877 0.824466 0.982091 0.887529 0.884474 0.913037 0.914182 0.960166 0.798744 0.939442 0.679992 0.889384 0.972583 0.774512 0.844386 0.845556 0.968833 0.951962 0.822240 0.994856 0.967219 0.951884 0.976044 0.885143 0.979780 0.878501 0.692134 0.896573 0.571520 0.422606 0.854805 0.589702 0.627080 0.575655 0.851537 0.846150 0.778085 0.795123 0.906172 0.966207 0.949059 0.963967 0.862279 0.907412 0.829045 0.855350 0.886101 0.939220 0.860949 0.821447 0.829901 0.811132 0.965646 0.740853 0.959166 0.762263 0.999976 0.856189 0.936201 0.948037
0.586356 0.763575 0.579865 0.728864 0.776472 0.840570 0.622760 0.552336 0.912815 0.532369 0.440893 0.402261 0.363884 0.390467 0.414715 0.689785 0.622996 0.564587 0.501191 0.642998 0.955529 0.995078 0.872231 0.909752 0.000000 0.463635 0.649917 0.982702 0.483510 0.512490 0.656402 0.670438 0.480320 0.611182 0.855169 0.966083 0.819934 0.883425 0.880662 0.893959 0.956150 0.934892 0.613700 0.543268 0.431144 0.419146 0.759433 0.721785 0.488889 0.691359 0.658148 0.785501 0.888234 0.956877 0.791779 0.939376 0.858041 0.864375 0.755809 0.806219 0.462043 0.405631 0.486093 0.430766 0.398464 0.757078 0.947505 0.855875 0.933160 0.715047 0.779196 0.770471 0.864399 0.965539 0.973887 0.913937 0.682326 0.786784 0.728249 0.579049 0.432393 0.633907 0.752821 0.849850 0.782216 0.992051 0.901370 0.813436 0.679970 0.922902 0.722089 0.911799 0.849270 0.854488 0.762821 0.993833 0.927307 0.963872 0.510904 0.630459 0.627667 0.706813 0.566551 0.571296 0.865339 0.951641 0.871973 0.978977 0.832637 0.879642 0.803992 0.817919 0.672962 0.781608 0.903435 0.893550
0.596859 0.644330 0.623086 0.884306 0.847154 0.914203 0.805013 0.669032 0.858055 0.711060 0.591172 0.502816 0.467024 0.509514 0.558249 0.661065 0.674742 0.687974 0.628444 0.775789 0.824082 0.856983 0.795621 0.950571 0.463635 0.000000 0.922595 0.932676 0.704110 0.660310 0.734214 0.761933 0.731139 0.822265 0.817714 0.995921 0.930076 0.935576 0.882084 0.974089 0.967181 0.986309 0.780006 0.705445 0.636021 0.637995 0.959813 0.834872 0.622534 0.721222 0.763294 0.756092 0.803577 0.950735 0.923116 0.993973 0.812463 0.721467 0.863469 0.800602 0.658147 0.526843 0.711487 0.587028 0.619100 0.688872 0.859560 0.973003 0.937633 0.683928 0.766975 0.679763 0.888343 0.994064 0.914696 0.908599 0.839950 0.732013 0.844875 0.710682 0.652527 0.767658 0.679544 0.898013 0.796047 0.967975 0.890304 0.951490 0.657239 0.727706 0.726601 0.771332 0.871970 0.886261 0.916948 0.937285 0.977588 0.970188 0.663986 0.569952 0.793350 0.810211 0.622329 0.655006 0.946534 0.958356 0.887659 0.918082 0.962679 0.960687 0.925484 0.781470 0.869226 0.961469 0.856932 0.887978
0.793752 0.784324 0.961016 0.868790 0.826335 0.905943 0.609045 0.636954 0.913286 0.633498 0.529200 0.702266 0.688218 0.734822 0.757964 0.936610 0.632873 0.598116 0.646470 0.784705 0.914153 0.836911 0.770581 0.623681 0.649917 0.922595 0.000000 0.995806 0.619530 0.656235 0.687397 0.816247 0.684771 0.514284 0.952687 0.958553 0.778948 0.809328 0.990845 0.866419 0.983438 0.908103 0.624099 0.544131 0.623472 0.607044 0.535061 0.675750 0.667468 0.843637 0.873302 0.968547 0.787863 0.836044 0.795939 0.809501 0.897294 0.994097 0.775472 0.865932 0.590690 0.681381 0.613343 0.660918 0.703719 0.970823 0.885062 0.682661 0.899241 0.977228 0.931834 0.868638 0.913121 0.972524 0.960544 0.978103 0.870227 0.885117 0.789424 0.771173 0.591293 0.712627 0.929861 0.965549 0.938442 0.855946 0.729499 0.644333 0.967958 0.814845 0.904109 0.867962 0.939536 0.697187 0.873461 0.984937 0.935054 0.961165 0.668733 0.792203 0.660807 0.935124 0.731998 0.839526 0.853772 0.883415 0.883896 0.926490 0.990632 0.672178 0.924944 0.967261 0.699610 0.786231 0.969271 0.952761
0.951845 0.935643 0.912734 0.928828 0.797280 0.916128 0.927334 0.941147 0.984043 0.950868 0.900127 0.900289 0.932873 0.929047 0.918655 0.870483 0.927128 0.986455 0.963387 0.971948 0.983183 0.954357 0.830670 0.908369 0.982702 0.932676 0.995806 0.000000 0.950516 0.928093 0.995209 0.925627 0.975499 0.990910 0.852307 0.901449 0.939041 0.869482 0.975571 0.967752 0.919306 0.949518 0.928367 0.983531 0.995857 0.943992 0.989316 0.954083 0.959706 0.992828 0.964949 0.980627 0.974473 0.981827 0.908730 0.974490 0.954808 0.984465 0.882252 0.918387 0.899507 0.988408 0.969152 0.970145 0.788119 0.992651 0.995586 0.978061 0.917553 0.872631 0.907184 0.905815 0.948777 0.942397 0.981365 0.851586 0.957884 0.965879 0.963055 0.837809 0.987940 0.889175 0.910290 0.914525 0.774536 0.787002 0.918110 0.961145 0.906756 0.914989 0.991187 0.983794 0.977082 0.948060 0.979952 0.981439 0.898127 0.930767 0.972876 0.951486 0.984253 0.876788 0.894162 0.927435 0.896722 0.786924 0.796898 0.946744 0.989960 0.924376 0.887197 0.970313 0.994301 0.808935 0.879326 0.962732
0.501137 0.566533 0.934247 0.949320 0.871211 0.696636 0.370461 0.329733 0.791627 0.384304 0.411755 0.386430 0.349187 0.420805 0.403764 0.715578 0.356163 0.356803 0.320619 0.465933 0.897648 0.929887 0.799532 0.917225 0.483510 0.704110 0.619530 0.950516 0.000000 0.267915 0.381658 0.498744 0.420790 0.327567 0.976249 0.990435 0.886834 0.927690 0.964234 0.792523 0.979661 0.972184 0.433050 0.362512 0.409401 0.327279 0.464739 0.533105 0.437978 0.580073 0.574252 0.770415 0.860948 0.978283 0.693309 0.641291 0.596013 0.626442 0.498860 0.621992 0.309889 0.410057 0.263947 0.297545 0.584957 0.994916 0.720772 0.563038 0.852510 0.586779 0.680731 0.694949 0.704487 0.839538 0.994330 0.877752 0.520597 0.815463 0.560125 0.536544 0.299463 0.374020 0.786061 0.853981 0.654962 0.876370 0.894558 0.836520 0.836901 0.944817 0.666245 0.946910 0.794369 0.837259 0.856581 0.923628 0.712631 0.895501 0.467965 0.536237 0.500844 0.602635 0.465913 0.539685 0.789237 0.951464 0.937494 0.944813 0.791401 0.712391 0.755924 0.727169 0.609752 0.697035 0.983489 0.920600
0.465735 0.562320 0.999523 0.989100 0.893246 0.716566 0.491681 0.413707 0.826045 0.469413 0.405409 0.334450 0.302103 0.374686 0.374783 0.572696 0.417250 0.337853 0.363705 0.499960 0.884054 0.946528 0.701834 0.984333 0.512490 0.660310 0.656235 0.928093 0.267915 0.000000 0.463720 0.474957 0.396997 0.366838 0.969693 0.975568 0.906939 0.965798 0.939839 0.775511 0.937481 0.951368 0.485254 0.404417 0.405955 0.350827 0.517729 0.566666 0.423430 0.568625 0.605345 0.750340 0.891630 0.937862 0.668702 0.672959 0.594293 0.614740 0.510464 0.636178 0.333649 0.414573 0.326727 0.288000 0.639844 0.993024 0.737554 0.542056 0.787599 0.533317 0.626146 0.745280 0.754482 0.796156 0.960113 0.884132 0.601676 0.704748 0.637940 0.532270 0.326999 0.431762 0.663983 0.774606 0.607365 0.818093 0.864400 0.947490 0.700860 0.860448 0.774833 0.976710 0.882521 0.798548 0.820723 0.915660 0.688017 0.976136 0.471916 0.561756 0.603238 0.691764 0.402361 0.601312 0.873541 0.918554 0.973473 0.984444 0.814172 0.790699 0.754974 0.747804 0.673044 0.712088 0.988821 0.981012
0.549755 0.601661 0.920880 0.857107 0.948643 0.693020 0.482307 0.403166 0.792618 0.406577 0.621141 0.474354 0.503271 0.528988 0.569606 0.760425 0.506935 0.461956 0.456949 0.533825 0.997661 0.980156 0.798501 0.925501 0.656402 0.734214 0.687397 0.995209 0.381658 0.463720 0.000000 0.483664 0.491532 0.430834 0.984138 0.987347 0.867031 0.891893 0.928304 0.955400 0.929871 0.971788 0.569538 0.496422 0.527703 0.482826 0.629254 0.658342 0.505172 0.617557 0.670802 0.798353 0.879771 0.932200 0.744602 0.676246 0.582219 0.641942 0.608547 0.704241 0.468488 0.491363 0.438828 0.400611 0.663551 0.923113 0.772932 0.644298 0.861583 0.671425 0.771841 0.616003 0.793053 0.914278 0.901256 0.876642 0.619857 0.869252 0.691294 0.583687 0.416019 0.507472 0.964796 0.937952 0.675186 0.876382 0.739832 0.712248 0.890063 0.848864 0.696075 0.874723 0.774443 0.982560 0.957230 0.894900 0.895001 0.853136 0.532970 0.444025 0.628963 0.575101 0.494663 0.709183 0.852776 0.931599 0.802802 0.913239 0.876286 0.736022 0.760576 0.795609 0.737689 0.875992 0.924357 0.908803
0.610731 0.726873 0.984411 0.847845 0.897144 0.833575 0.623031 0.556075 0.917823 0.610835 0.633312 0.524214 0.524684 0.498048 0.522068 0.629157 0.682002 0.559650 0.546284 0.536762 0.884887 0.978137 0.676587 0.941396 0.670438 0.761933 0.816247 0.925627 0.498744 0.474957 0.483664 0.000000 0.535814 0.560688 0.922880 0.778321 0.905814 0.921954 0.990749 0.872067 0.949701 0.991544 0.647105 0.583955 0.684235 0.570921 0.667637 0.733341 0.634775 0.708426 0.750890 0.824183 0.969711 0.914513 0.966481 0.780954 0.786554 0.781379 0.752337 0.759035 0.544555 0.597517 0.505017 0.508956 0.848819 0.971661 0.846058 0.716832 0.910873 0.757244 0.728647 0.716494 0.660451 0.848182 0.993399 0.893614 0.756937 0.934095 0.745046 0.617266 0.549372 0.489007 0.727968 0.865198 0.638647 0.730779 0.965245 0.974620 0.789551 0.658791 0.800735 0.933426 0.849564 0.903771 0.930671 0.982291 0.864601 0.821102 0.677006 0.668911 0.813747 0.741158 0.553883 0.758194 0.800415 0.886859 0.939294 0.957202 0.930798 0.936257 0.793839 0.983231 0.817324 0.928482 0.920891 0.911615
0.520915 0.720375 0.950582 0.948988 0.851446 0.637830 0.460767 0.408663 0.835578 0.454997 0.473768 0.385643 0.384012 0.443728 0.403577 0.642438 0.497439 0.466271 0.442686 0.556462 0.954148 0.908560 0.723700 0.968797 0.480320 0.731139 0.684771 0.975499 0.420790 0.396997 0.491532 0.535814 0.000000 0.446114 0.963734 0.948895 0.762653 0.929159 0.951777 0.965247 0.840314 0.999639 0.564272 0.467339 0.393544 0.401489 0.595319 0.558112 0.465068 0.670513 0.656495 0.838288 0.910734 0.896228 0.771175 0.705507 0.693694 0.724131 0.550836 0.718121 0.350075 0.404195 0.364777 0.331240 0.603224 0.962562 0.720173 0.540235 0.873012 0.641884 0.777613 0.775134 0.737115 0.789625 0.991871 0.790144 0.564399 0.745241 0.754809 0.501920 0.365640 0.443217 0.739421 0.725042 0.599992 0.715673 0.889889 0.872856 0.774074 0.930796 0.732162 0.968917 0.838957 0.797988 0.810233 0.950721 0.785238 0.955480 0.429093 0.594835 0.588310 0.734383 0.503447 0.599716 0.794102 0.899362 0.945283 0.986595 0.860345 0.837283 0.755659 0.726254 0.745608 0.786468 0.968122 0.987529
0.521576 0.581251 0.887899 0.873294 0.996875 0.668776 0.421016 0.398902 0.866476 0.431012 0.420412 0.409545 0.464640 0.521158 0.549976 0.794930 0.383027 0.397029 0.347304 0.521483 0.850437 0.877787 0.930900 0.859967 0.611182 0.822265 0.514284 0.990910 0.327567 0.366838 0.430834 0.560688 0.446114 0.000000 0.988058 0.872874 0.725709 0.857595 0.907307 0.860559 0.999704 0.953325 0.469724 0.326965 0.403317 0.362310 0.433408 0.590682 0.477887 0.629613 0.638933 0.839177 0.938813 0.930532 0.628786 0.644160 0.645888 0.742075 0.490969 0.645482 0.357087 0.464378 0.323016 0.353134 0.628439 0.944280 0.676804 0.448410 0.818150 0.698926 0.797631 0.680981 0.759237 0.814147 0.982575 0.875493 0.578119 0.770863 0.648867 0.627353 0.342237 0.369753 0.794601 0.736072 0.724481 0.839576 0.832677 0.830323 0.934227 0.998997 0.669455 0.997116 0.818343 0.777937 0.933899 0.898456 0.861809 0.960785 0.479585 0.565624 0.620233 0.621144 0.445454 0.716978 0.839984 0.949467 0.784585 0.951942 0.712393 0.678444 0.812345 0.758520 0.615389 0.782535 0.911037 0.933114
0.924048 0.926453 0.814629 0.871576 0.901488 0.815736 0.912377 0.992591 0.926285 0.987046 0.889503 0.919734 0.885837 0.873968 0.960177 0.885873 0.930862 0.925939 0.964512 0.889434 0.919578 0.887937 0.828445 0.837714 0.855169 0.817714 0.952687 0.852307 0.976249 0.969693 0.984138 0.922880 0.963734 0.988058 0.000000 0.903023 0.881469 0.929286 0.776898 0.975661 0.887907 0.934699 0.922875 0.867333 0.998251 0.966148 0.935303 0.901440 0.948165 0.955979 0.952991 0.928239 0.966694 0.922957 0.762950 0.895668 0.928117 0.962173 0.959841 0.994151 0.976483 0.894432 0.961619 0.948482 0.731623 0.809866 0.722112 0.907261 0.962034 0.993656 0.829276 0.990179 0.980668 0.965844 0.797822 0.975049 0.836367 0.903660 0.904147 0.867933 0.991336 0.936636 0.842546 0.930979 0.854960 0.723616 0.910250 0.921560 0.993162 0.974867 0.950722 0.986134 0.868230 0.924960 0.980663 0.926886 0.950055 0.910186 0.990886 0.883439 0.935938 0.857139 0.961133 0.952649 0.996790 0.990031 0.895370 0.805152 0.984780 0.877323 0.950696 0.905831 0.881478 0.984724 0.937750 0.950131
0.844557 0.894470 0.978119 0.913736 0.926151 0.973442 0.994164 0.911887 0.967841 0.947810 0.932490 0.951477 0.973683 0.982189 0.937483 0.890532 0.947444 0.924691 0.971548 0.949423 0.974652 0.868844 0.902610 0.816934 0.966083 0.995921 0.958553 0.901449 0.990435 0.975568 0.987347 0.778321 0.948895 0.872874 0.903023 0.000000 0.946841 0.915533 0.930497 0.960403 0.900350 0.957201 0.976290 0.973590 0.922224 0.989257 0.943859 0.944324 0.872897 0.869089 0.825080 0.793965 0.760425 0.784763 0.760027 0.876175 0.785620 0.709342 0.820509 0.734256 0.968335 0.935454 0.947180 0.907460 0.935753 0.989917 0.819343 0.970014 0.888397 0.730250 0.854283 0.881290 0.956511 0.989379 0.899712 0.929060 0.921941 0.986837 0.991706 0.944686 0.936594 0.949132 0.942689 0.864636 0.880817 0.941355 0.835701 0.877356 0.773544 0.925719 0.781519 0.834436 0.779657 0.699667 0.766758 0.949397 0.916502 0.906494 0.789734 0.788532 0.849227 0.923932 0.920057 0.910821 0.835012 0.838461 0.890615 0.845538 0.956165 0.927263 0.873871 0.924840 0.960299 0.762462 0.991328 0.762055
0.747046 0.925023 0.920274 0.973996 0.932681 0.816726 0.833405 0.767932 0.841520 0.766600 0.880577 0.785285 0.872807 0.796606 0.857869 0.847661 0.822683 0.829494 0.786726 0.955615 0.964527 0.918414 0.841305 0.985233 0.819934 0.930076 0.778948 0.939041 0.886834 0.906939 0.867031 0.905814 0.762653 0.725709 0.881469 0.946841 0.000000 0.797447 0.931940 0.982007 0.913904 0.938481 0.887088 0.853789 0.736380 0.756158 0.910945 0.858282 0.721412 0.830296 0.793406 0.901311 0.908575 0.892183 0.782885 0.928498 0.997336 0.979738 0.918806 0.873314 0.814644 0.717494 0.809397 0.787854 0.843447 0.899856 0.821875 0.834939 0.979379 0.905241 0.910289 0.835947 0.861215 0.882815 0.950335 0.925178 0.841040 0.953697 0.958880 0.917590 0.812544 0.779690 0.938452 0.926835 0.826873 0.825755 0.776978 0.922953 0.887698 0.924118 0.713897 0.850759 0.732789 0.946009 0.984013 0.874428 0.950200 0.980195 0.681437 0.896402 0.889597 0.750058 0.798135 0.936323 0.946181 0.958776 0.989219 0.945781 0.863824 0.930474 0.871636 0.874786 0.725989 0.902532 0.994000 0.916928
0.986281 0.917820 0.960981 0.799969 0.970035 0.969977 0.808254 0.919408 0.925053 0.933732 0.799316 0.973374 0.853163 0.925189 0.952428 0.988373 0.898698 0.974894 0.919650 0.996175 0.881330 0.932935 0.938259 0.829709 0.883425 0.935576 0.809328 0.869482 0.927690 0.965798 0.891893 0.921954 0.929159 0.857595 0.929286 0.915533 0.797447 0.000000 0.907277 0.937830 0.877556 0.931274 0.973542 0.933782 0.916459 0.964143 0.847764 0.942487 0.975702 0.924459 0.809588 0.731777 0.775868 0.740494 0.976210 0.927915 0.893927 0.862110 0.932169 0.892562 0.785039 0.877856 0.859417 0.885911 0.944115 0.864098 0.918837 0.849101 0.809390 0.843511 0.820375 0.894907 0.959692 0.824265 0.894466 0.925994 0.815904 0.867207 0.926745 0.949045 0.886271 0.844147 0.876550 0.914248 0.864974 0.997873 0.849282 0.962463 0.866166 0.997835 0.919133 0.889111 0.910084 0.800651 0.968707 0.906815 0.810813 0.971172 0.972118 0.943799 0.851339 0.880120 0.949183 0.914638 0.993526 0.865129 0.827584 0.953805 0.666809 0.901032 0.948997 0.971098 0.772631 0.990079 0.881968 0.957482
