0.000000 0.218139 0.865720 0.547740 0.780288 0.607150 0.656073 0.535421 0.832700 0.701946 0.304478 0.292406 0.354139 0.404080 0.557981 0.434175 0.264481 0.293218 0.370930 0.337072 0.796438 0.841105 0.788881 0.747666 0.923376 0.908260 0.950243 0.980489 0.383461 0.412440 0.960786 0.919852 0.429833 0.452766 0.860375 0.655283 0.715667 0.748070 0.759864 0.647809 0.739697 0.765865 0.657187 0.630177 0.639167 0.546705 0.340882 0.347228 0.357935 0.395215 0.624883 0.545924 0.907238 0.753799 0.448362 0.405405 0.247705 0.213894 0.262139 0.302511 0.309527 0.389915 0.249937 0.262629 0.646182 0.404452 0.810025 0.767889 0.458296 0.472479 0.774755 0.827538 0.704149 0.675622 0.719716 0.845020 0.608570 0.704921 0.402368 0.474024 0.250046 0.260912 0.516335 0.338120 0.447553 0.510977 0.902493 0.969277 0.578809 0.413160 0.992257 0.912855 0.967344 0.851291 0.740412 0.703319 0.743210 0.806711 0.540645 0.613983 0.936839 0.982332 0.714001 0.720209 0.550547 0.610657 0.927589 0.999441 0.825226 0.880354 0.951629 0.475054 0.678144 0.943845 0.758686 0.970093
0.218139 0.000000 0.780040 0.484438 0.825184 0.594900 0.587831 0.505089 0.734597 0.682518 0.291168 0.298404 0.371397 0.379160 0.556444 0.354957 0.250539 0.258101 0.359497 0.284581 0.711622 0.985402 0.733034 0.668950 0.899969 0.994429 0.941412 0.938603 0.306860 0.349050 0.803252 0.740348 0.345322 0.378482 0.941414 0.666124 0.630865 0.712209 0.734396 0.628775 0.792815 0.667478 0.512562 0.484307 0.547589 0.470800 0.341787 0.331898 0.312161 0.349576 0.471337 0.439863 0.764745 0.865220 0.494065 0.414846 0.211403 0.179666 0.302632 0.343718 0.285515 0.397091 0.255144 0.258121 0.604097 0.429765 0.750521 0.660885 0.490057 0.459707 0.657990 0.703378 0.621840 0.568315 0.729166 0.844297 0.555623 0.605320 0.378736 0.398628 0.280348 0.315814 0.460817 0.375714 0.496870 0.508368 0.986648 0.961418 0.624850 0.450280 0.968073 0.987752 0.925483 0.872739 0.709182 0.694265 0.797997 0.824937 0.522530 0.554293 0.924659 0.986125 0.679616 0.691279 0.565383 0.554504 0.936956 0.966001 0.786361 0.944520 0.934886 0.462550 0.655731 0.862309 0.752630 0.981535
0.865720 0.780040 0.000000 0.393235 0.680510 0.968968 0.569043 0.724075 0.750794 0.855077 0.919556 0.911852 0.669114 0.752074 0.657513 0.648236 0.957098 0.858454 0.647293 0.688375 0.631643 0.845428 0.480603 0.616049 0.544427 0.496228 0.961388 0.919819 0.787900 0.843810 0.607346 0.658337 0.634024 0.686605 0.760718 0.909508 0.635673 0.783310 0.593621 0.843841 0.953105 0.808884 0.704018 0.721074 0.762690 0.763969 0.748872 0.746085 0.876158 0.748670 0.702017 0.721426 0.729289 0.850451 0.843467 0.954256 0.871552 0.785426 0.910950 0.762264 0.634041 0.842131 0.914429 0.900957 0.464450 0.614596 0.672846 0.716910 0.818784 0.655401 0.802077 0.724734 0.807640 0.705935 0.861426 0.754989 0.689483 0.689013 0.745896 0.800350 0.992767 0.943516 0.886326 0.997187 0.863675 0.894092 0.937142 0.904165 0.930255 0.806133 0.664124 0.654278 0.675382 0.679347 0.988508 0.831970 0.826104 0.835984 0.800994 0.692213 0.817556 0.713057 0.933078 0.889966 0.747262 0.746078 0.838442 0.683461 0.970032 0.980042 0.828637 0.756876 0.721205 0.814964 0.808754 0.854874
0.547740 0.484438 0.393235 0.000000 0.707757 0.701757 0.531047 0.422877 0.662837 0.682991 0.572005 0.489985 0.445235 0.398384 0.584317 0.422451 0.631700 0.560017 0.501983 0.419884 0.597525 0.955872 0.547517 0.542098 0.744505 0.619529 0.976375 0.885084 0.559546 0.571955 0.677270 0.739400 0.512228 0.514507 0.807801 0.748528 0.591912 0.661337 0.643564 0.721900 0.868723 0.864014 0.635140 0.643929 0.674075 0.658322 0.560662 0.578658 0.625441 0.546561 0.587855 0.568926 0.705007 0.933173 0.663304 0.728592 0.628019 0.498207 0.677839 0.550775 0.417088 0.453832 0.578054 0.528241 0.462068 0.306343 0.675262 0.696790 0.623996 0.396972 0.684357 0.702240 0.843461 0.676136 0.898867 0.623411 0.644854 0.669416 0.507758 0.604902 0.728427 0.627607 0.748779 0.782998 0.716510 0.722721 0.922059 0.913624 0.761855 0.601616 0.671607 0.750473 0.639458 0.739159 0.686759 0.713127 0.772196 0.867870 0.643375 0.623103 0.720425 0.778470 0.809958 0.816761 0.632148 0.595391 0.996974 0.864124 0.841822 0.995192 0.865264 0.651349 0.729564 0.827098 0.709866 0.824248
0.780288 0.825184 0.680510 0.707757 0.000000 0.798007 0.748662 0.753299 0.989134 0.893229 0.947389 0.816326 0.593938 0.771090 0.608726 0.628713 0.911203 0.891962 0.802341 0.918592 0.922871 0.957335 0.557314 0.554358 0.715800 0.935067 0.765542 0.939507 0.897885 0.839360 0.888478 0.900478 0.726832 0.900292 0.974580 0.898832 0.979148 0.957092 0.988890 0.862617 0.798605 0.916258 0.800230 0.844883 0.829257 0.770007 0.697034 0.735500 0.675079 0.707355 0.758231 0.717060 0.766302 0.979766 0.705154 0.805126 0.913924 0.798159 0.804613 0.701154 0.662133 0.756086 0.806619 0.784111 0.641344 0.656466 0.911543 0.898482 0.876943 0.737737 0.879602 0.852650 0.865691 0.971454 0.850837 0.887367 0.934967 0.830046 0.937870 0.741811 0.845236 0.783732 0.844646 0.806301 0.652339 0.720367 0.670398 0.925304 0.656120 0.722978 0.909113 0.962129 0.969917 0.981878 0.973609 0.963474 0.818762 0.882668 0.856039 0.799359 0.931319 0.840818 0.962959 0.958787 0.844243 0.883344 0.782053 0.943259 0.955774 0.970064 0.801083 0.879602 0.684197 0.954756 0.945300 0.926416
0.607150 0.594900 0.968968 0.701757 0.798007 0.000000 0.613034 0.549262 0.731486 0.631026 0.661078 0.572554 0.771816 0.656049 0.881104 0.560529 0.585171 0.581915 0.636299 0.607045 0.812271 0.936806 0.844099 0.823154 0.823298 0.867602 0.804784 0.992717 0.651771 0.583194 0.783106 0.781168 0.610699 0.600215 0.995103 0.665719 0.849935 0.968563 0.898391 0.817530 0.725810 0.981609 0.643423 0.674435 0.664708 0.659288 0.751497 0.677230 0.631002 0.669704 0.686070 0.642140 0.657371 0.849654 0.819012 0.775925 0.652443 0.711267 0.725837 0.720322 0.640284 0.626676 0.630421 0.519105 0.992244 0.702078 0.817549 0.721028 0.934425 0.885173 0.705292 0.799230 0.705714 0.818639 0.954681 0.863426 0.809684 0.634764 0.781715 0.703630 0.707990 0.721629 0.854450 0.845303 0.923005 0.966953 0.904356 0.852014 0.970981 0.799738 0.735069 0.912233 0.845090 0.898764 0.749577 0.821592 0.985425 0.750256 0.567486 0.683990 0.706494 0.884987 0.778508 0.747844 0.773317 0.936921 0.959358 0.925357 0.828352 0.926495 0.727989 0.669474 0.791166 0.796010 0.903933 0.927368
0.656073 0.587831 0.569043 0.531047 0.748662 0.613034 0.000000 0.317266 0.369143 0.384839 0.578336 0.608996 0.763747 0.728920 0.802820 0.507444 0.534733 0.459856 0.365662 0.482476 0.712538 0.897752 0.587850 0.800726 0.890086 0.960518 0.650737 0.853829 0.419686 0.356502 0.372380 0.449254 0.329216 0.272910 0.743784 0.934019 0.839935 0.844490 0.853548 0.974126 0.837740 0.844901 0.288502 0.368726 0.262108 0.371589 0.678861 0.536322 0.561586 0.631702 0.512711 0.536654 0.460372 0.593897 0.795893 0.832483 0.572392 0.697080 0.672943 0.833415 0.377714 0.612560 0.503788 0.479520 0.842765 0.719044 0.276403 0.324709 0.953301 0.800305 0.464083 0.430093 0.444664 0.399479 0.990247 0.694742 0.500039 0.442307 0.635743 0.627955 0.762448 0.831167 0.804574 0.982171 0.978907 0.929442 0.957110 0.848157 0.917239 0.884369 0.464693 0.609318 0.622073 0.758432 0.670457 0.590733 0.598498 0.629775 0.300346 0.267224 0.512042 0.543693 0.507706 0.643496 0.496300 0.669021 0.681762 0.731861 0.648576 0.904410 0.635272 0.423348 0.354006 0.693661 0.691179 0.909278
0.535421 0.505089 0.724075 0.422877 0.753299 0.549262 0.317266 0.000000 0.417771 0.275815 0.437927 0.328382 0.617913 0.469968 0.854057 0.546618 0.515715 0.459352 0.476780 0.439463 0.861478 0.944253 0.793292 0.875191 0.784922 0.932853 0.651429 0.878264 0.394420 0.369074 0.658046 0.723795 0.468562 0.352289 0.791775 0.787548 0.822588 0.840733 0.910250 0.886916 0.836780 0.949913 0.447737 0.503484 0.353517 0.370012 0.578234 0.471459 0.440869 0.505785 0.468278 0.468224 0.497925 0.689811 0.652200 0.644211 0.616635 0.598995 0.550176 0.599241 0.294871 0.270672 0.388229 0.293967 0.877319 0.481577 0.454559 0.427369 0.872433 0.619720 0.593516 0.621374 0.628379 0.598500 0.847596 0.673391 0.517860 0.601838 0.576279 0.661918 0.652278 0.687729 0.860142 0.843327 0.941044 0.977439 0.945462 0.835689 0.890177 0.692597 0.533347 0.747238 0.620408 0.842959 0.695987 0.683475 0.639483 0.692450 0.368920 0.387616 0.477446 0.706667 0.579004 0.694423 0.521700 0.639610 0.843983 0.893044 0.698548 0.846443 0.709897 0.484810 0.500384 0.762794 0.715234 0.895455
0.832700 0.734597 0.750794 0.662837 0.989134 0.731486 0.369143 0.417771 0.000000 0.361802 0.643873 0.611104 0.901618 0.825427 0.926909 0.669489 0.681301 0.569977 0.620389 0.595776 0.732264 0.906559 0.853039 0.978965 0.759781 0.890620 0.697632 0.847403 0.449199 0.517442 0.463252 0.599872 0.571370 0.425850 0.835673 0.967789 0.808383 0.967789 0.806068 0.894210 0.812577 0.848782 0.483846 0.551189 0.479286 0.613505 0.941410 0.752902 0.776391 0.815072 0.676922 0.734890 0.552333 0.601639 0.965290 0.963200 0.683848 0.841810 0.905548 0.961926 0.608240 0.626551 0.626244 0.589012 0.999668 0.811945 0.483471 0.557140 0.969503 0.813640 0.424147 0.444911 0.491388 0.532344 0.913969 0.704961 0.551456 0.579007 0.721051 0.679568 0.916060 0.980747 0.936297 0.927795 0.786858 0.743009 0.818949 0.770976 0.750643 0.900519 0.421252 0.528949 0.580081 0.621083 0.665173 0.756905 0.726330 0.676855 0.470857 0.426931 0.474410 0.567053 0.617637 0.735177 0.630114 0.851429 0.752210 0.781833 0.817946 0.967567 0.740943 0.551039 0.696301 0.795027 0.792298 0.896220
0.701946 0.682518 0.855077 0.682991 0.893229 0.631026 0.384839 0.275815 0.361802 0.000000 0.563997 0.488653 0.868780 0.758462 0.982826 0.683215 0.566789 0.489866 0.569127 0.536026 0.912087 0.935132 0.958661 0.891838 0.704369 0.873978 0.631363 0.789826 0.420947 0.434219 0.575765 0.707457 0.570102 0.391030 0.759715 0.958056 0.826044 0.860971 0.885910 0.908777 0.885009 0.915168 0.488146 0.554927 0.405717 0.495560 0.818971 0.657710 0.633514 0.780790 0.668580 0.709277 0.616260 0.666563 0.893068 0.841398 0.673712 0.794135 0.737545 0.911740 0.518922 0.483250 0.489787 0.415374 0.878083 0.796171 0.459042 0.512877 0.926082 0.828405 0.451333 0.488593 0.554802 0.530758 0.942105 0.744941 0.597360 0.587526 0.678311 0.721358 0.730820 0.883851 0.998292 0.956006 0.803165 0.719310 0.808504 0.665314 0.917906 0.931522 0.418912 0.585175 0.561014 0.712854 0.769109 0.712400 0.688743 0.649662 0.326583 0.397624 0.448119 0.587360 0.529248 0.664096 0.627899 0.773360 0.869169 0.897945 0.731456 0.880293 0.580329 0.486922 0.531357 0.839866 0.792997 0.868682
0.304478 0.291168 0.919556 0.572005 0.947389 0.661078 0.578336 0.437927 0.643873 0.563997 0.000000 0.241597 0.492437 0.379730 0.680686 0.491086 0.297292 0.266392 0.385352 0.353818 0.806610 0.798440 0.951222 0.859209 0.866834 0.867417 0.921720 0.917091 0.295643 0.312602 0.839031 0.823428 0.435744 0.388596 0.917715 0.658177 0.723979 0.687031 0.701002 0.651293 0.800338 0.779530 0.555611 0.552043 0.590265 0.529783 0.477275 0.498899 0.443201 0.520191 0.556788 0.558785 0.823883 0.939963 0.605857 0.542467 0.302792 0.315874 0.393550 0.488905 0.352251 0.351282 0.273400 0.245783 0.860332 0.475611 0.788155 0.666981 0.663957 0.578686 0.682016 0.693436 0.545944 0.583313 0.742725 0.718636 0.510850 0.705737 0.354464 0.492375 0.344120 0.361645 0.648985 0.475076 0.707348 0.704958 0.927071 0.958345 0.759589 0.545228 0.931324 0.969411 0.961187 0.920103 0.708325 0.699801 0.785320 0.801304 0.528981 0.656467 0.819555 0.913408 0.628874 0.717876 0.585152 0.690750 0.843112 0.911646 0.772036 0.838343 0.944997 0.486582 0.590825 0.982949 0.716135 0.891132
0.292406 0.298404 0.911852 0.489985 0.816326 0.572554 0.608996 0.328382 0.611104 0.488653 0.241597 0.000000 0.389216 0.301488 0.638158 0.421999 0.338311 0.337567 0.473119 0.375004 0.818013 0.874075 0.894029 0.810570 0.863848 0.859195 0.915660 0.945393 0.338911 0.364248 0.923037 0.935593 0.484813 0.446388 0.962098 0.677077 0.739064 0.745720 0.827885 0.662370 0.802059 0.856287 0.625336 0.608158 0.593908 0.505152 0.429442 0.430506 0.372302 0.422288 0.538753 0.493019 0.724456 0.987884 0.519389 0.506531 0.387478 0.318535 0.387645 0.411775 0.295863 0.191223 0.254780 0.201822 0.788697 0.344199 0.789942 0.682719 0.595762 0.475429 0.720620 0.770421 0.700964 0.691641 0.707786 0.755393 0.587704 0.723390 0.446898 0.547294 0.347026 0.367699 0.629267 0.463459 0.656605 0.683521 0.931334 0.984059 0.627745 0.529270 0.823032 0.998017 0.870298 0.940692 0.688101 0.740145 0.786505 0.783097 0.547828 0.627601 0.752800 0.974148 0.706783 0.757624 0.557824 0.649368 0.873058 0.931109 0.781267 0.884437 0.914389 0.522568 0.689763 0.962452 0.769640 0.887009
0.354139 0.371397 0.669114 0.445235 0.593938 0.771816 0.763747 0.617913 0.901618 0.868780 0.492437 0.389216 0.000000 0.320338 0.309189 0.333209 0.550752 0.575077 0.527719 0.509181 0.783614 0.956598 0.492238 0.452796 0.765716 0.955361 0.711001 0.815376 0.576302 0.632291 0.933759 0.946382 0.555911 0.625065 0.988485 0.715653 0.686058 0.812443 0.747429 0.628755 0.878575 0.812453 0.783616 0.799595 0.807075 0.678357 0.388242 0.429539 0.431651 0.440548 0.625512 0.550832 0.860840 0.813332 0.569568 0.535246 0.533275 0.319176 0.433894 0.290974 0.355262 0.393337 0.488079 0.480687 0.372621 0.262483 0.956464 0.911750 0.539295 0.382219 0.994788 0.977577 0.996219 0.870553 0.695138 0.778825 0.698515 0.836421 0.581591 0.529644 0.494697 0.357993 0.520233 0.411731 0.369341 0.402639 0.870265 0.864886 0.461309 0.449076 0.988479 0.902218 0.985198 0.912157 0.807308 0.798395 0.876293 0.895910 0.750234 0.773060 0.962597 0.985274 0.958026 0.953425 0.734533 0.695855 0.899758 0.979639 0.865182 0.931655 0.991796 0.684088 0.800112 0.964212 0.710651 0.883596
0.404080 0.379160 0.752074 0.398384 0.771090 0.656049 0.728920 0.469968 0.825427 0.758462 0.379730 0.301488 0.320338 0.000000 0.491282 0.385316 0.503614 0.476422 0.496768 0.456901 0.828806 0.935377 0.666246 0.539963 0.982188 0.997774 0.971517 0.871059 0.488734 0.476739 0.983921 0.897078 0.519847 0.594210 0.935493 0.633092 0.707433 0.743378 0.789588 0.620633 0.830158 0.963005 0.717393 0.655413 0.725387 0.589195 0.463423 0.503024 0.464095 0.394612 0.512124 0.465246 0.738192 0.978632 0.515411 0.516435 0.547490 0.347518 0.483640 0.379456 0.382225 0.323859 0.465510 0.382936 0.608987 0.276605 0.969116 0.839818 0.663344 0.490062 0.913622 0.880221 0.914970 0.828751 0.783072 0.725029 0.683169 0.869728 0.462002 0.544676 0.503783 0.381498 0.572859 0.444257 0.602852 0.555542 0.931454 0.866738 0.566454 0.463716 0.975015 0.837524 0.979459 0.877706 0.764650 0.829472 0.880381 0.979113 0.749512 0.831047 0.907802 0.983254 0.870652 0.903716 0.735812 0.700101 0.889807 0.929582 0.845228 0.936792 0.972048 0.754246 0.810562 0.952039 0.678436 0.863579
0.557981 0.556444 0.657513 0.584317 0.608726 0.881104 0.802820 0.854057 0.926909 0.982826 0.680686 0.638158 0.309189 0.491282 0.000000 0.300826 0.669063 0.628537 0.532014 0.596974 0.679694 0.954505 0.351721 0.359729 0.662531 0.823942 0.598509 0.770582 0.682949 0.685891 0.896365 0.909937 0.582893 0.731435 0.949681 0.824923 0.756371 0.876729 0.782322 0.688991 0.880984 0.831274 0.842861 0.837099 0.939659 0.881462 0.633788 0.649818 0.698781 0.682795 0.821579 0.780460 0.951729 0.796458 0.747647 0.783733 0.609643 0.478806 0.667565 0.585756 0.577447 0.706045 0.681187 0.710356 0.395059 0.460678 0.979540 0.959904 0.527930 0.571382 0.965159 0.898938 0.962494 0.861774 0.859081 0.775779 0.817471 0.851593 0.716076 0.516739 0.636613 0.520211 0.550433 0.563032 0.457882 0.449621 0.873875 0.808952 0.578026 0.642850 0.975881 0.936488 0.994372 0.946150 0.775371 0.820294 0.896497 0.925703 0.833031 0.826244 0.847082 0.917136 0.995225 0.962485 0.842726 0.888477 0.941668 0.970248 0.890885 0.921398 0.908693 0.798313 0.841464 0.982515 0.771871 0.912029
0.434175 0.354957 0.648236 0.422451 0.628713 0.560529 0.507444 0.546618 0.669489 0.683215 0.491086 0.421999 0.333209 0.385316 0.300826 0.000000 0.434723 0.418643 0.366298 0.374833 0.663572 0.926637 0.375997 0.402768 0.878733 0.896640 0.843199 0.893538 0.456178 0.443776 0.678690 0.736693 0.368964 0.457987 0.995496 0.709101 0.641130 0.753326 0.791965 0.661152 0.728820 0.781359 0.552405 0.558667 0.637382 0.601519 0.542379 0.500421 0.490254 0.516340 0.582860 0.533911 0.675589 0.956135 0.706283 0.739882 0.419240 0.376146 0.587939 0.572089 0.403514 0.514334 0.472539 0.455844 0.499281 0.405101 0.776133 0.767744 0.564408 0.539896 0.690174 0.638879 0.741439 0.627190 0.826361 0.754601 0.658708 0.634600 0.551436 0.455305 0.542055 0.519172 0.532939 0.600725 0.576075 0.602401 0.987494 0.976298 0.654623 0.647003 0.728373 0.863072 0.817675 0.921389 0.649858 0.701412 0.899308 0.789185 0.576377 0.556877 0.887477 0.841802 0.795479 0.827211 0.682326 0.766830 0.913827 0.939898 0.758940 0.929383 0.848153 0.531876 0.649529 0.914207 0.734563 0.888764
0.264481 0.250539 0.957098 0.631700 0.911203 0.585171 0.534733 0.515715 0.681301 0.566789 0.297292 0.338311 0.550752 0.503614 0.669063 0.434723 0.000000 0.178259 0.348832 0.312014 0.751086 0.980615 0.878914 0.814088 0.888997 0.864993 0.904955 0.990710 0.285733 0.260887 0.731133 0.692825 0.391939 0.354590 0.857696 0.684757 0.732576 0.796526 0.924833 0.708179 0.762726 0.708485 0.458128 0.466202 0.522000 0.512315 0.455801 0.412017 0.411612 0.513516 0.598944 0.592292 0.842637 0.872320 0.554806 0.495072 0.201860 0.307874 0.376931 0.570799 0.391237 0.498232 0.220945 0.233160 0.882591 0.638093 0.692160 0.653650 0.594805 0.642876 0.559587 0.594481 0.518511 0.485915 0.736643 0.853815 0.579495 0.611469 0.405079 0.406223 0.271741 0.347028 0.510918 0.488044 0.673036 0.707030 0.985813 0.953127 0.774207 0.580779 0.886570 0.986316 0.954618 0.868909 0.676764 0.654014 0.716059 0.773921 0.443045 0.488767 0.829378 0.886013 0.634149 0.582286 0.562459 0.638056 0.995915 0.982132 0.688579 0.913902 0.793177 0.454408 0.592249 0.885141 0.811649 0.979627
0.293218 0.258101 0.858454 0.560017 0.891962 0.581915 0.459856 0.459352 0.569977 0.489866 0.266392 0.337567 0.575077 0.476422 0.628537 0.418643 0.178259 0.000000 0.283699 0.289676 0.696714 0.955999 0.831545 0.784011 0.934106 0.951469 0.920101 0.926070 0.241391 0.210418 0.652303 0.589931 0.321068 0.282923 0.944794 0.734824 0.725794 0.741865 0.848803 0.685131 0.761403 0.676498 0.414053 0.414781 0.473871 0.482623 0.491529 0.430140 0.442171 0.536771 0.568975 0.575649 0.788234 0.905334 0.603522 0.527559 0.205582 0.302034 0.408542 0.614488 0.363487 0.478440 0.228772 0.233879 0.835633 0.589985 0.663309 0.594356 0.588616 0.613908 0.509430 0.524924 0.498955 0.439911 0.820994 0.789395 0.557280 0.543968 0.357572 0.347174 0.304119 0.386113 0.501079 0.492438 0.685803 0.709339 0.990106 0.992106 0.824676 0.577262 0.840101 0.940505 0.912640 0.937567 0.647990 0.600734 0.679904 0.762003 0.394431 0.463341 0.807657 0.822252 0.598024 0.585089 0.542592 0.626917 0.995120 0.978631 0.771685 0.949700 0.817569 0.426494 0.551500 0.876353 0.715759 0.968036
0.370930 0.359497 0.647293 0.501983 0.802341 0.636299 0.365662 0.476780 0.620389 0.569127 0.385352 0.473119 0.527719 0.496768 0.532014 0.366298 0.348832 0.283699 0.000000 0.316307 0.726580 0.977011 0.574241 0.666225 0.996566 0.985821 0.900811 0.925489 0.349668 0.324585 0.592181 0.566931 0.344303 0.297089 0.911303 0.778478 0.772850 0.763683 0.797691 0.762666 0.810775 0.783366 0.504322 0.534586 0.512374 0.542922 0.550448 0.478295 0.535338 0.601923 0.669553 0.644317 0.767232 0.992877 0.713491 0.680862 0.355558 0.413679 0.492278 0.608643 0.370616 0.588589 0.404852 0.401097 0.721331 0.565396 0.593158 0.643463 0.666208 0.650575 0.578232 0.519806 0.558283 0.452726 0.903225 0.755520 0.528852 0.553289 0.471575 0.491001 0.509840 0.492639 0.627023 0.625751 0.718940 0.790166 0.973414 0.992543 0.860359 0.701503 0.757855 0.887583 0.830017 0.933317 0.657904 0.623380 0.687499 0.844744 0.442863 0.425328 0.796138 0.762540 0.665794 0.714274 0.646978 0.688074 0.935954 0.961996 0.719116 0.898117 0.848924 0.437563 0.497393 0.865980 0.734357 0.943302
0.337072 0.284581 0.688375 0.419884 0.918592 0.607045 0.482476 0.439463 0.595776 0.536026 0.353818 0.375004 0.509181 0.456901 0.596974 0.374833 0.312014 0.289676 0.316307 0.000000 0.723538 0.988889 0.702269 0.743816 0.967899 0.929982 0.858931 0.971885 0.316843 0.351867 0.657210 0.702297 0.424824 0.320611 0.941240 0.708775 0.646837 0.704890 0.729028 0.745433 0.750431 0.802964 0.550474 0.546516 0.588694 0.576491 0.551151 0.476329 0.540781 0.548020 0.634968 0.637503 0.795598 0.968987 0.628145 0.605489 0.334241 0.363145 0.500321 0.563726 0.383488 0.478851 0.361601 0.352073 0.722098 0.501295 0.705090 0.690447 0.583797 0.503872 0.494790 0.512605 0.567432 0.480305 0.822816 0.794832 0.523499 0.616970 0.406787 0.507970 0.484788 0.488331 0.615985 0.624783 0.738836 0.804521 0.907170 0.905696 0.829930 0.628900 0.734340 0.807164 0.742076 0.907561 0.705312 0.658470 0.750579 0.772194 0.473844 0.464511 0.802785 0.847126 0.680269 0.733415 0.610509 0.649833 0.979487 0.935218 0.786823 0.995043 0.893811 0.434936 0.633770 0.890736 0.786884 0.856983
0.796438 0.711622 0.631643 0.597525 0.922871 0.812271 0.712538 0.861478 0.732264 0.912087 0.806610 0.818013 0.783614 0.828806 0.679694 0.663572 0.751086 0.696714 0.726580 0.723538 0.000000 0.862797 0.709920 0.750545 0.863794 0.773686 0.904254 0.830712 0.745328 0.689090 0.640054 0.721284 0.757930 0.725173 0.966958 0.887809 0.694801 0.989229 0.782356 0.795479 0.997014 0.910145 0.746555 0.712803 0.844789 0.884294 0.840615 0.810296 0.859026 0.831564 0.844737 0.857414 0.884765 0.951117 0.861629 0.980128 0.711764 0.729378 0.904055 0.925096 0.791906 0.895604 0.804950 0.802751 0.718271 0.787203 0.771259 0.793017 0.725316 0.675518 0.772225 0.795371 0.692159 0.797113 0.788349 0.853189 0.867062 0.671512 0.750894 0.683326 0.829056 0.774090 0.828224 0.874390 0.850167 0.807695 0.875057 0.984245 0.996613 0.962225 0.863125 0.867978 0.874369 0.829793 0.663660 0.886442 0.850140 0.889689 0.798819 0.768371 0.938314 0.749720 0.927494 0.756034 0.689071 0.851838 0.990571 0.950109 0.747148 0.834594 0.864797 0.829994 0.879016 0.954412 0.856324 0.966679
0.841105 0.985402 0.845428 0.955872 0.957335 0.936806 0.897752 0.944253 0.906559 0.935132 0.798440 0.874075 0.956598 0.935377 0.954505 0.926637 0.980615 0.955999 0.977011 0.988889 0.862797 0.000000 0.806790 0.756178 0.892296 0.877935 0.890680 0.947641 0.960478 0.944870 0.770798 0.713290 0.913875 0.915074 0.921326 0.998249 0.946252 0.957604 0.905048 0.978032 0.952779 0.988493 0.888066 0.908917 0.955698 0.980877 0.847658 0.949848 0.865572 0.981190 0.950520 0.991347 0.814926 0.739893 0.886355 0.843639 0.973939 0.933133 0.816122 0.828700 0.887017 0.774412 0.800024 0.863934 0.991105 0.860611 0.861318 0.966073 0.910520 0.947520 0.835491 0.778795 0.960027 0.878711 0.894684 0.908381 0.928506 0.827231 0.856824 0.905771 0.868539 0.876345 0.929786 0.897565 0.897520 0.936457 0.922966 0.860087 0.953507 0.784721 0.792386 0.771614 0.816664 0.758979 0.972347 0.855052 0.926259 0.927875 0.933669 0.856515 0.859107 0.851877 0.953291 0.809179 0.907724 0.859654 0.874121 0.767368 0.827084 0.770154 0.978593 0.954511 0.992014 0.670102 0.916543 0.964462
0.788881 0.733034 0.480603 0.547517 0.557314 0.844099 0.587850 0.793292 0.853039 0.958661 0.951222 0.894029 0.492238 0.666246 0.351721 0.375997 0.878914 0.831545 0.574241 0.702269 0.709920 0.806790 0.000000 0.311773 0.690051 0.710158 0.787484 0.781073 0.797964 0.790116 0.691409 0.741885 0.553592 0.687345 0.880881 0.979152 0.846397 0.976547 0.824857 0.909333 0.897074 0.937712 0.717511 0.748874 0.734504 0.748187 0.751385 0.663108 0.735252 0.682433 0.735666 0.686234 0.708561 0.858077 0.872608 0.904793 0.836699 0.728695 0.877704 0.744678 0.622010 0.870678 0.877835 0.895931 0.384856 0.591517 0.757716 0.835435 0.818688 0.699903 0.938138 0.819947 0.994318 0.808213 0.912509 0.800828 0.827380 0.749231 0.876302 0.715503 0.953646 0.832702 0.731053 0.878744 0.624160 0.665105 0.999662 0.904920 0.776683 0.837530 0.737131 0.814632 0.793243 0.860857 0.799465 0.805690 0.839278 0.838676 0.736899 0.640924 0.995778 0.793385 0.915281 0.963637 0.801937 0.814673 0.746660 0.714728 0.859972 0.866828 0.921242 0.773341 0.714100 0.834183 0.721596 0.954431
0.747666 0.668950 0.616049 0.542098 0.554358 0.823154 0.800726 0.875191 0.978965 0.891838 0.859209 0.810570 0.452796 0.539963 0.359729 0.402768 0.814088 0.784011 0.666225 0.743816 0.750545 0.756178 0.311773 0.000000 0.684256 0.758720 0.764443 0.785839 0.857104 0.772970 0.873886 0.790558 0.616767 0.782810 0.996519 0.836161 0.792696 0.949156 0.788585 0.818790 0.921827 0.870201 0.763692 0.741362 0.875254 0.823529 0.695010 0.726261 0.745586 0.669908 0.710197 0.672187 0.790161 0.987408 0.823296 0.783865 0.774157 0.623003 0.817748 0.677166 0.687177 0.832074 0.832819 0.839450 0.464349 0.549327 0.953748 0.951549 0.835169 0.707317 0.965860 0.967823 0.958074 0.955707 0.888822 0.823088 0.872562 0.868679 0.825069 0.571740 0.800073 0.662247 0.655756 0.663401 0.574658 0.506529 0.966356 0.805897 0.635043 0.686113 0.979576 0.976551 0.978419 0.954741 0.870381 0.845050 0.943352 0.944019 0.910546 0.834117 0.877491 0.948905 0.997674 0.996633 0.962207 0.908971 0.947665 0.889704 0.882588 0.880064 0.982785 0.820512 0.782160 0.936080 0.814365 0.940706
0.923376 0.899969 0.544427 0.744505 0.715800 0.823298 0.890086 0.784922 0.759781 0.704369 0.866834 0.863848 0.765716 0.982188 0.662531 0.878733 0.888997 0.934106 0.996566 0.967899 0.863794 0.892296 0.690051 0.684256 0.000000 0.530567 0.591583 0.884139 0.910138 0.816620 0.998772 0.982611 0.908257 0.947924 0.974278 0.968647 0.734311 0.857175 0.648156 0.905606 0.945700 0.790610 0.913682 0.921483 0.837518 0.843605 0.879240 0.947256 0.957631 0.947041 0.961467 0.959605 0.811659 0.687944 0.893527 0.947685 0.934329 0.833477 0.985444 0.803356 0.926169 0.888018 0.910248 0.840625 0.449185 0.781834 0.900410 0.881259 0.620711 0.698704 0.967902 0.936095 0.791911 0.978667 0.858115 0.942187 0.976416 0.894207 0.981173 0.888485 0.951508 0.949512 0.877992 0.861881 0.609906 0.631399 0.985404 0.969596 0.765131 0.803448 0.918441 0.909636 0.882810 0.857829 0.895009 0.919344 0.924137 0.983314 0.872064 0.918758 0.767856 0.929151 0.901044 0.977225 0.882884 0.875510 0.925087 0.858087 0.796048 0.987270 0.873264 0.879921 0.974795 0.992849 0.992483 0.967991
0.908260 0.994429 0.496228 0.619529 0.935067 0.867602 0.960518 0.932853 0.890620 0.873978 0.867417 0.859195 0.955361 0.997774 0.823942 0.896640 0.864993 0.951469 0.985821 0.929982 0.773686 0.877935 0.710158 0.758720 0.530567 0.000000 0.865608 0.834698 0.993146 0.875592 0.717413 0.802668 0.885929 0.979384 0.795330 0.965155 0.703712 0.854532 0.632534 0.925314 0.994692 0.803354 0.925160 0.918753 0.981674 0.953211 0.997943 0.996375 0.879828 0.952166 0.879454 0.942972 0.905567 0.950665 0.902232 0.875269 0.968810 0.987244 0.779966 0.962494 0.991700 0.920851 0.886712 0.837827 0.606042 0.818096 0.940645 0.965800 0.872511 0.845929 0.844114 0.833721 0.957749 0.860121 0.966685 0.839061 0.936665 0.871637 0.971263 0.934961 0.856223 0.867011 0.974135 0.867346 0.965798 0.929410 0.787307 0.908419 0.901393 0.977023 0.747941 0.625102 0.704771 0.674925 0.993505 0.927052 0.945665 0.963426 0.976082 0.951296 0.971167 0.890035 0.984486 0.998775 0.863847 0.977723 0.919295 0.724661 0.846776 0.964707 0.988523 0.996048 0.935319 0.909172 0.952413 0.919553
0.950243 0.941412 0.961388 0.976375 0.765542 0.804784 0.650737 0.651429 0.697632 0.631363 0.921720 0.915660 0.711001 0.971517 0.598509 0.843199 0.904955 0.920101 0.900811 0.858931 0.904254 0.890680 0.787484 0.764443 0.591583 0.865608 0.000000 0.664681 0.881289 0.782721 0.741473 0.717463 0.902139 0.719917 0.950192 0.916632 0.946459 0.934242 0.907937 0.789254 0.968296 0.833129 0.760227 0.744164 0.610146 0.699764 0.954444 0.935513 0.993999 0.944040 0.839045 0.880867 0.752869 0.562929 0.998693 0.992010 0.972200 0.841075 0.964145 0.872786 0.900408 0.893021 0.881803 0.835719 0.548497 0.841119 0.563218 0.600306 0.665942 0.733305 0.720110 0.745277 0.632730 0.834260 0.835301 0.923111 0.787545 0.806293 0.941302 0.865687 0.934871 0.866374 0.848756 0.790707 0.541516 0.512460 0.840701 0.756980 0.589799 0.856477 0.697961 0.810675 0.773790 0.882825 0.949152 0.939232 0.849693 0.849344 0.687021 0.728173 0.516172 0.719906 0.684281 0.857270 0.864528 0.988017 0.963940 0.917880 0.719859 0.919078 0.779862 0.833447 0.749281 0.816216 0.968908 0.968377
0.980489 0.938603 0.919819 0.885084 0.939507 0.992717 0.853829 0.878264 0.847403 0.789826 0.917091 0.945393 0.815376 0.871059 0.770582 0.893538 0.990710 0.926070 0.925489 0.971885 0.830712 0.947641 0.781073 0.785839 0.884139 0.834698 0.664681 0.000000 0.932703 0.908446 0.878159 0.873428 0.903476 0.864069 0.967077 0.793583 0.898788 0.806849 0.980224 0.733562 0.892636 0.846747 0.944269 0.915700 0.829330 0.860582 0.956834 0.995012 0.981123 0.948288 0.992126 0.981718 0.939871 0.832959 0.938368 0.807427 0.966222 0.936724 0.958442 0.909196 0.953658 0.966144 0.933133 0.904995 0.718548 0.849807 0.772508 0.899069 0.846657 0.856397 0.909901 0.939566 0.815245 0.964792 0.897102 0.949353 0.948767 0.851713 0.999644 0.955321 0.922255 0.907818 0.935091 0.957332 0.818694 0.729060 0.952052 0.995598 0.806528 0.767498 0.843685 0.959712 0.837675 0.914871 0.952162 0.899268 0.926536 0.836158 0.882037 0.894892 0.715257 0.850021 0.737068 0.901136 0.911867 0.883551 0.991810 0.857551 0.949499 0.931824 0.920844 0.857112 0.756753 0.981010 0.877474 0.983202
0.383461 0.306860 0.787900 0.559546 0.897885 0.651771 0.419686 0.394420 0.449199 0.420947 0.295643 0.338911 0.576302 0.488734 0.682949 0.456178 0.285733 0.241391 0.349668 0.316843 0.745328 0.960478 0.797964 0.857104 0.910138 0.993146 0.881289 0.932703 0.000000 0.274615 0.639356 0.664712 0.337741 0.273144 0.966172 0.786132 0.713711 0.773581 0.799765 0.746257 0.760881 0.711384 0.441706 0.460795 0.431696 0.453231 0.531551 0.474739 0.432230 0.535300 0.527325 0.580286 0.699133 0.936273 0.681409 0.565072 0.325509 0.397628 0.473812 0.608512 0.339489 0.449669 0.286701 0.282909 0.815292 0.574837 0.610880 0.582192 0.696689 0.610166 0.500770 0.502409 0.459858 0.430703 0.784379 0.776667 0.496798 0.558290 0.414385 0.463646 0.437216 0.502687 0.612173 0.602082 0.767233 0.830382 0.972450 0.898658 0.865560 0.690365 0.737797 0.834680 0.799143 0.953417 0.666123 0.627292 0.719664 0.663864 0.394846 0.466275 0.733253 0.804878 0.569394 0.649530 0.532342 0.622262 0.936892 0.876924 0.756087 0.920379 0.874470 0.428156 0.576695 0.823477 0.759724 0.917082
0.412440 0.349050 0.843810 0.571955 0.839360 0.583194 0.356502 0.369074 0.517442 0.434219 0.312602 0.364248 0.632291 0.476739 0.685891 0.443776 0.260887 0.210418 0.324585 0.351867 0.689090 0.944870 0.790116 0.772970 0.816620 0.875592 0.782721 0.908446 0.274615 0.000000 0.566874 0.564615 0.330507 0.307133 0.985925 0.794566 0.760593 0.800172 0.910663 0.746313 0.793456 0.727924 0.349187 0.318702 0.343286 0.368837 0.518381 0.455330 0.406544 0.493680 0.457782 0.477927 0.607798 0.871539 0.573784 0.551201 0.322706 0.414911 0.415018 0.652327 0.327179 0.443699 0.252080 0.237604 0.912832 0.624732 0.531253 0.458015 0.774898 0.685148 0.535810 0.516496 0.478079 0.432681 0.862432 0.716721 0.547951 0.535821 0.439763 0.396119 0.391229 0.465829 0.540880 0.600370 0.809520 0.815388 0.971605 0.973177 0.876101 0.656702 0.780965 0.946828 0.914556 0.938484 0.638019 0.681425 0.624069 0.776846 0.384091 0.420810 0.714896 0.777875 0.537327 0.585933 0.528599 0.644389 0.897781 0.976040 0.743868 0.904406 0.792622 0.458840 0.474976 0.812024 0.714910 0.988051
0.960786 0.803252 0.607346 0.677270 0.888478 0.783106 0.372380 0.658046 0.463252 0.575765 0.839031 0.923037 0.933759 0.983921 0.896365 0.678690 0.731133 0.652303 0.592181 0.657210 0.640054 0.770798 0.691409 0.873886 0.998772 0.717413 0.741473 0.878159 0.639356 0.566874 0.000000 0.297993 0.528704 0.495819 0.773760 0.951784 0.816150 0.792193 0.867776 0.952037 0.882973 0.739671 0.389882 0.421620 0.477093 0.628183 0.991994 0.844788 0.867052 0.850977 0.645986 0.745245 0.544829 0.525213 0.958899 0.867425 0.709302 0.928528 0.980475 0.821167 0.740445 0.954707 0.807762 0.768330 0.978562 0.982949 0.434045 0.519444 0.987196 0.976948 0.397407 0.360082 0.521348 0.429277 0.876182 0.728515 0.633205 0.381739 0.796312 0.695712 0.964499 0.910914 0.948032 0.767882 0.733816 0.748978 0.837895 0.711284 0.721676 0.816922 0.484754 0.485617 0.564388 0.606756 0.760672 0.836281 0.707161 0.880175 0.487554 0.473284 0.580510 0.464437 0.555168 0.680777 0.656091 0.857428 0.673943 0.671293 0.742457 0.849262 0.639730 0.681666 0.583688 0.764906 0.860956 0.925156
0.919852 0.740348 0.658337 0.739400 0.900478 0.781168 0.449254 0.723795 0.599872 0.707457 0.823428 0.935593 0.946382 0.897078 0.909937 0.736693 0.692825 0.589931 0.566931 0.702297 0.721284 0.713290 0.741885 0.790558 0.982611 0.802668 0.717463 0.873428 0.664712 0.564615 0.297993 0.000000 0.528430 0.486148 0.845520 0.934378 0.893463 0.862282 0.874748 0.942176 0.947244 0.805704 0.421834 0.417344 0.510049 0.614628 0.902085 0.777423 0.865482 0.831155 0.634438 0.698968 0.620256 0.668413 0.950547 0.937538 0.681461 0.866200 0.951487 0.920250 0.749344 0.996929 0.799389 0.771837 0.999841 0.960057 0.527678 0.543101 0.962941 0.998995 0.475887 0.483565 0.570538 0.451412 0.918116 0.810329 0.729336 0.473806 0.767014 0.587029 0.907005 0.994379 0.890253 0.955819 0.816708 0.891382 0.819392 0.970026 0.728134 0.927413 0.676904 0.688523 0.760819 0.802800 0.801884 0.808984 0.756577 0.926721 0.585879 0.558333 0.689543 0.539185 0.624665 0.747650 0.696910 0.800545 0.835014 0.785082 0.874462 0.885944 0.666552 0.703762 0.550983 0.715339 0.813131 0.977624
0.429833 0.345322 0.634024 0.512228 0.726832 0.610699 0.329216 0.468562 0.571370 0.570102 0.435744 0.484813 0.555911 0.519847 0.582893 0.368964 0.391939 0.321068 0.344303 0.424824 0.757930 0.913875 0.553592 0.616767 0.908257 0.885929 0.902139 0.903476 0.337741 0.330507 0.528704 0.528430 0.000000 0.292080 0.818569 0.868217 0.768145 0.717014 0.790438 0.769894 0.752084 0.671940 0.329319 0.319398 0.351304 0.368203 0.509907 0.435441 0.397327 0.421670 0.392849 0.412490 0.565259 0.829652 0.607283 0.593503 0.341348 0.399653 0.489329 0.594961 0.317894 0.552713 0.388630 0.387331 0.631642 0.550048 0.511631 0.483079 0.707023 0.703471 0.567988 0.530098 0.539689 0.471254 0.760815 0.747854 0.500675 0.470936 0.484626 0.451395 0.474417 0.538616 0.544634 0.620014 0.649355 0.678104 0.974752 0.993593 0.800120 0.632404 0.716060 0.806583 0.791542 0.970896 0.709419 0.566621 0.613973 0.642910 0.372856 0.442593 0.735673 0.742505 0.549837 0.674764 0.483400 0.596141 0.861174 0.711649 0.766906 0.914938 0.808380 0.448038 0.437780 0.742310 0.626428 0.882296
0.452766 0.378482 0.686605 0.514507 0.900292 0.600215 0.272910 0.352289 0.425850 0.391030 0.388596 0.446388 0.625065 0.594210 0.731435 0.457987 0.354590 0.282923 0.297089 0.320611 0.725173 0.915074 0.687345 0.782810 0.947924 0.979384 0.719917 0.864069 0.273144 0.307133 0.495819 0.486148 0.292080 0.000000 0.848915 0.879327 0.700180 0.791479 0.810161 0.829306 0.782969 0.749474 0.329221 0.398698 0.315684 0.380592 0.572730 0.440452 0.473156 0.549219 0.494168 0.539504 0.579105 0.766383 0.757300 0.645011 0.369655 0.472572 0.525983 0.673554 0.337023 0.529428 0.366962 0.355952 0.811135 0.646615 0.437868 0.442452 0.771263 0.680240 0.386525 0.427468 0.420687 0.364363 0.830393 0.774654 0.426034 0.426873 0.521240 0.479680 0.544956 0.621880 0.687626 0.732163 0.858468 0.930650 0.905746 0.860514 0.969409 0.774256 0.608764 0.689237 0.685157 0.843136 0.633917 0.505385 0.676029 0.681079 0.264988 0.315453 0.609899 0.625972 0.503369 0.615884 0.474128 0.589644 0.950741 0.791796 0.706833 0.993357 0.734964 0.343968 0.416615 0.696574 0.683561 0.904398
0.860375 0.941414 0.760718 0.807801 0.974580 0.995103 0.743784 0.791775 0.835673 0.759715 0.917715 0.962098 0.988485 0.935493 0.949681 0.995496 0.857696 0.944794 0.911303 0.941240 0.966958 0.921326 0.880881 0.996519 0.974278 0.795330 0.950192 0.967077 0.966172 0.985925 0.773760 0.845520 0.818569 0.848915 0.000000 0.819478 0.975387 0.862749 0.993486 0.935188 0.808090 0.882272 0.703237 0.773669 0.679837 0.702435 0.911168 0.867983 0.893413 0.952132 0.743670 0.806217 0.681298 0.706198 0.981949 0.992181 0.879355 0.935075 0.997791 0.971297 0.851062 0.915127 0.995452 0.986273 0.864947 0.967507 0.683544 0.618100 0.890857 0.958708 0.767434 0.826507 0.954492 0.926542 0.997499 0.932583 0.817257 0.757507 0.999831 0.970623 0.857987 0.822122 0.909918 0.743052 0.896903 0.942286 0.831683 0.851260 0.931982 0.946230 0.719130 0.684385 0.761140 0.830035 0.924228 0.756482 0.844323 0.829132 0.786917 0.845216 0.671380 0.732334 0.791690 0.984746 0.852569 0.854559 0.906145 0.753617 0.955975 0.806303 0.890035 0.943855 0.797705 0.749784 0.736559 0.905035
0.655283 0.666124 0.909508 0.748528 0.898832 0.665719 0.934019 0.787548 0.967789 0.958056 0.658177 0.677077 0.715653 0.633092 0.824923 0.709101 0.684757 0.734824 0.778478 0.708775 0.887809 0.998249 0.979152 0.836161 0.968647 0.965155 0.916632 0.793583 0.786132 0.794566 0.951784 0.934378 0.868217 0.879327 0.819478 0.000000 0.707233 0.913032 0.820631 0.796465 0.746534 0.863726 0.881783 0.865628 0.973460 0.910904 0.758116 0.756306 0.785367 0.772495 0.846687 0.764554 0.924795 0.913019 0.730339 0.761860 0.701572 0.648003 0.769721 0.682595 0.780787 0.723795 0.742089 0.661316 0.910234 0.668820 0.902771 0.997664 0.802657 0.874051 0.917207 0.988500 0.785927 0.919802 0.945067 0.986920 0.763413 0.875336 0.695610 0.854848 0.781754 0.662794 0.817479 0.665268 0.836117 0.825144 0.989052 0.960512 0.817231 0.687972 0.940967 0.909893 0.928545 0.989797 0.929776 0.909828 0.848458 0.881672 0.941492 0.957520 0.959635 0.917184 0.878261 0.930967 0.934703 0.956586 0.945349 0.934955 0.955147 0.915362 0.996838 0.818270 0.979408 0.997653 0.979405 0.867241
0.715667 0.630865 0.635673 0.591912 0.979148 0.849935 0.839935 0.822588 0.808383 0.826044 0.723979 0.739064 0.686058 0.707433 0.756371 0.641130 0.732576 0.725794 0.772850 0.646837 0.694801 0.946252 0.846397 0.792696 0.734311 0.703712 0.946459 0.898788 0.713711 0.760593 0.816150 0.893463 0.768145 0.700180 0.975387 0.707233 0.000000 0.719876 0.695794 0.606824 0.698419 0.670590 0.749080 0.693967 0.789323 0.775130 0.724360 0.750718 0.736410 0.710813 0.719777 0.717358 0.838586 0.952546 0.876880 0.922954 0.630715 0.622721 0.757327 0.740969 0.689172 0.748349 0.746412 0.723966 0.669943 0.691927 0.825980 0.861900 0.625525 0.719666 0.606648 0.648748 0.758438 0.753434 0.994851 0.896277 0.761140 0.680720 0.702373 0.686322 0.710324 0.835894 0.817179 0.800549 0.913353 0.859116 0.718578 0.724934 0.903520 0.803335 0.773365 0.722890 0.721037 0.769226 0.858694 0.803278 0.985870 0.955544 0.714437 0.744089 0.767394 0.772891 0.745645 0.707238 0.796005 0.777695 0.919125 0.875451 0.913014 0.998685 0.907965 0.733377 0.963791 0.876565 0.853423 0.896303
0.748070 0.712209 0.783310 0.661337 0.957092 0.968563 0.844490 0.840733 0.967789 0.860971 0.687031 0.745720 0.812443 0.743378 0.876729 0.753326 0.796526 0.741865 0.763683 0.704890 0.989229 0.957604 0.976547 0.949156 0.857175 0.854532 0.934242 0.806849 0.773581 0.800172 0.792193 0.862282 0.717014 0.791479 0.862749 0.913032 0.719876 0.000000 0.812648 0.903522 0.919883 0.690930 0.838599 0.803369 0.869529 0.802557 0.831329 0.862558 0.844389 0.798362 0.775537 0.771302 0.888544 0.907874 0.797662 0.994313 0.670316 0.652453 0.823534 0.839156 0.764304 0.793077 0.789387 0.779740 0.804400 0.703079 0.891753 0.901441 0.567932 0.700412 0.785382 0.689242 0.853883 0.624504 0.858874 0.871388 0.764021 0.764132 0.633934 0.858494 0.767496 0.885923 0.806010 0.843927 0.912865 0.845819 0.936277 0.948806 0.778341 0.771630 0.909579 0.872683 0.819816 0.836488 0.918253 0.922821 0.987410 0.982369 0.857025 0.953658 0.890206 0.939061 0.736635 0.901936 0.812888 0.773202 0.865965 0.946124 0.964373 0.953156 0.974103 0.802539 0.801664 0.967927 0.677593 0.921265
