0.000000 0.144387 0.315767 0.278190 0.696870 0.552821 0.238525 0.183740 0.413967 0.323524 0.163098 0.134312 0.139056 0.227103 0.223468 0.222389 0.138005 0.121630 0.133312 0.141083 0.499627 0.888077 0.254140 0.461773 0.694137 0.672354 0.877429 0.863605 0.188528 0.145217 0.284586 0.352843 0.151860 0.157440 0.468363 0.633592 0.359711 0.410406 0.690062 0.662636 0.639144 0.491591 0.220026 0.187987 0.261696 0.198842 0.213226 0.205658 0.664251 0.353301 0.419653 0.317481 0.455593 0.520540 0.454159 0.475248 0.149177 0.139613 0.174118 0.175141 0.130173 0.168109 0.128593 0.126143 0.403825 0.276860 0.269949 0.264439 0.301912 0.187675 0.225721 0.243839 0.397847 0.392834 0.613411 0.592720 0.344987 0.283536 0.180308 0.179265 0.112950 0.165459 0.453802 0.321167 0.247801 0.440648 0.970073 0.868564 0.387083 0.492482 0.556920 0.656249 0.568468 0.771172 0.451281 0.451608 0.327885 0.543533 0.241917 0.235630 0.518404 0.615585 0.267239 0.271573 0.286629 0.297422 0.679306 0.587730 0.573240 0.367826 0.608523 0.320761 0.330172 0.463162 0.441793 0.960272
0.144387 0.000000 0.461394 0.397921 0.719961 0.597939 0.366437 0.250716 0.470006 0.379081 0.216938 0.131779 0.167781 0.190005 0.230931 0.223549 0.148665 0.124463 0.181006 0.164230 0.530134 0.922555 0.308047 0.454466 0.713774 0.768116 0.897478 0.911406 0.163040 0.165838 0.338998 0.406842 0.206866 0.234567 0.574394 0.639812 0.378180 0.452414 0.801128 0.692815 0.690505 0.447271 0.256445 0.223282 0.270849 0.220713 0.268386 0.233532 0.577250 0.376491 0.416502 0.336229 0.496101 0.595147 0.560022 0.534804 0.108769 0.095172 0.226189 0.221852 0.203980 0.208905 0.160742 0.127013 0.559282 0.423236 0.392318 0.376535 0.325322 0.215386 0.255018 0.274746 0.498900 0.498869 0.662344 0.593125 0.321592 0.292309 0.250857 0.225860 0.152955 0.215017 0.395645 0.326211 0.307898 0.471652 0.890492 0.842490 0.459831 0.528102 0.649709 0.733444 0.649578 0.881059 0.387771 0.508044 0.345963 0.454647 0.272135 0.257960 0.541160 0.728384 0.314094 0.275868 0.321042 0.323809 0.740372 0.615862 0.597466 0.433667 0.632212 0.366695 0.435385 0.419650 0.444520 0.879299
0.315767 0.461394 0.000000 0.134177 0.695548 0.547397 0.152966 0.215312 0.401928 0.364345 0.349110 0.367632 0.314270 0.435124 0.376742 0.369628 0.424070 0.377948 0.255620 0.322918 0.424370 0.856547 0.204691 0.407041 0.496403 0.383918 0.961818 0.918048 0.430398 0.331677 0.212031 0.328650 0.227979 0.252129 0.363289 0.658332 0.382908 0.466836 0.575434 0.594943 0.800451 0.627287 0.289834 0.291959 0.465140 0.422218 0.366883 0.308204 0.940359 0.571903 0.649649 0.539110 0.560029 0.486089 0.426297 0.545420 0.515732 0.491439 0.316824 0.326852 0.245777 0.341401 0.334201 0.375431 0.190837 0.174280 0.185946 0.218462 0.472509 0.305378 0.330444 0.372313 0.413202 0.418907 0.557096 0.787357 0.443724 0.416624 0.337958 0.437178 0.310088 0.266804 0.581734 0.365111 0.286216 0.403747 0.898313 0.939828 0.407645 0.455990 0.514583 0.582309 0.497313 0.669522 0.549574 0.582898 0.483595 0.701015 0.443923 0.397132 0.530773 0.453948 0.442929 0.336630 0.378256 0.400581 0.701932 0.610846 0.622702 0.438184 0.687419 0.556557 0.463706 0.644839 0.551006 0.955280
0.278190 0.397921 0.134177 0.000000 0.720827 0.478896 0.164204 0.157077 0.403938 0.294099 0.358222 0.288514 0.267425 0.334081 0.295265 0.278917 0.362493 0.319551 0.228587 0.275687 0.379631 0.802961 0.158937 0.327927 0.472637 0.381469 0.967723 0.971403 0.347992 0.263169 0.184134 0.265674 0.182566 0.198842 0.307522 0.604447 0.322831 0.446913 0.514879 0.602298 0.751663 0.549935 0.250174 0.255531 0.399207 0.366427 0.304306 0.246878 0.837506 0.503099 0.589206 0.470111 0.524348 0.488490 0.373111 0.485605 0.454756 0.412456 0.287814 0.290647 0.237386 0.279574 0.291329 0.296350 0.223992 0.178928 0.173941 0.186124 0.461303 0.276618 0.283355 0.352777 0.447517 0.520749 0.519341 0.732785 0.385979 0.390075 0.272429 0.388737 0.236821 0.191464 0.482246 0.270901 0.232852 0.320387 0.908372 0.978438 0.381357 0.373341 0.489824 0.561407 0.456080 0.666724 0.484000 0.506717 0.415601 0.650765 0.386899 0.311476 0.486994 0.477180 0.363805 0.297017 0.300812 0.331022 0.740760 0.614832 0.628200 0.417717 0.628563 0.458018 0.427274 0.522678 0.556061 0.952365
0.696870 0.719961 0.695548 0.720827 0.000000 0.899725 0.667620 0.653696 0.791062 0.704909 0.759203 0.723054 0.652890 0.716181 0.707811 0.681124 0.752525 0.740826 0.661370 0.781648 0.763718 0.841240 0.667328 0.739986 0.984531 0.991005 0.885022 0.860299 0.712074 0.753273 0.842180 0.892929 0.673105 0.725925 0.849957 0.835035 0.888700 0.670115 0.887982 0.741723 0.929428 0.732480 0.633864 0.655031 0.673170 0.686740 0.701804 0.699902 0.815252 0.765280 0.629511 0.645607 0.720583 0.661491 0.829965 0.818040 0.691414 0.750948 0.644242 0.674432 0.622569 0.628367 0.665188 0.663409 0.705128 0.681051 0.679635 0.679773 0.838851 0.756277 0.597074 0.717558 0.943779 0.925248 0.914678 0.906178 0.799397 0.839183 0.841890 0.797754 0.735496 0.785962 0.661570 0.767483 0.686152 0.734101 0.978067 0.954868 0.812886 0.750334 0.740589 0.717951 0.791477 0.812247 0.995966 0.821424 0.797417 0.826204 0.683985 0.628473 0.731153 0.746170 0.591921 0.627970 0.623114 0.718829 0.813663 0.713975 0.820229 0.895878 0.771346 0.778317 0.737587 0.731652 0.740400 0.989382
0.552821 0.597939 0.547397 0.478896 0.899725 0.000000 0.454165 0.414470 0.612553 0.449647 0.591518 0.540547 0.559881 0.653179 0.632267 0.594198 0.598570 0.549985 0.574902 0.557522 0.714100 0.962346 0.588950 0.767230 0.864895 0.616041 0.960761 0.823973 0.587426 0.581211 0.579118 0.652898 0.527015 0.543373 0.604573 0.824226 0.603349 0.850958 0.847698 0.819312 0.741085 0.586011 0.426137 0.513153 0.490374 0.516272 0.448376 0.502179 0.802964 0.711289 0.669918 0.605412 0.640231 0.679666 0.669521 0.622350 0.629781 0.626272 0.573614 0.588695 0.555225 0.579185 0.557728 0.560403 0.664868 0.543852 0.444041 0.460649 0.695080 0.588421 0.487068 0.478730 0.707003 0.784341 0.713760 0.846867 0.589955 0.596400 0.512997 0.689367 0.513636 0.526215 0.823368 0.565787 0.600372 0.759265 0.815682 0.812027 0.722827 0.711033 0.412323 0.484589 0.370069 0.591820 0.637131 0.730606 0.465765 0.752162 0.465333 0.465883 0.488957 0.497616 0.594984 0.468488 0.497225 0.535065 0.922195 0.641216 0.812162 0.614346 0.765447 0.521000 0.483410 0.684037 0.690982 0.919510
0.238525 0.366437 0.152966 0.164204 0.667620 0.454165 0.000000 0.130194 0.356096 0.226050 0.269187 0.280053 0.253872 0.366971 0.342305 0.332096 0.309096 0.279581 0.176103 0.268304 0.442479 0.854409 0.237987 0.503819 0.714438 0.575666 0.881825 0.845379 0.344413 0.271565 0.251923 0.346368 0.188171 0.178098 0.394678 0.653337 0.411067 0.451581 0.616623 0.592920 0.706322 0.532024 0.216257 0.188462 0.312087 0.299523 0.307145 0.233316 0.867916 0.545894 0.541816 0.458213 0.521999 0.439251 0.420943 0.577412 0.369572 0.381295 0.212923 0.272484 0.171096 0.286825 0.233895 0.273197 0.286162 0.194328 0.129408 0.144232 0.429288 0.284994 0.260506 0.261938 0.422530 0.452020 0.530645 0.713505 0.392856 0.328630 0.306212 0.393660 0.237344 0.243153 0.545636 0.368386 0.307161 0.491794 0.958269 0.798719 0.398437 0.554999 0.439845 0.484186 0.418894 0.589613 0.512027 0.516076 0.383112 0.610734 0.303430 0.278350 0.444189 0.350066 0.337500 0.250292 0.312347 0.308932 0.710793 0.540457 0.561814 0.373419 0.555013 0.414252 0.339700 0.499544 0.512920 0.930503
0.183740 0.250716 0.215312 0.157077 0.653696 0.414470 0.130194 0.000000 0.352495 0.188540 0.260348 0.178742 0.183585 0.250369 0.247050 0.229534 0.223569 0.199570 0.168934 0.202091 0.428834 0.826430 0.198432 0.409999 0.686718 0.595459 0.856815 0.923533 0.249278 0.191554 0.255799 0.323727 0.150481 0.142860 0.378130 0.578304 0.364850 0.403155 0.663361 0.582021 0.649641 0.496617 0.176068 0.173773 0.240268 0.237342 0.254834 0.206581 0.722643 0.438414 0.439195 0.356931 0.441576 0.436738 0.434882 0.504623 0.280526 0.268801 0.212050 0.239922 0.157907 0.184585 0.185383 0.164592 0.335669 0.213930 0.150963 0.173557 0.426333 0.231389 0.223552 0.270257 0.440410 0.514178 0.569279 0.638044 0.325556 0.265987 0.218885 0.348732 0.163099 0.179233 0.433191 0.295925 0.251113 0.412902 0.979541 0.836101 0.387202 0.451309 0.368309 0.439911 0.360401 0.584549 0.409920 0.401981 0.297588 0.509845 0.212246 0.176466 0.353367 0.424238 0.270906 0.189938 0.215662 0.270303 0.700927 0.487128 0.568900 0.352896 0.534000 0.335801 0.310954 0.405721 0.478176 0.941108
0.413967 0.470006 0.401928 0.403938 0.791062 0.612553 0.356096 0.352495 0.000000 0.363435 0.394654 0.387723 0.395454 0.485621 0.479191 0.432402 0.453856 0.433895 0.402978 0.378531 0.677707 0.949691 0.412960 0.635563 0.735091 0.711627 0.941636 0.825758 0.442722 0.407300 0.430608 0.533636 0.388264 0.399753 0.567423 0.748345 0.496067 0.557329 0.841960 0.770679 0.817577 0.750979 0.416569 0.400909 0.463930 0.466648 0.452003 0.446144 0.873792 0.616970 0.596218 0.540123 0.658740 0.650850 0.642411 0.670874 0.454791 0.481878 0.448388 0.461847 0.340241 0.354119 0.432259 0.436380 0.427609 0.372587 0.402877 0.407701 0.448370 0.450054 0.410066 0.515463 0.365062 0.377354 0.718003 0.624210 0.477750 0.400967 0.537941 0.510535 0.443075 0.475745 0.654088 0.586318 0.512638 0.671743 0.971436 0.711381 0.621046 0.680771 0.552219 0.551854 0.549267 0.619049 0.611795 0.548050 0.604242 0.800312 0.378694 0.398757 0.514449 0.519853 0.517159 0.378005 0.485304 0.483229 0.765197 0.582352 0.667021 0.540232 0.523613 0.561147 0.442496 0.706847 0.581798 0.901960
0.323524 0.379081 0.364345 0.294099 0.704909 0.449647 0.226050 0.188540 0.363435 0.000000 0.306015 0.285315 0.322589 0.375281 0.375927 0.353162 0.303275 0.308002 0.294147 0.341788 0.555669 0.793422 0.362321 0.576828 0.866738 0.679821 0.851240 0.928458 0.350210 0.290867 0.384534 0.427180 0.277054 0.263808 0.424572 0.653270 0.499046 0.510561 0.742248 0.635596 0.752379 0.505586 0.306336 0.308339 0.358216 0.376941 0.435498 0.342177 0.836295 0.582431 0.540325 0.468853 0.571339 0.526253 0.563825 0.575320 0.388710 0.418160 0.337399 0.387626 0.281348 0.295496 0.318525 0.289084 0.454541 0.300068 0.271201 0.303271 0.450327 0.320167 0.349903 0.362831 0.402146 0.497037 0.599995 0.558428 0.409275 0.296309 0.379183 0.428907 0.276653 0.317392 0.552800 0.402192 0.450612 0.626808 0.969052 0.736983 0.531540 0.642362 0.406396 0.427881 0.383557 0.533986 0.539494 0.431182 0.398229 0.572792 0.255213 0.249826 0.413738 0.387982 0.380026 0.249306 0.350586 0.356937 0.733425 0.505216 0.686939 0.452861 0.594035 0.418635 0.378807 0.440330 0.541986 0.986236
0.163098 0.216938 0.349110 0.358222 0.759203 0.591518 0.269187 0.260348 0.394654 0.306015 0.000000 0.154758 0.158068 0.231087 0.248120 0.222895 0.149547 0.136766 0.154213 0.156422 0.505176 0.953779 0.295352 0.469267 0.784798 0.718889 0.900800 0.848913 0.201084 0.149435 0.301450 0.328139 0.216049 0.188519 0.562517 0.682235 0.450502 0.478942 0.783895 0.660327 0.606628 0.526409 0.322731 0.260717 0.429272 0.366210 0.361662 0.317284 0.923623 0.586173 0.633519 0.541365 0.637483 0.699150 0.607739 0.687688 0.178390 0.229310 0.275266 0.322644 0.176054 0.250730 0.160016 0.182103 0.452002 0.309653 0.340735 0.373255 0.287734 0.266968 0.275957 0.283164 0.372416 0.382474 0.692713 0.597013 0.370642 0.245633 0.252924 0.215187 0.178483 0.238040 0.410486 0.382917 0.382486 0.568053 0.936705 0.803120 0.506812 0.682354 0.671762 0.755600 0.689819 0.841791 0.529043 0.572537 0.462871 0.630835 0.370365 0.348203 0.604021 0.593378 0.345849 0.290778 0.426666 0.363582 0.731147 0.671586 0.672120 0.430612 0.668159 0.429074 0.438279 0.514539 0.489747 0.992494
0.134312 0.131779 0.367632 0.288514 0.723054 0.540547 0.280053 0.178742 0.387723 0.285315 0.154758 0.000000 0.113593 0.129105 0.151418 0.134717 0.108423 0.084894 0.134616 0.119502 0.498878 0.852015 0.226293 0.373883 0.704227 0.706570 0.898764 0.972198 0.122578 0.091711 0.286077 0.303373 0.153748 0.162889 0.518597 0.646118 0.372941 0.431392 0.729203 0.607937 0.641528 0.469908 0.255163 0.210549 0.313459 0.262453 0.271014 0.245713 0.694509 0.447753 0.490076 0.400233 0.548126 0.608849 0.533462 0.581191 0.133194 0.140231 0.238284 0.248678 0.156535 0.156137 0.115391 0.092090 0.461905 0.302781 0.324193 0.328391 0.329822 0.201148 0.224175 0.270434 0.439376 0.485032 0.662793 0.547562 0.293588 0.218318 0.183511 0.207391 0.118654 0.167594 0.320438 0.276191 0.278485 0.421668 0.952766 0.873260 0.430196 0.529043 0.604156 0.692785 0.614775 0.839720 0.388208 0.461705 0.383538 0.491192 0.266986 0.233033 0.521644 0.639232 0.284851 0.230338 0.289553 0.304308 0.740431 0.601105 0.624110 0.375552 0.584137 0.347519 0.382826 0.405576 0.448328 0.953731
0.139056 0.167781 0.314270 0.267425 0.652890 0.559881 0.253872 0.183585 0.395454 0.322589 0.158068 0.113593 0.000000 0.128853 0.113463 0.124373 0.146536 0.124678 0.140445 0.161351 0.433876 0.859905 0.171977 0.312398 0.651395 0.671657 0.936041 0.923230 0.153756 0.118136 0.250764 0.302206 0.167928 0.170259 0.534321 0.658790 0.329369 0.370881 0.689842 0.610380 0.638907 0.474474 0.240288 0.197922 0.328727 0.279536 0.247373 0.221464 0.734141 0.458025 0.493885 0.394400 0.555349 0.585077 0.530180 0.584900 0.157165 0.170516 0.235325 0.258959 0.129430 0.165840 0.107602 0.107450 0.367140 0.277203 0.297809 0.315596 0.398525 0.256014 0.226934 0.289477 0.464740 0.480808 0.674868 0.572936 0.361468 0.261778 0.207539 0.236660 0.140380 0.189619 0.307921 0.295532 0.220163 0.359608 0.963000 0.947459 0.411121 0.455158 0.620894 0.703520 0.626138 0.843857 0.410758 0.461351 0.396485 0.500258 0.303408 0.263474 0.545156 0.611508 0.262157 0.234905 0.297343 0.278246 0.704376 0.580609 0.596404 0.388313 0.609831 0.389842 0.419802 0.434824 0.437064 0.995046
0.227103 0.190005 0.435124 0.334081 0.716181 0.653179 0.366971 0.250369 0.485621 0.375281 0.231087 0.129105 0.128853 0.000000 0.116505 0.112261 0.182104 0.160582 0.199159 0.206147 0.468783 0.808344 0.196811 0.266441 0.672658 0.733400 0.914029 0.948829 0.142239 0.131349 0.285654 0.286151 0.213171 0.215906 0.549609 0.660939 0.377538 0.420255 0.707005 0.586444 0.690437 0.480117 0.310856 0.262262 0.394652 0.353182 0.307817 0.271358 0.698349 0.508843 0.528914 0.464459 0.594326 0.661097 0.569747 0.630179 0.187170 0.202422 0.301172 0.332141 0.205761 0.212627 0.148510 0.121818 0.456034 0.350750 0.369666 0.385856 0.462874 0.310782 0.302481 0.394903 0.566517 0.635253 0.734841 0.597434 0.360403 0.271306 0.259703 0.294120 0.197786 0.230443 0.223167 0.320620 0.255094 0.333593 0.924400 0.968150 0.476487 0.479815 0.724024 0.814082 0.731612 0.968317 0.408749 0.508561 0.479950 0.445908 0.375051 0.308751 0.572188 0.711150 0.283739 0.284270 0.327924 0.312209 0.797512 0.642498 0.653848 0.448801 0.608172 0.420363 0.503185 0.452689 0.461914 0.965399
0.223468 0.230931 0.376742 0.295265 0.707811 0.632267 0.342305 0.247050 0.479191 0.375927 0.248120 0.151418 0.113463 0.116505 0.000000 0.123187 0.212817 0.186963 0.219681 0.235429 0.429046 0.790990 0.172117 0.277459 0.624347 0.654696 0.989293 0.989147 0.203501 0.154288 0.273300 0.309119 0.222422 0.235221 0.545850 0.718212 0.323473 0.411923 0.712438 0.559638 0.688643 0.511236 0.303789 0.249203 0.387485 0.338909 0.310009 0.260904 0.700298 0.474846 0.511330 0.417252 0.568756 0.600349 0.527530 0.577798 0.230696 0.227060 0.311947 0.324324 0.195596 0.197630 0.175359 0.151111 0.374042 0.308881 0.369931 0.385616 0.490436 0.314528 0.297586 0.365879 0.528537 0.592728 0.717285 0.596227 0.388852 0.293987 0.259579 0.300139 0.206809 0.230774 0.289923 0.327071 0.227704 0.319773 0.864897 0.918406 0.398706 0.402072 0.682811 0.761377 0.685718 0.920212 0.397619 0.460390 0.451675 0.502096 0.351083 0.296943 0.580003 0.678841 0.291244 0.282813 0.314028 0.313959 0.723590 0.582669 0.655725 0.456647 0.670022 0.413196 0.483843 0.466895 0.470951 0.956554
0.222389 0.223549 0.369628 0.278917 0.681124 0.594198 0.332096 0.229534 0.432402 0.353162 0.222895 0.134717 0.124373 0.112261 0.123187 0.000000 0.187326 0.157112 0.187150 0.199016 0.435384 0.836383 0.162298 0.256373 0.613844 0.657348 0.972373 0.989247 0.149110 0.127096 0.253476 0.261232 0.191455 0.200112 0.544002 0.708376 0.340810 0.427595 0.654095 0.528030 0.682866 0.458718 0.290145 0.239427 0.406905 0.349680 0.298401 0.267999 0.759373 0.510214 0.559022 0.474786 0.604438 0.647383 0.561280 0.619933 0.216111 0.218783 0.299691 0.323317 0.187804 0.190976 0.160676 0.127566 0.401078 0.289042 0.337427 0.364697 0.407155 0.282978 0.269765 0.336046 0.519825 0.612910 0.691696 0.589536 0.365538 0.249162 0.235222 0.269626 0.180580 0.199297 0.238552 0.266345 0.246123 0.298961 0.942153 0.947739 0.444197 0.431809 0.684428 0.769084 0.692206 0.915639 0.422150 0.468933 0.480031 0.505764 0.381459 0.318232 0.582652 0.644153 0.275655 0.258021 0.303088 0.297833 0.745583 0.684393 0.662433 0.456665 0.702641 0.435408 0.506444 0.453097 0.483339 0.995765
0.138005 0.148665 0.424070 0.362493 0.752525 0.598570 0.309096 0.223569 0.453856 0.303275 0.149547 0.108423 0.146536 0.182104 0.212817 0.187326 0.000000 0.092432 0.150045 0.145945 0.523066 0.844546 0.297871 0.456968 0.787943 0.776341 0.905505 0.907724 0.133114 0.112422 0.328324 0.324793 0.190841 0.160684 0.572128 0.685401 0.408486 0.476593 0.777617 0.630188 0.624549 0.475194 0.306003 0.235268 0.344518 0.298795 0.311063 0.286520 0.760385 0.490250 0.556053 0.444214 0.607533 0.657026 0.591616 0.613910 0.128676 0.143659 0.237157 0.258331 0.189268 0.206024 0.135565 0.118917 0.527047 0.349527 0.359472 0.357136 0.308236 0.208099 0.272505 0.284030 0.428292 0.464035 0.673741 0.525590 0.329263 0.247202 0.189288 0.181798 0.119606 0.181864 0.370413 0.310955 0.343076 0.502919 0.982877 0.847773 0.466635 0.607605 0.666181 0.730178 0.668502 0.837307 0.411413 0.477315 0.386789 0.480241 0.307620 0.259690 0.605084 0.650171 0.292474 0.259053 0.348651 0.307862 0.769047 0.637780 0.661441 0.386195 0.617684 0.352124 0.445764 0.371449 0.523226 0.873516
0.121630 0.124463 0.377948 0.319551 0.740826 0.549985 0.279581 0.199570 0.433895 0.308002 0.136766 0.084894 0.124678 0.160582 0.186963 0.157112 0.092432 0.000000 0.124399 0.113545 0.478776 0.885226 0.262388 0.416966 0.742173 0.743341 0.889745 0.933511 0.117615 0.096648 0.301063 0.318604 0.157390 0.159571 0.548428 0.684018 0.393090 0.454673 0.754607 0.611833 0.646262 0.464333 0.264012 0.199770 0.325983 0.261657 0.274328 0.245083 0.734813 0.467299 0.528965 0.421737 0.565016 0.620037 0.538641 0.595675 0.116712 0.125111 0.227014 0.237505 0.162106 0.189342 0.110692 0.096751 0.497148 0.333803 0.330368 0.341322 0.289691 0.195192 0.237213 0.239746 0.442131 0.464967 0.638935 0.586608 0.295820 0.220902 0.173233 0.182245 0.107047 0.160188 0.351861 0.282452 0.306020 0.464213 0.968585 0.832295 0.457099 0.562512 0.623124 0.706106 0.624127 0.835911 0.396789 0.476423 0.383490 0.501702 0.291546 0.251717 0.571941 0.639083 0.277827 0.250698 0.300910 0.300709 0.758861 0.667283 0.637329 0.382755 0.638933 0.345153 0.390664 0.383960 0.464873 0.933561
0.133312 0.181006 0.255620 0.228587 0.661370 0.574902 0.176103 0.168934 0.402978 0.294147 0.154213 0.134616 0.140445 0.199159 0.219681 0.187150 0.150045 0.124399 0.000000 0.134119 0.444822 0.844707 0.207726 0.395871 0.665038 0.662298 0.881183 0.842690 0.171589 0.130123 0.229461 0.277455 0.144641 0.129149 0.467835 0.637909 0.386592 0.412349 0.626687 0.580990 0.698902 0.472813 0.221861 0.170285 0.327148 0.280665 0.263464 0.198917 0.792921 0.465772 0.528748 0.425746 0.559129 0.550167 0.498064 0.634554 0.185682 0.203121 0.190988 0.214837 0.128268 0.209122 0.121044 0.139002 0.387494 0.251067 0.242202 0.242620 0.306481 0.199623 0.197198 0.230113 0.417743 0.434824 0.566549 0.603239 0.341968 0.259137 0.221548 0.211255 0.134323 0.167329 0.365210 0.295391 0.277365 0.434017 0.972238 0.832250 0.417911 0.558382 0.620674 0.707243 0.623097 0.821418 0.457478 0.502343 0.393936 0.509897 0.310789 0.272083 0.558371 0.564831 0.288450 0.242379 0.309018 0.282807 0.670260 0.630747 0.569913 0.367127 0.587183 0.368547 0.410621 0.452332 0.466471 0.968881
0.141083 0.164230 0.322918 0.275687 0.781648 0.557522 0.268304 0.202091 0.378531 0.341788 0.156422 0.119502 0.161351 0.206147 0.235429 0.199016 0.145945 0.113545 0.134119 0.000000 0.448036 0.875298 0.248242 0.386505 0.647579 0.644767 0.906201 0.901204 0.164829 0.118457 0.252049 0.260517 0.166864 0.158520 0.523385 0.653889 0.399187 0.483368 0.749935 0.659219 0.646696 0.550683 0.258679 0.220631 0.358372 0.286619 0.280271 0.266218 0.781657 0.462592 0.559882 0.459458 0.568397 0.629858 0.527224 0.585131 0.177570 0.178285 0.249615 0.248516 0.189620 0.212895 0.157053 0.149729 0.472076 0.322928 0.315312 0.320415 0.280302 0.209627 0.225939 0.262265 0.358590 0.388094 0.665650 0.590057 0.332989 0.237660 0.195316 0.179333 0.131810 0.157415 0.405493 0.312459 0.321179 0.468439 0.935940 0.849735 0.424989 0.580109 0.641569 0.740781 0.646992 0.871970 0.421853 0.532237 0.407466 0.589733 0.329972 0.289622 0.560792 0.651240 0.340110 0.287356 0.348076 0.305434 0.708858 0.671050 0.577217 0.365584 0.624207 0.388703 0.420137 0.450901 0.469874 0.952088
0.499627 0.530134 0.424370 0.379631 0.763718 0.714100 0.442479 0.428834 0.677707 0.555669 0.505176 0.498878 0.433876 0.468783 0.429046 0.435384 0.523066 0.478776 0.444822 0.448036 0.000000 0.813066 0.377184 0.429301 0.550590 0.597754 0.958217 0.965928 0.529538 0.466822 0.402789 0.526744 0.465296 0.418960 0.578039 0.778765 0.460441 0.471747 0.673386 0.671326 0.675896 0.645420 0.450092 0.424851 0.614945 0.560931 0.501979 0.451847 0.928089 0.644007 0.751229 0.682732 0.790211 0.680030 0.529300 0.698406 0.561114 0.521282 0.493785 0.522033 0.483244 0.519620 0.471967 0.463989 0.473871 0.510540 0.472192 0.503425 0.629839 0.545244 0.454045 0.498250 0.638660 0.747382 0.725261 0.855354 0.529508 0.501174 0.502450 0.538579 0.469209 0.424786 0.522044 0.504272 0.441707 0.544280 0.965342 0.985845 0.607308 0.541473 0.690290 0.747831 0.678142 0.863444 0.586064 0.605119 0.550607 0.737402 0.652491 0.525488 0.715582 0.645575 0.480134 0.458694 0.477998 0.440801 0.842309 0.706967 0.589550 0.600714 0.820230 0.650601 0.603132 0.654550 0.624672 0.868111
0.888077 0.922555 0.856547 0.802961 0.841240 0.962346 0.854409 0.826430 0.949691 0.793422 0.953779 0.852015 0.859905 0.808344 0.790990 0.836383 0.844546 0.885226 0.844707 0.875298 0.813066 0.000000 0.750848 0.814919 0.968051 0.902897 0.912247 0.992194 0.817912 0.825948 0.851646 0.774240 0.839721 0.829003 0.879350 0.808780 0.825380 0.784510 0.873241 0.751975 0.821462 0.837565 0.814534 0.840979 0.879254 0.905453 0.932031 0.895595 0.877907 0.907625 0.918500 0.842941 0.909638 0.787964 0.866420 0.943871 0.930984 0.964578 0.885464 0.951802 0.893243 0.910802 0.884904 0.866428 0.836230 0.855620 0.842128 0.855718 0.997350 0.871722 0.804151 0.877875 0.871148 0.943562 0.907601 0.713324 0.889011 0.865509 0.881325 0.821791 0.874284 0.873501 0.813790 0.851172 0.828761 0.795133 0.936213 0.825476 0.845070 0.860591 0.946114 0.957422 0.949165 0.933483 0.871030 0.769801 0.974754 0.878118 0.821087 0.781209 0.850242 0.807900 0.838741 0.749085 0.851788 0.737015 0.963302 0.841625 0.979939 0.887450 0.877824 0.880227 0.897610 0.877188 0.792503 0.972736
0.254140 0.308047 0.204691 0.158937 0.667328 0.588950 0.237987 0.198432 0.412960 0.362321 0.295352 0.226293 0.171977 0.196811 0.172117 0.162298 0.297871 0.262388 0.207726 0.248242 0.377184 0.750848 0.000000 0.206268 0.462415 0.460853 0.987625 0.962927 0.250113 0.206423 0.154901 0.217952 0.177646 0.195685 0.418050 0.612832 0.283132 0.372809 0.543439 0.531406 0.796165 0.489119 0.251696 0.237670 0.413064 0.357198 0.280306 0.243705 0.791365 0.503800 0.560759 0.455807 0.515830 0.530949 0.433320 0.535791 0.346320 0.332301 0.285433 0.305056 0.186947 0.229354 0.208920 0.216139 0.230258 0.196927 0.235252 0.265665 0.475354 0.297564 0.264640 0.379808 0.479057 0.568559 0.657136 0.707752 0.403458 0.332782 0.277812 0.345534 0.209664 0.194826 0.316022 0.252213 0.152075 0.212416 0.936881 0.890540 0.336869 0.343659 0.636611 0.728782 0.621355 0.870745 0.425354 0.456387 0.443955 0.547569 0.404068 0.332032 0.534503 0.598620 0.324844 0.274284 0.335107 0.274297 0.730726 0.596919 0.630394 0.470971 0.689939 0.475336 0.489338 0.545898 0.453799 0.996731
0.461773 0.454466 0.407041 0.327927 0.739986 0.767230 0.503819 0.409999 0.635563 0.576828 0.469267 0.373883 0.312398 0.266441 0.277459 0.256373 0.456968 0.416966 0.395871 0.386505 0.429301 0.814919 0.206268 0.000000 0.383183 0.512418 0.991321 0.906361 0.351437 0.331583 0.298713 0.290326 0.344000 0.372192 0.538059 0.714943 0.413337 0.526232 0.584489 0.646516 0.863219 0.610644 0.486208 0.466049 0.654616 0.605683 0.484365 0.471643 0.886610 0.695431 0.781816 0.695951 0.742956 0.788030 0.601576 0.711738 0.506703 0.476239 0.539841 0.540666 0.419483 0.412652 0.377574 0.373537 0.413287 0.400305 0.487086 0.544963 0.629007 0.465669 0.444062 0.588407 0.620399 0.739644 0.804966 0.754958 0.543112 0.458661 0.424028 0.474992 0.370669 0.321703 0.310945 0.335110 0.300099 0.232565 0.852607 0.713739 0.488737 0.410195 0.865656 0.969177 0.850354 0.906835 0.518801 0.624673 0.673055 0.607509 0.669879 0.557352 0.708374 0.847437 0.535138 0.475741 0.506871 0.512123 0.876733 0.788528 0.743707 0.669209 0.809003 0.633946 0.753347 0.623092 0.647460 0.915598
0.694137 0.713774 0.496403 0.472637 0.984531 0.864895 0.714438 0.686718 0.735091 0.866738 0.784798 0.704227 0.651395 0.672658 0.624347 0.613844 0.787943 0.742173 0.665038 0.647579 0.550590 0.968051 0.462415 0.383183 0.000000 0.329072 0.881910 0.850456 0.723239 0.670294 0.417768 0.579698 0.620707 0.673442 0.567474 0.853233 0.529377 0.755579 0.541541 0.864579 0.914648 0.870109 0.690996 0.726974 0.860756 0.788648 0.628218 0.685747 0.964913 0.731633 0.944115 0.802443 0.857168 0.901884 0.650033 0.721744 0.852937 0.721082 0.758192 0.663223 0.708769 0.689167 0.746833 0.731482 0.504775 0.588234 0.708482 0.705773 0.722739 0.686193 0.678197 0.725631 0.604214 0.704228 0.793242 0.982830 0.731439 0.775678 0.683757 0.679785 0.659194 0.569580 0.738597 0.590921 0.530166 0.454631 0.959723 0.911087 0.675155 0.513098 0.942407 0.980652 0.877221 0.930989 0.691624 0.826721 0.782834 0.874959 0.873790 0.844237 0.951905 0.997342 0.912181 0.789410 0.720603 0.744432 0.899438 0.925681 0.785852 0.743405 0.972294 0.863140 0.899481 0.929585 0.813394 0.922499
0.672354 0.768116 0.383918 0.381469 0.991005 0.616041 0.575666 0.595459 0.711627 0.679821 0.718889 0.706570 0.671657 0.733400 0.654696 0.657348 0.776341 0.743341 0.662298 0.644767 0.597754 0.902897 0.460853 0.512418 0.329072 0.000000 0.794350 0.751333 0.740097 0.673560 0.399595 0.496275 0.557160 0.581203 0.379904 0.746704 0.553914 0.811276 0.539258 0.708580 0.978625 0.789610 0.554161 0.623168 0.743286 0.668406 0.520365 0.571590 0.880202 0.664632 0.804090 0.706805 0.632091 0.732499 0.517063 0.512006 0.882447 0.789945 0.607976 0.582692 0.625395 0.634603 0.714161 0.740341 0.350846 0.394203 0.495116 0.486768 0.719269 0.619794 0.701221 0.706591 0.549551 0.651819 0.683772 0.889101 0.681395 0.740214 0.656848 0.666803 0.609701 0.532932 0.810623 0.581619 0.470815 0.448355 0.973432 0.862668 0.528397 0.452485 0.803522 0.880437 0.733900 0.948680 0.676508 0.789712 0.687321 0.863899 0.765539 0.685624 0.794765 0.818554 0.804166 0.644972 0.712178 0.692393 0.808523 0.811992 0.835907 0.702302 0.960397 0.779437 0.746400 0.943233 0.639447 0.988203
0.877429 0.897478 0.961818 0.967723 0.885022 0.960761 0.881825 0.856815 0.941636 0.851240 0.900800 0.898764 0.936041 0.914029 0.989293 0.972373 0.905505 0.889745 0.881183 0.906201 0.958217 0.912247 0.987625 0.991321 0.881910 0.794350 0.000000 0.881868 0.951475 0.913273 0.928738 0.937961 0.919079 0.933059 0.918047 0.919794 0.959508 0.861143 0.910184 0.913062 0.825876 0.972393 0.991317 0.987858 0.921522 0.920687 0.983112 0.943260 0.978960 0.960263 0.851319 0.950361 0.959311 0.953141 0.945848 0.974498 0.899863 0.950699 0.931952 0.951477 0.891471 0.858441 0.882548 0.867697 0.975256 0.962676 0.928697 0.941812 0.947010 0.989448 0.937994 0.897734 0.945049 0.967486 0.982687 0.864048 0.936184 0.829968 0.966029 0.962390 0.909379 0.905684 0.915253 0.976967 0.971465 0.978824 0.974144 0.903423 0.898307 0.921348 0.759072 0.794924 0.817054 0.800554 0.932572 0.864539 0.907592 0.900115 0.829286 0.865387 0.927343 0.998579 0.840926 0.992914 0.788255 0.985606 0.910431 0.909756 0.802362 0.763794 0.850503 0.918064 0.814686 0.993045 0.989534 0.896281
0.863605 0.911406 0.918048 0.971403 0.860299 0.823973 0.845379 0.923533 0.825758 0.928458 0.848913 0.972198 0.923230 0.948829 0.989147 0.989247 0.907724 0.933511 0.842690 0.901204 0.965928 0.992194 0.962927 0.906361 0.850456 0.751333 0.881868 0.000000 0.951289 0.934979 0.964301 0.998739 0.953052 0.884346 0.944032 0.984481 0.939898 0.913473 0.898740 0.859102 0.982373 0.969630 0.939884 0.928035 0.879410 0.908718 0.948772 0.893535 0.922992 0.881557 0.951259 0.892856 0.925775 0.843621 0.969385 0.943478 0.875446 0.929929 0.921750 0.930615 0.872549 0.927754 0.946077 0.959644 0.977973 0.970221 0.898971 0.943538 0.889802 0.907484 0.843085 0.842210 0.853134 0.783772 0.948640 0.988241 0.998276 0.970078 0.965003 0.885677 0.923552 0.955745 0.996895 0.960514 0.996379 0.904945 0.938914 0.949107 0.920154 0.945611 0.924465 0.912028 0.971952 0.881631 0.990635 0.908355 0.899236 0.862664 0.896165 0.985166 0.851406 0.884862 0.865029 0.961224 0.995250 0.887750 0.826844 0.968886 0.953518 0.980417 0.818519 0.941584 0.944508 0.940548 0.924731 0.949253
0.188528 0.163040 0.430398 0.347992 0.712074 0.587426 0.344413 0.249278 0.442722 0.350210 0.201084 0.122578 0.153756 0.142239 0.203501 0.149110 0.133114 0.117615 0.171589 0.164829 0.529538 0.817912 0.250113 0.351437 0.723239 0.740097 0.951475 0.951289 0.000000 0.116692 0.293528 0.279047 0.170848 0.181389 0.567790 0.698512 0.423961 0.526886 0.727952 0.604717 0.732525 0.465936 0.309624 0.252847 0.387293 0.329478 0.292791 0.258216 0.729211 0.514768 0.561495 0.459499 0.595869 0.650558 0.565142 0.606488 0.159888 0.185114 0.272378 0.296117 0.198766 0.209623 0.141363 0.130616 0.502918 0.339680 0.353615 0.367388 0.321337 0.223322 0.277900 0.352113 0.476445 0.523459 0.702437 0.577224 0.351829 0.248641 0.209830 0.218287 0.138240 0.190730 0.311956 0.275832 0.303407 0.399629 0.981903 0.916130 0.487569 0.530297 0.711418 0.781345 0.704186 0.930792 0.390340 0.538060 0.448226 0.497419 0.366536 0.293583 0.586508 0.648698 0.297106 0.251920 0.345409 0.320760 0.815120 0.746938 0.716973 0.443481 0.598490 0.433501 0.482676 0.364775 0.488724 0.938608
0.145217 0.165838 0.331677 0.263169 0.753273 0.581211 0.271565 0.191554 0.407300 0.290867 0.149435 0.091711 0.118136 0.131349 0.154288 0.127096 0.112422 0.096648 0.130123 0.118457 0.466822 0.825948 0.206423 0.331583 0.670294 0.673560 0.913273 0.934979 0.116692 0.000000 0.244922 0.236837 0.149268 0.142116 0.512362 0.687770 0.350919 0.464094 0.716145 0.597261 0.685973 0.498249 0.290233 0.223894 0.376406 0.305930 0.299195 0.246500 0.794251 0.487206 0.567770 0.456851 0.587549 0.621517 0.525391 0.580381 0.169705 0.173951 0.245062 0.263664 0.160022 0.176513 0.125653 0.106172 0.434241 0.281644 0.312398 0.327432 0.306265 0.197015 0.256473 0.292828 0.424296 0.461462 0.621199 0.561221 0.343333 0.220710 0.163723 0.185633 0.115126 0.146703 0.328135 0.256172 0.287936 0.395993 0.899942 0.938864 0.427087 0.542908 0.670216 0.752892 0.676082 0.883466 0.394122 0.493895 0.438456 0.517423 0.344758 0.277110 0.584190 0.630831 0.300520 0.253257 0.327275 0.281556 0.741093 0.687823 0.647983 0.355625 0.646036 0.384144 0.437339 0.407404 0.494459 0.985473
0.284586 0.338998 0.212031 0.184134 0.842180 0.579118 0.251923 0.255799 0.430608 0.384534 0.301450 0.286077 0.250764 0.285654 0.273300 0.253476 0.328324 0.301063 0.229461 0.252049 0.402789 0.851646 0.154901 0.298713 0.417768 0.399595 0.928738 0.964301 0.293528 0.244922 0.000000 0.193501 0.201986 0.217497 0.417665 0.664694 0.314790 0.494516 0.537582 0.645292 0.757688 0.577429 0.286213 0.269603 0.461962 0.406555 0.327790 0.283634 0.869193 0.568173 0.665184 0.551198 0.570266 0.598308 0.451568 0.565899 0.389189 0.368102 0.315919 0.328713 0.242847 0.307162 0.281598 0.297839 0.293557 0.225847 0.270486 0.287304 0.387865 0.314258 0.325935 0.361901 0.384526 0.462274 0.611295 0.749181 0.435857 0.349303 0.318418 0.313726 0.248956 0.219826 0.447245 0.301514 0.250347 0.329089 0.927334 0.993359 0.375405 0.462117 0.719141 0.805310 0.678612 0.889954 0.482619 0.578811 0.425156 0.640401 0.487281 0.433540 0.601055 0.568042 0.452944 0.358006 0.433713 0.344818 0.677986 0.694403 0.671247 0.461824 0.724651 0.533041 0.536368 0.559868 0.552303 0.995930
0.352843 0.406842 0.328650 0.265674 0.892929 0.652898 0.346368 0.323727 0.533636 0.427180 0.328139 0.303373 0.302206 0.286151 0.309119 0.261232 0.324793 0.318604 0.277455 0.260517 0.526744 0.774240 0.217952 0.290326 0.579698 0.496275 0.937961 0.998739 0.279047 0.236837 0.193501 0.000000 0.270590 0.228215 0.544165 0.696102 0.446498 0.633858 0.602163 0.621705 0.807551 0.660608 0.392369 0.348572 0.578540 0.517536 0.432870 0.349655 0.992220 0.683820 0.782905 0.677577 0.683589 0.708565 0.567830 0.682196 0.421805 0.434290 0.391879 0.431793 0.323462 0.378117 0.294086 0.321739 0.426557 0.302784 0.341519 0.375016 0.482034 0.346854 0.413859 0.465907 0.469527 0.554068 0.615283 0.665327 0.524564 0.367730 0.304671 0.327169 0.265625 0.243983 0.391228 0.286794 0.334420 0.345275 0.872454 0.901354 0.402199 0.543345 0.842468 0.957300 0.825692 0.941872 0.521736 0.636176 0.591201 0.650151 0.594058 0.493251 0.705799 0.695909 0.498590 0.410695 0.539778 0.409250 0.786521 0.860870 0.776132 0.513380 0.760095 0.585599 0.668498 0.553407 0.620505 0.929028
0.151860 0.206866 0.227979 0.182566 0.673105 0.527015 0.188171 0.150481 0.388264 0.277054 0.216049 0.153748 0.167928 0.213171 0.222422 0.191455 0.190841 0.157390 0.144641 0.166864 0.465296 0.839721 0.177646 0.344000 0.620707 0.557160 0.919079 0.953052 0.170848 0.149268 0.201986 0.270590 0.000000 0.134346 0.394477 0.594465 0.360214 0.428855 0.634221 0.546290 0.760959 0.494428 0.211789 0.187541 0.310037 0.243863 0.243774 0.220674 0.713920 0.463461 0.500049 0.405247 0.497258 0.502210 0.405766 0.460353 0.235740 0.221047 0.177177 0.214546 0.138570 0.188926 0.145491 0.153595 0.324695 0.202202 0.208587 0.208366 0.326992 0.170568 0.226502 0.270281 0.402961 0.469166 0.605122 0.673634 0.307984 0.252265 0.189649 0.225459 0.117769 0.127733 0.391012 0.237949 0.206787 0.327231 0.927107 0.923375 0.354597 0.438162 0.566105 0.616239 0.548099 0.759434 0.408260 0.468680 0.366179 0.527990 0.290586 0.240326 0.506813 0.483183 0.287817 0.202232 0.280341 0.313932 0.730604 0.612111 0.628120 0.380539 0.625739 0.362869 0.389521 0.397519 0.478463 0.999759
0.157440 0.234567 0.252129 0.198842 0.725925 0.543373 0.178098 0.142860 0.399753 0.263808 0.188519 0.162889 0.170259 0.215906 0.235221 0.200112 0.160684 0.159571 0.129149 0.158520 0.418960 0.829003 0.195685 0.372192 0.673442 0.581203 0.933059 0.884346 0.181389 0.142116 0.217497 0.228215 0.134346 0.000000 0.400011 0.616810 0.342252 0.429017 0.599028 0.547217 0.678235 0.479115 0.240105 0.200270 0.329872 0.286214 0.263076 0.222130 0.798305 0.475621 0.532022 0.435382 0.507773 0.527237 0.433068 0.543125 0.231049 0.228858 0.185418 0.232538 0.143153 0.196481 0.140486 0.150389 0.325241 0.199073 0.186365 0.199224 0.353236 0.188185 0.251356 0.269071 0.401813 0.489260 0.587877 0.629021 0.328816 0.246745 0.197083 0.222672 0.121868 0.139523 0.378540 0.262945 0.224720 0.363463 0.986977 0.918089 0.350766 0.486573 0.564159 0.642448 0.549362 0.760057 0.420602 0.460705 0.388715 0.506027 0.315985 0.247471 0.490416 0.500476 0.251043 0.211384 0.301805 0.281730 0.737411 0.592907 0.658751 0.399949 0.623809 0.353804 0.394484 0.392815 0.488216 0.964962
0.468363 0.574394 0.363289 0.307522 0.849957 0.604573 0.394678 0.378130 0.567423 0.424572 0.562517 0.518597 0.534321 0.549609 0.545850 0.544002 0.572128 0.548428 0.467835 0.523385 0.578039 0.879350 0.418050 0.538059 0.567474 0.379904 0.918047 0.944032 0.567790 0.512362 0.417665 0.544165 0.394477 0.400011 0.000000 0.566278 0.513872 0.578215 0.641588 0.761511 0.784188 0.607799 0.419849 0.475869 0.490116 0.466457 0.468682 0.433328 0.749747 0.520718 0.579427 0.508600 0.500156 0.555532 0.444257 0.481583 0.646174 0.586527 0.430513 0.419804 0.432712 0.447891 0.518944 0.512571 0.337386 0.332233 0.331199 0.353054 0.533635 0.446891 0.544977 0.571982 0.465871 0.596453 0.608889 0.839193 0.472490 0.572108 0.528085 0.580828 0.451228 0.394578 0.696615 0.495509 0.379178 0.464973 0.915613 0.950025 0.551570 0.491208 0.551013 0.615541 0.526060 0.662379 0.680188 0.660993 0.507362 0.603627 0.476389 0.433692 0.534566 0.664003 0.517460 0.472528 0.447743 0.502759 0.814519 0.638277 0.782766 0.654658 0.728294 0.463851 0.541452 0.743992 0.606115 0.998741
0.633592 0.639812 0.658332 0.604447 0.835035 0.824226 0.653337 0.578304 0.748345 0.653270 0.682235 0.646118 0.658790 0.660939 0.718212 0.708376 0.685401 0.684018 0.637909 0.653889 0.778765 0.808780 0.612832 0.714943 0.853233 0.746704 0.919794 0.984481 0.698512 0.687770 0.664694 0.696102 0.594465 0.616810 0.566278 0.000000 0.708942 0.522377 0.854538 0.717757 0.885564 0.728178 0.597982 0.670571 0.678263 0.696045 0.724428 0.629530 0.857900 0.752963 0.715193 0.654121 0.655469 0.706724 0.826449 0.805329 0.682749 0.674315 0.613327 0.619982 0.658512 0.660655 0.618505 0.637498 0.729367 0.705137 0.597193 0.597259 0.835698 0.654773 0.675857 0.762400 0.804365 0.894718 0.835069 0.728502 0.698352 0.740465 0.663982 0.738960 0.618996 0.650611 0.663535 0.693224 0.625860 0.684922 0.860043 0.889403 0.716455 0.669509 0.777553 0.803141 0.791634 0.816177 0.761252 0.649633 0.650000 0.607359 0.644464 0.670139 0.678474 0.753800 0.620857 0.565680 0.712491 0.695500 0.701537 0.693338 0.854540 0.783565 0.693037 0.699947 0.689703 0.845933 0.634341 0.929230
0.359711 0.378180 0.382908 0.322831 0.888700 0.603349 0.411067 0.364850 0.496067 0.499046 0.450502 0.372941 0.329369 0.377538 0.323473 0.340810 0.408486 0.393090 0.386592 0.399187 0.460441 0.825380 0.283132 0.413337 0.529377 0.553914 0.959508 0.939898 0.423961 0.350919 0.314790 0.446498 0.360214 0.342252 0.513872 0.708942 0.000000 0.386738 0.627874 0.677754 0.705289 0.492099 0.383461 0.365551 0.434772 0.405783 0.407288 0.349703 0.673184 0.473635 0.540010 0.451793 0.578498 0.596804 0.519666 0.516970 0.435267 0.395208 0.387058 0.394886 0.352520 0.362093 0.384465 0.363030 0.369673 0.389441 0.399884 0.407219 0.567285 0.398467 0.391860 0.394314 0.599364 0.625151 0.626288 0.728610 0.407583 0.427656 0.393390 0.439527 0.353591 0.331990 0.569693 0.351382 0.288777 0.360598 0.912719 0.841610 0.419118 0.414401 0.620816 0.698481 0.587397 0.733337 0.419199 0.581787 0.474357 0.563187 0.434574 0.428550 0.534366 0.633732 0.353238 0.418114 0.374290 0.377035 0.814394 0.596564 0.700926 0.586774 0.790410 0.515388 0.565554 0.620000 0.530536 0.873319
0.410406 0.452414 0.466836 0.446913 0.670115 0.850958 0.451581 0.403155 0.557329 0.510561 0.478942 0.431392 0.370881 0.420255 0.411923 0.427595 0.476593 0.454673 0.412349 0.483368 0.471747 0.784510 0.372809 0.526232 0.755579 0.811276 0.861143 0.913473 0.526886 0.464094 0.494516 0.633858 0.428855 0.429017 0.578215 0.522377 0.386738 0.000000 0.675618 0.671080 0.736164 0.539788 0.397423 0.420736 0.495039 0.470178 0.529850 0.472060 0.699859 0.518670 0.505670 0.482978 0.661973 0.543907 0.621533 0.699584 0.466345 0.469555 0.455464 0.454052 0.373440 0.415390 0.385766 0.385942 0.424750 0.470963 0.473135 0.495025 0.702730 0.512432 0.458468 0.540167 0.712064 0.719364 0.811927 0.794125 0.467237 0.505478 0.524898 0.528357 0.464961 0.487859 0.536771 0.521669 0.377861 0.497231 0.875140 0.968259 0.536646 0.571840 0.586250 0.637547 0.653784 0.716066 0.514562 0.445328 0.574865 0.595234 0.442079 0.462813 0.605081 0.638975 0.383554 0.421086 0.436792 0.436636 0.701077 0.551727 0.579476 0.584380 0.703696 0.574823 0.571710 0.679865 0.424239 0.961423
