0.000000 0.400300 0.798226 0.867161 0.700868 0.893403 0.984403 0.738404 0.978668 0.730108 0.502884 0.353354 0.471625 0.531095 0.624349 0.733984 0.497085 0.459748 0.408098 0.380877 0.962814 0.964589 0.616459 0.893783 0.761746 0.524088 0.892146 0.883988 0.485962 0.602055 0.930997 0.992242 0.770029 0.903793 0.881819 0.848363 0.725810 0.958662 0.915056 0.963493 0.852829 0.918002 0.793265 0.856835 0.862589 0.985210 0.807983 0.919540 0.659042 0.812403 0.982887 0.928212 0.836929 0.535249 0.792036 0.964746 0.375347 0.402022 0.522488 0.534646 0.771803 0.616906 0.481326 0.393236 0.747584 0.711317 0.746083 0.680444 0.393989 0.453699 0.945807 0.829431 0.987927 0.789459 0.876898 0.917686 0.950201 0.735132 0.994848 0.821918 0.471412 0.428501 0.624848 0.653280 0.411372 0.944602 0.899433 0.660668 0.656926 0.511991 0.776232 0.682821 0.671825 0.606732 0.959876 0.939284 0.984877 0.990353 0.941306 0.980782 0.886027 0.651934 0.978173 0.977829 0.969789 0.948735 0.956169 0.644753 0.860843 0.955099 0.976277 0.853772 0.869134 0.920711 0.915109 0.919803
0.400300 0.000000 0.543916 0.794244 0.839400 0.703179 0.694272 0.792509 0.785419 0.766954 0.834912 0.407774 0.750863 0.526849 0.709786 0.700563 0.361154 0.322044 0.489576 0.385711 0.899710 0.901315 0.759831 0.889846 0.967943 0.555015 0.844679 0.784733 0.453966 0.489993 0.794315 0.975965 0.949738 0.932516 0.731807 0.855829 0.785487 0.788717 0.871960 0.750611 0.904265 0.927941 0.997522 0.866576 0.898923 0.682664 0.654214 0.749364 0.359383 0.522470 0.841326 0.869527 0.945438 0.634990 0.712999 0.866929 0.286646 0.289735 0.828439 0.731158 0.876115 0.708966 0.711577 0.523933 0.686881 0.637165 0.506691 0.630698 0.593815 0.442569 0.652989 0.529246 0.769599 0.701283 0.908644 0.967786 0.926048 0.731266 0.832224 0.754779 0.427583 0.374258 0.439946 0.503615 0.397514 0.770268 0.956995 0.583119 0.864168 0.689472 0.501362 0.466961 0.465774 0.397201 0.908945 0.964842 0.862621 0.986131 0.874048 0.932548 0.664566 0.494399 0.874963 0.786518 0.803028 0.849430 0.908324 0.571108 0.890209 0.943673 0.922263 0.881633 0.776263 0.966532 0.950469 0.881577
0.798226 0.543916 0.000000 0.439081 0.961334 0.566518 0.379361 0.651031 0.835071 0.923585 0.947589 0.841868 0.808894 0.943092 0.935987 0.997710 0.773232 0.663731 0.982013 0.838847 0.793813 0.833809 0.835934 0.840592 0.915699 0.566959 0.805468 0.882318 0.835230 0.900906 0.466912 0.538066 0.536992 0.598368 0.544334 0.819351 0.956970 0.750715 0.984470 0.905994 0.801126 0.843663 0.725233 0.831659 0.760374 0.940137 0.802083 0.821926 0.643589 0.855222 0.821093 0.868400 0.716564 0.585399 0.916975 0.847178 0.686370 0.616074 0.939811 0.982476 0.588986 0.920779 0.798816 0.979557 0.458179 0.515248 0.336971 0.445150 0.789004 0.800759 0.507554 0.538288 0.605109 0.656931 0.902082 0.915157 0.861847 0.654703 0.988600 0.913347 0.857643 0.773298 0.734532 0.823925 0.873094 0.949945 0.971150 0.967182 0.955126 0.956233 0.499387 0.658981 0.567826 0.659149 0.729265 0.924202 0.706830 0.999302 0.665909 0.629542 0.568314 0.596069 0.687643 0.658176 0.614312 0.635980 0.881422 0.794026 0.970919 0.785221 0.716858 0.855268 0.825192 0.876631 0.800609 0.988869
0.867161 0.794244 0.439081 0.000000 0.977235 0.755261 0.504850 0.512492 0.969324 0.894893 0.900451 0.965183 0.882215 0.732362 0.870534 0.774568 0.895841 0.885191 0.890715 0.966714 0.816372 0.772987 0.719244 0.607008 0.746606 0.530593 0.907932 0.979250 0.959229 0.913855 0.416862 0.478210 0.623285 0.625919 0.700007 0.815494 0.954251 0.853146 0.872801 0.890179 0.719950 0.888484 0.565211 0.647577 0.632773 0.742127 0.666499 0.707096 0.903033 0.904463 0.613099 0.598725 0.539796 0.485687 0.884269 0.831146 0.823368 0.759230 0.878618 0.924858 0.853095 0.946728 0.846892 0.920649 0.515633 0.488294 0.553597 0.579269 0.784167 0.823822 0.616722 0.584197 0.583505 0.673249 0.873402 0.890699 0.653007 0.546189 0.855029 0.904479 0.975182 0.965386 0.992743 0.963585 0.932122 0.647050 0.964871 0.860538 0.880328 0.973246 0.620634 0.780230 0.686336 0.866880 0.660511 0.852252 0.747789 0.878399 0.666856 0.645374 0.722003 0.678259 0.745950 0.795690 0.697801 0.588996 0.911945 0.836472 0.995931 0.868143 0.673251 0.805513 0.724354 0.853783 0.909243 0.983200
0.700868 0.839400 0.961334 0.977235 0.000000 0.956268 0.815178 0.834111 0.820501 0.833536 0.730806 0.722058 0.650612 0.690837 0.588851 0.622391 0.789825 0.793294 0.693967 0.732124 0.939219 0.894015 0.623313 0.645305 0.994634 0.793321 0.758157 0.840927 0.749271 0.720477 0.948844 0.891552 0.791938 0.888445 0.962743 0.890285 0.931497 0.883384 0.974100 0.943433 0.983215 0.930631 0.968313 0.936061 0.917686 0.961994 0.914822 0.880334 0.821070 0.837137 0.880017 0.907926 0.880906 0.960889 0.785539 0.944352 0.805858 0.937763 0.822387 0.922236 0.880743 0.718498 0.840380 0.767235 0.915568 0.985344 0.982351 0.867088 0.762913 0.758996 0.898357 0.985709 0.850276 0.838242 0.949823 0.955583 0.922412 0.896173 0.998008 0.947877 0.789740 0.843090 0.796443 0.847771 0.701137 0.789408 0.701073 0.678198 0.757953 0.811224 0.938758 0.989013 0.917051 0.906416 0.880313 0.961881 0.957643 0.980171 0.868955 0.827731 0.885029 0.992406 0.988016 0.870709 0.928522 0.988809 0.896531 0.899506 0.861677 0.691974 0.965396 0.892445 0.962948 0.937111 0.974923 0.861461
0.893403 0.703179 0.566518 0.755261 0.956268 0.000000 0.484590 0.735312 0.732961 0.855285 0.706920 0.927501 0.809291 0.939265 0.888647 0.872824 0.840225 0.820318 0.945641 0.820148 0.735295 0.969120 0.987603 0.946112 0.989828 0.765977 0.877957 0.928054 0.858356 0.908518 0.711871 0.688303 0.692884 0.764634 0.811408 0.896958 0.969742 0.840020 0.907011 0.910214 0.955948 0.938063 0.857923 0.923994 0.918914 0.967934 0.994449 0.995356 0.758181 0.837962 0.910252 0.950867 0.874464 0.764172 0.967659 0.935848 0.679332 0.655537 0.871311 0.864871 0.561020 0.849987 0.745291 0.908613 0.781115 0.595084 0.513228 0.646303 0.719499 0.815070 0.581130 0.607412 0.821900 0.676088 0.690314 0.819998 0.836275 0.755615 0.970917 0.918342 0.984853 0.866453 0.773532 0.790792 0.851766 0.924144 0.855487 0.919918 0.992790 0.919565 0.640366 0.650695 0.712826 0.684213 0.868103 0.907207 0.794050 0.949074 0.776731 0.666069 0.720050 0.730697 0.715313 0.758770 0.684974 0.786628 0.761973 0.867563 0.963776 0.947259 0.859510 0.784681 0.970628 0.952630 0.751726 0.948418
0.984403 0.694272 0.379361 0.504850 0.815178 0.484590 0.000000 0.478500 0.630185 0.653102 0.772007 0.946540 0.607570 0.767317 0.738080 0.762950 0.899654 0.828425 0.852139 0.890465 0.802900 0.842531 0.705025 0.833076 0.870301 0.745436 0.831327 0.911888 0.891436 0.885966 0.383315 0.485548 0.420418 0.458708 0.615245 0.868585 0.946298 0.741363 0.982355 0.897934 0.879649 0.821860 0.693601 0.768432 0.671299 0.845447 0.792295 0.762396 0.842383 0.973346 0.679610 0.740657 0.687677 0.612649 0.857551 0.991685 0.735685 0.711699 0.749335 0.774355 0.407360 0.698600 0.565586 0.754987 0.623178 0.519453 0.334758 0.426018 0.866029 0.957052 0.477951 0.462455 0.533671 0.567975 0.803097 0.832942 0.721595 0.590075 0.862879 0.946921 0.977541 0.876335 0.856212 0.868681 0.997433 0.921810 0.980187 0.893616 0.889997 0.897395 0.482678 0.613205 0.631164 0.724616 0.703532 0.799446 0.727200 0.856237 0.495577 0.495091 0.497515 0.546637 0.606352 0.556408 0.575424 0.575060 0.884617 0.874878 0.989388 0.837320 0.728536 0.702545 0.809944 0.890400 0.825001 0.942140
0.738404 0.792509 0.651031 0.512492 0.834111 0.735312 0.478500 0.000000 0.844617 0.562422 0.800170 0.555793 0.525708 0.408842 0.639486 0.550907 0.779528 0.848767 0.630571 0.731966 0.890113 0.996214 0.603563 0.708956 0.962971 0.919146 0.968413 0.826058 0.644290 0.690688 0.543488 0.515451 0.509731 0.506887 0.747018 0.965815 0.885066 0.931987 0.900911 0.923588 0.766900 0.907749 0.543862 0.573442 0.492204 0.519887 0.479624 0.554459 0.654073 0.582075 0.521803 0.539543 0.701826 0.782093 0.711998 0.931306 0.867464 0.879319 0.666183 0.647472 0.564745 0.444695 0.470661 0.567387 0.672950 0.602599 0.638431 0.620760 0.973496 0.756739 0.746375 0.781490 0.634542 0.748766 0.760241 0.858495 0.576655 0.775935 0.907676 0.900390 0.757229 0.842652 0.826697 0.958518 0.651537 0.630511 0.998725 0.655546 0.850275 0.665606 0.763672 0.916095 0.863307 0.932514 0.677097 0.838821 0.812025 0.844647 0.493691 0.452002 0.655385 0.852172 0.646352 0.782028 0.673549 0.724091 0.775227 0.999157 0.917758 0.869371 0.682788 0.550539 0.612124 0.810946 0.863337 0.880759
0.978668 0.785419 0.835071 0.969324 0.820501 0.732961 0.630185 0.844617 0.000000 0.716103 0.764945 0.998515 0.744744 0.925925 0.764441 0.917045 0.884130 0.793218 0.954938 0.781175 0.911924 0.992888 0.903535 0.851771 0.800984 0.977870 0.990502 0.923116 0.955204 0.907556 0.877581 0.915861 0.815207 0.916382 0.836514 0.936356 0.890248 0.703312 0.792211 0.786909 0.883628 0.951425 0.971695 0.973099 0.980437 0.950680 0.933801 0.971746 0.863650 0.979627 0.923717 0.860704 0.864348 0.860700 0.938411 0.998448 0.761762 0.768100 0.757776 0.827185 0.659634 0.708311 0.900559 0.883558 0.823500 0.851969 0.644132 0.823219 0.978139 0.961655 0.745035 0.626821 0.694385 0.602021 0.855740 0.904608 0.758097 0.904420 0.902409 0.905890 0.874047 0.785772 0.726506 0.727854 0.909342 0.848943 0.854647 0.827238 0.687634 0.983520 0.568831 0.495116 0.573605 0.568951 0.724828 0.902247 0.845860 0.897986 0.631140 0.646590 0.613888 0.720201 0.658690 0.551605 0.825176 0.842666 0.937128 0.767111 0.997455 0.827284 0.875889 0.702037 0.976924 0.871351 0.865816 0.874615
0.730108 0.766954 0.923585 0.894893 0.833536 0.855285 0.653102 0.562422 0.716103 0.000000 0.745513 0.601362 0.632130 0.650201 0.481625 0.567899 0.707073 0.706034 0.619318 0.755843 0.997979 0.932586 0.497375 0.823546 0.707482 0.795693 0.969562 0.990434 0.563381 0.609743 0.742856 0.692039 0.603400 0.671512 0.859983 0.815586 0.908051 0.892284 0.929623 0.792520 0.979221 0.943255 0.958217 0.915563 0.750997 0.746296 0.739016 0.801026 0.641781 0.651296 0.738616 0.741362 0.887100 0.943871 0.860294 0.880433 0.833699 0.793325 0.691122 0.722887 0.764665 0.575291 0.605826 0.518824 0.904845 0.913432 0.925374 0.996849 0.828840 0.640970 0.829261 0.914358 0.748133 0.844321 0.682522 0.884528 0.721970 0.899473 0.868476 0.733586 0.669165 0.757059 0.748721 0.835674 0.669600 0.926892 0.905109 0.815439 0.796148 0.772136 0.973391 0.939504 0.994152 0.881019 0.837243 0.956876 0.904048 0.972750 0.806674 0.712092 0.826686 0.970309 0.873165 0.772628 0.853251 0.867507 0.975288 0.852487 0.836579 0.945177 0.850968 0.760908 0.850912 0.949514 0.948784 0.788616
0.502884 0.834912 0.947589 0.900451 0.730806 0.706920 0.772007 0.800170 0.764945 0.745513 0.000000 0.600877 0.453002 0.755205 0.743561 0.863776 0.842534 0.817853 0.732134 0.719471 0.972651 0.999738 0.819025 0.991939 0.700285 0.835667 0.991466 0.933497 0.764983 0.861980 0.994635 0.980015 0.770176 0.942429 0.941503 0.854471 0.791512 0.881864 0.938455 0.810983 0.870390 0.972283 0.789870 0.831394 0.818283 0.836284 0.998938 0.948188 0.978150 0.977730 0.896838 0.863736 0.830661 0.691767 0.957323 0.991038 0.846875 0.867144 0.489159 0.574476 0.509770 0.595028 0.553149 0.533995 0.951962 0.992901 0.911731 0.943662 0.703620 0.712233 0.901166 0.931395 0.879620 0.983636 0.775892 0.999449 0.883361 0.887145 0.881432 0.834760 0.769750 0.781533 0.970286 0.943712 0.759067 0.944179 0.955907 0.948858 0.632537 0.638823 0.887180 0.968789 0.969885 0.980907 0.995082 0.942533 0.960708 0.945781 0.801663 0.864325 0.896738 0.969107 0.763811 0.845778 0.844619 0.902336 0.866564 0.909059 0.913751 0.780002 0.991566 0.784631 0.960830 0.828662 0.924513 0.955755
0.353354 0.407774 0.841868 0.965183 0.722058 0.927501 0.946540 0.555793 0.998515 0.601362 0.600877 0.000000 0.423965 0.383463 0.492623 0.524175 0.513778 0.492796 0.439532 0.427962 0.970337 0.948890 0.570807 0.752362 0.765614 0.611539 0.932917 0.786115 0.452980 0.562909 0.974391 0.912252 0.781046 0.848832 0.875132 0.755163 0.741315 0.967034 0.931562 0.918345 0.976955 0.975358 0.992368 0.955045 0.918987 0.781611 0.726524 0.779217 0.492981 0.615200 0.841299 0.873666 0.953800 0.688564 0.790011 0.957404 0.506827 0.528063 0.595556 0.597513 0.745261 0.413851 0.507198 0.404869 0.892835 0.935147 0.809685 0.791970 0.563382 0.489193 0.936767 0.850119 0.964923 0.940322 0.813735 0.994288 0.858296 0.786308 0.952156 0.828863 0.522483 0.542217 0.613042 0.740824 0.385197 0.763059 0.812487 0.581947 0.707878 0.526874 0.820483 0.758127 0.709553 0.658750 0.953045 0.940678 0.891263 0.990024 0.882449 0.817381 0.978997 0.717438 0.988804 0.999956 0.976698 0.979270 0.934795 0.727882 0.812591 0.955649 0.920521 0.765868 0.841151 0.980163 0.985726 0.795126
0.471625 0.750863 0.808894 0.882215 0.650612 0.809291 0.607570 0.525708 0.744744 0.632130 0.453002 0.423965 0.000000 0.473565 0.496330 0.553767 0.736377 0.812190 0.511854 0.589958 0.984877 0.915566 0.525598 0.797676 0.753219 0.773774 0.965480 0.929126 0.591317 0.674587 0.768651 0.739721 0.563452 0.731627 0.899720 0.909480 0.804361 0.806928 0.954877 0.894712 0.970585 0.983948 0.974946 0.977264 0.887098 0.886947 0.722856 0.809814 0.813240 0.827061 0.833928 0.887216 0.924141 0.888551 0.730151 0.986787 0.731693 0.770523 0.526622 0.596179 0.478404 0.418522 0.491684 0.451159 0.954836 0.901051 0.819839 0.938796 0.626073 0.660099 0.698959 0.877696 0.738784 0.861787 0.768037 0.940615 0.827737 0.960657 0.986713 0.965007 0.711783 0.755875 0.781393 0.903917 0.573344 0.912868 0.775581 0.718647 0.619080 0.576140 0.859467 0.983305 0.982218 0.914377 0.901868 0.910658 0.897994 0.877001 0.653166 0.665877 0.706350 0.971764 0.731778 0.781689 0.707475 0.821660 0.869592 0.816922 0.932228 0.764909 0.780011 0.673204 0.789616 0.952060 0.902254 0.861649
0.531095 0.526849 0.943092 0.732362 0.690837 0.939265 0.767317 0.408842 0.925925 0.650201 0.755205 0.383463 0.473565 0.000000 0.470913 0.377370 0.609455 0.563209 0.399016 0.435360 0.939535 0.905227 0.455113 0.511911 0.984612 0.780833 0.925712 0.836417 0.493837 0.477590 0.776102 0.586790 0.614777 0.655348 0.996280 0.946736 0.810623 0.946463 0.828153 0.798396 0.858545 0.935222 0.659539 0.662429 0.648051 0.600012 0.509652 0.586232 0.495591 0.539160 0.557487 0.639007 0.730089 0.960141 0.631824 0.920660 0.606739 0.693775 0.843534 0.803436 0.815128 0.518867 0.562280 0.564437 0.939576 0.819026 0.970878 0.985338 0.772292 0.644961 0.913247 0.921986 0.778481 0.897410 0.764952 0.897089 0.743118 0.951847 0.896265 0.738839 0.562454 0.572385 0.519212 0.763805 0.355253 0.464540 0.844093 0.471625 0.909289 0.590411 0.910961 0.729152 0.779217 0.616005 0.881414 0.905155 0.996612 0.908296 0.817965 0.677871 0.997405 0.866941 0.943006 0.978720 0.877649 0.881106 0.832359 0.824463 0.902052 0.891954 0.911231 0.702137 0.685498 0.884088 0.972699 0.795194
0.624349 0.709786 0.935987 0.870534 0.588851 0.888647 0.738080 0.639486 0.764441 0.481625 0.743561 0.492623 0.496330 0.470913 0.000000 0.395080 0.622443 0.636002 0.463629 0.562551 0.962830 0.968117 0.375083 0.624716 0.892190 0.766677 0.981827 0.961732 0.564304 0.535253 0.742575 0.672110 0.561802 0.657966 0.995424 0.908650 0.797079 0.814078 0.970868 0.926201 0.969957 0.992596 0.852666 0.845809 0.761813 0.720630 0.702488 0.671174 0.642351 0.619290 0.636742 0.649710 0.691725 0.927476 0.738240 0.928965 0.721008 0.814272 0.859491 0.915586 0.869747 0.594475 0.660481 0.604960 0.970067 0.988605 0.997815 0.887942 0.635723 0.690704 0.800335 0.963597 0.709342 0.737291 0.704685 0.934714 0.735533 0.948313 0.893138 0.723806 0.599348 0.674937 0.617836 0.831352 0.415202 0.734986 0.652285 0.673055 0.748231 0.699329 0.988980 0.996569 0.913345 0.831834 0.848014 0.931070 0.923953 0.864975 0.857476 0.698941 0.894823 0.880686 0.912413 0.739981 0.842429 0.867677 0.929682 0.822233 0.853113 0.868814 0.915110 0.728835 0.753384 0.839246 0.875801 0.927327
0.733984 0.700563 0.997710 0.774568 0.622391 0.872824 0.762950 0.550907 0.917045 0.567899 0.863776 0.524175 0.553767 0.377370 0.395080 0.000000 0.740044 0.694940 0.505998 0.618287 0.944409 0.965817 0.401242 0.450980 0.936369 0.776509 0.969850 0.829392 0.558650 0.520505 0.802387 0.647891 0.697462 0.792300 0.915554 0.835205 0.934813 0.993694 0.919613 0.998475 0.894953 0.990623 0.755293 0.749545 0.692149 0.662320 0.689538 0.726448 0.557468 0.641087 0.633690 0.661581 0.706345 0.871834 0.724117 0.931043 0.812650 0.857367 0.999913 0.971925 0.943754 0.600475 0.786708 0.757397 0.940245 0.869273 0.957756 0.930552 0.870127 0.775515 0.875773 0.950963 0.785754 0.774585 0.703872 0.877892 0.763222 0.903964 0.877466 0.779485 0.717888 0.768143 0.578549 0.854898 0.520084 0.558276 0.728902 0.578590 0.996010 0.784361 0.913028 0.924512 0.866887 0.732727 0.907969 0.851965 0.958033 0.816537 0.894624 0.728551 0.942672 0.860864 0.905695 0.995362 0.925860 0.973199 0.978902 0.856247 0.821650 0.971456 0.917491 0.802480 0.810811 0.882610 0.977101 0.855273
0.497085 0.361154 0.773232 0.895841 0.789825 0.840225 0.899654 0.779528 0.884130 0.707073 0.842534 0.513778 0.736377 0.609455 0.622443 0.740044 0.000000 0.373012 0.476681 0.414613 0.899006 0.949143 0.671488 0.859306 0.941531 0.615412 0.836556 0.921321 0.419508 0.397758 0.976512 0.872562 0.771329 0.774529 0.903184 0.826641 0.795690 0.840208 0.941264 0.790089 0.892030 0.992805 0.996224 0.926482 0.855333 0.691624 0.702160 0.741628 0.508955 0.582027 0.824868 0.894939 0.991029 0.730685 0.733448 0.932132 0.337955 0.386467 0.892006 0.780213 0.947738 0.771611 0.647345 0.486795 0.735278 0.632735 0.664157 0.723063 0.652644 0.430842 0.849001 0.668574 0.907573 0.742198 0.818171 0.995437 0.918192 0.840250 0.686805 0.722897 0.339799 0.382312 0.518202 0.456856 0.435100 0.853983 0.893845 0.586368 0.841149 0.768506 0.568426 0.579191 0.526519 0.520650 0.976182 0.986020 0.898646 0.928335 0.850830 0.986415 0.805073 0.567927 0.938830 0.971342 0.891327 0.940441 0.901460 0.528728 0.945675 0.946220 0.952485 0.912110 0.755529 0.910795 0.938725 0.835253
0.459748 0.322044 0.663731 0.885191 0.793294 0.820318 0.828425 0.848767 0.793218 0.706034 0.817853 0.492796 0.812190 0.563209 0.636002 0.694940 0.373012 0.000000 0.400506 0.388533 0.950203 0.996316 0.671864 0.789738 0.972421 0.594871 0.825298 0.862495 0.441541 0.380979 0.915347 0.934447 0.839250 0.829910 0.704936 0.869715 0.772267 0.854402 0.885959 0.786324 0.922753 0.974241 0.988977 0.897361 0.908231 0.728189 0.690482 0.747424 0.468617 0.593061 0.816146 0.868828 0.944521 0.728339 0.749969 0.861214 0.335199 0.391407 0.932302 0.814770 0.847017 0.871710 0.671614 0.536318 0.678623 0.636446 0.561805 0.648335 0.590825 0.508826 0.758054 0.669048 0.898192 0.790429 0.919210 0.968713 0.907816 0.792435 0.686531 0.604788 0.342629 0.319416 0.412078 0.456912 0.395416 0.752065 0.950497 0.559546 0.894636 0.742739 0.535667 0.531962 0.458694 0.457239 0.959923 0.987434 0.850055 0.980964 0.787810 0.902232 0.626886 0.552769 0.774108 0.866254 0.851449 0.875441 0.909009 0.545107 0.936473 0.922834 0.921573 0.986737 0.764941 0.946453 0.977679 0.931650
0.408098 0.489576 0.982013 0.890715 0.693967 0.945641 0.852139 0.630571 0.954938 0.619318 0.732134 0.439532 0.511854 0.399016 0.463629 0.505998 0.476681 0.400506 0.000000 0.374314 0.951509 0.996455 0.402159 0.624448 0.900945 0.607937 0.906297 0.969157 0.430660 0.415807 0.847386 0.715852 0.615646 0.708248 0.929855 0.876647 0.736733 0.960610 0.928501 0.928949 0.961123 0.956456 0.887154 0.867335 0.826783 0.730204 0.570359 0.699684 0.551491 0.648680 0.709376 0.814633 0.832690 0.881832 0.665299 0.981125 0.414417 0.523639 0.818713 0.810097 0.914923 0.706530 0.557183 0.501389 0.905927 0.835334 0.849983 0.817822 0.521443 0.558695 0.912621 0.919468 0.851971 0.974218 0.869442 0.880221 0.831176 0.928452 0.807555 0.706020 0.473504 0.442048 0.435107 0.596116 0.327181 0.692710 0.823991 0.533311 0.796713 0.630678 0.821573 0.753354 0.703290 0.640338 0.962540 0.883225 0.999730 0.922471 0.934660 0.826401 0.915323 0.701886 0.978928 0.943342 0.963909 0.864308 0.957680 0.622443 0.913062 0.973127 0.916535 0.819055 0.662137 0.853193 0.996714 0.902638
0.380877 0.385711 0.838847 0.966714 0.732124 0.820148 0.890465 0.731966 0.781175 0.755843 0.719471 0.427962 0.589958 0.435360 0.562551 0.618287 0.414613 0.388533 0.374314 0.000000 0.978144 0.956582 0.501206 0.639616 0.940238 0.632499 0.868610 0.894880 0.493944 0.493368 0.993477 0.920901 0.767254 0.896009 0.853014 0.851255 0.785012 0.939549 0.840260 0.831018 0.996094 0.896600 0.998834 0.958551 0.896402 0.753869 0.666148 0.748311 0.529288 0.565860 0.817363 0.892591 0.946519 0.739012 0.671823 0.936858 0.319093 0.404494 0.804982 0.777049 0.961561 0.735202 0.685283 0.563771 0.820490 0.718257 0.693406 0.691517 0.474490 0.503602 0.932670 0.689070 0.988123 0.757975 0.839942 0.988397 0.844551 0.821986 0.913550 0.814247 0.485678 0.392325 0.479401 0.502723 0.360179 0.742072 0.863464 0.552085 0.803863 0.576615 0.662691 0.579265 0.637096 0.514122 0.965817 0.986684 0.963284 0.971054 0.925491 0.992868 0.815191 0.626649 0.899700 0.934247 0.990459 0.966362 0.884333 0.660810 0.949755 0.948479 0.954600 0.922734 0.762731 0.954024 0.946145 0.940510
0.962814 0.899710 0.793813 0.816372 0.939219 0.735295 0.802900 0.890113 0.911924 0.997979 0.972651 0.970337 0.984877 0.939535 0.962830 0.944409 0.899006 0.950203 0.951509 0.978144 0.000000 0.962705 0.930691 0.874850 0.893504 0.808579 0.970337 0.884005 0.931756 0.912465 0.725303 0.820270 0.907201 0.909751 0.900674 0.923287 0.893358 0.985365 0.875992 0.879630 0.839535 0.934439 0.958383 0.992801 0.920416 0.892993 0.963948 0.881089 0.851110 0.744203 0.979606 0.991966 0.971722 0.880850 0.955933 0.955835 0.884238 0.881190 0.980129 0.939477 0.893648 0.894226 0.861495 0.976895 0.991895 0.807934 0.931167 0.907916 0.966312 0.889949 0.737984 0.844478 0.825434 0.754949 0.901777 0.687315 0.835854 0.981072 0.928679 0.886682 0.988073 0.944128 0.963325 0.950643 0.945594 0.897314 0.748333 0.907405 0.913808 0.866287 0.886481 0.994416 0.940658 0.889807 0.890603 0.923594 0.907523 0.859644 0.957290 0.901180 0.945714 0.981666 0.962024 0.968330 0.962216 0.996489 0.888311 0.996360 0.987954 0.908217 0.972518 0.869873 0.952178 0.877991 0.962010 0.862469
0.964589 0.901315 0.833809 0.772987 0.894015 0.969120 0.842531 0.996214 0.992888 0.932586 0.999738 0.948890 0.915566 0.905227 0.968117 0.965817 0.949143 0.996316 0.996455 0.956582 0.962705 0.000000 0.978953 0.998208 0.902964 0.760214 0.890049 0.931307 0.967012 0.895636 0.787790 0.962721 0.827827 0.829931 0.930202 0.821905 0.928495 0.812734 0.909615 0.904500 0.894945 0.964259 0.962090 0.997851 0.948990 0.997975 0.940463 0.881932 0.844296 0.917947 0.880830 0.911341 0.811337 0.830245 0.944391 0.887377 0.984618 0.948418 0.986201 0.960510 0.978387 0.939223 0.969354 0.969225 0.897776 0.929342 0.847061 0.915648 0.942152 0.951707 0.896645 0.904453 0.995641 0.924163 0.792338 0.987684 0.921698 0.810320 0.835890 0.962215 0.955754 0.963787 0.962645 0.869319 0.998185 0.952140 0.793264 0.985475 0.992945 0.977257 0.860924 0.915191 0.899310 0.919370 0.974413 0.996374 0.918744 0.902291 0.940510 0.999850 0.868985 0.970333 0.839744 0.949902 0.843609 0.821043 0.952002 0.974546 0.986671 0.888320 0.834994 0.972980 0.949841 0.921796 0.875773 0.787792
0.616459 0.759831 0.835934 0.719244 0.623313 0.987603 0.705025 0.603563 0.903535 0.497375 0.819025 0.570807 0.525598 0.455113 0.375083 0.401242 0.671488 0.671864 0.402159 0.501206 0.930691 0.978953 0.000000 0.455521 0.907533 0.773122 0.875724 0.980047 0.556021 0.517265 0.647981 0.616657 0.551304 0.720462 0.962266 0.893796 0.869089 0.946678 0.997664 0.894567 0.921263 0.997172 0.963153 0.978465 0.826354 0.818105 0.757488 0.820614 0.717055 0.716502 0.750371 0.784117 0.767404 0.981547 0.832590 0.817834 0.695196 0.770221 0.925748 0.970733 0.934678 0.723768 0.731034 0.675453 0.959711 0.933383 0.988503 0.858599 0.633664 0.697243 0.671987 0.908738 0.621234 0.820669 0.781522 0.927526 0.778793 0.911176 0.926580 0.816713 0.654275 0.610862 0.594892 0.748462 0.462299 0.709976 0.750663 0.563558 0.867487 0.748992 0.992238 0.958775 0.951740 0.768481 0.817040 0.881616 0.858778 0.979434 0.886632 0.832507 0.898160 0.889382 0.950329 0.781050 0.888587 0.824079 0.986944 0.849135 0.886093 0.970826 0.872961 0.898196 0.739926 0.942442 0.882560 0.875484
0.893783 0.889846 0.840592 0.607008 0.645305 0.946112 0.833076 0.708956 0.851771 0.823546 0.991939 0.752362 0.797676 0.511911 0.624716 0.450980 0.859306 0.789738 0.624448 0.639616 0.874850 0.998208 0.455521 0.000000 0.826274 0.984191 0.896460 0.955062 0.793961 0.689286 0.757287 0.669894 0.798641 0.889002 0.969809 0.865579 0.998531 0.971613 0.789281 0.888089 0.780237 0.857520 0.778510 0.805651 0.763113 0.775006 0.795622 0.849475 0.767587 0.764567 0.738936 0.789685 0.721405 0.803491 0.810760 0.972716 0.880233 0.984825 0.828477 0.813002 0.889296 0.909945 0.949963 0.994112 0.936766 0.852943 0.986595 0.959073 0.954615 0.946829 0.798388 0.945413 0.802724 0.877445 0.805374 0.948612 0.742284 0.935918 0.917481 0.895136 0.831982 0.800824 0.717362 0.808229 0.633218 0.504742 0.830200 0.595634 0.943491 0.814074 0.986134 0.929933 0.931388 0.804942 0.972537 0.863236 0.909471 0.964611 0.948561 0.855575 0.915899 0.996888 0.852235 0.952045 0.948973 0.908720 0.988162 0.988772 0.987373 0.991641 0.927567 0.946728 0.891961 0.992769 0.833471 0.899726
0.761746 0.967943 0.915699 0.746606 0.994634 0.989828 0.870301 0.962971 0.800984 0.707482 0.700285 0.765614 0.753219 0.984612 0.892190 0.936369 0.941531 0.972421 0.900945 0.940238 0.893504 0.902964 0.907533 0.826274 0.000000 0.616142 0.973622 0.854084 0.673021 0.900971 0.932121 0.873124 0.892951 0.977500 0.864447 0.857605 0.952579 0.957654 0.786243 0.776929 0.836706 0.850298 0.779499 0.776572 0.878624 0.879206 0.793136 0.875653 0.902349 0.978835 0.869063 0.788443 0.701253 0.714255 0.943977 0.943744 0.982204 0.890038 0.616732 0.713072 0.697344 0.685919 0.798248 0.694898 0.805394 0.831735 0.969618 0.975007 0.708611 0.770664 0.891769 0.929485 0.996532 0.967994 0.921695 0.840601 0.929121 0.924984 0.994793 0.869520 0.998335 0.934899 0.963245 0.989874 0.999020 0.664003 0.914083 0.951773 0.850788 0.826269 0.972753 0.874685 0.940323 0.927925 0.904365 0.978691 0.947538 0.969016 0.969068 0.897248 0.865176 0.913373 0.966348 0.835747 0.932388 0.937055 0.949533 0.967853 0.882021 0.971608 0.988455 0.973789 0.801089 0.875508 0.950969 0.850293
0.524088 0.555015 0.566959 0.530593 0.793321 0.765977 0.745436 0.919146 0.977870 0.795693 0.835667 0.611539 0.773774 0.780833 0.766677 0.776509 0.615412 0.594871 0.607937 0.632499 0.808579 0.760214 0.773122 0.984191 0.616142 0.000000 0.836992 0.989914 0.584881 0.681992 0.637055 0.812430 0.917353 0.871359 0.614823 0.709192 0.899520 0.863481 0.908403 0.944537 0.817281 0.913639 0.700704 0.755719 0.789051 0.923250 0.916421 0.902010 0.669148 0.862089 0.842908 0.781073 0.720540 0.492707 0.924539 0.970526 0.541713 0.524585 0.800891 0.817737 0.944793 0.788534 0.858093 0.624642 0.511530 0.527481 0.562283 0.520468 0.616906 0.612745 0.778496 0.719583 0.764526 0.734591 0.952933 0.928157 0.863928 0.651489 0.977033 0.993514 0.672063 0.671390 0.684935 0.777600 0.672191 0.920294 0.802095 0.785818 0.905317 0.814391 0.588655 0.697516 0.588934 0.671853 0.715695 0.977563 0.786572 0.886300 0.767547 0.843508 0.810606 0.589517 0.728117 0.893930 0.735354 0.819578 0.956334 0.723606 0.895266 0.944384 0.784346 0.890587 0.936447 0.921266 0.817992 0.891476
0.892146 0.844679 0.805468 0.907932 0.758157 0.877957 0.831327 0.968413 0.990502 0.969562 0.991466 0.932917 0.965480 0.925712 0.981827 0.969850 0.836556 0.825298 0.906297 0.868610 0.970337 0.890049 0.875724 0.896460 0.973622 0.836992 0.000000 0.776385 0.980940 0.935399 0.878999 0.848976 0.904051 0.820793 0.765131 0.958672 0.979733 0.987448 0.970013 0.937943 0.992050 0.923725 0.899316 0.851473 0.897764 0.929212 0.934786 0.869783 0.823568 0.869789 0.973398 0.994500 0.970001 0.892709 0.919376 0.833860 0.835135 0.903433 0.926342 0.926455 0.760079 0.966747 0.847841 0.964012 0.770333 0.815114 0.757653 0.669790 0.895070 0.870211 0.893966 0.859254 0.982844 0.922374 0.931714 0.956646 0.943929 0.823741 0.943691 0.968031 0.928765 0.868641 0.834920 0.933720 0.911968 0.886634 0.995592 0.867073 0.890230 0.951242 0.997986 0.991861 0.928937 0.987893 0.906835 0.910167 0.973695 0.996259 0.959744 0.915865 0.935160 0.950414 0.801475 0.985556 0.833226 0.857194 0.942777 0.996081 0.732705 0.935769 0.982686 0.970408 0.952849 0.790175 0.931383 0.949120
0.883988 0.784733 0.882318 0.979250 0.840927 0.928054 0.911888 0.826058 0.923116 0.990434 0.933497 0.786115 0.929126 0.836417 0.961732 0.829392 0.921321 0.862495 0.969157 0.894880 0.884005 0.931307 0.980047 0.955062 0.854084 0.989914 0.776385 0.000000 0.981969 0.928934 0.874883 0.878023 0.932551 0.908545 0.945556 0.901113 0.988050 0.990754 0.976773 0.988353 0.965295 0.922215 0.895079 0.887070 0.896292 0.873725 0.948968 0.926302 0.756408 0.852671 0.922519 0.886053 0.999516 0.953756 0.967181 0.964626 0.919257 0.946647 0.957454 0.998102 0.985938 0.897618 0.944496 0.986244 0.926611 0.946990 0.910193 0.858052 0.934789 0.952266 0.880695 0.930835 0.991842 0.958560 0.936151 0.958680 0.880489 0.804007 0.974961 0.959006 0.941870 0.989404 0.958639 0.916113 0.929520 0.840045 0.915502 0.991308 0.876479 0.973995 0.992791 0.956391 0.995170 0.985005 0.934010 0.926198 0.932078 0.826651 0.945727 0.861658 0.960043 0.942158 0.890481 0.738875 0.873747 0.791925 0.999539 0.977048 0.997617 0.973011 0.921369 0.790406 0.899072 0.982528 0.950215 0.937396
0.485962 0.453966 0.835230 0.959229 0.749271 0.858356 0.891436 0.644290 0.955204 0.563381 0.764983 0.452980 0.591317 0.493837 0.564304 0.558650 0.419508 0.441541 0.430660 0.493944 0.931756 0.967012 0.556021 0.793961 0.673021 0.584881 0.980940 0.981969 0.000000 0.342148 0.829490 0.767424 0.617570 0.623346 0.854262 0.893751 0.760519 0.862873 0.982395 0.926706 0.909865 0.948087 0.934526 0.807375 0.768573 0.648689 0.682362 0.682211 0.472014 0.597198 0.731297 0.810392 0.941375 0.816681 0.665169 0.836162 0.491581 0.489483 0.728569 0.693072 0.881920 0.606642 0.540380 0.406951 0.750203 0.759410 0.801010 0.877373 0.613959 0.440612 0.888326 0.814849 0.959908 0.954836 0.842960 0.911122 0.893198 0.937291 0.673645 0.720680 0.415584 0.476459 0.502230 0.524758 0.422404 0.835916 0.868771 0.544204 0.849844 0.716385 0.706874 0.662643 0.578312 0.536887 0.988428 0.963195 0.883762 0.992821 0.997035 0.869267 0.899914 0.769677 0.969917 0.963143 0.944452 0.965769 0.940519 0.622236 0.838577 0.942346 0.991104 0.855951 0.756501 0.928993 0.950979 0.767661
0.602055 0.489993 0.900906 0.913855 0.720477 0.908518 0.885966 0.690688 0.907556 0.609743 0.861980 0.562909 0.674587 0.477590 0.535253 0.520505 0.397758 0.380979 0.415807 0.493368 0.912465 0.895636 0.517265 0.689286 0.900971 0.681992 0.935399 0.928934 0.342148 0.000000 0.805077 0.671475 0.593578 0.584175 0.824819 0.954594 0.843452 0.918193 0.973082 0.820471 0.959743 0.938451 0.882312 0.783020 0.705983 0.631828 0.648668 0.660280 0.524116 0.611542 0.668681 0.772587 0.828265 0.943851 0.655230 0.889098 0.511847 0.561933 0.992471 0.906517 0.999644 0.766729 0.615028 0.513896 0.769983 0.805231 0.789384 0.874532 0.747927 0.542394 0.935349 0.817675 0.927446 0.943916 0.825122 0.988878 0.885847 0.950363 0.537618 0.576637 0.359811 0.430892 0.427907 0.470790 0.419581 0.736718 0.829812 0.515237 0.977406 0.863740 0.625823 0.620896 0.522163 0.500532 0.991712 0.937844 0.898632 0.995541 0.878864 0.964940 0.863485 0.701118 0.874747 0.999581 0.936484 0.985414 0.963862 0.601367 0.938575 0.974303 0.962750 0.919540 0.645088 0.851631 0.998313 0.824732
0.930997 0.794315 0.466912 0.416862 0.948844 0.711871 0.383315 0.543488 0.877581 0.742856 0.994635 0.974391 0.768651 0.776102 0.742575 0.802387 0.976512 0.915347 0.847386 0.993477 0.725303 0.787790 0.647981 0.757287 0.932121 0.637055 0.878999 0.874883 0.829490 0.805077 0.000000 0.421474 0.446680 0.404962 0.652327 0.838777 0.998699 0.839188 0.997330 0.997965 0.853326 0.895348 0.605495 0.690581 0.619046 0.734162 0.688569 0.689432 0.928034 0.933176 0.572965 0.573003 0.571643 0.504411 0.824099 0.960939 0.838155 0.803712 0.989206 0.958800 0.732589 0.938624 0.660206 0.877674 0.688514 0.669831 0.560283 0.553762 0.895723 0.887485 0.469547 0.597307 0.489030 0.569306 0.868589 0.808141 0.737090 0.530496 0.760504 0.801765 0.897492 0.974724 0.963154 0.990226 0.908572 0.837247 0.918275 0.824082 0.989614 0.968486 0.630959 0.784699 0.740938 0.955076 0.689357 0.880284 0.748998 0.899086 0.641785 0.644827 0.647116 0.626373 0.652286 0.648480 0.660480 0.631997 0.901334 0.915468 0.955082 0.948898 0.719522 0.790488 0.713777 0.824566 0.776109 0.856436
0.992242 0.975965 0.538066 0.478210 0.891552 0.688303 0.485548 0.515451 0.915861 0.692039 0.980015 0.912252 0.739721 0.586790 0.672110 0.647891 0.872562 0.934447 0.715852 0.920901 0.820270 0.962721 0.616657 0.669894 0.873124 0.812430 0.848976 0.878023 0.767424 0.671475 0.421474 0.000000 0.480120 0.424650 0.703286 0.828423 0.958112 0.942193 0.911980 0.909558 0.861559 0.881085 0.563425 0.582268 0.563723 0.646720 0.556402 0.619357 0.923105 0.840688 0.532843 0.570959 0.528072 0.602467 0.749959 0.908194 0.969527 0.905209 0.923297 0.978794 0.782025 0.809996 0.645150 0.785226 0.754870 0.687611 0.665679 0.633788 0.857730 0.973863 0.618245 0.729856 0.591972 0.640089 0.768337 0.851656 0.798768 0.536150 0.742568 0.744779 0.736689 0.841712 0.781293 0.919527 0.738430 0.661094 0.949739 0.693057 0.887943 0.982492 0.832349 0.971720 0.935334 0.932648 0.755937 0.813585 0.856806 0.953642 0.755503 0.619065 0.839586 0.772551 0.750125 0.710252 0.749935 0.668993 0.805408 0.966174 0.951718 0.873857 0.817784 0.724687 0.607059 0.829016 0.745225 0.764687
0.770029 0.949738 0.536992 0.623285 0.791938 0.692884 0.420418 0.509731 0.815207 0.603400 0.770176 0.781046 0.563452 0.614777 0.561802 0.697462 0.771329 0.839250 0.615646 0.767254 0.907201 0.827827 0.551304 0.798641 0.892951 0.917353 0.904051 0.932551 0.617570 0.593578 0.446680 0.480120 0.000000 0.360732 0.729532 0.816314 0.759404 0.792511 0.914227 0.963006 0.970973 0.910263 0.707186 0.699426 0.598097 0.641111 0.586929 0.608604 0.895124 0.767708 0.548145 0.643304 0.621119 0.735561 0.661193 0.956631 0.886289 0.928845 0.761714 0.805683 0.626721 0.694373 0.523662 0.583031 0.734768 0.831750 0.577562 0.629823 0.842812 0.744493 0.617587 0.753224 0.578499 0.751527 0.726972 0.946109 0.681160 0.610050 0.809928 0.831091 0.697581 0.778797 0.858556 0.808720 0.659778 0.843685 0.972705 0.702494 0.781976 0.789138 0.787554 0.890801 0.919417 0.974888 0.650712 0.947742 0.721781 0.848211 0.633239 0.596311 0.721774 0.789055 0.671139 0.589889 0.681411 0.603471 0.943520 0.953582 0.971172 0.874215 0.695774 0.613949 0.573719 0.840089 0.722888 0.873246
0.903793 0.932516 0.598368 0.625919 0.888445 0.764634 0.458708 0.506887 0.916382 0.671512 0.942429 0.848832 0.731627 0.655348 0.657966 0.792300 0.774529 0.829910 0.708248 0.896009 0.909751 0.829931 0.720462 0.889002 0.977500 0.871359 0.820793 0.908545 0.623346 0.584175 0.404962 0.424650 0.360732 0.000000 0.747863 0.742691 0.893052 0.864890 0.929473 0.858615 0.908677 0.819352 0.579859 0.571807 0.506523 0.539373 0.540380 0.490524 0.835967 0.741245 0.515986 0.566435 0.605151 0.668624 0.665520 0.782839 0.917893 0.934338 0.856138 0.782626 0.652080 0.747416 0.500631 0.608658 0.714323 0.773220 0.631224 0.533745 0.981630 0.844169 0.764158 0.818118 0.693445 0.734342 0.800051 0.875710 0.781476 0.623375 0.681980 0.763744 0.652903 0.790540 0.790030 0.769598 0.704321 0.820844 0.981856 0.657038 0.950985 0.921342 0.877497 0.969973 0.975247 0.886985 0.751276 0.953762 0.921735 0.866577 0.697181 0.653994 0.761965 0.832790 0.689645 0.708818 0.731387 0.702175 0.853873 0.861330 0.992517 0.903466 0.848352 0.703368 0.550297 0.765110 0.634912 0.821565
0.881819 0.731807 0.544334 0.700007 0.962743 0.811408 0.615245 0.747018 0.836514 0.859983 0.941503 0.875132 0.899720 0.996280 0.995424 0.915554 0.903184 0.704936 0.929855 0.853014 0.900674 0.930202 0.962266 0.969809 0.864447 0.614823 0.765131 0.945556 0.854262 0.824819 0.652327 0.703286 0.729532 0.747863 0.000000 0.852084 0.935447 0.799044 0.962426 0.892767 0.920771 0.853383 0.675162 0.762928 0.720485 0.816211 0.791417 0.787003 0.784552 0.932959 0.798781 0.839313 0.737139 0.657347 0.848755 0.983013 0.839911 0.804770 0.906249 0.928649 0.694896 0.951718 0.836301 0.959761 0.581923 0.646319 0.448220 0.483895 0.900580 0.852550 0.742267 0.687954 0.748492 0.849436 0.973555 0.937856 0.799905 0.788264 0.965671 0.811545 0.854753 0.757650 0.760651 0.845801 0.897831 0.986396 0.946917 0.994092 0.900088 0.975643 0.619586 0.723004 0.653526 0.747654 0.707156 0.865146 0.713776 0.753374 0.604827 0.646806 0.681623 0.638267 0.643784 0.675961 0.585827 0.688773 0.969354 0.797151 0.983942 0.928373 0.819939 0.731065 0.856779 0.767027 0.722613 0.910936
0.848363 0.855829 0.819351 0.815494 0.890285 0.896958 0.868585 0.965815 0.936356 0.815586 0.854471 0.755163 0.909480 0.946736 0.908650 0.835205 0.826641 0.869715 0.876647 0.851255 0.923287 0.821905 0.893796 0.865579 0.857605 0.709192 0.958672 0.901113 0.893751 0.954594 0.838777 0.828423 0.816314 0.742691 0.852084 0.000000 0.993126 0.782019 0.877302 0.937748 0.935522 0.955210 0.856297 0.879900 0.870490 0.940992 0.890992 0.936262 0.867214 0.894956 0.948406 0.937679 0.774383 0.769661 0.972262 0.984494 0.921650 0.931503 0.875207 0.908354 0.985076 0.873448 0.930341 0.888900 0.795937 0.872960 0.784042 0.736611 0.950405 0.903239 0.993211 0.964982 0.991020 0.901946 0.970225 0.828404 0.988624 0.631813 0.987347 0.980539 0.929160 0.974198 0.953147 0.986541 0.913111 0.932661 0.977450 0.982122 0.782336 0.893618 0.895637 0.985357 0.887604 0.913461 0.912625 0.909780 0.854782 0.880324 0.913710 0.917186 0.903888 0.802675 0.862417 0.892114 0.825974 0.913828 0.789532 0.993769 0.829701 0.939754 0.923995 0.943335 0.727425 0.865533 0.816747 0.950050
0.725810 0.785487 0.956970 0.954251 0.931497 0.969742 0.946298 0.885066 0.890248 0.908051 0.791512 0.741315 0.804361 0.810623 0.797079 0.934813 0.795690 0.772267 0.736733 0.785012 0.893358 0.928495 0.869089 0.998531 0.952579 0.899520 0.979733 0.988050 0.760519 0.843452 0.998699 0.958112 0.759404 0.893052 0.935447 0.993126 0.000000 0.828857 0.956626 0.809603 0.867244 0.978717 0.968011 0.884268 0.975887 0.869005 0.829517 0.811077 0.882525 0.828766 0.796183 0.820520 0.886727 0.988463 0.808340 0.923550 0.759575 0.844802 0.804402 0.863354 0.929104 0.780110 0.765129 0.746114 0.825656 0.991983 0.994073 0.947681 0.694005 0.692761 0.957344 0.918132 0.966018 0.998057 0.903199 0.925774 0.867581 0.981343 0.914284 0.958880 0.813640 0.742526 0.949158 0.984468 0.660283 0.842757 0.854586 0.857284 0.723448 0.667820 0.972691 0.964680 0.973744 0.990808 0.825391 0.927375 0.851200 0.990718 0.837607 0.790084 0.984459 0.939962 0.749775 0.797513 0.951784 0.749736 0.799250 0.960956 0.783089 0.804190 0.726028 0.672804 0.901084 0.911687 0.864948 0.969217
0.958662 0.788717 0.750715 0.853146 0.883384 0.840020 0.741363 0.931987 0.703312 0.892284 0.881864 0.967034 0.806928 0.946463 0.814078 0.993694 0.840208 0.854402 0.960610 0.939549 0.985365 0.812734 0.946678 0.971613 0.957654 0.863481 0.987448 0.990754 0.862873 0.918193 0.839188 0.942193 0.792511 0.864890 0.799044 0.782019 0.828857 0.000000 0.962798 0.929584 0.964079 0.757023 0.870250 0.930785 0.944576 0.982475 0.981803 0.859665 0.829315 0.960334 0.828309 0.886317 0.786401 0.729414 0.877882 0.922163 0.860896 0.731727 0.972728 0.868943 0.792568 0.861245 0.872031 0.946474 0.668935 0.733962 0.727956 0.819301 0.870230 0.881806 0.744641 0.782029 0.752244 0.673211 0.939807 0.920439 0.963229 0.773128 0.883652 0.878231 0.912761 0.861193 0.755470 0.768490 0.927547 0.991605 0.828091 0.865221 0.788539 0.871167 0.658472 0.705633 0.785826 0.666929 0.868289 0.899572 0.821085 0.843423 0.792410 0.740403 0.728476 0.768999 0.740568 0.761101 0.923111 0.854368 0.995277 0.864922 0.940374 0.855920 0.835472 0.807974 0.883710 0.777268 0.653869 0.923406
