0.000000 0.327517 0.860643 0.657151 0.819660 0.840583 0.944876 0.924638 0.549940 0.661063 0.482564 0.473524 0.591351 0.470216 0.833605 0.879301 0.476790 0.347368 0.564228 0.379592 0.710139 0.949582 0.865845 0.609256 0.738684 0.770779 0.798445 0.915156 0.899352 0.740476 0.945607 0.856990 0.637577 0.729413 0.926888 0.912912 0.888712 0.894608 0.690860 0.909125 0.939485 0.841431 0.731565 0.977861 0.832205 0.954364 0.858791 0.721827 0.992901 0.924922 0.910251 0.997013 0.730454 0.612071 0.703126 0.773896 0.284784 0.309096 0.605395 0.547842 0.936912 0.827309 0.573119 0.570239 0.850154 0.995023 0.829713 0.936526 0.388578 0.530670 0.687436 0.744540 0.651161 0.600418 0.929494 0.744125 0.929261 0.750036 0.752704 0.589507 0.409585 0.407736 0.527600 0.374379 0.479454 0.472401 0.854018 0.684787 0.774266 0.457480 0.652293 0.601217 0.817106 0.675186 0.957376 0.945912 0.986253 0.970495 0.860992 0.817395 0.861335 0.767451 0.997754 0.810054 0.984677 0.817584 0.848126 0.889815 0.843555 0.751929 0.954606 0.825838 0.886990 0.821993 0.969451 0.830652
0.327517 0.000000 0.803846 0.549512 0.794773 0.861888 0.982859 0.791864 0.705058 0.780969 0.627450 0.530083 0.712197 0.570944 0.852146 0.815577 0.525783 0.458530 0.614149 0.444429 0.822472 0.945003 0.919456 0.669076 0.746316 0.714594 0.817688 0.907930 0.892929 0.783471 0.945105 0.907452 0.694067 0.668755 0.898570 0.945774 0.823828 0.859351 0.600401 0.984491 0.990912 0.825407 0.843831 0.949888 0.817107 0.955173 0.852856 0.744584 0.998951 0.918975 0.953999 0.944236 0.791366 0.681583 0.792481 0.781751 0.283596 0.258728 0.617369 0.583659 0.944088 0.920105 0.669991 0.618888 0.801830 0.991866 0.865612 0.926095 0.430268 0.459114 0.821421 0.795955 0.663571 0.586485 0.935569 0.719614 0.818090 0.751355 0.704962 0.611521 0.433046 0.498747 0.625989 0.462030 0.627734 0.591025 0.905865 0.845803 0.828101 0.536538 0.678514 0.655260 0.854205 0.728390 0.930031 0.985394 0.935450 0.950108 0.838771 0.852135 0.763493 0.736144 0.923786 0.900071 0.947537 0.887837 0.964029 0.978183 0.936060 0.761797 0.932217 0.877298 0.967663 0.863035 0.983443 0.827933
0.860643 0.803846 0.000000 0.487927 0.909809 0.836954 0.896295 0.797579 0.738575 0.869904 0.973171 0.905419 0.629886 0.889365 0.652757 0.545107 0.821582 0.891075 0.927754 0.856348 0.751049 0.977606 0.732779 0.652886 0.497851 0.525774 0.764291 0.921667 0.927267 0.997824 0.720901 0.707814 0.974759 0.949857 0.758118 0.812294 0.647898 0.832791 0.810233 0.788442 0.827754 0.846352 0.992480 0.987393 0.779569 0.813160 0.994025 0.960903 0.762469 0.870296 0.838458 0.939983 0.772191 0.808172 0.982592 0.812562 0.867213 0.850803 0.991194 0.853992 0.875534 0.707111 0.769661 0.834723 0.425628 0.531828 0.958715 0.983299 0.745988 0.835145 0.822190 0.873235 0.910483 0.941642 0.949877 0.933122 0.758812 0.859304 0.915478 0.830012 0.912578 0.938426 0.951610 0.972071 0.939746 0.728957 0.866159 0.758722 0.791815 0.874077 0.819402 0.887834 0.855612 0.883877 0.875034 0.813037 0.804914 0.954213 0.945169 0.964145 0.608932 0.999076 0.773372 0.766697 0.948964 0.937609 0.811183 0.937224 0.856232 0.987559 0.974452 0.820216 0.972555 0.905643 0.718445 0.963769
0.657151 0.549512 0.487927 0.000000 0.922246 0.979828 0.865469 0.528302 0.977133 0.929574 0.848724 0.569088 0.697350 0.621632 0.742472 0.542245 0.865356 0.768112 0.738447 0.744561 0.669301 0.837823 0.769717 0.520668 0.515594 0.519265 0.710718 0.995562 0.927274 0.880304 0.780373 0.727342 0.822221 0.810586 0.852187 0.883746 0.580897 0.724565 0.629032 0.866306 0.904402 0.725499 0.893455 0.948793 0.697767 0.783154 0.958192 0.981357 0.736685 0.847583 0.794289 0.871385 0.710811 0.710322 0.981051 0.974844 0.570813 0.538683 0.902024 0.807328 0.912103 0.733667 0.953888 0.819861 0.577677 0.643180 0.993377 0.968757 0.580678 0.680666 0.937001 0.916618 0.927628 0.944250 0.953311 0.959316 0.762594 0.962963 0.828857 0.919066 0.938500 0.883939 0.837141 0.803015 0.948616 0.657725 0.949392 0.870271 0.813335 0.687785 0.709990 0.651587 0.863650 0.778402 0.907167 0.814725 0.958418 0.870624 0.853110 0.954356 0.689512 0.794279 0.784822 0.997709 0.869400 0.804846 0.873527 0.980761 0.969433 0.870632 0.984262 0.756167 0.941042 0.830632 0.776661 0.895549
0.819660 0.794773 0.909809 0.922246 0.000000 0.923364 0.717212 0.865158 0.878810 0.781701 0.949499 0.891823 0.826569 0.963218 0.874332 0.888216 0.925772 0.970924 0.887316 0.873353 0.922774 0.954181 0.712646 0.986200 0.894863 0.861858 0.928245 0.969371 0.824273 0.919319 0.770693 0.935839 0.911023 0.828059 0.972494 0.751785 0.945876 0.909465 0.931231 0.939232 0.921287 0.803945 0.783095 0.762843 0.745876 0.775222 0.911229 0.903171 0.833159 0.843454 0.827222 0.859221 0.722719 0.705084 0.815737 0.888815 0.668774 0.763411 0.965001 0.899457 0.741870 0.784288 0.893899 0.938344 0.966893 0.888393 0.798757 0.681587 0.778842 0.689635 0.700717 0.752167 0.731061 0.703758 0.887561 0.900611 0.958210 0.738509 0.914176 0.954544 0.825972 0.804630 0.993957 0.896375 0.936772 0.993886 0.959984 0.953044 0.842569 0.992824 0.798526 0.801736 0.927263 0.830035 0.936353 0.878980 0.965448 0.885377 0.820490 0.633453 0.708206 0.647048 0.739073 0.902662 0.726831 0.683136 0.968926 0.974648 0.911529 0.975017 0.785018 0.829395 0.934078 0.958552 0.764077 0.863261
0.840583 0.861888 0.836954 0.979828 0.923364 0.000000 0.868932 0.882228 0.682994 0.822315 0.901144 0.923133 0.997539 0.828766 0.853913 0.841006 0.788772 0.790830 0.795732 0.881128 0.916751 0.847711 0.998534 0.934299 0.956719 0.851871 0.882713 0.711213 0.967870 0.997764 0.826238 0.943203 0.915949 0.976747 0.943675 0.947110 0.878883 0.903359 0.955491 0.767196 0.720140 0.776516 0.795665 0.842140 0.993873 0.960366 0.925188 0.932504 0.947890 0.923465 0.958421 0.972451 0.918132 0.967312 0.998566 0.818131 0.769703 0.803152 0.876947 0.971345 0.928293 0.714862 0.798967 0.884059 0.925762 0.799629 0.906994 0.984515 0.884137 0.929112 0.701288 0.705740 0.651495 0.757060 0.877429 0.805940 0.866260 0.693183 0.957870 0.930440 0.803853 0.810626 0.833460 0.780816 0.796031 0.827879 0.698417 0.925620 0.955603 0.776461 0.889873 0.900752 0.988580 0.821849 0.992622 0.980632 0.807480 0.919598 0.935951 0.895071 0.974266 0.906565 0.919756 0.893507 0.956725 0.885138 0.938454 0.822114 0.877498 0.849830 0.927008 0.987494 0.948374 0.906433 0.855877 0.750575
0.944876 0.982859 0.896295 0.865469 0.717212 0.868932 0.000000 0.317429 0.719904 0.391744 0.968421 0.699688 0.694706 0.923144 0.784350 0.937449 0.857043 0.908330 0.689372 0.932566 0.874192 0.916030 0.657811 0.780605 0.605717 0.796959 0.806961 0.711271 0.650878 0.769787 0.589693 0.885973 0.578480 0.480706 0.805228 0.866670 0.883109 0.817419 0.799778 0.825356 0.826763 0.996705 0.361565 0.368771 0.424886 0.450729 0.620728 0.620576 0.490418 0.467239 0.427193 0.467894 0.468055 0.457028 0.757159 0.692324 0.953027 0.934971 0.562448 0.762787 0.298398 0.446578 0.577675 0.526729 0.913381 0.952299 0.400296 0.418016 0.806082 0.851001 0.486638 0.531520 0.756363 0.694579 0.890974 0.664349 0.539770 0.806572 0.654215 0.882827 0.973862 0.747184 0.998966 0.776952 0.958588 0.755045 0.999021 0.783595 0.934117 0.940143 0.473280 0.508278 0.541520 0.699660 0.676499 0.786384 0.653063 0.734827 0.364492 0.358053 0.616470 0.568175 0.615473 0.669692 0.614748 0.677831 0.738454 0.654646 0.808094 0.787215 0.592964 0.556144 0.442885 0.672989 0.566048 0.854919
0.924638 0.791864 0.797579 0.528302 0.865158 0.882228 0.317429 0.000000 0.806683 0.509253 0.987822 0.563410 0.687964 0.769007 0.804418 0.734186 0.827158 0.832158 0.694318 0.983798 0.980484 0.831927 0.706691 0.981032 0.868811 0.987388 0.975253 0.809197 0.814249 0.828125 0.620940 0.863508 0.642104 0.524669 0.839123 0.921459 0.938963 0.968876 0.963457 0.897321 0.796935 0.870735 0.543535 0.484486 0.690930 0.683841 0.766589 0.762936 0.736359 0.682217 0.649009 0.670720 0.682208 0.683157 0.881551 0.801749 0.842276 0.754996 0.614535 0.760756 0.409703 0.416806 0.651742 0.527697 0.926223 0.854136 0.540948 0.574075 0.952618 0.936604 0.571001 0.595030 0.846683 0.811374 0.930475 0.760948 0.577486 0.846260 0.633743 0.919365 0.987828 0.824046 0.968710 0.874527 0.914660 0.921386 0.924976 0.730254 0.816969 0.957142 0.708843 0.809757 0.684521 0.877001 0.771853 0.866525 0.728082 0.741012 0.597093 0.538552 0.825553 0.823241 0.830021 0.733419 0.636090 0.760809 0.722258 0.688082 0.876512 0.770775 0.674345 0.800179 0.542988 0.676598 0.605802 0.979795
0.549940 0.705058 0.738575 0.977133 0.878810 0.682994 0.719904 0.806683 0.000000 0.610210 0.669901 0.771460 0.974885 0.594448 0.766210 0.878664 0.542833 0.532077 0.828873 0.647789 0.987890 0.833987 0.844790 0.739068 0.951693 0.951824 0.858581 0.991196 0.997785 0.803540 0.665920 0.923635 0.967276 0.970397 0.804500 0.818178 0.993412 0.922931 0.831682 0.934785 0.880215 0.973838 0.586066 0.816119 0.853086 0.939871 0.991981 0.907232 0.996776 0.991050 0.903856 0.927996 0.793549 0.765281 0.773889 0.776190 0.598352 0.627775 0.819890 0.861158 0.812125 0.648218 0.720905 0.755305 0.803072 0.835486 0.973770 0.951460 0.703312 0.584443 0.474948 0.557309 0.610841 0.646258 0.916202 0.757877 0.791629 0.595329 0.915304 0.859465 0.584634 0.593969 0.632920 0.535972 0.687389 0.615682 0.701531 0.595525 0.870005 0.606259 0.653928 0.677026 0.810485 0.732611 0.980781 0.831256 0.865617 0.932384 0.735053 0.666359 0.994785 0.793311 0.984004 0.837341 0.895148 0.936018 0.710723 0.812924 0.848417 0.886269 0.947502 0.969612 0.717927 0.868693 0.683048 0.716894
0.661063 0.780969 0.869904 0.929574 0.781701 0.822315 0.391744 0.509253 0.610210 0.000000 0.810050 0.962450 0.984873 0.788223 0.897359 0.997098 0.963728 0.818478 0.953159 0.694671 0.824689 0.921272 0.815420 0.608456 0.522854 0.702638 0.694317 0.808932 0.716856 0.924848 0.562366 0.841389 0.716301 0.644954 0.914303 0.951967 0.755565 0.757641 0.738340 0.803670 0.909672 0.971186 0.346812 0.424618 0.411140 0.441990 0.648902 0.752634 0.480358 0.535138 0.439362 0.495247 0.412200 0.434552 0.942955 0.841576 0.748592 0.810377 0.768348 0.989787 0.486478 0.525029 0.781448 0.719308 0.775244 0.776484 0.620114 0.615409 0.582024 0.666142 0.493103 0.549643 0.725998 0.650813 0.938250 0.611397 0.616390 0.735897 0.772926 0.937932 0.800805 0.449573 0.757795 0.516690 0.662104 0.478120 0.790386 0.571862 0.848387 0.656295 0.534906 0.551450 0.680932 0.765408 0.856525 0.906617 0.780367 0.796793 0.427680 0.480155 0.646386 0.670297 0.646056 0.775654 0.722831 0.830339 0.824733 0.745434 0.787176 0.879432 0.698464 0.627529 0.484815 0.799873 0.725282 0.821119
0.482564 0.627450 0.973171 0.848724 0.949499 0.901144 0.968421 0.987822 0.669901 0.810050 0.000000 0.609453 0.677403 0.579349 0.951120 0.985750 0.591544 0.484943 0.760992 0.505775 0.790352 0.992063 0.969744 0.863580 0.924566 0.917362 0.873307 0.957962 0.849324 0.700706 0.957453 0.939412 0.784949 0.842222 0.943731 0.950702 0.972670 0.921622 0.826615 0.975528 0.845221 0.900672 0.708184 0.927718 0.829496 0.907113 0.959135 0.914235 0.969795 0.990081 0.826628 0.839668 0.738351 0.670478 0.780320 0.881040 0.612042 0.587418 0.928761 0.895803 0.976570 0.869599 0.656766 0.656339 0.958489 0.929572 0.945722 0.939864 0.539390 0.706347 0.756611 0.881042 0.908237 0.907912 0.977325 0.876020 0.970137 0.985487 0.872149 0.755897 0.594457 0.600810 0.628452 0.549042 0.707367 0.746799 0.829047 0.807919 0.908777 0.721581 0.787439 0.717981 0.834860 0.845891 0.970250 0.890767 0.932651 0.965800 0.723678 0.773909 0.944940 0.942437 0.980242 0.920760 0.936959 0.745766 0.896150 0.912176 0.864727 0.853643 0.941044 0.856771 0.852442 0.918496 0.946755 0.850654
0.473524 0.530083 0.905419 0.569088 0.891823 0.923133 0.699688 0.563410 0.771460 0.962450 0.609453 0.000000 0.476168 0.398525 0.649760 0.647286 0.498805 0.388755 0.431287 0.494051 0.775133 0.939840 0.582617 0.698596 0.935001 0.947384 0.841326 0.814625 0.677336 0.554239 0.736909 0.679981 0.537656 0.515313 0.953705 0.970952 0.849178 0.859004 0.840181 0.981766 0.980254 0.955446 0.944578 0.694511 0.949922 0.851790 0.722502 0.645987 0.852964 0.851709 0.915518 0.894315 0.913942 0.863057 0.635093 0.687351 0.523171 0.489235 0.611482 0.707318 0.639833 0.799264 0.434297 0.386532 0.921039 0.943806 0.691312 0.727921 0.604216 0.780027 0.986204 0.894601 0.949481 0.958526 0.904475 0.905567 0.770905 0.991632 0.582028 0.699510 0.549705 0.662466 0.582241 0.591089 0.638760 0.690784 0.905935 0.868184 0.765702 0.644877 0.861608 0.720392 0.911090 0.725623 0.886484 0.874892 0.958138 0.937946 0.971529 0.931748 0.943229 0.930798 0.922315 0.698060 0.679255 0.633608 0.930539 0.933538 0.995709 0.678169 0.877591 0.990970 0.880723 0.800314 0.714952 0.855966
0.591351 0.712197 0.629886 0.697350 0.826569 0.997539 0.694706 0.687964 0.974885 0.984873 0.677403 0.476168 0.000000 0.520641 0.498893 0.583053 0.782528 0.628614 0.523739 0.637969 0.784197 0.929223 0.503188 0.680960 0.812978 0.840275 0.874293 0.736955 0.763969 0.691619 0.674720 0.654254 0.604339 0.609157 0.728323 0.960044 0.954614 0.963996 0.896120 0.984420 0.825037 0.958101 0.838404 0.716545 0.890713 0.829337 0.689845 0.638172 0.866863 0.802349 0.866528 0.800660 0.996315 0.984764 0.733206 0.817768 0.707695 0.683499 0.606140 0.611574 0.520397 0.711866 0.614498 0.630548 0.680031 0.760363 0.647081 0.608439 0.732088 0.868275 0.891776 0.858922 0.966401 0.977041 0.976112 0.995302 0.800779 0.876732 0.795350 0.599866 0.740918 0.755377 0.765050 0.699332 0.589081 0.604387 0.836936 0.962010 0.682095 0.666553 0.899031 0.901488 0.914733 0.830073 0.867097 0.874939 0.730009 0.933481 0.858517 0.798520 0.977842 0.844727 0.826953 0.788827 0.758709 0.690596 0.938580 0.947690 0.913981 0.766802 0.769989 0.959622 0.831773 0.720225 0.602274 0.905279
0.470216 0.570944 0.889365 0.621632 0.963218 0.828766 0.923144 0.769007 0.594448 0.788223 0.579349 0.398525 0.520641 0.000000 0.676978 0.625605 0.512497 0.371222 0.476470 0.447688 0.791060 0.985646 0.673217 0.559089 0.792642 0.851081 0.875409 0.811011 0.750009 0.455122 0.888859 0.754479 0.598036 0.630173 0.897143 0.900973 0.797055 0.783452 0.711550 0.907327 0.944387 0.962066 0.860263 0.892106 0.922318 0.999182 0.867391 0.752113 0.986430 0.973114 0.943627 0.981594 0.756619 0.783207 0.711698 0.733017 0.534773 0.514814 0.754864 0.798711 0.796749 0.868357 0.556050 0.533414 0.844894 0.802462 0.821415 0.855179 0.597557 0.683706 0.846286 0.868619 0.957753 0.919588 0.983203 0.908912 0.946773 0.968578 0.757024 0.675775 0.516451 0.555278 0.463408 0.428100 0.590110 0.479523 0.763919 0.710566 0.609748 0.563887 0.659856 0.567858 0.736294 0.599490 0.912404 0.894948 0.976242 0.979509 0.825060 0.875256 0.859857 0.849734 0.884163 0.754244 0.863663 0.802007 0.872977 0.935316 0.981324 0.863756 0.975307 0.957515 0.907394 0.879657 0.881717 0.845437
0.833605 0.852146 0.652757 0.742472 0.874332 0.853913 0.784350 0.804418 0.766210 0.897359 0.951120 0.649760 0.498893 0.676978 0.000000 0.434296 0.902489 0.839105 0.598677 0.753972 0.772760 0.949543 0.418055 0.693404 0.851897 0.919714 0.907663 0.871264 0.603579 0.558262 0.479337 0.565624 0.592024 0.624465 0.698903 0.901756 0.793720 0.975736 0.918551 0.867907 0.903692 0.904499 0.705873 0.630306 0.836145 0.806000 0.645783 0.583319 0.856675 0.859116 0.848178 0.761836 0.978561 0.981813 0.788688 0.833840 0.901578 0.902513 0.848605 0.884360 0.609251 0.675145 0.779638 0.764594 0.656632 0.754322 0.798329 0.728508 0.915065 0.922443 0.723656 0.761055 0.760551 0.872511 0.959123 0.919610 0.720147 0.672485 0.795122 0.709383 0.823636 0.922995 0.783295 0.879634 0.691105 0.754197 0.977196 0.974134 0.829119 0.892482 0.869218 0.830892 0.703759 0.729652 0.863299 0.956620 0.948490 0.926159 0.884814 0.806436 0.833553 0.949413 0.944302 0.879799 0.881878 0.601012 0.965571 0.921628 0.840919 0.844390 0.920629 0.942681 0.926434 0.779794 0.511575 0.863647
0.879301 0.815577 0.545107 0.542245 0.888216 0.841006 0.937449 0.734186 0.878664 0.997098 0.985750 0.647286 0.583053 0.625605 0.434296 0.000000 0.971787 0.913356 0.751556 0.777090 0.761082 0.997280 0.516605 0.550810 0.623490 0.759896 0.847187 0.919915 0.825217 0.681817 0.568385 0.600586 0.836846 0.764116 0.843345 0.979582 0.647025 0.750675 0.679184 0.838244 0.755290 0.937826 0.900885 0.842303 0.886933 0.938839 0.887226 0.886169 0.841589 0.860046 0.887918 0.975160 0.832778 0.847066 0.969541 0.904342 0.889683 0.897628 0.969727 0.962629 0.759259 0.617579 0.973851 0.933008 0.508312 0.515589 0.994600 0.870241 0.885491 0.911757 0.743441 0.845480 0.709633 0.897445 0.989650 0.964831 0.868375 0.762059 0.926327 0.769340 0.987271 0.952651 0.754945 0.892001 0.869365 0.665086 0.944944 0.866720 0.782502 0.850261 0.645529 0.587891 0.593210 0.576878 0.961937 0.896425 0.931191 0.952158 0.844054 0.980629 0.656422 0.922820 0.766162 0.897175 0.996522 0.802113 0.948986 0.882751 0.852265 0.911922 0.911068 0.796085 0.955543 0.947419 0.662360 0.961217
0.476790 0.525783 0.821582 0.865356 0.925772 0.788772 0.857043 0.827158 0.542833 0.963728 0.591544 0.498805 0.782528 0.512497 0.902489 0.971787 0.000000 0.305930 0.570745 0.486449 0.882216 0.924565 0.921732 0.940074 0.843306 0.837801 0.972477 0.857790 0.588134 0.450978 0.935510 0.908495 0.502513 0.560632 0.933504 0.938225 0.915187 0.918516 0.917927 0.932767 0.884643 0.883709 0.939828 0.722234 0.876715 0.751109 0.719942 0.587862 0.708323 0.687138 0.781240 0.759704 0.975206 0.978589 0.666945 0.587283 0.455808 0.432455 0.626927 0.811002 0.835536 0.871157 0.376584 0.366498 0.762339 0.682488 0.702135 0.836252 0.627934 0.673555 0.831375 0.857129 0.806451 0.818102 0.870767 0.994840 0.880089 0.827982 0.562212 0.725112 0.354624 0.631688 0.540008 0.585167 0.670840 0.774998 0.880269 0.736620 0.927391 0.694712 0.880157 0.787806 0.912038 0.742536 0.892571 0.742452 0.963188 0.959359 0.976076 0.971013 0.908758 0.865204 0.870431 0.644069 0.862633 0.808238 0.945767 0.908970 0.981505 0.784370 0.985864 0.828312 0.964780 0.912580 0.959359 0.866459
0.347368 0.458530 0.891075 0.768112 0.970924 0.790830 0.908330 0.832158 0.532077 0.818478 0.484943 0.388755 0.628614 0.371222 0.839105 0.913356 0.305930 0.000000 0.465280 0.391899 0.876466 0.953498 0.842445 0.753237 0.972085 0.974051 0.926983 0.929902 0.659925 0.504390 0.960784 0.887700 0.528264 0.560331 0.979421 0.961968 0.927592 0.875029 0.797922 0.927661 0.920010 0.853174 0.840299 0.840722 0.988924 0.881001 0.816292 0.666598 0.830805 0.821080 0.951526 0.931252 0.870727 0.809603 0.672468 0.606919 0.396455 0.373485 0.609556 0.733820 0.848415 0.895946 0.387108 0.390312 0.937320 0.877565 0.751949 0.825643 0.502076 0.604130 0.770340 0.817467 0.824517 0.794204 0.884909 0.917860 0.982355 0.820394 0.572866 0.645205 0.315737 0.451280 0.500609 0.396183 0.533850 0.612332 0.771538 0.628672 0.842970 0.570253 0.795170 0.666783 0.850848 0.675064 0.867397 0.841550 0.953525 0.928550 0.922128 0.897990 0.998691 0.838081 0.941721 0.686024 0.830741 0.736249 0.851445 0.975517 0.859932 0.782221 0.981494 0.954339 0.955739 0.816171 0.982394 0.864278
0.564228 0.614149 0.927754 0.738447 0.887316 0.795732 0.689372 0.694318 0.828873 0.953159 0.760992 0.431287 0.523739 0.476470 0.598677 0.751556 0.570745 0.465280 0.000000 0.511541 0.853839 0.975398 0.447682 0.708903 0.971554 0.913624 0.925469 0.728151 0.597826 0.559185 0.659387 0.671100 0.406228 0.478079 0.870081 0.935888 0.908543 0.901710 0.888023 0.897361 0.910288 0.974353 0.742127 0.582836 0.735236 0.629702 0.525322 0.449804 0.655758 0.638811 0.720175 0.669888 0.946138 0.976354 0.705564 0.603735 0.608945 0.587139 0.499413 0.612148 0.565302 0.847355 0.425116 0.442146 0.872329 0.991691 0.539177 0.530341 0.748309 0.869875 0.976841 0.977809 0.863753 0.919003 0.894096 0.984364 0.842068 0.936040 0.628371 0.724218 0.555362 0.698152 0.560270 0.598818 0.476338 0.625494 0.752442 0.762786 0.777561 0.596070 0.943463 0.869184 0.927279 0.736324 0.719334 0.795777 0.938804 0.911067 0.800656 0.763657 0.970907 0.970935 0.855710 0.670608 0.746244 0.598306 0.952139 0.974230 0.918021 0.761776 0.830522 0.819671 0.818340 0.724867 0.770588 0.986994
0.379592 0.444429 0.856348 0.744561 0.873353 0.881128 0.932566 0.983798 0.647789 0.694671 0.505775 0.494051 0.637969 0.447688 0.753972 0.777090 0.486449 0.391899 0.511541 0.000000 0.785300 0.914815 0.745264 0.579518 0.779228 0.825780 0.704066 0.891257 0.727469 0.582697 0.904018 0.831124 0.658484 0.716229 0.963702 0.970248 0.790126 0.758824 0.691240 0.865901 0.926588 0.846588 0.785104 0.982179 0.850441 0.973236 0.844546 0.734599 0.997484 0.956601 0.874057 0.932762 0.685889 0.598641 0.717998 0.801162 0.440152 0.442668 0.783712 0.738871 0.978029 0.928740 0.644918 0.630803 0.781948 0.930809 0.912207 0.913608 0.430080 0.546325 0.745640 0.726742 0.919595 0.834798 0.858324 0.777592 0.938075 0.848148 0.790984 0.675037 0.442268 0.425736 0.508280 0.382437 0.471115 0.481382 0.897930 0.672633 0.817381 0.524135 0.628244 0.561824 0.684091 0.574035 0.878065 0.865455 0.928189 0.920240 0.754264 0.779638 0.753123 0.728293 0.888891 0.896704 0.977529 0.784762 0.844878 0.862092 0.955981 0.823308 0.989215 0.860114 0.857213 0.935690 0.959069 0.851908
0.710139 0.822472 0.751049 0.669301 0.922774 0.916751 0.874192 0.980484 0.987890 0.824689 0.790352 0.775133 0.784197 0.791060 0.772760 0.761082 0.882216 0.876466 0.853839 0.785300 0.000000 0.952916 0.792484 0.735185 0.666474 0.790087 0.880599 0.939612 0.937791 0.923362 0.911673 0.689252 0.862936 0.901915 0.948856 0.824650 0.812601 0.809530 0.780407 0.819235 0.905604 0.790884 0.852033 0.957187 0.832946 0.879625 0.968916 0.913379 0.862348 0.908655 0.843772 0.889282 0.778826 0.728737 0.946435 0.884274 0.716982 0.786106 0.970812 0.899206 0.960916 0.998940 0.924613 0.921212 0.721418 0.838234 0.941718 0.836231 0.684383 0.897784 0.873723 0.911035 0.883277 0.913165 0.904740 0.878742 0.925643 0.798654 0.950633 0.905958 0.912449 0.855699 0.742642 0.860710 0.821440 0.706331 0.885010 0.993908 0.853803 0.822817 0.764134 0.657478 0.787635 0.764483 0.955295 0.914606 0.975932 0.900396 0.890168 0.905841 0.756496 0.750511 0.874632 0.984848 0.985377 0.868272 0.971565 0.850202 0.947558 0.878184 0.876578 0.701405 0.850039 0.795992 0.740005 0.887585
0.949582 0.945003 0.977606 0.837823 0.954181 0.847711 0.916030 0.831927 0.833987 0.921272 0.992063 0.939840 0.929223 0.985646 0.949543 0.997280 0.924565 0.953498 0.975398 0.914815 0.952916 0.000000 0.918176 0.925493 0.956296 0.958928 0.981401 0.923798 0.811844 0.948925 0.953504 0.991034 0.977692 0.906014 0.851479 0.839194 0.959070 0.987679 0.934328 0.855718 0.872133 0.943114 0.953465 0.947894 0.959141 0.992358 0.876993 0.923234 0.994661 0.956698 0.953551 0.960606 0.912989 0.877497 0.996024 0.951645 0.955809 0.929302 0.990131 0.996710 0.922911 0.920979 0.975101 0.974850 0.979210 0.985361 0.969002 0.974011 0.935989 0.922977 0.994867 0.936410 0.995366 0.913521 0.985920 0.994263 0.977557 0.870394 0.954683 0.939195 0.923923 0.963327 0.907616 0.987732 0.975736 0.944224 0.937744 0.885517 0.975827 0.947211 0.894510 0.993143 0.900692 0.925596 0.982010 0.932470 0.946061 0.868719 0.995624 0.828954 0.981175 0.900378 0.920067 0.936803 0.979011 0.938955 0.936544 0.903916 0.996974 0.925890 0.968054 0.923112 0.879754 0.912114 0.990211 0.938628
0.865845 0.919456 0.732779 0.769717 0.712646 0.998534 0.657811 0.706691 0.844790 0.815420 0.969744 0.582617 0.503188 0.673217 0.418055 0.516605 0.921732 0.842445 0.447682 0.745264 0.792484 0.918176 0.000000 0.640974 0.894339 0.993239 0.938538 0.730773 0.613987 0.653852 0.438355 0.462453 0.573421 0.615605 0.826963 0.996334 0.902870 0.944791 0.936140 0.950083 0.842875 0.929543 0.628977 0.558472 0.727158 0.657168 0.502228 0.545229 0.742230 0.758329 0.791034 0.720892 0.933196 0.922587 0.771572 0.789580 0.981750 0.954105 0.731011 0.805259 0.536205 0.631106 0.734090 0.715459 0.626816 0.763200 0.611418 0.542650 0.948489 0.908729 0.707937 0.800176 0.747752 0.828848 0.954805 0.898822 0.708185 0.794844 0.846589 0.794659 0.928480 0.976731 0.694614 0.889382 0.575821 0.686715 0.961391 0.889986 0.830484 0.711130 0.923857 0.898324 0.829365 0.784275 0.755281 0.978037 0.925286 0.944697 0.777703 0.665111 0.999490 0.872704 0.878270 0.847882 0.792106 0.595346 0.926252 0.956187 0.885799 0.829906 0.840792 0.932049 0.766939 0.839806 0.506703 0.887862
0.609256 0.669076 0.652886 0.520668 0.986200 0.934299 0.780605 0.981032 0.739068 0.608456 0.863580 0.698596 0.680960 0.559089 0.693404 0.550810 0.940074 0.753237 0.708903 0.579518 0.735185 0.925493 0.640974 0.000000 0.403870 0.570684 0.630142 0.979154 0.951113 0.883365 0.930248 0.689089 0.931224 0.970031 0.854282 0.946407 0.725459 0.736062 0.582481 0.763458 0.894653 0.856371 0.728432 0.871212 0.655987 0.746437 0.997439 0.959114 0.701207 0.769349 0.670182 0.774864 0.562831 0.545671 0.938513 0.989515 0.682283 0.717683 0.958384 0.785922 0.895957 0.952114 0.954320 0.979023 0.483124 0.536852 0.962504 0.989239 0.594799 0.672920 0.825809 0.768324 0.864456 0.862585 0.989160 0.768289 0.998890 0.938973 0.972472 0.870760 0.891854 0.668940 0.664466 0.605235 0.602555 0.321758 0.902863 0.738122 0.704602 0.464250 0.483598 0.458560 0.593162 0.571356 0.950705 0.891098 0.888210 0.989904 0.681683 0.774309 0.571348 0.678524 0.726855 0.941278 0.956660 0.875344 0.769279 0.694948 0.954879 0.867684 0.966633 0.637827 0.781581 0.968183 0.888904 0.844211
0.738684 0.746316 0.497851 0.515594 0.894863 0.956719 0.605717 0.868811 0.951693 0.522854 0.924566 0.935001 0.812978 0.792642 0.851897 0.623490 0.843306 0.972085 0.971554 0.779228 0.666474 0.956296 0.894339 0.403870 0.000000 0.342593 0.579777 0.829489 0.668541 0.854634 0.969005 0.771330 0.805212 0.783798 0.945102 0.826413 0.668370 0.701759 0.559558 0.763501 0.895289 0.847904 0.574364 0.646353 0.411882 0.484600 0.797516 0.804798 0.431573 0.528144 0.458966 0.566692 0.424550 0.422113 0.875752 0.715602 0.773988 0.820271 0.798779 0.878407 0.672512 0.959936 0.627401 0.681742 0.408458 0.510050 0.675351 0.715721 0.584858 0.765476 0.831995 0.782578 0.870238 0.841540 0.915826 0.716606 0.978745 0.982488 0.742408 0.983296 0.884429 0.791115 0.875701 0.744504 0.860704 0.450442 0.951016 0.947396 0.781982 0.649904 0.430405 0.490238 0.583849 0.690806 0.924001 0.766618 0.960672 0.816547 0.536417 0.636326 0.484783 0.665519 0.627095 0.710541 0.801725 0.985156 0.940757 0.708349 0.984469 0.973926 0.868521 0.468518 0.724066 0.866094 0.967977 0.958721
0.770779 0.714594 0.525774 0.519265 0.861858 0.851871 0.796959 0.987388 0.951824 0.702638 0.917362 0.947384 0.840275 0.851081 0.919714 0.759896 0.837801 0.974051 0.913624 0.825780 0.790087 0.958928 0.993239 0.570684 0.342593 0.000000 0.681362 0.858304 0.727905 0.835193 0.960789 0.904083 0.844806 0.863503 0.932669 0.800522 0.723366 0.697528 0.598634 0.969810 0.980763 0.692254 0.720507 0.713407 0.515699 0.544637 0.799000 0.766881 0.547767 0.644667 0.565962 0.650684 0.574121 0.557963 0.899324 0.785358 0.814636 0.786028 0.824196 0.857068 0.767777 0.911298 0.676870 0.754458 0.497253 0.581537 0.716002 0.722171 0.594431 0.721679 0.952577 0.904013 0.925387 0.919369 0.913133 0.827412 0.916403 0.994075 0.850603 0.911414 0.925215 0.848462 0.985068 0.793238 0.958501 0.628829 0.923978 0.964718 0.757640 0.726056 0.634647 0.715494 0.813566 0.900112 0.991811 0.831730 0.863570 0.857792 0.755372 0.697798 0.598501 0.818427 0.706362 0.794960 0.984603 0.971134 0.979513 0.916046 0.954295 0.982142 0.999418 0.654921 0.929137 0.942495 0.979017 0.989347
0.798445 0.817688 0.764291 0.710718 0.928245 0.882713 0.806961 0.975253 0.858581 0.694317 0.873307 0.841326 0.874293 0.875409 0.907663 0.847187 0.972477 0.926983 0.925469 0.704066 0.880599 0.981401 0.938538 0.630142 0.579777 0.681362 0.000000 0.732018 0.905831 0.983588 0.995363 0.968718 0.888650 0.933359 0.982742 0.997792 0.665180 0.773874 0.777073 0.790261 0.961501 0.965805 0.744120 0.880171 0.691377 0.754328 0.949631 0.986999 0.758434 0.816636 0.707297 0.803342 0.674996 0.665282 0.959503 0.920877 0.811456 0.821160 0.929529 0.864690 0.856713 0.956928 0.886942 0.961987 0.740529 0.761432 0.872941 0.874725 0.764053 0.758574 0.861617 0.894150 0.887358 0.951794 0.865374 0.810297 0.977875 0.989851 0.862512 0.917704 0.931587 0.841426 0.854062 0.727616 0.881234 0.625699 0.914853 0.883891 0.836441 0.667187 0.687211 0.756702 0.729635 0.881212 0.921708 0.905905 0.999793 0.995638 0.740727 0.804234 0.769619 0.797501 0.930325 0.923601 0.968069 0.936536 0.855003 0.820830 0.886592 0.891153 0.926052 0.726289 0.912637 0.862341 0.991842 0.995044
0.915156 0.907930 0.921667 0.995562 0.969371 0.711213 0.711271 0.809197 0.991196 0.808932 0.957962 0.814625 0.736955 0.811011 0.871264 0.919915 0.857790 0.929902 0.728151 0.891257 0.939612 0.923798 0.730773 0.979154 0.829489 0.858304 0.732018 0.000000 0.870999 0.869682 0.804577 0.865958 0.683808 0.755075 0.848963 0.991421 0.862381 0.740125 0.904934 0.707254 0.925183 0.791621 0.758674 0.775136 0.734117 0.687171 0.668773 0.743745 0.695944 0.645492 0.680172 0.660655 0.830984 0.810496 0.784550 0.775013 0.918299 0.934359 0.643008 0.740179 0.634854 0.862618 0.706814 0.793693 0.983681 0.921566 0.631946 0.700273 0.972732 0.879110 0.989464 0.993775 0.936170 0.895705 0.896970 0.870880 0.788265 0.993285 0.891006 0.763802 0.862354 0.999549 0.869331 0.938390 0.829414 0.990262 0.874258 0.928808 0.986776 0.969235 0.873601 0.852446 0.804501 0.954382 0.956731 0.976303 0.865679 0.948400 0.737267 0.764090 0.920103 0.872269 0.995309 0.910524 0.910353 0.981798 0.936388 0.982278 0.888366 0.969007 0.911725 0.806624 0.790266 0.996334 0.941312 0.904415
0.899352 0.892929 0.927267 0.927274 0.824273 0.967870 0.650878 0.814249 0.997785 0.716856 0.849324 0.677336 0.763969 0.750009 0.603579 0.825217 0.588134 0.659925 0.597826 0.727469 0.937791 0.811844 0.613987 0.951113 0.668541 0.727905 0.905831 0.870999 0.000000 0.359516 0.645483 0.729747 0.493656 0.415154 0.911908 0.929643 0.985208 0.929833 0.933282 0.996755 0.999207 0.991233 0.625520 0.474309 0.550221 0.506966 0.563519 0.475919 0.505852 0.548262 0.542654 0.557921 0.682511 0.687441 0.708378 0.679231 0.902946 0.891129 0.779113 0.974090 0.599774 0.770299 0.537711 0.517621 0.887632 0.830912 0.669602 0.654622 0.996384 0.958085 0.726042 0.861513 0.758066 0.740037 0.851777 0.884210 0.775240 0.780456 0.647021 0.763434 0.643231 0.992241 0.653874 0.970271 0.817102 0.963382 0.946392 0.934004 0.915594 0.985724 0.917968 0.964034 0.901396 0.857430 0.772717 0.785445 0.967214 0.942027 0.736103 0.742266 0.817325 0.861890 0.736357 0.777449 0.774492 0.591138 0.918759 0.895093 0.872646 0.827597 0.952137 0.663358 0.746478 0.714801 0.782361 0.919073
0.740476 0.783471 0.997824 0.880304 0.919319 0.997764 0.769787 0.828125 0.803540 0.924848 0.700706 0.554239 0.691619 0.455122 0.558262 0.681817 0.450978 0.504390 0.559185 0.582697 0.923362 0.948925 0.653852 0.883365 0.854634 0.835193 0.983588 0.869682 0.359516 0.000000 0.701975 0.731837 0.487093 0.469751 0.918702 0.859851 0.791821 0.850136 0.950938 0.884401 0.982843 0.971569 0.873144 0.615818 0.792319 0.715394 0.685030 0.577844 0.720336 0.735427 0.763134 0.731987 0.943541 0.890918 0.637226 0.637940 0.772659 0.744766 0.831938 0.956043 0.683297 0.808451 0.532293 0.480186 0.910504 0.938789 0.772056 0.786875 0.830562 0.911925 0.918608 0.953923 0.800474 0.799234 0.895895 0.885215 0.800714 0.857017 0.638610 0.690442 0.541170 0.845569 0.566411 0.705898 0.791070 0.846761 0.895240 0.828524 0.861066 0.863210 0.849493 0.803444 0.757050 0.696214 0.856676 0.824674 0.971061 0.938241 0.978887 0.932892 0.947946 0.982844 0.935457 0.800031 0.820452 0.636561 0.978495 0.967804 0.940444 0.855305 0.921924 0.784934 0.935336 0.874571 0.832548 0.934710
0.945607 0.945105 0.720901 0.780373 0.770693 0.826238 0.589693 0.620940 0.665920 0.562366 0.957453 0.736909 0.674720 0.888859 0.479337 0.568385 0.935510 0.960784 0.659387 0.904018 0.911673 0.953504 0.438355 0.930248 0.969005 0.960789 0.995363 0.804577 0.645483 0.701975 0.000000 0.542011 0.542401 0.552028 0.817340 0.970692 0.890614 0.941178 0.974039 0.951124 0.829647 0.965711 0.497657 0.469793 0.693947 0.627559 0.520892 0.543228 0.719008 0.723341 0.656403 0.625725 0.763850 0.771349 0.818850 0.829669 0.953007 0.997846 0.792868 0.870842 0.530357 0.519942 0.813690 0.747217 0.757397 0.871514 0.683645 0.581741 0.894436 0.858886 0.591715 0.663916 0.724982 0.767620 0.991388 0.768390 0.582877 0.651633 0.726275 0.873836 0.982028 0.763306 0.912534 0.870705 0.919254 0.976111 0.807685 0.799281 0.898089 0.987171 0.986728 0.920714 0.932329 0.915232 0.767351 0.891440 0.789842 0.971181 0.678988 0.608797 0.956815 0.836268 0.823732 0.937613 0.856686 0.674308 0.807567 0.869279 0.765667 0.912469 0.762605 0.824302 0.682518 0.843421 0.554695 0.768236
0.856990 0.907452 0.707814 0.727342 0.935839 0.943203 0.885973 0.863508 0.923635 0.841389 0.939412 0.679981 0.654254 0.754479 0.565624 0.600586 0.908495 0.887700 0.671100 0.831124 0.689252 0.991034 0.462453 0.689089 0.771330 0.904083 0.968718 0.865958 0.729747 0.731837 0.542011 0.000000 0.605912 0.734772 0.955443 0.864527 0.946759 0.930890 0.929960 0.916162 0.887197 0.908406 0.832309 0.693137 0.888840 0.801376 0.560014 0.678064 0.845262 0.895680 0.876257 0.823426 0.942529 0.940783 0.848791 0.874666 0.851172 0.893098 0.821211 0.849768 0.772422 0.767595 0.823747 0.812316 0.755877 0.901019 0.855429 0.813093 0.825192 0.987516 0.896782 0.832120 0.914680 0.907493 0.924972 0.981693 0.758207 0.825302 0.849483 0.839120 0.917821 0.971078 0.737519 0.923284 0.811303 0.792065 0.808228 0.914493 0.945790 0.798399 0.783007 0.750803 0.713707 0.721058 0.901564 0.944579 0.886929 0.926012 0.933746 0.924952 0.894269 0.951597 0.958193 0.908192 0.966146 0.693549 0.831574 0.936523 0.946840 0.901555 0.964443 0.923321 0.825665 0.877266 0.660505 0.962388
0.637577 0.694067 0.974759 0.822221 0.911023 0.915949 0.578480 0.642104 0.967276 0.716301 0.784949 0.537656 0.604339 0.598036 0.592024 0.836846 0.502513 0.528264 0.406228 0.658484 0.862936 0.977692 0.573421 0.931224 0.805212 0.844806 0.888650 0.683808 0.493656 0.487093 0.542401 0.605912 0.000000 0.373339 0.795217 0.978305 0.930175 0.916443 0.979748 0.965659 0.918002 0.899168 0.669567 0.447498 0.586394 0.492641 0.477778 0.412098 0.508518 0.498548 0.513546 0.492973 0.726786 0.756811 0.679168 0.554491 0.641073 0.628116 0.503681 0.706176 0.476418 0.778746 0.367222 0.393410 0.968285 0.837390 0.486953 0.567968 0.828701 0.934783 0.871312 0.872135 0.987329 0.969331 0.904224 0.947376 0.728187 0.890596 0.527737 0.684018 0.562230 0.877160 0.631233 0.750915 0.691499 0.863564 0.952502 0.911667 0.887302 0.777158 0.956000 0.973451 0.988454 0.827764 0.770970 0.833372 0.857554 0.888553 0.637610 0.680476 0.884021 0.983547 0.751851 0.628658 0.765871 0.637570 0.962764 0.866811 0.977341 0.830891 0.788490 0.753886 0.732418 0.634632 0.702273 0.891635
0.729413 0.668755 0.949857 0.810586 0.828059 0.976747 0.480706 0.524669 0.970397 0.644954 0.842222 0.515313 0.609157 0.630173 0.624465 0.764116 0.560632 0.560331 0.478079 0.716229 0.901915 0.906014 0.615605 0.970031 0.783798 0.863503 0.933359 0.755075 0.415154 0.469751 0.552028 0.734772 0.373339 0.000000 0.869178 0.818342 0.950604 0.982931 0.919733 0.937605 0.841327 0.898071 0.568309 0.367056 0.551792 0.482073 0.487941 0.383874 0.504077 0.510734 0.500296 0.478566 0.655988 0.689318 0.634669 0.550898 0.732503 0.691468 0.495277 0.723722 0.411454 0.615911 0.426519 0.397446 0.988659 0.946036 0.476712 0.488911 0.944489 0.921884 0.791853 0.830586 0.937034 0.875284 0.915555 0.874602 0.634119 0.770874 0.504322 0.667215 0.651190 0.979404 0.694203 0.868264 0.839697 0.923058 0.953380 0.960360 0.832052 0.844154 0.921266 0.937825 0.958641 0.848619 0.741366 0.752719 0.831256 0.819087 0.612981 0.595358 0.861548 0.862877 0.720687 0.690092 0.756277 0.601103 0.826295 0.898081 0.916706 0.754723 0.802804 0.715737 0.709758 0.638802 0.634397 0.870564
0.926888 0.898570 0.758118 0.852187 0.972494 0.943675 0.805228 0.839123 0.804500 0.914303 0.943731 0.953705 0.728323 0.897143 0.698903 0.843345 0.933504 0.979421 0.870081 0.963702 0.948856 0.851479 0.826963 0.854282 0.945102 0.932669 0.982742 0.848963 0.911908 0.918702 0.817340 0.955443 0.795217 0.869178 0.000000 0.954686 0.900848 0.789609 0.980250 0.807381 0.721211 0.998745 0.809364 0.848181 0.827650 0.835887 0.829718 0.794602 0.892378 0.778303 0.783655 0.763760 0.832625 0.872255 0.874500 0.818484 0.928760 0.932799 0.823221 0.776644 0.705195 0.738131 0.915445 0.967490 0.801713 0.879846 0.779361 0.786458 0.937815 0.928856 0.818886 0.973963 0.932043 0.943542 0.917544 0.868893 0.651922 0.929242 0.944916 0.880172 0.988816 0.966722 0.968957 0.998084 0.871547 0.885356 0.855249 0.924179 0.907688 0.863021 0.974340 0.957806 0.987332 0.855713 0.940192 0.897331 0.881727 0.961303 0.842829 0.815426 0.816034 0.980176 0.950777 0.930040 0.953030 0.994088 0.948151 0.907497 0.998946 0.986103 0.896467 0.888667 0.769489 0.858564 0.790667 0.967656
0.912912 0.945774 0.812294 0.883746 0.751785 0.947110 0.866670 0.921459 0.818178 0.951967 0.950702 0.970952 0.960044 0.900973 0.901756 0.979582 0.938225 0.961968 0.935888 0.970248 0.824650 0.839194 0.996334 0.946407 0.826413 0.800522 0.997792 0.991421 0.929643 0.859851 0.970692 0.864527 0.978305 0.818342 0.954686 0.000000 0.951160 0.975015 0.949531 0.926179 0.730593 0.918501 0.925400 0.893065 0.791252 0.844581 0.924331 0.815764 0.874676 0.848749 0.798726 0.839536 0.764692 0.735541 0.875858 0.807332 0.867244 0.940867 0.850021 0.974949 0.843112 0.928329 0.860244 0.891673 0.849355 0.985165 0.795011 0.732163 0.783796 0.977443 0.979177 0.983771 0.979885 0.957743 0.859094 0.969032 0.987658 0.960279 0.972944 0.966697 0.964916 0.882021 0.944641 0.971303 0.997642 0.950864 0.838557 0.866543 0.980587 0.882854 0.875346 0.846420 0.855945 0.981863 0.982361 0.846015 0.937663 0.753157 0.876338 0.766136 0.807439 0.916236 0.846775 0.777729 0.955358 0.948846 0.938702 0.958389 0.934282 0.949548 0.880631 0.736242 0.998094 0.983530 0.978401 0.884975
0.888712 0.823828 0.647898 0.580897 0.945876 0.878883 0.883109 0.938963 0.993412 0.755565 0.972670 0.849178 0.954614 0.797055 0.793720 0.647025 0.915187 0.927592 0.908543 0.790126 0.812601 0.959070 0.902870 0.725459 0.668370 0.723366 0.665180 0.862381 0.985208 0.791821 0.890614 0.946759 0.930175 0.950604 0.900848 0.951160 0.000000 0.687000 0.668191 0.786259 0.984328 0.926787 0.841948 0.921424 0.683831 0.729023 0.882454 0.973502 0.687138 0.730759 0.712344 0.803212 0.705697 0.745064 0.916110 0.927722 0.867197 0.861357 0.792994 0.856846 0.875162 0.949424 0.829291 0.948762 0.671067 0.681139 0.757821 0.850371 0.779559 0.860360 0.890631 0.922334 0.879024 0.989263 0.923324 0.965329 0.966425 0.960675 0.954928 0.997280 0.974197 0.929963 0.859346 0.870827 0.968889 0.733688 0.961486 0.980111 0.807900 0.881019 0.712335 0.695211 0.673234 0.763092 0.965374 0.847713 0.862893 0.998016 0.727407 0.863879 0.705576 0.805558 0.794759 0.935591 0.886168 0.870973 0.910677 0.952218 0.829722 0.906159 0.727660 0.841050 0.846622 0.967374 0.903696 0.958149
0.894608 0.859351 0.832791 0.724565 0.909465 0.903359 0.817419 0.968876 0.922931 0.757641 0.921622 0.859004 0.963996 0.783452 0.975736 0.750675 0.918516 0.875029 0.901710 0.758824 0.809530 0.987679 0.944791 0.736062 0.701759 0.697528 0.773874 0.740125 0.929833 0.850136 0.941178 0.930890 0.916443 0.982931 0.789609 0.975015 0.687000 0.000000 0.735468 0.925147 0.874279 0.681625 0.736012 0.816321 0.662227 0.651847 0.725423 0.735841 0.681145 0.643438 0.677281 0.636630 0.701683 0.716754 0.862269 0.772827 0.836864 0.853612 0.679226 0.788786 0.771157 0.921662 0.871355 0.980041 0.784888 0.714352 0.660514 0.697054 0.669088 0.699368 0.949543 0.885481 0.838098 0.890564 0.905880 0.818184 0.920558 0.848500 0.920005 0.996374 0.955315 0.791656 0.774317 0.823881 0.956511 0.811434 0.804662 0.964297 0.774083 0.877736 0.724587 0.631587 0.728488 0.787896 0.955242 0.967468 0.845511 0.996259 0.690346 0.694833 0.767594 0.761548 0.703738 0.907302 0.922460 0.980383 0.988573 0.880660 0.865555 0.996568 0.786014 0.674298 0.764628 0.950340 0.893151 0.824424
