0.000000 0.160728 0.678844 0.630719 0.678843 0.758155 0.875356 0.258516 0.844944 0.381616 0.230681 0.177220 0.311101 0.229560 0.571786 0.545979 0.222063 0.202642 0.255537 0.234316 0.932743 0.842564 0.841264 0.911053 0.577782 0.727067 0.964538 0.973715 0.239126 0.230527 0.738507 0.739044 0.509081 0.355994 0.635214 0.556311 0.972087 0.898419 0.918481 0.884205 0.652712 0.690600 0.727173 0.445852 0.713486 0.332235 0.502742 0.408525 0.174010 0.200398 0.245710 0.252256 0.323157 0.442930 0.560854 0.420838 0.238362 0.204853 0.287695 0.235560 0.485952 0.198003 0.240471 0.181440 0.433895 0.693863 0.781978 0.863468 0.462002 0.373078 0.708650 0.789882 0.414869 0.401325 0.742304 0.756305 0.385686 0.515891 0.468821 0.325751 0.226304 0.253585 0.406797 0.531040 0.770157 0.807076 0.675862 0.996673 0.987513 0.574175 0.949908 0.648367 0.619351 0.446521 0.995531 0.750977 0.788436 0.697940 0.539758 0.602290 0.642090 0.844762 0.419706 0.458104 0.670430 0.800734 0.951829 0.993677 0.769762 0.962827 0.954754 0.787451 0.463654 0.817298 0.807655 0.671422
0.160728 0.000000 0.606872 0.683923 0.657108 0.781530 0.981070 0.276687 0.782293 0.394373 0.269400 0.188563 0.402008 0.253211 0.616459 0.569826 0.227559 0.215424 0.256723 0.204520 0.944254 0.809809 0.860375 0.932030 0.605283 0.715060 0.994508 0.966916 0.240053 0.257591 0.755256 0.746463 0.548532 0.387880 0.638625 0.578380 0.958181 0.883538 0.975731 0.881839 0.660464 0.720264 0.810047 0.497447 0.777720 0.389817 0.548995 0.475652 0.177826 0.205360 0.269000 0.281690 0.360722 0.483323 0.575016 0.446768 0.210751 0.167856 0.379164 0.273726 0.605445 0.212438 0.298012 0.210756 0.355118 0.640013 0.688520 0.794057 0.450145 0.356672 0.756497 0.803307 0.379859 0.419322 0.698359 0.785591 0.399521 0.524951 0.506118 0.299370 0.224227 0.243872 0.477054 0.546097 0.769403 0.777857 0.693250 0.946426 0.934602 0.619696 0.986465 0.613065 0.591220 0.444509 0.962186 0.749032 0.833650 0.627122 0.601303 0.656042 0.677077 0.896303 0.458789 0.517910 0.704695 0.872997 0.954623 0.959778 0.769741 0.944555 0.927679 0.835211 0.520379 0.833040 0.903386 0.676038
0.678844 0.606872 0.000000 0.727451 0.740527 0.938880 0.449750 0.921795 0.630381 0.930696 0.747318 0.558657 0.866294 0.542616 0.912494 0.705418 0.728973 0.732771 0.628495 0.570404 0.933066 0.917125 0.760266 0.857641 0.596626 0.383103 0.806215 0.967670 0.736762 0.708184 0.754256 0.846682 0.824339 0.865510 0.397078 0.595892 0.817403 0.984338 0.817784 0.968467 0.951263 0.995856 0.702579 0.964130 0.672098 0.988033 0.995630 0.956366 0.728514 0.618401 0.782746 0.737867 0.812654 0.893279 0.870154 0.839077 0.656896 0.565845 0.857255 0.655959 0.789511 0.726938 0.769535 0.680040 0.296971 0.518756 0.431427 0.461530 0.582368 0.569906 0.803996 0.935855 0.759562 0.869552 0.992573 0.959333 0.805588 0.930502 0.865899 0.773848 0.758273 0.683229 0.794623 0.867910 0.876732 0.884675 0.726959 0.777954 0.721041 0.886087 0.606845 0.522662 0.343612 0.505159 0.812734 0.845448 0.871087 0.532843 0.843029 0.812181 0.963165 0.758526 0.954309 0.978199 0.813279 0.724659 0.999065 0.748048 0.979053 0.927353 0.734979 0.833551 0.921653 0.993227 0.760851 0.836864
0.630719 0.683923 0.727451 0.000000 0.973940 0.902019 0.676296 0.614762 0.994426 0.716112 0.691700 0.729967 0.721497 0.767104 0.823629 0.854309 0.687130 0.696075 0.777433 0.670868 0.972999 0.988885 0.905029 0.998134 0.962646 0.851039 0.908130 0.992588 0.716976 0.757699 0.871150 0.868574 0.611577 0.739940 0.951531 0.822924 0.946421 0.869358 0.721884 0.829239 0.866616 0.830195 0.845799 0.734767 0.743664 0.649607 0.851802 0.626007 0.651219 0.720343 0.666375 0.715305 0.690246 0.775106 0.702299 0.735885 0.639468 0.675459 0.598548 0.728072 0.597546 0.614100 0.748945 0.701409 0.894764 0.812683 0.876732 0.861008 0.678686 0.657897 0.906530 0.951596 0.827612 0.877305 0.771929 0.888793 0.807081 0.838804 0.693986 0.745910 0.701621 0.666669 0.623277 0.609977 0.687111 0.754167 0.947630 0.861772 0.812613 0.696541 0.905008 0.966703 0.928011 0.928113 0.854403 0.938042 0.729504 0.887159 0.713072 0.743766 0.961007 0.794476 0.771799 0.754794 0.624213 0.756456 0.901342 0.902458 0.944148 0.941812 0.968541 0.948665 0.664559 0.968095 0.971950 0.767840
0.678843 0.657108 0.740527 0.973940 0.000000 0.951145 0.974546 0.705714 0.932983 0.735162 0.687222 0.663773 0.750627 0.698568 0.947120 0.901220 0.633378 0.671697 0.595979 0.665371 0.948815 0.969473 0.840178 0.904263 0.972724 0.849892 0.992325 0.977214 0.738987 0.747103 0.950116 0.858593 0.866479 0.748035 0.885251 0.869592 0.862360 0.908484 0.913637 0.967391 0.920018 0.852060 0.987613 0.863084 0.874742 0.810941 0.947205 0.854770 0.772429 0.766074 0.809586 0.801574 0.833574 0.847356 0.744760 0.749610 0.670258 0.721727 0.794163 0.903260 0.937256 0.751813 0.744053 0.702554 0.656296 0.730819 0.887750 0.807859 0.750601 0.752811 0.672838 0.757941 0.780390 0.707830 0.879252 0.905830 0.614914 0.755884 0.836626 0.765830 0.676125 0.620682 0.800029 0.699947 0.949281 0.975532 0.981839 0.899244 0.875608 0.776381 0.891607 0.751915 0.789962 0.734458 0.998707 0.923885 0.911004 0.813771 0.841779 0.830114 0.893862 0.916500 0.734456 0.735676 0.964241 0.998581 0.975317 0.852509 0.981307 0.874707 0.885965 0.812583 0.891230 0.998901 0.958220 0.646661
0.758155 0.781530 0.938880 0.902019 0.951145 0.000000 0.787813 0.619197 0.802395 0.740596 0.771126 0.745055 0.723432 0.726762 0.770165 0.701660 0.866237 0.809390 0.815627 0.834395 0.869613 0.903424 0.807488 0.905201 0.685416 0.965331 0.886014 0.906516 0.726922 0.708592 0.790117 0.760618 0.699176 0.784831 0.913801 0.879558 0.882336 0.963787 0.876790 0.962507 0.949557 0.922960 0.623018 0.569876 0.810793 0.670896 0.778674 0.753878 0.709990 0.626461 0.627003 0.600262 0.684712 0.552045 0.926644 0.782034 0.896054 0.881367 0.773274 0.683288 0.780510 0.721075 0.729614 0.730923 0.789847 0.903643 0.902997 0.789051 0.854581 0.858507 0.759065 0.823276 0.832792 0.683615 0.838683 0.978573 0.634634 0.686054 0.783257 0.705266 0.758250 0.879029 0.880474 0.993406 0.819998 0.889813 0.913042 0.783146 0.850444 0.982846 0.703822 0.824625 0.882668 0.932148 0.937729 0.887271 0.867461 0.944206 0.717714 0.690195 0.642544 0.766909 0.795182 0.737655 0.704109 0.760915 0.762863 0.773911 0.770234 0.891889 0.932092 0.769711 0.806739 0.813020 0.858485 0.948574
0.875356 0.981070 0.449750 0.676296 0.974546 0.787813 0.000000 0.548831 0.604587 0.543357 0.718169 0.948952 0.658155 0.995786 0.768566 0.996603 0.791604 0.775483 0.836164 0.990532 0.944568 0.875935 0.967866 0.641228 0.987045 0.679098 0.662869 0.936924 0.806260 0.773493 0.548738 0.599478 0.462710 0.623926 0.636964 0.877116 0.853954 0.897810 0.793277 0.990321 0.877491 0.985810 0.277550 0.432040 0.297824 0.536614 0.604152 0.501067 0.824597 0.935697 0.747427 0.797618 0.762626 0.659849 0.807407 0.804385 0.947033 0.894277 0.707748 0.994036 0.364196 0.812185 0.716036 0.800545 0.712102 0.691434 0.338173 0.296809 0.726274 0.811338 0.720489 0.639892 0.785388 0.709516 0.927271 0.937377 0.693733 0.693900 0.628377 0.809091 0.773849 0.941114 0.914396 0.849480 0.997162 0.684996 0.985957 0.621147 0.871849 0.911730 0.384382 0.508857 0.489897 0.661697 0.826668 0.884721 0.583774 0.609507 0.393480 0.353655 0.507799 0.540550 0.571841 0.574309 0.678503 0.578786 0.980146 0.579971 0.726696 0.986219 0.733168 0.480266 0.588817 0.817973 0.584752 0.932454
0.258516 0.276687 0.921795 0.614762 0.705714 0.619197 0.548831 0.000000 0.982090 0.274427 0.260681 0.302009 0.341030 0.350250 0.543435 0.604421 0.284400 0.272555 0.326301 0.347680 0.944305 0.957945 0.896268 0.772686 0.627926 0.914344 0.855992 0.933552 0.285430 0.281520 0.566938 0.602844 0.375545 0.311519 0.832691 0.699657 0.911602 0.902452 0.891320 0.939110 0.728020 0.783680 0.471809 0.293036 0.477477 0.244949 0.463707 0.349120 0.241682 0.290883 0.278595 0.293243 0.370522 0.383496 0.624578 0.518729 0.350890 0.380909 0.340669 0.390394 0.383174 0.260706 0.257339 0.252903 0.587316 0.841280 0.904690 0.824780 0.731836 0.578039 0.582439 0.674771 0.390012 0.365453 0.675328 0.827960 0.337746 0.423987 0.433262 0.364587 0.255904 0.351451 0.499500 0.587682 0.856890 0.996533 0.714224 0.826252 0.950404 0.689694 0.704467 0.978081 0.934770 0.731559 0.870311 0.726254 0.670079 0.846065 0.364610 0.386059 0.478110 0.682063 0.354546 0.382970 0.605127 0.597507 0.911137 0.833075 0.654833 0.920989 0.849276 0.574199 0.411881 0.719976 0.665188 0.811298
0.844944 0.782293 0.630381 0.994426 0.932983 0.802395 0.604587 0.982090 0.000000 0.922764 0.902894 0.787607 0.936810 0.743359 0.969673 0.874980 0.877671 0.841243 0.855650 0.756881 0.911882 0.922105 0.890303 0.751496 0.922701 0.711284 0.848557 0.930459 0.882204 0.921809 0.701263 0.791753 0.929097 0.937594 0.684692 0.844847 0.937842 0.981591 0.889759 0.968128 0.831424 0.965638 0.646169 0.799075 0.682400 0.876175 0.932447 0.814535 0.944818 0.908761 0.930365 0.936451 0.918365 0.797741 0.997356 0.878951 0.748668 0.696145 0.848924 0.846286 0.845553 0.985754 0.888023 0.853060 0.701226 0.620769 0.655286 0.620187 0.696062 0.752315 0.991289 0.884532 0.847400 0.982296 0.953918 0.860262 0.926614 0.892677 0.958977 0.906360 0.905040 0.785744 0.754813 0.775257 0.846171 0.766048 0.725464 0.686898 0.888583 0.956679 0.603051 0.546088 0.617915 0.635763 0.898684 0.977775 0.952733 0.851557 0.754633 0.748314 0.755382 0.808278 0.971507 0.907553 0.817838 0.756436 0.977650 0.714518 0.878587 0.956797 0.900603 0.842483 0.823447 0.893128 0.781776 0.760303
0.381616 0.394373 0.930696 0.716112 0.735162 0.740596 0.543357 0.274427 0.922764 0.000000 0.311272 0.372703 0.392214 0.444208 0.512690 0.631009 0.283678 0.280631 0.391113 0.459341 0.819776 0.911587 0.996409 0.868504 0.711602 0.883076 0.796757 0.944036 0.318515 0.280399 0.492549 0.569488 0.367570 0.360837 0.864695 0.848931 0.774293 0.830192 0.979780 0.889070 0.743188 0.775183 0.465722 0.316639 0.442437 0.278227 0.478172 0.357945 0.342726 0.493686 0.429091 0.490160 0.514347 0.583979 0.661438 0.550244 0.401267 0.494031 0.383878 0.585144 0.392191 0.372802 0.318917 0.282383 0.680849 0.804326 0.850215 0.776742 0.755233 0.677000 0.586044 0.490872 0.484905 0.471931 0.771959 0.904067 0.492977 0.459037 0.430862 0.370777 0.250357 0.360967 0.517938 0.509310 0.807138 0.970884 0.863473 0.948843 0.977009 0.630860 0.808976 0.872839 0.860419 0.708712 0.973872 0.775453 0.606744 0.896659 0.437070 0.385498 0.586683 0.786138 0.417325 0.439562 0.674106 0.746313 0.957754 0.859689 0.646159 0.936348 0.944959 0.569562 0.519528 0.795691 0.746811 0.792089
0.230681 0.269400 0.747318 0.691700 0.687222 0.771126 0.718169 0.260681 0.902894 0.311272 0.000000 0.209021 0.255686 0.252728 0.472502 0.476277 0.201240 0.191900 0.231008 0.302258 0.947596 0.920912 0.872376 0.850649 0.531342 0.726512 0.951092 0.980003 0.216876 0.185898 0.721426 0.718371 0.409773 0.332162 0.701783 0.688589 0.958422 0.900766 0.961180 0.808007 0.679023 0.705681 0.603123 0.406442 0.655086 0.338620 0.509028 0.412784 0.268452 0.314025 0.324114 0.339271 0.409476 0.456412 0.567601 0.516677 0.341432 0.336186 0.300050 0.370794 0.387068 0.250384 0.201264 0.183717 0.486042 0.762446 0.975173 0.964720 0.627077 0.544359 0.695988 0.623249 0.359222 0.366580 0.759821 0.799187 0.419227 0.463522 0.345666 0.369880 0.240554 0.296493 0.499353 0.563500 0.838828 0.885605 0.654216 0.994331 0.942358 0.633261 0.856484 0.745615 0.684074 0.512021 0.946038 0.708189 0.703372 0.727701 0.500403 0.532224 0.580586 0.759890 0.451138 0.423090 0.702253 0.792116 0.994587 0.961093 0.719724 0.850005 0.958922 0.731244 0.513482 0.742435 0.734868 0.724656
0.177220 0.188563 0.558657 0.729967 0.663773 0.745055 0.948952 0.302009 0.787607 0.372703 0.209021 0.000000 0.285005 0.171708 0.500398 0.429878 0.208667 0.194003 0.232581 0.218048 0.997554 0.835738 0.893301 0.997300 0.484429 0.592033 0.988078 0.983873 0.245899 0.211736 0.813043 0.814324 0.541142 0.369376 0.570747 0.590401 0.978290 0.942956 0.981444 0.861162 0.720297 0.754712 0.755030 0.470416 0.794088 0.387586 0.561096 0.478729 0.212641 0.238383 0.314973 0.311423 0.388227 0.492497 0.624077 0.482584 0.264000 0.222417 0.354048 0.286587 0.555999 0.228902 0.222299 0.171203 0.334929 0.650990 0.760216 0.822054 0.492594 0.419469 0.660742 0.686489 0.404390 0.411160 0.751934 0.801085 0.394416 0.464120 0.452247 0.322181 0.239246 0.248822 0.449093 0.560624 0.836040 0.779967 0.695824 0.887415 0.900261 0.635328 0.978033 0.591030 0.523271 0.404752 0.924122 0.674986 0.844340 0.661714 0.579482 0.647395 0.687712 0.888660 0.473559 0.515229 0.737501 0.892931 0.979671 0.945641 0.753879 0.864214 0.873825 0.842453 0.518350 0.814647 0.821145 0.689514
0.311101 0.402008 0.866294 0.721497 0.750627 0.723432 0.658155 0.341030 0.936810 0.392214 0.255686 0.285005 0.000000 0.315135 0.381428 0.417409 0.320875 0.303738 0.350392 0.487576 0.951704 0.947854 0.976657 0.888038 0.549194 0.713562 0.997183 0.996806 0.333720 0.256400 0.697776 0.767399 0.435196 0.407738 0.739039 0.735117 0.972324 0.916564 0.977978 0.989571 0.764092 0.789557 0.531868 0.368967 0.673973 0.388727 0.495730 0.445400 0.371044 0.374518 0.390267 0.381387 0.435302 0.473152 0.687977 0.591620 0.422410 0.443602 0.256981 0.356886 0.352262 0.393710 0.208459 0.239575 0.639658 0.767883 0.880382 0.888725 0.792715 0.661464 0.641213 0.633729 0.519046 0.493252 0.837383 0.776077 0.441819 0.409968 0.425970 0.449480 0.371990 0.435741 0.534301 0.661062 0.943913 0.999291 0.724275 0.949410 0.952773 0.686721 0.791668 0.817206 0.799955 0.586004 0.984555 0.686804 0.685040 0.816412 0.452460 0.504280 0.530041 0.767583 0.382673 0.432067 0.611585 0.661451 0.967169 0.882029 0.661161 0.820126 0.974700 0.732444 0.485929 0.719012 0.633017 0.723542
0.229560 0.253211 0.542616 0.767104 0.698568 0.726762 0.995786 0.350250 0.743359 0.444208 0.252728 0.171708 0.315135 0.000000 0.487403 0.368026 0.279324 0.257619 0.280603 0.291069 0.992922 0.860663 0.959160 0.917343 0.508638 0.570707 0.961610 0.990642 0.278965 0.237093 0.836445 0.877983 0.565867 0.407584 0.566586 0.593326 0.967978 0.994140 0.938641 0.834418 0.759786 0.722015 0.792859 0.530444 0.862025 0.425976 0.621222 0.560718 0.291070 0.280177 0.384110 0.367128 0.471991 0.555825 0.716310 0.601335 0.325103 0.271957 0.361932 0.303985 0.590418 0.287708 0.239702 0.208977 0.370921 0.685761 0.774521 0.790169 0.543617 0.470529 0.669051 0.736004 0.474631 0.477833 0.721734 0.764790 0.477235 0.517007 0.490099 0.407933 0.304989 0.279196 0.505682 0.586105 0.816658 0.723592 0.645806 0.871926 0.877731 0.662128 0.910055 0.555958 0.494210 0.366027 0.997856 0.751855 0.906887 0.619164 0.655704 0.691186 0.739367 0.908688 0.549142 0.527300 0.742953 0.877320 0.992353 0.888484 0.756853 0.888765 0.939570 0.893589 0.578251 0.868467 0.895046 0.736506
0.571786 0.616459 0.912494 0.823629 0.947120 0.770165 0.768566 0.543435 0.969673 0.512690 0.472502 0.500398 0.381428 0.487403 0.000000 0.381344 0.516269 0.514635 0.564444 0.661617 0.994673 0.966350 0.728425 0.925987 0.711447 0.856360 0.992919 0.980176 0.525840 0.424342 0.576772 0.718131 0.499101 0.503647 0.902783 0.811661 0.885292 0.834945 0.978620 0.919574 0.957615 0.941619 0.599255 0.484107 0.763903 0.493366 0.703014 0.568267 0.599458 0.620239 0.706811 0.670032 0.756814 0.790746 0.952976 0.876545 0.558668 0.582764 0.504480 0.545707 0.546294 0.543146 0.344865 0.428141 0.899034 0.974202 0.807274 0.810699 0.992383 0.859693 0.693765 0.668404 0.789476 0.846922 0.893845 0.892602 0.625366 0.623195 0.587441 0.611898 0.546277 0.560807 0.612015 0.817114 0.783791 0.705768 0.837855 0.977754 0.975436 0.730831 0.946615 0.804896 0.787559 0.685243 0.916049 0.780167 0.832205 0.785702 0.685258 0.670060 0.702121 0.898937 0.687921 0.642961 0.755314 0.780610 0.914524 0.933179 0.735031 0.959744 0.915119 0.850167 0.740709 0.847787 0.660156 0.861281
0.545979 0.569826 0.705418 0.854309 0.901220 0.701660 0.996603 0.604421 0.874980 0.631009 0.476277 0.429878 0.417409 0.368026 0.381344 0.000000 0.543783 0.552467 0.535067 0.631817 0.996538 0.857611 0.854998 0.761521 0.600957 0.641641 0.940244 0.968169 0.549665 0.430506 0.775962 0.895427 0.661553 0.634307 0.745118 0.775518 0.970330 0.848689 0.990660 0.919135 0.972437 0.943582 0.758177 0.591699 0.992029 0.656660 0.762699 0.663120 0.594291 0.573882 0.664454 0.651088 0.775027 0.815985 0.899924 0.929251 0.567158 0.572586 0.530676 0.491568 0.710092 0.573805 0.422754 0.421487 0.671669 0.851866 0.926040 0.956181 0.820994 0.689525 0.707194 0.703794 0.795473 0.730721 0.823016 0.846996 0.718530 0.526108 0.628116 0.573673 0.558334 0.536898 0.711807 0.792881 0.817697 0.633684 0.766137 0.877264 0.994597 0.815394 0.854071 0.648539 0.574237 0.550756 0.959053 0.755633 0.872634 0.685248 0.847504 0.835289 0.789976 0.953298 0.694120 0.655032 0.782051 0.779470 0.983505 0.878549 0.790962 0.862163 0.884393 0.996412 0.741458 0.856152 0.784756 0.848558
0.222063 0.227559 0.728973 0.687130 0.633378 0.866237 0.791604 0.284400 0.877671 0.283678 0.201240 0.208667 0.320875 0.279324 0.516269 0.543783 0.000000 0.153678 0.235059 0.261563 0.861446 0.884392 0.936784 0.856759 0.593549 0.688026 0.892760 0.961409 0.234150 0.190411 0.699567 0.688693 0.408917 0.303407 0.705022 0.731295 0.827146 0.858424 0.986765 0.796310 0.675419 0.704699 0.647699 0.410795 0.634727 0.335684 0.476661 0.394583 0.244090 0.368447 0.376258 0.421090 0.470917 0.583398 0.545883 0.497960 0.243219 0.294022 0.337592 0.433539 0.484216 0.286941 0.220685 0.174869 0.464148 0.668483 0.903948 0.961727 0.570466 0.527114 0.660888 0.606993 0.367423 0.402853 0.759488 0.871537 0.403303 0.481977 0.418096 0.322883 0.187395 0.227688 0.461183 0.477186 0.726477 0.803219 0.712237 0.930344 0.935923 0.574093 0.980147 0.630752 0.635234 0.440268 0.912128 0.722353 0.781935 0.722227 0.495139 0.553370 0.695992 0.878375 0.418989 0.466088 0.760435 0.844046 0.895217 0.983236 0.735452 0.839174 0.963354 0.724383 0.494653 0.842165 0.807283 0.681924
0.202642 0.215424 0.732771 0.696075 0.671697 0.809390 0.775483 0.272555 0.841243 0.280631 0.191900 0.194003 0.303738 0.257619 0.514635 0.552467 0.153678 0.000000 0.217071 0.254180 0.887939 0.844077 0.892781 0.866510 0.565091 0.699178 0.851784 0.988357 0.193201 0.178054 0.699688 0.665439 0.386901 0.299095 0.727965 0.684647 0.887858 0.843296 0.990501 0.801865 0.598863 0.730336 0.621695 0.396682 0.628280 0.321865 0.509102 0.368667 0.229864 0.337770 0.338692 0.377951 0.427956 0.521220 0.517618 0.470623 0.254907 0.275133 0.330324 0.398309 0.436746 0.267088 0.204648 0.167119 0.449672 0.678363 0.908835 0.978576 0.573439 0.525289 0.664410 0.615278 0.333185 0.371517 0.762903 0.767024 0.374273 0.463113 0.392120 0.293508 0.189425 0.239576 0.448246 0.506884 0.770426 0.850244 0.709827 0.951857 0.898376 0.628773 0.957465 0.655167 0.630407 0.455572 0.913470 0.707250 0.768059 0.754503 0.484282 0.519120 0.661378 0.823282 0.403663 0.446855 0.684555 0.856519 0.952885 0.968739 0.763268 0.905187 0.996827 0.736098 0.469932 0.822797 0.789937 0.728126
0.255537 0.256723 0.628495 0.777433 0.595979 0.815627 0.836164 0.326301 0.855650 0.391113 0.231008 0.232581 0.350392 0.280603 0.564444 0.535067 0.235059 0.217071 0.000000 0.263965 0.947479 0.912803 0.894553 0.904526 0.559252 0.613464 0.947266 0.984753 0.254243 0.233215 0.765360 0.763769 0.442408 0.356725 0.661971 0.675235 0.988788 0.903821 0.968119 0.922348 0.678002 0.802731 0.725928 0.506791 0.737110 0.450931 0.557724 0.445048 0.315604 0.352409 0.413663 0.423515 0.515472 0.582841 0.545223 0.525117 0.289968 0.319274 0.375490 0.436602 0.563895 0.311739 0.266648 0.246481 0.404898 0.594037 0.828785 0.895819 0.560969 0.500776 0.660179 0.685862 0.389238 0.400045 0.797201 0.832047 0.358435 0.584220 0.428423 0.332034 0.254224 0.282138 0.514460 0.482551 0.833243 0.901669 0.700323 0.895459 0.867061 0.654505 0.996948 0.615618 0.608527 0.456606 0.822798 0.691346 0.830462 0.673927 0.620889 0.674767 0.682561 0.894228 0.470536 0.513687 0.772861 0.848162 0.965812 0.902818 0.743890 0.979162 0.873853 0.798743 0.570046 0.844452 0.920640 0.667544
0.234316 0.204520 0.570404 0.670868 0.665371 0.834395 0.990532 0.347680 0.756881 0.459341 0.302258 0.218048 0.487576 0.291069 0.661617 0.631817 0.261563 0.254180 0.263965 0.000000 0.968097 0.857842 0.913851 0.962908 0.656686 0.683316 0.964383 0.966336 0.288233 0.305407 0.878300 0.783537 0.600834 0.416043 0.619859 0.580818 0.963080 0.812569 0.985724 0.787016 0.680289 0.743535 0.915749 0.634996 0.878129 0.496937 0.663985 0.534619 0.270624 0.299365 0.399111 0.413025 0.496671 0.614421 0.584167 0.501981 0.258609 0.224901 0.463069 0.403844 0.723783 0.270203 0.372083 0.300857 0.367052 0.636322 0.624724 0.735542 0.406176 0.348050 0.782694 0.833028 0.402977 0.482047 0.728926 0.825701 0.412415 0.622405 0.519488 0.351485 0.247090 0.221447 0.395981 0.487289 0.733371 0.737807 0.676217 0.807036 0.828117 0.670438 0.880487 0.573315 0.562194 0.444922 0.893458 0.759967 0.899074 0.670564 0.708236 0.770593 0.829707 0.963417 0.589409 0.677883 0.793644 0.976469 0.958840 0.887631 0.855816 0.937739 0.954468 0.859307 0.622833 0.815591 0.948717 0.660483
0.932743 0.944254 0.933066 0.972999 0.948815 0.869613 0.944568 0.944305 0.911882 0.819776 0.947596 0.997554 0.951704 0.992922 0.994673 0.996538 0.861446 0.887939 0.947479 0.968097 0.000000 0.896733 0.964893 0.988566 0.996624 0.943314 0.878877 0.968684 0.957531 0.953868 0.835500 0.860972 0.916367 0.910768 0.953908 0.868194 0.766098 0.929606 0.744565 0.846200 0.784744 0.917913 0.888806 0.859135 0.854272 0.863933 0.790052 0.813248 0.892287 0.945876 0.998604 0.944583 0.906716 0.837883 0.900746 0.895054 0.875662 0.978906 0.967985 0.972903 0.960577 0.975645 0.958038 0.933995 0.931471 0.937090 0.940908 0.988068 0.931558 0.892029 0.939818 0.945246 0.937638 0.925670 0.869237 0.900851 0.970201 0.946371 0.964045 0.824583 0.813891 0.830624 0.766974 0.815082 0.723898 0.978390 0.906018 0.983886 0.975084 0.925462 0.808586 0.924274 0.942289 0.924121 0.965365 0.932252 0.916874 0.852920 0.901076 0.917081 0.948362 0.899802 0.834581 0.867144 0.967939 0.882888 0.828447 0.950113 0.983265 0.838211 0.901630 0.945706 0.943731 0.953812 0.937674 0.968857
0.842564 0.809809 0.917125 0.988885 0.969473 0.903424 0.875935 0.957945 0.922105 0.911587 0.920912 0.835738 0.947854 0.860663 0.966350 0.857611 0.884392 0.844077 0.912803 0.857842 0.896733 0.000000 0.877497 0.933659 0.938307 0.905766 0.830035 0.891856 0.900795 0.888660 0.937586 0.989534 0.980799 0.931686 0.920196 0.930816 0.952698 0.633341 0.912767 0.932755 0.853736 0.872556 0.983313 0.922556 0.994176 0.935959 0.914425 0.924164 0.796536 0.876439 0.826842 0.883036 0.913225 0.910507 0.891029 0.900162 0.933895 0.866751 0.988496 0.824211 0.987288 0.841356 0.928952 0.853198 0.830074 0.978745 0.882783 0.939133 0.930733 0.943243 0.968464 0.982477 0.925678 0.828699 0.944490 0.961568 0.924241 0.939978 0.911042 0.854471 0.847598 0.821991 0.965360 0.829087 0.899215 0.862673 0.829964 0.982790 0.995557 0.807920 0.932820 0.794835 0.829837 0.885960 0.961309 0.855429 0.979497 0.883761 0.984597 0.994267 0.916665 0.950519 0.982761 0.950150 0.931122 0.988155 0.854525 0.818413 0.916954 0.893975 0.947983 0.957846 0.936797 0.808068 0.921088 0.944527
0.841264 0.860375 0.760266 0.905029 0.840178 0.807488 0.967866 0.896268 0.890303 0.996409 0.872376 0.893301 0.976657 0.959160 0.728425 0.854998 0.936784 0.892781 0.894553 0.913851 0.964893 0.877497 0.000000 0.501184 0.783678 0.916854 0.935864 0.858436 0.956538 0.968628 0.835057 0.990071 0.886879 0.931117 0.890157 0.838502 0.717160 0.722848 0.924220 0.946925 0.909917 0.938772 0.870494 0.804911 0.846951 0.876649 0.908491 0.807707 0.815576 0.753976 0.616465 0.618644 0.563807 0.506861 0.615093 0.601221 0.997291 0.959412 0.962162 0.873901 0.869109 0.816742 0.981354 0.879897 0.685621 0.965618 0.974198 0.930271 0.869325 0.848000 0.918139 0.829886 0.734189 0.649640 0.976151 0.926534 0.726531 0.857941 0.813806 0.868638 0.916802 0.941770 0.886116 0.980558 0.590474 0.544937 0.840606 0.701386 0.984651 0.979389 0.693341 0.736362 0.970380 0.857757 0.993817 0.794771 0.980769 0.907423 0.700213 0.705882 0.648689 0.673584 0.767721 0.756416 0.939161 0.985720 0.796303 0.672969 0.976711 0.874027 0.987516 0.806553 0.769907 0.828796 0.862512 0.960892
0.911053 0.932030 0.857641 0.998134 0.904263 0.905201 0.641228 0.772686 0.751496 0.868504 0.850649 0.997300 0.888038 0.917343 0.925987 0.761521 0.856759 0.866510 0.904526 0.962908 0.988566 0.933659 0.501184 0.000000 0.942239 0.849996 0.921487 0.899278 0.896797 0.928246 0.871316 0.741623 0.841469 0.782123 0.903512 0.920012 0.993461 0.777487 0.835297 0.932411 0.831285 0.894593 0.687780 0.702093 0.658328 0.794606 0.728490 0.774482 0.869081 0.884878 0.749189 0.761372 0.734685 0.643605 0.637704 0.746220 0.916444 0.996183 0.884603 0.998117 0.739213 0.883440 0.893714 0.907491 0.967539 0.935082 0.730276 0.608976 0.909382 0.952612 0.885137 0.842189 0.683482 0.727948 0.841683 0.906914 0.663488 0.743131 0.733436 0.930477 0.886785 0.962613 0.923472 0.909906 0.755584 0.532292 0.913813 0.592802 0.932073 0.976003 0.536537 0.581355 0.661346 0.734036 0.890419 0.936866 0.782886 0.831023 0.536551 0.611604 0.654453 0.643603 0.707460 0.766014 0.903213 0.854656 0.981030 0.596736 0.901511 0.858747 0.818307 0.743024 0.739167 0.868523 0.699946 0.943074
0.577782 0.605283 0.596626 0.962646 0.972724 0.685416 0.987045 0.627926 0.922701 0.711602 0.531342 0.484429 0.549194 0.508638 0.711447 0.600957 0.593549 0.565091 0.559252 0.656686 0.996624 0.938307 0.783678 0.942239 0.000000 0.477770 0.805544 0.982632 0.595756 0.523090 0.946518 0.992502 0.786581 0.685888 0.615222 0.746958 0.810509 0.914560 0.972288 0.888514 0.849984 0.998327 0.770256 0.649420 0.966636 0.735119 0.612688 0.723160 0.566136 0.559397 0.569032 0.551095 0.600681 0.573744 0.687729 0.710772 0.718657 0.677672 0.631185 0.546214 0.659286 0.574278 0.511473 0.510944 0.465349 0.802105 0.915630 0.956171 0.827033 0.777853 0.758100 0.814390 0.564366 0.566409 0.946766 0.798924 0.683221 0.665781 0.729384 0.666347 0.666170 0.749958 0.805628 0.995967 0.818461 0.946967 0.741370 0.829829 0.725806 0.911808 0.915614 0.896684 0.705032 0.661638 0.967825 0.791096 0.955347 0.824909 0.675876 0.789925 0.744269 0.908219 0.712957 0.706165 0.983106 0.977383 0.995322 0.997902 0.910264 0.814773 0.919455 0.888497 0.742167 0.845472 0.867576 0.887691
0.727067 0.715060 0.383103 0.851039 0.849892 0.965331 0.679098 0.914344 0.711284 0.883076 0.726512 0.592033 0.713562 0.570707 0.856360 0.641641 0.688026 0.699178 0.613464 0.683316 0.943314 0.905766 0.916854 0.849996 0.477770 0.000000 0.933508 0.987642 0.781621 0.692526 0.706900 0.752807 0.950071 0.913768 0.468647 0.696052 0.849418 0.944607 0.841285 0.996326 0.947444 0.934093 0.820501 0.994803 0.735496 0.967326 0.802796 0.998044 0.804955 0.769989 0.860731 0.867348 0.920412 0.953891 0.808515 0.835219 0.695545 0.697312 0.739837 0.739938 0.989113 0.847921 0.719139 0.673912 0.476291 0.510153 0.665066 0.638364 0.711500 0.724129 0.890976 0.804472 0.712644 0.795035 0.924934 0.962731 0.838907 0.905222 0.789884 0.820236 0.794325 0.728080 0.746153 0.874033 0.850150 0.952306 0.694344 0.760912 0.796003 0.878926 0.630382 0.587454 0.422405 0.527986 0.787528 0.792347 0.958561 0.637191 0.969905 0.911783 0.906794 0.744486 0.884504 0.933242 0.914354 0.849241 0.909262 0.678554 0.950322 0.831628 0.840581 0.852327 0.950367 0.913912 0.871777 0.774406
0.964538 0.994508 0.806215 0.908130 0.992325 0.886014 0.662869 0.855992 0.848557 0.796757 0.951092 0.988078 0.997183 0.961610 0.992919 0.940244 0.892760 0.851784 0.947266 0.964383 0.878877 0.830035 0.935864 0.921487 0.805544 0.933508 0.000000 0.933888 0.907318 0.929563 0.912326 0.745519 0.789182 0.815537 0.654903 0.903746 0.988508 0.974260 0.948571 0.926426 0.911213 0.984080 0.653067 0.765825 0.674547 0.844584 0.863323 0.731432 0.937502 0.880105 0.927192 0.995216 0.955940 0.898505 0.771177 0.903963 0.931604 0.839635 0.996307 0.867854 0.744168 0.954959 0.885458 0.919101 0.999363 0.901697 0.670206 0.656248 0.811444 0.732670 0.849201 0.806875 0.833842 0.840174 0.970302 0.953681 0.868436 0.996984 0.951032 0.894279 0.901783 0.998420 0.902200 0.925821 0.963066 0.868470 0.999448 0.785143 0.787438 0.938746 0.790031 0.785444 0.807157 0.898051 0.910192 0.943613 0.982832 0.769889 0.693045 0.720105 0.833273 0.772483 0.863706 0.827564 0.901793 0.968967 0.970610 0.801400 0.921592 0.953440 0.873380 0.832810 0.768206 0.842935 0.890276 0.740596
0.973715 0.966916 0.967670 0.992588 0.977214 0.906516 0.936924 0.933552 0.930459 0.944036 0.980003 0.983873 0.996806 0.990642 0.980176 0.968169 0.961409 0.988357 0.984753 0.966336 0.968684 0.891856 0.858436 0.899278 0.982632 0.987642 0.933888 0.000000 0.970724 0.975278 0.928603 0.889460 0.950911 0.904607 0.971702 0.790096 0.842392 0.926110 0.904904 0.907655 0.847951 0.941010 0.928632 0.852610 0.857831 0.945729 0.958591 0.983116 0.922693 0.989001 0.926125 0.969215 0.937086 0.943020 0.980154 0.882508 0.985157 0.990391 0.967201 0.976388 0.939540 0.978767 0.939555 0.945657 0.996079 0.951421 0.811280 0.870283 0.969011 0.952700 0.911529 0.939191 0.929650 0.970925 0.990176 0.935228 0.941789 0.803928 0.965171 0.936399 0.953822 0.992319 0.921327 0.957274 0.901827 0.954007 0.946140 0.948203 0.892565 0.679217 0.980562 0.929703 0.987645 0.897724 0.887999 0.750051 0.944826 0.808193 0.763184 0.849357 0.803393 0.901349 0.918846 0.978311 0.977513 0.963930 0.860700 0.959463 0.934790 0.974416 0.974325 0.905140 0.867108 0.922177 0.945399 0.895752
0.239126 0.240053 0.736762 0.716976 0.738987 0.726922 0.806260 0.285430 0.882204 0.318515 0.216876 0.245899 0.333720 0.278965 0.525840 0.549665 0.234150 0.193201 0.254243 0.288233 0.957531 0.900795 0.956538 0.896797 0.595756 0.781621 0.907318 0.970724 0.000000 0.190440 0.655343 0.589255 0.389387 0.304657 0.729809 0.711432 0.898966 0.850985 0.944581 0.795306 0.647324 0.692243 0.635129 0.433156 0.655464 0.320652 0.535074 0.418622 0.246572 0.300930 0.320948 0.348947 0.412154 0.485250 0.579502 0.476565 0.320499 0.299987 0.328570 0.383169 0.458066 0.250813 0.238928 0.212836 0.467584 0.733822 0.891461 0.966565 0.623171 0.526262 0.698557 0.712591 0.346909 0.414550 0.718926 0.791722 0.418409 0.471960 0.377295 0.301771 0.226099 0.283611 0.460050 0.537470 0.736868 0.844355 0.758622 0.946175 0.896217 0.655848 0.888602 0.676425 0.702438 0.484750 0.895882 0.716212 0.747469 0.722556 0.535686 0.584104 0.660492 0.784341 0.443555 0.478135 0.637063 0.849238 0.972902 0.995670 0.764255 0.989223 0.982336 0.784882 0.503453 0.778306 0.891341 0.747301
0.230527 0.257591 0.708184 0.757699 0.747103 0.708592 0.773493 0.281520 0.921809 0.280399 0.185898 0.211736 0.256400 0.237093 0.424342 0.430506 0.190411 0.178054 0.233215 0.305407 0.953868 0.888660 0.968628 0.928246 0.523090 0.692526 0.929563 0.975278 0.190440 0.000000 0.607860 0.647293 0.384454 0.286117 0.675818 0.688586 0.875572 0.907184 0.974655 0.842247 0.652017 0.727366 0.564784 0.355133 0.642473 0.316577 0.473142 0.378322 0.245593 0.321910 0.348875 0.368703 0.435906 0.517668 0.603307 0.550717 0.303652 0.311546 0.306780 0.361426 0.439917 0.267071 0.189738 0.160515 0.472980 0.707546 0.911716 0.997256 0.664002 0.542950 0.654783 0.617996 0.395122 0.413363 0.822488 0.822817 0.408497 0.456197 0.383563 0.317086 0.204633 0.281382 0.478218 0.529621 0.792588 0.831194 0.698841 0.994228 0.902883 0.658487 0.959487 0.643040 0.626453 0.421430 0.900746 0.717815 0.738973 0.662201 0.546912 0.571702 0.618971 0.819936 0.434569 0.449957 0.699015 0.828672 0.995908 0.988107 0.666861 0.897834 0.995935 0.708256 0.512672 0.773117 0.789105 0.743599
0.738507 0.755256 0.754256 0.871150 0.950116 0.790117 0.548738 0.566938 0.701263 0.492549 0.721426 0.813043 0.697776 0.836445 0.576772 0.775962 0.699567 0.699688 0.765360 0.878300 0.835500 0.937586 0.835057 0.871316 0.946518 0.706900 0.912326 0.928603 0.655343 0.607860 0.000000 0.402178 0.499944 0.552760 0.829485 0.975585 0.744090 0.994614 0.891284 0.958206 0.913446 0.946940 0.390078 0.408829 0.420370 0.412744 0.683905 0.527348 0.663460 0.796832 0.759702 0.755155 0.774616 0.796848 0.963451 0.886436 0.725148 0.808333 0.780420 0.797949 0.609882 0.678808 0.629142 0.674685 0.936093 0.849218 0.757734 0.560980 0.837107 0.961372 0.714102 0.708941 0.901332 0.794799 0.801965 0.902313 0.658166 0.628413 0.760037 0.682388 0.640532 0.783655 0.884612 0.871414 0.781495 0.943722 0.979805 0.684212 0.895781 0.801968 0.744007 0.949202 0.845134 0.973926 0.825960 0.946796 0.814639 0.932504 0.645102 0.608744 0.575107 0.744975 0.636930 0.656749 0.677653 0.726740 0.923384 0.829702 0.750055 0.850984 0.787546 0.648603 0.636494 0.942086 0.707671 0.926939
0.739044 0.746463 0.846682 0.868574 0.858593 0.760618 0.599478 0.602844 0.791753 0.569488 0.718371 0.814324 0.767399 0.877983 0.718131 0.895427 0.688693 0.665439 0.763769 0.783537 0.860972 0.989534 0.990071 0.741623 0.992502 0.752807 0.745519 0.889460 0.589255 0.647293 0.402178 0.000000 0.486786 0.535083 0.817143 0.924737 0.774758 0.883560 0.777680 0.869064 0.836983 0.971342 0.478195 0.492260 0.489774 0.476449 0.658938 0.484171 0.663538 0.773495 0.731994 0.749504 0.791607 0.764223 0.854046 0.786987 0.714124 0.813199 0.799773 0.820254 0.685512 0.688959 0.675652 0.700985 0.962257 0.959982 0.879261 0.648722 0.859170 0.917104 0.616887 0.736920 0.796384 0.827625 0.802551 0.896829 0.630493 0.674387 0.709879 0.604835 0.621376 0.771378 0.821380 0.900040 0.842334 0.985259 0.922217 0.680930 0.934886 0.860413 0.744676 0.945598 0.827359 0.959486 0.981161 0.995721 0.808937 0.997493 0.664402 0.678233 0.690464 0.813757 0.617147 0.728998 0.664636 0.906185 0.961285 0.827193 0.756532 0.814268 0.748100 0.611084 0.720680 0.833255 0.814269 0.884663
0.509081 0.548532 0.824339 0.611577 0.866479 0.699176 0.462710 0.375545 0.929097 0.367570 0.409773 0.541142 0.435196 0.565867 0.499101 0.661553 0.408917 0.386901 0.442408 0.600834 0.916367 0.980799 0.886879 0.841469 0.786581 0.950071 0.789182 0.950911 0.389387 0.384454 0.499944 0.486786 0.000000 0.394208 0.955433 0.991952 0.665644 0.865587 0.878287 0.826116 0.771663 0.850459 0.435260 0.380977 0.439912 0.353752 0.612892 0.404065 0.509205 0.631609 0.589015 0.619590 0.678434 0.670630 0.713322 0.746326 0.507212 0.614102 0.491244 0.686108 0.401877 0.499435 0.380351 0.411173 0.889511 0.986813 0.720169 0.646004 0.934295 0.798594 0.669506 0.612790 0.589565 0.592995 0.784546 0.924066 0.527000 0.533553 0.486486 0.420555 0.396912 0.515789 0.629111 0.594063 0.716642 0.882626 0.948130 0.971436 0.976081 0.675641 0.779901 0.924670 0.992775 0.775252 0.962805 0.868022 0.675670 0.943942 0.523703 0.508794 0.645667 0.721752 0.490504 0.490848 0.606361 0.719754 0.972253 0.838975 0.660122 0.941414 0.877025 0.592021 0.543611 0.748019 0.793688 0.883848
0.355994 0.387880 0.865510 0.739940 0.748035 0.784831 0.623926 0.311519 0.937594 0.360837 0.332162 0.369376 0.407738 0.407584 0.503647 0.634307 0.303407 0.299095 0.356725 0.416043 0.910768 0.931686 0.931117 0.782123 0.685888 0.913768 0.815537 0.904607 0.304657 0.286117 0.552760 0.535083 0.394208 0.000000 0.903504 0.796969 0.847483 0.812817 0.932581 0.873491 0.755659 0.797886 0.482855 0.321556 0.478205 0.303672 0.511426 0.394444 0.343226 0.444718 0.449004 0.465481 0.517903 0.574916 0.721130 0.604276 0.418953 0.439590 0.431284 0.521250 0.449734 0.347118 0.271174 0.298121 0.605975 0.874381 0.920105 0.778969 0.807888 0.723958 0.587272 0.618904 0.498527 0.528782 0.775505 0.902955 0.359851 0.546072 0.432939 0.398286 0.323469 0.418774 0.548824 0.547458 0.788987 0.904966 0.821520 0.846325 0.943654 0.680937 0.869089 0.797150 0.824743 0.654125 0.998764 0.676707 0.821926 0.919195 0.465570 0.542720 0.630149 0.757624 0.455766 0.513289 0.700469 0.836673 0.916466 0.898407 0.684709 0.995000 0.947713 0.637779 0.540641 0.871081 0.777903 0.851196
0.635214 0.638625 0.397078 0.951531 0.885251 0.913801 0.636964 0.832691 0.684692 0.864695 0.701783 0.570747 0.739039 0.566586 0.902783 0.745118 0.705022 0.727965 0.661971 0.619859 0.953908 0.920196 0.890157 0.903512 0.615222 0.468647 0.654903 0.971702 0.729809 0.675818 0.829485 0.817143 0.955433 0.903504 0.000000 0.792468 0.851073 0.986727 0.996032 0.875958 0.948755 0.927562 0.808921 0.962471 0.815419 0.886091 0.914460 0.948610 0.662027 0.612730 0.757821 0.735648 0.779179 0.874776 0.900818 0.847769 0.675643 0.567417 0.773235 0.610719 0.937959 0.720427 0.734003 0.653538 0.472072 0.559873 0.533250 0.562264 0.649221 0.558694 0.763711 0.911481 0.724345 0.876831 0.967921 0.959162 0.898901 0.873189 0.841712 0.784973 0.732325 0.710835 0.696835 0.830748 0.897504 0.972710 0.754474 0.786237 0.896426 0.833457 0.710457 0.585169 0.550427 0.485395 0.886130 0.836119 0.990876 0.611220 0.943437 0.853957 0.962000 0.792067 0.907180 0.941725 0.788770 0.856321 0.898271 0.780726 0.905181 0.954654 0.876718 0.889491 0.940679 0.864931 0.774817 0.730024
0.556311 0.578380 0.595892 0.822924 0.869592 0.879558 0.877116 0.699657 0.844847 0.848931 0.688589 0.590401 0.735117 0.593326 0.811661 0.775518 0.731295 0.684647 0.675235 0.580818 0.868194 0.930816 0.838502 0.920012 0.746958 0.696052 0.903746 0.790096 0.711432 0.688586 0.975585 0.924737 0.991952 0.796969 0.792468 0.000000 0.681070 0.996778 0.966388 0.941239 0.932661 0.971538 0.980659 0.852823 0.987051 0.734265 0.844877 0.744168 0.613750 0.514134 0.582982 0.538844 0.566825 0.645259 0.706784 0.654179 0.584775 0.539158 0.644690 0.511812 0.857670 0.587062 0.710302 0.652551 0.616827 0.774275 0.671777 0.772000 0.626729 0.548982 0.933199 0.983433 0.758986 0.815743 0.956448 0.902255 0.654140 0.902056 0.767648 0.764584 0.730714 0.718368 0.713751 0.833882 0.994904 0.877377 0.644848 0.926205 0.945021 0.897486 0.898175 0.769250 0.617093 0.652596 0.856719 0.982147 0.984320 0.667178 0.904921 0.926853 0.912927 0.998010 0.761882 0.781989 0.824898 0.962848 0.913415 0.929807 0.953870 0.990038 0.977976 0.878090 0.829365 0.996839 0.863873 0.872648
0.972087 0.958181 0.817403 0.946421 0.862360 0.882336 0.853954 0.911602 0.937842 0.774293 0.958422 0.978290 0.972324 0.967978 0.885292 0.970330 0.827146 0.887858 0.988788 0.963080 0.766098 0.952698 0.717160 0.993461 0.810509 0.849418 0.988508 0.842392 0.898966 0.875572 0.744090 0.774758 0.665644 0.847483 0.851073 0.681070 0.000000 0.823282 0.999559 0.719554 0.956087 0.807594 0.910429 0.893834 0.757528 0.867206 0.961252 0.977420 0.966806 0.886486 0.925059 0.869900 0.843654 0.830445 0.926020 0.932176 0.897197 0.954992 0.990661 0.853485 0.949301 0.969609 0.941492 0.917863 0.872062 0.868458 0.901395 0.917217 0.949126 0.952181 0.897783 0.840337 0.984452 0.995179 0.854837 0.857625 0.957362 0.777143 0.979764 0.839923 0.797404 0.771606 0.821584 0.798117 0.636227 0.753458 0.832976 0.807344 0.952168 0.760778 0.893409 0.878690 0.899808 0.900165 0.968954 0.970700 0.847885 0.941965 0.972912 0.910890 0.946709 0.870170 0.924741 0.917091 0.974027 0.955754 0.796582 0.895930 0.783369 0.959673 0.909421 0.763280 0.906872 0.957337 0.930282 0.914175
0.898419 0.883538 0.984338 0.869358 0.908484 0.963787 0.897810 0.902452 0.981591 0.830192 0.900766 0.942956 0.916564 0.994140 0.834945 0.848689 0.858424 0.843296 0.903821 0.812569 0.929606 0.633341 0.722848 0.777487 0.914560 0.944607 0.974260 0.926110 0.850985 0.907184 0.994614 0.883560 0.865587 0.812817 0.986727 0.996778 0.823282 0.000000 0.942660 0.837926 0.719685 0.810425 0.924289 0.928511 0.728781 0.829372 0.965385 0.894768 0.850542 0.959332 0.844532 0.926322 0.870201 0.883801 0.790219 0.763836 0.923825 0.928866 0.944336 0.909418 0.902228 0.804555 0.960520 0.899270 0.905599 0.874561 0.991826 0.906966 0.827794 0.831914 0.959287 0.842196 0.723516 0.770220 0.981345 0.996727 0.847677 0.959492 0.863609 0.815941 0.766284 0.807388 0.838691 0.606707 0.823696 0.973077 0.996670 0.916476 0.995941 0.760462 0.999631 0.914054 0.943932 0.976376 0.975652 0.777147 0.816653 0.893371 0.988490 0.834658 0.967299 0.928091 0.938668 0.946020 0.986540 0.957663 0.975521 0.974065 0.866290 0.978839 0.879133 0.793786 0.976706 0.981947 0.962867 0.817952
