0.000000 0.216310 0.576717 0.803581 0.670086 0.970527 0.543905 0.590901 0.852568 0.898890 0.383872 0.323823 0.315089 0.495202 0.719441 0.760574 0.347636 0.373389 0.314888 0.322876 0.917931 0.971547 0.672101 0.806845 0.931977 0.907728 0.994237 0.936807 0.589850 0.511441 0.999286 0.963214 0.390810 0.389664 0.777933 0.834284 0.648199 0.832675 0.906410 0.923717 0.828433 0.986062 0.997040 0.956919 0.960350 0.852644 0.584872 0.529566 0.678906 0.498259 0.567620 0.511563 0.892359 0.838165 0.443060 0.552562 0.297769 0.230699 0.329589 0.349768 0.264795 0.322400 0.263986 0.277674 0.613198 0.654386 0.630729 0.840210 0.351469 0.299263 0.801364 0.867528 0.548042 0.732975 0.687871 0.817871 0.820058 0.884026 0.513791 0.550914 0.263203 0.295236 0.398775 0.339430 0.275341 0.488358 0.581190 0.634511 0.458675 0.513569 0.569839 0.426470 0.558573 0.491655 0.890241 0.922695 0.453991 0.983538 0.913640 0.978389 0.748697 0.820754 0.790143 0.827917 0.743945 0.676926 0.992605 0.950074 0.869264 0.652576 0.982149 0.750526 0.950252 0.837434 0.724606 0.728102
0.216310 0.000000 0.619843 0.766513 0.738430 0.997201 0.618161 0.531880 0.907795 0.868795 0.437068 0.265860 0.372811 0.467251 0.786662 0.746991 0.333183 0.355528 0.362291 0.311168 0.977364 0.984834 0.723979 0.761509 0.953943 0.898152 0.956551 0.943121 0.591114 0.523150 0.924097 0.899149 0.461890 0.431812 0.809958 0.878646 0.650586 0.803597 0.870093 0.880705 0.837142 0.991802 0.936401 0.918812 0.981483 0.872587 0.522281 0.551068 0.724303 0.539145 0.565885 0.514185 0.953675 0.811594 0.452887 0.563914 0.292570 0.205305 0.373709 0.374272 0.311851 0.298318 0.298598 0.282868 0.629268 0.590038 0.684915 0.839098 0.358111 0.295866 0.801883 0.814130 0.590512 0.749963 0.719044 0.798579 0.743434 0.786678 0.502939 0.513468 0.289292 0.306075 0.418599 0.356315 0.315566 0.466350 0.567935 0.662234 0.486664 0.521166 0.509000 0.423286 0.541494 0.468617 0.905770 0.896432 0.484980 0.981473 0.949649 0.969031 0.735864 0.751606 0.890722 0.869164 0.745780 0.667140 0.985888 0.976543 0.853413 0.618001 0.997605 0.751891 0.920539 0.864679 0.709716 0.779009
0.576717 0.619843 0.000000 0.314324 0.885439 0.801282 0.535338 0.587414 0.912183 0.597516 0.886185 0.826393 0.644107 0.802693 0.978686 0.807359 0.897954 0.945750 0.727645 0.771368 0.522947 0.967284 0.823797 0.522679 0.404649 0.482974 0.837195 0.746852 0.860398 0.849706 0.720860 0.914937 0.620072 0.569481 0.515067 0.986449 0.398661 0.720112 0.540732 0.666246 0.715592 0.902986 0.725023 0.747417 0.928031 0.852849 0.510038 0.474031 0.937477 0.748438 0.662967 0.594747 0.943134 0.863494 0.381651 0.550905 0.831993 0.695256 0.456497 0.522848 0.617493 0.771989 0.791606 0.903320 0.269375 0.415552 0.350584 0.427916 0.566304 0.499654 0.781547 0.918517 0.715157 0.757557 0.736043 0.868761 0.641875 0.952848 0.765203 0.861814 0.829615 0.765609 0.757381 0.632163 0.538525 0.307267 0.732769 0.919900 0.533836 0.593403 0.964963 0.843851 0.829459 0.982403 0.906671 0.743562 0.600877 0.751752 0.935275 0.880244 0.970592 0.815185 0.990333 0.986316 0.563868 0.492599 0.840991 0.813231 0.939604 0.690696 0.979115 0.883389 0.955760 0.897890 0.675938 0.945292
0.803581 0.766513 0.314324 0.000000 0.788812 0.672715 0.641680 0.464928 0.837901 0.596824 0.943841 0.922608 0.812987 0.838811 0.899289 0.748652 0.913271 0.898112 0.914308 0.913856 0.550172 0.995766 0.981726 0.429746 0.374626 0.390840 0.860151 0.676487 0.719289 0.721197 0.745568 0.995316 0.808961 0.693175 0.633886 0.817910 0.491665 0.677156 0.445614 0.528346 0.744342 0.988070 0.534180 0.630973 0.863619 0.837402 0.451452 0.465544 0.816114 0.890858 0.675812 0.629781 0.990679 0.869312 0.533103 0.580840 0.989810 0.867948 0.575267 0.635153 0.794676 0.861905 0.998165 0.928361 0.359082 0.337955 0.363063 0.340413 0.774720 0.688271 0.764086 0.989455 0.949600 0.916844 0.797027 0.908019 0.593323 0.827643 0.813306 0.978282 0.950499 0.973688 0.902599 0.789240 0.761614 0.319603 0.853903 0.766804 0.675030 0.675882 0.785135 0.958600 0.618922 0.814713 0.883422 0.695936 0.657014 0.744850 0.967549 0.974312 0.844115 0.838082 0.936385 0.942937 0.521867 0.452163 0.811843 0.734192 0.901275 0.750951 0.897133 0.898542 0.796130 0.857369 0.688346 0.949710
0.670086 0.738430 0.885439 0.788812 0.000000 0.792211 0.870410 0.967941 0.729366 0.819554 0.699645 0.698932 0.626897 0.706242 0.777682 0.815196 0.654553 0.753817 0.673089 0.808544 0.766399 0.946108 0.751620 0.924874 0.758637 0.719887 0.855621 0.820737 0.639373 0.661589 0.839665 0.960890 0.841444 0.817013 0.956963 0.826879 0.836231 0.908640 0.833737 0.895664 0.822518 0.875577 0.869164 0.890608 0.857584 0.881081 0.937205 0.868101 0.752838 0.751122 0.794529 0.801325 0.814261 0.882821 0.956976 0.920350 0.706030 0.793322 0.776405 0.838503 0.682195 0.698143 0.624268 0.599199 0.933837 0.899654 0.908753 0.817062 0.830375 0.843670 0.999568 0.795361 0.956083 0.949079 0.968804 0.965771 0.848504 0.969303 0.794901 0.892224 0.681739 0.775060 0.734047 0.836955 0.703390 0.986756 0.844948 0.722346 0.840357 0.866880 0.713782 0.777331 0.574833 0.677989 0.862104 0.933005 0.905845 0.714979 0.953669 0.962537 0.729030 0.969092 0.872924 0.829140 0.942874 0.956896 0.976307 0.845055 0.980802 0.945810 0.815643 0.837697 0.861947 0.871997 0.908183 0.892076
0.970527 0.997201 0.801282 0.672715 0.792211 0.000000 0.977726 0.813567 0.846846 0.789604 0.948940 0.970158 0.911312 0.948514 0.765388 0.986215 0.906241 0.908202 0.873160 0.932379 0.671470 0.954240 0.681816 0.921040 0.694854 0.555140 0.969388 0.553716 0.818205 0.790237 0.955115 0.897706 0.981509 0.877180 0.803802 0.843925 0.831009 0.968097 0.742666 0.514904 0.648703 0.912691 0.641388 0.663275 0.974799 0.898734 0.777000 0.785236 0.847884 0.876191 0.928436 0.956845 0.889767 0.852706 0.859337 0.701833 0.973940 0.993862 0.902378 0.938961 0.965916 0.979756 0.865232 0.830122 0.777473 0.622490 0.655047 0.563996 0.972102 0.926512 0.953104 0.927401 0.927540 0.975467 0.930860 0.977124 0.934430 0.877839 0.921024 0.871861 0.892359 0.990949 0.886132 0.996003 0.934034 0.734885 0.975059 0.801885 0.954532 0.872486 0.660703 0.801867 0.625449 0.699667 0.945369 0.679732 0.805689 0.659082 0.899413 0.909742 0.682970 0.973629 0.942399 0.892917 0.960250 0.756810 0.938628 0.910873 0.909174 0.991193 0.895670 0.923690 0.957496 0.937232 0.932697 0.771270
0.543905 0.618161 0.535338 0.641680 0.870410 0.977726 0.000000 0.379096 0.632315 0.776121 0.564200 0.605517 0.346260 0.400057 0.537681 0.556695 0.633875 0.628554 0.354936 0.528379 0.830780 0.969069 0.659935 0.770792 0.994978 0.983769 0.876252 0.936925 0.611044 0.639103 0.686725 0.676272 0.398235 0.351811 0.849209 0.918465 0.766802 0.849986 0.983286 0.944391 0.885337 0.987540 0.595613 0.496786 0.564180 0.433327 0.541735 0.360525 0.603076 0.491281 0.476781 0.541724 0.698719 0.804434 0.612814 0.649041 0.648334 0.683050 0.439817 0.607797 0.359754 0.524589 0.498993 0.590923 0.741194 0.724103 0.520456 0.635086 0.773027 0.619127 0.656044 0.730777 0.529161 0.562794 0.795375 0.703691 0.505635 0.671852 0.611344 0.690683 0.678265 0.753835 0.696945 0.716328 0.633097 0.611186 0.862548 0.923616 0.675727 0.797629 0.833090 0.958502 0.970988 0.946252 0.935830 0.925804 0.541367 0.872188 0.567940 0.586629 0.892041 0.761743 0.605491 0.568468 0.648452 0.714725 0.817316 0.716940 0.919076 0.708660 0.711751 0.543926 0.702787 0.662312 0.749788 0.606302
0.590901 0.531880 0.587414 0.464928 0.967941 0.813567 0.379096 0.000000 0.816744 0.928172 0.614663 0.478984 0.517847 0.425957 0.818309 0.554662 0.691732 0.678135 0.526081 0.577051 0.851564 0.908774 0.935039 0.699889 0.907410 0.895750 0.912827 0.976741 0.699554 0.699723 0.844766 0.788834 0.578219 0.428360 0.956598 0.977724 0.682972 0.703451 0.770418 0.744740 0.912730 0.902632 0.435659 0.442267 0.766591 0.508438 0.376423 0.345694 0.689466 0.595234 0.401314 0.461645 0.836601 0.990287 0.563588 0.588680 0.654744 0.621336 0.448059 0.530159 0.447740 0.418286 0.590636 0.607000 0.749024 0.463518 0.505616 0.516742 0.761246 0.574092 0.785992 0.906192 0.727143 0.742102 0.795523 0.739904 0.504774 0.580616 0.641646 0.697966 0.719547 0.763396 0.715521 0.739077 0.756578 0.481734 0.869829 0.892367 0.734472 0.767200 0.829119 0.991477 0.884304 0.906406 0.943829 0.753579 0.533029 0.799570 0.613838 0.606544 0.740512 0.925713 0.667534 0.586015 0.595815 0.538001 0.786144 0.695401 0.859522 0.685332 0.697368 0.562145 0.612688 0.679610 0.647211 0.722732
0.852568 0.907795 0.912183 0.837901 0.729366 0.846846 0.632315 0.816744 0.000000 0.424057 0.721032 0.829330 0.635454 0.657296 0.499833 0.590728 0.765088 0.769989 0.646784 0.850951 0.938741 0.838839 0.679023 0.968209 0.658380 0.632212 0.843149 0.784576 0.581844 0.652331 0.836950 0.741266 0.711679 0.732199 0.975130 0.830782 0.850593 0.880385 0.676944 0.768830 0.926030 0.857381 0.864763 0.696194 0.468924 0.522259 0.903352 0.820115 0.526035 0.621322 0.712654 0.772775 0.511759 0.558246 0.906539 0.976489 0.858975 0.911807 0.828052 0.967657 0.684288 0.736475 0.668085 0.672508 0.820998 0.759490 0.956203 0.908980 0.856178 0.957577 0.932456 0.869337 0.820079 0.869952 0.886891 0.842695 0.885506 0.757446 0.840423 0.902604 0.855506 0.995907 0.943161 0.998752 0.993276 0.840040 0.993052 0.847462 0.949738 0.896615 0.950570 0.911765 0.777173 0.877549 0.935472 0.882583 0.944795 0.890872 0.624083 0.599190 0.961955 0.740126 0.625372 0.656742 0.951658 0.971521 0.883083 0.918223 0.972026 0.970930 0.779491 0.769587 0.719666 0.748133 0.927789 0.723888
0.898890 0.868795 0.597516 0.596824 0.819554 0.789604 0.776121 0.928172 0.424057 0.000000 0.832723 0.939847 0.855609 0.805039 0.576411 0.734292 0.892646 0.891030 0.809057 0.998449 0.720042 0.930164 0.814839 0.682779 0.420178 0.485655 0.702889 0.636938 0.547715 0.625857 0.855104 0.606243 0.958499 0.898129 0.643822 0.923440 0.692353 0.816101 0.494903 0.584436 0.784794 0.998992 0.866711 0.709740 0.394215 0.507750 0.894312 0.994874 0.417405 0.676359 0.778688 0.898958 0.523359 0.426698 0.736617 0.773829 0.989188 0.899927 0.937681 0.909644 0.852843 0.862963 0.849216 0.782536 0.472025 0.528093 0.715818 0.688520 0.692483 0.850018 0.963879 0.754035 0.844058 0.804010 0.953487 0.840278 0.892498 0.822285 0.964099 0.953894 0.999602 0.811063 0.925793 0.744838 0.720312 0.518204 0.816256 0.960458 0.775593 0.739618 0.855136 0.728439 0.844025 0.990199 0.981850 0.852972 0.855563 0.944591 0.522282 0.426427 0.859212 0.632961 0.595450 0.647749 0.830441 0.771769 0.915279 0.868446 0.890733 0.894125 0.720827 0.738054 0.699230 0.784355 0.940914 0.838042
0.383872 0.437068 0.886185 0.943841 0.699645 0.948940 0.564200 0.614663 0.721032 0.832723 0.000000 0.316268 0.399275 0.487286 0.682204 0.776121 0.350041 0.348905 0.363937 0.344957 0.947553 0.998864 0.873834 0.898062 0.722546 0.685073 0.834457 0.783125 0.445330 0.352053 0.857683 0.942192 0.510578 0.446126 0.960549 0.772032 0.944400 0.934508 0.825833 0.895984 0.929187 0.905352 0.969284 0.953705 0.818277 0.785075 0.831388 0.677897 0.601532 0.617590 0.679818 0.708058 0.974881 0.893930 0.731498 0.667959 0.423638 0.421986 0.559420 0.595708 0.349596 0.368876 0.330059 0.326909 0.961687 0.827860 0.828559 0.927138 0.649526 0.584128 0.858844 0.976338 0.559011 0.679352 0.712173 0.869562 0.876068 0.836923 0.587198 0.490196 0.356099 0.396450 0.579306 0.559561 0.589870 0.792344 0.820324 0.751227 0.764316 0.776697 0.768466 0.622288 0.662194 0.558135 0.779123 0.903705 0.659232 0.900118 0.776482 0.922485 0.938031 0.939123 0.630784 0.732899 0.965479 0.899452 0.863154 0.894883 0.840296 0.813882 0.912471 0.783083 0.931849 0.775233 0.791182 0.679639
0.323823 0.265860 0.826393 0.922608 0.698932 0.970158 0.605517 0.478984 0.829330 0.939847 0.316268 0.000000 0.410902 0.395871 0.764231 0.735250 0.319955 0.337002 0.366291 0.333573 0.869769 0.919982 0.853552 0.948559 0.792055 0.711973 0.921252 0.785979 0.436896 0.371736 0.845718 0.996905 0.507051 0.436282 0.989316 0.854664 0.808917 0.850082 0.948266 0.992617 0.972582 0.976563 0.922808 0.905704 0.881834 0.799885 0.600772 0.607638 0.627788 0.560412 0.556723 0.578272 0.945035 0.862660 0.636813 0.653540 0.320126 0.300353 0.487451 0.487627 0.311218 0.225979 0.282545 0.255332 0.918578 0.671810 0.800988 0.887242 0.528232 0.448564 0.904654 0.837241 0.619904 0.777491 0.718920 0.732173 0.810341 0.752661 0.538455 0.484371 0.314838 0.363022 0.479038 0.496473 0.510829 0.632236 0.694788 0.710168 0.673185 0.689837 0.648285 0.520473 0.589904 0.471472 0.842620 0.945406 0.558155 0.975275 0.811110 0.872519 0.899672 0.955531 0.725495 0.715789 0.876157 0.790383 0.938287 0.972736 0.839918 0.691785 0.866737 0.703327 0.867708 0.802819 0.720934 0.698179
0.315089 0.372811 0.644107 0.812987 0.626897 0.911312 0.346260 0.517847 0.635454 0.855609 0.399275 0.410902 0.000000 0.365681 0.479325 0.504811 0.385546 0.422049 0.268705 0.363936 0.935838 0.957256 0.530908 0.748926 0.937803 0.793138 0.946365 0.874896 0.496545 0.493658 0.894848 0.838008 0.360536 0.348688 0.852186 0.850269 0.806045 0.905542 0.978840 0.982270 0.831858 0.999709 0.895670 0.780393 0.730248 0.624246 0.598442 0.459109 0.596930 0.449587 0.530005 0.538187 0.747941 0.918697 0.584958 0.638474 0.437989 0.425208 0.407100 0.519726 0.254347 0.379028 0.268734 0.340213 0.695644 0.785650 0.694037 0.858107 0.586343 0.478519 0.752937 0.987849 0.557667 0.657353 0.806558 0.779010 0.631366 0.793454 0.531842 0.554501 0.409952 0.488259 0.477237 0.472007 0.373437 0.584067 0.650988 0.620500 0.566817 0.606413 0.760962 0.647749 0.645758 0.592406 0.964343 0.959240 0.555764 0.997176 0.733366 0.792242 0.828104 0.991684 0.770273 0.689417 0.739065 0.742754 0.998364 0.942166 0.921815 0.814631 0.918939 0.637478 0.776316 0.771559 0.755488 0.625195
0.495202 0.467251 0.802693 0.838811 0.706242 0.948514 0.400057 0.425957 0.657296 0.805039 0.487286 0.395871 0.365681 0.000000 0.586537 0.500621 0.456008 0.427312 0.332887 0.389474 0.935793 0.952698 0.652826 0.738463 0.807053 0.792691 0.946604 0.820596 0.416047 0.464579 0.887977 0.675541 0.433198 0.396894 0.915383 0.968049 0.879464 0.817035 0.992123 0.999502 0.974077 0.880660 0.733118 0.633440 0.666409 0.545684 0.543041 0.473743 0.610528 0.545484 0.536858 0.590368 0.783046 0.897953 0.740059 0.748576 0.455140 0.535443 0.572632 0.694259 0.392767 0.400594 0.377697 0.394206 0.901595 0.770747 0.761394 0.826273 0.779143 0.659507 0.719472 0.861018 0.723461 0.713913 0.833951 0.668046 0.654109 0.632382 0.524767 0.550612 0.477761 0.564345 0.489793 0.604367 0.549314 0.630629 0.838505 0.649243 0.739782 0.698063 0.904870 0.849737 0.780889 0.714779 0.929308 0.938411 0.580304 0.939656 0.652693 0.643381 0.931536 0.871004 0.670755 0.672890 0.791158 0.868644 0.989600 0.904521 0.941547 0.697582 0.774907 0.634511 0.734871 0.648440 0.814134 0.610104
0.719441 0.786662 0.978686 0.899289 0.777682 0.765388 0.537681 0.818309 0.499833 0.576411 0.682204 0.764231 0.479325 0.586537 0.000000 0.432417 0.619185 0.624830 0.565588 0.701435 0.951337 0.959019 0.437272 0.875162 0.775809 0.682785 0.959111 0.832916 0.509693 0.569364 0.680989 0.582918 0.550533 0.666724 0.955065 0.826145 0.949514 0.869598 0.693085 0.685735 0.979595 0.953797 0.974909 0.829315 0.674501 0.680947 0.897672 0.801018 0.652382 0.647273 0.842579 0.868182 0.690088 0.747860 0.919685 0.962261 0.746070 0.782957 0.833452 0.956998 0.633429 0.732422 0.542187 0.584111 0.973244 0.748310 0.920158 0.782809 0.966231 0.900451 0.862610 0.881354 0.777938 0.871158 0.903724 0.764569 0.809979 0.878754 0.752215 0.766200 0.692281 0.860147 0.649691 0.716533 0.730607 0.974049 0.799292 0.678670 0.872629 0.865525 0.883579 0.931038 0.665859 0.753997 0.891261 0.848080 0.906466 0.840561 0.673411 0.737850 0.756289 0.881601 0.824113 0.809098 0.987006 0.906733 0.997963 0.888010 0.991794 0.977749 0.960717 0.644545 0.868577 0.703734 0.932758 0.680330
0.760574 0.746991 0.807359 0.748652 0.815196 0.986215 0.556695 0.554662 0.590728 0.734292 0.776121 0.735250 0.504811 0.500621 0.432417 0.000000 0.739483 0.752990 0.658279 0.759962 0.840767 0.945082 0.601697 0.651318 0.986298 0.980421 0.911792 0.973967 0.661062 0.769635 0.704028 0.698719 0.657649 0.655283 0.949436 0.962238 0.865011 0.927525 0.933936 0.958613 0.929644 0.938005 0.692919 0.578253 0.770487 0.583902 0.630471 0.605321 0.753062 0.703554 0.659264 0.686898 0.667113 0.748075 0.853921 0.940549 0.803400 0.801461 0.739656 0.858104 0.656421 0.676044 0.645697 0.682253 0.790972 0.898346 0.877968 0.911240 0.980980 0.836059 0.853019 0.920500 0.905558 0.822776 0.863734 0.695359 0.665290 0.776590 0.717910 0.772917 0.841304 0.943804 0.691290 0.757151 0.790594 0.709250 0.870917 0.888281 0.894167 0.790937 0.976912 0.972764 0.869052 0.904326 0.964597 0.958103 0.837874 0.891834 0.701118 0.684779 0.906053 0.994654 0.850558 0.726200 0.830079 0.819229 0.989429 0.823096 0.962073 0.977008 0.849690 0.657014 0.612918 0.557478 0.769526 0.844295
0.347636 0.333183 0.897954 0.913271 0.654553 0.906241 0.633875 0.691732 0.765088 0.892646 0.350041 0.319955 0.385546 0.456008 0.619185 0.739483 0.000000 0.222566 0.332735 0.304524 0.802790 0.961311 0.716276 0.966371 0.752496 0.631480 0.999567 0.799209 0.382697 0.308666 0.924996 0.936602 0.459685 0.469413 0.987609 0.771561 0.863720 0.914245 0.839494 0.956793 0.904096 0.913518 0.971602 0.959708 0.872306 0.832348 0.755921 0.744868 0.640841 0.622142 0.733524 0.744278 0.956307 0.885570 0.733968 0.736827 0.267313 0.307322 0.600837 0.659721 0.399694 0.382614 0.289675 0.268103 0.895538 0.861171 0.914467 0.944586 0.570907 0.542065 0.863713 0.944227 0.604964 0.767370 0.799675 0.785573 0.895157 0.737581 0.463518 0.436890 0.254597 0.311904 0.433155 0.448593 0.439719 0.724707 0.661951 0.572466 0.671878 0.694427 0.589119 0.569263 0.500691 0.518321 0.799441 0.947285 0.598756 0.940329 0.874254 0.949271 0.745068 0.981451 0.730047 0.774429 0.920910 0.949362 0.879732 0.838564 0.881553 0.800183 0.991440 0.737863 0.982813 0.705359 0.814486 0.688294
0.373389 0.355528 0.945750 0.898112 0.753817 0.908202 0.628554 0.678135 0.769989 0.891030 0.348905 0.337002 0.422049 0.427312 0.624830 0.752990 0.222566 0.000000 0.337776 0.246253 0.843966 0.990841 0.748159 0.960973 0.721725 0.610452 0.960099 0.796793 0.349718 0.279882 0.912538 0.906183 0.449508 0.503260 0.965554 0.806890 0.885398 0.831585 0.837220 0.896157 0.881154 0.892761 0.981645 0.935018 0.875280 0.861735 0.796610 0.761658 0.674590 0.696465 0.795547 0.834277 0.951579 0.843966 0.797402 0.770905 0.260357 0.318488 0.662667 0.716577 0.454503 0.429178 0.313026 0.286407 0.933027 0.884538 0.927117 0.926260 0.561774 0.553558 0.772214 0.976201 0.584993 0.720880 0.833489 0.775725 0.865625 0.694417 0.444123 0.419840 0.265318 0.305120 0.446010 0.452365 0.485927 0.752387 0.701110 0.561115 0.707038 0.775987 0.610967 0.613127 0.511758 0.576492 0.725573 0.943238 0.602847 0.884300 0.846545 0.918916 0.735266 0.954291 0.743819 0.741845 0.876262 0.993139 0.920650 0.818178 0.910954 0.769681 0.941139 0.728919 0.992636 0.726454 0.881781 0.670383
0.314888 0.362291 0.727645 0.914308 0.673089 0.873160 0.354936 0.526081 0.646784 0.809057 0.363937 0.366291 0.268705 0.332887 0.565588 0.658279 0.332735 0.337776 0.000000 0.310289 0.983779 0.969541 0.569007 0.824994 0.826715 0.705883 0.952877 0.804715 0.401813 0.364034 0.893145 0.824269 0.365599 0.344747 0.939011 0.865934 0.863580 0.907460 0.855790 0.939241 0.929103 0.983723 0.916202 0.802091 0.719235 0.645958 0.668319 0.502531 0.540270 0.448589 0.555529 0.576901 0.803608 0.951159 0.625788 0.676628 0.345301 0.383246 0.436535 0.528366 0.272385 0.347660 0.262231 0.286681 0.862194 0.850048 0.726385 0.925589 0.559219 0.489801 0.721421 0.931877 0.522139 0.676661 0.769200 0.767712 0.731924 0.740337 0.485974 0.553760 0.327726 0.404743 0.474605 0.496534 0.428525 0.671209 0.758799 0.620299 0.626573 0.687806 0.772589 0.651411 0.647016 0.575389 0.925166 0.957559 0.511773 0.953576 0.730815 0.757023 0.853056 0.907241 0.678861 0.686242 0.793712 0.860619 0.987128 0.970403 0.875239 0.691495 0.859842 0.646546 0.873895 0.732178 0.808981 0.591641
0.322876 0.311168 0.771368 0.913856 0.808544 0.932379 0.528379 0.577051 0.850951 0.998449 0.344957 0.333573 0.363936 0.389474 0.701435 0.759962 0.304524 0.246253 0.310289 0.000000 0.952798 0.999760 0.735383 0.860816 0.886438 0.780318 0.970564 0.843437 0.474483 0.370921 0.999480 0.924942 0.441554 0.430862 0.949288 0.865680 0.781960 0.714136 0.986694 0.990501 0.849681 0.903388 0.949740 0.893854 0.908745 0.855294 0.708120 0.657818 0.730096 0.668036 0.702004 0.732078 0.944238 0.830441 0.655162 0.656182 0.283374 0.304659 0.533101 0.589781 0.382679 0.410691 0.319573 0.324701 0.785577 0.733045 0.772394 0.917883 0.517290 0.481102 0.674707 0.937062 0.552369 0.654865 0.817471 0.832946 0.709994 0.710965 0.447551 0.447267 0.293864 0.307360 0.452499 0.424596 0.408262 0.616405 0.651948 0.622103 0.619609 0.677524 0.634920 0.586664 0.630545 0.615998 0.797267 0.974117 0.524414 0.914484 0.869740 0.925843 0.780433 0.986490 0.758738 0.795763 0.728890 0.867646 0.952415 0.914775 0.889506 0.657957 0.912488 0.762694 0.969507 0.783825 0.806997 0.678935
0.917931 0.977364 0.522947 0.550172 0.766399 0.671470 0.830780 0.851564 0.938741 0.720042 0.947553 0.869769 0.935838 0.935793 0.951337 0.840767 0.802790 0.843966 0.983779 0.952798 0.000000 0.992079 0.963908 0.698876 0.491084 0.471642 0.763811 0.654352 0.688630 0.675436 0.739185 0.819884 0.872562 0.841743 0.699817 0.917802 0.674260 0.818786 0.650321 0.626514 0.798348 0.990585 0.756421 0.732377 0.987191 0.852795 0.722846 0.683418 0.907671 0.944745 0.846658 0.804324 0.970159 0.974293 0.723760 0.722402 0.932533 0.956695 0.734558 0.822809 0.939383 0.933280 0.943265 0.856439 0.503741 0.681589 0.556706 0.592585 0.848895 0.780177 0.924650 0.973035 0.978515 0.915946 0.920978 0.954156 0.736592 0.966893 0.986751 0.927608 0.908139 0.986412 0.953479 0.879377 0.892693 0.594264 0.989338 0.806308 0.845617 0.797597 0.841936 0.959541 0.739627 0.808380 0.982649 0.749710 0.782541 0.831466 0.998125 0.895308 0.824800 0.849601 0.880465 0.933275 0.760899 0.654432 0.996774 0.978786 0.940136 0.988325 0.980321 0.976700 0.911014 0.905833 0.814586 0.930562
0.971547 0.984834 0.967284 0.995766 0.946108 0.954240 0.969069 0.908774 0.838839 0.930164 0.998864 0.919982 0.957256 0.952698 0.959019 0.945082 0.961311 0.990841 0.969541 0.999760 0.992079 0.000000 0.991324 0.949552 0.989792 0.971210 0.870066 0.955480 0.969227 0.918784 0.890156 0.966145 0.894348 0.985532 0.985938 0.997845 0.977417 0.963798 0.980149 0.902647 0.887319 0.751386 0.911868 0.893012 0.955809 0.964222 0.952540 0.976195 0.951879 0.986113 0.993459 0.948910 0.927273 0.994204 0.906657 0.980566 0.956172 0.958894 0.965109 0.975436 0.991571 0.971045 0.975517 0.973312 0.909431 0.985905 0.977179 0.994645 0.957719 0.964561 0.927054 0.956824 0.962851 0.946392 0.939853 0.961599 0.982928 0.768960 0.984471 0.911702 0.986106 0.999431 0.876095 0.982722 0.867613 0.966728 0.879809 0.877017 0.824774 0.933556 0.972640 0.975876 0.976974 0.977550 0.930174 0.887135 0.901337 0.915928 0.978700 0.951475 0.941496 0.786680 0.966288 0.954679 0.959149 0.909150 0.979705 0.977671 0.912958 0.975796 0.945299 0.975008 0.993602 0.930146 0.963057 0.856648
0.672101 0.723979 0.823797 0.981726 0.751620 0.681816 0.659935 0.935039 0.679023 0.814839 0.873834 0.853552 0.530908 0.652826 0.437272 0.601697 0.716276 0.748159 0.569007 0.735383 0.963908 0.991324 0.000000 0.625524 0.979828 0.798432 0.845403 0.932084 0.680320 0.732347 0.650533 0.755524 0.616937 0.797821 0.873399 0.877317 0.919945 0.863467 0.831836 0.713778 0.974456 0.955725 0.841179 0.988238 0.874625 0.843506 0.873435 0.767685 0.776224 0.590077 0.852164 0.783829 0.638631 0.718018 0.817200 0.962601 0.741358 0.744774 0.774622 0.816878 0.668756 0.807867 0.584494 0.615591 0.827455 0.777401 0.953741 0.759240 0.831914 0.764544 0.888059 0.896110 0.850466 0.936776 0.936152 0.867031 0.862669 0.952817 0.679449 0.834035 0.663371 0.810352 0.646999 0.649076 0.542393 0.834369 0.746008 0.526149 0.727674 0.656656 0.725702 0.744606 0.603861 0.640561 0.979544 0.827740 0.837488 0.858872 0.946343 0.935282 0.589930 0.898572 0.958733 0.951842 0.996623 0.962304 0.948968 0.964262 0.929635 0.904452 0.963990 0.874136 0.943944 0.944138 0.987685 0.807462
0.806845 0.761509 0.522679 0.429746 0.924874 0.921040 0.770792 0.699889 0.968209 0.682779 0.898062 0.948559 0.748926 0.738463 0.875162 0.651318 0.966371 0.960973 0.824994 0.860816 0.698876 0.949552 0.625524 0.000000 0.483991 0.641299 0.669552 0.759769 0.929475 0.891140 0.742659 0.908132 0.777535 0.789274 0.680544 0.882268 0.652394 0.793387 0.644752 0.804494 0.779103 0.947617 0.823546 0.824728 0.839001 0.965776 0.615296 0.623834 0.790932 0.927623 0.873626 0.796785 0.993103 0.909239 0.707502 0.787169 0.905748 0.829525 0.757407 0.836369 0.873567 0.922147 0.892460 0.942813 0.477603 0.639989 0.651639 0.716262 0.817541 0.781982 0.761970 0.986595 0.913931 0.856484 0.891746 0.887128 0.772328 0.874900 0.734942 0.992255 0.898678 0.873003 0.736167 0.657130 0.623789 0.429769 0.666286 0.846692 0.753354 0.638009 0.970487 0.853513 0.916948 0.984984 0.986085 0.819189 0.817855 0.943418 0.886131 0.939786 0.858070 0.810809 0.750520 0.952576 0.638169 0.669245 0.931787 0.908726 0.999344 0.833611 0.974846 0.995137 0.936875 0.893080 0.920056 0.989993
0.931977 0.953943 0.404649 0.374626 0.758637 0.694854 0.994978 0.907410 0.658380 0.420178 0.722546 0.792055 0.937803 0.807053 0.775809 0.986298 0.752496 0.721725 0.826715 0.886438 0.491084 0.989792 0.979828 0.483991 0.000000 0.287295 0.667646 0.556354 0.500050 0.511984 0.739648 0.771811 0.981260 0.971853 0.520960 0.792067 0.512952 0.735641 0.407739 0.565113 0.753136 0.936485 0.856430 0.930168 0.627123 0.817625 0.729228 0.764928 0.570437 0.863603 0.989108 0.871344 0.847652 0.761803 0.596889 0.705317 0.851906 0.998310 0.784281 0.788892 0.908545 0.831271 0.801865 0.720117 0.324794 0.528882 0.524712 0.539554 0.810170 0.775304 0.858743 0.990285 0.917495 0.905921 0.964995 0.900822 0.848941 0.923443 0.979641 0.870706 0.851196 0.967575 0.992281 0.816636 0.790995 0.456876 0.792828 0.821414 0.716715 0.686249 0.914827 0.951062 0.662449 0.788924 0.923446 0.750062 0.827444 0.767646 0.703192 0.713032 0.989302 0.727392 0.698317 0.789131 0.686785 0.566055 0.885297 0.896522 0.936543 0.895332 0.854507 0.855568 0.958518 0.953573 0.846528 0.766357
0.907728 0.898152 0.482974 0.390840 0.719887 0.555140 0.983769 0.895750 0.632212 0.485655 0.685073 0.711973 0.793138 0.792691 0.682785 0.980421 0.631480 0.610452 0.705883 0.780318 0.471642 0.971210 0.798432 0.641299 0.287295 0.000000 0.822694 0.500406 0.467792 0.444960 0.744167 0.918192 0.937117 0.989796 0.558208 0.762420 0.579147 0.776924 0.458762 0.505712 0.733564 0.991230 0.688888 0.794843 0.730139 0.906114 0.743571 0.819018 0.570442 0.797206 0.976821 0.907581 0.877935 0.823170 0.702642 0.708899 0.747243 0.848592 0.852190 0.882718 0.820222 0.742024 0.653796 0.587465 0.437523 0.502996 0.476958 0.440016 0.932497 0.964123 0.832641 0.924875 0.881999 0.984428 0.973090 0.921417 0.853277 0.970412 0.895751 0.892709 0.687514 0.824423 0.836483 0.974078 0.999325 0.557316 0.952418 0.622736 0.889149 0.818222 0.722900 0.821797 0.471942 0.599859 0.849557 0.710149 0.877236 0.764865 0.789763 0.770099 0.825502 0.831598 0.839844 0.775095 0.715429 0.604000 0.827830 0.902708 0.935976 0.954099 0.924373 0.861019 0.989330 0.995166 0.865858 0.683887
0.994237 0.956551 0.837195 0.860151 0.855621 0.969388 0.876252 0.912827 0.843149 0.702889 0.834457 0.921252 0.946365 0.946604 0.959111 0.911792 0.999567 0.960099 0.952877 0.970564 0.763811 0.870066 0.845403 0.669552 0.667646 0.822694 0.000000 0.925405 0.938072 0.895978 0.848193 0.879778 0.952379 0.933809 0.912629 0.768761 0.808206 0.775347 0.824314 0.989659 0.950268 0.883007 0.872779 0.872293 0.687379 0.741641 0.971591 0.908735 0.695097 0.836231 0.865862 0.896202 0.806460 0.817819 0.872557 0.962920 0.988334 0.956126 0.932245 0.932814 0.846210 0.873815 0.973307 0.953710 0.701913 0.886778 0.935492 0.993356 0.880779 0.966414 0.947927 0.984467 0.841894 0.829476 0.894795 0.914817 0.992865 0.922292 0.909063 0.983821 0.936279 0.919839 0.752545 0.852622 0.805975 0.761132 0.790995 0.824602 0.787451 0.885863 0.840175 0.839453 0.981973 0.935196 0.926410 0.969839 0.945037 0.996524 0.823309 0.808024 0.860582 0.760544 0.667406 0.750280 0.905979 0.954407 0.946048 0.874060 0.983804 0.994614 0.801246 0.938040 0.829186 0.897266 0.995829 0.779553
0.936807 0.943121 0.746852 0.676487 0.820737 0.553716 0.936925 0.976741 0.784576 0.636938 0.783125 0.785979 0.874896 0.820596 0.832916 0.973967 0.799209 0.796793 0.804715 0.843437 0.654352 0.955480 0.932084 0.759769 0.556354 0.500406 0.925405 0.000000 0.693735 0.617589 0.988315 0.935405 0.957992 0.948475 0.684893 0.851626 0.865541 0.943402 0.705900 0.589901 0.710524 0.956342 0.787997 0.898938 0.814487 0.930517 0.836629 0.837901 0.741144 0.814288 0.976342 0.986685 0.887360 0.885598 0.815036 0.722459 0.851709 0.917816 0.905802 0.958361 0.879974 0.830291 0.799167 0.741653 0.611444 0.748852 0.714541 0.725024 0.978741 0.920848 0.941726 0.890025 0.798757 0.910296 0.947396 0.944152 0.906801 0.995357 0.936429 0.989870 0.825762 0.902217 0.868009 0.955716 0.989443 0.727324 0.972747 0.781204 0.964364 0.833853 0.847190 0.912728 0.710330 0.781805 0.955321 0.928426 0.944329 0.841362 0.921131 0.817071 0.975752 0.777924 0.824901 0.790936 0.974256 0.764217 0.867877 0.980196 0.937046 0.978630 0.955302 0.824221 0.988296 0.986876 0.983799 0.731097
0.589850 0.591114 0.860398 0.719289 0.639373 0.818205 0.611044 0.699554 0.581844 0.547715 0.445330 0.436896 0.496545 0.416047 0.509693 0.661062 0.382697 0.349718 0.401813 0.474483 0.688630 0.969227 0.680320 0.929475 0.500050 0.467792 0.938072 0.693735 0.000000 0.244417 0.981460 0.714320 0.544458 0.548193 0.800595 0.803563 0.930693 0.958568 0.587946 0.729665 0.908551 0.939495 0.942273 0.820638 0.612780 0.654187 0.868330 0.772674 0.458604 0.607140 0.726108 0.829600 0.772509 0.853695 0.965058 0.924885 0.436381 0.558669 0.767534 0.826829 0.513179 0.458103 0.371983 0.341109 0.764129 0.855942 0.895748 0.786365 0.832408 0.779453 0.868951 0.908092 0.696802 0.806406 0.928478 0.718008 0.890942 0.781699 0.553671 0.548273 0.430008 0.571788 0.545045 0.742635 0.724455 0.995664 0.890476 0.623183 0.880252 0.922565 0.813063 0.854023 0.565001 0.628776 0.872453 0.903220 0.788702 0.824110 0.622903 0.646055 0.900094 0.812490 0.625917 0.607380 0.942951 0.843790 0.999793 0.934970 0.921278 0.854873 0.815028 0.624236 0.873959 0.664721 0.960895 0.660251
0.511441 0.523150 0.849706 0.721197 0.661589 0.790237 0.639103 0.699723 0.652331 0.625857 0.352053 0.371736 0.493658 0.464579 0.569364 0.769635 0.308666 0.279882 0.364034 0.370921 0.675436 0.918784 0.732347 0.891140 0.511984 0.444960 0.895978 0.617589 0.244417 0.000000 0.929598 0.750584 0.560426 0.581881 0.725638 0.729504 0.955724 0.974686 0.591546 0.721566 0.935820 0.891225 0.936671 0.955518 0.760123 0.795404 0.926275 0.856626 0.539279 0.670518 0.816518 0.898117 0.917603 0.968825 0.932901 0.920413 0.348043 0.463176 0.771257 0.807218 0.498813 0.445165 0.366248 0.308603 0.752822 0.904061 0.880164 0.755528 0.733992 0.713711 0.892038 0.964048 0.603729 0.793112 0.836966 0.769319 0.972088 0.757440 0.545740 0.541621 0.337275 0.438736 0.535127 0.639573 0.676387 0.987875 0.808740 0.596875 0.850206 0.916647 0.724003 0.716799 0.520880 0.567295 0.778633 0.915780 0.743876 0.853656 0.732656 0.749709 0.857238 0.779996 0.625800 0.616213 0.996942 0.873154 0.900468 0.873141 0.965654 0.814570 0.859165 0.693834 0.976953 0.748661 0.953081 0.609903
0.999286 0.924097 0.720860 0.745568 0.839665 0.955115 0.686725 0.844766 0.836950 0.855104 0.857683 0.845718 0.894848 0.887977 0.680989 0.704028 0.924996 0.912538 0.893145 0.999480 0.739185 0.890156 0.650533 0.742659 0.739648 0.744167 0.848193 0.988315 0.981460 0.929598 0.000000 0.659518 0.768170 0.813299 0.792744 0.807354 0.724446 0.872211 0.974032 0.998717 0.956954 0.969137 0.738609 0.685416 0.782246 0.743368 0.895528 0.780350 0.928701 0.793570 0.801645 0.829750 0.616546 0.651961 0.851019 0.994891 0.909695 0.910988 0.876328 0.931962 0.953058 0.938347 0.983778 0.956618 0.788051 0.964649 0.767629 0.862930 0.864611 0.966758 0.716217 0.600809 0.889371 0.863049 0.840146 0.862377 0.668261 0.887688 0.889123 0.921768 0.902625 0.793006 0.999170 0.912862 0.985339 0.876664 0.922391 0.850454 0.989413 0.955955 0.832903 0.801177 0.824473 0.799294 0.993379 0.993226 0.879233 0.943391 0.893943 0.860567 0.976979 0.851378 0.814856 0.928454 0.739057 0.903738 0.847037 0.730636 0.983345 0.970517 0.929886 0.790084 0.905290 0.772780 0.965968 0.842263
0.963214 0.899149 0.914937 0.995316 0.960890 0.897706 0.676272 0.788834 0.741266 0.606243 0.942192 0.996905 0.838008 0.675541 0.582918 0.698719 0.936602 0.906183 0.824269 0.924942 0.819884 0.966145 0.755524 0.908132 0.771811 0.918192 0.879778 0.935405 0.714320 0.750584 0.659518 0.000000 0.760574 0.805240 0.886697 0.871918 0.940339 0.945372 0.801656 0.764125 0.994601 0.908664 0.781858 0.699516 0.680681 0.670229 0.926745 0.878279 0.779462 0.815473 0.834779 0.938194 0.684497 0.679275 0.951872 0.957383 0.997363 0.882260 0.993043 0.915268 0.911746 0.980881 0.912326 0.911321 0.813130 0.823760 0.985891 0.970166 0.782051 0.809979 0.828945 0.645550 0.896325 0.885005 0.990767 0.720327 0.837961 0.696868 0.862157 0.915829 0.994380 0.877313 0.923426 0.930919 0.918884 0.910021 0.796128 0.930796 0.859906 0.953030 0.734033 0.732866 0.860531 0.909540 0.989367 0.979918 0.986175 0.947780 0.585549 0.580644 0.896487 0.660800 0.600680 0.765314 0.937729 0.951900 0.766862 0.802423 0.854609 0.945808 0.780661 0.755703 0.851157 0.726832 0.840101 0.848074
0.390810 0.461890 0.620072 0.808961 0.841444 0.981509 0.398235 0.578219 0.711679 0.958499 0.510578 0.507051 0.360536 0.433198 0.550533 0.657649 0.459685 0.449508 0.365599 0.441554 0.872562 0.894348 0.616937 0.777535 0.981260 0.937117 0.952379 0.957992 0.544458 0.560426 0.768170 0.760574 0.000000 0.325436 0.732874 0.904950 0.704804 0.896778 0.971717 0.955455 0.764722 0.966077 0.839373 0.729940 0.757167 0.663552 0.607132 0.565037 0.675864 0.505351 0.544628 0.577574 0.736531 0.954859 0.574664 0.609123 0.459483 0.487482 0.448639 0.537046 0.377334 0.466521 0.355045 0.424732 0.712382 0.770728 0.589774 0.762287 0.634845 0.580603 0.734589 0.877153 0.570025 0.736037 0.773884 0.734209 0.698944 0.794804 0.516395 0.561914 0.448810 0.511874 0.574740 0.540194 0.448594 0.563382 0.792134 0.711362 0.625577 0.696275 0.875345 0.718552 0.804028 0.676885 0.908574 0.980906 0.426138 0.918724 0.725383 0.817900 0.914981 0.936147 0.681879 0.749651 0.785697 0.727273 0.961232 0.921716 0.956647 0.724688 0.760208 0.634467 0.884767 0.650512 0.758472 0.706505
0.389664 0.431812 0.569481 0.693175 0.817013 0.877180 0.351811 0.428360 0.732199 0.898129 0.446126 0.436282 0.348688 0.396894 0.666724 0.655283 0.469413 0.503260 0.344747 0.430862 0.841743 0.985532 0.797821 0.789274 0.971853 0.989796 0.933809 0.948475 0.548193 0.581881 0.813299 0.805240 0.325436 0.000000 0.787286 0.986917 0.719673 0.827816 0.928362 0.843758 0.753160 0.955889 0.647075 0.594595 0.666658 0.494051 0.520610 0.393711 0.558858 0.449584 0.400153 0.458423 0.756793 0.915586 0.528046 0.504902 0.485092 0.476287 0.345173 0.459033 0.310961 0.373427 0.395208 0.441516 0.706609 0.628963 0.473022 0.605235 0.673260 0.532221 0.680549 0.866123 0.607942 0.665526 0.698823 0.747496 0.561243 0.704420 0.524981 0.537127 0.484097 0.547927 0.585934 0.612471 0.528876 0.525241 0.865215 0.856098 0.673471 0.643458 0.979924 0.800439 0.929840 0.792932 0.939928 0.841413 0.510477 0.864478 0.654320 0.713251 0.899046 0.899081 0.603674 0.674246 0.715840 0.640482 0.902332 0.891356 0.991521 0.706933 0.726969 0.547875 0.773565 0.559009 0.681646 0.757064
0.777933 0.809958 0.515067 0.633886 0.956963 0.803802 0.849209 0.956598 0.975130 0.643822 0.960549 0.989316 0.852186 0.915383 0.955065 0.949436 0.987609 0.965554 0.939011 0.949288 0.699817 0.985938 0.873399 0.680544 0.520960 0.558208 0.912629 0.684893 0.800595 0.725638 0.792744 0.886697 0.732874 0.787286 0.000000 0.769532 0.595304 0.810140 0.583627 0.717995 0.735581 0.967694 0.919381 0.902465 0.957247 0.976822 0.774679 0.715805 0.781370 0.927230 0.854777 0.777577 0.886064 0.995573 0.661409 0.715390 0.999375 0.911687 0.707761 0.762149 0.881177 0.985138 0.939157 0.967866 0.484702 0.707507 0.520357 0.580012 0.789299 0.782513 0.677411 0.865517 0.917315 0.834386 0.945782 0.989116 0.808021 0.905855 0.912354 0.946099 0.984406 0.925382 0.989315 0.864929 0.725686 0.633096 0.953439 0.988318 0.773694 0.741734 0.961138 0.922614 0.887799 0.896430 0.794872 0.983933 0.766374 0.976761 0.874014 0.789400 0.786388 0.919842 0.958701 0.916318 0.710247 0.614467 0.862142 0.913698 0.863458 0.930720 0.860573 0.858781 0.985719 0.976197 0.850690 0.981819
0.834284 0.878646 0.986449 0.817910 0.826879 0.843925 0.918465 0.977724 0.830782 0.923440 0.772032 0.854664 0.850269 0.968049 0.826145 0.962238 0.771561 0.806890 0.865934 0.865680 0.917802 0.997845 0.877317 0.882268 0.792067 0.762420 0.768761 0.851626 0.803563 0.729504 0.807354 0.871918 0.904950 0.986917 0.769532 0.000000 0.915522 0.803764 0.769929 0.868736 0.994430 0.955562 0.852009 0.897490 0.954053 0.978621 0.942726 0.908937 0.850209 0.938419 0.923607 0.944337 0.987106 0.890389 0.903643 0.943729 0.737972 0.799598 0.995752 0.962848 0.851323 0.845614 0.786671 0.792787 0.948877 0.923372 0.773596 0.800352 0.844353 0.933950 0.769016 0.888429 0.887207 0.948834 0.834314 0.907103 0.759605 0.878114 0.834079 0.960033 0.742980 0.781766 0.894047 0.806938 0.842888 0.995107 0.840888 0.887555 0.952310 0.993167 0.804250 0.852818 0.674678 0.758058 0.872287 0.936686 0.937765 0.920099 0.932960 0.922222 0.919735 0.982498 0.976086 0.817406 0.841212 0.848980 0.837273 0.828471 0.922827 0.956060 0.942833 0.985570 0.969712 0.971467 0.969304 0.781693
0.648199 0.650586 0.398661 0.491665 0.836231 0.831009 0.766802 0.682972 0.850593 0.692353 0.944400 0.808917 0.806045 0.879464 0.949514 0.865011 0.863720 0.885398 0.863580 0.781960 0.674260 0.977417 0.919945 0.652394 0.512952 0.579147 0.808206 0.865541 0.930693 0.955724 0.724446 0.940339 0.704804 0.719673 0.595304 0.915522 0.000000 0.657727 0.602344 0.751297 0.761077 0.897796 0.733239 0.777840 0.882595 0.951162 0.584330 0.636301 0.917386 0.853170 0.767771 0.721121 0.941402 0.851101 0.509287 0.668639 0.762940 0.676136 0.630791 0.625938 0.771711 0.847910 0.839671 0.889872 0.472350 0.561020 0.518516 0.607039 0.604436 0.598305 0.798459 0.852332 0.681886 0.771771 0.826671 0.842037 0.679302 0.856296 0.738143 0.871354 0.834230 0.771747 0.737167 0.752919 0.678852 0.477120 0.798148 0.973576 0.679010 0.714295 0.868470 0.828974 0.938501 0.941708 0.975901 0.762093 0.693561 0.791482 0.894998 0.895357 0.941776 0.810657 0.944993 0.988545 0.554268 0.641243 0.865198 0.819504 0.981153 0.710028 0.987675 0.970046 0.997904 0.876931 0.675844 0.986391
0.832675 0.803597 0.720112 0.677156 0.908640 0.968097 0.849986 0.703451 0.880385 0.816101 0.934508 0.850082 0.905542 0.817035 0.869598 0.927525 0.914245 0.831585 0.907460 0.714136 0.818786 0.963798 0.863467 0.793387 0.735641 0.776924 0.775347 0.943402 0.958568 0.974686 0.872211 0.945372 0.896778 0.827816 0.810140 0.803764 0.657727 0.000000 0.646896 0.800023 0.997895 0.888548 0.722636 0.788857 0.995657 0.943327 0.745931 0.809504 0.902299 0.923215 0.848808 0.881219 0.837854 0.848686 0.782561 0.830480 0.813780 0.822532 0.859702 0.884711 0.910439 0.910185 0.960308 0.941116 0.729826 0.649775 0.702173 0.718064 0.799810 0.802846 0.704877 0.720855 0.952306 0.825261 0.971212 0.853673 0.775251 0.720379 0.826705 0.868893 0.909320 0.862940 0.893431 0.849338 0.867374 0.707322 0.839769 0.923672 0.717422 0.918684 0.995631 0.949152 0.892197 0.737682 0.884699 0.814329 0.761282 0.855406 0.987727 0.906258 0.910889 0.927125 0.909502 0.956546 0.501531 0.677709 0.799410 0.947887 0.897422 0.907017 0.971559 0.953129 0.869326 0.865596 0.737566 0.959121
