0.000000 0.407697 0.862554 0.771176 0.913305 0.864021 0.754914 0.753567 0.998212 0.792584 0.445107 0.435413 0.640649 0.606460 0.852638 0.840168 0.457878 0.405349 0.534718 0.426874 0.971566 0.953068 0.878951 0.953638 0.910073 0.965011 0.966111 0.841523 0.537197 0.530246 0.836564 0.864879 0.586493 0.610439 0.916952 0.996235 0.779441 0.723511 0.916287 0.898248 0.794096 0.704423 0.936982 0.770451 0.935225 0.880943 0.683104 0.751033 0.836316 0.772544 0.967820 0.889363 0.994581 0.953970 0.829671 0.839851 0.424787 0.389826 0.670738 0.673779 0.679917 0.838474 0.604427 0.522708 0.969097 0.912213 0.825790 0.895870 0.407712 0.549437 0.759117 0.818510 0.650715 0.527867 0.729477 0.908595 0.725498 0.830879 0.612696 0.730749 0.420220 0.450354 0.527484 0.541864 0.652158 0.841882 0.943791 0.943064 0.967230 0.735334 0.942626 0.925251 0.902168 0.918234 0.947607 0.887286 0.935970 0.797516 0.777163 0.830176 0.990452 0.873610 0.693332 0.687778 0.880563 0.662601 0.944289 0.844340 0.933267 0.866042 0.929240 0.874919 0.849570 0.841371 0.876120 0.916825
0.407697 0.000000 0.773506 0.691723 0.960995 0.759874 0.673956 0.645092 0.845489 0.730150 0.514619 0.460184 0.821995 0.711803 0.968633 0.911294 0.518179 0.445137 0.478173 0.459988 0.904043 0.956648 0.935427 0.895513 0.896468 0.953764 0.958737 0.784861 0.569932 0.656420 0.802788 0.832100 0.656992 0.592228 0.902128 0.923484 0.726457 0.611054 0.897608 0.975012 0.858594 0.771485 0.683746 0.590122 0.806190 0.726033 0.650352 0.704720 0.717468 0.630328 0.837476 0.797485 0.844073 0.896805 0.905920 0.815715 0.303797 0.290613 0.728571 0.723518 0.757179 0.785700 0.707464 0.569541 0.966275 0.858763 0.878874 0.887476 0.530231 0.541043 0.776931 0.743305 0.765432 0.639417 0.927076 0.869469 0.644832 0.817079 0.561057 0.713313 0.430164 0.490924 0.651371 0.523860 0.764379 0.994438 0.957399 0.942266 0.984046 0.774302 0.932894 0.920689 0.934570 0.953457 0.943608 0.985995 0.946790 0.776372 0.739901 0.714123 0.877324 0.859527 0.613353 0.738364 0.891460 0.808641 0.871751 0.705557 0.966714 0.751562 0.712430 0.781947 0.686587 0.682198 0.897420 0.960237
0.862554 0.773506 0.000000 0.564920 0.949837 0.837933 0.736068 0.756841 0.518085 0.974059 0.840564 0.760037 0.706313 0.792117 0.748103 0.669357 0.976828 0.957367 0.783053 0.706393 0.923805 0.985010 0.555376 0.692922 0.596543 0.612381 0.936673 0.890004 0.837078 0.787596 0.558639 0.609052 0.775429 0.821049 0.724530 0.961393 0.733203 0.846462 0.853774 0.859569 0.950566 0.927712 0.822182 0.879155 0.944943 0.974684 0.807709 0.815674 0.819546 0.995478 0.877128 0.960226 0.979851 0.918343 0.934902 0.908894 0.917977 0.882861 0.976228 0.837353 0.708749 0.597568 0.946599 0.957897 0.490290 0.554150 0.986744 0.787923 0.813717 0.849478 0.704682 0.718944 0.684618 0.774678 0.939781 0.935040 0.689259 0.834032 0.948103 0.754774 0.911906 0.785579 0.733458 0.794051 0.751409 0.718104 0.922013 0.845576 0.836577 0.885829 0.980953 0.910024 0.953124 0.909361 0.813632 0.931733 0.850676 0.958538 0.901420 0.912469 0.872457 0.915523 0.997228 0.873043 0.841977 0.913228 0.878722 0.907346 0.833571 0.901566 0.945759 0.969837 0.910179 0.940473 0.665956 0.926877
0.771176 0.691723 0.564920 0.000000 0.979733 0.916160 0.745653 0.513570 0.659117 0.882884 0.807850 0.542647 0.765186 0.639794 0.795816 0.629154 0.927023 0.838992 0.737875 0.721050 0.877772 0.934906 0.545859 0.622744 0.648670 0.604368 0.899661 0.948370 0.908858 0.813995 0.592142 0.600768 0.777342 0.830931 0.927975 0.955144 0.690534 0.780104 0.804939 0.987792 0.919227 0.817389 0.911687 0.869393 0.764969 0.818629 0.933544 0.943379 0.702979 0.822595 0.800297 0.798068 0.897807 0.829567 0.952071 0.900369 0.842469 0.780209 0.986396 0.878719 0.819243 0.611188 0.948279 0.773637 0.662696 0.637395 0.954084 0.923658 0.691197 0.762259 0.685983 0.618530 0.772434 0.869942 0.997561 0.930368 0.677122 0.905950 0.765506 0.965381 0.835208 0.781633 0.740001 0.756313 0.896756 0.817847 0.977001 0.912685 0.832817 0.718832 0.984109 0.850733 0.950373 0.979781 0.921852 0.912760 0.943027 0.933662 0.969706 0.963052 0.919954 0.939894 0.941814 0.975729 0.709349 0.719652 0.917033 0.783989 0.913761 0.916349 0.853786 0.890642 0.898360 0.970237 0.762063 0.866514
0.913305 0.960995 0.949837 0.979733 0.000000 0.970505 0.879175 0.949685 0.888053 0.934427 0.916819 0.901598 0.779604 0.962543 0.813091 0.942169 0.909897 0.891226 0.807928 0.931877 0.987996 0.870480 0.779131 0.931800 0.978117 0.841035 0.942462 0.949846 0.929897 0.880008 0.787330 0.958471 0.932005 0.831458 0.750604 0.899510 0.992659 0.804491 0.927780 0.865499 0.884007 0.787057 0.963821 0.941711 0.986973 0.996777 0.937101 0.899940 0.986079 0.947887 0.967878 0.952009 0.946501 0.946693 0.905400 0.904287 0.960922 0.985713 0.769684 0.879963 0.815163 0.939766 0.812890 0.858596 0.999818 0.951805 0.821348 0.808409 0.896799 0.892748 0.954716 0.961280 0.966124 0.992361 0.979946 0.917566 0.905926 0.838173 0.994313 0.914450 0.936467 0.996055 0.890481 0.963953 0.839473 0.839385 0.824637 0.962517 0.923160 0.934705 0.844918 0.897665 0.801819 0.927143 0.945672 0.944914 0.978736 0.918104 0.973356 0.949368 0.926506 0.944707 0.980711 0.884194 0.957820 0.694885 0.928406 0.935603 0.832605 0.939295 0.928342 0.972582 0.980623 0.853374 0.813446 0.901420
0.864021 0.759874 0.837933 0.916160 0.970505 0.000000 0.880248 0.935032 0.823915 0.870146 0.716127 0.874831 0.847567 0.908991 0.673692 0.700209 0.678989 0.664152 0.702971 0.865430 0.869381 0.929828 0.846865 0.706804 0.821223 0.697064 0.902614 0.713211 0.702824 0.835880 0.955110 0.954503 0.829158 0.715600 0.970419 0.847718 0.855655 0.767002 0.865785 0.921604 0.906509 0.992527 0.928299 0.804131 0.821989 0.757966 0.858205 0.789094 0.819099 0.816647 0.880611 0.934999 0.951014 0.974794 0.781914 0.996417 0.587653 0.699551 0.781015 0.871984 0.977202 0.834521 0.720338 0.760802 0.787638 0.715352 0.899662 0.943774 0.961219 0.952025 0.780993 0.879409 0.813090 0.975778 0.921830 0.898004 0.985149 0.902689 0.823422 0.943255 0.756286 0.944679 0.841162 0.762609 0.830095 0.821135 0.903979 0.983564 0.968829 0.983166 0.840892 0.873106 0.850032 0.778379 0.970305 0.970882 0.727405 0.820329 0.934687 0.840756 0.927579 0.943400 0.876183 0.814963 0.994005 0.968002 0.813810 0.971702 0.806813 0.959379 0.936685 0.880338 0.900021 0.863165 0.958508 0.909605
0.754914 0.673956 0.736068 0.745653 0.879175 0.880248 0.000000 0.363496 0.850390 0.599258 0.736403 0.639720 0.760717 0.872952 0.968958 0.959645 0.635035 0.666796 0.588002 0.840554 0.913719 0.964773 0.812772 0.764726 0.745931 0.889439 0.688201 0.535736 0.686609 0.695996 0.604828 0.788873 0.457547 0.406779 0.822767 0.770782 0.869475 0.801458 0.821727 0.840999 0.826035 0.951394 0.514040 0.508411 0.507049 0.476186 0.565487 0.486267 0.612186 0.562378 0.574899 0.560293 0.678210 0.733763 0.942975 0.849587 0.701220 0.656110 0.413773 0.476992 0.356548 0.700697 0.463253 0.475901 0.901523 0.988620 0.350322 0.372554 0.995069 0.920695 0.817000 0.770132 0.925847 0.981411 0.955134 0.840054 0.630793 0.870906 0.638264 0.745423 0.669014 0.960064 0.809014 0.891886 0.950342 0.869051 0.955424 0.806294 0.917908 0.943908 0.783881 0.817317 0.753692 0.888497 0.771454 0.911923 0.887733 0.707027 0.465634 0.543677 0.625083 0.644293 0.651485 0.611484 0.754137 0.772839 0.862908 0.651481 0.870312 0.814885 0.575360 0.701618 0.605057 0.736797 0.570036 0.863134
0.753567 0.645092 0.756841 0.513570 0.949685 0.935032 0.363496 0.000000 0.729135 0.478868 0.695449 0.475965 0.740026 0.696408 0.936814 0.797688 0.657422 0.634192 0.564478 0.767418 0.858422 0.925382 0.701355 0.953893 0.826234 0.968292 0.825007 0.709428 0.703173 0.687044 0.554416 0.736077 0.519190 0.473951 0.921423 0.842593 0.973071 0.955164 0.964423 0.793912 0.946229 0.930186 0.577478 0.520446 0.739172 0.676709 0.605908 0.609142 0.834425 0.732712 0.736777 0.740334 0.750219 0.784163 0.997729 0.903281 0.732354 0.661861 0.546906 0.562146 0.443931 0.518844 0.542424 0.438947 0.976290 0.857906 0.561900 0.520769 0.905419 0.820333 0.629077 0.616507 0.846627 0.978235 0.954662 0.891836 0.643043 0.915530 0.540400 0.861862 0.705708 0.917177 0.778690 0.874384 0.997115 0.883938 0.959098 0.742811 0.964446 0.944834 0.783189 0.899620 0.775036 0.926834 0.814337 0.912238 0.832805 0.682290 0.567697 0.590380 0.618850 0.820242 0.726558 0.639755 0.656880 0.751083 0.890861 0.579212 0.909969 0.799493 0.599548 0.764968 0.580493 0.786702 0.667824 0.906053
0.998212 0.845489 0.518085 0.659117 0.888053 0.823915 0.850390 0.729135 0.000000 0.791922 0.999586 0.800654 0.759537 0.784021 0.656233 0.580089 0.856659 0.873342 0.878714 0.901247 0.976718 0.976048 0.618029 0.763400 0.742764 0.606900 0.988601 0.949264 0.959827 0.962700 0.608030 0.774992 0.847689 0.918582 0.801328 0.872597 0.698913 0.869949 0.848807 0.975679 0.972216 0.954600 0.624250 0.747903 0.925722 0.927911 0.747500 0.829445 0.976574 0.942866 0.909934 0.880294 0.820780 0.800832 0.952880 0.938460 0.988457 0.991752 0.894874 0.954633 0.768555 0.479314 0.797070 0.962281 0.619225 0.575028 0.977381 0.898035 0.941422 0.937405 0.562477 0.526077 0.699703 0.925233 0.878075 0.943203 0.699893 0.821585 0.904118 0.869848 0.943050 0.953399 0.966478 0.985487 0.833012 0.874494 0.899558 0.786756 0.871221 0.887188 0.725462 0.790849 0.804078 0.866914 0.838516 0.876351 0.782413 0.962654 0.734824 0.745380 0.962549 0.848420 0.929327 0.942519 0.828022 0.898490 0.826007 0.781197 0.908791 0.811810 0.885907 0.937596 0.841684 0.829060 0.848324 0.756882
0.792584 0.730150 0.974059 0.882884 0.934427 0.870146 0.599258 0.478868 0.791922 0.000000 0.690995 0.657629 0.824368 0.880530 0.952852 0.947685 0.685492 0.673337 0.671289 0.888043 0.706226 0.925047 0.946221 0.693489 0.641950 0.773175 0.815498 0.738493 0.717772 0.807527 0.728290 0.902459 0.658087 0.638757 0.970837 0.878497 0.976412 0.984495 0.855193 0.925842 0.977512 0.862372 0.572064 0.514784 0.686652 0.591410 0.693659 0.640609 0.674905 0.624412 0.659908 0.638428 0.668605 0.667910 0.996922 0.920616 0.697134 0.691131 0.629302 0.680464 0.639426 0.687868 0.639069 0.537472 0.743409 0.821918 0.706674 0.771699 0.982133 0.877006 0.620285 0.620783 0.933586 0.929966 0.984578 0.925586 0.700126 0.867580 0.672127 0.962851 0.781272 0.902803 0.983744 0.958585 0.840909 0.619274 0.949435 0.666314 0.921269 0.938350 0.721664 0.727262 0.777417 0.831550 0.887294 0.890357 0.833209 0.739228 0.500170 0.552170 0.673185 0.717184 0.588604 0.656736 0.776002 0.905043 0.970315 0.637839 0.955151 0.752161 0.576078 0.671071 0.666261 0.780517 0.923969 0.902605
0.445107 0.514619 0.840564 0.807850 0.916819 0.716127 0.736403 0.695449 0.999586 0.690995 0.000000 0.485076 0.774621 0.762186 0.967672 0.922050 0.397245 0.346873 0.517276 0.429279 0.903065 0.940260 0.959754 0.828230 0.982937 0.917178 0.970096 0.837688 0.407136 0.408461 0.701441 0.734047 0.592456 0.490953 0.985515 0.956544 0.960196 0.779237 0.971540 0.933543 0.844043 0.707169 0.997713 0.792394 0.977306 0.923801 0.787842 0.740987 0.971796 0.897033 0.908503 0.982648 0.845025 0.837643 0.994212 0.930768 0.455121 0.472410 0.692637 0.607615 0.706254 0.860043 0.493272 0.412147 0.829790 0.847228 0.876117 0.859899 0.465565 0.608252 0.882430 0.970948 0.754683 0.609564 0.839605 0.949391 0.788615 0.694869 0.654226 0.889255 0.556818 0.768902 0.601048 0.614302 0.980463 0.947584 0.865546 0.826594 0.839672 0.958456 0.714037 0.680804 0.667047 0.677597 0.974099 0.877358 0.895213 0.709303 0.923229 0.912697 0.938043 0.950399 0.706742 0.637734 0.893050 0.709127 0.957214 0.946995 0.990752 0.801948 0.895120 0.997132 0.792510 0.845889 0.871938 0.855196
0.435413 0.460184 0.760037 0.542647 0.901598 0.874831 0.639720 0.475965 0.800654 0.657629 0.485076 0.000000 0.543872 0.455212 0.744847 0.606775 0.476859 0.401184 0.434166 0.458756 0.986254 0.968607 0.643544 0.925989 0.890290 0.971217 0.975356 0.765407 0.520841 0.455059 0.578547 0.591833 0.497317 0.516180 0.979021 0.972481 0.745623 0.741713 0.945108 0.973578 0.815370 0.749502 0.757289 0.634136 0.953958 0.882600 0.635789 0.726504 0.957815 0.897181 0.949219 0.922320 0.973505 0.948160 0.933365 0.872118 0.534956 0.484839 0.681252 0.691602 0.561012 0.584772 0.548576 0.401414 0.973207 0.940168 0.805337 0.788622 0.525697 0.661292 0.600218 0.592730 0.614781 0.615184 0.844684 0.886660 0.682380 0.761557 0.481527 0.827910 0.467537 0.570995 0.553623 0.566323 0.814472 0.897439 0.958526 0.854164 0.908762 0.785391 0.994602 0.892928 0.958959 0.892470 0.954974 0.853273 0.944760 0.665857 0.747803 0.736195 0.839890 0.867456 0.739540 0.627379 0.700152 0.635722 0.984195 0.742514 0.892842 0.781656 0.857832 0.893610 0.769809 0.815652 0.739669 0.930595
0.640649 0.821995 0.706313 0.765186 0.779604 0.847567 0.760717 0.740026 0.759537 0.824368 0.774621 0.543872 0.000000 0.503278 0.414797 0.513880 0.802028 0.746286 0.691384 0.669170 0.810534 0.999156 0.460157 0.826934 0.877186 0.915995 0.987227 0.787847 0.724061 0.686772 0.587490 0.711844 0.611064 0.759782 0.900414 0.964985 0.850386 0.978536 0.969458 0.959713 0.982992 0.848611 0.796897 0.839457 0.943000 0.936096 0.694367 0.751528 0.986006 0.965051 0.918768 0.828384 0.913783 0.870011 0.818982 0.830054 0.943113 0.845146 0.808794 0.846491 0.547674 0.617479 0.752908 0.724607 0.800020 0.770319 0.824741 0.799924 0.702504 0.805926 0.552590 0.622535 0.535371 0.690877 0.858048 0.995475 0.752861 0.856647 0.769279 0.814569 0.724414 0.643430 0.715133 0.748749 0.550121 0.672802 0.821423 0.920580 0.756943 0.736862 0.905723 0.963780 0.989150 0.987097 0.921046 0.759538 0.714210 0.866830 0.772590 0.790455 0.954621 0.761355 0.929509 0.779953 0.796101 0.701837 0.939482 0.870830 0.729975 0.998453 0.966973 0.922791 0.891082 0.902161 0.692748 0.985535
0.606460 0.711803 0.792117 0.639794 0.962543 0.908991 0.872952 0.696408 0.784021 0.880530 0.762186 0.455212 0.503278 0.000000 0.565559 0.435642 0.694305 0.664458 0.650478 0.568288 0.865638 0.982777 0.550388 0.713705 0.776100 0.801642 0.896021 0.972532 0.711835 0.609661 0.663587 0.593725 0.602580 0.820505 0.978036 0.945411 0.678736 0.781685 0.844598 0.896433 0.842524 0.771277 0.871263 0.862586 0.972392 0.942809 0.766784 0.942315 0.921571 0.913838 0.945014 0.967830 0.852943 0.838794 0.894749 0.919242 0.832734 0.769895 0.969703 0.999722 0.692038 0.528389 0.792832 0.651949 0.906502 0.784329 0.952326 0.922434 0.655941 0.735998 0.517166 0.578519 0.556607 0.758603 0.822432 0.925060 0.765331 0.888442 0.669815 0.886521 0.585044 0.618909 0.581400 0.671354 0.643688 0.679100 0.872651 0.865386 0.782301 0.734649 0.886512 0.966566 0.978597 0.995604 0.966573 0.842918 0.803912 0.846086 0.852976 0.942463 0.939422 0.901147 0.942958 0.665201 0.872686 0.682487 0.901326 0.814676 0.856466 0.890593 0.996522 0.969109 0.907249 0.892926 0.902736 0.955801
0.852638 0.968633 0.748103 0.795816 0.813091 0.673692 0.968958 0.936814 0.656233 0.952852 0.967672 0.744847 0.414797 0.565559 0.000000 0.405410 0.979684 0.989551 0.886901 0.825176 0.827858 0.922334 0.470537 0.681874 0.749999 0.839036 0.932729 0.982205 0.864834 0.775822 0.642761 0.734059 0.789229 0.993343 0.902086 0.913406 0.723761 0.998007 0.940327 0.860563 0.972528 0.977033 0.923765 0.974951 0.873895 0.858418 0.799788 0.876482 0.844300 0.844022 0.960861 0.941018 0.968879 0.937608 0.882173 0.970799 0.859042 0.926560 0.929214 0.949726 0.774982 0.695551 0.999781 0.947659 0.734213 0.700840 0.944843 0.995921 0.786513 0.983828 0.529725 0.666108 0.599926 0.816781 0.905390 0.916684 0.866563 0.853139 0.938073 0.861775 0.908827 0.845895 0.832174 0.937382 0.622127 0.644439 0.930259 0.962081 0.752378 0.879643 0.989638 0.982597 0.863130 0.950998 0.991077 0.950081 0.815495 0.952610 0.974581 0.967904 0.836236 0.919312 0.923741 0.929157 0.880883 0.729870 0.910002 0.962566 0.712602 0.962641 0.903749 0.927225 0.885606 0.961611 0.790200 0.919601
0.840168 0.911294 0.669357 0.629154 0.942169 0.700209 0.959645 0.797688 0.580089 0.947685 0.922050 0.606775 0.513880 0.435642 0.405410 0.000000 0.989481 0.960899 0.821151 0.731676 0.880848 0.955646 0.404368 0.513389 0.624332 0.700922 0.915488 0.956823 0.884372 0.737345 0.556782 0.581202 0.813283 0.975971 0.868264 0.946897 0.677164 0.857741 0.768405 0.922812 0.987093 0.855166 0.866719 0.937362 0.844005 0.837977 0.772179 0.973712 0.745538 0.771959 0.906797 0.957335 0.955570 0.936377 0.902864 0.969361 0.892327 0.937301 0.897370 0.973667 0.778102 0.466832 0.915669 0.921132 0.657669 0.514196 0.915234 0.927856 0.834075 0.883208 0.450040 0.620635 0.522587 0.756572 0.930069 0.948768 0.915653 0.833321 0.832775 0.896761 0.880319 0.746623 0.730871 0.831651 0.685493 0.562574 0.963826 0.874416 0.785031 0.755400 0.955655 0.928728 0.923535 0.908474 0.977695 0.927531 0.803718 0.929855 0.999137 0.947974 0.900081 0.987868 0.903901 0.958158 0.894945 0.734087 0.926118 0.932065 0.786246 0.937860 0.974851 0.877615 0.938362 0.938662 0.806166 0.848988
0.457878 0.518179 0.976828 0.927023 0.909897 0.678989 0.635035 0.657422 0.856659 0.685492 0.397245 0.476859 0.802028 0.694305 0.979684 0.989481 0.000000 0.291336 0.468813 0.476541 0.884766 0.935298 0.976209 0.703176 0.822826 0.698850 0.916467 0.749226 0.376323 0.370812 0.801413 0.817691 0.470202 0.458019 0.907698 0.862133 0.954754 0.877484 0.904759 0.968377 0.836364 0.806983 0.840914 0.637734 0.782914 0.721084 0.632543 0.670752 0.712874 0.682001 0.818453 0.761913 0.903894 0.921782 0.990310 0.868958 0.424558 0.402732 0.550424 0.658400 0.623649 0.945149 0.343113 0.300554 0.623026 0.654363 0.677826 0.800013 0.554757 0.632768 0.897991 0.910512 0.807257 0.701984 0.811718 0.989221 0.777941 0.803497 0.480499 0.787260 0.377504 0.746730 0.620635 0.642956 0.962116 0.866484 0.902708 0.880737 0.900170 0.972822 0.866725 0.829700 0.803858 0.794964 0.957259 0.797418 0.939942 0.631721 0.741112 0.788206 0.795283 0.933660 0.648899 0.471052 0.869382 0.744176 0.956931 0.798691 0.938800 0.745740 0.876568 0.818860 0.743383 0.834759 0.827383 0.795355
0.405349 0.445137 0.957367 0.838992 0.891226 0.664152 0.666796 0.634192 0.873342 0.673337 0.346873 0.401184 0.746286 0.664458 0.989551 0.960899 0.291336 0.000000 0.365040 0.413150 0.869787 0.897182 0.921261 0.799187 0.888200 0.775373 0.975835 0.771828 0.362690 0.382807 0.789169 0.744490 0.495982 0.421817 0.915998 0.909228 0.922243 0.769303 0.948537 0.999718 0.841173 0.739354 0.869167 0.642082 0.862952 0.777239 0.680250 0.663049 0.801586 0.769753 0.913139 0.870216 0.986355 0.990091 0.970714 0.910471 0.360388 0.362524 0.560279 0.660231 0.645740 0.915839 0.361876 0.308947 0.717668 0.725026 0.751335 0.824171 0.485962 0.591241 0.854385 0.891728 0.796475 0.660360 0.806758 0.959755 0.823657 0.799071 0.476396 0.868135 0.426792 0.683502 0.545688 0.528199 0.931384 0.924606 0.938906 0.908110 0.936226 0.947852 0.842364 0.787379 0.778726 0.777307 0.982930 0.838271 0.912441 0.655994 0.776889 0.778244 0.863035 0.908338 0.594608 0.509367 0.796924 0.692987 0.916872 0.795574 0.979165 0.774140 0.838077 0.815147 0.728014 0.754446 0.845400 0.783416
0.534718 0.478173 0.783053 0.737875 0.807928 0.702971 0.588002 0.564478 0.878714 0.671289 0.517276 0.434166 0.691384 0.650478 0.886901 0.821151 0.468813 0.365040 0.000000 0.483731 0.885741 0.935260 0.669505 0.943563 0.987300 0.871016 0.941630 0.694914 0.451210 0.506765 0.673799 0.678187 0.471379 0.431898 0.958832 0.826061 0.777913 0.812004 0.977176 0.951262 0.992594 0.840676 0.615922 0.523658 0.756686 0.680986 0.555617 0.575452 0.767514 0.735874 0.837977 0.790112 0.919992 0.892548 0.958376 0.971355 0.436577 0.450304 0.579315 0.661045 0.559285 0.790386 0.491926 0.431362 0.921287 0.938543 0.687769 0.678226 0.678832 0.723341 0.744132 0.743006 0.791867 0.722863 0.916686 0.941573 0.762446 0.793266 0.524191 0.840136 0.543327 0.715389 0.606425 0.540628 0.790926 0.940940 0.987081 0.932814 0.915304 0.891979 0.939521 0.879742 0.852918 0.811974 0.884478 0.896812 0.942810 0.713536 0.678009 0.623078 0.937858 0.790851 0.641439 0.562409 0.829630 0.739533 0.927876 0.810738 0.996463 0.720121 0.803158 0.776549 0.681491 0.674828 0.728266 0.890033
0.426874 0.459988 0.706393 0.721050 0.931877 0.865430 0.840554 0.767418 0.901247 0.888043 0.429279 0.458756 0.669170 0.568288 0.825176 0.731676 0.476541 0.413150 0.483731 0.000000 0.995920 0.933122 0.764055 0.878854 0.803511 0.884229 0.857219 0.875450 0.518291 0.508919 0.765089 0.749268 0.660071 0.654006 0.961569 0.963522 0.690857 0.624240 0.883662 0.844801 0.799487 0.652631 0.945761 0.853153 0.918519 0.973618 0.753989 0.833823 0.962910 0.967972 0.865731 0.932202 0.886168 0.856498 0.956240 0.997258 0.477630 0.453827 0.871818 0.813782 0.783129 0.766772 0.706617 0.582550 0.946419 0.989759 0.998989 0.980754 0.430079 0.474876 0.781126 0.857543 0.610351 0.563539 0.794406 0.958862 0.739935 0.872413 0.652275 0.831271 0.565805 0.534344 0.572659 0.418049 0.723141 0.795211 0.886278 0.942905 0.926868 0.761484 0.850156 0.748624 0.764780 0.808573 0.917552 0.912571 0.965561 0.748090 0.942392 0.946549 0.946002 0.970299 0.877501 0.789078 0.883532 0.803480 0.933889 0.890008 0.949950 0.792414 0.969675 0.993753 0.896287 0.875525 0.909180 0.790574
0.971566 0.904043 0.923805 0.877772 0.987996 0.869381 0.913719 0.858422 0.976718 0.706226 0.903065 0.986254 0.810534 0.865638 0.827858 0.880848 0.884766 0.869787 0.885741 0.995920 0.000000 0.971986 0.830978 0.750103 0.771284 0.829027 0.976138 0.981828 0.924034 0.964256 0.930975 0.815942 0.973411 0.883902 0.956441 0.975294 0.988715 0.921350 0.954635 0.900867 0.884838 0.969091 0.791138 0.837112 0.880265 0.833459 0.877981 0.819775 0.840699 0.793720 0.883993 0.830927 0.930363 0.883024 0.994188 0.998714 0.835574 0.880473 0.789906 0.805863 0.949028 0.966110 0.903619 0.860861 0.878450 0.839293 0.942464 0.917404 0.937771 0.948730 0.925614 0.973147 0.972985 0.908274 0.946164 0.986797 0.912368 0.982298 0.920330 0.976169 0.978503 0.872638 0.957010 0.942516 0.802402 0.699178 0.979384 0.929133 0.935319 0.808669 0.963281 0.931268 0.953985 0.956524 0.974307 0.939260 0.988019 0.879019 0.835997 0.813721 0.857953 0.985740 0.868708 0.916146 0.920901 0.981375 0.831749 0.934675 0.999200 0.907924 0.798040 0.771638 0.736611 0.885230 0.889043 0.950362
0.953068 0.956648 0.985010 0.934906 0.870480 0.929828 0.964773 0.925382 0.976048 0.925047 0.940260 0.968607 0.999156 0.982777 0.922334 0.955646 0.935298 0.897182 0.935260 0.933122 0.971986 0.000000 0.991458 0.988779 0.894637 0.999228 0.829352 0.895820 0.900216 0.978869 0.967734 0.998425 0.969353 0.891391 0.990259 0.973096 0.925510 0.914783 0.963955 0.795378 0.950558 0.897578 0.998156 0.932746 0.973972 0.994816 0.941064 0.977080 0.970311 0.978601 0.958267 0.995728 0.947458 0.923906 0.941288 0.927208 0.964577 0.952971 0.888372 0.875021 0.956078 0.940220 0.977315 0.943422 0.997138 0.928667 0.864099 0.875813 0.956754 0.913835 0.994660 0.881958 0.942397 0.731770 0.909895 0.967882 0.957011 0.882485 0.962047 0.945502 0.981948 0.970792 0.981430 0.990753 0.981793 0.907170 0.961143 0.849866 0.983381 0.991018 0.916964 0.926341 0.928637 0.965788 0.949433 0.927596 0.792137 0.972718 0.984184 0.997534 0.967179 0.883070 0.964366 0.901655 0.893096 0.981325 0.965692 0.873438 0.978713 0.991743 0.956460 0.766760 0.971981 0.960096 0.848288 0.914628
0.878951 0.935427 0.555376 0.545859 0.779131 0.846865 0.812772 0.701355 0.618029 0.946221 0.959754 0.643544 0.460157 0.550388 0.470537 0.404368 0.976209 0.921261 0.669505 0.764055 0.830978 0.991458 0.000000 0.525389 0.655136 0.733636 0.969357 0.903884 0.865068 0.786144 0.495583 0.522467 0.710737 0.852715 0.916778 0.974106 0.738594 0.927894 0.909067 0.986974 0.961651 0.925677 0.792187 0.834764 0.919751 0.914133 0.774201 0.857638 0.770461 0.787416 0.918483 0.963099 0.975391 0.993690 0.986194 0.923869 0.965777 0.990677 0.973518 0.956200 0.659663 0.580943 0.959470 0.887223 0.582408 0.515336 0.901488 0.790779 0.885697 0.930233 0.563542 0.600469 0.564192 0.865631 0.954946 0.997892 0.828298 0.827931 0.843915 0.866938 0.954644 0.815828 0.674257 0.777350 0.621314 0.550444 0.940026 0.967847 0.710943 0.703208 0.995142 0.876090 0.912655 0.941556 0.862172 0.985926 0.874625 0.960899 0.889185 0.821979 0.901947 0.890870 0.910360 0.961178 0.824301 0.733457 0.993581 0.867660 0.775932 0.998136 0.919032 0.926136 0.955610 0.971081 0.608695 0.998560
0.953638 0.895513 0.692922 0.622744 0.931800 0.706804 0.764726 0.953893 0.763400 0.693489 0.828230 0.925989 0.826934 0.713705 0.681874 0.513389 0.703176 0.799187 0.943563 0.878854 0.750103 0.988779 0.525389 0.000000 0.447697 0.494201 0.799441 0.803936 0.829987 0.955254 0.804396 0.749424 0.894342 0.764134 0.892743 0.891900 0.716518 0.855353 0.680347 0.821328 0.928006 0.877411 0.844198 0.784642 0.622691 0.577311 0.885258 0.786459 0.505249 0.517487 0.630193 0.607754 0.810476 0.727972 0.953815 0.851232 0.763790 0.797357 0.657187 0.799280 0.910052 0.734949 0.660168 0.743837 0.476404 0.451069 0.744952 0.909075 0.900397 0.983920 0.799927 0.841634 0.717795 0.876318 0.941486 0.962328 0.981905 0.998371 0.939602 0.975671 0.861728 0.801247 0.842888 0.926758 0.716592 0.458706 0.949180 0.841100 0.730399 0.670452 0.897954 0.755523 0.895829 0.895095 0.984713 0.881493 0.945185 0.836102 0.720244 0.783209 0.739625 0.809907 0.688002 0.765648 0.985941 0.899060 0.939696 0.903512 0.910022 0.907570 0.843950 0.665986 0.727266 0.871085 0.925960 0.969234
0.910073 0.896468 0.596543 0.648670 0.978117 0.821223 0.745931 0.826234 0.742764 0.641950 0.982937 0.890290 0.877186 0.776100 0.749999 0.624332 0.822826 0.888200 0.987300 0.803511 0.771284 0.894637 0.655136 0.447697 0.000000 0.448756 0.728565 0.715715 0.929167 0.999515 0.767624 0.691087 0.896452 0.820536 0.892489 0.837603 0.680884 0.652176 0.622384 0.765288 0.952263 0.884724 0.823060 0.756450 0.569329 0.550626 0.867261 0.778455 0.510754 0.586591 0.536138 0.551194 0.702002 0.623350 0.982699 0.846545 0.970152 0.948453 0.646158 0.871730 0.846663 0.840854 0.640828 0.767018 0.456150 0.566723 0.651184 0.828362 0.710953 0.896176 0.902059 0.868386 0.640096 0.711990 0.989020 0.994265 0.941263 0.854852 0.919318 0.906170 0.987297 0.687073 0.782959 0.798140 0.705487 0.463209 0.982815 0.867614 0.752938 0.705548 0.744137 0.672889 0.749007 0.808129 0.979210 0.882207 0.917264 0.850933 0.667450 0.679459 0.693283 0.799160 0.733962 0.758935 0.911650 0.924863 0.895823 0.836661 0.938591 0.976581 0.806063 0.585868 0.771517 0.825961 0.892299 0.989270
0.965011 0.953764 0.612381 0.604368 0.841035 0.697064 0.889439 0.968292 0.606900 0.773175 0.917178 0.971217 0.915995 0.801642 0.839036 0.700922 0.698850 0.775373 0.871016 0.884229 0.829027 0.999228 0.733636 0.494201 0.448756 0.000000 0.866496 0.780771 0.838140 0.839692 0.851871 0.856145 0.889663 0.802562 0.827725 0.740619 0.763134 0.744951 0.624117 0.878095 0.900046 0.822316 0.897773 0.763093 0.688568 0.649942 0.842275 0.796971 0.639759 0.684446 0.704510 0.684918 0.873932 0.774290 0.959437 0.916189 0.859339 0.898340 0.637241 0.839689 0.912532 0.744387 0.630162 0.734097 0.476727 0.547041 0.741744 0.870386 0.860370 0.937932 0.816983 0.793003 0.740522 0.889826 0.994408 0.991567 0.879806 0.957040 0.888522 0.933101 0.924773 0.806497 0.927485 0.918313 0.757265 0.617432 0.997309 0.890840 0.788020 0.708778 0.987749 0.938509 0.935065 0.899464 0.895906 0.887629 0.876370 0.839215 0.856391 0.759452 0.880100 0.962264 0.828299 0.789592 0.965640 0.896218 0.887714 0.982060 0.960824 0.990937 0.919810 0.693339 0.876070 0.993197 0.965574 0.958048
0.966111 0.958737 0.936673 0.899661 0.942462 0.902614 0.688201 0.825007 0.988601 0.815498 0.970096 0.975356 0.987227 0.896021 0.932729 0.915488 0.916467 0.975835 0.941630 0.857219 0.976138 0.829352 0.969357 0.799441 0.728565 0.866496 0.000000 0.705056 0.896994 0.916833 0.919170 0.925113 0.753320 0.844440 0.962209 0.809702 0.810272 0.705290 0.943376 0.806235 0.809985 0.803448 0.778698 0.854385 0.638076 0.686475 0.889049 0.835129 0.755048 0.805032 0.652931 0.702482 0.660104 0.654521 0.935047 0.994896 0.972460 0.963281 0.786193 0.833452 0.707732 0.847528 0.795129 0.834790 0.846191 0.987714 0.641863 0.662359 0.783573 0.823197 0.909505 0.953944 0.969954 0.993954 0.954747 0.979291 0.861418 0.995696 0.953254 0.917526 0.881574 0.818259 0.887443 0.771528 0.956229 0.862879 0.907962 0.700061 0.926413 0.716516 0.777693 0.838403 0.764336 0.944565 0.859524 0.953691 0.994125 0.943931 0.704666 0.824601 0.724268 0.792092 0.900834 0.770037 0.947281 0.978189 0.846718 0.872145 0.928671 0.918976 0.800402 0.861738 0.851727 0.848236 0.895386 0.927671
0.841523 0.784861 0.890004 0.948370 0.949846 0.713211 0.535736 0.709428 0.949264 0.738493 0.837688 0.765407 0.787847 0.972532 0.982205 0.956823 0.749226 0.771828 0.694914 0.875450 0.981828 0.895820 0.903884 0.803936 0.715715 0.780771 0.705056 0.000000 0.721808 0.790063 0.881481 0.944969 0.651034 0.654660 0.773857 0.871248 0.877960 0.857750 0.748653 0.911652 0.918342 0.928054 0.651731 0.639379 0.579333 0.567243 0.612998 0.608558 0.614482 0.654014 0.631982 0.614492 0.797170 0.792351 0.839721 0.800046 0.765195 0.752899 0.541071 0.616139 0.528908 0.812778 0.621978 0.696772 0.900867 0.981103 0.536071 0.595789 0.892244 0.927297 0.910084 0.923589 0.916838 0.966740 0.910789 0.930704 0.743108 0.886379 0.853800 0.746515 0.734266 0.899546 0.931104 0.893926 0.881785 0.965531 0.950118 0.899640 0.929660 0.914708 0.878488 0.876635 0.867243 0.943548 0.920578 0.990491 0.943940 0.738920 0.641957 0.588551 0.920861 0.711879 0.743524 0.741993 0.829119 0.963891 0.922105 0.898531 0.852888 0.949093 0.803971 0.771485 0.780613 0.795635 0.813445 0.938188
0.537197 0.569932 0.837078 0.908858 0.929897 0.702824 0.686609 0.703173 0.959827 0.717772 0.407136 0.520841 0.724061 0.711835 0.864834 0.884372 0.376323 0.362690 0.451210 0.518291 0.924034 0.900216 0.865068 0.829987 0.929167 0.838140 0.896994 0.721808 0.000000 0.326704 0.665691 0.686621 0.475066 0.445499 0.998624 0.930030 0.978733 0.801975 0.987866 0.965761 0.960365 0.881334 0.844571 0.695030 0.796348 0.736298 0.634792 0.573909 0.815502 0.749704 0.857114 0.764766 0.937630 0.926433 0.979741 0.991218 0.500204 0.504994 0.612137 0.603302 0.576886 0.820399 0.432903 0.395597 0.816355 0.876754 0.748190 0.737724 0.585411 0.747072 0.815561 0.935556 0.707409 0.636136 0.857452 0.972239 0.861174 0.759906 0.591423 0.849638 0.481869 0.766308 0.552116 0.666543 0.922526 0.983998 0.945846 0.856675 0.959559 0.966326 0.767503 0.750168 0.702529 0.685859 0.922136 0.861563 0.923816 0.687419 0.792092 0.790407 0.912217 0.912082 0.619575 0.558591 0.845206 0.745738 0.953013 0.856271 0.928480 0.821016 0.915768 0.870021 0.709608 0.761709 0.787349 0.830347
0.530246 0.656420 0.787596 0.813995 0.880008 0.835880 0.695996 0.687044 0.962700 0.807527 0.408461 0.455059 0.686772 0.609661 0.775822 0.737345 0.370812 0.382807 0.506765 0.508919 0.964256 0.978869 0.786144 0.955254 0.999515 0.839692 0.916833 0.790063 0.326704 0.000000 0.577418 0.559586 0.470929 0.469415 0.958628 0.878826 0.959281 0.881746 0.982886 0.917275 0.951119 0.859161 0.954816 0.771789 0.934448 0.869928 0.639169 0.675941 0.969231 0.898266 0.984944 0.881581 0.977652 0.973348 0.974514 0.978285 0.614870 0.602443 0.631735 0.639808 0.554405 0.787151 0.415964 0.363755 0.825475 0.944073 0.747918 0.722911 0.540404 0.732977 0.800790 0.947116 0.695960 0.611999 0.713121 0.990211 0.866395 0.691005 0.592005 0.817057 0.464678 0.772032 0.501037 0.664822 0.962012 0.955024 0.938144 0.856463 0.911053 0.914816 0.708636 0.636454 0.608347 0.602125 0.952199 0.812574 0.909412 0.673743 0.908921 0.900718 0.939116 0.982482 0.733317 0.553007 0.810630 0.637761 0.934475 0.924416 0.837866 0.812489 0.980140 0.913024 0.874733 0.912212 0.710817 0.804517
0.836564 0.802788 0.558639 0.592142 0.787330 0.955110 0.604828 0.554416 0.608030 0.728290 0.701441 0.578547 0.587490 0.663587 0.642761 0.556782 0.801413 0.789169 0.673799 0.765089 0.930975 0.967734 0.495583 0.804396 0.767624 0.851871 0.919170 0.881481 0.665691 0.577418 0.000000 0.413668 0.571601 0.594461 0.919096 0.869119 0.928431 0.955497 0.914014 0.951223 0.912650 0.914849 0.698805 0.705405 0.911727 0.861445 0.719689 0.664052 0.916418 0.994569 0.942530 0.902354 0.876339 0.901899 0.931017 0.929693 0.920323 0.918868 0.801412 0.714093 0.508165 0.506952 0.763698 0.636095 0.839950 0.659807 0.740545 0.597162 0.869583 0.922198 0.619293 0.660997 0.653755 0.744612 0.880855 0.891409 0.755555 0.600293 0.725854 0.871675 0.758707 0.899171 0.677292 0.911717 0.905785 0.833084 0.919675 0.760961 0.861944 0.970116 0.988471 0.871224 0.902484 0.866449 0.881650 0.826097 0.914959 0.728454 0.828149 0.789426 0.818982 0.847745 0.895754 0.765525 0.745662 0.680817 0.807585 0.744740 0.795849 0.911145 0.795216 0.984159 0.896510 0.941430 0.559918 0.999077
0.864879 0.832100 0.609052 0.600768 0.958471 0.954503 0.788873 0.736077 0.774992 0.902459 0.734047 0.591833 0.711844 0.593725 0.734059 0.581202 0.817691 0.744490 0.678187 0.749268 0.815942 0.998425 0.522467 0.749424 0.691087 0.856145 0.925113 0.944969 0.686621 0.559586 0.413668 0.000000 0.582267 0.727542 0.968893 0.924746 0.888742 0.770049 0.962717 0.868467 0.983320 0.863533 0.875053 0.804418 0.978847 0.997353 0.813082 0.901245 0.832731 0.846138 0.944490 0.924990 0.994321 0.998704 0.875577 0.883383 0.845704 0.944640 0.968687 0.925785 0.714720 0.658263 0.815580 0.713681 0.887386 0.748849 0.916700 0.790537 0.831081 0.951696 0.737952 0.698126 0.753273 0.752227 0.903732 0.992945 0.815859 0.600908 0.798303 0.941682 0.763963 0.898309 0.630073 0.765827 0.966582 0.804931 0.869060 0.765111 0.980060 0.966805 0.899116 0.753102 0.821012 0.818928 0.990657 0.879895 0.909964 0.797823 0.963523 0.992311 0.930579 0.908132 0.944658 0.825232 0.875117 0.754629 0.988647 0.835301 0.884211 0.962721 0.858471 0.931933 0.979638 0.886256 0.616363 0.938742
0.586493 0.656992 0.775429 0.777342 0.932005 0.829158 0.457547 0.519190 0.847689 0.658087 0.592456 0.497317 0.611064 0.602580 0.789229 0.813283 0.470202 0.495982 0.471379 0.660071 0.973411 0.969353 0.710737 0.894342 0.896452 0.889663 0.753320 0.651034 0.475066 0.470929 0.571601 0.582267 0.000000 0.439943 0.887443 0.837899 0.951318 0.995408 0.859607 0.985184 0.955907 0.861745 0.669904 0.533903 0.617846 0.601000 0.530565 0.561019 0.703435 0.685773 0.652718 0.627907 0.702795 0.732806 0.931521 0.870034 0.621900 0.600607 0.560156 0.683875 0.387473 0.692342 0.418116 0.397701 0.888882 0.970622 0.521920 0.570827 0.771699 0.833401 0.683809 0.651027 0.729140 0.801150 0.851976 0.982940 0.753434 0.713185 0.512933 0.711876 0.456349 0.753538 0.569032 0.716826 0.810615 0.964778 0.991602 0.808333 0.958871 0.977213 0.893719 0.987003 0.969434 0.931685 0.858544 0.816200 0.981622 0.634868 0.542880 0.655540 0.804311 0.728439 0.630573 0.446908 0.775360 0.717164 0.987013 0.724849 0.883250 0.819403 0.691913 0.776879 0.716979 0.702880 0.569839 0.931655
0.610439 0.592228 0.821049 0.830931 0.831458 0.715600 0.406779 0.473951 0.918582 0.638757 0.490953 0.516180 0.759782 0.820505 0.993343 0.975971 0.458019 0.421817 0.431898 0.654006 0.883902 0.891391 0.852715 0.764134 0.820536 0.802562 0.844440 0.654660 0.445499 0.469415 0.594461 0.727542 0.439943 0.000000 0.964948 0.787951 0.916573 0.967881 0.873707 0.868058 0.913708 0.965491 0.672361 0.537867 0.624173 0.555521 0.546506 0.448609 0.703690 0.662430 0.730904 0.680658 0.831087 0.861293 0.996818 0.925441 0.577697 0.561285 0.411036 0.450965 0.398917 0.759251 0.366761 0.365418 0.833434 0.947563 0.480428 0.459931 0.787229 0.839090 0.898981 0.890654 0.867747 0.812384 0.898888 0.913987 0.763211 0.733172 0.498098 0.776046 0.558408 0.879944 0.685179 0.732983 0.980775 0.890023 0.938437 0.813637 0.942671 0.925520 0.926084 0.919728 0.904834 0.800134 0.875227 0.902129 0.953433 0.573064 0.630940 0.614429 0.682657 0.820898 0.572732 0.514808 0.778939 0.665097 0.993320 0.778936 0.956475 0.832605 0.719150 0.806771 0.727051 0.720702 0.590287 0.840894
0.916952 0.902128 0.724530 0.927975 0.750604 0.970419 0.822767 0.921423 0.801328 0.970837 0.985515 0.979021 0.900414 0.978036 0.902086 0.868264 0.907698 0.915998 0.958832 0.961569 0.956441 0.990259 0.916778 0.892743 0.892489 0.827725 0.962209 0.773857 0.998624 0.958628 0.919096 0.968893 0.887443 0.964948 0.000000 0.990011 0.915232 0.968774 0.942063 0.881323 0.773398 0.947661 0.835183 0.945902 0.851494 0.851551 0.794109 0.754431 0.914325 0.796208 0.869343 0.828070 0.905532 0.920525 0.909610 0.852408 0.967893 0.971688 0.924629 0.780050 0.802411 0.784749 0.966290 0.957471 0.791572 0.816509 0.837981 0.758387 0.928209 0.969022 0.891561 0.976518 0.946881 0.879655 0.945126 0.892182 0.889541 0.942781 0.939847 0.845052 0.946013 0.825465 0.913146 0.936938 0.829976 0.848591 0.907402 0.979855 0.973823 0.905082 0.916736 0.907445 0.915026 0.993406 0.950216 0.958875 0.951605 0.988010 0.882266 0.891875 0.806450 0.855159 0.894677 0.968887 0.923050 0.939779 0.883374 0.969715 0.967920 0.921889 0.969177 0.988465 0.824534 0.891800 0.846343 0.986559
0.996235 0.923484 0.961393 0.955144 0.899510 0.847718 0.770782 0.842593 0.872597 0.878497 0.956544 0.972481 0.964985 0.945411 0.913406 0.946897 0.862133 0.909228 0.826061 0.963522 0.975294 0.973096 0.974106 0.891900 0.837603 0.740619 0.809702 0.871248 0.930030 0.878826 0.869119 0.924746 0.837899 0.787951 0.990011 0.000000 0.969730 0.829940 0.974267 0.954798 0.833007 0.994650 0.737157 0.742666 0.651292 0.658564 0.742115 0.717813 0.716040 0.719107 0.723894 0.729052 0.703974 0.765503 0.915948 0.967379 0.924820 0.882794 0.672641 0.836979 0.765842 0.875906 0.813021 0.811279 0.868166 0.958899 0.695225 0.677599 0.877860 0.970561 0.959717 0.974420 0.855411 0.967648 0.995633 0.959216 0.856988 0.884528 0.919426 0.840448 0.822249 0.987993 0.860749 0.955803 0.993454 0.980469 0.995132 0.993560 0.911643 0.914996 0.930454 0.841702 0.913457 0.984852 0.863558 0.939735 0.940392 0.885491 0.768998 0.688474 0.850660 0.898418 0.765093 0.780485 0.917573 0.952505 0.946479 0.941821 0.920882 0.906590 0.814892 0.692898 0.965909 0.946292 0.871706 0.983251
0.779441 0.726457 0.733203 0.690534 0.992659 0.855655 0.869475 0.973071 0.698913 0.976412 0.960196 0.745623 0.850386 0.678736 0.723761 0.677164 0.954754 0.922243 0.777913 0.690857 0.988715 0.925510 0.738594 0.716518 0.680884 0.763134 0.810272 0.877960 0.978733 0.959281 0.928431 0.888742 0.951318 0.916573 0.915232 0.969730 0.000000 0.715428 0.812636 0.862730 0.739289 0.855116 0.884614 0.907643 0.807709 0.857002 0.938959 0.943085 0.874461 0.898818 0.856869 0.900344 0.996584 0.997963 0.928453 0.882448 0.797741 0.756813 0.774250 0.834488 0.929287 0.800875 0.797303 0.988720 0.738676 0.874296 0.715770 0.796619 0.681711 0.719759 0.752355 0.645199 0.722114 0.828004 0.946940 0.999499 0.787398 0.952232 0.845327 0.877775 0.842364 0.726677 0.859859 0.755987 0.716969 0.780466 0.988207 0.934390 0.760109 0.759022 0.921667 0.968047 0.961669 0.920524 0.985126 0.762499 0.889665 0.964312 0.971338 0.913149 0.814436 0.902644 0.937701 0.958260 0.953780 0.995234 0.950625 0.879658 0.825648 0.872878 0.912138 0.999679 0.931352 0.975606 0.903706 0.986426
0.723511 0.611054 0.846462 0.780104 0.804491 0.767002 0.801458 0.955164 0.869949 0.984495 0.779237 0.741713 0.978536 0.781685 0.998007 0.857741 0.877484 0.769303 0.812004 0.624240 0.921350 0.914783 0.927894 0.855353 0.652176 0.744951 0.705290 0.857750 0.801975 0.881746 0.955497 0.770049 0.995408 0.967881 0.968774 0.829940 0.715428 0.000000 0.798111 0.708440 0.742914 0.719581 0.941750 0.988573 0.774864 0.828724 0.950335 0.981193 0.859618 0.916600 0.809525 0.794514 0.888092 0.861851 0.946565 0.998899 0.594766 0.683807 0.774351 0.899359 0.795813 0.910882 0.880777 0.978196 0.818832 0.998307 0.636410 0.699821 0.652430 0.702704 0.906838 0.820488 0.822110 0.777148 0.894988 0.989477 0.965647 0.922082 0.889257 0.929103 0.762166 0.632655 0.706168 0.512009 0.872145 0.892868 0.883923 0.924238 0.856774 0.732586 0.907553 0.861121 0.843889 0.980670 0.955236 0.986916 0.958345 0.864507 0.880942 0.859318 0.872005 0.894687 0.922158 0.933507 0.980915 0.974168 0.983864 0.923578 0.852844 0.910940 0.982319 0.998222 0.983330 0.855891 0.924642 0.952823
