0.000000 0.511742 0.688850 0.563359 0.836887 0.859101 0.672868 0.562714 0.941177 0.774512 0.560062 0.647913 0.856409 0.936729 0.901614 0.866008 0.468609 0.430336 0.587525 0.559958 0.749039 0.985929 0.803470 0.653898 0.903591 0.798149 0.933190 0.851193 0.856988 0.879769 0.960847 0.838554 0.564657 0.586230 0.665966 0.945952 0.787059 0.867619 0.934298 0.875213 0.652342 0.805430 0.775834 0.746306 0.810287 0.638580 0.550353 0.646720 0.729289 0.818415 0.863022 0.944888 0.986513 0.943441 0.639109 0.594662 0.407031 0.518113 0.447043 0.636030 0.579653 0.653810 0.562841 0.514485 0.843926 0.746754 0.592311 0.674821 0.729584 0.642570 0.883769 0.937597 0.991971 0.878043 0.980621 0.945451 0.883665 0.786652 0.656566 0.949916 0.490704 0.510439 0.963957 0.688701 0.844674 0.776284 0.876733 0.804940 0.726876 0.555681 0.829183 0.950703 0.840066 0.984331 0.817295 0.800741 0.688928 0.840408 0.615567 0.701354 0.918183 0.940213 0.595193 0.667478 0.952196 0.674352 0.940108 0.822221 0.865798 0.938200 0.995875 0.711940 0.833635 0.932697 0.990440 0.956256
0.511742 0.000000 0.782627 0.609635 0.752923 0.831149 0.916854 0.726202 0.959091 0.965905 0.796688 0.725487 0.788836 0.719080 0.891362 0.879833 0.645830 0.653256 0.647221 0.640923 0.818254 0.867316 0.918408 0.907095 0.818088 0.723014 0.974579 0.840466 0.993042 0.968513 0.975088 0.945621 0.704338 0.815386 0.769111 0.916698 0.811231 0.872800 0.939277 0.994670 0.792493 0.775861 0.710444 0.640634 0.798480 0.685602 0.700187 0.645487 0.677087 0.681443 0.761998 0.805278 0.774333 0.825680 0.713113 0.838116 0.522490 0.503179 0.608506 0.671892 0.854479 0.828648 0.895203 0.801050 0.784284 0.800010 0.826658 0.778947 0.676919 0.584492 0.727479 0.798889 0.874564 0.998776 0.990909 0.906113 0.755826 0.671150 0.767276 0.931841 0.781783 0.786695 0.913672 0.899240 0.986498 0.846738 0.987788 0.808470 0.874456 0.668029 0.849975 0.915541 0.844448 0.893949 0.889924 0.884478 0.718053 0.909420 0.701689 0.708365 0.998055 0.812809 0.674495 0.695358 0.825971 0.717649 0.889048 0.767916 0.971527 0.839284 0.944784 0.737566 0.739062 0.892008 0.853777 0.950454
0.688850 0.782627 0.000000 0.455881 0.948724 0.856505 0.460557 0.847694 0.599852 0.984196 0.868348 0.884122 0.843489 0.922239 0.897766 0.774092 0.823416 0.710157 0.762834 0.793884 0.762906 0.943744 0.827342 0.984915 0.667828 0.678101 0.786392 0.822383 0.963746 0.836369 0.803422 0.991842 0.580187 0.839050 0.590318 0.921855 0.758090 0.868616 0.864981 0.923209 0.740697 0.720549 0.793682 0.741567 0.726955 0.710128 0.831383 0.811936 0.883739 0.792790 0.801942 0.823980 0.802709 0.677699 0.891660 0.733194 0.651664 0.774890 0.833894 0.931353 0.753561 0.922265 0.849400 0.920627 0.480288 0.956727 0.501233 0.788230 0.724983 0.726097 0.840200 0.840245 0.986942 0.882551 0.939874 0.898261 0.802369 0.814141 0.733933 0.986730 0.700928 0.707455 0.864905 0.743332 0.582809 0.600363 0.969728 0.978132 0.810870 0.753431 0.558432 0.611884 0.516095 0.591573 0.841136 0.717017 0.693223 0.874064 0.706714 0.692841 0.910096 0.878441 0.739266 0.782982 0.783799 0.757482 0.955448 0.772859 0.979975 0.908120 0.864317 0.735154 0.808829 0.998222 0.973795 0.929778
0.563359 0.609635 0.455881 0.000000 0.971184 0.842654 0.534916 0.664252 0.703123 0.934383 0.804157 0.921800 0.751380 0.920160 0.915191 0.895539 0.791453 0.636118 0.637476 0.702898 0.796643 0.964904 0.879741 0.970389 0.700728 0.693982 0.907588 0.862772 0.959361 0.889434 0.822804 0.987746 0.593802 0.765487 0.581264 0.915462 0.880071 0.966615 0.927023 0.867539 0.721031 0.733442 0.685616 0.612034 0.675947 0.608058 0.693463 0.620140 0.786163 0.766533 0.816176 0.848936 0.802863 0.762432 0.847141 0.669321 0.621912 0.716302 0.771409 0.873271 0.689763 0.876028 0.830219 0.843196 0.530534 0.784538 0.552456 0.692244 0.784306 0.667883 0.724638 0.841299 0.926977 0.955970 0.953137 0.955169 0.716788 0.796569 0.765316 0.967423 0.676705 0.679252 0.970226 0.857322 0.697418 0.602788 0.957619 0.891005 0.917033 0.657120 0.541774 0.683667 0.505834 0.650393 0.866553 0.697432 0.649386 0.808141 0.595906 0.628641 0.948427 0.898830 0.676681 0.636817 0.729378 0.705220 0.919164 0.820021 0.911021 0.899635 0.881821 0.669060 0.847967 0.907183 0.948434 0.953440
0.836887 0.752923 0.948724 0.971184 0.000000 0.924008 0.823928 0.953976 0.706768 0.850863 0.943447 0.914795 0.928686 0.950951 0.815017 0.924225 0.967111 0.980776 0.945669 0.961111 0.808454 0.917711 0.615193 0.703849 0.898892 0.820018 0.834739 0.747300 0.880068 0.896385 0.942601 0.793985 0.923187 0.950900 0.933933 0.971942 0.884519 0.706169 0.971736 0.945664 0.806962 0.842834 0.659002 0.687239 0.949848 0.893454 0.777625 0.806428 0.836096 0.894806 0.924698 0.985121 0.882645 0.903436 0.964877 0.965738 0.818843 0.969105 0.807191 0.903041 0.855197 0.984886 0.930157 0.954753 0.801156 0.986147 0.992967 0.852667 0.769340 0.838660 0.984311 0.972573 0.867101 0.771813 0.938048 0.885834 0.974035 0.828570 0.937025 0.964832 0.928493 0.968696 0.726515 0.900725 0.702381 0.781362 0.816000 0.740435 0.936267 0.984007 0.898127 0.935534 0.944335 0.991473 0.932358 0.882618 0.978727 0.768924 0.997491 0.951316 0.880384 0.878062 0.813397 0.804832 0.902361 0.868831 0.988288 0.887696 0.816417 0.951927 0.983246 0.962788 0.909177 0.919964 0.898170 0.894809
0.859101 0.831149 0.856505 0.842654 0.924008 0.000000 0.939904 0.779052 0.965940 0.856386 0.896236 0.735228 0.838416 0.766115 0.997366 0.755599 0.973830 0.913042 0.934412 0.953001 0.969056 0.851862 0.868207 0.888177 0.953794 0.998869 0.960719 0.868753 0.999433 0.936147 0.967348 0.885046 0.994624 0.961031 0.865493 0.996017 0.901813 0.870673 0.945663 0.837122 0.952954 0.864525 0.994501 0.998051 0.900496 0.995878 0.900955 0.956099 0.926116 0.887356 0.886301 0.867906 0.928765 0.851356 0.892908 0.884587 0.963996 0.937679 0.919207 0.768320 0.838540 0.687903 0.976092 0.961116 0.964828 0.673578 0.978659 0.877064 0.873699 0.967773 0.863979 0.893366 0.994892 0.977390 0.940678 0.832440 0.916013 0.895883 0.938416 0.904367 0.940488 0.979143 0.709536 0.876956 0.797495 0.992535 0.937758 0.806860 0.991432 0.955985 0.948180 0.854035 0.982767 0.876149 0.978763 0.986878 0.932815 0.867119 0.951364 0.993511 0.879290 0.978011 0.976739 0.927539 0.887507 0.951920 0.975411 0.898591 0.938700 0.920011 0.848062 0.953093 0.967050 0.925007 0.741218 0.860784
0.672868 0.916854 0.460557 0.534916 0.823928 0.939904 0.000000 0.535072 0.592748 0.581833 0.719030 0.887006 0.840689 0.848708 0.865072 0.731018 0.696614 0.603009 0.692869 0.813129 0.961215 0.931700 0.852284 0.946953 0.975558 0.982729 0.977200 0.917126 0.800523 0.849943 0.818656 0.976936 0.527409 0.558942 0.666957 0.925510 0.969369 0.884951 0.988015 0.991843 0.757247 0.888481 0.914672 0.886142 0.606450 0.596876 0.860533 0.812567 0.883822 0.974173 0.971041 0.879040 0.924927 0.992504 0.821606 0.716281 0.810135 0.980135 0.895346 0.926958 0.445670 0.737771 0.521888 0.609597 0.701668 0.842404 0.495745 0.667424 0.994283 0.907518 0.973074 0.891841 0.996410 0.995234 0.877845 0.903392 0.942858 0.962814 0.761686 0.838106 0.531159 0.553556 0.869435 0.670869 0.552318 0.638934 0.893676 0.985718 0.919198 0.832440 0.539450 0.756058 0.572003 0.795944 0.751132 0.789027 0.741021 0.912026 0.554133 0.672561 0.996725 0.991875 0.771476 0.747689 0.912523 0.860084 0.811767 0.943903 0.881112 0.974070 0.800134 0.697500 0.831993 0.911333 0.816706 0.877419
0.562714 0.726202 0.847694 0.664252 0.953976 0.779052 0.535072 0.000000 0.814041 0.441062 0.485965 0.444827 0.770314 0.893194 0.743013 0.927575 0.550760 0.541960 0.692800 0.732169 0.954114 0.859077 0.834255 0.739105 0.714376 0.787774 0.800373 0.793119 0.663562 0.617739 0.966967 0.938458 0.680234 0.424273 0.818460 0.976536 0.851373 0.711010 0.961214 0.889198 0.804288 0.989680 0.916135 0.877497 0.679213 0.607804 0.762465 0.736483 0.783225 0.883664 0.774452 0.643781 0.717059 0.663443 0.705963 0.728946 0.823212 0.898884 0.753371 0.815108 0.371792 0.387955 0.464052 0.418231 0.960276 0.654699 0.749934 0.610700 0.876347 0.850968 0.939899 0.873662 0.991443 0.990197 0.922630 0.991671 0.894598 0.882896 0.793412 0.797497 0.576446 0.621777 0.901994 0.748834 0.968560 0.863475 0.804784 0.795495 0.994415 0.756935 0.832464 0.860820 0.877752 0.821931 0.785081 0.945967 0.823871 0.886663 0.585360 0.778885 0.813887 0.851754 0.733483 0.783273 0.952789 0.926352 0.770790 0.879518 0.825711 0.970665 0.851352 0.742246 0.873250 0.797623 0.833309 0.839908
0.941177 0.959091 0.599852 0.703123 0.706768 0.965940 0.592748 0.814041 0.000000 0.856940 0.923935 0.958102 0.742522 0.971869 0.830790 0.984995 0.906898 0.827596 0.857276 0.889773 0.947719 0.987621 0.693783 0.809676 0.934860 0.957099 0.838677 0.993137 0.874549 0.942103 0.852952 0.903236 0.782569 0.867928 0.809616 0.926528 0.982997 0.881060 0.896782 0.950414 0.857786 0.984835 0.876389 0.901156 0.937745 0.944014 0.974466 0.916319 0.908837 0.985378 0.987517 0.928919 0.834076 0.737706 0.961515 0.822892 0.948000 0.934210 0.895224 0.919824 0.719137 0.914332 0.847940 0.906228 0.605842 0.842491 0.816701 0.975288 0.961546 0.946980 0.915881 0.879345 0.823400 0.967005 0.983771 0.959983 0.867543 0.969812 0.760546 0.967036 0.817072 0.832194 0.779746 0.820317 0.635084 0.583426 0.986097 0.974162 0.915196 0.872396 0.657882 0.718384 0.721888 0.743030 0.954030 0.820045 0.811990 0.964733 0.845348 0.736214 0.860910 0.887767 0.940136 0.914862 0.776651 0.980803 0.899195 0.988590 0.953660 0.974568 0.798067 0.841571 0.827780 0.918442 0.936019 0.956649
0.774512 0.965905 0.984196 0.934383 0.850863 0.856386 0.581833 0.441062 0.856940 0.000000 0.595884 0.602276 0.974384 0.988788 0.667687 0.862441 0.661443 0.641487 0.773549 0.853777 0.928438 0.846317 0.922692 0.786736 0.550719 0.601298 0.814477 0.661848 0.613286 0.571192 0.992825 0.995650 0.809475 0.519716 0.903179 0.952259 0.748146 0.675781 0.934844 0.991106 0.893824 0.888484 0.847415 0.867173 0.755119 0.744321 0.840796 0.944005 0.862377 0.815126 0.752814 0.642100 0.661290 0.603943 0.786299 0.770484 0.957189 0.917085 0.867216 0.873882 0.449903 0.474924 0.423787 0.426856 0.792427 0.795018 0.759096 0.676218 0.726675 0.984913 0.894902 0.792008 0.940211 0.959890 0.869303 0.928471 0.876447 0.828979 0.844212 0.740035 0.585673 0.643117 0.957666 0.713826 0.880661 0.957995 0.740121 0.992861 0.913433 0.867332 0.879046 0.846964 0.992511 0.759959 0.780478 0.960942 0.977886 0.958625 0.711066 0.809973 0.818609 0.788764 0.823703 0.858253 0.896684 0.952566 0.647947 0.795430 0.921901 0.992310 0.928853 0.833366 0.951758 0.881849 0.766379 0.765025
0.560062 0.796688 0.868348 0.804157 0.943447 0.896236 0.719030 0.485965 0.923935 0.595884 0.000000 0.478541 0.849044 0.968629 0.618547 0.828589 0.540683 0.618075 0.784550 0.731151 0.958672 0.803948 0.632973 0.572300 0.844502 0.903216 0.809568 0.924607 0.803852 0.798249 0.805391 0.757980 0.752387 0.507923 0.777633 0.979204 0.907816 0.920530 0.995932 0.882567 0.730525 0.821682 0.971171 0.938231 0.875421 0.732747 0.771365 0.869054 0.848873 0.902680 0.729629 0.669065 0.673252 0.605999 0.698413 0.697001 0.798351 0.836103 0.662907 0.780796 0.543973 0.546422 0.548520 0.473013 0.845449 0.845986 0.754801 0.774579 0.916528 0.687797 0.862087 0.854747 0.823320 0.904933 0.897565 0.875674 0.916900 0.916860 0.794320 0.858849 0.638128 0.712674 0.905958 0.752588 0.908807 0.941402 0.816378 0.680440 0.901574 0.782690 0.871046 0.805670 0.909304 0.842160 0.805423 0.953865 0.800077 0.830008 0.724710 0.858143 0.824198 0.930893 0.628245 0.815919 0.928565 0.840289 0.744856 0.936434 0.819575 0.927377 0.999000 0.818029 0.887801 0.869744 0.916615 0.974076
0.647913 0.725487 0.884122 0.921800 0.914795 0.735228 0.887006 0.444827 0.958102 0.602276 0.478541 0.000000 0.664683 0.685104 0.795528 0.858135 0.635025 0.678032 0.707658 0.752326 0.935020 0.811203 0.654399 0.730413 0.662450 0.728842 0.835716 0.827628 0.733841 0.667314 0.723977 0.847152 0.928929 0.569815 0.968271 0.997555 0.889231 0.718533 0.946660 0.940830 0.883365 0.946779 0.909987 0.906120 0.886266 0.769796 0.746336 0.859263 0.886868 0.812726 0.765263 0.651145 0.688416 0.613714 0.681613 0.792844 0.879419 0.872944 0.770600 0.782337 0.542148 0.428915 0.596040 0.527589 0.752901 0.686206 0.986129 0.818009 0.946557 0.766592 0.912016 0.863093 0.976669 0.990963 0.874802 0.973522 0.860507 0.797542 0.828915 0.848965 0.725416 0.798461 0.804711 0.900189 0.767382 0.924365 0.774424 0.696637 0.992612 0.893089 0.906491 0.686448 0.884852 0.655513 0.866157 0.858366 0.897345 0.945837 0.798177 0.998694 0.741548 0.815699 0.783710 0.920879 0.857159 0.988669 0.839137 0.885941 0.862439 0.972112 0.995292 0.903452 0.901510 0.858902 0.865013 0.899435
0.856409 0.788836 0.843489 0.751380 0.928686 0.838416 0.840689 0.770314 0.742522 0.974384 0.849044 0.664683 0.000000 0.558634 0.784909 0.611697 0.938551 0.910776 0.776665 0.969085 0.922094 0.937143 0.963600 0.910388 0.920747 0.982068 0.889588 0.884848 0.924410 0.978168 0.933105 0.950409 0.990219 0.852208 0.931907 0.979339 0.947084 0.891505 0.942049 0.927883 0.825332 0.950377 0.869264 0.871196 0.958406 0.883984 0.900400 0.999762 0.919702 0.897434 0.969997 0.919532 0.916821 0.805277 0.861223 0.869194 0.967705 0.934372 0.879125 0.863731 0.721679 0.819074 0.935503 0.945177 0.849051 0.814496 0.958509 0.904212 0.840279 0.824846 0.879140 0.829060 0.891663 0.957055 0.915564 0.871266 0.694513 0.660883 0.891415 0.956428 0.945813 0.943441 0.886223 0.928768 0.989201 0.872061 0.991458 0.823384 0.974501 0.892855 0.833689 0.911692 0.775524 0.910931 0.897627 0.984415 0.838976 0.934000 0.809903 0.961699 0.941528 0.978382 0.854273 0.875474 0.894152 0.999342 0.833737 0.883133 0.999803 0.931602 0.875864 0.956815 0.890798 0.701949 0.993458 0.965831
0.936729 0.719080 0.922239 0.920160 0.950951 0.766115 0.848708 0.893194 0.971869 0.988788 0.968629 0.685104 0.558634 0.000000 0.696969 0.537624 0.956178 0.947883 0.719429 0.843806 0.958727 0.974760 0.979554 0.867825 0.914048 0.982982 0.795655 0.952051 0.872734 0.860819 0.971996 0.836370 0.874278 0.982058 0.995496 0.944613 0.815887 0.830245 0.938533 0.904282 0.950997 0.893730 0.839735 0.831862 0.995149 0.920577 0.842962 0.899340 0.921384 0.970781 0.972476 0.998632 0.817825 0.857573 0.914962 0.892930 0.972145 0.922876 0.909279 0.993242 0.977407 0.901692 0.952985 0.971756 0.996063 0.877029 0.831581 0.883347 0.921853 0.842551 0.793670 0.741780 0.878576 0.908850 0.909195 0.821113 0.587492 0.748467 0.911337 0.957590 0.961343 0.890578 0.917781 0.910098 0.832813 0.991081 0.905176 0.910593 0.887043 0.992237 0.941996 0.979603 0.985032 0.937320 0.982049 0.962515 0.960029 0.938273 0.985685 0.969226 0.868917 0.947139 0.928512 0.934081 0.996152 0.962995 0.857749 0.974739 0.875705 0.921685 0.979593 0.956317 0.903542 0.892675 0.963549 0.957838
0.901614 0.891362 0.897766 0.915191 0.815017 0.997366 0.865072 0.743013 0.830790 0.667687 0.618547 0.795528 0.784909 0.696969 0.000000 0.560556 0.794903 0.944009 0.900113 0.959951 0.982133 0.820857 0.527931 0.574559 0.838639 0.814801 0.584589 0.878192 0.970315 0.921681 0.774906 0.740532 0.965961 0.742820 0.980009 0.900964 0.902876 0.971210 0.910132 0.935087 0.929430 0.939565 0.897104 0.911768 0.814519 0.798844 0.964286 0.949903 0.858177 0.869155 0.805879 0.698975 0.499313 0.490663 0.851721 0.858121 0.984271 0.846133 0.788229 0.846817 0.799352 0.701953 0.772799 0.722214 0.613370 0.923330 0.866659 0.732914 0.881641 0.932473 0.721031 0.654680 0.801879 0.858722 0.904379 0.926980 0.819841 0.879016 0.987534 0.945566 0.861115 0.944968 0.777016 0.995303 0.790241 0.745844 0.780611 0.839464 0.990655 0.995889 0.993018 0.827457 0.983395 0.861098 0.929401 0.978694 0.906007 0.789474 0.909196 0.913796 0.728293 0.889940 0.807154 0.899898 0.812190 0.977497 0.716092 0.937501 0.965924 0.956524 0.845451 0.948795 0.966142 0.836059 0.921701 0.993694
0.866008 0.879833 0.774092 0.895539 0.924225 0.755599 0.731018 0.927575 0.984995 0.862441 0.828589 0.858135 0.611697 0.537624 0.560556 0.000000 0.847906 0.875943 0.956156 0.959177 0.937107 0.897323 0.798454 0.674796 0.931322 0.952891 0.821388 0.967730 0.966702 0.914098 0.946608 0.783433 0.877708 0.908288 0.786891 0.924663 0.927080 0.894945 0.987742 0.927508 0.927627 0.775285 0.934831 0.918825 0.783037 0.800856 0.956034 0.880391 0.783041 0.924492 0.998070 0.971970 0.760348 0.779663 0.946537 0.805152 0.893280 0.954455 0.766246 0.957888 0.934029 0.995701 0.804699 0.812925 0.962354 0.883876 0.755981 0.827937 0.970178 0.977811 0.816581 0.808898 0.752963 0.812218 0.939860 0.780445 0.821222 0.797252 0.996194 0.955094 0.752965 0.747750 0.976228 0.814526 0.876731 0.970633 0.865090 0.937245 0.877604 0.808974 0.870727 0.948051 0.869135 0.918887 0.927231 0.840260 0.884859 0.849001 0.880432 0.824406 0.943506 0.990137 0.856966 0.860731 0.939389 0.852428 0.797838 0.964862 0.938764 0.963817 0.908400 0.874336 0.853918 0.914754 0.869618 0.974655
0.468609 0.645830 0.823416 0.791453 0.967111 0.973830 0.696614 0.550760 0.906898 0.661443 0.540683 0.635025 0.938551 0.956178 0.794903 0.847906 0.000000 0.476810 0.738213 0.607723 0.934456 0.943272 0.849584 0.728530 0.891263 0.988866 0.897384 0.946329 0.758468 0.763987 0.906351 0.900628 0.685215 0.624307 0.747015 0.936402 0.811659 0.950312 0.902817 0.982451 0.853214 0.910397 0.990840 0.913098 0.871134 0.801536 0.745448 0.775059 0.821093 0.962811 0.992833 0.939878 0.879691 0.822329 0.590940 0.693830 0.586037 0.622532 0.515118 0.640475 0.547743 0.580723 0.522174 0.447939 0.929371 0.719422 0.685392 0.712927 0.883331 0.719111 0.989463 0.809764 0.997150 0.963369 0.904427 0.922969 0.973285 0.915471 0.745370 0.933711 0.520059 0.548495 0.998209 0.622700 0.835883 0.840409 0.861875 0.952340 0.776276 0.631245 0.940881 0.827197 0.992587 0.875217 0.810754 0.859481 0.765693 0.936437 0.682886 0.801339 0.929380 0.937389 0.638109 0.756057 0.986388 0.773103 0.833574 0.903998 0.963252 0.927087 0.990541 0.814425 0.873855 0.958074 0.970631 0.934469
0.430336 0.653256 0.710157 0.636118 0.980776 0.913042 0.603009 0.541960 0.827596 0.641487 0.618075 0.678032 0.910776 0.947883 0.944009 0.875943 0.476810 0.000000 0.646134 0.588829 0.839279 0.952064 0.950923 0.752897 0.996203 0.942114 0.931450 0.977319 0.660001 0.648755 0.883128 0.982577 0.591252 0.551800 0.721014 0.818830 0.825240 0.955194 0.943185 0.878391 0.741840 0.849164 0.870029 0.855044 0.793930 0.718193 0.556558 0.663789 0.716343 0.898136 0.920688 0.992803 0.999782 0.903913 0.573345 0.569607 0.492115 0.633070 0.531773 0.670477 0.521469 0.610530 0.441148 0.446705 0.830727 0.746355 0.620890 0.647157 0.938895 0.729778 0.971540 0.871761 0.983836 0.888787 0.951873 0.963406 0.951454 0.938634 0.665907 0.958649 0.367685 0.408545 0.859487 0.497937 0.701553 0.687499 0.929457 0.936156 0.752070 0.549084 0.929961 0.824920 0.973187 0.865613 0.761304 0.829671 0.842247 0.946749 0.677838 0.757950 0.959956 0.875346 0.723515 0.772874 0.895752 0.708852 0.835980 0.981486 0.857981 0.920684 0.995509 0.782441 0.833342 0.969711 0.949260 0.842900
0.587525 0.647221 0.762834 0.637476 0.945669 0.934412 0.692869 0.692800 0.857276 0.773549 0.784550 0.707658 0.776665 0.719429 0.900113 0.956156 0.738213 0.646134 0.000000 0.640214 0.930390 0.939461 0.856727 0.919114 0.991727 0.953742 0.899764 0.995147 0.839456 0.831169 0.913438 0.775098 0.714499 0.710743 0.683642 0.885137 0.924580 0.865900 0.900234 0.833415 0.779060 0.871055 0.942877 0.861196 0.799715 0.701580 0.760939 0.754753 0.803704 0.867785 0.938551 0.955402 0.837598 0.887971 0.690884 0.724732 0.733295 0.763427 0.857155 0.898865 0.667543 0.817493 0.619152 0.665661 0.800067 0.902272 0.819911 0.921519 0.827347 0.769375 0.954283 0.985468 0.851434 0.878053 0.983940 0.974112 0.787411 0.798997 0.831545 0.972317 0.678022 0.655528 0.841448 0.832024 0.703243 0.757971 0.980501 0.941095 0.950157 0.769154 0.780438 0.897375 0.781882 0.942436 0.846927 0.995164 0.814465 0.928324 0.692613 0.652704 0.957640 0.911367 0.742853 0.842544 0.880351 0.685498 0.892950 0.849719 0.963048 0.932837 0.999102 0.735691 0.832825 0.965237 0.874335 0.715224
0.559958 0.640923 0.793884 0.702898 0.961111 0.953001 0.813129 0.732169 0.889773 0.853777 0.731151 0.752326 0.969085 0.843806 0.959951 0.959177 0.607723 0.588829 0.640214 0.000000 0.835097 0.924626 0.996232 0.916397 0.979564 0.920547 0.972450 0.878989 0.873070 0.876204 0.875053 0.974934 0.752648 0.789819 0.697703 0.988078 0.826142 0.933168 0.987272 0.992502 0.847030 0.862441 0.868592 0.839612 0.821116 0.704107 0.683180 0.636606 0.688621 0.684434 0.754243 0.773268 0.784541 0.941995 0.775217 0.700390 0.616505 0.584261 0.570049 0.608851 0.778227 0.800844 0.737968 0.660095 0.849382 0.837403 0.736240 0.789196 0.838584 0.722962 0.864510 0.957963 0.898021 0.964999 0.973257 0.993209 0.840838 0.990123 0.751850 0.973000 0.692889 0.664778 0.813354 0.731173 0.835856 0.799700 0.966524 0.931626 0.836391 0.601839 0.862555 0.975054 0.902220 0.967288 0.956782 0.934265 0.782367 0.874328 0.695356 0.746262 0.864639 0.949777 0.680859 0.781311 0.905947 0.778322 0.958905 0.866651 0.824839 0.997579 0.934913 0.736836 0.796314 0.969626 0.986574 0.895965
0.749039 0.818254 0.762906 0.796643 0.808454 0.969056 0.961215 0.954114 0.947719 0.928438 0.958672 0.935020 0.922094 0.958727 0.982133 0.937107 0.934456 0.839279 0.930390 0.835097 0.000000 0.914055 0.833902 0.758532 0.757528 0.726395 0.959900 0.792733 0.887550 0.792219 0.980596 0.831954 0.780348 0.954494 0.844704 0.968123 0.730379 0.793846 0.810924 0.934446 0.912434 0.971666 0.690347 0.744754 0.976799 0.935413 0.759549 0.862518 0.959831 0.858699 0.772199 0.814471 0.960134 0.926899 0.987178 0.966329 0.638119 0.747380 0.685965 0.843021 0.995187 0.941839 0.948123 0.938758 0.857320 0.890976 0.760753 0.827201 0.770629 0.758332 0.982566 0.889548 0.978897 0.735960 0.935065 0.913309 0.955711 0.957580 0.819039 0.941891 0.908696 0.914047 0.846034 0.944343 0.987459 0.955226 0.981387 0.820171 0.830983 0.758746 0.893365 0.911134 0.934704 0.854946 0.890506 0.717555 0.785494 0.898323 0.985673 0.924140 0.918525 0.960627 0.767778 0.816680 0.993690 0.924042 0.876261 0.859405 0.997399 0.849298 0.942768 0.847219 0.906438 0.934233 0.845826 0.752367
0.985929 0.867316 0.943744 0.964904 0.917711 0.851862 0.931700 0.859077 0.987621 0.846317 0.803948 0.811203 0.937143 0.974760 0.820857 0.897323 0.943272 0.952064 0.939461 0.924626 0.914055 0.000000 0.951837 0.956441 0.953840 0.860571 0.926658 0.720685 0.892036 0.846150 0.909029 0.864911 0.994749 0.879363 0.856446 0.981970 0.849047 0.817096 0.943650 0.950456 0.991474 0.776834 0.984218 0.971047 0.893695 0.933105 0.973538 0.929699 0.981357 0.844893 0.810765 0.769595 0.812298 0.797226 0.910967 0.947290 0.960123 0.904787 0.938993 0.872528 0.873103 0.917810 0.826586 0.842544 0.878301 0.913758 0.975173 0.970278 0.879969 0.957130 0.837952 0.826800 0.911721 0.924419 0.939600 0.897592 0.981583 0.909534 0.996065 0.958778 0.976159 0.928981 0.810123 0.931723 0.988787 0.913548 0.968933 0.952448 0.918005 0.995449 0.936260 0.922047 0.915784 0.836711 0.911101 0.954408 0.948781 0.963318 0.945929 0.904023 0.956415 0.822154 0.968560 0.972353 0.747345 0.902391 0.790571 0.880109 0.969389 0.983985 0.889163 0.893335 0.910541 0.896932 0.814470 0.891748
0.803470 0.918408 0.827342 0.879741 0.615193 0.868207 0.852284 0.834255 0.693783 0.922692 0.632973 0.654399 0.963600 0.979554 0.527931 0.798454 0.849584 0.950923 0.856727 0.996232 0.833902 0.951837 0.000000 0.411448 0.857296 0.944211 0.742346 0.917522 0.994513 0.964097 0.581865 0.532280 0.918289 0.878650 0.871491 0.867080 0.915740 0.952857 0.874675 0.874692 0.910858 0.937847 0.792785 0.801444 0.988817 0.915530 0.844138 0.913533 0.896348 0.876062 0.850891 0.751007 0.603646 0.537196 0.895867 0.913280 0.905791 0.933504 0.661258 0.772672 0.961028 0.758817 0.920370 0.825069 0.545465 0.962232 0.973492 0.930712 0.878276 0.846209 0.781356 0.813903 0.651342 0.708882 0.878835 0.960971 0.959159 0.939484 0.969847 0.955424 0.938843 0.923981 0.610678 0.879346 0.477597 0.608075 0.696557 0.527368 0.919288 0.995985 0.814973 0.673213 0.846401 0.791971 0.987201 0.979881 0.938253 0.721102 0.980988 0.887242 0.687725 0.924304 0.739231 0.844498 0.802893 0.992935 0.937627 0.946642 0.985872 0.948806 0.976496 0.991234 0.983268 0.891253 0.978252 0.839648
0.653898 0.907095 0.984915 0.970389 0.703849 0.888177 0.946953 0.739105 0.809676 0.786736 0.572300 0.730413 0.910388 0.867825 0.574559 0.674796 0.728530 0.752897 0.919114 0.916397 0.758532 0.956441 0.411448 0.000000 0.868144 0.960046 0.703718 0.966256 0.949089 0.971747 0.683111 0.534970 0.963134 0.742864 0.978704 0.940464 0.819870 0.942425 0.889544 0.815940 0.832058 0.925894 0.855618 0.872640 0.916109 0.840710 0.756747 0.830029 0.798852 0.955956 0.877827 0.777540 0.685063 0.576237 0.859339 0.821156 0.790637 0.854881 0.571505 0.790202 0.846118 0.767321 0.742506 0.651253 0.663832 0.947988 0.844093 0.861717 0.847313 0.786581 0.837106 0.872113 0.596361 0.659116 0.977821 0.907691 0.948179 0.974760 0.902667 0.880899 0.739994 0.861236 0.792975 0.875117 0.699620 0.723776 0.742471 0.614458 0.848750 0.859065 0.971641 0.750808 0.956888 0.845542 0.970055 0.874971 0.903911 0.810379 0.844935 0.936931 0.781130 0.986066 0.665255 0.778019 0.858465 0.905643 0.834034 0.915698 0.984855 0.942300 0.966871 0.853354 0.984710 0.937393 0.952875 0.902615
0.903591 0.818088 0.667828 0.700728 0.898892 0.953794 0.975558 0.714376 0.934860 0.550719 0.844502 0.662450 0.920747 0.914048 0.838639 0.931322 0.891263 0.996203 0.991727 0.979564 0.757528 0.953840 0.857296 0.868144 0.000000 0.423804 0.784486 0.628586 0.679701 0.652376 0.809397 0.934679 0.842465 0.771953 0.837480 0.843734 0.715721 0.676085 0.865707 0.874627 0.930351 0.731887 0.677107 0.640790 0.971888 0.943509 0.872424 0.902499 0.933015 0.698667 0.667456 0.615108 0.644423 0.602627 0.988218 0.913898 0.659055 0.789478 0.918660 0.964077 0.717458 0.607482 0.712899 0.657303 0.567001 0.944877 0.797742 0.968502 0.762896 0.803892 0.787136 0.796710 0.947242 0.913192 0.864251 0.955000 0.799106 0.812160 0.858761 0.780285 0.946576 0.973780 0.874855 0.959268 0.821151 0.818000 0.791915 0.957775 0.795910 0.818431 0.832077 0.674033 0.765792 0.598064 0.996808 0.745205 0.828149 0.841699 0.966135 0.878776 0.899342 0.798822 0.975759 0.941848 0.784522 0.830300 0.830249 0.718946 0.944529 0.894579 0.957498 0.938444 0.934924 0.889415 0.726162 0.728485
0.798149 0.723014 0.678101 0.693982 0.820018 0.998869 0.982729 0.787774 0.957099 0.601298 0.903216 0.728842 0.982068 0.982982 0.814801 0.952891 0.988866 0.942114 0.953742 0.920547 0.726395 0.860571 0.944211 0.960046 0.423804 0.000000 0.813737 0.633107 0.718239 0.634508 0.800439 0.984596 0.847304 0.826615 0.843627 0.858263 0.641325 0.634893 0.797843 0.911540 0.880499 0.741266 0.661789 0.653239 0.930152 0.924449 0.883406 0.825192 0.919114 0.695088 0.689255 0.643194 0.722741 0.649151 0.897469 0.875251 0.672199 0.699879 0.871830 0.922025 0.795018 0.737821 0.746038 0.756821 0.597509 0.991873 0.813367 0.963788 0.706845 0.838773 0.798985 0.855349 0.967172 0.844906 0.931726 0.973875 0.774030 0.720969 0.869466 0.713937 0.983890 0.959474 0.928466 0.975302 0.877729 0.826998 0.841536 0.977750 0.693739 0.782230 0.835641 0.744792 0.782100 0.639695 0.955589 0.762069 0.830093 0.774722 0.971592 0.913484 0.899715 0.781144 0.852877 0.831422 0.845802 0.813316 0.747524 0.741032 0.941541 0.932897 0.971331 0.905710 0.886939 0.949179 0.723249 0.760140
0.933190 0.974579 0.786392 0.907588 0.834739 0.960719 0.977200 0.800373 0.838677 0.814477 0.809568 0.835716 0.889588 0.795655 0.584589 0.821388 0.897384 0.931450 0.899764 0.972450 0.959900 0.926658 0.742346 0.703718 0.784486 0.813737 0.000000 0.781601 0.929345 0.999085 0.853976 0.805270 0.999967 0.794079 0.974435 0.884503 0.911460 0.946070 0.979149 0.998922 0.970436 0.915690 0.879169 0.938955 0.829813 0.809863 0.972764 0.900774 0.855562 0.960036 0.914748 0.840122 0.711486 0.709163 0.956806 0.872262 0.959996 0.880516 0.911048 0.895090 0.936340 0.827536 0.942133 0.849687 0.706393 0.956674 0.974346 0.767544 0.943654 0.978552 0.923950 0.839509 0.931048 0.927100 0.943448 0.976488 0.863798 0.965849 0.971861 0.921454 0.962713 0.947866 0.794868 0.907973 0.813934 0.794579 0.842955 0.883419 0.929223 0.933973 0.910726 0.940996 0.998779 0.921255 0.881690 0.996194 0.889127 0.965191 0.893765 0.910920 0.841506 0.957009 0.901232 0.945667 0.725210 0.910309 0.887925 0.893747 0.900645 0.944878 0.908677 0.976311 0.950403 0.831105 0.766177 0.985005
0.851193 0.840466 0.822383 0.862772 0.747300 0.868753 0.917126 0.793119 0.993137 0.661848 0.924607 0.827628 0.884848 0.952051 0.878192 0.967730 0.946329 0.977319 0.995147 0.878989 0.792733 0.720685 0.917522 0.966256 0.628586 0.633107 0.781601 0.000000 0.857935 0.774883 0.974575 0.889303 0.939097 0.868978 0.960223 0.946305 0.711898 0.672623 0.985503 0.935965 0.888713 0.943302 0.889906 0.846315 0.820001 0.855697 0.973347 0.997756 0.873424 0.989751 0.934908 0.894519 0.860191 0.824306 0.980923 0.935372 0.752748 0.891075 0.944921 0.934510 0.837324 0.785255 0.856394 0.785700 0.801454 0.970519 0.966614 0.829569 0.655738 0.893592 0.876991 0.902056 0.904094 0.800687 0.908427 0.946529 0.947065 0.814921 0.849263 0.812774 0.999521 0.895851 0.884472 0.874474 0.963434 0.986012 0.972448 0.852783 0.915246 0.894427 0.965407 0.923825 0.859222 0.782445 0.941788 0.865200 0.855255 0.813170 0.927428 0.993296 0.893433 0.882401 0.817886 0.864052 0.798904 0.870998 0.899665 0.773660 0.889387 0.943576 0.933381 0.951059 0.962872 0.960091 0.722921 0.718622
0.856988 0.993042 0.963746 0.959361 0.880068 0.999433 0.800523 0.663562 0.874549 0.613286 0.803852 0.733841 0.924410 0.872734 0.970315 0.966702 0.758468 0.660001 0.839456 0.873070 0.887550 0.892036 0.994513 0.949089 0.679701 0.718239 0.929345 0.857935 0.000000 0.428033 0.989018 0.839198 0.878966 0.639547 0.905889 0.870708 0.824875 0.716596 0.934510 0.858139 0.943107 0.878730 0.817540 0.821855 0.972607 0.999611 0.841535 0.992284 0.985355 0.729829 0.685774 0.674963 0.840930 0.700461 0.890137 0.809966 0.986947 0.916157 0.979298 0.958946 0.632966 0.617505 0.579136 0.637360 0.917688 0.832438 0.980788 0.949830 0.717555 0.918357 0.825004 0.766365 0.991171 0.812351 0.896145 0.892016 0.996365 0.969320 0.816422 0.945487 0.716363 0.755415 0.824431 0.685339 0.897285 0.880435 0.931385 0.900870 0.979259 0.835534 0.797990 0.613842 0.728449 0.585024 0.840574 0.967514 0.845882 0.901034 0.968658 0.970166 0.974556 0.599690 0.929943 0.956873 0.818817 0.922984 0.836051 0.708734 0.996229 0.997105 0.895805 0.958099 0.924560 0.883860 0.821541 0.687861
0.879769 0.968513 0.836369 0.889434 0.896385 0.936147 0.849943 0.617739 0.942103 0.571192 0.798249 0.667314 0.978168 0.860819 0.921681 0.914098 0.763987 0.648755 0.831169 0.876204 0.792219 0.846150 0.964097 0.971747 0.652376 0.634508 0.999085 0.774883 0.428033 0.000000 0.914393 0.778370 0.842619 0.600446 0.913604 0.831387 0.787687 0.727622 0.958263 0.998018 0.994543 0.843896 0.836815 0.816926 0.921513 0.917764 0.831898 0.956084 0.859730 0.823647 0.791095 0.708297 0.831014 0.693391 0.787643 0.805371 0.958350 0.964370 0.946008 0.893503 0.660305 0.587480 0.559930 0.570762 0.818643 0.835860 0.952505 0.842394 0.657384 0.939381 0.888228 0.851601 0.890239 0.814545 0.978728 0.911193 0.921997 0.931511 0.856213 0.978631 0.736069 0.707892 0.812224 0.686731 0.911360 0.947982 0.982550 0.924649 0.943662 0.856599 0.756823 0.600701 0.707890 0.546924 0.852890 0.866621 0.869974 0.837300 0.934202 0.973406 0.958997 0.675092 0.870665 0.944342 0.894659 0.969638 0.721111 0.753220 0.931463 0.995338 0.968129 0.980632 0.915821 0.986984 0.850912 0.697488
0.960847 0.975088 0.803422 0.822804 0.942601 0.967348 0.818656 0.966967 0.852952 0.992825 0.805391 0.723977 0.933105 0.971996 0.774906 0.946608 0.906351 0.883128 0.913438 0.875053 0.980596 0.909029 0.581865 0.683111 0.809397 0.800439 0.853976 0.974575 0.989018 0.914393 0.000000 0.661335 0.730863 0.991773 0.859592 0.811888 0.980119 0.748585 0.984321 0.959197 0.870980 0.918580 0.979132 0.986949 0.869542 0.859064 0.943801 0.856819 0.831742 0.719424 0.720044 0.706159 0.718469 0.666299 0.974002 0.904345 0.876028 0.901853 0.968183 0.970193 0.996816 0.875138 0.985764 0.968818 0.702956 0.976051 0.801446 0.765257 0.871677 0.836591 0.704911 0.870777 0.824286 0.870118 0.850224 0.942909 0.989633 0.971462 0.903517 0.998192 0.885512 0.838145 0.786547 0.825878 0.596453 0.733458 0.852352 0.735269 0.962324 0.895239 0.857502 0.788406 0.815362 0.806232 0.914057 0.907257 0.953753 0.934654 0.856896 0.846155 0.851512 0.978892 0.856238 0.910915 0.893852 0.900373 0.904946 0.828888 0.923442 0.941456 0.905490 0.994762 0.951599 0.940389 0.904448 0.894951
0.838554 0.945621 0.991842 0.987746 0.793985 0.885046 0.976936 0.938458 0.903236 0.995650 0.757980 0.847152 0.950409 0.836370 0.740532 0.783433 0.900628 0.982577 0.775098 0.974934 0.831954 0.864911 0.532280 0.534970 0.934679 0.984596 0.805270 0.889303 0.839198 0.778370 0.661335 0.000000 0.902940 0.976379 0.943637 0.696102 0.778225 0.877604 0.930813 0.821534 0.861293 0.973883 0.926181 0.949305 0.918072 0.984030 0.940937 0.944710 0.947318 0.932182 0.952912 0.913426 0.714840 0.775424 0.991559 0.942820 0.925101 0.891864 0.700180 0.850853 0.932493 0.865742 0.969512 0.874696 0.832683 0.994518 0.881860 0.942212 0.799377 0.769645 0.806839 0.917010 0.754227 0.655185 0.862137 0.942483 0.867469 0.997620 0.946991 0.884165 0.883279 0.990480 0.693829 0.985704 0.695952 0.834853 0.818313 0.568903 0.797308 0.998037 0.965452 0.911439 0.982160 0.975026 0.995328 0.983128 0.904842 0.751245 0.958081 0.866731 0.909427 0.897354 0.746912 0.845737 0.969305 0.953279 0.940955 0.968416 0.960245 0.841526 0.874869 0.918205 0.926339 0.912814 0.972681 0.798524
0.564657 0.704338 0.580187 0.593802 0.923187 0.994624 0.527409 0.680234 0.782569 0.809475 0.752387 0.928929 0.990219 0.874278 0.965961 0.877708 0.685215 0.591252 0.714499 0.752648 0.780348 0.994749 0.918289 0.963134 0.842465 0.847304 0.999967 0.939097 0.878966 0.842619 0.730863 0.902940 0.000000 0.609102 0.728425 0.863187 0.882319 0.872013 0.977813 0.941261 0.718699 0.789472 0.834708 0.785794 0.720510 0.657841 0.759960 0.733680 0.835315 0.834712 0.886117 0.959523 0.959512 0.930798 0.784320 0.787546 0.575542 0.790367 0.727084 0.871669 0.619892 0.803730 0.686706 0.727328 0.734284 0.784218 0.504978 0.559490 0.907617 0.856246 0.926348 0.937583 0.911236 0.946764 0.962935 0.984890 0.861188 0.930405 0.736095 0.885378 0.591015 0.598896 0.947148 0.745688 0.653638 0.675554 0.897308 0.994223 0.917330 0.749012 0.673192 0.851267 0.711371 0.842962 0.867653 0.725950 0.641509 0.878546 0.679734 0.724617 0.949460 0.980330 0.823905 0.731916 0.923131 0.750324 0.870431 0.799159 0.818785 0.833717 0.951172 0.714109 0.766708 0.922317 0.996192 0.963396
0.586230 0.815386 0.839050 0.765487 0.950900 0.961031 0.558942 0.424273 0.867928 0.519716 0.507923 0.569815 0.852208 0.982058 0.742820 0.908288 0.624307 0.551800 0.710743 0.789819 0.954494 0.879363 0.878650 0.742864 0.771953 0.826615 0.794079 0.868978 0.639547 0.600446 0.991773 0.976379 0.609102 0.000000 0.814154 0.902310 0.961645 0.909361 0.983284 0.931255 0.731650 0.931516 0.923073 0.943108 0.752641 0.662966 0.791339 0.784327 0.793942 0.889913 0.819016 0.696146 0.729135 0.691708 0.667599 0.755827 0.792878 0.928507 0.776169 0.876989 0.452713 0.518702 0.449226 0.449748 0.945154 0.790166 0.695466 0.626547 0.954319 0.829164 0.898593 0.829844 0.993862 0.954820 0.976158 0.981159 0.999296 0.896059 0.822927 0.832341 0.564940 0.596987 0.992508 0.687404 0.840445 0.871761 0.940585 0.942521 0.968334 0.787039 0.853254 0.853959 0.901418 0.811782 0.810231 0.959285 0.853109 0.923831 0.627182 0.741998 0.898944 0.854775 0.795124 0.810889 0.933343 0.839386 0.748495 0.920312 0.821337 0.888178 0.859109 0.719221 0.808044 0.812327 0.778652 0.746080
0.665966 0.769111 0.590318 0.581264 0.933933 0.865493 0.666957 0.818460 0.809616 0.903179 0.777633 0.968271 0.931907 0.995496 0.980009 0.786891 0.747015 0.721014 0.683642 0.697703 0.844704 0.856446 0.871491 0.978704 0.837480 0.843627 0.974435 0.960223 0.905889 0.913604 0.859592 0.943637 0.728425 0.814154 0.000000 0.974182 0.858739 0.908239 0.949091 0.978102 0.688526 0.688642 0.830065 0.848013 0.730691 0.695059 0.857953 0.790233 0.779952 0.750656 0.787288 0.794921 0.815408 0.799854 0.887839 0.700153 0.695938 0.730371 0.791464 0.897228 0.808216 0.986611 0.792144 0.773562 0.710346 0.989592 0.661159 0.838371 0.700184 0.663531 0.789847 0.818260 0.951511 0.950725 0.993146 0.857863 0.938539 0.956819 0.866630 0.924598 0.708378 0.711205 0.870112 0.738092 0.674207 0.768458 0.998022 0.969199 0.995055 0.722039 0.674693 0.680424 0.620317 0.751447 0.857973 0.802909 0.735408 0.793710 0.663236 0.617011 0.977278 0.850199 0.711135 0.729569 0.843842 0.691910 0.951600 0.667712 0.868720 0.951800 0.892340 0.838023 0.931709 0.955755 0.874812 0.956097
0.945952 0.916698 0.921855 0.915462 0.971942 0.996017 0.925510 0.976536 0.926528 0.952259 0.979204 0.997555 0.979339 0.944613 0.900964 0.924663 0.936402 0.818830 0.885137 0.988078 0.968123 0.981970 0.867080 0.940464 0.843734 0.858263 0.884503 0.946305 0.870708 0.831387 0.811888 0.696102 0.863187 0.902310 0.974182 0.000000 0.936453 0.987990 0.963119 0.915031 0.964357 0.996700 0.848334 0.905998 0.861641 0.854484 0.871781 0.737650 0.826199 0.894605 0.955255 0.978181 0.900561 0.909993 0.867422 0.903970 0.874839 0.973473 0.990679 0.947845 0.994465 0.941927 0.906722 0.997675 0.825247 0.979860 0.920033 0.850404 0.857258 0.923602 0.933353 0.983556 0.980013 0.998143 0.994400 0.973084 0.905995 0.846318 0.831998 0.897919 0.912612 0.897389 0.825728 0.873137 0.809229 0.868627 0.960619 0.836556 0.949797 0.904042 0.950628 0.954787 0.998732 0.988427 0.814592 0.983948 0.995099 0.868787 0.870482 0.959287 0.974460 0.888226 0.928770 0.919813 0.933697 0.951508 0.905560 0.895372 0.985130 0.979896 0.943882 0.933249 0.929897 0.984847 0.987778 0.948230
0.787059 0.811231 0.758090 0.880071 0.884519 0.901813 0.969369 0.851373 0.982997 0.748146 0.907816 0.889231 0.947084 0.815887 0.902876 0.927080 0.811659 0.825240 0.924580 0.826142 0.730379 0.849047 0.915740 0.819870 0.715721 0.641325 0.911460 0.711898 0.824875 0.787687 0.980119 0.778225 0.882319 0.961645 0.858739 0.936453 0.000000 0.638108 0.868697 0.792699 0.801662 0.799399 0.936395 0.904389 0.831964 0.873078 0.894963 0.957239 0.978175 0.890151 0.810232 0.758233 0.864905 0.847457 0.842710 0.830721 0.652001 0.627596 0.715379 0.813858 0.908478 0.883125 0.941100 0.989667 0.775420 0.988597 0.811621 0.955431 0.700307 0.780210 0.990643 0.953865 0.972041 0.844299 0.842886 0.837624 0.955079 0.860440 0.732194 0.860244 0.861899 0.901042 0.938729 0.851657 0.928108 0.910664 0.943442 0.858964 0.756919 0.712970 0.959109 0.999847 0.944845 0.851337 0.992014 0.843406 0.791217 0.904146 0.994431 0.939158 0.939580 0.838540 0.759878 0.912038 0.791538 0.762363 0.847611 0.744876 0.960439 0.816472 0.859731 0.972306 0.988478 0.920739 0.731164 0.823424
0.867619 0.872800 0.868616 0.966615 0.706169 0.870673 0.884951 0.711010 0.881060 0.675781 0.920530 0.718533 0.891505 0.830245 0.971210 0.894945 0.950312 0.955194 0.865900 0.933168 0.793846 0.817096 0.952857 0.942425 0.676085 0.634893 0.946070 0.672623 0.716596 0.727622 0.748585 0.877604 0.872013 0.909361 0.908239 0.987990 0.638108 0.000000 0.953672 0.924517 0.831779 0.731410 0.843745 0.855048 0.934445 0.997798 0.949010 0.919914 0.888213 0.703228 0.642309 0.643233 0.830524 0.755374 0.951193 0.967459 0.712163 0.778105 0.802552 0.857802 0.728262 0.727703 0.789745 0.806706 0.930285 0.868846 0.848838 0.932716 0.706989 0.946742 0.878591 0.867743 0.959017 0.922182 0.799554 0.991834 0.871504 0.910068 0.967614 0.916729 0.955527 0.953421 0.960207 0.990735 0.982360 0.983701 0.938254 0.997357 0.803531 0.920124 0.923021 0.825596 0.812609 0.730436 0.990562 0.894083 0.764945 0.859067 0.989446 0.920523 0.970847 0.813239 0.911155 0.801985 0.838326 0.774628 0.766135 0.648831 0.977661 0.847331 0.992113 0.924403 0.981895 0.975557 0.767041 0.787200
