0.000000 0.205384 0.445156 0.598941 0.697483 0.937730 0.486390 0.534667 0.953187 0.748509 0.381574 0.319611 0.325607 0.476554 0.677070 0.698752 0.317063 0.370554 0.283789 0.305310 0.735462 0.950749 0.658768 0.722145 0.752268 0.996795 0.894626 0.994893 0.517261 0.439942 0.895728 0.978320 0.365078 0.350922 0.683729 0.905525 0.516260 0.712128 0.744900 0.754312 0.777658 0.954925 0.840251 0.814372 0.974734 0.860518 0.474190 0.505101 0.737030 0.534451 0.595199 0.534805 0.980926 0.721592 0.395637 0.516015 0.292258 0.219250 0.298559 0.348536 0.263994 0.350338 0.224227 0.224053 0.495283 0.365107 0.423702 0.589798 0.305182 0.270682 0.727156 0.981517 0.536810 0.733560 0.708769 0.793616 0.722988 0.786033 0.509108 0.480492 0.251465 0.276122 0.400936 0.362177 0.280028 0.295223 0.612235 0.672010 0.446069 0.459742 0.642436 0.487132 0.592968 0.486260 0.958408 0.837442 0.390447 0.923955 0.894133 0.934502 0.794567 0.881232 0.757173 0.757247 0.629575 0.519718 0.972245 0.956608 0.843992 0.607023 0.993032 0.743340 0.941982 0.847732 0.662168 0.786834
0.205384 0.000000 0.527027 0.583938 0.739673 0.971694 0.567611 0.507360 0.996386 0.743392 0.441004 0.260633 0.363229 0.457602 0.725772 0.674224 0.291550 0.319621 0.312403 0.267148 0.814610 0.915903 0.641630 0.660656 0.821543 0.880372 0.872879 0.997372 0.482266 0.406718 0.948636 0.982577 0.404484 0.415968 0.744940 0.971178 0.550975 0.655146 0.735686 0.778850 0.801842 0.886487 0.768099 0.777807 0.999162 0.891779 0.431182 0.535158 0.770382 0.572974 0.598202 0.542458 0.916861 0.703200 0.465758 0.558503 0.272120 0.193106 0.349481 0.365807 0.317499 0.348291 0.236670 0.196282 0.553012 0.357228 0.504211 0.629626 0.308401 0.276314 0.679814 0.971978 0.559723 0.735755 0.780578 0.764520 0.660420 0.673232 0.443721 0.435183 0.258759 0.285456 0.418700 0.404175 0.318219 0.315156 0.619007 0.689838 0.470240 0.500364 0.597377 0.501283 0.581134 0.453432 0.983832 0.833793 0.412179 0.914928 0.881148 0.918650 0.772096 0.832000 0.781390 0.770268 0.600902 0.511456 0.992292 0.988340 0.869725 0.582450 0.962240 0.735012 0.905329 0.896697 0.667223 0.802339
0.445156 0.527027 0.000000 0.366338 0.925078 0.936086 0.474045 0.652889 0.779501 0.764462 0.703143 0.701608 0.395487 0.698921 0.595436 0.669154 0.687305 0.806355 0.539025 0.653220 0.651057 0.917314 0.527479 0.546333 0.497265 0.607823 0.845631 0.870506 0.838146 0.850431 0.704109 0.988059 0.498236 0.569058 0.605598 0.878320 0.446054 0.798880 0.710715 0.921602 0.807436 0.904128 0.912632 0.876908 0.986024 0.835600 0.633201 0.520589 0.844001 0.490722 0.562017 0.472095 0.754191 0.922592 0.399778 0.616896 0.757209 0.605167 0.376582 0.409996 0.427567 0.588891 0.522214 0.598723 0.281525 0.503626 0.385005 0.550196 0.535443 0.486563 0.736813 0.914917 0.530544 0.724091 0.739470 0.808743 0.665757 0.998920 0.617738 0.777716 0.675472 0.697890 0.683708 0.652579 0.437721 0.368414 0.704883 0.872394 0.508880 0.574596 0.794140 0.696926 0.758187 0.742193 0.970940 0.985429 0.623585 0.934581 0.959077 0.883516 0.816949 0.881154 0.949322 0.958012 0.678679 0.546926 0.851054 0.862340 0.966087 0.758760 0.979043 0.858395 0.967258 0.827772 0.678780 0.862733
0.598941 0.583938 0.366338 0.000000 0.992469 0.988911 0.460939 0.438124 0.795000 0.926493 0.839423 0.672347 0.463481 0.629374 0.543995 0.512398 0.755956 0.825529 0.618363 0.697995 0.774526 0.980206 0.530000 0.452701 0.568309 0.721359 0.889868 0.924814 0.805211 0.842526 0.639484 0.806383 0.564811 0.577541 0.742496 0.935408 0.503793 0.746350 0.675042 0.892994 0.855415 0.914753 0.679186 0.694447 0.936550 0.696100 0.536878 0.425517 0.814977 0.505605 0.469682 0.456401 0.699475 0.877635 0.545977 0.657074 0.823701 0.668081 0.467093 0.474398 0.531138 0.581510 0.602081 0.620590 0.448714 0.534211 0.451285 0.508853 0.767639 0.640221 0.703677 0.903342 0.726621 0.823169 0.815254 0.800245 0.541069 0.790623 0.616259 0.825041 0.778188 0.851386 0.727037 0.721566 0.601684 0.407496 0.778901 0.979052 0.647792 0.604285 0.980987 0.873721 0.952894 0.839629 0.995076 0.878742 0.612112 0.997228 0.867581 0.930143 0.923040 0.920623 0.879714 0.817488 0.545270 0.482761 0.755986 0.621508 0.956204 0.752855 0.862471 0.752352 0.830394 0.742211 0.679694 0.813028
0.697483 0.739673 0.925078 0.992469 0.000000 0.984930 0.838410 0.895224 0.950732 0.943840 0.761817 0.779794 0.662967 0.779154 0.840581 0.748295 0.719832 0.796133 0.716569 0.816136 0.943127 0.862340 0.802101 0.943847 0.957843 0.948380 0.978877 0.931963 0.754367 0.806669 0.978768 0.944448 0.851803 0.781173 0.914050 0.854320 0.940017 0.994862 0.976851 0.774057 0.987051 0.809478 0.964861 0.945322 0.980200 0.920228 0.784117 0.771437 0.910365 0.873180 0.851414 0.867537 0.957895 0.892280 0.871462 0.959886 0.701405 0.761019 0.757950 0.823090 0.747912 0.822826 0.704435 0.699827 0.865667 0.867648 0.942798 0.995773 0.717971 0.720780 0.967959 0.926053 0.942219 0.942079 0.903537 0.978974 0.983765 0.919842 0.813751 0.835604 0.725560 0.765932 0.757770 0.808767 0.707400 0.795510 0.890202 0.799241 0.814647 0.832827 0.835129 0.907349 0.796108 0.804481 0.855854 0.996628 0.834272 0.838456 0.984382 0.999069 0.848905 0.944614 0.943566 0.811377 0.968124 0.827823 0.949215 0.859246 0.832568 0.955796 0.803287 0.936182 0.832838 0.994967 0.779006 0.925732
0.937730 0.971694 0.936086 0.988911 0.984930 0.000000 0.928841 0.875343 0.989731 0.827450 0.861017 0.865239 0.977046 0.940572 0.965638 0.967667 0.921511 0.883493 0.910911 0.978183 0.806328 0.863383 0.837728 0.862693 0.872331 0.985784 0.815970 0.777140 0.838236 0.831353 0.878061 0.924553 0.986795 0.905477 0.888886 0.892328 0.893041 0.825400 0.859899 0.732846 0.822639 0.797011 0.814845 0.815800 0.859738 0.845708 0.950007 0.935103 0.901152 0.985550 0.972683 0.951922 0.979637 0.889272 0.893395 0.878499 0.898314 0.980134 0.969375 0.989922 0.952527 0.918973 0.952272 0.954209 0.824910 0.958388 0.904298 0.838053 0.954735 0.946776 0.930019 0.927642 0.888025 0.936043 0.948463 0.928725 0.955024 0.879260 0.893576 0.884552 0.944061 0.920667 0.849221 0.934522 0.870852 0.960041 0.964924 0.883208 0.758899 0.977555 0.719204 0.892841 0.848851 0.917487 0.969700 0.720174 0.776213 0.695864 0.702332 0.688636 0.698777 0.882604 0.741676 0.773352 0.926955 0.936202 0.969002 0.920365 0.970179 0.948793 0.848981 0.831216 0.924385 0.996626 0.877872 0.861564
0.486390 0.567611 0.474045 0.460939 0.838410 0.928841 0.000000 0.343469 0.567909 0.771719 0.510270 0.555336 0.328177 0.346713 0.402212 0.440436 0.560782 0.579658 0.337446 0.499300 0.705758 0.970482 0.672308 0.694274 0.917552 0.973739 0.944480 0.939644 0.466153 0.554469 0.662921 0.656334 0.358205 0.295200 0.724299 0.955675 0.671642 0.730655 0.908475 0.852638 0.888326 0.870381 0.501585 0.428745 0.516791 0.413054 0.444611 0.323259 0.569810 0.486026 0.442913 0.501442 0.693070 0.842319 0.606115 0.576840 0.600284 0.614233 0.407657 0.591030 0.324953 0.483709 0.404754 0.484047 0.655646 0.530601 0.327836 0.343226 0.786205 0.633509 0.579796 0.715511 0.579417 0.621033 0.788219 0.686278 0.495154 0.637309 0.569243 0.630998 0.617035 0.702450 0.639812 0.681989 0.603585 0.481774 0.859772 0.927113 0.706698 0.760625 0.822746 0.965004 0.953131 0.932140 0.945854 0.852832 0.515174 0.896191 0.560583 0.594597 0.876463 0.743541 0.602026 0.525066 0.547751 0.592139 0.872893 0.726531 0.903254 0.707722 0.745154 0.536368 0.700593 0.569410 0.650673 0.628668
0.534667 0.507360 0.652889 0.438124 0.895224 0.875343 0.343469 0.000000 0.714616 0.761201 0.520822 0.412140 0.486252 0.362405 0.651467 0.499383 0.598616 0.597518 0.465570 0.541815 0.907816 0.895840 0.894067 0.772534 0.950454 0.934359 0.862059 0.853458 0.469226 0.501207 0.866955 0.733552 0.537299 0.405149 0.960707 0.978619 0.702937 0.688136 0.856944 0.816061 0.984040 0.857511 0.477525 0.482790 0.656844 0.460254 0.375229 0.357284 0.534629 0.535775 0.377949 0.464724 0.754623 0.969393 0.583163 0.583963 0.612591 0.573362 0.444126 0.530591 0.376888 0.321803 0.464678 0.438289 0.823814 0.390605 0.473240 0.423730 0.800970 0.609086 0.795999 0.890853 0.717557 0.748793 0.787546 0.718961 0.558764 0.618839 0.620378 0.646798 0.630205 0.723173 0.635108 0.703466 0.745038 0.499183 0.868040 0.969444 0.771505 0.779812 0.863432 0.944014 0.981683 0.781281 0.887417 0.753178 0.525714 0.846138 0.544651 0.571010 0.761003 0.883617 0.616536 0.572900 0.594815 0.537515 0.844737 0.685158 0.870395 0.710362 0.735273 0.502001 0.645834 0.625514 0.676304 0.632952
0.953187 0.996386 0.779501 0.795000 0.950732 0.989731 0.567909 0.714616 0.000000 0.658944 0.939884 0.985669 0.741405 0.719472 0.674003 0.751309 0.998359 0.946543 0.840875 0.990734 0.886487 0.987829 0.906695 0.913892 0.916043 0.978787 0.846219 0.938530 0.855388 0.953214 0.840316 0.897650 0.814133 0.800009 0.719253 0.881019 0.921457 0.947931 0.992788 0.906712 0.879037 0.947384 0.757022 0.667994 0.568806 0.543353 0.749859 0.721392 0.703422 0.706352 0.647234 0.708067 0.593018 0.630924 0.892832 0.826673 0.965640 0.955255 0.760982 0.962950 0.713215 0.818422 0.886165 0.942964 0.864903 0.879275 0.723807 0.655106 0.883248 0.981705 0.885471 0.896392 0.854375 0.825240 0.872855 0.795464 0.763510 0.821129 0.943061 0.998206 0.908618 0.853529 0.973459 0.985310 0.986830 0.895972 0.967908 0.997589 0.893551 0.925958 0.853831 0.805349 0.973805 0.899692 0.777847 0.979357 0.908079 0.981690 0.752185 0.808427 0.977519 0.787712 0.857035 0.758067 0.913425 0.791180 0.775620 0.887305 0.871612 0.911920 0.862114 0.802738 0.862783 0.798054 0.833504 0.718239
0.748509 0.743392 0.764462 0.926493 0.943840 0.827450 0.771719 0.761201 0.658944 0.000000 0.963357 0.933237 0.884920 0.872691 0.897192 0.817510 0.781784 0.889316 0.930709 0.835480 0.971156 0.964833 0.783596 0.762582 0.579067 0.821081 0.627636 0.796794 0.844730 0.984673 0.896538 0.696949 0.908677 0.895134 0.803020 0.803477 0.834232 0.940423 0.740361 0.889088 0.803381 0.960682 0.557366 0.532080 0.352603 0.416488 0.883582 0.835711 0.544429 0.868932 0.741789 0.895187 0.628572 0.564862 0.776740 0.935778 0.851169 0.738872 0.953482 0.853332 0.977627 0.996380 0.850684 0.893350 0.592495 0.817134 0.980386 0.826328 0.611612 0.800491 0.972103 0.758284 0.985661 0.771870 0.954708 0.847102 0.839088 0.791349 0.886129 0.945059 0.745607 0.640504 0.771442 0.645224 0.577418 0.666309 0.786500 0.695114 0.728464 0.683734 0.504535 0.495377 0.587840 0.541097 0.907249 0.847838 0.960349 0.802004 0.497479 0.428149 0.504871 0.703912 0.612146 0.707334 0.899277 0.975385 0.843846 0.733232 0.952933 0.913642 0.740179 0.757591 0.594298 0.730836 0.995823 0.933381
0.381574 0.441004 0.703143 0.839423 0.761817 0.861017 0.510270 0.520822 0.939884 0.963357 0.000000 0.315783 0.490949 0.505834 0.803996 0.774690 0.409380 0.393914 0.392733 0.365521 0.827423 0.895553 0.992032 0.987450 0.895363 0.798999 0.839768 0.847369 0.474788 0.367407 0.908400 0.940056 0.528915 0.390213 0.947491 0.829034 0.783391 0.779198 0.998056 0.849283 0.841770 0.883242 0.817903 0.827507 0.859884 0.812555 0.647821 0.609578 0.719484 0.760917 0.759463 0.789837 0.795587 0.656115 0.669734 0.610403 0.417196 0.431257 0.529949 0.625633 0.377190 0.419807 0.366452 0.374528 0.840546 0.455284 0.583689 0.568626 0.564830 0.508851 0.825800 0.946306 0.591278 0.645190 0.677038 0.875847 0.816131 0.784294 0.638366 0.514938 0.378229 0.392425 0.609643 0.542733 0.612150 0.561575 0.790037 0.891836 0.732183 0.741786 0.906072 0.704224 0.869595 0.657650 0.840625 0.887174 0.570368 0.930861 0.749426 0.858533 0.926648 0.934720 0.648374 0.703201 0.762835 0.719082 0.815618 0.917938 0.783877 0.729571 0.913296 0.740388 0.901834 0.798446 0.746686 0.744377
0.319611 0.260633 0.701608 0.672347 0.779794 0.865239 0.555336 0.412140 0.985669 0.933237 0.315783 0.000000 0.465120 0.400332 0.802500 0.685338 0.346380 0.323528 0.351741 0.308333 0.895472 0.882288 0.840283 0.805660 0.935894 0.712818 0.984681 0.850961 0.384712 0.297031 0.908513 0.915225 0.499377 0.416169 0.958421 0.931280 0.697533 0.672274 0.909372 0.786466 0.913843 0.852642 0.720848 0.768846 0.899850 0.818361 0.478991 0.583058 0.696329 0.667879 0.634861 0.654290 0.845887 0.667114 0.627103 0.593569 0.306368 0.299012 0.472660 0.518235 0.341256 0.288365 0.293802 0.237304 0.816696 0.370890 0.606396 0.600542 0.475268 0.419907 0.779246 0.983243 0.614697 0.718469 0.752618 0.773469 0.738391 0.648126 0.497196 0.474894 0.310185 0.358386 0.508634 0.496879 0.508424 0.433328 0.703710 0.812037 0.625986 0.642769 0.788520 0.616235 0.740945 0.534246 0.886897 0.758797 0.500000 0.877394 0.749202 0.782808 0.976124 0.972088 0.668832 0.664567 0.636505 0.587684 0.916141 0.932137 0.815705 0.582081 0.834269 0.674347 0.800059 0.788925 0.677964 0.749421
0.325607 0.363229 0.395487 0.463481 0.662967 0.977046 0.328177 0.486252 0.741405 0.884920 0.490949 0.465120 0.000000 0.393610 0.446688 0.446377 0.404220 0.503839 0.319367 0.384868 0.683137 0.990214 0.513685 0.575277 0.755883 0.980595 0.907893 0.930727 0.510615 0.544428 0.750708 0.868069 0.364109 0.369150 0.731663 0.906000 0.573180 0.721860 0.683560 0.771350 0.738499 0.982419 0.717009 0.652800 0.836299 0.681852 0.472214 0.386529 0.750047 0.482277 0.526973 0.501690 0.903042 0.991316 0.528435 0.612664 0.470383 0.418192 0.359761 0.479582 0.279520 0.432099 0.275796 0.356218 0.421270 0.409394 0.440057 0.539479 0.506751 0.425681 0.615112 0.865623 0.550332 0.661482 0.806221 0.721425 0.498609 0.719818 0.524788 0.506866 0.459778 0.496106 0.488871 0.514769 0.329616 0.294813 0.665431 0.694344 0.499944 0.512930 0.806491 0.778026 0.714549 0.703150 0.902043 0.998661 0.521001 0.977993 0.842168 0.877197 0.824222 0.991551 0.829642 0.663524 0.602940 0.549227 0.966869 0.945470 0.971257 0.741715 0.947540 0.724042 0.815004 0.770734 0.612226 0.731244
0.476554 0.457602 0.698921 0.629374 0.779154 0.940572 0.346713 0.362405 0.719472 0.872691 0.505834 0.400332 0.393610 0.000000 0.552421 0.481815 0.453691 0.438378 0.315654 0.381620 0.865271 0.929013 0.674705 0.636117 0.902032 0.799946 0.954598 0.863349 0.355025 0.401625 0.850269 0.670693 0.434174 0.398769 0.846712 0.980605 0.803232 0.647446 0.853789 0.807143 0.990962 0.813899 0.610986 0.560697 0.674841 0.557744 0.431689 0.479136 0.652999 0.621481 0.567979 0.628973 0.921257 0.967285 0.718206 0.689897 0.448809 0.527565 0.559516 0.712970 0.402461 0.439798 0.376271 0.381016 0.804482 0.530998 0.597210 0.577618 0.743075 0.646495 0.662467 0.773648 0.718002 0.732189 0.885393 0.704698 0.587822 0.560258 0.532651 0.569900 0.483163 0.565529 0.520202 0.585535 0.549831 0.460988 0.820419 0.711849 0.731591 0.678439 0.975123 0.894872 0.837945 0.743557 0.935406 0.820153 0.537597 0.935222 0.651710 0.608094 0.985560 0.841760 0.690487 0.620352 0.621595 0.701851 0.999041 0.889099 0.907075 0.654878 0.790481 0.644443 0.714553 0.656653 0.770328 0.661887
0.677070 0.725772 0.595436 0.543995 0.840581 0.965638 0.402212 0.651467 0.674003 0.897192 0.803996 0.802500 0.446688 0.552421 0.000000 0.343690 0.693293 0.703348 0.581799 0.670152 0.648149 0.971045 0.461271 0.546842 0.768751 0.921657 0.804500 0.881615 0.654904 0.755634 0.537811 0.582709 0.487360 0.575712 0.814094 0.986507 0.803466 0.857072 0.879836 0.946602 0.853740 0.837538 0.673640 0.599932 0.750419 0.688488 0.607450 0.563117 0.881263 0.704269 0.759710 0.749350 0.842389 0.909291 0.805883 0.881503 0.752489 0.767458 0.675149 0.845569 0.610038 0.782440 0.563220 0.663756 0.593709 0.784957 0.620131 0.688414 0.891138 0.762211 0.622864 0.731389 0.852724 0.880299 0.936450 0.688312 0.591257 0.692584 0.704923 0.724356 0.744564 0.843416 0.653784 0.712822 0.631629 0.554041 0.774023 0.852228 0.729215 0.727617 0.902808 0.904937 0.986894 0.990088 0.890881 0.942951 0.714020 0.973400 0.704806 0.750308 0.933895 0.828399 0.808094 0.708624 0.698918 0.752917 0.873574 0.768045 0.963461 0.926924 0.997668 0.732012 0.807636 0.676046 0.882746 0.823919
0.698752 0.674224 0.669154 0.512398 0.748295 0.967667 0.440436 0.499383 0.751309 0.817510 0.774690 0.685338 0.446377 0.481815 0.343690 0.000000 0.687883 0.698409 0.570937 0.667990 0.751453 0.875090 0.539327 0.568087 0.830644 0.953350 0.920020 0.915914 0.616875 0.731474 0.593328 0.600655 0.523176 0.557620 0.922632 0.906484 0.804641 0.838845 0.827618 0.866029 0.800761 0.895755 0.511938 0.496003 0.775876 0.618597 0.501598 0.496791 0.816243 0.709645 0.643538 0.665145 0.806760 0.859259 0.841428 0.939519 0.738384 0.756368 0.644515 0.764022 0.609115 0.704613 0.579592 0.626135 0.727036 0.710130 0.644737 0.665711 0.883742 0.708654 0.645694 0.738588 0.834139 0.749228 0.885516 0.600323 0.543862 0.632968 0.682518 0.699948 0.789608 0.906045 0.753729 0.776584 0.749078 0.550719 0.888381 0.951984 0.827871 0.771430 0.868223 0.871819 0.954691 0.967027 0.942056 0.935613 0.718788 0.992664 0.646688 0.649851 0.976650 0.888272 0.733499 0.610548 0.653746 0.626523 0.913309 0.729865 0.956745 0.925686 0.912799 0.644354 0.598737 0.626267 0.730039 0.892083
0.317063 0.291550 0.687305 0.755956 0.719832 0.921511 0.560782 0.598616 0.998359 0.781784 0.409380 0.346380 0.404220 0.453691 0.693293 0.687883 0.000000 0.237715 0.279714 0.256707 0.902548 0.874227 0.725242 0.757679 0.961918 0.776033 0.854725 0.981399 0.387978 0.301406 0.894118 0.824202 0.388406 0.407955 0.863158 0.922853 0.675462 0.710112 0.934956 0.723294 0.779436 0.808193 0.695370 0.713311 0.939456 0.885707 0.552422 0.638760 0.849669 0.761897 0.769715 0.760502 0.806108 0.654405 0.666054 0.659548 0.231349 0.278496 0.527963 0.598412 0.432204 0.492971 0.291354 0.273036 0.697180 0.447979 0.564573 0.639666 0.445962 0.466591 0.621062 0.832981 0.626343 0.777189 0.823020 0.757181 0.736015 0.581609 0.389752 0.351057 0.244485 0.275476 0.439415 0.432813 0.413791 0.429206 0.775692 0.685117 0.614354 0.622566 0.775820 0.709559 0.733059 0.601414 0.944583 0.908198 0.516503 0.907151 0.846035 0.866401 0.857342 0.931547 0.651211 0.631345 0.673890 0.684828 0.940650 0.899259 0.839512 0.685063 0.975634 0.755471 0.943125 0.772118 0.674940 0.812310
0.370554 0.319621 0.806355 0.825529 0.796133 0.883493 0.579658 0.597518 0.946543 0.889316 0.393914 0.323528 0.503839 0.438378 0.703348 0.698409 0.237715 0.000000 0.315648 0.214484 0.844459 0.846066 0.772214 0.775138 0.948847 0.682093 0.882245 0.919617 0.324723 0.255901 0.927015 0.751979 0.403495 0.391422 0.885087 0.973965 0.742861 0.616645 0.979478 0.861053 0.759357 0.734906 0.664283 0.673931 0.867104 0.875327 0.594277 0.680591 0.837487 0.839323 0.858482 0.884435 0.703081 0.579959 0.764319 0.707362 0.228054 0.298729 0.610659 0.704637 0.520860 0.553847 0.328450 0.285954 0.838358 0.556008 0.608286 0.648656 0.487806 0.507903 0.593448 0.747103 0.662195 0.699513 0.874738 0.775460 0.751920 0.503561 0.410957 0.337038 0.251114 0.283093 0.491117 0.486991 0.510031 0.518466 0.792528 0.716656 0.701389 0.712445 0.864812 0.752120 0.849722 0.695227 0.865568 0.791198 0.486183 0.923539 0.724669 0.744043 0.916822 0.921010 0.574906 0.618941 0.580379 0.718821 0.927666 0.906833 0.855716 0.667634 0.877706 0.683310 0.928782 0.763185 0.787640 0.780802
0.283789 0.312403 0.539025 0.618363 0.716569 0.910911 0.337446 0.465570 0.840875 0.930709 0.392733 0.351741 0.319367 0.315654 0.581799 0.570937 0.279714 0.315648 0.000000 0.274965 0.718086 0.873792 0.626021 0.653887 0.904571 0.892967 0.860880 0.967107 0.339230 0.337471 0.759924 0.714878 0.315917 0.270756 0.717966 0.964307 0.659228 0.648776 0.889443 0.728480 0.878089 0.850342 0.629473 0.583463 0.758521 0.688985 0.460847 0.466228 0.725565 0.602900 0.603557 0.603130 0.964028 0.829761 0.550167 0.571607 0.288399 0.342139 0.397019 0.534038 0.322545 0.450129 0.250534 0.280625 0.679914 0.471940 0.399433 0.495820 0.496444 0.477081 0.542535 0.766537 0.563262 0.702810 0.802936 0.748288 0.635441 0.619375 0.436338 0.447599 0.305895 0.365876 0.472986 0.476757 0.419213 0.388829 0.820253 0.741122 0.630761 0.609963 0.902660 0.754189 0.820787 0.637882 0.996355 0.841931 0.445083 0.917499 0.695119 0.697797 0.917347 0.875592 0.624704 0.565771 0.551627 0.597427 0.992081 0.948917 0.880880 0.621244 0.841321 0.615283 0.852046 0.739337 0.655404 0.732007
0.305310 0.267148 0.653220 0.697995 0.816136 0.978183 0.499300 0.541815 0.990734 0.835480 0.365521 0.308333 0.384868 0.381620 0.670152 0.667990 0.256707 0.214484 0.274965 0.000000 0.838152 0.859517 0.687759 0.706408 0.955365 0.784198 0.877729 0.911608 0.368243 0.273823 0.853371 0.807681 0.375072 0.374400 0.820957 0.980818 0.660629 0.542363 0.863251 0.872610 0.813543 0.757205 0.701276 0.696890 0.888915 0.869700 0.560856 0.608939 0.825121 0.726143 0.750322 0.749783 0.798840 0.677532 0.664958 0.679378 0.238078 0.267263 0.510236 0.593328 0.409595 0.478776 0.267914 0.254152 0.698709 0.479131 0.546382 0.621166 0.438884 0.450308 0.511753 0.761624 0.588659 0.665261 0.837237 0.756990 0.617641 0.558324 0.400355 0.359104 0.255140 0.280525 0.451860 0.460154 0.405851 0.429266 0.717836 0.704548 0.620929 0.621928 0.747169 0.694220 0.740558 0.674033 0.910062 0.921360 0.458525 0.991664 0.821270 0.822383 0.849428 0.966188 0.658658 0.688264 0.560000 0.654208 0.932740 0.956191 0.879860 0.644644 0.887450 0.709427 0.929623 0.795255 0.735669 0.767207
0.735462 0.814610 0.651057 0.774526 0.943127 0.806328 0.705758 0.907816 0.886487 0.971156 0.827423 0.895472 0.683137 0.865271 0.648149 0.751453 0.902548 0.844459 0.718086 0.838152 0.000000 0.949406 0.665177 0.782095 0.773512 0.722362 0.910523 0.725836 0.919224 0.914731 0.702030 0.857785 0.687678 0.732222 0.757938 0.736250 0.842803 0.885059 0.919418 0.966377 0.858136 0.962269 0.851719 0.782569 0.794753 0.774910 0.813508 0.781581 0.873837 0.684143 0.796938 0.756414 0.911526 0.885228 0.835496 0.924661 0.862422 0.838131 0.705678 0.793238 0.755417 0.912854 0.763973 0.805580 0.714110 0.951133 0.623872 0.763675 0.851635 0.758730 0.808393 0.787264 0.768143 0.805401 0.855078 0.862666 0.719238 0.834503 0.897634 0.792457 0.877810 0.888356 0.967776 0.958781 0.821134 0.736851 0.988049 0.961891 0.962688 0.777440 0.890498 0.985614 0.937500 0.994861 0.894538 0.939939 0.757873 0.949655 0.808363 0.861086 0.970646 0.976642 0.745523 0.931079 0.833447 0.721551 0.944393 0.995719 0.981733 0.964180 0.924450 0.912531 0.900788 0.883597 0.902848 0.975129
0.950749 0.915903 0.917314 0.980206 0.862340 0.863383 0.970482 0.895840 0.987829 0.964833 0.895553 0.882288 0.990214 0.929013 0.971045 0.875090 0.874227 0.846066 0.873792 0.859517 0.949406 0.000000 0.973698 0.953097 0.931581 0.889612 0.801851 0.818134 0.882722 0.803047 0.805308 0.750347 0.955491 0.890728 0.969540 0.792194 0.963042 0.949363 0.862500 0.739327 0.939286 0.820944 0.732010 0.771040 0.944845 0.978755 0.898593 0.917069 0.962853 0.905232 0.934391 0.960338 0.937193 0.882720 0.925886 0.994653 0.823902 0.884862 0.929080 0.999533 0.987888 0.954403 0.996450 0.921919 0.881769 0.984775 0.946168 0.950712 0.899868 0.882243 0.853478 0.936613 0.934907 0.957061 0.984982 0.983891 0.902506 0.668180 0.944122 0.937052 0.894524 0.924260 0.865724 0.957267 0.889539 0.993114 0.945455 0.839022 0.814626 0.968410 0.896625 0.860263 0.818300 0.910601 0.989620 0.978187 0.869481 0.981251 0.847428 0.825024 0.969070 0.762910 0.761133 0.837820 0.880019 0.762182 0.955332 0.927583 0.802187 0.933846 0.976477 0.907009 0.938912 0.986029 0.985744 0.958923
0.658768 0.641630 0.527479 0.530000 0.802101 0.837728 0.672308 0.894067 0.906695 0.783596 0.992032 0.840283 0.513685 0.674705 0.461271 0.539327 0.725242 0.772214 0.626021 0.687759 0.665177 0.973698 0.000000 0.302314 0.492842 0.818685 0.638063 0.795444 0.790806 0.866423 0.514456 0.776403 0.550824 0.746629 0.666880 0.928867 0.637495 0.819436 0.808603 0.999826 0.882136 0.919728 0.855521 0.783982 0.990434 0.932469 0.672748 0.675218 0.984823 0.654498 0.826917 0.706309 0.889919 0.906193 0.757509 0.979924 0.719885 0.697839 0.696760 0.736435 0.721878 0.907626 0.613100 0.656326 0.494378 0.899256 0.700001 0.864649 0.728482 0.697924 0.581746 0.716074 0.879359 0.936226 0.930678 0.797374 0.681694 0.850714 0.590777 0.738143 0.704292 0.797542 0.694283 0.726445 0.465804 0.475787 0.769519 0.666571 0.638093 0.537243 0.835669 0.894812 0.828015 0.839840 0.830371 0.952377 0.764760 0.919845 0.999497 0.994409 0.616646 0.892613 0.979708 0.898905 0.727941 0.722204 0.961258 0.940164 0.877751 0.834188 0.978145 0.966203 0.952225 0.948012 0.797666 0.956044
0.722145 0.660656 0.546333 0.452701 0.943847 0.862693 0.694274 0.772534 0.913892 0.762582 0.987450 0.805660 0.575277 0.636117 0.546842 0.568087 0.757679 0.775138 0.653887 0.706408 0.782095 0.953097 0.302314 0.000000 0.523719 0.817284 0.631245 0.876828 0.765670 0.818500 0.655361 0.757551 0.632084 0.748383 0.757101 0.844798 0.645484 0.781807 0.767115 0.979406 0.873896 0.881531 0.896811 0.860264 0.921924 0.971238 0.673701 0.699298 0.935357 0.764367 0.856517 0.794798 0.993267 0.962964 0.754104 0.927685 0.766059 0.722499 0.756453 0.799615 0.778802 0.865612 0.688790 0.704081 0.538438 0.805200 0.721655 0.871560 0.770697 0.752405 0.648211 0.767373 0.930521 0.967275 0.933783 0.813215 0.714242 0.818674 0.621198 0.813816 0.738304 0.798571 0.636268 0.673694 0.529630 0.446208 0.737859 0.685951 0.689427 0.615421 0.859749 0.835012 0.873410 0.837548 0.987916 0.933635 0.811176 0.972767 0.975614 0.994443 0.678344 0.900394 0.936136 0.871578 0.697804 0.729035 0.908547 0.915208 0.837152 0.809291 0.980429 0.906463 0.984802 0.913334 0.904883 0.892612
0.752268 0.821543 0.497265 0.568309 0.957843 0.872331 0.917552 0.950454 0.916043 0.579067 0.895363 0.935894 0.755883 0.902032 0.768751 0.830644 0.961918 0.948847 0.904571 0.955365 0.773512 0.931581 0.492842 0.523719 0.000000 0.443910 0.694460 0.686108 0.811836 0.835054 0.614546 0.965299 0.752419 0.921439 0.614490 0.906665 0.552241 0.985711 0.658488 0.980125 0.746174 0.954138 0.897975 0.923663 0.702119 0.805519 0.911398 0.795275 0.797281 0.845491 0.947367 0.804392 0.937375 0.969530 0.628075 0.866579 0.991634 0.845350 0.735885 0.665433 0.912806 0.964970 0.881998 0.930469 0.418376 0.898075 0.706748 0.907441 0.743639 0.697287 0.814536 0.906896 0.833317 0.986970 0.925993 0.966252 0.900374 0.895004 0.870111 0.963157 0.899629 0.906370 0.850917 0.739713 0.627950 0.595834 0.778545 0.869276 0.647033 0.627261 0.822035 0.788390 0.937858 0.870830 0.994363 0.896131 0.860110 0.979983 0.779233 0.723290 0.659231 0.782089 0.830042 0.846044 0.875310 0.741203 0.875018 0.897651 0.921639 0.930704 0.760178 0.913956 0.864091 0.885412 0.937571 0.922812
0.996795 0.880372 0.607823 0.721359 0.948380 0.985784 0.973739 0.934359 0.978787 0.821081 0.798999 0.712818 0.980595 0.799946 0.921657 0.953350 0.776033 0.682093 0.892967 0.784198 0.722362 0.889612 0.818685 0.817284 0.443910 0.000000 0.910603 0.695117 0.675514 0.677657 0.655292 0.951526 0.944505 0.920618 0.689623 0.895784 0.674404 0.916309 0.805059 0.937352 0.869497 0.837360 0.922856 0.944999 0.832875 0.904375 0.991408 0.942856 0.826945 0.917405 0.920189 0.839001 0.747774 0.785839 0.750810 0.919577 0.766640 0.845856 0.841347 0.801036 0.946727 0.828284 0.864909 0.794450 0.607808 0.969631 0.714613 0.902140 0.946028 0.978270 0.961579 0.923025 0.846546 0.969464 0.991089 0.927172 0.992576 0.867020 0.912619 0.867695 0.777101 0.802196 0.866256 0.938175 0.982311 0.859341 0.898054 0.873302 0.936695 0.920260 0.976077 0.993397 0.927764 0.909485 0.937659 0.873230 0.956394 0.985836 0.794290 0.770622 0.915150 0.936770 0.884866 0.719524 0.969024 0.874051 0.824076 0.986792 0.932269 0.860826 0.832564 0.865451 0.904460 0.971461 0.996915 0.810831
0.894626 0.872879 0.845631 0.889868 0.978877 0.815970 0.944480 0.862059 0.846219 0.627636 0.839768 0.984681 0.907893 0.954598 0.804500 0.920020 0.854725 0.882245 0.860880 0.877729 0.910523 0.801851 0.638063 0.631245 0.694460 0.910603 0.000000 0.846124 0.947512 0.953924 0.790625 0.913226 0.866268 0.945060 0.957122 0.783917 0.923098 0.878376 0.916179 0.802145 0.966076 0.938265 0.879986 0.839228 0.683792 0.706629 0.966828 0.866811 0.684548 0.900841 0.860681 0.908571 0.817114 0.856441 0.911192 0.860291 0.916661 0.913173 0.927677 0.987854 0.905586 0.910373 0.920368 0.927669 0.739946 0.956275 0.951838 0.864716 0.845487 0.979509 0.758589 0.908359 0.967581 0.865500 0.921823 0.857443 0.976908 0.966593 0.837599 0.922714 0.856038 0.868643 0.739002 0.862144 0.730841 0.788132 0.832303 0.754638 0.831097 0.840525 0.780534 0.834066 0.814393 0.817819 0.965683 0.861081 0.922376 0.944054 0.831824 0.839615 0.674105 0.872702 0.832705 0.857160 0.883523 0.972523 0.914473 0.940386 0.901145 0.972500 0.816072 0.870251 0.838128 0.975398 0.895646 0.744083
0.994893 0.997372 0.870506 0.924814 0.931963 0.777140 0.939644 0.853458 0.938530 0.796794 0.847369 0.850961 0.930727 0.863349 0.881615 0.915914 0.981399 0.919617 0.967107 0.911608 0.725836 0.818134 0.795444 0.876828 0.686108 0.695117 0.846124 0.000000 0.915518 0.847062 0.880250 0.967327 0.969051 0.918447 0.946800 0.866111 0.964122 0.706449 0.968257 0.792369 0.775547 0.927897 0.945543 0.991680 0.831319 0.926219 0.968273 0.904767 0.885918 0.993322 0.999157 0.950275 0.974100 0.944586 0.993810 0.984769 0.929680 0.958219 0.904430 0.886116 0.942387 0.905396 0.987447 0.928821 0.781452 0.963787 0.926261 0.911096 0.998172 0.849468 0.896390 0.963481 0.969018 0.884109 0.900340 0.952642 0.839548 0.939476 0.927953 0.970612 0.935917 0.941774 0.860879 0.951735 0.986126 0.914534 0.979045 0.921222 0.897108 0.898097 0.999356 0.917984 0.976044 0.951268 0.920354 0.807725 0.999667 0.963779 0.913465 0.859422 0.888984 0.891059 0.922558 0.861657 0.779385 0.939647 0.804151 0.883208 0.969241 0.956520 0.889455 0.777062 0.977477 0.983695 0.950013 0.696629
0.517261 0.482266 0.838146 0.805211 0.754367 0.838236 0.466153 0.469226 0.855388 0.844730 0.474788 0.384712 0.510615 0.355025 0.654904 0.616875 0.387978 0.324723 0.339230 0.368243 0.919224 0.882722 0.790806 0.765670 0.811836 0.675514 0.947512 0.915518 0.000000 0.263382 0.893076 0.630184 0.459051 0.378028 0.979779 0.992077 0.832868 0.692340 0.913197 0.814653 0.892089 0.834897 0.502243 0.499838 0.652128 0.651958 0.539959 0.583470 0.680791 0.752423 0.704995 0.791699 0.909346 0.821528 0.827021 0.702328 0.358577 0.487874 0.620732 0.757701 0.501974 0.510772 0.383322 0.373587 0.979125 0.581518 0.617393 0.590665 0.664741 0.650545 0.591219 0.726368 0.737771 0.781579 0.941417 0.718701 0.655389 0.517984 0.459341 0.450019 0.409420 0.496923 0.564995 0.691182 0.669875 0.586897 0.866342 0.836141 0.794270 0.833307 0.918581 0.994337 0.986883 0.821418 0.995610 0.794434 0.585327 0.919938 0.594179 0.544639 0.865364 0.790884 0.556493 0.455063 0.626848 0.752859 0.952326 0.992112 0.980182 0.664260 0.754874 0.618012 0.784744 0.677316 0.782183 0.773254
0.439942 0.406718 0.850431 0.842526 0.806669 0.831353 0.554469 0.501207 0.953214 0.984673 0.367407 0.297031 0.544428 0.401625 0.755634 0.731474 0.301406 0.255901 0.337471 0.273823 0.914731 0.803047 0.866423 0.818500 0.835054 0.677657 0.953924 0.847062 0.263382 0.000000 0.933582 0.703808 0.465053 0.429692 0.988497 0.969121 0.790388 0.624260 0.894484 0.842145 0.922399 0.734660 0.641774 0.660992 0.821325 0.829481 0.611764 0.701921 0.806163 0.853050 0.823992 0.889628 0.774116 0.608861 0.814252 0.749432 0.260514 0.382856 0.648584 0.748328 0.503302 0.485086 0.382337 0.325168 0.988893 0.511273 0.645842 0.644657 0.570790 0.602464 0.636368 0.782289 0.671340 0.785910 0.791551 0.730249 0.773873 0.529194 0.467290 0.408540 0.305993 0.348444 0.517745 0.579269 0.616139 0.560378 0.820015 0.798814 0.778501 0.797675 0.967472 0.832702 0.911922 0.739077 0.896965 0.806254 0.547489 0.871725 0.704894 0.670610 0.929099 0.830640 0.536076 0.512537 0.637962 0.703260 0.899645 0.947058 0.862307 0.671230 0.790336 0.667392 0.901180 0.729845 0.794119 0.728750
0.895728 0.948636 0.704109 0.639484 0.978768 0.878061 0.662921 0.866955 0.840316 0.896538 0.908400 0.908513 0.750708 0.850269 0.537811 0.593328 0.894118 0.927015 0.759924 0.853371 0.702030 0.805308 0.514456 0.655361 0.614546 0.655292 0.790625 0.880250 0.893076 0.933582 0.000000 0.519841 0.655524 0.778582 0.776528 0.786195 0.655019 0.785070 0.959954 0.968957 0.941892 0.884150 0.608854 0.583670 0.786730 0.780142 0.853140 0.739499 0.984957 0.769719 0.806462 0.788895 0.698508 0.704893 0.884973 0.984941 0.918437 0.948903 0.820387 0.858990 0.916425 0.906123 0.884511 0.907429 0.751870 0.973396 0.661603 0.761483 0.993220 0.949963 0.530782 0.561945 0.827978 0.849148 0.887184 0.773273 0.595152 0.727333 0.733184 0.803536 0.955615 0.929775 0.951225 0.952381 0.901988 0.811166 0.900837 0.865869 0.962411 0.926456 0.857246 0.759455 0.807796 0.814031 0.903242 0.912485 0.876345 0.985150 0.858610 0.825441 0.923578 0.828047 0.727891 0.742039 0.636802 0.795331 0.846760 0.746345 0.927178 0.975042 0.914614 0.809490 0.891305 0.802456 0.904692 0.894741
0.978320 0.982577 0.988059 0.806383 0.944448 0.924553 0.656334 0.733552 0.897650 0.696949 0.940056 0.915225 0.868069 0.670693 0.582709 0.600655 0.824202 0.751979 0.714878 0.807681 0.857785 0.750347 0.776403 0.757551 0.965299 0.951526 0.913226 0.967327 0.630184 0.703808 0.519841 0.000000 0.639108 0.649642 0.985932 0.720112 0.898022 0.858739 0.849904 0.961169 0.955163 0.768728 0.501516 0.470003 0.673380 0.692154 0.777986 0.808413 0.930987 0.956125 0.914281 0.999937 0.910065 0.919581 0.999250 0.951179 0.807510 0.974036 0.980141 0.905772 0.974091 0.918923 0.867103 0.881043 0.865288 0.949714 0.778869 0.714428 0.890719 0.879782 0.661529 0.530007 0.982718 0.939781 0.981842 0.751250 0.759553 0.580279 0.767242 0.802748 0.864777 0.992651 0.917342 0.979414 0.942529 0.929912 0.746636 0.983752 0.843010 0.990627 0.607701 0.679128 0.590966 0.837496 0.979711 0.820937 0.907918 0.896813 0.545201 0.471316 0.769624 0.695113 0.543518 0.624970 0.706135 0.796959 0.887047 0.793617 0.918832 0.868452 0.761347 0.664307 0.858786 0.699061 0.949585 0.940715
0.365078 0.404484 0.498236 0.564811 0.851803 0.986795 0.358205 0.537299 0.814133 0.908677 0.528915 0.499377 0.364109 0.434174 0.487360 0.523176 0.388406 0.403495 0.315917 0.375072 0.687678 0.955491 0.550824 0.632084 0.752419 0.944505 0.866268 0.969051 0.459051 0.465053 0.655524 0.639108 0.000000 0.294864 0.633136 0.956689 0.538850 0.755081 0.832394 0.801659 0.680215 0.813904 0.574356 0.513251 0.765722 0.683954 0.453679 0.503804 0.759076 0.595703 0.631416 0.614149 0.899783 0.895824 0.576233 0.596829 0.381855 0.422230 0.433427 0.546912 0.412823 0.561001 0.307380 0.371350 0.600402 0.535995 0.354032 0.444699 0.558982 0.525930 0.493049 0.689285 0.569795 0.711195 0.768733 0.671962 0.566622 0.616367 0.409572 0.484480 0.392967 0.468094 0.542664 0.536243 0.446115 0.369175 0.862094 0.777845 0.586459 0.665634 0.996139 0.849835 0.958333 0.756656 0.994810 0.917607 0.446402 0.881402 0.698651 0.736556 0.954067 0.870386 0.609913 0.617492 0.589035 0.581322 0.992689 0.935780 0.994921 0.633494 0.822077 0.632254 0.841470 0.665172 0.669494 0.768911
0.350922 0.415968 0.569058 0.577541 0.781173 0.905477 0.295200 0.405149 0.800009 0.895134 0.390213 0.416169 0.369150 0.398769 0.575712 0.557620 0.407955 0.391422 0.270756 0.374400 0.732222 0.890728 0.746629 0.748383 0.921439 0.920618 0.945060 0.918447 0.378028 0.429692 0.778582 0.649642 0.294864 0.000000 0.766261 0.976034 0.612012 0.716505 0.901488 0.777036 0.749488 0.838388 0.509807 0.485884 0.605325 0.503182 0.431928 0.379908 0.528872 0.523082 0.504500 0.567302 0.884529 0.922745 0.556556 0.512208 0.382145 0.411532 0.371472 0.519457 0.322525 0.451283 0.313411 0.343199 0.730602 0.525317 0.342382 0.388683 0.601683 0.491330 0.621468 0.734571 0.613886 0.652565 0.757208 0.753733 0.561118 0.627446 0.468578 0.493680 0.382681 0.482459 0.532461 0.555722 0.537378 0.449171 0.888474 0.859717 0.677694 0.668553 0.939789 0.843764 0.975439 0.773682 0.951119 0.730301 0.458501 0.820402 0.533334 0.587551 0.857806 0.814894 0.531226 0.535808 0.543267 0.556045 0.984931 0.874226 0.976550 0.649590 0.770094 0.496436 0.768244 0.606703 0.658052 0.718891
0.683729 0.744940 0.605598 0.742496 0.914050 0.888886 0.724299 0.960707 0.719253 0.803020 0.947491 0.958421 0.731663 0.846712 0.814094 0.922632 0.863158 0.885087 0.717966 0.820957 0.757938 0.969540 0.666880 0.757101 0.614490 0.689623 0.957122 0.946800 0.979779 0.988497 0.776528 0.985932 0.633136 0.766261 0.000000 0.921991 0.678802 0.870821 0.710585 0.848268 0.866000 0.952260 0.983188 0.903439 0.940415 0.988977 0.823132 0.782655 0.936405 0.837903 0.880445 0.795775 0.844051 0.940655 0.682089 0.678664 0.861827 0.818572 0.686152 0.764052 0.784871 0.998825 0.783397 0.858134 0.545213 0.906643 0.570433 0.673350 0.768793 0.806128 0.697143 0.789514 0.754613 0.790838 0.979080 0.970900 0.835291 0.922066 0.779137 0.848143 0.853647 0.852646 0.866099 0.769595 0.667871 0.714952 0.995221 0.812076 0.725903 0.825813 0.851186 0.801011 0.874407 0.851124 0.830706 0.954089 0.745132 0.956679 0.938771 0.926628 0.628832 0.972412 0.990857 0.996761 0.770365 0.725767 0.961534 0.982717 0.984621 0.934523 0.854782 0.996134 0.865983 0.909621 0.894278 0.801110
0.905525 0.971178 0.878320 0.935408 0.854320 0.892328 0.955675 0.978619 0.881019 0.803477 0.829034 0.931280 0.906000 0.980605 0.986507 0.906484 0.922853 0.973965 0.964307 0.980818 0.736250 0.792194 0.928867 0.844798 0.906665 0.895784 0.783917 0.866111 0.992077 0.969121 0.786195 0.720112 0.956689 0.976034 0.921991 0.000000 0.976669 0.823614 0.944079 0.944026 0.955637 0.826751 0.787947 0.831522 0.906681 0.949542 0.947154 0.967589 0.998934 0.920842 0.971541 0.940756 0.978496 0.932627 0.926413 0.883389 0.954184 0.931333 0.922779 0.938878 0.836006 0.806038 0.876922 0.918039 0.891734 0.816775 0.933360 0.978854 0.833442 0.924134 0.768408 0.734606 0.939076 0.918838 0.745908 0.902968 0.789826 0.728855 0.950581 0.981045 0.897802 0.851262 0.910051 0.831815 0.823898 0.856070 0.829541 0.877581 0.769179 0.990196 0.794521 0.843692 0.729027 0.815768 0.969008 0.959089 0.984600 0.921029 0.792332 0.691846 0.941220 0.959890 0.814434 0.977517 0.791774 0.849644 0.913158 0.804029 0.917024 0.894320 0.996141 0.995577 0.866627 0.949779 0.886158 0.829862
0.516260 0.550975 0.446054 0.503793 0.940017 0.893041 0.671642 0.702937 0.921457 0.834232 0.783391 0.697533 0.573180 0.803232 0.803466 0.804641 0.675462 0.742861 0.659228 0.660629 0.842803 0.963042 0.637495 0.645484 0.552241 0.674404 0.923098 0.964122 0.832868 0.790388 0.655019 0.898022 0.538850 0.612012 0.678802 0.976669 0.000000 0.751943 0.803765 0.952488 0.673747 0.820397 0.819447 0.807673 0.971114 0.921863 0.668978 0.600374 0.905021 0.596501 0.678831 0.601987 0.837749 0.975473 0.512210 0.650818 0.672295 0.555294 0.526912 0.504400 0.595521 0.700499 0.596350 0.591665 0.499806 0.609396 0.507262 0.676764 0.548686 0.539446 0.718627 0.790874 0.598713 0.727096 0.759751 0.767729 0.737597 0.808480 0.612008 0.721127 0.653645 0.682298 0.667035 0.717108 0.557076 0.496404 0.818637 0.822569 0.589768 0.683629 0.729959 0.740597 0.828887 0.862069 0.988809 0.953761 0.681180 0.999257 0.917046 0.929755 0.746542 0.870013 0.849035 0.894755 0.649162 0.636330 0.914548 0.879062 0.948544 0.663105 0.992841 0.933493 0.956696 0.853029 0.652192 0.893640
0.712128 0.655146 0.798880 0.746350 0.994862 0.825400 0.730655 0.688136 0.947931 0.940423 0.779198 0.672274 0.721860 0.647446 0.857072 0.838845 0.710112 0.616645 0.648776 0.542363 0.885059 0.949363 0.819436 0.781807 0.985711 0.916309 0.878376 0.706449 0.692340 0.624260 0.785070 0.858739 0.755081 0.716505 0.870821 0.823614 0.751943 0.000000 0.801328 0.943531 0.921171 0.795844 0.808947 0.786850 0.858521 0.882699 0.818623 0.867791 0.890755 0.877506 0.812960 0.832123 0.868290 0.889430 0.830651 0.905824 0.657477 0.660631 0.834883 0.845057 0.769011 0.787264 0.741282 0.650555 0.859499 0.788371 0.745166 0.787870 0.769384 0.821239 0.650407 0.574746 0.797320 0.747722 0.967650 0.831547 0.741341 0.666529 0.682183 0.595762 0.702639 0.736319 0.800745 0.855354 0.780055 0.779493 0.978603 0.944530 0.778532 0.923537 0.933571 0.951290 0.963983 0.931457 0.830636 0.882154 0.709454 0.957166 0.886992 0.801746 0.943084 0.876642 0.752888 0.883339 0.609739 0.755583 0.794570 0.950574 0.960119 0.892352 0.898196 0.892814 0.898263 0.981722 0.752238 0.849594
