0.000000 0.188201 0.312777 0.346370 0.579171 0.590673 0.277654 0.241133 0.380270 0.337524 0.166591 0.173397 0.160536 0.299215 0.256601 0.308673 0.216765 0.199891 0.215175 0.233083 0.529162 0.949904 0.390134 0.616551 0.663825 0.684165 0.987266 0.832610 0.275402 0.245425 0.289830 0.507721 0.180925 0.197163 0.510149 0.617030 0.349947 0.342905 0.756318 0.670882 0.572321 0.550583 0.288403 0.259021 0.256727 0.251410 0.300166 0.314132 0.713168 0.381815 0.422533 0.364884 0.556096 0.573892 0.534765 0.474567 0.235137 0.189599 0.243651 0.259980 0.153307 0.239005 0.151403 0.158194 0.370044 0.337905 0.302568 0.345888 0.298674 0.239296 0.334598 0.301189 0.463590 0.474928 0.707020 0.639730 0.398681 0.346256 0.278695 0.322023 0.203207 0.265515 0.572260 0.427228 0.294235 0.501013 0.968876 0.707185 0.511840 0.492653 0.423806 0.494050 0.485689 0.555614 0.554800 0.531634 0.375570 0.621607 0.210496 0.285708 0.492400 0.523475 0.284549 0.341911 0.324398 0.307608 0.538276 0.610013 0.653266 0.551751 0.642950 0.469527 0.396446 0.594733 0.418218 0.962879
0.188201 0.000000 0.465986 0.432567 0.570589 0.622808 0.394098 0.287093 0.413895 0.385982 0.226275 0.156107 0.181130 0.205506 0.222876 0.247883 0.193423 0.151447 0.221767 0.198954 0.532903 0.955075 0.362560 0.524182 0.598177 0.752299 0.929973 0.841455 0.224513 0.216305 0.345391 0.491804 0.254977 0.260532 0.626937 0.646622 0.381463 0.386242 0.855920 0.709608 0.561295 0.536142 0.296406 0.265929 0.310361 0.318099 0.352160 0.335985 0.759832 0.484205 0.544484 0.483239 0.682102 0.737608 0.699656 0.647282 0.141568 0.126244 0.370403 0.379985 0.254690 0.295229 0.174333 0.152092 0.494867 0.460332 0.455093 0.463495 0.355486 0.340159 0.271314 0.295933 0.530061 0.559445 0.795608 0.668333 0.335783 0.328990 0.342877 0.289538 0.201003 0.265837 0.470130 0.416867 0.363469 0.492760 0.950574 0.746775 0.620568 0.578064 0.515760 0.546667 0.582318 0.664069 0.551805 0.535883 0.415548 0.629467 0.268736 0.283067 0.543427 0.680967 0.329947 0.315009 0.394541 0.335321 0.616568 0.630709 0.635590 0.577355 0.581668 0.478544 0.476508 0.546601 0.434229 0.899859
0.312777 0.465986 0.000000 0.149876 0.589398 0.540066 0.146374 0.204909 0.412407 0.310214 0.362775 0.364803 0.320540 0.481891 0.392354 0.382818 0.417012 0.393391 0.297259 0.376379 0.491182 0.799602 0.289209 0.533774 0.501724 0.381320 0.880948 0.894550 0.465576 0.324499 0.225147 0.428661 0.218491 0.224200 0.383269 0.509768 0.323408 0.371326 0.595134 0.630063 0.687724 0.651946 0.250800 0.267133 0.406418 0.371796 0.341497 0.297972 0.950613 0.509988 0.578078 0.507006 0.584973 0.487242 0.542593 0.543590 0.514229 0.468993 0.273525 0.360688 0.231547 0.342884 0.301949 0.341475 0.176304 0.188866 0.170557 0.210848 0.486071 0.290793 0.399331 0.435612 0.511202 0.543664 0.510602 0.824068 0.443666 0.496710 0.329604 0.531190 0.346486 0.313960 0.637719 0.420524 0.284885 0.404682 0.919948 0.873503 0.455172 0.454855 0.409243 0.442694 0.441050 0.511997 0.596404 0.536492 0.485233 0.613823 0.379360 0.348031 0.531211 0.397540 0.415577 0.342131 0.313475 0.348024 0.664436 0.669140 0.648085 0.519967 0.628685 0.593210 0.447258 0.604386 0.503736 0.931627
0.346370 0.432567 0.149876 0.000000 0.631798 0.511497 0.171290 0.161079 0.450816 0.251822 0.411226 0.313778 0.305864 0.371474 0.322382 0.297016 0.403946 0.354910 0.272617 0.332698 0.444147 0.804514 0.205988 0.384389 0.449315 0.396039 0.891760 0.919138 0.399818 0.273441 0.200188 0.341435 0.205809 0.222160 0.413841 0.502455 0.292165 0.375393 0.549040 0.625281 0.704956 0.567964 0.233122 0.281643 0.439223 0.411907 0.375192 0.275174 0.992696 0.530035 0.634408 0.550531 0.599517 0.473826 0.557077 0.576941 0.502133 0.448960 0.365551 0.435443 0.286971 0.336037 0.296976 0.306708 0.205979 0.203408 0.211821 0.251832 0.550572 0.301804 0.343155 0.415666 0.527255 0.604163 0.514584 0.772361 0.394178 0.449135 0.310055 0.498440 0.285958 0.243836 0.531340 0.324368 0.258076 0.323167 0.841492 0.896910 0.471515 0.427438 0.387794 0.384058 0.414196 0.519757 0.584863 0.460032 0.483004 0.628964 0.383203 0.290042 0.493449 0.381016 0.379014 0.328763 0.325180 0.330508 0.698197 0.658935 0.625432 0.494216 0.604052 0.550527 0.449799 0.557904 0.564505 0.960759
0.579171 0.570589 0.589398 0.631798 0.000000 0.770263 0.575134 0.590947 0.671608 0.707627 0.629843 0.613965 0.572798 0.690663 0.620076 0.663214 0.673574 0.629702 0.534314 0.659218 0.715622 0.806570 0.646804 0.742488 0.802191 0.889029 0.956306 0.794836 0.617035 0.658496 0.686678 0.817334 0.542942 0.573770 0.732475 0.739531 0.652964 0.664987 0.860838 0.710497 0.906755 0.611648 0.574631 0.537646 0.545193 0.607176 0.677533 0.601854 0.908159 0.731405 0.796473 0.730928 0.834393 0.829286 0.880004 0.866354 0.611971 0.648843 0.568895 0.620019 0.520605 0.586902 0.593042 0.615887 0.586764 0.554853 0.597415 0.542797 0.572233 0.631781 0.638298 0.659381 0.852868 0.898654 0.901517 0.973328 0.697756 0.701732 0.706229 0.786335 0.665634 0.685141 0.813910 0.725669 0.672358 0.628308 0.943452 0.916533 0.817122 0.865520 0.710976 0.700937 0.736243 0.693038 0.910566 0.894422 0.750549 0.836882 0.603528 0.571019 0.830312 0.619062 0.623447 0.656779 0.481383 0.630071 0.698697 0.831015 0.863531 0.932230 0.694411 0.683637 0.745923 0.816878 0.662798 0.805512
0.590673 0.622808 0.540066 0.511497 0.770263 0.000000 0.503356 0.470711 0.530062 0.501434 0.670712 0.577944 0.574636 0.700853 0.650511 0.621931 0.710449 0.670740 0.627954 0.627028 0.681933 0.787621 0.584004 0.816849 0.700712 0.515805 0.964783 0.724765 0.707031 0.690617 0.538248 0.671663 0.559770 0.569607 0.573839 0.750050 0.504696 0.854367 0.763680 0.876210 0.861866 0.666346 0.528902 0.604758 0.550411 0.563610 0.523889 0.608367 0.921973 0.766136 0.726101 0.677374 0.736650 0.810582 0.747117 0.665805 0.731563 0.705491 0.585611 0.651287 0.557593 0.605762 0.595039 0.600258 0.583381 0.538980 0.505095 0.462282 0.776318 0.690449 0.527861 0.610414 0.833907 0.915459 0.870587 0.873806 0.646510 0.676534 0.670511 0.803764 0.571086 0.594460 0.909644 0.687218 0.612262 0.699075 0.886128 0.688252 0.725376 0.721582 0.412897 0.466953 0.368080 0.561139 0.731928 0.759630 0.596655 0.788103 0.484378 0.525522 0.545860 0.541514 0.635635 0.622856 0.581338 0.517469 0.905933 0.623625 0.806158 0.796871 0.732928 0.561516 0.646508 0.808870 0.660002 0.817423
0.277654 0.394098 0.146374 0.171290 0.575134 0.503356 0.000000 0.151515 0.394519 0.231843 0.330339 0.326959 0.304038 0.432938 0.374522 0.369977 0.349237 0.315600 0.209873 0.314402 0.500148 0.879158 0.278118 0.549186 0.596179 0.517398 0.997040 0.775024 0.405929 0.297840 0.245046 0.404515 0.199723 0.195695 0.427292 0.551733 0.354557 0.405294 0.605971 0.660547 0.685157 0.567020 0.191632 0.209103 0.326036 0.312569 0.325096 0.260327 0.979674 0.557411 0.582940 0.524021 0.599767 0.461474 0.542095 0.607002 0.409964 0.400749 0.273575 0.367554 0.208391 0.330003 0.244375 0.294049 0.241781 0.200181 0.162869 0.180345 0.458664 0.315456 0.319209 0.316242 0.452717 0.486659 0.545431 0.777991 0.426432 0.413522 0.327564 0.453201 0.262427 0.262297 0.624813 0.414300 0.295563 0.454418 0.945547 0.786296 0.466941 0.558108 0.345417 0.345956 0.378533 0.461571 0.631467 0.487629 0.396736 0.612090 0.273129 0.247506 0.471245 0.307865 0.358319 0.300488 0.304324 0.320345 0.643900 0.601275 0.567640 0.469973 0.556000 0.478976 0.357894 0.546365 0.486012 0.895566
0.241133 0.287093 0.204909 0.161079 0.590947 0.470711 0.151515 0.000000 0.352385 0.189154 0.323864 0.210550 0.214977 0.268464 0.264409 0.250118 0.283698 0.244672 0.203984 0.242326 0.455113 0.834153 0.229808 0.446213 0.532642 0.513841 0.983761 0.870996 0.289300 0.226550 0.215095 0.360214 0.169461 0.175632 0.400305 0.519662 0.324293 0.379812 0.661166 0.660802 0.630803 0.530843 0.190148 0.221928 0.293049 0.294241 0.313314 0.260267 0.886644 0.493978 0.521877 0.440773 0.546881 0.474621 0.549608 0.609512 0.360511 0.316467 0.301658 0.344565 0.209359 0.236751 0.201656 0.186231 0.295317 0.230305 0.208943 0.242883 0.453151 0.274074 0.290206 0.320336 0.464270 0.542718 0.588156 0.708605 0.340331 0.323490 0.262859 0.408488 0.190851 0.197368 0.492843 0.330833 0.261042 0.379327 0.987395 0.799862 0.505549 0.462375 0.282698 0.308038 0.326177 0.463293 0.518877 0.417453 0.351121 0.576976 0.226739 0.186082 0.372062 0.361836 0.292901 0.266139 0.268645 0.278984 0.613593 0.536195 0.569047 0.459363 0.553426 0.435950 0.365121 0.500450 0.484637 0.938652
0.380270 0.413895 0.412407 0.450816 0.671608 0.530062 0.394519 0.352385 0.000000 0.338798 0.404981 0.368928 0.387726 0.510419 0.473624 0.482745 0.444706 0.442587 0.436578 0.411041 0.698694 0.933319 0.545161 0.779446 0.667431 0.695640 0.861352 0.925736 0.463527 0.448080 0.447168 0.631979 0.374000 0.413736 0.522698 0.711335 0.547513 0.626995 0.851693 0.732999 0.696096 0.810264 0.438221 0.447102 0.411180 0.412036 0.431665 0.483700 0.884903 0.608614 0.623965 0.551162 0.696409 0.698215 0.691491 0.631850 0.487538 0.437914 0.406319 0.406580 0.350812 0.360227 0.426044 0.405227 0.491295 0.429246 0.465882 0.429401 0.430051 0.447928 0.483073 0.504262 0.471246 0.507103 0.830601 0.719977 0.469704 0.473175 0.554317 0.527938 0.447099 0.473444 0.794542 0.651378 0.565843 0.730976 0.876823 0.593643 0.674181 0.708623 0.457003 0.447993 0.485474 0.483034 0.652636 0.653146 0.593641 0.764584 0.333363 0.384386 0.581360 0.545675 0.550031 0.415087 0.400520 0.511055 0.734515 0.645055 0.783523 0.591379 0.536526 0.554630 0.503385 0.615694 0.549737 0.818199
0.337524 0.385982 0.310214 0.251822 0.707627 0.501434 0.231843 0.189154 0.338798 0.000000 0.371600 0.310686 0.348812 0.387771 0.363481 0.353957 0.338349 0.320664 0.278608 0.314261 0.547151 0.832549 0.327881 0.591741 0.619517 0.566438 0.923980 0.877232 0.397239 0.300019 0.310359 0.420017 0.280997 0.278905 0.436472 0.590199 0.423535 0.505385 0.751665 0.688752 0.737122 0.562941 0.313985 0.338840 0.421096 0.435531 0.454829 0.379633 0.969616 0.654616 0.670207 0.587539 0.664274 0.585351 0.651653 0.672240 0.432796 0.433545 0.444525 0.491498 0.333036 0.355652 0.325890 0.312628 0.388512 0.315233 0.324702 0.362655 0.435123 0.400634 0.315749 0.375722 0.384985 0.474628 0.604072 0.574201 0.391567 0.319560 0.377819 0.479426 0.264945 0.277544 0.572383 0.416872 0.427354 0.571704 0.947970 0.715803 0.678468 0.638640 0.329046 0.312982 0.349480 0.420305 0.641403 0.409428 0.445564 0.665196 0.254531 0.242833 0.515001 0.439955 0.423473 0.324842 0.394844 0.396194 0.650976 0.579740 0.685577 0.519448 0.569160 0.494960 0.409307 0.527382 0.567371 0.951247
0.166591 0.226275 0.362775 0.411226 0.629843 0.670712 0.330339 0.323864 0.404981 0.371600 0.000000 0.195143 0.213992 0.326309 0.295941 0.318182 0.203484 0.203173 0.228637 0.226321 0.548770 0.942013 0.431103 0.604921 0.716888 0.712448 0.974793 0.771487 0.283573 0.236389 0.357764 0.468945 0.249537 0.238535 0.595774 0.659621 0.437741 0.422882 0.828024 0.658672 0.569499 0.604969 0.345138 0.309509 0.403978 0.369318 0.365084 0.382328 0.900995 0.537264 0.590679 0.539434 0.680985 0.717805 0.631753 0.510882 0.225619 0.220084 0.321077 0.343704 0.212061 0.303541 0.190632 0.204010 0.440499 0.372023 0.375948 0.417636 0.261463 0.284202 0.365225 0.328598 0.400425 0.420861 0.779402 0.604785 0.412192 0.370934 0.296490 0.263957 0.233462 0.271175 0.590220 0.482443 0.379994 0.583096 0.909067 0.730681 0.572886 0.601889 0.551298 0.612372 0.627042 0.677384 0.681485 0.549729 0.424279 0.645450 0.269332 0.315038 0.568808 0.586334 0.311502 0.337045 0.371064 0.359035 0.624714 0.744913 0.696146 0.584452 0.709967 0.565049 0.489228 0.573696 0.429396 0.872786
0.173397 0.156107 0.364803 0.313778 0.613965 0.577944 0.326959 0.210550 0.368928 0.310686 0.195143 0.000000 0.138043 0.175174 0.157986 0.176314 0.179201 0.142280 0.205305 0.190878 0.505942 0.927565 0.301402 0.460062 0.569529 0.666357 0.964704 0.901704 0.178137 0.158233 0.277213 0.417984 0.173093 0.214652 0.578834 0.635030 0.325416 0.378183 0.791427 0.649902 0.518882 0.536427 0.282503 0.265551 0.339107 0.300028 0.332028 0.316721 0.781814 0.447463 0.514764 0.430519 0.601086 0.620234 0.623379 0.576885 0.213928 0.172536 0.346838 0.336286 0.204464 0.206734 0.151909 0.109082 0.419406 0.339453 0.382446 0.414726 0.363812 0.251684 0.300033 0.287087 0.471611 0.549722 0.746717 0.625903 0.316221 0.279666 0.252509 0.289082 0.166084 0.197490 0.424362 0.329388 0.294451 0.407651 0.986043 0.804666 0.529647 0.504956 0.458769 0.490140 0.520514 0.636394 0.521354 0.450657 0.412482 0.583043 0.239345 0.251262 0.473916 0.542438 0.277753 0.294432 0.304389 0.318738 0.607610 0.627619 0.638040 0.517645 0.651242 0.490877 0.433893 0.536125 0.462466 0.924950
0.160536 0.181130 0.320540 0.305864 0.572798 0.574636 0.304038 0.214977 0.387726 0.348812 0.213992 0.138043 0.000000 0.188457 0.150487 0.188043 0.224295 0.182774 0.235545 0.251518 0.469773 0.918766 0.279399 0.436371 0.542684 0.614812 0.947985 0.906380 0.220366 0.193138 0.248013 0.440193 0.183689 0.227214 0.551227 0.642276 0.292644 0.354294 0.744831 0.653440 0.565188 0.496911 0.263138 0.264398 0.314205 0.285483 0.289156 0.288911 0.767078 0.396824 0.483814 0.385838 0.591059 0.581927 0.610431 0.555599 0.253145 0.189025 0.300621 0.294440 0.176416 0.206705 0.149544 0.130715 0.360062 0.322248 0.362175 0.390455 0.400929 0.292071 0.334420 0.348064 0.507418 0.533172 0.735889 0.647814 0.386977 0.312721 0.242299 0.311699 0.188910 0.224983 0.466604 0.369282 0.244824 0.371702 0.975947 0.835295 0.467517 0.441172 0.487181 0.521711 0.531194 0.665551 0.477284 0.472652 0.375717 0.570206 0.270273 0.291640 0.541781 0.547374 0.291553 0.306414 0.297335 0.306626 0.576411 0.635975 0.609280 0.518140 0.664352 0.506007 0.448393 0.543288 0.434806 0.946133
0.299215 0.205506 0.481891 0.371474 0.690663 0.700853 0.432938 0.268464 0.510419 0.387771 0.326309 0.175174 0.188457 0.000000 0.160752 0.162581 0.251215 0.194813 0.275604 0.257275 0.488984 0.956385 0.266959 0.331126 0.541199 0.698223 0.973038 0.911434 0.195205 0.182767 0.301971 0.371953 0.254481 0.304261 0.618052 0.627264 0.390085 0.392254 0.816415 0.660024 0.620471 0.513259 0.311967 0.342048 0.437810 0.400115 0.374332 0.336649 0.800746 0.514430 0.578169 0.506411 0.623286 0.599599 0.681872 0.673948 0.264426 0.226445 0.466371 0.452065 0.325193 0.282223 0.210652 0.158948 0.489892 0.434445 0.494318 0.529623 0.507035 0.384606 0.361377 0.426150 0.542733 0.634881 0.836988 0.671113 0.353821 0.310861 0.291792 0.327050 0.215287 0.221298 0.313202 0.329301 0.276288 0.330909 0.957056 0.994217 0.592469 0.463302 0.567519 0.581355 0.636886 0.783214 0.500088 0.454109 0.422502 0.570407 0.369320 0.312717 0.545825 0.636278 0.273570 0.320101 0.406315 0.372378 0.617892 0.616838 0.633567 0.547819 0.677881 0.554045 0.527558 0.514333 0.529025 0.962172
0.256601 0.222876 0.392354 0.322382 0.620076 0.650511 0.374522 0.264409 0.473624 0.363481 0.295941 0.157986 0.150487 0.160752 0.000000 0.172269 0.258724 0.205594 0.266767 0.271979 0.417343 0.911985 0.248612 0.368958 0.486135 0.635023 0.882451 0.906292 0.220554 0.181749 0.267493 0.412216 0.235017 0.271890 0.609599 0.671643 0.307322 0.369439 0.762173 0.614136 0.627294 0.513041 0.305759 0.292150 0.409116 0.362367 0.351539 0.288953 0.797154 0.438882 0.574653 0.465867 0.630192 0.562385 0.633264 0.610687 0.287242 0.237875 0.417355 0.406427 0.271540 0.250672 0.205784 0.173859 0.381194 0.358092 0.451348 0.488336 0.486629 0.352346 0.357866 0.391762 0.520017 0.613783 0.808999 0.661142 0.357609 0.305007 0.259923 0.344648 0.216698 0.233409 0.414908 0.329338 0.246304 0.322689 0.889077 0.944905 0.495565 0.447971 0.542668 0.559664 0.604946 0.742252 0.490886 0.391056 0.440471 0.560867 0.334067 0.316433 0.628764 0.606521 0.319963 0.328514 0.346706 0.347940 0.603271 0.651736 0.618885 0.565812 0.682277 0.530766 0.482102 0.518015 0.515244 0.975560
0.308673 0.247883 0.382818 0.297016 0.663214 0.621931 0.369977 0.250118 0.482745 0.353957 0.318182 0.176314 0.188043 0.162581 0.172269 0.000000 0.244907 0.189535 0.256596 0.237544 0.484444 0.890722 0.205757 0.304945 0.498415 0.609000 0.930255 0.910893 0.197948 0.149718 0.278665 0.332995 0.237968 0.269101 0.614045 0.625622 0.322673 0.420312 0.724798 0.627800 0.595327 0.498144 0.272406 0.283047 0.474654 0.412225 0.380127 0.313749 0.918320 0.543729 0.657361 0.569132 0.687215 0.660706 0.754926 0.708915 0.286654 0.243856 0.450397 0.463440 0.299984 0.272869 0.210438 0.169577 0.415185 0.339294 0.441063 0.466110 0.507547 0.371701 0.324634 0.408120 0.554454 0.634215 0.764650 0.645797 0.338101 0.291042 0.277985 0.342184 0.210161 0.206333 0.351986 0.294087 0.286358 0.304765 0.945561 0.957962 0.578269 0.456075 0.563790 0.565157 0.631262 0.753223 0.513618 0.428011 0.491633 0.552312 0.386737 0.302973 0.599177 0.613866 0.290757 0.271719 0.358547 0.346514 0.684687 0.743470 0.637603 0.524512 0.685595 0.575610 0.516988 0.521155 0.510891 0.953331
0.216765 0.193423 0.417012 0.403946 0.673574 0.710449 0.349237 0.283698 0.444706 0.338349 0.203484 0.179201 0.224295 0.251215 0.258724 0.244907 0.000000 0.125840 0.195368 0.188670 0.545901 0.959302 0.355350 0.504601 0.641751 0.756213 0.961241 0.785423 0.193831 0.165825 0.327834 0.398897 0.241388 0.219768 0.637480 0.653697 0.418354 0.410782 0.841392 0.725652 0.522487 0.548001 0.319505 0.272632 0.418681 0.385067 0.385489 0.407335 0.919254 0.580330 0.662758 0.581325 0.753561 0.699040 0.735787 0.672650 0.173452 0.172768 0.416395 0.421282 0.274918 0.309371 0.179809 0.165728 0.480409 0.412007 0.431197 0.468095 0.331656 0.290447 0.311424 0.301647 0.413856 0.448269 0.760909 0.587990 0.376862 0.336980 0.261832 0.230167 0.159717 0.208833 0.454549 0.392022 0.375835 0.507862 0.990478 0.851178 0.616703 0.612242 0.557139 0.547938 0.621617 0.644113 0.550882 0.474957 0.429034 0.600438 0.339748 0.289844 0.608566 0.589364 0.335967 0.294184 0.416093 0.396655 0.604946 0.675481 0.671797 0.529609 0.620788 0.519547 0.485677 0.477387 0.547370 0.827321
0.199891 0.151447 0.393391 0.354910 0.629702 0.670740 0.315600 0.244672 0.442587 0.320664 0.203173 0.142280 0.182774 0.194813 0.205594 0.189535 0.125840 0.000000 0.158368 0.154277 0.521985 0.967459 0.295339 0.450437 0.625129 0.754048 0.958061 0.769481 0.168294 0.130601 0.318255 0.374696 0.200996 0.204945 0.614234 0.650303 0.363953 0.386562 0.835979 0.707841 0.574754 0.502751 0.271688 0.239377 0.393845 0.354262 0.378870 0.331579 0.910389 0.569327 0.637039 0.565970 0.706818 0.667735 0.691424 0.680681 0.135349 0.140735 0.404078 0.420854 0.251728 0.286990 0.138897 0.128194 0.454830 0.395083 0.411425 0.447566 0.333480 0.298950 0.268559 0.259610 0.431143 0.472113 0.710459 0.632856 0.349292 0.286262 0.230192 0.216587 0.123332 0.163296 0.377729 0.324683 0.310721 0.434486 0.955649 0.899415 0.602101 0.574929 0.516257 0.506789 0.583304 0.649897 0.560395 0.460661 0.412437 0.613059 0.295999 0.235587 0.556659 0.563875 0.276564 0.252097 0.365716 0.351670 0.609010 0.707406 0.651113 0.511683 0.629992 0.457173 0.442827 0.491651 0.480846 0.913846
0.215175 0.221767 0.297259 0.272617 0.534314 0.627954 0.209873 0.203984 0.436578 0.278608 0.228637 0.205305 0.235545 0.275604 0.266767 0.256596 0.195368 0.158368 0.000000 0.158520 0.525855 0.961456 0.251367 0.453031 0.618207 0.706095 0.971207 0.665085 0.239214 0.195641 0.283354 0.333211 0.189986 0.182334 0.568143 0.535835 0.371058 0.394895 0.726024 0.687333 0.667817 0.521090 0.216806 0.214214 0.390469 0.383518 0.347547 0.272360 0.982056 0.612036 0.671574 0.620828 0.740974 0.608212 0.688725 0.720656 0.205871 0.238452 0.372310 0.442043 0.238609 0.333271 0.149864 0.188199 0.376171 0.318164 0.304645 0.341033 0.388511 0.304633 0.211791 0.266909 0.460939 0.492104 0.661464 0.671405 0.376296 0.336998 0.271976 0.298423 0.158407 0.195005 0.421909 0.347707 0.285317 0.419777 0.916675 0.834623 0.616221 0.622031 0.456608 0.459138 0.531129 0.591270 0.629884 0.473008 0.383056 0.568779 0.278722 0.197535 0.536719 0.452330 0.273915 0.261006 0.369441 0.339619 0.609799 0.676128 0.603663 0.551695 0.577287 0.455085 0.446406 0.544182 0.429886 0.920540
0.233083 0.198954 0.376379 0.332698 0.659218 0.627028 0.314402 0.242326 0.411041 0.314261 0.226321 0.190878 0.251518 0.257275 0.271979 0.237544 0.188670 0.154277 0.158520 0.000000 0.514489 0.945399 0.302334 0.456139 0.623339 0.741813 0.974720 0.737842 0.236184 0.182876 0.323846 0.329148 0.241010 0.215510 0.632731 0.564977 0.382499 0.418995 0.828880 0.749457 0.567013 0.610871 0.274691 0.262482 0.444731 0.413541 0.399199 0.354342 0.987943 0.637903 0.699992 0.658974 0.771340 0.693869 0.718018 0.703675 0.197090 0.204512 0.436591 0.485056 0.301975 0.335706 0.181162 0.186807 0.472298 0.416171 0.386971 0.436283 0.360942 0.314406 0.236057 0.296418 0.430416 0.468775 0.707390 0.638564 0.377101 0.330544 0.261519 0.265759 0.176793 0.209073 0.452378 0.376452 0.356850 0.474097 0.910821 0.849477 0.691845 0.631994 0.485347 0.506562 0.573786 0.637802 0.588343 0.514385 0.463670 0.658264 0.313802 0.246666 0.533000 0.531683 0.305547 0.281988 0.419236 0.333228 0.666130 0.714485 0.638606 0.554151 0.591271 0.482737 0.489788 0.524835 0.459954 0.940404
0.529162 0.532903 0.491182 0.444147 0.715622 0.681933 0.500148 0.455113 0.698694 0.547151 0.548770 0.505942 0.469773 0.488984 0.417343 0.484444 0.545901 0.521985 0.525855 0.514489 0.000000 0.756437 0.462341 0.544127 0.487611 0.588292 0.924530 0.983310 0.570770 0.467257 0.461502 0.585002 0.462971 0.445318 0.676267 0.750873 0.484223 0.523605 0.763067 0.714262 0.779875 0.672752 0.488484 0.481026 0.616040 0.548040 0.535213 0.486730 0.881878 0.591557 0.697868 0.666229 0.794124 0.709741 0.602208 0.660378 0.605114 0.555487 0.539382 0.598285 0.493531 0.522384 0.483442 0.481234 0.494013 0.536669 0.521742 0.538072 0.698097 0.624792 0.589177 0.618974 0.619102 0.854214 0.840455 0.926919 0.587757 0.489729 0.503760 0.646109 0.488556 0.469946 0.697918 0.578629 0.474125 0.535600 0.988379 0.936412 0.648229 0.588599 0.638660 0.644196 0.632482 0.789864 0.693816 0.433656 0.699216 0.727960 0.605636 0.553573 0.775070 0.719990 0.496408 0.570880 0.577512 0.461496 0.708673 0.803110 0.538172 0.711957 0.717164 0.708014 0.634072 0.706441 0.628986 0.914783
0.949904 0.955075 0.799602 0.804514 0.806570 0.787621 0.879158 0.834153 0.933319 0.832549 0.942013 0.927565 0.918766 0.956385 0.911985 0.890722 0.959302 0.967459 0.961456 0.945399 0.756437 0.000000 0.869861 0.927427 0.858587 0.790226 0.699533 0.891271 0.926759 0.898813 0.817906 0.931859 0.907654 0.852661 0.894483 0.919023 0.851255 0.834275 0.859629 0.753285 0.917793 0.878919 0.833271 0.814200 0.902095 0.959954 0.950192 0.991612 0.969622 0.920685 0.962790 0.882333 0.889315 0.902874 0.895315 0.894199 0.975291 0.997092 0.909385 0.975528 0.947327 0.927890 0.984389 0.952716 0.825911 0.835716 0.855416 0.884231 0.925622 0.828804 0.838855 0.931126 0.892723 0.972652 0.906920 0.828849 0.891747 0.873673 0.852196 0.972635 0.967664 0.943366 0.960444 0.957081 0.973484 0.951855 0.903254 0.950793 0.940802 0.931754 0.889377 0.861241 0.880608 0.811860 0.896594 0.713858 0.956666 0.977390 0.897873 0.893776 0.848285 0.786628 0.914706 0.818241 0.802911 0.839019 0.927305 0.971556 0.939668 0.940613 0.873675 0.952101 0.942782 0.881257 0.933239 0.906503
0.390134 0.362560 0.289209 0.205988 0.646804 0.584004 0.278118 0.229808 0.545161 0.327881 0.431103 0.301402 0.279399 0.266959 0.248612 0.205757 0.355350 0.295339 0.251367 0.302334 0.462341 0.869861 0.000000 0.223566 0.444328 0.521718 0.867493 0.857188 0.332478 0.246093 0.222484 0.274758 0.260366 0.297874 0.570280 0.501355 0.297897 0.417611 0.644119 0.707554 0.727712 0.469009 0.247363 0.322911 0.514822 0.494547 0.430736 0.339394 0.955289 0.616647 0.740634 0.662943 0.701224 0.518926 0.724861 0.763927 0.406563 0.390307 0.528943 0.586956 0.368241 0.404539 0.275442 0.286090 0.281040 0.309799 0.380739 0.441307 0.648102 0.448737 0.262607 0.396236 0.589167 0.639855 0.672577 0.809057 0.378325 0.382936 0.340902 0.457516 0.268393 0.247843 0.400330 0.317627 0.210871 0.238463 0.803613 0.945794 0.564942 0.496163 0.478872 0.459367 0.529478 0.666640 0.582251 0.414798 0.494850 0.579453 0.431706 0.298820 0.611084 0.521546 0.401484 0.329825 0.426891 0.343792 0.710821 0.696630 0.648472 0.569832 0.688201 0.556609 0.489857 0.583830 0.551872 0.973083
0.616551 0.524182 0.533774 0.384389 0.742488 0.816849 0.549186 0.446213 0.779446 0.591741 0.604921 0.460062 0.436371 0.331126 0.368958 0.304945 0.504601 0.450437 0.453031 0.456139 0.544127 0.927427 0.223566 0.000000 0.422232 0.690284 0.911350 0.905974 0.417058 0.359778 0.429647 0.327374 0.462680 0.491759 0.766630 0.574937 0.447743 0.518969 0.733558 0.813570 0.809903 0.621666 0.459041 0.547733 0.786812 0.748974 0.620374 0.524736 0.853636 0.782743 0.924364 0.846547 0.851644 0.687624 0.899810 0.925736 0.542507 0.531851 0.783034 0.801978 0.607078 0.566843 0.453571 0.439746 0.491227 0.515091 0.636730 0.716149 0.822172 0.604255 0.468270 0.646025 0.716711 0.772564 0.815534 0.855517 0.540244 0.560440 0.451259 0.547408 0.433754 0.375379 0.403566 0.406922 0.357791 0.261095 0.806424 0.749163 0.666173 0.529027 0.748321 0.736203 0.795877 0.939034 0.697838 0.490112 0.680197 0.619794 0.692781 0.497782 0.717827 0.723237 0.558451 0.503129 0.561277 0.539800 0.898952 0.855079 0.681108 0.715945 0.780074 0.727165 0.733729 0.618335 0.773287 0.972638
0.663825 0.598177 0.501724 0.449315 0.802191 0.700712 0.596179 0.532642 0.667431 0.619517 0.716888 0.569529 0.542684 0.541199 0.486135 0.498415 0.641751 0.625129 0.618207 0.623339 0.487611 0.858587 0.444328 0.422232 0.000000 0.410970 0.660509 0.899527 0.602225 0.500384 0.431159 0.582977 0.558875 0.534341 0.614859 0.632659 0.454495 0.567310 0.612591 0.818501 0.745767 0.740215 0.535098 0.596466 0.716847 0.671853 0.549628 0.493781 0.961674 0.613628 0.810715 0.679179 0.840886 0.775818 0.801243 0.820307 0.691402 0.614340 0.663469 0.691083 0.614805 0.617831 0.596793 0.563992 0.454224 0.548404 0.608648 0.622391 0.817430 0.626081 0.642417 0.728716 0.686119 0.856735 0.825180 0.949692 0.592146 0.697433 0.580274 0.784265 0.594876 0.555593 0.672789 0.582644 0.524128 0.428291 0.895474 0.991053 0.712158 0.487232 0.758240 0.773365 0.699187 0.844873 0.660028 0.585921 0.776064 0.598310 0.718480 0.656778 0.757225 0.821696 0.737335 0.628691 0.589068 0.544753 0.894542 0.784857 0.667888 0.729985 0.644528 0.794801 0.786098 0.675269 0.712013 0.833888
0.684165 0.752299 0.381320 0.396039 0.889029 0.515805 0.517398 0.513841 0.695640 0.566438 0.712448 0.666357 0.614812 0.698223 0.635023 0.609000 0.756213 0.754048 0.706095 0.741813 0.588292 0.790226 0.521718 0.690284 0.410970 0.000000 0.667812 0.729558 0.759816 0.643893 0.413956 0.639122 0.557201 0.552174 0.416521 0.566826 0.509196 0.693508 0.570426 0.702420 0.814052 0.759066 0.553951 0.603158 0.675697 0.631704 0.501069 0.511852 0.949702 0.617414 0.737282 0.628456 0.688152 0.730661 0.643978 0.581620 0.869944 0.759061 0.527224 0.570469 0.559626 0.603512 0.655511 0.656535 0.365723 0.424931 0.452348 0.434211 0.805810 0.602658 0.742707 0.802907 0.785307 0.892843 0.625606 0.944272 0.662058 0.788470 0.631939 0.844992 0.660332 0.596956 0.788833 0.647263 0.500835 0.506313 0.979739 0.999351 0.599694 0.437855 0.703955 0.745921 0.633795 0.820103 0.644982 0.750731 0.669002 0.743798 0.730095 0.682068 0.771509 0.717185 0.698979 0.666292 0.650408 0.562471 0.793196 0.805784 0.814141 0.725520 0.856720 0.842966 0.773901 0.777709 0.643605 0.847699
0.987266 0.929973 0.880948 0.891760 0.956306 0.964783 0.997040 0.983761 0.861352 0.923980 0.974793 0.964704 0.947985 0.973038 0.882451 0.930255 0.961241 0.958061 0.971207 0.974720 0.924530 0.699533 0.867493 0.911350 0.660509 0.667812 0.000000 0.855553 0.966304 0.902275 0.796077 0.909849 0.976400 0.927027 0.963910 0.956086 0.867146 0.914975 0.927270 0.926014 0.958371 0.868328 0.875170 0.848674 0.972663 0.971975 0.916727 0.899607 0.919023 0.851226 0.993697 0.915332 0.930757 0.900318 0.997920 0.958098 0.930776 0.874960 0.962065 0.966210 0.976878 0.947731 0.974294 0.979244 0.818265 0.962756 0.971390 0.984239 0.977633 0.837684 0.965395 0.912679 0.991188 0.984092 0.828072 0.980902 0.901958 0.875341 0.883452 0.949975 0.987671 0.976075 0.884085 0.883341 0.903525 0.826113 0.890576 0.846599 0.886836 0.833580 0.834992 0.879476 0.850384 0.863728 0.882775 0.946594 0.915957 0.941832 0.882668 0.945035 0.950380 0.992660 0.947137 0.947421 0.924185 0.908031 0.986487 0.880933 0.946990 0.958486 0.966311 0.997125 0.989082 0.967885 0.971994 0.983417
0.832610 0.841455 0.894550 0.919138 0.794836 0.724765 0.775024 0.870996 0.925736 0.877232 0.771487 0.901704 0.906380 0.911434 0.906292 0.910893 0.785423 0.769481 0.665085 0.737842 0.983310 0.891271 0.857188 0.905974 0.899527 0.729558 0.855553 0.000000 0.797415 0.829037 0.965482 0.841355 0.872796 0.815432 0.992394 0.873707 0.981300 0.915905 0.811170 0.922713 0.971366 0.897213 0.799468 0.795813 0.890724 0.918006 0.984989 0.780309 0.785609 0.964849 0.877584 0.891545 0.929225 0.878946 0.994060 0.833119 0.730016 0.818138 0.945473 0.988337 0.838179 0.904372 0.837528 0.897954 0.931919 0.857150 0.844781 0.884518 0.784559 0.849857 0.799593 0.780232 0.647778 0.662730 0.926968 0.937549 0.910645 0.887137 0.843524 0.722921 0.829855 0.891550 0.895202 0.885691 0.897487 0.997062 0.851626 0.941271 0.974079 0.846412 0.962374 0.916161 0.977104 0.938589 0.970778 0.912030 0.918047 0.953532 0.828913 0.809274 0.959865 0.819609 0.867978 0.830766 0.875533 0.964671 0.899947 0.970556 0.972500 0.958806 0.769213 0.859412 0.933158 0.908957 0.890535 0.912534
0.275402 0.224513 0.465576 0.399818 0.617035 0.707031 0.405929 0.289300 0.463527 0.397239 0.283573 0.178137 0.220366 0.195205 0.220554 0.197948 0.193831 0.168294 0.239214 0.236184 0.570770 0.926759 0.332478 0.417058 0.602225 0.759816 0.966304 0.797415 0.000000 0.170148 0.350862 0.398461 0.242556 0.248394 0.617892 0.666194 0.437239 0.473552 0.785488 0.726407 0.613773 0.503627 0.309325 0.298469 0.445737 0.379172 0.358022 0.317210 0.863872 0.521303 0.612590 0.521402 0.646270 0.628648 0.662832 0.676356 0.221442 0.213310 0.439893 0.434246 0.291275 0.259069 0.191870 0.165078 0.492219 0.393992 0.444457 0.489251 0.399705 0.298795 0.392452 0.434251 0.474717 0.533911 0.780176 0.610691 0.407684 0.338358 0.267341 0.286364 0.179831 0.219527 0.374826 0.310562 0.322530 0.389626 0.969716 0.966358 0.637667 0.517674 0.588418 0.581937 0.655215 0.765635 0.516445 0.492311 0.479941 0.575173 0.374267 0.300756 0.556508 0.543068 0.302206 0.280388 0.366005 0.401884 0.665968 0.780544 0.731340 0.545524 0.586212 0.544822 0.523493 0.516181 0.550273 0.957519
0.245425 0.216305 0.324499 0.273441 0.658496 0.690617 0.297840 0.226550 0.448080 0.300019 0.236389 0.158233 0.193138 0.182767 0.181749 0.149718 0.165825 0.130601 0.195641 0.182876 0.467257 0.898813 0.246093 0.359778 0.500384 0.643893 0.902275 0.829037 0.170148 0.000000 0.258087 0.317353 0.200135 0.195369 0.580501 0.615041 0.327574 0.338999 0.794020 0.689592 0.554817 0.546985 0.235442 0.219414 0.440445 0.358288 0.355337 0.280043 0.936163 0.513176 0.619222 0.536853 0.645246 0.584270 0.683671 0.641115 0.213236 0.207805 0.409122 0.436269 0.252612 0.252753 0.170764 0.146702 0.371080 0.311860 0.384751 0.428002 0.385996 0.283291 0.319731 0.346025 0.390716 0.454364 0.667362 0.608756 0.361447 0.296342 0.205040 0.276881 0.159119 0.171986 0.355349 0.297568 0.290231 0.371481 0.917023 0.980466 0.560024 0.521342 0.553828 0.549712 0.636359 0.694150 0.556432 0.425466 0.480227 0.562314 0.354074 0.261819 0.563974 0.556291 0.311173 0.239625 0.334233 0.331206 0.643344 0.705885 0.614890 0.464023 0.600666 0.520538 0.454381 0.490262 0.510938 0.947653
0.289830 0.345391 0.225147 0.200188 0.686678 0.538248 0.245046 0.215095 0.447168 0.310359 0.357764 0.277213 0.248013 0.301971 0.267493 0.278665 0.327834 0.318255 0.283354 0.323846 0.461502 0.817906 0.222484 0.429647 0.431159 0.413956 0.796077 0.965482 0.350862 0.258087 0.000000 0.336988 0.206151 0.224964 0.436330 0.492099 0.287818 0.356352 0.583352 0.655094 0.627158 0.554129 0.228515 0.269960 0.391431 0.369719 0.351250 0.297279 0.890915 0.483034 0.579982 0.500184 0.585905 0.526269 0.574131 0.556809 0.394431 0.361970 0.351955 0.401606 0.259495 0.337678 0.250835 0.252976 0.269996 0.288600 0.274552 0.319010 0.552366 0.348795 0.348525 0.427845 0.537026 0.614150 0.655507 0.732830 0.420953 0.424825 0.337648 0.459718 0.278404 0.275831 0.474434 0.365137 0.260229 0.352135 0.915581 0.873671 0.408438 0.424566 0.482990 0.503570 0.525913 0.627214 0.508978 0.510851 0.369088 0.556769 0.380115 0.367146 0.542270 0.455604 0.396598 0.352294 0.414548 0.307928 0.579623 0.610347 0.667802 0.540469 0.578851 0.600360 0.455096 0.578912 0.510467 0.983331
0.507721 0.491804 0.428661 0.341435 0.817334 0.671663 0.404515 0.360214 0.631979 0.420017 0.468945 0.417984 0.440193 0.371953 0.412216 0.332995 0.398897 0.374696 0.333211 0.329148 0.585002 0.931859 0.274758 0.327374 0.582977 0.639122 0.909849 0.841355 0.398461 0.317353 0.336988 0.000000 0.391481 0.360629 0.707350 0.532722 0.526978 0.638437 0.793481 0.811157 0.752488 0.629275 0.377559 0.454133 0.690757 0.657684 0.589930 0.449129 0.767768 0.847613 0.902111 0.840593 0.816926 0.683638 0.818293 0.835434 0.462416 0.490994 0.660018 0.688283 0.505519 0.546705 0.355045 0.381578 0.501316 0.458872 0.479973 0.544990 0.706101 0.519302 0.433426 0.549434 0.632548 0.673133 0.720178 0.804894 0.529234 0.492680 0.353057 0.488731 0.324189 0.283731 0.434972 0.359285 0.385466 0.392835 0.905375 0.854803 0.677611 0.566319 0.645058 0.646634 0.684073 0.830126 0.713731 0.498292 0.553391 0.645032 0.604714 0.426295 0.619208 0.584770 0.477728 0.395850 0.586506 0.506692 0.732788 0.813673 0.736457 0.651222 0.674758 0.729579 0.711161 0.610155 0.616776 0.944490
0.180925 0.254977 0.218491 0.205809 0.542942 0.559770 0.199723 0.169461 0.374000 0.280997 0.249537 0.173093 0.183689 0.254481 0.235017 0.237968 0.241388 0.200996 0.189986 0.241010 0.462971 0.907654 0.260366 0.462680 0.558875 0.557201 0.976400 0.872796 0.242556 0.200135 0.206151 0.391481 0.000000 0.143878 0.419833 0.539473 0.290777 0.344401 0.665330 0.618479 0.603800 0.508747 0.239183 0.228059 0.320254 0.283326 0.325420 0.279598 0.845796 0.472971 0.543381 0.458252 0.595938 0.543280 0.524716 0.519664 0.295663 0.259422 0.267137 0.297490 0.161432 0.243638 0.158478 0.162226 0.278300 0.240986 0.231666 0.257718 0.385259 0.242738 0.296034 0.320117 0.491881 0.588205 0.635807 0.775865 0.334548 0.304308 0.254366 0.354458 0.177990 0.175980 0.463663 0.310625 0.232684 0.336366 0.928434 0.844074 0.454419 0.481270 0.403659 0.401156 0.441022 0.523964 0.526653 0.496843 0.431114 0.621951 0.272493 0.270869 0.500805 0.386695 0.270110 0.265956 0.274752 0.331420 0.612624 0.619375 0.692321 0.516636 0.585625 0.476060 0.429994 0.539881 0.470380 0.965336
0.197163 0.260532 0.224200 0.222160 0.573770 0.569607 0.195695 0.175632 0.413736 0.278905 0.238535 0.214652 0.227214 0.304261 0.271890 0.269101 0.219768 0.204945 0.182334 0.215510 0.445318 0.852661 0.297874 0.491759 0.534341 0.552174 0.927027 0.815432 0.248394 0.195369 0.224964 0.360629 0.143878 0.000000 0.393483 0.521552 0.322554 0.354533 0.636370 0.602138 0.602934 0.516342 0.232735 0.214974 0.342794 0.325736 0.334505 0.262536 0.924887 0.503186 0.600980 0.504235 0.615752 0.580755 0.543463 0.540206 0.286451 0.263040 0.273255 0.316005 0.181792 0.261246 0.164511 0.182886 0.283819 0.233323 0.202315 0.242131 0.360426 0.225057 0.314442 0.340778 0.454073 0.563168 0.678209 0.700602 0.367178 0.329835 0.221216 0.337977 0.162238 0.170340 0.483545 0.324677 0.272509 0.381394 0.977355 0.794177 0.493497 0.484300 0.409572 0.438788 0.463583 0.541746 0.551771 0.478336 0.401124 0.538767 0.293374 0.264570 0.501011 0.408299 0.277422 0.230656 0.288815 0.293167 0.625639 0.629937 0.673710 0.522756 0.538055 0.461855 0.414907 0.489184 0.463036 0.908303
0.510149 0.626937 0.383269 0.413841 0.732475 0.573839 0.427292 0.400305 0.522698 0.436472 0.595774 0.578834 0.551227 0.618052 0.609599 0.614045 0.637480 0.614234 0.568143 0.632731 0.676267 0.894483 0.570280 0.766630 0.614859 0.416521 0.963910 0.992394 0.617892 0.580501 0.436330 0.707350 0.419833 0.393483 0.000000 0.447139 0.509835 0.551042 0.566786 0.768528 0.860690 0.745562 0.508421 0.523001 0.478202 0.488972 0.579655 0.500711 0.906467 0.603411 0.647988 0.571175 0.568094 0.686465 0.539717 0.543674 0.693058 0.657024 0.402507 0.455904 0.409916 0.463294 0.528921 0.534806 0.369653 0.355997 0.312765 0.342637 0.589362 0.504564 0.667975 0.736625 0.662941 0.797127 0.759468 0.877434 0.579467 0.631146 0.589042 0.738821 0.515059 0.510530 0.699132 0.592757 0.500594 0.548521 0.984386 0.751640 0.636349 0.558560 0.489695 0.545772 0.474585 0.570973 0.700457 0.740378 0.525662 0.652171 0.504831 0.506312 0.573612 0.541295 0.523398 0.549618 0.501656 0.526167 0.679317 0.629129 0.879653 0.695806 0.653151 0.498707 0.634146 0.718997 0.633658 0.980702
0.617030 0.646622 0.509768 0.502455 0.739531 0.750050 0.551733 0.519662 0.711335 0.590199 0.659621 0.635030 0.642276 0.627264 0.671643 0.625622 0.653697 0.650303 0.535835 0.564977 0.750873 0.919023 0.501355 0.574937 0.632659 0.566826 0.956086 0.873707 0.666194 0.615041 0.492099 0.532722 0.539473 0.521552 0.447139 0.000000 0.601455 0.534958 0.619679 0.918885 0.847155 0.876951 0.540036 0.607839 0.645032 0.679830 0.696972 0.614283 0.983653 0.777214 0.770550 0.736172 0.744605 0.721084 0.845041 0.885600 0.666861 0.673632 0.635444 0.678873 0.564722 0.604767 0.587777 0.597052 0.519502 0.524678 0.482187 0.553676 0.714339 0.632015 0.541576 0.737971 0.783510 0.821714 0.793829 0.898352 0.678814 0.721430 0.694572 0.687271 0.607691 0.597626 0.601705 0.681573 0.537262 0.514006 0.817122 0.957592 0.766549 0.637932 0.720947 0.838285 0.743700 0.828408 0.928579 0.727048 0.655285 0.779143 0.696894 0.619111 0.611619 0.721329 0.648712 0.653542 0.688737 0.571891 0.595054 0.741631 0.867464 0.897413 0.732417 0.661764 0.790734 0.707342 0.649051 0.866485
0.349947 0.381463 0.323408 0.292165 0.652964 0.504696 0.354557 0.324293 0.547513 0.423535 0.437741 0.325416 0.292644 0.390085 0.307322 0.322673 0.418354 0.363953 0.371058 0.382499 0.484223 0.851255 0.297897 0.447743 0.454495 0.509196 0.867146 0.981300 0.437239 0.327574 0.287818 0.526978 0.290777 0.322554 0.509835 0.601455 0.000000 0.368663 0.702630 0.741608 0.606508 0.531783 0.356428 0.380999 0.472884 0.447074 0.465371 0.390913 0.875605 0.543602 0.642953 0.576119 0.743331 0.694508 0.675244 0.633031 0.432674 0.400838 0.438813 0.516414 0.332170 0.364127 0.323283 0.322233 0.336181 0.351244 0.383448 0.445929 0.582861 0.440015 0.346421 0.453760 0.669534 0.728421 0.712186 0.817341 0.430074 0.432870 0.365028 0.567905 0.349932 0.354072 0.523258 0.355470 0.306551 0.400615 0.782368 0.902224 0.536510 0.531942 0.504526 0.539070 0.531122 0.637534 0.522424 0.615260 0.485724 0.605087 0.426207 0.428149 0.635171 0.578322 0.437699 0.475894 0.368034 0.347897 0.750454 0.634276 0.638213 0.652187 0.661256 0.484119 0.519458 0.677574 0.488541 0.924440
0.342905 0.386242 0.371326 0.375393 0.664987 0.854367 0.405294 0.379812 0.626995 0.505385 0.422882 0.378183 0.354294 0.392254 0.369439 0.420312 0.410782 0.386562 0.394895 0.418995 0.523605 0.834275 0.417611 0.518969 0.567310 0.693508 0.914975 0.915905 0.473552 0.338999 0.356352 0.638437 0.344401 0.354533 0.551042 0.534958 0.368663 0.000000 0.674452 0.624145 0.655128 0.700861 0.342199 0.346682 0.432751 0.396487 0.473062 0.436948 0.693731 0.440979 0.492991 0.457759 0.575935 0.521296 0.617244 0.633056 0.434156 0.408969 0.394430 0.459740 0.338241 0.393731 0.340472 0.348656 0.372165 0.426925 0.425046 0.501507 0.502308 0.369141 0.430940 0.505903 0.623337 0.610284 0.718019 0.773524 0.464812 0.510682 0.415282 0.503496 0.417121 0.418667 0.501772 0.461726 0.373092 0.459919 0.875036 0.907894 0.510368 0.510010 0.620233 0.674468 0.715122 0.697642 0.663374 0.538089 0.520894 0.615566 0.465856 0.453047 0.638752 0.644309 0.459341 0.420390 0.452719 0.370035 0.568053 0.578542 0.564349 0.573499 0.678717 0.620094 0.504314 0.585119 0.537920 0.864151
