0.000000 0.556198 0.650576 0.676633 0.948202 0.986807 0.548413 0.507282 0.864868 0.645755 0.663382 0.650315 0.713862 0.909728 0.998307 0.944857 0.498130 0.484942 0.543970 0.725685 0.860329 0.926116 0.984981 0.889939 0.798968 0.773121 0.931579 0.981463 0.717885 0.632559 0.867622 0.969561 0.551438 0.531617 0.797739 0.830892 0.982815 0.853543 0.768597 0.817255 0.902812 0.846138 0.625515 0.601579 0.738864 0.624957 0.602287 0.666389 0.694005 0.896409 0.878727 0.891890 0.957142 0.882278 0.739109 0.813581 0.449189 0.679129 0.641961 0.865498 0.468001 0.535058 0.450037 0.458243 0.746521 0.695334 0.711155 0.751843 0.885960 0.791963 0.945252 0.952210 0.951654 0.989265 0.978662 0.960664 0.726912 0.728588 0.838412 0.945066 0.535135 0.556540 0.893761 0.659265 0.715542 0.779461 0.931511 0.922266 0.814459 0.673041 0.793770 0.886014 0.861886 0.942880 0.857261 0.762640 0.803077 0.917822 0.690171 0.653987 0.757207 0.949593 0.857842 0.753713 0.963862 0.824260 0.889709 0.900122 0.755138 0.924321 0.788299 0.897877 0.820402 0.889567 0.997320 0.901270
0.556198 0.000000 0.896616 0.826970 0.913203 0.991760 0.871088 0.673799 0.965596 0.867128 0.875537 0.630915 0.804770 0.767033 0.887354 0.824171 0.562668 0.570155 0.703618 0.806837 0.983313 0.983117 0.993014 0.923034 0.828609 0.855659 0.998751 0.802686 0.738748 0.641931 0.953578 0.962212 0.596335 0.717705 0.883888 0.901770 0.895630 0.955121 0.965786 0.834557 0.942896 0.862454 0.713312 0.654654 0.746579 0.701871 0.735485 0.706000 0.730444 0.875542 0.994497 0.912477 0.968553 0.964993 0.830749 0.979083 0.523892 0.572592 0.741964 0.861252 0.695415 0.592228 0.640387 0.550886 0.881182 0.799123 0.902823 0.859712 0.844868 0.711626 0.869075 0.886555 0.995563 0.947421 0.998756 0.981593 0.841677 0.860611 0.799371 0.916669 0.604570 0.707495 0.922548 0.727520 0.924035 0.906414 0.969495 0.986403 0.887035 0.809831 0.978695 0.893211 0.980072 0.853121 0.845436 0.823315 0.900907 0.874118 0.798305 0.871216 0.832877 0.912150 0.855902 0.850925 0.936992 0.788814 0.996065 0.962977 0.890331 0.922594 0.950846 0.896870 0.955792 0.942371 0.816616 0.953071
0.650576 0.896616 0.000000 0.455753 0.856184 0.994723 0.344180 0.473434 0.712877 0.575548 0.788638 0.971415 0.937458 0.819353 0.838659 0.695662 0.811474 0.706964 0.685262 0.813094 0.830773 0.978619 0.794786 0.959759 0.706845 0.815201 0.989887 0.907133 0.940063 0.925693 0.797836 0.901065 0.547491 0.597838 0.771204 0.834955 0.996874 0.934664 0.857365 0.777849 0.896700 0.792448 0.668474 0.732740 0.767747 0.764407 0.673655 0.732138 0.928588 0.941538 0.830957 0.980213 0.925934 0.833204 0.780659 0.730841 0.744036 0.979785 0.619033 0.793470 0.482430 0.721477 0.653858 0.728365 0.501108 0.589657 0.497912 0.554240 0.912719 0.901402 0.952221 0.894245 0.994751 0.975006 0.856953 0.955712 0.714032 0.917851 0.951315 0.934523 0.627828 0.561419 0.924584 0.719574 0.558127 0.689850 0.859019 0.970505 0.796790 0.665283 0.561793 0.616282 0.523700 0.620684 0.771423 0.713352 0.698228 0.833909 0.564255 0.527353 0.725190 0.940931 0.862742 0.746198 0.742102 0.587487 0.905530 0.769577 0.808513 0.900554 0.701871 0.761237 0.785115 0.946320 0.982749 0.947909
0.676633 0.826970 0.455753 0.000000 0.968256 0.970299 0.518927 0.416330 0.914841 0.730970 0.746211 0.894995 0.938485 0.909121 0.714819 0.754265 0.899345 0.705884 0.805439 0.819175 0.801838 0.959247 0.851365 0.871367 0.602748 0.676363 0.904217 0.978405 0.979463 0.904456 0.773140 0.967199 0.605103 0.528874 0.714167 0.721283 0.931211 0.894901 0.732674 0.684181 0.863183 0.790826 0.619056 0.615830 0.772886 0.727863 0.648350 0.626390 0.901306 0.984559 0.830233 0.963423 0.851519 0.817687 0.851328 0.729791 0.835379 0.968024 0.710466 0.781092 0.631530 0.653389 0.742129 0.778588 0.520754 0.446678 0.427443 0.437174 0.693035 0.878593 0.771588 0.715306 0.964543 0.913709 0.902668 0.973665 0.729721 0.839631 0.897660 0.887269 0.658071 0.604400 0.979802 0.779353 0.701463 0.665776 0.856820 0.886927 0.970819 0.587714 0.714016 0.793043 0.605965 0.746688 0.765382 0.661910 0.699608 0.893714 0.582969 0.702952 0.727154 0.956034 0.824647 0.731422 0.720284 0.656054 0.890734 0.808240 0.755313 0.859811 0.697782 0.842577 0.963453 0.931233 0.946502 0.871558
0.948202 0.913203 0.856184 0.968256 0.000000 0.982237 0.846146 0.947441 0.757685 0.980872 0.819382 0.790980 0.903540 0.986029 0.690459 0.943980 0.874837 0.859137 0.827205 0.848042 0.870660 0.851335 0.579556 0.694695 0.834562 0.983286 0.899822 0.828233 0.941252 0.886805 0.800113 0.841950 0.975662 0.966856 0.959446 0.977063 0.938465 0.807858 0.987296 0.973330 0.971553 0.902997 0.781346 0.771365 0.932979 0.885258 0.997696 0.884188 0.954697 0.925109 0.919843 0.764349 0.811570 0.789131 0.927581 0.962088 0.836373 0.812496 0.929160 0.958220 0.858236 0.968027 0.860262 0.977001 0.678036 0.887522 0.919348 0.909010 0.871183 0.995539 0.957631 0.925875 0.713059 0.895388 0.964848 0.946418 0.961433 0.818536 0.861420 0.902165 0.816942 0.767140 0.731689 0.782114 0.600140 0.627415 0.773092 0.665847 0.791051 0.751905 0.924789 0.921079 0.992599 0.933435 0.992871 0.999114 0.975344 0.779500 0.952849 0.889301 0.957950 0.814188 0.755411 0.868990 0.920961 0.976433 0.938426 0.927584 0.930170 0.881428 0.919988 0.940924 0.969749 0.931489 0.944629 0.879122
0.986807 0.991760 0.994723 0.970299 0.982237 0.000000 0.968479 0.977885 0.982901 0.884130 0.979199 0.926675 0.860273 0.926960 0.857184 0.759908 0.892526 0.979630 0.947729 0.821350 0.844060 0.853124 0.952672 0.992268 0.819017 0.836218 0.815318 0.818657 0.975181 0.926111 0.974428 0.949630 0.935989 0.891396 0.876690 0.927276 0.910225 0.863444 0.889213 0.917875 0.858482 0.928282 0.997120 0.936094 0.866627 0.835791 0.978129 0.983252 0.965550 0.939099 0.952693 0.792580 0.897917 0.940919 0.925724 0.942375 0.969771 0.874974 0.930462 0.844306 0.975728 0.958480 0.863321 0.768186 0.889349 0.943384 0.935104 0.998085 0.848752 0.787288 0.859343 0.779110 0.997602 0.906151 0.991021 0.830391 0.926631 0.842606 0.929409 0.883289 0.943747 0.939104 0.895669 0.938557 0.943277 0.928041 0.951554 0.896642 0.955489 0.973006 0.996036 0.998208 0.950179 0.961759 0.985722 0.829638 0.897748 0.959870 0.958949 0.913776 0.982659 0.864306 0.874191 0.967878 0.990880 0.908171 0.863210 0.818894 0.960510 0.955002 0.799840 0.925725 0.914181 0.990497 0.890522 0.803397
0.548413 0.871088 0.344180 0.518927 0.846146 0.968479 0.000000 0.505665 0.660217 0.551652 0.799532 0.983986 0.819110 0.854665 0.916275 0.709423 0.731839 0.608315 0.585832 0.734261 0.880045 0.963151 0.781948 0.984399 0.774489 0.831643 0.950453 0.836277 0.904179 0.818514 0.819356 0.969269 0.501096 0.582145 0.783673 0.847504 0.979350 0.890177 0.848222 0.879583 0.875210 0.823328 0.685362 0.729786 0.788560 0.713692 0.702416 0.740367 0.877815 0.860971 0.817668 0.961203 0.899452 0.831004 0.775154 0.752670 0.660670 0.892183 0.593272 0.799484 0.377747 0.681982 0.505358 0.626968 0.524260 0.631549 0.548495 0.625274 0.966722 0.939616 0.989002 0.987999 0.993101 0.976876 0.874287 0.982165 0.730349 0.951614 0.902597 0.963855 0.550146 0.489746 0.847877 0.666761 0.492839 0.706401 0.924130 0.897403 0.758338 0.686091 0.546664 0.589912 0.585882 0.682999 0.760369 0.768921 0.702620 0.874978 0.565247 0.531929 0.780273 0.909642 0.905648 0.725899 0.791394 0.651928 0.947740 0.825888 0.747949 0.899670 0.673573 0.811313 0.824490 0.950294 0.983920 0.920242
0.507282 0.673799 0.473434 0.416330 0.947441 0.977885 0.505665 0.000000 0.922051 0.557581 0.616117 0.644358 0.902351 0.989060 0.732427 0.789842 0.749571 0.612433 0.681836 0.690351 0.889688 0.947946 0.989968 0.886168 0.790370 0.835551 0.990750 0.918546 0.842144 0.757313 0.869113 0.971371 0.554169 0.449331 0.801905 0.734739 0.998850 0.957058 0.699897 0.655916 0.957260 0.786188 0.560801 0.591259 0.830699 0.725905 0.603867 0.630988 0.907159 0.931877 0.971658 0.846958 0.724378 0.617950 0.748212 0.754996 0.706207 0.863670 0.507763 0.609623 0.490193 0.410857 0.645529 0.577870 0.680641 0.453436 0.512733 0.456892 0.870286 0.791511 0.833180 0.816224 0.994205 0.903913 0.972843 0.969819 0.565863 0.738640 0.876595 0.904883 0.661469 0.647152 0.912979 0.800457 0.832016 0.856389 0.791445 0.793414 0.879813 0.592493 0.806386 0.933334 0.722796 0.954537 0.769287 0.716378 0.651075 0.820537 0.548841 0.682684 0.636733 0.957498 0.771704 0.748287 0.792117 0.651472 0.947618 0.827178 0.763869 0.863445 0.637743 0.916650 0.895153 0.922199 0.953217 0.893255
0.864868 0.965596 0.712877 0.914841 0.757685 0.982901 0.660217 0.922051 0.000000 0.695877 0.970431 0.862159 0.804368 0.861467 0.841871 0.900940 0.903459 0.876754 0.888541 0.927094 0.956526 0.991501 0.633733 0.940575 0.956044 0.976335 0.936486 0.881774 0.849069 0.929832 0.890309 0.957069 0.845994 0.972143 0.963976 0.906000 0.967627 0.816401 0.886335 0.806536 0.930153 0.971533 0.872470 0.832287 0.962699 0.944362 0.939176 0.868544 0.984767 0.983641 0.979653 0.923919 0.851535 0.902604 0.990557 0.949057 0.796198 0.877769 0.948606 0.980610 0.648672 0.930991 0.682225 0.738445 0.695622 0.996774 0.926138 0.858943 0.849519 0.859737 0.881203 0.787739 0.985467 0.856102 0.890135 0.963178 0.959533 0.968334 0.815211 0.956283 0.754227 0.739939 0.681144 0.746104 0.598189 0.752033 0.814734 0.704377 0.850148 0.746872 0.856611 0.839261 0.850889 0.882097 0.964483 0.908629 0.861052 0.995650 0.962032 0.719635 0.908903 0.972678 0.934332 0.937617 0.820548 0.920096 0.987452 0.981575 0.911652 0.898138 0.860410 0.963539 0.983868 0.924324 0.948964 0.855292
0.645755 0.867128 0.575548 0.730970 0.980872 0.884130 0.551652 0.557581 0.695877 0.000000 0.675662 0.875919 0.971511 0.773402 0.830925 0.690955 0.780875 0.698928 0.594884 0.655531 0.858133 0.982505 0.848706 0.855166 0.953964 0.930603 0.774611 0.784733 0.771889 0.868338 0.863735 0.966856 0.601427 0.605286 0.830948 0.948762 0.914424 0.872544 0.948888 0.936253 0.945451 0.845368 0.809789 0.835206 0.909149 0.858259 0.753267 0.944708 0.892330 0.938794 0.938512 0.937835 0.828353 0.695413 0.794457 0.891569 0.711882 0.791742 0.551311 0.649855 0.574674 0.671376 0.573424 0.518173 0.862736 0.800338 0.654172 0.699158 0.783299 0.886554 0.910012 0.923293 0.991523 0.947979 0.872751 0.957086 0.764714 0.914503 0.940002 0.973639 0.693131 0.711375 0.989451 0.788997 0.777025 0.997388 0.828061 0.980648 0.799155 0.640646 0.732979 0.832628 0.714578 0.943094 0.881017 0.657018 0.561328 0.869528 0.655632 0.656763 0.723655 0.976902 0.691879 0.729267 0.693071 0.698378 0.993243 0.808474 0.734468 0.835226 0.738130 0.958520 0.910626 0.935186 0.910020 0.925256
0.663382 0.875537 0.788638 0.746211 0.819382 0.979199 0.799532 0.616117 0.970431 0.675662 0.000000 0.591488 0.815909 0.975507 0.704389 0.846465 0.779804 0.780978 0.786546 0.728442 0.831877 0.902154 0.751126 0.772333 0.971990 0.868302 0.887445 0.953305 0.869969 0.943051 0.881619 0.897962 0.823952 0.599605 0.887040 0.792476 0.974586 0.887654 0.858083 0.902921 0.907188 0.863171 0.752650 0.718117 0.993370 0.818311 0.786944 0.901831 0.972139 0.858085 0.841879 0.647502 0.703699 0.611276 0.835655 0.762070 0.853044 0.985611 0.783081 0.844705 0.750721 0.620658 0.756682 0.682682 0.944581 0.817987 0.792563 0.780773 0.871869 0.829433 0.908895 0.914770 0.955939 0.925030 0.965728 0.982099 0.665151 0.696328 0.913413 0.926926 0.824639 0.852891 0.852640 0.982330 0.929931 0.914865 0.751112 0.848611 0.936201 0.789715 0.917437 0.877220 0.872972 0.944621 0.916589 0.720295 0.729002 0.841920 0.836330 0.924106 0.773390 0.942387 0.757569 0.819384 0.964095 0.943546 0.973853 0.945827 0.919550 0.885758 0.851449 0.993937 0.897372 0.978384 0.968295 0.796570
0.650315 0.630915 0.971415 0.894995 0.790980 0.926675 0.983986 0.644358 0.862159 0.875919 0.591488 0.000000 0.694600 0.674696 0.905638 0.872033 0.749723 0.712738 0.806127 0.757334 0.956461 0.811006 0.719833 0.753082 0.985709 0.992684 0.979886 0.985943 0.837023 0.714264 0.850116 0.928419 0.883077 0.725340 0.910667 0.788205 0.996486 0.895254 0.809437 0.828967 0.984039 0.949856 0.726422 0.675039 0.976178 0.821182 0.852253 0.805259 0.914342 0.865126 0.855512 0.737588 0.788600 0.736219 0.753483 0.898079 0.750210 0.751700 0.755179 0.807203 0.752309 0.544824 0.763538 0.650834 0.924617 0.832929 0.999670 0.913516 0.906603 0.724654 0.956945 0.932107 0.944226 0.907923 0.977586 0.848375 0.706665 0.677259 0.848025 0.949951 0.837067 0.904736 0.926809 0.903624 0.837948 0.868546 0.947489 0.794544 0.917000 0.875815 0.837594 0.716189 0.874100 0.694497 0.891739 0.943690 0.881575 0.845422 0.901322 0.972213 0.824567 0.920012 0.856570 0.973919 0.939849 0.951046 0.941972 0.987578 0.933464 0.975367 0.926112 0.949768 0.988135 0.937589 0.932121 0.862165
0.713862 0.804770 0.937458 0.938485 0.903540 0.860273 0.819110 0.902351 0.804368 0.971511 0.815909 0.694600 0.000000 0.602086 0.654487 0.680289 0.825887 0.733677 0.814773 0.801907 0.990815 0.788302 0.953282 0.926964 0.983319 0.901091 0.893496 0.973148 0.868805 0.733561 0.970303 0.994497 0.934572 0.905520 0.976819 0.975980 0.983532 0.799560 0.950431 0.974743 0.943441 0.829907 0.973033 0.980908 0.915191 0.921465 0.891482 0.914903 0.932383 0.958393 0.822039 0.862975 0.897661 0.907532 0.872172 0.825947 0.743379 0.737982 0.895454 0.870666 0.619511 0.698156 0.752377 0.726547 0.964873 0.974650 0.774098 0.841375 0.944270 0.902456 0.818428 0.906604 0.990816 0.815207 0.997918 0.713484 0.932930 0.916887 0.857079 0.848439 0.814201 0.748236 0.845082 0.819022 0.806805 0.981707 0.797403 0.874519 0.788211 0.981029 0.923099 0.825997 0.833059 0.771321 0.992129 0.991501 0.940498 0.988947 0.986494 0.956783 0.937145 0.942905 0.911637 0.817823 0.960277 0.951535 0.890038 0.814339 0.977814 0.985041 0.989992 0.998939 0.980130 0.972882 0.907735 0.957332
0.909728 0.767033 0.819353 0.909121 0.986029 0.926960 0.854665 0.989060 0.861467 0.773402 0.975507 0.674696 0.602086 0.000000 0.628047 0.493051 0.899091 0.828993 0.960367 0.871174 0.902065 0.855149 0.968120 0.937719 0.936264 0.951222 0.972168 0.893097 0.914440 0.682988 0.877476 0.780319 0.986318 0.951732 0.903364 0.902084 0.960593 0.942468 0.847712 0.856426 0.993784 0.853042 0.940179 0.877029 0.982828 0.890784 0.843417 0.810383 0.994305 0.954802 0.866714 0.895374 0.998452 0.945353 0.855125 0.831886 0.911427 0.846962 0.857713 0.978794 0.934211 0.809310 0.943949 0.898054 0.948255 0.942885 0.806659 0.893166 0.908944 0.854843 0.958495 0.777482 0.995433 0.985790 0.879367 0.769810 0.942221 0.890554 0.855985 0.794584 0.931519 0.856773 0.758133 0.793282 0.992013 0.911025 0.850417 0.887701 0.966653 0.945353 0.743033 0.713445 0.687677 0.682987 0.914436 0.961219 0.811974 0.917830 0.908602 0.849427 0.955045 0.909742 0.879437 0.762644 0.822540 0.923742 0.907715 0.806116 0.854714 0.966558 0.879375 0.982990 0.928354 0.982229 0.893195 0.931171
0.998307 0.887354 0.838659 0.714819 0.690459 0.857184 0.916275 0.732427 0.841871 0.830925 0.704389 0.905638 0.654487 0.628047 0.000000 0.528998 0.872466 0.830375 0.950633 0.982633 0.927089 0.900107 0.627613 0.731188 0.989199 0.927588 0.969574 0.981742 0.816175 0.691427 0.736369 0.681645 0.991708 0.839655 0.970507 0.886465 0.929740 0.898443 0.898553 0.955105 0.991295 0.777454 0.745296 0.813801 0.985391 0.970830 0.994251 0.994842 0.949035 0.824199 0.964992 0.840731 0.719089 0.675764 0.989363 0.989448 0.821201 0.740202 0.797517 0.844876 0.959615 0.906737 0.888901 0.964365 0.888045 0.906866 0.671133 0.720272 0.999843 0.932648 0.992279 0.984931 0.856286 0.966998 0.933355 0.814675 0.788923 0.868056 0.828644 0.949906 0.865964 0.800664 0.599949 0.680650 0.723483 0.757535 0.595693 0.545497 0.877906 0.979712 0.817143 0.866919 0.671900 0.791418 0.878192 0.894015 0.771855 0.882772 0.819663 0.912581 0.745924 0.891302 0.684051 0.742416 0.894896 0.877426 0.824735 0.740272 0.967512 0.912380 0.783273 0.963350 0.977466 0.981864 0.894720 0.878190
0.944857 0.824171 0.695662 0.754265 0.943980 0.759908 0.709423 0.789842 0.900940 0.690955 0.846465 0.872033 0.680289 0.493051 0.528998 0.000000 0.992616 0.960690 0.912946 0.959129 0.968444 0.943804 0.938178 0.820745 0.971953 0.971447 0.930991 0.838700 0.974177 0.763525 0.871248 0.778129 0.895828 0.884988 0.859091 0.970556 0.849833 0.919305 0.957280 0.989704 0.959341 0.783924 0.851338 0.897130 0.887861 0.915650 0.999208 0.897994 0.987024 0.999668 0.946591 0.948094 0.848446 0.793801 0.959319 0.935750 0.951744 0.827361 0.770989 0.888034 0.877412 0.971212 0.890816 0.908552 0.953151 0.976039 0.676235 0.795553 0.901574 0.988920 0.937220 0.817123 0.911921 0.948089 0.971404 0.798824 0.867435 0.933738 0.890522 0.797204 0.920531 0.964917 0.791545 0.915003 0.993357 0.932916 0.706465 0.821936 0.943615 0.867759 0.685475 0.683063 0.587502 0.725135 0.804952 0.854818 0.688750 0.821838 0.796901 0.743401 0.861159 0.885382 0.764089 0.713409 0.857380 0.935616 0.905796 0.680201 0.878273 0.992409 0.682470 0.870356 0.998073 0.964615 0.846561 0.971655
0.498130 0.562668 0.811474 0.899345 0.874837 0.892526 0.731839 0.749571 0.903459 0.780875 0.779804 0.749723 0.825887 0.899091 0.872466 0.992616 0.000000 0.521039 0.597964 0.677853 0.969441 0.969790 0.898585 0.990714 0.878530 0.908349 0.962114 0.950658 0.682028 0.639221 0.934485 0.903838 0.656271 0.734798 0.813043 0.854954 0.881414 0.822720 0.982809 0.986665 0.992421 0.895277 0.835382 0.731979 0.798471 0.714765 0.766136 0.783461 0.756522 0.824067 0.904126 0.997366 0.900407 0.987874 0.750101 0.857027 0.504269 0.633144 0.794043 0.977766 0.633813 0.667943 0.500080 0.509810 0.806690 0.803585 0.897232 0.905328 0.786109 0.747361 0.950951 0.977959 0.992440 0.948912 0.998289 0.980428 0.808602 0.928122 0.814966 0.906178 0.477133 0.575955 0.792820 0.619634 0.722883 0.783568 0.904565 0.786864 0.827051 0.750667 0.831472 0.938802 0.972071 0.990628 0.883777 0.774990 0.845298 0.932886 0.845427 0.792778 0.939595 0.850780 0.878336 0.901144 0.948140 0.943707 0.945768 0.954921 0.856532 0.940313 0.837443 0.921687 0.792881 0.985713 0.891991 0.954575
0.484942 0.570155 0.706964 0.705884 0.859137 0.979630 0.608315 0.612433 0.876754 0.698928 0.780978 0.712738 0.733677 0.828993 0.830375 0.960690 0.521039 0.000000 0.581697 0.660887 0.914678 0.859269 0.813404 0.981486 0.754425 0.861706 0.935666 0.982319 0.686092 0.529327 0.814865 0.853740 0.547929 0.587375 0.794308 0.760279 0.923288 0.847219 0.824441 0.801987 0.900460 0.955603 0.743705 0.670823 0.762548 0.681749 0.638167 0.699862 0.795538 0.867422 0.937047 0.984462 0.974507 0.975262 0.647345 0.775039 0.463766 0.666694 0.734520 0.855691 0.493228 0.544377 0.437102 0.474294 0.691956 0.654375 0.759502 0.770737 0.978472 0.791609 0.878375 0.934838 0.853969 0.962276 0.999298 0.988714 0.844667 0.911324 0.753595 0.850009 0.406855 0.435827 0.790660 0.579075 0.650460 0.681470 0.942657 0.833520 0.777795 0.594074 0.840927 0.984642 0.939262 0.959913 0.796955 0.746725 0.892574 0.954158 0.787480 0.735712 0.867745 0.870317 0.960697 0.901785 0.841108 0.777302 0.929560 0.927714 0.768815 0.849086 0.837081 0.884421 0.858404 0.923996 0.889946 0.946654
0.543970 0.703618 0.685262 0.805439 0.827205 0.947729 0.585832 0.681836 0.888541 0.594884 0.786546 0.806127 0.814773 0.960367 0.950633 0.912946 0.597964 0.581697 0.000000 0.649603 0.930425 0.940134 0.831768 0.927692 0.915105 0.880542 0.940168 0.996431 0.654687 0.662286 0.841982 0.881777 0.592631 0.637866 0.769500 0.896640 0.973154 0.796176 0.883633 0.965073 0.965315 0.902870 0.856191 0.808453 0.919023 0.788659 0.736738 0.829311 0.889496 0.950465 0.970495 0.994489 0.915743 0.896438 0.716132 0.813023 0.601955 0.737962 0.766615 0.915374 0.562157 0.683150 0.452797 0.569532 0.787699 0.754478 0.774644 0.806981 0.792700 0.864906 0.860285 0.993373 0.876807 0.887421 0.995043 0.978092 0.837338 0.837829 0.851394 0.903662 0.549690 0.591887 0.844281 0.671512 0.668948 0.784356 0.894132 0.844470 0.738699 0.737488 0.801660 0.885367 0.880681 0.966064 0.903785 0.821851 0.774246 0.878590 0.772835 0.724097 0.787606 0.846372 0.855595 0.940785 0.921278 0.753579 0.958913 0.894171 0.809429 0.932166 0.818845 0.908334 0.845060 0.896169 0.997890 0.940012
0.725685 0.806837 0.813094 0.819175 0.848042 0.821350 0.734261 0.690351 0.927094 0.655531 0.728442 0.757334 0.801907 0.871174 0.982633 0.959129 0.677853 0.660887 0.649603 0.000000 0.933640 0.882420 0.870921 0.945204 0.944712 0.863828 0.927060 0.720370 0.839363 0.749431 0.906066 0.958709 0.743128 0.719514 0.819945 0.945460 0.940346 0.881159 0.906115 0.883907 0.908658 0.930144 0.896614 0.837429 0.958496 0.879421 0.890221 0.788088 0.990393 0.879126 0.961013 0.924009 0.826293 0.746177 0.939017 0.843248 0.741721 0.665992 0.654374 0.628448 0.679694 0.647147 0.688649 0.633327 0.970573 0.773378 0.857181 0.803588 0.919269 0.782393 0.956500 0.978562 0.897039 0.861466 0.846752 0.989215 0.804613 0.971877 0.839230 0.898098 0.686883 0.697581 0.872326 0.818881 0.847564 0.997466 0.888733 0.976324 0.837497 0.761459 0.932767 0.963188 0.968102 0.868042 0.961354 0.805551 0.758062 0.892668 0.835183 0.877753 0.759898 0.874200 0.827326 0.938603 0.856765 0.867501 0.993082 0.972355 0.839237 0.884415 0.728750 0.962444 0.996107 0.904136 0.932645 0.892852
0.860329 0.983313 0.830773 0.801838 0.870660 0.844060 0.880045 0.889688 0.956526 0.858133 0.831877 0.956461 0.990815 0.902065 0.927089 0.968444 0.969441 0.914678 0.930425 0.933640 0.000000 0.989217 0.946738 0.890224 0.771087 0.835595 0.911896 0.978193 0.895613 0.906605 0.881407 0.966169 0.906736 0.886764 0.913787 0.987694 0.810474 0.963428 0.945322 0.983398 0.978093 0.906268 0.842776 0.838168 0.902551 0.952216 0.797298 0.939165 0.932499 0.992915 0.924105 0.892040 0.860460 0.922394 0.887317 0.988706 0.906442 0.923217 0.923494 0.882291 0.970473 0.973813 0.955751 0.972614 0.887941 0.866255 0.757875 0.817640 0.919780 0.943641 0.948458 0.952576 0.977750 0.991225 0.933384 0.986766 0.912861 0.906360 0.957483 0.915526 0.947751 0.968376 0.899160 0.964988 0.906851 0.894685 0.996738 0.903182 0.975014 0.893686 0.897328 0.975867 0.859979 0.866673 0.890994 0.772081 0.806815 0.949719 0.955602 0.982776 0.828166 0.877281 0.918700 0.921529 0.870873 0.913781 0.976250 0.976859 0.809842 0.961244 0.933594 0.916782 0.912025 0.934247 0.995049 0.865429
0.926116 0.983117 0.978619 0.959247 0.851335 0.853124 0.963151 0.947946 0.991501 0.982505 0.902154 0.811006 0.788302 0.855149 0.900107 0.943804 0.969790 0.859269 0.940134 0.882420 0.989217 0.000000 0.973281 0.992480 0.952494 0.983642 0.922171 0.829170 0.947074 0.992902 0.947295 0.970504 0.989993 0.990667 0.983539 0.999863 0.966187 0.930689 0.989628 0.953827 0.894922 0.887011 0.960121 0.944993 0.977422 0.933411 0.912755 0.975424 0.883955 0.892115 0.824434 0.896082 0.865843 0.977757 0.854089 0.933037 0.847788 0.916607 0.983873 0.995963 0.856120 0.874417 0.930909 0.884170 0.953981 0.970963 0.902354 0.906564 0.979334 0.940834 0.983717 0.913043 0.852706 0.931451 0.973189 0.942740 0.934007 0.994964 0.921214 0.964738 0.965375 0.952842 0.983476 0.981134 0.978104 0.997151 0.797356 0.947711 0.983737 0.950523 0.941154 0.967696 0.874543 0.858021 0.991759 0.980268 0.963369 0.907480 0.955237 0.962020 0.941686 0.760775 0.993066 0.852520 0.979712 0.885935 0.885930 0.946181 0.976716 0.916145 0.920722 0.932615 0.939875 0.921929 0.985800 0.908600
0.984981 0.993014 0.794786 0.851365 0.579556 0.952672 0.781948 0.989968 0.633733 0.848706 0.751126 0.719833 0.953282 0.968120 0.627613 0.938178 0.898585 0.813404 0.831768 0.870921 0.946738 0.973281 0.000000 0.505344 0.858963 0.987499 0.971190 0.942971 0.943838 0.826233 0.572873 0.706754 0.844295 0.963032 0.778543 0.975314 0.804059 0.974880 0.891837 0.970439 0.937558 0.871472 0.804026 0.805176 0.961454 0.998099 0.938071 0.991174 0.973024 0.800927 0.810712 0.640332 0.806908 0.730610 0.960474 0.901685 0.842529 0.844763 0.942412 0.987508 0.834050 0.941362 0.776603 0.868943 0.572274 0.823721 0.960871 0.940248 0.907181 0.982639 0.919485 0.887578 0.744084 0.876152 0.810202 0.972012 0.831986 0.842704 0.795025 0.993445 0.695849 0.615914 0.593211 0.621804 0.423051 0.544975 0.769225 0.572694 0.871428 0.715877 0.924542 0.863907 0.921218 0.959430 0.983245 0.854086 0.862155 0.860149 0.949050 0.804647 0.894149 0.943940 0.857818 0.885745 0.776003 0.825284 0.981065 0.996558 0.850223 0.991263 0.996827 0.977468 0.944395 0.947672 0.929876 0.804363
0.889939 0.923034 0.959759 0.871367 0.694695 0.992268 0.984399 0.886168 0.940575 0.855166 0.772333 0.753082 0.926964 0.937719 0.731188 0.820745 0.990714 0.981486 0.927692 0.945204 0.890224 0.992480 0.505344 0.000000 0.818157 0.796661 0.790667 0.908508 0.945317 0.908409 0.642515 0.720785 0.992760 0.997619 0.895897 0.946047 0.871428 0.817542 0.998457 0.967940 0.944448 0.967838 0.815082 0.842568 0.979048 0.937636 0.958126 0.929580 0.925742 0.968233 0.845702 0.833020 0.927097 0.765443 0.921167 0.918730 0.950054 0.877232 0.741098 0.797140 0.906528 0.847000 0.951614 0.864297 0.635633 0.766349 0.956952 0.893518 0.757254 0.943167 0.937183 0.818099 0.805334 0.902368 0.987919 0.958057 0.773352 0.894872 0.872618 0.867118 0.870240 0.789643 0.712807 0.837826 0.590262 0.518687 0.828853 0.666360 0.927013 0.934274 0.917402 0.979661 0.922985 0.945153 0.896443 0.969245 0.970488 0.821048 0.898926 0.945840 0.932232 0.847373 0.733974 0.808111 0.911878 0.910486 0.927939 0.939793 0.991177 0.941506 0.849302 0.912053 0.957098 0.985508 0.954001 0.991080
0.798968 0.828609 0.706845 0.602748 0.834562 0.819017 0.774489 0.790370 0.956044 0.953964 0.971990 0.985709 0.983319 0.936264 0.989199 0.971953 0.878530 0.754425 0.915105 0.944712 0.771087 0.952494 0.858963 0.818157 0.000000 0.645808 0.822289 0.805705 0.900003 0.915988 0.737147 0.851025 0.767308 0.790238 0.761876 0.875995 0.887663 0.843976 0.836893 0.844629 0.779293 0.883693 0.617490 0.661348 0.608817 0.650839 0.666821 0.648940 0.762694 0.854349 0.764990 0.979177 0.869639 0.813425 0.971726 0.717982 0.804088 0.949505 0.963909 0.779654 0.841809 0.910179 0.832475 0.959496 0.611212 0.647677 0.680118 0.696965 0.764155 0.728847 0.800299 0.667554 0.923495 0.984789 0.836823 0.931692 0.875136 0.927644 0.760057 0.883861 0.667854 0.659626 0.839751 0.755661 0.708171 0.535107 0.979894 0.976649 0.959676 0.836282 0.716581 0.826307 0.710635 0.695621 0.820215 0.795980 0.922807 0.916966 0.849564 0.818680 0.832757 0.955382 0.997518 0.837457 0.957030 0.796913 0.810918 0.891670 0.950691 0.946184 0.926196 0.763378 0.876140 0.978994 0.899232 0.898279
0.773121 0.855659 0.815201 0.676363 0.983286 0.836218 0.831643 0.835551 0.976335 0.930603 0.868302 0.992684 0.901091 0.951222 0.927588 0.971447 0.908349 0.861706 0.880542 0.863828 0.835595 0.983642 0.987499 0.796661 0.645808 0.000000 0.872983 0.737337 0.996807 0.961189 0.807417 0.983362 0.817527 0.809210 0.899836 0.791699 0.830501 0.914365 0.813386 0.892637 0.851031 0.722648 0.775622 0.753429 0.858534 0.836388 0.808293 0.794884 0.807458 0.951006 0.873976 0.828229 0.930944 0.828321 0.816112 0.851114 0.887052 0.824415 0.894017 0.736691 0.939715 0.946537 0.892256 0.969970 0.666236 0.761933 0.710211 0.810103 0.862117 0.975226 0.783730 0.713902 0.883975 0.970868 0.761582 0.910254 0.821671 0.785159 0.937128 0.983885 0.809128 0.837862 0.923650 0.863450 0.839020 0.618145 0.892189 0.963903 0.957087 0.830170 0.774367 0.791311 0.773219 0.739678 0.824660 0.867899 0.988677 0.996984 0.868353 0.855409 0.887487 0.944338 0.963958 0.843369 0.929683 0.839850 0.905828 0.924709 0.998291 0.909487 0.995304 0.901837 0.877189 0.984681 0.892543 0.826830
0.931579 0.998751 0.989887 0.904217 0.899822 0.815318 0.950453 0.990750 0.936486 0.774611 0.887445 0.979886 0.893496 0.972168 0.969574 0.930991 0.962114 0.935666 0.940168 0.927060 0.911896 0.922171 0.971190 0.790667 0.822289 0.872983 0.000000 0.899466 0.944819 0.910324 0.938613 0.960835 0.876495 0.923955 0.853861 0.910039 0.926417 0.904408 0.802330 0.916332 0.872386 0.965030 0.833397 0.903733 0.837626 0.831209 0.948311 0.988540 0.825204 0.782638 0.881788 0.811298 0.959091 0.982361 0.929854 0.869051 0.867339 0.825695 0.798598 0.855203 0.949306 0.950905 0.952919 0.828815 0.814179 0.763818 0.978570 0.993097 0.704979 0.965452 0.956529 0.839972 0.935978 0.980430 0.973872 0.978086 0.993798 0.986360 0.954067 0.810814 0.910372 0.895626 0.977278 0.977488 0.959678 0.749845 0.946792 0.908542 0.858869 0.933156 0.906145 0.958806 0.900689 0.995957 0.904004 0.900997 0.857760 0.852028 0.865152 0.836416 0.971256 0.832458 0.755830 0.801909 0.881494 0.999147 0.958830 0.808722 0.976061 0.978486 0.865096 0.872571 0.974308 0.917873 0.994273 0.964629
0.981463 0.802686 0.907133 0.978405 0.828233 0.818657 0.836277 0.918546 0.881774 0.784733 0.953305 0.985943 0.973148 0.893097 0.981742 0.838700 0.950658 0.982319 0.996431 0.720370 0.978193 0.829170 0.942971 0.908508 0.805705 0.737337 0.899466 0.000000 0.906528 0.987015 0.917216 0.952632 0.965370 0.992344 0.959353 0.949029 0.928418 0.946223 0.963606 0.955051 0.945522 0.951622 0.918937 0.910309 0.886923 0.931697 0.918138 0.942369 0.934955 0.934922 0.943007 0.865962 0.852204 0.832752 0.999852 0.948583 0.980782 0.918088 0.775209 0.762465 0.823853 0.923053 0.973702 0.899683 0.946394 0.985953 0.991552 0.956093 0.956940 0.980461 0.955929 0.828038 0.916940 0.935557 0.891635 0.933424 0.938056 0.857050 0.936117 0.867356 0.971114 0.980745 0.957314 0.984981 0.933917 0.862384 0.968082 0.956104 0.913923 0.946010 0.934718 0.915265 0.967512 0.986394 0.974133 0.973679 0.815365 0.927044 0.942620 0.967589 0.979909 0.901259 0.965652 0.984023 0.960557 0.944182 0.893192 0.901890 0.817832 0.928370 0.828222 0.968812 0.935188 0.966595 0.906164 0.994593
0.717885 0.738748 0.940063 0.979463 0.941252 0.975181 0.904179 0.842144 0.849069 0.771889 0.869969 0.837023 0.868805 0.914440 0.816175 0.974177 0.682028 0.686092 0.654687 0.839363 0.895613 0.947074 0.943838 0.945317 0.900003 0.996807 0.944819 0.906528 0.000000 0.555574 0.942787 0.837267 0.813545 0.762311 0.940633 0.936455 0.976100 0.785456 0.996480 0.964742 0.884031 0.896875 0.974608 0.950520 0.986641 0.952701 0.851532 0.992958 0.920886 0.895672 0.862322 0.899636 0.879717 0.985408 0.865316 0.769545 0.744599 0.809120 0.970814 0.964288 0.801953 0.660848 0.665810 0.671131 0.961293 0.907750 0.959995 0.978943 0.839538 0.891551 0.899538 0.940168 0.835205 0.785899 0.894164 0.885936 0.881010 0.863236 0.894493 0.974110 0.755849 0.815853 0.800923 0.708613 0.938656 0.902521 0.997043 0.901294 0.851067 0.806838 0.977965 0.862027 0.884099 0.808460 0.983211 0.875101 0.999036 0.942285 0.948615 0.900724 0.986239 0.881911 0.913714 0.962423 0.956716 0.954729 0.864560 0.911836 0.992287 0.988917 0.920718 0.982836 0.725148 0.942457 0.981343 0.829100
0.632559 0.641931 0.925693 0.904456 0.886805 0.926111 0.818514 0.757313 0.929832 0.868338 0.943051 0.714264 0.733561 0.682988 0.691427 0.763525 0.639221 0.529327 0.662286 0.749431 0.906605 0.992902 0.826233 0.908409 0.915988 0.961189 0.910324 0.987015 0.555574 0.000000 0.773736 0.754730 0.702011 0.686586 0.878432 0.839353 0.895240 0.934708 0.856228 0.849325 0.983802 0.962013 0.879137 0.844315 0.930297 0.847763 0.696272 0.754826 0.796265 0.920381 0.930229 0.988729 0.905679 0.976541 0.718543 0.761016 0.629000 0.689142 0.868795 0.911928 0.687281 0.612667 0.602113 0.624098 0.804447 0.722854 0.976816 0.887305 0.991213 0.942981 0.962330 0.842986 0.861474 0.829843 0.893884 0.907310 0.937096 0.875852 0.737427 0.743443 0.643339 0.605127 0.690143 0.604831 0.761890 0.765746 0.826700 0.859137 0.795958 0.757097 0.902025 0.836603 0.831836 0.822850 0.866977 0.965983 0.996124 0.983649 0.856701 0.960841 0.992691 0.915700 0.951673 0.980915 0.962431 0.839664 0.948575 0.892733 0.889816 0.978278 0.928152 0.973772 0.827050 0.967005 0.934482 0.993504
0.867622 0.953578 0.797836 0.773140 0.800113 0.974428 0.819356 0.869113 0.890309 0.863735 0.881619 0.850116 0.970303 0.877476 0.736369 0.871248 0.934485 0.814865 0.841982 0.906066 0.881407 0.947295 0.572873 0.642515 0.737147 0.807417 0.938613 0.917216 0.942787 0.773736 0.000000 0.608986 0.642774 0.783891 0.693941 0.919819 0.897868 0.785798 0.914925 0.816779 0.942705 0.934418 0.858255 0.866280 0.704254 0.740566 0.734332 0.649494 0.723199 0.726041 0.680672 0.685443 0.830029 0.743028 0.910443 0.788458 0.821030 0.891039 0.981319 0.981750 0.894591 0.971576 0.827009 0.883208 0.718501 0.772084 0.768044 0.722688 0.835126 0.954175 0.723255 0.728329 0.798611 0.773990 0.978356 0.978949 0.983357 0.908001 0.836996 0.997409 0.759046 0.716673 0.712830 0.692756 0.614280 0.599435 0.915121 0.749958 0.984996 0.875456 0.828799 0.846013 0.820212 0.857754 0.986263 0.866798 0.841090 0.968128 0.750756 0.784842 0.973116 0.962001 0.944828 0.918015 0.917108 0.829534 0.984860 0.872751 0.841335 0.922819 0.912503 0.849115 0.884024 0.890966 0.949316 0.876387
0.969561 0.962212 0.901065 0.967199 0.841950 0.949630 0.969269 0.971371 0.957069 0.966856 0.897962 0.928419 0.994497 0.780319 0.681645 0.778129 0.903838 0.853740 0.881777 0.958709 0.966169 0.970504 0.706754 0.720785 0.851025 0.983362 0.960835 0.952632 0.837267 0.754730 0.608986 0.000000 0.820393 0.808730 0.827391 0.863883 0.931869 0.898899 0.979710 0.759009 0.983381 0.964778 0.972124 0.987808 0.828961 0.919782 0.814958 0.792176 0.991909 0.944671 0.961361 0.871978 0.856454 0.824130 0.826684 0.780193 0.918829 0.956459 0.806875 0.926353 0.937387 0.980041 0.880505 0.908924 0.786730 0.790674 0.897977 0.827346 0.871295 0.992134 0.999983 0.819316 0.855395 0.780885 0.984793 0.871088 0.910733 0.985233 0.806373 0.850803 0.892684 0.756708 0.698342 0.726213 0.721760 0.677184 0.742594 0.720428 0.974310 0.874557 0.931540 0.937606 0.881338 0.979248 0.869338 0.877737 0.975714 0.974798 0.922523 0.918912 0.990118 0.875014 0.876159 0.852535 0.941121 0.986653 0.988094 0.937055 0.935640 0.908548 0.960766 0.841377 0.891382 0.979341 0.886533 0.800693
0.551438 0.596335 0.547491 0.605103 0.975662 0.935989 0.501096 0.554169 0.845994 0.601427 0.823952 0.883077 0.934572 0.986318 0.991708 0.895828 0.656271 0.547929 0.592631 0.743128 0.906736 0.989993 0.844295 0.992760 0.767308 0.817527 0.876495 0.965370 0.813545 0.702011 0.642774 0.820393 0.000000 0.528125 0.733753 0.852433 0.969447 0.968613 0.928934 0.853871 0.795435 0.817859 0.639321 0.571769 0.610143 0.554121 0.698521 0.584302 0.681578 0.772367 0.816697 0.936452 0.986578 0.946209 0.780303 0.890077 0.564254 0.699337 0.670974 0.846054 0.533881 0.665344 0.510831 0.550487 0.715003 0.712095 0.596604 0.601913 0.933172 0.902673 0.877426 0.955713 0.988947 0.893309 0.934779 0.960599 0.793827 0.878855 0.861699 0.976035 0.521062 0.542009 0.834785 0.657820 0.649941 0.758594 0.948303 0.885430 0.826267 0.773341 0.692341 0.779725 0.677960 0.826920 0.737590 0.711712 0.701158 0.836647 0.555268 0.611847 0.802140 0.979539 0.848210 0.693866 0.904498 0.679328 0.877588 0.795732 0.793367 0.839397 0.751445 0.736130 0.799368 0.905778 0.959127 0.961770
0.531617 0.717705 0.597838 0.528874 0.966856 0.891396 0.582145 0.449331 0.972143 0.605286 0.599605 0.725340 0.905520 0.951732 0.839655 0.884988 0.734798 0.587375 0.637866 0.719514 0.886764 0.990667 0.963032 0.997619 0.790238 0.809210 0.923955 0.992344 0.762311 0.686586 0.783891 0.808730 0.528125 0.000000 0.778367 0.697617 0.938354 0.951254 0.791984 0.681531 0.897221 0.840347 0.629946 0.609881 0.790053 0.673632 0.620542 0.607282 0.834322 0.988374 0.898483 0.943578 0.798395 0.730170 0.753806 0.691194 0.682208 0.825702 0.682970 0.703193 0.600394 0.510702 0.587306 0.542053 0.775448 0.551762 0.524485 0.486147 0.970562 0.776996 0.977711 0.855010 0.865682 0.861903 0.976938 0.950069 0.781719 0.746753 0.877183 0.892677 0.644042 0.625057 0.978634 0.751806 0.763801 0.800806 0.912255 0.995853 0.858663 0.649947 0.828884 0.954025 0.786044 0.941163 0.839205 0.705163 0.681656 0.907861 0.571177 0.654330 0.684110 0.941089 0.765138 0.779623 0.802936 0.762802 0.985003 0.834949 0.848507 0.824223 0.708618 0.862952 0.777722 0.998746 0.954211 0.983951
0.797739 0.883888 0.771204 0.714167 0.959446 0.876690 0.783673 0.801905 0.963976 0.830948 0.887040 0.910667 0.976819 0.903364 0.970507 0.859091 0.813043 0.794308 0.769500 0.819945 0.913787 0.983539 0.778543 0.895897 0.761876 0.899836 0.853861 0.959353 0.940633 0.878432 0.693941 0.827391 0.733753 0.778367 0.000000 0.884157 0.882262 0.886546 0.987471 0.871749 0.983290 0.915182 0.760527 0.804430 0.696530 0.681434 0.797493 0.753729 0.792438 0.824573 0.821496 0.824692 0.907881 0.886639 0.864493 0.641946 0.862815 0.890445 0.975973 0.952086 0.808252 0.890090 0.752842 0.757743 0.797146 0.882876 0.773924 0.794940 0.971297 0.797856 0.825505 0.777368 0.896438 0.946561 0.935445 0.971054 0.946330 0.851598 0.759705 0.982282 0.699148 0.674921 0.764392 0.654262 0.743144 0.759387 0.917775 0.839604 0.978905 0.813963 0.744056 0.800913 0.701649 0.861351 0.842706 0.749472 0.801501 0.885683 0.758448 0.763648 0.983040 0.835125 0.844661 0.847768 0.938221 0.834534 0.896533 0.729373 0.867487 0.972958 0.890995 0.844105 0.968273 0.945122 0.831832 0.922048
0.830892 0.901770 0.834955 0.721283 0.977063 0.927276 0.847504 0.734739 0.906000 0.948762 0.792476 0.788205 0.975980 0.902084 0.886465 0.970556 0.854954 0.760279 0.896640 0.945460 0.987694 0.999863 0.975314 0.946047 0.875995 0.791699 0.910039 0.949029 0.936455 0.839353 0.919819 0.863883 0.852433 0.697617 0.884157 0.000000 0.801683 0.932352 0.903102 0.720367 0.941318 0.958037 0.888652 0.884256 0.930599 0.924030 0.914555 0.841473 0.987409 0.911371 0.979702 0.914234 0.944575 0.974522 0.768095 0.830310 0.887583 0.996537 0.950621 0.930154 0.794479 0.769855 0.875932 0.882606 0.760630 0.711001 0.796447 0.738900 0.839892 0.961120 0.813912 0.859006 0.870373 0.970532 0.857002 0.969110 0.919387 0.855309 0.964840 0.929394 0.844045 0.805064 0.919537 0.991147 0.894866 0.847292 0.980520 0.949303 0.934683 0.802561 0.998819 0.948063 0.920320 0.998373 0.772641 0.995169 0.947050 0.994232 0.822834 0.895623 0.987056 0.885916 0.971066 0.937663 0.983382 0.892755 0.899876 0.996596 0.946235 0.910426 0.950201 0.916742 0.929297 0.992100 0.856403 0.945145
0.982815 0.895630 0.996874 0.931211 0.938465 0.910225 0.979350 0.998850 0.967627 0.914424 0.974586 0.996486 0.983532 0.960593 0.929740 0.849833 0.881414 0.923288 0.973154 0.940346 0.810474 0.966187 0.804059 0.871428 0.887663 0.830501 0.926417 0.928418 0.976100 0.895240 0.897868 0.931869 0.969447 0.938354 0.882262 0.801683 0.000000 0.900452 0.903502 0.980738 0.977892 0.886272 0.952959 0.946183 0.954256 0.983493 0.947781 0.888291 0.952745 0.951661 0.923613 0.922903 0.881044 0.868035 0.849028 0.974594 0.931837 0.929179 0.975381 0.978808 0.987560 0.995607 0.986271 0.976885 0.857144 0.916738 0.966920 0.913810 0.946550 0.952024 0.875338 0.838030 0.999429 0.808031 0.856272 0.981565 0.975499 0.851470 0.818357 0.893647 0.943162 0.966399 0.860019 0.881742 0.909931 0.890864 0.925195 0.921078 0.971192 0.917260 0.963834 0.947576 0.916341 0.999825 0.982481 0.948951 0.878338 0.960372 0.952943 0.896490 0.976316 0.901007 0.860242 0.957556 0.893713 0.840688 0.914116 0.978743 0.993503 0.963181 0.954301 0.868304 0.866331 0.809939 0.731571 0.995563
0.853543 0.955121 0.934664 0.894901 0.807858 0.863444 0.890177 0.957058 0.816401 0.872544 0.887654 0.895254 0.799560 0.942468 0.898443 0.919305 0.822720 0.847219 0.796176 0.881159 0.963428 0.930689 0.974880 0.817542 0.843976 0.914365 0.904408 0.946223 0.785456 0.934708 0.785798 0.898899 0.968613 0.951254 0.886546 0.932352 0.900452 0.000000 0.998047 0.991112 0.949719 0.842293 0.790181 0.779197 0.723167 0.709792 0.834924 0.784903 0.763302 0.799856 0.671761 0.771301 0.944889 0.850495 0.955562 0.972453 0.911133 0.827825 0.943359 0.940615 0.755694 0.857051 0.855184 0.866768 0.960614 0.965643 0.799961 0.731755 0.864714 0.997388 0.801349 0.777238 0.894773 0.873448 0.962201 0.999658 0.945425 0.961433 0.970779 0.974245 0.925632 0.951858 0.936468 0.997155 0.997686 0.955426 0.972835 0.949544 0.840681 0.833682 0.942633 0.890888 0.840042 0.831331 0.853772 0.995235 0.962771 0.931271 0.933121 0.943972 0.891927 0.878513 0.858492 0.806943 0.940717 0.876452 0.986457 0.851630 0.990800 0.959747 0.988811 0.938224 0.918348 0.813057 0.990786 0.926741
