0.000000 0.365502 0.809230 0.632250 0.909112 0.945961 0.932446 0.733036 0.770863 0.888235 0.452583 0.385889 0.526528 0.397405 0.674864 0.648960 0.471995 0.372136 0.495173 0.365428 0.740726 0.967335 0.766135 0.664289 0.767972 0.821514 0.926429 0.912863 0.646432 0.552144 0.893531 0.841769 0.540760 0.590618 0.976977 0.983476 0.717520 0.738863 0.699744 0.857294 0.836928 0.754751 0.872461 0.865957 0.927750 0.969596 0.809153 0.733608 0.934544 0.869426 0.954456 0.955215 0.914877 0.831778 0.697228 0.770001 0.341547 0.338061 0.724732 0.692075 0.704349 0.758793 0.610194 0.484796 0.902886 0.858948 0.832885 0.911321 0.355147 0.466685 0.921136 0.947582 0.847305 0.879752 0.797428 0.926692 0.827501 0.975627 0.593439 0.586873 0.412774 0.432524 0.470065 0.463717 0.484366 0.553437 0.870583 0.874202 0.738779 0.558295 0.845799 0.718693 0.876277 0.747594 0.950183 0.870640 0.982659 0.816458 0.986512 0.971674 0.919409 0.953642 0.916461 0.656257 0.889061 0.731976 0.964885 0.964420 0.995802 0.718922 0.991725 0.873437 0.946461 0.760934 0.966830 0.848588
0.365502 0.000000 0.704767 0.502755 0.836019 0.960302 0.852350 0.587615 0.994724 0.991325 0.637783 0.406041 0.622160 0.425852 0.702624 0.581945 0.558227 0.491289 0.527159 0.408218 0.786685 0.915179 0.759095 0.680812 0.733859 0.728822 0.913685 0.930792 0.714733 0.714739 0.802536 0.817292 0.600429 0.611063 0.971684 0.999687 0.630968 0.597539 0.617293 0.841885 0.867793 0.693252 0.900596 0.711583 0.984042 0.876046 0.784369 0.749766 0.848236 0.779564 0.896002 0.845648 0.895580 0.999232 0.762085 0.740138 0.292751 0.290412 0.848955 0.835178 0.772233 0.637448 0.764609 0.583713 0.814064 0.865226 0.909432 0.963110 0.451962 0.440632 0.761114 0.810291 0.888345 0.988716 0.823203 0.923806 0.677560 0.988294 0.558911 0.620370 0.443890 0.490651 0.571101 0.523913 0.548553 0.649232 0.939098 0.968394 0.735847 0.585772 0.958277 0.885438 0.949641 0.906277 0.857298 0.974288 0.878997 0.897094 0.954727 0.942643 0.900739 0.943668 0.939228 0.747968 0.932605 0.795147 0.798471 0.815333 0.957009 0.662728 0.869049 0.978223 0.941485 0.646832 0.987647 0.900405
0.809230 0.704767 0.000000 0.508531 0.979828 0.828071 0.807107 0.735965 0.656026 0.998095 0.972155 0.771718 0.593801 0.763035 0.544162 0.532112 0.948064 0.986364 0.774457 0.738139 0.781323 0.950030 0.530512 0.616152 0.511470 0.572120 0.746900 0.856293 0.924346 0.909518 0.607752 0.662353 0.849833 0.841412 0.733663 0.921043 0.612030 0.784295 0.741498 0.736733 0.907754 0.838096 0.801087 0.762705 0.945521 0.996706 0.795920 0.789853 0.938260 0.904416 0.984156 0.871005 0.976859 0.980207 0.834640 0.987542 0.786842 0.769474 0.997688 0.911827 0.768549 0.560050 0.850435 0.963052 0.468597 0.566624 0.970302 0.889967 0.779953 0.852989 0.689914 0.739350 0.788328 0.822542 0.996948 0.985571 0.593181 0.790752 0.961130 0.766141 0.995408 0.908893 0.839669 0.904603 0.765556 0.676663 0.933396 0.743858 0.743322 0.776164 0.952105 0.971120 0.917569 0.911537 0.738639 0.849546 0.734946 0.921508 0.927091 0.838842 0.687185 0.918482 0.973713 0.925560 0.966097 0.818496 0.811209 0.906302 0.818667 0.870385 0.967789 0.909465 0.867172 0.832805 0.670758 0.893052
0.632250 0.502755 0.508531 0.000000 0.929793 0.964911 0.828896 0.488350 0.893944 0.993864 0.881605 0.538091 0.659663 0.588441 0.699939 0.538610 0.880529 0.788271 0.643281 0.675801 0.634088 0.848173 0.597222 0.490825 0.489726 0.522248 0.696603 0.981978 0.992616 0.906986 0.711470 0.684857 0.743128 0.775004 0.827417 0.903056 0.579850 0.662128 0.604460 0.793624 0.974631 0.721047 0.968423 0.759508 0.787064 0.909136 0.930263 0.879460 0.834648 0.991412 0.925477 0.984581 0.892602 0.861884 0.884986 0.894449 0.535906 0.526652 0.978905 0.888919 0.860713 0.612979 0.983810 0.818634 0.571165 0.646132 0.973108 0.983818 0.632798 0.703894 0.806385 0.786003 0.961951 0.963423 0.977887 0.987419 0.669712 0.938672 0.819290 0.906725 0.884884 0.830015 0.739733 0.753921 0.777416 0.597389 0.978537 0.851001 0.738985 0.590786 0.898216 0.790728 0.975148 0.875527 0.819533 0.828606 0.919812 0.864829 0.950747 0.946934 0.767102 0.882108 0.923251 0.931235 0.836187 0.774234 0.873015 0.971593 0.941969 0.825067 0.884614 0.803851 0.874046 0.740417 0.775811 0.950593
0.909112 0.836019 0.979828 0.929793 0.000000 0.887304 0.751819 0.916271 0.954988 0.914704 0.894177 0.964844 0.855684 0.972104 0.928702 0.962587 0.989596 0.984349 0.934043 0.857777 0.878838 0.999753 0.876993 0.911258 0.985895 0.928811 0.937713 0.953260 0.952758 0.895716 0.786302 0.997070 0.945417 0.868482 0.898873 0.796891 0.909113 0.825604 0.966812 0.930773 0.861622 0.794988 0.941450 0.941899 0.968158 0.970966 0.985159 0.990558 0.946443 0.928892 0.982375 0.996966 0.935185 0.926002 0.903086 0.906107 0.762988 0.850733 0.816073 0.848910 0.754210 0.940328 0.858448 0.927229 0.991648 0.832889 0.777803 0.703155 0.931553 0.763108 0.854077 0.904302 0.865018 0.788721 0.985093 0.976376 0.960799 0.731783 0.890683 0.950813 0.914273 0.859218 0.938703 0.948199 0.998755 0.970575 0.967438 0.928960 0.832802 0.912619 0.958002 0.946324 0.933656 0.903260 0.954353 0.877088 0.928415 0.997985 0.914424 0.817069 0.879826 0.826786 0.840880 0.898476 0.763976 0.727982 0.988625 0.982935 0.842090 0.912233 0.872997 0.891706 0.981067 0.796488 0.758396 0.973010
0.945961 0.960302 0.828071 0.964911 0.887304 0.000000 0.995389 0.996734 0.780445 0.884958 0.907936 0.961771 0.958594 0.915263 0.853687 0.823865 0.870192 0.821990 0.873745 0.968246 0.891804 0.923931 0.973667 0.938212 0.876200 0.817725 0.851655 0.775154 0.955891 0.976406 0.849382 0.980858 0.927658 0.928269 0.993711 0.973354 0.818594 0.966598 0.982461 0.864620 0.779249 0.804416 0.871635 0.914239 0.905805 0.914668 0.935499 0.911011 0.917976 0.947857 0.911673 0.981630 0.965798 0.970848 0.920241 0.865860 0.805266 0.904993 0.911441 0.990381 0.980635 0.796632 0.810307 0.875845 0.876623 0.839416 0.886639 0.980762 0.984084 0.986122 0.771129 0.816939 0.733436 0.767358 0.902335 0.886752 0.846680 0.844928 0.926134 0.894192 0.870144 0.922838 0.896046 0.817232 0.941446 0.952314 0.806997 0.958679 0.928064 0.950034 0.999749 0.923265 0.987812 0.890708 0.945965 0.998081 0.877119 0.978015 0.958381 0.945422 0.988649 0.868824 0.886780 0.841036 0.939093 0.951324 0.999779 0.943030 0.833434 0.833086 0.958668 0.995385 0.970707 0.948538 0.998278 0.819224
0.932446 0.852350 0.807107 0.828896 0.751819 0.995389 0.000000 0.360726 0.811430 0.475341 0.875367 0.750461 0.696550 0.957949 0.847608 0.988588 0.755620 0.809781 0.654513 0.991521 0.812524 0.943079 0.759775 0.773679 0.720393 0.832127 0.801085 0.613578 0.750479 0.792889 0.610281 0.864403 0.590476 0.466303 0.875317 0.874828 0.872973 0.760524 0.807567 0.815549 0.880648 0.990233 0.496208 0.479817 0.547605 0.543159 0.622062 0.587916 0.578027 0.559665 0.530838 0.522248 0.644183 0.643387 0.859803 0.762742 0.857950 0.794349 0.433771 0.560872 0.379410 0.690062 0.544576 0.548550 0.855874 0.907929 0.377877 0.430250 0.966392 0.960744 0.646399 0.694527 0.969355 0.948593 0.913800 0.887725 0.589597 0.885089 0.653308 0.911312 0.881912 0.851005 0.997773 0.903740 0.938624 0.792149 0.998494 0.765826 0.980561 0.937161 0.663370 0.661557 0.699486 0.750999 0.731727 0.849571 0.661495 0.665396 0.440835 0.483309 0.698127 0.662547 0.626758 0.640566 0.715311 0.695529 0.753388 0.669856 0.769998 0.842201 0.630534 0.610571 0.516830 0.797706 0.600829 0.977117
0.733036 0.587615 0.735965 0.488350 0.916271 0.996734 0.360726 0.000000 0.853957 0.549225 0.872020 0.523744 0.616356 0.721793 0.787517 0.738234 0.706632 0.720013 0.564027 0.818444 0.969954 0.855611 0.667862 0.902368 0.999960 0.938608 0.989503 0.725631 0.834297 0.831703 0.586097 0.798052 0.569810 0.477583 0.877110 0.908655 0.895586 0.989024 0.904466 0.911359 0.906613 0.826070 0.589493 0.450082 0.739803 0.664897 0.658604 0.641984 0.732650 0.633950 0.650326 0.635075 0.732505 0.752847 0.875577 0.749996 0.618922 0.569213 0.540325 0.618568 0.456156 0.532085 0.630852 0.526961 0.940480 0.914190 0.505336 0.567609 0.875808 0.812240 0.618682 0.662747 0.964105 0.973777 0.879594 0.938339 0.538125 0.927867 0.593432 0.906202 0.849340 0.987900 0.867930 0.970486 0.935018 0.951091 0.960953 0.734294 0.817217 0.815094 0.774701 0.863151 0.747863 0.900047 0.754625 0.900716 0.714463 0.666272 0.597582 0.564028 0.838721 0.848999 0.756349 0.668365 0.690667 0.749515 0.761738 0.724792 0.828565 0.747536 0.642316 0.816232 0.580128 0.725041 0.682980 0.943435
0.770863 0.994724 0.656026 0.893944 0.954988 0.780445 0.811430 0.853957 0.000000 0.635596 0.792261 0.968020 0.949965 0.868112 0.697244 0.779623 0.762593 0.704509 0.991704 0.882041 0.997648 0.879045 0.746724 0.935505 0.869804 0.799534 0.957415 0.903616 0.992935 0.843785 0.610650 0.863837 0.949411 0.978570 0.772312 0.873373 0.853557 0.991199 0.964319 0.961570 0.976863 0.894273 0.550929 0.712571 0.840299 0.886562 0.795584 0.950697 0.919869 0.893243 0.826911 0.812941 0.789312 0.754046 0.933863 0.925208 0.845755 0.875035 0.885300 0.971610 0.862024 0.641348 0.746652 0.819353 0.756671 0.855841 0.969526 0.987818 0.837190 0.714795 0.510877 0.579820 0.721316 0.780567 0.931137 0.851969 0.666084 0.673322 0.960030 0.911500 0.765667 0.773921 0.712724 0.724031 0.908594 0.811828 0.733559 0.664871 0.934365 0.853477 0.659696 0.673973 0.788843 0.789129 0.933928 0.814804 0.831522 0.974629 0.678418 0.640307 0.982172 0.815383 0.917402 0.878340 0.920097 0.923923 0.701301 0.856863 0.861930 0.976760 0.935982 0.932489 0.732961 0.888581 0.827944 0.687385
0.888235 0.991325 0.998095 0.993864 0.914704 0.884958 0.475341 0.549225 0.635596 0.000000 0.982126 0.913816 0.926939 0.859359 0.920225 0.992553 0.918897 0.955770 0.903874 0.810343 0.865776 0.930256 0.940722 0.663371 0.695404 0.831531 0.682119 0.740689 0.865090 0.985936 0.577418 0.808523 0.711031 0.711918 0.930748 0.976418 0.852834 0.736713 0.782663 0.839055 0.979475 0.883360 0.460102 0.514675 0.544698 0.523933 0.625641 0.786402 0.565322 0.633452 0.521880 0.542351 0.534307 0.596406 0.968947 0.987673 0.987042 0.956944 0.642837 0.756051 0.570736 0.691845 0.769189 0.726648 0.773103 0.733624 0.629032 0.674842 0.821195 0.840542 0.586569 0.639589 0.947166 0.878652 0.976473 0.838776 0.594826 0.833278 0.732838 0.949650 0.947300 0.610084 0.708261 0.607518 0.681011 0.546471 0.773123 0.487021 0.828983 0.712484 0.669460 0.641607 0.750337 0.779966 0.966083 0.976670 0.686536 0.763774 0.455061 0.588336 0.746371 0.722345 0.622228 0.749649 0.814962 0.908507 0.868842 0.710973 0.787075 0.863272 0.695469 0.713615 0.568613 0.888189 0.824050 0.923087
0.452583 0.637783 0.972155 0.881605 0.894177 0.907936 0.875367 0.872020 0.792261 0.982126 0.000000 0.534796 0.645711 0.600571 0.790316 0.858497 0.438276 0.383036 0.609609 0.455086 0.861421 0.962513 0.891171 0.946176 0.960355 0.994217 0.987406 0.886636 0.561295 0.434908 0.799968 0.797801 0.606235 0.626294 0.876494 0.987032 0.965875 0.918723 0.903468 0.959388 0.784067 0.726983 0.781144 0.970533 0.842279 0.885123 0.930278 0.898728 0.960490 0.934278 0.830242 0.878581 0.794934 0.762195 0.812593 0.942703 0.567501 0.571064 0.802942 0.751202 0.763718 0.939485 0.510357 0.463629 0.828153 0.936883 0.910682 0.956303 0.407848 0.600803 0.973059 0.969473 0.784636 0.771634 0.859546 0.868525 0.910048 0.803669 0.666511 0.811889 0.541629 0.660316 0.615924 0.595338 0.755879 0.823527 0.966738 0.925056 0.994759 0.877349 0.785387 0.699521 0.745639 0.769825 0.997408 0.772123 0.969059 0.831513 0.899111 0.879625 0.975012 0.988600 0.916190 0.646897 0.863861 0.625468 0.964851 0.956727 0.985448 0.837235 0.990557 0.868753 0.958036 0.963119 0.986060 0.804653
0.385889 0.406041 0.771718 0.538091 0.964844 0.961771 0.750461 0.523744 0.968020 0.913816 0.534796 0.000000 0.437053 0.351949 0.589068 0.508783 0.475720 0.382986 0.396297 0.409346 0.807588 0.943602 0.589213 0.691960 0.798003 0.857831 0.927930 0.830548 0.618544 0.525106 0.678645 0.657122 0.484242 0.531813 0.987445 0.969806 0.678245 0.734890 0.802391 0.963647 0.813670 0.748780 0.920489 0.710814 0.965642 0.957497 0.754711 0.773668 0.955756 0.940701 0.969262 0.943046 0.986123 0.970023 0.785259 0.797504 0.406654 0.384648 0.740493 0.779678 0.591454 0.588524 0.570079 0.416658 0.956323 0.860300 0.784413 0.844599 0.458066 0.568240 0.712665 0.683460 0.737310 0.804668 0.840171 0.995622 0.708843 0.892585 0.489743 0.709353 0.490682 0.568120 0.566844 0.556105 0.609763 0.682212 0.959512 0.943738 0.754151 0.639086 0.981012 0.812896 0.962143 0.847928 0.911033 0.871979 0.918575 0.775955 0.892378 0.886305 0.999759 0.948821 0.887805 0.615129 0.737744 0.681679 0.961329 0.830445 0.915283 0.691941 0.918076 0.919506 0.896540 0.778042 0.858213 0.882635
0.526528 0.622160 0.593801 0.659663 0.855684 0.958594 0.696550 0.616356 0.949965 0.926939 0.645711 0.437053 0.000000 0.462947 0.442864 0.502523 0.687388 0.588821 0.471915 0.556182 0.819794 0.925447 0.450972 0.674140 0.754768 0.840329 0.917763 0.735476 0.678632 0.606779 0.599266 0.675261 0.529573 0.559578 0.841792 0.935690 0.764717 0.930530 0.867449 0.976840 0.959997 0.926088 0.791886 0.680127 0.889268 0.830395 0.637161 0.640402 0.883898 0.812333 0.877148 0.778630 0.929493 0.920443 0.772097 0.811517 0.644939 0.593473 0.690128 0.700525 0.467093 0.524909 0.670251 0.593307 0.768417 0.713970 0.699289 0.658736 0.618985 0.717093 0.705981 0.713504 0.712095 0.733283 0.936212 0.979175 0.710640 0.798905 0.674754 0.615697 0.681915 0.685622 0.711258 0.663689 0.554769 0.611148 0.859862 0.929996 0.648244 0.646138 0.969207 0.938109 0.931291 0.884009 0.857552 0.851129 0.727225 0.764842 0.792418 0.762877 0.974233 0.789853 0.813382 0.652556 0.772295 0.710528 0.998903 0.981012 0.796232 0.778431 0.815895 0.986916 0.831615 0.746871 0.655387 0.993767
0.397405 0.425852 0.763035 0.588441 0.972104 0.915263 0.957949 0.721793 0.868112 0.859359 0.600571 0.351949 0.462947 0.000000 0.617877 0.479226 0.539859 0.418488 0.441666 0.398817 0.759183 0.995422 0.619220 0.559150 0.661157 0.764431 0.965859 0.890561 0.698498 0.565136 0.832737 0.676322 0.549308 0.717372 0.977196 0.895058 0.599813 0.615020 0.682231 0.803165 0.895891 0.773053 0.980460 0.840177 0.925089 0.975019 0.875085 0.871887 0.973475 0.969548 0.990977 0.995345 0.989315 0.989624 0.785223 0.794674 0.425021 0.430401 0.925014 0.922502 0.759531 0.602676 0.725262 0.578573 0.861519 0.765558 0.927027 0.964053 0.500635 0.539146 0.791097 0.783862 0.759125 0.860167 0.889188 0.884599 0.830899 0.923999 0.650524 0.694434 0.465876 0.463971 0.472241 0.448198 0.478256 0.489364 0.793953 0.924754 0.622765 0.539452 0.942558 0.782841 0.932111 0.816286 0.911866 0.889896 0.948767 0.837527 0.984071 0.985499 0.904400 0.966632 0.995418 0.659264 0.889489 0.808688 0.994524 0.934406 0.979164 0.746487 0.926784 0.940379 0.959498 0.753600 0.983935 0.907615
0.674864 0.702624 0.544162 0.699939 0.928702 0.853687 0.847608 0.787517 0.697244 0.920225 0.790316 0.589068 0.442864 0.617877 0.000000 0.418937 0.794441 0.755587 0.542077 0.641413 0.767655 0.958854 0.437066 0.681526 0.724813 0.879017 0.937012 0.841768 0.619046 0.595201 0.510882 0.599654 0.558294 0.685319 0.800671 0.943475 0.659792 0.907715 0.891006 0.849012 0.949822 0.964349 0.759461 0.693653 0.957835 0.916755 0.643609 0.654607 0.965974 0.942633 0.950445 0.827429 0.994948 0.999450 0.855326 0.953731 0.727905 0.723238 0.848286 0.819268 0.606257 0.608797 0.817759 0.735059 0.712219 0.710718 0.863311 0.794124 0.703045 0.872269 0.611067 0.698537 0.653403 0.763129 0.905528 0.965752 0.707765 0.663506 0.763804 0.685508 0.735749 0.765919 0.747779 0.817596 0.608777 0.694348 0.957339 0.874639 0.799392 0.862199 0.913076 0.867157 0.756545 0.790768 0.917674 0.940301 0.914097 0.981402 0.878604 0.821823 0.766219 0.871443 0.918329 0.806198 0.931582 0.669735 0.959323 0.998698 0.757807 0.798098 0.940163 0.896229 0.995944 0.800214 0.634114 0.949664
0.648960 0.581945 0.532112 0.538610 0.962587 0.823865 0.988588 0.738234 0.779623 0.992553 0.858497 0.508783 0.502523 0.479226 0.418937 0.000000 0.838709 0.780020 0.607164 0.565385 0.709271 0.980627 0.429619 0.486573 0.505659 0.656563 0.850678 0.948070 0.772216 0.715476 0.566874 0.571462 0.699853 0.806661 0.850685 0.963591 0.522574 0.637959 0.622096 0.763950 0.948143 0.756472 0.859149 0.780170 0.877176 0.947626 0.800269 0.868276 0.841824 0.908529 0.942836 0.973737 0.974030 0.981098 0.885762 0.942308 0.664029 0.691575 0.956402 0.995140 0.761595 0.492226 0.966543 0.852139 0.580123 0.559784 0.972696 0.936466 0.692858 0.703846 0.585857 0.689780 0.575824 0.765647 0.914397 0.930502 0.754387 0.781602 0.822687 0.755883 0.806626 0.736854 0.667089 0.751822 0.634834 0.549444 0.987082 0.830945 0.728537 0.689165 0.857360 0.756244 0.784918 0.718642 0.943840 0.968329 0.975363 0.969341 0.970051 0.930466 0.699540 0.949771 0.907140 0.920935 0.987453 0.840227 0.971877 0.954848 0.873084 0.791903 0.998163 0.756288 0.974087 0.864267 0.820231 0.934943
0.471995 0.558227 0.948064 0.880529 0.989596 0.870192 0.755620 0.706632 0.762593 0.918897 0.438276 0.475720 0.687388 0.539859 0.794441 0.838709 0.000000 0.287905 0.537224 0.482210 0.931182 0.942096 0.959151 0.931608 0.858248 0.779706 0.873832 0.870839 0.424520 0.340770 0.845031 0.849338 0.483394 0.494630 0.803588 0.901681 0.896900 0.901139 0.953593 0.957833 0.788894 0.741512 0.959397 0.785085 0.928655 0.875583 0.800465 0.775569 0.819392 0.831054 0.895501 0.859778 0.948592 0.995733 0.875674 0.781850 0.454100 0.444793 0.646929 0.787596 0.643739 0.920682 0.366931 0.305169 0.679794 0.777016 0.715622 0.842661 0.499299 0.591293 0.878531 0.959988 0.824620 0.878111 0.766321 0.926757 0.847737 0.944915 0.482683 0.756452 0.391472 0.673581 0.595244 0.673394 0.786681 0.909478 0.982739 0.994865 0.986548 0.906173 0.902005 0.767289 0.841366 0.780803 0.937271 0.673360 0.995397 0.760631 0.910241 0.982958 0.934728 0.972738 0.822571 0.505167 0.844238 0.707282 0.963722 0.813597 0.883164 0.763536 0.953063 0.920688 0.909251 0.884771 0.976581 0.763329
0.372136 0.491289 0.986364 0.788271 0.984349 0.821990 0.809781 0.720013 0.704509 0.955770 0.383036 0.382986 0.588821 0.418488 0.755587 0.780020 0.287905 0.000000 0.417703 0.381746 0.893545 0.937615 0.833009 0.879399 0.975652 0.914580 0.953532 0.882900 0.474021 0.368015 0.867942 0.794529 0.460137 0.473996 0.841738 0.942747 0.874138 0.835479 0.882116 0.910842 0.807551 0.736711 0.888657 0.842485 0.990567 0.941822 0.864959 0.771560 0.904545 0.932231 0.996930 0.978445 0.943452 0.895661 0.854738 0.753758 0.386944 0.396254 0.666755 0.769287 0.671796 0.886405 0.388352 0.330053 0.806168 0.922626 0.754422 0.845031 0.422651 0.536127 0.938710 0.973655 0.838950 0.900172 0.774386 0.918464 0.953845 0.959416 0.479244 0.726142 0.345466 0.508385 0.491905 0.472080 0.642296 0.741511 0.865895 0.871162 0.897148 0.753373 0.869124 0.702557 0.819625 0.747987 0.904307 0.778358 0.960186 0.767338 0.995297 0.961553 0.989900 0.960650 0.898843 0.529810 0.799185 0.662296 0.981334 0.845310 0.971203 0.811861 0.991583 0.975642 0.999013 0.816982 0.979822 0.785779
0.495173 0.527159 0.774457 0.643281 0.934043 0.873745 0.654513 0.564027 0.991704 0.903874 0.609609 0.396297 0.471915 0.441666 0.542077 0.607164 0.537224 0.417703 0.000000 0.490796 0.867724 0.955275 0.494779 0.759529 0.907349 0.987719 0.964386 0.773013 0.578415 0.511456 0.633340 0.627848 0.410809 0.470326 0.950143 0.895929 0.773165 0.920724 0.883185 0.998647 0.977701 0.863810 0.744079 0.621427 0.822944 0.761693 0.598389 0.578732 0.789148 0.808062 0.833491 0.775782 0.929690 0.949123 0.863279 0.754141 0.485734 0.501028 0.598037 0.654390 0.501760 0.660148 0.506193 0.424811 0.958770 0.856539 0.640875 0.618051 0.609956 0.698393 0.762198 0.780516 0.880880 0.911085 0.828136 0.944808 0.826229 0.903077 0.505068 0.725173 0.507915 0.629857 0.597806 0.550257 0.552356 0.682446 0.848536 0.980325 0.776070 0.719815 0.974381 0.857947 0.928875 0.838270 0.818600 0.803308 0.911578 0.729242 0.797990 0.773433 0.964024 0.939840 0.869316 0.557757 0.796877 0.621643 0.931438 0.863685 0.866043 0.740515 0.881698 0.914021 0.847582 0.682139 0.759205 0.919727
0.365428 0.408218 0.738139 0.675801 0.857777 0.968246 0.991521 0.818444 0.882041 0.810343 0.455086 0.409346 0.556182 0.398817 0.641413 0.565385 0.482210 0.381746 0.490796 0.000000 0.775882 0.978281 0.715621 0.615552 0.743779 0.814518 0.821223 0.925264 0.591839 0.509769 0.820316 0.790817 0.624537 0.667107 0.994530 0.969142 0.657739 0.634264 0.715418 0.786872 0.795566 0.671678 0.872876 0.947946 0.825176 0.883181 0.885075 0.859608 0.912848 0.952451 0.844201 0.889884 0.826578 0.756192 0.791005 0.852616 0.407997 0.409095 0.911125 0.870534 0.826835 0.732498 0.699535 0.573406 0.877204 0.816130 0.996049 0.990995 0.386577 0.437311 0.911699 0.952233 0.704057 0.833996 0.770048 0.845828 0.855861 0.961396 0.635334 0.668906 0.454211 0.417516 0.520400 0.418065 0.510677 0.567553 0.998763 0.881846 0.793930 0.617066 0.839376 0.661732 0.787468 0.714623 0.897991 0.856688 0.961843 0.849058 0.857274 0.900725 0.810677 0.892251 0.943165 0.755474 0.943705 0.759397 0.975837 0.960099 0.920671 0.761515 0.965599 0.838910 0.860572 0.830342 0.968314 0.849949
0.740726 0.786685 0.781323 0.634088 0.878838 0.891804 0.812524 0.969954 0.997648 0.865776 0.861421 0.807588 0.819794 0.759183 0.767655 0.709271 0.931182 0.893545 0.867724 0.775882 0.000000 0.871919 0.728208 0.634793 0.673338 0.803662 0.926516 0.960083 0.972289 0.904322 0.907174 0.709080 0.880455 0.941740 0.933459 0.924315 0.734332 0.787752 0.749539 0.845850 0.879982 0.819855 0.835522 0.945804 0.773942 0.841458 0.979417 0.983613 0.795388 0.848374 0.814713 0.865158 0.813753 0.795752 0.928033 0.875000 0.761938 0.771331 0.861140 0.892421 0.910440 0.933961 0.964710 0.976680 0.763382 0.844657 0.845995 0.778958 0.700590 0.853392 0.933227 0.969750 0.994997 0.986781 0.960942 0.942349 0.901352 0.846758 0.976223 0.929539 0.943633 0.864469 0.748893 0.844086 0.843295 0.711548 0.897098 0.937291 0.903399 0.759016 0.795410 0.689412 0.809498 0.804999 0.968549 0.858970 0.937624 0.978672 0.812759 0.907413 0.750932 0.863107 0.849248 0.996825 0.953204 0.977062 0.953658 0.845157 0.926620 0.966938 0.835059 0.674604 0.766573 0.846059 0.815951 0.901753
0.967335 0.915179 0.950030 0.848173 0.999753 0.923931 0.943079 0.855611 0.879045 0.930256 0.962513 0.943602 0.925447 0.995422 0.958854 0.980627 0.942096 0.937615 0.955275 0.978281 0.871919 0.000000 0.961225 0.992134 0.932725 0.997051 0.920992 0.977885 0.855197 0.931735 0.900802 0.960502 0.942841 0.970241 0.873775 0.868321 0.924396 0.990753 0.905570 0.857897 0.862734 0.950701 0.909186 0.793056 0.891932 0.858033 0.992817 0.918788 0.872124 0.826319 0.851322 0.877332 0.913866 0.877675 0.892205 0.885879 0.925138 0.921891 0.990842 0.977667 0.981239 0.989435 0.977906 0.976147 0.987239 0.938621 0.995492 0.991580 0.907464 0.979170 0.934528 0.985786 0.803392 0.807147 0.981972 0.986854 0.910913 0.941893 0.997765 0.952126 0.920487 0.956011 0.967696 0.984317 0.981234 0.998534 0.890700 0.969698 0.996948 0.985076 0.903865 0.938794 0.893965 0.979875 0.998767 0.944928 0.868508 0.985153 0.985065 0.829203 0.998899 0.897903 0.923179 0.942328 0.952138 0.973871 0.904281 0.823315 0.942687 0.970672 0.926633 0.854739 0.917589 0.839499 0.911961 0.945685
0.766135 0.759095 0.530512 0.597222 0.876993 0.973667 0.759775 0.667862 0.746724 0.940722 0.891171 0.589213 0.450972 0.619220 0.437066 0.429619 0.959151 0.833009 0.494779 0.715621 0.728208 0.961225 0.000000 0.580853 0.642175 0.787354 0.913780 0.764082 0.799244 0.762630 0.468541 0.494555 0.652114 0.737906 0.863838 0.966294 0.762313 0.901824 0.887491 0.999648 0.937127 0.968267 0.713930 0.705537 0.974693 0.942933 0.652940 0.714089 0.934508 0.945152 0.998268 0.912561 0.957377 0.981692 0.992089 0.992874 0.813917 0.832270 0.834330 0.824868 0.600430 0.554294 0.888682 0.800148 0.626606 0.568516 0.781693 0.704973 0.832529 0.902539 0.660370 0.677234 0.684087 0.867593 0.986951 0.996139 0.776539 0.788598 0.845382 0.807505 0.901924 0.822719 0.725634 0.758421 0.609153 0.627602 0.969283 0.939084 0.742969 0.686856 0.950299 0.865711 0.879461 0.913126 0.837252 0.923136 0.914131 0.829366 0.866300 0.747842 0.880444 0.867921 0.981358 0.864503 0.883831 0.722093 0.976611 0.961553 0.862893 0.901629 0.838679 0.899959 0.887138 0.815493 0.516573 0.986272
0.664289 0.680812 0.616152 0.490825 0.911258 0.938212 0.773679 0.902368 0.935505 0.663371 0.946176 0.691960 0.674140 0.559150 0.681526 0.486573 0.931608 0.879399 0.759529 0.615552 0.634793 0.992134 0.580853 0.000000 0.380207 0.499370 0.616461 0.939916 0.930933 0.972955 0.928315 0.770666 0.976018 0.962409 0.804403 0.944484 0.619001 0.586807 0.567136 0.663916 0.973658 0.847160 0.858188 0.966952 0.673631 0.741269 0.947453 0.980222 0.651676 0.780036 0.713908 0.766303 0.748943 0.716969 0.954598 0.972675 0.717224 0.753419 0.824004 0.997544 0.930365 0.682533 0.805408 0.919234 0.473763 0.417629 0.851525 0.909716 0.716383 0.697747 0.966529 0.959641 0.920348 0.902886 0.971931 0.944459 0.950105 0.998706 0.953192 0.843745 0.944145 0.650878 0.651383 0.640371 0.579154 0.351742 0.881682 0.844051 0.589674 0.458352 0.773256 0.667036 0.820758 0.791583 0.907658 0.856625 0.967493 0.983578 0.732795 0.878357 0.645619 0.823772 0.777294 0.912524 0.996774 0.935886 0.872661 0.787162 0.955673 0.870508 0.974410 0.633605 0.760908 0.879115 0.906489 0.959744
0.767972 0.733859 0.511470 0.489726 0.985895 0.876200 0.720393 0.999960 0.869804 0.695404 0.960355 0.798003 0.754768 0.661157 0.724813 0.505659 0.858248 0.975652 0.907349 0.743779 0.673338 0.932725 0.642175 0.380207 0.000000 0.373188 0.635304 0.803239 0.877759 0.961411 0.833638 0.728583 0.933272 0.872980 0.841963 0.895013 0.582907 0.553983 0.510957 0.662089 0.934255 0.806047 0.811880 0.877879 0.569404 0.627302 0.912889 0.901453 0.548927 0.707070 0.631454 0.711333 0.720388 0.711114 0.953665 0.880697 0.812145 0.854571 0.694639 0.932879 0.868264 0.692019 0.649773 0.808231 0.375861 0.418616 0.720524 0.811605 0.693605 0.799767 0.877191 0.942902 0.797909 0.790953 0.954767 0.930543 0.872422 0.869951 0.814919 0.932620 0.937443 0.814674 0.784025 0.777103 0.699650 0.424426 0.953324 0.977698 0.662655 0.604099 0.703984 0.673701 0.757854 0.782730 0.944842 0.827173 0.974885 0.904471 0.697079 0.804608 0.590713 0.824957 0.786030 0.823250 0.901252 0.903615 0.962864 0.735631 0.991479 0.918812 0.940771 0.557731 0.855813 0.980461 0.884372 0.943562
0.821514 0.728822 0.572120 0.522248 0.928811 0.817725 0.832127 0.938608 0.799534 0.831531 0.994217 0.857831 0.840329 0.764431 0.879017 0.656563 0.779706 0.914580 0.987719 0.814518 0.803662 0.997051 0.787354 0.499370 0.373188 0.000000 0.698792 0.856724 0.827045 0.823356 0.921373 0.898007 0.871829 0.828241 0.769013 0.814334 0.654278 0.560774 0.549948 0.816736 0.975179 0.766143 0.897165 0.876523 0.661412 0.700306 0.842708 0.845953 0.675714 0.833875 0.738278 0.771323 0.823856 0.810461 0.955888 0.961762 0.865385 0.840101 0.662852 0.905243 0.839000 0.696776 0.623771 0.765687 0.450985 0.545954 0.710324 0.762595 0.763314 0.816329 0.851821 0.874370 0.873899 0.835549 0.993403 0.990512 0.832158 0.973578 0.821396 0.916371 0.923366 0.840217 0.920195 0.830826 0.789617 0.592543 0.953963 0.982075 0.680660 0.631622 0.914041 0.904404 0.989977 0.979256 0.889782 0.796600 0.919998 0.878470 0.834913 0.856268 0.748917 0.993672 0.906496 0.834610 0.985649 0.957782 0.930064 0.892889 0.991432 0.931392 0.951859 0.699319 0.955067 0.828287 0.967122 0.885577
0.926429 0.913685 0.746900 0.696603 0.937713 0.851655 0.801085 0.989503 0.957415 0.682119 0.987406 0.927930 0.917763 0.965859 0.937012 0.850678 0.873832 0.953532 0.964386 0.821223 0.926516 0.920992 0.913780 0.616461 0.635304 0.698792 0.000000 0.706945 0.832290 0.890258 0.931022 0.928706 0.826611 0.889190 0.930128 0.997498 0.754403 0.769505 0.839906 0.812792 0.918207 0.937666 0.782472 0.894671 0.675782 0.713154 0.906765 0.966199 0.725949 0.823735 0.700990 0.775303 0.720831 0.727321 0.976178 0.960985 0.946004 0.899619 0.829744 0.970949 0.824451 0.959195 0.790350 0.873600 0.694831 0.714603 0.803005 0.823520 0.883228 0.777293 0.909425 0.947174 0.973693 0.986795 0.953854 0.912935 0.956803 0.971546 0.862915 0.975684 0.818090 0.890589 0.905789 0.795988 0.901077 0.666409 0.982331 0.857405 0.839617 0.652588 0.817967 0.845672 0.881721 0.982619 0.818413 0.980669 0.990272 0.917205 0.771791 0.930950 0.815645 0.872798 0.937302 0.803490 0.966151 0.979029 0.851761 0.826936 0.966991 0.884791 0.938690 0.729240 0.883260 0.928725 0.996896 0.919463
0.912863 0.930792 0.856293 0.981978 0.953260 0.775154 0.613578 0.725631 0.903616 0.740689 0.886636 0.830548 0.735476 0.890561 0.841768 0.948070 0.870839 0.882900 0.773013 0.925264 0.960083 0.977885 0.764082 0.939916 0.803239 0.856724 0.706945 0.000000 0.879193 0.868068 0.857214 0.883988 0.733680 0.736441 0.823569 0.946334 0.898780 0.804620 0.883151 0.822675 0.941859 0.862780 0.729728 0.748095 0.698609 0.680644 0.665747 0.710299 0.691441 0.679093 0.696883 0.677344 0.837183 0.827473 0.829195 0.800869 0.896295 0.907230 0.638680 0.702446 0.590829 0.821096 0.690993 0.768555 0.980001 0.979413 0.622532 0.668179 0.993102 0.919511 0.908782 0.930193 0.996937 0.921328 0.924841 0.889613 0.779338 0.909199 0.902033 0.747081 0.876112 0.999441 0.955393 0.945745 0.896830 0.937124 0.970082 0.883164 0.991088 0.915636 0.850198 0.900492 0.855438 0.998464 0.985752 0.931688 0.799961 0.822667 0.714120 0.721467 0.942800 0.839179 0.948109 0.772099 0.882828 0.931795 0.982855 0.951247 0.954263 0.947436 0.961621 0.859549 0.791395 0.915465 0.845404 0.847834
0.646432 0.714733 0.924346 0.992616 0.952758 0.955891 0.750479 0.834297 0.992935 0.865090 0.561295 0.618544 0.678632 0.698498 0.619046 0.772216 0.424520 0.474021 0.578415 0.591839 0.972289 0.855197 0.799244 0.930933 0.877759 0.827045 0.832290 0.879193 0.000000 0.310755 0.682044 0.749844 0.546198 0.491854 0.894487 0.976738 0.979122 0.883564 0.964982 0.984244 0.892322 0.869931 0.917218 0.827383 0.873996 0.886949 0.759533 0.698149 0.850427 0.912698 0.859621 0.809130 0.927254 0.949811 0.953971 0.992451 0.653180 0.660900 0.690471 0.769709 0.591595 0.854134 0.493485 0.454578 0.771291 0.890006 0.761018 0.778985 0.603326 0.768637 0.741270 0.903178 0.642278 0.719966 0.734771 0.909669 0.861666 0.803191 0.567923 0.844995 0.515495 0.792147 0.678657 0.839011 0.858486 0.988757 0.972598 0.909101 0.962279 0.948705 0.876971 0.808440 0.737173 0.784537 0.936704 0.764630 0.970467 0.804118 0.878656 0.944288 0.976236 0.950082 0.802995 0.610414 0.860112 0.617079 0.900839 0.853004 0.745075 0.885493 0.938757 0.930887 0.858926 0.886299 0.905959 0.834641
0.552144 0.714739 0.909518 0.906986 0.895716 0.976406 0.792889 0.831703 0.843785 0.985936 0.434908 0.525106 0.606779 0.565136 0.595201 0.715476 0.340770 0.368015 0.511456 0.509769 0.904322 0.931735 0.762630 0.972955 0.961411 0.823356 0.890258 0.868068 0.310755 0.000000 0.701591 0.687534 0.510862 0.514706 0.894322 0.932107 0.889520 0.915010 0.995215 0.874236 0.898459 0.821533 0.915633 0.887962 0.967166 0.990017 0.811239 0.774216 0.979961 0.988981 0.982329 0.940556 0.911318 0.922473 0.850936 0.925685 0.606888 0.616744 0.709474 0.776321 0.604855 0.887181 0.431879 0.392726 0.769185 0.925854 0.763762 0.803740 0.499598 0.716335 0.830737 0.985112 0.671006 0.698953 0.725077 0.881242 0.860516 0.815943 0.600533 0.798857 0.483821 0.729984 0.585755 0.704941 0.801780 0.868811 0.959947 0.994916 0.979348 0.976105 0.742482 0.668579 0.627545 0.668346 0.986660 0.791310 0.946934 0.791008 0.985496 0.973819 0.969342 0.985445 0.904364 0.584857 0.860315 0.605318 0.984246 0.921580 0.818630 0.871117 0.873688 0.996840 0.983239 0.990609 0.903299 0.817955
0.893531 0.802536 0.607752 0.711470 0.786302 0.849382 0.610281 0.586097 0.610650 0.577418 0.799968 0.678645 0.599266 0.832737 0.510882 0.566874 0.845031 0.867942 0.633340 0.820316 0.907174 0.900802 0.468541 0.928315 0.833638 0.921373 0.931022 0.857214 0.682044 0.701591 0.000000 0.486388 0.579928 0.622343 0.939159 0.965928 0.860031 0.962273 0.993370 0.934009 0.947190 0.830714 0.601973 0.574445 0.839926 0.791608 0.613309 0.654015 0.925449 0.933325 0.806042 0.766892 0.830430 0.845076 0.978934 0.959372 0.837111 0.856483 0.776216 0.792067 0.522245 0.554139 0.793206 0.696323 0.858547 0.822153 0.730514 0.627123 0.884166 0.963972 0.514725 0.604852 0.619991 0.750249 0.863275 0.925403 0.655600 0.624368 0.712432 0.961878 0.922178 0.899989 0.940148 0.937364 0.917499 0.968301 0.794191 0.630150 0.955083 0.978497 0.966239 0.997288 0.883447 0.965812 0.924974 0.968123 0.830787 0.775677 0.731045 0.658599 0.995487 0.833338 0.813843 0.777041 0.869648 0.667906 0.786043 0.794498 0.724238 0.956042 0.767517 0.963380 0.750792 0.829631 0.586434 0.966810
0.841769 0.817292 0.662353 0.684857 0.997070 0.980858 0.864403 0.798052 0.863837 0.808523 0.797801 0.657122 0.675261 0.676322 0.599654 0.571462 0.849338 0.794529 0.627848 0.790817 0.709080 0.960502 0.494555 0.770666 0.728583 0.898007 0.928706 0.883988 0.749844 0.687534 0.486388 0.000000 0.605726 0.774668 0.978534 0.860371 0.851025 0.816614 0.944768 0.863019 0.965737 0.813443 0.826480 0.730762 0.973707 0.926147 0.695916 0.877909 0.996420 0.905828 0.944676 0.931513 0.991667 0.993936 0.965589 0.951902 0.726034 0.871756 0.940693 0.994989 0.762039 0.738729 0.836553 0.757777 0.916694 0.890078 0.928439 0.915408 0.786464 0.934116 0.784562 0.711499 0.839060 0.847704 0.952859 0.928094 0.756205 0.718741 0.771424 0.936805 0.846289 0.999800 0.760363 0.876253 0.910378 0.870318 0.813855 0.673325 0.946237 0.943863 0.878789 0.794679 0.768789 0.838409 0.969656 0.999825 0.946978 0.790602 0.950280 0.996340 0.888019 0.939230 0.966739 0.811069 0.984096 0.751408 0.957084 0.895979 0.907415 0.962214 0.910627 0.880877 0.884426 0.839096 0.652633 0.917670
0.540760 0.600429 0.849833 0.743128 0.945417 0.927658 0.590476 0.569810 0.949411 0.711031 0.606235 0.484242 0.529573 0.549308 0.558294 0.699853 0.483394 0.460137 0.410809 0.624537 0.880455 0.942841 0.652114 0.976018 0.933272 0.871829 0.826611 0.733680 0.546198 0.510862 0.579928 0.605726 0.000000 0.445294 0.902252 0.943597 0.887622 0.981556 0.926314 0.976983 0.928292 0.771500 0.742776 0.543942 0.693674 0.630595 0.629176 0.591156 0.663639 0.674144 0.642412 0.611113 0.743681 0.774148 0.831568 0.739151 0.507344 0.522873 0.567544 0.730962 0.445022 0.685385 0.434020 0.387925 0.876107 0.925015 0.585284 0.654495 0.663796 0.752699 0.714384 0.720761 0.843080 0.923839 0.821138 0.900912 0.792287 0.769241 0.471635 0.730904 0.502375 0.752982 0.648094 0.699902 0.733137 0.887642 0.989642 0.834891 0.879718 0.872565 0.904662 0.986799 0.995974 0.916128 0.896846 0.818896 0.931995 0.628158 0.651923 0.708745 0.970559 0.894525 0.768975 0.473362 0.819048 0.677925 0.980001 0.765593 0.896005 0.810985 0.780705 0.843377 0.779772 0.635708 0.706323 0.928806
0.590618 0.611063 0.841412 0.775004 0.868482 0.928269 0.466303 0.477583 0.978570 0.711918 0.626294 0.531813 0.559578 0.717372 0.685319 0.806661 0.494630 0.473996 0.470326 0.667107 0.941740 0.970241 0.737906 0.962409 0.872980 0.828241 0.889190 0.736441 0.491854 0.514706 0.622343 0.774668 0.445294 0.000000 0.968177 0.881196 0.989658 0.989532 0.970061 0.967434 0.933394 0.851164 0.757854 0.565878 0.702937 0.649401 0.625091 0.474371 0.687304 0.709653 0.699405 0.629676 0.837516 0.873569 0.815375 0.764545 0.571318 0.558776 0.418732 0.529395 0.388499 0.747227 0.391890 0.391599 0.915169 0.969165 0.479252 0.500642 0.695623 0.790782 0.805341 0.885379 0.893337 0.910130 0.727108 0.959295 0.732996 0.812524 0.523890 0.787090 0.628294 0.875710 0.711041 0.820170 0.871359 0.939571 0.991277 0.831780 0.921084 0.938824 0.997086 0.940475 0.937470 0.843693 0.859585 0.813784 0.903867 0.635699 0.700739 0.672462 0.906274 0.913954 0.704638 0.530922 0.807422 0.581182 0.868910 0.857788 0.765726 0.860151 0.830519 0.877044 0.818418 0.706008 0.679473 0.856088
0.976977 0.971684 0.733663 0.827417 0.898873 0.993711 0.875317 0.877110 0.772312 0.930748 0.876494 0.987445 0.841792 0.977196 0.800671 0.850685 0.803588 0.841738 0.950143 0.994530 0.933459 0.873775 0.863838 0.804403 0.841963 0.769013 0.930128 0.823569 0.894487 0.894322 0.939159 0.978534 0.902252 0.968177 0.000000 0.978972 0.991379 0.940660 0.993129 0.809908 0.783839 0.993561 0.857733 0.929789 0.870002 0.833751 0.888728 0.804463 0.917764 0.781767 0.830611 0.795179 0.927262 0.895452 0.870198 0.866262 0.973312 0.956168 0.960205 0.794354 0.832640 0.778423 0.910745 0.892067 0.727174 0.783072 0.870318 0.835435 0.918873 0.982265 0.849565 0.978353 0.936016 0.950265 0.922613 0.803710 0.763603 0.973158 0.884979 0.952005 0.915641 0.974981 0.923569 0.964511 0.892255 0.850696 0.910050 0.941906 0.859764 0.841034 0.936558 0.883285 0.917307 0.970720 0.978573 0.839567 0.930399 0.910899 0.875647 0.828673 0.715590 0.889633 0.985058 0.982540 0.923720 0.869617 0.997643 0.898327 0.983674 0.960106 0.944498 0.957536 0.850578 0.915423 0.969382 0.930951
0.983476 0.999687 0.921043 0.903056 0.796891 0.973354 0.874828 0.908655 0.873373 0.976418 0.987032 0.969806 0.935690 0.895058 0.943475 0.963591 0.901681 0.942747 0.895929 0.969142 0.924315 0.868321 0.966294 0.944484 0.895013 0.814334 0.997498 0.946334 0.976738 0.932107 0.965928 0.860371 0.943597 0.881196 0.978972 0.000000 0.882768 0.975792 0.955291 0.985566 0.837696 0.973797 0.903303 0.890543 0.794493 0.846615 0.876908 0.824913 0.866031 0.822462 0.813389 0.869345 0.748789 0.769762 0.896538 0.888885 0.973289 0.953341 0.827355 0.932062 0.830540 0.907547 0.876652 0.889596 0.917828 0.994373 0.770629 0.761855 0.932290 0.968398 0.956805 0.995647 0.963246 0.956919 0.870683 0.945292 0.916718 0.995809 0.946532 0.960295 0.961096 0.993587 0.910389 0.981182 0.875214 0.896080 0.910157 0.815417 0.877844 0.846233 0.846485 0.784546 0.822758 0.904742 0.967954 0.884964 0.910523 0.856482 0.804402 0.728280 0.827698 0.937235 0.798649 0.796681 0.916689 0.962523 0.991558 0.873701 0.848216 0.934500 0.858044 0.658044 0.944023 0.929832 0.991834 0.949985
0.717520 0.630968 0.612030 0.579850 0.909113 0.818594 0.872973 0.895586 0.853557 0.852834 0.965875 0.678245 0.764717 0.599813 0.659792 0.522574 0.896900 0.874138 0.773165 0.657739 0.734332 0.924396 0.762313 0.619001 0.582907 0.654278 0.754403 0.898780 0.979122 0.889520 0.860031 0.851025 0.887622 0.989658 0.991379 0.882768 0.000000 0.600295 0.681054 0.727117 0.838407 0.819037 0.963473 0.873911 0.786258 0.865641 0.961556 0.989324 0.842612 0.932559 0.889303 0.939923 0.984237 0.999175 0.837522 0.976071 0.708554 0.676828 0.774441 0.839301 0.965160 0.643204 0.797262 0.986417 0.643204 0.687052 0.760021 0.876687 0.688889 0.707018 0.794969 0.696211 0.769374 0.861417 0.967866 0.970428 0.827613 0.892340 0.836307 0.823020 0.808442 0.737336 0.782476 0.792946 0.688879 0.626720 0.972567 0.957403 0.719186 0.670114 0.967940 0.958450 0.973053 0.982304 0.949314 0.888199 0.946443 0.957022 0.950711 0.927558 0.757773 0.909579 0.986989 0.976574 0.908577 0.926046 0.941355 0.983043 0.845306 0.853268 0.897723 0.958700 0.902850 0.870779 0.990403 0.931115
0.738863 0.597539 0.784295 0.662128 0.825604 0.966598 0.760524 0.989024 0.991199 0.736713 0.918723 0.734890 0.930530 0.615020 0.907715 0.637959 0.901139 0.835479 0.920724 0.634264 0.787752 0.990753 0.901824 0.586807 0.553983 0.560774 0.769505 0.804620 0.883564 0.915010 0.962273 0.816614 0.981556 0.989532 0.940660 0.975792 0.600295 0.000000 0.608283 0.758865 0.849835 0.682189 0.845321 0.956776 0.687069 0.708071 0.871380 0.898953 0.760347 0.780742 0.834679 0.769382 0.898829 0.870062 0.969220 0.974401 0.639569 0.706013 0.684420 0.815134 0.797290 0.775180 0.822079 0.987507 0.711163 0.710554 0.674655 0.704201 0.702194 0.675939 0.932450 0.895347 0.850390 0.928287 0.913133 0.889616 0.945518 0.919412 0.872864 0.939711 0.792288 0.655202 0.681704 0.654103 0.775179 0.649028 0.977150 0.942473 0.713877 0.673753 0.923088 0.785610 0.906919 0.882590 0.993108 0.992855 0.950907 0.999333 0.760011 0.758083 0.844979 0.848843 0.867008 0.944131 0.939851 0.958056 0.907832 0.907649 0.974952 0.874032 0.909136 0.728691 0.788791 0.862575 0.798621 0.977916
