0.000000 0.292245 0.770751 0.614301 0.766327 0.828111 0.923442 0.938498 0.526404 0.590829 0.483322 0.418226 0.576131 0.450507 0.819703 0.904576 0.438450 0.328593 0.485247 0.339841 0.645638 0.874014 0.788979 0.624847 0.625200 0.675793 0.719425 0.977323 0.898833 0.742628 0.977552 0.814305 0.602518 0.680260 0.889337 0.916630 0.802775 0.851495 0.612713 0.872903 0.923825 0.758935 0.902896 0.838497 0.833354 0.996543 0.751343 0.652527 0.934371 0.876178 0.923990 0.972154 0.722060 0.573479 0.605430 0.656749 0.264681 0.285088 0.542668 0.495207 0.987232 0.810296 0.558752 0.527174 0.735613 0.969690 0.821595 0.981939 0.343950 0.466695 0.707737 0.674589 0.719433 0.653828 0.953130 0.834401 0.830553 0.757118 0.639936 0.513850 0.379283 0.363711 0.538997 0.348797 0.441257 0.418976 0.886558 0.659480 0.802249 0.406144 0.612167 0.644455 0.821644 0.655110 0.983594 0.940766 0.957353 0.936577 0.885480 0.857628 0.809759 0.718079 0.954945 0.755552 0.873549 0.727628 0.967406 0.866211 0.819023 0.664044 0.954032 0.848109 0.901048 0.819990 0.930369 0.752287
0.292245 0.000000 0.681695 0.514723 0.740319 0.864461 0.991996 0.828669 0.657179 0.688094 0.610364 0.484672 0.666315 0.520270 0.798910 0.841597 0.470627 0.410619 0.488711 0.364822 0.715258 0.925223 0.800219 0.677358 0.594819 0.584009 0.695780 0.995198 0.859363 0.762644 0.850520 0.824107 0.625599 0.608956 0.847806 0.943834 0.728937 0.795560 0.545164 0.925540 0.986484 0.710831 0.951354 0.767782 0.830914 0.986205 0.714535 0.646402 0.935910 0.865518 0.964606 0.916922 0.772281 0.628960 0.679396 0.672938 0.262818 0.237662 0.540371 0.527757 0.995326 0.898103 0.659182 0.566212 0.657382 0.965204 0.858440 0.993200 0.345344 0.422153 0.873886 0.757700 0.798037 0.689982 0.944046 0.841049 0.726063 0.783100 0.584746 0.517565 0.384314 0.422662 0.618175 0.404176 0.559223 0.509661 0.940397 0.794551 0.833790 0.449546 0.626211 0.699403 0.837995 0.699136 0.941361 0.972626 0.903322 0.911713 0.892045 0.897886 0.708311 0.711784 0.993155 0.804702 0.934132 0.745180 0.857864 0.966691 0.919072 0.666407 0.945443 0.909510 0.959378 0.820619 0.939282 0.743085
0.770751 0.681695 0.000000 0.425006 0.856919 0.882993 0.837449 0.723217 0.832881 0.850598 0.997053 0.781669 0.584190 0.804879 0.625264 0.585574 0.945912 0.999173 0.756844 0.763716 0.694990 0.954658 0.650830 0.683218 0.474915 0.496092 0.713922 0.934201 0.934752 0.980443 0.638652 0.650020 0.880054 0.842216 0.739987 0.834490 0.596312 0.825183 0.781255 0.800306 0.883896 0.773785 0.808670 0.828335 0.807694 0.881330 0.865444 0.924555 0.842698 0.926953 0.880685 0.982000 0.765496 0.787241 0.858142 0.980782 0.752202 0.732011 0.873785 0.759365 0.879668 0.726744 0.847394 0.944118 0.411711 0.579023 0.962829 0.987664 0.674419 0.779537 0.785160 0.799816 0.861010 0.918315 0.915936 0.920984 0.652777 0.893803 0.907566 0.767595 0.963095 0.826433 0.956535 0.868350 0.886750 0.700761 0.856564 0.814139 0.800857 0.771256 0.830582 0.941388 0.930970 0.890621 0.903467 0.845913 0.755979 0.837898 0.961424 0.880190 0.616431 0.991813 0.843780 0.880996 0.911516 0.810756 0.721149 0.983487 0.886347 0.875786 0.992380 0.883802 0.946960 0.891494 0.651112 0.954183
0.614301 0.514723 0.425006 0.000000 0.888266 0.995636 0.915082 0.555551 0.965467 0.836516 0.817160 0.554802 0.666561 0.578351 0.711674 0.553381 0.831605 0.731305 0.691851 0.665598 0.639571 0.913403 0.726839 0.488072 0.445557 0.454035 0.620722 0.951252 0.943367 0.866069 0.747162 0.698236 0.814968 0.770994 0.819626 0.880788 0.522830 0.667891 0.552211 0.796189 0.925173 0.683017 0.953275 0.885826 0.673465 0.803424 0.961598 0.952216 0.762509 0.869640 0.770071 0.874600 0.671993 0.654188 0.891132 0.934413 0.538155 0.513552 0.895142 0.783037 0.973220 0.771646 0.980525 0.824317 0.460312 0.605198 0.960606 0.926781 0.510762 0.630384 0.948985 0.991172 0.977278 0.967546 0.953560 0.972744 0.731014 0.946394 0.791755 0.830969 0.877921 0.796063 0.796654 0.729016 0.876058 0.568609 0.957903 0.923012 0.791163 0.628142 0.624725 0.622075 0.783041 0.713263 0.928134 0.813643 0.942759 0.831758 0.822443 0.946621 0.589467 0.745895 0.799247 0.987125 0.849026 0.761111 0.827541 0.933803 0.986990 0.834374 0.993454 0.749610 0.972937 0.846303 0.762162 0.850098
0.766327 0.740319 0.856919 0.888266 0.000000 0.896644 0.684103 0.835046 0.834558 0.723233 0.992866 0.950220 0.864762 0.985397 0.914109 0.893892 0.872776 0.905609 0.989572 0.794146 0.850807 0.903600 0.789515 0.984964 0.797306 0.798196 0.875042 0.965174 0.844839 0.937029 0.830175 0.992601 0.984665 0.881504 0.948400 0.750870 0.905330 0.867071 0.901178 0.904603 0.920939 0.785583 0.887523 0.874231 0.743970 0.799403 0.983316 0.985635 0.863757 0.864799 0.825335 0.869921 0.696586 0.666096 0.908142 0.962334 0.629310 0.712331 0.991157 0.849006 0.715774 0.766979 0.898783 0.969934 0.953109 0.889234 0.793866 0.657245 0.710574 0.653066 0.703876 0.704674 0.775628 0.734793 0.911853 0.947545 0.908082 0.734728 0.825889 0.879920 0.760970 0.746496 0.979136 0.827047 0.995646 0.933941 0.944754 0.965072 0.850244 0.921965 0.740278 0.801050 0.906288 0.800752 0.937258 0.913539 0.977461 0.946685 0.815130 0.639045 0.669816 0.631651 0.776696 0.946674 0.777979 0.817273 0.988867 0.964733 0.905024 0.952609 0.785207 0.817300 0.925201 0.917347 0.804541 0.805084
0.828111 0.864461 0.882993 0.995636 0.896644 0.000000 0.855530 0.857423 0.663237 0.810232 0.874315 0.940597 0.963987 0.843192 0.845324 0.828083 0.794320 0.784381 0.801351 0.864521 0.906480 0.843014 0.994182 0.931770 0.986155 0.892988 0.901139 0.709821 0.962448 0.974316 0.824393 0.932424 0.895988 0.989692 0.901779 0.954705 0.878282 0.877056 0.972565 0.786045 0.744571 0.793829 0.851277 0.882267 0.981755 0.946819 0.936110 0.926679 0.923047 0.883930 0.951290 0.958819 0.919394 0.950285 0.983832 0.836381 0.777875 0.808638 0.854404 0.950091 0.908933 0.716392 0.813692 0.886591 0.964742 0.789823 0.879468 0.998136 0.877434 0.921825 0.744331 0.674814 0.659829 0.807662 0.914469 0.816189 0.914128 0.696992 0.978425 0.951448 0.799247 0.817409 0.829840 0.776355 0.780828 0.814551 0.713306 0.912158 0.949771 0.773749 0.862497 0.908365 0.998606 0.822989 0.900451 0.967726 0.821868 0.956217 0.943696 0.901332 0.938342 0.902947 0.916067 0.907718 0.917335 0.918729 0.974377 0.800815 0.896092 0.861160 0.930507 0.980628 0.952257 0.928783 0.853349 0.753165
0.923442 0.991996 0.837449 0.915082 0.684103 0.855530 0.000000 0.347416 0.715108 0.436798 0.993563 0.779890 0.672856 0.936417 0.749346 0.914998 0.913946 0.949330 0.789927 0.962555 0.850360 0.926846 0.680309 0.835416 0.685824 0.848954 0.880505 0.761883 0.604863 0.743100 0.602780 0.902838 0.638986 0.497788 0.772816 0.873012 0.921306 0.874474 0.871027 0.921462 0.801122 0.981337 0.487525 0.480732 0.434645 0.455032 0.671870 0.639221 0.508785 0.466732 0.447557 0.472444 0.473754 0.474298 0.751716 0.719099 0.916721 0.989399 0.656573 0.837272 0.313037 0.441657 0.626424 0.585681 0.969966 0.969111 0.444407 0.422601 0.843904 0.871273 0.509006 0.610249 0.726379 0.670132 0.856487 0.757556 0.588521 0.730229 0.768163 0.858069 0.989423 0.762843 0.940284 0.794254 0.993334 0.826859 0.962099 0.784817 0.884318 0.938333 0.516858 0.546706 0.613508 0.763435 0.664305 0.809914 0.670959 0.791214 0.399240 0.380298 0.701074 0.596738 0.642014 0.734536 0.705181 0.738743 0.765773 0.721021 0.790516 0.858415 0.617377 0.592549 0.468987 0.716154 0.586074 0.835703
0.938498 0.828669 0.723217 0.555551 0.835046 0.857423 0.347416 0.000000 0.798361 0.571799 0.984563 0.634631 0.651280 0.759304 0.761086 0.679164 0.884411 0.866864 0.794212 0.948788 0.997278 0.844182 0.723663 0.889110 0.953475 0.919007 0.932472 0.871707 0.772544 0.795800 0.635277 0.871907 0.706700 0.538397 0.806694 0.934427 0.891849 0.875847 0.863934 0.993024 0.760281 0.873852 0.683537 0.598511 0.730583 0.707613 0.813295 0.782994 0.777018 0.698292 0.695435 0.690891 0.705419 0.718873 0.882772 0.833271 0.878452 0.806215 0.717332 0.833692 0.430832 0.400662 0.720080 0.590914 0.775012 0.737395 0.613988 0.590404 0.996534 0.909725 0.601562 0.699690 0.816257 0.796639 0.889948 0.884428 0.637802 0.765801 0.748767 0.881727 0.975847 0.839189 0.890296 0.892506 0.954036 0.979904 0.958941 0.729215 0.748187 0.956132 0.797309 0.897919 0.814378 0.974401 0.769153 0.891711 0.752174 0.789969 0.676557 0.589457 0.951059 0.873989 0.875597 0.804473 0.733420 0.820698 0.752187 0.763407 0.862820 0.840331 0.712767 0.869435 0.583458 0.701942 0.625605 0.962883
0.526404 0.657179 0.832881 0.965467 0.834558 0.663237 0.715108 0.798361 0.000000 0.579232 0.654639 0.721990 0.955190 0.549826 0.785884 0.858263 0.509176 0.487671 0.742994 0.606643 0.936351 0.784661 0.918350 0.751237 0.866160 0.955806 0.807328 0.992608 0.990031 0.812204 0.735459 0.970680 0.908243 0.913833 0.842954 0.829808 0.949905 0.907648 0.815238 0.911680 0.864432 0.977037 0.745950 0.952995 0.865611 0.972696 0.930784 0.842603 0.962992 0.957817 0.912521 0.946705 0.772586 0.735309 0.717106 0.714616 0.562187 0.585763 0.742237 0.807326 0.786533 0.642301 0.687662 0.692911 0.873710 0.826875 0.937926 0.928328 0.656029 0.581431 0.521391 0.530286 0.674387 0.699540 0.911095 0.844155 0.881019 0.602947 0.834317 0.811245 0.546928 0.563777 0.625519 0.499614 0.663604 0.583239 0.724711 0.584792 0.868012 0.575920 0.623428 0.694976 0.816995 0.723801 0.996539 0.819000 0.896140 0.878336 0.770946 0.710840 0.962434 0.788517 0.978205 0.772376 0.958246 0.963892 0.788341 0.821892 0.852295 0.828326 0.952508 0.994015 0.728196 0.893963 0.737228 0.691584
0.590829 0.688094 0.850598 0.836516 0.723233 0.810232 0.436798 0.571799 0.579232 0.000000 0.809467 0.906650 0.949693 0.729481 0.902533 0.976480 0.866169 0.735609 0.876981 0.657816 0.744580 0.881177 0.906454 0.645464 0.521891 0.672875 0.700962 0.843584 0.705075 0.927130 0.636551 0.902870 0.829181 0.732041 0.926728 0.963649 0.744137 0.772449 0.743486 0.866474 0.890703 0.947825 0.565189 0.635655 0.440776 0.497628 0.788257 0.846900 0.551992 0.592908 0.489229 0.544851 0.429281 0.433457 0.974390 0.964111 0.657624 0.698811 0.926724 0.857049 0.513523 0.538277 0.860434 0.824353 0.792458 0.817561 0.706467 0.629304 0.554924 0.634835 0.535676 0.601885 0.741254 0.656548 0.917971 0.735587 0.736971 0.672558 0.964954 0.878735 0.712660 0.419821 0.776667 0.492046 0.642673 0.487042 0.828758 0.551760 0.879387 0.598508 0.567167 0.616044 0.793136 0.814502 0.852467 0.954266 0.828203 0.913407 0.505776 0.555046 0.701015 0.687610 0.710256 0.887878 0.876301 0.967585 0.923689 0.807268 0.761854 0.984426 0.736859 0.681810 0.528058 0.879950 0.793674 0.759670
0.483322 0.610364 0.997053 0.817160 0.992866 0.874315 0.993563 0.984563 0.654639 0.809467 0.000000 0.554255 0.696267 0.574767 0.993961 0.960156 0.573351 0.464195 0.713841 0.525055 0.754648 0.978164 0.943292 0.905150 0.901583 0.894336 0.882723 0.958605 0.869894 0.738933 0.969613 0.957476 0.761320 0.823922 0.950104 0.943000 0.944866 0.962149 0.819461 0.992577 0.826836 0.892199 0.831492 0.976424 0.849658 0.943912 0.991091 0.887736 0.973998 0.959923 0.843532 0.862928 0.735182 0.659676 0.752778 0.818680 0.591778 0.567434 0.853928 0.840252 0.959759 0.854357 0.620566 0.590022 0.975780 0.908977 0.994293 0.926267 0.560932 0.696650 0.777897 0.880826 0.908268 0.918961 0.990481 0.957057 0.965247 0.972463 0.809820 0.739887 0.583922 0.594064 0.651078 0.555217 0.703529 0.749665 0.846517 0.778980 0.946129 0.689500 0.812319 0.766542 0.901901 0.880899 0.948807 0.909492 0.952263 0.992826 0.767966 0.826708 0.945037 0.921270 0.934486 0.871638 0.832243 0.735222 0.965387 0.930886 0.855693 0.788149 0.920447 0.926515 0.898441 0.930975 0.960567 0.839875
0.418226 0.484672 0.781669 0.554802 0.950220 0.940597 0.779890 0.634631 0.721990 0.906650 0.554255 0.000000 0.468038 0.391709 0.627085 0.643274 0.500932 0.371787 0.437733 0.412440 0.709621 0.869429 0.563803 0.637684 0.776681 0.810357 0.734430 0.904101 0.645513 0.549130 0.740115 0.685516 0.540620 0.525615 0.891558 0.940215 0.777217 0.802029 0.719734 0.909740 0.989294 0.890322 0.926559 0.680137 0.977871 0.839753 0.697682 0.614744 0.824138 0.798981 0.951941 0.887943 0.872986 0.765213 0.578516 0.649679 0.491528 0.466762 0.620324 0.673054 0.720857 0.835931 0.489894 0.409013 0.717541 0.858016 0.733482 0.798986 0.511559 0.680298 0.997567 0.954052 0.971667 0.988499 0.863763 0.951167 0.735464 0.972238 0.595167 0.585895 0.519619 0.588148 0.519190 0.538526 0.541388 0.557629 0.914066 0.803994 0.766744 0.558164 0.737937 0.675202 0.794518 0.641637 0.831772 0.889300 0.968907 0.955244 0.970082 0.971090 0.911933 0.828970 0.922448 0.722188 0.680118 0.623721 0.993140 0.972172 0.992572 0.639948 0.912607 0.975390 0.904406 0.792301 0.730732 0.810321
0.576131 0.666315 0.584190 0.666561 0.864762 0.963987 0.672856 0.651280 0.955190 0.949693 0.696267 0.468038 0.000000 0.552324 0.523405 0.599729 0.808142 0.663513 0.533430 0.637795 0.758029 0.908617 0.498551 0.653925 0.775807 0.780694 0.841197 0.762825 0.793596 0.728649 0.680632 0.673999 0.635323 0.611335 0.691548 0.964196 0.925524 0.956484 0.805307 0.977803 0.810241 0.982216 0.809787 0.696656 0.883906 0.796611 0.662842 0.643817 0.824056 0.740095 0.841568 0.759781 0.969931 0.964823 0.672152 0.721120 0.686586 0.663705 0.560466 0.556595 0.521834 0.694787 0.635649 0.649640 0.600724 0.695070 0.607153 0.600956 0.729909 0.814968 0.897801 0.899509 0.991508 0.980269 0.962453 0.986313 0.749449 0.881561 0.782876 0.554831 0.745251 0.729076 0.770949 0.716165 0.554873 0.567702 0.841917 0.910991 0.689799 0.621268 0.901345 0.931517 0.966294 0.832399 0.861875 0.901371 0.695550 0.940115 0.824799 0.750605 0.932847 0.886750 0.827014 0.807221 0.706917 0.698700 0.966989 0.897230 0.947455 0.724199 0.762004 0.982774 0.810206 0.730201 0.610790 0.924309
0.450507 0.520270 0.804879 0.578351 0.985397 0.843192 0.936417 0.759304 0.549826 0.729481 0.574767 0.391709 0.552324 0.000000 0.702957 0.654592 0.522177 0.386426 0.472537 0.432440 0.760710 0.980376 0.660275 0.523770 0.728411 0.764470 0.806858 0.832019 0.779152 0.488920 0.877204 0.763380 0.623008 0.617787 0.843089 0.891391 0.748035 0.779315 0.622522 0.862158 0.943500 0.903396 0.934643 0.834113 0.923956 0.965444 0.818820 0.734843 0.967721 0.911841 0.950855 0.988858 0.762641 0.745176 0.618118 0.620584 0.508980 0.493807 0.724979 0.743490 0.837120 0.865772 0.577920 0.540860 0.748200 0.750595 0.797593 0.866928 0.577212 0.630559 0.853727 0.789260 0.957705 0.950451 0.987934 0.926205 0.862319 0.967577 0.748005 0.622067 0.511455 0.523991 0.451796 0.418368 0.544865 0.423520 0.766261 0.650766 0.602823 0.512120 0.615357 0.570829 0.737289 0.572316 0.887259 0.918970 0.974877 0.990820 0.820542 0.909656 0.774426 0.798932 0.871597 0.774156 0.845410 0.772957 0.985520 0.878726 0.954540 0.825090 0.976770 0.991838 0.905717 0.909585 0.888875 0.816862
0.819703 0.798910 0.625264 0.711674 0.914109 0.845324 0.749346 0.761086 0.785884 0.902533 0.993961 0.627085 0.523405 0.702957 0.000000 0.458547 0.925087 0.864621 0.590078 0.761192 0.740965 0.969510 0.406477 0.696943 0.827971 0.877528 0.899527 0.869263 0.630901 0.599141 0.473167 0.582867 0.604133 0.616527 0.675436 0.901072 0.768970 0.997933 0.862595 0.870289 0.908016 0.936393 0.648295 0.590987 0.815508 0.767268 0.620785 0.582617 0.805777 0.803686 0.816080 0.721033 0.951885 0.989609 0.732532 0.733796 0.868909 0.869801 0.800469 0.828580 0.607974 0.661568 0.799395 0.770344 0.604687 0.718975 0.747486 0.720935 0.925609 0.954498 0.715631 0.746867 0.776108 0.874230 0.974302 0.880143 0.664305 0.675467 0.760776 0.679024 0.821949 0.892989 0.803396 0.891736 0.677244 0.745733 0.966596 0.987478 0.847161 0.842776 0.893115 0.871811 0.741633 0.743167 0.861808 0.917964 0.922652 0.926777 0.823936 0.731758 0.792587 0.979747 0.927774 0.875678 0.802085 0.607346 0.874093 0.898809 0.863927 0.789173 0.910414 0.988827 0.891445 0.801256 0.501293 0.873968
0.904576 0.841597 0.585574 0.553381 0.893892 0.828083 0.914998 0.679164 0.858263 0.976480 0.960156 0.643274 0.599729 0.654592 0.458547 0.000000 0.992072 0.954604 0.784626 0.837973 0.768039 0.992204 0.537796 0.560607 0.679777 0.785187 0.886726 0.913389 0.853563 0.707826 0.596373 0.630401 0.866940 0.783972 0.863553 0.980922 0.672305 0.769579 0.666324 0.873106 0.753308 0.943138 0.909205 0.858587 0.887335 0.944669 0.895710 0.916494 0.851788 0.870180 0.899640 0.988036 0.859216 0.865264 0.980971 0.939864 0.906213 0.910233 0.953721 0.980117 0.741192 0.602344 0.947346 0.950545 0.517505 0.486929 0.980041 0.856749 0.935145 0.927975 0.759704 0.829557 0.742475 0.932072 0.974597 0.970088 0.882806 0.775316 0.920836 0.788406 0.985819 0.973096 0.772718 0.945779 0.894017 0.692498 0.941803 0.875684 0.805726 0.866425 0.668652 0.598037 0.586940 0.589849 0.989721 0.868595 0.929030 0.953344 0.857669 0.951402 0.648932 0.916762 0.769722 0.887534 0.945074 0.846358 0.926175 0.878719 0.870281 0.892724 0.909137 0.809738 0.978898 0.956505 0.674209 0.943828
0.438450 0.470627 0.945912 0.831605 0.872776 0.794320 0.913946 0.884411 0.509176 0.866169 0.573351 0.500932 0.808142 0.522177 0.925087 0.992072 0.000000 0.305357 0.551154 0.433845 0.825337 0.862116 0.888436 0.911972 0.990579 0.972694 0.878247 0.945005 0.587017 0.472118 0.925059 0.925440 0.524538 0.558039 0.987909 0.954942 0.830238 0.897675 0.802777 0.854415 0.887306 0.816044 0.988981 0.673774 0.889335 0.722362 0.673790 0.564674 0.662639 0.624853 0.793532 0.740877 0.998791 0.905147 0.598689 0.521330 0.428960 0.413971 0.610493 0.764483 0.914852 0.835651 0.407842 0.371473 0.917475 0.739929 0.712012 0.893353 0.565773 0.591157 0.834995 0.717662 0.830330 0.852830 0.874319 0.995714 0.812397 0.855088 0.558632 0.631013 0.350094 0.565698 0.522176 0.547701 0.596926 0.679393 0.890642 0.668539 0.935393 0.601693 0.814912 0.792214 0.871417 0.698160 0.860968 0.778227 0.990437 0.955700 0.986171 0.973448 0.978082 0.774747 0.857886 0.647121 0.825592 0.790826 0.959713 0.972039 0.960972 0.730989 0.970207 0.797171 0.961856 0.944859 0.949789 0.827694
0.328593 0.410619 0.999173 0.731305 0.905609 0.784381 0.949330 0.866864 0.487671 0.735609 0.464195 0.371787 0.663513 0.386426 0.864621 0.954604 0.305357 0.000000 0.450233 0.356006 0.819259 0.902946 0.816558 0.744545 0.899171 0.918064 0.850021 0.979474 0.678186 0.544012 0.984094 0.900077 0.535833 0.557653 0.962170 0.971338 0.854006 0.870601 0.709570 0.856900 0.923133 0.806622 0.948160 0.766364 0.989369 0.844384 0.764665 0.633267 0.774563 0.754873 0.954101 0.907107 0.854215 0.748356 0.582023 0.521741 0.373923 0.360634 0.580633 0.679648 0.919660 0.867913 0.408818 0.384874 0.928224 0.915455 0.743943 0.873281 0.465418 0.527070 0.779398 0.702895 0.839369 0.839164 0.886404 0.959092 0.916587 0.831400 0.551760 0.570848 0.310142 0.410920 0.501830 0.371732 0.477417 0.540036 0.793130 0.580191 0.865674 0.503844 0.737145 0.687846 0.842245 0.646758 0.828686 0.869506 0.983286 0.931269 0.914777 0.919856 0.900589 0.759154 0.929518 0.695483 0.786889 0.701875 0.965856 0.965786 0.839774 0.723909 0.982725 0.920699 0.967812 0.849612 0.987090 0.812278
0.485247 0.488711 0.756844 0.691851 0.989572 0.801351 0.789927 0.794212 0.742994 0.876981 0.713841 0.437733 0.533430 0.472537 0.590078 0.784626 0.551154 0.450233 0.000000 0.396617 0.755118 0.871148 0.424323 0.671395 0.789018 0.872730 0.759282 0.851683 0.609002 0.584224 0.628308 0.653900 0.425773 0.470348 0.796386 0.955093 0.781664 0.995452 0.728815 0.975348 0.920748 0.894409 0.666827 0.519746 0.785380 0.622699 0.470517 0.408871 0.631113 0.602147 0.763027 0.674918 0.997203 0.899739 0.569942 0.497045 0.527983 0.517440 0.502980 0.564614 0.699966 0.908772 0.499091 0.485566 0.647124 0.915284 0.594662 0.646757 0.601482 0.720442 0.989848 0.864224 0.931627 0.972511 0.893905 0.961446 0.743933 0.961897 0.581437 0.576534 0.499833 0.568599 0.537959 0.508753 0.390840 0.489421 0.785980 0.701360 0.781653 0.479861 0.818746 0.862262 0.852779 0.661645 0.730097 0.816526 0.915706 0.869893 0.838072 0.780326 0.872415 0.859360 0.851639 0.682875 0.719123 0.539837 0.917188 0.876592 0.960518 0.688511 0.868134 0.842374 0.862711 0.752573 0.770037 0.902129
0.339841 0.364822 0.763716 0.665598 0.794146 0.864521 0.962555 0.948788 0.606643 0.657816 0.525055 0.412440 0.637795 0.432440 0.761192 0.837973 0.433845 0.356006 0.396617 0.000000 0.689789 0.832986 0.666179 0.634601 0.669871 0.718102 0.655353 0.938601 0.747705 0.621362 0.826630 0.792221 0.592277 0.651798 0.917089 0.970914 0.719212 0.767282 0.643971 0.864363 0.906060 0.754581 0.966245 0.775154 0.884428 0.951781 0.712642 0.648929 0.907114 0.872202 0.921537 0.992999 0.700063 0.577290 0.611810 0.657317 0.376958 0.373002 0.649476 0.627441 0.988771 0.915441 0.610414 0.547593 0.695970 0.941257 0.843415 0.954201 0.392605 0.494962 0.810093 0.727737 0.973829 0.884268 0.892892 0.934084 0.794319 0.835753 0.632113 0.588218 0.393638 0.375031 0.551614 0.360481 0.446409 0.459049 0.942844 0.641625 0.859038 0.442392 0.639324 0.659460 0.767556 0.607591 0.880949 0.860485 0.990834 0.957102 0.855424 0.878818 0.734579 0.704157 0.972489 0.795914 0.810964 0.674486 0.994027 0.886163 0.992775 0.690539 0.984430 0.940885 0.909372 0.907738 0.971058 0.772199
0.645638 0.715258 0.694990 0.639571 0.850807 0.906480 0.850360 0.997278 0.936351 0.744580 0.754648 0.709621 0.758029 0.760710 0.740965 0.768039 0.825337 0.819259 0.755118 0.689789 0.000000 0.892946 0.739533 0.743347 0.561764 0.702886 0.812291 0.951514 0.934146 0.913872 0.855293 0.642535 0.783854 0.858486 0.996512 0.834396 0.780217 0.758944 0.726136 0.788035 0.921878 0.745127 0.985621 0.848753 0.835609 0.918239 0.878372 0.825817 0.914677 0.953058 0.862453 0.922297 0.776706 0.682944 0.822608 0.977826 0.646623 0.702996 0.967898 0.807021 0.930844 0.982478 0.921606 0.891475 0.625278 0.829659 0.946179 0.811631 0.607368 0.797932 0.862296 0.859823 0.915512 0.932015 0.935315 0.932001 0.842895 0.846319 0.900487 0.789466 0.814430 0.760632 0.730618 0.785557 0.757088 0.648657 0.862538 0.988194 0.878316 0.744265 0.703959 0.685867 0.788519 0.743653 0.969151 0.966280 0.973031 0.982208 0.891836 0.926551 0.728449 0.723172 0.911905 0.945482 0.910358 0.746002 0.936560 0.820779 0.917834 0.783490 0.882577 0.685370 0.847936 0.742748 0.722458 0.790374
0.874014 0.925223 0.954658 0.913403 0.903600 0.843014 0.926846 0.844182 0.784661 0.881177 0.978164 0.869429 0.908617 0.980376 0.969510 0.992204 0.862116 0.902946 0.871148 0.832986 0.892946 0.000000 0.862439 0.922129 0.871454 0.886669 0.920681 0.934169 0.815814 0.942261 0.982085 0.940440 0.964112 0.852331 0.896126 0.854145 0.987247 0.988929 0.991345 0.868042 0.866714 0.978592 0.930735 0.937538 0.969243 0.954221 0.800335 0.854706 0.959123 0.998441 0.978916 0.993246 0.914754 0.847013 0.891163 0.931143 0.948078 0.969836 0.944465 0.920026 0.912742 0.923191 0.999884 0.984589 0.923513 0.986107 0.934036 0.967297 0.862590 0.988904 0.978908 0.934952 0.983280 0.895179 0.975774 0.927030 0.921807 0.849941 0.934851 0.862278 0.850937 0.878639 0.907751 0.939833 0.918922 0.901583 0.960569 0.864488 0.977864 0.864191 0.872933 0.961344 0.938367 0.917862 0.980567 0.908604 0.985649 0.931269 0.972611 0.867559 0.988611 0.878948 0.942406 0.971192 0.957033 0.949297 0.972179 0.894990 0.971364 0.854049 0.986461 0.933577 0.888766 0.939646 0.953033 0.981973
0.788979 0.800219 0.650830 0.726839 0.789515 0.994182 0.680309 0.723663 0.918350 0.906454 0.943292 0.563803 0.498551 0.660275 0.406477 0.537796 0.888436 0.816558 0.424323 0.666179 0.739533 0.862439 0.000000 0.616560 0.777537 0.871636 0.842996 0.794657 0.619682 0.660057 0.424701 0.453277 0.566433 0.594786 0.782817 0.996229 0.835389 0.994313 0.834969 0.997986 0.850371 0.971346 0.587218 0.521132 0.745242 0.641024 0.470236 0.518023 0.714664 0.719662 0.793429 0.705541 0.947391 0.988777 0.679038 0.693099 0.891195 0.867770 0.697879 0.746284 0.591592 0.657910 0.754024 0.717708 0.513315 0.722652 0.609648 0.591881 0.849790 0.984373 0.719108 0.853842 0.732279 0.817020 0.956991 0.882086 0.649024 0.803015 0.787739 0.703507 0.863164 0.871925 0.676897 0.822349 0.522640 0.611464 0.973450 0.842633 0.827345 0.634459 0.867478 0.903820 0.803675 0.746800 0.764637 0.974968 0.899150 0.906379 0.768311 0.651049 0.928064 0.934014 0.873297 0.839005 0.755319 0.560914 0.977787 0.906908 0.919811 0.773111 0.853534 0.934424 0.787180 0.835659 0.506253 0.963952
0.624847 0.677358 0.683218 0.488072 0.984964 0.931770 0.835416 0.889110 0.751237 0.645464 0.905150 0.637684 0.653925 0.523770 0.696943 0.560607 0.911972 0.744545 0.671395 0.634601 0.743347 0.922129 0.616560 0.000000 0.491685 0.602112 0.654138 0.995106 0.927472 0.881680 0.902302 0.666693 0.916475 0.921720 0.872617 0.969403 0.729337 0.747152 0.583552 0.824269 0.929891 0.829457 0.799650 0.939911 0.664722 0.770434 0.942318 0.947814 0.721649 0.778994 0.700563 0.798707 0.587047 0.580049 0.915261 0.914479 0.675121 0.698460 0.873944 0.748720 0.935626 0.926693 0.981662 0.958478 0.539303 0.544821 0.975795 0.970272 0.634922 0.705815 0.836947 0.815156 0.864141 0.841795 0.966524 0.821589 0.973615 0.905906 0.958360 0.888859 0.884058 0.689358 0.678268 0.633071 0.632871 0.355310 0.899364 0.725601 0.698501 0.499376 0.522461 0.474346 0.631091 0.589678 0.991485 0.891495 0.934292 0.924936 0.733436 0.831757 0.606879 0.708890 0.745802 0.997847 0.959509 0.861309 0.808098 0.727334 0.932795 0.837808 0.988091 0.669659 0.801621 0.970361 0.855321 0.849283
0.625200 0.594819 0.474915 0.445557 0.797306 0.986155 0.685824 0.953475 0.866160 0.521891 0.901583 0.776681 0.775807 0.728411 0.827971 0.679777 0.990579 0.899171 0.789018 0.669871 0.561764 0.871454 0.777537 0.491685 0.000000 0.319977 0.569405 0.865510 0.699886 0.870342 0.863574 0.699561 0.981682 0.923069 0.905222 0.846636 0.645369 0.710910 0.564206 0.805828 0.922868 0.753883 0.893139 0.947404 0.498120 0.612532 0.998808 0.976738 0.589107 0.660493 0.562445 0.672572 0.478331 0.431014 0.949185 0.940614 0.635750 0.659691 0.993887 0.712316 0.702843 0.963764 0.713712 0.821464 0.390035 0.582644 0.796232 0.726622 0.519222 0.689683 0.894373 0.850835 0.926812 0.882378 0.921588 0.903261 0.853710 0.921951 0.972182 0.842345 0.936172 0.674406 0.889849 0.667986 0.795555 0.455631 0.904056 0.911637 0.835871 0.552757 0.467402 0.608659 0.715898 0.742059 0.937184 0.850538 0.990612 0.985707 0.675499 0.765961 0.535368 0.682648 0.749417 0.869613 0.986551 0.811819 0.903255 0.774428 0.951274 0.834456 0.917868 0.569206 0.791969 0.981491 0.878334 0.842389
0.675793 0.584009 0.496092 0.454035 0.798196 0.892988 0.848954 0.919007 0.955806 0.672875 0.894336 0.810357 0.780694 0.764470 0.877528 0.785187 0.972694 0.918064 0.872730 0.718102 0.702886 0.886669 0.871636 0.602112 0.319977 0.000000 0.625462 0.886190 0.744516 0.870805 0.849757 0.802294 0.970650 0.999314 0.901514 0.837463 0.674827 0.667627 0.566648 0.984497 0.978092 0.621725 0.948712 0.951896 0.558514 0.640202 0.991778 0.926649 0.650118 0.720230 0.635602 0.723342 0.599144 0.554051 0.917620 0.990816 0.686311 0.653312 0.973496 0.735674 0.784645 0.916299 0.762353 0.865150 0.477209 0.623826 0.793259 0.743483 0.524001 0.659837 0.972788 0.948659 0.981035 0.940273 0.894730 0.967556 0.790128 0.953808 0.920669 0.805273 0.925168 0.730428 0.998224 0.701875 0.888465 0.601457 0.907820 0.932295 0.765914 0.637212 0.638348 0.774148 0.904548 0.899472 0.938234 0.895186 0.822131 0.985900 0.839928 0.795478 0.628057 0.824504 0.781507 0.916934 0.867984 0.842788 0.858131 0.948373 0.998330 0.847177 0.975534 0.694297 0.940389 0.890304 0.895893 0.877285
0.719425 0.695780 0.713922 0.620722 0.875042 0.901139 0.880505 0.932472 0.807328 0.700962 0.882723 0.734430 0.841197 0.806858 0.899527 0.886726 0.878247 0.850021 0.759282 0.655353 0.812291 0.920681 0.842996 0.654138 0.569405 0.625462 0.000000 0.760074 0.899759 0.983554 0.907355 0.902981 0.969990 0.952582 0.988244 0.976900 0.623217 0.780387 0.745531 0.829371 0.915631 0.865088 0.953704 0.922423 0.729622 0.828907 0.901859 0.894677 0.840927 0.885645 0.766528 0.862806 0.696905 0.667756 0.843324 0.907762 0.707859 0.705146 0.916754 0.756205 0.874247 0.970999 0.964996 0.929437 0.735042 0.792516 0.970754 0.894814 0.710837 0.730343 0.921957 0.973248 0.937744 0.975381 0.911567 0.951775 0.855294 0.973041 0.965781 0.995604 0.961342 0.756239 0.867784 0.673297 0.844690 0.620404 0.932521 0.836699 0.829793 0.593037 0.728002 0.822280 0.835960 0.910458 0.948814 0.885561 0.918940 0.877247 0.855700 0.912517 0.794312 0.815341 0.988221 0.960851 0.826228 0.820546 0.980070 0.876268 0.918987 0.790344 0.894453 0.810682 0.946251 0.894537 0.931229 0.936425
0.977323 0.995198 0.934201 0.951252 0.965174 0.709821 0.761883 0.871707 0.992608 0.843584 0.958605 0.904101 0.762825 0.832019 0.869263 0.913389 0.945005 0.979474 0.851683 0.938601 0.951514 0.934169 0.794657 0.995106 0.865510 0.886190 0.760074 0.000000 0.887622 0.902197 0.855710 0.873097 0.732248 0.817920 0.862908 0.998911 0.838276 0.789229 0.891991 0.747267 0.910450 0.744175 0.872501 0.887705 0.769245 0.748136 0.783045 0.803362 0.766877 0.714616 0.728193 0.712618 0.856499 0.828271 0.826103 0.831801 0.981348 0.999045 0.716903 0.817394 0.672879 0.876133 0.767679 0.869764 0.959426 0.943527 0.683164 0.725772 0.952320 0.832976 0.957759 0.952730 0.933687 0.900153 0.965329 0.952801 0.875495 0.987717 0.984218 0.829464 0.912594 0.955468 0.832617 0.961839 0.869024 0.985000 0.856792 0.901633 0.972061 0.961919 0.927519 0.918078 0.846720 0.921612 0.964660 0.982665 0.932050 0.987421 0.797298 0.804723 0.965769 0.858113 0.959994 0.975991 0.978384 0.968861 0.988207 0.972139 0.878819 0.961138 0.960802 0.877270 0.861853 0.994844 0.977961 0.939579
0.898833 0.859363 0.934752 0.943367 0.844839 0.962448 0.604863 0.772544 0.990031 0.705075 0.869894 0.645513 0.793596 0.779152 0.630901 0.853563 0.587017 0.678186 0.609002 0.747705 0.934146 0.815814 0.619682 0.927472 0.699886 0.744516 0.899759 0.887622 0.000000 0.367786 0.643789 0.757591 0.504159 0.418602 0.904159 0.922301 0.965092 0.960086 0.970628 0.992812 0.992913 0.991748 0.600400 0.475630 0.524303 0.472092 0.563398 0.490628 0.462514 0.502649 0.501584 0.523802 0.651806 0.682979 0.678063 0.628227 0.889180 0.881637 0.750322 0.993883 0.591841 0.766349 0.498841 0.472088 0.890585 0.832033 0.621864 0.644384 0.988338 0.998980 0.723185 0.861692 0.781832 0.745294 0.883034 0.846278 0.730482 0.785385 0.630740 0.754241 0.660619 0.987235 0.681107 0.982111 0.811991 0.953870 0.957332 0.914148 0.948962 0.954635 0.877451 0.912575 0.951407 0.875126 0.775192 0.813149 0.944274 0.944397 0.686086 0.691849 0.803990 0.892917 0.721048 0.773880 0.703763 0.621641 0.857403 0.898054 0.894966 0.795950 0.932342 0.619170 0.701243 0.751751 0.789151 0.936349
0.742628 0.762644 0.980443 0.866069 0.937029 0.974316 0.743100 0.795800 0.812204 0.927130 0.738933 0.549130 0.728649 0.488920 0.599141 0.707826 0.472118 0.544012 0.584224 0.621362 0.913872 0.942261 0.660057 0.881680 0.870342 0.870805 0.983554 0.902197 0.367786 0.000000 0.721681 0.771601 0.523661 0.480593 0.911252 0.852645 0.777516 0.871082 0.883304 0.895594 0.981629 0.932346 0.861948 0.621127 0.779353 0.684514 0.674348 0.605159 0.680505 0.682061 0.731242 0.694157 0.904633 0.888790 0.622757 0.582564 0.770938 0.743842 0.808813 0.993773 0.680160 0.796858 0.523516 0.462602 0.931673 0.976110 0.740721 0.778438 0.855366 0.881818 0.925006 0.992403 0.829955 0.816751 0.922932 0.887693 0.775664 0.858327 0.641738 0.670875 0.574967 0.839496 0.577111 0.748510 0.780477 0.844308 0.898998 0.783353 0.882004 0.828002 0.876254 0.833980 0.779475 0.703688 0.863285 0.861648 0.998466 0.943217 0.949490 0.896475 0.960253 0.943110 0.930844 0.806604 0.756395 0.685833 0.910206 0.987785 0.969853 0.820643 0.921942 0.738798 0.902042 0.903046 0.853330 0.931267
0.977552 0.850520 0.638652 0.747162 0.830175 0.824393 0.602780 0.635277 0.735459 0.636551 0.969613 0.740115 0.680632 0.877204 0.473167 0.596373 0.925059 0.984094 0.628308 0.826630 0.855293 0.982085 0.424701 0.902302 0.863574 0.849757 0.907355 0.855710 0.643789 0.721681 0.000000 0.543178 0.547094 0.539004 0.777148 0.979742 0.826693 0.970370 0.890948 0.996999 0.838410 0.902981 0.469292 0.445157 0.702616 0.610337 0.499695 0.526192 0.690586 0.682999 0.662641 0.613908 0.784802 0.833804 0.752183 0.753875 0.970973 0.931913 0.763347 0.827154 0.584987 0.545891 0.855087 0.761535 0.640366 0.830708 0.675018 0.625662 0.984541 0.930278 0.585093 0.691726 0.699010 0.747487 0.999709 0.752760 0.545839 0.642363 0.710401 0.796145 0.965594 0.877138 0.888915 0.942801 0.857369 0.899776 0.811097 0.864315 0.883277 0.885505 0.969536 0.917835 0.913426 0.884914 0.751300 0.905462 0.771116 0.951354 0.646369 0.582291 0.957882 0.886880 0.813739 0.930623 0.830615 0.656116 0.736961 0.901056 0.782969 0.866023 0.779594 0.798539 0.695587 0.853438 0.550197 0.812688
0.814305 0.824107 0.650020 0.698236 0.992601 0.932424 0.902838 0.871907 0.970680 0.902870 0.957476 0.685516 0.673999 0.763380 0.582867 0.630401 0.925440 0.900077 0.653900 0.792221 0.642535 0.940440 0.453277 0.666693 0.699561 0.802294 0.902981 0.873097 0.757591 0.771601 0.543178 0.000000 0.619951 0.722852 0.927213 0.869001 0.906686 0.897303 0.842190 0.894994 0.890587 0.856437 0.790689 0.660068 0.898518 0.784158 0.539196 0.665623 0.820359 0.860533 0.869309 0.802134 0.951490 0.902841 0.766475 0.759084 0.800980 0.836772 0.786088 0.791370 0.810413 0.773646 0.871125 0.847845 0.665935 0.852854 0.848295 0.833388 0.786376 0.962438 0.918877 0.873165 0.913085 0.910675 0.936695 0.980230 0.721696 0.843041 0.809385 0.769466 0.885322 0.955692 0.721034 0.897990 0.774566 0.745613 0.809468 0.962997 0.927781 0.738115 0.753135 0.756061 0.716345 0.705068 0.922304 0.937854 0.874007 0.902759 0.912274 0.888067 0.833828 0.918157 0.956754 0.909456 0.928443 0.664973 0.925172 0.893164 0.980581 0.847247 0.983491 0.927165 0.841699 0.869947 0.663904 0.999260
0.602518 0.625599 0.880054 0.814968 0.984665 0.895988 0.638986 0.706700 0.908243 0.829181 0.761320 0.540620 0.635323 0.623008 0.604133 0.866940 0.524538 0.535833 0.425773 0.592277 0.783854 0.964112 0.566433 0.916475 0.981682 0.970650 0.969990 0.732248 0.504159 0.523661 0.547094 0.619951 0.000000 0.395539 0.749222 0.999565 0.998049 0.954538 0.909061 0.947424 0.898726 0.874893 0.641681 0.443589 0.602308 0.474730 0.476323 0.393216 0.471757 0.451067 0.524525 0.479538 0.750486 0.839961 0.590478 0.476465 0.604143 0.603188 0.505649 0.664465 0.555570 0.822413 0.421512 0.426892 0.861051 0.895973 0.503349 0.631768 0.761512 0.831546 0.919947 0.981400 0.982177 0.956709 0.874591 0.957256 0.679583 0.881389 0.511486 0.584602 0.540476 0.794560 0.605659 0.709056 0.621842 0.768459 0.968486 0.872735 0.912680 0.701555 0.962875 0.969031 0.984136 0.778719 0.753628 0.859514 0.885751 0.905910 0.655843 0.676057 0.999690 0.915977 0.744836 0.656610 0.731131 0.613875 0.951116 0.955278 0.993162 0.767673 0.812714 0.768758 0.738459 0.652526 0.727863 0.958317
0.680260 0.608956 0.842216 0.770994 0.881504 0.989692 0.497788 0.538397 0.913833 0.732041 0.823922 0.525615 0.611335 0.617787 0.616527 0.783972 0.558039 0.557653 0.470348 0.651798 0.858486 0.852331 0.594786 0.921720 0.923069 0.999314 0.952582 0.817920 0.418602 0.480593 0.539004 0.722852 0.395539 0.000000 0.819569 0.822298 0.874504 0.973867 0.819186 0.999275 0.853445 0.825812 0.551386 0.365081 0.571716 0.473667 0.466593 0.381538 0.491683 0.481576 0.511195 0.472830 0.677903 0.758763 0.565279 0.486012 0.687014 0.653227 0.471711 0.692995 0.471190 0.638650 0.438395 0.393844 0.865564 0.998749 0.472947 0.532474 0.856925 0.853261 0.788098 0.888826 0.903933 0.848659 0.918745 0.871183 0.590545 0.760404 0.516139 0.609194 0.629200 0.923941 0.667260 0.806827 0.773480 0.836847 0.950077 0.974915 0.805160 0.756491 0.975003 0.947162 0.975325 0.802186 0.739878 0.768220 0.797553 0.806463 0.596580 0.580115 0.949596 0.916990 0.731375 0.691739 0.754018 0.588159 0.750368 0.947532 0.938503 0.734556 0.822408 0.708223 0.739493 0.664227 0.633462 0.919739
0.889337 0.847806 0.739987 0.819626 0.948400 0.901779 0.772816 0.806694 0.842954 0.926728 0.950104 0.891558 0.691548 0.843089 0.675436 0.863553 0.987909 0.962170 0.796386 0.917089 0.996512 0.896126 0.782817 0.872617 0.905222 0.901514 0.988244 0.862908 0.904159 0.911252 0.777148 0.927213 0.749222 0.819569 0.000000 0.957451 0.953312 0.795987 0.970145 0.801044 0.756154 0.975005 0.734105 0.773802 0.821181 0.813774 0.782559 0.752574 0.865086 0.765308 0.772346 0.755390 0.857099 0.892950 0.839464 0.774104 0.875297 0.877856 0.751203 0.748675 0.710735 0.757307 0.864308 0.902918 0.781076 0.901429 0.733557 0.800102 0.988317 0.954180 0.802468 0.993339 0.967251 0.935134 0.900185 0.946679 0.621518 0.934052 0.868861 0.858606 0.936455 0.972785 0.969238 0.946531 0.855947 0.864176 0.859322 0.943636 0.910658 0.824354 0.977794 0.936295 0.957021 0.849159 0.957844 0.897449 0.868253 0.976990 0.783393 0.771282 0.800986 0.986971 0.909352 0.855606 0.870890 0.952916 0.919051 0.931466 0.997717 0.933105 0.885720 0.852365 0.752420 0.865279 0.750948 0.996349
0.916630 0.943834 0.834490 0.880788 0.750870 0.954705 0.873012 0.934427 0.829808 0.963649 0.943000 0.940215 0.964196 0.891391 0.901072 0.980922 0.954942 0.971338 0.955093 0.970914 0.834396 0.854145 0.996229 0.969403 0.846636 0.837463 0.976900 0.998911 0.922301 0.852645 0.979742 0.869001 0.999565 0.822298 0.957451 0.000000 0.946191 0.994985 0.934985 0.932268 0.736012 0.931771 0.960750 0.920423 0.801785 0.856464 0.934100 0.835000 0.892811 0.861800 0.807925 0.848049 0.768902 0.742808 0.894116 0.824147 0.871930 0.939885 0.856766 0.959103 0.849332 0.929986 0.863205 0.902954 0.862161 0.996446 0.799894 0.735029 0.806318 0.961098 0.972189 0.963461 0.968289 0.955541 0.854765 0.939323 0.961197 0.971980 0.998002 0.967517 0.957939 0.892137 0.922271 0.972309 0.996995 0.936325 0.823770 0.856961 0.952083 0.895339 0.879865 0.867113 0.861405 0.999002 0.995815 0.849998 0.939886 0.757405 0.876125 0.768867 0.816989 0.911900 0.856866 0.769813 0.980442 0.967906 0.953712 0.964937 0.931991 0.972256 0.897552 0.740922 0.975160 0.988413 0.982340 0.871156
0.802775 0.728937 0.596312 0.522830 0.905330 0.878282 0.921306 0.891849 0.949905 0.744137 0.944866 0.777217 0.925524 0.748035 0.768970 0.672305 0.830238 0.854006 0.781664 0.719212 0.780217 0.987247 0.835389 0.729337 0.645369 0.674827 0.623217 0.838276 0.965092 0.777516 0.826693 0.906686 0.998049 0.874504 0.953312 0.946191 0.000000 0.702877 0.649497 0.779326 0.964090 0.839008 0.999082 0.927197 0.719813 0.795073 0.994141 0.944840 0.766070 0.808464 0.750443 0.851968 0.712386 0.728885 0.838578 0.973605 0.783671 0.772519 0.892678 0.953568 0.874473 0.947413 0.871384 0.975609 0.633480 0.701254 0.817590 0.851502 0.715916 0.807395 0.966810 0.866790 0.836001 0.965676 0.902800 0.871482 0.857835 0.965671 0.861195 0.922415 0.891602 0.843679 0.863323 0.801289 0.907901 0.700204 0.947057 0.926897 0.813527 0.783822 0.711310 0.738021 0.686344 0.766783 0.999005 0.871294 0.944623 0.930315 0.794708 0.922224 0.689150 0.800781 0.842412 0.991408 0.811163 0.798137 0.826290 0.981244 0.845075 0.993015 0.764456 0.913937 0.876824 0.989718 0.849861 0.911018
0.851495 0.795560 0.825183 0.667891 0.867071 0.877056 0.874474 0.875847 0.907648 0.772449 0.962149 0.802029 0.956484 0.779315 0.997933 0.769579 0.897675 0.870601 0.995452 0.767282 0.758944 0.988929 0.994313 0.747152 0.710910 0.667627 0.780387 0.789229 0.960086 0.871082 0.970370 0.897303 0.954538 0.973867 0.795987 0.994985 0.702877 0.000000 0.708309 0.994152 0.868562 0.638699 0.848997 0.925148 0.683028 0.691758 0.823911 0.781660 0.727761 0.689908 0.727849 0.685196 0.754599 0.731851 0.939704 0.908441 0.785039 0.785984 0.770794 0.898337 0.802440 0.885859 0.891547 0.977567 0.800804 0.709134 0.713613 0.727203 0.680345 0.695173 0.959333 0.932755 0.853881 0.913698 0.919108 0.866028 0.986616 0.904583 0.815460 0.947437 0.915049 0.772220 0.789226 0.838757 0.967220 0.834033 0.785851 0.939723 0.782591 0.831432 0.774603 0.679578 0.843386 0.833744 0.923889 0.940997 0.887013 0.925987 0.759266 0.766136 0.811746 0.781150 0.728303 0.959380 0.975847 0.908482 0.917521 0.835526 0.903791 0.917002 0.802662 0.701625 0.787374 0.890623 0.922131 0.798011
