0.000000 0.263786 0.888601 0.727454 0.936530 0.990736 0.824706 0.782403 0.791975 0.760308 0.467616 0.404565 0.456806 0.409861 0.702459 0.642063 0.343626 0.279284 0.396177 0.317178 0.840311 0.745673 0.906371 0.727578 0.835050 0.950306 0.840958 0.909837 0.709289 0.596636 0.694687 0.954674 0.745631 0.699958 0.930196 0.908154 0.779998 0.631170 0.840690 0.722291 0.803325 0.933838 0.807146 0.703406 0.907447 0.765753 0.613057 0.641621 0.702101 0.577245 0.721297 0.598867 0.902330 0.817817 0.495786 0.627271 0.277339 0.275388 0.450346 0.452891 0.782837 0.959502 0.501745 0.496999 0.844565 0.863542 0.849158 0.895572 0.330328 0.432837 0.960885 0.800418 0.755801 0.958044 0.840420 0.730880 0.846350 0.896456 0.697135 0.516531 0.280848 0.264297 0.494561 0.345765 0.511840 0.564682 0.660065 0.671333 0.679374 0.531573 0.934301 0.987037 0.890591 0.926989 0.770861 0.984989 0.747796 0.941066 0.842276 0.910715 0.842431 0.960727 0.828434 0.892162 0.902999 0.958280 0.951017 0.882729 0.907966 0.803217 0.974893 0.949379 0.964512 0.874489 0.921696 0.931108
0.263786 0.000000 0.805368 0.633535 0.950097 0.955001 0.773945 0.751813 0.828509 0.777541 0.583467 0.418645 0.420680 0.369128 0.615189 0.524600 0.351729 0.298437 0.417248 0.306339 0.820417 0.718084 0.752739 0.629974 0.765405 0.990610 0.776383 0.926167 0.671302 0.569783 0.745024 0.923606 0.724480 0.696814 0.921539 0.974168 0.831210 0.603140 0.805726 0.691072 0.845209 0.950320 0.739223 0.658329 0.860201 0.721944 0.564777 0.590050 0.657810 0.508704 0.614102 0.491878 0.757973 0.875015 0.514159 0.651636 0.248611 0.203944 0.430837 0.365298 0.705887 0.874819 0.486436 0.446886 0.762998 0.792280 0.782552 0.844083 0.418175 0.434931 0.982802 0.817442 0.766050 0.991717 0.868367 0.843925 0.809125 0.962674 0.617445 0.578540 0.289643 0.291475 0.461865 0.374090 0.418365 0.472975 0.663851 0.569043 0.678418 0.503183 0.957789 0.997886 0.859489 0.956815 0.674011 0.940200 0.759224 0.946463 0.860599 0.891053 0.840646 0.987039 0.846764 0.907714 0.838493 0.853005 0.978207 0.926700 0.858714 0.776805 0.879641 0.906461 0.925701 0.813769 0.753154 0.937659
0.888601 0.805368 0.000000 0.296559 0.651842 0.787161 0.334610 0.419509 0.532070 0.920363 0.998498 0.907362 0.612696 0.814495 0.667370 0.744703 0.950574 0.919211 0.797179 0.855224 0.744933 0.973784 0.475682 0.556253 0.483819 0.417595 0.933525 0.922638 0.894783 0.833778 0.646656 0.807351 0.543622 0.668681 0.653307 0.797428 0.582770 0.765547 0.838753 0.996767 0.868560 0.886787 0.750025 0.752942 0.704109 0.795098 0.745494 0.837037 0.925913 0.987104 0.949826 0.915927 0.839842 0.929224 0.711120 0.967695 0.898284 0.920816 0.763207 0.893644 0.329886 0.444064 0.907372 0.995871 0.312800 0.257835 0.454740 0.481621 0.834204 0.985482 0.582923 0.592123 0.705391 0.713776 0.966812 0.780422 0.818848 0.681268 0.992628 0.997219 0.973160 0.945834 0.968489 0.974343 0.540609 0.461366 0.851700 0.902275 0.772073 0.731611 0.625679 0.900814 0.568186 0.807254 0.755357 0.946425 0.776363 0.927769 0.798661 0.766408 0.732162 0.942442 0.858235 0.989966 0.605577 0.778617 0.872803 0.867804 0.661706 0.868957 0.773185 0.798989 0.896470 0.981651 0.814089 0.863166
0.727454 0.633535 0.296559 0.000000 0.641526 0.856252 0.430947 0.408397 0.653479 0.958173 0.964680 0.712028 0.501495 0.639537 0.559034 0.574498 0.908179 0.889266 0.609185 0.629251 0.798403 0.888618 0.379823 0.427660 0.513413 0.552634 0.771409 0.997110 0.948493 0.992475 0.801029 0.774176 0.622023 0.708010 0.642489 0.839600 0.628979 0.721857 0.801922 0.865098 0.907679 0.888642 0.735306 0.721441 0.735639 0.747896 0.716735 0.719040 0.952375 0.868436 0.855994 0.786787 0.786457 0.877586 0.659848 0.894608 0.759575 0.738182 0.668634 0.767306 0.413285 0.491979 0.995516 0.839442 0.321829 0.345622 0.468987 0.555791 0.711010 0.908940 0.597610 0.663353 0.793846 0.797275 0.997553 0.801713 0.753998 0.721325 0.863637 0.853888 0.822654 0.797890 0.841082 0.817381 0.451268 0.411871 0.746940 0.798929 0.712992 0.665130 0.643090 0.885605 0.581450 0.783878 0.685625 0.883618 0.710548 0.868192 0.778844 0.710423 0.818650 0.939063 0.958555 0.950492 0.563896 0.666556 0.911489 0.814967 0.610430 0.730230 0.800068 0.742262 0.896467 0.979382 0.762525 0.903763
0.936530 0.950097 0.651842 0.641526 0.000000 0.943126 0.756260 0.810283 0.797735 0.953275 0.889084 0.948983 0.766978 0.989344 0.786123 0.895190 0.864914 0.889511 0.969976 0.970861 0.899705 0.967401 0.584284 0.643084 0.630587 0.652501 0.690602 0.952578 0.907115 0.840811 0.819121 0.949893 0.895437 0.996862 0.929397 0.856873 0.847234 0.929023 0.956232 0.988807 0.921628 0.912954 0.999708 0.965681 0.965076 0.929063 0.904761 0.950104 0.823650 0.893949 0.923966 0.963804 0.904362 0.994017 0.976645 0.999893 0.954525 0.984929 0.937909 0.992583 0.759147 0.829013 0.927174 0.957274 0.599899 0.687942 0.792418 0.828143 0.921083 0.943929 0.822458 0.945562 0.815451 0.977645 0.996037 0.947408 0.907704 0.962327 0.857551 0.972905 0.931979 0.923969 0.931028 0.933883 0.748867 0.701478 0.925055 0.831539 0.865424 0.905458 0.921999 0.977525 0.810613 0.954229 0.900595 0.998490 0.971552 0.835315 0.993699 0.995117 0.976755 0.943530 0.854959 0.847451 0.906617 0.827299 0.975692 0.934460 0.991262 0.935292 0.863452 0.972062 0.876472 0.826751 0.980317 0.924015
0.990736 0.955001 0.787161 0.856252 0.943126 0.000000 0.579138 0.574070 0.792695 0.678761 0.784799 0.946915 0.955778 0.965610 0.960575 0.993764 0.991673 0.982800 0.854379 0.964952 0.953366 0.948853 0.972031 0.913164 0.914969 0.829879 0.752387 0.933361 0.840433 0.829879 0.794641 0.807259 0.628652 0.545477 0.924116 0.789385 0.895086 0.987881 0.973480 0.922826 0.920634 0.856392 0.621587 0.659422 0.588201 0.672520 0.749011 0.730884 0.747913 0.885267 0.816891 0.910547 0.772924 0.936733 0.855576 0.872100 0.982043 0.967352 0.732354 0.759011 0.681798 0.705670 0.883449 0.921098 0.955289 0.721181 0.566213 0.602457 0.942666 0.944591 0.678460 0.781561 0.753790 0.787662 0.954773 0.855066 0.842349 0.745160 0.924640 0.944389 0.939069 0.965384 0.883460 0.999913 0.979230 0.988236 0.874286 0.983043 0.862769 0.837403 0.694643 0.800354 0.737733 0.932385 0.853542 0.931176 0.648535 0.838425 0.597769 0.608978 0.657708 0.873207 0.929427 0.748619 0.792025 0.753940 0.960750 0.840552 0.961910 0.832131 0.780960 0.652872 0.706359 0.815484 0.839381 0.862974
0.824706 0.773945 0.334610 0.430947 0.756260 0.579138 0.000000 0.261221 0.509125 0.652634 0.764680 0.816581 0.687418 0.767048 0.699802 0.793410 0.845782 0.922996 0.590137 0.744533 0.910397 0.960673 0.650353 0.775950 0.792141 0.538742 0.880574 0.967929 0.835003 0.951009 0.614271 0.580155 0.335347 0.414396 0.649113 0.770678 0.607466 0.815777 0.876816 0.939335 0.931499 0.814689 0.422094 0.452330 0.418037 0.489326 0.494366 0.560244 0.755461 0.773786 0.715365 0.710204 0.584370 0.731758 0.604175 0.723853 0.797352 0.870731 0.544382 0.732321 0.310641 0.426413 0.822254 0.803788 0.555872 0.356313 0.287201 0.283542 0.900313 0.987784 0.457709 0.567615 0.649177 0.674857 0.950075 0.738789 0.624140 0.621392 0.781774 0.863812 0.838971 0.832705 0.912298 0.890059 0.651841 0.626200 0.954171 0.886114 0.835425 0.847157 0.431067 0.716519 0.483073 0.767407 0.672011 0.827774 0.522148 0.751354 0.476073 0.429872 0.538245 0.752453 0.817558 0.741729 0.460745 0.619768 0.815709 0.714941 0.645593 0.756775 0.657630 0.574846 0.606708 0.795334 0.737791 0.828685
0.782403 0.751813 0.419509 0.408397 0.810283 0.574070 0.261221 0.000000 0.545443 0.582625 0.773521 0.689476 0.702067 0.718146 0.776961 0.739543 0.860039 0.958846 0.566013 0.664990 0.953766 0.909793 0.730005 0.838241 0.840640 0.598275 0.890719 0.957916 0.840741 0.882877 0.643108 0.544454 0.410093 0.381072 0.700011 0.865028 0.535293 0.772385 0.889531 0.932506 0.890449 0.811516 0.391127 0.412011 0.441628 0.458287 0.438940 0.447983 0.694016 0.684023 0.623415 0.624024 0.605261 0.670834 0.594656 0.746131 0.809612 0.865043 0.509751 0.678230 0.347977 0.325763 0.886704 0.746299 0.676627 0.371776 0.380501 0.315216 0.858847 0.942833 0.527338 0.547869 0.668767 0.706206 0.930518 0.799783 0.636743 0.613860 0.827711 0.762521 0.795175 0.834308 0.934309 0.881425 0.772067 0.707801 0.993609 0.945696 0.923795 0.917198 0.455392 0.741805 0.556837 0.855098 0.749638 0.769798 0.571981 0.813793 0.451956 0.401964 0.474613 0.740975 0.704961 0.709832 0.466407 0.681818 0.891511 0.655454 0.639110 0.729401 0.694176 0.576573 0.659572 0.751948 0.661770 0.934534
0.791975 0.828509 0.532070 0.653479 0.797735 0.792695 0.509125 0.545443 0.000000 0.571676 0.920473 0.796611 0.955057 0.840670 0.943424 0.919417 0.847138 0.666650 0.996928 0.844144 0.993557 0.862261 0.794746 0.992621 0.808759 0.497590 0.827829 0.951325 0.994547 0.819540 0.469033 0.634649 0.512174 0.695644 0.690980 0.971167 0.786964 0.949964 0.999128 0.947801 0.963352 0.757924 0.608599 0.675100 0.538581 0.651645 0.737480 0.787640 0.904272 0.919707 0.786811 0.886423 0.729849 0.646779 0.885052 0.928183 0.825041 0.714127 0.836499 0.919314 0.539478 0.550126 0.917849 0.924164 0.733447 0.605275 0.534607 0.477047 0.904761 0.781092 0.617003 0.558044 0.532978 0.594899 0.910798 0.866422 0.789161 0.640481 0.992742 0.852804 0.748181 0.691131 0.884566 0.731453 0.981851 0.923330 0.878631 0.988094 0.977704 0.971921 0.551992 0.864880 0.677947 0.861260 0.843433 0.902114 0.853232 0.840893 0.604842 0.628597 0.571293 0.929348 0.874477 0.759386 0.638236 0.738740 0.819679 0.711037 0.719676 0.927274 0.662757 0.624390 0.682295 0.813940 0.764739 0.931237
0.760308 0.777541 0.920363 0.958173 0.953275 0.678761 0.652634 0.582625 0.571676 0.000000 0.915118 0.976230 0.676685 0.748889 0.812903 0.811571 0.929217 0.720513 0.965279 0.909712 0.867325 0.884215 0.870911 0.637310 0.802760 0.824369 0.623045 0.863538 0.800475 0.850759 0.527413 0.552437 0.633023 0.547735 0.793703 0.976353 0.839477 0.899735 0.984564 0.966527 0.936877 0.757834 0.436977 0.536349 0.386397 0.434675 0.661265 0.581237 0.530855 0.696112 0.574060 0.780894 0.633117 0.519679 0.961074 0.847657 0.770053 0.693777 0.778210 0.915642 0.718387 0.527645 0.969912 0.848183 0.813858 0.881678 0.655752 0.488335 0.769138 0.807828 0.743770 0.622695 0.504451 0.653291 0.967984 0.804647 0.673091 0.609811 0.948086 0.968122 0.876428 0.706167 0.800034 0.756952 0.668885 0.729112 0.678583 0.799618 0.923507 0.677463 0.677489 0.920767 0.884152 0.905799 0.957412 0.792817 0.754721 0.706770 0.486746 0.515483 0.458362 0.778299 0.584006 0.547208 0.633429 0.737949 0.917470 0.579261 0.800205 0.797099 0.671371 0.635708 0.608350 0.802621 0.754070 0.842275
0.467616 0.583467 0.998498 0.964680 0.889084 0.784799 0.764680 0.773521 0.920473 0.915118 0.000000 0.630450 0.835185 0.688884 0.961112 0.990327 0.514266 0.473731 0.544843 0.537734 0.870664 0.990514 0.773819 0.884379 0.752564 0.848000 0.854337 0.896208 0.608602 0.472614 0.819666 0.776995 0.660343 0.551844 0.932570 0.823588 0.928652 0.896731 0.892412 0.910185 0.848805 0.923525 0.678443 0.619296 0.721289 0.660749 0.625114 0.707860 0.606466 0.642712 0.746080 0.711002 0.893578 0.966341 0.669836 0.737859 0.538014 0.631490 0.518515 0.583838 0.868523 0.971633 0.461378 0.643510 0.850683 0.991263 0.692337 0.741206 0.711443 0.729648 0.974752 0.892665 0.961861 0.931156 0.858477 0.867155 0.791141 0.964907 0.719712 0.639842 0.464797 0.513466 0.778893 0.642153 0.916245 0.971741 0.857662 0.855544 0.889413 0.910246 0.750026 0.760700 0.767954 0.813145 0.739422 0.991088 0.650016 0.807882 0.658735 0.724332 0.864179 0.731455 0.698867 0.635199 0.954995 0.901157 0.896879 0.989542 0.898390 0.802036 0.909916 0.842247 0.804536 0.832241 0.964181 0.932626
0.404565 0.418645 0.907362 0.712028 0.948983 0.946915 0.816581 0.689476 0.796611 0.976230 0.630450 0.000000 0.534000 0.510816 0.702568 0.573448 0.547709 0.458448 0.520440 0.341493 0.881138 0.709038 0.852298 0.750847 0.856640 0.933228 0.846016 0.921477 0.638449 0.481282 0.834698 0.908529 0.781929 0.646049 0.963302 0.946372 0.663656 0.559444 0.872631 0.685195 0.910140 0.971954 0.785585 0.729782 0.856790 0.739610 0.681772 0.588933 0.639335 0.587445 0.690926 0.617975 0.840426 0.937647 0.621668 0.757409 0.488540 0.413913 0.611686 0.524201 0.715732 0.725163 0.594577 0.409826 0.888164 0.836038 0.886366 0.855520 0.525682 0.504792 0.971465 0.901278 0.857781 0.947882 0.990801 0.866233 0.911124 0.996457 0.760706 0.490089 0.372287 0.441080 0.644011 0.488508 0.664989 0.666199 0.715427 0.753496 0.886779 0.743090 0.978686 0.948457 0.984871 0.841048 0.848615 0.838562 0.737030 0.931505 0.913393 0.885772 0.958572 0.973563 0.824632 0.881338 0.837243 0.885939 0.815701 0.914561 0.853689 0.767468 0.958140 0.933838 0.974217 0.776665 0.858634 0.929044
0.456806 0.420680 0.612696 0.501495 0.766978 0.955778 0.687418 0.702067 0.955057 0.676685 0.835185 0.534000 0.000000 0.320342 0.388727 0.368615 0.565176 0.543849 0.447006 0.479194 0.863988 0.693948 0.452666 0.382420 0.654378 0.915323 0.694317 0.964831 0.842370 0.814903 0.866766 0.994210 0.778851 0.846660 0.940774 0.944641 0.766594 0.785261 0.953715 0.884991 0.852584 0.930778 0.888350 0.791746 0.988738 0.912054 0.724206 0.769983 0.975728 0.779603 0.864108 0.630344 0.812612 0.987149 0.745869 0.783911 0.469973 0.418755 0.688619 0.600780 0.622800 0.776536 0.733255 0.634397 0.521672 0.628131 0.854137 0.928581 0.604396 0.638924 0.792882 0.977867 0.893529 0.936991 0.920579 0.952259 0.846144 0.946928 0.780398 0.562102 0.527395 0.479549 0.611751 0.545380 0.366692 0.439908 0.574983 0.625981 0.778292 0.594200 0.864405 0.838244 0.796719 0.843019 0.843300 0.988761 0.812356 0.961121 0.938132 0.860139 0.918855 0.931983 0.986068 0.919198 0.829251 0.887811 0.935254 0.927477 0.820907 0.881677 0.924919 0.900122 0.957902 0.889161 0.886756 0.947070
0.409861 0.369128 0.814495 0.639537 0.989344 0.965610 0.767048 0.718146 0.840670 0.748889 0.688884 0.510816 0.320342 0.000000 0.444865 0.351764 0.451739 0.397916 0.378786 0.444050 0.945953 0.673118 0.663492 0.544480 0.910217 0.919422 0.766554 0.965207 0.659914 0.608770 0.754308 0.849683 0.794304 0.753315 0.969686 0.896504 0.945663 0.810231 0.976691 0.864916 0.979929 0.895325 0.770149 0.663676 0.938145 0.785553 0.617020 0.674648 0.842152 0.665223 0.751466 0.548576 0.769477 0.968421 0.754645 0.725984 0.351412 0.361748 0.555683 0.481703 0.695525 0.856707 0.610960 0.554827 0.756770 0.748240 0.868221 0.939711 0.701765 0.657588 0.980803 0.828469 0.867832 0.972319 0.839867 0.965347 0.890159 0.968028 0.634574 0.448408 0.404960 0.392935 0.505683 0.481146 0.503534 0.548410 0.664136 0.637294 0.795272 0.657405 0.878406 0.848050 0.892220 0.891940 0.816302 0.993918 0.809938 0.931937 0.854137 0.777716 0.941332 0.889665 0.847093 0.901771 0.856915 0.906677 0.964897 0.868804 0.824373 0.842617 0.854770 0.840554 0.928581 0.796128 0.752428 0.958054
0.702459 0.615189 0.667370 0.559034 0.786123 0.960575 0.699802 0.776961 0.943424 0.812903 0.961112 0.702568 0.388727 0.444865 0.000000 0.312141 0.677235 0.682401 0.591330 0.703439 0.903228 0.765196 0.397025 0.396433 0.678247 0.930516 0.738125 0.958294 0.735528 0.836690 0.974106 0.793596 0.801429 0.852785 0.917336 0.919182 0.890318 0.804135 0.972518 0.956629 0.976336 0.993067 0.837428 0.798795 0.917893 0.855732 0.765890 0.800674 0.980604 0.855026 0.870830 0.706574 0.690608 0.938945 0.844396 0.824030 0.573274 0.577727 0.712594 0.696324 0.605495 0.743041 0.758187 0.665405 0.514760 0.662355 0.861028 0.889956 0.824679 0.838558 0.813013 0.943876 0.985522 0.842707 0.870582 0.881672 0.870940 0.780250 0.672069 0.612350 0.670263 0.669441 0.589694 0.654804 0.421411 0.487248 0.699942 0.603345 0.763874 0.650144 0.974953 0.970631 0.947241 0.942903 0.804242 0.955264 0.780021 0.962903 0.925879 0.809337 0.920197 0.972633 0.994264 0.887212 0.722557 0.790592 0.890296 0.925289 0.780083 0.895063 0.873457 0.852359 0.856368 0.919063 0.836838 0.917748
0.642063 0.524600 0.744703 0.574498 0.895190 0.993764 0.793410 0.739543 0.919417 0.811571 0.990327 0.573448 0.368615 0.351764 0.312141 0.000000 0.634090 0.636664 0.596282 0.618951 0.917015 0.687345 0.430811 0.416668 0.726114 0.988651 0.768816 0.929428 0.723217 0.732991 0.992553 0.822820 0.847083 0.831888 0.975326 0.938301 0.863771 0.778503 0.955429 0.884724 0.997377 0.871452 0.824108 0.731506 0.977918 0.828144 0.699710 0.734990 0.932615 0.779724 0.775564 0.640316 0.689181 0.974577 0.856130 0.817607 0.530052 0.488874 0.689391 0.595525 0.619983 0.693441 0.794687 0.568278 0.612808 0.695271 0.953346 0.980483 0.799595 0.739830 0.953484 0.904657 0.930187 0.850515 0.946912 0.853467 0.916885 0.795906 0.681267 0.590319 0.581348 0.610142 0.553886 0.553051 0.441437 0.482404 0.763132 0.661354 0.766373 0.664349 0.969068 0.971363 0.967627 0.906114 0.873131 0.995681 0.883295 0.989903 0.982214 0.854809 0.948020 0.965266 0.964847 0.882623 0.777131 0.824853 0.889312 0.955002 0.764033 0.909247 0.902891 0.860621 0.879769 0.813984 0.716014 0.876658
0.343626 0.351729 0.950574 0.908179 0.864914 0.991673 0.845782 0.860039 0.847138 0.929217 0.514266 0.547709 0.565176 0.451739 0.677235 0.634090 0.000000 0.285966 0.424576 0.407372 0.980934 0.750909 0.960170 0.844864 0.961275 0.821020 0.941601 0.938529 0.514425 0.474946 0.801159 0.823636 0.703060 0.650833 0.990476 0.974333 0.904868 0.717826 0.908339 0.737848 0.794857 0.877069 0.675782 0.543253 0.790315 0.617197 0.533576 0.546946 0.522041 0.468062 0.557796 0.465276 0.687526 0.986430 0.559018 0.473092 0.277333 0.299695 0.428353 0.357197 0.872858 0.976669 0.326847 0.375503 0.939672 0.917627 0.881148 0.894875 0.523905 0.522847 0.965298 0.783518 0.819793 0.971869 0.863331 0.894758 0.730452 0.945996 0.525847 0.574472 0.241981 0.293321 0.428251 0.365013 0.630803 0.757636 0.764695 0.567273 0.720923 0.671200 0.958248 0.909438 0.976897 0.988238 0.718234 0.986483 0.702532 0.813906 0.711635 0.798750 0.884949 0.873354 0.605021 0.734874 0.856149 0.883092 0.996287 0.964156 0.928270 0.782168 0.848832 0.821307 0.785604 0.837769 0.803755 0.878702
0.279284 0.298437 0.919211 0.889266 0.889511 0.982800 0.922996 0.958846 0.666650 0.720513 0.473731 0.458448 0.543849 0.397916 0.682401 0.636664 0.285966 0.000000 0.429671 0.356457 0.912510 0.753661 0.968550 0.760196 0.983594 0.793374 0.861329 0.996229 0.585936 0.474876 0.606219 0.978348 0.808429 0.757338 0.947116 0.904006 0.986412 0.731578 0.878391 0.746976 0.891141 0.942294 0.842607 0.745600 0.944991 0.801103 0.676425 0.696099 0.662317 0.585585 0.729501 0.613575 0.867144 0.789847 0.572841 0.578730 0.252804 0.250937 0.494188 0.438678 0.944854 0.837372 0.373970 0.441054 0.986992 0.918650 0.882788 0.996855 0.508436 0.483769 0.904743 0.674796 0.710071 0.906956 0.809989 0.793033 0.885053 0.872581 0.559540 0.533115 0.236586 0.237597 0.442475 0.334218 0.560967 0.671864 0.651158 0.562623 0.708377 0.576825 0.982466 0.925390 0.948464 0.934431 0.718506 0.930833 0.730212 0.818018 0.897779 0.914350 0.788935 0.944619 0.787531 0.852839 0.955155 0.892483 0.966538 0.836181 0.999145 0.828850 0.955304 0.973509 0.940414 0.855308 0.888136 0.970904
0.396177 0.417248 0.797179 0.609185 0.969976 0.854379 0.590137 0.566013 0.996928 0.965279 0.544843 0.520440 0.447006 0.378786 0.591330 0.596282 0.424576 0.429671 0.000000 0.403416 0.961055 0.697023 0.814189 0.735204 0.988150 0.945052 0.900555 0.863968 0.632351 0.618426 0.854192 0.713243 0.628034 0.603243 0.923366 0.994404 0.813431 0.818804 0.890538 0.831518 0.770111 0.975835 0.603412 0.541585 0.719642 0.626733 0.495382 0.487875 0.654157 0.596043 0.697849 0.542143 0.735792 0.926704 0.614992 0.610932 0.399004 0.446711 0.459110 0.466929 0.660832 0.814176 0.517736 0.573329 0.842833 0.744918 0.639641 0.698364 0.647661 0.780580 0.729045 0.980619 0.946961 0.972618 0.872307 0.981492 0.745203 0.857940 0.658989 0.480153 0.401795 0.392291 0.630017 0.529564 0.606552 0.689136 0.721248 0.630063 0.818717 0.795503 0.678770 0.708872 0.671529 0.763816 0.735405 0.810546 0.515037 0.827921 0.589972 0.560515 0.883064 0.732321 0.656405 0.785344 0.681445 0.729859 0.956527 0.887143 0.760751 0.640638 0.807998 0.713021 0.751142 0.769899 0.776148 0.949760
0.317178 0.306339 0.855224 0.629251 0.970861 0.964952 0.744533 0.664990 0.844144 0.909712 0.537734 0.341493 0.479194 0.444050 0.703439 0.618951 0.407372 0.356457 0.403416 0.000000 0.876614 0.746950 0.851422 0.719837 0.875394 0.980873 0.804684 0.922397 0.660392 0.551372 0.771276 0.912669 0.721592 0.648779 0.980894 0.976758 0.745782 0.583067 0.813927 0.684586 0.846347 0.885131 0.727569 0.659803 0.856442 0.734423 0.572881 0.593494 0.628270 0.510887 0.657529 0.528054 0.771439 0.988790 0.512795 0.611985 0.360464 0.312398 0.470831 0.447490 0.751343 0.845839 0.549303 0.450051 0.861197 0.838854 0.764632 0.825741 0.428411 0.479261 0.898745 0.937749 0.801518 0.963317 0.916115 0.891977 0.733858 0.984572 0.684600 0.575849 0.303749 0.328594 0.569364 0.404580 0.547042 0.616483 0.672870 0.704020 0.735130 0.613671 0.847974 0.880440 0.820543 0.913374 0.773784 0.783610 0.626083 0.884437 0.803363 0.760325 0.938671 0.833864 0.717077 0.882258 0.766303 0.820229 0.900842 0.942133 0.827134 0.692566 0.938106 0.865058 0.959519 0.812960 0.845469 0.935127
0.840311 0.820417 0.744933 0.798403 0.899705 0.953366 0.910397 0.953766 0.993557 0.867325 0.870664 0.881138 0.863988 0.945953 0.903228 0.917015 0.980934 0.912510 0.961055 0.876614 0.000000 0.976405 0.901318 0.761991 0.734017 0.850797 0.918906 0.762921 0.998122 0.992106 0.918536 0.958079 0.851359 0.869548 0.776046 0.797401 0.916800 0.931828 0.811080 0.973873 0.983439 0.964921 0.919403 0.970973 0.984194 0.972989 0.987970 0.848133 0.953821 0.902020 0.904461 0.864329 0.831149 0.676213 0.822432 0.800062 0.869041 0.836064 0.870114 0.923597 0.690903 0.844975 0.942464 0.948655 0.691266 0.709943 0.870599 0.936545 0.831795 0.880395 0.972492 0.859290 0.988169 0.917572 0.812758 0.997696 0.987582 0.919636 0.832000 0.999348 0.897721 0.839933 0.821752 0.878782 0.694695 0.627995 0.795671 0.870593 0.742564 0.754844 0.833647 0.679545 0.919330 0.838616 0.997319 0.874753 0.977321 0.836198 0.860398 0.813495 0.859354 0.943273 0.804683 0.839082 0.825383 0.987331 0.898706 0.982780 0.994914 0.841092 0.844039 0.864859 0.940875 0.898987 0.982135 0.969912
0.745673 0.718084 0.973784 0.888618 0.967401 0.948853 0.960673 0.909793 0.862261 0.884215 0.990514 0.709038 0.693948 0.673118 0.765196 0.687345 0.750909 0.753661 0.697023 0.746950 0.976405 0.000000 0.865603 0.819162 0.981200 0.896814 0.877329 0.927071 0.875403 0.887126 0.893202 0.985776 0.959318 0.979968 0.952431 0.901673 0.908950 0.888497 0.874829 0.788994 0.973664 0.896881 0.901385 0.868421 0.959401 0.926309 0.851836 0.821448 0.882251 0.753623 0.801364 0.694581 0.738654 0.895149 0.824497 0.820749 0.708940 0.661833 0.851629 0.687671 0.883415 0.907265 0.759597 0.681327 0.998169 0.998314 0.889721 0.932446 0.875187 0.844483 0.964746 0.914181 0.930879 0.987467 0.892308 0.945763 0.900805 0.983651 0.946060 0.673477 0.703613 0.652905 0.746962 0.697126 0.836973 0.854969 0.760100 0.754400 0.931561 0.927658 0.982084 0.862215 0.954969 0.967004 0.864030 0.993988 0.701016 0.962111 0.914535 0.886926 0.960657 0.804736 0.924931 0.909038 0.880644 0.983987 0.888849 0.976628 0.876883 0.840829 0.874327 0.901471 0.946129 0.851914 0.731488 0.956283
0.906371 0.752739 0.475682 0.379823 0.584284 0.972031 0.650353 0.730005 0.794746 0.870911 0.773819 0.852298 0.452666 0.663492 0.397025 0.430811 0.960170 0.968550 0.814189 0.851422 0.901318 0.865603 0.000000 0.308134 0.483030 0.686750 0.643009 0.952307 0.990984 0.933777 0.850215 0.915794 0.858486 0.975798 0.816492 0.919940 0.778237 0.816733 0.964910 0.979516 0.988987 0.925136 0.937165 0.942185 0.971138 0.964588 0.942525 0.940244 0.869841 0.995543 0.980084 0.864075 0.756967 0.879582 0.936972 0.944805 0.866730 0.783324 0.941671 0.899896 0.568259 0.652940 0.953841 0.850489 0.312945 0.540960 0.753171 0.857171 0.875890 0.945714 0.713561 0.829781 0.851715 0.825651 0.926521 0.726440 0.909440 0.801122 0.876925 0.945569 0.934547 0.942529 0.773965 0.870158 0.396454 0.420011 0.721589 0.748994 0.746220 0.660504 0.889516 0.992924 0.813233 0.858389 0.788739 0.963975 0.914454 0.973565 0.998170 0.899014 0.938879 0.908521 0.824849 0.703639 0.724293 0.732017 0.845765 0.967575 0.749856 0.862467 0.894477 0.846502 0.934094 0.963545 0.833421 0.976194
0.727578 0.629974 0.556253 0.427660 0.643084 0.913164 0.775950 0.838241 0.992621 0.637310 0.884379 0.750847 0.382420 0.544480 0.396433 0.416668 0.844864 0.760196 0.735204 0.719837 0.761991 0.819162 0.308134 0.000000 0.460246 0.769031 0.522728 0.873460 0.925674 0.998242 0.991180 0.983999 0.895276 0.978444 0.875088 0.869907 0.878711 0.807481 0.877183 0.964102 0.954472 0.938183 0.895895 0.961077 0.857957 0.895088 0.984401 0.997111 0.796739 0.966394 0.883465 0.938121 0.938277 0.875640 0.834561 0.945437 0.716265 0.625688 0.933419 0.857794 0.690238 0.838689 0.955106 0.837384 0.378458 0.624352 0.899383 0.989695 0.720374 0.860796 0.831510 0.930829 0.969137 0.944172 0.996251 0.897069 0.985702 0.905831 0.827928 0.822696 0.772677 0.711002 0.708502 0.668766 0.337462 0.364733 0.642145 0.669957 0.666895 0.537352 0.952752 0.919930 0.910307 0.949124 0.827558 0.928093 0.944740 0.913356 0.854832 0.938950 0.817767 0.957695 0.748589 0.672873 0.841087 0.895054 0.977353 0.881730 0.949181 0.984564 0.994224 0.987246 0.905411 0.919899 0.926302 0.995710
0.835050 0.765405 0.483819 0.513413 0.630587 0.914969 0.792141 0.840640 0.808759 0.802760 0.752564 0.856640 0.654378 0.910217 0.678247 0.726114 0.961275 0.983594 0.988150 0.875394 0.734017 0.981200 0.483030 0.460246 0.000000 0.444408 0.624477 0.819259 0.807385 0.747718 0.790033 0.989592 0.830559 0.991329 0.782932 0.836760 0.617768 0.646010 0.820607 0.871465 0.899682 0.977089 0.867659 0.906678 0.934042 0.892847 0.970869 0.938884 0.792101 0.888661 0.887477 0.934409 0.914937 0.786633 0.743619 0.973758 0.895068 0.818874 0.989257 0.982441 0.635941 0.720952 0.801823 0.993259 0.361415 0.550917 0.870425 0.900721 0.620962 0.726947 0.956135 0.874107 0.973979 0.892260 0.921644 0.923571 0.911150 0.984723 0.981422 0.936293 0.997184 0.922019 0.810945 0.831672 0.442838 0.388358 0.830960 0.830226 0.704984 0.512265 0.913162 0.647381 0.957565 0.870399 0.836057 0.927658 0.872588 0.843155 0.781347 0.765547 0.824869 0.778027 0.714272 0.660111 0.898867 0.954406 0.953990 0.876055 0.887383 0.947739 0.977857 0.884979 0.818103 0.787823 0.998214 0.966988
0.950306 0.990610 0.417595 0.552634 0.652501 0.829879 0.538742 0.598275 0.497590 0.824369 0.848000 0.933228 0.915323 0.919422 0.930516 0.988651 0.821020 0.793374 0.945052 0.980873 0.850797 0.896814 0.686750 0.769031 0.444408 0.000000 0.955229 0.843966 0.781102 0.709154 0.505695 0.799241 0.599065 0.737510 0.701349 0.702024 0.586322 0.808859 0.765037 0.882796 0.988028 0.780408 0.815884 0.845437 0.742204 0.834959 0.831646 0.927956 0.916808 0.944104 0.956520 0.995890 0.896553 0.996610 0.717396 0.962264 0.937935 0.927257 0.901969 0.970303 0.517419 0.573219 0.735415 0.862131 0.492700 0.449928 0.581339 0.553594 0.826657 0.919847 0.771131 0.637818 0.703628 0.708102 0.943854 0.927637 0.975178 0.855514 0.881549 0.837939 0.821554 0.849275 0.966344 0.890792 0.689942 0.584597 0.985960 0.991183 0.767148 0.750515 0.781892 0.839397 0.787296 0.934885 0.868988 0.890436 0.956588 0.992191 0.906929 0.944926 0.802306 0.958254 0.847188 0.925466 0.750416 0.810847 0.897901 0.954955 0.819103 0.913700 0.728699 0.934691 0.930626 0.923493 0.908919 0.900936
0.840958 0.776383 0.933525 0.771409 0.690602 0.752387 0.880574 0.890719 0.827829 0.623045 0.854337 0.846016 0.694317 0.766554 0.738125 0.768816 0.941601 0.861329 0.900555 0.804684 0.918906 0.877329 0.643009 0.522728 0.624477 0.955229 0.000000 0.979517 0.885460 0.873047 0.748197 0.871974 0.750154 0.715463 0.921098 0.997927 0.986304 0.779214 0.912113 0.998176 0.953431 0.788298 0.683304 0.729900 0.614875 0.682538 0.858322 0.830739 0.752405 0.918810 0.801812 0.993058 0.852531 0.844475 0.957493 0.954142 0.866399 0.740285 0.868380 0.940865 0.930905 0.875982 0.988016 0.963414 0.707842 0.950243 0.829008 0.793306 0.777241 0.800546 0.871271 0.757782 0.809773 0.798625 0.944197 0.884817 0.953560 0.732767 0.917034 0.981933 0.911685 0.825674 0.820276 0.877210 0.648740 0.677638 0.715508 0.752877 0.973760 0.713304 0.841903 0.888545 0.978319 0.920939 0.974796 0.981192 0.897338 0.895275 0.743422 0.777809 0.712326 0.903981 0.780062 0.691139 0.946143 0.975891 0.975030 0.882933 0.999408 0.954226 0.976506 0.879626 0.784287 0.756126 0.902987 0.947697
0.909837 0.926167 0.922638 0.997110 0.952578 0.933361 0.967929 0.957916 0.951325 0.863538 0.896208 0.921477 0.964831 0.965207 0.958294 0.929428 0.938529 0.996229 0.863968 0.922397 0.762921 0.927071 0.952307 0.873460 0.819259 0.843966 0.979517 0.000000 0.920498 0.871237 0.910485 0.876006 0.992903 0.937570 0.984331 0.867009 0.885856 0.918534 0.878156 0.969904 0.966838 0.786988 0.960829 0.987830 0.943579 0.997652 0.991829 0.951012 0.944100 0.972240 0.996864 0.954818 0.973834 0.801023 0.879071 0.970865 0.908097 0.899667 0.941796 0.963960 0.963882 0.975688 0.910169 0.956991 0.881911 0.944163 0.916888 0.905059 0.845969 0.793533 0.992476 0.852132 0.895885 0.925657 0.968138 0.984050 0.970275 0.951674 0.873389 0.879488 0.974822 0.982838 0.874758 0.962638 0.854210 0.824715 0.921561 0.961344 0.991522 0.828888 0.822530 0.740764 0.823612 0.736590 0.923434 0.846664 0.907944 0.869811 0.911229 0.794617 0.739590 0.779254 0.805825 0.786722 0.874558 0.753118 0.945659 0.948098 0.826864 0.791729 0.929475 0.981055 0.901849 0.931347 0.877972 0.900404
0.709289 0.671302 0.894783 0.948493 0.907115 0.840433 0.835003 0.840741 0.994547 0.800475 0.608602 0.638449 0.842370 0.659914 0.735528 0.723217 0.514425 0.585936 0.632351 0.660392 0.998122 0.875403 0.990984 0.925674 0.807385 0.781102 0.885460 0.920498 0.000000 0.316758 0.952873 0.547955 0.669644 0.615568 0.964345 0.939663 0.986237 0.946948 0.981115 0.928401 0.972660 0.931539 0.593463 0.557047 0.605836 0.521135 0.608040 0.575887 0.479504 0.529299 0.561494 0.603673 0.612720 0.842993 0.835163 0.694676 0.607360 0.660073 0.556290 0.532341 0.808932 0.914063 0.445713 0.462656 0.828990 0.922873 0.800211 0.820963 0.899870 0.974330 0.980079 0.820870 0.968008 0.845758 0.908108 0.985688 0.822363 0.760913 0.548112 0.629301 0.492454 0.664275 0.666420 0.640358 0.877287 0.983853 0.935546 0.818086 0.911442 0.993836 0.990635 0.983010 0.889482 0.871641 0.722813 0.905133 0.612137 0.949846 0.707074 0.722598 0.880293 0.894748 0.646064 0.641153 0.820997 0.823214 0.945201 0.904534 0.871449 0.860984 0.809234 0.754497 0.683639 0.743228 0.775031 0.966783
0.596636 0.569783 0.833778 0.992475 0.840811 0.829879 0.951009 0.882877 0.819540 0.850759 0.472614 0.481282 0.814903 0.608770 0.836690 0.732991 0.474946 0.474876 0.618426 0.551372 0.992106 0.887126 0.933777 0.998242 0.747718 0.709154 0.873047 0.871237 0.316758 0.000000 0.895602 0.732352 0.787484 0.603653 0.962271 0.979766 0.965066 0.845847 0.967473 0.792041 0.894950 0.986473 0.654323 0.597280 0.690661 0.582667 0.637831 0.579560 0.433372 0.503658 0.566667 0.613272 0.728852 0.978637 0.842956 0.677531 0.562932 0.577696 0.556025 0.466883 0.892976 0.926141 0.441829 0.389443 0.758689 0.843411 0.875445 0.876001 0.820174 0.778023 0.892501 0.802872 0.966552 0.855975 0.968843 0.948231 0.904362 0.833245 0.559185 0.556043 0.395694 0.577990 0.654438 0.587990 0.939671 0.968251 0.881903 0.758363 0.963096 0.993307 0.929953 0.993125 0.856660 0.853823 0.791367 0.981382 0.680694 0.873076 0.772221 0.793742 0.905014 0.941328 0.653178 0.666653 0.909649 0.820499 0.878892 0.954689 0.914516 0.809762 0.892056 0.852350 0.826990 0.777989 0.773966 0.981025
0.694687 0.745024 0.646656 0.801029 0.819121 0.794641 0.614271 0.643108 0.469033 0.527413 0.819666 0.834698 0.866766 0.754308 0.974106 0.992553 0.801159 0.606219 0.854192 0.771276 0.918536 0.893202 0.850215 0.991180 0.790033 0.505695 0.748197 0.910485 0.952873 0.895602 0.000000 0.544141 0.541786 0.686437 0.770316 0.907299 0.697776 0.978130 0.773195 0.904239 0.984715 0.831264 0.618883 0.664660 0.517567 0.590472 0.736735 0.792972 0.813121 0.901663 0.740171 0.914201 0.671891 0.707742 0.949750 0.970000 0.751860 0.686162 0.912726 0.981377 0.558992 0.501366 0.851437 0.988349 0.847388 0.703067 0.714664 0.531254 0.854738 0.765266 0.822486 0.690664 0.551465 0.620473 0.921607 0.837704 0.816900 0.521133 0.981879 0.916817 0.773238 0.658850 0.934315 0.797674 0.956022 0.973602 0.729197 0.867531 0.954598 0.892513 0.936279 0.807858 0.944358 0.733785 0.940274 0.904957 0.935197 0.977161 0.777507 0.814039 0.569948 0.998740 0.927736 0.919966 0.774058 0.831542 0.828282 0.792946 0.785467 0.972623 0.770911 0.848463 0.730091 0.867240 0.894482 0.882963
0.954674 0.923606 0.807351 0.774176 0.949893 0.807259 0.580155 0.544454 0.634649 0.552437 0.776995 0.908529 0.994210 0.849683 0.793596 0.822820 0.823636 0.978348 0.713243 0.912669 0.958079 0.985776 0.915794 0.983999 0.989592 0.799241 0.871974 0.876006 0.547955 0.732352 0.544141 0.000000 0.515213 0.503979 0.783647 0.941705 0.757718 0.941651 0.856390 0.994313 0.977847 0.952117 0.432136 0.420858 0.466690 0.433945 0.511315 0.541481 0.624711 0.677684 0.607692 0.658207 0.609018 0.694556 0.756750 0.787506 0.845494 0.981360 0.556137 0.684654 0.572399 0.623042 0.791722 0.727935 0.969837 0.750745 0.609050 0.550613 0.938361 0.852796 0.829904 0.860949 0.679150 0.676780 0.923263 0.937172 0.739681 0.613949 0.693729 0.675588 0.827624 0.940281 0.810961 0.856772 0.938101 0.931915 0.941604 0.921216 0.857940 0.913312 0.771697 0.984958 0.942714 0.980367 0.833007 0.881691 0.695980 0.959443 0.524597 0.575541 0.564725 0.724966 0.612747 0.722087 0.641423 0.758217 0.890605 0.788500 0.650409 0.824198 0.807661 0.723926 0.560483 0.868733 0.709664 0.967119
0.745631 0.724480 0.543622 0.622023 0.895437 0.628652 0.335347 0.410093 0.512174 0.633023 0.660343 0.781929 0.778851 0.794304 0.801429 0.847083 0.703060 0.808429 0.628034 0.721592 0.851359 0.959318 0.858486 0.895276 0.830559 0.599065 0.750154 0.992903 0.669644 0.787484 0.541786 0.515213 0.000000 0.341863 0.689213 0.806504 0.629181 0.762365 0.855922 0.957385 0.904622 0.692173 0.378506 0.401060 0.331357 0.393193 0.417466 0.507859 0.572669 0.610291 0.564274 0.642398 0.613835 0.792920 0.558976 0.647838 0.713506 0.803982 0.446387 0.653907 0.362953 0.526438 0.657538 0.661791 0.762232 0.559470 0.387803 0.340870 0.810035 0.900162 0.677696 0.770477 0.723020 0.650417 0.792345 0.904682 0.644245 0.665764 0.741360 0.795167 0.722992 0.795358 0.804754 0.777538 0.706260 0.702137 0.980680 0.817473 0.778120 0.834535 0.649495 0.924443 0.743332 0.996536 0.727884 0.858266 0.634520 0.814843 0.510064 0.569470 0.621655 0.788970 0.754868 0.641605 0.584018 0.685308 0.879779 0.874885 0.806512 0.833220 0.679029 0.677941 0.599982 0.694276 0.729413 0.921318
0.699958 0.696814 0.668681 0.708010 0.996862 0.545477 0.414396 0.381072 0.695644 0.547735 0.551844 0.646049 0.846660 0.753315 0.852785 0.831888 0.650833 0.757338 0.603243 0.648779 0.869548 0.979968 0.975798 0.978444 0.991329 0.737510 0.715463 0.937570 0.615568 0.603653 0.686437 0.503979 0.341863 0.000000 0.671518 0.819909 0.657659 0.743233 0.893426 0.946459 0.799651 0.747791 0.388492 0.380969 0.349257 0.378113 0.369109 0.451794 0.524209 0.598996 0.543791 0.633189 0.636382 0.833598 0.548105 0.640964 0.672622 0.769947 0.392353 0.520844 0.415939 0.478421 0.591666 0.556762 0.903790 0.600255 0.441932 0.375547 0.802768 0.861578 0.770385 0.774924 0.732009 0.638739 0.860383 0.959769 0.787899 0.655278 0.787922 0.707607 0.625706 0.723244 0.767363 0.745051 0.823035 0.794157 0.986009 0.875327 0.803010 0.962124 0.717595 0.952172 0.819586 0.914130 0.784399 0.851352 0.572015 0.850562 0.518243 0.565154 0.545788 0.831928 0.640087 0.571140 0.608234 0.669928 0.964003 0.810819 0.825539 0.750719 0.701486 0.674183 0.614104 0.779254 0.789134 0.946717
0.930196 0.921539 0.653307 0.642489 0.929397 0.924116 0.649113 0.700011 0.690980 0.793703 0.932570 0.963302 0.940774 0.969686 0.917336 0.975326 0.990476 0.947116 0.923366 0.980894 0.776046 0.952431 0.816492 0.875088 0.782932 0.701349 0.921098 0.984331 0.964345 0.962271 0.770316 0.783647 0.689213 0.671518 0.000000 0.888566 0.845615 0.841156 0.737893 0.936010 0.985937 0.857213 0.823177 0.819169 0.694994 0.777442 0.824500 0.897410 0.925753 0.985886 0.964984 0.907430 0.966914 0.939036 0.682702 0.862621 0.950410 0.994565 0.751005 0.966358 0.653247 0.683243 0.935055 0.881257 0.679873 0.679444 0.565947 0.617739 0.862370 0.944604 0.787430 0.786673 0.817979 0.868889 0.992733 0.981402 0.946964 0.818638 0.873825 0.947554 0.962817 0.946213 0.816889 0.989789 0.794160 0.729715 0.948777 0.911944 0.659647 0.715619 0.899503 0.863643 0.786830 0.969914 0.782557 0.910726 0.791687 0.675038 0.819406 0.886899 0.872687 0.900792 0.983516 0.997159 0.729202 0.822114 0.788993 0.876193 0.765110 0.880400 0.932371 0.854626 0.807729 0.958747 0.875395 0.976794
0.908154 0.974168 0.797428 0.839600 0.856873 0.789385 0.770678 0.865028 0.971167 0.976353 0.823588 0.946372 0.944641 0.896504 0.919182 0.938301 0.974333 0.904006 0.994404 0.976758 0.797401 0.901673 0.919940 0.869907 0.836760 0.702024 0.997927 0.867009 0.939663 0.979766 0.907299 0.941705 0.806504 0.819909 0.888566 0.000000 0.984911 0.987850 0.927109 0.971012 0.792106 0.977506 0.977200 0.939188 0.976969 0.995957 0.978801 0.829878 0.903368 0.881728 0.896234 0.874882 0.914780 0.799532 0.863075 0.942444 0.952004 0.964748 0.961051 0.956316 0.815052 0.941352 0.914556 0.919239 0.757029 0.766706 0.822731 0.894405 0.915138 0.870512 0.965673 0.904587 0.827678 0.981245 0.972855 0.937926 0.871282 0.874284 0.977311 0.977310 0.945106 0.933788 0.940074 0.998646 0.807173 0.778290 0.986401 0.916615 0.852436 0.917252 0.901326 0.917938 0.970461 0.955104 0.908741 0.896975 0.989713 0.976644 0.923250 0.936096 0.999267 0.975358 0.831599 0.944760 0.995484 0.986465 0.946792 0.892878 0.972112 0.971789 0.914616 0.946457 0.897358 0.863303 0.877253 0.793801
0.779998 0.831210 0.582770 0.628979 0.847234 0.895086 0.607466 0.535293 0.786964 0.839477 0.928652 0.663656 0.766594 0.945663 0.890318 0.863771 0.904868 0.986412 0.813431 0.745782 0.916800 0.908950 0.778237 0.878711 0.617768 0.586322 0.986304 0.885856 0.986237 0.965066 0.697776 0.757718 0.629181 0.657659 0.845615 0.984911 0.000000 0.596465 0.826046 0.805383 0.766462 0.867515 0.751356 0.752705 0.706411 0.744696 0.696593 0.687827 0.842870 0.852916 0.829979 0.846403 0.841059 0.878197 0.557801 0.809298 0.875654 0.873633 0.770895 0.903861 0.555202 0.550136 0.989511 0.788377 0.731621 0.608345 0.717228 0.627981 0.673870 0.783887 0.773254 0.658130 0.881658 0.783893 0.963909 0.956568 0.855255 0.832775 0.975324 0.927200 0.831766 0.854579 0.865469 0.791870 0.771261 0.720276 0.926572 0.918589 0.942896 0.858891 0.879873 0.896534 0.894852 0.914263 0.853364 0.950273 0.777385 0.891933 0.798739 0.844705 0.805061 0.969566 0.888875 0.942081 0.741483 0.879120 0.917393 0.956662 0.771802 0.781943 0.944626 0.888560 0.967584 0.995488 0.931382 0.854593
0.631170 0.603140 0.765547 0.721857 0.929023 0.987881 0.815777 0.772385 0.949964 0.899735 0.896731 0.559444 0.785261 0.810231 0.804135 0.778503 0.717826 0.731578 0.818804 0.583067 0.931828 0.888497 0.816733 0.807481 0.646010 0.808859 0.779214 0.918534 0.946948 0.845847 0.978130 0.941651 0.762365 0.743233 0.841156 0.987850 0.596465 0.000000 0.747506 0.708289 0.845173 0.758239 0.873875 0.893594 0.848254 0.833064 0.752499 0.730683 0.729459 0.693864 0.759964 0.762070 0.899516 0.946040 0.548004 0.687031 0.707744 0.609251 0.736349 0.714314 0.728926 0.753410 0.812872 0.602154 0.800652 0.823925 0.868787 0.812197 0.558811 0.572298 0.975198 0.978308 0.992549 0.987660 0.998640 0.944341 0.808859 0.974491 0.888867 0.878238 0.641002 0.688563 0.802098 0.670519 0.698638 0.681139 0.853516 0.784221 0.826852 0.671510 0.952613 0.779804 0.998236 0.909809 0.972992 0.852675 0.923089 0.911878 0.903058 0.961380 0.986925 0.911207 0.859463 0.991257 0.823877 0.965640 0.945687 0.950996 0.969311 0.784233 0.893633 0.929206 0.860999 0.980925 0.977784 0.991764
