0.000000 0.166842 0.332697 0.298118 0.656447 0.547960 0.237370 0.198790 0.390025 0.298600 0.145182 0.135326 0.131701 0.220335 0.214196 0.243862 0.151621 0.141673 0.130545 0.152928 0.516310 0.843535 0.304750 0.520623 0.762130 0.739194 0.900861 0.855945 0.201551 0.178647 0.294938 0.363998 0.153553 0.162274 0.473873 0.677620 0.352359 0.407245 0.714131 0.643924 0.622876 0.497664 0.242852 0.221564 0.260922 0.200659 0.232029 0.236838 0.698344 0.363408 0.430848 0.326328 0.482018 0.536262 0.469873 0.502892 0.171579 0.159453 0.179240 0.183408 0.126003 0.175904 0.125194 0.132574 0.399681 0.294496 0.275533 0.281511 0.307046 0.207108 0.250474 0.260491 0.432592 0.430380 0.598041 0.585099 0.372587 0.278376 0.191871 0.212049 0.138444 0.195064 0.425418 0.324712 0.261797 0.479692 0.986382 0.834482 0.397920 0.528269 0.567811 0.671436 0.584162 0.756300 0.479854 0.501689 0.308376 0.542204 0.238134 0.244952 0.521700 0.547447 0.247691 0.303084 0.298174 0.272893 0.689409 0.558087 0.625956 0.429528 0.584585 0.335455 0.345928 0.489415 0.414693 0.979380
0.166842 0.000000 0.487117 0.404415 0.674395 0.588114 0.355969 0.242041 0.444572 0.341527 0.229263 0.126164 0.158020 0.151116 0.193431 0.203691 0.145699 0.118506 0.167774 0.161683 0.528307 0.835040 0.313104 0.474012 0.736538 0.827502 0.951146 0.902552 0.147293 0.164849 0.348625 0.396304 0.211446 0.226955 0.572446 0.682172 0.378935 0.441701 0.821280 0.679302 0.659356 0.427816 0.256352 0.226997 0.276620 0.228367 0.291895 0.236872 0.654436 0.411341 0.472350 0.372944 0.547501 0.628907 0.614805 0.616669 0.103862 0.096877 0.256482 0.254517 0.214559 0.222996 0.153129 0.122148 0.546035 0.435822 0.405798 0.381677 0.361145 0.250728 0.238103 0.264330 0.524575 0.543927 0.672982 0.573696 0.302506 0.260475 0.249824 0.224847 0.150328 0.212833 0.355702 0.317504 0.326272 0.482400 0.875267 0.829976 0.498810 0.557671 0.645072 0.701076 0.658985 0.839201 0.444639 0.502697 0.353292 0.443151 0.272927 0.241577 0.546454 0.678734 0.284327 0.267571 0.333754 0.282609 0.756475 0.589108 0.602360 0.439733 0.541576 0.366139 0.436837 0.395095 0.440821 0.865785
0.332697 0.487117 0.000000 0.136378 0.683378 0.557889 0.142462 0.229359 0.425010 0.353304 0.329785 0.379746 0.328104 0.453009 0.401663 0.379328 0.424403 0.387515 0.256988 0.332790 0.442014 0.812376 0.257450 0.445866 0.518057 0.393760 0.997905 0.887549 0.438118 0.342407 0.211363 0.332536 0.228881 0.252611 0.384743 0.688915 0.377556 0.456266 0.573692 0.607691 0.739358 0.668937 0.291539 0.303060 0.499745 0.424328 0.369715 0.320295 0.980601 0.601542 0.682368 0.570315 0.585281 0.504451 0.465960 0.571820 0.518172 0.502072 0.312191 0.334711 0.248583 0.347457 0.340217 0.381458 0.193638 0.173796 0.189784 0.221821 0.467454 0.298987 0.363927 0.381202 0.416299 0.430998 0.497045 0.789270 0.470618 0.445434 0.344763 0.422179 0.330763 0.278783 0.578798 0.346703 0.305758 0.437783 0.936217 0.921493 0.384077 0.473170 0.543702 0.614566 0.543371 0.678644 0.583946 0.614530 0.455575 0.690005 0.466019 0.412938 0.535120 0.374274 0.433343 0.352327 0.389255 0.385103 0.742633 0.636605 0.632913 0.462964 0.699689 0.596764 0.471751 0.619893 0.555430 0.953167
0.298118 0.404415 0.136378 0.000000 0.712827 0.476956 0.155071 0.157307 0.409937 0.265747 0.350731 0.290912 0.264572 0.320100 0.287359 0.260945 0.361948 0.322152 0.222570 0.278616 0.391099 0.737501 0.172763 0.341478 0.488971 0.401971 0.975374 0.970627 0.357949 0.264272 0.174992 0.261598 0.186397 0.194114 0.343132 0.665135 0.307537 0.430772 0.509265 0.575109 0.723082 0.566101 0.250121 0.266600 0.433996 0.376150 0.312561 0.263146 0.935703 0.533348 0.630954 0.515101 0.552937 0.507878 0.431982 0.534751 0.449567 0.415039 0.298802 0.321807 0.243366 0.288776 0.288722 0.290810 0.205859 0.178362 0.189289 0.196861 0.494760 0.277635 0.274461 0.346081 0.463576 0.544194 0.473228 0.706443 0.396533 0.381421 0.284957 0.371162 0.242302 0.192318 0.457479 0.256753 0.245044 0.336369 0.944621 0.961385 0.332961 0.390811 0.504159 0.558714 0.484096 0.651804 0.534919 0.492596 0.401592 0.620295 0.396713 0.312723 0.481625 0.406657 0.336980 0.300934 0.321356 0.306070 0.786469 0.588709 0.640708 0.420554 0.642285 0.487199 0.436966 0.503648 0.563105 0.932575
0.656447 0.674395 0.683378 0.712827 0.000000 0.818219 0.645203 0.622554 0.764309 0.683749 0.748930 0.707203 0.639479 0.710247 0.682796 0.700790 0.726849 0.699799 0.641585 0.759311 0.710435 0.937292 0.707695 0.783433 0.982298 0.964999 0.885620 0.770779 0.674189 0.733063 0.829786 0.892384 0.636640 0.696960 0.777984 0.816028 0.824416 0.692113 0.921269 0.808174 0.923897 0.645732 0.607175 0.624462 0.581310 0.619009 0.685435 0.652100 0.751432 0.724550 0.622431 0.600684 0.683892 0.660154 0.763783 0.800849 0.663303 0.712252 0.625113 0.615788 0.596380 0.592037 0.647304 0.651466 0.713298 0.675990 0.657405 0.648631 0.741235 0.739323 0.636431 0.699832 0.912258 0.932440 0.894981 0.980574 0.795865 0.797686 0.758397 0.824159 0.698466 0.735661 0.665922 0.686050 0.675907 0.717656 0.985308 0.868371 0.862064 0.746917 0.714683 0.720993 0.734626 0.780786 0.935131 0.824155 0.733425 0.848080 0.659939 0.620869 0.697131 0.697089 0.574571 0.607352 0.563870 0.727931 0.751571 0.698189 0.834220 0.920401 0.662224 0.715417 0.704801 0.722997 0.749106 0.948449
0.547960 0.588114 0.557889 0.476956 0.818219 0.000000 0.456982 0.415941 0.589404 0.423183 0.584286 0.517780 0.518101 0.596756 0.574196 0.562012 0.604301 0.551851 0.557948 0.556227 0.724430 0.856809 0.537621 0.729292 0.867454 0.600735 0.984140 0.716796 0.596344 0.581034 0.576528 0.632396 0.523480 0.526989 0.608613 0.830134 0.587956 0.822138 0.800852 0.774674 0.796876 0.589769 0.453182 0.558004 0.505292 0.532603 0.458168 0.552608 0.828071 0.709650 0.647756 0.603051 0.639300 0.684735 0.693894 0.618158 0.622272 0.623202 0.580995 0.610335 0.544538 0.564012 0.524650 0.534181 0.598254 0.526651 0.459427 0.464560 0.785365 0.633783 0.454277 0.462440 0.736019 0.803977 0.742144 0.750108 0.576381 0.548375 0.550672 0.676516 0.496653 0.532309 0.751022 0.588752 0.543662 0.722268 0.836919 0.767415 0.692968 0.695626 0.411544 0.471538 0.377020 0.586476 0.740043 0.694267 0.485606 0.723177 0.431015 0.429405 0.505422 0.502993 0.575118 0.496076 0.504570 0.496161 0.902807 0.566140 0.817471 0.604156 0.783236 0.496412 0.457620 0.721481 0.624815 0.970993
0.237370 0.355969 0.142462 0.155071 0.645203 0.456982 0.000000 0.129384 0.370104 0.222705 0.268350 0.274760 0.254781 0.362658 0.336486 0.327123 0.300888 0.272728 0.170172 0.261321 0.464394 0.816320 0.258115 0.510388 0.680726 0.565342 0.917055 0.828616 0.339728 0.260855 0.248142 0.344867 0.178724 0.169954 0.394406 0.670636 0.383570 0.438031 0.582219 0.595350 0.696031 0.548011 0.216561 0.203136 0.323020 0.273588 0.294462 0.239197 0.911050 0.540212 0.553051 0.456477 0.517295 0.452736 0.444117 0.574739 0.360134 0.359498 0.207490 0.258989 0.164163 0.264752 0.225306 0.260989 0.266154 0.179717 0.135078 0.136852 0.431187 0.263286 0.277172 0.263214 0.415982 0.445534 0.488758 0.706958 0.399451 0.341597 0.281437 0.363550 0.223105 0.221820 0.539338 0.332922 0.296426 0.478482 0.993220 0.811866 0.354690 0.541068 0.459684 0.505958 0.448776 0.601549 0.560871 0.494576 0.349269 0.583640 0.304324 0.270427 0.444570 0.315581 0.326916 0.268160 0.307111 0.285448 0.723080 0.549384 0.548192 0.368555 0.557599 0.436493 0.320273 0.476588 0.503905 0.923775
0.198790 0.242041 0.229359 0.157307 0.622554 0.415941 0.129384 0.000000 0.346368 0.161634 0.270698 0.172203 0.175992 0.217883 0.221944 0.215333 0.222112 0.197514 0.159590 0.200907 0.446143 0.767108 0.202501 0.422801 0.683055 0.608441 0.912406 0.926796 0.245669 0.194217 0.248984 0.318521 0.146037 0.142146 0.385829 0.606574 0.352431 0.397520 0.661541 0.573593 0.630781 0.478529 0.185095 0.194460 0.254907 0.237889 0.263055 0.221027 0.783864 0.461556 0.477334 0.374683 0.471593 0.460667 0.482622 0.556616 0.277362 0.261937 0.230195 0.255846 0.165208 0.184139 0.178645 0.155373 0.316580 0.221217 0.173776 0.182798 0.457703 0.243831 0.219424 0.262214 0.464583 0.544341 0.552002 0.644971 0.313074 0.252933 0.214961 0.337005 0.156816 0.172230 0.401728 0.271274 0.249801 0.407844 0.952581 0.831208 0.392482 0.458109 0.374863 0.433058 0.373506 0.561517 0.458685 0.400521 0.278669 0.489577 0.215546 0.168548 0.362555 0.376131 0.249039 0.210250 0.234117 0.239996 0.718005 0.461919 0.575377 0.361564 0.520498 0.352822 0.298115 0.391171 0.467919 0.956950
0.390025 0.444572 0.425010 0.409937 0.764309 0.589404 0.370104 0.346368 0.000000 0.330313 0.403387 0.384614 0.400002 0.490967 0.481606 0.460421 0.445439 0.433643 0.405870 0.374345 0.690737 0.936623 0.468610 0.715614 0.731130 0.713267 0.937890 0.808347 0.440460 0.422684 0.425094 0.568573 0.381814 0.382906 0.518354 0.775920 0.454206 0.537266 0.803587 0.734698 0.733266 0.722233 0.432360 0.421383 0.442157 0.418865 0.439274 0.459590 0.863171 0.564214 0.591094 0.508130 0.608591 0.634035 0.628759 0.653699 0.458486 0.455756 0.431189 0.425521 0.344088 0.331511 0.432725 0.428232 0.447858 0.386646 0.415499 0.407888 0.417788 0.429000 0.423346 0.491405 0.371134 0.407476 0.663266 0.628351 0.476418 0.404812 0.506899 0.497609 0.424439 0.460233 0.667290 0.554810 0.513290 0.678893 0.878876 0.680861 0.607703 0.700766 0.542683 0.550017 0.542876 0.594309 0.606231 0.567447 0.558899 0.808457 0.378083 0.415064 0.534276 0.476796 0.512852 0.413738 0.486337 0.507867 0.740679 0.582408 0.725913 0.542999 0.521912 0.544934 0.431511 0.667161 0.573422 0.874416
0.298600 0.341527 0.353304 0.265747 0.683749 0.423183 0.222705 0.161634 0.330313 0.000000 0.327951 0.259876 0.296634 0.335716 0.326045 0.342060 0.294101 0.295366 0.280699 0.312842 0.573897 0.724645 0.348480 0.578220 0.816507 0.662061 0.868270 0.918081 0.331797 0.278238 0.370799 0.430961 0.257795 0.249358 0.394015 0.681377 0.457515 0.502342 0.701364 0.601484 0.750864 0.485764 0.307871 0.323264 0.326095 0.339103 0.415816 0.338934 0.828275 0.539156 0.532994 0.438109 0.525991 0.517375 0.556629 0.554085 0.380635 0.388411 0.342332 0.366549 0.272334 0.263027 0.301041 0.270643 0.415823 0.291189 0.271810 0.286033 0.471963 0.306441 0.327272 0.344683 0.405169 0.499794 0.616180 0.527941 0.377430 0.277961 0.329081 0.418426 0.244186 0.281759 0.537964 0.378081 0.417011 0.589129 0.971845 0.755783 0.505859 0.599166 0.387032 0.409368 0.374640 0.521555 0.551781 0.397933 0.374905 0.559791 0.226390 0.220096 0.406606 0.392770 0.356386 0.272266 0.345146 0.332379 0.705753 0.459980 0.666900 0.416168 0.525298 0.413514 0.331316 0.424698 0.528102 0.973222
0.145182 0.229263 0.329785 0.350731 0.748930 0.584286 0.268350 0.270698 0.403387 0.327951 0.000000 0.155056 0.173118 0.269111 0.271104 0.260246 0.155429 0.153080 0.164728 0.153980 0.552036 0.923385 0.353692 0.509724 0.763091 0.712282 0.906249 0.823249 0.206783 0.162259 0.317924 0.349163 0.209922 0.194832 0.544307 0.694938 0.434001 0.477232 0.747575 0.668158 0.584356 0.588292 0.334206 0.287942 0.429191 0.326636 0.340521 0.331343 0.929261 0.553580 0.617522 0.515597 0.614681 0.697435 0.593381 0.633377 0.202351 0.219624 0.259456 0.287338 0.164763 0.222818 0.162458 0.185893 0.451155 0.296603 0.326143 0.363374 0.262990 0.226942 0.314457 0.308360 0.361325 0.351679 0.664198 0.561511 0.399702 0.299112 0.215408 0.205225 0.180278 0.228867 0.447016 0.361801 0.377672 0.574840 0.967631 0.788788 0.463374 0.653686 0.692328 0.793832 0.725186 0.877623 0.564494 0.574999 0.423233 0.621017 0.367600 0.348599 0.600989 0.583092 0.357829 0.334922 0.412674 0.343510 0.744389 0.725216 0.660067 0.440333 0.663180 0.466916 0.424719 0.500091 0.481014 0.964866
0.135326 0.126164 0.379746 0.290912 0.707203 0.517780 0.274760 0.172203 0.384614 0.259876 0.155056 0.000000 0.106952 0.119131 0.139469 0.138098 0.108216 0.088239 0.130663 0.118189 0.506460 0.813669 0.247785 0.407278 0.722117 0.739064 0.936424 0.947695 0.124519 0.103468 0.280118 0.309447 0.146918 0.160237 0.529645 0.683677 0.348628 0.436413 0.742041 0.612350 0.597725 0.468594 0.266098 0.234592 0.318219 0.252276 0.275886 0.260272 0.746606 0.456576 0.523389 0.414794 0.565456 0.624786 0.566510 0.619745 0.140303 0.131216 0.248945 0.253068 0.159684 0.150471 0.112429 0.085081 0.462813 0.311804 0.339253 0.337083 0.337135 0.205546 0.224954 0.256627 0.460190 0.514377 0.638472 0.555927 0.298713 0.212742 0.168714 0.202373 0.113517 0.156775 0.309643 0.246356 0.281826 0.429746 0.972334 0.867782 0.419341 0.545403 0.604316 0.684227 0.618179 0.816570 0.421740 0.464482 0.348651 0.491486 0.268528 0.234906 0.522288 0.586574 0.264359 0.255291 0.299954 0.284406 0.754929 0.588054 0.641100 0.391319 0.577395 0.360197 0.374764 0.377147 0.455791 0.952812
0.131701 0.158020 0.328104 0.264572 0.639479 0.518101 0.254781 0.175992 0.400002 0.296634 0.173118 0.106952 0.000000 0.127208 0.111955 0.133250 0.155607 0.129290 0.145983 0.167920 0.434611 0.845660 0.192137 0.342177 0.645432 0.682989 0.971487 0.936128 0.162827 0.137381 0.245302 0.311435 0.152092 0.178948 0.523073 0.693850 0.304831 0.388214 0.699486 0.638942 0.605592 0.456514 0.250339 0.230312 0.320579 0.255171 0.250895 0.247823 0.754623 0.443898 0.505350 0.388646 0.556576 0.579690 0.538861 0.596118 0.175862 0.158172 0.244594 0.253342 0.137945 0.156353 0.106726 0.101863 0.367857 0.288337 0.321103 0.333649 0.401979 0.255817 0.231524 0.275423 0.482845 0.510918 0.639058 0.590811 0.359178 0.251426 0.188909 0.240251 0.130808 0.171727 0.303906 0.243424 0.205511 0.352069 0.992125 0.924447 0.395699 0.454137 0.606550 0.680248 0.611644 0.814742 0.437276 0.458148 0.345014 0.496139 0.299357 0.263895 0.555569 0.570533 0.259997 0.271961 0.302589 0.264688 0.728057 0.583039 0.611244 0.412419 0.623476 0.399713 0.395828 0.426976 0.441268 0.997007
0.220335 0.151116 0.453009 0.320100 0.710247 0.596756 0.362658 0.217883 0.490967 0.335716 0.269111 0.119131 0.127208 0.000000 0.111368 0.109556 0.179648 0.148544 0.198991 0.193406 0.465013 0.796714 0.196182 0.289103 0.641827 0.729011 0.974506 0.967834 0.141605 0.136720 0.269356 0.293258 0.184481 0.215734 0.532979 0.695417 0.361870 0.445053 0.732421 0.617297 0.654037 0.443498 0.297925 0.277012 0.370170 0.306206 0.299260 0.272895 0.718602 0.483880 0.552722 0.458250 0.575380 0.645428 0.585250 0.646982 0.187786 0.167902 0.311491 0.324676 0.222494 0.196181 0.150037 0.107841 0.461561 0.360991 0.399233 0.396996 0.456588 0.296452 0.272168 0.359216 0.571734 0.669804 0.720575 0.621383 0.323206 0.243544 0.223593 0.270541 0.160505 0.176667 0.225338 0.234293 0.237777 0.305948 0.964099 0.976254 0.451479 0.468877 0.681430 0.742880 0.692110 0.907652 0.420930 0.464981 0.392306 0.442204 0.366584 0.289496 0.576196 0.673890 0.278845 0.293723 0.341108 0.299594 0.803228 0.610775 0.634561 0.439315 0.615284 0.421000 0.454925 0.405067 0.487653 0.976704
0.214196 0.193431 0.401663 0.287359 0.682796 0.574196 0.336486 0.221944 0.481606 0.326045 0.271104 0.139469 0.111955 0.111368 0.000000 0.124599 0.203905 0.169182 0.214524 0.226510 0.417309 0.780861 0.187959 0.311560 0.595033 0.659617 0.948067 0.997588 0.192718 0.157640 0.262568 0.310715 0.195360 0.227881 0.506564 0.737212 0.300665 0.423313 0.723250 0.602765 0.639419 0.465701 0.291455 0.260731 0.361730 0.291959 0.306343 0.265001 0.717764 0.453377 0.533797 0.408659 0.560890 0.589695 0.532753 0.594296 0.224108 0.193790 0.315925 0.311086 0.207012 0.181060 0.168674 0.134860 0.383449 0.318137 0.393501 0.393879 0.468720 0.309891 0.282865 0.331082 0.531939 0.626061 0.687499 0.623049 0.356803 0.265009 0.219810 0.277953 0.168604 0.182282 0.285078 0.239888 0.211495 0.297115 0.913448 0.944030 0.398146 0.398812 0.648786 0.706168 0.650535 0.862619 0.422013 0.433677 0.370960 0.495311 0.344036 0.282409 0.590421 0.628054 0.287428 0.288124 0.315123 0.302490 0.730192 0.580773 0.651857 0.457859 0.653739 0.398473 0.441652 0.422865 0.481990 0.971148
0.243862 0.203691 0.379328 0.260945 0.700790 0.562012 0.327123 0.215333 0.460421 0.342060 0.260246 0.138098 0.133250 0.109556 0.124599 0.000000 0.194659 0.153448 0.194623 0.196892 0.437761 0.797857 0.152977 0.245038 0.561209 0.643306 0.967558 0.996072 0.159259 0.127289 0.241129 0.260814 0.183603 0.207545 0.551799 0.729267 0.319247 0.442923 0.660234 0.583902 0.654311 0.452610 0.274754 0.251398 0.414959 0.336189 0.300745 0.276301 0.816275 0.523791 0.602993 0.501892 0.610999 0.665248 0.609607 0.655232 0.216847 0.199275 0.328363 0.344386 0.216418 0.190992 0.168793 0.128416 0.390294 0.292550 0.367778 0.369526 0.442701 0.290293 0.259896 0.312974 0.525712 0.626760 0.685552 0.603185 0.337796 0.241378 0.214759 0.248998 0.158418 0.160727 0.237959 0.209632 0.235589 0.278099 0.974299 0.936466 0.428635 0.411816 0.670645 0.721646 0.685649 0.877798 0.476996 0.423541 0.438819 0.488117 0.387224 0.302272 0.585004 0.624299 0.272253 0.262195 0.320139 0.284626 0.780123 0.681068 0.620599 0.418621 0.684495 0.447326 0.458551 0.419039 0.522941 0.994970
0.151621 0.145699 0.424403 0.361948 0.726849 0.604301 0.300888 0.222112 0.445439 0.294101 0.155429 0.108216 0.155607 0.179648 0.203905 0.194659 0.000000 0.092582 0.146189 0.137962 0.533558 0.799795 0.328887 0.479728 0.767539 0.790819 0.951928 0.868978 0.125295 0.111653 0.339262 0.330800 0.190309 0.156554 0.568890 0.701724 0.400540 0.471290 0.771276 0.626344 0.589172 0.480950 0.299637 0.236435 0.349114 0.277552 0.303430 0.278968 0.809066 0.500904 0.589285 0.458338 0.630716 0.682226 0.619667 0.647793 0.128661 0.132310 0.244936 0.261368 0.191843 0.198076 0.134101 0.119385 0.518936 0.346800 0.360818 0.346055 0.308551 0.197605 0.286618 0.291969 0.420280 0.461171 0.662834 0.514814 0.326919 0.257224 0.162116 0.170899 0.114258 0.167364 0.374640 0.286623 0.356369 0.508193 0.944363 0.866369 0.478189 0.606794 0.683218 0.732207 0.691991 0.830797 0.451817 0.465505 0.374201 0.457522 0.312869 0.250037 0.597296 0.616150 0.281032 0.263015 0.348484 0.288577 0.776062 0.641872 0.644634 0.390003 0.557081 0.376271 0.433539 0.345413 0.526928 0.855545
0.141673 0.118506 0.387515 0.322152 0.699799 0.551851 0.272728 0.197514 0.433643 0.295366 0.153080 0.088239 0.129290 0.148544 0.169182 0.153448 0.092582 0.000000 0.120409 0.111792 0.478577 0.823392 0.280860 0.431070 0.726187 0.771996 0.939433 0.905756 0.111494 0.092018 0.312705 0.318374 0.159026 0.150884 0.546257 0.712264 0.382278 0.445470 0.756265 0.619488 0.625403 0.459745 0.254892 0.198768 0.331056 0.249052 0.282656 0.240529 0.797480 0.483214 0.570268 0.447273 0.587118 0.652240 0.580308 0.641452 0.108874 0.114114 0.243639 0.252495 0.170134 0.185953 0.109154 0.096268 0.480832 0.331580 0.340821 0.334284 0.309634 0.207611 0.247502 0.241504 0.441126 0.486054 0.636530 0.576201 0.292972 0.212372 0.158575 0.171766 0.099812 0.144622 0.333071 0.254834 0.316009 0.462221 0.994300 0.859977 0.464166 0.572724 0.635054 0.695906 0.648639 0.819600 0.457549 0.454300 0.376861 0.482936 0.296572 0.238033 0.574345 0.604353 0.262205 0.242880 0.300260 0.275648 0.760940 0.655273 0.618709 0.379861 0.562874 0.353606 0.378242 0.361130 0.469136 0.917619
0.130545 0.167774 0.256988 0.222570 0.641585 0.557948 0.170172 0.159590 0.405870 0.280699 0.164728 0.130663 0.145983 0.198991 0.214524 0.194623 0.146189 0.120409 0.000000 0.123641 0.464552 0.818676 0.239377 0.420653 0.638770 0.671318 0.923082 0.812150 0.168064 0.131261 0.230045 0.279300 0.134317 0.121985 0.447275 0.653527 0.366580 0.402607 0.618784 0.589258 0.678505 0.479554 0.212717 0.179795 0.314704 0.245908 0.256805 0.195462 0.825304 0.457292 0.545661 0.425455 0.558291 0.562236 0.516666 0.646862 0.183232 0.184114 0.192066 0.204912 0.128640 0.193124 0.118990 0.133001 0.377545 0.246453 0.245346 0.235317 0.294239 0.180813 0.208930 0.232131 0.416503 0.446494 0.546576 0.602063 0.330382 0.257712 0.189903 0.196964 0.120801 0.141785 0.363410 0.249378 0.275814 0.425809 0.992318 0.845943 0.394626 0.552139 0.617243 0.697054 0.631582 0.803824 0.489478 0.488841 0.343335 0.493141 0.308047 0.255162 0.549474 0.525051 0.278219 0.243771 0.305835 0.263305 0.673294 0.612430 0.557849 0.374609 0.550855 0.379510 0.394931 0.429435 0.463343 0.943247
0.152928 0.161683 0.332790 0.278616 0.759311 0.556227 0.261321 0.200907 0.374345 0.312842 0.153980 0.118189 0.167920 0.193406 0.226510 0.196892 0.137962 0.111792 0.123641 0.000000 0.470723 0.827921 0.284422 0.424061 0.649467 0.678656 0.957485 0.890309 0.159472 0.119094 0.253384 0.258858 0.172994 0.147864 0.515616 0.685835 0.383143 0.450691 0.736185 0.632615 0.595649 0.551825 0.253672 0.220017 0.372461 0.277988 0.285036 0.262966 0.855638 0.485589 0.603116 0.486138 0.603964 0.659152 0.574626 0.637915 0.174040 0.171072 0.256562 0.258321 0.191749 0.215036 0.153291 0.144363 0.466978 0.324149 0.317882 0.317702 0.280681 0.201035 0.234462 0.262333 0.369724 0.406990 0.627191 0.584437 0.329181 0.239498 0.177808 0.163759 0.130639 0.152855 0.395263 0.293256 0.345919 0.483950 0.999479 0.839274 0.420730 0.610192 0.652431 0.738772 0.670783 0.848433 0.467059 0.535001 0.394148 0.562980 0.340693 0.286872 0.557217 0.589945 0.317223 0.281426 0.353776 0.281980 0.736659 0.670756 0.594403 0.375190 0.579871 0.404503 0.435966 0.424405 0.460619 0.932034
0.516310 0.528307 0.442014 0.391099 0.710435 0.724430 0.464394 0.446143 0.690737 0.573897 0.552036 0.506460 0.434611 0.465013 0.417309 0.437761 0.533558 0.478577 0.464552 0.470723 0.000000 0.775761 0.377083 0.438658 0.476475 0.621186 0.982906 0.986105 0.532389 0.460273 0.437989 0.534670 0.465667 0.453774 0.637950 0.866062 0.477300 0.551975 0.655018 0.719019 0.702394 0.596994 0.484696 0.477358 0.646406 0.564251 0.518106 0.477617 0.931278 0.631039 0.768073 0.690459 0.778736 0.662736 0.530674 0.720895 0.570363 0.527698 0.537695 0.539454 0.500073 0.524529 0.472944 0.473666 0.472686 0.527682 0.529708 0.535945 0.672773 0.596771 0.494483 0.508116 0.614145 0.749864 0.731679 0.907412 0.566753 0.518875 0.465882 0.551253 0.466176 0.417119 0.554269 0.476944 0.430476 0.508564 0.966234 0.933017 0.645217 0.528399 0.708397 0.740232 0.678325 0.877089 0.627255 0.537673 0.591707 0.722486 0.658505 0.547369 0.752487 0.675575 0.501292 0.513372 0.493875 0.454959 0.843295 0.781188 0.528483 0.591244 0.769620 0.703712 0.545155 0.662341 0.643564 0.879633
0.843535 0.835040 0.812376 0.737501 0.937292 0.856809 0.816320 0.767108 0.936623 0.724645 0.923385 0.813669 0.845660 0.796714 0.780861 0.797857 0.799795 0.823392 0.818676 0.827921 0.775761 0.000000 0.735064 0.791695 0.912239 0.843292 0.863939 0.944440 0.789857 0.768409 0.774761 0.775861 0.792809 0.765402 0.797429 0.802566 0.700449 0.717526 0.839681 0.722882 0.844313 0.757574 0.712426 0.733520 0.801794 0.803349 0.863011 0.844798 0.850725 0.833950 0.896227 0.807177 0.817470 0.767875 0.831816 0.880915 0.873797 0.872524 0.821426 0.902684 0.873069 0.859417 0.854810 0.826853 0.820326 0.808573 0.799767 0.802653 0.930524 0.751296 0.762702 0.810059 0.817725 0.891481 0.788410 0.684113 0.851333 0.806598 0.809342 0.774423 0.791237 0.780185 0.788266 0.741522 0.809844 0.780211 0.919090 0.830149 0.744851 0.851250 0.919044 0.913839 0.906302 0.877051 0.817628 0.690439 0.877553 0.797535 0.781934 0.752119 0.791407 0.738062 0.798537 0.668296 0.786976 0.741013 0.995848 0.815578 0.923305 0.792155 0.879457 0.793851 0.853284 0.833981 0.827467 0.983145
0.304750 0.313104 0.257450 0.172763 0.707695 0.537621 0.258115 0.202501 0.468610 0.348480 0.353692 0.247785 0.192137 0.196182 0.187959 0.152977 0.328887 0.280860 0.239377 0.284422 0.377083 0.735064 0.000000 0.199908 0.452523 0.479857 0.927799 0.994103 0.287624 0.237553 0.162805 0.223953 0.201085 0.238290 0.459101 0.666821 0.281764 0.417456 0.579639 0.618148 0.756951 0.484619 0.278856 0.297046 0.457802 0.395855 0.332626 0.298139 0.895565 0.562901 0.638485 0.528028 0.581170 0.559682 0.524056 0.635353 0.373268 0.345149 0.360099 0.376972 0.249005 0.274287 0.238918 0.230628 0.248656 0.239053 0.312677 0.323308 0.551777 0.353914 0.247933 0.350943 0.535237 0.633876 0.633706 0.743109 0.384548 0.313177 0.302459 0.349608 0.217825 0.188752 0.323897 0.224025 0.163136 0.209474 0.978341 0.908381 0.328166 0.365223 0.614579 0.667587 0.603586 0.815706 0.508253 0.429186 0.433033 0.556241 0.433411 0.343363 0.551320 0.571606 0.336400 0.311020 0.384329 0.283029 0.815888 0.601444 0.621677 0.479640 0.734031 0.501752 0.480073 0.525851 0.519032 0.994637
0.520623 0.474012 0.445866 0.341478 0.783433 0.729292 0.510388 0.422801 0.715614 0.578220 0.509724 0.407278 0.342177 0.289103 0.311560 0.245038 0.479728 0.431070 0.420653 0.424061 0.438658 0.791695 0.199908 0.000000 0.369990 0.553783 0.953799 0.908083 0.389638 0.346505 0.312824 0.276939 0.376788 0.412068 0.613611 0.764328 0.422954 0.563344 0.607339 0.750189 0.852746 0.653011 0.504603 0.514572 0.730793 0.662758 0.538583 0.508820 0.972390 0.784346 0.874049 0.789832 0.828809 0.825099 0.710199 0.812240 0.521008 0.497130 0.609996 0.617222 0.469176 0.461358 0.405569 0.387216 0.433619 0.424275 0.548066 0.592643 0.695122 0.527279 0.434728 0.566971 0.665556 0.777288 0.784045 0.795415 0.551291 0.472050 0.444356 0.452330 0.380632 0.316330 0.339534 0.314534 0.322664 0.231805 0.895647 0.725157 0.464388 0.432560 0.857905 0.926727 0.850401 0.939881 0.639532 0.573724 0.668879 0.616530 0.708854 0.570896 0.716802 0.816918 0.543516 0.491427 0.551716 0.499963 0.974073 0.839793 0.693496 0.653513 0.868435 0.677111 0.758330 0.582053 0.714980 0.936393
0.762130 0.736538 0.518057 0.488971 0.982298 0.867454 0.680726 0.683055 0.731130 0.816507 0.763091 0.722117 0.645432 0.641827 0.595033 0.561209 0.767539 0.726187 0.638770 0.649467 0.476475 0.912239 0.452523 0.369990 0.000000 0.399117 0.808617 0.938446 0.701362 0.651542 0.420807 0.527958 0.642637 0.662245 0.643907 0.918300 0.561481 0.769089 0.592196 0.879034 0.852539 0.869285 0.683018 0.713515 0.934577 0.861822 0.673401 0.662797 0.833026 0.861079 0.913539 0.943215 0.988544 0.961041 0.749822 0.913705 0.820104 0.755480 0.812632 0.760573 0.725550 0.750796 0.745149 0.731255 0.504858 0.600986 0.731913 0.727059 0.746389 0.763716 0.636642 0.705102 0.609566 0.750771 0.795085 0.991368 0.736466 0.733662 0.718418 0.655096 0.674071 0.573342 0.707946 0.594965 0.584925 0.479141 0.951697 0.890115 0.726351 0.574787 0.963200 0.996506 0.895865 0.963986 0.749082 0.800028 0.832623 0.876227 0.917141 0.853114 0.936809 0.898090 0.878638 0.727101 0.754826 0.714644 0.950066 0.907309 0.754181 0.777837 0.906773 0.888551 0.958455 0.862484 0.861181 0.892448
0.739194 0.827502 0.393760 0.401971 0.964999 0.600735 0.565342 0.608441 0.713267 0.662061 0.712282 0.739064 0.682989 0.729011 0.659617 0.643306 0.790819 0.771996 0.671318 0.678656 0.621186 0.843292 0.479857 0.553783 0.399117 0.000000 0.713573 0.776056 0.742642 0.699158 0.397113 0.499878 0.587917 0.607564 0.450598 0.805642 0.568241 0.856231 0.591449 0.717349 0.929370 0.822763 0.600159 0.650207 0.826393 0.755179 0.556682 0.594981 0.951258 0.778618 0.930884 0.800204 0.758446 0.792069 0.608765 0.630175 0.906030 0.846282 0.657100 0.645090 0.648260 0.695050 0.743527 0.761851 0.370016 0.423301 0.513993 0.518667 0.763784 0.670898 0.684094 0.701689 0.614661 0.704420 0.638151 0.931459 0.728582 0.765880 0.714296 0.675915 0.660509 0.576856 0.809673 0.624096 0.532052 0.512176 0.972035 0.876657 0.552637 0.496626 0.833545 0.903749 0.764043 0.942577 0.708596 0.851571 0.729801 0.916093 0.820225 0.734051 0.801731 0.732015 0.781668 0.686550 0.763010 0.652522 0.884149 0.845748 0.891200 0.759826 0.922200 0.834279 0.822480 0.882252 0.688770 0.999226
0.900861 0.951146 0.997905 0.975374 0.885620 0.984140 0.917055 0.912406 0.937890 0.868270 0.906249 0.936424 0.971487 0.974506 0.948067 0.967558 0.951928 0.939433 0.923082 0.957485 0.982906 0.863939 0.927799 0.953799 0.808617 0.713573 0.000000 0.883782 0.990689 0.974674 0.869125 0.904895 0.954084 0.989042 0.936007 0.937299 0.992594 0.926088 0.952623 0.878230 0.923513 0.957121 0.948761 0.926253 0.939695 0.953730 0.938182 0.988247 0.974267 0.991114 0.859895 0.969535 0.981671 0.965876 0.922227 0.971867 0.955455 0.994147 0.963686 0.980966 0.913015 0.899606 0.909936 0.910542 0.928414 0.993816 0.953456 0.999502 0.940159 0.963245 0.976187 0.954056 0.993876 0.969069 0.956590 0.868734 0.985168 0.867737 0.995380 0.895600 0.951042 0.955828 0.949779 0.990974 0.986681 0.926842 0.925731 0.845204 0.826756 0.872428 0.785910 0.843235 0.813159 0.824887 0.888732 0.894619 0.916405 0.924175 0.844395 0.910697 0.936068 0.996977 0.888012 0.946300 0.812369 0.977176 0.935198 0.963709 0.865069 0.864596 0.910795 0.933920 0.855133 0.948802 0.999133 0.926167
0.855945 0.902552 0.887549 0.970627 0.770779 0.716796 0.828616 0.926796 0.808347 0.918081 0.823249 0.947695 0.936128 0.967834 0.997588 0.996072 0.868978 0.905756 0.812150 0.890309 0.986105 0.944440 0.994103 0.908083 0.938446 0.776056 0.883782 0.000000 0.920153 0.900075 0.993133 0.974709 0.956515 0.851376 0.976943 0.933620 0.942158 0.827628 0.786808 0.913300 0.906369 0.926580 0.900693 0.864250 0.869903 0.862157 0.970334 0.836978 0.944602 0.850867 0.905111 0.855491 0.947496 0.828387 0.942549 0.912004 0.850462 0.904939 0.881232 0.898148 0.839405 0.901048 0.918548 0.943926 0.941784 0.930910 0.865301 0.893692 0.840141 0.840335 0.899945 0.868855 0.754049 0.724075 0.959204 0.985884 0.962396 0.970783 0.930363 0.861137 0.924804 0.961201 0.970947 0.958390 0.999382 0.924790 0.918871 0.990100 0.948008 0.946971 0.960954 0.944340 0.985669 0.898814 0.974479 0.916391 0.981367 0.943112 0.897165 0.963925 0.835371 0.882416 0.871109 0.913307 0.941557 0.912288 0.819403 0.987551 0.927341 0.941212 0.711247 0.918433 0.963043 0.986337 0.994898 0.988752
0.201551 0.147293 0.438118 0.357949 0.674189 0.596344 0.339728 0.245669 0.440460 0.331797 0.206783 0.124519 0.162827 0.141605 0.192718 0.159259 0.125295 0.111494 0.168064 0.159472 0.532389 0.789857 0.287624 0.389638 0.701362 0.742642 0.990689 0.920153 0.000000 0.115246 0.302956 0.299351 0.168825 0.164775 0.554183 0.703766 0.399134 0.514725 0.724267 0.606347 0.698175 0.455979 0.303738 0.246213 0.383485 0.298495 0.285540 0.254421 0.776805 0.514680 0.594748 0.469036 0.607963 0.682777 0.595200 0.639430 0.147271 0.156563 0.270908 0.291207 0.201689 0.191505 0.139665 0.125161 0.498140 0.336175 0.362030 0.353116 0.317567 0.210670 0.292246 0.345557 0.465073 0.532413 0.676567 0.571760 0.352049 0.243076 0.193130 0.199589 0.122950 0.168213 0.308908 0.240968 0.311816 0.403455 0.960123 0.947254 0.487724 0.537979 0.730945 0.779628 0.725808 0.914114 0.438009 0.520561 0.432275 0.483009 0.371808 0.286053 0.586763 0.612498 0.285217 0.255259 0.336755 0.314087 0.798435 0.732642 0.721606 0.448238 0.554148 0.426767 0.475488 0.330757 0.495755 0.927158
0.178647 0.164849 0.342407 0.264272 0.733063 0.581034 0.260855 0.194217 0.422684 0.278238 0.162259 0.103468 0.137381 0.136720 0.157640 0.127289 0.111653 0.092018 0.131261 0.119094 0.460273 0.768409 0.237553 0.346505 0.651542 0.699158 0.974674 0.900075 0.115246 0.000000 0.257725 0.239811 0.156120 0.135755 0.515902 0.713295 0.346083 0.450097 0.720807 0.618992 0.641245 0.503043 0.264332 0.207843 0.390899 0.292942 0.304530 0.237184 0.875450 0.517059 0.619877 0.500783 0.616820 0.659763 0.578888 0.634706 0.156891 0.164325 0.261147 0.289781 0.177821 0.182260 0.130728 0.113328 0.428105 0.279720 0.322879 0.318705 0.320475 0.204032 0.272570 0.294506 0.413247 0.472606 0.605790 0.547472 0.338860 0.222156 0.151576 0.168077 0.111069 0.130062 0.319393 0.221971 0.311966 0.408190 0.947688 0.957802 0.436037 0.558987 0.688021 0.740526 0.708314 0.864260 0.459043 0.467101 0.426822 0.485880 0.359360 0.266579 0.580157 0.581282 0.288776 0.229265 0.328898 0.266076 0.766594 0.694039 0.620495 0.344771 0.570728 0.398912 0.422599 0.374542 0.516980 0.968552
0.294938 0.348625 0.211363 0.174992 0.829786 0.576528 0.248142 0.248984 0.425094 0.370799 0.317924 0.280118 0.245302 0.269356 0.262568 0.241129 0.339262 0.312705 0.230045 0.253384 0.437989 0.774761 0.162805 0.312824 0.420807 0.397113 0.869125 0.993133 0.302956 0.257725 0.000000 0.196900 0.197872 0.228343 0.434077 0.722435 0.318236 0.491919 0.540896 0.616751 0.745032 0.598273 0.292409 0.291558 0.479414 0.409367 0.334005 0.301996 0.933526 0.579231 0.687381 0.570785 0.589580 0.600125 0.493124 0.592490 0.403851 0.374193 0.331098 0.349558 0.250464 0.312391 0.284501 0.294847 0.271072 0.230483 0.283875 0.302374 0.429200 0.307460 0.304622 0.365505 0.410410 0.491619 0.596806 0.707219 0.425718 0.343689 0.332438 0.308771 0.260619 0.223462 0.428665 0.291392 0.248851 0.333558 0.932311 0.961121 0.322630 0.454842 0.712492 0.779684 0.698197 0.874437 0.514148 0.575699 0.407002 0.620733 0.486998 0.420535 0.604523 0.533188 0.439738 0.378868 0.457183 0.304170 0.719519 0.660507 0.668176 0.475312 0.728958 0.572255 0.541326 0.554950 0.546538 0.994207
0.363998 0.396304 0.332536 0.261598 0.892384 0.632396 0.344867 0.318521 0.568573 0.430961 0.349163 0.309447 0.311435 0.293258 0.310715 0.260814 0.330800 0.318374 0.279300 0.258858 0.534670 0.775861 0.223953 0.276939 0.527958 0.499878 0.904895 0.974709 0.299351 0.239811 0.196900 0.000000 0.271584 0.236394 0.562074 0.709360 0.432030 0.633996 0.601142 0.661761 0.838166 0.677922 0.385365 0.375526 0.587537 0.508583 0.442358 0.354914 0.953779 0.702838 0.808437 0.707412 0.699816 0.723294 0.608255 0.707497 0.418462 0.424019 0.415230 0.452928 0.333963 0.375597 0.297755 0.318182 0.408183 0.296902 0.363297 0.382944 0.495708 0.348065 0.411186 0.467419 0.476962 0.562525 0.616248 0.673252 0.510523 0.362205 0.285770 0.311276 0.253412 0.214831 0.399993 0.243234 0.322562 0.314136 0.881654 0.864231 0.344250 0.523153 0.830582 0.925567 0.819940 0.963839 0.585683 0.579546 0.549690 0.628621 0.595149 0.470031 0.682707 0.679281 0.495047 0.401608 0.547160 0.399434 0.805185 0.825928 0.718897 0.513071 0.762619 0.602418 0.656029 0.546083 0.633543 0.951130
0.153553 0.211446 0.228881 0.186397 0.636640 0.523480 0.178724 0.146037 0.381814 0.257795 0.209922 0.146918 0.152092 0.184481 0.195360 0.183603 0.190309 0.159026 0.134317 0.172994 0.465667 0.792809 0.201085 0.376788 0.642637 0.587917 0.954084 0.956515 0.168825 0.156120 0.197872 0.271584 0.000000 0.126165 0.401604 0.639709 0.324658 0.417889 0.635103 0.539069 0.718963 0.488178 0.227985 0.205046 0.319357 0.247893 0.258260 0.231307 0.776501 0.480695 0.530819 0.422065 0.526758 0.524366 0.443406 0.507690 0.239370 0.219453 0.186944 0.219347 0.131355 0.185129 0.137623 0.143817 0.306616 0.204786 0.217191 0.210542 0.347751 0.179682 0.238382 0.260721 0.424630 0.512368 0.558186 0.691111 0.319152 0.238628 0.186209 0.230935 0.128423 0.134486 0.366822 0.228809 0.207359 0.335060 0.943016 0.939351 0.332964 0.457241 0.575025 0.624974 0.567200 0.746347 0.439013 0.494267 0.371634 0.530884 0.293382 0.243984 0.509583 0.423086 0.257050 0.229484 0.277869 0.288290 0.746289 0.592502 0.657918 0.416008 0.595180 0.377216 0.405440 0.389009 0.466450 0.990574
0.162274 0.226955 0.252611 0.194114 0.696960 0.526989 0.169954 0.142146 0.382906 0.249358 0.194832 0.160237 0.178948 0.215734 0.227881 0.207545 0.156554 0.150884 0.121985 0.147864 0.453774 0.765402 0.238290 0.412068 0.662245 0.607564 0.989042 0.851376 0.164775 0.135755 0.228343 0.236394 0.126165 0.000000 0.373972 0.644897 0.334540 0.417083 0.592595 0.545102 0.693913 0.480729 0.223135 0.189443 0.317689 0.255066 0.256158 0.213764 0.836400 0.476792 0.559179 0.437033 0.515316 0.551232 0.447458 0.542684 0.220711 0.216270 0.185183 0.223891 0.140174 0.186137 0.135347 0.150264 0.315733 0.196392 0.178419 0.190772 0.338586 0.172745 0.264372 0.286009 0.404406 0.488143 0.584839 0.610720 0.333248 0.256408 0.163674 0.214137 0.110717 0.121974 0.362517 0.221946 0.240447 0.375769 0.988294 0.904360 0.358548 0.485068 0.573613 0.646574 0.572953 0.751090 0.464637 0.451120 0.348361 0.475945 0.311691 0.232392 0.488059 0.452155 0.238279 0.208162 0.294068 0.234645 0.747446 0.604991 0.651461 0.394498 0.548083 0.362484 0.381621 0.372934 0.479858 0.958465
0.473873 0.572446 0.384743 0.343132 0.777984 0.608613 0.394406 0.385829 0.518354 0.394015 0.544307 0.529645 0.523073 0.532979 0.506564 0.551799 0.568890 0.546257 0.447275 0.515616 0.637950 0.797429 0.459101 0.613611 0.643907 0.450598 0.936007 0.976943 0.554183 0.515902 0.434077 0.562074 0.401604 0.373972 0.000000 0.600497 0.503987 0.567573 0.674828 0.699740 0.883079 0.617444 0.442823 0.485185 0.478697 0.471374 0.490207 0.442752 0.811583 0.537859 0.620622 0.525646 0.514553 0.604071 0.472660 0.492927 0.615410 0.590705 0.429405 0.426203 0.414148 0.444244 0.509105 0.506984 0.322427 0.339821 0.322673 0.354326 0.531942 0.476194 0.527757 0.587935 0.515469 0.636976 0.659690 0.798539 0.517044 0.546719 0.553891 0.584429 0.446736 0.403668 0.631831 0.509969 0.404343 0.501168 0.967149 0.944836 0.549415 0.530861 0.568023 0.638510 0.546985 0.649984 0.745886 0.666069 0.476261 0.619100 0.463377 0.426517 0.528007 0.601229 0.475056 0.469936 0.455550 0.445597 0.751830 0.539178 0.844546 0.679236 0.681010 0.423308 0.586883 0.720016 0.581004 0.962837
0.677620 0.682172 0.688915 0.665135 0.816028 0.830134 0.670636 0.606574 0.775920 0.681377 0.694938 0.683677 0.693850 0.695417 0.737212 0.729267 0.701724 0.712264 0.653527 0.685835 0.866062 0.802566 0.666821 0.764328 0.918300 0.805642 0.937299 0.933620 0.703766 0.713295 0.722435 0.709360 0.639709 0.644897 0.600497 0.000000 0.737919 0.557271 0.900197 0.761878 0.952237 0.817766 0.667888 0.725325 0.728596 0.747602 0.775968 0.659925 0.973239 0.833519 0.794452 0.701026 0.769600 0.776653 0.902982 0.871746 0.699368 0.702286 0.655552 0.649240 0.667942 0.688843 0.646994 0.650024 0.768107 0.729156 0.613668 0.630408 0.840696 0.684881 0.675381 0.795294 0.872856 0.926237 0.847865 0.736010 0.753798 0.780151 0.703313 0.730752 0.649041 0.676872 0.695713 0.733647 0.679573 0.719097 0.844563 0.900547 0.708836 0.698594 0.808285 0.858742 0.830481 0.847705 0.865987 0.679423 0.655564 0.670257 0.681006 0.689337 0.672852 0.733196 0.633552 0.621530 0.733713 0.653652 0.720470 0.708285 0.877863 0.865173 0.754128 0.726281 0.785034 0.793046 0.654805 0.975889
0.352359 0.378935 0.377556 0.307537 0.824416 0.587956 0.383570 0.352431 0.454206 0.457515 0.434001 0.348628 0.304831 0.361870 0.300665 0.319247 0.400540 0.382278 0.366580 0.383143 0.477300 0.700449 0.281764 0.422954 0.561481 0.568241 0.992594 0.942158 0.399134 0.346083 0.318236 0.432030 0.324658 0.334540 0.503987 0.737919 0.000000 0.384559 0.655631 0.668898 0.731101 0.511757 0.366218 0.362587 0.422276 0.376603 0.395580 0.356763 0.702084 0.459822 0.531383 0.438078 0.595389 0.582460 0.517008 0.490667 0.423401 0.389124 0.368128 0.391339 0.333470 0.344964 0.359430 0.343438 0.338975 0.377775 0.384376 0.409096 0.574424 0.392075 0.352259 0.396404 0.609849 0.629639 0.643891 0.627913 0.395690 0.406432 0.405480 0.415191 0.340341 0.317860 0.514399 0.306072 0.265002 0.363099 0.945080 0.926745 0.400072 0.382709 0.611737 0.676144 0.602146 0.722952 0.461089 0.568864 0.414591 0.526313 0.401989 0.385993 0.536069 0.576138 0.331875 0.417877 0.371181 0.280752 0.835180 0.574124 0.680193 0.603169 0.776648 0.524450 0.538894 0.600529 0.493361 0.893704
0.407245 0.441701 0.456266 0.430772 0.692113 0.822138 0.438031 0.397520 0.537266 0.502342 0.477232 0.436413 0.388214 0.445053 0.423313 0.442923 0.471290 0.445470 0.402607 0.450691 0.551975 0.717526 0.417456 0.563344 0.769089 0.856231 0.926088 0.827628 0.514725 0.450097 0.491919 0.633996 0.417889 0.417083 0.567573 0.557271 0.384559 0.000000 0.693527 0.637936 0.806104 0.588158 0.355656 0.392780 0.466325 0.424917 0.507307 0.445776 0.721113 0.507454 0.518263 0.483882 0.631314 0.564243 0.631994 0.655189 0.446804 0.458119 0.440314 0.446304 0.368408 0.404845 0.387947 0.393003 0.418656 0.460783 0.441920 0.477973 0.664467 0.471890 0.450557 0.569793 0.712013 0.696758 0.865792 0.736317 0.474535 0.521361 0.492785 0.509801 0.445906 0.459693 0.515931 0.479366 0.405261 0.525741 0.881091 0.941997 0.501800 0.559215 0.585580 0.640654 0.675662 0.710349 0.543473 0.426075 0.474290 0.557441 0.427832 0.434888 0.574293 0.586577 0.366392 0.382486 0.442846 0.381763 0.702605 0.507387 0.566649 0.540901 0.646530 0.575611 0.558709 0.650373 0.431682 0.950559
