0.000000 0.384041 0.885834 0.914276 0.905637 0.986041 0.814721 0.532294 0.875714 0.508860 0.349615 0.309970 0.461797 0.525090 0.534808 0.653210 0.379799 0.376101 0.409121 0.406947 0.835219 0.989100 0.489887 0.840667 0.620319 0.660471 0.908296 0.881791 0.326902 0.411912 0.960300 0.777454 0.610962 0.600302 0.773123 0.992272 0.724011 0.951976 0.833201 0.919346 0.649324 0.783212 0.954669 0.901921 0.956435 0.812753 0.821219 0.754075 0.651915 0.703828 0.955331 0.916034 0.981843 0.745453 0.813573 0.796605 0.379165 0.325233 0.529155 0.496892 0.698363 0.567941 0.393736 0.307304 0.765894 0.793653 0.926106 0.929506 0.351611 0.407449 0.698525 0.821429 0.929073 0.948192 0.843180 0.931224 0.681988 0.784128 0.679988 0.526507 0.323328 0.441805 0.752470 0.650095 0.806866 0.807556 0.940416 0.866010 0.817566 0.699277 0.998281 0.879427 0.974810 0.832188 0.811973 0.928244 0.958585 0.881260 0.621531 0.555119 0.899569 0.947188 0.628722 0.640159 0.722939 0.753008 0.945524 0.805371 0.954919 0.882935 0.965747 0.656008 0.577126 0.860432 0.950824 0.781427
0.384041 0.000000 0.622841 0.870334 0.918147 0.833836 0.866086 0.651617 0.928024 0.539926 0.611244 0.369826 0.780019 0.496484 0.573618 0.639307 0.294154 0.282165 0.394889 0.308905 0.764527 0.989678 0.601683 0.943411 0.677752 0.596936 0.980047 0.949932 0.338351 0.346799 0.870333 0.858445 0.801030 0.704624 0.637256 0.920753 0.757572 0.950601 0.860593 0.881917 0.792275 0.681425 0.796274 0.644061 0.776433 0.575234 0.733458 0.560843 0.395487 0.483461 0.770123 0.735013 0.878327 0.850535 0.821827 0.751651 0.254144 0.257206 0.834601 0.740701 0.839331 0.799326 0.649631 0.464831 0.652728 0.655329 0.677964 0.734391 0.472021 0.429321 0.881235 0.917747 0.926251 0.968814 0.881471 0.966993 0.631067 0.747381 0.623705 0.520160 0.355042 0.421066 0.552879 0.552884 0.809737 0.849338 0.888513 0.904315 0.984520 0.891613 0.849949 0.974963 0.847540 0.699379 0.856201 0.897653 0.949145 0.834506 0.752910 0.602313 0.911405 0.912271 0.730419 0.705458 0.927214 0.910128 0.895537 0.837603 0.945939 0.986482 0.945708 0.663644 0.578877 0.784036 0.975687 0.830862
0.885834 0.622841 0.000000 0.417894 0.881067 0.739532 0.393156 0.683647 0.861096 0.865561 0.962654 0.693240 0.935779 0.966677 0.842742 0.864204 0.754882 0.798221 0.914596 0.813832 0.674507 0.913938 0.863566 0.775639 0.663414 0.465898 0.980752 0.883166 0.809277 0.785416 0.558355 0.630415 0.641266 0.732190 0.513089 0.651000 0.883252 0.784225 0.698467 0.964105 0.946165 0.946547 0.872392 0.996676 0.916907 0.888397 0.779615 0.937211 0.580388 0.619519 0.908798 0.786927 0.922285 0.987132 0.830339 0.970712 0.710528 0.687546 0.906944 0.927310 0.609147 0.898610 0.911937 0.879193 0.485985 0.460059 0.336138 0.388817 0.930480 0.833263 0.661284 0.588187 0.718270 0.829614 0.982861 0.916211 0.937839 0.962599 0.976321 0.986260 0.923899 0.985741 0.804757 0.899828 0.882834 0.669788 0.989408 0.928520 0.837484 0.770761 0.615113 0.773030 0.523546 0.525989 0.807591 0.995794 0.666744 0.916967 0.898414 0.918745 0.674127 0.768205 0.910411 0.966426 0.702071 0.798080 0.837546 0.782788 0.925515 0.866493 0.893509 0.969803 0.933547 0.950215 0.941757 0.977538
0.914276 0.870334 0.417894 0.000000 0.990328 0.847264 0.632501 0.653943 0.911954 0.843310 0.939745 0.777046 0.906782 0.843549 0.890343 0.946023 0.896318 0.976471 0.937473 0.994068 0.705526 0.820720 0.763092 0.622111 0.541257 0.433379 0.799939 0.941200 0.892669 0.909657 0.687334 0.598202 0.780214 0.764698 0.583579 0.608498 0.857402 0.782073 0.632923 0.846506 0.906672 0.982709 0.707329 0.803746 0.828276 0.906412 0.577136 0.732751 0.824223 0.911978 0.921310 0.993912 0.900858 0.959671 0.739228 0.915053 0.928591 0.875515 0.926527 0.991990 0.999904 0.967806 0.933500 0.789051 0.501390 0.450078 0.490089 0.480754 0.995165 0.881024 0.674997 0.702729 0.810647 0.931741 0.922588 0.911031 0.798536 0.792025 0.922733 0.826881 0.981344 0.793982 0.899642 0.869078 0.741115 0.539531 0.987691 0.786292 0.928214 0.739432 0.701776 0.894125 0.600094 0.668312 0.829842 0.842347 0.734913 0.865351 0.968436 0.862536 0.821119 0.923088 0.999437 0.956935 0.701669 0.781755 0.861274 0.918273 0.990298 0.995150 0.834543 0.990337 0.880939 0.841193 0.950651 0.984167
0.905637 0.918147 0.881067 0.990328 0.000000 0.956398 0.871794 0.956282 0.896981 0.937850 0.921319 0.896991 0.927680 0.888879 0.887761 0.875227 0.967704 0.970750 0.986870 0.989105 0.891147 0.962556 0.890038 0.882978 0.972146 0.976492 0.767620 0.998456 0.927771 0.944538 0.821038 0.841148 0.858063 0.797581 0.952413 0.864116 0.892884 0.906717 0.955989 0.913409 0.963982 0.916921 0.826093 0.864389 0.891449 0.972875 0.880927 0.948756 0.924372 0.951865 0.920823 0.976060 0.916162 0.821208 0.896377 0.918909 0.929327 0.928148 0.925855 0.927936 0.973248 0.805226 0.937404 0.947122 0.937063 0.918474 0.946598 0.898423 0.891975 0.872656 0.913293 0.895405 0.976145 0.972785 0.861326 0.804561 0.929588 0.833255 0.969741 0.997806 0.925841 0.843964 0.784958 0.917926 0.816671 0.861895 0.753762 0.849026 0.871150 0.781724 0.948973 0.832720 0.959691 0.889176 0.857765 0.921143 0.976086 0.935717 0.947314 0.956441 0.932025 0.817284 0.851603 0.980350 0.997664 0.778674 0.895725 0.706690 0.931693 0.881376 0.888087 0.929345 0.977878 0.887708 0.747348 0.926091
0.986041 0.833836 0.739532 0.847264 0.956398 0.000000 0.739586 0.987837 0.932945 0.956303 0.903761 0.980107 0.696132 0.850499 0.842606 0.732086 0.923247 0.946459 0.902403 0.983273 0.671558 0.848438 0.809575 0.752359 0.913721 0.787907 0.856807 0.781766 0.965944 0.972943 0.843473 0.781251 0.795805 0.802724 0.956415 0.955042 0.925683 0.981826 0.748035 0.865183 0.934435 0.940662 0.912472 0.902532 0.723760 0.689235 0.954158 0.918454 0.735171 0.751252 0.752550 0.781386 0.801403 0.869435 0.868026 0.889611 0.859417 0.865417 0.935664 0.980089 0.848659 0.811692 0.919087 0.989169 0.951491 0.928027 0.851698 0.973073 0.942790 0.979892 0.805585 0.820430 0.900521 0.773058 0.837061 0.893188 0.998032 0.832257 0.982535 0.891954 0.967345 0.885901 0.815908 0.970361 0.942429 0.919565 0.814117 0.767243 0.999940 0.995173 0.862383 0.807408 0.910316 0.818316 0.946589 0.990422 0.993698 0.924092 0.930812 0.998932 0.982339 0.947788 0.919872 0.985863 0.860428 0.940145 0.674341 0.934932 0.846596 0.922191 0.942145 0.968708 0.931404 0.761010 0.944583 0.981874
0.814721 0.866086 0.393156 0.632501 0.871794 0.739586 0.000000 0.440367 0.644692 0.728009 0.705759 0.902099 0.734993 0.966865 0.982345 0.848976 0.992746 0.982081 0.800332 0.953634 0.741048 0.888983 0.693945 0.941045 0.956874 0.749717 0.794322 0.774749 0.863954 0.930941 0.396275 0.518928 0.426308 0.455400 0.595833 0.639760 0.808835 0.850135 0.924605 0.817348 0.847596 0.955854 0.834453 0.878226 0.751593 0.959617 0.766406 0.863463 0.815713 0.798105 0.955505 0.931845 0.985303 0.993338 0.953329 0.962788 0.984821 0.986933 0.558157 0.620174 0.434782 0.869854 0.547562 0.723629 0.839367 0.818406 0.401322 0.453899 0.870812 0.874001 0.533947 0.464553 0.680537 0.748590 0.990138 0.959173 0.768942 0.776696 0.833326 0.881800 0.866622 0.924976 0.765890 0.929724 0.942750 0.949769 0.888341 0.937502 0.763702 0.853248 0.428028 0.552586 0.511977 0.561579 0.734705 0.963845 0.602478 0.782146 0.511656 0.594754 0.548991 0.552116 0.541141 0.599737 0.598592 0.625967 0.938864 0.764891 0.995758 0.827929 0.779432 0.828290 0.882010 0.829475 0.950887 0.902557
0.532294 0.651617 0.683647 0.653943 0.956282 0.987837 0.440367 0.000000 0.798051 0.539984 0.580742 0.755193 0.761132 0.714811 0.929851 0.999012 0.582671 0.594161 0.521231 0.569698 0.973790 0.971767 0.568816 0.891417 0.820479 0.991070 0.910560 0.827191 0.515437 0.595500 0.578219 0.511182 0.474215 0.431293 0.809471 0.753736 0.743901 0.916109 0.963962 0.983163 0.813515 0.779969 0.662019 0.663430 0.552619 0.614236 0.599311 0.632690 0.750566 0.790164 0.740276 0.807374 0.838490 0.981808 0.818770 0.809280 0.554335 0.553716 0.581489 0.520187 0.701382 0.711533 0.461466 0.494000 0.964176 0.982569 0.651940 0.648196 0.627179 0.604730 0.475293 0.568693 0.758712 0.904750 0.938186 0.917952 0.547358 0.684638 0.655372 0.636266 0.548202 0.622425 0.871434 0.777569 0.983812 0.886350 0.881592 0.856037 0.830815 0.793154 0.557064 0.642686 0.628705 0.793362 0.667518 0.833628 0.619861 0.738548 0.431824 0.395217 0.597663 0.647102 0.493136 0.521013 0.577548 0.575002 0.955154 0.836710 0.921115 0.924220 0.654303 0.638650 0.535674 0.656750 0.895794 0.850133
0.875714 0.928024 0.861096 0.911954 0.896981 0.932945 0.644692 0.798051 0.000000 0.658664 0.716175 0.979133 0.664891 0.874917 0.929993 0.826054 0.903345 0.843328 0.966883 0.914476 0.948924 0.995251 0.941536 0.671348 0.744135 0.842554 0.816143 0.871498 0.956637 0.894975 0.913445 0.951454 0.935477 0.885949 0.993524 0.999039 0.768729 0.966817 0.846641 0.893156 0.943713 0.961258 0.812354 0.919547 0.966432 0.957530 0.938786 0.957317 0.940311 0.947784 0.885518 0.969943 0.912715 0.976691 0.856421 0.971751 0.868229 0.976135 0.500305 0.644331 0.574072 0.769065 0.757191 0.817138 0.872313 0.857865 0.888546 0.970557 0.906018 0.813805 0.972771 0.947530 0.877793 0.852850 0.919011 0.938040 0.963663 0.889839 0.987358 0.887231 0.902569 0.788933 0.654372 0.784233 0.776605 0.682551 0.980192 0.786947 0.717697 0.944138 0.867830 0.845415 0.995332 0.787134 0.951891 0.931175 0.992076 0.919055 0.789078 0.840226 0.868947 0.822420 0.718359 0.776628 0.991461 0.963189 0.950736 0.776834 0.823651 0.929106 0.893460 0.982240 0.894505 0.991881 0.791012 0.934849
0.508860 0.539926 0.865561 0.843310 0.937850 0.956303 0.728009 0.539984 0.658664 0.000000 0.548410 0.554696 0.567133 0.746735 0.692738 0.869831 0.564859 0.598111 0.482579 0.527691 0.913728 0.920455 0.642921 0.674863 0.437757 0.547197 0.774515 0.924135 0.470379 0.504901 0.861902 0.782005 0.653178 0.577839 0.702417 0.969503 0.927740 0.834960 0.775207 0.826640 0.999364 0.772976 0.877548 0.764697 0.736468 0.689067 0.833087 0.753608 0.535810 0.612966 0.728218 0.736624 0.789704 0.983129 0.944725 0.950918 0.553428 0.473070 0.487379 0.544183 0.808291 0.927306 0.440079 0.390298 0.463669 0.466536 0.822080 0.773566 0.564438 0.485496 0.762149 0.806814 0.948462 0.987456 0.830533 0.895365 0.666071 0.739195 0.550626 0.629341 0.560006 0.786339 0.980700 0.867143 0.763264 0.468676 0.805742 0.685008 0.870011 0.934589 0.842995 0.688354 0.994786 0.911332 0.842685 0.979094 0.860779 0.824198 0.516592 0.489491 0.864044 0.761749 0.502167 0.549021 0.955132 0.804927 0.871556 0.913337 0.853547 0.914942 0.853173 0.825650 0.658291 0.848189 0.993281 0.928454
0.349615 0.611244 0.962654 0.939745 0.921319 0.903761 0.705759 0.580742 0.716175 0.548410 0.000000 0.509941 0.420752 0.684822 0.729697 0.825696 0.573410 0.593924 0.601769 0.550007 0.868974 0.950669 0.645741 0.815979 0.661769 0.776126 0.873332 0.857760 0.512908 0.570922 0.879586 0.833848 0.622290 0.694025 0.825713 0.931441 0.761281 0.941910 0.974092 0.846033 0.706340 0.770185 0.825867 0.964664 0.995569 0.923243 0.977231 0.941425 0.812337 0.856772 0.977780 0.978741 0.973626 0.759736 0.915500 0.811368 0.613416 0.540526 0.490310 0.505733 0.550153 0.596399 0.446386 0.413520 0.827360 0.878020 0.942351 0.997163 0.455684 0.506211 0.663743 0.713418 0.872015 0.985101 0.795334 0.894780 0.709749 0.826210 0.815539 0.611572 0.486986 0.599344 0.957609 0.774732 0.946746 0.762652 0.890148 0.776465 0.721902 0.774479 0.889368 0.844038 0.905757 0.998958 0.851216 0.993433 0.927457 0.956980 0.644748 0.664752 0.820417 0.828604 0.584175 0.656431 0.748369 0.781479 0.959078 0.959595 0.957937 0.822790 0.965451 0.796492 0.721611 0.915644 0.982387 0.949088
0.309970 0.369826 0.693240 0.777046 0.896991 0.980107 0.902099 0.755193 0.979133 0.554696 0.509941 0.000000 0.468518 0.450567 0.466399 0.499703 0.385401 0.415294 0.478992 0.462261 0.839898 0.930230 0.531049 0.935430 0.662375 0.613764 0.994917 0.967636 0.375708 0.414438 0.842525 0.898919 0.807006 0.762119 0.622525 0.794035 0.844797 0.886954 0.832835 0.978369 0.775721 0.851596 0.881724 0.938305 0.883628 0.868119 0.910311 0.808147 0.616580 0.661953 0.955848 0.876970 0.961263 0.790051 0.808100 0.835549 0.442961 0.377653 0.713716 0.628751 0.871303 0.645950 0.508036 0.400047 0.713320 0.733635 0.661058 0.692366 0.431757 0.453959 0.885683 0.936957 0.989527 0.939766 0.788707 0.996409 0.783399 0.852208 0.640803 0.500031 0.351109 0.430832 0.659246 0.617732 0.740335 0.854640 0.961100 0.983804 0.889690 0.767961 0.746345 0.915550 0.716134 0.582469 0.895431 0.987427 0.859061 0.983823 0.904596 0.749716 0.917541 0.866655 0.831158 0.872886 0.918535 0.892912 0.994973 0.689798 0.980438 0.980260 0.915671 0.772151 0.644919 0.981987 0.961113 0.817856
0.461797 0.780019 0.935779 0.906782 0.927680 0.696132 0.734993 0.761132 0.664891 0.567133 0.420752 0.468518 0.000000 0.627105 0.599316 0.580696 0.733303 0.795129 0.680291 0.790186 0.969505 0.991333 0.558448 0.970483 0.694950 0.808233 0.941867 0.945225 0.600348 0.665088 0.936568 0.830023 0.705087 0.720434 0.761246 0.903815 0.846262 0.897225 0.944984 0.872329 0.797864 0.983605 0.738234 0.882172 0.750498 0.915775 0.999302 0.988425 0.952509 0.921065 0.952689 0.990045 0.943031 0.874744 0.872640 0.912067 0.846644 0.720025 0.533304 0.582906 0.485776 0.654205 0.457951 0.495661 0.868351 0.876003 0.916741 0.893270 0.562663 0.591095 0.786457 0.865939 0.855485 0.901929 0.862125 0.975951 0.885918 0.868895 0.761841 0.674562 0.615932 0.699027 0.978024 0.845461 0.882554 0.833989 0.907379 0.983572 0.680292 0.829637 0.943705 0.951911 0.841986 0.875970 0.883592 0.952636 0.996721 0.952511 0.839170 0.813890 0.920290 0.927265 0.735785 0.831088 0.889095 0.869416 0.876830 0.790738 0.918551 0.775042 0.889578 0.966278 0.855361 0.912760 0.989409 0.887552
0.525090 0.496484 0.966677 0.843549 0.888879 0.850499 0.966865 0.714811 0.874917 0.746735 0.684822 0.450567 0.627105 0.000000 0.460976 0.392236 0.522101 0.502445 0.458580 0.482019 0.991086 0.985581 0.448363 0.732632 0.960459 0.937156 0.919017 0.953033 0.501283 0.494442 0.981287 0.638011 0.746537 0.659161 0.806467 0.985844 0.865757 0.903239 0.896003 0.754600 0.880277 0.909727 0.770361 0.706217 0.962948 0.785144 0.670172 0.603666 0.769134 0.756996 0.912035 0.845146 0.890477 0.930047 0.652620 0.797217 0.572230 0.563018 0.990082 0.892163 0.995211 0.821926 0.701815 0.656324 0.980448 0.953266 0.810868 0.939954 0.554643 0.601506 0.872487 0.980668 0.837354 0.930700 0.861356 0.954727 0.657948 0.692840 0.690461 0.475277 0.434967 0.342478 0.559465 0.557041 0.573408 0.810402 0.849071 0.803863 0.985303 0.811081 0.816231 0.877213 0.816901 0.699186 0.705995 0.887004 0.995147 0.843578 0.968666 0.770221 0.871371 0.900729 0.888779 0.894353 0.825511 0.849440 0.835327 0.740599 0.937176 0.917682 0.893549 0.807362 0.664464 0.899751 0.955516 0.873545
0.534808 0.573618 0.842742 0.890343 0.887761 0.842606 0.982345 0.929851 0.929993 0.692738 0.729697 0.466399 0.599316 0.460976 0.000000 0.510449 0.559546 0.550880 0.551371 0.581501 0.961374 0.988093 0.613175 0.908685 0.815950 0.788794 0.945738 0.955974 0.547361 0.513289 0.993741 0.796795 0.809383 0.715543 0.709823 0.898467 0.883464 0.961569 0.992699 0.923644 0.803070 0.991535 0.972252 0.816437 0.872083 0.916958 0.841112 0.706157 0.782854 0.773226 0.962873 0.897253 0.976197 0.889764 0.847389 0.882658 0.664492 0.630200 0.848982 0.823721 0.940409 0.896815 0.682831 0.615043 0.828259 0.835826 0.731969 0.778389 0.477935 0.595084 0.943952 0.941291 0.901156 0.863661 0.877757 0.967852 0.841509 0.812140 0.571152 0.534743 0.490079 0.502468 0.695653 0.661185 0.732521 0.979095 0.990235 0.854397 0.872735 0.853151 0.742806 0.882774 0.674851 0.661793 0.822340 0.884161 0.930759 0.873738 0.992746 0.821988 0.879240 0.808323 0.888206 0.910587 0.930341 0.962784 0.996204 0.672430 0.997435 0.903918 0.757998 0.887494 0.858182 0.978148 0.888934 0.924914
0.653210 0.639307 0.864204 0.946023 0.875227 0.732086 0.848976 0.999012 0.826054 0.869831 0.825696 0.499703 0.580696 0.392236 0.510449 0.000000 0.652981 0.656487 0.582416 0.636764 0.951206 0.950792 0.543649 0.605978 0.938378 0.942739 0.839593 0.765935 0.664776 0.611774 0.842086 0.826014 0.918915 0.819071 0.696653 0.822768 0.959295 0.814054 0.887438 0.815728 0.997509 0.981303 0.965597 0.856871 0.735225 0.990153 0.819910 0.797610 0.880809 0.780709 0.979036 0.911174 0.949452 0.912103 0.726895 0.937481 0.749912 0.695530 0.985812 0.995032 0.894509 0.945933 0.873168 0.822854 0.991352 0.993841 0.688618 0.754295 0.677856 0.696381 0.993415 0.879177 0.944092 0.939407 0.923210 0.925130 0.875125 0.828674 0.743593 0.606504 0.634526 0.506236 0.721196 0.632594 0.638254 0.769142 0.840599 0.761273 0.985577 0.833128 0.655969 0.850787 0.671997 0.626198 0.911070 0.943667 0.896518 0.891608 0.889809 0.939522 0.806596 0.771509 0.950260 0.916499 0.969215 0.944119 0.841196 0.610483 0.895397 0.898124 0.775396 0.965803 0.828497 0.942716 0.819951 0.978799
0.379799 0.294154 0.754882 0.896318 0.967704 0.923247 0.992746 0.582671 0.903345 0.564859 0.573410 0.385401 0.733303 0.522101 0.559546 0.652981 0.000000 0.276500 0.393777 0.315788 0.833381 0.984283 0.568254 0.919662 0.711904 0.647357 0.981541 0.993949 0.318634 0.309157 0.931075 0.733870 0.681859 0.595889 0.729842 0.897386 0.826431 0.965582 0.865710 0.927263 0.758074 0.741595 0.769269 0.678344 0.768379 0.643814 0.739354 0.615493 0.506218 0.573563 0.815509 0.776849 0.921706 0.878532 0.845763 0.816528 0.302063 0.307472 0.807354 0.695754 0.957197 0.843489 0.537607 0.407073 0.682945 0.712789 0.771625 0.830412 0.503764 0.413744 0.726998 0.913600 0.919270 0.888789 0.833266 0.986182 0.643066 0.737059 0.528185 0.484840 0.304247 0.403835 0.627729 0.589910 0.846286 0.850053 0.863557 0.880434 0.930673 0.899193 0.942060 0.935143 0.913376 0.717978 0.816801 0.916618 0.973743 0.883107 0.726971 0.568533 0.957163 0.979859 0.690408 0.669343 0.861375 0.820719 0.971771 0.833683 0.987998 0.966509 0.977882 0.679329 0.544951 0.762763 0.978782 0.804424
0.376101 0.282165 0.798221 0.976471 0.970750 0.946459 0.982081 0.594161 0.843328 0.598111 0.593924 0.415294 0.795129 0.502445 0.550880 0.656487 0.276500 0.000000 0.367589 0.283765 0.853160 0.937126 0.510730 0.988587 0.787774 0.737130 0.978127 0.997481 0.335258 0.306091 0.932714 0.692057 0.641312 0.551442 0.793966 0.994444 0.742337 0.998902 0.948602 0.908281 0.717759 0.750053 0.720253 0.600905 0.729725 0.613737 0.699519 0.550205 0.527715 0.595430 0.831655 0.799302 0.902771 0.865184 0.807277 0.783021 0.263618 0.285852 0.843715 0.736971 0.917253 0.863734 0.568728 0.426424 0.743431 0.761851 0.847594 0.913121 0.480796 0.468765 0.732840 0.875925 0.892894 0.851126 0.911684 0.934841 0.587046 0.681090 0.569712 0.435080 0.286377 0.353172 0.546963 0.540209 0.777905 0.941198 0.854431 0.969095 0.973827 0.849455 0.998214 0.894802 0.994541 0.758134 0.738228 0.936922 0.997102 0.769696 0.705799 0.584546 0.960144 0.998381 0.712347 0.676401 0.776860 0.802074 0.935457 0.822628 0.985265 0.982628 0.920897 0.618683 0.517700 0.724773 0.975793 0.778810
0.409121 0.394889 0.914596 0.937473 0.986870 0.902403 0.800332 0.521231 0.966883 0.482579 0.601769 0.478992 0.680291 0.458580 0.551371 0.582416 0.393777 0.367589 0.000000 0.335917 0.989891 0.924220 0.457147 0.949648 0.754702 0.720423 0.967621 0.956845 0.348584 0.376211 0.848617 0.622602 0.568353 0.460923 0.784038 0.946737 0.794383 0.978767 0.930987 0.970155 0.905795 0.749880 0.690189 0.594619 0.784498 0.651438 0.615716 0.535212 0.586833 0.599994 0.783958 0.752687 0.898787 0.914878 0.875527 0.919766 0.368886 0.390864 0.696121 0.665796 0.984172 0.950173 0.517156 0.475357 0.729700 0.733790 0.902110 0.883046 0.473948 0.442714 0.695110 0.814811 0.875933 0.897505 0.870039 0.915783 0.643676 0.635606 0.578678 0.485205 0.405845 0.458683 0.727300 0.691936 0.881756 0.867054 0.752610 0.972343 0.976301 0.901889 0.928310 0.770036 0.990753 0.865886 0.846583 0.773767 0.952622 0.772686 0.620566 0.469369 0.918117 0.919540 0.610490 0.600661 0.821220 0.765388 0.950942 0.860803 0.990683 0.978449 0.927553 0.681547 0.496343 0.746141 0.944665 0.835646
0.406947 0.308905 0.813832 0.994068 0.989105 0.983273 0.953634 0.569698 0.914476 0.527691 0.550007 0.462261 0.790186 0.482019 0.581501 0.636764 0.315788 0.283765 0.335917 0.000000 0.816945 0.886279 0.530307 0.982579 0.696620 0.686074 0.901566 0.953228 0.356308 0.319257 0.945929 0.701715 0.686164 0.567793 0.730690 0.972285 0.822451 0.998794 0.998119 0.953964 0.831607 0.686004 0.714590 0.634967 0.795277 0.702974 0.772383 0.588426 0.569079 0.606010 0.901224 0.866891 0.943207 0.820868 0.905609 0.937464 0.285975 0.312009 0.790850 0.739505 0.902169 0.923394 0.626511 0.472807 0.667407 0.705567 0.817551 0.850052 0.489637 0.479212 0.708797 0.873552 0.957125 0.977503 0.862840 0.899975 0.561759 0.616980 0.592362 0.484626 0.366383 0.434658 0.687902 0.614078 0.937852 0.830156 0.748781 0.839765 0.917291 0.911139 0.977140 0.801918 0.975793 0.829346 0.779377 0.863618 0.967673 0.769154 0.667148 0.484212 0.989329 0.916717 0.626794 0.617971 0.815526 0.783939 0.952655 0.947297 0.985654 0.981201 0.910029 0.671639 0.544076 0.738665 0.924742 0.861914
0.835219 0.764527 0.674507 0.705526 0.891147 0.671558 0.741048 0.973790 0.948924 0.913728 0.868974 0.839898 0.969505 0.991086 0.961374 0.951206 0.833381 0.853160 0.989891 0.816945 0.000000 0.841046 0.905066 0.757274 0.683143 0.637379 0.882408 0.919745 0.789675 0.848977 0.809109 0.781906 0.893334 0.877011 0.705097 0.780652 0.948846 0.924658 0.750823 0.996028 0.919698 0.840673 0.955087 0.972768 0.989502 0.876655 0.821509 0.996119 0.728641 0.756745 0.907243 0.858187 0.891303 0.949066 0.974934 0.990759 0.845170 0.773632 0.934528 0.939469 0.931368 0.871771 0.973645 0.840641 0.739774 0.725400 0.725008 0.770010 0.816528 0.927429 0.863551 0.890779 0.880454 0.860806 0.962499 0.860650 0.912017 0.967891 0.960862 0.998866 0.943400 0.956309 0.909290 0.960875 0.895770 0.759495 0.899708 0.798038 0.980179 0.987904 0.856717 0.996707 0.841325 0.855299 0.911213 0.803556 0.949666 0.913452 0.921899 0.943678 0.936152 0.970144 0.905071 0.954011 0.966501 0.902362 0.727209 0.978994 0.931694 0.965031 0.909531 0.870528 0.933117 0.946083 0.941511 0.941567
0.989100 0.989678 0.913938 0.820720 0.962556 0.848438 0.888983 0.971767 0.995251 0.920455 0.950669 0.930230 0.991333 0.985581 0.988093 0.950792 0.984283 0.937126 0.924220 0.886279 0.841046 0.000000 0.989795 0.939940 0.985356 0.861374 0.848670 0.877960 0.942002 0.895333 0.754043 0.820934 0.844906 0.850623 0.891544 0.843834 0.895166 0.695387 0.856987 0.968048 0.997895 0.773896 0.846322 0.883007 0.932781 0.960450 0.952944 0.889755 0.938305 0.939907 0.964387 0.999258 0.946464 0.915273 0.931809 0.819414 0.994864 0.966783 0.946505 0.885550 0.938518 0.793974 0.932289 0.996227 0.929951 0.957112 0.947206 0.962798 0.945141 0.963010 0.845533 0.872949 0.878365 0.871269 0.946921 0.820892 0.942441 0.792574 0.905828 0.902112 0.911003 0.914816 0.949930 0.952438 0.910322 0.954760 0.883485 0.777230 0.991377 0.941716 0.817713 0.809072 0.866631 0.877730 0.980703 0.942716 0.999452 0.818595 0.910200 0.870977 0.923524 0.807117 0.687780 0.770203 0.890971 0.919024 0.927085 0.841022 0.980417 0.860225 0.879667 0.892771 0.993677 0.804788 0.993108 0.812014
0.489887 0.601683 0.863566 0.763092 0.890038 0.809575 0.693945 0.568816 0.941536 0.642921 0.645741 0.531049 0.558448 0.448363 0.613175 0.543649 0.568254 0.510730 0.457147 0.530307 0.905066 0.989795 0.000000 0.764972 0.874238 0.995819 0.965895 0.981320 0.500687 0.487245 0.773990 0.527417 0.544095 0.506288 0.958594 0.983183 0.832502 0.898880 0.996425 0.959446 0.910319 0.852060 0.823652 0.746792 0.927902 0.851249 0.704184 0.683633 0.828715 0.821640 0.932481 0.889128 0.969091 0.931563 0.801586 0.930781 0.547647 0.547632 0.785757 0.691694 0.805034 0.870843 0.537226 0.527556 0.951147 0.959190 0.963046 0.928989 0.580603 0.600990 0.626746 0.751040 0.772116 0.761120 0.992234 0.930148 0.670188 0.694730 0.565295 0.510491 0.446538 0.466166 0.756859 0.694838 0.722022 0.935169 0.869065 0.894223 0.968584 0.797606 0.865112 0.818593 0.901812 0.858214 0.706526 0.902626 0.876790 0.854027 0.722230 0.637014 0.915761 0.972172 0.749783 0.705167 0.764195 0.762623 0.977690 0.785422 0.946970 0.844768 0.941095 0.826114 0.587810 0.917283 0.830972 0.762673
0.840667 0.943411 0.775639 0.622111 0.882978 0.752359 0.941045 0.891417 0.671348 0.674863 0.815979 0.935430 0.970483 0.732632 0.908685 0.605978 0.919662 0.988587 0.949648 0.982579 0.757274 0.939940 0.764972 0.000000 0.526194 0.575217 0.685977 0.793757 0.816279 0.959405 0.936077 0.863982 0.959771 0.961038 0.829801 0.988630 0.928296 0.830659 0.576230 0.775735 0.973002 0.831253 0.885738 0.927790 0.823046 0.888920 0.868238 0.896616 0.804940 0.864600 0.826143 0.824263 0.828217 0.898186 0.821763 0.926037 0.901342 0.862961 0.612940 0.696816 0.795296 0.909292 0.698565 0.701834 0.584391 0.556939 0.914442 0.833976 0.901981 0.850293 0.988417 0.924932 0.938466 0.925135 0.860740 0.959925 0.928910 0.994711 0.999755 0.907337 0.985318 0.758123 0.782209 0.668046 0.592519 0.435110 0.972206 0.565371 0.900445 0.842046 0.939899 0.872585 0.970840 0.963233 0.879066 0.976645 0.923771 0.943961 0.719682 0.835408 0.851472 0.785392 0.664781 0.645633 0.995540 0.974222 0.783250 0.795142 0.927927 0.998383 0.823923 0.855259 0.883494 0.864906 0.756851 0.998083
0.620319 0.677752 0.663414 0.541257 0.972146 0.913721 0.956874 0.820479 0.744135 0.437757 0.661769 0.662375 0.694950 0.960459 0.815950 0.938378 0.711904 0.787774 0.754702 0.696620 0.683143 0.985356 0.874238 0.526194 0.000000 0.379052 0.673380 0.872870 0.596222 0.651092 0.955222 0.949611 0.944074 0.890923 0.617624 0.788479 0.956859 0.821328 0.608003 0.697564 0.904060 0.847374 0.865901 0.952245 0.993358 0.989435 0.790083 0.911897 0.713792 0.807101 0.991966 0.947795 0.994310 0.926010 0.818560 0.851746 0.672204 0.594163 0.590825 0.660489 0.800267 0.946119 0.626709 0.497896 0.363010 0.360969 0.694634 0.654484 0.721770 0.652007 0.887961 0.935027 0.908363 0.865258 0.890432 0.861136 0.894320 0.860709 0.798435 0.938223 0.782621 0.955929 0.890323 0.995292 0.581419 0.333957 0.879139 0.623587 0.926453 0.783800 0.923841 0.732512 0.917940 0.899427 0.909171 0.968965 0.970585 0.930046 0.619885 0.688512 0.903907 0.806357 0.595708 0.651094 0.926619 0.893239 0.856211 0.877859 0.814335 0.893983 0.935260 0.774280 0.846641 0.964082 0.994381 0.893187
0.660471 0.596936 0.465898 0.433379 0.976492 0.787907 0.749717 0.991070 0.842554 0.547197 0.776126 0.613764 0.808233 0.937156 0.788794 0.942739 0.647357 0.737130 0.720423 0.686074 0.637379 0.861374 0.995819 0.575217 0.379052 0.000000 0.781933 0.909796 0.660842 0.694867 0.696211 0.791065 0.883369 0.939054 0.502368 0.723595 0.979144 0.783700 0.564749 0.802149 0.989127 0.958922 0.851354 0.930070 0.952273 0.914984 0.809084 0.968292 0.632360 0.699071 0.986871 0.899405 0.997187 0.890327 0.794318 0.872760 0.627750 0.536885 0.763295 0.768995 0.954124 0.953546 0.780268 0.583184 0.363179 0.347755 0.481279 0.474516 0.782339 0.718314 0.923840 0.863816 0.762281 0.740874 0.892516 0.876076 0.960535 0.975588 0.889277 0.965216 0.810549 0.967980 0.992257 0.991668 0.668846 0.401609 0.938386 0.657805 0.994392 0.786686 0.816725 0.988317 0.723895 0.693089 0.905483 0.995696 0.807886 0.970260 0.792604 0.816405 0.966800 0.932979 0.817739 0.800548 0.799453 0.975678 0.813031 0.985619 0.823884 0.947274 0.952067 0.859358 0.862366 0.971686 0.959993 0.975516
0.908296 0.980047 0.980752 0.799939 0.767620 0.856807 0.794322 0.910560 0.816143 0.774515 0.873332 0.994917 0.941867 0.919017 0.945738 0.839593 0.981541 0.978127 0.967621 0.901566 0.882408 0.848670 0.965895 0.685977 0.673380 0.781933 0.000000 0.688617 0.894264 0.841699 0.748470 0.878264 0.854929 0.837086 0.973557 0.983696 0.854629 0.939763 0.801312 0.829736 0.927639 0.887890 0.990343 0.953731 0.962308 0.931813 0.916672 0.973074 0.836408 0.883387 0.985316 0.995782 0.912110 0.870566 0.902419 0.829576 0.978620 0.944908 0.836551 0.910413 0.776490 0.994465 0.758647 0.776643 0.740337 0.769809 0.998190 0.959556 0.907485 0.995456 0.818964 0.762899 0.787510 0.935223 0.948898 0.892904 0.995773 0.858638 0.985869 0.964301 0.959168 0.872027 0.754355 0.858068 0.659612 0.622703 0.877278 0.600180 0.966906 0.821700 0.862375 0.864134 0.955109 0.954619 0.818293 0.892569 0.857580 0.909214 0.751598 0.870022 0.847998 0.777659 0.654925 0.761828 0.932958 0.782654 0.818880 0.727383 0.800385 0.812628 0.842531 0.863681 0.983641 0.820079 0.969310 0.949169
0.881791 0.949932 0.883166 0.941200 0.998456 0.781766 0.774749 0.827191 0.871498 0.924135 0.857760 0.967636 0.945225 0.953033 0.955974 0.765935 0.993949 0.997481 0.956845 0.953228 0.919745 0.877960 0.981320 0.793757 0.872870 0.909796 0.688617 0.000000 0.926452 0.984524 0.814956 0.958444 0.908507 0.912733 0.916878 0.990742 0.981318 0.954089 0.720192 0.977067 0.868988 0.831851 0.991992 0.964150 0.904928 0.942815 0.915080 0.924752 0.911908 0.971214 0.906734 0.915096 0.860973 0.884676 0.944330 0.929951 0.975863 0.953579 0.896152 0.751457 0.718734 0.784268 0.827114 0.813397 0.979401 0.957426 0.897730 0.778400 0.993294 0.930666 0.895523 0.752894 0.886351 0.991554 0.869348 0.963321 0.903320 0.946113 0.989258 0.957133 0.955370 0.952299 0.945878 0.918186 0.950014 0.876964 0.818395 0.948812 0.899629 0.992512 0.879359 0.870192 0.894789 0.920252 0.691671 0.857658 0.862910 0.851495 0.817202 0.938950 0.897770 0.855447 0.797293 0.867401 0.853754 0.822078 0.835704 0.946552 0.866841 0.780811 0.941844 0.969575 0.983869 0.907467 0.957506 0.841924
0.326902 0.338351 0.809277 0.892669 0.927771 0.965944 0.863954 0.515437 0.956637 0.470379 0.512908 0.375708 0.600348 0.501283 0.547361 0.664776 0.318634 0.335258 0.348584 0.356308 0.789675 0.942002 0.500687 0.816279 0.596222 0.660842 0.894264 0.926452 0.000000 0.304839 0.830213 0.692414 0.592959 0.499645 0.759009 0.900815 0.703601 0.970753 0.807070 0.988369 0.749948 0.698016 0.761590 0.629899 0.778386 0.641979 0.752445 0.590584 0.547333 0.578027 0.769712 0.732919 0.885995 0.961548 0.775095 0.787708 0.349378 0.332280 0.631412 0.604455 0.870408 0.770702 0.418574 0.329342 0.655024 0.669867 0.835987 0.891141 0.439293 0.379148 0.701253 0.893669 0.809312 0.815165 0.908707 0.943746 0.608527 0.660081 0.566979 0.505636 0.327737 0.442334 0.685442 0.646940 0.886524 0.797714 0.806107 0.904990 0.862566 0.865362 0.972983 0.823037 0.918678 0.778271 0.753313 0.877009 0.941075 0.803984 0.594664 0.513568 0.939225 0.846034 0.538125 0.587853 0.804721 0.795950 0.905096 0.866117 0.954777 0.901496 0.884201 0.579293 0.481563 0.717014 0.977095 0.751895
0.411912 0.346799 0.785416 0.909657 0.944538 0.972943 0.930941 0.595500 0.894975 0.504901 0.570922 0.414438 0.665088 0.494442 0.513289 0.611774 0.309157 0.306091 0.376211 0.319257 0.848977 0.895333 0.487245 0.959405 0.651092 0.694867 0.841699 0.984524 0.304839 0.000000 0.819712 0.631090 0.589988 0.496606 0.730513 0.945474 0.765016 0.968341 0.909000 0.938086 0.809536 0.700287 0.717923 0.606962 0.800529 0.689098 0.753260 0.594340 0.607931 0.628516 0.791882 0.735530 0.871199 0.986507 0.854007 0.888941 0.371494 0.356222 0.817237 0.743978 0.972152 0.920285 0.479209 0.370463 0.622979 0.662759 0.767848 0.858595 0.474335 0.429927 0.710483 0.873533 0.759982 0.753115 0.939212 0.860907 0.611501 0.594496 0.449264 0.449162 0.321687 0.417623 0.656903 0.646894 0.934981 0.801005 0.755636 0.871680 0.989247 0.998913 0.996156 0.828661 0.895793 0.700824 0.703430 0.899473 0.938578 0.732824 0.644978 0.549742 0.942096 0.905369 0.585123 0.623008 0.866934 0.755646 0.875094 0.923044 0.946495 0.873020 0.921331 0.620191 0.510079 0.667948 0.951842 0.837704
0.960300 0.870333 0.558355 0.687334 0.821038 0.843473 0.396275 0.578219 0.913445 0.861902 0.879586 0.842525 0.936568 0.981287 0.993741 0.842086 0.931075 0.932714 0.848617 0.945929 0.809109 0.754043 0.773990 0.936077 0.955222 0.696211 0.748470 0.814956 0.830213 0.819712 0.000000 0.455582 0.434127 0.423924 0.653202 0.696522 0.866490 0.832821 0.925560 0.985197 0.892283 0.923258 0.606424 0.673015 0.614823 0.791445 0.696966 0.768688 0.890588 0.920686 0.726802 0.804073 0.749569 0.669076 0.901790 0.998001 0.967094 0.934484 0.799001 0.842556 0.681799 0.898041 0.592933 0.796652 0.929649 0.903602 0.578502 0.525544 0.974430 0.964299 0.515342 0.549268 0.539812 0.584614 0.938649 0.983074 0.774952 0.687956 0.746305 0.780672 0.845002 0.905421 0.941374 0.958969 0.926599 0.982586 0.814556 0.937367 0.919162 0.968991 0.532898 0.699113 0.687502 0.829645 0.749752 0.972968 0.734363 0.823347 0.584785 0.651578 0.734393 0.572617 0.566691 0.638758 0.704095 0.664092 0.982357 0.781272 0.941337 0.891742 0.685255 0.801523 0.729767 0.675873 0.832538 0.877142
0.777454 0.858445 0.630415 0.598202 0.841148 0.781251 0.518928 0.511182 0.951454 0.782005 0.833848 0.898919 0.830023 0.638011 0.796795 0.826014 0.733870 0.692057 0.622602 0.701715 0.781906 0.820934 0.527417 0.863982 0.949611 0.791065 0.878264 0.958444 0.692414 0.631090 0.455582 0.000000 0.455687 0.422299 0.794846 0.764069 0.759852 0.924180 0.917038 0.937910 0.972525 0.809748 0.562260 0.598417 0.710152 0.787460 0.532308 0.662513 0.976952 0.968845 0.823667 0.845031 0.832845 0.857622 0.770322 0.920269 0.783618 0.837911 0.904152 0.883226 0.827345 0.954369 0.574985 0.720829 0.914110 0.888574 0.731072 0.676709 0.815892 0.772876 0.541594 0.573997 0.604083 0.600111 0.997127 0.985062 0.734456 0.645079 0.599379 0.625315 0.599282 0.598960 0.864992 0.825126 0.854984 0.902660 0.788229 0.925399 0.984438 0.956172 0.660003 0.727100 0.757791 0.904238 0.725305 0.940920 0.741948 0.769699 0.666082 0.649541 0.830419 0.723828 0.626300 0.635516 0.685485 0.586602 0.869847 0.939184 0.931992 0.803355 0.765068 0.668891 0.601646 0.720692 0.876084 0.907129
0.610962 0.801030 0.641266 0.780214 0.858063 0.795805 0.426308 0.474215 0.935477 0.653178 0.622290 0.807006 0.705087 0.746537 0.809383 0.918915 0.681859 0.641312 0.568353 0.686164 0.893334 0.844906 0.544095 0.959771 0.944074 0.883369 0.854929 0.908507 0.592959 0.589988 0.434127 0.455687 0.000000 0.340661 0.803397 0.713592 0.730935 0.814984 0.853899 0.924394 0.839030 0.824985 0.663335 0.660228 0.629115 0.722157 0.560692 0.634829 0.901691 0.930779 0.768666 0.831862 0.877701 0.949446 0.742173 0.820633 0.729655 0.729890 0.640615 0.650880 0.600235 0.866701 0.396763 0.534338 0.957787 0.970643 0.635713 0.612147 0.656370 0.665505 0.550306 0.627663 0.607890 0.554235 0.933394 0.970488 0.681148 0.709780 0.676596 0.653501 0.546205 0.627135 0.938249 0.898427 0.847716 0.989405 0.816584 0.933863 0.825076 0.810615 0.638600 0.676324 0.720593 0.916432 0.787251 0.992764 0.732162 0.682502 0.524178 0.525259 0.727497 0.660042 0.542627 0.607946 0.590878 0.610003 0.991436 0.888847 0.921350 0.879211 0.772825 0.680190 0.633671 0.700011 0.914007 0.894411
0.600302 0.704624 0.732190 0.764698 0.797581 0.802724 0.455400 0.431293 0.885949 0.577839 0.694025 0.762119 0.720434 0.659161 0.715543 0.819071 0.595889 0.551442 0.460923 0.567793 0.877011 0.850623 0.506288 0.961038 0.890923 0.939054 0.837086 0.912733 0.499645 0.496606 0.423924 0.422299 0.340661 0.000000 0.893016 0.767119 0.724795 0.883219 0.935435 0.982774 0.837008 0.838026 0.561496 0.523327 0.625568 0.655076 0.586127 0.523341 0.813485 0.785696 0.713544 0.757394 0.821600 0.896299 0.804787 0.852329 0.638987 0.644527 0.647514 0.672045 0.743652 0.975629 0.427999 0.525650 0.925577 0.921026 0.766091 0.713251 0.679394 0.630085 0.584231 0.631241 0.670535 0.648985 0.985834 0.889276 0.667140 0.569655 0.585062 0.533016 0.526250 0.596408 0.840560 0.825843 0.910683 0.950155 0.702120 0.958154 0.898900 0.938331 0.698185 0.669775 0.834951 0.950194 0.636430 0.964380 0.822673 0.659003 0.508835 0.486940 0.808950 0.668172 0.491190 0.554663 0.638230 0.608228 0.967364 0.932358 0.964712 0.853133 0.809637 0.680608 0.558001 0.637206 0.911821 0.786179
0.773123 0.637256 0.513089 0.583579 0.952413 0.956415 0.595833 0.809471 0.993524 0.702417 0.825713 0.622525 0.761246 0.806467 0.709823 0.696653 0.729842 0.793966 0.784038 0.730690 0.705097 0.891544 0.958594 0.829801 0.617624 0.502368 0.973557 0.916878 0.759009 0.730513 0.653202 0.794846 0.803397 0.893016 0.000000 0.701368 0.841799 0.774567 0.803104 0.997776 0.958267 0.877072 0.852034 0.971911 0.809826 0.942564 0.883300 0.994709 0.660616 0.680574 0.937940 0.826161 0.879252 0.963633 0.894968 0.976569 0.761193 0.685151 0.985415 0.990852 0.792943 0.935063 0.958188 0.800874 0.554939 0.523015 0.398885 0.363295 0.802393 0.705274 0.821275 0.706778 0.777071 0.849056 0.800261 0.880556 0.954863 0.950742 0.864697 0.854840 0.834306 0.912983 0.848768 0.887280 0.916430 0.721989 0.875845 0.863440 0.953055 0.779955 0.539653 0.820890 0.552991 0.590316 0.859272 0.979832 0.732098 0.853505 0.893758 0.951649 0.720259 0.827162 0.967430 0.910521 0.690010 0.803936 0.993280 0.764993 0.967068 0.971148 0.842222 0.868738 0.868589 0.903250 0.982391 0.982914
0.992272 0.920753 0.651000 0.608498 0.864116 0.955042 0.639760 0.753736 0.999039 0.969503 0.931441 0.794035 0.903815 0.985844 0.898467 0.822768 0.897386 0.994444 0.946737 0.972285 0.780652 0.843834 0.983183 0.988630 0.788479 0.723595 0.983696 0.990742 0.900815 0.945474 0.696522 0.764069 0.713592 0.767119 0.701368 0.000000 0.785016 0.586709 0.758732 0.964866 0.870936 0.931236 0.784255 0.870303 0.704623 0.892130 0.737223 0.844364 0.932502 0.916247 0.947200 0.977343 0.922086 0.989451 0.916476 0.988777 0.988498 0.961099 0.928243 0.955852 0.880299 0.932873 0.917210 0.972679 0.731851 0.726515 0.551767 0.591495 0.915038 0.951028 0.747188 0.834132 0.914992 0.926828 0.975884 0.776256 0.842303 0.814579 0.986651 0.969851 0.996395 0.933145 0.966758 0.925012 0.965442 0.861918 0.911724 0.910277 0.951732 0.811618 0.719652 0.848235 0.641972 0.669988 0.992547 0.876393 0.802769 0.758146 0.773489 0.729206 0.902391 0.736277 0.851704 0.791760 0.787992 0.869627 0.852886 0.755336 0.953654 0.998228 0.817298 0.868427 0.833233 0.764055 0.824659 0.951656
0.724011 0.757572 0.883252 0.857402 0.892884 0.925683 0.808835 0.743901 0.768729 0.927740 0.761281 0.844797 0.846262 0.865757 0.883464 0.959295 0.826431 0.742337 0.794383 0.822451 0.948846 0.895166 0.832502 0.928296 0.956859 0.979144 0.854629 0.981318 0.703601 0.765016 0.866490 0.759852 0.730935 0.724795 0.841799 0.785016 0.000000 0.734466 0.966420 0.912423 0.713702 0.867019 0.873515 0.713989 0.804263 0.783108 0.738505 0.703317 0.878873 0.860137 0.845376 0.890461 0.953545 0.970736 0.690137 0.863337 0.795702 0.794169 0.787438 0.828521 0.802740 0.681463 0.746069 0.775373 0.886785 0.916541 0.818953 0.798805 0.690484 0.729481 0.875074 0.966443 0.973535 0.851639 0.966956 0.864780 0.852571 0.897532 0.883968 0.827136 0.761125 0.746986 0.908694 0.928297 0.804199 0.893900 0.981680 0.987885 0.800404 0.706629 0.945247 0.901881 0.997286 0.936891 0.861742 0.896860 0.946273 0.801953 0.772009 0.777947 0.971306 0.923921 0.708962 0.771421 0.851729 0.842609 0.943937 0.971141 0.842674 0.760285 0.800140 0.651499 0.847073 0.756555 0.759288 0.976272
0.951976 0.950601 0.784225 0.782073 0.906717 0.981826 0.850135 0.916109 0.966817 0.834960 0.941910 0.886954 0.897225 0.903239 0.961569 0.814054 0.965582 0.998902 0.978767 0.998794 0.924658 0.695387 0.898880 0.830659 0.821328 0.783700 0.939763 0.954089 0.970753 0.968341 0.832821 0.924180 0.814984 0.883219 0.774567 0.586709 0.734466 0.000000 0.838013 0.993068 0.794824 0.822370 0.959112 0.961432 0.902984 0.964300 0.940086 0.924822 0.871366 0.921802 0.994457 0.953411 0.993783 0.995416 0.961986 0.988149 0.981671 0.924923 0.950539 0.993483 0.909166 0.933996 0.933561 0.945959 0.826263 0.802553 0.733008 0.746826 0.844981 0.980029 0.860061 0.908662 0.846806 0.857538 0.973020 0.940287 0.929643 0.937011 0.955361 0.985773 0.961921 0.921381 0.897260 0.776790 0.942995 0.909979 0.977502 0.779727 0.969676 0.908151 0.921039 0.919879 0.869222 0.723711 0.911268 0.846819 0.933407 0.825078 0.978598 0.920257 0.876862 0.913791 0.867096 0.860043 0.903002 0.988609 0.939230 0.892878 0.963819 0.981578 0.939297 0.842798 0.906324 0.689883 0.862621 0.993745
