0.000000 0.454811 0.874331 0.876899 0.748637 0.823694 0.841827 0.544030 0.759791 0.607552 0.397763 0.329622 0.452468 0.575232 0.595044 0.771647 0.468374 0.487129 0.454534 0.434449 0.863440 0.925922 0.585048 0.767693 0.618322 0.660211 0.933260 0.878938 0.422037 0.547911 0.964454 0.948290 0.685177 0.768971 0.856597 0.986029 0.722927 0.845746 0.744286 0.901750 0.720469 0.799680 0.878542 0.959697 0.910994 0.773032 0.840372 0.851116 0.616022 0.690435 0.831096 0.822653 0.907274 0.835734 0.862025 0.881118 0.431836 0.373774 0.494223 0.461637 0.607768 0.449388 0.423808 0.367258 0.874805 0.856708 0.973267 0.944169 0.395411 0.438206 0.843634 0.884665 0.866773 0.976669 0.803783 0.803603 0.815958 0.984135 0.881011 0.754182 0.470459 0.556142 0.785360 0.790732 0.755528 0.812374 0.906762 0.956809 0.646321 0.642106 0.952826 0.990206 0.926884 0.822064 0.914605 0.968840 0.980382 0.968415 0.662714 0.613230 0.910851 0.999499 0.770527 0.717694 0.771361 0.837545 0.915600 0.819102 0.964960 0.878861 0.831533 0.662947 0.639343 0.824277 0.947166 0.818872
0.454811 0.000000 0.567406 0.805110 0.791758 0.663340 0.791006 0.705853 0.987235 0.630947 0.702618 0.399875 0.813568 0.567611 0.635717 0.724577 0.354491 0.331634 0.472550 0.375992 0.746130 0.907723 0.694001 0.868903 0.703028 0.600739 0.959120 0.955872 0.400420 0.414274 0.858477 0.993073 0.911256 0.893405 0.667521 0.900206 0.765210 0.994590 0.756554 0.941829 0.844748 0.721346 0.889063 0.749172 0.725454 0.522032 0.771741 0.673820 0.353014 0.455413 0.637755 0.618992 0.764481 0.964491 0.888336 0.782260 0.315440 0.303853 0.859050 0.734116 0.894525 0.690119 0.701249 0.535056 0.735266 0.706546 0.679543 0.723230 0.587246 0.487027 0.899326 0.829228 0.967042 0.954806 0.846157 0.895797 0.756430 0.970910 0.765626 0.651585 0.451465 0.486731 0.532816 0.655738 0.750942 0.894460 0.993145 0.993203 0.882026 0.866024 0.728335 0.806253 0.729617 0.601333 0.996010 0.944354 0.867112 0.941727 0.866484 0.726064 0.831651 0.822897 0.927729 0.839752 0.980961 0.944088 0.866041 0.795573 0.929008 0.929348 0.912317 0.696890 0.637626 0.785171 0.961091 0.852606
0.874331 0.567406 0.000000 0.436984 0.947631 0.706165 0.417617 0.698149 0.902423 0.838485 0.955449 0.690236 0.927098 0.992142 0.833879 0.842874 0.719159 0.732837 0.903434 0.767056 0.650279 0.895490 0.886962 0.785466 0.647950 0.466211 0.981128 0.927483 0.762589 0.734305 0.604070 0.619651 0.636901 0.725623 0.527213 0.651663 0.903453 0.798427 0.715620 0.969163 0.953984 0.974864 0.853973 0.990220 0.924463 0.872047 0.776253 0.906238 0.586283 0.636436 0.922140 0.799613 0.935301 0.996607 0.800606 0.990218 0.675590 0.630112 0.922479 0.932429 0.607240 0.900601 0.907109 0.865164 0.461729 0.447471 0.356197 0.402386 0.910960 0.834243 0.667979 0.632295 0.693311 0.816334 0.955716 0.939712 0.961362 0.994903 0.985310 0.970022 0.915752 0.992820 0.835530 0.887485 0.857914 0.664456 0.991092 0.925155 0.818998 0.757645 0.634147 0.766997 0.552981 0.555758 0.787463 0.993841 0.657204 0.944749 0.908098 0.867438 0.686016 0.815411 0.905075 0.960607 0.727780 0.809722 0.794769 0.812032 0.936179 0.801174 0.891862 0.984501 0.935259 0.901784 0.935744 0.987927
0.876899 0.805110 0.436984 0.000000 0.972583 0.891289 0.658975 0.688132 0.851177 0.772864 0.899498 0.788299 0.933105 0.849023 0.878734 0.930023 0.842485 0.898879 0.989671 0.912543 0.687387 0.837980 0.780031 0.589166 0.489144 0.400721 0.803286 0.922515 0.846950 0.851902 0.691201 0.605746 0.775253 0.788708 0.589620 0.628787 0.857292 0.810882 0.645793 0.883444 0.874984 0.982846 0.736755 0.832412 0.834545 0.918042 0.594613 0.766619 0.817105 0.899770 0.890223 0.954282 0.895399 0.906135 0.748301 0.920210 0.839282 0.799568 0.902190 0.996621 0.958377 0.936292 0.929974 0.736130 0.445481 0.397548 0.499826 0.481080 0.957676 0.856120 0.737009 0.735167 0.751301 0.892923 0.964254 0.879249 0.839612 0.865935 0.918091 0.852854 0.986372 0.779661 0.877724 0.874898 0.685908 0.481797 0.961680 0.750426 0.970103 0.757183 0.778341 0.982549 0.679626 0.765482 0.856859 0.895296 0.777449 0.905730 0.978016 0.921789 0.854316 0.960624 0.936368 0.954410 0.742116 0.796050 0.824424 0.946880 0.964319 0.983363 0.862660 0.988906 0.919899 0.892453 0.947014 0.970810
0.748637 0.791758 0.947631 0.972583 0.000000 0.896626 0.966541 0.881878 0.991479 0.991030 0.860227 0.791701 0.823423 0.798362 0.819802 0.846057 0.806052 0.856805 0.877443 0.801929 0.984822 0.984903 0.777407 0.834814 0.990002 0.899139 0.717869 0.934200 0.849388 0.987099 0.899125 0.912062 0.965280 0.888539 0.951213 0.864968 0.977870 0.968309 0.953554 0.943426 0.990423 0.996061 0.932931 0.927035 0.993131 0.956116 0.949632 0.972652 0.813990 0.874300 0.996425 0.993204 0.929973 0.778930 0.921627 0.999732 0.782330 0.788873 0.857693 0.842835 0.976231 0.741617 0.968269 0.876385 0.957829 0.946253 0.963605 0.899319 0.789876 0.739294 0.994822 0.883891 0.995204 0.942238 0.897861 0.869776 0.957457 0.825833 0.972424 0.901595 0.859269 0.799935 0.760548 0.925386 0.798252 0.902767 0.787443 0.831581 0.817556 0.781739 0.960635 0.884381 0.981920 0.877988 0.935837 0.923136 0.952702 0.917520 0.970996 0.969075 0.875040 0.892091 0.924350 0.989458 0.939853 0.836267 0.986916 0.788763 0.923461 0.865985 0.968882 0.984103 0.986281 0.900866 0.835205 0.959194
0.823694 0.663340 0.706165 0.891289 0.896626 0.000000 0.740079 0.912227 0.855731 0.977256 0.981831 0.822228 0.854158 0.959992 0.968706 0.922247 0.762112 0.771246 0.937943 0.736029 0.675158 0.899723 0.993716 0.907853 0.867934 0.762077 0.913001 0.822000 0.788792 0.784428 0.868678 0.860286 0.856457 0.882626 0.955948 0.930778 0.879087 0.999702 0.826983 0.820002 0.909787 0.914563 0.860020 0.846824 0.758622 0.678417 0.943631 0.852849 0.707662 0.733722 0.820378 0.807928 0.877288 0.969508 0.871730 0.905952 0.673355 0.669927 0.983885 0.994453 0.820577 0.807687 0.976627 0.874712 0.902148 0.881230 0.803609 0.927546 0.795137 0.866802 0.860198 0.893766 0.981490 0.782557 0.836405 0.904368 0.887095 0.928688 0.942438 0.974706 0.909486 0.978004 0.793739 0.842812 0.999438 0.926260 0.831858 0.839846 0.980832 0.959819 0.897102 0.872363 0.945056 0.791190 0.946929 0.950996 0.976667 0.966557 0.826710 0.896825 0.971449 0.987961 0.994285 0.946234 0.858277 0.996791 0.624777 0.971253 0.898025 0.937323 0.931479 0.863592 0.864863 0.782346 0.975811 0.987790
0.841827 0.791006 0.417617 0.658975 0.966541 0.740079 0.000000 0.469060 0.676719 0.760879 0.742457 0.909328 0.715039 0.924460 0.998728 0.890484 0.929366 0.949388 0.829554 0.940690 0.679850 0.933818 0.661433 0.997927 0.997070 0.727174 0.837786 0.808258 0.882935 0.926205 0.401223 0.505884 0.413037 0.455065 0.637450 0.672621 0.859786 0.891227 0.939817 0.815960 0.862964 0.956227 0.873709 0.918548 0.771686 0.991908 0.798149 0.924318 0.815112 0.777693 0.941992 0.955534 0.987309 0.949483 0.926490 0.981592 0.874865 0.901612 0.629719 0.645100 0.384051 0.833894 0.535422 0.730915 0.791177 0.758997 0.435090 0.467836 0.942026 0.895403 0.583441 0.510566 0.569047 0.645143 0.923436 0.946316 0.839873 0.867029 0.832161 0.887723 0.864432 0.904390 0.853398 0.911408 0.974996 0.966646 0.896680 0.969703 0.779875 0.858893 0.539318 0.622986 0.624322 0.713824 0.763481 0.998686 0.656650 0.829057 0.578819 0.661884 0.601160 0.645507 0.646901 0.680967 0.673125 0.700381 0.873011 0.829530 0.978033 0.783493 0.838818 0.856636 0.915530 0.867148 0.985986 0.897968
0.544030 0.705853 0.698149 0.688132 0.881878 0.912227 0.469060 0.000000 0.832720 0.617205 0.641339 0.712226 0.699437 0.643853 0.897759 0.950981 0.637952 0.646341 0.547189 0.639227 0.943978 0.928699 0.505955 0.970177 0.862878 0.970857 0.949711 0.864264 0.540322 0.589421 0.565242 0.567860 0.472994 0.517422 0.808057 0.818013 0.786510 0.921218 0.921106 0.935435 0.863655 0.796946 0.729308 0.755093 0.557283 0.621577 0.624180 0.729653 0.741143 0.796761 0.666243 0.733398 0.794455 0.906284 0.810323 0.854119 0.645872 0.615475 0.634929 0.528695 0.589985 0.593394 0.447540 0.514050 0.927034 0.879584 0.667145 0.640231 0.687146 0.632790 0.602253 0.611543 0.561757 0.796083 0.903224 0.856730 0.649073 0.882411 0.737194 0.696104 0.586968 0.618211 0.787527 0.837801 0.839899 0.989892 0.954524 0.995894 0.758001 0.757351 0.692774 0.811804 0.765812 0.969253 0.721943 0.921576 0.669281 0.798160 0.524989 0.483589 0.661421 0.758345 0.690666 0.673160 0.651222 0.679609 0.987302 0.902611 0.948460 0.868536 0.670636 0.682337 0.603406 0.689439 0.963501 0.846593
0.759791 0.987235 0.902423 0.851177 0.991479 0.855731 0.676719 0.832720 0.000000 0.620247 0.648569 0.824695 0.537767 0.975689 0.916021 0.953103 0.962364 0.890519 0.883556 0.943951 0.936049 0.994747 0.900695 0.752744 0.698797 0.815212 0.838254 0.847656 0.856978 0.990852 0.932261 0.991806 0.877583 0.846456 0.979474 0.898062 0.823230 0.977273 0.876871 0.970177 0.959526 0.953338 0.773457 0.898815 0.920480 0.976906 0.937672 0.967219 0.980680 0.951804 0.937459 0.976077 0.978152 0.993955 0.991354 0.995243 0.887436 0.962574 0.510804 0.631531 0.516287 0.726800 0.678854 0.696413 0.852827 0.849032 0.966196 0.972696 0.784704 0.701561 0.982545 0.907208 0.974899 0.981693 0.914347 0.992766 0.983826 0.856823 0.969732 0.961718 0.986748 0.906423 0.728350 0.873784 0.875676 0.730571 0.974249 0.856550 0.749919 0.918984 0.909454 0.867913 0.959670 0.930758 0.845729 0.914353 0.995437 0.985604 0.770138 0.839741 0.867086 0.925164 0.723585 0.768729 0.998987 0.937687 0.878345 0.837604 0.828955 0.814497 0.962070 0.991219 0.896955 0.973042 0.955776 0.914930
0.607552 0.630947 0.838485 0.772864 0.991030 0.977256 0.760879 0.617205 0.620247 0.000000 0.632298 0.597910 0.600875 0.799236 0.724712 0.860032 0.673336 0.684308 0.597232 0.716789 0.907267 0.954561 0.666193 0.685861 0.481130 0.581478 0.804824 0.913700 0.504286 0.496782 0.844014 0.853869 0.703984 0.697002 0.672146 0.907572 0.994148 0.788873 0.699829 0.754505 0.985312 0.850435 0.987478 0.872547 0.753405 0.713657 0.910931 0.917499 0.559555 0.645117 0.663877 0.667684 0.744400 0.879294 0.908178 0.953713 0.736113 0.583088 0.571096 0.573517 0.713950 0.842702 0.444411 0.414779 0.513273 0.529562 0.797874 0.767749 0.738649 0.563145 0.942122 0.864713 0.836574 0.907264 0.803712 0.982448 0.785493 0.913645 0.596755 0.630645 0.604488 0.865241 0.927766 0.970549 0.823562 0.554857 0.847922 0.773801 0.868096 0.912520 0.987035 0.890070 0.836356 0.736255 0.984739 0.861923 0.953642 0.922092 0.667213 0.669043 0.958946 0.845964 0.714701 0.728417 0.939957 0.960656 0.868879 0.978621 0.844203 0.918944 0.922491 0.935288 0.756331 0.923716 0.926038 0.917323
0.397763 0.702618 0.955449 0.899498 0.860227 0.981831 0.742457 0.641339 0.648569 0.632298 0.000000 0.573536 0.459282 0.786983 0.806625 0.963447 0.627624 0.690112 0.694870 0.614791 0.885926 0.966416 0.789412 0.724633 0.672061 0.794998 0.870450 0.852943 0.602935 0.666355 0.914078 0.941037 0.672042 0.806998 0.897154 0.921286 0.757835 0.879657 0.913493 0.839979 0.729575 0.808580 0.748376 0.867725 0.991390 0.935299 0.996743 0.980823 0.852283 0.862112 0.961252 0.966445 0.949206 0.829110 0.927411 0.845747 0.679884 0.609228 0.489325 0.498615 0.487558 0.548333 0.471205 0.448350 0.901609 0.920233 0.900192 0.971862 0.530328 0.532994 0.759781 0.768726 0.859815 0.970467 0.770218 0.802127 0.807227 0.971706 0.913129 0.757918 0.565728 0.677851 0.987175 0.881748 0.941883 0.751647 0.953678 0.782679 0.634718 0.756289 0.911332 0.939170 0.934339 0.991105 0.919597 0.978683 0.928098 0.976220 0.686584 0.700376 0.823794 0.870572 0.650785 0.699406 0.781595 0.830512 0.931578 0.989286 0.936031 0.793361 0.914174 0.812379 0.779357 0.910025 0.908874 0.977302
0.329622 0.399875 0.690236 0.788299 0.791701 0.822228 0.909328 0.712226 0.824695 0.597910 0.573536 0.000000 0.481729 0.486917 0.503393 0.596726 0.459833 0.524516 0.480246 0.450354 0.850134 0.863710 0.591743 0.885245 0.620920 0.593582 0.994885 0.952154 0.449203 0.553255 0.868774 0.939536 0.890308 0.938389 0.712786 0.801616 0.842598 0.973825 0.748751 0.961341 0.864775 0.884912 0.829853 0.934059 0.962756 0.788164 0.907864 0.913378 0.526731 0.644464 0.845764 0.799609 0.907521 0.841436 0.927299 0.952677 0.481994 0.394533 0.657616 0.607149 0.823409 0.557216 0.565687 0.484025 0.784670 0.768442 0.716813 0.693270 0.449825 0.488361 0.966989 0.931823 0.971646 0.924368 0.780547 0.889692 0.891025 0.934630 0.847748 0.727422 0.521250 0.578934 0.700194 0.755127 0.725483 0.834791 0.892464 0.938229 0.736325 0.749829 0.751447 0.815634 0.708479 0.634834 0.995844 0.992485 0.868869 0.960456 0.912057 0.777366 0.908229 0.855438 0.983237 0.940995 0.964154 0.974793 0.934085 0.763075 0.960239 0.951046 0.912785 0.784385 0.718041 0.950708 0.945004 0.840258
0.452468 0.813568 0.927098 0.933105 0.823423 0.854158 0.715039 0.699437 0.537767 0.600875 0.459282 0.481729 0.000000 0.625775 0.610295 0.678832 0.794763 0.920017 0.648264 0.762151 0.933881 0.962289 0.600347 0.932588 0.657998 0.781155 0.941734 0.982720 0.673728 0.790857 0.909643 0.930246 0.732086 0.806183 0.839759 0.920151 0.831115 0.994077 0.892880 0.866504 0.899491 0.967238 0.756301 0.814150 0.850724 0.997027 0.962270 0.957654 0.853204 0.888640 0.936357 0.941092 0.955827 0.910001 0.937218 0.984126 0.870786 0.741413 0.495487 0.558125 0.454416 0.605442 0.496150 0.561054 0.929805 0.897180 0.966193 0.898484 0.545993 0.606933 0.845844 0.888186 0.837108 0.977859 0.809215 0.923070 0.966012 0.973926 0.918799 0.891586 0.761571 0.825886 0.986933 0.941355 0.855331 0.804756 0.970277 0.948898 0.569124 0.801651 0.968991 0.976606 0.859885 0.917429 0.933907 0.945035 0.960768 0.904754 0.805721 0.793755 0.898610 0.948002 0.813290 0.849205 0.901586 0.900579 0.890273 0.858072 0.943319 0.812546 0.944944 0.929658 0.889274 0.960212 0.914067 0.908735
0.575232 0.567611 0.992142 0.849023 0.798362 0.959992 0.924460 0.643853 0.975689 0.799236 0.786983 0.486917 0.625775 0.000000 0.510729 0.453768 0.648645 0.637821 0.478345 0.540284 0.917289 0.864526 0.453279 0.744444 0.977879 0.928742 0.878626 0.896767 0.611058 0.622176 0.917848 0.746511 0.793283 0.810862 0.822456 0.990751 0.866999 0.999006 0.971286 0.904790 0.969000 0.915865 0.798828 0.817407 0.911572 0.706535 0.672448 0.730035 0.642810 0.737707 0.760992 0.766670 0.802446 0.979508 0.809297 0.917177 0.702353 0.665239 0.976759 0.869397 0.897667 0.700983 0.733366 0.786324 0.879361 0.876693 0.854487 0.952838 0.673469 0.672394 0.953795 0.916604 0.766304 0.977583 0.786354 0.950162 0.794899 0.947073 0.887524 0.676700 0.621085 0.486849 0.538914 0.738417 0.519943 0.761461 0.970260 0.688716 0.880475 0.793035 0.716843 0.702185 0.726816 0.638578 0.844495 0.955642 0.977292 0.998465 0.941517 0.870892 0.823468 0.872564 0.893793 0.929965 0.912495 0.988072 0.822543 0.761641 0.873971 0.994215 0.983188 0.837954 0.758815 0.886340 0.955693 0.865864
0.595044 0.635717 0.833879 0.878734 0.819802 0.968706 0.998728 0.897759 0.916021 0.724712 0.806625 0.503393 0.610295 0.510729 0.000000 0.577550 0.664646 0.674107 0.558428 0.626611 0.968990 0.932061 0.660217 0.964818 0.829821 0.776416 0.935986 0.924247 0.639889 0.632450 0.958736 0.918541 0.883148 0.837222 0.749284 0.924558 0.887469 0.971870 0.924835 0.965085 0.857723 0.964855 0.989726 0.920273 0.972317 0.846151 0.850228 0.791401 0.681409 0.761940 0.837094 0.826464 0.911470 0.951582 0.970825 0.979685 0.769550 0.708598 0.817091 0.792393 0.877566 0.821775 0.721017 0.711186 0.909361 0.888923 0.771786 0.763267 0.556020 0.645401 0.898226 0.894987 0.893871 0.953855 0.782473 0.938105 0.949805 0.976284 0.739667 0.713664 0.648473 0.608814 0.679150 0.779326 0.693953 0.967011 0.894337 0.769901 0.756710 0.855392 0.666743 0.763527 0.594145 0.639247 0.948075 0.835091 0.900866 0.970170 0.941707 0.906822 0.824205 0.746427 0.964390 0.992111 0.886857 0.870118 0.984834 0.678008 0.993587 0.970901 0.890716 0.904034 0.904234 0.929637 0.954330 0.994927
0.771647 0.724577 0.842874 0.930023 0.846057 0.922247 0.890484 0.950981 0.953103 0.860032 0.963447 0.596726 0.678832 0.453768 0.577550 0.000000 0.827351 0.855635 0.624879 0.784770 0.890578 0.886185 0.589179 0.666249 0.946341 0.907983 0.808571 0.720171 0.792500 0.821627 0.887262 0.957538 0.947241 0.978739 0.666123 0.825428 0.978808 0.822503 0.962826 0.977752 0.896717 0.892910 0.949905 0.989483 0.831579 0.901638 0.830654 0.982072 0.714339 0.763386 0.897715 0.843771 0.931868 0.971048 0.898886 0.958493 0.946759 0.834407 0.987146 0.994133 0.908281 0.878899 0.976990 0.973381 0.970587 0.947316 0.693102 0.700753 0.831418 0.824719 0.785060 0.832861 0.966632 0.908628 0.850935 0.979275 0.952552 0.933747 0.936093 0.736724 0.864528 0.719696 0.706076 0.800683 0.653544 0.742284 0.960095 0.680920 0.971184 0.893216 0.534900 0.665181 0.558491 0.583706 0.845655 0.955311 0.823930 0.954380 0.761547 0.904241 0.705253 0.721791 0.662349 0.728217 0.931142 0.882578 0.850443 0.642633 0.923645 0.881612 0.822010 0.891239 0.970511 0.876785 0.879105 0.973957
0.468374 0.354491 0.719159 0.842485 0.806052 0.762112 0.929366 0.637952 0.962364 0.673336 0.627624 0.459833 0.794763 0.648645 0.664646 0.827351 0.000000 0.335339 0.500863 0.390886 0.770350 0.921019 0.744372 0.787544 0.752848 0.664079 0.993612 0.960881 0.377434 0.388547 0.928640 0.880111 0.791661 0.763280 0.783421 0.885769 0.829308 0.998540 0.719624 0.942803 0.780258 0.808378 0.862400 0.769997 0.711860 0.581733 0.783282 0.709563 0.489567 0.553434 0.661258 0.637814 0.751559 0.968669 0.889709 0.838175 0.369758 0.375600 0.819960 0.668205 0.986208 0.739444 0.580794 0.458808 0.771513 0.769913 0.808991 0.847322 0.641101 0.483032 0.894218 0.994269 0.897103 0.924907 0.786172 0.845631 0.744792 0.931202 0.636374 0.613061 0.373443 0.462802 0.635988 0.698196 0.818592 0.858793 0.987909 0.967983 0.799009 0.853721 0.861809 0.867772 0.820359 0.670246 0.982492 0.972637 0.903643 0.977609 0.819678 0.660948 0.997504 0.912492 0.839164 0.749226 0.934064 0.957648 0.905455 0.780635 0.983580 0.923397 0.899620 0.699945 0.577578 0.742770 0.850179 0.813378
0.487129 0.331634 0.732837 0.898879 0.856805 0.771246 0.949388 0.646341 0.890519 0.684308 0.690112 0.524516 0.920017 0.637821 0.674107 0.855635 0.335339 0.000000 0.457746 0.384953 0.838660 0.980587 0.692923 0.838120 0.823893 0.730032 0.981382 0.947288 0.418139 0.392427 0.942710 0.830900 0.753326 0.723911 0.807076 0.984055 0.769991 0.945359 0.807642 0.964994 0.743518 0.788178 0.800799 0.691103 0.612855 0.533272 0.707633 0.659477 0.470381 0.566525 0.665416 0.659625 0.760226 0.994979 0.859816 0.786630 0.322559 0.356204 0.876973 0.728304 0.944705 0.793932 0.615976 0.505687 0.810142 0.800602 0.870230 0.918788 0.641391 0.545631 0.927898 0.979929 0.891184 0.884788 0.830525 0.899885 0.735683 0.895691 0.693490 0.553678 0.360278 0.419564 0.551848 0.639327 0.756893 0.957976 0.994649 0.967073 0.860394 0.841715 0.882547 0.871791 0.891463 0.678834 0.918199 0.972726 0.905414 0.908819 0.822995 0.707517 0.893776 0.902520 0.898111 0.775736 0.889537 0.951834 0.910336 0.783512 0.979357 0.944752 0.869255 0.647992 0.532323 0.698993 0.912872 0.779285
0.454534 0.472550 0.903434 0.989671 0.877443 0.937943 0.829554 0.547189 0.883556 0.597232 0.694870 0.480246 0.648264 0.478345 0.558428 0.624879 0.500863 0.457746 0.000000 0.424277 0.997794 0.958041 0.481867 0.909405 0.796844 0.757286 0.968717 0.944462 0.428468 0.453801 0.827415 0.775534 0.606370 0.603062 0.840137 0.975461 0.780960 0.896279 0.821125 0.939894 0.964038 0.781691 0.775719 0.711733 0.732586 0.591769 0.623678 0.644782 0.540018 0.554482 0.610222 0.604675 0.744766 0.896749 0.934092 0.981864 0.485481 0.482726 0.696269 0.632295 0.839170 0.789730 0.516847 0.535778 0.876040 0.838480 0.939921 0.924430 0.548247 0.510071 0.904779 0.874393 0.707746 0.837306 0.875038 0.951189 0.788583 0.897021 0.752868 0.632938 0.540282 0.540478 0.668750 0.858613 0.763095 0.961145 0.853562 0.899498 0.826714 0.835169 0.952757 0.984995 0.857205 0.750949 0.979964 0.850107 0.998684 0.861002 0.736245 0.579618 0.990439 0.983232 0.838066 0.765463 0.858253 0.898117 0.933666 0.814513 0.986676 0.970102 0.866045 0.717455 0.559969 0.721575 0.990308 0.856412
0.434449 0.375992 0.767056 0.912543 0.801929 0.736029 0.940690 0.639227 0.943951 0.716789 0.614791 0.450354 0.762151 0.540284 0.626611 0.784770 0.390886 0.384953 0.424277 0.000000 0.756014 0.997931 0.640096 0.877885 0.722888 0.691431 0.921359 0.990650 0.459553 0.435922 0.958633 0.924569 0.759931 0.798576 0.797692 0.976204 0.787615 0.860934 0.850632 0.948443 0.903302 0.683539 0.812062 0.780856 0.738513 0.627294 0.781539 0.689103 0.526245 0.537410 0.678460 0.660852 0.734840 0.959350 0.912186 0.994762 0.355423 0.377794 0.771172 0.669459 0.967302 0.730253 0.646146 0.540818 0.817986 0.794442 0.855537 0.875162 0.509595 0.524452 0.924841 0.994509 0.818988 0.959574 0.812137 0.903978 0.712969 0.911750 0.788204 0.740885 0.518550 0.540325 0.677094 0.773268 0.822923 0.875913 0.925084 0.966613 0.854467 0.806214 0.899194 0.927433 0.902879 0.709183 0.925064 0.978354 0.990634 0.885165 0.765433 0.606005 0.976115 0.974272 0.821920 0.775749 0.855837 0.896459 0.927758 0.938716 0.937111 0.942884 0.762187 0.650969 0.588574 0.700243 0.973852 0.893345
0.863440 0.746130 0.650279 0.687387 0.984822 0.675158 0.679850 0.943978 0.936049 0.907267 0.885926 0.850134 0.933881 0.917289 0.968990 0.890578 0.770350 0.838660 0.997794 0.756014 0.000000 0.979025 0.794510 0.683179 0.654938 0.624860 0.823436 0.958831 0.790228 0.837924 0.724328 0.764731 0.849791 0.860012 0.772549 0.855594 0.886582 0.972901 0.759667 0.921055 0.914841 0.884412 0.971859 0.967041 0.968819 0.893498 0.823736 0.977523 0.770470 0.738269 0.955579 0.884323 0.946785 0.993306 0.942123 0.975486 0.769102 0.715339 0.893765 0.952727 0.870442 0.955015 0.990422 0.830712 0.713934 0.659746 0.729038 0.753550 0.838269 0.850578 0.783486 0.894244 0.774359 0.739167 0.974440 0.787141 0.890424 0.945618 0.990647 0.951021 0.986144 0.913860 0.985357 0.926387 0.833338 0.682710 0.950824 0.660761 0.934882 0.959039 0.896641 0.956300 0.872301 0.955132 0.926403 0.862792 0.949065 0.856251 0.888207 0.822427 0.920601 0.928622 0.806838 0.883999 0.992454 0.835109 0.732360 0.919068 0.853225 0.967121 0.904688 0.791478 0.891058 0.878554 0.962493 0.889229
0.925922 0.907723 0.895490 0.837980 0.984903 0.899723 0.933818 0.928699 0.994747 0.954561 0.966416 0.863710 0.962289 0.864526 0.932061 0.886185 0.921019 0.980587 0.958041 0.997931 0.979025 0.000000 0.860199 0.849773 0.931779 0.797264 0.841698 0.947437 0.993787 0.997889 0.776297 0.899025 0.845152 0.890107 0.875144 0.863586 0.822385 0.697700 0.889689 0.932520 0.970848 0.834866 0.892981 0.923558 0.952141 0.968792 0.955261 0.907372 0.868436 0.911903 0.915577 0.951378 0.883726 0.813390 0.914897 0.902828 0.906000 0.858720 0.955203 0.903868 0.979959 0.807866 0.976426 0.936731 0.999194 0.997091 0.881770 0.912724 0.977619 0.944112 0.840829 0.921973 0.934626 0.844034 0.967645 0.911148 0.919349 0.804768 0.928090 0.963364 0.976115 0.985499 0.917570 0.890716 0.910673 0.959638 0.988308 0.806451 0.998358 0.999202 0.788485 0.817687 0.846178 0.849548 0.934862 0.847212 0.994106 0.879960 0.919917 0.954443 0.917778 0.830623 0.670864 0.806319 0.834711 0.899185 0.970138 0.854751 0.945315 0.916420 0.910880 0.875988 0.989379 0.858614 0.945719 0.793943
0.585048 0.694001 0.886962 0.780031 0.777407 0.993716 0.661433 0.505955 0.900695 0.666193 0.789412 0.591743 0.600347 0.453279 0.660217 0.589179 0.744372 0.692923 0.481867 0.640096 0.794510 0.860199 0.000000 0.763851 0.879450 0.966793 0.926298 0.912226 0.626419 0.638313 0.716166 0.649336 0.639513 0.693386 0.939537 0.992612 0.918838 0.943078 0.926600 0.821103 0.986540 0.864307 0.874718 0.893956 0.807577 0.785943 0.741110 0.870057 0.669388 0.830737 0.816282 0.838506 0.920472 0.983885 0.972715 0.917871 0.725157 0.677047 0.815948 0.719535 0.743375 0.776176 0.614618 0.691002 0.978221 0.968019 0.961552 0.974093 0.729904 0.705745 0.828683 0.803119 0.706354 0.811056 0.888346 0.995255 0.859524 0.995881 0.798162 0.723141 0.664909 0.650026 0.685507 0.869134 0.677169 0.876710 0.990750 0.743113 0.944491 0.846789 0.993005 0.973442 0.960427 0.752374 0.880834 0.942632 0.934188 0.999471 0.831262 0.779720 0.995407 0.941712 0.957483 0.892902 0.904771 0.954891 0.951757 0.816874 0.983263 0.964894 0.878801 0.907197 0.716503 0.920860 0.868590 0.790106
0.767693 0.868903 0.785466 0.589166 0.834814 0.907853 0.997927 0.970177 0.752744 0.685861 0.724633 0.885245 0.932588 0.744444 0.964818 0.666249 0.787544 0.838120 0.909405 0.877885 0.683179 0.849773 0.763851 0.000000 0.552220 0.615712 0.668748 0.740190 0.713410 0.785056 0.996954 0.900849 0.903802 0.837044 0.850065 0.970702 0.906615 0.832439 0.609397 0.902562 0.875165 0.785370 0.903657 0.997116 0.927009 0.959089 0.877154 0.995931 0.945113 0.864597 0.890907 0.855838 0.862292 0.891474 0.953569 0.978725 0.773563 0.753768 0.642590 0.711085 0.803822 0.935299 0.639630 0.543444 0.581053 0.544970 0.906681 0.877710 0.823129 0.785808 0.864235 0.913006 0.996339 0.939351 0.981843 0.976465 0.972597 0.845700 0.921247 0.977515 0.805681 0.917303 0.783310 0.756132 0.610866 0.442967 0.880375 0.532717 0.954336 0.900269 0.892259 0.792670 0.976642 0.934444 0.980258 0.984110 0.961081 0.952346 0.691281 0.782195 0.818496 0.788117 0.516485 0.532564 0.913028 0.877232 0.782263 0.846363 0.926580 0.867582 0.896812 0.824927 0.791067 0.817340 0.774563 0.968235
0.618322 0.703028 0.647950 0.489144 0.990002 0.867934 0.997070 0.862878 0.698797 0.481130 0.672061 0.620920 0.657998 0.977879 0.829821 0.946341 0.752848 0.823893 0.796844 0.722888 0.654938 0.931779 0.879450 0.552220 0.000000 0.398065 0.715096 0.854495 0.591112 0.632541 0.942797 0.854990 0.972394 0.978742 0.644015 0.737911 0.940710 0.864887 0.566437 0.709571 0.889428 0.865492 0.799335 0.874249 0.962594 0.998676 0.751663 0.851635 0.733726 0.814102 0.954345 0.910037 0.988433 0.998636 0.798431 0.845718 0.712747 0.591358 0.598298 0.650403 0.737385 0.861668 0.615026 0.469955 0.417930 0.397238 0.702090 0.658701 0.743219 0.641882 0.970199 0.967353 0.984243 0.903826 0.907475 0.934840 0.921350 0.950862 0.878283 0.992478 0.838897 0.892621 0.906123 0.920649 0.642338 0.368116 0.923348 0.693358 0.860275 0.831516 0.988047 0.786837 0.861203 0.849477 0.948908 0.952328 0.994526 0.950779 0.664927 0.768651 0.944545 0.832780 0.661389 0.724059 0.921105 0.924908 0.801878 0.901796 0.849836 0.857416 0.901840 0.781236 0.866193 0.996892 0.968290 0.929667
0.660211 0.600739 0.466211 0.400721 0.899139 0.762077 0.727174 0.970857 0.815212 0.581478 0.794998 0.593582 0.781155 0.928742 0.776416 0.907983 0.664079 0.730032 0.757286 0.691431 0.624860 0.797264 0.966793 0.615712 0.398065 0.000000 0.821733 0.902680 0.661160 0.662818 0.719545 0.724647 0.851738 0.859868 0.529392 0.672980 0.970468 0.811259 0.540426 0.825203 0.999295 0.973757 0.789173 0.875703 0.917023 0.925801 0.758342 0.914098 0.652726 0.702731 0.952801 0.867299 0.966327 0.963841 0.813556 0.860083 0.655471 0.531805 0.788493 0.769851 0.988061 0.870715 0.774422 0.559774 0.404911 0.388675 0.477111 0.485643 0.809914 0.748373 0.853503 0.839160 0.848425 0.789281 0.926408 0.901333 0.995568 0.946945 0.952920 0.988768 0.832901 0.930883 0.967228 0.957510 0.727971 0.450255 0.963947 0.731766 0.965405 0.827209 0.753330 0.920701 0.669276 0.626037 0.866759 0.934632 0.780103 0.951514 0.857370 0.910770 0.934212 0.901784 0.912471 0.876792 0.807489 0.910126 0.782595 0.945050 0.844952 0.988900 0.972766 0.902258 0.912392 0.965689 0.971588 0.979850
0.933260 0.959120 0.981128 0.803286 0.717869 0.913001 0.837786 0.949711 0.838254 0.804824 0.870450 0.994885 0.941734 0.878626 0.935986 0.808571 0.993612 0.981382 0.968717 0.921359 0.823436 0.841698 0.926298 0.668748 0.715096 0.821733 0.000000 0.719159 0.884495 0.812697 0.803449 0.877389 0.851874 0.818605 0.979440 0.963968 0.815019 0.983080 0.788175 0.800049 0.916821 0.919142 0.993833 0.958211 0.967714 0.935856 0.932862 0.987036 0.819570 0.879987 0.994839 0.997816 0.952661 0.877453 0.879144 0.885226 0.993149 0.955089 0.855961 0.919066 0.779674 0.965444 0.776163 0.763888 0.783531 0.789603 0.976966 0.955344 0.943668 0.993731 0.834322 0.778385 0.831478 0.905501 0.998090 0.950975 0.948958 0.856344 0.977225 0.951121 0.958150 0.889291 0.807813 0.862407 0.703938 0.650218 0.875938 0.639598 0.944824 0.864706 0.857328 0.839408 0.962817 0.967642 0.839334 0.880929 0.861341 0.918504 0.749444 0.848890 0.899287 0.849278 0.635352 0.758462 0.912142 0.768095 0.816116 0.787178 0.780527 0.846804 0.904481 0.815678 0.925802 0.788698 0.928962 0.991774
0.878938 0.955872 0.927483 0.922515 0.934200 0.822000 0.808258 0.864264 0.847656 0.913700 0.852943 0.952154 0.982720 0.896767 0.924247 0.720171 0.960881 0.947288 0.944462 0.990650 0.958831 0.947437 0.912226 0.740190 0.854495 0.902680 0.719159 0.000000 0.912881 0.999922 0.875241 0.968339 0.930441 0.856137 0.903206 0.976917 0.964728 0.992266 0.779917 0.932527 0.859832 0.860294 0.982650 0.987555 0.937810 0.977307 0.888963 0.902315 0.877411 0.976652 0.972104 0.963509 0.913734 0.935468 0.929501 0.908400 0.913478 0.916499 0.889052 0.772579 0.785290 0.852602 0.842163 0.774781 0.973443 0.993075 0.915118 0.789354 0.988223 0.951924 0.840799 0.756952 0.953234 0.969690 0.845823 0.958981 0.932428 0.846064 0.993346 0.928392 0.920161 0.969208 0.888507 0.894182 0.875534 0.828585 0.851629 0.884106 0.962145 0.983317 0.825365 0.943859 0.837225 0.983061 0.645855 0.946541 0.907054 0.911102 0.784691 0.906741 0.890389 0.825687 0.718050 0.779297 0.841001 0.785425 0.843112 0.922235 0.846611 0.812255 0.992400 0.986840 0.988223 0.919229 0.975224 0.869241
0.422037 0.400420 0.762589 0.846950 0.849388 0.788792 0.882935 0.540322 0.856978 0.504286 0.602935 0.449203 0.673728 0.611058 0.639889 0.792500 0.377434 0.418139 0.428468 0.459553 0.790228 0.993787 0.626419 0.713410 0.591112 0.661160 0.884495 0.912881 0.000000 0.362925 0.804848 0.806279 0.679001 0.624062 0.793169 0.899828 0.721481 0.981562 0.699617 0.924437 0.801610 0.795932 0.859953 0.728798 0.708054 0.594921 0.805478 0.731600 0.509262 0.576830 0.651623 0.625985 0.779398 0.919932 0.865863 0.827752 0.449301 0.405439 0.638795 0.593334 0.810824 0.700926 0.449621 0.387485 0.693961 0.696011 0.848913 0.887716 0.585574 0.433478 0.890647 0.949286 0.781578 0.859967 0.856424 0.922630 0.738444 0.842555 0.667345 0.615458 0.416733 0.550876 0.704274 0.759346 0.886702 0.800587 0.899597 0.948381 0.775620 0.906659 0.921711 0.993232 0.799281 0.703060 0.913463 0.909677 0.965549 0.905425 0.677951 0.621940 0.999120 0.869737 0.701118 0.684153 0.910105 0.918851 0.874698 0.872755 0.910463 0.983148 0.850642 0.633269 0.559466 0.777659 0.897881 0.753845
0.547911 0.414274 0.734305 0.851902 0.987099 0.784428 0.926205 0.589421 0.990852 0.496782 0.666355 0.553255 0.790857 0.622176 0.632450 0.821627 0.388547 0.392427 0.453801 0.435922 0.837924 0.997889 0.638313 0.785056 0.632541 0.662818 0.812697 0.999922 0.362925 0.000000 0.759420 0.719907 0.675739 0.620257 0.696748 0.968657 0.803388 0.974798 0.765931 0.945260 0.881649 0.775520 0.788642 0.685079 0.654463 0.596556 0.779495 0.734561 0.514529 0.613895 0.606417 0.592613 0.722391 0.825118 0.968522 0.928950 0.494800 0.466901 0.848123 0.734932 0.917742 0.876685 0.506315 0.453163 0.626450 0.662523 0.770596 0.841853 0.683189 0.522812 0.892820 0.970155 0.765226 0.804609 0.814132 0.992123 0.758721 0.770515 0.523100 0.531915 0.416908 0.552482 0.653257 0.788313 0.972090 0.766590 0.868301 0.906013 0.915462 0.937354 0.870387 0.983236 0.740993 0.599672 0.921364 0.933358 0.964915 0.902186 0.742875 0.664747 0.998188 0.949624 0.760072 0.716200 0.988998 0.914562 0.834502 0.923246 0.896766 0.993795 0.889435 0.680087 0.548584 0.690606 0.948306 0.818764
0.964454 0.858477 0.604070 0.691201 0.899125 0.868678 0.401223 0.565242 0.932261 0.844014 0.914078 0.868774 0.909643 0.917848 0.958736 0.887262 0.928640 0.942710 0.827415 0.958633 0.724328 0.776297 0.716166 0.996954 0.942797 0.719545 0.803449 0.875241 0.804848 0.759420 0.000000 0.419179 0.432640 0.381624 0.716257 0.709993 0.903602 0.883660 0.924965 0.995529 0.923460 0.927248 0.616987 0.682250 0.607005 0.800654 0.734845 0.818357 0.941441 0.918347 0.733795 0.803571 0.795678 0.677811 0.920576 0.959516 0.915808 0.902373 0.850857 0.860980 0.678724 0.908964 0.594479 0.801015 0.938019 0.894094 0.636528 0.577842 0.978498 0.965114 0.538325 0.589592 0.484525 0.542146 0.968068 0.976216 0.818236 0.726561 0.725852 0.776363 0.812999 0.871341 0.971698 0.978152 0.975097 0.973330 0.805051 0.971419 0.954546 0.942362 0.632653 0.732587 0.785300 0.964588 0.771383 0.991684 0.804443 0.860608 0.620950 0.689312 0.783995 0.638451 0.650244 0.680574 0.794382 0.739957 0.911374 0.827895 0.913178 0.910209 0.766832 0.806420 0.746035 0.758256 0.873260 0.859835
0.948290 0.993073 0.619651 0.605746 0.912062 0.860286 0.505884 0.567860 0.991806 0.853869 0.941037 0.939536 0.930246 0.746511 0.918541 0.957538 0.880111 0.830900 0.775534 0.924569 0.764731 0.899025 0.649336 0.900849 0.854990 0.724647 0.877389 0.968339 0.806279 0.719907 0.419179 0.000000 0.525387 0.475278 0.805408 0.742574 0.826396 0.957920 0.979968 0.994619 0.989264 0.889152 0.632540 0.639085 0.668989 0.793267 0.605344 0.786712 0.962581 0.925391 0.741458 0.790316 0.751867 0.736323 0.854206 0.946846 0.997513 0.963781 0.998111 0.925092 0.769219 0.985009 0.633047 0.832169 0.844416 0.809069 0.714887 0.631913 0.945047 0.940397 0.662716 0.657547 0.543213 0.540092 0.995013 0.979305 0.876682 0.761441 0.653648 0.660490 0.660727 0.669357 0.825932 0.913780 0.858741 0.838695 0.809137 0.849286 0.983475 0.995953 0.792147 0.884555 0.888161 0.992171 0.843816 0.990877 0.847413 0.921567 0.819553 0.803551 0.889270 0.744500 0.796304 0.759841 0.814583 0.733593 0.830285 0.988501 0.932138 0.878532 0.861085 0.771639 0.713800 0.814322 0.844032 0.894375
0.685177 0.911256 0.636901 0.775253 0.965280 0.856457 0.413037 0.472994 0.877583 0.703984 0.672042 0.890308 0.732086 0.793283 0.883148 0.947241 0.791661 0.753326 0.606370 0.759931 0.849791 0.845152 0.639513 0.903802 0.972394 0.851738 0.851874 0.930441 0.679001 0.675739 0.432640 0.525387 0.000000 0.378686 0.763737 0.668075 0.740578 0.783832 0.902664 0.887051 0.890491 0.864852 0.686901 0.717840 0.566059 0.695916 0.572530 0.689837 0.887230 0.941194 0.691894 0.779960 0.809732 0.873414 0.778216 0.879151 0.822731 0.833301 0.639182 0.651744 0.548411 0.834303 0.422107 0.593249 0.877382 0.915458 0.588869 0.577567 0.751024 0.725388 0.622755 0.677938 0.564434 0.590250 0.865993 0.939193 0.751538 0.827863 0.769177 0.773724 0.645119 0.697428 0.950474 0.998214 0.825849 0.997811 0.885056 0.985234 0.738738 0.782084 0.660913 0.715450 0.765279 0.911795 0.876445 0.995936 0.755602 0.739514 0.547248 0.526343 0.742327 0.698862 0.622347 0.627071 0.646453 0.688609 0.989793 0.890570 0.946277 0.870363 0.708212 0.679360 0.649053 0.674028 0.835185 0.907339
0.768971 0.893405 0.725623 0.788708 0.888539 0.882626 0.455065 0.517422 0.846456 0.697002 0.806998 0.938389 0.806183 0.810862 0.837222 0.978739 0.763280 0.723911 0.603062 0.798576 0.860012 0.890107 0.693386 0.837044 0.978742 0.859868 0.818605 0.856137 0.624062 0.620257 0.381624 0.475278 0.378686 0.000000 0.858322 0.725790 0.757725 0.871010 0.981321 0.977333 0.906102 0.897008 0.624098 0.586751 0.564426 0.640188 0.610771 0.623152 0.868826 0.830262 0.588882 0.647751 0.724201 0.731822 0.810212 0.844469 0.848946 0.849672 0.702917 0.682656 0.660089 0.964289 0.469278 0.625105 0.971759 0.999017 0.704066 0.642893 0.863499 0.777077 0.684717 0.715696 0.607398 0.593065 0.905959 0.994912 0.821047 0.695867 0.651491 0.648782 0.630639 0.691687 0.859632 0.922954 0.899346 0.992970 0.796201 0.952331 0.842269 0.945657 0.776336 0.816656 0.934408 0.978899 0.758296 0.992574 0.901899 0.771563 0.596691 0.621429 0.821354 0.730157 0.603330 0.629074 0.733829 0.706743 0.937184 0.969367 0.965317 0.876916 0.825673 0.711152 0.580382 0.687380 0.834690 0.793493
0.856597 0.667521 0.527213 0.589620 0.951213 0.955948 0.637450 0.808057 0.979474 0.672146 0.897154 0.712786 0.839759 0.822456 0.749284 0.666123 0.783421 0.807076 0.840137 0.797692 0.772549 0.875144 0.939537 0.850065 0.644015 0.529392 0.979440 0.903206 0.793169 0.696748 0.716257 0.805408 0.763737 0.858322 0.000000 0.722731 0.796987 0.767870 0.819015 0.918144 0.956761 0.942330 0.809094 0.946610 0.841915 0.954419 0.832588 0.917899 0.664163 0.712735 0.936070 0.844460 0.908825 0.987927 0.864307 0.962901 0.846743 0.751562 0.959796 0.968070 0.815957 0.934312 0.972674 0.843639 0.554390 0.553451 0.393505 0.389861 0.944736 0.781605 0.747664 0.692565 0.803901 0.856243 0.774464 0.890896 0.869268 0.989693 0.875105 0.796242 0.856779 0.958148 0.834185 0.921623 0.912009 0.771791 0.862807 0.854581 0.911492 0.743385 0.458858 0.710630 0.483071 0.533659 0.779200 0.971715 0.676184 0.808313 0.785824 0.849176 0.687797 0.829794 0.855797 0.825274 0.641737 0.703521 0.992984 0.735264 0.995302 0.944652 0.803476 0.794637 0.940037 0.854159 0.970619 0.946826
0.986029 0.900206 0.651663 0.628787 0.864968 0.930778 0.672621 0.818013 0.898062 0.907572 0.921286 0.801616 0.920151 0.990751 0.924558 0.825428 0.885769 0.984055 0.975461 0.976204 0.855594 0.863586 0.992612 0.970702 0.737911 0.672980 0.963968 0.976917 0.899828 0.968657 0.709993 0.742574 0.668075 0.725790 0.722731 0.000000 0.787843 0.646241 0.751521 0.992663 0.871071 0.939023 0.803206 0.862401 0.745346 0.919468 0.729990 0.832739 0.867688 0.895810 0.944622 0.997482 0.919381 0.943549 0.861019 0.915154 0.957128 0.931273 0.975461 0.961806 0.843216 0.924293 0.903206 0.987904 0.689132 0.685415 0.555447 0.560914 0.923565 0.920273 0.725048 0.846491 0.854261 0.809273 0.990543 0.780241 0.825562 0.794954 0.970808 0.909465 0.937849 0.858450 0.999845 0.966216 0.915046 0.803998 0.922602 0.937994 0.978304 0.798995 0.755411 0.892447 0.675477 0.741468 0.995686 0.932690 0.822717 0.762600 0.800892 0.764669 0.908685 0.774450 0.856101 0.823982 0.779245 0.843648 0.831348 0.810932 0.932139 0.985040 0.908615 0.881046 0.818841 0.817965 0.866558 0.945873
0.722927 0.765210 0.903453 0.857292 0.977870 0.879087 0.859786 0.786510 0.823230 0.994148 0.757835 0.842598 0.831115 0.866999 0.887469 0.978808 0.829308 0.769991 0.780960 0.787615 0.886582 0.822385 0.918838 0.906615 0.940710 0.970468 0.815019 0.964728 0.721481 0.803388 0.903602 0.826396 0.740578 0.757725 0.796987 0.787843 0.000000 0.743317 0.987547 0.882158 0.798487 0.901656 0.881953 0.748502 0.804902 0.774287 0.709370 0.684536 0.914261 0.872236 0.816815 0.846511 0.910698 0.942247 0.664541 0.865580 0.755813 0.786636 0.761410 0.819157 0.805935 0.704549 0.772116 0.797616 0.849782 0.917248 0.806672 0.799267 0.640110 0.710111 0.894258 0.979837 0.964520 0.939757 0.995793 0.809664 0.876614 0.937514 0.912792 0.922725 0.803848 0.753419 0.978662 0.901734 0.781165 0.924056 0.876218 0.999934 0.696859 0.690368 0.916375 0.921337 0.985507 0.894826 0.864669 0.924266 0.926366 0.788506 0.728869 0.731240 0.973625 0.939352 0.679595 0.736369 0.871275 0.792865 0.898397 0.962766 0.833430 0.713829 0.717866 0.613296 0.832076 0.770116 0.723063 0.951866
0.845746 0.994590 0.798427 0.810882 0.968309 0.999702 0.891227 0.921218 0.977273 0.788873 0.879657 0.973825 0.994077 0.999006 0.971870 0.822503 0.998540 0.945359 0.896279 0.860934 0.972901 0.697700 0.943078 0.832439 0.864887 0.811259 0.983080 0.992266 0.981562 0.974798 0.883660 0.957920 0.783832 0.871010 0.767870 0.646241 0.743317 0.000000 0.814094 0.870380 0.861986 0.732313 0.909104 0.949117 0.945522 0.967405 0.891941 0.835683 0.868463 0.955185 0.983898 0.963263 0.969785 0.998542 0.851420 0.969810 0.902172 0.982511 0.911879 0.973338 0.904289 0.908185 0.915782 0.985234 0.809758 0.821724 0.749390 0.758815 0.714766 0.964499 0.769854 0.920726 0.789957 0.830951 0.991810 0.976134 0.951941 0.910248 0.903767 0.949411 0.936563 0.854872 0.894695 0.807563 0.902564 0.931204 0.948607 0.845238 0.906328 0.798061 0.845549 0.853737 0.785697 0.703074 0.998377 0.832443 0.886286 0.797878 0.902046 0.837125 0.813934 0.941297 0.804173 0.788200 0.859930 0.951636 0.956513 0.924188 0.984103 0.910693 0.896977 0.797871 0.849520 0.652950 0.898140 0.987857
