0.000000 0.380769 0.631923 0.531728 0.868603 0.686440 0.524971 0.409461 0.717895 0.934319 0.417460 0.321478 0.426474 0.441515 0.689946 0.542660 0.407912 0.437121 0.432868 0.345049 0.855343 0.995569 0.612742 0.604736 0.772582 0.682725 0.953699 0.796977 0.438574 0.515869 0.532663 0.554081 0.358326 0.374743 0.538761 0.753836 0.548971 0.818365 0.898763 0.998350 0.812121 0.836959 0.584643 0.581876 0.671667 0.669177 0.492065 0.584066 0.990409 0.864813 0.823689 0.856684 0.944845 0.957681 0.668730 0.738928 0.384136 0.467994 0.367001 0.591724 0.406277 0.471843 0.335044 0.414485 0.603009 0.541504 0.469217 0.503753 0.576606 0.644396 0.620937 0.676484 0.690076 0.645309 0.918264 0.806220 0.687702 0.750529 0.697643 0.804494 0.396603 0.462205 0.531721 0.673567 0.461274 0.490699 0.927363 0.991562 0.707122 0.581741 0.713004 0.924380 0.753432 0.891123 0.650457 0.789731 0.681808 0.673772 0.534623 0.527748 0.689557 0.718613 0.627445 0.677330 0.497868 0.654254 0.966246 0.712888 0.773033 0.865588 0.976403 0.801078 0.826319 0.893366 0.851483 0.947508
0.380769 0.000000 0.885460 0.768039 0.966110 0.913038 0.785120 0.576636 0.932041 0.929242 0.778531 0.420405 0.776531 0.715075 0.944687 0.723121 0.301624 0.363127 0.665760 0.481600 0.895122 0.952573 0.862323 0.747491 0.829468 0.802648 0.977223 0.971118 0.455570 0.484228 0.732098 0.764494 0.546631 0.587797 0.783866 0.777369 0.713434 0.905283 0.946724 0.889035 0.706010 0.841075 0.663395 0.620416 0.606862 0.534006 0.612195 0.636668 0.733134 0.695464 0.653149 0.701484 0.915567 0.978823 0.639176 0.703149 0.275953 0.214489 0.555966 0.492733 0.641148 0.398092 0.564394 0.411261 0.805992 0.622447 0.664084 0.634245 0.410235 0.499939 0.796675 0.873873 0.678288 0.680046 0.806066 0.801454 0.814105 0.836253 0.591851 0.649160 0.304784 0.390292 0.530573 0.519378 0.664924 0.571837 0.981261 0.950483 0.781074 0.594357 0.893591 0.907131 0.895368 0.893406 0.573756 0.929918 0.561245 0.698115 0.597994 0.630766 0.882802 0.946554 0.648111 0.820763 0.592807 0.722074 0.910959 0.807582 0.775443 0.724558 0.800737 0.628441 0.872239 0.813282 0.723850 0.993822
0.631923 0.885460 0.000000 0.218011 0.769051 0.808337 0.214400 0.325675 0.434223 0.705988 0.485599 0.710441 0.404170 0.518696 0.413343 0.432980 0.948645 0.868600 0.378577 0.565678 0.734896 0.957851 0.263383 0.387593 0.467356 0.315086 0.932222 0.873900 0.671562 0.771089 0.289798 0.417265 0.387076 0.319756 0.454243 0.723397 0.514840 0.778999 0.874389 0.853993 0.902631 0.892300 0.478263 0.583552 0.564969 0.643206 0.553896 0.456688 0.952047 0.865606 0.687643 0.764132 0.711599 0.704546 0.574436 0.700535 0.968213 0.977358 0.534505 0.798428 0.406646 0.695834 0.619966 0.890675 0.249799 0.418952 0.337854 0.388005 0.842945 0.961539 0.486201 0.498428 0.786957 0.775401 0.847935 0.939486 0.510077 0.601984 0.839576 0.836304 0.868735 0.742301 0.665871 0.857645 0.352801 0.432848 0.782544 0.776591 0.712248 0.697184 0.553436 0.648507 0.659767 0.630647 0.674088 0.892811 0.727985 0.862168 0.614073 0.554241 0.676857 0.718609 0.759889 0.829204 0.648346 0.599928 0.916818 0.676946 0.747490 0.959203 0.843417 0.923234 0.804905 0.887826 0.880306 0.864796
0.531728 0.768039 0.218011 0.000000 0.831609 0.709541 0.201810 0.241387 0.474767 0.738238 0.396986 0.574873 0.381892 0.425506 0.472869 0.442888 0.832525 0.728590 0.289035 0.420662 0.789511 0.980160 0.289146 0.287661 0.460181 0.354709 0.922515 0.782438 0.618264 0.702792 0.264879 0.357175 0.307540 0.260998 0.432585 0.666197 0.559500 0.817464 0.868988 0.846488 0.867729 0.883572 0.434144 0.512031 0.548088 0.625676 0.485868 0.443477 0.972939 0.871782 0.683923 0.788779 0.727420 0.759692 0.585928 0.682183 0.881310 0.935269 0.503934 0.780546 0.401075 0.640176 0.544975 0.815241 0.301475 0.353665 0.283847 0.307844 0.798957 0.975411 0.450451 0.462729 0.707447 0.705164 0.747472 0.904517 0.512726 0.597891 0.755369 0.818734 0.766013 0.642660 0.600622 0.827112 0.345031 0.375320 0.797883 0.711347 0.656264 0.622990 0.524641 0.676554 0.635511 0.679775 0.694344 0.823739 0.699877 0.783879 0.544933 0.459796 0.615351 0.617979 0.694995 0.709406 0.595046 0.585804 0.962265 0.719419 0.720159 0.968496 0.818967 0.868754 0.794324 0.923202 0.850745 0.842823
0.868603 0.966110 0.769051 0.831609 0.000000 0.926796 0.804781 0.802668 0.752610 0.781002 0.935033 0.901157 0.744774 0.784168 0.633886 0.826248 0.961415 0.973274 0.816168 0.903290 0.830138 0.906247 0.719279 0.931317 0.901660 0.927485 0.873591 0.850859 0.893923 0.926721 0.757363 0.924023 0.742681 0.765371 0.709861 0.853686 0.753848 0.841340 0.890263 0.971564 0.873757 0.995991 0.754378 0.832588 0.889521 0.931594 0.845322 0.822971 0.956163 0.946071 0.834460 0.780725 0.811599 0.802086 0.950462 0.908866 0.941415 0.909295 0.670460 0.763278 0.715681 0.930714 0.707771 0.848171 0.683023 0.842796 0.705743 0.739229 0.947188 0.880355 0.800186 0.716767 0.879025 0.955336 0.936295 0.973583 0.915641 0.872678 0.949297 0.944414 0.944006 0.890538 0.857629 0.975088 0.745331 0.863973 0.967365 0.809055 0.746466 0.959229 0.730179 0.756547 0.763403 0.690481 0.938050 0.925589 0.864794 0.908583 0.718014 0.868851 0.982293 0.944490 0.734964 0.821249 0.855263 0.590166 0.867277 0.661801 0.883719 0.994484 0.880463 0.880962 0.824875 0.821650 0.841581 0.872639
0.686440 0.913038 0.808337 0.709541 0.926796 0.000000 0.676028 0.654649 0.769897 0.854759 0.668358 0.712359 0.758597 0.821322 0.902611 0.814136 0.852364 0.809910 0.627731 0.647722 0.876016 0.924823 0.854782 0.801334 0.972053 0.788515 0.943158 0.690531 0.869953 0.965470 0.871023 0.745839 0.747660 0.695924 0.771104 0.854307 0.823773 0.991316 0.958827 0.973864 0.924828 0.905377 0.615883 0.667869 0.740310 0.737578 0.673683 0.760102 0.941135 0.867395 0.887558 0.898839 0.904984 0.900584 0.828234 0.953882 0.807374 0.985100 0.771764 0.923899 0.764926 0.784168 0.814813 0.938688 0.805503 0.707141 0.663934 0.629869 0.970699 0.959080 0.831890 0.853778 0.844982 0.741457 0.964258 0.927923 0.715672 0.744296 0.806494 0.998465 0.841048 0.832481 0.975058 0.981018 0.820061 0.830633 0.872105 0.923158 0.883394 0.843262 0.692536 0.766022 0.783469 0.761111 0.959354 0.999848 0.879621 0.891009 0.669926 0.720924 0.842790 0.744302 0.696413 0.666629 0.837415 0.905930 0.936721 0.888648 0.970344 0.886679 0.943282 0.910069 0.966928 0.888490 0.904618 0.905406
0.524971 0.785120 0.214400 0.201810 0.804781 0.676028 0.000000 0.207781 0.460204 0.595046 0.421804 0.583442 0.382403 0.467023 0.446281 0.452751 0.859569 0.735127 0.283307 0.436325 0.766183 0.960098 0.297381 0.424043 0.586566 0.378332 0.984683 0.832715 0.596234 0.760249 0.319196 0.401092 0.325098 0.284897 0.426718 0.616070 0.548840 0.821578 0.962392 0.834219 0.826548 0.936486 0.364417 0.465535 0.460008 0.529217 0.458223 0.409169 0.892266 0.790857 0.623049 0.680520 0.643274 0.660065 0.579824 0.689785 0.893215 0.929449 0.441877 0.777645 0.403982 0.650308 0.579012 0.851997 0.301852 0.367720 0.244682 0.300187 0.850003 0.944285 0.383971 0.410109 0.678271 0.668512 0.854862 0.897480 0.434104 0.549360 0.769423 0.851126 0.813007 0.737298 0.657783 0.914376 0.359985 0.459480 0.790797 0.808785 0.763690 0.710672 0.422923 0.546165 0.533677 0.544371 0.675478 0.794561 0.654683 0.731851 0.453217 0.377721 0.581795 0.542473 0.651769 0.680345 0.577662 0.525750 0.951601 0.641306 0.752692 0.984019 0.836393 0.800109 0.724133 0.863186 0.836936 0.934355
0.409461 0.576636 0.325675 0.241387 0.802668 0.654649 0.207781 0.000000 0.553828 0.627662 0.387737 0.435791 0.393602 0.390176 0.554748 0.491265 0.685341 0.593084 0.234970 0.316332 0.864094 0.977063 0.378236 0.417011 0.648867 0.456460 0.954457 0.819266 0.470317 0.680432 0.326931 0.392007 0.260010 0.247715 0.433042 0.623321 0.568453 0.884452 0.977621 0.873753 0.795836 0.995809 0.337209 0.422163 0.453222 0.487452 0.417670 0.427735 0.841524 0.771293 0.630281 0.704772 0.692244 0.774153 0.583691 0.672402 0.657031 0.714171 0.404300 0.684043 0.383414 0.522028 0.470646 0.704791 0.386666 0.358753 0.275253 0.278169 0.746945 0.793046 0.441206 0.421637 0.625564 0.577602 0.779395 0.816032 0.497874 0.565138 0.716454 0.806102 0.677630 0.627430 0.578899 0.838525 0.381379 0.444089 0.785520 0.810909 0.738505 0.632288 0.477710 0.658177 0.568957 0.687557 0.684066 0.767852 0.579906 0.665812 0.411511 0.334116 0.560354 0.558686 0.570145 0.629915 0.521401 0.519220 0.981651 0.639246 0.682672 0.897046 0.770225 0.762186 0.712088 0.863694 0.829118 0.941220
0.717895 0.932041 0.434223 0.474767 0.752610 0.769897 0.460204 0.553828 0.000000 0.539747 0.752304 0.815104 0.633408 0.807704 0.523364 0.547766 0.885766 0.870676 0.705465 0.714189 0.734360 0.968648 0.521495 0.715488 0.654300 0.480281 0.940755 0.747094 0.694553 0.803231 0.573975 0.761198 0.627033 0.598541 0.586321 0.910848 0.537959 0.681762 0.856956 0.848594 0.930059 0.814241 0.564578 0.621563 0.610190 0.657137 0.710841 0.635886 0.960912 0.863116 0.648531 0.626641 0.570774 0.552378 0.671606 0.706738 0.914493 0.981144 0.531564 0.849906 0.567070 0.785504 0.734229 0.846761 0.449048 0.714917 0.509089 0.631975 0.831107 0.965543 0.477561 0.507575 0.647200 0.778369 0.965847 0.911164 0.471482 0.586288 0.772317 0.980158 0.852352 0.941656 0.817900 0.919650 0.655867 0.773410 0.923387 0.929149 0.783833 0.775816 0.472961 0.485303 0.523796 0.443375 0.767074 0.938317 0.607300 0.797358 0.548879 0.520572 0.776859 0.688307 0.686508 0.764436 0.634948 0.495321 0.720590 0.588707 0.777121 0.984699 0.848069 0.850627 0.720881 0.696699 0.845923 0.901754
0.934319 0.929242 0.705988 0.738238 0.781002 0.854759 0.595046 0.627662 0.539747 0.000000 0.975946 0.982733 0.903817 0.934786 0.630247 0.756435 0.899473 0.838261 0.769158 0.843405 0.913987 0.973478 0.738468 0.957334 0.981586 0.848536 0.962645 0.898960 0.789881 0.940470 0.765822 0.913514 0.831069 0.756556 0.684506 0.742860 0.710437 0.911252 0.919091 0.839021 0.715030 0.840470 0.531685 0.604381 0.553094 0.579096 0.862299 0.780453 0.825361 0.768825 0.538012 0.516637 0.500679 0.483011 0.941426 0.888252 0.980047 0.923924 0.656971 0.996101 0.862950 0.969794 0.933281 0.974123 0.801463 0.906983 0.597947 0.706565 0.953681 0.878636 0.416270 0.429484 0.638413 0.679070 0.957158 0.987802 0.503794 0.570383 0.890854 0.887776 0.972483 0.802013 0.909297 0.929674 0.908600 0.926474 0.875688 0.806843 0.926219 0.867532 0.359490 0.363440 0.377075 0.371349 0.816637 0.997583 0.582092 0.712560 0.478201 0.485674 0.699966 0.610303 0.527927 0.727450 0.729875 0.564673 0.926892 0.436956 0.850320 0.866706 0.759783 0.686372 0.612568 0.667726 0.806090 0.804018
0.417460 0.778531 0.485599 0.396986 0.935033 0.668358 0.421804 0.387737 0.752304 0.975946 0.000000 0.427280 0.273259 0.310435 0.644604 0.570522 0.750934 0.694645 0.311368 0.382102 0.873227 0.800116 0.486738 0.442492 0.831559 0.637489 0.937750 0.797180 0.559726 0.642142 0.446557 0.422145 0.363298 0.346069 0.591720 0.823996 0.671747 0.985500 0.906880 0.921617 0.889974 0.991900 0.655231 0.694829 0.815277 0.843549 0.561787 0.639906 0.822824 0.965158 0.974219 0.894088 0.987829 0.911691 0.704708 0.837438 0.735145 0.858441 0.546292 0.755800 0.364135 0.589184 0.356516 0.656980 0.511328 0.448000 0.461231 0.430070 0.887885 0.953783 0.679834 0.717669 0.836875 0.790839 0.896956 0.776358 0.802500 0.802287 0.862144 0.797162 0.699032 0.634985 0.789777 0.858113 0.423558 0.490760 0.801920 0.776648 0.755581 0.708318 0.790729 0.928500 0.870339 0.911826 0.855555 0.765091 0.916021 0.908147 0.726153 0.638032 0.588589 0.721160 0.802488 0.776820 0.694507 0.757926 0.929141 0.856794 0.846698 0.946201 0.982546 0.975414 0.898673 0.903280 0.902511 0.761449
0.321478 0.420405 0.710441 0.574873 0.901157 0.712359 0.583442 0.435791 0.815104 0.982733 0.427280 0.000000 0.469461 0.434541 0.753101 0.587354 0.466249 0.388350 0.477418 0.367366 0.840115 0.923743 0.630576 0.575025 0.917742 0.742644 0.994467 0.902601 0.442080 0.439710 0.581557 0.588715 0.358692 0.422564 0.683441 0.762141 0.689510 0.875719 0.948047 0.980895 0.777579 0.889179 0.697025 0.684111 0.689241 0.672407 0.624522 0.589410 0.994995 0.913178 0.942557 0.911122 0.997551 0.921126 0.703344 0.821635 0.442939 0.465663 0.455327 0.527870 0.376819 0.337148 0.350688 0.354905 0.642795 0.448326 0.521687 0.477106 0.677681 0.559594 0.763864 0.762209 0.775056 0.701841 0.862113 0.845508 0.843852 0.834232 0.676953 0.670912 0.409702 0.483613 0.645974 0.707258 0.530405 0.518099 0.843675 0.910402 0.745406 0.588856 0.801023 0.979222 0.858644 0.965418 0.762750 0.891037 0.757138 0.791918 0.641484 0.624258 0.738958 0.757029 0.706833 0.758786 0.601959 0.690529 0.970386 0.860450 0.816872 0.916213 0.935415 0.808133 0.939608 0.997367 0.806764 0.937535
0.426474 0.776531 0.404170 0.381892 0.744774 0.758597 0.382403 0.393602 0.633408 0.903817 0.273259 0.469461 0.000000 0.267893 0.424673 0.435487 0.817964 0.746111 0.360923 0.402686 0.717874 0.931715 0.322623 0.379847 0.740353 0.615911 0.888447 0.793793 0.584335 0.632617 0.420093 0.418580 0.301074 0.307525 0.541902 0.788065 0.654444 0.897337 0.935442 0.937494 0.877977 0.932744 0.617863 0.688462 0.862227 0.900999 0.564538 0.591512 0.725873 0.863271 0.996866 0.981117 0.998944 0.982736 0.713554 0.870886 0.778680 0.868060 0.412520 0.616792 0.263080 0.592064 0.291414 0.614896 0.386356 0.402866 0.424970 0.448456 0.850960 0.918000 0.612040 0.656871 0.848302 0.878079 0.830399 0.716693 0.760353 0.726046 0.918926 0.793838 0.714872 0.714265 0.654079 0.969141 0.321089 0.410048 0.716512 0.870978 0.680596 0.722198 0.754700 0.883215 0.900218 0.814899 0.834040 0.808135 0.895426 0.885383 0.696378 0.649728 0.668531 0.737909 0.791368 0.793710 0.677699 0.615020 0.984268 0.738655 0.763702 0.991003 0.938575 0.965025 0.923373 0.951851 0.874529 0.815300
0.441515 0.715075 0.518696 0.425506 0.784168 0.821322 0.467023 0.390176 0.807704 0.934786 0.310435 0.434541 0.267893 0.000000 0.507682 0.461177 0.820890 0.669544 0.362132 0.383520 0.843671 0.980817 0.409855 0.390110 0.785643 0.701189 0.938056 0.749597 0.598923 0.582385 0.413643 0.391470 0.280251 0.321019 0.590142 0.700478 0.628313 0.991464 0.823092 0.981016 0.928295 0.917064 0.673152 0.752148 0.901083 0.934791 0.671806 0.682270 0.708609 0.818349 0.986942 0.908269 0.948053 0.914302 0.887342 0.958548 0.662966 0.779353 0.486010 0.677951 0.341340 0.591987 0.296025 0.578334 0.497274 0.402201 0.469042 0.403872 0.951082 0.873297 0.701431 0.608199 0.897102 0.829594 0.752243 0.714179 0.849322 0.799109 0.830665 0.775392 0.691696 0.715635 0.590746 0.902972 0.373935 0.396409 0.754121 0.797954 0.668477 0.692874 0.781175 0.999215 0.868599 0.960240 0.908408 0.753695 0.905584 0.911676 0.712729 0.688349 0.583309 0.755831 0.794408 0.876694 0.671097 0.705248 0.900126 0.820477 0.743388 0.997770 0.944766 0.984351 0.987817 0.942983 0.899735 0.825618
0.689946 0.944687 0.413343 0.472869 0.633886 0.902611 0.446281 0.554748 0.523364 0.630247 0.644604 0.753101 0.424673 0.507682 0.000000 0.396664 0.962050 0.868968 0.631261 0.684198 0.669093 0.942772 0.326444 0.563776 0.637708 0.588459 0.813650 0.781090 0.758204 0.751048 0.447457 0.600200 0.487265 0.490617 0.552403 0.729948 0.549766 0.768327 0.870371 0.950522 0.885172 0.927533 0.678885 0.813929 0.777815 0.857409 0.773717 0.692404 0.781292 0.915261 0.802851 0.801656 0.770481 0.728925 0.849783 0.920848 0.996568 0.987576 0.495071 0.731927 0.410716 0.761063 0.539221 0.729580 0.384353 0.551734 0.472017 0.536634 0.932716 0.975333 0.532634 0.499061 0.865776 0.951825 0.912390 0.900728 0.689241 0.747905 0.843224 0.912618 0.872982 0.957653 0.636047 0.911298 0.409649 0.539604 0.678504 0.954013 0.776581 0.793057 0.626231 0.689198 0.737931 0.609980 0.745357 0.913482 0.830047 0.823279 0.671602 0.701880 0.825518 0.815395 0.769111 0.895400 0.659980 0.543310 0.788449 0.622447 0.746077 0.962949 0.899149 0.889978 0.973667 0.828556 0.865885 0.940100
0.542660 0.723121 0.432980 0.442888 0.826248 0.814136 0.452751 0.491265 0.547766 0.756435 0.570522 0.587354 0.435487 0.461177 0.396664 0.000000 0.769330 0.600319 0.558450 0.531292 0.626664 0.988366 0.366656 0.471147 0.568226 0.427053 0.886304 0.883771 0.516768 0.479879 0.388047 0.462250 0.387395 0.417908 0.554692 0.646711 0.432317 0.730912 0.994935 0.982663 0.912878 0.961864 0.678256 0.743014 0.707065 0.726601 0.683386 0.670959 0.885067 0.953481 0.753408 0.780046 0.798082 0.779025 0.745579 0.890900 0.804769 0.799199 0.552592 0.756590 0.417862 0.575774 0.510346 0.609697 0.436613 0.464428 0.483179 0.519581 0.843392 0.900485 0.564522 0.556647 0.800096 0.759710 0.750588 0.909326 0.679901 0.765841 0.641259 0.679589 0.576814 0.676536 0.611621 0.760137 0.405150 0.431985 0.793802 0.913014 0.739475 0.764579 0.615080 0.831699 0.710007 0.710967 0.702685 0.886989 0.675774 0.847312 0.635859 0.706959 0.708720 0.816402 0.775590 0.934152 0.648118 0.730143 0.890439 0.746810 0.735932 0.941698 0.883217 0.869369 0.934921 0.928182 0.874416 0.898497
0.407912 0.301624 0.948645 0.832525 0.961415 0.852364 0.859569 0.685341 0.885766 0.899473 0.750934 0.466249 0.817964 0.820890 0.962050 0.769330 0.000000 0.320581 0.739814 0.563000 0.875575 0.979331 0.916756 0.868084 0.879336 0.895393 0.951615 0.989444 0.462907 0.476359 0.758636 0.811522 0.658426 0.660119 0.788121 0.800555 0.678855 0.804202 0.952792 0.799044 0.685374 0.747689 0.775510 0.664851 0.662056 0.622790 0.746109 0.800533 0.837080 0.772745 0.761895 0.782181 0.913565 0.992627 0.703846 0.710674 0.341004 0.277936 0.660790 0.676310 0.714640 0.506195 0.584477 0.387406 0.901756 0.747263 0.702929 0.698934 0.483869 0.609888 0.768551 0.830278 0.737819 0.648496 0.949964 0.800856 0.850809 0.827219 0.689252 0.837569 0.307872 0.481402 0.672432 0.509192 0.790450 0.720604 0.972083 0.956918 0.866251 0.663779 0.848979 0.999503 0.817756 0.993987 0.539216 0.997371 0.618115 0.633675 0.682859 0.652676 0.867599 0.910842 0.653317 0.699288 0.586053 0.778432 0.959649 0.779984 0.896048 0.818879 0.897186 0.681562 0.888021 0.851903 0.782751 0.911992
0.437121 0.363127 0.868600 0.728590 0.973274 0.809910 0.735127 0.593084 0.870676 0.838261 0.694645 0.388350 0.746111 0.669544 0.868968 0.600319 0.320581 0.000000 0.644987 0.511012 0.808325 0.897834 0.810119 0.763719 0.820206 0.757174 0.966069 0.976915 0.403255 0.329393 0.648261 0.666102 0.534774 0.592039 0.729164 0.661987 0.566117 0.758075 0.950040 0.823976 0.730438 0.793820 0.749422 0.672807 0.601836 0.586257 0.735358 0.754351 0.908714 0.804430 0.735620 0.762804 0.848075 0.922740 0.706046 0.843416 0.347129 0.329833 0.665052 0.752590 0.676261 0.518194 0.553252 0.353475 0.836985 0.649359 0.589476 0.597588 0.542424 0.594768 0.681779 0.707740 0.674535 0.569702 0.913933 0.847685 0.806562 0.764306 0.539584 0.664498 0.254956 0.453773 0.561963 0.547604 0.749439 0.629198 0.969955 0.949381 0.807017 0.719198 0.723954 0.941421 0.684648 0.931739 0.686810 0.890902 0.574772 0.775446 0.625152 0.643291 0.707669 0.857398 0.589057 0.724805 0.560543 0.788113 0.981953 0.844591 0.850340 0.777295 0.934566 0.750995 0.944598 0.882650 0.793710 0.980351
0.432868 0.665760 0.378577 0.289035 0.816168 0.627731 0.283307 0.234970 0.705465 0.769158 0.311368 0.477418 0.360923 0.362132 0.631261 0.558450 0.739814 0.644987 0.000000 0.333614 0.898464 0.900659 0.419760 0.414311 0.700172 0.548957 0.999162 0.771248 0.536944 0.683137 0.370237 0.405716 0.294938 0.261885 0.459383 0.659060 0.621070 0.939088 0.895161 0.902149 0.790567 0.934576 0.439111 0.497380 0.594628 0.642164 0.457916 0.499743 0.966451 0.879490 0.790049 0.876801 0.838340 0.922630 0.645061 0.756130 0.660589 0.790301 0.500829 0.768987 0.446498 0.621403 0.458170 0.752072 0.470489 0.403006 0.332917 0.311819 0.814747 0.854429 0.526352 0.567559 0.733881 0.676964 0.772530 0.779662 0.601652 0.647487 0.801581 0.816197 0.705077 0.620359 0.657554 0.896943 0.400246 0.452813 0.816653 0.779504 0.690025 0.697977 0.583758 0.774473 0.694807 0.800205 0.777369 0.740585 0.758243 0.786480 0.502712 0.471079 0.575153 0.624074 0.652762 0.663542 0.597156 0.657501 0.943823 0.712049 0.785380 0.974950 0.931614 0.781946 0.752001 0.937365 0.951446 0.885525
0.345049 0.481600 0.565678 0.420662 0.903290 0.647722 0.436325 0.316332 0.714189 0.843405 0.382102 0.367366 0.402686 0.383520 0.684198 0.531292 0.563000 0.511012 0.333614 0.000000 0.839875 0.982547 0.579953 0.487265 0.763749 0.648273 0.947825 0.786822 0.399866 0.583455 0.518498 0.454044 0.313822 0.344072 0.649523 0.773294 0.668454 0.967646 0.928511 0.907323 0.839412 0.945705 0.508099 0.542213 0.611124 0.613049 0.484975 0.535787 0.896919 0.805031 0.773281 0.852767 0.877062 0.962304 0.677413 0.746948 0.516297 0.585514 0.458426 0.641749 0.470705 0.501546 0.439315 0.618433 0.573309 0.460976 0.479152 0.454152 0.642414 0.723204 0.615895 0.704219 0.687150 0.639432 0.728618 0.658418 0.641939 0.713153 0.754556 0.771795 0.545752 0.453993 0.569813 0.739754 0.462481 0.468527 0.754339 0.742453 0.769865 0.680267 0.704975 0.905585 0.808869 0.926149 0.702640 0.957361 0.735824 0.761970 0.557694 0.490877 0.637882 0.681088 0.587322 0.687364 0.548947 0.720094 0.936243 0.788563 0.746040 0.960498 0.974144 0.759433 0.813320 0.898298 0.842770 0.929636
0.855343 0.895122 0.734896 0.789511 0.830138 0.876016 0.766183 0.864094 0.734360 0.913987 0.873227 0.840115 0.717874 0.843671 0.669093 0.626664 0.875575 0.808325 0.898464 0.839875 0.000000 0.957923 0.722571 0.798513 0.759053 0.729625 0.854238 0.972928 0.879010 0.737756 0.752829 0.907327 0.756029 0.769681 0.889404 0.827145 0.722152 0.665278 0.965463 0.786348 0.836298 0.979190 0.886925 0.935134 0.895187 0.926725 0.869020 0.893677 0.894250 0.934379 0.911562 0.930215 0.949427 0.802997 0.825018 0.845695 0.976617 0.905260 0.744883 0.804742 0.707235 0.814983 0.794525 0.814688 0.666539 0.746928 0.727120 0.782547 0.737852 0.995496 0.692330 0.813868 0.969800 0.944854 0.999791 0.940994 0.864386 0.769593 0.959787 0.762491 0.721522 0.872974 0.786971 0.869512 0.749534 0.728037 0.776032 0.779725 0.812830 0.944033 0.821660 0.857296 0.882769 0.754435 0.844476 0.935861 0.865558 0.973483 0.795149 0.926698 0.926665 0.995410 0.889581 0.947495 0.842170 0.724733 0.808527 0.959125 0.999224 0.967360 0.964217 0.836383 0.971200 0.974609 0.777171 0.958403
0.995569 0.952573 0.957851 0.980160 0.906247 0.924823 0.960098 0.977063 0.968648 0.973478 0.800116 0.923743 0.931715 0.980817 0.942772 0.988366 0.979331 0.897834 0.900659 0.982547 0.957923 0.000000 0.988984 0.938747 0.809958 0.993442 0.786877 0.810804 0.958608 0.967914 0.908649 0.993048 0.964928 0.985315 0.971326 0.956793 0.917473 0.997627 0.969037 0.897179 0.979448 0.932692 0.979092 0.977892 0.906923 0.960604 0.979283 0.993373 0.981083 0.988771 0.802662 0.867257 0.951441 0.850563 0.983676 0.986612 0.928582 0.947207 0.974825 0.988803 0.968632 0.963352 0.960389 0.923021 0.995348 0.978024 0.977489 0.961594 0.776505 0.895777 0.925591 0.920763 0.949628 0.929542 0.876478 0.956639 0.916503 0.788716 0.948107 0.934101 0.928883 0.940991 0.775614 0.961793 0.952031 0.869719 0.987168 0.988649 0.874506 0.863451 0.943673 0.945019 0.919432 0.972567 0.879796 0.899188 0.915548 0.923923 0.928948 0.935016 0.997629 0.868214 0.834769 0.994646 0.818080 0.964700 0.905710 0.949239 0.926891 0.981470 0.857551 0.920771 0.907546 0.909140 0.916452 0.995427
0.612742 0.862323 0.263383 0.289146 0.719279 0.854782 0.297381 0.378236 0.521495 0.738468 0.486738 0.630576 0.322623 0.409855 0.326444 0.366656 0.916756 0.810119 0.419760 0.579953 0.722571 0.988984 0.000000 0.312557 0.483527 0.455671 0.827908 0.909224 0.730064 0.643716 0.292450 0.369018 0.322049 0.307784 0.477714 0.680404 0.567102 0.830916 0.877365 0.899077 0.903798 0.825607 0.620540 0.718950 0.800985 0.829808 0.627576 0.575278 0.767975 0.885514 0.856365 0.856684 0.882500 0.816124 0.750601 0.842511 0.967655 0.947000 0.534360 0.681169 0.316177 0.609843 0.451784 0.698679 0.267168 0.343628 0.384904 0.382657 0.896834 0.960875 0.519191 0.537014 0.944657 0.937308 0.798670 0.877729 0.664247 0.638741 0.845553 0.756966 0.774409 0.796358 0.612336 0.944840 0.267426 0.368092 0.787584 0.849062 0.628276 0.586965 0.667056 0.781618 0.772385 0.709096 0.726049 0.835892 0.789484 0.835928 0.667619 0.640334 0.746364 0.735887 0.886587 0.888074 0.676015 0.548757 0.942439 0.712761 0.879224 0.918498 0.847018 0.960688 0.915401 0.952757 0.870300 0.935848
0.604736 0.747491 0.387593 0.287661 0.931317 0.801334 0.424043 0.417011 0.715488 0.957334 0.442492 0.575025 0.379847 0.390110 0.563776 0.471147 0.868084 0.763719 0.414311 0.487265 0.798513 0.938747 0.312557 0.000000 0.465157 0.487071 0.867869 0.857803 0.714107 0.614162 0.362561 0.320180 0.337831 0.342200 0.613489 0.779595 0.700655 0.892260 0.779896 0.943430 0.986553 0.757988 0.688053 0.752221 0.832819 0.860686 0.629856 0.600742 0.831888 0.904007 0.927838 0.965331 0.957856 0.967434 0.679719 0.832558 0.843838 0.905196 0.651783 0.715002 0.409463 0.574672 0.504417 0.725127 0.401670 0.331556 0.507757 0.425692 0.841025 0.913006 0.709814 0.754790 0.967502 0.916817 0.663090 0.842284 0.831406 0.767215 0.775957 0.670086 0.702218 0.583497 0.538074 0.813687 0.340360 0.283870 0.770226 0.580609 0.575544 0.572831 0.882105 0.971002 0.996259 0.972982 0.764910 0.857701 0.863559 0.971191 0.797528 0.749339 0.783009 0.881298 0.959485 0.926296 0.732145 0.768071 0.925397 0.999366 0.821242 0.923659 0.887376 0.994807 0.979554 0.978833 0.877544 0.839097
0.772582 0.829468 0.467356 0.460181 0.901660 0.972053 0.586566 0.648867 0.654300 0.981586 0.831559 0.917742 0.740353 0.785643 0.637708 0.568226 0.879336 0.820206 0.700172 0.763749 0.759053 0.809958 0.483527 0.465157 0.000000 0.407574 0.760198 0.943514 0.896646 0.683392 0.449301 0.545911 0.607830 0.581098 0.596034 0.750157 0.559126 0.706427 0.744238 0.954710 0.914228 0.918702 0.820808 0.860298 0.805910 0.868162 0.729077 0.765799 0.989092 0.953255 0.739287 0.914423 0.887403 0.859351 0.695984 0.811488 0.966602 0.898090 0.879700 0.910148 0.706102 0.798510 0.785862 0.840194 0.466962 0.601506 0.607421 0.638470 0.697822 0.851696 0.655896 0.779469 0.973742 0.995538 0.793991 0.985026 0.699973 0.719641 0.825915 0.814603 0.708166 0.608580 0.536021 0.688708 0.518684 0.439877 0.949243 0.756973 0.585580 0.536817 0.878298 0.979390 0.878726 0.972867 0.634390 0.885801 0.712232 0.841718 0.835935 0.846749 0.994344 0.973469 0.957875 0.990852 0.780338 0.838061 0.897351 0.924555 0.913015 0.903211 0.820439 0.993107 0.886731 0.953470 0.965988 0.891567
0.682725 0.802648 0.315086 0.354709 0.927485 0.788515 0.378332 0.456460 0.480281 0.848536 0.637489 0.742644 0.615911 0.701189 0.588459 0.427053 0.895393 0.757174 0.548957 0.648273 0.729625 0.993442 0.455671 0.487071 0.407574 0.000000 0.919968 0.996528 0.656343 0.699431 0.412980 0.525833 0.514440 0.494456 0.605257 0.681440 0.511659 0.708626 0.992848 0.994200 0.961142 0.947958 0.579615 0.695704 0.545191 0.592482 0.599293 0.588703 0.814800 0.763732 0.606161 0.732222 0.693590 0.713455 0.511573 0.761642 0.977159 0.942924 0.696551 0.862594 0.558375 0.679353 0.771948 0.882734 0.363523 0.490578 0.481287 0.525412 0.746954 0.937490 0.610860 0.637712 0.799947 0.803444 0.862432 0.950139 0.545886 0.637524 0.686600 0.812903 0.731518 0.635486 0.666822 0.721349 0.480778 0.478374 0.904992 0.801555 0.687743 0.668873 0.648805 0.783399 0.706827 0.740546 0.673883 0.816985 0.632915 0.834632 0.655512 0.677222 0.782946 0.892847 0.837225 0.904010 0.709320 0.739901 0.838303 0.819926 0.739783 0.952472 0.842856 0.925778 0.921469 0.945477 0.895035 0.889040
0.953699 0.977223 0.932222 0.922515 0.873591 0.943158 0.984683 0.954457 0.940755 0.962645 0.937750 0.994467 0.888447 0.938056 0.813650 0.886304 0.951615 0.966069 0.999162 0.947825 0.854238 0.786877 0.827908 0.867869 0.760198 0.919968 0.000000 0.885297 0.886765 0.937597 0.936182 0.961930 0.928773 0.923329 0.951205 0.836589 0.891152 0.832858 0.839584 0.922666 0.781030 0.994186 0.901491 0.953474 0.916842 0.837248 0.927445 0.840083 0.759677 0.824624 0.963024 0.937192 0.847651 0.974951 0.996078 0.917346 0.946556 0.942147 0.928729 0.856876 0.897318 0.969883 0.868888 0.878211 0.876546 0.802106 0.871624 0.829509 0.968336 0.885082 0.953945 0.965022 0.781441 0.822843 0.952162 0.931265 0.923616 0.856199 0.980100 0.899834 0.881773 0.983484 0.838289 0.889735 0.851635 0.794222 0.901061 0.963265 0.703554 0.829668 0.952337 0.935163 0.958828 0.993224 0.806766 0.923524 0.974673 0.855206 0.916815 0.988345 0.895743 0.884440 0.978780 0.992274 0.976389 0.929272 0.977332 0.913928 0.957967 0.885205 0.938297 0.968291 0.811869 0.831457 0.902004 0.980424
0.796977 0.971118 0.873900 0.782438 0.850859 0.690531 0.832715 0.819266 0.747094 0.898960 0.797180 0.902601 0.793793 0.749597 0.781090 0.883771 0.989444 0.976915 0.771248 0.786822 0.972928 0.810804 0.909224 0.857803 0.943514 0.996528 0.885297 0.000000 0.917973 0.993830 0.858221 0.938754 0.800898 0.843164 0.795191 0.910914 0.874648 0.970564 0.898485 0.960758 0.964822 0.792832 0.849044 0.829229 0.937212 0.988554 0.885545 0.970914 0.885962 0.908785 0.965220 0.954054 0.944062 0.950604 0.985477 0.909252 0.932034 0.866114 0.746524 0.981623 0.886647 0.914944 0.830125 0.983708 0.916171 0.932438 0.790259 0.812693 0.944202 0.971712 0.889252 0.783680 0.867090 0.885970 0.929261 0.949433 0.836433 0.900697 0.888425 0.933625 0.993190 0.978864 0.963413 0.908409 0.923154 0.881131 0.996858 0.962550 0.982548 0.939548 0.745610 0.760200 0.820326 0.820857 0.915344 0.927934 0.997994 0.952880 0.770998 0.808413 0.804341 0.827574 0.773533 0.762666 0.832832 0.912075 0.965669 0.851661 0.869383 0.812959 0.987598 0.993295 0.941006 0.834282 0.824363 0.968453
0.438574 0.455570 0.671562 0.618264 0.893923 0.869953 0.596234 0.470317 0.694553 0.789881 0.559726 0.442080 0.584335 0.598923 0.758204 0.516768 0.462907 0.403255 0.536944 0.399866 0.879010 0.958608 0.730064 0.714107 0.896646 0.656343 0.886765 0.917973 0.000000 0.481468 0.575090 0.667686 0.458024 0.542457 0.669128 0.889203 0.572289 0.872806 0.888055 0.905119 0.786965 0.841164 0.624074 0.591554 0.543715 0.494172 0.656644 0.619392 0.769612 0.669906 0.698899 0.722912 0.744685 0.867174 0.638250 0.645572 0.494612 0.490374 0.531627 0.726788 0.540797 0.503852 0.516312 0.511050 0.699885 0.651455 0.586660 0.617303 0.643186 0.573335 0.668215 0.658861 0.539106 0.546326 0.868499 0.755037 0.757955 0.764498 0.578026 0.759524 0.468440 0.530616 0.665415 0.614903 0.631131 0.659403 0.800499 0.969449 0.860684 0.824846 0.675753 0.906058 0.767033 0.858891 0.644851 0.905556 0.555122 0.871157 0.608595 0.563369 0.667223 0.879332 0.575048 0.775507 0.560970 0.745724 0.923560 0.751894 0.603642 0.774173 0.851494 0.807165 0.776618 0.738989 0.827974 0.952173
0.515869 0.484228 0.771089 0.702792 0.926721 0.965470 0.760249 0.680432 0.803231 0.940470 0.642142 0.439710 0.632617 0.582385 0.751048 0.479879 0.476359 0.329393 0.683137 0.583455 0.737756 0.967914 0.643716 0.614162 0.683392 0.699431 0.937597 0.993830 0.481468 0.000000 0.572075 0.611234 0.506108 0.562919 0.773324 0.815768 0.541924 0.751459 0.923310 0.800224 0.797036 0.819640 0.926282 0.840932 0.822772 0.800016 0.871009 0.800400 0.878618 0.986602 0.881456 0.916278 0.993502 0.983698 0.761853 0.887074 0.510353 0.459481 0.704954 0.730002 0.570086 0.507296 0.450655 0.328415 0.717808 0.613408 0.658958 0.645437 0.618174 0.765088 0.754911 0.812687 0.837199 0.758960 0.883872 0.929743 0.926132 0.790188 0.606459 0.559135 0.296179 0.499475 0.555985 0.552869 0.639575 0.528352 0.996981 0.929105 0.722125 0.662039 0.852864 0.911196 0.836722 0.992796 0.690147 0.935063 0.715499 0.950672 0.795470 0.839457 0.824756 0.994619 0.787451 0.971396 0.701682 0.820972 0.946915 0.924274 0.965186 0.804576 0.920331 0.844420 0.866894 0.887113 0.785331 0.954543
0.532663 0.732098 0.289798 0.264879 0.757363 0.871023 0.319196 0.326931 0.573975 0.765822 0.446557 0.581557 0.420093 0.413643 0.447457 0.388047 0.758636 0.648261 0.370237 0.518498 0.752829 0.908649 0.292450 0.362561 0.449301 0.412980 0.936182 0.858221 0.575090 0.572075 0.000000 0.363064 0.304957 0.323473 0.452054 0.723306 0.510079 0.807210 0.942194 0.959088 0.841897 0.944086 0.590120 0.651650 0.654661 0.708467 0.646604 0.624741 0.930840 0.992077 0.786084 0.889351 0.832224 0.874503 0.704449 0.757555 0.771509 0.791379 0.563293 0.752725 0.375309 0.584785 0.491732 0.659042 0.355272 0.409525 0.400362 0.394651 0.732973 0.904680 0.509199 0.460324 0.773725 0.703892 0.720907 0.869500 0.659983 0.687791 0.678952 0.701694 0.663976 0.657975 0.575478 0.739965 0.362097 0.395142 0.811017 0.819385 0.645219 0.613657 0.643396 0.819052 0.702812 0.805424 0.668198 0.781357 0.620410 0.809949 0.651413 0.595203 0.651852 0.731437 0.792863 0.866086 0.576630 0.588607 0.942217 0.746032 0.781426 0.932764 0.792443 0.959045 0.881924 0.996018 0.844699 0.904473
0.554081 0.764494 0.417265 0.357175 0.924023 0.745839 0.401092 0.392007 0.761198 0.913514 0.422145 0.588715 0.418580 0.391470 0.600200 0.462250 0.811522 0.666102 0.405716 0.454044 0.907327 0.993048 0.369018 0.320180 0.545911 0.525833 0.961930 0.938754 0.667686 0.611234 0.363064 0.000000 0.367435 0.370679 0.601079 0.722233 0.686346 0.978483 0.802915 0.919818 0.972698 0.825833 0.645840 0.647762 0.786699 0.796502 0.629376 0.616684 0.906217 0.982353 0.900169 0.997841 0.987636 0.980284 0.743707 0.975298 0.760520 0.843394 0.640070 0.802513 0.467769 0.626436 0.532072 0.755703 0.469029 0.406996 0.493210 0.434977 0.878760 0.928297 0.718832 0.657161 0.847429 0.756249 0.746964 0.757743 0.794137 0.726576 0.775303 0.673995 0.716884 0.629694 0.584850 0.872727 0.409869 0.403713 0.759586 0.748704 0.798800 0.703936 0.791866 0.957411 0.861817 0.941591 0.730662 0.837211 0.864922 0.861386 0.758712 0.712079 0.652381 0.723361 0.867774 0.851297 0.688914 0.792333 0.919703 0.914263 0.994179 0.981148 0.945289 0.999057 0.985999 0.945542 0.893137 0.919964
0.358326 0.546631 0.387076 0.307540 0.742681 0.747660 0.325098 0.260010 0.627033 0.831069 0.363298 0.358692 0.301074 0.280251 0.487265 0.387395 0.658426 0.534774 0.294938 0.313822 0.756029 0.964928 0.322049 0.337831 0.607830 0.514440 0.928773 0.800898 0.458024 0.506108 0.304957 0.367435 0.000000 0.262289 0.485578 0.658337 0.501823 0.813115 0.894455 0.985163 0.832185 0.913260 0.528059 0.606115 0.659826 0.685054 0.505523 0.532283 0.909451 0.998386 0.836086 0.899579 0.943169 0.984993 0.723671 0.724738 0.596284 0.627873 0.400615 0.562636 0.273786 0.426785 0.303046 0.502738 0.350170 0.289440 0.325543 0.298169 0.745561 0.791495 0.558809 0.544656 0.767340 0.742129 0.768245 0.780541 0.628070 0.692588 0.668038 0.677301 0.533454 0.547738 0.530840 0.755585 0.281267 0.321293 0.785510 0.799860 0.642405 0.580814 0.663156 0.903188 0.756539 0.859476 0.748742 0.798278 0.682051 0.762382 0.550765 0.532012 0.667985 0.685256 0.693614 0.801252 0.569194 0.590402 0.963185 0.738224 0.748959 0.956243 0.875214 0.839446 0.847946 0.898797 0.900517 0.847612
0.374743 0.587797 0.319756 0.260998 0.765371 0.695924 0.284897 0.247715 0.598541 0.756556 0.346069 0.422564 0.307525 0.321019 0.490617 0.417908 0.660119 0.592039 0.261885 0.344072 0.769681 0.985315 0.307784 0.342200 0.581098 0.494456 0.923329 0.843164 0.542457 0.562919 0.323473 0.370679 0.262289 0.000000 0.436511 0.667042 0.515044 0.808845 0.834637 0.907115 0.846336 0.924852 0.445102 0.499757 0.609144 0.646130 0.466142 0.482807 0.964635 0.912356 0.747572 0.797150 0.829360 0.858830 0.635585 0.837436 0.653879 0.715041 0.440249 0.649136 0.334113 0.518618 0.379402 0.596700 0.362743 0.313765 0.304819 0.265357 0.698861 0.867367 0.489288 0.536734 0.769039 0.708770 0.777737 0.765517 0.641449 0.597561 0.749921 0.768429 0.599489 0.563745 0.505414 0.783203 0.313508 0.336529 0.800270 0.806789 0.576888 0.581079 0.582723 0.781847 0.673610 0.763815 0.707205 0.824615 0.706576 0.795721 0.494139 0.479997 0.614641 0.657082 0.638297 0.679170 0.518244 0.587331 0.964724 0.651642 0.738191 0.995372 0.892935 0.764700 0.811528 0.966716 0.811492 0.832274
0.538761 0.783866 0.454243 0.432585 0.709861 0.771104 0.426718 0.433042 0.586321 0.684506 0.591720 0.683441 0.541902 0.590142 0.552403 0.554692 0.788121 0.729164 0.459383 0.649523 0.889404 0.971326 0.477714 0.613489 0.596034 0.605257 0.951205 0.795191 0.669128 0.773324 0.452054 0.601079 0.485578 0.436511 0.000000 0.718077 0.558616 0.701186 0.892539 0.986973 0.829995 0.815065 0.531728 0.583321 0.615971 0.679626 0.561002 0.590986 0.982618 0.861747 0.702121 0.750960 0.697900 0.749383 0.652557 0.719662 0.842974 0.884290 0.536263 0.851924 0.530441 0.762859 0.595424 0.725024 0.453816 0.554973 0.353046 0.447208 0.851689 0.934538 0.469243 0.546674 0.707394 0.741199 0.957677 0.895306 0.623975 0.628494 0.781302 0.920201 0.721589 0.716543 0.684827 0.873580 0.496939 0.542155 0.827988 0.963691 0.711371 0.703081 0.466569 0.657454 0.568107 0.574194 0.710679 0.746561 0.641463 0.651954 0.511201 0.564076 0.667974 0.661487 0.627919 0.705870 0.642551 0.531986 0.956353 0.587862 0.677166 0.876897 0.779411 0.883347 0.815330 0.825491 0.944806 0.878534
0.753836 0.777369 0.723397 0.666197 0.853686 0.854307 0.616070 0.623321 0.910848 0.742860 0.823996 0.762141 0.788065 0.700478 0.729948 0.646711 0.800555 0.661987 0.659060 0.773294 0.827145 0.956793 0.680404 0.779595 0.750157 0.681440 0.836589 0.910914 0.889203 0.815768 0.723306 0.722233 0.658337 0.667042 0.718077 0.000000 0.663148 0.826965 0.924807 0.913449 0.753567 0.990090 0.721973 0.822934 0.692456 0.783362 0.742406 0.789761 0.970885 0.910914 0.669906 0.727976 0.750310 0.775880 0.850226 0.914956 0.831669 0.800409 0.770369 0.903276 0.758598 0.795183 0.793445 0.824374 0.681046 0.606239 0.518700 0.536893 0.974140 0.873971 0.592357 0.618984 0.957214 0.851334 0.928678 0.946678 0.595526 0.795552 0.955656 0.985837 0.724491 0.863822 0.716717 0.965806 0.649314 0.642385 0.948271 0.990623 0.803681 0.813370 0.665945 0.790062 0.624107 0.748741 0.769096 0.691231 0.828784 0.645407 0.660845 0.740093 0.740367 0.785774 0.769227 0.777430 0.735343 0.794511 0.989323 0.843066 0.916307 0.921630 0.788476 0.735066 0.887581 0.897051 0.967490 0.981986
0.548971 0.713434 0.514840 0.559500 0.753848 0.823773 0.548840 0.568453 0.537959 0.710437 0.671747 0.689510 0.654444 0.628313 0.549766 0.432317 0.678855 0.566117 0.621070 0.668454 0.722152 0.917473 0.567102 0.700655 0.559126 0.511659 0.891152 0.874648 0.572289 0.541924 0.510079 0.686346 0.501823 0.515044 0.558616 0.663148 0.000000 0.636485 0.872669 0.837493 0.748847 0.849328 0.715637 0.742569 0.657896 0.696365 0.657230 0.750608 0.997751 0.863504 0.647635 0.743974 0.721669 0.754268 0.768986 0.735772 0.751927 0.709711 0.579393 0.855017 0.585222 0.736512 0.566866 0.619251 0.563081 0.659780 0.464897 0.512948 0.782311 0.914058 0.528868 0.514293 0.736200 0.746462 0.984788 0.950179 0.608048 0.724803 0.628580 0.830098 0.559867 0.739132 0.622505 0.625832 0.591594 0.596377 0.967876 0.968516 0.635158 0.662340 0.590599 0.719372 0.568669 0.704580 0.657915 0.890993 0.581102 0.808868 0.562214 0.629351 0.769257 0.890943 0.643021 0.854956 0.578204 0.743072 0.876886 0.587990 0.757461 0.845392 0.806114 0.806941 0.927772 0.821886 0.950368 0.910333
0.818365 0.905283 0.778999 0.817464 0.841340 0.991316 0.821578 0.884452 0.681762 0.911252 0.985500 0.875719 0.897337 0.991464 0.768327 0.730912 0.804202 0.758075 0.939088 0.967646 0.665278 0.997627 0.830916 0.892260 0.706427 0.708626 0.832858 0.970564 0.872806 0.751459 0.807210 0.978483 0.813115 0.808845 0.701186 0.826965 0.636485 0.000000 0.979396 0.862406 0.923893 0.842252 0.933356 0.977390 0.792999 0.890016 0.921880 0.950650 0.936044 0.973444 0.919486 0.916725 0.909306 0.919907 0.808048 0.910771 0.940401 0.881815 0.828357 0.901342 0.824826 0.882363 0.845699 0.731758 0.761312 0.839331 0.694832 0.809402 0.923553 0.983883 0.735385 0.767185 0.997102 0.987567 0.986947 0.819029 0.873908 0.950806 0.895510 0.970872 0.773413 0.874731 0.786148 0.821091 0.869563 0.866229 0.989362 0.881896 0.866164 0.998892 0.737342 0.831076 0.694472 0.757856 0.873130 0.936165 0.738236 0.851108 0.828866 0.893246 0.951639 0.979043 0.916412 0.957015 0.785783 0.811755 0.737553 0.829080 0.796892 0.936626 0.987559 0.853213 0.932717 0.829606 0.877432 0.889662
