0.000000 0.214882 0.503105 0.735102 0.698121 0.982856 0.501116 0.563212 0.872683 0.858958 0.398947 0.317698 0.301768 0.486424 0.706689 0.752662 0.334941 0.371074 0.302653 0.314858 0.864590 0.961682 0.635621 0.767113 0.882080 0.946159 0.952880 0.980551 0.590693 0.504662 0.950961 0.984868 0.386188 0.384694 0.752423 0.854962 0.594184 0.784392 0.857681 0.891141 0.828922 0.990679 0.950871 0.903761 0.974264 0.856457 0.552762 0.517269 0.715392 0.497277 0.567418 0.503491 0.938687 0.818652 0.427499 0.563446 0.293905 0.225128 0.322622 0.346866 0.264422 0.330268 0.253417 0.263539 0.556836 0.620276 0.610784 0.814631 0.315513 0.266115 0.773460 0.961791 0.512046 0.725689 0.699764 0.806089 0.761550 0.837415 0.507961 0.538668 0.261643 0.290419 0.401980 0.359857 0.264508 0.446481 0.592392 0.653026 0.437680 0.497461 0.594276 0.458694 0.579979 0.511887 0.925118 0.911348 0.437885 0.966346 0.940338 0.990973 0.742485 0.841879 0.786415 0.802134 0.717203 0.643545 0.979179 0.959740 0.890743 0.628200 0.988301 0.771139 0.949534 0.861769 0.703011 0.751531
0.214882 0.000000 0.540196 0.693775 0.778221 0.965290 0.587784 0.520200 0.942820 0.812743 0.464176 0.258088 0.357526 0.459527 0.766853 0.723015 0.311332 0.343282 0.342236 0.291448 0.883654 0.998462 0.661513 0.698961 0.896497 0.949922 0.889464 0.980214 0.585519 0.512727 0.996968 0.939105 0.430539 0.433662 0.773267 0.926823 0.607574 0.731679 0.821317 0.837857 0.852480 0.970747 0.867172 0.851370 0.968095 0.893790 0.487555 0.556006 0.787219 0.558113 0.575059 0.508340 0.976889 0.786388 0.460230 0.593663 0.278003 0.202168 0.371465 0.372218 0.325848 0.326899 0.287836 0.267357 0.566080 0.557022 0.643976 0.801674 0.329677 0.279758 0.733788 0.946232 0.562084 0.763314 0.737563 0.780548 0.684589 0.745756 0.465428 0.483655 0.286304 0.306204 0.441718 0.407435 0.309427 0.421116 0.605384 0.693472 0.486454 0.511445 0.548221 0.472161 0.579297 0.497487 0.951283 0.889005 0.473360 0.951599 0.974166 0.994041 0.720297 0.790055 0.857660 0.834454 0.720870 0.615240 0.974802 0.996871 0.887834 0.620155 0.971643 0.772311 0.901443 0.888353 0.673543 0.822746
0.503105 0.540196 0.000000 0.313063 0.949650 0.780902 0.539960 0.590646 0.975579 0.597772 0.795238 0.724152 0.560634 0.716900 0.901544 0.697935 0.779527 0.851945 0.637525 0.679672 0.527925 0.980252 0.744349 0.462264 0.410676 0.487209 0.774302 0.710028 0.947246 0.934635 0.680131 0.982303 0.510390 0.482067 0.457391 0.904097 0.419024 0.693121 0.571054 0.669503 0.713221 0.994647 0.694269 0.711718 0.968497 0.862455 0.496368 0.477478 0.934381 0.707207 0.607698 0.513407 0.917542 0.884984 0.387013 0.523410 0.757456 0.638505 0.396883 0.453433 0.557819 0.705582 0.683461 0.778980 0.266196 0.407926 0.300295 0.390935 0.562715 0.504431 0.682337 0.875710 0.740045 0.811265 0.702810 0.844451 0.630457 0.922143 0.639139 0.751003 0.740154 0.705564 0.745759 0.667550 0.506918 0.300796 0.785751 0.954116 0.553427 0.574756 0.978004 0.784486 0.846701 0.944946 0.920735 0.784857 0.578640 0.747042 0.980218 0.935667 0.985756 0.860178 0.893810 0.949573 0.589709 0.434755 0.883287 0.826940 0.924019 0.737236 0.947209 0.876744 0.885328 0.825319 0.621665 0.985311
0.735102 0.693775 0.313063 0.000000 0.850820 0.651384 0.648952 0.463006 0.888042 0.589340 0.996056 0.824678 0.740688 0.750067 0.961541 0.672771 0.976941 0.975782 0.847291 0.833169 0.567029 0.990832 0.915925 0.393772 0.371833 0.387505 0.800528 0.654382 0.794520 0.784191 0.700579 0.936700 0.697178 0.598373 0.540070 0.703294 0.495581 0.632102 0.440128 0.532029 0.739148 0.924242 0.517133 0.603080 0.907367 0.838012 0.432308 0.465257 0.811275 0.849052 0.596891 0.542922 0.972110 0.908788 0.527793 0.537147 0.933050 0.823606 0.522980 0.571266 0.742622 0.791765 0.902070 0.970688 0.353151 0.318711 0.317066 0.302879 0.803511 0.702128 0.679181 0.921602 0.983730 0.968308 0.779170 0.883798 0.578766 0.784885 0.740480 0.856244 0.979475 0.927911 0.882786 0.812063 0.729334 0.308509 0.878361 0.792958 0.700282 0.650611 0.788620 0.995519 0.632843 0.866883 0.888833 0.732255 0.624329 0.756782 0.980195 0.973403 0.871220 0.887579 0.935588 0.898986 0.532593 0.385826 0.836432 0.732693 0.904973 0.784480 0.897073 0.901022 0.770321 0.781414 0.629745 0.884365
0.698121 0.778221 0.949650 0.850820 0.000000 0.798946 0.825764 0.940934 0.797118 0.855020 0.751409 0.759740 0.657841 0.762881 0.813769 0.861237 0.726779 0.797769 0.707263 0.847840 0.832727 0.966962 0.778376 0.909253 0.799459 0.751220 0.839638 0.857725 0.693377 0.703358 0.829228 0.992042 0.905005 0.881451 0.980170 0.740559 0.870650 0.915803 0.864434 0.937713 0.816613 0.826628 0.886684 0.891618 0.904297 0.881557 0.924827 0.835043 0.780059 0.787693 0.842428 0.858005 0.879964 0.939561 0.961425 0.957950 0.727024 0.811475 0.792848 0.872687 0.708799 0.750022 0.683832 0.660644 0.986487 0.916729 0.884023 0.797410 0.764295 0.792483 0.935727 0.795407 0.898094 0.893876 0.997991 0.966519 0.862810 0.983354 0.841149 0.972581 0.720612 0.799527 0.752117 0.819379 0.699911 0.983738 0.792478 0.761352 0.802087 0.862866 0.721032 0.835683 0.591984 0.731848 0.838386 0.973070 0.889078 0.729224 0.988805 0.995286 0.739151 0.986293 0.962802 0.837805 0.993089 0.954863 0.983190 0.871028 0.985391 0.979890 0.818156 0.841017 0.873207 0.938083 0.945438 0.850757
0.982856 0.965290 0.780902 0.651384 0.798946 0.000000 0.972096 0.805259 0.833327 0.812883 0.962360 0.995027 0.941751 0.969916 0.791747 0.938369 0.951906 0.954042 0.913926 0.973278 0.654903 0.995531 0.749153 0.905850 0.690382 0.557458 0.994790 0.539077 0.844317 0.835808 0.986626 0.943502 0.996600 0.870101 0.813591 0.792443 0.835800 0.950961 0.750756 0.512917 0.639420 0.891168 0.621552 0.633755 0.979765 0.892478 0.782356 0.785128 0.823647 0.882561 0.932671 0.939944 0.874001 0.848297 0.878096 0.741750 0.999874 0.999776 0.886961 0.928553 0.968462 0.979901 0.887533 0.849230 0.787145 0.618330 0.651627 0.558554 0.985270 0.911511 0.901170 0.978005 0.977078 0.950074 0.921140 0.997747 0.879701 0.818147 0.970612 0.837142 0.911553 0.977408 0.865742 0.953360 0.925457 0.741226 0.986090 0.787417 0.936689 0.870385 0.630269 0.774331 0.598358 0.682589 0.935998 0.706964 0.799586 0.661475 0.891997 0.854862 0.667262 0.972320 0.863237 0.880241 0.929681 0.727695 0.941745 0.914861 0.912116 0.990431 0.875626 0.938963 0.906450 0.911906 0.931114 0.752133
0.501116 0.587784 0.539960 0.648952 0.825764 0.972096 0.000000 0.379551 0.583698 0.778949 0.510895 0.551450 0.313825 0.343476 0.501863 0.533922 0.587478 0.597492 0.328179 0.504617 0.837776 0.951468 0.652832 0.749670 0.993622 0.979229 0.893536 0.946605 0.551992 0.605099 0.674909 0.657020 0.354634 0.289879 0.790348 0.967834 0.767503 0.830725 0.984392 0.951981 0.898354 0.954370 0.602941 0.503806 0.527319 0.431874 0.532030 0.342713 0.595001 0.460956 0.429179 0.496404 0.664045 0.777821 0.606618 0.622952 0.622756 0.654202 0.414614 0.574895 0.319050 0.464112 0.438567 0.515785 0.733714 0.717847 0.502746 0.615941 0.784493 0.634522 0.639815 0.725456 0.557261 0.599828 0.780827 0.693202 0.516066 0.679885 0.592319 0.643533 0.637691 0.725389 0.668764 0.711876 0.603095 0.601858 0.885612 0.895984 0.685161 0.784535 0.852006 0.992404 0.998688 0.908912 0.929150 0.945974 0.526953 0.891828 0.528484 0.579031 0.925630 0.731883 0.570740 0.552161 0.669225 0.701295 0.822680 0.718146 0.926729 0.724987 0.749225 0.549060 0.722044 0.618840 0.714143 0.644739
0.563212 0.520200 0.590646 0.463006 0.940934 0.805259 0.379551 0.000000 0.794514 0.936595 0.575614 0.435735 0.501167 0.389251 0.799788 0.545659 0.664852 0.659575 0.516743 0.564932 0.857903 0.923871 0.930646 0.700368 0.913100 0.896455 0.927215 0.987457 0.659079 0.678876 0.836857 0.778662 0.547284 0.384335 0.917694 0.942172 0.680785 0.690162 0.765777 0.745081 0.920374 0.884201 0.453046 0.458821 0.743749 0.508875 0.375841 0.330987 0.688285 0.579535 0.362075 0.431942 0.817435 0.977904 0.566587 0.570531 0.643921 0.606627 0.432600 0.508490 0.422003 0.366324 0.551333 0.553300 0.743460 0.458171 0.502649 0.510055 0.772274 0.582582 0.782249 0.896744 0.750451 0.767952 0.791507 0.732759 0.515665 0.594071 0.643700 0.671157 0.693421 0.747238 0.702012 0.737344 0.738514 0.480982 0.871194 0.903994 0.746545 0.758975 0.841904 0.986411 0.902647 0.880013 0.942391 0.765410 0.513299 0.813260 0.580749 0.600704 0.762167 0.908588 0.643386 0.575200 0.606345 0.523028 0.784649 0.683718 0.863151 0.695748 0.732655 0.568071 0.634876 0.647391 0.632917 0.750711
0.872683 0.942820 0.975579 0.888042 0.797118 0.833327 0.583698 0.794514 0.000000 0.482671 0.789783 0.895345 0.675498 0.688680 0.538939 0.673443 0.840426 0.835614 0.692841 0.906074 0.946862 0.895790 0.728041 0.963420 0.693045 0.671940 0.804433 0.787366 0.630096 0.728828 0.837146 0.799947 0.751535 0.756063 0.946696 0.761697 0.918461 0.905357 0.740408 0.797343 0.883840 0.898600 0.872665 0.714815 0.477980 0.514446 0.856868 0.776474 0.517050 0.635497 0.720186 0.806345 0.522877 0.564943 0.942913 0.977138 0.880688 0.913073 0.850697 0.993602 0.695449 0.763548 0.714147 0.731943 0.888725 0.781855 0.954786 0.916902 0.874245 0.941457 0.984264 0.869868 0.816161 0.864573 0.899331 0.849292 0.894886 0.817319 0.911312 0.966378 0.901826 0.975970 0.910571 0.933854 0.977586 0.893168 0.996961 0.859268 0.995961 0.904135 0.962123 0.874843 0.758280 0.923378 0.885118 0.937415 0.947205 0.897943 0.650016 0.672632 0.931069 0.735878 0.746207 0.661396 0.955887 0.994029 0.818956 0.880825 0.925053 0.932011 0.822583 0.751161 0.811586 0.807765 0.916443 0.664877
0.858958 0.812743 0.597772 0.589340 0.855020 0.812883 0.778949 0.936595 0.482671 0.000000 0.878477 0.998304 0.922905 0.858694 0.625659 0.815873 0.989177 0.947342 0.880400 0.935007 0.757648 0.965565 0.904123 0.627563 0.412444 0.489555 0.654195 0.649222 0.576880 0.681400 0.884447 0.660301 0.979945 0.949236 0.597864 0.886161 0.697959 0.807915 0.496985 0.586054 0.760351 0.962658 0.874290 0.755436 0.399541 0.500062 0.880422 0.961554 0.425208 0.718795 0.810193 0.961497 0.527013 0.441555 0.700063 0.725605 0.969740 0.862919 0.896960 0.866406 0.888738 0.892150 0.919663 0.848093 0.471421 0.516983 0.679235 0.659877 0.693696 0.843722 0.899389 0.809175 0.821451 0.760957 0.931952 0.832452 0.924182 0.885987 0.939196 0.966499 0.945912 0.765069 0.904974 0.761820 0.704632 0.509141 0.860763 0.997863 0.757568 0.722379 0.851138 0.666634 0.848580 0.922944 0.969620 0.870283 0.854296 0.932300 0.517099 0.464826 0.829029 0.677168 0.658481 0.670809 0.862981 0.743132 0.854500 0.815242 0.861704 0.906724 0.774914 0.734424 0.752445 0.811884 0.898062 0.806758
0.398947 0.464176 0.795238 0.996056 0.751409 0.962360 0.510895 0.575614 0.789783 0.878477 0.000000 0.328230 0.429627 0.518196 0.717257 0.818930 0.391413 0.375403 0.392874 0.372269 0.963479 0.978609 0.901284 0.877695 0.759526 0.713297 0.824444 0.797275 0.472519 0.372659 0.862740 0.973927 0.550941 0.464577 0.929843 0.716859 0.884536 0.918532 0.863608 0.929212 0.939254 0.928776 0.992286 0.952235 0.855454 0.787385 0.802559 0.634009 0.625655 0.646478 0.712096 0.753516 0.959604 0.836045 0.717771 0.701455 0.437671 0.426516 0.568011 0.608966 0.358980 0.381660 0.353900 0.355576 0.913931 0.795522 0.835382 0.926550 0.585222 0.517562 0.908133 0.996667 0.494407 0.614274 0.715049 0.862687 0.837934 0.853432 0.636828 0.557634 0.371848 0.400819 0.587059 0.542269 0.586646 0.756620 0.789247 0.790481 0.724732 0.764099 0.780697 0.668306 0.683463 0.600326 0.789290 0.945550 0.639974 0.937541 0.803768 0.959502 0.956330 0.968669 0.686438 0.737081 0.926315 0.896136 0.904466 0.940896 0.858873 0.763604 0.907374 0.762788 0.941534 0.818315 0.816775 0.652183
0.317698 0.258088 0.724152 0.824678 0.759740 0.995027 0.551450 0.435735 0.895345 0.998304 0.328230 0.000000 0.402263 0.404978 0.765020 0.721114 0.323201 0.328232 0.349806 0.317095 0.973776 0.934205 0.813386 0.897853 0.854292 0.762802 0.966223 0.866328 0.447296 0.365619 0.894408 0.999363 0.500512 0.453365 0.969521 0.837076 0.751774 0.800728 0.988039 0.935522 0.973914 0.961088 0.856667 0.853067 0.919576 0.814664 0.559238 0.577363 0.682958 0.587461 0.584905 0.595158 0.964820 0.796581 0.634147 0.687247 0.298139 0.282907 0.476031 0.483009 0.316068 0.247570 0.286039 0.252359 0.842398 0.624943 0.771888 0.861340 0.449203 0.387097 0.871291 0.914537 0.554599 0.747487 0.730390 0.708804 0.746681 0.728204 0.507542 0.498210 0.307586 0.352764 0.497799 0.508752 0.492751 0.571711 0.692621 0.751454 0.642815 0.670910 0.671092 0.571226 0.624407 0.507303 0.867379 0.921060 0.528283 0.982725 0.849318 0.869357 0.891748 0.944167 0.744930 0.696574 0.825124 0.741176 0.961111 0.935724 0.849202 0.663380 0.855490 0.710316 0.838077 0.844155 0.713837 0.713573
0.301768 0.357526 0.560634 0.740688 0.657841 0.941751 0.313825 0.501167 0.675498 0.922905 0.429627 0.402263 0.000000 0.352509 0.476694 0.517815 0.374700 0.417375 0.261895 0.355184 0.857844 0.929855 0.507437 0.706397 0.994782 0.845895 0.991312 0.935907 0.492151 0.497917 0.837776 0.824501 0.344443 0.341526 0.795445 0.900069 0.744222 0.831176 0.910554 0.976936 0.852751 0.984408 0.843010 0.736146 0.744285 0.640072 0.554084 0.439256 0.648886 0.460344 0.527428 0.529449 0.800275 0.941525 0.571764 0.657728 0.420793 0.409895 0.402607 0.513000 0.258133 0.389160 0.258971 0.329687 0.623770 0.739816 0.657994 0.818907 0.554219 0.457567 0.705906 0.889853 0.525994 0.662511 0.818923 0.759632 0.581998 0.764246 0.529482 0.528469 0.408987 0.481463 0.472684 0.489337 0.348155 0.525024 0.669365 0.643771 0.555817 0.584551 0.781835 0.687861 0.662436 0.624946 0.978690 0.973454 0.538915 0.993296 0.756794 0.794778 0.811008 0.969282 0.757547 0.665614 0.707923 0.705170 0.972592 0.921939 0.969295 0.798997 0.930153 0.660453 0.805075 0.795625 0.714653 0.658311
0.486424 0.459527 0.716900 0.750067 0.762881 0.969916 0.343476 0.389251 0.688680 0.858694 0.518196 0.404978 0.352509 0.000000 0.574163 0.493324 0.452893 0.427042 0.321615 0.372404 0.980223 0.985430 0.618535 0.690149 0.871934 0.846787 0.998591 0.898914 0.424442 0.468890 0.839933 0.666056 0.412064 0.399464 0.901894 0.962723 0.821745 0.760946 0.941629 0.953023 0.977223 0.875720 0.684931 0.587915 0.686625 0.555983 0.503000 0.451713 0.657407 0.563672 0.544177 0.596233 0.850110 0.933045 0.726638 0.750470 0.438025 0.518492 0.565274 0.691434 0.396235 0.428174 0.378564 0.395581 0.821157 0.728020 0.733853 0.803080 0.733965 0.620248 0.703373 0.781566 0.689377 0.707043 0.865652 0.649190 0.600535 0.603214 0.509805 0.543680 0.473154 0.559307 0.495480 0.597854 0.522806 0.569519 0.836339 0.677885 0.709903 0.676322 0.924032 0.898964 0.803311 0.753006 0.949763 0.922906 0.550868 0.965184 0.682265 0.643235 0.909757 0.861742 0.693320 0.641621 0.752864 0.814846 0.972118 0.872094 0.955943 0.675945 0.804630 0.657896 0.737465 0.683764 0.790217 0.640790
0.706689 0.766853 0.901544 0.961541 0.813769 0.791747 0.501863 0.799788 0.538939 0.625659 0.717257 0.765020 0.476694 0.574163 0.000000 0.443952 0.618579 0.623407 0.558077 0.695668 0.983013 0.940085 0.436018 0.844329 0.822503 0.726394 0.940752 0.879063 0.506371 0.578005 0.644199 0.578265 0.541913 0.665467 0.994919 0.858675 0.992527 0.921055 0.743738 0.713325 0.958028 0.944049 0.972839 0.793635 0.689013 0.686488 0.853018 0.763401 0.689765 0.659189 0.853013 0.871170 0.725207 0.769421 0.901495 0.935563 0.724812 0.765816 0.830269 0.953828 0.635832 0.747389 0.540374 0.588233 0.912009 0.788858 0.958131 0.819120 0.998806 0.877572 0.810445 0.819579 0.736238 0.856787 0.905228 0.739402 0.763900 0.859445 0.752433 0.751804 0.693913 0.854522 0.635200 0.714149 0.701129 0.915206 0.816646 0.699253 0.855167 0.841602 0.898976 0.978476 0.674401 0.797725 0.943414 0.856328 0.902241 0.844169 0.691089 0.752658 0.750178 0.876467 0.820422 0.792814 0.977431 0.926600 0.957671 0.864046 0.946039 0.998679 0.983312 0.654758 0.890972 0.718156 0.968146 0.698390
0.752662 0.723015 0.697935 0.672771 0.861237 0.938369 0.533922 0.545659 0.673443 0.815873 0.818930 0.721114 0.517815 0.493324 0.443952 0.000000 0.721561 0.741850 0.657347 0.734276 0.817133 0.964568 0.591547 0.632336 0.916791 0.956092 0.861871 0.898914 0.663939 0.782596 0.647489 0.677996 0.608380 0.651293 0.907225 0.986571 0.799260 0.871831 0.886793 0.918173 0.956424 0.889063 0.621684 0.546394 0.799976 0.616098 0.581215 0.569861 0.824355 0.753567 0.682223 0.706050 0.727530 0.786256 0.854250 0.985454 0.768943 0.785778 0.741016 0.845881 0.678428 0.710771 0.642299 0.695829 0.728703 0.851271 0.830488 0.875459 0.974692 0.795355 0.762817 0.818350 0.871086 0.802419 0.879437 0.653918 0.612324 0.765880 0.700033 0.749385 0.829946 0.939238 0.707307 0.768975 0.771375 0.653951 0.899891 0.938059 0.883648 0.763891 0.953373 0.900742 0.896791 0.971398 0.986569 0.954578 0.832114 0.932272 0.712855 0.705856 0.904510 0.996504 0.809879 0.700567 0.792217 0.763963 0.961013 0.752513 0.985422 0.968928 0.876256 0.649147 0.598924 0.565915 0.748542 0.901719
0.334941 0.311332 0.779527 0.976941 0.726779 0.951906 0.587478 0.664852 0.840426 0.989177 0.391413 0.323201 0.374700 0.452893 0.618579 0.721561 0.000000 0.217767 0.310947 0.282951 0.933877 0.990838 0.662492 0.876403 0.839295 0.712028 0.936060 0.910536 0.393449 0.315637 0.992294 0.918067 0.423808 0.480364 0.980115 0.800049 0.789971 0.840030 0.900874 0.979073 0.921624 0.873906 0.930195 0.882784 0.910988 0.862062 0.693476 0.715333 0.716190 0.660448 0.762094 0.752076 0.948657 0.825686 0.723294 0.770914 0.236179 0.284322 0.591576 0.648854 0.413010 0.425666 0.290907 0.268901 0.795162 0.800942 0.851246 0.999377 0.500071 0.500752 0.764176 0.935550 0.558041 0.765366 0.817150 0.750494 0.829090 0.708093 0.419164 0.422393 0.247526 0.303266 0.444397 0.465729 0.407836 0.639549 0.703757 0.617362 0.646110 0.666959 0.617842 0.636256 0.534997 0.575063 0.851341 0.959024 0.585523 0.975513 0.920180 0.958340 0.720495 0.969223 0.731304 0.741493 0.874561 0.887496 0.910610 0.872376 0.917587 0.787299 0.985515 0.755464 0.959713 0.745699 0.769850 0.738028
0.371074 0.343282 0.851945 0.975782 0.797769 0.954042 0.597492 0.659575 0.835614 0.947342 0.375403 0.328232 0.417375 0.427042 0.623407 0.741850 0.217767 0.000000 0.326859 0.238835 0.959531 0.985062 0.703885 0.906161 0.782747 0.664265 0.908341 0.873578 0.347226 0.273885 0.981606 0.883316 0.438700 0.514560 0.990043 0.855554 0.833807 0.768086 0.890481 0.943973 0.895313 0.867853 0.939894 0.873138 0.900881 0.879402 0.753784 0.745232 0.744208 0.723145 0.817049 0.837704 0.875257 0.801162 0.799828 0.818139 0.249189 0.314817 0.656767 0.712004 0.471213 0.458423 0.313130 0.283017 0.867331 0.839046 0.881178 0.968526 0.512859 0.519635 0.717433 0.880479 0.528082 0.703664 0.842806 0.750565 0.796928 0.658506 0.429139 0.413641 0.268101 0.304979 0.470887 0.499503 0.477318 0.696940 0.722224 0.604821 0.702276 0.758124 0.651277 0.675798 0.555505 0.625012 0.780847 0.955935 0.588241 0.915321 0.874922 0.903029 0.740699 0.950774 0.715665 0.722077 0.826847 0.951545 0.949928 0.846099 0.950741 0.754663 0.924568 0.745800 0.968348 0.747938 0.852753 0.711744
0.302653 0.342236 0.637525 0.847291 0.707263 0.913926 0.328179 0.516743 0.692841 0.880400 0.392874 0.349806 0.261895 0.321615 0.558077 0.657347 0.310947 0.326859 0.000000 0.291487 0.929632 0.999763 0.531202 0.769300 0.888525 0.761959 0.981584 0.879668 0.391318 0.362673 0.823660 0.800813 0.329830 0.336198 0.876555 0.925208 0.807288 0.818468 0.922928 0.984697 0.953181 0.950125 0.850010 0.752573 0.733926 0.673922 0.617065 0.496934 0.608407 0.470906 0.554889 0.569957 0.869862 0.977211 0.621672 0.699712 0.324918 0.367863 0.432329 0.517404 0.283179 0.366703 0.246589 0.270374 0.787069 0.803420 0.679997 0.884316 0.529573 0.466785 0.665293 0.818917 0.497020 0.688647 0.788465 0.745415 0.681855 0.715251 0.469415 0.517558 0.320676 0.399222 0.484106 0.525886 0.406378 0.608993 0.779165 0.651120 0.620981 0.665447 0.797147 0.695659 0.671593 0.606206 0.974667 0.975321 0.491428 0.982328 0.749263 0.753697 0.830691 0.882455 0.653465 0.657074 0.762673 0.800021 0.960467 0.934665 0.926367 0.687300 0.858629 0.661178 0.878573 0.754382 0.761307 0.642216
0.314858 0.291448 0.679672 0.833169 0.847840 0.973278 0.504617 0.564932 0.906074 0.935007 0.372269 0.317095 0.355184 0.372404 0.695668 0.734276 0.282951 0.238835 0.291487 0.000000 0.955761 0.999234 0.682296 0.793915 0.949845 0.840613 0.915259 0.921070 0.466622 0.364674 0.921899 0.887894 0.414291 0.428776 0.898488 0.936432 0.725565 0.663780 0.936329 0.968541 0.872173 0.861247 0.866543 0.822689 0.928483 0.875027 0.661149 0.636349 0.795169 0.688404 0.717437 0.721945 0.884968 0.801677 0.650177 0.701284 0.265030 0.296360 0.526752 0.578592 0.395317 0.433385 0.308256 0.312159 0.723475 0.688011 0.719353 0.864374 0.475995 0.460361 0.591736 0.828649 0.514620 0.657892 0.819166 0.799606 0.641796 0.668473 0.418003 0.420832 0.289926 0.303952 0.465734 0.471957 0.396282 0.560820 0.712371 0.658650 0.616483 0.657008 0.673759 0.646453 0.664461 0.663837 0.858690 0.970234 0.529975 0.937020 0.895390 0.915683 0.774191 0.965458 0.715370 0.766978 0.701382 0.820577 0.979948 0.933482 0.935140 0.650206 0.921610 0.781965 0.945094 0.796424 0.762650 0.743397
0.864590 0.883654 0.527925 0.567029 0.832727 0.654903 0.837776 0.857903 0.946862 0.757648 0.963479 0.973776 0.857844 0.980223 0.983013 0.817133 0.933877 0.959531 0.929632 0.955761 0.000000 0.951365 0.918912 0.680657 0.527795 0.515086 0.717396 0.663471 0.798263 0.789473 0.686985 0.920789 0.816209 0.801820 0.624345 0.741380 0.686635 0.720466 0.617743 0.647583 0.822748 0.964239 0.728267 0.678179 0.970135 0.847207 0.717122 0.723680 0.872979 0.896030 0.799468 0.732991 0.962645 0.992192 0.751889 0.774959 0.996907 0.924187 0.712754 0.800109 0.913049 0.979919 0.973803 0.944796 0.527790 0.671071 0.544245 0.575837 0.877238 0.803283 0.808648 0.843541 0.903579 0.922707 0.907217 0.929740 0.666613 0.842073 0.930017 0.912083 0.954660 0.970939 0.967369 0.980454 0.877284 0.597371 0.986631 0.826246 0.906823 0.790976 0.803765 0.947762 0.736964 0.829927 0.888681 0.793992 0.759751 0.878368 0.973884 0.983677 0.827352 0.911108 0.924098 0.986058 0.725067 0.616790 0.997520 0.987914 0.989547 0.989420 0.954400 0.983098 0.923302 0.860262 0.759136 0.907840
0.961682 0.998462 0.980252 0.990832 0.966962 0.995531 0.951468 0.923871 0.895790 0.965565 0.978609 0.934205 0.929855 0.985430 0.940085 0.964568 0.990838 0.985062 0.999763 0.999234 0.951365 0.000000 0.966543 0.966648 0.968830 0.949297 0.891253 0.982865 0.984929 0.938455 0.888894 0.983806 0.912016 0.958835 0.988310 0.991862 0.983409 0.987877 0.977747 0.877409 0.885203 0.739805 0.892396 0.912555 0.974994 0.992241 0.960689 0.980657 0.993449 0.929971 0.985241 0.986495 0.969694 0.952886 0.857263 0.999996 0.959267 0.969974 0.978489 0.963853 0.963170 0.995749 0.946057 0.998218 0.926592 0.986661 0.968945 0.986412 0.947548 0.959684 0.918214 0.961985 0.962983 0.950357 0.901836 0.976090 0.986777 0.804994 0.968533 0.898637 0.991811 0.984173 0.833543 0.978730 0.861722 0.966279 0.924535 0.835254 0.795745 0.927519 0.972428 0.946763 0.960077 0.995733 0.902171 0.880725 0.867309 0.928995 0.978935 0.963862 0.934434 0.813958 0.968544 0.953340 0.989873 0.865291 0.962666 0.921031 0.909433 0.953697 0.939622 0.975341 0.995631 0.906451 0.985153 0.876907
0.635621 0.661513 0.744349 0.915925 0.778376 0.749153 0.652832 0.930646 0.728041 0.904123 0.901284 0.813386 0.507437 0.618535 0.436018 0.591547 0.662492 0.703885 0.531202 0.682296 0.918912 0.966543 0.000000 0.563401 0.926211 0.863351 0.788227 0.980883 0.654290 0.717237 0.590022 0.729032 0.551505 0.775184 0.787140 0.978030 0.871453 0.977937 0.901402 0.770740 0.938453 0.974591 0.943889 0.915193 0.883734 0.877925 0.807791 0.760749 0.844560 0.612869 0.843637 0.753989 0.705916 0.749964 0.811043 0.949104 0.679714 0.701369 0.754516 0.785481 0.667761 0.819290 0.552792 0.582662 0.754780 0.846980 0.953388 0.843665 0.801961 0.761978 0.750230 0.783070 0.828453 0.969922 0.933802 0.834952 0.818237 0.995596 0.615512 0.746196 0.638217 0.781616 0.644931 0.690860 0.511490 0.757962 0.813905 0.558271 0.738248 0.638809 0.752276 0.780272 0.628697 0.667811 0.910063 0.837373 0.826864 0.880596 0.959811 0.925574 0.571943 0.947536 0.966240 0.910463 0.974651 0.971402 0.971393 0.950727 0.872421 0.918504 0.954008 0.884240 0.941577 0.949558 0.920742 0.865016
0.767113 0.698961 0.462264 0.393772 0.909253 0.905850 0.749670 0.700368 0.963420 0.627563 0.877695 0.897853 0.706397 0.690149 0.844329 0.632336 0.876403 0.906161 0.769300 0.793915 0.680657 0.966648 0.563401 0.000000 0.458270 0.613403 0.620569 0.726194 0.970743 0.928378 0.672478 0.855117 0.692258 0.748898 0.587966 0.796542 0.609231 0.712251 0.596787 0.784784 0.821123 0.897127 0.768548 0.761652 0.854567 0.984203 0.565658 0.638754 0.767238 0.916894 0.845188 0.753849 0.957592 0.920183 0.686616 0.792004 0.840085 0.784513 0.738677 0.801605 0.858075 0.923529 0.834676 0.898877 0.437576 0.609196 0.597140 0.671515 0.810401 0.775057 0.654678 0.841042 0.934182 0.831226 0.897614 0.863709 0.719084 0.823512 0.675149 0.893054 0.859350 0.842118 0.720958 0.692561 0.595816 0.391123 0.741777 0.851786 0.750071 0.620650 0.987120 0.874932 0.921222 0.988892 0.955282 0.828331 0.814110 0.927473 0.886361 0.965030 0.821484 0.887335 0.849495 0.900752 0.652025 0.629041 0.923679 0.902116 0.940911 0.843063 0.961325 0.992015 0.937743 0.894625 0.833326 0.967047
0.882080 0.896497 0.410676 0.371833 0.799459 0.690382 0.993622 0.913100 0.693045 0.412444 0.759526 0.854292 0.994782 0.871934 0.822503 0.916791 0.839295 0.782747 0.888525 0.949845 0.527795 0.968830 0.926211 0.458270 0.000000 0.284705 0.633464 0.541734 0.546774 0.560530 0.712819 0.827578 0.902165 0.911524 0.464879 0.714711 0.516320 0.729537 0.420095 0.576484 0.744998 0.884975 0.836841 0.897715 0.650171 0.815576 0.723818 0.764400 0.575277 0.893346 0.948969 0.811612 0.877604 0.787164 0.590676 0.680731 0.901837 0.963123 0.748466 0.745044 0.944348 0.869237 0.869026 0.786409 0.330234 0.522756 0.496731 0.513965 0.821947 0.787313 0.773167 0.945502 0.895755 0.869059 0.948006 0.922708 0.836150 0.969891 0.946431 0.966413 0.906629 0.993706 0.988169 0.832664 0.769396 0.457320 0.836147 0.847288 0.731290 0.669495 0.920369 0.917134 0.678577 0.822099 0.930466 0.796599 0.824956 0.787091 0.725657 0.747591 0.990925 0.765181 0.797389 0.822309 0.705356 0.535641 0.911227 0.918559 0.929491 0.920688 0.850498 0.847637 0.993658 0.994612 0.805475 0.715690
0.946159 0.949922 0.487209 0.387505 0.751220 0.557458 0.979229 0.896455 0.671940 0.489555 0.713297 0.762802 0.845895 0.846787 0.726394 0.956092 0.712028 0.664265 0.761959 0.840613 0.515086 0.949297 0.863351 0.613403 0.284705 0.000000 0.785880 0.495960 0.504219 0.487248 0.719771 0.971994 0.993111 0.936064 0.508102 0.699275 0.583149 0.764972 0.464949 0.512766 0.723025 0.968259 0.682776 0.766327 0.755810 0.908486 0.736605 0.830513 0.576658 0.827601 0.936356 0.851758 0.903698 0.853705 0.692423 0.681107 0.790002 0.877870 0.820221 0.845259 0.849396 0.767446 0.710149 0.636921 0.443539 0.498148 0.454916 0.419220 0.951149 0.974734 0.774598 0.883072 0.862737 0.953071 0.961071 0.933254 0.833816 0.923955 0.965685 0.976820 0.731560 0.854676 0.850015 0.957695 0.985195 0.558537 0.916601 0.643009 0.899294 0.805733 0.720074 0.848136 0.477452 0.626589 0.856504 0.740796 0.872316 0.772043 0.812019 0.810047 0.844856 0.870626 0.923556 0.805547 0.734241 0.573639 0.853178 0.922713 0.928613 0.976514 0.936230 0.857341 0.957146 0.949705 0.829369 0.649266
0.952880 0.889464 0.774302 0.800528 0.839638 0.994790 0.893536 0.927215 0.804433 0.654195 0.824444 0.966223 0.991312 0.998591 0.940752 0.861871 0.936060 0.908341 0.981584 0.915259 0.717396 0.891253 0.788227 0.620569 0.633464 0.785880 0.000000 0.871015 0.969665 0.931629 0.790654 0.931414 0.891391 0.958777 0.862259 0.691748 0.770096 0.746984 0.802632 0.968137 0.935459 0.829468 0.960775 0.952319 0.682971 0.738141 0.926760 0.942456 0.666829 0.838792 0.864482 0.930683 0.779424 0.801093 0.861475 0.932599 0.923726 0.915478 0.962105 0.967132 0.863310 0.873714 0.987616 0.985756 0.668017 0.845976 0.872601 0.946180 0.840199 0.951288 0.801877 0.897470 0.888955 0.834154 0.917937 0.873811 0.943605 0.987072 0.831526 0.905158 0.900904 0.886566 0.742892 0.881498 0.777745 0.714605 0.866548 0.838622 0.790209 0.860105 0.864816 0.874851 0.993379 0.964553 0.978874 0.999100 0.955016 0.999530 0.813473 0.831255 0.854816 0.790073 0.766176 0.791865 0.883109 0.921104 0.962992 0.868105 0.949755 0.998175 0.809225 0.930913 0.874598 0.879314 0.946581 0.742591
0.980551 0.980214 0.710028 0.654382 0.857725 0.539077 0.946605 0.987457 0.787366 0.649222 0.797275 0.866328 0.935907 0.898914 0.879063 0.898914 0.910536 0.873578 0.879668 0.921070 0.663471 0.982865 0.980883 0.726194 0.541734 0.495960 0.871015 0.000000 0.754311 0.687941 0.918735 0.971577 0.965144 0.995271 0.615831 0.716298 0.844022 0.981861 0.693623 0.600932 0.704380 0.907913 0.731761 0.820933 0.837494 0.944818 0.812216 0.824735 0.718544 0.846146 0.994813 0.927004 0.901726 0.915867 0.800994 0.746711 0.909689 0.946896 0.872293 0.920016 0.903495 0.856371 0.868487 0.794230 0.620274 0.721947 0.670151 0.682236 0.978163 0.905928 0.791226 0.983581 0.846041 0.927619 0.967161 0.988196 0.815711 0.885004 0.875012 0.894982 0.873487 0.939742 0.879237 0.993575 0.979371 0.711825 0.971651 0.779514 0.948279 0.807601 0.807280 0.884424 0.694563 0.765224 0.926019 0.980818 0.951077 0.856347 0.942120 0.885470 0.999915 0.816920 0.989855 0.841629 0.948988 0.718241 0.863445 0.995409 0.969630 0.970147 0.953377 0.810354 0.938408 0.929912 0.966450 0.667391
0.590693 0.585519 0.947246 0.794520 0.693377 0.844317 0.551992 0.659079 0.630096 0.576880 0.472519 0.447296 0.492151 0.424442 0.506371 0.663939 0.393449 0.347226 0.391318 0.466622 0.798263 0.984929 0.654290 0.970743 0.546774 0.504219 0.969665 0.754311 0.000000 0.236938 0.978205 0.713353 0.551395 0.569211 0.783292 0.785712 0.984112 0.989608 0.626807 0.772974 0.902419 0.942768 0.885927 0.772883 0.636086 0.654844 0.827363 0.743831 0.501665 0.627088 0.754178 0.852777 0.845803 0.900137 0.958809 0.959894 0.420670 0.546325 0.765394 0.834793 0.522280 0.486892 0.382340 0.349215 0.829793 0.894065 0.920507 0.805470 0.769700 0.729173 0.854520 0.846858 0.625718 0.768965 0.947555 0.697090 0.827449 0.752874 0.545996 0.564544 0.433517 0.568441 0.553475 0.747388 0.707189 0.945430 0.882507 0.657667 0.851334 0.907204 0.840543 0.918964 0.593623 0.675926 0.908961 0.929898 0.765690 0.853042 0.652829 0.639468 0.898892 0.821340 0.651578 0.588581 0.995766 0.876874 0.966403 0.962562 0.892427 0.820429 0.812807 0.633111 0.867258 0.699842 0.951200 0.660351
0.504662 0.512727 0.934635 0.784191 0.703358 0.835808 0.605099 0.678876 0.728828 0.681400 0.372659 0.365619 0.497917 0.468890 0.578005 0.782596 0.315637 0.273885 0.362673 0.364674 0.789473 0.938455 0.717237 0.928378 0.560530 0.487248 0.931629 0.687941 0.236938 0.000000 0.979216 0.748767 0.550671 0.596065 0.734392 0.751535 0.992498 0.914021 0.635597 0.763578 0.918752 0.876871 0.995445 0.915832 0.788691 0.812876 0.885462 0.828791 0.598887 0.705637 0.842902 0.920531 0.993245 0.914101 0.938697 0.965113 0.331691 0.452008 0.770977 0.808473 0.512305 0.466692 0.371799 0.309311 0.816040 0.946530 0.915158 0.782289 0.677617 0.674165 0.848938 0.893069 0.542760 0.763978 0.849640 0.739741 0.927086 0.742775 0.547348 0.544827 0.335610 0.433126 0.547733 0.653834 0.656354 0.930355 0.803491 0.636758 0.840786 0.898123 0.746573 0.776680 0.546585 0.615863 0.818981 0.932518 0.719974 0.876083 0.756472 0.754615 0.859378 0.790962 0.621904 0.600134 0.947328 0.916589 0.939465 0.911880 0.994384 0.791537 0.866809 0.701177 0.973367 0.775696 0.935866 0.632802
0.950961 0.996968 0.680131 0.700579 0.829228 0.986626 0.674909 0.836857 0.837146 0.884447 0.862740 0.894408 0.837776 0.839933 0.644199 0.647489 0.992294 0.981606 0.823660 0.921899 0.686985 0.888894 0.590022 0.672478 0.712819 0.719771 0.790654 0.918735 0.978205 0.979216 0.000000 0.621631 0.697114 0.786465 0.753155 0.748995 0.710080 0.822209 0.958947 0.974379 0.954508 0.909572 0.687660 0.632915 0.781977 0.764780 0.858042 0.780894 0.967259 0.791417 0.794852 0.792979 0.655414 0.667618 0.849109 0.993972 0.987782 0.965652 0.845593 0.895994 0.932216 0.937449 0.964100 0.992343 0.749751 0.998625 0.716778 0.820003 0.895849 0.978369 0.626463 0.548151 0.870993 0.891726 0.839485 0.834910 0.626454 0.833527 0.790164 0.832917 0.955719 0.840136 0.989681 0.898710 0.947383 0.829031 0.872665 0.853365 0.988686 0.932782 0.824776 0.792311 0.823397 0.800731 0.965038 0.982403 0.871799 0.938424 0.899667 0.828921 0.987905 0.824291 0.751809 0.888063 0.735531 0.848302 0.858690 0.742410 0.969246 0.954143 0.931987 0.817113 0.868430 0.762003 0.903783 0.908763
0.984868 0.939105 0.982303 0.936700 0.992042 0.943502 0.657020 0.778662 0.799947 0.660301 0.973927 0.999363 0.824501 0.666056 0.578265 0.677996 0.918067 0.883316 0.800813 0.887894 0.920789 0.983806 0.729032 0.855117 0.827578 0.971994 0.931414 0.971577 0.713353 0.748767 0.621631 0.000000 0.716549 0.809754 0.905392 0.838780 0.977546 0.993511 0.827069 0.801929 0.990829 0.870548 0.718202 0.659406 0.703460 0.694337 0.893197 0.852792 0.837691 0.850340 0.855512 0.944144 0.739172 0.718750 0.945959 0.933849 0.957242 0.910844 0.996455 0.929108 0.920361 0.983419 0.911721 0.915865 0.874047 0.865207 0.942309 0.995517 0.825112 0.830700 0.752781 0.597433 0.864625 0.881471 0.993485 0.686031 0.801552 0.676815 0.816204 0.877250 0.988065 0.891844 0.933351 0.930691 0.949617 0.966989 0.774960 0.966184 0.864133 0.974958 0.719166 0.679464 0.841413 0.857793 0.991710 0.964760 0.974151 0.939272 0.603291 0.585933 0.912651 0.669027 0.583292 0.740619 0.898299 0.992443 0.740841 0.771748 0.834482 0.947520 0.830443 0.779412 0.830286 0.738669 0.879179 0.902652
0.386188 0.430539 0.510390 0.697178 0.905005 0.996600 0.354634 0.547284 0.751535 0.979945 0.550941 0.500512 0.344443 0.412064 0.541913 0.608380 0.423808 0.438700 0.329830 0.414291 0.816209 0.912016 0.551505 0.692258 0.902165 0.993111 0.891391 0.965144 0.551395 0.550671 0.697114 0.716549 0.000000 0.329267 0.700174 0.954825 0.631489 0.851897 0.924476 0.912956 0.779423 0.917629 0.749926 0.640154 0.788007 0.682557 0.555339 0.536420 0.740364 0.523657 0.577010 0.571517 0.802611 0.985515 0.550326 0.652702 0.425902 0.467314 0.443104 0.527759 0.390596 0.506117 0.346567 0.423556 0.644100 0.716953 0.541235 0.705329 0.574429 0.542340 0.614468 0.754691 0.524201 0.730205 0.775379 0.702605 0.598240 0.717336 0.455868 0.527838 0.440288 0.500584 0.578707 0.573147 0.436347 0.498620 0.882063 0.748362 0.596521 0.670446 0.917031 0.791917 0.840506 0.739406 0.961948 0.969873 0.454942 0.893724 0.771182 0.811545 0.897748 0.909693 0.656882 0.713789 0.761868 0.690936 0.939475 0.917489 0.989069 0.703171 0.802107 0.668281 0.843416 0.673913 0.713669 0.782295
0.384694 0.433662 0.482067 0.598373 0.881451 0.870101 0.289879 0.384335 0.756063 0.949236 0.464577 0.453365 0.341526 0.399464 0.665467 0.651293 0.480364 0.514560 0.336198 0.428776 0.801820 0.958835 0.775184 0.748898 0.911524 0.936064 0.958777 0.995271 0.569211 0.596065 0.786465 0.809754 0.329267 0.000000 0.788783 0.951714 0.656809 0.801178 0.887832 0.797760 0.748340 0.956890 0.616580 0.561084 0.687510 0.493750 0.483485 0.354165 0.583673 0.456291 0.409123 0.464905 0.806962 0.950145 0.502054 0.504800 0.474516 0.460366 0.334635 0.455186 0.305977 0.389972 0.401401 0.448890 0.632948 0.589813 0.459395 0.582091 0.617337 0.487638 0.690093 0.822919 0.575551 0.651986 0.709559 0.735904 0.510414 0.691199 0.514128 0.556682 0.483733 0.542695 0.581021 0.592710 0.504390 0.470503 0.875201 0.879113 0.629735 0.623816 0.991961 0.837123 0.947310 0.828418 0.957644 0.820469 0.492769 0.838697 0.684807 0.727902 0.921921 0.896001 0.655802 0.656408 0.691626 0.616909 0.881063 0.869610 0.984604 0.676541 0.758810 0.559771 0.775866 0.587704 0.671148 0.763493
0.752423 0.773267 0.457391 0.540070 0.980170 0.813591 0.790348 0.917694 0.946696 0.597864 0.929843 0.969521 0.795445 0.901894 0.994919 0.907225 0.980115 0.990043 0.876555 0.898488 0.624345 0.988310 0.787140 0.587966 0.464879 0.508102 0.862259 0.615831 0.783292 0.734392 0.753155 0.905392 0.700174 0.788783 0.000000 0.802217 0.553209 0.761767 0.546309 0.671226 0.725174 0.979215 0.880599 0.832423 0.945876 0.972701 0.733186 0.719324 0.770423 0.911670 0.851169 0.749906 0.941231 0.984499 0.629370 0.683718 0.950584 0.866864 0.681616 0.746800 0.862304 0.949759 0.926569 0.976907 0.402858 0.673956 0.491157 0.548996 0.747253 0.763330 0.663472 0.805836 0.901532 0.870068 0.961997 0.991451 0.760332 0.859086 0.818982 0.900181 0.996535 0.902175 0.969804 0.850040 0.684885 0.569044 0.985337 0.983129 0.731506 0.725656 0.968083 0.928539 0.881088 0.895445 0.766699 0.971098 0.748415 0.960563 0.826158 0.808715 0.729598 0.959869 0.921321 0.955339 0.707221 0.582656 0.884410 0.939952 0.847254 0.929493 0.882805 0.833427 0.996027 0.980459 0.798517 0.982996
0.854962 0.926823 0.904097 0.703294 0.740559 0.792443 0.967834 0.942172 0.761697 0.886161 0.716859 0.837076 0.900069 0.962723 0.858675 0.986571 0.800049 0.855554 0.925208 0.936432 0.741380 0.991862 0.978030 0.796542 0.714711 0.699275 0.691748 0.716298 0.785712 0.751535 0.748995 0.838780 0.954825 0.951714 0.802217 0.000000 0.881956 0.737240 0.738724 0.806477 0.971662 0.934862 0.762624 0.803271 0.920804 0.967563 0.915461 0.904007 0.775527 0.908144 0.955654 0.947197 0.907668 0.951476 0.926034 0.973151 0.801554 0.829859 0.982677 0.959835 0.838523 0.772977 0.772266 0.771776 0.864695 0.876399 0.740684 0.772952 0.907115 0.971747 0.712514 0.793427 0.971857 0.927529 0.796175 0.870903 0.676152 0.789014 0.933035 0.980469 0.756453 0.796737 0.857901 0.781035 0.868650 0.938289 0.851429 0.834179 0.955004 0.990057 0.756401 0.773048 0.619347 0.690703 0.848796 0.925289 0.896047 0.906793 0.981945 0.867853 0.925123 0.975578 0.941627 0.867224 0.761386 0.758346 0.834127 0.815534 0.914720 0.959101 0.949741 0.929670 0.915005 0.988818 0.996982 0.751557
0.594184 0.607574 0.419024 0.495581 0.870650 0.835800 0.767503 0.680785 0.918461 0.697959 0.884536 0.751774 0.744222 0.821745 0.992527 0.799260 0.789971 0.833807 0.807288 0.725565 0.686635 0.983409 0.871453 0.609231 0.516320 0.583149 0.770096 0.844022 0.984112 0.992498 0.710080 0.977546 0.631489 0.656809 0.553209 0.881956 0.000000 0.648573 0.621869 0.759294 0.742454 0.938145 0.735666 0.761699 0.913632 0.952823 0.583353 0.646052 0.933850 0.814320 0.714987 0.660034 0.908480 0.875552 0.501226 0.611380 0.723768 0.636623 0.590520 0.580679 0.723834 0.798475 0.768340 0.802188 0.465402 0.561087 0.497003 0.592835 0.612864 0.610415 0.762936 0.838760 0.720222 0.824165 0.819254 0.834579 0.688688 0.835964 0.670128 0.798077 0.774262 0.731116 0.714700 0.749018 0.649250 0.474890 0.817933 0.988221 0.684225 0.702336 0.841716 0.767467 0.968181 0.997235 0.999159 0.793494 0.671131 0.805310 0.919068 0.925302 0.898963 0.848814 0.897135 0.958010 0.580909 0.605092 0.908301 0.840177 0.991489 0.739268 0.998095 0.983299 0.979037 0.832495 0.639398 0.972189
0.784392 0.731679 0.693121 0.632102 0.915803 0.950961 0.830725 0.690162 0.905357 0.807915 0.918532 0.800728 0.831176 0.760946 0.921055 0.871831 0.840030 0.768086 0.818468 0.663780 0.720466 0.987877 0.977937 0.712251 0.729537 0.764972 0.746984 0.981861 0.989608 0.914021 0.822209 0.993511 0.851897 0.801178 0.761767 0.737240 0.648573 0.000000 0.626414 0.781774 0.984022 0.853340 0.693401 0.725433 0.978835 0.937881 0.716132 0.807284 0.892308 0.968597 0.828966 0.816798 0.821258 0.853049 0.768670 0.845042 0.753408 0.774930 0.819126 0.850194 0.873985 0.886071 0.903128 0.874551 0.698046 0.627060 0.653259 0.666448 0.776849 0.810144 0.633016 0.682318 0.910651 0.858286 0.991823 0.844489 0.718934 0.666416 0.729326 0.782746 0.871628 0.821011 0.866791 0.894690 0.830470 0.666126 0.908366 0.946792 0.726944 0.900912 0.978280 0.958351 0.892184 0.760095 0.969033 0.833881 0.762062 0.873815 0.995927 0.853685 0.952087 0.888037 0.847306 0.931136 0.512401 0.668886 0.817020 0.997679 0.921891 0.913625 0.929656 0.975995 0.862821 0.846362 0.678604 0.952305
