0.000000 0.277140 0.962159 0.828593 0.980869 0.821890 0.859855 0.628086 0.698755 0.635819 0.407714 0.395133 0.555418 0.501582 0.685902 0.775567 0.358206 0.312047 0.375010 0.344443 0.645036 0.958540 0.655573 0.807934 0.858048 0.709323 0.857204 0.946113 0.418125 0.436886 0.721640 0.722825 0.616836 0.608329 0.919203 0.879211 0.763208 0.978746 0.752774 0.804941 0.749215 0.906127 0.863371 0.754461 0.888450 0.741861 0.588782 0.684456 0.501248 0.697877 0.877754 0.982496 0.969948 0.728465 0.713172 0.896280 0.285733 0.398507 0.538329 0.703612 0.753256 0.839434 0.389022 0.397603 0.716363 0.692340 0.869920 0.788876 0.517862 0.574212 0.801264 0.896999 0.746441 0.889099 0.953349 0.938629 0.785205 0.881535 0.684059 0.479074 0.347393 0.299162 0.427615 0.518775 0.428410 0.614865 0.892887 0.674510 0.877659 0.599736 0.744420 0.567936 0.621984 0.489765 0.880962 0.955495 0.852105 0.806385 0.890226 0.917214 0.848242 0.726144 0.821991 0.890791 0.913998 0.937422 0.845661 0.664756 0.826438 0.969701 0.885071 0.931293 0.799038 0.934033 0.956326 0.813009
0.277140 0.000000 0.892194 0.898904 0.926668 0.722111 0.982423 0.627640 0.633123 0.706252 0.541289 0.444971 0.680254 0.569491 0.875982 0.899462 0.365693 0.370087 0.476835 0.369406 0.724008 0.897091 0.810067 0.930024 0.762501 0.785219 0.988095 0.866040 0.452082 0.507350 0.813571 0.758621 0.709525 0.616687 0.947752 0.990731 0.784217 0.978503 0.762308 0.711914 0.750229 0.951274 0.898328 0.742861 0.829165 0.691029 0.588018 0.715990 0.418688 0.664925 0.888290 0.986638 0.935777 0.683808 0.697715 0.857188 0.252689 0.269630 0.623644 0.679885 0.800607 0.765326 0.494924 0.429786 0.673836 0.710710 0.794418 0.855104 0.577073 0.504352 0.953466 0.960405 0.852177 0.976094 0.993755 0.958569 0.855194 0.917562 0.692377 0.544420 0.375145 0.311505 0.515287 0.476650 0.475361 0.655292 0.878965 0.648094 0.974455 0.639060 0.624392 0.465940 0.577797 0.432520 0.841160 0.958159 0.905568 0.813578 0.922880 0.992243 0.810692 0.627203 0.841357 0.985758 0.895082 0.930232 0.700259 0.623128 0.880690 0.959542 0.907728 0.964875 0.782340 0.923423 0.943679 0.799960
0.962159 0.892194 0.000000 0.438148 0.750875 0.757140 0.396867 0.626109 0.720516 0.789636 0.994497 0.965615 0.711133 0.881826 0.694867 0.777881 0.990398 0.956230 0.880856 0.985390 0.911499 0.983650 0.581859 0.782491 0.863659 0.601037 0.959928 0.876888 0.898699 0.881743 0.536970 0.582744 0.563416 0.713156 0.597557 0.921390 0.961501 0.912807 0.823308 0.815754 0.952297 0.990762 0.626480 0.634771 0.568903 0.640975 0.692814 0.625592 0.830357 0.608248 0.520077 0.519891 0.584367 0.531420 0.762735 0.908737 0.964408 0.803326 0.979276 0.830266 0.688884 0.801905 0.971767 0.968097 0.455370 0.743782 0.489512 0.601726 0.938195 0.849333 0.861522 0.901850 0.804861 0.644485 0.772812 0.982536 0.810079 0.659187 0.976264 0.948548 0.962856 0.887304 0.945226 0.954810 0.845897 0.929192 0.677625 0.911310 0.789445 0.910730 0.658780 0.677553 0.695460 0.757967 0.767079 0.969899 0.819498 0.926332 0.731398 0.652856 0.730114 0.680321 0.766220 0.637779 0.593189 0.564990 0.864661 0.925516 0.956809 0.847715 0.750711 0.777408 0.643147 0.756760 0.668407 0.997197
0.828593 0.898904 0.438148 0.000000 0.817881 0.751346 0.470051 0.460604 0.781899 0.691076 0.810322 0.732780 0.645651 0.676336 0.609643 0.671718 0.842685 0.866592 0.754040 0.715368 0.933825 0.987680 0.538092 0.689073 0.885439 0.792540 0.991059 0.963304 0.763913 0.796854 0.580326 0.652303 0.574295 0.713233 0.723687 0.877060 0.920026 0.835479 0.822514 0.999667 0.962990 0.988250 0.646689 0.629394 0.600101 0.587987 0.718306 0.623857 0.708023 0.479393 0.537506 0.536599 0.623882 0.695302 0.691240 0.939214 0.884801 0.992152 0.791700 1.000000 0.633648 0.548133 0.800664 0.850019 0.577972 0.667359 0.583039 0.707167 0.938624 0.769427 0.827865 0.837116 0.746728 0.688974 0.739848 0.999889 0.609902 0.763997 0.873962 0.957921 0.839229 0.889010 0.831093 0.863115 0.699028 0.713052 0.790692 0.791912 0.844833 0.764769 0.761660 0.824829 0.756477 0.880126 0.734751 0.994665 0.736683 0.911006 0.714038 0.679856 0.759855 0.797194 0.758230 0.736513 0.626565 0.635057 0.962818 0.979659 0.964418 0.859411 0.778623 0.789048 0.646647 0.869325 0.817620 0.926786
0.980869 0.926668 0.750875 0.817881 0.000000 0.793217 0.873779 0.975779 0.838594 0.901398 0.944069 0.960069 0.894962 0.869620 0.764994 0.758380 0.862579 0.895625 0.974032 0.948954 0.996481 0.849607 0.716396 0.635865 0.856263 0.882829 0.753884 0.857452 0.911676 0.982646 0.852453 0.980079 0.899168 0.969907 0.951250 0.982393 0.884147 0.975280 0.898033 0.964299 0.898552 0.846392 0.923178 0.924662 0.994267 0.978231 0.914262 0.931815 0.976011 0.917157 0.878928 0.872687 0.837906 0.958205 0.950027 0.838921 0.952268 0.824479 0.966460 0.860841 0.940453 0.941519 0.976418 0.919233 0.805202 0.820080 0.898290 0.980466 0.993249 0.955988 0.975193 0.900588 0.997865 0.941825 0.969886 0.882663 0.953888 0.894179 0.811783 0.951714 0.931416 0.915375 0.973033 0.940868 0.744617 0.734088 0.890775 0.861815 0.769295 0.940521 0.863384 0.875996 0.968436 0.898541 0.956552 0.988823 0.893534 0.954746 0.955510 0.959267 0.913589 0.837767 0.915257 0.999286 0.922269 0.836627 0.807059 0.920751 0.915428 0.882070 0.995992 0.967666 0.950379 0.961316 0.763722 0.776930
0.821890 0.722111 0.757140 0.751346 0.793217 0.000000 0.644605 0.739353 0.641495 0.823159 0.943436 0.984515 0.887529 0.952036 0.854722 0.773633 0.862118 0.790258 0.856979 0.816423 0.912613 0.890774 0.978557 0.920271 0.916621 0.849118 0.809676 0.820491 0.873637 0.921750 0.882408 0.845202 0.830928 0.997580 0.763881 0.988045 0.964602 0.882600 0.857857 0.946131 0.734921 0.900831 0.601475 0.716365 0.722414 0.779610 0.901506 0.839271 0.996431 0.850918 0.684172 0.679196 0.744160 0.635986 0.927436 0.918155 0.729454 0.582726 0.890643 0.967523 0.715224 0.768096 0.975101 0.970226 0.686555 0.599135 0.563870 0.606865 0.605051 0.881161 0.767902 0.729496 0.939928 0.865046 0.696273 0.919860 0.736659 0.834509 0.968281 0.968270 0.941652 0.759296 0.865286 0.861884 0.883159 0.980031 0.873245 0.862463 0.950155 0.900495 0.652140 0.643522 0.632835 0.651530 0.874181 0.839745 0.798898 0.727949 0.703119 0.610090 0.679545 0.702615 0.791714 0.816295 0.744317 0.674356 0.788263 0.749219 0.838821 0.985325 0.759329 0.664817 0.894942 0.874643 0.757232 0.949966
0.859855 0.982423 0.396867 0.470051 0.873779 0.644605 0.000000 0.439618 0.711665 0.485881 0.709306 0.795964 0.496685 0.698701 0.559671 0.664122 0.746450 0.780011 0.618602 0.858030 0.889827 0.982291 0.630922 0.874095 0.989442 0.895092 0.901746 0.997835 0.705282 0.617735 0.457990 0.492551 0.404612 0.496484 0.685381 0.997099 0.873388 0.751444 0.764298 0.933027 0.978630 0.961720 0.379875 0.418620 0.382879 0.481585 0.569685 0.435123 0.705263 0.545579 0.331362 0.394412 0.418892 0.432231 0.613286 0.753033 0.906642 0.857763 0.771885 0.804630 0.428349 0.684262 0.674583 0.721617 0.691261 0.798617 0.334828 0.499426 0.948930 0.854893 0.558912 0.569782 0.573417 0.500641 0.788589 0.887112 0.543187 0.542538 0.650175 0.757455 0.709261 0.943679 0.807059 0.780807 0.854780 0.991885 0.763545 0.939420 0.856914 0.899044 0.602829 0.659420 0.720379 0.772135 0.794375 0.766835 0.637183 0.755319 0.496245 0.372231 0.519149 0.580819 0.548970 0.457865 0.635367 0.512342 0.864326 0.878702 0.784011 0.794910 0.680706 0.577054 0.573242 0.680380 0.633945 0.919721
0.628086 0.627640 0.626109 0.460604 0.975779 0.739353 0.439618 0.000000 0.934022 0.438392 0.604401 0.454809 0.473287 0.434101 0.635864 0.622899 0.611271 0.680178 0.642407 0.635675 0.877771 0.972478 0.702976 0.843487 0.939036 0.958517 0.835202 0.821920 0.592771 0.616964 0.608115 0.578091 0.518818 0.498229 0.775045 0.962138 0.823408 0.823368 0.754223 0.905399 0.912355 0.954632 0.392108 0.391639 0.374695 0.369816 0.463370 0.417310 0.389624 0.357167 0.388524 0.438171 0.603880 0.729846 0.606427 0.759776 0.707654 0.825056 0.500862 0.830713 0.370793 0.356764 0.510161 0.499551 0.773179 0.708597 0.520732 0.576786 0.990367 0.671683 0.655765 0.722241 0.679158 0.654075 0.749479 0.940154 0.528897 0.663082 0.784088 0.785112 0.566985 0.715104 0.701360 0.723304 0.644537 0.778721 0.913128 0.795596 0.905509 0.652400 0.831440 0.974504 0.867695 0.931164 0.742891 0.809795 0.687244 0.844866 0.472586 0.417259 0.655227 0.870094 0.509972 0.653328 0.677678 0.670844 0.871741 0.993954 0.728046 0.760719 0.660897 0.516451 0.580171 0.771875 0.703042 0.827103
0.698755 0.633123 0.720516 0.781899 0.838594 0.641495 0.711665 0.934022 0.000000 0.826737 0.873822 0.779776 0.985783 0.831062 0.839743 0.941139 0.834177 0.746130 0.828185 0.719785 0.887476 0.984511 0.982240 0.947311 0.954282 0.771749 0.991086 0.924299 0.792027 0.900875 0.832396 0.892796 0.914214 0.932444 0.743734 0.923305 0.985917 0.808208 0.888891 0.876331 0.942327 0.977260 0.795763 0.897362 0.841799 0.961420 0.991055 0.866357 0.863395 0.908223 0.724546 0.607427 0.637738 0.577102 0.991390 0.916687 0.631079 0.528643 0.871415 0.762339 0.939095 0.900314 0.787990 0.798924 0.675981 0.750706 0.668549 0.826108 0.727084 0.802153 0.813627 0.691445 0.812469 0.681531 0.840123 0.918604 0.692622 0.794510 0.952008 0.978397 0.840012 0.697407 0.699740 0.713546 0.808883 0.874375 0.723420 0.746730 0.772044 0.827493 0.525154 0.468450 0.489323 0.532615 0.803003 0.978299 0.799202 0.780552 0.687008 0.657261 0.644977 0.660333 0.743436 0.740078 0.805293 0.801671 0.812562 0.712638 0.862947 0.898590 0.843824 0.744637 0.805846 0.855232 0.856731 0.897978
0.635819 0.706252 0.789636 0.691076 0.901398 0.823159 0.485881 0.438392 0.826737 0.000000 0.440675 0.502234 0.560164 0.632064 0.588720 0.682382 0.445186 0.518368 0.595038 0.658927 0.744676 0.995295 0.714788 0.906684 0.922414 0.945842 0.799019 0.994842 0.504982 0.455913 0.512766 0.586031 0.491704 0.484283 0.984033 0.962569 0.722988 0.740679 0.940903 0.978419 0.896166 0.903517 0.514978 0.511488 0.506972 0.482731 0.549721 0.482257 0.492323 0.572697 0.515672 0.590879 0.679759 0.792885 0.741474 0.788253 0.738704 0.879011 0.550727 0.974019 0.502586 0.573980 0.477876 0.405381 0.988372 0.982666 0.652202 0.729636 0.892561 0.779625 0.540433 0.529990 0.551720 0.558480 0.828050 0.918945 0.624982 0.579427 0.662277 0.584307 0.450605 0.605236 0.712523 0.669953 0.736107 0.909962 0.922702 0.938604 0.926424 0.737317 0.865939 0.974456 0.934287 0.903281 0.919714 0.894632 0.594215 0.984393 0.541004 0.480551 0.703252 0.917435 0.500846 0.535148 0.759093 0.726273 0.924854 0.949779 0.683089 0.885087 0.775996 0.615244 0.736927 0.852207 0.782295 0.727612
0.407714 0.541289 0.994497 0.810322 0.944069 0.943436 0.709306 0.604401 0.873822 0.440675 0.000000 0.364992 0.444745 0.512088 0.570459 0.625625 0.356979 0.342740 0.383315 0.475123 0.817036 0.979863 0.676859 0.836958 0.928580 0.700658 0.954027 0.958517 0.428834 0.389362 0.779842 0.788161 0.545637 0.625509 0.827452 0.987057 0.787948 0.886337 0.952149 0.861595 0.775176 0.888045 0.767606 0.729921 0.830126 0.733908 0.638934 0.680844 0.600267 0.743492 0.822830 0.921347 0.991573 0.904647 0.744768 0.899252 0.545976 0.662183 0.469832 0.890307 0.598616 0.758983 0.362170 0.345582 0.778466 0.784860 0.871350 0.954627 0.692845 0.734059 0.689704 0.651467 0.579434 0.698967 0.952986 0.974064 0.731673 0.745756 0.607503 0.576350 0.424191 0.416755 0.522627 0.570965 0.640148 0.766352 0.949325 0.709751 0.962232 0.657775 0.909581 0.756499 0.759885 0.639763 0.911274 0.878193 0.719572 0.820198 0.782562 0.755209 0.978465 0.872913 0.771333 0.686798 0.959565 0.868566 0.847525 0.772873 0.807126 0.808616 0.942226 0.814930 0.864893 0.976093 0.919329 0.768980
0.395133 0.444971 0.965615 0.732780 0.960069 0.984515 0.795964 0.454809 0.779776 0.502234 0.364992 0.000000 0.457336 0.319864 0.584030 0.563056 0.389523 0.400206 0.477172 0.447347 0.871531 0.936333 0.681170 0.731151 0.922433 0.645889 0.998018 0.881384 0.458250 0.441346 0.754847 0.759531 0.627935 0.549514 0.846884 0.884713 0.770006 0.932257 0.917019 0.740604 0.944349 0.998635 0.688328 0.643207 0.729324 0.615574 0.590904 0.615656 0.428675 0.615782 0.786466 0.898170 0.995769 0.803774 0.735873 0.903364 0.519912 0.573667 0.496967 0.719017 0.561780 0.505094 0.335373 0.303171 0.823174 0.961138 0.926238 0.971781 0.760746 0.688589 0.709798 0.732474 0.754371 0.815821 0.925426 0.975492 0.683513 0.806116 0.715129 0.658872 0.440742 0.422776 0.566748 0.634246 0.511837 0.542266 0.972120 0.599459 0.970160 0.544483 0.806988 0.594050 0.685644 0.526766 0.937691 0.812084 0.873637 0.798813 0.764906 0.771064 0.976878 0.773402 0.799042 0.832358 0.974340 0.961100 0.658939 0.769632 0.805410 0.788616 0.986484 0.844492 0.858423 0.930911 0.916775 0.717842
0.555418 0.680254 0.711133 0.645651 0.894962 0.887529 0.496685 0.473287 0.985783 0.560164 0.444745 0.457336 0.000000 0.379516 0.367288 0.414264 0.562032 0.561221 0.453842 0.663166 0.935228 0.992939 0.519923 0.746386 0.964718 0.795669 0.917331 0.990325 0.529199 0.433042 0.555125 0.577928 0.470412 0.544326 0.892561 0.974606 0.881023 0.964070 0.844932 0.984927 0.994967 0.981195 0.490583 0.476519 0.615330 0.562305 0.472895 0.518097 0.589821 0.562008 0.575831 0.618429 0.716031 0.831517 0.647980 0.926368 0.623848 0.791813 0.496068 0.809538 0.428700 0.674972 0.381966 0.423061 0.900900 0.969322 0.590919 0.774804 0.933242 0.867123 0.616202 0.711601 0.688446 0.687002 0.913626 0.875854 0.615452 0.590138 0.625701 0.690738 0.607562 0.659198 0.524225 0.772684 0.641937 0.713164 0.861003 0.724154 0.801651 0.702396 0.925672 0.900038 0.934918 0.759406 0.953971 0.774576 0.738306 0.963171 0.609451 0.558300 0.721633 0.935568 0.586700 0.634805 0.662719 0.681809 0.878300 0.890669 0.796497 0.673051 0.867502 0.721319 0.677122 0.795378 0.634724 0.835793
0.501582 0.569491 0.881826 0.676336 0.869620 0.952036 0.698701 0.434101 0.831062 0.632064 0.512088 0.319864 0.379516 0.000000 0.485681 0.427206 0.578932 0.583232 0.476280 0.528773 0.886892 0.975803 0.513056 0.549106 0.990841 0.686572 0.973294 0.934005 0.483873 0.483699 0.665428 0.625898 0.587389 0.537583 0.990094 0.915264 0.808570 0.983074 0.918447 0.728703 0.917366 0.980251 0.597492 0.585220 0.647386 0.563833 0.565380 0.601928 0.474032 0.547657 0.634402 0.754541 0.875396 0.946968 0.685294 0.917029 0.629844 0.705736 0.596813 0.770971 0.538169 0.489301 0.394758 0.429025 0.942878 0.811521 0.784381 0.884535 0.826881 0.746588 0.690852 0.834877 0.779290 0.778695 0.813213 0.917742 0.740988 0.822488 0.795458 0.769800 0.578979 0.555579 0.559957 0.722614 0.451241 0.456762 0.898116 0.545648 0.951547 0.529591 0.873501 0.652765 0.727532 0.565633 0.986369 0.825025 0.991267 0.854188 0.794858 0.701728 0.916734 0.903868 0.816379 0.805986 0.855269 0.846167 0.782228 0.803250 0.808632 0.790556 0.919847 0.804532 0.805365 0.976404 0.894296 0.817475
0.685902 0.875982 0.694867 0.609643 0.764994 0.854722 0.559671 0.635864 0.839743 0.588720 0.570459 0.584030 0.367288 0.485681 0.000000 0.337951 0.651648 0.665317 0.520464 0.710856 0.860429 0.909863 0.356069 0.563314 0.959967 0.885690 0.836422 0.973671 0.613701 0.477605 0.430374 0.563825 0.467938 0.504989 0.931910 0.937794 0.853490 0.956436 0.926371 0.975753 0.940353 0.892966 0.630860 0.617504 0.711634 0.621037 0.692032 0.611177 0.744418 0.623537 0.706028 0.681730 0.757994 0.890827 0.833716 0.909291 0.780955 0.917119 0.716285 0.958176 0.648658 0.734243 0.447189 0.547846 0.830062 0.974621 0.607363 0.868518 0.917998 0.915456 0.546589 0.698498 0.651731 0.673062 0.843530 0.881335 0.616420 0.640512 0.790505 0.667162 0.667275 0.732316 0.647850 0.827877 0.577618 0.595049 0.806692 0.709009 0.793045 0.731328 0.978092 0.969256 0.945848 0.822359 0.903515 0.821174 0.826400 0.889807 0.791761 0.698747 0.735277 0.879224 0.736431 0.564781 0.770843 0.695822 0.983644 0.936495 0.800497 0.815938 0.914453 0.846192 0.811820 0.811027 0.662501 0.838846
0.775567 0.899462 0.777881 0.671718 0.758380 0.773633 0.664122 0.622899 0.941139 0.682382 0.625625 0.563056 0.414264 0.427206 0.337951 0.000000 0.749158 0.777363 0.648231 0.850810 0.901029 0.917547 0.482047 0.522708 0.925138 0.802281 0.983409 0.934090 0.648119 0.541232 0.564922 0.646358 0.565783 0.626500 0.936498 0.949943 0.832822 0.919479 0.914374 0.922168 0.903034 0.989146 0.558648 0.561237 0.719517 0.630356 0.709154 0.613486 0.713971 0.704433 0.722250 0.766878 0.885149 0.983207 0.877379 0.883260 0.866564 0.946027 0.676708 0.815743 0.586357 0.654605 0.480381 0.540867 0.836859 0.821220 0.634881 0.754992 0.946650 0.971220 0.635604 0.727557 0.880434 0.777552 0.821793 0.917195 0.786408 0.634369 0.793006 0.817199 0.768610 0.813500 0.736084 0.912684 0.636595 0.536272 0.799648 0.704821 0.859491 0.674438 0.936350 0.849632 0.880576 0.763614 0.895125 0.766075 0.903524 0.931218 0.848424 0.756861 0.807807 0.927725 0.785626 0.704846 0.762420 0.718487 0.913989 0.905672 0.796931 0.829701 0.901278 0.873241 0.794111 0.840508 0.755697 0.932024
0.358206 0.365693 0.990398 0.842685 0.862579 0.862118 0.746450 0.611271 0.834177 0.445186 0.356979 0.389523 0.562032 0.578932 0.651648 0.749158 0.000000 0.225245 0.388557 0.393440 0.728411 0.864100 0.741973 0.934228 0.988095 0.681703 0.934357 0.956055 0.358273 0.288680 0.674435 0.664792 0.510048 0.461927 0.926875 0.954230 0.760032 0.863917 0.869792 0.762760 0.685463 0.869856 0.754050 0.647706 0.713483 0.581138 0.576635 0.568583 0.475834 0.699594 0.818157 0.999798 0.991568 0.821794 0.685442 0.837456 0.337867 0.431202 0.611027 0.892749 0.672130 0.787434 0.342006 0.282600 0.660763 0.663223 0.944780 0.992536 0.669955 0.634371 0.748148 0.671083 0.643265 0.822468 0.946958 0.941861 0.720342 0.699815 0.520851 0.447057 0.267715 0.335273 0.516597 0.425064 0.602350 0.764978 0.959718 0.710364 0.952393 0.722240 0.678086 0.603144 0.633831 0.523376 0.877886 0.860078 0.832204 0.772514 0.809807 0.803671 0.926910 0.782187 0.758390 0.704001 0.994408 0.965208 0.718949 0.701850 0.836107 0.865518 0.968351 0.877264 0.748986 0.957656 0.933513 0.793801
0.312047 0.370087 0.956230 0.866592 0.895625 0.790258 0.780011 0.680178 0.746130 0.518368 0.342740 0.400206 0.561221 0.583232 0.665317 0.777363 0.225245 0.000000 0.340952 0.366155 0.699196 0.862466 0.713502 0.892951 0.945314 0.665447 0.999978 0.959609 0.326277 0.300765 0.694174 0.715189 0.534786 0.515004 0.851917 0.989250 0.754456 0.888952 0.873873 0.783751 0.658172 0.869724 0.838793 0.703835 0.810020 0.674284 0.678123 0.620647 0.549475 0.759701 0.880088 0.969319 0.988104 0.821969 0.710561 0.831991 0.318716 0.425753 0.648079 0.927238 0.734004 0.897838 0.354965 0.319984 0.617783 0.608325 0.979866 0.883836 0.583579 0.648511 0.738925 0.691978 0.633228 0.783303 0.985171 0.948516 0.732780 0.712244 0.501016 0.431262 0.283436 0.291488 0.469031 0.445734 0.581967 0.779989 0.977814 0.667075 0.938198 0.735178 0.693136 0.598459 0.589636 0.517901 0.845320 0.856777 0.866892 0.780664 0.852736 0.851454 0.873189 0.765123 0.821422 0.759229 0.978835 0.996465 0.761381 0.728161 0.899713 0.894793 0.928345 0.970265 0.771498 0.968412 0.981246 0.835422
0.375010 0.476835 0.880856 0.754040 0.974032 0.856979 0.618602 0.642407 0.828185 0.595038 0.383315 0.477172 0.453842 0.476280 0.520464 0.648231 0.388557 0.340952 0.000000 0.363522 0.718992 0.903321 0.506489 0.724778 0.850318 0.681668 0.883891 0.921866 0.390135 0.363648 0.589439 0.570035 0.456308 0.496726 0.944809 0.990197 0.766757 0.862939 0.810189 0.854455 0.759666 0.948893 0.759432 0.679437 0.749427 0.672018 0.602504 0.601992 0.580440 0.695275 0.752200 0.893142 0.892783 0.938582 0.622276 0.779271 0.399862 0.560478 0.718226 0.945849 0.725143 0.842320 0.408406 0.438789 0.763849 0.708756 0.898169 0.935487 0.568383 0.648627 0.632693 0.796842 0.596996 0.676589 0.947979 0.932592 0.654171 0.725900 0.544192 0.445578 0.382042 0.393056 0.435780 0.497493 0.482043 0.666859 0.907584 0.581621 0.952666 0.609630 0.826199 0.697949 0.674520 0.623096 0.807110 0.769346 0.888339 0.863835 0.848012 0.807563 0.978946 0.902025 0.785012 0.694079 0.956149 0.847820 0.894536 0.685147 0.879746 0.867171 0.965750 0.905467 0.728405 0.867034 0.981652 0.780278
0.344443 0.369406 0.985390 0.715368 0.948954 0.816423 0.858030 0.635675 0.719785 0.658927 0.475123 0.447347 0.663166 0.528773 0.710856 0.850810 0.393440 0.366155 0.363522 0.000000 0.746991 0.930190 0.608449 0.773808 0.803804 0.818183 0.887872 0.975956 0.408823 0.466986 0.738769 0.713989 0.625901 0.595505 0.896099 0.931359 0.811782 0.789420 0.879178 0.767984 0.703578 0.805876 0.961946 0.853893 0.845225 0.726370 0.718446 0.724380 0.522788 0.640078 0.888091 0.983178 0.965078 0.755334 0.676926 0.865935 0.379538 0.430093 0.739957 0.954794 0.890676 0.742911 0.539926 0.522382 0.684802 0.756752 0.866465 0.808560 0.451035 0.517372 0.825604 0.992185 0.677195 0.813978 0.946107 0.918446 0.738143 0.943400 0.671181 0.559119 0.373867 0.305512 0.409540 0.444647 0.444233 0.602393 0.994443 0.568788 0.926028 0.602837 0.670657 0.551063 0.651909 0.529045 0.857375 0.922944 0.964315 0.814061 0.975946 0.993580 0.814088 0.723449 0.984395 0.930982 0.956170 0.936491 0.812005 0.664065 0.981971 0.962779 0.956205 0.975366 0.894992 0.976098 0.894430 0.769004
0.645036 0.724008 0.911499 0.933825 0.996481 0.912613 0.889827 0.877771 0.887476 0.744676 0.817036 0.871531 0.935228 0.886892 0.860429 0.901029 0.728411 0.699196 0.718992 0.746991 0.000000 0.980966 0.873948 0.965758 0.991050 0.952704 0.963883 0.899553 0.742341 0.807158 0.682658 0.760248 0.790143 0.799993 0.917392 0.957979 0.774236 0.980819 0.746248 0.817636 0.844972 0.860926 0.842388 0.771576 0.892886 0.801996 0.777440 0.768453 0.730851 0.952061 0.879060 0.926241 0.996523 0.917156 0.814775 0.887753 0.701943 0.788150 0.908790 0.994209 0.962412 0.977933 0.778988 0.794439 0.919662 0.827503 0.902753 0.948080 0.755768 0.823838 0.883242 0.863498 0.871018 0.831587 0.795339 0.968475 0.979118 0.854963 0.869587 0.684852 0.702169 0.732527 0.772390 0.831199 0.770268 0.950349 0.931700 0.979670 0.979891 0.794664 0.884658 0.900374 0.911949 0.851111 0.995028 0.896254 0.972411 0.998524 0.876161 0.928982 0.949331 0.972609 0.824002 0.818171 0.935868 0.867272 0.939621 0.896507 0.934070 0.798641 0.954312 0.991091 0.899615 0.973547 0.987866 0.918698
0.958540 0.897091 0.983650 0.987680 0.849607 0.890774 0.982291 0.972478 0.984511 0.995295 0.979863 0.936333 0.992939 0.975803 0.909863 0.917547 0.864100 0.862466 0.903321 0.930190 0.980966 0.000000 0.906541 0.916985 0.972412 0.955067 0.969102 0.928689 0.967934 0.844221 0.927939 0.960766 0.971399 0.859896 0.884804 0.761095 0.901428 0.725616 0.945555 0.970471 0.984281 0.930462 0.999305 0.969869 0.936920 0.974779 0.927410 0.911750 0.893068 0.979383 0.943645 0.972516 0.967363 0.993410 0.922547 0.838793 0.926756 0.942266 0.813533 0.991775 0.893990 0.981370 0.998725 0.951521 0.860409 0.990860 0.941017 0.973007 0.976990 0.964587 0.968607 0.928711 0.958976 0.938179 0.848343 0.949009 0.969231 0.998268 0.967745 0.972925 0.888706 0.907438 0.986702 0.926728 0.894077 0.883817 0.921373 0.939445 0.962017 0.906914 0.875808 0.903323 0.897354 0.936556 0.905669 0.887679 0.897939 0.821492 0.893460 0.884174 0.979963 0.764774 0.878889 0.842916 0.856737 0.960450 0.944880 0.816823 0.934380 0.856323 0.976634 0.993119 0.972615 0.937733 0.929169 0.926235
0.655573 0.810067 0.581859 0.538092 0.716396 0.978557 0.630922 0.702976 0.982240 0.714788 0.676859 0.681170 0.519923 0.513056 0.356069 0.482047 0.741973 0.713502 0.506489 0.608449 0.873948 0.906541 0.000000 0.395801 0.784221 0.995147 0.722382 0.831604 0.589115 0.560569 0.443751 0.563093 0.502447 0.592555 0.950835 0.917371 0.795172 0.961907 0.938978 0.978117 0.932334 0.795697 0.859024 0.808616 0.833435 0.744051 0.755394 0.760242 0.755976 0.611967 0.720000 0.746695 0.802971 0.957982 0.906642 0.873512 0.760866 0.857078 0.877591 0.933559 0.865112 0.821756 0.644077 0.723683 0.867799 0.965808 0.807399 0.932309 0.696232 0.791347 0.666227 0.960380 0.664968 0.648146 0.834714 0.922012 0.779709 0.760320 0.876993 0.730298 0.723360 0.671140 0.588272 0.823067 0.430774 0.448517 0.738109 0.571813 0.791181 0.750061 0.948868 0.892700 0.903601 0.780213 0.942309 0.909953 0.895919 0.783680 0.999507 0.901855 0.979269 0.981544 0.914602 0.686648 0.811843 0.742444 0.988258 0.858808 0.886736 0.946725 0.928283 0.989123 0.870760 0.902623 0.872895 0.864912
0.807934 0.930024 0.782491 0.689073 0.635865 0.920271 0.874095 0.843487 0.947311 0.906684 0.836958 0.731151 0.746386 0.549106 0.563314 0.522708 0.934228 0.892951 0.724778 0.773808 0.965758 0.916985 0.395801 0.000000 0.887331 0.951855 0.867627 0.857330 0.783416 0.739939 0.709232 0.750821 0.780623 0.803799 0.991739 0.816854 0.892533 0.963083 0.996808 0.817750 0.868183 0.835693 0.939844 0.913370 0.939099 0.842212 0.933453 0.930117 0.826555 0.730443 0.895898 0.945721 0.985010 0.914444 0.933440 0.892843 0.952356 0.953030 0.995717 0.950456 0.949562 0.802224 0.767029 0.836058 0.896813 0.889738 0.944879 0.905640 0.873352 0.883048 0.809678 0.964199 0.979355 0.897277 0.915254 0.914005 0.996164 0.997248 0.962364 0.925561 0.889406 0.810706 0.761057 0.887696 0.530633 0.419548 0.807510 0.582379 0.898126 0.697233 0.832378 0.792334 0.766611 0.755913 0.928686 0.922089 0.863267 0.741614 0.795946 0.933905 0.925228 0.866870 0.878349 0.946292 0.904430 0.896855 0.999741 0.821280 0.950459 0.928818 0.949422 0.937671 0.953182 0.976053 0.927897 0.943696
0.858048 0.762501 0.863659 0.885439 0.856263 0.916621 0.989442 0.939036 0.954282 0.922414 0.928580 0.922433 0.964718 0.990841 0.959967 0.925138 0.988095 0.945314 0.850318 0.803804 0.991050 0.972412 0.784221 0.887331 0.000000 0.635293 0.740948 0.932321 0.971062 0.984439 0.825187 0.821989 0.959211 0.953812 0.812025 0.965271 0.802282 0.996971 0.800291 0.990196 0.913028 0.879440 0.908818 0.992272 0.944401 0.899249 0.960822 0.968818 0.885097 0.751816 0.974016 0.842454 0.864971 0.989935 0.987888 0.907118 0.778260 0.780866 0.932948 0.999221 0.869700 0.967349 0.940547 0.917842 0.898290 0.909052 0.882956 0.840371 0.877043 0.717444 0.970753 0.732775 0.987708 0.969935 0.990423 0.999412 0.845437 0.955903 0.963710 0.848208 0.854859 0.795944 0.821310 0.832451 0.739743 0.838511 0.819413 0.803974 0.740936 0.994463 0.932768 0.932223 0.994809 0.959025 0.964894 0.959111 0.901672 0.978789 0.906862 0.934603 0.892041 0.884259 0.934008 0.923010 0.964376 0.984661 0.858375 0.916004 0.934964 0.999683 0.898291 0.998483 0.807827 0.814937 0.885488 0.789055
0.709323 0.785219 0.601037 0.792540 0.882829 0.849118 0.895092 0.958517 0.771749 0.945842 0.700658 0.645889 0.795669 0.686572 0.885690 0.802281 0.681703 0.665447 0.681668 0.818183 0.952704 0.955067 0.995147 0.951855 0.635293 0.000000 0.931094 0.997721 0.797513 0.705064 0.864913 0.920194 0.992455 0.932339 0.676749 0.951436 0.982277 0.879943 0.893556 0.757052 0.902007 0.978930 0.995090 0.994687 0.836853 0.894581 0.916358 0.960292 0.946565 0.798182 0.885742 0.720484 0.800167 0.756993 0.929552 0.946351 0.760401 0.797358 0.821264 0.888788 0.940383 0.909668 0.643001 0.647190 0.547494 0.759285 0.873252 0.825745 0.888284 0.853429 0.936427 0.787934 0.956661 0.999913 0.934203 0.998959 0.984257 0.996154 0.715056 0.900942 0.827962 0.738827 0.835128 0.941978 0.957480 0.891404 0.783352 0.841722 0.793502 0.798641 0.746291 0.679440 0.628257 0.655221 0.734444 0.802624 0.966291 0.785846 0.964017 0.967558 0.866699 0.790438 0.956084 0.990005 0.733529 0.877001 0.763623 0.850813 0.931152 0.854168 0.759119 0.867682 0.928031 0.847877 0.925115 0.850161
0.857204 0.988095 0.959928 0.991059 0.753884 0.809676 0.901746 0.835202 0.991086 0.799019 0.954027 0.998018 0.917331 0.973294 0.836422 0.983409 0.934357 0.999978 0.883891 0.887872 0.963883 0.969102 0.722382 0.867627 0.740948 0.931094 0.000000 0.933602 0.947593 0.997857 0.904681 0.923079 0.990030 0.891509 0.828791 0.978277 0.860297 0.999118 0.826795 0.949188 0.965695 0.890794 0.724919 0.693427 0.716616 0.772782 0.891257 0.737166 0.825540 0.942200 0.770032 0.866212 0.862247 0.771068 0.728141 0.691094 0.894125 0.911878 0.919767 0.941508 0.784199 0.803387 0.936342 0.881029 0.938723 0.890301 0.788307 0.619048 0.735816 0.842376 0.930295 0.786635 0.935542 0.965805 0.966050 0.996311 0.984188 0.989143 0.857707 0.919062 0.988355 0.860660 0.806863 0.989768 0.761627 0.775995 0.817810 0.806090 0.849289 0.992585 0.982325 0.961429 0.892690 0.996540 0.991096 0.927211 0.914983 0.835041 0.718951 0.776239 0.867665 0.938818 0.893884 0.951780 0.892632 0.909349 0.897826 0.860464 0.857726 0.888136 0.869495 0.835856 0.871530 0.975391 0.937679 0.993806
0.946113 0.866040 0.876888 0.963304 0.857452 0.820491 0.997835 0.821920 0.924299 0.994842 0.958517 0.881384 0.990325 0.934005 0.973671 0.934090 0.956055 0.959609 0.921866 0.975956 0.899553 0.928689 0.831604 0.857330 0.932321 0.997721 0.933602 0.000000 0.904932 0.899775 0.963089 0.866550 0.945430 0.984006 0.935245 0.990123 0.939028 0.949267 0.961362 0.914856 0.900105 0.877490 0.861956 0.872648 0.891360 0.957590 0.976163 0.864875 0.856669 0.901080 0.855424 0.852633 0.914921 0.969230 0.911943 0.991190 0.995234 0.988837 0.858212 0.801718 0.839894 0.848146 0.939134 0.954071 0.977255 0.833615 0.924947 0.901464 0.851470 0.982262 0.925686 0.955533 0.982118 0.923043 0.932871 0.934616 0.886003 0.995034 0.939495 0.926662 0.987699 0.924710 0.813303 0.906160 0.964104 0.938821 0.868344 0.935971 0.853123 0.906063 0.899949 0.980421 0.922766 0.949412 0.858559 0.762355 0.935112 0.790267 0.800804 0.859374 0.759770 0.968948 0.886247 0.914673 0.906867 0.945456 0.980064 0.991394 0.995479 0.929709 0.938304 0.862908 0.862918 0.916454 0.917540 0.939085
0.418125 0.452082 0.898699 0.763913 0.911676 0.873637 0.705282 0.592771 0.792027 0.504982 0.428834 0.458250 0.529199 0.483873 0.613701 0.648119 0.358273 0.326277 0.390135 0.408823 0.742341 0.967934 0.589115 0.783416 0.971062 0.797513 0.947593 0.904932 0.000000 0.296452 0.576607 0.543521 0.449645 0.407786 0.984437 0.907124 0.760333 0.851169 0.950792 0.766539 0.764924 0.834097 0.740966 0.639797 0.690838 0.556958 0.666056 0.579808 0.489213 0.647703 0.721866 0.894894 0.889613 0.922700 0.694891 0.763383 0.448711 0.521005 0.625112 0.967160 0.664240 0.712756 0.395964 0.355766 0.737518 0.779935 0.908314 0.984431 0.633898 0.562689 0.776937 0.774245 0.633000 0.741249 0.920584 0.963819 0.790722 0.666392 0.507748 0.489116 0.320347 0.354435 0.421283 0.455859 0.473786 0.676337 0.856852 0.555647 0.879340 0.706588 0.738307 0.594966 0.665408 0.527281 0.895587 0.858059 0.865182 0.820163 0.876892 0.805997 0.908873 0.873142 0.822451 0.738985 0.845843 0.944197 0.792701 0.725448 0.919049 0.928241 0.976532 0.974600 0.745895 0.918525 0.992001 0.712959
0.436886 0.507350 0.881743 0.796854 0.982646 0.921750 0.617735 0.616964 0.900875 0.455913 0.389362 0.441346 0.433042 0.483699 0.477605 0.541232 0.288680 0.300765 0.363648 0.466986 0.807158 0.844221 0.560569 0.739939 0.984439 0.705064 0.997857 0.899775 0.296452 0.000000 0.513426 0.562639 0.398163 0.376315 0.932800 0.935804 0.746264 0.893787 0.907876 0.791519 0.739967 0.889027 0.656859 0.548220 0.639429 0.528642 0.603212 0.520736 0.511512 0.649027 0.734073 0.897518 0.873250 0.935524 0.708454 0.869290 0.445687 0.547175 0.649739 0.941773 0.608824 0.774256 0.322055 0.279545 0.801117 0.753125 0.823600 0.909157 0.750232 0.637821 0.712026 0.667235 0.661242 0.742926 0.971298 0.947473 0.744868 0.640139 0.468469 0.474984 0.301795 0.384855 0.448213 0.428253 0.540959 0.689160 0.904884 0.626563 0.966055 0.746669 0.708525 0.617358 0.616334 0.513243 0.868654 0.845239 0.852408 0.762328 0.873688 0.792428 0.990589 0.887572 0.796370 0.660185 0.941452 0.902531 0.812821 0.760594 0.807169 0.840870 0.967183 0.880446 0.710943 0.851324 0.873230 0.813348
0.721640 0.813571 0.536970 0.580326 0.852453 0.882408 0.457990 0.608115 0.832396 0.512766 0.779842 0.754847 0.555125 0.665428 0.430374 0.564922 0.674435 0.694174 0.589439 0.738769 0.682658 0.927939 0.443751 0.709232 0.825187 0.864913 0.904681 0.963089 0.576607 0.513426 0.000000 0.406639 0.425454 0.436448 0.806151 0.933165 0.740734 0.809241 0.764913 0.974987 0.942391 0.884850 0.520631 0.483597 0.483040 0.430898 0.624685 0.496547 0.625014 0.536424 0.544111 0.540218 0.573260 0.733330 0.814008 0.914833 0.729565 0.868698 0.899717 0.907909 0.698234 0.758508 0.627476 0.645148 0.827291 0.970268 0.655179 0.733663 0.876424 0.771387 0.580377 0.706354 0.651680 0.597685 0.809792 0.984666 0.639594 0.545073 0.715445 0.610592 0.598900 0.763107 0.707797 0.723946 0.583426 0.731203 0.754889 0.848136 0.781303 0.830843 0.918257 0.979428 0.962015 0.920952 0.814764 0.850122 0.789146 0.999565 0.761327 0.656452 0.695055 0.773742 0.615125 0.552108 0.654064 0.701562 0.973768 0.955824 0.758672 0.961642 0.764421 0.829015 0.604216 0.773682 0.742927 0.928683
0.722825 0.758621 0.582744 0.652303 0.980079 0.845202 0.492551 0.578091 0.892796 0.586031 0.788161 0.759531 0.577928 0.625898 0.563825 0.646358 0.664792 0.715189 0.570035 0.713989 0.760248 0.960766 0.563093 0.750821 0.821989 0.920194 0.923079 0.866550 0.543521 0.562639 0.406639 0.000000 0.409807 0.445933 0.670976 0.937221 0.814408 0.785042 0.693078 0.933329 0.889191 0.905819 0.502162 0.485987 0.461286 0.448067 0.559601 0.466517 0.551257 0.551675 0.498450 0.585589 0.614320 0.745845 0.709100 0.731144 0.715459 0.879348 0.918486 0.857930 0.693327 0.668847 0.671794 0.646505 0.896839 0.942548 0.673886 0.721844 0.949638 0.652328 0.571033 0.776469 0.679283 0.693825 0.720132 0.973055 0.655064 0.592445 0.759177 0.620833 0.585602 0.748042 0.661217 0.737918 0.585422 0.709599 0.595805 0.776437 0.912770 0.779704 0.957230 0.943361 0.979054 0.895123 0.984717 0.829705 0.799727 0.954087 0.765608 0.600328 0.829255 0.856620 0.622745 0.632128 0.654260 0.801769 0.985662 0.973963 0.781785 0.964510 0.796358 0.685215 0.642623 0.716768 0.782216 0.833692
0.616836 0.709525 0.563416 0.574295 0.899168 0.830928 0.404612 0.518818 0.914214 0.491704 0.545637 0.627935 0.470412 0.587389 0.467938 0.565783 0.510048 0.534786 0.456308 0.625901 0.790143 0.971399 0.502447 0.780623 0.959211 0.992455 0.990030 0.945430 0.449645 0.398163 0.425454 0.409807 0.000000 0.407112 0.864243 0.872414 0.700447 0.792597 0.799844 0.902052 0.861740 0.928494 0.548776 0.461974 0.501202 0.462713 0.664232 0.455055 0.621997 0.588921 0.560343 0.667246 0.732263 0.812619 0.680224 0.912603 0.653875 0.810698 0.759785 0.868338 0.590821 0.707789 0.509227 0.497429 0.912217 0.962261 0.585251 0.710556 0.835980 0.611268 0.567708 0.607790 0.584070 0.601769 0.835197 0.993741 0.622733 0.492628 0.627764 0.512243 0.482499 0.640733 0.606153 0.572667 0.612105 0.748656 0.812761 0.698649 0.906439 0.787589 0.990620 0.942552 0.921303 0.819213 0.954740 0.840329 0.709752 0.987273 0.741989 0.633113 0.800534 0.866406 0.655176 0.515699 0.741793 0.653647 0.987115 0.922916 0.767847 0.906603 0.835541 0.670250 0.579023 0.779805 0.789982 0.857692
0.608329 0.616687 0.713156 0.713233 0.969907 0.997580 0.496484 0.498229 0.932444 0.484283 0.625509 0.549514 0.544326 0.537583 0.504989 0.626500 0.461927 0.515004 0.496726 0.595505 0.799993 0.859896 0.592555 0.803799 0.953812 0.932339 0.891509 0.984006 0.407786 0.376315 0.436448 0.445933 0.407112 0.000000 0.839865 0.891132 0.799246 0.761072 0.822433 0.890514 0.887026 0.969329 0.533983 0.440980 0.452251 0.399505 0.587138 0.469664 0.498717 0.555045 0.596572 0.720336 0.716522 0.886011 0.699124 0.797110 0.601211 0.678700 0.748835 0.956715 0.577358 0.629842 0.438982 0.442220 0.972110 0.977547 0.647547 0.666353 0.861135 0.665843 0.622851 0.677773 0.650876 0.696091 0.864179 0.978191 0.620428 0.632480 0.610836 0.567630 0.445715 0.597935 0.583600 0.481623 0.595989 0.757477 0.866363 0.690747 0.975621 0.782977 0.854900 0.786574 0.817214 0.732789 0.971799 0.764057 0.812696 0.969637 0.748786 0.645315 0.840302 0.930641 0.690176 0.632995 0.853292 0.840863 0.882478 0.834063 0.788432 0.844834 0.878766 0.728845 0.657672 0.830382 0.825100 0.777074
0.919203 0.947752 0.597557 0.723687 0.951250 0.763881 0.685381 0.775045 0.743734 0.984033 0.827452 0.846884 0.892561 0.990094 0.931910 0.936498 0.926875 0.851917 0.944809 0.896099 0.917392 0.884804 0.950835 0.991739 0.812025 0.676749 0.828791 0.935245 0.984437 0.932800 0.806151 0.670976 0.864243 0.839865 0.000000 0.929999 0.872041 0.927849 0.849673 0.911934 0.958336 0.939884 0.669423 0.731633 0.650953 0.747468 0.786445 0.733227 0.932709 0.767387 0.641478 0.629453 0.664742 0.661062 0.775292 0.738515 0.961660 0.888820 0.982154 0.951305 0.726095 0.811764 0.928751 0.858782 0.660336 0.718802 0.643425 0.623812 0.879563 0.940945 0.989448 0.990635 0.990389 0.940434 0.797942 0.848926 0.833108 0.816783 0.987676 0.991948 0.937753 0.780766 0.941743 0.999837 0.955263 0.988218 0.718204 0.906719 0.879370 0.914084 0.788589 0.813720 0.817338 0.783558 0.818183 0.980741 0.908808 0.721960 0.828075 0.677417 0.758490 0.768681 0.775814 0.891787 0.543964 0.801325 0.922296 0.977029 0.955010 0.996247 0.867080 0.795637 0.718519 0.821863 0.755745 0.966230
0.879211 0.990731 0.921390 0.877060 0.982393 0.988045 0.997099 0.962138 0.923305 0.962569 0.987057 0.884713 0.974606 0.915264 0.937794 0.949943 0.954230 0.989250 0.990197 0.931359 0.957979 0.761095 0.917371 0.816854 0.965271 0.951436 0.978277 0.990123 0.907124 0.935804 0.933165 0.937221 0.872414 0.891132 0.929999 0.000000 0.886292 0.910676 0.985595 0.935090 0.993717 0.978544 0.964547 0.929562 0.942924 0.968696 0.997681 0.997642 0.983943 0.908176 0.988745 0.911087 0.921918 0.998126 0.993376 0.883110 0.974292 0.971187 0.863782 0.861813 0.936473 0.966704 0.926925 0.993414 0.916404 0.936340 0.940632 0.920474 0.978030 0.928563 0.917945 0.955822 0.935321 0.905573 0.999009 0.954030 0.902799 0.783188 0.951293 0.918899 0.949374 0.991605 0.996579 0.977296 0.875369 0.871640 0.804202 0.933673 0.813505 0.850885 0.957500 0.981577 0.998969 0.981768 0.878191 0.887115 0.976737 0.978763 0.972636 0.977294 0.960549 0.964002 0.991898 0.933551 0.941506 0.992269 0.968828 0.922865 0.826301 0.787647 0.963482 0.908457 0.889483 0.795134 0.989170 0.947333
0.763208 0.784217 0.961501 0.920026 0.884147 0.964602 0.873388 0.823408 0.985917 0.722988 0.787948 0.770006 0.881023 0.808570 0.853490 0.832822 0.760032 0.754456 0.766757 0.811782 0.774236 0.901428 0.795172 0.892533 0.802282 0.982277 0.860297 0.939028 0.760333 0.746264 0.740734 0.814408 0.700447 0.799246 0.872041 0.886292 0.000000 0.799907 0.933913 0.782721 0.854140 0.852485 0.917222 0.875491 0.875120 0.870997 0.946627 0.975460 0.852473 0.941305 0.881070 0.971297 0.950601 0.906804 0.995814 0.912137 0.808500 0.842023 0.922962 0.977396 0.993125 0.865099 0.835317 0.753030 0.954321 0.997612 0.952557 0.880132 0.821003 0.714591 0.750260 0.779485 0.923854 0.859803 0.857126 0.974992 0.841840 0.726717 0.877990 0.716240 0.697968 0.684602 0.801697 0.862427 0.746679 0.753649 0.896387 0.856331 0.986268 0.766723 0.884727 0.875705 0.878573 0.860812 0.982507 0.836355 0.808616 0.810930 0.994897 0.918459 0.963128 0.821801 0.842787 0.827398 0.999530 0.833427 0.947664 0.868544 0.801861 0.904494 0.859988 0.808221 0.891268 0.947592 0.859757 0.833562
0.978746 0.978503 0.912807 0.835479 0.975280 0.882600 0.751444 0.823368 0.808208 0.740679 0.886337 0.932257 0.964070 0.983074 0.956436 0.919479 0.863917 0.888952 0.862939 0.789420 0.980819 0.725616 0.961907 0.963083 0.996971 0.879943 0.999118 0.949267 0.851169 0.893787 0.809241 0.785042 0.792597 0.761072 0.927849 0.910676 0.799907 0.000000 0.983406 0.984069 0.857600 0.904676 0.825140 0.864749 0.706650 0.827790 0.944426 0.858424 0.884186 0.844053 0.716636 0.787835 0.711519 0.737044 0.849893 0.843910 0.957757 0.864711 0.895216 0.659242 0.961571 0.774460 0.935933 0.966108 0.859435 0.840098 0.862860 0.881895 0.902835 0.903295 0.741531 0.659400 0.584065 0.600970 0.925576 0.937051 0.681765 0.841760 0.942452 0.833399 0.786939 0.932917 0.996358 0.824224 0.899489 0.991544 0.819141 0.968724 0.930885 0.863881 0.798337 0.867562 0.884408 0.817006 0.998523 0.793557 0.824473 0.916796 0.910255 0.772123 0.854075 0.877328 0.819106 0.900054 0.927855 0.989234 0.933653 0.947640 0.837903 0.913638 0.872477 0.707103 0.942460 0.909134 0.956630 0.905970
