0.000000 0.159041 0.667580 0.648203 0.664343 0.759242 0.923257 0.287586 0.827472 0.424277 0.228015 0.180116 0.327994 0.232723 0.585915 0.557670 0.230628 0.206201 0.254491 0.233368 0.886857 0.845380 0.825189 0.913417 0.550606 0.708394 0.968872 0.977822 0.239225 0.229560 0.770656 0.765315 0.530048 0.378351 0.638371 0.550415 0.974183 0.893209 0.917609 0.866049 0.627420 0.676681 0.752870 0.466152 0.732195 0.336553 0.511524 0.420062 0.173686 0.199408 0.233228 0.246377 0.313223 0.424754 0.549173 0.397218 0.232760 0.195446 0.286287 0.233342 0.494420 0.199491 0.247947 0.185926 0.437086 0.655591 0.756368 0.831462 0.452377 0.372951 0.765454 0.814887 0.412829 0.392550 0.739885 0.755489 0.387769 0.510335 0.491062 0.336517 0.233311 0.255145 0.446040 0.536280 0.796795 0.835969 0.689873 0.992639 0.977658 0.568763 0.974206 0.632331 0.611890 0.436765 0.992600 0.749955 0.787905 0.676043 0.552696 0.615279 0.646177 0.860409 0.432192 0.450765 0.658823 0.832571 0.943209 0.991083 0.784584 0.954799 0.905248 0.838255 0.467877 0.829843 0.821099 0.697085
0.159041 0.000000 0.602419 0.691938 0.655935 0.756108 0.996599 0.291902 0.781731 0.419317 0.254467 0.183860 0.404587 0.245434 0.622973 0.564643 0.233202 0.212729 0.251605 0.204258 0.927183 0.797420 0.833599 0.934989 0.558242 0.700942 0.989960 0.956043 0.229075 0.245450 0.777021 0.769334 0.555015 0.393442 0.632481 0.571101 0.966453 0.858979 0.982343 0.864534 0.657007 0.717617 0.811585 0.496139 0.781217 0.386939 0.556404 0.470769 0.175719 0.200852 0.240690 0.265029 0.338276 0.445558 0.546846 0.413366 0.211306 0.170001 0.373736 0.267276 0.594201 0.200045 0.296697 0.206883 0.367455 0.646805 0.685377 0.787683 0.445608 0.357631 0.790745 0.803736 0.368249 0.401124 0.697162 0.782902 0.396682 0.512837 0.509250 0.307063 0.224869 0.246158 0.508089 0.546307 0.796840 0.803049 0.700110 0.953263 0.930470 0.617887 0.986700 0.611517 0.587711 0.443970 0.960765 0.737720 0.818276 0.624031 0.602426 0.647348 0.671008 0.888471 0.465719 0.515838 0.693055 0.896274 0.946613 0.952111 0.781152 0.945010 0.898315 0.862114 0.519068 0.844917 0.905733 0.700332
0.667580 0.602419 0.000000 0.711730 0.718126 0.979411 0.402182 0.963528 0.587467 0.988955 0.747795 0.571503 0.898613 0.551268 0.944172 0.740630 0.737738 0.740687 0.627717 0.572510 0.991759 0.931285 0.736251 0.850104 0.547845 0.380319 0.825823 0.943036 0.740070 0.717315 0.729612 0.801010 0.793310 0.905517 0.417150 0.604115 0.799693 0.997037 0.811710 0.945550 0.973297 0.972262 0.657859 0.922137 0.644153 0.990148 0.989713 0.939115 0.708159 0.604881 0.764860 0.720072 0.768505 0.871743 0.862527 0.809729 0.659131 0.539936 0.830572 0.638814 0.766116 0.742825 0.782015 0.686187 0.281971 0.441013 0.394922 0.423056 0.564936 0.576206 0.910004 0.994438 0.757662 0.826850 0.978986 0.948540 0.808438 0.923339 0.913879 0.750560 0.755211 0.686546 0.846298 0.862873 0.838423 0.935700 0.762624 0.770579 0.742434 0.835052 0.586438 0.514832 0.336186 0.481623 0.799099 0.850079 0.841728 0.500118 0.830790 0.802964 0.952360 0.744607 0.938916 0.997279 0.842895 0.705353 0.991838 0.721619 0.987278 0.896200 0.657744 0.783372 0.925714 0.977186 0.735755 0.904143
0.648203 0.691938 0.711730 0.000000 0.978355 0.901067 0.662599 0.606045 0.989738 0.703342 0.701525 0.737370 0.714740 0.771463 0.817986 0.850854 0.685996 0.702351 0.789671 0.681574 0.999106 0.981549 0.879548 0.993895 0.926407 0.834203 0.924282 0.993583 0.724240 0.765351 0.856818 0.851537 0.595698 0.734956 0.952423 0.832643 0.925168 0.879999 0.715885 0.849071 0.894985 0.837175 0.835490 0.727702 0.736942 0.654064 0.845096 0.625517 0.674227 0.740661 0.682511 0.734779 0.724591 0.791743 0.709891 0.761755 0.635623 0.692793 0.617895 0.749663 0.590814 0.618232 0.751749 0.707233 0.864787 0.789284 0.859177 0.845621 0.698313 0.659651 0.946214 0.938605 0.834640 0.906593 0.773189 0.895718 0.812708 0.844732 0.687024 0.761027 0.707540 0.664422 0.611507 0.618121 0.661770 0.735942 0.960271 0.852806 0.806929 0.725263 0.899038 0.970338 0.913871 0.939695 0.842450 0.927940 0.704903 0.870822 0.710825 0.740272 0.961796 0.792572 0.773779 0.761364 0.638002 0.743403 0.895208 0.889987 0.934156 0.945246 0.925664 0.924344 0.668463 0.958322 0.966439 0.755612
0.664343 0.655935 0.718126 0.978355 0.000000 0.989286 0.982831 0.715191 0.936815 0.751813 0.659620 0.649720 0.747802 0.683822 0.949908 0.887690 0.639670 0.661086 0.579914 0.658512 0.966980 0.993165 0.789475 0.911536 0.901529 0.820580 0.973286 0.950221 0.718219 0.723609 0.971838 0.885713 0.873949 0.743786 0.877324 0.855043 0.882015 0.862272 0.898664 0.996974 0.911085 0.853780 0.976585 0.850578 0.870124 0.801356 0.960573 0.840260 0.752117 0.744863 0.766384 0.767616 0.782869 0.792748 0.699930 0.694788 0.681360 0.721408 0.776773 0.879121 0.916906 0.729465 0.736038 0.691082 0.631700 0.740031 0.883614 0.809877 0.738272 0.755848 0.714216 0.743557 0.760387 0.664887 0.880369 0.912089 0.605095 0.736429 0.829420 0.761646 0.670716 0.627790 0.833474 0.693605 0.904098 0.942763 0.992989 0.918985 0.857019 0.765605 0.904496 0.759558 0.778360 0.734841 0.996594 0.902053 0.892776 0.807774 0.836423 0.809611 0.879899 0.937660 0.740122 0.735159 0.945875 0.972422 0.988016 0.843418 0.963237 0.881742 0.844627 0.840582 0.885358 0.983292 0.962012 0.678250
0.759242 0.756108 0.979411 0.901067 0.989286 0.000000 0.826129 0.607025 0.819138 0.740586 0.800740 0.749014 0.727374 0.743798 0.757207 0.724609 0.848742 0.809209 0.822198 0.821417 0.932587 0.948484 0.872775 0.883781 0.793349 0.988774 0.943254 0.986565 0.746279 0.725827 0.779966 0.713878 0.695824 0.798779 0.934987 0.879341 0.919639 0.946369 0.827245 0.983389 0.987361 0.955792 0.653886 0.589268 0.823079 0.666866 0.750131 0.779814 0.718764 0.637059 0.677206 0.634741 0.756493 0.615183 0.994062 0.834500 0.847150 0.847667 0.787631 0.699754 0.820883 0.740844 0.730052 0.736578 0.843808 0.970940 0.927448 0.832980 0.848704 0.837062 0.755162 0.860906 0.858392 0.741960 0.827504 0.989003 0.626384 0.694919 0.804264 0.718887 0.761892 0.851928 0.847955 0.991197 0.869354 0.919104 0.905148 0.813247 0.888595 0.965903 0.763639 0.866659 0.865799 0.945926 0.926807 0.919084 0.898652 0.919420 0.725048 0.740488 0.650127 0.834432 0.800382 0.706956 0.703039 0.738824 0.760492 0.761021 0.753781 0.899696 0.925856 0.792879 0.806429 0.784047 0.865413 0.998345
0.923257 0.996599 0.402182 0.662599 0.982831 0.826129 0.000000 0.538673 0.601673 0.521567 0.768012 0.971777 0.663014 0.966035 0.759567 0.989517 0.789369 0.797834 0.875332 0.968544 0.989780 0.860276 0.948950 0.645873 0.870468 0.614401 0.712429 0.995600 0.847302 0.818013 0.518895 0.554691 0.458514 0.617358 0.623307 0.861540 0.836154 0.977142 0.761115 0.941567 0.942068 0.964940 0.281374 0.438384 0.307772 0.564701 0.597787 0.515277 0.887212 0.991072 0.828403 0.869355 0.872508 0.746238 0.878771 0.888969 0.934976 0.869380 0.770609 0.951185 0.390149 0.845427 0.732407 0.828854 0.623891 0.637973 0.326222 0.293419 0.682248 0.812517 0.663898 0.637826 0.831614 0.810762 0.943520 0.950171 0.714165 0.746103 0.626831 0.850124 0.799292 0.937993 0.849190 0.860495 0.920993 0.769121 0.995870 0.638533 0.871583 0.973753 0.405442 0.525393 0.468081 0.640641 0.836425 0.899058 0.608145 0.581398 0.409605 0.388309 0.538471 0.571363 0.597539 0.610331 0.712002 0.538213 0.995436 0.566108 0.713945 0.995587 0.661842 0.456348 0.609849 0.787772 0.575671 0.996164
0.287586 0.291902 0.963528 0.606045 0.715191 0.607025 0.538673 0.000000 0.967774 0.273561 0.274693 0.313035 0.341163 0.365321 0.539026 0.602715 0.288890 0.281822 0.345035 0.364675 0.970260 0.954837 0.920607 0.773435 0.673019 0.949902 0.863999 0.959355 0.299792 0.295379 0.559389 0.585137 0.371382 0.304309 0.843445 0.704763 0.912321 0.927844 0.873303 0.951390 0.764395 0.798109 0.458103 0.283278 0.470679 0.253192 0.463154 0.344063 0.278000 0.323074 0.300811 0.320901 0.414636 0.397358 0.641703 0.536735 0.349471 0.406553 0.372922 0.420760 0.377460 0.267797 0.263234 0.266468 0.663398 0.898876 0.881533 0.809554 0.763456 0.585823 0.573192 0.661191 0.407059 0.407582 0.687092 0.832747 0.344223 0.442605 0.425934 0.397609 0.272458 0.356466 0.487494 0.593222 0.833725 0.980274 0.711211 0.819455 0.944466 0.727709 0.704498 0.979003 0.957828 0.756712 0.875238 0.720385 0.668918 0.874721 0.364911 0.389724 0.482562 0.684169 0.374767 0.400803 0.609915 0.588619 0.918384 0.821574 0.656460 0.938232 0.828196 0.573078 0.417857 0.710594 0.650676 0.785973
0.827472 0.781731 0.587467 0.989738 0.936815 0.819138 0.601673 0.967774 0.000000 0.904849 0.875798 0.779568 0.937280 0.716582 0.952525 0.864598 0.881268 0.838476 0.842206 0.755350 0.912102 0.907744 0.943573 0.743942 0.814292 0.683251 0.881647 0.998637 0.858697 0.902818 0.689512 0.742670 0.927962 0.946553 0.659954 0.845669 0.920444 0.915798 0.929240 0.953075 0.827025 0.970742 0.644883 0.798495 0.673866 0.881747 0.924381 0.822875 0.918542 0.880720 0.984624 0.981066 0.991471 0.859344 0.952478 0.920758 0.766388 0.693623 0.818380 0.817731 0.861409 0.969867 0.884280 0.838421 0.650331 0.624046 0.643625 0.624842 0.675107 0.753078 0.954149 0.876168 0.818323 0.955328 0.941469 0.852032 0.931692 0.919064 0.953754 0.871690 0.886947 0.789037 0.796567 0.766821 0.893990 0.807678 0.732769 0.691787 0.876679 0.915506 0.635497 0.566107 0.594983 0.619929 0.898212 0.967161 0.982788 0.837930 0.758819 0.786465 0.765425 0.846770 0.999535 0.914302 0.827855 0.739881 0.984413 0.699029 0.876577 0.936465 0.877446 0.843071 0.829306 0.913841 0.765247 0.832681
0.424277 0.419317 0.988955 0.703342 0.751813 0.740586 0.521567 0.273561 0.904849 0.000000 0.339213 0.393858 0.395445 0.468284 0.510702 0.631903 0.293707 0.300642 0.422453 0.486587 0.878072 0.910035 0.957477 0.869790 0.783117 0.939654 0.812458 0.974306 0.345432 0.308624 0.479238 0.546296 0.363408 0.354126 0.878509 0.860034 0.770116 0.865583 0.958357 0.914790 0.798428 0.800264 0.450597 0.309310 0.437507 0.296252 0.479188 0.357309 0.395219 0.537990 0.469839 0.532691 0.578119 0.618554 0.693034 0.588842 0.406261 0.532058 0.431169 0.627122 0.392587 0.390795 0.332323 0.306556 0.775874 0.892177 0.817153 0.752541 0.801505 0.689296 0.562179 0.478383 0.513237 0.532876 0.788050 0.910858 0.505834 0.491034 0.424496 0.413678 0.276634 0.372227 0.495803 0.520515 0.770605 0.934363 0.856576 0.945186 0.969107 0.685110 0.806651 0.878960 0.895542 0.745153 0.981471 0.773621 0.609377 0.938375 0.440395 0.393986 0.597321 0.790360 0.441240 0.468706 0.688256 0.720747 0.946609 0.842446 0.644678 0.957112 0.900519 0.554891 0.530911 0.780318 0.729644 0.760177
0.228015 0.254467 0.747795 0.701525 0.659620 0.800740 0.768012 0.274693 0.875798 0.339213 0.000000 0.207936 0.264514 0.252786 0.479871 0.490223 0.191660 0.189476 0.228829 0.293930 0.993971 0.940296 0.886346 0.847590 0.543867 0.726394 0.967306 0.958716 0.218162 0.188387 0.736709 0.726990 0.419018 0.348018 0.706073 0.685549 0.944606 0.924524 0.971780 0.807211 0.652374 0.686219 0.633803 0.427693 0.675115 0.339081 0.501110 0.424366 0.269129 0.314677 0.328712 0.344349 0.422065 0.463642 0.576217 0.518720 0.314393 0.312787 0.299381 0.371897 0.400546 0.254640 0.201460 0.182492 0.505510 0.715222 0.942992 0.996195 0.617616 0.532423 0.734598 0.657216 0.360354 0.377208 0.752249 0.798188 0.416848 0.462938 0.365831 0.372615 0.238268 0.279390 0.508099 0.563829 0.833050 0.889862 0.657553 0.974984 0.961751 0.628168 0.890571 0.716450 0.677678 0.492029 0.941524 0.714717 0.707075 0.704469 0.510116 0.550417 0.588944 0.788247 0.450149 0.406853 0.696062 0.802005 0.994083 0.972003 0.718872 0.833637 0.931010 0.768370 0.513374 0.739845 0.748746 0.730817
0.180116 0.183860 0.571503 0.737370 0.649720 0.749014 0.971777 0.313035 0.779568 0.393858 0.207936 0.000000 0.289402 0.169872 0.506362 0.434295 0.206884 0.194782 0.234012 0.217077 0.971980 0.843672 0.897597 0.993505 0.478874 0.596066 0.978127 0.994638 0.245019 0.210979 0.825064 0.821419 0.544237 0.380688 0.567556 0.589461 0.965373 0.950022 0.984676 0.859846 0.710252 0.743321 0.770726 0.480922 0.803985 0.388722 0.558558 0.485487 0.218614 0.243219 0.311561 0.313544 0.396201 0.488109 0.621115 0.479651 0.249397 0.216245 0.356327 0.291534 0.559933 0.228215 0.224339 0.171596 0.369619 0.645852 0.750037 0.804274 0.489325 0.413685 0.687926 0.701320 0.402509 0.418929 0.746899 0.802518 0.395076 0.459510 0.463534 0.331708 0.240782 0.240498 0.463839 0.564677 0.835759 0.787044 0.696112 0.874410 0.911628 0.638219 0.959693 0.575595 0.525480 0.397629 0.927014 0.678119 0.838227 0.654709 0.585381 0.654536 0.690438 0.903068 0.476331 0.507138 0.736046 0.902074 0.981682 0.941614 0.755097 0.855604 0.863293 0.864106 0.519572 0.816346 0.829881 0.698788
0.327994 0.404587 0.898613 0.714740 0.747802 0.727374 0.663014 0.341163 0.937280 0.395445 0.264514 0.289402 0.000000 0.325992 0.378498 0.418959 0.317987 0.305919 0.360005 0.493351 0.954807 0.949905 0.999439 0.889087 0.589306 0.746257 0.985764 0.974478 0.343503 0.265552 0.692645 0.748984 0.436199 0.402954 0.751043 0.734716 0.976882 0.878534 0.957082 0.996154 0.777632 0.793750 0.529310 0.365451 0.671921 0.391282 0.490925 0.442170 0.392834 0.394490 0.408827 0.401322 0.469534 0.487700 0.707871 0.602877 0.410058 0.450599 0.279311 0.376829 0.351066 0.399045 0.209063 0.246700 0.694950 0.795709 0.874708 0.890278 0.813281 0.662498 0.645593 0.634322 0.532786 0.524346 0.844982 0.777424 0.441689 0.423992 0.424632 0.471682 0.381063 0.432519 0.523587 0.661934 0.924903 0.983574 0.724856 0.948788 0.951672 0.712196 0.805419 0.806158 0.816600 0.599225 0.973543 0.679830 0.693690 0.828797 0.452953 0.515226 0.534596 0.781111 0.396886 0.438085 0.607880 0.655107 0.971573 0.876449 0.662704 0.829780 0.976436 0.740047 0.487121 0.709030 0.622551 0.704532
0.232723 0.245434 0.551268 0.771463 0.683822 0.743798 0.966035 0.365321 0.716582 0.468284 0.252786 0.169872 0.325992 0.000000 0.495563 0.375636 0.273294 0.255562 0.279668 0.288590 0.984638 0.860817 0.963445 0.906004 0.512602 0.586243 0.962406 0.981658 0.281469 0.241820 0.844749 0.885127 0.583301 0.413534 0.574578 0.587480 0.987596 0.982600 0.950164 0.829296 0.745407 0.720472 0.812302 0.542680 0.877490 0.427222 0.619655 0.561495 0.295602 0.282723 0.385110 0.368711 0.474187 0.554003 0.727746 0.591649 0.309138 0.259255 0.365394 0.304933 0.601796 0.291045 0.238177 0.209285 0.398939 0.664810 0.756815 0.765629 0.550034 0.465880 0.712179 0.764008 0.480074 0.480124 0.722649 0.757953 0.472249 0.526264 0.503905 0.409769 0.304388 0.270607 0.511890 0.577985 0.820814 0.732374 0.657328 0.867021 0.876112 0.659379 0.883715 0.534579 0.492353 0.358932 0.974784 0.741007 0.942430 0.609358 0.662322 0.705127 0.748880 0.926470 0.551603 0.524184 0.727215 0.881743 0.993098 0.876994 0.760729 0.884471 0.899498 0.919989 0.577282 0.865747 0.898907 0.746014
0.585915 0.622973 0.944172 0.817986 0.949908 0.757207 0.759567 0.539026 0.952525 0.510702 0.479871 0.506362 0.378498 0.495563 0.000000 0.378057 0.519369 0.518980 0.574573 0.668056 0.992616 0.962183 0.708298 0.934525 0.739901 0.874403 0.978422 0.995038 0.532406 0.428645 0.579031 0.702931 0.490684 0.501373 0.905883 0.813922 0.865733 0.813392 0.989849 0.926856 0.970605 0.940180 0.590732 0.477528 0.755063 0.496415 0.700959 0.568824 0.618038 0.638132 0.721311 0.686957 0.787178 0.806391 0.963607 0.891757 0.553807 0.597443 0.524413 0.565956 0.540025 0.544208 0.349331 0.435806 0.937537 0.996483 0.796073 0.804021 0.998362 0.861257 0.683304 0.654410 0.796860 0.873183 0.897992 0.899607 0.629923 0.627494 0.581652 0.637363 0.557250 0.561699 0.608944 0.826074 0.767446 0.697221 0.830462 0.974894 0.970346 0.760291 0.952051 0.802539 0.807758 0.701228 0.905557 0.783598 0.818852 0.805343 0.684657 0.675388 0.701144 0.906744 0.702543 0.648254 0.763286 0.778260 0.914027 0.921343 0.737289 0.969842 0.939902 0.847281 0.743468 0.843240 0.652990 0.839255
0.557670 0.564643 0.740630 0.850854 0.887690 0.724609 0.989517 0.602715 0.864598 0.631903 0.490223 0.434295 0.418959 0.375636 0.378057 0.000000 0.534148 0.554819 0.543600 0.633187 0.989186 0.871495 0.814004 0.761358 0.653720 0.675119 0.913033 0.998302 0.562035 0.442911 0.767734 0.875058 0.661626 0.636346 0.754380 0.778744 0.958349 0.796036 0.988582 0.934045 0.969324 0.938531 0.770691 0.599878 0.985335 0.660607 0.751857 0.669863 0.611784 0.591107 0.694137 0.675974 0.816406 0.854383 0.934440 0.960899 0.544464 0.566937 0.546903 0.509904 0.725372 0.585413 0.423186 0.426503 0.723138 0.851549 0.924329 0.943001 0.834327 0.683163 0.709067 0.718895 0.812202 0.766506 0.823298 0.849183 0.720011 0.538627 0.634984 0.586429 0.562488 0.523755 0.692716 0.794532 0.786516 0.615507 0.762382 0.858598 0.992627 0.830849 0.822469 0.625204 0.587642 0.549999 0.963833 0.760589 0.893291 0.689911 0.853064 0.858505 0.800721 0.983202 0.697622 0.651713 0.784560 0.765442 0.990845 0.882824 0.783590 0.858622 0.892630 0.996693 0.743386 0.841774 0.783770 0.827558
0.230628 0.233202 0.737738 0.685996 0.639670 0.848742 0.789369 0.288890 0.881268 0.293707 0.191660 0.206884 0.317987 0.273294 0.519369 0.534148 0.000000 0.153290 0.237312 0.268173 0.884741 0.871123 0.925848 0.861962 0.569126 0.700789 0.878315 0.949950 0.227802 0.185279 0.703255 0.700552 0.405409 0.297820 0.700796 0.730386 0.833997 0.843444 0.990043 0.794258 0.696410 0.716840 0.636194 0.399500 0.632514 0.334604 0.478521 0.381484 0.254468 0.373607 0.360332 0.415066 0.463716 0.558445 0.527846 0.481373 0.244683 0.306551 0.343021 0.436839 0.467421 0.278318 0.217807 0.172801 0.495810 0.709094 0.913187 0.972210 0.582091 0.530210 0.675476 0.599243 0.361756 0.399735 0.761847 0.868655 0.400958 0.480104 0.412104 0.330575 0.187499 0.228578 0.471317 0.473361 0.734907 0.809239 0.713500 0.938879 0.923836 0.585069 0.991873 0.636295 0.640897 0.450163 0.903274 0.707214 0.769657 0.735852 0.490921 0.535977 0.692163 0.862597 0.420826 0.473375 0.754219 0.846646 0.895487 0.983823 0.736777 0.843793 0.960779 0.728185 0.493221 0.843835 0.801828 0.696342
0.206201 0.212729 0.740687 0.702351 0.661086 0.809209 0.797834 0.281822 0.838476 0.300642 0.189476 0.194782 0.305919 0.255562 0.518980 0.554819 0.153290 0.000000 0.219012 0.254182 0.873950 0.849814 0.895254 0.861386 0.558663 0.699804 0.857231 0.978838 0.191056 0.175560 0.713107 0.675022 0.386351 0.308402 0.725111 0.683706 0.869649 0.842744 0.988320 0.800672 0.598050 0.720744 0.631778 0.402921 0.635500 0.322508 0.507281 0.372796 0.236582 0.342332 0.333731 0.379433 0.435380 0.514920 0.508910 0.466593 0.242784 0.272540 0.333728 0.402894 0.434659 0.264612 0.206423 0.167414 0.479623 0.680942 0.899997 0.964720 0.570163 0.520896 0.686462 0.623623 0.329889 0.379751 0.758616 0.769348 0.375299 0.457054 0.399956 0.305725 0.191890 0.232986 0.463396 0.512162 0.770855 0.855700 0.708582 0.942372 0.908088 0.634876 0.970299 0.643618 0.633148 0.451519 0.918834 0.710305 0.751638 0.749310 0.488537 0.520947 0.661790 0.832275 0.408218 0.440614 0.684015 0.866430 0.955476 0.971300 0.765025 0.899298 0.996480 0.758051 0.471128 0.825120 0.796421 0.734785
0.254491 0.251605 0.627717 0.789671 0.579914 0.822198 0.875332 0.345035 0.842206 0.422453 0.228829 0.234012 0.360005 0.279668 0.574573 0.543600 0.237312 0.219012 0.000000 0.261774 0.912151 0.922161 0.889918 0.901839 0.542347 0.606361 0.951464 0.978453 0.252895 0.231667 0.787722 0.781760 0.452082 0.374858 0.660250 0.672178 0.978522 0.902943 0.968448 0.913789 0.659251 0.786829 0.748189 0.523380 0.752324 0.452897 0.559332 0.455418 0.315118 0.351452 0.405951 0.420444 0.512701 0.574556 0.535751 0.514467 0.278379 0.308483 0.373448 0.434837 0.570667 0.311992 0.271205 0.247671 0.421239 0.576636 0.807601 0.869102 0.550089 0.495822 0.702238 0.707248 0.385748 0.399578 0.791308 0.832612 0.360222 0.577163 0.446149 0.340287 0.256942 0.276848 0.539480 0.488226 0.844334 0.916851 0.705464 0.883420 0.879854 0.649980 0.981888 0.599403 0.604159 0.445175 0.824510 0.695132 0.823334 0.658297 0.630156 0.684377 0.685680 0.909999 0.475235 0.503580 0.768346 0.868311 0.960727 0.894346 0.749963 0.968110 0.848403 0.834424 0.572223 0.851372 0.933596 0.686691
0.233368 0.204258 0.572510 0.681574 0.658512 0.821417 0.968544 0.364675 0.755350 0.486587 0.293930 0.217077 0.493351 0.288590 0.668056 0.633187 0.268173 0.254182 0.261774 0.000000 0.936664 0.855125 0.896895 0.961733 0.626049 0.670011 0.969543 0.966015 0.282571 0.297717 0.899390 0.801254 0.609535 0.427943 0.616604 0.574989 0.960593 0.796171 0.987886 0.772725 0.668877 0.733423 0.925608 0.641525 0.883991 0.496095 0.670034 0.538127 0.269512 0.297289 0.381750 0.403453 0.484447 0.593206 0.564671 0.478486 0.255164 0.223338 0.459520 0.399871 0.721999 0.263653 0.374283 0.300562 0.384149 0.632531 0.619337 0.721978 0.400679 0.348126 0.816585 0.839598 0.396049 0.472715 0.726823 0.825741 0.412666 0.612026 0.528710 0.363448 0.251569 0.222708 0.429286 0.492942 0.755479 0.761875 0.682640 0.804393 0.832195 0.669331 0.868038 0.565191 0.561319 0.442039 0.896108 0.756926 0.889333 0.661845 0.713143 0.773877 0.826694 0.969153 0.598744 0.671279 0.785879 0.997871 0.950739 0.881811 0.867309 0.935409 0.925439 0.891552 0.623459 0.826755 0.954379 0.679993
0.886857 0.927183 0.991759 0.999106 0.966980 0.932587 0.989780 0.970260 0.912102 0.878072 0.993971 0.971980 0.954807 0.984638 0.992616 0.989186 0.884741 0.873950 0.912151 0.936664 0.000000 0.891889 0.957705 0.975962 0.877174 0.841909 0.858332 0.962352 0.923039 0.906771 0.917322 0.914354 0.937279 0.938772 0.939084 0.909267 0.753187 0.863821 0.780893 0.792732 0.729174 0.873390 0.911821 0.874844 0.867001 0.853079 0.823787 0.833316 0.839721 0.996154 0.933177 0.992681 0.993486 0.911656 0.835670 0.817887 0.884626 0.945323 0.922947 0.971719 0.946214 0.940234 0.953356 0.917613 0.956985 0.851638 0.899501 0.944245 0.865963 0.890602 0.986466 0.941638 0.901505 0.858610 0.865014 0.907698 0.982617 0.893468 0.957824 0.836934 0.820660 0.845895 0.865903 0.840545 0.822773 0.948328 0.900168 0.991394 0.993806 0.894989 0.799297 0.915897 0.912489 0.899472 0.932196 0.936620 0.972117 0.924250 0.912468 0.923313 0.977483 0.901578 0.866197 0.842781 0.990664 0.976333 0.876335 0.934236 0.943887 0.852550 0.995255 0.962808 0.939555 0.914838 0.926412 0.998796
0.845380 0.797420 0.931285 0.981549 0.993165 0.948484 0.860276 0.954837 0.907744 0.910035 0.940296 0.843672 0.949905 0.860817 0.962183 0.871495 0.871123 0.849814 0.922161 0.855125 0.891889 0.000000 0.918993 0.948489 0.987806 0.918084 0.867651 0.912499 0.911648 0.902973 0.945794 0.998206 0.990779 0.949216 0.913375 0.913248 0.895547 0.644414 0.913814 0.960948 0.844190 0.851684 0.986550 0.947098 0.989020 0.943179 0.895692 0.947735 0.805570 0.887670 0.853195 0.906394 0.954238 0.953171 0.915094 0.949344 0.908667 0.850482 0.993219 0.838516 0.987162 0.856428 0.936034 0.855422 0.858716 0.951633 0.867538 0.917188 0.921619 0.928815 0.953638 0.988621 0.932377 0.862080 0.928639 0.969731 0.932349 0.941439 0.889477 0.849480 0.842750 0.798163 0.947244 0.835889 0.855465 0.837180 0.810227 0.942737 0.960997 0.807126 0.906523 0.769883 0.829482 0.863413 0.981007 0.885618 0.985251 0.873363 0.973878 0.987949 0.928253 0.916639 0.999171 0.964470 0.905262 0.970694 0.861752 0.819043 0.892323 0.918622 0.987662 0.948567 0.941558 0.816645 0.941608 0.937433
0.825189 0.833599 0.736251 0.879548 0.789475 0.872775 0.948950 0.920607 0.943573 0.957477 0.886346 0.897597 0.999439 0.963445 0.708298 0.814004 0.925848 0.895254 0.889918 0.896895 0.957705 0.918993 0.000000 0.486201 0.801739 0.894046 0.967474 0.879166 0.966763 0.982515 0.812322 0.970022 0.861680 0.971349 0.893233 0.838859 0.735007 0.743591 0.916384 0.943231 0.842577 0.897944 0.937461 0.857079 0.888948 0.882905 0.897581 0.842876 0.800483 0.742789 0.626953 0.622185 0.571550 0.523387 0.628294 0.612876 0.964645 0.909105 0.947030 0.865318 0.913759 0.836037 0.991295 0.881012 0.666208 0.904362 0.906870 0.996772 0.834251 0.826116 0.972440 0.900022 0.735204 0.653611 0.957179 0.926253 0.726895 0.854810 0.859341 0.850920 0.910364 0.963111 0.875166 0.975636 0.594207 0.537022 0.845121 0.734268 0.940831 0.984913 0.742975 0.774283 0.996871 0.906054 0.998302 0.821087 0.997038 0.966433 0.720493 0.738111 0.664232 0.717969 0.751235 0.721995 0.939721 0.971443 0.793964 0.695393 0.983171 0.830850 0.972036 0.859353 0.771991 0.827060 0.900520 0.944393
0.913417 0.934989 0.850104 0.993895 0.911536 0.883781 0.645873 0.773435 0.743942 0.869790 0.847590 0.993505 0.889087 0.906004 0.934525 0.761358 0.861962 0.861386 0.901839 0.961733 0.975962 0.948489 0.486201 0.000000 0.953369 0.851781 0.907616 0.919148 0.898100 0.924830 0.876492 0.731417 0.851663 0.771302 0.887073 0.932469 0.967114 0.778576 0.816839 0.949023 0.836649 0.891991 0.673247 0.688546 0.647207 0.790230 0.734677 0.763641 0.871013 0.886971 0.748377 0.761841 0.737735 0.632479 0.632372 0.723708 0.919092 0.991193 0.893568 0.998431 0.730190 0.877727 0.890557 0.910456 0.979279 0.929199 0.726224 0.608571 0.899047 0.945649 0.894236 0.826730 0.688216 0.731474 0.854079 0.908539 0.657475 0.748965 0.723593 0.949475 0.896233 0.952675 0.923176 0.910751 0.744932 0.533002 0.923345 0.564765 0.943043 0.991393 0.537674 0.580061 0.656058 0.718277 0.901866 0.919175 0.791588 0.829552 0.532380 0.616926 0.648542 0.640437 0.732425 0.773390 0.888610 0.864548 0.975238 0.596063 0.920335 0.881405 0.847683 0.767150 0.736420 0.869937 0.680495 0.965959
0.550606 0.558242 0.547845 0.926407 0.901529 0.793349 0.870468 0.673019 0.814292 0.783117 0.543867 0.478874 0.589306 0.512602 0.739901 0.653720 0.569126 0.558663 0.542347 0.626049 0.877174 0.987806 0.801739 0.953369 0.000000 0.455938 0.823353 0.986343 0.607726 0.540310 0.907251 0.971656 0.844081 0.736298 0.631462 0.734455 0.792812 0.839171 0.995374 0.895180 0.737599 0.954677 0.873798 0.726846 0.960254 0.742453 0.595346 0.764759 0.537476 0.534595 0.587139 0.550723 0.596680 0.603927 0.728957 0.711209 0.664063 0.590839 0.606373 0.520969 0.729271 0.602054 0.513038 0.506893 0.422171 0.595971 0.801809 0.832641 0.787821 0.748807 0.876426 0.938247 0.572242 0.556318 0.930391 0.782906 0.674301 0.676230 0.801792 0.632806 0.653172 0.716343 0.821331 0.995935 0.807395 0.920977 0.768695 0.867797 0.759813 0.852091 0.986670 0.821520 0.657387 0.586346 0.930472 0.805346 0.953322 0.730303 0.707727 0.856645 0.778530 0.993907 0.694494 0.661717 0.994868 0.999065 0.995884 0.949310 0.910999 0.758863 0.798639 0.984321 0.741960 0.840582 0.915304 0.918584
0.708394 0.700942 0.380319 0.834203 0.820580 0.988774 0.614401 0.949902 0.683251 0.939654 0.726394 0.596066 0.746257 0.586243 0.874403 0.675119 0.700789 0.699804 0.606361 0.670011 0.841909 0.918084 0.894046 0.851781 0.455938 0.000000 0.939530 0.993843 0.783226 0.692323 0.674597 0.740800 0.911227 0.946910 0.492397 0.684135 0.841538 0.939199 0.853835 0.964369 0.867897 0.896041 0.775744 0.958224 0.717307 0.972545 0.818161 0.975915 0.777389 0.749119 0.850432 0.851402 0.890994 0.948223 0.806992 0.799419 0.686041 0.661354 0.725512 0.719758 0.961014 0.852140 0.730073 0.680769 0.457382 0.432960 0.619021 0.582155 0.683056 0.722183 0.980215 0.857395 0.715881 0.771267 0.921199 0.958331 0.837163 0.896216 0.831196 0.822578 0.800811 0.730869 0.801482 0.879693 0.813047 0.999250 0.728189 0.755011 0.821546 0.850019 0.579848 0.560104 0.419766 0.511011 0.783982 0.798710 0.928970 0.593779 0.952182 0.873663 0.903911 0.704420 0.902667 0.908164 0.941636 0.808017 0.930887 0.663945 0.979224 0.823145 0.745343 0.776553 0.953529 0.898630 0.855051 0.805252
0.968872 0.989960 0.825823 0.924282 0.973286 0.943254 0.712429 0.863999 0.881647 0.812458 0.967306 0.978127 0.985764 0.962406 0.978422 0.913033 0.878315 0.857231 0.951464 0.969543 0.858332 0.867651 0.967474 0.907616 0.823353 0.939530 0.000000 0.926236 0.914765 0.943860 0.916290 0.761322 0.782977 0.842627 0.650065 0.886652 0.938151 0.996767 0.942195 0.901646 0.879469 0.990766 0.692956 0.800640 0.701763 0.850848 0.844916 0.755228 0.935595 0.878133 0.945903 0.980787 0.976438 0.929153 0.783264 0.942759 0.954746 0.867402 0.995395 0.862499 0.768294 0.974998 0.892536 0.919338 0.988204 0.979028 0.712881 0.693573 0.833550 0.743846 0.866050 0.854861 0.832273 0.854544 0.990475 0.957206 0.874092 0.998729 0.983820 0.873501 0.891370 0.978932 0.906459 0.930214 0.989545 0.877790 0.991165 0.820334 0.818315 0.963254 0.810584 0.803568 0.822467 0.935225 0.922980 0.904208 0.977986 0.802191 0.702367 0.726632 0.846698 0.795565 0.833992 0.801197 0.916782 0.962561 0.977972 0.810415 0.896329 0.910309 0.857326 0.841754 0.769239 0.846594 0.924176 0.726179
0.977822 0.956043 0.943036 0.993583 0.950221 0.986565 0.995600 0.959355 0.998637 0.974306 0.958716 0.994638 0.974478 0.981658 0.995038 0.998302 0.949950 0.978838 0.978453 0.966015 0.962352 0.912499 0.879166 0.919148 0.986343 0.993843 0.926236 0.000000 0.951624 0.944844 0.929742 0.867766 0.981257 0.927954 0.987742 0.782329 0.859744 0.962979 0.898171 0.923380 0.884316 0.944269 0.979416 0.895296 0.902218 0.960344 0.965897 0.999795 0.927169 0.990478 0.950108 0.981752 0.942045 0.969703 0.940135 0.902465 0.969855 0.979702 0.965331 0.977021 0.982984 0.990019 0.948325 0.953365 0.983255 0.960190 0.865958 0.917401 0.967131 0.960274 0.965041 0.985884 0.912284 0.969309 0.984712 0.947034 0.943535 0.831115 0.995078 0.907264 0.946630 0.979360 0.934093 0.941008 0.893979 0.953628 0.927626 0.927749 0.884676 0.656452 0.990346 0.952758 0.965890 0.929094 0.926067 0.750105 0.991957 0.845287 0.782291 0.869714 0.833744 0.927018 0.894448 0.973379 0.967422 0.951252 0.849542 0.986848 0.950608 0.943885 0.932924 0.924896 0.872666 0.933776 0.971331 0.929564
0.239225 0.229075 0.740070 0.724240 0.718219 0.746279 0.847302 0.299792 0.858697 0.345432 0.218162 0.245019 0.343503 0.281469 0.532406 0.562035 0.227802 0.191056 0.252895 0.282571 0.923039 0.911648 0.966763 0.898100 0.607726 0.783226 0.914765 0.951624 0.000000 0.193048 0.670761 0.599533 0.401111 0.316237 0.737481 0.706604 0.894042 0.870343 0.956465 0.791220 0.627995 0.679221 0.659289 0.449436 0.671743 0.321107 0.530776 0.425505 0.249532 0.303043 0.323939 0.353182 0.421892 0.488767 0.587112 0.471598 0.298752 0.282624 0.330786 0.384706 0.469571 0.253897 0.239145 0.213213 0.490706 0.699920 0.867229 0.934214 0.619879 0.518233 0.737153 0.741094 0.349601 0.423039 0.715557 0.789391 0.415352 0.474656 0.393803 0.308611 0.226348 0.271543 0.469942 0.536115 0.735995 0.850839 0.766156 0.933767 0.907074 0.654158 0.918992 0.650830 0.698654 0.472168 0.884395 0.715762 0.759549 0.705054 0.544007 0.601640 0.668409 0.808187 0.447485 0.467766 0.626455 0.858388 0.974036 0.985838 0.767766 0.997042 0.984569 0.819633 0.503187 0.776648 0.900188 0.751579
0.229560 0.245450 0.717315 0.765351 0.723609 0.725827 0.818013 0.295379 0.902818 0.308624 0.188387 0.210979 0.265552 0.241820 0.428645 0.442911 0.185279 0.175560 0.231667 0.297717 0.906771 0.902973 0.982515 0.924830 0.540310 0.692323 0.943860 0.944844 0.193048 0.000000 0.627528 0.650606 0.395884 0.300086 0.683596 0.681927 0.859673 0.932984 0.990582 0.836102 0.627117 0.706890 0.590496 0.372374 0.657114 0.316493 0.468573 0.389006 0.248013 0.324591 0.355954 0.375950 0.452219 0.528598 0.613255 0.549185 0.278622 0.292438 0.310426 0.364460 0.452883 0.270105 0.190896 0.161912 0.499344 0.671887 0.886580 0.966112 0.656703 0.533944 0.693179 0.643690 0.399240 0.427298 0.819637 0.823500 0.406410 0.456533 0.400824 0.330604 0.207996 0.269015 0.490109 0.533249 0.789880 0.837822 0.704319 0.991630 0.920168 0.660834 0.999334 0.612654 0.626202 0.409190 0.896546 0.722426 0.746468 0.643556 0.556696 0.596131 0.625543 0.852857 0.444692 0.436387 0.691299 0.842218 0.999370 0.995551 0.673420 0.890643 0.971490 0.751804 0.513092 0.772467 0.797442 0.739985
0.770656 0.777021 0.729612 0.856818 0.971838 0.779966 0.518895 0.559389 0.689512 0.479238 0.736709 0.825064 0.692645 0.844749 0.579031 0.767734 0.703255 0.713107 0.787722 0.899390 0.917322 0.945794 0.812322 0.876492 0.907251 0.674597 0.916290 0.929742 0.670761 0.627528 0.000000 0.404423 0.488561 0.540833 0.828991 0.988827 0.745263 0.980851 0.887535 0.984949 0.971841 0.978068 0.369405 0.395691 0.417533 0.429289 0.683683 0.518755 0.703816 0.828111 0.781770 0.781266 0.811932 0.811005 0.979525 0.915988 0.737378 0.844797 0.810150 0.828867 0.599806 0.688762 0.636096 0.687752 0.886418 0.781244 0.725963 0.530993 0.806059 0.953478 0.682172 0.689297 0.914850 0.830519 0.814464 0.902195 0.668708 0.652498 0.744333 0.702310 0.652730 0.791404 0.854161 0.870950 0.754664 0.912688 0.991185 0.675769 0.913409 0.839577 0.717897 0.930517 0.826806 0.997721 0.833823 0.940364 0.810731 0.978251 0.641519 0.595092 0.583219 0.725719 0.642918 0.685885 0.693626 0.701270 0.911524 0.816597 0.740246 0.839220 0.737901 0.615818 0.645478 0.927164 0.695130 0.950752
0.765315 0.769334 0.801010 0.851537 0.885713 0.713878 0.554691 0.585137 0.742670 0.546296 0.726990 0.821419 0.748984 0.885127 0.702931 0.875058 0.700552 0.675022 0.781760 0.801254 0.914354 0.998206 0.970022 0.731417 0.971656 0.740800 0.761322 0.867766 0.599533 0.650606 0.404423 0.000000 0.464725 0.522665 0.824639 0.931206 0.745406 0.885622 0.773626 0.887030 0.897453 0.982886 0.444499 0.467479 0.468109 0.486274 0.663471 0.481219 0.699717 0.804308 0.749721 0.774914 0.837741 0.778282 0.854644 0.812074 0.726152 0.855766 0.830073 0.851260 0.662074 0.685261 0.681051 0.712335 0.969379 0.860807 0.827044 0.610943 0.840984 0.926681 0.571299 0.683978 0.804551 0.870016 0.816045 0.887082 0.644161 0.680610 0.682536 0.653591 0.643416 0.783248 0.805245 0.916242 0.816353 0.955296 0.946549 0.674605 0.940854 0.914722 0.725289 0.928468 0.799177 0.997136 0.955868 0.992381 0.767029 0.955600 0.657810 0.670975 0.683123 0.801415 0.646840 0.750633 0.691044 0.889926 0.965371 0.800377 0.761035 0.790948 0.684966 0.591468 0.727998 0.829342 0.791991 0.937925
0.530048 0.555015 0.793310 0.595698 0.873949 0.695824 0.458514 0.371382 0.927962 0.363408 0.419018 0.544237 0.436199 0.583301 0.490684 0.661626 0.405409 0.386351 0.452082 0.609535 0.937279 0.990779 0.861680 0.851663 0.844081 0.911227 0.782977 0.981257 0.401111 0.395884 0.488561 0.464725 0.000000 0.375795 0.928660 0.988672 0.681430 0.902627 0.847109 0.829954 0.797557 0.868271 0.417690 0.365273 0.429816 0.353850 0.610225 0.387440 0.534523 0.653478 0.613513 0.642017 0.712542 0.689752 0.740143 0.752714 0.499719 0.627605 0.518719 0.705896 0.396087 0.504458 0.376976 0.419540 0.941611 0.981183 0.704892 0.636855 0.970823 0.805973 0.669445 0.604495 0.609823 0.624436 0.801250 0.921347 0.522302 0.559200 0.475598 0.446407 0.407630 0.517870 0.607008 0.586813 0.698576 0.865009 0.956865 0.956415 0.991182 0.709553 0.788491 0.918874 0.971645 0.800991 0.932326 0.848575 0.705681 0.924796 0.518942 0.518520 0.650454 0.727784 0.510502 0.506462 0.592228 0.703826 0.965959 0.831094 0.665524 0.915719 0.885746 0.597937 0.542058 0.733124 0.769198 0.851555
0.378351 0.393442 0.905517 0.734956 0.743786 0.798779 0.617358 0.304309 0.946553 0.354126 0.348018 0.380688 0.402954 0.413534 0.501373 0.636346 0.297820 0.308402 0.374858 0.427943 0.938772 0.949216 0.971349 0.771302 0.736298 0.946910 0.842627 0.927954 0.316237 0.300086 0.540833 0.522665 0.375795 0.000000 0.903488 0.810728 0.810616 0.836651 0.922593 0.901790 0.784122 0.800683 0.481307 0.321052 0.478500 0.310924 0.498894 0.398667 0.374686 0.472703 0.475005 0.494520 0.567845 0.603062 0.741856 0.644599 0.404736 0.453312 0.454500 0.550481 0.449820 0.356758 0.276390 0.306285 0.678176 0.913319 0.906329 0.771787 0.825229 0.721099 0.567780 0.617788 0.509377 0.574267 0.773290 0.911139 0.367833 0.555498 0.432327 0.417344 0.329807 0.409037 0.529039 0.555855 0.748102 0.874539 0.806061 0.861017 0.955913 0.709199 0.872132 0.792365 0.844262 0.662487 0.987504 0.689297 0.808608 0.937903 0.466233 0.543610 0.636276 0.766208 0.454655 0.516720 0.718539 0.813405 0.905897 0.885578 0.668333 0.998706 0.897040 0.622376 0.545573 0.856266 0.778063 0.831725
0.638371 0.632481 0.417150 0.952423 0.877324 0.934987 0.623307 0.843445 0.659954 0.878509 0.706073 0.567556 0.751043 0.574578 0.905883 0.754380 0.700796 0.725111 0.660250 0.616604 0.939084 0.913375 0.893233 0.887073 0.631462 0.492397 0.650065 0.987742 0.737481 0.683596 0.828991 0.824639 0.928660 0.903488 0.000000 0.782658 0.805992 0.954943 0.983663 0.867073 0.935165 0.931200 0.792164 0.972342 0.804506 0.888246 0.916529 0.948335 0.665361 0.614783 0.768528 0.741010 0.784326 0.885820 0.922649 0.838054 0.664285 0.556153 0.780218 0.610542 0.917244 0.726676 0.732253 0.656367 0.501558 0.559179 0.526251 0.541850 0.662836 0.555430 0.798437 0.932810 0.735946 0.881218 0.977789 0.951681 0.893808 0.892585 0.850520 0.789023 0.735489 0.708642 0.693446 0.820269 0.892159 0.976158 0.768965 0.786353 0.886306 0.834971 0.676548 0.562073 0.551366 0.484632 0.850458 0.817552 0.954145 0.606289 0.936099 0.824796 0.949687 0.764123 0.918203 0.945824 0.802218 0.858547 0.896571 0.771182 0.914638 0.961846 0.830117 0.869102 0.939395 0.859009 0.777393 0.727223
0.550415 0.571101 0.604115 0.832643 0.855043 0.879341 0.861540 0.704763 0.845669 0.860034 0.685549 0.589461 0.734716 0.587480 0.813922 0.778744 0.730386 0.683706 0.672178 0.574989 0.909267 0.913248 0.838859 0.932469 0.734455 0.684135 0.886652 0.782329 0.706604 0.681927 0.988827 0.931206 0.988672 0.810728 0.782658 0.000000 0.698110 0.999849 0.970160 0.943941 0.912270 0.949764 0.964804 0.864293 0.980915 0.732949 0.841937 0.756229 0.609300 0.512378 0.575436 0.536402 0.570557 0.639883 0.694403 0.653917 0.571933 0.529656 0.638904 0.512012 0.861206 0.583230 0.712258 0.649736 0.627950 0.760405 0.664320 0.755849 0.610387 0.540686 0.942071 0.991343 0.751099 0.816782 0.946430 0.907550 0.656445 0.887452 0.777155 0.767670 0.729468 0.709953 0.730656 0.843529 0.994642 0.885137 0.637847 0.941116 0.923626 0.892152 0.882259 0.756864 0.616522 0.639486 0.832770 0.999622 0.961762 0.658065 0.910066 0.933406 0.911105 0.987715 0.761259 0.767183 0.831038 0.976575 0.909025 0.928704 0.953623 0.997340 0.979435 0.867065 0.830279 0.991696 0.877161 0.878397
0.974183 0.966453 0.799693 0.925168 0.882015 0.919639 0.836154 0.912321 0.920444 0.770116 0.944606 0.965373 0.976882 0.987596 0.865733 0.958349 0.833997 0.869649 0.978522 0.960593 0.753187 0.895547 0.735007 0.967114 0.792812 0.841538 0.938151 0.859744 0.894042 0.859673 0.745263 0.745406 0.681430 0.810616 0.805992 0.698110 0.000000 0.816724 0.966440 0.660985 0.960194 0.820400 0.870473 0.856433 0.720084 0.850952 0.982549 0.993571 0.962928 0.885250 0.927413 0.872738 0.855193 0.838224 0.920016 0.990467 0.910045 0.968440 0.975373 0.856554 0.930554 0.953330 0.929388 0.919003 0.867577 0.844542 0.875400 0.900691 0.978624 0.970436 0.921693 0.797657 0.969800 0.989846 0.882438 0.861894 0.970483 0.785702 0.954870 0.868276 0.807039 0.788088 0.825219 0.777021 0.662751 0.768611 0.791656 0.850891 0.993930 0.782133 0.876195 0.874127 0.913041 0.938745 0.984682 0.914306 0.894642 0.926658 0.963099 0.923870 0.953370 0.863739 0.975702 0.938078 0.929688 0.973975 0.801619 0.893674 0.820810 0.983413 0.990557 0.797641 0.895590 0.962236 0.973771 0.878515
0.893209 0.858979 0.997037 0.879999 0.862272 0.946369 0.977142 0.927844 0.915798 0.865583 0.924524 0.950022 0.878534 0.982600 0.813392 0.796036 0.843444 0.842744 0.902943 0.796171 0.863821 0.644414 0.743591 0.778576 0.839171 0.939199 0.996767 0.962979 0.870343 0.932984 0.980851 0.885622 0.902627 0.836651 0.954943 0.999849 0.816724 0.000000 0.909814 0.833196 0.657380 0.780988 0.987164 0.978853 0.762082 0.834561 0.957749 0.921111 0.844851 0.959263 0.879043 0.947001 0.892659 0.931854 0.833735 0.772762 0.888664 0.881271 0.945184 0.906212 0.956363 0.829499 0.948424 0.907798 0.895559 0.999144 0.930810 0.977295 0.817181 0.813633 0.980445 0.915229 0.738345 0.783107 0.978637 0.990705 0.842321 0.985692 0.905585 0.804348 0.761656 0.784043 0.830488 0.587222 0.806657 0.974838 0.980242 0.884212 0.970026 0.735699 0.927548 0.860852 0.926687 0.992042 0.942385 0.777045 0.879424 0.941306 0.986444 0.885657 0.934604 0.991231 0.937942 0.927210 0.999944 0.954917 0.978481 0.949086 0.863883 0.999878 0.945949 0.847309 0.981289 0.990811 0.938604 0.815232
