0.000000 0.328555 0.729548 0.855183 0.849499 0.690304 0.792178 0.631522 0.819625 0.699244 0.530256 0.474849 0.751904 0.678160 0.952187 0.838366 0.363903 0.368646 0.510899 0.416345 0.961636 0.873237 0.585308 0.770685 0.756243 0.729798 0.936061 0.912541 0.540936 0.521277 0.860662 0.772960 0.592135 0.551916 0.951712 0.869335 0.922940 0.939098 0.900144 0.942189 0.893131 0.850708 0.569866 0.491706 0.532428 0.522149 0.696334 0.607427 0.586403 0.513003 0.726897 0.701835 0.873452 0.897187 0.949111 0.803405 0.312250 0.414948 0.578068 0.942257 0.659526 0.778700 0.485101 0.418528 0.669247 0.908719 0.766089 0.788391 0.689888 0.603726 0.864073 0.833336 0.835204 0.717600 0.965187 0.701619 0.684190 0.758658 0.755252 0.683599 0.454129 0.550873 0.762244 0.795242 0.814115 0.865247 0.952216 0.706020 0.813512 0.920086 0.599882 0.749891 0.713844 0.922529 0.777080 0.831364 0.774731 0.807629 0.464334 0.506566 0.692033 0.798997 0.448875 0.582469 0.829269 0.804951 0.911246 0.907963 0.928371 0.869394 0.798709 0.621256 0.690982 0.839315 0.810691 0.948198
0.328555 0.000000 0.609151 0.764221 0.856724 0.760008 0.934370 0.745797 0.954443 0.725598 0.675157 0.446688 0.970310 0.791364 0.854605 0.878372 0.322374 0.303901 0.624036 0.529057 0.967632 0.806680 0.613193 0.763272 0.810498 0.717036 0.987336 0.864209 0.539577 0.427975 0.868501 0.830068 0.620150 0.612797 0.871416 0.928786 0.919553 0.846964 0.923266 0.882715 0.842166 0.794035 0.656071 0.570413 0.569018 0.498897 0.827935 0.665148 0.602907 0.529493 0.790753 0.718802 0.973837 0.961862 0.932809 0.713061 0.254794 0.277407 0.717186 0.893094 0.820408 0.726792 0.604878 0.367276 0.629670 0.911351 0.786918 0.807430 0.708780 0.534770 0.865542 0.883371 0.862327 0.725865 0.923625 0.745803 0.728336 0.743473 0.606621 0.579637 0.345854 0.494654 0.770476 0.748698 0.741803 0.900319 0.798909 0.727882 0.741612 0.939654 0.693626 0.851713 0.737573 0.951333 0.751038 0.844507 0.696328 0.865345 0.551956 0.641545 0.747007 0.817655 0.488852 0.639730 0.883663 0.912626 0.962250 0.970029 0.852926 0.871149 0.742957 0.598803 0.711086 0.914511 0.845155 0.893195
0.729548 0.609151 0.000000 0.367673 0.892558 0.923084 0.626963 0.770861 0.723558 0.906749 0.988775 0.645706 0.751705 0.888509 0.719239 0.844363 0.595796 0.559517 0.844115 0.926233 0.999725 0.937259 0.520367 0.708711 0.746970 0.644499 0.913004 0.896992 0.843661 0.635257 0.540807 0.703842 0.798447 0.864140 0.727638 0.819703 0.896879 0.968296 0.802330 0.997051 0.982589 0.704223 0.853348 0.945101 0.907842 0.800764 0.814909 0.898240 0.752409 0.877318 0.999681 0.970845 0.837656 0.739083 0.839796 0.865440 0.627005 0.523348 0.832728 0.764132 0.740825 0.997831 0.846936 0.530987 0.408038 0.521538 0.710263 0.760182 0.803344 0.745139 0.826834 0.884014 0.910619 0.932427 0.992962 0.910881 0.804398 0.795331 0.771251 0.748282 0.507532 0.524409 0.851482 0.619394 0.726826 0.895399 0.888999 0.992403 0.788106 0.987184 0.890567 0.696870 0.988612 0.636244 0.949216 0.957692 0.786049 0.994863 0.950254 0.964852 0.983123 0.751024 0.857970 0.877916 0.888499 0.795961 0.946083 0.761716 0.826713 0.935127 0.981814 0.873569 0.947718 0.989429 0.989967 0.809554
0.855183 0.764221 0.367673 0.000000 0.967079 0.928143 0.762635 0.780494 0.813109 0.771893 0.952375 0.738590 0.779363 0.762738 0.787605 0.950992 0.691944 0.681987 0.818836 0.933428 0.998177 0.936259 0.496798 0.519860 0.613285 0.612600 0.815993 0.724080 0.884505 0.706785 0.492006 0.652531 0.780352 0.863019 0.643868 0.852987 0.783470 0.935382 0.769996 0.996000 0.958425 0.808679 0.848573 0.930253 0.802120 0.713053 0.850146 0.921258 0.622746 0.857937 0.934233 0.974949 0.904412 0.769149 0.735680 0.980300 0.756656 0.655738 0.825152 0.814259 0.873666 0.990163 0.869316 0.608449 0.440366 0.488467 0.725210 0.777104 0.922021 0.824673 0.813025 0.799575 0.762625 0.819574 0.899487 0.865879 0.823000 0.841489 0.927863 0.839014 0.700380 0.709059 0.957060 0.777375 0.728872 0.726459 0.985953 0.981760 0.778712 0.834098 0.920115 0.790479 0.921472 0.698460 0.884679 0.932521 0.812581 0.979660 0.919848 0.966364 0.925398 0.740229 0.899072 0.965555 0.786566 0.791295 0.922571 0.833287 0.754048 0.909317 0.941886 0.789262 0.894650 0.839094 0.988976 0.767883
0.849499 0.856724 0.892558 0.967079 0.000000 0.760187 0.764298 0.814502 0.942234 0.761340 0.730970 0.765161 0.805050 0.808741 0.932982 0.999444 0.963185 0.864457 0.699357 0.695094 0.861264 0.970792 0.895027 0.988518 0.905271 0.794922 0.899502 0.907174 0.894293 0.899393 0.894218 0.773473 0.688392 0.785323 0.826826 0.807840 0.988143 0.893159 0.845917 0.847159 0.991790 0.914043 0.858372 0.871768 0.816766 0.824551 0.902598 0.774629 0.950027 0.922707 0.906716 0.963515 0.889329 0.913776 0.866102 0.999851 0.884542 0.873000 0.834052 0.898867 0.780056 0.939805 0.785140 0.938839 0.970714 0.940668 0.679024 0.723621 0.991507 0.916493 0.815425 0.904993 0.848663 0.764116 0.937928 0.865736 0.825481 0.779576 0.923782 0.988607 0.897062 0.824369 0.963911 0.942981 0.880865 0.941891 0.927962 0.941679 0.893628 0.774027 0.805893 0.747247 0.843198 0.788550 0.928833 0.947071 0.947116 0.993097 0.825752 0.817190 0.899848 0.870953 0.868795 0.903889 0.972740 0.992267 0.882741 0.937642 0.998291 0.928180 0.818490 0.923143 0.908403 0.910047 0.878402 0.885303
0.690304 0.760008 0.923084 0.928143 0.760187 0.000000 0.657302 0.633027 0.670259 0.552486 0.620664 0.631284 0.735518 0.818058 0.953817 0.809573 0.716466 0.704575 0.660265 0.739782 0.968906 0.960790 0.788219 0.826431 0.748307 0.723006 0.796283 0.991350 0.736741 0.719435 0.947249 0.803564 0.816202 0.666141 0.819209 0.851260 0.972326 0.975987 0.974210 0.872718 0.947460 0.865545 0.670046 0.642921 0.636543 0.641463 0.930350 0.725125 0.759992 0.825140 0.885725 0.894630 0.896730 0.817571 0.770384 0.999309 0.684736 0.862789 0.830110 0.983938 0.708267 0.857111 0.743488 0.770099 0.728960 0.891142 0.830181 0.799014 0.987083 0.933937 0.847792 0.789714 0.850229 0.781334 0.904292 0.688688 0.717681 0.782232 0.765875 0.836808 0.910851 0.821103 0.934993 0.998941 0.789043 0.774487 0.954014 0.955916 0.920596 0.685401 0.696982 0.770029 0.735901 0.812541 0.957045 0.942456 0.750177 0.833546 0.581690 0.693499 0.703702 0.722226 0.720767 0.727719 0.976636 0.898479 0.595256 0.949454 0.906357 0.973901 0.901461 0.772101 0.807700 0.757085 0.992979 0.754598
0.792178 0.934370 0.626963 0.762635 0.764298 0.657302 0.000000 0.338645 0.583200 0.471761 0.439972 0.779302 0.503229 0.696445 0.872043 0.946676 0.904663 0.907665 0.453494 0.745338 0.852137 0.937054 0.951603 0.807681 0.626833 0.772245 0.659922 0.815634 0.728874 0.819198 0.861105 0.705581 0.598630 0.467290 0.921335 0.979908 0.984412 0.857387 0.970178 0.948978 0.933970 0.709109 0.541045 0.573088 0.456453 0.582586 0.668742 0.573135 0.698857 0.749929 0.653232 0.662533 0.636139 0.529714 0.895574 0.985758 0.902960 0.903356 0.509220 0.748244 0.351900 0.723113 0.616972 0.911528 0.943357 0.843912 0.533391 0.515895 0.838711 0.952397 0.695000 0.794587 0.898357 0.778072 0.979006 0.703389 0.573341 0.662208 0.935995 0.981279 0.830731 0.841480 0.850793 0.827067 0.895713 0.729604 0.980901 0.781181 0.960817 0.703992 0.451568 0.392461 0.691034 0.541247 0.794674 0.877069 0.837995 0.822512 0.520744 0.516358 0.587276 0.525556 0.783223 0.717622 0.947320 0.706331 0.773810 0.747357 0.842078 0.961328 0.739780 0.754049 0.590706 0.851584 0.950979 0.955974
0.631522 0.745797 0.770861 0.780494 0.814502 0.633027 0.338645 0.000000 0.544947 0.455575 0.418244 0.571747 0.508091 0.518616 0.919033 0.874373 0.720516 0.746508 0.345669 0.611904 0.757230 0.922418 0.850347 0.780195 0.643824 0.783984 0.663101 0.863539 0.575204 0.632970 0.881222 0.655908 0.563952 0.445927 0.876104 0.883385 0.919651 0.938015 0.922084 0.970381 0.937786 0.862745 0.420826 0.463122 0.447831 0.529224 0.688597 0.498136 0.604620 0.669602 0.592704 0.619715 0.626063 0.545807 0.883747 0.916618 0.728036 0.930539 0.529623 0.719325 0.411429 0.608062 0.588431 0.726123 0.860342 0.881319 0.695574 0.588837 0.968914 0.975561 0.720905 0.789377 0.852732 0.788282 0.946343 0.724124 0.602450 0.718080 0.932419 0.830501 0.995834 0.940348 0.905051 0.944119 0.672908 0.632651 0.890390 0.721199 0.948644 0.784103 0.387059 0.445231 0.699070 0.644542 0.745050 0.852985 0.819546 0.765699 0.460941 0.487665 0.498589 0.473996 0.610872 0.586792 0.973804 0.681878 0.791702 0.791991 0.856012 0.976765 0.809718 0.702550 0.598993 0.785726 0.860872 0.925077
0.819625 0.954443 0.723558 0.813109 0.942234 0.670259 0.583200 0.544947 0.000000 0.688810 0.692927 0.839907 0.722481 0.790950 0.901945 0.779442 0.912378 0.940450 0.718067 0.828204 0.799562 0.933490 0.946624 0.898524 0.915383 0.899322 0.900661 0.963629 0.843532 0.947647 0.779509 0.787465 0.764959 0.713858 0.933624 0.811814 0.770194 0.893445 0.915393 0.933019 0.973568 0.891710 0.666936 0.718842 0.686994 0.770224 0.710918 0.739585 0.764848 0.684108 0.628415 0.651786 0.606203 0.550234 0.883837 0.915458 0.915618 0.983051 0.719622 0.676849 0.550793 0.624184 0.981471 0.942123 0.857974 0.767250 0.918388 0.899531 0.962469 0.927942 0.808216 0.851095 0.940582 0.886987 0.938243 0.873805 0.658706 0.822281 0.871136 0.998764 0.838758 0.793418 0.874057 0.947004 0.866845 0.706955 0.982022 0.912449 0.977309 0.879655 0.680923 0.726944 0.885510 0.766605 0.885977 0.995163 0.929990 0.898296 0.675827 0.725473 0.738968 0.797578 0.790227 0.916890 0.971885 0.702246 0.770362 0.833674 0.877246 0.940408 0.944416 0.879126 0.819910 0.891286 0.876939 0.963432
0.699244 0.725598 0.906749 0.771893 0.761340 0.552486 0.471761 0.455575 0.688810 0.000000 0.448705 0.586986 0.655421 0.740535 0.966788 0.880019 0.644137 0.639121 0.535236 0.742489 0.767423 0.891646 0.596772 0.526727 0.416577 0.494395 0.622207 0.739173 0.566134 0.579282 0.865536 0.881758 0.820813 0.569289 0.677288 0.854784 0.890200 0.866766 0.878241 0.865708 0.903696 0.849918 0.561084 0.557978 0.356938 0.372695 0.837401 0.594809 0.432485 0.661521 0.633178 0.763526 0.786395 0.757436 0.693159 0.937923 0.679906 0.830982 0.742341 0.901467 0.538433 0.721651 0.577409 0.626544 0.541149 0.776310 0.828561 0.776879 0.857079 0.983705 0.757382 0.828934 0.939975 0.902091 0.935170 0.776043 0.635697 0.788960 0.949596 0.873421 0.947147 0.992347 0.814438 0.973557 0.584365 0.503691 0.987018 0.836607 0.769658 0.563873 0.472028 0.535969 0.727473 0.797634 0.769350 0.946657 0.728360 0.744777 0.464085 0.484931 0.563971 0.707665 0.616477 0.624632 0.890177 0.934857 0.860039 0.851761 0.991674 0.953299 0.693182 0.537462 0.579012 0.784408 0.934207 0.918128
0.530256 0.675157 0.988775 0.952375 0.730970 0.620664 0.439972 0.418244 0.692927 0.448705 0.000000 0.543068 0.488865 0.561611 0.926966 0.948478 0.584186 0.583537 0.397763 0.528877 0.841486 0.901815 0.661700 0.659670 0.477293 0.587204 0.653771 0.790307 0.464297 0.577032 0.981866 0.784813 0.624433 0.457293 0.866646 0.843061 0.985922 0.789249 0.972906 0.988693 0.972060 0.903626 0.527202 0.487309 0.407494 0.453747 0.690316 0.546946 0.504502 0.601956 0.632903 0.691175 0.698616 0.734685 0.847488 0.894765 0.607254 0.782078 0.522439 0.873900 0.420121 0.782797 0.433119 0.624829 0.660552 0.914792 0.685499 0.639830 0.980658 0.898246 0.733090 0.812494 0.871063 0.725359 0.961011 0.626553 0.697942 0.686674 0.982769 0.862906 0.848974 0.839981 0.948714 0.989115 0.757438 0.721629 0.928670 0.812641 0.869929 0.650793 0.458387 0.514721 0.731040 0.772067 0.796188 0.866709 0.788318 0.830140 0.436473 0.399356 0.549924 0.695166 0.590385 0.592197 0.956775 0.808528 0.868994 0.803442 0.931668 0.901804 0.761434 0.621041 0.538290 0.865445 0.889432 0.943635
0.474849 0.446688 0.645706 0.738590 0.765161 0.631284 0.779302 0.571747 0.839907 0.586986 0.543068 0.000000 0.786954 0.613221 0.871177 0.673172 0.461728 0.413402 0.602571 0.546698 0.851077 0.878412 0.564770 0.695711 0.594696 0.592829 0.697173 0.786851 0.506361 0.389339 0.812734 0.875468 0.700485 0.634724 0.734020 0.846811 0.857300 0.981611 0.994467 0.977720 0.860677 0.891302 0.675285 0.618614 0.522698 0.494823 0.800940 0.563350 0.479816 0.596079 0.674346 0.674964 0.790279 0.822736 0.781522 0.885235 0.462886 0.514966 0.683522 0.819905 0.687017 0.613031 0.553201 0.386103 0.515632 0.847697 0.956955 0.821475 0.758512 0.628609 0.995848 0.987245 0.895567 0.795983 0.947424 0.783772 0.836118 0.952718 0.740645 0.658213 0.560576 0.593145 0.873058 0.682981 0.627181 0.723164 0.852996 0.799345 0.845603 0.820147 0.694053 0.893727 0.919978 0.971392 0.637847 0.833773 0.786214 0.845969 0.582008 0.707526 0.668939 0.806870 0.612660 0.636399 0.878747 0.904350 0.814867 0.970786 0.937701 0.836557 0.811321 0.757468 0.696015 0.789913 0.824645 0.846297
0.751904 0.970310 0.751705 0.779363 0.805050 0.735518 0.503229 0.508091 0.722481 0.655421 0.488865 0.786954 0.000000 0.440670 0.649772 0.781205 0.929139 0.913109 0.518446 0.672711 0.872123 0.931012 0.957010 0.979477 0.725908 0.803254 0.791152 0.970302 0.736902 0.824215 0.910399 0.770291 0.744433 0.654120 0.914273 0.869788 0.922695 0.727062 0.922948 0.959878 0.833966 0.824651 0.525147 0.540859 0.725524 0.715003 0.610272 0.635815 0.821904 0.865084 0.822273 0.942461 0.816333 0.820165 0.869203 0.995515 0.907537 0.882609 0.629396 0.925972 0.612885 0.944301 0.552468 0.944236 0.917254 0.884392 0.778928 0.876790 0.917019 0.942041 0.676072 0.663327 0.862959 0.809258 0.919930 0.679176 0.735628 0.799587 0.935792 0.935382 0.871919 0.879361 0.995226 0.884001 0.958063 0.871721 0.934860 0.978623 0.917386 0.723393 0.472174 0.495118 0.676895 0.684657 0.857532 0.817194 0.944617 0.883955 0.597224 0.563370 0.623900 0.682001 0.701060 0.641347 0.988573 0.905647 0.874961 0.734082 0.797299 0.959618 0.853739 0.880269 0.725108 0.756185 0.999551 0.938065
0.678160 0.791364 0.888509 0.762738 0.808741 0.818058 0.696445 0.518616 0.790950 0.740535 0.561611 0.613221 0.440670 0.000000 0.734692 0.642602 0.770026 0.761003 0.491989 0.538708 0.816429 0.905702 0.928855 0.947948 0.838966 0.812405 0.847460 0.963068 0.595022 0.659591 0.856069 0.744140 0.691540 0.613169 0.924542 0.879066 0.889971 0.856149 0.996883 0.972815 0.899582 0.992839 0.517915 0.545727 0.768110 0.746178 0.702498 0.583000 0.848418 0.847070 0.845308 0.881200 0.865501 0.851535 0.900484 0.981387 0.780986 0.940090 0.741975 0.977042 0.759029 0.940174 0.614221 0.831273 0.936267 0.982414 0.863588 0.887859 0.954828 0.878039 0.801344 0.798153 0.865809 0.733144 0.961566 0.649719 0.746639 0.901947 0.931191 0.973290 0.934990 0.970238 0.962208 0.947738 0.852500 0.960491 0.975708 0.926107 0.998958 0.818979 0.511783 0.664327 0.785774 0.863803 0.840378 0.741774 0.972836 0.854012 0.624654 0.613693 0.611261 0.713679 0.733346 0.736187 0.988338 0.930245 0.902940 0.800587 0.812357 0.893412 0.881354 0.849153 0.698602 0.888892 0.872869 0.944097
0.952187 0.854605 0.719239 0.787605 0.932982 0.953817 0.872043 0.919033 0.901945 0.966788 0.926966 0.871177 0.649772 0.734692 0.000000 0.692487 0.856661 0.847698 0.965788 0.936202 0.794181 0.963777 0.886648 0.810477 0.897939 0.865606 0.832360 0.723716 0.940625 0.927905 0.874652 0.856659 0.931526 0.947944 0.920928 0.903027 0.871077 0.747210 0.946517 0.977877 0.893544 0.935812 0.714645 0.787985 0.954811 0.995091 0.723816 0.840362 0.975309 0.924707 0.950072 0.910534 0.987568 0.956531 0.918455 0.766980 0.931213 0.824132 0.976716 0.799119 0.936228 0.865009 0.998038 0.813657 0.728129 0.942784 0.940234 0.836558 0.831209 0.857498 0.889657 0.911665 0.833360 0.884964 0.911149 0.926807 0.838095 0.939913 0.839126 0.762558 0.760404 0.711743 0.955584 0.802395 0.837277 0.960851 0.749709 0.967074 0.937829 0.909722 0.863256 0.858844 0.984699 0.902961 0.968321 0.930747 0.881848 0.913296 0.907336 0.859487 0.973819 0.942108 0.959653 0.943878 0.987316 0.987376 0.968798 0.689802 0.947042 0.932685 0.891253 0.910839 0.974015 0.886395 0.978348 0.914871
0.838366 0.878372 0.844363 0.950992 0.999444 0.809573 0.946676 0.874373 0.779442 0.880019 0.948478 0.673172 0.781205 0.642602 0.692487 0.000000 0.888896 0.890937 0.980927 0.814149 0.897202 0.977682 0.856865 0.924026 0.998264 0.979536 0.954541 0.912615 0.899124 0.784515 0.985678 0.928277 0.922572 0.960524 0.759887 0.750923 0.789307 0.971105 0.978903 0.867652 0.942866 0.851614 0.801458 0.869233 0.966335 0.886253 0.879573 0.837264 0.837606 0.940889 0.826323 0.920048 0.878082 0.925838 0.852340 0.884851 0.895485 0.893113 0.998093 0.942367 0.980107 0.850521 0.967640 0.805169 0.905559 0.911250 0.661207 0.737581 0.946305 0.917481 0.925851 0.917885 0.953491 0.993586 0.994077 0.920212 0.994871 0.840321 0.996630 0.986885 0.893446 0.890305 0.795150 0.691426 0.922264 0.969718 0.996709 0.933239 0.912450 0.927298 0.882544 0.879539 0.971383 0.821087 0.872667 0.955529 0.997097 0.932258 0.875106 0.977344 0.911417 0.976489 0.915019 0.966673 0.838259 0.916939 0.856346 0.934672 0.986088 0.979264 0.993798 0.987038 0.990867 0.888010 0.938614 0.993291
0.363903 0.322374 0.595796 0.691944 0.963185 0.716466 0.904663 0.720516 0.912378 0.644137 0.584186 0.461728 0.929139 0.770026 0.856661 0.888896 0.000000 0.269127 0.632231 0.565406 0.961715 0.823048 0.505423 0.638972 0.708366 0.638269 0.844900 0.839109 0.409093 0.366015 0.862950 0.891694 0.702849 0.609331 0.768265 0.882353 0.924836 0.878374 0.909152 0.853151 0.878710 0.868978 0.659862 0.580775 0.543936 0.524110 0.862336 0.707906 0.556184 0.539775 0.757075 0.721182 0.949723 0.958421 0.807904 0.810718 0.285822 0.340782 0.800254 0.931418 0.782923 0.721317 0.610397 0.345231 0.535969 0.851801 0.927530 0.885101 0.679367 0.568688 0.922952 0.881850 0.853508 0.758461 0.951840 0.739259 0.773430 0.868383 0.661454 0.573507 0.396904 0.564477 0.883966 0.722852 0.636100 0.799428 0.783352 0.682478 0.662041 0.889848 0.687076 0.866701 0.769012 0.939959 0.732497 0.891615 0.739323 0.906197 0.557943 0.566451 0.740117 0.873397 0.544908 0.696938 0.961335 0.986311 0.955307 0.999784 0.895017 0.887464 0.717232 0.628936 0.704668 0.897838 0.865310 0.887100
0.368646 0.303901 0.559517 0.681987 0.864457 0.704575 0.907665 0.746508 0.940450 0.639121 0.583537 0.413402 0.913109 0.761003 0.847698 0.890937 0.269127 0.000000 0.632778 0.537128 0.953086 0.918571 0.493496 0.690893 0.666357 0.566745 0.861926 0.811794 0.440846 0.360133 0.826967 0.875348 0.689556 0.632581 0.751241 0.814815 0.969425 0.955333 0.870798 0.955693 0.905875 0.853825 0.685332 0.590667 0.534273 0.482023 0.869589 0.640027 0.561204 0.541265 0.803575 0.721278 0.978405 0.999360 0.794890 0.823280 0.264289 0.318675 0.820424 0.981392 0.801250 0.760278 0.567522 0.348242 0.504038 0.807352 0.897421 0.896417 0.670278 0.521513 0.908381 0.904441 0.898123 0.717677 0.954121 0.803905 0.769473 0.802437 0.624394 0.586103 0.389376 0.523746 0.914803 0.719512 0.646834 0.792070 0.803854 0.685885 0.654817 0.877896 0.687955 0.846456 0.764606 0.991226 0.770713 0.842840 0.703902 0.938116 0.552566 0.562289 0.727655 0.899054 0.539026 0.683640 0.987464 0.989404 0.965936 0.988101 0.867528 0.896566 0.745308 0.612764 0.683174 0.882396 0.857177 0.890985
0.510899 0.624036 0.844115 0.818836 0.699357 0.660265 0.453494 0.345669 0.718067 0.535236 0.397763 0.602571 0.518446 0.491989 0.965788 0.980927 0.632231 0.632778 0.000000 0.480074 0.861221 0.942108 0.827331 0.818550 0.691901 0.699231 0.792209 0.930353 0.557533 0.614594 0.889564 0.636907 0.501387 0.397055 0.999849 0.942674 0.993702 0.853131 0.980926 0.940088 0.979663 0.938381 0.432460 0.412191 0.485811 0.542138 0.757195 0.513964 0.689430 0.623969 0.750410 0.731417 0.753839 0.738317 0.981347 0.859575 0.591838 0.796631 0.536459 0.835320 0.488756 0.833127 0.509198 0.702123 0.849705 0.956710 0.559127 0.559899 0.966656 0.855827 0.655816 0.825495 0.794652 0.662399 0.998569 0.671341 0.594734 0.636180 0.877438 0.878165 0.861707 0.926749 0.956871 0.932186 0.773840 0.777925 0.917393 0.748570 0.928857 0.798348 0.409824 0.426944 0.649623 0.666464 0.811743 0.813678 0.830051 0.788622 0.434777 0.424160 0.489667 0.544688 0.532595 0.568482 0.847709 0.786036 0.825918 0.858798 0.972338 0.939955 0.860729 0.649220 0.642290 0.870287 0.866873 0.982150
0.416345 0.529057 0.926233 0.933428 0.695094 0.739782 0.745338 0.611904 0.828204 0.742489 0.528877 0.546698 0.672711 0.538708 0.936202 0.814149 0.565406 0.537128 0.480074 0.000000 0.928768 0.947178 0.796395 0.947936 0.834059 0.772461 0.944366 0.996404 0.564709 0.661679 0.982133 0.688042 0.480062 0.533292 0.939836 0.996056 0.750836 0.963129 0.921130 0.970754 0.816222 0.837614 0.584172 0.568655 0.644870 0.699176 0.663738 0.587816 0.762545 0.652243 0.794540 0.803454 0.819041 0.915775 0.980364 0.904290 0.505490 0.597699 0.524166 0.861975 0.655827 0.840649 0.543916 0.620974 0.834137 0.974735 0.697841 0.721881 0.753374 0.635021 0.790351 0.794375 0.693572 0.636359 0.939452 0.759323 0.696190 0.766255 0.882125 0.825327 0.604530 0.650300 0.807957 0.885238 0.951837 0.980842 0.994548 0.793316 0.876713 0.947667 0.623684 0.700023 0.726236 0.917133 0.748762 0.718146 0.933671 0.853830 0.562361 0.574276 0.679429 0.859818 0.587421 0.597068 0.876879 0.842525 0.972360 0.845101 0.897831 0.927963 0.859819 0.759219 0.741641 0.889771 0.937633 0.968758
0.961636 0.967632 0.999725 0.998177 0.861264 0.968906 0.852137 0.757230 0.799562 0.767423 0.841486 0.851077 0.872123 0.816429 0.794181 0.897202 0.961715 0.953086 0.861221 0.928768 0.000000 0.976596 0.820040 0.822626 0.844310 0.941901 0.986216 0.943531 0.781258 0.910579 0.896215 0.987218 0.949630 0.989716 0.827234 0.824987 0.928623 0.958176 0.965944 0.828120 0.929805 0.955914 0.849126 0.914179 0.874576 0.894286 0.845368 0.907433 0.837882 0.910757 0.992250 0.969613 0.968185 0.998201 0.959897 0.914576 0.927041 0.995557 0.916101 0.939270 0.854490 0.777718 0.941076 0.849699 0.963921 0.986859 0.831279 0.943900 0.984591 0.920658 0.974160 0.927092 0.656835 0.828044 0.900415 0.838965 0.930333 0.952397 0.970097 0.994960 0.871194 0.833170 0.918243 0.929297 0.693845 0.627241 0.924661 0.767792 0.968972 0.989290 0.909179 0.864533 0.907906 0.932750 0.848697 0.968355 0.981130 0.887270 0.864637 0.856765 0.952838 0.940374 0.825658 0.881096 0.958220 0.902783 0.947610 0.912738 0.833059 0.898632 0.953468 0.826400 0.902933 0.918620 0.966855 0.832552
0.873237 0.806680 0.937259 0.936259 0.970792 0.960790 0.937054 0.922418 0.933490 0.891646 0.901815 0.878412 0.931012 0.905702 0.963777 0.977682 0.823048 0.918571 0.942108 0.947178 0.976596 0.000000 0.912609 0.852292 0.868961 0.973092 0.985628 0.824502 0.929597 0.871430 0.827375 0.804234 0.913191 0.936861 0.953067 0.985331 0.828638 0.897572 0.912761 0.887533 0.798322 0.966044 0.994604 0.958339 0.883803 0.904180 0.990429 0.899909 0.818320 0.868348 0.814665 0.933868 0.909588 0.913495 0.950597 0.861614 0.871249 0.845914 0.870382 0.871188 0.887290 0.827239 0.928461 0.845915 0.903711 0.936605 0.989372 0.882477 0.909455 0.925989 0.941807 0.975484 0.886535 0.941210 0.876593 0.972035 0.905340 0.978460 0.966043 0.903791 0.813338 0.873138 0.966411 0.955237 0.990319 0.959179 0.916357 0.979072 0.893970 0.907281 0.922464 0.955549 0.881197 0.900290 0.827911 0.881304 0.889339 0.965380 0.945239 0.998250 0.935423 0.949964 0.830211 0.984239 0.878640 0.972887 0.987835 0.806433 0.920364 0.792618 0.893142 0.918798 0.941443 0.948309 0.940666 0.905425
0.585308 0.613193 0.520367 0.496798 0.895027 0.788219 0.951603 0.850347 0.946624 0.596772 0.661700 0.564770 0.957010 0.928855 0.886648 0.856865 0.505423 0.493496 0.827331 0.796395 0.820040 0.912609 0.000000 0.412194 0.444603 0.599214 0.706095 0.702518 0.629605 0.600695 0.579285 0.870334 0.908911 0.868340 0.560567 0.666656 0.935942 0.949994 0.812061 0.966407 0.859416 0.951689 0.823987 0.759664 0.632152 0.570531 0.962267 0.865008 0.499545 0.691999 0.872701 0.884585 0.941961 0.882542 0.794902 0.886270 0.559427 0.631401 0.950458 0.882209 0.858956 0.867828 0.699239 0.473028 0.413658 0.558047 0.814989 0.885063 0.921309 0.776847 0.896331 0.946350 0.738386 0.889603 0.853278 0.989109 0.999606 0.963223 0.872801 0.827448 0.692514 0.758289 0.920811 0.732699 0.449354 0.518646 0.926282 0.759886 0.742072 0.833831 0.790282 0.929733 0.943552 0.849916 0.814109 0.925376 0.821642 0.893701 0.591504 0.715470 0.702304 0.944443 0.696912 0.718180 0.940299 0.978019 0.936846 0.861393 0.960966 0.951068 0.896263 0.617956 0.669483 0.972433 0.967282 0.899862
0.770685 0.763272 0.708711 0.519860 0.988518 0.826431 0.807681 0.780195 0.898524 0.526727 0.659670 0.695711 0.979477 0.947948 0.810477 0.924026 0.638972 0.690893 0.818550 0.947936 0.822626 0.852292 0.412194 0.000000 0.461057 0.676390 0.650325 0.634856 0.702220 0.696554 0.619926 0.835905 0.958275 0.881860 0.609823 0.890324 0.894696 0.957654 0.789861 0.989392 0.859232 0.928708 0.863632 0.870822 0.578119 0.555659 0.944270 0.862488 0.470736 0.661460 0.749452 0.824429 0.894321 0.962289 0.738036 0.911577 0.723334 0.748029 0.890599 0.898690 0.708576 0.728237 0.768092 0.612340 0.531151 0.747746 0.958030 0.936494 0.913977 0.892340 0.908381 0.870499 0.725909 0.760237 0.917078 0.995758 0.915866 0.912492 0.929853 0.873634 0.864272 0.946668 0.817461 0.972290 0.499359 0.454010 0.960302 0.730491 0.736416 0.726946 0.785658 0.873023 0.975699 0.973893 0.767775 0.975641 0.802540 0.898195 0.641223 0.696485 0.837997 0.918806 0.801616 0.846394 0.867724 0.917215 0.957589 0.862038 0.872022 0.966336 0.849522 0.614451 0.598065 0.942153 0.913104 0.913729
0.756243 0.810498 0.746970 0.613285 0.905271 0.748307 0.626833 0.643824 0.915383 0.416577 0.477293 0.594696 0.725908 0.838966 0.897939 0.998264 0.708366 0.666357 0.691901 0.834059 0.844310 0.868961 0.444603 0.461057 0.000000 0.468471 0.529280 0.691388 0.642415 0.639317 0.623424 0.883923 0.955185 0.716930 0.635200 0.798798 0.817012 0.779121 0.825528 0.911000 0.798225 0.922031 0.791382 0.739244 0.450945 0.468725 0.912891 0.750183 0.441090 0.736750 0.706076 0.800715 0.833529 0.887760 0.829140 0.869219 0.746580 0.869592 0.775953 0.964181 0.644476 0.887460 0.492973 0.596169 0.388742 0.568509 0.936279 0.895186 0.936291 0.954950 0.991212 0.996747 0.824628 0.993796 0.915224 0.953387 0.908314 0.832189 0.979987 0.974843 0.928791 0.913082 0.827865 0.919177 0.535442 0.532744 0.941212 0.901137 0.778535 0.675548 0.627865 0.684450 0.864096 0.886569 0.725731 0.873688 0.794389 0.880068 0.583108 0.609979 0.620877 0.889948 0.721728 0.669646 0.895743 0.952444 0.935297 0.985172 0.979598 0.889325 0.847078 0.649938 0.576559 0.855489 0.958643 0.891701
0.729798 0.717036 0.644499 0.612600 0.794922 0.723006 0.772245 0.783984 0.899322 0.494395 0.587204 0.592829 0.803254 0.812405 0.865606 0.979536 0.638269 0.566745 0.699231 0.772461 0.941901 0.973092 0.599214 0.676390 0.468471 0.000000 0.653939 0.723750 0.669243 0.552289 0.763716 0.931731 0.888338 0.752026 0.819676 0.940047 0.792664 0.765773 0.756814 0.844536 0.898301 0.941584 0.853536 0.765433 0.559650 0.553543 0.994695 0.755741 0.628763 0.777646 0.887971 0.916822 0.983476 0.972364 0.766840 0.890364 0.686857 0.729227 0.887459 0.909996 0.866106 0.948728 0.540094 0.620300 0.395988 0.552309 0.864675 0.884751 0.981640 0.885333 0.822203 0.916822 0.937475 0.832341 0.877787 0.819499 0.781064 0.898650 0.869597 0.837560 0.794092 0.724993 0.951921 0.888935 0.704197 0.782043 0.897509 0.916276 0.733319 0.749288 0.666305 0.715094 0.767731 0.942002 0.793794 0.857988 0.715369 0.861259 0.624390 0.651443 0.784266 0.859581 0.796396 0.657656 0.861342 0.856023 0.970382 0.957036 0.892464 0.859834 0.773655 0.687067 0.672906 0.854945 0.936508 0.841630
0.936061 0.987336 0.913004 0.815993 0.899502 0.796283 0.659922 0.663101 0.900661 0.622207 0.653771 0.697173 0.791152 0.847460 0.832360 0.954541 0.844900 0.861926 0.792209 0.944366 0.986216 0.985628 0.706095 0.650325 0.529280 0.653939 0.000000 0.632007 0.831792 0.709015 0.875277 0.921722 0.884921 0.795242 0.680700 0.958263 0.921549 0.927330 0.995259 0.990098 0.820184 0.888867 0.802841 0.826783 0.678344 0.746709 0.837709 0.876433 0.681189 0.934092 0.798241 0.864224 0.792782 0.841700 0.830961 0.978921 0.965377 0.980450 0.874810 0.927419 0.684381 0.881906 0.670210 0.722891 0.625856 0.767577 0.992185 0.848868 0.930101 0.934360 0.922778 0.987053 0.936258 0.932366 0.963054 0.979163 0.943274 0.956081 0.940629 0.868583 0.999520 0.940154 0.737799 0.807228 0.655831 0.686052 0.866819 0.989550 0.938714 0.815941 0.774926 0.815386 0.894151 0.969439 0.919056 0.928011 0.848288 0.961322 0.771585 0.830709 0.692914 0.841713 0.970630 0.841480 0.870723 0.902806 0.860930 0.878864 0.877125 0.966041 0.952405 0.899856 0.718757 0.923725 0.982503 0.953474
0.912541 0.864209 0.896992 0.724080 0.907174 0.991350 0.815634 0.863539 0.963629 0.739173 0.790307 0.786851 0.970302 0.963068 0.723716 0.912615 0.839109 0.811794 0.930353 0.996404 0.943531 0.824502 0.702518 0.634856 0.691388 0.723750 0.632007 0.000000 0.889125 0.751090 0.703247 0.878742 0.899462 0.902976 0.699315 0.950974 0.982624 0.957542 0.911477 0.998978 0.994683 0.977185 0.977320 0.948047 0.732072 0.738985 0.951709 0.948753 0.694061 0.848603 0.852561 0.867907 0.941380 0.956904 0.793280 0.920544 0.942764 0.887889 0.944164 0.823845 0.791620 0.746135 0.784203 0.744217 0.728368 0.929017 0.956536 0.823541 0.922517 0.953469 0.952832 0.918250 0.856327 0.993702 0.863076 0.961559 0.951236 0.970913 0.942673 0.782971 0.887506 0.848413 0.708766 0.920220 0.799808 0.758938 0.821852 0.845038 0.850105 0.829459 0.905401 0.923885 0.994775 0.859473 0.794004 0.877017 0.941333 0.944333 0.870720 0.884764 0.964161 0.968513 0.976941 0.984766 0.925541 0.927676 0.987304 0.841592 0.985772 0.892745 0.818159 0.802249 0.826128 0.948907 0.953392 0.998088
0.540936 0.539577 0.843661 0.884505 0.894293 0.736741 0.728874 0.575204 0.843532 0.566134 0.464297 0.506361 0.736902 0.595022 0.940625 0.899124 0.409093 0.440846 0.557533 0.564709 0.781258 0.929597 0.629605 0.702220 0.642415 0.669243 0.831792 0.889125 0.000000 0.423332 0.938680 0.903885 0.706142 0.623819 0.790250 0.830827 0.950381 0.984373 0.972728 0.843683 0.970962 0.969019 0.568771 0.556247 0.529574 0.538571 0.761689 0.622641 0.572864 0.621591 0.715009 0.722931 0.892443 0.885254 0.825948 0.846883 0.471570 0.606788 0.742537 0.882607 0.693062 0.740989 0.574166 0.516067 0.653945 0.899239 0.908970 0.853740 0.811620 0.688484 0.936190 0.926548 0.849685 0.769177 0.955460 0.735008 0.747424 0.828216 0.772466 0.767189 0.647069 0.795820 0.993870 0.823748 0.687369 0.789273 0.900580 0.703061 0.757987 0.775261 0.625632 0.789202 0.815694 0.998337 0.718153 0.775155 0.893018 0.856189 0.560923 0.528851 0.695231 0.806745 0.551810 0.710672 0.994558 0.973684 0.923479 0.845107 0.958074 0.988257 0.666028 0.722016 0.652938 0.783598 0.839442 0.869175
0.521277 0.427975 0.635257 0.706785 0.899393 0.719435 0.819198 0.632970 0.947647 0.579282 0.577032 0.389339 0.824215 0.659591 0.927905 0.784515 0.366015 0.360133 0.614594 0.661679 0.910579 0.871430 0.600695 0.696554 0.639317 0.552289 0.709015 0.751090 0.423332 0.000000 0.864208 0.912555 0.707200 0.679713 0.613573 0.790034 0.952841 0.984855 0.970431 0.909209 0.977055 0.931788 0.655901 0.590436 0.544959 0.483107 0.926571 0.640985 0.545336 0.647813 0.720475 0.728139 0.906102 0.881785 0.771659 0.815580 0.414530 0.463114 0.828178 0.887018 0.759414 0.727598 0.539519 0.386519 0.499983 0.802104 0.974170 0.883571 0.731331 0.680674 0.953353 0.937099 0.894766 0.787648 0.975745 0.789260 0.856037 0.939919 0.641863 0.526886 0.493896 0.603786 0.939285 0.718689 0.611883 0.779150 0.852051 0.803451 0.743695 0.819190 0.663975 0.847233 0.790448 0.946891 0.757387 0.872289 0.718620 0.893127 0.590203 0.643789 0.707050 0.776337 0.607005 0.718278 0.881120 0.979879 0.893831 0.974933 0.897361 0.852516 0.732279 0.722631 0.752807 0.762122 0.897809 0.890979
0.860662 0.868501 0.540807 0.492006 0.894218 0.947249 0.861105 0.881222 0.779509 0.865536 0.981866 0.812734 0.910399 0.856069 0.874652 0.985678 0.862950 0.826967 0.889564 0.982133 0.896215 0.827375 0.579285 0.619926 0.623424 0.763716 0.875277 0.703247 0.938680 0.864208 0.000000 0.653391 0.794374 0.854294 0.708470 0.923345 0.834389 0.956668 0.710675 0.935058 0.872661 0.770928 0.872457 0.950650 0.875923 0.805955 0.980209 0.967215 0.713858 0.867045 0.953893 0.998457 0.935345 0.824544 0.840312 0.938294 0.873559 0.813599 0.993805 0.871740 0.942023 0.996096 0.776671 0.723937 0.569095 0.604146 0.847138 0.847683 0.996409 0.959991 0.636505 0.662327 0.746137 0.696152 0.776718 0.742619 0.805909 0.886207 0.975171 0.986262 0.874574 0.832480 0.928725 0.929930 0.775996 0.717999 0.834476 0.972133 0.766497 0.959627 0.948925 0.875483 0.825066 0.828878 0.818839 0.949769 0.950953 0.927321 0.934662 0.989777 0.895038 0.832662 0.929506 0.913185 0.897358 0.864510 0.958331 0.774720 0.938018 0.990003 0.934422 0.855147 0.884034 0.900591 0.964708 0.874769
0.772960 0.830068 0.703842 0.652531 0.773473 0.803564 0.705581 0.655908 0.787465 0.881758 0.784813 0.875468 0.770291 0.744140 0.856659 0.928277 0.891694 0.875348 0.636907 0.688042 0.987218 0.804234 0.870334 0.835905 0.883923 0.931731 0.921722 0.878742 0.903885 0.912555 0.653391 0.000000 0.655879 0.641937 0.848378 0.944203 0.801797 0.877802 0.757988 0.903697 0.841125 0.972440 0.730715 0.745882 0.796065 0.815954 0.770625 0.609853 0.956127 0.730816 0.804847 0.700937 0.777378 0.704620 0.840793 0.945513 0.793509 0.880787 0.672005 0.769859 0.692912 0.804564 0.841380 0.940495 0.840926 0.721104 0.639649 0.691041 0.978872 0.964226 0.721607 0.758676 0.793615 0.621061 0.984227 0.712919 0.602195 0.589548 0.872748 0.834730 0.971618 0.941942 0.824628 0.957134 0.970310 0.914640 0.986908 0.900761 0.977043 0.869793 0.660780 0.662214 0.731854 0.652045 0.884406 0.969055 0.918014 0.830506 0.815092 0.765946 0.876190 0.764935 0.868397 0.751509 0.805016 0.759411 0.925900 0.716162 0.987679 0.951904 0.875717 0.840536 0.900670 0.891134 0.943744 0.951641
0.592135 0.620150 0.798447 0.780352 0.688392 0.816202 0.598630 0.563952 0.764959 0.820813 0.624433 0.700485 0.744433 0.691540 0.931526 0.922572 0.702849 0.689556 0.501387 0.480062 0.949630 0.913191 0.908911 0.958275 0.955185 0.888338 0.884921 0.899462 0.706142 0.707200 0.794374 0.655879 0.000000 0.465190 0.882681 0.872511 0.824268 0.859646 0.913185 0.964086 0.828573 0.979448 0.604408 0.652481 0.608584 0.707609 0.706685 0.637204 0.862745 0.690123 0.749481 0.726445 0.754077 0.719401 0.968738 0.879176 0.637155 0.739205 0.467194 0.637595 0.546902 0.737765 0.626730 0.741489 0.980763 0.701788 0.465157 0.477099 0.799768 0.752271 0.698586 0.831958 0.680186 0.610330 0.885204 0.719593 0.657689 0.676616 0.794181 0.763134 0.729655 0.779216 0.915710 0.931973 0.957731 0.908056 0.941601 0.809551 0.852717 0.863705 0.645061 0.637915 0.772497 0.737924 0.818001 0.830627 0.832890 0.989485 0.669592 0.676025 0.698961 0.663410 0.665515 0.764375 0.846971 0.811984 0.993069 0.877255 0.859511 0.836253 0.846884 0.879404 0.757742 0.851733 0.930140 0.900144
0.551916 0.612797 0.864140 0.863019 0.785323 0.666141 0.467290 0.445927 0.713858 0.569289 0.457293 0.634724 0.654120 0.613169 0.947944 0.960524 0.609331 0.632581 0.397055 0.533292 0.989716 0.936861 0.868340 0.881860 0.716930 0.752026 0.795242 0.902976 0.623819 0.679713 0.854294 0.641937 0.465190 0.000000 0.981790 0.920981 0.866382 0.979369 0.895231 0.933843 0.910934 0.880960 0.581031 0.535615 0.446439 0.542890 0.680621 0.549478 0.656275 0.586425 0.633340 0.588474 0.707974 0.608129 0.996888 0.907326 0.596108 0.763192 0.493270 0.749207 0.458399 0.724115 0.524646 0.676037 0.870181 0.834960 0.478658 0.451389 0.823458 0.786888 0.685075 0.773545 0.713232 0.578445 0.849812 0.536140 0.602770 0.586207 0.871802 0.823963 0.821594 0.825224 0.997502 0.948485 0.910317 0.916479 0.937724 0.865584 0.894767 0.827015 0.499764 0.543063 0.684442 0.669059 0.795574 0.809488 0.767147 0.804165 0.514354 0.549390 0.530520 0.663814 0.647157 0.644204 0.833699 0.773753 0.834990 0.753335 0.922512 0.928180 0.835514 0.641257 0.596953 0.900198 0.912724 0.999677
0.951712 0.871416 0.727638 0.643868 0.826826 0.819209 0.921335 0.876104 0.933624 0.677288 0.866646 0.734020 0.914273 0.924542 0.920928 0.759887 0.768265 0.751241 0.999849 0.939836 0.827234 0.953067 0.560567 0.609823 0.635200 0.819676 0.680700 0.699315 0.790250 0.613573 0.708470 0.848378 0.882681 0.981790 0.000000 0.745254 0.873464 0.961888 0.960194 0.965091 0.847875 0.997919 0.842858 0.841409 0.746186 0.663301 0.960760 0.883716 0.660772 0.836284 0.817968 0.863478 0.903715 0.983719 0.701885 0.902792 0.814168 0.878229 0.916610 0.920196 0.907385 0.804136 0.850193 0.739962 0.641147 0.752420 0.729927 0.816228 0.989949 0.886801 0.849667 0.978111 0.814510 0.887897 0.990193 0.982938 0.888389 0.999795 0.794129 0.820231 0.944863 0.984770 0.888130 0.845686 0.598464 0.623315 0.975892 0.877118 0.845800 0.817891 0.878104 0.995195 0.903606 0.867079 0.869118 0.923956 0.891148 0.902241 0.781553 0.862546 0.789008 0.994513 0.882386 0.888505 0.837048 0.974516 0.921940 0.943591 0.982480 0.948616 0.897484 0.718730 0.714013 0.761509 0.998286 0.854774
0.869335 0.928786 0.819703 0.852987 0.807840 0.851260 0.979908 0.883385 0.811814 0.854784 0.843061 0.846811 0.869788 0.879066 0.903027 0.750923 0.882353 0.814815 0.942674 0.996056 0.824987 0.985331 0.666656 0.890324 0.798798 0.940047 0.958263 0.950974 0.830827 0.790034 0.923345 0.944203 0.872511 0.920981 0.745254 0.000000 0.969728 0.788051 0.933150 0.940886 0.784231 0.999469 0.816065 0.826803 0.959796 0.871410 0.874789 0.947839 0.867124 0.992717 0.986424 0.957231 0.868011 0.952726 0.792003 0.953080 0.839039 0.974960 0.870579 0.766572 0.938412 0.926285 0.984600 0.920279 0.795844 0.722223 0.651038 0.688377 0.965575 0.987831 0.945564 0.965504 0.889405 0.886836 0.834550 0.987789 0.923251 0.948596 0.971159 0.910591 0.977275 0.965787 0.837720 0.965104 0.656829 0.643994 0.999485 0.891029 0.979674 0.896382 0.862654 0.922579 0.988816 0.975184 0.902561 0.973403 0.890861 0.989505 0.787899 0.851630 0.740098 0.976100 0.785410 0.934992 0.798940 0.919736 0.951283 0.941250 0.960979 0.934600 0.951057 0.930360 0.941123 0.916480 0.983428 0.889456
0.922940 0.919553 0.896879 0.783470 0.988143 0.972326 0.984412 0.919651 0.770194 0.890200 0.985922 0.857300 0.922695 0.889971 0.871077 0.789307 0.924836 0.969425 0.993702 0.750836 0.928623 0.828638 0.935942 0.894696 0.817012 0.792664 0.921549 0.982624 0.950381 0.952841 0.834389 0.801797 0.824268 0.866382 0.873464 0.969728 0.000000 0.835751 0.870652 0.744446 0.727409 0.779310 0.971582 0.914461 0.944022 0.838561 0.895852 0.952794 0.977824 0.869167 0.794927 0.817518 0.797787 0.789478 0.841968 0.990696 0.942112 0.888929 0.805914 0.680994 0.886021 0.698610 0.871842 0.946270 0.816045 0.690662 0.994974 0.865980 0.828923 0.812029 0.961093 0.938889 0.782529 0.886035 0.980861 0.883040 0.945582 0.993581 0.950346 0.910371 0.886262 0.902849 0.853989 0.793256 0.953780 0.924913 0.897385 0.988563 0.859638 0.800234 0.924812 0.875821 0.941749 0.955687 0.701347 0.935692 0.957775 0.893820 0.968625 0.856261 0.958983 0.910514 0.981646 0.901064 0.942078 0.882890 0.981140 0.958772 0.778798 0.983254 0.998316 0.872106 0.926876 0.975711 0.956550 0.879743
0.939098 0.846964 0.968296 0.935382 0.893159 0.975987 0.857387 0.938015 0.893445 0.866766 0.789249 0.981611 0.727062 0.856149 0.747210 0.971105 0.878374 0.955333 0.853131 0.963129 0.958176 0.897572 0.949994 0.957654 0.779121 0.765773 0.927330 0.957542 0.984373 0.984855 0.956668 0.877802 0.859646 0.979369 0.961888 0.788051 0.835751 0.000000 0.913078 0.888168 0.877401 0.963680 0.940978 0.904708 0.982862 0.973875 0.983610 0.934617 0.996904 0.899537 0.943142 0.930077 0.963489 0.973627 0.970414 0.827044 0.926431 0.854620 0.959993 0.678444 0.989064 0.744147 0.846506 0.893867 0.909037 0.721718 0.988369 0.917769 0.796771 0.857344 0.837210 0.953295 0.931059 0.960762 0.813107 0.968633 0.969734 0.907492 0.894241 0.876195 0.827632 0.827855 0.892357 0.836767 0.945841 0.893618 0.960781 0.908273 0.847718 0.967601 0.808104 0.724550 0.887939 0.869787 0.993125 0.910346 0.912426 0.907503 0.889165 0.795544 0.973080 0.906910 0.972444 0.911769 0.795316 0.944287 0.989709 0.868171 0.998587 0.963257 0.928157 0.943384 0.966500 0.959077 0.881311 0.989020
