0.000000 0.422120 0.601425 0.654175 0.922935 0.666316 0.771500 0.664009 0.772733 0.737433 0.500359 0.624422 0.881192 0.850020 0.831294 0.937733 0.508796 0.406211 0.857591 0.726655 0.967502 0.996454 0.972256 0.966277 0.726385 0.693642 0.941297 0.815151 0.569361 0.620501 0.908204 0.984068 0.842584 0.729010 0.971327 0.965040 0.997002 0.824761 0.903427 0.982455 0.702938 0.702640 0.992331 0.753027 0.737184 0.581709 0.677946 0.608063 0.564252 0.603339 0.615974 0.641921 0.734118 0.944148 0.676423 0.738128 0.365865 0.416529 0.475774 0.481176 0.635846 0.919080 0.433032 0.404267 0.775474 0.693843 0.911561 0.963529 0.538224 0.517392 0.591866 0.613914 0.997295 0.956011 0.835995 0.915926 0.814769 0.831865 0.580829 0.730121 0.337742 0.399595 0.559290 0.416110 0.670929 0.807335 0.869318 0.687480 0.809522 0.686888 0.480840 0.509463 0.466252 0.484731 0.868788 0.807031 0.899097 0.894293 0.879182 0.799076 0.775880 0.829938 0.993069 0.730028 0.966227 0.998646 0.968139 0.930957 0.897886 0.884805 0.828994 0.966587 0.938135 0.856367 0.873207 0.837057
0.422120 0.000000 0.595039 0.732085 0.860306 0.764077 0.721974 0.692188 0.621965 0.560622 0.662153 0.663287 0.975770 0.905255 0.873039 0.926226 0.544693 0.453548 0.978975 0.874186 0.943323 0.982593 0.913617 0.928175 0.887751 0.851001 0.941826 0.706084 0.685761 0.735538 0.879786 0.913027 0.813726 0.763278 0.903090 0.876086 0.921880 0.923077 0.999391 0.813228 0.636312 0.675759 0.915455 0.679078 0.730770 0.551277 0.557692 0.588916 0.623004 0.615252 0.587830 0.582057 0.736566 0.932538 0.585345 0.752400 0.349006 0.352453 0.423259 0.459750 0.765893 0.922468 0.454409 0.443011 0.821444 0.786456 0.947432 0.787999 0.585671 0.524926 0.623560 0.592296 0.956579 0.974578 0.839328 0.976145 0.840054 0.964684 0.645781 0.652199 0.402428 0.423077 0.544020 0.405813 0.651919 0.655756 0.804744 0.703456 0.979191 0.650494 0.539730 0.548535 0.588497 0.534613 0.834494 0.795659 0.913796 0.816401 0.807542 0.778485 0.886272 0.795421 0.998744 0.832962 0.961196 0.941234 0.943470 0.902309 0.982871 0.880472 0.796236 0.953827 0.931259 0.835961 0.769286 0.821467
0.601425 0.595039 0.000000 0.469528 0.907895 0.778199 0.517683 0.513093 0.645245 0.722944 0.726489 0.884689 0.736423 0.830712 0.920666 0.743206 0.543110 0.521879 0.871817 0.925463 0.964324 0.889654 0.675620 0.635235 0.557551 0.704466 0.980004 0.891091 0.735811 0.735537 0.680216 0.772411 0.834175 0.991430 0.927892 0.870338 0.894921 0.938912 0.784506 0.936632 0.710837 0.936545 0.748224 0.964233 0.988983 0.798291 0.846734 0.953688 0.741599 0.837221 0.808149 0.885179 0.946126 0.820809 0.769971 0.907689 0.563403 0.446576 0.509557 0.558677 0.851685 0.813933 0.453009 0.489417 0.530640 0.643096 0.760446 0.973520 0.656254 0.619022 0.556415 0.578560 0.907767 0.840388 0.882430 0.852581 0.721424 0.710330 0.761850 0.861311 0.493642 0.590058 0.711131 0.608981 0.954947 0.958257 0.962669 0.876027 0.821208 0.986190 0.547058 0.532407 0.535162 0.508479 0.897457 0.786934 0.806680 0.754079 0.647283 0.599728 0.808960 0.731211 0.984707 0.786032 0.833284 0.964003 0.737586 0.867143 0.929456 0.974101 0.804635 0.951588 0.977004 0.840968 0.975104 0.925321
0.654175 0.732085 0.469528 0.000000 0.861521 0.801116 0.669731 0.371104 0.794420 0.803639 0.682824 0.728481 0.995418 0.995654 0.778951 0.934470 0.556590 0.536722 0.979800 0.994271 0.901298 0.996913 0.932241 0.738613 0.501356 0.573756 0.960839 0.972820 0.507922 0.613616 0.824825 0.805594 0.940225 0.877113 0.938122 0.884007 0.844943 0.956085 0.747963 0.787164 0.812703 0.968283 0.763952 0.906561 0.829936 0.780340 0.867406 0.955605 0.750817 0.881499 0.815886 0.926463 0.994345 0.898741 0.785679 0.934323 0.663035 0.567229 0.631081 0.688086 0.615474 0.956069 0.485151 0.489200 0.720633 0.679398 0.761857 0.876698 0.752243 0.744583 0.597472 0.629343 0.983705 0.988096 0.819620 0.973893 0.694742 0.722518 0.782263 0.871261 0.548952 0.634422 0.582713 0.648819 0.791380 0.990808 0.879642 0.817188 0.995224 0.997159 0.591185 0.568067 0.547043 0.550374 0.957363 0.861431 0.801327 0.700126 0.881317 0.762759 0.762505 0.852314 0.937979 0.817153 0.770063 0.834538 0.719193 0.866079 0.822140 0.960136 0.892218 0.742285 0.909455 0.984394 0.995670 0.829068
0.922935 0.860306 0.907895 0.861521 0.000000 0.868875 0.732687 0.959880 0.706343 0.798386 0.951458 0.848034 0.646536 0.786840 0.723347 0.654388 0.988051 0.984243 0.744764 0.900820 0.783842 0.982931 0.627708 0.699766 0.984783 0.819554 0.959392 0.869400 0.905757 0.953557 0.992903 0.933108 0.876840 0.952985 0.924683 0.991706 0.788311 0.833306 0.810309 0.732260 0.960760 0.852531 0.913644 0.753800 0.952823 0.823701 0.866611 0.889915 0.857600 0.824084 0.869721 0.942924 0.961057 0.944536 0.920289 0.986957 0.791669 0.855872 0.905214 0.843892 0.704081 0.741754 0.960464 0.997117 0.716398 0.795707 0.929562 0.850074 0.791508 0.713537 0.869909 0.913138 0.994688 0.926746 0.932556 0.969189 0.916650 0.999722 0.945733 0.925919 0.850465 0.943448 0.887520 0.869084 0.704000 0.897163 0.806136 0.835819 0.987640 0.973486 0.728741 0.786089 0.851337 0.804112 0.920065 0.991496 0.880980 0.799657 0.815416 0.674824 0.946803 0.778819 0.853104 0.903082 0.942842 0.985056 0.999459 0.832447 0.982374 0.824665 0.903631 0.921651 0.974360 0.934760 0.937477 0.880907
0.666316 0.764077 0.778199 0.801116 0.868875 0.000000 0.867849 0.900679 0.966529 0.965889 0.782256 0.834682 0.883764 0.945817 0.941451 0.748652 0.832066 0.819463 0.879970 0.857914 0.787696 0.859532 0.887222 0.779609 0.589732 0.608192 0.970332 0.822130 0.769648 0.731523 0.905473 0.932577 0.916272 0.996605 0.759436 0.835003 0.952689 0.950538 0.776304 0.828877 0.962118 0.919806 0.972176 0.753724 0.793840 0.635748 0.921080 0.651254 0.607817 0.561946 0.725673 0.805727 0.782229 0.859297 0.769166 0.923992 0.623405 0.756220 0.762007 0.618746 0.935558 0.949948 0.761977 0.743641 0.611544 0.547610 0.631696 0.740710 0.592890 0.597878 0.731035 0.932661 0.944427 0.931811 0.987253 0.959417 0.812039 0.766193 0.798416 0.833082 0.644222 0.751609 0.966175 0.812847 0.925261 0.743248 0.835935 0.985857 0.982221 0.897416 0.595619 0.649632 0.571194 0.611317 0.951931 0.829936 0.934703 0.963460 0.918342 0.809736 0.802346 0.948959 0.858057 0.747267 0.740912 0.823438 0.843637 0.912140 0.918980 0.945545 0.986899 0.889460 0.761566 0.956052 0.915175 0.715014
0.771500 0.721974 0.517683 0.669731 0.732687 0.867849 0.000000 0.492619 0.592501 0.490583 0.961399 0.933039 0.520621 0.788555 0.717215 0.669208 0.821632 0.799747 0.525454 0.779324 0.727659 0.899036 0.495770 0.697407 0.865210 0.876713 0.861069 0.817878 0.976480 0.915592 0.738805 0.600180 0.735540 0.905616 0.870523 0.954772 0.821036 0.848573 0.865459 0.769636 0.805789 0.869224 0.966075 0.837661 0.900330 0.722407 0.665115 0.874902 0.735114 0.847612 0.655964 0.755518 0.961786 0.978965 0.816846 0.796452 0.658463 0.600607 0.587460 0.662233 0.884816 0.814643 0.718176 0.753970 0.654937 0.950404 0.989710 0.663294 0.679122 0.625989 0.712964 0.621674 0.776818 0.819784 0.786722 0.885016 0.850256 0.847790 0.772214 0.992328 0.733833 0.786592 0.781103 0.717687 0.854545 0.887403 0.996931 0.881810 0.787575 0.954089 0.571985 0.551242 0.653962 0.595801 0.975957 0.938726 0.938834 0.932423 0.736995 0.637575 0.904010 0.614758 0.851015 0.738971 0.963244 0.948071 0.781168 0.897393 0.884862 0.923762 0.891391 0.995719 0.965265 0.837465 0.814881 0.919985
0.664009 0.692188 0.513093 0.371104 0.959880 0.900679 0.492619 0.000000 0.732270 0.565260 0.835060 0.866137 0.932348 0.966900 0.829734 0.965867 0.724113 0.667304 0.797056 0.900061 0.854064 0.967531 0.905731 0.820350 0.729880 0.841100 0.855562 0.858790 0.755249 0.862338 0.895142 0.709149 0.983434 0.997070 0.772024 0.966685 0.927843 0.897999 0.925546 0.984236 0.785307 0.935642 0.951103 0.883872 0.650779 0.626834 0.693833 0.814870 0.627319 0.806220 0.620813 0.726725 0.882994 0.925274 0.815351 0.801668 0.646372 0.565043 0.605716 0.719169 0.786640 0.950044 0.620132 0.628955 0.864121 0.837431 0.964592 0.867100 0.719814 0.661770 0.691658 0.569320 0.888645 0.978671 0.751399 0.965376 0.841589 0.841158 0.732477 0.915840 0.654597 0.703905 0.516459 0.601717 0.768492 0.794085 0.769864 0.884936 0.994023 0.928279 0.602352 0.591790 0.614083 0.581059 0.894223 0.943448 0.803326 0.856003 0.962201 0.834275 0.798951 0.773819 0.987521 0.733524 0.974165 0.925578 0.785744 0.893334 0.899876 0.956215 0.858773 0.789176 0.944964 0.895507 0.837395 0.937869
0.772733 0.621965 0.645245 0.794420 0.706343 0.966529 0.592501 0.732270 0.000000 0.450150 0.917117 0.994608 0.617763 0.772926 0.792050 0.609942 0.767801 0.651207 0.583766 0.846633 0.868439 0.954442 0.581383 0.694933 0.985506 0.987207 0.962997 0.747750 0.948119 0.999476 0.664049 0.751601 0.955946 0.917764 0.975976 0.930280 0.889588 0.918855 0.841770 0.783034 0.725141 0.831821 0.884011 0.969806 0.873664 0.920293 0.741540 0.833430 0.989760 0.939261 0.910708 0.994371 0.823501 0.619277 0.733451 0.986967 0.575487 0.532728 0.663518 0.667054 0.976009 0.735474 0.634931 0.678097 0.726122 0.977112 0.983514 0.682657 0.724619 0.700351 0.593447 0.679758 0.911254 0.853854 0.871187 0.862972 0.741889 0.816181 0.834017 0.929243 0.667061 0.675706 0.810665 0.581429 0.968644 0.776393 0.988559 0.989483 0.861273 0.968833 0.605203 0.559803 0.747055 0.624363 0.937141 0.912942 0.976494 0.934875 0.631467 0.573015 0.978770 0.599252 0.883250 0.992235 0.888624 0.986067 0.812357 0.850530 0.873078 0.834122 0.902710 0.831687 0.839368 0.898069 0.858900 0.830346
0.737433 0.560622 0.722944 0.803639 0.798386 0.965889 0.490583 0.565260 0.450150 0.000000 0.971346 0.936202 0.745824 0.928117 0.911986 0.804534 0.897140 0.777622 0.543750 0.825874 0.700178 0.907870 0.725147 0.913695 0.852912 0.826893 0.926141 0.647429 0.926582 0.807468 0.800131 0.703034 0.966603 0.921806 0.791335 0.884311 0.741634 0.851954 0.784118 0.653225 0.800720 0.763364 0.775092 0.723329 0.789408 0.679110 0.504438 0.685363 0.802122 0.856264 0.613651 0.672926 0.935842 0.931913 0.757362 0.789054 0.552110 0.539564 0.613437 0.706868 0.972394 0.815485 0.728427 0.758337 0.975637 0.870490 0.787144 0.548205 0.751057 0.643889 0.672328 0.638014 0.745015 0.841322 0.951513 0.902247 0.829644 0.926458 0.803136 0.881240 0.727444 0.715510 0.686444 0.573765 0.813032 0.528041 0.838735 0.972131 0.880365 0.860415 0.642659 0.575097 0.778699 0.624094 0.954481 0.910478 0.943650 0.999188 0.851092 0.774015 0.981923 0.657439 0.925088 0.838644 0.798608 0.882671 0.942556 0.865114 0.953224 0.938764 0.863032 0.987793 0.940687 0.859929 0.675992 0.998627
0.500359 0.662153 0.726489 0.682824 0.951458 0.782256 0.961399 0.835060 0.917117 0.971346 0.000000 0.565101 0.766900 0.811725 0.794337 0.973632 0.487843 0.412888 0.726002 0.718868 0.855566 0.974593 0.987185 0.990138 0.631493 0.611830 0.987082 0.973832 0.472186 0.441427 0.993084 0.898925 0.729068 0.667229 0.890925 0.920724 0.863106 0.940290 0.814876 0.890936 0.805079 0.826662 0.706747 0.992883 0.970971 0.882110 0.999693 0.897897 0.849713 0.860796 0.902929 0.949794 0.935491 0.816245 0.813098 0.853729 0.590300 0.572975 0.662312 0.601638 0.514577 0.707607 0.491021 0.422243 0.749922 0.728682 0.910505 0.912897 0.652529 0.715358 0.710527 0.728488 0.989557 0.969615 0.902451 0.928462 0.743439 0.801187 0.708258 0.766450 0.499204 0.449295 0.735633 0.556566 0.834265 0.995441 0.976092 0.679707 0.844572 0.788812 0.567359 0.572107 0.532521 0.547525 0.892365 0.858876 0.917215 0.874699 0.784305 0.756983 0.817950 0.913007 0.939027 0.847758 0.847058 0.964566 0.862124 0.784674 0.819242 0.875835 0.837271 0.922788 0.866532 0.944923 0.971719 0.945338
0.624422 0.663287 0.884689 0.728481 0.848034 0.834682 0.933039 0.866137 0.994608 0.936202 0.565101 0.000000 0.770355 0.650220 0.806199 0.822974 0.598229 0.572705 0.851942 0.780728 0.795812 0.967204 0.935803 0.877580 0.830430 0.758910 0.993892 0.957177 0.535728 0.670433 0.964855 0.935796 0.683488 0.735906 0.854439 0.920337 0.990952 0.949031 0.913356 0.952836 0.870599 0.803834 0.837207 0.963777 0.881637 0.853772 0.814640 0.915646 0.879748 0.830645 0.819921 0.847056 0.904106 0.967810 0.812747 0.807582 0.651735 0.698624 0.678338 0.739967 0.576530 0.590515 0.594037 0.552412 0.892628 0.950728 0.955158 0.967925 0.795359 0.814898 0.752514 0.819350 0.899452 0.899197 0.800471 0.898162 0.787965 0.856248 0.789238 0.847250 0.659978 0.570094 0.709724 0.623532 0.775092 0.845381 0.970756 0.737202 0.912857 0.717461 0.716390 0.685361 0.673281 0.677119 0.950752 0.864751 0.914417 0.797685 0.878186 0.935473 0.953699 0.992205 0.922947 0.930309 0.901395 0.949061 0.942566 0.830172 0.902538 0.986311 0.771655 0.946383 0.710936 0.982399 0.908034 0.876547
0.881192 0.975770 0.736423 0.995418 0.646536 0.883764 0.520621 0.932348 0.617763 0.745824 0.766900 0.770355 0.000000 0.506678 0.391997 0.382609 0.986609 0.923317 0.469289 0.614838 0.845007 0.940831 0.379220 0.546520 0.916578 0.835669 0.994682 0.931100 0.757698 0.761901 0.712327 0.680869 0.534817 0.711333 0.882379 0.895990 0.863062 0.998118 0.866889 0.869947 0.923277 0.958072 0.879768 0.908332 0.694030 0.910687 0.997180 0.991922 0.918876 0.918092 0.941048 0.874247 0.753890 0.844660 0.887768 0.906002 0.951762 0.872903 0.875906 0.795582 0.576700 0.643361 0.960892 0.960244 0.563219 0.933556 0.893896 0.828503 0.874010 0.852348 0.841013 0.934120 0.876443 0.798616 0.960884 0.865637 0.846353 0.841085 0.946323 0.956630 0.963015 0.955292 0.842984 0.959146 0.586935 0.845089 0.841207 0.700014 0.710591 0.846000 0.801092 0.818419 0.879458 0.880636 0.992753 0.980649 0.986821 0.885433 0.679067 0.591434 0.945880 0.657839 0.932039 0.985008 0.871346 0.960908 0.936713 0.951467 0.929818 0.942250 0.947511 0.849196 0.894203 0.951960 0.902624 0.995390
0.850020 0.905255 0.830712 0.995654 0.786840 0.945817 0.788555 0.966900 0.772926 0.928117 0.811725 0.650220 0.506678 0.000000 0.511035 0.490148 0.929231 0.976960 0.692488 0.689690 0.839742 0.813251 0.489581 0.500851 0.898782 0.907558 0.909272 0.953529 0.776240 0.849162 0.802677 0.786086 0.584081 0.786478 0.731323 0.786466 0.882298 0.914384 0.910722 0.898850 0.916449 0.922920 0.855542 0.834911 0.682458 0.784651 0.988224 0.834927 0.794026 0.722182 0.847428 0.689783 0.718265 0.713806 0.997920 0.944300 0.927262 0.990932 0.925837 0.981067 0.755204 0.631397 0.986189 0.964831 0.648063 0.918746 0.880868 0.965115 0.951928 0.957934 0.989113 0.900545 0.962716 0.852780 0.814932 0.761229 0.868639 0.855059 0.886015 0.975366 0.968036 0.942902 0.735042 0.835370 0.633525 0.766406 0.877095 0.730466 0.807921 0.665610 0.989542 0.989876 0.971789 0.985028 0.963140 0.978019 0.981977 0.818900 0.899900 0.705126 0.993616 0.883729 0.904697 0.987110 0.776337 0.867956 0.911593 0.982088 0.983145 0.930863 0.854032 0.958781 0.979651 0.980518 0.850260 0.936918
0.831294 0.873039 0.920666 0.778951 0.723347 0.941451 0.717215 0.829734 0.792050 0.911986 0.794337 0.806199 0.391997 0.511035 0.000000 0.448110 0.939051 0.834999 0.597723 0.702238 0.847941 0.875899 0.394527 0.650214 0.997442 0.841649 0.843049 0.986672 0.640718 0.725806 0.775535 0.749790 0.538279 0.729572 0.819957 0.918809 0.902449 0.932283 0.840865 0.838507 0.996267 0.998969 0.869716 0.884577 0.631400 0.792671 0.951969 0.918130 0.783222 0.780234 0.870101 0.776652 0.754313 0.804776 0.917757 0.935970 0.931620 0.956192 0.986023 0.942700 0.630537 0.786851 0.933338 0.862676 0.597602 0.941386 0.938865 0.782729 0.907893 0.959267 0.972594 0.887704 0.856152 0.841105 0.851271 0.920729 0.931320 0.890201 0.885099 0.852672 0.896440 0.869706 0.653730 0.853685 0.489001 0.761818 0.768412 0.629283 0.776604 0.774820 0.979474 0.955325 0.966606 0.980999 0.922744 0.948752 0.878664 0.753715 0.802131 0.680905 0.873911 0.868537 0.899013 0.984099 0.872257 0.996766 0.927924 0.931800 0.979764 0.957508 0.963475 0.800219 0.932977 0.987062 0.850807 0.972190
0.937733 0.926226 0.743206 0.934470 0.654388 0.748652 0.669208 0.965867 0.609942 0.804534 0.973632 0.822974 0.382609 0.490148 0.448110 0.000000 0.856360 0.903788 0.678268 0.701651 0.949619 0.925745 0.418297 0.474041 0.770561 0.941028 0.902109 0.997085 0.904915 0.963183 0.691315 0.740150 0.614210 0.845422 0.806190 0.821082 0.949506 0.969388 0.911965 0.965933 0.931625 0.984655 0.775377 0.877304 0.701958 0.934551 0.992293 0.925234 0.932403 0.927516 0.927362 0.837618 0.729835 0.716245 0.867801 0.855801 0.818375 0.768705 0.802661 0.670841 0.823347 0.766415 0.796197 0.853553 0.484419 0.840791 0.809560 0.891025 0.709031 0.760910 0.742132 0.884449 0.934424 0.837491 0.849657 0.823364 0.753521 0.782915 0.969076 0.961801 0.773696 0.899542 0.828884 0.948897 0.645672 0.806788 0.895759 0.737553 0.897785 0.799335 0.692027 0.701199 0.747611 0.721393 0.924582 0.923629 0.991332 0.846585 0.658904 0.540348 0.911438 0.730383 0.981899 0.920179 0.816815 0.916408 0.964153 0.992203 0.915225 0.956973 0.906804 0.810083 0.814043 0.995709 0.835150 0.849252
0.508796 0.544693 0.543110 0.556590 0.988051 0.832066 0.821632 0.724113 0.767801 0.897140 0.487843 0.598229 0.986609 0.929231 0.939051 0.856360 0.000000 0.339583 0.875047 0.831888 0.920342 0.972056 0.805087 0.734148 0.561122 0.580693 0.962586 0.919384 0.541789 0.458090 0.838460 0.907383 0.905329 0.700102 0.944069 0.967898 0.942182 0.987816 0.857055 0.901727 0.732105 0.866047 0.655976 0.988218 0.969941 0.871142 0.884782 0.946092 0.895574 0.913514 0.902064 0.998163 0.890542 0.684344 0.746514 0.853675 0.516302 0.443666 0.562271 0.613427 0.577217 0.940525 0.350245 0.360915 0.593047 0.700990 0.814674 0.992557 0.612985 0.643534 0.619516 0.723392 0.992612 0.967942 0.886157 0.955460 0.755821 0.736177 0.668534 0.706891 0.384732 0.405398 0.697863 0.544235 0.866966 0.982808 0.931980 0.685568 0.891787 0.899162 0.561841 0.536493 0.497778 0.489310 0.835551 0.773639 0.935297 0.875082 0.742994 0.663713 0.773824 0.868726 0.962002 0.802023 0.789269 0.983135 0.795318 0.771288 0.907099 0.926566 0.924875 0.927570 0.844460 0.995203 0.999224 0.845216
0.406211 0.453548 0.521879 0.536722 0.984243 0.819463 0.799747 0.667304 0.651207 0.777622 0.412888 0.572705 0.923317 0.976960 0.834999 0.903788 0.339583 0.000000 0.871237 0.809700 0.845505 0.957661 0.885417 0.820629 0.614479 0.578484 0.975148 0.850138 0.496311 0.459692 0.871359 0.940797 0.804448 0.702300 0.964148 0.980332 0.964502 0.997618 0.863479 0.941873 0.663232 0.798922 0.697713 0.986732 0.960863 0.807410 0.778996 0.818392 0.820115 0.856569 0.830657 0.908216 0.989811 0.693359 0.639514 0.862131 0.400845 0.352350 0.491910 0.491903 0.488812 0.916443 0.298993 0.283732 0.656001 0.696325 0.884438 0.952444 0.563882 0.632785 0.534105 0.599815 0.931863 0.964020 0.862947 0.882143 0.705143 0.770262 0.616714 0.675292 0.331555 0.311807 0.583990 0.413339 0.747654 0.853269 0.867572 0.650483 0.899530 0.838807 0.485788 0.472999 0.465141 0.459029 0.828805 0.767957 0.915798 0.811778 0.710839 0.673392 0.761973 0.827236 0.920763 0.841244 0.902015 0.986076 0.738743 0.811586 0.847041 0.908184 0.854992 0.983647 0.818085 0.931157 0.907504 0.831244
0.857591 0.978975 0.871817 0.979800 0.744764 0.879970 0.525454 0.797056 0.583766 0.543750 0.726002 0.851942 0.469289 0.692488 0.597723 0.678268 0.875047 0.871237 0.000000 0.595392 0.695312 0.845383 0.544664 0.775050 0.766618 0.624462 0.935269 0.801082 0.678126 0.584568 0.801523 0.676768 0.778313 0.691182 0.885148 0.959837 0.721754 0.891518 0.677992 0.669636 0.949540 0.984845 0.905712 0.924687 0.904488 0.990656 0.768861 0.989788 0.940102 0.854743 0.879680 0.996950 0.849096 0.935998 0.895555 0.902797 0.962266 0.909511 0.904193 0.984131 0.647941 0.755564 0.912971 0.897294 0.890817 0.787732 0.879942 0.621825 0.995369 0.868763 0.890416 0.961581 0.778548 0.838020 0.881342 0.982154 0.946679 0.973262 0.990974 0.991238 0.920087 0.931749 0.941364 0.959737 0.762127 0.860141 0.972250 0.689867 0.761213 0.898369 0.859052 0.812987 0.972427 0.896214 0.957452 0.885590 0.975483 0.851267 0.885460 0.783056 0.930209 0.687416 0.930046 0.974564 0.901254 0.943698 0.937016 0.844911 0.984224 0.911488 0.996492 0.878492 0.980487 0.887998 0.933622 0.856495
0.726655 0.874186 0.925463 0.994271 0.900820 0.857914 0.779324 0.900061 0.846633 0.825874 0.718868 0.780728 0.614838 0.689690 0.702238 0.701651 0.831888 0.809700 0.595392 0.000000 0.757457 0.854296 0.734448 0.781620 0.916670 0.848319 0.939161 0.910967 0.721880 0.638413 0.916096 0.684463 0.814630 0.761937 0.898883 0.925852 0.854097 0.872480 0.747016 0.900464 0.935243 0.924250 0.995501 0.840201 0.886839 0.845019 0.956961 0.939951 0.850456 0.803036 0.960077 0.932429 0.892196 0.943987 0.996936 0.794221 0.838598 0.968096 0.986281 0.946105 0.814931 0.905174 0.928704 0.895183 0.943084 0.786146 0.843019 0.707683 0.961532 0.971285 0.948703 0.980098 0.921470 0.858343 0.983002 0.995161 0.970236 0.964898 0.800486 0.947727 0.852465 0.846046 0.873338 0.815664 0.866382 0.960837 0.991834 0.676019 0.818180 0.749673 0.929589 0.993998 0.895770 0.977556 0.969494 0.836985 0.992081 0.992479 0.906065 0.914388 0.856477 0.818287 0.983811 0.849126 0.985617 0.956751 0.927309 0.932059 0.946274 0.987999 0.867591 0.998218 0.965510 0.918317 0.993852 0.881263
0.967502 0.943323 0.964324 0.901298 0.783842 0.787696 0.727659 0.854064 0.868439 0.700178 0.855566 0.795812 0.845007 0.839742 0.847941 0.949619 0.920342 0.845505 0.695312 0.757457 0.000000 0.897160 0.763949 0.973890 0.762167 0.670683 0.932712 0.795569 0.777143 0.702125 0.965725 0.766671 0.903999 0.956165 0.887162 0.971171 0.760193 0.733050 0.732042 0.651852 0.918408 0.862436 0.739511 0.843337 0.880186 0.870226 0.822161 0.970200 0.944212 0.973819 0.832044 0.887746 0.972277 0.988717 0.951376 0.928548 0.988425 0.967240 0.999822 0.890364 0.725946 0.717222 0.888964 0.854968 0.948609 0.882969 0.772356 0.697670 0.961568 0.868904 0.923445 0.974194 0.677432 0.832269 0.921157 0.936088 0.919621 0.907773 0.918337 0.919938 0.927906 0.873240 0.925421 0.988739 0.895008 0.849033 0.934933 0.849194 0.995538 0.987817 0.994295 0.968879 0.868457 0.993688 0.948932 0.864650 0.974482 0.885270 0.983792 0.999958 0.895904 0.777311 0.999244 0.791206 0.845932 0.957450 0.996024 0.972180 0.899082 0.904509 0.963673 0.971838 0.868067 0.985269 0.834911 0.781258
0.996454 0.982593 0.889654 0.996913 0.982931 0.859532 0.899036 0.967531 0.954442 0.907870 0.974593 0.967204 0.940831 0.813251 0.875899 0.925745 0.972056 0.957661 0.845383 0.854296 0.897160 0.000000 0.937633 0.925896 0.991274 0.959618 0.960088 0.967531 0.927240 0.926153 0.954066 0.918265 0.928936 0.973726 0.913194 0.973666 0.820563 0.958132 0.974029 0.945750 0.959877 0.986694 0.875779 0.880029 0.856944 0.910862 0.858616 0.955308 0.918006 0.947600 0.829877 0.889763 0.764900 0.915623 0.880101 0.860869 0.956253 0.981900 0.958733 0.984457 0.963743 0.894062 0.973735 0.954519 0.981575 0.911800 0.949735 0.883162 0.860960 0.915175 0.976286 0.949392 0.932190 0.975501 0.936519 0.934566 0.950598 0.960413 0.908862 0.906871 0.952968 0.899511 0.940614 0.982216 0.980110 0.898908 0.920326 0.986226 0.971818 0.994169 0.950195 0.953275 0.952062 0.926554 0.884966 0.845475 0.982219 0.944100 0.871792 0.925893 0.966320 0.880828 0.997243 0.886582 0.904880 0.861485 0.942185 0.999200 0.909470 0.973496 0.964971 0.914574 0.986065 0.942141 0.959959 0.955888
0.972256 0.913617 0.675620 0.932241 0.627708 0.887222 0.495770 0.905731 0.581383 0.725147 0.987185 0.935803 0.379220 0.489581 0.394527 0.418297 0.805087 0.885417 0.544664 0.734448 0.763949 0.937633 0.000000 0.475471 0.843170 0.906773 0.849877 0.967763 0.906693 0.930954 0.706873 0.665306 0.585174 0.879488 0.817010 0.855073 0.902493 0.959346 0.822280 0.790366 0.922914 0.903548 0.790978 0.913731 0.678557 0.920271 0.919407 0.940002 0.886828 0.816086 0.966448 0.778530 0.695381 0.676873 0.903630 0.976743 0.834866 0.808276 0.870129 0.834683 0.771298 0.755126 0.815841 0.879673 0.437186 0.916879 0.887695 0.769039 0.778145 0.816922 0.835963 0.949837 0.773635 0.794228 0.874475 0.862541 0.770763 0.739153 0.965616 0.996469 0.832825 0.893168 0.792228 0.927915 0.496574 0.787546 0.856786 0.707846 0.791944 0.780881 0.708713 0.668568 0.798568 0.756218 0.984057 0.925406 0.989800 0.841481 0.684549 0.499007 0.957230 0.682546 0.906858 0.882479 0.780102 0.969404 0.909399 0.893441 0.919854 0.957984 0.984101 0.850446 0.826194 0.949841 0.914439 0.959741
0.966277 0.928175 0.635235 0.738613 0.699766 0.779609 0.697407 0.820350 0.694933 0.913695 0.990138 0.877580 0.546520 0.500851 0.650214 0.474041 0.734148 0.820629 0.775050 0.781620 0.973890 0.925896 0.475471 0.000000 0.603834 0.850452 0.803724 0.994065 0.891767 0.871056 0.790590 0.841907 0.724799 0.882617 0.772861 0.785728 0.947025 0.791856 0.918621 0.960694 0.989378 0.963362 0.781102 0.921708 0.812037 0.977085 0.975899 0.938150 0.952549 0.936114 0.921779 0.765288 0.789366 0.736435 0.922896 0.868042 0.861110 0.830341 0.922669 0.864547 0.886856 0.714546 0.795834 0.840465 0.443563 0.638328 0.643893 0.926465 0.760457 0.850776 0.787825 0.966462 0.973425 0.972188 0.857778 0.938875 0.858104 0.708677 0.978336 0.918149 0.780751 0.920654 0.885195 0.948705 0.609821 0.608394 0.872016 0.759689 0.781511 0.735067 0.728328 0.789975 0.780964 0.785934 0.967334 0.861190 0.902418 0.971799 0.814099 0.593432 0.894071 0.852610 0.815931 0.851156 0.733301 0.713524 0.908265 0.992160 0.857051 0.969747 0.909187 0.963812 0.852178 0.990098 0.763653 0.842057
0.726385 0.887751 0.557551 0.501356 0.984783 0.589732 0.865210 0.729880 0.985506 0.852912 0.631493 0.830430 0.916578 0.898782 0.997442 0.770561 0.561122 0.614479 0.766618 0.916670 0.762167 0.991274 0.843170 0.603834 0.000000 0.427936 0.860525 0.813437 0.558732 0.461507 0.799864 0.954907 0.860983 0.959309 0.757114 0.794750 0.793965 0.790011 0.632495 0.599351 0.906524 0.989310 0.624972 0.847158 0.960927 0.923825 0.871876 0.970204 0.813465 0.855984 0.988160 0.872438 0.928551 0.902410 0.939043 0.881958 0.758535 0.701334 0.762007 0.665748 0.719099 0.955238 0.564290 0.588644 0.450321 0.448487 0.492105 0.608262 0.717971 0.767883 0.700391 0.835212 0.828040 0.922816 0.926603 0.989053 0.750630 0.593957 0.816676 0.904996 0.603671 0.678876 0.850271 0.851036 0.907537 0.612127 0.845347 0.882470 0.953122 0.904361 0.650100 0.701581 0.529595 0.625862 0.881733 0.783905 0.840014 0.820973 0.816143 0.714319 0.686701 0.955086 0.893414 0.759746 0.612750 0.767853 0.861119 0.995668 0.889957 0.990919 0.975002 0.893819 0.904231 0.850863 0.833461 0.784978
0.693642 0.851001 0.704466 0.573756 0.819554 0.608192 0.876713 0.841100 0.987207 0.826893 0.611830 0.758910 0.835669 0.907558 0.841649 0.941028 0.580693 0.578484 0.624462 0.848319 0.670683 0.959618 0.906773 0.850452 0.427936 0.000000 0.908857 0.793181 0.573849 0.450443 0.904506 0.922640 0.921485 0.884341 0.766134 0.872127 0.710476 0.840857 0.645945 0.550581 0.846407 0.985202 0.639202 0.836108 0.998003 0.954430 0.884138 0.889527 0.899212 0.877794 0.972545 0.908031 0.992252 0.848054 0.914014 0.897888 0.725405 0.724576 0.765778 0.688468 0.558036 0.839392 0.536103 0.546347 0.659206 0.547378 0.585324 0.621779 0.743983 0.789082 0.710976 0.857366 0.847758 0.960259 0.986825 0.996153 0.696865 0.663243 0.816428 0.840082 0.615346 0.634513 0.856078 0.786550 0.865618 0.763419 0.995409 0.740837 0.863408 0.928764 0.739390 0.727244 0.613198 0.656663 0.955603 0.803883 0.861377 0.704879 0.852222 0.858183 0.772301 0.964088 0.918723 0.911557 0.715873 0.819311 0.915969 0.981628 0.946862 0.969239 0.995731 0.956371 0.873607 0.924657 0.861632 0.746391
0.941297 0.941826 0.980004 0.960839 0.959392 0.970332 0.861069 0.855562 0.962997 0.926141 0.987082 0.993892 0.994682 0.909272 0.843049 0.902109 0.962586 0.975148 0.935269 0.939161 0.932712 0.960088 0.849877 0.803724 0.860525 0.908857 0.000000 0.995705 0.993755 0.912190 0.932781 0.924343 0.957298 0.991654 0.867833 0.737514 0.897008 0.835500 0.924810 0.970564 0.880763 0.993546 0.936578 0.948602 0.854592 0.907197 0.953105 0.938614 0.952992 0.929768 0.917884 0.827417 0.821133 0.836675 0.947099 0.960203 0.984261 0.975015 0.928221 0.978740 0.988012 0.957111 0.969911 0.959421 0.801005 0.874720 0.937947 0.939777 0.989921 0.953313 0.946853 0.842398 0.956298 0.856588 0.817223 0.969469 0.926203 0.914770 0.959730 0.962604 0.997766 0.987057 0.854201 0.976400 0.850508 0.810363 0.887242 0.978065 0.998343 0.885361 0.990309 0.998309 0.983869 0.917788 0.992499 0.910551 0.925525 0.951211 0.974136 0.860114 0.922021 0.956166 0.851240 0.932089 0.898666 0.794536 0.882638 0.960515 0.999717 0.941508 0.971034 0.911919 0.986999 0.896700 0.717554 0.892860
0.815151 0.706084 0.891091 0.972820 0.869400 0.822130 0.817878 0.858790 0.747750 0.647429 0.973832 0.957177 0.931100 0.953529 0.986672 0.997085 0.919384 0.850138 0.801082 0.910967 0.795569 0.967531 0.967763 0.994065 0.813437 0.793181 0.995705 0.000000 0.969954 0.846501 0.990210 0.916128 0.820389 0.997226 0.858139 0.807411 0.889910 0.913816 0.887528 0.713316 0.938518 0.841174 0.795966 0.784010 0.830371 0.848513 0.805944 0.791523 0.844508 0.903041 0.794576 0.734548 0.892891 0.954316 0.814406 0.909661 0.796829 0.733333 0.784027 0.887085 0.923804 0.804485 0.929549 0.867524 0.848628 0.921983 0.785573 0.722615 0.991694 0.901272 0.837919 0.757746 0.903283 0.947944 0.870869 0.855075 0.898350 0.945949 0.799961 0.886400 0.852667 0.856791 0.764478 0.780673 0.762893 0.648567 0.865321 0.938352 0.870817 0.857823 0.862850 0.876038 0.977617 0.970245 0.892632 0.880306 0.941495 0.961595 0.942755 0.902955 0.988671 0.914857 0.971709 0.984935 0.768303 0.911459 0.889101 0.878496 0.954181 0.995646 0.883241 0.989338 0.890212 0.862642 0.896264 0.995294
0.569361 0.685761 0.735811 0.507922 0.905757 0.769648 0.976480 0.755249 0.948119 0.926582 0.472186 0.535728 0.757698 0.776240 0.640718 0.904915 0.541789 0.496311 0.678126 0.721880 0.777143 0.927240 0.906693 0.891767 0.558732 0.573849 0.993755 0.969954 0.000000 0.401159 0.969633 0.882813 0.704407 0.665285 0.946785 0.953581 0.793266 0.897517 0.736250 0.718693 0.868883 0.787211 0.709635 0.916273 0.913746 0.845574 0.930813 0.952806 0.809918 0.825846 0.983643 0.993192 0.968599 0.835917 0.759628 0.943440 0.694927 0.691253 0.793788 0.748356 0.551540 0.836721 0.542003 0.518360 0.760311 0.598361 0.757050 0.739964 0.816722 0.884698 0.658592 0.772417 0.814978 0.936034 0.881910 0.963839 0.745089 0.761489 0.783318 0.847458 0.542128 0.604352 0.683954 0.663278 0.827507 0.887815 0.972993 0.739322 0.936942 0.836261 0.656886 0.667750 0.632655 0.696427 0.909847 0.784915 0.898039 0.630353 0.907773 0.815271 0.777568 0.938122 0.963854 0.939157 0.751386 0.802810 0.822136 0.942708 0.770103 0.946784 0.836770 0.895414 0.821806 0.939317 0.973581 0.728484
0.620501 0.735538 0.735537 0.613616 0.953557 0.731523 0.915592 0.862338 0.999476 0.807468 0.441427 0.670433 0.761901 0.849162 0.725806 0.963183 0.458090 0.459692 0.584568 0.638413 0.702125 0.926153 0.930954 0.871056 0.461507 0.450443 0.912190 0.846501 0.401159 0.000000 0.951632 0.783577 0.836094 0.677282 0.820576 0.952437 0.739186 0.863975 0.678580 0.637340 0.840756 0.859693 0.651035 0.934593 0.957260 0.880118 0.930859 0.978960 0.884142 0.847706 0.983199 0.933435 0.972975 0.843424 0.876197 0.973722 0.697041 0.674798 0.772099 0.684203 0.519289 0.855684 0.516989 0.509907 0.647186 0.547600 0.687599 0.694005 0.745153 0.804429 0.767071 0.835408 0.765478 0.846969 0.908376 0.957934 0.799752 0.805241 0.714471 0.767773 0.537134 0.581608 0.764064 0.708277 0.923936 0.791891 0.928088 0.688612 0.857901 0.935111 0.709387 0.700874 0.584718 0.646539 0.882263 0.852841 0.932575 0.768930 0.896983 0.847694 0.719754 0.934312 0.969903 0.821422 0.743858 0.865252 0.816406 0.929174 0.862755 0.887972 0.969822 0.915706 0.855540 0.886813 0.970288 0.773789
0.908204 0.879786 0.680216 0.824825 0.992903 0.905473 0.738805 0.895142 0.664049 0.800131 0.993084 0.964855 0.712327 0.802677 0.775535 0.691315 0.838460 0.871359 0.801523 0.916096 0.965725 0.954066 0.706873 0.790590 0.799864 0.904506 0.932781 0.990210 0.969633 0.951632 0.000000 0.769943 0.687643 0.777217 0.961875 0.805225 0.826762 0.882673 0.974176 0.896319 0.937244 0.972762 0.750149 0.827397 0.743144 0.852499 0.912360 0.991321 0.903217 0.837252 0.872773 0.867511 0.766725 0.757269 0.942630 0.986656 0.828919 0.775144 0.748792 0.781579 0.908698 0.956413 0.765674 0.795930 0.758081 0.945329 0.807086 0.926535 0.864184 0.881917 0.729819 0.899026 0.929533 0.892908 0.863215 0.920112 0.649098 0.814253 0.960125 0.883012 0.854964 0.831262 0.963797 0.848388 0.931914 0.974738 0.990067 0.995646 0.825106 0.815039 0.835957 0.776590 0.841443 0.720291 0.964799 0.877125 0.901865 0.932226 0.702628 0.678482 0.930110 0.793619 0.977438 0.936199 0.904740 0.949011 0.976419 0.893542 0.888933 0.897008 0.924711 0.939863 0.984498 0.917428 0.915569 0.863287
0.984068 0.913027 0.772411 0.805594 0.933108 0.932577 0.600180 0.709149 0.751601 0.703034 0.898925 0.935796 0.680869 0.786086 0.749790 0.740150 0.907383 0.940797 0.676768 0.684463 0.766671 0.918265 0.665306 0.841907 0.954907 0.922640 0.924343 0.916128 0.882813 0.783577 0.769943 0.000000 0.785919 0.931386 0.887849 0.960188 0.855325 0.872975 0.902977 0.810595 0.955274 0.952302 0.914290 0.899221 0.956797 0.992566 0.883026 0.998021 0.975071 0.836480 0.905566 0.994038 0.865835 0.909805 0.913760 0.971126 0.907738 0.816018 0.827528 0.935619 0.981089 0.996672 0.864835 0.872133 0.855212 0.828287 0.877765 0.673433 0.806378 0.928726 0.910064 0.816713 0.788148 0.847142 0.934441 0.918750 0.866700 0.907036 0.974624 0.890073 0.920606 0.884130 0.915519 0.857249 0.953960 0.845901 0.815041 0.852805 0.914703 0.989194 0.856235 0.796414 0.915491 0.856047 0.952434 0.931972 0.941730 0.996664 0.815094 0.719056 0.889221 0.832022 0.868969 0.960142 0.927767 0.986287 0.867650 0.967986 0.988143 0.926909 0.886311 0.952911 0.894318 0.914969 0.949350 0.921879
0.842584 0.813726 0.834175 0.940225 0.876840 0.916272 0.735540 0.983434 0.955946 0.966603 0.729068 0.683488 0.534817 0.584081 0.538279 0.614210 0.905329 0.804448 0.778313 0.814630 0.903999 0.928936 0.585174 0.724799 0.860983 0.921485 0.957298 0.820389 0.704407 0.836094 0.687643 0.785919 0.000000 0.700374 0.760404 0.839767 0.982178 0.852320 0.954569 0.917738 0.932052 0.923402 0.876228 0.839466 0.728730 0.822281 0.898239 0.889471 0.887352 0.846376 0.833334 0.791283 0.795645 0.962142 0.933902 0.867878 0.849018 0.900919 0.943065 0.972706 0.655767 0.696384 0.883987 0.819680 0.656459 0.925927 0.827543 0.973815 0.967567 0.989269 0.868330 0.881320 0.941264 0.937283 0.992724 0.849920 0.998746 0.878052 0.905350 0.818488 0.870030 0.830122 0.780130 0.762491 0.585493 0.741389 0.872665 0.735922 0.873058 0.678106 0.937940 0.920303 0.968351 0.932514 0.961133 0.999650 0.881284 0.865596 0.891247 0.765532 0.811441 0.929727 0.998413 0.916418 0.791850 0.835791 0.965729 0.877682 0.988338 0.987500 0.936823 0.961165 0.914177 0.981070 0.838373 0.924235
0.729010 0.763278 0.991430 0.877113 0.952985 0.996605 0.905616 0.997070 0.917764 0.921806 0.667229 0.735906 0.711333 0.786478 0.729572 0.845422 0.700102 0.702300 0.691182 0.761937 0.956165 0.973726 0.879488 0.882617 0.959309 0.884341 0.991654 0.997226 0.665285 0.677282 0.777217 0.931386 0.700374 0.000000 0.901789 0.886499 0.926659 0.905197 0.902326 0.977217 0.894732 0.822134 0.999755 0.899063 0.855178 0.832207 0.871102 0.931317 0.914044 0.919262 0.906160 0.907720 0.854893 0.962440 0.812068 0.989141 0.798974 0.838482 0.898758 0.867145 0.660374 0.729668 0.769465 0.742067 0.973115 0.965221 0.938142 0.957451 0.922284 0.980691 0.968777 0.956461 0.987049 0.972684 0.792267 0.982585 0.954335 0.886740 0.878748 0.700511 0.753803 0.760168 0.918776 0.826067 0.824889 0.912148 0.921220 0.825381 0.831588 0.802580 0.907429 0.892888 0.876568 0.875201 0.996485 0.969845 0.971380 0.844349 0.951526 0.996476 0.981458 0.891501 0.961027 0.982979 0.966381 0.850905 0.986727 0.951339 0.958649 0.977227 0.932488 0.849542 0.917188 0.843107 0.926852 0.958988
0.971327 0.903090 0.927892 0.938122 0.924683 0.759436 0.870523 0.772024 0.975976 0.791335 0.890925 0.854439 0.882379 0.731323 0.819957 0.806190 0.944069 0.964148 0.885148 0.898883 0.887162 0.913194 0.817010 0.772861 0.757114 0.766134 0.867833 0.858139 0.946785 0.820576 0.961875 0.887849 0.760404 0.901789 0.000000 0.713108 0.759229 0.833098 0.670470 0.891693 0.998975 0.979365 0.728691 0.818499 0.668821 0.769391 0.709494 0.866010 0.822130 0.839716 0.718073 0.645707 0.826863 0.767314 0.941504 0.819139 0.996960 0.938504 0.876860 0.963842 0.909977 0.886715 0.987318 0.992222 0.701169 0.704998 0.616548 0.645454 0.925798 0.968635 0.948545 0.850073 0.953196 0.933870 0.860849 0.798114 0.873049 0.675805 0.983965 0.894460 0.958175 0.935442 0.820327 0.992158 0.740071 0.639034 0.897863 0.971089 0.988571 0.826527 0.973680 0.939066 0.939018 0.968884 0.901980 0.949390 0.994332 0.915035 0.853833 0.804659 0.918113 0.941496 0.919733 0.948007 0.787723 0.839527 0.928971 0.911574 0.844046 0.912418 0.995296 0.910213 0.901987 0.878488 0.736323 0.866126
0.965040 0.876086 0.870338 0.884007 0.991706 0.835003 0.954772 0.966685 0.930280 0.884311 0.920724 0.920337 0.895990 0.786466 0.918809 0.821082 0.967898 0.980332 0.959837 0.925852 0.971171 0.973666 0.855073 0.785728 0.794750 0.872127 0.737514 0.807411 0.953581 0.952437 0.805225 0.960188 0.839767 0.886499 0.713108 0.000000 0.820414 0.937649 0.822011 0.890350 0.893993 0.851375 0.841378 0.872591 0.824073 0.924444 0.866858 0.901796 0.963762 0.921531 0.911168 0.798096 0.797606 0.905815 0.979208 0.974246 0.975432 0.984182 0.939438 0.991577 0.985207 0.929387 0.978899 0.955164 0.771410 0.797744 0.803159 0.739376 0.864500 0.954090 0.927586 0.805976 0.916329 0.974530 0.799273 0.957140 0.847894 0.950724 0.935852 0.953787 0.919427 0.969413 0.773017 0.935499 0.845001 0.735712 0.869383 0.969507 0.999099 0.894752 0.913523 0.925025 0.878196 0.902008 0.912516 0.846435 0.914631 0.909198 0.906014 0.885065 0.877860 0.859577 0.990133 0.861640 0.754010 0.739204 0.936738 0.989997 0.899514 0.968449 0.956198 0.898417 0.919352 0.945313 0.633801 0.981367
0.997002 0.921880 0.894921 0.844943 0.788311 0.952689 0.821036 0.927843 0.889588 0.741634 0.863106 0.990952 0.863062 0.882298 0.902449 0.949506 0.942182 0.964502 0.721754 0.854097 0.760193 0.820563 0.902493 0.947025 0.793965 0.710476 0.897008 0.889910 0.793266 0.739186 0.826762 0.855325 0.982178 0.926659 0.759229 0.820414 0.000000 0.875241 0.684597 0.676866 0.972435 0.994729 0.708070 0.680405 0.814430 0.796206 0.747700 0.811467 0.830027 0.895199 0.748200 0.830362 0.884604 0.925545 0.814298 0.823292 0.893601 0.944651 0.995207 0.971460 0.791188 0.869784 0.937128 0.931788 0.958750 0.930213 0.769643 0.734021 0.901233 0.855147 0.994943 0.930664 0.985195 0.967346 0.963222 0.955121 0.813462 0.940367 0.925581 0.794640 0.983051 0.957790 0.922281 0.974255 0.988341 0.847531 0.933100 0.920992 0.981872 0.877895 0.931459 0.919606 0.964319 0.970063 0.847582 0.950736 0.980613 0.835432 0.910986 0.987044 0.925340 0.848516 0.972458 0.995976 0.906553 0.953865 0.999339 0.946930 0.996757 0.973347 0.921889 0.905722 0.993019 0.871109 0.816985 0.881030
0.824761 0.923077 0.938912 0.956085 0.833306 0.950538 0.848573 0.897999 0.918855 0.851954 0.940290 0.949031 0.998118 0.914384 0.932283 0.969388 0.987816 0.997618 0.891518 0.872480 0.733050 0.958132 0.959346 0.791856 0.790011 0.840857 0.835500 0.913816 0.897517 0.863975 0.882673 0.872975 0.852320 0.905197 0.833098 0.937649 0.875241 0.000000 0.893728 0.627308 0.869968 0.996968 0.819169 0.784935 0.834349 0.790373 0.827964 0.858248 0.866861 0.912764 0.736533 0.779091 0.819266 0.881050 0.932527 0.761486 0.882636 0.939944 0.928950 0.917831 0.946428 0.949751 0.982421 0.997869 0.904781 0.875706 0.768341 0.785455 0.876299 0.760063 0.954501 0.974341 0.838487 0.961800 0.911425 0.926382 0.909440 0.824538 0.964616 0.916076 0.932867 0.931041 0.855166 0.785969 0.943206 0.795953 0.897387 0.900532 0.716715 0.763476 0.883054 0.870790 0.944128 0.935629 0.963517 0.906652 0.899134 0.749485 0.983272 0.970917 0.735716 0.907074 0.930453 0.846313 0.801799 0.797648 0.969886 0.968658 0.975696 0.868991 0.909516 0.943888 0.998109 0.952570 0.987224 0.904883
