0.000000 0.407983 0.972530 0.866151 0.901085 0.905975 0.865723 0.741129 0.990364 0.754145 0.616527 0.578596 0.978782 0.845755 0.996873 0.922984 0.513965 0.567491 0.627854 0.571124 0.934302 0.919679 0.990488 0.971378 0.961859 0.907458 0.973860 0.891720 0.730132 0.794972 0.882344 0.862782 0.544767 0.629689 0.944189 0.948703 0.770320 0.752422 0.958833 0.952920 0.745140 0.920176 0.892121 0.755932 0.796621 0.849881 0.873055 0.898341 0.851977 0.938735 0.882169 0.986514 0.885457 0.879340 0.887677 0.836383 0.423849 0.422307 0.661273 0.822045 0.806791 0.925604 0.508018 0.513033 0.804069 0.964005 0.790901 0.759583 0.526590 0.636431 0.636550 0.651022 0.783988 0.783340 0.942112 0.930213 0.734845 0.708504 0.801365 0.785242 0.516267 0.544157 0.969086 0.796575 0.991469 0.861753 0.912594 0.835640 0.776074 0.963672 0.742632 0.743336 0.778299 0.850440 0.960530 0.901825 0.755132 0.962446 0.527931 0.702940 0.847907 0.929596 0.656102 0.640941 0.815509 0.996308 0.934847 0.889998 0.945752 0.884910 0.752168 0.862849 0.853971 0.995632 0.968692 0.977042
0.407983 0.000000 0.813914 0.952925 0.983278 0.939633 0.997763 0.730966 0.838562 0.744616 0.623713 0.504615 0.920586 0.795791 0.841891 0.914641 0.476375 0.467761 0.645234 0.486626 0.970231 0.993232 0.942041 0.996194 0.890563 0.748142 0.964003 0.819209 0.713428 0.636680 0.936910 0.848712 0.611350 0.623410 0.969051 0.892304 0.812620 0.721587 0.911503 0.969600 0.763876 0.763366 0.905431 0.714544 0.828119 0.798544 0.987327 0.922899 0.855480 0.918129 0.963861 0.952427 0.753057 0.763111 0.954961 0.840395 0.365309 0.325129 0.807111 0.837122 0.883838 0.844532 0.584065 0.451265 0.713418 0.976062 0.902253 0.806550 0.559294 0.581749 0.592984 0.685493 0.781955 0.720242 0.982594 0.950938 0.748092 0.733269 0.819471 0.765892 0.515358 0.549682 0.944820 0.767722 0.854722 0.925972 0.946261 0.874860 0.670603 0.914359 0.813709 0.769369 0.849459 0.904365 0.919354 0.861292 0.790977 0.879244 0.579995 0.708302 0.744767 0.995061 0.700047 0.619356 0.919365 0.963891 0.991893 0.950763 0.961559 0.864285 0.759211 0.790339 0.771503 0.934793 0.994203 0.992045
0.972530 0.813914 0.000000 0.460806 0.799323 0.921042 0.377566 0.757510 0.605549 0.856068 0.896365 0.786541 0.687036 0.939795 0.641009 0.855691 0.963848 0.903100 0.725170 0.931175 0.834176 0.841835 0.441387 0.644689 0.455123 0.494241 0.903776 0.857799 0.943118 0.979864 0.521022 0.706375 0.667343 0.675974 0.676907 0.943476 0.841137 0.977604 0.647830 0.920716 0.877216 0.909389 0.672742 0.798851 0.814833 0.950378 0.677734 0.737335 0.753590 0.993841 0.984971 0.969261 0.808262 0.804895 0.830233 0.910579 0.858371 0.764748 0.718767 0.920280 0.654483 0.867698 0.805836 0.815801 0.390629 0.603518 0.469773 0.623688 0.952897 0.882733 0.827339 0.879777 0.922541 0.998996 0.753964 0.797798 0.694551 0.796327 0.835552 0.929466 0.938163 0.970202 0.992366 0.869658 0.509578 0.573608 0.896706 0.946423 0.788812 0.929508 0.845683 0.772836 0.766435 0.651775 0.980969 0.860841 0.989281 0.893901 0.990273 0.881021 0.798017 0.809234 0.981910 0.929208 0.785532 0.557643 0.999024 0.922752 0.966872 0.959525 0.927096 0.916804 0.999580 0.965891 0.881374 0.858521
0.866151 0.952925 0.460806 0.000000 0.886560 0.872114 0.386496 0.485774 0.708802 0.653636 0.895994 0.907205 0.770575 0.886970 0.760629 0.661967 0.887899 0.970789 0.621485 0.858821 0.857694 0.979342 0.448335 0.497237 0.613737 0.657930 0.985020 0.995300 0.986957 0.861271 0.530355 0.653351 0.661456 0.670865 0.790963 0.988188 0.651897 0.800360 0.678353 0.954422 0.798195 0.961455 0.655716 0.772732 0.978042 0.981032 0.756107 0.760256 0.732319 0.908605 0.991725 0.908779 0.814921 0.709831 0.868861 0.850961 0.927916 0.975882 0.754034 0.896314 0.689449 0.931409 0.627308 0.885765 0.620463 0.654811 0.590610 0.745393 0.944246 0.978908 0.623332 0.664756 0.667341 0.771179 0.758466 0.818666 0.618725 0.811554 0.765620 0.926061 0.858661 0.809717 0.970972 0.901138 0.655587 0.577488 0.925422 0.966992 0.966702 0.949185 0.716403 0.632416 0.700442 0.677534 0.910120 0.859391 0.920900 0.956193 0.939551 0.769335 0.971998 0.659078 0.812463 0.840720 0.775197 0.647592 0.969225 0.865543 0.864972 0.897581 0.926073 0.962306 0.963095 0.991452 0.986257 0.913089
0.901085 0.983278 0.799323 0.886560 0.000000 0.793332 0.868654 0.947892 0.791365 0.992926 0.772967 0.944253 0.774077 0.924286 0.855832 0.885284 0.981378 0.970153 0.916680 0.985878 0.983533 0.843697 0.899168 0.967065 0.863788 0.891003 0.816631 0.989478 0.942942 0.946638 0.892392 0.899677 0.823192 0.809945 0.864832 0.871966 0.947700 0.903909 0.910634 0.922850 0.887418 0.921432 0.999669 0.909201 0.751432 0.880200 0.916957 0.829647 0.902796 0.869529 0.898567 0.962066 0.974853 0.989698 0.974029 0.911833 0.968631 0.947876 0.841614 0.891730 0.730078 0.942965 0.967887 0.846300 0.728464 0.708283 0.732799 0.667765 0.926934 0.944613 0.988378 0.903585 0.918635 0.890504 0.949148 0.947523 0.874369 0.913773 0.948604 0.882912 0.970835 0.995245 0.974781 0.921814 0.828236 0.826570 0.899931 0.891554 0.869852 0.812831 0.971969 0.951585 0.904744 0.820375 0.977560 0.983361 0.908635 0.933953 0.890526 0.984940 0.909334 0.921663 0.928617 0.758061 0.823931 0.927431 0.915206 0.985826 0.950379 0.976756 0.874416 0.996183 0.975239 0.953831 0.936724 0.726863
0.905975 0.939633 0.921042 0.872114 0.793332 0.000000 0.856403 0.782459 0.873989 0.885694 0.874420 0.831364 0.819474 0.987435 0.953318 0.821380 0.978714 0.982225 0.961951 0.976590 0.903854 0.804050 0.979508 0.991048 0.891634 0.895811 0.932141 0.912067 0.958564 0.998539 0.876510 0.977747 0.924201 0.894360 0.839312 0.893691 0.859964 0.836054 0.936564 0.884971 0.979514 0.937469 0.930513 0.957495 0.942113 0.885086 0.952256 0.963987 0.919996 0.999790 0.947284 0.982928 0.980847 0.896698 0.999234 0.988708 0.984465 0.951063 0.797111 0.902219 0.680777 0.801677 0.903170 0.918915 0.983043 0.823837 0.886957 0.786284 0.979240 0.897457 0.915197 0.921615 0.984332 0.959543 0.942097 0.966094 0.885065 0.989491 0.963882 0.980109 0.958237 0.885156 0.879085 0.971184 0.974888 0.960060 0.985971 0.886341 0.991872 0.967996 0.823221 0.839284 0.711591 0.849260 0.924396 0.945838 0.919313 0.899295 0.867832 0.992842 0.846185 0.808200 0.911149 0.970063 0.947136 0.910625 0.989375 0.978040 0.972545 0.881533 0.858721 0.931179 0.970610 0.942121 0.989360 0.853349
0.865723 0.997763 0.377566 0.386496 0.868654 0.856403 0.000000 0.557837 0.657238 0.638080 0.747829 0.987527 0.720876 0.869258 0.677623 0.715143 0.829464 0.891711 0.532938 0.845363 0.860278 0.862381 0.391907 0.506815 0.568386 0.643517 0.979710 0.982990 0.924601 0.855285 0.469121 0.574986 0.586576 0.570738 0.753457 0.998715 0.770100 0.981146 0.718246 0.980838 0.886623 0.991770 0.595479 0.728652 0.854977 0.962517 0.660502 0.718658 0.724351 0.905825 0.961102 0.907764 0.851183 0.789445 0.923087 0.821184 0.908477 0.974787 0.734633 0.837548 0.704796 0.869550 0.588611 0.977827 0.588866 0.735148 0.492518 0.709221 0.938834 0.963183 0.648241 0.722418 0.684798 0.760473 0.776951 0.764519 0.620173 0.767700 0.692842 0.806200 0.833059 0.760940 0.973166 0.987053 0.523416 0.552552 0.904793 0.979418 0.955708 0.986272 0.695122 0.584940 0.665540 0.628864 0.940362 0.838383 0.895339 0.907282 0.841263 0.688080 0.889822 0.648165 0.841241 0.866654 0.812473 0.668069 0.981872 0.818903 0.965132 0.932853 0.863266 0.959739 0.905692 0.997898 0.924370 0.898298
0.741129 0.730966 0.757510 0.485774 0.947892 0.782459 0.557837 0.000000 0.886178 0.556250 0.822860 0.627367 0.790278 0.711080 0.957640 0.598196 0.801630 0.899238 0.627013 0.741444 0.986905 0.940578 0.681806 0.661290 0.902808 0.862338 0.856800 0.901643 0.922656 0.781898 0.674160 0.709071 0.720204 0.676554 0.892701 0.990037 0.694152 0.900336 0.798406 0.917149 0.860536 0.800709 0.790573 0.790972 0.982668 0.942276 0.887081 0.881279 0.858389 0.846037 0.926131 0.884968 0.902867 0.849772 0.917360 0.898331 0.756886 0.786409 0.721881 0.938919 0.715663 0.723084 0.558110 0.638951 0.990777 0.846098 0.751403 0.828107 0.802629 0.796524 0.550056 0.684149 0.599688 0.648635 0.810316 0.912268 0.709499 0.864928 0.771468 0.899823 0.741343 0.740593 0.993476 0.798167 0.985373 0.853199 0.975783 0.994746 0.862412 0.988818 0.573131 0.523774 0.597059 0.684370 0.916426 0.829883 0.750144 0.884483 0.771535 0.763464 0.711454 0.546252 0.751094 0.617336 0.915915 0.813552 0.977989 0.835271 0.859368 0.852953 0.843875 0.963458 0.842431 0.921073 0.945087 0.971159
0.990364 0.838562 0.605549 0.708802 0.791365 0.873989 0.657238 0.886178 0.000000 0.789489 0.918290 0.848792 0.781754 0.849660 0.815038 0.903091 0.962734 0.858467 0.946754 0.920735 0.899606 0.802944 0.799446 0.928919 0.784919 0.731511 0.997738 0.811255 0.918710 0.817058 0.805494 0.998814 0.948707 0.962288 0.775958 0.900867 0.885590 0.974924 0.837974 0.805303 0.884467 0.990216 0.843279 0.899409 0.812777 0.924380 0.670897 0.852264 0.999187 0.878084 0.834114 0.847794 0.707016 0.818044 0.878541 0.955103 0.849312 0.827827 0.600120 0.786795 0.661804 0.968809 0.965313 0.904542 0.645021 0.757064 0.701407 0.818792 0.913065 0.978257 0.895384 0.894228 0.993162 0.936933 0.888529 0.916778 0.806211 0.985405 0.953171 0.940432 0.935756 0.902679 0.810957 0.926840 0.802084 0.918110 0.860229 0.864667 0.727295 0.868829 0.744062 0.788703 0.712037 0.753267 0.906337 0.904458 0.945503 0.926738 0.940778 0.911186 0.926680 0.958995 0.933951 0.955666 0.853331 0.796701 0.876343 0.845417 0.939265 0.951921 0.878815 0.900091 0.854907 0.993070 0.876458 0.805316
0.754145 0.744616 0.856068 0.653636 0.992926 0.885694 0.638080 0.556250 0.789489 0.000000 0.778367 0.812892 0.894570 0.773926 0.995717 0.713601 0.708843 0.734923 0.598170 0.655275 0.992482 0.976399 0.762081 0.795666 0.980403 0.988219 0.939316 0.920644 0.811736 0.731871 0.681635 0.721213 0.791945 0.669990 0.908178 0.951345 0.668396 0.912635 0.983799 0.966332 0.950578 0.849152 0.625670 0.668626 0.885901 0.845530 0.834642 0.782632 0.955611 0.994765 0.899667 0.921254 0.948892 0.950739 0.946211 0.825974 0.716304 0.789479 0.822906 0.940668 0.912567 0.961441 0.676645 0.748293 0.923449 0.956210 0.841323 0.978804 0.897984 0.901321 0.527453 0.638275 0.678437 0.645992 0.876603 0.813173 0.664757 0.861627 0.775598 0.906785 0.714259 0.768902 0.988944 0.845468 0.999286 0.912395 0.897123 0.965703 0.753041 0.874907 0.537317 0.552456 0.631494 0.787382 0.879867 0.893430 0.849144 0.930570 0.666018 0.677754 0.869751 0.785047 0.669260 0.664668 0.996513 0.969871 0.965756 0.773709 0.904726 0.933767 0.879739 0.778933 0.814963 0.948894 0.998647 0.957162
0.616527 0.623713 0.896365 0.895994 0.772967 0.874420 0.747829 0.822860 0.918290 0.778367 0.000000 0.676649 0.741207 0.741662 0.809214 0.845012 0.605178 0.579909 0.579446 0.595733 0.876262 0.892646 0.873353 0.885104 0.962824 0.921161 0.911077 0.859772 0.681503 0.653009 0.821694 0.765933 0.642081 0.592137 0.911904 0.988363 0.985368 0.893925 0.995017 0.956240 0.981877 0.965991 0.870677 0.788814 0.833899 0.931100 0.896736 0.872416 0.928216 0.971228 0.851577 0.836739 0.788613 0.801772 0.901578 0.957793 0.617377 0.633166 0.844741 0.940294 0.846254 0.867742 0.606833 0.729235 0.959899 0.955733 0.791144 0.774193 0.705857 0.739583 0.683361 0.791157 0.797652 0.819495 0.995855 0.831844 0.771091 0.745427 0.722607 0.607376 0.611169 0.543391 0.990054 0.909993 0.884526 0.913518 0.788615 0.911885 0.891233 0.736416 0.792271 0.747786 0.817731 0.809691 0.847804 0.873383 0.832109 0.906757 0.625896 0.738460 0.970134 0.894077 0.783453 0.835190 0.929690 0.983713 0.938203 0.939897 0.951757 0.922256 0.914666 0.944279 0.908858 0.963283 0.956759 0.833775
0.578596 0.504615 0.786541 0.907205 0.944253 0.831364 0.987527 0.627367 0.848792 0.812892 0.676649 0.000000 0.877727 0.640423 0.920141 0.695701 0.667737 0.669486 0.739075 0.641000 0.976296 0.998976 0.937027 0.975996 0.804496 0.725959 0.888339 0.804931 0.796595 0.667587 0.952774 0.932155 0.781591 0.847139 0.812149 0.992659 0.859940 0.879720 0.907988 0.967255 0.866541 0.784723 0.938330 0.889843 0.897787 0.989893 0.902365 0.971001 0.969320 0.867841 0.964311 0.824889 0.815958 0.865671 0.921563 0.962442 0.559597 0.521622 0.895302 0.822599 0.864864 0.768456 0.584859 0.441633 0.649049 0.899825 0.940663 0.972352 0.674638 0.724972 0.687552 0.784649 0.770618 0.786459 0.945532 0.900787 0.896446 0.903209 0.875369 0.881649 0.616582 0.608119 0.942439 0.646273 0.767282 0.943034 0.900387 0.993641 0.823738 0.850965 0.799273 0.753593 0.838440 0.920602 0.982100 0.866293 0.828794 0.851913 0.731152 0.824751 0.735271 0.869904 0.837083 0.642608 0.993864 0.895337 0.971560 0.970109 0.856106 0.787336 0.861837 0.945729 0.871496 0.957301 0.961542 0.968427
0.978782 0.920586 0.687036 0.770575 0.774077 0.819474 0.720876 0.790278 0.781754 0.894570 0.741207 0.877727 0.000000 0.773125 0.697223 0.709816 0.969930 0.996144 0.915103 0.970080 0.841769 0.929893 0.829764 0.888092 0.884058 0.811148 0.943264 0.983939 0.973924 0.911529 0.862275 0.956346 0.848209 0.872403 0.997794 0.944726 0.935960 0.903767 0.921736 0.844479 0.998510 0.949996 0.896840 0.875455 0.948411 0.993338 0.847949 0.838318 0.797592 0.952875 0.899510 0.907020 0.969678 0.907703 0.966762 0.960238 0.880832 0.891726 0.817780 0.931358 0.689980 0.987220 0.832844 0.998725 0.762429 0.887015 0.818193 0.829367 0.926326 0.932218 0.931409 0.979600 0.974016 0.953660 0.902118 0.846830 0.908454 0.911727 0.901879 0.888984 0.972548 0.933574 0.958505 0.917208 0.861268 0.926623 0.896040 0.944731 0.806603 0.905061 0.867572 0.862678 0.810326 0.826367 0.930513 0.905759 0.957929 0.967734 0.950603 0.965778 0.976083 0.844107 0.978362 0.989077 0.946980 0.904355 0.949066 0.960476 0.888580 0.811128 0.961073 0.938242 0.983579 0.973501 0.995418 0.841393
0.845755 0.795791 0.939795 0.886970 0.924286 0.987435 0.869258 0.711080 0.849660 0.773926 0.741662 0.640423 0.773125 0.000000 0.825005 0.646441 0.702020 0.682159 0.687186 0.719371 0.950587 0.999477 0.864939 0.799894 0.931307 0.822329 0.942354 0.745993 0.727603 0.596995 0.889150 0.735599 0.867171 0.876690 0.715428 0.990368 0.986454 0.990884 0.989755 0.996178 0.934644 0.929489 0.773312 0.820985 0.947845 0.999409 0.951153 0.871356 0.939049 0.796887 0.914905 0.771912 0.925149 0.978021 0.952632 0.930005 0.741955 0.789076 0.909642 0.825749 0.829111 0.873901 0.626074 0.739724 0.806157 0.746711 0.915687 0.859804 0.923181 0.985771 0.844047 0.878241 0.770626 0.722426 0.970156 0.858622 0.950742 0.876650 0.765793 0.762468 0.734700 0.650934 0.746844 0.827513 0.987319 0.968227 0.971289 0.746989 0.836441 0.760741 0.951091 0.897929 0.969698 0.960053 0.930383 0.780341 0.978238 0.934080 0.838548 0.807860 0.831684 0.801360 0.804622 0.704992 0.864755 0.763137 0.969688 0.973995 0.900193 0.751099 0.950513 0.905869 0.883963 0.908839 0.954966 0.886971
0.996873 0.841891 0.641009 0.760629 0.855832 0.953318 0.677623 0.957640 0.815038 0.995717 0.809214 0.920141 0.697223 0.825005 0.000000 0.754396 0.897416 0.889764 0.759990 0.929967 0.762901 0.844775 0.624642 0.714930 0.688612 0.748182 0.845060 0.950799 0.777949 0.804346 0.757980 0.782164 0.802694 0.857711 0.922835 0.908221 0.959928 0.952485 0.768470 0.756921 0.934179 0.872558 0.603638 0.691371 0.868009 0.930582 0.654174 0.579545 0.946989 0.960451 0.952055 0.971381 0.906195 0.979480 0.986128 0.921709 0.960685 0.843752 0.966516 0.771929 0.943033 0.655031 0.790234 0.870698 0.625412 0.905324 0.818051 0.911333 0.995399 0.851592 0.971878 0.990390 0.961104 0.913417 0.959258 0.819449 0.932085 0.839128 0.746128 0.782095 0.894319 0.857433 0.865054 0.970587 0.591074 0.700167 0.900694 0.981573 0.833991 0.950580 0.935910 0.964192 0.957134 0.972777 0.859233 0.847716 0.886748 0.945166 0.994725 0.850607 0.786818 0.999714 0.969201 0.916819 0.972197 0.883680 0.954129 0.968951 0.935081 0.872723 0.921722 0.970016 0.984925 0.975097 0.894024 0.868948
0.922984 0.914641 0.855691 0.661967 0.885284 0.821380 0.715143 0.598196 0.903091 0.713601 0.845012 0.695701 0.709816 0.646441 0.754396 0.000000 0.797667 0.824193 0.725093 0.762212 0.924666 0.859134 0.663812 0.599305 0.873167 0.873305 0.905263 0.919965 0.806489 0.590179 0.808406 0.721041 0.945037 0.920110 0.864462 0.905219 0.796569 0.940268 0.886085 0.914172 0.948166 0.946785 0.759189 0.764266 0.826117 0.911123 0.882872 0.813898 0.818380 0.803333 0.932425 0.776526 0.989679 0.986455 0.862985 0.829618 0.874250 0.901804 0.968517 0.834613 0.938869 0.974454 0.658631 0.760604 0.980480 0.994208 0.932865 0.887834 0.951512 0.967862 0.700837 0.826812 0.768524 0.820591 0.859727 0.910893 0.930603 0.935499 0.867549 0.845280 0.761379 0.710492 0.888975 0.704298 0.915513 0.829102 0.994996 0.786716 0.968647 0.991948 0.878161 0.891206 0.917567 0.972942 0.954997 0.795310 0.990959 0.918263 0.941385 0.830542 0.920371 0.895243 0.879588 0.713147 0.996189 0.964593 0.973283 0.960583 0.889624 0.826510 0.972509 0.870739 0.923165 0.985949 0.980648 0.938382
0.513965 0.476375 0.963848 0.887899 0.981378 0.978714 0.829464 0.801630 0.962734 0.708843 0.605178 0.667737 0.969930 0.702020 0.897416 0.797667 0.000000 0.358206 0.500816 0.471498 0.901005 0.948236 0.815031 0.808936 0.972628 0.817071 0.938372 0.830997 0.545274 0.514686 0.809002 0.646404 0.595259 0.618913 0.937979 0.933096 0.867755 0.897442 0.962898 0.989325 0.798715 0.847573 0.666842 0.617983 0.866802 0.900814 0.881111 0.873486 0.994192 0.948165 0.906173 0.801462 0.718066 0.792750 0.873805 0.978191 0.361237 0.452854 0.956830 0.885738 0.959175 0.801827 0.511845 0.551702 0.834441 0.854910 0.857695 0.914205 0.676273 0.729565 0.585676 0.647870 0.796050 0.728230 0.911375 0.878975 0.807732 0.754874 0.693110 0.635143 0.386607 0.450805 0.766965 0.767911 0.927376 0.784262 0.976937 0.985085 0.784393 0.858305 0.832109 0.761696 0.873988 0.957721 0.986932 0.822696 0.828774 0.977492 0.679805 0.585697 0.897364 0.965662 0.673840 0.654246 0.956506 0.869597 0.973538 0.944116 0.972273 0.829180 0.750007 0.819504 0.777586 0.990825 0.936462 0.970489
0.567491 0.467761 0.903100 0.970789 0.970153 0.982225 0.891711 0.899238 0.858467 0.734923 0.579909 0.669486 0.996144 0.682159 0.889764 0.824193 0.358206 0.000000 0.535160 0.438259 0.965595 0.997044 0.850715 0.828397 0.955287 0.758157 0.854118 0.811339 0.497674 0.448300 0.868981 0.670399 0.634222 0.635006 0.873598 0.933606 0.899472 0.915664 0.864613 0.990302 0.862081 0.845190 0.704228 0.621475 0.857638 0.868443 0.903087 0.817495 0.999848 0.965011 0.844006 0.796628 0.662735 0.701980 0.813875 0.966878 0.369016 0.432620 0.958169 0.833991 0.905830 0.771574 0.543864 0.581193 0.811874 0.863407 0.891959 0.936144 0.692380 0.714598 0.663144 0.738043 0.830941 0.718032 0.934659 0.858856 0.803056 0.726327 0.689017 0.631274 0.379144 0.404939 0.717963 0.736416 0.925779 0.777156 0.965359 0.961399 0.691069 0.835521 0.954087 0.839092 0.974407 0.967694 0.997281 0.825082 0.876578 0.992267 0.692065 0.599374 0.911595 0.961229 0.690443 0.687478 0.974171 0.837190 0.976520 0.990533 0.997884 0.831159 0.779539 0.749531 0.773143 0.981311 0.959105 0.962605
0.627854 0.645234 0.725170 0.621485 0.916680 0.961951 0.532938 0.627013 0.946754 0.598170 0.579446 0.739075 0.915103 0.687186 0.759990 0.725093 0.500816 0.535160 0.000000 0.488304 0.955327 0.943570 0.527646 0.599857 0.777433 0.991772 0.972847 0.831897 0.643984 0.585235 0.626244 0.513664 0.515545 0.506152 0.950085 0.918289 0.813313 0.961230 0.894569 0.982878 0.868769 0.909114 0.620959 0.658797 0.910223 0.986008 0.816939 0.773680 0.791144 0.825380 0.788860 0.702029 0.800836 0.947742 0.967952 0.872744 0.550006 0.675009 0.948655 0.746888 0.983162 0.751563 0.462619 0.729408 0.920267 0.990071 0.679008 0.830911 0.762814 0.853495 0.482943 0.630113 0.641772 0.654710 0.874170 0.787437 0.685139 0.714489 0.654038 0.669398 0.526907 0.501625 0.790394 0.798765 0.695054 0.638441 0.865791 0.935542 0.751775 0.783188 0.743040 0.637902 0.785769 0.812164 0.885053 0.820781 0.836344 0.935878 0.697615 0.560961 0.984313 0.745366 0.718111 0.743039 0.940606 0.905098 0.992527 0.993213 0.951054 0.911797 0.867736 0.844722 0.865110 0.962662 0.953160 0.947937
0.571124 0.486626 0.931175 0.858821 0.985878 0.976590 0.845363 0.741444 0.920735 0.655275 0.595733 0.641000 0.970080 0.719371 0.929967 0.762212 0.471498 0.438259 0.488304 0.000000 0.981714 0.953827 0.839528 0.800790 0.929193 0.778669 0.941964 0.719324 0.589466 0.547935 0.892631 0.673346 0.670286 0.659124 0.854421 0.876940 0.794666 0.884533 0.921326 0.926144 0.859986 0.861594 0.771570 0.682643 0.995657 0.978213 0.955409 0.864859 0.901295 0.841208 0.777680 0.674653 0.687716 0.803550 0.845199 0.895555 0.453681 0.496096 0.959872 0.838485 0.918320 0.876895 0.538571 0.583064 0.794678 0.862472 0.927336 0.974711 0.654853 0.722128 0.530702 0.716559 0.692641 0.676583 0.963913 0.904463 0.754894 0.759185 0.706434 0.727556 0.431998 0.477818 0.827038 0.669747 0.993008 0.882673 0.929045 0.993477 0.632782 0.775586 0.816993 0.730024 0.876800 0.946419 0.956914 0.876644 0.923019 0.996646 0.687990 0.635191 0.943029 0.938186 0.706554 0.640608 0.998049 0.909827 0.929943 0.999917 0.959269 0.962492 0.807001 0.830296 0.898280 0.900677 0.997348 0.900858
0.934302 0.970231 0.834176 0.857694 0.983533 0.903854 0.860278 0.986905 0.899606 0.992482 0.876262 0.976296 0.841769 0.950587 0.762901 0.924666 0.901005 0.965595 0.955327 0.981714 0.000000 0.873863 0.896843 0.917549 0.814761 0.768334 0.756288 0.939669 0.949766 0.942905 0.919055 0.910713 0.899602 0.855118 0.927788 0.990143 0.987842 0.991186 0.880799 0.884635 0.980610 0.969996 0.881212 0.746549 0.897374 0.951012 0.800412 0.770601 0.944179 0.880226 0.909898 0.904749 0.964984 0.977337 0.892413 0.771315 0.942380 0.979690 0.865237 0.999390 0.777077 0.972546 0.882528 0.973284 0.775069 0.802186 0.801966 0.825766 0.987777 0.945320 0.916946 0.989436 0.902770 0.915366 0.922633 0.896054 0.930683 0.914587 0.943120 0.920664 0.950092 0.987680 0.966077 0.930932 0.843761 0.843728 0.943372 0.825342 0.872610 0.947689 0.961777 0.967837 0.953713 0.903431 0.895418 0.810231 0.884077 0.962836 0.956266 0.937884 0.986150 0.918064 0.844737 0.939201 0.978182 0.787601 0.993286 0.852600 0.963364 0.926741 0.754314 0.951156 0.975805 0.941481 0.832496 0.945041
0.919679 0.993232 0.841835 0.979342 0.843697 0.804050 0.862381 0.940578 0.802944 0.976399 0.892646 0.998976 0.929893 0.999477 0.844775 0.859134 0.948236 0.997044 0.943570 0.953827 0.873863 0.000000 0.881042 0.993016 0.825231 0.812590 0.934393 0.840580 0.898794 0.957466 0.884555 0.965323 0.984498 0.947988 0.974792 0.946087 0.973821 0.907821 0.940325 0.895593 0.950028 0.947285 0.834219 0.791151 0.793650 0.828946 0.871122 0.839228 0.866481 0.821472 0.874633 0.836001 0.888587 0.993053 0.926328 0.808214 0.970394 0.997160 0.795937 0.921884 0.883021 0.986097 0.974515 0.944829 0.872888 0.881558 0.884877 0.889508 0.913566 0.927255 0.949432 0.979707 0.907180 0.904091 0.782554 0.997253 0.879660 0.943381 0.852932 0.987050 0.978562 0.944629 0.907797 0.963763 0.945390 0.968143 0.988916 0.940527 0.870029 0.914051 0.894727 0.947954 0.860992 0.945094 0.860470 0.765869 0.922692 0.986933 0.797303 0.865916 0.974562 0.947113 0.917376 0.929427 0.909636 0.951330 0.869772 0.965764 0.942333 0.988271 0.820482 0.963876 0.807322 0.954121 0.799157 0.759365
0.990488 0.942041 0.441387 0.448335 0.899168 0.979508 0.391907 0.681806 0.799446 0.762081 0.873353 0.937027 0.829764 0.864939 0.624642 0.663812 0.815031 0.850715 0.527646 0.839528 0.896843 0.881042 0.000000 0.392575 0.531717 0.677710 0.908070 0.972961 0.850083 0.716579 0.499983 0.532955 0.669956 0.672376 0.882516 0.913772 0.823407 0.943384 0.664363 0.981901 0.912153 0.972370 0.537443 0.668845 0.910052 0.999849 0.728673 0.686373 0.710845 0.902933 0.872208 0.869751 0.891397 0.799798 0.999571 0.774363 0.928298 0.928515 0.974363 0.669221 0.881547 0.781269 0.682268 0.935397 0.539580 0.709816 0.629590 0.827279 0.958667 0.949682 0.653942 0.787651 0.788191 0.778198 0.780317 0.823387 0.696415 0.798425 0.779715 0.809555 0.860673 0.782133 0.815720 0.948595 0.493169 0.440751 0.777052 0.862878 0.952619 0.959376 0.927058 0.786557 0.913660 0.808129 0.892066 0.776384 0.984966 0.924824 0.994237 0.710285 0.838266 0.762578 0.981617 0.931945 0.860965 0.730703 0.998390 0.957029 0.976582 0.877417 0.922811 0.999566 0.912344 0.995621 0.932442 0.909842
0.971378 0.996194 0.644689 0.497237 0.967065 0.991048 0.506815 0.661290 0.928919 0.795666 0.885104 0.975996 0.888092 0.799894 0.714930 0.599305 0.808936 0.828397 0.599857 0.800790 0.917549 0.993016 0.392575 0.000000 0.643961 0.779723 0.977861 0.918651 0.811625 0.670427 0.632101 0.525159 0.773156 0.800475 0.963821 0.989813 0.853075 0.917170 0.693560 0.950669 0.922489 0.965146 0.613471 0.759414 0.940127 0.922327 0.773158 0.759472 0.714766 0.839124 0.861038 0.814624 0.899654 0.806838 0.953882 0.760022 0.884121 0.997603 0.914170 0.612314 0.991346 0.845215 0.688588 0.964546 0.758264 0.854061 0.820289 0.998903 0.929535 0.995764 0.729871 0.746630 0.726419 0.674052 0.871117 0.869860 0.793677 0.858116 0.843053 0.769043 0.792829 0.708763 0.872194 0.883728 0.586553 0.514927 0.851713 0.826852 0.973744 0.981039 0.949004 0.841033 0.996247 0.934061 0.771002 0.821992 0.965458 0.951142 0.949808 0.743441 0.999185 0.757064 0.907951 0.856296 0.882702 0.839911 0.951038 0.929421 0.952128 0.892680 0.968699 0.932757 0.948198 0.952227 0.938548 0.949032
0.961859 0.890563 0.455123 0.613737 0.863788 0.891634 0.568386 0.902808 0.784919 0.980403 0.962824 0.804496 0.884058 0.931307 0.688612 0.873167 0.972628 0.955287 0.777433 0.929193 0.814761 0.825231 0.531717 0.643961 0.000000 0.509332 0.814942 0.811089 0.973310 0.906196 0.561088 0.743517 0.714319 0.718844 0.736182 0.946325 0.873122 0.883113 0.663445 0.861614 0.859346 0.973335 0.688969 0.781412 0.816319 0.890898 0.710332 0.744490 0.886343 0.909700 0.952247 0.854400 0.818606 0.886151 0.850738 0.934802 0.890152 0.820401 0.848097 0.839355 0.764352 0.838207 0.895296 0.817648 0.474344 0.639350 0.654684 0.710934 0.908404 0.935439 0.941389 0.983703 0.974933 0.944432 0.843539 0.911549 0.783635 0.862725 0.915891 0.996987 0.966221 0.971323 0.941635 0.916476 0.526311 0.547837 0.767509 0.973419 0.799204 0.941508 0.929399 0.988930 0.990019 0.934272 0.826950 0.895538 0.892426 0.966779 0.924426 0.926008 0.854100 0.982518 0.971600 0.798734 0.844073 0.658002 0.897987 0.966598 0.978065 0.959854 0.932000 0.838420 0.978016 0.848375 0.937350 0.889560
0.907458 0.748142 0.494241 0.657930 0.891003 0.895811 0.643517 0.862338 0.731511 0.988219 0.921161 0.725959 0.811148 0.822329 0.748182 0.873305 0.817071 0.758157 0.991772 0.778669 0.768334 0.812590 0.677710 0.779723 0.509332 0.000000 0.880591 0.730385 0.802995 0.864196 0.688065 0.867594 0.851601 0.850715 0.670979 0.889606 0.796542 0.997221 0.663035 0.888972 0.907605 0.898837 0.814311 0.852004 0.869413 0.959165 0.725725 0.830535 0.919466 0.969737 0.893819 0.843405 0.813343 0.913787 0.835244 0.989619 0.771113 0.698628 0.785562 0.992238 0.685142 0.999550 0.996374 0.811612 0.514018 0.635819 0.722042 0.731187 0.954830 0.870151 0.986531 0.989172 0.924910 0.763498 0.877366 0.957721 0.987813 0.992475 0.976865 0.903718 0.858785 0.873054 0.991000 0.901527 0.662970 0.712864 0.870007 0.983074 0.752366 0.852219 0.977054 0.963898 0.927351 0.925086 0.954706 0.999026 0.974698 0.993859 0.843665 0.940731 0.856262 0.950826 0.987695 0.817432 0.842321 0.650833 0.952152 0.942230 0.918858 0.960697 0.975104 0.785128 0.871887 0.939543 0.929099 0.832814
0.973860 0.964003 0.903776 0.985020 0.816631 0.932141 0.979710 0.856800 0.997738 0.939316 0.911077 0.888339 0.943264 0.942354 0.845060 0.905263 0.938372 0.854118 0.972847 0.941964 0.756288 0.934393 0.908070 0.977861 0.814942 0.880591 0.000000 0.990789 0.941164 0.857873 0.894488 0.972454 0.944982 0.869642 0.960098 0.846598 0.908739 0.938430 0.894962 0.924245 0.964705 0.974971 0.971642 0.820561 0.830982 0.916713 0.931414 0.889039 0.954216 0.788595 0.949369 0.895491 0.930835 0.999887 0.938269 0.943178 0.934918 0.985876 0.978245 0.978236 0.960699 0.922020 0.979474 0.953778 0.786283 0.782713 0.863569 0.918340 0.985785 0.866588 0.995052 0.970414 0.963799 0.933547 0.916471 0.947000 0.990418 0.977606 0.915385 0.967301 0.965670 0.994541 0.856846 0.954839 0.965466 0.787169 0.925379 0.961458 0.948976 0.930692 0.862022 0.903578 0.852650 0.998248 0.969501 0.896793 0.845430 0.989855 0.882296 0.933301 0.983073 0.881364 0.955176 0.811468 0.991470 0.985727 0.947382 0.953199 0.926642 0.922743 0.927943 0.912693 0.915528 0.976915 0.895419 0.909936
0.891720 0.819209 0.857799 0.995300 0.989478 0.912067 0.982990 0.901643 0.811255 0.920644 0.859772 0.804931 0.983939 0.745993 0.950799 0.919965 0.830997 0.811339 0.831897 0.719324 0.939669 0.840580 0.972961 0.918651 0.811089 0.730385 0.990789 0.000000 0.825668 0.793939 0.911254 0.956493 0.986706 0.932117 0.803842 0.938954 0.908621 0.983472 0.966626 0.942704 0.924073 0.903187 0.997658 0.935716 0.991746 0.966238 0.898787 0.978326 0.946765 0.898991 0.867899 0.783284 0.873396 0.955079 0.905353 0.942732 0.820266 0.818448 0.810344 0.873066 0.836282 0.978335 0.948630 0.989073 0.857462 0.952526 0.914353 0.912755 0.851752 0.950921 0.857798 0.965394 0.771926 0.752110 0.946928 0.988355 0.980861 0.910895 0.943989 0.765221 0.833247 0.781987 0.849870 0.874861 0.962127 0.943736 0.955239 0.832937 0.868346 0.658185 0.967797 0.916546 0.956118 0.998608 0.920078 0.958326 0.967282 0.925878 0.866808 0.797494 0.891837 0.895620 0.987195 0.896340 0.968665 0.848316 0.979551 0.929335 0.990622 0.909894 0.967304 0.877891 0.909393 0.927575 0.961119 0.885533
0.730132 0.713428 0.943118 0.986957 0.942942 0.958564 0.924601 0.922656 0.918710 0.811736 0.681503 0.796595 0.973924 0.727603 0.777949 0.806489 0.545274 0.497674 0.643984 0.589466 0.949766 0.898794 0.850083 0.811625 0.973310 0.802995 0.941164 0.825668 0.000000 0.548202 0.857867 0.706226 0.751977 0.741178 0.883295 0.986000 0.962747 0.920606 0.945049 0.943600 0.875669 0.905909 0.656001 0.672955 0.797773 0.787380 0.849458 0.769383 0.915067 0.911639 0.940080 0.926879 0.870245 0.803913 0.974797 0.972464 0.608769 0.641538 0.925801 0.838009 0.881103 0.811458 0.715966 0.763562 0.875653 0.901029 0.922764 0.968095 0.769214 0.800789 0.879817 0.962685 0.881700 0.763691 0.891380 0.776280 0.898266 0.682948 0.709784 0.706957 0.524881 0.558769 0.672268 0.749452 0.886974 0.815028 0.945897 0.839944 0.814355 0.871263 0.967353 0.911193 0.960870 0.856370 0.981455 0.792860 0.907095 0.958458 0.742974 0.708137 0.857885 0.902858 0.849620 0.851586 0.932392 0.830708 0.993584 0.961713 0.959990 0.848575 0.810383 0.890975 0.780564 0.947586 0.942632 0.942852
0.794972 0.636680 0.979864 0.861271 0.946638 0.998539 0.855285 0.781898 0.817058 0.731871 0.653009 0.667587 0.911529 0.596995 0.804346 0.590179 0.514686 0.448300 0.585235 0.547935 0.942905 0.957466 0.716579 0.670427 0.906196 0.864196 0.857873 0.793939 0.548202 0.000000 0.779408 0.621420 0.759119 0.712166 0.778743 0.994909 0.919213 0.906755 0.997023 0.992680 0.943389 0.849736 0.663331 0.606166 0.994518 0.911474 0.910868 0.760344 0.933225 0.945693 0.832452 0.788762 0.781602 0.846279 0.771625 0.842172 0.551271 0.618327 0.850336 0.747653 0.902837 0.854960 0.648405 0.659680 0.903591 0.938542 0.980896 0.977065 0.861188 0.896636 0.661140 0.827805 0.838593 0.714729 0.890020 0.918041 0.887018 0.743598 0.719544 0.695322 0.516515 0.505466 0.657249 0.768042 0.947156 0.802477 0.971467 0.809607 0.835606 0.802166 0.995688 0.924447 0.902115 0.920739 0.905823 0.816567 0.995303 0.949586 0.884943 0.747481 0.927739 0.990145 0.822974 0.730010 0.885789 0.837478 0.988158 0.895584 0.903817 0.843761 0.914206 0.972575 0.780904 0.993444 0.994710 0.871763
0.882344 0.936910 0.521022 0.530355 0.892392 0.876510 0.469121 0.674160 0.805494 0.681635 0.821694 0.952774 0.862275 0.889150 0.757980 0.808406 0.809002 0.868981 0.626244 0.892631 0.919055 0.884555 0.499983 0.632101 0.561088 0.688065 0.894488 0.911254 0.857867 0.779408 0.000000 0.633419 0.628845 0.560801 0.721097 0.982287 0.806188 0.941780 0.671275 0.959114 0.884496 0.914872 0.622460 0.687303 0.811006 0.871505 0.751690 0.809865 0.872505 0.998853 0.993489 0.989545 0.899642 0.925093 0.843055 0.895559 0.913582 0.997103 0.804676 0.879029 0.773567 0.854259 0.715340 0.955012 0.647567 0.801762 0.639270 0.743513 0.977533 0.955358 0.699645 0.803786 0.898347 0.913509 0.818816 0.834274 0.720066 0.771397 0.784980 0.844734 0.845643 0.801511 0.893450 0.981231 0.668006 0.631843 0.931828 0.992028 0.937421 0.972834 0.877279 0.812972 0.846566 0.779974 0.906238 0.968077 0.926181 0.962627 0.944058 0.871648 0.985442 0.725843 0.942960 0.993724 0.938634 0.805340 0.983775 0.909920 0.970815 0.976800 0.997350 0.932188 0.888526 0.960788 0.937778 0.847062
0.862782 0.848712 0.706375 0.653351 0.899677 0.977747 0.574986 0.709071 0.998814 0.721213 0.765933 0.932155 0.956346 0.735599 0.782164 0.721041 0.646404 0.670399 0.513664 0.673346 0.910713 0.965323 0.532955 0.525159 0.743517 0.867594 0.972454 0.956493 0.706226 0.621420 0.633419 0.000000 0.652987 0.633121 0.960277 0.882316 0.884557 0.963620 0.892789 0.934463 0.910640 0.999791 0.582857 0.701251 0.955956 0.946701 0.807756 0.793080 0.792836 0.840151 0.844854 0.793737 0.945996 0.974069 0.943366 0.844636 0.701092 0.822897 0.937219 0.666267 0.937080 0.708039 0.596959 0.869245 0.879038 0.978322 0.779847 0.920840 0.992911 0.973072 0.674072 0.720727 0.815711 0.735907 0.895721 0.831179 0.742778 0.739013 0.692241 0.741521 0.700938 0.649256 0.789260 0.937762 0.693999 0.663610 0.894748 0.903098 0.774102 0.948920 0.910448 0.796873 0.916117 0.895528 0.899157 0.776563 0.936777 0.935067 0.888797 0.652808 0.991598 0.819777 0.866084 0.788181 0.992925 0.955781 0.907111 0.977613 0.959698 0.921158 0.825023 0.899030 0.880990 0.999343 0.960709 0.895618
0.544767 0.611350 0.667343 0.661456 0.823192 0.924201 0.586576 0.720204 0.948707 0.791945 0.642081 0.781591 0.848209 0.867171 0.802694 0.945037 0.595259 0.634222 0.515545 0.670286 0.899602 0.984498 0.669956 0.773156 0.714319 0.851601 0.944982 0.986706 0.751977 0.759119 0.628845 0.652987 0.000000 0.428962 0.766557 0.817084 0.782848 0.826956 0.842222 0.948922 0.721411 0.880074 0.673862 0.650754 0.696126 0.795884 0.774398 0.741389 0.921022 0.933510 0.944531 0.975559 0.949827 0.879435 0.872121 0.990501 0.600518 0.677957 0.694822 0.953250 0.686580 0.930957 0.515309 0.702576 0.806653 0.820109 0.510192 0.556960 0.769223 0.782141 0.682986 0.763245 0.845338 0.888742 0.888466 0.883038 0.684439 0.631771 0.714548 0.789133 0.630201 0.602588 0.883929 0.917648 0.684664 0.592592 0.967985 0.876441 0.884606 0.915089 0.852140 0.730504 0.764232 0.807929 0.980524 0.826362 0.908969 0.974830 0.751420 0.755626 0.975590 0.815364 0.807649 0.864008 0.795106 0.819297 0.962959 0.967013 0.971525 0.857246 0.761648 0.912679 0.901370 0.958743 0.932150 0.999431
0.629689 0.623410 0.675974 0.670865 0.809945 0.894360 0.570738 0.676554 0.962288 0.669990 0.592137 0.847139 0.872403 0.876690 0.857711 0.920110 0.618913 0.635006 0.506152 0.659124 0.855118 0.947988 0.672376 0.800475 0.718844 0.850715 0.869642 0.932117 0.741178 0.712166 0.560801 0.633121 0.428962 0.000000 0.747051 0.823323 0.767262 0.956733 0.852847 0.964219 0.799937 0.909314 0.648667 0.583779 0.631787 0.736652 0.762581 0.702936 0.973136 0.896319 0.982861 0.982462 0.881650 0.905978 0.909320 0.995865 0.617818 0.715664 0.732000 0.997138 0.754565 0.907384 0.575671 0.785141 0.818910 0.831053 0.511468 0.548353 0.757800 0.751071 0.618940 0.804084 0.755489 0.837026 0.879008 0.791978 0.666210 0.626691 0.673536 0.787543 0.634856 0.652006 0.879014 0.925730 0.728790 0.646869 0.995008 0.885366 0.845947 0.895491 0.733829 0.668142 0.734158 0.724686 0.974123 0.844257 0.865736 0.937814 0.674336 0.731318 0.979175 0.738150 0.808453 0.858068 0.853412 0.822850 0.976883 0.912017 0.916825 0.881354 0.750387 0.811082 0.714761 0.967671 0.912188 0.863510
0.944189 0.969051 0.676907 0.790963 0.864832 0.839312 0.753457 0.892701 0.775958 0.908178 0.911904 0.812149 0.997794 0.715428 0.922835 0.864462 0.937979 0.873598 0.950085 0.854421 0.927788 0.974792 0.882516 0.963821 0.736182 0.670979 0.960098 0.803842 0.883295 0.778743 0.721097 0.960277 0.766557 0.747051 0.000000 0.955067 0.792346 0.986121 0.810923 0.904713 0.866298 0.996385 0.975804 0.997481 0.743727 0.866317 0.887663 0.943812 0.986896 0.816049 0.850546 0.802104 0.829791 0.906652 0.687965 0.998297 0.933421 0.958020 0.616773 0.796171 0.594780 0.871246 0.974064 0.992702 0.671996 0.642974 0.577306 0.561692 0.909220 0.924107 0.986593 0.902937 0.982989 0.872888 0.907698 0.976496 0.916213 0.946920 0.967443 0.891901 0.950709 0.934423 0.956482 0.957207 0.790750 0.750353 0.986250 0.886973 0.891893 0.743402 0.866793 0.822443 0.744979 0.788222 0.844315 0.831726 0.784306 0.884581 0.972514 0.993701 0.910859 0.838609 0.932092 0.787026 0.849149 0.755773 0.961732 0.886574 0.986944 0.909986 0.955681 0.924207 0.871143 0.852646 0.918667 0.979978
0.948703 0.892304 0.943476 0.988188 0.871966 0.893691 0.998715 0.990037 0.900867 0.951345 0.988363 0.992659 0.944726 0.990368 0.908221 0.905219 0.933096 0.933606 0.918289 0.876940 0.990143 0.946087 0.913772 0.989813 0.946325 0.889606 0.846598 0.938954 0.986000 0.994909 0.982287 0.882316 0.817084 0.823323 0.955067 0.000000 0.842257 0.909627 0.999769 0.822962 0.921349 0.947754 0.994042 0.956643 0.895864 0.986079 0.846467 0.985922 0.902909 0.956768 0.929135 0.973413 0.900444 0.994338 0.986114 0.985651 0.872480 0.917334 0.999437 0.949113 0.922078 0.923364 0.996154 0.975320 0.931965 0.870184 0.850436 0.822571 0.991101 0.884987 0.839809 0.958371 0.970984 0.936038 0.885487 0.923264 0.935444 0.936896 0.834697 0.907447 0.951928 0.964509 0.789720 0.996532 0.995824 0.891972 0.884885 0.969220 0.998009 0.866129 0.918194 0.898188 0.960708 0.974325 0.965343 0.852897 0.977530 0.996530 0.973901 0.990499 0.907805 0.968072 0.868174 0.999652 0.869568 0.988428 0.987312 0.938827 0.957434 0.964687 0.895359 0.914514 0.929250 0.934361 0.962774 0.967112
0.770320 0.812620 0.841137 0.651897 0.947700 0.859964 0.770100 0.694152 0.885590 0.668396 0.985368 0.859940 0.935960 0.986454 0.959928 0.796569 0.867755 0.899472 0.813313 0.794666 0.987842 0.973821 0.823407 0.853075 0.873122 0.796542 0.908739 0.908621 0.962747 0.919213 0.806188 0.884557 0.782848 0.767262 0.792346 0.842257 0.000000 0.702384 0.915765 0.965704 0.775758 0.950811 0.809041 0.812052 0.971928 0.991385 0.986259 0.903270 0.952940 0.993478 0.837053 0.984568 0.945881 0.948123 0.986920 0.898373 0.792261 0.835807 0.802735 0.938299 0.747097 0.815479 0.794710 0.750968 0.909096 0.803966 0.866634 0.874517 0.790520 0.877299 0.661033 0.727226 0.783200 0.851383 0.784377 0.956655 0.833672 0.863273 0.826017 0.922000 0.795314 0.859996 0.935073 0.813203 0.968963 0.779070 0.961722 0.932031 0.976781 0.985846 0.836528 0.785456 0.765774 0.906355 0.928966 0.986903 0.858475 0.875318 0.825767 0.836579 0.977802 0.866699 0.891221 0.866806 0.772899 0.847610 0.998013 0.835674 0.850880 0.916728 0.865287 0.849987 0.961516 0.989127 0.944157 0.977573
0.752422 0.721587 0.977604 0.800360 0.903909 0.836054 0.981146 0.900336 0.974924 0.912635 0.893925 0.879720 0.903767 0.990884 0.952485 0.940268 0.897442 0.915664 0.961230 0.884533 0.991186 0.907821 0.943384 0.917170 0.883113 0.997221 0.938430 0.983472 0.920606 0.906755 0.941780 0.963620 0.826956 0.956733 0.986121 0.909627 0.702384 0.000000 0.949316 0.895316 0.801466 0.954429 0.903606 0.893087 0.957173 0.962257 0.977200 0.994391 0.847836 0.828623 0.777247 0.825101 0.891364 0.883301 0.878359 0.953817 0.813069 0.797039 0.849986 0.883941 0.856061 0.767112 0.869123 0.746514 0.951034 0.857001 0.993414 0.964927 0.839313 0.912140 0.792249 0.725359 0.911636 0.860600 0.791648 0.964224 0.831871 0.867509 0.984319 0.941498 0.956993 0.968549 0.994567 0.857439 0.998853 0.833746 0.955000 0.972135 0.960378 0.796318 0.920721 0.932855 0.933127 0.935466 0.987010 0.943404 0.944409 0.933020 0.946826 0.987518 0.958105 0.817993 0.954663 0.837341 0.837101 0.835404 0.908707 0.883405 0.838266 0.916201 0.963484 0.971072 0.879048 0.888895 0.896223 0.792560
