0.000000 0.338579 0.781837 0.865834 0.778945 0.685872 0.730364 0.586244 0.737816 0.609154 0.442672 0.534383 0.721216 0.723981 0.995806 0.813213 0.342303 0.357805 0.493693 0.413264 0.928224 0.890383 0.672014 0.738702 0.724847 0.739283 0.932955 0.846530 0.528071 0.511840 0.905551 0.850804 0.603552 0.614461 0.851775 0.840108 0.894130 0.883977 0.975268 0.976699 0.830420 0.917187 0.642021 0.542318 0.521038 0.509546 0.768549 0.624472 0.524112 0.532694 0.651126 0.695890 0.789438 0.812906 0.871317 0.792903 0.314712 0.369928 0.556677 0.886710 0.533289 0.729153 0.484480 0.418593 0.664305 0.963349 0.771046 0.728378 0.717927 0.663391 0.805101 0.792071 0.858724 0.726975 0.933423 0.756078 0.636050 0.726212 0.787478 0.678825 0.443211 0.569219 0.910784 0.761140 0.818962 0.780782 0.915090 0.668411 0.816318 0.793015 0.625969 0.724476 0.780918 0.911915 0.825057 0.879027 0.654831 0.901274 0.479098 0.501358 0.667463 0.880094 0.471948 0.591119 0.869980 0.898386 0.889748 0.824179 0.920309 0.865783 0.693069 0.617840 0.711075 0.844405 0.818614 0.963712
0.338579 0.000000 0.711893 0.837564 0.783878 0.712054 0.794940 0.603193 0.861690 0.608412 0.509489 0.471144 0.845442 0.755371 0.917563 0.913531 0.373505 0.352080 0.521970 0.438377 0.917393 0.762363 0.665270 0.695182 0.740729 0.725837 0.968991 0.814417 0.539027 0.477183 0.935576 0.871529 0.559781 0.571834 0.869980 0.904017 0.915060 0.859466 0.999991 0.970135 0.803906 0.868514 0.672309 0.568596 0.519465 0.471335 0.828710 0.654672 0.535027 0.527728 0.689617 0.727220 0.870004 0.836758 0.842874 0.746554 0.277655 0.283059 0.603303 0.807121 0.603175 0.672829 0.575510 0.402671 0.660913 0.997083 0.721794 0.663702 0.753453 0.590287 0.733415 0.830792 0.818500 0.693076 0.888602 0.751038 0.642892 0.709636 0.704971 0.659161 0.434511 0.587331 0.952599 0.784551 0.777468 0.817399 0.821663 0.721706 0.746109 0.751079 0.655392 0.736862 0.794552 0.883673 0.793533 0.881520 0.660933 0.883580 0.534061 0.589376 0.657907 0.831048 0.477861 0.593459 0.937730 0.948660 0.967307 0.890232 0.915184 0.867494 0.695402 0.581461 0.690420 0.880656 0.865865 0.985215
0.781837 0.711893 0.000000 0.429201 0.927059 0.780239 0.669169 0.949569 0.764158 0.844407 0.807172 0.546855 0.975436 0.979760 0.734938 0.830376 0.792471 0.746134 0.879117 0.830146 0.958066 0.852122 0.473834 0.622727 0.586080 0.602365 0.893375 0.901243 0.879551 0.723539 0.548965 0.596067 0.784424 0.908056 0.738633 0.865506 0.861352 0.909321 0.780067 0.800068 0.964405 0.851282 0.767779 0.884234 0.933648 0.853610 0.729157 0.839687 0.771695 0.983408 0.963132 0.831594 0.955205 0.879356 0.810005 0.872615 0.742921 0.655029 0.930465 0.919120 0.973353 0.827028 0.810574 0.586774 0.379356 0.592842 0.711313 0.867299 0.848289 0.779933 0.954566 0.902735 0.949154 0.976332 0.947984 0.918138 0.831867 0.758576 0.953071 0.961133 0.711613 0.740452 0.993789 0.688317 0.666286 0.790831 0.981949 0.941423 0.852777 0.790423 0.956078 0.830118 0.980902 0.729515 0.966971 0.979237 0.773809 0.901895 0.964260 0.921948 0.821319 0.801421 0.851011 0.799423 0.795600 0.729783 0.886851 0.841803 0.951408 0.899251 0.979433 0.918007 0.947482 0.916218 0.926735 0.908583
0.865834 0.837564 0.429201 0.000000 0.897490 0.817449 0.822521 0.905200 0.756376 0.791920 0.770254 0.711337 0.959243 0.929440 0.836831 0.995215 0.805751 0.763961 0.947555 0.975118 0.999104 0.975291 0.546724 0.545749 0.561188 0.576109 0.820507 0.765389 0.894590 0.749590 0.576492 0.722896 0.880094 0.984839 0.711053 0.939406 0.689817 0.734908 0.786425 0.826804 0.898822 0.936223 0.907625 0.982402 0.772417 0.723145 0.861821 0.951064 0.666783 0.913570 0.965114 0.900748 0.972524 0.823578 0.741822 0.979403 0.827908 0.787303 0.853939 0.791876 0.994062 0.953439 0.829221 0.742004 0.466883 0.482685 0.776827 0.905881 0.994207 0.866534 0.851894 0.782120 0.876210 0.926753 0.944677 0.877766 0.822359 0.856808 0.875412 0.942868 0.877715 0.804629 0.984094 0.871020 0.762917 0.738264 0.881963 0.904289 0.834925 0.723727 0.927305 0.888332 0.886549 0.755842 0.903889 0.962463 0.912002 0.994843 0.898512 0.987058 0.926330 0.818011 0.896145 0.874314 0.778586 0.824552 0.901795 0.818766 0.834782 0.923688 0.996030 0.867595 0.840954 0.807041 0.995001 0.864365
0.778945 0.783878 0.927059 0.897490 0.000000 0.738058 0.901202 0.899396 0.965673 0.818361 0.728441 0.731561 0.850686 0.872159 0.923011 0.956784 0.863653 0.764692 0.758659 0.735244 0.878978 0.999690 0.987457 0.984483 0.895862 0.774853 0.972635 0.859104 0.839526 0.831881 0.986210 0.890206 0.796352 0.857477 0.947292 0.748997 0.972187 0.883194 0.871231 0.875259 0.914908 0.873328 0.999538 0.909871 0.847936 0.846958 0.910409 0.883430 0.969099 0.937893 0.985509 0.983222 0.952808 0.948690 0.824606 0.979765 0.814884 0.776574 0.982168 0.993181 0.863349 0.937274 0.820883 0.902159 0.835561 0.965566 0.797745 0.793746 0.972779 0.842401 0.909473 0.967314 0.836695 0.733074 0.985395 0.958992 0.911896 0.855602 0.888665 0.936211 0.760715 0.706310 0.987204 0.976719 0.949231 0.989280 0.930490 0.997611 0.879947 0.712132 0.931087 0.898091 0.967732 0.916541 0.982401 0.963559 0.898510 0.950753 0.885341 0.906273 0.954576 0.919502 0.944954 0.958592 0.960578 0.819124 0.815610 0.936025 0.947873 0.867651 0.822912 0.950387 0.903541 0.978959 0.957451 0.778624
0.685872 0.712054 0.780239 0.817449 0.738058 0.000000 0.740331 0.653124 0.741520 0.603364 0.649777 0.612149 0.754583 0.823349 0.954350 0.731827 0.721804 0.707184 0.763881 0.774618 0.982230 0.955211 0.742795 0.744237 0.728231 0.714236 0.789311 0.970006 0.758187 0.688137 0.947689 0.930821 0.899575 0.781417 0.779228 0.842416 0.953397 0.986771 0.959088 0.875602 0.953850 0.868317 0.848871 0.755473 0.701836 0.676406 0.918695 0.794680 0.741670 0.826420 0.894505 0.927000 0.870239 0.829100 0.801323 0.855478 0.698898 0.789543 0.835833 0.946436 0.695909 0.789105 0.739477 0.723660 0.666896 0.882966 0.915326 0.854081 0.984132 0.882120 0.869345 0.886647 0.942283 0.910114 0.904862 0.729020 0.830051 0.867856 0.859584 0.840650 0.876208 0.821498 0.947123 0.949921 0.777249 0.718969 0.965158 0.978555 0.890276 0.700584 0.778125 0.834133 0.813467 0.853691 0.892860 0.941327 0.685232 0.748474 0.612806 0.777617 0.703934 0.752529 0.809256 0.761641 0.882489 0.964554 0.669491 0.967717 0.868816 0.945418 0.792815 0.785954 0.768085 0.867483 0.985528 0.766638
0.730364 0.794940 0.669169 0.822521 0.901202 0.740331 0.000000 0.433010 0.588451 0.475233 0.554084 0.873663 0.675905 0.761467 0.858533 0.989733 0.706988 0.701897 0.441581 0.767391 0.882892 0.992857 0.974205 0.857991 0.756469 0.835776 0.704438 0.814999 0.702233 0.684014 0.839403 0.621279 0.594484 0.489216 0.874482 0.916539 0.934221 0.985025 0.916429 0.859375 0.935113 0.851952 0.472957 0.500833 0.438848 0.526906 0.589763 0.523170 0.643140 0.650755 0.623035 0.557041 0.725218 0.615616 0.888750 0.996601 0.757819 0.933267 0.538539 0.847232 0.518158 0.879261 0.607106 0.818819 0.949982 0.910350 0.532690 0.585633 0.952139 0.990080 0.785944 0.789581 0.975915 0.823222 0.985606 0.671068 0.601590 0.655367 0.783437 0.730983 0.944821 0.925624 0.911381 0.958975 0.968313 0.803948 0.887601 0.774346 0.958901 0.870028 0.477347 0.461218 0.673826 0.629739 0.786789 0.873053 0.799647 0.929918 0.491846 0.500434 0.712108 0.581848 0.738919 0.739407 0.891296 0.690989 0.696356 0.745370 0.942111 0.988165 0.705063 0.700377 0.610452 0.872630 0.919616 0.934535
0.586244 0.603193 0.949569 0.905200 0.899396 0.653124 0.433010 0.000000 0.600848 0.427333 0.476089 0.535850 0.597043 0.569019 0.987142 0.818644 0.616017 0.646505 0.452541 0.660293 0.761518 0.845513 0.728677 0.637258 0.610377 0.739949 0.692196 0.777032 0.605947 0.538725 0.983489 0.811040 0.678139 0.585556 0.752802 0.841716 0.892410 0.922153 0.954218 0.938057 0.948814 0.969878 0.576509 0.534135 0.499834 0.535557 0.795923 0.599366 0.580639 0.661417 0.583355 0.634400 0.694174 0.555673 0.815084 0.900000 0.630858 0.758681 0.563952 0.649448 0.408429 0.517563 0.611850 0.564684 0.746289 0.904892 0.794371 0.671157 0.939595 0.898404 0.745235 0.855920 0.903372 0.825236 0.977304 0.779580 0.640163 0.795775 0.844185 0.756791 0.874271 0.984732 0.815786 0.924902 0.588212 0.537649 0.820991 0.671356 0.883817 0.791248 0.406190 0.489560 0.681878 0.683863 0.712040 0.913944 0.705698 0.793052 0.472885 0.541860 0.549182 0.512914 0.636162 0.596500 0.984917 0.750097 0.787927 0.824576 0.898262 0.940429 0.734844 0.639341 0.613060 0.754577 0.883949 0.976567
0.737816 0.861690 0.764158 0.756376 0.965673 0.741520 0.588451 0.600848 0.000000 0.696687 0.791796 0.868272 0.848411 0.863830 0.895341 0.696280 0.747615 0.814425 0.706481 0.826901 0.901409 0.884151 0.975699 0.977829 0.980150 0.898950 0.936508 0.932330 0.852806 0.890962 0.822538 0.782435 0.828256 0.807233 0.943245 0.753287 0.659945 0.771256 0.879905 0.821201 0.901537 0.960568 0.651261 0.690456 0.745995 0.815868 0.681403 0.690753 0.763868 0.680099 0.596387 0.637230 0.625995 0.602816 0.950589 0.986592 0.778267 0.878370 0.627243 0.702430 0.625694 0.745405 0.896567 0.814866 0.888034 0.789430 0.876983 0.965250 0.852088 0.884031 0.765936 0.725195 0.934200 0.839596 0.877080 0.829802 0.694471 0.858713 0.896235 0.888994 0.915703 0.966420 0.910960 0.923058 0.895821 0.792124 0.855788 0.858032 0.924431 0.921198 0.628802 0.698042 0.745482 0.788518 0.870165 0.988805 0.805529 0.944672 0.653018 0.670672 0.777071 0.811507 0.700172 0.802308 0.910936 0.688284 0.723384 0.750413 0.947205 0.988415 0.861470 0.801287 0.872501 0.946716 0.826496 0.909633
0.609154 0.608412 0.844407 0.791920 0.818361 0.603364 0.475233 0.427333 0.696687 0.000000 0.447522 0.591005 0.645083 0.699531 0.996809 0.861384 0.566234 0.542340 0.496007 0.665494 0.777459 0.858897 0.640922 0.567001 0.467782 0.524511 0.688047 0.778213 0.594399 0.504602 0.882933 0.866366 0.835680 0.575750 0.690517 0.836780 0.961235 0.934792 0.914629 0.903739 0.914188 0.942793 0.552828 0.503893 0.403113 0.407244 0.789705 0.588494 0.435547 0.630455 0.620014 0.743605 0.823549 0.767463 0.714504 0.998997 0.586395 0.730638 0.677966 0.909345 0.578467 0.777974 0.540742 0.559538 0.522767 0.725348 0.834108 0.825834 0.959359 0.931649 0.732171 0.797705 0.979557 0.813329 0.940292 0.764955 0.648120 0.834932 0.867340 0.802918 0.810218 0.861648 0.824224 0.920686 0.611267 0.525420 0.900811 0.817806 0.773561 0.633533 0.426676 0.503715 0.694624 0.797199 0.757615 0.976714 0.739291 0.780737 0.444449 0.504124 0.578703 0.688236 0.546953 0.505873 0.955706 0.904870 0.821637 0.812416 0.955626 0.993280 0.749007 0.512784 0.605150 0.784600 0.955060 0.824212
0.442672 0.509489 0.807172 0.770254 0.728441 0.649777 0.554084 0.476089 0.791796 0.447522 0.000000 0.514784 0.558749 0.576438 0.945905 0.868968 0.439285 0.403893 0.462692 0.492139 0.842236 0.900313 0.602516 0.586305 0.492034 0.553489 0.761557 0.713311 0.436017 0.412045 0.912824 0.863652 0.685363 0.531521 0.719575 0.853290 0.960720 0.851874 0.970127 0.962346 0.899266 0.968203 0.642417 0.519696 0.402728 0.412234 0.786592 0.584681 0.456116 0.560148 0.637984 0.654056 0.780862 0.777143 0.780392 0.905622 0.479820 0.572291 0.627116 0.903626 0.490014 0.763137 0.450872 0.515370 0.541788 0.829791 0.803177 0.740811 0.882342 0.770815 0.843026 0.926926 0.899840 0.713752 0.998117 0.757027 0.764824 0.742460 0.910734 0.728066 0.651842 0.659948 0.973171 0.824261 0.731661 0.694492 0.867166 0.788197 0.791111 0.601542 0.534094 0.617343 0.807431 0.880781 0.829613 0.903812 0.751131 0.918560 0.466816 0.467478 0.632708 0.789569 0.674283 0.674114 0.921967 0.913067 0.797670 0.882537 0.982738 0.908281 0.728806 0.629549 0.524938 0.845214 0.910387 0.983042
0.534383 0.471144 0.546855 0.711337 0.731561 0.612149 0.873663 0.535850 0.868272 0.591005 0.514784 0.000000 0.737776 0.660454 0.824355 0.674279 0.555524 0.520381 0.727009 0.577093 0.858498 0.790502 0.488980 0.572238 0.520182 0.563474 0.767191 0.716744 0.607779 0.460898 0.717495 0.899902 0.851129 0.786012 0.676262 0.875694 0.887781 0.952016 0.982311 0.937418 0.834852 0.905042 0.925030 0.785188 0.643847 0.612221 0.993365 0.735146 0.551380 0.713902 0.696185 0.809525 0.785532 0.763741 0.725691 0.879965 0.520692 0.496325 0.704619 0.686193 0.540562 0.473740 0.612273 0.367771 0.465936 0.904143 0.949930 0.837430 0.726790 0.614522 0.943093 0.973837 0.843873 0.768720 0.947646 0.916353 0.872231 0.967175 0.883707 0.819001 0.618905 0.701472 0.934922 0.645254 0.559242 0.612966 0.857708 0.790097 0.882720 0.711870 0.725986 0.878420 0.930643 0.986683 0.691775 0.928520 0.712885 0.839873 0.674262 0.799629 0.646632 0.863181 0.715547 0.651744 0.825340 0.971830 0.849208 0.964552 0.982597 0.792750 0.762551 0.784361 0.763413 0.766513 0.895694 0.893281
0.721216 0.845442 0.975436 0.959243 0.850686 0.754583 0.675905 0.597043 0.848411 0.645083 0.558749 0.737776 0.000000 0.492509 0.757196 0.716663 0.778901 0.765743 0.691479 0.797435 0.873880 0.978815 0.774933 0.837297 0.681548 0.696322 0.791071 0.859947 0.725311 0.664113 0.915094 0.919764 0.919606 0.825215 0.686627 0.907876 0.866823 0.760517 0.839486 0.966559 0.790634 0.919967 0.733463 0.637015 0.767968 0.704832 0.765717 0.756413 0.813031 0.859483 0.891256 0.955023 0.927049 0.921067 0.784205 0.953610 0.809549 0.914480 0.827927 0.917943 0.700990 0.918883 0.586769 0.774593 0.749081 0.756797 0.966780 0.966685 0.948151 0.983077 0.761569 0.798865 0.996644 0.908613 0.965291 0.790215 0.810006 0.845692 0.962192 0.927566 0.982907 0.970099 0.968641 0.993107 0.823844 0.740894 0.924284 0.879857 0.977468 0.755754 0.558628 0.649748 0.733010 0.789218 0.810043 0.819534 0.823936 0.889897 0.624430 0.626239 0.721071 0.761397 0.802620 0.716840 0.897012 0.951610 0.904708 0.860588 0.909220 0.923685 0.722292 0.831954 0.708809 0.815191 0.972483 0.997264
0.723981 0.755371 0.979760 0.929440 0.872159 0.823349 0.761467 0.569019 0.863830 0.699531 0.576438 0.660454 0.492509 0.000000 0.822795 0.687429 0.692254 0.676499 0.587547 0.666428 0.740795 0.939023 0.841214 0.905823 0.784160 0.772460 0.926273 0.880183 0.530221 0.578810 0.912890 0.886180 0.824433 0.743542 0.778814 0.888082 0.961513 0.906335 0.995370 0.989305 0.884711 0.973712 0.692753 0.622084 0.751165 0.720728 0.842815 0.704636 0.800440 0.845952 0.900194 0.895079 0.931329 0.924715 0.820566 0.959928 0.765724 0.850869 0.934514 0.991907 0.841727 0.873306 0.701016 0.780742 0.830311 0.968402 0.993267 0.975604 0.976269 0.892533 0.845975 0.933225 0.978685 0.815808 0.943110 0.736213 0.801285 0.876887 0.926177 0.853068 0.904576 0.968369 0.941956 0.959144 0.758008 0.805097 0.871967 0.886938 0.837043 0.693261 0.628381 0.794475 0.927130 0.908184 0.837536 0.737268 0.934054 0.883034 0.688860 0.677473 0.680422 0.786121 0.855259 0.803946 0.891079 0.926122 0.906616 0.893194 0.886502 0.864590 0.812100 0.812202 0.623142 0.968205 0.874794 0.929443
0.995806 0.917563 0.734938 0.836831 0.923011 0.954350 0.858533 0.987142 0.895341 0.996809 0.945905 0.824355 0.757196 0.822795 0.000000 0.703684 0.954678 0.988199 0.907372 0.973205 0.795019 0.862134 0.778496 0.707631 0.819766 0.858257 0.807001 0.782094 0.835421 0.957584 0.847201 0.777209 0.949479 0.970331 0.893088 0.899166 0.908214 0.773025 0.879953 0.880978 0.960481 0.954688 0.697197 0.726454 0.979547 0.931599 0.634912 0.758214 0.957419 0.982735 0.951710 0.952176 0.988112 0.878561 0.957718 0.888292 0.989075 0.930782 0.951748 0.712625 0.892289 0.729600 0.972673 0.834007 0.749785 0.978007 0.948124 0.790389 0.913824 0.871673 0.949371 0.916037 0.777648 0.814846 0.921448 0.969088 0.885971 0.899544 0.966761 0.968684 0.948831 0.868550 0.839613 0.876553 0.790865 0.934539 0.916245 0.928438 0.951022 0.971852 0.957813 0.937292 0.972087 0.998882 0.951039 0.982194 0.926817 0.974261 0.883298 0.799108 0.870692 0.990393 0.995517 0.947913 0.968276 0.996483 0.872649 0.735625 0.920111 0.942737 0.808287 0.892929 0.940108 0.986357 0.947040 0.968462
0.813213 0.913531 0.830376 0.995215 0.956784 0.731827 0.989733 0.818644 0.696280 0.861384 0.868968 0.674279 0.716663 0.687429 0.703684 0.000000 0.858403 0.903758 0.965177 0.812952 0.876790 0.983932 0.878201 0.940508 0.943806 0.996512 0.997460 0.937393 0.817922 0.807182 0.972865 0.994688 0.839815 0.920667 0.779032 0.735585 0.790230 0.962346 0.959583 0.861657 0.915186 0.898162 0.890243 0.887445 0.956049 0.911680 0.850903 0.845459 0.797816 0.923633 0.801172 0.923763 0.759160 0.890039 0.896271 0.985703 0.901311 0.896506 0.929851 0.987478 0.900736 0.841021 0.920781 0.794749 0.868370 0.927631 0.678236 0.756913 0.866076 0.927543 0.992363 0.898807 0.941936 0.992357 0.951273 0.945376 0.972047 0.900189 0.984640 0.988087 0.847841 0.917258 0.848055 0.718337 0.909624 0.879373 0.938419 0.983990 0.893985 0.924745 0.893212 0.897720 0.994392 0.843792 0.857821 0.936697 0.945094 0.854698 0.867816 0.944413 0.863841 0.985915 0.911351 0.847939 0.874979 0.874645 0.768491 0.945518 0.951705 0.971596 0.920842 0.989886 0.966588 0.978298 0.917256 0.967643
0.342303 0.373505 0.792471 0.805751 0.863653 0.721804 0.706988 0.616017 0.747615 0.566234 0.439285 0.555524 0.778901 0.692254 0.954678 0.858403 0.000000 0.280448 0.457901 0.450688 0.967133 0.899278 0.714849 0.690881 0.708667 0.709518 0.889252 0.847677 0.367055 0.401937 0.978919 0.831091 0.576826 0.533200 0.813501 0.853422 0.868196 0.917838 0.958159 0.871894 0.834955 0.959074 0.559972 0.515299 0.469401 0.492027 0.745948 0.586020 0.483366 0.506459 0.606415 0.663897 0.818033 0.836499 0.781121 0.820131 0.295730 0.381796 0.615756 0.910917 0.626031 0.820983 0.531148 0.445455 0.658617 0.939598 0.789642 0.755965 0.702435 0.634612 0.849522 0.802907 0.813843 0.741396 0.870187 0.695666 0.684745 0.781819 0.708979 0.584349 0.423182 0.589214 0.920514 0.764939 0.811679 0.829484 0.813884 0.705401 0.730011 0.783571 0.651146 0.774727 0.829626 0.997080 0.803385 0.868641 0.734719 0.973812 0.496890 0.466416 0.669337 0.887806 0.506016 0.673376 0.971789 0.979336 0.890567 0.855012 0.939823 0.876555 0.652464 0.621275 0.648591 0.885501 0.803389 0.970101
0.357805 0.352080 0.746134 0.763961 0.764692 0.707184 0.701897 0.646505 0.814425 0.542340 0.403893 0.520381 0.765743 0.676499 0.988199 0.903758 0.280448 0.000000 0.450719 0.427667 0.923866 0.937329 0.677228 0.696328 0.653647 0.634756 0.912036 0.802241 0.383378 0.374116 0.955967 0.830388 0.588385 0.520239 0.796713 0.829592 0.917603 0.993597 0.974844 0.974801 0.854155 0.957401 0.590461 0.517132 0.440187 0.425816 0.757816 0.548976 0.453552 0.469985 0.649984 0.660823 0.854489 0.879723 0.749936 0.879317 0.285816 0.368706 0.673715 0.966174 0.643891 0.846169 0.502203 0.459124 0.610908 0.886617 0.765708 0.752090 0.740968 0.598923 0.840567 0.871182 0.881958 0.709542 0.917146 0.731888 0.680975 0.733449 0.699042 0.622577 0.433232 0.559396 0.968337 0.776235 0.807161 0.800057 0.820745 0.726005 0.669117 0.749123 0.665437 0.761792 0.838432 0.942034 0.783888 0.844684 0.744278 0.985063 0.502749 0.493023 0.680119 0.910113 0.501168 0.676453 0.999626 0.995412 0.906261 0.868106 0.900377 0.916183 0.692895 0.588709 0.600216 0.881377 0.815773 0.924860
0.493693 0.521970 0.879117 0.947555 0.758659 0.763881 0.441581 0.452541 0.706481 0.496007 0.462692 0.727009 0.691479 0.587547 0.907372 0.965177 0.457901 0.450719 0.000000 0.529885 0.876959 0.992380 0.910444 0.781861 0.770474 0.737773 0.818955 0.837833 0.506490 0.502307 0.881021 0.631797 0.483532 0.432658 0.902530 0.887126 0.953841 0.981445 0.960819 0.884902 0.995916 0.965620 0.436766 0.412749 0.421667 0.443282 0.723798 0.477933 0.576258 0.527718 0.676020 0.600163 0.802258 0.778618 0.897201 0.854917 0.501122 0.639790 0.601928 0.886681 0.588079 0.922436 0.536168 0.652207 0.860291 0.982292 0.558939 0.591910 0.921938 0.844273 0.747181 0.884524 0.929792 0.808404 0.940147 0.694062 0.596273 0.610813 0.674483 0.670107 0.689559 0.777958 0.962387 0.931126 0.888354 0.790839 0.847568 0.724693 0.822697 0.800034 0.507674 0.529219 0.720518 0.769558 0.857774 0.827913 0.748324 0.931936 0.428597 0.398339 0.633235 0.666065 0.597460 0.723254 0.897564 0.850437 0.763288 0.883840 0.895664 0.934176 0.735004 0.590872 0.587143 0.900788 0.821324 0.936586
0.413264 0.438377 0.830146 0.975118 0.735244 0.774618 0.767391 0.660293 0.826901 0.665494 0.492139 0.577093 0.797435 0.666428 0.973205 0.812952 0.450688 0.427667 0.529885 0.000000 0.879862 0.888298 0.779378 0.879599 0.809456 0.738316 0.999377 0.853993 0.511043 0.559445 0.989589 0.816535 0.567998 0.610613 0.954404 0.928716 0.743392 0.897425 0.967815 0.907900 0.777360 0.797521 0.719847 0.631890 0.609339 0.640154 0.762131 0.629107 0.659379 0.608741 0.753656 0.754017 0.839905 0.913335 0.936870 0.896079 0.448711 0.438493 0.599865 0.830606 0.653597 0.788678 0.582381 0.540146 0.733943 0.988318 0.776401 0.759063 0.675402 0.628087 0.798694 0.870532 0.725257 0.645124 0.991812 0.874310 0.723568 0.778046 0.767013 0.718930 0.467790 0.555041 0.918123 0.736873 0.902831 0.913865 0.900607 0.764837 0.802755 0.814685 0.693559 0.731574 0.804230 0.980387 0.776640 0.825056 0.841525 0.967546 0.623234 0.597183 0.774817 0.989554 0.680131 0.667564 0.913453 0.974369 0.883072 0.869115 0.952623 0.919583 0.764949 0.727350 0.757192 0.899113 0.925384 0.987291
0.928224 0.917393 0.958066 0.999104 0.878978 0.982230 0.882892 0.761518 0.901409 0.777459 0.842236 0.858498 0.873880 0.740795 0.795019 0.876790 0.967133 0.923866 0.876959 0.879862 0.000000 0.959007 0.835165 0.838018 0.873086 0.891546 0.941342 0.950038 0.798112 0.840188 0.962762 0.994208 0.939910 0.990865 0.788308 0.837957 0.964191 0.978727 0.998465 0.869227 0.935665 0.983872 0.856112 0.913643 0.901676 0.876712 0.808390 0.934137 0.821704 0.908708 0.996126 0.953217 0.966763 0.985038 0.949458 0.846008 0.948167 0.979535 0.940644 0.953793 0.899400 0.802522 0.988025 0.853374 0.941417 0.980332 0.816393 0.907609 0.989246 0.902478 0.998136 0.910951 0.685072 0.894778 0.794916 0.896853 0.885160 0.921697 0.986831 0.982466 0.900809 0.869264 0.961147 0.960102 0.721622 0.662902 0.894199 0.871236 0.993440 0.933772 0.908757 0.857122 0.989708 0.957526 0.836763 0.916657 0.986840 0.960956 0.860151 0.933559 0.977277 0.895340 0.830838 0.870892 0.961066 0.876659 0.982165 0.972353 0.902310 0.902127 0.984513 0.808127 0.865433 0.872480 0.922246 0.876513
0.890383 0.762363 0.852122 0.975291 0.999690 0.955211 0.992857 0.845513 0.884151 0.858897 0.900313 0.790502 0.978815 0.939023 0.862134 0.983932 0.899278 0.937329 0.992380 0.888298 0.959007 0.000000 0.803929 0.831878 0.828517 0.961936 0.967985 0.819623 0.986498 0.867688 0.854196 0.802769 0.930549 0.941289 0.919651 0.942412 0.894523 0.889688 0.960455 0.971948 0.920005 0.959195 0.949354 0.999437 0.941526 0.958079 0.939009 0.869717 0.896353 0.974448 0.886362 0.992798 0.974576 0.910552 0.935943 0.982511 0.876754 0.820167 0.894016 0.842429 0.867517 0.735784 0.975970 0.792880 0.839514 0.976426 0.929216 0.935172 0.885340 0.886319 0.990228 0.980040 0.805952 0.920456 0.941243 0.943905 0.934936 0.929809 0.935525 0.950823 0.849687 0.910907 0.929364 0.934025 0.862501 0.890271 0.854249 0.927143 0.882553 0.811990 0.990955 0.991596 0.933938 0.926006 0.929545 0.830149 0.898041 0.992840 0.974669 0.972186 0.890521 0.903646 0.850405 0.926375 0.844425 0.969245 0.890056 0.779450 0.820495 0.849568 0.984970 0.933459 0.899258 0.981721 0.839082 0.941815
0.672014 0.665270 0.473834 0.546724 0.987457 0.742795 0.974205 0.728677 0.975699 0.640922 0.602516 0.488980 0.774933 0.841214 0.778496 0.878201 0.714849 0.677228 0.910444 0.779378 0.835165 0.803929 0.000000 0.360518 0.393210 0.571297 0.714216 0.728462 0.800583 0.698553 0.546401 0.750787 0.870657 0.913740 0.605536 0.774509 0.911729 0.859755 0.769515 0.836535 0.843459 0.986915 0.976158 0.884370 0.781265 0.725363 0.904533 0.990198 0.655246 0.856783 0.926457 0.949249 0.954305 0.969354 0.805210 0.877243 0.669834 0.704643 0.908171 0.933557 0.680691 0.687105 0.729240 0.507110 0.407657 0.642431 0.767000 0.918781 0.937979 0.763425 0.994860 0.929739 0.883759 0.961866 0.882558 0.937179 0.964705 0.898296 0.882942 0.978915 0.867425 0.953176 0.795380 0.782536 0.403355 0.457324 0.988507 0.807770 0.832985 0.762838 0.776307 0.836643 0.930100 0.924665 0.828294 0.996692 0.799243 0.806308 0.666982 0.822514 0.608608 0.994255 0.769887 0.682476 0.822129 0.949592 0.927570 0.887507 0.904355 0.988339 0.901402 0.697415 0.733204 0.911678 0.963021 0.970374
0.738702 0.695182 0.622727 0.545749 0.984483 0.744237 0.857991 0.637258 0.977829 0.567001 0.586305 0.572238 0.837297 0.905823 0.707631 0.940508 0.690881 0.696328 0.781861 0.879599 0.838018 0.831878 0.360518 0.000000 0.396559 0.602851 0.646166 0.694732 0.795676 0.685488 0.579655 0.819869 0.984442 0.823393 0.654432 0.870401 0.875408 0.898836 0.741701 0.902646 0.791571 0.946812 0.889858 0.813018 0.653539 0.631648 0.889472 0.899929 0.594352 0.776197 0.830371 0.949484 0.940099 0.945742 0.768516 0.885224 0.683925 0.748974 0.820365 0.842199 0.616104 0.711965 0.718444 0.562349 0.456451 0.722564 0.942307 0.928695 0.994162 0.831154 0.951535 0.884963 0.908671 0.917061 0.936509 0.978995 0.967960 0.978318 0.995020 0.913497 0.913244 0.981009 0.836142 0.938355 0.399719 0.420077 0.979469 0.785942 0.800675 0.744923 0.704858 0.725037 0.866130 0.916622 0.783676 0.953948 0.783013 0.855437 0.607507 0.730370 0.697418 0.790179 0.748006 0.682776 0.876775 0.873134 0.992531 0.857853 0.996244 0.949143 0.908952 0.651207 0.613711 0.827650 0.943415 0.975398
0.724847 0.740729 0.586080 0.561188 0.895862 0.728231 0.756469 0.610377 0.980150 0.467782 0.492034 0.520182 0.681548 0.784160 0.819766 0.943806 0.708667 0.653647 0.770474 0.809456 0.873086 0.828517 0.393210 0.396559 0.000000 0.422711 0.587094 0.671665 0.733679 0.614011 0.562389 0.790653 0.949663 0.800632 0.589027 0.856419 0.833654 0.777129 0.799279 0.843804 0.808131 0.985032 0.921931 0.802095 0.576007 0.577695 0.962955 0.855518 0.541142 0.813339 0.757529 0.889398 0.864751 0.877795 0.806816 0.899671 0.705681 0.785707 0.810299 0.957581 0.609315 0.770755 0.511698 0.513668 0.336745 0.564551 0.981960 0.945531 0.979891 0.869783 0.966872 0.982726 0.904972 0.908889 0.940756 0.999405 0.942348 0.933228 0.965094 0.961753 0.888793 0.882554 0.790877 0.847240 0.469625 0.514946 0.902265 0.907640 0.807034 0.734006 0.629067 0.683218 0.805839 0.889908 0.726679 0.910142 0.745993 0.869379 0.613537 0.705481 0.589337 0.864143 0.739858 0.603047 0.912239 0.984665 0.968589 0.970366 0.950263 0.869574 0.863039 0.665203 0.624154 0.818899 0.998309 0.884800
0.739283 0.725837 0.602365 0.576109 0.774853 0.714236 0.835776 0.739949 0.898950 0.524511 0.553489 0.563474 0.696322 0.772460 0.858257 0.996512 0.709518 0.634756 0.737773 0.738316 0.891546 0.961936 0.571297 0.602851 0.422711 0.000000 0.703132 0.689552 0.691132 0.554709 0.711406 0.917880 0.956185 0.821135 0.803607 0.886550 0.781757 0.775876 0.726238 0.813501 0.863007 0.988917 0.950271 0.843245 0.629215 0.613764 0.916454 0.846048 0.671090 0.815577 0.892879 0.983678 0.966343 0.983926 0.730014 0.936790 0.711655 0.719853 0.880073 0.998534 0.764266 0.917426 0.551470 0.605315 0.407164 0.592052 0.923782 0.886467 0.996802 0.876708 0.857741 0.995163 0.985231 0.790249 0.890190 0.902107 0.786295 0.897676 0.967843 0.982980 0.842080 0.760941 0.882996 0.851655 0.676512 0.731411 0.897971 0.916109 0.769360 0.748664 0.679459 0.715259 0.817141 0.916376 0.760949 0.902057 0.752793 0.862810 0.655035 0.720682 0.765876 0.895559 0.808250 0.666922 0.876880 0.802954 0.999143 0.992372 0.957497 0.891093 0.807077 0.743965 0.745830 0.757221 0.959335 0.863189
0.932955 0.968991 0.893375 0.820507 0.972635 0.789311 0.704438 0.692196 0.936508 0.688047 0.761557 0.767191 0.791071 0.926273 0.807001 0.997460 0.889252 0.912036 0.818955 0.999377 0.941342 0.967985 0.714216 0.646166 0.587094 0.703132 0.000000 0.761827 0.905054 0.752100 0.848265 0.947472 0.913913 0.889740 0.697223 0.829515 0.874319 0.998114 0.893376 0.845213 0.849726 0.938145 0.833748 0.856521 0.778605 0.796465 0.828421 0.952417 0.758640 0.955770 0.886897 0.924101 0.820682 0.910571 0.883542 0.986059 0.975107 0.967623 0.854496 0.948863 0.710254 0.878104 0.730685 0.741070 0.694473 0.773135 0.976627 0.863305 0.902620 0.860871 0.958982 0.969918 0.882773 0.882391 0.860615 0.972864 0.998988 0.948601 0.956493 0.931964 0.972094 0.975988 0.728007 0.870720 0.746640 0.679081 0.955711 0.898602 0.949752 0.945711 0.782341 0.849771 0.900247 0.939035 0.878148 0.984207 0.865874 0.946676 0.767902 0.819846 0.738352 0.856640 0.907717 0.846820 0.874423 0.895626 0.902614 0.752825 0.987400 0.953491 0.987125 0.896116 0.820143 0.937649 0.939954 0.965771
0.846530 0.814417 0.901243 0.765389 0.859104 0.970006 0.814999 0.777032 0.932330 0.778213 0.713311 0.716744 0.859947 0.880183 0.782094 0.937393 0.847677 0.802241 0.837833 0.853993 0.950038 0.819623 0.728462 0.694732 0.671665 0.689552 0.761827 0.000000 0.828318 0.703506 0.788186 0.899945 0.838273 0.837207 0.747903 0.968762 0.955499 0.970580 0.963616 0.947557 0.938753 0.948112 0.943735 0.887118 0.715108 0.759000 0.938762 0.897971 0.745982 0.874716 0.865515 0.894840 0.929675 0.921233 0.835421 0.920507 0.912004 0.865563 0.894778 0.868387 0.756307 0.807135 0.757470 0.778494 0.743003 0.931093 0.947952 0.815704 0.955060 0.916268 0.950008 0.890266 0.992663 0.814926 0.910847 0.975656 0.969080 0.918877 0.999036 0.790816 0.890774 0.799103 0.829914 0.930258 0.842937 0.809403 0.851557 0.930734 0.925453 0.733112 0.879649 0.878761 0.961343 0.894662 0.903282 0.886843 0.980069 0.958575 0.843772 0.863169 0.887781 0.892546 0.991266 0.991981 0.961692 0.930129 0.946251 0.829655 0.951146 0.829792 0.926744 0.837075 0.813825 0.863336 0.995788 0.999298
0.528071 0.539027 0.879551 0.894590 0.839526 0.758187 0.702233 0.605947 0.852806 0.594399 0.436017 0.607779 0.725311 0.530221 0.835421 0.817922 0.367055 0.383378 0.506490 0.511043 0.798112 0.986498 0.800583 0.795676 0.733679 0.691132 0.905054 0.828318 0.000000 0.356579 0.927595 0.870385 0.710114 0.611675 0.770636 0.854497 0.960749 0.963979 0.952340 0.844284 0.952850 0.930773 0.588334 0.548177 0.512867 0.534561 0.729558 0.585595 0.542979 0.595916 0.684333 0.670824 0.823152 0.847543 0.837518 0.866815 0.483688 0.568707 0.794151 0.991805 0.743646 0.872873 0.594251 0.604689 0.701179 0.908077 0.908503 0.850203 0.782931 0.735479 0.957657 0.974818 0.856286 0.731514 0.923739 0.743742 0.766763 0.769071 0.777718 0.704634 0.574654 0.700658 0.884752 0.779899 0.840150 0.861926 0.876426 0.803371 0.778759 0.730726 0.724209 0.839862 0.920740 0.955661 0.806237 0.824670 0.892397 0.963273 0.594829 0.574064 0.737754 0.828116 0.647094 0.787146 0.978674 0.961381 0.837496 0.860747 0.972187 0.994982 0.672182 0.749220 0.610146 0.890249 0.810204 0.925979
0.511840 0.477183 0.723539 0.749590 0.831881 0.688137 0.684014 0.538725 0.890962 0.504602 0.412045 0.460898 0.664113 0.578810 0.957584 0.807182 0.401937 0.374116 0.502307 0.559445 0.840188 0.867688 0.698553 0.685488 0.614011 0.554709 0.752100 0.703506 0.356579 0.000000 0.953221 0.929911 0.679718 0.602775 0.649423 0.810685 0.924394 0.941635 0.976855 0.954193 0.984160 0.958112 0.637727 0.562968 0.475046 0.450258 0.843101 0.610238 0.461261 0.592650 0.642725 0.695828 0.791229 0.769880 0.701184 0.943547 0.465271 0.510495 0.758556 0.936329 0.652346 0.789571 0.516369 0.482434 0.542722 0.824742 0.926831 0.789615 0.808810 0.753477 0.896542 0.984105 0.900774 0.770577 0.941306 0.790126 0.797096 0.847059 0.758431 0.599569 0.541017 0.631117 0.979516 0.781619 0.736042 0.733480 0.853609 0.806198 0.716292 0.639155 0.682834 0.829453 0.936107 0.980431 0.804404 0.893257 0.794937 0.934447 0.589929 0.634131 0.683456 0.781269 0.624600 0.702277 0.853171 0.907670 0.829808 0.995949 0.954881 0.921499 0.767533 0.730513 0.654204 0.837719 0.896276 0.897882
0.905551 0.935576 0.548965 0.576492 0.986210 0.947689 0.839403 0.983489 0.822538 0.882933 0.912824 0.717495 0.915094 0.912890 0.847201 0.972865 0.978919 0.955967 0.881021 0.989589 0.962762 0.854196 0.546401 0.579655 0.562389 0.711406 0.848265 0.788186 0.927595 0.953221 0.000000 0.614321 0.776336 0.841518 0.712638 0.991297 0.840709 0.885141 0.662959 0.755677 0.889507 0.840613 0.789971 0.907746 0.979355 0.922883 0.873260 0.912473 0.841702 0.975278 0.980548 0.867260 0.994669 0.909286 0.861340 0.864578 0.918772 0.890947 0.942944 0.938915 0.839624 0.828946 0.765728 0.716557 0.566170 0.709783 0.848995 0.923961 0.965800 0.914184 0.752450 0.782890 0.901290 0.808694 0.862140 0.694017 0.812176 0.782566 0.875427 0.783404 0.997283 0.975820 0.842363 0.891085 0.668588 0.690030 0.781680 0.960193 0.900924 0.988979 0.974055 0.963192 0.994227 0.910429 0.801922 0.962737 0.950782 0.856073 0.944984 0.994232 0.951863 0.902811 0.935587 0.826749 0.916034 0.907560 0.965400 0.817875 0.992361 0.931509 0.858599 0.906864 0.934002 0.834853 0.950349 0.958710
0.850804 0.871529 0.596067 0.722896 0.890206 0.930821 0.621279 0.811040 0.782435 0.866366 0.863652 0.899902 0.919764 0.886180 0.777209 0.994688 0.831091 0.830388 0.631797 0.816535 0.994208 0.802769 0.750787 0.819869 0.790653 0.917880 0.947472 0.899945 0.870385 0.929911 0.614321 0.000000 0.612633 0.617471 0.824845 0.965899 0.798152 0.946056 0.729660 0.715559 0.883996 0.994577 0.653289 0.719666 0.717298 0.735563 0.637749 0.581262 0.843695 0.637094 0.762479 0.619190 0.831154 0.794482 0.864007 0.950601 0.824075 0.905961 0.717637 0.926797 0.836202 0.953304 0.886895 0.955588 0.744430 0.771097 0.611210 0.682765 0.872976 0.870539 0.844603 0.828392 0.973144 0.895332 0.966087 0.682497 0.654828 0.604174 0.773943 0.686830 0.950739 0.904495 0.801853 0.928799 0.756669 0.876298 0.990664 0.876216 0.924136 0.896056 0.797272 0.805510 0.923031 0.784307 0.912755 0.933855 0.993633 0.893650 0.842569 0.734252 0.959906 0.902723 0.917445 0.937150 0.878141 0.793765 0.926297 0.762883 0.906765 0.982233 0.822292 0.819440 0.853770 0.955262 0.918653 0.884633
0.603552 0.559781 0.784424 0.880094 0.796352 0.899575 0.594484 0.678139 0.828256 0.835680 0.685363 0.851129 0.919606 0.824433 0.949479 0.839815 0.576826 0.588385 0.483532 0.567998 0.939910 0.930549 0.870657 0.984442 0.949663 0.956185 0.913913 0.838273 0.710114 0.679718 0.776336 0.612633 0.000000 0.486304 0.923536 0.873648 0.839767 0.781781 0.848677 0.827825 0.816374 0.956296 0.608067 0.626910 0.570781 0.651259 0.716945 0.653653 0.808374 0.610069 0.758174 0.653877 0.815871 0.806540 0.970605 0.871766 0.587468 0.647893 0.588032 0.755218 0.664272 0.890215 0.688712 0.772310 0.937190 0.734367 0.475728 0.440410 0.868089 0.793072 0.790790 0.883478 0.812594 0.726678 0.948450 0.760252 0.682910 0.671115 0.663000 0.579795 0.659761 0.658104 0.926265 0.983648 0.856683 0.878407 0.879142 0.775031 0.780528 0.926883 0.771440 0.753507 0.876945 0.859912 0.823318 0.799865 0.873629 0.919002 0.706219 0.667451 0.844768 0.787409 0.737805 0.875866 0.798160 0.823102 0.946071 0.979683 0.983499 0.861809 0.807066 0.871017 0.787744 0.921217 0.930414 0.950877
0.614461 0.571834 0.908056 0.984839 0.857477 0.781417 0.489216 0.585556 0.807233 0.575750 0.531521 0.786012 0.825215 0.743542 0.970331 0.920667 0.533200 0.520239 0.432658 0.610613 0.990865 0.941289 0.913740 0.823393 0.800632 0.821135 0.889740 0.837207 0.611675 0.602775 0.841518 0.617471 0.486304 0.000000 0.944890 0.908212 0.888608 0.967379 0.902444 0.949827 0.967932 0.911064 0.615918 0.551245 0.409918 0.490317 0.677734 0.561029 0.600149 0.520674 0.622419 0.525861 0.829395 0.698693 0.979659 0.968720 0.566815 0.690442 0.606545 0.861981 0.603906 0.864424 0.615127 0.716828 0.897276 0.885383 0.526457 0.494109 0.840369 0.788388 0.843050 0.921552 0.821345 0.710243 0.947369 0.608467 0.666369 0.616586 0.762872 0.641703 0.726110 0.744016 0.959916 0.910107 0.979783 0.935975 0.899211 0.867816 0.771219 0.831494 0.640990 0.693813 0.832377 0.802023 0.840194 0.857773 0.838738 0.876513 0.567421 0.572976 0.728174 0.769413 0.759309 0.859204 0.904104 0.815771 0.818146 0.869147 0.948709 0.946276 0.793082 0.617103 0.533959 0.960887 0.916099 0.890445
0.851775 0.869980 0.738633 0.711053 0.947292 0.779228 0.874482 0.752802 0.943245 0.690517 0.719575 0.676262 0.686627 0.778814 0.893088 0.779032 0.813501 0.796713 0.902530 0.954404 0.788308 0.919651 0.605536 0.654432 0.589027 0.803607 0.697223 0.747903 0.770636 0.649423 0.712638 0.824845 0.923536 0.944890 0.000000 0.831503 0.869759 0.936564 0.987569 0.978724 0.915904 0.859724 0.848567 0.799096 0.773189 0.698931 0.895402 0.905097 0.669180 0.853104 0.822067 0.903062 0.799105 0.895500 0.681637 0.914037 0.850527 0.940963 0.982300 0.934060 0.816032 0.827024 0.791946 0.789329 0.626048 0.730763 0.769255 0.871933 0.953711 0.901292 0.952742 0.986029 0.887176 0.969053 0.996126 0.932625 0.939766 0.991974 0.918035 0.910766 0.997632 0.959286 0.879734 0.931223 0.637299 0.591617 0.984149 0.885256 0.910028 0.701607 0.854398 0.953535 0.929640 0.925309 0.896796 0.901657 0.909737 0.874348 0.734400 0.891141 0.661401 0.931086 0.830385 0.707444 0.878913 0.976962 0.900211 0.961872 0.934491 0.948122 0.977459 0.745470 0.668423 0.772016 0.935062 0.898419
0.840108 0.904017 0.865506 0.939406 0.748997 0.842416 0.916539 0.841716 0.753287 0.836780 0.853290 0.875694 0.907876 0.888082 0.899166 0.735585 0.853422 0.829592 0.887126 0.928716 0.837957 0.942412 0.774509 0.870401 0.856419 0.886550 0.829515 0.968762 0.854497 0.810685 0.991297 0.965899 0.873648 0.908212 0.831503 0.000000 0.968006 0.895308 0.968012 0.892448 0.838726 0.921646 0.804391 0.833727 0.943573 0.852362 0.942425 0.878979 0.800302 0.916058 0.931082 0.951234 0.969937 0.992164 0.804734 0.992700 0.856076 0.926402 0.974094 0.874538 0.992601 0.972063 0.968759 0.882463 0.868129 0.823575 0.747220 0.749691 0.929459 0.979898 0.822806 0.883630 0.865216 0.876485 0.868481 0.949097 0.997168 0.957020 0.858400 0.997055 0.950039 0.981301 0.836765 0.876369 0.791072 0.706502 0.956026 0.913359 0.988996 0.977383 0.821906 0.818236 0.875629 0.985777 0.978310 0.948195 0.863103 0.960007 0.764400 0.777043 0.762461 0.967956 0.799449 0.876202 0.837798 0.979265 0.894676 0.969363 0.945486 0.959770 0.997683 0.888037 0.929856 0.982966 0.929477 0.931437
0.894130 0.915060 0.861352 0.689817 0.972187 0.953397 0.934221 0.892410 0.659945 0.961235 0.960720 0.887781 0.866823 0.961513 0.908214 0.790230 0.868196 0.917603 0.953841 0.743392 0.964191 0.894523 0.911729 0.875408 0.833654 0.781757 0.874319 0.955499 0.960749 0.924394 0.840709 0.798152 0.839767 0.888608 0.869759 0.968006 0.000000 0.763026 0.876618 0.752661 0.704305 0.781224 0.965080 0.954552 0.968636 0.842485 0.882436 0.987493 0.999791 0.887289 0.755057 0.798788 0.784922 0.787044 0.824929 0.980903 0.877939 0.869283 0.709090 0.690423 0.875771 0.757188 0.901368 0.897141 0.826061 0.685598 0.952681 0.893461 0.757004 0.775687 0.961146 0.801110 0.763502 0.813099 0.942614 0.903942 0.910093 0.987031 0.861400 0.897563 0.795108 0.894693 0.898022 0.799157 0.977955 0.929357 0.801843 0.899136 0.851121 0.788602 0.973502 0.954696 0.941222 0.997016 0.762296 0.903091 0.993035 0.906209 0.997323 0.965470 0.967363 0.934722 0.957608 0.985489 0.961194 0.833830 0.977571 0.906806 0.795609 0.977587 0.981923 0.933051 0.956263 0.970582 0.975586 0.965719
0.883977 0.859466 0.909321 0.734908 0.883194 0.986771 0.985025 0.922153 0.771256 0.934792 0.851874 0.952016 0.760517 0.906335 0.773025 0.962346 0.917838 0.993597 0.981445 0.897425 0.978727 0.889688 0.859755 0.898836 0.777129 0.775876 0.998114 0.970580 0.963979 0.941635 0.885141 0.946056 0.781781 0.967379 0.936564 0.895308 0.763026 0.000000 0.858971 0.988712 0.704980 0.959289 0.974407 0.937762 0.964330 0.944851 0.952932 0.994032 0.975972 0.905932 0.863850 0.913054 0.840376 0.856581 0.970157 0.871276 0.923566 0.885686 0.772360 0.645245 0.881766 0.718516 0.912064 0.894412 0.856755 0.611619 0.897881 0.823231 0.774816 0.899657 0.992939 0.848845 0.766530 0.890476 0.811705 0.977046 0.888771 0.992210 0.854973 0.913651 0.846567 0.837430 0.987234 0.894272 0.948696 0.869509 0.993197 0.891877 0.969769 0.903575 0.940657 0.871654 0.992871 0.956499 0.980365 0.965053 0.980660 0.919448 0.971180 0.924380 0.928488 0.998434 0.834595 0.950449 0.774036 0.842837 0.977761 0.941153 0.976943 0.988412 0.863563 0.984110 0.920564 0.980536 0.907862 0.910420
