0.000000 0.399151 0.875664 0.916052 0.617125 0.848065 0.842516 0.666240 0.965943 0.631645 0.431424 0.344979 0.447834 0.542511 0.565498 0.680770 0.432984 0.429050 0.332038 0.349089 0.975932 0.964398 0.465991 0.964469 0.745918 0.583332 0.943272 0.959967 0.409633 0.497662 0.916793 0.871228 0.591815 0.737589 0.886640 0.969422 0.722313 0.841246 0.992606 0.961604 0.809311 0.813189 0.881473 0.973277 0.943150 0.845281 0.758001 0.834068 0.583140 0.697360 0.834160 0.915699 0.949127 0.693202 0.745035 0.915956 0.352071 0.322079 0.487139 0.518592 0.712192 0.633756 0.435694 0.375822 0.782986 0.753771 0.877158 0.780266 0.360430 0.396242 0.882052 0.991000 0.905049 0.957223 0.858478 0.891563 0.917408 0.871815 0.811452 0.720899 0.414031 0.435785 0.636046 0.633206 0.556868 0.940386 0.831974 0.797234 0.654503 0.599291 0.854012 0.815463 0.763536 0.648022 0.912744 0.959387 0.986439 0.927781 0.807357 0.812427 0.951796 0.825005 0.877815 0.787636 0.925103 0.868187 0.945893 0.666856 0.918037 0.917239 0.961786 0.840890 0.717709 0.867692 0.908652 0.866920
0.399151 0.000000 0.612880 0.879142 0.701829 0.701200 0.850218 0.695979 0.836491 0.677451 0.717677 0.368769 0.728954 0.496973 0.635126 0.632613 0.344735 0.310581 0.410266 0.349702 0.845395 0.956956 0.613906 0.914921 0.824508 0.573955 0.912734 0.864768 0.371557 0.395372 0.932863 0.894511 0.785615 0.793848 0.735226 0.924149 0.744033 0.989169 0.991173 0.858706 0.917309 0.789750 0.858026 0.724219 0.699144 0.565049 0.637296 0.629338 0.320111 0.424953 0.620537 0.678008 0.814794 0.853852 0.705942 0.765392 0.281192 0.263086 0.802205 0.719781 0.923992 0.707136 0.645711 0.494852 0.724796 0.728134 0.676397 0.743714 0.579013 0.440585 0.895955 0.748896 0.925977 0.934765 0.880757 0.957778 0.854072 0.930810 0.721985 0.651679 0.401793 0.426639 0.458971 0.551306 0.562716 0.933827 0.929728 0.764202 0.867642 0.750045 0.661190 0.675148 0.616202 0.472811 0.866584 0.920829 0.854901 0.896243 0.917840 0.825536 0.768746 0.704314 0.982022 0.927495 0.921352 0.944800 0.939187 0.667456 0.872940 0.956320 0.963903 0.782696 0.642808 0.808141 0.969100 0.827444
0.875664 0.612880 0.000000 0.434571 0.971904 0.595356 0.426388 0.671226 0.795616 0.971869 0.877340 0.843710 0.774925 0.873626 0.986739 0.960562 0.776547 0.689899 0.984491 0.825536 0.727497 0.810992 0.892209 0.808462 0.648656 0.504440 0.986248 0.990650 0.788246 0.795901 0.621120 0.587456 0.640901 0.722062 0.571282 0.709973 0.957790 0.806643 0.771233 0.968430 0.828814 0.905831 0.788406 0.915375 0.898447 0.994042 0.721601 0.848556 0.668888 0.806260 0.914287 0.969715 0.836581 0.769076 0.804941 0.990224 0.682140 0.632004 0.879916 0.908015 0.579743 0.844345 0.859174 0.903975 0.482096 0.502214 0.389197 0.501704 0.898556 0.865344 0.661233 0.680987 0.652307 0.783279 0.862082 0.958704 0.850687 0.877298 0.962585 0.994805 0.903365 0.954078 0.824906 0.833892 0.922731 0.711776 0.959207 0.948096 0.855834 0.800325 0.636986 0.834177 0.637955 0.671864 0.828079 0.934443 0.660970 0.992891 0.864044 0.766158 0.663253 0.756672 0.807348 0.940550 0.680843 0.737532 0.727715 0.835090 0.877266 0.795713 0.854038 0.922712 0.937610 0.870698 0.834249 0.935054
0.916052 0.879142 0.434571 0.000000 0.922524 0.824921 0.639681 0.571063 0.995458 0.864255 0.978682 0.962782 0.924312 0.739906 0.986563 0.771102 0.940451 0.912248 0.958461 0.982764 0.779232 0.815872 0.859518 0.620934 0.480577 0.416784 0.838477 0.862557 0.902519 0.924419 0.698764 0.606732 0.784442 0.790558 0.608824 0.653921 0.908655 0.815098 0.702405 0.776954 0.768510 0.971285 0.663774 0.751398 0.769467 0.784602 0.591142 0.703360 0.881274 0.937133 0.746285 0.742782 0.671182 0.712510 0.754490 0.898704 0.882498 0.833873 0.902009 0.966452 0.904337 0.792754 0.999950 0.803863 0.433404 0.382489 0.484862 0.506487 0.919474 0.878578 0.733650 0.716394 0.702393 0.833378 0.922531 0.922093 0.679359 0.748830 0.918488 0.838441 0.989405 0.857459 0.908618 0.942772 0.752227 0.483373 0.990935 0.833317 0.958399 0.766705 0.749966 0.990798 0.706043 0.837361 0.795052 0.787024 0.764999 0.899665 0.939181 0.782986 0.752092 0.860479 0.954603 0.945218 0.662808 0.709091 0.778526 0.944681 0.905465 0.964607 0.789810 0.890733 0.778565 0.827289 0.943633 0.934294
0.617125 0.701829 0.971904 0.922524 0.000000 0.931070 0.908261 0.786237 0.904627 0.887532 0.735103 0.677653 0.659583 0.646850 0.646969 0.641418 0.672403 0.761324 0.649524 0.646626 0.944363 0.934673 0.578941 0.652953 0.899836 0.832509 0.696007 0.885910 0.755032 0.769053 0.999963 0.881487 0.792677 0.945723 0.988578 0.922857 0.866607 0.950220 0.851540 0.964959 0.941717 0.972993 0.977921 0.991305 0.913848 0.881578 0.843234 0.896667 0.781405 0.773106 0.905356 0.950281 0.966867 0.788259 0.729359 0.981045 0.654040 0.713905 0.801605 0.865127 0.919572 0.675180 0.846357 0.756210 0.976563 0.998127 0.994184 0.842848 0.725054 0.645065 0.896485 0.908661 0.915435 0.992715 0.942157 0.880732 0.914444 0.868768 0.958174 0.945979 0.700754 0.657906 0.675256 0.725165 0.645991 0.787450 0.707487 0.714185 0.770933 0.704874 0.933352 0.875058 0.875251 0.813754 0.884168 0.928725 0.900290 0.993616 0.910407 0.898444 0.944354 0.905827 0.988180 0.926722 0.954788 0.995439 0.974568 0.750124 0.835048 0.714356 0.972277 0.866746 0.818500 0.958516 0.864673 0.873899
0.848065 0.701200 0.595356 0.824921 0.931070 0.000000 0.590088 0.809556 0.712614 0.921644 0.839950 0.902315 0.808331 0.973824 0.957899 0.945542 0.798364 0.757110 0.849496 0.772083 0.704353 0.989101 0.971576 0.976863 0.926840 0.749113 0.919722 0.837340 0.781763 0.801628 0.787857 0.759530 0.830918 0.866356 0.792999 0.909830 0.907974 0.985296 0.840534 0.854461 0.957161 0.966971 0.961445 0.998885 0.998381 0.931011 0.969905 0.956780 0.753355 0.789215 0.968986 0.962874 0.960954 0.847125 0.990160 0.977608 0.684029 0.684260 0.907214 0.900465 0.620772 0.897474 0.872762 0.994648 0.854404 0.771379 0.617859 0.733995 0.725635 0.844136 0.706720 0.750000 0.923843 0.740624 0.693419 0.879063 0.856425 0.856500 0.944213 0.999681 0.932110 0.867842 0.776810 0.794638 0.883192 0.984975 0.863246 0.988949 0.994451 0.963450 0.708721 0.795128 0.770962 0.748317 0.778550 0.980711 0.826899 0.958369 0.925697 0.848460 0.817357 0.882953 0.782845 0.927980 0.713202 0.901029 0.637196 0.868576 0.982761 0.911101 0.866156 0.873633 0.997842 0.925055 0.731544 0.968477
0.842516 0.850218 0.426388 0.639681 0.908261 0.590088 0.000000 0.424795 0.567773 0.601169 0.667465 0.894705 0.532026 0.754272 0.785656 0.845751 0.980127 0.937711 0.771398 0.995013 0.791889 0.798181 0.673476 0.994110 0.976741 0.797008 0.859888 0.928126 0.828940 0.861549 0.372653 0.471138 0.409129 0.431410 0.672682 0.764495 0.898214 0.852536 0.951876 0.889249 0.925696 0.960280 0.755639 0.808141 0.714026 0.828948 0.708139 0.809986 0.938187 0.979847 0.726243 0.763670 0.729394 0.698755 0.862851 0.992153 0.883372 0.905101 0.569311 0.611370 0.359245 0.760319 0.477445 0.664907 0.852257 0.809506 0.471864 0.566619 0.971909 0.854590 0.549749 0.532331 0.518311 0.561567 0.801598 0.892246 0.681566 0.751423 0.801009 0.867475 0.852520 0.959680 0.887129 0.864100 0.995990 0.990252 0.914736 0.957560 0.780054 0.867295 0.538266 0.681130 0.680418 0.812655 0.739588 0.873103 0.670691 0.813013 0.509227 0.556739 0.578086 0.600521 0.542545 0.630677 0.609036 0.617404 0.805323 0.895363 0.921849 0.767578 0.784431 0.753509 0.742416 0.779062 0.924102 0.951856
0.666240 0.695979 0.671226 0.571063 0.786237 0.809556 0.424795 0.000000 0.847346 0.610962 0.681243 0.552841 0.537957 0.463399 0.713077 0.604962 0.672839 0.743360 0.571021 0.685552 0.939787 0.939316 0.608785 0.881867 0.990076 0.902636 0.996151 0.824250 0.575794 0.638181 0.547318 0.474241 0.456023 0.454241 0.740921 0.857990 0.852380 0.854741 0.924891 0.948024 0.836533 0.914379 0.504997 0.514070 0.414075 0.444788 0.437262 0.519651 0.610883 0.536876 0.453480 0.491820 0.595674 0.720512 0.671093 0.800656 0.741260 0.731623 0.608644 0.542991 0.562397 0.502718 0.463603 0.559309 0.850926 0.759874 0.584399 0.582297 0.892607 0.662028 0.652437 0.704290 0.606830 0.649703 0.784761 0.952004 0.570103 0.773048 0.749811 0.754771 0.666084 0.768473 0.783213 0.932578 0.762340 0.806447 0.981492 0.818495 0.840027 0.701343 0.720123 0.887600 0.822210 0.953491 0.785222 0.742623 0.778386 0.741898 0.501127 0.402043 0.640308 0.763144 0.634151 0.750634 0.604630 0.704950 0.828964 0.980229 0.970525 0.831874 0.665918 0.568491 0.480211 0.639813 0.886326 0.874741
0.965943 0.836491 0.795616 0.995458 0.904627 0.712614 0.567773 0.847346 0.000000 0.654341 0.745109 0.960524 0.673362 0.940432 0.756727 0.946344 0.935375 0.857131 0.965064 0.840594 0.978936 0.912369 0.849597 0.835006 0.856908 0.987378 0.965515 0.961925 0.996569 0.961928 0.808354 0.915318 0.784878 0.854370 0.912486 0.941069 0.797948 0.830762 0.879161 0.829371 0.864149 0.907299 0.940165 0.980105 0.970956 0.991147 0.956067 0.981380 0.917205 0.977352 0.931313 0.914482 0.889964 0.882305 0.953787 0.981203 0.807821 0.828236 0.706187 0.815803 0.610627 0.791686 0.812716 0.840177 0.953818 0.979224 0.753657 0.929088 0.951860 0.863075 0.815521 0.709283 0.752150 0.631519 0.836976 0.873210 0.739730 0.967885 0.983913 0.929980 0.964437 0.842856 0.735387 0.766572 0.931062 0.838571 0.949972 0.846597 0.682985 0.985044 0.660869 0.550568 0.688339 0.615582 0.724905 0.957366 0.865319 0.914905 0.718480 0.734638 0.688484 0.765608 0.661200 0.655612 0.928079 0.852958 0.960712 0.812534 0.988662 0.786325 0.871001 0.797693 0.999519 0.879129 0.893438 0.872420
0.631645 0.677451 0.971869 0.864255 0.887532 0.921644 0.601169 0.610962 0.654341 0.000000 0.620654 0.624795 0.600844 0.773253 0.595156 0.783217 0.653815 0.660242 0.571265 0.716309 0.949696 0.928318 0.536965 0.827197 0.583301 0.675578 0.856086 0.971536 0.518732 0.521254 0.652980 0.696175 0.524307 0.582785 0.756372 0.952229 0.914531 0.903677 0.818803 0.718471 0.981052 0.835874 0.926278 0.850714 0.704125 0.742748 0.783916 0.867598 0.575622 0.685204 0.679397 0.700099 0.763201 0.919813 0.964999 0.977487 0.736671 0.660599 0.571263 0.654861 0.704361 0.861416 0.437377 0.422203 0.601458 0.602611 0.928311 0.843114 0.741751 0.558023 0.803774 0.831520 0.710406 0.688789 0.716597 0.875511 0.727076 0.953656 0.662404 0.651655 0.597311 0.814293 0.851658 0.961901 0.976312 0.698209 0.915989 0.921915 0.805723 0.990011 0.908307 0.794022 0.989247 0.844527 0.985080 0.905951 0.882578 0.850439 0.641131 0.659593 0.913018 0.854274 0.694486 0.659207 0.981583 0.894859 0.906471 0.946690 0.927936 0.896609 0.844470 0.836083 0.736963 0.836660 0.947324 0.853442
0.431424 0.717677 0.877340 0.978682 0.735103 0.839950 0.667465 0.681243 0.745109 0.620654 0.000000 0.571168 0.452151 0.761884 0.713423 0.845429 0.617505 0.672839 0.620055 0.608616 0.964523 0.906461 0.674024 0.908677 0.779774 0.866473 0.989292 0.962791 0.620235 0.682293 0.848307 0.850495 0.558528 0.734182 0.949857 0.937395 0.756586 0.820662 0.954325 0.820053 0.806130 0.822293 0.834084 0.941402 0.939923 0.914540 0.884529 0.948898 0.805245 0.826547 0.921357 0.975410 0.967079 0.777855 0.856981 0.863772 0.681431 0.651776 0.442527 0.507267 0.510023 0.629804 0.458376 0.459567 0.924621 0.915263 0.836150 0.998244 0.575066 0.506288 0.772659 0.823460 0.829666 0.929988 0.750875 0.857889 0.847157 0.994487 0.912110 0.734521 0.578878 0.668991 0.927435 0.846187 0.792187 0.871952 0.977575 0.973706 0.629341 0.700665 0.941829 0.971623 0.978960 0.972468 0.999566 0.976025 0.918089 0.997717 0.749128 0.761720 0.878689 0.979342 0.701544 0.689415 0.789684 0.863640 0.892450 0.907051 0.938961 0.789879 0.927693 0.814654 0.772185 0.903345 0.965875 0.950386
0.344979 0.368769 0.843710 0.962782 0.677653 0.902315 0.894705 0.552841 0.960524 0.624795 0.571168 0.000000 0.427263 0.403798 0.501457 0.506217 0.466577 0.498143 0.436083 0.428344 0.932004 0.950250 0.518606 0.862813 0.769925 0.659704 0.942705 0.833341 0.429710 0.518534 0.984107 0.853619 0.699928 0.769487 0.907530 0.888372 0.756259 0.944789 0.980839 0.955298 0.940476 0.921175 0.966866 0.886482 0.802140 0.683312 0.687704 0.744153 0.446089 0.586782 0.760059 0.812285 0.931311 0.745404 0.731793 0.868385 0.443051 0.397514 0.588473 0.572345 0.737681 0.456378 0.514379 0.437387 0.880048 0.907938 0.879243 0.855096 0.535822 0.451272 0.995364 0.935275 0.974988 0.988105 0.792171 0.937754 0.881835 0.869234 0.827744 0.753591 0.486687 0.537807 0.596008 0.684918 0.509476 0.923993 0.738338 0.675990 0.750579 0.592557 0.835604 0.778139 0.764389 0.636462 0.943395 0.934139 0.904601 0.929790 0.854400 0.729702 0.973662 0.776197 0.954453 0.934438 0.914155 0.958895 0.969555 0.693245 0.907276 0.939114 0.881249 0.755825 0.704084 0.875762 0.997725 0.802769
0.447834 0.728954 0.774925 0.924312 0.659583 0.808331 0.532026 0.537957 0.673362 0.600844 0.452151 0.427263 0.000000 0.474167 0.490517 0.540693 0.719884 0.826162 0.531996 0.634353 0.930116 0.868570 0.453290 0.807402 0.843699 0.818989 0.971957 0.908656 0.630397 0.669511 0.713856 0.689990 0.522673 0.653831 0.957267 0.982125 0.768648 0.914975 0.902089 0.972470 0.976047 0.992692 0.990197 0.964175 0.861084 0.829297 0.716556 0.840369 0.766212 0.839157 0.814275 0.908537 0.887505 0.878453 0.694916 0.950922 0.754475 0.715870 0.499844 0.612676 0.437930 0.514603 0.455862 0.506576 0.990142 0.998467 0.884076 0.997481 0.609287 0.588192 0.749117 0.897302 0.743935 0.830713 0.780121 0.946417 0.830497 0.932593 0.895364 0.897168 0.660565 0.712872 0.785865 0.831929 0.607120 0.951145 0.788582 0.738171 0.563275 0.656121 0.952825 0.978993 0.951980 0.866503 0.958186 0.978967 0.900630 0.920155 0.729121 0.721856 0.794839 0.985765 0.765423 0.853902 0.835480 0.846645 0.814085 0.771931 0.942146 0.739136 0.868668 0.804543 0.805929 0.890351 0.891144 0.914536
0.542511 0.496973 0.873626 0.739906 0.646850 0.973824 0.754272 0.463399 0.940432 0.773253 0.761884 0.403798 0.474167 0.000000 0.514409 0.356922 0.628324 0.636588 0.430253 0.475553 0.909567 0.977012 0.453594 0.539748 0.884696 0.902016 0.896489 0.801356 0.575423 0.555255 0.801979 0.574228 0.636426 0.655177 0.962477 0.931113 0.840727 0.976334 0.746791 0.764604 0.854111 0.956272 0.658258 0.664623 0.648597 0.563454 0.468106 0.566597 0.532964 0.606214 0.604243 0.704553 0.740488 0.993316 0.579059 0.844229 0.612386 0.617069 0.856794 0.807488 0.789325 0.551519 0.644410 0.680968 0.885765 0.830109 0.975650 0.951693 0.740544 0.634313 0.999184 0.868940 0.826248 0.959006 0.810289 0.970056 0.794790 0.993570 0.848438 0.731823 0.579691 0.514031 0.483108 0.663150 0.406278 0.582563 0.845279 0.512747 0.894558 0.635638 0.799362 0.630397 0.735216 0.571256 0.948284 0.886533 0.998508 0.883060 0.927517 0.764288 0.948571 0.803076 0.996402 0.926729 0.879802 0.947555 0.748609 0.701848 0.986943 0.854373 0.958647 0.789046 0.695215 0.821219 0.960510 0.862554
0.565498 0.635126 0.986739 0.986563 0.646969 0.957899 0.785656 0.713077 0.756727 0.595156 0.713423 0.501457 0.490517 0.514409 0.000000 0.478645 0.601459 0.651430 0.476163 0.554512 0.936813 0.963826 0.445943 0.808049 0.941677 0.768609 0.952176 0.920635 0.620508 0.559894 0.757997 0.721443 0.650900 0.695785 0.917577 0.955849 0.758898 0.899365 0.984323 0.960244 0.900383 0.978517 0.908570 0.870286 0.843075 0.763108 0.718473 0.733428 0.669690 0.688728 0.715875 0.726649 0.767783 0.993023 0.784781 0.976686 0.688632 0.693413 0.774246 0.813923 0.836288 0.710683 0.672892 0.626877 0.925855 0.885535 0.877521 0.784489 0.563104 0.636088 0.889147 0.993030 0.734562 0.797555 0.744576 0.976547 0.795550 0.980220 0.808415 0.696250 0.618799 0.616375 0.620412 0.796825 0.574640 0.889297 0.738399 0.742382 0.686707 0.788468 0.885777 0.923679 0.811960 0.750670 0.865501 0.875895 0.881418 0.823494 0.890681 0.764209 0.967015 0.817107 0.877854 0.837354 0.949975 0.952824 0.969200 0.714588 0.932204 0.806537 0.941024 0.773614 0.822886 0.788864 0.907256 0.966932
0.680770 0.632613 0.960562 0.771102 0.641418 0.945542 0.845751 0.604962 0.946344 0.783217 0.845429 0.506217 0.540693 0.356922 0.478645 0.000000 0.733308 0.742190 0.577687 0.653636 0.896609 0.936663 0.452151 0.446599 0.840288 0.931140 0.847207 0.736798 0.706112 0.674865 0.902439 0.696072 0.799312 0.874143 0.941418 0.894727 0.940790 0.878058 0.775927 0.913394 0.889551 0.906178 0.829257 0.832866 0.814233 0.702210 0.639157 0.771479 0.613000 0.725759 0.770925 0.809343 0.862743 0.926694 0.661898 0.899414 0.805769 0.758211 0.977473 0.967500 0.928811 0.600046 0.853341 0.866306 0.880078 0.812754 0.891140 0.910716 0.831675 0.772456 0.969284 0.927648 0.892826 0.933040 0.779521 0.958761 0.837615 0.917603 0.899809 0.764150 0.715343 0.646408 0.519974 0.719309 0.469448 0.545392 0.756369 0.551315 0.881747 0.702310 0.748380 0.738260 0.784337 0.644871 0.965125 0.917548 0.997760 0.861027 0.953047 0.884907 0.953851 0.715320 0.813704 0.794278 0.946205 0.981152 0.852612 0.643710 0.901150 0.976737 0.965480 0.869863 0.867628 0.930519 0.957622 0.917721
0.432984 0.344735 0.776547 0.940451 0.672403 0.798364 0.980127 0.672839 0.935375 0.653815 0.617505 0.466577 0.719884 0.628324 0.601459 0.733308 0.000000 0.298457 0.405708 0.363963 0.837678 0.973599 0.602124 0.972373 0.881356 0.654658 0.892948 0.952270 0.380677 0.357808 0.850941 0.798328 0.674992 0.684135 0.866425 0.921445 0.760249 0.955200 0.924680 0.932429 0.835073 0.846337 0.899121 0.810281 0.716891 0.636336 0.664926 0.678759 0.453789 0.487371 0.641531 0.682531 0.798257 0.920610 0.753894 0.843504 0.326864 0.350262 0.750026 0.643784 0.987392 0.796976 0.543322 0.431151 0.747249 0.741248 0.829226 0.805432 0.597174 0.431674 0.864317 0.958268 0.926360 0.970110 0.805068 0.881464 0.818716 0.965211 0.578881 0.560878 0.324591 0.411004 0.566025 0.586734 0.642644 0.999186 0.904595 0.819854 0.751638 0.767069 0.832017 0.806944 0.750291 0.622592 0.893727 0.939570 0.912452 0.960482 0.864109 0.737973 0.930859 0.779470 0.893405 0.732079 0.989892 0.965988 0.930693 0.670226 0.961866 0.957333 0.947511 0.803702 0.621112 0.726206 0.953650 0.840169
0.429050 0.310581 0.689899 0.912248 0.761324 0.757110 0.937711 0.743360 0.857131 0.660242 0.672839 0.498143 0.826162 0.636588 0.651430 0.742190 0.298457 0.000000 0.376153 0.349719 0.868190 0.969924 0.609964 0.987567 0.870145 0.631967 0.916170 0.994887 0.382736 0.351956 0.944223 0.836109 0.715492 0.703106 0.764741 0.995645 0.728708 0.979250 0.944687 0.928394 0.821327 0.805681 0.921597 0.799675 0.735626 0.638802 0.680989 0.699521 0.438977 0.478669 0.655494 0.684750 0.772963 0.910110 0.796737 0.819180 0.285640 0.295970 0.803313 0.688588 0.900627 0.896779 0.591172 0.468616 0.689678 0.688026 0.750683 0.759921 0.567608 0.465591 0.969842 0.948148 0.967356 0.990917 0.883844 0.885606 0.845511 0.997090 0.612345 0.500515 0.323004 0.379291 0.506212 0.548230 0.653854 0.993205 0.952855 0.811866 0.861324 0.795637 0.761586 0.756344 0.711626 0.559353 0.939714 0.945832 0.875578 0.900269 0.910876 0.841442 0.768142 0.759807 0.985250 0.801866 0.984524 0.975922 0.930882 0.659727 0.941367 0.946661 0.954822 0.846233 0.580803 0.745885 0.950394 0.834677
0.332038 0.410266 0.984491 0.958461 0.649524 0.849496 0.771398 0.571021 0.965064 0.571265 0.620055 0.436083 0.531996 0.430253 0.476163 0.577687 0.405708 0.376153 0.000000 0.321410 0.970861 0.885835 0.344327 0.846665 0.882258 0.643143 0.962086 0.987814 0.364336 0.361771 0.731825 0.653993 0.495307 0.576030 0.932219 0.971553 0.698455 0.876347 0.992645 0.978787 0.968277 0.863092 0.855016 0.825000 0.752595 0.678964 0.574144 0.676088 0.523095 0.581727 0.633239 0.718788 0.745319 0.959133 0.715534 0.986793 0.372773 0.396211 0.675548 0.695683 0.853007 0.793711 0.477129 0.448316 0.800208 0.768755 0.878061 0.807627 0.454355 0.444125 0.832161 0.952448 0.702268 0.896541 0.882819 0.975221 0.790455 0.974703 0.710571 0.621914 0.406709 0.399106 0.491206 0.638021 0.549629 0.913889 0.921470 0.733158 0.740741 0.719758 0.897803 0.860656 0.773077 0.636297 0.974953 0.878783 0.937147 0.824165 0.774335 0.733664 0.950363 0.846892 0.866811 0.768849 0.931194 0.846116 0.957694 0.692652 0.905428 0.920036 0.900368 0.792495 0.561957 0.716529 0.953914 0.873291
0.349089 0.349702 0.825536 0.982764 0.646626 0.772083 0.995013 0.685552 0.840594 0.716309 0.608616 0.428344 0.634353 0.475553 0.554512 0.653636 0.363963 0.349719 0.321410 0.000000 0.878069 0.922519 0.486756 0.848123 0.842193 0.634269 0.966905 0.925001 0.427635 0.397295 0.892973 0.825408 0.659744 0.753530 0.873428 0.984082 0.761627 0.876549 0.950980 0.912039 0.985814 0.761006 0.876067 0.847398 0.777414 0.710305 0.665547 0.680277 0.508846 0.542395 0.676240 0.750618 0.775824 0.898790 0.720832 0.994055 0.296173 0.333820 0.727428 0.684965 0.978878 0.808649 0.601890 0.517566 0.749172 0.742591 0.802936 0.762809 0.450550 0.482579 0.930623 0.908929 0.861855 0.923422 0.861184 0.951395 0.825590 0.967615 0.732620 0.705558 0.438287 0.435849 0.540732 0.601743 0.613109 0.968905 0.925821 0.788887 0.817699 0.683711 0.799637 0.765349 0.752516 0.574387 0.956545 0.941096 0.986714 0.842323 0.878197 0.783966 0.880955 0.801338 0.932159 0.833514 0.951482 0.899269 0.964586 0.777507 0.987755 0.910348 0.874157 0.804721 0.642625 0.750583 0.948377 0.910653
0.975932 0.845395 0.727497 0.779232 0.944363 0.704353 0.791889 0.939787 0.978936 0.949696 0.964523 0.932004 0.930116 0.909567 0.936813 0.896609 0.837678 0.868190 0.970861 0.878069 0.000000 0.974210 0.902102 0.794545 0.760256 0.709487 0.931472 0.956145 0.863171 0.834195 0.790397 0.841612 0.936032 0.936391 0.831838 0.975027 0.859557 0.968068 0.779736 0.787280 0.827747 0.934668 0.999317 0.946015 0.892922 0.901364 0.923188 0.910845 0.815917 0.723450 0.975361 0.932273 0.979217 0.931880 0.925328 0.983926 0.828177 0.822475 0.916490 0.959813 0.895629 0.954468 0.984567 0.867924 0.841787 0.763628 0.901885 0.878569 0.935038 0.888668 0.847738 0.923209 0.836748 0.829370 0.954189 0.758404 0.854862 0.934637 0.987436 0.967576 0.981555 0.919836 0.996291 0.968000 0.926696 0.810155 0.871451 0.804324 0.887243 0.903348 0.962210 0.871076 0.991260 0.898426 0.837431 0.921355 0.906448 0.807965 0.881924 0.787051 0.982811 0.927773 0.864051 0.864938 0.969638 0.894850 0.737028 0.914565 0.957956 0.883054 0.940376 0.781696 0.896520 0.838440 0.980540 0.876609
0.964398 0.956956 0.810992 0.815872 0.934673 0.989101 0.798181 0.939316 0.912369 0.928318 0.906461 0.950250 0.868570 0.977012 0.963826 0.936663 0.973599 0.969924 0.885835 0.922519 0.974210 0.000000 0.895920 0.915919 0.991112 0.835357 0.841350 0.941174 0.901007 0.839609 0.676415 0.894958 0.726278 0.774428 0.966926 0.759139 0.762601 0.777468 0.950921 0.980258 0.940608 0.836679 0.938941 0.979359 0.924146 0.991213 0.882550 0.889656 0.889188 0.966877 0.802675 0.842406 0.791158 0.764484 0.914956 0.869594 0.977033 0.974029 0.890515 0.983835 0.951455 0.886312 0.857096 0.925101 0.943789 0.934503 0.855471 0.992527 0.852213 0.936465 0.806915 0.887171 0.885065 0.791353 0.924312 0.979531 0.853271 0.786278 0.820822 0.949887 0.895195 0.905152 0.996510 0.997697 0.941372 0.916936 0.928878 0.856967 0.961116 0.951397 0.772872 0.841413 0.852040 0.917673 0.960446 0.944143 0.846236 0.843720 0.837774 0.923584 0.834220 0.894748 0.675719 0.785927 0.819254 0.775767 0.926031 0.827162 0.953357 0.812636 0.784036 0.917229 0.864776 0.854965 0.962306 0.870137
0.465991 0.613906 0.892209 0.859518 0.578941 0.971576 0.673476 0.608785 0.849597 0.536965 0.674024 0.518606 0.453290 0.453594 0.445943 0.452151 0.602124 0.609964 0.344327 0.486756 0.902102 0.895920 0.000000 0.634924 0.930683 0.763994 0.859675 0.958720 0.545511 0.512988 0.660248 0.605394 0.542066 0.676630 0.914955 0.991593 0.825099 0.971665 0.982126 0.899285 0.963493 0.947111 0.958264 0.976058 0.879173 0.847588 0.709551 0.872457 0.666479 0.780368 0.780189 0.828795 0.787257 0.956241 0.818085 0.849236 0.587028 0.598726 0.805026 0.835593 0.852346 0.829532 0.609532 0.620367 0.875108 0.837506 0.875798 0.764166 0.564629 0.636311 0.738218 0.899951 0.635458 0.826654 0.815966 0.906156 0.803941 0.974294 0.800496 0.681269 0.555399 0.518826 0.550144 0.713481 0.559036 0.872313 0.862298 0.675805 0.814045 0.796100 0.959769 0.940090 0.898829 0.691999 0.953784 0.922332 0.838128 0.929301 0.848281 0.834164 0.977787 0.892276 0.980619 0.865464 0.960960 0.847817 0.968126 0.701187 0.992078 0.864083 0.932804 0.915078 0.702313 0.905749 0.869013 0.862263
0.964469 0.914921 0.808462 0.620934 0.652953 0.976863 0.994110 0.881867 0.835006 0.827197 0.908677 0.862813 0.807402 0.539748 0.808049 0.446599 0.972373 0.987567 0.846665 0.848123 0.794545 0.915919 0.634924 0.000000 0.557637 0.793735 0.689766 0.772929 0.935047 0.967348 0.998129 0.772901 0.999191 0.903319 0.884178 0.971937 0.964981 0.788169 0.626733 0.766622 0.776945 0.703893 0.894692 0.962883 0.993291 0.914458 0.757565 0.953414 0.923953 0.988965 0.983338 0.959330 0.964476 0.931148 0.725675 0.981916 0.984941 0.992175 0.729659 0.751897 0.867340 0.891688 0.827490 0.754845 0.680883 0.673890 0.959058 0.993606 0.994219 0.947333 0.943850 0.845029 0.959958 0.825832 0.935937 0.990029 0.919807 0.857698 0.951327 0.920122 0.967833 0.746785 0.636309 0.644742 0.526581 0.403387 0.811497 0.488461 0.956526 0.787756 0.778314 0.651955 0.824957 0.738982 0.971380 0.938232 0.952301 0.960695 0.755359 0.861027 0.780861 0.776317 0.629372 0.605110 0.978673 0.973121 0.751921 0.757511 0.876726 0.986694 0.892412 0.949927 0.977763 0.863730 0.881858 0.993725
0.745918 0.824508 0.648656 0.480577 0.899836 0.926840 0.976741 0.990076 0.856908 0.583301 0.779774 0.769925 0.843699 0.884696 0.941677 0.840288 0.881356 0.870145 0.882258 0.842193 0.760256 0.991112 0.930683 0.557637 0.000000 0.450671 0.741691 0.919053 0.673271 0.773008 0.991488 0.830189 0.937084 0.967134 0.648412 0.757139 0.899988 0.927779 0.622225 0.640808 0.813837 0.819716 0.795994 0.859553 0.924465 0.883921 0.724963 0.808884 0.808417 0.963101 0.912788 0.928158 0.819536 0.860115 0.712488 0.769642 0.810227 0.711518 0.609794 0.699180 0.797352 0.991331 0.702302 0.572946 0.436979 0.432100 0.756571 0.715956 0.811350 0.715719 0.974242 0.975962 0.986819 0.969029 0.991078 0.936899 0.944714 0.964287 0.933582 0.910409 0.959481 0.870050 0.868450 0.868649 0.685998 0.364688 0.893975 0.758006 0.935735 0.844570 0.949423 0.759020 0.949249 0.963453 0.941332 0.907058 0.940466 0.936699 0.737044 0.890464 0.972560 0.880629 0.760378 0.733431 0.896527 0.999247 0.806713 0.878228 0.899512 0.911034 0.899622 0.883197 0.977443 0.961250 0.935714 0.892133
0.583332 0.573955 0.504440 0.416784 0.832509 0.749113 0.797008 0.902636 0.987378 0.675578 0.866473 0.659704 0.818989 0.902016 0.768609 0.931140 0.654658 0.631967 0.643143 0.634269 0.709487 0.835357 0.763994 0.793735 0.450671 0.000000 0.944789 0.940821 0.602920 0.629616 0.801089 0.820758 0.989642 0.953530 0.526861 0.691909 0.939038 0.849592 0.698523 0.770046 0.850850 0.928118 0.750257 0.836895 0.880851 0.930556 0.826122 0.897446 0.674163 0.853702 0.909303 0.885101 0.818134 0.675009 0.883686 0.823588 0.567696 0.500247 0.788331 0.825554 0.967250 0.984261 0.781790 0.569369 0.402959 0.378936 0.471319 0.453153 0.710582 0.660701 0.844189 0.832896 0.837013 0.841649 0.997939 0.940423 0.871949 0.800147 0.919884 0.999267 0.742860 0.847257 0.827395 0.878449 0.994881 0.599892 0.959543 0.992208 0.915416 0.933127 0.702456 0.917340 0.653557 0.659588 0.735978 0.943935 0.754094 0.981737 0.953758 0.928787 0.820232 0.764368 0.959356 0.881747 0.715245 0.862928 0.770838 0.783340 0.877048 0.970481 0.882492 0.958292 0.993102 0.905569 0.849170 0.907307
0.943272 0.912734 0.986248 0.838477 0.696007 0.919722 0.859888 0.996151 0.965515 0.856086 0.989292 0.942705 0.971957 0.896489 0.952176 0.847207 0.892948 0.916170 0.962086 0.966905 0.931472 0.841350 0.859675 0.689766 0.741691 0.944789 0.000000 0.841309 0.957298 0.947659 0.840395 0.866520 0.907050 0.841543 0.921887 0.971679 0.912651 0.985844 0.832602 0.801080 0.988121 0.930192 0.898678 0.863553 0.933089 0.975091 0.993039 0.932216 0.860264 0.890085 0.960688 0.949900 0.983612 0.821148 0.869888 0.901902 0.892706 0.929305 0.858043 0.903499 0.783342 0.875259 0.829269 0.857575 0.825518 0.851150 0.929021 0.874410 0.935522 0.933586 0.892968 0.842000 0.894175 0.874400 0.959606 0.884792 0.958953 0.791107 0.925932 0.964970 0.941406 0.810216 0.775608 0.764442 0.707705 0.677319 0.806431 0.741024 0.917495 0.867055 0.893906 0.863649 0.953577 0.996873 0.892222 0.841802 0.956020 0.928188 0.806087 0.869948 0.927438 0.895256 0.662466 0.814437 0.948963 0.878656 0.843213 0.887789 0.702892 0.965982 0.899343 0.851094 0.987271 0.832817 0.957793 0.931841
0.959967 0.864768 0.990650 0.862557 0.885910 0.837340 0.928126 0.824250 0.961925 0.971536 0.962791 0.833341 0.908656 0.801356 0.920635 0.736798 0.952270 0.994887 0.987814 0.925001 0.956145 0.941174 0.958720 0.772929 0.919053 0.940821 0.841309 0.000000 0.977631 0.943982 0.917207 0.960663 0.938668 0.901005 0.952101 0.994194 0.973745 0.980032 0.790184 0.937482 0.918923 0.837028 0.860289 0.882094 0.844624 0.838554 0.842394 0.951451 0.799238 0.884779 0.899363 0.925245 0.965673 0.994868 0.953732 0.987109 0.993299 0.994622 0.927181 0.858168 0.943897 0.848994 0.950992 0.913915 0.955737 0.889931 0.980219 0.945325 0.965187 0.952077 0.932769 0.850618 0.996800 0.987382 0.768380 0.961890 0.796239 0.898334 0.987802 0.955064 0.997866 0.987704 0.881343 0.901847 0.919479 0.847208 0.940746 0.993994 0.938450 0.944391 0.981561 0.928461 0.978242 0.941389 0.901687 0.936582 0.959598 0.809397 0.964650 0.873839 0.883704 0.939461 0.868578 0.866064 0.986461 0.862071 0.865510 0.950171 0.977603 0.949748 0.901419 0.811390 0.928842 0.950888 0.817063 0.937548
0.409633 0.371557 0.788246 0.902519 0.755032 0.781763 0.828940 0.575794 0.996569 0.518732 0.620235 0.429710 0.630397 0.575423 0.620508 0.706112 0.380677 0.382736 0.364336 0.427635 0.863171 0.901007 0.545511 0.935047 0.673271 0.602920 0.957298 0.977631 0.000000 0.324255 0.731024 0.744038 0.568353 0.541464 0.821967 0.952224 0.674957 0.979999 0.905070 0.976636 0.862166 0.821517 0.875281 0.744618 0.709389 0.637254 0.716724 0.689730 0.453792 0.526326 0.635805 0.672978 0.818467 0.953728 0.792571 0.827577 0.409887 0.367124 0.585793 0.572246 0.840367 0.750603 0.446840 0.354216 0.642569 0.675493 0.824427 0.840869 0.570553 0.377463 0.911993 0.968808 0.821545 0.869251 0.902208 0.940999 0.823435 0.967706 0.612226 0.610654 0.387225 0.482512 0.580982 0.659324 0.716641 0.918297 0.994236 0.821188 0.819086 0.830895 0.867057 0.866376 0.719591 0.592204 0.958164 0.870358 0.925229 0.856175 0.733947 0.722266 0.938800 0.970843 0.803725 0.746849 0.993048 0.954619 0.934674 0.768526 0.847310 0.977321 0.914945 0.774626 0.608966 0.776722 0.974553 0.736193
0.497662 0.395372 0.795901 0.924419 0.769053 0.801628 0.861549 0.638181 0.961928 0.521254 0.682293 0.518534 0.669511 0.555255 0.559894 0.674865 0.357808 0.351956 0.361771 0.397295 0.834195 0.839609 0.512988 0.967348 0.773008 0.629616 0.947659 0.943982 0.324255 0.000000 0.702810 0.650291 0.569400 0.538887 0.723474 0.988913 0.772891 0.991794 0.937989 0.961639 0.933232 0.867329 0.855457 0.745361 0.688007 0.662112 0.684683 0.726367 0.487881 0.562352 0.607061 0.664104 0.745639 0.955977 0.822276 0.945395 0.442411 0.436570 0.797195 0.743518 0.940604 0.914231 0.489688 0.415163 0.599731 0.642196 0.743435 0.775408 0.650740 0.459942 0.901310 0.937427 0.800152 0.865990 0.870333 0.999026 0.835114 0.912735 0.477287 0.512554 0.358130 0.449804 0.520582 0.642660 0.750444 0.930184 0.996848 0.818799 0.870811 0.948478 0.768260 0.837681 0.640667 0.530773 0.922826 0.943495 0.903130 0.873104 0.823960 0.797272 0.906476 0.881166 0.861235 0.740370 0.944320 0.948115 0.914874 0.763842 0.941853 0.906026 0.959499 0.812260 0.570557 0.707882 0.934449 0.824799
0.916793 0.932863 0.621120 0.698764 0.999963 0.787857 0.372653 0.547318 0.808354 0.652980 0.848307 0.984107 0.713856 0.801979 0.757997 0.902439 0.850941 0.944223 0.731825 0.892973 0.790397 0.676415 0.660248 0.998129 0.991488 0.801089 0.840395 0.917207 0.731024 0.702810 0.000000 0.418891 0.424168 0.355602 0.762223 0.751045 0.918497 0.903776 0.970462 0.979875 0.922264 0.966206 0.625792 0.698436 0.637528 0.740644 0.689580 0.760522 0.970377 0.904416 0.579240 0.582767 0.584463 0.512442 0.891281 0.922527 0.966635 0.948301 0.799384 0.827772 0.676746 0.945439 0.539638 0.732884 0.976877 0.985601 0.708245 0.728128 0.951304 0.915236 0.505211 0.604232 0.434584 0.510628 0.890970 0.864298 0.736709 0.618664 0.689186 0.727895 0.785775 0.884231 0.939338 0.960591 0.978356 0.958576 0.815058 0.948917 0.893917 0.916265 0.619994 0.760220 0.814246 0.987727 0.753983 0.952567 0.722766 0.825908 0.571795 0.631893 0.720556 0.607916 0.563138 0.615793 0.752364 0.665577 0.913383 0.900156 0.937382 0.866967 0.726572 0.783749 0.677142 0.739383 0.825217 0.877545
0.871228 0.894511 0.587456 0.606732 0.881487 0.759530 0.471138 0.474241 0.915318 0.696175 0.850495 0.853619 0.689990 0.574228 0.721443 0.696072 0.798328 0.836109 0.653993 0.825408 0.841612 0.894958 0.605394 0.772901 0.830189 0.820758 0.866520 0.960663 0.744038 0.650291 0.418891 0.000000 0.475632 0.414997 0.801717 0.764384 0.854112 0.967255 0.900379 0.938679 0.875801 0.978258 0.573079 0.580534 0.594986 0.647631 0.498772 0.641665 0.867155 0.818563 0.553735 0.576451 0.549345 0.628889 0.743324 0.924999 0.930208 0.968180 0.928321 0.889049 0.729685 0.869198 0.582435 0.730043 0.900725 0.857977 0.755295 0.720655 0.979352 0.848579 0.619676 0.764789 0.547882 0.594336 0.861736 0.909664 0.791963 0.703459 0.676916 0.657782 0.646541 0.716108 0.762465 0.904534 0.795903 0.793182 0.896193 0.768493 0.953478 0.966625 0.835307 0.991357 0.968084 0.869877 0.823881 0.866338 0.834069 0.901637 0.728349 0.651772 0.867121 0.776305 0.728699 0.778002 0.807125 0.695777 0.771604 0.923041 0.992009 0.806231 0.826637 0.705022 0.565088 0.769201 0.805780 0.826854
0.591815 0.785615 0.640901 0.784442 0.792677 0.830918 0.409129 0.456023 0.784878 0.524307 0.558528 0.699928 0.522673 0.636426 0.650900 0.799312 0.674992 0.715492 0.495307 0.659744 0.936032 0.726278 0.542066 0.999191 0.937084 0.989642 0.907050 0.938668 0.568353 0.569400 0.424168 0.475632 0.000000 0.338926 0.855823 0.721607 0.746316 0.822351 0.899141 0.939365 0.960273 0.915648 0.703404 0.696153 0.605394 0.632404 0.535359 0.661414 0.760017 0.733491 0.529566 0.592422 0.572389 0.747617 0.704020 0.901010 0.753222 0.750544 0.562144 0.624189 0.563861 0.798935 0.366273 0.470777 0.991699 0.958842 0.700334 0.770426 0.716382 0.615807 0.590041 0.729043 0.547249 0.617072 0.764431 0.998723 0.646786 0.765133 0.694632 0.702896 0.577120 0.662779 0.831168 0.924238 0.785734 0.971770 0.913967 0.928001 0.685890 0.783259 0.745837 0.825832 0.898305 0.935910 0.838683 0.967335 0.717649 0.757374 0.510938 0.536160 0.793202 0.737564 0.564928 0.579973 0.691632 0.635786 0.973597 0.983264 0.943834 0.789863 0.734901 0.644052 0.488016 0.675251 0.816057 0.898429
0.737589 0.793848 0.722062 0.790558 0.945723 0.866356 0.431410 0.454241 0.854370 0.582785 0.734182 0.769487 0.653831 0.655177 0.695785 0.874143 0.684135 0.703106 0.576030 0.753530 0.936391 0.774428 0.676630 0.903319 0.967134 0.953530 0.841543 0.901005 0.541464 0.538887 0.355602 0.414997 0.338926 0.000000 0.864888 0.711459 0.764958 0.883052 0.956853 0.939898 0.970648 0.967934 0.580760 0.569533 0.520523 0.555691 0.524555 0.556102 0.750324 0.668432 0.478328 0.507013 0.584060 0.638801 0.741470 0.810293 0.789609 0.791509 0.650362 0.641322 0.605861 0.843367 0.402798 0.502150 0.991071 0.988721 0.728124 0.675619 0.866618 0.702979 0.662832 0.787298 0.604559 0.603727 0.824384 0.909199 0.723589 0.665549 0.627079 0.644293 0.573278 0.684048 0.771674 0.868791 0.842954 0.994148 0.863317 0.829769 0.833407 0.923527 0.776712 0.936631 0.990996 0.865854 0.796534 0.952752 0.888587 0.780657 0.553573 0.575944 0.786500 0.751013 0.550408 0.616951 0.733610 0.665668 0.878911 0.931636 0.978546 0.838797 0.805549 0.656965 0.493568 0.654675 0.766219 0.773757
0.886640 0.735226 0.571282 0.608824 0.988578 0.792999 0.672682 0.740921 0.912486 0.756372 0.949857 0.907530 0.957267 0.962477 0.917577 0.941418 0.866425 0.764741 0.932219 0.873428 0.831838 0.966926 0.914955 0.884178 0.648412 0.526861 0.921887 0.952101 0.821967 0.723474 0.762223 0.801717 0.855823 0.864888 0.000000 0.867530 0.953579 0.804695 0.898120 0.862924 0.919832 0.887953 0.693619 0.806096 0.808138 0.866352 0.745198 0.781653 0.754636 0.949786 0.859434 0.870750 0.819819 0.731704 0.817007 0.926531 0.851180 0.769402 0.906407 0.894974 0.757846 0.858791 0.955051 0.881441 0.570301 0.561100 0.402925 0.446143 0.900426 0.817820 0.736920 0.742204 0.808564 0.905055 0.927365 0.992482 0.748755 0.855994 0.875315 0.846522 0.850997 0.854955 0.817965 0.827478 0.975928 0.785304 0.964401 0.915976 0.904421 0.815595 0.546186 0.789027 0.614350 0.694874 0.691874 0.828235 0.720437 0.807145 0.737084 0.689538 0.641306 0.732778 0.770176 0.855307 0.537706 0.680713 0.901980 0.801734 0.980166 0.998451 0.786462 0.726946 0.903137 0.809260 0.823200 0.949717
0.969422 0.924149 0.709973 0.653921 0.922857 0.909830 0.764495 0.857990 0.941069 0.952229 0.937395 0.888372 0.982125 0.931113 0.955849 0.894727 0.921445 0.995645 0.971553 0.984082 0.975027 0.759139 0.991593 0.971937 0.757139 0.691909 0.971679 0.994194 0.952224 0.988913 0.751045 0.764384 0.721607 0.711459 0.867530 0.000000 0.892797 0.663794 0.798093 0.914427 0.985005 0.899665 0.812212 0.859331 0.834018 0.893567 0.802837 0.858331 0.924536 0.988279 0.832119 0.832190 0.710190 0.758082 0.986308 0.947451 0.929475 0.926054 0.992832 0.974217 0.912820 0.980947 0.916946 0.989521 0.771915 0.775831 0.686343 0.716054 0.939185 0.984690 0.838882 0.894580 0.867074 0.781362 0.972897 0.750652 0.800272 0.699757 0.938501 0.872310 0.961233 0.875502 0.996255 0.902114 0.977871 0.894502 0.862276 0.916778 0.932595 0.889555 0.803144 0.937533 0.823258 0.849286 0.978601 0.983104 0.835091 0.840908 0.832513 0.812623 0.967525 0.746291 0.836512 0.805316 0.759590 0.810746 0.794058 0.864913 0.938975 0.989109 0.890436 0.942272 0.708137 0.836512 0.888587 0.918157
0.722313 0.744033 0.957790 0.908655 0.866607 0.907974 0.898214 0.852380 0.797948 0.914531 0.756586 0.756259 0.768648 0.840727 0.758898 0.940790 0.760249 0.728708 0.698455 0.761627 0.859557 0.762601 0.825099 0.964981 0.899988 0.939038 0.912651 0.973745 0.674957 0.772891 0.918497 0.854112 0.746316 0.764958 0.953579 0.892797 0.000000 0.755002 0.999954 0.856116 0.813676 0.867671 0.918211 0.804466 0.907296 0.814506 0.778009 0.702814 0.867452 0.794755 0.758632 0.754113 0.778680 0.879316 0.810925 0.946452 0.720076 0.775143 0.796531 0.859196 0.914799 0.833974 0.789049 0.783506 0.940452 0.939473 0.941711 0.993095 0.629793 0.631884 0.942159 0.980125 0.923140 0.854219 0.925964 0.818632 0.830243 0.906024 0.867174 0.927419 0.810201 0.743481 0.934984 0.933954 0.764047 0.977090 0.853104 0.915460 0.689089 0.759524 0.916451 0.933505 0.998328 0.952221 0.843609 0.858605 0.893853 0.856184 0.801345 0.786566 0.994251 0.993548 0.717002 0.717564 0.956173 0.773781 0.833742 0.968125 0.813033 0.758851 0.759414 0.679174 0.791980 0.773873 0.745592 0.961059
0.841246 0.989169 0.806643 0.815098 0.950220 0.985296 0.852536 0.854741 0.830762 0.903677 0.820662 0.944789 0.914975 0.976334 0.899365 0.878058 0.955200 0.979250 0.876347 0.876549 0.968068 0.777468 0.971665 0.788169 0.927779 0.849592 0.985844 0.980032 0.979999 0.991794 0.903776 0.967255 0.822351 0.883052 0.804695 0.663794 0.755002 0.000000 0.928289 0.891270 0.934781 0.655241 0.898982 0.929620 0.933613 0.952639 0.895738 0.830755 0.893331 0.920514 0.847288 0.854860 0.797254 0.824429 0.921630 0.984052 0.899837 0.983394 0.874963 0.906225 0.858318 0.857695 0.860031 0.958295 0.836473 0.857182 0.734701 0.827376 0.758231 0.940808 0.761999 0.834650 0.753092 0.786256 0.949507 0.971979 0.906445 0.780878 0.962620 0.966744 0.947870 0.949818 0.816543 0.773039 0.998476 0.973177 0.986646 0.722420 0.870276 0.858193 0.771291 0.782094 0.757966 0.684499 0.953263 0.776945 0.769063 0.801706 0.792753 0.743828 0.691058 0.865126 0.689191 0.717302 0.859092 0.901028 0.982563 0.879419 0.997237 0.888610 0.805924 0.762579 0.748915 0.625783 0.840850 0.946692
