0.000000 0.488680 0.719794 0.789216 0.895092 0.746120 0.825649 0.726471 0.844551 0.733071 0.619408 0.732555 0.907265 0.868692 0.914824 0.941848 0.611630 0.479030 0.932684 0.821219 0.992568 0.961698 0.991213 0.992760 0.876562 0.867013 0.963548 0.750699 0.738537 0.821888 0.980270 0.952642 0.846849 0.812781 0.928273 0.925811 0.949315 0.779870 0.943619 0.845235 0.772940 0.774925 0.768699 0.627318 0.696629 0.569723 0.667335 0.568873 0.573361 0.588783 0.603969 0.575358 0.677063 0.965868 0.725124 0.672574 0.441081 0.498796 0.569642 0.543048 0.766738 0.982748 0.495877 0.467857 0.914128 0.840232 0.960144 0.892076 0.614465 0.576384 0.711056 0.688067 0.951380 0.997156 0.856629 0.974984 0.934945 0.970850 0.646390 0.765075 0.405550 0.500266 0.634440 0.495994 0.668207 0.764848 0.880205 0.793018 0.762668 0.685400 0.588371 0.615112 0.629250 0.589831 0.974633 0.889900 0.921293 0.992442 0.984428 0.904045 0.873727 0.851354 0.966155 0.795360 0.981067 0.994682 0.896918 0.943554 0.947007 0.912688 0.912971 0.969841 0.958218 0.832573 0.924622 0.953955
0.488680 0.000000 0.712773 0.886819 0.827119 0.874460 0.775918 0.767971 0.687404 0.565753 0.805425 0.742521 0.945689 0.908919 0.956005 0.927393 0.626942 0.525702 0.922376 0.947159 0.911894 0.965645 0.937807 0.950868 0.934774 0.945686 0.978169 0.631191 0.860457 0.960941 0.943305 0.934691 0.815759 0.804236 0.839628 0.842063 0.882661 0.912722 0.940532 0.695385 0.687917 0.739850 0.690520 0.572896 0.704532 0.555408 0.558167 0.561615 0.654861 0.615202 0.577068 0.525410 0.694237 0.990819 0.622433 0.686582 0.421967 0.409244 0.500179 0.512424 0.880344 0.887919 0.495112 0.493879 0.950060 0.958048 0.820799 0.728262 0.672129 0.597306 0.733347 0.661283 0.967740 0.991126 0.852200 0.940000 0.945326 0.920811 0.712944 0.673672 0.459584 0.502285 0.617910 0.477206 0.662526 0.605008 0.831725 0.806119 0.945950 0.646774 0.662368 0.637336 0.776943 0.627711 0.907624 0.880392 0.958132 0.936297 0.913162 0.862149 0.972145 0.808497 0.970492 0.903991 0.946407 0.923917 0.967179 0.977817 0.966337 0.903142 0.877580 0.945015 0.967225 0.825596 0.805069 0.920453
0.719794 0.712773 0.000000 0.579214 0.877733 0.849818 0.553632 0.601637 0.670691 0.668461 0.950382 0.925805 0.694769 0.770667 0.819123 0.713583 0.743695 0.714737 0.750088 0.882398 0.865713 0.928854 0.683778 0.660393 0.727398 0.899925 0.992288 0.798819 0.934771 0.934556 0.721606 0.805714 0.793961 0.899240 0.917923 0.989623 0.994437 0.988143 0.864105 0.899596 0.830033 0.985625 0.971666 0.918246 0.979309 0.823123 0.882487 0.934569 0.763118 0.831515 0.761939 0.795201 0.966836 0.903268 0.785150 0.792889 0.697668 0.585178 0.604124 0.663537 0.877690 0.663494 0.614939 0.663924 0.629657 0.819925 0.998585 0.864586 0.745882 0.665021 0.721854 0.698932 0.850210 0.839040 0.982762 0.802460 0.899638 0.859032 0.871565 0.919668 0.671426 0.759241 0.844762 0.767137 0.968884 0.998392 0.944793 0.941699 0.832441 0.970837 0.697664 0.632491 0.792616 0.625297 0.983633 0.791693 0.862584 0.917067 0.822212 0.717210 0.948683 0.793035 0.933252 0.844138 0.971381 0.971737 0.856100 0.911656 0.974396 0.925240 0.839037 0.990374 0.950482 0.784527 0.988305 0.977111
0.789216 0.886819 0.579214 0.000000 0.905010 0.852430 0.748077 0.418930 0.884691 0.793626 0.910714 0.970266 0.957684 0.956254 0.763806 0.987148 0.804673 0.752894 0.913131 0.978662 0.974934 0.921208 0.959331 0.860283 0.709676 0.734174 0.939123 0.950687 0.760371 0.887648 0.933310 0.849321 0.965034 0.968221 0.961207 0.906111 0.993608 0.940315 0.828005 0.908759 0.965833 0.937661 0.972186 0.934432 0.769516 0.792435 0.906041 0.974483 0.712615 0.849545 0.770272 0.847632 0.914816 0.968869 0.810836 0.859623 0.786954 0.737278 0.822231 0.909234 0.856220 0.891235 0.692374 0.690171 0.960690 0.789483 0.894813 0.902691 0.859761 0.795208 0.761665 0.761410 0.963349 0.953316 0.926976 0.917019 0.892584 0.870426 0.905067 0.947969 0.740652 0.817021 0.672128 0.794581 0.742907 0.946075 0.797695 0.785580 0.995388 0.998597 0.727126 0.706266 0.735450 0.703207 0.971704 0.914537 0.785666 0.798808 0.910152 0.924814 0.906742 0.897318 0.909169 0.883230 0.952571 0.851930 0.867558 0.885539 0.838214 0.872332 0.915151 0.797558 0.993264 0.914081 0.995750 0.940632
0.895092 0.827119 0.877733 0.905010 0.000000 0.906936 0.735122 0.970651 0.722881 0.811300 0.994299 0.908546 0.662682 0.804169 0.734192 0.662025 0.952866 0.936260 0.791849 0.981737 0.778787 0.988482 0.646074 0.685007 0.961314 0.843075 0.945265 0.838649 0.922074 0.962950 0.993146 0.908630 0.885251 0.963917 0.928787 0.998796 0.839924 0.918161 0.828594 0.751747 0.925335 0.829120 0.946524 0.774887 0.955947 0.849638 0.896364 0.891601 0.884908 0.850001 0.868868 0.944434 0.980480 0.917509 0.896901 0.989032 0.777495 0.795571 0.852082 0.783740 0.719049 0.785583 0.901872 0.958820 0.644662 0.831339 0.996197 0.851653 0.798413 0.724271 0.840041 0.927475 0.984274 0.968817 0.947044 0.910383 0.882871 0.963334 0.926165 0.911577 0.794936 0.898140 0.891852 0.829393 0.702693 0.911480 0.801286 0.842975 0.941968 0.979457 0.728687 0.725406 0.887456 0.714183 0.903396 0.974676 0.871434 0.794377 0.806024 0.677716 0.929515 0.802428 0.888407 0.906580 0.907994 0.980914 0.969082 0.845746 0.959404 0.793103 0.914203 0.931535 0.953121 0.978832 0.969319 0.816307
0.746120 0.874460 0.849818 0.852430 0.906936 0.000000 0.923273 0.941995 0.927979 0.976310 0.886331 0.948990 0.928178 0.975939 0.965900 0.855894 0.948891 0.931344 0.933933 0.912801 0.856312 0.824256 0.962237 0.841379 0.610974 0.610892 0.988618 0.800747 0.841446 0.782694 0.953836 0.924602 0.892727 0.868911 0.725070 0.841343 0.988375 0.987783 0.791670 0.878115 0.867294 0.918705 0.887047 0.717709 0.810214 0.689632 0.946842 0.698964 0.615698 0.590908 0.792132 0.839787 0.778282 0.814871 0.870786 0.986954 0.701479 0.866673 0.915729 0.765403 0.892391 0.966005 0.884730 0.857951 0.682642 0.549997 0.632849 0.716297 0.657961 0.663695 0.803315 0.990721 0.927522 0.928793 0.939563 0.981803 0.913554 0.830344 0.848137 0.925740 0.756245 0.869043 0.971645 0.904415 0.923769 0.725996 0.924835 0.992515 0.979002 0.947964 0.637622 0.763351 0.601380 0.718059 0.879881 0.826609 0.901701 0.969095 0.993632 0.890936 0.866274 0.994130 0.894725 0.800252 0.834707 0.824297 0.738339 0.931426 0.950789 0.916645 0.958943 0.909482 0.821770 0.971050 0.864512 0.778645
0.825649 0.775918 0.553632 0.748077 0.735122 0.923273 0.000000 0.544295 0.622882 0.496579 0.901023 0.983629 0.531650 0.782544 0.690638 0.688154 0.942207 0.919818 0.476512 0.763318 0.691011 0.887588 0.535542 0.729754 0.991207 0.740909 0.904792 0.790363 0.771931 0.673382 0.768170 0.645340 0.739097 0.873685 0.868252 0.905315 0.773925 0.820257 0.825574 0.686834 0.857084 0.903891 0.828101 0.776002 0.890000 0.751524 0.683612 0.880464 0.760679 0.847630 0.643348 0.717225 0.942576 0.938729 0.827305 0.755090 0.722281 0.666049 0.648687 0.722396 0.737975 0.758564 0.804241 0.852222 0.707438 0.951373 0.884484 0.670515 0.723102 0.666404 0.798760 0.676656 0.741966 0.814588 0.831224 0.883825 0.939332 0.932820 0.831027 0.992012 0.830646 0.878943 0.859311 0.792337 0.853012 0.862975 0.986208 0.841884 0.802202 0.971282 0.649280 0.587975 0.786635 0.637641 0.997731 0.959408 0.983261 0.848358 0.825194 0.699390 0.978217 0.651110 0.834019 0.784100 0.957012 0.908611 0.853743 0.922589 0.926670 0.944041 0.901299 0.983379 0.987836 0.838696 0.833753 0.857904
0.726471 0.767971 0.601637 0.418930 0.970651 0.941995 0.544295 0.000000 0.801193 0.577205 0.986934 0.989787 0.953101 0.985330 0.840399 0.995434 0.853768 0.783286 0.744068 0.876467 0.792430 0.925374 0.960564 0.906123 0.877539 0.968702 0.860788 0.816393 0.931242 0.924954 0.959447 0.738517 0.994816 0.928649 0.794569 0.946802 0.841811 0.844583 0.970217 0.901103 0.872037 0.986174 0.758031 0.784995 0.623315 0.645383 0.716557 0.815705 0.628971 0.793644 0.619926 0.683594 0.843613 0.848840 0.844540 0.790647 0.716497 0.646863 0.726915 0.848275 0.941666 0.870638 0.730025 0.737429 0.982220 0.924943 0.965508 0.878623 0.797530 0.711625 0.798640 0.637289 0.849901 0.953596 0.786116 0.995948 0.951355 0.925329 0.800105 0.962838 0.762518 0.806409 0.587090 0.679776 0.754153 0.761392 0.722982 0.886562 0.992726 0.934670 0.675121 0.672480 0.728665 0.664443 0.952481 0.959124 0.808168 0.934445 0.948439 0.910168 0.848588 0.799647 0.954056 0.796263 0.892980 0.947801 0.862754 0.906566 0.917617 0.972296 0.862006 0.817896 0.878055 0.866805 0.848827 0.868207
0.844551 0.687404 0.670691 0.884691 0.722881 0.927979 0.622882 0.801193 0.000000 0.437897 0.922842 0.974495 0.592154 0.780148 0.671628 0.556763 0.892512 0.778448 0.533974 0.821103 0.853111 0.926775 0.547411 0.651891 0.906620 0.815106 0.858431 0.683294 0.807909 0.722738 0.657268 0.799349 0.965525 0.930111 0.948071 0.895697 0.906232 0.915500 0.777536 0.665531 0.774726 0.867741 0.989664 0.937417 0.902216 0.947182 0.764664 0.820690 0.961921 0.939411 0.842007 0.903396 0.823059 0.665915 0.752018 0.826284 0.709077 0.644410 0.649251 0.683541 0.937331 0.706732 0.718033 0.780856 0.717929 0.839708 0.774403 0.571423 0.778158 0.765144 0.716555 0.752644 0.839635 0.911169 0.828508 0.925886 0.858467 0.946375 0.906546 0.937657 0.800881 0.798819 0.931732 0.706955 0.921985 0.767312 0.983705 0.881991 0.891260 0.936307 0.760942 0.592269 0.991735 0.683267 0.960719 0.944532 0.898722 0.887812 0.797391 0.676791 0.894833 0.685923 0.945149 0.974839 0.844219 0.885357 0.889947 0.928400 0.964497 0.858609 0.952733 0.867944 0.896004 0.938722 0.922176 0.901343
0.733071 0.565753 0.668461 0.793626 0.811300 0.976310 0.496579 0.577205 0.437897 0.000000 0.923395 0.890554 0.713032 0.932047 0.818148 0.722322 0.896456 0.763866 0.542071 0.799489 0.751353 0.971265 0.664170 0.829360 0.855676 0.754720 0.965452 0.649388 0.822731 0.669072 0.756827 0.737292 0.953775 0.974099 0.746910 0.798547 0.808997 0.882911 0.781066 0.612730 0.782621 0.795221 0.746570 0.756559 0.812693 0.719939 0.538033 0.706523 0.856350 0.871974 0.603266 0.654951 0.974655 0.908140 0.756898 0.714047 0.597474 0.539170 0.560997 0.643211 0.990341 0.832299 0.659045 0.717472 0.894724 0.783992 0.693174 0.522582 0.751583 0.684939 0.693911 0.633167 0.719897 0.888868 0.963416 0.977383 0.833162 0.982118 0.837353 0.872444 0.730526 0.736209 0.758837 0.608891 0.877589 0.574317 0.900122 0.935727 0.904606 0.904374 0.700551 0.525717 0.896610 0.576858 0.939370 0.939968 0.947196 0.903097 0.901735 0.786831 0.956568 0.692001 0.938776 0.858557 0.820154 0.831371 0.954912 0.917556 0.987783 0.915211 0.899385 0.986259 0.947705 0.926828 0.734719 0.982111
0.619408 0.805425 0.950382 0.910714 0.994299 0.886331 0.901023 0.986934 0.922842 0.923395 0.000000 0.727701 0.719047 0.795479 0.824718 0.871004 0.670493 0.570379 0.767924 0.736021 0.965209 0.967477 0.897901 0.899309 0.867959 0.795219 0.992753 0.967003 0.637485 0.619504 0.846160 0.852309 0.701942 0.791882 0.894068 0.970940 0.958940 0.843423 0.916344 0.950313 0.970603 0.849915 0.960344 0.832433 0.937228 0.887646 0.962399 0.844985 0.833379 0.839015 0.890684 0.879817 0.839555 0.946051 0.910040 0.758473 0.729324 0.765762 0.839587 0.784347 0.711497 0.778904 0.702093 0.584570 0.992633 0.865415 0.995242 0.949309 0.762590 0.783982 0.908472 0.896114 0.937123 0.974021 0.972600 0.977995 0.968077 0.948195 0.787058 0.812494 0.667221 0.575433 0.819596 0.687857 0.797675 0.946397 0.933914 0.727957 0.750095 0.747628 0.726817 0.754178 0.752820 0.754277 0.997347 0.956079 0.928669 0.971793 0.996189 0.933318 0.987439 0.975892 0.943688 0.934400 0.921510 0.968493 0.979338 0.863889 0.843728 0.917765 0.896671 0.911015 0.986967 0.867780 0.970610 0.879894
0.732555 0.742521 0.925805 0.970266 0.908546 0.948990 0.983629 0.989787 0.974495 0.890554 0.727701 0.000000 0.781639 0.635262 0.885479 0.822328 0.786474 0.768347 0.936955 0.842033 0.842304 0.938608 0.894285 0.796163 0.888970 0.976003 0.970043 0.995230 0.777155 0.974810 0.946745 0.992248 0.657695 0.790254 0.783716 0.850173 0.912396 0.895097 0.993578 0.881348 0.960557 0.894286 0.909560 0.817820 0.841923 0.855390 0.798395 0.893017 0.904062 0.806656 0.759700 0.744383 0.824417 0.924651 0.832013 0.673226 0.769977 0.869457 0.771424 0.855569 0.693123 0.635735 0.771733 0.712163 0.895942 0.834628 0.758227 0.838215 0.894854 0.884907 0.932328 0.929028 0.988161 0.875932 0.831430 0.810586 0.931078 0.984510 0.896989 0.849257 0.829750 0.711098 0.801298 0.738045 0.758611 0.757825 0.994080 0.802532 0.866009 0.686540 0.902469 0.817334 0.929211 0.830929 0.996996 0.983819 0.855069 0.945958 0.959237 0.923039 0.893440 0.980442 0.877144 0.981826 0.990822 0.909370 0.902984 0.934819 0.961594 0.997829 0.840315 0.977634 0.799918 0.941771 0.918274 0.975151
0.907265 0.945689 0.694769 0.957684 0.662682 0.928178 0.531650 0.953101 0.592154 0.713032 0.719047 0.781639 0.000000 0.557289 0.416315 0.428196 0.964660 0.885208 0.476066 0.680856 0.826732 0.966922 0.402898 0.553991 0.924857 0.772512 0.969441 0.902857 0.662968 0.636324 0.699515 0.718156 0.580911 0.778919 0.918831 0.988044 0.863597 0.993070 0.825666 0.838094 0.914674 0.998794 0.889349 0.926137 0.712981 0.909730 0.986029 0.994474 0.917355 0.936062 0.991265 0.931157 0.772350 0.840908 0.849965 0.995763 0.942978 0.862409 0.823491 0.766695 0.533443 0.649338 0.952226 0.947585 0.511381 0.993927 0.967501 0.782503 0.849870 0.836812 0.839580 0.937056 0.827232 0.788165 0.939250 0.833587 0.872404 0.847081 0.953382 0.999402 0.953068 0.969824 0.838175 0.959908 0.612151 0.900689 0.849778 0.718244 0.732303 0.864369 0.826289 0.768631 0.950807 0.839322 0.937367 0.962284 0.909278 0.835486 0.718447 0.604103 0.985985 0.682150 0.891608 0.993657 0.909819 0.973487 0.939784 0.981305 0.959339 0.919449 0.982370 0.852625 0.907867 0.954254 0.925300 0.994520
0.868692 0.908919 0.770667 0.956254 0.804169 0.975939 0.782544 0.985330 0.780148 0.932047 0.795479 0.635262 0.557289 0.000000 0.582391 0.550119 0.905712 0.998617 0.704544 0.729665 0.838224 0.832630 0.530479 0.520930 0.842106 0.948796 0.897166 0.990732 0.740598 0.839948 0.792295 0.792615 0.603926 0.790050 0.740593 0.822145 0.878609 0.933200 0.909814 0.909250 0.915875 0.937667 0.795895 0.821553 0.696990 0.783111 0.975168 0.815891 0.822065 0.745389 0.870312 0.710776 0.720858 0.702473 0.998014 0.941520 0.935923 0.979019 0.928103 0.968760 0.727777 0.631389 0.959782 0.973704 0.583039 0.888957 0.887946 0.992980 0.934732 0.966307 0.996108 0.919533 0.969519 0.831414 0.806227 0.720312 0.862480 0.857713 0.881129 0.949799 0.955507 0.947379 0.736245 0.839474 0.647826 0.752995 0.917550 0.761798 0.793551 0.677683 0.958685 0.951159 0.994543 0.983918 0.940508 0.952020 0.994651 0.822075 0.892120 0.694393 0.992877 0.892378 0.915395 0.980775 0.838519 0.900661 0.910371 0.960518 0.978181 0.934990 0.894671 0.937120 0.989236 0.947744 0.864125 0.904781
0.914824 0.956005 0.819123 0.763806 0.734192 0.965900 0.690638 0.840399 0.671628 0.818148 0.824718 0.885479 0.416315 0.582391 0.000000 0.438920 0.976650 0.859162 0.617779 0.786875 0.869386 0.952882 0.378423 0.623613 0.961065 0.792984 0.807847 0.986094 0.569497 0.658079 0.718134 0.791387 0.612556 0.851102 0.899171 0.950840 0.913782 0.940328 0.795959 0.823825 0.945503 0.964842 0.838023 0.880344 0.664418 0.817235 0.981158 0.944591 0.793888 0.823066 0.985292 0.868215 0.759467 0.776388 0.981081 0.924173 0.983728 0.992279 0.872332 0.832441 0.699211 0.816761 0.988183 0.920054 0.485979 0.858181 0.870211 0.692349 0.839575 0.907632 0.995482 0.938557 0.801644 0.838294 0.840787 0.872313 0.899357 0.884319 0.906725 0.939165 0.967259 0.947494 0.688906 0.892411 0.533236 0.836262 0.746397 0.669427 0.800693 0.821591 0.978962 0.827424 0.910440 0.907219 0.944351 0.968126 0.788255 0.696709 0.823252 0.660745 0.857279 0.865081 0.826005 0.953733 0.906687 0.912700 0.969386 0.979117 0.970924 0.930324 0.989902 0.792774 0.900531 0.993531 0.903925 0.991147
0.941848 0.927393 0.713583 0.987148 0.662025 0.855894 0.688154 0.995434 0.556763 0.722322 0.871004 0.822328 0.428196 0.550119 0.438920 0.000000 0.955415 0.992407 0.635298 0.758435 0.910549 0.966102 0.421312 0.492589 0.813280 0.925160 0.811760 0.963590 0.681116 0.742917 0.675929 0.808415 0.674665 0.904770 0.885529 0.999696 0.952216 0.985260 0.848247 0.856176 0.936819 0.995793 0.837176 0.916673 0.743011 0.911975 0.993323 0.938452 0.914330 0.948656 0.957988 0.950170 0.753397 0.729815 0.839343 0.971941 0.887967 0.836952 0.757618 0.682888 0.778777 0.736966 0.850106 0.925417 0.454198 0.998503 0.912011 0.744922 0.725832 0.791473 0.822655 0.914211 0.850322 0.823811 0.821930 0.799742 0.859087 0.877361 0.927664 0.947501 0.853381 0.968229 0.762742 0.993118 0.650450 0.870154 0.908575 0.728261 0.879919 0.787800 0.802340 0.675634 0.948977 0.712579 0.876713 0.923690 0.863461 0.721342 0.780143 0.621897 0.958752 0.776478 0.870044 0.941438 0.936705 0.954878 0.902133 0.988391 0.991529 0.924725 0.942893 0.814086 0.848780 0.953393 0.852852 0.887691
0.611630 0.626942 0.743695 0.804673 0.952866 0.948891 0.942207 0.853768 0.892512 0.896456 0.670493 0.786474 0.964660 0.905712 0.976650 0.955415 0.000000 0.459756 0.967672 0.914886 0.992929 0.886481 0.916321 0.834363 0.812840 0.817944 0.977462 0.830771 0.786972 0.698192 0.972484 0.975609 0.903425 0.806978 0.972181 0.978828 0.919745 0.891797 0.925803 0.936180 0.846544 0.963293 0.925513 0.810900 0.988606 0.859407 0.861926 0.916334 0.898400 0.889308 0.882154 0.919310 0.992923 0.797753 0.795493 0.760380 0.607230 0.569683 0.736956 0.813986 0.789543 0.950547 0.470278 0.486798 0.841366 0.864498 0.947752 0.944422 0.712768 0.702236 0.800645 0.855754 0.915438 0.981038 0.898904 0.926449 0.938711 0.889900 0.741630 0.712341 0.500021 0.520533 0.775560 0.655966 0.808227 0.882586 0.887913 0.712239 0.817775 0.831082 0.714056 0.725066 0.682746 0.678909 0.923568 0.861294 0.921412 0.990553 0.901350 0.787775 0.865590 0.881287 0.940434 0.892001 0.879903 0.987213 0.970895 0.877515 0.953758 0.978874 0.994269 0.938524 0.981265 0.927991 0.939926 0.956185
0.479030 0.525702 0.714737 0.752894 0.936260 0.931344 0.919818 0.783286 0.778448 0.763866 0.570379 0.768347 0.885208 0.998617 0.859162 0.992407 0.459756 0.000000 0.961052 0.866211 0.950911 0.956715 0.986488 0.923584 0.926917 0.785290 0.995911 0.715214 0.729227 0.714550 0.972701 0.981109 0.776752 0.840186 0.961922 0.973487 0.876751 0.886781 0.950263 0.846038 0.799466 0.845422 0.985580 0.749604 0.903086 0.779709 0.748324 0.728700 0.787824 0.815159 0.794735 0.800729 0.900350 0.802274 0.674540 0.746985 0.459269 0.453174 0.652457 0.657802 0.714123 0.940178 0.414799 0.382401 0.933907 0.839484 0.999911 0.914820 0.651779 0.674821 0.695657 0.729905 0.996605 0.997624 0.938976 0.962226 0.933014 0.939877 0.668661 0.683382 0.435098 0.383247 0.627514 0.487410 0.649825 0.726180 0.774724 0.662321 0.791006 0.781932 0.616052 0.646306 0.669494 0.657108 0.953165 0.829435 0.896724 0.951122 0.907155 0.828845 0.899934 0.857295 0.890045 0.948091 0.985833 0.980198 0.896100 0.904050 0.869634 0.984004 0.917680 0.988151 0.977868 0.819718 0.956848 0.980973
0.932684 0.922376 0.750088 0.913131 0.791849 0.933933 0.476512 0.744068 0.533974 0.542071 0.767924 0.936955 0.476066 0.704544 0.617779 0.635298 0.967672 0.961052 0.000000 0.629079 0.761332 0.908721 0.506661 0.722106 0.832975 0.671325 0.992963 0.794376 0.688287 0.580641 0.727958 0.677531 0.793404 0.749079 0.870604 0.991358 0.742196 0.897624 0.683038 0.713303 0.899650 0.988501 0.975400 0.978630 0.914736 0.996337 0.785422 0.988888 0.947475 0.872128 0.855622 0.985561 0.810061 0.887199 0.839591 0.878341 0.899700 0.814077 0.815975 0.882522 0.702417 0.787690 0.970901 0.997972 0.754618 0.811333 0.872661 0.663471 0.943699 0.835563 0.814557 0.884479 0.795639 0.855425 0.881499 0.948200 0.846916 0.954568 0.969483 0.991106 0.996096 0.984874 0.962845 0.913202 0.767239 0.888438 0.983661 0.689046 0.763229 0.913142 0.774240 0.671720 0.906995 0.764787 0.992214 0.927131 0.977530 0.843301 0.846085 0.711451 0.983313 0.702239 0.895412 0.930023 0.905701 0.903087 0.863552 0.814639 0.954531 0.948959 0.997073 0.863124 0.905530 0.907867 0.932075 0.925607
0.821219 0.947159 0.882398 0.978662 0.981737 0.912801 0.763318 0.876467 0.821103 0.799489 0.736021 0.842033 0.680856 0.729665 0.786875 0.758435 0.914886 0.866211 0.629079 0.000000 0.800119 0.885471 0.748626 0.834394 0.934573 0.885310 0.945913 0.900513 0.738882 0.614045 0.878389 0.722605 0.826437 0.812923 0.927907 0.947116 0.864708 0.910814 0.792979 0.944675 0.959991 0.960302 0.947789 0.825761 0.900841 0.861767 0.924829 0.941353 0.875641 0.840952 0.976391 0.951595 0.890004 0.917635 0.967343 0.789214 0.910817 0.966632 0.988158 0.944674 0.849885 0.912689 0.995180 0.971352 0.924114 0.843224 0.913898 0.803485 0.998555 0.998513 0.890885 0.900234 0.905633 0.806152 0.933613 0.954868 0.877926 0.970403 0.842369 0.973542 0.918257 0.917697 0.917339 0.866494 0.914399 0.934377 0.947065 0.764734 0.816231 0.796807 0.982811 0.930605 0.996371 0.964760 0.976162 0.923620 0.966834 0.961158 0.809340 0.827717 0.990993 0.793422 0.931093 0.859525 0.992797 0.984721 0.877939 0.835700 0.978393 0.934287 0.969184 0.995134 0.978588 0.921021 0.997056 0.904948
0.992568 0.911894 0.865713 0.974934 0.778787 0.856312 0.691011 0.792430 0.853111 0.751353 0.965209 0.842304 0.826732 0.838224 0.869386 0.910549 0.992929 0.950911 0.761332 0.800119 0.000000 0.911491 0.758478 0.960039 0.841561 0.774118 0.901356 0.867883 0.880570 0.803298 0.983412 0.720513 0.913553 0.998122 0.923064 0.988776 0.795632 0.784305 0.790681 0.709496 0.881207 0.853014 0.825952 0.902259 0.908719 0.873051 0.854604 0.964073 0.944544 0.963458 0.861141 0.935050 0.981597 0.958268 0.978000 0.962238 0.921661 0.864983 0.932489 0.989930 0.788139 0.767435 0.992798 0.952502 0.943175 0.958625 0.868543 0.797140 0.913090 0.827299 0.993002 0.936822 0.752169 0.844917 0.939014 0.992494 0.993420 0.974304 0.895140 0.943641 0.960464 0.954137 0.976455 0.918716 0.883750 0.903409 0.999097 0.866679 0.993217 0.958698 0.934043 0.869576 0.947347 0.880903 0.970974 0.865651 0.968659 0.924294 0.926260 0.945763 0.899965 0.772396 0.994572 0.776295 0.915351 0.996895 0.918171 0.941984 0.938852 0.862722 0.979329 0.979544 0.964127 0.986664 0.793545 0.856013
0.961698 0.965645 0.928854 0.921208 0.988482 0.824256 0.887588 0.925374 0.926775 0.971265 0.967477 0.938608 0.966922 0.832630 0.952882 0.966102 0.886481 0.956715 0.908721 0.885471 0.911491 0.000000 0.962587 0.924395 0.909216 0.953727 0.953232 0.964867 0.977027 0.965018 0.949542 0.864291 0.933421 0.970824 0.924180 0.927789 0.829610 0.944561 0.972537 0.996468 0.972479 0.973022 0.940847 0.903702 0.872083 0.910272 0.888082 0.977064 0.881883 0.935225 0.859053 0.922932 0.782589 0.936715 0.903800 0.923227 0.909287 0.922137 0.972554 0.971093 0.901127 0.863343 0.938318 0.856535 0.933966 0.997778 0.931445 0.984093 0.848581 0.914147 0.905324 0.985856 0.950337 0.973868 0.968516 0.917242 0.901572 0.995566 0.903977 0.886222 0.855261 0.823243 0.900085 0.967311 0.979266 0.950846 0.929214 0.989425 0.966768 0.992615 0.878579 0.893543 0.846716 0.857764 0.898879 0.815037 0.940291 0.962491 0.926135 0.883977 0.966585 0.911539 0.949560 0.894941 0.869592 0.838983 0.995901 0.964440 0.885910 0.955245 0.967620 0.905334 0.944217 0.913617 0.936299 0.984206
0.991213 0.937807 0.683778 0.959331 0.646074 0.962237 0.535542 0.960564 0.547411 0.664170 0.897901 0.894285 0.402898 0.530479 0.378423 0.421312 0.916321 0.986488 0.506661 0.748626 0.758478 0.962587 0.000000 0.493247 0.934653 0.756371 0.797878 0.928963 0.669642 0.690077 0.707136 0.745034 0.636378 0.908319 0.886967 0.999417 0.881503 0.941029 0.781820 0.700078 0.941167 0.945087 0.885201 0.959082 0.723463 0.910713 0.917692 0.950319 0.863650 0.840351 0.946533 0.884965 0.726423 0.710371 0.869797 0.882442 0.909263 0.890083 0.843209 0.842719 0.688455 0.724200 0.900328 0.981135 0.436657 0.924968 0.865818 0.669286 0.800944 0.843271 0.933457 0.985874 0.728973 0.801755 0.857994 0.857016 0.849908 0.849904 0.975109 0.978883 0.932052 0.980855 0.728865 0.994369 0.523704 0.854809 0.843257 0.671669 0.811278 0.789830 0.821389 0.673091 0.992351 0.777164 0.957898 0.947003 0.890902 0.729768 0.801697 0.576525 0.943537 0.729542 0.820037 0.909105 0.897830 0.936878 0.983511 0.923412 0.984751 0.954915 0.971577 0.833576 0.858342 0.964007 0.918064 0.986737
0.992760 0.950868 0.660393 0.860283 0.685007 0.841379 0.729754 0.906123 0.651891 0.829360 0.899309 0.796163 0.553991 0.520930 0.623613 0.492589 0.834363 0.923584 0.722106 0.834394 0.960039 0.924395 0.493247 0.000000 0.683135 0.994607 0.804508 0.946426 0.904561 0.934731 0.804020 0.903748 0.740589 0.903102 0.794116 0.924262 0.875373 0.842568 0.997733 0.943709 0.937834 0.963579 0.891128 0.999690 0.829713 0.996992 0.974068 0.954948 0.969936 0.958820 0.989325 0.857991 0.821725 0.769843 0.872300 0.997274 0.900898 0.906754 0.919356 0.906502 0.764768 0.651709 0.888952 0.939844 0.468289 0.799880 0.922369 0.934090 0.772546 0.845930 0.872470 0.965775 0.945101 0.926678 0.816616 0.847785 0.957857 0.760844 0.928966 0.886875 0.840034 0.973873 0.825904 0.983533 0.632480 0.704357 0.873389 0.788123 0.796308 0.752774 0.822755 0.802313 0.958609 0.809547 0.906230 0.846327 0.985513 0.914074 0.910460 0.646592 0.978307 0.872156 0.794837 0.882135 0.837050 0.811314 0.967706 0.961777 0.887969 0.985144 0.932592 0.920202 0.883489 0.942599 0.799065 0.896027
0.876562 0.934774 0.727398 0.709676 0.961314 0.610974 0.991207 0.877539 0.906620 0.855676 0.867959 0.888970 0.924857 0.842106 0.961065 0.813280 0.812840 0.926917 0.832975 0.934573 0.841561 0.909216 0.934653 0.683135 0.000000 0.590380 0.851277 0.841858 0.873808 0.719438 0.911264 0.831886 0.791796 0.898349 0.692224 0.820841 0.928550 0.846698 0.653625 0.687035 0.913489 0.857469 0.881324 0.974995 0.995936 0.942050 0.805507 0.958511 0.786204 0.798330 0.974583 0.947820 0.973572 0.942850 0.982228 0.968136 0.921645 0.937336 0.960516 0.878851 0.975790 0.885885 0.854353 0.871388 0.616365 0.558405 0.691457 0.676751 0.827501 0.821252 0.928132 0.977431 0.885270 0.946821 0.983717 0.971562 0.972738 0.691410 0.940892 0.945383 0.827757 0.892080 0.990435 0.927775 0.913754 0.620854 0.850245 0.879996 0.956333 0.896213 0.825123 0.906423 0.750873 0.827610 0.953567 0.799112 0.831171 0.959610 0.991637 0.851522 0.770517 0.999102 0.911716 0.827694 0.718633 0.763009 0.936340 0.914805 0.923998 0.881935 0.976598 0.948203 0.951780 0.903794 0.765870 0.913693
0.867013 0.945686 0.899925 0.734174 0.843075 0.610892 0.740909 0.968702 0.815106 0.754720 0.795219 0.976003 0.772512 0.948796 0.792984 0.925160 0.817944 0.785290 0.671325 0.885310 0.774118 0.953727 0.756371 0.994607 0.590380 0.000000 0.992632 0.727964 0.768094 0.564864 0.949399 0.885992 0.961982 0.914093 0.683725 0.849088 0.844083 0.945161 0.675776 0.627561 0.966153 0.932117 0.804085 0.955083 0.985247 0.997878 0.816785 0.926095 0.879563 0.870751 0.924724 0.907227 0.944120 0.967595 0.976144 0.870958 0.869070 0.947268 0.961477 0.942421 0.813370 0.974049 0.772107 0.776909 0.896327 0.575443 0.609716 0.578277 0.876471 0.870958 0.887694 0.972152 0.830885 0.980587 0.913390 0.985210 0.869843 0.776035 0.947046 0.953974 0.827927 0.830185 0.960179 0.959002 0.838888 0.750280 0.924368 0.704408 0.839356 0.904908 0.872312 0.950369 0.734847 0.878168 0.840152 0.851581 0.803442 0.759192 0.998400 0.986504 0.896089 0.911950 0.835101 0.989251 0.859834 0.781915 0.916598 0.983864 0.955104 0.888377 0.970640 0.982498 0.944278 0.982762 0.841210 0.844095
0.963548 0.978169 0.992288 0.939123 0.945265 0.988618 0.904792 0.860788 0.858431 0.965452 0.992753 0.970043 0.969441 0.897166 0.807847 0.811760 0.977462 0.995911 0.992963 0.945913 0.901356 0.953232 0.797878 0.804508 0.851277 0.992632 0.000000 0.937678 0.874285 0.997067 0.893014 0.881410 0.957189 0.959680 0.940723 0.824009 0.932459 0.844440 0.962154 0.997894 0.944476 0.928172 0.974703 0.957955 0.905033 0.923901 0.961053 0.933316 0.932277 0.945995 0.992745 0.910318 0.840229 0.839785 0.963643 0.949769 0.993449 0.984112 0.994481 0.978004 0.957430 0.956405 0.968342 0.959976 0.764148 0.991643 0.876765 0.911171 0.998743 0.956565 0.910293 0.882583 0.996509 0.903863 0.873727 0.952540 0.911883 0.995728 0.991252 0.969034 0.971818 0.995858 0.812635 0.963449 0.848665 0.852189 0.874723 0.957564 0.929541 0.906995 0.973698 0.943948 0.919193 0.958693 0.995422 0.906844 0.951207 0.984637 0.988982 0.855649 0.942859 0.963241 0.825488 0.915516 0.992406 0.901625 0.864606 0.994129 0.979045 0.975601 0.939745 0.848701 0.964775 0.885992 0.747460 0.877925
0.750699 0.631191 0.798819 0.950687 0.838649 0.800747 0.790363 0.816393 0.683294 0.649388 0.967003 0.995230 0.902857 0.990732 0.986094 0.963590 0.830771 0.715214 0.794376 0.900513 0.867883 0.964867 0.928963 0.946426 0.841858 0.727964 0.937678 0.000000 0.996780 0.854534 0.963406 0.956249 0.785749 0.943188 0.744261 0.855766 0.882183 0.942940 0.841557 0.740795 0.832934 0.880800 0.785325 0.797253 0.831240 0.818898 0.771611 0.812989 0.846252 0.888086 0.748795 0.720623 0.857486 0.943905 0.747560 0.829175 0.714602 0.609960 0.704706 0.775292 0.932786 0.883410 0.759623 0.710286 0.902743 0.867139 0.759074 0.689329 0.919273 0.873924 0.757477 0.675314 0.865939 0.983184 0.868679 0.962588 0.982213 0.909574 0.783168 0.842221 0.725945 0.762977 0.741088 0.707236 0.771847 0.650675 0.940652 0.971633 0.878270 0.773904 0.834413 0.774007 0.940315 0.873671 0.995996 0.980540 0.986534 0.969715 0.937646 0.871977 0.994469 0.877078 0.929848 0.957433 0.761058 0.880135 0.872660 0.975419 0.966444 0.911839 0.954567 0.942116 0.885084 0.880023 0.881213 0.964641
0.738537 0.860457 0.934771 0.760371 0.922074 0.841446 0.771931 0.931242 0.807909 0.822731 0.637485 0.777155 0.662968 0.740598 0.569497 0.681116 0.786972 0.729227 0.688287 0.738882 0.880570 0.977027 0.669642 0.904561 0.873808 0.768094 0.874285 0.996780 0.000000 0.545159 0.740055 0.800091 0.682059 0.827091 0.913521 0.911009 0.951606 0.999403 0.799093 0.798869 0.919007 0.831871 0.979976 0.881245 0.865758 0.832070 0.889606 0.917745 0.772975 0.791887 0.973464 0.978681 0.819450 0.973978 0.849991 0.952462 0.831350 0.935121 0.907017 0.954089 0.820500 0.929449 0.833352 0.773519 0.847597 0.687951 0.776430 0.682305 0.987325 0.981021 0.848932 0.978614 0.833715 0.895323 0.955958 0.868051 0.950223 0.877572 0.879355 0.890930 0.723400 0.782985 0.721656 0.821189 0.727987 0.966871 0.988206 0.724025 0.830720 0.740858 0.835867 0.963290 0.816290 0.978379 0.992128 0.882541 0.841816 0.651059 0.884965 0.988732 0.871040 0.986596 0.862752 0.944515 0.820184 0.726188 0.985884 0.953708 0.734192 0.840208 0.895185 0.911420 0.989032 0.909683 0.946402 0.906672
0.821888 0.960941 0.934556 0.887648 0.962950 0.782694 0.673382 0.924954 0.722738 0.669072 0.619504 0.974810 0.636324 0.839948 0.658079 0.742917 0.698192 0.714550 0.580641 0.614045 0.803298 0.965018 0.690077 0.934731 0.719438 0.564864 0.997067 0.854534 0.545159 0.000000 0.713644 0.655201 0.839448 0.875656 0.725923 0.931329 0.874339 0.975797 0.723519 0.708606 0.914143 0.902054 0.950417 0.850449 0.907912 0.886528 0.853189 0.958320 0.849723 0.811544 0.927234 0.951359 0.901077 0.964163 0.984264 0.981397 0.882269 0.968866 0.897539 0.984707 0.830285 0.998942 0.860720 0.819533 0.987933 0.587847 0.687311 0.607118 0.912086 0.899142 0.959824 0.906525 0.745895 0.768347 0.963664 0.860909 0.905232 0.968595 0.801394 0.840795 0.788535 0.804492 0.856524 0.923923 0.855405 0.806769 0.994047 0.654866 0.749539 0.893030 0.921228 0.964620 0.783339 0.994664 0.981948 0.926957 0.859294 0.833836 0.834225 0.903342 0.830696 0.810843 0.959082 0.913206 0.853918 0.806295 0.980281 0.984811 0.858378 0.980021 0.958918 0.923408 0.968115 0.993379 0.895737 0.944892
0.980270 0.943305 0.721606 0.933310 0.993146 0.953836 0.768170 0.959447 0.657268 0.756827 0.846160 0.946745 0.699515 0.792295 0.718134 0.675929 0.972484 0.972701 0.727958 0.878389 0.983412 0.949542 0.707136 0.804020 0.911264 0.949399 0.893014 0.963406 0.740055 0.713644 0.000000 0.837499 0.704026 0.750154 0.996725 0.916157 0.891476 0.941083 0.966975 0.989804 0.983101 0.908915 0.865667 0.878752 0.780014 0.853782 0.919961 0.996742 0.880931 0.847683 0.931810 0.938705 0.792671 0.806522 0.927431 0.904892 0.913114 0.874903 0.785769 0.825122 0.990518 0.895610 0.871455 0.910538 0.808460 0.824098 0.986786 0.832541 0.898495 0.911669 0.833661 0.952444 0.897397 0.917776 0.833910 0.947770 0.706153 0.935938 0.894462 0.878372 0.987317 0.938694 0.952243 0.952595 0.927329 0.945640 0.978479 0.947702 0.851201 0.835721 0.939800 0.827882 0.996457 0.784429 0.973103 0.905324 0.961465 0.967733 0.823269 0.751319 0.999510 0.840604 0.935400 0.950249 0.981450 0.980149 0.888961 0.944603 0.865647 0.942267 0.967102 0.980367 0.952907 0.952053 0.892969 0.939620
0.952642 0.934691 0.805714 0.849321 0.908630 0.924602 0.645340 0.738517 0.799349 0.737292 0.852309 0.992248 0.718156 0.792615 0.791387 0.808415 0.975609 0.981109 0.677531 0.722605 0.720513 0.864291 0.745034 0.903748 0.831886 0.885992 0.881410 0.956249 0.800091 0.655201 0.837499 0.000000 0.791933 0.936012 0.948025 0.939116 0.823790 0.876627 0.936112 0.790629 0.978709 0.946550 0.938925 0.936797 0.949333 0.971101 0.890414 0.977866 0.968661 0.838123 0.917153 0.997562 0.902165 0.928124 0.912466 0.998947 0.911203 0.824689 0.881861 0.978804 0.918747 0.967577 0.898913 0.906373 0.922246 0.844734 0.900879 0.778015 0.822382 0.929221 0.938798 0.861777 0.800485 0.786004 0.915973 0.845229 0.916888 0.904467 0.956555 0.919661 0.951986 0.903064 0.935609 0.856562 0.965225 0.834668 0.816556 0.910664 0.909372 0.963152 0.888318 0.831125 0.948501 0.864641 0.953404 0.929611 0.932168 0.981657 0.822285 0.746609 0.857551 0.828609 0.837944 0.933286 0.967357 0.963577 0.916503 0.944963 0.992316 0.972892 0.849313 0.979475 0.913181 0.903946 0.989874 0.891370
0.846849 0.815759 0.793961 0.965034 0.885251 0.892727 0.739097 0.994816 0.965525 0.953775 0.701942 0.657695 0.580911 0.603926 0.612556 0.674665 0.903425 0.776752 0.793404 0.826437 0.913553 0.933421 0.636378 0.740589 0.791796 0.961982 0.957189 0.785749 0.682059 0.839448 0.704026 0.791933 0.000000 0.705017 0.771817 0.831931 0.975875 0.866432 0.968304 0.901083 0.942659 0.916513 0.821477 0.826499 0.740874 0.827514 0.896751 0.866989 0.907885 0.857871 0.837953 0.789605 0.805139 0.951922 0.932280 0.857592 0.857389 0.907966 0.928615 0.962710 0.617406 0.709152 0.874934 0.793466 0.609208 0.887780 0.822712 0.941262 0.957068 0.990547 0.879086 0.901771 0.962583 0.922856 0.996432 0.839092 0.983697 0.880066 0.902187 0.811366 0.863446 0.818551 0.790751 0.769107 0.608069 0.728653 0.895147 0.749277 0.862905 0.705308 0.968823 0.933571 0.977424 0.946152 0.954503 0.999487 0.872457 0.892956 0.871479 0.751147 0.818433 0.926374 0.985292 0.916722 0.833311 0.844459 0.962216 0.908166 0.990847 0.999617 0.923767 0.984988 0.936975 0.992968 0.850461 0.945556
0.812781 0.804236 0.899240 0.968221 0.963917 0.868911 0.873685 0.928649 0.930111 0.974099 0.791882 0.790254 0.778919 0.790050 0.851102 0.904770 0.806978 0.840186 0.749079 0.812923 0.998122 0.970824 0.908319 0.903102 0.898349 0.914093 0.959680 0.943188 0.827091 0.875656 0.750154 0.936012 0.705017 0.000000 0.824267 0.822044 0.929188 0.931922 0.978899 0.898849 0.932982 0.867523 0.838261 0.824118 0.849575 0.845280 0.866692 0.894614 0.950528 0.921173 0.860498 0.839252 0.834427 0.988636 0.846707 0.887487 0.910505 0.951854 0.909695 0.909160 0.711136 0.758180 0.887017 0.857268 0.880692 0.859333 0.776582 0.821551 0.997788 0.922957 0.909347 0.970018 0.913650 0.946541 0.835141 0.919683 0.828719 0.806372 0.946093 0.702910 0.849659 0.870034 0.983023 0.910155 0.860097 0.855444 0.981637 0.944450 0.815146 0.815047 0.932091 0.973232 0.888090 0.977419 0.963367 0.924406 0.929577 0.999863 0.850448 0.914174 0.855230 0.905517 0.910699 0.950152 0.950132 0.834146 0.950662 0.942794 0.891344 0.996105 0.851742 0.834517 0.995141 0.867652 0.942646 0.961307
0.928273 0.839628 0.917923 0.961207 0.928787 0.725070 0.868252 0.794569 0.948071 0.746910 0.894068 0.783716 0.918831 0.740593 0.899171 0.885529 0.972181 0.961922 0.870604 0.927907 0.923064 0.924180 0.886967 0.794116 0.692224 0.683725 0.940723 0.744261 0.913521 0.725923 0.996725 0.948025 0.771817 0.824267 0.000000 0.747256 0.779719 0.883758 0.673335 0.896561 0.935191 0.975731 0.658345 0.812332 0.671697 0.767974 0.702145 0.845021 0.868432 0.852978 0.703344 0.635563 0.817669 0.779901 0.869320 0.791003 0.972050 0.888213 0.807784 0.909384 0.838243 0.864639 0.948239 0.951744 0.695641 0.647257 0.588875 0.628103 0.949191 0.955936 0.947881 0.837863 0.906835 0.949529 0.812386 0.828761 0.885183 0.681514 0.945103 0.849092 0.973540 0.969141 0.840420 0.968761 0.758274 0.606058 0.923136 0.987580 0.976341 0.808249 0.956773 0.905746 0.888934 0.931462 0.888494 0.977667 0.974052 0.916070 0.862753 0.822678 0.986944 0.948724 0.891863 0.917113 0.811150 0.805068 0.925260 0.988014 0.839229 0.924558 0.983712 0.921406 0.868872 0.875315 0.763293 0.864853
0.925811 0.842063 0.989623 0.906111 0.998796 0.841343 0.905315 0.946802 0.895697 0.798547 0.970940 0.850173 0.988044 0.822145 0.950840 0.999696 0.978828 0.973487 0.991358 0.947116 0.988776 0.927789 0.999417 0.924262 0.820841 0.849088 0.824009 0.855766 0.911009 0.931329 0.916157 0.939116 0.831931 0.822044 0.747256 0.000000 0.900031 0.956900 0.875678 0.844351 0.862120 0.848720 0.884531 0.926581 0.880597 0.949251 0.849824 0.902806 0.981261 0.942671 0.857934 0.792852 0.878248 0.980357 0.948206 0.858731 0.960021 0.958697 0.787409 0.849704 0.884587 0.943845 0.948446 0.985679 0.899371 0.750677 0.684838 0.663523 0.954714 0.984438 0.946327 0.794131 0.911398 0.968046 0.833127 0.940144 0.886991 0.962869 0.935427 0.869818 0.955593 0.997068 0.814240 0.924175 0.904844 0.753059 0.980974 0.980673 0.962305 0.969399 0.887107 0.983397 0.796193 0.999247 0.986139 0.871553 0.766925 0.871469 0.893833 0.913126 0.830828 0.895833 0.862048 0.903769 0.795259 0.732863 0.947855 0.968174 0.876400 0.889484 0.944106 0.886885 0.974703 0.956155 0.661543 0.991441
0.949315 0.882661 0.994437 0.993608 0.839924 0.988375 0.773925 0.841811 0.906232 0.808997 0.958940 0.912396 0.863597 0.878609 0.913782 0.952216 0.919745 0.876751 0.742196 0.864708 0.795632 0.829610 0.881503 0.875373 0.928550 0.844083 0.932459 0.882183 0.951606 0.874339 0.891476 0.823790 0.975875 0.929188 0.779719 0.900031 0.000000 0.912809 0.708954 0.758929 0.908047 0.945471 0.793259 0.753670 0.832397 0.792809 0.756876 0.824572 0.822370 0.922025 0.801777 0.898269 0.918093 0.969300 0.822143 0.912213 0.824338 0.827285 0.945446 0.960625 0.860197 0.912495 0.912575 0.933040 0.905483 0.955041 0.946583 0.854961 0.837430 0.827849 0.884201 0.874949 0.953176 0.986584 0.974074 0.899327 0.860730 0.983735 0.847191 0.829670 0.930687 0.861848 0.885836 0.905887 0.964358 0.917177 0.901083 0.890460 0.987124 0.896478 0.824252 0.840238 0.893064 0.877944 0.845841 0.997441 0.935675 0.930691 0.950855 0.974701 0.984716 0.881871 0.940293 0.926422 0.937445 0.967769 0.948652 0.959863 0.987940 0.994799 0.904915 0.944617 0.978343 0.917329 0.860347 0.940456
0.779870 0.912722 0.988143 0.940315 0.918161 0.987783 0.820257 0.844583 0.915500 0.882911 0.843423 0.895097 0.993070 0.933200 0.940328 0.985260 0.891797 0.886781 0.897624 0.910814 0.784305 0.944561 0.941029 0.842568 0.846698 0.945161 0.844440 0.942940 0.999403 0.975797 0.941083 0.876627 0.866432 0.931922 0.883758 0.956900 0.912809 0.000000 0.952492 0.691432 0.852450 0.979740 0.889974 0.851463 0.861761 0.802794 0.833367 0.876245 0.876541 0.933617 0.795257 0.839539 0.868188 0.919821 0.937007 0.841034 0.834337 0.877807 0.903253 0.858662 0.999388 0.946162 0.869933 0.897474 0.981190 0.965242 0.909895 0.888373 0.827945 0.741671 0.985860 0.928591 0.912141 0.995978 0.907236 0.872924 0.984795 0.861055 0.926055 0.916068 0.868086 0.871794 0.835240 0.749904 0.950727 0.852963 0.892369 0.891255 0.732821 0.808258 0.804650 0.824582 0.835492 0.877679 0.973315 0.955723 0.939444 0.834980 0.979943 0.988047 0.811260 0.927212 0.910944 0.815829 0.825310 0.831791 0.999066 0.998567 0.950623 0.878753 0.937226 0.975018 0.962567 0.953538 0.984292 0.922488
