0.000000 0.343641 0.674601 0.682326 0.882769 0.668231 0.379000 0.394398 0.470408 0.537679 0.379429 0.276401 0.394236 0.441301 0.560728 0.690231 0.428634 0.422674 0.420641 0.466609 0.918368 0.960317 0.809241 0.996641 0.824336 0.976626 0.744190 0.849172 0.429170 0.532360 0.961840 0.985059 0.503130 0.428869 0.715691 0.882059 0.920534 0.960216 0.773145 0.993391 0.881683 0.839640 0.644288 0.650166 0.628025 0.576985 0.578822 0.529251 0.845117 0.769304 0.723386 0.591396 0.782063 0.896232 0.739650 0.619540 0.387825 0.346348 0.240362 0.307743 0.261176 0.337410 0.413791 0.367188 0.745706 0.652409 0.598213 0.587048 0.555715 0.688354 0.645555 0.779762 0.895101 0.894665 0.904522 0.992418 0.597266 0.870421 0.588563 0.868221 0.443208 0.652272 0.902991 0.687376 0.651891 0.793742 0.996311 0.905825 0.595813 0.605325 0.708178 0.687821 0.788215 0.728513 0.803350 0.820508 0.593798 0.805884 0.474758 0.433991 0.708916 0.731788 0.611976 0.689146 0.526860 0.458277 0.767811 0.632541 0.726318 0.714384 0.677999 0.726395 0.572837 0.887153 0.640179 0.850136
0.343641 0.000000 0.516256 0.465539 0.997600 0.711551 0.342143 0.327659 0.587335 0.726506 0.651936 0.502140 0.675631 0.600707 0.766600 0.769900 0.595036 0.627077 0.419036 0.371641 0.827972 0.883494 0.687095 0.758601 0.865955 0.729693 0.875168 0.860838 0.679244 0.761931 0.697317 0.766270 0.446455 0.355545 0.596487 0.850312 0.785476 0.873993 0.930284 0.933503 0.732658 0.918874 0.402349 0.434378 0.544415 0.536111 0.490190 0.402718 0.927728 0.679922 0.599995 0.480811 0.671170 0.741001 0.704005 0.582460 0.408402 0.373459 0.422404 0.358743 0.411074 0.328268 0.711584 0.666483 0.606337 0.454305 0.413905 0.411653 0.477741 0.562406 0.502068 0.597517 0.624932 0.686299 0.820342 0.897269 0.587523 0.764990 0.718856 0.840620 0.549311 0.650329 0.810621 0.773412 0.605513 0.573428 0.984761 0.943885 0.634487 0.545482 0.596378 0.722142 0.649589 0.733094 0.721380 0.857779 0.532571 0.777602 0.494344 0.490677 0.676714 0.687259 0.636602 0.826915 0.411443 0.409891 0.795658 0.564056 0.733786 0.705592 0.649982 0.714734 0.608168 0.766669 0.574583 0.929838
0.674601 0.516256 0.000000 0.220679 0.918399 0.825942 0.381536 0.466297 0.635725 0.965569 0.974416 0.807212 0.798430 0.741321 0.780642 0.610520 0.942962 0.919149 0.494956 0.464297 0.471472 0.747980 0.307672 0.420902 0.395488 0.308503 0.967717 0.882142 0.965844 0.886772 0.360048 0.535914 0.386180 0.391892 0.443893 0.710582 0.440078 0.672508 0.847262 0.721563 0.771269 0.945696 0.427066 0.575048 0.748898 0.861100 0.487221 0.498738 0.752604 0.949931 0.738399 0.805520 0.837414 0.809325 0.699160 0.794176 0.867406 0.812253 0.743163 0.687275 0.583360 0.525479 0.955839 0.990817 0.248708 0.295430 0.304493 0.333256 0.623883 0.752095 0.377221 0.443398 0.521611 0.588600 0.837137 0.831528 0.609801 0.469644 0.989499 0.732628 0.834587 0.670141 0.791967 0.976929 0.500696 0.432446 0.951965 0.790748 0.625162 0.684775 0.603383 0.781619 0.596021 0.628499 0.638266 0.736061 0.636664 0.883849 0.689920 0.667050 0.734376 0.874294 0.859996 0.988934 0.552956 0.493679 0.744117 0.788853 0.754997 0.804867 0.641128 0.863464 0.854560 0.840947 0.794101 0.908830
0.682326 0.465539 0.220679 0.000000 0.920736 0.775933 0.377022 0.424460 0.702809 0.999836 0.953703 0.763166 0.909351 0.729739 0.904080 0.705743 0.947632 0.970013 0.517536 0.430170 0.454153 0.784069 0.371244 0.391757 0.402664 0.311237 0.979197 0.908848 0.927399 0.962054 0.388248 0.527480 0.420717 0.399026 0.479287 0.649588 0.505998 0.622670 0.793253 0.770463 0.704278 0.925249 0.395808 0.523696 0.756755 0.886445 0.421591 0.463638 0.705146 0.958496 0.695631 0.760421 0.833695 0.777068 0.744528 0.762529 0.826881 0.817483 0.711748 0.630022 0.611505 0.468117 0.912049 0.939268 0.303630 0.226859 0.266309 0.260645 0.641146 0.762121 0.328282 0.367459 0.473310 0.564801 0.729617 0.773197 0.590038 0.461504 0.934106 0.722779 0.869244 0.735879 0.779550 0.982202 0.541052 0.415147 0.909591 0.863874 0.660546 0.693042 0.554852 0.780643 0.542824 0.648267 0.672041 0.663976 0.557776 0.821015 0.649738 0.665145 0.662282 0.835415 0.831373 0.970910 0.492103 0.483868 0.754984 0.740252 0.716915 0.766111 0.649703 0.840561 0.853379 0.830540 0.697518 0.840112
0.882769 0.997600 0.918399 0.920736 0.000000 0.987424 0.991193 0.958155 0.736919 0.757262 0.857046 0.915556 0.638336 0.853443 0.609777 0.800891 0.807212 0.844203 0.809318 0.961413 0.901550 0.882585 0.861414 0.909396 0.945515 0.870586 0.760205 0.944808 0.819799 0.833351 0.884569 0.801590 0.937146 0.977218 0.889963 0.888134 0.942148 0.880941 0.975618 0.648216 0.822341 0.969128 0.921356 0.873574 0.966457 0.960233 0.931046 0.919497 0.833098 0.820559 0.806911 0.775529 0.894121 0.711152 0.886962 0.998428 0.884185 0.763180 0.863237 0.982765 0.811799 0.990944 0.720938 0.780776 0.796067 0.926267 0.949310 0.898666 0.991359 0.984824 0.990820 0.815008 0.750870 0.801660 0.857571 0.866663 0.923579 0.983735 0.979181 0.933259 0.772413 0.902221 0.889970 0.686771 0.716648 0.983938 0.901464 0.835925 0.732342 0.873797 0.866246 0.959955 0.860326 0.950202 0.974616 0.943862 0.841616 0.849143 0.989985 0.997047 0.751397 0.829668 0.965608 0.890700 0.851580 0.892033 0.890083 0.894986 0.911017 0.886018 0.890505 0.825259 0.897938 0.890757 0.800727 0.994215
0.668231 0.711551 0.825942 0.775933 0.987424 0.000000 0.588558 0.520179 0.610409 0.588766 0.788085 0.706585 0.910107 0.976380 0.996303 0.982603 0.851032 0.851879 0.801061 0.716333 0.978665 0.851324 0.978233 0.877531 0.878861 0.952461 0.621745 0.900204 0.847760 0.984834 0.993114 0.918220 0.748341 0.711886 0.832408 0.972928 0.985744 0.922602 0.840131 0.987828 0.798629 0.973318 0.698136 0.660471 0.779976 0.785374 0.723455 0.755928 0.974096 0.853924 0.772590 0.737751 0.800036 0.802401 0.853384 0.764477 0.853456 0.828250 0.684494 0.555669 0.687187 0.574728 0.932468 0.895257 0.950127 0.725163 0.665111 0.640550 0.769969 0.634746 0.733800 0.744472 0.851541 0.914505 0.842543 0.865787 0.779183 0.857997 0.950328 0.984775 0.930324 0.990137 0.789375 0.943106 0.964817 0.949299 0.875766 0.846890 0.861953 0.999960 0.570625 0.592158 0.584993 0.613627 0.962568 0.835250 0.729461 0.747130 0.576937 0.620174 0.706357 0.704349 0.788616 0.696870 0.729024 0.750891 0.803298 0.692833 0.906763 0.858231 0.699039 0.687946 0.648208 0.851881 0.602613 0.832453
0.379000 0.342143 0.381536 0.377022 0.991193 0.588558 0.000000 0.201308 0.354579 0.523276 0.632329 0.467155 0.681955 0.692369 0.784639 0.737398 0.597946 0.590553 0.421510 0.407592 0.775395 0.776445 0.642827 0.815409 0.832835 0.659538 0.696121 0.864836 0.632071 0.657590 0.620780 0.785328 0.394681 0.282657 0.444845 0.836516 0.750815 0.855119 0.921041 0.900342 0.697527 0.895209 0.361852 0.362208 0.447589 0.501270 0.492161 0.415467 0.930295 0.673305 0.469531 0.461658 0.534399 0.564007 0.652522 0.650210 0.639258 0.570736 0.404301 0.419973 0.382408 0.324864 0.730382 0.634059 0.579566 0.448191 0.255418 0.312560 0.582887 0.676321 0.329548 0.465789 0.573161 0.666407 0.830191 0.900771 0.424743 0.606284 0.759537 0.864137 0.610791 0.716911 0.930665 0.917082 0.736712 0.736090 0.882113 0.743857 0.664875 0.713694 0.352517 0.492772 0.392823 0.440886 0.635175 0.670163 0.370554 0.655135 0.315169 0.376195 0.532147 0.566376 0.571791 0.681397 0.385429 0.345144 0.635409 0.526012 0.635843 0.634465 0.487149 0.631623 0.585688 0.720939 0.537544 0.842904
0.394398 0.327659 0.466297 0.424460 0.958155 0.520179 0.201308 0.000000 0.429388 0.515581 0.618569 0.427449 0.727698 0.675760 0.862328 0.862445 0.666426 0.659784 0.525531 0.425880 0.811684 0.786714 0.755201 0.876884 0.900747 0.703120 0.641488 0.832121 0.663387 0.741286 0.662522 0.782212 0.445015 0.334541 0.491879 0.852056 0.868516 0.892691 0.914473 0.906114 0.658081 0.859418 0.378977 0.382571 0.564106 0.588469 0.520272 0.475049 0.985365 0.745119 0.550197 0.513754 0.623456 0.635892 0.746862 0.636636 0.605921 0.583337 0.417356 0.362539 0.375419 0.246783 0.761702 0.660630 0.658465 0.409160 0.278339 0.298629 0.613637 0.632222 0.384197 0.438707 0.616030 0.666600 0.831471 0.851926 0.516824 0.704191 0.853317 0.889967 0.672165 0.801503 0.982439 0.982925 0.787051 0.769593 0.966420 0.732703 0.677261 0.744571 0.342145 0.529701 0.384673 0.468489 0.684076 0.669093 0.392803 0.611031 0.339063 0.400246 0.476576 0.549363 0.597244 0.713292 0.362842 0.337758 0.593524 0.520198 0.654202 0.604609 0.463686 0.608509 0.551778 0.763209 0.476598 0.855284
0.470408 0.587335 0.635725 0.702809 0.736919 0.610409 0.354579 0.429388 0.000000 0.405554 0.466554 0.498875 0.590511 0.730493 0.692995 0.723707 0.592578 0.550156 0.603990 0.644594 0.998854 0.869853 0.812258 0.915447 0.910153 0.950293 0.722736 0.749115 0.516661 0.595133 0.877019 0.999617 0.551572 0.472398 0.627558 0.979868 0.863208 0.988522 0.847847 0.877630 0.744841 0.846455 0.630211 0.577883 0.548027 0.589990 0.750405 0.712377 0.766520 0.819658 0.662874 0.681181 0.657793 0.798325 0.592370 0.762553 0.789805 0.639382 0.449372 0.576485 0.429590 0.479796 0.627241 0.524283 0.765963 0.758288 0.531997 0.593234 0.719748 0.715463 0.536011 0.730326 0.811376 0.888417 0.879780 0.933252 0.575579 0.789571 0.681938 0.963242 0.599773 0.733451 0.973819 0.753347 0.807744 0.936868 0.848404 0.842820 0.604427 0.819824 0.569592 0.529701 0.576644 0.501447 0.752154 0.830503 0.634741 0.741466 0.419020 0.495453 0.676047 0.684446 0.645682 0.751610 0.616010 0.519454 0.755577 0.598542 0.734120 0.809871 0.620710 0.734801 0.611196 0.776969 0.693342 0.944136
0.537679 0.726506 0.965569 0.999836 0.757262 0.588766 0.523276 0.515581 0.405554 0.000000 0.429859 0.502531 0.704183 0.952577 0.753737 0.940173 0.503276 0.474438 0.736585 0.802760 0.736178 0.916170 0.787998 0.524048 0.611077 0.744867 0.630836 0.796387 0.410175 0.602316 0.798902 0.696251 0.860074 0.709210 0.774939 0.862281 0.819916 0.852420 0.747991 0.956780 0.887517 0.763945 0.802175 0.669000 0.530452 0.513732 0.869052 0.822719 0.541495 0.697300 0.623984 0.614975 0.641151 0.754815 0.818667 0.711221 0.787344 0.677368 0.494294 0.680643 0.614748 0.631134 0.578679 0.467401 0.893130 0.951864 0.739455 0.861404 0.818494 0.800914 0.656361 0.862578 0.979090 0.963888 0.939434 0.931568 0.631649 0.986226 0.798934 0.860756 0.598738 0.850782 0.911367 0.784286 0.914743 0.717846 0.789927 0.744703 0.783199 0.999323 0.519272 0.445987 0.579392 0.470608 0.866230 0.797168 0.648643 0.672908 0.404350 0.484691 0.700523 0.626075 0.504481 0.617110 0.700706 0.678236 0.794062 0.644163 0.825096 0.774444 0.614099 0.699692 0.450694 0.786922 0.747680 0.932048
0.379429 0.651936 0.974416 0.953703 0.857046 0.788085 0.632329 0.618569 0.466554 0.429859 0.000000 0.320174 0.422383 0.517603 0.643641 0.793558 0.423461 0.417112 0.699082 0.713393 0.692250 0.914020 0.879298 0.676706 0.548853 0.674281 0.725745 0.686336 0.336530 0.415063 0.818785 0.801795 0.741596 0.662239 0.963425 0.734119 0.855635 0.885790 0.822089 0.955753 0.984507 0.785460 0.970193 0.894227 0.782148 0.707728 0.930082 0.909846 0.758740 0.917776 0.930651 0.849943 0.916502 0.925899 0.816609 0.836141 0.602995 0.513053 0.403816 0.535172 0.402634 0.508967 0.322052 0.264834 0.917207 0.993642 0.910098 0.928896 0.810386 0.823068 0.930006 0.949273 0.831172 0.853842 0.855078 0.933761 0.833696 0.822416 0.614383 0.968175 0.437626 0.718491 0.971866 0.683045 0.883354 0.914242 0.850227 0.947682 0.761437 0.806073 0.917463 0.828062 0.970088 0.892912 0.889169 0.924950 0.842403 0.878716 0.654386 0.674477 0.795789 0.836031 0.711317 0.804852 0.734158 0.723410 0.864151 0.804917 0.811364 0.804133 0.807073 0.886306 0.705803 0.963489 0.732771 0.900868
0.276401 0.502140 0.807212 0.763166 0.915556 0.706585 0.467155 0.427449 0.498875 0.502531 0.320174 0.000000 0.398678 0.408120 0.627549 0.718725 0.500410 0.465829 0.591453 0.563347 0.883175 0.939513 0.921227 0.919002 0.740990 0.874177 0.789099 0.761385 0.416775 0.474340 0.925549 0.912453 0.588203 0.495483 0.836982 0.868095 0.873627 0.912798 0.838302 0.929312 0.915282 0.902412 0.829268 0.779864 0.790124 0.747788 0.688834 0.683709 0.929705 0.950010 0.899010 0.769484 0.914815 0.962500 0.870750 0.737362 0.524263 0.516760 0.296658 0.391169 0.290666 0.311590 0.392762 0.330920 0.844428 0.681294 0.681137 0.663403 0.805162 0.788565 0.745165 0.850463 0.962152 0.982589 0.798016 0.912813 0.640935 0.966429 0.686049 0.889817 0.479313 0.727095 0.928812 0.690071 0.713872 0.860169 0.958360 0.901025 0.658377 0.713725 0.773133 0.785233 0.824390 0.793669 0.836878 0.769306 0.697854 0.775172 0.549951 0.576226 0.709397 0.769750 0.695002 0.738893 0.536364 0.531658 0.771014 0.768854 0.831693 0.781779 0.760830 0.740415 0.653093 0.993427 0.689964 0.837483
0.394236 0.675631 0.798430 0.909351 0.638336 0.910107 0.681955 0.727698 0.590511 0.704183 0.422383 0.398678 0.000000 0.390081 0.376893 0.471652 0.612918 0.599120 0.576494 0.726352 0.880996 0.880731 0.719504 0.991170 0.762904 0.860966 0.926171 0.854011 0.476365 0.503992 0.922570 0.842627 0.653630 0.699825 0.971285 0.696774 0.974563 0.844342 0.819458 0.872632 0.827605 0.991410 0.953864 0.987337 0.954725 0.881679 0.803025 0.778490 0.917968 0.898973 0.843865 0.979084 0.899122 0.728791 0.862504 0.949567 0.601683 0.534727 0.449995 0.592972 0.342290 0.559365 0.398229 0.422754 0.705895 0.825851 0.931399 0.939131 0.875469 0.841975 0.961875 0.861399 0.800596 0.759624 0.869007 0.895765 0.838403 0.994363 0.738481 0.800905 0.568304 0.701860 0.884161 0.704934 0.569204 0.839823 0.920781 0.871090 0.752839 0.784997 0.953063 0.923579 0.860501 0.968029 0.887684 0.895295 0.991584 0.952724 0.805687 0.715587 0.988057 0.922875 0.895799 0.932349 0.796470 0.604583 0.948180 0.976328 0.932044 0.939033 0.870355 0.878243 0.787082 0.931233 0.868927 0.929877
0.441301 0.600707 0.741321 0.729739 0.853443 0.976380 0.692369 0.675760 0.730493 0.952577 0.517603 0.408120 0.390081 0.000000 0.571471 0.607159 0.722708 0.693994 0.602410 0.674440 0.981670 0.933701 0.642564 0.756235 0.968370 0.976887 0.969071 0.958753 0.638243 0.533960 0.837497 0.867406 0.508198 0.593860 0.843433 0.862483 0.852218 0.911640 0.997597 0.838442 0.988831 0.989331 0.946980 0.950890 0.933561 0.976897 0.798710 0.750631 0.764494 0.785012 0.862729 0.969097 0.852883 0.749305 0.903839 0.915819 0.502399 0.565749 0.461663 0.463265 0.354028 0.463558 0.475077 0.517515 0.706644 0.624441 0.788344 0.707038 0.890271 0.823112 0.943372 0.862271 0.974742 0.941597 0.822643 0.956243 0.916375 0.907309 0.766419 0.734985 0.653302 0.842332 0.704586 0.700801 0.527872 0.612111 0.801151 0.939320 0.698245 0.599103 0.879212 0.809736 0.824321 0.848178 0.923791 0.833477 0.907727 0.989053 0.919792 0.883757 0.896473 0.897487 0.989455 0.906791 0.714607 0.673415 0.905654 0.997397 0.874408 0.786052 0.877207 0.971599 0.982907 0.850849 0.798422 0.996264
0.560728 0.766600 0.780642 0.904080 0.609777 0.996303 0.784639 0.862328 0.692995 0.753737 0.643641 0.627549 0.376893 0.571471 0.000000 0.441872 0.692939 0.671719 0.607199 0.821297 0.885251 0.967551 0.599454 0.934317 0.960736 0.979018 0.895273 0.994905 0.539189 0.607551 0.946986 0.908719 0.620376 0.736023 0.822807 0.878470 0.799637 0.937504 0.851948 0.848265 0.973114 0.915705 0.942122 0.973021 0.838294 0.842138 0.767225 0.760676 0.832192 0.986903 0.980760 0.962813 0.973814 0.826733 0.727057 0.802805 0.690016 0.636182 0.561207 0.747932 0.502162 0.723537 0.570251 0.565962 0.645082 0.888610 0.902229 0.942035 0.834650 0.709434 0.849824 0.968002 0.962491 0.964393 0.848893 0.970309 0.873842 0.994532 0.795838 0.915941 0.675082 0.739069 0.652074 0.669789 0.497382 0.772009 0.769176 0.968609 0.692315 0.711916 0.947146 0.963103 0.848895 0.968909 0.850838 0.775460 0.987013 0.950139 0.822078 0.770908 0.872312 0.967116 0.973324 0.985101 0.833132 0.673548 0.941916 0.962879 0.986750 0.925696 0.807962 0.915245 0.806607 0.943960 0.932761 0.978176
0.690231 0.769900 0.610520 0.705743 0.800891 0.982603 0.737398 0.862445 0.723707 0.940173 0.793558 0.718725 0.471652 0.607159 0.441872 0.000000 0.856015 0.790827 0.563811 0.726489 0.839344 0.971547 0.430690 0.651709 0.847014 0.814251 0.911046 0.990685 0.693713 0.708244 0.776845 0.900247 0.613326 0.699892 0.830380 0.956055 0.638511 0.947225 0.916525 0.832271 0.945386 0.814530 0.833613 0.878975 0.856179 0.862646 0.592391 0.690360 0.941708 0.985010 0.972156 0.956535 0.980511 0.902932 0.674016 0.951360 0.841228 0.784998 0.740144 0.851479 0.603465 0.737784 0.759629 0.778160 0.522912 0.728355 0.844020 0.878571 0.818425 0.864982 0.807151 0.907540 0.958080 0.978343 0.812188 0.903727 0.828771 0.780872 0.775084 0.801852 0.795148 0.704740 0.682588 0.736781 0.477112 0.628927 0.873667 0.957116 0.751512 0.777423 0.988232 0.961727 0.916350 0.926300 0.690150 0.839324 0.956058 0.920857 0.906193 0.817876 0.868140 0.899399 0.987944 0.949172 0.752913 0.757073 0.978750 0.986037 0.909145 0.974006 0.961902 0.898427 0.943495 0.995023 0.972435 0.985771
0.428634 0.595036 0.942962 0.947632 0.807212 0.851032 0.597946 0.666426 0.592578 0.503276 0.423461 0.500410 0.612918 0.722708 0.692939 0.856015 0.000000 0.317191 0.534483 0.621583 0.751440 0.972072 0.957867 0.812517 0.730332 0.803584 0.869224 0.879557 0.392667 0.443061 0.946704 0.840728 0.748164 0.661295 0.811097 0.894213 0.996205 0.975055 0.825063 0.978351 0.859193 0.826399 0.861941 0.753569 0.513172 0.462619 0.811747 0.712995 0.568524 0.600599 0.670122 0.628781 0.652227 0.820531 0.643393 0.643824 0.505656 0.389035 0.470067 0.646803 0.547773 0.658567 0.375476 0.333117 0.975161 0.954638 0.837088 0.869494 0.660149 0.814758 0.804189 0.923807 0.986224 0.917802 0.934921 0.961992 0.766492 0.962867 0.627065 0.946644 0.328784 0.549533 0.772718 0.547558 0.813847 0.998112 0.849606 0.999928 0.781413 0.638618 0.850974 0.812473 0.957106 0.872304 0.797296 0.993728 0.663551 0.885911 0.596246 0.695881 0.899137 0.898633 0.630426 0.670320 0.811936 0.744017 0.970602 0.839473 0.776273 0.833846 0.792775 0.869050 0.724543 0.818840 0.858024 0.988973
0.422674 0.627077 0.919149 0.970013 0.844203 0.851879 0.590553 0.659784 0.550156 0.474438 0.417112 0.465829 0.599120 0.693994 0.671719 0.790827 0.317191 0.000000 0.566203 0.629234 0.781814 0.954486 0.935440 0.774615 0.740190 0.804515 0.862054 0.897907 0.295605 0.371849 0.939354 0.910776 0.712738 0.621290 0.859593 0.781964 0.990137 0.982346 0.794747 0.998646 0.965769 0.801738 0.895775 0.767799 0.532591 0.447077 0.801334 0.719539 0.574595 0.576873 0.669173 0.620726 0.685517 0.817907 0.610065 0.611318 0.531298 0.428363 0.464261 0.673817 0.546264 0.643385 0.360879 0.292247 0.944498 0.930851 0.847259 0.897449 0.621929 0.824231 0.842326 0.950680 0.961361 0.930716 0.951926 0.922849 0.771754 0.993329 0.559229 0.958652 0.297158 0.477762 0.863327 0.477020 0.832036 0.981336 0.783053 0.981241 0.743306 0.703560 0.887366 0.805939 0.942484 0.881111 0.830013 0.851060 0.668872 0.868128 0.590302 0.677955 0.879346 0.860336 0.584492 0.582030 0.694168 0.752575 0.842384 0.848042 0.902268 0.787578 0.808900 0.854694 0.661504 0.758185 0.859399 0.938274
0.420641 0.419036 0.494956 0.517536 0.809318 0.801061 0.421510 0.525531 0.603990 0.736585 0.699082 0.591453 0.576494 0.602410 0.607199 0.563811 0.534483 0.566203 0.000000 0.472751 0.862023 0.914123 0.548038 0.742482 0.872241 0.791116 0.944059 0.985821 0.658036 0.713551 0.729028 0.894463 0.442424 0.425125 0.576712 0.890566 0.727707 0.971750 0.932336 0.916542 0.932369 0.967989 0.587679 0.601299 0.511529 0.515445 0.495455 0.465183 0.784923 0.703475 0.618701 0.600542 0.668576 0.735868 0.628563 0.627462 0.526311 0.425135 0.455679 0.507344 0.446923 0.529121 0.617142 0.658207 0.516222 0.616672 0.540220 0.577118 0.507404 0.739319 0.558883 0.731465 0.790476 0.861895 0.872553 0.907733 0.623046 0.630163 0.787302 0.774126 0.584703 0.659819 0.733375 0.735566 0.533565 0.659533 0.969020 0.936156 0.713617 0.609111 0.688439 0.741302 0.782750 0.701643 0.726696 0.770042 0.599104 0.859512 0.572260 0.563395 0.856931 0.869873 0.697413 0.808028 0.627945 0.498414 0.832543 0.724288 0.707995 0.755821 0.679758 0.743377 0.740447 0.828665 0.845368 0.863097
0.466609 0.371641 0.464297 0.430170 0.961413 0.716333 0.407592 0.425880 0.644594 0.802760 0.713393 0.563347 0.726352 0.674440 0.821297 0.726489 0.621583 0.629234 0.472751 0.000000 0.728995 0.882733 0.627011 0.651243 0.766689 0.650493 0.919923 0.915027 0.697705 0.757787 0.666063 0.639182 0.456722 0.425584 0.606118 0.843937 0.732217 0.833983 0.998266 0.938908 0.706056 0.952412 0.470260 0.491531 0.651139 0.640220 0.469748 0.368146 0.950646 0.716283 0.706933 0.656793 0.783345 0.773595 0.568085 0.592719 0.622463 0.589507 0.596218 0.487212 0.511389 0.411401 0.768894 0.734710 0.561299 0.446833 0.456816 0.447840 0.536767 0.669625 0.561881 0.670686 0.639004 0.679596 0.686496 0.791496 0.681710 0.793711 0.798712 0.816511 0.554789 0.508790 0.791687 0.780256 0.577732 0.567767 0.964625 0.957964 0.770815 0.607397 0.651228 0.821141 0.691892 0.768746 0.696872 0.869966 0.566638 0.799634 0.617978 0.616591 0.776268 0.760895 0.674812 0.895234 0.458603 0.557988 0.726834 0.751017 0.781240 0.781925 0.774705 0.876426 0.694938 0.713956 0.624971 0.976073
0.918368 0.827972 0.471472 0.454153 0.901550 0.978665 0.775395 0.811684 0.998854 0.736178 0.692250 0.883175 0.880996 0.981670 0.885251 0.839344 0.751440 0.781814 0.862023 0.728995 0.000000 0.749867 0.443746 0.434032 0.367132 0.374624 0.820811 0.890505 0.765587 0.927630 0.450377 0.538512 0.635607 0.686887 0.685194 0.744089 0.640188 0.712322 0.833605 0.813006 0.768967 0.678620 0.647358 0.767234 0.988503 0.886522 0.703583 0.750549 0.640675 0.899513 0.967475 0.968432 0.989769 0.919352 0.931828 0.952717 0.940960 0.848319 0.916426 0.969697 0.948077 0.815983 0.682154 0.701809 0.458737 0.481990 0.569078 0.570029 0.860134 0.871680 0.639957 0.579253 0.602168 0.657810 0.765413 0.712922 0.912156 0.703301 0.808994 0.829084 0.857336 0.890334 0.700737 0.883345 0.661450 0.535949 0.745203 0.945696 0.899867 0.843617 0.796366 0.944792 0.835632 0.893784 0.789078 0.791332 0.882810 0.907329 0.995468 0.972433 0.955561 0.999266 0.777818 0.725061 0.708584 0.760871 0.829635 0.981059 0.882855 0.936425 0.945898 0.984227 0.992618 0.916175 0.828177 0.993644
0.960317 0.883494 0.747980 0.784069 0.882585 0.851324 0.776445 0.786714 0.869853 0.916170 0.914020 0.939513 0.880731 0.933701 0.967551 0.971547 0.972072 0.954486 0.914123 0.882733 0.749867 0.000000 0.814102 0.873093 0.807286 0.819599 0.940830 0.937102 0.927088 0.975877 0.743257 0.891542 0.830365 0.806101 0.702245 0.862367 0.810439 0.839568 0.983204 0.898384 0.809659 0.854041 0.812715 0.814906 0.762856 0.884045 0.988440 0.743425 0.997121 0.832004 0.811224 0.842093 0.716910 0.691538 0.950564 0.756862 0.942204 0.919781 0.960125 0.912081 0.952061 0.933122 0.938382 0.998096 0.892740 0.916151 0.689077 0.790250 0.827349 0.884826 0.734136 0.718399 0.844954 0.721260 0.867365 0.838788 0.846397 0.724637 0.921051 0.866627 0.951848 0.990478 0.980748 0.958482 0.945245 0.946230 0.989264 0.968805 0.937197 0.809246 0.691942 0.844130 0.713164 0.757612 0.792475 0.852198 0.788749 0.889272 0.797313 0.876713 0.806891 0.869616 0.920128 0.909512 0.852233 0.824704 0.871351 0.871313 0.900971 0.807168 0.731890 0.910231 0.939376 0.725821 0.870572 0.993380
0.809241 0.687095 0.307672 0.371244 0.861414 0.978233 0.642827 0.755201 0.812258 0.787998 0.879298 0.921227 0.719504 0.642564 0.599454 0.430690 0.957867 0.935440 0.548038 0.627011 0.443746 0.814102 0.000000 0.278177 0.401195 0.393374 0.792865 0.823307 0.966145 0.909413 0.378867 0.512934 0.403748 0.547261 0.564736 0.779157 0.435533 0.726574 0.845632 0.736416 0.877506 0.815630 0.628670 0.785998 0.935808 0.980991 0.581813 0.602604 0.707532 0.848057 0.983011 0.982271 0.978342 0.954362 0.714557 0.891826 0.895246 0.887070 0.857694 0.821185 0.623626 0.680334 0.974948 0.933446 0.236610 0.408760 0.548353 0.542791 0.793296 0.818021 0.618355 0.619511 0.681222 0.733467 0.744726 0.805002 0.827989 0.528893 0.966610 0.672779 0.925903 0.764252 0.621915 0.928441 0.355488 0.350072 0.766379 0.989046 0.704776 0.645478 0.917770 0.923524 0.940059 0.925033 0.688914 0.741426 0.876690 0.958227 0.941861 0.888592 0.976266 0.903535 0.882398 0.759649 0.708029 0.615091 0.951975 0.977256 0.919003 0.945871 0.824282 0.974549 0.938807 0.929599 0.919658 0.951194
0.996641 0.758601 0.420902 0.391757 0.909396 0.877531 0.815409 0.876884 0.915447 0.524048 0.676706 0.919002 0.991170 0.756235 0.934317 0.651709 0.812517 0.774615 0.742482 0.651243 0.434032 0.873093 0.278177 0.000000 0.319439 0.364791 0.725132 0.808202 0.695383 0.898107 0.374494 0.381816 0.575027 0.697017 0.659315 0.708845 0.525200 0.670945 0.754566 0.838648 0.882135 0.773576 0.676756 0.843065 0.912217 0.842695 0.655052 0.663203 0.522581 0.830638 0.961738 0.923038 0.902907 0.960018 0.840030 0.950200 0.945675 0.975656 0.924967 0.944849 0.850422 0.797419 0.789214 0.728007 0.363935 0.415885 0.639729 0.590492 0.827581 0.903978 0.759549 0.669518 0.668917 0.716825 0.778323 0.768970 0.960976 0.628958 0.898387 0.657579 0.923882 0.837305 0.690710 0.962078 0.479131 0.337727 0.748664 0.887059 0.890623 0.677838 0.965521 0.757723 0.967782 0.889640 0.768189 0.862733 0.896155 0.954658 0.850666 0.929142 0.944734 0.835090 0.778893 0.689030 0.803428 0.774161 0.944017 0.943167 0.988306 0.961537 0.989040 0.858711 0.770607 0.992169 0.956138 0.948444
0.824336 0.865955 0.395488 0.402664 0.945515 0.878861 0.832835 0.900747 0.910153 0.611077 0.548853 0.740990 0.762904 0.968370 0.960736 0.847014 0.730332 0.740190 0.872241 0.766689 0.367132 0.807286 0.401195 0.319439 0.000000 0.235808 0.676456 0.764997 0.672429 0.859239 0.315823 0.425391 0.632294 0.732540 0.616315 0.619489 0.429120 0.490392 0.641510 0.726357 0.808652 0.841120 0.673436 0.856226 0.998081 0.845301 0.692556 0.782135 0.624414 0.896400 0.911345 0.925983 0.935655 0.947233 0.832505 0.882685 0.886495 0.847538 0.792445 0.867304 0.942683 0.940407 0.621516 0.606405 0.398200 0.483819 0.604879 0.585060 0.819551 0.920787 0.617777 0.583392 0.503621 0.540737 0.832147 0.837856 0.880419 0.564482 0.799886 0.748137 0.921181 0.803281 0.683586 0.990377 0.573220 0.372276 0.828205 0.969809 0.855175 0.738500 0.942226 0.856957 0.850025 0.988906 0.772414 0.784484 0.879802 0.948369 0.901295 0.907751 0.974241 0.822775 0.863851 0.746071 0.850747 0.869494 0.895749 0.936573 0.977199 0.955977 0.983059 0.833285 0.794127 0.941296 0.981172 0.978415
0.976626 0.729693 0.308503 0.311237 0.870586 0.952461 0.659538 0.703120 0.950293 0.744867 0.674281 0.874177 0.860966 0.976887 0.979018 0.814251 0.803584 0.804515 0.791116 0.650493 0.374624 0.819599 0.393374 0.364791 0.235808 0.000000 0.875088 0.824699 0.748790 0.879923 0.281759 0.392017 0.559053 0.626439 0.632992 0.584896 0.405000 0.517839 0.714145 0.745311 0.746758 0.845426 0.512166 0.694499 0.925587 0.963147 0.570178 0.692388 0.653567 0.954249 0.796427 0.932864 0.969786 0.859602 0.776255 0.898652 0.901259 0.896912 0.909739 0.983290 0.907332 0.738374 0.618358 0.656060 0.366654 0.364321 0.480437 0.467993 0.796894 0.857349 0.504560 0.463306 0.444986 0.483698 0.850901 0.735361 0.782495 0.537824 0.797862 0.726858 0.965313 0.795692 0.773498 0.911899 0.593242 0.400256 0.842122 0.960356 0.806229 0.762586 0.739188 0.968298 0.683791 0.827409 0.753132 0.748417 0.777987 0.954722 0.917523 0.903834 0.819079 0.993809 0.961590 0.825781 0.700875 0.730706 0.782327 0.915535 0.892171 0.914762 0.833667 0.985572 0.963154 0.871278 0.887459 0.940759
0.744190 0.875168 0.967717 0.979197 0.760205 0.621745 0.696121 0.641488 0.722736 0.630836 0.725745 0.789099 0.926171 0.969071 0.895273 0.911046 0.869224 0.862054 0.944059 0.919923 0.820811 0.940830 0.792865 0.725132 0.676456 0.875088 0.000000 0.873158 0.770173 0.855010 0.952659 0.954159 0.968326 0.803641 0.924543 0.898908 0.773234 0.909099 0.741804 0.693901 0.999324 0.842862 0.854883 0.708045 0.789620 0.747513 0.960502 0.881906 0.956331 0.866730 0.782114 0.713898 0.733965 0.721800 0.964555 0.954199 0.988602 0.944934 0.765145 0.666779 0.759365 0.742587 0.895311 0.811703 0.751527 0.982066 0.837047 0.847821 0.971292 0.863532 0.878638 0.889238 0.910559 0.992996 0.871895 0.882394 0.886494 0.999834 0.984308 0.953385 0.966861 0.896856 0.754220 0.835457 0.660878 0.688053 0.860255 0.915528 0.967359 0.791014 0.613581 0.693144 0.671315 0.670555 0.882436 0.997616 0.737561 0.761467 0.708377 0.720488 0.498429 0.625220 0.775904 0.789538 0.905911 0.931476 0.767365 0.597022 0.760519 0.852547 0.830566 0.700648 0.821994 0.821781 0.760286 0.996868
0.849172 0.860838 0.882142 0.908848 0.944808 0.900204 0.864836 0.832121 0.749115 0.796387 0.686336 0.761385 0.854011 0.958753 0.994905 0.990685 0.879557 0.897907 0.985821 0.915027 0.890505 0.937102 0.823307 0.808202 0.764997 0.824699 0.873158 0.000000 0.802027 0.807750 0.842268 0.941516 0.973919 0.918584 0.969823 0.990772 0.798221 0.906074 0.937527 0.927020 0.932431 0.986427 0.989158 0.916390 0.883929 0.892481 0.907702 0.860721 0.811628 0.936881 0.904152 0.865819 0.836615 0.921008 0.881407 0.793162 0.974486 0.916521 0.862402 0.975214 0.860830 0.858579 0.854885 0.741341 0.861177 0.933002 0.979909 0.947777 0.959712 0.869553 0.951074 0.916858 0.870576 0.934453 0.956855 0.991037 0.877693 0.906457 0.730604 0.831731 0.939800 0.894762 0.811068 0.985295 0.867574 0.852491 0.931357 0.902861 0.933349 0.796594 0.833731 0.769254 0.871903 0.803194 0.907079 0.979624 0.969423 0.856076 0.787578 0.834208 0.816274 0.796305 0.888565 0.856703 0.890624 0.824350 0.971905 0.761345 0.881894 0.939693 0.951849 0.855581 0.862158 0.987938 0.764068 0.961250
0.429170 0.679244 0.965844 0.927399 0.819799 0.847760 0.632071 0.663387 0.516661 0.410175 0.336530 0.416775 0.476365 0.638243 0.539189 0.693713 0.392667 0.295605 0.658036 0.697705 0.765587 0.927088 0.966145 0.695383 0.672429 0.748790 0.770173 0.802027 0.000000 0.324325 0.919055 0.849906 0.687580 0.672759 0.866498 0.747434 0.950931 0.908975 0.718358 0.963870 0.933880 0.815797 0.959297 0.835983 0.595927 0.511478 0.871344 0.791718 0.597882 0.713896 0.791073 0.708880 0.782552 0.928998 0.709009 0.649358 0.622993 0.545983 0.486681 0.665191 0.477849 0.610547 0.338130 0.266552 0.942057 0.925696 0.906515 0.970216 0.764579 0.802502 0.878417 0.954131 0.985331 0.926591 0.949314 0.894600 0.752805 0.952762 0.544139 0.984131 0.374214 0.590708 0.816214 0.517322 0.816567 0.984501 0.897009 0.987872 0.766445 0.748673 0.891194 0.832408 0.967323 0.869319 0.842560 0.853538 0.806905 0.860822 0.611405 0.680247 0.898858 0.855353 0.648771 0.768186 0.714395 0.753434 0.825334 0.845342 0.947639 0.727885 0.862407 0.839641 0.673240 0.792634 0.792503 0.980748
0.532360 0.761931 0.886772 0.962054 0.833351 0.984834 0.657590 0.741286 0.595133 0.602316 0.415063 0.474340 0.503992 0.533960 0.607551 0.708244 0.443061 0.371849 0.713551 0.757787 0.927630 0.975877 0.909413 0.898107 0.859239 0.879923 0.855010 0.807750 0.324325 0.000000 0.933329 0.993444 0.666018 0.643738 0.891198 0.760919 0.930282 0.865808 0.854602 0.908906 0.992938 0.913948 0.953339 0.927308 0.743209 0.736431 0.960305 0.858493 0.820948 0.920094 0.905185 0.875039 0.881982 0.975603 0.797972 0.792167 0.676338 0.630862 0.554820 0.768248 0.514066 0.639088 0.341604 0.290623 0.995722 0.989743 0.886987 0.934528 0.845777 0.901825 0.909968 0.936534 0.998231 0.943831 0.967086 0.811085 0.796630 0.952454 0.670975 0.951587 0.390105 0.606758 0.682188 0.545443 0.775578 0.908763 0.860163 0.999960 0.774426 0.706596 0.976034 0.955630 0.920475 0.994327 0.893348 0.879074 0.860105 0.963846 0.791837 0.875932 0.913631 0.968579 0.820412 0.877971 0.778732 0.868708 0.909266 0.996951 0.983121 0.873348 0.941696 0.984302 0.900571 0.959639 0.904887 0.939849
0.961840 0.697317 0.360048 0.388248 0.884569 0.993114 0.620780 0.662522 0.877019 0.798902 0.818785 0.925549 0.922570 0.837497 0.946986 0.776845 0.946704 0.939354 0.729028 0.666063 0.450377 0.743257 0.378867 0.374494 0.315823 0.281759 0.952659 0.842268 0.919055 0.933329 0.000000 0.329884 0.419901 0.552149 0.525252 0.666870 0.459373 0.557941 0.813268 0.871173 0.675321 0.973543 0.559946 0.692667 0.819251 0.929093 0.695800 0.695958 0.654787 0.980148 0.765343 0.903113 0.894627 0.812899 0.727572 0.812099 0.981306 0.962285 0.991941 0.897989 0.761021 0.682750 0.848110 0.871983 0.465524 0.445127 0.455025 0.472906 0.736856 0.788306 0.568776 0.463143 0.451725 0.540044 0.839564 0.726461 0.872109 0.605415 0.921291 0.718334 0.962677 0.768390 0.646931 0.931042 0.616448 0.460344 0.910225 0.972535 0.790857 0.696414 0.806023 0.893417 0.776501 0.929774 0.719311 0.769024 0.692903 0.892255 0.921687 0.948717 0.827572 0.976683 0.957755 0.855909 0.714568 0.682560 0.764121 0.892179 0.862652 0.814812 0.793434 0.942451 0.873686 0.801511 0.817924 0.907696
0.985059 0.766270 0.535914 0.527480 0.801590 0.918220 0.785328 0.782212 0.999617 0.696251 0.801795 0.912453 0.842627 0.867406 0.908719 0.900247 0.840728 0.910776 0.894463 0.639182 0.538512 0.891542 0.512934 0.381816 0.425391 0.392017 0.954159 0.941516 0.849906 0.993444 0.329884 0.000000 0.590729 0.664045 0.703331 0.756182 0.642276 0.603799 0.751860 0.948073 0.796711 0.870454 0.677359 0.722849 0.987589 0.991377 0.758041 0.725811 0.582778 0.910510 0.887279 0.961603 0.991967 0.923549 0.805136 0.893167 0.962220 0.937354 0.892313 0.949627 0.882055 0.755290 0.775511 0.810638 0.617050 0.511988 0.635511 0.596304 0.845972 0.943452 0.758638 0.615597 0.548023 0.544793 0.903113 0.730684 0.982213 0.712790 0.913513 0.783893 0.974984 0.842337 0.780581 0.935563 0.725459 0.506497 0.899154 0.895326 0.887935 0.837679 0.943961 0.781871 0.896629 0.961718 0.779651 0.892465 0.773512 0.924676 0.955583 0.938923 0.869592 0.978608 0.900828 0.734989 0.726628 0.832550 0.854997 0.881782 0.911959 0.971830 0.974176 0.854896 0.866734 0.827051 0.861490 0.953996
0.503130 0.446455 0.386180 0.420717 0.937146 0.748341 0.394681 0.445015 0.551572 0.860074 0.741596 0.588203 0.653630 0.508198 0.620376 0.613326 0.748164 0.712738 0.442424 0.456722 0.635607 0.830365 0.403748 0.575027 0.632294 0.559053 0.968326 0.973919 0.687580 0.666018 0.419901 0.590729 0.000000 0.314222 0.444134 0.809859 0.606763 0.822831 0.967165 0.887153 0.688842 0.988583 0.578141 0.638446 0.693567 0.752177 0.607279 0.554746 0.819494 0.947367 0.774606 0.811048 0.863539 0.905058 0.642002 0.631206 0.631153 0.601575 0.546285 0.475235 0.358589 0.390595 0.692923 0.692529 0.444997 0.430282 0.400545 0.396427 0.629852 0.663963 0.528022 0.539616 0.628603 0.717687 0.774833 0.793254 0.722937 0.649528 0.829151 0.716249 0.640473 0.636577 0.697167 0.782977 0.456611 0.459933 0.913972 0.985622 0.634459 0.586357 0.757126 0.977193 0.752572 0.830702 0.726776 0.633833 0.652122 0.851344 0.651301 0.697481 0.772172 0.854602 0.853854 0.939968 0.523414 0.462598 0.745496 0.809859 0.786877 0.677871 0.730900 0.889710 0.833902 0.841390 0.603254 0.970153
0.428869 0.355545 0.391892 0.399026 0.977218 0.711886 0.282657 0.334541 0.472398 0.709210 0.662239 0.495483 0.699825 0.593860 0.736023 0.699892 0.661295 0.621290 0.425125 0.425584 0.686887 0.806101 0.547261 0.697017 0.732540 0.626439 0.803641 0.918584 0.672759 0.643738 0.552149 0.664045 0.314222 0.000000 0.479040 0.798377 0.756974 0.833498 0.986124 0.824905 0.777603 0.907869 0.487181 0.495997 0.590429 0.637292 0.554166 0.482736 0.956919 0.804930 0.643655 0.632638 0.691500 0.724021 0.660105 0.652243 0.645167 0.582997 0.481266 0.453767 0.375060 0.345133 0.712772 0.646634 0.540805 0.435883 0.323277 0.349822 0.604668 0.689547 0.415721 0.490870 0.651433 0.659304 0.833364 0.823480 0.594440 0.645543 0.748161 0.774305 0.615271 0.650808 0.776366 0.817648 0.615877 0.598625 0.966443 0.994656 0.624607 0.623497 0.569159 0.749985 0.561068 0.646332 0.690162 0.762869 0.524011 0.833810 0.508901 0.554163 0.596057 0.723576 0.696915 0.799025 0.490729 0.441268 0.607244 0.593843 0.735296 0.691610 0.639747 0.812520 0.682668 0.807358 0.642744 0.967672
0.715691 0.596487 0.443893 0.479287 0.889963 0.832408 0.444845 0.491879 0.627558 0.774939 0.963425 0.836982 0.971285 0.843433 0.822807 0.830380 0.811097 0.859593 0.576712 0.606118 0.685194 0.702245 0.564736 0.659315 0.616315 0.632992 0.924543 0.969823 0.866498 0.891198 0.525252 0.703331 0.444134 0.479040 0.000000 0.728698 0.703249 0.828275 0.930601 0.853561 0.675396 0.861973 0.519347 0.568656 0.576563 0.695427 0.724491 0.578552 0.967171 0.801671 0.609359 0.718905 0.616141 0.675207 0.651366 0.632565 0.783010 0.791996 0.732074 0.664405 0.670970 0.663436 0.950872 0.909965 0.537958 0.578066 0.362018 0.449799 0.677763 0.744974 0.425747 0.507776 0.601749 0.608327 0.935154 0.778279 0.634081 0.657564 0.961916 0.868604 0.829460 0.808535 0.783102 0.917587 0.685457 0.647760 0.906049 0.941980 0.802147 0.693908 0.550603 0.746217 0.573886 0.600075 0.626571 0.712816 0.589741 0.761465 0.648806 0.672907 0.742009 0.845437 0.759046 0.943531 0.674172 0.516181 0.915135 0.736903 0.688989 0.672569 0.641416 0.920635 0.857480 0.831642 0.685325 0.967010
0.882059 0.850312 0.710582 0.649588 0.888134 0.972928 0.836516 0.852056 0.979868 0.862281 0.734119 0.868095 0.696774 0.862483 0.878470 0.956055 0.894213 0.781964 0.890566 0.843937 0.744089 0.862367 0.779157 0.708845 0.619489 0.584896 0.898908 0.990772 0.747434 0.760919 0.666870 0.756182 0.809859 0.798377 0.728698 0.000000 0.718956 0.859352 0.789731 0.888215 0.785465 0.896000 0.721705 0.808641 0.853559 0.980021 0.885589 0.845501 0.888838 0.941480 0.745769 0.872138 0.741620 0.730705 0.804836 0.906995 0.865563 0.921464 0.849688 0.955270 0.931821 0.909512 0.734703 0.741297 0.772517 0.726465 0.665886 0.690981 0.994343 0.841448 0.687752 0.681712 0.657499 0.780609 0.939378 0.872057 0.824561 0.879498 0.921304 0.953250 0.908041 0.966277 0.926043 0.905540 0.906477 0.734468 0.878546 0.931575 0.901209 0.887276 0.774044 0.950642 0.679351 0.804008 0.996667 0.916336 0.757718 0.922810 0.913490 0.974516 0.774403 0.872309 0.948497 0.919023 0.893845 0.864945 0.919442 0.880705 0.754950 0.918964 0.826142 0.959766 0.854179 0.927577 0.958879 0.969967
0.920534 0.785476 0.440078 0.505998 0.942148 0.985744 0.750815 0.868516 0.863208 0.819916 0.855635 0.873627 0.974563 0.852218 0.799637 0.638511 0.996205 0.990137 0.727707 0.732217 0.640188 0.810439 0.435533 0.525200 0.429120 0.405000 0.773234 0.798221 0.950931 0.930282 0.459373 0.642276 0.606763 0.756974 0.703249 0.718956 0.000000 0.503038 0.703450 0.728103 0.722254 0.990627 0.674153 0.848426 0.867344 0.993307 0.630888 0.758354 0.876965 0.962565 0.815679 0.914873 0.961221 0.937422 0.685392 0.862612 0.931038 0.929058 0.988883 0.988517 0.876602 0.870212 0.913760 0.903674 0.471749 0.636302 0.647336 0.627060 0.749146 0.824399 0.658764 0.641869 0.601627 0.685772 0.921819 0.882148 0.817434 0.574543 0.921667 0.865863 0.842842 0.743855 0.650040 0.877915 0.538782 0.463018 0.990474 0.989672 0.698575 0.612098 0.946323 0.994262 0.893996 0.941050 0.807205 0.764582 0.910026 0.962435 0.898281 0.911127 0.982634 0.793950 0.890363 0.902434 0.809967 0.836215 0.960777 0.913907 0.771570 0.913850 0.779776 0.955231 0.897473 0.847596 0.979869 0.938728
0.960216 0.873993 0.672508 0.622670 0.880941 0.922602 0.855119 0.892691 0.988522 0.852420 0.885790 0.912798 0.844342 0.911640 0.937504 0.947225 0.975055 0.982346 0.971750 0.833983 0.712322 0.839568 0.726574 0.670945 0.490392 0.517839 0.909099 0.906074 0.908975 0.865808 0.557941 0.603799 0.822831 0.833498 0.828275 0.859352 0.503038 0.000000 0.654867 0.722539 0.832545 0.939117 0.822925 0.881253 0.965718 0.924078 0.691709 0.849422 0.842616 0.969934 0.846243 0.975189 0.969264 0.981762 0.896008 0.922741 0.940805 0.932994 0.974738 0.926894 0.995344 0.894466 0.855806 0.904916 0.697844 0.711119 0.754131 0.723560 0.835642 0.922785 0.725875 0.726552 0.532516 0.628533 0.870803 0.992676 0.873163 0.705327 0.907082 0.836264 0.890569 0.808987 0.692751 0.839389 0.722905 0.541620 0.990611 0.890361 0.810978 0.684552 0.987591 0.901967 0.923914 0.941395 0.776276 0.827955 0.853837 0.861730 0.931305 0.915307 0.940298 0.808977 0.978995 0.852979 0.891592 0.994530 0.843520 0.925143 0.903512 0.975825 0.964056 0.809617 0.877129 0.836662 0.955450 0.853386
