0.000000 0.155819 0.425633 0.509093 0.715939 0.828782 0.802386 0.729689 0.488650 0.621867 0.405182 0.304837 0.325329 0.347066 0.480050 0.674898 0.270068 0.250239 0.277539 0.234888 0.529200 0.972758 0.590416 0.385783 0.428046 0.610744 0.500044 0.777484 0.522925 0.539353 0.920340 0.646662 0.403693 0.497742 0.781319 0.832445 0.772174 0.833008 0.923441 0.813611 0.692986 0.711925 0.891304 0.764098 0.884791 0.934191 0.542010 0.595545 0.821247 0.725471 0.854857 0.774273 0.934843 0.643119 0.375618 0.458464 0.158123 0.163864 0.433348 0.384722 0.503174 0.678262 0.315514 0.324565 0.319722 0.447943 0.708895 0.857359 0.308393 0.370319 0.603000 0.500883 0.993212 0.914262 0.904862 0.964439 0.949190 0.874095 0.454757 0.338608 0.214100 0.237886 0.365500 0.244749 0.207984 0.190811 0.910893 0.515342 0.536075 0.276172 0.417277 0.547864 0.468665 0.551648 0.948561 0.924725 0.908706 0.945391 0.893666 0.981915 0.664005 0.842156 0.959573 0.682959 0.839779 0.751063 0.897122 0.956100 0.644797 0.853104 0.784062 0.992118 0.867754 0.910973 0.730340 0.616323
0.155819 0.000000 0.389387 0.436301 0.704807 0.828046 0.795163 0.682214 0.513281 0.663885 0.461925 0.320311 0.366837 0.345339 0.480450 0.628857 0.271029 0.262919 0.272960 0.231411 0.543425 0.960964 0.553157 0.368528 0.401334 0.570795 0.484489 0.777784 0.526065 0.545392 0.840573 0.608523 0.398213 0.433430 0.722416 0.857472 0.731980 0.783311 0.835640 0.838790 0.727054 0.653183 0.846941 0.715928 0.885468 0.919519 0.526028 0.585614 0.814994 0.708338 0.831032 0.743977 0.951829 0.677637 0.418440 0.454324 0.158243 0.156220 0.428592 0.400113 0.533326 0.672427 0.346331 0.325224 0.329590 0.469744 0.709539 0.857422 0.319473 0.348933 0.674118 0.512491 0.977068 0.948038 0.839376 0.944867 0.867983 0.886559 0.440457 0.341817 0.228594 0.272579 0.399172 0.270127 0.261591 0.209224 0.943817 0.580062 0.544496 0.291990 0.387915 0.508954 0.444697 0.490904 0.974894 0.967475 0.945193 0.961322 0.888763 0.956096 0.582479 0.826020 0.980040 0.726231 0.862641 0.732257 0.807568 0.954384 0.704452 0.828351 0.812566 0.997574 0.891595 0.900425 0.711838 0.594959
0.425633 0.389387 0.000000 0.246778 0.741349 0.961895 0.681346 0.524527 0.762150 0.841643 0.722668 0.557548 0.492233 0.539254 0.635556 0.641240 0.562399 0.551740 0.450311 0.509163 0.516635 0.960169 0.599649 0.449721 0.372414 0.449843 0.566765 0.887739 0.716081 0.766732 0.736534 0.560531 0.551609 0.546724 0.694580 0.834491 0.606238 0.720937 0.807715 0.693326 0.865132 0.608668 0.752768 0.663107 0.949090 0.909313 0.635506 0.682082 0.883571 0.729519 0.811645 0.754996 0.973347 0.867240 0.536594 0.616403 0.372683 0.384506 0.558646 0.505119 0.634504 0.610993 0.607698 0.563220 0.431308 0.476288 0.691036 0.819207 0.497320 0.482177 0.943311 0.805399 0.855828 0.855192 0.953323 0.787703 0.727389 0.886000 0.563218 0.554963 0.567210 0.581884 0.644360 0.604198 0.575627 0.418879 0.938395 0.935278 0.579942 0.501589 0.657603 0.754726 0.715064 0.711542 0.904088 0.933496 0.779317 0.803991 0.892180 0.787930 0.666523 0.967805 0.933405 0.764240 0.783465 0.675068 0.638903 0.983087 0.861312 0.833001 0.775013 0.957549 0.862842 0.780854 0.588272 0.723005
0.509093 0.436301 0.246778 0.000000 0.774995 0.903146 0.588325 0.366083 0.860521 0.984253 0.928383 0.666692 0.607425 0.580025 0.728103 0.590758 0.672372 0.683856 0.528296 0.672041 0.622180 0.989488 0.550612 0.439094 0.457507 0.436897 0.653126 0.903524 0.871921 0.880684 0.614655 0.512272 0.529257 0.520883 0.602073 0.868626 0.537200 0.723595 0.799645 0.675197 0.943023 0.570999 0.641175 0.582304 0.951322 0.816474 0.613426 0.639005 0.793264 0.637521 0.652058 0.577409 0.778268 0.905650 0.593072 0.596587 0.425659 0.448930 0.454209 0.410265 0.671501 0.570404 0.635825 0.573866 0.618948 0.524075 0.619925 0.683660 0.642470 0.434149 0.937346 0.853545 0.789589 0.814726 0.873959 0.770562 0.612915 0.835355 0.528838 0.575787 0.638693 0.719126 0.739180 0.672139 0.683302 0.461735 0.812087 0.995504 0.578419 0.529664 0.741972 0.834934 0.773318 0.742256 0.849421 0.969713 0.741812 0.714171 0.783932 0.672885 0.720131 0.930239 0.931584 0.695209 0.757750 0.604149 0.550942 0.823925 0.898400 0.807159 0.805634 0.866473 0.789347 0.695251 0.505832 0.806066
0.715939 0.704807 0.741349 0.774995 0.000000 0.701828 0.780828 0.911727 0.660105 0.625512 0.949092 0.913012 0.966350 0.947795 0.881584 0.849239 0.853097 0.827586 0.803506 0.692481 0.764310 0.945019 0.918513 0.938720 0.732499 0.810352 0.922910 0.981966 0.897397 0.973127 0.911378 0.985558 0.940519 0.974328 0.937520 0.734345 0.796691 0.823472 0.754505 0.953128 0.902604 0.843745 0.945367 0.984384 0.752386 0.871898 0.939287 0.912901 0.875464 0.906218 0.815893 0.846330 0.658500 0.583657 0.993764 0.979236 0.713930 0.748779 0.886582 0.860728 0.842141 0.786639 0.986528 0.966519 0.820923 0.974101 0.981175 0.902537 0.554842 0.613391 0.778899 0.724302 0.791794 0.705264 0.909179 0.897739 0.973748 0.786976 0.823126 0.835676 0.761598 0.723167 0.871478 0.744444 0.891242 0.815782 0.960878 0.931475 0.898059 0.826196 0.745881 0.711485 0.901895 0.745574 0.944005 0.992373 0.807945 0.969158 0.844511 0.887706 0.672266 0.647328 0.813137 0.971204 0.969988 0.945043 0.997842 0.937615 0.844921 0.861073 0.904135 0.823751 0.915489 0.886414 0.945432 0.822160
0.828782 0.828046 0.961895 0.903146 0.701828 0.000000 0.710977 0.657398 0.619387 0.651135 0.778891 0.866518 0.995605 0.925814 0.990594 0.836636 0.828176 0.809989 0.845176 0.773796 0.940352 0.985068 0.884841 0.953449 0.884423 0.936446 0.926970 0.899093 0.945910 0.961067 0.721488 0.817478 0.972139 0.907371 0.988761 0.926011 0.849984 0.751674 0.981000 0.806326 0.761467 0.788000 0.799027 0.781417 0.789782 0.877607 0.984559 0.986546 0.916678 0.874896 0.765281 0.764005 0.667812 0.589847 0.997818 0.928616 0.822432 0.827255 0.976202 0.980000 0.907677 0.745483 0.983208 0.995471 0.779930 0.919341 0.951570 0.822844 0.710484 0.899649 0.705413 0.723643 0.630217 0.696364 0.888008 0.845141 0.806649 0.683494 0.979928 0.937979 0.833884 0.725417 0.863995 0.735034 0.816488 0.864063 0.823059 0.879653 0.913601 0.886949 0.705530 0.861219 0.856205 0.902440 0.993546 0.844286 0.936968 0.969396 0.792392 0.780738 0.774477 0.832402 0.904160 0.939234 0.824364 0.815876 0.832520 0.812008 0.742257 0.910859 0.912072 0.915511 0.786177 0.805127 0.816556 0.837042
0.802386 0.795163 0.681346 0.588325 0.780828 0.710977 0.000000 0.219723 0.798835 0.457084 0.934529 0.817506 0.675106 0.799676 0.716112 0.721360 0.843564 0.894382 0.624962 0.929226 0.865960 0.947251 0.360643 0.780932 0.948597 0.942985 0.981602 0.982828 0.641755 0.846429 0.435626 0.491956 0.463552 0.412741 0.721359 0.969938 0.871921 0.929929 0.710454 0.922703 0.930820 0.819794 0.322659 0.355103 0.362506 0.368675 0.450208 0.509483 0.339137 0.294673 0.234215 0.254366 0.304321 0.402871 0.563596 0.521108 0.724613 0.767391 0.412368 0.446504 0.394886 0.337191 0.493164 0.496502 0.883207 0.716726 0.340404 0.347232 0.858967 0.876556 0.600227 0.800299 0.479601 0.454781 0.870353 0.502750 0.470791 0.527782 0.565097 0.719557 0.831122 0.932748 0.845323 0.973245 0.760131 0.779763 0.675561 0.963543 0.719588 0.780748 0.765295 0.654288 0.949414 0.902614 0.666768 0.729438 0.627261 0.763068 0.371928 0.336232 0.749813 0.512711 0.649931 0.604397 0.497509 0.452008 0.585917 0.708549 0.881031 0.897569 0.641778 0.502636 0.453294 0.607449 0.365169 0.913261
0.729689 0.682214 0.524527 0.366083 0.911727 0.657398 0.219723 0.000000 0.804070 0.538446 0.945200 0.741406 0.601623 0.687782 0.672922 0.533718 0.819429 0.861649 0.646975 0.909691 0.803197 0.996014 0.397831 0.608324 0.868998 0.763020 0.885301 0.955685 0.739673 0.870836 0.470323 0.496639 0.493646 0.429931 0.665461 0.902486 0.769560 0.829648 0.876547 0.844125 0.966044 0.720455 0.419106 0.437745 0.566288 0.546276 0.535563 0.612431 0.516614 0.420488 0.332410 0.310162 0.397265 0.483057 0.597726 0.606998 0.628948 0.661693 0.434822 0.432435 0.405795 0.291651 0.529899 0.488139 0.798325 0.555024 0.461911 0.458638 0.953079 0.717911 0.678378 0.876649 0.535190 0.539567 0.825302 0.576722 0.498468 0.604215 0.554038 0.694454 0.808706 0.986424 0.845942 0.961408 0.781004 0.680066 0.701752 0.919607 0.627891 0.760021 0.930617 0.869679 0.931282 0.933368 0.784285 0.871897 0.715683 0.789096 0.527193 0.450034 0.957893 0.641121 0.805261 0.691245 0.585398 0.548562 0.529668 0.736727 0.946421 0.867809 0.730275 0.691110 0.570260 0.620766 0.388436 0.955549
0.488650 0.513281 0.762150 0.860521 0.660105 0.619387 0.798835 0.804070 0.000000 0.511464 0.609131 0.630982 0.791776 0.592996 0.875976 0.996975 0.494494 0.468499 0.568789 0.457560 0.728346 0.857490 0.943741 0.641633 0.534555 0.643630 0.675219 0.900092 0.794998 0.705466 0.907029 0.869849 0.741605 0.783136 0.934679 0.956746 0.762912 0.848599 0.814932 0.993414 0.839121 0.989624 0.945700 0.929977 0.814060 0.959462 0.746450 0.717951 0.985647 0.956261 0.870529 0.924333 0.777757 0.586823 0.670193 0.627904 0.526522 0.526253 0.720510 0.759834 0.994562 0.883074 0.736938 0.707576 0.703452 0.832960 0.911033 0.979706 0.451087 0.554866 0.625949 0.648328 0.858481 0.829988 0.996156 0.971238 0.918385 0.726423 0.706618 0.586976 0.461738 0.402981 0.552669 0.374586 0.568665 0.521184 0.791081 0.577964 0.698331 0.467808 0.503066 0.651128 0.640128 0.716274 0.975246 0.865261 0.949226 0.917361 0.795754 0.941640 0.785097 0.800166 0.887465 0.729614 0.930519 0.899378 0.976678 0.959776 0.742543 0.832278 0.860632 0.973520 0.741685 0.958889 0.962744 0.716214
0.621867 0.663885 0.841643 0.984253 0.625512 0.651135 0.457084 0.538446 0.511464 0.000000 0.566396 0.774723 0.851095 0.797635 0.967786 0.848921 0.734622 0.644776 0.885660 0.586667 0.784367 0.996188 0.695796 0.767744 0.587893 0.788990 0.674360 0.757056 0.918908 0.900093 0.480386 0.722401 0.851645 0.773451 0.906173 0.957033 0.924075 0.809477 0.773913 0.970012 0.779293 0.984025 0.468160 0.573004 0.306020 0.402560 0.756211 0.775970 0.477929 0.520586 0.390260 0.448984 0.341363 0.252325 0.978215 0.936422 0.725810 0.686527 0.835391 0.931469 0.799753 0.647751 0.947970 0.963683 0.636297 0.786919 0.618266 0.483499 0.438222 0.713465 0.404478 0.542281 0.608679 0.555889 0.895790 0.660698 0.560143 0.512158 0.941016 0.864159 0.670284 0.437716 0.753302 0.507993 0.684038 0.632600 0.655604 0.571144 0.866823 0.694400 0.534842 0.523756 0.794579 0.811881 0.720417 0.926687 0.768427 0.779516 0.409709 0.494251 0.623507 0.524997 0.715998 0.829551 0.739220 0.764452 0.799379 0.744884 0.645513 0.931458 0.847775 0.602824 0.419725 0.760194 0.648235 0.684007
0.405182 0.461925 0.722668 0.928383 0.949092 0.778891 0.934529 0.945200 0.609131 0.566396 0.000000 0.300859 0.342897 0.356435 0.394511 0.661919 0.341285 0.271744 0.541546 0.371235 0.725992 0.907963 0.915024 0.609545 0.668711 0.923374 0.588906 0.754694 0.458887 0.387779 0.784667 0.948659 0.738576 0.755247 0.892431 0.941734 0.991242 0.981745 0.985071 0.945703 0.655192 0.932947 0.713564 0.811798 0.671845 0.748736 0.926156 0.996007 0.833748 0.892329 0.771380 0.811413 0.700017 0.487880 0.597444 0.742200 0.450297 0.415401 0.940246 0.899873 0.508081 0.698431 0.506699 0.499628 0.291131 0.429521 0.881025 0.785662 0.506156 0.791609 0.496048 0.592080 0.905573 0.861899 0.875781 0.896348 0.636109 0.751200 0.760464 0.595956 0.400855 0.338042 0.452647 0.381252 0.374190 0.448201 0.560894 0.564642 0.708713 0.651204 0.401561 0.459282 0.382651 0.613162 0.788224 0.945543 0.712802 0.678870 0.525967 0.646143 0.622518 0.739487 0.847054 0.950908 0.831329 0.897192 0.802596 0.739340 0.638396 0.884507 0.994662 0.777572 0.623535 0.757584 0.985259 0.619263
0.304837 0.320311 0.557548 0.666692 0.913012 0.866518 0.817506 0.741406 0.630982 0.774723 0.300859 0.000000 0.224419 0.208206 0.263847 0.429346 0.227201 0.226037 0.352966 0.308842 0.613233 0.976282 0.577443 0.429047 0.520001 0.730760 0.489054 0.814101 0.370029 0.328299 0.880591 0.655357 0.474812 0.466306 0.794684 0.893305 0.808158 0.854945 0.919258 0.785755 0.678142 0.892199 0.994544 0.876499 0.900304 0.987662 0.648199 0.738671 0.914312 0.817561 0.914176 0.853860 0.963737 0.727386 0.378674 0.532522 0.316242 0.265572 0.688054 0.649530 0.356815 0.491624 0.286900 0.246586 0.309317 0.364436 0.884776 0.964932 0.448301 0.568251 0.691973 0.662669 0.929549 0.950801 0.750562 0.961823 0.952757 0.897676 0.528976 0.392425 0.282525 0.316785 0.333719 0.328749 0.288014 0.314096 0.743840 0.558757 0.520343 0.500069 0.379980 0.487202 0.330130 0.454166 0.872384 0.939119 0.834982 0.790278 0.764706 0.878604 0.642329 0.877943 0.934459 0.786628 0.945393 0.885015 0.974050 0.803359 0.625957 0.867193 0.829143 0.909256 0.795846 0.893246 0.743922 0.615876
0.325329 0.366837 0.492233 0.607425 0.966350 0.995605 0.675106 0.601623 0.791776 0.851095 0.342897 0.224419 0.000000 0.263178 0.276884 0.406253 0.362513 0.329192 0.419303 0.429189 0.661354 0.996991 0.539597 0.390169 0.580140 0.738861 0.527848 0.872150 0.446467 0.446282 0.877296 0.621293 0.522250 0.499383 0.845075 0.882835 0.904143 0.909240 0.980692 0.824946 0.680588 0.905805 0.991109 0.896943 0.907583 0.996188 0.668874 0.800881 0.913604 0.784224 0.838024 0.770369 0.946423 0.834085 0.379671 0.563356 0.337275 0.310010 0.637301 0.560722 0.259197 0.390122 0.292910 0.291145 0.300207 0.283477 0.811820 0.888660 0.574893 0.642413 0.720421 0.699868 0.908005 0.939936 0.845954 0.952462 0.985187 0.910651 0.596838 0.439978 0.381527 0.428510 0.440671 0.447305 0.303386 0.294770 0.739035 0.604656 0.541458 0.513734 0.491449 0.609894 0.451673 0.568818 0.877130 0.940016 0.922973 0.794314 0.862139 0.945321 0.729813 0.995984 0.969903 0.877370 0.925287 0.878489 0.947865 0.803967 0.727521 0.959183 0.790383 0.884975 0.861935 0.925226 0.708579 0.683304
0.347066 0.345339 0.539254 0.580025 0.947795 0.925814 0.799676 0.687782 0.592996 0.797635 0.356435 0.208206 0.263178 0.000000 0.307509 0.343433 0.250963 0.227264 0.370196 0.353789 0.631667 0.944589 0.568361 0.328170 0.489959 0.609388 0.517227 0.881313 0.442789 0.311288 0.837359 0.595322 0.478579 0.433833 0.821973 0.948815 0.722594 0.801528 0.858892 0.787151 0.732245 0.875444 0.985860 0.865037 0.895260 0.990289 0.658902 0.728852 0.935543 0.795265 0.896612 0.816193 0.966931 0.832171 0.374951 0.488217 0.329742 0.287803 0.662805 0.631191 0.412186 0.455571 0.323520 0.277176 0.403780 0.301390 0.844250 0.890626 0.514398 0.545597 0.763457 0.703337 0.841057 0.858530 0.781503 0.884427 0.991053 0.920873 0.534923 0.384342 0.290050 0.325453 0.329256 0.292587 0.357954 0.298724 0.713790 0.527966 0.505531 0.497598 0.389888 0.483779 0.359009 0.472520 0.978238 0.919067 0.875976 0.848624 0.789893 0.951423 0.640439 0.911037 0.971005 0.796295 0.964068 0.830633 0.897177 0.867880 0.663545 0.958507 0.822661 0.921691 0.814108 0.928378 0.736408 0.653761
0.480050 0.480450 0.635556 0.728103 0.881584 0.990594 0.716112 0.672922 0.875976 0.967786 0.394511 0.263847 0.276884 0.307509 0.000000 0.351140 0.375078 0.365543 0.488497 0.473853 0.725758 0.854398 0.560933 0.462162 0.712879 0.847948 0.626565 0.839192 0.373802 0.338097 0.805815 0.687724 0.554557 0.461896 0.874714 0.892967 0.920984 0.970218 0.959051 0.813331 0.737143 0.950811 0.950501 0.863648 0.980870 0.929487 0.707886 0.789435 0.857402 0.779989 0.820739 0.778582 0.907927 0.900680 0.419340 0.559068 0.456324 0.428919 0.746266 0.740348 0.302051 0.399120 0.359084 0.332776 0.395800 0.396612 0.872368 0.940959 0.729886 0.815495 0.767497 0.784442 0.870909 0.899918 0.755149 0.846448 0.994571 0.997255 0.631377 0.556717 0.438934 0.527814 0.495687 0.524643 0.415356 0.474887 0.738312 0.700249 0.698248 0.654465 0.537864 0.575506 0.393896 0.486322 0.931623 0.944296 0.761705 0.748087 0.863238 0.927576 0.709125 0.914993 0.974498 0.881391 0.944943 0.914990 0.915535 0.726778 0.772424 0.995290 0.896487 0.899003 0.885425 0.905463 0.730845 0.720622
0.674898 0.628857 0.641240 0.590758 0.849239 0.836636 0.721360 0.533718 0.996975 0.848921 0.661919 0.429346 0.406253 0.343433 0.351140 0.000000 0.536844 0.572484 0.696944 0.728833 0.742732 0.910003 0.597564 0.469070 0.716192 0.739750 0.766912 0.937406 0.583821 0.485832 0.719004 0.591239 0.665607 0.531523 0.914146 0.929074 0.810018 0.829939 0.915444 0.724410 0.902513 0.892156 0.946287 0.892982 0.992817 0.959133 0.823470 0.866660 0.941758 0.817618 0.774503 0.702263 0.755342 0.864584 0.573980 0.762153 0.590811 0.560045 0.771282 0.777553 0.442964 0.376825 0.519024 0.460535 0.638985 0.408106 0.928937 0.859660 0.900350 0.755484 0.986464 0.944161 0.753163 0.821852 0.703635 0.826449 0.916574 0.961587 0.684956 0.595195 0.634451 0.733443 0.587690 0.721019 0.701887 0.601247 0.849953 0.926274 0.746339 0.816837 0.588640 0.598849 0.473304 0.502614 0.944670 0.835512 0.755679 0.847580 0.902119 0.997118 0.726629 0.966546 0.988640 0.937467 0.900350 0.936213 0.838217 0.840838 0.876911 0.973918 0.953461 0.887616 0.952044 0.964160 0.730239 0.755727
0.270068 0.271029 0.562399 0.672372 0.853097 0.828176 0.843564 0.819429 0.494494 0.734622 0.341285 0.227201 0.362513 0.250963 0.375078 0.536844 0.000000 0.178815 0.287066 0.247518 0.623570 0.950520 0.593779 0.457926 0.502022 0.709294 0.546542 0.771064 0.326547 0.292936 0.840815 0.644677 0.411072 0.423207 0.831960 0.922901 0.717722 0.858858 0.900158 0.791360 0.738484 0.809446 0.921086 0.771279 0.951096 0.888742 0.543586 0.586663 0.822492 0.732639 0.871422 0.815025 0.977021 0.717066 0.380689 0.445587 0.269555 0.236273 0.593256 0.590090 0.479809 0.605917 0.312656 0.281200 0.364620 0.465765 0.787261 0.859757 0.417174 0.534364 0.729157 0.585203 0.892272 0.953360 0.808581 0.885071 0.976120 0.936820 0.466574 0.380278 0.211087 0.273416 0.292927 0.280441 0.276561 0.295682 0.803744 0.488378 0.594757 0.418969 0.378844 0.504135 0.338246 0.471389 0.975094 0.993019 0.913917 0.859162 0.829281 0.969697 0.683975 0.839784 0.887525 0.712461 0.906965 0.780010 0.910072 0.895209 0.679517 0.905717 0.832785 0.924342 0.868354 0.935320 0.792186 0.669328
0.250239 0.262919 0.551740 0.683856 0.827586 0.809989 0.894382 0.861649 0.468499 0.644776 0.271744 0.226037 0.329192 0.227264 0.365543 0.572484 0.178815 0.000000 0.289828 0.211646 0.602507 0.986599 0.646933 0.424207 0.497835 0.693012 0.553737 0.750669 0.369611 0.321370 0.951190 0.674664 0.456691 0.469103 0.863005 0.932820 0.768965 0.835332 0.901458 0.809697 0.690076 0.822234 0.996472 0.863541 0.867715 0.994165 0.635333 0.685001 0.910362 0.811502 0.980930 0.916087 0.895495 0.629593 0.380009 0.472628 0.257718 0.228931 0.644489 0.634273 0.504010 0.635822 0.325108 0.303373 0.328020 0.430245 0.843859 0.943428 0.377004 0.515924 0.653504 0.561343 0.938502 0.985906 0.839484 0.939794 0.918273 0.863869 0.479041 0.367158 0.183938 0.205743 0.318593 0.223170 0.253894 0.284923 0.726400 0.465644 0.620519 0.414007 0.364057 0.447694 0.340631 0.479316 0.990073 0.990817 0.876858 0.870843 0.750853 0.918987 0.614511 0.765209 0.976059 0.796014 0.936013 0.832358 0.975673 0.868246 0.637335 0.942604 0.858754 0.962236 0.801365 0.970610 0.811848 0.643069
0.277539 0.272960 0.450311 0.528296 0.803506 0.845176 0.624962 0.646975 0.568789 0.885660 0.541546 0.352966 0.419303 0.370196 0.488497 0.696944 0.287066 0.289828 0.000000 0.271654 0.561071 0.894164 0.364699 0.465075 0.507938 0.674880 0.553030 0.913698 0.400011 0.478601 0.626363 0.465013 0.255673 0.335671 0.661451 0.920919 0.700369 0.882558 0.935199 0.810128 0.722659 0.734071 0.642016 0.517311 0.807104 0.631182 0.355821 0.384914 0.582890 0.472797 0.647950 0.593686 0.855919 0.888084 0.331369 0.318825 0.262835 0.266388 0.395683 0.402266 0.473798 0.599924 0.261398 0.255493 0.461403 0.591787 0.509828 0.636706 0.444301 0.477166 0.899929 0.697806 0.821167 0.846611 0.856850 0.799678 0.728711 0.921541 0.358145 0.337719 0.264105 0.368815 0.357592 0.348631 0.283670 0.305155 0.932999 0.600333 0.600042 0.354507 0.588791 0.744604 0.551648 0.618647 0.770900 0.838184 0.836538 0.862470 0.853740 0.729808 0.840362 0.945833 0.708066 0.574492 0.678641 0.533483 0.753422 0.999994 0.767570 0.746101 0.643201 0.813044 0.896596 0.771674 0.586613 0.717978
0.234888 0.231411 0.509163 0.672041 0.692481 0.773796 0.929226 0.909691 0.457560 0.586667 0.371235 0.308842 0.429189 0.353789 0.473853 0.728833 0.247518 0.211646 0.271654 0.000000 0.549074 0.942563 0.636180 0.506832 0.478442 0.654396 0.495565 0.809803 0.453867 0.445537 0.899400 0.727489 0.452911 0.502837 0.844483 0.958350 0.754594 0.765607 0.856672 0.861652 0.684224 0.776649 0.938082 0.801595 0.877755 0.962416 0.603011 0.637413 0.883593 0.796600 0.968855 0.912445 0.840069 0.575566 0.430378 0.489702 0.263999 0.245288 0.620865 0.601286 0.621108 0.772023 0.389287 0.373737 0.361757 0.557171 0.818686 0.966244 0.305928 0.451759 0.648023 0.553187 0.963187 0.980119 0.846383 0.973215 0.982851 0.858517 0.488993 0.403075 0.220156 0.220146 0.378852 0.247457 0.277260 0.306636 0.851116 0.524146 0.642408 0.368555 0.413286 0.535012 0.454595 0.510306 0.983200 0.871562 0.958161 0.926601 0.808261 0.943457 0.617737 0.728770 0.962514 0.751402 0.889866 0.791924 0.911605 0.895853 0.755530 0.869578 0.862972 0.973575 0.807778 0.974829 0.830366 0.634109
0.529200 0.543425 0.516635 0.622180 0.764310 0.940352 0.865960 0.803197 0.728346 0.784367 0.725992 0.613233 0.661354 0.631667 0.725758 0.742732 0.623570 0.602507 0.561071 0.549074 0.000000 0.948740 0.725794 0.663926 0.542465 0.566891 0.675076 0.929993 0.745014 0.770209 0.807325 0.615526 0.574221 0.650749 0.989826 0.885581 0.777110 0.785776 0.878491 0.775041 0.954129 0.783838 0.821664 0.730742 0.964278 0.861390 0.680995 0.624367 0.856630 0.744599 0.882569 0.818133 0.965909 0.843829 0.554859 0.693900 0.515085 0.539041 0.641308 0.627592 0.749059 0.790731 0.632414 0.634942 0.611555 0.696877 0.759888 0.872678 0.559410 0.637132 0.889985 0.737141 0.951974 0.953065 0.956252 0.839347 0.862368 0.972221 0.651953 0.498138 0.581810 0.593797 0.544619 0.630184 0.616568 0.557992 0.901838 0.926628 0.730784 0.635645 0.696682 0.766590 0.825125 0.837204 0.952800 0.829356 0.881726 0.966647 0.940029 0.876340 0.776378 0.913575 0.900771 0.681828 0.884805 0.695166 0.847892 0.973526 0.720118 0.749233 0.866787 0.984132 0.980578 0.591884 0.664143 0.693547
0.972758 0.960964 0.960169 0.989488 0.945019 0.985068 0.947251 0.996014 0.857490 0.996188 0.907963 0.976282 0.996991 0.944589 0.854398 0.910003 0.950520 0.986599 0.894164 0.942563 0.948740 0.000000 0.799383 0.964887 0.937747 0.896130 0.885664 0.931852 0.913278 0.953735 0.885335 0.906341 0.943413 0.872880 0.963588 0.981728 0.872987 0.999133 0.914711 0.912769 0.934251 0.857132 0.836300 0.847190 0.905741 0.852586 0.774316 0.807876 0.841334 0.864042 0.892627 0.871986 0.950665 0.975877 0.951068 0.965136 0.994061 0.987995 0.904174 0.910602 0.954660 0.946959 0.991547 0.956398 0.969160 0.857476 0.838191 0.962938 0.898892 0.918257 0.910370 0.936943 0.924685 0.938124 0.885262 0.971496 0.774005 0.902852 0.924462 0.883212 0.895137 0.983743 0.966177 0.981392 0.944596 0.945171 0.998600 0.928593 0.970240 0.876578 0.999118 0.856541 0.921924 0.955620 0.829618 0.846522 0.876157 0.963560 0.826438 0.998041 0.923601 0.958889 0.952615 0.939721 0.841104 0.811635 0.945457 0.974076 0.863251 0.736860 0.985981 0.866565 0.889932 0.874003 0.956555 0.852548
0.590416 0.553157 0.599649 0.550612 0.918513 0.884841 0.360643 0.397831 0.943741 0.695796 0.915024 0.577443 0.539597 0.568361 0.560933 0.597564 0.593779 0.646933 0.364699 0.636180 0.725794 0.799383 0.000000 0.559482 0.756935 0.765417 0.787084 0.931410 0.557808 0.697276 0.370882 0.343194 0.328932 0.326287 0.591342 0.957508 0.762228 0.938392 0.958448 0.882544 0.863348 0.747649 0.385787 0.337125 0.491567 0.387261 0.281379 0.361791 0.367961 0.283588 0.333951 0.290652 0.477360 0.620770 0.382736 0.366956 0.560272 0.550565 0.377141 0.414696 0.457830 0.489388 0.347806 0.332515 0.761841 0.742895 0.382004 0.446911 0.835212 0.650071 0.761039 0.970393 0.580075 0.602827 0.805295 0.619720 0.461247 0.781084 0.457374 0.508085 0.556806 0.767005 0.629014 0.723682 0.508283 0.543912 0.868388 0.778900 0.705386 0.538898 0.915094 0.960640 0.793622 0.759594 0.741129 0.860002 0.833910 0.797617 0.556021 0.491724 0.886912 0.731921 0.583700 0.544681 0.581252 0.420923 0.675729 0.929104 0.915112 0.698695 0.674527 0.687809 0.633037 0.715254 0.407819 0.859708
0.385783 0.368528 0.449721 0.439094 0.938720 0.953449 0.780932 0.608324 0.641633 0.767744 0.609545 0.429047 0.390169 0.328170 0.462162 0.469070 0.457926 0.424207 0.465075 0.506832 0.663926 0.964887 0.559482 0.000000 0.472493 0.526116 0.616476 0.824881 0.695405 0.612649 0.886627 0.595160 0.542117 0.549750 0.769079 0.890543 0.757079 0.809435 0.830786 0.865546 0.816072 0.744005 0.951153 0.843600 0.854132 0.990647 0.652959 0.736832 0.932466 0.770191 0.836844 0.731190 0.922430 0.903608 0.447807 0.547599 0.349783 0.324314 0.536411 0.520559 0.543786 0.582883 0.453276 0.436675 0.491653 0.394207 0.765641 0.865278 0.527223 0.466442 0.740593 0.725032 0.985427 0.997026 0.914797 0.973928 0.928796 0.825339 0.629742 0.534019 0.427544 0.451662 0.488290 0.403010 0.432884 0.296602 0.873961 0.592306 0.527821 0.434980 0.491128 0.552967 0.503621 0.561825 0.944994 0.959067 0.945843 0.955352 0.912636 0.961482 0.695471 0.938810 0.964811 0.799526 0.942419 0.783597 0.902953 0.832512 0.605423 0.920329 0.813616 0.856920 0.867816 0.960032 0.801566 0.664831
0.428046 0.401334 0.372414 0.457507 0.732499 0.884423 0.948597 0.868998 0.534555 0.587893 0.668711 0.520001 0.580140 0.489959 0.712879 0.716192 0.502022 0.497835 0.507938 0.478442 0.542465 0.937747 0.756935 0.472493 0.000000 0.270382 0.450833 0.864712 0.867625 0.754795 0.890839 0.678995 0.643868 0.685156 0.648948 0.937014 0.543741 0.693723 0.565668 0.736295 0.948628 0.675422 0.991348 0.841361 0.733206 0.908791 0.710636 0.723327 0.903917 0.908704 0.930678 0.972424 0.817441 0.676100 0.637961 0.668266 0.433822 0.384943 0.701897 0.628396 0.855705 0.864997 0.721370 0.643529 0.474575 0.559723 0.883268 0.995437 0.366964 0.467978 0.798848 0.651699 0.944710 0.947948 0.898130 0.937796 0.916273 0.890286 0.671474 0.566956 0.537118 0.460765 0.594112 0.415204 0.566959 0.380220 0.917935 0.764282 0.570534 0.434772 0.423313 0.553028 0.608778 0.615612 0.927976 0.986449 0.961371 0.950623 0.842679 0.995315 0.614401 0.774494 0.893291 0.752730 0.869354 0.760396 0.832377 0.793298 0.751256 0.781863 0.856427 0.843255 0.904738 0.907473 0.795543 0.695029
0.610744 0.570795 0.449843 0.436897 0.810352 0.936446 0.942985 0.763020 0.643630 0.788990 0.923374 0.730760 0.738861 0.609388 0.847948 0.739750 0.709294 0.693012 0.674880 0.654396 0.566891 0.896130 0.765417 0.526116 0.270382 0.000000 0.570839 0.917857 0.986625 0.875299 0.765775 0.674946 0.705417 0.665334 0.680372 0.956678 0.500858 0.605305 0.565294 0.791668 0.999617 0.543869 0.857150 0.745729 0.878869 0.993582 0.701298 0.714462 0.983745 0.831175 0.932483 0.847089 0.978634 0.935236 0.678997 0.647489 0.597396 0.556274 0.694764 0.629207 0.956162 0.832588 0.820363 0.764846 0.686981 0.634650 0.813257 0.873723 0.536154 0.489382 0.996435 0.791848 0.941681 0.913913 0.949552 0.961296 0.807118 0.990023 0.678500 0.625030 0.685490 0.651652 0.763971 0.564855 0.742538 0.519447 0.961873 0.859974 0.567022 0.507557 0.639634 0.757929 0.814816 0.740395 0.979474 0.885522 0.798450 0.833435 0.930410 0.856336 0.713585 0.939851 0.914367 0.729417 0.738004 0.716127 0.766654 0.975021 0.872246 0.792627 0.912042 0.973105 0.954036 0.778328 0.738882 0.830589
0.500044 0.484489 0.566765 0.653126 0.922910 0.926970 0.981602 0.885301 0.675219 0.674360 0.588906 0.489054 0.527848 0.517227 0.626565 0.766912 0.546542 0.553737 0.553030 0.495565 0.675076 0.885664 0.787084 0.616476 0.450833 0.570839 0.000000 0.749532 0.764700 0.707455 0.897388 0.806226 0.742790 0.677472 0.842777 0.898190 0.673343 0.868052 0.797872 0.798467 0.887507 0.909727 0.977389 0.919472 0.798059 0.904433 0.791803 0.804102 0.925098 0.965630 0.967543 0.952453 0.880238 0.733830 0.618292 0.734869 0.524952 0.493628 0.811447 0.701056 0.704281 0.769261 0.664264 0.606499 0.503536 0.534872 0.920991 0.978114 0.571412 0.704104 0.768783 0.730793 0.981288 0.981499 0.703333 0.926661 0.971331 0.904007 0.764091 0.654220 0.602347 0.508523 0.641931 0.543394 0.527256 0.437300 0.807878 0.744333 0.609187 0.578216 0.536550 0.718016 0.645905 0.790776 0.889080 0.980575 0.957106 0.922219 0.850070 0.899603 0.646431 0.879954 0.947213 0.792863 0.909405 0.807995 0.931824 0.815794 0.906834 0.947290 0.747611 0.901170 0.827540 0.971640 0.777101 0.839433
0.777484 0.777784 0.887739 0.903524 0.981966 0.899093 0.982828 0.955685 0.900092 0.757056 0.754694 0.814101 0.872150 0.881313 0.839192 0.937406 0.771064 0.750669 0.913698 0.809803 0.929993 0.931852 0.931410 0.824881 0.864712 0.917857 0.749532 0.000000 0.869460 0.850200 0.782888 0.864256 0.979774 0.968333 0.894254 0.969157 0.856883 0.878084 0.887107 0.872093 0.877709 0.799391 0.951811 0.979184 0.817509 0.830768 0.942876 0.962870 0.889454 0.880191 0.895601 0.905231 0.948771 0.834355 0.943885 0.985744 0.776033 0.757675 0.992836 0.967933 0.897190 0.887166 0.942283 0.867880 0.697449 0.691878 0.902838 0.856813 0.826160 0.807437 0.915971 0.945169 0.990760 0.952587 0.849917 0.944308 0.800699 0.905879 0.882804 0.945156 0.813761 0.732762 0.948295 0.800575 0.801774 0.791764 0.915725 0.822715 0.911903 0.788671 0.827785 0.808190 0.796111 0.972153 0.890471 0.942820 0.797370 0.935368 0.809726 0.898626 0.799659 0.846660 0.982039 0.992631 0.924675 0.940944 0.904254 0.999202 0.862189 0.866845 0.953933 0.942699 0.935482 0.988342 0.988189 0.894330
0.522925 0.526065 0.716081 0.871921 0.897397 0.945910 0.641755 0.739673 0.794998 0.918908 0.458887 0.370029 0.446467 0.442789 0.373802 0.583821 0.326547 0.369611 0.400011 0.453867 0.745014 0.913278 0.557808 0.695405 0.867625 0.986625 0.764700 0.869460 0.000000 0.258721 0.753258 0.664647 0.443614 0.386176 0.962246 0.978200 0.926750 0.936570 0.908022 0.858380 0.777945 0.873329 0.784873 0.700968 0.776810 0.711033 0.560005 0.601241 0.658987 0.645907 0.726211 0.736367 0.833539 0.983375 0.449370 0.516091 0.510336 0.493330 0.688549 0.748986 0.375384 0.489884 0.348805 0.340952 0.531509 0.607038 0.710297 0.767511 0.746522 0.765810 0.981364 0.889700 0.732024 0.718121 0.814679 0.818138 0.893754 0.862317 0.547276 0.512943 0.412356 0.574072 0.414768 0.595572 0.483678 0.613214 0.863274 0.686701 0.743427 0.687437 0.689692 0.775829 0.476750 0.643591 0.929468 0.913056 0.961825 0.905378 0.991587 0.914929 0.973004 0.967812 0.820894 0.804425 0.859270 0.754045 0.825069 0.999208 0.802928 0.891781 0.818192 0.844843 0.942440 0.963582 0.714961 0.828352
0.539353 0.545392 0.766732 0.880684 0.973127 0.961067 0.846429 0.870836 0.705466 0.900093 0.387779 0.328299 0.446282 0.311288 0.338097 0.485832 0.292936 0.321370 0.478601 0.445537 0.770209 0.953735 0.697276 0.612649 0.754795 0.875299 0.707455 0.850200 0.258721 0.000000 0.833192 0.724026 0.560461 0.465980 0.983230 0.952531 0.779569 0.823497 0.924276 0.858130 0.814525 0.892979 0.990959 0.872861 0.999920 0.919928 0.708821 0.741028 0.904462 0.841604 0.938203 0.909199 0.999324 0.854802 0.481515 0.559228 0.549456 0.497342 0.840388 0.886268 0.459281 0.522017 0.428463 0.385724 0.534810 0.505330 0.919497 0.921830 0.676118 0.763475 0.839223 0.834516 0.795855 0.795584 0.825400 0.856986 0.930477 0.996503 0.594988 0.486316 0.399026 0.505899 0.393459 0.487452 0.534025 0.579491 0.713267 0.623711 0.677281 0.697014 0.524706 0.562374 0.392106 0.534786 0.959771 0.989952 0.826142 0.845433 0.781980 0.898719 0.841595 0.898401 0.935856 0.875994 0.991370 0.874826 0.916465 0.852399 0.729074 0.986110 0.924035 0.992326 0.867058 0.905354 0.865962 0.854734
0.920340 0.840573 0.736534 0.614655 0.911378 0.721488 0.435626 0.470323 0.907029 0.480386 0.784667 0.880591 0.877296 0.837359 0.805815 0.719004 0.840815 0.951190 0.626363 0.899400 0.807325 0.885335 0.370882 0.886627 0.890839 0.765775 0.897388 0.782888 0.753258 0.833192 0.000000 0.377909 0.447454 0.381803 0.629110 0.888169 0.621777 0.892689 0.978805 0.868449 0.917938 0.785509 0.330310 0.293426 0.387233 0.317556 0.361253 0.374653 0.402045 0.320539 0.311815 0.303372 0.401592 0.445384 0.618402 0.531526 0.848873 0.858803 0.523427 0.600029 0.697510 0.599682 0.617588 0.590071 0.930441 0.997675 0.422394 0.378712 0.882267 0.867329 0.546002 0.771683 0.553352 0.534783 0.852500 0.553324 0.373906 0.551617 0.516231 0.706186 0.856833 0.865937 0.898008 0.961696 0.905551 0.875852 0.669869 0.903835 0.845354 0.818276 0.918606 0.801897 0.992438 0.898399 0.650224 0.807500 0.700414 0.728653 0.414435 0.378104 0.862612 0.685564 0.543015 0.582542 0.596622 0.426270 0.583771 0.789157 0.770010 0.751471 0.717236 0.552429 0.498871 0.635812 0.442179 0.883708
0.646662 0.608523 0.560531 0.512272 0.985558 0.817478 0.491956 0.496639 0.869849 0.722401 0.948659 0.655357 0.621293 0.595322 0.687724 0.591239 0.644677 0.674664 0.465013 0.727489 0.615526 0.906341 0.343194 0.595160 0.678995 0.674946 0.806226 0.864256 0.664647 0.724026 0.377909 0.000000 0.388933 0.374607 0.688061 0.982729 0.680478 0.831678 0.937064 0.776646 0.990695 0.769335 0.521051 0.431949 0.573379 0.459575 0.346293 0.384116 0.492774 0.390240 0.439539 0.385862 0.535392 0.682271 0.483467 0.476980 0.573754 0.584801 0.410498 0.470197 0.593632 0.575820 0.458164 0.454653 0.844704 0.785353 0.467141 0.436916 0.813926 0.657964 0.825075 0.960553 0.656859 0.695212 0.844223 0.687711 0.574116 0.849391 0.474009 0.475447 0.606123 0.818065 0.593376 0.765789 0.659587 0.619096 0.788046 0.959796 0.724001 0.605062 0.857384 0.924408 0.795164 0.777880 0.751535 0.923556 0.750623 0.791170 0.604279 0.516485 0.990921 0.799394 0.570014 0.532000 0.734019 0.420763 0.733906 0.898465 0.960451 0.735577 0.629643 0.733800 0.589260 0.647896 0.459234 0.932477
0.403693 0.398213 0.551609 0.529257 0.940519 0.972139 0.463552 0.493646 0.741605 0.851645 0.738576 0.474812 0.522250 0.478579 0.554557 0.665607 0.411072 0.456691 0.255673 0.452911 0.574221 0.943413 0.328932 0.542117 0.643868 0.705417 0.742790 0.979774 0.443614 0.560461 0.447454 0.388933 0.000000 0.274356 0.648916 0.905254 0.717382 0.890309 0.969419 0.823932 0.902026 0.705927 0.463724 0.371140 0.599740 0.449020 0.283318 0.309646 0.421027 0.336613 0.426130 0.387179 0.615292 0.827135 0.364622 0.315874 0.354074 0.375263 0.316942 0.346971 0.454227 0.510621 0.284161 0.278393 0.618078 0.673386 0.406164 0.486543 0.630597 0.516253 0.964792 0.836782 0.666569 0.706659 0.862792 0.640015 0.640347 0.745375 0.303763 0.372975 0.377156 0.581529 0.450874 0.506582 0.416227 0.427772 0.838904 0.702432 0.646784 0.462948 0.719008 0.902433 0.660488 0.703799 0.750783 0.834517 0.751945 0.856828 0.665590 0.558596 0.952233 0.862333 0.654988 0.504860 0.564815 0.442514 0.708180 0.884538 0.823593 0.723578 0.657046 0.663240 0.733612 0.630305 0.530407 0.868188
0.497742 0.433430 0.546724 0.520883 0.974328 0.907371 0.412741 0.429931 0.783136 0.773451 0.755247 0.466306 0.499383 0.433833 0.461896 0.531523 0.423207 0.469103 0.335671 0.502837 0.650749 0.872880 0.326287 0.549750 0.685156 0.665334 0.677472 0.968333 0.386176 0.465980 0.381803 0.374607 0.274356 0.000000 0.621311 0.913578 0.623997 0.790797 0.930480 0.871726 0.941192 0.670144 0.455605 0.361626 0.586924 0.471886 0.300540 0.357559 0.464409 0.371144 0.424479 0.390724 0.552184 0.740927 0.383857 0.318155 0.437092 0.451887 0.398104 0.469821 0.410606 0.393468 0.302753 0.262674 0.649441 0.600831 0.433517 0.501186 0.767364 0.613055 0.831658 0.948389 0.609941 0.602910 0.825627 0.642335 0.567749 0.690499 0.350846 0.399340 0.439213 0.668319 0.496514 0.598166 0.514224 0.500029 0.837687 0.778551 0.620708 0.512486 0.722407 0.867962 0.641920 0.650395 0.765072 0.812768 0.825789 0.857221 0.659848 0.549697 0.906112 0.844383 0.686447 0.577740 0.645806 0.472458 0.591979 0.900433 0.934076 0.755820 0.706690 0.675159 0.720838 0.699897 0.431975 0.955999
0.781319 0.722416 0.694580 0.602073 0.937520 0.988761 0.721359 0.665461 0.934679 0.906173 0.892431 0.794684 0.845075 0.821973 0.874714 0.914146 0.831960 0.863005 0.661451 0.844483 0.989826 0.963588 0.591342 0.769079 0.648948 0.680372 0.842777 0.894254 0.962246 0.983230 0.629110 0.688061 0.648916 0.621311 0.000000 0.995989 0.607784 0.931807 0.749717 0.848717 0.896973 0.730360 0.612318 0.547814 0.775243 0.693754 0.578131 0.613305 0.745661 0.623493 0.664189 0.664631 0.733653 0.824785 0.707577 0.586266 0.750460 0.736691 0.647273 0.643295 0.840527 0.797068 0.733340 0.677667 0.870184 0.880436 0.615714 0.675179 0.859655 0.753284 0.825759 0.973452 0.845441 0.749203 0.994361 0.831221 0.621047 0.772641 0.730018 0.774353 0.797233 0.893059 0.922052 0.801613 0.799145 0.725887 0.818048 0.968915 0.601428 0.679636 0.904750 0.966258 0.908795 0.816877 0.800655 0.980873 0.767049 0.835239 0.735089 0.625580 0.968669 0.975139 0.589603 0.629583 0.586600 0.681994 0.713276 0.983608 0.946469 0.680547 0.648669 0.771485 0.755248 0.866251 0.567632 0.986266
0.832445 0.857472 0.834491 0.868626 0.734345 0.926011 0.969938 0.902486 0.956746 0.957033 0.941734 0.893305 0.882835 0.948815 0.892967 0.929074 0.922901 0.932820 0.920919 0.958350 0.885581 0.981728 0.957508 0.890543 0.937014 0.956678 0.898190 0.969157 0.978200 0.952531 0.888169 0.982729 0.905254 0.913578 0.995989 0.000000 0.790199 0.855094 0.971784 0.849843 0.781910 0.849510 0.998699 0.958116 0.934320 0.991051 0.989201 0.933016 0.926573 0.964784 0.978824 0.964227 0.926163 0.844033 0.959294 0.934699 0.791808 0.818307 0.893800 0.829641 0.889473 0.969690 0.925758 0.923249 0.810237 0.924404 0.982647 0.930640 0.797295 0.895081 0.869880 0.751648 0.835465 0.881435 0.889593 0.987193 0.995174 0.863950 0.987307 0.979675 0.853542 0.871933 0.909494 0.913574 0.869413 0.921838 0.920559 0.965460 0.893942 0.960184 0.891988 0.867480 0.870553 0.851738 0.892054 0.745122 0.861584 0.724019 0.928376 0.884523 0.777767 0.891328 0.820781 0.813636 0.946852 0.886787 0.921936 0.998344 0.863629 0.948462 0.967883 0.941398 0.988736 0.973261 0.957738 0.735367
0.772174 0.731980 0.606238 0.537200 0.796691 0.849984 0.871921 0.769560 0.762912 0.924075 0.991242 0.808158 0.904143 0.722594 0.920984 0.810018 0.717722 0.768965 0.700369 0.754594 0.777110 0.872987 0.762228 0.757079 0.543741 0.500858 0.673343 0.856883 0.926750 0.779569 0.621777 0.680478 0.717382 0.623997 0.607784 0.790199 0.000000 0.605706 0.619399 0.724417 0.976988 0.722186 0.770170 0.660425 0.964617 0.868256 0.703932 0.644547 0.979596 0.822812 0.884688 0.829940 0.927868 0.922911 0.720845 0.677764 0.759381 0.738060 0.787977 0.811532 0.965698 0.854099 0.828102 0.740309 0.880045 0.779500 0.763991 0.765417 0.752215 0.616574 0.836706 0.857290 0.640533 0.707905 0.947524 0.856595 0.763152 0.849706 0.666661 0.748936 0.748080 0.788880 0.757749 0.753470 0.858032 0.685286 0.917629 0.911014 0.630618 0.688017 0.789392 0.812728 0.803094 0.789478 0.891842 0.853964 0.916786 0.782954 0.899493 0.786995 0.868973 0.982419 0.751895 0.593628 0.742456 0.606370 0.713195 0.883551 0.990725 0.867093 0.921824 0.870122 0.901500 0.786421 0.656498 0.966067
0.833008 0.783311 0.720937 0.723595 0.823472 0.751674 0.929929 0.829648 0.848599 0.809477 0.981745 0.854945 0.909240 0.801528 0.970218 0.829939 0.858858 0.835332 0.882558 0.765607 0.785776 0.999133 0.938392 0.809435 0.693723 0.605305 0.868052 0.878084 0.936570 0.823497 0.892689 0.831678 0.890309 0.790797 0.931807 0.855094 0.605706 0.000000 0.756780 0.949358 0.930565 0.592414 0.979773 0.913748 0.858123 0.887090 0.973259 0.970889 0.862769 0.937585 0.927637 0.957591 0.977083 0.955314 0.926188 0.908534 0.836704 0.786406 0.981916 0.961720 0.991954 0.863146 0.926036 0.837154 0.893019 0.735365 0.947752 0.976588 0.718206 0.582288 0.886108 0.990224 0.803848 0.800679 0.818437 0.991343 0.918301 0.982881 0.742378 0.756082 0.818203 0.772454 0.777891 0.806169 0.945748 0.822943 0.883168 0.919258 0.670049 0.791316 0.870252 0.783782 0.918223 0.788958 0.906598 0.890354 0.970553 0.898837 0.947341 0.939866 0.902591 0.956924 0.967738 0.886026 0.918016 0.777936 0.804041 0.839157 0.916794 0.898302 0.863569 0.862499 0.844293 0.782868 0.907792 0.817171
