0.000000 0.178561 0.644944 0.724603 0.663125 0.817183 0.954757 0.409341 0.759866 0.551130 0.282173 0.226309 0.354947 0.247879 0.626669 0.582936 0.289348 0.254775 0.289649 0.248718 0.953676 0.827220 0.876043 0.980748 0.676834 0.713553 0.931053 0.973582 0.290443 0.316231 0.892133 0.877819 0.593460 0.411532 0.656802 0.615549 0.960902 0.931442 0.979261 0.844691 0.632803 0.621197 0.868409 0.520676 0.854450 0.408090 0.581014 0.523291 0.188693 0.217778 0.210775 0.224028 0.268131 0.343385 0.553280 0.377210 0.262258 0.221959 0.327799 0.248384 0.602226 0.300887 0.324994 0.248164 0.453895 0.628210 0.636112 0.679063 0.435749 0.406779 0.909505 0.866806 0.444748 0.406483 0.858339 0.788335 0.411166 0.538841 0.552618 0.390508 0.277750 0.274885 0.497347 0.588124 0.741415 0.770164 0.749086 0.952844 0.956125 0.609531 0.925625 0.469276 0.519417 0.348299 0.918807 0.756744 0.866095 0.584867 0.594333 0.646780 0.753955 0.984749 0.481135 0.465475 0.757613 0.965648 0.926071 0.931943 0.842801 0.953613 0.803816 0.956745 0.504551 0.890112 0.892246 0.725513
0.178561 0.000000 0.610345 0.734005 0.650689 0.789778 0.926933 0.374144 0.766449 0.509447 0.297175 0.222469 0.419680 0.265853 0.657451 0.578665 0.266000 0.238814 0.261525 0.210710 0.977300 0.793827 0.886370 0.998753 0.679634 0.731543 0.969124 0.983184 0.262981 0.297653 0.852255 0.830728 0.574100 0.420180 0.655684 0.620996 0.958860 0.881168 0.948466 0.856726 0.683376 0.697961 0.886895 0.522358 0.865309 0.422345 0.586320 0.515494 0.191216 0.206735 0.207497 0.224956 0.289380 0.344114 0.542877 0.383128 0.225416 0.185529 0.395207 0.285145 0.665986 0.287684 0.345750 0.244428 0.405948 0.651708 0.589840 0.697489 0.431201 0.376901 0.878734 0.831250 0.394763 0.397073 0.759321 0.812744 0.402706 0.543951 0.537779 0.340330 0.241605 0.238205 0.521279 0.564611 0.755598 0.746894 0.725263 0.894359 0.956711 0.653608 0.916554 0.481296 0.523747 0.390381 0.902237 0.743478 0.872234 0.576599 0.624483 0.664862 0.718214 0.974580 0.491767 0.515247 0.745239 0.979823 0.939712 0.863563 0.844447 0.931463 0.820287 0.934267 0.521723 0.859797 0.963285 0.701454
0.644944 0.610345 0.000000 0.661674 0.745853 0.949643 0.454233 0.905571 0.634083 0.928244 0.682128 0.541448 0.871451 0.561056 0.993609 0.764704 0.732892 0.742213 0.649090 0.568106 0.933845 0.990235 0.624552 0.990472 0.542071 0.372755 0.927274 0.982311 0.697688 0.691944 0.645830 0.766709 0.803977 0.893084 0.458513 0.610970 0.756890 0.907562 0.795273 0.915788 0.998583 0.987678 0.607361 0.935482 0.674173 0.956288 0.932572 0.892917 0.695653 0.613600 0.737737 0.720483 0.778054 0.867693 0.862355 0.795585 0.647835 0.567354 0.771267 0.597320 0.865638 0.681638 0.748937 0.661654 0.279703 0.460078 0.371445 0.404672 0.602164 0.604192 0.960483 0.962530 0.765465 0.807440 0.987883 0.955835 0.771275 0.941739 0.948846 0.803268 0.767553 0.720660 0.906837 0.895512 0.719542 0.922581 0.768952 0.843821 0.748556 0.905359 0.521496 0.430901 0.315118 0.500163 0.792063 0.830516 0.782300 0.518672 0.819764 0.788175 0.935941 0.699271 0.963404 0.984074 0.820023 0.660363 0.887390 0.720776 0.988681 0.870540 0.668930 0.820815 0.941252 0.974367 0.682858 0.896112
0.724603 0.734005 0.661674 0.000000 0.963075 0.969324 0.718502 0.722006 0.984476 0.836208 0.800666 0.824593 0.754311 0.810808 0.828855 0.881772 0.739660 0.741221 0.811252 0.751014 0.992342 0.917939 0.798054 0.881143 0.840931 0.759448 0.982576 0.962998 0.824043 0.842270 0.867345 0.871476 0.638511 0.781524 0.961406 0.925821 0.946200 0.804096 0.781095 0.872386 0.869837 0.805730 0.871823 0.757093 0.808212 0.733493 0.825062 0.606723 0.725920 0.755920 0.680204 0.701958 0.663049 0.707316 0.732064 0.748595 0.709910 0.727724 0.713315 0.826908 0.706400 0.765642 0.836221 0.779003 0.809165 0.775248 0.869587 0.864331 0.724616 0.700561 0.995532 0.901084 0.862480 0.933409 0.845642 0.871210 0.887221 0.894494 0.693023 0.732743 0.752635 0.681839 0.613046 0.637184 0.602902 0.648062 0.931489 0.775026 0.745376 0.764204 0.866022 0.991448 0.894128 0.942543 0.908640 0.939917 0.681861 0.882656 0.742032 0.733205 0.989563 0.755799 0.786905 0.753225 0.680721 0.767122 0.872957 0.898779 0.965567 0.931748 0.946705 0.956689 0.724191 0.960350 0.955802 0.844710
0.663125 0.650689 0.745853 0.963075 0.000000 0.986565 0.997874 0.727125 0.888771 0.754690 0.685677 0.662139 0.756184 0.668545 0.913446 0.868034 0.633478 0.645905 0.544724 0.645178 0.983906 0.947929 0.905732 0.963437 0.966061 0.885046 0.988349 0.907003 0.730413 0.726894 0.916664 0.890674 0.833762 0.721965 0.857815 0.870636 0.932530 0.818713 0.861606 0.988737 0.908680 0.818476 0.985256 0.831854 0.856717 0.771315 0.980384 0.772025 0.721941 0.729697 0.748720 0.739902 0.757081 0.770236 0.743654 0.703410 0.683443 0.712068 0.771890 0.917437 0.944782 0.753855 0.727585 0.682237 0.674187 0.722852 0.845001 0.807755 0.713910 0.745634 0.653399 0.723989 0.789421 0.659851 0.895338 0.926549 0.616669 0.736121 0.817128 0.684395 0.624614 0.571165 0.778577 0.619660 0.986650 0.997386 0.990840 0.824080 0.923869 0.741554 0.851486 0.660156 0.733828 0.687541 0.925623 0.904576 0.886965 0.817139 0.859833 0.800409 0.884031 0.890033 0.725723 0.725922 0.984824 0.954137 0.970761 0.775325 0.970423 0.907977 0.861007 0.816106 0.930583 0.973040 0.955238 0.743427
0.817183 0.789778 0.949643 0.969324 0.986565 0.000000 0.914965 0.650033 0.882539 0.756231 0.830399 0.759579 0.759737 0.766231 0.814872 0.770063 0.882280 0.869283 0.904665 0.839670 0.845489 0.925304 0.894935 0.906562 0.805945 0.959462 0.943260 0.903782 0.747858 0.736070 0.857071 0.775660 0.783638 0.790169 0.916231 0.879638 0.986310 0.981761 0.914622 0.981083 0.976099 0.999824 0.760464 0.663466 0.940868 0.743905 0.816961 0.928662 0.786294 0.709451 0.765463 0.732080 0.864949 0.701288 0.928558 0.929801 0.842794 0.857845 0.843540 0.728233 0.888917 0.753244 0.768831 0.773608 0.823320 0.976148 0.955360 0.956368 0.864285 0.889686 0.837946 0.908153 0.950988 0.841831 0.845447 0.985554 0.710254 0.764969 0.925611 0.831970 0.807239 0.851397 0.875959 0.990107 0.871888 0.989698 0.994829 0.847534 0.794415 0.882965 0.864928 0.986905 0.938040 0.995123 0.953458 0.948584 0.919713 0.835808 0.815748 0.837228 0.784419 0.953330 0.905198 0.771761 0.779730 0.862470 0.827409 0.753536 0.738154 0.865995 0.947429 0.880263 0.960058 0.861428 0.939575 0.942800
0.954757 0.926933 0.454233 0.718502 0.997874 0.914965 0.000000 0.553711 0.526312 0.511331 0.793738 0.992537 0.751785 0.884347 0.868415 0.933648 0.813515 0.856801 0.966169 0.910786 0.860462 0.888874 0.986476 0.640584 0.974893 0.760168 0.663430 0.871978 0.857509 0.802769 0.600699 0.586805 0.518259 0.642774 0.694754 0.852336 0.812342 0.985167 0.892134 0.983902 0.968086 0.964317 0.325790 0.495727 0.330305 0.622196 0.654959 0.593623 0.994396 0.874571 0.984679 0.947616 0.937286 0.931290 0.999673 0.994800 0.958730 0.822492 0.861175 0.863837 0.431576 0.858383 0.764134 0.867916 0.663323 0.623918 0.386900 0.323802 0.643772 0.762235 0.809610 0.681098 0.968393 0.941171 0.964747 0.991480 0.877179 0.863238 0.707390 0.928207 0.856810 0.980760 0.909377 0.856478 0.953470 0.790844 0.893545 0.691668 0.959235 0.910436 0.460716 0.567591 0.523025 0.651668 0.859091 0.892184 0.666889 0.584934 0.427551 0.447243 0.597881 0.606056 0.723090 0.654080 0.794584 0.625458 0.925350 0.588921 0.744262 0.989708 0.648907 0.498834 0.689173 0.920074 0.686187 0.914000
0.409341 0.374144 0.905571 0.722006 0.727125 0.650033 0.553711 0.000000 0.830943 0.267045 0.272812 0.318609 0.406666 0.455562 0.707912 0.670735 0.312666 0.348023 0.441607 0.433217 0.818332 0.939598 0.770074 0.674834 0.532241 0.779788 0.770513 0.874907 0.300894 0.272856 0.733778 0.679569 0.454054 0.335369 0.794744 0.722568 0.967491 0.986288 0.952064 0.906415 0.884400 0.818421 0.545519 0.319423 0.510341 0.293944 0.532743 0.441191 0.380338 0.434427 0.378240 0.433322 0.540493 0.458405 0.740294 0.584806 0.384374 0.469647 0.438057 0.484523 0.367779 0.273652 0.285883 0.291097 0.613985 0.946472 0.999901 0.867597 0.827117 0.662558 0.794748 0.698846 0.548400 0.491014 0.706074 0.867023 0.453908 0.554742 0.516839 0.501839 0.352996 0.429233 0.614375 0.645330 0.968043 0.942662 0.826846 0.849216 0.862209 0.920885 0.787084 0.861113 0.862018 0.758057 0.945722 0.679494 0.776415 0.871925 0.361119 0.440501 0.520688 0.721629 0.504853 0.392632 0.715223 0.734717 0.948208 0.869608 0.723434 0.886084 0.852959 0.610086 0.455895 0.830898 0.804519 0.727730
0.759866 0.766449 0.634083 0.984476 0.888771 0.882539 0.526312 0.830943 0.000000 0.749120 0.909224 0.808609 0.925469 0.699450 0.989754 0.847891 0.923961 0.857104 0.791053 0.766146 0.933819 0.867744 0.891388 0.640028 0.969902 0.739980 0.751107 0.847151 0.955930 0.995956 0.651472 0.645302 0.919060 0.976700 0.715327 0.943272 0.888250 0.979307 0.940302 0.938945 0.776104 0.956506 0.595500 0.760776 0.588373 0.798954 0.947506 0.818406 0.859399 0.810117 0.921655 0.904396 0.878691 0.995119 0.836752 0.972918 0.841090 0.721245 0.826191 0.790506 0.795427 0.967190 0.964435 0.892555 0.698738 0.633149 0.617829 0.581755 0.665883 0.745813 0.906004 0.883151 0.813155 0.877231 0.978418 0.941978 0.985713 0.993797 0.994217 0.820812 0.931596 0.848877 0.838436 0.894153 0.869673 0.755793 0.716153 0.673923 0.987876 0.823178 0.650592 0.530269 0.575477 0.573157 0.816265 0.963769 0.956262 0.798591 0.724274 0.752519 0.689526 0.774861 0.975308 0.903059 0.797321 0.709846 0.974628 0.602316 0.957260 0.890130 0.696626 0.772741 0.845945 0.853178 0.784952 0.950894
0.551130 0.509447 0.928244 0.836208 0.754690 0.756231 0.511331 0.267045 0.749120 0.000000 0.348863 0.407268 0.445007 0.566025 0.700814 0.719412 0.333863 0.380301 0.546511 0.584305 0.929891 0.910189 0.774726 0.673730 0.597636 0.759658 0.686979 0.886617 0.361826 0.312366 0.686605 0.662271 0.466587 0.399629 0.837803 0.844114 0.849861 0.934312 0.927467 0.864862 0.909528 0.847913 0.483359 0.304524 0.439741 0.313436 0.558716 0.452348 0.498742 0.638384 0.513003 0.621117 0.664224 0.642188 0.749268 0.619727 0.457228 0.610270 0.499213 0.672491 0.350157 0.388818 0.354952 0.333285 0.706370 0.949997 0.869171 0.771640 0.904606 0.791633 0.757502 0.492842 0.590718 0.589636 0.801466 0.880561 0.550998 0.551541 0.536724 0.547747 0.390296 0.495015 0.672902 0.620959 0.982384 0.877461 0.954005 0.886724 0.857805 0.889047 0.813974 0.858556 0.854987 0.819586 0.957250 0.722408 0.718381 0.962550 0.342682 0.348890 0.555035 0.747535 0.512348 0.414197 0.767692 0.843986 0.905415 0.792344 0.659650 0.909043 0.909805 0.525340 0.521172 0.899236 0.827524 0.722424
0.282173 0.297175 0.682128 0.800666 0.685677 0.830399 0.793738 0.272812 0.909224 0.348863 0.000000 0.223908 0.309697 0.311589 0.612662 0.566602 0.225061 0.237914 0.310880 0.327172 0.854558 0.941485 0.751381 0.770441 0.494238 0.621467 0.874084 0.923918 0.225886 0.212303 0.890464 0.828171 0.477317 0.358978 0.678054 0.701692 0.979575 0.993235 0.865239 0.766972 0.762319 0.693073 0.697786 0.431714 0.692082 0.339068 0.589210 0.505627 0.312103 0.375458 0.347567 0.393166 0.464226 0.458862 0.611839 0.555576 0.318422 0.351872 0.312469 0.391908 0.402436 0.274121 0.214619 0.200264 0.457272 0.692181 0.858357 0.917517 0.661404 0.585923 0.914710 0.723486 0.425835 0.418795 0.817358 0.834707 0.450601 0.499285 0.455019 0.454234 0.285830 0.336412 0.616164 0.592826 0.934701 0.988201 0.737265 0.992465 0.889260 0.746748 0.970783 0.608825 0.606260 0.492048 0.924424 0.677546 0.793850 0.698451 0.459681 0.543325 0.616836 0.831135 0.490662 0.389072 0.785100 0.904193 0.972007 0.964390 0.732414 0.788161 0.918275 0.806338 0.489574 0.815546 0.824647 0.694541
0.226309 0.222469 0.541448 0.824593 0.662139 0.759579 0.992537 0.318609 0.808609 0.407268 0.223908 0.000000 0.310062 0.213725 0.607188 0.488970 0.239268 0.241918 0.300257 0.253073 0.921013 0.842400 0.786076 0.919441 0.495824 0.550793 0.948021 0.958274 0.254723 0.234543 0.955616 0.919324 0.588012 0.387134 0.565599 0.602396 0.997033 0.993965 0.902188 0.822934 0.763374 0.758529 0.837289 0.480370 0.823801 0.384013 0.638540 0.560210 0.254580 0.290641 0.306115 0.333047 0.413555 0.463421 0.656155 0.509018 0.259419 0.255587 0.360402 0.309595 0.544891 0.244511 0.238069 0.185709 0.362553 0.665513 0.683529 0.742528 0.529038 0.483837 0.824846 0.731983 0.442744 0.457804 0.785059 0.805007 0.389905 0.498540 0.554449 0.421141 0.289086 0.280361 0.556080 0.608720 0.908320 0.869708 0.743178 0.889292 0.880250 0.734935 0.893776 0.456988 0.462458 0.406879 0.897218 0.658419 0.906762 0.645146 0.547626 0.641707 0.705160 0.940379 0.527963 0.487962 0.836667 0.996412 0.985974 0.939471 0.760461 0.842835 0.843645 0.862242 0.500961 0.863800 0.909604 0.703318
0.354947 0.419680 0.871451 0.754311 0.756184 0.759737 0.751785 0.406666 0.925469 0.445007 0.309697 0.310062 0.000000 0.332506 0.404602 0.422242 0.341439 0.342832 0.396331 0.495911 0.912503 0.913337 0.941887 0.988715 0.671303 0.747594 0.995395 0.990472 0.359185 0.304910 0.755101 0.836575 0.473633 0.399268 0.738074 0.742610 0.907026 0.862364 0.967846 0.941592 0.784138 0.748177 0.607127 0.400574 0.761544 0.432868 0.554682 0.532102 0.418067 0.440621 0.448325 0.453537 0.519308 0.528607 0.766096 0.656516 0.395953 0.455760 0.328001 0.412320 0.437091 0.449408 0.240410 0.276215 0.705505 0.779821 0.977846 0.991018 0.797990 0.694026 0.763877 0.674869 0.588611 0.601181 0.936765 0.796411 0.473957 0.432523 0.513458 0.526908 0.396379 0.407469 0.553643 0.656370 0.826338 0.841965 0.828488 0.986635 0.980633 0.705403 0.933667 0.615805 0.707330 0.499486 0.910048 0.715067 0.753162 0.752216 0.460049 0.573799 0.617060 0.913571 0.455892 0.460185 0.709797 0.761106 0.959623 0.915277 0.650925 0.913092 0.872886 0.842440 0.524069 0.848770 0.708431 0.675743
0.247879 0.265853 0.561056 0.810808 0.668545 0.766231 0.884347 0.455562 0.699450 0.566025 0.311589 0.213725 0.332506 0.000000 0.527551 0.397090 0.313874 0.287704 0.304639 0.306806 0.978483 0.790285 0.982159 0.858128 0.641507 0.626436 0.940189 0.993607 0.338846 0.315184 0.927328 0.976809 0.633186 0.440537 0.580748 0.645801 0.995893 0.970559 0.860790 0.821788 0.748719 0.687085 0.876673 0.558107 0.956690 0.467365 0.653902 0.602798 0.298366 0.284198 0.345182 0.323477 0.417993 0.452737 0.713261 0.584063 0.340890 0.284671 0.403089 0.328741 0.674790 0.378286 0.293119 0.251413 0.430940 0.661280 0.676003 0.685671 0.546582 0.508023 0.795719 0.781203 0.497732 0.469901 0.807976 0.781173 0.470715 0.497887 0.535152 0.434619 0.338642 0.285450 0.537806 0.632819 0.806586 0.695271 0.716452 0.839089 0.911336 0.672254 0.818778 0.407903 0.427384 0.306282 0.882070 0.757338 0.991726 0.563450 0.650616 0.716017 0.803545 0.986380 0.563120 0.530397 0.801877 0.960787 0.987714 0.831628 0.773093 0.867552 0.812640 0.979598 0.576962 0.899469 0.906285 0.773860
0.626669 0.657451 0.993609 0.828855 0.913446 0.814872 0.868415 0.707912 0.989754 0.700814 0.612662 0.607188 0.404602 0.527551 0.000000 0.381869 0.600421 0.572495 0.601991 0.711735 0.922122 0.994306 0.620394 0.820794 0.965507 0.992440 0.903201 0.985874 0.639344 0.573947 0.619867 0.749336 0.540916 0.577787 0.960591 0.874294 0.820032 0.846530 0.962961 0.935781 0.899528 0.909416 0.595582 0.506681 0.858059 0.582248 0.708544 0.618324 0.653250 0.646596 0.698934 0.636827 0.714938 0.689641 0.923664 0.866402 0.630464 0.639451 0.618832 0.618478 0.689643 0.707658 0.472976 0.535693 0.982210 0.968079 0.795561 0.847915 0.981755 0.895392 0.697289 0.653337 0.751935 0.860527 0.997931 0.888951 0.611315 0.595494 0.580646 0.672656 0.620549 0.594994 0.607528 0.923590 0.700453 0.600373 0.850708 0.932638 0.892869 0.728023 0.931320 0.797296 0.819245 0.680379 0.972826 0.844972 0.857206 0.749849 0.673596 0.648093 0.689197 0.958248 0.721520 0.660959 0.790331 0.806711 0.869606 0.952288 0.785692 0.984133 0.848504 0.916503 0.779289 0.866395 0.614166 0.871050
0.582936 0.578665 0.764704 0.881772 0.868034 0.770063 0.933648 0.670735 0.847891 0.719412 0.566602 0.488970 0.422242 0.397090 0.381869 0.000000 0.574690 0.579876 0.568481 0.650947 0.944494 0.822956 0.789854 0.760748 0.811532 0.786630 0.931366 0.985902 0.616288 0.521012 0.817614 0.903203 0.681141 0.660029 0.781129 0.809737 0.906253 0.816088 0.986760 0.944012 0.925103 0.941685 0.797063 0.603397 0.932015 0.698768 0.774853 0.711636 0.638832 0.602531 0.679482 0.651434 0.790625 0.807706 0.924237 0.992455 0.565738 0.586420 0.592374 0.534523 0.797529 0.671670 0.475960 0.467778 0.781391 0.867547 0.925493 0.910018 0.834047 0.726292 0.729259 0.732005 0.769408 0.774676 0.927714 0.824182 0.690774 0.529896 0.670614 0.628024 0.589411 0.522452 0.697201 0.840740 0.766256 0.575117 0.768981 0.855948 0.936684 0.807207 0.777934 0.577672 0.580607 0.542559 0.984567 0.805681 0.924822 0.650385 0.853400 0.857868 0.767751 0.959394 0.724545 0.655234 0.844569 0.759052 0.970615 0.872481 0.765835 0.881574 0.847879 0.994876 0.753496 0.876920 0.762892 0.821620
0.289348 0.266000 0.732892 0.739660 0.633478 0.882280 0.813515 0.312666 0.923961 0.333863 0.225061 0.239268 0.341439 0.313874 0.600421 0.574690 0.000000 0.174544 0.275468 0.296299 0.976986 0.856850 0.883493 0.837160 0.600177 0.686402 0.856398 0.999763 0.248227 0.208535 0.781658 0.751076 0.429115 0.311723 0.689828 0.750849 0.857284 0.864947 0.931220 0.760713 0.774577 0.713098 0.653774 0.381491 0.652033 0.327397 0.506809 0.394491 0.286120 0.403004 0.347532 0.414881 0.456341 0.500836 0.538756 0.477777 0.253562 0.327184 0.371372 0.474701 0.492139 0.336573 0.232817 0.188123 0.499121 0.718736 0.848743 0.933292 0.610053 0.563823 0.756640 0.613279 0.395005 0.400263 0.783186 0.863213 0.419581 0.488955 0.440316 0.360986 0.206711 0.240645 0.518013 0.482719 0.773020 0.840163 0.771279 0.913783 0.887549 0.670186 0.937713 0.548392 0.596616 0.444870 0.840857 0.689734 0.822584 0.727191 0.422145 0.502105 0.690956 0.880864 0.414601 0.433070 0.789302 0.923618 0.860694 0.987237 0.761653 0.802908 0.945781 0.740182 0.470232 0.882103 0.834519 0.676882
0.254775 0.238814 0.742213 0.741221 0.645905 0.869283 0.856801 0.348023 0.857104 0.380301 0.237914 0.241918 0.342832 0.287704 0.572495 0.579876 0.174544 0.000000 0.241055 0.269304 0.946098 0.813944 0.935997 0.912385 0.644601 0.709896 0.873418 0.936417 0.225606 0.219809 0.786662 0.718430 0.407374 0.337458 0.715672 0.739105 0.866764 0.869911 0.906610 0.744200 0.665745 0.695071 0.678651 0.414934 0.688923 0.346789 0.532316 0.394952 0.266706 0.368443 0.329117 0.377178 0.424182 0.454923 0.516100 0.454173 0.256515 0.288152 0.378110 0.446899 0.511409 0.360494 0.245183 0.202092 0.507205 0.677915 0.815935 0.892035 0.580127 0.536634 0.789347 0.653484 0.359499 0.379473 0.824797 0.798665 0.410054 0.471529 0.406317 0.315633 0.204659 0.229728 0.483127 0.528488 0.751227 0.814892 0.769284 0.879610 0.915428 0.689545 0.948529 0.525182 0.573575 0.406261 0.846386 0.708746 0.812035 0.711835 0.467354 0.520735 0.697882 0.901758 0.426741 0.426844 0.729172 0.954035 0.928265 0.953057 0.818992 0.867177 0.951728 0.816656 0.468045 0.882583 0.841114 0.716617
0.289649 0.261525 0.649090 0.811252 0.544724 0.904665 0.966169 0.441607 0.791053 0.546511 0.310880 0.300257 0.396331 0.304639 0.601991 0.568481 0.275468 0.241055 0.000000 0.273187 0.942116 0.893792 0.988474 0.993710 0.714824 0.708724 0.995540 0.975629 0.311590 0.309924 0.827432 0.817809 0.484590 0.399972 0.673368 0.736210 0.928804 0.894016 0.890371 0.917695 0.681090 0.757594 0.807949 0.559313 0.837350 0.507394 0.563423 0.493733 0.342030 0.362150 0.396988 0.393081 0.470038 0.492427 0.515506 0.509366 0.285235 0.308087 0.419642 0.472520 0.682856 0.440750 0.332723 0.297479 0.478669 0.567286 0.734848 0.776685 0.531827 0.512437 0.758372 0.749280 0.389106 0.403223 0.852248 0.873158 0.372626 0.583928 0.446816 0.356858 0.267398 0.259552 0.551247 0.496336 0.788410 0.831269 0.743026 0.819648 0.914994 0.658642 0.905937 0.496639 0.565516 0.394895 0.819673 0.697139 0.843967 0.600779 0.638954 0.706554 0.727471 0.995085 0.475693 0.500096 0.815870 0.926925 0.997014 0.825547 0.811010 0.929443 0.798587 0.938309 0.584122 0.877468 0.964483 0.677224
0.248718 0.210710 0.568106 0.751014 0.645178 0.839670 0.910786 0.433217 0.766146 0.584305 0.327172 0.253073 0.495911 0.306806 0.711735 0.650947 0.296299 0.269304 0.273187 0.000000 0.980746 0.850791 0.861942 0.959559 0.695251 0.686004 0.975914 0.963311 0.320729 0.357880 0.998252 0.869004 0.642910 0.455633 0.642657 0.611364 0.993249 0.836807 0.955793 0.763216 0.699001 0.712488 0.964115 0.634009 0.939831 0.518425 0.691613 0.565239 0.261715 0.274075 0.298464 0.318292 0.380323 0.418393 0.516191 0.405276 0.283318 0.240283 0.490265 0.400283 0.768527 0.346946 0.415470 0.328290 0.390116 0.622869 0.555088 0.654688 0.413518 0.368028 0.891478 0.848968 0.364633 0.413099 0.811223 0.803125 0.364278 0.588713 0.529035 0.371180 0.278353 0.253597 0.487754 0.547247 0.807151 0.802307 0.707388 0.810643 0.861564 0.722533 0.843096 0.509012 0.526150 0.420320 0.822763 0.734094 0.956037 0.618609 0.660319 0.738117 0.811590 0.988860 0.576228 0.617578 0.808137 0.921099 0.943769 0.867566 0.911371 0.881738 0.864918 0.931750 0.596378 0.840805 0.961468 0.693949
0.953676 0.977300 0.933845 0.992342 0.983906 0.845489 0.860462 0.818332 0.933819 0.929891 0.854558 0.921013 0.912503 0.978483 0.922122 0.944494 0.976986 0.946098 0.942116 0.980746 0.000000 0.831512 0.806481 0.843578 0.861387 0.939896 0.966872 0.966259 0.957161 0.949337 0.917620 0.924412 0.995964 0.977451 0.968509 0.871746 0.659693 0.835659 0.811328 0.848410 0.681649 0.864058 0.988708 0.992269 0.974090 0.980142 0.827396 0.927765 0.912199 0.966333 0.973480 0.994839 0.997897 0.912330 0.832306 0.841708 0.984116 0.995150 0.923873 0.954583 0.862573 0.897895 0.898454 0.957389 0.906473 0.927982 0.893138 0.904744 0.843181 0.935419 0.975734 0.951715 0.879569 0.884733 0.971208 0.886799 0.952390 0.928345 0.947722 0.889984 0.898389 0.865989 0.842353 0.922497 0.687885 0.843733 0.895065 0.909741 0.887264 0.827910 0.755072 0.898667 0.924481 0.858227 0.981661 0.931844 0.940134 0.978559 0.978162 0.977850 0.920286 0.760450 0.974065 0.931383 0.953069 0.987470 0.831377 0.866720 0.908747 0.787184 0.876395 0.868006 0.920746 0.831091 0.935840 0.993328
0.827220 0.793827 0.990235 0.917939 0.947929 0.925304 0.888874 0.939598 0.867744 0.910189 0.941485 0.842400 0.913337 0.790285 0.994306 0.822956 0.856850 0.813944 0.893792 0.850791 0.831512 0.000000 0.999782 0.850519 0.940870 0.906556 0.975618 0.939271 0.878730 0.897833 0.958552 0.952981 0.988915 0.967072 0.882305 0.910639 0.950278 0.642754 0.919475 0.749015 0.798250 0.783866 0.955908 0.903826 0.970215 0.875145 0.892389 0.885025 0.781159 0.855571 0.811345 0.861522 0.912370 0.920980 0.933805 0.869048 0.894755 0.833639 0.964678 0.846365 0.996203 0.890411 0.921069 0.847440 0.916746 0.995397 0.884599 0.924306 0.927875 0.908527 0.939764 0.899193 0.860309 0.818353 0.828840 0.960573 0.919679 0.847034 0.968504 0.821395 0.815769 0.745721 0.850806 0.862720 0.753769 0.794957 0.853725 0.873457 0.972139 0.813573 0.955418 0.738777 0.858792 0.866879 0.916647 0.872151 0.986036 0.906116 0.985225 0.948388 0.936435 0.985694 0.939331 0.991128 0.979938 0.981068 0.957328 0.764370 0.902119 0.845972 0.948471 0.914732 0.898804 0.838262 0.939113 0.946861
0.876043 0.886370 0.624552 0.798054 0.905732 0.894935 0.986476 0.770074 0.891388 0.774726 0.751381 0.786076 0.941887 0.982159 0.620394 0.789854 0.883493 0.935997 0.988474 0.861942 0.806481 0.999782 0.000000 0.451889 0.535523 0.626931 0.775646 0.948090 0.805463 0.814130 0.704351 0.908468 0.844494 0.898665 0.815474 0.766726 0.778686 0.883535 0.964175 0.904038 0.997699 0.922295 0.845181 0.976839 0.897168 0.870069 0.908933 0.962831 0.891901 0.928423 0.874269 0.961976 0.968549 0.997006 0.881406 0.833229 0.861040 0.920399 0.896585 0.876480 0.806496 0.640378 0.891596 0.829760 0.584965 0.896819 0.728574 0.861390 0.861379 0.866049 0.741775 0.970008 0.971598 0.896854 0.923151 0.999934 0.899450 0.913226 0.911251 0.972084 0.911252 0.990712 0.823286 0.907253 0.629763 0.570567 0.982572 0.800563 0.839258 0.865816 0.943781 0.888713 0.808781 0.993004 0.998078 0.856338 0.895718 0.991258 0.919539 0.972910 0.925478 0.917176 0.976830 0.871949 0.897728 0.780055 0.780552 0.792884 0.977589 0.972748 0.994641 0.892677 0.912891 0.943838 0.785432 0.916466
0.980748 0.998753 0.990472 0.881143 0.963437 0.906562 0.640584 0.674834 0.640028 0.673730 0.770441 0.919441 0.988715 0.858128 0.820794 0.760748 0.837160 0.912385 0.993710 0.959559 0.843578 0.850519 0.451889 0.000000 0.660538 0.884880 0.684654 0.928003 0.793865 0.796105 0.974974 0.791314 0.860690 0.755853 0.959359 0.931117 0.957933 0.904784 0.903156 0.941808 0.962478 0.873147 0.815950 0.781961 0.644558 0.776779 0.929475 0.908919 0.962950 0.946862 0.959187 0.943952 0.915570 0.985467 0.882601 0.915408 0.875178 0.972965 0.917487 0.949491 0.673365 0.731394 0.821391 0.872933 0.872428 0.949883 0.887081 0.694214 0.878329 0.943592 0.903815 0.945017 0.911678 0.923610 0.838831 0.962217 0.845693 0.962123 0.915179 0.952798 0.907731 0.955128 0.822678 0.972548 0.738388 0.521597 0.963735 0.654872 0.863487 0.859548 0.804088 0.828182 0.842416 0.797027 0.964252 0.941763 0.964785 0.855775 0.649770 0.816386 0.771903 0.753947 0.967009 0.845080 0.991476 0.955313 0.992107 0.686018 0.914383 0.996402 0.800383 0.771321 0.897205 0.922155 0.959652 0.882098
0.676834 0.679634 0.542071 0.840931 0.966061 0.805945 0.974893 0.532241 0.969902 0.597636 0.494238 0.495824 0.671303 0.641507 0.965507 0.811532 0.600177 0.644601 0.714824 0.695251 0.861387 0.940870 0.535523 0.660538 0.000000 0.373064 0.652952 0.824806 0.554799 0.489636 0.794137 0.947706 0.885808 0.717850 0.638264 0.724717 0.766722 0.772043 0.931570 0.990391 0.957342 0.984576 0.941235 0.737258 0.920514 0.685515 0.773630 0.872188 0.669194 0.711110 0.741222 0.785767 0.861768 0.861691 0.894621 0.854860 0.648491 0.685596 0.601082 0.591493 0.593118 0.516624 0.486810 0.520803 0.424134 0.680569 0.786991 0.852645 0.915374 0.831076 0.892440 0.982374 0.758154 0.716564 0.866352 0.833595 0.770749 0.832953 0.956373 0.814283 0.718720 0.788011 0.972726 0.951974 0.628715 0.692759 0.896889 0.785435 0.648157 0.923227 0.875989 0.743622 0.663499 0.726386 0.980426 0.791396 0.898096 0.836273 0.719662 0.891677 0.832827 0.968686 0.816499 0.708195 0.952373 0.923762 0.924636 0.980766 0.870189 0.792130 0.964677 0.881260 0.751890 0.979809 0.922894 0.861014
0.713553 0.731543 0.372755 0.759448 0.885046 0.959462 0.760168 0.779788 0.739980 0.759658 0.621467 0.550793 0.747594 0.626436 0.992440 0.786630 0.686402 0.709896 0.708724 0.686004 0.939896 0.906556 0.626931 0.884880 0.373064 0.000000 0.877100 0.926596 0.698279 0.625243 0.570643 0.717653 0.909037 0.862042 0.519686 0.708039 0.721057 0.870917 0.769786 0.938547 0.984170 0.916413 0.768633 0.965569 0.860532 0.917065 0.920405 0.954131 0.765281 0.792263 0.843041 0.913589 0.969359 0.963180 0.862348 0.865967 0.671060 0.703122 0.634724 0.685178 0.847601 0.690119 0.646697 0.632434 0.408129 0.492151 0.638226 0.616018 0.785617 0.788089 0.887484 0.926169 0.775468 0.797084 0.922901 0.937305 0.817599 0.940097 0.917452 0.885375 0.817853 0.793712 0.911574 0.894065 0.658796 0.718811 0.783038 0.912945 0.747117 0.964245 0.569670 0.518668 0.441623 0.622704 0.802096 0.769431 0.900862 0.672580 0.981977 0.955368 0.910815 0.738489 0.931661 0.890213 0.880123 0.771275 0.893497 0.790266 0.900475 0.761292 0.895934 0.941162 0.987256 0.905204 0.847130 0.838916
0.931053 0.969124 0.927274 0.982576 0.988349 0.943260 0.663430 0.770513 0.751107 0.686979 0.874084 0.948021 0.995395 0.940189 0.903201 0.931366 0.856398 0.873418 0.995540 0.975914 0.966872 0.975618 0.775646 0.684654 0.652952 0.877100 0.000000 0.724593 0.820871 0.845992 0.992306 0.775608 0.798091 0.838024 0.721273 0.999993 0.977749 0.907930 0.920559 0.952762 0.980275 0.951976 0.710875 0.799517 0.662585 0.808423 0.920655 0.832853 0.988493 0.814525 0.986701 0.860594 0.867026 0.927336 0.879080 0.991398 0.986399 0.853754 0.969951 0.895610 0.662045 0.850936 0.836302 0.876432 0.914719 0.932309 0.750352 0.683113 0.815814 0.751520 0.974250 0.899976 0.882757 0.888392 0.965154 0.918754 0.906247 0.926675 0.966957 0.989873 0.916745 0.995243 0.864358 0.943154 0.837516 0.718262 0.970655 0.775530 0.756827 0.837485 0.873646 0.876810 0.881461 0.915043 0.905751 0.904257 0.908528 0.810356 0.685069 0.742498 0.821360 0.769956 0.939607 0.808702 0.921602 0.986314 0.935184 0.810039 0.900539 0.926998 0.803951 0.773689 0.772748 0.768767 0.958804 0.870978
0.973582 0.983184 0.982311 0.962998 0.907003 0.903782 0.871978 0.874907 0.847151 0.886617 0.923918 0.958274 0.990472 0.993607 0.985874 0.985902 0.999763 0.936417 0.975629 0.963311 0.966259 0.939271 0.948090 0.928003 0.824806 0.926596 0.724593 0.000000 0.901452 0.881674 0.976794 0.837158 0.968846 0.975043 0.955262 0.682656 0.774764 0.938951 0.934917 0.984627 0.946530 0.867219 0.888316 0.984403 0.909714 0.889256 0.937499 0.875192 0.971086 0.985333 0.996642 0.990593 0.955725 0.999191 0.937968 0.860983 0.984782 0.997358 0.990014 0.980678 0.882801 0.897124 0.954322 0.960681 0.969164 0.959628 0.942097 0.948275 0.963572 0.961506 0.987312 0.947735 0.835070 0.959556 0.984230 0.920718 0.964061 0.908767 0.959701 0.980621 0.986190 0.952832 0.997496 0.963623 0.774322 0.812699 0.925007 0.823588 0.861168 0.677470 0.921168 0.948504 0.926376 0.969242 0.971429 0.811785 0.971996 0.958078 0.941919 0.931869 0.974324 0.944188 0.945932 0.902723 0.966536 0.947645 0.860226 0.861610 0.842569 0.921277 0.845762 0.985343 0.972319 0.977914 0.984849 0.953268
0.290443 0.262981 0.697688 0.824043 0.730413 0.747858 0.857509 0.300894 0.955930 0.361826 0.225886 0.254723 0.359185 0.338846 0.639344 0.616288 0.248227 0.225606 0.311590 0.320729 0.957161 0.878730 0.805463 0.793865 0.554799 0.698279 0.820871 0.901452 0.000000 0.211515 0.835782 0.697508 0.440553 0.329544 0.721815 0.720689 0.934142 0.926422 0.868862 0.773054 0.715043 0.707460 0.696455 0.427794 0.683044 0.317260 0.581819 0.472617 0.285319 0.336748 0.295116 0.348087 0.409402 0.401329 0.587176 0.469609 0.319113 0.325658 0.356765 0.397455 0.457903 0.273092 0.250402 0.221517 0.456928 0.711738 0.810428 0.896103 0.676930 0.580677 0.873215 0.758747 0.369973 0.425978 0.810595 0.782785 0.390287 0.500151 0.469936 0.373725 0.276267 0.331287 0.571324 0.587048 0.878750 0.959571 0.812969 0.978382 0.875455 0.757141 0.939038 0.589928 0.646570 0.495304 0.823251 0.685866 0.840272 0.706637 0.456585 0.570831 0.622601 0.817717 0.472430 0.417258 0.703722 0.933946 0.997065 0.999774 0.758735 0.972232 0.927421 0.806494 0.448048 0.850555 0.948096 0.710084
0.316231 0.297653 0.691944 0.842270 0.726894 0.736070 0.802769 0.272856 0.995956 0.312366 0.212303 0.234543 0.304910 0.315184 0.573947 0.521012 0.208535 0.219809 0.309924 0.357880 0.949337 0.897833 0.814130 0.796105 0.489636 0.625243 0.845992 0.881674 0.211515 0.000000 0.747442 0.726716 0.443570 0.317343 0.650864 0.687636 0.912503 0.968414 0.907221 0.798005 0.743974 0.742760 0.601148 0.340989 0.638828 0.293528 0.517563 0.418402 0.305744 0.380382 0.361448 0.402616 0.473990 0.491186 0.647392 0.575352 0.292037 0.333785 0.338978 0.407592 0.426005 0.296203 0.194195 0.169374 0.473593 0.696015 0.837966 0.952202 0.725711 0.601611 0.813574 0.659886 0.453397 0.461217 0.820175 0.827086 0.428741 0.476365 0.466264 0.398092 0.257821 0.330752 0.603665 0.567795 0.940092 0.962705 0.776515 0.978566 0.851484 0.787007 0.964845 0.560641 0.595225 0.462947 0.884746 0.665540 0.804013 0.683534 0.463943 0.567922 0.577499 0.825824 0.452830 0.374035 0.750928 0.913344 0.971846 0.970999 0.681946 0.837156 0.984160 0.741826 0.460129 0.825618 0.855439 0.711903
0.892133 0.852255 0.645830 0.867345 0.916664 0.857071 0.600699 0.733778 0.651472 0.686605 0.890464 0.955616 0.755101 0.927328 0.619867 0.817614 0.781658 0.786662 0.827432 0.998252 0.917620 0.958552 0.704351 0.974974 0.794137 0.570643 0.992306 0.976794 0.835782 0.747442 0.000000 0.442219 0.555061 0.635465 0.831711 0.919353 0.665356 0.950277 0.917069 0.946665 0.949514 0.992391 0.361823 0.438339 0.519812 0.553901 0.637037 0.524483 0.804399 0.876230 0.830779 0.784326 0.797809 0.738467 0.991324 0.946991 0.837732 0.902151 0.989963 0.945036 0.769362 0.895974 0.767781 0.799909 0.790840 0.747857 0.732914 0.522355 0.781137 0.899545 0.655132 0.694436 0.984743 0.869994 0.854059 0.907860 0.759841 0.671457 0.768284 0.711024 0.727120 0.833039 0.900158 0.934366 0.760291 0.783339 0.918302 0.723533 0.841732 0.820721 0.690552 0.867479 0.791606 0.996980 0.894683 0.983934 0.810619 0.955759 0.661998 0.637508 0.547512 0.711979 0.652741 0.713263 0.734475 0.706705 0.818875 0.842417 0.781560 0.837680 0.815433 0.665537 0.713130 0.981283 0.668499 0.923729
0.877819 0.830728 0.766709 0.871476 0.890674 0.775660 0.586805 0.679569 0.645302 0.662271 0.828171 0.919324 0.836575 0.976809 0.749336 0.903203 0.751076 0.718430 0.817809 0.869004 0.924412 0.952981 0.908468 0.791314 0.947706 0.717653 0.775608 0.837158 0.697508 0.726716 0.442219 0.000000 0.487269 0.604800 0.833605 0.991655 0.720369 0.881585 0.820942 0.889109 0.964956 0.991783 0.423274 0.484762 0.501414 0.550768 0.646367 0.465610 0.788720 0.856578 0.798450 0.799347 0.854143 0.728719 0.878314 0.823270 0.798278 0.905739 0.961078 0.947715 0.778432 0.832330 0.763073 0.787611 0.911927 0.847632 0.828809 0.586126 0.799777 0.944636 0.600266 0.701625 0.844731 0.896892 0.924135 0.877522 0.711580 0.726494 0.676238 0.640951 0.688986 0.833159 0.835593 0.940591 0.852789 0.900160 0.915147 0.718412 0.900702 0.936383 0.712999 0.857631 0.771489 0.974657 0.986622 0.988060 0.806885 0.934384 0.647213 0.709658 0.607434 0.809259 0.676336 0.749289 0.697842 0.889641 0.979901 0.841967 0.815375 0.806470 0.726051 0.627100 0.747481 0.900909 0.793510 0.995562
0.593460 0.574100 0.803977 0.638511 0.833762 0.783638 0.518259 0.454054 0.919060 0.466587 0.477317 0.588012 0.473633 0.633186 0.540916 0.681141 0.429115 0.407374 0.484590 0.642910 0.995964 0.988915 0.844494 0.860690 0.885808 0.909037 0.798091 0.968846 0.440553 0.443570 0.555061 0.487269 0.000000 0.386060 0.910088 0.966517 0.621313 0.898845 0.957117 0.856213 0.827245 0.863081 0.405773 0.367152 0.478118 0.397960 0.585873 0.430511 0.582863 0.692995 0.625032 0.649389 0.707829 0.624649 0.715505 0.759906 0.519736 0.635682 0.576370 0.744840 0.466274 0.591774 0.428084 0.456665 0.953257 0.955664 0.725751 0.671632 0.971589 0.840523 0.739207 0.642625 0.621919 0.637337 0.842848 0.952311 0.546743 0.570782 0.445958 0.477465 0.440700 0.545025 0.665300 0.628361 0.683260 0.831562 0.984934 0.993704 0.984468 0.767393 0.803584 0.882876 0.992017 0.781809 0.957622 0.828490 0.734828 0.983001 0.463681 0.480032 0.634315 0.739966 0.539282 0.464191 0.621753 0.753778 0.899249 0.843954 0.754865 0.983352 0.910612 0.682971 0.537997 0.757648 0.798337 0.791896
0.411532 0.420180 0.893084 0.781524 0.721965 0.790169 0.642774 0.335369 0.976700 0.399629 0.358978 0.387134 0.399268 0.440537 0.577787 0.660029 0.311723 0.337458 0.399972 0.455633 0.977451 0.967072 0.898665 0.755853 0.717850 0.862042 0.838024 0.975043 0.329544 0.317343 0.635465 0.604800 0.386060 0.000000 0.888560 0.818100 0.807238 0.886128 0.973130 0.840213 0.822670 0.797693 0.482306 0.295878 0.505196 0.308099 0.539881 0.432549 0.402504 0.499152 0.463711 0.495216 0.567402 0.548935 0.749481 0.618146 0.419571 0.484501 0.489313 0.567437 0.463194 0.388987 0.297641 0.321066 0.662676 0.932914 0.972151 0.809263 0.850778 0.761873 0.698657 0.602597 0.547724 0.580664 0.791596 0.922354 0.355015 0.550170 0.479922 0.471921 0.366854 0.442438 0.586349 0.602048 0.812836 0.886429 0.874893 0.864749 0.918920 0.764742 0.898368 0.704057 0.784157 0.633966 0.918653 0.669499 0.888359 0.924364 0.388595 0.531937 0.649785 0.782131 0.455059 0.477219 0.757781 0.907993 0.852136 0.923889 0.689441 0.979815 0.985225 0.637596 0.512203 0.917796 0.839239 0.810090
0.656802 0.655684 0.458513 0.961406 0.857815 0.916231 0.694754 0.794744 0.715327 0.837803 0.678054 0.565599 0.738074 0.580748 0.960591 0.781129 0.689828 0.715672 0.673368 0.642657 0.968509 0.882305 0.815474 0.959359 0.638264 0.519686 0.721273 0.955262 0.721815 0.650864 0.831711 0.833605 0.910088 0.888560 0.000000 0.822736 0.729941 0.937569 0.950702 0.802828 0.950151 0.940735 0.788133 0.932772 0.856938 0.848523 0.885987 0.908150 0.670220 0.619939 0.757950 0.733019 0.787305 0.887182 0.957387 0.824942 0.660722 0.574116 0.753194 0.623954 0.998466 0.722856 0.700663 0.635825 0.525053 0.609585 0.522253 0.572441 0.718367 0.591414 0.866913 0.923475 0.765915 0.879173 0.907565 0.999612 0.913497 0.879767 0.820649 0.782364 0.735179 0.713488 0.721174 0.848109 0.815784 0.944154 0.826740 0.809807 0.903674 0.908972 0.657556 0.520855 0.562796 0.531799 0.870653 0.776082 0.973099 0.667091 0.937199 0.813118 0.946341 0.799696 0.909325 0.925807 0.790797 0.851579 0.940479 0.786278 0.932299 0.907400 0.898400 0.896216 0.965284 0.854356 0.731979 0.815315
0.615549 0.620996 0.610970 0.925821 0.870636 0.879638 0.852336 0.722568 0.943272 0.844114 0.701692 0.602396 0.742610 0.645801 0.874294 0.809737 0.750849 0.739105 0.736210 0.611364 0.871746 0.910639 0.766726 0.931117 0.724717 0.708039 0.999993 0.682656 0.720689 0.687636 0.919353 0.991655 0.966517 0.818100 0.822736 0.000000 0.741652 0.976463 0.972578 0.885743 0.940657 0.993338 0.890966 0.907082 0.939041 0.769683 0.888923 0.849331 0.667564 0.574941 0.599444 0.583732 0.629009 0.644146 0.714629 0.717531 0.591726 0.575811 0.685262 0.541388 0.845800 0.581401 0.731426 0.668803 0.639888 0.823398 0.627346 0.745526 0.644890 0.620444 0.997240 0.977783 0.797262 0.865279 0.958766 0.848729 0.636089 0.956112 0.893133 0.880197 0.787532 0.743532 0.818161 0.875999 0.911726 0.930098 0.687871 0.903189 0.983690 0.939995 0.813131 0.685696 0.583989 0.660694 0.878321 0.949530 0.971736 0.638255 0.921551 0.994688 0.908578 0.934358 0.846071 0.784519 0.899508 0.963669 0.918277 0.937731 0.921990 0.967829 0.924423 0.897142 0.879087 0.900522 0.931053 0.815790
0.960902 0.958860 0.756890 0.946200 0.932530 0.986310 0.812342 0.967491 0.888250 0.849861 0.979575 0.997033 0.907026 0.995893 0.820032 0.906253 0.857284 0.866764 0.928804 0.993249 0.659693 0.950278 0.778686 0.957933 0.766722 0.721057 0.977749 0.774764 0.934142 0.912503 0.665356 0.720369 0.621313 0.807238 0.729941 0.741652 0.000000 0.778719 0.840369 0.790496 0.895360 0.826200 0.701478 0.735175 0.682710 0.815816 0.903194 0.892571 0.911889 0.956928 0.953608 0.974405 0.968200 0.939930 0.968031 0.886813 0.970395 0.993765 0.941201 0.863232 0.925218 0.992119 0.955432 0.922254 0.849531 0.837914 0.783632 0.781017 0.970159 0.970328 0.773253 0.718856 0.951572 0.862773 0.933195 0.957042 0.953493 0.679388 0.886223 0.795227 0.791399 0.811654 0.822296 0.764993 0.660061 0.800124 0.841829 0.903623 0.886750 0.742174 0.986639 0.986216 0.986274 0.969985 0.960758 0.890414 0.890968 0.881841 0.852184 0.777294 0.865683 0.999221 0.832022 0.804123 0.828018 0.893669 0.833483 0.990090 0.829569 0.992703 0.989664 0.782639 0.797949 0.853424 0.928522 0.943826
0.931442 0.881168 0.907562 0.804096 0.818713 0.981761 0.985167 0.986288 0.979307 0.934312 0.993235 0.993965 0.862364 0.970559 0.846530 0.816088 0.864947 0.869911 0.894016 0.836807 0.835659 0.642754 0.883535 0.904784 0.772043 0.870917 0.907930 0.938951 0.926422 0.968414 0.950277 0.881585 0.898845 0.886128 0.937569 0.976463 0.778719 0.000000 0.858082 0.763720 0.665744 0.815174 0.975686 0.990760 0.794071 0.860754 0.913917 0.894654 0.883047 0.963407 0.887434 0.935059 0.878302 0.904929 0.822947 0.746620 0.917420 0.894254 0.994992 0.861678 0.992944 0.909551 0.905350 0.948927 0.994770 0.916438 0.947463 0.949115 0.836216 0.833151 0.949827 0.847791 0.747180 0.805516 0.907894 0.992872 0.820224 0.980381 0.905199 0.816313 0.784261 0.766189 0.806214 0.603772 0.730060 0.840402 0.975195 0.799161 0.959863 0.696767 0.966573 0.888374 0.965713 0.975619 0.927840 0.809738 0.832618 0.913122 0.969182 0.895435 0.923374 0.976211 0.934943 0.924196 0.979272 0.965425 0.880573 0.879056 0.892332 0.930575 0.976356 0.855224 0.972744 0.984276 0.923063 0.860912
