0.000000 0.402576 0.913117 0.943610 0.961746 0.666170 0.536846 0.509849 0.741500 0.581520 0.597256 0.416331 0.528680 0.540015 0.637373 0.628390 0.413034 0.458206 0.556271 0.697670 0.837240 0.781713 0.674706 0.918376 0.737909 0.773889 0.847911 0.978952 0.527191 0.544769 0.659634 0.880633 0.541335 0.564819 0.905228 0.816115 0.735367 0.917026 0.825315 0.963881 0.999915 0.968762 0.476436 0.457322 0.492055 0.503400 0.514446 0.529063 0.464106 0.486532 0.530186 0.627208 0.672630 0.828969 0.556664 0.626830 0.519113 0.440980 0.478667 0.482177 0.462544 0.520937 0.489061 0.394463 0.931293 0.937936 0.632425 0.694583 0.666093 0.557495 0.814856 0.706418 0.899795 0.943460 0.911007 0.976503 0.580243 0.687443 0.709151 0.765210 0.388451 0.504976 0.642483 0.720637 0.436107 0.616808 0.778492 0.937070 0.669853 0.791246 0.628122 0.877240 0.745073 0.928909 0.792495 0.829437 0.802573 0.906798 0.476068 0.516945 0.687325 0.600837 0.513362 0.818332 0.676623 0.819329 0.912598 0.841633 0.855414 0.718966 0.757540 0.762556 0.643121 0.780258 0.780949 0.879710
0.402576 0.000000 0.878746 0.834127 0.995583 0.771942 0.727696 0.644998 0.806299 0.724381 0.788561 0.642235 0.752853 0.707069 0.779004 0.801038 0.524768 0.606378 0.723658 0.642004 0.997715 0.763658 0.760424 0.829443 0.998811 0.919388 0.966109 0.859709 0.686809 0.671154 0.786476 0.998810 0.759079 0.683076 0.920413 0.833706 0.879456 0.998377 0.807164 0.909993 0.887034 0.926840 0.537921 0.579000 0.648252 0.637092 0.601160 0.656890 0.527500 0.483834 0.531176 0.558718 0.663343 0.704017 0.650888 0.651652 0.433545 0.367381 0.606949 0.465856 0.698029 0.653217 0.699912 0.621839 0.945111 0.892206 0.657423 0.749609 0.537098 0.460095 0.877112 0.642546 0.904348 0.903586 0.985745 0.972374 0.701842 0.774483 0.738148 0.751986 0.604150 0.652871 0.669289 0.859174 0.579779 0.704349 0.821609 0.953626 0.720100 0.790349 0.643121 0.836617 0.703884 0.907043 0.896760 0.799626 0.682133 0.832979 0.560387 0.508488 0.808268 0.712708 0.668272 0.852166 0.699578 0.885505 0.893997 0.896807 0.959875 0.714705 0.919080 0.767496 0.719940 0.685562 0.794051 0.816666
0.913117 0.878746 0.000000 0.658789 0.797267 0.925087 0.665260 0.671402 0.901358 0.946282 0.873798 0.871117 0.983109 0.868538 0.918559 0.810120 0.841220 0.815639 0.845804 0.790400 0.950104 0.884010 0.867273 0.974434 0.653535 0.716559 0.883305 0.972158 0.828609 0.852594 0.704718 0.724313 0.791841 0.638402 0.767001 0.918703 0.795028 0.959088 0.788069 0.907352 0.941990 0.802944 0.930379 0.934498 0.830752 0.919934 0.693639 0.964445 0.828911 0.928557 0.985003 0.786426 0.830196 0.735478 0.834035 0.879032 0.651725 0.842986 0.685346 0.895796 0.809033 0.962622 0.766557 0.841987 0.662798 0.603539 0.627870 0.631803 0.981063 0.805202 0.971185 0.919990 0.878777 0.914610 0.890101 0.890889 0.865386 0.810938 0.733794 0.912720 0.815899 0.672149 0.920591 0.815172 0.986076 0.693618 0.702746 0.974122 0.810027 0.925647 0.757106 0.694299 0.717499 0.784428 0.938852 0.983625 0.932134 0.897924 0.851979 0.909906 0.981120 0.891764 0.941221 0.864652 0.819509 0.983849 0.839949 0.880482 0.989606 0.875792 0.947313 0.834350 0.824493 0.985746 0.900597 0.917204
0.943610 0.834127 0.658789 0.000000 0.779651 0.767610 0.948799 0.766630 0.990148 0.937288 0.883130 0.935556 0.759592 0.765260 0.817194 0.997447 0.933231 0.932169 0.889986 0.800442 0.937759 0.916371 0.863052 0.641716 0.623677 0.699761 0.937078 0.950416 0.965141 0.996936 0.850638 0.735563 0.867234 0.771847 0.790582 0.841507 0.937898 0.726955 0.954361 0.991829 0.874894 0.996648 0.897045 0.852119 0.986970 0.952341 0.837084 0.937018 0.984079 0.734377 0.742545 0.725769 0.810648 0.808198 0.792795 0.812197 0.700023 0.761492 0.744987 0.617172 0.986097 0.985453 0.964544 0.951838 0.693144 0.517864 0.476500 0.522676 0.891007 0.755264 0.823097 0.767445 0.764380 0.838649 0.865645 0.828200 0.855248 0.937996 0.926889 0.925542 0.970320 0.897946 0.878540 0.955358 0.917902 0.579918 0.823748 0.933384 0.866329 0.782119 0.832148 0.787450 0.766093 0.800069 0.947509 0.966235 0.957288 0.977938 0.944803 0.924980 0.885756 0.998668 0.902982 0.928505 0.749137 0.887127 0.900798 0.851578 0.935415 0.986109 0.894598 0.935546 0.904885 0.925613 0.927136 0.968447
0.961746 0.995583 0.797267 0.779651 0.000000 0.690064 0.833528 0.907145 0.769217 0.793773 0.717954 0.751168 0.614262 0.690017 0.550418 0.695086 0.842996 0.845384 0.803062 0.893024 0.887205 0.963384 0.711661 0.906386 0.579289 0.570035 0.988399 0.762149 0.764011 0.723291 0.993420 0.977631 0.848944 0.928330 0.947704 0.933682 0.946944 0.818855 0.968332 0.956031 0.963688 0.905739 0.879410 0.831352 0.670795 0.705278 0.985492 0.876869 0.727553 0.911994 0.766590 0.842708 0.714972 0.796967 0.947636 0.867400 0.827195 0.973511 0.995678 0.994974 0.754695 0.769005 0.799276 0.759607 0.687772 0.719353 0.939307 0.895842 0.991082 0.955207 0.774394 0.871005 0.891019 0.967214 0.928282 0.893481 0.821940 0.776534 0.913307 0.841093 0.787468 0.906527 0.757351 0.743784 0.713815 0.963634 0.835663 0.828485 0.818978 0.944769 0.763624 0.839795 0.846159 0.960469 0.982917 0.948230 0.897464 0.837617 0.775930 0.810235 0.807818 0.931996 0.852822 0.999578 0.883247 0.935667 0.865265 0.935227 0.792358 0.853487 0.854626 0.702587 0.868048 0.890844 0.960053 0.908800
0.666170 0.771942 0.925087 0.767610 0.690064 0.000000 0.548389 0.498128 0.663242 0.508937 0.739384 0.677395 0.729854 0.764165 0.645507 0.651526 0.597399 0.616324 0.593400 0.725921 0.814624 0.996948 0.607148 0.768048 0.765414 0.911161 0.852533 0.904380 0.625910 0.661539 0.665935 0.839288 0.604014 0.589412 0.819521 0.972961 0.819016 0.996844 0.938934 0.903363 0.978112 0.886827 0.565521 0.552464 0.466320 0.472044 0.653298 0.561664 0.533801 0.558599 0.493266 0.651221 0.582082 0.694810 0.732862 0.561851 0.872225 0.788364 0.710660 0.632672 0.538922 0.569858 0.653562 0.575924 0.930185 0.842381 0.608810 0.626788 0.931360 0.743196 0.750457 0.816182 0.878824 0.984239 0.869842 0.979280 0.577099 0.729682 0.764980 0.565132 0.532649 0.591532 0.835861 0.791494 0.571144 0.597624 0.895586 0.930403 0.810883 0.920653 0.523394 0.676011 0.560089 0.983595 0.841753 0.922862 0.880412 0.859749 0.501361 0.611029 0.664421 0.653925 0.597053 0.872690 0.785769 0.937182 0.944502 0.884416 0.852212 0.914058 0.848132 0.711297 0.793828 0.834448 0.867618 0.844063
0.536846 0.727696 0.665260 0.948799 0.833528 0.548389 0.000000 0.264921 0.666037 0.337333 0.377722 0.422724 0.423005 0.592874 0.550064 0.804425 0.423542 0.427939 0.432857 0.586498 0.888612 0.870662 0.930704 0.820767 0.577552 0.796958 0.552495 0.965832 0.366721 0.400002 0.511274 0.698717 0.341436 0.342187 0.934154 0.994079 0.890234 0.753422 0.840822 0.929860 0.897160 0.986480 0.429708 0.385473 0.475823 0.408168 0.440711 0.454330 0.567270 0.739501 0.590694 0.970133 0.903450 0.883964 0.705199 0.648892 0.708447 0.804315 0.457129 0.705170 0.224460 0.430654 0.304616 0.320910 0.788894 0.844378 0.609179 0.539282 0.932444 0.747202 0.917351 0.953628 0.887164 0.991417 0.941804 0.980041 0.511418 0.873594 0.525966 0.554011 0.326225 0.382424 0.790096 0.722986 0.578369 0.740868 0.816262 0.851319 0.968722 0.852120 0.770419 0.898811 0.916997 0.597075 0.850444 0.912253 0.802865 0.966724 0.550920 0.624581 0.551338 0.812870 0.505026 0.754035 0.604199 0.897315 0.873727 0.858609 0.765440 0.749415 0.774112 0.829091 0.767065 0.802520 0.925420 0.931212
0.509849 0.644998 0.671402 0.766630 0.907145 0.498128 0.264921 0.000000 0.613252 0.321003 0.476061 0.416676 0.488264 0.580571 0.592643 0.775051 0.488394 0.458243 0.397204 0.545782 0.888578 0.886175 0.818793 0.989699 0.698048 0.881877 0.623835 0.937734 0.395405 0.434224 0.479079 0.715781 0.319488 0.346796 0.827397 0.857155 0.901934 0.919650 0.888227 0.929280 0.929845 0.986557 0.448540 0.363918 0.431597 0.370236 0.453918 0.470457 0.483853 0.593976 0.516159 0.793516 0.757975 0.996810 0.578223 0.594762 0.609197 0.678155 0.420128 0.563767 0.285257 0.366016 0.378830 0.330398 0.789123 0.767069 0.515353 0.454333 0.993969 0.629373 0.786554 0.807699 0.917551 0.976978 0.857274 0.919444 0.490312 0.857583 0.625212 0.552764 0.345150 0.439933 0.792432 0.705277 0.603923 0.688953 0.788035 0.917395 0.872666 0.988076 0.728983 0.928217 0.819220 0.725280 0.826552 0.946163 0.762372 0.976409 0.493237 0.629923 0.580252 0.728660 0.523752 0.632275 0.565293 0.899306 0.956543 0.858507 0.829132 0.769066 0.722207 0.833165 0.788031 0.760285 0.932791 0.926776
0.741500 0.806299 0.901358 0.990148 0.769217 0.663242 0.666037 0.613252 0.000000 0.550929 0.653367 0.612540 0.580391 0.674489 0.709279 0.683478 0.893311 0.793141 0.691340 0.837207 0.685478 0.941555 0.785469 0.954054 0.796637 0.865574 0.935990 0.901827 0.749008 0.683175 0.785231 0.996525 0.714430 0.756479 0.979901 0.928494 0.969288 0.898924 0.853827 0.925267 0.860568 0.935899 0.743219 0.754694 0.673869 0.685551 0.831688 0.765863 0.673566 0.967026 0.832037 0.963149 0.828738 0.988552 0.706569 0.832921 0.908154 0.826886 0.899411 0.913777 0.623337 0.444418 0.800138 0.695572 0.887994 0.843700 0.998758 0.955177 0.804652 0.658723 0.705829 0.804453 0.995794 0.996413 0.815102 0.961018 0.798695 0.831524 0.975566 0.778456 0.704056 0.842912 0.736870 0.839972 0.648146 0.867922 0.821762 0.984253 0.752067 0.938974 0.800828 0.894562 0.938644 0.989735 0.985395 0.974619 0.908989 0.910213 0.680741 0.821768 0.792759 0.813912 0.811427 0.896224 0.847505 0.967678 0.856838 0.857580 0.917803 0.825027 0.878532 0.991310 0.901856 0.843738 0.840434 0.977114
0.581520 0.724381 0.946282 0.937288 0.793773 0.508937 0.337333 0.321003 0.550929 0.000000 0.513637 0.435847 0.437779 0.494405 0.492944 0.685754 0.585117 0.474352 0.419626 0.540804 0.844347 0.983153 0.757794 0.867432 0.540272 0.823276 0.639455 0.879386 0.417560 0.454516 0.482147 0.817918 0.377250 0.444759 0.949765 0.932194 0.794694 0.885235 0.971835 0.929531 0.925342 0.883964 0.418568 0.358917 0.309674 0.294216 0.510336 0.477688 0.369718 0.588224 0.524536 0.789565 0.739975 0.926058 0.693740 0.671847 0.819194 0.805052 0.620037 0.709708 0.336598 0.329641 0.495144 0.414047 0.621568 0.956899 0.724680 0.634070 0.998739 0.693365 0.727702 0.821781 0.979768 0.968518 0.938539 0.930664 0.530983 0.862001 0.723321 0.583234 0.432141 0.582689 0.763245 0.809914 0.601220 0.859194 0.869412 0.861664 0.892041 0.947721 0.592048 0.831289 0.699571 0.825501 0.863962 0.871565 0.824482 0.871382 0.406494 0.517829 0.586914 0.707009 0.506091 0.706212 0.682424 0.942327 0.883747 0.980024 0.787618 0.759226 0.703519 0.708802 0.753477 0.728126 0.880072 0.906316
0.597256 0.788561 0.873798 0.883130 0.717954 0.739384 0.377722 0.476061 0.653367 0.513637 0.000000 0.406047 0.368677 0.499462 0.532995 0.733710 0.513066 0.547417 0.509904 0.733448 0.925739 0.840993 0.931489 0.785436 0.529624 0.656987 0.643935 0.846647 0.434497 0.438485 0.726559 0.800300 0.469640 0.470099 0.966832 0.927458 0.855434 0.707916 0.797633 0.862872 0.875539 0.961356 0.578482 0.513592 0.576648 0.528090 0.587232 0.542646 0.644907 0.887004 0.729940 0.926190 0.995327 0.850331 0.750141 0.791921 0.834115 0.884487 0.592956 0.859727 0.313477 0.482433 0.367762 0.409819 0.702705 0.966689 0.831739 0.787707 0.985417 0.837838 0.908255 0.979832 0.999835 0.886541 0.899496 0.903635 0.682525 0.768294 0.716201 0.690922 0.435253 0.483308 0.660265 0.662225 0.584833 0.832122 0.853100 0.915949 0.792553 0.919743 0.867763 0.791079 0.996079 0.586923 0.920166 0.933031 0.838481 0.924425 0.667770 0.838966 0.546838 0.881572 0.634777 0.809833 0.756151 0.964504 0.994113 0.811151 0.740823 0.801392 0.841101 0.976191 0.771628 0.871478 0.923618 0.987256
0.416331 0.642235 0.871117 0.935556 0.751168 0.677395 0.422724 0.416676 0.612540 0.435847 0.406047 0.000000 0.314100 0.338684 0.436077 0.496928 0.466761 0.446006 0.422501 0.642452 0.758338 0.837296 0.666486 0.979923 0.528005 0.688997 0.774150 0.860461 0.395240 0.386504 0.541866 0.732769 0.412747 0.460584 0.948727 0.936033 0.799526 0.873703 0.845316 0.951986 0.883573 0.993276 0.558361 0.455252 0.420762 0.424309 0.592927 0.601841 0.458924 0.685915 0.708681 0.885389 0.797005 0.921675 0.701927 0.715712 0.725362 0.727409 0.635930 0.789330 0.340641 0.372108 0.447198 0.349972 0.715439 0.986973 0.780276 0.774421 0.874660 0.620354 0.748695 0.762588 0.968933 0.954044 0.937795 0.971464 0.606873 0.805924 0.741305 0.620116 0.354766 0.470870 0.537844 0.661017 0.424748 0.720063 0.826866 0.994261 0.679388 0.912501 0.778312 0.982992 0.912548 0.822720 0.938260 0.882616 0.880409 0.998954 0.528336 0.597693 0.602083 0.665213 0.509638 0.701291 0.756810 0.935242 0.918867 0.938962 0.791618 0.770429 0.757689 0.762949 0.735165 0.715601 0.896927 0.954063
0.528680 0.752853 0.983109 0.759592 0.614262 0.729854 0.423005 0.488264 0.580391 0.437779 0.368677 0.314100 0.000000 0.291933 0.332641 0.537644 0.546637 0.549760 0.493471 0.691362 0.783972 0.886039 0.701941 0.881181 0.423146 0.538175 0.717039 0.899426 0.375099 0.349029 0.626170 0.805477 0.410964 0.516457 0.975019 0.934478 0.866049 0.724226 0.848072 0.892148 0.874214 0.923316 0.605948 0.524126 0.451199 0.430770 0.647510 0.585490 0.514388 0.818290 0.749093 0.994254 0.894971 0.844743 0.824498 0.738896 0.890483 0.804193 0.689257 0.912193 0.298717 0.382338 0.438461 0.347597 0.624645 0.875352 0.921741 0.849963 0.960262 0.735147 0.760581 0.846538 0.992089 0.932721 0.965085 0.911240 0.634229 0.820129 0.796383 0.691726 0.404849 0.550867 0.513199 0.640860 0.469180 0.849918 0.898317 0.965298 0.731119 0.978394 0.905366 0.902505 0.939818 0.678841 0.954378 0.895724 0.842001 0.914759 0.598038 0.686682 0.577572 0.776260 0.584389 0.731442 0.897588 0.892542 0.928622 0.911930 0.733132 0.818584 0.744882 0.811483 0.765358 0.773920 0.883478 0.989567
0.540015 0.707069 0.868538 0.765260 0.690017 0.764165 0.592874 0.580571 0.674489 0.494405 0.499462 0.338684 0.291933 0.000000 0.335441 0.459640 0.629717 0.572377 0.563307 0.639705 0.845935 0.905244 0.601130 0.997486 0.451823 0.661988 0.762927 0.960464 0.463888 0.444893 0.695658 0.827074 0.516772 0.591854 0.915307 0.975537 0.779677 0.800629 0.950584 0.911609 0.900678 0.848919 0.641547 0.520887 0.425732 0.429990 0.659937 0.689333 0.439937 0.741095 0.763897 0.873263 0.821499 0.961728 0.831105 0.779819 0.921364 0.762032 0.873347 0.914221 0.442519 0.394910 0.582266 0.449580 0.668504 0.868211 0.945199 0.917496 0.923891 0.691921 0.722292 0.713086 0.932785 0.932441 0.992753 0.999495 0.666687 0.853224 0.861594 0.650523 0.485462 0.614214 0.477556 0.729502 0.438463 0.852228 0.967483 0.949300 0.672132 0.862261 0.820685 0.944613 0.910368 0.860925 0.922024 0.911579 0.856701 0.921631 0.534745 0.650260 0.593867 0.626027 0.585153 0.759670 0.855337 0.988189 0.995409 0.905889 0.741244 0.851995 0.712997 0.816443 0.768382 0.736913 0.884420 0.920854
0.637373 0.779004 0.918559 0.817194 0.550418 0.645507 0.550064 0.592643 0.709279 0.492944 0.532995 0.436077 0.332641 0.335441 0.000000 0.424439 0.637189 0.573537 0.626984 0.692111 0.878942 0.879048 0.488357 0.910334 0.431941 0.565533 0.781352 0.894828 0.455219 0.411346 0.732401 0.813774 0.482785 0.583595 0.958791 0.950424 0.796770 0.749013 0.975485 0.890872 0.992867 0.925512 0.649127 0.596181 0.413218 0.415344 0.692759 0.655878 0.440833 0.703023 0.679123 0.828604 0.742956 0.946306 0.924808 0.766617 0.974762 0.823981 0.883896 0.967349 0.452632 0.535068 0.537284 0.465341 0.670155 0.759172 0.916709 0.895606 0.951176 0.709131 0.695465 0.695635 0.986794 0.966083 0.937953 0.920995 0.670612 0.948985 0.842017 0.681761 0.509110 0.663260 0.476664 0.619537 0.405449 0.759995 0.968773 0.893488 0.699976 0.895910 0.816113 0.920508 0.878179 0.872985 0.971267 0.989816 0.973249 0.914707 0.518145 0.609182 0.613655 0.748050 0.556641 0.785188 0.916457 0.933658 0.887864 0.873048 0.916460 0.973454 0.785006 0.661872 0.876605 0.812512 0.854009 0.931807
0.628390 0.801038 0.810120 0.997447 0.695086 0.651526 0.804425 0.775051 0.683478 0.685754 0.733710 0.496928 0.537644 0.459640 0.424439 0.000000 0.736413 0.673677 0.719734 0.830355 0.767243 0.980992 0.328539 0.642502 0.638211 0.647152 0.992997 0.883983 0.698230 0.545445 0.798573 0.750128 0.709697 0.742127 0.994163 0.989617 0.802983 0.868943 0.898434 0.925667 0.854080 0.862338 0.811916 0.710434 0.542665 0.579953 0.909747 0.757212 0.557896 0.669586 0.723404 0.704278 0.642032 0.830513 0.884492 0.779408 0.931987 0.840202 0.999480 0.915002 0.658991 0.681584 0.740020 0.620192 0.906465 0.846387 0.886217 0.976059 0.938954 0.738194 0.623792 0.621897 0.873954 0.967674 0.938713 0.951470 0.849373 0.892258 0.972802 0.758080 0.657638 0.782335 0.412264 0.744661 0.387609 0.577790 0.935904 0.807206 0.568982 0.633501 0.741250 0.731353 0.735603 0.885888 0.928766 0.914446 0.886249 0.947687 0.601299 0.629606 0.852077 0.699699 0.618748 0.936400 0.897138 0.881295 0.968487 0.925284 0.994451 0.968949 0.814440 0.754511 0.845105 0.860775 0.743178 0.999316
0.413034 0.524768 0.841220 0.933231 0.842996 0.597399 0.423542 0.488394 0.893311 0.585117 0.513066 0.466761 0.546637 0.629717 0.637189 0.736413 0.000000 0.349775 0.502627 0.652963 0.930629 0.788380 0.852971 0.998803 0.661537 0.698250 0.689802 0.888022 0.384615 0.412479 0.588149 0.723203 0.473196 0.414283 0.883946 0.977609 0.841986 0.786236 0.895803 0.959237 0.975033 0.803066 0.520965 0.485523 0.549406 0.499274 0.463752 0.515213 0.607673 0.638851 0.567937 0.836058 0.849816 0.981158 0.642353 0.608755 0.553585 0.620880 0.434945 0.565924 0.401094 0.619383 0.327876 0.328969 0.800894 0.949069 0.523413 0.566361 0.873380 0.699097 0.944872 0.848927 0.820466 0.982836 0.919615 0.957873 0.547449 0.703522 0.495187 0.735680 0.339942 0.412542 0.705720 0.719179 0.595601 0.689370 0.851425 0.958814 0.878194 0.971191 0.700757 0.896675 0.842455 0.755931 0.939826 0.861668 0.793093 0.909110 0.547537 0.553735 0.556040 0.695475 0.500242 0.818520 0.689695 0.743144 0.990920 0.878532 0.791442 0.663717 0.874634 0.728866 0.646662 0.734060 0.862430 0.819676
0.458206 0.606378 0.815639 0.932169 0.845384 0.616324 0.427939 0.458243 0.793141 0.474352 0.547417 0.446006 0.549760 0.572377 0.573537 0.673677 0.349775 0.000000 0.454029 0.537587 0.893007 0.888665 0.746039 0.967099 0.683495 0.843334 0.714223 0.999578 0.356466 0.371058 0.508961 0.585191 0.455464 0.458304 0.970089 0.888231 0.833821 0.875284 0.909655 0.917160 0.958950 0.865055 0.444609 0.464459 0.509379 0.411508 0.466946 0.504262 0.508595 0.587089 0.522123 0.797525 0.823637 0.941273 0.697511 0.613630 0.623094 0.660640 0.531778 0.620602 0.432373 0.588919 0.367896 0.361059 0.781064 0.971101 0.530584 0.579130 0.892571 0.665381 0.823566 0.789160 0.767028 0.930768 0.898494 0.946429 0.687122 0.795492 0.513462 0.631158 0.327074 0.450350 0.673128 0.708544 0.557847 0.692969 0.849864 0.989338 0.916462 0.969800 0.700129 0.936334 0.758335 0.768379 0.830463 0.890257 0.838307 0.889681 0.506498 0.523015 0.639414 0.698287 0.386315 0.812363 0.675639 0.789596 0.955645 0.820692 0.816104 0.770717 0.739750 0.747958 0.678092 0.788346 0.915600 0.872737
0.556271 0.723658 0.845804 0.889986 0.803062 0.593400 0.432857 0.397204 0.691340 0.419626 0.509904 0.422501 0.493471 0.563307 0.626984 0.719734 0.502627 0.454029 0.000000 0.461394 0.758586 0.883899 0.807370 0.958248 0.660567 0.824367 0.672616 0.930456 0.399779 0.474800 0.540301 0.672763 0.463605 0.436730 0.879295 0.927845 0.833298 0.946568 0.915014 0.903036 0.941294 0.931388 0.448718 0.356642 0.438409 0.407825 0.545611 0.504786 0.559979 0.641914 0.631025 0.848435 0.856633 0.977973 0.675289 0.666026 0.716591 0.779194 0.545422 0.686227 0.406268 0.418303 0.482803 0.431427 0.760758 0.819841 0.606457 0.592520 0.871510 0.775549 0.752805 0.796427 0.784687 0.891614 0.918429 0.997218 0.630197 0.761141 0.696908 0.646206 0.441928 0.446420 0.701573 0.652313 0.636070 0.808373 0.845115 0.950592 0.782029 0.969838 0.674407 0.991108 0.823941 0.769461 0.881059 0.989641 0.879204 0.998187 0.553431 0.652804 0.693849 0.740289 0.492426 0.690243 0.749984 0.956784 0.987171 0.844035 0.716816 0.767173 0.809657 0.773252 0.705889 0.727598 0.843343 0.897047
0.697670 0.642004 0.790400 0.800442 0.893024 0.725921 0.586498 0.545782 0.837207 0.540804 0.733448 0.642452 0.691362 0.639705 0.692111 0.830355 0.652963 0.537587 0.461394 0.000000 0.982098 0.952311 0.806194 0.941410 0.852516 0.964208 0.826430 0.873940 0.537319 0.589872 0.618096 0.711755 0.562942 0.544720 0.992258 0.882860 0.970886 0.966937 0.984951 0.944590 0.991894 0.968228 0.592940 0.521753 0.578366 0.521949 0.533061 0.677962 0.612128 0.640439 0.608887 0.789047 0.876029 0.972056 0.697187 0.647159 0.702169 0.688957 0.655095 0.705548 0.598817 0.588059 0.606368 0.542408 0.870646 0.806518 0.592797 0.611382 0.803022 0.689638 0.822041 0.760184 0.934617 0.813782 0.957044 0.898310 0.706061 0.982524 0.676077 0.568430 0.594448 0.588734 0.805766 0.697433 0.685591 0.776639 0.872176 0.912058 0.854473 0.984993 0.778224 0.993255 0.843773 0.851565 0.815556 0.870532 0.894430 0.861449 0.675435 0.665184 0.863454 0.862347 0.696176 0.662094 0.730217 0.998243 0.947435 0.858994 0.782302 0.837059 0.838828 0.761337 0.957796 0.882069 0.999523 0.923332
0.837240 0.997715 0.950104 0.937759 0.887205 0.814624 0.888612 0.888578 0.685478 0.844347 0.925739 0.758338 0.783972 0.845935 0.878942 0.767243 0.930629 0.893007 0.758586 0.982098 0.000000 0.937827 0.835239 0.857621 0.828505 0.870955 0.802027 0.972665 0.906088 0.912541 0.960005 0.956355 0.938027 0.900112 0.974793 0.975151 0.895415 0.870789 0.712074 0.965563 0.974255 0.962480 0.895930 0.868097 0.822406 0.823453 0.993136 0.770300 0.871672 0.900293 0.857515 0.876063 0.818919 0.844467 0.958330 0.914326 0.932429 0.987640 0.981130 0.906978 0.858909 0.775944 0.935625 0.860910 0.947422 0.981613 0.999469 0.964457 0.939441 0.784548 0.813241 0.800036 0.975638 0.991518 0.818925 0.925708 0.983715 0.910315 0.983063 0.871783 0.883022 0.883754 0.806518 0.892789 0.830632 0.920427 0.943247 0.884927 0.811958 0.847785 0.782582 0.877265 0.900322 0.990386 0.937570 0.882994 0.987855 0.858717 0.887940 0.836349 0.970767 0.762871 0.840555 0.915591 0.957631 0.850348 0.949619 0.980825 0.858738 0.922778 0.914224 0.887575 0.924433 0.832107 0.822842 0.914798
0.781713 0.763658 0.884010 0.916371 0.963384 0.996948 0.870662 0.886175 0.941555 0.983153 0.840993 0.837296 0.886039 0.905244 0.879048 0.980992 0.788380 0.888665 0.883899 0.952311 0.937827 0.000000 0.969414 0.831926 0.972950 0.950825 0.945774 0.949241 0.858972 0.884743 0.944774 0.980454 0.810848 0.884994 0.824317 0.760709 0.898577 0.992899 0.785819 0.839828 0.928941 0.894134 0.918538 0.906994 0.991165 0.967280 0.792698 0.847987 0.895942 0.984294 0.983283 0.961447 0.968312 0.939834 0.997158 0.986658 0.728180 0.823580 0.881543 0.855269 0.872887 0.875227 0.891243 0.889769 0.985431 0.999667 0.992521 0.971663 0.909884 0.901784 0.871188 0.937843 0.891983 0.982842 0.971453 0.922355 0.993556 0.916910 0.954763 0.969219 0.926297 0.851492 0.885434 0.898530 0.941460 0.978136 0.852795 0.822896 0.824167 0.936637 0.917759 0.813002 0.902706 0.851085 0.898826 0.930978 0.863347 0.878870 0.949891 0.989075 0.911306 0.960289 0.966242 0.963998 0.938586 0.980634 0.849522 0.945798 0.865352 0.924518 0.947353 0.945264 0.923658 0.962681 0.886242 0.870072
0.674706 0.760424 0.867273 0.863052 0.711661 0.607148 0.930704 0.818793 0.785469 0.757794 0.931489 0.666486 0.701941 0.601130 0.488357 0.328539 0.852971 0.746039 0.807370 0.806194 0.835239 0.969414 0.000000 0.491387 0.791913 0.783541 0.841840 0.934627 0.785477 0.669198 0.826992 0.779157 0.733074 0.854789 0.943745 0.994916 0.803523 0.976602 0.821882 0.948106 0.854986 0.924284 0.808404 0.758267 0.570233 0.605000 0.906635 0.840877 0.553569 0.549668 0.691868 0.576000 0.559134 0.700228 0.908899 0.772092 0.985214 0.764659 0.950776 0.876601 0.807474 0.777586 0.909911 0.770422 0.936507 0.908244 0.821877 0.919194 0.943965 0.630476 0.566854 0.560465 0.869073 0.933044 0.984033 0.989194 0.787993 0.910119 0.946509 0.714691 0.755962 0.854364 0.496821 0.747028 0.449650 0.499901 0.945488 0.710460 0.597401 0.501186 0.721435 0.605832 0.643271 0.746595 0.867254 0.972149 0.944459 0.969183 0.658167 0.633747 0.917279 0.718654 0.662879 0.966255 0.971019 0.934359 0.948163 0.884319 0.962638 0.844829 0.768597 0.712242 0.967937 0.907456 0.844029 0.975994
0.918376 0.829443 0.974434 0.641716 0.906386 0.768048 0.820767 0.989699 0.954054 0.867432 0.785436 0.979923 0.881181 0.997486 0.910334 0.642502 0.998803 0.967099 0.958248 0.941410 0.857621 0.831926 0.491387 0.000000 0.865064 0.999086 0.666080 0.968794 0.898250 0.984078 0.974207 0.820968 0.958031 0.961851 0.862309 0.843983 0.997745 0.828555 0.871926 0.996413 0.848280 0.937770 0.909899 0.954122 0.935043 0.960044 0.940086 0.874637 0.931707 0.730330 0.873749 0.680291 0.694356 0.710805 0.918824 0.792515 0.967293 0.823221 0.917397 0.839205 0.857645 0.911603 0.875556 0.977931 0.700240 0.838959 0.690245 0.873884 0.901997 0.619455 0.750547 0.637785 0.976504 0.881676 0.834006 0.812493 0.960977 0.983910 0.954773 0.917110 0.971009 0.969556 0.774481 0.895316 0.767870 0.498049 0.904685 0.704209 0.740861 0.579978 0.781004 0.665618 0.700594 0.613837 0.901627 0.988757 0.830531 0.966151 0.895503 0.808897 0.840524 0.796719 0.900725 0.975572 0.948245 0.898917 0.810996 0.827286 0.968940 0.818103 0.929397 0.875806 0.942123 0.937469 0.882553 0.933949
0.737909 0.998811 0.653535 0.623677 0.579289 0.765414 0.577552 0.698048 0.796637 0.540272 0.529624 0.528005 0.423146 0.451823 0.431941 0.638211 0.661537 0.683495 0.660567 0.852516 0.828505 0.972950 0.791913 0.865064 0.000000 0.543844 0.701753 0.941707 0.575007 0.584482 0.829446 0.911191 0.600751 0.761367 0.807402 0.935185 0.760247 0.697881 0.926365 0.883703 0.859062 0.875936 0.704793 0.637278 0.437919 0.470962 0.791206 0.686904 0.546799 0.867492 0.796560 0.965061 0.863789 0.960021 0.925533 0.911411 0.881768 0.914752 0.917520 0.979381 0.485790 0.553062 0.605137 0.542974 0.489793 0.747057 0.955335 0.988242 0.820469 0.915160 0.853358 0.981898 0.912834 0.935839 0.920787 0.884602 0.662574 0.826420 0.875603 0.719455 0.565670 0.779621 0.691671 0.816372 0.622317 0.943894 0.925455 0.888254 0.758341 0.942579 0.715668 0.955705 0.830673 0.819755 0.921071 0.973383 0.935538 0.989215 0.525233 0.674022 0.588445 0.754718 0.578177 0.853108 0.896264 0.879268 0.972808 0.984697 0.746984 0.953175 0.696508 0.711773 0.672895 0.792543 0.947490 0.892644
0.773889 0.919388 0.716559 0.699761 0.570035 0.911161 0.796958 0.881877 0.865574 0.823276 0.656987 0.688997 0.538175 0.661988 0.565533 0.647152 0.698250 0.843334 0.824367 0.964208 0.870955 0.950825 0.783541 0.999086 0.543844 0.000000 0.908402 0.793312 0.763994 0.714756 0.968866 0.988946 0.819114 0.910686 0.885062 0.856327 0.880819 0.797563 0.979727 0.998736 0.984357 0.949369 0.894465 0.844318 0.719392 0.737595 0.982303 0.848274 0.744963 0.886410 0.865731 0.922747 0.849331 0.957751 0.998655 0.918918 0.906276 0.944664 0.939985 0.933367 0.696530 0.780111 0.703780 0.665240 0.648951 0.606660 0.892108 0.887511 0.920595 0.981595 0.867808 0.983709 0.899093 0.885888 0.922955 0.975900 0.882758 0.793201 0.979548 0.975251 0.792927 0.918126 0.651807 0.825608 0.698411 0.953759 0.970602 0.941106 0.780238 0.961470 0.887221 0.956393 0.986721 0.847226 0.845526 0.962814 0.990690 0.875587 0.801901 0.763914 0.803987 0.957292 0.777879 0.925576 0.972711 0.926823 0.986991 0.969963 0.968481 0.950694 0.966914 0.834643 0.927748 0.991187 0.803919 0.957116
0.847911 0.966109 0.883305 0.937078 0.988399 0.852533 0.552495 0.623835 0.935990 0.639455 0.643935 0.774150 0.717039 0.762927 0.781352 0.992997 0.689802 0.714223 0.672616 0.826430 0.802027 0.945774 0.841840 0.666080 0.701753 0.908402 0.000000 0.922572 0.640606 0.698967 0.724410 0.855490 0.715091 0.629379 0.931272 0.887055 0.826488 0.699226 0.992286 0.921566 0.983632 0.869569 0.730224 0.679595 0.706066 0.698050 0.598178 0.710466 0.783049 0.883825 0.891951 0.881791 0.825099 0.815974 0.825288 0.938809 0.984388 0.933524 0.740153 0.919512 0.580275 0.736735 0.623327 0.666908 0.780217 0.997591 0.796715 0.674784 0.715986 0.870385 0.925124 0.993236 0.981078 0.988013 0.909596 0.985003 0.835617 0.980793 0.789018 0.859488 0.660385 0.708089 0.941959 0.982998 0.938323 0.940525 0.874236 0.768342 0.911560 0.750407 0.940284 0.849428 0.999254 0.678461 0.888862 0.955201 0.988742 0.943546 0.754081 0.854838 0.746277 0.969377 0.760996 0.895433 0.818998 0.941884 0.855641 0.968050 0.944666 0.784444 0.909349 0.988933 0.744523 0.864871 0.984974 0.870092
0.978952 0.859709 0.972158 0.950416 0.762149 0.904380 0.965832 0.937734 0.901827 0.879386 0.846647 0.860461 0.899426 0.960464 0.894828 0.883983 0.888022 0.999578 0.930456 0.873940 0.972665 0.949241 0.934627 0.968794 0.941707 0.793312 0.922572 0.000000 0.970451 0.946481 0.945592 0.998251 0.986790 0.961143 0.923345 0.842120 0.826648 0.832168 0.926593 0.950699 0.816540 0.952020 0.839843 0.905297 0.992658 0.918656 0.969192 0.926941 0.961561 0.936023 0.911200 0.899029 0.917995 0.937220 0.853062 0.981096 0.882811 0.903053 0.933619 0.837887 0.923105 0.918741 0.942425 0.927082 0.976672 0.860364 0.972160 0.942403 0.959343 0.801066 0.950278 0.865729 0.892151 0.880718 0.973128 0.906339 0.978257 0.895768 0.924906 0.911096 0.916541 0.858871 0.936403 0.995982 0.867796 0.820344 0.999876 0.955768 0.952381 0.944446 0.925239 0.924454 0.912547 0.937209 0.931391 0.948239 0.839432 0.910403 0.922866 0.890138 0.932188 0.992214 0.884104 0.944066 0.788438 0.897884 0.850911 0.993363 0.937638 0.997808 0.930727 0.975326 0.985476 0.826949 0.907152 0.996765
0.527191 0.686809 0.828609 0.965141 0.764011 0.625910 0.366721 0.395405 0.749008 0.417560 0.434497 0.395240 0.375099 0.463888 0.455219 0.698230 0.384615 0.356466 0.399779 0.537319 0.906088 0.858972 0.785477 0.898250 0.575007 0.763994 0.640606 0.970451 0.000000 0.306179 0.437346 0.662681 0.371163 0.353005 0.889322 0.992183 0.880798 0.806306 0.851821 0.809009 0.964452 0.983524 0.519939 0.440451 0.455070 0.364679 0.470355 0.497866 0.513984 0.651417 0.594913 0.901058 0.879220 0.937265 0.705522 0.589383 0.698733 0.740286 0.519951 0.740316 0.340858 0.500772 0.326320 0.317156 0.583501 0.945048 0.646911 0.637857 0.949866 0.748273 0.807880 0.803710 0.859358 0.997098 0.962830 0.909116 0.552011 0.898915 0.515172 0.585678 0.278686 0.358209 0.685142 0.622972 0.579052 0.808851 0.912611 0.943685 0.903962 0.980393 0.835096 0.841167 0.954639 0.622362 0.970795 0.927878 0.785851 0.900818 0.571140 0.650207 0.504560 0.699298 0.523821 0.665992 0.761660 0.848245 0.983472 0.767502 0.721674 0.736993 0.781543 0.711488 0.705438 0.676965 0.972843 0.839345
0.544769 0.671154 0.852594 0.996936 0.723291 0.661539 0.400002 0.434224 0.683175 0.454516 0.438485 0.386504 0.349029 0.444893 0.411346 0.545445 0.412479 0.371058 0.474800 0.589872 0.912541 0.884743 0.669198 0.984078 0.584482 0.714756 0.698967 0.946481 0.306179 0.000000 0.538619 0.606138 0.373123 0.345323 0.953857 0.941362 0.848601 0.821865 0.868568 0.811471 0.966067 0.981448 0.544023 0.496351 0.496042 0.404686 0.552993 0.580356 0.544337 0.710588 0.609473 0.913858 0.913338 0.885428 0.700926 0.574641 0.722904 0.763642 0.546962 0.755772 0.331896 0.510976 0.338884 0.305566 0.689930 0.965586 0.669290 0.626150 0.941860 0.716994 0.739877 0.831139 0.822041 0.865792 0.961797 0.966871 0.669202 0.842628 0.620508 0.617024 0.362942 0.487433 0.566003 0.600257 0.517269 0.718255 0.872689 0.883164 0.795832 0.979962 0.897902 0.828749 0.988846 0.656799 0.972057 0.870298 0.820671 0.952808 0.604170 0.654311 0.613947 0.810110 0.509487 0.822907 0.771093 0.750406 0.988372 0.877737 0.815762 0.745543 0.797490 0.782496 0.750389 0.745000 0.914055 0.905732
0.659634 0.786476 0.704718 0.850638 0.993420 0.665935 0.511274 0.479079 0.785231 0.482147 0.726559 0.541866 0.626170 0.695658 0.732401 0.798573 0.588149 0.508961 0.540301 0.618096 0.960005 0.944774 0.826992 0.974207 0.829446 0.968866 0.724410 0.945592 0.437346 0.538619 0.000000 0.591725 0.474371 0.500850 0.873398 0.928650 0.982838 0.953808 0.952622 0.975469 0.873268 0.955137 0.647507 0.581774 0.622063 0.570913 0.607117 0.629211 0.654745 0.698605 0.740804 0.924167 0.907842 0.896596 0.773502 0.678261 0.672733 0.776067 0.619033 0.821715 0.545551 0.626903 0.576011 0.496192 0.752954 0.985855 0.661788 0.661112 0.954053 0.819090 0.893539 0.758157 0.940951 0.911158 0.939256 0.768389 0.643283 0.990298 0.710133 0.649091 0.463514 0.574296 0.915933 0.795864 0.735744 0.818432 0.724988 0.868552 0.991079 0.957683 0.920432 0.891598 0.945781 0.771701 0.879856 0.876231 0.997168 0.979453 0.728373 0.664035 0.723493 0.745085 0.622243 0.768452 0.821006 0.824493 0.933689 0.984513 0.895569 0.799741 0.775072 0.832503 0.845341 0.763521 0.919962 0.875428
0.880633 0.998810 0.724313 0.735563 0.977631 0.839288 0.698717 0.715781 0.996525 0.817918 0.800300 0.732769 0.805477 0.827074 0.813774 0.750128 0.723203 0.585191 0.672763 0.711755 0.956355 0.980454 0.779157 0.820968 0.911191 0.988946 0.855490 0.998251 0.662681 0.606138 0.591725 0.000000 0.591758 0.634179 0.915155 0.845052 0.968514 0.958208 0.944228 0.741939 0.960952 0.962288 0.788780 0.735034 0.888449 0.729036 0.737861 0.762990 0.927006 0.885303 0.888251 0.949253 0.920737 0.803919 0.962814 0.802682 0.883691 0.960217 0.821740 0.928942 0.728333 0.889124 0.699347 0.700366 0.946075 0.793370 0.598226 0.609827 0.915804 0.915152 0.866942 0.823977 0.659895 0.894626 0.950458 0.941100 0.870765 0.951572 0.744047 0.771563 0.678464 0.629071 0.776750 0.704464 0.848898 0.658391 0.974955 0.825332 0.994717 0.779723 0.985873 0.831173 0.996401 0.806927 0.994738 0.921646 0.956129 0.977504 0.885425 0.863804 0.994451 0.996339 0.596476 0.992305 0.800566 0.838792 0.915317 0.777416 0.929452 0.945418 0.848665 0.969533 0.990489 0.984886 0.818345 0.988117
0.541335 0.759079 0.791841 0.867234 0.848944 0.604014 0.341436 0.319488 0.714430 0.377250 0.469640 0.412747 0.410964 0.516772 0.482785 0.709697 0.473196 0.455464 0.463605 0.562942 0.938027 0.810848 0.733074 0.958031 0.600751 0.819114 0.715091 0.986790 0.371163 0.373123 0.474371 0.591758 0.000000 0.393253 0.883539 0.945321 0.893582 0.911059 0.973192 0.924057 0.874901 0.998674 0.507358 0.421936 0.435909 0.373225 0.491463 0.524774 0.530897 0.704960 0.640808 0.911916 0.885422 0.855874 0.720735 0.654259 0.704019 0.739408 0.504867 0.737000 0.307557 0.455966 0.381535 0.321212 0.727236 0.893090 0.615333 0.529769 0.974480 0.662341 0.785537 0.835519 0.846561 0.925964 0.951868 0.910659 0.542524 0.836531 0.713343 0.582483 0.364204 0.486944 0.735739 0.640246 0.605979 0.733618 0.922294 0.906853 0.844720 0.939233 0.859976 0.916297 0.932817 0.673192 0.912356 0.983177 0.838854 0.950048 0.557413 0.668864 0.611076 0.816176 0.526765 0.629025 0.704245 0.833458 0.918319 0.899192 0.859613 0.834615 0.701204 0.788104 0.849724 0.893581 0.975110 0.991563
0.564819 0.683076 0.638402 0.771847 0.928330 0.589412 0.342187 0.346796 0.756479 0.444759 0.470099 0.460584 0.516457 0.591854 0.583595 0.742127 0.414283 0.458304 0.436730 0.544720 0.900112 0.884994 0.854789 0.961851 0.761367 0.910686 0.629379 0.961143 0.353005 0.345323 0.500850 0.634179 0.393253 0.000000 0.908473 0.952466 0.821543 0.901406 0.805143 0.840028 0.944617 0.971605 0.532731 0.406182 0.532938 0.435224 0.429485 0.548728 0.599044 0.678076 0.577002 0.896568 0.900100 0.917257 0.619469 0.601970 0.668070 0.787356 0.443280 0.662512 0.336716 0.527131 0.328564 0.346525 0.821635 0.834376 0.543604 0.467073 0.998820 0.729328 0.807593 0.820159 0.916124 0.929714 0.870009 0.970090 0.569381 0.913574 0.615827 0.645953 0.385755 0.383791 0.793673 0.609830 0.599393 0.640063 0.816429 0.971690 0.941422 0.914045 0.847986 0.851511 0.982768 0.610523 0.994222 0.929955 0.883469 0.988203 0.642064 0.708923 0.647739 0.800667 0.563578 0.784500 0.656637 0.818510 0.860304 0.751815 0.791891 0.724854 0.793281 0.875718 0.836953 0.789006 0.867137 0.913465
0.905228 0.920413 0.767001 0.790582 0.947704 0.819521 0.934154 0.827397 0.979901 0.949765 0.966832 0.948727 0.975019 0.915307 0.958791 0.994163 0.883946 0.970089 0.879295 0.992258 0.974793 0.824317 0.943745 0.862309 0.807402 0.885062 0.931272 0.923345 0.889322 0.953857 0.873398 0.915155 0.883539 0.908473 0.000000 0.876552 0.983745 0.962818 0.848777 0.914448 0.812397 0.842307 0.995280 0.991682 0.977285 0.968769 0.871134 0.959779 0.991258 0.849945 0.997831 0.990943 0.993642 0.976793 0.717888 0.847837 0.828287 0.819894 0.807564 0.789918 0.924391 0.987654 0.929825 0.927368 0.876505 0.806689 0.700108 0.784232 0.924544 0.942487 0.946137 0.810106 0.934581 0.951564 0.858344 0.787015 0.862842 0.921400 0.797873 0.875611 0.878259 0.859476 0.988907 0.923424 0.950115 0.823285 0.971728 0.994719 0.969527 0.971851 0.969668 0.971180 0.929205 0.983572 0.999549 0.930791 0.931871 0.886757 0.969405 0.847479 0.952027 0.812761 0.982704 0.894433 0.944511 0.897729 0.978822 0.935393 0.942897 0.804685 0.824414 0.991645 0.951201 0.983188 0.874251 0.983424
0.816115 0.833706 0.918703 0.841507 0.933682 0.972961 0.994079 0.857155 0.928494 0.932194 0.927458 0.936033 0.934478 0.975537 0.950424 0.989617 0.977609 0.888231 0.927845 0.882860 0.975151 0.760709 0.994916 0.843983 0.935185 0.856327 0.887055 0.842120 0.992183 0.941362 0.928650 0.845052 0.945321 0.952466 0.876552 0.000000 0.892476 0.845009 0.987428 0.941617 0.824033 0.983395 0.996041 0.976398 0.954694 0.998562 0.877142 0.931158 0.887760 0.841873 0.831097 0.781464 0.797674 0.859726 0.758041 0.836449 0.709818 0.648303 0.833921 0.701626 0.937355 0.938833 0.992550 0.936104 0.951870 0.936193 0.850502 0.935142 0.886505 0.671650 0.915839 0.857328 0.937192 0.932748 0.933446 0.825303 0.973807 0.972131 0.982312 0.899976 0.922384 0.939048 0.913110 0.982835 0.977562 0.985205 0.781378 0.861298 0.789044 0.913029 0.896164 0.853123 0.850235 0.810422 0.790996 0.995380 0.938380 0.870883 0.875349 0.850312 0.941849 0.923856 0.981029 0.867875 0.835478 0.878700 0.848835 0.917798 0.946826 0.991319 0.765704 0.944476 0.982984 0.836209 0.957402 0.879184
0.735367 0.879456 0.795028 0.937898 0.946944 0.819016 0.890234 0.901934 0.969288 0.794694 0.855434 0.799526 0.866049 0.779677 0.796770 0.802983 0.841986 0.833821 0.833298 0.970886 0.895415 0.898577 0.803523 0.997745 0.760247 0.880819 0.826488 0.826648 0.880798 0.848601 0.982838 0.968514 0.893582 0.821543 0.983745 0.892476 0.000000 0.881350 0.814145 0.893588 0.993718 0.822322 0.774214 0.761715 0.660295 0.691980 0.901872 0.879029 0.677079 0.743866 0.829030 0.788027 0.876167 0.777262 0.980688 0.933946 0.892548 0.949982 0.997264 0.951132 0.839705 0.829822 0.889459 0.830930 0.811633 0.806208 0.922378 0.950876 0.914928 0.952665 0.945127 0.883892 0.960179 0.972482 0.971816 0.988084 0.809665 0.923202 0.927635 0.866162 0.833333 0.867665 0.924306 0.990599 0.832502 0.924708 0.964638 0.824893 0.914225 0.976443 0.704716 0.826738 0.731148 0.993594 0.970544 0.983844 0.976325 0.941437 0.693514 0.857020 0.898870 0.814570 0.781247 0.944327 0.942888 0.953434 0.934547 0.847900 0.901447 0.841894 0.843385 0.854364 0.634325 0.830555 0.934148 0.882881
0.917026 0.998377 0.959088 0.726955 0.818855 0.996844 0.753422 0.919650 0.898924 0.885235 0.707916 0.873703 0.724226 0.800629 0.749013 0.868943 0.786236 0.875284 0.946568 0.966937 0.870789 0.992899 0.976602 0.828555 0.697881 0.797563 0.699226 0.832168 0.806306 0.821865 0.953808 0.958208 0.911059 0.901406 0.962818 0.845009 0.881350 0.000000 0.958369 0.921083 0.929772 0.904294 0.928583 0.905073 0.878279 0.889233 0.907511 0.895156 0.944529 0.933693 0.901576 0.798232 0.849627 0.843542 0.993174 0.837817 0.883065 0.904055 0.972280 0.895903 0.709066 0.894483 0.720292 0.792029 0.907943 0.953863 0.967102 0.940863 0.840412 0.879847 0.902163 0.932449 0.961099 0.933851 0.836285 0.988696 0.831152 0.914003 0.841692 0.958993 0.751763 0.865564 0.900234 0.989527 0.788079 0.969186 0.977389 0.910941 0.856439 0.945324 0.956669 0.927171 0.986191 0.870432 0.922394 0.861268 0.863146 0.912505 0.848291 0.874521 0.824986 0.905829 0.919202 0.914030 0.933523 0.983132 0.986952 0.955954 0.826544 0.914143 0.958069 0.973402 0.741402 0.946682 0.860950 0.922410
