0.000000 0.201991 0.520642 0.643900 0.778583 0.737228 0.989805 0.961406 0.491431 0.499656 0.320405 0.316936 0.402080 0.409916 0.514098 0.779153 0.305546 0.259374 0.359097 0.247142 0.576652 0.997390 0.756742 0.479057 0.518892 0.738341 0.573531 0.811962 0.569576 0.537606 0.923227 0.812350 0.499846 0.594495 0.945664 0.898575 0.887576 0.974795 0.858430 0.903522 0.840125 0.832071 0.958107 0.889843 0.837147 0.993842 0.657267 0.668822 0.882156 0.840659 0.974848 0.950204 0.730101 0.466236 0.483413 0.555486 0.194043 0.212039 0.415726 0.347472 0.642849 0.866026 0.430372 0.430169 0.317286 0.534635 0.781456 0.957460 0.334979 0.509284 0.503334 0.480067 0.795802 0.742867 0.917807 0.931953 0.874191 0.808007 0.541709 0.411394 0.268199 0.246282 0.452725 0.274780 0.261298 0.241469 0.803447 0.568223 0.657914 0.330179 0.403396 0.481765 0.479033 0.570312 0.895101 0.898573 0.967626 0.883888 0.779467 0.863236 0.566022 0.659240 0.938830 0.776495 0.958559 0.911638 0.941480 0.863547 0.723287 0.908113 0.877966 0.919582 0.849238 0.925309 0.853502 0.670819
0.201991 0.000000 0.497277 0.540905 0.732015 0.756393 0.959464 0.915684 0.512637 0.537251 0.400635 0.351368 0.491838 0.418618 0.531392 0.739107 0.314043 0.285098 0.364398 0.241312 0.594089 0.997611 0.754030 0.468280 0.464279 0.664726 0.542560 0.807368 0.584350 0.543917 0.996673 0.784971 0.521178 0.554707 0.905387 0.914281 0.827086 0.896169 0.733318 0.921872 0.878967 0.774022 0.987355 0.840159 0.799683 0.982630 0.637812 0.672586 0.905888 0.849616 0.967266 0.944596 0.711012 0.470950 0.541518 0.567798 0.197586 0.194638 0.438158 0.397352 0.716458 0.873345 0.494377 0.443658 0.333595 0.577493 0.832834 0.998995 0.324960 0.477196 0.593722 0.476793 0.830124 0.768043 0.871103 0.929908 0.979862 0.810371 0.517895 0.426566 0.277119 0.286813 0.496426 0.298042 0.348525 0.289013 0.859339 0.634586 0.693193 0.365557 0.346413 0.411613 0.439027 0.515548 0.899528 0.949314 0.992635 0.896837 0.729887 0.848259 0.467838 0.588711 0.889300 0.821593 0.988555 0.889389 0.961587 0.861837 0.770703 0.857225 0.923181 0.908275 0.853972 0.930344 0.886716 0.639877
0.520642 0.497277 0.000000 0.292768 0.763468 0.953666 0.805406 0.642603 0.838543 0.785018 0.691790 0.618902 0.568945 0.641943 0.656547 0.710016 0.656588 0.626438 0.574856 0.562186 0.588158 0.984862 0.727284 0.517325 0.424314 0.525817 0.601241 0.922854 0.786283 0.785733 0.817206 0.689254 0.681114 0.681457 0.794629 0.873709 0.685562 0.852860 0.775931 0.724564 0.999754 0.681309 0.837248 0.759556 0.876778 0.997741 0.764811 0.783064 0.990542 0.864336 0.996819 0.930746 0.822664 0.730453 0.692282 0.749788 0.478343 0.489278 0.653315 0.558562 0.768931 0.746383 0.786509 0.725776 0.447188 0.551147 0.784289 0.936861 0.533677 0.598296 0.935845 0.862117 0.978048 0.943751 0.946255 0.813923 0.804143 0.907982 0.666659 0.631655 0.697686 0.656952 0.763297 0.704069 0.700425 0.527909 0.968159 0.969144 0.746206 0.610763 0.690751 0.749030 0.752815 0.757884 0.950767 0.953900 0.819602 0.826572 0.927832 0.862519 0.577585 0.894982 0.986818 0.888796 0.909433 0.802269 0.758018 0.955048 0.957442 0.828555 0.830778 0.945169 0.844185 0.787526 0.657211 0.802360
0.643900 0.540905 0.292768 0.000000 0.761921 0.998837 0.914832 0.577953 0.881636 0.848770 0.855618 0.698790 0.715094 0.627014 0.721080 0.631263 0.756510 0.719720 0.671749 0.706321 0.677706 0.919982 0.809737 0.499240 0.428399 0.470454 0.653384 0.921403 0.946336 0.830821 0.794805 0.699734 0.771699 0.718917 0.743217 0.928533 0.570529 0.781586 0.626502 0.692659 0.921836 0.701780 0.886500 0.817811 0.818536 0.937241 0.859350 0.860776 0.890499 0.945864 0.982861 0.922907 0.872409 0.826458 0.785713 0.811490 0.565287 0.564053 0.725230 0.653058 0.876019 0.743171 0.894851 0.800320 0.577748 0.568293 0.894464 0.972616 0.619453 0.594659 0.994787 0.866402 0.989030 0.999064 0.894232 0.956507 0.819533 0.951634 0.693780 0.704868 0.766760 0.757580 0.851402 0.730446 0.861175 0.597480 0.994190 0.905584 0.744974 0.703991 0.644152 0.653696 0.726078 0.708572 0.997531 0.954844 0.919218 0.792249 0.974023 0.944733 0.526230 0.775387 0.892218 0.889445 0.978018 0.856039 0.743310 0.982406 0.942538 0.846641 0.955328 0.870732 0.895870 0.785848 0.726639 0.834060
0.778583 0.732015 0.763468 0.761921 0.000000 0.799634 0.632707 0.780634 0.731291 0.663070 0.990561 0.979811 0.838021 0.958420 0.810796 0.777200 0.930865 0.927581 0.929948 0.755684 0.800273 0.941951 0.804684 0.973769 0.705078 0.747285 0.917036 0.942679 0.838896 0.889940 0.884637 0.986085 0.980232 0.875381 0.923238 0.718318 0.826576 0.819293 0.804948 0.978123 0.943287 0.774974 0.941659 0.951294 0.673125 0.789046 0.976801 0.970822 0.783792 0.794953 0.655601 0.677145 0.522508 0.496140 0.940056 0.974913 0.722878 0.783099 0.958132 0.823876 0.697235 0.723066 0.843650 0.922711 0.889108 0.889604 0.866558 0.740065 0.554904 0.589771 0.824228 0.782358 0.806008 0.754082 0.860200 0.949771 0.902707 0.835370 0.850133 0.891852 0.814937 0.767593 0.956253 0.813104 0.998934 0.907862 0.918281 0.990083 0.951118 0.855292 0.750616 0.730216 0.920758 0.832083 0.971566 0.945276 0.799378 0.932526 0.797385 0.805369 0.706865 0.648663 0.810793 0.993271 0.913397 0.898925 0.996348 0.873726 0.854834 0.845156 0.936300 0.760194 0.913898 0.889473 0.859437 0.865165
0.737228 0.756393 0.953666 0.998837 0.799634 0.000000 0.810342 0.749299 0.634218 0.693331 0.805838 0.818703 0.940617 0.856767 0.984894 0.865708 0.777743 0.783526 0.738120 0.770721 0.887916 0.939915 0.993429 0.921846 0.916234 0.906484 0.991226 0.796386 0.900303 0.971080 0.793003 0.919546 0.864675 0.977397 0.885530 0.932199 0.874209 0.798990 0.964234 0.764470 0.735696 0.748873 0.867072 0.872326 0.926755 0.999773 0.912196 0.904624 0.924341 0.964161 0.949030 0.916507 0.782778 0.715002 0.914719 0.826361 0.723081 0.754614 0.769373 0.826877 0.983187 0.797342 0.859261 0.902984 0.779407 0.973324 0.895536 0.995545 0.745185 0.912601 0.741886 0.691238 0.649916 0.730782 0.890553 0.843802 0.860027 0.781087 0.953443 0.895694 0.762776 0.710859 0.802590 0.706519 0.724804 0.752173 0.834738 0.885892 0.936805 0.800621 0.740830 0.882174 0.911278 0.876961 0.985972 0.925922 0.993151 0.999737 0.888375 0.895851 0.847931 0.865480 0.922838 0.944909 0.970700 0.911239 0.916528 0.812201 0.772784 0.816846 0.918263 0.957464 0.904774 0.899602 0.905340 0.796615
0.989805 0.959464 0.805406 0.914832 0.632707 0.810342 0.000000 0.328249 0.741111 0.519383 0.889528 0.708881 0.583056 0.770186 0.521804 0.658327 0.881293 0.859675 0.707236 0.962324 0.983677 0.930587 0.445873 0.898739 0.783326 0.835674 0.989629 0.889782 0.540946 0.606165 0.569302 0.705108 0.637815 0.489175 0.872119 0.848624 0.968345 0.904546 0.814239 0.968141 0.865919 0.940623 0.507214 0.555569 0.385258 0.446532 0.653924 0.695989 0.460765 0.439228 0.356624 0.397223 0.442264 0.500634 0.718022 0.667031 0.995012 0.991629 0.713716 0.872797 0.337721 0.336927 0.564011 0.569722 0.798408 0.713129 0.466365 0.459000 0.739649 0.779784 0.651930 0.728002 0.670303 0.595942 0.779912 0.706524 0.752551 0.656623 0.782241 0.846684 0.998640 0.856760 0.873728 0.880429 0.849249 0.948391 0.925083 0.946741 0.818907 0.968630 0.765072 0.719999 0.996825 0.990186 0.779565 0.755615 0.881661 0.935189 0.461875 0.484426 0.887762 0.628700 0.744094 0.817979 0.753042 0.726975 0.911126 0.990663 0.799390 0.942446 0.752545 0.647432 0.482510 0.753182 0.471870 0.814945
0.961406 0.915684 0.642603 0.577953 0.780634 0.749299 0.328249 0.000000 0.738035 0.607512 0.932831 0.664706 0.554709 0.656498 0.516227 0.435238 0.896731 0.858819 0.777735 0.983650 0.949342 0.843888 0.554354 0.714863 0.993208 0.966680 0.908903 0.970974 0.704804 0.672758 0.624814 0.730988 0.733594 0.538915 0.849256 0.920623 0.912466 0.952701 0.952149 0.894865 0.792973 0.963491 0.652959 0.678433 0.650178 0.691712 0.796603 0.862802 0.730729 0.645431 0.519540 0.506572 0.572943 0.588208 0.799034 0.813405 0.904022 0.881285 0.775135 0.886115 0.396817 0.292799 0.668499 0.612707 0.725458 0.519369 0.656904 0.618960 0.810530 0.960847 0.724484 0.814356 0.749328 0.705239 0.753929 0.824059 0.779614 0.733014 0.777412 0.858649 0.993539 0.881534 0.935259 0.920890 0.940716 0.869790 0.944282 0.839720 0.731531 0.952265 0.961459 0.983101 0.876713 0.822188 0.938301 0.895146 0.972889 0.962576 0.704301 0.670848 0.854128 0.872548 0.981070 0.933425 0.892328 0.900409 0.821343 0.990399 0.866229 0.931548 0.911414 0.923525 0.605635 0.759884 0.545130 0.967245
0.491431 0.512637 0.838543 0.881636 0.731291 0.634218 0.741111 0.738035 0.000000 0.507985 0.642913 0.640663 0.843931 0.603415 0.944700 0.955696 0.503725 0.484792 0.582377 0.489437 0.746077 0.875982 0.982198 0.665060 0.603876 0.749308 0.717576 0.915420 0.822873 0.735233 0.874047 0.886410 0.727636 0.778804 0.981232 0.914881 0.835541 0.873686 0.827033 0.987644 0.891737 0.967602 0.940006 0.904802 0.865677 0.994868 0.721503 0.687172 0.928401 0.911027 0.882948 0.926078 0.774737 0.606994 0.648343 0.607871 0.496977 0.510794 0.554612 0.630215 0.972136 0.843585 0.729628 0.687978 0.749898 0.879063 0.854220 0.970095 0.496678 0.544484 0.625034 0.636044 0.824472 0.805606 0.975036 0.933260 0.883696 0.732519 0.704558 0.629221 0.464390 0.413758 0.558531 0.373790 0.579695 0.500685 0.821360 0.594005 0.690546 0.450465 0.493080 0.650252 0.659196 0.754983 0.921076 0.806288 0.868906 0.884735 0.780240 0.930334 0.834797 0.760832 0.899463 0.704835 0.941389 0.885040 0.928485 0.974559 0.738344 0.891845 0.896499 0.934705 0.753217 0.976204 0.934994 0.746845
0.499656 0.537251 0.785018 0.848770 0.663070 0.693331 0.519383 0.607512 0.507985 0.000000 0.654437 0.807382 0.875816 0.811374 0.968953 0.819286 0.721296 0.655591 0.822767 0.580839 0.751159 0.952124 0.766126 0.679349 0.593997 0.770921 0.705527 0.768130 0.884649 0.997314 0.515585 0.758217 0.968660 0.845763 0.936893 0.921089 0.912695 0.843449 0.837416 0.951518 0.819301 0.940879 0.551637 0.688700 0.413856 0.516316 0.870358 0.911006 0.609314 0.636832 0.458593 0.511260 0.392029 0.327835 0.895902 0.937946 0.565092 0.567026 0.884030 0.739561 0.820386 0.631531 0.984466 0.999353 0.665789 0.781100 0.794814 0.632684 0.423568 0.577962 0.441353 0.511049 0.659689 0.588933 0.888458 0.783948 0.641873 0.584432 0.941024 0.783123 0.592196 0.409266 0.743491 0.469390 0.605227 0.504691 0.815980 0.556499 0.793019 0.542200 0.587078 0.607734 0.878443 0.902996 0.798451 0.960890 0.916354 0.886782 0.494842 0.592029 0.699749 0.602054 0.762101 0.953993 0.886689 0.911024 0.923343 0.884804 0.628705 0.956840 0.928352 0.747259 0.510854 0.890025 0.738299 0.712577
0.320405 0.400635 0.691790 0.855618 0.990561 0.805838 0.889528 0.932831 0.642913 0.654437 0.000000 0.339857 0.372221 0.400245 0.455572 0.716260 0.360065 0.301436 0.507889 0.390298 0.696497 0.914243 0.842002 0.610318 0.751844 0.939187 0.716063 0.764238 0.495307 0.474954 0.851028 0.902579 0.616369 0.674555 0.893561 0.931589 0.964086 0.900101 0.898213 0.972413 0.761554 0.995440 0.871350 0.959749 0.864118 0.926669 0.835037 0.853603 0.918088 0.907662 0.979462 0.998318 0.842332 0.585405 0.538276 0.658689 0.331861 0.343972 0.610767 0.558418 0.516295 0.684660 0.434519 0.435772 0.334906 0.455629 0.918160 0.984294 0.577247 0.786770 0.502338 0.583302 0.936591 0.875390 0.896545 0.977999 0.719805 0.895713 0.657655 0.554076 0.379916 0.374493 0.504732 0.409433 0.336255 0.397634 0.688587 0.636627 0.708020 0.544010 0.515867 0.580578 0.469492 0.715200 0.901460 0.908345 0.864620 0.760184 0.692480 0.813001 0.658268 0.819804 0.888780 0.938842 0.968497 0.993812 0.891152 0.866998 0.738977 0.863308 0.904773 0.991449 0.830822 0.949659 0.902741 0.691602
0.316936 0.351368 0.618902 0.698790 0.979811 0.818703 0.708881 0.664706 0.640663 0.807382 0.339857 0.000000 0.286233 0.256672 0.296881 0.469377 0.272512 0.248151 0.358606 0.344265 0.657933 0.963527 0.556333 0.483250 0.710121 0.894130 0.598104 0.868838 0.397908 0.353472 0.871929 0.710803 0.434473 0.422209 0.911116 0.978809 0.944255 0.954555 0.970526 0.885007 0.881437 0.996858 0.885574 0.779239 0.889270 0.801830 0.605680 0.627932 0.668647 0.642442 0.704222 0.659670 0.896803 0.813051 0.386485 0.509415 0.310223 0.290626 0.415813 0.450809 0.385037 0.550377 0.270012 0.232035 0.366397 0.431680 0.691797 0.768691 0.603226 0.687487 0.678964 0.626652 0.969541 0.972198 0.724478 0.924734 0.938300 0.942377 0.482714 0.396190 0.318949 0.384941 0.413612 0.401708 0.302020 0.342537 0.739856 0.642043 0.605484 0.500901 0.491431 0.576981 0.440102 0.548064 0.985719 0.909036 0.927185 0.802464 0.907116 0.975573 0.601203 0.785450 0.966224 0.748018 0.929535 0.893166 0.962837 0.873048 0.793931 0.912005 0.813752 0.912447 0.962129 0.967062 0.690731 0.715439
0.402080 0.491838 0.568945 0.715094 0.838021 0.940617 0.583056 0.554709 0.843931 0.875816 0.372221 0.286233 0.000000 0.342470 0.298565 0.448458 0.474039 0.396081 0.480600 0.517577 0.747167 0.938273 0.539476 0.472968 0.805581 0.934040 0.679003 0.971390 0.504367 0.473731 0.901234 0.733847 0.555285 0.516654 0.949253 0.989125 0.915117 0.850167 0.967556 0.912940 0.963728 0.983365 0.981897 0.903522 0.912259 0.863463 0.723707 0.770945 0.754508 0.687751 0.703601 0.649513 0.879559 0.910763 0.467446 0.605337 0.431429 0.421690 0.473347 0.454339 0.279100 0.465324 0.318416 0.365828 0.369771 0.364677 0.662287 0.716117 0.766779 0.823342 0.699033 0.703443 0.947544 0.939541 0.824880 0.989324 0.912910 0.945212 0.661196 0.502986 0.508498 0.546319 0.562128 0.567678 0.355315 0.359269 0.633349 0.700854 0.640987 0.563644 0.634505 0.712232 0.591970 0.631683 0.948954 0.922599 0.967193 0.785414 0.992479 0.989891 0.685753 0.979374 0.987007 0.905105 0.964512 0.985653 0.930973 0.788531 0.912039 0.978001 0.793567 0.982096 0.930687 0.954805 0.688346 0.829388
0.409916 0.418618 0.641943 0.627014 0.958420 0.856767 0.770186 0.656498 0.603415 0.811374 0.400245 0.256672 0.342470 0.000000 0.364013 0.395300 0.320379 0.272318 0.408935 0.424984 0.698074 0.900041 0.596393 0.390039 0.661275 0.763543 0.650626 0.981185 0.492510 0.325403 0.858294 0.652248 0.480128 0.435771 0.904892 0.943004 0.858728 0.957242 0.836940 0.867676 0.958473 0.998892 0.958656 0.846235 0.951289 0.874024 0.676950 0.679756 0.787286 0.696555 0.771136 0.707637 0.890497 0.897653 0.414136 0.494176 0.374102 0.349559 0.495295 0.522324 0.472448 0.524032 0.344147 0.311197 0.490235 0.372776 0.731135 0.744892 0.668040 0.691532 0.743210 0.659971 0.944007 0.959830 0.800526 0.938164 0.947123 0.958048 0.555200 0.442842 0.352355 0.402189 0.399938 0.357993 0.412358 0.345554 0.649680 0.601280 0.564333 0.523341 0.476137 0.525222 0.466886 0.536732 0.949759 0.951970 0.927522 0.847811 0.864224 0.988199 0.613235 0.815400 0.970138 0.774200 0.998592 0.877379 0.991476 0.874913 0.805024 0.962436 0.832173 0.923106 0.998457 0.967785 0.762426 0.759229
0.514098 0.531392 0.656547 0.721080 0.810796 0.984894 0.521804 0.516227 0.944700 0.968953 0.455572 0.296881 0.298565 0.364013 0.000000 0.375121 0.452695 0.427978 0.486884 0.534444 0.796002 0.849274 0.477375 0.490129 0.878424 0.958173 0.729641 0.959477 0.415884 0.374054 0.742270 0.722827 0.502517 0.431805 0.886425 0.968216 0.994907 0.874258 0.972468 0.879070 0.917920 0.964425 0.825113 0.778362 0.786325 0.760954 0.668576 0.692238 0.647051 0.609261 0.590610 0.538515 0.757435 0.977431 0.447164 0.560241 0.495100 0.475111 0.534064 0.582630 0.291093 0.407505 0.335683 0.308389 0.454563 0.439208 0.692393 0.720973 0.875043 0.943809 0.811578 0.775125 0.904848 0.960004 0.724730 0.814102 0.975704 0.947716 0.611891 0.576151 0.506073 0.637350 0.565303 0.615543 0.435540 0.498133 0.680804 0.776017 0.734214 0.673603 0.682556 0.683779 0.515493 0.567789 0.965505 0.971247 0.811821 0.755665 0.957403 0.930475 0.689814 0.923775 0.983514 0.850492 0.991441 0.878793 0.936699 0.764015 0.955402 0.999659 0.851263 0.894505 0.904285 0.953828 0.637243 0.815903
0.779153 0.739107 0.710016 0.631263 0.777200 0.865708 0.658327 0.435238 0.955696 0.819286 0.716260 0.469377 0.448458 0.395300 0.375121 0.000000 0.624130 0.637657 0.751593 0.815519 0.852094 0.892580 0.607980 0.534715 0.875334 0.881906 0.840062 0.943198 0.636784 0.497435 0.718433 0.665920 0.709146 0.562471 0.973704 0.975979 0.902303 0.990789 0.865286 0.793098 0.895145 0.975522 0.945171 0.916894 0.896594 0.881468 0.864714 0.867332 0.863389 0.770733 0.671340 0.582117 0.669941 0.792979 0.667331 0.817375 0.699424 0.665897 0.724763 0.815869 0.466581 0.423717 0.562864 0.511500 0.701628 0.461192 0.857249 0.739569 0.952499 0.918592 0.998923 0.923977 0.824231 0.917967 0.695737 0.870496 0.959036 0.966346 0.727589 0.649029 0.735385 0.845367 0.667519 0.830903 0.770970 0.682883 0.751720 0.994808 0.817016 0.907901 0.693526 0.643835 0.560483 0.557261 0.988988 0.909873 0.732605 0.816998 0.974791 0.976702 0.687557 0.982249 0.929949 0.966214 0.841396 0.998941 0.914072 0.819739 0.983323 0.973426 0.965004 0.998656 0.901608 0.984067 0.730733 0.870658
0.305546 0.314043 0.656588 0.756510 0.930865 0.777743 0.881293 0.896731 0.503725 0.721296 0.360065 0.272512 0.474039 0.320379 0.452695 0.624130 0.000000 0.209396 0.328382 0.288693 0.675181 0.955795 0.664205 0.552699 0.633726 0.842976 0.655423 0.806193 0.378174 0.320757 0.884900 0.728099 0.420174 0.439697 0.975083 0.983280 0.812997 0.998737 0.896105 0.875047 0.888754 0.902654 0.886378 0.729338 0.953910 0.806313 0.541660 0.539274 0.699672 0.660439 0.809170 0.767307 0.989598 0.710196 0.429057 0.459042 0.286236 0.274740 0.433060 0.481865 0.587480 0.727193 0.364001 0.311117 0.426934 0.565053 0.716876 0.792426 0.516775 0.649917 0.707275 0.578167 0.993293 0.963182 0.825753 0.892380 0.970377 0.952886 0.469471 0.426421 0.250059 0.324242 0.371307 0.338674 0.328454 0.350107 0.807202 0.559598 0.699075 0.447042 0.439577 0.532921 0.392237 0.540147 0.922477 0.886728 0.960158 0.861292 0.865907 0.981612 0.662158 0.724924 0.935092 0.712063 0.936096 0.809710 0.971617 0.913131 0.784259 0.958566 0.881109 0.834260 0.991655 0.984588 0.834566 0.760610
0.259374 0.285098 0.626438 0.719720 0.927581 0.783526 0.859675 0.858819 0.484792 0.655591 0.301436 0.248151 0.396081 0.272318 0.427978 0.637657 0.209396 0.000000 0.302433 0.253381 0.652247 0.963065 0.661734 0.484469 0.640438 0.829210 0.673319 0.818351 0.415784 0.356119 0.974806 0.743056 0.422111 0.451843 0.980480 0.998764 0.869771 0.977987 0.894663 0.876740 0.858492 0.911331 0.952412 0.801997 0.992409 0.873560 0.615853 0.612350 0.750808 0.697150 0.880005 0.827576 0.943157 0.672015 0.398335 0.449912 0.249815 0.239097 0.418410 0.462215 0.557725 0.718195 0.321996 0.293743 0.390094 0.507356 0.718395 0.805532 0.477790 0.588208 0.641048 0.551822 0.987655 0.935915 0.835305 0.942159 0.878571 0.888890 0.460878 0.393374 0.211863 0.252986 0.382770 0.258727 0.272581 0.298777 0.716998 0.512396 0.663093 0.406695 0.443294 0.503017 0.410060 0.540231 0.924267 0.884236 0.955651 0.897926 0.822884 0.975444 0.615190 0.722385 0.996523 0.762511 0.921036 0.830680 0.973885 0.914223 0.726459 0.971064 0.886681 0.905570 0.940180 0.948757 0.796921 0.733437
0.359097 0.364398 0.574856 0.671749 0.929948 0.738120 0.707236 0.777735 0.582377 0.822767 0.507889 0.358606 0.480600 0.408935 0.486884 0.751593 0.328382 0.302433 0.000000 0.304219 0.661511 0.962110 0.430446 0.572158 0.674135 0.865006 0.668772 0.984491 0.417617 0.439480 0.720187 0.622742 0.288772 0.384704 0.808089 0.963335 0.846133 0.929045 0.850843 0.935043 0.965156 0.924523 0.658015 0.539886 0.737519 0.580162 0.407645 0.386140 0.503630 0.447659 0.643161 0.603258 0.923105 0.832861 0.435645 0.355825 0.357503 0.358710 0.327436 0.402717 0.550343 0.755971 0.322642 0.320517 0.490336 0.699156 0.486423 0.615854 0.543632 0.665585 0.849837 0.695250 0.985709 0.990826 0.830715 0.918521 0.864761 0.986389 0.433287 0.410890 0.335530 0.414214 0.426920 0.395004 0.334901 0.384037 0.763669 0.631759 0.706838 0.433625 0.639440 0.748672 0.598998 0.615295 0.809936 0.765398 0.898024 0.918874 0.844229 0.762225 0.765233 0.809964 0.791727 0.620237 0.767199 0.628073 0.909994 0.925770 0.864913 0.796571 0.724976 0.784056 0.808215 0.765119 0.683762 0.806965
0.247142 0.241312 0.562186 0.706321 0.755684 0.770721 0.962324 0.983650 0.489437 0.580839 0.390298 0.344265 0.517577 0.424984 0.534444 0.815519 0.288693 0.253381 0.304219 0.000000 0.600366 0.948749 0.681245 0.574513 0.572890 0.738183 0.578112 0.860981 0.508702 0.491574 0.928457 0.801868 0.441619 0.519240 0.927874 0.999530 0.828568 0.889739 0.824750 0.912434 0.839087 0.837385 0.893402 0.758549 0.956154 0.897257 0.596662 0.593416 0.782853 0.742061 0.944810 0.899625 0.800633 0.542901 0.474080 0.493029 0.257536 0.257246 0.461414 0.443272 0.716864 0.886996 0.433983 0.403891 0.412489 0.654275 0.758199 0.918212 0.355993 0.512279 0.628458 0.546447 0.965020 0.901062 0.854543 0.973246 0.999044 0.875087 0.483082 0.435415 0.252147 0.261000 0.456407 0.288785 0.314130 0.337160 0.853065 0.582452 0.710215 0.361709 0.476836 0.583991 0.519566 0.578092 0.946002 0.789398 0.993198 0.944187 0.856188 0.956742 0.598717 0.671993 0.993154 0.739141 0.887360 0.791027 0.951976 0.924502 0.852412 0.871449 0.871946 0.934001 0.903558 0.910970 0.847943 0.722563
0.576652 0.594089 0.588158 0.677706 0.800273 0.887916 0.983677 0.949342 0.746077 0.751159 0.696497 0.657933 0.747167 0.698074 0.796002 0.852094 0.675181 0.652247 0.661511 0.600366 0.000000 0.956581 0.845063 0.776481 0.562215 0.614746 0.785894 0.956316 0.798151 0.827905 0.876714 0.625086 0.644621 0.692515 0.978003 0.897469 0.815665 0.783899 0.804257 0.814895 0.958305 0.791805 0.876180 0.773936 0.991102 0.936160 0.785592 0.683523 0.917699 0.827408 0.975166 0.924299 0.959487 0.752044 0.615292 0.782232 0.548092 0.588101 0.672169 0.580310 0.894062 0.896110 0.744072 0.727615 0.653781 0.775753 0.870946 0.993609 0.577978 0.729342 0.789964 0.760692 0.944613 0.981934 0.987140 0.893900 0.901595 0.975298 0.738216 0.594255 0.650844 0.628065 0.638592 0.683233 0.697992 0.624650 0.915083 0.998789 0.759478 0.666623 0.710170 0.750107 0.863275 0.840145 0.983129 0.872904 0.934866 0.994671 0.974975 0.923769 0.758643 0.857062 0.910265 0.730232 0.902644 0.744893 0.869978 0.920194 0.783852 0.824188 0.917161 0.912349 0.991636 0.589581 0.723562 0.698684
0.997390 0.997611 0.984862 0.919982 0.941951 0.939915 0.930587 0.843888 0.875982 0.952124 0.914243 0.963527 0.938273 0.900041 0.849274 0.892580 0.955795 0.963065 0.962110 0.948749 0.956581 0.000000 0.862433 0.951900 0.908647 0.898001 0.893106 0.942094 0.929717 0.950449 0.966983 0.994653 0.972080 0.957310 0.936600 0.919686 0.865152 0.986879 0.981810 0.903688 0.815701 0.921837 0.899038 0.900383 0.992743 0.943990 0.835771 0.872761 0.952069 0.964706 0.973826 0.983652 0.930833 0.941600 0.988049 0.973083 0.954064 0.960274 0.976433 0.971370 0.860427 0.854271 0.902829 0.970686 0.963582 0.829847 0.944428 0.908567 0.875571 0.950736 0.890891 0.986469 0.972154 0.951394 0.943743 0.986080 0.834019 0.852403 0.979055 0.888310 0.927104 0.985708 0.986271 0.972466 0.992491 0.993935 0.989970 0.929479 0.952636 0.942490 0.974311 0.863536 0.936799 0.936898 0.944604 0.885455 0.924336 0.958432 0.904476 0.890463 0.930825 0.981862 0.998148 0.976837 0.900213 0.883523 0.990344 0.934091 0.883707 0.755976 0.919167 0.958015 0.962452 0.979828 0.995867 0.903006
0.756742 0.754030 0.727284 0.809737 0.804684 0.993429 0.445873 0.554354 0.982198 0.766126 0.842002 0.556333 0.539476 0.596393 0.477375 0.607980 0.664205 0.661734 0.430446 0.681245 0.845063 0.862433 0.000000 0.663227 0.927922 0.972592 0.836500 0.774197 0.541578 0.579205 0.451956 0.505679 0.430707 0.414514 0.710280 0.882709 0.927725 0.837297 0.928953 0.965015 0.891609 0.974824 0.466049 0.441509 0.448078 0.376119 0.386422 0.435185 0.360423 0.313409 0.356331 0.301907 0.571895 0.685638 0.530344 0.479543 0.793068 0.748706 0.492560 0.641003 0.488592 0.623184 0.436745 0.436970 0.769536 0.847013 0.409229 0.464118 0.952525 0.934241 0.818057 0.969680 0.789286 0.788859 0.757791 0.797618 0.640540 0.881106 0.617139 0.610424 0.697388 0.849981 0.695144 0.819775 0.582402 0.676129 0.803871 0.818502 0.850567 0.706456 0.954539 0.992203 0.831256 0.718002 0.794181 0.854097 0.990263 0.900399 0.557255 0.574794 0.989720 0.869063 0.680656 0.678958 0.767689 0.585399 0.960898 0.850106 0.964174 0.743347 0.772509 0.734792 0.572840 0.751937 0.500479 0.954874
0.479057 0.468280 0.517325 0.499240 0.973769 0.921846 0.898739 0.714863 0.665060 0.679349 0.610318 0.483250 0.472968 0.390039 0.490129 0.534715 0.552699 0.484469 0.572158 0.574513 0.776481 0.951900 0.663227 0.000000 0.565217 0.642656 0.660512 0.932858 0.763566 0.616593 0.979009 0.701273 0.672872 0.655836 0.836606 0.981762 0.853150 0.909727 0.751211 0.905457 0.937070 0.897622 0.884661 0.988834 0.836094 0.934785 0.767479 0.802623 0.991415 0.866671 0.954231 0.827452 0.943595 0.813540 0.574056 0.658612 0.455813 0.417554 0.536792 0.533160 0.660964 0.728225 0.590296 0.575150 0.538156 0.456504 0.800921 0.861645 0.615787 0.635253 0.699893 0.677454 0.837043 0.832703 0.885118 0.926349 0.977112 0.753502 0.737822 0.633932 0.542770 0.529014 0.576095 0.471230 0.532049 0.366621 0.698002 0.655264 0.610807 0.495004 0.526901 0.529931 0.594350 0.617514 0.956477 0.970797 0.915262 0.999191 0.868558 0.939109 0.596407 0.752292 0.933057 0.893242 0.910646 0.928501 0.903149 0.747578 0.755490 0.926178 0.861455 0.845665 0.940344 0.985257 0.853559 0.712620
0.518892 0.464279 0.424314 0.428399 0.705078 0.916234 0.783326 0.993208 0.603876 0.593997 0.751844 0.710121 0.805581 0.661275 0.878424 0.875334 0.633726 0.640438 0.674135 0.572890 0.562215 0.908647 0.927922 0.565217 0.000000 0.285578 0.509567 0.820378 0.998468 0.915666 0.935515 0.735851 0.753367 0.813968 0.772303 0.906049 0.591720 0.741968 0.599841 0.813604 0.975071 0.664598 0.951249 0.834126 0.688053 0.857839 0.751941 0.760862 0.844808 0.981529 0.804095 0.916804 0.744028 0.606918 0.761412 0.762784 0.475550 0.457657 0.700881 0.519772 0.899729 0.971464 0.956588 0.827773 0.584145 0.699021 0.953942 0.879812 0.421406 0.514906 0.837280 0.705765 0.891448 0.949858 0.962952 0.994750 0.859831 0.933173 0.703664 0.658527 0.645429 0.558476 0.783732 0.538845 0.737120 0.508540 0.925056 0.893988 0.792040 0.502510 0.485081 0.619154 0.707308 0.780384 0.940330 0.976997 0.897309 0.895717 0.847298 0.986517 0.607388 0.689621 0.942855 0.795036 0.893501 0.744296 0.829545 0.876430 0.856829 0.777187 0.897696 0.776575 0.971230 0.843952 0.880104 0.755156
0.738341 0.664726 0.525817 0.470454 0.747285 0.906484 0.835674 0.966680 0.749308 0.770921 0.939187 0.894130 0.934040 0.763543 0.958173 0.881906 0.842976 0.829210 0.865006 0.738183 0.614746 0.898001 0.972592 0.642656 0.285578 0.000000 0.629028 0.870999 0.890005 0.978547 0.837593 0.752499 0.881870 0.841547 0.763169 0.991955 0.535634 0.610089 0.567186 0.850428 0.985894 0.560291 0.909771 0.841380 0.739565 0.848770 0.820248 0.841568 0.801482 0.976617 0.831962 0.937597 0.867844 0.790608 0.828542 0.814913 0.702130 0.660473 0.880751 0.670514 0.809441 0.976122 0.924243 0.964727 0.770110 0.755041 0.971312 0.887667 0.559925 0.583361 0.992158 0.858223 0.992187 0.932691 0.988936 0.955447 0.794152 0.992928 0.765981 0.752104 0.802374 0.744847 0.935935 0.683813 0.929282 0.685685 0.900886 0.965832 0.782735 0.628263 0.670888 0.767880 0.869379 0.853040 0.965087 0.998810 0.845721 0.865137 0.993369 0.964266 0.676188 0.839160 0.981848 0.834981 0.811069 0.774691 0.800583 0.995842 0.972521 0.788030 0.961659 0.851401 0.999660 0.793627 0.883661 0.850855
0.573531 0.542560 0.601241 0.653384 0.917036 0.991226 0.989629 0.908903 0.717576 0.705527 0.716063 0.598104 0.679003 0.650626 0.729641 0.840062 0.655423 0.673319 0.668772 0.578112 0.785894 0.893106 0.836500 0.660512 0.509567 0.629028 0.000000 0.718866 0.877213 0.804600 0.907943 0.868652 0.834785 0.758061 0.922061 0.891209 0.750951 0.949763 0.897470 0.765879 0.972780 0.907666 0.970472 0.873399 0.835796 0.943894 0.806467 0.776194 0.950694 0.956051 0.952055 0.944736 0.847020 0.740648 0.688910 0.751933 0.570950 0.557961 0.707718 0.562578 0.856022 0.869062 0.784621 0.697493 0.613308 0.638347 0.873221 0.993053 0.665210 0.704009 0.846848 0.798486 0.961562 0.986944 0.679933 0.976469 0.913889 0.917648 0.787305 0.691642 0.714468 0.597692 0.743225 0.629510 0.646852 0.521325 0.895587 0.813235 0.757767 0.585919 0.610065 0.840297 0.746950 0.935413 0.948391 0.887573 0.925552 0.996150 0.915760 0.919223 0.682579 0.857021 0.956369 0.807688 0.986941 0.838131 0.998024 0.916857 0.989566 0.890471 0.720564 0.940305 0.954798 0.969381 0.750199 0.944327
0.811962 0.807368 0.922854 0.921403 0.942679 0.796386 0.889782 0.970974 0.915420 0.768130 0.764238 0.868838 0.971390 0.981185 0.959477 0.943198 0.806193 0.818351 0.984491 0.860981 0.956316 0.942094 0.774197 0.932858 0.820378 0.870999 0.718866 0.000000 0.947832 0.926320 0.754402 0.807422 0.894363 0.944880 0.983007 0.936556 0.826680 0.862408 0.964629 0.793792 0.860631 0.743578 0.892810 0.940020 0.747069 0.753351 0.913391 0.901609 0.793101 0.772263 0.742283 0.745360 0.849946 0.753406 0.999023 0.951935 0.794434 0.763243 0.937533 0.969614 0.981454 0.938413 0.955240 0.916864 0.749091 0.764121 0.800232 0.775192 0.786422 0.765461 0.907984 0.934534 0.921129 0.952357 0.932837 0.932292 0.822148 0.947974 0.879935 0.997406 0.857778 0.772059 0.955969 0.838205 0.878817 0.857834 0.981540 0.861917 0.942796 0.820201 0.851823 0.845371 0.806358 0.936430 0.911602 0.936293 0.930600 0.987981 0.758216 0.801625 0.831739 0.868858 0.996999 0.973663 0.931968 0.952984 0.906088 0.938719 0.816077 0.976143 0.976861 0.941728 0.869916 0.948677 0.959509 0.927358
0.569576 0.584350 0.786283 0.946336 0.838896 0.900303 0.540946 0.704804 0.822873 0.884649 0.495307 0.397908 0.504367 0.492510 0.415884 0.636784 0.378174 0.415784 0.417617 0.508702 0.798151 0.929717 0.541578 0.763566 0.998468 0.890005 0.877213 0.947832 0.000000 0.270123 0.750761 0.695150 0.411916 0.371659 0.988699 0.957039 0.989132 0.964355 0.899836 0.904552 0.897850 0.964731 0.693659 0.636056 0.637749 0.594104 0.552189 0.537804 0.486265 0.521915 0.547489 0.588863 0.736750 0.951705 0.469055 0.533054 0.553277 0.548064 0.541573 0.677549 0.417837 0.525826 0.345883 0.331510 0.593717 0.677393 0.607417 0.640296 0.860444 0.894722 0.967734 0.872008 0.791082 0.789779 0.815444 0.845752 0.907256 0.832454 0.562273 0.564606 0.466581 0.652783 0.454750 0.666692 0.524236 0.670107 0.803090 0.750094 0.775682 0.716186 0.781747 0.841457 0.559020 0.699325 0.871386 0.844287 0.990415 0.905434 0.882214 0.836544 0.972225 0.988730 0.835399 0.797456 0.845728 0.748602 0.884767 0.993307 0.930771 0.950375 0.805506 0.692109 0.785016 0.876564 0.703032 0.893901
0.537606 0.543917 0.785733 0.830821 0.889940 0.971080 0.606165 0.672758 0.735233 0.997314 0.474954 0.353472 0.473731 0.325403 0.374054 0.497435 0.320757 0.356119 0.439480 0.491574 0.827905 0.950449 0.579205 0.616593 0.915666 0.978547 0.804600 0.926320 0.270123 0.000000 0.736479 0.684676 0.430878 0.358153 0.977456 0.886515 0.859643 0.939477 0.971456 0.916830 0.987744 0.948579 0.797612 0.688689 0.750410 0.680563 0.587114 0.568487 0.603479 0.584204 0.615883 0.597074 0.752801 0.959344 0.435251 0.462379 0.519316 0.490980 0.525499 0.661556 0.426436 0.484255 0.344715 0.294740 0.612303 0.538703 0.669435 0.645898 0.821395 0.808892 0.880455 0.805757 0.777531 0.798589 0.800476 0.782591 0.981503 0.930620 0.507398 0.467211 0.406674 0.581972 0.415559 0.542403 0.524974 0.569091 0.736996 0.668544 0.669271 0.648783 0.654558 0.690776 0.498727 0.617590 0.897860 0.863841 0.943351 0.897866 0.996573 0.903964 0.876261 0.941106 0.909061 0.782467 0.917000 0.753333 0.887559 0.984666 0.869827 0.980652 0.845901 0.704292 0.870008 0.936032 0.753182 0.952817
0.923227 0.996673 0.817206 0.794805 0.884637 0.793003 0.569302 0.624814 0.874047 0.515585 0.851028 0.871929 0.901234 0.858294 0.742270 0.718433 0.884900 0.974806 0.720187 0.928457 0.876714 0.966983 0.451956 0.979009 0.935515 0.837593 0.907943 0.754402 0.750761 0.736479 0.000000 0.463061 0.540474 0.462894 0.702010 0.810729 0.701382 0.994793 0.882266 0.891634 0.760391 0.869735 0.365118 0.353191 0.451705 0.384393 0.456603 0.467199 0.487038 0.403971 0.374710 0.348422 0.493497 0.538154 0.740152 0.629740 0.963976 0.983569 0.719088 0.850775 0.779761 0.680393 0.731624 0.677999 0.922073 0.909330 0.559374 0.530484 0.837280 0.966350 0.589063 0.709518 0.676370 0.620523 0.843661 0.670773 0.471491 0.613842 0.638506 0.791574 0.969879 0.808328 0.960397 0.889515 0.982446 0.977010 0.850585 0.868836 0.995634 0.971575 0.955433 0.868759 0.938356 0.820286 0.758262 0.860284 0.876472 0.810229 0.452602 0.454752 0.963316 0.748952 0.599756 0.706920 0.773756 0.557222 0.754282 0.948590 0.727035 0.776306 0.794780 0.670424 0.535224 0.711660 0.572654 0.812575
0.812350 0.784971 0.689254 0.699734 0.986085 0.919546 0.705108 0.730988 0.886410 0.758217 0.902579 0.710803 0.733847 0.652248 0.722827 0.665920 0.728099 0.743056 0.622742 0.801868 0.625086 0.994653 0.505679 0.701273 0.735851 0.752499 0.868652 0.807422 0.695150 0.684676 0.463061 0.000000 0.503832 0.520199 0.858376 0.949033 0.822908 0.927438 0.890119 0.805643 0.814074 0.859779 0.623884 0.535381 0.636904 0.534214 0.451019 0.484006 0.584948 0.498938 0.555511 0.493576 0.662616 0.799666 0.619429 0.595295 0.738563 0.743783 0.555324 0.638466 0.774468 0.717151 0.631820 0.606474 0.919768 0.936723 0.629593 0.607053 0.867081 0.818837 0.858691 0.908346 0.805490 0.795573 0.893714 0.828453 0.683093 0.879902 0.611563 0.586786 0.732533 0.887499 0.672143 0.858905 0.823162 0.801720 0.897757 0.964314 0.959498 0.766656 0.824658 0.853490 0.783257 0.765818 0.875024 0.944055 0.836099 0.804124 0.676490 0.660155 0.922853 0.897539 0.657181 0.617375 0.960559 0.557516 0.979675 0.967909 0.981158 0.791708 0.755646 0.895774 0.574362 0.674336 0.646237 0.989480
0.499846 0.521178 0.681114 0.771699 0.980232 0.864675 0.637815 0.733594 0.727636 0.968660 0.616369 0.434473 0.555285 0.480128 0.502517 0.709146 0.420174 0.422111 0.288772 0.441619 0.644621 0.972080 0.430707 0.672872 0.753367 0.881870 0.834785 0.894363 0.411916 0.430878 0.540474 0.503832 0.000000 0.330886 0.746806 0.961477 0.858054 0.975220 0.926078 0.909953 0.911002 0.887962 0.567149 0.459379 0.605342 0.472923 0.388208 0.356212 0.437489 0.394074 0.503911 0.479231 0.774952 0.973900 0.480610 0.398467 0.483638 0.489949 0.390638 0.487509 0.541793 0.662797 0.364787 0.350862 0.600668 0.767278 0.483092 0.565495 0.694290 0.746123 0.937443 0.831489 0.903978 0.881817 0.846045 0.818929 0.838752 0.815864 0.409121 0.455921 0.446710 0.596409 0.475491 0.527921 0.479204 0.528649 0.905991 0.739450 0.789765 0.569327 0.677563 0.799676 0.642190 0.617356 0.819799 0.816058 0.900201 0.977896 0.742654 0.662898 0.815192 0.909034 0.747796 0.610147 0.737760 0.629191 0.951368 0.915855 0.925172 0.820248 0.763425 0.734787 0.698299 0.654054 0.679413 0.928586
0.594495 0.554707 0.681457 0.718917 0.875381 0.977397 0.489175 0.538915 0.778804 0.845763 0.674555 0.422209 0.516654 0.435771 0.431805 0.562471 0.439697 0.451843 0.384704 0.519240 0.692515 0.957310 0.414514 0.655836 0.813968 0.841547 0.758061 0.944880 0.371659 0.358153 0.462894 0.520199 0.330886 0.000000 0.809745 0.789745 0.746907 0.922197 0.826475 0.933272 0.901909 0.838816 0.521036 0.413740 0.564964 0.471030 0.388406 0.404667 0.464423 0.391085 0.430407 0.396985 0.618755 0.799857 0.471835 0.404478 0.569791 0.560964 0.415573 0.606131 0.458825 0.479784 0.347878 0.286572 0.655765 0.672431 0.470052 0.519401 0.845807 0.798607 0.913877 0.954772 0.773767 0.754079 0.815681 0.806900 0.747568 0.749098 0.449930 0.486027 0.522498 0.712614 0.533239 0.632245 0.580878 0.590455 0.947221 0.804463 0.692494 0.636989 0.700124 0.796017 0.621982 0.593291 0.811014 0.773641 0.903584 0.926846 0.700584 0.620215 0.817540 0.970578 0.769432 0.665805 0.780868 0.598324 0.794818 0.938401 0.993535 0.831427 0.845296 0.728032 0.734347 0.722587 0.525558 0.979832
0.945664 0.905387 0.794629 0.743217 0.923238 0.885530 0.872119 0.849256 0.981232 0.936893 0.893561 0.911116 0.949253 0.904892 0.886425 0.973704 0.975083 0.980480 0.808089 0.927874 0.978003 0.936600 0.710280 0.836606 0.772303 0.763169 0.922061 0.983007 0.988699 0.977456 0.702010 0.858376 0.746806 0.809745 0.000000 0.933471 0.786284 0.917995 0.786699 0.940478 0.860912 0.858631 0.651900 0.654174 0.794477 0.743723 0.692870 0.706210 0.823248 0.723428 0.763998 0.787150 0.853969 0.889925 0.885947 0.713180 0.941001 0.919976 0.839353 0.824690 0.942187 0.920455 0.916154 0.886795 0.944169 0.996472 0.709849 0.775536 0.961435 0.944754 0.776078 0.956255 0.993509 0.836592 0.950182 0.955791 0.674417 0.736020 0.879423 0.900251 0.944118 0.996813 0.966587 0.919214 0.945368 0.890688 0.983637 0.962377 0.839934 0.846174 0.940012 0.963872 0.995105 0.851163 0.918104 0.944891 0.858689 0.849465 0.756161 0.714226 0.887286 0.963220 0.716304 0.700594 0.722592 0.846912 0.946563 0.929019 0.954484 0.763422 0.717644 0.804395 0.681319 0.798064 0.737635 0.934345
0.898575 0.914281 0.873709 0.928533 0.718318 0.932199 0.848624 0.920623 0.914881 0.921089 0.931589 0.978809 0.989125 0.943004 0.968216 0.975979 0.983280 0.998764 0.963335 0.999530 0.897469 0.919686 0.882709 0.981762 0.906049 0.991955 0.891209 0.936556 0.957039 0.886515 0.810729 0.949033 0.961477 0.789745 0.933471 0.000000 0.852459 0.884131 0.982405 0.903992 0.714182 0.865073 0.906043 0.844451 0.796821 0.844806 0.906166 0.805981 0.920649 0.863580 0.812578 0.830971 0.773496 0.708738 0.931308 0.804430 0.854085 0.890597 0.907712 0.930718 0.937664 0.909936 0.894953 0.943744 0.837313 0.987274 0.796607 0.723354 0.781514 0.989129 0.879962 0.822376 0.795436 0.879227 0.868741 0.985837 0.963325 0.849134 0.947103 0.959856 0.911898 0.915547 0.983794 0.987790 0.982478 0.955538 0.983785 0.958269 0.982595 0.929573 0.907813 0.845996 0.875413 0.920427 0.967681 0.672195 0.915715 0.698311 0.811817 0.752586 0.757316 0.786327 0.777399 0.706485 0.904926 0.797444 0.936719 0.978955 0.903074 0.963062 0.899609 0.774665 0.927471 0.904401 0.863547 0.730754
0.887576 0.827086 0.685562 0.570529 0.826576 0.874209 0.968345 0.912466 0.835541 0.912695 0.964086 0.944255 0.915117 0.858728 0.994907 0.902303 0.812997 0.869771 0.846133 0.828568 0.815665 0.865152 0.927725 0.853150 0.591720 0.535634 0.750951 0.826680 0.989132 0.859643 0.701382 0.822908 0.858054 0.746907 0.786284 0.852459 0.000000 0.666554 0.619438 0.831204 0.987333 0.777568 0.751797 0.676352 0.958426 0.948698 0.794144 0.723293 0.906590 0.947832 0.970389 0.957953 0.995984 0.984514 0.853189 0.790582 0.871535 0.857353 0.928215 0.953830 0.841055 0.990062 0.960377 0.905513 0.955403 0.889651 0.895819 0.928380 0.793729 0.709146 0.824028 0.764925 0.687767 0.731977 0.950883 0.810362 0.811327 0.887783 0.728651 0.826731 0.847278 0.871826 0.914054 0.855482 0.984815 0.843994 0.854397 0.979094 0.802134 0.828873 0.844434 0.843521 0.832738 0.882317 0.986637 0.902869 0.989991 0.793289 0.943996 0.832060 0.840533 0.948710 0.813245 0.667468 0.770876 0.617756 0.722720 0.833244 0.956613 0.847510 0.983075 0.995942 0.939078 0.814811 0.764558 0.930472
0.974795 0.896169 0.852860 0.781586 0.819293 0.798990 0.904546 0.952701 0.873686 0.843449 0.900101 0.954555 0.850167 0.957242 0.874258 0.990789 0.998737 0.977987 0.929045 0.889739 0.783899 0.986879 0.837297 0.909727 0.741968 0.610089 0.949763 0.862408 0.964355 0.939477 0.994793 0.927438 0.975220 0.922197 0.917995 0.884131 0.666554 0.000000 0.751538 0.986928 0.982807 0.620203 0.990901 0.956023 0.820940 0.820809 0.919026 0.926078 0.778345 0.808786 0.809200 0.797609 0.940172 0.924508 0.963111 0.981369 0.932291 0.910820 0.874764 0.910335 0.783309 0.989486 0.868364 0.958571 0.968834 0.893771 0.816522 0.818716 0.755060 0.642493 0.910872 0.979133 0.826267 0.834159 0.937398 0.966400 0.956116 0.982147 0.803521 0.875322 0.924565 0.869466 0.923686 0.931327 0.876420 0.997157 0.754324 0.987513 0.800628 0.912984 0.933653 0.824688 0.986937 0.935873 0.860632 0.876649 0.972028 0.832738 0.921695 0.970290 0.954465 0.904066 0.917414 0.919038 0.948729 0.774464 0.851281 0.796968 0.900164 0.934567 0.805062 0.788133 0.813310 0.721991 0.908790 0.889260
