0.000000 0.411469 0.848343 0.826881 0.622063 0.901573 0.878130 0.726568 0.940391 0.681951 0.457581 0.361137 0.419068 0.532456 0.608191 0.687899 0.490325 0.442517 0.374151 0.397604 0.975448 0.983926 0.572963 0.934738 0.700470 0.507843 0.923773 0.952991 0.469153 0.572765 0.963020 0.919442 0.675763 0.810238 0.854701 0.899506 0.744274 0.942700 0.989996 0.962209 0.829270 0.878774 0.850341 0.918842 0.957856 0.942662 0.786289 0.894514 0.618439 0.804003 0.911802 0.995170 0.962785 0.640981 0.747070 0.990968 0.367782 0.381383 0.509708 0.548377 0.692868 0.664293 0.454522 0.398881 0.745246 0.712223 0.770824 0.696732 0.381048 0.459220 0.972461 0.941784 0.949160 0.924818 0.861328 0.951459 0.958305 0.747226 0.876030 0.739850 0.459452 0.454706 0.640992 0.682895 0.501817 0.952366 0.864994 0.752396 0.610905 0.583845 0.841107 0.786643 0.695101 0.621474 0.874109 0.952310 0.980268 0.957213 0.850525 0.893494 0.887896 0.788109 0.928773 0.890967 0.975889 0.909007 0.973244 0.681297 0.909455 0.870692 0.964231 0.878638 0.819892 0.999968 0.968570 0.908654
0.411469 0.000000 0.596229 0.787226 0.724950 0.737946 0.837903 0.784015 0.891348 0.739082 0.770887 0.414177 0.679134 0.469062 0.661609 0.603207 0.399062 0.326683 0.442298 0.411069 0.904264 0.959721 0.701967 0.877703 0.858320 0.529257 0.886936 0.810623 0.422064 0.456590 0.893562 0.912914 0.848552 0.837393 0.724268 0.896438 0.773652 0.875286 0.930966 0.778390 0.901668 0.867536 0.890194 0.779276 0.825908 0.670113 0.635102 0.689363 0.364939 0.539909 0.716779 0.792674 0.913743 0.770194 0.656668 0.794613 0.300605 0.312944 0.837261 0.783119 0.953094 0.731780 0.679298 0.550564 0.718885 0.704154 0.547610 0.664012 0.590722 0.485856 0.717094 0.625069 0.862988 0.859130 0.885231 0.966146 0.918306 0.779577 0.739431 0.684063 0.440387 0.405829 0.437500 0.559471 0.466900 0.841136 0.920213 0.673640 0.851467 0.749451 0.562170 0.582810 0.479487 0.428449 0.824055 0.983580 0.850628 0.927206 0.952657 0.947503 0.658232 0.636255 0.931683 0.892259 0.797293 0.879352 0.972331 0.647936 0.909500 0.999668 0.903118 0.848807 0.771980 0.889495 0.982255 0.835854
0.848343 0.596229 0.000000 0.455209 0.994709 0.580829 0.409991 0.627809 0.851174 0.929872 0.921046 0.879563 0.810724 0.923279 0.974396 0.994605 0.827494 0.722194 0.986491 0.881368 0.784263 0.836431 0.819410 0.834501 0.885176 0.601544 0.839923 0.895805 0.835251 0.891551 0.554916 0.557709 0.597024 0.660014 0.587842 0.834379 0.988645 0.770876 0.980927 0.917310 0.834222 0.903697 0.746756 0.854048 0.777151 0.920449 0.786375 0.821178 0.694387 0.891955 0.835680 0.876875 0.754132 0.632265 0.918227 0.861712 0.732236 0.651274 0.928986 0.943706 0.610004 0.905452 0.813702 0.992851 0.588496 0.631175 0.345560 0.476310 0.797242 0.837353 0.514371 0.570002 0.658584 0.721876 0.875578 0.905405 0.826949 0.679141 0.970690 0.932588 0.912662 0.829197 0.747721 0.841323 0.932642 0.929196 0.933641 0.993115 0.948054 0.922584 0.535317 0.705559 0.554300 0.672899 0.737734 0.925947 0.703918 0.961511 0.713213 0.655279 0.593556 0.680122 0.705569 0.713465 0.628049 0.647197 0.827535 0.817932 0.990843 0.798655 0.721465 0.850791 0.826054 0.887820 0.831059 0.955666
0.826881 0.787226 0.455209 0.000000 0.952655 0.772470 0.623147 0.591388 0.974615 0.900974 0.861758 0.952882 0.937799 0.752074 0.966676 0.759761 0.848810 0.857194 0.998885 0.961121 0.778860 0.840942 0.804960 0.550123 0.640299 0.473344 0.976754 0.980995 0.858824 0.941608 0.625317 0.576385 0.812341 0.773814 0.662097 0.849574 0.945094 0.897337 0.842828 0.871433 0.773623 0.838102 0.612292 0.711683 0.749449 0.814726 0.678754 0.731033 0.845132 0.961355 0.735913 0.701806 0.660098 0.580622 0.863043 0.922174 0.803756 0.714398 0.798780 0.892886 0.926683 0.901024 0.983925 0.797572 0.487822 0.456287 0.536719 0.534336 0.735013 0.736443 0.692588 0.665600 0.719974 0.774057 0.954839 0.923972 0.712645 0.586107 0.980455 0.935172 0.906976 0.972037 0.974339 0.983069 0.848477 0.568853 0.999570 0.795752 0.898213 0.923828 0.657717 0.889195 0.679577 0.852068 0.680218 0.839124 0.839882 0.966468 0.842375 0.747707 0.765210 0.814043 0.889815 0.956949 0.692545 0.640378 0.819610 0.918965 0.993507 0.915737 0.730403 0.821642 0.813014 0.916066 0.900164 0.966705
0.622063 0.724950 0.994709 0.952655 0.000000 0.974512 0.900222 0.782837 0.885808 0.876568 0.729986 0.636787 0.666281 0.639778 0.636732 0.631656 0.723571 0.743140 0.696878 0.658321 0.964651 0.931677 0.610054 0.620400 0.919664 0.795875 0.702966 0.880886 0.788985 0.799825 0.996942 0.933525 0.842966 0.959838 0.936972 0.788463 0.878343 0.947073 0.922164 0.973418 0.994936 0.929346 0.974640 0.998363 0.960954 0.944797 0.906642 0.910336 0.801677 0.777517 0.917676 0.926955 0.960019 0.828678 0.801141 0.950697 0.682497 0.812331 0.805634 0.874781 0.911693 0.676102 0.842932 0.754327 0.997670 0.998690 0.956124 0.811671 0.773011 0.729492 0.889146 0.927299 0.915405 0.933438 0.957250 0.942046 0.877864 0.853611 0.918671 0.972455 0.742622 0.702988 0.757388 0.812796 0.630932 0.755517 0.723658 0.674590 0.759934 0.719972 0.998661 0.933979 0.907224 0.842390 0.892195 0.938877 0.939468 0.922026 0.886137 0.876110 0.929829 0.915975 0.984893 0.925527 0.955403 0.992230 0.986482 0.860257 0.928009 0.717219 0.962529 0.902780 0.932449 0.902398 0.882422 0.907332
0.901573 0.737946 0.580829 0.772470 0.974512 0.000000 0.566243 0.737965 0.753843 0.913390 0.756198 0.955075 0.824510 0.968760 0.915443 0.931357 0.889151 0.842564 0.910339 0.841452 0.723277 0.960808 0.980907 0.974623 0.951923 0.740615 0.888013 0.907841 0.830638 0.878773 0.760034 0.728097 0.804492 0.814555 0.790813 0.907072 0.940404 0.910395 0.850165 0.870563 0.930564 0.981942 0.919490 0.964933 0.962354 0.959073 0.960644 0.971938 0.770804 0.850619 0.987470 0.987919 0.934033 0.822982 0.962865 0.971328 0.712387 0.701894 0.868135 0.821764 0.601502 0.862741 0.821443 0.926626 0.843541 0.720567 0.541763 0.677678 0.747479 0.858420 0.617337 0.656707 0.883701 0.729365 0.706448 0.905851 0.815690 0.758295 0.987279 0.966904 0.994250 0.897417 0.774370 0.813675 0.854091 0.986609 0.826388 0.965015 0.977757 0.928731 0.661222 0.726471 0.729631 0.711539 0.823125 0.964625 0.829092 0.978313 0.837456 0.731123 0.737945 0.843042 0.725217 0.789965 0.674448 0.828629 0.675617 0.899353 0.951145 0.935204 0.828532 0.813400 0.982212 0.956062 0.737684 0.962483
0.878130 0.837903 0.409991 0.623147 0.900222 0.566243 0.000000 0.388675 0.618979 0.544469 0.708225 0.847992 0.559674 0.763693 0.750873 0.838697 0.924560 0.961977 0.772784 0.956478 0.846997 0.785329 0.636112 0.955453 0.809410 0.848821 0.803695 0.890983 0.797579 0.799326 0.366104 0.466528 0.385330 0.423801 0.696902 0.842407 0.919946 0.820871 0.972070 0.830580 0.883043 0.984681 0.738341 0.779912 0.631764 0.768125 0.740596 0.779671 0.985720 0.902804 0.662637 0.708254 0.679392 0.642927 0.910623 0.929864 0.898895 0.909469 0.631755 0.659085 0.391027 0.746826 0.474537 0.602581 0.900573 0.861623 0.431466 0.548714 0.983356 0.848646 0.459401 0.492158 0.541658 0.573759 0.774936 0.862742 0.659273 0.635989 0.812686 0.925217 0.815469 0.984760 0.854903 0.893675 0.971319 0.875910 0.934018 0.967399 0.841119 0.905985 0.522950 0.624118 0.659129 0.819751 0.694099 0.868458 0.710062 0.839885 0.443196 0.495027 0.530594 0.574315 0.522508 0.499259 0.579265 0.567764 0.862296 0.878168 0.995900 0.783814 0.686112 0.720611 0.695479 0.838666 0.879696 0.927957
0.726568 0.784015 0.627809 0.591388 0.782837 0.737965 0.388675 0.000000 0.796776 0.580901 0.757251 0.553552 0.489405 0.424091 0.652120 0.532497 0.758422 0.813705 0.595781 0.725044 0.907021 0.940983 0.578042 0.769374 0.902038 0.958215 0.947807 0.853063 0.617758 0.657806 0.517177 0.464526 0.484188 0.463518 0.774649 0.984088 0.906446 0.939005 0.962328 0.999290 0.791903 0.985909 0.497295 0.527399 0.455282 0.504123 0.460258 0.541429 0.624358 0.574118 0.476117 0.505611 0.619571 0.688625 0.692523 0.904297 0.847894 0.860326 0.656440 0.656775 0.522840 0.508068 0.476961 0.568693 0.854846 0.776769 0.628218 0.619814 0.988349 0.736718 0.701398 0.724710 0.618955 0.648526 0.793630 0.840689 0.588349 0.778831 0.814364 0.843331 0.734714 0.872580 0.834184 0.963580 0.730104 0.807795 0.998923 0.731375 0.809995 0.738933 0.719251 0.853715 0.859410 0.932748 0.740679 0.818583 0.839856 0.798810 0.481144 0.402194 0.658055 0.773524 0.643804 0.741382 0.677009 0.701984 0.820747 0.983337 0.974059 0.794765 0.684812 0.572802 0.571010 0.745963 0.832352 0.868329
0.940391 0.891348 0.851174 0.974615 0.885808 0.753843 0.618979 0.796776 0.000000 0.643850 0.714552 0.936819 0.704969 0.914506 0.770188 0.967619 0.987867 0.912905 0.966769 0.900515 0.904684 0.915088 0.854353 0.781038 0.776736 0.972825 0.930545 0.981223 0.966482 0.980863 0.818593 0.902160 0.776398 0.857067 0.911201 0.954707 0.830012 0.752561 0.803790 0.765428 0.857403 0.833114 0.945160 0.991363 0.926619 0.979235 0.970620 0.975693 0.964314 0.900030 0.899876 0.833583 0.837717 0.853847 0.898722 0.959520 0.877488 0.904009 0.686408 0.762475 0.646758 0.781649 0.799418 0.776660 0.982459 0.928846 0.708410 0.916041 0.942116 0.819931 0.722869 0.657589 0.712364 0.612697 0.827612 0.939043 0.689293 0.917202 0.989046 0.936814 0.996726 0.852954 0.725168 0.758444 0.865679 0.725865 0.956292 0.788143 0.693588 0.968089 0.605665 0.512606 0.602873 0.616750 0.722608 0.943026 0.841364 0.884236 0.618673 0.657389 0.631341 0.757077 0.617280 0.533262 0.877658 0.851646 0.991996 0.767867 0.998659 0.809451 0.831990 0.721633 0.889339 0.833745 0.885135 0.866715
0.681951 0.739082 0.929872 0.900974 0.876568 0.913390 0.544469 0.580901 0.643850 0.000000 0.659520 0.646257 0.583539 0.739020 0.539217 0.702120 0.637126 0.650506 0.540597 0.679308 0.925068 0.887865 0.494316 0.938632 0.539080 0.676647 0.827130 0.975347 0.482815 0.484133 0.598338 0.632118 0.476931 0.549399 0.776762 0.963402 0.927400 0.947760 0.840956 0.702137 0.977719 0.801677 0.910667 0.839210 0.652406 0.701347 0.759251 0.825331 0.573800 0.633991 0.638485 0.674784 0.723733 0.871532 0.919508 0.983411 0.766034 0.707094 0.610716 0.730792 0.692271 0.810737 0.471658 0.421597 0.602045 0.596208 0.992381 0.891554 0.714370 0.527642 0.761335 0.826239 0.672659 0.687308 0.700630 0.886292 0.725548 0.904297 0.671746 0.709186 0.585354 0.809526 0.857939 0.933690 0.931443 0.692966 0.981056 0.960398 0.793124 0.971184 0.930223 0.788017 0.980164 0.862980 0.933442 0.922605 0.871423 0.842119 0.648682 0.644079 0.862421 0.836834 0.709773 0.595835 0.933457 0.863571 0.916947 0.993618 0.916935 0.904991 0.818759 0.827927 0.723854 0.812676 0.969746 0.858979
0.457581 0.770887 0.921046 0.861758 0.729986 0.756198 0.708225 0.757251 0.714552 0.659520 0.000000 0.573723 0.412254 0.756298 0.760142 0.865372 0.734678 0.733319 0.677415 0.682334 0.964887 0.941262 0.749266 0.950124 0.701586 0.809205 0.994931 0.986822 0.720621 0.803855 0.903917 0.916130 0.677993 0.848509 0.890781 0.920964 0.775520 0.940389 0.972821 0.762992 0.819608 0.880944 0.803850 0.870321 0.931696 0.940238 0.934665 0.961294 0.858684 0.940429 0.995882 0.946701 0.929206 0.739333 0.933277 0.977228 0.772224 0.776624 0.457231 0.552629 0.485764 0.664896 0.490779 0.482725 0.877948 0.875153 0.943483 0.896245 0.657170 0.621323 0.833640 0.876201 0.854041 0.948821 0.747095 0.974008 0.859246 0.889113 0.973984 0.758921 0.668496 0.740457 0.945255 0.938800 0.787039 0.849594 0.973519 0.991730 0.585849 0.710296 0.876436 0.942345 0.984336 0.983517 0.941536 0.888560 0.978679 0.945953 0.733061 0.827613 0.932536 0.991397 0.713630 0.760149 0.865130 0.885935 0.877654 0.899239 0.920949 0.718390 0.995000 0.835413 0.932206 0.901000 0.905190 0.928200
0.361137 0.414177 0.879563 0.952882 0.636787 0.955075 0.847992 0.553552 0.936819 0.646257 0.573723 0.000000 0.390767 0.368076 0.482401 0.464886 0.516777 0.486235 0.434012 0.448676 0.973235 0.977551 0.552754 0.768875 0.747931 0.630745 0.933810 0.806452 0.455013 0.559028 0.961274 0.854661 0.729428 0.787670 0.873534 0.797890 0.729866 0.956650 0.973430 0.957261 0.945121 0.963522 0.962379 0.907246 0.866363 0.764682 0.702883 0.759970 0.490525 0.620047 0.777891 0.834833 0.966208 0.761835 0.735559 0.916070 0.503993 0.521963 0.598489 0.613582 0.693458 0.439420 0.527925 0.453780 0.899832 0.941787 0.845864 0.825188 0.548916 0.504927 0.993652 0.928348 0.924844 0.959942 0.820121 0.992118 0.876161 0.802358 0.883898 0.765780 0.524436 0.556670 0.614054 0.737691 0.443672 0.837804 0.774920 0.622807 0.664007 0.566999 0.876827 0.817095 0.724087 0.670316 0.907911 0.944662 0.872269 0.964055 0.850057 0.750645 0.985341 0.806988 0.979395 0.957242 0.976664 0.948730 0.968578 0.732947 0.845562 0.901976 0.922537 0.769201 0.819397 0.978774 0.956266 0.792275
0.419068 0.679134 0.810724 0.937799 0.666281 0.824510 0.559674 0.489405 0.704969 0.583539 0.412254 0.390767 0.000000 0.480086 0.521208 0.571932 0.634300 0.717075 0.484449 0.532617 0.986196 0.863578 0.490400 0.861490 0.744655 0.762215 0.947834 0.936237 0.560098 0.631270 0.708116 0.697431 0.521491 0.662660 0.954984 0.952208 0.770269 0.873698 0.959752 0.883594 0.979409 0.932822 0.975025 0.950026 0.818384 0.817313 0.694029 0.816938 0.724288 0.754749 0.774212 0.842038 0.865361 0.914578 0.729141 0.995951 0.641982 0.654901 0.479519 0.556329 0.461487 0.491902 0.441279 0.415939 0.935852 0.944388 0.850901 0.998250 0.586420 0.564009 0.650418 0.848357 0.733763 0.813118 0.746478 0.967989 0.787091 0.987819 0.914273 0.892183 0.611191 0.694106 0.784481 0.874904 0.631439 0.971167 0.800589 0.798817 0.592441 0.613994 0.857625 0.960816 0.980505 0.883499 0.936624 0.966802 0.915116 0.886990 0.619613 0.639618 0.744222 0.990267 0.703389 0.737780 0.734456 0.796727 0.859590 0.818357 0.935131 0.746681 0.785518 0.702715 0.717218 0.915494 0.888563 0.851154
0.532456 0.469062 0.923279 0.752074 0.639778 0.968760 0.763693 0.424091 0.914506 0.739020 0.756298 0.368076 0.480086 0.000000 0.510742 0.374092 0.594529 0.539943 0.413336 0.412491 0.931790 0.964201 0.478033 0.546947 0.985845 0.820375 0.931006 0.835671 0.530442 0.528866 0.791932 0.603271 0.660740 0.667268 0.990929 0.965674 0.837148 0.962004 0.837435 0.833313 0.871211 0.962752 0.650239 0.645246 0.642762 0.585556 0.481845 0.562203 0.506609 0.535299 0.578324 0.644208 0.713834 0.947259 0.632586 0.888962 0.536016 0.621296 0.861836 0.805168 0.808840 0.553397 0.630258 0.619844 0.957922 0.882396 0.952394 0.974180 0.764641 0.653433 0.930775 0.903544 0.812091 0.902223 0.824520 0.930508 0.758063 0.948350 0.887315 0.735290 0.572306 0.539580 0.518613 0.718200 0.416541 0.607307 0.864114 0.520960 0.901885 0.652178 0.888097 0.710111 0.771322 0.588953 0.922699 0.879294 0.954779 0.903409 0.841352 0.706439 0.982461 0.841260 0.963825 0.986377 0.877692 0.919625 0.811846 0.766213 0.945626 0.852201 0.904386 0.745843 0.674718 0.872416 0.960593 0.808405
0.608191 0.661609 0.974396 0.966676 0.636732 0.915443 0.750873 0.652120 0.770188 0.539217 0.760142 0.482401 0.521208 0.510742 0.000000 0.455656 0.563654 0.603028 0.473716 0.504360 0.930112 0.937387 0.416107 0.748687 0.852149 0.731509 0.915230 0.968606 0.580755 0.539618 0.728001 0.695854 0.612637 0.675032 0.944015 0.911055 0.800652 0.850642 0.957958 0.881122 0.944047 0.943402 0.885542 0.844435 0.750005 0.703747 0.698980 0.689331 0.624370 0.591538 0.652645 0.650372 0.696588 0.924345 0.799840 0.994610 0.649873 0.703200 0.811151 0.869308 0.862072 0.660942 0.677692 0.589010 0.901184 0.856429 0.941063 0.822640 0.581579 0.622805 0.805442 0.966822 0.720829 0.757404 0.687041 0.990937 0.723321 0.958733 0.836064 0.737038 0.585052 0.640040 0.674046 0.815636 0.547656 0.929628 0.719804 0.729877 0.743210 0.767024 0.963503 0.993686 0.873702 0.781728 0.823385 0.879014 0.887066 0.838670 0.842911 0.715185 0.887446 0.857813 0.876350 0.726293 0.891374 0.904573 0.920309 0.819422 0.876444 0.823867 0.863631 0.778618 0.769961 0.810559 0.877585 0.983525
0.687899 0.603207 0.994605 0.759761 0.631656 0.931357 0.838697 0.532497 0.967619 0.702120 0.865372 0.464886 0.571932 0.374092 0.455656 0.000000 0.667256 0.635173 0.554059 0.569588 0.941843 0.953293 0.427467 0.454018 0.971144 0.838114 0.915334 0.834053 0.616860 0.610931 0.869985 0.693555 0.778453 0.840246 0.919349 0.807273 0.945109 0.913160 0.884207 0.994815 0.925370 0.968052 0.808389 0.784447 0.725702 0.648815 0.650480 0.734218 0.546808 0.596227 0.701391 0.701831 0.775047 0.965291 0.716715 0.917508 0.702050 0.715408 0.989312 0.973852 0.972641 0.579674 0.831004 0.782071 0.974403 0.891778 0.911038 0.916171 0.852199 0.749137 0.914605 0.984178 0.884050 0.855389 0.741581 0.940535 0.764268 0.961844 0.920699 0.782794 0.680180 0.668584 0.570839 0.754469 0.490337 0.611693 0.731536 0.561254 0.947703 0.725236 0.845407 0.832544 0.860931 0.666029 0.899119 0.893653 0.990004 0.866596 0.946534 0.802942 0.986378 0.761380 0.866593 0.931796 0.899980 0.978611 0.934365 0.757795 0.827909 0.988241 0.936111 0.835111 0.794715 0.903739 0.971774 0.848676
0.490325 0.399062 0.827494 0.848810 0.723571 0.889151 0.924560 0.758422 0.987867 0.637126 0.734678 0.516777 0.634300 0.594529 0.563654 0.667256 0.000000 0.348879 0.425001 0.443720 0.898418 0.994918 0.609888 0.888338 0.818216 0.574665 0.897644 0.979044 0.400249 0.367450 0.844639 0.749865 0.666774 0.668407 0.876682 0.868721 0.805095 0.874530 0.997824 0.841340 0.849190 0.925982 0.920090 0.845863 0.757740 0.657897 0.680463 0.712410 0.475073 0.579513 0.687386 0.803733 0.858406 0.877602 0.687407 0.884344 0.360747 0.397580 0.841599 0.797516 0.941131 0.813536 0.567308 0.464422 0.722310 0.656826 0.717155 0.736300 0.625039 0.434113 0.971841 0.826474 0.994696 0.923155 0.758799 0.987016 0.894544 0.868646 0.569156 0.631962 0.328924 0.418327 0.546229 0.506236 0.527313 0.972581 0.837886 0.680667 0.776296 0.825583 0.667129 0.708350 0.553507 0.554256 0.912617 0.989572 0.915233 0.989930 0.976346 0.881330 0.811333 0.730938 0.985546 0.867148 0.889489 0.995655 0.961622 0.602357 0.979205 0.979268 0.949897 0.923320 0.741018 0.817861 0.848415 0.838123
0.442517 0.326683 0.722194 0.857194 0.743140 0.842564 0.961977 0.813705 0.912905 0.650506 0.733319 0.486235 0.717075 0.539943 0.603028 0.635173 0.348879 0.000000 0.385383 0.404733 0.957797 0.982521 0.608389 0.828018 0.880324 0.578079 0.851911 0.918889 0.435075 0.385595 0.973933 0.826565 0.734129 0.743584 0.691712 0.925442 0.738669 0.851126 0.946479 0.839542 0.854143 0.910750 0.962666 0.849856 0.830978 0.699992 0.655428 0.738903 0.437466 0.573946 0.706167 0.796588 0.837036 0.818856 0.707251 0.842650 0.332734 0.366422 0.870655 0.807347 0.940533 0.885471 0.601853 0.512088 0.708658 0.664319 0.594800 0.652423 0.559031 0.484180 0.862649 0.781225 0.971173 0.923219 0.844521 0.997186 0.891999 0.804757 0.618599 0.514515 0.322925 0.323785 0.439294 0.499586 0.463331 0.859480 0.899543 0.646605 0.804933 0.772392 0.601413 0.633959 0.505511 0.471967 0.901094 0.971841 0.845652 0.962935 0.907260 0.995757 0.637977 0.675879 0.870622 0.994313 0.850583 0.951772 0.960989 0.614385 0.951967 0.996315 0.914173 0.981371 0.745826 0.870600 0.952144 0.899329
0.374151 0.442298 0.986491 0.998885 0.696878 0.910339 0.772784 0.595781 0.966769 0.540597 0.677415 0.434012 0.484449 0.413336 0.473716 0.554059 0.425001 0.385383 0.000000 0.330365 0.992091 0.935431 0.381303 0.768205 0.783384 0.567743 0.966951 0.986525 0.387238 0.387234 0.752440 0.664904 0.527599 0.627479 0.878410 0.948913 0.734952 0.960253 0.982428 0.995158 0.954013 0.917379 0.872773 0.840332 0.759119 0.689581 0.567090 0.712359 0.504174 0.603730 0.644677 0.761563 0.754375 0.950811 0.699726 0.972361 0.346073 0.427150 0.738327 0.779285 0.853053 0.782670 0.494645 0.442740 0.763648 0.694882 0.809270 0.764392 0.467436 0.474058 0.863028 0.976745 0.775962 0.924648 0.847478 0.887280 0.818185 0.942357 0.744205 0.681665 0.418040 0.424817 0.490797 0.645907 0.483303 0.937713 0.868894 0.683788 0.771143 0.717600 0.851467 0.850682 0.710799 0.615207 0.992244 0.934322 0.974781 0.877322 0.817427 0.760731 0.911586 0.824240 0.899752 0.806830 0.972576 0.856056 0.981215 0.689711 0.917363 0.893564 0.885091 0.832331 0.611501 0.800426 0.991119 0.900011
0.397604 0.411069 0.881368 0.961121 0.658321 0.841452 0.956478 0.725044 0.900515 0.679308 0.682334 0.448676 0.532617 0.412491 0.504360 0.569588 0.443720 0.404733 0.330365 0.000000 0.951289 0.971321 0.452890 0.708060 0.773415 0.566253 0.959491 0.937346 0.448640 0.436526 0.876627 0.803842 0.672994 0.790875 0.831112 0.900547 0.795454 0.976056 0.925679 0.916645 0.995999 0.795496 0.906699 0.878109 0.819081 0.747362 0.658145 0.709913 0.523228 0.580858 0.697846 0.808602 0.795898 0.902174 0.669181 0.942675 0.333786 0.419776 0.786757 0.817403 0.956327 0.799946 0.640028 0.553887 0.724814 0.678819 0.715477 0.692649 0.441470 0.513457 0.991246 0.799665 0.873136 0.934748 0.807075 0.946904 0.830978 0.874115 0.775380 0.762949 0.499590 0.450363 0.521811 0.593513 0.510842 0.925508 0.868373 0.681776 0.792038 0.678755 0.739413 0.729375 0.646131 0.541043 0.972600 0.983368 0.981667 0.873834 0.964922 0.882801 0.831926 0.793959 0.997017 0.919776 0.978396 0.934665 0.984393 0.786829 0.986393 0.849741 0.941023 0.906288 0.752314 0.841890 0.999197 0.928356
0.975448 0.904264 0.784263 0.778860 0.964651 0.723277 0.846997 0.907021 0.904684 0.925068 0.964887 0.973235 0.986196 0.931790 0.930112 0.941843 0.898418 0.957797 0.992091 0.951289 0.000000 0.979102 0.964433 0.834770 0.826435 0.741305 0.971178 0.933682 0.907312 0.879190 0.789261 0.867800 0.961799 0.940157 0.870213 0.937656 0.885765 0.990337 0.816412 0.842679 0.853290 0.911625 0.977476 0.975983 0.905872 0.899821 0.944913 0.890769 0.841214 0.737238 0.978249 0.971551 0.990430 0.919732 0.940263 0.999392 0.887208 0.860260 0.950776 0.951174 0.918252 0.917406 0.937878 0.926190 0.893224 0.771460 0.906723 0.875321 0.950227 0.873921 0.766740 0.856014 0.850489 0.790408 0.944636 0.786167 0.829482 0.989486 0.979168 0.917214 0.991430 0.913443 0.998101 0.999412 0.988681 0.846504 0.792627 0.864216 0.916864 0.862888 0.881112 0.932125 0.937348 0.898050 0.864580 0.955200 0.939897 0.808193 0.979938 0.862338 0.971485 0.954371 0.922104 0.975346 0.951201 0.951331 0.807228 0.918821 0.990517 0.873650 0.984688 0.859142 0.938776 0.825262 0.985312 0.865529
0.983926 0.959721 0.836431 0.840942 0.931677 0.960808 0.785329 0.940983 0.915088 0.887865 0.941262 0.977551 0.863578 0.964201 0.937387 0.953293 0.994918 0.982521 0.935431 0.971321 0.979102 0.000000 0.896108 0.924319 0.972550 0.863984 0.843575 0.962745 0.941592 0.814910 0.726075 0.892518 0.731723 0.775182 0.989643 0.778645 0.791991 0.778478 0.941872 0.922669 0.908557 0.867101 0.942792 0.984953 0.904890 0.968541 0.922896 0.894226 0.906894 0.969406 0.797240 0.853205 0.754521 0.780411 0.990137 0.829690 0.977807 0.976452 0.939157 0.976331 0.942207 0.903639 0.859115 0.917119 0.922330 0.911654 0.873838 0.992979 0.888652 0.933465 0.828854 0.898762 0.900835 0.868854 0.893394 0.959222 0.847492 0.756923 0.823740 0.997567 0.883160 0.931485 0.963266 0.969357 0.947562 0.868993 0.891525 0.893061 0.999456 0.965183 0.849312 0.843368 0.887659 0.924575 0.980028 0.972489 0.869013 0.898438 0.857910 0.924690 0.854875 0.921754 0.710979 0.787364 0.900920 0.803733 0.940602 0.848395 0.908316 0.842117 0.772648 0.966570 0.904266 0.877017 0.917956 0.854882
0.572963 0.701967 0.819410 0.804960 0.610054 0.980907 0.636112 0.578042 0.854353 0.494316 0.749266 0.552754 0.490400 0.478033 0.416107 0.427467 0.609888 0.608389 0.381303 0.452890 0.964433 0.896108 0.000000 0.573524 0.837159 0.745016 0.927812 0.971568 0.520009 0.488351 0.610775 0.584910 0.505804 0.657068 0.910489 0.950478 0.869262 0.952280 0.947045 0.821139 0.930065 0.895153 0.946431 0.938532 0.765209 0.770412 0.731331 0.811917 0.657856 0.677260 0.704921 0.746836 0.702980 0.919511 0.828043 0.825506 0.612917 0.673170 0.865192 0.941717 0.877949 0.792502 0.661981 0.618874 0.857350 0.808858 0.957948 0.832231 0.583702 0.632753 0.641545 0.873368 0.613399 0.754246 0.796554 0.933657 0.770173 0.917602 0.831211 0.774204 0.588922 0.585088 0.635120 0.744963 0.572664 0.917224 0.810236 0.683889 0.830509 0.815413 0.997573 0.984408 0.952205 0.742802 0.863268 0.903268 0.861909 0.930150 0.818745 0.800819 0.919176 0.960086 0.976635 0.730436 0.901526 0.818830 0.977768 0.861557 0.926172 0.907872 0.856077 0.920166 0.669915 0.881692 0.893490 0.874767
0.934738 0.877703 0.834501 0.550123 0.620400 0.974623 0.955453 0.769374 0.781038 0.938632 0.950124 0.768875 0.861490 0.546947 0.748687 0.454018 0.888338 0.828018 0.768205 0.708060 0.834770 0.924319 0.573524 0.000000 0.664146 0.849874 0.772970 0.922795 0.930912 0.875539 0.925396 0.784100 0.954733 0.983597 0.922939 0.854605 0.976512 0.897672 0.772321 0.876016 0.850285 0.774351 0.847426 0.872590 0.864302 0.826906 0.777757 0.877315 0.845809 0.808912 0.870978 0.886686 0.855683 0.925861 0.771226 0.971122 0.861728 0.971157 0.766096 0.808533 0.832335 0.854535 0.897272 0.876062 0.743551 0.719004 0.972897 0.965805 0.999048 0.970692 0.869280 0.968095 0.950324 0.983657 0.899879 0.987200 0.821594 0.963069 0.956209 0.909850 0.900113 0.760382 0.699689 0.710996 0.562589 0.447844 0.809071 0.525899 0.992375 0.763694 0.936832 0.802987 0.954302 0.793515 0.960640 0.889120 0.986010 0.938526 0.908076 0.979733 0.897067 0.860081 0.740441 0.812046 0.936313 0.933864 0.887073 0.877180 0.995741 0.966278 0.950458 0.976309 0.941985 0.934432 0.847282 0.890478
0.700470 0.858320 0.885176 0.640299 0.919664 0.951923 0.809410 0.902038 0.776736 0.539080 0.701586 0.747931 0.744655 0.985845 0.852149 0.971144 0.818216 0.880324 0.783384 0.773415 0.826435 0.972550 0.837159 0.664146 0.000000 0.525551 0.807174 0.895850 0.582877 0.727776 0.916918 0.944101 0.765448 0.859619 0.761274 0.914336 0.912451 0.966310 0.729769 0.723539 0.872094 0.702204 0.799979 0.851252 0.994046 0.973804 0.822960 0.883665 0.799357 0.918482 0.965293 0.897132 0.832028 0.815369 0.872344 0.819439 0.850845 0.714566 0.541895 0.666614 0.684129 0.841612 0.660758 0.559193 0.557013 0.545148 0.913296 0.836022 0.624079 0.604174 0.940849 0.955068 0.946238 0.985140 0.874669 0.921417 0.993159 0.914209 0.818742 0.925616 0.870201 0.975134 0.902054 0.976426 0.829255 0.454325 0.917020 0.810054 0.881529 0.958763 0.975011 0.793680 0.907521 0.996033 0.895638 0.965477 0.983997 0.908885 0.827604 0.866817 0.849222 0.846221 0.818537 0.693428 0.982707 0.919152 0.863454 0.926178 0.926245 0.949457 0.926220 0.978050 0.972489 0.993563 0.894884 0.921050
0.507843 0.529257 0.601544 0.473344 0.795875 0.740615 0.848821 0.958215 0.972825 0.676647 0.809205 0.630745 0.762215 0.820375 0.731509 0.838114 0.574665 0.578079 0.567743 0.566253 0.741305 0.863984 0.745016 0.849874 0.525551 0.000000 0.971143 0.965396 0.530309 0.600271 0.798171 0.874094 0.934888 0.995189 0.575855 0.792141 0.952656 0.908842 0.830839 0.864301 0.859393 0.833740 0.732691 0.820062 0.901777 0.987382 0.928181 0.932674 0.625046 0.817178 0.924306 0.861468 0.832599 0.594135 0.958332 0.939920 0.489381 0.426926 0.731127 0.773391 0.987098 0.875888 0.760834 0.555747 0.465911 0.440435 0.523065 0.486948 0.555716 0.539073 0.797533 0.784774 0.860922 0.820494 0.916480 0.961220 0.876798 0.664277 0.845397 0.975302 0.624814 0.691363 0.774199 0.811426 0.839833 0.714280 0.881046 0.936240 0.899625 0.913219 0.599031 0.814037 0.595520 0.649575 0.694488 0.987788 0.843995 0.996409 0.926976 0.906927 0.842671 0.724906 0.874228 0.960865 0.730440 0.833726 0.837285 0.780975 0.963062 0.968630 0.823556 0.882225 0.981629 0.995628 0.824143 0.960238
0.923773 0.886936 0.839923 0.976754 0.702966 0.888013 0.803695 0.947807 0.930545 0.827130 0.994931 0.933810 0.947834 0.931006 0.915230 0.915334 0.897644 0.851911 0.966951 0.959491 0.971178 0.843575 0.927812 0.772970 0.807174 0.971143 0.000000 0.834509 0.931204 0.933637 0.820281 0.822304 0.847469 0.792887 0.855293 0.908752 0.922034 0.942376 0.914801 0.873140 0.981516 0.894578 0.898361 0.834364 0.867724 0.922584 0.935603 0.879141 0.883279 0.911173 0.926578 0.950238 0.920653 0.826528 0.987404 0.988938 0.869504 0.955166 0.865613 0.900058 0.761570 0.958546 0.820052 0.875167 0.929750 0.930149 0.824840 0.784382 0.997230 0.995112 0.893259 0.854300 0.926333 0.887468 0.969640 0.944499 0.996598 0.784139 0.859528 0.960410 0.983435 0.858822 0.782459 0.850319 0.791489 0.718123 0.885376 0.792244 0.885125 0.947031 0.999504 0.930476 0.959305 0.986601 0.865815 0.850932 0.889927 0.922013 0.895653 0.865493 0.903605 0.917604 0.689294 0.856931 0.924519 0.894182 0.887434 0.881181 0.734957 0.986626 0.891571 0.934132 0.957269 0.739511 0.954185 0.994299
0.952991 0.810623 0.895805 0.980995 0.880886 0.907841 0.890983 0.853063 0.981223 0.975347 0.986822 0.806452 0.936237 0.835671 0.968606 0.834053 0.979044 0.918889 0.986525 0.937346 0.933682 0.962745 0.971568 0.922795 0.895850 0.965396 0.834509 0.000000 0.986843 0.957050 0.895807 0.918172 0.864848 0.916654 0.989310 0.875494 0.989490 0.988021 0.921836 0.995750 0.964050 0.853087 0.879838 0.886903 0.948206 0.938035 0.944377 0.937682 0.839957 0.904255 0.943050 0.901227 0.988050 0.995364 0.965284 0.985283 0.965362 0.999712 0.990484 0.941964 0.952020 0.932722 0.986353 0.939103 0.948653 0.946400 0.933342 0.871662 0.915215 0.996592 0.892251 0.900503 0.995089 0.990744 0.953444 0.968020 0.834927 0.868179 0.965953 0.992594 0.992326 0.945390 0.964014 0.853238 0.981213 0.875904 0.898621 0.990848 0.925523 0.944975 0.976033 0.945054 0.993524 0.970106 0.961785 0.915900 0.996485 0.838544 0.999211 0.865508 0.970044 0.934575 0.921930 0.801398 0.877841 0.813762 0.913626 0.908734 0.958458 0.958316 0.917449 0.761171 0.946586 0.967753 0.911438 0.999388
0.469153 0.422064 0.835251 0.858824 0.788985 0.830638 0.797579 0.617758 0.966482 0.482815 0.720621 0.455013 0.560098 0.530442 0.580755 0.616860 0.400249 0.435075 0.387238 0.448640 0.907312 0.941592 0.520009 0.930912 0.582877 0.530309 0.931204 0.986843 0.000000 0.319538 0.717706 0.696471 0.544744 0.550881 0.805626 0.926418 0.756759 0.860551 0.927142 0.985088 0.940808 0.890920 0.901788 0.772756 0.713383 0.631083 0.694520 0.715509 0.448707 0.571046 0.657643 0.744182 0.829716 0.927415 0.731592 0.881239 0.437202 0.405133 0.670997 0.702744 0.824700 0.732704 0.470266 0.370517 0.617335 0.605465 0.755178 0.810700 0.577594 0.387733 0.983097 0.856530 0.895229 0.914446 0.853909 0.967422 0.853152 0.947817 0.587609 0.700115 0.399431 0.489667 0.565326 0.614249 0.622058 0.910127 0.945338 0.719259 0.846438 0.828825 0.745909 0.806096 0.596069 0.533651 0.961762 0.940513 0.903071 0.913746 0.855705 0.804103 0.904272 0.922899 0.903055 0.811547 0.936646 0.977780 0.997538 0.761675 0.851897 0.976562 0.977947 0.875690 0.664218 0.827004 0.979554 0.762660
0.572765 0.456590 0.891551 0.941608 0.799825 0.878773 0.799326 0.657806 0.980863 0.484133 0.803855 0.559028 0.631270 0.528866 0.539618 0.610931 0.367450 0.385595 0.387234 0.436526 0.879190 0.814910 0.488351 0.875539 0.727776 0.600271 0.933637 0.957050 0.319538 0.000000 0.683583 0.604232 0.531578 0.513845 0.776659 0.995606 0.835891 0.909387 0.972222 0.926089 0.970544 0.855575 0.865843 0.755248 0.659017 0.622288 0.663520 0.705830 0.489774 0.577423 0.604310 0.709308 0.727987 0.947820 0.760966 0.973030 0.458359 0.462416 0.886110 0.877505 0.929445 0.892320 0.519728 0.439522 0.583271 0.588447 0.733805 0.778579 0.672460 0.447184 0.976618 0.865425 0.852765 0.919377 0.799727 0.955810 0.825954 0.950667 0.466567 0.585442 0.345586 0.454741 0.535109 0.589688 0.659812 0.932749 0.931483 0.720592 0.950906 0.971152 0.673969 0.782622 0.552227 0.502824 0.964650 0.964836 0.927589 0.897132 0.944594 0.887642 0.878286 0.858927 0.943605 0.807353 0.915236 0.961208 0.976570 0.780941 0.943211 0.888135 0.989523 0.927136 0.590400 0.742585 0.991278 0.832863
0.963020 0.893562 0.554916 0.625317 0.996942 0.760034 0.366104 0.517177 0.818593 0.598338 0.903917 0.961274 0.708116 0.791932 0.728001 0.869985 0.844639 0.973933 0.752440 0.876627 0.789261 0.726075 0.610775 0.925396 0.916918 0.798171 0.820281 0.895807 0.717706 0.683583 0.000000 0.417374 0.407067 0.368986 0.764087 0.791022 0.968837 0.891397 0.977326 0.941455 0.873722 0.937327 0.634547 0.684484 0.579315 0.684402 0.682962 0.733661 0.937287 0.845311 0.537649 0.551026 0.533830 0.480516 0.881412 0.892873 0.953140 0.934667 0.859972 0.903990 0.699783 0.976503 0.555963 0.717387 0.969743 0.986078 0.663542 0.701838 0.975191 0.910445 0.446694 0.601451 0.465925 0.518443 0.846864 0.858711 0.704491 0.569407 0.696507 0.781352 0.773485 0.924474 0.967874 0.996835 0.991093 0.899293 0.866353 0.923648 0.949679 0.898060 0.641535 0.747768 0.803075 0.979166 0.704904 0.952698 0.731872 0.856534 0.574601 0.614618 0.681246 0.595610 0.578971 0.556088 0.728179 0.654685 0.936066 0.880252 0.973023 0.885575 0.673589 0.820952 0.638329 0.775260 0.815144 0.886280
0.919442 0.912914 0.557709 0.576385 0.933525 0.728097 0.466528 0.464526 0.902160 0.632118 0.916130 0.854661 0.697431 0.603271 0.695854 0.693555 0.749865 0.826565 0.664904 0.803842 0.867800 0.892518 0.584910 0.784100 0.944101 0.874094 0.822304 0.918172 0.696471 0.604232 0.417374 0.000000 0.456618 0.399888 0.778325 0.776210 0.920549 0.989917 0.944882 0.960595 0.869680 0.997089 0.581035 0.565056 0.529484 0.591244 0.520613 0.628832 0.829998 0.759978 0.529250 0.557871 0.515848 0.588694 0.763820 0.963629 0.889592 0.932491 0.986916 0.954854 0.759290 0.867877 0.594947 0.691367 0.958977 0.936946 0.732727 0.701449 0.959531 0.836003 0.603084 0.757115 0.615297 0.640418 0.785698 0.886903 0.774019 0.563874 0.679295 0.718540 0.629869 0.756284 0.806392 0.860411 0.805674 0.883101 0.961613 0.755831 0.937907 0.985746 0.868199 0.968009 0.961011 0.854963 0.740682 0.865742 0.841753 0.914256 0.722636 0.626872 0.854646 0.775800 0.715468 0.686997 0.781058 0.668042 0.790937 0.942211 0.980473 0.830245 0.767191 0.739877 0.525038 0.791455 0.775150 0.791487
0.675763 0.848552 0.597024 0.812341 0.842966 0.804492 0.385330 0.484188 0.776398 0.476931 0.677993 0.729428 0.521491 0.660740 0.612637 0.778453 0.666774 0.734129 0.527599 0.672994 0.961799 0.731723 0.505804 0.954733 0.765448 0.934888 0.847469 0.864848 0.544744 0.531578 0.407067 0.456618 0.000000 0.331020 0.850609 0.798017 0.808518 0.849007 0.978523 0.928820 0.945984 0.898382 0.715293 0.692854 0.552412 0.595774 0.599493 0.647187 0.764036 0.694077 0.505398 0.598145 0.550352 0.686919 0.736705 0.979422 0.765136 0.782768 0.672986 0.769826 0.589815 0.821678 0.417080 0.464119 0.936185 0.848097 0.703025 0.775694 0.765872 0.622891 0.583458 0.737376 0.572637 0.662175 0.758097 0.930971 0.660515 0.679037 0.704912 0.797939 0.593550 0.748803 0.877987 0.858061 0.807086 0.859753 0.963325 0.888933 0.770644 0.891856 0.800612 0.813515 0.950042 0.917202 0.762257 0.941817 0.741523 0.788171 0.532788 0.575801 0.791504 0.708632 0.589327 0.512810 0.704409 0.623785 0.988930 0.991651 0.987019 0.797341 0.708675 0.698117 0.483338 0.751852 0.789703 0.853427
0.810238 0.837393 0.660014 0.773814 0.959838 0.814555 0.423801 0.463518 0.857067 0.549399 0.848509 0.787670 0.662660 0.667268 0.675032 0.840246 0.668407 0.743584 0.627479 0.790875 0.940157 0.775182 0.657068 0.983597 0.859619 0.995189 0.792887 0.916654 0.550881 0.513845 0.368986 0.399888 0.331020 0.000000 0.850175 0.724269 0.828428 0.922619 0.969752 0.931331 0.915997 0.988854 0.595604 0.571215 0.484327 0.511450 0.539006 0.554041 0.736808 0.668977 0.473533 0.532423 0.560015 0.629899 0.720903 0.850014 0.802451 0.796685 0.755965 0.753519 0.623809 0.843649 0.425501 0.505540 0.984054 0.938007 0.720822 0.663731 0.915057 0.697288 0.683339 0.820664 0.673441 0.667470 0.799192 0.883744 0.732979 0.649101 0.615405 0.730958 0.561203 0.733314 0.806833 0.805328 0.816372 0.941668 0.908094 0.772913 0.906846 0.979786 0.872818 0.960520 0.952457 0.828861 0.765307 0.985246 0.891683 0.821789 0.618746 0.618288 0.792746 0.768487 0.612216 0.614791 0.778171 0.678086 0.867504 0.943106 0.967775 0.843142 0.794190 0.727273 0.474668 0.697698 0.700211 0.813982
0.854701 0.724268 0.587842 0.662097 0.936972 0.790813 0.696902 0.774649 0.911201 0.776762 0.890781 0.873534 0.954984 0.990929 0.944015 0.919349 0.876682 0.691712 0.878410 0.831112 0.870213 0.989643 0.910489 0.922939 0.761274 0.575855 0.855293 0.989310 0.805626 0.776659 0.764087 0.778325 0.850609 0.850175 0.000000 0.891427 0.995037 0.845437 0.923586 0.836405 0.926789 0.794848 0.704831 0.800454 0.799071 0.853324 0.807539 0.826342 0.749661 0.910972 0.876359 0.898842 0.830712 0.722286 0.835685 0.966046 0.839409 0.786530 0.963929 0.954921 0.761180 0.925174 0.956227 0.881535 0.596813 0.619882 0.430825 0.456450 0.861861 0.812727 0.756947 0.760177 0.832598 0.940577 0.913013 0.967628 0.822208 0.793288 0.893253 0.791628 0.815660 0.780945 0.799764 0.899907 0.964087 0.871851 0.956864 0.898393 0.920400 0.929654 0.635328 0.807579 0.667646 0.754750 0.646089 0.846401 0.712048 0.812230 0.736174 0.709331 0.680827 0.725531 0.765843 0.819427 0.601491 0.699934 0.897164 0.851834 0.990804 0.984918 0.803201 0.727709 0.888947 0.833619 0.760263 0.911524
0.899506 0.896438 0.834379 0.849574 0.788463 0.907072 0.842407 0.984088 0.954707 0.963402 0.920964 0.797890 0.952208 0.965674 0.911055 0.807273 0.868721 0.925442 0.948913 0.900547 0.937656 0.778645 0.950478 0.854605 0.914336 0.792141 0.908752 0.875494 0.926418 0.995606 0.791022 0.776210 0.798017 0.724269 0.891427 0.000000 0.974625 0.792984 0.849783 0.919550 0.951399 0.949248 0.835101 0.870646 0.849261 0.908812 0.893793 0.946157 0.915336 0.935760 0.895929 0.890732 0.732919 0.741638 0.921767 0.998609 0.962403 0.980858 0.923480 0.919013 0.961689 0.839793 0.955640 0.990630 0.928006 0.988308 0.804284 0.796092 0.946712 0.953553 0.936954 0.973425 0.985297 0.870473 0.992307 0.859906 0.916898 0.624502 0.943939 0.975573 0.982179 0.979300 0.955207 0.933730 0.894171 0.883464 0.929297 0.918275 0.758015 0.893381 0.895393 0.982157 0.886796 0.916249 0.922587 0.963429 0.819228 0.861943 0.852758 0.886204 0.871053 0.780435 0.798020 0.844565 0.815589 0.880172 0.744614 0.911484 0.874580 0.956831 0.915361 0.945763 0.686473 0.809699 0.853634 0.994510
0.744274 0.773652 0.988645 0.945094 0.878343 0.940404 0.919946 0.906446 0.830012 0.927400 0.775520 0.729866 0.770269 0.837148 0.800652 0.945109 0.805095 0.738669 0.734952 0.795454 0.885765 0.791991 0.869262 0.976512 0.912451 0.952656 0.922034 0.989490 0.756759 0.835891 0.968837 0.920549 0.808518 0.828428 0.995037 0.974625 0.000000 0.794361 0.994054 0.845648 0.876126 0.937187 0.932191 0.833759 0.958950 0.871304 0.790069 0.738048 0.888963 0.849427 0.798499 0.809279 0.809291 0.931625 0.838376 0.989330 0.736022 0.835440 0.835279 0.878641 0.917719 0.824510 0.802158 0.800799 0.892151 0.953628 0.990901 0.967481 0.675968 0.715602 0.997453 0.934801 0.959424 0.906637 0.960133 0.866136 0.843163 0.963465 0.872932 0.996195 0.825112 0.772642 0.961012 0.983852 0.728960 0.966071 0.836320 0.899964 0.734349 0.724625 0.938466 0.937255 0.978557 0.943977 0.871770 0.903836 0.962733 0.951021 0.851761 0.780247 0.972704 0.951779 0.745643 0.793320 0.993066 0.783700 0.848127 0.962499 0.824893 0.765201 0.745070 0.675158 0.891240 0.846162 0.754990 0.940627
0.942700 0.875286 0.770876 0.897337 0.947073 0.910395 0.820871 0.939005 0.752561 0.947760 0.940389 0.956650 0.873698 0.962004 0.850642 0.913160 0.874530 0.851126 0.960253 0.976056 0.990337 0.778478 0.952280 0.897672 0.966310 0.908842 0.942376 0.988021 0.860551 0.909387 0.891397 0.989917 0.849007 0.922619 0.845437 0.792984 0.794361 0.000000 0.980959 0.949592 0.969506 0.701518 0.919549 0.970271 0.972170 0.985041 0.993548 0.862812 0.837482 0.987165 0.880667 0.902112 0.826793 0.782716 0.988390 0.851014 0.932938 0.806934 0.963066 0.908540 0.838136 0.901178 0.901029 0.980617 0.851333 0.915471 0.814484 0.904390 0.865102 0.940812 0.818416 0.888899 0.789500 0.777231 0.924327 0.869736 0.928949 0.787298 0.862679 0.836338 0.922934 0.894065 0.732878 0.729438 0.997856 0.903920 0.959180 0.773412 0.864769 0.939893 0.758827 0.736585 0.791068 0.688857 0.902859 0.858240 0.828261 0.855393 0.810483 0.811611 0.719882 0.872043 0.700589 0.734131 0.962908 0.908360 0.982804 0.834478 0.927741 0.833749 0.821765 0.820091 0.890413 0.777889 0.735792 0.928807
