0.000000 0.144049 0.373285 0.445070 0.691632 0.738740 0.782260 0.658911 0.530502 0.594832 0.361014 0.268435 0.292385 0.325824 0.475055 0.629260 0.256250 0.226193 0.254989 0.196964 0.468718 0.980003 0.571682 0.370711 0.393667 0.614743 0.453408 0.691550 0.508554 0.477846 0.881351 0.617289 0.362829 0.458627 0.837159 0.852858 0.654640 0.684967 0.822186 0.760982 0.662237 0.685359 0.945769 0.858788 0.754370 0.955485 0.582586 0.652489 0.947231 0.828353 0.942646 0.854685 0.851588 0.545964 0.374785 0.515812 0.147173 0.151958 0.432036 0.375547 0.411473 0.578251 0.271504 0.276677 0.288796 0.396446 0.744505 0.883593 0.256873 0.311286 0.611188 0.445251 0.967506 0.861855 0.824475 0.958753 0.933000 0.802623 0.470745 0.366948 0.218306 0.247156 0.349172 0.227639 0.218347 0.185312 0.905634 0.570148 0.493373 0.266626 0.344242 0.437694 0.385053 0.448386 0.932086 0.993296 0.928138 0.901909 0.775433 0.864429 0.634680 0.734148 0.968506 0.738288 0.871244 0.861174 0.936038 0.872353 0.729949 0.868910 0.827807 0.889435 0.769408 0.975879 0.752861 0.541295
0.144049 0.000000 0.337931 0.378518 0.710318 0.741874 0.751880 0.601850 0.548244 0.646851 0.419704 0.284179 0.324244 0.320553 0.456559 0.586770 0.260310 0.243797 0.254011 0.205636 0.491383 0.985439 0.519233 0.348441 0.386142 0.593781 0.442821 0.704549 0.517553 0.488570 0.792850 0.569670 0.358362 0.399342 0.796471 0.874040 0.637343 0.665464 0.748090 0.788729 0.705851 0.651357 0.995152 0.797730 0.778849 0.995521 0.555051 0.621476 0.917109 0.791705 0.890482 0.795919 0.893018 0.597205 0.405825 0.498970 0.143775 0.145198 0.403868 0.365613 0.420238 0.560569 0.295395 0.276663 0.298189 0.411300 0.717287 0.862843 0.280238 0.302417 0.679875 0.460126 0.994932 0.891767 0.788964 0.972686 0.984717 0.824485 0.445607 0.363841 0.233734 0.290210 0.375513 0.259730 0.259323 0.194193 0.948869 0.620570 0.508449 0.278995 0.329074 0.423924 0.375444 0.415986 0.958613 0.970682 0.959586 0.924714 0.793290 0.907163 0.562118 0.753702 0.970929 0.778371 0.883480 0.823598 0.841988 0.867697 0.781925 0.840598 0.823140 0.899089 0.814934 0.999998 0.726394 0.537748
0.373285 0.337931 0.000000 0.224349 0.716608 0.854595 0.657851 0.479317 0.767456 0.800699 0.652406 0.491992 0.443347 0.488530 0.601366 0.600466 0.511721 0.485778 0.402231 0.435329 0.475520 0.999178 0.565370 0.430158 0.359052 0.466461 0.527241 0.825889 0.687727 0.685776 0.708232 0.542405 0.493839 0.498395 0.757512 0.868878 0.542429 0.615744 0.724781 0.667261 0.846213 0.587550 0.901020 0.743229 0.839195 0.991105 0.655440 0.703275 0.973013 0.802014 0.874606 0.805243 0.957453 0.758420 0.509698 0.643828 0.320610 0.330978 0.524217 0.464594 0.533299 0.523162 0.530961 0.489687 0.383897 0.425772 0.696984 0.827404 0.434170 0.412083 0.922884 0.707065 0.879751 0.926898 0.894136 0.880123 0.846932 0.942664 0.549982 0.538867 0.523229 0.552926 0.590217 0.547639 0.536150 0.371672 0.955943 0.942113 0.573169 0.467475 0.543958 0.619141 0.602574 0.577382 0.928615 0.996215 0.816509 0.863365 0.989465 0.933782 0.617188 0.863492 0.983619 0.828153 0.817653 0.757342 0.677218 0.933613 0.921131 0.839733 0.794105 0.941463 0.976090 0.873954 0.621147 0.679571
0.445070 0.378518 0.224349 0.000000 0.779143 0.971604 0.548252 0.318966 0.862180 0.985722 0.839927 0.591454 0.549546 0.529175 0.684916 0.553758 0.619419 0.614809 0.483225 0.588909 0.569005 0.970691 0.506105 0.410222 0.451061 0.469356 0.615061 0.857781 0.834559 0.794798 0.588392 0.488455 0.479268 0.475039 0.686612 0.893988 0.489589 0.635795 0.717413 0.655762 0.919882 0.572967 0.789454 0.660136 0.949493 0.885117 0.620904 0.653197 0.867929 0.699881 0.700758 0.613880 0.837331 0.977816 0.558037 0.618376 0.369709 0.389528 0.411025 0.363392 0.555327 0.475628 0.555052 0.500461 0.553078 0.468799 0.607171 0.683782 0.577490 0.380624 0.954978 0.759243 0.812783 0.883401 0.845286 0.877238 0.724280 0.907590 0.510456 0.560899 0.600442 0.699775 0.680669 0.622764 0.637815 0.413129 0.810216 0.994853 0.566060 0.490288 0.614115 0.696581 0.658868 0.625310 0.862058 0.962010 0.771538 0.772545 0.890638 0.820739 0.675831 0.985672 0.987417 0.753268 0.785941 0.682886 0.599766 0.919334 0.960969 0.813383 0.800703 0.966103 0.883516 0.790205 0.536297 0.764308
0.691632 0.710318 0.716608 0.779143 0.000000 0.730202 0.838961 0.965635 0.649158 0.653692 0.889496 0.857463 0.911153 0.912380 0.941619 0.919445 0.818339 0.817990 0.779339 0.712822 0.752656 0.974759 0.968660 0.910371 0.708234 0.814355 0.914632 0.988622 0.925397 0.994000 0.956804 0.944420 0.896483 0.977588 0.911900 0.697722 0.808713 0.849653 0.777728 0.967563 0.890235 0.887293 0.938504 0.996278 0.777797 0.890238 0.884111 0.900163 0.883476 0.929508 0.836994 0.877230 0.678040 0.593394 0.936239 0.956132 0.699458 0.741169 0.837030 0.823637 0.981646 0.897074 0.932423 0.888908 0.757782 0.949976 0.965748 0.944288 0.589359 0.651397 0.761173 0.767954 0.765183 0.681484 0.848570 0.943872 0.968068 0.812837 0.862067 0.821737 0.759570 0.741095 0.841783 0.765882 0.837697 0.754334 0.914326 0.961026 0.837838 0.781366 0.752077 0.721604 0.864668 0.725695 0.964981 0.977308 0.770309 0.962348 0.857212 0.883139 0.714075 0.691851 0.841190 0.948595 0.990032 0.917191 0.943235 0.992611 0.878705 0.849892 0.925069 0.777743 0.879160 0.970914 0.978782 0.751103
0.738740 0.741874 0.854595 0.971604 0.730202 0.000000 0.759493 0.769978 0.623781 0.634107 0.711738 0.772652 0.917098 0.861502 0.938806 0.893389 0.772644 0.755215 0.774885 0.721547 0.877175 0.930977 0.940738 0.882262 0.832038 0.916266 0.830738 0.993782 0.913380 0.885291 0.806233 0.884805 0.936380 0.971883 0.968424 0.895509 0.955971 0.842471 0.970410 0.894115 0.752234 0.775295 0.746658 0.773565 0.730568 0.848897 0.978262 0.992802 0.881776 0.850560 0.768931 0.766264 0.648289 0.552282 0.963706 0.923741 0.736688 0.740016 0.912460 0.924537 0.957599 0.861084 0.874848 0.873433 0.721903 0.985087 0.971199 0.836027 0.662397 0.843433 0.698078 0.698250 0.612285 0.648462 0.940046 0.835279 0.720847 0.672089 0.974008 0.934042 0.803949 0.720937 0.811853 0.706177 0.771850 0.800134 0.814626 0.877956 0.974797 0.846511 0.625596 0.751442 0.751591 0.816063 0.985649 0.813915 0.942642 0.969546 0.741998 0.726664 0.747931 0.833330 0.919609 0.956274 0.832034 0.777310 0.862054 0.749299 0.764287 0.915219 0.872387 0.861547 0.752414 0.766681 0.821061 0.760747
0.782260 0.751880 0.657851 0.548252 0.838961 0.759493 0.000000 0.222914 0.799360 0.498898 0.949385 0.804174 0.715913 0.780290 0.726568 0.739231 0.822156 0.848130 0.595119 0.860781 0.840370 0.971606 0.358808 0.776357 0.976119 0.920836 0.941825 0.967142 0.637759 0.818125 0.419432 0.498941 0.448611 0.407541 0.747530 0.996897 0.813242 0.844460 0.773934 0.902868 0.922581 0.748163 0.405039 0.381151 0.453311 0.422307 0.470048 0.507376 0.399626 0.332152 0.271744 0.281982 0.350190 0.493185 0.571836 0.525879 0.694617 0.732051 0.410121 0.441345 0.434575 0.366970 0.511282 0.517802 0.880173 0.724145 0.351515 0.355075 0.938653 0.791981 0.605257 0.880414 0.466472 0.465787 0.775810 0.549771 0.529814 0.537929 0.517375 0.700669 0.787438 0.980443 0.823074 0.966030 0.759799 0.777168 0.664090 0.980715 0.728807 0.779149 0.872748 0.789371 0.996678 0.982484 0.676491 0.768070 0.648804 0.732928 0.452360 0.422140 0.809494 0.582817 0.701730 0.644282 0.502944 0.462062 0.529528 0.692982 0.887873 0.898094 0.662254 0.531319 0.492738 0.599760 0.387085 0.916522
0.658911 0.601850 0.479317 0.318966 0.965635 0.769978 0.222914 0.000000 0.815219 0.605035 0.984536 0.686133 0.602582 0.644922 0.666377 0.529508 0.768073 0.781473 0.594862 0.798333 0.738420 0.978548 0.389235 0.578048 0.819957 0.749667 0.823135 0.891859 0.720233 0.804676 0.461618 0.497905 0.457861 0.408776 0.725836 0.925862 0.681530 0.716444 0.979720 0.808024 0.941611 0.665278 0.567507 0.511890 0.705919 0.640713 0.565633 0.630401 0.614317 0.497565 0.407597 0.372067 0.486313 0.634739 0.589641 0.630198 0.563937 0.588112 0.421230 0.407688 0.391993 0.282184 0.501749 0.464336 0.751366 0.532790 0.485526 0.487421 0.931623 0.615540 0.703751 0.993598 0.558491 0.596847 0.740029 0.677078 0.605045 0.673811 0.511611 0.674798 0.752729 0.957144 0.796829 0.877953 0.756396 0.645010 0.696128 0.935371 0.617949 0.726774 0.905281 0.953592 0.821852 0.813176 0.795727 0.943395 0.747907 0.796291 0.654595 0.600743 0.961050 0.758850 0.879612 0.739294 0.617039 0.609382 0.526214 0.779339 0.925505 0.871509 0.753415 0.772423 0.660489 0.671222 0.436874 0.919923
0.530502 0.548244 0.767456 0.862180 0.649158 0.623781 0.799360 0.815219 0.000000 0.498375 0.626869 0.650561 0.780451 0.597639 0.858606 0.988121 0.505740 0.486744 0.577570 0.487961 0.744505 0.883784 0.936208 0.649357 0.548786 0.645589 0.671868 0.889868 0.797095 0.709491 0.919814 0.859851 0.738759 0.780283 0.938078 0.950768 0.774589 0.853895 0.818239 0.988064 0.845739 0.993250 0.940055 0.930051 0.813995 0.957212 0.742287 0.713076 0.994570 0.959907 0.868809 0.924051 0.774930 0.603578 0.663651 0.623510 0.553866 0.565976 0.713241 0.757394 0.982939 0.903255 0.740617 0.719104 0.710617 0.828875 0.903975 0.984915 0.465415 0.570561 0.621954 0.647437 0.859253 0.817482 0.990810 0.976264 0.901285 0.734968 0.714705 0.581254 0.463535 0.397165 0.556570 0.379246 0.563585 0.526488 0.773896 0.579394 0.697225 0.474721 0.576782 0.696298 0.669810 0.734609 0.990060 0.866468 0.955680 0.927422 0.792415 0.937728 0.781357 0.798744 0.891234 0.747533 0.930886 0.905362 0.981252 0.945056 0.745029 0.829810 0.856450 0.986066 0.735495 0.950371 0.964472 0.722522
0.594832 0.646851 0.800699 0.985722 0.653692 0.634107 0.498898 0.605035 0.498375 0.000000 0.532402 0.723290 0.750937 0.754304 0.908048 0.909026 0.699225 0.626117 0.851107 0.586735 0.764359 0.967403 0.746455 0.733449 0.573365 0.795191 0.658376 0.741313 0.944070 0.860416 0.505675 0.774327 0.899949 0.826554 0.903971 0.951375 0.915816 0.803419 0.763306 0.979916 0.762994 0.978194 0.464783 0.567250 0.318318 0.406562 0.781564 0.785459 0.478457 0.521604 0.397639 0.459684 0.345150 0.266937 0.926495 0.951585 0.691662 0.660300 0.888801 0.985465 0.934233 0.763579 0.969103 0.950568 0.581355 0.717149 0.646633 0.501661 0.447681 0.715136 0.387314 0.543097 0.593597 0.526580 0.848393 0.657278 0.543164 0.494850 0.931239 0.845702 0.656090 0.438605 0.715544 0.507899 0.631975 0.573608 0.633414 0.581351 0.824492 0.648414 0.545331 0.542855 0.754276 0.765453 0.703647 0.930089 0.772290 0.725453 0.412979 0.492034 0.637360 0.537235 0.717233 0.824455 0.742582 0.747152 0.754759 0.675326 0.675960 0.934823 0.872849 0.567572 0.399838 0.702866 0.682584 0.634738
0.361014 0.419704 0.652406 0.839927 0.889496 0.711738 0.949385 0.984536 0.626869 0.532402 0.000000 0.271299 0.298197 0.335587 0.399241 0.617277 0.312837 0.242936 0.487460 0.318733 0.651144 0.878673 0.886178 0.584438 0.596581 0.880749 0.545310 0.677511 0.442150 0.351132 0.817745 0.906694 0.670300 0.695510 0.902896 0.954723 0.868684 0.826634 0.927963 0.899267 0.614376 0.990139 0.618317 0.757253 0.575709 0.667042 0.935143 0.965006 0.744991 0.825301 0.701456 0.749468 0.629105 0.413030 0.574531 0.769145 0.407682 0.373718 0.914853 0.864053 0.435854 0.617971 0.446472 0.436698 0.261279 0.386778 0.854210 0.771675 0.438113 0.691987 0.494773 0.538759 0.868812 0.825142 0.800973 0.858939 0.575786 0.696299 0.765391 0.593573 0.376372 0.317536 0.425647 0.344027 0.359485 0.410358 0.557414 0.611398 0.649983 0.600703 0.361771 0.395340 0.335272 0.507496 0.775270 0.910327 0.720061 0.642205 0.452879 0.557723 0.606850 0.633123 0.776588 0.935802 0.822486 0.828147 0.770080 0.686237 0.704876 0.886559 0.956694 0.692952 0.542697 0.681093 0.993721 0.534106
0.268435 0.284179 0.491992 0.591454 0.857463 0.772652 0.804174 0.686133 0.650561 0.723290 0.271299 0.000000 0.196159 0.198933 0.279740 0.409760 0.212050 0.198559 0.314857 0.256034 0.550935 0.919348 0.564599 0.423523 0.468971 0.710667 0.452771 0.720690 0.375340 0.293905 0.855249 0.626662 0.431353 0.432083 0.835062 0.924226 0.698175 0.692264 0.816309 0.754002 0.644775 0.845933 0.842909 0.966346 0.762136 0.898759 0.683117 0.786225 0.955936 0.920812 0.986670 0.940166 0.867624 0.607841 0.378652 0.582866 0.277591 0.230684 0.668182 0.621182 0.283860 0.416887 0.251243 0.214695 0.270591 0.320094 0.918503 0.987306 0.378978 0.474442 0.676154 0.584457 0.975894 0.982402 0.682734 0.961884 0.842507 0.829939 0.548585 0.409261 0.268612 0.307600 0.312788 0.296768 0.283385 0.283780 0.736183 0.612507 0.487830 0.463449 0.316912 0.387659 0.278477 0.355119 0.843300 0.892354 0.826487 0.747859 0.651837 0.741255 0.618315 0.759893 0.971012 0.855780 0.971797 0.974588 0.988082 0.732823 0.707947 0.883123 0.883918 0.798515 0.694140 0.796969 0.754730 0.528775
0.292385 0.324244 0.443347 0.549546 0.911153 0.917098 0.715913 0.602582 0.780451 0.750937 0.298197 0.196159 0.000000 0.233661 0.293472 0.393475 0.313216 0.263219 0.358938 0.335850 0.593764 0.949134 0.556004 0.385420 0.495918 0.672555 0.464234 0.757166 0.422332 0.388347 0.885531 0.615234 0.478996 0.470211 0.844476 0.911059 0.782767 0.736183 0.924503 0.787054 0.621242 0.810343 0.867885 0.984047 0.751893 0.869581 0.712239 0.852913 0.945530 0.896818 0.970396 0.890486 0.923456 0.690856 0.379695 0.596414 0.300102 0.271595 0.659409 0.577790 0.256172 0.379842 0.274426 0.270224 0.267736 0.261428 0.895055 0.951753 0.455552 0.518089 0.675699 0.602369 0.954572 0.984702 0.717713 0.993960 0.877110 0.838689 0.593823 0.428045 0.320348 0.347143 0.398809 0.359367 0.286870 0.271481 0.699837 0.619430 0.491568 0.477924 0.427103 0.498737 0.390452 0.463416 0.831371 0.900154 0.891462 0.763816 0.719282 0.806285 0.671256 0.835724 0.915435 0.928422 0.958100 0.954958 0.960555 0.772583 0.743519 0.971957 0.880639 0.796509 0.747385 0.850657 0.727223 0.584777
0.325824 0.320553 0.488530 0.529175 0.912380 0.861502 0.780290 0.644922 0.597639 0.754304 0.335587 0.198933 0.233661 0.000000 0.292843 0.326572 0.234192 0.206795 0.338901 0.315286 0.588495 0.894817 0.546996 0.320092 0.456034 0.596584 0.477079 0.804113 0.436561 0.286881 0.810737 0.562536 0.444540 0.407296 0.850520 0.964389 0.654576 0.697770 0.789295 0.758471 0.701883 0.844336 0.911880 0.920618 0.801269 0.935772 0.673925 0.750175 0.979578 0.862493 0.958308 0.867946 0.967652 0.743816 0.363469 0.509917 0.304620 0.270372 0.639389 0.602582 0.348996 0.401308 0.297321 0.258494 0.370034 0.274521 0.862094 0.903943 0.454607 0.477828 0.742749 0.642259 0.872529 0.907313 0.726696 0.942089 0.909335 0.872573 0.534671 0.383566 0.268792 0.305075 0.306592 0.262102 0.339651 0.274229 0.709460 0.552493 0.467941 0.466965 0.367998 0.437518 0.334715 0.422463 0.945410 0.888011 0.863583 0.821393 0.710127 0.852618 0.614256 0.837213 0.974261 0.842747 0.976721 0.886572 0.912733 0.814322 0.703766 0.962078 0.848918 0.849417 0.751257 0.864259 0.732335 0.587333
0.475055 0.456559 0.601366 0.684916 0.941619 0.938806 0.726568 0.666377 0.858606 0.908048 0.399241 0.279740 0.293472 0.292843 0.000000 0.353901 0.359526 0.338295 0.467192 0.424583 0.686036 0.849986 0.556596 0.441827 0.677473 0.805672 0.590270 0.788668 0.362234 0.325744 0.818932 0.679329 0.548423 0.452730 0.888645 0.905541 0.859318 0.877925 0.894158 0.804496 0.687648 0.897873 0.990303 0.905038 0.942765 0.989474 0.717439 0.802353 0.915174 0.828270 0.873871 0.826094 0.965726 0.840920 0.412974 0.555624 0.444812 0.421849 0.745416 0.736151 0.322144 0.409037 0.375022 0.356244 0.396175 0.398175 0.909709 0.975046 0.644905 0.729687 0.745367 0.712488 0.881300 0.906170 0.691371 0.907497 0.958065 0.926899 0.595730 0.535696 0.396982 0.468789 0.473024 0.462102 0.406216 0.469479 0.759486 0.681374 0.660102 0.628264 0.538738 0.572585 0.411102 0.503125 0.922649 0.917539 0.739125 0.759964 0.802982 0.869536 0.656505 0.829242 0.981605 0.906233 0.930465 0.925298 0.904288 0.731333 0.756709 0.989492 0.927638 0.880399 0.869902 0.900930 0.736175 0.687627
0.629260 0.586770 0.600466 0.553758 0.919445 0.893389 0.739231 0.529508 0.988121 0.909026 0.617277 0.409760 0.393475 0.326572 0.353901 0.000000 0.501783 0.523514 0.649053 0.652915 0.687704 0.889204 0.601272 0.453779 0.654946 0.693215 0.715410 0.861645 0.560206 0.452525 0.721967 0.578577 0.632419 0.510614 0.914174 0.937647 0.730201 0.727032 0.856424 0.694042 0.853438 0.829196 0.960400 0.948032 0.889476 0.954396 0.843732 0.898599 0.972843 0.885962 0.855659 0.774370 0.838284 0.974705 0.565170 0.776974 0.557315 0.526663 0.778853 0.777430 0.435953 0.371920 0.498940 0.445763 0.604540 0.394645 0.979638 0.898573 0.807665 0.670336 0.956127 0.877443 0.787365 0.846663 0.613581 0.866969 0.981781 0.979552 0.675073 0.583400 0.589895 0.676353 0.558726 0.656002 0.682137 0.578010 0.834983 0.928790 0.695805 0.780101 0.555668 0.553787 0.449716 0.475927 0.923150 0.809583 0.742219 0.831776 0.813088 0.904087 0.686343 0.930812 0.925624 0.954376 0.882636 0.985487 0.848853 0.822228 0.884797 0.966332 0.994142 0.833645 0.882544 0.915621 0.735713 0.687739
0.256250 0.260310 0.511721 0.619419 0.818339 0.772644 0.822156 0.768073 0.505740 0.699225 0.312837 0.212050 0.313216 0.234192 0.359526 0.501783 0.000000 0.163907 0.263759 0.222304 0.575646 0.997238 0.572060 0.440493 0.460117 0.688285 0.507200 0.700897 0.320309 0.269353 0.817053 0.606903 0.379673 0.393871 0.849088 0.933486 0.649407 0.750380 0.835016 0.761002 0.700384 0.780838 0.967248 0.831911 0.854412 0.970866 0.553638 0.621608 0.916354 0.801499 0.937804 0.869569 0.913069 0.638329 0.363548 0.468854 0.255194 0.229972 0.576882 0.571022 0.403810 0.533698 0.281115 0.256607 0.328815 0.418315 0.806292 0.874050 0.368197 0.474915 0.709174 0.540595 0.929268 0.995094 0.757308 0.932106 0.947079 0.887939 0.483285 0.381584 0.197750 0.256995 0.274768 0.254377 0.260154 0.269274 0.788283 0.522309 0.542715 0.387602 0.361411 0.453725 0.314658 0.420335 0.990408 0.978455 0.908036 0.819375 0.747687 0.866187 0.667583 0.766840 0.939188 0.753040 0.919745 0.849132 0.941728 0.835329 0.725413 0.912533 0.866161 0.982090 0.792178 0.856064 0.777980 0.589306
0.226193 0.243797 0.485778 0.614809 0.817990 0.755215 0.848130 0.781473 0.486744 0.626117 0.242936 0.198559 0.263219 0.206795 0.338295 0.523514 0.163907 0.000000 0.263213 0.192391 0.547850 0.937646 0.606424 0.396214 0.454961 0.682284 0.508130 0.677781 0.359765 0.290166 0.907090 0.616834 0.412680 0.426985 0.886515 0.934872 0.688460 0.728594 0.831445 0.770817 0.652256 0.809285 0.889922 0.916936 0.781104 0.936113 0.635090 0.710547 0.993729 0.872234 0.970729 0.953853 0.846189 0.562908 0.354234 0.492843 0.235009 0.213420 0.608047 0.592274 0.392354 0.532369 0.274338 0.256931 0.284852 0.369451 0.845918 0.942963 0.335807 0.460198 0.642109 0.526247 0.975957 0.970290 0.802086 0.987425 0.846610 0.813205 0.494200 0.373325 0.179049 0.208136 0.294521 0.210070 0.233825 0.249381 0.724757 0.507489 0.552410 0.374535 0.335165 0.398894 0.304653 0.421212 0.977627 0.963627 0.881921 0.827210 0.681064 0.817031 0.610786 0.713562 0.991307 0.824731 0.940759 0.902072 0.989997 0.795244 0.697374 0.946270 0.875884 0.871319 0.735491 0.875795 0.783711 0.551466
0.254989 0.254011 0.402231 0.483225 0.779339 0.774885 0.595119 0.594862 0.577570 0.851107 0.487460 0.314857 0.358938 0.338901 0.467192 0.649053 0.263759 0.263213 0.000000 0.241077 0.512915 0.939298 0.343379 0.439880 0.467126 0.658934 0.515075 0.838523 0.390210 0.434841 0.607131 0.425584 0.236179 0.308021 0.697992 0.931967 0.631792 0.766192 0.857956 0.782595 0.681357 0.715483 0.787580 0.593487 0.923477 0.727148 0.364714 0.427804 0.692873 0.553296 0.720425 0.650237 0.922880 0.790884 0.311891 0.345786 0.242314 0.247106 0.378497 0.386680 0.382087 0.512520 0.228421 0.226670 0.407241 0.521932 0.525044 0.651105 0.391823 0.418530 0.872762 0.643627 0.861555 0.894659 0.819859 0.865489 0.818218 0.985793 0.378887 0.340658 0.249040 0.355146 0.330878 0.320597 0.264194 0.271591 0.923810 0.631071 0.542738 0.320342 0.514233 0.633581 0.486844 0.534782 0.816082 0.876948 0.849015 0.919905 0.959400 0.871248 0.819957 0.875464 0.756670 0.626824 0.697559 0.618687 0.797934 0.927025 0.817221 0.759435 0.678188 0.920496 0.986471 0.883945 0.570568 0.628958
0.196964 0.205636 0.435329 0.588909 0.712822 0.721547 0.860781 0.798333 0.487961 0.586735 0.318733 0.256034 0.335850 0.315286 0.424583 0.652915 0.222304 0.192391 0.241077 0.000000 0.491350 0.998001 0.580623 0.460304 0.437624 0.663011 0.445831 0.730963 0.433424 0.392277 0.835658 0.655257 0.391641 0.445095 0.882028 0.951804 0.664834 0.668732 0.788426 0.803097 0.655768 0.779109 0.939049 0.857654 0.789641 0.969959 0.600593 0.661761 0.965762 0.853778 0.995216 0.937176 0.802947 0.513632 0.391866 0.512150 0.227423 0.215160 0.568910 0.539933 0.463440 0.625529 0.307818 0.294647 0.304017 0.466372 0.804201 0.951745 0.278355 0.408271 0.645887 0.522537 0.999781 0.927101 0.810105 0.981646 0.927120 0.816291 0.502203 0.410690 0.219205 0.237892 0.346491 0.241310 0.249725 0.258408 0.842356 0.570712 0.569829 0.328517 0.353555 0.447706 0.377369 0.429853 0.989479 0.917093 0.964974 0.872398 0.733698 0.831298 0.616454 0.688951 0.987396 0.776509 0.895622 0.878418 0.953497 0.801124 0.828454 0.875305 0.864171 0.868013 0.732794 0.913147 0.802516 0.541607
0.468718 0.491383 0.475520 0.569005 0.752656 0.877175 0.840370 0.738420 0.744505 0.764359 0.651144 0.550935 0.593764 0.588495 0.686036 0.687704 0.575646 0.547850 0.512915 0.491350 0.000000 0.973525 0.693460 0.621154 0.505729 0.575692 0.621096 0.998814 0.703210 0.699629 0.771770 0.590978 0.511158 0.597889 0.987674 0.886160 0.692479 0.704580 0.823990 0.720897 0.927419 0.760560 0.941854 0.788675 0.937287 0.935065 0.688648 0.653570 0.929551 0.799171 0.928899 0.857437 0.976339 0.755118 0.522969 0.713570 0.465504 0.488055 0.615076 0.589463 0.648435 0.699592 0.553865 0.556741 0.556669 0.633837 0.763302 0.879698 0.508521 0.584708 0.881097 0.682550 0.981406 0.995453 0.888739 0.884145 0.952080 0.989705 0.645885 0.494933 0.553278 0.572937 0.516457 0.587064 0.580671 0.513107 0.929132 0.938521 0.688694 0.595632 0.605946 0.657440 0.706743 0.716803 0.959111 0.888664 0.890137 0.987530 0.967066 0.992647 0.742099 0.830929 0.949660 0.699543 0.904188 0.787561 0.882371 0.902998 0.781392 0.759875 0.882332 0.896302 0.920672 0.705062 0.683798 0.646774
0.980003 0.985439 0.999178 0.970691 0.974759 0.930977 0.971606 0.978548 0.883784 0.967403 0.878673 0.919348 0.949134 0.894817 0.849986 0.889204 0.997238 0.937646 0.939298 0.998001 0.973525 0.000000 0.831789 0.960898 0.965741 0.925909 0.875028 0.920324 0.920339 0.915828 0.868749 0.934447 0.953776 0.910015 0.965024 0.934010 0.885923 0.918528 0.982219 0.963359 0.969097 0.858097 0.793990 0.809209 0.870197 0.822273 0.783718 0.804756 0.798749 0.832438 0.853970 0.847641 0.922971 0.925674 0.975719 0.971418 0.949047 0.939052 0.937087 0.932944 0.884095 0.879468 0.967758 0.989227 0.898101 0.801727 0.836473 0.967836 0.943710 0.991311 0.878261 0.995395 0.922555 0.922892 0.923009 0.960291 0.761751 0.953714 0.925740 0.912573 0.940171 0.991403 0.978583 0.947069 0.984850 0.989388 0.997352 0.918856 0.972970 0.927083 0.919162 0.807420 0.884973 0.863509 0.796176 0.843868 0.852033 0.916003 0.789131 0.947259 0.919037 0.921670 0.898832 0.862954 0.831714 0.824039 0.903992 0.983859 0.883921 0.735572 0.968614 0.831198 0.865813 0.827982 0.991969 0.802102
0.571682 0.519233 0.565370 0.506105 0.968660 0.940738 0.358808 0.389235 0.936208 0.746455 0.886178 0.564599 0.556004 0.546996 0.556596 0.601272 0.572060 0.606424 0.343379 0.580623 0.693460 0.831789 0.000000 0.544517 0.725628 0.743908 0.738098 0.993102 0.552492 0.665314 0.351213 0.333517 0.314945 0.319853 0.626432 0.973800 0.700422 0.847585 0.974714 0.853808 0.844768 0.691649 0.488294 0.376855 0.594248 0.454681 0.295055 0.368047 0.443807 0.334932 0.383312 0.328072 0.535042 0.717235 0.382972 0.373860 0.532728 0.525323 0.370890 0.404576 0.465650 0.493180 0.357841 0.349273 0.745246 0.727644 0.397040 0.462409 0.756295 0.574950 0.777969 0.953571 0.587650 0.630290 0.723102 0.675959 0.534244 0.817865 0.423350 0.493085 0.518717 0.721152 0.604425 0.666327 0.501010 0.535110 0.863436 0.765007 0.692033 0.527471 0.837036 0.933461 0.748266 0.714697 0.760390 0.900525 0.856476 0.784939 0.645698 0.592682 0.942463 0.804852 0.622697 0.583288 0.592076 0.452685 0.643532 0.938504 0.913279 0.698952 0.693826 0.734113 0.683184 0.735126 0.424040 0.835090
0.370711 0.348441 0.430158 0.410222 0.910371 0.882262 0.776357 0.578048 0.649357 0.733449 0.584438 0.423523 0.385420 0.320092 0.441827 0.453779 0.440493 0.396214 0.439880 0.460304 0.621154 0.960898 0.544517 0.000000 0.458373 0.528136 0.575741 0.787257 0.672317 0.578493 0.867388 0.592425 0.502829 0.522929 0.810675 0.898954 0.691730 0.741324 0.779280 0.823970 0.804909 0.707146 0.970713 0.886711 0.783012 0.938770 0.666689 0.748380 0.981879 0.812328 0.874279 0.764619 0.974238 0.831713 0.433208 0.565040 0.335376 0.322891 0.520455 0.496266 0.514599 0.553342 0.431607 0.424876 0.480336 0.392088 0.772054 0.878267 0.472429 0.423145 0.742867 0.656326 0.995694 0.964357 0.847161 0.975870 0.997517 0.783455 0.602876 0.520733 0.404081 0.421591 0.473430 0.362374 0.420142 0.292035 0.878504 0.594553 0.515259 0.420510 0.475753 0.528208 0.473035 0.532898 0.956375 0.904537 0.932234 0.967591 0.847812 0.960418 0.640729 0.851066 0.982994 0.815531 0.963239 0.836959 0.906765 0.801770 0.639585 0.920866 0.824685 0.813213 0.812954 0.987430 0.841763 0.664182
0.393667 0.386142 0.359052 0.451061 0.708234 0.832038 0.976119 0.819957 0.548786 0.573365 0.596581 0.468971 0.495918 0.456034 0.677473 0.654946 0.460117 0.454961 0.467126 0.437624 0.505729 0.965741 0.725628 0.458373 0.000000 0.271248 0.431042 0.814407 0.818868 0.688901 0.867834 0.646196 0.587039 0.630149 0.664962 0.947122 0.507931 0.626998 0.545375 0.710379 0.913016 0.657217 0.909414 0.893941 0.669736 0.848407 0.704566 0.754864 0.841327 0.954825 0.880776 0.987389 0.768984 0.605976 0.596281 0.682993 0.405133 0.366369 0.680662 0.612209 0.739588 0.762856 0.636904 0.568096 0.421044 0.502718 0.887155 0.997459 0.342599 0.439312 0.779935 0.614418 0.915357 0.908336 0.856857 0.919510 0.985569 0.863070 0.693358 0.554388 0.508321 0.440852 0.556929 0.389423 0.525256 0.340450 0.876741 0.795268 0.530022 0.400029 0.406974 0.501711 0.539581 0.529826 0.909427 0.958682 0.968284 0.974115 0.770014 0.905321 0.608182 0.701290 0.950659 0.781347 0.887549 0.842632 0.892417 0.725810 0.810489 0.791772 0.890103 0.761053 0.804404 0.987455 0.782208 0.627334
0.614743 0.593781 0.466461 0.469356 0.814355 0.916266 0.920836 0.749667 0.645589 0.795191 0.880749 0.710667 0.672555 0.596584 0.805672 0.693215 0.688285 0.682284 0.658934 0.663011 0.575692 0.925909 0.743908 0.528136 0.271248 0.000000 0.563447 0.903505 0.988439 0.848416 0.734400 0.646549 0.674525 0.638771 0.667692 0.955321 0.519009 0.624561 0.587546 0.771761 0.995426 0.538096 0.894363 0.748656 0.870399 0.994982 0.680605 0.718994 0.965153 0.832825 0.942043 0.846127 0.985016 0.909630 0.645768 0.642368 0.602713 0.576919 0.681753 0.627837 0.883775 0.779392 0.778366 0.732926 0.660266 0.610698 0.793744 0.856302 0.556907 0.517187 0.984274 0.801075 0.954780 0.935996 0.938584 0.929559 0.834792 0.971666 0.712628 0.611940 0.677220 0.646362 0.748093 0.566830 0.710883 0.495716 0.981290 0.880934 0.546475 0.494784 0.666867 0.753787 0.788543 0.710011 0.998908 0.883449 0.796428 0.888098 0.955507 0.891313 0.723255 0.935631 0.929255 0.736868 0.737178 0.756396 0.794273 0.926196 0.901154 0.789793 0.918699 0.927397 0.981602 0.844139 0.708857 0.802184
0.453408 0.442821 0.527241 0.615061 0.914632 0.830738 0.941825 0.823135 0.671868 0.658376 0.545310 0.452771 0.464234 0.477079 0.590270 0.715410 0.507200 0.508130 0.515075 0.445831 0.621096 0.875028 0.738098 0.575741 0.431042 0.563447 0.000000 0.733168 0.728488 0.656542 0.881696 0.771810 0.690405 0.622813 0.869339 0.885803 0.630802 0.792642 0.740659 0.785739 0.854618 0.898890 0.903400 0.961121 0.747317 0.867240 0.769007 0.810348 0.890113 0.990194 0.944196 0.966137 0.848979 0.678114 0.570166 0.733006 0.477949 0.452482 0.761795 0.653948 0.607470 0.676465 0.596758 0.548611 0.451591 0.484574 0.899720 0.987362 0.522366 0.646646 0.762295 0.667192 0.968640 0.985871 0.689049 0.866450 0.988735 0.842566 0.746293 0.624556 0.567014 0.484062 0.599767 0.502609 0.484984 0.389605 0.820517 0.754226 0.573331 0.525055 0.496166 0.653608 0.585522 0.703319 0.899512 0.978881 0.953363 0.877681 0.801567 0.830554 0.617262 0.812110 0.986019 0.815674 0.921096 0.853445 0.980678 0.758020 0.956036 0.945626 0.751062 0.839674 0.775766 0.913969 0.771141 0.796320
0.691550 0.704549 0.825889 0.857781 0.988622 0.993782 0.967142 0.891859 0.889868 0.741313 0.677511 0.720690 0.757166 0.804113 0.788668 0.861645 0.700897 0.677781 0.838523 0.730963 0.998814 0.920324 0.993102 0.787257 0.814407 0.903505 0.733168 0.000000 0.825352 0.774319 0.802014 0.909799 0.945454 0.888118 0.904704 0.999375 0.814741 0.789623 0.959991 0.871818 0.846311 0.793573 0.863391 0.932770 0.760723 0.788276 0.968064 0.956875 0.838465 0.851524 0.860560 0.886912 0.912045 0.754752 0.878592 0.982166 0.691475 0.668260 0.933530 0.910421 0.751164 0.756063 0.831926 0.760054 0.600135 0.603326 0.925934 0.873549 0.777287 0.743054 0.890899 0.876260 0.993030 0.997389 0.853089 0.891205 0.754665 0.864424 0.883615 0.903603 0.761003 0.703773 0.874150 0.753283 0.731595 0.697078 0.891020 0.845380 0.887606 0.718104 0.714632 0.701405 0.697707 0.807452 0.873882 0.976220 0.783108 0.852443 0.748251 0.815370 0.781933 0.778983 0.955562 0.961154 0.940165 0.897081 0.834758 0.908466 0.925677 0.869493 0.963295 0.853487 0.845772 0.895350 0.989313 0.824320
0.508554 0.517553 0.687727 0.834559 0.925397 0.913380 0.637759 0.720233 0.797095 0.944070 0.442150 0.375340 0.422332 0.436561 0.362234 0.560206 0.320309 0.359765 0.390210 0.433424 0.703210 0.920339 0.552492 0.672317 0.818868 0.988439 0.728488 0.825352 0.000000 0.258829 0.745436 0.647576 0.424300 0.373724 0.960437 0.971683 0.864132 0.872223 0.946695 0.825473 0.745359 0.841294 0.862529 0.737434 0.851767 0.770695 0.558089 0.627367 0.720441 0.685816 0.772667 0.774917 0.881723 0.917789 0.433658 0.525331 0.504623 0.495005 0.687552 0.743265 0.357731 0.471609 0.343710 0.347271 0.516895 0.588269 0.726201 0.783657 0.699183 0.725320 0.966615 0.857546 0.762995 0.740190 0.760839 0.836552 0.935759 0.895519 0.555309 0.508340 0.398746 0.546413 0.410711 0.563957 0.471282 0.596290 0.851519 0.697811 0.695574 0.660243 0.668362 0.732755 0.472648 0.626847 0.937363 0.933593 0.964613 0.883807 0.951524 0.985281 0.954234 0.971227 0.845779 0.800377 0.867595 0.807900 0.848300 0.970834 0.823000 0.896597 0.847806 0.904809 0.997461 0.986734 0.711667 0.778247
0.477846 0.488570 0.685776 0.794798 0.994000 0.885291 0.818125 0.804676 0.709491 0.860416 0.351132 0.293905 0.388347 0.286881 0.325744 0.452525 0.269353 0.290166 0.434841 0.392277 0.699629 0.915828 0.665314 0.578493 0.688901 0.848416 0.656542 0.774319 0.258829 0.000000 0.808521 0.679384 0.514410 0.430213 0.996973 0.946869 0.697395 0.709537 0.846525 0.824668 0.769401 0.864395 0.880942 0.934088 0.893126 0.996223 0.714518 0.769490 0.995459 0.908814 0.998415 0.960301 0.934136 0.755700 0.458352 0.580590 0.490676 0.440987 0.803477 0.834844 0.375079 0.446366 0.377646 0.339634 0.473930 0.447085 0.932575 0.932976 0.602237 0.674623 0.814950 0.769144 0.840033 0.848472 0.778948 0.919482 0.857075 0.933241 0.599048 0.484320 0.374368 0.483447 0.365259 0.448087 0.501132 0.523433 0.714071 0.654029 0.618832 0.641498 0.461923 0.488403 0.351905 0.464422 0.932998 0.976148 0.826178 0.806705 0.701753 0.795389 0.817286 0.820581 0.987083 0.907830 0.982493 0.940209 0.952608 0.790133 0.780332 0.984366 0.949859 0.914821 0.792041 0.825269 0.850384 0.751004
0.881351 0.792850 0.708232 0.588392 0.956804 0.806233 0.419432 0.461618 0.919814 0.505675 0.817745 0.855249 0.885531 0.810737 0.818932 0.721967 0.817053 0.907090 0.607131 0.835658 0.771770 0.868749 0.351213 0.867388 0.867834 0.734400 0.881696 0.802014 0.745436 0.808521 0.000000 0.362813 0.446625 0.370205 0.652175 0.859992 0.591215 0.818678 0.912456 0.877503 0.947327 0.740937 0.411749 0.324599 0.459223 0.360329 0.344355 0.373684 0.449531 0.347714 0.342251 0.319603 0.434840 0.526435 0.608413 0.525052 0.809980 0.811578 0.505838 0.588336 0.699133 0.593201 0.619472 0.596476 0.966492 0.977830 0.416105 0.375866 0.955927 0.790308 0.554121 0.844519 0.550032 0.538090 0.824524 0.625889 0.396856 0.605603 0.482294 0.681464 0.819009 0.900542 0.868829 0.986198 0.893821 0.854344 0.632822 0.913610 0.834009 0.789430 0.994213 0.902628 0.948460 0.855033 0.650010 0.836442 0.709911 0.722667 0.475554 0.463268 0.902320 0.747186 0.565993 0.618391 0.599380 0.432686 0.578229 0.790822 0.760658 0.748719 0.731753 0.587065 0.523072 0.653376 0.436311 0.907923
0.617289 0.569670 0.542405 0.488455 0.944420 0.884805 0.498941 0.497905 0.859851 0.774327 0.906694 0.626662 0.615234 0.562536 0.679329 0.578577 0.606903 0.616834 0.425584 0.655257 0.590978 0.934447 0.333517 0.592425 0.646196 0.646549 0.771810 0.909799 0.647576 0.679384 0.362813 0.000000 0.359854 0.352060 0.706674 0.978873 0.633178 0.740454 0.874682 0.759359 0.997804 0.704702 0.626821 0.478348 0.676077 0.530827 0.356101 0.393484 0.573562 0.441080 0.500568 0.430313 0.601030 0.790221 0.470943 0.487167 0.536151 0.546961 0.404219 0.465641 0.584604 0.563994 0.447972 0.450183 0.806031 0.760519 0.481373 0.446903 0.740206 0.581121 0.846768 0.949243 0.659918 0.732618 0.760128 0.737565 0.651136 0.869565 0.453733 0.442383 0.552928 0.759549 0.558809 0.698732 0.635226 0.589519 0.814064 0.956763 0.739173 0.586782 0.780193 0.824289 0.735295 0.686526 0.775372 0.971737 0.784780 0.811163 0.703980 0.623100 0.928266 0.902309 0.646808 0.591372 0.760477 0.460650 0.724598 0.924773 0.975874 0.734043 0.663097 0.796875 0.678343 0.685466 0.482179 0.914121
0.362829 0.358362 0.493839 0.479268 0.896483 0.936380 0.448611 0.457861 0.738759 0.899949 0.670300 0.431353 0.478996 0.444540 0.548423 0.632419 0.379673 0.412680 0.236179 0.391641 0.511158 0.953776 0.314945 0.502829 0.587039 0.674525 0.690405 0.945454 0.424300 0.514410 0.446625 0.359854 0.000000 0.253491 0.682237 0.909133 0.634680 0.771786 0.944042 0.794015 0.841184 0.668740 0.615042 0.449568 0.730681 0.553093 0.287636 0.353486 0.530502 0.416579 0.506856 0.452207 0.695305 0.949599 0.345886 0.335714 0.325528 0.343456 0.308874 0.339587 0.398269 0.455794 0.259585 0.258785 0.560497 0.612758 0.429062 0.512898 0.545017 0.441548 0.992514 0.766564 0.711710 0.744451 0.813977 0.720232 0.715835 0.836099 0.307992 0.369093 0.349205 0.544909 0.421768 0.454769 0.395806 0.396417 0.834724 0.715294 0.576349 0.418257 0.626358 0.772794 0.588225 0.630148 0.774652 0.875018 0.758524 0.891826 0.777895 0.708854 0.917098 0.954175 0.695593 0.537513 0.582859 0.523138 0.747058 0.937613 0.856829 0.735921 0.695496 0.764746 0.816908 0.731173 0.524225 0.775653
0.458627 0.399342 0.498395 0.475039 0.977588 0.971883 0.407541 0.408776 0.780283 0.826554 0.695510 0.432083 0.470211 0.407296 0.452730 0.510614 0.393871 0.426985 0.308021 0.445095 0.597889 0.910015 0.319853 0.522929 0.630149 0.638771 0.622813 0.888118 0.373724 0.430213 0.370205 0.352060 0.253491 0.000000 0.651668 0.910294 0.554222 0.691524 0.862204 0.832556 0.897873 0.625189 0.597227 0.429229 0.715252 0.570188 0.315291 0.392644 0.570187 0.447537 0.502843 0.454442 0.632860 0.865394 0.372856 0.338374 0.405854 0.418808 0.394729 0.460384 0.373619 0.363534 0.285512 0.253864 0.603209 0.559130 0.461304 0.527650 0.682816 0.537611 0.864485 0.879133 0.649625 0.646185 0.753833 0.701184 0.657047 0.747879 0.350938 0.395099 0.406777 0.626672 0.467739 0.544091 0.493801 0.471485 0.852396 0.785718 0.568660 0.481143 0.643549 0.752948 0.580558 0.588060 0.797847 0.851636 0.838757 0.883290 0.773019 0.689366 0.867261 0.930915 0.733342 0.611571 0.662627 0.545425 0.607650 0.944912 0.954532 0.765173 0.743663 0.766942 0.807904 0.780477 0.433346 0.869409
0.837159 0.796471 0.757512 0.686612 0.911900 0.968424 0.747530 0.725836 0.938078 0.903971 0.902896 0.835062 0.844476 0.850520 0.888645 0.914174 0.849088 0.886515 0.697992 0.882028 0.987674 0.965024 0.626432 0.810675 0.664962 0.667692 0.869339 0.904704 0.960437 0.996973 0.652175 0.706674 0.682237 0.651668 0.000000 0.997996 0.664581 0.959478 0.801952 0.863023 0.897156 0.720006 0.638205 0.556669 0.778143 0.712073 0.576808 0.644579 0.767483 0.633593 0.695180 0.688282 0.747987 0.837660 0.719410 0.596933 0.811709 0.808669 0.695077 0.712847 0.874809 0.834797 0.774817 0.735843 0.889960 0.906677 0.634967 0.687745 0.893760 0.802231 0.841871 0.941910 0.861745 0.745059 0.999056 0.786594 0.620444 0.735771 0.789548 0.783790 0.812932 0.889562 0.941230 0.820880 0.811279 0.756276 0.873374 0.986656 0.605440 0.704892 0.966609 0.999889 0.945649 0.854860 0.825993 0.993708 0.769223 0.870389 0.749968 0.649628 0.995259 0.979734 0.599628 0.640632 0.594712 0.709975 0.740816 0.979199 0.943783 0.691082 0.694300 0.793544 0.800001 0.897460 0.549665 0.995899
0.852858 0.874040 0.868878 0.893988 0.697722 0.895509 0.996897 0.925862 0.950768 0.951375 0.954723 0.924226 0.911059 0.964389 0.905541 0.937647 0.933486 0.934872 0.931967 0.951804 0.886160 0.934010 0.973800 0.898954 0.947122 0.955321 0.885803 0.999375 0.971683 0.946869 0.859992 0.978873 0.909133 0.910294 0.997996 0.000000 0.800915 0.860485 0.969478 0.851168 0.785586 0.824780 0.999817 0.947736 0.932963 0.986203 0.995404 0.922324 0.921508 0.962741 0.985887 0.973785 0.913915 0.847426 0.962940 0.922816 0.816781 0.849225 0.909721 0.848746 0.933184 0.999639 0.944771 0.951228 0.837234 0.955835 0.973905 0.915574 0.794413 0.901762 0.882105 0.729871 0.839967 0.879794 0.902515 0.978219 0.989292 0.850747 0.983017 0.972391 0.853568 0.855721 0.925447 0.901575 0.878656 0.939836 0.924080 0.960426 0.920609 0.968597 0.920334 0.903435 0.889597 0.878131 0.862913 0.719796 0.865012 0.724669 0.929074 0.892994 0.748440 0.839367 0.782353 0.823390 0.928315 0.877026 0.908294 0.985270 0.868535 0.947391 0.953731 0.946473 0.995118 0.994739 0.911615 0.795191
0.654640 0.637343 0.542429 0.489589 0.808713 0.955971 0.813242 0.681530 0.774589 0.915816 0.868684 0.698175 0.782767 0.654576 0.859318 0.730201 0.649407 0.688460 0.631792 0.664834 0.692479 0.885923 0.700422 0.691730 0.507931 0.519009 0.630802 0.814741 0.864132 0.697395 0.591215 0.633178 0.634680 0.554222 0.664581 0.800915 0.000000 0.543872 0.574524 0.688532 0.937816 0.722508 0.903465 0.726676 0.945411 0.932493 0.686898 0.667931 0.965411 0.863825 0.918326 0.851669 0.974144 0.960442 0.658117 0.688951 0.658384 0.634323 0.725337 0.735718 0.796348 0.711214 0.700195 0.621648 0.764788 0.678948 0.740331 0.756982 0.688695 0.562599 0.861938 0.942714 0.688040 0.774985 0.921472 0.923097 0.847672 0.912547 0.660304 0.723932 0.704959 0.768227 0.697113 0.704412 0.787527 0.602923 0.928620 0.929290 0.580854 0.620262 0.653672 0.679135 0.671734 0.659109 0.896332 0.913950 0.917583 0.862298 0.988914 0.921566 0.841096 0.942284 0.795736 0.624464 0.763981 0.705383 0.784953 0.987513 0.939505 0.870480 0.919630 0.985304 0.994354 0.902485 0.656341 0.938667
0.684967 0.665464 0.615744 0.635795 0.849653 0.842471 0.844460 0.716444 0.853895 0.803419 0.826634 0.692264 0.736183 0.697770 0.877925 0.727032 0.750380 0.728594 0.766192 0.668732 0.704580 0.918528 0.847585 0.741324 0.626998 0.624561 0.792642 0.789623 0.872223 0.709537 0.818678 0.740454 0.771786 0.691524 0.959478 0.860485 0.543872 0.000000 0.693332 0.892762 0.891952 0.618538 0.883025 0.970173 0.766124 0.827494 0.949890 0.971579 0.791145 0.893847 0.893215 0.941059 0.928729 0.828458 0.841041 0.907177 0.696920 0.642121 0.888988 0.854745 0.749891 0.669136 0.748329 0.659192 0.736758 0.595791 0.982745 0.993830 0.662141 0.523955 0.935899 0.938213 0.856665 0.886785 0.797567 0.947403 0.968798 0.949754 0.749748 0.735975 0.759048 0.760549 0.689091 0.757595 0.844682 0.692384 0.937564 0.952476 0.607567 0.705863 0.676248 0.606519 0.731193 0.602316 0.868942 0.936074 0.967923 0.999511 0.844055 0.914399 0.893193 0.909886 0.927307 0.928797 0.926664 0.876591 0.871287 0.988131 0.847727 0.902973 0.883005 0.745784 0.740020 0.951182 0.861901 0.684206
