0.000000 0.295743 0.984863 0.799056 0.939923 0.817168 0.988736 0.878670 0.858709 0.950269 0.532661 0.424439 0.459602 0.481520 0.694546 0.560984 0.416690 0.407062 0.410721 0.348086 0.915372 0.759115 0.759583 0.804244 0.792791 0.840638 0.782853 0.966964 0.629645 0.563291 0.931168 0.924734 0.806535 0.808697 0.967968 0.932161 0.729185 0.598509 0.931743 0.633309 0.814870 0.888689 0.799415 0.720601 0.992031 0.777857 0.563042 0.616168 0.706443 0.500503 0.679396 0.493352 0.805335 0.951999 0.785376 0.759575 0.369113 0.322811 0.587623 0.519150 0.802882 0.826045 0.654701 0.545053 0.956164 0.943036 0.904989 0.958489 0.369930 0.393309 0.949021 0.976149 0.858418 0.669437 0.782185 0.928529 0.800811 0.884440 0.639934 0.568647 0.337969 0.320080 0.494746 0.429996 0.582679 0.702656 0.845809 0.830118 0.899767 0.600734 0.905607 0.935454 0.831989 0.888669 0.928876 0.933545 0.899750 0.907783 0.791776 0.901295 0.810879 0.952618 0.647385 0.745233 0.952253 0.897774 0.985409 0.970097 0.858243 0.785371 0.933546 0.910497 0.960908 0.805162 0.800680 0.931725
0.295743 0.000000 0.999407 0.839371 0.892609 0.737716 0.936253 0.881979 0.865269 0.953126 0.562759 0.435408 0.570701 0.547766 0.825574 0.617741 0.411536 0.367811 0.390301 0.366364 0.874587 0.802975 0.805640 0.851786 0.833760 0.764520 0.800193 0.874066 0.628088 0.623155 0.906592 0.907782 0.832755 0.764901 0.930995 0.980031 0.830057 0.569169 0.977363 0.701983 0.868171 0.944627 0.687865 0.601619 0.870548 0.655886 0.563423 0.611621 0.591397 0.397837 0.559618 0.416531 0.697603 0.869808 0.844523 0.768121 0.252089 0.239697 0.589353 0.497018 0.853302 0.877792 0.652387 0.544594 0.913202 0.865009 0.915932 0.951518 0.511521 0.404450 0.941402 0.980606 0.991551 0.765662 0.886343 0.971924 0.764807 0.866157 0.616100 0.564435 0.344457 0.350580 0.563443 0.408902 0.621652 0.759443 0.937225 0.851035 0.925384 0.679876 0.922363 0.997557 0.899026 0.891259 0.885279 0.987893 0.993562 0.873749 0.826474 0.835849 0.889137 0.927294 0.601643 0.769377 0.970800 0.958553 0.953547 0.953912 0.996403 0.733989 0.777168 0.877372 0.843175 0.668841 0.799075 0.935975
0.984863 0.999407 0.000000 0.424392 0.902629 0.806278 0.480339 0.519280 0.488296 0.899378 0.879599 0.986521 0.792130 0.843417 0.942644 0.873398 0.878997 0.856638 0.824840 0.944757 0.918802 0.973372 0.654346 0.740478 0.638791 0.502573 0.874107 0.944023 0.929163 0.931983 0.676895 0.723153 0.632397 0.682073 0.753730 0.834269 0.761423 0.998464 0.937437 0.970822 0.965458 0.995574 0.714256 0.739185 0.741508 0.770655 0.661764 0.749550 0.850603 0.963625 0.961861 0.934063 0.865712 0.886346 0.936948 0.876949 0.998652 0.879448 0.884145 0.904331 0.495506 0.524477 0.915614 0.913677 0.418909 0.356613 0.579472 0.519531 0.970682 0.933909 0.743863 0.745259 0.757496 0.769912 0.889929 0.901887 0.782994 0.801755 0.891768 0.892322 0.836618 0.909341 0.993358 0.868723 0.825513 0.697330 0.969193 0.911309 0.929558 0.979949 0.646548 0.819459 0.724567 0.851903 0.849181 0.967475 0.835558 0.954066 0.678600 0.717737 0.720992 0.908537 0.998482 0.825610 0.713428 0.880805 0.874783 0.833772 0.758479 0.940889 0.806917 0.843779 0.776165 0.862522 0.757818 0.993063
0.799056 0.839371 0.424392 0.000000 0.961567 0.857005 0.522415 0.381310 0.508708 0.747313 0.881728 0.745767 0.652630 0.641525 0.801766 0.622231 0.979462 0.989680 0.668109 0.825911 0.981664 0.857520 0.454317 0.629018 0.736253 0.648452 0.899363 0.981364 0.998761 0.950971 0.667975 0.607250 0.631535 0.684267 0.768745 0.830667 0.735608 0.945313 0.925277 0.921079 0.936364 0.972549 0.538913 0.523532 0.692710 0.601694 0.532478 0.586421 0.950832 0.745105 0.671577 0.664058 0.653640 0.624651 0.892156 0.995726 0.886685 0.968039 0.712161 0.746639 0.512419 0.429620 0.985620 0.868632 0.549050 0.460782 0.598175 0.564831 0.887488 0.927256 0.660954 0.632924 0.800151 0.798032 0.896230 0.913227 0.665439 0.795797 0.874335 0.840278 0.935559 0.946194 0.878801 0.958095 0.812004 0.730225 0.899037 0.937904 0.768081 0.863338 0.564147 0.728468 0.644382 0.776244 0.838866 0.909862 0.700055 0.847445 0.514298 0.571556 0.597842 0.861115 0.902139 0.747630 0.580398 0.737905 0.866976 0.652862 0.672680 0.820843 0.713961 0.759572 0.701578 0.789839 0.642728 0.992468
0.939923 0.892609 0.902629 0.961567 0.000000 0.914275 0.944437 0.964395 0.920658 0.965401 0.934907 0.995392 0.953049 0.991337 0.918287 0.929395 0.964768 0.959181 0.995544 0.880874 0.975394 0.926100 0.933587 0.988937 0.898471 0.982954 0.913401 0.929025 0.968119 0.964320 0.851598 0.902045 0.932373 0.968862 0.889137 0.920683 0.973372 0.890382 0.941791 0.915998 0.888034 0.881067 0.910693 0.900833 0.863135 0.867837 0.970673 0.890078 0.826202 0.843745 0.827775 0.884895 0.935165 0.962018 0.891205 0.814829 0.890657 0.889880 0.964576 0.973935 0.859165 0.988542 0.907794 0.960211 0.918629 0.894904 0.919298 0.949714 0.899531 0.950135 0.935406 0.903692 0.990569 0.916647 0.918062 0.990115 0.929274 0.918067 0.830920 0.933339 0.972235 0.930476 0.937451 0.847117 0.974392 0.924934 0.941487 0.988991 0.837156 0.854858 0.935028 0.917583 0.902242 0.992745 0.868237 0.942116 0.930396 0.881479 0.955739 0.941664 0.984826 0.968360 0.909887 0.841262 0.974177 0.811704 0.889198 0.954914 0.911957 0.947693 0.939507 0.907014 0.974845 0.813915 0.933556 0.950501
0.817168 0.737716 0.806278 0.857005 0.914275 0.000000 0.962006 0.862192 0.780096 0.951863 0.713658 0.851574 0.962730 0.947113 0.849692 0.832253 0.659637 0.624758 0.721761 0.849537 0.841702 0.890379 0.888249 0.749968 0.809542 0.609238 0.871106 0.731493 0.742466 0.818306 0.922726 0.979074 0.940572 0.947048 0.878268 0.982476 0.869829 0.825716 0.813188 0.899348 0.998849 0.987055 0.938697 0.936332 0.921592 0.941313 0.947721 0.983930 0.974157 0.969857 0.947337 0.978000 0.793652 0.863069 0.754839 0.879756 0.608174 0.673019 0.834192 0.930272 0.887364 0.726641 0.701129 0.783455 0.791143 0.646139 0.840782 0.836034 0.907795 0.884326 0.753391 0.886154 0.799485 0.910210 0.877733 0.997821 0.951765 0.951516 0.829806 0.976426 0.765749 0.878980 0.782598 0.801644 0.858087 0.792448 0.929809 0.966754 0.966681 0.978505 0.710131 0.789099 0.743241 0.846033 0.988215 0.821265 0.663153 0.873712 0.902280 0.942087 0.869745 0.968522 0.805295 0.998373 0.926840 0.930558 0.797914 0.989323 0.956403 0.929695 0.929476 0.951645 0.895781 0.988164 0.982796 0.924781
0.988736 0.936253 0.480339 0.522415 0.944437 0.962006 0.000000 0.333314 0.545775 0.599318 0.769633 0.744412 0.950368 0.924318 0.886479 0.990988 0.880018 0.963156 0.699215 0.938010 0.940984 0.877508 0.725661 0.916908 0.976587 0.800258 0.615947 0.672972 0.810890 0.806375 0.465505 0.556115 0.410595 0.424183 0.770123 0.699868 0.892183 0.956161 0.877278 0.876644 0.951090 0.984650 0.481769 0.531012 0.404097 0.464645 0.598134 0.652950 0.809361 0.776582 0.668834 0.767298 0.684914 0.641564 0.927199 0.927765 0.957041 0.986744 0.561523 0.701452 0.335258 0.482108 0.695152 0.685909 0.847017 0.646208 0.294250 0.337228 0.892474 0.903464 0.714234 0.644156 0.761717 0.828472 0.985402 0.772724 0.625738 0.651225 0.899417 0.865005 0.943797 0.841063 0.923512 0.845002 0.894057 0.931002 0.799388 0.715389 0.844967 0.775587 0.695708 0.902472 0.752679 0.918818 0.836447 0.872423 0.879696 0.701762 0.475518 0.536659 0.467230 0.750799 0.731922 0.604139 0.648208 0.773298 0.829627 0.712495 0.827111 0.811566 0.680050 0.766232 0.629579 0.758471 0.610462 0.933440
0.878670 0.881979 0.519280 0.381310 0.964395 0.862192 0.333314 0.000000 0.518800 0.460249 0.736977 0.592679 0.805704 0.772031 0.971054 0.787441 0.857602 0.942738 0.615058 0.829645 0.932893 0.996142 0.638510 0.997226 0.971513 0.831472 0.718014 0.834366 0.819533 0.770949 0.505964 0.566794 0.451981 0.411490 0.861454 0.814883 0.720329 0.930352 0.946055 0.939582 0.868807 0.898356 0.416987 0.427366 0.482381 0.455063 0.472171 0.522514 0.787942 0.703421 0.597815 0.649675 0.666919 0.528482 0.958610 0.990819 0.944900 0.978465 0.554740 0.675695 0.363551 0.315355 0.743971 0.633508 0.871335 0.583392 0.427977 0.401251 0.971132 0.968752 0.572019 0.546164 0.746408 0.824378 0.950205 0.840379 0.617207 0.666770 0.835663 0.845952 0.910837 0.890187 0.954757 0.898579 0.892148 0.954772 0.842530 0.688736 0.913866 0.834175 0.642483 0.855057 0.751589 0.965319 0.872818 0.803298 0.746580 0.717021 0.431170 0.433371 0.429511 0.820422 0.684995 0.560167 0.545636 0.743668 0.897164 0.615973 0.760339 0.708181 0.681661 0.690914 0.587647 0.725907 0.640847 0.974713
0.858709 0.865269 0.488296 0.508708 0.920658 0.780096 0.545775 0.518800 0.000000 0.653767 0.976095 0.997982 0.999117 0.880685 0.893474 0.878290 0.850336 0.768782 0.880914 0.945344 0.972140 0.886203 0.671059 0.870471 0.837662 0.528553 0.837717 0.912663 0.954480 0.855769 0.623038 0.693198 0.634565 0.692356 0.696051 0.847420 0.741406 0.959053 0.883533 0.901253 0.850758 0.846747 0.578377 0.654599 0.573796 0.675405 0.670812 0.803747 0.954120 0.936683 0.801121 0.899503 0.750973 0.561751 0.948191 0.996802 0.906540 0.770520 0.895097 0.998668 0.572234 0.503091 0.888390 0.949448 0.621862 0.527628 0.483087 0.559896 0.857954 0.766277 0.601758 0.590724 0.683837 0.836848 0.975283 0.913383 0.708127 0.821629 0.996847 0.933724 0.754341 0.757614 0.923332 0.785572 0.926454 0.876408 0.915725 0.884750 0.909889 0.990546 0.481717 0.643028 0.585430 0.714306 0.827923 0.999018 0.673060 0.795150 0.511297 0.523098 0.603296 0.853483 0.880316 0.748330 0.662376 0.706255 0.820374 0.614119 0.851352 0.787519 0.782207 0.774143 0.647949 0.807018 0.882832 0.857316
0.950269 0.953126 0.899378 0.747313 0.965401 0.951863 0.599318 0.460249 0.653767 0.000000 0.735449 0.703656 0.853315 0.925752 0.885288 0.924526 0.893503 0.956181 0.766696 0.924215 0.838339 0.898060 0.938061 0.663448 0.712638 0.989481 0.715784 0.783349 0.717582 0.752720 0.536420 0.631168 0.603984 0.553409 0.874344 0.893231 0.735519 0.825971 0.986626 0.951902 0.872689 0.737317 0.526933 0.546117 0.526921 0.518693 0.732719 0.691525 0.659818 0.782977 0.749766 0.881362 0.793902 0.555392 0.953763 0.967828 0.946084 0.923983 0.713215 0.883972 0.659172 0.542570 0.780230 0.650735 0.791123 0.979470 0.623360 0.628653 0.996668 0.925315 0.543826 0.579483 0.707959 0.764159 0.981974 0.854309 0.632020 0.689005 0.836975 0.932058 0.975007 0.730754 0.810393 0.819806 0.648078 0.605777 0.680571 0.624517 0.886711 0.728882 0.809500 0.998722 0.943286 0.941950 0.982380 0.764759 0.765854 0.695270 0.537099 0.447387 0.536640 0.787890 0.610171 0.655436 0.688664 0.783694 0.995944 0.583002 0.903713 0.671728 0.819689 0.658121 0.644433 0.831349 0.929207 0.978991
0.532661 0.562759 0.879599 0.881728 0.934907 0.713658 0.769633 0.736977 0.976095 0.735449 0.000000 0.481328 0.783081 0.766452 0.934811 0.841338 0.388180 0.380994 0.444030 0.439816 0.853228 0.986385 0.884092 0.863643 0.997849 0.774904 0.912613 0.763967 0.394410 0.365352 0.699627 0.708146 0.594246 0.486163 0.957189 0.962125 0.879259 0.697746 0.996520 0.833177 0.907425 0.806895 0.851975 0.727529 0.887143 0.748785 0.674921 0.688226 0.830087 0.740189 0.919726 0.805079 0.999770 0.988866 0.993295 0.993053 0.536333 0.572593 0.559633 0.550956 0.645779 0.797696 0.405722 0.389484 0.816452 0.897327 0.854416 0.801468 0.525907 0.623844 0.852272 0.978825 0.689302 0.582844 0.841774 0.922458 0.769052 0.697948 0.658320 0.797210 0.528598 0.746804 0.677684 0.697365 0.997462 0.954791 0.827400 0.884703 0.865617 0.943952 0.733089 0.655171 0.602509 0.649809 0.974057 0.865907 0.964912 0.669483 0.812394 0.809012 0.976147 0.923914 0.603326 0.557090 0.992265 0.797205 0.915613 0.897562 0.898417 0.776146 0.926509 0.902166 0.773893 0.842057 0.805090 0.887484
0.424439 0.435408 0.986521 0.745767 0.995392 0.851574 0.744412 0.592679 0.997982 0.703656 0.481328 0.000000 0.543737 0.521601 0.784568 0.604675 0.380180 0.403059 0.411692 0.385686 0.891889 0.821531 0.750473 0.985629 0.999343 0.800074 0.984477 0.746116 0.497854 0.395058 0.730585 0.718790 0.574246 0.543305 0.918237 0.973228 0.718615 0.641047 0.970788 0.753443 0.749922 0.774983 0.634908 0.554609 0.763179 0.605482 0.536297 0.551276 0.624816 0.545702 0.561098 0.497614 0.711680 0.700408 0.878926 0.821583 0.523821 0.439519 0.540943 0.530398 0.597057 0.617345 0.442353 0.320479 0.762563 0.924349 0.867003 0.838798 0.515444 0.514014 0.765144 0.740934 0.788681 0.754266 0.902630 0.971458 0.721120 0.755277 0.564545 0.667201 0.353030 0.552880 0.638267 0.598965 0.880076 0.964432 0.974966 0.878213 0.965876 0.873698 0.968433 0.904721 0.869703 0.768271 0.956281 0.732107 0.879901 0.708084 0.688296 0.737445 0.838417 0.870440 0.556355 0.515123 0.762856 0.780238 0.961407 0.849771 0.835864 0.677767 0.822069 0.838844 0.851456 0.733805 0.774027 0.902487
0.459602 0.570701 0.792130 0.652630 0.953049 0.962730 0.950368 0.805704 0.999117 0.853315 0.783081 0.543737 0.000000 0.306836 0.406311 0.380258 0.659596 0.643391 0.611210 0.551691 0.861592 0.774260 0.485678 0.567276 0.709978 0.968981 0.814569 0.976804 0.820134 0.738886 0.953336 0.868987 0.752144 0.920594 0.860921 0.987451 0.803109 0.865088 0.971954 0.788803 0.818213 0.932836 0.864663 0.809150 0.910568 0.933625 0.627405 0.741780 0.980843 0.789367 0.751197 0.571650 0.793120 0.862803 0.871325 0.874622 0.662386 0.601525 0.797129 0.712080 0.690157 0.699887 0.801065 0.721743 0.758578 0.757266 0.929603 0.968578 0.583211 0.566065 0.844809 0.894206 0.831752 0.796489 0.778352 0.870818 0.854842 0.992157 0.796929 0.672887 0.586381 0.507650 0.546811 0.616789 0.499459 0.526418 0.767187 0.871673 0.760536 0.625360 0.894792 0.907942 0.983559 0.979491 0.907423 0.830385 0.838125 0.944953 0.885166 0.961790 0.900497 0.903519 0.972458 0.730358 0.838324 0.885133 0.944156 0.961464 0.771351 0.953210 0.916342 0.979213 0.978189 0.831657 0.748790 0.911662
0.481520 0.547766 0.843417 0.641525 0.991337 0.947113 0.924318 0.772031 0.880685 0.925752 0.766452 0.521601 0.306836 0.000000 0.402890 0.294496 0.598699 0.602543 0.564259 0.536086 0.943163 0.805206 0.413942 0.523348 0.698436 0.898550 0.908878 0.902139 0.773340 0.696543 0.897510 0.750926 0.676704 0.872626 0.896512 0.945878 0.758228 0.796336 0.917678 0.777578 0.814258 0.904104 0.761959 0.712527 0.985263 0.871091 0.583696 0.768383 0.925008 0.754591 0.647355 0.535387 0.596394 0.696590 0.876925 0.843084 0.621070 0.598904 0.821063 0.762466 0.676637 0.647911 0.787617 0.672831 0.824917 0.781717 0.998734 0.992207 0.612063 0.608897 0.760388 0.782052 0.798024 0.843804 0.782906 0.924758 0.829251 0.946117 0.655731 0.692782 0.541160 0.550934 0.503322 0.602503 0.494166 0.526461 0.747737 0.954835 0.751232 0.609215 0.828994 0.881249 0.943580 0.946183 0.911787 0.906030 0.809862 0.910818 0.809127 0.900458 0.947408 0.873543 0.871107 0.652048 0.856019 0.781553 0.878790 0.885913 0.841119 0.842274 0.875519 0.969734 0.933167 0.771786 0.760388 0.992186
0.694546 0.825574 0.942644 0.801766 0.918287 0.849692 0.886479 0.971054 0.893474 0.885288 0.934811 0.784568 0.406311 0.402890 0.000000 0.364301 0.761213 0.814847 0.825196 0.739199 0.933088 0.851290 0.486355 0.553572 0.700460 0.897410 0.774912 0.825950 0.881391 0.839997 0.925702 0.785935 0.846797 0.953390 0.964118 0.988987 0.862014 0.960287 0.883731 0.840012 0.826852 0.939996 0.933646 0.911889 0.833350 0.945530 0.710220 0.869472 0.891302 0.949283 0.862236 0.701557 0.804950 0.852519 0.862345 0.865784 0.846547 0.820379 0.922461 0.864782 0.836136 0.803907 0.931818 0.865816 0.738967 0.811663 0.872200 0.888745 0.654885 0.762839 0.789094 0.924447 0.852068 0.873566 0.845500 0.792677 0.914916 0.990041 0.765738 0.740848 0.764179 0.731411 0.565200 0.748444 0.516147 0.536088 0.806918 0.856029 0.664526 0.673510 0.936546 0.957088 0.954046 0.957785 0.898418 0.844027 0.810226 0.972131 0.978941 0.942956 0.836186 0.969381 0.940375 0.842385 0.837422 0.799291 0.828926 0.920783 0.741998 0.941341 0.983672 0.978838 0.932413 0.986787 0.847822 0.911676
0.560984 0.617741 0.873398 0.622231 0.929395 0.832253 0.990988 0.787441 0.878290 0.924526 0.841338 0.604675 0.380258 0.294496 0.364301 0.000000 0.706667 0.713738 0.689376 0.622649 0.983636 0.778120 0.411026 0.452122 0.690605 0.854463 0.872132 0.830598 0.846451 0.743383 0.888193 0.744351 0.758429 0.882524 0.984531 0.994591 0.839013 0.846554 0.844786 0.830942 0.864474 0.902654 0.761773 0.716248 0.990044 0.836850 0.554219 0.707765 0.943461 0.732483 0.631935 0.494720 0.626227 0.743938 0.800275 0.805904 0.710610 0.683039 0.806295 0.702008 0.737086 0.642826 0.897258 0.756371 0.750394 0.725012 0.981011 0.974383 0.678225 0.642267 0.806254 0.904489 0.890520 0.848673 0.808600 0.838527 0.902100 0.948572 0.671048 0.698686 0.633760 0.616062 0.494364 0.597946 0.506449 0.473721 0.791851 0.888787 0.669824 0.632890 0.869039 0.908453 0.980110 0.973293 0.915541 0.865166 0.809081 0.895849 0.895881 0.907994 0.942609 0.997872 0.963238 0.761811 0.831986 0.784058 0.860605 0.937729 0.795056 0.869900 0.865041 0.992985 0.944241 0.800074 0.712505 0.978573
0.416690 0.411536 0.878997 0.979462 0.964768 0.659637 0.880018 0.857602 0.850336 0.893503 0.388180 0.380180 0.659596 0.598699 0.761213 0.706667 0.000000 0.253740 0.399059 0.375413 0.817023 0.969977 0.833233 0.909379 0.996605 0.608404 0.927023 0.816987 0.359880 0.326328 0.863477 0.783539 0.665097 0.599367 0.861943 0.938470 0.910170 0.705202 0.925936 0.826515 0.889764 0.853953 0.801572 0.676290 0.912851 0.760066 0.657401 0.701791 0.703785 0.626089 0.746121 0.620880 0.871092 0.938779 0.988274 0.880933 0.409407 0.357103 0.518428 0.540770 0.765297 0.920282 0.346593 0.304901 0.696504 0.689426 0.995392 0.992628 0.475307 0.506166 0.937600 0.957233 0.816760 0.722688 0.879246 0.917622 0.774204 0.724673 0.463987 0.648196 0.307540 0.559206 0.540727 0.524299 0.883943 0.977605 0.901828 0.954308 0.951477 0.891189 0.696477 0.686392 0.617986 0.675119 0.856436 0.864045 0.913926 0.704678 0.855838 0.908502 0.944433 0.974137 0.586343 0.620166 0.977177 0.841774 0.967345 0.936281 0.895188 0.719847 0.901992 0.943123 0.878587 0.810023 0.733947 0.788330
0.407062 0.367811 0.856638 0.989680 0.959181 0.624758 0.963156 0.942738 0.768782 0.956181 0.380994 0.403059 0.643391 0.602543 0.814847 0.713738 0.253740 0.000000 0.387672 0.378867 0.835882 0.940111 0.811546 0.974446 0.964563 0.598837 0.884698 0.825761 0.385097 0.359911 0.935705 0.828250 0.721754 0.680705 0.856098 0.959245 0.956230 0.668174 0.891154 0.774363 0.868549 0.828006 0.889786 0.725572 0.984162 0.824825 0.741965 0.743885 0.767927 0.653553 0.798013 0.675514 0.896388 0.995252 0.967916 0.919686 0.350445 0.313217 0.591447 0.580802 0.859443 0.987924 0.366247 0.330151 0.703580 0.644270 0.902235 0.885142 0.459619 0.464909 0.958273 0.977317 0.885273 0.747564 0.841198 0.955789 0.868328 0.795795 0.502501 0.733582 0.327777 0.515290 0.501794 0.460096 0.844235 0.997718 0.951900 0.995037 0.967521 0.841432 0.691006 0.709330 0.616488 0.715932 0.905153 0.899527 0.893467 0.725180 0.919865 0.963974 0.844531 0.957958 0.593334 0.660024 0.971771 0.893606 0.935474 0.983085 0.982601 0.781740 0.895106 0.979477 0.885013 0.766203 0.817795 0.815820
0.410721 0.390301 0.824840 0.668109 0.995544 0.721761 0.699215 0.615058 0.880914 0.766696 0.444030 0.411692 0.611210 0.564259 0.825196 0.689376 0.399059 0.387672 0.000000 0.392534 0.879986 0.881627 0.691720 0.921472 0.898445 0.851759 0.913539 0.787061 0.506671 0.541122 0.807329 0.662239 0.548751 0.547000 0.981225 0.963484 0.714932 0.626980 0.969438 0.842113 0.788380 0.844737 0.580715 0.478260 0.750721 0.569728 0.495697 0.535172 0.674141 0.511674 0.642746 0.548552 0.771847 0.772427 0.988394 0.941269 0.370308 0.416908 0.529634 0.569170 0.633153 0.707206 0.519441 0.428528 0.934197 0.967885 0.866787 0.840807 0.538147 0.589324 0.794137 0.816742 0.846268 0.748032 0.915051 0.979515 0.688035 0.739578 0.570983 0.638145 0.456217 0.601315 0.580609 0.561489 0.812488 0.922289 0.943455 0.923623 0.971830 0.865708 0.983040 0.909931 0.889793 0.877256 0.803056 0.874324 0.917591 0.757126 0.606575 0.694489 0.931023 0.777524 0.509676 0.634857 0.828694 0.880552 0.921221 0.722513 0.951802 0.602352 0.741813 0.824225 0.740997 0.614965 0.749627 0.912722
0.348086 0.366364 0.944757 0.825911 0.880874 0.849537 0.938010 0.829645 0.945344 0.924215 0.439816 0.385686 0.551691 0.536086 0.739199 0.622649 0.375413 0.378867 0.392534 0.000000 0.891169 0.859831 0.799404 0.897111 0.849170 0.854895 0.816624 0.876886 0.511133 0.470023 0.950310 0.841935 0.715664 0.650073 0.936779 0.933135 0.694553 0.538255 0.956009 0.610060 0.781661 0.812485 0.768632 0.686368 0.918858 0.738376 0.567999 0.573171 0.672655 0.544074 0.703776 0.552944 0.818290 0.915831 0.840674 0.822640 0.417220 0.377682 0.696090 0.572951 0.797095 0.780046 0.611683 0.491041 0.876224 0.916177 0.925559 0.980072 0.401194 0.411342 0.890316 0.948008 0.828237 0.712060 0.850106 0.905333 0.788742 0.872843 0.635864 0.657113 0.397993 0.456646 0.569863 0.446693 0.712216 0.822942 0.985217 0.982861 0.932298 0.782275 0.882552 0.838649 0.750033 0.783075 0.844337 0.850673 0.893632 0.812406 0.812242 0.866522 0.957410 0.895244 0.634080 0.698055 0.939370 0.880827 0.923102 0.905949 0.904467 0.658687 0.916419 0.914410 0.952232 0.748327 0.841821 0.852744
0.915372 0.874587 0.918802 0.981664 0.975394 0.841702 0.940984 0.932893 0.972140 0.838339 0.853228 0.891889 0.861592 0.943163 0.933088 0.983636 0.817023 0.835882 0.879986 0.891169 0.000000 0.997877 0.937089 0.860458 0.926244 0.863354 0.977449 0.912531 0.896366 0.872844 0.926008 0.936847 0.966678 0.888278 0.972429 0.862432 0.826069 0.693599 0.913464 0.920760 0.920280 0.925336 0.912022 0.845233 0.972392 0.949948 0.863525 0.791648 0.898509 0.857526 0.973320 0.923567 0.962474 0.957951 0.907577 0.867888 0.767430 0.843700 0.834818 0.839916 0.922006 0.990431 0.935410 0.859630 0.906974 0.847353 0.913880 0.928198 0.821967 0.855878 0.967037 0.986154 0.972294 0.972593 0.958674 0.899425 0.926752 0.881387 0.863922 0.927677 0.899948 0.993361 0.878278 0.776482 0.865021 0.837344 0.925564 0.966927 0.914202 0.928592 0.839549 0.899448 0.823283 0.850751 0.927695 0.886573 0.954300 0.863998 0.933615 0.862307 0.993219 0.736226 0.862058 0.970700 0.943512 0.962421 0.845427 0.916541 0.973803 0.901938 0.819990 0.836539 0.932123 0.884325 0.998120 0.910643
0.759115 0.802975 0.973372 0.857520 0.926100 0.890379 0.877508 0.996142 0.886203 0.898060 0.986385 0.821531 0.774260 0.805206 0.851290 0.778120 0.969977 0.940111 0.881627 0.859831 0.997877 0.000000 0.861381 0.740371 0.993336 0.939570 0.736525 0.976814 0.913831 0.986062 0.856474 0.974424 0.922385 0.868913 0.903244 0.846053 0.918565 0.846757 0.864244 0.732858 0.985389 0.902460 0.980988 0.932409 0.881923 0.979035 0.902165 0.895608 0.998784 0.848711 0.860975 0.828742 0.925309 0.952235 0.865401 0.826586 0.837540 0.831552 0.919562 0.933059 0.952763 0.977257 0.991285 0.979746 0.926577 0.986411 0.762888 0.864111 0.853335 0.843302 0.794278 0.956239 0.804911 0.772799 0.785009 0.990548 0.959670 0.747439 0.997924 0.840058 0.864099 0.785542 0.780769 0.738793 0.833633 0.806882 0.760406 0.775490 0.869741 0.849155 0.980838 0.936861 0.976690 0.990274 0.973512 0.986938 0.820289 0.938747 0.932058 0.897973 0.949481 0.982996 0.924182 0.867580 0.959990 0.976806 0.849830 0.913370 0.997256 0.919646 0.965938 0.869739 0.836973 0.876949 0.950689 0.927402
0.759583 0.805640 0.654346 0.454317 0.933587 0.888249 0.725661 0.638510 0.671059 0.938061 0.884092 0.750473 0.485678 0.413942 0.486355 0.411026 0.833233 0.811546 0.691720 0.799404 0.937089 0.861381 0.000000 0.509610 0.758765 0.762188 0.990276 0.920907 0.864274 0.831846 0.727149 0.587442 0.600495 0.808242 0.923413 0.883171 0.871561 0.983285 0.970069 0.941467 0.937558 0.895635 0.681845 0.638622 0.911019 0.796905 0.639921 0.788549 0.908391 0.890337 0.717217 0.677597 0.604643 0.684174 0.985697 0.950627 0.824270 0.853109 0.809580 0.827399 0.578731 0.633026 0.844374 0.765933 0.581319 0.649818 0.778890 0.854190 0.837833 0.847027 0.701810 0.709480 0.737981 0.861596 0.809325 0.984109 0.778160 0.900009 0.712431 0.795603 0.810440 0.880544 0.616336 0.790635 0.615239 0.597500 0.921547 0.985917 0.690950 0.731079 0.693535 0.865661 0.842949 0.797313 0.820674 0.926807 0.795719 0.854189 0.713934 0.749877 0.867823 0.923381 0.971109 0.718812 0.691181 0.701153 0.805670 0.826980 0.773740 0.881918 0.840295 0.882488 0.796963 0.790317 0.660054 0.889962
0.804244 0.851786 0.740478 0.629018 0.988937 0.749968 0.916908 0.997226 0.870471 0.663448 0.863643 0.985629 0.567276 0.523348 0.553572 0.452122 0.909379 0.974446 0.921472 0.897111 0.860458 0.740371 0.509610 0.000000 0.521439 0.601479 0.768730 0.791277 0.840655 0.894087 0.960553 0.892069 0.954008 0.857856 0.917169 0.940959 0.933177 0.969203 0.742750 0.829929 0.940977 0.961391 0.960291 0.926375 0.862869 0.955150 0.777037 0.887652 0.848504 0.921049 0.880833 0.773576 0.750253 0.999366 0.829883 0.912903 0.898516 0.906213 0.901822 0.922579 0.911881 0.841827 0.787946 0.832727 0.498479 0.601831 0.932777 0.989342 0.862030 0.892606 0.993395 0.960070 0.993246 0.981106 0.798228 0.921962 0.986274 0.876889 0.914217 0.765709 0.935446 0.707896 0.634583 0.759709 0.434567 0.368674 0.686353 0.649037 0.530526 0.572976 0.833425 0.851160 0.854460 0.869306 0.864224 0.888432 0.785567 0.871651 0.989161 0.934754 0.859684 0.991783 0.784038 0.979736 0.898653 0.907711 0.926143 0.980820 0.920096 0.890563 0.970854 0.861065 0.932536 0.897908 0.835549 0.921640
0.792791 0.833760 0.638791 0.736253 0.898471 0.809542 0.976587 0.971513 0.837662 0.712638 0.997849 0.999343 0.709978 0.698436 0.700460 0.690605 0.996605 0.964563 0.898445 0.849170 0.926244 0.993336 0.758765 0.521439 0.000000 0.549030 0.755197 0.774174 0.914875 0.911483 0.935475 0.843328 0.895004 0.983824 0.842832 0.943453 0.787230 0.780045 0.697867 0.761041 0.879772 0.993546 0.970971 0.996081 0.923712 0.954267 0.797220 0.867436 0.890941 0.921683 0.976996 0.910944 0.937459 0.895827 0.756892 0.840506 0.841062 0.932385 0.933983 0.907062 0.895880 0.889116 0.800460 0.826430 0.538408 0.647884 0.994878 0.911806 0.696978 0.828680 0.975129 0.983039 0.831001 0.796387 0.893369 0.901041 0.969769 0.949249 0.920909 0.753141 0.866683 0.678818 0.703393 0.766120 0.513211 0.445003 0.737060 0.727393 0.667094 0.672544 0.939164 0.994280 0.969625 0.992169 0.931596 0.953815 0.938390 0.879145 0.997019 0.902579 0.846965 0.895153 0.911069 0.972391 0.983671 0.975909 0.834516 0.959118 0.906851 0.940074 0.980182 0.881566 0.982250 0.941837 0.909787 0.978562
0.840638 0.764520 0.502573 0.648452 0.982954 0.609238 0.800258 0.831472 0.528553 0.989481 0.774904 0.800074 0.968981 0.898550 0.897410 0.854463 0.608404 0.598837 0.851759 0.854895 0.863354 0.939570 0.762188 0.601479 0.549030 0.000000 0.924812 0.803631 0.709586 0.702608 0.787169 0.868015 0.839899 0.959280 0.657260 0.997602 0.781978 0.977331 0.690414 0.872247 0.952864 0.889455 0.859997 0.965757 0.832964 0.929309 0.848188 0.906283 0.859336 0.894372 0.995126 0.951143 0.839881 0.919835 0.867249 0.992623 0.761598 0.669176 0.805083 0.856939 0.764742 0.656808 0.599331 0.632032 0.445960 0.401212 0.718702 0.674444 0.886358 0.804017 0.786446 0.788954 0.781010 0.915279 0.944408 0.962376 0.952674 0.990848 0.801567 0.972652 0.717378 0.871575 0.973659 0.808386 0.745677 0.606103 0.846388 0.886090 0.778946 0.837674 0.668477 0.782368 0.697729 0.834403 0.891715 0.990247 0.760771 0.967549 0.821403 0.888357 0.858741 0.961523 0.823112 0.991951 0.871042 0.904398 0.840605 0.941283 0.939358 0.912724 0.938068 0.910770 0.992809 0.982196 0.984914 0.886400
0.782853 0.800193 0.874107 0.899363 0.913401 0.871106 0.615947 0.718014 0.837717 0.715784 0.912613 0.984477 0.814569 0.908878 0.774912 0.872132 0.927023 0.884698 0.913539 0.816624 0.977449 0.736525 0.990276 0.768730 0.755197 0.924812 0.000000 0.865497 0.980319 0.944711 0.724064 0.874816 0.752926 0.797326 0.933167 0.771409 0.952739 0.775781 0.866959 0.854903 0.895374 0.962029 0.801614 0.892515 0.679271 0.799021 0.967306 0.981554 0.929882 0.908672 0.892147 0.939471 0.833960 0.723554 0.919940 0.862987 0.783685 0.779054 0.892950 0.944081 0.744804 0.757980 0.958409 0.911406 0.937950 0.876089 0.597660 0.692990 0.760288 0.799715 0.736924 0.725749 0.855967 0.886431 0.973994 0.850888 0.938988 0.810331 0.935313 0.851395 0.881580 0.660732 0.760508 0.766634 0.752732 0.789900 0.872322 0.510930 0.864528 0.669088 0.794283 0.921930 0.834232 0.963906 0.870104 0.962638 0.989453 0.895392 0.804858 0.843627 0.692459 0.880056 0.996766 0.876077 0.840429 0.992283 0.884294 0.846168 0.922498 0.981967 0.899609 0.983462 0.811203 0.980515 0.897366 0.943098
0.966964 0.874066 0.944023 0.981364 0.929025 0.731493 0.672972 0.834366 0.912663 0.783349 0.763967 0.746116 0.976804 0.902139 0.825950 0.830598 0.816987 0.825761 0.787061 0.876886 0.912531 0.976814 0.920907 0.791277 0.774174 0.803631 0.865497 0.000000 0.685068 0.762346 0.823364 0.837518 0.772244 0.752794 0.885239 0.857119 0.916007 0.968593 0.889188 0.980070 0.967971 0.928252 0.827114 0.797686 0.678689 0.711578 0.866303 0.826491 0.733606 0.845906 0.789391 0.867229 0.929852 0.833101 0.971527 0.989843 0.871204 0.837850 0.699668 0.767812 0.733583 0.876552 0.635097 0.704071 0.816310 0.890774 0.709588 0.773916 0.943094 0.932023 0.919893 0.905806 0.900024 0.898157 0.797590 0.941053 0.805480 0.851511 0.883152 0.886289 0.821467 0.948258 0.977309 0.995109 0.864925 0.788640 0.815641 0.822114 0.881521 0.839655 0.999598 0.982778 0.973892 0.964134 0.945674 0.990328 0.879580 0.790144 0.806986 0.786490 0.808546 0.704398 0.678982 0.724953 0.851172 0.850973 0.930422 0.866118 0.962817 0.788401 0.903828 0.886548 0.878425 0.843677 0.924434 0.969595
0.629645 0.628088 0.929163 0.998761 0.968119 0.742466 0.810890 0.819533 0.954480 0.717582 0.394410 0.497854 0.820134 0.773340 0.881391 0.846451 0.359880 0.385097 0.506671 0.511133 0.896366 0.913831 0.864274 0.840655 0.914875 0.709586 0.980319 0.685068 0.000000 0.296410 0.690215 0.628620 0.583058 0.523629 0.869647 0.881198 0.955292 0.775665 0.913525 0.850158 0.943944 0.807081 0.841672 0.705285 0.815919 0.714483 0.715207 0.717576 0.716975 0.714810 0.834004 0.749333 0.960716 0.964578 0.881462 0.975497 0.604896 0.564611 0.546372 0.556829 0.691239 0.877877 0.364931 0.344743 0.706540 0.760848 0.864931 0.910639 0.585165 0.757424 0.905902 0.981167 0.702953 0.671672 0.884613 0.997562 0.839572 0.686391 0.587824 0.783816 0.476196 0.802151 0.649156 0.707563 0.976931 0.878402 0.812264 0.827536 0.853200 0.928228 0.674869 0.559409 0.526031 0.602144 0.947415 0.837491 0.935374 0.728477 0.872398 0.867967 0.961372 0.958753 0.586063 0.569790 0.929873 0.819172 0.995674 0.932147 0.940387 0.776919 0.925279 0.975414 0.832817 0.805998 0.753376 0.831646
0.563291 0.623155 0.931983 0.950971 0.964320 0.818306 0.806375 0.770949 0.855769 0.752720 0.365352 0.395058 0.738886 0.696543 0.839997 0.743383 0.326328 0.359911 0.541122 0.470023 0.872844 0.986062 0.831846 0.894087 0.911483 0.702608 0.944711 0.762346 0.296410 0.000000 0.641811 0.649438 0.587483 0.499397 0.913016 0.896885 0.985716 0.797583 0.957044 0.831241 0.986165 0.821965 0.874774 0.729493 0.884790 0.761190 0.693221 0.705010 0.770904 0.744624 0.841325 0.744255 0.926803 0.971928 0.960565 0.951160 0.648800 0.580714 0.526456 0.540831 0.655930 0.817106 0.324577 0.281843 0.678805 0.791585 0.868226 0.852109 0.529849 0.663511 0.871149 0.987197 0.719298 0.651875 0.814879 0.979568 0.847518 0.621005 0.531422 0.725828 0.406523 0.754084 0.616901 0.683821 0.947296 0.902843 0.825927 0.837937 0.836730 0.901851 0.659687 0.543090 0.510447 0.549397 0.974530 0.746841 0.944487 0.676789 0.913896 0.900146 0.945661 0.977694 0.614667 0.536619 0.887550 0.719071 0.968207 0.978833 0.845934 0.776269 0.973721 0.949312 0.936291 0.861458 0.683182 0.762467
0.931168 0.906592 0.676895 0.667975 0.851598 0.922726 0.465505 0.505964 0.623038 0.536420 0.699627 0.730585 0.953336 0.897510 0.925702 0.888193 0.863477 0.935705 0.807329 0.950310 0.926008 0.856474 0.727149 0.960553 0.935475 0.787169 0.724064 0.823364 0.690215 0.641811 0.000000 0.393940 0.425959 0.422965 0.841301 0.744700 0.904006 0.987306 0.916453 0.917409 0.942702 0.826607 0.652348 0.678025 0.570732 0.615095 0.704906 0.710910 0.940934 0.966352 0.844895 0.936180 0.789097 0.691262 0.865918 0.914943 0.904806 0.834401 0.733754 0.845159 0.428896 0.515025 0.700681 0.659896 0.981214 0.745271 0.472807 0.459925 0.968380 0.836958 0.661804 0.689903 0.650768 0.709435 0.894401 0.856333 0.720131 0.539729 0.815585 0.971787 0.934927 0.753068 0.943987 0.834176 0.829379 0.898091 0.803740 0.692089 0.966791 0.758233 0.912609 0.837930 0.956221 0.834800 0.962645 0.655726 0.899054 0.652376 0.699469 0.704436 0.516835 0.859144 0.885999 0.593304 0.660343 0.648821 0.818637 0.708006 0.801083 0.896511 0.838267 0.922390 0.781986 0.886047 0.726504 0.937522
0.924734 0.907782 0.723153 0.607250 0.902045 0.979074 0.556115 0.566794 0.693198 0.631168 0.708146 0.718790 0.868987 0.750926 0.785935 0.744351 0.783539 0.828250 0.662239 0.841935 0.936847 0.974424 0.587442 0.892069 0.843328 0.868015 0.874816 0.837518 0.628620 0.649438 0.393940 0.000000 0.460135 0.557234 0.851118 0.859985 0.896730 0.858287 0.933557 0.949251 0.982968 0.882888 0.574044 0.563380 0.615640 0.562077 0.638797 0.680714 0.838596 0.827141 0.709682 0.752547 0.693879 0.626193 0.939914 0.989938 0.889003 0.989803 0.709311 0.797373 0.553726 0.622012 0.707422 0.651607 0.935851 0.813477 0.630671 0.593115 0.873684 0.964976 0.704471 0.776790 0.786552 0.834496 0.915097 0.969157 0.723763 0.597903 0.699343 0.804691 0.812289 0.913721 0.761434 0.940321 0.996723 0.956830 0.924092 0.747771 0.962215 0.839993 0.891523 0.850406 0.952419 0.958852 0.981440 0.706348 0.873328 0.778750 0.648647 0.737045 0.669274 0.724913 0.747176 0.687629 0.663306 0.698870 0.797321 0.653603 0.758763 0.789684 0.794349 0.873511 0.691486 0.847672 0.628724 0.921833
0.806535 0.832755 0.632397 0.631535 0.932373 0.940572 0.410595 0.451981 0.634565 0.603984 0.594246 0.574246 0.752144 0.676704 0.846797 0.758429 0.665097 0.721754 0.548751 0.715664 0.966678 0.922385 0.600495 0.954008 0.895004 0.839899 0.752926 0.772244 0.583058 0.587483 0.425959 0.460135 0.000000 0.405198 0.851701 0.737597 0.733291 0.867152 0.933950 0.967348 0.863191 0.741410 0.525225 0.526283 0.495154 0.519582 0.523274 0.652892 0.772513 0.753346 0.668406 0.714686 0.681788 0.639300 0.981439 0.972041 0.822013 0.856311 0.607561 0.731963 0.371649 0.494061 0.580722 0.528930 0.921089 0.780174 0.481228 0.510262 0.821285 0.894216 0.618794 0.637745 0.581334 0.730680 0.837801 0.920650 0.721695 0.581688 0.713051 0.764457 0.698466 0.946754 0.760208 0.906871 0.909071 0.924898 0.868332 0.760135 0.991412 0.921871 0.847400 0.944235 0.990449 0.892530 0.817746 0.741143 0.837850 0.623961 0.534873 0.621504 0.682859 0.710207 0.716678 0.471512 0.733151 0.753766 0.960719 0.745554 0.851100 0.734215 0.692390 0.831600 0.661752 0.690490 0.606772 0.991841
0.808697 0.764901 0.682073 0.684267 0.968862 0.947048 0.424183 0.411490 0.692356 0.553409 0.486163 0.543305 0.920594 0.872626 0.953390 0.882524 0.599367 0.680705 0.547000 0.650073 0.888278 0.868913 0.808242 0.857856 0.983824 0.959280 0.797326 0.752794 0.523629 0.499397 0.422965 0.557234 0.405198 0.000000 0.881244 0.812618 0.835240 0.812438 0.921490 0.987220 0.899133 0.828579 0.537275 0.512927 0.527069 0.471164 0.503091 0.500640 0.744817 0.689296 0.725764 0.732230 0.851332 0.787271 0.938024 0.940161 0.770929 0.809018 0.466933 0.542981 0.407669 0.508985 0.516446 0.459231 0.943814 0.819818 0.481102 0.443226 0.807692 0.868213 0.794330 0.795566 0.724803 0.722759 0.924636 0.885515 0.706326 0.551371 0.689695 0.798373 0.716556 0.966584 0.876900 0.951088 0.855681 0.903063 0.721671 0.702564 0.869869 0.769806 0.938302 0.757672 0.815847 0.665744 0.917567 0.775234 0.939878 0.584552 0.643502 0.601620 0.565806 0.923654 0.611259 0.510068 0.710350 0.688226 0.976997 0.708032 0.914677 0.666926 0.766581 0.847944 0.666228 0.742182 0.631475 0.851120
0.967968 0.930995 0.753730 0.768745 0.889137 0.878268 0.770123 0.861454 0.696051 0.874344 0.957189 0.918237 0.860921 0.896512 0.964118 0.984531 0.861943 0.856098 0.981225 0.936779 0.972429 0.903244 0.923413 0.917169 0.842832 0.657260 0.933167 0.885239 0.869647 0.913016 0.841301 0.851118 0.851701 0.881244 0.000000 0.960716 0.960022 0.959899 0.851156 0.913686 0.963534 0.934530 0.808907 0.878602 0.772484 0.774346 0.798751 0.817239 0.924731 0.881519 0.936653 0.978491 0.858502 0.890957 0.783596 0.877029 0.932078 0.858685 0.939982 0.932861 0.859812 0.793720 0.901384 0.916211 0.746494 0.805899 0.666005 0.641861 0.965416 0.909510 0.873992 0.894632 0.890814 0.798093 0.869934 0.980574 0.897756 0.849954 0.972325 0.965925 0.919609 0.983633 0.941373 0.920152 0.914480 0.889480 0.940786 0.980791 0.816797 0.924181 0.817800 0.861349 0.819577 0.839485 0.901354 0.952520 0.757831 0.713061 0.774581 0.835614 0.959500 0.886796 0.847059 0.943369 0.888144 0.839999 0.795284 0.870531 0.884720 0.950728 0.942784 0.963647 0.721756 0.966486 0.854285 0.942547
0.932161 0.980031 0.834269 0.830667 0.920683 0.982476 0.699868 0.814883 0.847420 0.893231 0.962125 0.973228 0.987451 0.945878 0.988987 0.994591 0.938470 0.959245 0.963484 0.933135 0.862432 0.846053 0.883171 0.940959 0.943453 0.997602 0.771409 0.857119 0.881198 0.896885 0.744700 0.859985 0.737597 0.812618 0.960716 0.000000 0.913100 0.797900 0.832431 0.899581 0.920721 0.991410 0.795167 0.767585 0.719018 0.763514 0.842868 0.990931 0.857780 0.867904 0.867681 0.921654 0.764985 0.819282 0.911482 0.905967 0.986274 0.993250 0.792969 0.942949 0.752654 0.841030 0.894987 0.890642 0.944645 0.907133 0.674721 0.763376 0.863131 0.873418 0.865686 0.943999 0.984929 0.850223 0.930051 0.801149 0.797789 0.667180 0.922225 0.936602 0.945554 0.937916 0.933514 0.818418 0.985850 0.975432 0.767039 0.898138 0.878229 0.994126 0.864365 0.836027 0.922890 0.930078 0.940519 0.964639 0.996018 0.901507 0.867901 0.748463 0.796108 0.902600 0.914861 0.811836 0.872437 0.945202 0.916429 0.969550 0.982169 0.977757 0.844059 0.899046 0.919887 0.896541 0.790368 0.853998
0.729185 0.830057 0.761423 0.735608 0.973372 0.869829 0.892183 0.720329 0.741406 0.735519 0.879259 0.718615 0.803109 0.758228 0.862014 0.839013 0.910170 0.956230 0.714932 0.694553 0.826069 0.918565 0.871561 0.933177 0.787230 0.781978 0.952739 0.916007 0.955292 0.985716 0.904006 0.896730 0.733291 0.835240 0.960022 0.913100 0.000000 0.662731 0.848120 0.789889 0.586609 0.822165 0.647170 0.717948 0.800011 0.754847 0.666148 0.697229 0.773759 0.792370 0.781044 0.796450 0.798097 0.704932 0.703139 0.837168 0.818002 0.854106 0.977324 0.986132 0.833973 0.660752 0.885887 0.934786 0.921253 0.837179 0.939624 0.849461 0.672692 0.726180 0.705063 0.609872 0.772561 0.824830 0.965122 0.964123 0.715446 0.906452 0.938099 0.811459 0.859765 0.807276 0.882578 0.843726 0.832183 0.874897 0.858804 0.943833 0.911863 0.863162 0.764363 0.794356 0.864715 0.896512 0.973455 0.960753 0.690472 0.982741 0.654412 0.718912 0.878928 0.794254 0.844094 0.864841 0.878762 0.992062 0.907777 0.772641 0.840886 0.761590 0.863114 0.824117 0.970907 0.883565 0.930537 0.940218
0.598509 0.569169 0.998464 0.945313 0.890382 0.825716 0.956161 0.930352 0.959053 0.825971 0.697746 0.641047 0.865088 0.796336 0.960287 0.846554 0.705202 0.668174 0.626980 0.538255 0.693599 0.846757 0.983285 0.969203 0.780045 0.977331 0.775781 0.968593 0.775665 0.797583 0.987306 0.858287 0.867152 0.812438 0.959899 0.797900 0.662731 0.000000 0.812316 0.581529 0.761943 0.802237 0.786834 0.769446 0.913238 0.799794 0.658290 0.622801 0.683857 0.625602 0.777462 0.737904 0.849621 0.946723 0.769596 0.664574 0.547291 0.616894 0.917870 0.814470 0.974007 0.908661 0.901555 0.793415 0.893080 0.876641 0.830103 0.934649 0.592711 0.635087 0.966023 0.858988 0.958630 0.897311 0.859140 0.985055 0.935215 0.963644 0.815373 0.880741 0.613384 0.629015 0.745261 0.529432 0.844756 0.954880 0.955004 0.864113 0.967293 0.816861 0.955945 0.928014 0.856945 0.889373 0.901013 0.801259 0.879482 0.880676 0.859513 0.889002 0.955030 0.975431 0.626010 0.905192 0.958640 0.976048 0.954726 0.990970 0.888354 0.727414 0.849644 0.803654 0.986710 0.732930 0.989663 0.952479
