0.000000 0.115698 0.257290 0.345018 0.759921 0.664293 0.630564 0.498925 0.539691 0.628466 0.313941 0.225562 0.279942 0.317618 0.503348 0.577372 0.198111 0.184029 0.211731 0.161518 0.441746 0.952475 0.511078 0.371159 0.230537 0.479104 0.361932 0.829935 0.378750 0.374386 0.717512 0.599340 0.310618 0.394611 0.707629 0.959327 0.520628 0.537467 0.770021 0.653929 0.530230 0.604188 0.968676 0.762096 0.845231 0.918726 0.502047 0.597743 0.823181 0.654592 0.772840 0.690258 0.984799 0.711734 0.305058 0.438386 0.121458 0.123399 0.341598 0.283469 0.317202 0.438046 0.193401 0.218534 0.229184 0.352556 0.604131 0.697036 0.230872 0.269743 0.762864 0.512554 0.974805 0.892532 0.712145 0.976459 0.956445 0.932034 0.446012 0.379999 0.207677 0.235797 0.278868 0.183808 0.161327 0.164425 0.768267 0.459329 0.453428 0.221079 0.295055 0.356646 0.323131 0.332848 0.929205 0.926843 0.946370 0.866387 0.770593 0.877880 0.665438 0.651679 0.994508 0.784121 0.799815 0.805335 0.923945 0.830619 0.705184 0.736779 0.791459 0.994290 0.825939 0.991189 0.679361 0.563142
0.115698 0.000000 0.256055 0.318590 0.831294 0.669733 0.608847 0.458385 0.538519 0.668535 0.366894 0.221862 0.308055 0.315368 0.503046 0.554306 0.193468 0.181841 0.204732 0.169851 0.474469 0.984549 0.454926 0.333685 0.250247 0.487933 0.366863 0.879464 0.375247 0.348303 0.641133 0.559625 0.287522 0.352629 0.660460 0.889995 0.501864 0.523061 0.718419 0.702424 0.561657 0.609628 0.905108 0.705556 0.911136 0.851854 0.449616 0.547804 0.765252 0.597837 0.702398 0.617412 0.918871 0.791429 0.296794 0.390567 0.115851 0.115142 0.315758 0.272878 0.321153 0.405290 0.199492 0.199550 0.250134 0.348265 0.555901 0.648227 0.250818 0.246571 0.808813 0.555876 0.920754 0.940842 0.712338 0.928306 0.980046 0.927746 0.406946 0.334790 0.180170 0.250375 0.275366 0.179343 0.178502 0.164886 0.747697 0.453948 0.482832 0.211626 0.294435 0.354598 0.332076 0.316534 0.983890 0.944415 0.953127 0.911556 0.796921 0.922164 0.652635 0.655920 0.976980 0.829513 0.757673 0.762973 0.876317 0.815617 0.754742 0.709738 0.762486 0.969447 0.881615 0.997234 0.652492 0.599334
0.257290 0.256055 0.000000 0.228414 0.992225 0.811492 0.414733 0.343458 0.782349 0.870130 0.493335 0.342907 0.294694 0.347055 0.459784 0.475447 0.324149 0.306994 0.267343 0.306239 0.484371 0.889962 0.358806 0.334360 0.381563 0.486608 0.506562 0.901954 0.410332 0.469213 0.543778 0.463765 0.319401 0.354365 0.666093 0.995830 0.628746 0.559127 0.895551 0.668344 0.573309 0.556947 0.770936 0.622684 0.988493 0.793616 0.493736 0.567792 0.727026 0.576199 0.626507 0.572856 0.770621 0.958378 0.368807 0.496805 0.244194 0.254104 0.369963 0.312313 0.277946 0.357717 0.261044 0.285131 0.282169 0.320133 0.498304 0.588313 0.416734 0.337706 0.986714 0.741811 0.745274 0.865437 0.704311 0.838279 0.842550 0.837250 0.384425 0.462844 0.321039 0.397730 0.385480 0.401491 0.282785 0.256159 0.852965 0.600391 0.455807 0.354640 0.567982 0.570283 0.559100 0.519778 0.910370 0.871974 0.895341 0.963331 0.977344 0.892018 0.824125 0.880323 0.979596 0.857041 0.712971 0.675198 0.700833 0.987730 0.779257 0.746615 0.735482 0.860053 0.969339 0.897029 0.577563 0.697844
0.345018 0.318590 0.228414 0.000000 0.941996 0.887845 0.331082 0.179189 0.937534 0.900060 0.674734 0.391278 0.376936 0.343893 0.517676 0.383644 0.434078 0.429958 0.362055 0.450471 0.588518 0.932233 0.261359 0.266372 0.490387 0.523448 0.624704 0.977009 0.523311 0.515519 0.417783 0.403056 0.322132 0.370268 0.590991 0.868169 0.584183 0.585540 0.888502 0.699786 0.687432 0.654273 0.630088 0.522760 0.849341 0.676898 0.462255 0.508189 0.627898 0.455349 0.436248 0.374778 0.554236 0.770986 0.431300 0.523721 0.319608 0.326915 0.313325 0.225438 0.302707 0.277029 0.329203 0.293074 0.404631 0.302013 0.413835 0.437706 0.592182 0.352728 0.816484 0.902112 0.628099 0.784060 0.675080 0.791632 0.743258 0.776390 0.351512 0.473270 0.420518 0.584828 0.457740 0.507194 0.396437 0.295638 0.987505 0.648380 0.508237 0.379552 0.677054 0.665349 0.652201 0.561466 0.833533 0.858010 0.868069 0.895920 0.862296 0.794730 0.928229 0.982459 0.953964 0.802988 0.648148 0.579268 0.626863 0.844388 0.848199 0.698069 0.707078 0.756804 0.857539 0.842972 0.489336 0.869939
0.759921 0.831294 0.992225 0.941996 0.000000 0.730839 0.827464 0.832145 0.609936 0.551630 0.817408 0.965178 0.989575 0.964130 0.785135 0.691501 0.917618 0.910942 0.866683 0.776218 0.999643 0.847378 0.822607 0.877706 0.813217 0.968173 0.881064 0.893500 0.908410 0.913731 0.755477 0.756863 0.996281 0.903055 0.996943 0.724797 0.929898 0.882023 0.894490 0.963384 0.789563 0.976529 0.798928 0.869604 0.707668 0.803731 0.994360 0.909235 0.884771 0.879504 0.786949 0.793143 0.628001 0.528676 0.928970 0.948385 0.816974 0.841840 0.896102 0.850787 0.920641 0.816709 0.944134 0.977150 0.881175 0.901274 0.930308 0.851063 0.680211 0.827349 0.655592 0.676812 0.684111 0.628587 0.867211 0.872481 0.884556 0.797338 0.942501 0.902036 0.903909 0.815919 0.973109 0.795846 0.823921 0.838386 0.962058 0.740644 0.804291 0.798600 0.764229 0.839818 0.826938 0.793392 0.829759 0.991547 0.811034 0.823914 0.798569 0.870532 0.741237 0.711157 0.811692 0.974987 0.881702 0.847327 0.806946 0.966323 0.836115 0.974103 0.959100 0.898966 0.755428 0.868521 0.863887 0.708768
0.664293 0.669733 0.811492 0.887845 0.730839 0.000000 0.846818 0.934558 0.508787 0.607088 0.623806 0.720129 0.883051 0.833968 0.980490 0.965477 0.693807 0.704518 0.729441 0.661186 0.887113 0.929150 0.985949 0.891124 0.760502 0.883615 0.711459 0.943613 0.816153 0.756901 0.920710 0.930304 0.799814 0.931995 0.978987 0.906784 0.932327 0.939329 0.959865 0.979924 0.708371 0.865897 0.751391 0.840272 0.701724 0.857740 0.999089 0.979690 0.904788 0.915363 0.833180 0.830569 0.704000 0.573506 0.937391 0.931749 0.666562 0.677608 0.806489 0.798764 0.840549 0.949889 0.776432 0.774147 0.655540 0.922218 0.942263 0.938824 0.611838 0.768191 0.706569 0.683743 0.642499 0.595029 0.867172 0.858413 0.693175 0.722160 0.947603 0.983074 0.821456 0.750695 0.762512 0.674495 0.723380 0.754696 0.930227 0.752993 0.965898 0.779606 0.507168 0.604937 0.644930 0.663326 0.803633 0.862318 0.842048 0.890394 0.671226 0.703105 0.729488 0.707946 0.899466 0.906137 0.778062 0.817334 0.842084 0.728093 0.748085 0.942885 0.864552 0.913680 0.685567 0.770359 0.839387 0.755681
0.630564 0.608847 0.414733 0.331082 0.827464 0.846818 0.000000 0.206568 0.918485 0.537319 0.948367 0.655612 0.627589 0.583260 0.684886 0.556224 0.655333 0.660229 0.510152 0.706428 0.690410 0.879228 0.340704 0.588020 0.784670 0.626113 0.827983 0.970692 0.558437 0.656326 0.328196 0.393935 0.362457 0.330965 0.586883 0.872862 0.629053 0.614976 0.933510 0.739845 0.883467 0.610372 0.404329 0.332746 0.488486 0.415028 0.453019 0.450154 0.396642 0.327381 0.272195 0.276967 0.337073 0.507670 0.524177 0.505039 0.566287 0.590415 0.356981 0.392508 0.392879 0.347752 0.442004 0.431838 0.718752 0.539069 0.322756 0.341040 0.917355 0.553912 0.506491 0.844690 0.377551 0.465538 0.703736 0.580300 0.555260 0.476790 0.382321 0.576295 0.628499 0.868564 0.634274 0.800518 0.675408 0.614813 0.780018 0.963606 0.591454 0.634605 0.981161 0.988924 0.901633 0.853701 0.634992 0.647466 0.665143 0.724148 0.522577 0.464042 0.842450 0.696989 0.681809 0.605557 0.437443 0.399165 0.486632 0.687571 0.973360 0.741793 0.627095 0.552203 0.523063 0.539937 0.339718 0.924999
0.498925 0.458385 0.343458 0.179189 0.832145 0.934558 0.206568 0.000000 0.868921 0.660252 0.811530 0.464049 0.472785 0.421314 0.562004 0.353939 0.540967 0.534179 0.472511 0.605552 0.660139 0.953728 0.264239 0.357804 0.660071 0.597258 0.764811 0.988688 0.514776 0.519075 0.346474 0.413848 0.333050 0.356776 0.560463 0.836115 0.566805 0.540453 0.953687 0.728534 0.799169 0.680804 0.505367 0.428114 0.651581 0.546674 0.470449 0.508086 0.531777 0.385554 0.313718 0.283719 0.383376 0.550762 0.474724 0.542187 0.441312 0.444457 0.372507 0.310318 0.290162 0.191853 0.380547 0.312027 0.541914 0.316981 0.374108 0.340791 0.802480 0.441598 0.618744 0.886563 0.446551 0.580317 0.661146 0.652814 0.657134 0.610556 0.350954 0.516952 0.518995 0.757977 0.530221 0.655086 0.555949 0.447368 0.963153 0.813889 0.545695 0.530478 0.825161 0.787340 0.754127 0.655417 0.748168 0.782093 0.820289 0.860219 0.731262 0.654802 0.953998 0.879885 0.873873 0.778079 0.502527 0.535605 0.573897 0.772879 0.962341 0.736121 0.694641 0.685576 0.702239 0.714679 0.431056 0.980872
0.539691 0.538519 0.782349 0.937534 0.609936 0.508787 0.918485 0.868921 0.000000 0.517907 0.590849 0.680011 0.825450 0.760091 0.892441 0.890103 0.521477 0.544128 0.558855 0.498342 0.753507 0.949210 0.997056 0.861056 0.514185 0.731754 0.574242 0.952298 0.724918 0.732471 0.946005 0.926041 0.707369 0.741097 0.919797 0.940925 0.734728 0.882922 0.865250 0.911869 0.722388 0.908189 0.892998 0.945192 0.852855 0.981723 0.728206 0.782447 0.874346 0.861005 0.949285 0.988193 0.772506 0.565097 0.614095 0.543068 0.531948 0.555739 0.622558 0.702825 0.907113 0.956399 0.651661 0.716987 0.703924 0.979556 0.864453 0.983910 0.449262 0.702603 0.585774 0.498065 0.743366 0.686752 0.901901 0.993344 0.896468 0.715507 0.848771 0.747642 0.565254 0.474857 0.623730 0.418561 0.535050 0.611846 0.883755 0.565622 0.774961 0.533179 0.465063 0.641084 0.538698 0.614884 0.879869 0.973268 0.984527 0.961106 0.773643 0.927315 0.653524 0.695327 0.883782 0.791297 0.932583 0.933938 0.965352 0.786121 0.723748 0.850098 0.861975 0.912046 0.805796 0.921794 0.990587 0.660023
0.628466 0.668535 0.870130 0.900060 0.551630 0.607088 0.537319 0.660252 0.517907 0.000000 0.523470 0.774231 0.783463 0.911801 0.914554 0.828162 0.740852 0.708752 0.857743 0.625275 0.800139 0.884216 0.756486 0.919895 0.600491 0.921521 0.678245 0.797476 0.991063 0.930099 0.547158 0.747135 0.904867 0.841901 0.865969 0.830435 0.991491 0.891887 0.811873 0.937746 0.663925 0.992985 0.477778 0.568900 0.362105 0.480156 0.850705 0.768173 0.562008 0.611377 0.477198 0.545001 0.385489 0.268425 0.914985 0.988249 0.694898 0.683086 0.952320 0.994063 0.987886 0.793608 0.909899 0.942489 0.633542 0.914486 0.669398 0.577752 0.436256 0.799339 0.311522 0.393205 0.463897 0.416059 0.899204 0.659049 0.560602 0.456177 0.877737 0.927979 0.707610 0.487997 0.811945 0.560720 0.617794 0.682694 0.678246 0.607725 0.896352 0.735787 0.496837 0.533502 0.653380 0.697832 0.554048 0.771466 0.761328 0.622511 0.408472 0.466611 0.515652 0.469920 0.709945 0.777027 0.620999 0.655321 0.667722 0.568589 0.689684 0.894376 0.834874 0.575270 0.419389 0.690688 0.647209 0.539703
0.313941 0.366894 0.493335 0.674734 0.817408 0.623806 0.948367 0.811530 0.590849 0.523470 0.000000 0.274058 0.299133 0.347166 0.431379 0.589823 0.284144 0.236489 0.445548 0.272898 0.586835 0.834052 0.835448 0.591656 0.407470 0.753487 0.405970 0.735641 0.373834 0.345125 0.965727 0.881650 0.608800 0.614954 0.975511 0.948852 0.708580 0.683063 0.838917 0.771604 0.497382 0.909718 0.677151 0.851376 0.576888 0.725289 0.890362 0.989133 0.776464 0.937860 0.795353 0.868886 0.710191 0.482429 0.557351 0.721652 0.356567 0.327876 0.792942 0.729635 0.379690 0.559948 0.393187 0.400826 0.226964 0.411921 0.990059 0.944788 0.378625 0.610998 0.600893 0.551635 0.868630 0.785338 0.702169 0.875220 0.616742 0.777361 0.745211 0.639190 0.414458 0.329295 0.408484 0.329768 0.341958 0.396825 0.510091 0.613445 0.598342 0.549207 0.287071 0.293630 0.270719 0.380778 0.717723 0.921488 0.678641 0.599472 0.419946 0.547008 0.527698 0.563030 0.785544 0.920853 0.841223 0.852874 0.812652 0.609195 0.661411 0.993412 0.951888 0.713779 0.545514 0.724497 0.930279 0.536196
0.225562 0.221862 0.342907 0.391278 0.965178 0.720129 0.655612 0.464049 0.680011 0.774231 0.274058 0.000000 0.200010 0.189927 0.314495 0.353436 0.159238 0.155244 0.270450 0.221741 0.484916 0.888962 0.449956 0.343267 0.294007 0.570791 0.399894 0.880899 0.274197 0.207574 0.639100 0.565768 0.330015 0.366169 0.663941 0.853229 0.518741 0.534708 0.754364 0.674993 0.561331 0.768494 0.981773 0.783478 0.895278 0.921797 0.567050 0.654381 0.902112 0.697404 0.792049 0.714209 0.909719 0.848244 0.327797 0.489637 0.226423 0.186530 0.530892 0.447803 0.211524 0.274471 0.198112 0.162649 0.201298 0.234087 0.694236 0.699123 0.356071 0.392239 0.882180 0.717494 0.858818 0.967504 0.595957 0.956628 0.942952 0.989097 0.456800 0.360573 0.235759 0.296011 0.218485 0.241958 0.231920 0.228950 0.634910 0.495895 0.462261 0.371768 0.312643 0.323072 0.280199 0.287419 0.911430 0.978149 0.827176 0.762846 0.687020 0.809995 0.657341 0.694122 0.996472 0.921393 0.811690 0.863652 0.965277 0.747582 0.695157 0.745977 0.822822 0.941070 0.784896 0.858246 0.661777 0.630425
0.279942 0.308055 0.294694 0.376936 0.989575 0.883051 0.627589 0.472785 0.825450 0.783463 0.299133 0.200010 0.000000 0.180392 0.240286 0.308134 0.269064 0.235812 0.326528 0.302251 0.514382 0.955354 0.467306 0.325709 0.341963 0.510787 0.426965 0.815339 0.360916 0.351636 0.715779 0.520544 0.402825 0.408590 0.713206 0.987053 0.654754 0.621687 0.880376 0.711107 0.571651 0.743166 0.995853 0.854365 0.802278 0.955641 0.656190 0.758308 0.981928 0.793044 0.848438 0.763379 0.921057 0.856979 0.387432 0.593569 0.306818 0.275673 0.605694 0.508792 0.212161 0.331957 0.255346 0.265004 0.206252 0.192985 0.768877 0.789518 0.429489 0.451436 0.837716 0.748351 0.819756 0.916031 0.611931 0.998451 0.934827 0.980178 0.513264 0.427167 0.296981 0.299895 0.294599 0.327639 0.238819 0.221532 0.640910 0.520208 0.451380 0.447747 0.464535 0.442776 0.416657 0.438602 0.870246 0.990673 0.836618 0.735183 0.732877 0.851290 0.686456 0.850708 0.905128 0.964370 0.861321 0.869614 0.919943 0.810485 0.680302 0.911891 0.876627 0.850017 0.763098 0.870289 0.650152 0.620320
0.317618 0.315368 0.347055 0.343893 0.964130 0.833968 0.583260 0.421314 0.760091 0.911801 0.347166 0.189927 0.180392 0.000000 0.229232 0.233029 0.227339 0.214153 0.293317 0.309957 0.550715 0.895777 0.377488 0.261679 0.359616 0.502547 0.453532 0.882486 0.327402 0.270318 0.587381 0.471263 0.370406 0.341180 0.695852 0.899016 0.603043 0.647350 0.814903 0.719645 0.642612 0.808715 0.892609 0.744628 0.948662 0.883069 0.556589 0.622641 0.871443 0.656055 0.712350 0.628997 0.776478 0.998474 0.348742 0.500048 0.311149 0.273887 0.544369 0.472911 0.219394 0.280292 0.246207 0.219168 0.273559 0.206875 0.676480 0.675846 0.502600 0.481978 0.951200 0.796292 0.755007 0.813699 0.598297 0.874388 0.986816 0.973028 0.455801 0.421393 0.298621 0.347092 0.265307 0.305391 0.285358 0.242526 0.640448 0.492721 0.468815 0.427510 0.459990 0.460831 0.403724 0.414372 0.983554 0.979927 0.826270 0.816076 0.806535 0.964887 0.750649 0.874276 0.978870 0.869234 0.845918 0.769325 0.845657 0.849161 0.657466 0.888262 0.777835 0.978206 0.864243 0.928010 0.613235 0.700308
0.503348 0.503046 0.459784 0.517676 0.785135 0.980490 0.684886 0.562004 0.892441 0.914554 0.431379 0.314495 0.240286 0.229232 0.000000 0.280245 0.365744 0.350891 0.496373 0.451834 0.611694 0.916860 0.480099 0.381583 0.506820 0.594521 0.597423 0.816614 0.387727 0.358893 0.695892 0.591827 0.528460 0.448657 0.762657 0.919092 0.771580 0.815942 0.842524 0.839443 0.782089 0.860496 0.887912 0.790552 0.957735 0.951760 0.701280 0.733030 0.946370 0.784019 0.807823 0.758032 0.806645 0.968234 0.477858 0.606795 0.510644 0.474419 0.760361 0.701905 0.310844 0.389296 0.424415 0.406401 0.342056 0.283162 0.832694 0.828934 0.650143 0.685620 0.929694 0.873770 0.711045 0.766479 0.637473 0.902404 0.966364 0.914961 0.520098 0.506470 0.410367 0.443871 0.412246 0.463960 0.407805 0.416264 0.714295 0.579296 0.588261 0.622600 0.621538 0.601587 0.530179 0.587271 0.954377 0.967339 0.749343 0.771655 0.829579 0.935543 0.722064 0.915227 0.997881 0.959253 0.885237 0.861765 0.837125 0.813839 0.703154 0.989223 0.893261 0.927920 0.900651 0.873143 0.707435 0.826930
0.577372 0.554306 0.475447 0.383644 0.691501 0.965477 0.556224 0.353939 0.890103 0.828162 0.589823 0.353436 0.308134 0.233029 0.280245 0.000000 0.450305 0.441364 0.552740 0.598108 0.653600 0.904597 0.375534 0.312288 0.596517 0.619236 0.714295 0.960566 0.448371 0.371630 0.519471 0.479805 0.493636 0.451125 0.710011 0.862485 0.750995 0.722269 0.921584 0.740206 0.809321 0.922190 0.801099 0.725399 0.912095 0.825184 0.682952 0.692272 0.846593 0.653706 0.614538 0.547941 0.578923 0.706310 0.504174 0.647833 0.533627 0.493371 0.666015 0.594378 0.291454 0.250485 0.419185 0.363847 0.474394 0.239988 0.700552 0.590142 0.822897 0.613557 0.856970 0.949983 0.637002 0.694482 0.588816 0.748508 0.846364 0.844278 0.492904 0.508356 0.502744 0.625606 0.441852 0.591642 0.546444 0.458272 0.702716 0.754556 0.631404 0.640138 0.717330 0.642077 0.628356 0.590105 0.920033 0.960282 0.785705 0.835788 0.946965 0.938212 0.900479 0.995567 0.994706 0.978068 0.809935 0.818993 0.744986 0.962872 0.826136 0.941833 0.825809 0.951631 0.997694 0.986557 0.627674 0.888129
0.198111 0.193468 0.324149 0.434078 0.917618 0.693807 0.655333 0.540967 0.521477 0.740852 0.284144 0.159238 0.269064 0.227339 0.365744 0.450305 0.000000 0.127420 0.201832 0.181591 0.470155 0.957540 0.464611 0.359958 0.248871 0.510917 0.393166 0.869778 0.227032 0.209518 0.621050 0.534400 0.283617 0.321978 0.667952 0.860663 0.542202 0.611017 0.737142 0.683086 0.619752 0.721438 0.906584 0.701947 0.981584 0.812080 0.438050 0.523662 0.767669 0.595178 0.739071 0.664158 0.899856 0.827556 0.274604 0.369390 0.188799 0.166931 0.434901 0.416919 0.280547 0.375513 0.185441 0.181064 0.242696 0.331246 0.599395 0.639242 0.317488 0.374173 0.857520 0.630285 0.886739 0.958326 0.661525 0.866647 0.975623 0.975616 0.416017 0.328839 0.166843 0.232899 0.194169 0.183879 0.194779 0.214715 0.657509 0.458544 0.467126 0.295023 0.319019 0.370355 0.280764 0.322005 0.995871 0.953495 0.956594 0.840447 0.778758 0.914401 0.684670 0.663174 0.881367 0.794301 0.786022 0.770696 0.934861 0.770591 0.699214 0.718266 0.763661 0.933687 0.879037 0.916747 0.642651 0.624649
0.184029 0.181841 0.306994 0.429958 0.910942 0.704518 0.660229 0.534179 0.544128 0.708752 0.236489 0.155244 0.235812 0.214153 0.350891 0.441364 0.127420 0.000000 0.214860 0.172451 0.465334 0.904746 0.489087 0.342591 0.263151 0.508118 0.397671 0.798450 0.241686 0.229635 0.674415 0.555496 0.317298 0.339608 0.702062 0.851520 0.571338 0.572579 0.751065 0.685219 0.600020 0.715516 0.962524 0.759389 0.917562 0.884924 0.512975 0.592381 0.838688 0.655890 0.794635 0.715077 0.937414 0.781669 0.274442 0.411708 0.176691 0.155519 0.464836 0.439681 0.262650 0.363298 0.184409 0.180302 0.203947 0.296367 0.637883 0.694953 0.317508 0.380073 0.828391 0.613452 0.914710 0.986294 0.673281 0.900843 0.949187 0.962934 0.432013 0.357290 0.174749 0.219553 0.221664 0.185747 0.187303 0.208788 0.627598 0.476384 0.504355 0.302092 0.299916 0.326793 0.274800 0.312648 0.995800 0.927431 0.890272 0.825280 0.728984 0.888495 0.648193 0.646864 0.940125 0.856376 0.820500 0.819818 0.955372 0.750312 0.670095 0.778290 0.803818 0.961712 0.836850 0.943282 0.644687 0.582967
0.211731 0.204732 0.267343 0.362055 0.866683 0.729441 0.510152 0.472511 0.558855 0.857743 0.445548 0.270450 0.326528 0.293317 0.496373 0.552740 0.201832 0.214860 0.000000 0.186237 0.483024 0.887317 0.339209 0.384050 0.278004 0.476318 0.420526 0.942904 0.308696 0.355543 0.498610 0.413465 0.215762 0.269800 0.574746 0.872453 0.478817 0.581896 0.775710 0.650228 0.591334 0.613181 0.746832 0.551395 0.897711 0.673830 0.325481 0.411895 0.636768 0.461581 0.608107 0.547037 0.798559 0.914539 0.259194 0.344043 0.213986 0.210454 0.332174 0.328435 0.330485 0.414148 0.193409 0.205973 0.322018 0.423009 0.457151 0.572257 0.331941 0.330517 0.995967 0.710676 0.767186 0.855036 0.710654 0.835866 0.834783 0.894883 0.375251 0.345148 0.219026 0.300155 0.251751 0.256265 0.212776 0.216897 0.782129 0.491888 0.487288 0.264230 0.450111 0.528945 0.435104 0.420898 0.839991 0.825662 0.876597 0.931079 0.993614 0.880202 0.877666 0.809257 0.747653 0.640999 0.629518 0.578096 0.795126 0.886644 0.778366 0.648815 0.643244 0.851424 0.977664 0.881879 0.527773 0.634784
0.161518 0.169851 0.306239 0.450471 0.776218 0.661186 0.706428 0.605552 0.498342 0.625275 0.272898 0.221741 0.302251 0.309957 0.451834 0.598108 0.181591 0.172451 0.186237 0.000000 0.449244 0.967196 0.507889 0.427548 0.259885 0.525056 0.346688 0.864307 0.333399 0.324693 0.686173 0.622300 0.330853 0.372955 0.756170 0.908848 0.562028 0.565859 0.761958 0.714826 0.531974 0.684974 0.976305 0.769427 0.863702 0.914064 0.500616 0.604756 0.853683 0.679564 0.844183 0.762050 0.967911 0.680455 0.322572 0.446294 0.189371 0.179672 0.465523 0.412052 0.350308 0.477390 0.238767 0.246115 0.221407 0.406338 0.666813 0.766859 0.234784 0.349058 0.781183 0.564631 0.952794 0.947652 0.722519 0.973326 0.955545 0.950072 0.470733 0.405966 0.225395 0.234586 0.287816 0.200806 0.195470 0.226636 0.680790 0.474002 0.505472 0.281464 0.297638 0.369187 0.312421 0.329257 0.970130 0.926941 0.976630 0.854547 0.731314 0.839171 0.649195 0.617017 0.972053 0.831415 0.821256 0.841776 0.957520 0.758015 0.774276 0.758134 0.828696 0.968627 0.811204 0.927938 0.729817 0.574887
0.441746 0.474469 0.484371 0.588518 0.999643 0.887113 0.690410 0.660139 0.753507 0.800139 0.586835 0.484916 0.514382 0.550715 0.611694 0.653600 0.470155 0.465334 0.483024 0.449244 0.000000 0.908463 0.579902 0.602395 0.472698 0.587637 0.580615 0.995021 0.536968 0.562490 0.661146 0.572517 0.459459 0.536507 0.942054 0.974093 0.712144 0.725486 0.880205 0.768241 0.792634 0.791473 0.860240 0.723051 0.908702 0.797323 0.601297 0.580339 0.760087 0.656209 0.780947 0.717125 0.839829 0.922794 0.481164 0.596182 0.469474 0.476084 0.546067 0.539273 0.504265 0.614432 0.409410 0.461907 0.528967 0.595500 0.616900 0.693001 0.532825 0.611017 0.993007 0.746973 0.864237 0.917484 0.801046 0.889095 0.934432 0.971923 0.569336 0.413957 0.444362 0.496455 0.444739 0.526336 0.463085 0.497934 0.917986 0.794269 0.660184 0.542845 0.625232 0.640735 0.678553 0.707472 0.991840 0.820997 0.912564 0.895896 0.981344 0.974626 0.839267 0.837303 0.855477 0.764818 0.787359 0.737724 0.946358 0.859181 0.766298 0.755052 0.795888 0.999494 0.945495 0.762704 0.597386 0.756362
0.952475 0.984549 0.889962 0.932233 0.847378 0.929150 0.879228 0.953728 0.949210 0.884216 0.834052 0.888962 0.955354 0.895777 0.916860 0.904597 0.957540 0.904746 0.887317 0.967196 0.908463 0.000000 0.815644 0.997628 0.929840 0.824726 0.851831 0.809141 0.976021 0.877984 0.768691 0.780432 0.881061 0.883294 0.843395 0.903659 0.853281 0.880690 0.972294 0.937133 0.951762 0.768624 0.737070 0.751890 0.808012 0.774718 0.768244 0.791200 0.748026 0.786305 0.790296 0.808451 0.880059 0.885213 0.947435 0.950346 0.936886 0.934425 0.913445 0.927097 0.923074 0.955150 0.970697 0.968419 0.947028 0.873913 0.770716 0.938998 0.962080 0.954752 0.827382 0.967072 0.963657 0.851052 0.999479 0.980433 0.684877 0.922837 0.936350 0.966917 0.990217 0.950631 0.995802 0.933670 0.982606 0.981001 0.898828 0.981947 0.959959 0.948967 0.843085 0.757523 0.806211 0.807552 0.733515 0.831363 0.817892 0.891744 0.670095 0.829705 0.907935 0.926038 0.835169 0.833580 0.789850 0.706547 0.888283 0.941414 0.865292 0.705474 0.921558 0.827502 0.758652 0.732650 0.886555 0.842380
0.511078 0.454926 0.358806 0.261359 0.822607 0.985949 0.340704 0.264239 0.997056 0.756486 0.835448 0.449956 0.467306 0.377488 0.480099 0.375534 0.464611 0.489087 0.339209 0.507889 0.579902 0.815644 0.000000 0.340343 0.497932 0.498277 0.717108 0.950651 0.488521 0.508212 0.237202 0.274650 0.287780 0.311080 0.459028 0.786163 0.582250 0.663852 0.826255 0.764663 0.878923 0.673763 0.403873 0.298126 0.567936 0.418302 0.289391 0.312675 0.449467 0.293704 0.314029 0.270402 0.402110 0.562136 0.402096 0.416311 0.485051 0.461230 0.393371 0.361405 0.396441 0.339536 0.376168 0.320374 0.544638 0.431635 0.332311 0.348358 0.704954 0.460021 0.585852 0.882782 0.450103 0.530716 0.654422 0.636770 0.526230 0.656619 0.307288 0.405342 0.419885 0.619218 0.452120 0.576274 0.447047 0.391931 0.995120 0.645607 0.612478 0.430120 0.837795 0.829930 0.783229 0.669823 0.702436 0.745934 0.861834 0.795477 0.674301 0.578240 0.894429 0.875152 0.636804 0.649582 0.449918 0.405053 0.584030 0.881948 0.908925 0.602201 0.607260 0.686237 0.687984 0.731862 0.391069 0.958296
0.371159 0.333685 0.334360 0.266372 0.877706 0.891124 0.588020 0.357804 0.861056 0.919895 0.591656 0.343267 0.325709 0.261679 0.381583 0.312288 0.359958 0.342591 0.384050 0.427548 0.602395 0.997628 0.340343 0.000000 0.414256 0.460088 0.633591 0.935975 0.504368 0.433756 0.576063 0.486057 0.405763 0.445244 0.638285 0.907450 0.667918 0.665024 0.811563 0.799746 0.731461 0.718501 0.781151 0.677879 0.977166 0.806998 0.482072 0.559248 0.785087 0.565224 0.582761 0.496683 0.655332 0.844471 0.387131 0.528563 0.336312 0.319486 0.468478 0.392613 0.362178 0.343568 0.365724 0.327344 0.363047 0.260998 0.559104 0.579620 0.528606 0.410354 0.998809 0.894261 0.780200 0.838463 0.770087 0.854865 0.889241 0.994343 0.451862 0.450316 0.330995 0.418010 0.379218 0.376716 0.345240 0.251218 0.740441 0.475887 0.515842 0.376751 0.600175 0.555177 0.562249 0.514056 0.931053 0.941675 0.961246 0.994052 0.959132 0.918013 0.865554 0.884250 0.962253 0.864828 0.762143 0.721379 0.832465 0.915487 0.671751 0.849978 0.753493 0.975646 0.958015 0.967137 0.701541 0.808712
0.230537 0.250247 0.381563 0.490387 0.813217 0.760502 0.784670 0.660071 0.514185 0.600491 0.407470 0.294007 0.341963 0.359616 0.506820 0.596517 0.248871 0.263151 0.278004 0.259885 0.472698 0.929840 0.497932 0.414256 0.000000 0.345310 0.418600 0.894619 0.492175 0.470121 0.733465 0.571132 0.399844 0.472276 0.654230 0.996554 0.549011 0.603083 0.657748 0.729146 0.587279 0.625939 0.963442 0.773034 0.869565 0.919884 0.476539 0.597214 0.852353 0.670947 0.839672 0.741779 0.991237 0.744351 0.384147 0.457881 0.261130 0.236081 0.472950 0.419797 0.477116 0.585197 0.299839 0.316722 0.331306 0.464948 0.695731 0.763734 0.256232 0.392981 0.770277 0.545410 0.993134 0.889978 0.705832 0.990089 0.992664 0.868263 0.527612 0.427445 0.248482 0.231986 0.329003 0.206514 0.202855 0.224509 0.722281 0.425424 0.503617 0.262251 0.366077 0.413512 0.392602 0.387011 0.904889 0.968756 0.962540 0.830909 0.789150 0.910962 0.696188 0.657176 0.913816 0.780956 0.848707 0.759486 0.974486 0.688299 0.722147 0.712992 0.855948 0.930129 0.810958 0.957221 0.711991 0.564670
0.479104 0.487933 0.486608 0.523448 0.968173 0.883615 0.626113 0.597258 0.731754 0.921521 0.753487 0.570791 0.510787 0.502547 0.594521 0.619236 0.510917 0.508118 0.476318 0.525056 0.587637 0.824726 0.498277 0.460088 0.345310 0.000000 0.589975 0.940142 0.663189 0.669437 0.600204 0.547318 0.494904 0.451028 0.613652 0.959560 0.629634 0.617391 0.760030 0.795224 0.818610 0.489918 0.735067 0.607569 0.875514 0.727282 0.460096 0.531593 0.691290 0.559234 0.626710 0.545656 0.735412 0.932283 0.409030 0.420045 0.486072 0.476270 0.492719 0.474478 0.618631 0.635331 0.456431 0.489921 0.613061 0.582628 0.591654 0.641162 0.530966 0.477540 0.999601 0.772261 0.854497 0.886352 0.806804 0.866446 0.785484 0.913422 0.545210 0.547512 0.431141 0.485400 0.537488 0.441424 0.430888 0.395634 0.840445 0.631254 0.524161 0.402725 0.729636 0.756699 0.738957 0.635972 0.947122 0.725054 0.855889 0.996244 0.828908 0.794781 0.914415 0.993079 0.855066 0.656103 0.712251 0.627046 0.765295 0.956787 0.795122 0.740935 0.946375 0.911038 0.915614 0.819557 0.630056 0.773861
0.361932 0.366863 0.506562 0.624704 0.881064 0.711459 0.827983 0.764811 0.574242 0.678245 0.405970 0.399894 0.426965 0.453532 0.597423 0.714295 0.393166 0.397671 0.420526 0.346688 0.580615 0.851831 0.717108 0.633591 0.418600 0.589975 0.000000 0.899859 0.567335 0.532520 0.820310 0.726494 0.555247 0.527256 0.839067 0.888802 0.567851 0.714366 0.740672 0.733149 0.635552 0.763723 0.883918 0.948141 0.780492 0.949876 0.716639 0.815991 0.985454 0.872401 0.957406 0.873060 0.882300 0.659167 0.498107 0.631140 0.391034 0.381992 0.630630 0.563806 0.503734 0.633373 0.416375 0.451537 0.419936 0.567519 0.824296 0.950124 0.405496 0.584389 0.702291 0.559876 0.966958 0.855058 0.627330 0.902366 0.906752 0.795156 0.722149 0.603796 0.475487 0.406839 0.472557 0.412904 0.359190 0.393344 0.742141 0.616306 0.593911 0.514287 0.380362 0.487958 0.447067 0.508075 0.847380 0.935351 0.869106 0.746819 0.720815 0.726123 0.564891 0.711544 0.925943 0.832675 0.996355 0.865296 0.958806 0.671996 0.847083 0.894989 0.839343 0.892776 0.767118 0.930999 0.770303 0.714964
0.829935 0.879464 0.901954 0.977009 0.893500 0.943613 0.970692 0.988688 0.952298 0.797476 0.735641 0.880899 0.815339 0.882486 0.816614 0.960566 0.869778 0.798450 0.942904 0.864307 0.995021 0.809141 0.950651 0.935975 0.894619 0.940142 0.899859 0.000000 0.925981 0.941030 0.731356 0.878040 0.971695 0.982178 0.987836 0.894394 0.969876 0.920650 0.970030 0.954363 0.983932 0.811654 0.870919 0.922372 0.794553 0.808820 0.900692 0.902900 0.855093 0.841690 0.858799 0.869466 0.857523 0.764665 0.948289 0.987391 0.832074 0.822055 0.991366 0.987191 0.863395 0.946726 0.892942 0.906349 0.760399 0.790977 0.843396 0.788962 0.841782 0.918725 0.842099 0.817413 0.935358 0.978887 0.981519 0.987618 0.766354 0.845220 0.966348 0.963547 0.862408 0.764886 0.966783 0.882282 0.812278 0.838594 0.926710 0.932700 0.998141 0.852296 0.833992 0.823916 0.814263 0.914617 0.921128 0.959086 0.857572 0.903605 0.810422 0.841410 0.714778 0.897596 0.892882 0.993269 0.978831 0.858312 0.901832 0.902432 0.928387 0.803246 0.973276 0.818631 0.899879 0.914163 0.996962 0.801586
0.378750 0.375247 0.410332 0.523311 0.908410 0.816153 0.558437 0.514776 0.724918 0.991063 0.373834 0.274197 0.360916 0.327402 0.387727 0.448371 0.227032 0.241686 0.308696 0.333399 0.536968 0.976021 0.488521 0.504368 0.492175 0.663189 0.567335 0.925981 0.000000 0.185749 0.569379 0.558185 0.305755 0.299631 0.711620 0.797665 0.603248 0.630552 0.851765 0.674699 0.715802 0.706865 0.796737 0.620217 0.840463 0.699667 0.498579 0.550552 0.685159 0.568678 0.678704 0.654613 0.791135 0.995211 0.357508 0.415288 0.365901 0.344560 0.558390 0.563857 0.285486 0.336475 0.276552 0.263184 0.358396 0.399581 0.581007 0.596495 0.555714 0.508200 0.903129 0.886791 0.717953 0.746664 0.695148 0.795125 0.901225 0.782792 0.438341 0.413758 0.319097 0.459826 0.282170 0.408964 0.399584 0.436566 0.724877 0.656728 0.569873 0.494164 0.523116 0.558324 0.405542 0.462631 0.906762 0.859157 0.999267 0.905558 0.908386 0.985668 0.862667 0.814431 0.813923 0.817412 0.723545 0.745829 0.810575 0.921562 0.773576 0.713800 0.787422 0.885878 0.965439 0.943351 0.607326 0.797393
0.374386 0.348303 0.469213 0.515519 0.913731 0.756901 0.656326 0.519075 0.732471 0.930099 0.345125 0.207574 0.351636 0.270318 0.358893 0.371630 0.209518 0.229635 0.355543 0.324693 0.562490 0.877984 0.508212 0.433756 0.470121 0.669437 0.532520 0.941030 0.185749 0.000000 0.557056 0.574321 0.361388 0.345426 0.749727 0.716192 0.579820 0.544688 0.746013 0.714517 0.683480 0.791937 0.942582 0.749881 0.960794 0.813761 0.554478 0.624025 0.831930 0.662174 0.758274 0.703611 0.845808 0.962337 0.381055 0.491395 0.352771 0.313491 0.601131 0.584813 0.256154 0.281765 0.280642 0.235893 0.330574 0.328939 0.666224 0.647053 0.533579 0.500766 0.998701 0.854845 0.781153 0.852519 0.664084 0.833606 0.961363 0.923721 0.482203 0.413246 0.315795 0.469308 0.267756 0.370121 0.415956 0.409665 0.642372 0.615042 0.559024 0.495711 0.398089 0.375364 0.324057 0.335071 0.975007 0.930522 0.868835 0.813359 0.742409 0.860598 0.799867 0.692043 0.942240 0.952828 0.853059 0.858020 0.908856 0.761071 0.776081 0.777537 0.831373 0.978649 0.886959 0.919587 0.693946 0.788610
0.717512 0.641133 0.543778 0.417783 0.755477 0.920710 0.328196 0.346474 0.946005 0.547158 0.965727 0.639100 0.715779 0.587381 0.695892 0.519471 0.621050 0.674415 0.498610 0.686173 0.661146 0.768691 0.237202 0.576063 0.733465 0.600204 0.820310 0.731356 0.569379 0.557056 0.000000 0.288854 0.337473 0.307035 0.515138 0.673280 0.601941 0.691624 0.878382 0.822013 0.969438 0.752431 0.363694 0.273188 0.405241 0.300343 0.303075 0.294644 0.367384 0.261162 0.266206 0.240834 0.337183 0.438757 0.495282 0.449004 0.662136 0.656030 0.435712 0.466056 0.524916 0.421087 0.488541 0.446496 0.804650 0.660635 0.286286 0.277686 0.929816 0.601745 0.455387 0.781692 0.441121 0.490390 0.767862 0.573533 0.413850 0.513155 0.345027 0.495841 0.593509 0.899204 0.590425 0.783543 0.710212 0.648043 0.890584 0.853601 0.705997 0.617354 0.954329 0.951431 0.927721 0.778833 0.551799 0.704048 0.733564 0.768003 0.522772 0.499166 0.794337 0.818290 0.589260 0.670528 0.437278 0.384346 0.533278 0.777637 0.875462 0.579528 0.645424 0.518716 0.528487 0.668688 0.392720 0.842586
0.599340 0.559625 0.463765 0.403056 0.756863 0.930304 0.393935 0.413848 0.926041 0.747135 0.881650 0.565768 0.520544 0.471263 0.591827 0.479805 0.534400 0.555496 0.413465 0.622300 0.572517 0.780432 0.274650 0.486057 0.571132 0.547318 0.726494 0.878040 0.558185 0.574321 0.288854 0.000000 0.344460 0.351470 0.606291 0.726059 0.632772 0.701648 0.964302 0.738617 0.958533 0.743438 0.535689 0.419663 0.611520 0.487147 0.369817 0.359065 0.525297 0.379168 0.410862 0.367739 0.461250 0.621100 0.449353 0.491587 0.561938 0.550984 0.411425 0.444291 0.480572 0.456524 0.421377 0.425032 0.683485 0.554232 0.393159 0.375967 0.779978 0.587409 0.676375 0.955613 0.537000 0.607297 0.605777 0.721527 0.627638 0.745292 0.423488 0.423707 0.503018 0.685021 0.449313 0.638521 0.550634 0.497185 0.937851 0.741223 0.691639 0.535112 0.856783 0.842069 0.832016 0.762312 0.712219 0.834435 0.856385 0.820885 0.665687 0.575733 0.881210 0.850846 0.584268 0.636639 0.569414 0.389269 0.684684 0.890115 0.950874 0.646576 0.568913 0.709754 0.658447 0.694704 0.414927 0.988527
0.310618 0.287522 0.319401 0.322132 0.996281 0.799814 0.362457 0.333050 0.707369 0.904867 0.608800 0.330015 0.402825 0.370406 0.528460 0.493636 0.283617 0.317298 0.215762 0.330853 0.459459 0.881061 0.287780 0.405763 0.399844 0.494904 0.555247 0.971695 0.305755 0.361388 0.337473 0.344460 0.000000 0.210890 0.527513 0.826722 0.518455 0.564452 0.846859 0.729675 0.750438 0.668354 0.579184 0.401190 0.691123 0.500913 0.272453 0.326471 0.474585 0.337736 0.412487 0.368287 0.589909 0.830288 0.317385 0.320529 0.273183 0.281030 0.264069 0.269537 0.295929 0.326512 0.214974 0.202828 0.417102 0.437326 0.313291 0.397524 0.489822 0.317377 0.831853 0.883608 0.599586 0.718842 0.687066 0.678181 0.692445 0.747512 0.263983 0.331156 0.283662 0.487490 0.301873 0.384045 0.325580 0.311457 0.987670 0.587620 0.514007 0.342060 0.559244 0.634457 0.554094 0.512702 0.751316 0.777874 0.779480 0.959073 0.828634 0.739600 0.943269 0.971366 0.687352 0.629799 0.503421 0.493570 0.671102 0.968615 0.838739 0.591962 0.618695 0.706202 0.785536 0.773536 0.452594 0.831430
0.394611 0.352629 0.354365 0.370268 0.903055 0.931995 0.330965 0.356776 0.741097 0.841901 0.614954 0.366169 0.408590 0.341180 0.448657 0.451125 0.321978 0.339608 0.269800 0.372955 0.536507 0.883294 0.311080 0.445244 0.472276 0.451028 0.527256 0.982178 0.299631 0.345426 0.307035 0.351470 0.210890 0.000000 0.507342 0.730909 0.467622 0.564931 0.778390 0.760432 0.778041 0.605045 0.583736 0.410704 0.672638 0.511846 0.286040 0.372072 0.496979 0.373737 0.431766 0.389356 0.545870 0.786902 0.321574 0.274849 0.358958 0.362758 0.349122 0.390475 0.305185 0.327949 0.227733 0.227782 0.493217 0.451308 0.379701 0.441945 0.605617 0.411811 0.778103 0.943881 0.555641 0.632121 0.706710 0.693170 0.667171 0.670802 0.291868 0.360575 0.324615 0.543589 0.372350 0.441272 0.409668 0.394287 0.939965 0.655891 0.485636 0.405972 0.602094 0.666340 0.559848 0.527216 0.777955 0.811969 0.822367 0.942194 0.805377 0.712716 0.911230 0.991705 0.718291 0.640480 0.574539 0.517966 0.589511 0.963370 0.883319 0.684674 0.673562 0.688215 0.771818 0.784491 0.405890 0.927428
0.707629 0.660460 0.666093 0.590991 0.996943 0.978987 0.586883 0.560463 0.919797 0.865969 0.975511 0.663941 0.713206 0.695852 0.762657 0.710011 0.667952 0.702062 0.574746 0.756170 0.942054 0.843395 0.459028 0.638285 0.654230 0.613652 0.839067 0.987836 0.711620 0.749727 0.515138 0.606291 0.527513 0.507342 0.000000 0.843735 0.603801 0.791059 0.811947 0.888728 0.791334 0.723436 0.540712 0.456754 0.656241 0.572888 0.456819 0.506199 0.599917 0.489373 0.505440 0.511355 0.590520 0.704016 0.594112 0.503879 0.683537 0.683284 0.575752 0.587914 0.675084 0.620137 0.600281 0.546244 0.748717 0.704889 0.487649 0.533517 0.840281 0.632952 0.763413 0.863026 0.686202 0.710883 0.849617 0.732824 0.579834 0.665580 0.599686 0.647638 0.611958 0.763773 0.683338 0.708232 0.631179 0.615603 0.940707 0.793976 0.587653 0.604527 0.942251 0.910301 0.903621 0.766436 0.711603 0.805677 0.819354 0.934902 0.722348 0.623915 0.860941 0.946024 0.580657 0.643185 0.527409 0.596667 0.659513 0.907166 0.884600 0.601650 0.667814 0.701839 0.754675 0.867238 0.492030 0.993985
0.959327 0.889995 0.995830 0.868169 0.724797 0.906784 0.872862 0.836115 0.940925 0.830435 0.948852 0.853229 0.987053 0.899016 0.919092 0.862485 0.860663 0.851520 0.872453 0.908848 0.974093 0.903659 0.786163 0.907450 0.996554 0.959560 0.888802 0.894394 0.797665 0.716192 0.673280 0.726059 0.826722 0.730909 0.843735 0.000000 0.771039 0.826325 0.900021 0.988106 0.925460 0.875398 0.867231 0.779434 0.767395 0.759311 0.810298 0.749626 0.878974 0.815606 0.833044 0.796556 0.816978 0.791279 0.870936 0.770401 0.920133 0.915702 0.881190 0.939134 0.852276 0.772302 0.842485 0.789019 0.981673 0.920739 0.779739 0.699269 0.902337 0.889238 0.791645 0.749362 0.790907 0.937971 0.831096 0.884421 0.959202 0.829420 0.826553 0.856432 0.900841 0.961543 0.848655 0.934010 0.958966 0.922433 0.996102 0.918429 0.898113 0.913801 0.892742 0.838659 0.875879 0.823072 0.962454 0.783858 0.844063 0.725721 0.940359 0.926749 0.934474 0.966047 0.827654 0.872527 0.943044 0.837744 0.928335 0.882436 0.947119 0.857642 0.958157 0.898475 0.874155 0.974964 0.757684 0.854539
0.520628 0.501864 0.628746 0.584183 0.929898 0.932327 0.629053 0.566805 0.734728 0.991491 0.708580 0.518741 0.654754 0.603043 0.771580 0.750995 0.542202 0.571338 0.478817 0.562028 0.712144 0.853281 0.582250 0.667918 0.549011 0.629634 0.567851 0.969876 0.603248 0.579820 0.601941 0.632772 0.518455 0.467622 0.603801 0.771039 0.000000 0.543470 0.722478 0.689182 0.638933 0.635046 0.857343 0.693498 0.908372 0.771255 0.561571 0.654276 0.764633 0.629288 0.695246 0.657702 0.811815 0.975564 0.517742 0.541948 0.547247 0.523814 0.544570 0.558861 0.594990 0.571408 0.450817 0.447325 0.687514 0.700379 0.620678 0.674124 0.640257 0.567187 0.868391 0.918994 0.729582 0.865349 0.675227 0.957817 0.889833 0.960186 0.682064 0.668708 0.578841 0.703734 0.553091 0.560897 0.554999 0.541103 0.841750 0.726990 0.593368 0.563262 0.570532 0.631897 0.508647 0.506344 0.948786 0.927091 0.951842 0.999368 0.987691 0.974465 0.877574 0.848192 0.807767 0.648139 0.719355 0.700446 0.956660 0.901496 0.997352 0.775390 0.866123 0.879396 0.975221 0.958625 0.714900 0.911509
0.537467 0.523061 0.559127 0.585540 0.882023 0.939329 0.614976 0.540453 0.882922 0.891887 0.683063 0.534708 0.621687 0.647350 0.815942 0.722269 0.611017 0.572579 0.581896 0.565859 0.725486 0.880690 0.663852 0.665024 0.603083 0.617391 0.714366 0.920650 0.630552 0.544688 0.691624 0.701648 0.564452 0.564931 0.791059 0.826325 0.543470 0.000000 0.773835 0.813930 0.616940 0.635458 0.976021 0.872221 0.950437 0.939087 0.717781 0.840396 0.953222 0.824083 0.843066 0.790855 0.891373 0.942883 0.590908 0.673333 0.513131 0.479978 0.675048 0.617764 0.515617 0.486004 0.505921 0.445831 0.604536 0.547107 0.792421 0.752313 0.607701 0.421167 0.942147 0.902873 0.813283 0.897139 0.757601 0.916359 0.941030 0.932655 0.657251 0.732319 0.589113 0.711174 0.576714 0.605670 0.628380 0.570316 0.856426 0.808389 0.607802 0.567254 0.567162 0.538487 0.588085 0.434243 0.928988 0.944909 0.986235 0.919625 0.868265 0.934956 0.941923 0.808716 0.934393 0.968768 0.883809 0.845521 0.894784 0.911248 0.938361 0.865735 0.942217 0.938661 0.874096 0.993107 0.770072 0.686376
