0.000000 0.214378 0.501350 0.728555 0.691060 0.988200 0.501994 0.568272 0.873999 0.843267 0.396402 0.315780 0.298985 0.485891 0.705120 0.746143 0.337468 0.369919 0.302953 0.313959 0.853682 0.981295 0.631660 0.756752 0.871480 0.952784 0.949919 0.987225 0.585350 0.500952 0.935565 0.989799 0.379196 0.384104 0.756382 0.852128 0.590065 0.785489 0.856076 0.877168 0.823919 0.992476 0.934538 0.892018 0.980901 0.864312 0.550283 0.523497 0.733890 0.500943 0.573845 0.509547 0.957739 0.804030 0.427450 0.567615 0.300202 0.224702 0.323878 0.349590 0.262789 0.339721 0.247255 0.255488 0.555440 0.608694 0.608035 0.806552 0.314670 0.267106 0.759516 0.975653 0.520334 0.724200 0.707707 0.811367 0.756573 0.827264 0.504714 0.534405 0.263330 0.289353 0.399025 0.358320 0.264344 0.438865 0.614661 0.655637 0.440650 0.493396 0.594831 0.466424 0.581412 0.507627 0.935442 0.893402 0.440432 0.965974 0.931502 0.997120 0.744764 0.839584 0.780390 0.790540 0.709144 0.639152 0.978194 0.950434 0.893853 0.609421 0.995941 0.765468 0.955328 0.872843 0.694055 0.768209
0.214378 0.000000 0.538616 0.687356 0.770009 0.960368 0.588528 0.525288 0.944020 0.797842 0.461188 0.255969 0.354383 0.459057 0.765095 0.716962 0.314591 0.342606 0.341796 0.291222 0.873316 0.983575 0.657369 0.689750 0.886538 0.955806 0.886314 0.973924 0.580067 0.508895 0.980505 0.965948 0.423477 0.432337 0.776888 0.924982 0.603645 0.732684 0.819870 0.825351 0.847779 0.969180 0.852616 0.840953 0.961332 0.901150 0.485310 0.561808 0.804301 0.561781 0.580963 0.513964 0.958913 0.772688 0.459939 0.597834 0.285228 0.202052 0.372469 0.374714 0.324183 0.335721 0.281488 0.258903 0.564918 0.545485 0.641188 0.794069 0.328639 0.280505 0.721969 0.959956 0.569835 0.761810 0.745007 0.785429 0.680239 0.737849 0.462746 0.480869 0.287642 0.305101 0.438716 0.405403 0.309027 0.413827 0.626801 0.695938 0.489104 0.507560 0.548760 0.479338 0.580403 0.493095 0.960987 0.871253 0.475583 0.951198 0.964980 0.999734 0.722600 0.787898 0.851188 0.821572 0.713229 0.611224 0.973753 0.988462 0.890452 0.602217 0.964515 0.766682 0.907360 0.898822 0.665707 0.838252
0.501350 0.538616 0.000000 0.313629 0.949938 0.784207 0.528889 0.589548 0.982554 0.607401 0.789652 0.716160 0.552804 0.714833 0.894497 0.701910 0.778031 0.846863 0.633612 0.684063 0.534239 0.973959 0.731614 0.470254 0.415154 0.484575 0.765346 0.715265 0.955879 0.941021 0.687584 0.977710 0.492831 0.491518 0.446304 0.892161 0.421026 0.687873 0.574563 0.679476 0.717318 0.990376 0.705514 0.718051 0.980251 0.855576 0.498296 0.470598 0.944291 0.688540 0.595312 0.503900 0.902822 0.895457 0.378066 0.527259 0.763860 0.638505 0.392996 0.449540 0.541107 0.694852 0.669920 0.763745 0.267140 0.410536 0.300193 0.395822 0.559808 0.497509 0.698298 0.878953 0.731622 0.812487 0.698758 0.836867 0.627097 0.923688 0.639527 0.755612 0.738993 0.705915 0.747763 0.672692 0.503946 0.302835 0.783172 0.965155 0.545530 0.577408 0.980674 0.774275 0.852137 0.936764 0.925940 0.796172 0.564852 0.743828 0.986599 0.943310 0.986341 0.866104 0.894350 0.950965 0.594821 0.434470 0.879788 0.813325 0.912449 0.748475 0.945597 0.872991 0.885167 0.825205 0.630869 0.995598
0.728555 0.687356 0.313629 0.000000 0.854315 0.654088 0.630601 0.458611 0.899471 0.603090 0.984176 0.809774 0.724058 0.744546 0.973570 0.676427 0.962603 0.991289 0.828910 0.832802 0.575728 0.998695 0.895046 0.400276 0.377859 0.391251 0.782903 0.661666 0.811201 0.796763 0.700157 0.942994 0.668963 0.600375 0.521481 0.677305 0.496432 0.620837 0.444885 0.542171 0.745449 0.930894 0.530147 0.607358 0.926543 0.826285 0.433395 0.451831 0.824740 0.822842 0.575790 0.526237 0.949674 0.924064 0.511588 0.544070 0.929338 0.818646 0.514431 0.563386 0.718779 0.774933 0.880346 0.947529 0.357219 0.323025 0.311960 0.304691 0.788972 0.690297 0.694013 0.921879 0.972344 0.970891 0.772282 0.871252 0.567297 0.783796 0.735666 0.855780 0.968285 0.923990 0.884285 0.812353 0.722479 0.311027 0.873282 0.808568 0.687295 0.652892 0.791665 0.981561 0.639401 0.881972 0.895349 0.754492 0.601826 0.749761 0.965797 0.956751 0.868374 0.898874 0.933685 0.895247 0.537863 0.377445 0.828625 0.708234 0.884184 0.803445 0.891351 0.890771 0.769863 0.781630 0.635559 0.898988
0.691060 0.770009 0.949938 0.854315 0.000000 0.810030 0.826558 0.948584 0.797243 0.880174 0.739503 0.753428 0.646981 0.760613 0.808130 0.850822 0.702783 0.774889 0.683613 0.827903 0.851261 0.934180 0.768087 0.932575 0.815358 0.749091 0.853219 0.867874 0.676975 0.689372 0.872978 0.960232 0.890820 0.856228 0.976357 0.745930 0.880987 0.918158 0.862801 0.967030 0.825295 0.829573 0.917793 0.920047 0.909742 0.894461 0.923249 0.844878 0.810860 0.798724 0.853514 0.867567 0.910680 0.965341 0.957401 0.969877 0.702740 0.798245 0.793173 0.875175 0.711626 0.766936 0.672793 0.650788 0.981342 0.926718 0.894890 0.817350 0.743936 0.792310 0.978092 0.827787 0.910714 0.892029 0.990888 0.973333 0.882704 0.956064 0.826800 0.945737 0.701112 0.786037 0.744734 0.799462 0.696776 0.975797 0.826254 0.766575 0.806610 0.855482 0.722202 0.849024 0.595912 0.718548 0.824750 0.986774 0.894506 0.735904 0.986433 0.976890 0.746643 0.987701 0.947104 0.800235 0.993229 0.937809 0.979043 0.861079 0.986247 0.996093 0.839033 0.825102 0.886876 0.958654 0.918160 0.877761
0.988200 0.960368 0.784207 0.654088 0.810030 0.000000 0.966414 0.807373 0.838240 0.813858 0.971643 0.987330 0.951944 0.972816 0.798244 0.937689 0.968061 0.968569 0.931796 0.980439 0.655394 0.998505 0.758234 0.904355 0.691318 0.552930 0.985557 0.539745 0.857822 0.847340 0.999222 0.957231 0.983531 0.864045 0.808911 0.780805 0.835968 0.947703 0.755619 0.515167 0.640595 0.893854 0.622833 0.633013 0.986833 0.891244 0.784440 0.783767 0.823486 0.886892 0.928831 0.937456 0.875002 0.848555 0.872374 0.749352 0.988014 0.993835 0.884671 0.927280 0.975162 0.981831 0.898457 0.859374 0.793153 0.619120 0.649997 0.558323 0.998523 0.907148 0.897023 0.985346 0.978600 0.950320 0.922139 0.999485 0.871895 0.812757 0.977215 0.831910 0.924962 0.971258 0.868241 0.960923 0.929442 0.743019 0.991306 0.791433 0.939671 0.870172 0.632853 0.775821 0.601311 0.693634 0.934734 0.705390 0.792718 0.658682 0.880504 0.843265 0.665655 0.977848 0.858963 0.870369 0.930195 0.722041 0.938043 0.909006 0.903605 0.993467 0.869642 0.930134 0.910201 0.917939 0.925758 0.752524
0.501994 0.588528 0.528889 0.630601 0.826558 0.966414 0.000000 0.377106 0.588472 0.793695 0.516255 0.555977 0.319086 0.341857 0.505765 0.526003 0.601352 0.608697 0.345384 0.506416 0.824357 0.961705 0.660982 0.740970 0.993017 0.996239 0.883003 0.955960 0.561303 0.612442 0.683365 0.663904 0.359487 0.297886 0.797246 0.953565 0.760925 0.834464 0.974492 0.942691 0.889777 0.948441 0.591370 0.502849 0.533602 0.436467 0.522187 0.344665 0.608427 0.467018 0.434246 0.500713 0.680835 0.791497 0.610265 0.612786 0.631963 0.655801 0.413577 0.574887 0.321053 0.470953 0.444328 0.522158 0.720681 0.698265 0.499362 0.608869 0.793484 0.637467 0.638407 0.725343 0.563217 0.595072 0.784808 0.699089 0.520507 0.682650 0.593900 0.645815 0.646410 0.726555 0.664796 0.711972 0.603611 0.587321 0.893867 0.909570 0.689383 0.778307 0.847525 0.980914 0.992552 0.918480 0.921875 0.915046 0.532339 0.894127 0.537800 0.586859 0.925993 0.738285 0.570376 0.574872 0.658330 0.704219 0.825505 0.728447 0.939176 0.701422 0.751350 0.554490 0.721702 0.621535 0.712441 0.657662
0.568272 0.525288 0.589548 0.458611 0.948584 0.807373 0.377106 0.000000 0.794154 0.930625 0.581343 0.437281 0.506303 0.391743 0.801459 0.550010 0.681517 0.671829 0.533201 0.577255 0.861728 0.934204 0.933408 0.707844 0.916070 0.893094 0.923937 0.985353 0.665647 0.685603 0.851096 0.801642 0.547374 0.404332 0.916473 0.942844 0.683143 0.690332 0.763734 0.755439 0.921761 0.884166 0.465593 0.473022 0.738782 0.505934 0.375600 0.329079 0.683815 0.570770 0.356505 0.428848 0.810010 0.971822 0.567063 0.567402 0.664580 0.614017 0.433752 0.508625 0.415760 0.361206 0.552049 0.551054 0.740700 0.454900 0.506196 0.516348 0.781894 0.582995 0.799026 0.905080 0.747343 0.768997 0.789230 0.730508 0.522854 0.608673 0.651128 0.684240 0.705651 0.753894 0.706091 0.747752 0.741109 0.480845 0.866238 0.903761 0.745629 0.761720 0.841144 0.983543 0.902050 0.884598 0.938464 0.758865 0.508744 0.814060 0.591185 0.606164 0.763320 0.908607 0.650107 0.611249 0.609919 0.531296 0.785886 0.678089 0.861638 0.699124 0.738899 0.576218 0.633357 0.645713 0.647243 0.745481
0.873999 0.944020 0.982554 0.899471 0.797243 0.838240 0.588472 0.794154 0.000000 0.495748 0.795511 0.902494 0.682028 0.688533 0.542981 0.665452 0.848921 0.844100 0.705372 0.903865 0.959368 0.886705 0.736985 0.973217 0.703597 0.683159 0.793297 0.795635 0.639113 0.735786 0.840410 0.798791 0.762098 0.756445 0.955491 0.743719 0.923680 0.899681 0.747204 0.809507 0.890983 0.892107 0.858870 0.711148 0.483638 0.520077 0.849313 0.781612 0.531588 0.645922 0.729139 0.813718 0.539905 0.578983 0.935576 0.984364 0.882056 0.913806 0.852081 0.996141 0.704083 0.773796 0.723232 0.742127 0.897426 0.793651 0.956421 0.923798 0.867906 0.946687 0.972677 0.867355 0.824681 0.861115 0.904251 0.856974 0.899096 0.817404 0.911779 0.963802 0.907036 0.975911 0.906793 0.931067 0.979549 0.902883 0.994725 0.872571 0.988871 0.909243 0.958352 0.861514 0.764656 0.932623 0.877021 0.963691 0.958742 0.894408 0.658177 0.680423 0.930037 0.742423 0.745110 0.676989 0.965208 0.992041 0.821654 0.894422 0.909729 0.910268 0.824087 0.755810 0.811850 0.810616 0.911069 0.678927
0.843267 0.797842 0.607401 0.603090 0.880174 0.813858 0.793695 0.930625 0.495748 0.000000 0.905695 0.978683 0.952990 0.866815 0.644791 0.817270 0.966035 0.989126 0.930939 0.915850 0.761236 0.982669 0.936420 0.623132 0.416182 0.507493 0.624156 0.655160 0.615639 0.713990 0.923143 0.707201 0.940563 0.974830 0.582892 0.856727 0.697869 0.797301 0.511578 0.579694 0.765983 0.971426 0.879914 0.773671 0.410597 0.501247 0.887881 0.964920 0.424063 0.732706 0.819120 0.968519 0.529446 0.441650 0.682012 0.748177 0.935926 0.844554 0.889884 0.862113 0.908664 0.898058 0.954167 0.882029 0.488462 0.525974 0.672572 0.655344 0.657129 0.830276 0.882038 0.831672 0.825663 0.759072 0.934112 0.839945 0.948941 0.912366 0.920612 0.943721 0.910882 0.747411 0.898715 0.744298 0.692161 0.514843 0.876446 0.975737 0.746186 0.721161 0.841560 0.655385 0.862669 0.888701 0.973401 0.898790 0.836639 0.924445 0.556328 0.497818 0.833013 0.691446 0.674037 0.735458 0.864703 0.722170 0.864786 0.827947 0.836829 0.916036 0.795138 0.762331 0.741994 0.797227 0.880694 0.807142
0.396402 0.461188 0.789652 0.984176 0.739503 0.971643 0.516255 0.581343 0.795511 0.905695 0.000000 0.329041 0.428482 0.517333 0.718910 0.807176 0.391558 0.374540 0.392610 0.365975 0.982910 0.993071 0.903797 0.898559 0.777721 0.725235 0.823585 0.809898 0.470588 0.371263 0.888215 0.940692 0.550605 0.457228 0.920090 0.705922 0.875617 0.921833 0.869142 0.954398 0.929283 0.923989 0.980353 0.933953 0.869827 0.801069 0.796117 0.643968 0.654947 0.662360 0.726101 0.764902 0.926832 0.810569 0.720497 0.702498 0.434078 0.422299 0.569142 0.612111 0.365031 0.398631 0.352994 0.354673 0.908820 0.776157 0.829577 0.912320 0.581182 0.520562 0.879309 0.985433 0.508727 0.611109 0.726656 0.873286 0.832703 0.838868 0.630348 0.548261 0.370380 0.396397 0.579688 0.532899 0.585109 0.742913 0.815037 0.803419 0.731303 0.754985 0.782176 0.683580 0.689462 0.598836 0.806192 0.974508 0.650145 0.936889 0.797542 0.956503 0.957887 0.975297 0.678775 0.723434 0.911239 0.888369 0.904138 0.922219 0.868977 0.732216 0.899603 0.757351 0.948926 0.832971 0.798943 0.679573
0.315780 0.255969 0.716160 0.809774 0.753428 0.987330 0.555977 0.437281 0.902494 0.978683 0.329041 0.000000 0.403584 0.403232 0.768626 0.711053 0.331716 0.333410 0.357099 0.314518 0.990092 0.915752 0.819237 0.883116 0.869891 0.777337 0.961017 0.877245 0.449800 0.367302 0.908491 0.977859 0.502963 0.451205 0.959708 0.823579 0.743529 0.804020 0.995893 0.918339 0.964609 0.955584 0.836431 0.841878 0.934850 0.825332 0.550532 0.583955 0.704670 0.599520 0.595106 0.603282 0.937434 0.775213 0.637010 0.682723 0.305562 0.281157 0.475713 0.483896 0.319365 0.258133 0.286332 0.251270 0.833606 0.602977 0.767403 0.850392 0.452305 0.388490 0.852464 0.926713 0.564684 0.743352 0.738134 0.717025 0.746022 0.722163 0.504726 0.494746 0.311950 0.350451 0.491158 0.503986 0.491386 0.556292 0.711911 0.763155 0.647784 0.662361 0.672294 0.582309 0.629475 0.509326 0.879472 0.886802 0.535542 0.984512 0.849367 0.872141 0.891900 0.935513 0.739851 0.697029 0.811964 0.738685 0.958824 0.951964 0.859853 0.633711 0.852257 0.709698 0.842162 0.852767 0.703899 0.734279
0.298985 0.354383 0.552804 0.724058 0.646981 0.951944 0.319086 0.506303 0.682028 0.952990 0.428482 0.403584 0.000000 0.351338 0.478797 0.505388 0.375629 0.416480 0.264792 0.347795 0.836034 0.960785 0.509389 0.687073 0.983781 0.867098 0.988756 0.950415 0.491386 0.496399 0.821893 0.797388 0.344245 0.335529 0.805875 0.888099 0.734268 0.835169 0.902284 0.951492 0.841115 0.978545 0.815036 0.720070 0.759701 0.654784 0.545783 0.449610 0.679675 0.475968 0.542026 0.541411 0.836173 0.970435 0.574986 0.656761 0.416905 0.405116 0.403494 0.515940 0.264440 0.407136 0.258747 0.330172 0.615130 0.716830 0.652095 0.803936 0.551394 0.460697 0.681501 0.873393 0.541135 0.658197 0.830634 0.771247 0.578845 0.751000 0.523466 0.518647 0.406928 0.475590 0.464482 0.479653 0.346760 0.508046 0.697806 0.657155 0.562787 0.574353 0.783599 0.704656 0.669399 0.624703 0.961921 0.991396 0.549844 0.994629 0.752227 0.793835 0.812457 0.977586 0.748826 0.655855 0.691217 0.699193 0.973837 0.942015 0.982882 0.764036 0.922523 0.656350 0.812859 0.810364 0.697599 0.687509
0.485891 0.459057 0.714833 0.744546 0.760613 0.972816 0.341857 0.391743 0.688533 0.866815 0.517333 0.403232 0.351338 0.000000 0.572864 0.490346 0.459097 0.430090 0.327249 0.375166 0.974126 0.976269 0.615590 0.685670 0.877010 0.846672 0.999310 0.902408 0.423029 0.468426 0.836747 0.670321 0.406352 0.404476 0.904174 0.960587 0.818919 0.761405 0.940059 0.945545 0.980122 0.874303 0.679024 0.587020 0.686319 0.559838 0.500352 0.454344 0.668045 0.563018 0.546121 0.598667 0.860220 0.941611 0.726388 0.751340 0.447252 0.518242 0.565234 0.692095 0.392738 0.431863 0.373784 0.388828 0.819412 0.720043 0.732151 0.799042 0.732613 0.620165 0.701618 0.778586 0.693219 0.705893 0.869368 0.651261 0.599733 0.603911 0.509680 0.545220 0.476236 0.558793 0.493851 0.597644 0.522185 0.563760 0.846440 0.677579 0.711041 0.673513 0.924063 0.903391 0.804095 0.751100 0.955117 0.910819 0.550812 0.965199 0.681249 0.641435 0.910442 0.862605 0.691527 0.650525 0.748091 0.812632 0.971899 0.876090 0.958328 0.663954 0.802491 0.656888 0.740984 0.691131 0.786532 0.650073
0.705120 0.765095 0.894497 0.973570 0.808130 0.798244 0.505765 0.801459 0.542981 0.644791 0.718910 0.768626 0.478797 0.572864 0.000000 0.433970 0.622985 0.626878 0.564292 0.690286 0.967356 0.959037 0.438278 0.830867 0.836959 0.739083 0.946049 0.889539 0.509892 0.580294 0.644383 0.577398 0.545468 0.661202 0.985491 0.845119 0.985388 0.916452 0.749525 0.732250 0.966606 0.938451 0.953410 0.784384 0.699591 0.695850 0.845801 0.770140 0.709829 0.671782 0.864961 0.880385 0.749356 0.789076 0.906016 0.939235 0.722161 0.763044 0.831044 0.956120 0.643348 0.760190 0.543779 0.592705 0.903438 0.802053 0.961818 0.829390 0.998830 0.881344 0.795395 0.812118 0.746456 0.853061 0.912513 0.747321 0.764047 0.852936 0.749415 0.746026 0.694786 0.850893 0.628999 0.708255 0.700397 0.902789 0.832790 0.709634 0.861126 0.833845 0.901062 0.991913 0.679699 0.801597 0.954485 0.879545 0.913284 0.841588 0.693328 0.756120 0.749631 0.883657 0.815908 0.790904 0.965469 0.929344 0.959921 0.878681 0.932395 0.976951 0.980602 0.655244 0.894341 0.726217 0.981323 0.717576
0.746143 0.716962 0.701910 0.676427 0.850822 0.937689 0.526003 0.550010 0.665452 0.817270 0.807176 0.711053 0.505388 0.490346 0.433970 0.000000 0.706577 0.726147 0.640227 0.727045 0.815992 0.953760 0.575117 0.629628 0.917409 0.968007 0.849861 0.900287 0.647289 0.768914 0.639617 0.674931 0.588894 0.644810 0.903515 0.975877 0.798518 0.868227 0.893703 0.911072 0.957838 0.892099 0.619104 0.543263 0.790017 0.616819 0.583398 0.570107 0.830911 0.745129 0.678617 0.704365 0.730514 0.790929 0.847600 0.995879 0.757843 0.777906 0.738521 0.844833 0.667906 0.710190 0.625324 0.677703 0.736283 0.853955 0.827392 0.871767 0.956721 0.790322 0.756539 0.809745 0.871044 0.802457 0.882515 0.651213 0.603087 0.756805 0.692897 0.741150 0.815395 0.930152 0.704350 0.761214 0.766455 0.654941 0.911239 0.930272 0.880378 0.762644 0.957077 0.901463 0.890923 0.956458 0.990825 0.962506 0.826150 0.935483 0.698600 0.691041 0.906891 0.997159 0.803296 0.692059 0.790959 0.755124 0.956426 0.746581 0.993196 0.968350 0.867316 0.638959 0.606274 0.578888 0.741821 0.906036
0.337468 0.314591 0.778031 0.962603 0.702783 0.968061 0.601352 0.681517 0.848921 0.966035 0.391558 0.331716 0.375629 0.459097 0.622985 0.706577 0.000000 0.215811 0.304172 0.275446 0.966670 0.939572 0.663265 0.844866 0.871548 0.734280 0.930769 0.931686 0.389964 0.315315 0.947003 0.856463 0.425166 0.462686 0.993483 0.795861 0.779377 0.846142 0.907241 0.936148 0.908317 0.870828 0.884816 0.850283 0.932813 0.886681 0.690958 0.736393 0.769179 0.692175 0.788441 0.774362 0.895644 0.785807 0.728970 0.783592 0.228917 0.283793 0.599029 0.659485 0.433428 0.464525 0.295604 0.275566 0.796596 0.777972 0.842161 0.974492 0.489496 0.512104 0.716952 0.902074 0.589540 0.763966 0.839901 0.770959 0.815977 0.683081 0.414092 0.407936 0.244286 0.301333 0.440477 0.450738 0.413368 0.626464 0.756138 0.640478 0.661600 0.657856 0.625479 0.667451 0.550315 0.571064 0.882715 0.998699 0.607714 0.976851 0.898105 0.944317 0.730514 0.976295 0.717283 0.699264 0.852175 0.869923 0.914756 0.847397 0.931454 0.742617 0.994083 0.742111 0.975576 0.779293 0.737259 0.787828
0.369919 0.342606 0.846863 0.991289 0.774889 0.968569 0.608697 0.671829 0.844100 0.989126 0.374540 0.333410 0.416480 0.430090 0.626878 0.726147 0.215811 0.000000 0.321658 0.231076 0.989181 0.969148 0.705312 0.876632 0.812313 0.684485 0.906309 0.893444 0.344787 0.273192 0.979876 0.832558 0.439466 0.497293 0.977020 0.846992 0.821963 0.774361 0.897700 0.984070 0.882112 0.863218 0.898449 0.844823 0.922428 0.901012 0.747682 0.762366 0.789815 0.751334 0.839973 0.856070 0.826852 0.763903 0.803886 0.824858 0.242553 0.311094 0.660499 0.718755 0.487188 0.489912 0.315528 0.286899 0.864122 0.814647 0.872068 0.992349 0.504078 0.527453 0.677613 0.853378 0.554408 0.701408 0.861616 0.768275 0.787089 0.638329 0.422589 0.400087 0.264158 0.300677 0.463731 0.484009 0.478452 0.680712 0.766184 0.624976 0.714229 0.746250 0.656019 0.702016 0.567404 0.621348 0.809172 0.997634 0.606868 0.916309 0.859289 0.894482 0.747059 0.958993 0.703028 0.689614 0.805919 0.935896 0.951380 0.820702 0.965097 0.711256 0.909941 0.735174 0.981269 0.775186 0.821298 0.755762
0.302953 0.341796 0.633612 0.828910 0.683613 0.931796 0.345384 0.533201 0.705372 0.930939 0.392610 0.357099 0.264792 0.327249 0.564292 0.640227 0.304172 0.321658 0.000000 0.279944 0.895764 0.947559 0.536350 0.737505 0.923189 0.792577 0.979747 0.903613 0.389459 0.361211 0.788742 0.746622 0.334336 0.321480 0.893996 0.913687 0.793634 0.825720 0.932252 0.969680 0.936508 0.943107 0.803364 0.723061 0.760848 0.702606 0.611335 0.520998 0.664787 0.506024 0.585236 0.595467 0.930739 0.974691 0.629667 0.708151 0.311133 0.362393 0.440503 0.528517 0.305040 0.405681 0.252661 0.278461 0.783053 0.774225 0.672942 0.859225 0.519725 0.477522 0.620032 0.789458 0.528982 0.686146 0.811451 0.767003 0.673618 0.689695 0.460957 0.497445 0.314130 0.392001 0.475422 0.506484 0.409351 0.590487 0.827930 0.677035 0.636777 0.652875 0.801062 0.727115 0.685566 0.603907 0.995884 0.972753 0.515566 0.982100 0.735491 0.747753 0.836534 0.893785 0.640283 0.622868 0.738787 0.785914 0.960640 0.966258 0.944697 0.636279 0.843673 0.651538 0.894951 0.785254 0.727634 0.695377
0.313959 0.291222 0.684063 0.832802 0.827903 0.980439 0.506416 0.577255 0.903865 0.915850 0.365975 0.314518 0.347795 0.375166 0.690286 0.727045 0.275446 0.231076 0.279944 0.000000 0.942495 0.970205 0.671243 0.779039 0.961603 0.836782 0.904046 0.928518 0.452971 0.356146 0.891413 0.851725 0.400916 0.420133 0.901987 0.942314 0.722035 0.665955 0.940738 0.944809 0.868563 0.862924 0.844664 0.804371 0.931361 0.885931 0.663231 0.646937 0.821767 0.695802 0.726960 0.730963 0.861504 0.783453 0.648772 0.716366 0.262741 0.293814 0.529951 0.584186 0.396303 0.450367 0.297956 0.300606 0.731657 0.681548 0.715394 0.852440 0.462854 0.462944 0.573821 0.809433 0.529253 0.659426 0.831539 0.806426 0.631585 0.652747 0.412883 0.412737 0.283240 0.301147 0.463502 0.463087 0.397019 0.558177 0.745150 0.660915 0.621488 0.653425 0.674644 0.658839 0.665796 0.650685 0.875710 0.979289 0.535180 0.940643 0.873861 0.898378 0.780494 0.963364 0.705522 0.737020 0.693644 0.806964 0.984786 0.925657 0.934275 0.631807 0.907012 0.767513 0.956516 0.818362 0.743524 0.768341
0.853682 0.873316 0.534239 0.575728 0.851261 0.655394 0.824357 0.861728 0.959368 0.761236 0.982910 0.990092 0.836034 0.974126 0.967356 0.815992 0.966670 0.989181 0.895764 0.942495 0.000000 0.941197 0.894171 0.678481 0.530980 0.523812 0.696052 0.667754 0.826288 0.812866 0.670493 0.946185 0.786029 0.787933 0.613176 0.717774 0.686811 0.712418 0.628557 0.644540 0.827181 0.970600 0.727151 0.670855 0.952981 0.843692 0.721770 0.719961 0.872358 0.879860 0.789716 0.726054 0.966931 0.990900 0.739040 0.791191 0.972790 0.911330 0.707221 0.796811 0.896160 0.984983 0.948224 0.970085 0.539744 0.678548 0.539749 0.573468 0.850818 0.793392 0.800425 0.831477 0.899022 0.923288 0.908536 0.922838 0.649903 0.827164 0.917160 0.897230 0.980403 0.958133 0.971556 0.966781 0.868850 0.601799 0.977212 0.839402 0.899193 0.790563 0.809536 0.953787 0.746169 0.853541 0.886459 0.809993 0.745551 0.872592 0.947994 0.958970 0.823716 0.922888 0.914093 0.979722 0.726262 0.603103 0.989705 0.999155 0.994124 0.997485 0.940705 0.997588 0.930479 0.871825 0.749947 0.908880
0.981295 0.983575 0.973959 0.998695 0.934180 0.998505 0.961705 0.934204 0.886705 0.982669 0.993071 0.915752 0.960785 0.976269 0.959037 0.953760 0.939572 0.969148 0.947559 0.970205 0.941197 0.000000 0.994278 0.946889 0.962467 0.965948 0.917248 0.980481 0.946742 0.906770 0.845820 0.929059 0.945639 0.997882 0.991098 0.990152 0.977301 0.994058 0.965635 0.853283 0.889051 0.749106 0.869351 0.886208 0.968027 0.999929 0.963512 0.985502 0.983214 0.931143 0.982969 0.989554 0.992068 0.933762 0.872094 0.978179 0.912727 0.946617 0.973159 0.966067 0.973346 0.987560 0.976460 0.970378 0.911948 0.986546 0.980228 0.997411 0.907012 0.951536 0.965863 0.995784 0.970461 0.953855 0.893631 0.975632 0.985781 0.776484 0.994123 0.937812 0.950244 0.990773 0.850752 0.989027 0.877643 0.968533 0.896855 0.843715 0.802983 0.937354 0.980065 0.942327 0.969006 0.972247 0.920608 0.883997 0.864839 0.936626 0.940092 0.931325 0.930640 0.807048 0.947991 0.891285 0.999688 0.842796 0.954151 0.922877 0.899355 0.968941 0.965703 0.993721 0.989458 0.885223 0.951637 0.900009
0.631660 0.657369 0.731614 0.895046 0.768087 0.758234 0.660982 0.933408 0.736985 0.936420 0.903797 0.819237 0.509389 0.615590 0.438278 0.575117 0.663265 0.705312 0.536350 0.671243 0.894171 0.994278 0.000000 0.541365 0.900364 0.894557 0.794752 0.963143 0.659019 0.719402 0.585122 0.709560 0.558390 0.763113 0.798949 0.959885 0.859518 0.971197 0.912665 0.796744 0.951393 0.966149 0.973982 0.898345 0.906429 0.893391 0.795973 0.770554 0.873842 0.633086 0.861963 0.766740 0.742344 0.779105 0.816987 0.954867 0.671636 0.695677 0.754678 0.787511 0.681210 0.839572 0.558957 0.591238 0.739354 0.869096 0.947376 0.858635 0.802866 0.766492 0.725039 0.770050 0.844679 0.964707 0.944807 0.848023 0.817524 0.991439 0.609272 0.734541 0.636841 0.775151 0.633955 0.679126 0.508142 0.736817 0.836659 0.572642 0.746012 0.624941 0.754031 0.798452 0.636269 0.672356 0.892737 0.875123 0.842842 0.876493 0.960895 0.931581 0.568984 0.934005 0.958564 0.895687 0.956200 0.967671 0.967375 0.975296 0.850083 0.879633 0.949818 0.883363 0.946462 0.959733 0.902175 0.894128
0.756752 0.689750 0.470254 0.400276 0.932575 0.904355 0.740970 0.707844 0.973217 0.623132 0.898559 0.883116 0.687073 0.685670 0.830867 0.629628 0.844866 0.876632 0.737505 0.779039 0.678481 0.946889 0.541365 0.000000 0.458025 0.619584 0.603399 0.728055 0.998926 0.952745 0.652858 0.829882 0.666017 0.732058 0.584145 0.779786 0.609099 0.708252 0.607808 0.773684 0.823075 0.901887 0.759242 0.749063 0.862759 0.986475 0.570550 0.641482 0.759322 0.910277 0.843202 0.753731 0.949843 0.912370 0.677861 0.809273 0.815040 0.771416 0.735803 0.801042 0.846949 0.925377 0.811558 0.875793 0.450846 0.611974 0.593987 0.666587 0.784306 0.768540 0.642712 0.824634 0.933028 0.833001 0.903580 0.861944 0.703366 0.804981 0.663371 0.873699 0.834090 0.828307 0.715978 0.679463 0.589837 0.393955 0.764304 0.841134 0.746654 0.619529 0.981598 0.875017 0.929275 0.965486 0.947741 0.834358 0.807322 0.923082 0.915594 0.989564 0.826177 0.896636 0.864784 0.864762 0.650244 0.616183 0.916956 0.897677 0.951825 0.839271 0.945633 0.971283 0.947615 0.910917 0.817220 0.958824
0.871480 0.886538 0.415154 0.377859 0.815358 0.691318 0.993017 0.916070 0.703597 0.416182 0.777721 0.869891 0.983781 0.877010 0.836959 0.917409 0.871548 0.812313 0.923189 0.961603 0.530980 0.962467 0.900364 0.458025 0.000000 0.285096 0.609807 0.545687 0.572750 0.582176 0.697531 0.851528 0.871709 0.898197 0.448889 0.687971 0.515760 0.719880 0.428285 0.576349 0.749767 0.891440 0.838725 0.890456 0.661992 0.819344 0.728611 0.758386 0.578241 0.908836 0.937752 0.802464 0.886377 0.791827 0.574816 0.695615 0.925333 0.951241 0.741983 0.740215 0.961207 0.876062 0.893363 0.809855 0.339069 0.529436 0.491293 0.512170 0.796408 0.775962 0.769980 0.934545 0.901320 0.866787 0.947516 0.930259 0.819168 0.985031 0.934660 0.980336 0.931066 0.982172 0.985397 0.822597 0.760277 0.460907 0.843761 0.862984 0.720531 0.669196 0.926497 0.907163 0.687428 0.845093 0.930405 0.817364 0.808634 0.780035 0.751540 0.770782 0.993939 0.776199 0.806183 0.860457 0.707872 0.521706 0.902597 0.902658 0.909626 0.932576 0.863213 0.866043 0.987502 0.996465 0.798084 0.719801
0.952784 0.955806 0.484575 0.391251 0.749091 0.552930 0.996239 0.893094 0.683159 0.507493 0.725235 0.777337 0.867098 0.846672 0.739083 0.968007 0.734280 0.684485 0.792577 0.836782 0.523812 0.965948 0.894557 0.619584 0.285096 0.000000 0.747745 0.498699 0.520729 0.495477 0.706988 0.961801 0.949524 0.933064 0.462671 0.645332 0.579063 0.741569 0.467702 0.519398 0.730871 0.982013 0.701787 0.767705 0.785376 0.925054 0.741886 0.808393 0.592440 0.862961 0.903948 0.823817 0.945358 0.881558 0.659574 0.691607 0.796280 0.881408 0.806093 0.832385 0.878084 0.785976 0.735308 0.661793 0.446589 0.510644 0.436206 0.411984 0.922162 0.957530 0.791636 0.881655 0.879894 0.945220 0.949024 0.952494 0.810841 0.918663 0.971464 0.977635 0.745943 0.856268 0.839074 0.956090 0.976417 0.565110 0.927522 0.665020 0.876844 0.809932 0.719229 0.869703 0.478142 0.643333 0.866783 0.792527 0.834941 0.754270 0.833331 0.834077 0.835863 0.890638 0.923269 0.822318 0.744719 0.548388 0.835552 0.880733 0.887746 0.977210 0.943599 0.871060 0.957271 0.948215 0.833251 0.668599
0.949919 0.886314 0.765346 0.782903 0.853219 0.985557 0.883003 0.923937 0.793297 0.624156 0.823585 0.961017 0.988756 0.999310 0.946049 0.849861 0.930769 0.906309 0.979747 0.904046 0.696052 0.917248 0.794752 0.603399 0.609807 0.747745 0.000000 0.855944 0.966526 0.931131 0.782108 0.962365 0.899688 0.973440 0.872515 0.700095 0.760226 0.750570 0.791517 0.946855 0.945983 0.822290 0.986509 0.968403 0.657104 0.723267 0.918615 0.932434 0.642636 0.812422 0.846733 0.917780 0.745565 0.775297 0.866210 0.935902 0.910515 0.910031 0.960621 0.964071 0.846102 0.854534 0.996037 0.973582 0.656320 0.823820 0.867181 0.932796 0.839038 0.955927 0.780008 0.885043 0.873617 0.837684 0.908046 0.884895 0.941896 0.999759 0.825898 0.893104 0.896234 0.880454 0.734631 0.869922 0.776431 0.697771 0.887012 0.854626 0.797110 0.850265 0.866915 0.890834 0.997383 0.968312 0.993340 0.964615 0.969161 0.998370 0.816082 0.827624 0.854931 0.778596 0.774201 0.821702 0.867525 0.916806 0.960412 0.845891 0.933895 0.971121 0.814512 0.933537 0.869511 0.889455 0.929846 0.717364
0.987225 0.973924 0.715265 0.661666 0.867874 0.539745 0.955960 0.985353 0.795635 0.655160 0.809898 0.877245 0.950415 0.902408 0.889539 0.900287 0.931686 0.893444 0.903613 0.928518 0.667754 0.980481 0.963143 0.728055 0.545687 0.498699 0.855944 0.000000 0.772900 0.703216 0.907031 0.963909 0.944312 0.986667 0.604615 0.696091 0.845758 0.987265 0.701576 0.604095 0.707990 0.912864 0.736100 0.818450 0.849063 0.949109 0.816455 0.820105 0.723142 0.857046 0.986253 0.920450 0.910387 0.921509 0.790901 0.757302 0.925104 0.954604 0.868322 0.917279 0.915297 0.862224 0.885326 0.810322 0.628603 0.729427 0.667598 0.682769 0.995988 0.898442 0.793034 0.977124 0.850603 0.925994 0.968031 0.994700 0.804626 0.877553 0.867881 0.888295 0.890376 0.947196 0.880246 0.999678 0.974008 0.716886 0.969300 0.789679 0.954219 0.808725 0.811069 0.890920 0.700941 0.780783 0.927231 0.996269 0.939940 0.851691 0.959279 0.901961 0.997885 0.825235 0.995231 0.868036 0.953001 0.709724 0.857157 0.983865 0.955334 0.981117 0.961690 0.822998 0.942069 0.935444 0.961772 0.672338
0.585350 0.580067 0.955879 0.811201 0.676975 0.857822 0.561303 0.665647 0.639113 0.615639 0.470588 0.449800 0.491386 0.423029 0.509892 0.647289 0.389964 0.344787 0.389459 0.452971 0.826288 0.946742 0.659019 0.998926 0.572750 0.520729 0.966526 0.772900 0.000000 0.235887 0.951384 0.680673 0.554839 0.552890 0.768031 0.769558 0.997380 0.994948 0.635264 0.809950 0.917104 0.935175 0.848489 0.750249 0.655983 0.674466 0.817363 0.757757 0.542694 0.652699 0.775419 0.869616 0.893039 0.938128 0.963974 0.959078 0.410212 0.538035 0.766461 0.838632 0.536050 0.511677 0.384720 0.352868 0.837617 0.919440 0.929593 0.827167 0.761761 0.733965 0.815121 0.825431 0.646232 0.763422 0.962551 0.712539 0.821251 0.734440 0.537140 0.548621 0.427730 0.559066 0.542278 0.728583 0.704592 0.925750 0.915095 0.677042 0.861440 0.893373 0.842925 0.942245 0.603140 0.675624 0.931529 0.974191 0.782845 0.851534 0.647143 0.638403 0.900793 0.831557 0.640577 0.574328 0.982267 0.888726 0.967975 0.935040 0.873296 0.775630 0.803478 0.627315 0.877217 0.719829 0.922702 0.698544
0.500952 0.508895 0.941021 0.796763 0.689372 0.847340 0.612442 0.685603 0.735786 0.713990 0.371263 0.367302 0.496399 0.468426 0.580294 0.768914 0.315315 0.273192 0.361211 0.356146 0.812866 0.906770 0.719402 0.952745 0.582176 0.495477 0.931131 0.703216 0.235887 0.000000 0.994591 0.720456 0.551109 0.582538 0.722909 0.740007 0.981589 0.917962 0.641816 0.796279 0.930628 0.871474 0.962985 0.894452 0.805349 0.829324 0.878027 0.840486 0.634008 0.726429 0.860352 0.934248 0.967771 0.883408 0.941922 0.966275 0.327956 0.446380 0.771951 0.811900 0.522436 0.487843 0.371971 0.309646 0.821164 0.966902 0.923415 0.801467 0.670547 0.677952 0.815987 0.873652 0.560399 0.760048 0.862963 0.752537 0.919836 0.727189 0.540285 0.532666 0.332958 0.427090 0.539356 0.639659 0.654392 0.914798 0.833701 0.651092 0.848799 0.886881 0.748598 0.795474 0.554046 0.614119 0.838992 0.966603 0.733170 0.875674 0.749124 0.751625 0.861724 0.798436 0.613218 0.588864 0.929413 0.928079 0.939188 0.889802 0.981003 0.755086 0.857733 0.694989 0.982090 0.793727 0.911382 0.665714
0.935565 0.980505 0.687584 0.700157 0.872978 0.999222 0.683365 0.851096 0.840410 0.923143 0.888215 0.908491 0.821893 0.836747 0.644383 0.639617 0.947003 0.979876 0.788742 0.891413 0.670493 0.845820 0.585122 0.652858 0.697531 0.706988 0.782108 0.907031 0.951384 0.994591 0.000000 0.584070 0.685933 0.756057 0.766716 0.750356 0.706050 0.826559 0.961963 0.935505 0.966046 0.910078 0.657937 0.612679 0.795934 0.788609 0.857114 0.798689 0.992845 0.813161 0.815297 0.810976 0.708901 0.715087 0.848360 0.980114 0.960876 0.990495 0.846711 0.900332 0.938428 0.917475 0.948888 0.980643 0.760909 0.982367 0.713052 0.802512 0.934963 0.981893 0.592055 0.531593 0.891959 0.889622 0.860700 0.849810 0.616580 0.802745 0.773360 0.802094 0.995192 0.870562 0.973076 0.938303 0.938384 0.819971 0.838836 0.845582 0.993184 0.920576 0.833136 0.779255 0.826503 0.828155 0.941770 0.992164 0.883344 0.937190 0.871367 0.810675 0.992829 0.828691 0.737777 0.830303 0.722718 0.829453 0.857524 0.764900 0.965892 0.991956 0.911414 0.798038 0.888386 0.797559 0.867198 0.948045
0.989799 0.965948 0.977710 0.942994 0.960232 0.957231 0.663904 0.801642 0.798791 0.707201 0.940692 0.977859 0.797388 0.670321 0.577398 0.674931 0.856463 0.832558 0.746622 0.851725 0.946185 0.929059 0.709560 0.829882 0.851528 0.961801 0.962365 0.963909 0.680673 0.720456 0.584070 0.000000 0.690863 0.770166 0.908335 0.827531 0.990340 0.999347 0.822549 0.857923 0.997614 0.879278 0.691236 0.637316 0.712360 0.723680 0.897683 0.869239 0.885372 0.863724 0.871366 0.955136 0.791543 0.768513 0.961395 0.911061 0.893537 0.948340 0.989894 0.933173 0.917125 0.966580 0.881647 0.888750 0.863031 0.877873 0.929927 0.970614 0.889367 0.847922 0.706752 0.576866 0.885194 0.882578 0.976808 0.706090 0.777441 0.647719 0.792971 0.835796 0.934020 0.931264 0.917121 0.979549 0.968421 0.976257 0.743459 0.965809 0.871318 0.990212 0.740451 0.680226 0.855063 0.903114 0.966429 0.972252 0.975592 0.935376 0.575789 0.565767 0.910121 0.674675 0.576223 0.676955 0.884419 0.958063 0.742592 0.789746 0.848537 0.919126 0.807204 0.752607 0.859555 0.787311 0.936799 0.942699
0.379196 0.423477 0.492831 0.668963 0.890820 0.983531 0.359487 0.547374 0.762098 0.940563 0.550605 0.502963 0.344245 0.406352 0.545468 0.588894 0.425166 0.439466 0.334336 0.400916 0.786029 0.945639 0.558390 0.666017 0.871709 0.949524 0.899688 0.944312 0.554839 0.551109 0.685933 0.690863 0.000000 0.318028 0.712611 0.933792 0.615143 0.857667 0.908994 0.883631 0.760935 0.907292 0.714376 0.620782 0.811922 0.698517 0.538698 0.545443 0.774266 0.545580 0.594210 0.584061 0.846451 0.978682 0.553700 0.642297 0.419055 0.458972 0.439998 0.527421 0.400555 0.525715 0.349759 0.429880 0.625028 0.682056 0.530727 0.685115 0.574332 0.544780 0.585736 0.738333 0.539546 0.721773 0.787070 0.716042 0.595459 0.703757 0.447020 0.514372 0.437768 0.491471 0.564895 0.558488 0.431205 0.470390 0.908309 0.770244 0.603670 0.654260 0.920486 0.813339 0.852253 0.744476 0.981750 0.978477 0.466866 0.896111 0.771235 0.816598 0.897294 0.922924 0.646351 0.703153 0.738109 0.685111 0.942995 0.945357 0.988479 0.653808 0.796049 0.665647 0.848743 0.685859 0.692822 0.815827
0.384104 0.432337 0.491518 0.600375 0.856228 0.864045 0.297886 0.404332 0.756445 0.974830 0.457228 0.451205 0.335529 0.404476 0.661202 0.644810 0.462686 0.497293 0.321480 0.420133 0.787933 0.997882 0.763113 0.732058 0.898197 0.933064 0.973440 0.986667 0.552890 0.582538 0.756057 0.770166 0.318028 0.000000 0.795591 0.958302 0.654550 0.802920 0.893568 0.774014 0.746146 0.957479 0.596731 0.547350 0.693341 0.514756 0.490050 0.373823 0.622261 0.469254 0.426759 0.481631 0.841232 0.977664 0.504648 0.527264 0.459219 0.454644 0.343988 0.465933 0.312222 0.414221 0.392099 0.439086 0.644803 0.583839 0.460883 0.574193 0.598284 0.492710 0.661905 0.799830 0.594623 0.655020 0.727618 0.746480 0.502421 0.671280 0.506667 0.541792 0.469492 0.534456 0.577194 0.578129 0.505202 0.470046 0.909759 0.883834 0.637513 0.621031 0.988473 0.851466 0.946814 0.811262 0.976707 0.802799 0.502592 0.838506 0.665332 0.711610 0.919516 0.895126 0.646032 0.626509 0.683050 0.606283 0.877976 0.881232 0.985121 0.654878 0.745605 0.548775 0.793581 0.620341 0.651102 0.794705
0.756382 0.776888 0.446304 0.521481 0.976357 0.808911 0.797246 0.916473 0.955491 0.582892 0.920090 0.959708 0.805875 0.904174 0.985491 0.903515 0.993483 0.977020 0.893996 0.901987 0.613176 0.991098 0.798949 0.584145 0.448889 0.462671 0.872515 0.604615 0.768031 0.722909 0.766716 0.908335 0.712611 0.795591 0.000000 0.812891 0.547626 0.765216 0.531650 0.669819 0.716949 0.984297 0.874070 0.833972 0.930193 0.966591 0.725888 0.722281 0.762882 0.924487 0.858907 0.754732 0.953807 0.975364 0.634053 0.672423 0.958472 0.871566 0.682797 0.747795 0.872692 0.940775 0.940717 0.959951 0.385979 0.656395 0.489891 0.545497 0.761320 0.767735 0.669662 0.810158 0.907699 0.867706 0.964424 0.984292 0.768176 0.865101 0.823693 0.904808 0.993244 0.906489 0.969076 0.853917 0.687444 0.556516 0.987144 0.996839 0.735644 0.721402 0.971869 0.936586 0.871494 0.881956 0.762771 0.945419 0.755643 0.963670 0.814843 0.794986 0.727010 0.950250 0.918925 0.947778 0.699757 0.589353 0.888363 0.951262 0.857681 0.914381 0.877868 0.825225 0.997798 0.982549 0.801647 0.974171
0.852128 0.924982 0.892161 0.677305 0.745930 0.780805 0.953565 0.942844 0.743719 0.856727 0.705922 0.823579 0.888099 0.960587 0.845119 0.975877 0.795861 0.846992 0.913687 0.942314 0.717774 0.990152 0.959885 0.779786 0.687971 0.645332 0.700095 0.696091 0.769558 0.740007 0.750356 0.827531 0.933792 0.958302 0.812891 0.000000 0.871734 0.740971 0.719926 0.789177 0.958988 0.925564 0.739431 0.793423 0.893631 0.953274 0.904722 0.912951 0.751363 0.878297 0.973360 0.960158 0.874256 0.975297 0.934718 0.962704 0.810065 0.829105 0.985604 0.963154 0.814450 0.750418 0.749919 0.744756 0.848003 0.850304 0.734871 0.759807 0.898434 0.963241 0.697992 0.787049 0.956160 0.922541 0.785589 0.882603 0.679136 0.785481 0.933334 0.974516 0.752895 0.796798 0.862499 0.788095 0.864716 0.920879 0.838071 0.805852 0.943899 0.981164 0.748389 0.750993 0.599953 0.673711 0.835037 0.964978 0.912205 0.909752 0.990698 0.879066 0.925003 0.961295 0.938498 0.877575 0.743622 0.758937 0.837418 0.834784 0.933254 0.990057 0.948423 0.923942 0.916109 0.984140 0.991813 0.725597
0.590065 0.603645 0.421026 0.496432 0.880987 0.835968 0.760925 0.683143 0.923680 0.697869 0.875617 0.743529 0.734268 0.818919 0.985388 0.798518 0.779377 0.821963 0.793634 0.722035 0.686811 0.977301 0.859518 0.609099 0.515760 0.579063 0.760226 0.845758 0.997380 0.981589 0.706050 0.990340 0.615143 0.654550 0.547626 0.871734 0.000000 0.644946 0.625807 0.758080 0.743742 0.935230 0.735389 0.758946 0.919183 0.952037 0.584845 0.644834 0.932493 0.805772 0.710235 0.656991 0.907781 0.875160 0.494618 0.618803 0.719965 0.632426 0.588200 0.579324 0.713980 0.796174 0.754982 0.787850 0.469333 0.560851 0.495577 0.592263 0.603924 0.605583 0.762309 0.833842 0.718343 0.824298 0.820659 0.831484 0.681744 0.829987 0.665847 0.793217 0.765461 0.726540 0.713060 0.745322 0.645610 0.475060 0.826095 0.981325 0.680320 0.702004 0.838689 0.764169 0.972858 0.985952 0.999009 0.794855 0.663610 0.802733 0.932234 0.936910 0.900544 0.853420 0.892503 0.943431 0.580902 0.600190 0.904645 0.834030 0.984305 0.739234 0.991283 0.974135 0.982741 0.839437 0.638842 0.971513
0.785489 0.732684 0.687873 0.620837 0.918158 0.947703 0.834464 0.690332 0.899681 0.797301 0.921833 0.804020 0.835169 0.761405 0.916452 0.868227 0.846142 0.774361 0.825720 0.665955 0.712418 0.994058 0.971197 0.708252 0.719880 0.741569 0.750570 0.987265 0.994948 0.917962 0.826559 0.999347 0.857667 0.802920 0.765216 0.740971 0.644946 0.000000 0.618469 0.778274 0.988264 0.849806 0.687988 0.725389 0.987359 0.942517 0.711644 0.810317 0.884935 0.958408 0.834157 0.820765 0.809482 0.844773 0.771238 0.840813 0.759445 0.776248 0.819961 0.851249 0.879627 0.892120 0.908890 0.880611 0.690562 0.614079 0.652255 0.663306 0.782433 0.812428 0.636973 0.684472 0.915633 0.856609 0.994713 0.848496 0.721939 0.670415 0.730835 0.784393 0.875409 0.821913 0.864998 0.894059 0.831390 0.658174 0.914137 0.937409 0.729451 0.897794 0.976398 0.951679 0.886794 0.754579 0.973348 0.810922 0.766210 0.875062 0.999471 0.858355 0.952336 0.892222 0.847225 0.933848 0.506281 0.671466 0.818589 0.989394 0.928210 0.901620 0.930587 0.978310 0.863496 0.848759 0.680286 0.944205
