0.000000 0.536755 0.670584 0.702361 0.956917 0.996564 0.560691 0.518095 0.865536 0.678437 0.684580 0.674092 0.722351 0.889821 0.989778 0.981406 0.498952 0.496419 0.565946 0.747863 0.872485 0.950006 0.954811 0.922519 0.801830 0.786858 0.933807 0.978979 0.731888 0.639556 0.853136 0.960611 0.566917 0.533819 0.790322 0.813727 0.986077 0.850097 0.822595 0.838777 0.908127 0.889749 0.660463 0.626537 0.785424 0.665112 0.641499 0.694348 0.737939 0.887077 0.850098 0.935691 0.990021 0.924012 0.746055 0.855460 0.455636 0.671146 0.649489 0.854900 0.481795 0.560337 0.475104 0.467496 0.743647 0.699274 0.733219 0.754209 0.867580 0.816940 0.927156 0.972207 0.924465 0.968583 0.977026 0.973018 0.755356 0.737078 0.858316 0.948048 0.536493 0.571082 0.898466 0.682191 0.685672 0.781554 0.941260 0.899670 0.811228 0.701067 0.809697 0.883130 0.875718 0.943559 0.872575 0.793748 0.831759 0.936864 0.713743 0.643889 0.782821 0.968389 0.857164 0.773676 0.957071 0.823606 0.899893 0.881141 0.748952 0.926207 0.819716 0.910636 0.801315 0.876125 0.998654 0.892149
0.536755 0.000000 0.873360 0.805156 0.915806 0.998594 0.849987 0.629377 0.971080 0.858484 0.834497 0.604004 0.799443 0.766241 0.917101 0.836902 0.568235 0.570059 0.715084 0.816336 0.986964 0.967937 0.956179 0.907969 0.815266 0.851211 0.982978 0.818246 0.735400 0.662027 0.972800 0.987827 0.608098 0.702338 0.889009 0.917836 0.922253 0.910969 0.978508 0.822000 0.926891 0.858929 0.682742 0.621488 0.766309 0.709001 0.721668 0.712560 0.764557 0.893036 0.980425 0.889504 0.986042 0.933044 0.835613 0.989705 0.543895 0.582115 0.717615 0.844891 0.676713 0.582036 0.640366 0.549723 0.869158 0.777403 0.889060 0.841493 0.859506 0.690585 0.874043 0.908778 0.978323 0.950399 0.993499 0.993368 0.803799 0.849039 0.803917 0.899484 0.612004 0.706555 0.941770 0.741247 0.928159 0.907342 0.991290 0.941102 0.876901 0.803616 0.989272 0.884907 0.985056 0.856469 0.812681 0.827589 0.903954 0.858520 0.785906 0.864170 0.825352 0.904180 0.855238 0.846909 0.936687 0.791231 0.997895 0.963124 0.873430 0.925742 0.952299 0.897956 0.940156 0.929023 0.833528 0.939247
0.670584 0.873360 0.000000 0.467076 0.876815 0.999581 0.354722 0.489542 0.742103 0.612547 0.811225 0.938481 0.929542 0.855622 0.875258 0.733551 0.817582 0.711225 0.697071 0.792031 0.834647 0.949495 0.724965 0.932014 0.706514 0.854786 0.953323 0.912924 0.950570 0.909931 0.769420 0.878430 0.561823 0.607688 0.733253 0.797013 0.976260 0.951776 0.933776 0.795993 0.926979 0.838691 0.706453 0.769986 0.837601 0.824723 0.733282 0.773398 0.983573 0.936957 0.775171 0.919584 0.951723 0.880558 0.797653 0.818427 0.740975 0.972716 0.632659 0.778300 0.491804 0.722878 0.674003 0.730368 0.500787 0.596320 0.517204 0.570702 0.916420 0.950129 0.949561 0.903414 0.942366 0.975374 0.888250 0.986596 0.739610 0.922895 0.959863 0.945585 0.596908 0.571621 0.922566 0.727725 0.517983 0.691555 0.874277 0.916010 0.797097 0.671883 0.596951 0.614913 0.550942 0.630061 0.799634 0.709812 0.737870 0.898485 0.603148 0.524691 0.755231 0.907844 0.852315 0.765124 0.723602 0.573750 0.906036 0.771040 0.799361 0.894147 0.700535 0.736411 0.799776 0.951320 0.979019 0.951213
0.702361 0.805156 0.467076 0.000000 0.991755 0.975162 0.530461 0.433346 0.931259 0.768741 0.777729 0.936303 0.935486 0.930923 0.748106 0.793605 0.899727 0.720090 0.812864 0.814258 0.816394 0.925083 0.782241 0.829254 0.612772 0.711644 0.939408 0.964335 0.967421 0.889524 0.737811 0.926736 0.607526 0.541889 0.683059 0.679111 0.915126 0.872198 0.799469 0.708979 0.885274 0.834661 0.662103 0.654081 0.836538 0.787064 0.709959 0.663985 0.951654 0.993247 0.778197 0.981808 0.881181 0.866614 0.864460 0.804980 0.833151 0.972698 0.734048 0.774876 0.643904 0.666417 0.766909 0.785626 0.519960 0.457156 0.447314 0.448781 0.703855 0.938591 0.752719 0.719598 0.911225 0.906789 0.938737 0.993640 0.757413 0.841838 0.914541 0.903153 0.639704 0.614271 0.975421 0.789322 0.658094 0.664080 0.878828 0.938639 0.980990 0.603073 0.745015 0.780248 0.628753 0.748092 0.798488 0.665594 0.734565 0.944781 0.614330 0.692562 0.762838 0.921746 0.819348 0.745310 0.709481 0.644361 0.878628 0.805519 0.764453 0.866517 0.693498 0.838836 0.967877 0.935990 0.948839 0.877230
0.956917 0.915806 0.876815 0.991755 0.000000 0.978118 0.863197 0.926389 0.745637 0.985134 0.787348 0.766679 0.923250 0.999669 0.688098 0.935106 0.868678 0.870224 0.832215 0.883587 0.885027 0.860342 0.556741 0.671871 0.853743 0.970849 0.887863 0.839973 0.947580 0.893843 0.795188 0.827033 0.982069 0.960839 0.981515 0.974783 0.937450 0.824918 0.987738 0.958007 0.981787 0.899259 0.752817 0.749050 0.953111 0.899191 0.998634 0.894571 0.982545 0.912345 0.920513 0.749825 0.790801 0.760996 0.937501 0.941503 0.836119 0.810802 0.914242 0.940714 0.881216 0.940084 0.869455 0.986618 0.695605 0.906851 0.906958 0.908717 0.896372 0.990596 0.938341 0.925784 0.716895 0.878908 0.982594 0.932245 0.938056 0.813730 0.874064 0.910867 0.843954 0.776154 0.730989 0.792570 0.604603 0.633491 0.762971 0.648482 0.803140 0.776282 0.920462 0.911917 0.996190 0.928314 0.995673 0.969783 0.971083 0.806088 0.956593 0.887057 0.950806 0.814117 0.749806 0.867180 0.948125 0.964690 0.952879 0.943234 0.951253 0.869474 0.948347 0.907035 0.988240 0.939632 0.945563 0.882633
0.996564 0.998594 0.999581 0.975162 0.978118 0.000000 0.959486 0.993946 0.978393 0.884899 0.965900 0.932308 0.867905 0.939469 0.841130 0.755116 0.892477 0.978082 0.955653 0.832397 0.848894 0.849941 0.964310 0.990771 0.834575 0.849412 0.836432 0.813434 0.975663 0.918106 0.966157 0.969241 0.943344 0.878516 0.883831 0.920932 0.900844 0.893345 0.885406 0.923117 0.867977 0.934429 0.993834 0.926483 0.876322 0.838130 0.983557 0.984744 0.969682 0.943343 0.957953 0.784693 0.896459 0.932592 0.929845 0.949749 0.975043 0.874073 0.913992 0.841002 0.963041 0.950397 0.865315 0.767688 0.902144 0.959588 0.929734 0.986562 0.852246 0.771912 0.861107 0.772445 0.995123 0.902857 0.984678 0.822591 0.928836 0.846987 0.932526 0.896131 0.943783 0.938661 0.906335 0.946942 0.941225 0.930424 0.941143 0.915532 0.944333 0.974200 0.997559 0.992224 0.954718 0.962949 0.999578 0.846128 0.902414 0.952048 0.955718 0.909140 0.978705 0.862562 0.874152 0.970816 0.997043 0.911399 0.863221 0.815109 0.980928 0.949847 0.825592 0.927219 0.934027 0.977418 0.887515 0.820997
0.560691 0.849987 0.354722 0.530461 0.863197 0.959486 0.000000 0.512724 0.684219 0.585322 0.812631 0.991711 0.814373 0.889596 0.938462 0.741144 0.737655 0.614725 0.604097 0.727353 0.884786 0.985047 0.732309 0.961316 0.771537 0.861183 0.930194 0.838902 0.913674 0.813643 0.802019 0.959586 0.520245 0.586481 0.756825 0.821707 0.988331 0.891452 0.912223 0.895859 0.894905 0.866243 0.717555 0.757954 0.849998 0.766621 0.752117 0.776925 0.929670 0.860532 0.777199 0.910828 0.920794 0.866341 0.790356 0.823882 0.665052 0.886378 0.599885 0.782596 0.387200 0.684003 0.526740 0.630695 0.523909 0.632840 0.566104 0.635130 0.970876 0.975727 0.993324 0.974441 0.948025 0.973108 0.905392 0.997510 0.749089 0.954250 0.913739 0.967693 0.531372 0.502444 0.853309 0.682171 0.462083 0.710022 0.932102 0.862723 0.756017 0.697055 0.575999 0.594576 0.610203 0.692318 0.776634 0.773201 0.739704 0.921876 0.597663 0.529337 0.806682 0.885010 0.897372 0.744591 0.782791 0.644106 0.947510 0.823090 0.736435 0.895577 0.685752 0.796938 0.827074 0.946941 0.982354 0.917318
0.518095 0.629377 0.489542 0.433346 0.926389 0.993946 0.512724 0.000000 0.944772 0.605178 0.645175 0.674481 0.894705 0.964067 0.769029 0.848598 0.748015 0.611800 0.696753 0.673574 0.895553 0.989736 0.933769 0.928041 0.783185 0.873631 0.957161 0.922840 0.857636 0.739011 0.830683 0.949112 0.566866 0.445079 0.752668 0.681347 0.972382 0.970651 0.799588 0.675911 0.991086 0.853546 0.612088 0.634741 0.908040 0.793448 0.674807 0.675723 0.966966 0.944711 0.903180 0.927547 0.762250 0.673423 0.759889 0.854341 0.695464 0.845130 0.512553 0.589356 0.491486 0.418672 0.670588 0.573225 0.667292 0.452492 0.535423 0.463660 0.885211 0.842965 0.817819 0.835290 0.912469 0.889479 0.967395 0.954968 0.603644 0.746176 0.890584 0.915149 0.619707 0.656224 0.914568 0.813697 0.771292 0.854058 0.807612 0.845217 0.870461 0.606007 0.843513 0.928955 0.748969 0.962444 0.802997 0.723425 0.697164 0.892120 0.593019 0.666271 0.670341 0.998988 0.755226 0.774982 0.774554 0.628663 0.944105 0.808969 0.739116 0.848634 0.652033 0.894785 0.890242 0.915760 0.945264 0.887864
0.865536 0.971080 0.742103 0.931259 0.745637 0.978393 0.684219 0.944772 0.000000 0.694576 0.998691 0.856911 0.821446 0.859243 0.841875 0.903592 0.899776 0.862629 0.891459 0.945685 0.962806 0.998576 0.611574 0.929630 0.955678 0.998556 0.961355 0.886203 0.859368 0.932787 0.887668 0.965490 0.849397 0.977414 0.991290 0.903308 0.992051 0.842790 0.894294 0.809453 0.928364 0.974529 0.871031 0.830799 0.998289 0.979228 0.963788 0.893817 0.940301 0.963034 0.970114 0.909767 0.833107 0.881729 0.975266 0.920191 0.783650 0.867993 0.955790 0.989904 0.682972 0.968490 0.679910 0.744452 0.716356 0.974670 0.927768 0.859222 0.831715 0.885098 0.890430 0.799642 0.983472 0.878778 0.876668 0.996314 0.990258 0.950224 0.811851 0.953105 0.769310 0.744272 0.676460 0.747107 0.612121 0.756179 0.810520 0.690001 0.848415 0.756471 0.847511 0.839989 0.842565 0.882461 0.972178 0.947411 0.849979 0.985331 0.956942 0.731337 0.922866 0.981654 0.931404 0.945614 0.850485 0.931962 0.987592 0.997385 0.913081 0.880584 0.912892 0.951191 0.996570 0.921120 0.970942 0.861947
0.678437 0.858484 0.612547 0.768741 0.985134 0.884899 0.585322 0.605178 0.694576 0.000000 0.730354 0.914333 0.991907 0.768532 0.867093 0.715413 0.776127 0.701726 0.594306 0.671463 0.872707 0.951923 0.785364 0.889112 0.926290 0.923748 0.766109 0.805006 0.784057 0.853920 0.831786 0.924110 0.595770 0.638036 0.838462 0.971341 0.943219 0.928828 0.983179 0.964298 0.929395 0.865026 0.845859 0.873031 0.912561 0.870759 0.777866 0.950614 0.883655 0.911332 0.900572 0.893272 0.864494 0.730649 0.791542 0.908397 0.693542 0.781158 0.593560 0.699864 0.620029 0.727679 0.583032 0.529427 0.882401 0.841048 0.676367 0.721947 0.752375 0.917957 0.930193 0.941177 0.977331 0.930560 0.838084 0.962516 0.811000 0.933321 0.948481 0.947901 0.700784 0.721326 0.988980 0.787720 0.760150 0.997947 0.860629 0.917998 0.816451 0.662560 0.747004 0.814023 0.723027 0.941368 0.925113 0.691520 0.569366 0.885522 0.671601 0.659401 0.740408 0.992830 0.699263 0.740575 0.709432 0.705654 0.980067 0.798543 0.767223 0.835109 0.765430 0.979621 0.915579 0.944988 0.923995 0.912165
0.684580 0.834497 0.811225 0.777729 0.787348 0.965900 0.812631 0.645175 0.998691 0.730354 0.000000 0.623842 0.806733 0.929149 0.747681 0.912427 0.778750 0.792348 0.799747 0.706267 0.840861 0.945380 0.815940 0.811470 0.974267 0.915656 0.841175 0.962681 0.885028 0.922571 0.917517 0.929684 0.836624 0.598947 0.827388 0.732412 0.999447 0.908232 0.974408 0.938763 0.944292 0.935489 0.827716 0.778605 0.908793 0.898208 0.878761 0.955678 0.958963 0.867071 0.902320 0.714994 0.739805 0.669137 0.851985 0.873882 0.846094 0.972153 0.798865 0.812623 0.752786 0.621333 0.787973 0.680908 0.954593 0.815653 0.830968 0.796458 0.854761 0.899206 0.919337 0.900955 0.959616 0.933682 0.975121 0.949632 0.707685 0.698175 0.931230 0.942143 0.782955 0.867622 0.853176 0.998657 0.989817 0.912235 0.770270 0.915357 0.934514 0.810930 0.963940 0.881048 0.906849 0.934213 0.964354 0.716816 0.779960 0.923495 0.893798 0.910378 0.819488 0.989691 0.739507 0.845845 0.938804 0.921241 0.978230 0.934265 0.904180 0.879043 0.844210 0.973306 0.899279 0.977987 0.969748 0.794411
0.674092 0.604004 0.938481 0.936303 0.766679 0.932308 0.991711 0.674481 0.856911 0.914333 0.623842 0.000000 0.702602 0.662702 0.940726 0.814938 0.740535 0.729064 0.810941 0.769048 0.927693 0.838737 0.751350 0.787561 0.990916 0.983784 0.957340 0.967049 0.846772 0.697969 0.875179 0.972132 0.881349 0.737668 0.890131 0.749314 0.992073 0.922995 0.869383 0.862633 0.967251 0.994245 0.778675 0.716257 0.982009 0.866628 0.913267 0.832713 0.944779 0.878411 0.882678 0.772835 0.821727 0.778414 0.757175 0.948900 0.742469 0.738866 0.784202 0.811592 0.771530 0.571714 0.788241 0.656821 0.919448 0.846651 0.957805 0.928858 0.879361 0.773316 0.981310 0.931191 0.978358 0.923756 0.977806 0.831771 0.737739 0.676844 0.867659 0.969030 0.834911 0.919992 0.932713 0.916617 0.868823 0.864040 0.975856 0.837089 0.930550 0.910442 0.805676 0.725542 0.849205 0.687881 0.931541 0.957686 0.909458 0.875807 0.932774 0.981427 0.861520 0.947249 0.856292 0.955264 0.937697 0.948470 0.958285 0.997786 0.953164 0.992291 0.927687 0.928068 0.981790 0.937874 0.933866 0.865705
0.722351 0.799443 0.929542 0.935486 0.923250 0.867905 0.814373 0.894705 0.821446 0.991907 0.806733 0.702602 0.000000 0.598781 0.647562 0.659282 0.831466 0.751319 0.826488 0.801876 0.980670 0.795537 0.942170 0.935287 0.984575 0.883736 0.880320 0.973753 0.871570 0.738313 0.975097 0.995178 0.941326 0.900864 0.950739 0.964233 0.968101 0.789471 0.986887 0.961462 0.949613 0.807346 0.998975 0.997689 0.876990 0.963262 0.931326 0.943356 0.894238 0.969284 0.824335 0.874303 0.900146 0.915624 0.888172 0.875813 0.760171 0.746029 0.894865 0.849671 0.617113 0.690728 0.771501 0.732738 0.954416 0.956919 0.760166 0.845879 0.951941 0.934885 0.823693 0.899022 0.977565 0.816546 0.990590 0.707149 0.927542 0.907745 0.871854 0.849465 0.807874 0.758218 0.859425 0.835258 0.789008 0.983290 0.800162 0.865216 0.793910 0.989665 0.907821 0.828603 0.820998 0.773332 0.988536 0.976828 0.917877 0.964855 0.996689 0.947607 0.913839 0.959474 0.918438 0.815787 0.974931 0.943497 0.895548 0.814995 0.983559 0.998574 0.987174 0.996227 0.983359 0.970647 0.925315 0.954667
0.889821 0.766241 0.855622 0.930923 0.999669 0.939469 0.889596 0.964067 0.859243 0.768532 0.929149 0.662702 0.598781 0.000000 0.656722 0.495332 0.904479 0.845758 0.974086 0.871898 0.902249 0.847281 0.939642 0.947770 0.918392 0.963937 0.974312 0.910925 0.910987 0.706656 0.895160 0.804485 0.975922 0.922800 0.883432 0.908930 0.999158 0.995131 0.866009 0.854724 0.997052 0.840114 0.942944 0.870078 0.972689 0.927101 0.866415 0.840272 0.953997 0.930981 0.848123 0.887959 0.981254 0.962832 0.873507 0.870893 0.939108 0.858547 0.895759 0.965912 0.895183 0.771179 0.956300 0.894607 0.976173 0.900458 0.812658 0.917563 0.891618 0.864216 0.964434 0.816701 0.993655 0.979129 0.881161 0.776450 0.976749 0.872079 0.871493 0.780324 0.922756 0.861009 0.793540 0.818695 0.993773 0.914320 0.877610 0.925522 0.954604 0.948673 0.746321 0.710231 0.689333 0.691122 0.943974 0.983871 0.797344 0.913159 0.907593 0.870643 0.944859 0.917089 0.892497 0.770110 0.844000 0.937953 0.908727 0.809871 0.889633 0.955407 0.909789 0.972884 0.948200 0.999438 0.924013 0.915892
0.989778 0.917101 0.875258 0.748106 0.688098 0.841130 0.938462 0.769029 0.841875 0.867093 0.747681 0.940726 0.647562 0.656722 0.000000 0.560695 0.876676 0.822613 0.937352 0.992060 0.931122 0.861991 0.659070 0.765352 0.990132 0.936878 0.966030 0.987685 0.796435 0.696157 0.757011 0.686072 0.981024 0.840474 0.956713 0.856887 0.960755 0.878345 0.966161 0.977599 0.990403 0.822620 0.787521 0.851770 0.991512 0.993291 0.951289 0.988422 0.949233 0.848381 0.913949 0.901729 0.759290 0.723393 0.991911 0.971199 0.833130 0.758217 0.809733 0.848714 0.943468 0.934805 0.866206 0.960129 0.889483 0.921656 0.690715 0.729619 0.969820 0.955046 0.975195 0.973635 0.900084 0.992523 0.986322 0.802599 0.846054 0.888097 0.814565 0.938384 0.878174 0.787294 0.608943 0.668577 0.755640 0.757387 0.610416 0.567803 0.885562 0.991592 0.833228 0.859913 0.681636 0.792738 0.909320 0.926524 0.794431 0.914068 0.849773 0.904884 0.763515 0.867503 0.678454 0.765953 0.903691 0.872823 0.817436 0.712850 0.952822 0.894683 0.827379 0.960050 0.994685 0.971246 0.909732 0.872796
0.981406 0.836902 0.733551 0.793605 0.935106 0.755116 0.741144 0.848598 0.903592 0.715413 0.912427 0.814938 0.659282 0.495332 0.560695 0.000000 0.995406 0.949400 0.913366 0.965743 0.983571 0.903855 0.997137 0.857212 0.946931 0.954604 0.909874 0.856655 0.957127 0.777576 0.903444 0.815047 0.892559 0.911302 0.851166 0.936480 0.881914 0.977205 0.896211 0.955753 0.933688 0.812583 0.901222 0.948037 0.905384 0.939198 0.952334 0.882285 0.984082 0.970563 0.893265 0.885495 0.890091 0.849356 0.959275 0.971763 0.969184 0.836816 0.810422 0.915780 0.916042 0.984057 0.907516 0.919550 0.968452 0.987775 0.699811 0.819143 0.868509 0.943241 0.955828 0.830874 0.956739 0.929760 0.988057 0.812450 0.928877 0.910590 0.877349 0.765773 0.916543 0.977935 0.810767 0.913117 0.980656 0.931265 0.736255 0.885059 0.957241 0.893520 0.702959 0.659577 0.595285 0.721257 0.851651 0.877790 0.700893 0.853225 0.823685 0.741070 0.885687 0.858036 0.763732 0.726104 0.861500 0.935741 0.892257 0.664597 0.900220 0.992493 0.705699 0.879061 0.992358 0.954930 0.860274 0.958067
0.498952 0.568235 0.817582 0.899727 0.868678 0.892477 0.737655 0.748015 0.899776 0.776127 0.778750 0.740535 0.831466 0.904479 0.876676 0.995406 0.000000 0.510701 0.605896 0.689207 0.964767 0.968875 0.896897 0.990515 0.877243 0.901007 0.952455 0.949295 0.687201 0.646942 0.936737 0.912775 0.663060 0.740914 0.831337 0.859858 0.873278 0.828912 0.974294 0.981864 0.989266 0.892125 0.820504 0.716113 0.795134 0.709217 0.750114 0.779466 0.759634 0.821431 0.901945 0.997410 0.896796 0.987586 0.749457 0.848550 0.504895 0.634018 0.794443 0.986750 0.648132 0.690860 0.497794 0.514181 0.813421 0.814696 0.892273 0.904804 0.784613 0.728934 0.950954 0.977538 0.988985 0.944580 0.996113 0.964890 0.807654 0.934467 0.812177 0.905959 0.487349 0.578806 0.793719 0.623463 0.730005 0.785943 0.904005 0.784537 0.825331 0.749632 0.826707 0.940721 0.966330 0.991619 0.879746 0.796830 0.841539 0.924145 0.840845 0.797612 0.931047 0.846688 0.881328 0.903390 0.942059 0.947965 0.944543 0.948827 0.855689 0.931735 0.863007 0.925099 0.794398 0.989951 0.885311 0.953004
0.496419 0.570059 0.711225 0.720090 0.870224 0.978082 0.614725 0.611800 0.862629 0.701726 0.792348 0.729064 0.751319 0.845758 0.822613 0.949400 0.510701 0.000000 0.582032 0.695573 0.941049 0.864380 0.800675 0.958724 0.778976 0.862039 0.933487 0.968095 0.685181 0.531595 0.804799 0.816924 0.536487 0.600221 0.807975 0.754898 0.941161 0.851965 0.823218 0.822738 0.886550 0.962914 0.758174 0.678350 0.777954 0.698456 0.650663 0.707353 0.810903 0.862783 0.945866 0.982154 0.959701 0.984787 0.648077 0.773415 0.468355 0.668363 0.755667 0.871660 0.509737 0.572195 0.446130 0.483752 0.699424 0.664638 0.773275 0.770025 0.961986 0.816469 0.851879 0.931936 0.867198 0.949324 0.986386 0.980083 0.842097 0.905120 0.772788 0.857679 0.432149 0.440127 0.791505 0.590657 0.641206 0.681063 0.927965 0.817736 0.796407 0.615551 0.842745 0.970121 0.944540 0.967088 0.803212 0.768548 0.898233 0.935997 0.782611 0.724463 0.887809 0.873295 0.972436 0.899154 0.861217 0.787812 0.950649 0.930179 0.804421 0.877924 0.840011 0.925670 0.845445 0.921560 0.907513 0.949082
0.565946 0.715084 0.697071 0.812864 0.832215 0.955653 0.604097 0.696753 0.891459 0.594306 0.799747 0.810941 0.826488 0.974086 0.937352 0.913366 0.605896 0.582032 0.000000 0.658191 0.935857 0.944065 0.813065 0.922919 0.930011 0.886565 0.934940 0.987514 0.660787 0.661210 0.834881 0.863945 0.594608 0.665962 0.785331 0.892885 0.964200 0.827825 0.876404 0.971168 0.969964 0.897574 0.853546 0.809929 0.915792 0.793787 0.736454 0.831042 0.889407 0.945188 0.965407 0.995617 0.919665 0.897199 0.722144 0.817749 0.601751 0.743704 0.789708 0.940376 0.592708 0.714268 0.456362 0.581262 0.804492 0.779982 0.779507 0.820469 0.791925 0.872976 0.865104 0.992198 0.870378 0.891227 0.992053 0.969534 0.840317 0.844113 0.851308 0.915825 0.563649 0.599357 0.838294 0.671482 0.677532 0.788932 0.906889 0.820440 0.755683 0.740399 0.807782 0.880210 0.883827 0.967644 0.917454 0.831241 0.774943 0.881941 0.774780 0.735086 0.790163 0.849553 0.863043 0.939700 0.925123 0.763189 0.955747 0.901924 0.835431 0.926821 0.825027 0.915867 0.861719 0.909660 0.997384 0.931182
0.747863 0.816336 0.792031 0.814258 0.883587 0.832397 0.727353 0.673574 0.945685 0.671463 0.706267 0.769048 0.801876 0.871898 0.992060 0.965743 0.689207 0.695573 0.658191 0.000000 0.957310 0.882714 0.866168 0.946457 0.930994 0.835617 0.895993 0.733222 0.835724 0.751126 0.902734 0.993245 0.744797 0.733001 0.795833 0.934586 0.975864 0.871589 0.928803 0.904115 0.906459 0.918653 0.920645 0.857176 0.905727 0.938382 0.941651 0.827968 0.945103 0.903938 0.969770 0.930038 0.813347 0.727032 0.962592 0.897056 0.769978 0.689331 0.671596 0.625512 0.674791 0.632911 0.712075 0.647546 0.963828 0.760735 0.873869 0.808626 0.939057 0.838265 0.952877 0.980599 0.897282 0.882016 0.854592 0.950705 0.768650 0.947590 0.860376 0.903223 0.692751 0.710400 0.890001 0.835353 0.835553 0.998727 0.892561 0.969522 0.860938 0.769390 0.956682 0.969211 0.990488 0.870031 0.966089 0.778309 0.789947 0.870685 0.848883 0.870844 0.793600 0.893604 0.830426 0.932197 0.839917 0.862634 0.995307 0.999077 0.867218 0.923247 0.685453 0.960108 0.983814 0.897325 0.967986 0.902483
0.872485 0.986964 0.834647 0.816394 0.885027 0.848894 0.884786 0.895553 0.962806 0.872707 0.840861 0.927693 0.980670 0.902249 0.931122 0.983571 0.964767 0.941049 0.935857 0.957310 0.000000 0.999957 0.936790 0.866088 0.787546 0.844886 0.909581 0.987661 0.891878 0.902344 0.872310 0.939453 0.903560 0.890982 0.911476 0.993785 0.821844 0.967445 0.966644 0.992743 0.983196 0.923131 0.869447 0.858856 0.928770 0.977708 0.825827 0.954973 0.955218 0.993364 0.923085 0.896278 0.870924 0.934193 0.892979 0.997691 0.917271 0.920081 0.937800 0.894382 0.974508 0.969354 0.976005 0.961604 0.888540 0.866226 0.773003 0.817576 0.930711 0.977028 0.928935 0.956586 0.970171 0.981625 0.913952 0.999657 0.916389 0.900022 0.978928 0.920983 0.963517 0.978590 0.894261 0.949174 0.892776 0.896170 0.986677 0.889675 0.987561 0.918506 0.906205 0.966113 0.869895 0.862356 0.876106 0.786595 0.822188 0.951071 0.963029 0.971711 0.850632 0.886777 0.924495 0.923751 0.881493 0.917800 0.992810 0.974730 0.831204 0.986601 0.929611 0.943480 0.900702 0.930454 0.976462 0.865532
0.950006 0.967937 0.949495 0.925083 0.860342 0.849941 0.985047 0.989736 0.998576 0.951923 0.945380 0.838737 0.795537 0.847281 0.861991 0.903855 0.968875 0.864380 0.944065 0.882714 0.999957 0.000000 0.977545 0.960709 0.939354 0.998750 0.904006 0.840699 0.934982 0.994303 0.972034 0.941007 0.987879 0.995545 0.999995 0.973661 0.989819 0.964508 0.936492 0.928224 0.873761 0.917090 0.908353 0.986185 0.955123 0.961203 0.867711 0.993306 0.880536 0.908414 0.854077 0.937160 0.895335 0.968715 0.857682 0.896532 0.836604 0.907219 0.958409 0.991317 0.877803 0.899299 0.947147 0.890915 0.948410 0.953632 0.872640 0.888307 0.997810 0.976253 0.996123 0.918554 0.802875 0.942308 0.995319 0.934332 0.978320 0.992469 0.928850 0.947541 0.956931 0.962817 0.971585 0.984359 0.953255 0.996768 0.771147 0.892608 0.990944 0.970295 0.919892 0.977432 0.859619 0.855039 0.954079 0.989914 0.945242 0.940204 0.925988 0.963242 0.915108 0.779738 0.993736 0.835437 0.982852 0.889482 0.891054 0.955168 0.968263 0.913999 0.929235 0.929672 0.937498 0.927252 0.975904 0.915756
0.954811 0.956179 0.724965 0.782241 0.556741 0.964310 0.732309 0.933769 0.611574 0.785364 0.815940 0.751350 0.942170 0.939642 0.659070 0.997137 0.896897 0.800675 0.813065 0.866168 0.936790 0.977545 0.000000 0.525367 0.844163 0.966615 0.950156 0.926124 0.916621 0.837913 0.589730 0.716533 0.826504 0.948480 0.798462 0.981341 0.847107 0.973138 0.979922 0.998349 0.969925 0.925428 0.862232 0.855887 0.931843 0.969412 0.872728 0.967460 0.970183 0.828623 0.870148 0.700539 0.858863 0.802451 0.960182 0.839185 0.860153 0.862785 0.971107 0.994475 0.795537 0.982231 0.738919 0.855584 0.550550 0.787945 0.916952 0.910371 0.864734 0.976637 0.933699 0.882373 0.802442 0.898233 0.864565 0.981354 0.914307 0.866822 0.774508 0.969011 0.704725 0.581184 0.598034 0.599760 0.438433 0.524874 0.792835 0.617085 0.868916 0.663846 0.890666 0.868600 0.898706 0.951818 0.957379 0.821994 0.827916 0.910573 0.895391 0.797805 0.920025 0.906793 0.845852 0.914480 0.769520 0.825602 0.976032 0.973619 0.853965 0.987141 0.959859 0.981443 0.938567 0.947095 0.956511 0.800346
0.922519 0.907969 0.932014 0.829254 0.671871 0.990771 0.961316 0.928041 0.929630 0.889112 0.811470 0.787561 0.935287 0.947770 0.765352 0.857212 0.990515 0.958724 0.922919 0.946457 0.866088 0.960709 0.525367 0.000000 0.794780 0.769059 0.761798 0.925097 0.955952 0.922170 0.663704 0.758569 0.992729 0.979574 0.923028 0.977133 0.882261 0.853019 0.933868 0.931965 0.965154 0.994450 0.865797 0.890756 0.979899 0.983325 0.893916 0.900442 0.958823 0.980913 0.875733 0.871394 0.959266 0.805889 0.911152 0.866716 0.945690 0.871294 0.772555 0.805454 0.927117 0.867917 0.924386 0.874715 0.630006 0.752827 0.919077 0.871523 0.738147 0.999091 0.953188 0.825894 0.836757 0.910084 0.978387 0.988526 0.804744 0.900349 0.852764 0.844527 0.874692 0.771747 0.719816 0.828066 0.614575 0.511704 0.854293 0.706809 0.942226 0.904430 0.945920 0.993446 0.944383 0.942621 0.937065 0.968700 0.997443 0.860731 0.931125 0.940941 0.969096 0.815971 0.731960 0.819825 0.920275 0.914776 0.914197 0.937478 0.971230 0.952840 0.843426 0.917631 0.964035 0.993878 0.952729 0.998719
0.801830 0.815266 0.706514 0.612772 0.853743 0.834575 0.771537 0.783185 0.955678 0.926290 0.974267 0.990916 0.984575 0.918392 0.990132 0.946931 0.877243 0.778976 0.930011 0.930994 0.787546 0.939354 0.844163 0.794780 0.000000 0.668756 0.833129 0.807499 0.896608 0.924115 0.732042 0.840665 0.777755 0.782140 0.750349 0.865775 0.906152 0.874221 0.880069 0.864341 0.778619 0.918527 0.642920 0.680134 0.674781 0.700737 0.709636 0.683605 0.821677 0.861573 0.752732 0.996582 0.853731 0.778678 0.981817 0.766395 0.821815 0.950513 0.968117 0.826859 0.831938 0.899210 0.858178 0.964732 0.606813 0.638374 0.697599 0.693955 0.772835 0.760038 0.787125 0.697602 0.913859 0.994567 0.863820 0.944156 0.878162 0.919841 0.784117 0.882019 0.671781 0.672918 0.856092 0.781330 0.683951 0.542123 0.979344 0.975287 0.959350 0.859619 0.733986 0.826438 0.729228 0.698917 0.821774 0.807447 0.951820 0.932104 0.866823 0.804033 0.861487 0.972145 0.999975 0.847840 0.958544 0.795381 0.800672 0.887049 0.945270 0.963703 0.924567 0.776905 0.859600 0.965654 0.920637 0.889455
0.786858 0.851211 0.854786 0.711644 0.970849 0.849412 0.861183 0.873631 0.998556 0.923748 0.915656 0.983784 0.883736 0.963937 0.936878 0.954604 0.901007 0.862039 0.886565 0.835617 0.844886 0.998750 0.966615 0.769059 0.668756 0.000000 0.857421 0.734866 0.985593 0.963960 0.798146 0.993274 0.819667 0.826563 0.931663 0.792714 0.807327 0.891556 0.818424 0.906837 0.849786 0.736483 0.789721 0.766261 0.838990 0.821303 0.802959 0.787692 0.781631 0.979603 0.858355 0.848482 0.897818 0.785689 0.806927 0.832842 0.874623 0.842828 0.877963 0.725537 0.972051 0.995945 0.899003 0.963055 0.691922 0.801067 0.725045 0.821592 0.900289 0.968819 0.767428 0.723382 0.878770 0.944282 0.793675 0.880379 0.864915 0.810812 0.944023 0.995138 0.833548 0.847250 0.910805 0.869302 0.840197 0.627105 0.912070 0.942602 0.956384 0.858167 0.772863 0.786050 0.772253 0.741536 0.845722 0.920258 0.980172 0.983245 0.870991 0.858971 0.889799 0.947526 0.974071 0.857605 0.902660 0.858246 0.897310 0.901870 0.990355 0.904017 0.948445 0.935153 0.863060 0.993241 0.877773 0.832054
0.933807 0.982978 0.953323 0.939408 0.887863 0.836432 0.930194 0.957161 0.961355 0.766109 0.841175 0.957340 0.880320 0.974312 0.966030 0.909874 0.952455 0.933487 0.934940 0.895993 0.909581 0.904006 0.950156 0.761798 0.833129 0.857421 0.000000 0.898318 0.959605 0.918513 0.949799 0.963044 0.878919 0.928014 0.839169 0.909895 0.949779 0.923660 0.818454 0.928983 0.870739 0.947800 0.803645 0.884088 0.874750 0.860900 0.953319 0.998181 0.883977 0.817558 0.897754 0.841617 0.996677 0.941636 0.916286 0.854766 0.885607 0.849193 0.796271 0.845349 0.928667 0.995615 0.947279 0.829283 0.829345 0.797146 0.966546 0.991566 0.751050 0.977748 0.937168 0.854456 0.927846 0.949031 0.987397 0.932406 0.941436 0.964746 0.948155 0.822567 0.927651 0.904134 0.966400 0.984470 0.952567 0.755879 0.961299 0.921432 0.870663 0.962053 0.917268 0.966980 0.911548 0.999609 0.888653 0.857376 0.868113 0.875211 0.864353 0.846268 0.970856 0.835848 0.758177 0.791923 0.919637 0.989851 0.968161 0.850172 0.980563 0.966369 0.817595 0.847940 0.946595 0.937461 0.977083 0.974201
0.978979 0.818246 0.912924 0.964335 0.839973 0.813434 0.838902 0.922840 0.886203 0.805006 0.962681 0.967049 0.973753 0.910925 0.987685 0.856655 0.949295 0.968095 0.987514 0.733222 0.987661 0.840699 0.926124 0.925097 0.807499 0.734866 0.898318 0.000000 0.902307 0.985110 0.910092 0.959877 0.971206 0.985420 0.975313 0.959302 0.922359 0.938199 0.999348 0.939939 0.943006 0.977732 0.882471 0.882982 0.866051 0.909109 0.885741 0.926603 0.918218 0.934638 0.930004 0.836167 0.865871 0.847154 0.994965 0.924304 0.975021 0.915661 0.778895 0.760461 0.823872 0.922324 0.990171 0.903711 0.954972 0.977903 0.976415 0.955399 0.964530 0.957338 0.965867 0.821677 0.926947 0.928403 0.868341 0.939598 0.950894 0.859531 0.949947 0.868695 0.968427 0.987983 0.952606 0.972208 0.914692 0.863879 0.972003 0.945717 0.913519 0.929025 0.946143 0.914380 0.977783 0.986885 0.965827 0.979836 0.837194 0.941735 0.957513 0.958126 0.999172 0.914533 0.968341 0.975100 0.962176 0.949027 0.900085 0.896374 0.816533 0.934317 0.839628 0.963425 0.949818 0.975850 0.898077 0.988389
0.731888 0.735400 0.950570 0.967421 0.947580 0.975663 0.913674 0.857636 0.859368 0.784057 0.885028 0.846772 0.871570 0.910987 0.796435 0.957127 0.687201 0.685181 0.660787 0.835724 0.891878 0.934982 0.916621 0.955952 0.896608 0.985593 0.959605 0.902307 0.000000 0.552377 0.930683 0.823702 0.817539 0.775314 0.931693 0.949801 0.963436 0.806885 0.971753 0.954957 0.896020 0.910537 0.953162 0.967580 0.973617 0.968980 0.870118 0.997062 0.936562 0.902435 0.876708 0.916232 0.865923 0.992025 0.870950 0.801155 0.741793 0.807913 0.982048 0.966603 0.814463 0.680446 0.672624 0.676168 0.964205 0.917362 0.948376 0.970059 0.837046 0.907920 0.902402 0.944925 0.806492 0.788647 0.882230 0.881995 0.895091 0.868991 0.896456 0.982106 0.750401 0.821078 0.798320 0.711525 0.927738 0.903840 0.987003 0.872149 0.856307 0.810856 0.966765 0.866802 0.877657 0.808342 0.966035 0.878763 0.991693 0.963239 0.962787 0.902624 0.975020 0.893341 0.913026 0.969065 0.951874 0.959131 0.865889 0.914395 0.989738 0.987411 0.921836 0.977998 0.739681 0.948387 0.976512 0.827976
0.639556 0.662027 0.909931 0.889524 0.893843 0.918106 0.813643 0.739011 0.932787 0.853920 0.922571 0.697969 0.738313 0.706656 0.696157 0.777576 0.646942 0.531595 0.661210 0.751126 0.902344 0.994303 0.837913 0.922170 0.924115 0.963960 0.918513 0.985110 0.552377 0.000000 0.781101 0.746930 0.699584 0.701734 0.886768 0.847719 0.910829 0.933716 0.825865 0.844502 0.977484 0.981804 0.855694 0.826083 0.930866 0.851250 0.684750 0.757955 0.818031 0.932986 0.948949 0.981302 0.924337 0.996466 0.728128 0.760384 0.640467 0.704254 0.873594 0.921223 0.692646 0.619999 0.598627 0.630019 0.812003 0.728482 0.970061 0.887378 0.996126 0.944814 0.966651 0.838679 0.878519 0.845841 0.917043 0.892818 0.904928 0.865804 0.737285 0.746213 0.656668 0.606545 0.698888 0.606906 0.777352 0.770316 0.831497 0.866716 0.809890 0.747659 0.906079 0.839747 0.835250 0.826913 0.856745 0.951013 0.997169 0.994036 0.845086 0.964254 0.989677 0.910361 0.948788 0.968569 0.958650 0.845042 0.950753 0.878621 0.909859 0.992976 0.907293 0.970624 0.843966 0.976589 0.946090 0.987112
0.853136 0.972800 0.769420 0.737811 0.795188 0.966157 0.802019 0.830683 0.887668 0.831786 0.917517 0.875179 0.975097 0.895160 0.757011 0.903444 0.936737 0.804799 0.834881 0.902734 0.872310 0.972034 0.589730 0.663704 0.732042 0.798146 0.949799 0.910092 0.930683 0.781101 0.000000 0.619063 0.638023 0.783341 0.716986 0.940960 0.916592 0.808260 0.858905 0.792705 0.926786 0.899196 0.803775 0.821233 0.695409 0.722618 0.690959 0.637013 0.733168 0.741965 0.701896 0.717327 0.858942 0.776452 0.909786 0.760714 0.828522 0.902298 0.995719 0.980185 0.883242 0.955599 0.808603 0.878310 0.720908 0.765948 0.739961 0.711273 0.816698 0.926084 0.733123 0.728968 0.826882 0.790009 0.986229 0.977602 0.970906 0.895029 0.826079 0.991940 0.768289 0.706414 0.721266 0.686118 0.638016 0.599731 0.931549 0.777092 0.984196 0.852478 0.812158 0.851803 0.808838 0.855552 0.957294 0.856526 0.823836 0.940664 0.721424 0.789649 0.951380 0.943115 0.942440 0.900240 0.917789 0.834373 0.979996 0.889017 0.847213 0.926261 0.900782 0.846625 0.892610 0.895468 0.939442 0.877074
0.960611 0.987827 0.878430 0.926736 0.827033 0.969241 0.959586 0.949112 0.965490 0.924110 0.929684 0.972132 0.995178 0.804485 0.686072 0.815047 0.912775 0.816924 0.863945 0.993245 0.939453 0.941007 0.716533 0.758569 0.840665 0.993274 0.963044 0.959877 0.823702 0.746930 0.619063 0.000000 0.813967 0.821860 0.847434 0.879678 0.920108 0.887323 0.910047 0.717087 0.984272 0.983675 0.957416 0.933405 0.794027 0.880434 0.750411 0.766042 0.964592 0.934601 0.978848 0.915520 0.892860 0.866248 0.823314 0.749681 0.908153 0.965385 0.816195 0.907621 0.937400 0.971758 0.843172 0.897675 0.798094 0.802475 0.860519 0.828983 0.845297 0.946498 0.970205 0.801032 0.864550 0.809532 0.961646 0.870365 0.947203 0.983181 0.771048 0.846457 0.884213 0.738638 0.691542 0.697029 0.757723 0.676380 0.753941 0.725592 0.975228 0.826037 0.948097 0.928265 0.897746 0.982255 0.886813 0.854863 0.992256 0.962702 0.895555 0.940603 0.969483 0.851836 0.877789 0.870713 0.927213 0.986922 0.992010 0.960889 0.935185 0.925253 0.944519 0.809570 0.928139 0.999836 0.901175 0.789378
0.566917 0.608098 0.561823 0.607526 0.982069 0.943344 0.520245 0.566866 0.849397 0.595770 0.836624 0.881349 0.941326 0.975922 0.981024 0.892559 0.663060 0.536487 0.594608 0.744797 0.903560 0.987879 0.826504 0.992729 0.777755 0.819667 0.878919 0.971206 0.817539 0.699584 0.638023 0.813967 0.000000 0.557103 0.755257 0.851096 0.951336 0.943260 0.916406 0.851352 0.802656 0.809091 0.616206 0.556495 0.614532 0.555298 0.684501 0.585184 0.687578 0.767099 0.804561 0.934721 0.982805 0.947862 0.780583 0.883659 0.558372 0.701822 0.690071 0.879441 0.565270 0.699207 0.506587 0.558144 0.733866 0.741276 0.593978 0.617740 0.929242 0.895626 0.879986 0.943808 0.982606 0.896226 0.930246 0.961265 0.798323 0.889220 0.854117 0.968067 0.530348 0.546400 0.826107 0.653031 0.661984 0.762432 0.957532 0.865207 0.834777 0.769306 0.695312 0.779372 0.679735 0.829922 0.746364 0.729969 0.697715 0.838917 0.555301 0.627810 0.794730 0.982568 0.853863 0.696754 0.909806 0.690000 0.880662 0.802266 0.810402 0.831155 0.771796 0.738166 0.817823 0.917718 0.945705 0.953847
0.533819 0.702338 0.607688 0.541889 0.960839 0.878516 0.586481 0.445079 0.977414 0.638036 0.598947 0.737668 0.900864 0.922800 0.840474 0.911302 0.740914 0.600221 0.665962 0.733001 0.890982 0.995545 0.948480 0.979574 0.782140 0.826563 0.928014 0.985420 0.775314 0.701734 0.783341 0.821860 0.557103 0.000000 0.768040 0.691507 0.943026 0.981803 0.842897 0.694024 0.903031 0.881548 0.653752 0.625006 0.843152 0.718245 0.658101 0.644389 0.881781 0.989722 0.880249 0.979557 0.816887 0.747913 0.768065 0.747164 0.697875 0.822359 0.676553 0.690943 0.599554 0.522541 0.613270 0.551390 0.766716 0.551349 0.541074 0.492131 0.976457 0.792970 0.971766 0.888177 0.841343 0.855458 0.944968 0.962673 0.794804 0.752659 0.893199 0.887624 0.639642 0.640608 0.990949 0.777109 0.740771 0.805827 0.909402 0.996590 0.847839 0.668783 0.844698 0.960329 0.802954 0.945437 0.839471 0.729779 0.718700 0.931421 0.598103 0.650075 0.706295 0.957271 0.763974 0.799862 0.810490 0.761347 0.983986 0.825707 0.824996 0.821582 0.740338 0.861058 0.765964 0.982605 0.962538 0.968126
0.790322 0.889009 0.733253 0.683059 0.981515 0.883831 0.756825 0.752668 0.991290 0.838462 0.827388 0.890131 0.950739 0.883432 0.956713 0.851166 0.831337 0.807975 0.785331 0.795833 0.911476 0.999995 0.798462 0.923028 0.750349 0.931663 0.839169 0.975313 0.931693 0.886768 0.716986 0.847434 0.755257 0.768040 0.000000 0.887060 0.919620 0.942886 0.998485 0.864254 0.986742 0.923754 0.747486 0.791947 0.776155 0.741902 0.825965 0.794733 0.884231 0.867248 0.835455 0.839382 0.943274 0.915522 0.892485 0.714349 0.893101 0.909527 0.945965 0.899304 0.772820 0.832665 0.765018 0.757940 0.782965 0.843074 0.769479 0.789253 0.988549 0.817635 0.851130 0.808276 0.895766 0.976404 0.958324 0.933644 0.892561 0.829719 0.769714 0.999074 0.685686 0.684036 0.800931 0.677265 0.742808 0.770953 0.895927 0.869006 0.987886 0.796211 0.767378 0.823493 0.727935 0.873396 0.817738 0.717805 0.834129 0.919323 0.771722 0.765732 0.974667 0.832711 0.837865 0.845879 0.977217 0.823127 0.909518 0.767592 0.849817 0.963125 0.846745 0.814883 0.980474 0.947425 0.808945 0.933636
0.813727 0.917836 0.797013 0.679111 0.974783 0.920932 0.821707 0.681347 0.903308 0.971341 0.732412 0.749314 0.964233 0.908930 0.856887 0.936480 0.859858 0.754898 0.892885 0.934586 0.993785 0.973661 0.981341 0.977133 0.865775 0.792714 0.909895 0.959302 0.949801 0.847719 0.940960 0.879678 0.851096 0.691507 0.887060 0.000000 0.827272 0.899935 0.860251 0.695559 0.927714 0.931369 0.842297 0.843726 0.933255 0.920425 0.890392 0.839324 0.973452 0.886882 0.986019 0.864285 0.905577 0.918729 0.775630 0.821459 0.903086 0.989116 0.928857 0.917376 0.771964 0.742296 0.863325 0.876135 0.754773 0.692502 0.770748 0.724450 0.813112 0.943838 0.827719 0.864483 0.897796 0.990531 0.819038 0.956480 0.859170 0.835132 0.959086 0.914556 0.845315 0.796323 0.904389 0.992760 0.912400 0.848281 0.958202 0.902975 0.933348 0.776472 0.991333 0.938751 0.915282 0.998124 0.733933 0.968357 0.939950 0.990313 0.800609 0.896107 0.972846 0.898324 0.972952 0.954258 0.972984 0.891158 0.905119 0.983857 0.942879 0.917625 0.923021 0.906226 0.937522 0.990725 0.872769 0.942921
0.986077 0.922253 0.976260 0.915126 0.937450 0.900844 0.988331 0.972382 0.992051 0.943219 0.999447 0.992073 0.968101 0.999158 0.960755 0.881914 0.873278 0.941161 0.964200 0.975864 0.821844 0.989819 0.847107 0.882261 0.906152 0.807327 0.949779 0.922359 0.963436 0.910829 0.916592 0.920108 0.951336 0.943026 0.919620 0.827272 0.000000 0.919649 0.966906 0.980922 0.987482 0.843363 0.918649 0.915768 0.923201 0.990834 0.912660 0.867422 0.933975 0.963883 0.978244 0.982570 0.902658 0.912626 0.842832 0.912724 0.949063 0.945245 0.970921 0.960249 0.987652 0.992775 0.981161 0.967341 0.864076 0.913857 0.954476 0.898515 0.942162 0.938981 0.861621 0.828565 0.924181 0.807901 0.882093 0.983919 0.924100 0.830183 0.823858 0.886773 0.988821 0.964027 0.867683 0.884837 0.939858 0.891069 0.931385 0.963238 0.990229 0.920861 0.940363 0.953586 0.901778 0.988793 0.956854 0.954364 0.853967 0.978418 0.913485 0.891889 0.984174 0.922054 0.874942 0.980141 0.917305 0.858095 0.895725 0.965902 0.954153 0.999220 0.968320 0.910723 0.856429 0.808423 0.751597 0.993630
0.850097 0.910969 0.951776 0.872198 0.824918 0.893345 0.891452 0.970651 0.842790 0.928828 0.908232 0.922995 0.789471 0.995131 0.878345 0.977205 0.828912 0.851965 0.827825 0.871589 0.967445 0.964508 0.973138 0.853019 0.874221 0.891556 0.923660 0.938199 0.806885 0.933716 0.808260 0.887323 0.943260 0.981803 0.942886 0.899935 0.919649 0.000000 0.890776 0.992104 0.925766 0.772970 0.716932 0.726948 0.674357 0.668183 0.768168 0.752137 0.732338 0.812340 0.722743 0.851224 0.983866 0.915890 0.946721 0.888771 0.913057 0.813059 0.926250 0.889717 0.745567 0.844767 0.885739 0.863497 0.936679 0.991349 0.776381 0.740383 0.859307 0.965924 0.809875 0.750507 0.822338 0.893819 0.977856 0.990708 0.996533 0.971550 0.957821 0.969610 0.884939 0.963070 0.929822 0.976485 0.942191 0.958540 0.972286 0.978301 0.818297 0.853534 0.915514 0.885465 0.822376 0.826889 0.871238 0.998645 0.917122 0.871319 0.886117 0.963136 0.861327 0.914854 0.881923 0.779234 0.959004 0.903029 0.981327 0.883751 0.935840 0.937720 0.970653 0.968699 0.944222 0.842580 0.986101 0.949843
