0.000000 0.168055 0.316245 0.302259 0.632373 0.556953 0.249523 0.206109 0.401810 0.322895 0.145929 0.141930 0.135913 0.235382 0.220068 0.260067 0.162202 0.154095 0.152818 0.164877 0.516278 0.855531 0.334289 0.548731 0.740091 0.735323 0.915119 0.858477 0.210189 0.199465 0.289327 0.398827 0.157226 0.168600 0.503833 0.632586 0.373008 0.426360 0.729568 0.629899 0.630102 0.541569 0.250060 0.220024 0.253801 0.210437 0.247734 0.240689 0.730048 0.390633 0.477528 0.386968 0.544371 0.592673 0.495955 0.517401 0.179916 0.163802 0.182332 0.193200 0.131476 0.195101 0.130912 0.137623 0.392680 0.298303 0.279899 0.294565 0.314102 0.212544 0.270913 0.257658 0.442885 0.458303 0.639245 0.593397 0.365851 0.284122 0.199208 0.222579 0.151491 0.209719 0.477366 0.354553 0.280855 0.494802 0.960291 0.778496 0.445800 0.547026 0.571526 0.670102 0.582754 0.748905 0.495038 0.518465 0.322900 0.563599 0.234614 0.240843 0.526013 0.563114 0.246284 0.303992 0.289018 0.279786 0.709363 0.592509 0.650499 0.452537 0.623213 0.348203 0.356790 0.469044 0.397292 0.960660
0.168055 0.000000 0.482107 0.403490 0.642845 0.595938 0.369459 0.254135 0.452849 0.367677 0.230953 0.135233 0.163703 0.171086 0.205515 0.215203 0.156700 0.131033 0.182370 0.168963 0.540572 0.834591 0.336676 0.498976 0.708772 0.831883 0.952321 0.879329 0.171535 0.187778 0.353186 0.429884 0.220785 0.232442 0.589376 0.624985 0.384440 0.460366 0.822356 0.663346 0.650650 0.477776 0.277140 0.234639 0.275085 0.250371 0.321798 0.254214 0.716993 0.452963 0.545550 0.455629 0.641082 0.722331 0.644402 0.650201 0.113465 0.100931 0.268098 0.277728 0.224146 0.249024 0.160179 0.132778 0.548193 0.444654 0.414198 0.387861 0.355105 0.261454 0.247993 0.259522 0.548494 0.582632 0.692989 0.585193 0.313177 0.273696 0.262013 0.223689 0.163208 0.222146 0.415862 0.342842 0.348762 0.488542 0.875563 0.801004 0.553624 0.595936 0.658581 0.704117 0.666522 0.830373 0.467541 0.520697 0.372166 0.489543 0.277134 0.247760 0.571125 0.696056 0.284644 0.272309 0.338248 0.286354 0.762982 0.614447 0.624316 0.475731 0.574584 0.359804 0.450560 0.415613 0.437432 0.852845
0.316245 0.482107 0.000000 0.143902 0.635125 0.564277 0.136172 0.216155 0.425558 0.330066 0.317949 0.362389 0.318840 0.441214 0.395005 0.382015 0.399128 0.375950 0.253396 0.330678 0.461700 0.845708 0.277715 0.487454 0.565057 0.435351 0.979144 0.823650 0.424904 0.330282 0.226325 0.360274 0.229818 0.242271 0.389741 0.623038 0.406172 0.480058 0.597129 0.618488 0.739061 0.686058 0.291780 0.300797 0.475588 0.409166 0.368422 0.302685 0.956876 0.598614 0.678507 0.586099 0.611959 0.517530 0.479506 0.594829 0.495400 0.488655 0.287065 0.324931 0.231542 0.332799 0.308517 0.355248 0.202473 0.180963 0.179689 0.220031 0.470786 0.293997 0.370048 0.403521 0.443791 0.467737 0.499666 0.791668 0.479323 0.450086 0.314489 0.420105 0.315805 0.277857 0.575928 0.359887 0.311454 0.463504 0.933131 0.914224 0.420555 0.510603 0.550669 0.616667 0.552668 0.702752 0.593015 0.607224 0.430230 0.683784 0.449228 0.385434 0.544999 0.389902 0.396902 0.340737 0.388610 0.385493 0.746408 0.650853 0.629222 0.468347 0.652954 0.567092 0.458217 0.573663 0.548782 0.960771
0.302259 0.403490 0.143902 0.000000 0.673540 0.473005 0.153468 0.146077 0.439265 0.242796 0.355145 0.283303 0.261943 0.310101 0.292097 0.262535 0.348770 0.309298 0.229474 0.283653 0.419120 0.790491 0.186067 0.358938 0.523117 0.418885 0.992795 0.933441 0.343293 0.258134 0.188944 0.277750 0.188921 0.199235 0.368630 0.585998 0.331297 0.453488 0.545320 0.583461 0.746038 0.562301 0.230540 0.266269 0.422335 0.368569 0.323277 0.241050 0.972996 0.551566 0.646442 0.545266 0.587200 0.524920 0.467336 0.584697 0.430960 0.409833 0.294828 0.333762 0.238675 0.282336 0.258852 0.271012 0.211424 0.174880 0.187011 0.206623 0.520434 0.283731 0.288490 0.368151 0.501415 0.581481 0.481987 0.718018 0.390548 0.381193 0.267883 0.380547 0.231332 0.193089 0.454268 0.254278 0.253836 0.352609 0.926152 0.952869 0.405143 0.424747 0.519572 0.561591 0.496076 0.693589 0.535625 0.494776 0.386660 0.615162 0.391532 0.276182 0.477712 0.412629 0.310573 0.296675 0.323719 0.316933 0.810511 0.612713 0.623237 0.416794 0.603797 0.464078 0.418819 0.464579 0.533323 0.931821
0.632373 0.642845 0.635125 0.673540 0.000000 0.795900 0.631453 0.621263 0.731519 0.688713 0.724213 0.691629 0.629544 0.720345 0.665900 0.681017 0.729606 0.689075 0.594637 0.708166 0.709340 0.851852 0.669338 0.765111 0.902494 0.976059 0.943127 0.768599 0.683497 0.749131 0.779698 0.856640 0.601801 0.665452 0.706565 0.801676 0.752037 0.699258 0.886500 0.795246 0.902658 0.638775 0.597451 0.595295 0.571288 0.637161 0.711309 0.657519 0.817302 0.766537 0.731236 0.718987 0.830971 0.813001 0.791276 0.812157 0.652090 0.695794 0.635779 0.625832 0.577495 0.620719 0.639759 0.649920 0.645246 0.629424 0.625150 0.599437 0.698355 0.724663 0.602228 0.664840 0.897050 0.944075 0.916997 0.951690 0.764757 0.765385 0.782781 0.799309 0.687972 0.706059 0.743786 0.691010 0.663688 0.665599 0.968680 0.906280 0.893951 0.780488 0.688100 0.699986 0.702437 0.742770 0.920683 0.852392 0.718178 0.866565 0.623660 0.589412 0.699746 0.675571 0.571848 0.597849 0.533878 0.692781 0.767784 0.726688 0.866761 0.943373 0.700988 0.667022 0.745674 0.810937 0.664740 0.890596
0.556953 0.595938 0.564277 0.473005 0.795900 0.000000 0.451879 0.419526 0.589554 0.415016 0.597236 0.535408 0.537165 0.617596 0.577801 0.571516 0.609487 0.569234 0.543041 0.535818 0.713511 0.846121 0.526231 0.737881 0.871359 0.607326 0.959225 0.781702 0.614667 0.605478 0.558616 0.625108 0.531180 0.510724 0.579834 0.800406 0.550785 0.861371 0.800484 0.853659 0.830154 0.571460 0.463085 0.554558 0.514831 0.562549 0.502098 0.568853 0.909444 0.778995 0.744891 0.721840 0.759759 0.802492 0.738905 0.715073 0.609689 0.633669 0.607070 0.675350 0.549370 0.586412 0.530868 0.546494 0.582740 0.523240 0.463396 0.457902 0.779546 0.673461 0.416706 0.517320 0.781609 0.855922 0.746048 0.811523 0.592071 0.560028 0.557790 0.700027 0.503832 0.548280 0.789152 0.614154 0.571414 0.724736 0.886106 0.745295 0.764156 0.754329 0.411310 0.472522 0.371056 0.588314 0.733403 0.724125 0.484839 0.756858 0.424744 0.418834 0.525002 0.481539 0.585800 0.519776 0.549460 0.503853 0.946797 0.589730 0.846167 0.690206 0.692303 0.457685 0.495000 0.708124 0.632592 0.967119
0.249523 0.369459 0.136172 0.153468 0.631453 0.451879 0.000000 0.133278 0.392917 0.216764 0.285770 0.285447 0.265227 0.372940 0.345414 0.333460 0.301646 0.274992 0.177487 0.269295 0.485319 0.855951 0.261485 0.518186 0.680365 0.559082 0.899573 0.796356 0.344185 0.269705 0.241702 0.355486 0.183583 0.176758 0.397429 0.597274 0.386956 0.465951 0.589983 0.624821 0.714312 0.550683 0.203883 0.201174 0.318530 0.275205 0.315075 0.235540 0.968203 0.573004 0.605973 0.524053 0.585812 0.507833 0.486366 0.640668 0.357013 0.369848 0.225660 0.295701 0.167604 0.279916 0.219281 0.263021 0.250067 0.172699 0.134963 0.146022 0.457756 0.285274 0.285132 0.283353 0.447164 0.479482 0.505328 0.727200 0.407389 0.344631 0.283138 0.374041 0.224056 0.231628 0.550957 0.343865 0.309226 0.483700 0.983909 0.808945 0.418523 0.578904 0.469158 0.509581 0.456063 0.623357 0.568186 0.510570 0.348957 0.589641 0.306880 0.255557 0.467432 0.320160 0.330270 0.275725 0.321292 0.307286 0.749241 0.570767 0.555576 0.397736 0.541552 0.407493 0.325089 0.471227 0.484537 0.926578
0.206109 0.254135 0.216155 0.146077 0.621263 0.419526 0.133278 0.000000 0.371031 0.164037 0.282329 0.180745 0.182250 0.223547 0.229058 0.220412 0.226996 0.200485 0.171701 0.210014 0.456246 0.792450 0.207074 0.425572 0.653448 0.584537 0.912763 0.910388 0.251167 0.200589 0.235160 0.332180 0.150009 0.150475 0.386003 0.527096 0.354459 0.406549 0.666707 0.595385 0.647984 0.492095 0.174513 0.196100 0.250587 0.240119 0.282048 0.218834 0.834103 0.482243 0.524133 0.433553 0.536106 0.516915 0.510832 0.615564 0.280535 0.269388 0.244802 0.283247 0.168043 0.193238 0.172961 0.156884 0.293900 0.208589 0.176840 0.193280 0.472938 0.254349 0.237473 0.281108 0.480086 0.566357 0.553092 0.662943 0.314276 0.256854 0.212091 0.339873 0.157932 0.177723 0.421417 0.278080 0.254919 0.407280 0.958461 0.827837 0.444184 0.483231 0.393192 0.446334 0.388635 0.590899 0.469822 0.412415 0.284164 0.513826 0.221429 0.161417 0.381401 0.387711 0.253361 0.222340 0.248340 0.259748 0.737164 0.486732 0.569685 0.386637 0.518685 0.329290 0.305896 0.395059 0.447743 0.959240
0.401810 0.452849 0.425558 0.439265 0.731519 0.589554 0.392917 0.371031 0.000000 0.356945 0.412031 0.399489 0.418637 0.524442 0.499065 0.491442 0.455947 0.449413 0.428661 0.392777 0.718678 0.988177 0.505248 0.751355 0.737892 0.741661 0.895435 0.814668 0.453190 0.457160 0.448846 0.612177 0.391844 0.403814 0.570993 0.714873 0.506943 0.569920 0.838624 0.719558 0.741933 0.771988 0.446747 0.436205 0.449730 0.441739 0.451867 0.471204 0.906618 0.611744 0.647844 0.574767 0.687418 0.679718 0.677729 0.678613 0.472019 0.473181 0.441770 0.435006 0.360553 0.365428 0.441201 0.443070 0.459689 0.407839 0.423110 0.426599 0.442472 0.435145 0.445579 0.479775 0.405095 0.450448 0.753870 0.639089 0.480723 0.419394 0.533493 0.506459 0.442851 0.486679 0.728086 0.592179 0.550932 0.715435 0.874983 0.620230 0.658065 0.740779 0.535310 0.543338 0.541964 0.581186 0.628642 0.582594 0.590878 0.803138 0.382201 0.420608 0.558671 0.498356 0.529234 0.413755 0.474812 0.520341 0.778059 0.603737 0.751367 0.551211 0.573208 0.563251 0.426772 0.654187 0.552117 0.869616
0.322895 0.367677 0.330066 0.242796 0.688713 0.415016 0.216764 0.164037 0.356945 0.000000 0.356253 0.282545 0.307728 0.353078 0.332962 0.339194 0.302886 0.302444 0.284448 0.322996 0.575572 0.767665 0.326799 0.561067 0.766457 0.612139 0.877817 0.902803 0.344166 0.289299 0.336101 0.424280 0.255920 0.253591 0.375715 0.590040 0.428733 0.529334 0.698862 0.636620 0.760598 0.478643 0.297270 0.315838 0.341452 0.355328 0.447810 0.348492 0.925478 0.606624 0.630224 0.539425 0.611073 0.598534 0.610645 0.651013 0.384708 0.409026 0.381834 0.434665 0.282549 0.294428 0.309337 0.285609 0.383649 0.277741 0.275847 0.294714 0.505065 0.351579 0.314585 0.356770 0.424769 0.526954 0.610186 0.556529 0.394192 0.281561 0.332146 0.438702 0.245124 0.290649 0.535481 0.382041 0.426182 0.572460 0.997124 0.760502 0.551727 0.630065 0.399952 0.411584 0.376793 0.529070 0.557465 0.428318 0.378434 0.571448 0.243559 0.219854 0.448350 0.377922 0.382760 0.279674 0.370745 0.366064 0.735698 0.476702 0.694494 0.464720 0.523172 0.387003 0.353409 0.436536 0.527484 0.965364
0.145929 0.230953 0.317949 0.355145 0.724213 0.597236 0.285770 0.282329 0.412031 0.356253 0.000000 0.160184 0.180724 0.285560 0.273287 0.274775 0.173624 0.169690 0.180287 0.163552 0.552749 0.888532 0.381547 0.541146 0.732204 0.697221 0.943258 0.826239 0.221624 0.187623 0.313686 0.375730 0.216122 0.200223 0.553337 0.673637 0.441229 0.507780 0.755880 0.651037 0.584985 0.622987 0.346826 0.284774 0.417586 0.335331 0.358421 0.336806 0.946852 0.569201 0.652558 0.565342 0.669207 0.755877 0.600804 0.626369 0.212798 0.222263 0.262949 0.294395 0.169424 0.247599 0.171599 0.192734 0.439982 0.298943 0.327326 0.370353 0.263119 0.232647 0.340905 0.308365 0.364099 0.381813 0.694215 0.563151 0.388743 0.301765 0.230388 0.216535 0.198067 0.241384 0.508044 0.394951 0.393211 0.580051 0.999884 0.752268 0.516359 0.665858 0.691592 0.792111 0.719420 0.867114 0.584733 0.585390 0.427242 0.632311 0.352240 0.336135 0.599817 0.601078 0.347640 0.340143 0.399800 0.343179 0.756004 0.766200 0.687532 0.473118 0.699707 0.460632 0.451945 0.510666 0.457945 0.936995
0.141930 0.135233 0.362389 0.283303 0.691629 0.535408 0.285447 0.180745 0.399489 0.282545 0.160184 0.000000 0.110811 0.130869 0.144591 0.145497 0.120833 0.095195 0.145881 0.133924 0.519539 0.832603 0.261514 0.412848 0.672766 0.717049 0.948560 0.954149 0.130495 0.116678 0.269582 0.323956 0.148036 0.171480 0.556512 0.639041 0.362746 0.455995 0.752187 0.599755 0.596626 0.499313 0.267914 0.237693 0.317880 0.262401 0.292470 0.263977 0.793666 0.483490 0.574500 0.473734 0.622778 0.679517 0.588802 0.646677 0.150038 0.136588 0.264056 0.273662 0.167941 0.176447 0.115759 0.090044 0.450057 0.309015 0.344339 0.353508 0.350849 0.210274 0.252601 0.243812 0.468451 0.534924 0.665487 0.559895 0.292483 0.214637 0.176650 0.204009 0.121704 0.159846 0.347771 0.259541 0.288738 0.423575 0.998562 0.850827 0.467218 0.562320 0.618782 0.687337 0.624673 0.822386 0.454221 0.470525 0.362015 0.501732 0.274293 0.229357 0.529630 0.598430 0.268141 0.260364 0.293498 0.296519 0.767180 0.630097 0.651485 0.399629 0.632742 0.367290 0.390350 0.395931 0.433667 0.929554
0.135913 0.163703 0.318840 0.261943 0.629544 0.537165 0.265227 0.182250 0.418637 0.307728 0.180724 0.110811 0.000000 0.131885 0.118098 0.139361 0.160933 0.133247 0.162968 0.180767 0.453313 0.864616 0.209766 0.356116 0.616314 0.670880 0.972328 0.923191 0.169243 0.144677 0.237048 0.334929 0.157050 0.187767 0.535827 0.652953 0.316042 0.396457 0.701527 0.639023 0.610582 0.488384 0.247637 0.232446 0.310927 0.254478 0.266978 0.247784 0.782643 0.449930 0.536898 0.435289 0.605634 0.622445 0.561754 0.621132 0.182277 0.160892 0.252593 0.265335 0.140316 0.166876 0.105552 0.102022 0.354385 0.283078 0.325791 0.345323 0.412905 0.258990 0.260737 0.280817 0.493028 0.528403 0.650783 0.595022 0.358809 0.250391 0.192942 0.239379 0.136902 0.175900 0.337542 0.259046 0.209064 0.350679 0.995729 0.916934 0.436285 0.476795 0.623117 0.689111 0.624421 0.832137 0.452414 0.473702 0.350995 0.520970 0.302808 0.256881 0.566757 0.589931 0.257708 0.277656 0.302717 0.278170 0.732597 0.613655 0.614559 0.424312 0.650751 0.395639 0.404979 0.432465 0.416951 0.987616
0.235382 0.171086 0.441214 0.310101 0.720345 0.617596 0.372940 0.223547 0.524442 0.353078 0.285560 0.130869 0.131885 0.000000 0.120045 0.114506 0.191746 0.156046 0.227990 0.221145 0.473085 0.830307 0.210086 0.288682 0.581563 0.695814 0.979758 0.958712 0.148215 0.139749 0.255329 0.313196 0.193383 0.234285 0.555327 0.640269 0.374929 0.446675 0.736758 0.615831 0.661387 0.474793 0.292918 0.283058 0.371675 0.305752 0.312133 0.273296 0.748971 0.491548 0.576436 0.485898 0.594598 0.663591 0.599027 0.681680 0.203251 0.178508 0.327354 0.347179 0.232739 0.206637 0.155462 0.113836 0.448074 0.357078 0.412925 0.422690 0.479449 0.308035 0.309348 0.365483 0.573821 0.675683 0.710718 0.620285 0.326086 0.250413 0.220774 0.276509 0.168735 0.184193 0.241141 0.239768 0.237288 0.296411 0.977135 0.971745 0.481972 0.469394 0.712333 0.760710 0.715482 0.934667 0.442800 0.471411 0.406841 0.465611 0.388128 0.296877 0.590335 0.691629 0.287174 0.304534 0.351279 0.326208 0.805876 0.636755 0.629336 0.448169 0.651686 0.428682 0.461426 0.407662 0.486548 0.977551
0.220068 0.205515 0.395005 0.292097 0.665900 0.577801 0.345414 0.229058 0.499065 0.332962 0.273287 0.144591 0.118098 0.120045 0.000000 0.137670 0.206850 0.175586 0.232534 0.242276 0.426088 0.831371 0.208459 0.326813 0.559846 0.659772 0.955328 0.989792 0.191262 0.164047 0.255040 0.334522 0.200296 0.237315 0.541867 0.688987 0.332382 0.443269 0.733527 0.624785 0.655305 0.498094 0.292977 0.269041 0.366292 0.300394 0.317283 0.263188 0.757253 0.472989 0.569468 0.457307 0.608691 0.623523 0.558035 0.631367 0.227853 0.202585 0.324003 0.327307 0.214877 0.194491 0.166486 0.135405 0.379430 0.323522 0.402852 0.415176 0.493475 0.315037 0.304168 0.339435 0.557241 0.660280 0.718613 0.631676 0.360553 0.270385 0.211376 0.282238 0.171724 0.192956 0.313391 0.259750 0.224176 0.308459 0.932944 0.973573 0.440720 0.425537 0.664029 0.709995 0.663480 0.878454 0.451304 0.438011 0.387711 0.503745 0.354854 0.284439 0.611078 0.637362 0.291078 0.298892 0.321969 0.327462 0.749871 0.619795 0.655551 0.468344 0.670829 0.409855 0.446851 0.399196 0.470306 0.974464
0.260067 0.215203 0.382015 0.262535 0.681017 0.571516 0.333460 0.220412 0.491442 0.339194 0.274775 0.145497 0.139361 0.114506 0.137670 0.000000 0.195007 0.152281 0.207525 0.210266 0.467072 0.849789 0.161240 0.254361 0.546333 0.642815 0.975846 0.973416 0.161524 0.131393 0.236342 0.279671 0.188324 0.219002 0.568762 0.665881 0.330791 0.460150 0.676868 0.603812 0.665657 0.462704 0.272697 0.259139 0.429334 0.350524 0.332406 0.280518 0.882100 0.567605 0.661700 0.569040 0.677642 0.719422 0.664203 0.719925 0.215507 0.207148 0.349850 0.378376 0.225266 0.208490 0.162238 0.128119 0.394767 0.293311 0.380173 0.385324 0.472735 0.311219 0.273610 0.328298 0.557074 0.662046 0.690446 0.623773 0.348608 0.240985 0.212720 0.258449 0.157166 0.165287 0.250525 0.218973 0.246730 0.281319 0.975303 0.939344 0.478834 0.462554 0.700153 0.728493 0.707172 0.907309 0.489952 0.452245 0.441547 0.508777 0.406360 0.297168 0.613483 0.628544 0.276417 0.268841 0.335847 0.315094 0.796518 0.710973 0.627948 0.430150 0.686388 0.445742 0.470062 0.418756 0.497798 0.981487
0.162202 0.156700 0.399128 0.348770 0.729606 0.609487 0.301646 0.226996 0.455947 0.302886 0.173624 0.120833 0.160933 0.191746 0.206850 0.195007 0.000000 0.096892 0.157161 0.148119 0.545957 0.840953 0.325756 0.476093 0.720439 0.762147 0.943761 0.864333 0.134300 0.121303 0.309113 0.343821 0.185641 0.159396 0.566076 0.644666 0.393488 0.476589 0.762116 0.635706 0.592322 0.506732 0.287119 0.226282 0.347062 0.277767 0.318194 0.281908 0.858638 0.528718 0.647438 0.525660 0.691252 0.727865 0.659980 0.692906 0.138361 0.143386 0.264754 0.289853 0.193623 0.216372 0.141215 0.127042 0.493188 0.332552 0.359317 0.350370 0.328401 0.211842 0.296418 0.287155 0.425311 0.470597 0.683077 0.525185 0.330248 0.250390 0.175092 0.168954 0.118582 0.172020 0.405291 0.302048 0.358550 0.495701 0.949367 0.855816 0.500396 0.628914 0.689327 0.731275 0.694751 0.827259 0.453738 0.493988 0.383611 0.477756 0.321720 0.248066 0.624383 0.618024 0.299503 0.260820 0.348796 0.306585 0.789373 0.649493 0.666051 0.412817 0.592220 0.367416 0.441330 0.350469 0.510362 0.853793
0.154095 0.131033 0.375950 0.309298 0.689075 0.569234 0.274992 0.200485 0.449413 0.302444 0.169690 0.095195 0.133247 0.156046 0.175586 0.152281 0.096892 0.000000 0.129224 0.123740 0.500118 0.859174 0.279171 0.428900 0.692721 0.760521 0.944199 0.880980 0.119746 0.098459 0.295121 0.326268 0.160163 0.155378 0.551191 0.666055 0.377043 0.462068 0.758934 0.631029 0.623613 0.473406 0.253095 0.197618 0.333848 0.257320 0.309195 0.248368 0.863131 0.521181 0.635609 0.522543 0.655349 0.716017 0.622192 0.699479 0.112742 0.120751 0.268399 0.293144 0.176399 0.209051 0.112229 0.100677 0.469098 0.326247 0.347035 0.345133 0.328462 0.228595 0.256725 0.242640 0.457754 0.506436 0.640500 0.592919 0.302278 0.211253 0.164474 0.175194 0.102216 0.144574 0.350153 0.263089 0.319641 0.450057 0.995949 0.868165 0.501652 0.608163 0.655236 0.698871 0.658137 0.829528 0.475803 0.477646 0.379936 0.505794 0.310209 0.232253 0.594714 0.606353 0.272232 0.246136 0.310511 0.294461 0.769363 0.679302 0.635934 0.399599 0.591245 0.348730 0.395708 0.377702 0.458079 0.902150
0.152818 0.182370 0.253396 0.229474 0.594637 0.543041 0.177487 0.171701 0.428661 0.284448 0.180287 0.145881 0.162968 0.227990 0.232534 0.207525 0.157161 0.129224 0.000000 0.131045 0.493542 0.861229 0.245916 0.435969 0.629079 0.675724 0.919704 0.774781 0.179682 0.157478 0.227357 0.288610 0.136805 0.130038 0.469160 0.584544 0.372350 0.462371 0.639175 0.612033 0.690458 0.479914 0.217297 0.182846 0.335285 0.280642 0.302312 0.207025 0.931170 0.545629 0.658098 0.550378 0.677155 0.669214 0.591066 0.723285 0.180570 0.201597 0.227692 0.264310 0.145445 0.242362 0.121910 0.145354 0.381811 0.253729 0.250754 0.246116 0.332152 0.219752 0.202731 0.235443 0.469965 0.512912 0.594661 0.636227 0.341613 0.260774 0.204957 0.222451 0.127637 0.155251 0.399659 0.273081 0.308791 0.435133 0.999731 0.813306 0.485645 0.623619 0.623679 0.681126 0.627028 0.800569 0.514293 0.522705 0.349622 0.493553 0.316200 0.240470 0.581323 0.508264 0.287400 0.250833 0.316292 0.291873 0.714378 0.663297 0.598873 0.409986 0.563087 0.372193 0.420955 0.440731 0.429382 0.907122
0.164877 0.168963 0.330678 0.283653 0.708166 0.535818 0.269295 0.210014 0.392777 0.322996 0.163552 0.133924 0.180767 0.221145 0.242276 0.210266 0.148119 0.123740 0.131045 0.000000 0.485251 0.842885 0.301187 0.449992 0.639602 0.683913 0.948401 0.853001 0.180343 0.147767 0.257531 0.282597 0.180641 0.151007 0.535622 0.613537 0.382845 0.499045 0.750132 0.639127 0.605253 0.568076 0.264678 0.221147 0.382410 0.308247 0.324366 0.275207 0.944575 0.561443 0.698720 0.591354 0.711319 0.761222 0.627468 0.697585 0.173001 0.182662 0.277561 0.304307 0.204031 0.250985 0.156717 0.156388 0.473165 0.332315 0.321996 0.322172 0.296162 0.232841 0.225142 0.268175 0.417313 0.470070 0.659986 0.609462 0.340563 0.249179 0.191333 0.181935 0.141590 0.169723 0.449252 0.320684 0.382823 0.497761 0.978158 0.795334 0.512689 0.666393 0.654941 0.727176 0.665773 0.836086 0.481526 0.560818 0.405738 0.585318 0.340728 0.278154 0.584692 0.583609 0.315999 0.286179 0.364377 0.295144 0.767814 0.701363 0.628796 0.427482 0.574405 0.385783 0.449468 0.425776 0.447830 0.912585
0.516278 0.540572 0.461700 0.419120 0.709340 0.713511 0.485319 0.456246 0.718678 0.575572 0.552749 0.519539 0.453313 0.473085 0.426088 0.467072 0.545957 0.500118 0.493542 0.485251 0.000000 0.754643 0.428714 0.492154 0.469250 0.635364 0.996218 0.965621 0.540495 0.473735 0.454985 0.571641 0.492939 0.464294 0.652547 0.864499 0.507561 0.581052 0.656443 0.760675 0.746867 0.631016 0.487898 0.484009 0.623845 0.551825 0.519054 0.465077 0.885774 0.585636 0.721089 0.668438 0.755910 0.650312 0.503741 0.703688 0.575680 0.536478 0.521004 0.529145 0.504033 0.511464 0.474938 0.475754 0.478346 0.540171 0.538375 0.553567 0.679233 0.598330 0.535482 0.568104 0.630558 0.780873 0.731628 0.900965 0.562657 0.532666 0.454424 0.572778 0.485349 0.449431 0.596835 0.516218 0.454493 0.548107 0.968789 0.967602 0.698707 0.526070 0.709782 0.757407 0.688074 0.906155 0.636561 0.533114 0.595571 0.734562 0.639769 0.538839 0.745971 0.700578 0.477585 0.543285 0.511075 0.472206 0.856059 0.816913 0.522997 0.638161 0.718165 0.680496 0.552713 0.611129 0.648275 0.912013
0.855531 0.834591 0.845708 0.790491 0.851852 0.846121 0.855951 0.792450 0.988177 0.767665 0.888532 0.832603 0.864616 0.830307 0.831371 0.849789 0.840953 0.859174 0.861229 0.842885 0.754643 0.000000 0.833958 0.885449 0.972337 0.873786 0.803471 0.980965 0.821589 0.811459 0.837079 0.847280 0.833354 0.788027 0.876077 0.820465 0.761065 0.777817 0.868140 0.721851 0.825630 0.808031 0.784906 0.777750 0.844808 0.879181 0.925027 0.873896 0.879674 0.903161 0.929440 0.847476 0.873967 0.869390 0.836213 0.844960 0.882158 0.882866 0.815200 0.897973 0.910206 0.888443 0.869632 0.847814 0.895394 0.860009 0.836096 0.831964 0.924199 0.772241 0.784390 0.848933 0.870112 0.986771 0.815958 0.702902 0.859549 0.844392 0.796768 0.833056 0.826402 0.821986 0.846599 0.798523 0.889673 0.876208 0.868373 0.950171 0.861159 0.908294 0.940968 0.915424 0.914225 0.885118 0.864972 0.722243 0.910346 0.863609 0.790105 0.777098 0.795457 0.772630 0.762413 0.713839 0.811770 0.771005 0.995429 0.933379 0.909877 0.847721 0.884244 0.857615 0.897489 0.801239 0.833409 0.937616
0.334289 0.336676 0.277715 0.186067 0.669338 0.526231 0.261485 0.207074 0.505248 0.326799 0.381547 0.261514 0.209766 0.210086 0.208459 0.161240 0.325756 0.279171 0.245916 0.301187 0.428714 0.833958 0.000000 0.206162 0.474664 0.504607 0.981490 0.948130 0.286505 0.244213 0.175346 0.227948 0.212454 0.253864 0.495768 0.590494 0.301884 0.473230 0.610871 0.664226 0.782262 0.468126 0.266604 0.308135 0.474191 0.411946 0.366283 0.296294 0.985655 0.627073 0.709604 0.613588 0.655078 0.608784 0.597654 0.736223 0.361321 0.363045 0.394518 0.440515 0.265113 0.302868 0.228738 0.232773 0.261551 0.249111 0.323303 0.346198 0.609341 0.396963 0.249829 0.374246 0.607032 0.692987 0.655903 0.772342 0.407052 0.318467 0.303493 0.374163 0.215799 0.201124 0.321087 0.229309 0.186897 0.216900 0.933084 0.899390 0.420795 0.433975 0.633192 0.661921 0.615116 0.848271 0.528748 0.450666 0.432165 0.542344 0.453018 0.322053 0.579523 0.555466 0.341663 0.320319 0.412046 0.322656 0.851770 0.636589 0.628473 0.491421 0.696265 0.487852 0.477797 0.512066 0.501222 0.989858
0.548731 0.498976 0.487454 0.358938 0.765111 0.737881 0.518186 0.425572 0.751355 0.561067 0.541146 0.412848 0.356116 0.288682 0.326813 0.254361 0.476093 0.428900 0.435969 0.449992 0.492154 0.885449 0.206162 0.000000 0.388163 0.606660 0.999238 0.946002 0.381419 0.347234 0.346162 0.283424 0.397458 0.438296 0.665977 0.693589 0.459200 0.601570 0.670587 0.783024 0.877989 0.629942 0.501824 0.539818 0.751824 0.674507 0.560436 0.507574 0.909621 0.832226 0.901310 0.822545 0.847466 0.828461 0.761765 0.911429 0.510916 0.507260 0.637654 0.670606 0.486339 0.474583 0.389444 0.382264 0.466654 0.445495 0.573691 0.630663 0.742830 0.560404 0.452856 0.602060 0.723477 0.813648 0.781169 0.823650 0.570366 0.492837 0.439606 0.473257 0.378798 0.327107 0.326037 0.306166 0.336255 0.237386 0.864153 0.696324 0.539361 0.476606 0.901560 0.940870 0.885514 0.881251 0.664053 0.569828 0.666380 0.600758 0.738656 0.556630 0.721029 0.811622 0.548539 0.504916 0.587924 0.528985 0.992645 0.850704 0.671647 0.641969 0.815349 0.674251 0.745642 0.565526 0.722351 0.929890
0.740091 0.708772 0.565057 0.523117 0.902494 0.871359 0.680365 0.653448 0.737892 0.766457 0.732204 0.672766 0.616314 0.581563 0.559846 0.546333 0.720439 0.692721 0.629079 0.639602 0.469250 0.972337 0.474664 0.388163 0.000000 0.485420 0.848069 0.998286 0.635410 0.602643 0.461017 0.532199 0.646116 0.652451 0.701395 0.914574 0.635664 0.812916 0.641755 0.888368 0.874693 0.871793 0.666076 0.720608 0.909165 0.831486 0.624789 0.591690 0.875893 0.797127 0.987538 0.860180 0.933293 0.852459 0.718616 0.879183 0.772162 0.717613 0.752787 0.695509 0.704277 0.698291 0.677117 0.665816 0.565837 0.631024 0.731369 0.746117 0.763345 0.737238 0.657200 0.741641 0.637219 0.797098 0.805573 0.974853 0.713689 0.726247 0.651009 0.647275 0.639255 0.554029 0.654131 0.577734 0.577343 0.511299 0.945934 0.884605 0.771877 0.565938 0.987134 0.984693 0.920148 0.874944 0.748538 0.743338 0.789087 0.801545 0.895453 0.796328 0.908956 0.930935 0.800728 0.706662 0.734698 0.701778 0.962503 0.954731 0.688578 0.715978 0.812972 0.879771 0.926366 0.732241 0.846047 0.904800
0.735323 0.831883 0.435351 0.418885 0.976059 0.607326 0.559082 0.584537 0.741661 0.612139 0.697221 0.717049 0.670880 0.695814 0.659772 0.642815 0.762147 0.760521 0.675724 0.683913 0.635364 0.873786 0.504607 0.606660 0.485420 0.000000 0.691846 0.856388 0.718813 0.668590 0.429742 0.521608 0.602955 0.598979 0.441940 0.757360 0.606643 0.898856 0.630208 0.739740 0.940859 0.810051 0.618896 0.669335 0.826214 0.751422 0.558486 0.571285 0.936063 0.769209 0.892699 0.776050 0.732014 0.770829 0.607624 0.640213 0.878543 0.833366 0.620585 0.629271 0.639257 0.663790 0.702181 0.726670 0.421228 0.445638 0.517945 0.521864 0.779601 0.681605 0.687115 0.767768 0.653068 0.761116 0.572816 0.938807 0.755594 0.786545 0.648685 0.694901 0.634726 0.570805 0.738760 0.621286 0.535315 0.554697 0.977328 0.843826 0.576287 0.535715 0.881353 0.926835 0.797556 0.980179 0.713123 0.846779 0.678719 0.917165 0.824151 0.707872 0.811042 0.749145 0.721762 0.684443 0.800145 0.667537 0.872906 0.882343 0.876973 0.753206 0.980179 0.820634 0.822731 0.805439 0.690679 0.994182
0.915119 0.952321 0.979144 0.992795 0.943127 0.959225 0.899573 0.912763 0.895435 0.877817 0.943258 0.948560 0.972328 0.979758 0.955328 0.975846 0.943761 0.944199 0.919704 0.948401 0.996218 0.803471 0.981490 0.999238 0.848069 0.691846 0.000000 0.898648 0.997190 0.989727 0.908714 0.905993 0.941530 0.983569 0.899753 0.878015 0.973672 0.866706 0.963751 0.860724 0.919371 0.962936 0.940626 0.922422 0.977246 0.978529 0.922745 0.949561 0.950771 0.927584 0.955887 0.949412 0.894380 0.968155 0.994497 0.912674 0.968652 0.986310 0.998598 0.970997 0.912457 0.908280 0.926033 0.925125 0.959802 0.989288 0.966097 0.992938 0.924482 0.948865 0.932993 0.955688 0.978833 0.926362 0.945710 0.944341 0.965773 0.879496 0.959567 0.911894 0.948766 0.950681 0.974820 0.997705 0.996289 0.961865 0.916821 0.846716 0.901028 0.844536 0.805756 0.854280 0.828703 0.810166 0.931753 0.944042 0.934852 0.986746 0.886719 0.949524 0.954718 0.983384 0.967721 0.958930 0.839571 0.991522 0.970985 0.862395 0.889860 0.875241 0.908381 0.966848 0.854057 0.940701 0.972633 0.941869
0.858477 0.879329 0.823650 0.933441 0.768599 0.781702 0.796356 0.910388 0.814668 0.902803 0.826239 0.954149 0.923191 0.958712 0.989792 0.973416 0.864333 0.880980 0.774781 0.853001 0.965621 0.980965 0.948130 0.946002 0.998286 0.856388 0.898648 0.000000 0.915190 0.907819 0.932629 0.937538 0.909459 0.829169 0.909769 0.839413 0.852487 0.819176 0.768394 0.949806 0.905870 0.878751 0.842985 0.803296 0.868740 0.856503 0.953338 0.813984 0.880567 0.911031 0.997696 0.934232 0.979153 0.893322 0.998417 0.883134 0.835382 0.902967 0.895412 0.914908 0.814699 0.915249 0.906506 0.943602 0.876864 0.873215 0.826221 0.845254 0.843464 0.854538 0.850338 0.826664 0.719257 0.708661 0.968146 0.995218 0.922495 0.926786 0.953348 0.864853 0.906988 0.946775 0.956141 0.940408 0.990933 0.968157 0.951813 0.941761 0.973387 0.949169 0.925889 0.911371 0.977033 0.856735 0.898586 0.965573 0.957648 0.963182 0.868510 0.928564 0.846154 0.827250 0.876399 0.875069 0.901149 0.902619 0.852342 0.984534 0.967427 0.918207 0.717494 0.970843 0.966025 0.983596 0.904337 0.950994
0.210189 0.171535 0.424904 0.343293 0.683497 0.614667 0.344185 0.251167 0.453190 0.344166 0.221624 0.130495 0.169243 0.148215 0.191262 0.161524 0.134300 0.119746 0.179682 0.180343 0.540495 0.821589 0.286505 0.381419 0.635410 0.718813 0.997190 0.915190 0.000000 0.117458 0.281493 0.298931 0.172673 0.173807 0.564906 0.661780 0.405151 0.535622 0.720634 0.626238 0.697791 0.475156 0.300773 0.248336 0.381185 0.296296 0.292485 0.255082 0.820266 0.522402 0.629024 0.513320 0.638336 0.711607 0.602694 0.684343 0.157157 0.166474 0.291346 0.325401 0.208661 0.211701 0.145034 0.130234 0.477686 0.332693 0.368343 0.374107 0.339521 0.223582 0.317425 0.347670 0.469619 0.542687 0.676653 0.573289 0.358819 0.249052 0.190087 0.199561 0.127025 0.170466 0.321329 0.247663 0.307181 0.383749 0.948362 0.966261 0.515160 0.542858 0.752368 0.789639 0.739582 0.930176 0.477872 0.512029 0.440057 0.481778 0.385091 0.286219 0.602585 0.618457 0.296809 0.267784 0.347816 0.335631 0.805504 0.760175 0.722769 0.462272 0.588894 0.420546 0.492329 0.348766 0.501411 0.924242
0.199465 0.187778 0.330282 0.258134 0.749131 0.605478 0.269705 0.200589 0.457160 0.289299 0.187623 0.116678 0.144677 0.139749 0.164047 0.131393 0.121303 0.098459 0.157478 0.147767 0.473735 0.811459 0.244213 0.347234 0.602643 0.668590 0.989727 0.907819 0.117458 0.000000 0.237148 0.257190 0.161425 0.154007 0.524114 0.656216 0.355117 0.456506 0.737756 0.629199 0.650980 0.519430 0.254566 0.207643 0.395920 0.289280 0.320634 0.236959 0.908219 0.530860 0.647256 0.534686 0.636059 0.673497 0.608713 0.678544 0.170435 0.177674 0.282568 0.317912 0.186375 0.196445 0.136072 0.118272 0.415953 0.275287 0.336112 0.343581 0.355702 0.224161 0.308342 0.308428 0.410498 0.476919 0.601997 0.553127 0.342188 0.222860 0.151974 0.181299 0.117273 0.139339 0.320725 0.231723 0.310296 0.402110 0.967509 0.966272 0.457044 0.568427 0.718634 0.756590 0.731024 0.894184 0.471597 0.486363 0.429639 0.494936 0.379809 0.267048 0.600261 0.594287 0.303197 0.236950 0.338849 0.300302 0.777346 0.715346 0.628274 0.356534 0.604548 0.399947 0.438480 0.373377 0.504511 0.963305
0.289327 0.353186 0.226325 0.188944 0.779698 0.558616 0.241702 0.235160 0.448846 0.336101 0.313686 0.269582 0.237048 0.255329 0.255040 0.236342 0.309113 0.295121 0.227357 0.257531 0.454985 0.837079 0.175346 0.346162 0.461017 0.429742 0.908714 0.932629 0.281493 0.237148 0.000000 0.214943 0.196920 0.222343 0.449852 0.623072 0.345223 0.535931 0.563916 0.638495 0.752215 0.603631 0.281719 0.285524 0.463277 0.392957 0.333007 0.275849 0.976182 0.589952 0.693371 0.590535 0.604275 0.594964 0.517951 0.633899 0.374609 0.367657 0.314170 0.355905 0.238850 0.302238 0.248559 0.267898 0.297587 0.246321 0.279076 0.309861 0.462325 0.323100 0.304217 0.389135 0.453214 0.547605 0.592006 0.696673 0.442683 0.342030 0.290211 0.315554 0.238500 0.227616 0.398461 0.298299 0.260099 0.358952 0.905496 0.958138 0.372786 0.494354 0.728798 0.782145 0.715569 0.909483 0.520673 0.567829 0.377768 0.587647 0.479468 0.394644 0.642959 0.535748 0.404227 0.367911 0.467265 0.327030 0.729068 0.680563 0.669802 0.486537 0.665727 0.526881 0.523559 0.491510 0.542106 0.978897
0.398827 0.429884 0.360274 0.277750 0.856640 0.625108 0.355486 0.332180 0.612177 0.424280 0.375730 0.323956 0.334929 0.313196 0.334522 0.279671 0.343821 0.326268 0.288610 0.282597 0.571641 0.847280 0.227948 0.283424 0.532199 0.521608 0.905993 0.937538 0.298931 0.257190 0.214943 0.000000 0.288228 0.264069 0.609008 0.621391 0.461915 0.697288 0.666236 0.712758 0.866740 0.639475 0.396883 0.404741 0.635739 0.552207 0.489944 0.366822 0.838161 0.799945 0.896912 0.797641 0.780937 0.795737 0.679029 0.828405 0.412155 0.445979 0.461688 0.530039 0.362841 0.420945 0.290345 0.326890 0.438986 0.320041 0.391369 0.421321 0.553397 0.396042 0.415051 0.501431 0.542084 0.629998 0.633520 0.720532 0.531158 0.386188 0.283105 0.348497 0.255496 0.231632 0.391898 0.247702 0.354019 0.331086 0.881160 0.865117 0.450916 0.595188 0.875851 0.929986 0.849098 0.916858 0.632929 0.586414 0.553891 0.608361 0.628989 0.464847 0.709448 0.657528 0.510354 0.429672 0.592126 0.447114 0.859781 0.875951 0.720769 0.527969 0.725392 0.604666 0.680017 0.555472 0.619349 0.978425
0.157226 0.220785 0.229818 0.188921 0.601801 0.531180 0.183583 0.150009 0.391844 0.255920 0.216122 0.148036 0.157050 0.193383 0.200296 0.188324 0.185641 0.160163 0.136805 0.180641 0.492939 0.833354 0.212454 0.397458 0.646116 0.602955 0.941530 0.909459 0.172673 0.161425 0.196920 0.288228 0.000000 0.126476 0.411140 0.582928 0.336981 0.455708 0.639685 0.559605 0.716320 0.506023 0.233960 0.207972 0.313758 0.254437 0.280411 0.234890 0.839000 0.513403 0.587682 0.496065 0.601328 0.589362 0.482777 0.559536 0.232207 0.222549 0.199404 0.250558 0.134528 0.206476 0.131331 0.141301 0.307643 0.212248 0.219017 0.219370 0.367314 0.198013 0.243801 0.267681 0.461267 0.558323 0.577702 0.703368 0.335258 0.240889 0.182422 0.234950 0.127003 0.138668 0.384820 0.247922 0.220737 0.338224 0.940521 0.936899 0.387570 0.507890 0.586197 0.622692 0.572985 0.755075 0.465656 0.506687 0.368902 0.535653 0.294504 0.230619 0.538213 0.430737 0.251056 0.231334 0.285869 0.306603 0.757057 0.626602 0.677089 0.438326 0.598488 0.357697 0.417616 0.388487 0.457477 0.977481
0.168600 0.232442 0.242271 0.199235 0.665452 0.510724 0.176758 0.150475 0.403814 0.253591 0.200223 0.171480 0.187767 0.234285 0.237315 0.219002 0.159396 0.155378 0.130038 0.151007 0.464294 0.788027 0.253864 0.438296 0.652451 0.598979 0.983569 0.829169 0.173807 0.154007 0.222343 0.264069 0.126476 0.000000 0.377645 0.554265 0.341817 0.447071 0.601354 0.556217 0.706542 0.504307 0.223184 0.186526 0.321340 0.270415 0.282866 0.215361 0.902811 0.526862 0.630445 0.518996 0.607027 0.627261 0.495844 0.592068 0.219465 0.225416 0.196060 0.247994 0.143941 0.208416 0.130391 0.154176 0.308963 0.195261 0.177504 0.193573 0.357485 0.190040 0.267308 0.296066 0.433828 0.537650 0.616027 0.628999 0.336882 0.258082 0.167125 0.224621 0.113803 0.135789 0.405202 0.249055 0.264505 0.390033 0.992079 0.859771 0.425341 0.531728 0.579183 0.643581 0.576774 0.754288 0.469781 0.477149 0.353880 0.489542 0.309799 0.223594 0.523567 0.455907 0.237092 0.210195 0.297084 0.254734 0.777380 0.632028 0.674811 0.431785 0.546317 0.335355 0.392510 0.364538 0.448092 0.946439
0.503833 0.589376 0.389741 0.368630 0.706565 0.579834 0.397429 0.386003 0.570993 0.375715 0.553337 0.556512 0.535827 0.555327 0.541867 0.568762 0.566076 0.551191 0.469160 0.535622 0.652547 0.876077 0.495768 0.665977 0.701395 0.441940 0.899753 0.909769 0.564906 0.524114 0.449852 0.609008 0.411140 0.377645 0.000000 0.504150 0.528957 0.620178 0.681035 0.718771 0.898310 0.632108 0.453158 0.490013 0.501291 0.500515 0.537134 0.448110 0.893050 0.616061 0.693324 0.604426 0.580447 0.654226 0.547537 0.535632 0.607694 0.614538 0.441085 0.462002 0.432311 0.469394 0.511632 0.516215 0.354822 0.363136 0.326993 0.363623 0.589760 0.531460 0.508456 0.607298 0.580532 0.722730 0.675788 0.806715 0.554381 0.551595 0.534790 0.635469 0.447001 0.430134 0.608529 0.541663 0.454167 0.554391 0.991098 0.892985 0.613233 0.608783 0.568208 0.614721 0.537896 0.641133 0.748714 0.721807 0.474743 0.628849 0.478936 0.424849 0.589818 0.591668 0.460470 0.462686 0.469347 0.503384 0.763009 0.586009 0.899819 0.717467 0.665084 0.420672 0.591103 0.653114 0.575604 0.978646
0.632586 0.624985 0.623038 0.585998 0.801676 0.800406 0.597274 0.527096 0.714873 0.590040 0.673637 0.639041 0.652953 0.640269 0.688987 0.665881 0.644666 0.666055 0.584544 0.613537 0.864499 0.820465 0.590494 0.693589 0.914574 0.757360 0.878015 0.839413 0.661780 0.656216 0.623072 0.621391 0.582928 0.554265 0.504150 0.000000 0.635286 0.514436 0.783156 0.816409 0.972392 0.754614 0.549831 0.635589 0.615883 0.652462 0.727678 0.581670 0.906074 0.733420 0.737700 0.688659 0.742579 0.729792 0.877467 0.841654 0.641845 0.656257 0.615481 0.628924 0.595728 0.619354 0.610098 0.596338 0.654034 0.624969 0.518018 0.547123 0.811118 0.644760 0.611880 0.777323 0.868038 0.875593 0.831983 0.709025 0.704435 0.691083 0.689252 0.678261 0.604562 0.614086 0.692674 0.696098 0.606403 0.623880 0.933357 0.944240 0.689615 0.660172 0.716022 0.801513 0.744560 0.801373 0.798829 0.678935 0.589808 0.662565 0.597841 0.577428 0.567844 0.670046 0.576222 0.568338 0.690886 0.581352 0.671279 0.680236 0.859056 0.858697 0.701117 0.669893 0.734412 0.732968 0.598364 0.951333
0.373008 0.384440 0.406172 0.331297 0.752037 0.550785 0.386956 0.354459 0.506943 0.428733 0.441229 0.362746 0.316042 0.374929 0.332382 0.330791 0.393488 0.377043 0.372350 0.382845 0.507561 0.761065 0.301884 0.459200 0.635664 0.606643 0.973672 0.852487 0.405151 0.355117 0.345223 0.461915 0.336981 0.341817 0.528957 0.635286 0.000000 0.429041 0.690593 0.712195 0.764055 0.497553 0.373477 0.378521 0.450242 0.413297 0.455032 0.361113 0.808263 0.546679 0.625075 0.544410 0.706303 0.678328 0.604448 0.588266 0.401305 0.399641 0.387140 0.440016 0.347532 0.363445 0.338106 0.341355 0.378620 0.395220 0.399122 0.417207 0.615430 0.434659 0.329496 0.438712 0.695477 0.721984 0.646201 0.665877 0.420223 0.413648 0.388381 0.446950 0.332527 0.333611 0.509111 0.318658 0.309629 0.409190 0.986737 0.960416 0.509519 0.484480 0.638356 0.670696 0.619986 0.758501 0.457292 0.613979 0.409682 0.555860 0.415341 0.373125 0.584333 0.562658 0.313620 0.429178 0.406586 0.322101 0.871145 0.618668 0.691478 0.639416 0.698431 0.502543 0.543414 0.567379 0.454887 0.882344
0.426360 0.460366 0.480058 0.453488 0.699258 0.861371 0.465951 0.406549 0.569920 0.529334 0.507780 0.455995 0.396457 0.446675 0.443269 0.460150 0.476589 0.462068 0.462371 0.499045 0.581052 0.777817 0.473230 0.601570 0.812916 0.898856 0.866706 0.819176 0.535622 0.456506 0.535931 0.697288 0.455708 0.447071 0.620178 0.514436 0.429041 0.000000 0.701904 0.599718 0.802126 0.664299 0.362579 0.405703 0.434580 0.399995 0.503144 0.449337 0.683332 0.469269 0.474701 0.452500 0.585391 0.517038 0.628760 0.646822 0.470000 0.467093 0.434852 0.445229 0.381832 0.393078 0.404240 0.401335 0.439093 0.487746 0.464518 0.515702 0.680007 0.487557 0.507445 0.584402 0.725786 0.692741 0.850900 0.704638 0.499305 0.549165 0.501513 0.521109 0.472379 0.488517 0.532232 0.500602 0.419868 0.546968 0.917963 0.957990 0.517898 0.539245 0.606253 0.667460 0.700463 0.730544 0.544834 0.433815 0.493686 0.596964 0.445119 0.447520 0.576043 0.649147 0.361367 0.379316 0.448091 0.393872 0.679494 0.494153 0.564725 0.548747 0.675967 0.590819 0.523997 0.604542 0.485479 0.910378
