0.000000 0.539901 0.690037 0.760605 0.771430 0.945479 0.596276 0.596655 0.804660 0.783238 0.787056 0.784336 0.729198 0.894428 0.792953 0.959447 0.518297 0.521181 0.585730 0.761106 0.889546 0.975898 0.803726 0.989711 0.813623 0.807219 0.988402 0.968080 0.686752 0.627646 0.848021 0.940807 0.619496 0.585841 0.795921 0.930252 0.965934 0.735525 0.895128 0.859950 0.999371 0.956833 0.817629 0.749724 0.911564 0.803629 0.685529 0.796369 0.855462 0.866555 0.836601 0.896407 0.854720 0.951146 0.858108 0.964756 0.493177 0.579309 0.656264 0.836969 0.518007 0.636186 0.522637 0.511758 0.677155 0.756726 0.813235 0.822258 0.943149 0.867024 0.900338 0.960161 0.797252 0.827389 0.943999 0.991706 0.804255 0.847216 0.839901 0.922257 0.518417 0.584259 0.838987 0.629518 0.607636 0.717373 0.973794 0.871134 0.802785 0.668875 0.877118 0.919261 0.996825 0.962466 0.914179 0.802946 0.861934 0.899121 0.742258 0.727966 0.963750 0.970352 0.933364 0.833820 0.987907 0.936851 0.855995 0.987655 0.751180 0.912221 0.911369 0.965777 0.856168 0.981198 0.943663 0.970912
0.539901 0.000000 0.858566 0.865266 0.845499 0.868898 0.838467 0.717136 0.899535 0.843782 0.878567 0.690253 0.737520 0.746706 0.743255 0.836317 0.519069 0.548817 0.670112 0.785103 0.954688 0.996229 0.896214 0.951574 0.811582 0.895709 0.988996 0.896858 0.619095 0.596934 0.895649 0.911488 0.612864 0.709547 0.796221 0.953154 0.922677 0.927029 0.921216 0.843664 0.981315 0.914371 0.761833 0.632400 0.776835 0.710068 0.723719 0.712366 0.784079 0.812338 0.892797 0.837436 0.744379 0.799832 0.875152 0.937838 0.566881 0.526292 0.754956 0.900840 0.649602 0.660757 0.595559 0.520268 0.796499 0.880819 0.952568 0.915325 0.947872 0.780220 0.895214 0.981323 0.812398 0.815616 0.982274 0.980375 0.903161 0.933576 0.739952 0.861495 0.524970 0.665040 0.835503 0.665863 0.816754 0.814968 0.958228 0.950584 0.880323 0.797129 0.933077 0.875907 0.921397 0.897824 0.840735 0.799498 0.935241 0.971682 0.788048 0.865473 0.985305 0.903235 0.938011 0.892487 0.960301 0.918139 0.981275 0.899170 0.906300 0.969992 0.978925 0.957857 0.985801 0.964608 0.806785 0.939624
0.690037 0.858566 0.000000 0.478009 0.809769 0.934696 0.375630 0.442031 0.773704 0.735442 0.873277 0.882354 0.875460 0.917203 0.981535 0.816832 0.887467 0.740262 0.732310 0.723912 0.828981 0.876387 0.653487 0.889580 0.698250 0.912767 0.933858 0.837187 0.945506 0.873294 0.786107 0.874866 0.586811 0.602131 0.780670 0.890454 0.953714 0.965290 0.897038 0.747041 0.955885 0.871935 0.666815 0.761515 0.965140 0.939211 0.720594 0.727184 0.912773 0.907623 0.708312 0.744230 0.964442 0.896685 0.923739 0.876693 0.807165 0.927934 0.502691 0.660012 0.527804 0.742750 0.755494 0.801712 0.466854 0.588199 0.524787 0.523972 0.872211 0.940183 0.907070 0.862514 0.801271 0.843092 0.952333 0.994672 0.729758 0.961228 0.959656 0.899682 0.640411 0.650768 0.939212 0.758702 0.524252 0.707413 0.848907 0.973116 0.825038 0.664946 0.686009 0.725581 0.691120 0.649996 0.788665 0.728533 0.745571 0.985897 0.569583 0.573517 0.739394 0.856454 0.874417 0.779310 0.673800 0.644986 0.944604 0.829186 0.777185 0.864724 0.701738 0.858007 0.916785 0.917949 0.883674 0.920959
0.760605 0.865266 0.478009 0.000000 0.962367 0.921589 0.566548 0.424506 0.954963 0.932815 0.962979 0.993056 0.915183 0.962702 0.839539 0.847945 0.998427 0.794160 0.887391 0.746369 0.795566 0.889784 0.690643 0.727925 0.611888 0.800292 0.905873 0.973243 0.923289 0.970016 0.853271 0.882368 0.685777 0.588382 0.722822 0.809766 0.893508 0.883361 0.800042 0.698464 0.971358 0.818767 0.681294 0.713848 0.981399 0.968712 0.796672 0.705776 0.857804 0.977025 0.785643 0.828829 0.925713 0.856130 0.991035 0.853072 0.928582 0.986994 0.688877 0.686162 0.743693 0.715289 0.894211 0.886732 0.469685 0.450264 0.484898 0.439849 0.726242 0.958684 0.722544 0.670544 0.880557 0.830022 0.967713 0.890939 0.729586 0.896310 0.896144 0.891862 0.692939 0.709448 0.994187 0.853272 0.650382 0.641972 0.904739 0.841777 0.988042 0.596548 0.760990 0.804436 0.677809 0.694611 0.813214 0.656536 0.748742 0.944072 0.623378 0.694700 0.743368 0.898827 0.847985 0.769419 0.630013 0.630416 0.933311 0.792686 0.757415 0.851232 0.681253 0.900936 0.965455 0.973946 0.883308 0.852193
0.771430 0.845499 0.809769 0.962367 0.000000 0.766647 0.735286 0.903459 0.754572 0.762568 0.829588 0.900344 0.812910 0.968403 0.814157 0.953109 0.684854 0.688529 0.722689 0.878168 0.803751 0.872655 0.653784 0.880168 0.801604 0.819795 0.887875 0.867158 0.885871 0.688259 0.689807 0.890101 0.783385 0.842477 0.955546 0.764200 0.807434 0.851991 0.891873 0.961069 0.936195 0.985427 0.998313 0.993021 0.777867 0.828205 0.818990 0.858462 0.751555 0.834078 0.851038 0.939951 0.825160 0.806651 0.872928 0.855980 0.665851 0.800583 0.961235 0.907160 0.704564 0.882973 0.682286 0.826471 0.823364 0.925200 0.954072 0.954908 0.916687 0.897021 0.867865 0.995810 0.723329 0.926888 0.953503 0.935406 0.957567 0.948837 0.872554 0.854771 0.660061 0.628956 0.747192 0.666778 0.610623 0.658805 0.906651 0.619160 0.778185 0.801347 0.945009 0.985568 0.996183 0.969309 0.832354 0.960854 0.965300 0.954715 0.874204 0.869282 0.888231 0.850375 0.891632 0.967245 0.984419 0.933688 0.917910 0.846374 0.921468 0.930823 0.955652 0.912760 0.978651 0.985690 0.890167 0.928813
0.945479 0.868898 0.934696 0.921589 0.766647 0.000000 0.963312 0.843838 0.866394 0.982005 0.977340 0.926367 0.951469 0.939423 0.847673 0.761669 0.957848 0.995227 0.985272 0.814623 0.843847 0.975253 0.891093 0.914874 0.916739 0.857297 0.761817 0.898332 0.992268 0.909264 0.865204 0.935979 0.925835 0.872396 0.989985 0.868722 0.817894 0.937715 0.857607 0.984758 0.754615 0.944786 0.876999 0.793139 0.964834 0.932339 0.918239 0.984103 0.895004 0.999798 0.976153 0.835105 0.787426 0.729191 0.855740 0.836897 0.972219 0.884053 0.711542 0.696537 0.951912 0.887141 0.959368 0.818424 0.992644 0.914023 0.857461 0.891680 0.889890 0.778251 0.861137 0.877969 0.951182 0.827331 0.948290 0.857440 0.929411 0.879943 0.965631 0.883889 0.988003 0.943895 0.940010 0.924197 0.920141 0.798031 0.865868 0.826028 0.931632 0.999645 0.963872 0.934733 0.879074 0.964173 0.950664 0.864916 0.788447 0.967806 0.941235 0.977749 0.958898 0.949616 0.865093 0.915021 0.970042 0.974612 0.859359 0.799191 0.960310 0.906924 0.850532 0.935926 0.925065 0.870507 0.985525 0.976625
0.596276 0.838467 0.375630 0.566548 0.735286 0.963312 0.000000 0.499148 0.679365 0.655909 0.867986 0.891347 0.785598 0.917837 0.942870 0.826061 0.801189 0.670749 0.638474 0.689858 0.854887 0.954543 0.620578 0.930282 0.781036 0.879330 0.934708 0.767779 0.895548 0.774844 0.765193 0.944719 0.526551 0.585150 0.787094 0.927982 0.969193 0.875814 0.918484 0.849430 0.976785 0.911353 0.724139 0.777162 0.929235 0.865817 0.756749 0.752492 0.992988 0.828647 0.713750 0.752284 0.964904 0.911383 0.916547 0.919433 0.727565 0.833134 0.519381 0.710599 0.410519 0.721701 0.592880 0.692505 0.511260 0.657446 0.568155 0.605488 0.895808 0.970346 0.971558 0.993135 0.809062 0.861608 0.952785 0.962399 0.784979 0.975880 0.934438 0.934328 0.561471 0.566620 0.854647 0.699107 0.433530 0.712961 0.916408 0.902358 0.796261 0.684770 0.662226 0.679532 0.751512 0.737271 0.788587 0.790846 0.778995 0.950899 0.571461 0.588927 0.845450 0.846593 0.974918 0.784058 0.737947 0.734875 0.973852 0.917047 0.697521 0.861525 0.694218 0.909868 0.932110 0.953159 0.918263 0.919116
0.596655 0.717136 0.442031 0.424506 0.903459 0.843838 0.499148 0.000000 0.862298 0.718487 0.847681 0.842834 0.921534 0.959402 0.920951 0.846031 0.838669 0.679769 0.739360 0.630263 0.928146 0.966194 0.700253 0.930400 0.749881 0.950626 0.982413 0.859339 0.852052 0.821870 0.853279 0.903745 0.641414 0.492458 0.720662 0.853069 0.955948 0.932834 0.910194 0.687719 0.910489 0.899692 0.744995 0.757197 0.925548 0.983216 0.739495 0.761753 0.841529 0.940477 0.875181 0.814814 0.922528 0.811356 0.929526 0.911285 0.833651 0.849579 0.524400 0.533535 0.537124 0.477374 0.750875 0.641362 0.519072 0.455497 0.557559 0.488611 0.814707 0.879859 0.805865 0.778468 0.780137 0.777205 0.893997 0.975486 0.663649 0.887912 0.861341 0.915483 0.591932 0.681264 0.960866 0.799501 0.655069 0.745354 0.817009 0.833799 0.872491 0.523080 0.807392 0.901123 0.786025 0.871364 0.817767 0.654267 0.710392 0.920448 0.595554 0.621538 0.802940 0.952774 0.819157 0.832390 0.653515 0.632955 0.974253 0.865140 0.739974 0.823131 0.648104 0.924505 0.998226 0.958783 0.864277 0.926599
0.804660 0.899535 0.773704 0.954963 0.754572 0.866394 0.679365 0.862298 0.000000 0.629253 0.871858 0.933022 0.790371 0.844328 0.850149 0.993122 0.850380 0.806708 0.866642 0.945501 0.950966 0.963402 0.657634 0.954436 0.898933 0.993349 0.923036 0.865802 0.833840 0.824257 0.869579 0.993708 0.778077 0.897179 0.954564 0.998297 0.858034 0.875853 0.943114 0.892196 0.973004 0.973965 0.972271 0.919662 0.889209 0.949477 0.943458 0.976531 0.836869 0.911311 0.892814 0.929488 0.802029 0.911152 0.933147 0.969810 0.715554 0.814632 0.835325 0.990656 0.627974 0.881571 0.665761 0.698345 0.793266 0.986222 0.946797 0.950216 0.867945 0.991109 0.911528 0.777528 0.926272 0.932599 0.883014 0.965041 0.975898 0.968430 0.809823 0.980208 0.803751 0.786843 0.730548 0.769853 0.670858 0.853383 0.794562 0.758504 0.880083 0.790665 0.963542 0.970758 0.921653 0.983308 0.909405 0.966774 0.831870 0.950227 0.880362 0.778569 0.971618 0.961762 0.934856 0.950371 0.901699 0.962385 0.910682 0.972266 0.878073 0.794790 0.920204 0.930350 0.996743 0.887372 0.953737 0.923922
0.783238 0.843782 0.735442 0.932815 0.762568 0.982005 0.655909 0.718487 0.629253 0.000000 0.696110 0.981771 0.949356 0.778619 0.958386 0.760620 0.732837 0.720471 0.635067 0.751520 0.927940 0.967323 0.712107 0.854619 0.863734 0.909212 0.770250 0.764598 0.672176 0.732160 0.720784 0.938965 0.651964 0.673805 0.863455 0.950570 0.968923 0.964064 0.907403 0.956361 0.870693 0.992726 0.919979 0.924823 0.797517 0.819042 0.781880 0.950682 0.745291 0.817373 0.771154 0.762303 0.894219 0.981312 0.840804 0.967949 0.721200 0.760835 0.714434 0.843917 0.648388 0.821525 0.578111 0.557284 0.964233 0.986986 0.772626 0.812793 0.910271 0.911806 0.949678 0.866150 0.802132 0.850728 0.827682 0.962968 0.983729 0.966248 0.985465 0.988010 0.702874 0.742414 0.933215 0.727825 0.759354 0.982016 0.906331 0.798332 0.891800 0.739115 0.869431 0.888623 0.846403 0.950020 0.957885 0.740189 0.710215 0.978446 0.704016 0.761551 0.870094 0.984531 0.863913 0.842781 0.825784 0.910114 0.893215 0.986136 0.817495 0.841517 0.805962 0.980679 0.993628 0.953968 0.960642 0.885062
0.787056 0.878567 0.873277 0.962979 0.829588 0.977340 0.867986 0.847681 0.871858 0.696110 0.000000 0.808361 0.782053 0.993784 0.932904 0.950166 0.711851 0.754890 0.762345 0.719274 0.870966 0.964369 0.984716 0.887255 0.987055 0.917010 0.866749 0.829380 0.730008 0.752363 0.829182 0.995512 0.836524 0.682647 0.865934 0.818600 0.938428 0.841658 0.991323 0.977711 0.950808 0.896808 0.921534 0.925508 0.981949 0.925254 0.939774 0.977681 0.937912 0.975346 0.952672 0.904170 0.956358 0.998778 0.942485 0.989573 0.836065 0.878234 0.911643 0.934430 0.774602 0.828615 0.711315 0.723325 0.916234 0.957464 0.966798 0.923415 0.982269 0.949412 0.938191 0.801503 0.699460 0.905630 0.940727 0.875180 0.893852 0.831697 0.918411 0.890744 0.746978 0.804989 0.967681 0.857107 0.934702 0.959811 0.800750 0.842751 0.969386 0.863703 0.873015 0.771459 0.888051 0.826519 0.991771 0.762280 0.883780 0.850686 0.956180 0.944013 0.982306 0.985823 0.883420 0.983806 0.991078 0.792161 0.991251 0.857808 0.958517 0.905516 0.974416 0.908850 0.937603 0.911527 0.981516 0.949295
0.784336 0.690253 0.882354 0.993056 0.900344 0.926367 0.891347 0.842834 0.933022 0.981771 0.808361 0.000000 0.740207 0.646223 0.878412 0.755311 0.771257 0.798931 0.863477 0.766959 0.809256 0.853306 0.903343 0.924876 0.985660 0.918571 0.975957 0.975646 0.802424 0.770796 0.843004 0.991266 0.994195 0.838423 0.843205 0.905078 0.974719 0.863702 0.986062 0.934131 0.911790 0.965409 0.920217 0.912950 0.833142 0.974312 0.960653 0.994074 0.923094 0.865319 0.841900 0.956228 0.983300 0.968409 0.861277 0.968062 0.865526 0.690767 0.925609 0.823265 0.866005 0.667509 0.858477 0.693278 0.999421 0.920479 0.826205 0.914875 0.915681 0.915462 0.948451 0.914149 0.955841 0.972957 0.929140 0.877506 0.825497 0.783805 0.804093 0.977655 0.821196 0.927113 0.984219 0.896674 0.930790 0.926378 0.946186 0.932453 0.913559 0.880756 0.795826 0.746975 0.804988 0.728789 0.958206 0.886930 0.976640 0.944567 0.958318 0.941763 0.881458 0.959848 0.913112 0.852516 0.948817 0.984771 0.868712 0.879176 0.993778 0.987518 0.947742 0.892669 0.998928 0.994401 0.901153 0.998190
0.729198 0.737520 0.875460 0.915183 0.812910 0.951469 0.785598 0.921534 0.790371 0.949356 0.782053 0.740207 0.000000 0.602137 0.552480 0.642437 0.757599 0.713364 0.799150 0.759052 0.998312 0.857996 0.879938 0.922242 0.961020 0.925999 0.867860 0.907898 0.778688 0.699096 0.959260 0.961012 0.883759 0.890777 0.958827 0.970821 0.975315 0.745304 0.951740 0.986850 0.973637 0.794662 0.926694 0.988209 0.898495 0.994895 0.918228 0.927536 0.909945 0.945818 0.881083 0.967140 0.963326 0.962057 0.921852 0.978234 0.794716 0.720576 0.863433 0.866601 0.584747 0.758168 0.734458 0.734156 0.901055 0.991461 0.773578 0.830140 0.974089 0.950016 0.817412 0.860176 0.861038 0.912820 0.968921 0.722041 0.967528 0.957684 0.829471 0.840047 0.734976 0.738319 0.838265 0.802358 0.754302 0.970247 0.869810 0.822597 0.792361 0.989683 0.865655 0.794553 0.736652 0.784384 0.978435 0.922131 0.903473 0.800414 0.991789 0.974342 0.800413 0.982100 0.880000 0.766747 0.971102 0.976423 0.911510 0.689244 0.932806 0.967833 0.951039 0.972281 0.962885 0.960778 0.823872 0.980245
0.894428 0.746706 0.917203 0.962702 0.968403 0.939423 0.917837 0.959402 0.844328 0.778619 0.993784 0.646223 0.602137 0.000000 0.610073 0.488374 0.894477 0.865658 0.985564 0.848362 0.892950 0.892432 0.948785 0.956366 0.856735 0.972422 0.997938 0.910980 0.896634 0.767772 0.980161 0.800661 0.988460 0.908223 0.858617 0.997209 0.969207 0.991188 0.966462 0.850833 0.965270 0.883406 0.945139 0.830603 0.927820 0.972397 0.834010 0.816235 0.891603 0.917347 0.852837 0.962310 0.974221 0.932102 0.889746 0.910524 0.981305 0.879618 0.942063 0.938723 0.877124 0.773804 0.980478 0.903478 0.931748 0.875451 0.854447 0.922433 0.869327 0.932574 0.986763 0.816518 0.987680 0.992708 0.917007 0.817322 0.967827 0.908661 0.840332 0.798188 0.902041 0.875503 0.823718 0.872145 0.977141 0.903045 0.906210 0.984289 0.925350 0.964006 0.779111 0.743815 0.699001 0.790092 0.966866 0.926379 0.816156 0.795405 0.924227 0.903057 0.844086 0.940947 0.897170 0.774657 0.919202 0.993531 0.913512 0.773962 0.852211 0.993709 0.882324 0.932713 0.985868 0.975760 0.816055 0.908829
0.792953 0.743255 0.981535 0.839539 0.814157 0.847673 0.942870 0.920951 0.850149 0.958386 0.932904 0.878412 0.552480 0.610073 0.000000 0.538355 0.755228 0.669544 0.808009 0.965271 0.992228 0.887833 0.743007 0.900160 0.969099 0.992730 0.988199 0.959604 0.740410 0.614344 0.795563 0.667057 0.821170 0.988869 0.985159 0.944977 0.917884 0.909821 0.965189 0.954956 0.978112 0.890900 0.990891 0.911583 0.864537 0.832039 0.777571 0.809741 0.866457 0.841914 0.927597 0.995276 0.825190 0.788664 0.839664 0.904330 0.706550 0.734876 0.944576 0.853221 0.773832 0.908351 0.730433 0.806660 0.878104 0.996732 0.792292 0.840478 0.993153 0.960626 0.931769 0.979779 0.912892 0.992395 0.954845 0.777980 0.959766 0.960398 0.767309 0.867040 0.751014 0.686651 0.639654 0.633436 0.736759 0.753842 0.653711 0.641041 0.846288 0.995364 0.817044 0.830250 0.704976 0.787093 0.970035 0.970324 0.852376 0.996478 0.962794 0.975242 0.840823 0.843053 0.754139 0.823551 0.866870 0.936432 0.891299 0.735376 0.956572 0.905184 0.884385 0.899523 0.858818 0.945221 0.865226 0.891332
0.959447 0.836317 0.816832 0.847945 0.953109 0.761669 0.826061 0.846031 0.993122 0.760620 0.950166 0.755311 0.642437 0.488374 0.538355 0.000000 0.957782 0.914972 0.992190 0.959184 0.971131 0.888881 0.935192 0.818965 0.864633 0.887120 0.868091 0.786421 0.923860 0.809320 0.941060 0.787993 0.942994 0.966320 0.939910 0.910836 0.882759 0.959173 0.927928 0.990460 0.884449 0.806002 0.924240 0.993772 0.981121 0.944164 0.924500 0.861126 0.994737 0.948586 0.844322 0.820681 0.897966 0.786882 0.943651 0.921497 0.940723 0.890306 0.719047 0.802820 0.984346 0.955508 0.980380 0.996495 0.994602 0.988634 0.730891 0.791865 0.911356 0.975268 0.972504 0.852060 0.991830 0.867217 0.928155 0.853938 0.925439 0.903371 0.871121 0.754939 0.960138 0.881304 0.760688 0.821342 0.923529 0.819532 0.761923 0.836831 0.983862 0.918748 0.789285 0.760008 0.709363 0.774084 0.893089 0.961307 0.675190 0.882255 0.837434 0.830527 0.835628 0.811097 0.800992 0.713872 0.916196 0.986652 0.957740 0.685685 0.873776 0.938239 0.733398 0.999533 0.947734 0.916078 0.855984 0.995252
0.518297 0.519069 0.887467 0.998427 0.684854 0.957848 0.801189 0.838669 0.850380 0.732837 0.711851 0.771257 0.757599 0.894477 0.755228 0.957782 0.000000 0.523600 0.599107 0.740003 0.991464 0.971867 0.859475 0.943569 0.924921 0.909767 0.977438 0.894772 0.597006 0.524087 0.804824 0.910076 0.664684 0.758898 0.821523 0.902520 0.869929 0.844603 0.986831 0.956481 0.924859 0.976997 0.907516 0.716937 0.762749 0.678404 0.729627 0.758602 0.676607 0.734011 0.785071 0.848615 0.716600 0.803284 0.764357 0.951496 0.512485 0.558985 0.807609 0.971312 0.652557 0.768402 0.504275 0.527429 0.872450 0.964109 0.966676 0.950856 0.922554 0.843074 0.924585 0.897771 0.820611 0.814095 0.979886 0.904228 0.914932 0.951177 0.804797 0.879785 0.491446 0.601681 0.747894 0.596378 0.728735 0.811155 0.943169 0.693014 0.873278 0.817590 0.991715 0.954796 0.898127 0.900730 0.923837 0.854780 0.873805 0.967383 0.872032 0.944302 0.938160 0.875572 0.969440 0.945989 0.890536 0.860687 0.963433 0.867636 0.874536 0.954174 0.976792 0.947448 0.847430 0.949452 0.887249 0.960331
0.521181 0.548817 0.740262 0.794160 0.688529 0.995227 0.670749 0.679769 0.806708 0.720471 0.754890 0.798931 0.713364 0.865658 0.669544 0.914972 0.523600 0.000000 0.555746 0.723571 0.950163 0.940760 0.696500 0.943463 0.827419 0.887333 0.932633 0.979320 0.611881 0.475399 0.707538 0.801127 0.551592 0.640303 0.862873 0.807295 0.924975 0.812812 0.844710 0.799592 0.993649 0.935488 0.882644 0.718770 0.818178 0.751266 0.662009 0.744892 0.816583 0.825728 0.886165 0.901404 0.807007 0.862946 0.724633 0.884797 0.479938 0.610362 0.776242 0.909423 0.538672 0.673779 0.461559 0.526308 0.732514 0.797760 0.866292 0.814992 0.942367 0.842576 0.839005 0.985505 0.687955 0.810011 0.972437 0.929328 0.919663 0.969033 0.776881 0.816681 0.424080 0.456328 0.732989 0.546987 0.629300 0.678722 0.892342 0.733123 0.842488 0.658150 0.984157 0.915372 0.908526 0.877407 0.864086 0.833734 0.876745 0.956752 0.836829 0.845066 0.980666 0.890659 0.947576 0.995958 0.920038 0.966556 0.964996 0.835679 0.822109 0.872217 0.950823 0.983107 0.926101 0.984509 0.902091 0.999515
0.585730 0.670112 0.732310 0.887391 0.722689 0.985272 0.638474 0.739360 0.866642 0.635067 0.762345 0.863477 0.799150 0.985564 0.808009 0.992190 0.599107 0.555746 0.000000 0.658322 0.953088 0.972241 0.749750 0.944298 0.976591 0.880128 0.970109 0.933261 0.580601 0.545036 0.768657 0.885152 0.585838 0.652600 0.861406 0.939762 0.885131 0.805528 0.883848 0.957593 0.939721 0.958319 0.915175 0.845597 0.921911 0.815474 0.699907 0.832706 0.862876 0.873706 0.891696 0.892275 0.944370 0.987999 0.778498 0.878196 0.600423 0.662157 0.746222 0.919336 0.608446 0.746699 0.456545 0.597296 0.841630 0.858155 0.809747 0.824958 0.874123 0.877412 0.910343 0.982042 0.748834 0.727762 0.975392 0.920563 0.846818 0.947146 0.878310 0.864951 0.543291 0.597674 0.801983 0.628448 0.684648 0.814475 0.890326 0.823294 0.742287 0.780261 0.931512 0.984782 0.963533 0.883147 0.918837 0.844400 0.838857 0.982991 0.743059 0.858009 0.858190 0.917738 0.911046 0.965785 0.907009 0.890452 0.944221 0.934717 0.847185 0.973261 0.888434 0.977997 0.878069 0.984403 0.916768 0.871289
0.761106 0.785103 0.723912 0.746369 0.878168 0.814623 0.689858 0.630263 0.945501 0.751520 0.719274 0.766959 0.759052 0.848362 0.965271 0.959184 0.740003 0.723571 0.658322 0.000000 0.960688 0.948062 0.786605 0.990209 0.971864 0.886300 0.936661 0.729716 0.842045 0.780055 0.938000 0.992951 0.719953 0.682373 0.767708 0.994560 0.946173 0.850527 0.971873 0.863109 0.885374 0.933732 0.927855 0.832755 0.852471 0.993288 0.934108 0.815477 0.883396 0.946920 0.983713 0.908771 0.834213 0.719085 0.946606 0.924801 0.841455 0.710101 0.661800 0.607197 0.676319 0.648069 0.744703 0.665974 0.897030 0.760766 0.836593 0.787592 0.956525 0.905926 0.979634 0.981467 0.844692 0.894513 0.868135 0.971621 0.790708 0.945198 0.881333 0.887524 0.635591 0.690817 0.916779 0.804463 0.812422 0.985254 0.860295 0.979398 0.915532 0.731429 0.953903 0.966687 0.983660 0.881939 0.923617 0.724527 0.810745 0.836026 0.837355 0.861783 0.856489 0.900779 0.828256 0.960780 0.732167 0.846558 0.982597 0.952219 0.835952 0.914093 0.699297 0.912725 0.927731 0.854807 0.908138 0.912736
0.889546 0.954688 0.828981 0.795566 0.803751 0.843847 0.854887 0.928146 0.950966 0.927940 0.870966 0.809256 0.998312 0.892950 0.992228 0.971131 0.991464 0.950163 0.953088 0.960688 0.000000 0.973541 0.837305 0.840194 0.805460 0.817914 0.979820 0.997127 0.918694 0.954121 0.838021 0.903747 0.874594 0.900703 0.844003 0.946368 0.881439 0.965766 0.892230 0.967826 0.987356 0.887207 0.885752 0.868186 0.944718 0.990282 0.851187 0.976204 0.993944 0.989984 0.920275 0.967471 0.929962 0.979578 0.943175 0.951745 0.917968 0.925596 0.944668 0.893608 0.979119 0.957412 0.979965 0.944456 0.874102 0.888713 0.782195 0.830480 0.961727 0.933988 0.907862 0.941471 0.972956 0.948370 0.940734 0.990422 0.914797 0.962514 0.993114 0.879261 0.932894 0.958627 0.954093 0.978458 0.832595 0.816176 0.993625 0.898281 0.993112 0.879940 0.929112 0.984404 0.892133 0.855996 0.881351 0.813934 0.844756 0.988872 0.907495 0.975431 0.880286 0.911206 0.931942 0.893300 0.808753 0.939627 0.988692 0.962788 0.777675 0.962600 0.884015 0.962226 0.953480 0.946958 0.945085 0.960726
0.975898 0.996229 0.876387 0.889784 0.872655 0.975253 0.954543 0.966194 0.963402 0.967323 0.964369 0.853306 0.857996 0.892432 0.887833 0.888881 0.971867 0.940760 0.972241 0.948062 0.973541 0.000000 0.980783 0.956608 0.918587 0.982382 0.939164 0.883738 0.876351 0.958473 0.998381 0.986020 0.946829 0.918221 0.933861 0.943144 0.987034 0.928343 0.893299 0.919589 0.931298 0.922418 0.807197 0.938805 0.944538 0.986306 0.809561 0.941039 0.914334 0.893630 0.800950 0.837067 0.861634 0.983500 0.879232 0.852811 0.879363 0.945057 0.882470 0.978172 0.960056 0.930457 0.986410 0.945278 0.883945 0.918804 0.847250 0.841079 0.998893 0.986583 0.963676 0.957148 0.899823 0.863249 0.974938 0.913417 0.962455 0.987902 0.979538 0.895701 0.987268 0.997434 0.985063 0.997463 0.991560 0.965402 0.777785 0.857870 0.975166 0.985319 0.927387 0.972870 0.847953 0.812800 0.934903 0.990247 0.923349 0.890112 0.877076 0.908391 0.873666 0.799519 0.966620 0.816246 0.976005 0.913072 0.874260 0.951937 0.981415 0.937797 0.990072 0.920871 0.899150 0.920879 0.999615 0.878407
0.803726 0.896214 0.653487 0.690643 0.653784 0.891093 0.620578 0.700253 0.657634 0.712107 0.984716 0.903343 0.879938 0.948785 0.743007 0.935192 0.859475 0.696500 0.749750 0.786605 0.837305 0.980783 0.000000 0.596095 0.822007 0.879385 0.949404 0.893459 0.909182 0.717961 0.574715 0.718253 0.666789 0.735574 0.851192 0.894190 0.720431 0.971445 0.890810 0.872362 0.997708 0.971438 0.865501 0.954101 0.819494 0.824539 0.732197 0.765650 0.853074 0.818944 0.843913 0.858328 0.988775 0.989408 0.872568 0.765365 0.731229 0.824274 0.869379 0.932699 0.688604 0.855670 0.639060 0.743368 0.637632 0.709545 0.773475 0.714941 0.883442 0.890431 0.878287 0.872680 0.829372 0.910346 0.883893 0.988595 0.964859 0.961745 0.814177 0.909855 0.621440 0.492014 0.646920 0.571403 0.443479 0.554103 0.850824 0.678883 0.854479 0.650431 0.943973 0.952254 0.902344 0.938740 0.868967 0.783563 0.828728 0.991349 0.763119 0.756909 0.844133 0.871746 0.896155 0.954349 0.759685 0.785889 0.986136 0.986923 0.775147 0.921960 0.860989 0.971285 0.994504 0.874267 0.878205 0.877498
0.989711 0.951574 0.889580 0.727925 0.880168 0.914874 0.930282 0.930400 0.954436 0.854619 0.887255 0.924876 0.922242 0.956366 0.900160 0.818965 0.943569 0.943463 0.944298 0.990209 0.840194 0.956608 0.596095 0.000000 0.753902 0.733497 0.724045 0.937957 0.872715 0.961794 0.799686 0.784484 0.959654 0.859786 0.991042 0.890971 0.807623 0.828635 0.843772 0.860029 0.979783 0.905693 0.978438 0.968298 0.992135 0.998525 0.881085 0.822230 0.944742 0.952757 0.967697 0.915895 0.835326 0.945105 0.880412 0.800292 0.977315 0.854273 0.845632 0.901627 0.905919 0.957626 0.943811 0.888926 0.720269 0.682041 0.829466 0.749523 0.843399 0.984681 0.922358 0.778105 0.987218 0.991206 0.942745 0.930698 0.934237 0.984100 0.904034 0.846837 0.859505 0.746306 0.814695 0.871288 0.679067 0.558448 0.891923 0.809871 0.945663 0.907350 0.975328 0.999595 0.974042 0.967004 0.966541 0.919751 0.984899 0.969219 0.973287 0.979153 0.825687 0.787446 0.846524 0.858922 0.829521 0.795456 0.891578 0.971004 0.917617 0.972813 0.884475 0.952702 0.968182 0.955866 0.929112 0.907800
0.813623 0.811582 0.698250 0.611888 0.801604 0.916739 0.781036 0.749881 0.898933 0.863734 0.987055 0.985660 0.961020 0.856735 0.969099 0.864633 0.924921 0.827419 0.976591 0.971864 0.805460 0.918587 0.822007 0.753902 0.000000 0.697960 0.841851 0.907197 0.897321 0.906839 0.766793 0.821057 0.790719 0.746466 0.763130 0.936777 0.906498 0.873809 0.831836 0.822004 0.819476 0.896999 0.564893 0.662017 0.827851 0.797635 0.736450 0.636271 0.928028 0.873196 0.735065 0.909733 0.862814 0.838115 0.953475 0.796969 0.876442 0.990989 0.915100 0.974554 0.858978 0.915203 0.924119 0.985371 0.601004 0.632863 0.686234 0.659734 0.766616 0.858740 0.737602 0.680825 0.842262 0.963014 0.917760 0.976169 0.862633 0.871302 0.786591 0.879306 0.696030 0.723800 0.876635 0.813406 0.689293 0.539261 0.978281 0.988076 0.975567 0.833822 0.796230 0.898125 0.816939 0.722734 0.815376 0.815608 0.988157 0.974967 0.856885 0.843080 0.843415 0.972394 0.999922 0.838990 0.868060 0.856598 0.906602 0.954701 0.905600 0.934705 0.914568 0.925778 0.924550 0.970778 0.863696 0.899718
0.807219 0.895709 0.912767 0.800292 0.819795 0.857297 0.879330 0.950626 0.993349 0.909212 0.917010 0.918571 0.925999 0.972422 0.992730 0.887120 0.909767 0.887333 0.880128 0.886300 0.817914 0.982382 0.879385 0.733497 0.697960 0.000000 0.844796 0.816023 0.972821 0.850535 0.722470 0.921873 0.804590 0.832286 0.946447 0.905695 0.789169 0.948145 0.766288 0.919411 0.882605 0.821774 0.811704 0.812553 0.856732 0.854323 0.832864 0.792530 0.798275 0.994744 0.806488 0.904997 0.833209 0.740469 0.846018 0.877342 0.848507 0.933823 0.881607 0.733609 0.982074 0.914272 0.870753 0.933860 0.771387 0.887276 0.767047 0.844365 0.866964 0.960228 0.773071 0.761384 0.782868 0.875444 0.805415 0.944908 0.903458 0.853581 0.979185 0.927573 0.861369 0.827931 0.840585 0.855627 0.807301 0.602066 0.920665 0.899919 0.938225 0.865082 0.912271 0.866712 0.924445 0.835275 0.890384 0.979112 0.935655 0.873344 0.882151 0.956491 0.935688 0.998057 0.927705 0.947806 0.935008 0.998524 0.917934 0.970968 0.996638 0.945818 0.947982 0.927195 0.961918 0.945261 0.852871 0.927719
0.988402 0.988996 0.933858 0.905873 0.887875 0.761817 0.934708 0.982413 0.923036 0.770250 0.866749 0.975957 0.867860 0.997938 0.988199 0.868091 0.977438 0.932633 0.970109 0.936661 0.979820 0.939164 0.949404 0.724045 0.841851 0.844796 0.000000 0.906879 0.913294 0.956252 0.958834 0.898196 0.920783 0.939092 0.905394 0.835307 0.958223 0.912784 0.664938 0.918494 0.810850 0.972570 0.818484 0.896762 0.898583 0.860667 0.904379 0.950905 0.886627 0.817538 0.883180 0.789012 0.924000 0.970481 0.871440 0.804612 0.952514 0.879066 0.831457 0.882931 0.920495 0.952574 0.941192 0.843765 0.867891 0.775499 0.965539 0.958003 0.853334 0.995481 0.904586 0.844778 0.984327 0.973600 0.953747 0.912641 0.976357 0.936890 0.995075 0.788909 0.930309 0.899718 0.964897 0.976281 0.936186 0.725605 0.984007 0.922185 0.818780 0.941890 0.888076 0.924161 0.923855 0.982483 0.941692 0.820073 0.895019 0.970376 0.892317 0.847993 0.889232 0.776520 0.829472 0.798254 0.895438 0.985523 0.942157 0.987614 0.931178 0.974009 0.833512 0.766021 0.995507 0.995336 0.937816 0.949655
0.968080 0.896858 0.837187 0.973243 0.867158 0.898332 0.767779 0.859339 0.865802 0.764598 0.829380 0.975646 0.907898 0.910980 0.959604 0.786421 0.894772 0.979320 0.933261 0.729716 0.997127 0.883738 0.893459 0.937957 0.907197 0.816023 0.906879 0.000000 0.960930 0.959968 0.898948 0.944305 0.879287 0.908961 0.999466 0.985417 0.942379 0.924120 0.990639 0.977443 0.935552 0.995272 0.904071 0.953821 0.933864 0.996140 0.937590 0.978419 0.982400 0.936000 0.956953 0.903763 0.858099 0.845783 0.981815 0.921129 0.998931 0.929910 0.790926 0.808951 0.762540 0.907230 0.908263 0.844955 0.954286 0.997709 0.968896 0.916751 0.974420 0.908590 0.927360 0.810008 0.950458 0.963985 0.907914 0.955622 0.965690 0.914140 0.962623 0.875616 0.867032 0.884194 0.940216 0.952351 0.891867 0.850999 0.924590 0.903929 0.943339 0.928533 0.917691 0.889631 0.917502 0.990219 0.958589 0.909330 0.830613 0.892017 0.938746 0.934502 0.989695 0.900649 0.979412 0.959033 0.919693 0.965939 0.966465 0.933005 0.798276 0.953271 0.871293 0.989464 0.914165 0.966998 0.916672 0.970790
0.686752 0.619095 0.945506 0.923289 0.885871 0.992268 0.895548 0.852052 0.833840 0.672176 0.730008 0.802424 0.778688 0.896634 0.740410 0.923860 0.597006 0.611881 0.580601 0.842045 0.918694 0.876351 0.909182 0.872715 0.897321 0.972821 0.913294 0.960930 0.000000 0.475692 0.799484 0.846758 0.734738 0.727218 0.922114 0.948415 0.891130 0.848706 0.931197 0.972464 0.978203 0.966412 0.990976 0.842763 0.855682 0.835817 0.747885 0.885118 0.791776 0.964197 0.960226 0.970786 0.705423 0.810495 0.879844 0.897414 0.711654 0.765467 0.933319 0.959723 0.718309 0.721326 0.588156 0.617138 0.974737 0.986158 0.977199 0.994756 0.972065 0.875447 0.895397 0.850203 0.683644 0.712417 0.915751 0.801037 0.952557 0.938616 0.862647 0.916936 0.684635 0.783833 0.811530 0.690894 0.926986 0.950199 0.989406 0.841282 0.950582 0.911462 0.864266 0.807644 0.781519 0.760061 0.972265 0.872231 0.984237 0.954112 0.920027 0.956948 0.904993 0.910988 0.993526 0.973981 0.913983 0.879451 0.988858 0.799023 0.971489 0.993877 0.983415 0.981054 0.781651 0.950035 0.931158 0.839957
0.627646 0.596934 0.873294 0.970016 0.688259 0.909264 0.774844 0.821870 0.824257 0.732160 0.752363 0.770796 0.699096 0.767772 0.614344 0.809320 0.524087 0.475399 0.545036 0.780055 0.954121 0.958473 0.717961 0.961794 0.906839 0.850535 0.956252 0.959968 0.475692 0.000000 0.630815 0.715231 0.609733 0.695501 0.814843 0.869557 0.845294 0.834208 0.894302 0.857702 0.988416 0.896298 0.932460 0.801336 0.807153 0.778814 0.684780 0.758574 0.736396 0.881687 0.901969 0.969360 0.751678 0.771397 0.739058 0.867656 0.617997 0.672441 0.945839 0.937181 0.605117 0.739151 0.473891 0.576035 0.835101 0.912957 0.978603 0.941834 0.912723 0.944225 0.994590 0.992882 0.738565 0.817480 0.968720 0.821261 0.979148 0.919508 0.687000 0.735177 0.506874 0.503552 0.630716 0.494356 0.685037 0.707986 0.906152 0.664580 0.881801 0.807494 0.852732 0.819543 0.761025 0.770523 0.888721 0.917323 0.963799 0.890021 0.868760 0.993260 0.848614 0.890591 0.898028 0.925801 0.944849 0.950913 0.984254 0.710724 0.952347 0.965613 0.971498 0.933448 0.894505 0.993504 0.942973 0.857176
0.848021 0.895649 0.786107 0.853271 0.689807 0.865204 0.765193 0.853279 0.869579 0.720784 0.829182 0.843004 0.959260 0.980161 0.795563 0.941060 0.804824 0.707538 0.768657 0.938000 0.838021 0.998381 0.574715 0.799686 0.766793 0.722470 0.958834 0.898948 0.799484 0.630815 0.000000 0.637470 0.563438 0.729082 0.785211 0.881873 0.781252 0.920549 0.906264 0.805924 0.944011 0.989378 0.731841 0.773057 0.576006 0.632812 0.654792 0.625610 0.627141 0.761062 0.698362 0.857651 0.805729 0.711209 0.845954 0.792567 0.749236 0.890334 0.948212 0.846038 0.798982 0.996748 0.662863 0.829783 0.880090 0.935420 0.757917 0.743847 0.780240 0.885003 0.794143 0.871678 0.749469 0.796915 0.961688 0.924066 0.947407 0.947291 0.893631 0.899315 0.671062 0.603690 0.686271 0.593499 0.644817 0.635104 0.993469 0.685386 0.976874 0.903800 0.921696 0.946600 0.919733 0.985280 0.938481 0.865753 0.910647 0.988974 0.711142 0.863334 0.995180 0.938389 0.897918 0.974836 0.999784 0.996835 0.868502 0.947753 0.920921 0.904975 0.939708 0.858134 0.941350 0.908872 0.998083 0.854437
0.940807 0.911488 0.874866 0.882368 0.890101 0.935979 0.944719 0.903745 0.993708 0.938965 0.995512 0.991266 0.961012 0.800661 0.667057 0.787993 0.910076 0.801127 0.885152 0.992951 0.903747 0.986020 0.718253 0.784484 0.821057 0.921873 0.898196 0.944305 0.846758 0.715231 0.637470 0.000000 0.746950 0.781426 0.867037 0.874658 0.927003 0.923787 0.862740 0.674455 0.964360 0.934873 0.899965 0.876463 0.810417 0.873042 0.738203 0.740474 0.953095 0.933576 0.980506 0.991744 0.941119 0.951957 0.819245 0.738842 0.880440 0.940439 0.854707 0.935697 0.941893 0.951910 0.846667 0.891244 0.842981 0.816954 0.820855 0.785257 0.870780 0.947141 0.984381 0.792634 0.916271 0.818696 0.924580 0.864753 0.992653 0.960553 0.799567 0.827807 0.835129 0.716317 0.714429 0.673210 0.775316 0.677541 0.804216 0.760773 0.944051 0.846946 0.901835 0.889567 0.871518 0.970628 0.890158 0.852281 0.994520 0.901394 0.854174 0.987100 0.959926 0.874111 0.890339 0.902126 0.897314 0.960513 0.991462 0.987520 0.977622 0.920360 0.958482 0.876160 0.915152 0.994393 0.906476 0.790688
0.619496 0.612864 0.586811 0.685777 0.783385 0.925835 0.526551 0.641414 0.778077 0.651964 0.836524 0.994195 0.883759 0.988460 0.821170 0.942994 0.664684 0.551592 0.585838 0.719953 0.874594 0.946829 0.666789 0.959654 0.790719 0.804590 0.920783 0.879287 0.734738 0.609733 0.563438 0.746950 0.000000 0.567013 0.734406 0.973466 0.921148 0.995747 0.917460 0.848144 0.888368 0.902906 0.664871 0.595128 0.669646 0.613348 0.721855 0.608067 0.739425 0.729512 0.735922 0.763144 0.810474 0.901282 0.883471 0.966687 0.575646 0.626035 0.698288 0.901725 0.571267 0.807600 0.498231 0.589440 0.732667 0.850533 0.652726 0.660996 0.984684 0.919963 0.863868 0.981709 0.785233 0.772711 0.934215 0.999668 0.870088 0.976372 0.862411 0.959112 0.493041 0.536245 0.751886 0.574623 0.594573 0.710977 0.947415 0.799054 0.889565 0.770137 0.828234 0.863607 0.835428 0.909802 0.796579 0.773927 0.781579 0.979960 0.554429 0.719738 0.919369 0.979064 0.966138 0.786213 0.887496 0.879924 0.868269 0.957904 0.803411 0.871403 0.788327 0.901308 0.943331 0.986661 0.905355 0.848522
0.585841 0.709547 0.602131 0.588382 0.842477 0.872396 0.585150 0.492458 0.897179 0.673805 0.682647 0.838423 0.890777 0.908223 0.988869 0.966320 0.758898 0.640303 0.652600 0.682373 0.900703 0.918221 0.735574 0.859786 0.746466 0.832286 0.939092 0.908961 0.727218 0.695501 0.729082 0.781426 0.567013 0.000000 0.746958 0.845870 0.884498 0.979980 0.915426 0.674449 0.979305 0.984901 0.748088 0.687617 0.901680 0.791580 0.711260 0.667936 0.955791 0.912518 0.806047 0.782945 0.967732 0.933413 0.960914 0.825492 0.768282 0.773960 0.697099 0.704962 0.626983 0.616170 0.615980 0.580207 0.693104 0.629165 0.560636 0.508084 0.902967 0.843868 0.941787 0.890438 0.694117 0.722845 0.921433 0.985863 0.878669 0.856599 0.862431 0.879270 0.587111 0.629647 0.942947 0.712315 0.652310 0.733810 0.885179 0.950267 0.902115 0.670028 0.883470 0.973580 0.892012 0.948700 0.843982 0.668673 0.789990 0.888411 0.595064 0.680933 0.813480 0.985729 0.845979 0.873273 0.754734 0.855236 0.982064 0.952850 0.822924 0.859115 0.786835 0.908841 0.902455 0.870916 0.875584 0.996396
0.795921 0.796221 0.780670 0.722822 0.955546 0.989985 0.787094 0.720662 0.954564 0.863455 0.865934 0.843205 0.958827 0.858617 0.985159 0.939910 0.821523 0.862873 0.861406 0.767708 0.844003 0.933861 0.851192 0.991042 0.763130 0.946447 0.905394 0.999466 0.922114 0.814843 0.785211 0.867037 0.734406 0.746958 0.000000 0.920185 0.833296 0.914524 0.964487 0.799024 0.948328 0.862822 0.661609 0.730852 0.802272 0.751575 0.827759 0.713869 0.880662 0.814633 0.771584 0.744119 0.878321 0.944406 0.908286 0.794741 0.907645 0.826175 0.813875 0.832835 0.804691 0.780775 0.846925 0.805647 0.818181 0.836463 0.754158 0.714079 0.946722 0.861410 0.752640 0.794330 0.874906 0.823992 0.932593 0.940311 0.849460 0.812161 0.772464 0.992688 0.775464 0.798463 0.859971 0.760157 0.824999 0.852387 0.880844 0.966950 0.949272 0.837885 0.871668 0.908474 0.804970 0.902694 0.800197 0.690113 0.850071 0.986599 0.715400 0.878919 0.978613 0.756568 0.852077 0.776489 0.982064 0.888669 0.922103 0.883213 0.847786 0.980379 0.871832 0.852957 0.946955 0.972991 0.966727 0.979199
0.930252 0.953154 0.890454 0.809766 0.764200 0.868722 0.927982 0.853069 0.998297 0.950570 0.818600 0.905078 0.970821 0.997209 0.944977 0.910836 0.902520 0.807295 0.939762 0.994560 0.946368 0.943144 0.894190 0.890971 0.936777 0.905695 0.835307 0.985417 0.948415 0.869557 0.881873 0.874658 0.973466 0.845870 0.920185 0.000000 0.835348 0.887637 0.849895 0.781634 0.961087 0.992076 0.903062 0.950937 0.983479 0.997152 0.965849 0.975144 0.978448 0.930150 0.972064 0.973836 0.964920 0.908890 0.818616 0.818501 0.921605 0.997861 0.931551 0.996122 0.897931 0.866339 0.918823 0.976850 0.821479 0.842394 0.948419 0.858396 0.809620 0.986067 0.777549 0.901081 0.809458 0.927108 0.867368 0.973075 0.998449 0.872468 0.956936 0.933990 0.904008 0.823749 0.966981 0.935845 0.873245 0.788802 0.950026 0.939918 0.909140 0.784793 0.959590 0.894040 0.953947 0.976310 0.764013 0.951199 0.924332 0.968892 0.902898 0.985239 0.978353 0.871303 0.957767 0.883975 0.979719 0.941192 0.933473 0.967968 0.976109 0.943959 0.975051 0.953169 0.941655 0.910901 0.964512 0.992677
0.965934 0.922677 0.953714 0.893508 0.807434 0.817894 0.969193 0.955948 0.858034 0.968923 0.938428 0.974719 0.975315 0.969207 0.917884 0.882759 0.869929 0.924975 0.885131 0.946173 0.881439 0.987034 0.720431 0.807623 0.906498 0.789169 0.958223 0.942379 0.891130 0.845294 0.781252 0.927003 0.921148 0.884498 0.833296 0.835348 0.000000 0.777461 0.965351 0.996706 0.989863 0.900043 0.870965 0.858635 0.835328 0.827032 0.898932 0.796152 0.814305 0.852250 0.870025 0.867294 0.805713 0.768579 0.896754 0.789931 0.882179 0.925519 0.923466 0.901225 0.980871 0.999543 0.878171 0.961391 0.877932 0.966783 0.947197 0.890801 0.939846 0.967269 0.788007 0.862098 0.976695 0.760082 0.888907 0.942257 0.943449 0.772370 0.828703 0.910341 0.910895 0.871613 0.781151 0.760693 0.858276 0.797554 0.937672 0.832570 0.966456 0.912374 0.915825 0.993523 0.827894 0.989259 0.954155 0.960275 0.873035 0.900680 0.898387 0.824089 0.958623 0.951110 0.871654 0.972424 0.926161 0.937737 0.901098 0.966455 0.982183 0.886592 0.956804 0.882840 0.891817 0.767003 0.831466 0.955230
0.735525 0.927029 0.965290 0.883361 0.851991 0.937715 0.875814 0.932834 0.875853 0.964064 0.841658 0.863702 0.745304 0.991188 0.909821 0.959173 0.844603 0.812812 0.805528 0.850527 0.965766 0.928343 0.971445 0.828635 0.873809 0.948145 0.912784 0.924120 0.848706 0.834208 0.920549 0.923787 0.995747 0.979980 0.914524 0.887637 0.777461 0.000000 0.950499 0.970861 0.986029 0.817908 0.694436 0.742701 0.709078 0.698174 0.816988 0.773466 0.818991 0.801850 0.740111 0.758352 0.893556 0.829102 0.947768 0.934307 0.818664 0.773529 0.884727 0.834633 0.727671 0.797690 0.828826 0.809144 0.981646 0.985464 0.788497 0.752889 0.831279 0.922890 0.807760 0.760219 0.849969 0.900132 0.961023 0.892230 0.923821 0.920527 0.921321 0.935255 0.858728 0.900282 0.995063 0.971251 0.933657 0.954177 0.990324 0.987371 0.752001 0.849647 0.842612 0.820894 0.746298 0.791768 0.912366 0.928488 0.931930 0.869199 0.899909 0.933729 0.899380 0.882373 0.897953 0.816838 0.947321 0.874074 0.916814 0.937247 0.914459 0.919391 0.990816 0.865682 0.969325 0.861789 0.947577 0.879717
