0.000000 0.380210 0.898568 0.985013 0.914896 0.735144 0.755866 0.611138 0.865103 0.631121 0.570559 0.520384 0.932786 0.840448 0.941044 0.866704 0.390627 0.430899 0.541545 0.501820 0.909559 0.952427 0.790367 0.873893 0.746111 0.774671 0.832233 0.773865 0.567403 0.577324 0.938720 0.876728 0.626216 0.635482 0.956167 0.891940 0.834154 0.773590 0.994378 0.961355 0.748856 0.959937 0.698802 0.606458 0.590731 0.567981 0.816360 0.663198 0.544944 0.619349 0.642628 0.711009 0.857942 0.820268 0.944981 0.885589 0.335187 0.397173 0.572213 0.817385 0.616427 0.693733 0.552133 0.449427 0.688123 0.993608 0.832663 0.744354 0.623289 0.600479 0.788569 0.769840 0.779654 0.624281 0.937597 0.842584 0.651968 0.761044 0.827805 0.714131 0.452547 0.544387 0.958784 0.831101 0.882749 0.854933 0.907720 0.729033 0.768433 0.872201 0.662154 0.668677 0.794207 0.911895 0.819935 0.887857 0.693223 0.887341 0.433113 0.525699 0.658620 0.781477 0.549089 0.576878 0.857828 0.951434 0.953059 0.820818 0.997280 0.949756 0.672872 0.694118 0.725832 0.947149 0.982901 0.968158
0.380210 0.000000 0.692178 0.861547 0.992886 0.781714 0.967387 0.692605 0.947479 0.685407 0.685331 0.511863 0.884037 0.907358 0.758368 0.997079 0.444145 0.437687 0.659908 0.472759 0.905923 0.850712 0.672760 0.793535 0.763799 0.681569 0.908276 0.798246 0.612174 0.578622 0.908398 0.910046 0.658505 0.649069 0.949054 0.986946 0.823110 0.721230 0.942860 0.999671 0.753456 0.843583 0.783835 0.628930 0.637168 0.559109 0.961157 0.769671 0.551452 0.590391 0.694685 0.736116 0.977118 0.983169 0.873840 0.809267 0.308663 0.295917 0.705432 0.717915 0.742480 0.630064 0.733753 0.456914 0.605851 0.988065 0.914132 0.755792 0.673844 0.561502 0.744317 0.820829 0.797263 0.631172 0.992971 0.850927 0.697516 0.762058 0.842731 0.749965 0.494633 0.631006 0.972727 0.813982 0.736910 0.835757 0.859612 0.770247 0.629267 0.878008 0.742262 0.744287 0.843174 0.950262 0.792008 0.902226 0.690140 0.809535 0.486078 0.637934 0.578302 0.868748 0.661346 0.614987 0.956614 0.950028 0.972082 0.866920 0.999611 0.951562 0.678921 0.675209 0.692200 0.933393 0.926418 0.979292
0.898568 0.692178 0.000000 0.417854 0.846713 0.888854 0.499380 0.826853 0.599733 0.967393 0.987650 0.710241 0.839329 0.909887 0.678973 0.977315 0.910265 0.803679 0.722612 0.843663 0.948263 0.887628 0.404697 0.597300 0.589771 0.571294 0.985419 0.889742 0.962009 0.791476 0.486734 0.619247 0.668105 0.796769 0.654175 0.950939 0.893799 0.978385 0.650881 0.890994 0.894459 0.867306 0.727945 0.929026 0.970077 0.902946 0.661383 0.793688 0.715509 0.918012 0.993177 0.940887 0.733258 0.704022 0.746827 0.886820 0.761675 0.657123 0.759884 0.985033 0.827716 0.852582 0.931741 0.679219 0.398632 0.608117 0.528572 0.731544 0.925998 0.853917 0.932966 0.909338 0.837504 0.947681 0.865872 0.808237 0.738023 0.793638 0.815774 0.879125 0.878242 0.925954 0.986759 0.792204 0.525517 0.694483 0.931649 0.923382 0.815840 0.898161 0.843213 0.792877 0.815077 0.672164 0.959525 0.922942 0.945854 0.771470 0.943297 0.868864 0.771549 0.733763 0.978461 0.842665 0.840416 0.625053 0.994461 0.798751 0.958552 0.948436 0.982405 0.930489 0.929496 0.939599 0.836039 0.987000
0.985013 0.861547 0.417854 0.000000 0.989255 0.936844 0.630661 0.753797 0.653713 0.932563 0.870867 0.831431 0.986275 0.904974 0.835894 0.866973 0.889191 0.775403 0.774493 0.966005 0.989014 0.999624 0.477032 0.506340 0.557957 0.547084 0.969993 0.806918 0.898566 0.760407 0.517609 0.652520 0.723320 0.894740 0.640324 0.982546 0.677706 0.756819 0.682566 0.894380 0.786761 0.933455 0.826373 0.964394 0.843803 0.765986 0.790230 0.891604 0.663953 0.861184 0.983802 0.979783 0.797813 0.687678 0.733684 0.895952 0.867270 0.817908 0.727043 0.880030 0.858098 0.913860 0.962913 0.823425 0.523812 0.525560 0.655231 0.818273 0.993094 0.939076 0.785863 0.714164 0.682070 0.809559 0.875356 0.791483 0.729029 0.844703 0.782106 0.966073 0.973947 0.957711 0.915465 0.895447 0.678526 0.694496 0.891032 0.867134 0.928423 0.775581 0.801437 0.773309 0.743984 0.667800 0.885378 0.970427 0.919998 0.930309 0.942938 0.953913 0.933152 0.679136 0.966253 0.959446 0.762288 0.707980 0.943273 0.752727 0.888096 0.990826 0.994428 0.913088 0.863806 0.851120 0.947976 0.927364
0.914896 0.992886 0.846713 0.989255 0.000000 0.781150 0.864138 0.979497 0.905684 0.893651 0.774930 0.883054 0.772709 0.885888 0.887663 0.951018 0.965618 0.881537 0.850684 0.903940 0.944678 0.942492 0.878792 0.990700 0.976235 0.868026 0.901000 0.961843 0.865205 0.940284 0.945795 0.965757 0.836569 0.856187 0.865184 0.753725 0.875911 0.801292 0.938897 0.898275 0.952254 0.876037 0.951368 0.887480 0.816381 0.849066 0.957655 0.811742 0.942081 0.968240 0.929891 0.985193 0.987798 0.988241 0.893706 0.925132 0.982981 0.996758 0.926937 0.953317 0.847779 0.963610 0.892313 0.906169 0.911130 0.912149 0.707399 0.716067 0.951978 0.968056 0.998486 0.852653 0.991391 0.962819 0.992128 0.993283 0.839946 0.856795 0.900727 0.908341 0.879121 0.837634 0.929583 0.950091 0.821993 0.917595 0.922312 0.978495 0.965511 0.768483 0.960051 0.898921 0.962715 0.879938 0.995694 0.893849 0.923859 0.965480 0.907028 0.904914 0.995799 0.913175 0.957101 0.914170 0.998844 0.853421 0.907620 0.937141 0.949373 0.855300 0.779599 0.970142 0.972644 0.924293 0.990361 0.712181
0.735144 0.781714 0.888854 0.936844 0.781150 0.000000 0.757487 0.669290 0.856643 0.662094 0.652488 0.569053 0.769744 0.750612 0.936123 0.719852 0.768587 0.765940 0.788628 0.798231 0.976217 0.927681 0.833624 0.851926 0.743855 0.710003 0.747374 0.952420 0.756013 0.716656 0.993467 0.983908 0.937969 0.793178 0.887135 0.840337 0.972896 0.913459 0.983813 0.946306 0.976071 0.898781 0.922100 0.825836 0.766493 0.748014 0.960299 0.849189 0.781447 0.909804 0.900352 0.948281 0.858746 0.821913 0.854578 0.944707 0.756594 0.807063 0.833737 0.949704 0.741602 0.811818 0.748289 0.746675 0.715386 0.877993 0.927761 0.875968 0.961389 0.825334 0.888689 0.914985 0.831087 0.820843 0.931332 0.828095 0.811747 0.958358 0.868833 0.857016 0.902555 0.796721 0.922078 0.912687 0.852082 0.777308 0.899143 0.993369 0.923975 0.740031 0.755897 0.780913 0.794361 0.819545 0.899615 0.889445 0.800596 0.818635 0.609278 0.799725 0.690459 0.718365 0.900493 0.781932 0.900201 0.992933 0.681307 0.995988 0.904178 0.996318 0.741768 0.845683 0.738030 0.983712 0.961789 0.827302
0.755866 0.967387 0.499380 0.630661 0.864138 0.757487 0.000000 0.458272 0.565826 0.525856 0.576977 0.865091 0.660301 0.740371 0.834881 0.853715 0.737911 0.819127 0.422096 0.848519 0.953273 0.968719 0.711687 0.875349 0.920740 0.990127 0.697260 0.873538 0.751213 0.771661 0.662008 0.618690 0.555694 0.500483 0.895165 0.899515 0.900872 0.930047 0.745673 0.936325 0.949593 0.829737 0.570748 0.682342 0.570375 0.695274 0.616463 0.610736 0.875765 0.868218 0.691610 0.743916 0.584235 0.519002 0.948885 0.902568 0.892284 0.948114 0.509658 0.949914 0.522887 0.936272 0.527614 0.874583 0.888338 0.867629 0.472649 0.586509 0.996400 0.955429 0.817751 0.787719 0.683548 0.701560 0.901068 0.641430 0.584821 0.759015 0.723256 0.720840 0.899800 0.800627 0.910706 0.988818 0.776257 0.968644 0.951279 0.812018 0.992151 0.908332 0.505487 0.484057 0.616333 0.607931 0.882025 0.861866 0.810834 0.899808 0.620179 0.557097 0.868491 0.527559 0.736362 0.812272 0.878590 0.653251 0.877419 0.684588 0.938327 0.956383 0.798114 0.818012 0.746550 0.955640 0.956112 0.945859
0.611138 0.692605 0.826853 0.753797 0.979497 0.669290 0.458272 0.000000 0.668139 0.440971 0.557961 0.525221 0.716403 0.625452 0.901252 0.775856 0.664485 0.768393 0.461302 0.725637 0.789456 0.924178 0.936971 0.874413 0.716997 0.817963 0.626004 0.765736 0.672150 0.617806 0.882840 0.781175 0.670853 0.573492 0.945539 0.880375 0.802020 0.912930 0.840073 0.979056 0.949878 0.963044 0.657552 0.639373 0.602514 0.636326 0.826493 0.651792 0.680909 0.788019 0.577086 0.708215 0.639135 0.527203 0.914958 0.996568 0.712098 0.814330 0.533572 0.647687 0.451147 0.517570 0.610507 0.607379 0.813473 0.873543 0.768515 0.676802 0.883473 0.819948 0.708326 0.809673 0.669044 0.656883 0.987122 0.807931 0.634035 0.871079 0.843786 0.780187 0.892162 0.923481 0.816867 0.916963 0.757782 0.653583 0.843311 0.694909 0.828210 0.881713 0.402543 0.429258 0.626259 0.633736 0.747287 0.889399 0.697579 0.850516 0.481754 0.570751 0.581567 0.446034 0.702747 0.610360 0.977185 0.747867 0.834379 0.743880 0.890219 0.957472 0.762590 0.750417 0.647225 0.841667 0.992391 0.999547
0.865103 0.947479 0.599733 0.653713 0.905684 0.856643 0.565826 0.668139 0.000000 0.773389 0.798875 0.950080 0.829010 0.901050 0.860238 0.740520 0.832156 0.919826 0.732639 0.896730 0.974821 0.830344 0.812366 0.898090 0.932851 0.796411 0.976217 0.918876 0.864260 0.987481 0.727357 0.829745 0.834068 0.813698 0.879340 0.853457 0.668628 0.951747 0.807015 0.803120 0.855870 0.975783 0.686616 0.765050 0.783981 0.895749 0.655933 0.669255 0.910658 0.775380 0.704085 0.726701 0.582605 0.599594 0.931507 0.980120 0.961495 0.937544 0.588204 0.723369 0.618382 0.825335 0.916177 0.934738 0.722205 0.710712 0.718020 0.830806 0.856226 0.882395 0.873438 0.864224 0.864763 0.878692 0.849512 0.848294 0.722618 0.943231 0.858874 0.930343 0.937220 0.954501 0.970640 0.884872 0.917165 0.923427 0.889668 0.823957 0.783996 0.882878 0.641999 0.719797 0.725548 0.763092 0.847097 0.875709 0.884748 0.900103 0.747621 0.717640 0.911869 0.780621 0.757181 0.942216 0.951323 0.661155 0.809948 0.755648 0.912470 0.997082 0.874255 0.916933 0.968429 0.989506 0.819597 0.901963
0.631121 0.685407 0.967393 0.932563 0.893651 0.662094 0.525856 0.440971 0.773389 0.000000 0.480205 0.562184 0.719486 0.697513 0.931476 0.809016 0.582032 0.609988 0.516589 0.649102 0.824045 0.886486 0.795321 0.760228 0.517447 0.561977 0.632158 0.724918 0.594576 0.514831 0.975665 0.871448 0.824636 0.576228 0.832899 0.889967 0.929724 0.934580 0.957873 0.916254 0.973752 0.937029 0.618755 0.586159 0.478775 0.504779 0.823851 0.654256 0.528347 0.750962 0.605930 0.792450 0.770314 0.724906 0.795644 0.937558 0.660611 0.780665 0.667908 0.903736 0.633498 0.784456 0.547470 0.569800 0.596061 0.755181 0.832223 0.799344 0.974918 0.844422 0.747258 0.785681 0.796084 0.664951 0.888241 0.778992 0.677576 0.919376 0.874180 0.845449 0.788817 0.785466 0.819038 0.851604 0.741709 0.642570 0.862315 0.814619 0.756798 0.700267 0.426603 0.482142 0.669011 0.807091 0.722934 0.908297 0.757457 0.850820 0.444906 0.527185 0.623332 0.647051 0.600130 0.545170 0.960255 0.941568 0.885650 0.756857 0.919450 0.975696 0.763000 0.604114 0.626761 0.840419 0.935605 0.880747
0.570559 0.685331 0.987650 0.870867 0.774930 0.652488 0.576977 0.557961 0.798875 0.480205 0.000000 0.547296 0.592324 0.653210 0.918271 0.914365 0.506525 0.483909 0.535079 0.578033 0.889460 0.936661 0.751680 0.692724 0.544963 0.588312 0.764967 0.671657 0.474964 0.452553 0.965428 0.916939 0.716392 0.561416 0.830707 0.900358 0.952612 0.794213 0.935669 0.962926 0.947861 0.895077 0.707621 0.615341 0.451154 0.489626 0.831622 0.609362 0.542661 0.639307 0.704406 0.712206 0.794130 0.774686 0.801678 0.990173 0.626165 0.720272 0.627789 0.852293 0.507626 0.794800 0.510239 0.597774 0.692546 0.879622 0.785545 0.720241 0.890203 0.784999 0.934146 0.977979 0.853853 0.749945 0.988945 0.757188 0.779742 0.828424 0.895529 0.730756 0.715263 0.661629 0.991708 0.855270 0.867160 0.734446 0.851722 0.807621 0.846706 0.650167 0.604206 0.629395 0.829557 0.889932 0.847070 0.958744 0.824412 0.985031 0.493465 0.517947 0.710708 0.732025 0.786861 0.791961 0.902710 0.937990 0.867971 0.881589 0.963375 0.908342 0.785306 0.683172 0.620969 0.891929 0.985775 0.958345
0.520384 0.511863 0.710241 0.831431 0.883054 0.569053 0.865091 0.525221 0.950080 0.562184 0.547296 0.000000 0.743030 0.632235 0.852816 0.709547 0.608824 0.596880 0.704658 0.628116 0.772502 0.908949 0.548211 0.631701 0.510234 0.526894 0.685650 0.709975 0.648447 0.539209 0.739363 0.914400 0.906914 0.779946 0.743422 0.875060 0.892933 0.938051 0.937310 0.886334 0.929021 0.957181 0.913185 0.744505 0.692044 0.630082 0.983579 0.738084 0.576642 0.796145 0.752004 0.865164 0.920778 0.867323 0.774111 0.946358 0.533070 0.550263 0.722950 0.692781 0.586738 0.522840 0.617695 0.415185 0.501991 0.854676 0.932110 0.898752 0.728367 0.663552 0.888015 0.982293 0.868372 0.737919 0.986467 0.961961 0.822366 0.973490 0.964521 0.917061 0.745355 0.777608 0.916812 0.735938 0.574684 0.535466 0.903551 0.841088 0.804577 0.754699 0.649664 0.683625 0.839783 0.884939 0.726347 0.942045 0.669151 0.762191 0.500218 0.677906 0.557910 0.754429 0.809600 0.592437 0.897524 0.952301 0.854439 0.944949 0.939306 0.909844 0.698009 0.749421 0.672823 0.851232 0.918414 0.919227
0.932786 0.884037 0.839329 0.986275 0.772709 0.769744 0.660301 0.716403 0.829010 0.719486 0.592324 0.743030 0.000000 0.579301 0.753648 0.724692 0.891172 0.902759 0.804691 0.937863 0.989869 0.943364 0.948206 0.904232 0.751796 0.798527 0.804933 0.762630 0.804090 0.760197 0.975329 0.996946 0.935340 0.861386 0.789888 0.956597 0.858135 0.770348 0.980043 0.958745 0.862747 0.759694 0.842464 0.844338 0.821005 0.852843 0.837325 0.769805 0.944700 0.974257 0.996237 0.940562 0.887575 0.873293 0.788560 0.895983 0.921296 0.839103 0.818550 0.961035 0.698150 0.933488 0.679768 0.905475 0.937890 0.871385 0.911229 0.948434 0.884179 0.913738 0.973778 0.988611 0.911353 0.955409 0.919291 0.760695 0.915939 0.991130 0.982184 0.880723 0.922751 0.997955 0.966369 0.958035 0.984897 0.809937 0.941568 0.914439 0.920425 0.726150 0.730229 0.800493 0.852308 0.873588 0.877279 0.914169 0.973831 0.955802 0.806440 0.801740 0.851155 0.726958 0.954570 0.952650 0.850233 0.974094 0.996851 0.916941 0.895723 0.899178 0.855682 0.905432 0.884552 0.884887 0.919964 0.977740
0.840448 0.907358 0.909887 0.904974 0.885888 0.750612 0.740371 0.625452 0.901050 0.697513 0.653210 0.632235 0.579301 0.000000 0.831986 0.754858 0.782589 0.757954 0.631627 0.798269 0.731995 0.969269 0.944898 0.930585 0.821201 0.800485 0.878528 0.732996 0.612831 0.639540 0.922441 0.906720 0.830763 0.769632 0.806145 0.888595 0.944560 0.966639 0.890551 0.879272 0.947100 0.874719 0.720628 0.700322 0.787172 0.785626 0.884933 0.689752 0.834599 0.954049 0.986879 0.966113 0.999402 0.928402 0.804497 0.932363 0.911031 0.995625 0.918400 0.950184 0.861397 0.865132 0.762658 0.874797 0.909923 0.991591 0.989109 0.951053 0.965659 0.971588 0.993190 0.962403 0.969480 0.842304 0.935110 0.751551 0.832365 0.952271 0.908464 0.811251 0.958618 0.972860 0.899844 0.884112 0.845835 0.775699 0.911478 0.931718 0.868678 0.668007 0.746882 0.800602 0.975351 0.927878 0.887260 0.898623 0.994916 0.885553 0.712725 0.748523 0.725328 0.691004 0.983847 0.885768 0.865617 0.918897 0.957204 0.929906 0.908532 0.884789 0.873042 0.799539 0.716239 0.989411 0.995689 0.988341
0.941044 0.758368 0.678973 0.835894 0.887663 0.936123 0.834881 0.901252 0.860238 0.931476 0.918271 0.852816 0.753648 0.831986 0.000000 0.711546 0.974035 0.997940 0.929307 0.972098 0.897290 0.983258 0.710221 0.723459 0.779517 0.760592 0.821050 0.841781 0.821033 0.992793 0.821890 0.827080 0.971575 0.971409 0.944057 0.927796 0.987578 0.812087 0.765292 0.911132 0.869693 0.842014 0.737235 0.850371 0.989085 0.967832 0.648671 0.750517 0.929507 0.930734 0.869934 0.932153 0.933399 0.923080 0.999079 0.841967 0.870891 0.804350 0.989993 0.765838 0.943023 0.730917 0.960914 0.788121 0.645992 0.920762 0.951935 0.961453 0.964365 0.818143 0.807550 0.926191 0.912804 0.832751 0.971836 0.887960 0.946773 0.999006 0.840608 0.798845 0.982737 0.976578 0.806471 0.917453 0.649510 0.840598 0.886992 0.968753 0.838415 0.989563 0.900802 0.883302 0.936445 0.875018 0.891784 0.933936 0.826550 0.862772 0.943562 0.909400 0.777656 0.964001 0.955281 0.886833 0.953548 0.923683 0.975282 0.830070 0.973227 0.919848 0.944816 0.917040 0.896755 0.973579 0.873071 0.995286
0.866704 0.997079 0.977315 0.866973 0.951018 0.719852 0.853715 0.775856 0.740520 0.809016 0.914365 0.709547 0.724692 0.754858 0.711546 0.000000 0.935286 0.998083 0.879315 0.903327 0.894038 0.957812 0.988995 0.821383 0.982542 0.955047 0.913190 0.958034 0.904515 0.899828 0.959010 0.916985 0.856172 0.940136 0.895325 0.746058 0.768580 0.977613 0.894366 0.936747 0.930010 0.989478 0.879964 0.929145 0.985411 0.984042 0.853988 0.821971 0.860942 0.982291 0.872780 0.993832 0.775200 0.909030 0.967736 0.850891 0.975217 0.992069 0.887228 0.977465 0.889913 0.887458 0.875619 0.851006 0.915821 0.890337 0.803474 0.763766 0.953811 0.972615 0.945292 0.878417 0.873615 0.909707 0.974423 0.936303 0.942380 0.894514 0.972553 0.973409 0.945453 0.947738 0.916798 0.824893 0.982380 0.855092 0.962576 0.960858 0.973411 0.965723 0.862531 0.979691 0.912965 0.989540 0.909164 0.977159 0.934095 0.953635 0.854414 0.944419 0.865009 0.853082 0.927748 0.842182 0.951574 0.976351 0.771222 0.881183 0.956536 0.980875 0.986461 0.986906 0.969551 0.895141 0.969550 0.968803
0.390627 0.444145 0.910265 0.889191 0.965618 0.768587 0.737911 0.664485 0.832156 0.582032 0.506525 0.608824 0.891172 0.782589 0.974035 0.935286 0.000000 0.314842 0.487329 0.507102 0.974365 0.976560 0.784609 0.766642 0.727583 0.719297 0.837319 0.785024 0.405434 0.443636 0.978905 0.856206 0.611491 0.555873 0.888546 0.908496 0.863122 0.895542 0.978549 0.890299 0.846200 0.970553 0.536264 0.499246 0.508712 0.537410 0.779710 0.584199 0.519271 0.570408 0.671600 0.703226 0.931140 0.915608 0.825314 0.887580 0.334750 0.464447 0.651885 0.889925 0.694439 0.863066 0.604541 0.511662 0.714779 0.941596 0.822301 0.771196 0.709409 0.636047 0.874082 0.829114 0.840507 0.741502 0.932948 0.760350 0.699852 0.797694 0.765170 0.635608 0.463283 0.622932 0.958161 0.833307 0.853105 0.841440 0.820416 0.715564 0.725922 0.836339 0.666709 0.705010 0.835583 0.977262 0.792179 0.868447 0.759621 0.986249 0.412993 0.414263 0.669130 0.830723 0.570483 0.702179 0.944686 0.987525 0.892697 0.850209 0.973527 0.959303 0.637033 0.644204 0.620886 0.968801 0.935771 0.995166
0.430899 0.437687 0.803679 0.775403 0.881537 0.765940 0.819127 0.768393 0.919826 0.609988 0.483909 0.596880 0.902759 0.757954 0.997940 0.998083 0.314842 0.000000 0.554492 0.447274 0.939840 0.981066 0.707541 0.737666 0.674837 0.606067 0.930116 0.763694 0.411987 0.414169 0.929437 0.872968 0.655344 0.568826 0.843749 0.881336 0.928871 0.925403 0.933201 0.988898 0.895626 0.990838 0.612203 0.514819 0.489090 0.484250 0.822784 0.575129 0.498660 0.542726 0.729177 0.687487 0.994360 0.994455 0.768027 0.914694 0.355119 0.462490 0.756799 0.940532 0.750114 0.905337 0.638045 0.552854 0.667163 0.908054 0.862553 0.792280 0.738734 0.644840 0.961531 0.956972 0.948715 0.763264 0.978376 0.790302 0.721074 0.767509 0.805047 0.699044 0.489464 0.587869 0.985634 0.848483 0.833842 0.824647 0.907988 0.748102 0.668414 0.795916 0.779317 0.787442 0.945874 0.989991 0.802496 0.873150 0.841699 0.952551 0.464094 0.484261 0.680008 0.931705 0.644450 0.770457 0.986407 0.920870 0.934151 0.867508 0.933203 0.982293 0.687343 0.595740 0.603454 0.946302 0.959595 0.956812
0.541545 0.659908 0.722612 0.774493 0.850684 0.788628 0.422096 0.461302 0.732639 0.516589 0.535079 0.704658 0.804691 0.631627 0.929307 0.879315 0.487329 0.554492 0.000000 0.614623 0.915424 0.995426 0.862690 0.978935 0.880534 0.833335 0.739801 0.825166 0.548997 0.560662 0.763939 0.613883 0.450824 0.431977 0.905834 0.899422 0.864285 0.932033 0.808469 0.955204 0.874861 0.890087 0.506226 0.562565 0.510999 0.581217 0.754143 0.552198 0.711968 0.704813 0.663896 0.678690 0.720505 0.678702 0.996820 0.992557 0.607410 0.741349 0.574016 0.892580 0.610444 0.916135 0.523041 0.706446 0.950222 0.921188 0.568143 0.593824 0.854066 0.809061 0.773760 0.861401 0.689983 0.666822 0.983711 0.683545 0.587476 0.698349 0.666146 0.656627 0.681487 0.691533 0.926380 0.962968 0.918426 0.964866 0.903687 0.784914 0.786491 0.862822 0.566562 0.533607 0.717495 0.765337 0.889576 0.855260 0.784543 0.957806 0.500001 0.462392 0.717645 0.572880 0.659333 0.782259 0.890273 0.825854 0.885385 0.824347 0.942688 0.921255 0.790776 0.702686 0.668302 0.996471 0.966243 0.939763
0.501820 0.472759 0.843663 0.966005 0.903940 0.798231 0.848519 0.725637 0.896730 0.649102 0.578033 0.628116 0.937863 0.798269 0.972098 0.903327 0.507102 0.447274 0.614623 0.000000 0.889376 0.851293 0.766665 0.901555 0.759094 0.711094 0.981036 0.819259 0.544708 0.599841 0.970979 0.833679 0.653595 0.663289 0.959651 0.951962 0.729915 0.857904 0.945897 0.955248 0.752572 0.949940 0.735728 0.648844 0.648718 0.662111 0.865601 0.671859 0.649367 0.640985 0.789046 0.767666 0.930948 0.966920 0.903406 0.988388 0.478976 0.489109 0.718402 0.819314 0.742861 0.802028 0.690180 0.572753 0.731481 0.981855 0.896074 0.838132 0.707359 0.640569 0.826176 0.893172 0.779121 0.691263 0.911403 0.876296 0.709591 0.738427 0.767127 0.780635 0.517796 0.623326 0.980272 0.813279 0.856947 0.861320 0.830742 0.788748 0.728225 0.864236 0.764247 0.707617 0.860220 0.980352 0.766238 0.989051 0.847520 0.910766 0.574624 0.620087 0.768069 0.917003 0.756356 0.713218 0.934287 0.967484 0.942184 0.841964 0.962206 0.978571 0.797859 0.709308 0.813315 0.916995 0.955657 0.967985
0.909559 0.905923 0.948263 0.989014 0.944678 0.976217 0.953273 0.789456 0.974821 0.824045 0.889460 0.772502 0.989869 0.731995 0.897290 0.894038 0.974365 0.939840 0.915424 0.889376 0.000000 0.985895 0.861154 0.880745 0.903682 0.883164 0.883558 0.897386 0.794553 0.842597 0.997895 0.945318 0.969371 0.982123 0.813296 0.877346 0.903538 0.950259 0.993806 0.887791 0.926504 0.988092 0.931218 0.999418 0.931153 0.895590 0.882519 0.977879 0.832830 0.936061 0.953180 0.958847 0.952580 0.973627 0.952727 0.833032 0.966057 0.933195 0.944045 0.907848 0.914581 0.734823 0.996795 0.827024 0.933468 0.970199 0.822823 0.969332 0.908855 0.997033 0.981302 0.916457 0.834561 0.975855 0.811238 0.891900 0.881174 0.952427 0.943404 0.971364 0.935677 0.950414 0.964669 0.908503 0.778849 0.719718 0.984725 0.871106 0.971580 0.968654 0.926873 0.898528 0.957810 0.904822 0.856558 0.955603 0.926395 0.926038 0.841539 0.982360 0.947257 0.946665 0.884208 0.876862 0.974821 0.946242 0.982374 0.985847 0.874108 0.895106 0.994649 0.842894 0.899700 0.843319 0.951492 0.876761
0.952427 0.850712 0.887628 0.999624 0.942492 0.927681 0.968719 0.924178 0.830344 0.886486 0.936661 0.908949 0.943364 0.969269 0.983258 0.957812 0.976560 0.981066 0.995426 0.851293 0.985895 0.000000 0.826814 0.884129 0.857238 0.881845 0.962425 0.883879 0.932313 0.933327 0.884187 0.925750 0.972430 0.967017 0.945798 0.994922 0.925921 0.948867 0.939933 0.992188 0.946642 0.924932 0.960203 0.973943 0.973892 0.965376 0.903491 0.894499 0.988209 0.920806 0.980411 0.884701 0.950121 0.987919 0.930442 0.895878 0.973655 0.903812 0.970396 0.994837 0.971860 0.912069 0.965162 0.855541 0.894873 0.920446 0.908440 0.967505 0.928845 0.995184 0.934720 0.997558 0.821764 0.955826 0.766808 0.947041 0.972717 0.975604 0.913601 0.976819 0.961972 0.954918 0.862251 0.917438 0.898359 0.900158 0.900010 0.905683 0.827926 0.879902 0.952249 0.965136 0.915247 0.965003 0.974043 0.728347 0.905937 0.906676 0.978326 0.986033 0.939922 0.908953 0.931798 0.993508 0.950815 0.963573 0.915006 0.884077 0.894636 0.923089 0.930267 0.860812 0.829087 0.899300 0.846253 0.916217
0.790367 0.672760 0.404697 0.477032 0.878792 0.833624 0.711687 0.936971 0.812366 0.795321 0.751680 0.548211 0.948206 0.944898 0.710221 0.988995 0.784609 0.707541 0.862690 0.766665 0.861154 0.826814 0.000000 0.368212 0.432207 0.538626 0.850645 0.735022 0.821992 0.707869 0.477231 0.682461 0.754000 0.953115 0.574124 0.900754 0.959085 0.949963 0.702700 0.888664 0.878904 0.949752 0.838501 0.952958 0.879033 0.787773 0.785487 0.922722 0.626925 0.810379 0.924610 0.976901 0.818482 0.858316 0.738585 0.869250 0.707336 0.680079 0.934501 0.827044 0.874540 0.682058 0.956633 0.550529 0.432786 0.685709 0.616483 0.854967 0.901824 0.781086 0.913357 0.857972 0.806752 0.908294 0.823489 0.881015 0.854768 0.841637 0.803605 0.929824 0.914776 0.981079 0.916312 0.743016 0.392060 0.442148 0.930151 0.872762 0.851237 0.849248 0.970109 0.979028 0.889235 0.761981 0.791735 0.954104 0.937479 0.716821 0.752113 0.959131 0.681055 0.850390 0.936482 0.785967 0.803131 0.789785 0.958504 0.824726 0.905305 0.955334 0.933358 0.780931 0.820456 0.881837 0.884221 0.967053
0.873893 0.793535 0.597300 0.506340 0.990700 0.851926 0.875349 0.874413 0.898090 0.760228 0.692724 0.631701 0.904232 0.930585 0.723459 0.821383 0.766642 0.737666 0.978935 0.901555 0.880745 0.884129 0.368212 0.000000 0.438888 0.542595 0.795942 0.731406 0.776729 0.686952 0.544850 0.682841 0.862551 0.939532 0.647286 0.984452 0.866882 0.885790 0.662365 0.979332 0.802755 0.975163 0.961578 0.890391 0.727974 0.702337 0.808340 0.984119 0.634218 0.763400 0.863931 0.912130 0.922165 0.944484 0.745620 0.840074 0.788254 0.795588 0.966780 0.771431 0.768282 0.754070 0.904955 0.641196 0.558170 0.783152 0.826109 0.951778 0.930145 0.835663 0.823199 0.740807 0.820309 0.825349 0.888366 0.922323 0.960392 0.887761 0.935960 0.971215 0.970964 0.939354 0.966828 0.835872 0.464898 0.473364 0.991229 0.849839 0.902002 0.832711 0.891444 0.933240 0.978939 0.891757 0.739310 0.984872 0.895368 0.797853 0.686006 0.853271 0.778707 0.988517 0.944123 0.844037 0.829613 0.931979 0.964095 0.783536 0.927044 0.947690 0.907864 0.752170 0.720524 0.771841 0.989103 0.991904
0.746111 0.763799 0.589771 0.557957 0.976235 0.743855 0.920740 0.716997 0.932851 0.517447 0.544963 0.510234 0.751796 0.821201 0.779517 0.982542 0.727583 0.674837 0.880534 0.759094 0.903682 0.857238 0.432207 0.438888 0.000000 0.394546 0.663095 0.638498 0.742277 0.588237 0.556662 0.791296 0.903970 0.851235 0.606670 0.911627 0.874602 0.819005 0.766869 0.843722 0.833252 0.956401 0.972538 0.845092 0.646073 0.624190 0.913687 0.883417 0.545803 0.817812 0.766964 0.896863 0.911675 0.920621 0.776821 0.939702 0.732944 0.766836 0.855852 0.875979 0.705201 0.754772 0.606045 0.484318 0.388047 0.579087 0.901432 0.976509 0.948975 0.849129 0.989482 0.950150 0.944377 0.907586 0.865100 0.985645 0.977617 0.989235 0.926382 0.966119 0.894622 0.839060 0.872367 0.787742 0.507204 0.512646 0.882289 0.918075 0.809842 0.809272 0.722289 0.763696 0.910422 0.994691 0.721813 0.934877 0.820456 0.773065 0.644969 0.768500 0.652462 0.919021 0.832339 0.650290 0.906803 0.921390 0.994863 0.984060 0.930352 0.850070 0.912408 0.703273 0.688883 0.768465 0.911637 0.878167
0.774671 0.681569 0.571294 0.547084 0.868026 0.710003 0.990127 0.817963 0.796411 0.561977 0.588312 0.526894 0.798527 0.800485 0.760592 0.955047 0.719297 0.606067 0.833335 0.711094 0.883164 0.881845 0.538626 0.542595 0.394546 0.000000 0.729677 0.635468 0.697814 0.533976 0.679109 0.858061 0.989390 0.877471 0.731683 0.896825 0.806645 0.891811 0.724421 0.840413 0.857087 0.992881 0.988837 0.878262 0.677972 0.625819 0.822052 0.908690 0.644167 0.827176 0.884211 0.969534 0.976986 0.950440 0.691068 0.937397 0.700471 0.679686 0.974339 0.954693 0.843841 0.877931 0.666321 0.588073 0.409360 0.609714 0.924207 0.951048 0.979631 0.879071 0.963818 0.965418 0.998062 0.792479 0.866527 0.963117 0.867225 0.909487 0.982383 0.976963 0.843381 0.732797 0.868652 0.864972 0.613905 0.661111 0.895968 0.940712 0.761383 0.736535 0.785800 0.786737 0.927433 0.993837 0.811476 0.948601 0.869258 0.825891 0.658176 0.744954 0.703316 0.946944 0.877204 0.702618 0.867645 0.764248 0.984679 0.926988 0.946045 0.948767 0.845764 0.694645 0.739060 0.801191 0.943642 0.890921
0.832233 0.908276 0.985419 0.969993 0.901000 0.747374 0.697260 0.626004 0.976217 0.632158 0.764967 0.685650 0.804933 0.878528 0.821050 0.913190 0.837319 0.930116 0.739801 0.981036 0.883558 0.962425 0.850645 0.795942 0.663095 0.729677 0.000000 0.804736 0.858779 0.744652 0.919876 0.928526 0.887041 0.850157 0.837313 0.848427 0.952281 0.970698 0.947291 0.881567 0.941526 0.914354 0.868014 0.910706 0.831908 0.808728 0.864089 0.950478 0.767284 0.987920 0.807224 0.926874 0.762082 0.816871 0.960208 0.930078 0.914269 0.939821 0.804785 0.945915 0.716610 0.835913 0.635304 0.671423 0.695736 0.767976 0.986454 0.886718 0.963651 0.912382 0.847110 0.863437 0.893663 0.914189 0.994972 0.881369 0.875576 0.881881 0.952178 0.912619 0.992121 0.894468 0.816080 0.826061 0.843938 0.750321 0.947075 0.933876 0.878578 0.981244 0.713801 0.747390 0.811321 0.947428 0.884394 0.960288 0.782393 0.887516 0.740183 0.751994 0.824184 0.749062 0.879418 0.741519 0.991216 0.881322 0.945581 0.930412 0.970148 0.999459 0.974045 0.933690 0.827027 0.964139 0.815746 0.979510
0.773865 0.798246 0.889742 0.806918 0.961843 0.952420 0.873538 0.765736 0.918876 0.724918 0.671657 0.709975 0.762630 0.732996 0.841781 0.958034 0.785024 0.763694 0.825166 0.819259 0.897386 0.883879 0.735022 0.731406 0.638498 0.635468 0.804736 0.000000 0.747789 0.621111 0.798679 0.957745 0.909841 0.794019 0.751778 0.984251 0.931782 0.969488 0.978993 0.892452 0.857472 0.946468 0.971830 0.833161 0.700662 0.719775 0.961286 0.890235 0.714312 0.855045 0.798689 0.858484 0.930937 0.875527 0.862063 0.928162 0.839680 0.831439 0.938245 0.891861 0.783341 0.840791 0.703406 0.745731 0.717719 0.878180 0.999228 0.910867 0.906649 0.955740 0.958946 0.942640 0.970412 0.780837 0.997850 0.924672 0.933121 0.830579 0.999538 0.802875 0.882516 0.792144 0.921389 0.907318 0.856728 0.829296 0.907327 0.967865 0.899172 0.702844 0.837822 0.829432 0.971331 0.948369 0.929961 0.889917 0.973008 0.862497 0.815474 0.754797 0.925038 0.905230 0.977872 0.923004 0.961766 0.874525 0.995008 0.929039 0.876123 0.846168 0.900206 0.841528 0.768494 0.874534 0.895809 0.969760
0.567403 0.612174 0.962009 0.898566 0.865205 0.756013 0.751213 0.672150 0.864260 0.594576 0.474964 0.648447 0.804090 0.612831 0.821033 0.904515 0.405434 0.411987 0.548997 0.544708 0.794553 0.932313 0.821992 0.776729 0.742277 0.697814 0.858779 0.747789 0.000000 0.395522 0.947676 0.882160 0.722762 0.628028 0.819452 0.899766 0.948591 0.991556 0.981373 0.939432 0.898439 0.881458 0.530569 0.501042 0.503186 0.527840 0.742678 0.564713 0.558558 0.620301 0.747549 0.713932 0.923815 0.951631 0.841835 0.917335 0.544375 0.649876 0.778486 0.895627 0.745226 0.860667 0.693674 0.667073 0.790775 0.966297 0.910458 0.807338 0.767234 0.803855 0.988615 0.949494 0.953754 0.828476 0.984670 0.749383 0.796686 0.761521 0.801859 0.685184 0.623500 0.731610 0.873098 0.854320 0.860439 0.782657 0.933297 0.809092 0.781262 0.782622 0.752488 0.810332 0.918413 0.953814 0.820129 0.876297 0.861342 0.915061 0.508571 0.539349 0.700874 0.801651 0.759382 0.857507 0.916022 0.986413 0.882408 0.839108 0.954755 0.987213 0.669874 0.720297 0.599150 0.890508 0.874827 0.984432
0.577324 0.578622 0.791476 0.760407 0.940284 0.716656 0.771661 0.617806 0.987481 0.514831 0.452553 0.539209 0.760197 0.639540 0.992793 0.899828 0.443636 0.414169 0.560662 0.599841 0.842597 0.933327 0.707869 0.686952 0.588237 0.533976 0.744652 0.621111 0.395522 0.000000 0.912847 0.958025 0.771410 0.641656 0.691278 0.851345 0.902615 0.958801 0.992717 0.996220 0.879284 0.900368 0.628340 0.525464 0.496374 0.493138 0.900992 0.603504 0.481786 0.665288 0.746966 0.749603 0.948668 0.915950 0.725552 0.998228 0.543661 0.643153 0.808725 0.912293 0.734804 0.841231 0.635516 0.572250 0.580892 0.809609 0.990232 0.831233 0.869199 0.872756 0.981698 0.941521 0.984388 0.840861 0.930624 0.859329 0.877325 0.881663 0.842284 0.641484 0.640050 0.687167 0.990193 0.883300 0.717752 0.650266 0.912835 0.837419 0.723192 0.645067 0.732003 0.807384 0.993052 0.966498 0.833877 0.955830 0.886125 0.953771 0.540010 0.599893 0.651680 0.761454 0.751042 0.778257 0.829541 0.869146 0.844761 0.998139 0.972200 0.953429 0.769625 0.742088 0.616669 0.924489 0.930211 0.910998
0.938720 0.908398 0.486734 0.517609 0.945795 0.993467 0.662008 0.882840 0.727357 0.975665 0.965428 0.739363 0.975329 0.922441 0.821890 0.959010 0.978905 0.929437 0.763939 0.970979 0.997895 0.884187 0.477231 0.544850 0.556662 0.679109 0.919876 0.798679 0.947676 0.912847 0.000000 0.574901 0.707107 0.790958 0.623246 0.952722 0.835477 0.970630 0.595359 0.803617 0.866581 0.946701 0.717567 0.885601 0.983285 0.955020 0.767438 0.863051 0.810199 0.971776 0.981662 0.916652 0.881405 0.858510 0.800072 0.885908 0.888035 0.849065 0.881857 0.933355 0.987116 0.854453 0.902721 0.715397 0.569354 0.704435 0.702296 0.850297 0.954997 0.936877 0.755705 0.775987 0.823373 0.804927 0.865553 0.723208 0.721566 0.797638 0.867290 0.793594 0.996874 0.954988 0.935412 0.802751 0.637312 0.678688 0.919435 0.956190 0.916074 0.974852 0.931300 0.895747 0.897598 0.779138 0.819379 0.972502 0.990198 0.798537 0.975844 0.943917 0.984998 0.742442 0.983163 0.869172 0.962242 0.777487 0.984547 0.757250 0.956433 0.948937 0.931683 0.936719 0.933198 0.844485 0.952598 0.961784
0.876728 0.910046 0.619247 0.652520 0.965757 0.983908 0.618690 0.781175 0.829745 0.871448 0.916939 0.914400 0.996946 0.906720 0.827080 0.916985 0.856206 0.872968 0.613883 0.833679 0.945318 0.925750 0.682461 0.682841 0.791296 0.858061 0.928526 0.957745 0.882160 0.958025 0.574901 0.000000 0.575459 0.607867 0.782346 0.976336 0.702275 0.953282 0.670513 0.749434 0.822761 0.894932 0.657232 0.792147 0.766290 0.819076 0.656749 0.654167 0.925206 0.767589 0.739018 0.679827 0.760571 0.717393 0.813079 0.993396 0.862452 0.951641 0.759974 0.990529 0.881666 0.932617 0.858844 0.928824 0.776791 0.780080 0.669065 0.691977 0.934608 0.939858 0.846550 0.784229 0.820866 0.736642 0.936248 0.708872 0.727203 0.592270 0.732661 0.716732 0.928393 0.835209 0.925810 0.893725 0.708373 0.734065 0.967848 0.913468 0.838477 0.886789 0.830375 0.795699 0.886149 0.784699 0.902457 0.944727 0.970560 0.999566 0.860025 0.781249 0.990396 0.820798 0.919945 0.946934 0.888945 0.783024 0.994130 0.762152 0.923594 0.976904 0.883397 0.861418 0.856777 0.906121 0.972065 0.969501
0.626216 0.658505 0.668105 0.723320 0.836569 0.937969 0.555694 0.670853 0.834068 0.824636 0.716392 0.906914 0.935340 0.830763 0.971575 0.856172 0.611491 0.655344 0.450824 0.653595 0.969371 0.972430 0.754000 0.862551 0.903970 0.989390 0.887041 0.909841 0.722762 0.771410 0.707107 0.575459 0.000000 0.486676 0.772609 0.893435 0.850037 0.803132 0.823489 0.859407 0.818673 0.954188 0.583965 0.662638 0.616722 0.709899 0.728633 0.646695 0.910410 0.735629 0.807027 0.743793 0.818939 0.795707 0.918447 0.996030 0.653668 0.747724 0.604626 0.837742 0.685822 0.938590 0.648009 0.834272 0.872273 0.737934 0.489980 0.481341 0.874158 0.826224 0.808203 0.847161 0.740913 0.699443 0.912688 0.724813 0.579958 0.643179 0.668968 0.622283 0.697877 0.667832 0.984688 0.920880 0.763254 0.777270 0.914936 0.810507 0.788223 0.980460 0.744357 0.680564 0.814632 0.791185 0.869681 0.795018 0.879288 0.877372 0.713287 0.628911 0.895685 0.686137 0.760513 0.893532 0.756968 0.788944 0.964413 0.901717 0.907178 0.923234 0.791833 0.904945 0.824635 0.968574 0.983167 0.924395
0.635482 0.649069 0.796769 0.894740 0.856187 0.793178 0.500483 0.573492 0.813698 0.576228 0.561416 0.779946 0.861386 0.769632 0.971409 0.940136 0.555873 0.568826 0.431977 0.663289 0.982123 0.967017 0.953115 0.939532 0.851235 0.877471 0.850157 0.794019 0.628028 0.641656 0.790958 0.607867 0.486676 0.000000 0.919108 0.888166 0.808562 0.960053 0.851125 0.972928 0.908595 0.935227 0.607843 0.577646 0.433139 0.520475 0.652332 0.568689 0.662036 0.606366 0.619264 0.576708 0.796207 0.666226 0.953921 0.998857 0.619657 0.753443 0.571743 0.852793 0.611581 0.862109 0.612455 0.750422 0.972214 0.859784 0.520309 0.472649 0.830280 0.757300 0.843670 0.915293 0.730630 0.687708 0.951245 0.640748 0.608599 0.615862 0.740946 0.704699 0.722226 0.725044 0.962255 0.914597 0.897250 0.990050 0.876407 0.861380 0.811303 0.894782 0.613123 0.627296 0.779799 0.733881 0.784680 0.838411 0.791304 0.936083 0.549242 0.557387 0.775980 0.668012 0.786826 0.882895 0.925165 0.801995 0.881335 0.800289 0.978163 0.960306 0.761075 0.660459 0.559287 0.963555 0.996256 0.873265
0.956167 0.949054 0.654175 0.640324 0.865184 0.887135 0.895165 0.945539 0.879340 0.832899 0.830707 0.743422 0.789888 0.806145 0.944057 0.895325 0.888546 0.843749 0.905834 0.959651 0.813296 0.945798 0.574124 0.647286 0.606670 0.731683 0.837313 0.751778 0.819452 0.691278 0.623246 0.782346 0.772609 0.919108 0.000000 0.887190 0.900521 0.924876 0.918191 0.970972 0.830214 0.895269 0.993288 0.872764 0.875912 0.808574 0.968257 0.998691 0.690275 0.898786 0.888867 0.904578 0.950845 0.984074 0.693604 0.944472 0.943948 0.986074 0.878548 0.939060 0.986668 0.871089 0.966150 0.853730 0.630806 0.713620 0.649522 0.775467 0.901303 0.986118 0.788152 0.911847 0.769989 0.881943 0.908239 0.997722 0.879158 0.886059 0.956288 0.972624 0.893548 0.874306 0.931711 0.905501 0.623418 0.576840 0.957927 0.925958 0.970719 0.756773 0.967858 0.887761 0.852764 0.774675 0.894673 0.917750 0.895682 0.836526 0.857276 0.992536 0.779672 0.905314 0.991760 0.829717 0.853430 0.843722 0.923059 0.919168 0.924879 0.967437 0.971630 0.830066 0.751358 0.809039 0.823583 0.968937
0.891940 0.986946 0.950939 0.982546 0.753725 0.840337 0.899515 0.880375 0.853457 0.889967 0.900358 0.875060 0.956597 0.888595 0.927796 0.746058 0.908496 0.881336 0.899422 0.951962 0.877346 0.994922 0.900754 0.984452 0.911627 0.896825 0.848427 0.984251 0.899766 0.851345 0.952722 0.976336 0.893435 0.888166 0.887190 0.000000 0.995859 0.902019 0.908520 0.869189 0.838887 0.977866 0.904806 0.946450 0.949676 0.965990 0.978401 0.928595 0.895124 0.968079 0.989658 0.977868 0.952160 0.979431 0.861216 0.939277 0.950607 0.973883 0.985196 0.854187 0.966618 0.929519 0.936938 0.910239 0.905016 0.812291 0.794495 0.755515 0.950717 0.990771 0.938662 0.906160 0.967500 0.995931 0.855887 0.957988 0.941826 0.945872 0.869215 0.965787 0.981569 0.940095 0.795897 0.900589 0.900655 0.803726 0.977815 0.924979 0.979006 0.947341 0.920937 0.846861 0.941429 0.977814 0.933242 0.901148 0.987189 0.995760 0.842718 0.844572 0.820562 0.921078 0.863558 0.909071 0.873708 0.990332 0.943668 0.987958 0.912012 0.914195 0.944936 0.916186 0.945975 0.981609 0.990976 0.903209
0.834154 0.823110 0.893799 0.677706 0.875911 0.972896 0.900872 0.802020 0.668628 0.929724 0.952612 0.892933 0.858135 0.944560 0.987578 0.768580 0.863122 0.928871 0.864285 0.729915 0.903538 0.925921 0.959085 0.866882 0.874602 0.806645 0.952281 0.931782 0.948591 0.902615 0.835477 0.702275 0.850037 0.808562 0.900521 0.995859 0.000000 0.698268 0.905954 0.825785 0.735127 0.979422 0.862928 0.945719 0.977120 0.921881 0.884979 0.913485 0.937662 0.886821 0.711316 0.792675 0.799867 0.770455 0.867939 0.922432 0.789414 0.804108 0.746075 0.714174 0.876306 0.771005 0.954464 0.862908 0.900642 0.757565 0.979330 0.952811 0.788898 0.766246 0.786341 0.732082 0.724298 0.741674 0.918465 0.848481 0.814633 0.807322 0.825137 0.953440 0.818447 0.914768 0.925388 0.842885 0.968273 0.969399 0.749722 0.916145 0.992307 0.785990 0.845286 0.841215 0.810834 0.822970 0.821842 0.986475 0.812044 0.897965 0.809064 0.897431 0.930666 0.895766 0.912089 0.872708 0.821408 0.817085 0.935003 0.756247 0.828086 0.888826 0.979753 0.944787 0.936280 0.962938 0.931648 0.920432
0.773590 0.721230 0.978385 0.756819 0.801292 0.913459 0.930047 0.912930 0.951747 0.934580 0.794213 0.938051 0.770348 0.966639 0.812087 0.977613 0.895542 0.925403 0.932033 0.857904 0.950259 0.948867 0.949963 0.885790 0.819005 0.891811 0.970698 0.969488 0.991556 0.958801 0.970630 0.953282 0.803132 0.960053 0.924876 0.902019 0.698268 0.000000 0.877964 0.931386 0.781895 0.946239 0.917699 0.994062 0.943562 0.943226 0.970356 0.960885 0.991561 0.914423 0.851437 0.887780 0.974487 0.946191 0.873370 0.910080 0.798695 0.757582 0.890984 0.802695 0.979642 0.744984 0.965542 0.812576 0.984058 0.759901 0.993316 0.941597 0.830134 0.894201 0.912221 0.756089 0.894580 0.879735 0.883074 0.965532 0.777684 0.898852 0.924548 0.942369 0.842602 0.915639 0.953768 0.884001 0.956301 0.896078 0.936637 0.921333 0.913595 0.816305 0.996395 0.918828 0.987906 0.964601 0.941904 0.946857 0.922556 0.945097 0.960636 0.993851 0.955693 0.968055 0.784413 0.880261 0.743725 0.870349 0.969454 0.986563 0.920210 0.903466 0.972734 0.962606 0.975471 0.969099 0.957736 0.775278
