0.000000 0.255585 0.592189 0.730793 0.921898 0.854627 0.516389 0.487383 0.994638 0.648545 0.304179 0.296051 0.445387 0.502831 0.528832 0.532750 0.303431 0.238089 0.364618 0.300919 0.815939 0.807854 0.418546 0.786131 0.847320 0.800978 0.925095 0.982040 0.269875 0.286117 0.447177 0.423250 0.380708 0.332759 0.759171 0.819647 0.517214 0.716624 0.779229 0.749594 0.763946 0.723177 0.553252 0.480833 0.561889 0.503081 0.525761 0.435158 0.667129 0.663112 0.689502 0.725831 0.703059 0.886409 0.673033 0.747554 0.336044 0.318624 0.490026 0.473692 0.350689 0.553759 0.268990 0.295867 0.834122 0.813109 0.627085 0.553600 0.360346 0.340233 0.489832 0.555441 0.478494 0.527245 0.766042 0.848404 0.515308 0.622009 0.525187 0.350047 0.269897 0.331503 0.538546 0.611252 0.713131 0.788235 0.824355 0.793579 0.921266 0.778057 0.920169 0.880509 0.863771 0.964470 0.544659 0.639527 0.563851 0.737466 0.548028 0.570652 0.810038 0.617450 0.532891 0.594029 0.550891 0.573557 0.853360 0.854944 0.997002 0.712241 0.753418 0.642266 0.607017 0.662969 0.816430 0.873071
0.255585 0.000000 0.750983 0.839838 0.924558 0.928743 0.578390 0.518864 0.984619 0.557160 0.365169 0.350515 0.630416 0.665421 0.633066 0.630192 0.194603 0.205550 0.397615 0.325382 0.911585 0.753671 0.476878 0.907553 0.984753 0.974165 0.816122 0.960929 0.289050 0.273212 0.507324 0.491459 0.412732 0.380655 0.847457 0.723663 0.651547 0.681624 0.915840 0.934474 0.910900 0.585760 0.508277 0.442685 0.494396 0.471477 0.574757 0.444566 0.515160 0.627486 0.649391 0.696830 0.690562 0.844180 0.836597 0.873780 0.196951 0.184158 0.491439 0.495984 0.492468 0.670786 0.235579 0.209845 0.973735 0.979972 0.659287 0.609176 0.431819 0.330752 0.411582 0.464926 0.494349 0.513339 0.770739 0.763793 0.508705 0.428119 0.494726 0.423064 0.237596 0.431369 0.543080 0.641022 0.872215 0.986568 0.698056 0.665107 0.967877 0.911616 0.835877 0.816137 0.792925 0.980551 0.560789 0.690889 0.568379 0.601946 0.486561 0.476338 0.758475 0.586819 0.416199 0.487363 0.525413 0.509246 0.736058 0.795218 0.937532 0.796285 0.661657 0.597016 0.609564 0.697990 0.783839 0.931397
0.592189 0.750983 0.000000 0.228684 0.962607 0.599332 0.246556 0.351944 0.644465 0.685157 0.614484 0.677800 0.524523 0.554991 0.631596 0.558517 0.795488 0.667666 0.526139 0.582280 0.653832 0.809447 0.366127 0.401063 0.596269 0.366612 0.876752 0.971194 0.819451 0.713540 0.392276 0.455757 0.401529 0.415201 0.575232 0.636735 0.626485 0.718807 0.513967 0.715312 0.914845 0.885948 0.391867 0.419779 0.454455 0.451134 0.399584 0.403366 0.726049 0.623504 0.593824 0.593637 0.621487 0.787565 0.640293 0.606716 0.869755 0.839021 0.561891 0.565866 0.457055 0.521678 0.741467 0.825841 0.424096 0.410523 0.292569 0.357982 0.814072 0.669453 0.501330 0.470339 0.660279 0.568685 0.765907 0.830557 0.513820 0.831686 0.617739 0.494808 0.714440 0.559991 0.842472 0.809360 0.626070 0.548238 0.845076 0.992402 0.810374 0.649379 0.574560 0.641926 0.523720 0.505555 0.679428 0.705414 0.397768 0.782078 0.541807 0.534181 0.578094 0.628018 0.689903 0.713738 0.476640 0.567314 0.707892 0.660517 0.947089 0.805701 0.842784 0.674581 0.595132 0.686397 0.684687 0.900369
0.730793 0.839838 0.228684 0.000000 0.936818 0.633201 0.328856 0.366332 0.701377 0.718917 0.708086 0.785112 0.640709 0.581872 0.675211 0.571928 0.889210 0.751741 0.570981 0.644669 0.673622 0.798715 0.425182 0.414808 0.620426 0.358027 0.796747 0.944750 0.861941 0.790911 0.494040 0.517712 0.457415 0.492958 0.592094 0.563832 0.670065 0.779942 0.570358 0.815738 0.972914 0.870474 0.451677 0.471558 0.530455 0.523916 0.432964 0.477185 0.725976 0.635077 0.660035 0.643038 0.679664 0.814976 0.675716 0.655757 0.938563 0.921965 0.591550 0.643342 0.629872 0.571882 0.874923 0.954667 0.440513 0.383221 0.325482 0.395867 0.867366 0.767012 0.499605 0.480808 0.757520 0.625819 0.868404 0.858455 0.522754 0.843816 0.679516 0.583622 0.825292 0.594869 0.905139 0.807369 0.663351 0.515889 0.877447 0.910740 0.813380 0.576504 0.529213 0.600680 0.493039 0.443240 0.780506 0.647842 0.448386 0.705157 0.591164 0.512471 0.551399 0.658633 0.751238 0.710089 0.510106 0.651246 0.738350 0.724354 0.936745 0.860445 0.840272 0.700049 0.583306 0.645994 0.756904 0.817031
0.921898 0.924558 0.962607 0.936818 0.000000 0.947822 0.961372 0.898403 0.938374 0.993610 0.998513 0.992647 0.975715 0.857445 0.892812 0.969980 0.864258 0.924276 0.989979 0.880461 0.919381 0.976883 0.944701 0.953668 0.991522 0.984158 0.868281 0.916661 0.995720 0.980307 0.935900 0.916021 0.990608 0.977495 0.980788 0.925513 0.760663 0.996915 0.900335 0.955551 0.910734 0.982599 0.889462 0.937086 0.864321 0.824663 0.990725 0.917271 0.737410 0.806660 0.845392 0.831168 0.856870 0.795624 0.951605 0.839799 0.887581 0.873482 0.878884 0.878753 0.913945 0.840892 0.857561 0.879758 0.921583 0.851205 0.881155 0.859665 0.957847 0.953726 0.828859 0.855639 0.996361 0.992444 0.948152 0.963306 0.970953 0.963090 0.869759 0.973501 0.842954 0.904533 0.830733 0.980546 0.897180 0.910851 0.882311 0.996562 0.941737 0.992985 0.851426 0.925361 0.845033 0.949326 0.991769 0.955562 0.972211 0.787285 0.934075 0.800789 0.900100 0.977122 0.970040 0.902639 0.899063 0.972255 0.840442 0.975050 0.708198 0.960753 0.921143 0.783384 0.770437 0.925249 0.921279 0.934681
0.854627 0.928743 0.599332 0.633201 0.947822 0.000000 0.596693 0.775622 0.784311 0.750511 0.896687 0.753751 0.593033 0.729691 0.665619 0.514531 0.998540 0.893140 0.695567 0.793333 0.788962 0.769480 0.638999 0.614830 0.840597 0.582510 0.833856 0.639806 0.932508 0.864693 0.721409 0.752242 0.669354 0.608792 0.818387 0.912824 0.975346 0.972221 0.744438 0.862281 0.956569 0.998861 0.651377 0.614711 0.828161 0.845602 0.848064 0.707724 0.970569 0.799138 0.834543 0.756460 0.799977 0.825246 0.897284 0.916128 0.931728 0.971473 0.877807 0.905214 0.825477 0.955133 0.921955 0.989054 0.792236 0.804042 0.745016 0.820526 0.963931 0.767610 0.807627 0.727620 0.828195 0.660217 0.781790 0.769675 0.791300 0.852756 0.804478 0.630406 0.902152 0.759367 0.962877 0.988258 0.810391 0.734756 0.845747 0.810155 0.988747 0.950532 0.693714 0.681182 0.741722 0.640009 0.784213 0.702276 0.701482 0.867177 0.772433 0.758780 0.944519 0.779934 0.848874 0.816655 0.730506 0.839993 0.898935 0.819007 0.962086 0.761339 0.938109 0.910340 0.753941 0.906068 0.890477 0.966921
0.516389 0.578390 0.246556 0.328856 0.961372 0.596693 0.000000 0.216515 0.543488 0.402660 0.556507 0.629014 0.501448 0.661258 0.657601 0.594359 0.647492 0.552112 0.389649 0.459594 0.745807 0.780908 0.287857 0.582515 0.866259 0.581168 0.931777 0.927075 0.670862 0.561695 0.323429 0.460286 0.296286 0.253889 0.615813 0.541213 0.639159 0.726256 0.720456 0.801739 0.957712 0.781956 0.214191 0.236041 0.259412 0.277672 0.391439 0.319167 0.481348 0.407239 0.403065 0.391699 0.430356 0.571688 0.737608 0.648073 0.660525 0.632411 0.352360 0.427545 0.400498 0.549358 0.539416 0.602539 0.669131 0.634626 0.273877 0.346957 0.831871 0.568419 0.326876 0.297846 0.667274 0.492017 0.849233 0.729107 0.369864 0.665634 0.481704 0.475159 0.609383 0.607111 0.874248 0.869287 0.841354 0.814417 0.965344 0.830176 0.898810 0.874603 0.372364 0.404885 0.392303 0.391279 0.629643 0.590303 0.325423 0.643916 0.279329 0.299928 0.445323 0.418787 0.452001 0.471253 0.366788 0.400133 0.502918 0.528316 0.810242 0.791649 0.672647 0.500776 0.431194 0.546533 0.619880 0.880625
0.487383 0.518864 0.351944 0.366332 0.898403 0.775622 0.216515 0.000000 0.551726 0.361244 0.462852 0.580031 0.570535 0.648102 0.729279 0.673513 0.577949 0.504679 0.415260 0.402192 0.877330 0.785453 0.375562 0.699845 0.987236 0.715828 0.860347 0.867183 0.564424 0.525928 0.439819 0.471333 0.348139 0.321256 0.718602 0.553109 0.667162 0.779585 0.844597 0.906563 0.921232 0.672873 0.324732 0.360572 0.329082 0.358595 0.491448 0.425384 0.467318 0.471824 0.501013 0.493148 0.528768 0.640958 0.809323 0.679755 0.580515 0.546254 0.351680 0.436345 0.442011 0.482010 0.504539 0.524678 0.781600 0.680693 0.358933 0.418681 0.752902 0.524750 0.316035 0.355695 0.706869 0.599811 0.886935 0.831364 0.401868 0.662466 0.545001 0.546738 0.574429 0.580536 0.867136 0.871133 0.926618 0.898147 0.955144 0.791651 0.862020 0.820211 0.373365 0.422536 0.388852 0.436593 0.599567 0.613268 0.327383 0.542562 0.266232 0.270346 0.390433 0.407733 0.408133 0.426809 0.378889 0.416524 0.511924 0.556665 0.829259 0.773173 0.614005 0.458234 0.371614 0.514629 0.658419 0.913802
0.994638 0.984619 0.644465 0.701377 0.938374 0.784311 0.543488 0.551726 0.000000 0.430481 0.883833 0.956199 0.771979 0.992771 0.976335 0.941587 0.931169 0.913768 0.879121 0.916055 0.978224 0.843522 0.820946 0.991852 0.807166 0.972868 0.818780 0.884672 0.944139 0.961928 0.757847 0.934373 0.835405 0.735035 0.980465 0.772550 0.958707 0.919538 0.969098 0.866901 0.811779 0.933362 0.614033 0.650319 0.621877 0.608572 0.841654 0.794245 0.571382 0.501071 0.499453 0.501336 0.479120 0.498299 0.917558 0.972622 0.893290 0.963471 0.527343 0.679951 0.739961 0.794186 0.908399 0.910647 0.959032 0.969370 0.761130 0.856797 0.855209 0.898765 0.743022 0.722970 0.916412 0.974358 0.980564 0.907188 0.772625 0.816875 0.862728 0.870268 0.878076 0.769487 0.729264 0.720244 0.701867 0.779251 0.926757 0.789385 0.890305 0.949281 0.517278 0.562083 0.637260 0.515219 0.829725 0.884522 0.677755 0.857149 0.543715 0.573888 0.712409 0.598901 0.627435 0.663630 0.760072 0.728815 0.583912 0.553223 0.950482 0.950682 0.802383 0.759384 0.657241 0.853327 0.661505 0.819996
0.648545 0.557160 0.685157 0.718917 0.993610 0.750511 0.402660 0.361244 0.430481 0.000000 0.608046 0.638154 0.567892 0.776562 0.774348 0.763481 0.668788 0.684096 0.488066 0.496489 0.991979 0.756076 0.534767 0.958268 0.633283 0.897005 0.722620 0.909463 0.592026 0.545815 0.601029 0.647140 0.528688 0.451917 0.966775 0.667162 0.850119 0.900381 0.970413 0.924642 0.834073 0.645139 0.429659 0.452292 0.475881 0.501682 0.703995 0.579994 0.390450 0.448362 0.498928 0.492879 0.514269 0.552087 0.955250 0.954869 0.665934 0.615628 0.419272 0.594497 0.650047 0.850135 0.536296 0.535473 0.741188 0.834548 0.747904 0.849413 0.829305 0.554791 0.494577 0.519205 0.801702 0.692317 0.903414 0.701736 0.513195 0.549418 0.555094 0.662863 0.681279 0.874497 0.934837 0.914809 0.698781 0.662155 0.713121 0.647494 0.967926 0.810929 0.457832 0.374777 0.567089 0.571583 0.699122 0.703285 0.498626 0.605384 0.295174 0.335809 0.554209 0.401730 0.352905 0.413367 0.659146 0.535401 0.543673 0.504316 0.823398 0.807986 0.722342 0.593215 0.472927 0.706898 0.770506 0.837510
0.304179 0.365169 0.614484 0.708086 0.998513 0.896687 0.556507 0.462852 0.883833 0.608046 0.000000 0.397455 0.469455 0.547217 0.648107 0.629432 0.459599 0.388866 0.411739 0.354672 0.927755 0.809386 0.553463 0.855898 0.940652 0.870325 0.919154 0.958621 0.396614 0.392273 0.547118 0.553925 0.469568 0.469596 0.868791 0.788746 0.607359 0.792901 0.876389 0.790511 0.788957 0.768924 0.647867 0.602111 0.620692 0.569012 0.689254 0.619606 0.688043 0.707416 0.747180 0.763328 0.727638 0.882798 0.750827 0.751338 0.484026 0.442571 0.537920 0.569827 0.456953 0.606730 0.372376 0.412494 0.918181 0.867396 0.696854 0.636120 0.435566 0.461777 0.534204 0.540848 0.560400 0.643554 0.802574 0.906556 0.515676 0.623797 0.616668 0.462498 0.415209 0.445545 0.717262 0.752889 0.870128 0.941289 0.929887 0.708630 0.903499 0.862347 0.837438 0.842568 0.796446 0.914898 0.690723 0.727623 0.632033 0.804822 0.575434 0.579571 0.789064 0.601101 0.515542 0.605900 0.582867 0.645184 0.862661 0.842383 0.912659 0.775950 0.750605 0.716850 0.616650 0.648150 0.820880 0.992426
0.296051 0.350515 0.677800 0.785112 0.992647 0.753751 0.629014 0.580031 0.956199 0.638154 0.397455 0.000000 0.348002 0.434608 0.448105 0.346029 0.373582 0.325900 0.445095 0.434292 0.860274 0.801913 0.407266 0.698903 0.895599 0.822499 0.987075 0.915064 0.318175 0.309165 0.562652 0.491953 0.446899 0.427618 0.933952 0.955111 0.709232 0.904424 0.847476 0.858299 0.933066 0.794023 0.618672 0.541427 0.717160 0.600434 0.688639 0.504221 0.748477 0.655845 0.701905 0.681662 0.707521 0.748987 0.818693 0.913098 0.497766 0.425559 0.610791 0.595095 0.372261 0.552780 0.286182 0.326715 0.877930 0.822354 0.792068 0.704626 0.537931 0.422785 0.606429 0.597763 0.439077 0.451756 0.675902 0.716689 0.603165 0.555563 0.560220 0.408489 0.363409 0.401717 0.605060 0.655612 0.703109 0.776737 0.789560 0.922243 0.976212 0.818121 0.923723 0.930605 0.933783 0.908846 0.583523 0.726042 0.637668 0.760629 0.658346 0.603734 0.878731 0.653390 0.630823 0.750989 0.542655 0.588048 0.871197 0.926732 0.938461 0.679810 0.867371 0.699740 0.638878 0.778566 0.760917 0.991272
0.445387 0.630416 0.524523 0.640709 0.975715 0.593033 0.501448 0.570535 0.771979 0.567892 0.469455 0.348002 0.000000 0.398591 0.452754 0.340982 0.716551 0.621366 0.462021 0.569850 0.764044 0.872074 0.407968 0.561077 0.881586 0.719878 0.895700 0.961250 0.531248 0.478157 0.582074 0.566643 0.501063 0.474020 0.968952 0.931967 0.731571 0.982294 0.725415 0.722283 0.966225 0.981225 0.601019 0.545106 0.751346 0.604841 0.638365 0.535161 0.771662 0.586047 0.659073 0.614640 0.644469 0.699270 0.745527 0.749086 0.842144 0.720322 0.589642 0.629619 0.370310 0.618729 0.491484 0.591015 0.784608 0.784843 0.801677 0.758645 0.641232 0.570158 0.683553 0.643700 0.551831 0.589055 0.842977 0.732080 0.627183 0.732195 0.605844 0.444177 0.635182 0.518580 0.789466 0.777202 0.737674 0.750606 0.895211 0.957943 0.774950 0.876228 0.865244 0.819427 0.949333 0.875952 0.699353 0.758592 0.618352 0.846535 0.664942 0.647294 0.844561 0.620379 0.688532 0.786401 0.663976 0.711942 0.924589 0.924357 0.881244 0.633740 0.981136 0.840597 0.661583 0.783830 0.815771 0.935709
0.502831 0.665421 0.554991 0.581872 0.857445 0.729691 0.661258 0.648102 0.992771 0.776562 0.547217 0.434608 0.398591 0.000000 0.314154 0.324569 0.741452 0.574784 0.438080 0.481719 0.723381 0.741934 0.432376 0.486432 0.780190 0.672968 0.930021 0.860691 0.503538 0.465348 0.572470 0.476516 0.505090 0.524639 0.961205 0.950480 0.784254 0.992148 0.646391 0.785606 0.964285 0.851377 0.720135 0.689003 0.931706 0.815839 0.620391 0.668012 0.993958 0.963927 0.983834 0.947471 0.936979 0.925996 0.691779 0.875898 0.847396 0.826480 0.834269 0.911346 0.607528 0.724728 0.704455 0.742724 0.704934 0.697891 0.841236 0.825573 0.600711 0.584580 0.757632 0.777791 0.559875 0.664673 0.784954 0.755319 0.644114 0.802432 0.703761 0.507074 0.655705 0.413305 0.657528 0.537657 0.613056 0.587629 0.954889 0.915775 0.917528 0.701096 0.978954 0.953474 0.998750 0.993930 0.702788 0.764100 0.715785 0.767681 0.844193 0.756185 0.833604 0.738327 0.828055 0.873194 0.764183 0.812250 0.926939 0.927438 0.882698 0.742742 0.978552 0.886006 0.764862 0.805166 0.879293 0.966792
0.528832 0.633066 0.631596 0.675211 0.892812 0.665619 0.657601 0.729279 0.976335 0.774348 0.648107 0.448105 0.452754 0.314154 0.000000 0.353933 0.646354 0.521606 0.443303 0.505024 0.767814 0.755273 0.427946 0.529806 0.796448 0.693857 0.939768 0.774266 0.528318 0.404752 0.479618 0.443825 0.491440 0.495292 0.971627 0.955217 0.789574 0.974455 0.696868 0.810342 0.939860 0.946547 0.654303 0.607893 0.881409 0.784799 0.679453 0.601660 0.994138 0.877788 0.954013 0.869738 0.908989 0.986512 0.870015 0.986183 0.804783 0.771147 0.792246 0.870018 0.635531 0.858345 0.666442 0.699963 0.840412 0.833352 0.828794 0.811002 0.604848 0.638199 0.718591 0.720612 0.502682 0.576235 0.797308 0.723716 0.648982 0.669145 0.501568 0.564031 0.633536 0.505157 0.667033 0.578743 0.754973 0.685216 0.893084 0.928258 0.952108 0.909891 0.999101 0.982354 0.933867 0.964322 0.693569 0.760274 0.689053 0.766014 0.800864 0.718424 0.893478 0.799765 0.806763 0.836432 0.754982 0.822645 0.949936 0.918623 0.953585 0.739488 0.985255 0.858574 0.793750 0.838834 0.894603 0.983627
0.532750 0.630192 0.558517 0.571928 0.969980 0.514531 0.594359 0.673513 0.941587 0.763481 0.629432 0.346029 0.340982 0.324569 0.353933 0.000000 0.657724 0.562670 0.437602 0.551273 0.703221 0.721440 0.353670 0.393231 0.692692 0.612913 0.875705 0.738539 0.560988 0.471470 0.558347 0.478146 0.451764 0.433023 0.946343 0.929361 0.793090 0.985448 0.714999 0.807537 0.955959 0.965693 0.579616 0.509744 0.826262 0.678393 0.610346 0.519400 0.912001 0.709312 0.789616 0.701718 0.776089 0.803683 0.702415 0.904058 0.832548 0.753025 0.704168 0.776057 0.525092 0.674422 0.606634 0.677345 0.657390 0.646245 0.751210 0.726893 0.714726 0.559345 0.678722 0.641508 0.547848 0.506608 0.731799 0.686762 0.649266 0.729751 0.593946 0.462257 0.646670 0.466573 0.721547 0.620203 0.591953 0.535267 0.795454 0.896858 0.962766 0.761756 0.912653 0.884108 0.967114 0.978100 0.720767 0.673453 0.657489 0.756369 0.758771 0.654007 0.913643 0.709641 0.795951 0.863013 0.621818 0.687783 0.965303 0.998921 0.886728 0.671651 0.999681 0.798969 0.688943 0.822044 0.851305 0.931397
0.303431 0.194603 0.795488 0.889210 0.864258 0.998540 0.647492 0.577949 0.931169 0.668788 0.459599 0.373582 0.716551 0.741452 0.646354 0.657724 0.000000 0.206032 0.457068 0.372721 0.895540 0.758703 0.533616 0.909273 0.917668 0.964845 0.851016 0.945983 0.338101 0.314853 0.541108 0.496725 0.459714 0.431822 0.854327 0.772748 0.704028 0.681938 0.936075 0.960124 0.873761 0.635497 0.548612 0.524526 0.546077 0.530192 0.611149 0.463866 0.596649 0.679925 0.704545 0.755869 0.773631 0.891210 0.877344 0.927298 0.212940 0.226542 0.525967 0.568481 0.537805 0.698273 0.266531 0.262211 0.995388 0.947387 0.681984 0.629829 0.450393 0.384148 0.501924 0.546194 0.493316 0.536836 0.744023 0.820926 0.580412 0.504437 0.508557 0.527133 0.232641 0.451334 0.486274 0.673926 0.823586 0.948267 0.738504 0.678975 0.945120 0.948166 0.922387 0.904193 0.881584 0.934798 0.634786 0.730323 0.626463 0.662032 0.588767 0.553274 0.813818 0.692763 0.503277 0.564649 0.544435 0.529938 0.799326 0.862078 0.911802 0.797602 0.740249 0.624350 0.669257 0.704232 0.790520 0.934550
0.238089 0.205550 0.667666 0.751741 0.924276 0.893140 0.552112 0.504679 0.913768 0.684096 0.388866 0.325900 0.621366 0.574784 0.521606 0.562670 0.206032 0.000000 0.352814 0.269836 0.841354 0.737404 0.410777 0.772579 0.860047 0.834194 0.920399 0.940168 0.270028 0.243556 0.464515 0.437851 0.380741 0.327451 0.757119 0.819492 0.623149 0.691246 0.830941 0.917059 0.765187 0.680699 0.506570 0.457080 0.541489 0.521935 0.606122 0.419032 0.654995 0.685676 0.741953 0.762234 0.765748 0.894822 0.815221 0.869076 0.233664 0.241025 0.551794 0.553336 0.481402 0.655159 0.271604 0.264814 0.902949 0.862587 0.615889 0.538764 0.471659 0.408684 0.445800 0.487745 0.467413 0.470644 0.799902 0.712690 0.510568 0.494332 0.507768 0.404911 0.242146 0.326813 0.482050 0.586891 0.728751 0.821680 0.811534 0.782171 0.944146 0.850475 0.829490 0.825438 0.772131 0.961327 0.556293 0.715468 0.609506 0.629722 0.543918 0.515496 0.783416 0.627808 0.499257 0.561458 0.480750 0.518348 0.771153 0.892890 0.963639 0.773410 0.762350 0.555013 0.617152 0.628119 0.818448 0.876231
0.364618 0.397615 0.526139 0.570981 0.989979 0.695567 0.389649 0.415260 0.879121 0.488066 0.411739 0.445095 0.462021 0.438080 0.443303 0.437602 0.457068 0.352814 0.000000 0.263592 0.740849 0.647389 0.339410 0.649176 0.871201 0.791980 0.896564 0.906811 0.332636 0.295893 0.369684 0.345559 0.305325 0.259490 0.888008 0.686141 0.627015 0.786266 0.757149 0.921061 0.962377 0.668244 0.413096 0.394687 0.529849 0.508639 0.503579 0.421113 0.612728 0.615501 0.712339 0.692833 0.744591 0.859153 0.892286 0.855002 0.484755 0.491799 0.473329 0.606393 0.569652 0.837956 0.423767 0.502034 0.942923 0.925969 0.610067 0.688406 0.544003 0.394799 0.440034 0.475425 0.540442 0.502136 0.802269 0.728141 0.461209 0.529390 0.504310 0.446809 0.487707 0.473154 0.771113 0.777161 0.909400 0.900130 0.793938 0.822153 0.988732 0.980980 0.711510 0.638400 0.746026 0.782539 0.741439 0.586245 0.546155 0.589976 0.460468 0.416894 0.653225 0.504053 0.458933 0.485481 0.566440 0.581786 0.808930 0.765184 0.928430 0.766989 0.763145 0.617464 0.502036 0.574170 0.848312 0.980531
0.300919 0.325382 0.582280 0.644669 0.880461 0.793333 0.459594 0.402192 0.916055 0.496489 0.354672 0.434292 0.569850 0.481719 0.505024 0.551273 0.372721 0.269836 0.263592 0.000000 0.825781 0.663403 0.412767 0.746210 0.971165 0.844424 0.802105 0.887418 0.328655 0.258952 0.419479 0.354655 0.358125 0.290447 0.822850 0.738311 0.635377 0.703060 0.786643 0.938218 0.817754 0.654224 0.468434 0.437981 0.553040 0.574647 0.581049 0.477087 0.669520 0.708771 0.785213 0.784758 0.769037 0.925324 0.881034 0.916598 0.391487 0.389978 0.518501 0.636178 0.589677 0.784978 0.411298 0.406848 0.997689 0.951031 0.640848 0.658163 0.492934 0.397153 0.465122 0.485581 0.546104 0.527943 0.741064 0.741481 0.459311 0.558182 0.507944 0.445173 0.421424 0.414209 0.722281 0.768722 0.944671 0.953116 0.740475 0.739037 0.970724 0.903270 0.725992 0.635285 0.724976 0.802413 0.597300 0.652550 0.540825 0.563394 0.454091 0.448289 0.653179 0.512859 0.397610 0.450294 0.555247 0.562623 0.784536 0.755232 0.973078 0.763006 0.695881 0.610303 0.559809 0.565051 0.828935 0.989118
0.815939 0.911585 0.653832 0.673622 0.919381 0.788962 0.745807 0.877330 0.978224 0.991979 0.927755 0.860274 0.764044 0.723381 0.767814 0.703221 0.895540 0.841354 0.740849 0.825781 0.000000 0.874935 0.659447 0.618723 0.597620 0.649026 0.771640 0.860819 0.998070 0.866340 0.725810 0.699681 0.766124 0.730718 0.799350 0.876014 0.791103 0.901395 0.549398 0.849732 0.880031 0.957444 0.788245 0.789232 0.857418 0.816782 0.598953 0.688864 0.980857 0.970440 0.964253 0.995372 0.981716 0.865888 0.861284 0.841553 0.874973 0.954139 0.864354 0.894305 0.805140 0.896106 0.861752 0.977571 0.651552 0.732748 0.726452 0.777359 0.909818 0.815850 0.935650 0.890312 0.792377 0.816132 0.769474 0.846610 0.901924 0.983360 0.884090 0.784570 0.903178 0.732455 0.806728 0.701751 0.707733 0.658832 0.942576 0.919315 0.909085 0.830222 0.944779 0.952744 0.969728 0.990364 0.969607 0.699788 0.807347 0.933408 0.982632 0.863834 0.948673 0.983172 0.875139 0.990146 0.997455 0.953858 0.901864 0.933047 0.997060 0.881356 0.908130 0.909413 0.996012 0.994017 0.886522 0.931992
0.807854 0.753671 0.809447 0.798715 0.976883 0.769480 0.780908 0.785453 0.843522 0.756076 0.809386 0.801913 0.872074 0.741934 0.755273 0.721440 0.758703 0.737404 0.647389 0.663403 0.874935 0.000000 0.745124 0.863113 0.939613 0.917062 0.817658 0.795119 0.776854 0.717643 0.689018 0.686113 0.685747 0.700356 0.839647 0.773992 0.903812 0.662760 0.941378 0.984615 0.874232 0.840205 0.721220 0.729996 0.780427 0.804527 0.868382 0.764220 0.837963 0.852199 0.921679 0.864973 0.878703 0.912899 0.976750 0.999624 0.855952 0.853923 0.792787 0.941796 0.969807 0.926362 0.838744 0.859834 0.977923 0.993283 0.850076 0.912085 0.856330 0.728517 0.729960 0.725969 0.779742 0.749202 0.903475 0.874124 0.826637 0.770150 0.876116 0.751018 0.820364 0.837180 0.945374 0.966544 0.938811 0.990233 0.876529 0.812907 0.927161 0.909001 0.779433 0.827901 0.841742 0.859850 0.872009 0.809056 0.856740 0.690396 0.740807 0.730026 0.880813 0.754277 0.663959 0.592789 0.801498 0.863438 0.957428 0.898678 0.910880 0.858110 0.877477 0.854610 0.824111 0.825918 0.999907 0.901091
0.418546 0.476878 0.366127 0.425182 0.944701 0.638999 0.287857 0.375562 0.820946 0.534767 0.553463 0.407266 0.407968 0.432376 0.427946 0.353670 0.533616 0.410777 0.339410 0.412767 0.659447 0.745124 0.000000 0.441407 0.763284 0.547326 0.997587 0.945037 0.508260 0.367391 0.288455 0.314729 0.226249 0.231678 0.735730 0.702025 0.631774 0.816595 0.664641 0.850079 0.974671 0.765929 0.299792 0.282336 0.434937 0.379327 0.398608 0.316464 0.607689 0.548522 0.557850 0.517151 0.583748 0.695381 0.679932 0.756984 0.589804 0.555331 0.501017 0.546608 0.383537 0.605826 0.436337 0.493634 0.673423 0.674152 0.439692 0.445927 0.734032 0.480921 0.402166 0.373799 0.498290 0.346047 0.786191 0.671625 0.388669 0.616813 0.425082 0.435554 0.482821 0.441337 0.632599 0.648738 0.668886 0.672454 0.902944 0.934215 0.980259 0.847696 0.628025 0.644609 0.651479 0.755742 0.619709 0.602853 0.421860 0.646598 0.456960 0.413038 0.678875 0.548328 0.528679 0.597023 0.412430 0.455009 0.617114 0.800229 0.920375 0.693805 0.731164 0.582801 0.488750 0.661451 0.701147 0.947659
0.786131 0.907553 0.401063 0.414808 0.953668 0.614830 0.582515 0.699845 0.991852 0.958268 0.855898 0.698903 0.561077 0.486432 0.529806 0.393231 0.909273 0.772579 0.649176 0.746210 0.618723 0.863113 0.441407 0.000000 0.532853 0.429819 0.809265 0.930874 0.930011 0.730602 0.596747 0.524773 0.564737 0.609229 0.793593 0.875987 0.833241 0.977366 0.502088 0.810057 0.949121 0.926710 0.673224 0.669178 0.856570 0.799913 0.604713 0.604872 0.953748 0.929694 0.952529 0.905191 0.976392 0.983918 0.764210 0.786246 0.969901 0.969656 0.943359 0.954229 0.692724 0.755908 0.947081 0.999801 0.451004 0.461912 0.619983 0.624996 0.927148 0.845211 0.753020 0.697355 0.684440 0.608523 0.877312 0.786802 0.728107 0.928066 0.746763 0.646839 0.846111 0.558858 0.765838 0.614707 0.512164 0.425823 0.864818 0.718487 0.836067 0.714198 0.828316 0.870959 0.839575 0.844703 0.802923 0.846277 0.654285 0.778125 0.882884 0.792994 0.822819 0.914158 0.965055 0.954173 0.770124 0.793375 0.926482 0.970065 0.996180 0.809765 0.962419 0.921183 0.844039 0.901177 0.942816 0.932176
0.847320 0.984753 0.596269 0.620426 0.991522 0.840597 0.866259 0.987236 0.807166 0.633283 0.940652 0.895599 0.881586 0.780190 0.796448 0.692692 0.917668 0.860047 0.871201 0.971165 0.597620 0.939613 0.763284 0.532853 0.000000 0.361332 0.556704 0.792668 0.963294 0.976036 0.691414 0.700457 0.759692 0.854775 0.568685 0.887370 0.805764 0.779053 0.486992 0.735370 0.907555 0.918110 0.904868 0.866388 0.913797 0.866161 0.682386 0.719694 0.836927 0.947273 0.995344 0.962915 0.926331 0.791214 0.708350 0.842409 0.973666 0.950831 0.991397 0.909473 0.804302 0.761673 0.982869 0.892862 0.356043 0.428630 0.624259 0.616506 0.847187 0.949838 0.985235 0.954319 0.695352 0.746622 0.773191 0.858335 0.933115 0.914201 0.947260 0.748408 0.891609 0.660926 0.634501 0.707345 0.405734 0.351691 0.759799 0.721796 0.975763 0.583501 0.770689 0.653582 0.873411 0.885753 0.897208 0.926690 0.886744 0.846732 0.795328 0.885425 0.923256 0.878199 0.771992 0.769135 0.870147 0.987954 0.849749 0.816674 0.874624 0.951311 0.963171 0.856324 0.889159 0.944388 0.908480 0.923591
0.800978 0.974165 0.366612 0.358027 0.984158 0.582510 0.581168 0.715828 0.972868 0.897005 0.870325 0.822499 0.719878 0.672968 0.693857 0.612913 0.964845 0.834194 0.791980 0.844424 0.649026 0.917062 0.547326 0.429819 0.361332 0.000000 0.580877 0.848538 0.985457 0.930467 0.565612 0.596227 0.594808 0.661331 0.528398 0.784490 0.815711 0.822252 0.452759 0.655011 0.928967 0.950361 0.650642 0.629844 0.740285 0.720633 0.553106 0.597907 0.971212 0.840693 0.809687 0.803069 0.837626 0.979470 0.611520 0.650443 0.943708 0.944961 0.837349 0.785103 0.685704 0.663491 0.958396 0.925273 0.289816 0.307120 0.418939 0.451272 0.936103 0.851785 0.771251 0.640889 0.690414 0.608023 0.792877 0.944835 0.783528 0.983918 0.820332 0.623560 0.848538 0.554366 0.723634 0.739299 0.427822 0.303711 0.781370 0.678821 0.841457 0.509227 0.835224 0.950271 0.776036 0.695227 0.850589 0.829612 0.666890 0.954069 0.927415 0.832210 0.834463 0.842780 0.956174 0.988445 0.586094 0.822219 0.908622 0.982480 0.913390 0.887774 0.993744 0.953217 0.816405 0.868846 0.857277 0.914492
0.925095 0.816122 0.876752 0.796747 0.868281 0.833856 0.931777 0.860347 0.818780 0.722620 0.919154 0.987075 0.895700 0.930021 0.939768 0.875705 0.851016 0.920399 0.896564 0.802105 0.771640 0.817658 0.997587 0.809265 0.556704 0.580877 0.000000 0.748399 0.887912 0.787594 0.848635 0.938688 0.957817 0.871745 0.898511 0.869215 0.905281 0.904411 0.792684 0.827179 0.926614 0.864943 0.889055 0.898665 0.848400 0.915553 0.969135 0.990896 0.938708 0.930797 0.930869 0.905529 0.919030 0.848360 0.750487 0.799861 0.804982 0.796679 0.888282 0.962979 0.991117 0.937138 0.882345 0.746715 0.573964 0.622421 0.920832 0.938154 0.978440 0.927451 0.821129 0.839227 0.951074 0.976319 0.873530 0.946881 0.899427 0.770152 0.930076 0.934034 0.938644 0.812191 0.806477 0.844014 0.493350 0.501389 0.797449 0.595151 0.918848 0.629010 0.828477 0.838721 0.945862 0.974023 0.839840 0.978858 0.810133 0.663199 0.702171 0.793701 0.835660 0.874011 0.602367 0.677821 0.959806 0.804535 0.758868 0.712779 0.853917 0.956785 0.670645 0.778122 0.839887 0.890690 0.907829 0.960136
0.982040 0.960929 0.971194 0.944750 0.916661 0.639806 0.927075 0.867183 0.884672 0.909463 0.958621 0.915064 0.961250 0.860691 0.774266 0.738539 0.945983 0.940168 0.906811 0.887418 0.860819 0.795119 0.945037 0.930874 0.792668 0.848538 0.748399 0.000000 0.979683 0.940546 0.980816 0.885035 0.923324 0.929134 0.874620 0.954267 0.909671 0.980740 0.883438 0.906512 0.894945 0.998815 0.994288 0.959420 0.892295 0.957879 0.976494 0.996974 0.930155 0.969820 0.931384 0.969869 0.962165 0.931138 0.976321 0.841532 0.990587 0.971723 0.988100 0.928137 0.902795 0.844171 0.970796 0.973556 0.978877 0.967894 0.954453 0.921311 0.870571 0.900361 0.988582 0.863935 0.981241 0.896168 0.828318 0.956785 0.982217 0.988073 0.967885 0.861979 0.974892 0.891980 0.909073 0.978667 0.891668 0.837306 0.766614 0.936554 0.735473 0.871097 0.863956 0.912389 0.825595 0.904119 0.813436 0.841371 0.956011 0.990507 0.930678 0.953171 0.774314 0.889373 0.906372 0.987850 0.989343 0.907694 0.833879 0.786620 0.831035 0.935724 0.929305 0.844711 0.950461 0.932234 0.992001 0.954393
0.269875 0.289050 0.819451 0.861941 0.995720 0.932508 0.670862 0.564424 0.944139 0.592026 0.396614 0.318175 0.531248 0.503538 0.528318 0.560988 0.338101 0.270028 0.332636 0.328655 0.998070 0.776854 0.508260 0.930011 0.963294 0.985457 0.887912 0.979683 0.000000 0.225909 0.554206 0.482961 0.486633 0.417459 0.968589 0.902899 0.617334 0.806085 0.929583 0.993805 0.828994 0.643220 0.630896 0.573352 0.698223 0.641843 0.728411 0.562460 0.649992 0.708654 0.796399 0.795251 0.809943 0.879702 0.834688 0.885966 0.355598 0.346967 0.595675 0.612012 0.558275 0.762283 0.316975 0.300985 0.881120 0.939864 0.843012 0.815490 0.412525 0.345741 0.530885 0.629272 0.489694 0.556785 0.797193 0.757299 0.561931 0.487432 0.620160 0.480632 0.323201 0.433117 0.638937 0.687651 0.909013 0.988233 0.718096 0.781832 0.945656 0.910599 0.928413 0.835341 0.942904 0.951644 0.641943 0.719221 0.659851 0.684393 0.587720 0.586215 0.820417 0.573336 0.525173 0.581681 0.644272 0.635972 0.896304 0.906930 0.981413 0.664893 0.752971 0.621318 0.607098 0.616434 0.906986 0.873880
0.286117 0.273212 0.713540 0.790911 0.980307 0.864693 0.561695 0.525928 0.961928 0.545815 0.392273 0.309165 0.478157 0.465348 0.404752 0.471470 0.314853 0.243556 0.295893 0.258952 0.866340 0.717643 0.367391 0.730602 0.976036 0.930467 0.787594 0.940546 0.225909 0.000000 0.406851 0.372945 0.348170 0.318290 0.895515 0.833899 0.627315 0.753504 0.785931 0.962969 0.873111 0.683280 0.492233 0.445545 0.608565 0.567631 0.638531 0.472183 0.670014 0.666259 0.752069 0.723388 0.761908 0.847710 0.850349 0.908617 0.371112 0.333904 0.593453 0.609203 0.505854 0.763481 0.309490 0.289203 0.935893 0.991281 0.750882 0.707781 0.426555 0.347890 0.468525 0.523172 0.397645 0.398902 0.826271 0.680974 0.500526 0.462651 0.469979 0.445532 0.331780 0.400159 0.604805 0.642214 0.916554 0.966924 0.748068 0.731483 0.915044 0.974579 0.851951 0.786914 0.899435 0.962740 0.576314 0.690968 0.554915 0.579221 0.519263 0.489570 0.732967 0.556249 0.468356 0.559350 0.619062 0.533118 0.796284 0.832478 0.907797 0.690691 0.736861 0.572469 0.570288 0.594264 0.872402 0.976546
0.447177 0.507324 0.392276 0.494040 0.935900 0.721409 0.323429 0.439819 0.757847 0.601029 0.547118 0.562652 0.582074 0.572470 0.479618 0.558347 0.541108 0.464515 0.369684 0.419479 0.725810 0.689018 0.288455 0.596747 0.691414 0.565612 0.848635 0.980816 0.554206 0.406851 0.000000 0.288730 0.251773 0.271759 0.626868 0.632533 0.585669 0.668751 0.583777 0.769411 0.937488 0.762304 0.293050 0.277277 0.353026 0.357795 0.397629 0.348294 0.587557 0.586158 0.545990 0.544072 0.573515 0.755244 0.763114 0.793934 0.603979 0.609111 0.489179 0.558604 0.470716 0.709645 0.503605 0.543903 0.763941 0.767667 0.415238 0.467294 0.706105 0.497272 0.397985 0.384099 0.423125 0.358488 0.752324 0.778012 0.431762 0.612364 0.469162 0.436891 0.547645 0.588283 0.644625 0.751070 0.868995 0.826935 0.990073 0.788871 0.972585 0.897449 0.688333 0.754702 0.755379 0.791781 0.657614 0.671966 0.412156 0.670878 0.437936 0.467963 0.677331 0.533407 0.514418 0.523708 0.477386 0.521419 0.604348 0.678138 0.879273 0.800654 0.595286 0.620181 0.499674 0.601622 0.606159 0.935954
0.423250 0.491459 0.455757 0.517712 0.916021 0.752242 0.460286 0.471333 0.934373 0.647140 0.553925 0.491953 0.566643 0.476516 0.443825 0.478146 0.496725 0.437851 0.345559 0.354655 0.699681 0.686113 0.314729 0.524773 0.700457 0.596227 0.938688 0.885035 0.482961 0.372945 0.288730 0.000000 0.318997 0.354282 0.692317 0.718295 0.597667 0.773519 0.618990 0.881406 0.969049 0.681385 0.455337 0.463231 0.566525 0.602244 0.507544 0.479856 0.757676 0.816190 0.812067 0.815107 0.865387 0.996046 0.799023 0.884212 0.573103 0.595540 0.640854 0.746156 0.580890 0.794859 0.534875 0.581232 0.792025 0.792499 0.573551 0.624502 0.624912 0.480353 0.545183 0.525655 0.445591 0.443248 0.726072 0.838664 0.566072 0.628583 0.535629 0.529458 0.504218 0.483514 0.664300 0.744783 0.815409 0.776644 0.878388 0.924542 0.997228 0.879626 0.831652 0.833455 0.844210 0.880332 0.728259 0.679176 0.471062 0.645501 0.568006 0.585698 0.736355 0.642129 0.563897 0.562782 0.579129 0.622875 0.784579 0.819473 0.967620 0.685078 0.759158 0.656994 0.610774 0.680548 0.749975 0.901108
0.380708 0.412732 0.401529 0.457415 0.990608 0.669354 0.296286 0.348139 0.835405 0.528688 0.469568 0.446899 0.501063 0.505090 0.491440 0.451764 0.459714 0.380741 0.305325 0.358125 0.766124 0.685747 0.226249 0.564737 0.759692 0.594808 0.957817 0.923324 0.486633 0.348170 0.251773 0.318997 0.000000 0.217067 0.691262 0.590205 0.598495 0.691435 0.695524 0.865890 0.990223 0.708754 0.266547 0.250160 0.332986 0.326179 0.346256 0.326857 0.523123 0.529817 0.527197 0.503271 0.564060 0.725664 0.687085 0.692352 0.528084 0.496916 0.456122 0.498907 0.410202 0.579772 0.404111 0.481147 0.700379 0.685171 0.379398 0.421854 0.675050 0.417667 0.340376 0.363380 0.477062 0.346517 0.794635 0.741725 0.375122 0.625122 0.432614 0.420189 0.447787 0.446760 0.636728 0.713291 0.727407 0.735172 0.879895 0.802175 0.952194 0.840878 0.603817 0.642169 0.613186 0.731614 0.642204 0.613859 0.406942 0.590721 0.390639 0.375409 0.565394 0.473278 0.504973 0.528744 0.361798 0.410936 0.666148 0.674569 0.927500 0.751640 0.630297 0.571626 0.421900 0.608277 0.628199 0.897457
0.332759 0.380655 0.415201 0.492958 0.977495 0.608792 0.253889 0.321256 0.735035 0.451917 0.469596 0.427618 0.474020 0.524639 0.495292 0.433023 0.431822 0.327451 0.259490 0.290447 0.730718 0.700356 0.231678 0.609229 0.854775 0.661331 0.871745 0.929134 0.417459 0.318290 0.271759 0.354282 0.217067 0.000000 0.692787 0.666571 0.582103 0.710492 0.716132 0.878711 0.912327 0.741691 0.268248 0.225950 0.355509 0.337714 0.423493 0.319800 0.505500 0.470015 0.510473 0.504172 0.545827 0.692497 0.736905 0.752856 0.470003 0.453671 0.382845 0.482624 0.416565 0.647160 0.367471 0.417471 0.806091 0.785424 0.426575 0.453043 0.650453 0.378386 0.344326 0.354426 0.539748 0.398393 0.825552 0.675325 0.395564 0.556308 0.412340 0.374567 0.424571 0.451572 0.684420 0.711004 0.811877 0.810392 0.779242 0.763168 0.971532 0.921824 0.584648 0.550996 0.616843 0.686898 0.534181 0.570265 0.420428 0.565590 0.345964 0.342121 0.639680 0.440862 0.415698 0.458625 0.382198 0.394868 0.633213 0.644202 0.891253 0.693600 0.651256 0.519608 0.428554 0.558393 0.689913 0.984946
0.759171 0.847457 0.575232 0.592094 0.980788 0.818387 0.615813 0.718602 0.980465 0.966775 0.868791 0.933952 0.968952 0.961205 0.971627 0.946343 0.854327 0.757119 0.888008 0.822850 0.799350 0.839647 0.735730 0.793593 0.568685 0.528398 0.898511 0.874620 0.968589 0.895515 0.626868 0.692317 0.691262 0.692787 0.000000 0.686164 0.690029 0.658975 0.656713 0.859786 0.878022 0.962024 0.648058 0.655307 0.546456 0.632248 0.687820 0.631234 0.869072 0.768124 0.732119 0.757709 0.802790 0.895494 0.738694 0.768892 0.790854 0.777031 0.769047 0.660942 0.711667 0.658952 0.800032 0.831093 0.613089 0.603193 0.444578 0.405323 0.899051 0.910023 0.666982 0.621087 0.813720 0.667448 0.966579 0.954683 0.794013 0.895386 0.821268 0.744184 0.765452 0.740924 0.856698 0.881361 0.744429 0.706552 0.788784 0.999185 0.971148 0.711307 0.734426 0.938259 0.708928 0.699275 0.779158 0.850201 0.665276 0.902806 0.724334 0.777833 0.775179 0.873346 0.887678 0.798342 0.593102 0.677341 0.777575 0.830738 0.867200 0.922508 0.683208 0.763710 0.853731 0.802441 0.871175 0.813902
0.819647 0.723663 0.636735 0.563832 0.925513 0.912824 0.541213 0.553109 0.772550 0.667162 0.788746 0.955111 0.931967 0.950480 0.955217 0.929361 0.772748 0.819492 0.686141 0.738311 0.876014 0.773992 0.702025 0.875987 0.887370 0.784490 0.869215 0.954267 0.902899 0.833899 0.632533 0.718295 0.590205 0.666571 0.686164 0.000000 0.758502 0.574349 0.877026 0.900207 0.923306 0.856929 0.544635 0.573329 0.449819 0.564835 0.528330 0.612852 0.605608 0.652095 0.692380 0.700379 0.781897 0.890092 0.798975 0.838665 0.760153 0.730291 0.609588 0.657750 0.831065 0.738142 0.805464 0.814346 0.782210 0.746293 0.430225 0.524663 0.894293 0.750245 0.452147 0.494879 0.865012 0.793878 0.883270 0.840398 0.555871 0.714145 0.757643 0.853740 0.752078 0.815319 0.877861 0.896106 0.992000 0.918804 0.858395 0.863716 0.889955 0.843781 0.570295 0.656553 0.545807 0.601683 0.911587 0.643189 0.640201 0.636017 0.536473 0.482135 0.531241 0.640565 0.694200 0.591295 0.619348 0.613920 0.724743 0.661125 0.855142 0.976637 0.675482 0.675353 0.611544 0.661214 0.671982 0.807120
0.517214 0.651547 0.626485 0.670065 0.760663 0.975346 0.639159 0.667162 0.958707 0.850119 0.607359 0.709232 0.731571 0.784254 0.789574 0.793090 0.704028 0.623149 0.627015 0.635377 0.791103 0.903812 0.631774 0.833241 0.805764 0.815711 0.905281 0.909671 0.617334 0.627315 0.585669 0.597667 0.598495 0.582103 0.690029 0.758502 0.000000 0.672756 0.679060 0.877810 0.804201 0.904500 0.705576 0.642753 0.649714 0.645520 0.627322 0.591993 0.846307 0.753831 0.778665 0.820279 0.859488 0.945504 0.800713 0.808435 0.678427 0.691689 0.679129 0.650464 0.623471 0.709517 0.650695 0.688615 0.821027 0.817531 0.655381 0.612533 0.731200 0.683147 0.624930 0.717757 0.683115 0.678051 0.906407 0.922286 0.583035 0.740421 0.742900 0.688704 0.685970 0.678739 0.841817 0.859254 0.877427 0.868754 0.896889 0.761293 0.969955 0.833492 0.940840 0.879342 0.882640 0.902178 0.820014 0.702125 0.732277 0.871227 0.696127 0.741639 0.943824 0.768481 0.627508 0.745459 0.633300 0.726695 0.919199 0.832959 0.931539 0.762967 0.734501 0.690294 0.741174 0.798681 0.761539 0.802959
0.716624 0.681624 0.718807 0.779942 0.996915 0.972221 0.726256 0.779585 0.919538 0.900381 0.792901 0.904424 0.982294 0.992148 0.974455 0.985448 0.681938 0.691246 0.786266 0.703060 0.901395 0.662760 0.816595 0.977366 0.779053 0.822252 0.904411 0.980740 0.806085 0.753504 0.668751 0.773519 0.691435 0.710492 0.658975 0.574349 0.672756 0.000000 0.762967 0.921239 0.927747 0.872030 0.668227 0.630253 0.530955 0.606897 0.638946 0.647783 0.706853 0.629134 0.637529 0.676707 0.685180 0.799728 0.811429 0.778656 0.676927 0.686341 0.695243 0.644412 0.774914 0.822445 0.708811 0.730256 0.845547 0.838996 0.578863 0.593374 0.743404 0.663575 0.595355 0.646478 0.674614 0.673550 0.853612 0.977738 0.784268 0.758240 0.814155 0.798311 0.695961 0.779027 0.874067 0.986724 0.934269 0.923554 0.883313 0.774963 0.975413 0.951039 0.852774 0.859958 0.790695 0.853400 0.860194 0.719422 0.713864 0.759488 0.728838 0.713662 0.766379 0.737383 0.664532 0.694178 0.744778 0.678364 0.818930 0.776048 0.959793 0.957239 0.639303 0.734311 0.821495 0.659841 0.826703 0.832621
