0.000000 0.401163 0.864039 0.700520 0.956518 0.819382 0.897560 0.800926 0.617242 0.823415 0.471131 0.426844 0.563401 0.472557 0.764556 0.811558 0.474282 0.361253 0.485052 0.387807 0.707409 0.981515 0.757976 0.703573 0.853526 0.925706 0.922087 0.875638 0.688051 0.626420 0.937339 0.774936 0.559463 0.622424 0.939152 0.956866 0.883784 0.832979 0.786937 0.892970 0.868008 0.822442 0.839054 0.843185 0.961683 0.905607 0.827440 0.706748 0.874851 0.849168 0.983485 0.958034 0.886316 0.754720 0.750876 0.785196 0.330267 0.360544 0.686366 0.697303 0.782624 0.989606 0.533597 0.496437 0.977296 0.974677 0.779080 0.870979 0.379135 0.550168 0.918633 0.905216 0.875440 0.852565 0.788328 0.844873 0.877369 0.895409 0.689679 0.627514 0.427071 0.460870 0.474486 0.460824 0.521740 0.577067 0.887214 0.822405 0.829673 0.588647 0.798458 0.693958 0.849420 0.735329 0.934192 0.883103 0.974456 0.911054 0.953403 0.932946 0.967566 0.937408 0.895882 0.679696 0.904368 0.704045 0.913431 0.995814 0.966154 0.752812 0.918251 0.913255 0.939790 0.737903 0.932394 0.772298
0.401163 0.000000 0.757672 0.551700 0.870583 0.869284 0.822679 0.631216 0.875077 0.978206 0.683890 0.458052 0.665191 0.483133 0.774279 0.700053 0.576713 0.501369 0.543781 0.439379 0.788398 0.886319 0.770737 0.713992 0.819421 0.812296 0.909637 0.915164 0.751933 0.766176 0.837610 0.793445 0.626195 0.622795 0.933881 0.999210 0.728976 0.670276 0.673939 0.919495 0.901978 0.746056 0.916047 0.695307 0.964578 0.840950 0.816319 0.759647 0.820747 0.779280 0.879369 0.848685 0.915290 0.953629 0.855904 0.755848 0.309059 0.308259 0.821566 0.866502 0.835132 0.790446 0.722603 0.605703 0.875493 0.989318 0.877105 0.932444 0.486168 0.488238 0.862016 0.903888 0.921916 0.820353 0.814281 0.884705 0.709233 0.912033 0.645562 0.657391 0.475799 0.540064 0.606649 0.539407 0.627564 0.696710 0.956272 0.988885 0.803593 0.617081 0.998195 0.872849 0.973617 0.899336 0.855413 0.979894 0.902538 0.932963 0.988955 0.969549 0.927702 0.934323 0.960982 0.780092 0.940575 0.799328 0.881772 0.847989 0.973878 0.717884 0.815495 0.976166 0.938455 0.629921 0.959724 0.825561
0.864039 0.757672 0.000000 0.525152 0.993751 0.836410 0.797970 0.749123 0.689831 0.991565 0.994027 0.812967 0.607062 0.805832 0.555201 0.547439 0.922187 0.958929 0.821990 0.796201 0.773929 0.933574 0.565578 0.650066 0.533629 0.606923 0.763508 0.865077 0.953672 0.934318 0.626130 0.662243 0.885779 0.859076 0.763950 0.930932 0.614413 0.824300 0.775237 0.758509 0.878675 0.886809 0.810396 0.782226 0.940331 0.990209 0.840292 0.834851 0.926654 0.938951 0.999290 0.898043 0.966741 0.957492 0.881476 0.986984 0.838076 0.817276 0.995212 0.963237 0.793760 0.569028 0.853916 0.934226 0.489754 0.591937 0.985267 0.902647 0.817146 0.899005 0.727070 0.774615 0.844633 0.867702 0.991130 0.971072 0.606064 0.799480 0.956149 0.771452 0.957718 0.956747 0.856469 0.949041 0.840663 0.725132 0.922985 0.753259 0.754353 0.815046 0.929707 0.957353 0.901137 0.919730 0.745305 0.822653 0.762815 0.955072 0.955302 0.855872 0.711294 0.939061 0.939255 0.894809 0.969922 0.830094 0.834070 0.921456 0.812151 0.901152 0.976393 0.948900 0.886123 0.840259 0.622894 0.917553
0.700520 0.551700 0.525152 0.000000 0.964595 0.988352 0.814780 0.495699 0.933850 0.985191 0.918341 0.576246 0.703169 0.616835 0.727138 0.548675 0.915885 0.819371 0.707292 0.750307 0.659702 0.820992 0.649221 0.526344 0.521971 0.542002 0.725884 0.989082 0.966793 0.918165 0.725613 0.694173 0.791245 0.774268 0.864565 0.936171 0.580658 0.674456 0.634444 0.832650 0.946948 0.759935 0.980727 0.791082 0.774741 0.881418 0.995634 0.937990 0.806612 0.953173 0.902054 0.949085 0.877995 0.849351 0.962413 0.924394 0.594138 0.582893 0.990598 0.965415 0.891947 0.621707 0.989108 0.847644 0.613611 0.663289 0.999495 0.992174 0.682371 0.734436 0.848313 0.810542 0.991044 0.998950 0.995720 0.959222 0.706229 0.937501 0.822024 0.934517 0.945575 0.901736 0.779768 0.797984 0.900966 0.671377 0.991482 0.835938 0.769829 0.650686 0.871051 0.771325 0.954683 0.879385 0.839319 0.807358 0.966172 0.862193 0.916398 0.970546 0.785541 0.872070 0.864466 0.963150 0.833611 0.790596 0.851081 0.999205 0.946333 0.871326 0.912399 0.828690 0.895274 0.752267 0.734479 0.930612
0.956518 0.870583 0.993751 0.964595 0.000000 0.899180 0.770211 0.912596 0.944357 0.919938 0.883141 0.915099 0.826960 0.984678 0.889589 0.983809 0.976041 0.965665 0.914843 0.887651 0.906345 0.973079 0.864668 0.960315 0.933555 0.994235 0.949904 0.937460 0.937662 0.893909 0.769040 0.984238 0.940943 0.852626 0.927949 0.792138 0.949706 0.873003 0.988532 0.944864 0.901844 0.835892 0.948299 0.959504 0.978988 0.963952 0.985414 0.969477 0.944670 0.944381 0.978883 0.997861 0.923056 0.925975 0.846133 0.947807 0.788367 0.884057 0.816423 0.827775 0.736877 0.875851 0.861409 0.911517 0.967315 0.798443 0.792423 0.726341 0.977256 0.806486 0.820324 0.887740 0.821097 0.749735 0.994382 0.962098 0.965046 0.745936 0.929290 0.954142 0.938481 0.906204 0.961525 0.979869 0.959424 0.932593 0.946917 0.929901 0.812732 0.964492 0.965717 0.952210 0.944171 0.921387 0.958901 0.863037 0.933890 0.951326 0.882262 0.804907 0.894524 0.827551 0.846038 0.863658 0.732215 0.715596 0.944750 0.979681 0.836321 0.953864 0.894832 0.917831 0.982210 0.793494 0.780253 0.960115
0.819382 0.869284 0.836410 0.988352 0.899180 0.000000 0.954480 0.980800 0.760636 0.867397 0.912415 0.876542 0.958783 0.831574 0.920800 0.863060 0.829929 0.794240 0.811154 0.881608 0.858983 0.857185 0.980581 0.979097 0.944347 0.872782 0.896448 0.770116 0.952035 0.984110 0.850555 0.987148 0.888511 0.919096 0.975765 0.915708 0.895486 0.975520 0.970753 0.818574 0.717837 0.867642 0.874645 0.921216 0.906191 0.891968 0.843082 0.848505 0.882283 0.865983 0.903911 0.938637 0.993407 0.970551 0.973958 0.792752 0.749762 0.806472 0.876696 0.930868 0.984207 0.839772 0.805857 0.845398 0.935519 0.855962 0.861200 0.949267 0.878893 0.923457 0.807321 0.828274 0.756101 0.785836 0.927838 0.847533 0.902254 0.802039 0.919431 0.931473 0.804121 0.817080 0.861453 0.762232 0.807160 0.852844 0.777255 0.939886 0.987680 0.813385 0.997175 0.944807 0.974091 0.867859 0.962224 0.937794 0.913885 0.927173 0.965768 0.972104 0.968973 0.875751 0.918218 0.789132 0.913432 0.926488 0.964575 0.894794 0.876339 0.892374 0.977568 0.980281 0.942103 0.963811 0.970700 0.796954
0.897560 0.822679 0.797970 0.814780 0.770211 0.954480 0.000000 0.357814 0.787028 0.478243 0.867631 0.708376 0.654632 0.919252 0.809956 0.971867 0.746883 0.805193 0.660337 0.991231 0.819341 0.946340 0.765643 0.785957 0.718670 0.832484 0.809553 0.628554 0.732040 0.775225 0.602414 0.893212 0.575519 0.466335 0.869664 0.853344 0.914637 0.749781 0.824700 0.818089 0.884557 0.980377 0.492684 0.491499 0.563203 0.576911 0.622079 0.616470 0.609842 0.582581 0.548322 0.527356 0.639913 0.635325 0.852476 0.758398 0.856138 0.762949 0.437234 0.570820 0.337964 0.573574 0.564777 0.535963 0.870842 0.945662 0.407263 0.447197 0.989973 0.993471 0.587571 0.657005 0.891251 0.870255 0.904868 0.842700 0.558502 0.881155 0.641776 0.885650 0.868870 0.866769 0.991814 0.898816 0.950743 0.801207 0.988150 0.770522 0.942367 0.959719 0.660708 0.661462 0.699189 0.753189 0.738830 0.850429 0.638568 0.664655 0.439607 0.466884 0.704131 0.668507 0.653195 0.624350 0.689831 0.696129 0.747002 0.685097 0.747915 0.838042 0.657581 0.599984 0.521172 0.802724 0.602250 0.974103
0.800926 0.631216 0.749123 0.495699 0.912596 0.980800 0.357814 0.000000 0.853944 0.542228 0.890330 0.551926 0.654942 0.735084 0.804861 0.730224 0.741557 0.752512 0.638394 0.885920 0.997050 0.819887 0.729681 0.945657 0.950479 0.974935 0.980076 0.753757 0.841064 0.817928 0.596855 0.820443 0.609832 0.485755 0.906356 0.881429 0.893912 0.995138 0.920642 0.899343 0.875283 0.862704 0.599780 0.491472 0.768048 0.730633 0.742957 0.740524 0.798032 0.726516 0.691986 0.683698 0.754171 0.750968 0.961992 0.798341 0.679546 0.624027 0.577936 0.717135 0.464871 0.474740 0.666122 0.554131 0.980198 0.897332 0.569339 0.616690 0.932292 0.832352 0.617293 0.652904 0.934509 0.937190 0.904461 0.887281 0.565827 0.902296 0.594941 0.918850 0.902139 0.914470 0.909259 0.982771 0.940308 0.972255 0.948259 0.714161 0.829884 0.889633 0.794766 0.883071 0.771495 0.893888 0.786081 0.933832 0.749538 0.678108 0.651703 0.588639 0.831680 0.858974 0.835210 0.703798 0.693469 0.768802 0.727042 0.704588 0.832540 0.801829 0.700296 0.797527 0.612024 0.738703 0.656174 0.942530
0.617242 0.875077 0.689831 0.933850 0.944357 0.760636 0.787028 0.853944 0.000000 0.630643 0.738493 0.846611 0.989404 0.746647 0.746420 0.852633 0.707138 0.646168 0.895869 0.763325 0.982755 0.820692 0.809161 0.845801 0.970790 0.909967 0.924886 0.933756 0.958134 0.832547 0.636641 0.882329 0.996697 0.957676 0.845285 0.886824 0.907546 0.909055 0.899524 0.935739 0.905295 0.990834 0.552294 0.732542 0.850282 0.922091 0.889023 0.954080 0.963808 0.970968 0.855375 0.859333 0.812416 0.769705 0.800963 0.855439 0.726941 0.762873 0.870028 0.874210 0.897134 0.669981 0.733185 0.765844 0.815486 0.890178 0.938407 0.992698 0.726468 0.593905 0.543002 0.600166 0.755367 0.800572 0.920689 0.789144 0.701067 0.667404 0.939708 0.887955 0.667541 0.652606 0.664589 0.624703 0.773361 0.696621 0.704106 0.659263 0.890197 0.742996 0.685526 0.688237 0.815595 0.764452 0.953991 0.758339 0.855009 0.929767 0.748943 0.660732 0.975004 0.839983 0.987708 0.812146 0.930388 0.946578 0.721961 0.837989 0.860134 0.938862 0.952172 0.862853 0.759524 0.892149 0.758457 0.713143
0.823415 0.978206 0.991565 0.985191 0.919938 0.867397 0.478243 0.542228 0.630643 0.000000 0.967263 0.952821 0.962333 0.840530 0.927001 0.984576 0.945464 0.933991 0.957139 0.764216 0.826670 0.896111 0.986647 0.643154 0.648972 0.804618 0.671797 0.773402 0.864633 0.952917 0.586811 0.838190 0.738380 0.701722 0.954549 0.969531 0.858921 0.715319 0.783505 0.809973 0.955338 0.901165 0.471083 0.550454 0.583392 0.599979 0.702860 0.875345 0.641579 0.717587 0.568978 0.586741 0.563390 0.589220 0.885792 0.980718 0.959023 0.998903 0.677262 0.839283 0.570322 0.627763 0.806590 0.745834 0.745542 0.766978 0.683991 0.712801 0.774882 0.832914 0.564248 0.615586 0.884216 0.817034 0.991722 0.793422 0.613169 0.822922 0.736032 0.941379 0.905553 0.549523 0.678365 0.583860 0.606273 0.496952 0.765332 0.473561 0.817983 0.662991 0.693257 0.661883 0.774880 0.784446 0.993785 0.988099 0.712814 0.743244 0.508431 0.611332 0.762442 0.726033 0.712713 0.780885 0.821369 0.936417 0.825274 0.705734 0.787581 0.917674 0.749475 0.710869 0.592247 0.898855 0.812180 0.922788
0.471131 0.683890 0.994027 0.918341 0.883141 0.912415 0.867631 0.890330 0.738493 0.967263 0.000000 0.556662 0.649107 0.629008 0.820318 0.924586 0.448566 0.399746 0.650351 0.490565 0.851907 0.982172 0.917526 0.994803 0.976152 0.913316 0.978472 0.902928 0.580848 0.461982 0.828960 0.801712 0.625043 0.656149 0.806734 0.987088 0.985237 0.997667 0.943875 0.979422 0.821098 0.782014 0.767197 0.962800 0.842550 0.886792 0.966096 0.940774 0.957335 0.916813 0.819577 0.858604 0.779911 0.733550 0.866133 0.975750 0.607954 0.601069 0.798772 0.795854 0.784878 0.989651 0.506476 0.479714 0.783641 0.887029 0.916501 0.953843 0.423365 0.637019 0.971097 0.927510 0.841643 0.814551 0.854760 0.870945 0.927662 0.818983 0.695630 0.808442 0.566970 0.696843 0.630806 0.638776 0.816394 0.868622 0.976210 0.910994 0.977307 0.915616 0.758017 0.688182 0.725157 0.781919 0.999978 0.803793 0.961012 0.894353 0.862514 0.860854 0.943912 0.987678 0.941793 0.672993 0.868538 0.631975 0.916411 0.961880 0.979206 0.875497 0.998975 0.917485 0.943224 0.966873 0.970785 0.759848
0.426844 0.458052 0.812967 0.576246 0.915099 0.876542 0.708376 0.551926 0.846611 0.952821 0.556662 0.000000 0.452802 0.401515 0.651947 0.608451 0.482999 0.374513 0.417558 0.454838 0.771379 0.971690 0.595092 0.735293 0.892289 0.970597 0.933123 0.803731 0.642849 0.570222 0.700969 0.612004 0.510263 0.544179 0.879942 0.995502 0.790961 0.813996 0.892847 0.990713 0.852916 0.829197 0.948570 0.708374 0.975372 0.937828 0.800774 0.780390 0.945517 0.969040 0.967038 0.972831 0.958535 0.901405 0.867854 0.822971 0.431465 0.419319 0.710388 0.819807 0.642238 0.729632 0.507314 0.422624 0.958864 0.978739 0.763544 0.832302 0.491079 0.644966 0.824636 0.774849 0.923477 0.978487 0.839182 0.999406 0.759815 0.939265 0.535907 0.745174 0.526463 0.617151 0.573592 0.585668 0.691626 0.740993 0.969681 0.980079 0.824782 0.685911 0.934609 0.773454 0.931596 0.842741 0.905460 0.907667 0.957471 0.843615 0.938511 0.909922 0.934281 0.976226 0.909759 0.630654 0.709939 0.648031 0.972193 0.834040 0.935168 0.732851 0.879805 0.976708 0.915914 0.761857 0.794560 0.805148
0.563401 0.665191 0.607062 0.703169 0.826960 0.958783 0.654632 0.654942 0.989404 0.962333 0.649107 0.452802 0.000000 0.504261 0.485156 0.569174 0.701979 0.588704 0.468696 0.584069 0.807246 0.944959 0.442737 0.709905 0.801487 0.896212 0.924007 0.698880 0.697245 0.656467 0.603817 0.601153 0.543743 0.585714 0.868891 0.989078 0.888694 0.979565 0.937079 0.961955 0.926281 0.982076 0.799384 0.660552 0.859608 0.793290 0.660885 0.628135 0.852357 0.818999 0.850702 0.783678 0.944856 0.957792 0.811042 0.835883 0.642657 0.631504 0.678891 0.711756 0.505428 0.637818 0.625515 0.605668 0.811052 0.806823 0.672503 0.642501 0.661972 0.798642 0.788385 0.795043 0.874132 0.892092 0.943532 0.982701 0.744647 0.829480 0.735948 0.651998 0.706151 0.724570 0.720984 0.670366 0.606614 0.639060 0.872658 0.959444 0.708579 0.696522 0.955270 0.925844 0.920989 0.886701 0.844453 0.875125 0.753737 0.847324 0.817580 0.777761 0.981319 0.791104 0.790997 0.668676 0.775633 0.667768 0.943938 0.984119 0.829246 0.799677 0.774468 0.992733 0.837133 0.724970 0.625534 0.986042
0.472557 0.483133 0.805832 0.616835 0.984678 0.831574 0.919252 0.735084 0.746647 0.840530 0.629008 0.401515 0.504261 0.000000 0.683026 0.556025 0.560050 0.417936 0.480462 0.459654 0.765763 0.937729 0.647543 0.602619 0.752612 0.864014 0.991564 0.880266 0.722601 0.579516 0.861222 0.634088 0.581937 0.715866 0.916188 0.887310 0.683318 0.666612 0.746771 0.852059 0.953407 0.853554 0.953904 0.845617 0.922159 0.968806 0.962803 0.928504 0.955136 0.969822 0.979856 0.951826 0.952767 0.946100 0.921818 0.838560 0.468816 0.488050 0.921734 0.988216 0.819531 0.721280 0.686663 0.597623 0.951440 0.852823 0.927724 0.965824 0.564634 0.604168 0.896637 0.855265 0.903933 0.995700 0.901349 0.877593 0.901294 0.955857 0.697719 0.733661 0.514577 0.541806 0.500324 0.471149 0.629365 0.565390 0.803240 0.921368 0.678213 0.613216 0.886346 0.738587 0.889554 0.808687 0.923189 0.922668 0.997502 0.869647 0.910448 0.940293 0.944629 0.979233 0.941430 0.693589 0.892423 0.805484 0.962350 0.924900 0.993075 0.822390 0.906567 0.992136 0.933541 0.734143 0.926502 0.841526
0.764556 0.774279 0.555201 0.727138 0.889589 0.920800 0.809956 0.804861 0.746420 0.927001 0.820318 0.651947 0.485156 0.683026 0.000000 0.456281 0.832783 0.777169 0.581690 0.709984 0.776838 0.914238 0.455290 0.720475 0.791322 0.945168 0.956689 0.820009 0.628219 0.617190 0.504973 0.555369 0.593862 0.684032 0.848667 0.922285 0.740917 0.956018 0.963373 0.868428 0.990472 0.965917 0.768918 0.698757 0.953502 0.920332 0.705275 0.683601 0.980489 0.994693 0.953080 0.855599 0.968206 0.965245 0.954827 0.991656 0.779253 0.798049 0.847957 0.879044 0.646940 0.695575 0.793329 0.763035 0.769808 0.772308 0.865717 0.800341 0.772960 0.958937 0.673267 0.751750 0.755626 0.869403 0.925548 0.976012 0.763387 0.681160 0.804093 0.731144 0.797273 0.848654 0.785587 0.855872 0.736205 0.768028 0.936268 0.873175 0.877999 0.947527 0.875681 0.836014 0.720884 0.783564 0.926724 0.905790 0.962117 0.999886 0.924878 0.842488 0.795565 0.874792 0.957350 0.837679 0.929497 0.640831 0.959672 0.985970 0.777585 0.851700 0.929702 0.917241 0.982775 0.788769 0.582115 0.975579
0.811558 0.700053 0.547439 0.548675 0.983809 0.863060 0.971867 0.730224 0.852633 0.984576 0.924586 0.608451 0.569174 0.556025 0.456281 0.000000 0.904031 0.831742 0.702349 0.694106 0.720981 0.944547 0.477055 0.547861 0.591377 0.755943 0.891370 0.959146 0.810105 0.728314 0.569360 0.531126 0.771289 0.804906 0.947302 0.986275 0.574876 0.696151 0.685617 0.810939 0.859632 0.855984 0.869646 0.802037 0.853686 0.903664 0.926640 0.975616 0.781099 0.796125 0.902926 0.958037 0.931048 0.943498 0.933257 0.854114 0.777496 0.822697 0.931877 0.846112 0.822705 0.563288 0.963954 0.910719 0.655572 0.600724 0.933334 0.963335 0.813523 0.806194 0.661577 0.738712 0.667152 0.864060 0.948493 0.958358 0.829623 0.773502 0.848722 0.799179 0.925310 0.885716 0.723696 0.836053 0.856484 0.675209 0.946612 0.794809 0.800430 0.819095 0.785945 0.697482 0.719225 0.710696 0.970746 0.902353 0.942006 0.997435 0.873297 0.979663 0.726237 0.969315 0.795228 0.999175 0.964021 0.855765 0.962905 0.993205 0.883886 0.891078 0.978660 0.802187 0.932605 0.862777 0.715061 0.977577
0.474282 0.576713 0.922187 0.915885 0.976041 0.829929 0.746883 0.741557 0.707138 0.945464 0.448566 0.482999 0.701979 0.560050 0.832783 0.904031 0.000000 0.293074 0.552599 0.495550 0.916720 0.951006 0.961103 0.909196 0.804495 0.714071 0.878758 0.858489 0.434661 0.383717 0.862699 0.836724 0.499368 0.521574 0.750178 0.933756 0.965240 0.939482 0.997802 0.962027 0.806543 0.772610 0.942403 0.788005 0.919144 0.861632 0.815475 0.772162 0.812154 0.838376 0.888537 0.867815 0.958336 0.972466 0.904678 0.793077 0.459024 0.454064 0.638830 0.795093 0.672760 0.988538 0.352509 0.316143 0.638454 0.711128 0.709310 0.837697 0.508448 0.619883 0.934118 0.987532 0.912632 0.962735 0.765276 0.922657 0.875353 0.976223 0.533032 0.778985 0.401845 0.689955 0.606931 0.689242 0.813061 0.930141 0.983151 0.967590 0.969700 0.925932 0.885192 0.757781 0.832659 0.781639 0.933214 0.692500 0.986713 0.809224 0.928173 0.991306 0.905088 0.960369 0.823784 0.511364 0.834243 0.689587 0.996878 0.834009 0.896432 0.782267 0.980518 0.896828 0.918030 0.881104 0.965868 0.729470
0.361253 0.501369 0.958929 0.819371 0.965665 0.794240 0.805193 0.752512 0.646168 0.933991 0.399746 0.374513 0.588704 0.417936 0.777169 0.831742 0.293074 0.000000 0.429381 0.391170 0.880794 0.938540 0.838795 0.898412 0.934561 0.855600 0.956999 0.880476 0.493368 0.410239 0.890291 0.785092 0.470960 0.502429 0.795470 0.948887 0.916986 0.882275 0.914938 0.938094 0.821668 0.762872 0.879317 0.841533 0.999773 0.925326 0.872287 0.780540 0.889080 0.924990 0.991823 0.980311 0.937776 0.871031 0.875831 0.762962 0.392782 0.398656 0.657663 0.782912 0.693933 0.961652 0.379401 0.339836 0.775857 0.864137 0.747043 0.833561 0.422213 0.552884 0.989138 0.977298 0.921208 0.979678 0.772319 0.894341 0.967061 0.991148 0.525339 0.733495 0.350240 0.517479 0.505562 0.485201 0.672028 0.755525 0.870443 0.855568 0.917759 0.759982 0.851575 0.701274 0.810884 0.750922 0.900700 0.787747 0.951348 0.815221 0.996282 0.950364 0.973117 0.950425 0.902900 0.540488 0.799886 0.665190 0.930563 0.866137 0.970885 0.829040 0.969179 0.946632 0.999542 0.819186 0.961168 0.749926
0.485052 0.543781 0.821990 0.707292 0.914843 0.811154 0.660337 0.638394 0.895869 0.957139 0.650351 0.417558 0.468696 0.480462 0.581690 0.702349 0.552599 0.429381 0.000000 0.492201 0.837781 0.964731 0.488910 0.763471 0.959609 0.917163 0.994855 0.753977 0.609048 0.584303 0.669141 0.623802 0.429187 0.513924 0.980823 0.923818 0.856829 0.994266 0.940270 0.960059 0.988969 0.906195 0.771404 0.621849 0.805877 0.724447 0.589241 0.552122 0.757603 0.779294 0.815808 0.769664 0.939130 0.995065 0.886935 0.746575 0.499496 0.501216 0.567003 0.633793 0.546013 0.771231 0.476881 0.448447 0.985195 0.959457 0.611423 0.593190 0.610713 0.743993 0.839170 0.866901 0.970589 0.946604 0.807670 0.930875 0.853987 0.989196 0.601501 0.756654 0.523511 0.628422 0.611087 0.564442 0.551980 0.681290 0.837618 0.922931 0.816299 0.699475 0.995335 0.855546 0.918459 0.830409 0.808812 0.804199 0.901015 0.784671 0.804464 0.775527 0.996459 0.957240 0.854618 0.561578 0.773699 0.609978 0.971870 0.929126 0.872662 0.763306 0.825072 0.878529 0.847795 0.683008 0.759489 0.853542
0.387807 0.439379 0.796201 0.750307 0.887651 0.881608 0.991231 0.885920 0.763325 0.764216 0.490565 0.454838 0.584069 0.459654 0.709984 0.694106 0.495550 0.391170 0.492201 0.000000 0.766351 0.988868 0.712153 0.648111 0.819802 0.910307 0.807487 0.906358 0.631060 0.577950 0.861878 0.753311 0.644145 0.705016 0.910736 0.997724 0.773964 0.723396 0.783944 0.847261 0.825049 0.725110 0.851467 0.927770 0.853508 0.941710 0.894784 0.846098 0.964019 0.981981 0.869596 0.894100 0.803356 0.698890 0.854420 0.868637 0.421489 0.431345 0.881302 0.873174 0.894726 0.920903 0.653325 0.597998 0.929465 0.952604 0.948552 0.947015 0.411427 0.500731 0.970138 0.935122 0.899502 0.966053 0.753023 0.777433 0.889182 0.956634 0.742416 0.707230 0.477416 0.447225 0.546101 0.428553 0.548539 0.591217 0.982883 0.841815 0.861572 0.638109 0.799147 0.655477 0.764401 0.709436 0.887465 0.858658 0.947247 0.922261 0.830558 0.873604 0.839937 0.881883 0.957819 0.786320 0.959591 0.757088 0.857281 0.990687 0.936848 0.807285 0.963627 0.877129 0.864793 0.821177 0.985977 0.777976
0.707409 0.788398 0.773929 0.659702 0.906345 0.858983 0.819341 0.997050 0.982755 0.826670 0.851907 0.771379 0.807246 0.765763 0.776838 0.720981 0.916720 0.880794 0.837781 0.766351 0.000000 0.912782 0.712495 0.641290 0.640609 0.791085 0.922912 0.932612 0.988608 0.959763 0.913285 0.668685 0.883157 0.979794 0.962735 0.853431 0.766802 0.771020 0.777807 0.792703 0.868246 0.823654 0.835768 0.940916 0.808599 0.893683 0.980574 0.919443 0.859429 0.901348 0.848131 0.882717 0.835665 0.776826 0.981552 0.901943 0.720167 0.762147 0.878386 0.947332 0.890277 0.997114 0.999859 0.972680 0.758829 0.893581 0.880532 0.800243 0.681672 0.879252 0.889620 0.971860 0.883961 0.911360 0.959214 0.889884 0.898551 0.864222 0.980437 0.932075 0.916651 0.820821 0.716180 0.828394 0.772818 0.680377 0.906546 0.986972 0.917524 0.740748 0.821859 0.704508 0.835184 0.817904 0.941251 0.858198 0.925100 0.909504 0.848346 0.911204 0.788144 0.855115 0.924423 0.980868 0.950899 0.943389 0.911131 0.861327 0.915636 0.913249 0.871525 0.686609 0.772571 0.847691 0.819676 0.911401
0.981515 0.886319 0.933574 0.820992 0.973079 0.857185 0.946340 0.819887 0.820692 0.896111 0.982172 0.971690 0.944959 0.937729 0.914238 0.944547 0.951006 0.938540 0.964731 0.988868 0.912782 0.000000 0.945804 0.990130 0.950222 0.978125 0.935383 0.991654 0.877057 0.981614 0.887591 0.981131 0.924038 0.988706 0.847286 0.836110 0.835790 0.983245 0.858861 0.862766 0.860681 0.932425 0.891726 0.797852 0.910129 0.898371 0.979757 0.973590 0.909429 0.859270 0.873360 0.884550 0.912605 0.842910 0.902188 0.902830 0.924475 0.904987 0.973322 0.996238 0.976089 0.896082 0.988688 0.989653 0.991910 0.991084 0.969319 0.978689 0.915008 0.935543 0.999152 0.919368 0.921722 0.923809 0.983370 0.988152 0.878662 0.902149 0.958739 0.987554 0.931006 0.953828 0.963707 0.988960 0.987061 0.994500 0.886905 0.935661 0.951099 0.977456 0.894131 0.933490 0.894773 0.971266 0.988405 0.945580 0.854837 0.989896 0.991562 0.825406 0.978039 0.892621 0.951355 0.940325 0.961221 0.993743 0.869695 0.811015 0.961552 0.966098 0.964669 0.860620 0.916841 0.845575 0.915153 0.921589
0.757976 0.770737 0.565578 0.649221 0.864668 0.980581 0.765643 0.729681 0.809161 0.986647 0.917526 0.595092 0.442737 0.647543 0.455290 0.477055 0.961103 0.838795 0.488910 0.712153 0.712495 0.945804 0.000000 0.588981 0.656438 0.823700 0.895281 0.753669 0.829689 0.822127 0.500683 0.475975 0.660078 0.778382 0.892512 0.940584 0.817362 0.961505 0.924869 0.979064 0.936230 0.993250 0.729396 0.698164 0.952678 0.898679 0.638420 0.691067 0.985231 0.994418 0.975129 0.898785 0.957071 0.946428 0.983401 0.982003 0.812897 0.832071 0.812316 0.799727 0.634441 0.625012 0.860266 0.814865 0.634107 0.651180 0.753663 0.683246 0.831602 0.944574 0.710553 0.750790 0.800671 0.987890 0.969629 0.952962 0.778433 0.856749 0.910003 0.823721 0.904271 0.813104 0.728485 0.761570 0.592823 0.616562 0.968733 0.984807 0.762960 0.668301 0.938119 0.874815 0.880122 0.911771 0.825735 0.933651 0.909501 0.891219 0.861350 0.755073 0.900465 0.880127 0.983844 0.870135 0.885432 0.720474 0.933473 0.994728 0.866528 0.904592 0.797653 0.923001 0.882350 0.816826 0.523811 0.974496
0.703573 0.713992 0.650066 0.526344 0.960315 0.979097 0.785957 0.945657 0.845801 0.643154 0.994803 0.735293 0.709905 0.602619 0.720475 0.547861 0.909196 0.898412 0.763471 0.648111 0.641290 0.990130 0.588981 0.000000 0.395860 0.516077 0.618486 0.958217 0.882924 0.975172 0.954790 0.739445 0.993283 0.949512 0.832341 0.954392 0.677835 0.624295 0.606895 0.735793 0.966043 0.872521 0.848486 0.974231 0.692498 0.782800 0.939565 0.971670 0.696888 0.808169 0.730688 0.770822 0.738631 0.687216 0.992425 0.973699 0.738987 0.789757 0.840753 0.982872 0.872051 0.803107 0.836624 0.892445 0.501055 0.501113 0.883735 0.936522 0.748314 0.743193 0.946110 0.957701 0.918789 0.938938 0.980753 0.875898 0.976870 0.942233 0.895333 0.884465 0.980107 0.685334 0.681695 0.643196 0.628028 0.371426 0.899610 0.839616 0.632420 0.469419 0.744713 0.666955 0.807535 0.784565 0.904855 0.870489 0.928950 0.968404 0.732288 0.852131 0.650487 0.827415 0.779067 0.884775 0.976136 0.954392 0.816752 0.773718 0.944333 0.897520 0.939578 0.644755 0.770178 0.882620 0.888348 0.921435
0.853526 0.819421 0.533629 0.521971 0.933555 0.944347 0.718670 0.950479 0.970790 0.648972 0.976152 0.892289 0.801487 0.752612 0.791322 0.591377 0.804495 0.934561 0.959609 0.819802 0.640609 0.950222 0.656438 0.395860 0.000000 0.407071 0.627811 0.804800 0.810362 0.892007 0.869149 0.702561 0.863954 0.835669 0.914082 0.877591 0.656467 0.602578 0.563087 0.693362 0.890545 0.878412 0.771384 0.854071 0.558484 0.636785 0.861556 0.889597 0.549654 0.683828 0.613887 0.671221 0.684862 0.638078 0.968220 0.848519 0.878783 0.934055 0.694697 0.886056 0.776024 0.835192 0.665948 0.744660 0.398849 0.491450 0.723607 0.810258 0.745262 0.891206 0.996729 0.954204 0.974648 0.948596 0.941351 0.916174 0.930294 0.917113 0.749968 0.982391 0.854660 0.878704 0.805840 0.820242 0.773014 0.461424 0.963423 0.992933 0.712263 0.637210 0.643764 0.636085 0.719800 0.774671 0.942936 0.790412 0.927966 0.854737 0.642952 0.761703 0.617760 0.789967 0.754203 0.768040 0.890053 0.905037 0.976360 0.719658 0.992039 0.968529 0.967858 0.582311 0.828479 0.984794 0.828149 0.999983
0.925706 0.812296 0.606923 0.542002 0.994235 0.872782 0.832484 0.974935 0.909967 0.804618 0.913316 0.970597 0.896212 0.864014 0.945168 0.755943 0.714071 0.855600 0.917163 0.910307 0.791085 0.978125 0.823700 0.516077 0.407071 0.000000 0.697122 0.842705 0.742468 0.759030 0.968612 0.911213 0.792076 0.805757 0.840746 0.867715 0.698714 0.631203 0.591330 0.921018 0.990266 0.825005 0.869533 0.846017 0.641318 0.692721 0.778568 0.796221 0.666129 0.807849 0.708605 0.732102 0.793078 0.756121 0.940130 0.935938 0.965157 0.923056 0.659479 0.826230 0.751262 0.817873 0.621802 0.694394 0.481274 0.614022 0.702606 0.761916 0.823205 0.888796 0.954875 0.959167 0.966522 0.974838 0.976447 0.971639 0.871972 0.967942 0.760284 0.956597 0.825394 0.924535 0.971182 0.882246 0.890837 0.649901 0.973087 0.982246 0.716435 0.657074 0.851595 0.885347 0.955215 0.980466 0.897289 0.777064 0.971010 0.872078 0.794021 0.807582 0.755695 0.976529 0.834048 0.768384 0.997614 0.991969 0.983758 0.878674 0.983118 0.999303 0.936995 0.739844 0.943173 0.837465 0.973308 0.949054
0.922087 0.909637 0.763508 0.725884 0.949904 0.896448 0.809553 0.980076 0.924886 0.671797 0.978472 0.933123 0.924007 0.991564 0.956689 0.891370 0.878758 0.956999 0.994855 0.807487 0.922912 0.935383 0.895281 0.618486 0.627811 0.697122 0.000000 0.728431 0.815121 0.863422 0.921740 0.960394 0.833843 0.877179 0.928834 0.980078 0.787550 0.783197 0.855126 0.836608 0.914795 0.937270 0.786614 0.920919 0.705540 0.769166 0.934454 0.999279 0.782109 0.874025 0.734440 0.801315 0.725218 0.719279 0.964161 0.970211 0.926438 0.894094 0.848247 0.999857 0.801220 0.958727 0.819679 0.872540 0.694389 0.770321 0.845689 0.859354 0.883149 0.794131 0.870341 0.903327 0.881468 0.918653 0.946699 0.848694 0.960828 0.991612 0.824794 0.959326 0.823762 0.884096 0.907581 0.780038 0.869250 0.651451 0.991537 0.846634 0.858526 0.643698 0.818800 0.859810 0.886796 0.979813 0.810480 0.965017 0.989191 0.952927 0.789200 0.926199 0.817314 0.883349 0.974993 0.800262 0.982839 0.977174 0.801319 0.810438 0.975708 0.882037 0.903455 0.726832 0.901444 0.936047 0.987345 0.930547
0.875638 0.915164 0.865077 0.989082 0.937460 0.770116 0.628554 0.753757 0.933756 0.773402 0.902928 0.803731 0.698880 0.880266 0.820009 0.959146 0.858489 0.880476 0.753977 0.906358 0.932612 0.991654 0.753669 0.958217 0.804800 0.842705 0.728431 0.000000 0.896243 0.894530 0.870541 0.888396 0.725200 0.754201 0.818042 0.927714 0.901108 0.757475 0.879073 0.797124 0.959526 0.867001 0.730110 0.746088 0.696259 0.673013 0.638109 0.702647 0.673902 0.653100 0.696769 0.666341 0.828481 0.840387 0.791102 0.780108 0.886824 0.881370 0.625785 0.689140 0.584997 0.821367 0.686049 0.765056 0.993293 0.955444 0.617631 0.656103 0.977443 0.923950 0.914219 0.954507 0.956644 0.880403 0.937210 0.920127 0.748596 0.944591 0.915586 0.728150 0.857704 0.968153 0.941815 0.935340 0.845305 0.971573 0.965372 0.904841 0.992372 0.965558 0.855680 0.890692 0.854415 0.992818 0.996862 0.952990 0.795253 0.843913 0.689235 0.719411 0.951802 0.845703 0.937166 0.762642 0.881820 0.950199 0.965974 0.977880 0.931860 0.929256 0.945753 0.844182 0.783341 0.924374 0.842090 0.823363
0.688051 0.751933 0.953672 0.966793 0.937662 0.952035 0.732040 0.841064 0.958134 0.864633 0.580848 0.642849 0.697245 0.722601 0.628219 0.810105 0.434661 0.493368 0.609048 0.631060 0.988608 0.877057 0.829689 0.882924 0.810362 0.742468 0.815121 0.896243 0.000000 0.324996 0.699139 0.741073 0.558283 0.506292 0.846924 0.998139 0.983042 0.942811 0.932414 0.970603 0.923138 0.909221 0.912140 0.824913 0.871528 0.893369 0.800173 0.762106 0.856423 0.934299 0.867564 0.821911 0.938301 0.952611 0.981397 0.974797 0.690264 0.695904 0.694437 0.826297 0.599554 0.901007 0.497363 0.465158 0.724680 0.849137 0.769532 0.774909 0.636146 0.803715 0.763722 0.928266 0.671920 0.753201 0.739267 0.886087 0.866711 0.814820 0.597217 0.848181 0.538492 0.846168 0.710310 0.873137 0.931619 0.937722 0.995554 0.896338 0.939142 0.898595 0.855930 0.807563 0.718545 0.794415 0.945677 0.779003 0.989654 0.840758 0.904933 0.965370 0.969370 0.953304 0.840210 0.640746 0.882795 0.638871 0.936928 0.851456 0.732436 0.929073 0.942411 0.894183 0.859493 0.890223 0.869715 0.807304
0.626420 0.766176 0.934318 0.918165 0.893909 0.984110 0.775225 0.817928 0.832547 0.952917 0.461982 0.570222 0.656467 0.579516 0.617190 0.728314 0.383717 0.410239 0.584303 0.577950 0.959763 0.981614 0.822127 0.975172 0.892007 0.759030 0.863422 0.894530 0.324996 0.000000 0.715031 0.703074 0.548320 0.519515 0.846529 0.894833 0.905967 0.948118 0.982842 0.921681 0.941770 0.862745 0.918219 0.904817 0.953611 0.972550 0.892848 0.871970 0.975459 0.926335 0.959694 0.973006 0.892737 0.935004 0.962934 0.975031 0.673297 0.678783 0.738150 0.870567 0.617990 0.894359 0.470993 0.423280 0.718267 0.925489 0.804136 0.829126 0.562912 0.744202 0.843579 0.976328 0.646515 0.677164 0.749637 0.909638 0.892478 0.809477 0.623910 0.818825 0.541843 0.820781 0.651811 0.755925 0.952672 0.956266 0.983022 0.964679 0.949630 0.940160 0.724053 0.664543 0.613026 0.686712 0.960956 0.820552 0.922622 0.791340 0.937109 0.952199 0.974354 0.988330 0.975825 0.631056 0.875567 0.634267 0.981565 0.901080 0.823849 0.940805 0.856547 0.976165 0.993839 0.995401 0.874680 0.810156
0.937339 0.837610 0.626130 0.725613 0.769040 0.850555 0.602414 0.596855 0.636641 0.586811 0.828960 0.700969 0.603817 0.861222 0.504973 0.569360 0.862699 0.890291 0.669141 0.861878 0.913285 0.887591 0.500683 0.954790 0.869149 0.968612 0.921740 0.870541 0.699139 0.715031 0.000000 0.489075 0.598547 0.631502 0.977525 0.934175 0.866339 0.985208 0.980268 0.977033 0.925905 0.861033 0.602633 0.586899 0.846307 0.809736 0.649393 0.706843 0.939314 0.955697 0.821442 0.783578 0.838015 0.854336 0.927705 0.941985 0.883458 0.890277 0.776355 0.839080 0.526490 0.535159 0.797910 0.712062 0.883367 0.842138 0.746048 0.634292 0.913741 0.994275 0.517261 0.620657 0.631348 0.765969 0.868578 0.912530 0.657302 0.647224 0.729320 0.968124 0.957299 0.853923 0.963736 0.901634 0.974944 0.991178 0.781884 0.631933 0.966749 0.951139 0.987620 0.997334 0.867491 0.969543 0.934585 0.978979 0.846002 0.792912 0.750181 0.668797 0.996147 0.842556 0.857569 0.797894 0.871399 0.687191 0.809214 0.798891 0.708122 0.990680 0.779474 0.930719 0.757642 0.838184 0.552361 0.993029
0.774936 0.793445 0.662243 0.694173 0.984238 0.987148 0.893212 0.820443 0.882329 0.838190 0.801712 0.612004 0.601153 0.634088 0.555369 0.531126 0.836724 0.785092 0.623802 0.753311 0.668685 0.981131 0.475975 0.739445 0.702561 0.911213 0.960394 0.888396 0.741073 0.703074 0.489075 0.000000 0.587342 0.793646 0.938672 0.861146 0.807535 0.833943 0.942110 0.860687 0.961694 0.819194 0.841811 0.739694 0.978827 0.919541 0.660156 0.848086 0.999690 0.933777 0.949453 0.925664 0.985569 0.974190 0.993827 0.974423 0.720280 0.829026 0.911903 0.952353 0.744281 0.674786 0.829502 0.752664 0.888637 0.888709 0.920598 0.905516 0.727922 0.913640 0.767084 0.710204 0.814590 0.815462 0.983934 0.974773 0.733713 0.754890 0.781168 0.908214 0.826554 0.950224 0.730487 0.886626 0.847253 0.833475 0.841469 0.726469 0.904766 0.879346 0.862651 0.785894 0.761783 0.831726 0.959393 0.995892 0.899936 0.813853 0.942485 0.974456 0.904723 0.967753 0.956877 0.783335 0.975186 0.736678 0.915821 0.940939 0.879226 0.949154 0.894543 0.905600 0.890916 0.841779 0.643549 0.871547
0.559463 0.626195 0.885779 0.791245 0.940943 0.888511 0.575519 0.609832 0.996697 0.738380 0.625043 0.510263 0.543743 0.581937 0.593862 0.771289 0.499368 0.470960 0.429187 0.644145 0.883157 0.924038 0.660078 0.993283 0.863954 0.792076 0.833843 0.725200 0.558283 0.548320 0.598547 0.587342 0.000000 0.472941 0.955516 0.971833 0.970694 0.951917 0.872779 0.996550 0.957442 0.813721 0.755705 0.539332 0.681403 0.619241 0.651971 0.604180 0.659616 0.687309 0.633363 0.617569 0.758118 0.804382 0.888207 0.759164 0.523454 0.540277 0.555938 0.742431 0.470221 0.758279 0.417915 0.403314 0.834744 0.850615 0.575321 0.642739 0.691924 0.802927 0.763430 0.771434 0.934766 0.984950 0.810706 0.897855 0.820181 0.816543 0.542712 0.757517 0.523206 0.785884 0.671370 0.722955 0.776712 0.918707 0.993719 0.865531 0.922474 0.902748 0.925103 0.980813 0.983288 0.917647 0.896181 0.834074 0.930040 0.686625 0.679917 0.714642 0.940522 0.903645 0.774105 0.486520 0.811136 0.662779 0.966878 0.799361 0.911335 0.849332 0.750768 0.812473 0.783948 0.627905 0.696162 0.889207
0.622424 0.622795 0.859076 0.774268 0.852626 0.919096 0.466335 0.485755 0.957676 0.701722 0.656149 0.544179 0.585714 0.715866 0.684032 0.804906 0.521574 0.502429 0.513924 0.705016 0.979794 0.988706 0.778382 0.949512 0.835669 0.805757 0.877179 0.754201 0.506292 0.519515 0.631502 0.793646 0.472941 0.000000 0.945375 0.824988 0.991799 0.968512 0.976304 0.906332 0.926310 0.856482 0.759064 0.590249 0.724064 0.693933 0.676417 0.557889 0.728006 0.756966 0.725951 0.654269 0.849465 0.864598 0.879665 0.783690 0.611433 0.585634 0.444463 0.606011 0.393607 0.725993 0.425635 0.410348 0.886505 0.970888 0.520907 0.528262 0.723610 0.785441 0.804907 0.880575 0.880387 0.901987 0.751110 0.963543 0.743976 0.827915 0.546203 0.802500 0.662812 0.926660 0.760461 0.839308 0.961570 0.984842 0.977642 0.803144 0.936367 0.969866 0.983782 0.938625 0.924300 0.844020 0.883388 0.813210 0.931110 0.619277 0.720001 0.691925 0.923686 0.905681 0.775916 0.555673 0.814431 0.617062 0.848710 0.854412 0.759862 0.900625 0.858665 0.872213 0.820779 0.723690 0.670918 0.847289
0.939152 0.933881 0.763950 0.864565 0.927949 0.975765 0.869664 0.906356 0.845285 0.954549 0.806734 0.879942 0.868891 0.916188 0.848667 0.947302 0.750178 0.795470 0.980823 0.910736 0.962735 0.847286 0.892512 0.832341 0.914082 0.840746 0.928834 0.818042 0.846924 0.846529 0.977525 0.938672 0.955516 0.945375 0.000000 0.988459 0.906327 0.834813 0.918457 0.842770 0.735118 0.910131 0.883537 0.960923 0.872881 0.841492 0.932503 0.826057 0.935065 0.815015 0.843358 0.820624 0.941511 0.942312 0.943300 0.881877 0.936240 0.975416 0.944348 0.834840 0.876032 0.853967 0.920500 0.839450 0.763713 0.837210 0.875714 0.838344 0.854296 0.902422 0.927266 0.910884 0.817357 0.966740 0.917226 0.835302 0.805939 0.934088 0.846051 0.982074 0.836734 0.966291 0.895329 0.971334 0.961645 0.907746 0.899191 0.970927 0.896193 0.868693 0.977074 0.902527 0.939584 0.969816 0.985345 0.800890 0.947631 0.891591 0.911044 0.834957 0.748156 0.919201 0.967047 0.951749 0.941223 0.850092 0.967202 0.881790 0.981448 0.903940 0.934393 0.984872 0.871467 0.922015 0.922323 0.990567
0.956866 0.999210 0.930932 0.936171 0.792138 0.915708 0.853344 0.881429 0.886824 0.969531 0.987088 0.995502 0.989078 0.887310 0.922285 0.986275 0.933756 0.948887 0.923818 0.997724 0.853431 0.836110 0.940584 0.954392 0.877591 0.867715 0.980078 0.927714 0.998139 0.894833 0.934175 0.861146 0.971833 0.824988 0.988459 0.000000 0.892592 0.950080 0.951767 0.955020 0.848586 0.994786 0.908796 0.913635 0.820485 0.895932 0.937668 0.862157 0.923805 0.896556 0.830671 0.893313 0.772241 0.749272 0.978779 0.898647 0.956768 0.989139 0.858349 0.983195 0.840940 0.880223 0.895474 0.894937 0.881437 0.964927 0.807406 0.804308 0.886804 0.947190 0.943613 0.961155 0.987698 0.988107 0.913354 0.978958 0.971195 0.993889 0.943370 0.975417 0.999327 0.929130 0.971672 0.966821 0.987444 0.954579 0.920855 0.886486 0.941856 0.909033 0.857986 0.807925 0.836677 0.927358 0.999781 0.874464 0.956054 0.753154 0.827441 0.744131 0.854667 0.902531 0.867545 0.803008 0.903855 0.953368 0.866835 0.849267 0.887536 0.973548 0.897987 0.716895 0.946788 0.930466 0.977478 0.918699
0.883784 0.728976 0.614413 0.580658 0.949706 0.895486 0.914637 0.893912 0.907546 0.858921 0.985237 0.790961 0.888694 0.683318 0.740917 0.574876 0.965240 0.916986 0.856829 0.773964 0.766802 0.835790 0.817362 0.677835 0.656467 0.698714 0.787550 0.901108 0.983042 0.905967 0.866339 0.807535 0.970694 0.991799 0.906327 0.892592 0.000000 0.583514 0.744364 0.733264 0.893429 0.895293 0.983024 0.893325 0.762033 0.825739 0.904102 0.931298 0.785616 0.818517 0.862572 0.870895 0.974899 0.975005 0.997962 0.948550 0.784139 0.795862 0.724741 0.702068 0.867882 0.752526 0.788819 0.952516 0.723117 0.736035 0.714713 0.830565 0.808940 0.800222 0.894124 0.737047 0.888713 0.983251 0.913317 0.937966 0.927130 0.881179 0.866304 0.903283 0.913510 0.880310 0.847815 0.846828 0.909321 0.748403 0.990631 0.921986 0.821512 0.810384 0.995479 0.916093 0.935492 0.989538 0.974715 0.823750 0.965138 0.965372 0.856746 0.972554 0.785230 0.904749 0.905636 0.951463 0.915729 0.913187 0.890866 0.930079 0.886985 0.943529 0.878003 0.982985 0.859151 0.855313 0.958513 0.938785
0.832979 0.670276 0.824300 0.674456 0.873003 0.975520 0.749781 0.995138 0.909055 0.715319 0.997667 0.813996 0.979565 0.666612 0.956018 0.696151 0.939482 0.882275 0.994266 0.723396 0.771020 0.983245 0.961505 0.624295 0.602578 0.631203 0.783197 0.757475 0.942811 0.948118 0.985208 0.833943 0.951917 0.968512 0.834813 0.950080 0.583514 0.000000 0.636301 0.843921 0.888784 0.742063 0.820758 0.923306 0.653104 0.671848 0.788115 0.803606 0.729273 0.728443 0.788598 0.713350 0.873247 0.830418 0.923127 0.928513 0.728258 0.778030 0.664139 0.700183 0.722368 0.853177 0.807282 0.933135 0.756682 0.752513 0.636643 0.682450 0.754846 0.720911 0.979010 0.953258 0.950285 0.985400 0.925875 0.874663 0.979304 0.938027 0.886150 0.947991 0.862828 0.726009 0.710391 0.710323 0.895984 0.720233 0.947182 0.953532 0.711150 0.712890 0.864531 0.755653 0.863228 0.886568 0.989389 0.961725 0.893256 0.971443 0.698292 0.696037 0.856828 0.809353 0.772740 0.873994 0.908066 0.975140 0.951426 0.891148 0.946494 0.940600 0.891821 0.787502 0.754673 0.877124 0.870935 0.910042
