0.000000 0.214666 0.765779 0.498080 0.768993 0.516505 0.577614 0.464724 0.787404 0.657420 0.297022 0.292440 0.335358 0.405864 0.553998 0.379211 0.257503 0.298774 0.342962 0.322585 0.736906 0.917658 0.701520 0.696716 0.909103 0.984640 0.986562 0.981333 0.389818 0.394360 0.842270 0.840397 0.399379 0.405060 0.878963 0.684283 0.683533 0.740502 0.770785 0.640918 0.750051 0.757574 0.593124 0.582183 0.591004 0.524851 0.331574 0.307986 0.359838 0.388276 0.576794 0.515621 0.852479 0.792749 0.434216 0.405001 0.250934 0.215120 0.263695 0.297737 0.285117 0.380269 0.266630 0.272740 0.634251 0.402231 0.712302 0.720796 0.457353 0.489965 0.708835 0.781877 0.665295 0.636454 0.709334 0.747888 0.562419 0.641649 0.410008 0.453068 0.238066 0.256837 0.531447 0.332134 0.457972 0.523559 0.971251 0.944613 0.604100 0.450701 0.877626 0.988546 0.845091 0.939060 0.720454 0.701608 0.712875 0.756647 0.470879 0.571415 0.879392 0.883302 0.682530 0.676640 0.543919 0.570340 0.933398 0.925889 0.730420 0.882713 0.901227 0.491420 0.638524 0.885307 0.703679 0.981435
0.214666 0.000000 0.701286 0.451074 0.837306 0.525465 0.526599 0.451126 0.700710 0.656923 0.283683 0.300699 0.359706 0.383877 0.552268 0.319271 0.247825 0.263181 0.342767 0.281620 0.681778 0.939092 0.665319 0.625617 0.875996 0.945286 0.985530 0.942097 0.310246 0.338271 0.709161 0.662895 0.324502 0.342924 0.953427 0.681406 0.604887 0.702569 0.742582 0.627620 0.789587 0.659034 0.469659 0.446525 0.519172 0.455309 0.336019 0.308474 0.315107 0.342881 0.436952 0.419478 0.725130 0.893498 0.478549 0.415476 0.204536 0.172589 0.301665 0.339305 0.272031 0.396757 0.268870 0.275147 0.590158 0.425852 0.678256 0.628629 0.484899 0.471862 0.609977 0.670455 0.591009 0.544437 0.709577 0.782164 0.526445 0.567239 0.382233 0.392510 0.264382 0.306322 0.472008 0.356365 0.491583 0.500721 0.958938 0.982548 0.642680 0.478321 0.873828 0.931471 0.829515 0.935679 0.695546 0.691554 0.766459 0.776849 0.470226 0.533025 0.894994 0.952235 0.657960 0.668181 0.561429 0.528571 0.936783 0.921269 0.732047 0.938207 0.901325 0.486110 0.639652 0.829540 0.714339 0.968218
0.765779 0.701286 0.000000 0.353893 0.877886 0.844868 0.540319 0.731549 0.756162 0.979127 0.810266 0.888711 0.681935 0.818466 0.719599 0.665671 0.913102 0.838623 0.581712 0.742838 0.625612 0.861068 0.583558 0.673342 0.455194 0.425081 0.916124 0.897749 0.776009 0.835938 0.571911 0.626182 0.575574 0.660169 0.864555 0.882388 0.543386 0.622139 0.480783 0.710152 0.804179 0.730497 0.698273 0.720879 0.828707 0.797933 0.620889 0.763253 0.856221 0.749554 0.700170 0.741775 0.872072 0.958190 0.718533 0.873674 0.778902 0.707587 0.746986 0.660213 0.618438 0.838363 0.900316 0.929771 0.418359 0.517044 0.641193 0.621141 0.614590 0.584726 0.746802 0.685075 0.691985 0.606529 0.951795 0.838786 0.660807 0.719778 0.588603 0.739393 0.849952 0.795755 0.857104 0.821029 0.685286 0.684034 0.856695 0.927134 0.882032 0.782104 0.739430 0.638195 0.671962 0.734377 0.883320 0.852465 0.766209 0.819835 0.850279 0.783032 0.980455 0.813901 0.955277 0.932117 0.709519 0.758686 0.948932 0.746580 0.910152 0.893651 0.967318 0.871268 0.775580 0.907015 0.748202 0.859089
0.498080 0.451074 0.353893 0.000000 0.863413 0.618102 0.494845 0.434513 0.645907 0.763687 0.500971 0.496628 0.473514 0.458057 0.615457 0.451554 0.639480 0.558384 0.458338 0.472511 0.583068 0.928768 0.580031 0.564953 0.651436 0.539913 0.927419 0.857575 0.533134 0.581667 0.649247 0.672258 0.452757 0.507821 0.849664 0.740967 0.549781 0.599470 0.556785 0.660983 0.753927 0.828408 0.641471 0.654842 0.744471 0.695732 0.491383 0.613065 0.638291 0.553082 0.605270 0.601094 0.798529 0.936491 0.604995 0.717898 0.590704 0.460185 0.594640 0.491300 0.432171 0.501940 0.601742 0.591110 0.420500 0.264640 0.651279 0.625951 0.478042 0.322431 0.654067 0.667049 0.759452 0.616529 0.801373 0.721568 0.635970 0.704518 0.412608 0.585724 0.644544 0.539327 0.752020 0.646425 0.575744 0.561725 0.869043 0.948836 0.737844 0.592468 0.705263 0.711364 0.611822 0.744599 0.675818 0.753613 0.749424 0.810603 0.698589 0.726328 0.883522 0.855187 0.844596 0.895306 0.584331 0.631173 0.918540 0.941764 0.966929 0.922541 0.939949 0.763573 0.781672 0.934801 0.674106 0.786114
0.768993 0.837306 0.877886 0.863413 0.000000 0.940217 0.854475 0.827069 0.976960 0.904531 0.899024 0.805117 0.606032 0.801784 0.636060 0.659075 0.898437 0.882112 0.888903 0.916290 0.967033 0.842735 0.633512 0.646118 0.811360 0.939432 0.701590 0.923041 0.918761 0.865441 0.961850 0.899890 0.787283 0.962504 0.976876 0.935901 0.950353 0.959342 0.968052 0.878571 0.831813 0.912394 0.845421 0.879182 0.841550 0.780145 0.716743 0.769249 0.650970 0.740537 0.795179 0.741518 0.803264 0.901659 0.752120 0.805199 0.873200 0.761242 0.807709 0.726293 0.685533 0.743053 0.781339 0.759386 0.681373 0.732770 0.997514 0.988217 0.861683 0.792948 0.806004 0.806795 0.800138 0.956634 0.824848 0.908779 0.961996 0.864976 0.951325 0.765428 0.796596 0.812329 0.833595 0.772695 0.612047 0.684206 0.641076 0.891445 0.611724 0.657821 0.986949 0.839892 0.916625 0.861905 0.980336 0.999779 0.902151 0.900672 0.882821 0.803383 0.920744 0.882454 0.941332 0.969460 0.859120 0.891448 0.782651 0.934643 0.904191 0.973403 0.881140 0.837084 0.685020 0.947643 0.910834 0.939293
0.516505 0.525465 0.844868 0.618102 0.940217 0.000000 0.553018 0.531872 0.697451 0.721802 0.561731 0.551407 0.756566 0.682736 0.894043 0.562614 0.556823 0.547034 0.558152 0.652813 0.752841 0.908201 0.888982 0.842680 0.949202 0.994838 0.852840 0.981836 0.630515 0.566763 0.706820 0.703206 0.529540 0.542626 0.941634 0.652128 0.737031 0.882676 0.968925 0.667849 0.612107 0.910378 0.599613 0.646417 0.683512 0.667374 0.638099 0.654824 0.617206 0.657508 0.668346 0.633590 0.739691 0.988703 0.673264 0.703225 0.555475 0.620638 0.567953 0.639291 0.592355 0.613935 0.609429 0.540442 0.917343 0.610259 0.745785 0.615447 0.748076 0.811475 0.639472 0.756206 0.598560 0.721652 0.951471 0.868442 0.752877 0.629539 0.648988 0.600937 0.566127 0.580088 0.786658 0.672637 0.769213 0.772812 0.885461 0.853343 0.985526 0.771105 0.784866 0.891276 0.812691 0.936186 0.682750 0.776269 0.903379 0.790265 0.567221 0.746473 0.824036 0.908644 0.759131 0.748382 0.739588 0.861071 0.894347 0.935773 0.907896 0.991430 0.885695 0.755037 0.797153 0.806092 0.819828 0.982000
0.577614 0.526599 0.540319 0.494845 0.854475 0.553018 0.000000 0.324559 0.380324 0.468028 0.503731 0.589097 0.768800 0.766715 0.832250 0.512672 0.496920 0.430839 0.333202 0.506276 0.686186 0.918223 0.640298 0.823538 0.995029 0.868653 0.706389 0.893125 0.405639 0.346745 0.357895 0.439182 0.300394 0.266131 0.821988 0.904157 0.772027 0.729984 0.764148 0.866855 0.737724 0.774530 0.295252 0.378921 0.310985 0.401690 0.584263 0.554434 0.542657 0.632738 0.521308 0.554582 0.539137 0.706509 0.711596 0.786743 0.484400 0.615694 0.561409 0.752896 0.364055 0.612558 0.477459 0.497106 0.785984 0.644867 0.272073 0.294522 0.780591 0.705990 0.454632 0.420983 0.414184 0.345516 0.874926 0.782014 0.494755 0.456787 0.548235 0.597752 0.635753 0.730278 0.755228 0.837956 0.837663 0.915467 0.940669 0.858805 0.966270 0.830155 0.496666 0.611994 0.637940 0.802457 0.638603 0.616850 0.573562 0.584432 0.337765 0.331801 0.650169 0.615191 0.533956 0.680189 0.463722 0.686667 0.766377 0.808203 0.740468 0.868777 0.800727 0.507020 0.392278 0.787465 0.689575 0.928245
0.464724 0.451126 0.731549 0.434513 0.827069 0.531872 0.324559 0.000000 0.428548 0.311511 0.363704 0.294037 0.613880 0.486669 0.869425 0.540892 0.471371 0.420241 0.460077 0.442119 0.848612 0.923024 0.845602 0.906399 0.843125 0.970335 0.703889 0.896464 0.373306 0.353311 0.674595 0.739697 0.452429 0.350302 0.835952 0.769710 0.773892 0.755736 0.854273 0.800025 0.767316 0.895869 0.448229 0.508011 0.370702 0.374879 0.507081 0.469602 0.405713 0.501263 0.467322 0.467892 0.542300 0.771204 0.590917 0.607745 0.530598 0.516088 0.461777 0.548288 0.274831 0.255672 0.341029 0.282771 0.840632 0.450434 0.461314 0.423191 0.750920 0.566618 0.588445 0.629564 0.608297 0.574625 0.751162 0.720557 0.500694 0.618325 0.516329 0.630239 0.539498 0.612763 0.807452 0.722114 0.830954 0.908398 0.948583 0.843496 0.843255 0.629628 0.552737 0.773656 0.640375 0.903760 0.677609 0.679431 0.629047 0.657756 0.381471 0.416672 0.543674 0.772609 0.582894 0.699432 0.488299 0.635341 0.899669 0.949000 0.734150 0.810211 0.808719 0.523133 0.513854 0.818810 0.699994 0.918319
0.787404 0.700710 0.756162 0.645907 0.976960 0.697451 0.380324 0.428548 0.000000 0.396773 0.590315 0.597225 0.914481 0.864944 0.968678 0.668989 0.648234 0.547319 0.600812 0.595123 0.717479 0.982316 0.903670 0.953355 0.816328 0.835046 0.730418 0.888023 0.447009 0.506225 0.471256 0.636376 0.569879 0.439412 0.899560 0.961915 0.777818 0.903622 0.744898 0.859393 0.763156 0.790627 0.491868 0.572564 0.513182 0.643690 0.880662 0.786215 0.762743 0.826941 0.694476 0.760532 0.597856 0.660564 0.987891 0.974757 0.630135 0.792693 0.852624 0.991732 0.606279 0.627016 0.605004 0.597231 0.972130 0.771813 0.485478 0.544797 0.844213 0.741461 0.434605 0.439467 0.513503 0.502174 0.984574 0.776535 0.551291 0.578337 0.677357 0.691800 0.842379 0.976966 0.909968 0.998594 0.854395 0.808537 0.796217 0.764105 0.793095 0.943744 0.394078 0.523978 0.588381 0.621620 0.649136 0.805346 0.739225 0.635034 0.505460 0.452985 0.551881 0.626558 0.646256 0.752865 0.602956 0.895650 0.819124 0.848461 0.866391 0.994958 0.876465 0.602594 0.710494 0.900899 0.815823 0.896032
0.657420 0.656923 0.979127 0.763687 0.904531 0.721802 0.468028 0.311511 0.396773 0.000000 0.504374 0.453861 0.875930 0.763468 0.987776 0.702783 0.511638 0.435581 0.606883 0.510748 0.957474 0.839838 0.955040 0.830443 0.687116 0.830476 0.705522 0.818882 0.410405 0.423430 0.687194 0.802337 0.623447 0.441873 0.790230 0.950849 0.822393 0.836157 0.896295 0.878969 0.867687 0.872792 0.510862 0.587864 0.417168 0.498676 0.786210 0.661572 0.596134 0.789743 0.696760 0.720009 0.651560 0.728335 0.878460 0.826354 0.593876 0.719318 0.701174 0.913989 0.519840 0.463969 0.419002 0.374528 0.862445 0.819238 0.527976 0.572649 0.867542 0.815713 0.504122 0.555695 0.630073 0.585176 0.898745 0.786536 0.604150 0.626449 0.667210 0.725416 0.641442 0.848052 0.931123 0.973229 0.855814 0.763279 0.856373 0.697866 0.976778 0.838979 0.442160 0.675645 0.642802 0.813861 0.788342 0.692241 0.741875 0.682128 0.339339 0.398328 0.453728 0.648121 0.518633 0.633007 0.609461 0.776968 0.899347 0.978432 0.727706 0.888311 0.634276 0.488706 0.536062 0.908052 0.814506 0.907671
0.297022 0.283683 0.810266 0.500971 0.899024 0.561731 0.503731 0.363704 0.590315 0.504374 0.000000 0.233498 0.479150 0.370297 0.676417 0.437278 0.285995 0.252689 0.339384 0.329541 0.737119 0.883389 0.859078 0.779461 0.908724 0.962293 0.866510 0.943942 0.288303 0.278192 0.725325 0.719178 0.406132 0.343902 0.925654 0.676864 0.719602 0.711417 0.718303 0.661247 0.820529 0.771599 0.501420 0.519752 0.554696 0.518570 0.472553 0.471008 0.453749 0.512665 0.526865 0.540256 0.758681 0.997578 0.609123 0.551923 0.309400 0.312390 0.404916 0.479502 0.330297 0.348558 0.285000 0.253134 0.849310 0.461734 0.699501 0.625051 0.639217 0.542220 0.624040 0.648718 0.542603 0.534410 0.775813 0.656283 0.498884 0.633103 0.369946 0.486886 0.346331 0.360084 0.660400 0.464581 0.732792 0.732812 0.955757 0.958875 0.759553 0.561474 0.807188 0.935556 0.855734 0.971592 0.712496 0.733350 0.757394 0.742680 0.482330 0.624435 0.783949 0.842192 0.632721 0.686393 0.568439 0.676790 0.830900 0.938775 0.733052 0.888948 0.929106 0.513712 0.553186 0.981169 0.717640 0.886096
0.292440 0.300699 0.888711 0.496628 0.805117 0.551407 0.589097 0.294037 0.597225 0.453861 0.233498 0.000000 0.381684 0.297080 0.634831 0.397179 0.327940 0.332490 0.478624 0.358409 0.800051 0.910870 0.850804 0.783576 0.864700 0.891965 0.896021 0.953891 0.340962 0.354482 0.884351 0.910309 0.490242 0.438703 0.972029 0.689893 0.730832 0.757816 0.855253 0.676524 0.813923 0.851707 0.600142 0.592657 0.568809 0.494779 0.433300 0.411877 0.368543 0.420511 0.521544 0.479174 0.681332 0.976630 0.518918 0.517618 0.380300 0.305020 0.400653 0.423805 0.291079 0.189824 0.248910 0.201856 0.791171 0.371502 0.758057 0.685910 0.604643 0.490656 0.704548 0.769436 0.710099 0.697688 0.703221 0.705708 0.574416 0.700796 0.476873 0.550426 0.330063 0.367537 0.620522 0.446697 0.660400 0.691568 0.947241 0.944000 0.633400 0.528039 0.740515 0.965494 0.820023 0.970038 0.703279 0.741327 0.789272 0.757179 0.511775 0.604029 0.700949 0.943499 0.689635 0.727385 0.555484 0.631829 0.872336 0.948352 0.717191 0.890977 0.876973 0.530814 0.671579 0.945196 0.760180 0.883424
0.335358 0.359706 0.681935 0.473514 0.606032 0.756566 0.768800 0.613880 0.914481 0.875930 0.479150 0.381684 0.000000 0.331621 0.312248 0.323947 0.535674 0.567446 0.537609 0.507741 0.788624 0.967426 0.470008 0.436072 0.752786 0.947090 0.686077 0.810951 0.579169 0.630303 0.933599 0.943402 0.566625 0.629107 0.970694 0.718775 0.682668 0.793702 0.747340 0.627290 0.872675 0.794211 0.786976 0.803105 0.811151 0.680923 0.380237 0.427648 0.422399 0.443945 0.623284 0.550923 0.867958 0.764424 0.564669 0.527795 0.503571 0.282803 0.422254 0.287201 0.355483 0.392452 0.477500 0.482136 0.368758 0.280445 0.958269 0.915064 0.507673 0.381882 0.997935 0.976644 0.995093 0.858330 0.656901 0.783178 0.699857 0.835894 0.580457 0.537766 0.454682 0.344329 0.506833 0.349585 0.316679 0.349934 0.871804 0.875048 0.432108 0.419793 0.998550 0.894939 0.994598 0.891232 0.807844 0.807277 0.868252 0.865183 0.754996 0.773531 0.930161 0.946587 0.977282 0.952437 0.729441 0.701173 0.883471 0.988904 0.867499 0.937061 0.981434 0.697945 0.802442 0.978066 0.711184 0.889373
0.405864 0.383877 0.818466 0.458057 0.801784 0.682736 0.766715 0.486669 0.864944 0.763468 0.370297 0.297080 0.331621 0.000000 0.482013 0.393521 0.500295 0.468859 0.534245 0.447470 0.848180 0.934260 0.649235 0.534592 0.980852 0.984420 0.909257 0.857272 0.476692 0.482981 0.962524 0.934140 0.549830 0.635973 0.929911 0.623283 0.713973 0.769586 0.834008 0.657048 0.817275 0.958411 0.746410 0.689927 0.743799 0.606976 0.473686 0.527341 0.453148 0.398782 0.537136 0.479639 0.736204 0.954914 0.531094 0.562223 0.530001 0.313238 0.504804 0.403289 0.406459 0.346931 0.439258 0.383213 0.611948 0.329686 0.987511 0.881542 0.661073 0.479794 0.942073 0.922393 0.949361 0.887219 0.763075 0.769776 0.708637 0.910911 0.517094 0.586662 0.481326 0.379702 0.531382 0.394319 0.555804 0.516907 0.896357 0.848319 0.550524 0.414478 0.974943 0.796376 0.974741 0.821101 0.819855 0.853307 0.926866 0.973384 0.778110 0.853203 0.915269 0.890989 0.888961 0.906363 0.722165 0.726190 0.856650 0.843094 0.832670 0.933087 0.967329 0.762847 0.828661 0.980538 0.723860 0.849415
0.553998 0.552268 0.719599 0.615457 0.636060 0.894043 0.832250 0.869425 0.968678 0.987776 0.676417 0.634831 0.312248 0.482013 0.000000 0.314008 0.649642 0.616875 0.567457 0.582804 0.708601 0.968457 0.324829 0.342539 0.669602 0.828852 0.542178 0.745579 0.676708 0.682363 0.921870 0.941419 0.614146 0.754739 0.912727 0.792634 0.746053 0.873102 0.821970 0.722483 0.861908 0.814162 0.861113 0.858033 0.953027 0.896529 0.628602 0.661497 0.685593 0.680439 0.835987 0.789125 0.960979 0.745325 0.728444 0.797542 0.579235 0.437852 0.668350 0.595338 0.587703 0.710981 0.647995 0.701424 0.402061 0.490756 0.944311 0.945812 0.527850 0.565923 0.994556 0.931082 0.944760 0.889023 0.829684 0.809271 0.845010 0.875872 0.759456 0.550938 0.594080 0.494632 0.494422 0.507706 0.401419 0.391945 0.840059 0.787881 0.566893 0.588629 0.969590 0.894480 0.939484 0.889153 0.811641 0.840295 0.920931 0.944589 0.850424 0.837297 0.819961 0.977664 0.994819 0.960962 0.844649 0.908096 0.963174 0.963025 0.891219 0.921049 0.921279 0.807124 0.858239 0.940452 0.830602 0.918646
0.379211 0.319271 0.665671 0.451554 0.659075 0.562614 0.512672 0.540892 0.668989 0.702783 0.437278 0.397179 0.323947 0.393521 0.314008 0.000000 0.389909 0.378258 0.369137 0.364365 0.660620 0.920897 0.377440 0.405369 0.861477 0.878045 0.800932 0.864874 0.444004 0.427855 0.676909 0.724962 0.370392 0.448160 0.963505 0.707419 0.611441 0.696507 0.758352 0.597246 0.697710 0.742921 0.531487 0.542617 0.631730 0.592198 0.491689 0.461035 0.470903 0.515785 0.568621 0.519376 0.693298 0.976757 0.647491 0.687857 0.345004 0.306029 0.519526 0.544479 0.380188 0.491814 0.440220 0.437738 0.494458 0.400951 0.772021 0.753616 0.493927 0.527056 0.680610 0.652476 0.726294 0.596361 0.776490 0.739762 0.636039 0.627130 0.502937 0.407068 0.444358 0.455222 0.486675 0.487378 0.494193 0.502554 0.992415 0.976879 0.626145 0.599996 0.734314 0.890888 0.836117 0.973063 0.644040 0.677765 0.873167 0.796695 0.569768 0.558154 0.930466 0.856643 0.785464 0.810598 0.660388 0.731112 0.925190 0.936864 0.765416 0.954241 0.885061 0.560156 0.639009 0.895412 0.696880 0.930801
0.257503 0.247825 0.913102 0.639480 0.898437 0.556823 0.496920 0.471371 0.648234 0.511638 0.285995 0.327940 0.535674 0.500295 0.649642 0.389909 0.000000 0.172912 0.349253 0.306763 0.729949 0.960386 0.823412 0.791873 0.889025 0.868419 0.872726 0.960579 0.284460 0.251978 0.681194 0.652838 0.376158 0.329191 0.895408 0.718780 0.728462 0.805182 0.935080 0.693286 0.783524 0.711706 0.423930 0.432396 0.480163 0.487001 0.467073 0.384828 0.403762 0.511208 0.569041 0.567579 0.797127 0.906327 0.568493 0.500848 0.184478 0.298941 0.382303 0.575970 0.376500 0.490404 0.222517 0.230784 0.875755 0.654009 0.642684 0.659984 0.599597 0.669716 0.525488 0.582622 0.512775 0.501512 0.738089 0.782486 0.539948 0.580235 0.418889 0.393243 0.263921 0.363824 0.522253 0.485285 0.685949 0.727543 0.958812 0.894818 0.786037 0.612090 0.785927 0.934649 0.879513 0.917057 0.674982 0.618960 0.702780 0.705823 0.382016 0.456950 0.766385 0.789637 0.604154 0.549149 0.557520 0.598964 0.989507 0.929055 0.599241 0.914394 0.752367 0.443231 0.563936 0.830440 0.754315 0.981068
0.298774 0.263181 0.838623 0.558384 0.882112 0.547034 0.430839 0.420241 0.547319 0.435581 0.252689 0.332490 0.567446 0.468859 0.616875 0.378258 0.172912 0.000000 0.289659 0.265014 0.675561 0.985199 0.763562 0.754175 0.924611 0.974221 0.900229 0.925929 0.235643 0.199099 0.612425 0.568154 0.317946 0.278098 0.976191 0.759881 0.717880 0.770581 0.880231 0.709780 0.775581 0.674747 0.383691 0.397386 0.443006 0.471883 0.498688 0.420274 0.435453 0.533800 0.550056 0.562003 0.738077 0.946636 0.625031 0.563729 0.204079 0.297087 0.436910 0.627239 0.360897 0.482528 0.225843 0.234715 0.832207 0.613122 0.622288 0.604016 0.601087 0.622781 0.492068 0.522421 0.521297 0.476221 0.820698 0.739630 0.530814 0.522099 0.397302 0.366082 0.302325 0.401310 0.498879 0.499747 0.697462 0.735677 0.954743 0.958342 0.842928 0.590343 0.732428 0.885345 0.842526 0.988418 0.669813 0.600708 0.705724 0.709302 0.346714 0.435871 0.741819 0.757508 0.571941 0.551446 0.528086 0.615855 0.987881 0.972876 0.671249 0.962961 0.785632 0.428066 0.528965 0.876058 0.692690 0.936147
0.342962 0.342767 0.581712 0.458338 0.888903 0.558152 0.333202 0.460077 0.600812 0.606883 0.339384 0.478624 0.537609 0.534245 0.567457 0.369137 0.349253 0.289659 0.000000 0.338815 0.690698 0.934820 0.568367 0.664811 0.930086 0.900066 0.911005 0.968311 0.350640 0.333167 0.538407 0.503507 0.320898 0.293988 0.889177 0.787538 0.718315 0.705866 0.743116 0.704376 0.746689 0.750764 0.480811 0.526762 0.540645 0.561253 0.491521 0.475157 0.547394 0.605433 0.655100 0.646776 0.805409 0.943364 0.658527 0.665820 0.337306 0.392137 0.443918 0.569091 0.371777 0.603416 0.427894 0.443783 0.688980 0.523749 0.545882 0.585913 0.576289 0.604432 0.542433 0.504935 0.523059 0.418385 0.831253 0.761245 0.506849 0.556388 0.409114 0.468436 0.447902 0.431863 0.629419 0.540017 0.641339 0.698410 0.955775 0.992068 0.857242 0.706347 0.720859 0.830441 0.772970 0.920611 0.645822 0.649664 0.673118 0.822387 0.454044 0.471880 0.868428 0.766071 0.672091 0.730159 0.610342 0.684478 0.985449 0.972338 0.741364 0.945832 0.940341 0.532926 0.520673 0.904637 0.683399 0.921662
0.322585 0.281620 0.742838 0.472511 0.916290 0.652813 0.506276 0.442119 0.595123 0.510748 0.329541 0.358409 0.507741 0.447470 0.582804 0.364365 0.306763 0.265014 0.338815 0.000000 0.731830 0.984435 0.673352 0.737249 0.967066 0.967327 0.906164 0.972125 0.307982 0.348427 0.696975 0.722485 0.437217 0.342326 0.960073 0.722594 0.656162 0.739308 0.746331 0.742016 0.755378 0.798153 0.557080 0.564615 0.584452 0.579613 0.562128 0.486118 0.528498 0.550848 0.653393 0.640000 0.785124 0.944852 0.644651 0.635478 0.297656 0.318996 0.503964 0.582582 0.388243 0.485652 0.335226 0.342852 0.721861 0.538814 0.720065 0.727270 0.552259 0.499488 0.510437 0.548781 0.615803 0.548516 0.845372 0.797400 0.522033 0.629538 0.441297 0.518953 0.465046 0.490676 0.576806 0.585232 0.706391 0.783049 0.952752 0.897242 0.792559 0.592787 0.721163 0.826333 0.738221 0.913273 0.739460 0.631182 0.788731 0.766662 0.466782 0.472645 0.784729 0.853968 0.678388 0.709197 0.600500 0.632382 0.999435 0.983414 0.760096 0.977783 0.921254 0.435965 0.628209 0.923647 0.790695 0.874026
0.736906 0.681778 0.625612 0.583068 0.967033 0.752841 0.686186 0.848612 0.717479 0.957474 0.737119 0.800051 0.788624 0.848180 0.708601 0.660620 0.729949 0.675561 0.690698 0.731830 0.000000 0.901476 0.725953 0.776164 0.828368 0.708677 0.857639 0.783758 0.728147 0.679355 0.612816 0.730679 0.705259 0.703176 0.998469 0.893698 0.649015 0.910300 0.721599 0.709533 0.930095 0.868678 0.715717 0.711219 0.848429 0.901045 0.760651 0.791096 0.849357 0.840517 0.836846 0.855670 0.919277 0.958066 0.785224 0.942402 0.667133 0.678797 0.805838 0.862413 0.761896 0.879716 0.793691 0.802264 0.700410 0.750540 0.738367 0.741449 0.604340 0.619665 0.755273 0.781490 0.670808 0.736323 0.841262 0.872741 0.824531 0.652691 0.706626 0.618604 0.727617 0.698742 0.779859 0.753303 0.752439 0.684777 0.888969 0.983752 0.996421 0.926313 0.893750 0.873709 0.872269 0.851994 0.677992 0.904321 0.842723 0.899384 0.821144 0.809036 0.983162 0.780375 0.920634 0.776773 0.660184 0.819645 0.955700 0.959977 0.759997 0.880088 0.998262 0.886960 0.852306 0.951958 0.815398 0.938197
0.917658 0.939092 0.861068 0.928768 0.842735 0.908201 0.918223 0.923024 0.982316 0.839838 0.883389 0.910870 0.967426 0.934260 0.968457 0.920897 0.960386 0.985199 0.934820 0.984435 0.901476 0.000000 0.889444 0.812846 0.842007 0.858107 0.999109 0.940855 0.984053 0.951154 0.811845 0.736170 0.901192 0.934439 0.854774 0.948713 0.814452 0.895061 0.926614 0.891100 0.911371 0.898784 0.884366 0.929236 0.982885 0.969659 0.970440 0.943046 0.926974 0.996131 0.937813 0.995149 0.915442 0.864433 0.992947 0.870870 0.925319 0.973764 0.942217 0.881941 0.912591 0.793175 0.880382 0.889821 0.951556 0.921686 0.877691 0.992158 0.985448 0.970355 0.805237 0.825184 0.881366 0.906725 0.918441 0.948907 0.895747 0.913681 0.947102 0.866641 0.995656 0.998526 0.954848 0.990288 0.951448 0.909316 0.893009 0.897516 0.984449 0.827995 0.898157 0.807591 0.859199 0.882822 0.923733 0.823084 0.932531 0.997973 0.964363 0.893617 0.930889 0.993022 0.939209 0.744968 0.861627 0.834595 0.966272 0.887327 0.797762 0.852087 0.997910 0.993988 0.976046 0.767752 0.882494 0.972229
0.701520 0.665319 0.583558 0.580031 0.633512 0.888982 0.640298 0.845602 0.903670 0.955040 0.859078 0.850804 0.470008 0.649235 0.324829 0.377440 0.823412 0.763562 0.568367 0.673352 0.725953 0.889444 0.000000 0.313208 0.647339 0.708202 0.608526 0.705733 0.740206 0.771876 0.800475 0.811890 0.540203 0.721413 0.938883 0.933043 0.803112 0.911982 0.765447 0.842820 0.795688 0.879832 0.744554 0.787096 0.782186 0.765913 0.659301 0.665385 0.679812 0.660020 0.763688 0.692481 0.786188 0.976676 0.802679 0.884726 0.726718 0.598815 0.785411 0.691105 0.603478 0.865117 0.799095 0.866793 0.327216 0.558482 0.836418 0.845446 0.677325 0.597787 0.986746 0.869506 0.986372 0.823835 0.813609 0.925571 0.834732 0.812653 0.814039 0.686774 0.818306 0.721345 0.610252 0.695090 0.414331 0.447290 0.937383 0.804188 0.688561 0.695897 0.894276 0.925710 0.923283 0.975041 0.822064 0.805604 0.881605 0.865905 0.805123 0.695124 0.855169 0.976402 0.938342 0.997394 0.736806 0.829160 0.808978 0.864997 0.943097 0.906045 0.925735 0.805926 0.738678 0.957120 0.735136 0.969708
0.696716 0.625617 0.673342 0.564953 0.646118 0.842680 0.823538 0.906399 0.953355 0.830443 0.779461 0.783576 0.436072 0.534592 0.342539 0.405369 0.791873 0.754175 0.664811 0.737249 0.776164 0.812846 0.313208 0.000000 0.661430 0.763766 0.664469 0.765026 0.819253 0.770766 0.944227 0.832774 0.595413 0.804114 0.971304 0.809729 0.754522 0.904626 0.733316 0.794425 0.844050 0.838931 0.782773 0.756925 0.918527 0.834608 0.638047 0.745472 0.710805 0.649936 0.721253 0.676825 0.852883 0.897857 0.786345 0.780071 0.710075 0.544648 0.764024 0.639065 0.684379 0.836160 0.796110 0.836069 0.421573 0.526578 0.997636 0.947157 0.752013 0.656962 0.946189 0.983875 0.971915 0.976506 0.796995 0.897477 0.857254 0.927905 0.766137 0.569076 0.713655 0.587851 0.605216 0.539278 0.428464 0.348575 0.970143 0.728078 0.578488 0.609427 0.911025 0.925646 0.909118 0.847095 0.870724 0.835769 0.976192 0.941341 0.954825 0.887083 0.772675 0.935649 0.996393 0.957694 0.920060 0.929473 0.997209 0.978030 0.920749 0.936264 0.869792 0.845277 0.815424 0.975279 0.789107 0.901749
0.909103 0.875996 0.455194 0.651436 0.811360 0.949202 0.995029 0.843125 0.816328 0.687116 0.908724 0.864700 0.752786 0.980852 0.669602 0.861477 0.889025 0.924611 0.930086 0.967066 0.828368 0.842007 0.647339 0.661430 0.000000 0.456965 0.643103 0.878046 0.937787 0.835975 0.880761 0.878546 0.834150 0.987959 0.974716 0.985932 0.673458 0.811915 0.613632 0.895339 0.880208 0.783315 0.970504 0.974419 0.843285 0.859497 0.828791 0.928406 0.955376 0.918040 0.991418 0.981353 0.799714 0.665317 0.832211 0.930091 0.944063 0.842643 0.945616 0.761537 0.901892 0.891901 0.886298 0.816768 0.423213 0.720037 0.993890 0.994260 0.601575 0.685778 0.962569 0.985487 0.909886 0.905051 0.792023 0.909077 0.972889 0.874097 0.905625 0.860984 0.928861 0.888190 0.906922 0.841301 0.569704 0.576359 0.875837 0.963483 0.805676 0.845628 0.985012 0.799651 0.768281 0.778683 0.953461 0.924774 0.882334 0.991829 0.906905 0.909482 0.739267 0.978555 0.934905 0.997316 0.858320 0.863341 0.908628 0.829093 0.789729 0.931042 0.854244 0.841565 0.969109 0.983467 0.938420 0.962728
0.984640 0.945286 0.425081 0.539913 0.939432 0.994838 0.868653 0.970335 0.835046 0.830476 0.962293 0.891965 0.947090 0.984420 0.828852 0.878045 0.868419 0.974221 0.900066 0.967327 0.708677 0.858107 0.708202 0.763766 0.456965 0.000000 0.828830 0.828354 0.958035 0.903777 0.659858 0.727469 0.771219 0.922549 0.808244 0.975804 0.644747 0.794046 0.547192 0.830814 0.889269 0.778629 0.892743 0.908151 0.953849 0.940475 0.910369 0.992294 0.894553 0.933195 0.876500 0.945810 0.971881 0.943845 0.985802 0.896218 0.991617 0.941119 0.904284 0.948667 0.956814 0.917014 0.886065 0.819021 0.551393 0.730911 0.863426 0.851027 0.705049 0.744169 0.777854 0.774511 0.924162 0.796797 0.973266 0.894084 0.888748 0.870665 0.853608 0.872782 0.928087 0.970353 0.959375 0.979857 0.837834 0.783341 0.752396 0.909157 0.940996 0.979503 0.755296 0.565409 0.632045 0.634049 0.941848 0.926284 0.911959 0.930317 0.955828 0.971043 0.905288 0.923360 0.995534 0.962484 0.808637 0.957850 0.991200 0.792762 0.764567 0.973283 0.800215 0.930963 0.932140 0.986415 0.882399 0.893552
0.986562 0.985530 0.916124 0.927419 0.701590 0.852840 0.706389 0.703889 0.730418 0.705522 0.866510 0.896021 0.686077 0.909257 0.542178 0.800932 0.872726 0.900229 0.911005 0.906164 0.857639 0.999109 0.608526 0.664469 0.643103 0.828830 0.000000 0.621843 0.898212 0.791578 0.822252 0.804910 0.914787 0.735298 0.962501 0.927978 0.955747 0.957044 0.984631 0.871848 0.982763 0.879275 0.815235 0.767817 0.656826 0.713762 0.999877 0.986027 0.968436 0.961968 0.869247 0.912386 0.864193 0.675737 0.975339 0.942981 0.933411 0.903247 0.870564 0.925424 0.901028 0.878477 0.849148 0.834710 0.564785 0.882925 0.617472 0.621485 0.793597 0.759268 0.749987 0.749381 0.628366 0.801945 0.931333 0.963167 0.790929 0.842711 0.972145 0.863765 0.967551 0.901631 0.854494 0.883878 0.613767 0.591231 0.855801 0.795540 0.655815 0.908453 0.815289 0.892616 0.872836 0.994193 0.985146 0.924038 0.820157 0.808203 0.734530 0.772368 0.633644 0.812347 0.709640 0.905159 0.870704 0.946200 0.983647 0.946923 0.830455 0.917211 0.930827 0.846477 0.791197 0.880531 0.963122 0.984512
0.981333 0.942097 0.897749 0.857575 0.923041 0.981836 0.893125 0.896464 0.888023 0.818882 0.943942 0.953891 0.810951 0.857272 0.745579 0.864874 0.960579 0.925929 0.968311 0.972125 0.783758 0.940855 0.705733 0.765026 0.878046 0.828354 0.621843 0.000000 0.961603 0.911699 0.885455 0.889231 0.960786 0.870021 0.900966 0.824664 0.890027 0.770022 0.994986 0.743642 0.910390 0.829425 0.965901 0.908054 0.833999 0.852987 0.954977 0.992427 0.983356 0.942089 0.987686 0.983388 0.956536 0.825044 0.960963 0.866873 0.938165 0.942398 0.949764 0.911532 0.956918 0.946734 0.919187 0.895236 0.698015 0.853607 0.810839 0.926718 0.810392 0.819972 0.943033 0.956597 0.835653 0.932384 0.933122 0.952212 0.982474 0.854466 0.999960 0.943267 0.888021 0.914446 0.933869 0.963002 0.793220 0.706542 0.944074 0.983321 0.795793 0.775505 0.856497 0.996418 0.888900 0.956319 0.975870 0.899315 0.887437 0.834939 0.877428 0.871233 0.714988 0.837709 0.732750 0.905322 0.953971 0.900914 0.960415 0.830525 0.990204 0.933604 0.855554 0.849775 0.780248 0.983370 0.919802 0.975528
0.389818 0.310246 0.776009 0.533134 0.918761 0.630515 0.405639 0.373306 0.447009 0.410405 0.288303 0.340962 0.579169 0.476692 0.676708 0.444004 0.284460 0.235643 0.350640 0.307982 0.728147 0.984053 0.740206 0.819253 0.937787 0.958035 0.898212 0.961603 0.000000 0.264628 0.609174 0.641379 0.343159 0.282716 0.968055 0.773452 0.690978 0.800779 0.841961 0.778024 0.744239 0.697419 0.431205 0.472704 0.430141 0.468155 0.530973 0.494473 0.430100 0.529005 0.537136 0.585719 0.669691 0.915220 0.673230 0.615697 0.318098 0.375718 0.491454 0.622086 0.347712 0.469933 0.270708 0.295008 0.804018 0.587937 0.587654 0.581822 0.681783 0.585450 0.501415 0.516362 0.497729 0.479507 0.789168 0.780972 0.509349 0.557811 0.474055 0.501084 0.426116 0.488233 0.566768 0.583807 0.747140 0.821644 0.982366 0.873218 0.861481 0.670979 0.684497 0.799468 0.756185 0.920311 0.702696 0.647292 0.755777 0.659357 0.378199 0.476100 0.704479 0.803497 0.562751 0.622726 0.527057 0.625657 0.976110 0.947932 0.716985 0.943069 0.878618 0.460300 0.581316 0.888806 0.806368 0.907891
0.394360 0.338271 0.835938 0.581667 0.865441 0.566763 0.346745 0.353311 0.506225 0.423430 0.278192 0.354482 0.630303 0.482981 0.682363 0.427855 0.251978 0.199099 0.333167 0.348427 0.679355 0.951154 0.771876 0.770766 0.835975 0.903777 0.791578 0.911699 0.264628 0.000000 0.556262 0.559436 0.323426 0.307325 0.981130 0.803612 0.745367 0.790216 0.899011 0.734363 0.775283 0.714793 0.340649 0.311108 0.340039 0.367622 0.504285 0.456458 0.395994 0.493403 0.452771 0.475338 0.596878 0.872572 0.568469 0.561497 0.292439 0.385633 0.403342 0.641397 0.325640 0.448120 0.242131 0.243969 0.896312 0.627341 0.517905 0.471861 0.738915 0.669627 0.533089 0.520252 0.490899 0.453140 0.833348 0.712766 0.529166 0.535825 0.441809 0.400950 0.349980 0.450361 0.527668 0.553889 0.773666 0.781321 0.986269 0.987602 0.872984 0.645757 0.742960 0.931804 0.894923 0.934129 0.650940 0.679878 0.637919 0.729747 0.366782 0.429073 0.712657 0.760078 0.522238 0.587498 0.511773 0.640332 0.919060 0.990657 0.714799 0.887381 0.826203 0.478454 0.476766 0.829835 0.692574 0.975463
0.842270 0.709161 0.571911 0.649247 0.961850 0.706820 0.357895 0.674595 0.471256 0.687194 0.725325 0.884351 0.933599 0.962524 0.921870 0.676909 0.681194 0.612425 0.538407 0.696975 0.612816 0.811845 0.800475 0.944227 0.880761 0.659858 0.822252 0.885455 0.609174 0.556262 0.000000 0.307157 0.460989 0.468356 0.859573 0.979192 0.725926 0.615237 0.716930 0.868917 0.744997 0.650226 0.396933 0.417091 0.529073 0.650107 0.857893 0.855551 0.827526 0.850933 0.641297 0.755774 0.668325 0.691454 0.848678 0.952643 0.576322 0.822253 0.842533 0.944957 0.704909 0.936426 0.771163 0.774606 0.895017 0.905690 0.433114 0.468612 0.782406 0.916099 0.377033 0.337190 0.436275 0.344460 0.950176 0.837175 0.591941 0.404119 0.641265 0.621486 0.791622 0.964504 0.901622 0.950492 0.916672 0.958301 0.806783 0.732192 0.772782 0.860902 0.564524 0.502717 0.596236 0.673633 0.688162 0.840203 0.647699 0.813821 0.536202 0.551401 0.773216 0.540838 0.572941 0.741602 0.603261 0.863979 0.766592 0.727417 0.863837 0.922378 0.857270 0.751848 0.619089 0.833924 0.801266 0.947699
0.840397 0.662895 0.626182 0.672258 0.899890 0.703206 0.439182 0.739697 0.636376 0.802337 0.719178 0.910309 0.943402 0.934140 0.941419 0.724962 0.652838 0.568154 0.503507 0.722485 0.730679 0.736170 0.811890 0.832774 0.878546 0.727469 0.804910 0.889231 0.641379 0.559436 0.307157 0.000000 0.486954 0.500580 0.911227 0.964983 0.773879 0.725290 0.794059 0.836655 0.799923 0.710199 0.423573 0.439918 0.568078 0.646731 0.776249 0.819388 0.821887 0.816204 0.636677 0.712540 0.735664 0.810207 0.864887 0.933470 0.589493 0.781588 0.835924 0.999372 0.738659 0.991932 0.755331 0.790242 0.914657 0.945180 0.514676 0.488700 0.859316 0.914957 0.438340 0.481037 0.507075 0.454069 0.890571 0.908430 0.697853 0.540397 0.652936 0.585683 0.786656 0.880874 0.823729 0.925228 0.980551 0.943134 0.742569 0.999349 0.780576 0.964060 0.743768 0.665508 0.761816 0.874745 0.741811 0.829979 0.768491 0.926136 0.634159 0.626470 0.825629 0.654913 0.639229 0.739515 0.632172 0.828910 0.966977 0.918916 0.912197 0.934887 0.820410 0.784605 0.601999 0.890875 0.781151 0.936375
0.399379 0.324502 0.575574 0.452757 0.787283 0.529540 0.300394 0.452429 0.569879 0.623447 0.406132 0.490242 0.566625 0.549830 0.614146 0.370392 0.376158 0.317946 0.320898 0.437217 0.705259 0.901192 0.540203 0.595413 0.834150 0.771219 0.914787 0.960786 0.343159 0.323426 0.460989 0.486954 0.000000 0.282501 0.878587 0.847630 0.713686 0.661535 0.757172 0.733473 0.693860 0.627253 0.317280 0.323711 0.380113 0.401326 0.454916 0.448939 0.406026 0.430129 0.397974 0.430387 0.590383 0.878844 0.547027 0.584772 0.308880 0.361527 0.439548 0.553560 0.316469 0.564475 0.391163 0.419677 0.603443 0.509004 0.472578 0.440381 0.606141 0.634932 0.549738 0.512399 0.523889 0.422346 0.698804 0.784211 0.506757 0.455923 0.465806 0.450962 0.398818 0.473297 0.513111 0.527438 0.569320 0.583512 0.944337 0.977661 0.788407 0.606164 0.698716 0.766175 0.760945 0.962655 0.700686 0.618275 0.601958 0.618755 0.387746 0.481073 0.813902 0.776639 0.567887 0.690046 0.472068 0.611499 0.924452 0.764747 0.807287 0.908745 0.899382 0.533752 0.458831 0.806838 0.650888 0.890221
0.405060 0.342924 0.660169 0.507821 0.962504 0.542626 0.266131 0.350302 0.439412 0.441873 0.343902 0.438703 0.629107 0.635973 0.754739 0.448160 0.329191 0.278098 0.293988 0.342326 0.703176 0.934439 0.721413 0.804114 0.987959 0.922549 0.735298 0.870021 0.282716 0.307325 0.468356 0.500580 0.282501 0.000000 0.905018 0.872333 0.652927 0.700146 0.755727 0.761914 0.728485 0.697243 0.333154 0.398435 0.337464 0.399734 0.516055 0.456678 0.456892 0.559855 0.489992 0.550189 0.623526 0.831194 0.711249 0.614795 0.304932 0.419855 0.456537 0.620321 0.329490 0.525832 0.355146 0.372795 0.772462 0.608785 0.425257 0.433868 0.662314 0.642833 0.383561 0.418733 0.402873 0.332572 0.723659 0.817930 0.410931 0.425512 0.482365 0.472941 0.452594 0.573453 0.667334 0.641375 0.773386 0.841104 0.870705 0.836286 0.949838 0.755043 0.597895 0.675564 0.676725 0.854659 0.604043 0.521823 0.650817 0.608996 0.272299 0.343692 0.686708 0.647967 0.513662 0.637099 0.465917 0.605381 0.993013 0.811132 0.729070 0.979689 0.824432 0.394128 0.436655 0.735816 0.671362 0.913800
0.878963 0.953427 0.864555 0.849664 0.976876 0.941634 0.821988 0.835952 0.899560 0.790230 0.925654 0.972029 0.970694 0.929911 0.912727 0.963505 0.895408 0.976191 0.889177 0.960073 0.998469 0.854774 0.938883 0.971304 0.974716 0.808244 0.962501 0.900966 0.968055 0.981130 0.859573 0.911227 0.878587 0.905018 0.000000 0.840804 0.972744 0.842473 0.986952 0.951229 0.820138 0.831756 0.725429 0.816565 0.699313 0.717404 0.876464 0.873954 0.872080 0.962620 0.772226 0.820973 0.703523 0.752925 0.996421 0.985906 0.916572 0.985295 0.980946 0.975701 0.859112 0.910128 0.942393 0.959732 0.878168 0.980793 0.747471 0.657474 0.931771 0.993128 0.815311 0.890397 0.978913 0.950815 0.967144 0.995367 0.858388 0.788003 0.990663 0.953587 0.909675 0.852165 0.984595 0.784979 0.945100 0.994439 0.886041 0.882686 0.981052 0.845525 0.793439 0.764070 0.860875 0.932063 0.955743 0.774441 0.888078 0.891419 0.836111 0.853739 0.699367 0.839844 0.814170 0.960031 0.837133 0.876951 0.942394 0.861662 0.908365 0.824261 0.922723 0.965950 0.806417 0.838415 0.806833 0.949557
0.684283 0.681406 0.882388 0.740967 0.935901 0.652128 0.904157 0.769710 0.961915 0.950849 0.676864 0.689893 0.718775 0.623283 0.792634 0.707419 0.718780 0.759881 0.787538 0.722594 0.893698 0.948713 0.933043 0.809729 0.985932 0.975804 0.927978 0.824664 0.773452 0.803612 0.979192 0.964983 0.847630 0.872333 0.840804 0.000000 0.715153 0.946692 0.855827 0.854813 0.739850 0.890143 0.895766 0.865918 0.965771 0.915486 0.791042 0.787320 0.792861 0.762107 0.849672 0.770569 0.901427 0.951234 0.754111 0.810981 0.725887 0.666431 0.807747 0.696166 0.798294 0.753126 0.758130 0.688955 0.893278 0.685085 0.912271 0.998169 0.839247 0.869967 0.916008 0.995475 0.781382 0.949944 0.937030 0.961278 0.775781 0.893215 0.743649 0.895927 0.821095 0.684766 0.836738 0.684416 0.842227 0.841409 0.980837 0.964283 0.846091 0.712677 0.962738 0.952833 0.964657 0.932881 0.913733 0.921852 0.852587 0.932209 0.933426 0.978813 0.974584 0.925774 0.870526 0.965459 0.938218 0.981423 0.951213 0.908320 0.956437 0.888476 0.982498 0.818623 0.995586 0.980227 0.998081 0.915337
0.683533 0.604887 0.543386 0.549781 0.950353 0.737031 0.772027 0.773892 0.777818 0.822393 0.719602 0.730832 0.682668 0.713973 0.746053 0.611441 0.728462 0.717880 0.718315 0.656162 0.649015 0.814452 0.803112 0.754522 0.673458 0.644747 0.955747 0.890027 0.690978 0.745367 0.725926 0.773879 0.713686 0.652927 0.972744 0.715153 0.000000 0.684129 0.681057 0.550548 0.671656 0.659442 0.717648 0.663242 0.781612 0.767518 0.689216 0.710081 0.746583 0.707572 0.688827 0.700031 0.827913 0.950957 0.839706 0.891053 0.615821 0.612172 0.710059 0.699563 0.666292 0.749686 0.764061 0.739032 0.640860 0.652643 0.767119 0.810796 0.569269 0.672169 0.553848 0.618076 0.693229 0.675153 0.984769 0.887780 0.748273 0.651347 0.651042 0.633065 0.682860 0.803648 0.830676 0.742660 0.883473 0.815900 0.690335 0.684034 0.922069 0.835095 0.701449 0.652745 0.641666 0.690726 0.849504 0.821810 0.936200 0.970006 0.704988 0.754978 0.803307 0.716554 0.764035 0.726127 0.762153 0.758816 0.910438 0.863164 0.956763 0.967763 0.923068 0.777842 0.951296 0.852255 0.816825 0.887114
0.740502 0.702569 0.622139 0.599470 0.959342 0.882676 0.729984 0.755736 0.903622 0.836157 0.711417 0.757816 0.793702 0.769586 0.873102 0.696507 0.805182 0.770581 0.705866 0.739308 0.910300 0.895061 0.911982 0.904626 0.811915 0.794046 0.957044 0.770022 0.800779 0.790216 0.615237 0.725290 0.661535 0.700146 0.842473 0.946692 0.684129 0.000000 0.795330 0.819584 0.926118 0.690054 0.764888 0.727351 0.811675 0.771174 0.813722 0.802814 0.859642 0.799680 0.707184 0.732877 0.842985 0.827153 0.760740 0.934272 0.683035 0.685938 0.780053 0.805261 0.723319 0.772420 0.837173 0.802774 0.781866 0.668348 0.759068 0.821023 0.566609 0.745628 0.684334 0.622392 0.739763 0.538196 0.841006 0.742007 0.708861 0.682579 0.601408 0.785052 0.777717 0.885223 0.861364 0.869500 0.956131 0.873945 0.974775 0.837933 0.827869 0.878982 0.744261 0.739458 0.654197 0.683675 0.838963 0.894635 0.865062 0.909730 0.777306 0.905497 0.850088 0.761164 0.712149 0.867418 0.830065 0.709789 0.901746 0.792489 0.990102 0.941422 0.951146 0.817550 0.765427 0.889015 0.586708 0.945497
