0.000000 0.279266 0.432888 0.424243 0.861124 0.763324 0.490259 0.410066 0.719361 0.713938 0.406337 0.304643 0.337282 0.478914 0.462314 0.509790 0.313486 0.303916 0.338323 0.329425 0.659982 0.707677 0.503686 0.499388 0.584948 0.564035 0.854359 0.883922 0.345734 0.320788 0.411992 0.513602 0.381784 0.390150 0.728610 0.702502 0.593387 0.703889 0.766692 0.914113 0.968248 0.818681 0.517760 0.499243 0.462155 0.393071 0.395319 0.425172 0.692991 0.436143 0.440196 0.528749 0.634650 0.674454 0.659007 0.783711 0.413509 0.363708 0.309118 0.336529 0.249050 0.359976 0.246444 0.283264 0.415026 0.372706 0.445314 0.342351 0.489742 0.386281 0.609350 0.586059 0.428104 0.438327 0.782852 0.763209 0.615644 0.505700 0.477493 0.472936 0.278863 0.302085 0.435123 0.499315 0.412355 0.333617 0.977667 0.706786 0.734065 0.611851 0.837533 0.943101 0.860714 0.975708 0.639355 0.623986 0.617060 0.721314 0.546139 0.515916 0.728409 0.812119 0.596553 0.629629 0.569996 0.679298 0.948039 0.884989 0.733350 0.690568 0.939920 0.633402 0.617475 0.736930 0.634746 0.877099
0.279266 0.000000 0.595639 0.541657 0.785188 0.953295 0.613775 0.468046 0.866548 0.791345 0.462281 0.369006 0.506952 0.541381 0.600858 0.613542 0.258641 0.305623 0.434604 0.393304 0.625174 0.799807 0.635559 0.660020 0.672779 0.697856 0.727767 0.922809 0.334894 0.353858 0.493837 0.622690 0.467362 0.460748 0.901386 0.666248 0.638732 0.694085 0.782544 0.886480 0.967089 0.622424 0.563129 0.547815 0.536523 0.510911 0.454575 0.483308 0.748362 0.604248 0.543623 0.644924 0.822170 0.792897 0.772774 0.926651 0.273300 0.249329 0.370968 0.420091 0.371136 0.410955 0.279789 0.193027 0.575110 0.505043 0.549060 0.410179 0.505296 0.348428 0.643879 0.608083 0.457468 0.506725 0.899623 0.798554 0.669835 0.476119 0.531987 0.645474 0.297630 0.409961 0.397339 0.461955 0.560474 0.498304 0.962931 0.962945 0.849468 0.696822 0.952155 0.993841 0.912567 0.981745 0.649866 0.723566 0.718463 0.598114 0.648831 0.579638 0.828411 0.877854 0.646463 0.623530 0.557236 0.734321 0.969724 0.895974 0.892509 0.739667 0.819106 0.615692 0.712135 0.750583 0.683363 0.876718
0.432888 0.595639 0.000000 0.182209 0.876114 0.605716 0.200188 0.228208 0.379563 0.415933 0.434230 0.414137 0.300904 0.527526 0.428781 0.464838 0.581401 0.447103 0.323032 0.414141 0.680065 0.692261 0.352182 0.346954 0.621486 0.405468 0.984236 0.967955 0.536878 0.429667 0.354381 0.391284 0.319556 0.337356 0.768170 0.792713 0.644869 0.894725 0.574663 0.754534 0.813829 0.935130 0.305441 0.314963 0.283013 0.316940 0.281203 0.357770 0.579499 0.395242 0.369895 0.356671 0.459114 0.455982 0.630678 0.660124 0.738593 0.778524 0.392037 0.495245 0.258502 0.397259 0.555457 0.621328 0.238563 0.223479 0.260525 0.262337 0.758496 0.612725 0.428452 0.522784 0.516300 0.456432 0.838390 0.707444 0.514895 0.603729 0.522846 0.460209 0.512030 0.408077 0.656837 0.706861 0.498798 0.377095 0.925050 0.810413 0.749953 0.625281 0.528513 0.613858 0.595025 0.649459 0.544359 0.587568 0.465579 0.681152 0.375266 0.321763 0.578898 0.582230 0.560053 0.524302 0.422664 0.499240 0.946641 0.769711 0.784994 0.799777 0.765205 0.510334 0.442898 0.747808 0.563533 0.832086
0.424243 0.541657 0.182209 0.000000 0.865440 0.600556 0.225844 0.194528 0.402688 0.432229 0.483488 0.376965 0.331647 0.446952 0.415224 0.399826 0.579455 0.428872 0.319876 0.414402 0.581735 0.657052 0.337936 0.318579 0.671687 0.402467 0.953225 0.992604 0.458734 0.421927 0.343956 0.389023 0.268983 0.294622 0.761193 0.776087 0.646267 0.907443 0.687691 0.838984 0.837548 0.859644 0.290926 0.302050 0.293371 0.324339 0.272493 0.366482 0.605469 0.420952 0.388798 0.337095 0.494495 0.417765 0.646314 0.682418 0.717517 0.751507 0.368379 0.461801 0.259027 0.345305 0.535737 0.571826 0.243517 0.186236 0.259643 0.254321 0.773960 0.562113 0.394914 0.445213 0.477529 0.443504 0.791426 0.672339 0.460864 0.572681 0.503610 0.470974 0.502713 0.374957 0.641928 0.594739 0.449090 0.319492 0.969155 0.857153 0.784237 0.569592 0.455292 0.566839 0.515137 0.602082 0.537619 0.617713 0.489670 0.619549 0.342106 0.291768 0.536557 0.577140 0.569996 0.470346 0.388885 0.525077 0.971892 0.806645 0.852030 0.838378 0.760262 0.450792 0.421947 0.659338 0.509170 0.832676
0.861124 0.785188 0.876114 0.865440 0.000000 0.886544 0.804660 0.775920 0.924531 0.994171 0.899979 0.877920 0.764138 0.937684 0.818387 0.836360 0.815317 0.856291 0.806025 0.918663 0.761748 0.834692 0.796073 0.851547 0.994818 0.974112 0.794717 0.853045 0.788428 0.831366 0.860158 0.985440 0.836624 0.813351 0.980518 0.973016 0.928569 0.891420 0.903949 0.927700 0.956434 0.948297 0.873008 0.872990 0.798225 0.799241 0.731369 0.786560 0.902338 0.847579 0.855051 0.867021 0.985127 0.770345 0.905732 0.838734 0.892425 0.899942 0.784609 0.834568 0.695261 0.754125 0.740719 0.803059 0.787200 0.757671 0.778302 0.804609 0.841177 0.912184 0.707097 0.871564 0.842623 0.934236 0.975384 0.787617 0.866646 0.994351 0.909340 0.986928 0.680344 0.726096 0.747268 0.825301 0.688207 0.728277 0.839389 0.865034 0.945446 0.892567 0.949799 0.921295 0.949798 0.980731 0.869297 0.954999 0.943309 0.795080 0.901726 0.805540 0.969871 0.958978 0.994082 0.922389 0.877176 0.879067 0.942225 0.973336 0.747170 0.991525 0.987380 0.806301 0.814747 0.835099 0.941087 0.987479
0.763324 0.953295 0.605716 0.600556 0.886544 0.000000 0.512961 0.608278 0.528512 0.640177 0.784182 0.824523 0.643828 0.863530 0.766797 0.663368 0.972032 0.896713 0.716369 0.825624 0.773655 0.946431 0.652660 0.687871 0.888111 0.776828 0.827659 0.838294 0.874252 0.901416 0.652404 0.772609 0.686671 0.671377 0.621119 0.922515 0.891103 0.775345 0.991431 0.918225 0.991195 0.934049 0.611225 0.612276 0.573044 0.606154 0.625581 0.639733 0.995355 0.724399 0.743947 0.629347 0.642295 0.624529 0.823792 0.788466 0.862613 0.862045 0.782028 0.750777 0.678916 0.766197 0.893495 0.982961 0.702778 0.610472 0.543625 0.661348 0.908622 0.851864 0.614596 0.592960 0.847678 0.818262 0.804278 0.882551 0.672904 0.880569 0.807928 0.707816 0.791456 0.667171 0.975696 0.833243 0.765766 0.663646 0.987532 0.874968 0.968535 0.819618 0.555146 0.643307 0.534115 0.601757 0.648844 0.747936 0.662369 0.988037 0.653439 0.678785 0.660840 0.617175 0.849966 0.685526 0.634786 0.813524 0.969056 0.941174 0.924391 0.944996 0.866046 0.782462 0.677355 0.746467 0.728757 0.800973
0.490259 0.613775 0.200188 0.225844 0.804660 0.512961 0.000000 0.190921 0.364481 0.318287 0.425603 0.512849 0.376061 0.616241 0.529355 0.522742 0.524655 0.405256 0.277758 0.432272 0.646231 0.648201 0.410611 0.460732 0.749109 0.517096 0.969880 0.980192 0.543627 0.466613 0.383718 0.413152 0.294281 0.271077 0.801920 0.731702 0.730359 0.949580 0.797657 0.798756 0.916482 0.865365 0.215556 0.205391 0.220621 0.269063 0.277037 0.313842 0.669181 0.456169 0.393164 0.380085 0.515496 0.396948 0.682338 0.740504 0.664793 0.767419 0.396682 0.579180 0.325821 0.520282 0.537177 0.643835 0.330152 0.284521 0.173134 0.239317 0.776121 0.650356 0.346488 0.374655 0.537762 0.441885 0.850086 0.673032 0.400322 0.568154 0.519473 0.455521 0.497999 0.403089 0.669540 0.707212 0.563705 0.465964 0.911441 0.896890 0.863279 0.800671 0.379068 0.430781 0.452100 0.453204 0.509237 0.599492 0.468531 0.652740 0.309962 0.267114 0.493047 0.419964 0.508896 0.399083 0.387277 0.469698 0.958795 0.737093 0.791803 0.872285 0.703286 0.434675 0.364408 0.642468 0.516320 0.799807
0.410066 0.468046 0.228208 0.194528 0.775920 0.608278 0.190921 0.000000 0.450153 0.332358 0.423774 0.382503 0.340064 0.493484 0.469901 0.458152 0.477436 0.356935 0.303156 0.355568 0.621363 0.674604 0.405884 0.419659 0.744584 0.517227 0.885009 0.982789 0.459730 0.414526 0.406891 0.438344 0.279926 0.274506 0.839012 0.769995 0.715415 0.904959 0.804458 0.861112 0.915619 0.779724 0.258428 0.259875 0.279744 0.295043 0.297510 0.328354 0.621056 0.420433 0.403624 0.369880 0.555624 0.414224 0.712056 0.791670 0.583750 0.617169 0.306719 0.448637 0.270764 0.346473 0.485381 0.494440 0.312639 0.218618 0.234756 0.240876 0.777395 0.512230 0.379891 0.410526 0.515647 0.468661 0.865382 0.634662 0.467791 0.506351 0.459626 0.538990 0.456957 0.371321 0.647099 0.638178 0.516833 0.388229 0.988650 0.895035 0.841286 0.673939 0.438895 0.503441 0.469043 0.549899 0.450315 0.564235 0.496533 0.581735 0.311682 0.244445 0.462229 0.499567 0.517583 0.428285 0.353468 0.475217 0.973261 0.758367 0.821876 0.801717 0.750476 0.390837 0.373279 0.635624 0.548286 0.715688
0.719361 0.866548 0.379563 0.402688 0.924531 0.528512 0.364481 0.450153 0.000000 0.467332 0.719006 0.716104 0.571222 0.715172 0.650225 0.601471 0.842703 0.758165 0.580974 0.671432 0.790829 0.784511 0.503190 0.494410 0.817883 0.535493 0.922600 0.920496 0.835245 0.747621 0.564715 0.531374 0.556164 0.546331 0.755601 0.835948 0.879696 0.992370 0.812223 0.751631 0.759381 0.868216 0.415580 0.448652 0.433494 0.497515 0.469636 0.541314 0.725249 0.534657 0.445043 0.445664 0.472044 0.376531 0.739947 0.720328 0.975876 0.941530 0.590002 0.747242 0.546345 0.700260 0.792035 0.908628 0.471009 0.444756 0.391938 0.513839 0.906440 0.785452 0.515021 0.578462 0.696351 0.610207 0.960596 0.756088 0.607473 0.696955 0.724271 0.604435 0.773964 0.661039 0.816763 0.882911 0.700204 0.590759 0.719263 0.832461 0.788919 0.799527 0.401227 0.485248 0.415087 0.483629 0.585196 0.764109 0.573156 0.669784 0.415327 0.451157 0.525848 0.516230 0.727871 0.617593 0.553031 0.601665 0.759438 0.655369 0.972448 0.963514 0.767685 0.506122 0.501977 0.959572 0.591904 0.773395
0.713938 0.791345 0.415933 0.432229 0.994171 0.640177 0.318287 0.332358 0.467332 0.000000 0.578464 0.643527 0.606401 0.717945 0.711343 0.657026 0.662357 0.596913 0.523831 0.545996 0.794764 0.845355 0.566690 0.636656 0.904007 0.624678 0.917336 0.868034 0.765275 0.639918 0.525758 0.471949 0.458139 0.428594 0.886553 0.763416 0.875111 0.880136 0.881116 0.896214 0.863137 0.776223 0.331696 0.313897 0.399345 0.424220 0.495144 0.466255 0.700283 0.525343 0.509347 0.445330 0.570201 0.521895 0.870317 0.945403 0.766910 0.880823 0.487581 0.682949 0.598903 0.637784 0.759119 0.773931 0.549447 0.470054 0.377122 0.460768 0.962703 0.727104 0.518559 0.459424 0.705561 0.570857 0.802454 0.747937 0.514590 0.605317 0.601461 0.567327 0.758736 0.697882 0.847914 0.881515 0.862981 0.733981 0.937464 0.969468 0.978061 0.934848 0.444419 0.450684 0.495422 0.486778 0.598151 0.582195 0.507713 0.679538 0.325499 0.358145 0.498285 0.358332 0.529076 0.494190 0.544342 0.499468 0.813732 0.684203 0.955545 0.934314 0.727264 0.492837 0.453209 0.833723 0.582083 0.670388
0.406337 0.462281 0.434230 0.483488 0.899979 0.784182 0.425603 0.423774 0.719006 0.578464 0.000000 0.425576 0.468296 0.604114 0.694322 0.681260 0.424243 0.296930 0.301176 0.295612 0.692342 0.741969 0.731982 0.644469 0.887372 0.712296 0.989247 0.896386 0.469496 0.369626 0.552907 0.588431 0.523605 0.434127 0.985537 0.824094 0.787787 0.793368 0.846702 0.813598 0.977596 0.965912 0.550404 0.496807 0.525478 0.512364 0.514159 0.531484 0.871866 0.595222 0.578155 0.658712 0.705115 0.601633 0.804483 0.992703 0.461037 0.491004 0.529868 0.604245 0.432812 0.601110 0.373850 0.469662 0.613890 0.538915 0.524345 0.401167 0.661365 0.695015 0.656148 0.621867 0.614059 0.521558 0.880548 0.736799 0.634011 0.533459 0.645986 0.520485 0.452700 0.435423 0.599070 0.702541 0.766142 0.646076 0.998487 0.827856 0.968968 0.895072 0.757316 0.770094 0.805152 0.764087 0.702375 0.700596 0.738539 0.896861 0.607244 0.531945 0.671198 0.602685 0.554852 0.507223 0.645881 0.769192 0.956990 0.887647 0.968324 0.847911 0.844866 0.651389 0.632478 0.751795 0.764058 0.973867
0.304643 0.369006 0.414137 0.376965 0.877920 0.824523 0.512849 0.382503 0.716104 0.643527 0.425576 0.000000 0.306842 0.306493 0.309587 0.342759 0.416448 0.356748 0.386561 0.353570 0.531056 0.681138 0.396165 0.385293 0.618293 0.568400 0.981360 0.893791 0.327505 0.318616 0.392635 0.451307 0.395817 0.421075 0.818309 0.835321 0.649736 0.723255 0.719422 0.935555 0.994713 0.867311 0.559227 0.539992 0.516772 0.480345 0.432547 0.417223 0.728928 0.505345 0.526962 0.528731 0.721419 0.700199 0.811914 0.897035 0.537753 0.526867 0.426171 0.434564 0.280853 0.320836 0.351272 0.332624 0.412359 0.358093 0.516153 0.406685 0.717169 0.525930 0.611458 0.622174 0.403124 0.433476 0.768162 0.687223 0.636870 0.438636 0.578232 0.587244 0.477499 0.445890 0.440255 0.598367 0.477418 0.390704 0.998025 0.850551 0.852319 0.602232 0.914463 0.990755 0.897437 0.945670 0.674254 0.676826 0.719360 0.704551 0.616673 0.497227 0.760797 0.841970 0.607828 0.662515 0.504471 0.581578 0.977997 0.959989 0.877040 0.671411 0.870866 0.694275 0.699258 0.708373 0.601558 0.950887
0.337282 0.506952 0.300904 0.331647 0.764138 0.643828 0.376061 0.340064 0.571222 0.606401 0.468296 0.306842 0.000000 0.341849 0.290548 0.319704 0.537464 0.499954 0.363891 0.442794 0.628459 0.722422 0.313276 0.319864 0.677043 0.561779 0.996348 0.998519 0.451706 0.440683 0.417872 0.530408 0.418142 0.449602 0.779721 0.803615 0.702139 0.815836 0.669461 0.838687 0.971983 0.992926 0.448082 0.458741 0.435868 0.418140 0.395586 0.387273 0.753946 0.369437 0.385352 0.395675 0.528040 0.490469 0.645828 0.749750 0.690620 0.686164 0.358799 0.419366 0.217650 0.336236 0.402422 0.490071 0.258324 0.284957 0.387289 0.353366 0.754388 0.599493 0.510910 0.517830 0.480486 0.507792 0.827962 0.612132 0.592764 0.613935 0.608916 0.585892 0.493110 0.437151 0.508155 0.717955 0.400333 0.323921 0.847251 0.742586 0.729743 0.616941 0.717515 0.789108 0.690396 0.851697 0.678881 0.730075 0.659012 0.761220 0.533243 0.475112 0.669362 0.746338 0.597894 0.691652 0.444825 0.563910 0.976592 0.844344 0.673055 0.768957 0.869694 0.639188 0.597994 0.636946 0.585536 0.858800
0.478914 0.541381 0.527526 0.446952 0.937684 0.863530 0.616241 0.493484 0.715172 0.717945 0.604114 0.306493 0.341849 0.000000 0.274860 0.249544 0.619043 0.537875 0.455584 0.529696 0.596466 0.681002 0.382667 0.329981 0.668247 0.609579 0.968106 0.917671 0.410392 0.432061 0.457014 0.567698 0.491934 0.518963 0.870048 0.894715 0.671064 0.731869 0.782084 0.839142 0.997883 0.844750 0.577318 0.580040 0.677747 0.619001 0.586156 0.571988 0.835484 0.577718 0.554726 0.513066 0.682056 0.632939 0.829820 0.991063 0.684916 0.692372 0.496740 0.561212 0.426767 0.468871 0.465958 0.471770 0.432449 0.446140 0.560925 0.522541 0.962635 0.602540 0.563049 0.612450 0.603155 0.533250 0.871901 0.612662 0.591227 0.559914 0.670105 0.678487 0.695553 0.694978 0.502596 0.716983 0.547596 0.442295 0.898841 0.870068 0.892510 0.679128 0.812387 0.879350 0.742248 0.951373 0.732149 0.759501 0.851686 0.695245 0.637127 0.581773 0.713814 0.866061 0.598902 0.824250 0.536156 0.562472 0.996285 0.821376 0.860356 0.748226 0.894024 0.734145 0.724366 0.736526 0.608933 0.977165
0.462314 0.600858 0.428781 0.415224 0.818387 0.766797 0.529355 0.469901 0.650225 0.711343 0.694322 0.309587 0.290548 0.274860 0.000000 0.212711 0.623019 0.600606 0.498890 0.578097 0.633095 0.677630 0.194225 0.258124 0.480400 0.526629 0.981190 0.944963 0.470618 0.443965 0.323632 0.417557 0.403507 0.469605 0.655969 0.912426 0.641650 0.804587 0.702814 0.941059 0.966096 0.996010 0.522455 0.550074 0.531766 0.510285 0.477146 0.466462 0.748158 0.518765 0.523906 0.465347 0.646765 0.663138 0.659682 0.771816 0.805087 0.816124 0.498830 0.550784 0.334407 0.423015 0.476097 0.531086 0.312301 0.380365 0.456574 0.455385 0.919163 0.625080 0.496015 0.616348 0.447451 0.498278 0.771219 0.671533 0.579288 0.627871 0.598248 0.677422 0.579908 0.576348 0.474488 0.719184 0.366524 0.335646 0.836679 0.787647 0.876025 0.650688 0.850189 0.967946 0.823645 0.962481 0.734707 0.758282 0.734407 0.723135 0.633234 0.579188 0.802534 0.908931 0.714802 0.864718 0.441267 0.513297 0.923937 0.879265 0.774329 0.727420 0.838220 0.702661 0.685045 0.780726 0.540815 0.957119
0.509790 0.613542 0.464838 0.399826 0.836360 0.663368 0.522742 0.458152 0.601471 0.657026 0.681260 0.342759 0.319704 0.249544 0.212711 0.000000 0.643642 0.608177 0.471157 0.580410 0.566177 0.679053 0.218664 0.225639 0.573374 0.594929 0.916957 0.906323 0.471662 0.476495 0.357755 0.457205 0.422525 0.482045 0.743759 0.863941 0.737513 0.788833 0.759383 0.945631 0.948370 0.944509 0.461704 0.494230 0.534329 0.477805 0.453866 0.436425 0.812995 0.515194 0.471371 0.405762 0.545298 0.519324 0.777013 0.807811 0.812820 0.854940 0.488798 0.578125 0.389836 0.475971 0.509522 0.546691 0.385212 0.399976 0.445374 0.496789 0.920946 0.664784 0.413390 0.511889 0.479656 0.509294 0.695426 0.663461 0.542852 0.617189 0.625768 0.631969 0.634122 0.622619 0.525317 0.721895 0.470396 0.370705 0.929728 0.915386 0.919886 0.768497 0.725303 0.807208 0.673861 0.924886 0.739288 0.734151 0.721307 0.736413 0.618418 0.545261 0.751794 0.749802 0.642369 0.832805 0.434003 0.529183 0.887632 0.886845 0.847010 0.832575 0.835870 0.731494 0.662125 0.677759 0.518289 0.859168
0.313486 0.258641 0.581401 0.579455 0.815317 0.972032 0.524655 0.477436 0.842703 0.662357 0.424243 0.416448 0.537464 0.619043 0.623019 0.643642 0.000000 0.221219 0.343907 0.389743 0.598702 0.696113 0.623165 0.683916 0.637693 0.714983 0.838240 0.914793 0.314509 0.311031 0.471061 0.462401 0.426124 0.418683 0.954096 0.661133 0.676508 0.682489 0.807727 0.825547 0.857431 0.651041 0.513226 0.469538 0.504314 0.499630 0.477523 0.424435 0.813566 0.659183 0.574415 0.708810 0.842118 0.817903 0.812785 0.978952 0.201113 0.300918 0.407214 0.566688 0.449091 0.601216 0.249256 0.250134 0.614033 0.604802 0.503024 0.422948 0.495590 0.504314 0.591250 0.545104 0.462130 0.467329 0.842970 0.772615 0.578984 0.421071 0.471882 0.582554 0.292476 0.468508 0.430615 0.578054 0.620299 0.599293 0.994090 0.995557 0.975147 0.867697 0.904665 0.945909 0.935745 0.985931 0.705238 0.728972 0.704220 0.627433 0.608848 0.512864 0.913875 0.790456 0.518153 0.487361 0.618307 0.662072 0.954854 0.877678 0.840672 0.651581 0.782054 0.631301 0.678671 0.707203 0.655929 0.896844
0.303916 0.305623 0.447103 0.428872 0.856291 0.896713 0.405256 0.356935 0.758165 0.596913 0.296930 0.356748 0.499954 0.537875 0.600606 0.608177 0.221219 0.000000 0.218877 0.253717 0.623037 0.627362 0.636140 0.641382 0.686399 0.623143 0.877723 0.893389 0.261471 0.240416 0.466710 0.436111 0.361280 0.320905 0.964124 0.803651 0.674175 0.765419 0.816781 0.815987 0.985305 0.692528 0.452026 0.403603 0.475961 0.448188 0.439006 0.425924 0.794561 0.621402 0.570372 0.659489 0.803773 0.721003 0.825501 0.975912 0.264524 0.303309 0.423783 0.574221 0.378880 0.558551 0.245230 0.284531 0.560172 0.493483 0.453635 0.374001 0.553195 0.543935 0.584258 0.589533 0.494786 0.416728 0.809960 0.701793 0.601729 0.449737 0.480694 0.505361 0.332818 0.345481 0.458166 0.519476 0.620037 0.523337 0.990149 0.928137 0.965763 0.814884 0.775465 0.815629 0.835553 0.833281 0.680430 0.618760 0.695015 0.693198 0.513930 0.432482 0.726429 0.675127 0.559707 0.439192 0.565488 0.666966 0.851609 0.899450 0.903508 0.709219 0.857814 0.558760 0.572919 0.658280 0.640804 0.905691
0.338323 0.434604 0.323032 0.319876 0.806025 0.716369 0.277758 0.303156 0.580974 0.523831 0.301176 0.386561 0.363891 0.455584 0.498890 0.471157 0.343907 0.218877 0.000000 0.288072 0.609703 0.575198 0.489713 0.480334 0.666650 0.551662 0.919380 0.902492 0.330353 0.255567 0.385938 0.419192 0.342243 0.263735 0.887289 0.741574 0.666610 0.860232 0.740932 0.764309 0.961505 0.793145 0.333917 0.298263 0.382767 0.353357 0.333668 0.362102 0.732099 0.471038 0.426309 0.481051 0.598409 0.510143 0.755371 0.871374 0.445320 0.516750 0.388626 0.561110 0.316418 0.538433 0.302548 0.414873 0.400368 0.390336 0.330258 0.333813 0.656171 0.570807 0.469179 0.485998 0.504234 0.407432 0.848095 0.578518 0.530975 0.529658 0.554525 0.413348 0.408576 0.383329 0.570516 0.615572 0.554748 0.469759 0.916308 0.882275 0.925616 0.813130 0.613348 0.670430 0.682370 0.691515 0.627353 0.631701 0.658162 0.697878 0.410917 0.371239 0.636917 0.604010 0.485398 0.442039 0.482044 0.609831 0.990779 0.859073 0.803835 0.795842 0.834284 0.509980 0.484337 0.649810 0.545507 0.875377
0.329425 0.393304 0.414141 0.414402 0.918663 0.825624 0.432272 0.355568 0.671432 0.545996 0.295612 0.353570 0.442794 0.529696 0.578097 0.580410 0.389743 0.253717 0.288072 0.000000 0.727419 0.645415 0.603858 0.582015 0.754328 0.602525 0.851506 0.880645 0.357117 0.289219 0.488745 0.451985 0.375193 0.338619 0.892884 0.827267 0.741867 0.779277 0.798836 0.845300 0.877869 0.878382 0.474452 0.413744 0.471044 0.442906 0.429632 0.417400 0.716974 0.518892 0.518744 0.569093 0.653533 0.671929 0.824127 0.884206 0.419389 0.410946 0.438628 0.539904 0.381811 0.489326 0.336028 0.377701 0.535324 0.474691 0.484478 0.412469 0.670788 0.530644 0.672226 0.633140 0.528131 0.451350 0.788724 0.658295 0.627493 0.580423 0.562383 0.505283 0.479248 0.402912 0.565795 0.660009 0.695070 0.568844 0.888160 0.893007 0.890705 0.722434 0.767404 0.811152 0.857937 0.872974 0.678070 0.645468 0.660857 0.734766 0.460585 0.435141 0.602319 0.659573 0.622211 0.507849 0.575241 0.666603 0.981969 0.833896 0.837924 0.776521 0.755548 0.593780 0.559753 0.774699 0.636834 0.823319
0.659982 0.625174 0.680065 0.581735 0.761748 0.773655 0.646231 0.621363 0.790829 0.794764 0.692342 0.531056 0.628459 0.596466 0.633095 0.566177 0.598702 0.623037 0.609703 0.727419 0.000000 0.705392 0.599599 0.557771 0.847359 0.797540 0.935027 0.934180 0.601182 0.636272 0.595793 0.698772 0.590058 0.549504 0.825138 0.996426 0.713092 0.891058 0.912795 0.929231 0.925077 0.900429 0.657001 0.676731 0.675248 0.649747 0.583169 0.647804 0.946444 0.764089 0.771508 0.772203 0.817492 0.769533 0.926345 0.942959 0.734984 0.768442 0.669808 0.699555 0.600644 0.667582 0.600624 0.627995 0.669422 0.589895 0.629883 0.615918 0.865578 0.766194 0.570850 0.609142 0.605477 0.661587 0.778826 0.681852 0.678548 0.526644 0.782482 0.687418 0.638452 0.670104 0.565472 0.640727 0.680923 0.647172 0.918447 0.940250 0.993478 0.829565 0.786756 0.856867 0.732626 0.899916 0.844331 0.792615 0.807886 0.832926 0.759587 0.615930 0.858063 0.812835 0.626681 0.615025 0.660922 0.717571 0.926900 0.837994 0.951759 0.934894 0.931116 0.831723 0.832810 0.765869 0.846257 0.867413
0.707677 0.799807 0.692261 0.657052 0.834692 0.946431 0.648201 0.674604 0.784511 0.845355 0.741969 0.681138 0.722422 0.681002 0.677630 0.679053 0.696113 0.627362 0.575198 0.645415 0.705392 0.000000 0.687100 0.691206 0.840678 0.771310 0.889589 0.753918 0.563581 0.604658 0.686451 0.566227 0.547974 0.618880 0.882806 0.952261 0.998576 0.848521 0.876252 0.853424 0.953008 0.923916 0.694840 0.655404 0.731055 0.688899 0.696605 0.753328 0.886240 0.837518 0.771763 0.794321 0.879957 0.769430 0.817540 0.856785 0.740965 0.785619 0.843493 0.797728 0.661080 0.826953 0.677473 0.722976 0.691787 0.686118 0.625976 0.640831 0.870154 0.833936 0.669427 0.753623 0.772422 0.641711 0.926358 0.997421 0.764603 0.711999 0.985276 0.664511 0.778644 0.724200 0.746379 0.835726 0.769739 0.700989 0.920749 0.942762 0.899541 0.831403 0.763986 0.873028 0.863152 0.886902 0.857347 0.897581 0.899611 0.911582 0.736314 0.666203 0.878086 0.919874 0.832037 0.726326 0.836913 0.643094 0.943111 0.978338 0.972428 0.821387 0.777760 0.834895 0.801047 0.781100 0.821032 0.902544
0.503686 0.635559 0.352182 0.337936 0.796073 0.652660 0.410611 0.405884 0.503190 0.566690 0.731982 0.396165 0.313276 0.382667 0.194225 0.218664 0.623165 0.636140 0.489713 0.603858 0.599599 0.687100 0.000000 0.229486 0.460402 0.473607 0.994519 0.971293 0.541566 0.500513 0.273974 0.395647 0.326643 0.425105 0.617097 0.798009 0.638813 0.883912 0.697458 0.904070 0.923583 0.958851 0.374254 0.424379 0.373669 0.374463 0.333226 0.382748 0.645142 0.443558 0.407328 0.332767 0.482480 0.547945 0.604196 0.685045 0.845611 0.890530 0.413732 0.517244 0.318303 0.411102 0.530971 0.579258 0.248092 0.319071 0.310404 0.372895 0.887108 0.586141 0.371932 0.458055 0.431170 0.459298 0.724759 0.694893 0.440130 0.646183 0.501993 0.606338 0.539761 0.552153 0.490841 0.667140 0.342263 0.313337 0.845662 0.874848 0.829412 0.670405 0.666218 0.806159 0.650723 0.921052 0.635846 0.683225 0.569900 0.653659 0.511577 0.460499 0.778847 0.771116 0.629893 0.780785 0.358971 0.421949 0.814995 0.848149 0.723286 0.811099 0.751161 0.619491 0.581990 0.742790 0.448241 0.855185
0.499388 0.660020 0.346954 0.318579 0.851547 0.687871 0.460732 0.419659 0.494410 0.636656 0.644469 0.385293 0.319864 0.329981 0.258124 0.225639 0.683916 0.641382 0.480334 0.582015 0.557771 0.691206 0.229486 0.000000 0.519153 0.478931 0.974651 0.976540 0.504108 0.499690 0.339378 0.425011 0.440294 0.454415 0.675586 0.895758 0.715395 0.858356 0.709596 0.845386 0.941195 0.997714 0.445627 0.501957 0.476849 0.435565 0.386420 0.447534 0.655250 0.482018 0.433086 0.390713 0.479418 0.506787 0.643278 0.701010 0.885573 0.932166 0.432515 0.544267 0.353003 0.461509 0.550588 0.646448 0.320459 0.332774 0.407375 0.446360 0.920215 0.666352 0.438514 0.581178 0.485507 0.526852 0.779940 0.675518 0.542136 0.644045 0.618271 0.564607 0.566635 0.558530 0.582212 0.697793 0.413547 0.353515 0.811498 0.779047 0.835845 0.666820 0.677127 0.781428 0.662019 0.873734 0.690511 0.775268 0.623891 0.739951 0.597838 0.511972 0.691796 0.822878 0.678535 0.795516 0.472730 0.591782 0.897658 0.818669 0.780753 0.851809 0.826071 0.697640 0.588310 0.749667 0.513867 0.903146
0.584948 0.672779 0.621486 0.671687 0.994818 0.888111 0.749109 0.744584 0.817883 0.904007 0.887372 0.618293 0.677043 0.668247 0.480400 0.573374 0.637693 0.686399 0.666650 0.754328 0.847359 0.840678 0.460402 0.519153 0.000000 0.491462 0.974378 0.844350 0.602835 0.590576 0.478496 0.494586 0.603548 0.701027 0.569235 0.907783 0.636066 0.883894 0.648674 0.962967 0.898043 0.871106 0.677624 0.742215 0.676004 0.649699 0.586424 0.658642 0.681897 0.752216 0.707763 0.692640 0.749655 0.995677 0.584663 0.726315 0.820173 0.817825 0.611715 0.647187 0.581541 0.660716 0.646261 0.644258 0.554123 0.659866 0.642841 0.687486 0.662181 0.604117 0.755646 0.872806 0.496858 0.685619 0.689696 0.936325 0.755162 0.843258 0.685376 0.676036 0.535955 0.694210 0.661358 0.702357 0.460131 0.490789 0.961019 0.864884 0.966244 0.703717 0.960671 0.826860 0.977722 0.805366 0.715914 0.814237 0.666416 0.756090 0.805376 0.765689 0.875368 0.909391 0.884516 0.933755 0.652911 0.757950 0.946735 0.945010 0.791648 0.744779 0.930201 0.825926 0.827769 0.994248 0.645829 0.977901
0.564035 0.697856 0.405468 0.402467 0.974112 0.776828 0.517096 0.517227 0.535493 0.624678 0.712296 0.568400 0.561779 0.609579 0.526629 0.594929 0.714983 0.623143 0.551662 0.602525 0.797540 0.771310 0.473607 0.478931 0.491462 0.000000 0.996593 0.855926 0.615999 0.554767 0.410087 0.445152 0.428864 0.489163 0.658143 0.722544 0.657622 0.942386 0.564507 0.676267 0.829806 0.868741 0.462892 0.472143 0.460584 0.449760 0.436894 0.494089 0.519868 0.484944 0.433726 0.446364 0.513690 0.642818 0.624390 0.633155 0.864221 0.807166 0.476332 0.564470 0.496059 0.546077 0.637596 0.679656 0.421671 0.432518 0.477748 0.459775 0.836414 0.640684 0.619569 0.570019 0.550051 0.504608 0.757238 0.824774 0.531963 0.784846 0.648275 0.529006 0.635231 0.547913 0.720886 0.619096 0.542068 0.442409 0.919659 0.786818 0.709772 0.560359 0.661417 0.813587 0.784437 0.779338 0.651507 0.746384 0.561600 0.660307 0.493873 0.430035 0.744552 0.771788 0.713774 0.616503 0.500881 0.753192 0.903629 0.800359 0.888709 0.817719 0.867367 0.657142 0.509383 0.926669 0.566662 0.865557
0.854359 0.727767 0.984236 0.953225 0.794717 0.827659 0.969880 0.885009 0.922600 0.917336 0.989247 0.981360 0.996348 0.968106 0.981190 0.916957 0.838240 0.877723 0.919380 0.851506 0.935027 0.889589 0.994519 0.974651 0.974378 0.996593 0.000000 0.963418 0.866192 0.862774 0.865845 0.976534 0.891998 0.816703 0.984671 0.838792 0.816451 0.907411 0.921857 0.989362 0.886948 0.884160 0.939762 0.894057 0.880907 0.880088 0.851184 0.909693 0.803237 0.927010 0.870003 0.954302 0.981666 0.970898 0.914389 0.982543 0.722469 0.704747 0.844366 0.820428 0.875125 0.866028 0.854101 0.752665 0.948480 0.949269 0.900159 0.882501 0.929044 0.721201 0.946242 0.923605 0.901520 0.847765 0.958545 0.983374 0.977389 0.937809 0.951156 0.979765 0.798534 0.845198 0.918070 0.808364 0.925799 0.965087 0.883238 0.981632 0.786133 0.845962 0.974485 0.892310 0.939774 0.891521 0.898901 0.901084 0.939843 0.844532 0.936112 0.943633 0.919598 0.864897 0.908342 0.829710 0.926844 0.996258 0.985281 0.993625 0.955514 0.938834 0.964629 0.829558 0.876626 0.991220 0.833432 0.881167
0.883922 0.922809 0.967955 0.992604 0.853045 0.838294 0.980192 0.982789 0.920496 0.868034 0.896386 0.893791 0.998519 0.917671 0.944963 0.906323 0.914793 0.893389 0.902492 0.880645 0.934180 0.753918 0.971293 0.976540 0.844350 0.855926 0.963418 0.000000 0.853795 0.905965 0.997265 0.957662 0.903148 0.966568 0.896532 0.963785 0.923027 0.999165 0.970725 0.982566 0.843352 0.991651 0.942615 0.989870 0.920988 0.959801 0.932625 0.921642 0.868325 0.856528 0.894233 0.874997 0.893875 0.923607 0.936020 0.928483 0.906378 0.866726 0.928074 0.984642 0.984844 0.970801 0.868949 0.869000 0.946939 0.928746 0.967086 0.997154 0.849690 0.972588 0.927724 0.976724 0.943678 0.993448 0.839035 0.917038 0.897986 0.983456 0.867350 0.931424 0.897598 0.898096 0.983917 0.921309 0.994680 0.917051 0.864270 0.971115 0.977012 0.959230 0.999536 0.933225 0.915089 0.997709 0.912619 0.985278 0.890262 0.900797 0.982588 0.976186 0.908888 0.999072 0.923346 0.845905 0.978655 0.915039 0.787505 0.776203 0.873072 0.875461 0.989124 0.902637 0.898677 0.991615 0.984385 0.954675
0.345734 0.334894 0.536878 0.458734 0.788428 0.874252 0.543627 0.459730 0.835245 0.765275 0.469496 0.327505 0.451706 0.410392 0.470618 0.471662 0.314509 0.261471 0.330353 0.357117 0.601182 0.563581 0.541566 0.504108 0.602835 0.615999 0.866192 0.853795 0.000000 0.252812 0.430312 0.492893 0.425177 0.393636 0.858153 0.837413 0.697619 0.743532 0.789934 0.823140 0.925060 0.817814 0.556426 0.515108 0.560199 0.521732 0.477678 0.445478 0.808696 0.622157 0.596899 0.610303 0.770842 0.745677 0.710515 0.855117 0.398093 0.436153 0.481362 0.501500 0.374816 0.505311 0.264820 0.310225 0.535889 0.485152 0.512693 0.451952 0.618895 0.527469 0.622279 0.618900 0.457669 0.462707 0.785939 0.746492 0.604607 0.521596 0.609913 0.541349 0.394261 0.426700 0.431115 0.482704 0.512221 0.464934 0.897925 0.916684 0.944585 0.638056 0.917653 0.965673 0.931636 0.976055 0.707139 0.758577 0.781118 0.714402 0.634018 0.530412 0.829342 0.895063 0.677795 0.588799 0.594070 0.644470 0.911331 0.980240 0.866718 0.662879 0.821689 0.668953 0.683730 0.650480 0.626802 0.941122
0.320788 0.353858 0.429667 0.421927 0.831366 0.901416 0.466613 0.414526 0.747621 0.639918 0.369626 0.318616 0.440683 0.432061 0.443965 0.476495 0.311031 0.240416 0.255567 0.289219 0.636272 0.604658 0.500513 0.499690 0.590576 0.554767 0.862774 0.905965 0.252812 0.000000 0.326133 0.395791 0.357835 0.294815 0.893795 0.741217 0.697417 0.715736 0.712575 0.880085 0.918429 0.875111 0.495962 0.420243 0.489056 0.438934 0.410500 0.407573 0.766830 0.536462 0.532534 0.562161 0.663203 0.677867 0.680864 0.879596 0.420068 0.442671 0.489069 0.557154 0.358106 0.511584 0.289031 0.322224 0.497775 0.473528 0.449094 0.412297 0.594239 0.486334 0.568115 0.589623 0.412676 0.350199 0.704440 0.662775 0.659265 0.539921 0.563639 0.494837 0.395400 0.382059 0.434344 0.481537 0.606508 0.498754 0.852141 0.819001 0.943274 0.723229 0.882978 0.976974 0.971625 0.986480 0.674373 0.756435 0.697816 0.693429 0.572154 0.498636 0.735050 0.744428 0.547276 0.570305 0.615056 0.652480 0.982542 0.953826 0.885315 0.754814 0.807948 0.677871 0.633651 0.747087 0.598166 0.936562
0.411992 0.493837 0.354381 0.343956 0.860158 0.652404 0.383718 0.406891 0.564715 0.525758 0.552907 0.392635 0.417872 0.457014 0.323632 0.357755 0.471061 0.466710 0.385938 0.488745 0.595793 0.686451 0.273974 0.339378 0.478496 0.410087 0.865845 0.997265 0.430312 0.326133 0.000000 0.285533 0.281892 0.301871 0.620303 0.624205 0.566953 0.742817 0.648453 0.913288 0.988493 0.847470 0.319056 0.313330 0.306857 0.307103 0.288525 0.301527 0.585759 0.451269 0.375540 0.347988 0.483636 0.589392 0.603777 0.714375 0.647258 0.698209 0.401658 0.476294 0.342166 0.469961 0.423933 0.455689 0.371032 0.371143 0.282244 0.325844 0.767876 0.500346 0.386900 0.407530 0.393178 0.306430 0.677679 0.768164 0.471645 0.530885 0.468521 0.486461 0.432544 0.490281 0.454548 0.554678 0.506239 0.428395 0.899832 0.864285 0.881239 0.674473 0.740874 0.880239 0.777129 0.914801 0.629665 0.717813 0.488505 0.665560 0.484811 0.455302 0.701912 0.706115 0.515034 0.590900 0.450465 0.507523 0.839563 0.831197 0.831380 0.738694 0.749761 0.595072 0.496588 0.697714 0.426179 0.925426
0.513602 0.622690 0.391284 0.389023 0.985440 0.772609 0.413152 0.438344 0.531374 0.471949 0.588431 0.451307 0.530408 0.567698 0.417557 0.457205 0.462401 0.436111 0.419192 0.451985 0.698772 0.566227 0.395647 0.425011 0.494586 0.445152 0.976534 0.957662 0.492893 0.395791 0.285533 0.000000 0.334712 0.375314 0.700994 0.805915 0.684463 0.795937 0.649787 0.896155 0.931344 0.861077 0.398059 0.379458 0.437475 0.469069 0.454541 0.400015 0.756113 0.633875 0.543675 0.552957 0.661856 0.714885 0.783327 0.888948 0.635424 0.741501 0.528487 0.680002 0.478954 0.655087 0.532518 0.566532 0.487276 0.493659 0.420271 0.447841 0.734871 0.664394 0.519946 0.556134 0.452174 0.406085 0.693639 0.828216 0.577027 0.551029 0.560769 0.500892 0.560998 0.577392 0.616703 0.725101 0.660916 0.544371 0.985955 0.906033 0.976587 0.812879 0.722218 0.865181 0.828969 0.857433 0.731437 0.751527 0.569526 0.751638 0.513493 0.488928 0.752055 0.687205 0.656745 0.540651 0.541006 0.577479 0.968810 0.887096 0.922074 0.804428 0.686839 0.627081 0.562807 0.784827 0.490739 0.817902
0.381784 0.467362 0.319556 0.268983 0.836624 0.686671 0.294281 0.279926 0.556164 0.458139 0.523605 0.395817 0.418142 0.491934 0.403507 0.422525 0.426124 0.361280 0.342243 0.375193 0.590058 0.547974 0.326643 0.440294 0.603548 0.428864 0.891998 0.903148 0.425177 0.357835 0.281892 0.334712 0.000000 0.276696 0.748837 0.670397 0.643089 0.854261 0.748460 0.869489 0.896432 0.809863 0.281445 0.262482 0.291548 0.275026 0.280775 0.332924 0.620209 0.479920 0.408673 0.388782 0.525822 0.551235 0.644393 0.703619 0.557748 0.571424 0.361251 0.473275 0.325052 0.399785 0.420675 0.452950 0.332425 0.307024 0.262877 0.253761 0.720139 0.487968 0.356600 0.406548 0.453753 0.360017 0.804450 0.715157 0.379646 0.536218 0.405668 0.497667 0.413865 0.378257 0.491329 0.522239 0.463516 0.362075 0.967772 0.926193 0.865415 0.661431 0.552706 0.680033 0.629283 0.759784 0.572540 0.584097 0.424558 0.544242 0.365619 0.290673 0.645722 0.623533 0.586179 0.459267 0.390239 0.442323 0.985462 0.788878 0.823812 0.735980 0.703073 0.534025 0.415106 0.676000 0.470254 0.886417
0.390150 0.460748 0.337356 0.294622 0.813351 0.671377 0.271077 0.274506 0.546331 0.428594 0.434127 0.421075 0.449602 0.518963 0.469605 0.482045 0.418683 0.320905 0.263735 0.338619 0.549504 0.618880 0.425105 0.454415 0.701027 0.489163 0.816703 0.966568 0.393636 0.294815 0.301871 0.375314 0.276696 0.000000 0.733446 0.727988 0.609668 0.771295 0.786673 0.838925 0.938880 0.856188 0.296861 0.246456 0.292960 0.281496 0.289236 0.351444 0.667915 0.443742 0.422342 0.394480 0.545265 0.535986 0.723059 0.755604 0.513647 0.573310 0.379862 0.527689 0.333353 0.478500 0.392665 0.438816 0.390944 0.337602 0.266196 0.272082 0.796174 0.546359 0.448449 0.436600 0.486181 0.417350 0.737033 0.666937 0.445441 0.501613 0.488973 0.425099 0.456152 0.396363 0.551409 0.546905 0.552008 0.482769 0.923954 0.920428 0.940537 0.781714 0.594882 0.677631 0.678576 0.691397 0.575066 0.636421 0.597868 0.620709 0.339100 0.323054 0.610422 0.593052 0.498896 0.385437 0.442780 0.567591 0.858518 0.728902 0.862376 0.829839 0.709791 0.431253 0.440832 0.665807 0.427062 0.794463
0.728610 0.901386 0.768170 0.761193 0.980518 0.621119 0.801920 0.839012 0.755601 0.886553 0.985537 0.818309 0.779721 0.870048 0.655969 0.743759 0.954096 0.964124 0.887289 0.892884 0.825138 0.882806 0.617097 0.675586 0.569235 0.658143 0.984671 0.896532 0.858153 0.893795 0.620303 0.700994 0.748837 0.733446 0.000000 0.881235 0.746331 0.930126 0.876659 0.917653 0.995235 0.901784 0.715569 0.798841 0.664012 0.673835 0.692826 0.786054 0.684388 0.673534 0.740296 0.678759 0.752310 0.933475 0.595543 0.634339 0.909253 0.976400 0.729816 0.664674 0.711806 0.772604 0.805167 0.859169 0.646875 0.705423 0.687165 0.737361 0.942285 0.694032 0.859313 0.828716 0.770911 0.806422 0.740217 0.983008 0.801577 0.883362 0.763962 0.781959 0.730263 0.772199 0.855039 0.852514 0.582689 0.626091 0.989877 0.882929 0.857376 0.720906 0.938895 0.917736 0.939149 0.973397 0.773899 0.887904 0.788457 0.868460 0.784343 0.876341 0.996627 0.911048 0.966912 0.975349 0.747665 0.806106 0.941314 0.981305 0.709466 0.931116 0.738769 0.772314 0.863275 0.890642 0.807635 0.924078
0.702502 0.666248 0.792713 0.776087 0.973016 0.922515 0.731702 0.769995 0.835948 0.763416 0.824094 0.835321 0.803615 0.894715 0.912426 0.863941 0.661133 0.803651 0.741574 0.827267 0.996426 0.952261 0.798009 0.895758 0.907783 0.722544 0.838792 0.963785 0.837413 0.741217 0.624205 0.805915 0.670397 0.727988 0.881235 0.000000 0.967254 0.701691 0.824922 0.950848 0.853327 0.799141 0.619913 0.579896 0.580884 0.609799 0.643685 0.596156 0.645160 0.664475 0.564277 0.625429 0.697461 0.720250 0.779689 0.824130 0.737595 0.725199 0.645491 0.698004 0.772746 0.789358 0.727476 0.709167 0.728778 0.770653 0.622486 0.613031 0.790277 0.604454 0.715959 0.498386 0.819862 0.641227 0.994781 0.988463 0.687039 0.729627 0.669992 0.775221 0.716428 0.778507 0.730103 0.707810 0.826461 0.800678 0.968062 0.905310 0.925195 0.850897 0.854068 0.878566 0.918852 0.874180 0.796953 0.927091 0.696336 0.709789 0.755222 0.733047 0.812498 0.717405 0.691695 0.808823 0.829354 0.853913 0.787653 0.909977 0.816556 0.947732 0.692468 0.810293 0.729418 0.828067 0.727067 0.922919
0.593387 0.638732 0.644869 0.646267 0.928569 0.891103 0.730359 0.715415 0.879696 0.875111 0.787787 0.649736 0.702139 0.671064 0.641650 0.737513 0.676508 0.674175 0.666610 0.741867 0.713092 0.998576 0.638813 0.715395 0.636066 0.657622 0.816451 0.923027 0.697619 0.697417 0.566953 0.684463 0.643089 0.609668 0.746331 0.967254 0.000000 0.877747 0.705984 0.878477 0.906854 0.800497 0.705913 0.702557 0.652167 0.686201 0.621149 0.656836 0.742430 0.729277 0.684191 0.708719 0.787730 0.991614 0.886904 0.887236 0.718576 0.694534 0.621390 0.645918 0.605546 0.618111 0.679264 0.642864 0.576541 0.615676 0.689534 0.617213 0.857503 0.679447 0.892754 0.798473 0.679556 0.670231 0.782441 0.936866 0.713986 0.732281 0.627734 0.846669 0.709156 0.784988 0.771476 0.771766 0.609804 0.645698 0.866915 0.988819 0.797022 0.768152 0.989299 0.914299 0.906350 0.929965 0.726391 0.678944 0.813869 0.871386 0.716543 0.740891 0.948429 0.947082 0.655364 0.732050 0.532443 0.760651 0.997873 0.833930 0.807067 0.692156 0.992286 0.653199 0.826177 0.990984 0.720542 0.866783
0.703889 0.694085 0.894725 0.907443 0.891420 0.775345 0.949580 0.904959 0.992370 0.880136 0.793368 0.723255 0.815836 0.731869 0.804587 0.788833 0.682489 0.765419 0.860232 0.779277 0.891058 0.848521 0.883912 0.858356 0.883894 0.942386 0.907411 0.999165 0.743532 0.715736 0.742817 0.795937 0.854261 0.771295 0.930126 0.701691 0.877747 0.000000 0.896836 0.980093 0.737328 0.986967 0.840030 0.819088 0.849527 0.827431 0.879012 0.832085 0.897297 0.807941 0.742767 0.817942 0.959299 0.982007 0.988056 0.976780 0.621855 0.643313 0.787281 0.776322 0.835045 0.826909 0.710843 0.615698 0.839261 0.894552 0.857572 0.793063 0.887372 0.836701 0.930014 0.868456 0.755819 0.771251 0.849466 0.914677 0.882621 0.650439 0.887815 0.886688 0.890335 0.961176 0.745208 0.989060 0.965484 0.956079 0.844047 0.971884 0.950651 0.959136 0.882770 0.919405 0.909602 0.896358 0.945639 0.908264 0.946659 0.823652 0.845119 0.942413 0.922454 0.920505 0.751740 0.927455 0.929022 0.879738 0.885404 0.933652 0.963655 0.787365 0.851764 0.898401 0.966548 0.880269 0.806168 0.899198
