0.000000 0.342187 0.677631 0.688113 0.888789 0.666009 0.379269 0.396199 0.485688 0.533593 0.379390 0.278961 0.391459 0.439950 0.559247 0.695353 0.426273 0.426821 0.416701 0.458152 0.914688 0.969479 0.816193 0.999142 0.822561 0.969033 0.739276 0.840325 0.426986 0.533299 0.963273 0.992711 0.500996 0.426441 0.719974 0.884402 0.924467 0.963480 0.765574 0.997639 0.899173 0.831003 0.639928 0.644239 0.614914 0.563959 0.574201 0.523009 0.839747 0.755040 0.718529 0.583948 0.780704 0.899703 0.727274 0.616758 0.387668 0.345941 0.242210 0.306496 0.259675 0.333552 0.406265 0.365331 0.754772 0.655929 0.605703 0.585857 0.548689 0.690746 0.645042 0.780356 0.887624 0.886738 0.907130 0.989187 0.593657 0.864005 0.585377 0.862094 0.451218 0.632123 0.889445 0.682324 0.652365 0.790790 0.996485 0.913460 0.598870 0.602663 0.717283 0.694167 0.795423 0.739209 0.811177 0.809612 0.593464 0.809943 0.473147 0.438363 0.707474 0.732256 0.607675 0.682289 0.528815 0.456759 0.782427 0.638674 0.724541 0.696997 0.676379 0.725473 0.570173 0.890003 0.637628 0.853878
0.342187 0.000000 0.534285 0.489421 0.992625 0.707803 0.353359 0.339328 0.624338 0.711641 0.632560 0.489747 0.671733 0.574778 0.763520 0.796217 0.584274 0.606452 0.411892 0.372091 0.842168 0.904597 0.709800 0.777304 0.869955 0.759737 0.855916 0.827073 0.665596 0.724333 0.704548 0.745482 0.442768 0.353320 0.607023 0.850622 0.789029 0.859317 0.931055 0.941329 0.787084 0.884306 0.406815 0.428008 0.546582 0.533126 0.484542 0.401968 0.928670 0.674026 0.592942 0.474477 0.688365 0.768045 0.701896 0.564274 0.387548 0.362704 0.406293 0.352488 0.401837 0.329387 0.678481 0.641170 0.638821 0.474150 0.438290 0.413640 0.490920 0.590486 0.506816 0.599354 0.615401 0.673088 0.847008 0.896072 0.601426 0.741189 0.707892 0.840914 0.530060 0.637523 0.769397 0.739242 0.615609 0.575635 0.983052 0.951430 0.640345 0.546879 0.623074 0.742149 0.670785 0.760569 0.759442 0.822270 0.532990 0.794011 0.492319 0.502701 0.673712 0.709130 0.617372 0.812644 0.434419 0.398307 0.832089 0.578439 0.746412 0.658838 0.643714 0.717224 0.601746 0.788222 0.567057 0.970796
0.677631 0.534285 0.000000 0.219715 0.900623 0.828396 0.381745 0.464728 0.634486 0.964892 0.967778 0.822077 0.804139 0.750204 0.781909 0.610828 0.951175 0.934980 0.511927 0.470852 0.469324 0.739249 0.306306 0.420086 0.390791 0.309187 0.966422 0.879600 0.972092 0.898453 0.357746 0.540810 0.385203 0.397241 0.435948 0.715379 0.425810 0.668826 0.831462 0.714681 0.770159 0.940034 0.431201 0.589038 0.756901 0.874444 0.498125 0.507077 0.738262 0.969142 0.746921 0.819363 0.842699 0.812569 0.709054 0.811685 0.874512 0.820578 0.752160 0.695626 0.588436 0.532223 0.956446 0.987392 0.249620 0.294549 0.302196 0.333167 0.625837 0.754023 0.377365 0.437758 0.534834 0.602636 0.841570 0.838024 0.611958 0.466967 0.991963 0.741803 0.856266 0.685126 0.816978 0.984781 0.501360 0.436504 0.950983 0.769491 0.612851 0.689196 0.600513 0.779543 0.592123 0.625366 0.638722 0.708513 0.632314 0.883337 0.689799 0.660856 0.733585 0.878724 0.865638 0.975869 0.553274 0.507165 0.741034 0.780309 0.759076 0.783445 0.630627 0.865536 0.857071 0.844098 0.788843 0.914676
0.688113 0.489421 0.219715 0.000000 0.937005 0.780294 0.378309 0.423887 0.697011 0.997235 0.942514 0.784091 0.916721 0.746163 0.906827 0.703029 0.959195 0.990675 0.538967 0.438293 0.451589 0.772592 0.368519 0.389976 0.399403 0.309639 0.974221 0.899611 0.918609 0.979845 0.387209 0.538229 0.423362 0.408176 0.472061 0.655296 0.493499 0.622753 0.777639 0.763203 0.698096 0.913723 0.401314 0.542186 0.763832 0.900408 0.436772 0.474365 0.691482 0.977800 0.707459 0.777104 0.836011 0.775397 0.755806 0.787406 0.841890 0.830744 0.727497 0.643016 0.621019 0.477436 0.906341 0.930727 0.301894 0.225717 0.263701 0.263541 0.641426 0.759930 0.330496 0.363906 0.491072 0.583720 0.727395 0.780369 0.590549 0.465127 0.929298 0.732371 0.897399 0.754491 0.815220 0.997463 0.542114 0.421159 0.909137 0.843046 0.649094 0.698977 0.550233 0.776456 0.537841 0.642258 0.667271 0.639638 0.555275 0.818567 0.652034 0.659013 0.663560 0.835790 0.842528 0.987160 0.490159 0.503617 0.747143 0.731036 0.719150 0.750537 0.641833 0.843148 0.858392 0.830337 0.694542 0.836742
0.888789 0.992625 0.900623 0.937005 0.000000 0.982824 0.999393 0.961031 0.711377 0.776101 0.879403 0.928659 0.633938 0.889942 0.608983 0.765943 0.815551 0.867681 0.809335 0.977463 0.910549 0.886543 0.845250 0.926072 0.942024 0.892878 0.735161 0.907788 0.832369 0.880604 0.885309 0.775172 0.948281 0.983221 0.892879 0.894856 0.955184 0.856723 0.951687 0.646225 0.864828 0.936810 0.933987 0.872237 0.998642 0.985137 0.929267 0.928275 0.809292 0.846694 0.802099 0.780104 0.926069 0.746134 0.850822 0.978508 0.921647 0.782521 0.891089 0.971487 0.827279 0.986301 0.762375 0.813453 0.767298 0.942408 0.959939 0.893016 0.955507 0.943913 0.989490 0.803542 0.747814 0.794807 0.898945 0.873955 0.950612 0.950449 0.992650 0.909736 0.806799 0.866187 0.935770 0.729569 0.701093 0.975944 0.903728 0.853023 0.740114 0.867865 0.879844 0.944880 0.868488 0.934100 0.979344 0.880356 0.829179 0.862521 0.980985 0.994488 0.739613 0.861261 0.990196 0.891129 0.876313 0.911406 0.915092 0.890128 0.934521 0.814646 0.908791 0.825863 0.906607 0.920557 0.777982 0.930302
0.666009 0.707803 0.828396 0.780294 0.982824 0.000000 0.588611 0.521130 0.621701 0.584897 0.783603 0.703633 0.907278 0.967588 0.994688 0.977657 0.846574 0.845789 0.796014 0.711307 0.975657 0.858895 0.973796 0.874155 0.877596 0.958999 0.618117 0.910877 0.843406 0.997611 0.992074 0.924801 0.746121 0.709276 0.835051 0.971422 0.983135 0.925425 0.835428 0.990695 0.815279 0.964360 0.695032 0.656790 0.772828 0.778269 0.719845 0.751805 0.971710 0.845357 0.769096 0.732495 0.799301 0.804246 0.846475 0.760875 0.846693 0.823433 0.681199 0.553696 0.683977 0.571740 0.924591 0.888518 0.956420 0.727907 0.670632 0.639322 0.767384 0.635921 0.733236 0.744280 0.846747 0.908858 0.843939 0.863505 0.778042 0.852353 0.954294 0.982054 0.920738 0.983258 0.815926 0.955559 0.963904 0.950892 0.875956 0.850368 0.864038 0.998183 0.578770 0.597443 0.591515 0.623225 0.969768 0.823749 0.728655 0.750404 0.575192 0.622741 0.704874 0.704304 0.783966 0.692566 0.731212 0.747066 0.814670 0.696786 0.907104 0.846349 0.696430 0.687163 0.645874 0.854232 0.599342 0.835173
0.379269 0.353359 0.381745 0.378309 0.999393 0.588611 0.000000 0.199697 0.361094 0.519742 0.637500 0.478859 0.683875 0.695247 0.784415 0.740094 0.602511 0.605443 0.430458 0.407736 0.775546 0.774513 0.643996 0.816862 0.830883 0.662510 0.694720 0.864511 0.635195 0.667245 0.619781 0.784762 0.392278 0.284397 0.440567 0.838874 0.743703 0.851360 0.927109 0.897494 0.706669 0.896449 0.361591 0.369673 0.440491 0.499950 0.496907 0.417628 0.935673 0.674097 0.473431 0.467321 0.532615 0.563264 0.652938 0.661535 0.643164 0.575470 0.411272 0.424498 0.384127 0.326718 0.725754 0.635590 0.583007 0.448750 0.256594 0.311149 0.581347 0.678128 0.328587 0.461471 0.579024 0.672431 0.834027 0.903938 0.422244 0.601313 0.759291 0.869173 0.629767 0.720895 0.935375 0.918014 0.737718 0.738091 0.882504 0.731204 0.657669 0.715264 0.355206 0.493903 0.393595 0.444288 0.638512 0.642429 0.365916 0.656059 0.313091 0.372676 0.530107 0.566041 0.574540 0.688001 0.385143 0.353715 0.640592 0.522017 0.636635 0.606530 0.477335 0.631849 0.585612 0.723009 0.531117 0.847670
0.396199 0.339328 0.464728 0.423887 0.961031 0.521130 0.199697 0.000000 0.432512 0.516027 0.627061 0.441262 0.729412 0.684281 0.862911 0.860847 0.671601 0.674901 0.533140 0.423165 0.810715 0.785265 0.754391 0.875854 0.899815 0.702994 0.643879 0.837710 0.668193 0.754438 0.661750 0.785479 0.445168 0.337501 0.489614 0.852782 0.865592 0.892850 0.915702 0.904404 0.663171 0.865841 0.376610 0.389589 0.553972 0.583827 0.524773 0.475539 0.983089 0.741313 0.554130 0.517559 0.617558 0.629562 0.743575 0.650581 0.615973 0.590807 0.428501 0.369189 0.380129 0.247912 0.764206 0.667001 0.658058 0.407591 0.278957 0.298542 0.606825 0.627213 0.383744 0.436578 0.621299 0.672945 0.827701 0.852888 0.511035 0.705020 0.855010 0.890940 0.691718 0.800988 0.989312 0.987392 0.786553 0.770221 0.966422 0.725205 0.673386 0.745389 0.343865 0.529308 0.385223 0.470421 0.680722 0.652271 0.390753 0.610027 0.339096 0.398373 0.476290 0.543196 0.603584 0.718635 0.358609 0.349415 0.596640 0.518074 0.651033 0.586865 0.458075 0.608417 0.553478 0.760613 0.473669 0.850046
0.485688 0.624338 0.634486 0.697011 0.711377 0.621701 0.361094 0.432512 0.000000 0.419059 0.502821 0.541607 0.606876 0.761954 0.701105 0.717178 0.619625 0.603981 0.638543 0.662293 0.992530 0.849238 0.802160 0.924116 0.916793 0.934694 0.738152 0.778840 0.543004 0.646535 0.874934 0.984289 0.560993 0.491005 0.619182 0.988630 0.849029 0.992985 0.865123 0.866754 0.724243 0.877802 0.642852 0.608967 0.556799 0.608883 0.773368 0.731766 0.781659 0.844599 0.684723 0.709990 0.658321 0.793085 0.609972 0.804055 0.820373 0.668039 0.485395 0.601533 0.452292 0.498512 0.648472 0.554895 0.755014 0.755159 0.526189 0.601087 0.722703 0.709251 0.542938 0.728626 0.836965 0.914370 0.876305 0.944589 0.578506 0.802114 0.696491 0.980568 0.661772 0.765841 0.980709 0.792474 0.809765 0.946664 0.850169 0.814076 0.591622 0.830276 0.561199 0.525242 0.568743 0.492737 0.740352 0.818740 0.635603 0.737342 0.429246 0.490166 0.682027 0.681907 0.671690 0.781909 0.613659 0.553335 0.738341 0.587461 0.737961 0.804091 0.615599 0.740909 0.624808 0.774128 0.694674 0.935113
0.533593 0.711641 0.964892 0.997235 0.776101 0.584897 0.519742 0.516027 0.419059 0.000000 0.427061 0.494163 0.696188 0.944828 0.751182 0.938661 0.495596 0.470537 0.720235 0.785428 0.732772 0.931808 0.783270 0.522677 0.605888 0.740461 0.628703 0.791732 0.405303 0.602334 0.796918 0.702842 0.859305 0.703083 0.784020 0.869747 0.805210 0.849811 0.726568 0.965804 0.902282 0.757754 0.790158 0.654520 0.497141 0.483358 0.856465 0.807792 0.521359 0.660585 0.614266 0.596180 0.625396 0.743897 0.790297 0.700607 0.782296 0.671123 0.492157 0.673121 0.610766 0.620363 0.577906 0.466609 0.889701 0.951947 0.746348 0.859685 0.803056 0.793527 0.653955 0.866870 0.963947 0.949209 0.947143 0.941004 0.617490 0.986402 0.795242 0.875959 0.594000 0.813578 0.937265 0.777954 0.917355 0.725226 0.788561 0.765881 0.795273 0.993670 0.529535 0.451202 0.588798 0.483995 0.864079 0.804993 0.651368 0.674090 0.402874 0.492131 0.700081 0.614118 0.501775 0.601129 0.695693 0.671295 0.808015 0.655706 0.814725 0.778801 0.619520 0.696025 0.447349 0.779762 0.750954 0.921010
0.379390 0.632560 0.967778 0.942514 0.879403 0.783603 0.637500 0.627061 0.502821 0.427061 0.000000 0.311369 0.419583 0.503222 0.643290 0.809129 0.415480 0.404696 0.678718 0.700554 0.687097 0.892023 0.866464 0.671249 0.549651 0.661556 0.715510 0.666887 0.331661 0.403148 0.817681 0.824944 0.738687 0.655321 0.975492 0.744839 0.843916 0.894681 0.807453 0.968359 0.978729 0.761561 0.979458 0.872213 0.767631 0.688236 0.911769 0.894868 0.747269 0.892611 0.914387 0.827995 0.918875 0.915444 0.795280 0.806922 0.585558 0.502164 0.394597 0.525948 0.398009 0.502962 0.310198 0.258661 0.900282 0.985804 0.925892 0.925565 0.809193 0.835594 0.928723 0.947145 0.857587 0.882256 0.863086 0.944168 0.834317 0.840180 0.608565 0.953702 0.424967 0.682008 0.923813 0.660365 0.885960 0.923602 0.852497 0.973519 0.777136 0.800474 0.937024 0.843898 0.986399 0.916147 0.910244 0.919710 0.845106 0.889681 0.653778 0.689452 0.794630 0.843338 0.695934 0.782821 0.744981 0.705795 0.895719 0.823081 0.812028 0.788839 0.811457 0.884677 0.700214 0.955909 0.733130 0.882427
0.278961 0.489747 0.822077 0.784091 0.928659 0.703633 0.478859 0.441262 0.541607 0.494163 0.311369 0.000000 0.399391 0.390368 0.627768 0.745046 0.491439 0.450195 0.577517 0.559971 0.873054 0.918192 0.941363 0.905395 0.741416 0.852007 0.772624 0.731336 0.409601 0.451116 0.922791 0.939757 0.585571 0.492337 0.848654 0.874033 0.868169 0.928141 0.833359 0.940406 0.964420 0.867371 0.827942 0.763375 0.789522 0.739777 0.677796 0.677378 0.925543 0.939149 0.884519 0.754507 0.928688 0.939098 0.862860 0.710286 0.501943 0.503364 0.286493 0.385390 0.286652 0.313437 0.369501 0.316977 0.873420 0.699401 0.704268 0.664015 0.816266 0.813914 0.747900 0.852448 0.983962 0.992690 0.820560 0.919610 0.652610 0.942406 0.676826 0.884546 0.461640 0.705577 0.875881 0.659275 0.723045 0.857465 0.957688 0.917534 0.670590 0.712530 0.799283 0.805924 0.845441 0.822868 0.872106 0.740447 0.699959 0.792445 0.549960 0.592049 0.708066 0.789000 0.675274 0.722240 0.558658 0.517250 0.811299 0.785526 0.841209 0.746373 0.759176 0.742959 0.647337 0.988990 0.685707 0.871839
0.391459 0.671733 0.804139 0.916721 0.633938 0.907278 0.683875 0.729412 0.606876 0.696188 0.419583 0.399391 0.000000 0.384929 0.375031 0.481547 0.609021 0.597385 0.573770 0.724945 0.876331 0.874936 0.728311 0.998086 0.762280 0.851641 0.917244 0.840250 0.472808 0.500807 0.921145 0.854526 0.649278 0.696258 0.972997 0.695982 0.974086 0.851328 0.819223 0.875018 0.813855 0.992752 0.954947 0.981431 0.959615 0.881598 0.799032 0.776624 0.919038 0.893479 0.849669 0.983239 0.888331 0.711635 0.862251 0.937337 0.592674 0.530052 0.445248 0.588848 0.338095 0.557553 0.383360 0.415584 0.718815 0.832011 0.937884 0.937060 0.881874 0.853245 0.961632 0.862666 0.807909 0.769774 0.879971 0.895536 0.843729 0.993762 0.733006 0.800413 0.569776 0.693754 0.868553 0.695015 0.571698 0.839500 0.919835 0.870523 0.751946 0.784007 0.945507 0.930586 0.855146 0.977281 0.903565 0.874925 0.993848 0.946786 0.802277 0.717665 0.991083 0.932539 0.885407 0.926800 0.804379 0.599404 0.961788 0.979175 0.937676 0.918095 0.865065 0.878227 0.782690 0.920854 0.863144 0.947737
0.439950 0.574778 0.750204 0.746163 0.889942 0.967588 0.695247 0.684281 0.761954 0.944828 0.503222 0.390368 0.384929 0.000000 0.572345 0.621637 0.703668 0.661763 0.575693 0.652684 0.992914 0.904150 0.666419 0.769518 0.960735 0.998050 0.955572 0.931377 0.624201 0.515213 0.844519 0.851597 0.510682 0.586219 0.862844 0.876965 0.875315 0.908786 0.975973 0.858089 0.972837 0.956152 0.931483 0.919337 0.958721 0.990769 0.776704 0.729581 0.788455 0.824138 0.888533 0.995381 0.859376 0.747614 0.867971 0.876316 0.488794 0.551463 0.450197 0.453008 0.350656 0.453508 0.466000 0.506087 0.730632 0.636396 0.808758 0.707178 0.879665 0.828993 0.940893 0.870401 0.994048 0.975068 0.821180 0.972520 0.909046 0.897068 0.757871 0.710417 0.620650 0.787286 0.669515 0.676010 0.533262 0.604378 0.805065 0.898818 0.723463 0.593142 0.861872 0.800113 0.809353 0.828376 0.938868 0.841306 0.912848 0.981098 0.916011 0.900278 0.895014 0.898489 0.986675 0.944750 0.721561 0.654269 0.939032 0.981006 0.867897 0.785247 0.888234 0.966878 0.994560 0.850430 0.803062 0.990761
0.559247 0.763520 0.781909 0.906827 0.608983 0.994688 0.784415 0.862911 0.701105 0.751182 0.643290 0.627768 0.375031 0.572345 0.000000 0.443097 0.691017 0.673726 0.605003 0.816919 0.887580 0.972785 0.604370 0.936607 0.959602 0.974904 0.898832 0.988781 0.538593 0.612297 0.947737 0.913381 0.618775 0.734030 0.825020 0.879620 0.800967 0.939033 0.846986 0.850711 0.966115 0.924175 0.940050 0.978183 0.831623 0.835654 0.764201 0.756716 0.828003 0.991166 0.984470 0.957915 0.974170 0.821564 0.716347 0.800524 0.688994 0.635429 0.561897 0.745679 0.501178 0.720769 0.565966 0.565435 0.650858 0.890263 0.905579 0.941088 0.831665 0.708954 0.849251 0.967428 0.967437 0.969895 0.847946 0.972121 0.872517 0.991108 0.793689 0.912051 0.679718 0.725275 0.661032 0.671019 0.496578 0.769823 0.768890 0.973325 0.693403 0.709954 0.943703 0.965955 0.846272 0.973563 0.854595 0.763721 0.987059 0.948153 0.820804 0.772941 0.873104 0.964986 0.968783 0.990571 0.834163 0.672600 0.948669 0.965991 0.986455 0.919929 0.806839 0.914527 0.804709 0.945311 0.931814 0.981538
0.695353 0.796217 0.610828 0.703029 0.765943 0.977657 0.740094 0.860847 0.717178 0.938661 0.809129 0.745046 0.481547 0.621637 0.443097 0.000000 0.871585 0.822122 0.591422 0.745752 0.834862 0.991743 0.424967 0.650308 0.839935 0.808327 0.908598 0.998571 0.706552 0.732227 0.773818 0.905455 0.612022 0.708422 0.816698 0.944442 0.615847 0.942520 0.940769 0.819297 0.959880 0.805233 0.847783 0.901750 0.881204 0.890432 0.610660 0.708579 0.962747 0.944772 0.957390 0.982865 0.964441 0.888587 0.699067 0.975771 0.852735 0.798870 0.753637 0.864407 0.610840 0.751309 0.757992 0.786507 0.520465 0.728703 0.836640 0.880024 0.832995 0.872823 0.809140 0.900064 0.978866 0.998460 0.823238 0.916977 0.840734 0.777293 0.779561 0.823454 0.831279 0.742640 0.725115 0.756674 0.479030 0.638634 0.871480 0.991393 0.730525 0.786343 0.997448 0.957259 0.926340 0.915553 0.693012 0.802976 0.950005 0.919977 0.906539 0.806433 0.868170 0.885794 0.979755 0.924371 0.757223 0.773371 0.991927 0.970028 0.921255 0.997019 0.947948 0.902573 0.948044 0.995767 0.964527 0.968537
0.426273 0.584274 0.951175 0.959195 0.815551 0.846574 0.602511 0.671601 0.619625 0.495596 0.415480 0.491439 0.609021 0.703668 0.691017 0.871585 0.000000 0.315122 0.525021 0.615872 0.745375 0.988453 0.945825 0.803928 0.729451 0.789386 0.856546 0.856618 0.387127 0.432164 0.944325 0.860108 0.743478 0.655641 0.818789 0.897707 0.991064 0.984555 0.819650 0.971609 0.895037 0.804942 0.859605 0.741916 0.503820 0.451148 0.801578 0.706536 0.563831 0.584100 0.662529 0.618560 0.658323 0.834777 0.631758 0.629520 0.491754 0.382207 0.459652 0.637764 0.539924 0.654001 0.357977 0.323374 0.958238 0.946423 0.850161 0.866896 0.663613 0.830096 0.804467 0.924322 0.971837 0.902452 0.949283 0.966223 0.771668 0.979635 0.620390 0.941868 0.329290 0.526854 0.747423 0.532944 0.817997 0.994557 0.851579 0.988468 0.787800 0.636892 0.867286 0.825585 0.969434 0.890722 0.820175 0.979175 0.663881 0.895783 0.594057 0.704164 0.895637 0.910046 0.617893 0.659060 0.823400 0.729646 0.993595 0.849614 0.781026 0.808360 0.790384 0.868635 0.718677 0.830312 0.853066 0.987304
0.426821 0.606452 0.934980 0.990675 0.867681 0.845789 0.605443 0.674901 0.603981 0.470537 0.404696 0.450195 0.597385 0.661763 0.673726 0.822122 0.315122 0.000000 0.549535 0.624696 0.773474 0.986922 0.914800 0.763741 0.742127 0.780802 0.841633 0.856384 0.294558 0.349965 0.936005 0.944740 0.709870 0.616497 0.876650 0.794802 0.997932 0.998668 0.787075 0.984845 0.976295 0.763764 0.891585 0.746633 0.530715 0.439436 0.783941 0.710734 0.573933 0.558394 0.658315 0.605268 0.703678 0.846325 0.598090 0.583521 0.505964 0.417741 0.447745 0.659186 0.537426 0.639666 0.340369 0.281291 0.915785 0.918150 0.873102 0.893993 0.636591 0.854248 0.844668 0.951258 0.934389 0.901293 0.928003 0.933982 0.784880 0.964939 0.554643 0.948070 0.285313 0.448993 0.801700 0.451735 0.841564 0.974010 0.790885 0.993268 0.762590 0.703544 0.917630 0.832484 0.966526 0.915845 0.872635 0.827586 0.676310 0.887951 0.593376 0.699628 0.875617 0.882080 0.566564 0.565950 0.720313 0.726721 0.890530 0.870351 0.911636 0.754102 0.810981 0.856050 0.656874 0.782623 0.854630 0.978112
0.416701 0.411892 0.511927 0.538967 0.809335 0.796014 0.430458 0.533140 0.638543 0.720235 0.678718 0.577517 0.573770 0.575693 0.605003 0.591422 0.525021 0.549535 0.000000 0.473883 0.874894 0.931926 0.570890 0.760674 0.874901 0.818716 0.923569 0.976713 0.644834 0.678440 0.734699 0.871224 0.436691 0.420846 0.584364 0.891599 0.728132 0.955250 0.936299 0.922738 0.977684 0.932796 0.591568 0.593126 0.515508 0.514704 0.490108 0.464570 0.788289 0.702202 0.611780 0.594507 0.686962 0.764063 0.628751 0.608837 0.500963 0.412368 0.437727 0.497854 0.435725 0.528042 0.583289 0.632264 0.548533 0.633747 0.560244 0.575828 0.521772 0.767973 0.561790 0.730066 0.779658 0.846686 0.901684 0.907926 0.637797 0.605795 0.774963 0.776897 0.565137 0.652080 0.699076 0.703111 0.543478 0.661222 0.971400 0.938946 0.715428 0.609679 0.711435 0.759781 0.799892 0.727605 0.765020 0.726428 0.596626 0.874529 0.567778 0.571675 0.851177 0.893287 0.676472 0.796500 0.649235 0.484252 0.866128 0.733680 0.721608 0.705953 0.670333 0.745245 0.731719 0.850955 0.834101 0.905349
0.458152 0.372091 0.470852 0.438293 0.977463 0.711307 0.407736 0.423165 0.662293 0.785428 0.700554 0.559971 0.724945 0.652684 0.816919 0.745752 0.615872 0.624696 0.473883 0.000000 0.734012 0.884775 0.635593 0.660936 0.762287 0.665942 0.903861 0.941146 0.688747 0.734381 0.664640 0.621215 0.443651 0.418444 0.598742 0.848806 0.717372 0.816281 0.980527 0.935876 0.738836 0.930985 0.473560 0.491602 0.665386 0.650651 0.467892 0.369135 0.934633 0.731329 0.704416 0.660943 0.803403 0.799159 0.577511 0.587684 0.600783 0.577923 0.580054 0.479581 0.498344 0.410233 0.736200 0.712816 0.578612 0.453812 0.461677 0.440205 0.549862 0.692068 0.558911 0.660800 0.638516 0.676914 0.710556 0.796511 0.696111 0.768488 0.788260 0.829253 0.553009 0.515905 0.774587 0.758335 0.581366 0.569238 0.966949 0.940153 0.757824 0.607194 0.660179 0.830135 0.696735 0.779346 0.725708 0.819101 0.554732 0.808700 0.608546 0.610964 0.768410 0.781694 0.658618 0.897276 0.470798 0.547649 0.745490 0.745720 0.795800 0.723794 0.755752 0.877692 0.686299 0.732060 0.606220 0.979403
0.914688 0.842168 0.469324 0.451589 0.910549 0.975657 0.775546 0.810715 0.992530 0.732772 0.687097 0.873054 0.876331 0.992914 0.887580 0.834862 0.745375 0.773474 0.874894 0.734012 0.000000 0.742491 0.441224 0.431518 0.365160 0.372843 0.816201 0.881775 0.760050 0.915153 0.449518 0.549009 0.638317 0.693255 0.680433 0.747291 0.632534 0.714132 0.824365 0.808193 0.762060 0.673925 0.650218 0.779267 0.981830 0.875797 0.713529 0.757289 0.631391 0.885246 0.974899 0.958019 0.989998 0.915612 0.939622 0.968310 0.930930 0.841192 0.907771 0.977626 0.954607 0.821816 0.675362 0.696411 0.455568 0.479660 0.565840 0.572198 0.859269 0.867123 0.641227 0.577426 0.614799 0.671866 0.759115 0.716881 0.912247 0.708470 0.805102 0.834152 0.845988 0.902529 0.737310 0.873223 0.661188 0.539361 0.745297 0.933430 0.893391 0.847328 0.791070 0.949821 0.830406 0.886825 0.781925 0.780488 0.881996 0.910712 0.993489 0.968067 0.956943 0.997797 0.771952 0.716292 0.705122 0.774328 0.822114 0.987612 0.880711 0.935145 0.943381 0.982773 0.996599 0.913593 0.827781 0.988892
0.969479 0.904597 0.739249 0.772592 0.886543 0.858895 0.774513 0.785265 0.849238 0.931808 0.892023 0.918192 0.874936 0.904150 0.972785 0.991743 0.988453 0.986922 0.931926 0.884775 0.742491 0.000000 0.801818 0.861233 0.806636 0.801868 0.959079 0.907298 0.945036 0.982653 0.742268 0.913998 0.840280 0.818116 0.699555 0.864246 0.808843 0.853530 0.982665 0.893297 0.779745 0.889365 0.812990 0.832052 0.750939 0.883575 0.999478 0.750248 0.997532 0.829202 0.825054 0.855020 0.699637 0.666438 0.948711 0.794118 0.911693 0.899905 0.934785 0.929118 0.968910 0.939495 0.908162 0.974278 0.872784 0.905458 0.680265 0.796175 0.811896 0.861814 0.737045 0.721890 0.861128 0.743287 0.842616 0.841591 0.834315 0.748477 0.934533 0.866072 0.917394 0.997040 0.972822 0.924104 0.950616 0.948390 0.987803 0.961982 0.934541 0.813888 0.680420 0.832656 0.704051 0.743480 0.763497 0.871533 0.793499 0.878926 0.805694 0.872727 0.813977 0.850959 0.944349 0.925740 0.837154 0.850896 0.848848 0.864972 0.890936 0.831241 0.738172 0.911566 0.949894 0.708622 0.879829 0.958472
0.816193 0.709800 0.306306 0.368519 0.845250 0.973796 0.643996 0.754391 0.802160 0.783270 0.866464 0.941363 0.728311 0.666419 0.604370 0.424967 0.945825 0.914800 0.570890 0.635593 0.441224 0.801818 0.000000 0.276131 0.399712 0.389402 0.786244 0.810921 0.955074 0.935356 0.379089 0.528437 0.409532 0.557927 0.558879 0.784651 0.425686 0.730363 0.833655 0.730003 0.861112 0.802500 0.634505 0.803356 0.943548 0.967762 0.597577 0.613598 0.696848 0.827426 0.993895 0.966849 0.977690 0.957927 0.722345 0.916385 0.914243 0.902504 0.875291 0.834642 0.636388 0.689888 0.963221 0.920664 0.233634 0.406758 0.543772 0.547071 0.792436 0.811662 0.621169 0.618084 0.698717 0.752316 0.737653 0.811736 0.828000 0.538015 0.959855 0.680271 0.955835 0.780905 0.673513 0.950742 0.356731 0.356918 0.767091 0.993883 0.695545 0.652000 0.908361 0.931231 0.931327 0.914006 0.678963 0.728720 0.875913 0.963255 0.945075 0.882536 0.974316 0.905055 0.871475 0.745951 0.704104 0.636627 0.937269 0.967730 0.920054 0.946144 0.820491 0.972481 0.933259 0.926212 0.919972 0.942907
0.999142 0.777304 0.420086 0.389976 0.926072 0.874155 0.816862 0.875854 0.924116 0.522677 0.671249 0.905395 0.998086 0.769518 0.936607 0.650308 0.803928 0.763741 0.760674 0.660936 0.431518 0.861233 0.276131 0.000000 0.315358 0.363428 0.722375 0.802832 0.689448 0.888110 0.372868 0.391324 0.576206 0.703958 0.651473 0.714521 0.511725 0.669428 0.737279 0.831159 0.873350 0.767404 0.683512 0.858227 0.894717 0.823122 0.667941 0.673974 0.505951 0.803939 0.952344 0.907297 0.894857 0.955658 0.854578 0.968023 0.955910 0.966572 0.916881 0.954046 0.856971 0.806045 0.786340 0.723998 0.362699 0.414865 0.635475 0.592118 0.832655 0.905234 0.761068 0.665345 0.684208 0.732852 0.779200 0.776132 0.966943 0.630115 0.894520 0.666824 0.907162 0.859322 0.728159 0.950951 0.480080 0.343079 0.747836 0.905559 0.879422 0.683426 0.972882 0.762670 0.975015 0.899168 0.766103 0.844276 0.893256 0.956557 0.849437 0.935725 0.944262 0.828940 0.773677 0.675691 0.803870 0.787763 0.955364 0.952905 0.994121 0.968924 0.982432 0.856070 0.767250 0.994864 0.952933 0.951458
0.822561 0.869955 0.390791 0.399403 0.942024 0.877596 0.830883 0.899815 0.916793 0.605888 0.549651 0.741416 0.762280 0.960735 0.959602 0.839935 0.729451 0.742127 0.874901 0.762287 0.365160 0.806636 0.399712 0.315358 0.000000 0.235650 0.672186 0.760078 0.671159 0.853771 0.314331 0.434030 0.634397 0.734836 0.615913 0.617022 0.427036 0.492838 0.639533 0.725983 0.804469 0.836667 0.669210 0.858468 0.996008 0.846103 0.694941 0.780318 0.623063 0.898080 0.913152 0.926008 0.941074 0.937918 0.823378 0.891304 0.880046 0.844341 0.788811 0.865063 0.938942 0.940217 0.612552 0.603153 0.394758 0.479344 0.603220 0.585598 0.809484 0.911822 0.617074 0.583505 0.507802 0.547371 0.819657 0.836012 0.873511 0.570385 0.797063 0.741551 0.917105 0.793599 0.711307 0.981697 0.569824 0.369325 0.828583 0.966907 0.855900 0.737717 0.938933 0.860593 0.848022 0.993014 0.761613 0.785119 0.881192 0.951627 0.899267 0.907755 0.972470 0.827297 0.859386 0.746344 0.844382 0.876051 0.891350 0.936739 0.981592 0.966302 0.986490 0.833369 0.791937 0.934439 0.984668 0.990279
0.969033 0.759737 0.309187 0.309639 0.892878 0.958999 0.662510 0.702994 0.934694 0.740461 0.661556 0.852007 0.851641 0.998050 0.974904 0.808327 0.789386 0.780802 0.818716 0.665942 0.372843 0.801868 0.389402 0.363428 0.235650 0.000000 0.866533 0.808881 0.737232 0.856056 0.283938 0.413318 0.566229 0.640554 0.624550 0.594922 0.392156 0.523232 0.695530 0.736230 0.729618 0.826901 0.523254 0.720269 0.940102 0.942208 0.592570 0.709576 0.638352 0.926672 0.813924 0.956209 0.972782 0.855988 0.794469 0.930925 0.882663 0.880902 0.892476 0.998996 0.920422 0.752487 0.608375 0.645286 0.362291 0.364146 0.475414 0.475035 0.800437 0.852626 0.510114 0.462341 0.472742 0.513749 0.848331 0.746567 0.785691 0.549221 0.790959 0.741778 0.931383 0.825770 0.825917 0.889137 0.596134 0.411957 0.842780 0.933961 0.792858 0.772121 0.729200 0.959485 0.675071 0.814263 0.743345 0.731593 0.776924 0.949331 0.921706 0.895034 0.822583 0.993201 0.946134 0.804806 0.698463 0.755896 0.766893 0.902164 0.896040 0.910165 0.827547 0.982352 0.955794 0.869199 0.886811 0.934246
0.739276 0.855916 0.966422 0.974221 0.735161 0.618117 0.694720 0.643879 0.738152 0.628703 0.715510 0.772624 0.917244 0.955572 0.898832 0.908598 0.856546 0.841633 0.923569 0.903861 0.816201 0.959079 0.786244 0.722375 0.672186 0.866533 0.000000 0.862187 0.760609 0.839882 0.950471 0.963231 0.966209 0.796321 0.934810 0.906881 0.758902 0.909476 0.721640 0.684851 0.981049 0.830096 0.843972 0.692021 0.766260 0.722743 0.945768 0.866897 0.941355 0.836090 0.770702 0.694316 0.723697 0.715709 0.940791 0.932464 0.974428 0.932127 0.755386 0.657802 0.752690 0.731959 0.888820 0.802904 0.745706 0.984037 0.846398 0.845872 0.961740 0.861651 0.876837 0.893575 0.893859 0.975254 0.874166 0.872511 0.878419 0.996329 0.978063 0.936218 0.996666 0.927803 0.797577 0.858711 0.662968 0.696597 0.859785 0.940024 0.953733 0.798862 0.627444 0.701251 0.683701 0.686625 0.878145 0.984888 0.740746 0.765565 0.706961 0.729848 0.498427 0.618050 0.767362 0.770859 0.905370 0.917590 0.787032 0.611104 0.752275 0.854941 0.837182 0.697963 0.817129 0.818837 0.762747 0.999205
0.840325 0.827073 0.879600 0.899611 0.907788 0.910877 0.864511 0.837710 0.778840 0.791732 0.666887 0.731336 0.840250 0.931377 0.988781 0.998571 0.856618 0.856384 0.976713 0.941146 0.881775 0.907298 0.810921 0.802832 0.760078 0.808881 0.862187 0.000000 0.784056 0.776451 0.840327 0.960710 0.979485 0.904654 0.953060 0.996124 0.777835 0.910390 0.965237 0.910988 0.898802 0.980603 0.993912 0.885262 0.854867 0.858466 0.935961 0.887564 0.789104 0.892371 0.883014 0.832477 0.828612 0.921288 0.916963 0.844414 0.945993 0.892748 0.839191 0.952935 0.846739 0.841475 0.840198 0.724444 0.847378 0.928672 0.996032 0.953128 0.971543 0.866977 0.948316 0.911413 0.904185 0.968019 0.953817 0.974939 0.869052 0.918150 0.722806 0.859063 0.890723 0.948666 0.879545 0.949471 0.871346 0.868232 0.931448 0.945134 0.911695 0.812117 0.856998 0.786238 0.892916 0.831114 0.920370 0.994441 0.974052 0.865884 0.785995 0.851529 0.816154 0.794776 0.868629 0.823725 0.894223 0.800955 0.997708 0.787009 0.874005 0.945649 0.963112 0.852308 0.853477 0.988300 0.769584 0.957921
0.426986 0.665596 0.972092 0.918609 0.832369 0.843406 0.635195 0.668193 0.543004 0.405303 0.331661 0.409601 0.472808 0.624201 0.538593 0.706552 0.387127 0.294558 0.644834 0.688747 0.760050 0.945036 0.955074 0.689448 0.671159 0.737232 0.760609 0.784056 0.000000 0.321590 0.916946 0.866905 0.684459 0.666935 0.875027 0.753235 0.943186 0.916251 0.708197 0.956160 0.963922 0.797037 0.954276 0.821667 0.582502 0.495696 0.859355 0.782468 0.589707 0.693748 0.781281 0.695364 0.785067 0.938837 0.692976 0.635238 0.609073 0.537095 0.477814 0.656079 0.472020 0.604820 0.325345 0.260746 0.928051 0.919483 0.918108 0.967134 0.764316 0.813025 0.877810 0.953135 0.969746 0.910387 0.958181 0.900982 0.753963 0.966089 0.539268 0.992385 0.373135 0.562417 0.790539 0.506575 0.819210 0.989690 0.898127 0.996162 0.775304 0.745023 0.906028 0.844062 0.979210 0.886871 0.860211 0.841319 0.807719 0.869358 0.609812 0.689500 0.896195 0.862113 0.637732 0.753665 0.722860 0.739826 0.850107 0.856770 0.949295 0.706604 0.862933 0.838773 0.668448 0.800172 0.790108 0.963881
0.533299 0.724333 0.898453 0.979845 0.880604 0.997611 0.667245 0.754438 0.646535 0.602334 0.403148 0.451116 0.500807 0.515213 0.612297 0.732227 0.432164 0.349965 0.678440 0.734381 0.915153 0.982653 0.935356 0.888110 0.853771 0.856056 0.839882 0.776451 0.321590 0.000000 0.941384 0.966924 0.668765 0.636200 0.915961 0.783563 0.958257 0.862388 0.826178 0.933380 0.953946 0.872160 0.973773 0.888319 0.715678 0.702096 0.928058 0.832582 0.798591 0.870539 0.879097 0.835438 0.879719 0.968794 0.758309 0.747248 0.649723 0.611423 0.537124 0.746960 0.508767 0.627528 0.336249 0.287059 0.978697 0.980615 0.912992 0.930249 0.838632 0.914587 0.908747 0.931629 0.958942 0.904746 0.971346 0.835997 0.794272 0.935548 0.664778 0.922010 0.365258 0.544565 0.633714 0.520296 0.781933 0.895345 0.864235 0.950115 0.807339 0.700938 0.949685 0.938621 0.898571 0.962572 0.919527 0.887663 0.868323 0.953034 0.791370 0.898530 0.911616 0.966156 0.795433 0.837226 0.792675 0.835703 0.955167 0.975722 0.990234 0.871626 0.953775 0.991117 0.888547 0.966169 0.908472 0.926466
0.963273 0.704548 0.357746 0.387209 0.885309 0.992074 0.619781 0.661750 0.874934 0.796918 0.817681 0.922791 0.921145 0.844519 0.947737 0.773818 0.944325 0.936005 0.734699 0.664640 0.449518 0.742268 0.379089 0.372868 0.314331 0.283938 0.950471 0.840327 0.916946 0.941384 0.000000 0.336557 0.420499 0.554812 0.523384 0.666606 0.454523 0.557744 0.809159 0.869704 0.678763 0.969552 0.558071 0.697573 0.814827 0.929556 0.699468 0.696677 0.649839 0.977244 0.768446 0.906065 0.891878 0.807777 0.722290 0.821872 0.986086 0.966028 0.988234 0.901296 0.764497 0.683995 0.844604 0.869615 0.465133 0.443050 0.454840 0.473137 0.731043 0.783608 0.568523 0.461514 0.457779 0.547583 0.834194 0.726491 0.869836 0.607269 0.919649 0.716005 0.970382 0.765273 0.673634 0.927693 0.615076 0.459726 0.910202 0.974938 0.788304 0.696923 0.804676 0.895538 0.775291 0.927484 0.714497 0.759453 0.692154 0.890807 0.922496 0.947464 0.828033 0.974809 0.954896 0.853594 0.711374 0.690247 0.763921 0.890378 0.860703 0.809014 0.791641 0.942036 0.872361 0.798068 0.817612 0.908328
0.992711 0.745482 0.540810 0.538229 0.775172 0.924801 0.784762 0.785479 0.984289 0.702842 0.824944 0.939757 0.854526 0.851597 0.913381 0.905455 0.860108 0.944740 0.871224 0.621215 0.549009 0.913998 0.528437 0.391324 0.434030 0.413318 0.963231 0.960710 0.866905 0.966924 0.336557 0.000000 0.589750 0.656744 0.716496 0.748276 0.657329 0.603096 0.768561 0.959891 0.827463 0.895345 0.666126 0.704345 0.993876 0.985932 0.742925 0.709763 0.596836 0.937867 0.873092 0.938047 0.986281 0.922620 0.776559 0.868334 0.982374 0.955679 0.912506 0.935138 0.872225 0.743803 0.788384 0.829496 0.632147 0.517909 0.649508 0.595645 0.835644 0.944906 0.757608 0.621533 0.533012 0.530770 0.899407 0.720576 0.988378 0.707541 0.922563 0.764333 0.988900 0.801752 0.757727 0.961679 0.725082 0.499071 0.900319 0.866358 0.903115 0.830050 0.957680 0.775360 0.909994 0.946928 0.787766 0.898933 0.777298 0.930071 0.958954 0.929361 0.868502 0.980200 0.917396 0.762540 0.728283 0.817010 0.877693 0.897231 0.917522 0.976487 0.981612 0.859249 0.875042 0.826476 0.863876 0.951662
0.500996 0.442768 0.385203 0.423362 0.948281 0.746121 0.392278 0.445168 0.560993 0.859305 0.738687 0.585571 0.649278 0.510682 0.618775 0.612022 0.743478 0.709870 0.436691 0.443651 0.638317 0.840280 0.409532 0.576206 0.634397 0.566229 0.966209 0.979485 0.684459 0.668765 0.420499 0.589750 0.000000 0.311832 0.448733 0.805031 0.611502 0.822855 0.976098 0.892156 0.704758 0.981878 0.569846 0.631423 0.674533 0.736241 0.601482 0.545418 0.825524 0.931104 0.769169 0.800668 0.856628 0.900643 0.620183 0.630237 0.631791 0.600120 0.546899 0.473154 0.358016 0.384370 0.691614 0.691469 0.450396 0.429860 0.406238 0.395030 0.616779 0.658219 0.526437 0.540842 0.622173 0.711777 0.766132 0.787297 0.714790 0.648278 0.826909 0.703447 0.642973 0.608509 0.701337 0.781083 0.453877 0.454040 0.914370 0.998781 0.639677 0.581952 0.763143 0.979865 0.758188 0.837595 0.725674 0.624781 0.653069 0.852415 0.650339 0.701676 0.771708 0.849621 0.850540 0.930062 0.519542 0.462991 0.756127 0.816322 0.780441 0.670156 0.733073 0.887839 0.831681 0.837785 0.603352 0.972865
0.426441 0.353320 0.397241 0.408176 0.983221 0.709276 0.284397 0.337501 0.491005 0.703083 0.655321 0.492337 0.696258 0.586219 0.734030 0.708422 0.655641 0.616497 0.420846 0.418444 0.693255 0.818116 0.557927 0.703958 0.734836 0.640554 0.796321 0.904654 0.666935 0.636200 0.554812 0.656744 0.311832 0.000000 0.484057 0.796374 0.759626 0.827978 0.982780 0.829758 0.802770 0.894106 0.483629 0.491074 0.579472 0.627306 0.549471 0.477339 0.959265 0.794021 0.638835 0.625340 0.692175 0.729350 0.648278 0.646132 0.636432 0.577522 0.476677 0.450300 0.371548 0.341955 0.700079 0.638021 0.554537 0.441821 0.334287 0.349122 0.601921 0.696060 0.416043 0.491151 0.645407 0.653133 0.838958 0.820669 0.593691 0.636297 0.743064 0.768764 0.612291 0.632697 0.765375 0.804773 0.617715 0.596343 0.966014 0.997720 0.627510 0.621328 0.581576 0.757961 0.571386 0.660219 0.702488 0.744446 0.523315 0.839567 0.506860 0.558956 0.594315 0.727498 0.689196 0.790779 0.495665 0.438200 0.627998 0.600657 0.736034 0.667854 0.636613 0.811917 0.678854 0.812780 0.638908 0.980563
0.719974 0.607023 0.435948 0.472061 0.892879 0.835051 0.440567 0.489614 0.619182 0.784020 0.975492 0.848654 0.972997 0.862844 0.825020 0.816698 0.818789 0.876650 0.584364 0.598742 0.680433 0.699555 0.558879 0.651473 0.615913 0.624550 0.934810 0.953060 0.875027 0.915961 0.523384 0.716496 0.448733 0.484057 0.000000 0.725876 0.704374 0.836550 0.935647 0.852690 0.664776 0.880734 0.512579 0.574861 0.553254 0.683115 0.728750 0.575709 0.971994 0.787065 0.614304 0.719998 0.596938 0.653189 0.633841 0.654295 0.804022 0.804614 0.749314 0.673310 0.680758 0.663331 0.969941 0.926172 0.527751 0.570199 0.358015 0.451389 0.658884 0.725999 0.424829 0.508956 0.607722 0.617676 0.916228 0.775474 0.618940 0.670721 0.968593 0.861253 0.852829 0.796504 0.816756 0.938390 0.680449 0.645159 0.907218 0.945051 0.803567 0.693122 0.545485 0.739735 0.569990 0.594762 0.605338 0.720509 0.591911 0.754665 0.652392 0.672043 0.745154 0.829666 0.773214 0.947222 0.661363 0.532854 0.903821 0.735935 0.676586 0.682080 0.645016 0.919874 0.862574 0.817566 0.690639 0.990895
0.884402 0.850622 0.715379 0.655296 0.894856 0.971422 0.838874 0.852782 0.988630 0.869747 0.744839 0.874033 0.695982 0.876965 0.879620 0.944442 0.897707 0.794802 0.891599 0.848806 0.747291 0.864246 0.784651 0.714521 0.617022 0.594922 0.906881 0.996124 0.753235 0.783563 0.666606 0.748276 0.805031 0.796374 0.725876 0.000000 0.710965 0.850518 0.777245 0.886676 0.804583 0.909132 0.724793 0.809802 0.862705 0.989697 0.885838 0.848725 0.879761 0.952662 0.745445 0.875228 0.749602 0.741519 0.811496 0.902764 0.880456 0.928845 0.861018 0.959122 0.937851 0.911215 0.750373 0.755117 0.782587 0.731623 0.669989 0.688595 0.992664 0.853917 0.687187 0.676907 0.658802 0.780513 0.954785 0.875043 0.832558 0.867213 0.926039 0.944148 0.920793 0.952658 0.916133 0.921116 0.910114 0.736198 0.876773 0.939026 0.895451 0.888591 0.779790 0.955734 0.683030 0.810566 0.986710 0.890060 0.752816 0.928053 0.910105 0.975622 0.770675 0.883450 0.940326 0.918299 0.902929 0.859923 0.928947 0.878782 0.761214 0.891530 0.816542 0.960835 0.857409 0.938425 0.951576 0.992057
0.924467 0.789029 0.425810 0.493499 0.955184 0.983135 0.743703 0.865592 0.849029 0.805210 0.843916 0.868169 0.974086 0.875315 0.800967 0.615847 0.991064 0.997932 0.728132 0.717372 0.632534 0.808843 0.425686 0.511725 0.427036 0.392156 0.758902 0.777835 0.943186 0.958257 0.454523 0.657329 0.611502 0.759626 0.704374 0.710965 0.000000 0.512110 0.712364 0.728483 0.704386 0.989907 0.661208 0.848076 0.839791 0.976256 0.630409 0.749346 0.887660 0.939300 0.816692 0.909186 0.938552 0.909365 0.655026 0.876784 0.953928 0.940982 0.994605 0.982162 0.886573 0.866144 0.886319 0.884356 0.454864 0.623280 0.640020 0.627210 0.720587 0.796466 0.655613 0.644317 0.601838 0.690086 0.891174 0.874852 0.795911 0.591515 0.929542 0.849300 0.864429 0.714151 0.691714 0.903311 0.528022 0.453407 0.988134 0.996387 0.703533 0.606516 0.937847 0.985503 0.888488 0.931950 0.776755 0.789242 0.915507 0.971491 0.902988 0.912458 0.977454 0.812311 0.905501 0.904017 0.790923 0.848710 0.946636 0.916102 0.751845 0.949584 0.789570 0.956937 0.891202 0.825458 0.991503 0.975730
0.963480 0.859317 0.668826 0.622753 0.856723 0.925425 0.851360 0.892850 0.992985 0.849811 0.894681 0.928141 0.851328 0.908786 0.939033 0.942520 0.984555 0.998668 0.955250 0.816281 0.714132 0.853530 0.730363 0.669428 0.492838 0.523232 0.909476 0.910390 0.916251 0.862388 0.557744 0.603096 0.822855 0.827978 0.836550 0.850518 0.512110 0.000000 0.667225 0.730155 0.843202 0.933565 0.810186 0.866823 0.943034 0.944313 0.680392 0.834550 0.856066 0.997225 0.836718 0.957174 0.981009 0.970734 0.868426 0.910165 0.945784 0.940497 0.980526 0.934782 0.998802 0.884234 0.852316 0.908242 0.699198 0.708066 0.758660 0.721605 0.817649 0.913005 0.722937 0.730187 0.520318 0.618097 0.854915 0.997640 0.859831 0.707543 0.909344 0.816027 0.877936 0.769996 0.694303 0.836245 0.717718 0.530906 0.991894 0.864187 0.822749 0.676495 0.992955 0.899756 0.930084 0.935151 0.768517 0.841215 0.857449 0.860951 0.931031 0.907667 0.940870 0.815878 0.974968 0.870205 0.884955 0.986488 0.852801 0.935774 0.891964 0.994316 0.973759 0.812036 0.879498 0.826787 0.961244 0.863259
