0.000000 0.179161 0.462521 0.595181 0.667935 0.918666 0.376725 0.517727 0.824744 0.749920 0.406250 0.314914 0.269061 0.415316 0.555079 0.647507 0.311304 0.355107 0.244007 0.271544 0.678679 0.994708 0.559503 0.686897 0.743396 0.914769 0.894150 0.931738 0.529389 0.499965 0.789007 0.907196 0.283865 0.290590 0.619912 0.915483 0.487468 0.704903 0.709562 0.731545 0.726971 0.893269 0.798984 0.736822 0.899188 0.805845 0.432870 0.468491 0.766966 0.541136 0.631640 0.558159 0.952071 0.774092 0.409239 0.478667 0.276050 0.200347 0.271066 0.334033 0.241173 0.351649 0.234141 0.225193 0.542387 0.403279 0.326515 0.497834 0.289579 0.273376 0.637338 0.922650 0.525912 0.680901 0.707321 0.801930 0.656116 0.760532 0.490178 0.473843 0.251417 0.256852 0.354458 0.334066 0.270549 0.382081 0.556543 0.587236 0.457751 0.474345 0.617147 0.537108 0.542056 0.491606 0.928339 0.889755 0.390480 0.980278 0.860771 0.920004 0.748889 0.916544 0.744552 0.768892 0.615842 0.518095 0.993694 0.939450 0.856125 0.641536 0.994598 0.724856 0.919612 0.857194 0.663529 0.765730
0.179161 0.000000 0.498953 0.563369 0.710123 0.921803 0.391098 0.456562 0.843429 0.819432 0.434477 0.268703 0.298964 0.388546 0.562999 0.632084 0.281838 0.301279 0.237045 0.235343 0.720095 0.963521 0.516175 0.654113 0.788463 0.987343 0.913690 0.951226 0.467019 0.443980 0.772803 0.849636 0.269109 0.285797 0.663684 0.980150 0.513645 0.637121 0.729465 0.761589 0.735382 0.773190 0.659022 0.632179 0.810758 0.728793 0.364359 0.418335 0.696839 0.495476 0.573050 0.505101 0.931392 0.833269 0.451747 0.485366 0.248767 0.171433 0.278411 0.331617 0.275061 0.358460 0.216662 0.180781 0.607927 0.440360 0.325331 0.447465 0.326599 0.286731 0.554490 0.819980 0.550041 0.660429 0.751425 0.751667 0.551367 0.640802 0.382818 0.414217 0.236133 0.271529 0.389736 0.386259 0.329182 0.410697 0.618249 0.620595 0.512039 0.491244 0.694451 0.639368 0.654751 0.533622 0.906491 0.851534 0.381788 0.899575 0.760399 0.817965 0.803478 0.947818 0.671542 0.716958 0.548303 0.469219 0.976826 0.951214 0.911849 0.633639 0.915119 0.667179 0.846343 0.853253 0.623128 0.769237
0.462521 0.498953 0.000000 0.284275 0.734537 0.939468 0.479055 0.635919 0.655851 0.677274 0.823538 0.664922 0.349175 0.643805 0.471328 0.510312 0.749950 0.833036 0.613013 0.613896 0.568127 0.796395 0.403854 0.378988 0.374281 0.435138 0.674063 0.818931 0.980730 0.988112 0.653396 0.887077 0.552920 0.616611 0.498741 0.900108 0.387869 0.566503 0.498680 0.720338 0.704270 0.989240 0.948091 0.984293 0.855082 0.989644 0.681448 0.610647 0.942332 0.678381 0.795819 0.674340 0.940194 0.853014 0.311524 0.530811 0.749404 0.560517 0.477504 0.426929 0.392680 0.435661 0.678697 0.658579 0.216207 0.289245 0.447105 0.569629 0.388740 0.428290 0.845971 0.994410 0.551808 0.679867 0.787167 0.888665 0.751119 0.996141 0.777923 0.820830 0.715377 0.617074 0.637082 0.522145 0.306070 0.270807 0.551581 0.694566 0.311438 0.410609 0.589675 0.564124 0.634832 0.670836 0.880363 0.961707 0.692981 0.894774 0.761709 0.726399 0.712343 0.804289 0.883433 0.895997 0.701236 0.648472 0.904622 0.966402 0.927888 0.913940 0.920264 0.974649 0.896539 0.960476 0.729615 0.955041
0.595181 0.563369 0.284275 0.000000 0.759961 0.929681 0.481750 0.469119 0.613790 0.837704 0.954325 0.642672 0.413878 0.578394 0.417950 0.422078 0.844336 0.870417 0.695689 0.660138 0.683335 0.915897 0.373775 0.313762 0.414592 0.520259 0.665252 0.863339 0.953464 0.979228 0.605766 0.918151 0.624280 0.638168 0.613350 0.992570 0.459991 0.545554 0.508972 0.725229 0.796314 0.894451 0.885387 0.871619 0.915981 0.871425 0.647027 0.520821 0.992642 0.656096 0.707643 0.647093 0.890073 0.913556 0.419289 0.599113 0.821565 0.638503 0.557009 0.512789 0.475365 0.434016 0.744659 0.677681 0.313174 0.345009 0.516619 0.553916 0.603817 0.547897 0.875789 0.981494 0.733959 0.782847 0.794012 0.909587 0.654201 0.862260 0.768259 0.876345 0.808433 0.775903 0.673695 0.586871 0.431279 0.299368 0.603976 0.784631 0.428251 0.416712 0.774197 0.695602 0.828998 0.757829 0.903731 0.827661 0.725935 0.859235 0.892689 0.880301 0.805115 0.793016 0.947535 0.994212 0.642417 0.575199 0.851390 0.828392 0.882638 0.876780 0.967303 0.941692 0.981608 0.953202 0.743017 0.933732
0.667935 0.710123 0.734537 0.759961 0.000000 0.966164 0.747899 0.796946 0.903667 0.901796 0.773232 0.737680 0.616523 0.753788 0.759227 0.719644 0.782719 0.816450 0.727672 0.771447 0.870692 0.816929 0.688584 0.733970 0.683649 0.768296 0.885843 0.873523 0.821757 0.842747 0.908032 0.987575 0.753204 0.728165 0.844551 0.934912 0.771365 0.814763 0.905157 0.711158 0.955666 0.942354 0.956494 0.953788 0.939300 0.974279 0.822276 0.716044 0.977630 0.920574 0.902762 0.902540 0.897744 0.763412 0.744291 0.872354 0.713032 0.743821 0.716689 0.738523 0.696661 0.739368 0.777939 0.739812 0.727163 0.687251 0.774779 0.830808 0.645555 0.636221 0.984911 0.969319 0.793317 0.948715 0.812224 0.924422 0.985335 0.981810 0.802314 0.813817 0.735302 0.744208 0.747399 0.740744 0.662055 0.665162 0.810354 0.805154 0.728544 0.729857 0.867576 0.847649 0.950437 0.789689 0.832648 0.949653 0.870409 0.936711 0.978848 0.955074 0.905938 0.969441 0.925738 0.836019 0.938910 0.746839 0.951679 0.886784 0.943634 0.941763 0.884367 0.974042 0.985886 0.889653 0.764688 0.957486
0.918666 0.921803 0.939468 0.929681 0.966164 0.000000 0.892318 0.881628 0.949907 0.841086 0.875273 0.839018 0.938337 0.878816 0.986247 0.886276 0.841459 0.836453 0.891561 0.935546 0.826252 0.898080 0.869427 0.918764 0.854019 0.879306 0.816566 0.783042 0.804602 0.819891 0.833088 0.928550 0.942100 0.893042 0.836298 0.876170 0.898744 0.930813 0.962075 0.729725 0.864536 0.883117 0.837113 0.795887 0.855770 0.855764 0.925468 0.990453 0.902224 0.933412 0.993816 0.944535 0.982496 0.880241 0.953305 0.907242 0.830161 0.914972 0.980231 0.997066 0.903938 0.873989 0.923220 0.916385 0.864613 0.952334 0.985402 0.965877 0.968688 0.937820 0.986018 0.888452 0.959462 0.925515 0.826866 0.996783 0.961132 0.926269 0.992665 0.837815 0.884191 0.847999 0.947384 0.943942 0.953726 0.993797 0.878855 0.991817 0.860214 0.997553 0.799044 0.912531 0.971503 0.943263 0.940961 0.882413 0.804160 0.717445 0.739565 0.711113 0.738784 0.927941 0.789401 0.826239 0.924389 0.989570 0.988089 0.976394 0.938960 0.896974 0.913683 0.864932 0.912958 0.984374 0.998265 0.872063
0.376725 0.391098 0.479055 0.481750 0.747899 0.892318 0.000000 0.268101 0.509755 0.853443 0.474149 0.411136 0.303178 0.310580 0.404769 0.481867 0.464726 0.490394 0.323356 0.402674 0.788258 0.961368 0.702217 0.701304 0.888910 0.909577 0.965996 0.961597 0.485413 0.547392 0.708736 0.727885 0.336313 0.278458 0.745979 0.865038 0.610873 0.621313 0.788426 0.744515 0.811661 0.820410 0.542470 0.475556 0.601430 0.485406 0.406859 0.327640 0.611643 0.512230 0.481861 0.502974 0.727436 0.955562 0.472667 0.460342 0.486304 0.434508 0.369800 0.488430 0.260581 0.304747 0.390712 0.379747 0.637626 0.362691 0.291642 0.303888 0.587834 0.507883 0.580653 0.812328 0.540095 0.539502 0.710451 0.680546 0.487563 0.592120 0.548995 0.594111 0.502238 0.529518 0.534136 0.511200 0.506194 0.472904 0.688992 0.801043 0.591002 0.702041 0.975724 0.896355 0.866231 0.809046 0.903742 0.800132 0.463322 0.982270 0.663685 0.693578 0.934739 0.778459 0.677079 0.567561 0.535967 0.524929 0.860709 0.835349 0.841487 0.693082 0.809589 0.571482 0.745911 0.656776 0.595161 0.703853
0.517727 0.456562 0.635919 0.469119 0.796946 0.881628 0.268101 0.000000 0.572564 0.762351 0.553162 0.391869 0.444507 0.288299 0.530612 0.481561 0.584423 0.571619 0.454328 0.502123 0.900359 0.998379 0.788534 0.727782 0.992467 0.992485 0.917126 0.891898 0.490908 0.564265 0.827931 0.705930 0.496335 0.377041 0.875353 0.963647 0.717615 0.655877 0.794741 0.765728 0.957903 0.802059 0.499314 0.480362 0.606743 0.433048 0.370878 0.342638 0.570811 0.525943 0.430584 0.482732 0.716077 0.939539 0.555668 0.542020 0.587183 0.530869 0.430869 0.533623 0.350726 0.279474 0.462106 0.411528 0.780339 0.414574 0.438252 0.360901 0.769488 0.597963 0.754556 0.876239 0.743071 0.692899 0.755125 0.724220 0.528535 0.610676 0.592320 0.647413 0.608841 0.680732 0.585997 0.629044 0.676648 0.537498 0.789682 0.909323 0.710999 0.728250 0.878899 0.953173 0.970079 0.773159 0.996954 0.772673 0.529665 0.938848 0.583124 0.609956 0.808033 0.881926 0.635733 0.605418 0.598590 0.548755 0.844392 0.741150 0.903934 0.734237 0.761870 0.532784 0.679831 0.665847 0.645807 0.661029
0.824744 0.843429 0.655851 0.613790 0.903667 0.949907 0.509755 0.572564 0.000000 0.717541 0.941427 0.854632 0.643501 0.703426 0.707291 0.770176 0.895995 0.988243 0.783019 0.849922 0.925131 0.991813 0.872282 0.776351 0.849729 0.740941 0.987911 0.930154 0.888811 0.969973 0.778294 0.935012 0.742685 0.747172 0.756651 0.795718 0.724535 0.676811 0.831291 0.839912 0.927271 0.860332 0.734694 0.714085 0.630496 0.594160 0.699863 0.634407 0.751479 0.689618 0.628054 0.669993 0.658064 0.771018 0.665631 0.666424 0.910824 0.892581 0.692361 0.840681 0.609920 0.630357 0.878036 0.884522 0.715777 0.591915 0.563330 0.529888 0.844346 0.874819 0.834386 0.864483 0.735854 0.733182 0.793807 0.885126 0.634309 0.797911 0.926351 0.936724 0.994881 0.998145 0.855430 0.828852 0.816282 0.709149 0.908154 0.885190 0.674738 0.871018 0.886298 0.917784 0.972096 0.917871 0.745684 0.916520 0.860036 0.892886 0.819308 0.829201 0.929106 0.825534 0.895087 0.740067 0.781979 0.700475 0.838810 0.866304 0.929555 0.918465 0.858351 0.801596 0.856722 0.862951 0.739404 0.778190
0.749920 0.819432 0.677274 0.837704 0.901796 0.841086 0.853443 0.762351 0.717541 0.000000 0.958554 0.950234 0.770229 0.976936 0.903903 0.926895 0.905250 0.980596 0.921485 0.864061 0.743641 0.881880 0.593499 0.614018 0.507824 0.718086 0.544914 0.744664 0.791976 0.884024 0.947851 0.720498 0.915710 0.939009 0.673573 0.919939 0.704321 0.991850 0.690890 0.885002 0.819573 0.814196 0.472859 0.537900 0.339103 0.403149 0.877799 0.837918 0.489755 0.822723 0.646457 0.799500 0.588025 0.516467 0.746532 0.946814 0.891833 0.782016 0.972666 0.869645 0.922813 0.950953 0.910257 0.939697 0.543677 0.779992 0.945280 0.741592 0.617993 0.753590 0.912852 0.734858 0.938492 0.754683 0.923932 0.837436 0.789529 0.706548 0.959033 0.998039 0.798481 0.654997 0.669168 0.637042 0.490571 0.585796 0.750771 0.638256 0.656203 0.539799 0.370357 0.411225 0.500067 0.518738 0.845739 0.764114 0.959083 0.728481 0.433037 0.383261 0.428306 0.628013 0.522964 0.588291 0.833445 0.870482 0.835816 0.698345 0.941537 0.937173 0.644563 0.712827 0.573281 0.735885 0.906669 0.955161
0.406250 0.434477 0.823538 0.954325 0.773232 0.875273 0.474149 0.553162 0.941427 0.958554 0.000000 0.320793 0.506306 0.468462 0.782153 0.833207 0.382815 0.365939 0.379453 0.365382 0.925084 0.916388 0.985487 0.927358 0.789640 0.706948 0.751485 0.817212 0.423164 0.335646 0.910101 0.854411 0.501173 0.362749 0.995834 0.854947 0.870596 0.875525 0.964123 0.916333 0.853180 0.862053 0.764131 0.740027 0.740736 0.726556 0.613714 0.618204 0.670341 0.728967 0.737321 0.762554 0.924122 0.816870 0.782425 0.664867 0.399516 0.437303 0.534716 0.650626 0.414539 0.484147 0.333323 0.352732 0.966791 0.630732 0.590236 0.555584 0.626955 0.561735 0.745416 0.902180 0.580661 0.615312 0.688784 0.800848 0.758478 0.750088 0.572427 0.483858 0.356971 0.404548 0.583180 0.580492 0.674235 0.749730 0.756516 0.861988 0.812104 0.864825 0.913381 0.812111 0.797183 0.694934 0.922154 0.961739 0.583437 0.954545 0.687052 0.796899 0.921217 0.844666 0.612799 0.664701 0.762014 0.750745 0.854671 0.913905 0.753069 0.711005 0.886282 0.693309 0.844550 0.798715 0.785593 0.726669
0.314914 0.268703 0.664922 0.642672 0.737680 0.839018 0.411136 0.391869 0.854632 0.950234 0.320793 0.000000 0.398909 0.312971 0.618684 0.606958 0.383422 0.317171 0.286424 0.280833 0.779966 0.893735 0.702264 0.753344 0.968203 0.836846 0.993384 0.928504 0.391986 0.352644 0.966996 0.793233 0.396234 0.328205 0.845760 0.971806 0.694440 0.692135 0.912685 0.748577 0.897829 0.803078 0.675276 0.689193 0.799623 0.732230 0.464437 0.513003 0.723692 0.645899 0.663823 0.669330 0.919799 0.736888 0.641350 0.582007 0.315194 0.319659 0.429364 0.526265 0.308552 0.311127 0.288215 0.245545 0.784096 0.457599 0.488489 0.463419 0.524642 0.427845 0.700829 0.874308 0.590690 0.685532 0.755494 0.778679 0.681221 0.630178 0.470673 0.449335 0.329892 0.383145 0.516030 0.507293 0.505651 0.498817 0.732286 0.778026 0.656777 0.624210 0.859577 0.695031 0.797714 0.545999 0.988979 0.760062 0.490673 0.889458 0.711533 0.756382 0.972468 0.988060 0.598590 0.668006 0.626228 0.553770 0.934550 0.903988 0.857091 0.605589 0.830066 0.652241 0.797684 0.770110 0.660511 0.720967
0.269061 0.298964 0.349175 0.413878 0.616523 0.938337 0.303178 0.444507 0.643501 0.770229 0.506306 0.398909 0.000000 0.389121 0.400358 0.430049 0.428051 0.510318 0.341276 0.353804 0.595521 0.996107 0.452428 0.517733 0.616024 0.779846 0.832749 0.843751 0.614865 0.622544 0.676844 0.908442 0.349610 0.352129 0.672036 0.880008 0.465825 0.620367 0.607765 0.658094 0.668342 0.921926 0.793360 0.709852 0.956616 0.779933 0.490612 0.430057 0.869650 0.577255 0.642729 0.582612 0.992913 0.829924 0.423155 0.514419 0.452675 0.344565 0.349260 0.399684 0.238762 0.309809 0.363722 0.356514 0.399572 0.272222 0.366186 0.490273 0.370185 0.325505 0.675175 0.931854 0.527039 0.647391 0.721258 0.779085 0.578479 0.741812 0.579754 0.533985 0.436926 0.410407 0.435822 0.402186 0.281677 0.280431 0.531179 0.661831 0.423077 0.459471 0.689312 0.630012 0.610311 0.614091 0.907137 0.963074 0.533354 0.890930 0.961000 0.989045 0.776635 0.926972 0.864080 0.767511 0.661716 0.504573 0.933757 0.949621 0.975056 0.792456 0.994700 0.776932 0.905236 0.877562 0.638951 0.761115
0.415316 0.388546 0.643805 0.578394 0.753788 0.878816 0.310580 0.288299 0.703426 0.976936 0.468462 0.312971 0.389121 0.000000 0.548157 0.499715 0.453418 0.413979 0.314217 0.347114 0.835183 0.903332 0.671858 0.641114 0.954672 0.972787 0.933952 0.928819 0.414003 0.415665 0.806472 0.661735 0.410109 0.344387 0.797041 0.985248 0.734061 0.593219 0.801554 0.702747 0.966641 0.768119 0.637579 0.592607 0.771101 0.625573 0.458030 0.490400 0.747621 0.668037 0.626566 0.655184 0.964427 0.857816 0.623039 0.583668 0.421131 0.454364 0.513886 0.622091 0.377230 0.336747 0.417839 0.351111 0.761089 0.423681 0.493058 0.477643 0.650487 0.583517 0.690964 0.779027 0.670231 0.701990 0.772828 0.739295 0.656808 0.566916 0.527564 0.539219 0.442926 0.486204 0.499992 0.518502 0.540761 0.469380 0.775280 0.744684 0.681528 0.659652 0.945579 0.807261 0.793294 0.682811 0.920016 0.751299 0.498960 0.986055 0.733825 0.711270 0.993847 0.855130 0.674820 0.658015 0.634779 0.647775 0.956230 0.960754 0.879412 0.698103 0.808681 0.652553 0.789170 0.722442 0.735788 0.698253
0.555079 0.562999 0.471328 0.417950 0.759227 0.986247 0.404769 0.530612 0.707291 0.903903 0.782153 0.618684 0.400358 0.548157 0.000000 0.306729 0.669359 0.656456 0.587893 0.579397 0.635385 0.995094 0.476754 0.475897 0.581882 0.697412 0.725889 0.818973 0.744929 0.778689 0.514449 0.686045 0.501824 0.571301 0.783855 0.995100 0.593379 0.619724 0.676063 0.862020 0.716081 0.789994 0.787189 0.740150 0.989799 0.895845 0.610646 0.585476 0.959208 0.823626 0.860463 0.808100 0.986643 0.813443 0.572956 0.735850 0.667694 0.596959 0.647202 0.698404 0.516888 0.529414 0.634791 0.611515 0.476640 0.413620 0.564363 0.635159 0.625338 0.580281 0.692201 0.835711 0.758535 0.805013 0.932362 0.737806 0.675385 0.678596 0.730079 0.676771 0.663204 0.658588 0.579525 0.533345 0.498421 0.405638 0.595227 0.794646 0.552322 0.580931 0.905939 0.849990 0.889404 0.829711 0.898387 0.861645 0.667466 0.887688 0.945040 0.930641 0.882783 0.917266 0.913906 0.823488 0.685890 0.666833 0.872292 0.872218 0.902119 0.997832 0.892314 0.862653 0.934014 0.795668 0.813998 0.917238
0.647507 0.632084 0.510312 0.422078 0.719644 0.886276 0.481867 0.481561 0.770176 0.926895 0.833207 0.606958 0.430049 0.499715 0.306729 0.000000 0.795102 0.762264 0.656856 0.663929 0.604521 0.971925 0.492298 0.432197 0.562236 0.684466 0.777058 0.823074 0.816801 0.870318 0.557469 0.725763 0.596369 0.590989 0.781603 0.909349 0.616589 0.649927 0.656560 0.694102 0.713559 0.905511 0.786246 0.717332 0.923697 0.897347 0.599280 0.626470 0.916603 0.905239 0.885605 0.849746 0.969829 0.798321 0.614851 0.795854 0.751878 0.685984 0.685513 0.681749 0.539869 0.498042 0.742359 0.673527 0.529533 0.405787 0.676698 0.703286 0.678308 0.575755 0.844714 0.873210 0.793612 0.757907 0.920152 0.703681 0.745007 0.741229 0.839836 0.761748 0.791658 0.767407 0.701008 0.623947 0.585395 0.384151 0.746964 0.884402 0.586792 0.576314 0.894017 0.808344 0.927430 0.795589 0.990284 0.911455 0.769640 0.855549 0.977881 0.959622 0.918183 0.943148 0.921990 0.872875 0.780585 0.666751 0.863606 0.921301 0.981123 0.935306 0.926308 0.838401 0.831452 0.832387 0.807259 0.935708
0.311304 0.281838 0.749950 0.844336 0.782719 0.841459 0.464726 0.584423 0.895995 0.905250 0.382815 0.383422 0.428051 0.453418 0.669359 0.795102 0.000000 0.226589 0.245557 0.264105 0.899053 0.924148 0.741659 0.874241 0.968093 0.819741 0.988018 0.944893 0.351138 0.305967 0.822420 0.692287 0.300836 0.322417 0.899541 0.929699 0.697696 0.797495 0.970930 0.797179 0.730811 0.705431 0.581217 0.547347 0.730965 0.700181 0.468226 0.551667 0.690692 0.660632 0.686105 0.678389 0.997001 0.845530 0.664729 0.611120 0.213366 0.258057 0.477817 0.568852 0.444327 0.544780 0.254542 0.250814 0.844745 0.609716 0.456290 0.531060 0.482538 0.508656 0.502042 0.716414 0.633032 0.726584 0.777732 0.719598 0.612713 0.557574 0.377773 0.367137 0.208894 0.268624 0.409508 0.445647 0.496656 0.620524 0.782098 0.630578 0.704067 0.719427 0.876144 0.854097 0.777016 0.681461 0.990508 0.942739 0.478535 0.896849 0.666628 0.740178 0.924329 0.804175 0.558760 0.569024 0.658947 0.650696 0.977769 0.948116 0.862424 0.652496 0.897071 0.636576 0.826353 0.772137 0.692182 0.804215
0.355107 0.301279 0.833036 0.870417 0.816450 0.836453 0.490394 0.571619 0.988243 0.980596 0.365939 0.317171 0.510318 0.413979 0.656456 0.762264 0.226589 0.000000 0.274008 0.211423 0.853698 0.870683 0.770979 0.859342 0.916989 0.738120 0.988008 0.936987 0.295542 0.246236 0.849552 0.615674 0.331098 0.311079 0.912101 0.970489 0.754292 0.683016 0.985455 0.890584 0.751770 0.688226 0.576422 0.562442 0.708449 0.730624 0.546331 0.602915 0.722891 0.748019 0.784572 0.808006 0.877786 0.739156 0.754157 0.679507 0.200938 0.272741 0.562488 0.679736 0.514142 0.580309 0.296419 0.253305 0.922341 0.672425 0.513634 0.557061 0.521329 0.524506 0.522877 0.633290 0.648840 0.661902 0.826672 0.738198 0.663250 0.490882 0.358382 0.314803 0.211809 0.272726 0.458747 0.496569 0.568724 0.661689 0.802344 0.688263 0.772574 0.768922 0.956281 0.863347 0.895246 0.748514 0.913769 0.792213 0.462108 0.896591 0.620268 0.655993 0.973139 0.813493 0.488338 0.558844 0.570217 0.670209 0.943317 0.948215 0.858335 0.639902 0.832103 0.598750 0.861527 0.740799 0.771253 0.771595
0.244007 0.237045 0.613013 0.695689 0.727672 0.891561 0.323356 0.454328 0.783019 0.921485 0.379453 0.286424 0.341276 0.314217 0.587893 0.656856 0.245557 0.274008 0.000000 0.241380 0.785195 0.934858 0.664744 0.755484 0.959376 0.889570 0.928945 0.982044 0.342625 0.336977 0.782419 0.728129 0.288959 0.250161 0.749177 0.950787 0.670099 0.678093 0.864275 0.702973 0.822937 0.788741 0.627279 0.571806 0.735535 0.672262 0.423486 0.467948 0.698066 0.588543 0.602170 0.587252 0.979325 0.856542 0.548118 0.544718 0.236228 0.264262 0.370348 0.482668 0.316984 0.403320 0.237051 0.226151 0.758314 0.488836 0.352339 0.459914 0.436618 0.441714 0.503759 0.780276 0.558980 0.674005 0.757586 0.724407 0.605414 0.578294 0.436952 0.444967 0.253982 0.299155 0.436596 0.439302 0.434293 0.512027 0.757764 0.662190 0.642995 0.679867 0.832752 0.755918 0.693515 0.601812 0.957111 0.807228 0.394870 0.952998 0.703690 0.714841 0.872587 0.859811 0.631749 0.555954 0.548397 0.555454 0.991318 0.989890 0.834039 0.584471 0.851537 0.610370 0.809502 0.757230 0.609858 0.775685
0.271544 0.235343 0.613896 0.660138 0.771447 0.935546 0.402674 0.502123 0.849922 0.864061 0.365382 0.280833 0.353804 0.347114 0.579397 0.663929 0.264105 0.211423 0.241380 0.000000 0.780980 0.857523 0.617639 0.699394 0.894606 0.932695 0.910016 0.956659 0.396154 0.314206 0.747944 0.720898 0.294259 0.294110 0.766288 0.980291 0.625368 0.545584 0.854491 0.807765 0.758259 0.695074 0.656245 0.639563 0.803562 0.790041 0.526557 0.544685 0.791396 0.678963 0.737067 0.724632 0.895582 0.732825 0.621430 0.610598 0.218552 0.231957 0.459051 0.549684 0.374277 0.455727 0.281771 0.238525 0.703249 0.499830 0.417979 0.499063 0.411536 0.413595 0.491886 0.677628 0.568061 0.627324 0.742295 0.747460 0.583299 0.546656 0.382781 0.353081 0.237787 0.258409 0.437225 0.437295 0.412369 0.490612 0.691529 0.663883 0.630156 0.614876 0.791232 0.734492 0.762605 0.688676 0.963505 0.854650 0.440120 0.985668 0.781406 0.802463 0.861656 0.899765 0.592630 0.656516 0.542067 0.582513 0.945685 0.951781 0.878497 0.663756 0.869321 0.670758 0.923020 0.797050 0.705880 0.764170
0.678679 0.720095 0.568127 0.683335 0.870692 0.826252 0.788258 0.900359 0.925131 0.743641 0.925084 0.779966 0.595521 0.835183 0.635385 0.604521 0.899053 0.853698 0.785195 0.780980 0.000000 0.857069 0.605757 0.582575 0.598868 0.633314 0.721320 0.595857 0.977733 0.987802 0.785880 0.943525 0.782262 0.814809 0.693545 0.750328 0.653140 0.733042 0.661146 0.816858 0.726530 0.909877 0.879154 0.995356 0.827471 0.888832 0.845155 0.960510 0.805364 0.969682 0.963041 0.968551 0.841279 0.745032 0.699577 0.913189 0.820355 0.751993 0.770430 0.733068 0.674495 0.711723 0.884628 0.835543 0.537068 0.592865 0.769276 0.929860 0.599178 0.616556 0.900710 0.967379 0.765081 0.794040 0.986048 0.918870 0.883518 0.931345 0.990291 0.808723 0.872342 0.750271 0.832567 0.779719 0.601242 0.528965 0.758458 0.870814 0.687815 0.650960 0.702049 0.644029 0.733211 0.750734 0.894343 0.945773 0.819523 0.874747 0.850356 0.822400 0.822939 0.821226 0.987410 0.856556 0.902309 0.856514 0.896356 0.783575 0.958088 0.926476 0.879580 0.887618 0.929014 0.899069 0.935814 0.977590
0.994708 0.963521 0.796395 0.915897 0.816929 0.898080 0.961368 0.998379 0.991813 0.881880 0.916388 0.893735 0.996107 0.903332 0.995094 0.971925 0.924148 0.870683 0.934858 0.857523 0.857069 0.000000 0.970671 0.963294 0.954084 0.921200 0.830398 0.974306 0.861666 0.804842 0.836111 0.775134 0.960220 0.971011 0.888009 0.790669 0.945993 0.977404 0.845733 0.884243 0.878529 0.971161 0.784288 0.833411 0.913287 0.989062 0.941606 0.979804 0.976207 0.912645 0.924180 0.948337 0.905342 0.961641 0.773197 0.904209 0.851581 0.959095 0.999330 0.898382 0.950958 0.897660 0.995745 0.941494 0.874831 0.899300 0.964693 0.938792 0.960335 0.908502 0.908374 0.953050 0.951908 0.990291 0.953262 0.975979 0.853449 0.707140 0.931705 0.942390 0.942119 0.999800 0.858200 0.988091 0.895683 0.912419 0.996438 0.850216 0.865546 0.940579 0.963649 0.882596 0.879953 0.907348 0.936148 0.949152 0.977362 0.960545 0.911522 0.868913 0.972371 0.897594 0.832777 0.906574 0.946712 0.845453 0.992927 0.966085 0.740792 0.989029 0.980700 0.958132 0.852548 0.968421 0.934162 0.972578
0.559503 0.516175 0.403854 0.373775 0.688584 0.869427 0.702217 0.788534 0.872282 0.593499 0.985487 0.702264 0.452428 0.671858 0.476754 0.492298 0.741659 0.770979 0.664744 0.617639 0.605757 0.970671 0.000000 0.255074 0.341126 0.550341 0.504563 0.760826 0.932589 0.942135 0.496796 0.899345 0.583742 0.755556 0.598378 0.964830 0.444817 0.588044 0.603355 0.804528 0.770487 0.885437 0.990327 0.959845 0.734210 0.843857 0.704099 0.723697 0.795248 0.790530 0.942677 0.800784 0.901091 0.795728 0.552119 0.808989 0.680718 0.575922 0.678749 0.608548 0.635273 0.675514 0.712194 0.644564 0.369013 0.524205 0.625556 0.822718 0.462067 0.521035 0.720033 0.822707 0.799898 0.895562 0.854742 0.874514 0.795224 0.878130 0.697283 0.746732 0.677338 0.657525 0.624221 0.573889 0.353047 0.331786 0.596304 0.600242 0.456764 0.381706 0.615325 0.641391 0.706617 0.708310 0.866879 0.935367 0.757197 0.838443 0.785518 0.796957 0.531723 0.730194 0.915211 0.964768 0.735191 0.661424 0.946510 0.953624 0.899649 0.928920 0.924012 0.911016 0.895171 0.900870 0.782942 0.982202
0.686897 0.654113 0.378988 0.313762 0.733970 0.918764 0.701304 0.727782 0.776351 0.614018 0.927358 0.753344 0.517733 0.641114 0.475897 0.432197 0.874241 0.859342 0.755484 0.699394 0.582575 0.963294 0.255074 0.000000 0.302977 0.472637 0.476391 0.767687 0.992793 0.967814 0.599827 0.922703 0.712983 0.776926 0.595659 0.885382 0.501407 0.533947 0.566592 0.757516 0.805875 0.911362 0.915462 0.966597 0.699480 0.824472 0.796368 0.777803 0.724972 0.947680 0.932563 0.970072 0.796971 0.669515 0.524688 0.740546 0.799629 0.686776 0.796363 0.751321 0.678246 0.637423 0.886235 0.790076 0.336948 0.451429 0.729484 0.852195 0.570253 0.627776 0.883201 0.907060 0.921629 0.963979 0.895477 0.972917 0.881991 0.925792 0.830296 0.869443 0.798498 0.713150 0.632293 0.551628 0.402761 0.286471 0.637088 0.643082 0.447067 0.382224 0.677962 0.592750 0.808872 0.727190 0.972377 0.861174 0.871958 0.805457 0.755239 0.743614 0.649008 0.739764 0.806362 0.897121 0.797576 0.804611 0.951050 0.892229 0.817739 0.950769 0.883075 0.922882 0.809465 0.888540 0.929610 0.962209
0.743396 0.788463 0.374281 0.414592 0.683649 0.854019 0.888910 0.992467 0.849729 0.507824 0.789640 0.968203 0.616024 0.954672 0.581882 0.562236 0.968093 0.916989 0.959376 0.894606 0.598868 0.954084 0.341126 0.302977 0.000000 0.310048 0.505527 0.653819 0.703506 0.682115 0.596597 0.851876 0.826866 0.971089 0.505870 0.940208 0.463041 0.690725 0.494702 0.748974 0.729800 0.979592 0.725573 0.778393 0.555760 0.651288 0.967978 0.874880 0.607724 0.966492 0.836871 0.979210 0.847537 0.690023 0.516448 0.799016 0.974668 0.815411 0.835902 0.727938 0.769407 0.796251 0.958039 0.989559 0.249079 0.544948 0.828093 0.974192 0.560861 0.581244 0.977323 0.939532 0.868177 0.966058 0.960466 0.941483 0.994394 0.854062 0.989498 0.998166 0.954876 0.831887 0.774760 0.611590 0.427444 0.378960 0.600220 0.692333 0.421982 0.386871 0.573387 0.545924 0.783333 0.723540 0.918758 0.964532 0.987383 0.808812 0.555763 0.547890 0.550091 0.640970 0.654574 0.683413 0.942666 0.854884 0.971436 0.900570 0.880906 0.869115 0.648606 0.749281 0.704171 0.750916 0.997184 0.951866
0.914769 0.987343 0.435138 0.520259 0.768296 0.879306 0.909577 0.992485 0.740941 0.718086 0.706948 0.836846 0.779846 0.972787 0.697412 0.684466 0.819741 0.738120 0.889570 0.932695 0.633314 0.921200 0.550341 0.472637 0.310048 0.000000 0.646538 0.676545 0.637914 0.574601 0.611768 0.931521 0.922146 0.914164 0.583096 0.977928 0.559147 0.760153 0.587619 0.742438 0.857452 0.863360 0.770591 0.832290 0.715836 0.771119 0.985375 0.969155 0.685194 0.976592 0.910145 0.978877 0.926636 0.939025 0.550837 0.815497 0.875683 0.979101 0.889811 0.805832 0.863213 0.899862 0.810543 0.834201 0.355157 0.617848 0.826997 0.978225 0.703091 0.801670 0.904847 0.965722 0.858332 0.968385 0.957985 0.860757 0.991707 0.824293 0.877446 0.885611 0.839168 0.972491 0.948552 0.790619 0.635361 0.526999 0.787721 0.838831 0.541900 0.600581 0.718154 0.732145 0.849714 0.906641 0.817607 0.880323 0.938858 0.809741 0.598845 0.610685 0.736431 0.782694 0.669747 0.618417 0.931370 0.958064 0.950177 0.788644 0.851521 0.818365 0.740762 0.739348 0.763967 0.804565 0.964569 0.811966
0.894150 0.913690 0.674063 0.665252 0.885843 0.816566 0.965996 0.917126 0.987911 0.544914 0.751485 0.993384 0.832749 0.933952 0.725889 0.777058 0.988018 0.988008 0.928945 0.910016 0.721320 0.830398 0.504563 0.476391 0.505527 0.646538 0.000000 0.780804 0.892031 0.889359 0.717909 0.969813 0.903540 0.948012 0.755150 0.889575 0.795889 0.756117 0.830613 0.994199 0.956350 0.980704 0.778603 0.730254 0.571453 0.617002 0.892358 0.869109 0.558061 0.837206 0.771727 0.822286 0.716533 0.689327 0.812532 0.960097 0.982467 0.954174 0.940072 0.989855 0.987257 0.985476 0.937991 0.985520 0.576619 0.760950 0.894581 0.909507 0.770500 0.898192 0.955336 0.939813 0.961600 0.839975 0.945036 0.979545 0.896914 0.923028 0.951345 0.983595 0.959485 0.899845 0.771270 0.845787 0.658255 0.621543 0.811509 0.766228 0.710760 0.673801 0.737646 0.701437 0.853078 0.785916 0.955574 0.991747 0.884956 0.942328 0.702035 0.698461 0.644527 0.769549 0.781665 0.798025 0.922441 0.954328 0.973242 0.877172 0.855484 0.893390 0.789780 0.803204 0.709260 0.893025 0.922623 0.815346
0.931738 0.951226 0.818931 0.863339 0.873523 0.783042 0.961597 0.891898 0.930154 0.744664 0.817212 0.928504 0.843751 0.928819 0.818973 0.823074 0.944893 0.936987 0.982044 0.956659 0.595857 0.974306 0.760826 0.767687 0.653819 0.676545 0.780804 0.000000 0.935320 0.843429 0.831697 0.908298 0.989169 0.915041 0.926843 0.796128 0.846993 0.846618 0.904530 0.781274 0.844976 0.953659 0.967533 0.989955 0.762731 0.869808 0.950231 0.910658 0.829524 0.938050 0.922137 0.980568 0.961101 0.903543 0.871622 0.949261 0.984922 0.947823 0.907194 0.825712 0.957166 0.965545 0.959700 0.955547 0.727872 0.857732 0.997736 0.814269 0.870582 0.774759 0.937716 0.856670 0.943846 0.881103 0.847998 0.990295 0.896101 0.996906 0.961728 0.936053 0.992908 0.941489 0.970583 0.935268 0.831652 0.787120 0.927995 0.985109 0.901160 0.789674 0.825521 0.898456 0.810053 0.909919 0.899920 0.745918 0.952551 0.859554 0.792754 0.743711 0.816644 0.836153 0.766996 0.806733 0.791868 0.903587 0.926642 0.836206 0.981914 0.843023 0.803057 0.771372 0.993715 0.888456 0.935565 0.802436
0.529389 0.467019 0.980730 0.953464 0.821757 0.804602 0.485413 0.490908 0.888811 0.791976 0.423164 0.391986 0.614865 0.414003 0.744929 0.816801 0.351138 0.295542 0.342625 0.396154 0.977733 0.861666 0.932589 0.992793 0.703506 0.637914 0.892031 0.935320 0.000000 0.224885 0.910035 0.537975 0.464905 0.381847 0.912402 0.990387 0.918190 0.847432 0.833214 0.878060 0.960094 0.795007 0.429050 0.432529 0.558301 0.556252 0.543638 0.570427 0.590633 0.688324 0.635350 0.717233 0.951600 0.968554 0.874282 0.716659 0.345350 0.472167 0.600738 0.745804 0.584464 0.593856 0.360372 0.347868 0.867587 0.758286 0.582329 0.555162 0.728511 0.713707 0.525299 0.705831 0.740024 0.789297 0.855040 0.709098 0.627610 0.494339 0.418428 0.418421 0.371544 0.501114 0.577466 0.733638 0.811402 0.829362 0.921132 0.897823 0.937877 0.993795 0.817757 0.896629 0.987215 0.848425 0.957879 0.793127 0.525827 0.924764 0.513852 0.500196 0.804128 0.716138 0.482540 0.405831 0.654649 0.720019 0.936989 0.940038 0.888478 0.613847 0.722357 0.527606 0.712018 0.691073 0.778517 0.792891
0.499965 0.443980 0.988112 0.979228 0.842747 0.819891 0.547392 0.564265 0.969973 0.884024 0.335646 0.352644 0.622544 0.415665 0.778689 0.870318 0.305967 0.246236 0.336977 0.314206 0.987802 0.804842 0.942135 0.967814 0.682115 0.574601 0.889359 0.843429 0.224885 0.000000 0.940551 0.590817 0.464055 0.424126 0.915576 0.982950 0.947267 0.816123 0.815717 0.934552 0.969352 0.720877 0.564994 0.567766 0.674886 0.704643 0.613911 0.696958 0.704766 0.793281 0.765670 0.833724 0.926812 0.835400 0.949127 0.816353 0.287680 0.432503 0.654259 0.802373 0.596864 0.624983 0.345081 0.327587 0.845743 0.783228 0.642909 0.619860 0.711343 0.709153 0.538645 0.706710 0.696577 0.778707 0.799629 0.681170 0.723044 0.508351 0.428928 0.389079 0.313671 0.415493 0.555403 0.678885 0.773350 0.845410 0.895812 0.825642 0.955938 0.968769 0.935083 0.992235 0.907659 0.809786 0.976471 0.860767 0.534950 0.894935 0.589321 0.589984 0.898117 0.744835 0.449507 0.477668 0.658302 0.722509 0.935299 0.993690 0.835442 0.634262 0.747882 0.600207 0.819822 0.726230 0.815207 0.737070
0.789007 0.772803 0.653396 0.605766 0.908032 0.833088 0.708736 0.827931 0.778294 0.947851 0.910101 0.966996 0.676844 0.806472 0.514449 0.557469 0.822420 0.849552 0.782419 0.747944 0.785880 0.836111 0.496796 0.599827 0.596597 0.611768 0.717909 0.831697 0.910035 0.940551 0.000000 0.565764 0.654632 0.816488 0.776758 0.822422 0.533514 0.685165 0.755401 0.851859 0.805512 0.853074 0.729242 0.693241 0.993457 0.965604 0.802600 0.801233 0.883692 0.871651 0.889151 0.836080 0.820635 0.913803 0.719868 0.937049 0.823026 0.799061 0.821516 0.777780 0.844873 0.914052 0.895819 0.830777 0.628815 0.728616 0.708443 0.810735 0.747691 0.777402 0.579289 0.652447 0.750554 0.759001 0.858763 0.744069 0.618991 0.671321 0.765132 0.771688 0.870392 0.911231 0.859592 0.851908 0.727119 0.672452 0.851672 0.999274 0.754405 0.830378 0.831578 0.987000 0.918550 0.993732 0.816687 0.950276 0.874589 0.778112 0.951888 0.991166 0.738936 0.992133 0.877774 0.872526 0.684777 0.744058 0.794033 0.909192 0.973336 0.952557 0.968202 0.925834 0.977655 0.923850 0.948989 0.991465
0.907196 0.849636 0.887077 0.918151 0.987575 0.928550 0.727885 0.705930 0.935012 0.720498 0.854411 0.793233 0.908442 0.661735 0.686045 0.725763 0.692287 0.615674 0.728129 0.720898 0.943525 0.775134 0.899345 0.922703 0.851876 0.931521 0.969813 0.908298 0.537975 0.590817 0.565764 0.000000 0.671857 0.675722 0.861095 0.766733 0.923100 0.854186 0.889378 0.925839 0.981247 0.746737 0.502362 0.488913 0.707539 0.726381 0.760940 0.864335 0.883774 0.953159 0.889033 0.949647 0.896039 0.934526 0.948281 0.983028 0.675486 0.828740 0.988865 0.944861 0.984072 0.984284 0.815474 0.754429 0.840681 0.958227 0.849570 0.770175 0.996910 0.919565 0.662268 0.601553 0.992979 0.886840 0.942451 0.749162 0.760613 0.510589 0.688545 0.712776 0.719021 0.857943 0.823295 0.855488 0.967566 0.960040 0.884089 0.992561 0.941551 0.948260 0.703304 0.762020 0.768264 0.924498 0.904951 0.810210 0.851720 0.928649 0.616562 0.523027 0.811070 0.725253 0.552257 0.619368 0.772497 0.815041 0.901888 0.931670 0.944371 0.852401 0.785136 0.653972 0.801417 0.755270 0.959754 0.966989
0.283865 0.269109 0.552920 0.624280 0.753204 0.942100 0.336313 0.496335 0.742685 0.915710 0.501173 0.396234 0.349610 0.410109 0.501824 0.596369 0.300836 0.331098 0.288959 0.294259 0.782262 0.960220 0.583742 0.712983 0.826866 0.922146 0.903540 0.989169 0.464905 0.464055 0.654632 0.671857 0.000000 0.285142 0.720883 0.904524 0.545474 0.678334 0.799098 0.751094 0.644239 0.803594 0.562098 0.509418 0.740050 0.675679 0.430208 0.475441 0.710428 0.580572 0.627255 0.595451 0.866759 0.898686 0.516020 0.515312 0.280379 0.278221 0.417103 0.493224 0.367606 0.452774 0.284087 0.287661 0.651811 0.479655 0.334365 0.425058 0.414804 0.444181 0.469507 0.739590 0.548020 0.628864 0.714899 0.680531 0.499031 0.577851 0.380285 0.448110 0.298573 0.345526 0.437752 0.422915 0.403283 0.456964 0.724576 0.657073 0.551098 0.643564 0.897904 0.798697 0.829140 0.688214 0.959360 0.902817 0.442823 0.965711 0.712890 0.757365 0.926104 0.831115 0.647369 0.608346 0.560381 0.517430 0.964690 0.993645 0.934320 0.621492 0.856534 0.607989 0.846530 0.722284 0.664325 0.808114
0.290590 0.285797 0.616611 0.638168 0.728165 0.893042 0.278458 0.377041 0.747172 0.939009 0.362749 0.328205 0.352129 0.344387 0.571301 0.590989 0.322417 0.311079 0.250161 0.294110 0.814809 0.971011 0.755556 0.776926 0.971089 0.914164 0.948012 0.915041 0.381847 0.424126 0.816488 0.675722 0.285142 0.000000 0.775304 0.974184 0.633384 0.694916 0.819359 0.726914 0.695659 0.788578 0.546531 0.497118 0.639773 0.543773 0.390469 0.422003 0.580072 0.545180 0.540524 0.571704 0.891154 0.908596 0.524517 0.444772 0.298888 0.286650 0.357161 0.459244 0.297809 0.353208 0.281750 0.255479 0.750647 0.474519 0.339433 0.379405 0.486808 0.441764 0.584775 0.804675 0.587190 0.588195 0.708924 0.733391 0.555803 0.572996 0.460169 0.473305 0.300362 0.362367 0.424603 0.445057 0.484926 0.516178 0.735402 0.746503 0.599370 0.703594 0.911210 0.779324 0.829718 0.695766 0.983897 0.763600 0.417961 0.958416 0.610664 0.672840 0.938417 0.820462 0.586614 0.569309 0.538462 0.555252 0.952343 0.972318 0.921389 0.611367 0.810938 0.511549 0.782946 0.704040 0.665746 0.765637
0.619912 0.663684 0.498741 0.613350 0.844551 0.836298 0.745979 0.875353 0.756651 0.673573 0.995834 0.845760 0.672036 0.797041 0.783855 0.781603 0.899541 0.912101 0.749177 0.766288 0.693545 0.888009 0.598378 0.595659 0.505870 0.583096 0.755150 0.926843 0.912402 0.915576 0.776758 0.861095 0.720883 0.775304 0.000000 0.991290 0.557783 0.637480 0.539083 0.760378 0.824487 0.985573 0.823553 0.940513 0.844356 0.832993 0.870480 0.841695 0.806701 0.928059 0.990043 0.881452 0.973023 0.838018 0.517556 0.610836 0.823403 0.713282 0.702881 0.683189 0.683265 0.754830 0.853117 0.826259 0.465024 0.623052 0.607645 0.749051 0.572485 0.692115 0.843832 0.898872 0.745598 0.769317 0.981941 0.977487 0.929684 0.990982 0.862737 0.879813 0.821195 0.729164 0.727940 0.638330 0.516495 0.545115 0.857549 0.702298 0.529739 0.638116 0.577800 0.588157 0.695397 0.765969 0.944745 0.964082 0.768412 0.896334 0.724992 0.755592 0.558094 0.879741 0.821425 0.874556 0.763119 0.783307 0.986438 0.871320 0.968242 0.992491 0.775729 0.878528 0.759840 0.817816 0.850533 0.851534
0.915483 0.980150 0.900108 0.992570 0.934912 0.876170 0.865038 0.963647 0.795718 0.919939 0.854947 0.971806 0.880008 0.985248 0.995100 0.909349 0.929699 0.970489 0.950787 0.980291 0.750328 0.790669 0.964830 0.885382 0.940208 0.977928 0.889575 0.796128 0.990387 0.982950 0.822422 0.766733 0.904524 0.974184 0.991290 0.000000 0.952376 0.885176 0.949754 0.923731 0.898596 0.901248 0.916734 0.909326 0.940790 0.924839 0.956803 0.834636 0.918569 0.804383 0.866341 0.853199 0.920406 0.906063 0.926933 0.828543 0.972113 0.950126 0.886357 0.966503 0.846754 0.854798 0.808759 0.905471 0.934523 0.889411 0.915093 0.884927 0.864664 0.984027 0.918662 0.847112 0.934954 0.994188 0.813591 0.852587 0.958854 0.829216 0.961445 0.909792 0.935612 0.896794 0.895559 0.882249 0.855651 0.917263 0.909132 0.812122 0.845011 0.945809 0.938443 0.994518 0.925362 0.999516 0.990231 0.927363 0.968967 0.992400 0.941095 0.880579 0.981945 0.979788 0.883958 0.939950 0.945892 0.903293 0.972985 0.998615 0.900726 0.920394 0.946108 0.967393 0.991222 0.812211 0.821007 0.845557
0.487468 0.513645 0.387869 0.459991 0.771365 0.898744 0.610873 0.717615 0.724535 0.704321 0.870596 0.694440 0.465825 0.734061 0.593379 0.616589 0.697696 0.754292 0.670099 0.625368 0.653140 0.945993 0.444817 0.501407 0.463041 0.559147 0.795889 0.846993 0.918190 0.947267 0.533514 0.923100 0.545474 0.633384 0.557783 0.952376 0.000000 0.675853 0.710827 0.811776 0.664370 0.868379 0.924525 0.851427 0.919136 0.978706 0.697819 0.623688 0.966797 0.700323 0.827767 0.724574 0.898027 0.906255 0.425084 0.614420 0.664639 0.533561 0.558705 0.541101 0.523929 0.612812 0.673763 0.631762 0.395066 0.495892 0.557172 0.708636 0.441671 0.478988 0.744112 0.868024 0.655903 0.706361 0.771686 0.861046 0.744548 0.856843 0.678419 0.732174 0.660976 0.623583 0.581986 0.582824 0.410329 0.403932 0.683678 0.664223 0.461346 0.513276 0.542437 0.609425 0.666180 0.735799 0.855166 0.969667 0.742406 0.812493 0.825840 0.814186 0.612540 0.753963 0.954370 0.968010 0.770463 0.699170 0.946122 0.985222 0.893633 0.796252 0.872831 0.990061 0.885627 0.970602 0.750850 0.845642
0.704903 0.637121 0.566503 0.545554 0.814763 0.930813 0.621313 0.655877 0.676811 0.991850 0.875525 0.692135 0.620367 0.593219 0.619724 0.649927 0.797495 0.683016 0.678093 0.545584 0.733042 0.977404 0.588044 0.533947 0.690725 0.760153 0.756117 0.846618 0.847432 0.816123 0.685165 0.854186 0.678334 0.694916 0.637480 0.885176 0.675853 0.000000 0.709899 0.851145 0.886647 0.673605 0.879811 0.841863 0.904409 0.933636 0.805726 0.797232 0.980516 0.920661 0.927243 0.915311 0.857443 0.795677 0.696990 0.776846 0.712660 0.663821 0.828474 0.841518 0.691387 0.699217 0.829373 0.718774 0.610523 0.614972 0.659415 0.631397 0.678420 0.726347 0.714479 0.521332 0.765553 0.710957 0.985072 0.875289 0.771583 0.711204 0.773177 0.692883 0.767820 0.724108 0.828592 0.745405 0.635376 0.593309 0.865621 0.777886 0.646397 0.698225 0.923369 0.883460 0.937157 0.989409 0.961239 0.812238 0.782559 0.987079 0.959252 0.912931 0.884787 0.865878 0.805417 0.953112 0.623473 0.698568 0.793845 0.991785 0.898496 0.998490 0.937292 0.990587 0.924302 0.948822 0.789160 0.878143
