0.000000 0.184837 0.447593 0.569473 0.665974 0.906015 0.364803 0.510755 0.812306 0.733994 0.414555 0.318741 0.262811 0.412861 0.494003 0.621340 0.323334 0.358945 0.250550 0.270895 0.681471 0.998616 0.528079 0.661340 0.699880 0.850805 0.848300 0.914412 0.589448 0.558429 0.753034 0.926523 0.279618 0.295498 0.588312 0.980379 0.473195 0.683954 0.682223 0.726412 0.724298 0.881406 0.798663 0.731860 0.910181 0.811123 0.423888 0.467057 0.787122 0.547447 0.646343 0.561897 0.965156 0.763816 0.401291 0.471162 0.277731 0.198867 0.273132 0.334016 0.236081 0.343815 0.266587 0.248524 0.516144 0.395202 0.310860 0.480632 0.284046 0.268247 0.621373 0.917235 0.529158 0.700008 0.710271 0.783416 0.652087 0.779422 0.502391 0.492545 0.261254 0.253901 0.345711 0.334649 0.266396 0.373496 0.540792 0.593106 0.444736 0.458852 0.667596 0.555482 0.605926 0.569833 0.928643 0.874983 0.405973 0.940302 0.865640 0.928467 0.718657 0.918241 0.775230 0.794978 0.595182 0.525050 0.984935 0.942816 0.835274 0.635102 0.993842 0.725319 0.925815 0.870368 0.674804 0.781366
0.184837 0.000000 0.502959 0.562786 0.705569 0.919315 0.394509 0.455465 0.842844 0.813639 0.432507 0.266886 0.302139 0.389230 0.513686 0.620570 0.282508 0.303676 0.237983 0.232931 0.706661 0.951106 0.507596 0.650033 0.775930 0.966111 0.900455 0.941328 0.494474 0.471362 0.734512 0.841829 0.262446 0.284486 0.646451 0.997570 0.507837 0.641057 0.723597 0.764380 0.734820 0.771011 0.655455 0.624296 0.811918 0.730561 0.363734 0.420166 0.703319 0.492758 0.574730 0.503141 0.928283 0.833261 0.457217 0.497486 0.244467 0.169471 0.276707 0.330291 0.270470 0.351559 0.227719 0.184048 0.614225 0.454795 0.323243 0.456982 0.340283 0.303666 0.536547 0.815136 0.544930 0.670899 0.757535 0.740241 0.531661 0.632948 0.389812 0.419178 0.233649 0.264523 0.383462 0.382734 0.344813 0.430475 0.622684 0.618251 0.520672 0.503496 0.710443 0.642641 0.678714 0.572600 0.904716 0.856065 0.385831 0.900000 0.759338 0.818885 0.783908 0.955381 0.681210 0.726342 0.545548 0.503960 0.978211 0.941109 0.892324 0.637862 0.933749 0.670458 0.842894 0.849170 0.616074 0.767843
0.447593 0.502959 0.000000 0.270917 0.721752 0.964188 0.459819 0.621346 0.644019 0.664321 0.827600 0.665368 0.342535 0.636246 0.425631 0.496006 0.760708 0.833357 0.618705 0.606197 0.583794 0.806264 0.380113 0.366595 0.347161 0.400262 0.635877 0.807956 0.964769 0.937275 0.629173 0.850614 0.549433 0.619035 0.472587 0.970824 0.376774 0.539252 0.470987 0.708898 0.714437 0.994293 0.948815 0.971452 0.851955 0.993195 0.664360 0.609987 0.926052 0.678815 0.808201 0.673453 0.955853 0.838030 0.299943 0.517166 0.744043 0.551376 0.478544 0.426396 0.383323 0.418950 0.714515 0.683463 0.209622 0.275460 0.427497 0.536888 0.366884 0.404645 0.845071 0.995755 0.557860 0.711089 0.786254 0.884656 0.759383 0.968097 0.794469 0.846522 0.721001 0.608206 0.624896 0.519777 0.291132 0.260471 0.536559 0.702342 0.294049 0.380580 0.658675 0.590651 0.711676 0.759578 0.877716 0.939575 0.711556 0.953306 0.760244 0.722283 0.688944 0.809373 0.854056 0.863606 0.683595 0.658411 0.880438 0.957882 0.938937 0.896489 0.927673 0.973129 0.889830 0.947081 0.748414 0.963834
0.569473 0.562786 0.270917 0.000000 0.741475 0.962226 0.461030 0.455693 0.599180 0.822573 0.946971 0.636872 0.402002 0.561151 0.392527 0.418279 0.849832 0.867625 0.692504 0.645384 0.707339 0.915259 0.357353 0.307301 0.391587 0.480456 0.636530 0.859846 0.992642 0.931920 0.603537 0.976670 0.621369 0.634687 0.592963 0.938328 0.449269 0.509057 0.477969 0.703791 0.808919 0.881458 0.892274 0.864089 0.915459 0.859872 0.624504 0.517537 0.989905 0.647081 0.712919 0.638025 0.910670 0.893124 0.397614 0.573250 0.806356 0.619952 0.549270 0.500699 0.453782 0.404781 0.775487 0.695698 0.299516 0.320594 0.497099 0.519035 0.560617 0.508727 0.886247 0.989340 0.732984 0.809195 0.779555 0.910966 0.678355 0.916525 0.785341 0.903849 0.806065 0.753726 0.662966 0.581985 0.401806 0.282670 0.584058 0.785590 0.395824 0.373188 0.834853 0.717172 0.892691 0.837897 0.897701 0.804752 0.737864 0.924611 0.885522 0.869884 0.793475 0.792545 0.916926 0.962682 0.631178 0.591180 0.824586 0.850195 0.877583 0.850486 0.947270 0.948350 0.967427 0.975859 0.754574 0.944241
0.665974 0.705569 0.721752 0.741475 0.000000 0.949876 0.733977 0.789520 0.908794 0.883275 0.784992 0.741013 0.614134 0.764247 0.702040 0.703995 0.786931 0.821603 0.737915 0.765358 0.846626 0.800025 0.660352 0.722498 0.658100 0.759481 0.853424 0.852655 0.850804 0.874705 0.860603 0.974743 0.742111 0.732907 0.808070 0.978836 0.744604 0.808324 0.901525 0.724455 0.959096 0.947624 0.953135 0.941882 0.931929 0.988946 0.814652 0.718932 0.949232 0.922720 0.918570 0.909454 0.904785 0.769600 0.721705 0.886120 0.719820 0.743489 0.723786 0.748545 0.697782 0.732523 0.795631 0.755621 0.709110 0.678789 0.754375 0.803450 0.644118 0.640301 0.979212 0.956182 0.806312 0.974036 0.851651 0.941227 0.958746 0.974388 0.817113 0.827580 0.740572 0.751663 0.727293 0.729322 0.655692 0.658150 0.825243 0.794322 0.714846 0.723177 0.890896 0.855960 0.979891 0.840002 0.836738 0.972805 0.882054 0.934262 0.972867 0.954955 0.859423 0.990169 0.952624 0.856519 0.934567 0.780528 0.953556 0.915341 0.883344 0.949127 0.852230 0.983678 0.967820 0.902808 0.747351 0.946850
0.906015 0.919315 0.964188 0.962226 0.949876 0.000000 0.868824 0.874599 0.950188 0.866553 0.890494 0.835332 0.920012 0.873070 0.936913 0.851629 0.840000 0.822224 0.888860 0.927440 0.830985 0.883290 0.916838 0.951535 0.899200 0.913878 0.877584 0.754900 0.829564 0.845564 0.843005 0.932221 0.933285 0.895197 0.864576 0.815192 0.919515 0.963806 0.962191 0.731547 0.846565 0.868461 0.830362 0.801181 0.874865 0.870613 0.902828 0.993278 0.925007 0.918923 0.982355 0.929147 0.996340 0.874624 0.978492 0.895908 0.837178 0.911403 0.985793 0.999634 0.901482 0.870008 0.930361 0.930793 0.910849 0.935931 0.991828 0.927874 0.982984 0.925045 0.974003 0.911871 0.985951 0.936344 0.786055 0.933831 0.957397 0.933529 0.996606 0.840072 0.893935 0.857549 0.968148 0.941946 0.979471 0.972943 0.871831 0.992486 0.890514 0.972410 0.770993 0.898151 0.938316 0.912047 0.921856 0.886113 0.798898 0.704539 0.742766 0.706872 0.777757 0.924381 0.819931 0.832056 0.948675 0.945825 0.964468 0.985281 0.989195 0.883473 0.895394 0.852242 0.899511 0.995801 0.975542 0.853002
0.364803 0.394509 0.459819 0.461030 0.733977 0.868824 0.000000 0.263232 0.500857 0.873865 0.477229 0.412831 0.297295 0.304803 0.359797 0.469303 0.478003 0.497545 0.330133 0.398019 0.796271 0.967112 0.673161 0.679430 0.838631 0.840184 0.995468 0.972935 0.555495 0.611475 0.688289 0.768223 0.336526 0.283533 0.716738 0.924854 0.592726 0.595324 0.750997 0.731079 0.818237 0.810786 0.551720 0.474820 0.612191 0.483513 0.396492 0.330697 0.622202 0.510659 0.492196 0.500540 0.746235 0.974594 0.455069 0.449586 0.481857 0.426182 0.368718 0.483095 0.249406 0.286661 0.427455 0.402959 0.599100 0.346622 0.280126 0.292636 0.557520 0.482080 0.579922 0.817284 0.540614 0.569129 0.704476 0.672989 0.497002 0.631066 0.568590 0.621581 0.507731 0.518141 0.525900 0.507647 0.482311 0.451353 0.668303 0.807406 0.561238 0.660022 0.935925 0.910262 0.920706 0.877289 0.899006 0.784338 0.481012 0.971514 0.676216 0.710647 0.952716 0.785747 0.713478 0.614715 0.525418 0.545464 0.841199 0.844141 0.834240 0.680925 0.808403 0.584803 0.760748 0.679648 0.606311 0.719043
0.510755 0.455465 0.621346 0.455693 0.789520 0.874599 0.263232 0.000000 0.568356 0.777772 0.558257 0.392955 0.438543 0.287597 0.468865 0.461139 0.590324 0.574082 0.459120 0.498270 0.890480 0.989793 0.760523 0.709841 0.949789 0.956451 0.951111 0.907055 0.538393 0.608558 0.788692 0.711214 0.487440 0.378590 0.843132 0.988148 0.697880 0.645978 0.774634 0.765423 0.956405 0.794928 0.497940 0.473185 0.613519 0.434471 0.364617 0.343177 0.583928 0.527168 0.438897 0.483405 0.722745 0.947129 0.544660 0.543431 0.587299 0.527177 0.431140 0.534742 0.345428 0.269239 0.484047 0.426628 0.748897 0.413071 0.422733 0.356478 0.752942 0.588526 0.740242 0.870497 0.744667 0.710922 0.764524 0.705282 0.513071 0.616382 0.602732 0.659582 0.612916 0.679647 0.573199 0.621998 0.662727 0.529708 0.779119 0.916114 0.695408 0.713466 0.856809 0.962469 0.995578 0.824537 0.996252 0.772041 0.541172 0.919901 0.586777 0.616445 0.830919 0.876289 0.660338 0.629008 0.586311 0.569921 0.837252 0.723495 0.877257 0.733398 0.777097 0.538065 0.679968 0.671110 0.647778 0.667715
0.812306 0.842844 0.644019 0.599180 0.908794 0.950188 0.500857 0.568356 0.000000 0.734077 0.949268 0.853284 0.632027 0.695672 0.663265 0.747102 0.898687 0.980936 0.780834 0.844935 0.933671 0.986696 0.842750 0.754528 0.820166 0.718056 0.947872 0.942139 0.917122 0.994587 0.754016 0.950094 0.736912 0.747106 0.737022 0.844016 0.714905 0.655890 0.817309 0.835464 0.936744 0.850550 0.733421 0.717027 0.641796 0.595980 0.686627 0.624636 0.761173 0.693707 0.637155 0.672283 0.677406 0.782770 0.657917 0.654795 0.912183 0.887212 0.690694 0.837344 0.603018 0.623622 0.889059 0.896001 0.698248 0.589162 0.551792 0.521394 0.828813 0.856424 0.822334 0.853967 0.741952 0.741508 0.795593 0.853437 0.634703 0.812097 0.924547 0.941549 0.988911 0.999913 0.844052 0.827440 0.798581 0.694331 0.889282 0.884066 0.662398 0.849635 0.863973 0.908543 0.943900 0.893113 0.750571 0.904972 0.863015 0.867483 0.823058 0.833920 0.949448 0.830528 0.915578 0.753585 0.762098 0.684614 0.821477 0.852822 0.942045 0.907325 0.845054 0.795004 0.859798 0.877039 0.730437 0.796315
0.733994 0.813639 0.664321 0.822573 0.883275 0.866553 0.873865 0.777772 0.734077 0.000000 0.966859 0.944193 0.759236 0.987691 0.904612 0.924467 0.906330 0.981206 0.916930 0.854936 0.747317 0.886038 0.589928 0.608769 0.503134 0.693865 0.542719 0.744493 0.774308 0.866242 0.952805 0.691826 0.909832 0.945880 0.664341 0.934683 0.696342 0.976807 0.663635 0.866809 0.826387 0.819423 0.468370 0.547895 0.340724 0.406006 0.885837 0.838650 0.480678 0.828803 0.647619 0.808290 0.588616 0.505916 0.733733 0.926258 0.877885 0.767987 0.961464 0.857263 0.907222 0.933460 0.921702 0.941558 0.541611 0.756111 0.963100 0.772411 0.598195 0.729166 0.906195 0.718198 0.951058 0.751577 0.944039 0.798781 0.777942 0.682378 0.964947 0.991879 0.790556 0.632504 0.665815 0.628983 0.481399 0.578144 0.732976 0.639258 0.641562 0.522139 0.402494 0.413927 0.534477 0.564131 0.855688 0.787781 0.952841 0.767141 0.429730 0.374868 0.423871 0.623794 0.519700 0.573618 0.843310 0.875904 0.847977 0.661022 0.917350 0.947378 0.647075 0.709219 0.558492 0.730043 0.874351 0.954972
0.414555 0.432507 0.827600 0.946971 0.784992 0.890494 0.477229 0.558257 0.949268 0.966859 0.000000 0.320516 0.507784 0.477755 0.713631 0.807670 0.378535 0.358821 0.381232 0.366358 0.903034 0.900372 0.994762 0.938843 0.814303 0.734452 0.777611 0.833364 0.438568 0.352327 0.954315 0.817487 0.488287 0.362988 0.980264 0.890703 0.861551 0.890155 0.958338 0.936236 0.837697 0.858126 0.752754 0.734453 0.747918 0.742189 0.617812 0.619174 0.689810 0.744695 0.752324 0.777360 0.925416 0.820930 0.791514 0.682758 0.404643 0.443223 0.541256 0.663614 0.422810 0.496512 0.333477 0.356125 0.958187 0.654677 0.581794 0.567771 0.649351 0.585205 0.709913 0.882233 0.582398 0.616768 0.710211 0.764777 0.723464 0.715946 0.566702 0.471368 0.358230 0.412565 0.570513 0.578249 0.691694 0.763771 0.760817 0.868638 0.828603 0.891179 0.917612 0.814907 0.810939 0.715248 0.911515 0.974066 0.586872 0.958744 0.677850 0.789889 0.950720 0.830825 0.616957 0.652187 0.747454 0.751809 0.849111 0.945288 0.700477 0.723757 0.912757 0.682541 0.830250 0.787563 0.783353 0.728671
0.318741 0.266886 0.665368 0.636872 0.741013 0.835332 0.412831 0.392955 0.853284 0.944193 0.320516 0.000000 0.398677 0.314955 0.554145 0.583069 0.383499 0.314342 0.287185 0.281360 0.763350 0.877549 0.686205 0.741675 0.944636 0.876664 0.983869 0.942147 0.419992 0.379757 0.926556 0.774232 0.385235 0.327377 0.822835 0.994156 0.686366 0.701043 0.902608 0.754357 0.888430 0.798305 0.666985 0.681186 0.804199 0.739535 0.466796 0.514627 0.738849 0.655089 0.671897 0.675533 0.920502 0.734826 0.648849 0.590052 0.313961 0.320734 0.430010 0.530994 0.309691 0.313580 0.296263 0.249923 0.775978 0.475969 0.479414 0.476011 0.536714 0.441528 0.670884 0.864973 0.585005 0.688614 0.761276 0.764181 0.655939 0.610491 0.469354 0.444468 0.330073 0.382827 0.507789 0.504485 0.518609 0.514889 0.725211 0.789395 0.668183 0.642149 0.870986 0.698334 0.818289 0.580329 0.987285 0.759333 0.496702 0.882475 0.704724 0.754770 0.953147 0.981926 0.603942 0.666613 0.611288 0.566481 0.934566 0.885033 0.833898 0.612238 0.850244 0.645590 0.794628 0.766005 0.666950 0.725191
0.262811 0.302139 0.342535 0.402002 0.614134 0.920012 0.297295 0.438543 0.632027 0.759236 0.507784 0.398677 0.000000 0.381043 0.347548 0.411988 0.436380 0.511091 0.342493 0.351039 0.604875 0.993530 0.432921 0.501757 0.589289 0.734353 0.799940 0.833509 0.664492 0.668641 0.649547 0.933570 0.346738 0.352908 0.649976 0.930518 0.458722 0.601471 0.583554 0.647658 0.667898 0.911376 0.794466 0.706717 0.963219 0.778379 0.481112 0.427311 0.880668 0.578538 0.650019 0.580975 0.994831 0.817566 0.419163 0.502288 0.448602 0.338871 0.346267 0.393713 0.228849 0.297632 0.388907 0.372188 0.394041 0.274551 0.355157 0.480067 0.361469 0.317840 0.664241 0.931769 0.524365 0.661760 0.711741 0.767976 0.581740 0.764819 0.588179 0.549750 0.441248 0.401296 0.430515 0.402722 0.279279 0.283469 0.514909 0.667699 0.414429 0.444832 0.731299 0.643954 0.662793 0.675008 0.904874 0.941720 0.543596 0.937591 0.964099 0.981350 0.759942 0.923621 0.885626 0.791670 0.643830 0.512577 0.914641 0.941850 0.973465 0.781465 0.998010 0.776414 0.916008 0.892495 0.647660 0.776774
0.412861 0.389230 0.636246 0.561151 0.764247 0.873070 0.304803 0.287597 0.695672 0.987691 0.477755 0.314955 0.381043 0.000000 0.457114 0.457417 0.455898 0.406610 0.315061 0.349632 0.821679 0.887285 0.640772 0.615408 0.913914 0.970978 0.889009 0.950114 0.452534 0.451267 0.741412 0.641662 0.394473 0.344566 0.762727 0.955314 0.721146 0.596184 0.781889 0.706922 0.948178 0.757197 0.625577 0.584450 0.781938 0.635551 0.457779 0.488214 0.774460 0.687723 0.641872 0.666900 0.972121 0.850126 0.629617 0.580904 0.424424 0.457221 0.516345 0.630358 0.382315 0.346639 0.430367 0.363288 0.736920 0.436911 0.473267 0.482391 0.653856 0.584243 0.646803 0.761971 0.667744 0.701541 0.777504 0.712795 0.629289 0.545883 0.520573 0.530677 0.449346 0.492298 0.487189 0.516288 0.545309 0.474791 0.750584 0.764398 0.688082 0.672926 0.965971 0.815933 0.826696 0.721646 0.914279 0.738347 0.508351 0.955247 0.724815 0.710062 0.979581 0.851873 0.684463 0.653135 0.602525 0.630319 0.947513 0.939567 0.855238 0.703265 0.823373 0.635849 0.789937 0.724238 0.761391 0.712992
0.494003 0.513686 0.425631 0.392527 0.702040 0.936913 0.359797 0.468865 0.663265 0.904612 0.713631 0.554145 0.347548 0.457114 0.000000 0.302127 0.634166 0.628817 0.524517 0.513741 0.661728 0.963641 0.470879 0.460353 0.586165 0.692105 0.752746 0.845637 0.741136 0.771250 0.564863 0.762401 0.477718 0.511023 0.804419 0.944772 0.575541 0.539355 0.629746 0.796767 0.732439 0.775245 0.791228 0.723315 0.986679 0.832657 0.546768 0.533931 0.977171 0.750725 0.803899 0.742133 0.995897 0.782388 0.516492 0.675098 0.594569 0.524322 0.582061 0.620781 0.416718 0.413587 0.607381 0.554826 0.468024 0.347424 0.546522 0.590136 0.550417 0.509257 0.731067 0.861133 0.714194 0.800698 0.860149 0.743979 0.717531 0.743180 0.725029 0.686975 0.605266 0.567250 0.559232 0.492853 0.433084 0.360674 0.564958 0.742971 0.478535 0.479863 0.919043 0.835305 0.889803 0.836412 0.870330 0.823645 0.619211 0.910434 0.956938 0.940666 0.928228 0.937379 0.913806 0.864527 0.690649 0.684166 0.841035 0.939301 0.966701 0.945965 0.952107 0.877017 0.955883 0.812617 0.760046 0.907453
0.621340 0.620570 0.496006 0.418279 0.703995 0.851629 0.469303 0.461139 0.747102 0.924467 0.807670 0.583069 0.411988 0.457417 0.302127 0.000000 0.788487 0.751926 0.632682 0.641910 0.637247 0.992161 0.490953 0.426044 0.564658 0.670852 0.776775 0.835514 0.837218 0.884852 0.581683 0.783935 0.594978 0.570649 0.790168 0.911090 0.618004 0.608421 0.629691 0.656262 0.720009 0.897324 0.792469 0.718454 0.928667 0.869072 0.571547 0.605043 0.941683 0.880868 0.866178 0.824004 0.952737 0.778809 0.599021 0.756201 0.723445 0.657619 0.659247 0.645779 0.498379 0.450843 0.743482 0.660526 0.532269 0.390468 0.671105 0.684755 0.643253 0.543094 0.863695 0.887312 0.776906 0.757595 0.875199 0.696515 0.780970 0.791521 0.839238 0.774468 0.775445 0.729976 0.699862 0.618299 0.559256 0.377292 0.721835 0.872607 0.558035 0.531149 0.917977 0.809948 0.946173 0.819578 0.999221 0.878111 0.756007 0.900670 0.984759 0.969745 0.940777 0.922358 0.930093 0.899227 0.774162 0.662173 0.837816 0.961224 0.935449 0.968618 0.974207 0.839689 0.852092 0.858483 0.793511 0.947407
0.323334 0.282508 0.760708 0.849832 0.786931 0.840000 0.478003 0.590324 0.898687 0.906330 0.378535 0.383499 0.436380 0.455898 0.634166 0.788487 0.000000 0.226755 0.244618 0.266749 0.889435 0.915179 0.743219 0.875343 0.971374 0.834607 0.985657 0.939263 0.366713 0.321061 0.792865 0.675386 0.297944 0.321702 0.894679 0.936603 0.701900 0.810827 0.971814 0.802130 0.725864 0.705987 0.576182 0.544205 0.730411 0.701229 0.474304 0.554876 0.691326 0.663629 0.686524 0.680427 0.993411 0.847908 0.681126 0.624753 0.209682 0.260819 0.478650 0.571297 0.446617 0.549419 0.256668 0.248641 0.856124 0.634775 0.463444 0.555615 0.505971 0.531470 0.479393 0.709770 0.627016 0.726483 0.777786 0.706666 0.595770 0.540579 0.377838 0.363188 0.205684 0.263771 0.410504 0.448079 0.521678 0.646995 0.785738 0.630189 0.723681 0.742272 0.875725 0.854050 0.782523 0.693858 0.990817 0.945137 0.478859 0.903259 0.661158 0.737884 0.918395 0.800772 0.557166 0.566590 0.657880 0.669664 0.972598 0.952764 0.852325 0.659495 0.910452 0.634505 0.824242 0.768109 0.687259 0.805305
0.358945 0.303676 0.833357 0.867625 0.821603 0.822224 0.497545 0.574082 0.980936 0.981206 0.358821 0.314342 0.511091 0.406610 0.628817 0.751926 0.226755 0.000000 0.269068 0.212806 0.859183 0.869625 0.768889 0.852950 0.929467 0.778325 0.979498 0.938185 0.322816 0.270585 0.837135 0.619731 0.330346 0.308220 0.909316 0.957592 0.759551 0.684031 0.998886 0.884726 0.744953 0.685320 0.574245 0.563464 0.709523 0.726419 0.547268 0.601009 0.719445 0.751734 0.784492 0.808016 0.872295 0.733343 0.765214 0.674045 0.193275 0.271156 0.558697 0.675556 0.510620 0.580713 0.302036 0.252748 0.916707 0.683940 0.516972 0.574841 0.531411 0.532122 0.503134 0.630488 0.639517 0.658380 0.809739 0.729700 0.662955 0.491789 0.356432 0.313943 0.209292 0.261899 0.462411 0.501370 0.580377 0.673615 0.787845 0.694273 0.780004 0.774691 0.963654 0.866070 0.906109 0.763901 0.914765 0.777991 0.461673 0.880964 0.616136 0.658302 0.977578 0.821251 0.490131 0.561911 0.561276 0.668285 0.951305 0.938283 0.868625 0.636223 0.825166 0.592679 0.871092 0.750036 0.779997 0.783938
0.250550 0.237983 0.618705 0.692504 0.737915 0.888860 0.330133 0.459120 0.780834 0.916930 0.381232 0.287185 0.342493 0.315061 0.524517 0.632682 0.244618 0.269068 0.000000 0.244600 0.775398 0.924476 0.651567 0.743886 0.940677 0.923538 0.905263 0.995031 0.368734 0.360622 0.734507 0.710132 0.280216 0.249360 0.732026 0.982742 0.668906 0.687400 0.856643 0.707026 0.808932 0.783762 0.618793 0.567937 0.741078 0.678418 0.427017 0.467632 0.710411 0.599762 0.609226 0.593571 0.982830 0.853666 0.565268 0.550269 0.235061 0.266959 0.370725 0.485955 0.320234 0.412358 0.242538 0.229674 0.757845 0.512755 0.349304 0.479202 0.455463 0.458096 0.466369 0.768566 0.552972 0.671495 0.757503 0.703008 0.584207 0.559083 0.431457 0.436754 0.254954 0.298621 0.432108 0.441136 0.453900 0.532420 0.746451 0.671672 0.660307 0.700941 0.842829 0.759705 0.713437 0.627298 0.959710 0.800846 0.397577 0.939013 0.695777 0.712835 0.855280 0.858243 0.634015 0.549938 0.531212 0.556450 0.988999 0.976804 0.818229 0.589323 0.862636 0.598963 0.810000 0.757543 0.613577 0.785917
0.270895 0.232931 0.606197 0.645384 0.765358 0.927440 0.398019 0.498270 0.844935 0.854936 0.366358 0.281360 0.351039 0.349632 0.513741 0.641910 0.266749 0.212806 0.244600 0.000000 0.762957 0.837552 0.597425 0.685193 0.862089 0.982579 0.884246 0.971853 0.437114 0.355386 0.692862 0.711142 0.282205 0.293490 0.735993 0.977964 0.610067 0.548984 0.834708 0.810745 0.753976 0.689247 0.650355 0.627195 0.807156 0.796098 0.526431 0.548362 0.810215 0.684960 0.746564 0.728617 0.898071 0.728992 0.617516 0.615001 0.214802 0.229724 0.459042 0.553742 0.372985 0.454330 0.298896 0.248231 0.685300 0.501952 0.403297 0.499132 0.414923 0.417183 0.462501 0.669414 0.561372 0.639006 0.748257 0.739564 0.557814 0.536262 0.389289 0.357612 0.237467 0.252645 0.426249 0.430558 0.417388 0.494637 0.682663 0.672822 0.629665 0.618972 0.813100 0.740938 0.795028 0.733417 0.965361 0.852253 0.450835 0.969608 0.778593 0.804862 0.836749 0.891710 0.606222 0.668213 0.528486 0.603558 0.948469 0.959465 0.855062 0.669381 0.894338 0.670811 0.922542 0.793991 0.721451 0.765245
0.681471 0.706661 0.583794 0.707339 0.846626 0.830985 0.796271 0.890480 0.933671 0.747317 0.903034 0.763350 0.604875 0.821679 0.661728 0.637247 0.889435 0.859183 0.775398 0.762957 0.000000 0.851059 0.630114 0.612011 0.640874 0.705483 0.759464 0.608588 0.998471 0.995588 0.809533 0.931387 0.786649 0.803705 0.712701 0.802411 0.657131 0.726424 0.684609 0.810750 0.752062 0.901509 0.871660 0.991107 0.841737 0.904218 0.833801 0.957601 0.828712 0.935710 0.983816 0.947434 0.857306 0.755935 0.689767 0.928942 0.803605 0.737704 0.759592 0.716377 0.649231 0.671343 0.875097 0.815942 0.591441 0.605187 0.785930 0.924960 0.606156 0.632598 0.937821 0.977185 0.760760 0.810445 0.992759 0.920500 0.889857 0.944862 0.976212 0.824101 0.854211 0.726917 0.832003 0.770662 0.611614 0.560602 0.801126 0.831363 0.684487 0.644570 0.696747 0.635016 0.722304 0.752737 0.888108 0.918474 0.804196 0.840013 0.840125 0.823532 0.828411 0.831190 0.986680 0.838981 0.939636 0.920488 0.885079 0.766123 0.963671 0.932552 0.877483 0.863088 0.941655 0.910671 0.882266 0.951819
0.998616 0.951106 0.806264 0.915259 0.800025 0.883290 0.967112 0.989793 0.986696 0.886038 0.900372 0.877549 0.993530 0.887285 0.963641 0.992161 0.915179 0.869625 0.924476 0.837552 0.851059 0.000000 0.973852 0.953557 0.943801 0.894611 0.815418 0.964540 0.854092 0.801078 0.855376 0.789419 0.961780 0.961845 0.879622 0.816416 0.953270 0.956040 0.832970 0.877874 0.859849 0.973726 0.787743 0.832404 0.905736 0.977789 0.922810 0.970071 0.994644 0.937480 0.935167 0.962780 0.909460 0.967117 0.802413 0.900790 0.837625 0.944426 0.991126 0.910072 0.971365 0.929171 0.989060 0.928410 0.875929 0.916857 0.960839 0.960505 0.949479 0.906336 0.938007 0.953784 0.957598 0.975116 0.939569 0.958147 0.860879 0.722713 0.941560 0.956654 0.929173 0.984718 0.864544 0.996819 0.912072 0.923912 0.969169 0.882418 0.891924 0.969153 0.964620 0.885354 0.888164 0.908743 0.935656 0.971593 0.963211 0.937170 0.922087 0.867643 0.967476 0.890733 0.843422 0.926871 0.969958 0.884028 0.993932 0.964169 0.711625 0.976601 0.971021 0.975500 0.838477 0.965393 0.982311 0.957821
0.528079 0.507596 0.380113 0.357353 0.660352 0.916838 0.673161 0.760523 0.842750 0.589928 0.994762 0.686205 0.432921 0.640772 0.470879 0.490953 0.743219 0.768889 0.651567 0.597425 0.630114 0.973852 0.000000 0.248994 0.328826 0.507309 0.498114 0.767526 0.977719 0.982066 0.502273 0.965076 0.578511 0.739915 0.587721 0.938131 0.435536 0.549351 0.556327 0.767651 0.785402 0.874559 0.997050 0.947777 0.742688 0.869212 0.679576 0.712828 0.806478 0.767649 0.929719 0.775867 0.890384 0.773234 0.524063 0.765422 0.653443 0.548028 0.655459 0.579891 0.598407 0.631948 0.733877 0.647324 0.353224 0.481270 0.603821 0.781108 0.417840 0.474178 0.733988 0.843558 0.779884 0.907793 0.812084 0.902299 0.823286 0.935045 0.710345 0.772126 0.664677 0.619317 0.618560 0.562928 0.322490 0.309990 0.565540 0.600372 0.419912 0.331974 0.667239 0.652446 0.758958 0.771870 0.850806 0.896556 0.761008 0.901843 0.779983 0.783698 0.540240 0.719628 0.898288 0.923904 0.723248 0.673529 0.918896 0.904504 0.858489 0.898180 0.951078 0.905050 0.871087 0.880295 0.802204 0.977912
0.661340 0.650033 0.366595 0.307301 0.722498 0.951535 0.679430 0.709841 0.754528 0.608769 0.938843 0.741675 0.501757 0.615408 0.460353 0.426044 0.875343 0.852950 0.743886 0.685193 0.612011 0.953557 0.248994 0.000000 0.299059 0.450334 0.460663 0.770643 0.971798 0.938175 0.605685 0.977359 0.709869 0.766581 0.589188 0.856485 0.499041 0.500423 0.535774 0.729812 0.811180 0.900046 0.911898 0.970915 0.701604 0.840881 0.773920 0.764661 0.729632 0.935535 0.937886 0.954738 0.782868 0.653106 0.510547 0.704556 0.781676 0.666576 0.779548 0.729126 0.651383 0.607439 0.900978 0.794658 0.337053 0.431503 0.711693 0.818049 0.537938 0.591271 0.891166 0.917733 0.911919 0.969564 0.863430 0.980708 0.909095 0.973327 0.834887 0.886119 0.792581 0.687688 0.628893 0.549851 0.383202 0.281000 0.609865 0.641874 0.424307 0.349260 0.724749 0.606462 0.852818 0.780317 0.964634 0.828591 0.872740 0.868603 0.751784 0.735121 0.651682 0.728659 0.792343 0.871101 0.780877 0.789496 0.922091 0.858141 0.786366 0.980137 0.917826 0.925569 0.791271 0.866828 0.944444 0.976460
0.699880 0.775930 0.347161 0.391587 0.658100 0.899200 0.838631 0.949789 0.820166 0.503134 0.814303 0.944636 0.589289 0.913914 0.586165 0.564658 0.971374 0.929467 0.940677 0.862089 0.640874 0.943801 0.328826 0.299059 0.000000 0.286540 0.488425 0.664369 0.664836 0.647872 0.623600 0.772479 0.818849 0.950965 0.496116 0.894184 0.451347 0.629814 0.457267 0.713916 0.753910 0.999021 0.726336 0.798215 0.571060 0.684922 0.922848 0.854599 0.623912 0.996944 0.850031 0.991804 0.832650 0.672620 0.475437 0.749246 0.943883 0.779518 0.811577 0.698492 0.725291 0.739908 0.937051 0.994128 0.234999 0.487433 0.791353 0.894767 0.501928 0.522793 0.951845 0.925992 0.861470 0.989580 0.930961 0.932845 0.970203 0.782883 0.977589 0.969310 0.940939 0.793159 0.759765 0.603013 0.382317 0.341602 0.577514 0.684494 0.371314 0.319509 0.655866 0.574675 0.856914 0.815659 0.908662 0.995556 0.987185 0.888212 0.554953 0.545640 0.551540 0.641709 0.630727 0.640314 0.922966 0.849844 0.930123 0.860389 0.863392 0.918230 0.700408 0.749005 0.693846 0.732069 0.989748 0.946571
0.850805 0.966111 0.400262 0.480456 0.759481 0.913878 0.840184 0.956451 0.718056 0.693865 0.734452 0.876664 0.734353 0.970978 0.692105 0.670852 0.834607 0.778325 0.923538 0.982579 0.705483 0.894611 0.507309 0.450334 0.286540 0.000000 0.587860 0.685340 0.597257 0.543016 0.654358 0.831382 0.909351 0.941527 0.568117 0.889041 0.544497 0.666455 0.554878 0.712742 0.869810 0.903142 0.777714 0.844617 0.718927 0.801773 0.944333 0.927427 0.700300 0.996574 0.911391 0.956541 0.976724 0.905751 0.500688 0.749790 0.911692 0.970150 0.866046 0.774052 0.812590 0.836022 0.797943 0.832204 0.319248 0.547337 0.780142 0.866198 0.626004 0.715423 0.885723 0.970074 0.875559 0.997833 0.943019 0.910933 0.960021 0.738575 0.879934 0.856834 0.858023 0.986791 0.914171 0.781993 0.561264 0.460172 0.748039 0.817753 0.468931 0.500062 0.826751 0.772747 0.949609 0.990039 0.829513 0.934752 0.949507 0.921173 0.601506 0.616316 0.715394 0.778766 0.630766 0.582844 0.979315 0.899542 0.885153 0.774748 0.865091 0.894192 0.830443 0.758351 0.762152 0.771804 0.984125 0.798781
0.848300 0.900455 0.635877 0.636530 0.853424 0.877584 0.995468 0.951111 0.947872 0.542719 0.777611 0.983869 0.799940 0.889009 0.752746 0.776775 0.985657 0.979498 0.905263 0.884246 0.759464 0.815418 0.498114 0.460663 0.488425 0.587860 0.000000 0.795344 0.853503 0.858195 0.758905 0.943946 0.897631 0.970501 0.753351 0.875203 0.784613 0.703478 0.767070 0.942149 0.969188 0.967356 0.768227 0.738534 0.579827 0.648944 0.922898 0.886788 0.576517 0.862507 0.790944 0.853054 0.698687 0.657471 0.776434 0.973068 0.945570 0.916457 0.972996 0.949464 0.966664 0.935778 0.924047 0.991019 0.543182 0.698339 0.868983 0.959520 0.703098 0.823369 0.977457 0.969192 0.989684 0.840209 0.875355 0.976112 0.847295 0.849470 0.955276 0.995401 0.940353 0.849700 0.768510 0.832451 0.605592 0.574538 0.757565 0.769017 0.656840 0.598248 0.783297 0.707413 0.895011 0.835333 0.976088 0.948652 0.886631 0.985040 0.694649 0.679913 0.672627 0.742797 0.771271 0.758234 0.903594 0.981251 0.936145 0.801394 0.778124 0.935778 0.839954 0.800613 0.670301 0.859750 0.883298 0.804662
0.914412 0.941328 0.807956 0.859846 0.852655 0.754900 0.972935 0.907055 0.942139 0.744493 0.833364 0.942147 0.833509 0.950114 0.845637 0.835514 0.939263 0.938185 0.995031 0.971853 0.608588 0.964540 0.767526 0.770643 0.664369 0.685340 0.795344 0.000000 0.931019 0.842004 0.860592 0.868101 0.989847 0.926790 0.936197 0.813756 0.845262 0.869710 0.887978 0.754716 0.857490 0.954722 0.960368 0.986831 0.769521 0.888836 0.934259 0.900814 0.848556 0.960123 0.938482 0.998775 0.958189 0.893843 0.854512 0.928849 0.964249 0.927800 0.888766 0.800215 0.930092 0.932514 0.959677 0.965736 0.733131 0.835223 0.994944 0.836914 0.844583 0.752948 0.960184 0.837172 0.954896 0.877492 0.870697 0.989812 0.918142 0.962790 0.966772 0.947935 0.992991 0.913223 0.970875 0.927407 0.812043 0.776130 0.920273 0.974279 0.876528 0.756660 0.836393 0.895656 0.818162 0.920560 0.888246 0.760948 0.943833 0.876512 0.784437 0.734715 0.832303 0.826025 0.763895 0.785828 0.784817 0.898533 0.917026 0.795069 0.988704 0.860668 0.823506 0.760481 0.982315 0.877932 0.937547 0.806393
0.589448 0.494474 0.964769 0.992642 0.850804 0.829564 0.555495 0.538393 0.917122 0.774308 0.438568 0.419992 0.664492 0.452534 0.741136 0.837218 0.366713 0.322816 0.368734 0.437114 0.998471 0.854092 0.977719 0.971798 0.664836 0.597257 0.853503 0.931019 0.000000 0.217951 0.888752 0.488139 0.491582 0.408238 0.885023 0.939380 0.955692 0.912651 0.795140 0.907561 0.954390 0.817171 0.437488 0.454597 0.563036 0.574161 0.592469 0.600609 0.591316 0.709449 0.640003 0.737476 0.933343 0.991246 0.938588 0.774582 0.374925 0.514142 0.627311 0.773419 0.625226 0.640898 0.359653 0.352793 0.804656 0.847617 0.639117 0.651370 0.809743 0.795717 0.512997 0.706263 0.743012 0.777119 0.866909 0.711792 0.609853 0.450155 0.427442 0.411035 0.390896 0.532367 0.612446 0.759609 0.889711 0.917168 0.958618 0.909304 0.987705 0.922989 0.875254 0.911735 0.936430 0.799340 0.963099 0.826309 0.534018 0.980438 0.512208 0.499991 0.787723 0.716704 0.463316 0.385503 0.688730 0.764645 0.975023 0.922149 0.890464 0.656258 0.759381 0.536908 0.708187 0.678321 0.772320 0.791271
0.558429 0.471362 0.937275 0.931920 0.874705 0.845564 0.611475 0.608558 0.994587 0.866242 0.352327 0.379757 0.668641 0.451267 0.771250 0.884852 0.321061 0.270585 0.360622 0.355386 0.995588 0.801078 0.982066 0.938175 0.647872 0.543016 0.858195 0.842004 0.217951 0.000000 0.920000 0.541246 0.489256 0.448565 0.889355 0.971750 0.983317 0.877670 0.778749 0.962338 0.959974 0.742536 0.568883 0.587582 0.679315 0.721868 0.657903 0.720938 0.706648 0.815146 0.770532 0.853608 0.944506 0.859998 0.991078 0.865481 0.317515 0.473927 0.679116 0.828173 0.636532 0.671973 0.343391 0.332730 0.787976 0.869507 0.694613 0.708541 0.791698 0.788793 0.522768 0.703707 0.701750 0.765166 0.811363 0.674288 0.705609 0.464849 0.433977 0.380213 0.334142 0.447619 0.588932 0.707071 0.851258 0.928475 0.930266 0.836476 0.972676 0.948904 0.983319 0.996693 0.864344 0.764654 0.970338 0.887856 0.541127 0.946627 0.585219 0.586770 0.884097 0.746095 0.432347 0.452306 0.686812 0.755915 0.906322 0.986775 0.835282 0.672804 0.777639 0.603021 0.813821 0.715155 0.808532 0.741702
0.753034 0.734512 0.629173 0.603537 0.860603 0.843005 0.688289 0.788692 0.754016 0.952805 0.954315 0.926556 0.649547 0.741412 0.564863 0.581683 0.792865 0.837135 0.734507 0.692862 0.809533 0.855376 0.502273 0.605685 0.623600 0.654358 0.758905 0.860592 0.888752 0.920000 0.000000 0.611120 0.642758 0.774528 0.805790 0.889624 0.516808 0.619748 0.741947 0.800013 0.832565 0.849143 0.728809 0.675053 0.980619 0.912802 0.754288 0.766300 0.943243 0.796983 0.832786 0.773748 0.809551 0.914921 0.673036 0.910159 0.765920 0.744842 0.774056 0.711809 0.773216 0.827735 0.873401 0.781749 0.647710 0.686454 0.710620 0.780316 0.697407 0.737248 0.616910 0.657150 0.714615 0.756745 0.804989 0.734789 0.645245 0.717662 0.765064 0.785527 0.824979 0.846336 0.855469 0.829532 0.685326 0.651436 0.864500 0.945991 0.699534 0.755097 0.823848 0.974861 0.899139 0.984699 0.788016 0.949083 0.833926 0.760206 0.931135 0.998229 0.763582 0.995398 0.872222 0.909171 0.709698 0.789097 0.774728 0.960001 0.922724 0.907627 0.981333 0.951883 0.984448 0.932922 0.876356 0.989548
0.926523 0.841829 0.850614 0.976670 0.974743 0.932221 0.768223 0.711214 0.950094 0.691826 0.817487 0.774232 0.933570 0.641662 0.762401 0.783935 0.675386 0.619731 0.710132 0.711142 0.931387 0.789419 0.965076 0.977359 0.772479 0.831382 0.943946 0.868101 0.488139 0.541246 0.611120 0.000000 0.690180 0.660603 0.798526 0.879923 0.958740 0.869553 0.848144 0.916874 0.954218 0.765626 0.508656 0.494501 0.679040 0.692150 0.763911 0.863731 0.822564 0.914073 0.847569 0.922469 0.876746 0.918316 0.970404 0.993428 0.652059 0.821028 0.977305 0.962690 0.965779 0.956390 0.783551 0.713131 0.767706 0.995114 0.900594 0.818200 0.970813 0.888639 0.701961 0.615784 0.994686 0.879368 0.919815 0.759153 0.780718 0.511683 0.692329 0.712955 0.692376 0.831454 0.846791 0.860416 0.935578 0.984963 0.836364 0.955641 0.918138 0.931613 0.755666 0.781897 0.836468 0.990334 0.895721 0.837157 0.822240 0.869706 0.617131 0.514451 0.752887 0.727414 0.522010 0.618322 0.829890 0.884817 0.928399 0.959833 0.980493 0.847772 0.768246 0.675222 0.794949 0.744975 0.897614 0.992698
0.279618 0.262446 0.549433 0.621369 0.742111 0.933285 0.336526 0.487440 0.736912 0.909832 0.488287 0.385235 0.346738 0.394473 0.477718 0.594978 0.297944 0.330346 0.280216 0.282205 0.786649 0.961780 0.578511 0.709869 0.818849 0.909351 0.897631 0.989847 0.491582 0.489256 0.642758 0.690180 0.000000 0.276640 0.714801 0.914899 0.541744 0.662381 0.789366 0.740317 0.650726 0.800427 0.563621 0.506102 0.737409 0.664028 0.417385 0.468269 0.699350 0.564502 0.619286 0.582706 0.870537 0.893733 0.509540 0.513745 0.265684 0.265539 0.406826 0.478977 0.347424 0.426802 0.291856 0.283900 0.654861 0.480344 0.335452 0.425677 0.411874 0.443072 0.468639 0.740287 0.541042 0.640776 0.706064 0.662932 0.500078 0.594495 0.388743 0.460508 0.289359 0.325077 0.432838 0.418367 0.403680 0.464697 0.725249 0.641612 0.542519 0.627333 0.913730 0.801333 0.848110 0.720509 0.955853 0.900091 0.438129 0.957491 0.717441 0.761558 0.921332 0.832254 0.660724 0.630727 0.563314 0.547900 0.973464 0.985310 0.931145 0.609980 0.850135 0.615811 0.848327 0.729204 0.641325 0.808463
0.295498 0.284486 0.619035 0.634687 0.732907 0.895197 0.283533 0.378590 0.747106 0.945880 0.362988 0.327377 0.352908 0.344566 0.511023 0.570649 0.321702 0.308220 0.249360 0.293490 0.803705 0.961845 0.739915 0.766581 0.950965 0.941527 0.970501 0.926790 0.408238 0.448565 0.774528 0.660603 0.276640 0.000000 0.756439 0.995957 0.627827 0.698559 0.815294 0.732001 0.686422 0.784241 0.539198 0.492092 0.643743 0.546547 0.389320 0.420278 0.587351 0.549487 0.545550 0.575152 0.892836 0.907920 0.533170 0.455182 0.297742 0.286944 0.357110 0.460833 0.296699 0.352944 0.288769 0.259199 0.748568 0.493491 0.335905 0.393471 0.500452 0.456693 0.558222 0.793073 0.585494 0.593320 0.715765 0.707464 0.533978 0.558513 0.459907 0.471273 0.300494 0.361309 0.416850 0.443858 0.498182 0.532315 0.733149 0.748964 0.609982 0.715696 0.921932 0.783428 0.848220 0.723164 0.987159 0.766208 0.419918 0.951628 0.606176 0.671118 0.955908 0.814999 0.595102 0.571158 0.527767 0.567945 0.951030 0.955201 0.898565 0.614969 0.823770 0.506608 0.778351 0.702571 0.659969 0.770827
0.588312 0.646451 0.472587 0.592963 0.808070 0.864576 0.716738 0.843132 0.737022 0.664341 0.980264 0.822835 0.649976 0.762727 0.804419 0.790168 0.894679 0.909316 0.732026 0.735993 0.712701 0.879622 0.587721 0.589188 0.496116 0.568117 0.753351 0.936197 0.885023 0.889355 0.805790 0.798526 0.714801 0.756439 0.000000 0.981371 0.541147 0.590766 0.510765 0.727667 0.847014 0.994232 0.815232 0.951957 0.853682 0.858320 0.836895 0.825921 0.824395 0.892847 0.972900 0.851525 0.966451 0.822791 0.479365 0.584453 0.793764 0.679760 0.678055 0.650677 0.638541 0.696678 0.865884 0.820637 0.452915 0.575540 0.591250 0.704227 0.525654 0.645439 0.875056 0.915473 0.733121 0.792256 0.996018 0.960406 0.956765 0.951887 0.878498 0.908720 0.802509 0.688082 0.715472 0.621252 0.477553 0.513037 0.843986 0.677290 0.482661 0.571796 0.622786 0.594538 0.737605 0.820557 0.931724 0.981731 0.762657 0.929415 0.712217 0.744526 0.555983 0.874913 0.799885 0.829233 0.766970 0.809692 0.964077 0.831132 0.951693 0.975058 0.801369 0.861970 0.749778 0.804898 0.833168 0.847506
0.980379 0.997570 0.970824 0.938328 0.978836 0.815192 0.924854 0.988148 0.844016 0.934683 0.890703 0.994156 0.930518 0.955314 0.944772 0.911090 0.936603 0.957592 0.982742 0.977964 0.802411 0.816416 0.938131 0.856485 0.894184 0.889041 0.875203 0.813756 0.939380 0.971750 0.889624 0.879923 0.914899 0.995957 0.981371 0.000000 0.981906 0.802700 0.880165 0.863795 0.880490 0.884341 0.930622 0.903164 0.950072 0.968387 0.990690 0.867290 0.953197 0.846380 0.891045 0.895462 0.894800 0.870596 0.999595 0.912711 0.982684 0.997431 0.928389 0.980795 0.911989 0.929905 0.795533 0.913322 0.976469 0.996191 0.955766 0.968605 0.969192 0.885863 0.957632 0.875114 0.956398 0.992428 0.874651 0.869714 0.981085 0.928657 0.953346 0.945021 0.960308 0.956672 0.912213 0.906300 0.954036 0.982696 0.968986 0.823115 0.947724 0.928683 0.884897 0.995873 0.875913 0.939919 0.971561 0.872589 0.978759 0.931059 0.957813 0.903810 0.957551 0.992496 0.916379 0.879268 0.928067 0.884289 0.923175 0.931134 0.955985 0.980785 0.985512 0.958238 0.974311 0.774757 0.806591 0.836816
0.473195 0.507837 0.376774 0.449269 0.744604 0.919515 0.592726 0.697880 0.714905 0.696342 0.861551 0.686366 0.458722 0.721146 0.575541 0.618004 0.701900 0.759551 0.668906 0.610067 0.657131 0.953270 0.435536 0.499041 0.451347 0.544497 0.784613 0.845262 0.955692 0.983317 0.516808 0.958740 0.541744 0.627827 0.541147 0.981906 0.000000 0.650967 0.685396 0.796878 0.684695 0.878740 0.929232 0.838576 0.924247 0.966801 0.680409 0.622501 0.966613 0.682445 0.824514 0.710569 0.901077 0.896821 0.404137 0.607213 0.651319 0.518198 0.550343 0.530031 0.501949 0.578964 0.697503 0.640979 0.391580 0.471102 0.542186 0.675602 0.419496 0.459386 0.758167 0.877756 0.651638 0.735436 0.768232 0.869258 0.750219 0.890938 0.700228 0.760017 0.655255 0.603050 0.572542 0.571771 0.393786 0.394386 0.681590 0.655643 0.436938 0.479443 0.591426 0.622250 0.716340 0.799320 0.846927 0.978245 0.750689 0.845792 0.819258 0.807962 0.598880 0.762894 0.979268 0.930771 0.770994 0.737006 0.934119 0.969401 0.898499 0.783240 0.871982 0.995096 0.883647 0.975974 0.748362 0.841021
0.683954 0.641057 0.539252 0.509057 0.808324 0.963806 0.595324 0.645978 0.655890 0.976807 0.890155 0.701043 0.601471 0.596184 0.539355 0.608421 0.810827 0.684031 0.687400 0.548984 0.726424 0.956040 0.549351 0.500423 0.629814 0.666455 0.703478 0.869710 0.912651 0.877670 0.619748 0.869553 0.662381 0.698559 0.590766 0.802700 0.650967 0.000000 0.656725 0.841941 0.875234 0.660132 0.875090 0.826963 0.915356 0.941356 0.802437 0.800777 0.944035 0.940989 0.947640 0.923759 0.847708 0.776282 0.681951 0.749968 0.714047 0.660651 0.827682 0.846687 0.693320 0.706352 0.863407 0.747890 0.556504 0.585304 0.620618 0.609563 0.648352 0.688466 0.677853 0.519222 0.756200 0.722529 0.975417 0.889061 0.758274 0.722460 0.778062 0.702446 0.778607 0.723972 0.813622 0.737378 0.609519 0.560541 0.812686 0.816611 0.627461 0.676814 0.969385 0.900431 0.882143 0.928389 0.968128 0.777953 0.809672 0.946821 0.955542 0.924449 0.860865 0.870094 0.829245 0.971297 0.583615 0.680824 0.775355 0.985445 0.894755 0.999069 0.952285 0.979726 0.906455 0.937733 0.855712 0.895770
