0.000000 0.474342 0.826285 0.555099 0.924337 0.789535 0.696174 0.591268 0.880398 0.695978 0.528238 0.620591 0.928715 0.947797 0.946464 0.962483 0.472551 0.347553 0.509953 0.460590 0.929493 0.944262 0.928252 0.854938 0.912575 0.996499 0.936965 0.994810 0.671352 0.681365 0.853341 0.908333 0.491999 0.530671 0.771354 0.986553 0.604755 0.726285 0.910377 0.968359 0.740024 0.700230 0.973522 0.947731 0.928177 0.795672 0.628741 0.657765 0.784175 0.677742 0.820945 0.739940 0.831415 0.863914 0.585565 0.567591 0.394660 0.405104 0.373882 0.427104 0.643169 0.644471 0.478397 0.412459 0.886322 0.898648 0.691766 0.767769 0.578808 0.568009 0.825610 0.869595 0.873041 0.896677 0.978242 0.903586 0.991046 0.766214 0.817621 0.921634 0.417311 0.384566 0.748959 0.453022 0.648116 0.851779 0.997845 0.957612 0.795306 0.439695 0.795958 0.918985 0.888337 0.872917 0.737394 0.851590 0.650794 0.857059 0.668094 0.639051 0.885884 0.938924 0.460907 0.689300 0.720162 0.618881 0.937107 0.856010 0.999454 0.833846 0.974820 0.715593 0.745166 0.883581 0.850727 0.953511
0.474342 0.000000 0.757842 0.481368 0.929205 0.900195 0.727499 0.622650 0.955576 0.773095 0.731132 0.655493 0.950139 0.795338 0.970757 0.926160 0.591576 0.478816 0.490405 0.401543 0.912269 0.927229 0.842803 0.910722 0.987414 0.970142 0.940072 0.874658 0.750140 0.666750 0.730488 0.787419 0.615133 0.611861 0.833117 0.965021 0.724698 0.697114 0.908928 0.960110 0.781614 0.758333 0.819951 0.725324 0.836643 0.722725 0.688803 0.643353 0.726030 0.589926 0.692461 0.606600 0.680460 0.879309 0.725359 0.729372 0.401045 0.388915 0.507538 0.460224 0.823053 0.727705 0.753067 0.614370 0.985518 0.852803 0.712808 0.681407 0.578920 0.481241 0.676010 0.629373 0.720637 0.770603 0.966567 0.990441 0.795547 0.668722 0.938639 0.855309 0.679933 0.565821 0.723622 0.618720 0.739310 0.866683 0.931633 0.915028 0.820161 0.571627 0.724933 0.844631 0.772870 0.892832 0.722830 0.779180 0.562900 0.861374 0.697524 0.515872 0.830578 0.848333 0.561459 0.650049 0.623056 0.615369 0.852395 0.737285 0.976579 0.698926 0.948387 0.635290 0.632569 0.774790 0.796064 0.996309
0.826285 0.757842 0.000000 0.701508 0.945508 0.748350 0.667629 0.965623 0.745264 0.950246 0.947852 0.871354 0.942502 0.925517 0.952656 0.854492 0.949414 0.843490 0.878190 0.806351 0.936890 0.930499 0.903399 0.981200 0.813972 0.816930 0.897918 0.968950 0.980999 0.979866 0.830847 0.934498 0.758694 0.968574 0.772315 0.978439 0.633797 0.706470 0.971054 0.925696 0.829643 0.732349 0.914007 0.829090 0.848824 0.865550 0.908052 0.869226 0.845104 0.733149 0.710649 0.713978 0.690350 0.684810 0.937068 0.872638 0.731292 0.638301 0.714493 0.881872 0.977695 0.899341 0.993030 0.927457 0.739125 0.811471 0.672335 0.886350 0.739410 0.728381 0.891665 0.686082 0.973361 0.980408 0.848850 0.893494 0.843723 0.816837 0.904512 0.884842 0.981485 0.977625 0.771843 0.732006 0.856596 0.940485 0.868854 0.893577 0.829534 0.890001 0.789578 0.771153 0.734350 0.713530 0.826312 0.899153 0.787172 0.881966 0.829975 0.851515 0.922300 0.885356 0.845110 0.907430 0.773303 0.728076 0.851626 0.718889 0.913935 0.795327 0.892103 0.898390 0.764674 0.979092 0.882698 0.772602
0.555099 0.481368 0.701508 0.000000 0.922086 0.799942 0.712557 0.585038 0.967013 0.750322 0.719446 0.711017 0.931960 0.757699 0.923057 0.889329 0.697624 0.573216 0.505086 0.436777 0.973953 0.992160 0.765183 0.824247 0.888497 0.838031 0.982570 0.907662 0.678966 0.650617 0.666018 0.694440 0.582218 0.636672 0.864361 0.890660 0.722213 0.791471 0.991999 0.984795 0.813019 0.757324 0.845751 0.745597 0.859551 0.812800 0.740413 0.609905 0.839249 0.688521 0.767726 0.653397 0.727877 0.910350 0.742631 0.659901 0.508471 0.504397 0.614532 0.541539 0.842794 0.723941 0.713610 0.644180 0.969673 0.877365 0.684263 0.669022 0.706500 0.631412 0.657787 0.656523 0.771198 0.697393 0.999679 0.953722 0.710644 0.670125 0.923283 0.802875 0.758767 0.698604 0.674489 0.680563 0.704859 0.855272 0.926264 0.841297 0.834759 0.618350 0.627005 0.875091 0.678618 0.908179 0.784692 0.861779 0.605418 0.863696 0.678568 0.577569 0.727363 0.941653 0.560829 0.650698 0.580015 0.537189 0.976148 0.820266 0.886213 0.737538 0.938573 0.638045 0.692871 0.845130 0.686946 0.923550
0.924337 0.929205 0.945508 0.922086 0.000000 0.993239 0.902894 0.901246 0.861726 0.897086 0.907011 0.873090 0.728233 0.874075 0.775964 0.748229 0.916101 0.992928 0.920322 0.959569 0.733958 0.997680 0.726155 0.738014 0.923612 0.840832 0.823748 0.926699 0.941168 0.885208 0.887471 0.923172 0.997780 0.981235 0.992373 0.898237 0.939002 0.743306 0.940223 0.956924 0.909765 0.908164 0.809695 0.801215 0.977356 0.995660 0.787392 0.999710 0.926567 0.907488 0.860368 0.857460 0.956774 0.888203 0.863413 0.946140 0.931472 0.949373 0.855268 0.889536 0.857942 0.947585 0.929169 0.931179 0.924097 0.953129 0.950768 0.853219 0.994883 0.952985 0.934613 0.977433 0.964462 0.887159 0.876097 0.903219 0.870427 0.947399 0.717932 0.938010 0.928788 0.957635 0.796091 0.989571 0.727347 0.853717 0.868547 0.729994 0.983382 0.971897 0.902494 0.986544 0.837990 0.953371 0.914218 0.846213 0.940644 0.964136 0.982035 0.954199 0.969841 0.903908 0.962943 0.925361 0.886312 0.990860 0.935305 0.954455 0.903574 0.953926 0.999586 0.971409 0.912063 0.956014 0.919659 0.933229
0.789535 0.900195 0.748350 0.799942 0.993239 0.000000 0.870896 0.726221 0.915011 0.695467 0.827750 0.785386 0.958352 0.841757 0.795858 0.869911 0.876636 0.861817 0.859821 0.898955 0.980703 0.921039 0.921759 0.912635 0.842138 0.909415 0.970906 0.976730 0.851173 0.851452 0.933395 0.981458 0.851060 0.855737 0.902892 0.968606 0.991305 0.951630 0.976418 0.941381 0.969711 0.941473 0.831028 0.859534 0.835802 0.742951 0.711336 0.808314 0.829607 0.974244 0.822452 0.908794 0.989574 0.854400 0.818883 0.772102 0.957063 0.951585 0.832532 0.713838 0.704688 0.610174 0.766977 0.806552 0.776871 0.669378 0.796487 0.732515 0.830641 0.935538 0.895759 0.958403 0.900661 0.875000 0.946220 0.899635 0.935174 0.935195 0.880316 0.998269 0.760291 0.732307 0.925504 0.910100 0.980598 0.908330 0.906137 0.923627 0.923492 0.910563 0.842829 0.970096 0.918675 0.964005 0.968155 0.873044 0.874464 0.792198 0.777635 0.786122 0.808974 0.942459 0.824690 0.846252 0.818455 0.916695 0.904079 0.996688 0.966946 0.894614 0.920582 0.747694 0.874350 0.768468 0.886142 0.960331
0.696174 0.727499 0.667629 0.712557 0.902894 0.870896 0.000000 0.421934 0.733661 0.378596 0.601892 0.793734 0.852414 0.846895 0.675905 0.811570 0.659601 0.641295 0.663805 0.683622 0.834564 0.991199 0.997949 0.817674 0.612424 0.709234 0.715672 0.611261 0.665834 0.686964 0.790456 0.894332 0.661781 0.527100 0.974661 0.968189 0.832553 0.900284 0.839576 0.982038 0.840693 0.933954 0.906705 0.895717 0.495852 0.526971 0.850433 0.720464 0.666819 0.743526 0.776290 0.856439 0.720412 0.888270 0.963673 0.855191 0.846557 0.745407 0.650544 0.684489 0.501215 0.607578 0.634105 0.545286 0.616413 0.966083 0.614941 0.636248 0.893512 0.691486 0.744587 0.696786 0.975403 0.820089 0.766332 0.996791 0.863567 0.723428 0.891331 0.994385 0.742340 0.742133 0.977582 0.725438 0.989863 0.669505 0.837348 0.796068 0.811326 0.972264 0.484898 0.693314 0.561672 0.832528 0.750589 0.932649 0.716864 0.822483 0.434648 0.561913 0.696599 0.894447 0.627554 0.675327 0.779729 0.742829 0.871876 0.909908 0.953955 0.755342 0.992450 0.705564 0.587774 0.666678 0.891120 0.968366
0.591268 0.622650 0.965623 0.585038 0.901246 0.726221 0.421934 0.000000 0.839598 0.319317 0.422042 0.435951 0.924172 0.914595 0.685854 0.941759 0.541257 0.519655 0.584743 0.539455 0.832637 0.898342 0.920602 0.904057 0.544335 0.667169 0.702726 0.607556 0.483008 0.446953 0.799891 0.832086 0.631128 0.346275 0.946142 0.932735 0.997876 0.945598 0.881961 0.962364 0.817280 0.981484 0.989167 0.949204 0.690390 0.665772 0.820345 0.727988 0.804778 0.923054 0.994406 0.980781 0.986059 0.778674 0.823336 0.778180 0.744506 0.717968 0.645401 0.541443 0.387935 0.334777 0.446793 0.356224 0.522546 0.735172 0.707559 0.553723 0.979585 0.721209 0.781908 0.826430 0.842723 0.688878 0.871211 0.995654 0.907919 0.789932 0.956406 0.975186 0.628539 0.641301 0.984634 0.687276 0.990782 0.891647 0.803656 0.830802 0.920745 0.796849 0.632010 0.991248 0.784904 0.844469 0.735654 0.926122 0.706753 0.861037 0.502765 0.581951 0.634889 0.973478 0.551270 0.670055 0.815748 0.755197 0.918011 0.968473 0.913908 0.776093 0.891456 0.639772 0.672748 0.653651 0.939641 0.844541
0.880398 0.955576 0.745264 0.967013 0.861726 0.915011 0.733661 0.839598 0.000000 0.776800 0.923442 0.981750 0.986497 0.977678 0.897729 0.962174 0.966960 0.947646 0.895895 0.972914 0.966477 0.874143 0.933714 0.979740 0.916854 0.893141 0.981947 0.908034 0.959999 0.902919 0.972603 0.937972 0.867735 0.963321 0.945440 0.877978 0.963214 0.938135 0.956342 0.999007 0.991523 0.951585 0.896928 0.929977 0.864767 0.941884 0.941317 0.880063 0.983284 0.987950 0.925895 0.999632 0.914002 0.814383 0.969797 0.993603 0.999768 0.880546 0.958672 0.986887 0.857521 0.934394 0.955065 0.987563 0.950748 0.973860 0.815838 0.915320 0.966385 0.916677 0.984762 0.913787 0.987125 0.994363 0.856885 0.935109 0.783184 0.994337 0.963825 0.955827 0.943016 0.855859 0.912217 0.882765 0.951733 0.860372 0.971887 0.886854 0.994505 0.899280 0.799785 0.814113 0.848995 0.853925 0.916689 0.986888 0.815409 0.980624 0.925884 0.936819 0.982703 0.923269 0.989074 0.986462 0.937488 0.969232 0.986056 0.874247 0.870988 0.930598 0.969524 0.862719 0.860247 0.823563 0.888998 0.931342
0.695978 0.773095 0.950246 0.750322 0.897086 0.695467 0.378596 0.319317 0.776800 0.000000 0.523561 0.576107 0.880895 0.991598 0.606376 0.859109 0.616402 0.595854 0.665962 0.712282 0.883087 0.991746 0.840939 0.751536 0.425366 0.525990 0.672786 0.599831 0.598212 0.557186 0.931761 0.937058 0.722567 0.484508 0.997668 0.897499 0.946520 0.868990 0.799967 0.971576 0.842452 0.994678 0.942717 0.966651 0.620343 0.633056 0.839644 0.788414 0.755748 0.945067 0.982927 0.930824 0.988883 0.826780 0.894818 0.762667 0.886150 0.813481 0.662377 0.635997 0.412337 0.426620 0.525632 0.465146 0.442329 0.843588 0.702826 0.644270 0.986971 0.719507 0.797918 0.826719 0.973036 0.789416 0.768609 0.991058 0.913475 0.869514 0.899338 0.887632 0.652378 0.721776 0.848166 0.774256 0.912911 0.718833 0.733257 0.764700 0.786253 0.911510 0.657029 0.939331 0.789862 0.900167 0.792586 0.958057 0.787178 0.842938 0.498299 0.610850 0.700905 0.963146 0.618363 0.695267 0.886781 0.764477 0.976515 0.998160 0.972206 0.815607 0.898652 0.699881 0.729480 0.618970 0.899630 0.923975
0.528238 0.731132 0.947852 0.719446 0.907011 0.827750 0.601892 0.422042 0.923442 0.523561 0.000000 0.481319 0.922835 0.981010 0.732457 0.877358 0.454164 0.525659 0.652700 0.559266 0.941846 0.778706 0.829579 0.807537 0.743925 0.778346 0.829752 0.786330 0.552385 0.532843 0.859704 0.945372 0.627923 0.422219 0.851210 0.980982 0.896042 0.995096 0.923884 0.994269 0.755413 0.904004 0.868693 0.877343 0.844199 0.793952 0.873857 0.840022 0.844781 0.943348 0.918243 0.929356 0.880517 0.691948 0.812719 0.741232 0.707007 0.751667 0.617646 0.602754 0.467942 0.463956 0.389764 0.368381 0.633703 0.824802 0.730090 0.672592 0.922507 0.714973 0.971951 0.956456 0.908903 0.856495 0.956225 0.919179 0.931995 0.925911 0.897069 0.992284 0.526526 0.553771 0.911716 0.616410 0.903678 0.995347 0.870081 0.820444 0.996374 0.712259 0.780110 0.837458 0.944175 0.738557 0.727057 0.968540 0.791002 0.954601 0.696677 0.723550 0.729746 0.953342 0.544483 0.756280 0.935356 0.792645 0.752201 0.892533 0.842633 0.800435 0.952422 0.767828 0.808893 0.882658 0.966245 0.861751
0.620591 0.655493 0.871354 0.711017 0.873090 0.785386 0.793734 0.435951 0.981750 0.576107 0.481319 0.000000 0.759980 0.639176 0.987168 0.744742 0.559518 0.550971 0.578510 0.556404 0.886152 0.856799 0.999748 0.906100 0.677884 0.668633 0.918098 0.788814 0.507014 0.464911 0.989433 0.896782 0.746724 0.444501 0.870813 0.889867 0.918123 0.850844 0.977733 0.937147 0.814568 0.976406 0.886365 0.918119 0.986287 0.909701 0.782703 0.894681 0.997895 0.881837 0.830691 0.839539 0.757288 0.593529 0.703829 0.725384 0.699100 0.772849 0.799962 0.685848 0.481518 0.401648 0.432980 0.425039 0.721622 0.601556 0.889063 0.771684 0.946495 0.752976 0.926543 0.955595 0.805112 0.758812 0.981627 0.925074 0.982617 0.909278 0.980336 0.934550 0.569412 0.558106 0.861694 0.670977 0.794211 0.734710 0.917536 0.961419 0.858897 0.733437 0.990768 0.695484 0.913574 0.573135 0.714585 0.999845 0.805778 0.999143 0.837817 0.869169 0.795112 0.860843 0.682833 0.847728 0.930542 0.856547 0.758609 0.938733 0.867865 0.876822 0.901756 0.791476 0.836371 0.862826 0.957739 0.758190
0.928715 0.950139 0.942502 0.931960 0.728233 0.958352 0.852414 0.924172 0.986497 0.880895 0.922835 0.759980 0.000000 0.518617 0.504211 0.454757 0.896193 0.857769 0.979934 0.971596 0.788023 0.906597 0.716490 0.624882 0.980752 0.896968 0.701166 0.850372 0.994977 0.933364 0.725716 0.889174 0.860645 0.913977 0.925930 0.890356 0.948567 0.904591 0.920803 0.970914 0.865933 0.972812 0.998162 0.932335 0.957687 0.976151 0.957500 0.992325 0.999138 0.828674 0.949894 0.863835 0.864704 0.861814 0.719733 0.897068 0.852638 0.820791 0.697381 0.664105 0.874241 0.991911 0.865719 0.986219 0.768055 0.931663 0.851813 0.717680 0.981796 0.896397 0.852870 0.842335 0.969440 0.967866 0.922198 0.812690 0.993782 0.910314 0.802680 0.858038 0.958176 0.931402 0.814047 0.920731 0.554531 0.517438 0.961870 0.652176 0.739857 0.963762 0.852258 0.876853 0.947248 0.831027 0.876466 0.984115 0.925589 0.908899 0.897581 0.739374 0.868964 0.917396 0.960568 0.893653 0.970252 0.875021 0.772581 0.959876 0.986195 0.926489 0.872612 0.910225 0.857916 0.950685 0.972177 0.885699
0.947797 0.795338 0.925517 0.757699 0.874075 0.841757 0.846895 0.914595 0.977678 0.991598 0.981010 0.639176 0.518617 0.000000 0.516673 0.414192 0.985298 0.914911 0.683212 0.712633 0.923956 0.909007 0.619972 0.501212 0.950568 0.985631 0.679421 0.873577 0.756117 0.729704 0.921973 0.723541 0.921736 0.911785 0.878221 0.995077 0.834156 0.944255 0.999619 0.933280 0.882408 0.924243 0.890866 0.897652 0.992862 0.955999 0.807299 0.836734 0.968008 0.986791 0.950514 0.937317 0.973190 0.972802 0.843783 0.782507 0.871150 0.982701 0.830729 0.959728 0.944007 0.873934 0.803398 0.915704 0.846382 0.790149 0.983884 0.993751 0.994379 0.995770 0.909509 0.908345 0.784252 0.793992 0.955674 0.944292 0.795644 0.992653 0.870292 0.921934 0.852483 0.862859 0.755615 0.892600 0.612906 0.508603 0.974706 0.612158 0.836815 0.845364 0.978227 0.918995 0.983761 0.823086 0.863923 0.902655 0.896484 0.819129 0.999598 0.974796 0.903162 0.969761 0.944545 0.940253 0.896567 0.916711 0.788339 0.923146 0.919542 0.953520 0.854165 0.838590 0.947165 0.957041 0.858340 0.856371
0.946464 0.970757 0.952656 0.923057 0.775964 0.795858 0.675905 0.685854 0.897729 0.606376 0.732457 0.987168 0.504211 0.516673 0.000000 0.450587 0.805243 0.912634 0.873542 0.915889 0.968937 0.895988 0.528544 0.491113 0.707300 0.828908 0.551396 0.781168 0.915559 0.874237 0.878472 0.921536 0.917191 0.803082 0.912049 0.964836 0.936358 0.957435 0.848456 0.996939 0.964814 0.887169 0.975008 0.961716 0.806006 0.831369 0.991810 0.958234 0.893179 0.984556 0.996278 0.928098 0.896201 0.904083 0.895017 0.933888 0.964015 0.960048 0.715037 0.692017 0.770702 0.686538 0.927042 0.801665 0.534094 0.868388 0.801410 0.605983 0.789067 0.918680 0.969380 0.933658 0.951556 0.977036 0.965270 0.834679 0.894595 0.962308 0.778052 0.967117 0.960166 0.934630 0.622587 0.917553 0.473584 0.501726 0.813221 0.564379 0.692715 0.910688 0.838618 0.991177 0.987416 0.969630 0.894969 0.992198 0.981596 0.826772 0.796148 0.763763 0.831066 0.949047 0.911381 0.903889 0.927791 0.966387 0.919900 0.945826 0.971099 0.887736 0.974434 0.933389 0.884637 0.780472 0.826710 0.972112
0.962483 0.926160 0.854492 0.889329 0.748229 0.869911 0.811570 0.941759 0.962174 0.859109 0.877358 0.744742 0.454757 0.414192 0.450587 0.000000 0.904101 0.972910 0.855369 0.878341 0.953650 0.962782 0.455789 0.418639 0.882365 0.995352 0.635698 0.844866 0.897832 0.834409 0.973375 0.776894 0.931714 0.995970 0.995636 0.985754 0.843889 0.912772 0.924130 0.890545 0.991450 0.886479 0.985698 0.941610 0.834183 0.874925 0.969118 0.945067 0.791707 0.878282 0.947447 0.994853 0.995287 0.998577 0.907921 0.953781 0.969611 0.939828 0.696608 0.846033 0.961321 0.974064 0.931161 0.944433 0.698993 0.798881 0.903123 0.840220 0.974693 0.939540 0.946378 0.950666 0.768844 0.817835 0.999025 0.962245 0.885947 0.949134 0.827964 0.971290 0.997913 0.916706 0.631014 0.899406 0.548389 0.457207 0.870101 0.488431 0.810499 0.990352 0.919486 0.935415 0.950134 0.865899 0.919368 0.963553 0.976880 0.870438 0.834986 0.834490 0.904085 0.919718 0.925482 0.899347 0.889686 0.885475 0.859539 0.950451 0.983724 0.986677 0.802999 0.968350 0.981554 0.981901 0.820082 0.943438
0.472551 0.591576 0.949414 0.697624 0.916101 0.876636 0.659601 0.541257 0.966960 0.616402 0.454164 0.559518 0.896193 0.985298 0.805243 0.904101 0.000000 0.418951 0.610912 0.537063 0.966472 0.891539 0.867585 0.835948 0.812414 0.869052 0.843375 0.853466 0.642420 0.619508 0.866909 0.939328 0.645006 0.534452 0.837495 0.951006 0.828615 0.942231 0.830972 0.928172 0.748934 0.876575 0.923224 0.984605 0.925564 0.868235 0.815754 0.790741 0.859051 0.819560 0.953322 0.894387 0.996072 0.831803 0.705507 0.663157 0.556612 0.563019 0.493044 0.499291 0.608175 0.574148 0.490367 0.421364 0.747486 0.791295 0.732337 0.748652 0.735481 0.638173 0.832410 0.983059 0.851707 0.936805 0.877155 0.957193 0.975769 0.768426 0.886067 0.950814 0.498276 0.515552 0.905062 0.609397 0.848494 0.951291 0.972529 0.995958 0.814239 0.617437 0.862405 0.852422 0.953602 0.822590 0.724840 0.867408 0.714293 0.903612 0.684172 0.690355 0.820939 0.977128 0.544654 0.653802 0.822401 0.676835 0.965683 0.875469 0.952116 0.764963 0.988979 0.775071 0.797712 0.883408 0.903887 0.992400
0.347553 0.478816 0.843490 0.573216 0.992928 0.861817 0.641295 0.519655 0.947646 0.595854 0.525659 0.550971 0.857769 0.914911 0.912634 0.972910 0.418951 0.000000 0.523751 0.453525 0.926308 0.937768 0.958723 0.871920 0.808843 0.883823 0.958323 0.859224 0.577939 0.506899 0.792608 0.825735 0.500489 0.478934 0.795681 0.993123 0.708718 0.848770 0.933150 0.980403 0.811569 0.745185 0.970230 0.971503 0.935844 0.838615 0.709738 0.687964 0.850082 0.735813 0.883094 0.786815 0.850412 0.927235 0.722597 0.646163 0.377592 0.407560 0.415749 0.428738 0.635394 0.627886 0.481065 0.383933 0.761681 0.896818 0.669395 0.735781 0.588155 0.502190 0.782132 0.860193 0.860945 0.875622 0.935096 0.983750 0.986956 0.733067 0.817724 0.973663 0.393360 0.428867 0.760773 0.442705 0.733851 0.944803 0.986042 0.948775 0.873235 0.539497 0.863024 0.875338 0.883668 0.821541 0.713695 0.820122 0.726640 0.858220 0.663492 0.638205 0.864019 0.926854 0.441198 0.631716 0.783659 0.632139 0.969133 0.893964 0.952003 0.808364 0.984898 0.669219 0.726374 0.884400 0.896106 0.951475
0.509953 0.490405 0.878190 0.505086 0.920322 0.859821 0.663805 0.584743 0.895895 0.665962 0.652700 0.578510 0.979934 0.683212 0.873542 0.855369 0.610912 0.523751 0.000000 0.421995 0.882916 0.872705 0.742753 0.849787 0.889840 0.864652 0.945955 0.786831 0.613271 0.605799 0.738107 0.593837 0.638626 0.553670 0.867792 0.861692 0.923988 0.906089 0.759234 0.866005 0.749615 0.789896 0.887640 0.877367 0.729779 0.657562 0.667238 0.657016 0.686428 0.639085 0.815321 0.746882 0.680691 0.953819 0.704834 0.648064 0.590920 0.612713 0.684218 0.616215 0.716789 0.712395 0.556731 0.546928 0.854086 0.975331 0.815939 0.796093 0.730056 0.591635 0.613507 0.665015 0.734534 0.662058 0.992433 0.928530 0.780555 0.767940 0.986619 0.820378 0.612124 0.516772 0.693446 0.692204 0.626256 0.888022 0.959291 0.843488 0.933573 0.674740 0.677231 0.873332 0.693091 0.986515 0.645677 0.904997 0.732835 0.997732 0.619830 0.539727 0.822342 0.994851 0.578387 0.669293 0.694985 0.581433 0.951747 0.880605 0.985247 0.845424 0.902098 0.673266 0.625168 0.891935 0.879176 0.876298
0.460590 0.401543 0.806351 0.436777 0.959569 0.898955 0.683622 0.539455 0.972914 0.712282 0.559266 0.556404 0.971596 0.712633 0.915889 0.878341 0.537063 0.453525 0.421995 0.000000 0.968524 0.940526 0.810997 0.856874 0.970552 0.999820 0.993628 0.807335 0.535022 0.527838 0.642607 0.687478 0.506527 0.510483 0.831071 0.916656 0.771930 0.775529 0.929536 0.960425 0.687063 0.864289 0.885342 0.865114 0.835977 0.736665 0.664819 0.651914 0.771095 0.669665 0.795445 0.688174 0.768164 0.993469 0.812007 0.699027 0.465222 0.545359 0.565507 0.501237 0.723651 0.616587 0.566786 0.520843 0.891531 0.806513 0.691157 0.671457 0.712120 0.643252 0.667237 0.673369 0.692724 0.668672 0.954211 0.978007 0.865799 0.781460 0.924838 0.777802 0.616364 0.524294 0.679059 0.601582 0.680960 0.823771 0.968836 0.858451 0.900466 0.577875 0.743598 0.986334 0.820954 0.941169 0.716593 0.881816 0.663915 0.977772 0.650437 0.604319 0.704896 0.990419 0.564405 0.642725 0.712737 0.591802 0.950077 0.875900 0.916167 0.743158 0.959700 0.627920 0.643140 0.825176 0.797138 0.879876
0.929493 0.912269 0.936890 0.973953 0.733958 0.980703 0.834564 0.832637 0.966477 0.883087 0.941846 0.886152 0.788023 0.923956 0.968937 0.953650 0.966472 0.926308 0.882916 0.968524 0.000000 0.916242 0.798331 0.795978 0.852661 0.753200 0.979728 0.802544 0.926531 0.955114 0.928130 0.924523 0.883533 0.955928 0.934075 0.982650 0.917617 0.861316 0.839725 0.978899 0.966644 0.871441 0.896496 0.943470 0.807075 0.899054 0.797864 0.981086 0.902810 0.972395 0.887779 0.842488 0.990158 0.948575 0.798178 0.939763 0.780227 0.812710 0.764246 0.827459 0.923091 0.944046 0.902711 0.919919 0.875960 0.866690 0.819092 0.849828 0.882919 0.903210 0.972597 0.994761 0.859408 0.876611 0.916634 0.844639 0.982350 0.964493 0.846994 0.894231 0.918618 0.976381 0.966880 0.924193 0.888129 0.924673 0.965802 0.898069 0.835664 0.934211 0.807334 0.906718 0.744474 0.973291 0.879561 0.745593 0.990592 0.899431 0.810540 0.912242 0.896004 0.998686 0.966688 0.974435 0.870386 0.928694 0.891845 0.976248 0.934917 0.984889 0.952866 0.926747 0.965619 0.966387 0.892268 0.747769
0.944262 0.927229 0.930499 0.992160 0.997680 0.921039 0.991199 0.898342 0.874143 0.991746 0.778706 0.856799 0.906597 0.909007 0.895988 0.962782 0.891539 0.937768 0.872705 0.940526 0.916242 0.000000 0.980290 0.965075 0.990554 0.974311 0.996848 0.800987 0.762408 0.810473 0.869568 0.714409 0.964948 0.829437 0.973549 0.854434 0.800598 0.782973 0.981151 0.766116 0.891335 0.937642 0.882618 0.855011 0.977607 0.913175 0.894950 0.856253 0.882507 0.919910 0.779252 0.849366 0.907061 0.850384 0.949531 0.921895 0.953752 0.955245 0.905920 0.993940 0.923973 0.946634 0.805765 0.837044 0.845029 0.948354 0.917979 0.980421 0.925643 0.950626 0.924729 0.970797 0.910407 0.801325 0.978383 0.950753 0.849070 0.907165 0.919130 0.796037 0.979601 0.925882 0.889560 0.978124 0.977060 0.996350 0.993620 0.914173 0.863454 0.979805 0.963786 0.909125 0.915237 0.932717 0.877694 0.820216 0.887380 0.913383 0.983226 0.952018 0.993251 0.958174 0.974489 0.927603 0.845225 0.976860 0.781586 0.651933 0.987481 0.958980 0.883674 0.927576 0.948926 0.880989 0.880460 0.919921
0.928252 0.842803 0.903399 0.765183 0.726155 0.921759 0.997949 0.920602 0.933714 0.840939 0.829579 0.999748 0.716490 0.619972 0.528544 0.455789 0.867585 0.958723 0.742753 0.810997 0.798331 0.980290 0.000000 0.389737 0.776882 0.872064 0.709766 0.980585 0.903966 0.885835 0.748211 0.573381 0.864358 0.997981 0.932453 0.855766 0.953059 0.916631 0.878650 0.820574 0.944555 0.924632 0.954776 0.963948 0.939780 0.968823 0.909369 0.927067 0.964442 0.840193 0.852068 0.775858 0.660858 0.634265 0.994145 0.895411 0.939705 0.995418 0.727607 0.852916 0.888635 0.840101 0.932644 0.871395 0.666053 0.913272 0.996632 0.877129 0.883705 0.978412 0.727925 0.740468 0.683562 0.641860 0.997074 0.955903 0.831487 0.793507 0.762141 0.811810 0.831374 0.964050 0.593520 0.988352 0.599450 0.757513 0.715872 0.491785 0.997446 0.917476 0.781550 0.711966 0.737735 0.795507 0.894083 0.978011 0.950849 0.824310 0.979125 0.909131 0.969079 0.846324 0.955003 0.970274 0.756854 0.912160 0.955884 0.876691 0.916635 0.888671 0.868547 0.892090 0.820922 0.997606 0.820007 0.995918
0.854938 0.910722 0.981200 0.824247 0.738014 0.912635 0.817674 0.904057 0.979740 0.751536 0.807537 0.906100 0.624882 0.501212 0.491113 0.418639 0.835948 0.871920 0.849787 0.856874 0.795978 0.965075 0.389737 0.000000 0.706711 0.859116 0.637731 0.938698 0.942262 0.894176 0.801582 0.628012 0.943484 0.942756 0.971773 0.950728 0.903965 0.992777 0.965671 0.882748 0.945665 0.970993 0.939497 0.910867 0.913553 0.920810 0.943176 0.998449 0.834536 0.993136 0.995946 0.885846 0.876858 0.820697 0.944459 0.998435 0.971043 0.927823 0.659370 0.857923 0.895202 0.932431 0.884608 0.814527 0.612175 0.820846 0.899723 0.908541 0.980335 0.888038 0.876704 0.865954 0.714151 0.663379 0.888330 0.979223 0.813765 0.893165 0.746670 0.905399 0.810518 0.911248 0.674844 0.928572 0.630801 0.573631 0.787347 0.496721 0.834255 0.988927 0.982601 0.906416 0.909412 0.999116 0.899623 0.993340 0.950855 0.871695 0.846950 0.928410 0.992262 0.983335 0.862399 0.858711 0.811790 0.978837 0.998696 0.878588 0.982141 0.939837 0.811692 0.983303 0.930301 0.952062 0.756077 0.993175
0.912575 0.987414 0.813972 0.888497 0.923612 0.842138 0.612424 0.544335 0.916854 0.425366 0.743925 0.677884 0.980752 0.950568 0.707300 0.882365 0.812414 0.808843 0.889840 0.970552 0.852661 0.990554 0.776882 0.706711 0.000000 0.389461 0.682996 0.635385 0.729952 0.737627 0.840005 0.925088 0.954677 0.675365 0.903940 0.823815 0.788925 0.710667 0.819170 0.969743 0.967287 0.896347 0.807294 0.749540 0.806402 0.832444 0.984770 0.960199 0.917934 0.843013 0.798517 0.673439 0.801948 0.721378 0.984014 0.991166 0.840461 0.926279 0.939667 0.919461 0.506548 0.584985 0.664778 0.625644 0.428206 0.959976 0.976662 0.912473 0.921972 0.945075 0.922481 0.966345 0.949137 0.971299 0.784290 0.996522 0.899817 0.925703 0.973869 0.752498 0.776380 0.820188 0.745135 0.908934 0.822793 0.728950 0.757736 0.759266 0.725932 0.880394 0.905019 0.886847 0.990311 0.737366 0.982451 0.899259 0.979034 0.980192 0.736162 0.916659 0.893378 0.865881 0.854093 0.884794 0.857055 0.957523 0.948630 0.817627 0.912473 0.983988 0.977291 0.918460 0.953489 0.731229 0.703290 0.772826
0.996499 0.970142 0.816930 0.838031 0.840832 0.909415 0.709234 0.667169 0.893141 0.525990 0.778346 0.668633 0.896968 0.985631 0.828908 0.995352 0.869052 0.883823 0.864652 0.999820 0.753200 0.974311 0.872064 0.859116 0.389461 0.000000 0.738297 0.692822 0.814714 0.757409 0.737133 0.932422 0.991825 0.774347 0.880982 0.806011 0.791537 0.653467 0.819303 0.986131 0.975782 0.957776 0.724169 0.719359 0.868385 0.927213 0.957311 0.942722 0.984547 0.776815 0.720151 0.621975 0.804512 0.705668 0.953595 0.953118 0.862755 0.879360 0.956968 0.938832 0.633518 0.736322 0.727480 0.724184 0.539414 0.963903 0.861767 0.918692 0.998113 0.873427 0.915135 0.986047 0.897872 0.989611 0.904051 0.946158 0.944505 0.838306 0.981557 0.668071 0.847047 0.873975 0.855323 0.944124 0.953471 0.803599 0.829116 0.873179 0.744641 0.892491 0.947807 0.906905 0.988008 0.718058 0.959169 0.924254 0.976889 0.972143 0.861423 0.944223 0.983593 0.774447 0.926656 0.983731 0.886941 0.982499 0.864729 0.889926 0.947106 0.989302 0.993248 0.986248 0.977874 0.809464 0.791634 0.783599
0.936965 0.940072 0.897918 0.982570 0.823748 0.970906 0.715672 0.702726 0.981947 0.672786 0.829752 0.918098 0.701166 0.679421 0.551396 0.635698 0.843375 0.958323 0.945955 0.993628 0.979728 0.996848 0.709766 0.637731 0.682996 0.738297 0.000000 0.681898 0.964294 0.920384 0.946437 0.931440 0.986163 0.747135 0.896684 0.975000 0.920799 0.984622 0.935592 0.995770 0.980749 0.945027 0.938331 0.970174 0.753148 0.787646 0.951408 0.887444 0.835488 0.915538 0.973971 0.899179 0.933825 0.903886 0.971226 0.901386 0.974192 0.984493 0.855399 0.824312 0.848954 0.766419 0.968341 0.871592 0.610477 0.956684 0.937093 0.756203 0.937487 0.895154 0.936575 0.924674 0.957075 0.973237 0.945425 0.875401 0.937779 0.921887 0.946791 0.989244 0.988472 0.999003 0.683754 0.902310 0.689099 0.650900 0.842503 0.640080 0.918587 0.916907 0.813233 0.941096 0.926292 0.970714 0.908192 0.970804 0.862308 0.867264 0.771952 0.808722 0.822943 0.906294 0.903903 0.999020 0.907533 0.926261 0.842370 0.951680 0.949184 0.937954 0.960443 0.961629 0.876385 0.746256 0.859633 0.891518
0.994810 0.874658 0.968950 0.907662 0.926699 0.976730 0.611261 0.607556 0.908034 0.599831 0.786330 0.788814 0.850372 0.873577 0.781168 0.844866 0.853466 0.859224 0.786831 0.807335 0.802544 0.800987 0.980585 0.938698 0.635385 0.692822 0.681898 0.000000 0.789734 0.785774 0.911242 0.871939 0.949701 0.696566 0.978269 0.983724 0.813322 0.784630 0.823879 0.916146 0.988818 0.997907 0.964536 0.963734 0.679714 0.699887 0.985291 0.941647 0.836354 0.912511 0.997904 0.991693 0.934665 0.972255 0.865082 0.897678 0.890218 0.987157 0.921373 0.805514 0.683665 0.676065 0.856155 0.762793 0.654480 0.927539 0.912428 0.688608 0.823490 0.903136 0.923298 0.770444 0.868156 0.715188 0.887893 0.890254 0.974960 0.896086 0.969043 0.999952 0.995068 0.926175 0.922137 0.986130 0.816770 0.734539 0.919162 0.845597 0.736496 0.873332 0.811051 0.864074 0.873700 0.998784 0.861082 0.934689 0.901101 0.967366 0.695876 0.735292 0.741769 0.982653 0.950631 0.893706 0.963172 0.939463 0.834183 0.786099 0.978468 0.910179 0.995692 0.779775 0.747599 0.820039 0.805675 0.907856
0.671352 0.750140 0.980999 0.678966 0.941168 0.851173 0.665834 0.483008 0.959999 0.598212 0.552385 0.507014 0.994977 0.756117 0.915559 0.897832 0.642420 0.577939 0.613271 0.535022 0.926531 0.762408 0.903966 0.942262 0.729952 0.814714 0.964294 0.789734 0.000000 0.378177 0.679794 0.640709 0.655073 0.436185 0.939656 0.885010 0.884383 0.987020 0.846778 0.760291 0.934846 0.973833 0.961183 0.956681 0.897309 0.892145 0.861303 0.815608 0.983661 0.998267 0.936287 0.984154 0.991131 0.830139 0.927469 0.863393 0.738539 0.845410 0.821887 0.711320 0.591537 0.542612 0.516932 0.536994 0.669974 0.795334 0.746460 0.714695 0.996830 0.846847 0.800921 0.812459 0.758232 0.632057 0.838455 0.902797 0.939989 0.798132 0.937613 0.900415 0.709512 0.715051 0.900381 0.735509 0.912287 0.933243 0.935819 0.987421 0.906916 0.867088 0.848166 0.845233 0.969990 0.756048 0.674373 0.923269 0.855422 0.963090 0.735789 0.736569 0.664217 0.828942 0.707160 0.777882 0.973631 0.831062 0.927486 0.861437 0.937141 0.800005 0.785139 0.751874 0.743241 0.786140 0.959135 0.848421
0.681365 0.666750 0.979866 0.650617 0.885208 0.851452 0.686964 0.446953 0.902919 0.557186 0.532843 0.464911 0.933364 0.729704 0.874237 0.834409 0.619508 0.506899 0.605799 0.527838 0.955114 0.810473 0.885835 0.894176 0.737627 0.757409 0.920384 0.785774 0.378177 0.000000 0.633628 0.612515 0.573532 0.392650 0.873851 0.986024 0.864633 0.880046 0.903046 0.832246 0.907393 0.999690 0.862440 0.916922 0.952221 0.945018 0.954297 0.876183 0.933059 0.971552 0.872916 0.946634 0.941494 0.819792 0.957848 0.861157 0.662313 0.788393 0.810461 0.629256 0.593890 0.511627 0.528755 0.492678 0.656640 0.735808 0.760456 0.670675 0.946505 0.753895 0.794317 0.817713 0.681897 0.624388 0.977189 0.882830 0.969844 0.751500 0.952591 0.957124 0.678944 0.725350 0.793466 0.741837 0.936195 0.936457 0.996688 0.975053 0.909873 0.868079 0.852921 0.808023 0.962974 0.703945 0.720250 0.926245 0.834686 0.992336 0.794824 0.704508 0.750196 0.855463 0.722427 0.780692 0.898676 0.828986 0.962608 0.924219 0.947107 0.815125 0.862818 0.744532 0.758438 0.881003 0.934116 0.882490
0.853341 0.730488 0.830847 0.666018 0.887471 0.933395 0.790456 0.799891 0.972603 0.931761 0.859704 0.989433 0.725716 0.921973 0.878472 0.973375 0.866909 0.792608 0.738107 0.642607 0.928130 0.869568 0.748211 0.801582 0.840005 0.737133 0.946437 0.911242 0.679794 0.633628 0.000000 0.485307 0.692654 0.687910 0.929434 0.719244 0.948196 0.716503 0.874417 0.790184 0.959487 0.982707 0.873735 0.802683 0.904641 0.881325 0.944132 0.864362 0.983763 0.790104 0.796912 0.642053 0.713436 0.656484 0.783301 0.926253 0.743096 0.787461 0.873630 0.687676 0.934407 0.843564 0.889636 0.846232 0.967553 0.851253 0.678997 0.596041 0.983857 0.960593 0.642895 0.690327 0.610493 0.561085 0.847954 0.821784 0.929389 0.747667 0.889612 0.721815 0.948202 0.986714 0.834741 0.943619 0.913622 0.931794 0.941017 0.952719 0.883135 0.965909 0.695565 0.844471 0.767634 0.822501 0.762898 0.851721 0.964745 0.977295 0.791952 0.655793 0.771557 0.951436 0.838157 0.834098 0.760161 0.825122 0.808318 0.856026 0.969671 0.842909 0.914394 0.793187 0.715733 0.929621 0.771509 0.975684
0.908333 0.787419 0.934498 0.694440 0.923172 0.981458 0.894332 0.832086 0.937972 0.937058 0.945372 0.896782 0.889174 0.723541 0.921536 0.776894 0.939328 0.825735 0.593837 0.687478 0.924523 0.714409 0.573381 0.628012 0.925088 0.932422 0.931440 0.871939 0.640709 0.612515 0.485307 0.000000 0.721576 0.801543 0.885981 0.725099 0.806500 0.990039 0.837397 0.676713 0.930693 0.912681 0.917565 0.848783 0.867665 0.891777 0.981395 0.820033 0.991202 0.789607 0.912892 0.783653 0.703214 0.755120 0.919752 0.922912 0.827690 0.907227 0.927664 0.836140 0.980946 0.941566 0.920412 0.924370 0.992678 0.946245 0.947971 0.794885 0.996486 0.950520 0.563954 0.684489 0.626845 0.501574 0.986341 0.862342 0.788204 0.780481 0.935975 0.675981 0.965592 0.981920 0.767618 0.958707 0.890877 0.964943 0.871951 0.800193 0.801261 0.994692 0.763236 0.879848 0.806740 0.897148 0.810960 0.843245 0.985367 0.892839 0.839071 0.692728 0.836471 0.982318 0.890075 0.860297 0.813210 0.844939 0.937731 0.996160 0.931879 0.944600 0.825286 0.897126 0.703808 0.973092 0.804451 0.984979
0.491999 0.615133 0.758694 0.582218 0.997780 0.851060 0.661781 0.631128 0.867735 0.722567 0.627923 0.746724 0.860645 0.921736 0.917191 0.931714 0.645006 0.500489 0.638626 0.506527 0.883533 0.964948 0.864358 0.943484 0.954677 0.991825 0.986163 0.949701 0.655073 0.573532 0.692654 0.721576 0.000000 0.587495 0.836959 0.998304 0.726654 0.759963 0.929327 0.944402 0.852717 0.835838 0.978015 0.882746 0.895700 0.819182 0.708698 0.737138 0.880157 0.740965 0.800696 0.699109 0.788200 0.916056 0.848099 0.817396 0.508086 0.580645 0.571825 0.506943 0.702912 0.687557 0.656571 0.598707 0.918835 0.834407 0.630772 0.680396 0.755552 0.668760 0.805593 0.801594 0.713556 0.720659 0.945237 0.950772 0.845327 0.755225 0.780043 0.830221 0.622500 0.602126 0.749434 0.604089 0.793148 0.905320 0.982400 0.982293 0.988675 0.639513 0.657443 0.950296 0.829471 0.998554 0.893007 0.794630 0.632582 0.941426 0.718148 0.668223 0.797293 0.991098 0.670741 0.726681 0.679824 0.708753 0.956094 0.815801 0.846457 0.661600 0.948118 0.689049 0.643955 0.833272 0.812038 0.954624
0.530671 0.611861 0.968574 0.636672 0.981235 0.855737 0.527100 0.346275 0.963321 0.484508 0.422219 0.444501 0.913977 0.911785 0.803082 0.995970 0.534452 0.478934 0.553670 0.510483 0.955928 0.829437 0.997981 0.942756 0.675365 0.774347 0.747135 0.696566 0.436185 0.392650 0.687910 0.801543 0.587495 0.000000 0.845847 0.995084 0.940526 0.946028 0.911006 0.897057 0.838282 0.932692 0.969015 0.975407 0.823459 0.786687 0.880318 0.769550 0.899100 0.932051 0.940845 0.997484 0.978812 0.798821 0.838132 0.816729 0.649706 0.697039 0.655455 0.563993 0.468278 0.429535 0.427491 0.375152 0.616972 0.789884 0.719863 0.619631 0.869397 0.683862 0.809219 0.821960 0.805809 0.706748 0.996869 0.950322 0.983578 0.737053 0.973668 0.970056 0.598060 0.606516 0.861011 0.647894 0.940923 0.964496 0.974618 0.873300 0.971740 0.779483 0.717293 0.905678 0.847654 0.761793 0.651986 0.924759 0.821863 0.945591 0.634994 0.618761 0.703625 0.940847 0.569476 0.711177 0.847508 0.725568 0.966004 0.988745 0.916139 0.787404 0.908990 0.633792 0.735013 0.771727 0.966033 0.851135
0.771354 0.833117 0.772315 0.864361 0.992373 0.902892 0.974661 0.946142 0.945440 0.997668 0.851210 0.870813 0.925930 0.878221 0.912049 0.995636 0.837495 0.795681 0.867792 0.831071 0.934075 0.973549 0.932453 0.971773 0.903940 0.880982 0.896684 0.978269 0.939656 0.873851 0.929434 0.885981 0.836959 0.845847 0.000000 0.967988 0.892120 0.862691 0.871718 0.974651 0.769695 0.755782 0.994714 0.931547 0.961554 0.933871 0.941942 0.877132 0.907686 0.883457 0.890921 0.885207 0.959906 0.971167 0.938706 0.879448 0.783350 0.781257 0.831368 0.877221 0.953970 0.984976 0.802459 0.791557 0.839930 0.983000 0.815575 0.903824 0.863610 0.860402 0.968841 0.910534 0.933851 0.911598 0.905468 0.773543 0.970516 0.956330 0.969267 0.879905 0.831674 0.911112 0.817343 0.824409 0.903633 0.899842 0.821361 0.977681 0.894418 0.774363 0.948357 0.928573 0.940734 0.949810 0.868657 0.965157 0.997558 0.924701 0.922395 0.883356 0.938872 0.934109 0.882252 0.973423 0.841136 0.751286 0.928660 0.858699 0.990747 0.994941 0.857765 0.954393 0.990039 0.906514 0.998044 0.980140
0.986553 0.965021 0.978439 0.890660 0.898237 0.968606 0.968189 0.932735 0.877978 0.897499 0.980982 0.889867 0.890356 0.995077 0.964836 0.985754 0.951006 0.993123 0.861692 0.916656 0.982650 0.854434 0.855766 0.950728 0.823815 0.806011 0.975000 0.983724 0.885010 0.986024 0.719244 0.725099 0.998304 0.995084 0.967988 0.000000 0.959857 0.913005 0.871303 0.776690 0.926862 0.913966 0.775695 0.814422 0.783677 0.795095 0.956217 0.824887 0.831073 0.712284 0.801631 0.734826 0.677015 0.671887 0.885802 0.935941 0.976056 0.996746 0.984837 0.927577 0.856805 0.867805 0.957974 0.912090 0.932914 0.894082 0.897326 0.817069 0.889863 0.947872 0.808692 0.838983 0.937603 0.811438 0.905489 0.900587 0.886937 0.921560 0.876471 0.832208 0.906261 0.910431 0.913159 0.899908 0.991710 0.903977 0.919313 0.992931 0.800722 0.981280 0.777984 0.783115 0.777947 0.730150 0.877238 0.942972 0.970158 0.796889 0.833515 0.817249 0.874867 0.968092 0.886775 0.868774 0.992751 0.961345 0.923427 0.901118 0.994575 0.934154 0.921329 0.915392 0.849211 0.990015 0.911090 0.995560
0.604755 0.724698 0.633797 0.722213 0.939002 0.991305 0.832553 0.997876 0.963214 0.946520 0.896042 0.918123 0.948567 0.834156 0.936358 0.843889 0.828615 0.708718 0.923988 0.771930 0.917617 0.800598 0.953059 0.903965 0.788925 0.791537 0.920799 0.813322 0.884383 0.864633 0.948196 0.806500 0.726654 0.940526 0.892120 0.959857 0.000000 0.486650 0.823316 0.710526 0.785658 0.693148 0.799012 0.807754 0.946129 0.879485 0.765617 0.776532 0.792648 0.694236 0.648650 0.598679 0.735898 0.807923 0.721390 0.668772 0.593274 0.565022 0.589085 0.741359 0.971797 0.939528 0.926917 0.867028 0.844808 0.888875 0.723339 0.949400 0.592754 0.688760 0.912878 0.822307 0.971213 0.886392 0.934856 0.831172 0.980635 0.797021 0.802960 0.904681 0.726404 0.705110 0.822319 0.661203 0.710615 0.936743 0.979691 0.933779 0.798922 0.597308 0.785383 0.825732 0.746777 0.799828 0.914045 0.865534 0.688166 0.789774 0.807274 0.868966 0.939061 0.877646 0.629374 0.767980 0.692434 0.683082 0.845995 0.667540 0.896218 0.771102 0.899480 0.904870 0.906129 0.945860 0.783373 0.806108
0.726285 0.697114 0.706470 0.791471 0.743306 0.951630 0.900284 0.945598 0.938135 0.868990 0.995096 0.850844 0.904591 0.944255 0.957435 0.912772 0.942231 0.848770 0.906089 0.775529 0.861316 0.782973 0.916631 0.992777 0.710667 0.653467 0.984622 0.784630 0.987020 0.880046 0.716503 0.990039 0.759963 0.946028 0.862691 0.913005 0.486650 0.000000 0.974692 0.826517 0.819879 0.761739 0.746413 0.730501 0.920480 0.865420 0.789727 0.791828 0.817972 0.685280 0.607210 0.547754 0.675495 0.688554 0.915993 0.872342 0.633672 0.671067 0.709070 0.771010 0.911981 0.930983 0.947225 0.981027 0.790533 0.983383 0.701495 0.855697 0.763032 0.846412 0.830592 0.721800 0.945694 0.923173 0.866036 0.962569 0.989894 0.850644 0.847041 0.710110 0.888778 0.865916 0.944252 0.802401 0.876122 0.927124 0.976722 0.993374 0.839129 0.778186 0.816622 0.772719 0.701708 0.726415 0.894965 0.782896 0.716144 0.894472 0.841383 0.832814 0.932809 0.842699 0.846942 0.846175 0.693562 0.686347 0.747377 0.637738 0.977011 0.677239 0.931740 0.935723 0.891240 0.841972 0.769648 0.866239
