0.000000 0.262185 0.727969 0.720130 0.872979 0.827384 0.978677 0.478934 0.904892 0.757496 0.400060 0.325050 0.521257 0.428896 0.877346 0.830368 0.429342 0.387093 0.431701 0.316658 0.940433 0.940799 0.828496 0.962053 0.745610 0.822834 0.906943 0.982687 0.392704 0.482155 0.866872 0.904792 0.822771 0.600905 0.809576 0.677009 0.809436 0.984386 0.947956 0.933640 0.805259 0.850938 0.853002 0.770541 0.991961 0.619729 0.804724 0.712464 0.286654 0.318867 0.295151 0.304807 0.356788 0.441961 0.663901 0.425425 0.389365 0.320626 0.370302 0.314187 0.673388 0.354530 0.476268 0.352417 0.667855 0.957919 0.660968 0.730275 0.482502 0.468824 0.700269 0.770355 0.604609 0.582091 0.865431 0.777014 0.563643 0.800771 0.772197 0.640172 0.429719 0.440769 0.683173 0.841029 0.761753 0.856323 0.839507 0.993894 0.915751 0.813993 0.939853 0.666172 0.725860 0.580850 0.962075 0.918972 0.872084 0.733710 0.721635 0.766719 0.785348 0.896796 0.617954 0.695921 0.785168 0.987436 0.883581 0.915464 0.941509 0.920186 0.936658 0.946989 0.598465 0.958215 0.971375 0.756787
0.262185 0.000000 0.736899 0.703669 0.824745 0.785221 0.936585 0.451866 0.879044 0.673822 0.444717 0.324578 0.591897 0.431306 0.872693 0.795412 0.379106 0.323960 0.364951 0.271809 0.934866 0.908357 0.877934 0.961287 0.792541 0.884712 0.920641 0.998937 0.363002 0.403156 0.983574 0.941759 0.737833 0.573271 0.820228 0.649269 0.864430 0.937731 0.930638 0.999060 0.822672 0.873189 0.877945 0.718492 0.991404 0.598884 0.761752 0.659238 0.290392 0.280931 0.274895 0.285934 0.363603 0.398564 0.606982 0.426264 0.314900 0.260069 0.479885 0.369146 0.768810 0.391041 0.472958 0.317785 0.617034 0.934961 0.588383 0.725236 0.494593 0.418717 0.837830 0.906016 0.549451 0.544992 0.779129 0.800344 0.538032 0.709682 0.687976 0.485173 0.310205 0.343727 0.677996 0.736168 0.799347 0.821386 0.819893 0.940861 0.999010 0.852583 0.954766 0.663486 0.687921 0.581704 0.965627 0.881642 0.902297 0.713307 0.755854 0.779635 0.780044 0.898105 0.601348 0.716010 0.754570 0.996425 0.870862 0.967904 0.952547 0.964062 0.946551 0.972479 0.647754 0.902855 0.978470 0.751681
0.727969 0.736899 0.000000 0.630630 0.770198 0.909365 0.523009 0.929091 0.718913 0.999102 0.735600 0.654501 0.968391 0.786218 0.757903 0.929502 0.887085 0.935406 0.837173 0.697454 0.865872 0.903175 0.551025 0.854397 0.572317 0.419715 0.987884 0.951217 0.759173 0.805082 0.530172 0.635873 0.630199 0.907446 0.583451 0.664696 0.726479 0.840135 0.870462 0.844859 0.958001 0.926456 0.498570 0.787091 0.648767 0.862142 0.838688 0.724023 0.796503 0.688954 0.832072 0.813578 0.874525 0.945571 0.960480 0.846661 0.700047 0.692461 0.744163 0.684592 0.820759 0.788152 0.869709 0.778086 0.360565 0.552329 0.509006 0.470105 0.689259 0.635048 0.783852 0.775164 0.896800 0.898241 0.968161 0.977229 0.839044 0.921762 0.912950 0.963553 0.929022 0.913085 0.935037 0.902961 0.638562 0.696690 0.838907 0.974150 0.806244 0.843891 0.615264 0.671918 0.539604 0.713954 0.862354 0.951348 0.834271 0.587831 0.802245 0.739059 0.906070 0.707593 0.925062 0.978357 0.840961 0.669440 0.807708 0.852520 0.991230 0.898680 0.691724 0.865929 0.941463 0.918118 0.674119 0.902399
0.720130 0.703669 0.630630 0.000000 0.962169 0.902654 0.728658 0.709806 0.969566 0.876301 0.862136 0.751016 0.627306 0.632832 0.687134 0.800337 0.705247 0.703604 0.726537 0.725271 0.986409 0.987123 0.681072 0.716913 0.861528 0.745278 0.887683 0.938700 0.834802 0.837128 0.884223 0.841837 0.615497 0.702807 0.949127 0.944380 0.899632 0.863057 0.995021 0.897135 0.977950 0.957372 0.948013 0.798829 0.897350 0.741745 0.880034 0.577259 0.772830 0.776430 0.658592 0.693238 0.659357 0.697761 0.750366 0.761349 0.774994 0.719693 0.711720 0.795623 0.645048 0.734811 0.806806 0.710217 0.689396 0.601045 0.942416 0.861517 0.801115 0.777386 0.909329 0.864541 0.933114 0.982239 0.826446 0.825955 0.945507 0.848723 0.715464 0.712983 0.707478 0.636323 0.630208 0.673034 0.547418 0.520791 0.893353 0.761839 0.696501 0.712107 0.841736 0.854547 0.996847 0.844115 0.917278 0.979873 0.745745 0.907641 0.802386 0.734019 0.924335 0.760946 0.770515 0.909590 0.709842 0.785570 0.811538 0.930526 0.937134 0.965645 0.844776 0.977565 0.823179 0.886836 0.949419 0.869538
0.872979 0.824745 0.770198 0.962169 0.000000 0.932651 0.847258 0.942335 0.838359 0.938429 0.862003 0.848345 0.984495 0.857257 0.891191 0.970211 0.770791 0.847843 0.749836 0.793215 0.865015 0.979982 0.821000 0.918851 0.960927 0.955806 0.984587 0.964168 0.884409 0.944476 0.948093 0.978099 0.994961 0.955666 0.912070 0.903660 0.931856 0.884817 0.903216 0.970597 0.966174 0.984525 0.841842 0.947373 0.963386 0.988265 0.831416 0.976446 0.891102 0.846802 0.874641 0.872032 0.857084 0.873034 0.787799 0.848260 0.852120 0.847487 0.946383 0.946072 0.880005 0.940632 0.964064 0.890301 0.732292 0.777513 0.781354 0.773709 0.817985 0.815911 0.865478 0.879532 0.924616 0.866536 0.968705 0.936168 0.787894 0.985267 0.990323 0.893841 0.832116 0.736173 0.928810 0.843993 0.855571 0.818141 0.946790 0.984630 0.864695 0.931333 0.816810 0.760806 0.785785 0.798268 0.943481 0.891125 0.949679 0.855768 0.937496 0.971576 0.913317 0.896261 0.989921 0.940303 0.837061 0.854935 0.974375 0.797247 0.921579 0.965268 0.851140 0.904294 0.898145 0.990782 0.867234 0.871350
0.827384 0.785221 0.909365 0.902654 0.932651 0.000000 0.966763 0.662499 0.923709 0.827430 0.857242 0.706482 0.737623 0.661577 0.766912 0.680857 0.938015 0.905660 0.880085 0.856190 0.844463 0.969041 0.974226 0.960797 0.750547 0.976377 0.984378 0.965670 0.730566 0.784744 0.934214 0.868057 0.811014 0.800788 0.894286 0.989401 0.863161 0.972620 0.967405 0.939907 0.794552 0.837379 0.915262 0.732227 0.976056 0.794686 0.973778 0.963157 0.821573 0.763968 0.803698 0.769105 0.946335 0.780908 0.896463 0.989202 0.943326 0.860281 0.911962 0.724869 0.836879 0.702217 0.759957 0.746277 0.929061 0.752053 0.945364 0.955058 0.868834 0.955781 0.997388 0.999962 0.963293 0.966084 0.730817 0.869891 0.802081 0.804683 0.977500 0.901359 0.887433 0.857850 0.882870 0.876376 0.929339 0.843023 0.987838 0.964969 0.927773 0.938342 0.905658 0.901729 0.983320 0.993206 0.982003 0.931678 0.943708 0.903403 0.921370 0.867052 0.782715 0.899061 0.988500 0.926346 0.857449 0.931624 0.999756 0.806124 0.819887 0.758752 0.887854 0.993491 0.963935 0.928014 0.967666 0.955985
0.978677 0.936585 0.523009 0.728658 0.847258 0.966763 0.000000 0.553458 0.486175 0.528025 0.760378 0.930900 0.725900 0.938294 0.817131 0.913562 0.743626 0.788662 0.951684 0.956112 0.845468 0.928633 0.928575 0.787680 0.933057 0.820109 0.691852 0.868202 0.828511 0.807630 0.728240 0.695728 0.538498 0.585149 0.744708 0.793239 0.957606 0.948174 0.964190 0.942461 0.880325 0.924737 0.371464 0.477468 0.365233 0.578199 0.750941 0.581805 0.985011 0.798249 0.970004 0.897622 0.891746 0.982321 0.945388 0.979958 0.966578 0.834351 0.931376 0.879321 0.438938 0.750555 0.709476 0.825518 0.641420 0.491624 0.416327 0.349188 0.744122 0.700099 0.888093 0.706827 0.900311 0.978702 0.907882 0.997321 0.899574 0.951372 0.789222 0.965700 0.894393 0.983330 0.945477 0.929668 0.787700 0.949196 0.937625 0.854642 0.941449 0.930518 0.483015 0.626407 0.544231 0.622262 0.878014 0.901315 0.693614 0.595942 0.448521 0.452368 0.595052 0.566245 0.768949 0.791214 0.831386 0.768183 0.727193 0.605894 0.881535 0.950447 0.593144 0.570736 0.681666 0.919591 0.727247 0.935741
0.478934 0.451866 0.929091 0.709806 0.942335 0.662499 0.553458 0.000000 0.698503 0.377774 0.337116 0.350179 0.501712 0.543315 0.832155 0.821786 0.356881 0.412351 0.538747 0.477371 0.752153 0.986565 0.809259 0.742331 0.561266 0.822196 0.809931 0.886131 0.359606 0.333569 0.943378 0.863246 0.612712 0.429814 0.883016 0.812054 0.793751 0.988826 0.851999 0.929865 0.908728 0.978219 0.737583 0.456004 0.636624 0.401691 0.746393 0.550892 0.472271 0.574317 0.492863 0.547864 0.665439 0.589960 0.862083 0.677988 0.527918 0.561400 0.527098 0.554186 0.423944 0.292317 0.315617 0.307621 0.805925 0.742040 0.986502 0.827440 0.875970 0.776481 0.904701 0.919171 0.656812 0.665204 0.703295 0.869666 0.569900 0.777026 0.689813 0.737670 0.463898 0.550459 0.778744 0.862707 0.879136 0.984004 0.885382 0.885693 0.943757 0.937518 0.715378 0.953417 0.996966 0.966524 0.948866 0.797156 0.780156 0.995283 0.477643 0.526748 0.529896 0.645659 0.628864 0.632073 0.782647 0.841718 0.971204 0.764540 0.920328 0.995838 0.705063 0.685165 0.548637 0.978937 0.874677 0.778561
0.904892 0.879044 0.718913 0.969566 0.838359 0.923709 0.486175 0.698503 0.000000 0.614380 0.889621 0.985117 0.894935 0.859118 0.839188 0.999223 0.868883 0.969800 0.919296 0.873017 0.932834 0.961591 0.969366 0.729552 0.898907 0.882392 0.736271 0.840658 0.904278 0.840589 0.648914 0.741378 0.819943 0.808727 0.821824 0.927143 0.891271 0.981853 0.917401 0.887395 0.822648 0.874263 0.497102 0.562055 0.519086 0.621211 0.858319 0.751587 0.995775 0.854001 0.987348 0.957913 0.930560 0.996675 0.826147 0.986446 0.954296 0.840832 0.944410 0.910566 0.667753 0.795842 0.827105 0.914480 0.774340 0.653094 0.591983 0.527537 0.761890 0.754376 0.904307 0.785640 0.902097 0.937672 0.946620 0.926438 0.922557 0.971529 0.989225 0.809585 0.993754 0.945531 0.914671 0.888504 0.946019 0.950990 0.837831 0.762681 0.987099 0.923772 0.718827 0.674212 0.662974 0.667442 0.814083 0.982580 0.866461 0.868433 0.609190 0.669470 0.637136 0.784466 0.949687 0.792038 0.803907 0.724422 0.775340 0.720363 0.984274 0.886669 0.686714 0.760468 0.731103 0.794973 0.757739 0.984847
0.757496 0.673822 0.999102 0.876301 0.938429 0.827430 0.528025 0.377774 0.614380 0.000000 0.491511 0.570989 0.769687 0.862539 0.987770 0.942697 0.484079 0.525373 0.802847 0.721215 0.847864 0.942550 0.680224 0.593096 0.652144 0.852741 0.665497 0.841353 0.486138 0.462680 0.868390 0.799066 0.666372 0.598381 0.971619 0.918806 0.972268 0.912773 0.923580 0.972129 0.952732 0.990773 0.647297 0.432015 0.508707 0.440463 0.791824 0.620764 0.655566 0.838305 0.701617 0.810428 0.854823 0.808950 0.866625 0.731145 0.631824 0.777975 0.756957 0.861713 0.547316 0.501247 0.525481 0.490671 0.819943 0.846244 0.864886 0.778862 0.942804 0.912499 0.976243 0.670307 0.704958 0.769171 0.804756 0.908718 0.710729 0.761296 0.757565 0.788738 0.602302 0.714054 0.914458 0.856074 0.918040 0.810382 0.984460 0.862049 0.863391 0.827122 0.727855 0.885267 0.928577 0.821135 0.949216 0.877587 0.764567 0.829359 0.463399 0.441995 0.678406 0.669091 0.733912 0.608337 0.895052 0.970667 0.843441 0.698726 0.850372 0.970360 0.769856 0.598483 0.638674 0.966362 0.945038 0.807494
0.400060 0.444717 0.735600 0.862136 0.862003 0.857242 0.760378 0.337116 0.889621 0.491511 0.000000 0.348477 0.577821 0.582250 0.960186 0.926956 0.353554 0.389827 0.519747 0.414030 0.736905 0.966780 0.574287 0.639936 0.525996 0.694941 0.862814 0.851674 0.314060 0.363232 0.863782 0.950901 0.744498 0.574584 0.813800 0.716984 0.774890 0.997663 0.871793 0.988048 0.920911 0.905088 0.931463 0.663807 0.799727 0.521126 0.819671 0.715397 0.428334 0.513531 0.483773 0.529417 0.594724 0.584515 0.742938 0.617839 0.451383 0.492840 0.427004 0.529043 0.559514 0.338113 0.333429 0.331401 0.572839 0.933345 0.853088 0.926496 0.708457 0.681396 0.716670 0.922160 0.595373 0.590737 0.821659 0.890154 0.604911 0.798875 0.676362 0.744545 0.489412 0.573133 0.908564 0.881667 0.956767 0.833467 0.792803 0.870033 0.902526 0.935023 0.837118 0.892591 0.873979 0.849084 0.989687 0.830067 0.819166 0.881266 0.552749 0.647648 0.687035 0.750890 0.712809 0.577520 0.894060 0.995087 0.912535 0.823631 0.953271 0.928940 0.936398 0.885928 0.580834 0.832092 0.943522 0.748600
0.325050 0.324578 0.654501 0.751016 0.848345 0.706482 0.930900 0.350179 0.985117 0.570989 0.348477 0.000000 0.411774 0.335582 0.822098 0.671343 0.361212 0.395939 0.427840 0.322162 0.783936 0.975557 0.790335 0.899125 0.544675 0.670415 0.971050 0.935523 0.355948 0.366721 0.789745 0.887223 0.776269 0.577930 0.715086 0.671337 0.728720 0.924413 0.814709 0.953909 0.971020 0.946966 0.875319 0.728124 0.996456 0.607604 0.859582 0.753368 0.414634 0.399591 0.368957 0.413860 0.502224 0.539402 0.749396 0.574300 0.410614 0.388672 0.395454 0.368203 0.565280 0.283913 0.350121 0.253884 0.632089 0.951243 0.694717 0.815713 0.623266 0.543672 0.745493 0.955649 0.651949 0.693293 0.766996 0.763474 0.566919 0.750165 0.797554 0.662300 0.443529 0.452017 0.711618 0.885958 0.880498 0.962712 0.867469 0.964902 0.928539 0.974290 0.944071 0.618408 0.648330 0.639409 0.926244 0.812434 0.925474 0.789586 0.660671 0.761003 0.702302 0.859436 0.678698 0.781374 0.855951 0.981915 0.913976 0.893252 0.933168 0.988167 0.975987 0.925245 0.615064 0.951838 0.982618 0.713482
0.521257 0.591897 0.968391 0.627306 0.984495 0.737623 0.725900 0.501712 0.894935 0.769687 0.577821 0.411774 0.000000 0.383475 0.541355 0.586751 0.544988 0.602245 0.559116 0.592014 0.755788 0.986346 0.867800 0.904332 0.734347 0.896654 0.918916 0.945159 0.583654 0.580960 0.963071 0.946195 0.698602 0.618898 0.888951 0.841817 0.744825 0.776477 0.795094 0.861984 0.930068 0.835406 0.960268 0.745888 0.999543 0.744682 0.825459 0.761106 0.665645 0.627634 0.549314 0.585775 0.636740 0.631868 0.881365 0.784545 0.695416 0.663929 0.508975 0.497877 0.437008 0.452022 0.470024 0.465819 0.920968 0.651819 0.978934 0.895788 0.933883 0.815721 0.771947 0.997855 0.873345 0.941755 0.846992 0.736971 0.725511 0.823517 0.850321 0.884652 0.679493 0.643915 0.698907 0.987820 0.660120 0.779453 0.946229 0.968224 0.920761 0.863283 0.763874 0.667571 0.861372 0.692265 0.889056 0.904991 0.878456 0.894272 0.648453 0.785554 0.591061 0.848665 0.719788 0.989979 0.787415 0.864654 0.991868 0.849175 0.970493 0.905761 0.902732 0.896452 0.684168 0.874810 0.785349 0.699366
0.428896 0.431306 0.786218 0.632832 0.857257 0.661577 0.938294 0.543315 0.859118 0.862539 0.582250 0.335582 0.383475 0.000000 0.632017 0.497868 0.530348 0.550391 0.453749 0.431633 0.822725 0.972636 0.913245 0.794704 0.751956 0.837213 0.846573 0.936559 0.550555 0.560769 0.849523 0.903002 0.807296 0.697686 0.768437 0.716219 0.690638 0.822351 0.731735 0.969592 0.990263 0.913712 0.778260 0.896206 0.776433 0.796983 0.894052 0.796689 0.558107 0.433177 0.406676 0.415438 0.510931 0.502874 0.767391 0.718699 0.599146 0.478095 0.504737 0.415796 0.662935 0.457091 0.510395 0.417696 0.844969 0.846248 0.648498 0.781310 0.732617 0.590523 0.733995 0.913389 0.817341 0.812390 0.769976 0.723320 0.742240 0.795573 0.769340 0.690656 0.545722 0.484937 0.661170 0.925040 0.720454 0.724379 0.879583 0.934921 0.969399 0.865743 0.988935 0.489880 0.569235 0.462081 0.873488 0.957403 0.960323 0.708826 0.865934 0.903759 0.824291 0.909692 0.786779 0.949805 0.820381 0.975435 0.894580 0.936477 0.992774 0.942283 0.951773 0.937254 0.805016 0.948544 0.934543 0.815669
0.877346 0.872693 0.757903 0.687134 0.891191 0.766912 0.817131 0.832155 0.839188 0.987770 0.960186 0.822098 0.541355 0.632017 0.000000 0.533305 0.897419 0.891354 0.799790 0.869338 0.946777 0.887204 0.562802 0.741066 0.922591 0.788722 0.812364 0.922512 0.925288 0.949574 0.787707 0.825719 0.687371 0.826836 0.844936 0.956211 0.910740 0.809805 0.843485 0.903323 0.865403 0.736946 0.860118 0.796751 0.966398 0.867339 0.917771 0.795952 0.937485 0.837442 0.817382 0.773627 0.845015 0.776645 0.997874 0.995413 0.952579 0.865869 0.872171 0.755389 0.717803 0.783027 0.784811 0.832442 0.604422 0.526601 0.809909 0.751879 0.900132 0.994558 0.950506 0.880243 0.991747 0.823414 0.868706 0.816458 0.873604 0.909101 0.844435 0.940825 0.923175 0.841566 0.731047 0.821929 0.608238 0.575805 0.938337 0.976229 0.846958 0.848744 0.761600 0.933821 0.984512 0.916983 0.945430 0.982569 0.993985 0.896923 0.867433 0.795125 0.719331 0.870007 0.964584 0.917332 0.833604 0.786459 0.929009 0.930392 0.961081 0.813505 0.983534 0.984951 0.990542 0.946895 0.677402 0.914661
0.830368 0.795412 0.929502 0.800337 0.970211 0.680857 0.913562 0.821786 0.999223 0.942697 0.926956 0.671343 0.586751 0.497868 0.533305 0.000000 0.893060 0.935380 0.788146 0.802379 0.955085 0.913409 0.768236 0.699751 0.921175 0.989075 0.863778 0.949957 0.914788 0.851026 0.996007 0.968964 0.916292 0.945198 0.941689 0.858165 0.848055 0.750852 0.902439 0.934148 0.854485 0.759131 0.898326 0.931312 0.697460 0.957335 0.997163 0.931438 0.949681 0.765971 0.795138 0.782025 0.921975 0.887746 0.986840 0.858429 0.857626 0.844130 0.870741 0.663363 0.892636 0.769695 0.802985 0.748090 0.900449 0.736187 0.851906 0.963991 0.974829 0.813456 0.931028 0.996490 0.939926 0.924083 0.855911 0.739024 0.951846 0.824889 0.972669 0.883080 0.878505 0.751699 0.801333 0.891337 0.734396 0.628162 0.915782 0.929923 0.904216 0.995353 0.904341 0.680996 0.721612 0.746872 0.966394 0.949134 0.878076 0.755073 0.926222 0.930128 0.794387 0.971259 0.969512 0.842304 0.929655 0.765430 0.796620 0.949472 0.989742 0.983486 0.979674 0.934048 0.954731 0.906398 0.846755 0.880703
0.429342 0.379106 0.887085 0.705247 0.770791 0.938015 0.743626 0.356881 0.868883 0.484079 0.353554 0.361212 0.544988 0.530348 0.897419 0.893060 0.000000 0.287691 0.418263 0.363563 0.877170 0.989485 0.785518 0.715977 0.680318 0.841467 0.873956 0.961712 0.342255 0.359692 0.980441 0.897759 0.591665 0.497479 0.863297 0.783586 0.894156 0.928633 0.902578 0.942715 0.960177 0.984207 0.913894 0.609885 0.794073 0.531430 0.706258 0.553592 0.425117 0.528792 0.417225 0.520559 0.551695 0.589602 0.594631 0.508910 0.372444 0.450306 0.478051 0.609746 0.573827 0.392348 0.365980 0.295105 0.721593 0.959146 0.827314 0.979209 0.669968 0.609527 0.863027 0.932759 0.593547 0.606094 0.749315 0.862669 0.604657 0.772799 0.633759 0.581560 0.332813 0.401689 0.728055 0.726832 0.807361 0.984852 0.870049 0.969197 0.889012 0.944677 0.902045 0.781864 0.823512 0.728401 0.900564 0.855691 0.876790 0.925149 0.495210 0.610771 0.755821 0.770552 0.573368 0.674345 0.824981 0.959976 0.926139 0.896283 0.972687 0.963651 0.872579 0.793828 0.591202 0.925042 0.924658 0.682976
0.387093 0.323960 0.935406 0.703604 0.847843 0.905660 0.788662 0.412351 0.969800 0.525373 0.389827 0.395939 0.602245 0.550391 0.891354 0.935380 0.287691 0.000000 0.357130 0.331477 0.947832 0.930118 0.870915 0.800677 0.766235 0.918056 0.891904 0.889151 0.322981 0.363352 0.969106 0.808617 0.557271 0.499425 0.923065 0.785708 0.952359 0.874298 0.904039 0.885015 0.788808 0.885098 0.925514 0.634323 0.797109 0.533432 0.714691 0.531775 0.396882 0.488677 0.414555 0.468932 0.526826 0.532477 0.545902 0.471928 0.369105 0.393647 0.523942 0.599186 0.646120 0.444062 0.403852 0.328973 0.721699 0.975739 0.805508 0.925818 0.587464 0.574609 0.882154 0.978921 0.460847 0.499005 0.799782 0.764175 0.572276 0.674902 0.533866 0.444888 0.287053 0.349687 0.654723 0.696110 0.805149 0.928863 0.858358 0.926750 0.908440 0.960271 0.851412 0.819265 0.819500 0.713641 0.895583 0.841024 0.847792 0.955601 0.545438 0.617887 0.768291 0.732592 0.570880 0.601975 0.728081 0.948068 0.976868 0.907667 0.904696 0.990345 0.905384 0.937191 0.580868 0.901083 0.930739 0.753203
0.431701 0.364951 0.837173 0.726537 0.749836 0.880085 0.951684 0.538747 0.919296 0.802847 0.519747 0.427840 0.559116 0.453749 0.799790 0.788146 0.418263 0.357130 0.000000 0.343071 0.924732 0.975948 0.966624 0.992755 0.841954 0.908521 0.946552 0.959960 0.456597 0.489371 0.991013 0.954199 0.642500 0.584122 0.849904 0.777089 0.848632 0.947420 0.814532 0.890758 0.825381 0.976942 0.906020 0.843040 0.982501 0.784178 0.746707 0.650940 0.526522 0.492345 0.487295 0.488794 0.559481 0.560538 0.529696 0.581156 0.433121 0.433008 0.560461 0.597919 0.781247 0.531252 0.519812 0.451131 0.747710 0.948633 0.720317 0.824669 0.583479 0.581331 0.909205 0.976829 0.552591 0.588033 0.833596 0.852043 0.555277 0.816425 0.643284 0.531726 0.401185 0.393543 0.678895 0.695422 0.762751 0.843521 0.821320 0.841456 0.940656 0.916034 0.941102 0.660244 0.722595 0.551784 0.880631 0.851106 0.933801 0.717119 0.790970 0.865696 0.828012 0.898100 0.666959 0.821992 0.854945 0.938420 0.958550 0.888768 0.927582 0.936038 0.949257 0.904026 0.736981 0.986514 0.977704 0.731216
0.316658 0.271809 0.697454 0.725271 0.793215 0.856190 0.956112 0.477371 0.873017 0.721215 0.414030 0.322162 0.592014 0.431633 0.869338 0.802379 0.363563 0.331477 0.343071 0.000000 0.919394 0.972861 0.884798 0.927978 0.776129 0.804625 0.940588 0.949766 0.384289 0.440897 0.844200 0.995927 0.767664 0.574691 0.803015 0.673057 0.855258 0.922344 0.922300 0.952180 0.843913 0.934617 0.828946 0.826584 0.931031 0.700126 0.870364 0.698710 0.358222 0.358721 0.367055 0.391048 0.461899 0.496564 0.610057 0.460229 0.364335 0.308399 0.502102 0.473948 0.801303 0.432641 0.497974 0.375587 0.603544 0.895698 0.612195 0.724049 0.500570 0.417187 0.836540 0.922281 0.526487 0.570009 0.834082 0.801773 0.483461 0.719149 0.656597 0.514004 0.344614 0.352086 0.635985 0.736698 0.817659 0.871253 0.777862 0.879045 0.914062 0.924353 0.958008 0.663945 0.677677 0.575516 0.885412 0.862682 0.946653 0.752255 0.747015 0.832656 0.851140 0.922892 0.663219 0.766247 0.797325 0.940293 0.915837 0.939879 0.907480 0.989732 0.969889 0.987935 0.685870 0.846407 0.977587 0.699826
0.940433 0.934866 0.865872 0.986409 0.865015 0.844463 0.845468 0.752153 0.932834 0.847864 0.736905 0.783936 0.755788 0.822725 0.946777 0.955085 0.877170 0.947832 0.924732 0.919394 0.000000 0.848087 0.875599 0.875950 0.819565 0.863847 0.973180 0.967227 0.857056 0.834864 0.906674 0.981372 0.881755 0.905449 0.934775 0.892447 0.693692 0.826615 0.790635 0.868498 0.693023 0.874131 0.981376 0.942302 0.957245 0.893370 0.849041 0.992257 0.996958 0.891342 0.945915 0.921107 0.932091 0.866220 0.854160 0.906297 0.954816 0.914015 0.781978 0.867913 0.775155 0.822777 0.737965 0.799146 0.910579 0.926898 0.901740 0.898222 0.878971 0.991200 0.992887 0.991136 0.927203 0.916385 0.930217 0.889551 0.839404 0.939269 0.896601 0.937577 0.986733 0.954079 0.920101 0.936552 0.841351 0.894613 0.877826 0.885598 0.887990 0.945444 0.788009 0.986394 0.994862 0.962691 0.971029 0.939528 0.934012 0.966418 0.925811 0.920147 0.863906 0.806975 0.944761 0.991624 0.897942 0.977737 0.898114 0.877589 0.860457 0.820644 0.884506 0.771803 0.903621 0.861628 0.921037 0.918056
0.940799 0.908357 0.903175 0.987123 0.979982 0.969041 0.928633 0.986565 0.961591 0.942550 0.966780 0.975557 0.986346 0.972636 0.887204 0.913409 0.989485 0.930118 0.975948 0.972861 0.848087 0.000000 0.954482 0.951428 0.868035 0.996248 0.997650 0.996784 0.971984 0.981379 0.919955 0.991452 0.916852 0.963898 0.999446 0.915114 0.899796 0.674724 0.986304 0.811639 0.806165 0.871138 0.960965 0.976827 0.996930 0.983345 0.928436 0.965264 0.899658 0.931359 0.886706 0.928445 0.951416 0.987693 0.991609 0.900139 0.942019 0.936479 0.985792 0.942310 0.920920 0.982355 0.964738 0.967454 0.960486 0.908382 0.921690 0.963324 0.999472 0.970311 0.971974 0.984757 0.999938 0.884829 0.945313 0.991905 0.990791 0.816963 0.918344 0.863621 0.916592 0.876987 0.932811 0.918943 0.917065 0.972664 0.899783 0.929782 0.968865 0.969914 0.985924 0.889470 0.977068 0.991662 0.991320 0.891545 0.941677 0.952541 0.977407 0.971516 0.996169 0.974112 0.935607 0.963283 0.960744 0.829615 0.880536 0.813750 0.915466 0.818137 0.937562 0.969422 0.940991 0.977397 0.930206 0.985166
0.828496 0.877934 0.551025 0.681072 0.821000 0.974226 0.928575 0.809259 0.969366 0.680224 0.574287 0.790335 0.867800 0.913245 0.562802 0.768236 0.785518 0.870915 0.966624 0.884798 0.875599 0.954482 0.000000 0.427214 0.596042 0.581896 0.761315 0.867544 0.692695 0.690783 0.769304 0.831660 0.818041 0.921977 0.775091 0.755871 0.891272 0.912401 0.899929 0.951870 0.897436 0.854131 0.963237 0.883833 0.878139 0.798410 0.940928 0.931962 0.780065 0.880058 0.910094 0.971628 0.968606 0.961566 0.959369 0.852648 0.729351 0.851734 0.782520 0.892373 0.962027 0.765995 0.739478 0.731937 0.428509 0.619655 0.794317 0.806189 0.868056 0.881145 0.843849 0.956090 0.942388 0.852878 0.937331 0.911966 0.850574 0.940570 0.997368 0.957132 0.892222 0.995284 0.719136 0.955755 0.528081 0.474882 0.892816 0.737632 0.840262 0.771563 0.856374 0.978110 0.865117 0.944432 0.947744 0.893962 0.986123 0.973619 0.880671 0.978701 0.991701 0.988663 0.990374 0.639446 0.840668 0.796153 0.843019 0.849603 0.889381 0.944219 0.877665 0.917162 0.837811 0.840075 0.797953 0.958956
0.962053 0.961287 0.854397 0.716913 0.918851 0.960797 0.787680 0.742331 0.729552 0.593096 0.639936 0.899125 0.904332 0.794704 0.741066 0.699751 0.715977 0.800677 0.992755 0.927978 0.875950 0.951428 0.427214 0.000000 0.683215 0.794846 0.668991 0.859993 0.693009 0.678045 0.997485 0.848952 0.879667 0.753194 0.970222 0.931668 0.952744 0.879728 0.845590 0.905394 0.945846 0.950643 0.758009 0.700177 0.633323 0.667683 0.918494 0.916435 0.839905 0.998069 0.989724 0.946070 0.917482 0.953916 0.945353 0.882748 0.787981 0.948775 0.897232 0.947605 0.859588 0.800671 0.692962 0.779320 0.671679 0.802858 0.909117 0.838127 0.973491 0.988340 0.941908 0.939840 0.807844 0.830742 0.922647 0.902789 0.744489 0.944573 0.878708 0.971715 0.850596 0.995198 0.768378 0.969499 0.663585 0.501158 0.930446 0.669664 0.788027 0.840932 0.910767 0.792060 0.863378 0.792144 0.955521 0.947307 0.984305 0.911579 0.621570 0.845172 0.868025 0.846188 0.970030 0.689765 0.956349 0.887079 0.988760 0.743778 0.902078 0.935522 0.970021 0.768933 0.830309 0.946850 0.992209 0.900343
0.745610 0.792541 0.572317 0.861528 0.960927 0.750547 0.933057 0.561266 0.898907 0.652144 0.525996 0.544675 0.734347 0.751956 0.922591 0.921175 0.680318 0.766235 0.841954 0.776129 0.819565 0.868035 0.596042 0.683215 0.000000 0.431055 0.669747 0.846022 0.594683 0.536969 0.697888 0.812767 0.973540 0.839628 0.746857 0.806609 0.663906 0.778760 0.906234 0.826187 0.889712 0.834933 0.941324 0.866354 0.986599 0.809590 0.896769 0.948940 0.773443 0.822509 0.830365 0.873960 0.946464 0.953883 0.989445 0.908866 0.752685 0.803475 0.583770 0.657727 0.638329 0.561360 0.508167 0.558983 0.576710 0.889502 0.858365 0.913448 0.983744 0.913722 0.656862 0.789781 0.858484 0.845179 0.873935 0.840039 0.846720 0.977255 0.912249 0.994168 0.855002 0.950445 0.926512 0.868144 0.721186 0.668352 0.961998 0.753570 0.747767 0.776026 0.946620 0.863395 0.823403 0.917889 0.971122 0.873131 0.940683 0.951962 0.758079 0.905561 0.824017 0.927834 0.894058 0.817857 0.920270 0.920767 0.928870 0.828412 0.930735 0.884189 0.952788 0.925018 0.796601 0.992100 0.892429 0.861106
0.822834 0.884712 0.419715 0.745278 0.955806 0.976377 0.820109 0.822196 0.882392 0.852741 0.694941 0.670415 0.896654 0.837213 0.788722 0.989075 0.841467 0.918056 0.908521 0.804625 0.863847 0.996248 0.581896 0.794846 0.431055 0.000000 0.851540 0.862198 0.783267 0.768036 0.420659 0.576900 0.713105 0.934939 0.656121 0.787279 0.625821 0.823499 0.781141 0.844393 0.909100 0.955658 0.626816 0.826274 0.803014 0.871798 0.908878 0.782616 0.897253 0.918501 0.962487 0.959136 0.918866 0.843273 0.994840 0.925255 0.792693 0.842799 0.633335 0.778115 0.888462 0.766071 0.780135 0.777481 0.536478 0.690277 0.748128 0.688632 0.860451 0.855694 0.669625 0.856110 0.919219 0.935263 0.975205 0.992696 0.905087 0.864001 0.920539 0.879421 0.958704 0.969214 0.890173 0.881547 0.671382 0.601634 0.845441 0.951716 0.798265 0.727340 0.670449 0.729390 0.654837 0.871048 0.858892 0.905249 0.942750 0.781661 0.956232 0.892438 0.916087 0.773085 0.941113 0.997279 0.890418 0.744200 0.876076 0.923242 0.995839 0.845099 0.956099 0.955599 0.968017 0.977607 0.816985 0.829737
0.906943 0.920641 0.987884 0.887683 0.984587 0.984378 0.691852 0.809931 0.736271 0.665497 0.862814 0.971050 0.918916 0.846573 0.812364 0.863778 0.873956 0.891904 0.946552 0.940588 0.973180 0.997650 0.761315 0.668991 0.669747 0.851540 0.000000 0.711840 0.813827 0.878291 0.932306 0.876575 0.850547 0.863199 0.733534 0.944766 0.991165 0.935603 0.963908 0.908980 0.989102 0.987468 0.722337 0.800210 0.677391 0.816414 0.966415 0.887552 0.985121 0.773937 0.927597 0.815191 0.823179 0.850522 0.943564 0.996683 0.952065 0.808368 0.988239 0.862305 0.753649 0.871640 0.834854 0.898133 0.893053 0.974271 0.743655 0.715558 0.878525 0.738435 0.941893 0.975255 0.861360 0.891320 0.976237 0.953666 0.897743 0.870954 0.898381 0.950287 0.978492 0.939000 0.846415 0.984190 0.846313 0.703186 0.944619 0.807811 0.771466 0.813175 0.885779 0.803026 0.803602 0.812244 0.930482 0.903079 0.913773 0.783619 0.658422 0.735056 0.850110 0.800419 0.943572 0.793542 0.943634 0.918344 0.979369 0.724006 0.847996 0.946526 0.821441 0.790650 0.794125 0.771955 0.885814 0.901692
0.982687 0.998937 0.951217 0.938700 0.964168 0.965670 0.868202 0.886131 0.840658 0.841353 0.851674 0.935523 0.945159 0.936559 0.922512 0.949957 0.961712 0.889151 0.959960 0.949766 0.967227 0.996784 0.867544 0.859993 0.846022 0.862198 0.711840 0.000000 0.862850 0.876141 0.925106 0.879278 0.972083 0.982246 0.929924 0.775707 0.853003 0.977929 0.978715 0.956572 0.875608 0.973181 0.848245 0.949609 0.864072 0.856963 0.921402 0.941422 0.974957 0.977895 0.969192 0.991893 0.956487 0.939046 0.984790 0.916052 0.945911 0.950120 0.981102 0.983016 0.931127 0.907288 0.919726 0.938942 0.890901 0.947802 0.994395 0.956097 0.930660 0.945715 0.902626 0.939274 0.817741 0.923802 0.947578 0.927482 0.916319 0.909270 0.978697 0.981406 0.949387 0.931692 0.929943 0.913386 0.810954 0.820838 0.889250 0.828275 0.823474 0.658328 0.938705 0.886247 0.889091 0.952702 0.875635 0.806499 0.933265 0.941678 0.988811 0.959681 0.996091 0.994252 0.963200 0.787574 0.991990 0.962700 0.960557 0.894622 0.796880 0.905786 0.877299 0.946875 0.934001 0.900839 0.941096 0.981853
0.392704 0.363002 0.759173 0.834802 0.884409 0.730566 0.828511 0.359606 0.904278 0.486138 0.314060 0.355948 0.583654 0.550555 0.925288 0.914788 0.342255 0.322981 0.456597 0.384289 0.857056 0.971984 0.692695 0.693009 0.594683 0.783267 0.813827 0.862850 0.000000 0.318910 0.957119 0.856042 0.624440 0.502128 0.846643 0.741479 0.835486 0.938769 0.889439 0.963451 0.856477 0.928331 0.908234 0.599985 0.789949 0.455382 0.744162 0.647328 0.379036 0.438008 0.388786 0.445139 0.511002 0.486033 0.673254 0.525897 0.427147 0.433649 0.460491 0.509735 0.587661 0.333177 0.352211 0.310102 0.601640 0.970638 0.787788 0.919948 0.731536 0.650388 0.782967 0.940259 0.508310 0.584785 0.791251 0.806592 0.507541 0.787019 0.659045 0.587219 0.412710 0.496769 0.782270 0.828358 0.956028 0.899341 0.879673 0.906702 0.908705 0.982738 0.817090 0.802115 0.873596 0.786206 0.853184 0.850269 0.867207 0.864641 0.552499 0.681583 0.684088 0.729186 0.653933 0.601552 0.787264 0.956500 0.964486 0.883577 0.904460 0.879237 0.923747 0.842571 0.567175 0.916620 0.918987 0.773725
0.482155 0.403156 0.805082 0.837128 0.944476 0.784744 0.807630 0.333569 0.840589 0.462680 0.363232 0.366721 0.580960 0.560769 0.949574 0.851026 0.359692 0.363352 0.489371 0.440897 0.834864 0.981379 0.690783 0.678045 0.536969 0.768036 0.878291 0.876141 0.318910 0.000000 0.931371 0.881822 0.670967 0.459588 0.803989 0.687518 0.887960 0.989898 0.906360 0.892021 0.884725 0.970598 0.848112 0.543424 0.769891 0.459391 0.727763 0.616886 0.453980 0.488489 0.463126 0.506836 0.590826 0.569377 0.731979 0.666357 0.417820 0.455675 0.537438 0.536470 0.591250 0.365518 0.322755 0.279293 0.603507 0.973683 0.748880 0.956845 0.811988 0.669055 0.866094 0.988807 0.646717 0.641316 0.819874 0.797101 0.600206 0.710099 0.668699 0.603051 0.420895 0.536340 0.845995 0.789613 0.968278 0.879733 0.845102 0.885725 0.830943 0.865846 0.881162 0.785287 0.801278 0.766182 0.963140 0.792610 0.893725 0.896968 0.587942 0.767287 0.621728 0.726664 0.654856 0.621045 0.852980 0.976138 0.883732 0.897100 0.968641 0.952350 0.862269 0.827529 0.536836 0.881927 0.973420 0.758099
0.866872 0.983574 0.530172 0.884223 0.948093 0.934214 0.728240 0.943378 0.648914 0.868390 0.863782 0.789745 0.963071 0.849523 0.787707 0.996007 0.980441 0.969106 0.991013 0.844200 0.906674 0.919955 0.769304 0.997485 0.697888 0.420659 0.932306 0.925106 0.957119 0.931371 0.000000 0.465430 0.676810 0.803758 0.764736 0.910671 0.704590 0.900344 0.902528 0.936687 0.978198 0.954341 0.476962 0.561181 0.642987 0.680860 0.758636 0.623779 0.988368 0.979616 0.976877 0.913782 0.930204 0.818028 0.997239 0.935540 0.978558 0.936931 0.666112 0.882719 0.994842 0.921108 0.994181 0.951122 0.731193 0.770283 0.836213 0.633245 0.730765 0.820951 0.715258 0.803929 0.903126 0.982663 0.871302 0.979358 0.969782 0.759289 0.887535 0.797078 0.892934 0.998322 0.993499 0.988157 0.883260 0.838854 0.907140 0.815903 0.902552 0.943654 0.699391 0.741713 0.730277 0.842542 0.882140 0.982858 0.930340 0.906756 0.862537 0.807802 0.725919 0.711403 0.832808 0.896757 0.888203 0.658531 0.958434 0.913410 0.957768 0.797243 0.796093 0.860926 0.874836 0.999221 0.749620 0.820673
0.904792 0.941759 0.635873 0.841837 0.978099 0.868057 0.695728 0.863246 0.741378 0.799066 0.950901 0.887223 0.946195 0.903002 0.825719 0.968964 0.897759 0.808617 0.954199 0.995927 0.981372 0.991452 0.831660 0.848952 0.812767 0.576900 0.876575 0.879278 0.856042 0.881822 0.465430 0.000000 0.546594 0.711007 0.765002 0.988976 0.801831 0.862786 0.831877 0.824904 0.987511 0.919136 0.512705 0.556060 0.607628 0.623040 0.750137 0.559370 0.938426 0.968126 0.914922 0.909913 0.952636 0.820575 0.873872 0.950013 0.953096 0.992591 0.776631 0.917098 0.939524 0.998183 0.934111 0.958194 0.803026 0.768971 0.890511 0.634910 0.811048 0.964520 0.670556 0.735147 0.896938 0.997659 0.907888 0.977808 0.899800 0.778912 0.745298 0.710302 0.811015 0.940709 0.897429 0.934991 0.889646 0.842614 0.967724 0.763848 0.963853 0.991571 0.729869 0.779720 0.795389 0.896095 0.910378 0.910546 0.992582 0.857720 0.808548 0.838104 0.815040 0.747845 0.843717 0.886629 0.804922 0.843807 0.927847 0.930084 0.937022 0.765467 0.750872 0.827049 0.958957 0.997704 0.873018 0.873226
0.822771 0.737833 0.630199 0.615497 0.994961 0.811014 0.538498 0.612712 0.819943 0.666372 0.744498 0.776269 0.698602 0.807296 0.687371 0.916292 0.591665 0.557271 0.642500 0.767664 0.881755 0.916852 0.818041 0.879667 0.973540 0.713105 0.850547 0.972083 0.624440 0.670967 0.676810 0.546594 0.000000 0.522339 0.731458 0.888514 0.823671 0.898628 0.986115 0.908785 0.998420 0.942468 0.565823 0.539941 0.597506 0.549719 0.787918 0.563220 0.801214 0.879902 0.773027 0.797923 0.836306 0.739843 0.769447 0.880197 0.753084 0.801222 0.857895 0.923644 0.610655 0.699705 0.650650 0.662816 0.810199 0.656067 0.765867 0.624801 0.976254 0.970038 0.957606 0.822739 0.753610 0.833902 0.819202 0.939640 0.717535 0.786646 0.610022 0.646631 0.620741 0.722998 0.795806 0.787585 0.686184 0.802364 0.956460 0.969193 0.998110 0.914921 0.682707 0.966065 0.842903 0.994593 0.987449 0.980047 0.913861 0.808408 0.604330 0.616752 0.747126 0.635053 0.769293 0.771157 0.709734 0.828234 0.845901 0.762396 0.978356 0.888922 0.789198 0.793109 0.727851 0.928454 0.903336 0.879346
0.600905 0.573271 0.907446 0.702807 0.955666 0.800788 0.585149 0.429814 0.808727 0.598381 0.574584 0.577930 0.618898 0.697686 0.826836 0.945198 0.497479 0.499425 0.584122 0.574691 0.905449 0.963898 0.921977 0.753194 0.839628 0.934939 0.863199 0.982246 0.502128 0.459588 0.803758 0.711007 0.522339 0.000000 0.909005 0.908885 0.965266 0.902209 0.980068 0.933086 0.950617 0.975520 0.653109 0.439526 0.609222 0.476326 0.735887 0.589480 0.608155 0.690757 0.610013 0.643679 0.729385 0.650374 0.831289 0.745183 0.628392 0.689323 0.721724 0.718391 0.576138 0.487771 0.466479 0.491691 0.930296 0.731345 0.944228 0.722432 0.959107 0.884321 0.976599 0.831226 0.715175 0.788389 0.806475 0.901713 0.525838 0.776875 0.685850 0.698121 0.539229 0.656094 0.735195 0.787288 0.794235 0.889170 0.992089 0.906124 0.934334 0.983948 0.717892 0.941246 0.976200 0.935890 0.939344 0.795658 0.919205 0.860985 0.510722 0.690288 0.680369 0.669427 0.596256 0.805855 0.788611 0.941854 0.943411 0.789680 0.925682 0.896674 0.789834 0.707865 0.604317 0.985670 0.872921 0.895467
0.809576 0.820228 0.583451 0.949127 0.912070 0.894286 0.744708 0.883016 0.821824 0.971619 0.813800 0.715086 0.888951 0.768437 0.844936 0.941689 0.863297 0.923065 0.849904 0.803015 0.934775 0.999446 0.775091 0.970222 0.746857 0.656121 0.733534 0.929924 0.846643 0.803989 0.764736 0.765002 0.731458 0.909005 0.000000 0.809738 0.671007 0.873246 0.994772 0.935905 0.999375 0.958081 0.666107 0.900759 0.777447 0.970747 0.956061 0.941345 0.820637 0.704052 0.838074 0.830523 0.865737 0.951275 0.987560 0.885053 0.761051 0.715532 0.817818 0.744875 0.915412 0.859583 0.827232 0.779866 0.667065 0.726630 0.560032 0.609588 0.815423 0.660106 0.953104 0.904548 0.963279 0.959076 0.941353 0.980744 0.880462 0.965217 0.936480 0.924000 0.899716 0.906913 0.856861 0.986953 0.750348 0.785375 0.956484 0.931069 0.946996 0.881183 0.737066 0.705563 0.724208 0.685768 0.948786 0.832472 0.945887 0.727402 0.866950 0.729699 0.870581 0.823415 0.944026 0.940826 0.778177 0.887777 0.941414 0.858251 0.977649 0.989327 0.968908 0.837527 0.845541 0.836081 0.672829 0.901567
0.677009 0.649269 0.664696 0.944380 0.903660 0.989401 0.793239 0.812054 0.927143 0.918806 0.716984 0.671337 0.841817 0.716219 0.956211 0.858165 0.783586 0.785708 0.777089 0.673057 0.892447 0.915114 0.755871 0.931668 0.806609 0.787279 0.944766 0.775707 0.741479 0.687518 0.910671 0.988976 0.888514 0.908885 0.809738 0.000000 0.755401 0.939164 0.973343 0.961362 0.948737 0.957243 0.810689 0.993821 0.858155 0.820694 0.958573 0.926303 0.685826 0.593707 0.636572 0.624791 0.682090 0.678913 0.754162 0.781837 0.608142 0.575456 0.717667 0.600331 0.953018 0.698416 0.724121 0.660131 0.656439 0.812332 0.594474 0.701917 0.733873 0.654801 0.962013 0.885360 0.889983 0.966164 0.992803 0.848476 0.749844 0.958676 0.874960 0.928199 0.819450 0.783554 0.962185 0.905184 0.844538 0.991732 0.690605 0.872163 0.975120 0.990169 0.803681 0.719142 0.572020 0.683987 0.899486 0.942864 0.958622 0.683046 0.954385 0.863281 0.962652 0.970852 0.937243 0.795820 0.974696 0.992124 0.825614 0.834538 0.970842 0.926717 0.869577 0.821386 0.938160 0.997523 0.968344 0.903026
0.809436 0.864430 0.726479 0.899632 0.931856 0.863161 0.957606 0.793751 0.891271 0.972268 0.774890 0.728720 0.744825 0.690638 0.910740 0.848055 0.894156 0.952359 0.848632 0.855258 0.693692 0.899796 0.891272 0.952744 0.663906 0.625821 0.991165 0.853003 0.835486 0.887960 0.704590 0.801831 0.823671 0.965266 0.671007 0.755401 0.000000 0.735354 0.750027 0.705344 0.866683 0.787851 0.804543 0.897543 0.763013 0.966356 0.959908 0.945181 0.907748 0.813134 0.859271 0.876631 0.895633 0.933797 0.934583 0.984376 0.867077 0.833478 0.608947 0.678345 0.791510 0.801062 0.741941 0.787088 0.878794 0.961342 0.848487 0.849174 0.980598 0.953181 0.732776 0.862836 0.986084 0.895363 0.990493 0.973966 0.917473 0.778579 0.991660 0.904459 0.963803 0.971375 0.912277 0.780494 0.892148 0.937062 0.850732 0.828519 0.929416 0.879246 0.976328 0.778587 0.920505 0.840160 0.985385 0.921611 0.937387 0.750635 0.982207 0.959251 0.966941 0.997136 0.998099 0.945336 0.957623 0.878220 0.989086 0.996173 0.982193 0.940838 0.925321 0.947601 0.904549 0.873095 0.990697 0.968177
0.984386 0.937731 0.840135 0.863057 0.884817 0.972620 0.948174 0.988826 0.981853 0.912773 0.997663 0.924413 0.776477 0.822351 0.809805 0.750852 0.928633 0.874298 0.947420 0.922344 0.826615 0.674724 0.912401 0.879728 0.778760 0.823499 0.935603 0.977929 0.938769 0.989898 0.900344 0.862786 0.898628 0.902209 0.873246 0.939164 0.735354 0.000000 0.811204 0.844495 0.685432 0.828684 0.957965 0.986692 0.767675 0.882741 0.949915 0.883544 0.922539 0.961048 0.971814 0.996321 0.955567 0.979676 0.867791 0.783232 0.923349 0.929450 0.989072 0.792510 0.939492 0.986772 0.839661 0.999975 0.989842 0.993035 0.959366 0.956846 0.841966 0.883040 0.919809 0.854072 0.756483 0.821031 0.929663 0.965231 0.866361 0.869990 0.911175 0.789844 0.808684 0.803469 0.862374 0.642875 0.830977 0.870277 0.974395 0.754123 0.941493 0.770393 0.972348 0.984266 0.951266 0.877605 0.984941 0.795127 0.725729 0.797706 0.960907 0.834637 0.849139 0.932780 0.917475 0.783564 0.969161 0.940166 0.824700 0.895694 0.877977 0.889828 0.991901 0.989059 0.999346 0.910800 0.944769 0.872923
