0.000000 0.314704 0.709611 0.832689 0.835122 0.633582 0.823126 0.646063 0.833325 0.703038 0.512819 0.475483 0.765567 0.699573 0.995540 0.774574 0.321721 0.336330 0.490889 0.415257 0.985546 0.908107 0.596074 0.807471 0.792920 0.748741 0.973199 0.876215 0.517659 0.472952 0.886407 0.746090 0.608283 0.552267 0.891830 0.859418 0.919385 0.944474 0.969401 0.916507 0.863342 0.849364 0.591459 0.477750 0.522125 0.508666 0.746116 0.611971 0.575178 0.505912 0.735130 0.695316 0.879335 0.904292 0.947697 0.778639 0.294093 0.363927 0.641026 0.988099 0.673358 0.793281 0.492163 0.405344 0.649847 0.895433 0.807683 0.783697 0.664146 0.607520 0.909770 0.874080 0.828504 0.686840 0.952021 0.737663 0.718200 0.733111 0.713438 0.621940 0.415395 0.504849 0.758429 0.724561 0.838615 0.875537 0.967353 0.728712 0.808769 0.897654 0.651440 0.803067 0.801787 0.992353 0.817825 0.855789 0.738382 0.867691 0.490741 0.557614 0.695883 0.851396 0.482162 0.584989 0.819980 0.905944 0.840329 0.934487 0.886739 0.889752 0.755070 0.653657 0.737510 0.892123 0.830843 0.915328
0.314704 0.000000 0.627278 0.784807 0.859352 0.700854 0.906493 0.707560 0.939231 0.713417 0.623094 0.439206 0.931795 0.785600 0.908128 0.870332 0.324819 0.296728 0.555853 0.481834 0.962334 0.840390 0.626397 0.797829 0.813633 0.708743 0.978143 0.862399 0.517424 0.425901 0.898197 0.800958 0.594266 0.580840 0.875131 0.896332 0.947935 0.873484 0.968251 0.898963 0.836789 0.811190 0.631694 0.524102 0.540729 0.484842 0.828622 0.649975 0.596277 0.525774 0.793485 0.713580 0.959883 0.945654 0.929579 0.734384 0.254028 0.272797 0.702859 0.934537 0.803041 0.754529 0.596709 0.377502 0.627046 0.911306 0.780431 0.779270 0.688823 0.545228 0.856419 0.898413 0.813806 0.643173 0.923114 0.785200 0.717791 0.684574 0.583079 0.561088 0.359966 0.490433 0.760564 0.738390 0.761382 0.903127 0.823732 0.742385 0.748656 0.892006 0.695976 0.835676 0.793324 0.952782 0.793469 0.857896 0.709376 0.916475 0.545868 0.640292 0.722492 0.816214 0.492157 0.574975 0.848637 0.946195 0.887559 0.994153 0.851472 0.886316 0.762048 0.622481 0.703697 0.921607 0.846441 0.892368
0.709611 0.627278 0.000000 0.369288 0.936938 0.857406 0.637963 0.808123 0.703137 0.917935 0.942437 0.622249 0.827442 0.939532 0.731604 0.880069 0.635765 0.571285 0.894947 0.883595 0.944600 0.964275 0.519895 0.758406 0.718042 0.617964 0.954350 0.913669 0.806594 0.644201 0.567991 0.704695 0.810831 0.898552 0.723998 0.851992 0.819221 0.980789 0.805737 0.927013 0.997561 0.795734 0.858505 0.983437 0.885250 0.799473 0.776714 0.889231 0.771375 0.911604 0.942922 0.942144 0.864641 0.751400 0.843558 0.887490 0.656348 0.567928 0.798597 0.682428 0.737199 0.959295 0.859543 0.584211 0.378514 0.498499 0.699308 0.770963 0.836741 0.767849 0.836898 0.869353 0.966265 0.967355 0.986411 0.881266 0.804373 0.850236 0.814458 0.766021 0.570169 0.556137 0.806949 0.679795 0.708598 0.875352 0.923855 0.991061 0.786146 0.900233 0.874184 0.708078 0.931810 0.649568 0.985830 0.953846 0.832275 0.981870 0.957779 0.948663 0.963892 0.791799 0.875324 0.805885 0.917549 0.765825 0.985884 0.702187 0.845307 0.930640 0.885962 0.924538 0.910789 0.995827 0.959073 0.816985
0.832689 0.784807 0.369288 0.000000 0.994449 0.858800 0.796775 0.858684 0.766180 0.772775 0.839699 0.690395 0.892288 0.828570 0.753517 0.972247 0.737518 0.690015 0.905984 0.998272 0.911420 0.958900 0.493966 0.569333 0.556584 0.539433 0.835038 0.725201 0.842159 0.709795 0.528976 0.653370 0.799985 0.928786 0.660079 0.875080 0.687022 0.837939 0.764880 0.870888 0.945334 0.897222 0.858070 0.988705 0.771290 0.711197 0.831287 0.914164 0.644285 0.898971 0.991784 0.941021 0.953808 0.788218 0.738086 0.985362 0.792042 0.712433 0.798062 0.715883 0.872267 0.958680 0.868451 0.662822 0.385498 0.445235 0.718423 0.804047 0.942925 0.858639 0.864650 0.800203 0.858058 0.962467 0.899597 0.825487 0.827488 0.902659 0.985116 0.845189 0.773630 0.739930 0.997137 0.859210 0.672647 0.681526 0.985792 0.990728 0.785891 0.728279 0.913665 0.846559 0.883775 0.730789 0.949880 0.928554 0.864672 0.973044 0.910829 0.963773 0.999750 0.820911 0.906233 0.836111 0.816541 0.793127 0.951090 0.758706 0.782718 0.906422 0.925894 0.836529 0.838046 0.849523 0.983048 0.802169
0.835122 0.859352 0.936938 0.994449 0.000000 0.739881 0.831357 0.850933 0.992756 0.801320 0.714032 0.761102 0.795252 0.812239 0.990044 0.937790 0.924158 0.837282 0.709144 0.712546 0.862992 0.953621 0.911549 0.975917 0.922957 0.846855 0.990845 0.893775 0.849243 0.864965 0.890359 0.797321 0.721660 0.787188 0.934299 0.743158 0.984613 0.875248 0.915561 0.850721 0.963694 0.832765 0.913254 0.879933 0.815942 0.825807 0.994224 0.827249 0.946129 0.941911 0.933886 0.970221 0.907487 0.920277 0.858519 0.989634 0.875766 0.864637 0.941653 0.971144 0.817561 0.957462 0.822906 0.965621 0.928071 0.981665 0.751320 0.752006 0.984995 0.882695 0.888603 0.968093 0.839115 0.744178 0.935673 0.898133 0.874827 0.819786 0.935823 0.984874 0.856841 0.805383 0.994269 0.982044 0.873751 0.938042 0.969091 0.939606 0.885547 0.680566 0.896091 0.855345 0.955098 0.885521 0.971285 0.946029 0.935163 0.964252 0.873732 0.903170 0.901670 0.909100 0.929994 0.970022 0.964240 0.874778 0.841560 0.976288 0.966215 0.903912 0.822159 0.972621 0.916623 0.948640 0.964709 0.833126
0.633582 0.700854 0.857406 0.858800 0.739881 0.000000 0.712571 0.647873 0.741119 0.606892 0.638203 0.595117 0.719617 0.770172 0.978914 0.744936 0.690837 0.694939 0.684260 0.733043 0.999817 0.955979 0.774311 0.833307 0.765011 0.729614 0.761748 0.989272 0.730105 0.667640 0.979194 0.822823 0.813843 0.713197 0.785814 0.866344 0.963434 0.995880 0.984035 0.915260 0.957717 0.879925 0.716160 0.668054 0.661822 0.638107 0.871379 0.734465 0.738381 0.792110 0.897236 0.892627 0.866706 0.832731 0.821168 0.862966 0.681355 0.796344 0.827088 0.977902 0.739727 0.850302 0.715505 0.751926 0.708525 0.863303 0.875813 0.823584 0.961569 0.918113 0.890957 0.845744 0.939689 0.854573 0.888661 0.673763 0.766071 0.795132 0.839023 0.805569 0.868651 0.767892 0.970562 0.978631 0.829586 0.790612 0.968818 0.970606 0.935454 0.701844 0.754336 0.843282 0.828862 0.857944 0.903235 0.968700 0.728259 0.783378 0.568824 0.748261 0.687723 0.737550 0.753385 0.732886 0.961689 0.933523 0.644472 0.952031 0.883479 0.973044 0.854823 0.793258 0.805007 0.846426 0.985041 0.736446
0.823126 0.906493 0.637963 0.796775 0.831357 0.712571 0.000000 0.361744 0.559934 0.445640 0.504004 0.808413 0.583249 0.770904 0.868852 0.996351 0.847711 0.881105 0.488998 0.798733 0.917716 0.911463 0.945431 0.740492 0.656307 0.812531 0.649662 0.781660 0.781649 0.799931 0.897026 0.701843 0.618204 0.494555 0.899242 0.986389 0.920807 0.919304 0.959481 0.955345 0.951821 0.825552 0.541840 0.597004 0.470237 0.573003 0.655535 0.577075 0.669474 0.711495 0.592405 0.629192 0.674071 0.543583 0.877164 0.970114 0.860743 0.973577 0.488119 0.666305 0.345119 0.676768 0.611324 0.833359 0.971794 0.816702 0.528715 0.523630 0.895960 0.976779 0.718895 0.788541 0.953048 0.865030 0.971224 0.689318 0.574302 0.715960 0.980942 0.942496 0.903514 0.879499 0.789632 0.928136 0.914469 0.748229 0.931976 0.762579 0.969737 0.824156 0.444135 0.400652 0.654220 0.570958 0.737012 0.892196 0.775238 0.836526 0.513178 0.509714 0.646038 0.581895 0.774110 0.773212 0.965976 0.700396 0.797322 0.681347 0.873169 0.968096 0.622878 0.702703 0.631948 0.841048 0.913600 0.995580
0.646063 0.707560 0.808123 0.858684 0.850933 0.647873 0.361744 0.000000 0.570607 0.428719 0.464271 0.580670 0.559426 0.551777 0.899309 0.816875 0.675367 0.714236 0.381641 0.659481 0.785562 0.893910 0.802661 0.687983 0.646331 0.811365 0.675971 0.814913 0.595624 0.588604 0.920516 0.684281 0.585678 0.476619 0.801153 0.880144 0.881511 0.998957 0.931621 0.939347 0.917564 0.927768 0.435335 0.483618 0.437995 0.492362 0.718270 0.538210 0.562100 0.632647 0.554359 0.597564 0.663804 0.553362 0.840609 0.916676 0.693709 0.863034 0.559526 0.672402 0.408810 0.532622 0.605589 0.659151 0.857497 0.867374 0.724369 0.609378 0.978723 0.949949 0.786542 0.845759 0.924567 0.868656 0.975631 0.717404 0.602448 0.740741 0.882525 0.805470 0.958230 0.969647 0.867444 0.975414 0.668234 0.625230 0.886853 0.716414 0.896190 0.812441 0.405777 0.491345 0.713036 0.676638 0.697423 0.867123 0.781161 0.783595 0.457790 0.522331 0.540345 0.515594 0.626285 0.658116 0.994335 0.719480 0.796376 0.760860 0.891205 0.980088 0.728773 0.673103 0.609083 0.752841 0.850697 0.966037
0.833325 0.939231 0.703137 0.766180 0.992756 0.741119 0.559934 0.570607 0.000000 0.678640 0.753392 0.874952 0.785278 0.869520 0.886422 0.756335 0.854125 0.924966 0.713440 0.857173 0.918008 0.934067 0.998472 0.914960 0.961933 0.860237 0.865404 0.938608 0.908872 0.964797 0.807912 0.732175 0.759824 0.730198 0.981357 0.804717 0.675071 0.841429 0.881410 0.852648 0.970634 0.993740 0.633964 0.716035 0.721807 0.795573 0.649873 0.686896 0.760069 0.677854 0.582993 0.640410 0.632193 0.585746 0.926961 0.987499 0.867469 0.969582 0.624222 0.618920 0.547145 0.662976 0.916065 0.878016 0.821790 0.756511 0.860031 0.882619 0.960893 0.918942 0.780130 0.753872 0.965910 0.954489 0.875452 0.843317 0.676548 0.891251 0.981863 0.960699 0.937779 0.842833 0.840425 0.970670 0.932795 0.768301 0.926034 0.853283 0.923477 0.965140 0.638386 0.692295 0.807011 0.797135 0.855051 0.987019 0.854641 0.888112 0.663915 0.665603 0.769462 0.848041 0.744952 0.897844 0.991141 0.678221 0.808887 0.757109 0.894822 0.948049 0.817889 0.825649 0.880562 0.940820 0.841158 0.990307
0.703038 0.713417 0.917935 0.772775 0.801320 0.606892 0.445640 0.428719 0.678640 0.000000 0.460658 0.592808 0.649144 0.758421 0.972823 0.885272 0.637457 0.642987 0.512619 0.743896 0.803350 0.877508 0.612770 0.507479 0.424549 0.518895 0.633436 0.745397 0.620280 0.599262 0.843804 0.876656 0.806009 0.561542 0.707868 0.866315 0.943631 0.890383 0.881410 0.888935 0.906665 0.902126 0.546234 0.549318 0.372350 0.385591 0.790388 0.595223 0.429777 0.650421 0.606903 0.745960 0.788188 0.753662 0.701484 0.924864 0.672531 0.811773 0.683529 0.850455 0.528984 0.718981 0.563470 0.600021 0.573929 0.798144 0.800044 0.773585 0.898455 0.964209 0.735394 0.807839 0.940966 0.921116 0.955807 0.775101 0.627613 0.829009 0.920847 0.866492 0.926849 0.989206 0.805395 0.942423 0.607404 0.524668 0.942608 0.819881 0.794870 0.635993 0.460127 0.500914 0.701942 0.789936 0.748900 0.939825 0.719285 0.738147 0.442695 0.464824 0.576587 0.705837 0.614190 0.591457 0.896414 0.888647 0.882411 0.811489 0.982983 0.941403 0.661522 0.518970 0.571706 0.779990 0.900769 0.899894
0.512819 0.623094 0.942437 0.839699 0.714032 0.638203 0.504004 0.464271 0.753392 0.460658 0.000000 0.524957 0.518416 0.584156 0.869326 0.870636 0.517753 0.527924 0.420658 0.527138 0.872555 0.890994 0.625942 0.616333 0.488547 0.601761 0.749745 0.711661 0.434794 0.499597 0.949286 0.828314 0.647813 0.473654 0.782411 0.872339 0.997859 0.815518 0.998663 0.925070 0.949282 0.941855 0.574800 0.508213 0.382663 0.409180 0.744200 0.570638 0.457608 0.558041 0.610087 0.658977 0.736772 0.746765 0.809658 0.877453 0.566620 0.688788 0.593202 0.877955 0.447209 0.762158 0.449168 0.584712 0.631434 0.901034 0.739244 0.676022 0.927701 0.836942 0.839145 0.925424 0.896000 0.750632 0.980489 0.675972 0.735316 0.706443 0.967678 0.818124 0.764582 0.766673 0.980836 0.866879 0.788848 0.744374 0.931919 0.842622 0.842315 0.609875 0.534486 0.604636 0.816980 0.853444 0.810596 0.888054 0.779857 0.892975 0.460145 0.462228 0.606434 0.779615 0.661859 0.700132 0.942938 0.903576 0.807426 0.812005 0.973818 0.887138 0.700515 0.638208 0.545389 0.839563 0.871735 0.991227
0.475483 0.439206 0.622249 0.690395 0.761102 0.595117 0.808413 0.580670 0.874952 0.592808 0.524957 0.000000 0.787477 0.626189 0.929817 0.643982 0.444369 0.391896 0.593295 0.537772 0.855058 0.896608 0.554626 0.700608 0.605978 0.603379 0.778521 0.751908 0.483953 0.361357 0.819228 0.885585 0.714216 0.634799 0.681323 0.854976 0.885742 0.985801 0.960035 0.965401 0.869232 0.900103 0.696977 0.612838 0.502952 0.474667 0.861966 0.593083 0.468716 0.591526 0.687121 0.674377 0.808351 0.826435 0.757640 0.904764 0.454531 0.484394 0.746258 0.866595 0.702106 0.619641 0.578050 0.387776 0.499482 0.838661 0.992192 0.830963 0.741245 0.618658 0.933645 0.950796 0.881733 0.760064 0.964767 0.832882 0.854938 0.922945 0.710731 0.634225 0.544195 0.568934 0.860306 0.633787 0.646895 0.731497 0.881624 0.826789 0.824698 0.757634 0.744076 0.944491 0.988168 0.925592 0.686660 0.857876 0.793918 0.912384 0.609997 0.752028 0.685478 0.850103 0.656923 0.665040 0.892257 0.989044 0.750855 0.936522 0.912407 0.842157 0.809669 0.790089 0.707124 0.789231 0.839453 0.810266
0.765567 0.931795 0.827442 0.892288 0.795252 0.719617 0.583249 0.559426 0.785278 0.649144 0.518416 0.787477 0.000000 0.441566 0.617816 0.679684 0.865443 0.863999 0.584501 0.724036 0.895785 0.943829 0.903723 0.957080 0.745707 0.821916 0.794472 0.947812 0.725055 0.731895 0.941338 0.795890 0.804194 0.701397 0.778628 0.885224 0.951385 0.728822 0.934617 0.960314 0.834997 0.866814 0.582399 0.577004 0.732673 0.678424 0.666368 0.687452 0.789818 0.833022 0.810863 0.936560 0.868294 0.852835 0.819106 0.987542 0.875163 0.966415 0.744083 0.921300 0.639297 0.999326 0.566711 0.885292 0.881922 0.858262 0.857150 0.922773 0.918870 0.958732 0.759598 0.753072 0.939579 0.895758 0.947454 0.662101 0.770650 0.817098 0.955737 0.988873 0.937454 0.943848 0.974619 0.974917 0.951753 0.866825 0.921648 0.982145 0.979244 0.735164 0.531749 0.596733 0.735076 0.761090 0.819073 0.839070 0.881009 0.915866 0.615494 0.646910 0.666654 0.755216 0.737840 0.736001 0.922599 0.983031 0.871011 0.717966 0.857157 0.977728 0.749798 0.875508 0.767571 0.762285 0.972187 0.965266
0.699573 0.785600 0.939532 0.828570 0.812239 0.770172 0.770904 0.551777 0.869520 0.758421 0.584156 0.626189 0.441566 0.000000 0.710680 0.603705 0.759509 0.743585 0.534399 0.576662 0.809812 0.896826 0.891533 0.965380 0.856714 0.824618 0.882011 0.995260 0.588633 0.617926 0.848864 0.777341 0.739277 0.656533 0.832761 0.886737 0.926339 0.852899 0.989375 0.999002 0.890114 0.989698 0.578228 0.574766 0.776278 0.734986 0.787400 0.662840 0.848304 0.854088 0.883178 0.904479 0.901758 0.880124 0.870945 0.996372 0.781783 0.909529 0.863525 0.970250 0.800615 0.915339 0.666319 0.827894 0.904350 0.998240 0.939979 0.919513 0.971798 0.886217 0.877686 0.893451 0.907996 0.742589 0.997941 0.677729 0.779671 0.876960 0.928795 0.955186 0.922092 0.940070 0.966943 0.915052 0.842476 0.952491 0.974717 0.964176 0.938747 0.773740 0.594030 0.760891 0.879927 0.922420 0.855799 0.769058 0.962996 0.899907 0.669725 0.713870 0.632895 0.760185 0.780471 0.799313 0.961219 0.959714 0.879750 0.847762 0.854770 0.914706 0.876083 0.882824 0.725929 0.902491 0.916691 0.956130
0.995540 0.908128 0.731604 0.753517 0.990044 0.978914 0.868852 0.899309 0.886422 0.972823 0.869326 0.929817 0.617816 0.710680 0.000000 0.645202 0.954007 0.908704 0.904312 0.883894 0.845546 0.957597 0.842190 0.744228 0.868292 0.873453 0.841648 0.775675 0.905395 0.996587 0.846920 0.800955 0.954552 0.996390 0.915067 0.946175 0.948766 0.717046 0.870813 0.980852 0.960794 0.952396 0.714579 0.752183 0.972156 0.982224 0.667492 0.769339 0.997444 0.967931 0.990740 0.968226 0.975031 0.976434 0.956852 0.871922 0.983348 0.899168 0.959432 0.821561 0.927992 0.836574 0.928171 0.850658 0.752815 0.960482 0.949789 0.860079 0.921374 0.901949 0.869886 0.884878 0.880930 0.895947 0.992019 0.923697 0.869796 0.988864 0.863732 0.859466 0.873358 0.800972 0.919091 0.890756 0.813476 0.937856 0.837953 0.963105 0.869540 0.964000 0.870877 0.848107 0.986479 0.961183 0.958539 0.941866 0.946636 0.903077 0.882768 0.828976 0.989732 0.945803 0.966279 0.916639 0.990813 0.984586 0.943298 0.657443 0.960676 0.949118 0.802803 0.904102 0.999409 0.963469 0.993838 0.935376
0.774574 0.870332 0.880069 0.972247 0.937790 0.744936 0.996351 0.816875 0.756335 0.885272 0.870636 0.643982 0.679684 0.603705 0.645202 0.000000 0.857065 0.873687 0.922744 0.740379 0.933172 0.966105 0.908270 0.826787 0.982344 0.980279 0.958191 0.881469 0.849203 0.776016 0.945176 0.851180 0.977069 0.990242 0.785370 0.772532 0.802807 0.982063 0.905430 0.890338 0.988319 0.906590 0.765792 0.807496 0.939990 0.882084 0.815436 0.768131 0.829469 0.923861 0.824922 0.902150 0.813038 0.896524 0.909916 0.962715 0.873938 0.891660 0.932764 0.906449 0.946227 0.912460 0.900694 0.827404 0.901197 0.899641 0.703322 0.790860 0.910495 0.919070 0.966196 0.877837 0.910436 0.934654 0.937246 0.920713 0.991564 0.889623 0.997385 0.950164 0.856317 0.858314 0.746448 0.707834 0.977177 0.986341 0.971543 0.952702 0.852730 0.898143 0.870679 0.906789 0.983147 0.811979 0.918800 0.931522 0.979639 0.929564 0.845783 0.942472 0.839129 0.996545 0.888488 0.874524 0.868806 0.899177 0.805001 0.954839 0.980624 0.977368 0.985363 0.969693 0.996654 0.983458 0.942418 0.992626
0.321721 0.324819 0.635765 0.737518 0.924158 0.690837 0.847711 0.675367 0.854125 0.637457 0.517753 0.444369 0.865443 0.759509 0.954007 0.857065 0.000000 0.271784 0.536715 0.479487 0.999848 0.866719 0.552257 0.691805 0.721891 0.652520 0.903612 0.858244 0.395727 0.385301 0.870566 0.838193 0.646092 0.564432 0.808391 0.873856 0.916040 0.914863 0.990602 0.858948 0.860682 0.888294 0.614688 0.528373 0.513207 0.513296 0.797887 0.634503 0.536049 0.513828 0.713351 0.684698 0.914426 0.919981 0.826314 0.805007 0.280897 0.337961 0.704084 0.936017 0.741059 0.774555 0.562381 0.364305 0.565598 0.863104 0.878936 0.845318 0.634996 0.550116 0.902586 0.873321 0.792880 0.698071 0.925344 0.776686 0.758099 0.830924 0.637100 0.559037 0.382167 0.548372 0.851969 0.702266 0.718304 0.835622 0.810408 0.688074 0.723321 0.855256 0.669508 0.837232 0.814796 0.940520 0.783161 0.884384 0.754609 0.947518 0.528386 0.533612 0.713465 0.883117 0.542805 0.631717 0.920047 0.988618 0.859827 0.990927 0.908022 0.885874 0.702350 0.643024 0.680117 0.914701 0.842281 0.877614
0.336330 0.296728 0.571285 0.690015 0.837282 0.694939 0.881105 0.714236 0.924966 0.642987 0.527924 0.391896 0.863999 0.743585 0.908704 0.873687 0.271784 0.000000 0.563931 0.470711 0.968181 0.939697 0.517883 0.720725 0.669846 0.569364 0.918551 0.807678 0.428265 0.363298 0.829319 0.856743 0.651310 0.597141 0.770616 0.831223 0.975174 0.984138 0.924113 0.969148 0.904280 0.873917 0.667439 0.556126 0.510197 0.471243 0.833088 0.609223 0.545550 0.522796 0.779975 0.697001 0.956707 0.972050 0.801149 0.821639 0.267993 0.306972 0.772510 0.990726 0.781786 0.794339 0.543178 0.362985 0.515624 0.810562 0.876545 0.875943 0.647561 0.502826 0.906858 0.925828 0.848206 0.660744 0.942830 0.841840 0.764718 0.780291 0.621038 0.571252 0.386326 0.511196 0.877598 0.699607 0.697908 0.815992 0.812961 0.704833 0.692292 0.836802 0.694456 0.835317 0.817216 0.985568 0.809517 0.842428 0.727927 0.972916 0.535529 0.555594 0.714207 0.904709 0.560096 0.643282 0.961102 0.981392 0.894825 0.973575 0.876662 0.890268 0.747130 0.633516 0.655614 0.884477 0.840143 0.882252
0.490889 0.555853 0.894947 0.905984 0.709144 0.684260 0.488998 0.381641 0.713440 0.512619 0.420658 0.593295 0.584501 0.534399 0.904312 0.922744 0.536715 0.563931 0.000000 0.481968 0.925863 0.926106 0.794976 0.750618 0.714690 0.727263 0.844009 0.858777 0.540152 0.536913 0.932783 0.645314 0.506982 0.408114 0.930209 0.932757 0.928873 0.902330 0.980698 0.956536 0.977573 0.980405 0.442882 0.419817 0.455314 0.486833 0.784173 0.502184 0.624392 0.551000 0.678324 0.673550 0.797796 0.747381 0.945680 0.832003 0.520689 0.678127 0.552964 0.785762 0.483551 0.792679 0.494233 0.619228 0.844202 0.948538 0.575847 0.574359 0.897238 0.789365 0.736545 0.892161 0.838008 0.722482 0.990623 0.684565 0.606801 0.659889 0.789886 0.819236 0.750782 0.844566 0.945782 0.924220 0.814194 0.804186 0.905924 0.749768 0.903872 0.823605 0.435924 0.486728 0.685234 0.735029 0.785861 0.829260 0.781227 0.839578 0.427316 0.441351 0.545209 0.632178 0.556837 0.662399 0.859226 0.851012 0.774714 0.824814 0.974257 0.934846 0.736697 0.618983 0.666966 0.845492 0.830736 0.908933
0.415257 0.481834 0.883595 0.998272 0.712546 0.733043 0.798733 0.659481 0.857173 0.743896 0.527138 0.537772 0.724036 0.576662 0.883894 0.740379 0.479487 0.470711 0.481968 0.000000 0.952177 0.955422 0.789602 0.958308 0.862979 0.773480 0.980258 0.908978 0.520046 0.565832 0.960250 0.703682 0.506459 0.535039 0.989061 0.964027 0.751458 0.995832 0.968552 0.912733 0.832372 0.778962 0.614392 0.565474 0.605451 0.649998 0.734407 0.585694 0.719871 0.612772 0.780305 0.765111 0.851116 0.930843 0.996807 0.871288 0.456504 0.497344 0.617866 0.889020 0.684829 0.845615 0.555276 0.577264 0.798973 0.987026 0.756149 0.747917 0.681394 0.604029 0.886782 0.886363 0.693171 0.610867 0.933508 0.825431 0.744478 0.762964 0.792916 0.752203 0.521316 0.572402 0.777784 0.730588 0.971468 0.962354 0.982199 0.821142 0.866553 0.921551 0.687999 0.759543 0.809927 0.993410 0.774372 0.755581 0.910542 0.941791 0.602356 0.612508 0.733248 0.953365 0.655394 0.685756 0.862022 0.950765 0.875928 0.855040 0.939363 0.930314 0.796791 0.786788 0.797939 0.883520 0.894893 0.954913
0.985546 0.962334 0.944600 0.911420 0.862992 0.999817 0.917716 0.785562 0.918008 0.803350 0.872555 0.855058 0.895785 0.809812 0.845546 0.933172 0.999848 0.968181 0.925863 0.952177 0.000000 0.942713 0.777087 0.761947 0.829424 0.913462 0.997496 0.900055 0.804483 0.900355 0.866654 0.932434 0.914756 0.972413 0.804438 0.861813 0.986596 0.958506 0.978727 0.814841 0.883231 0.954426 0.915527 0.968846 0.895097 0.895729 0.878982 0.986453 0.851913 0.920045 0.974408 0.992310 0.998462 0.979520 0.926791 0.875101 0.962505 0.989400 0.990257 0.951633 0.902148 0.745818 0.994262 0.861918 0.946227 0.978345 0.789172 0.903834 0.944203 0.926949 0.923494 0.838626 0.638934 0.797245 0.843561 0.825838 0.943579 0.952549 0.924941 0.983802 0.844200 0.837576 0.930951 0.918072 0.671737 0.626295 0.917952 0.830399 0.980072 0.962360 0.966969 0.919463 0.887421 0.937697 0.829483 0.990924 0.936502 0.902395 0.892913 0.928303 0.995002 0.947577 0.887567 0.938736 0.920988 0.916265 0.924142 0.949018 0.840688 0.897259 0.996270 0.850822 0.884742 0.872616 0.967080 0.806053
0.908107 0.840390 0.964275 0.958900 0.953621 0.955979 0.911463 0.893910 0.934067 0.877508 0.890994 0.896608 0.943829 0.896826 0.957597 0.966105 0.866719 0.939697 0.926106 0.955422 0.942713 0.000000 0.911108 0.838672 0.849418 0.983496 0.966014 0.832633 0.952924 0.911779 0.837202 0.796628 0.913545 0.916296 0.970845 0.974854 0.854564 0.909929 0.934849 0.923728 0.808783 0.984974 0.983369 0.947775 0.883265 0.915607 0.980442 0.879859 0.842343 0.901422 0.836523 0.952820 0.922511 0.907963 0.924339 0.938796 0.896666 0.892833 0.875564 0.879690 0.882555 0.826191 0.958338 0.867462 0.912681 0.927413 0.974816 0.874677 0.928323 0.941173 0.965595 0.985258 0.845500 0.986080 0.858627 0.987187 0.930955 0.983047 0.960303 0.934695 0.871248 0.922818 0.994726 0.922450 0.957158 0.944292 0.907340 0.979670 0.878735 0.890850 0.940959 0.993665 0.922813 0.935877 0.856233 0.871021 0.861281 0.951076 0.951428 0.989176 0.936402 0.917605 0.832678 0.962662 0.903807 0.998534 0.982639 0.804618 0.900906 0.790616 0.949113 0.919874 0.956248 0.999851 0.927602 0.916525
0.596074 0.626397 0.519895 0.493966 0.911549 0.774311 0.945431 0.802661 0.998472 0.612770 0.625942 0.554626 0.903723 0.891533 0.842190 0.908270 0.552257 0.517883 0.794976 0.789602 0.777087 0.911108 0.000000 0.423900 0.426546 0.579035 0.710766 0.706317 0.654537 0.615916 0.594622 0.862240 0.908296 0.846914 0.566188 0.721123 0.895974 0.914021 0.796980 0.972735 0.852265 0.990551 0.837136 0.743197 0.644533 0.590623 0.970724 0.905336 0.531333 0.728510 0.924603 0.915438 0.958403 0.886661 0.800823 0.900992 0.599632 0.663196 0.976941 0.848031 0.871525 0.875425 0.719146 0.501646 0.403253 0.550258 0.805686 0.892052 0.958271 0.805233 0.921656 0.944147 0.770775 0.939712 0.850536 0.998080 0.999447 0.950444 0.921063 0.833983 0.753957 0.790441 0.930605 0.787922 0.417029 0.498579 0.906804 0.782456 0.738280 0.811345 0.809247 0.905491 0.958829 0.871615 0.832495 0.927053 0.845637 0.882007 0.591010 0.742017 0.667529 0.995879 0.715800 0.639160 0.943656 0.990266 0.961390 0.838484 0.977679 0.949722 0.962662 0.647107 0.641962 0.978283 0.989861 0.927987
0.807471 0.797829 0.758406 0.569333 0.975917 0.833307 0.740492 0.687983 0.914960 0.507479 0.616333 0.700608 0.957080 0.965380 0.744228 0.826787 0.691805 0.720725 0.750618 0.958308 0.761947 0.838672 0.423900 0.000000 0.418120 0.648356 0.646512 0.651739 0.753964 0.743055 0.658367 0.835901 0.967818 0.827445 0.651349 0.910105 0.870671 0.941207 0.747418 0.933875 0.839674 0.911769 0.832507 0.823122 0.577838 0.578758 0.929522 0.898007 0.508441 0.717597 0.800371 0.858841 0.874227 0.950306 0.737257 0.956004 0.760367 0.814908 0.884188 0.915721 0.697957 0.740102 0.786577 0.635588 0.528681 0.752413 0.983381 0.912479 0.897392 0.935161 0.981128 0.932167 0.787541 0.841045 0.930968 0.988196 0.889311 0.917588 0.940024 0.900942 0.948213 0.980779 0.789384 0.968313 0.429479 0.414156 0.895920 0.715874 0.741403 0.729839 0.753385 0.763490 0.917577 0.910929 0.790079 0.975488 0.828910 0.876819 0.628349 0.666450 0.797523 0.823565 0.791352 0.739279 0.907112 0.849490 0.999638 0.868064 0.913811 0.954675 0.938142 0.620334 0.561280 0.914996 0.922704 0.927935
0.792920 0.813633 0.718042 0.556584 0.922957 0.765011 0.656307 0.646331 0.961933 0.424549 0.488547 0.605978 0.745707 0.856714 0.868292 0.982344 0.721891 0.669846 0.714690 0.862979 0.829424 0.849418 0.426546 0.418120 0.000000 0.473624 0.557051 0.657760 0.678436 0.636778 0.604071 0.859745 0.987211 0.726327 0.606094 0.834083 0.825276 0.763424 0.821434 0.899800 0.799811 0.938804 0.827868 0.762587 0.473096 0.480740 0.959545 0.808064 0.457614 0.751151 0.728192 0.815344 0.861407 0.900064 0.801246 0.909881 0.761860 0.859993 0.833705 0.966159 0.668277 0.861212 0.533943 0.586870 0.388932 0.572854 0.963589 0.907912 0.935091 0.958399 0.988670 0.969485 0.827334 0.987196 0.891677 0.965780 0.914878 0.846319 0.979059 0.964046 0.941138 0.915477 0.793588 0.910919 0.509714 0.524375 0.915200 0.927872 0.745939 0.697513 0.664906 0.705619 0.872907 0.897687 0.725955 0.897932 0.794642 0.900996 0.600766 0.657660 0.645071 0.897301 0.750704 0.671065 0.881338 0.964843 0.953543 0.979476 0.993851 0.898013 0.855427 0.655592 0.578550 0.838767 0.976586 0.899691
0.748741 0.708743 0.617964 0.539433 0.846855 0.729614 0.812531 0.811365 0.860237 0.518895 0.601761 0.603379 0.821916 0.824618 0.873453 0.980279 0.652520 0.569364 0.727263 0.773480 0.913462 0.983496 0.579035 0.648356 0.473624 0.000000 0.714153 0.676813 0.660135 0.531583 0.760787 0.985014 0.914231 0.777180 0.803202 0.897511 0.756224 0.774079 0.749603 0.851945 0.841227 0.993554 0.884464 0.787656 0.554724 0.539277 0.951996 0.793755 0.624880 0.766049 0.904311 0.913705 0.988179 0.961411 0.742697 0.924429 0.699296 0.703369 0.951404 0.892136 0.896508 0.959677 0.586808 0.623894 0.399947 0.565991 0.909195 0.915994 0.993845 0.885125 0.883236 0.983337 0.932278 0.818506 0.835871 0.882048 0.798278 0.862339 0.855855 0.838864 0.805296 0.715596 0.978212 0.846601 0.705473 0.785970 0.908802 0.963903 0.707301 0.722393 0.721015 0.750516 0.836866 0.953286 0.791181 0.896008 0.765244 0.923993 0.657197 0.701224 0.830378 0.897290 0.852690 0.706101 0.859068 0.822979 0.982700 0.924098 0.886662 0.877559 0.809089 0.721861 0.677460 0.811090 0.980874 0.836042
0.973199 0.978143 0.954350 0.835038 0.990845 0.761748 0.649662 0.675971 0.865404 0.633436 0.749745 0.778521 0.794472 0.882011 0.841648 0.958191 0.903612 0.918551 0.844009 0.980258 0.997496 0.966014 0.710766 0.646512 0.557051 0.714153 0.000000 0.743818 0.907044 0.790531 0.867775 0.930017 0.903666 0.876429 0.709889 0.877785 0.907492 0.992267 0.935984 0.925210 0.786636 0.934366 0.783159 0.842908 0.728128 0.781244 0.819479 0.918174 0.714888 0.963365 0.835328 0.918266 0.805318 0.878054 0.862633 0.989031 0.987457 0.936961 0.842292 0.931927 0.695027 0.875530 0.710082 0.737614 0.684584 0.801707 0.989211 0.867968 0.878756 0.873581 0.917131 0.963351 0.834541 0.864912 0.944402 0.941931 0.959639 0.998021 0.951878 0.939167 0.940789 0.998584 0.730009 0.871636 0.684415 0.691454 0.950783 0.968867 0.914760 0.861380 0.756126 0.810875 0.886537 0.990290 0.871801 0.920044 0.851747 0.995923 0.784402 0.844848 0.690690 0.852175 0.922844 0.819048 0.865011 0.902439 0.919982 0.894033 0.878226 0.996288 0.965226 0.897162 0.746948 0.948404 0.981498 0.958599
0.876215 0.862399 0.913669 0.725201 0.893775 0.989272 0.781660 0.814913 0.938608 0.745397 0.711661 0.751908 0.947812 0.995260 0.775675 0.881469 0.858244 0.807678 0.858777 0.908978 0.900055 0.832633 0.706317 0.651739 0.657760 0.676813 0.743818 0.000000 0.823005 0.746964 0.717404 0.854905 0.858265 0.849273 0.741621 0.970149 0.945618 0.995514 0.918808 0.939126 0.943963 0.995513 0.954047 0.908313 0.680256 0.708864 0.934453 0.918617 0.682170 0.832611 0.855213 0.848778 0.925913 0.923440 0.775102 0.975187 0.945949 0.903823 0.917962 0.864144 0.783422 0.786568 0.782936 0.785511 0.721233 0.928301 0.939796 0.816235 0.977395 0.924477 0.945485 0.858905 0.945175 0.902962 0.841756 0.964740 0.973305 0.917946 0.938929 0.807895 0.903923 0.850554 0.780731 0.915648 0.816296 0.770505 0.834878 0.884224 0.870201 0.725062 0.911001 0.885779 0.955836 0.894565 0.847127 0.888792 0.968104 0.997749 0.861894 0.862060 0.959698 0.946290 0.986915 0.987781 0.971181 0.939252 0.901945 0.801329 0.974933 0.877361 0.904651 0.839800 0.761960 0.874908 0.996410 0.993049
0.517659 0.517424 0.806594 0.842159 0.849243 0.730105 0.781649 0.595624 0.908872 0.620280 0.434794 0.483953 0.725055 0.588633 0.905395 0.849203 0.395727 0.428265 0.540152 0.520046 0.804483 0.952924 0.654537 0.753964 0.678436 0.660135 0.907044 0.823005 0.000000 0.376629 0.958054 0.911842 0.713131 0.624042 0.767897 0.842728 0.982218 0.956663 0.966924 0.857326 0.978166 0.984624 0.626712 0.567149 0.523675 0.528945 0.775330 0.621153 0.565264 0.599731 0.731712 0.705626 0.882560 0.880390 0.840471 0.808062 0.480553 0.553995 0.798158 0.935237 0.730414 0.781778 0.579908 0.538836 0.637200 0.880230 0.953316 0.863852 0.767629 0.672703 0.998821 0.976761 0.824519 0.733928 0.950945 0.814705 0.800715 0.804988 0.781013 0.713405 0.605486 0.723046 0.914018 0.752054 0.743913 0.822565 0.899357 0.777208 0.792185 0.734452 0.714926 0.851797 0.935399 0.938478 0.765496 0.807731 0.908127 0.924487 0.594316 0.597066 0.718068 0.855753 0.644216 0.749270 0.994927 0.951830 0.836252 0.899027 0.980105 0.985780 0.670630 0.781520 0.672410 0.825836 0.820286 0.888610
0.472952 0.425901 0.644201 0.709795 0.864965 0.667640 0.799931 0.588604 0.964797 0.599262 0.499597 0.361357 0.731895 0.617926 0.996587 0.776016 0.385301 0.363298 0.536913 0.565832 0.900355 0.911779 0.615916 0.743055 0.636778 0.531583 0.790531 0.746964 0.376629 0.000000 0.883446 0.904440 0.666638 0.649052 0.634193 0.781629 0.892818 0.928514 0.981734 0.946413 0.998138 0.961388 0.647269 0.552885 0.508891 0.463253 0.896343 0.615508 0.532103 0.625735 0.727886 0.714684 0.872974 0.853258 0.779623 0.825359 0.427219 0.463395 0.797993 0.946369 0.749490 0.776522 0.525724 0.430313 0.498734 0.795943 0.969962 0.863480 0.709290 0.671892 0.967462 0.998178 0.838706 0.702525 0.987850 0.854997 0.853384 0.857316 0.660384 0.525474 0.504741 0.583562 0.865598 0.719089 0.668628 0.798729 0.909222 0.846933 0.771854 0.722344 0.694258 0.851448 0.895354 0.948701 0.809592 0.881072 0.778643 0.952434 0.582454 0.656157 0.681063 0.776259 0.642617 0.675807 0.909529 0.943799 0.793709 0.912834 0.911275 0.862592 0.781093 0.770802 0.713105 0.773348 0.876162 0.903590
0.886407 0.898197 0.567991 0.528976 0.890359 0.979194 0.897026 0.920516 0.807912 0.843804 0.949286 0.819228 0.941338 0.848864 0.846920 0.945176 0.870566 0.829319 0.932783 0.960250 0.866654 0.837202 0.594622 0.658367 0.604071 0.760787 0.867775 0.717404 0.958054 0.883446 0.000000 0.683049 0.781273 0.891422 0.702936 0.938924 0.833471 0.937657 0.710736 0.881851 0.890600 0.806490 0.894396 0.994435 0.871769 0.822039 0.979619 0.957027 0.739256 0.915584 0.995358 0.970925 0.948702 0.821264 0.847368 0.948182 0.881792 0.854624 0.965521 0.831293 0.947545 0.976888 0.780357 0.732852 0.548141 0.588759 0.852215 0.867291 0.993049 0.997601 0.663442 0.739583 0.788771 0.751045 0.803453 0.742347 0.801246 0.882082 0.958703 0.988793 0.910239 0.870212 0.893858 0.955985 0.725275 0.682807 0.858984 0.945530 0.767399 0.956919 0.969418 0.934208 0.864129 0.835224 0.860616 0.947658 0.966368 0.917734 0.941930 0.970222 0.930449 0.873006 0.908413 0.825874 0.935622 0.863762 0.968983 0.773088 0.949187 0.991174 0.971572 0.864334 0.896552 0.927282 0.931801 0.859011
0.746090 0.800958 0.704695 0.653370 0.797321 0.822823 0.701843 0.684281 0.732175 0.876656 0.828314 0.885585 0.795890 0.777341 0.800955 0.851180 0.838193 0.856743 0.645314 0.703682 0.932434 0.796628 0.862240 0.835901 0.859745 0.985014 0.930017 0.854905 0.911842 0.904440 0.683049 0.000000 0.643850 0.673814 0.857528 0.972985 0.751665 0.943191 0.747704 0.804423 0.838811 0.932372 0.710314 0.746192 0.796243 0.804929 0.721007 0.586781 0.917077 0.698347 0.753959 0.679428 0.779039 0.715128 0.820216 0.866690 0.753843 0.830969 0.606260 0.732777 0.680952 0.810232 0.804400 0.899318 0.823491 0.718700 0.630452 0.703270 0.984588 0.998076 0.748270 0.743226 0.862030 0.689624 0.952037 0.699640 0.618894 0.631610 0.828952 0.823944 0.899453 0.909408 0.807383 0.972553 0.902786 0.882099 0.993845 0.858065 0.950301 0.837851 0.654103 0.685438 0.749824 0.692127 0.861444 0.944439 0.875354 0.819947 0.800703 0.746878 0.891353 0.822405 0.851381 0.778725 0.810185 0.780120 0.915113 0.677662 0.970212 0.938828 0.780656 0.820504 0.923237 0.926442 0.910177 0.884773
0.608283 0.594266 0.810831 0.799985 0.721660 0.813843 0.618204 0.585678 0.759824 0.806009 0.647813 0.714216 0.804194 0.739277 0.954552 0.977069 0.646092 0.651310 0.506982 0.506459 0.914756 0.913545 0.908296 0.967818 0.987211 0.914231 0.903666 0.858265 0.713131 0.666638 0.781273 0.643850 0.000000 0.470145 0.927158 0.907436 0.782510 0.812938 0.881637 0.903205 0.804222 0.965277 0.613264 0.655009 0.602135 0.689868 0.743255 0.645383 0.842516 0.669192 0.726762 0.707231 0.780543 0.731054 0.984306 0.865487 0.599700 0.675053 0.497312 0.625127 0.550247 0.716663 0.631778 0.692278 0.983812 0.694226 0.483873 0.472706 0.765837 0.738797 0.731520 0.850120 0.694792 0.614645 0.875325 0.730762 0.672883 0.690110 0.725489 0.709721 0.674917 0.738623 0.945662 0.977309 0.947630 0.895374 0.919369 0.806640 0.834169 0.901450 0.664627 0.666932 0.788892 0.788153 0.814715 0.850741 0.782880 0.947927 0.685834 0.693419 0.732000 0.713778 0.676363 0.811730 0.842984 0.864931 0.962284 0.857184 0.893619 0.843394 0.772380 0.869421 0.806515 0.861971 0.922956 0.938995
0.552267 0.580840 0.898552 0.928786 0.787188 0.713197 0.494555 0.476619 0.730198 0.561542 0.473654 0.634799 0.701397 0.656533 0.996390 0.990242 0.564432 0.597141 0.408114 0.535039 0.972413 0.916296 0.846914 0.827445 0.726327 0.777180 0.876429 0.849273 0.624042 0.649052 0.891422 0.673814 0.470145 0.000000 0.940077 0.910098 0.827985 0.942373 0.872711 0.990144 0.917605 0.926542 0.600106 0.552195 0.430658 0.514445 0.704975 0.564969 0.618738 0.550643 0.585553 0.555186 0.751688 0.609984 0.958839 0.929498 0.562806 0.698145 0.503931 0.713997 0.462943 0.699916 0.535731 0.635027 0.872847 0.827583 0.490299 0.469324 0.781622 0.725975 0.747008 0.840238 0.718118 0.597019 0.865525 0.574085 0.608663 0.626175 0.811084 0.800152 0.757776 0.785231 0.991076 0.851020 0.941598 0.943390 0.927311 0.873462 0.878180 0.823466 0.532772 0.589348 0.714657 0.714939 0.804922 0.824853 0.760713 0.856798 0.521741 0.569706 0.589657 0.729528 0.686806 0.725719 0.830041 0.811884 0.797030 0.736208 0.948014 0.909096 0.772629 0.629382 0.595072 0.847773 0.893140 0.945021
0.891830 0.875131 0.723998 0.660079 0.934299 0.785814 0.899242 0.801153 0.981357 0.707868 0.782411 0.681323 0.778628 0.832761 0.915067 0.785370 0.808391 0.770616 0.930209 0.989061 0.804438 0.970845 0.566188 0.651349 0.606094 0.803202 0.709889 0.741621 0.767897 0.634193 0.702936 0.857528 0.927158 0.940077 0.000000 0.848082 0.828159 0.884217 0.973360 0.953855 0.859394 0.880963 0.846041 0.807648 0.746396 0.678199 0.909919 0.890726 0.676418 0.856832 0.855753 0.884869 0.844228 0.952991 0.727722 0.882985 0.846262 0.923483 0.953478 0.872098 0.898227 0.833856 0.828335 0.797202 0.621488 0.724128 0.742286 0.839000 0.967107 0.878295 0.885430 0.976729 0.860410 0.942133 0.998668 0.977314 0.893111 0.984646 0.897282 0.836037 0.977837 0.971640 0.951545 0.939432 0.609396 0.617162 0.990535 0.890162 0.872526 0.729586 0.896113 0.999593 0.964365 0.885625 0.917760 0.886773 0.926164 0.860462 0.749986 0.880831 0.708192 0.930210 0.889294 0.787250 0.835636 0.983984 0.927703 0.901577 0.990934 0.925967 0.965826 0.754409 0.630336 0.811402 0.955584 0.886754
0.859418 0.896332 0.851992 0.875080 0.743158 0.866344 0.986389 0.880144 0.804717 0.866315 0.872339 0.854976 0.885224 0.886737 0.946175 0.772532 0.873856 0.831223 0.932757 0.964027 0.861813 0.974854 0.721123 0.910105 0.834083 0.897511 0.877785 0.970149 0.842728 0.781629 0.938924 0.972985 0.907436 0.910098 0.848082 0.000000 0.962565 0.838506 0.956431 0.904424 0.761411 0.862392 0.795560 0.828367 0.947289 0.860206 0.999354 0.871677 0.849504 0.940157 0.980173 0.997506 0.914785 0.958272 0.862590 0.964237 0.837495 0.921254 0.969654 0.828936 0.958628 0.920817 0.955445 0.886050 0.841177 0.776205 0.710435 0.726273 0.974689 0.983924 0.936408 0.967187 0.862783 0.868218 0.865566 0.999420 0.931986 0.976558 0.941198 0.892500 0.957193 0.985420 0.909147 0.918018 0.729139 0.697537 0.978816 0.916556 0.977753 0.996203 0.838409 0.873992 0.977368 0.990041 0.982738 0.964104 0.907475 0.996541 0.775743 0.808985 0.768226 0.998268 0.787282 0.904514 0.806255 0.982501 0.936885 0.936896 0.949216 0.897250 0.990415 0.922474 0.971001 0.945527 0.885598 0.870504
0.919385 0.947935 0.819221 0.687022 0.984613 0.963434 0.920807 0.881511 0.675071 0.943631 0.997859 0.885742 0.951385 0.926339 0.948766 0.802807 0.916040 0.975174 0.928873 0.751458 0.986596 0.854564 0.895974 0.870671 0.825276 0.756224 0.907492 0.945618 0.982218 0.892818 0.833471 0.751665 0.782510 0.827985 0.828159 0.962565 0.000000 0.813737 0.849713 0.723797 0.709740 0.812061 0.939802 0.972627 0.968012 0.843217 0.854108 0.978215 0.988215 0.880402 0.750388 0.806810 0.792692 0.773459 0.840941 0.996351 0.917811 0.930187 0.690134 0.654833 0.829346 0.740774 0.919625 0.943229 0.780671 0.678295 0.919047 0.834831 0.811984 0.807043 0.978852 0.828363 0.756852 0.865900 0.971543 0.866270 0.905391 0.963908 0.883917 0.939367 0.879973 0.945953 0.900866 0.804051 0.915782 0.908700 0.898990 0.932499 0.819935 0.794714 0.983527 0.962878 0.969626 0.985866 0.753436 0.907228 0.981690 0.911628 0.995535 0.961356 0.983163 0.922719 0.952350 0.947140 0.995269 0.839140 0.998974 0.904444 0.761939 0.986493 0.961253 0.919274 0.937586 0.988415 0.966361 0.928152
0.944474 0.873484 0.980789 0.837939 0.875248 0.995880 0.919304 0.998957 0.841429 0.890383 0.815518 0.985801 0.728822 0.852899 0.717046 0.982063 0.914863 0.984138 0.902330 0.995832 0.958506 0.909929 0.914021 0.941207 0.763424 0.774079 0.992267 0.995514 0.956663 0.928514 0.937657 0.943191 0.812938 0.942373 0.884217 0.838506 0.813737 0.000000 0.874147 0.935499 0.806716 0.966815 0.986230 0.927766 0.967708 0.944122 0.903134 0.975262 0.972741 0.900879 0.922172 0.926707 0.928135 0.944532 0.956461 0.869466 0.942387 0.892586 0.853370 0.646122 0.965133 0.739574 0.874816 0.897655 0.866615 0.688093 0.924214 0.848562 0.799946 0.888435 0.929639 0.966143 0.868167 0.995141 0.795091 0.993202 0.981409 0.946731 0.900503 0.865513 0.865332 0.851350 0.952919 0.908185 0.947221 0.896371 0.952377 0.905189 0.865420 0.895922 0.871679 0.784590 0.951462 0.925175 0.994754 0.909739 0.918121 0.895718 0.927156 0.846937 0.984554 0.952910 0.898686 0.962597 0.774336 0.861302 0.999513 0.863688 0.978370 0.924252 0.915280 0.975340 0.977173 0.934750 0.894953 0.920533
