0.000000 0.155107 0.647295 0.546266 0.930523 0.719344 0.549556 0.395223 0.674659 0.905034 0.321694 0.212002 0.288814 0.317375 0.525644 0.589367 0.219512 0.213004 0.242189 0.186925 0.654507 0.853512 0.697411 0.584102 0.712512 0.921736 0.618737 0.839055 0.261465 0.254568 0.790410 0.635136 0.314245 0.329336 0.922921 0.954567 0.718468 0.584568 0.976578 0.678800 0.561567 0.679745 0.992929 0.783670 0.916684 0.840206 0.555090 0.646451 0.732382 0.616144 0.701047 0.664817 0.924859 0.780085 0.342769 0.469121 0.158786 0.155393 0.361115 0.302858 0.243787 0.277507 0.197302 0.180416 0.476795 0.430285 0.772838 0.730548 0.278147 0.314041 0.807002 0.593555 0.887791 0.980869 0.761618 0.932829 0.857140 0.923945 0.469405 0.435076 0.230787 0.256633 0.361345 0.294455 0.213362 0.266668 0.872858 0.612040 0.392559 0.266593 0.426019 0.437449 0.380077 0.382261 0.946388 0.953307 0.966009 0.821972 0.839278 0.910260 0.777009 0.760384 0.973119 0.799503 0.918923 0.895967 0.891924 0.881264 0.761882 0.850685 0.824911 0.944389 0.852950 0.996052 0.760476 0.578439
0.155107 0.000000 0.562319 0.470627 0.911260 0.708404 0.535869 0.379729 0.641045 0.845525 0.389887 0.238675 0.348014 0.367670 0.554568 0.577637 0.207387 0.203570 0.248686 0.218132 0.622934 0.890124 0.641921 0.534247 0.631703 0.852460 0.544971 0.886512 0.299998 0.250954 0.698151 0.577728 0.302585 0.296806 0.838233 0.935892 0.615542 0.508914 0.870366 0.666913 0.559276 0.671178 0.924530 0.708802 0.962710 0.802379 0.477847 0.581662 0.740063 0.576317 0.662280 0.604355 0.850466 0.855393 0.321677 0.421523 0.136720 0.139632 0.344622 0.289879 0.276855 0.287949 0.238797 0.191844 0.424400 0.369537 0.677048 0.646688 0.279411 0.273945 0.857164 0.618048 0.863624 0.977874 0.734944 0.895459 0.922173 0.930179 0.417147 0.377974 0.214759 0.273317 0.317131 0.258987 0.223382 0.240561 0.817676 0.580183 0.445948 0.252198 0.378772 0.391607 0.354086 0.348915 0.976074 0.997180 0.988732 0.871281 0.805410 0.930823 0.720336 0.709594 0.975950 0.872977 0.848146 0.843663 0.854105 0.884601 0.805395 0.798333 0.794684 0.966523 0.892094 0.993074 0.719079 0.607140
0.647295 0.562319 0.000000 0.259476 0.976792 0.959064 0.494920 0.564646 0.970830 0.767316 0.881171 0.748928 0.748608 0.692973 0.666681 0.468329 0.604646 0.618483 0.491833 0.590159 0.537487 0.961782 0.341299 0.314873 0.286268 0.350368 0.450819 0.920350 0.756116 0.614039 0.424909 0.493893 0.482451 0.597206 0.475904 0.610668 0.497488 0.580320 0.590189 0.810904 0.775227 0.764539 0.839771 0.737502 0.864969 0.921111 0.599893 0.646019 0.824301 0.895293 0.886010 0.812313 0.780045 0.937799 0.622816 0.744202 0.545476 0.545515 0.670908 0.651244 0.619738 0.662486 0.728707 0.687454 0.295518 0.328349 0.386010 0.502398 0.650001 0.592525 0.701776 0.981993 0.693447 0.802097 0.628705 0.867242 0.764109 0.775410 0.683736 0.737845 0.728008 0.719439 0.457741 0.658100 0.497460 0.417115 0.804608 0.637249 0.776283 0.595614 0.721181 0.644241 0.776758 0.757697 0.966083 0.911122 0.923690 0.961333 0.863916 0.981290 0.913846 0.879563 0.968681 0.992279 0.614254 0.679821 0.767056 0.915009 0.915541 0.800221 0.783012 0.989389 0.957542 0.943083 0.539224 0.947357
0.546266 0.470627 0.259476 0.000000 0.909505 0.981771 0.347324 0.315301 0.908201 0.974415 0.893075 0.622968 0.643938 0.552570 0.632120 0.376352 0.573876 0.593308 0.422972 0.557189 0.543013 0.994910 0.228023 0.266550 0.416508 0.448675 0.501417 0.953166 0.714377 0.593683 0.290025 0.380133 0.352397 0.487828 0.485974 0.663747 0.515330 0.585092 0.755323 0.825083 0.804776 0.758777 0.641491 0.550626 0.944068 0.857802 0.492957 0.518112 0.938364 0.633285 0.593492 0.528264 0.562929 0.726431 0.543630 0.659245 0.458098 0.466025 0.491939 0.411557 0.513132 0.450783 0.610286 0.526421 0.366853 0.280954 0.327063 0.377831 0.684403 0.492187 0.586724 0.909244 0.561806 0.723853 0.601991 0.779810 0.716414 0.698085 0.482903 0.578199 0.645704 0.712510 0.469703 0.633489 0.437635 0.331740 0.899315 0.652857 0.655813 0.458880 0.791066 0.724724 0.801848 0.745333 0.816459 0.848447 0.847496 0.873209 0.960962 0.830653 0.947873 0.990868 0.981845 0.903889 0.537430 0.545291 0.681554 0.817227 0.979339 0.709421 0.732658 0.818413 0.872263 0.911021 0.456185 0.993390
0.930523 0.911260 0.976792 0.909505 0.000000 0.641296 0.788548 0.775061 0.502590 0.570831 0.885477 0.946856 0.842977 0.801626 0.638985 0.642517 0.939441 0.926106 0.948413 0.999270 0.855884 0.876681 0.682844 0.759259 0.901943 0.921225 0.998174 0.991673 0.925108 0.958637 0.716820 0.749354 0.902292 0.960303 0.945580 0.889704 0.873408 0.807145 0.829995 0.946254 0.774363 0.935242 0.878512 0.963582 0.855672 0.944643 0.963559 0.969172 0.975750 0.969267 0.821380 0.831080 0.761027 0.655163 0.974761 0.889480 0.900263 0.941718 0.960758 0.971597 0.863906 0.778901 0.940138 0.963737 0.960297 0.894256 0.917673 0.955561 0.798730 0.894102 0.690503 0.725272 0.678757 0.611509 0.880768 0.804177 0.790485 0.890303 0.962580 0.925506 0.982804 0.993413 0.961942 0.811319 0.947568 0.989554 0.876811 0.922531 0.938180 0.945995 0.680109 0.721728 0.676048 0.675421 0.763059 0.917884 0.997196 0.914115 0.724532 0.847375 0.697935 0.663327 0.814224 0.810678 0.735104 0.806710 0.945371 0.946493 0.953879 0.995958 0.933878 0.881359 0.769426 0.877947 0.899129 0.896978
0.719344 0.708404 0.959064 0.981771 0.641296 0.000000 0.867675 0.944538 0.483599 0.616321 0.643801 0.769609 0.892591 0.919288 0.975077 0.862973 0.725925 0.716585 0.868109 0.767278 0.922910 0.803592 0.757972 0.876607 0.990792 0.801456 0.823456 0.935017 0.791466 0.743644 0.732289 0.894527 0.878702 0.907910 0.904956 0.916985 0.996199 0.934601 0.973976 0.880918 0.741797 0.960191 0.771569 0.850393 0.727557 0.894164 0.982014 0.942241 0.976063 0.913613 0.861885 0.855991 0.756714 0.569436 0.922709 0.963927 0.705388 0.731426 0.881741 0.845273 0.833667 0.904876 0.833708 0.823273 0.758983 0.900011 0.906261 0.861471 0.640226 0.800188 0.611003 0.591473 0.606382 0.546102 0.907791 0.873686 0.662225 0.737193 0.858115 0.996846 0.827994 0.798650 0.799348 0.673163 0.829328 0.845504 0.921407 0.781376 0.921927 0.875996 0.479704 0.588882 0.546075 0.633082 0.682752 0.843690 0.813204 0.829783 0.641484 0.683770 0.698533 0.712340 0.755459 0.828771 0.747447 0.735427 0.875607 0.719712 0.729244 0.963388 0.823680 0.784574 0.712947 0.872549 0.769372 0.767260
0.549556 0.535869 0.494920 0.347324 0.788548 0.867675 0.000000 0.238723 0.885088 0.618235 0.925430 0.669239 0.594820 0.546789 0.656580 0.521322 0.635301 0.658014 0.405901 0.612810 0.671847 0.928471 0.337658 0.496905 0.768658 0.682927 0.763328 0.960077 0.624310 0.680528 0.284583 0.363754 0.339896 0.358416 0.601929 0.857590 0.699406 0.776554 0.967769 0.851955 0.916449 0.652658 0.511169 0.392109 0.616237 0.522229 0.412536 0.417239 0.569305 0.408196 0.353354 0.330140 0.411766 0.576727 0.496227 0.540853 0.502171 0.520410 0.294777 0.322406 0.432116 0.432759 0.444520 0.461637 0.724545 0.568687 0.331490 0.336210 0.827853 0.479189 0.607936 0.939974 0.445274 0.562682 0.679760 0.624215 0.542988 0.620862 0.438640 0.611035 0.611145 0.744231 0.592404 0.793000 0.512531 0.488398 0.783915 0.886549 0.627726 0.497725 0.978850 0.982983 0.991368 0.958984 0.643136 0.700234 0.648706 0.744475 0.551044 0.485849 0.793762 0.684681 0.617022 0.527140 0.476947 0.429970 0.576243 0.730933 0.943900 0.779731 0.631029 0.535548 0.624401 0.602648 0.434191 0.988812
0.395223 0.379729 0.564646 0.315301 0.775061 0.944538 0.238723 0.000000 0.868450 0.644643 0.736614 0.435189 0.421354 0.374023 0.528697 0.391443 0.496017 0.507419 0.353255 0.460398 0.689787 0.968504 0.344435 0.410947 0.800898 0.801780 0.782985 0.959441 0.493364 0.501645 0.357277 0.413440 0.288790 0.335025 0.672889 0.919548 0.725789 0.734685 0.962152 0.818480 0.809765 0.716166 0.574919 0.445382 0.712832 0.572174 0.435788 0.476540 0.570605 0.404126 0.343021 0.319088 0.461000 0.632523 0.445985 0.532228 0.379918 0.376882 0.309816 0.246449 0.310865 0.218712 0.346626 0.298284 0.640003 0.427772 0.472626 0.405830 0.690783 0.405923 0.706616 0.970916 0.485333 0.631905 0.662926 0.656004 0.680620 0.764949 0.365766 0.499511 0.458413 0.594632 0.540565 0.645624 0.394737 0.361758 0.918452 0.754728 0.547432 0.381119 0.884536 0.844860 0.848479 0.748749 0.708639 0.787337 0.789408 0.887848 0.696762 0.645654 0.893796 0.836041 0.792380 0.678818 0.560435 0.558328 0.672251 0.827856 0.950933 0.756525 0.706460 0.610235 0.742489 0.785125 0.528809 0.884888
0.674659 0.641045 0.970830 0.908201 0.502590 0.483599 0.885088 0.868450 0.000000 0.606054 0.644876 0.757205 0.914032 0.934892 0.944791 0.763840 0.619983 0.601800 0.802671 0.728503 0.941708 0.820143 0.686236 0.837807 0.869168 0.949152 0.823346 0.995776 0.719605 0.718256 0.724321 0.999665 0.813773 0.736009 0.876571 0.965481 0.791992 0.758357 0.884136 0.777225 0.715479 0.943226 0.913964 0.949766 0.956687 0.902505 0.795394 0.839035 0.830845 0.832819 0.973013 0.997279 0.879980 0.652638 0.720301 0.601540 0.620271 0.672641 0.737750 0.783922 0.914006 0.995238 0.760222 0.771279 0.859894 0.974400 0.975440 0.971182 0.579092 0.760243 0.589971 0.520301 0.658275 0.611428 0.935379 0.931884 0.707141 0.776728 0.830339 0.775281 0.647455 0.630086 0.690868 0.472022 0.762613 0.810012 0.849386 0.751695 0.754986 0.710563 0.435948 0.589733 0.422019 0.538604 0.779129 0.929853 0.892489 0.915489 0.706136 0.873893 0.639419 0.664204 0.974222 0.968258 0.758391 0.928984 0.985595 0.825004 0.743432 0.970512 0.898763 0.908728 0.844762 0.989537 0.926002 0.755350
0.905034 0.845525 0.767316 0.974415 0.570831 0.616321 0.618235 0.644643 0.606054 0.000000 0.749748 0.940909 0.934276 0.891750 0.958516 0.877378 0.803814 0.790868 0.987613 0.834282 0.824911 0.835029 0.821425 0.967471 0.574101 0.815984 0.660141 0.889922 0.992642 0.828199 0.722204 0.817049 0.908262 0.893929 0.974634 0.798385 0.769805 0.634523 0.629243 0.976526 0.706380 0.996744 0.570754 0.638664 0.447022 0.499405 0.857208 0.791227 0.501311 0.583946 0.450358 0.515025 0.510871 0.434410 0.998959 0.974010 0.862022 0.849370 0.759501 0.775676 0.918130 0.816925 0.884448 0.946903 0.575469 0.801498 0.849954 0.771563 0.606131 0.947454 0.654330 0.675667 0.636306 0.576239 0.996868 0.693970 0.575999 0.740379 0.856227 0.993928 0.909253 0.787400 0.747232 0.620805 0.868786 0.845120 0.576868 0.678398 0.964964 0.944284 0.463966 0.461035 0.557227 0.630403 0.560636 0.810436 0.719444 0.665204 0.313079 0.431843 0.511601 0.442935 0.625630 0.570794 0.738234 0.702078 0.790965 0.640800 0.851517 0.956247 0.870412 0.482993 0.491005 0.682869 0.797445 0.808307
0.321694 0.389887 0.881171 0.893075 0.885477 0.643801 0.925430 0.736614 0.644876 0.749748 0.000000 0.275239 0.291496 0.359235 0.453371 0.711003 0.289330 0.257043 0.476742 0.275924 0.790287 0.814006 0.966272 0.811713 0.893832 0.862401 0.722041 0.737249 0.280955 0.281583 0.847227 0.959800 0.639183 0.545198 0.818752 0.838719 0.916457 0.809336 0.936986 0.757405 0.497083 0.891015 0.629064 0.815986 0.652322 0.845135 0.932989 0.949002 0.980856 0.992765 0.894981 0.930945 0.728731 0.513209 0.575470 0.700362 0.397481 0.361739 0.768570 0.708290 0.345515 0.469941 0.359979 0.366776 0.559284 0.592567 0.820332 0.869311 0.388143 0.624452 0.527152 0.541138 0.864221 0.782121 0.774504 0.899890 0.603223 0.671104 0.716286 0.666792 0.394219 0.310448 0.540834 0.411680 0.395878 0.509087 0.718456 0.716526 0.604154 0.575451 0.416737 0.419287 0.367290 0.452676 0.727900 0.949657 0.733429 0.536053 0.590593 0.630211 0.665828 0.690706 0.836840 0.986267 0.737523 0.785429 0.758621 0.662176 0.672991 0.907941 0.939153 0.797463 0.599879 0.764839 0.974478 0.524688
0.212002 0.238675 0.748928 0.622968 0.946856 0.769609 0.669239 0.435189 0.757205 0.940909 0.275239 0.000000 0.204933 0.210751 0.356586 0.460738 0.210508 0.199670 0.305789 0.212848 0.682207 0.798260 0.701270 0.551535 0.778545 0.981726 0.654742 0.838164 0.258062 0.206528 0.837250 0.685776 0.393604 0.376895 0.905074 0.916059 0.800452 0.716178 0.993340 0.776784 0.586456 0.810218 0.911202 0.890824 0.861348 0.925522 0.673784 0.763787 0.838536 0.716752 0.771512 0.731175 0.955199 0.820504 0.386109 0.554341 0.250918 0.213449 0.529817 0.445519 0.223319 0.230529 0.226279 0.180906 0.484639 0.388211 0.924308 0.842065 0.333431 0.419200 0.749901 0.689316 0.881870 0.968521 0.706497 0.961804 0.833074 0.838521 0.504950 0.429673 0.239396 0.228786 0.369148 0.314754 0.231966 0.283649 0.754181 0.576127 0.421422 0.367324 0.455057 0.446590 0.404030 0.408965 0.894130 0.990822 0.816497 0.679647 0.766490 0.834871 0.715647 0.817660 0.966393 0.885132 0.967562 0.991021 0.994955 0.772060 0.691894 0.913532 0.880498 0.994489 0.761976 0.844480 0.814582 0.596478
0.288814 0.348014 0.748608 0.643938 0.842977 0.892591 0.594820 0.421354 0.914032 0.934276 0.291496 0.204933 0.000000 0.187417 0.257709 0.424105 0.271167 0.270806 0.309317 0.275683 0.737887 0.890347 0.656426 0.570053 0.854525 0.992728 0.718078 0.830594 0.250979 0.260473 0.782797 0.619119 0.407674 0.365677 0.942331 0.898815 0.862418 0.802793 0.863233 0.787329 0.612360 0.853136 0.940262 0.885558 0.900516 0.927672 0.700372 0.816688 0.860180 0.743344 0.779542 0.738758 0.931579 0.892397 0.419458 0.599138 0.359236 0.315345 0.593961 0.519260 0.173372 0.253533 0.220632 0.228546 0.539412 0.418301 0.932485 0.857828 0.486635 0.495180 0.803498 0.782277 0.757642 0.845301 0.643483 0.926883 0.904608 0.934335 0.556927 0.516340 0.312251 0.296913 0.436784 0.454736 0.276300 0.349552 0.841755 0.696962 0.492188 0.479822 0.631562 0.584100 0.547734 0.551800 0.941384 0.991337 0.904778 0.708435 0.886005 0.936868 0.881619 0.985261 0.972240 0.792172 0.956267 0.933982 0.996615 0.832787 0.697726 0.987530 0.872882 0.997085 0.808560 0.900514 0.765945 0.589419
0.317375 0.367670 0.692973 0.552570 0.801626 0.919288 0.546789 0.374023 0.934892 0.891750 0.359235 0.210751 0.187417 0.000000 0.248784 0.312918 0.279371 0.271902 0.284011 0.279877 0.668909 0.811765 0.538729 0.437396 0.787539 0.897767 0.687502 0.793851 0.295025 0.272101 0.696124 0.566403 0.392060 0.365114 0.864350 0.903371 0.856159 0.833097 0.922523 0.829079 0.692559 0.821397 0.994909 0.838059 0.942845 0.895960 0.659112 0.732487 0.837386 0.697209 0.707329 0.676710 0.812797 0.989098 0.404368 0.588335 0.356830 0.311490 0.568878 0.491116 0.217432 0.223234 0.258347 0.234000 0.524565 0.362103 0.839841 0.779536 0.524482 0.531377 0.925416 0.841502 0.697376 0.739402 0.603347 0.868684 0.941914 0.926565 0.510066 0.495993 0.335210 0.297553 0.411498 0.444855 0.257349 0.306599 0.814515 0.580499 0.499115 0.427396 0.653800 0.629025 0.581244 0.602239 0.978248 0.955536 0.865737 0.775433 0.935128 0.976413 0.901762 0.977688 0.928443 0.765501 0.881535 0.837950 0.973179 0.884020 0.692299 0.970730 0.796095 0.926324 0.895693 0.922984 0.695963 0.678944
0.525644 0.554568 0.666681 0.632120 0.638985 0.975077 0.656580 0.528697 0.944791 0.958516 0.453371 0.356586 0.257709 0.248784 0.000000 0.313569 0.401747 0.394231 0.462540 0.432289 0.665462 0.821337 0.555695 0.465187 0.787732 0.851844 0.758559 0.819131 0.376531 0.344778 0.729726 0.641252 0.538371 0.496831 0.865348 0.989762 0.900653 0.948878 0.947943 0.929042 0.796070 0.952916 0.981934 0.921057 0.901247 0.988293 0.800708 0.857023 0.989381 0.867838 0.849747 0.819711 0.862250 0.965331 0.532437 0.734453 0.551501 0.499740 0.792769 0.726170 0.309784 0.371654 0.426347 0.430070 0.508913 0.381440 0.890705 0.862826 0.689093 0.695870 0.937813 0.931922 0.668301 0.710733 0.581459 0.909088 0.990321 0.996480 0.614055 0.624680 0.476236 0.427459 0.472609 0.583626 0.384892 0.448824 0.814839 0.660380 0.673774 0.641313 0.771982 0.706929 0.689084 0.752756 0.990890 0.982193 0.795930 0.723562 0.893513 0.977599 0.887752 0.941556 0.952807 0.862122 0.912422 0.925803 0.987164 0.827884 0.680637 0.915293 0.848575 0.970316 0.866720 0.872959 0.786011 0.757706
0.589367 0.577637 0.468329 0.376352 0.642517 0.862973 0.521322 0.391443 0.763840 0.877378 0.711003 0.460738 0.424105 0.312918 0.313569 0.000000 0.495813 0.506360 0.459644 0.521607 0.572016 0.874477 0.287414 0.256490 0.568905 0.576986 0.606507 0.864460 0.557059 0.442016 0.432245 0.470560 0.451455 0.506732 0.608319 0.826012 0.768233 0.803960 0.918464 0.877276 0.874154 0.906943 0.824278 0.748136 0.995317 0.950502 0.676652 0.694448 0.997196 0.753685 0.695199 0.646017 0.637218 0.739345 0.519840 0.715438 0.554306 0.510721 0.704379 0.627437 0.409840 0.342371 0.531966 0.466987 0.440014 0.263740 0.622130 0.585893 0.752272 0.650213 0.744511 0.886190 0.544014 0.589477 0.516806 0.718927 0.801078 0.839501 0.577877 0.575195 0.580336 0.558170 0.471685 0.639843 0.410217 0.376271 0.759399 0.641688 0.675235 0.566950 0.844608 0.746622 0.817614 0.774707 0.855071 0.907796 0.886211 0.843023 0.987064 0.911195 0.929301 0.950018 0.966827 0.874003 0.676003 0.764700 0.839775 0.991718 0.858813 0.935070 0.794338 0.886611 0.993744 0.949419 0.569240 0.898612
0.219512 0.207387 0.604646 0.573876 0.939441 0.725925 0.635301 0.496017 0.619983 0.803814 0.289330 0.210508 0.271167 0.279371 0.401747 0.495813 0.000000 0.145952 0.264763 0.232631 0.596058 0.822728 0.682745 0.519502 0.611007 0.825939 0.565977 0.830226 0.220990 0.181471 0.775663 0.625632 0.342495 0.307797 0.852933 0.991623 0.713754 0.634953 0.908836 0.667751 0.537892 0.738326 0.998271 0.791391 0.939303 0.857922 0.528554 0.628524 0.805962 0.646515 0.762142 0.699803 0.894118 0.833460 0.295880 0.393170 0.194633 0.182688 0.473047 0.444411 0.266004 0.327597 0.243975 0.215255 0.406259 0.350637 0.760901 0.707746 0.319218 0.391372 0.765546 0.601046 0.879257 0.985279 0.683295 0.904548 0.892659 0.939435 0.477595 0.377155 0.200246 0.204557 0.281980 0.228098 0.214410 0.256562 0.724964 0.566682 0.468433 0.330009 0.384232 0.391727 0.325665 0.391561 0.927419 0.995723 0.915658 0.739864 0.756222 0.888496 0.686486 0.735732 0.945486 0.853234 0.935417 0.884117 0.974990 0.808223 0.640971 0.874747 0.803386 0.990847 0.820054 0.926953 0.723963 0.577842
0.213004 0.203570 0.618483 0.593308 0.926106 0.716585 0.658014 0.507419 0.601800 0.790868 0.257043 0.199670 0.270806 0.271902 0.394231 0.506360 0.145952 0.000000 0.272632 0.211101 0.595484 0.796805 0.717439 0.530149 0.643593 0.838907 0.579453 0.775949 0.225195 0.178695 0.818307 0.652897 0.367254 0.327597 0.880496 0.987988 0.734725 0.631072 0.908385 0.715111 0.562807 0.761976 0.954795 0.835931 0.886553 0.903117 0.585578 0.670339 0.845306 0.689450 0.799513 0.736882 0.936749 0.785196 0.298454 0.453514 0.194984 0.180580 0.503884 0.468727 0.259520 0.316167 0.247631 0.213902 0.395137 0.344118 0.807928 0.774957 0.317009 0.400768 0.720527 0.580295 0.924126 0.995433 0.712014 0.901827 0.844059 0.872367 0.470241 0.412900 0.202694 0.196329 0.296668 0.230780 0.218403 0.257905 0.675172 0.579359 0.486539 0.342990 0.362315 0.356614 0.312582 0.367170 0.944992 0.967965 0.840917 0.709973 0.716171 0.864669 0.665973 0.701521 0.989071 0.905772 0.962390 0.940913 0.965945 0.776160 0.672092 0.936444 0.837943 0.931608 0.783268 0.941818 0.757580 0.555273
0.242189 0.248686 0.491833 0.422972 0.948413 0.868109 0.405901 0.353255 0.802671 0.987613 0.476742 0.305789 0.309317 0.284011 0.462540 0.459644 0.264763 0.272632 0.000000 0.243681 0.606275 0.929201 0.472299 0.416833 0.592332 0.738080 0.570897 0.868668 0.323905 0.323243 0.590592 0.460125 0.272800 0.309650 0.715009 0.941070 0.629659 0.630650 0.956145 0.673530 0.598664 0.661711 0.900589 0.700325 0.981728 0.831387 0.455168 0.562559 0.806097 0.601012 0.661446 0.611523 0.792691 0.945597 0.313061 0.484752 0.233173 0.220370 0.380381 0.354925 0.272374 0.303775 0.256715 0.238601 0.437720 0.361206 0.587485 0.618198 0.392459 0.351076 0.985200 0.790064 0.675940 0.795907 0.681327 0.832416 0.955903 0.961183 0.484492 0.452583 0.297600 0.301580 0.318936 0.356766 0.211333 0.220949 0.827265 0.568943 0.459570 0.308773 0.585887 0.574563 0.531709 0.560487 0.869322 0.889873 0.862563 0.992084 0.980529 0.903440 0.959049 0.919026 0.832398 0.680067 0.698581 0.690375 0.801638 0.944569 0.746794 0.789568 0.677763 0.882680 0.954873 0.905620 0.580777 0.649070
0.186925 0.218132 0.590159 0.557189 0.999270 0.767278 0.612810 0.460398 0.728503 0.834282 0.275924 0.212848 0.275683 0.279877 0.432289 0.521607 0.232631 0.211101 0.243681 0.000000 0.622064 0.790683 0.670392 0.509344 0.661000 0.877264 0.585467 0.807751 0.281314 0.236452 0.792569 0.672353 0.384524 0.362729 0.900241 0.996958 0.723846 0.617779 0.946488 0.716497 0.540368 0.758281 0.862548 0.929824 0.779330 0.986125 0.655953 0.771172 0.925192 0.784828 0.866292 0.816129 0.977613 0.720724 0.396586 0.559123 0.226668 0.203539 0.509711 0.449644 0.262916 0.307776 0.255567 0.234083 0.420214 0.389490 0.832338 0.806339 0.280188 0.381971 0.805730 0.684266 0.901377 0.989722 0.738173 0.957173 0.837214 0.888498 0.533499 0.500483 0.280797 0.238011 0.344891 0.318358 0.228520 0.283871 0.779819 0.572107 0.460009 0.347917 0.443903 0.430853 0.405514 0.435471 0.908081 0.988616 0.939103 0.750807 0.740758 0.826124 0.775877 0.742879 0.962916 0.884892 0.923812 0.955867 0.974602 0.804637 0.795578 0.935995 0.901939 0.964709 0.763210 0.895073 0.784700 0.589184
0.654507 0.622934 0.537487 0.543013 0.855884 0.922910 0.671847 0.689787 0.941708 0.824911 0.790287 0.682207 0.737887 0.668909 0.665462 0.572016 0.596058 0.595484 0.606275 0.622064 0.000000 0.823390 0.586030 0.538612 0.582562 0.608702 0.613632 0.933870 0.705414 0.620391 0.608544 0.632987 0.534696 0.645165 0.789034 0.846534 0.720062 0.740564 0.932260 0.910476 0.750678 0.854932 0.951348 0.877422 0.945239 0.984930 0.757562 0.730571 0.952109 0.863092 0.896148 0.835706 0.849851 0.986351 0.587298 0.753330 0.606142 0.610693 0.724277 0.756036 0.658925 0.663155 0.677839 0.667466 0.513521 0.516110 0.598125 0.715792 0.644524 0.727583 0.882734 0.907114 0.768080 0.803793 0.696678 0.876476 0.943763 0.973781 0.662392 0.579531 0.660765 0.661478 0.519803 0.632692 0.570445 0.525251 0.796656 0.770565 0.788831 0.655438 0.695049 0.669518 0.743492 0.840005 0.942780 0.856432 0.990942 0.874117 0.842696 0.983545 0.826980 0.942805 0.945727 0.888914 0.773967 0.829191 0.997492 0.892049 0.848212 0.924415 0.878094 0.978549 0.904014 0.996413 0.668794 0.853286
0.853512 0.890124 0.961782 0.994910 0.876681 0.803592 0.928471 0.968504 0.820143 0.835029 0.814006 0.798260 0.890347 0.811765 0.821337 0.874477 0.822728 0.796805 0.929201 0.790683 0.823390 0.000000 0.986574 0.948878 0.989960 0.981380 0.975062 0.759219 0.819484 0.735237 0.925223 0.916281 0.933923 0.985595 0.993929 0.978297 0.919142 0.867611 0.941104 0.881629 0.996239 0.893242 0.820743 0.852342 0.799325 0.877058 0.938149 0.992079 0.873313 0.913612 0.878749 0.902572 0.887661 0.828290 0.866645 0.958627 0.852111 0.841514 0.985511 0.983363 0.904596 0.939261 0.867166 0.896421 0.873395 0.863287 0.854992 0.930658 0.888103 0.833378 0.876680 0.869952 0.922419 0.844127 0.978165 0.944278 0.905586 0.881018 0.912302 0.890678 0.869505 0.820406 0.856151 0.869140 0.864097 0.891393 0.869956 0.871993 0.915073 0.931026 0.798423 0.774114 0.793365 0.758538 0.721801 0.984735 0.869051 0.812568 0.750201 0.836715 0.826475 0.890620 0.761581 0.809724 0.932044 0.743462 0.945384 0.943327 0.821990 0.698171 0.929236 0.880613 0.744477 0.806880 0.821938 0.748584
0.697411 0.641921 0.341299 0.228023 0.682844 0.757972 0.337658 0.344435 0.686236 0.821425 0.966272 0.701270 0.656426 0.538729 0.555695 0.287414 0.682745 0.717439 0.472299 0.670392 0.586030 0.986574 0.000000 0.243009 0.474722 0.428800 0.624836 0.925153 0.768816 0.678172 0.226819 0.353318 0.427847 0.553347 0.434705 0.682629 0.633031 0.726432 0.830162 0.944026 0.954847 0.806153 0.583404 0.533279 0.844224 0.824654 0.508467 0.531934 0.936221 0.646366 0.564130 0.514962 0.489952 0.556185 0.590089 0.713827 0.625225 0.603131 0.600242 0.549624 0.568239 0.487504 0.666761 0.600028 0.496214 0.342789 0.353340 0.393778 0.858030 0.603943 0.445903 0.729323 0.405999 0.498455 0.623781 0.697598 0.583520 0.662439 0.569726 0.619850 0.717435 0.750590 0.528776 0.788133 0.492589 0.411190 0.951245 0.662770 0.722971 0.558958 0.973646 0.927976 0.985720 0.959833 0.745763 0.812643 0.833690 0.838833 0.808114 0.681273 0.896412 0.818782 0.835047 0.817336 0.411737 0.488822 0.687574 0.789439 0.984167 0.790788 0.704232 0.773796 0.796655 0.856191 0.429971 0.940998
0.584102 0.534247 0.314873 0.266550 0.759259 0.876607 0.496905 0.410947 0.837807 0.967471 0.811713 0.551535 0.570053 0.437396 0.465187 0.256490 0.519502 0.530149 0.416833 0.509344 0.538612 0.948878 0.243009 0.000000 0.397336 0.427490 0.562520 0.881274 0.649688 0.496828 0.412264 0.489295 0.406820 0.542963 0.496494 0.760659 0.622765 0.673458 0.766070 0.905862 0.855815 0.812735 0.772821 0.699581 0.979748 0.969755 0.552839 0.600325 0.961684 0.751309 0.713032 0.656249 0.645367 0.762503 0.516246 0.690479 0.510474 0.488431 0.658469 0.602592 0.510006 0.442270 0.617297 0.531520 0.351303 0.249062 0.450529 0.519623 0.659511 0.599819 0.677660 0.823439 0.585118 0.606853 0.654051 0.765260 0.818450 0.809882 0.601638 0.584125 0.590594 0.575386 0.424742 0.579744 0.404800 0.320609 0.764638 0.511063 0.666825 0.500222 0.810646 0.705357 0.812322 0.779787 0.857425 0.859414 0.978040 0.977567 0.964104 0.902954 0.962010 0.968163 0.948677 0.898299 0.586010 0.635581 0.843101 0.989075 0.831317 0.831256 0.775250 0.925076 0.994307 0.977719 0.538706 0.972514
0.712512 0.631703 0.286268 0.416508 0.901943 0.990792 0.768658 0.800898 0.869168 0.574101 0.893832 0.778545 0.854525 0.787539 0.787732 0.568905 0.611007 0.643593 0.592332 0.661000 0.582562 0.989960 0.474722 0.397336 0.000000 0.252431 0.383122 0.886105 0.869001 0.670170 0.601254 0.611858 0.600998 0.691950 0.484420 0.630548 0.424800 0.529729 0.467687 0.796988 0.751561 0.741638 0.946310 0.843615 0.766925 0.802825 0.643225 0.727816 0.713412 0.983441 0.954167 0.958006 0.929927 0.950887 0.692677 0.737303 0.617360 0.603396 0.833718 0.814353 0.813286 0.825049 0.850734 0.768907 0.307504 0.380127 0.545396 0.629691 0.582516 0.713265 0.772138 0.947469 0.861337 0.933647 0.710474 0.962355 0.961706 0.848476 0.804416 0.727045 0.753219 0.673670 0.449915 0.522918 0.528500 0.450892 0.650780 0.510088 0.745705 0.613065 0.592188 0.539520 0.625407 0.654017 0.913442 0.980648 0.986738 0.926939 0.668804 0.846349 0.735109 0.719110 0.916099 0.884154 0.706391 0.740146 0.869542 0.895731 0.980438 0.817756 0.908487 0.850339 0.822390 0.910458 0.600318 0.955044
0.921736 0.852460 0.350368 0.448675 0.921225 0.801456 0.682927 0.801780 0.949152 0.815984 0.862401 0.981726 0.992728 0.897767 0.851844 0.576986 0.825939 0.838907 0.738080 0.877264 0.608702 0.981380 0.428800 0.427490 0.252431 0.000000 0.541302 0.931458 0.984180 0.857665 0.498954 0.602652 0.652199 0.771137 0.419499 0.617382 0.491488 0.596354 0.579966 0.887843 0.971680 0.795055 0.775948 0.747986 0.959900 0.922476 0.668280 0.697494 0.777058 0.935798 0.924537 0.842547 0.754352 0.799784 0.730647 0.775943 0.813449 0.804562 0.881270 0.887815 0.940947 0.909946 0.975523 0.919033 0.478836 0.490451 0.452427 0.544538 0.850057 0.798200 0.590422 0.875785 0.745388 0.748272 0.717507 0.861016 0.794193 0.681141 0.848565 0.857458 0.916973 0.892548 0.580197 0.746473 0.700028 0.584024 0.706823 0.709198 0.839498 0.755561 0.875016 0.807662 0.905821 0.881156 0.947019 0.838809 0.932890 0.948755 0.915636 0.938937 0.970870 0.990730 0.974703 0.997683 0.557688 0.612682 0.796737 0.927636 0.974500 0.820055 0.949920 0.981663 0.987309 0.918091 0.571931 0.933575
0.618737 0.544971 0.450819 0.501417 0.998174 0.823456 0.763328 0.782985 0.823346 0.660141 0.722041 0.654742 0.718078 0.687502 0.758559 0.606507 0.565977 0.579453 0.570897 0.585467 0.613632 0.975062 0.624836 0.562520 0.383122 0.541302 0.000000 0.900037 0.741480 0.583869 0.655314 0.636083 0.599890 0.623143 0.668867 0.602997 0.482941 0.550772 0.655786 0.791851 0.724996 0.794629 0.877197 0.982782 0.692091 0.780777 0.810038 0.897553 0.767948 0.997612 0.957187 0.964805 0.996913 0.794873 0.679463 0.801934 0.545126 0.538070 0.794375 0.739802 0.664757 0.706593 0.718480 0.659437 0.374597 0.464144 0.695544 0.808577 0.546335 0.673249 0.964784 0.799035 0.949666 0.907987 0.630629 0.920174 0.898894 0.973494 0.762462 0.687584 0.731269 0.650966 0.508254 0.581734 0.491035 0.485323 0.717698 0.691619 0.758580 0.660747 0.503588 0.523546 0.566829 0.660931 0.895840 0.877776 0.837715 0.855993 0.607471 0.714211 0.594209 0.741046 0.872050 0.945942 0.884728 0.858230 0.958806 0.774093 0.943818 0.847086 0.874829 0.794956 0.776893 0.881848 0.762980 0.912134
0.839055 0.886512 0.920350 0.953166 0.991673 0.935017 0.960077 0.959441 0.995776 0.889922 0.737249 0.838164 0.830594 0.793851 0.819131 0.864460 0.830226 0.775949 0.868668 0.807751 0.933870 0.759219 0.925153 0.881274 0.886105 0.931458 0.900037 0.000000 0.805918 0.801514 0.945062 0.989646 0.953632 0.947385 0.928645 0.929865 0.993772 0.854541 0.941350 0.927542 0.931958 0.932686 0.847988 0.908477 0.774165 0.842223 0.924874 0.993288 0.869612 0.869991 0.887010 0.892801 0.911673 0.798452 0.978840 0.971597 0.831217 0.787810 0.992236 0.989313 0.820647 0.882404 0.841935 0.843162 0.789446 0.829170 0.926423 0.879095 0.859221 0.919776 0.998770 0.890653 0.961978 0.954944 0.931875 0.952213 0.856265 0.766019 0.890361 0.917998 0.861313 0.786883 0.852559 0.916305 0.789661 0.828591 0.988662 0.959777 0.983510 0.850957 0.835243 0.810224 0.859536 0.936378 0.934990 0.813191 0.855259 0.773102 0.840946 0.868080 0.798792 0.975043 0.923490 0.909661 0.969211 0.843430 0.861910 0.830455 0.959481 0.755272 0.891377 0.775630 0.901029 0.850195 0.958045 0.812297
0.261465 0.299998 0.756116 0.714377 0.925108 0.791466 0.624310 0.493364 0.719605 0.992642 0.280955 0.258062 0.250979 0.295025 0.376531 0.557059 0.220990 0.225195 0.323905 0.281314 0.705414 0.819484 0.768816 0.649688 0.869001 0.984180 0.741480 0.805918 0.000000 0.220786 0.875308 0.721038 0.425014 0.391402 0.985339 0.891139 0.864370 0.794130 0.896141 0.703185 0.618047 0.790012 0.972901 0.797448 0.979053 0.789943 0.615266 0.704523 0.699128 0.627101 0.726279 0.692482 0.901573 0.874695 0.367755 0.478151 0.294610 0.276829 0.509974 0.471669 0.264476 0.345038 0.245536 0.261734 0.563912 0.505590 0.869182 0.806998 0.442620 0.451227 0.780154 0.647395 0.858117 0.935923 0.751069 0.851975 0.943049 0.939126 0.516804 0.476941 0.255421 0.260218 0.414707 0.402479 0.288086 0.402898 0.828721 0.709708 0.522498 0.426690 0.585573 0.600477 0.494422 0.560440 0.976884 0.951614 0.979325 0.749359 0.901776 0.979070 0.842660 0.882990 0.868816 0.743686 0.958887 0.956364 0.951969 0.896203 0.617576 0.960528 0.804876 0.934569 0.902216 0.991071 0.828086 0.587540
0.254568 0.250954 0.614039 0.593683 0.958637 0.743644 0.680528 0.501645 0.718256 0.828199 0.281583 0.206528 0.260473 0.272101 0.344778 0.442016 0.181471 0.178695 0.323243 0.236452 0.620391 0.735237 0.678172 0.496828 0.670170 0.857665 0.583869 0.801514 0.220786 0.000000 0.789455 0.665777 0.414443 0.404626 0.919385 0.972184 0.741874 0.667266 0.935702 0.705698 0.592789 0.820602 0.933990 0.882970 0.871064 0.944916 0.622216 0.733708 0.896164 0.729432 0.824432 0.755796 0.946769 0.828032 0.340360 0.542627 0.248334 0.221704 0.560281 0.502845 0.258020 0.314189 0.280034 0.251659 0.389106 0.335891 0.843499 0.794706 0.367906 0.406652 0.788078 0.646568 0.890558 0.971149 0.691191 0.893574 0.853289 0.872620 0.528627 0.438435 0.254874 0.246807 0.326051 0.323833 0.243081 0.308145 0.695912 0.598150 0.525984 0.388482 0.426270 0.391187 0.392925 0.413471 0.869587 0.968774 0.845881 0.693963 0.706117 0.812416 0.706383 0.717487 0.967406 0.934200 0.977048 0.979090 0.978804 0.786225 0.680538 0.969450 0.795646 0.968000 0.738214 0.914178 0.799897 0.615172
0.790410 0.698151 0.424909 0.290025 0.716820 0.732289 0.284583 0.357277 0.724321 0.722204 0.847227 0.837250 0.782797 0.696124 0.729726 0.432245 0.775663 0.818307 0.590592 0.792569 0.608544 0.925223 0.226819 0.412264 0.601254 0.498954 0.655314 0.945062 0.875308 0.789455 0.000000 0.313016 0.460164 0.505221 0.475439 0.630069 0.654563 0.730248 0.901052 0.921228 0.970424 0.766617 0.467090 0.419421 0.645345 0.640170 0.456518 0.465997 0.780180 0.519118 0.446808 0.393382 0.367986 0.434648 0.598327 0.663390 0.680659 0.691323 0.525213 0.522797 0.647254 0.560028 0.706498 0.662904 0.677785 0.494203 0.288502 0.291468 0.982037 0.615240 0.432869 0.753855 0.365502 0.519992 0.652884 0.601575 0.458295 0.573326 0.503222 0.607798 0.781190 0.900942 0.655585 0.889626 0.646397 0.556887 0.918342 0.845106 0.801840 0.628754 0.914677 0.984193 0.902200 0.965433 0.629623 0.802306 0.757923 0.727704 0.659558 0.545555 0.876444 0.771252 0.742345 0.772856 0.388028 0.421550 0.611432 0.707830 0.852813 0.745116 0.691723 0.652314 0.618517 0.735391 0.431230 0.882373
0.635136 0.577728 0.493893 0.380133 0.749354 0.894527 0.363754 0.413440 0.999665 0.817049 0.959800 0.685776 0.619119 0.566403 0.641252 0.470560 0.625632 0.652897 0.460125 0.672353 0.632987 0.916281 0.353318 0.489295 0.611858 0.602652 0.636083 0.989646 0.721038 0.665777 0.313016 0.000000 0.412692 0.436707 0.589628 0.679712 0.620600 0.715675 0.925628 0.820288 0.912703 0.815500 0.541474 0.455598 0.735368 0.666007 0.421528 0.417746 0.762003 0.502766 0.504896 0.443962 0.444112 0.613441 0.534761 0.620349 0.573975 0.576237 0.478471 0.475955 0.558088 0.519833 0.567342 0.540157 0.635832 0.456726 0.433691 0.402538 0.820315 0.618554 0.612986 0.968656 0.509996 0.603641 0.690883 0.624773 0.660736 0.766167 0.514725 0.503923 0.601225 0.665036 0.482720 0.687516 0.492022 0.448582 0.957806 0.757632 0.642336 0.534804 0.912138 0.887921 0.899619 0.877291 0.729668 0.882826 0.875175 0.774810 0.760005 0.621011 0.931330 0.839770 0.677793 0.741600 0.524840 0.435179 0.633090 0.824119 0.999928 0.793479 0.577673 0.775803 0.721216 0.752812 0.492612 0.945476
0.314245 0.302585 0.482451 0.352397 0.902292 0.878702 0.339896 0.288790 0.813773 0.908262 0.639183 0.393604 0.407674 0.392060 0.538371 0.451455 0.342495 0.367254 0.272800 0.384524 0.534696 0.933923 0.427847 0.406820 0.600998 0.652199 0.599890 0.953632 0.425014 0.414443 0.460164 0.412692 0.000000 0.260527 0.620463 0.850200 0.671859 0.625917 0.946919 0.824838 0.758282 0.753419 0.703350 0.524391 0.823723 0.674085 0.379095 0.432758 0.667583 0.475093 0.492383 0.443487 0.612116 0.832398 0.322743 0.397133 0.270817 0.284676 0.300862 0.285344 0.319556 0.307328 0.302077 0.279663 0.501492 0.374967 0.431005 0.439007 0.502121 0.338054 0.904675 0.890731 0.587197 0.747883 0.686437 0.676902 0.796715 0.827835 0.381480 0.384434 0.352407 0.434652 0.348911 0.418231 0.278506 0.253330 0.998731 0.611511 0.499484 0.333779 0.643777 0.625087 0.623991 0.612306 0.859141 0.841782 0.803259 0.982149 0.894500 0.784517 0.924737 0.977202 0.844447 0.708787 0.618091 0.578453 0.712718 0.940768 0.807268 0.772957 0.693289 0.758982 0.892080 0.784401 0.504848 0.762805
0.329336 0.296806 0.597206 0.487828 0.960303 0.907910 0.358416 0.335025 0.736009 0.893929 0.545198 0.376895 0.365677 0.365114 0.496831 0.506732 0.307797 0.327597 0.309650 0.362729 0.645165 0.985595 0.553347 0.542963 0.691950 0.771137 0.623143 0.947385 0.391402 0.404626 0.505221 0.436707 0.260527 0.000000 0.722759 0.931005 0.663594 0.651490 0.958519 0.748862 0.699516 0.658149 0.719784 0.521824 0.766249 0.599873 0.366565 0.479391 0.591358 0.441555 0.488424 0.437311 0.585207 0.845262 0.331045 0.318275 0.286177 0.304945 0.317589 0.323456 0.300946 0.329787 0.256644 0.249276 0.603243 0.453764 0.544796 0.497928 0.529113 0.372477 0.989528 0.783492 0.626035 0.764008 0.649682 0.723692 0.846503 0.857253 0.365462 0.425333 0.309598 0.403664 0.408433 0.410803 0.329550 0.339983 0.998501 0.689395 0.480190 0.352017 0.616235 0.646854 0.563551 0.587502 0.854926 0.936156 0.919024 0.941584 0.890577 0.756861 0.907511 0.978624 0.721753 0.650464 0.749559 0.627596 0.681117 0.976662 0.866359 0.864417 0.731198 0.761147 0.866726 0.835617 0.576162 0.787635
0.922921 0.838233 0.475904 0.485974 0.945580 0.904956 0.601929 0.672889 0.876571 0.974634 0.818752 0.905074 0.942331 0.864350 0.865348 0.608319 0.852933 0.880496 0.715009 0.900241 0.789034 0.993929 0.434705 0.496494 0.484420 0.419499 0.668867 0.928645 0.985339 0.919385 0.475439 0.589628 0.620463 0.722759 0.000000 0.738445 0.626820 0.731487 0.721580 0.967479 0.920278 0.779976 0.662167 0.640518 0.908160 0.907774 0.628539 0.648907 0.971260 0.805996 0.748275 0.727152 0.674859 0.694005 0.753405 0.779115 0.826291 0.821707 0.791001 0.793496 0.894179 0.793968 0.927287 0.849041 0.618904 0.570557 0.455803 0.543656 0.883326 0.732268 0.646436 0.734075 0.679467 0.706325 0.731239 0.775438 0.581808 0.680902 0.776008 0.820047 0.883105 0.895480 0.670713 0.819477 0.715748 0.598513 0.834129 0.712738 0.803231 0.720369 0.983249 0.959884 0.948314 0.969833 0.816764 0.832496 0.927834 0.995358 0.896100 0.752183 0.979374 0.903079 0.887851 0.892689 0.502758 0.666213 0.698108 0.905811 0.968383 0.764511 0.741082 0.875071 0.848468 0.962305 0.619139 0.923895
0.954567 0.935892 0.610668 0.663747 0.889704 0.916985 0.857590 0.919548 0.965481 0.798385 0.838719 0.916059 0.898815 0.903371 0.989762 0.826012 0.991623 0.987988 0.941070 0.996958 0.846534 0.978297 0.682629 0.760659 0.630548 0.617382 0.602997 0.929865 0.891139 0.972184 0.630069 0.679712 0.850200 0.931005 0.738445 0.000000 0.719661 0.622377 0.756783 0.924015 0.913336 0.931133 0.870851 0.848283 0.986288 0.943358 0.895491 0.847458 0.801199 0.988003 0.976370 0.904220 0.827016 0.860152 0.937447 0.974139 0.914641 0.946527 0.960416 0.937743 0.960456 0.974509 0.899423 0.967937 0.729955 0.738162 0.685957 0.744481 0.953664 0.895187 0.717476 0.817093 0.799279 0.991829 0.864864 0.824446 0.901441 0.833917 0.965153 0.848732 0.967406 0.967916 0.842609 0.989332 0.873818 0.799752 0.999990 0.947049 0.903771 0.906174 0.930570 0.881782 0.979802 0.968117 0.957609 0.852344 0.962630 0.802407 0.922986 0.971283 0.842203 0.873072 0.930642 0.888126 0.862956 0.825244 0.879279 0.990843 0.867937 0.923040 0.977246 0.914970 0.996454 0.952158 0.820047 0.882590
0.718468 0.615542 0.497488 0.515330 0.873408 0.996199 0.699406 0.725789 0.791992 0.769805 0.916457 0.800452 0.862418 0.856159 0.900653 0.768233 0.713754 0.734725 0.629659 0.723846 0.720062 0.919142 0.633031 0.622765 0.424800 0.491488 0.482941 0.993772 0.864370 0.741874 0.654563 0.620600 0.671859 0.663594 0.626820 0.719661 0.000000 0.492763 0.657603 0.693054 0.656110 0.727963 0.873288 0.767604 0.886973 0.969130 0.640152 0.780286 0.902189 0.847099 0.885945 0.799527 0.851690 0.974231 0.705461 0.686863 0.651940 0.639522 0.706698 0.698081 0.822595 0.822360 0.778300 0.740808 0.577164 0.608423 0.622935 0.698178 0.675295 0.631202 0.766380 0.954603 0.872689 0.993159 0.703289 0.922554 0.949126 0.953384 0.796714 0.772157 0.774197 0.808555 0.627633 0.633434 0.637162 0.575892 0.756500 0.769423 0.790684 0.666778 0.630609 0.677567 0.660170 0.664996 0.961096 0.963796 0.945037 0.940274 0.816174 0.960493 0.785468 0.850769 0.984023 0.890046 0.702441 0.692971 0.927433 0.930427 0.964383 0.810578 0.874343 0.955573 0.951958 0.999356 0.771452 0.959446
0.584568 0.508914 0.580320 0.585092 0.807145 0.934601 0.776554 0.734685 0.758357 0.634523 0.809336 0.716178 0.802793 0.833097 0.948878 0.803960 0.634953 0.631072 0.630650 0.617779 0.740564 0.867611 0.726432 0.673458 0.529729 0.596354 0.550772 0.854541 0.794130 0.667266 0.730248 0.715675 0.625917 0.651490 0.731487 0.622377 0.492763 0.000000 0.625037 0.752330 0.669977 0.820741 0.996345 0.864040 0.795690 0.931684 0.711257 0.795923 0.902724 0.871683 0.935823 0.832824 0.953727 0.867208 0.660688 0.699163 0.520126 0.523629 0.704052 0.662608 0.747387 0.738402 0.711739 0.632724 0.551583 0.573103 0.756580 0.777360 0.565438 0.509633 0.937323 0.836373 0.971600 0.893864 0.810271 0.930337 0.924608 0.953153 0.772788 0.736957 0.635930 0.701298 0.624926 0.557291 0.591225 0.496641 0.757852 0.764939 0.678780 0.503518 0.536598 0.503390 0.599515 0.483532 0.910123 0.990287 0.987794 0.887045 0.692085 0.825237 0.720380 0.655520 0.893142 0.922699 0.918317 0.913804 0.895664 0.867511 0.974658 0.926841 0.906065 0.840046 0.833732 0.876404 0.856864 0.707424
