0.000000 0.298252 0.937573 0.775952 0.930710 0.851633 0.993444 0.900010 0.846963 0.763713 0.494806 0.340728 0.496463 0.450730 0.711328 0.618728 0.405648 0.360867 0.411622 0.343920 0.960395 0.746762 0.857285 0.743973 0.759331 0.847636 0.727135 0.990928 0.707145 0.529278 0.714390 0.950027 0.847473 0.822137 0.894512 0.957545 0.743213 0.566076 0.855709 0.682789 0.735031 0.935614 0.890886 0.811447 0.980460 0.852464 0.648271 0.652857 0.749711 0.502798 0.775582 0.578817 0.920063 0.849811 0.612988 0.670756 0.369597 0.324971 0.582807 0.476360 0.833381 0.896965 0.605695 0.504380 0.873937 0.962784 0.953607 0.971023 0.339984 0.408349 0.954942 0.855008 0.974822 0.837937 0.805126 0.849329 0.909847 0.961107 0.692360 0.522871 0.312582 0.272316 0.515540 0.357441 0.568005 0.647421 0.643612 0.649440 0.781505 0.516615 0.916420 0.996946 0.914572 0.988815 0.943881 0.966534 0.813831 0.956724 0.859364 0.957167 0.740436 0.933875 0.790372 0.884597 0.995503 0.999470 0.890597 0.839923 0.961083 0.836865 0.963842 0.952370 0.981450 0.863045 0.924527 0.984491
0.298252 0.000000 0.879800 0.749676 0.986534 0.792858 0.885523 0.846569 0.881127 0.830241 0.515921 0.341794 0.548865 0.527629 0.762965 0.616612 0.339237 0.302653 0.361619 0.342724 0.994773 0.797019 0.777199 0.770640 0.718954 0.869091 0.706385 0.911182 0.588263 0.471957 0.809876 0.979710 0.810125 0.718906 0.892845 0.998393 0.830193 0.556188 0.910102 0.711710 0.856461 0.968538 0.760566 0.671305 0.911254 0.731311 0.600584 0.577610 0.669393 0.417679 0.669327 0.485785 0.793990 0.889207 0.703900 0.726003 0.265934 0.225973 0.497846 0.356048 0.759609 0.856923 0.500597 0.379927 0.850876 0.970447 0.960549 0.946863 0.435933 0.405195 0.896791 0.814981 0.980359 0.789969 0.902131 0.963169 0.904221 0.929498 0.615245 0.564993 0.315593 0.352550 0.509791 0.397181 0.570320 0.644845 0.746713 0.651738 0.858606 0.601360 0.836281 0.895576 0.874748 0.880974 0.884624 0.992405 0.942059 0.916731 0.880939 0.892612 0.800266 0.924252 0.722215 0.881230 0.952288 0.927799 0.962884 0.889333 0.943630 0.758413 0.843357 0.969612 0.852961 0.742545 0.801771 0.962890
0.937573 0.879800 0.000000 0.314074 0.730388 0.779546 0.366002 0.396255 0.521147 0.982941 0.977070 0.856008 0.610778 0.708692 0.689990 0.662736 0.845720 0.893963 0.724471 0.876505 0.828128 0.906766 0.438680 0.542696 0.471091 0.466117 0.922546 0.979381 0.877662 0.899346 0.673879 0.738159 0.572503 0.715631 0.630168 0.856552 0.660960 0.857174 0.807433 0.966216 0.933980 0.903705 0.750518 0.801876 0.791408 0.840677 0.749077 0.781326 0.809727 0.985318 0.956823 0.968777 0.808692 0.935428 0.820552 0.961629 0.940863 0.997297 0.865374 0.854515 0.370352 0.453068 0.891245 0.962569 0.318227 0.299604 0.453764 0.477804 0.941481 0.948128 0.611545 0.679121 0.758615 0.816140 0.995111 0.750340 0.840673 0.808119 0.945612 0.957437 0.908245 0.986119 0.864767 0.989142 0.600567 0.502308 0.743093 0.866399 0.830379 0.819806 0.588382 0.842154 0.526995 0.791893 0.818371 0.995626 0.722841 0.878076 0.702316 0.686763 0.782958 0.963524 0.847441 0.942901 0.587867 0.778787 0.904316 0.837925 0.648830 0.833595 0.774721 0.800904 0.771899 0.964989 0.741514 0.948849
0.775952 0.749676 0.314074 0.000000 0.692609 0.810717 0.503350 0.400696 0.621140 0.924873 0.958522 0.690881 0.469805 0.545602 0.534570 0.464710 0.961365 0.982212 0.600478 0.702124 0.877913 0.785230 0.322574 0.395971 0.444463 0.568192 0.782596 0.929979 0.947769 0.988586 0.787770 0.738311 0.681724 0.786839 0.667888 0.838653 0.623963 0.832326 0.721823 0.901972 0.866024 0.918877 0.769943 0.776802 0.889166 0.851680 0.717678 0.700596 0.877454 0.910281 0.971429 0.838567 0.741872 0.863788 0.743546 0.964288 0.858485 0.851544 0.802707 0.743683 0.453765 0.460750 0.910549 0.912377 0.305751 0.339095 0.540681 0.582282 0.781857 0.941898 0.565621 0.730616 0.852810 0.885003 0.998226 0.807023 0.786399 0.827576 0.847709 0.848233 0.905302 0.832582 0.751611 0.833410 0.501188 0.418848 0.625136 0.771792 0.674233 0.694862 0.644050 0.821911 0.573288 0.778021 0.793201 0.980912 0.602034 0.916543 0.726119 0.670574 0.860925 0.949216 0.863658 0.846830 0.554976 0.648055 0.973656 0.808685 0.610780 0.756256 0.838395 0.796481 0.817038 0.991530 0.744612 0.953120
0.930710 0.986534 0.730388 0.692609 0.000000 0.816597 0.818950 0.827897 0.853823 0.934761 0.914442 0.967838 0.789745 0.923942 0.784686 0.852197 0.839549 0.889648 0.905887 0.995405 0.899510 0.955650 0.627947 0.709931 0.746475 0.778139 0.705536 0.856456 0.884178 0.874663 0.904032 0.955979 0.972060 0.995542 0.969509 0.915048 0.886096 0.941436 0.886090 0.871149 0.995811 0.804243 0.996364 0.952080 0.923994 0.894374 0.955394 0.892339 0.827980 0.875271 0.880030 0.951585 0.914657 0.984499 0.949438 0.968824 0.933929 0.971391 0.907229 0.985882 0.839396 0.887809 0.915353 0.916060 0.672192 0.746362 0.791270 0.897227 0.958898 0.964137 0.773745 0.987527 0.981431 0.980463 0.984700 0.897783 0.907476 0.974397 0.854861 0.995857 0.904140 0.961187 0.916862 0.897928 0.788092 0.735677 0.844746 0.820814 0.909073 0.964596 0.863079 0.893009 0.775761 0.827768 0.955889 0.983306 0.811246 0.844466 0.984787 0.970962 0.998206 0.890774 0.781546 0.807787 0.915474 0.706100 0.952004 0.902294 0.942277 0.927652 0.904220 0.957899 0.952718 0.839481 0.997539 0.800108
0.851633 0.792858 0.779546 0.810717 0.816597 0.000000 0.892222 0.782515 0.746090 0.954143 0.715167 0.925006 0.889263 0.871213 0.777335 0.796473 0.604860 0.629073 0.774375 0.869556 0.848190 0.864462 0.812183 0.764959 0.766290 0.628905 0.909159 0.749361 0.697759 0.816320 0.855882 0.983643 0.869659 0.975535 0.880998 0.946995 0.815256 0.874542 0.850965 0.895226 0.886011 0.997920 0.933700 0.941118 0.916860 0.944992 0.945054 0.979384 0.950633 0.920657 0.973810 0.989761 0.725584 0.812885 0.745954 0.864639 0.633504 0.706136 0.847783 0.935503 0.798002 0.679102 0.650339 0.777144 0.779519 0.633228 0.772359 0.786908 0.944386 0.883334 0.693829 0.818150 0.738872 0.905712 0.911343 0.937084 0.985409 0.995804 0.883768 0.947863 0.798288 0.903273 0.836190 0.846994 0.815284 0.763144 0.900171 0.952198 0.937348 0.972656 0.630489 0.798327 0.653396 0.842831 0.998201 0.892140 0.657839 0.924374 0.871971 0.922573 0.855239 0.879995 0.762639 0.987004 0.821434 0.854381 0.815801 0.976629 0.925144 0.965377 0.969230 0.924368 0.890747 0.931683 0.998861 0.911165
0.993444 0.885523 0.366002 0.503350 0.818950 0.892222 0.000000 0.347361 0.540821 0.793900 0.871676 0.828655 0.866703 0.924118 0.968311 0.896683 0.987828 0.937416 0.746216 0.910288 0.864232 0.951590 0.654721 0.834070 0.729163 0.600288 0.865508 0.816739 0.895581 0.902087 0.521421 0.570503 0.416477 0.484421 0.620083 0.750864 0.793870 0.917212 0.964702 0.926277 0.868973 0.895771 0.528309 0.593546 0.476150 0.542564 0.644068 0.644653 0.874465 0.821699 0.767018 0.819833 0.685356 0.755180 0.961033 0.958468 0.932782 0.994338 0.646596 0.714987 0.327467 0.469126 0.840794 0.796219 0.597650 0.489461 0.295638 0.313977 0.896252 0.901064 0.760911 0.732619 0.739860 0.816400 0.951677 0.730099 0.720296 0.631432 0.927046 0.895687 0.987462 0.913139 0.951886 0.915917 0.847947 0.749772 0.985892 0.930691 0.928729 0.941268 0.689904 0.935578 0.676081 0.921295 0.806904 0.949166 0.818719 0.763623 0.547793 0.569583 0.576385 0.887629 0.915610 0.871096 0.638067 0.740889 0.856403 0.782579 0.737991 0.826617 0.658570 0.799661 0.646741 0.813066 0.624513 0.962959
0.900010 0.846569 0.396255 0.400696 0.827897 0.782515 0.347361 0.000000 0.511717 0.681939 0.827214 0.695626 0.758411 0.781413 0.883964 0.722924 0.972859 0.926732 0.653771 0.781913 0.982528 0.950747 0.642692 0.784321 0.727300 0.600952 0.949011 0.963023 0.930056 0.894265 0.587740 0.582479 0.474950 0.473629 0.725241 0.859653 0.600742 0.819599 0.884814 0.946920 0.924189 0.997319 0.458327 0.487097 0.566518 0.534949 0.489937 0.472380 0.842796 0.715190 0.692395 0.678597 0.666192 0.621692 0.829182 0.988526 0.929388 0.968014 0.623053 0.664769 0.376190 0.317531 0.968814 0.774766 0.621946 0.419963 0.432882 0.365869 0.936481 0.965243 0.616077 0.640965 0.753726 0.835157 0.997818 0.814840 0.685527 0.646732 0.932287 0.836368 0.976420 0.966742 0.947149 0.980256 0.852706 0.731794 0.927763 0.907699 0.986550 0.974831 0.613930 0.855764 0.694784 0.957833 0.850625 0.886687 0.678308 0.831962 0.491593 0.451830 0.549851 0.926063 0.829595 0.816739 0.548947 0.706245 0.945096 0.697739 0.695526 0.744222 0.691837 0.723796 0.616020 0.754842 0.645818 0.944842
0.846963 0.881127 0.521147 0.621140 0.853823 0.746090 0.540821 0.511717 0.000000 0.674935 0.963166 0.920302 0.987787 0.938316 0.904089 0.891664 0.794001 0.711183 0.923572 0.911444 0.994081 0.865207 0.770233 0.906009 0.753195 0.440371 0.851924 0.934689 0.984949 0.860919 0.522079 0.632603 0.544119 0.679818 0.616072 0.928061 0.771226 0.981890 0.875101 0.969234 0.971940 0.862210 0.621788 0.689933 0.626002 0.704466 0.707187 0.770653 0.984497 0.969269 0.844185 0.926649 0.744499 0.623699 0.893823 0.991834 0.890215 0.762626 0.890039 0.959506 0.513617 0.496271 0.836571 0.927590 0.688707 0.532540 0.476426 0.490114 0.889694 0.808671 0.637874 0.616220 0.582821 0.724901 0.953707 0.875326 0.810539 0.751811 0.976590 0.878632 0.745767 0.749994 0.973023 0.758801 0.901237 0.827418 0.996480 0.943441 0.937726 0.954533 0.513356 0.808018 0.609533 0.823480 0.851176 0.963033 0.773976 0.799746 0.543615 0.591656 0.650873 0.943715 0.940073 0.770292 0.691450 0.716874 0.786688 0.714562 0.733994 0.846645 0.718488 0.752048 0.642667 0.856780 0.817264 0.880003
0.763713 0.830241 0.982941 0.924873 0.934761 0.954143 0.793900 0.681939 0.674935 0.000000 0.863686 0.974302 0.598999 0.624269 0.677788 0.723026 0.934301 0.806468 0.918074 0.886058 0.810686 0.787228 0.781579 0.557927 0.725260 0.926993 0.715132 0.885337 0.754644 0.873714 0.581769 0.667265 0.725026 0.615381 0.861843 0.970538 0.844100 0.844768 0.947110 0.987941 0.900087 0.741198 0.486059 0.543976 0.492333 0.490331 0.712039 0.649177 0.581152 0.752973 0.658159 0.881210 0.826463 0.579049 0.899544 0.980604 0.874312 0.781465 0.795206 0.960891 0.848417 0.675324 0.970628 0.818178 0.744904 0.958993 0.802129 0.685063 0.842785 0.887942 0.843257 0.726755 0.692389 0.716759 0.940143 0.913396 0.755556 0.655024 0.954704 0.832012 0.819951 0.626384 0.779064 0.711533 0.607563 0.631333 0.575332 0.644037 0.823344 0.667871 0.906445 0.871571 0.885681 0.769217 0.958343 0.871647 0.951641 0.816059 0.545953 0.537848 0.566474 0.915333 0.620019 0.670544 0.834067 0.844985 0.961744 0.637341 0.946294 0.852073 0.749685 0.689237 0.644073 0.770446 0.920257 0.957062
0.494806 0.515921 0.977070 0.958522 0.914442 0.715167 0.871676 0.827214 0.963166 0.863686 0.000000 0.528753 0.936596 0.870545 0.843806 0.975246 0.463089 0.427206 0.493576 0.529024 0.920054 0.993946 0.862632 0.907794 0.936146 0.797414 0.879681 0.814367 0.545076 0.481336 0.931579 0.904243 0.728465 0.576502 0.834465 0.997640 0.918191 0.602177 0.991314 0.840886 0.872396 0.878184 0.787457 0.684473 0.820667 0.691106 0.701628 0.665288 0.668220 0.540753 0.805948 0.752439 0.956125 0.907476 0.869081 0.850439 0.470452 0.545707 0.579712 0.532124 0.885623 0.970873 0.448074 0.475768 0.886900 0.871601 0.920287 0.875246 0.615480 0.623539 0.889623 0.850403 0.935309 0.812415 0.930244 0.839325 0.864061 0.953470 0.811425 0.764796 0.534610 0.627625 0.756989 0.624752 0.974219 0.959897 0.961193 0.892788 0.962619 0.900140 0.864690 0.930207 0.802738 0.895805 0.959121 0.897284 0.980860 0.748089 0.748701 0.810662 0.996615 0.927800 0.637414 0.661106 0.859995 0.952013 0.827662 0.971088 0.860137 0.856062 0.933881 0.988327 0.770239 0.717866 0.965879 0.938587
0.340728 0.341794 0.856008 0.690881 0.967838 0.925006 0.828655 0.695626 0.920302 0.974302 0.528753 0.000000 0.540231 0.540916 0.759668 0.603360 0.468588 0.434287 0.424758 0.319536 0.992007 0.735374 0.813014 0.772109 0.748109 0.951815 0.743730 0.880509 0.609876 0.437334 0.924823 0.920876 0.731812 0.638609 0.868103 0.991250 0.649837 0.488732 0.782304 0.671542 0.797630 0.879255 0.737205 0.683095 0.837238 0.683056 0.553660 0.509146 0.622018 0.444016 0.654444 0.502118 0.813250 0.977875 0.623813 0.710509 0.441287 0.369156 0.549470 0.407579 0.702046 0.709401 0.581216 0.397693 0.854538 0.872540 0.883746 0.843354 0.426721 0.473038 0.939868 0.967011 0.971494 0.882891 0.952737 0.955902 0.851154 0.918209 0.704625 0.556659 0.330949 0.377487 0.577091 0.442108 0.632663 0.657950 0.707240 0.764988 0.861981 0.669985 0.915872 0.977133 0.905314 0.839604 0.925473 0.908888 0.749257 0.849023 0.817869 0.834814 0.956267 0.957078 0.733962 0.821158 0.863017 0.875751 0.875720 0.939685 0.889169 0.721049 0.912095 0.936113 0.929235 0.751957 0.882193 0.994970
0.496463 0.548865 0.610778 0.469805 0.789745 0.889263 0.866703 0.758411 0.987787 0.598999 0.936596 0.540231 0.000000 0.294488 0.358282 0.346590 0.829751 0.724615 0.572893 0.544990 0.822843 0.642573 0.433139 0.379389 0.515227 0.846681 0.612286 0.909121 0.960908 0.923008 0.813999 0.920735 0.914472 0.941168 0.934512 0.991164 0.754693 0.810886 0.763197 0.815679 0.805288 0.911324 0.977192 0.994741 0.804609 0.902781 0.781628 0.837921 0.848718 0.847105 0.989215 0.690041 0.862271 0.961328 0.686355 0.781651 0.694013 0.585723 0.871423 0.669025 0.681501 0.715303 0.978564 0.865610 0.445680 0.556685 0.915348 0.982708 0.608570 0.652258 0.746497 0.979546 0.977002 0.979158 0.875531 0.975559 0.907187 0.858399 0.850459 0.671700 0.650149 0.482290 0.579837 0.611462 0.334165 0.354197 0.479736 0.597385 0.649027 0.458917 0.798168 0.727758 0.694497 0.763216 0.871080 0.909104 0.657321 0.996881 0.996500 0.942687 0.777607 0.947118 0.800640 0.823238 0.782075 0.902469 0.959867 0.931576 0.739807 0.902179 0.976600 0.985550 0.940931 0.992665 0.855812 0.969421
0.450730 0.527629 0.708692 0.545602 0.923942 0.871213 0.924118 0.781413 0.938316 0.624269 0.870545 0.540916 0.294488 0.000000 0.364546 0.282773 0.748743 0.686542 0.575962 0.526827 0.913361 0.662558 0.506475 0.396111 0.531414 0.777722 0.659992 0.830059 0.984932 0.844861 0.830705 0.993318 0.860126 0.995728 0.882440 0.951132 0.762342 0.770903 0.761272 0.770400 0.834834 0.954934 0.941329 0.899740 0.869533 0.986614 0.651821 0.772882 0.950448 0.737258 0.852212 0.580574 0.714961 0.969161 0.628472 0.740198 0.632792 0.569342 0.818249 0.606765 0.685316 0.704592 0.983683 0.809918 0.543875 0.584691 0.928870 0.956896 0.595354 0.612400 0.843704 0.961122 0.953771 0.975120 0.823212 0.924354 0.932043 0.884032 0.762629 0.616273 0.585121 0.455141 0.495780 0.540668 0.346551 0.343251 0.528841 0.615198 0.618672 0.454520 0.822340 0.788782 0.806964 0.835738 0.885444 0.970034 0.677237 0.997864 0.947588 0.949512 0.763500 0.923951 0.927609 0.992608 0.842440 0.868700 0.952151 0.887191 0.808321 0.866634 0.996158 0.935870 0.986602 0.925632 0.830166 0.925992
0.711328 0.762965 0.689990 0.534570 0.784686 0.777335 0.968311 0.883964 0.904089 0.677788 0.843806 0.759668 0.358282 0.364546 0.000000 0.309163 0.947811 0.908484 0.789724 0.754657 0.854228 0.753302 0.387750 0.373397 0.472482 0.746520 0.607114 0.753505 0.919852 0.943044 0.900723 0.952573 0.966791 0.868311 0.829666 0.995632 0.785868 0.828153 0.721266 0.906076 0.864276 0.931802 0.982314 0.941586 0.823350 0.873933 0.826492 0.934528 0.806832 0.985628 0.987201 0.785518 0.792565 0.976550 0.722333 0.791056 0.844114 0.776491 0.973096 0.833890 0.740356 0.737188 0.833577 0.994269 0.419352 0.561839 0.926719 0.991382 0.727428 0.829875 0.715966 0.973234 0.953873 0.999018 0.965226 0.952585 0.965660 0.884213 0.787116 0.784188 0.816124 0.671643 0.583844 0.714984 0.332702 0.338199 0.544834 0.602027 0.542038 0.479312 0.842253 0.846535 0.768124 0.770358 0.826864 0.999144 0.655574 0.992421 0.974594 0.990854 0.744712 0.820083 0.725636 0.765387 0.724783 0.808166 0.844703 0.994479 0.698938 0.880308 0.963298 0.979417 0.970127 0.860187 0.923224 0.992474
0.618728 0.616612 0.662736 0.464710 0.852197 0.796473 0.896683 0.722924 0.891664 0.723026 0.975246 0.603360 0.346590 0.282773 0.309163 0.000000 0.843978 0.801965 0.679439 0.629917 0.943861 0.696267 0.383248 0.344046 0.493709 0.731769 0.673747 0.767606 0.999815 0.889546 0.986983 0.897016 0.868685 0.982997 0.829955 0.974766 0.769885 0.773935 0.682588 0.850039 0.879437 0.975281 0.863193 0.863217 0.910832 0.960651 0.649906 0.734585 0.938116 0.783743 0.821483 0.593974 0.626056 0.870261 0.670070 0.769143 0.731089 0.656633 0.814154 0.645590 0.662260 0.622048 0.932003 0.835083 0.471763 0.531875 0.870448 0.903217 0.704183 0.723296 0.729289 0.983446 0.991150 0.965587 0.923608 0.987045 0.913608 0.989391 0.707349 0.729740 0.685216 0.599089 0.518338 0.595271 0.348961 0.312988 0.591495 0.647553 0.566610 0.492899 0.820517 0.836563 0.797774 0.913060 0.874065 0.980542 0.661586 0.940778 0.958186 0.878916 0.827420 0.842513 0.883604 0.893723 0.693678 0.746623 0.892770 0.992177 0.717678 0.839382 0.943804 0.943412 0.954495 0.927101 0.760530 0.933846
0.405648 0.339237 0.845720 0.961365 0.839549 0.604860 0.987828 0.972859 0.794001 0.934301 0.463089 0.468588 0.829751 0.748743 0.947811 0.843978 0.000000 0.286291 0.486343 0.434543 0.853932 0.916725 0.943873 0.965988 0.973253 0.656895 0.816824 0.909043 0.470036 0.400993 0.796307 0.999786 0.840297 0.721553 0.957217 0.982656 0.931944 0.601428 0.955966 0.757711 0.942934 0.960687 0.762505 0.649971 0.873668 0.681538 0.650114 0.636164 0.551084 0.417671 0.646060 0.531522 0.921339 0.877469 0.836210 0.720476 0.297518 0.294494 0.502183 0.452093 0.988689 0.908321 0.397414 0.350761 0.857852 0.711003 0.928157 0.947707 0.527093 0.434511 0.712143 0.734222 0.936774 0.877019 0.986609 0.847811 0.895474 0.887135 0.544708 0.615049 0.299901 0.448520 0.534610 0.442349 0.826974 0.935625 0.959433 0.768819 0.968753 0.717314 0.661786 0.805896 0.637406 0.774321 0.838893 0.894434 0.893184 0.779762 0.881499 0.941989 0.797004 0.930075 0.628794 0.812900 0.878476 0.917890 0.893019 0.906927 0.965267 0.833821 0.863073 0.994424 0.913238 0.745834 0.802280 0.886838
0.360867 0.302653 0.893963 0.982212 0.889648 0.629073 0.937416 0.926732 0.711183 0.806468 0.427206 0.434287 0.724615 0.686542 0.908484 0.801965 0.286291 0.000000 0.433044 0.405183 0.917297 0.837189 0.977259 0.906565 0.965964 0.646233 0.757165 0.896689 0.513573 0.422080 0.684280 0.919870 0.912332 0.797086 0.951204 0.990103 0.989431 0.583173 0.994866 0.759568 0.901559 0.951543 0.946268 0.796629 0.967772 0.843693 0.771639 0.742268 0.703755 0.506481 0.810095 0.658118 0.978380 0.730212 0.803127 0.759396 0.276733 0.258265 0.581159 0.479644 0.979395 0.847856 0.389222 0.368745 0.957024 0.749814 0.872325 0.850928 0.481480 0.430093 0.793414 0.660188 0.860834 0.933439 0.898875 0.876571 0.988137 0.974954 0.613878 0.653087 0.324361 0.385681 0.515174 0.367777 0.740676 0.865610 0.808862 0.689511 0.915346 0.672783 0.651230 0.840002 0.684946 0.850687 0.899080 0.930593 0.975305 0.836552 0.987668 0.972245 0.700896 0.913064 0.705324 0.921937 0.905972 0.923754 0.870880 0.800241 0.865243 0.848036 0.955265 0.906031 0.925452 0.753016 0.937181 0.922396
0.411622 0.361619 0.724471 0.600478 0.905887 0.774375 0.746216 0.653771 0.923572 0.918074 0.493576 0.424758 0.572893 0.575962 0.789724 0.679439 0.486343 0.433044 0.000000 0.380229 0.928887 0.767633 0.707898 0.713678 0.696067 0.989992 0.691028 0.851081 0.642387 0.614446 0.913573 0.852376 0.713442 0.669908 0.865651 0.991690 0.703031 0.597053 0.883239 0.812896 0.762811 0.987849 0.756142 0.658277 0.910466 0.753797 0.625503 0.573544 0.801760 0.538240 0.841304 0.628021 0.944735 0.972447 0.789929 0.855910 0.386821 0.405647 0.607781 0.499854 0.704214 0.790863 0.626525 0.508036 0.743024 0.843569 0.844182 0.851916 0.510137 0.604861 0.894193 0.977241 0.980291 0.893700 0.961574 0.955755 0.837435 0.894923 0.679648 0.602069 0.500681 0.522431 0.575052 0.521148 0.635404 0.695513 0.753416 0.789594 0.860203 0.726170 0.969277 0.996061 0.998553 0.990847 0.799307 0.962935 0.833881 0.873969 0.745545 0.752445 0.908972 0.945677 0.739064 0.991567 0.866936 0.948776 0.842545 0.941872 0.937753 0.623681 0.849768 0.961803 0.822597 0.727998 0.852197 0.971830
0.343920 0.342724 0.876505 0.702124 0.995405 0.869556 0.910288 0.781913 0.911444 0.886058 0.529024 0.319536 0.544990 0.526827 0.754657 0.629917 0.434543 0.405183 0.380229 0.000000 0.984466 0.740469 0.811838 0.754538 0.764899 0.930675 0.693486 0.924358 0.659477 0.533119 0.789262 0.971280 0.826497 0.743201 0.930893 0.934473 0.668584 0.476696 0.835371 0.613825 0.795681 0.966003 0.831298 0.766896 0.988273 0.833320 0.612242 0.584192 0.726898 0.473404 0.770402 0.552075 0.853094 0.980620 0.634552 0.705364 0.411426 0.335498 0.635910 0.454725 0.821580 0.825103 0.657089 0.465192 0.856432 0.933426 0.989343 0.990728 0.402027 0.411352 0.931698 0.935614 0.999097 0.882819 0.919014 0.977318 0.836527 0.937191 0.680865 0.641269 0.366355 0.375386 0.578924 0.408888 0.598745 0.692390 0.693906 0.731752 0.839739 0.637917 0.974571 0.969457 0.950631 0.980746 0.920176 0.933063 0.772382 0.891486 0.836470 0.842981 0.916797 0.976827 0.752502 0.943005 0.872222 0.937882 0.903541 0.996680 0.910940 0.682961 0.995376 0.988938 0.965359 0.826714 0.891928 0.909073
0.960395 0.994773 0.828128 0.877913 0.899510 0.848190 0.864232 0.982528 0.994081 0.810686 0.920054 0.992007 0.822843 0.913361 0.854228 0.943861 0.853932 0.917297 0.928887 0.984466 0.000000 0.981972 0.910654 0.844734 0.841055 0.880214 0.999949 0.994184 0.929313 0.920346 0.869092 0.932591 0.826474 0.969352 0.885658 0.829374 0.858376 0.822458 0.922369 0.946958 0.939034 0.953414 0.978162 0.899245 0.875672 0.962976 0.981811 0.865434 0.997252 0.956336 0.971373 0.941603 0.975138 0.888842 0.887238 0.984410 0.888366 0.958706 0.935856 0.986970 0.745390 0.893439 0.944479 0.954654 0.806451 0.773391 0.778422 0.805627 0.925672 0.943142 0.957562 0.890200 0.971289 0.993657 0.929902 0.882759 0.923978 0.908598 0.925528 0.988427 0.968587 0.903108 0.969396 0.943384 0.776522 0.730951 0.824079 0.871244 0.864909 0.834326 0.928828 0.917036 0.836429 0.977996 0.955379 0.922802 0.975490 0.858837 0.945798 0.865406 0.962108 0.977305 0.856055 0.929715 0.986598 0.877903 0.828631 0.980873 0.987242 0.868165 0.852989 0.884311 0.981506 0.864509 0.955539 0.952167
0.746762 0.797019 0.906766 0.785230 0.955650 0.864462 0.951590 0.950747 0.865207 0.787228 0.993946 0.735374 0.642573 0.662558 0.753302 0.696267 0.916725 0.837189 0.767633 0.740469 0.981972 0.000000 0.750940 0.718698 0.825016 0.975639 0.683061 0.983465 0.936980 0.968285 0.899516 0.968593 0.963109 0.861438 0.919064 0.807082 0.899766 0.790985 0.806065 0.662326 0.986200 0.908496 0.960068 0.987088 0.775251 0.903988 0.901923 0.901119 0.896902 0.865322 0.959383 0.797880 0.914492 0.911327 0.849895 0.829397 0.817100 0.781416 0.973588 0.858282 0.940635 0.973300 0.949725 0.907650 0.820481 0.898915 0.845801 0.884827 0.770167 0.789454 0.933993 0.970684 0.929891 0.768568 0.707826 0.996668 0.951760 0.810724 0.926678 0.784171 0.776479 0.723373 0.691054 0.663642 0.756524 0.738702 0.661387 0.747030 0.777581 0.773838 0.990859 0.955643 0.972638 0.938058 0.957596 0.869125 0.775020 0.979925 0.946402 0.950927 0.936782 0.994356 0.942477 0.872429 0.883271 0.924952 0.869970 0.885950 0.857254 0.853914 0.980443 0.917930 0.889386 0.879750 0.820507 0.976637
0.857285 0.777199 0.438680 0.322574 0.627947 0.812183 0.654721 0.642692 0.770233 0.781579 0.862632 0.813014 0.433139 0.506475 0.387750 0.383248 0.943873 0.977259 0.707898 0.811838 0.910654 0.750940 0.000000 0.316365 0.447891 0.620323 0.668788 0.846016 0.935001 0.947667 0.923726 0.859083 0.845644 0.992636 0.762445 0.913816 0.753716 0.883175 0.787244 0.960494 0.944267 0.868917 0.913737 0.946194 0.947735 0.976736 0.870161 0.884870 0.765890 0.962644 0.948818 0.877186 0.710712 0.937796 0.833920 0.930068 0.883241 0.826782 0.969401 0.835616 0.574143 0.628929 0.865903 0.979721 0.270917 0.435228 0.664510 0.795562 0.880380 0.963871 0.616058 0.813764 0.881347 0.972163 0.968807 0.789594 0.891802 0.958441 0.806632 0.899183 0.939275 0.862106 0.680643 0.835704 0.376458 0.349222 0.634460 0.702152 0.654331 0.615660 0.736443 0.844228 0.627522 0.753989 0.758698 0.973343 0.652569 0.957181 0.918197 0.804356 0.911602 0.863645 0.749432 0.678643 0.634287 0.651801 0.896994 0.910610 0.676133 0.778391 0.913468 0.830302 0.901376 0.951534 0.795401 0.945453
0.743973 0.770640 0.542696 0.395971 0.709931 0.764959 0.834070 0.784321 0.906009 0.557927 0.907794 0.772109 0.379389 0.396111 0.373397 0.344046 0.965988 0.906565 0.713678 0.754538 0.844734 0.718698 0.316365 0.000000 0.409741 0.674135 0.590630 0.776941 0.877249 0.957775 0.957380 0.958144 0.909459 0.902326 0.836942 0.882664 0.827497 0.926938 0.648007 0.944919 0.848673 0.875031 0.887509 0.904795 0.770535 0.809810 0.937638 0.963103 0.683105 0.948146 0.831163 0.931940 0.836389 0.885525 0.732474 0.927460 0.876860 0.797272 0.959553 0.843477 0.705643 0.752228 0.858106 0.951599 0.334575 0.481790 0.831627 0.906673 0.757225 0.927418 0.710875 0.987652 0.979998 0.918283 0.920465 0.907970 0.981850 0.935575 0.784266 0.793146 0.840025 0.675820 0.626825 0.702012 0.345477 0.303767 0.495672 0.587973 0.543478 0.534659 0.836167 0.862059 0.692814 0.806829 0.806455 0.930325 0.641384 0.990775 0.920372 0.996888 0.793182 0.895053 0.669478 0.715029 0.708015 0.793656 0.996985 0.959774 0.800623 0.892777 0.952673 0.952699 0.972148 0.909469 0.887819 0.918606
0.759331 0.718954 0.471091 0.444463 0.746475 0.766290 0.729163 0.727300 0.753195 0.725260 0.936146 0.748109 0.515227 0.531414 0.472482 0.493709 0.973253 0.965964 0.696067 0.764899 0.841055 0.825016 0.447891 0.409741 0.000000 0.521880 0.639712 0.852639 0.892003 0.939141 0.858217 0.844268 0.757560 0.919969 0.701676 0.934630 0.648434 0.774637 0.637826 0.901818 0.770539 0.926977 0.923613 0.974160 0.993417 0.971503 0.822643 0.880578 0.840155 0.951360 0.925445 0.927921 0.834980 0.924407 0.678855 0.804784 0.815713 0.814799 0.950880 0.806677 0.608658 0.674479 0.860138 0.967864 0.386463 0.497756 0.717022 0.762233 0.698583 0.885488 0.750758 0.772873 0.820380 0.806239 0.973525 0.901117 0.950948 0.947767 0.721989 0.791405 0.839088 0.694132 0.668654 0.772637 0.403950 0.369612 0.670437 0.582148 0.642369 0.577329 0.828608 0.971844 0.717474 0.902171 0.815855 0.924952 0.759516 0.957246 0.933723 0.945874 0.884767 0.841757 0.818730 0.860771 0.721403 0.810055 0.861197 0.984508 0.746464 0.837858 0.953122 0.991551 0.952269 0.860363 0.856647 0.944110
0.847636 0.869091 0.466117 0.568192 0.778139 0.628905 0.600288 0.600952 0.440371 0.926993 0.797414 0.951815 0.846681 0.777722 0.746520 0.731769 0.656895 0.646233 0.989992 0.930675 0.880214 0.975639 0.620323 0.674135 0.521880 0.000000 0.967222 0.907448 0.747554 0.782134 0.549151 0.721864 0.637377 0.823161 0.674180 0.900500 0.690028 0.977125 0.708321 0.895961 0.892317 0.915201 0.778896 0.879822 0.780665 0.886387 0.785793 0.865867 0.855850 0.902285 0.959684 0.992265 0.661723 0.806225 0.798259 0.974508 0.804966 0.759144 0.938606 0.964994 0.518033 0.498422 0.667917 0.767249 0.533391 0.405744 0.547000 0.537239 0.913776 0.848360 0.630530 0.617322 0.612572 0.787022 0.971171 0.818007 0.985053 0.866047 0.983332 0.938515 0.776294 0.849701 0.929264 0.808032 0.709485 0.620344 0.864105 0.850887 0.848924 0.899118 0.613553 0.905591 0.610385 0.933550 0.876266 0.921046 0.747425 0.981482 0.732651 0.814860 0.765390 0.953879 0.843883 0.981510 0.660603 0.706323 0.842237 0.879432 0.735342 0.875763 0.806003 0.994903 0.924161 0.948545 0.845294 0.909032
0.727135 0.706385 0.922546 0.782596 0.705536 0.909159 0.865508 0.949011 0.851924 0.715132 0.879681 0.743730 0.612286 0.659992 0.607114 0.673747 0.816824 0.757165 0.691028 0.693486 0.999949 0.683061 0.668788 0.590630 0.639712 0.967222 0.000000 0.891803 0.970003 0.963930 0.770698 0.959239 0.816581 0.841685 0.891801 0.918067 0.898139 0.717042 0.825001 0.917936 0.841453 0.876688 0.776500 0.867264 0.625708 0.735572 0.993798 0.942777 0.795146 0.970360 0.790851 0.946064 0.958907 0.841140 0.892386 0.875480 0.753792 0.699685 0.914465 0.895849 0.937777 0.917493 0.945498 0.947196 0.746856 0.944997 0.804424 0.804511 0.663559 0.808188 0.960748 0.873562 0.913349 0.929539 0.960830 0.975363 0.971204 0.826519 0.718254 0.899384 0.760626 0.638631 0.731895 0.724354 0.623851 0.697653 0.662399 0.552561 0.841888 0.643854 0.932749 0.920925 0.995426 0.867648 0.882042 0.929162 0.820162 0.975121 0.822464 0.934003 0.735680 0.969011 0.909474 0.815920 0.913335 0.869816 0.933281 0.951967 0.954757 0.839471 0.908340 0.962569 0.903296 0.874579 0.942500 0.974515
0.990928 0.911182 0.979381 0.929979 0.856456 0.749361 0.816739 0.963023 0.934689 0.885337 0.814367 0.880509 0.909121 0.830059 0.753505 0.767606 0.909043 0.896689 0.851081 0.924358 0.994184 0.983465 0.846016 0.776941 0.852639 0.907448 0.891803 0.000000 0.706594 0.795600 0.957564 0.873387 0.859485 0.845544 0.936918 0.944350 0.861493 0.971082 0.865479 0.972666 0.903085 0.983938 0.933110 0.890835 0.784056 0.841666 0.947386 0.917052 0.801997 0.891955 0.853346 0.891662 0.967498 0.855332 0.943718 0.953716 0.930241 0.918506 0.811735 0.827294 0.893204 0.977669 0.722520 0.799515 0.865726 0.900173 0.828462 0.875093 0.915049 0.891541 0.970554 0.928452 0.887943 0.893191 0.856170 0.980172 0.945100 0.929680 0.983877 0.911673 0.907772 0.973046 0.937537 0.921000 0.870064 0.831611 0.884805 0.837891 0.854829 0.806540 0.981392 0.970030 0.991576 0.986441 0.987570 0.932072 0.996619 0.840580 0.887405 0.848187 0.792106 0.732172 0.784872 0.786557 0.985008 0.941239 0.997358 0.919973 0.913140 0.815557 0.883731 0.979470 0.938683 0.822200 0.935369 0.965626
0.707145 0.588263 0.877662 0.947769 0.884178 0.697759 0.895581 0.930056 0.984949 0.754644 0.545076 0.609876 0.960908 0.984932 0.919852 0.999815 0.470036 0.513573 0.642387 0.659477 0.929313 0.936980 0.935001 0.877249 0.892003 0.747554 0.970003 0.706594 0.000000 0.383722 0.929525 0.755330 0.691500 0.610361 0.976479 0.870717 0.943884 0.681798 0.899888 0.825553 0.880488 0.864140 0.709207 0.625561 0.642706 0.541269 0.680108 0.635237 0.493017 0.501483 0.633407 0.669898 0.913919 0.994020 0.993586 0.845105 0.536507 0.550657 0.559602 0.543317 0.869821 0.978228 0.430755 0.408612 0.829517 0.771080 0.908743 0.928917 0.771469 0.796028 0.793609 0.766819 0.937044 0.816304 0.934287 0.974590 0.940998 0.806403 0.704449 0.815196 0.553322 0.781238 0.728739 0.704999 0.971081 0.933133 0.859768 0.973793 0.913861 0.961122 0.695611 0.661583 0.582295 0.662719 0.914305 0.852471 0.921334 0.856028 0.835562 0.834813 0.977834 0.988948 0.582676 0.720430 0.988687 0.995479 0.966743 0.995591 0.893472 0.848078 0.805712 0.901654 0.808160 0.665545 0.852815 0.981704
0.529278 0.471957 0.899346 0.988586 0.874663 0.816320 0.902087 0.894265 0.860919 0.873714 0.481336 0.437334 0.923008 0.844861 0.943044 0.889546 0.400993 0.422080 0.614446 0.533119 0.920346 0.968285 0.947667 0.957775 0.939141 0.782134 0.963930 0.795600 0.383722 0.000000 0.987130 0.809854 0.715443 0.560043 0.894147 0.916914 0.969563 0.626259 0.982213 0.737818 0.985654 0.890956 0.693817 0.592929 0.664578 0.546945 0.605747 0.568698 0.434271 0.400344 0.567267 0.568996 0.817281 0.919017 0.862661 0.724554 0.500027 0.475475 0.490948 0.450976 0.865996 0.929186 0.408307 0.326337 0.844130 0.802813 0.898179 0.865839 0.648915 0.615766 0.776635 0.756627 0.984618 0.826825 0.967679 0.997804 0.997386 0.767995 0.637489 0.664009 0.378162 0.612051 0.622910 0.562407 0.923725 0.991087 0.985358 0.832375 0.950393 0.898065 0.708803 0.697742 0.611794 0.668172 0.959440 0.946189 0.992057 0.806389 0.852665 0.874637 0.973209 0.927354 0.607769 0.706347 0.995942 0.885894 0.886262 0.882513 0.960919 0.811604 0.853089 0.907236 0.939843 0.659509 0.736838 0.955321
0.714390 0.809876 0.673879 0.787770 0.904032 0.855882 0.521421 0.587740 0.522079 0.581769 0.931579 0.924823 0.813999 0.830705 0.900723 0.986983 0.796307 0.684280 0.913573 0.789262 0.869092 0.899516 0.923726 0.957380 0.858217 0.549151 0.770698 0.957564 0.929525 0.987130 0.000000 0.455776 0.520609 0.590826 0.688790 0.838793 0.893320 0.991847 0.788229 0.912838 0.871011 0.966244 0.503182 0.619075 0.436140 0.493427 0.715119 0.702292 0.784874 0.865688 0.708646 0.898889 0.697356 0.705545 0.905786 0.956796 0.828532 0.713920 0.807781 0.919624 0.559692 0.564167 0.939251 0.981483 0.899965 0.713172 0.514333 0.432039 0.749328 0.710229 0.916801 0.794811 0.769507 0.771579 0.928016 0.779149 0.816330 0.551970 0.982450 0.936391 0.801501 0.660595 0.985762 0.723778 0.879888 0.998801 0.762846 0.875482 0.957313 0.819503 0.888153 0.812438 0.944993 0.768722 0.953920 0.813700 0.950922 0.798812 0.668150 0.697654 0.543361 0.942278 0.914751 0.829662 0.709905 0.718619 0.811630 0.741691 0.820487 0.936491 0.695914 0.836980 0.758938 0.818179 0.703632 0.889257
0.950027 0.979710 0.738159 0.738311 0.955979 0.983643 0.570503 0.582479 0.632603 0.667265 0.904243 0.920876 0.920735 0.993318 0.952573 0.897016 0.999786 0.919870 0.852376 0.971280 0.932591 0.968593 0.859083 0.958144 0.844268 0.721864 0.959239 0.873387 0.755330 0.809854 0.455776 0.000000 0.561144 0.609597 0.716167 0.891402 0.938473 0.887983 0.856840 0.980526 0.909674 0.993503 0.482600 0.508792 0.534964 0.483664 0.596433 0.611977 0.731607 0.686577 0.637577 0.704391 0.682684 0.691379 0.957922 0.953217 0.950351 0.937408 0.650366 0.717922 0.611419 0.673311 0.866039 0.793358 0.892139 0.777006 0.618308 0.538575 0.926206 0.877045 0.942438 0.970375 0.888750 0.857977 0.982586 0.946569 0.794694 0.637620 0.831072 0.833600 0.986485 0.857834 0.837185 0.989899 0.998768 0.931664 0.915776 0.954112 0.971290 0.849879 0.888630 0.806462 0.984521 0.920027 0.971004 0.824667 0.865956 0.924456 0.588867 0.709390 0.664370 0.802000 0.751708 0.856411 0.614385 0.752453 0.822176 0.750583 0.761540 0.829434 0.776331 0.881401 0.631588 0.865327 0.620822 0.979222
0.847473 0.810125 0.572503 0.681724 0.972060 0.869659 0.416477 0.474950 0.544119 0.725026 0.728465 0.731812 0.914472 0.860126 0.966791 0.868685 0.840297 0.912332 0.713442 0.826497 0.826474 0.963109 0.845644 0.909459 0.757560 0.637377 0.816581 0.859485 0.691500 0.715443 0.520609 0.561144 0.000000 0.404503 0.617055 0.740186 0.730987 0.783546 0.877718 0.936642 0.994148 0.806045 0.467031 0.504582 0.388250 0.433838 0.460879 0.592327 0.656820 0.630740 0.626348 0.724278 0.706724 0.849242 0.764798 0.887882 0.814431 0.878757 0.557443 0.656079 0.369579 0.510604 0.717521 0.667710 0.759860 0.642321 0.429813 0.402301 0.922929 0.944187 0.884397 0.863655 0.675783 0.723709 0.893058 0.869397 0.805691 0.681610 0.827170 0.775949 0.810607 0.924734 0.776824 0.914152 0.801865 0.755589 0.978963 0.922145 0.957545 0.940729 0.869703 0.862335 0.986918 0.824729 0.788152 0.955244 0.805041 0.756598 0.552487 0.665888 0.747720 0.951967 0.815909 0.690535 0.754841 0.835022 0.961987 0.956843 0.829030 0.858551 0.669740 0.836993 0.624281 0.699165 0.662436 0.896919
0.822137 0.718906 0.715631 0.786839 0.995542 0.975535 0.484421 0.473629 0.679818 0.615381 0.576502 0.638609 0.941168 0.995728 0.868311 0.982997 0.721553 0.797086 0.669908 0.743201 0.969352 0.861438 0.992636 0.902326 0.919969 0.823161 0.841685 0.845544 0.610361 0.560043 0.590826 0.609597 0.404503 0.000000 0.715243 0.810558 0.779387 0.720807 0.955175 0.992985 0.979752 0.882491 0.414752 0.433706 0.380380 0.356369 0.463836 0.452210 0.567967 0.532740 0.552972 0.679829 0.749510 0.850194 0.925170 0.961258 0.722880 0.803271 0.433575 0.526219 0.485797 0.553845 0.585968 0.509520 0.958021 0.783669 0.487965 0.419970 0.903389 0.849009 0.990093 0.925433 0.823661 0.739464 0.990176 0.943079 0.853803 0.620366 0.811188 0.797543 0.764612 0.971058 0.841010 0.922235 0.972586 0.962972 0.896450 0.932822 0.919376 0.889208 0.949934 0.762916 0.877809 0.680793 0.887773 0.979009 0.914960 0.767340 0.592098 0.654841 0.602100 0.954374 0.686256 0.597971 0.784408 0.752511 0.988645 0.802447 0.993395 0.715930 0.707063 0.881623 0.628331 0.674147 0.726287 0.991268
0.894512 0.892845 0.630168 0.667888 0.969509 0.880998 0.620083 0.725241 0.616072 0.861843 0.834465 0.868103 0.934512 0.882440 0.829666 0.829955 0.957217 0.951204 0.865651 0.930893 0.885658 0.919064 0.762445 0.836942 0.701676 0.674180 0.891801 0.936918 0.976479 0.894147 0.688790 0.716167 0.617055 0.715243 0.000000 0.895113 0.884646 0.824430 0.741472 0.946658 0.972571 0.887436 0.711415 0.778356 0.651935 0.714703 0.731161 0.797757 0.866114 0.850161 0.878135 0.953088 0.707534 0.837086 0.723322 0.820382 0.917501 0.997788 0.785486 0.858496 0.614382 0.630403 0.923023 0.860782 0.678776 0.712505 0.525479 0.556643 0.894375 0.962284 0.718164 0.764024 0.726247 0.721535 0.866590 0.946706 0.892630 0.720062 0.817025 0.902553 0.916878 0.925846 0.777571 0.987655 0.765165 0.735680 0.931714 0.929441 0.787618 0.799827 0.814720 0.994191 0.758980 0.921939 0.840396 0.934319 0.686602 0.617891 0.684720 0.820801 0.920241 0.922450 0.865636 0.868515 0.746787 0.720310 0.695111 0.811513 0.759016 0.821446 0.877130 0.846507 0.595580 0.928228 0.804255 0.897465
0.957545 0.998393 0.856552 0.838653 0.915048 0.946995 0.750864 0.859653 0.928061 0.970538 0.997640 0.991250 0.991164 0.951132 0.995632 0.974766 0.982656 0.990103 0.991690 0.934473 0.829374 0.807082 0.913816 0.882664 0.934630 0.900500 0.918067 0.944350 0.870717 0.916914 0.838793 0.891402 0.740186 0.810558 0.895113 0.000000 0.892482 0.841323 0.836780 0.779173 0.769590 0.939311 0.915239 0.872939 0.797130 0.844690 0.922081 0.924889 0.955223 0.920909 0.963992 0.998820 0.850549 0.959546 0.967135 0.849409 0.958054 0.975878 0.842116 0.961065 0.802284 0.908024 0.926841 0.953042 0.878932 0.857117 0.730142 0.779589 0.856463 0.865973 0.999596 0.872491 0.968442 0.852826 0.936215 0.892788 0.997250 0.715856 0.955466 0.916137 0.970257 0.999671 0.997994 0.906810 0.970438 0.914862 0.887859 0.978232 0.879655 0.978185 0.983516 0.966684 0.978461 0.983358 0.885418 0.891602 0.961114 0.994597 0.994554 0.915305 0.867624 0.971978 0.979911 0.898891 0.936919 0.998760 0.961706 0.869116 0.937614 0.943244 0.861257 0.905877 0.926824 0.973723 0.845947 0.842807
0.743213 0.830193 0.660960 0.623963 0.886096 0.815256 0.793870 0.600742 0.771226 0.844100 0.918191 0.649837 0.754693 0.762342 0.785868 0.769885 0.931944 0.989431 0.703031 0.668584 0.858376 0.899766 0.753716 0.827497 0.648434 0.690028 0.898139 0.861493 0.943884 0.969563 0.893320 0.938473 0.730987 0.779387 0.884646 0.892482 0.000000 0.627368 0.765879 0.868170 0.649930 0.843816 0.729128 0.816771 0.855116 0.846441 0.684738 0.685451 0.895517 0.835234 0.921744 0.852999 0.893574 0.844165 0.613647 0.852494 0.853786 0.842639 0.885714 0.876862 0.680129 0.599345 0.856540 0.874618 0.733068 0.685625 0.809569 0.753584 0.628722 0.752564 0.701521 0.618630 0.700575 0.766058 0.969864 0.942536 0.761356 0.939192 0.926008 0.863418 0.878181 0.813143 0.864212 0.812033 0.739095 0.749959 0.789331 0.892430 0.880724 0.835789 0.836494 0.951092 0.887207 0.972743 0.937755 0.979288 0.654856 0.979845 0.668917 0.728420 0.887318 0.975424 0.971120 0.974905 0.768045 0.880281 0.862592 0.885280 0.718100 0.740221 0.910503 0.885325 0.928704 0.973901 0.981244 0.969961
0.566076 0.556188 0.857174 0.832326 0.941436 0.874542 0.917212 0.819599 0.981890 0.844768 0.602177 0.488732 0.810886 0.770903 0.828153 0.773935 0.601428 0.583173 0.597053 0.476696 0.822458 0.790985 0.883175 0.926938 0.774637 0.977125 0.717042 0.971082 0.681798 0.626259 0.991847 0.887983 0.783546 0.720807 0.824430 0.841323 0.627368 0.000000 0.787492 0.667722 0.789801 0.773752 0.811834 0.782251 0.898811 0.803527 0.645034 0.609062 0.742736 0.601325 0.831755 0.748964 0.873998 0.931635 0.653660 0.668991 0.531660 0.565855 0.757015 0.676762 0.832813 0.813451 0.737517 0.575126 0.909196 0.970540 0.997264 0.942927 0.532061 0.603110 0.906280 0.924863 0.931684 0.837398 0.843165 0.992139 0.917346 0.913394 0.767877 0.845949 0.558171 0.611076 0.695272 0.543403 0.777168 0.844739 0.860717 0.751101 0.920711 0.760470 0.900273 0.842930 0.839267 0.883082 0.914987 0.859935 0.798511 0.840388 0.804256 0.818217 0.956571 0.880501 0.687787 0.914480 0.834547 0.933957 0.932937 0.954551 0.971176 0.674842 0.897047 0.797182 0.915102 0.815293 0.980971 0.982076
