0.000000 0.366149 0.892050 0.815534 0.832070 0.560402 0.494101 0.503784 0.684728 0.569856 0.420587 0.408304 0.448075 0.483043 0.687519 0.837416 0.463552 0.462306 0.442557 0.562732 0.789843 0.935994 0.971828 0.844317 0.660768 0.781055 0.728230 0.809371 0.545313 0.621178 0.817385 0.920647 0.573822 0.514957 0.862337 0.816126 0.889968 0.808370 0.810863 0.939464 0.907252 0.788558 0.617055 0.564412 0.651221 0.579888 0.514605 0.559772 0.671752 0.651162 0.661088 0.524493 0.775762 0.911016 0.750052 0.622583 0.374958 0.373670 0.246774 0.291818 0.309965 0.445104 0.430801 0.414645 0.963677 0.760419 0.716528 0.635189 0.801226 0.745259 0.765401 0.848392 0.977882 0.978807 0.943516 0.965999 0.638926 0.861696 0.622572 0.826184 0.490842 0.765742 0.934128 0.731410 0.782290 0.955176 0.980795 0.959075 0.691233 0.643028 0.778651 0.699847 0.860307 0.829960 0.937220 0.762378 0.704206 0.860809 0.442668 0.448891 0.732888 0.642052 0.647578 0.663777 0.574717 0.479036 0.811470 0.634530 0.777107 0.719308 0.589091 0.648304 0.484482 0.891105 0.636717 0.734624
0.366149 0.000000 0.674086 0.583746 0.965342 0.633906 0.452015 0.476355 0.814106 0.808266 0.645972 0.591378 0.709047 0.521090 0.913678 0.942838 0.614407 0.608289 0.439349 0.455944 0.903661 0.922929 0.817105 0.833041 0.994762 0.900601 0.856225 0.880592 0.762471 0.716641 0.796830 0.698154 0.417433 0.404629 0.754021 0.949567 0.923256 0.988624 0.993432 0.822154 0.845825 0.835020 0.405801 0.389021 0.623536 0.583663 0.500461 0.447407 0.836331 0.648153 0.587582 0.490313 0.735196 0.867001 0.736773 0.584890 0.373044 0.371954 0.389147 0.312447 0.381931 0.421153 0.662057 0.627707 0.788466 0.548207 0.520161 0.434279 0.798396 0.671476 0.659744 0.659959 0.740123 0.783555 0.836388 0.955516 0.693528 0.728946 0.760853 0.768494 0.549567 0.779458 0.800889 0.782858 0.703288 0.658035 0.982400 0.973362 0.712371 0.512907 0.785306 0.890007 0.803031 0.955458 0.950724 0.811586 0.646314 0.941968 0.539410 0.579182 0.752100 0.712052 0.717176 0.793185 0.488945 0.432913 0.844278 0.660330 0.788924 0.724661 0.614404 0.712393 0.584666 0.810686 0.553945 0.817270
0.892050 0.674086 0.000000 0.245514 0.909274 0.794788 0.574746 0.691615 0.847914 0.900448 0.724319 0.927674 0.960722 0.990230 0.964803 0.822120 0.837143 0.824167 0.685285 0.639354 0.482787 0.763737 0.352670 0.433629 0.408721 0.324101 0.843134 0.785065 0.699765 0.779523 0.428186 0.605009 0.538927 0.594994 0.486144 0.695680 0.470969 0.751442 0.743102 0.608278 0.733922 0.924694 0.476746 0.648175 0.976303 0.940923 0.608570 0.629393 0.701042 0.942870 0.868076 0.934717 0.982587 0.944269 0.850163 0.962715 0.971129 0.972084 0.920533 0.813080 0.834918 0.758942 0.652789 0.707204 0.284222 0.316991 0.364018 0.404783 0.752013 0.783644 0.407020 0.429607 0.604448 0.681234 0.840019 0.891741 0.730523 0.556279 0.768999 0.800020 0.927262 0.941457 0.949222 0.842546 0.602520 0.518863 0.960393 0.749823 0.658633 0.819899 0.637690 0.782671 0.588566 0.641992 0.811261 0.714525 0.725000 0.966318 0.784043 0.779490 0.832880 0.875249 0.992739 0.940205 0.719126 0.584093 0.762188 0.835401 0.852721 0.915620 0.604949 0.865641 0.867295 0.898238 0.827700 0.770242
0.815534 0.583746 0.245514 0.000000 0.913159 0.709766 0.471775 0.539552 0.830428 0.975178 0.813683 0.885702 0.931890 0.838491 0.928807 0.828069 0.909023 0.871253 0.621041 0.503886 0.510772 0.814265 0.411552 0.419649 0.486673 0.364088 0.975329 0.881004 0.742301 0.859040 0.431438 0.578457 0.509502 0.496060 0.504908 0.671433 0.559700 0.689934 0.709566 0.730525 0.711074 0.896351 0.434107 0.590689 0.874187 0.970943 0.466349 0.532674 0.713210 0.990979 0.758694 0.810176 0.876229 0.807862 0.820298 0.883061 0.918384 0.947588 0.816834 0.706918 0.745215 0.582751 0.741998 0.807057 0.392448 0.236691 0.291300 0.296094 0.814440 0.792724 0.357026 0.379751 0.531443 0.636568 0.741160 0.788574 0.627843 0.501748 0.765996 0.786877 0.962669 0.949886 0.914903 0.860719 0.663411 0.523440 0.929155 0.824052 0.714381 0.781604 0.548264 0.757161 0.522694 0.662084 0.817004 0.613431 0.605656 0.872026 0.679058 0.710258 0.679923 0.821605 0.890742 0.992024 0.567352 0.560593 0.779077 0.776301 0.767725 0.801612 0.603405 0.816809 0.859346 0.857742 0.717626 0.754814
0.832070 0.965342 0.909274 0.913159 0.000000 0.990025 0.978470 0.981719 0.733235 0.812197 0.849382 0.905617 0.564515 0.862969 0.659749 0.635903 0.832662 0.875501 0.773745 0.959754 0.875952 0.877204 0.808741 0.944827 0.897913 0.874062 0.822853 0.986250 0.804025 0.824011 0.845869 0.808841 0.899043 0.962965 0.993722 0.801363 0.972698 0.815665 0.907921 0.674284 0.894754 0.929886 0.993413 0.999021 0.924681 0.904719 0.989862 0.996875 0.712525 0.993846 0.898909 0.944795 0.988909 0.819948 0.826060 0.967828 0.916698 0.774135 0.873189 0.985101 0.768851 0.967758 0.725401 0.777917 0.795699 0.934181 0.911530 0.879154 0.999351 0.962001 0.966325 0.773387 0.730657 0.816552 0.901127 0.852024 0.959774 0.958565 0.935313 0.922668 0.800327 0.878229 0.962049 0.727311 0.695497 0.986331 0.904961 0.892338 0.744926 0.871303 0.859877 0.955739 0.834151 0.955508 0.916280 0.904053 0.757075 0.771481 0.995622 0.954603 0.824633 0.930661 0.979429 0.929707 0.901055 0.908376 0.965195 0.898797 0.907411 0.746219 0.953428 0.887094 0.807147 0.929557 0.752791 0.848627
0.560402 0.633906 0.794788 0.709766 0.990025 0.000000 0.447919 0.419130 0.568501 0.523163 0.645805 0.568653 0.783390 0.739602 0.983273 0.885275 0.791489 0.784696 0.688493 0.598589 0.902645 0.882603 0.977247 0.881550 0.827313 0.986066 0.550325 0.956578 0.728603 0.801924 0.908366 0.997386 0.554591 0.554794 0.753377 0.962825 0.950966 0.934892 0.877538 0.960740 0.789205 0.979471 0.686999 0.650394 0.679631 0.715321 0.693388 0.691847 0.936479 0.785504 0.700802 0.661686 0.714443 0.736718 0.799088 0.750134 0.830609 0.784657 0.564276 0.461831 0.471842 0.430608 0.744004 0.685819 0.998150 0.676500 0.576199 0.535401 0.911953 0.616995 0.681688 0.703873 0.805015 0.885617 0.852960 0.833901 0.709446 0.767478 0.981676 0.936734 0.868734 0.959151 0.844657 0.981212 0.961701 0.925128 0.898383 0.837872 0.899600 0.947785 0.565356 0.617061 0.573702 0.648340 0.984728 0.723565 0.718747 0.654010 0.512048 0.563899 0.547743 0.609780 0.718931 0.663409 0.596807 0.666781 0.762505 0.718903 0.839045 0.790085 0.614712 0.645185 0.627795 0.805841 0.547916 0.873196
0.494101 0.452015 0.574746 0.471775 0.978470 0.447919 0.000000 0.206913 0.408441 0.445987 0.654085 0.450076 0.771336 0.610358 0.969450 0.867969 0.726887 0.741381 0.524987 0.473884 0.966564 0.878495 0.801690 0.978744 0.914047 0.880693 0.585665 0.820763 0.682533 0.667862 0.749316 0.825266 0.470219 0.312936 0.552409 0.932868 0.961260 0.969702 0.973872 0.927267 0.742074 0.927055 0.347577 0.359425 0.428870 0.479963 0.580245 0.479015 0.801911 0.574178 0.421018 0.384905 0.434283 0.458991 0.733085 0.746664 0.772032 0.724466 0.441889 0.436930 0.370580 0.311985 0.738029 0.606606 0.864320 0.511933 0.277583 0.285073 0.982608 0.753105 0.375731 0.466848 0.604518 0.677743 0.859723 0.857739 0.423994 0.598323 0.895558 0.983603 0.812770 0.964531 0.914362 0.890536 0.974428 0.990410 0.896294 0.671027 0.798806 0.877043 0.317023 0.413902 0.360462 0.469238 0.853818 0.668321 0.457774 0.712503 0.255683 0.336642 0.414008 0.468603 0.518348 0.628615 0.398249 0.410416 0.632790 0.575785 0.649365 0.636212 0.428813 0.542237 0.471193 0.670891 0.527760 0.731195
0.503784 0.476355 0.691615 0.539552 0.981719 0.419130 0.206913 0.000000 0.457205 0.415017 0.614003 0.356989 0.761301 0.526918 0.899632 0.921301 0.789323 0.785187 0.614201 0.452958 0.979769 0.931629 0.900623 0.974541 0.827242 0.937918 0.489420 0.729759 0.646475 0.663988 0.769903 0.807618 0.502806 0.350774 0.638775 0.988921 0.906257 0.978019 0.940419 0.981071 0.767384 0.933236 0.407693 0.424958 0.484139 0.508449 0.592664 0.538111 0.863917 0.619483 0.502102 0.421614 0.487253 0.474056 0.810611 0.737105 0.782344 0.766390 0.465227 0.410743 0.332868 0.212128 0.705232 0.563667 0.969846 0.496126 0.336123 0.308920 0.924366 0.754075 0.483223 0.513985 0.639650 0.684528 0.879107 0.775566 0.491089 0.672568 0.940398 0.995090 0.850775 0.941302 0.880831 0.842328 0.915155 0.946670 0.967742 0.704057 0.850685 0.895852 0.336366 0.491665 0.404435 0.543961 0.888516 0.699513 0.531188 0.676246 0.314822 0.369163 0.357251 0.475656 0.530688 0.688454 0.387313 0.448976 0.621077 0.626286 0.687232 0.604454 0.487202 0.549546 0.470878 0.701818 0.502303 0.806297
0.684728 0.814106 0.847914 0.830428 0.733235 0.568501 0.408441 0.457205 0.000000 0.375699 0.542341 0.542891 0.704303 0.774277 0.890117 0.803969 0.807465 0.806115 0.772948 0.777636 0.831835 0.968654 0.956803 0.748784 0.704183 0.882675 0.647693 0.739298 0.594123 0.703076 0.966937 0.883641 0.745606 0.585340 0.725542 0.991528 0.935580 0.833896 0.883197 0.941221 0.781329 0.962002 0.714994 0.682108 0.602713 0.658103 0.947789 0.888612 0.717325 0.822431 0.707081 0.697336 0.581894 0.657596 0.740242 0.941201 0.980506 0.881358 0.623403 0.732053 0.521240 0.515960 0.714758 0.621676 0.982585 0.840531 0.600036 0.653993 0.937355 0.769411 0.600555 0.738838 0.867302 0.902926 0.913843 0.890507 0.624313 0.859674 0.859854 0.855586 0.902700 0.905926 0.825829 0.979299 0.907107 0.776763 0.894081 0.762864 0.745636 0.909801 0.487098 0.401195 0.514138 0.439816 0.859945 0.880469 0.745685 0.758916 0.421775 0.497542 0.597594 0.649761 0.637773 0.802356 0.677490 0.673459 0.748573 0.652457 0.786292 0.831149 0.609299 0.687260 0.597087 0.770680 0.769921 0.879241
0.569856 0.808266 0.900448 0.975178 0.812197 0.523163 0.445987 0.415017 0.375699 0.000000 0.376736 0.341243 0.632782 0.665351 0.902670 0.864619 0.599013 0.560740 0.721896 0.728128 0.622134 0.947920 0.744941 0.493865 0.461567 0.631513 0.479978 0.678980 0.354237 0.441106 0.779585 0.784185 0.815474 0.622955 0.902397 0.793521 0.677280 0.807790 0.749974 0.923394 0.986431 0.876385 0.812115 0.682569 0.464889 0.467109 0.874114 0.834053 0.527980 0.622169 0.606767 0.538311 0.527659 0.576265 0.837918 0.774194 0.917385 0.829267 0.504512 0.659614 0.470523 0.462536 0.454865 0.342985 0.691639 0.970782 0.738165 0.783556 0.831694 0.912444 0.724186 0.870635 0.949442 0.911106 0.949083 0.937014 0.580081 0.915484 0.816597 0.848617 0.697639 0.977879 0.847677 0.954362 0.716835 0.560896 0.795916 0.742329 0.920707 0.936249 0.511400 0.446105 0.608725 0.565293 0.972055 0.826180 0.740962 0.728591 0.385386 0.462609 0.540493 0.579678 0.465751 0.650760 0.659556 0.737795 0.791421 0.769999 0.848026 0.747865 0.646312 0.669642 0.437919 0.751296 0.757168 0.928442
0.420587 0.645972 0.724319 0.813683 0.849382 0.645805 0.654085 0.614003 0.542341 0.376736 0.000000 0.358834 0.468431 0.539184 0.777613 0.925453 0.454748 0.444860 0.702725 0.741696 0.574794 0.804649 0.615790 0.462106 0.379992 0.486020 0.625360 0.628745 0.350501 0.447773 0.591262 0.716995 0.861254 0.711160 0.880062 0.707438 0.639326 0.747753 0.806167 0.975015 0.946026 0.763603 0.929758 0.765042 0.668493 0.608492 0.839747 0.904426 0.556450 0.718337 0.766786 0.666254 0.782606 0.913456 0.805215 0.783359 0.632830 0.553662 0.403628 0.543704 0.434521 0.535999 0.320632 0.294877 0.664206 0.887858 0.991702 0.934740 0.939139 0.855931 0.975921 0.888138 0.865534 0.880192 0.922989 0.980434 0.777500 0.899823 0.603079 0.987820 0.504411 0.783115 0.970445 0.723612 0.915641 0.726108 0.902642 0.984188 0.906395 0.908109 0.862125 0.705466 0.945822 0.882333 0.944647 0.933717 0.911822 0.889886 0.563865 0.600844 0.759818 0.725917 0.602844 0.709723 0.743283 0.726377 0.932806 0.792018 0.806378 0.751580 0.795634 0.788677 0.546425 0.975304 0.735457 0.907958
0.408304 0.591378 0.927674 0.885702 0.905617 0.568653 0.450076 0.356989 0.542891 0.341243 0.358834 0.000000 0.483168 0.359538 0.860506 0.800595 0.615461 0.571667 0.599033 0.579400 0.705620 0.798989 0.864001 0.727749 0.525562 0.667988 0.551589 0.605525 0.398923 0.446489 0.789061 0.886729 0.688442 0.523363 0.960408 0.817863 0.632633 0.803062 0.857952 0.908063 0.975190 0.934323 0.740446 0.668564 0.589342 0.567025 0.625100 0.706046 0.701939 0.695300 0.690082 0.538181 0.659231 0.713567 0.881820 0.728502 0.671318 0.677384 0.357761 0.464536 0.308117 0.292293 0.384817 0.321401 0.817853 0.784175 0.726479 0.646951 0.774614 0.897255 0.787595 0.888088 0.918625 0.927681 0.904744 0.911005 0.567003 0.842020 0.730067 0.997556 0.636924 0.900069 0.973914 0.841649 0.971107 0.851792 0.929859 0.899386 0.883276 0.900820 0.656186 0.631486 0.763030 0.769640 0.980951 0.749681 0.780622 0.769630 0.444647 0.479771 0.548238 0.652628 0.535680 0.690698 0.541753 0.565283 0.836429 0.801970 0.847144 0.673214 0.745304 0.645126 0.506143 0.883942 0.707964 0.877159
0.448075 0.709047 0.960722 0.931890 0.564515 0.783390 0.771336 0.761301 0.704303 0.632782 0.468431 0.483168 0.000000 0.457486 0.457418 0.555680 0.657583 0.666123 0.614180 0.826820 0.727367 0.793649 0.939805 0.788742 0.564856 0.641030 0.847553 0.849661 0.548717 0.601508 0.641133 0.688605 0.815460 0.815680 0.849311 0.661069 0.838559 0.665992 0.834035 0.887724 0.797605 0.986530 0.881779 0.885533 0.882192 0.804847 0.759160 0.804896 0.712323 0.921311 0.975990 0.865001 0.990789 0.840391 0.876830 0.937919 0.610803 0.569045 0.449967 0.609763 0.410823 0.644131 0.428331 0.480576 0.924107 0.948490 0.957646 0.980810 0.861178 0.860787 0.946822 0.800841 0.743210 0.717595 0.942030 0.916435 0.816182 0.989715 0.806073 0.852430 0.672017 0.849716 0.929763 0.769966 0.744858 0.952927 0.887264 0.848750 0.864053 0.893447 0.969556 0.821930 0.863300 0.976613 0.931622 0.886780 0.903574 0.902185 0.726942 0.652053 0.964702 0.825263 0.824311 0.855863 0.835414 0.616663 0.993947 0.977799 0.952259 0.926822 0.831869 0.780854 0.648033 0.973496 0.879137 0.908960
0.483043 0.521090 0.990230 0.838491 0.862969 0.739602 0.610358 0.526918 0.774277 0.665351 0.539184 0.359538 0.457486 0.000000 0.814229 0.640496 0.673009 0.641565 0.511357 0.595437 0.844967 0.818080 0.880343 0.964553 0.706188 0.799876 0.648862 0.802229 0.531824 0.451407 0.997722 0.874904 0.577370 0.564954 0.989859 0.799132 0.892487 0.898938 0.951706 0.998276 0.923365 0.999168 0.630051 0.595034 0.613861 0.565382 0.525237 0.613266 0.752287 0.651650 0.688194 0.543601 0.722136 0.810809 0.732915 0.734295 0.539330 0.605322 0.413769 0.459487 0.360679 0.423742 0.484475 0.457985 0.959224 0.739940 0.807204 0.652147 0.744611 0.899004 0.927648 0.907303 0.841849 0.876240 0.899668 0.829432 0.717917 0.731271 0.748016 0.762503 0.696830 0.855792 0.715619 0.751828 0.829099 0.880598 0.801976 0.929578 0.919249 0.714495 0.951030 0.974084 0.925425 0.898558 0.917960 0.857463 0.908325 0.972348 0.675805 0.652265 0.712069 0.862558 0.750830 0.871277 0.626343 0.655962 0.956614 0.947644 0.834442 0.693165 0.884406 0.785978 0.699059 0.907640 0.749748 0.984782
0.687519 0.913678 0.964803 0.928807 0.659749 0.983273 0.969450 0.899632 0.890117 0.902670 0.777613 0.860506 0.457418 0.814229 0.000000 0.565339 0.786757 0.797772 0.745630 0.992848 0.915174 0.955377 0.761135 0.948169 0.889543 0.883290 0.817849 0.924363 0.772019 0.847967 0.787042 0.766531 0.844362 0.980463 0.972061 0.887141 0.934467 0.783735 0.821609 0.798104 0.924844 0.870901 0.956501 0.905524 0.949071 0.965418 0.873466 0.896056 0.841809 0.888127 0.857216 0.916026 0.845545 0.701146 0.828643 0.937110 0.765146 0.740492 0.687883 0.878608 0.731258 0.967682 0.764867 0.810679 0.747303 0.980736 0.887251 0.879433 0.910395 0.725804 0.982277 0.838115 0.793321 0.835360 0.868881 0.955002 0.964620 0.905302 0.947328 0.935224 0.811344 0.841668 0.734392 0.762771 0.588710 0.876043 0.778370 0.973811 0.786370 0.831906 0.857003 0.995723 0.758084 0.968475 0.983273 0.795283 0.865118 0.834904 0.952088 0.915283 0.746946 0.969846 0.865888 0.951121 0.957487 0.816647 0.952227 0.920572 0.851426 0.930824 0.891902 0.953053 0.810721 0.949885 0.980050 0.932606
0.837416 0.942838 0.822120 0.828069 0.635903 0.885275 0.867969 0.921301 0.803969 0.864619 0.925453 0.800595 0.555680 0.640496 0.565339 0.000000 0.998950 0.971308 0.685873 0.906880 0.982679 0.887772 0.551718 0.811389 0.965259 0.979192 0.962032 0.946103 0.873680 0.862284 0.991077 0.927465 0.758632 0.880311 0.968593 0.887007 0.758683 0.914285 0.991798 0.772851 0.952691 0.818759 0.843709 0.878718 0.869990 0.903091 0.671423 0.775355 0.835774 0.993623 0.998529 0.915126 0.983794 0.947804 0.777206 0.928609 0.919659 0.932960 0.753715 0.876071 0.719097 0.862043 0.859561 0.861160 0.678807 0.834123 0.911709 0.912026 0.809596 0.914834 0.892804 0.948807 0.923857 0.863655 0.887689 0.905795 0.844769 0.756574 0.966772 0.939542 0.975270 0.989525 0.815595 0.879853 0.664452 0.855132 0.896403 0.992142 0.852860 0.922517 0.994158 0.892727 0.910770 0.936337 0.901021 0.838844 0.893402 0.956686 0.928156 0.800674 0.950399 0.953913 0.989880 0.984361 0.846856 0.836472 0.951658 0.954872 0.966794 0.870058 0.965089 0.830928 0.843619 0.956789 0.968677 0.955417
0.463552 0.614407 0.837143 0.909023 0.832662 0.791489 0.726887 0.789323 0.807465 0.599013 0.454748 0.615461 0.657583 0.673009 0.786757 0.998950 0.000000 0.321080 0.552360 0.729028 0.689066 0.969905 0.747492 0.696432 0.616497 0.643191 0.839964 0.927143 0.476046 0.439001 0.756287 0.827274 0.816056 0.748732 0.996248 0.848481 0.866882 0.827764 0.839744 0.939901 0.943635 0.784906 0.849655 0.693851 0.584717 0.531409 0.737547 0.746428 0.472040 0.552314 0.635153 0.604124 0.731022 0.907419 0.653599 0.597343 0.474291 0.423253 0.451012 0.626477 0.599036 0.765749 0.359885 0.371772 0.781225 0.821875 0.975559 0.911637 0.922103 0.862760 0.931457 0.862758 0.925867 0.969077 0.959755 0.939706 0.800336 0.998453 0.636098 0.817610 0.344132 0.589913 0.746945 0.564286 0.935705 0.901694 0.840394 0.946968 0.878397 0.615788 0.983240 0.922179 0.903453 0.954696 0.969263 0.924858 0.769670 0.965713 0.611602 0.757059 0.947531 0.847880 0.724502 0.667208 0.871865 0.808894 0.946219 0.922871 0.803767 0.822958 0.756802 0.849736 0.675279 0.861837 0.897157 0.982936
0.462306 0.608289 0.824167 0.871253 0.875501 0.784696 0.741381 0.785187 0.806115 0.560740 0.444860 0.571667 0.666123 0.641565 0.797772 0.971308 0.321080 0.000000 0.611296 0.735539 0.700095 0.968308 0.672166 0.635894 0.616772 0.619351 0.820106 0.864225 0.390552 0.386077 0.731381 0.903053 0.785429 0.724490 0.910290 0.740575 0.824025 0.838972 0.829297 0.974078 0.941007 0.743228 0.851915 0.662232 0.576507 0.495591 0.707688 0.751270 0.456867 0.495035 0.604720 0.561768 0.756875 0.898372 0.615252 0.545745 0.481350 0.427503 0.433744 0.644782 0.611946 0.750903 0.351210 0.326398 0.702483 0.788488 0.999578 0.935880 0.929884 0.900669 0.981833 0.872082 0.989123 0.962769 0.908368 0.942839 0.800946 0.951760 0.533053 0.849879 0.300427 0.483045 0.797691 0.459236 0.967448 0.904311 0.817299 0.933017 0.846648 0.694663 0.969684 0.908322 0.921701 0.939456 0.871352 0.788493 0.785129 0.985600 0.591369 0.736000 0.921146 0.808655 0.639247 0.563298 0.763841 0.797732 0.956304 0.911132 0.924710 0.763450 0.806665 0.834581 0.571696 0.783273 0.860636 0.949602
0.442557 0.439349 0.685285 0.621041 0.773745 0.688493 0.524987 0.614201 0.772948 0.721896 0.702725 0.599033 0.614180 0.511357 0.745630 0.685873 0.552360 0.611296 0.000000 0.536986 0.970261 0.990881 0.700386 0.855317 0.929257 0.982369 0.902169 0.988090 0.742924 0.705921 0.903582 0.914382 0.451382 0.473286 0.759212 0.969318 0.885369 0.861278 0.992848 0.887191 0.988510 0.933634 0.591358 0.564588 0.565090 0.558301 0.512071 0.500979 0.708433 0.642501 0.604873 0.563935 0.718220 0.800117 0.694372 0.635101 0.519480 0.452431 0.399359 0.443270 0.428394 0.567752 0.560274 0.613340 0.744357 0.706128 0.622156 0.561028 0.867310 0.842137 0.641489 0.750568 0.873279 0.900182 0.892752 0.896215 0.678369 0.654290 0.857153 0.793489 0.636824 0.819727 0.774467 0.777303 0.705611 0.835858 0.947108 0.931656 0.755819 0.650689 0.803617 0.813793 0.885752 0.859832 0.974201 0.756198 0.699439 0.998520 0.549310 0.595553 0.799348 0.835410 0.706304 0.757813 0.713312 0.540408 0.901821 0.784815 0.741741 0.775154 0.651482 0.714719 0.601812 0.829659 0.833453 0.810064
0.562732 0.455944 0.639354 0.503886 0.959754 0.598589 0.473884 0.452958 0.777636 0.728128 0.741696 0.579400 0.826820 0.595437 0.992848 0.906880 0.729028 0.735539 0.536986 0.000000 0.852246 0.957100 0.785835 0.772524 0.948371 0.839663 0.800713 0.936387 0.800446 0.784766 0.777429 0.676963 0.509281 0.476110 0.682572 0.844146 0.883112 0.964403 0.908911 0.916400 0.733623 0.923903 0.510201 0.526094 0.714986 0.707228 0.502854 0.438942 0.985951 0.710070 0.697077 0.646662 0.783320 0.767981 0.658676 0.633454 0.651821 0.698351 0.588086 0.483431 0.529607 0.427484 0.751240 0.731931 0.791355 0.504343 0.486819 0.414694 0.909012 0.686797 0.640572 0.641420 0.671478 0.737393 0.723236 0.801883 0.714841 0.783247 0.900234 0.841341 0.659290 0.741207 0.864185 0.922732 0.775950 0.762345 0.980631 0.910785 0.883716 0.666326 0.673762 0.864577 0.703151 0.858567 0.950886 0.748283 0.629150 0.850083 0.577262 0.637207 0.700364 0.708883 0.670726 0.932267 0.485669 0.613116 0.780572 0.833913 0.805839 0.690618 0.634590 0.868340 0.647570 0.711526 0.646145 0.950158
0.789843 0.903661 0.482787 0.510772 0.875952 0.902645 0.966564 0.979769 0.831835 0.622134 0.574794 0.705620 0.727367 0.844967 0.915174 0.982679 0.689066 0.700095 0.970261 0.852246 0.000000 0.757022 0.478469 0.455539 0.369813 0.380621 0.708343 0.791220 0.600579 0.725219 0.485498 0.617453 0.786500 0.826548 0.703707 0.695952 0.638644 0.787989 0.754729 0.785153 0.747165 0.680057 0.735567 0.894408 0.822894 0.747366 0.837566 0.851268 0.608108 0.819443 0.932963 0.842694 0.867017 0.920618 0.984624 0.949361 0.911120 0.834219 0.806454 0.920020 0.839718 0.969910 0.494488 0.536077 0.465056 0.550362 0.676084 0.688573 0.860357 0.835024 0.706626 0.652353 0.703928 0.742002 0.798486 0.830532 0.997678 0.819793 0.679880 0.865344 0.757911 0.969134 0.749273 0.879801 0.668429 0.546411 0.701797 0.954992 0.908040 0.897029 0.906993 0.853764 0.878977 0.946207 0.821714 0.831575 0.950191 0.868566 0.885701 0.882585 0.929515 0.939373 0.664146 0.708664 0.805210 0.885056 0.897413 0.939598 0.870635 0.957703 0.980378 0.917543 0.908377 0.992781 0.902291 0.989727
0.935994 0.922929 0.763737 0.814265 0.877204 0.882603 0.878495 0.931629 0.968654 0.947920 0.804649 0.798989 0.793649 0.818080 0.955377 0.887772 0.969905 0.968308 0.990881 0.957100 0.757022 0.000000 0.846160 0.880525 0.804594 0.834833 0.925716 0.808687 0.928153 0.871812 0.803699 0.948737 0.923865 0.953245 0.767771 0.933077 0.816317 0.896093 0.977543 0.827068 0.785282 0.909361 0.820006 0.835003 0.875605 0.967132 0.964557 0.791449 0.992295 0.878950 0.881811 0.914312 0.802618 0.809075 0.932550 0.866108 0.925694 0.922454 0.878739 0.991772 0.896068 0.930507 0.768375 0.866853 0.892418 0.946784 0.751714 0.870297 0.831044 0.867609 0.799359 0.744562 0.957422 0.792727 0.852254 0.830764 0.912057 0.816649 0.977476 0.888887 0.859822 0.947105 0.959930 0.920655 0.952955 0.947292 0.958568 0.925001 0.938361 0.840169 0.751863 0.861341 0.743492 0.777144 0.866465 0.867404 0.759750 0.928264 0.865721 0.925791 0.924043 0.905062 0.999700 0.880483 0.890142 0.866588 0.831366 0.891780 0.927642 0.918112 0.837373 0.925092 0.990779 0.731091 0.839497 0.970586
0.971828 0.817105 0.352670 0.411552 0.808741 0.977247 0.801690 0.900623 0.956803 0.744941 0.615790 0.864001 0.939805 0.880343 0.761135 0.551718 0.747492 0.672166 0.700386 0.785835 0.478469 0.846160 0.000000 0.307404 0.451196 0.427098 0.734583 0.729947 0.683717 0.771342 0.457800 0.616278 0.557323 0.734041 0.607995 0.758509 0.456750 0.812847 0.760955 0.692063 0.811015 0.783103 0.582918 0.779591 0.998629 0.924779 0.659106 0.658310 0.772745 0.883172 0.987943 0.991682 0.981389 0.967148 0.801167 0.990784 0.999316 0.973678 0.993186 0.930403 0.865312 0.887699 0.676960 0.672511 0.271581 0.443257 0.592090 0.591014 0.945772 0.815517 0.644964 0.614668 0.711186 0.782245 0.758448 0.850945 0.875090 0.572057 0.732341 0.791996 0.802737 0.950865 0.778811 0.900271 0.469494 0.453704 0.756298 0.967269 0.763216 0.789569 0.897237 0.979183 0.889437 0.898080 0.811995 0.790889 0.960106 0.893413 0.983510 0.907807 0.950637 0.937980 0.820665 0.764840 0.818413 0.694909 0.943847 0.986092 0.980151 0.928047 0.839035 0.975634 0.979595 0.907668 0.964100 0.849687
0.844317 0.833041 0.433629 0.419649 0.944827 0.881550 0.978744 0.974541 0.748784 0.493865 0.462106 0.727749 0.788742 0.964553 0.948169 0.811389 0.696432 0.635894 0.855317 0.772524 0.455539 0.880525 0.307404 0.000000 0.321793 0.370481 0.662724 0.716102 0.458316 0.642552 0.416255 0.454951 0.686649 0.863501 0.656137 0.662757 0.504490 0.699958 0.653394 0.766890 0.847333 0.795074 0.667813 0.850291 0.839317 0.780563 0.681934 0.709010 0.556366 0.830703 0.946944 0.901771 0.865568 0.905471 0.905184 0.987139 0.955771 0.919712 0.829947 0.986821 0.918577 0.999027 0.549435 0.524756 0.372867 0.456833 0.673806 0.639074 0.890166 0.909039 0.808763 0.682103 0.715127 0.788533 0.815535 0.842623 0.971565 0.700375 0.760219 0.712554 0.784755 0.990840 0.773709 0.901594 0.534354 0.371231 0.784638 0.909521 0.919018 0.720746 0.945922 0.754951 0.984513 0.877990 0.894009 0.901439 0.920524 0.920166 0.799119 0.889344 0.879740 0.811037 0.724136 0.695814 0.905740 0.842313 0.929071 0.962712 0.961880 0.890843 0.983209 0.886267 0.758077 0.993912 0.992956 0.933615
0.660768 0.994762 0.408721 0.486673 0.897913 0.827313 0.914047 0.827242 0.704183 0.461567 0.379992 0.525562 0.564856 0.706188 0.889543 0.965259 0.616497 0.616772 0.929257 0.948371 0.369813 0.804594 0.451196 0.321793 0.000000 0.241660 0.541277 0.671201 0.421007 0.579871 0.389498 0.529334 0.808814 0.959938 0.687891 0.604679 0.430923 0.548807 0.610694 0.647968 0.806473 0.860674 0.819280 0.995970 0.742870 0.647588 0.846630 0.920686 0.546414 0.741297 0.894823 0.747899 0.727435 0.824989 0.942255 0.970203 0.851587 0.780935 0.642416 0.749359 0.671084 0.803168 0.371497 0.378401 0.396371 0.566006 0.753921 0.758932 0.761895 0.925631 0.723061 0.677008 0.654733 0.691080 0.840157 0.945521 0.958379 0.735717 0.657951 0.801704 0.814369 0.901532 0.785525 0.933405 0.581206 0.375524 0.859048 0.928819 0.863485 0.801506 0.930413 0.750417 0.931164 0.923535 0.888209 0.840407 0.977240 0.854720 0.735240 0.722766 0.803481 0.736193 0.686566 0.712344 0.952090 0.984218 0.972683 0.880102 0.885225 0.874842 0.949744 0.768777 0.703318 0.945132 0.925923 0.939820
0.781055 0.900601 0.324101 0.364088 0.874062 0.986066 0.880693 0.937918 0.882675 0.631513 0.486020 0.667988 0.641030 0.799876 0.883290 0.979192 0.643191 0.619351 0.982369 0.839663 0.380621 0.834833 0.427098 0.370481 0.241660 0.000000 0.743263 0.752184 0.503533 0.608394 0.305541 0.482718 0.707984 0.828782 0.650341 0.559283 0.421547 0.551489 0.624498 0.682404 0.739657 0.844856 0.659462 0.864739 0.836279 0.749478 0.755148 0.863994 0.554199 0.774134 0.988799 0.865425 0.849383 0.955088 0.945010 0.958716 0.821660 0.778978 0.743842 0.886131 0.851978 0.964864 0.385376 0.446696 0.379618 0.419721 0.566686 0.594150 0.841988 0.884000 0.566773 0.513898 0.550513 0.617683 0.856989 0.847102 0.936154 0.705643 0.602556 0.809722 0.794075 0.979063 0.894725 0.814296 0.641623 0.445050 0.848043 0.970426 0.810754 0.868574 0.823089 0.958351 0.726517 0.867027 0.864052 0.790915 0.887612 0.995103 0.935327 0.936447 0.966980 0.927956 0.807817 0.745326 0.879527 0.870672 0.826171 0.948642 0.967880 0.979849 0.840026 0.932122 0.873933 0.957412 0.953525 0.861956
0.728230 0.856225 0.843134 0.975329 0.822853 0.550325 0.585665 0.489420 0.647693 0.479978 0.625360 0.551589 0.847553 0.648862 0.817849 0.962032 0.839964 0.820106 0.902169 0.800713 0.708343 0.925716 0.734583 0.662724 0.541277 0.743263 0.000000 0.746750 0.634797 0.649380 0.966191 0.978168 0.880528 0.683252 0.989626 0.867919 0.651591 0.868158 0.787823 0.626435 0.957069 0.930274 0.788203 0.663574 0.586029 0.583201 0.904042 0.863433 0.833861 0.679328 0.662516 0.573771 0.564277 0.543345 0.927318 0.884390 0.998966 0.965056 0.666451 0.604775 0.585902 0.543805 0.711368 0.593673 0.584310 0.968056 0.772727 0.709933 0.697904 0.956969 0.882952 0.860350 0.826044 0.907377 0.890764 0.773581 0.780570 0.943906 0.922598 0.963330 0.996027 0.864617 0.779681 0.826985 0.520329 0.556623 0.905195 0.875305 0.886166 0.816774 0.605506 0.666981 0.668383 0.755509 0.842382 0.955050 0.763024 0.731377 0.590165 0.632099 0.412644 0.568217 0.631909 0.753918 0.792568 0.914828 0.780391 0.676453 0.739293 0.764363 0.808476 0.690197 0.716694 0.719018 0.699215 0.968340
0.809371 0.880592 0.785065 0.881004 0.986250 0.956578 0.820763 0.729759 0.739298 0.678980 0.628745 0.605525 0.849661 0.802229 0.924363 0.946103 0.927143 0.864225 0.988090 0.936387 0.791220 0.808687 0.729947 0.716102 0.671201 0.752184 0.746750 0.000000 0.738499 0.761912 0.809690 0.917937 0.994013 0.849552 0.943757 0.971811 0.689092 0.952909 0.911027 0.806884 0.873685 0.902122 0.991144 0.906716 0.797495 0.809396 0.972530 0.892862 0.780879 0.864059 0.840404 0.772718 0.764433 0.787271 0.907117 0.881077 0.999788 0.941406 0.813954 0.891475 0.765627 0.736640 0.734292 0.628576 0.714308 0.933337 0.963490 0.981677 0.762933 0.827176 0.975915 0.857662 0.951720 0.923573 0.964346 0.980975 0.808525 0.991876 0.694873 0.756856 0.894864 0.905217 0.842112 0.994498 0.774337 0.752619 0.964878 0.966968 0.899366 0.822991 0.805981 0.702034 0.852473 0.819445 0.927246 0.982108 0.943232 0.824437 0.738451 0.798312 0.708563 0.810176 0.759402 0.854416 0.860212 0.802279 0.985020 0.756369 0.860043 0.877397 0.885973 0.817383 0.795273 0.975873 0.827586 0.992092
0.545313 0.762471 0.699765 0.742301 0.804025 0.728603 0.682533 0.646475 0.594123 0.354237 0.350501 0.398923 0.548717 0.531824 0.772019 0.873680 0.476046 0.390552 0.742924 0.800446 0.600579 0.928153 0.683717 0.458316 0.421007 0.503533 0.634797 0.738499 0.000000 0.296678 0.683679 0.788316 0.826680 0.750716 0.890860 0.668082 0.678524 0.732191 0.744347 0.887915 0.961425 0.815548 0.877285 0.718387 0.492109 0.435929 0.861922 0.838712 0.400259 0.535846 0.641664 0.540353 0.637000 0.750355 0.762965 0.622750 0.721880 0.660180 0.499890 0.668394 0.509398 0.620894 0.319032 0.257411 0.601219 0.789679 0.984878 0.966641 0.776767 0.895245 0.994970 0.893552 0.971008 0.893960 0.997900 0.950609 0.706064 0.979195 0.620252 0.940897 0.537019 0.786990 0.877859 0.641880 0.876436 0.708742 0.925252 0.986190 0.940828 0.911516 0.879019 0.777556 0.982598 0.919910 0.937901 0.886495 0.945903 0.941596 0.541685 0.634043 0.799787 0.740265 0.589610 0.697083 0.722651 0.814283 0.835044 0.901838 0.942956 0.690465 0.896103 0.743470 0.540670 0.756645 0.800522 0.988824
0.621178 0.716641 0.779523 0.859040 0.824011 0.801924 0.667862 0.663988 0.703076 0.441106 0.447773 0.446489 0.601508 0.451407 0.847967 0.862284 0.439001 0.386077 0.705921 0.784766 0.725219 0.871812 0.771342 0.642552 0.579871 0.608394 0.649380 0.761912 0.296678 0.000000 0.826960 0.954115 0.813732 0.700208 0.875605 0.722512 0.803422 0.894522 0.838347 0.995856 0.940047 0.892389 0.786111 0.628331 0.453698 0.443259 0.771734 0.808151 0.433838 0.475900 0.570660 0.501871 0.594987 0.727824 0.694415 0.644126 0.664334 0.663936 0.503022 0.732438 0.566400 0.635192 0.362917 0.294596 0.643234 0.842721 0.964141 0.887867 0.728431 0.970998 0.956110 0.920720 0.865043 0.798229 0.983120 0.972660 0.680876 0.854193 0.692474 0.948126 0.478824 0.701947 0.691688 0.608480 0.914806 0.814217 0.917204 0.998363 0.974420 0.823077 0.954855 0.879409 0.952747 0.966052 0.907712 0.928358 0.890791 0.906071 0.601953 0.722604 0.778067 0.843687 0.637727 0.707880 0.732065 0.862605 0.970613 0.992945 0.989287 0.812900 0.945627 0.885799 0.620211 0.801515 0.876506 0.947188
0.817385 0.796830 0.428186 0.431438 0.845869 0.908366 0.749316 0.769903 0.966937 0.779585 0.591262 0.789061 0.641133 0.997722 0.787042 0.991077 0.756287 0.731381 0.903582 0.777429 0.485498 0.803699 0.457800 0.416255 0.389498 0.305541 0.966191 0.809690 0.683679 0.826960 0.000000 0.349565 0.555127 0.678223 0.604961 0.646477 0.512953 0.625984 0.754946 0.864089 0.667688 0.953488 0.482560 0.648448 0.849586 0.933148 0.738085 0.728722 0.741232 0.940429 0.729887 0.840156 0.867085 0.772210 0.773996 0.899299 0.913590 0.893979 0.849273 0.990665 0.983974 0.827295 0.563724 0.662690 0.590764 0.472628 0.497644 0.498989 0.915183 0.805275 0.606756 0.473703 0.427905 0.537243 0.882741 0.723663 0.902517 0.612947 0.705059 0.834035 0.807425 0.989399 0.776200 0.757417 0.802877 0.581311 0.914178 0.977505 0.881912 0.827199 0.770436 0.912700 0.719771 0.932176 0.898645 0.838464 0.765073 0.982413 0.942010 0.973292 0.838645 0.939384 0.933128 0.886091 0.822373 0.807158 0.777231 0.902046 0.917092 0.899837 0.821146 0.987470 0.923287 0.763745 0.853344 0.981968
0.920647 0.698154 0.605009 0.578457 0.808841 0.997386 0.825266 0.807618 0.883641 0.784185 0.716995 0.886729 0.688605 0.874904 0.766531 0.927465 0.827274 0.903053 0.914382 0.676963 0.617453 0.948737 0.616278 0.454951 0.529334 0.482718 0.978168 0.917937 0.788316 0.954115 0.349565 0.000000 0.611689 0.698075 0.730982 0.745542 0.697398 0.649269 0.731814 0.955422 0.827584 0.979910 0.519476 0.587376 0.866080 0.860854 0.652964 0.645819 0.784539 0.868933 0.712422 0.771653 0.880591 0.858428 0.765941 0.758804 0.956952 0.964956 0.953715 0.886179 0.947782 0.816553 0.698364 0.799101 0.726660 0.571416 0.623449 0.549355 0.988664 0.933521 0.756497 0.622977 0.453813 0.506767 0.933160 0.769187 0.952556 0.667288 0.873601 0.774886 0.950246 0.918650 0.784757 0.936604 0.847022 0.566402 0.927864 0.877988 0.956535 0.808131 0.941043 0.808109 0.874986 0.912761 0.935033 0.924319 0.785557 0.971226 0.974367 0.983211 0.848063 0.929963 0.985160 0.863116 0.728416 0.816733 0.888142 0.846457 0.968065 0.955784 0.930042 0.965283 0.979433 0.745180 0.853789 0.987884
0.573822 0.417433 0.538927 0.509502 0.899043 0.554591 0.470219 0.502806 0.745606 0.815474 0.861254 0.688442 0.815460 0.577370 0.844362 0.758632 0.816056 0.785429 0.451382 0.509281 0.786500 0.923865 0.557323 0.686649 0.808814 0.707984 0.880528 0.994013 0.826680 0.813732 0.555127 0.611689 0.000000 0.384846 0.534996 0.853112 0.768545 0.982315 0.926193 0.842755 0.697023 0.941517 0.401179 0.418759 0.591246 0.609473 0.497076 0.519869 0.903175 0.675730 0.597633 0.587812 0.735948 0.805349 0.562113 0.609981 0.606871 0.628834 0.558965 0.453727 0.448665 0.482226 0.835767 0.790626 0.651804 0.494340 0.445881 0.394895 0.911576 0.709553 0.594763 0.569204 0.615480 0.705316 0.794493 0.742993 0.726728 0.607524 0.935550 0.750946 0.740030 0.778474 0.768699 0.857526 0.613513 0.609139 0.913692 0.981268 0.731017 0.647818 0.738129 0.897997 0.736555 0.869023 0.964999 0.626609 0.711785 0.951287 0.567715 0.627936 0.715538 0.752240 0.807322 0.837267 0.557658 0.483475 0.782160 0.775409 0.835787 0.717047 0.698660 0.750736 0.623935 0.755514 0.580983 0.895078
0.514957 0.404629 0.594994 0.496060 0.962965 0.554794 0.312936 0.350774 0.585340 0.622955 0.711160 0.523363 0.815680 0.564954 0.980463 0.880311 0.748732 0.724490 0.473286 0.476110 0.826548 0.953245 0.734041 0.863501 0.959938 0.828782 0.683252 0.849552 0.750716 0.700208 0.678223 0.698075 0.384846 0.000000 0.581275 0.858674 0.988672 0.996778 0.984856 0.867856 0.803713 0.907999 0.390567 0.395198 0.523236 0.549654 0.537106 0.505294 0.836407 0.613540 0.519419 0.487274 0.587890 0.607202 0.687354 0.678381 0.699582 0.678208 0.486649 0.452544 0.410743 0.379671 0.759284 0.668235 0.804155 0.510951 0.365873 0.331361 0.957713 0.746599 0.446422 0.503556 0.621779 0.654076 0.863111 0.808748 0.549296 0.595295 0.860399 0.800989 0.759554 0.884438 0.877071 0.962102 0.866187 0.839594 0.918487 0.992829 0.779948 0.751190 0.538980 0.685389 0.527574 0.690019 0.878533 0.728255 0.602960 0.872198 0.418628 0.508582 0.526418 0.556159 0.654155 0.743138 0.508671 0.462097 0.613832 0.625742 0.759344 0.665718 0.575311 0.732405 0.529983 0.751536 0.608598 0.857171
0.862337 0.754021 0.486144 0.504908 0.993722 0.753377 0.552409 0.638775 0.725542 0.902397 0.880062 0.960408 0.849311 0.989859 0.972061 0.968593 0.996248 0.910290 0.759212 0.682572 0.703707 0.767771 0.607995 0.656137 0.687891 0.650341 0.989626 0.943757 0.890860 0.875605 0.604961 0.730982 0.534996 0.581275 0.000000 0.745587 0.793087 0.936052 0.931951 0.827723 0.657667 0.978111 0.574171 0.644280 0.768247 0.848006 0.855459 0.653992 0.899279 0.886750 0.756928 0.813609 0.739434 0.735904 0.758465 0.819807 0.957005 0.985610 0.895342 0.744821 0.832618 0.773863 0.823380 0.890841 0.627365 0.572818 0.419267 0.489435 0.796956 0.774803 0.475579 0.528341 0.714573 0.662172 0.895652 0.778240 0.657366 0.740219 0.876014 0.925472 0.947158 0.932363 0.987533 0.836683 0.850919 0.759166 0.936426 0.933125 0.880501 0.798482 0.548664 0.759422 0.551111 0.621043 0.727144 0.737604 0.692622 0.863794 0.711530 0.764329 0.808882 0.786842 0.916853 0.983717 0.814077 0.664879 0.935688 0.840149 0.766677 0.790633 0.689141 0.923370 0.851163 0.916121 0.682562 0.894393
0.816126 0.949567 0.695680 0.671433 0.801363 0.962825 0.932868 0.988921 0.991528 0.793521 0.707438 0.817863 0.661069 0.799132 0.887141 0.887007 0.848481 0.740575 0.969318 0.844146 0.695952 0.933077 0.758509 0.662757 0.604679 0.559283 0.867919 0.971811 0.668082 0.722512 0.646477 0.745542 0.853112 0.858674 0.745587 0.000000 0.743052 0.869682 0.833308 0.884917 0.853647 0.800070 0.861897 0.949076 0.945032 0.849388 0.967266 0.970982 0.746736 0.866276 0.961307 0.904191 0.970463 0.922512 0.944895 0.983943 0.838966 0.859538 0.782178 0.869327 0.854587 0.987048 0.676863 0.662684 0.746506 0.735814 0.729294 0.784010 0.929896 0.914623 0.702442 0.709161 0.718127 0.839822 0.912159 0.901762 0.932941 0.978324 0.854639 0.964296 0.883971 0.929547 0.967654 0.870683 0.917431 0.737785 0.883322 0.910344 0.906543 0.963088 0.844984 0.962683 0.741168 0.857916 0.987968 0.990634 0.790914 0.954915 0.969992 0.845822 0.954894 0.964577 0.932413 0.793699 0.945800 0.985127 0.973492 0.964295 0.876288 0.961999 0.888246 0.931649 0.773584 0.993694 0.979322 0.968847
0.889968 0.923256 0.470969 0.559700 0.972698 0.950966 0.961260 0.906257 0.935580 0.677280 0.639326 0.632633 0.838559 0.892487 0.934467 0.758683 0.866882 0.824025 0.885369 0.883112 0.638644 0.816317 0.456750 0.504490 0.430923 0.421547 0.651591 0.689092 0.678524 0.803422 0.512953 0.697398 0.768545 0.988672 0.793087 0.743052 0.000000 0.566704 0.677347 0.626579 0.660041 0.984555 0.718974 0.880787 0.972607 0.885769 0.764902 0.869302 0.889516 0.987721 0.928646 0.976791 0.922069 0.935005 0.740129 0.977915 0.991952 0.945319 0.844833 0.860013 0.862917 0.890095 0.628357 0.648877 0.468319 0.700042 0.767715 0.768092 0.732483 0.838797 0.704550 0.668296 0.675958 0.767427 0.876599 0.931472 0.950318 0.685096 0.853608 0.863302 0.983625 0.872824 0.757778 0.998534 0.562659 0.494378 0.970481 0.957887 0.765731 0.728290 0.965603 0.923727 0.962426 0.998699 0.874027 0.805867 0.975726 0.879817 0.959944 0.933798 0.877088 0.813815 0.935052 0.877120 0.974039 0.945517 0.963741 0.995981 0.869445 0.869547 0.847010 0.916233 0.842327 0.857655 0.976656 0.902499
0.808370 0.988624 0.751442 0.689934 0.815665 0.934892 0.969702 0.978019 0.833896 0.807790 0.747753 0.803062 0.665992 0.898938 0.783735 0.914285 0.827764 0.838972 0.861278 0.964403 0.787989 0.896093 0.812847 0.699958 0.548807 0.551489 0.868158 0.952909 0.732191 0.894522 0.625984 0.649269 0.982315 0.996778 0.936052 0.869682 0.566704 0.000000 0.629001 0.753187 0.870630 0.922667 0.877153 0.919318 0.918068 0.891219 0.755471 0.940801 0.866001 0.960941 0.932787 0.997707 0.923594 0.989285 0.921583 0.963709 0.856357 0.831605 0.816571 0.817717 0.792716 0.980178 0.654108 0.743674 0.796931 0.760344 0.877360 0.843689 0.851264 0.975917 0.826952 0.793679 0.570793 0.667566 0.853087 0.968165 0.945479 0.787901 0.753633 0.910414 0.985240 0.968385 0.818943 0.994149 0.803624 0.609765 0.998399 0.854262 0.860403 0.782017 0.975237 0.884585 0.934723 0.908179 0.865300 0.818366 0.944211 0.906509 0.874287 0.818153 0.970444 0.786552 0.962305 0.846246 0.975572 0.897181 0.904440 0.969181 0.976128 0.922885 0.992620 0.824959 0.865158 0.891629 0.975268 0.984109
