0.000000 0.275618 0.995279 0.772390 0.878189 0.840323 0.857797 0.594693 0.710776 0.663741 0.343861 0.344727 0.485371 0.443962 0.603125 0.715073 0.341360 0.304141 0.339899 0.301972 0.672447 0.964336 0.542191 0.670815 0.865325 0.701224 0.795339 0.882112 0.418523 0.444469 0.678267 0.729464 0.580642 0.624264 0.943165 0.846198 0.706482 0.967621 0.768626 0.802636 0.816510 0.805229 0.840813 0.777635 0.887426 0.711671 0.583038 0.677530 0.482361 0.616570 0.849807 0.924521 0.989868 0.731115 0.766371 0.988248 0.269684 0.369489 0.511686 0.647400 0.696077 0.784334 0.377027 0.378159 0.822833 0.769665 0.874352 0.773114 0.471295 0.525922 0.805885 0.911341 0.703319 0.898814 0.919800 0.968384 0.775173 0.913550 0.724213 0.584535 0.379667 0.300129 0.402138 0.554321 0.343720 0.569161 0.945189 0.597308 0.784116 0.551725 0.776097 0.608764 0.633950 0.510574 0.957297 0.992152 0.839346 0.829835 0.851889 0.873078 0.858033 0.716249 0.855076 0.878322 0.989952 0.904409 0.872799 0.646488 0.882011 0.909707 0.978996 0.899172 0.782033 0.979414 0.962801 0.820478
0.275618 0.000000 0.906533 0.837387 0.995311 0.746817 0.963129 0.582136 0.649134 0.699243 0.483414 0.393342 0.624937 0.505382 0.789998 0.805530 0.347869 0.343428 0.436598 0.349418 0.725399 0.932991 0.696986 0.800454 0.757590 0.786792 0.923240 0.811937 0.431040 0.493172 0.755795 0.741657 0.691046 0.626932 0.923315 0.958211 0.774598 0.998880 0.754491 0.741822 0.806142 0.852653 0.867040 0.745614 0.822200 0.656259 0.585278 0.726414 0.383063 0.585027 0.873775 0.959518 0.939118 0.675475 0.787188 0.940264 0.268294 0.259914 0.626408 0.649718 0.760020 0.728256 0.473809 0.409342 0.732199 0.788438 0.778850 0.832878 0.580201 0.497550 0.973704 0.970097 0.794138 0.988038 0.978248 0.999480 0.847651 0.929775 0.715605 0.573918 0.386943 0.313282 0.464928 0.514013 0.420466 0.579241 0.896915 0.579356 0.939064 0.630023 0.635839 0.493139 0.570090 0.430830 0.891500 0.969612 0.929993 0.816938 0.905297 0.957509 0.798065 0.642487 0.905221 0.984622 0.942510 0.937928 0.727361 0.597867 0.909284 0.961232 0.970434 0.958816 0.778837 0.987525 0.910370 0.797337
0.995279 0.906533 0.000000 0.488070 0.778682 0.710766 0.394161 0.608079 0.724238 0.724056 0.890230 0.975935 0.700411 0.867938 0.735461 0.858093 0.926791 0.983655 0.839446 0.957917 0.941318 0.947172 0.652625 0.870971 0.919384 0.664693 0.970362 0.946036 0.882473 0.873215 0.610622 0.608393 0.534590 0.709773 0.581890 0.899099 0.937953 0.815585 0.894683 0.852012 0.990926 0.977870 0.600626 0.621708 0.550844 0.655301 0.627162 0.542045 0.878060 0.622137 0.463731 0.518557 0.493732 0.451795 0.631858 0.837408 0.977662 0.811392 0.891286 0.804829 0.593968 0.746222 0.914682 0.965808 0.468265 0.771132 0.405924 0.570527 0.959231 0.834193 0.825661 0.850576 0.749871 0.618468 0.754732 0.933200 0.744249 0.666336 0.949395 0.975839 0.926806 0.939361 0.966093 0.966975 0.864994 0.973405 0.728609 0.907788 0.778590 0.976727 0.594879 0.661655 0.664643 0.722213 0.772430 0.938415 0.685692 0.942224 0.606554 0.523190 0.692552 0.705130 0.668790 0.581927 0.585320 0.588430 0.952355 0.902577 0.974450 0.735068 0.737435 0.727054 0.634293 0.710764 0.625773 0.930612
0.772390 0.837387 0.488070 0.000000 0.765175 0.782299 0.456774 0.412310 0.794889 0.627218 0.753656 0.634393 0.608704 0.610731 0.576088 0.608327 0.776926 0.801804 0.692694 0.672665 0.875142 0.961069 0.494051 0.597740 0.915217 0.826358 0.960432 0.910907 0.679988 0.747905 0.521898 0.625458 0.556404 0.682743 0.737463 0.852706 0.860461 0.823088 0.835105 0.982090 0.938842 0.994287 0.614618 0.597654 0.584396 0.563610 0.692796 0.612230 0.653246 0.457845 0.502647 0.484682 0.592770 0.663522 0.711210 0.936754 0.865647 0.977779 0.764969 0.991262 0.570496 0.511773 0.747299 0.802949 0.617904 0.652085 0.581305 0.718357 0.930190 0.773573 0.833375 0.763539 0.657745 0.628800 0.642921 0.937090 0.533735 0.721574 0.849893 0.882697 0.802989 0.859770 0.788173 0.896297 0.662748 0.683304 0.795649 0.735573 0.881554 0.717145 0.761806 0.833245 0.810314 0.909841 0.775916 0.918827 0.753768 0.925431 0.620838 0.597300 0.768293 0.762386 0.735338 0.725689 0.649364 0.666404 0.940476 0.994321 0.999584 0.846416 0.748116 0.743450 0.646496 0.910341 0.861016 0.836782
0.878189 0.995311 0.778682 0.765175 0.000000 0.817034 0.770841 0.848741 0.843889 0.982036 0.846229 0.874093 0.779019 0.786842 0.756794 0.789017 0.996438 0.982888 0.877121 0.938295 0.991416 0.890783 0.767184 0.686120 0.967736 0.958397 0.844184 0.774241 0.994413 0.925115 0.914920 0.995112 0.850337 0.955105 0.931037 0.926277 0.866085 0.908661 0.963049 0.971838 0.957734 0.900176 0.837348 0.854449 0.939272 0.992804 0.849899 0.823889 0.906179 0.897141 0.753181 0.791612 0.723624 0.848639 0.760663 0.930147 0.993759 0.827406 0.872250 0.842755 0.744375 0.811436 0.911265 0.956509 0.871493 0.810602 0.798166 0.897416 0.920832 0.961632 0.906983 0.956950 0.806645 0.848571 0.937593 0.859985 0.950274 0.898053 0.901552 0.995271 0.997154 0.983394 0.931663 0.999990 0.782504 0.827354 0.972200 0.794357 0.757644 0.984109 0.761674 0.818648 0.957210 0.900902 0.971844 0.990903 0.967969 0.994362 0.850325 0.793543 0.811593 0.812639 0.981588 0.945235 0.924029 0.863594 0.871342 0.904458 0.885894 0.698716 0.946414 0.892109 0.924458 0.931758 0.726440 0.863767
0.840323 0.746817 0.710766 0.782299 0.817034 0.000000 0.614936 0.734966 0.658286 0.800890 0.950040 0.937578 0.930794 0.966875 0.880245 0.777205 0.858023 0.808688 0.882878 0.812687 0.980834 0.879190 0.984606 0.957819 0.933495 0.875353 0.793024 0.823862 0.841704 0.928569 0.899634 0.824400 0.826466 0.983798 0.795872 0.941004 0.971365 0.882176 0.829154 0.989809 0.832896 0.989043 0.588256 0.700951 0.713025 0.807690 0.867205 0.768209 0.994079 0.852934 0.668577 0.719511 0.742563 0.616770 0.861934 0.899406 0.756115 0.590658 0.904145 0.989806 0.711520 0.776581 0.965890 0.962196 0.673404 0.588883 0.570274 0.590414 0.638193 0.865333 0.734971 0.723662 0.927620 0.852209 0.699812 0.895670 0.748732 0.861531 0.943256 0.988295 0.940838 0.757339 0.883643 0.848769 0.882879 0.987021 0.950366 0.825719 0.976395 0.911495 0.664732 0.642498 0.646801 0.665402 0.885598 0.846485 0.748654 0.767212 0.720446 0.605062 0.695226 0.793651 0.783048 0.843529 0.731647 0.721318 0.820871 0.767323 0.793316 0.953518 0.783634 0.687454 0.876376 0.821286 0.778018 0.899580
0.857797 0.963129 0.394161 0.456774 0.770841 0.614936 0.000000 0.434359 0.707579 0.474307 0.716188 0.798719 0.517581 0.654727 0.522428 0.586423 0.774783 0.776314 0.606764 0.867583 0.804661 0.984038 0.543076 0.765586 0.939107 0.857763 0.964856 0.944597 0.697151 0.604524 0.357545 0.434559 0.401843 0.496387 0.749460 0.977260 0.889725 0.782921 0.718443 0.928344 0.989769 0.970423 0.368732 0.402995 0.380907 0.467850 0.572765 0.432003 0.675994 0.491045 0.321603 0.354062 0.394316 0.388995 0.670958 0.801630 0.926681 0.856428 0.848179 0.812069 0.427960 0.688574 0.661626 0.742112 0.673118 0.743166 0.371835 0.519990 0.919698 0.877322 0.574350 0.581930 0.557899 0.468311 0.715006 0.816198 0.547537 0.512613 0.676801 0.708614 0.707411 0.952377 0.771254 0.844468 0.809088 0.915988 0.750505 0.881435 0.888284 0.889555 0.619139 0.668076 0.762265 0.815065 0.805777 0.708630 0.708236 0.828577 0.497620 0.374188 0.544547 0.592678 0.587845 0.469257 0.643177 0.561333 0.875638 0.893283 0.810417 0.819015 0.706574 0.615451 0.584552 0.676783 0.687165 0.892897
0.594693 0.582136 0.608079 0.412310 0.848741 0.734966 0.434359 0.000000 0.942950 0.447009 0.605383 0.437398 0.455719 0.370328 0.556428 0.508627 0.632004 0.666366 0.585867 0.627612 0.804363 0.932788 0.552473 0.669500 0.901164 0.916743 0.953318 0.752660 0.570070 0.597857 0.491023 0.501967 0.495306 0.512496 0.827639 0.875931 0.828210 0.876142 0.706948 0.971279 0.864681 0.955749 0.370540 0.383829 0.380345 0.345379 0.441289 0.397100 0.345296 0.279122 0.384682 0.392082 0.599874 0.730331 0.708331 0.855453 0.689574 0.791821 0.556643 0.772357 0.357527 0.354816 0.491535 0.511929 0.711871 0.639863 0.583496 0.608557 0.991961 0.666960 0.691654 0.742329 0.648834 0.639639 0.687031 0.883906 0.535400 0.676903 0.845675 0.736391 0.592552 0.734235 0.651462 0.804617 0.547694 0.636361 0.903404 0.732864 0.867926 0.628117 0.849860 0.979919 0.910701 0.882768 0.734956 0.832199 0.759462 0.912498 0.472846 0.404327 0.706708 0.884525 0.580360 0.692666 0.652567 0.711296 0.893532 0.984068 0.751367 0.815502 0.659014 0.548540 0.581505 0.736682 0.782213 0.818231
0.710776 0.649134 0.724238 0.794889 0.843889 0.658286 0.707579 0.942950 0.000000 0.834170 0.855659 0.775944 0.994447 0.839889 0.844244 0.935504 0.812291 0.734179 0.846270 0.720586 0.906814 0.974701 0.977654 0.917072 0.935948 0.760359 0.976548 0.944868 0.775379 0.883410 0.833213 0.883615 0.913258 0.934983 0.732982 0.906156 0.993148 0.800308 0.882383 0.868816 0.959240 0.927604 0.799175 0.900411 0.842647 0.974345 0.994315 0.841628 0.865896 0.916011 0.726936 0.622463 0.627682 0.569726 0.986523 0.914380 0.639691 0.541614 0.854605 0.759970 0.950253 0.908899 0.778918 0.779975 0.662923 0.757905 0.665195 0.811080 0.779106 0.798169 0.794095 0.657684 0.806678 0.661054 0.862538 0.906415 0.701649 0.791566 0.924386 0.966251 0.835668 0.702234 0.720586 0.719568 0.806595 0.881291 0.735774 0.775098 0.794525 0.823733 0.507245 0.461351 0.482559 0.546265 0.782174 0.965837 0.809488 0.777843 0.676299 0.671296 0.649481 0.699781 0.741325 0.736843 0.804410 0.797808 0.814754 0.702872 0.876145 0.912425 0.886418 0.754021 0.799067 0.830558 0.864667 0.846096
0.663741 0.699243 0.724056 0.627218 0.982036 0.800890 0.474307 0.447009 0.834170 0.000000 0.469674 0.561848 0.596009 0.596705 0.515319 0.531073 0.495259 0.537947 0.589899 0.707065 0.664124 0.999793 0.546102 0.704521 0.954762 0.938719 0.972371 0.986650 0.514050 0.440636 0.351161 0.478642 0.461948 0.494848 0.972260 0.923176 0.719115 0.857470 0.852648 0.936897 0.933236 0.867258 0.520434 0.502440 0.513808 0.457427 0.565030 0.477023 0.488407 0.500212 0.550821 0.575009 0.721392 0.834772 0.902603 0.917223 0.756586 0.864552 0.670584 0.990020 0.578387 0.609831 0.489819 0.451621 0.934137 0.946308 0.729867 0.771370 0.926052 0.765271 0.585766 0.576915 0.614903 0.565807 0.771586 0.903101 0.671512 0.545928 0.700322 0.511368 0.455197 0.631253 0.672004 0.722965 0.645793 0.717810 0.875392 0.903531 0.912429 0.774334 0.926632 0.993524 0.992321 0.850423 0.915381 0.939981 0.721991 0.900851 0.637205 0.545715 0.771048 0.943211 0.590563 0.583360 0.739042 0.719002 0.989047 0.990767 0.648144 0.977292 0.797541 0.706281 0.747144 0.802231 0.871691 0.775853
0.343861 0.483414 0.890230 0.753656 0.846229 0.950040 0.716188 0.605383 0.855659 0.469674 0.000000 0.395028 0.422584 0.457044 0.460493 0.494332 0.346910 0.331704 0.346590 0.463224 0.700470 0.937957 0.446515 0.583435 0.935142 0.780797 0.738651 0.992728 0.406863 0.340220 0.570170 0.656796 0.487767 0.598142 0.857549 0.907329 0.709527 0.939323 0.855665 0.894930 0.824722 0.811388 0.746891 0.705229 0.832231 0.677602 0.567966 0.653148 0.544709 0.619650 0.806074 0.871925 0.991668 0.837359 0.865110 0.948773 0.470088 0.596175 0.516943 0.763869 0.621400 0.770803 0.338256 0.333282 0.899786 0.835130 0.949604 0.889518 0.692168 0.672322 0.713875 0.753498 0.628879 0.742342 0.865560 0.933289 0.764248 0.764561 0.709506 0.534462 0.413112 0.396597 0.452646 0.616336 0.445188 0.549091 0.977814 0.656406 0.850984 0.588262 0.829648 0.697950 0.697217 0.579338 0.934433 0.895935 0.778838 0.732659 0.878362 0.800854 0.960809 0.838280 0.794617 0.706048 0.899493 0.849405 0.879758 0.680941 0.788493 0.880322 0.977621 0.851458 0.839348 0.958458 0.934900 0.802203
0.344727 0.393342 0.975935 0.634393 0.874093 0.937578 0.798719 0.437398 0.775944 0.561848 0.395028 0.000000 0.408080 0.273766 0.478269 0.445120 0.413125 0.428900 0.438711 0.431528 0.835623 0.922494 0.467775 0.467151 0.974844 0.710285 0.892827 0.815508 0.441491 0.444199 0.609020 0.689428 0.600014 0.561910 0.910548 0.769387 0.704040 0.996654 0.876783 0.812496 0.971724 0.904237 0.675378 0.657169 0.732926 0.565831 0.566311 0.615954 0.359343 0.505554 0.766397 0.817815 0.977107 0.774426 0.899224 0.932102 0.486039 0.507083 0.521959 0.596334 0.559817 0.491559 0.358426 0.326595 0.965702 0.880845 0.988412 0.981039 0.694699 0.623089 0.768837 0.770549 0.753550 0.863260 0.875535 0.984599 0.699789 0.873260 0.818228 0.701613 0.503483 0.457222 0.502465 0.692532 0.351390 0.384468 0.973247 0.534952 0.837225 0.526759 0.792354 0.614246 0.668432 0.512245 0.993994 0.877897 0.925104 0.814528 0.787672 0.774932 0.974352 0.762198 0.873069 0.880659 0.884011 0.929543 0.754772 0.719747 0.810774 0.849432 0.881621 0.832613 0.836076 0.970948 0.964246 0.779061
0.485371 0.624937 0.700411 0.608704 0.779019 0.930794 0.517581 0.455719 0.994447 0.596009 0.422584 0.408080 0.000000 0.353648 0.320222 0.388616 0.540710 0.553903 0.415903 0.596843 0.894927 0.969439 0.410197 0.611088 0.970932 0.792442 0.857839 0.904199 0.520337 0.440872 0.486977 0.569658 0.448716 0.530712 0.859838 0.928071 0.805757 0.999919 0.821636 0.981064 0.949152 0.923305 0.484816 0.498255 0.614983 0.536063 0.444499 0.483722 0.533539 0.482730 0.541013 0.567885 0.681221 0.836061 0.692270 0.982620 0.570364 0.725626 0.471481 0.711842 0.386819 0.634185 0.379149 0.405331 0.808538 0.922419 0.624529 0.793712 0.821584 0.794681 0.623463 0.726467 0.641893 0.718560 0.854792 0.858962 0.599272 0.639937 0.700397 0.759768 0.632458 0.653109 0.490346 0.802322 0.521627 0.651513 0.816275 0.664321 0.709991 0.642505 0.919502 0.921060 0.924042 0.760717 0.900179 0.769562 0.738050 0.944952 0.562548 0.532702 0.734555 0.956750 0.581943 0.650189 0.624850 0.678034 0.907224 0.862961 0.850318 0.655486 0.757499 0.665859 0.657412 0.776431 0.658059 0.850452
0.443962 0.505382 0.867938 0.610731 0.786842 0.966875 0.654727 0.370328 0.839889 0.596705 0.457044 0.273766 0.353648 0.000000 0.441632 0.379818 0.535758 0.532424 0.424675 0.486416 0.820141 0.977250 0.420149 0.439889 0.965772 0.675256 0.912468 0.838421 0.454058 0.446578 0.580936 0.576534 0.560181 0.506648 0.962597 0.828948 0.823841 0.966491 0.867469 0.803897 0.902847 0.926005 0.527366 0.542114 0.614183 0.517785 0.510957 0.535710 0.371064 0.451037 0.578142 0.681410 0.833790 0.965160 0.729254 0.959141 0.600535 0.670885 0.581173 0.692697 0.457814 0.449722 0.360239 0.392415 0.996442 0.752717 0.814539 0.869769 0.821162 0.727266 0.702677 0.806457 0.675832 0.753286 0.782412 0.873654 0.702059 0.842712 0.827374 0.737397 0.586146 0.578993 0.509066 0.776075 0.397802 0.383788 0.921880 0.541944 0.900446 0.527309 0.882562 0.696408 0.731663 0.566262 0.957811 0.822351 0.978913 0.858487 0.733856 0.623952 0.917468 0.949646 0.822147 0.829903 0.857486 0.892119 0.786700 0.794836 0.858266 0.801788 0.865398 0.738200 0.783668 0.942818 0.929483 0.780778
0.603125 0.789998 0.735461 0.576088 0.756794 0.880245 0.522428 0.556428 0.844244 0.515319 0.460493 0.478269 0.320222 0.441632 0.000000 0.333541 0.564434 0.588253 0.453096 0.638563 0.854899 0.931804 0.304204 0.490772 0.957855 0.805751 0.901549 0.958679 0.552490 0.438452 0.416036 0.575374 0.432438 0.467639 0.918085 0.849896 0.822947 0.931774 0.975065 0.971170 0.941718 0.832011 0.581411 0.600955 0.672116 0.579145 0.627384 0.550480 0.639477 0.570722 0.633225 0.616794 0.704875 0.841319 0.810099 0.900953 0.735804 0.861699 0.614655 0.904288 0.536834 0.663564 0.399430 0.464341 0.824055 0.932167 0.590522 0.859340 0.836285 0.891064 0.535036 0.592522 0.557250 0.652498 0.820566 0.869290 0.550828 0.673324 0.778998 0.701646 0.662060 0.708573 0.595835 0.818931 0.533422 0.583163 0.845938 0.677147 0.779238 0.691749 0.943130 0.994129 0.943783 0.815266 0.882411 0.805981 0.758958 0.955444 0.670625 0.599265 0.727306 0.914822 0.715681 0.553966 0.710529 0.710180 0.969729 0.926953 0.798618 0.767833 0.818596 0.753654 0.770063 0.809806 0.683111 0.824290
0.715073 0.805530 0.858093 0.608327 0.789017 0.777205 0.586423 0.508627 0.935504 0.531073 0.494332 0.445120 0.388616 0.379818 0.333541 0.000000 0.664929 0.676993 0.584665 0.807725 0.874267 0.970099 0.450404 0.459943 0.812769 0.724595 0.965085 0.855316 0.544572 0.471687 0.532502 0.616737 0.565652 0.599454 0.976335 0.902821 0.917821 0.899294 0.947333 0.985942 0.919976 0.956171 0.486650 0.505400 0.659455 0.565041 0.644407 0.575758 0.549263 0.631786 0.644817 0.660155 0.805934 0.882102 0.882197 0.935841 0.883901 0.937067 0.613479 0.807141 0.461340 0.577011 0.412170 0.453889 0.907575 0.752822 0.634310 0.747663 0.916813 0.998838 0.658323 0.577536 0.733834 0.703234 0.795111 0.875460 0.700164 0.660033 0.745664 0.741483 0.746721 0.813722 0.671993 0.939322 0.648781 0.506579 0.902955 0.692657 0.922711 0.688191 0.978297 0.896197 0.876058 0.732404 0.929031 0.757660 0.856925 0.952189 0.711736 0.627563 0.808540 0.903114 0.802981 0.717551 0.769727 0.823790 0.880277 0.924713 0.771209 0.843684 0.885595 0.806617 0.789235 0.894729 0.808733 0.839914
0.341360 0.347869 0.926791 0.776926 0.996438 0.858023 0.774783 0.632004 0.812291 0.495259 0.346910 0.413125 0.540710 0.535758 0.564434 0.664929 0.000000 0.237576 0.386901 0.386346 0.710757 0.828810 0.565264 0.718836 0.843317 0.757014 0.898648 0.969479 0.357699 0.283875 0.539354 0.591270 0.487811 0.474161 0.965542 0.989408 0.699567 0.934169 0.818556 0.754722 0.745445 0.766644 0.788310 0.674983 0.728232 0.537026 0.579335 0.591755 0.483776 0.587806 0.829166 0.959212 0.976562 0.782156 0.819120 0.990359 0.308941 0.378628 0.674510 0.815701 0.716471 0.792417 0.344516 0.290226 0.761146 0.703095 0.993195 0.936687 0.651371 0.558848 0.790704 0.769324 0.702926 0.890436 0.898442 0.939216 0.773804 0.731924 0.577870 0.508336 0.259376 0.304369 0.462222 0.433474 0.460625 0.620340 0.955446 0.610471 0.925882 0.683122 0.623263 0.561440 0.583540 0.479069 0.929352 0.926577 0.892568 0.708986 0.901148 0.873950 0.876749 0.730356 0.823459 0.723169 0.945224 0.937509 0.782775 0.608043 0.827271 0.884211 0.960923 0.942107 0.755547 0.923394 0.949963 0.843105
0.304141 0.343428 0.983655 0.801804 0.982888 0.808688 0.776314 0.666366 0.734179 0.537947 0.331704 0.428900 0.553903 0.532424 0.588253 0.676993 0.237576 0.000000 0.338826 0.376211 0.651900 0.860487 0.540455 0.687339 0.824928 0.730905 0.834129 0.981164 0.326066 0.278860 0.555700 0.635129 0.530140 0.513235 0.821962 0.913289 0.752262 0.958310 0.801018 0.817566 0.707375 0.737651 0.833524 0.700513 0.803315 0.622775 0.672904 0.640084 0.493182 0.631061 0.871358 0.974308 0.972131 0.807800 0.856727 0.943475 0.323690 0.402808 0.725972 0.858537 0.756566 0.904949 0.350773 0.333555 0.695796 0.680000 0.901900 0.831145 0.626161 0.623574 0.775856 0.769885 0.657415 0.814067 0.978759 0.968962 0.780224 0.738849 0.560796 0.444126 0.287470 0.290937 0.403505 0.481106 0.472799 0.618877 0.976196 0.606118 0.988538 0.728916 0.637050 0.574597 0.540091 0.473439 0.880707 0.901704 0.935407 0.716001 0.944878 0.900816 0.827811 0.742302 0.900142 0.798933 0.992318 0.979867 0.813694 0.642981 0.890404 0.935042 0.970702 0.974798 0.771879 0.940628 0.978597 0.864952
0.339899 0.436598 0.839446 0.692694 0.877121 0.882878 0.606764 0.585867 0.846270 0.589899 0.346590 0.438711 0.415903 0.424675 0.453096 0.584665 0.386901 0.338826 0.000000 0.343684 0.719823 0.924112 0.365374 0.558068 0.830350 0.705152 0.818619 0.990728 0.386056 0.356031 0.508853 0.542991 0.452507 0.497660 0.943848 0.906875 0.755268 0.879230 0.788549 0.897635 0.820342 0.789286 0.715961 0.675489 0.719224 0.612202 0.556569 0.592431 0.480947 0.558490 0.692579 0.804317 0.819764 0.975871 0.726249 0.854856 0.398868 0.531959 0.709460 0.970795 0.666957 0.789738 0.400662 0.426606 0.874199 0.805237 0.917981 0.918471 0.581461 0.616598 0.670525 0.812567 0.564427 0.696650 0.931597 0.899849 0.649519 0.792922 0.629087 0.517797 0.420058 0.408745 0.377396 0.552346 0.383536 0.572185 0.893109 0.540354 0.863256 0.580005 0.840868 0.736533 0.688991 0.631250 0.878483 0.787703 0.864933 0.869556 0.833978 0.759487 0.970593 0.887283 0.819566 0.710187 0.895970 0.857803 0.923250 0.641812 0.883297 0.862520 0.934031 0.869017 0.709109 0.815053 0.983707 0.799893
0.301972 0.349418 0.957917 0.672665 0.938295 0.812687 0.867583 0.627612 0.720586 0.707065 0.463224 0.431528 0.596843 0.486416 0.638563 0.807725 0.386346 0.376211 0.343684 0.000000 0.754360 0.901940 0.480870 0.625330 0.759640 0.835541 0.850570 0.981227 0.416676 0.486336 0.662680 0.680042 0.596074 0.598981 0.980817 0.833169 0.742328 0.784225 0.881989 0.785092 0.768229 0.721526 0.943592 0.868617 0.836142 0.686927 0.668423 0.701296 0.507925 0.552462 0.838143 0.941236 0.982564 0.763588 0.714652 0.947140 0.333392 0.398091 0.710363 0.856107 0.842066 0.708088 0.539538 0.517343 0.803555 0.813527 0.854862 0.798421 0.409494 0.477238 0.819781 0.955648 0.669825 0.866064 0.888135 0.927324 0.741563 0.988959 0.759956 0.667400 0.419038 0.312126 0.402919 0.483265 0.334033 0.536645 0.948233 0.521460 0.912578 0.516944 0.695562 0.575837 0.660359 0.542479 0.932892 0.997976 0.936835 0.831775 0.984663 0.968947 0.820446 0.698096 0.981510 0.933971 0.933341 0.973840 0.852889 0.625094 0.984982 0.940087 0.906951 0.943935 0.858573 0.948705 0.911885 0.800635
0.672447 0.725399 0.941318 0.875142 0.991416 0.980834 0.804661 0.804363 0.906814 0.664124 0.700470 0.835623 0.894927 0.820141 0.854899 0.874267 0.710757 0.651900 0.719823 0.754360 0.000000 0.869397 0.861544 0.937082 0.977232 0.894008 0.988764 0.910000 0.721907 0.781632 0.664882 0.732769 0.815286 0.801157 0.820504 0.937650 0.915823 0.996171 0.789337 0.771816 0.832603 0.725549 0.794163 0.733355 0.867177 0.784186 0.813032 0.784764 0.683466 0.903295 0.826482 0.843495 0.957131 0.972003 0.787606 0.891325 0.794045 0.853882 0.937541 0.975122 0.881995 0.920366 0.734672 0.770633 0.852082 0.920144 0.899729 0.955757 0.856064 0.910655 0.841679 0.813793 0.770281 0.747473 0.790900 0.899509 0.996198 0.852255 0.809697 0.712236 0.680767 0.732844 0.724772 0.844228 0.844028 0.939089 0.829195 0.884836 0.906861 0.837652 0.918526 0.939559 0.905184 0.794136 0.978773 0.912409 0.969064 0.948793 0.833662 0.899256 0.985878 0.963193 0.894208 0.815687 0.940499 0.979643 0.857601 0.894170 0.951989 0.866245 0.986855 0.995857 0.935494 0.954766 0.946183 0.853754
0.964336 0.932991 0.947172 0.961069 0.890783 0.879190 0.984038 0.932788 0.974701 0.999793 0.937957 0.922494 0.969439 0.977250 0.931804 0.970099 0.828810 0.860487 0.924112 0.901940 0.869397 0.000000 0.981917 0.988976 0.957684 0.933417 0.906805 0.991265 0.978496 0.864023 0.997075 0.960048 0.947376 0.865451 0.912277 0.700555 0.878839 0.683116 0.907433 0.926366 0.965152 0.995448 0.968198 0.988174 0.938407 0.970688 0.913057 0.883343 0.963883 0.997203 0.941291 0.969443 0.937985 0.990095 0.977157 0.872940 0.898444 0.931884 0.902495 0.990943 0.920445 0.970538 0.999179 0.904037 0.862933 0.948101 0.990047 0.987464 0.913263 0.998169 0.951797 0.918903 0.967288 0.996993 0.796530 0.883674 0.943589 0.985557 0.999464 0.933832 0.888446 0.887113 0.934239 0.867962 0.920343 0.985762 0.865406 0.967446 0.978686 0.883069 0.926299 0.921016 0.961056 0.973904 0.932475 0.919400 0.960518 0.895500 0.956976 0.889484 0.975811 0.772980 0.929779 0.894983 0.896217 0.990639 0.945564 0.868157 0.952163 0.832651 0.967638 0.951322 0.959918 0.938955 0.851091 0.930231
0.542191 0.696986 0.652625 0.494051 0.767184 0.984606 0.543076 0.552473 0.977654 0.546102 0.446515 0.467775 0.410197 0.420149 0.304204 0.450404 0.565264 0.540455 0.365374 0.480870 0.861544 0.981917 0.000000 0.407717 0.946704 0.841106 0.809103 0.949655 0.463435 0.464463 0.455411 0.566141 0.426835 0.510423 0.991479 0.865878 0.809557 0.876274 0.984343 0.959747 0.883896 0.781024 0.750714 0.737598 0.759072 0.676507 0.654466 0.642194 0.609956 0.546080 0.622178 0.671129 0.727517 0.895931 0.790145 0.948105 0.690966 0.802196 0.710978 0.950318 0.669224 0.687813 0.503566 0.554512 0.916847 0.995253 0.731843 0.982043 0.642012 0.771907 0.603152 0.767672 0.451830 0.535624 0.801419 0.865222 0.626325 0.738453 0.797816 0.689796 0.640469 0.594774 0.516297 0.798067 0.424508 0.469389 0.800398 0.527246 0.820919 0.677611 0.975399 0.938287 0.905445 0.768449 0.942635 0.842842 0.777418 0.854934 0.787388 0.710387 0.934626 0.960441 0.843185 0.628404 0.792485 0.774615 0.946675 0.889185 0.903354 0.853168 0.873808 0.886345 0.820666 0.875877 0.866684 0.769493
0.670815 0.800454 0.870971 0.597740 0.686120 0.957819 0.765586 0.669500 0.917072 0.704521 0.583435 0.467151 0.611088 0.439889 0.490772 0.459943 0.718836 0.687339 0.558068 0.625330 0.937082 0.988976 0.407717 0.000000 0.903323 0.777776 0.955141 0.993549 0.599737 0.603171 0.705402 0.713357 0.683293 0.693220 0.933151 0.731948 0.930763 0.963113 0.987242 0.869782 0.938892 0.985897 0.820312 0.801576 0.856041 0.756406 0.822722 0.773677 0.654654 0.673691 0.808154 0.867250 0.925074 0.951203 0.897411 0.957292 0.864573 0.895877 0.810200 0.919212 0.740744 0.643121 0.582774 0.632317 0.993798 0.862391 0.871746 0.972604 0.827110 0.844026 0.734809 0.818987 0.779411 0.784014 0.837559 0.888062 0.803182 0.948751 0.898419 0.793438 0.766279 0.731600 0.703610 0.850268 0.521887 0.417564 0.854953 0.560186 0.925616 0.622778 0.893821 0.809477 0.740086 0.713121 0.868079 0.871972 0.956840 0.798569 0.973928 0.863900 0.973038 0.961714 0.977282 0.913141 0.943742 0.949341 0.950867 0.879966 0.974375 0.995980 0.982103 0.923631 0.982520 0.977602 0.922634 0.777362
0.865325 0.757590 0.919384 0.915217 0.967736 0.933495 0.939107 0.901164 0.935948 0.954762 0.935142 0.974844 0.970932 0.965772 0.957855 0.812769 0.843317 0.824928 0.830350 0.759640 0.977232 0.957684 0.946704 0.903323 0.000000 0.698483 0.828332 0.935473 0.922678 0.933409 0.907678 0.840144 0.928110 0.899536 0.852728 0.989961 0.854381 0.906003 0.798906 0.938114 0.821474 0.987563 0.954746 0.928729 0.905209 0.901592 0.914850 0.867177 0.922865 0.804476 0.935093 0.845075 0.810484 0.972160 0.792446 0.709319 0.753493 0.801230 0.972830 0.916373 0.950347 0.987846 0.990078 0.971809 0.976559 0.851122 0.958876 0.886830 0.936188 0.756859 0.915305 0.824406 0.884522 0.946956 0.960840 0.970370 0.736722 0.987915 0.884578 0.779701 0.741748 0.732547 0.850707 0.762436 0.874626 0.967829 0.902952 0.842054 0.847233 0.986574 0.971887 0.937654 0.951757 0.968633 0.915057 0.961324 0.985587 0.957201 0.955809 0.962232 0.943754 0.944382 0.823674 0.984016 0.962167 0.932929 0.984451 0.990027 0.893360 0.952779 0.984751 0.931143 0.798913 0.835631 0.924459 0.883048
0.701224 0.786792 0.664693 0.826358 0.958397 0.875353 0.857763 0.916743 0.760359 0.938719 0.780797 0.710285 0.792442 0.675256 0.805751 0.724595 0.757014 0.730905 0.705152 0.835541 0.894008 0.933417 0.841106 0.777776 0.698483 0.000000 0.892488 0.976044 0.843773 0.714475 0.979531 0.972784 0.974946 0.965307 0.649046 0.883167 0.955164 0.794924 0.961715 0.765707 0.947327 0.926396 0.984335 0.966566 0.792439 0.908819 0.933032 0.909772 0.906215 0.883554 0.852728 0.728192 0.779654 0.695324 0.961070 0.889680 0.750453 0.768041 0.915491 0.781625 0.989539 0.878992 0.665839 0.690304 0.650282 0.817770 0.777935 0.749107 0.894750 0.894496 0.973307 0.925528 0.950194 0.911366 0.945521 0.987205 0.925864 0.926117 0.814862 0.950771 0.874439 0.760810 0.791370 0.994797 0.829304 0.731040 0.840437 0.797615 0.885618 0.804626 0.679036 0.647459 0.598124 0.605364 0.771964 0.853719 0.895674 0.725195 0.905056 0.848900 0.817075 0.733113 0.860868 0.960421 0.771707 0.868966 0.792129 0.807617 0.935476 0.893326 0.813188 0.774708 0.912025 0.875307 0.927814 0.923150
0.795339 0.923240 0.970362 0.960432 0.844184 0.793024 0.964856 0.953318 0.976548 0.972371 0.738651 0.892827 0.857839 0.912468 0.901549 0.965085 0.898648 0.834129 0.818619 0.850570 0.988764 0.906805 0.809103 0.955141 0.828332 0.892488 0.000000 0.961978 0.937347 0.908605 0.930759 0.975155 0.955611 0.957983 0.792712 0.839058 0.944922 0.946400 0.904637 0.980984 0.870715 0.925795 0.823188 0.793079 0.765093 0.778481 0.963411 0.798351 0.901465 0.990131 0.872517 0.940674 0.926050 0.878915 0.895760 0.819787 0.888804 0.961595 0.965853 0.979047 0.952424 0.883613 0.954151 0.998091 0.872006 0.897852 0.834788 0.665562 0.819211 0.946498 0.977397 0.952330 0.739582 0.833921 0.929846 0.969679 0.926994 0.981212 0.970482 0.824941 0.907133 0.824596 0.800183 0.979760 0.887548 0.850540 0.985900 0.799141 0.940780 0.962476 0.918188 0.985727 0.878528 0.951777 0.954442 0.913983 0.979828 0.813243 0.865445 0.934232 0.933140 0.993740 0.965496 0.913442 0.859798 0.966513 0.955178 0.874929 0.868671 0.812185 0.846858 0.928327 0.863021 0.836520 0.901226 0.827528
0.882112 0.811937 0.946036 0.910907 0.774241 0.823862 0.944597 0.752660 0.944868 0.986650 0.992728 0.815508 0.904199 0.838421 0.958679 0.855316 0.969479 0.981164 0.990728 0.981227 0.910000 0.991265 0.949655 0.993549 0.935473 0.976044 0.961978 0.000000 0.962902 0.943149 0.965472 0.948895 0.996308 0.997339 0.953704 0.867604 0.969115 0.977839 0.968465 0.986504 0.881808 0.920986 0.803223 0.832952 0.873668 0.908068 0.935456 0.806268 0.766794 0.831107 0.818158 0.784520 0.866811 0.933972 0.944924 0.901975 0.950480 0.965552 0.840145 0.736097 0.779540 0.786831 0.900318 0.938135 0.958024 0.765219 0.934564 0.909782 0.872208 0.959519 0.960217 0.944015 0.984259 0.913348 0.925895 0.942273 0.878676 0.951596 0.955591 0.908846 0.991238 0.905717 0.865932 0.872984 0.874024 0.850539 0.813554 0.979817 0.776630 0.889899 0.881241 0.962438 0.904988 0.994269 0.827282 0.884138 0.915877 0.838404 0.760556 0.791040 0.780722 0.977953 0.949404 0.885848 0.973295 0.922929 0.985920 0.978294 0.985715 0.952852 0.891484 0.851872 0.863693 0.966868 0.958568 0.962321
0.418523 0.431040 0.882473 0.679988 0.994413 0.841704 0.697151 0.570070 0.775379 0.514050 0.406863 0.441491 0.520337 0.454058 0.552490 0.544572 0.357699 0.326066 0.386056 0.416676 0.721907 0.978496 0.463435 0.599737 0.922678 0.843773 0.937347 0.962902 0.000000 0.288522 0.480766 0.496935 0.443070 0.412263 0.969420 0.949088 0.749166 0.936270 0.899025 0.819418 0.806975 0.814992 0.742365 0.642908 0.696578 0.529888 0.686089 0.588421 0.453799 0.576892 0.731429 0.851889 0.894798 0.898287 0.817417 0.848215 0.468639 0.496601 0.666899 0.904702 0.681728 0.703217 0.401957 0.365870 0.794928 0.851542 0.963595 0.977635 0.648374 0.540630 0.826568 0.784893 0.633662 0.763527 0.888310 0.960898 0.801458 0.679186 0.512765 0.497096 0.331991 0.375038 0.378330 0.483921 0.409873 0.553591 0.831625 0.513692 0.932007 0.738986 0.708633 0.595132 0.627093 0.500408 0.917720 0.890036 0.938999 0.813191 0.913136 0.828811 0.869875 0.884260 0.899029 0.791016 0.843644 0.943346 0.872696 0.677713 0.922740 0.964924 0.978067 0.990326 0.764387 0.914872 0.946839 0.736583
0.444469 0.493172 0.873215 0.747905 0.925115 0.928569 0.604524 0.597857 0.883410 0.440636 0.340220 0.444199 0.440872 0.446578 0.438452 0.471687 0.283875 0.278860 0.356031 0.486336 0.781632 0.864023 0.464463 0.603171 0.933409 0.714475 0.908605 0.943149 0.288522 0.000000 0.434896 0.508990 0.393747 0.376531 0.901684 0.998326 0.758783 0.944401 0.876803 0.839323 0.768314 0.840417 0.656176 0.545244 0.630871 0.501511 0.602262 0.521115 0.491650 0.580719 0.727926 0.849952 0.868245 0.946976 0.786473 0.911931 0.468859 0.553695 0.691819 0.909704 0.601822 0.768790 0.307482 0.278779 0.823269 0.816667 0.868567 0.923914 0.774700 0.646423 0.724885 0.677296 0.647377 0.745017 0.964136 0.957044 0.754687 0.641117 0.471554 0.474955 0.305269 0.395058 0.428966 0.464289 0.502248 0.588902 0.880575 0.588911 0.996028 0.734726 0.690969 0.610166 0.566817 0.485178 0.874787 0.884814 0.908369 0.728097 0.904368 0.803159 0.987562 0.887126 0.845549 0.697502 0.925424 0.927855 0.868492 0.710353 0.793555 0.854104 0.994491 0.913286 0.718639 0.858862 0.933330 0.803847
0.678267 0.755795 0.610622 0.521898 0.914920 0.899634 0.357545 0.491023 0.833213 0.351161 0.570170 0.609020 0.486977 0.580936 0.416036 0.532502 0.539354 0.555700 0.508853 0.662680 0.664882 0.997075 0.455411 0.705402 0.907678 0.979531 0.930759 0.965472 0.480766 0.434896 0.000000 0.399590 0.381710 0.360463 0.871277 0.909066 0.767836 0.769022 0.806533 0.968030 0.914755 0.830029 0.451323 0.418616 0.420788 0.392224 0.616398 0.429143 0.566125 0.508426 0.467523 0.467011 0.515490 0.636905 0.744909 0.848806 0.749266 0.870473 0.823933 0.862764 0.560409 0.670041 0.521469 0.527399 0.930409 0.940832 0.600886 0.686403 0.864852 0.806551 0.510131 0.527662 0.467721 0.468765 0.784683 0.941295 0.553492 0.462842 0.560299 0.589482 0.507154 0.701801 0.639821 0.673624 0.647830 0.764938 0.830081 0.755538 0.868712 0.829695 0.870938 0.949987 0.992901 0.878380 0.817347 0.763704 0.758081 0.982343 0.604426 0.536345 0.638554 0.742158 0.586171 0.501440 0.686001 0.747847 0.918171 0.948745 0.788437 0.864139 0.787948 0.748512 0.603825 0.791696 0.787619 0.825872
0.729464 0.741657 0.608393 0.625458 0.995112 0.824400 0.434559 0.501967 0.883615 0.478642 0.656796 0.689428 0.569658 0.576534 0.575374 0.616737 0.591270 0.635129 0.542991 0.680042 0.732769 0.960048 0.566141 0.713357 0.840144 0.972784 0.975155 0.948895 0.496935 0.508990 0.399590 0.000000 0.403709 0.414143 0.759031 0.885599 0.830658 0.769644 0.719056 0.868295 0.893922 0.810713 0.454216 0.440443 0.430896 0.439376 0.582351 0.456422 0.540891 0.527524 0.456208 0.550369 0.581874 0.680953 0.732245 0.708794 0.768818 0.899767 0.927615 0.790443 0.625740 0.625633 0.613266 0.589903 0.966469 0.910656 0.646479 0.713912 0.990476 0.696721 0.567301 0.686686 0.570950 0.579943 0.716552 0.945297 0.621922 0.515176 0.658530 0.586182 0.518341 0.711306 0.600774 0.739414 0.647942 0.714138 0.666018 0.699429 0.982253 0.802822 0.955321 0.951878 0.989648 0.873106 0.989980 0.697101 0.809776 0.998888 0.700444 0.514747 0.811143 0.815952 0.641410 0.598715 0.724426 0.852782 0.946932 0.946671 0.839806 0.901158 0.847157 0.650098 0.671575 0.694845 0.834612 0.737824
0.580642 0.691046 0.534590 0.556404 0.850337 0.826466 0.401843 0.495306 0.913258 0.461948 0.487767 0.600014 0.448716 0.560181 0.432438 0.565652 0.487811 0.530140 0.452507 0.596074 0.815286 0.947376 0.426835 0.683293 0.928110 0.974946 0.955611 0.996308 0.443070 0.393747 0.381710 0.403709 0.000000 0.382030 0.841978 0.889910 0.648182 0.760547 0.782644 0.889989 0.897234 0.822322 0.545659 0.467745 0.459631 0.414045 0.627392 0.438258 0.593142 0.478353 0.486420 0.584183 0.625608 0.728769 0.715849 0.921824 0.650569 0.801520 0.728437 0.907782 0.532827 0.668677 0.491379 0.470897 0.850349 0.991236 0.565585 0.707304 0.816718 0.577297 0.559456 0.616176 0.559508 0.634752 0.770842 0.999283 0.590944 0.519026 0.679398 0.601893 0.482743 0.619383 0.574097 0.584326 0.543653 0.726988 0.752909 0.661437 0.817709 0.716281 0.984335 0.964632 0.918212 0.843022 0.927106 0.831770 0.653462 0.982283 0.703390 0.588690 0.773248 0.880034 0.600473 0.499498 0.710219 0.648056 0.944154 0.867306 0.757552 0.828866 0.755989 0.614165 0.560926 0.779606 0.758660 0.845950
0.624264 0.626932 0.709773 0.682743 0.955105 0.983798 0.496387 0.512496 0.934983 0.494848 0.598142 0.561910 0.530712 0.506648 0.467639 0.599454 0.474161 0.513235 0.497660 0.598981 0.801157 0.865451 0.510423 0.693220 0.899536 0.965307 0.957983 0.997339 0.412263 0.376531 0.360463 0.414143 0.382030 0.000000 0.867335 0.901492 0.790425 0.783907 0.822382 0.852821 0.957640 0.886106 0.544837 0.453743 0.447945 0.372935 0.606206 0.476390 0.530783 0.496940 0.589620 0.672652 0.703844 0.860082 0.746931 0.861089 0.618630 0.680525 0.791452 0.952382 0.570584 0.631423 0.428606 0.438367 0.999000 0.992139 0.668770 0.678161 0.852921 0.671720 0.619566 0.710394 0.644372 0.699602 0.836989 0.990411 0.651453 0.613302 0.605365 0.613978 0.447508 0.590840 0.571526 0.485081 0.565463 0.696520 0.816177 0.612788 0.987191 0.763929 0.848372 0.776631 0.795108 0.698903 0.932633 0.774979 0.876835 0.929909 0.764485 0.673348 0.839909 0.947113 0.741841 0.618361 0.815600 0.841317 0.894533 0.806747 0.815722 0.856075 0.879763 0.761063 0.662390 0.814081 0.853343 0.764808
0.943165 0.923315 0.581890 0.737463 0.931037 0.795872 0.749460 0.827639 0.732982 0.972260 0.857549 0.910548 0.859838 0.962597 0.918085 0.976335 0.965542 0.821962 0.943848 0.980817 0.820504 0.912277 0.991479 0.933151 0.852728 0.649046 0.792712 0.953704 0.969420 0.901684 0.871277 0.759031 0.841978 0.867335 0.000000 0.939642 0.921380 0.873901 0.839442 0.986655 0.948704 0.918732 0.723381 0.792376 0.686241 0.761419 0.797263 0.693039 0.991464 0.758751 0.662500 0.657445 0.586456 0.676284 0.695289 0.761280 0.977620 0.954060 0.901867 0.968201 0.727059 0.772056 0.926887 0.905905 0.580772 0.784576 0.578270 0.653342 0.989879 0.821925 0.967564 0.995730 0.994190 0.999345 0.892893 0.872853 0.803716 0.859682 0.995121 0.856205 0.965197 0.846096 0.947699 0.947418 0.917563 0.895222 0.660936 0.958251 0.802251 0.944692 0.729564 0.792775 0.729124 0.740521 0.759201 0.988491 0.820206 0.675602 0.751772 0.670633 0.739258 0.793678 0.725293 0.828562 0.557334 0.734024 0.943263 0.911505 0.980092 0.938397 0.849353 0.758935 0.743099 0.748352 0.640624 0.923626
0.846198 0.958211 0.899099 0.852706 0.926277 0.941004 0.977260 0.875931 0.906156 0.923176 0.907329 0.769387 0.928071 0.828948 0.849896 0.902821 0.989408 0.913289 0.906875 0.833169 0.937650 0.700555 0.865878 0.731948 0.989961 0.883167 0.839058 0.867604 0.949088 0.998326 0.909066 0.885599 0.889910 0.901492 0.939642 0.000000 0.911995 0.902091 0.961983 0.975409 0.979978 0.977221 0.991030 0.935068 0.911289 0.949600 0.918349 0.974997 0.944310 0.887062 0.958940 0.951388 0.970862 0.927735 0.966041 0.961591 0.973267 0.984992 0.873650 0.865315 0.922691 0.933571 0.852060 0.958161 0.929979 0.881741 0.917448 0.863280 0.945052 0.962245 0.904851 0.988514 0.995687 0.999881 0.942258 0.858063 0.835333 0.873944 0.981323 0.978915 0.981382 0.957927 0.905433 0.968048 0.828209 0.801258 0.800500 0.998089 0.936930 0.890797 0.991079 0.992241 0.914824 0.949657 0.910131 0.961414 0.911271 0.960240 0.959226 0.956647 0.980244 0.975943 0.944300 0.938795 0.985693 0.999842 0.942785 0.925616 0.930223 0.879555 0.933478 0.889169 0.867065 0.879298 0.922073 0.886111
0.706482 0.774598 0.937953 0.860461 0.866085 0.971365 0.889725 0.828210 0.993148 0.719115 0.709527 0.704040 0.805757 0.823841 0.822947 0.917821 0.699567 0.752262 0.755268 0.742328 0.915823 0.878839 0.809557 0.930763 0.854381 0.955164 0.944922 0.969115 0.749166 0.758783 0.767836 0.830658 0.648182 0.790425 0.921380 0.911995 0.000000 0.753650 0.989104 0.830297 0.866710 0.950650 0.923606 0.889113 0.844607 0.813254 0.873293 0.880692 0.846358 0.860745 0.836884 0.913280 0.937281 0.933244 0.893534 0.954871 0.721494 0.790656 0.788760 0.937722 0.920817 0.793483 0.805544 0.682118 0.954077 0.971015 0.998695 0.919644 0.739495 0.595337 0.744106 0.786697 0.905234 0.987616 0.883854 0.865083 0.775034 0.802214 0.880263 0.844464 0.696068 0.666973 0.842548 0.817353 0.687125 0.806646 0.805793 0.887078 0.777576 0.693327 0.968765 0.908701 0.969248 0.901036 0.930700 0.982417 0.699502 0.885274 0.891420 0.868308 0.981158 0.860916 0.731447 0.813609 0.970575 0.792602 0.983869 0.924401 0.801732 0.872387 0.815639 0.714880 0.874628 0.947098 0.968797 0.831098
0.967621 0.998880 0.815585 0.823088 0.908661 0.882176 0.782921 0.876142 0.800308 0.857470 0.939323 0.996654 0.999919 0.966491 0.931774 0.899294 0.934169 0.958310 0.879230 0.784225 0.996171 0.683116 0.876274 0.963113 0.906003 0.794924 0.946400 0.977839 0.936270 0.944401 0.769022 0.769644 0.760547 0.783907 0.873901 0.902091 0.753650 0.000000 0.987309 0.934584 0.933237 0.744604 0.838880 0.902524 0.724265 0.832416 0.953342 0.846217 0.944621 0.793057 0.704737 0.782955 0.691146 0.741822 0.884841 0.971676 0.997782 0.896022 0.855336 0.708127 0.983816 0.795888 0.896621 0.979517 0.997950 0.843880 0.879803 0.882840 0.837939 0.855167 0.728555 0.779540 0.647635 0.679026 0.975480 0.950713 0.775728 0.884605 0.971782 0.976360 0.842419 0.942416 0.994943 0.826752 0.824625 0.953823 0.763286 0.973838 0.921402 0.818984 0.794628 0.865981 0.844298 0.817115 0.882922 0.857796 0.842919 0.953885 0.989926 0.829139 0.843232 0.936844 0.847861 0.886047 0.992902 0.934134 0.928125 0.973795 0.883783 0.908744 0.850591 0.722350 0.924240 0.811544 0.984477 0.982408
