0.000000 0.410929 0.915897 0.982829 0.952657 0.928441 0.802515 0.657311 0.979763 0.642561 0.598754 0.541658 0.997057 0.841959 0.982889 0.831292 0.460979 0.506673 0.621557 0.580204 0.952255 0.985199 0.915919 0.939674 0.766383 0.794531 0.894765 0.816802 0.661942 0.613170 0.991206 0.887472 0.623293 0.632149 0.939906 0.987608 0.832092 0.746203 0.956466 0.971981 0.794987 0.939167 0.803450 0.676045 0.678481 0.700937 0.836809 0.798154 0.625744 0.777995 0.658444 0.830469 0.909200 0.905138 0.945402 0.877326 0.396520 0.419294 0.652827 0.853935 0.730613 0.827478 0.492333 0.459064 0.744821 0.882396 0.867696 0.837104 0.605543 0.688235 0.652417 0.725298 0.815943 0.717542 0.915189 0.943521 0.736362 0.720185 0.873216 0.864230 0.531625 0.547406 0.892212 0.741765 0.962937 0.985257 0.988975 0.901165 0.820927 0.952171 0.754488 0.758195 0.858321 0.932770 0.915565 0.872426 0.764125 0.867166 0.507050 0.635446 0.776889 0.950035 0.665631 0.564162 0.860495 0.992924 0.953858 0.841327 0.967934 0.901771 0.724213 0.756515 0.764854 0.951698 0.980556 0.901218
0.410929 0.000000 0.716243 0.900234 0.953976 0.995522 0.971366 0.757046 0.840770 0.720504 0.698192 0.531892 0.826021 0.850727 0.798613 0.977688 0.484266 0.476339 0.674958 0.515555 0.925695 0.911816 0.812272 0.869401 0.768890 0.687590 0.965094 0.784384 0.703450 0.594839 0.937576 0.903564 0.672403 0.668520 0.912497 0.884335 0.858434 0.704901 0.872138 0.960410 0.818265 0.764302 0.907616 0.729774 0.755836 0.714444 0.971325 0.902913 0.653913 0.785527 0.749685 0.889847 0.895980 0.913810 0.969752 0.819596 0.358057 0.326229 0.797610 0.813617 0.874261 0.783075 0.624005 0.455088 0.651704 0.883025 0.960238 0.889595 0.623089 0.630740 0.633368 0.758347 0.819072 0.686600 0.975098 0.960032 0.770321 0.743791 0.872748 0.852874 0.532955 0.592920 0.870666 0.736790 0.819416 0.946106 0.996462 0.941802 0.663393 0.921417 0.839897 0.833064 0.930739 0.987719 0.899231 0.878162 0.767417 0.823956 0.573983 0.710180 0.706235 0.972372 0.726793 0.609515 0.955085 0.935936 0.974354 0.922928 0.989300 0.906278 0.747492 0.723076 0.748994 0.930388 0.960189 0.911222
0.915897 0.716243 0.000000 0.476122 0.834079 0.964117 0.473748 0.838947 0.563785 0.996829 0.982654 0.683992 0.794524 0.935570 0.683315 0.993831 0.878553 0.796525 0.799390 0.802284 0.901221 0.858437 0.462342 0.688540 0.560607 0.543216 0.903985 0.798319 0.892207 0.779021 0.518643 0.733244 0.685738 0.767901 0.628185 0.966161 0.858264 0.931460 0.679271 0.871794 0.898996 0.869405 0.717173 0.918016 0.884172 0.983660 0.685895 0.789231 0.814280 0.954945 0.907238 0.834692 0.701012 0.667270 0.743037 0.929711 0.774164 0.717405 0.719413 0.965133 0.745225 0.899582 0.979755 0.716914 0.406814 0.610656 0.527173 0.676033 0.964440 0.870962 0.908638 0.916607 0.924464 0.986024 0.800438 0.822237 0.714680 0.804610 0.895594 0.960646 0.810931 0.879442 0.953816 0.774435 0.536064 0.684301 0.962576 0.901597 0.752372 0.852973 0.886545 0.835115 0.805223 0.638819 0.987694 0.923678 0.983028 0.831169 0.942354 0.929551 0.757789 0.849831 0.997629 0.816718 0.821054 0.584126 0.942021 0.859017 0.996422 0.981733 0.987328 0.922716 0.945435 0.954057 0.827849 0.929952
0.982829 0.900234 0.476122 0.000000 0.927937 0.934259 0.589927 0.753280 0.673332 0.966715 0.861022 0.835705 0.993685 0.993484 0.848627 0.875450 0.918656 0.790875 0.774664 0.972443 0.883606 0.987302 0.462285 0.508251 0.559130 0.594584 0.940349 0.848692 0.776270 0.735749 0.514527 0.684189 0.696794 0.835913 0.651618 0.982309 0.657369 0.761849 0.721405 0.878723 0.813468 0.976286 0.844297 0.948696 0.873263 0.799130 0.800996 0.922789 0.711174 0.914742 0.900997 0.961335 0.775830 0.576852 0.700639 0.935724 0.908338 0.880717 0.747028 0.921407 0.867651 0.959670 0.937635 0.870729 0.574231 0.629544 0.642909 0.810594 0.929606 0.899521 0.726891 0.678489 0.662270 0.819255 0.821433 0.840665 0.708391 0.812218 0.821961 0.962135 0.991522 0.987452 0.940276 0.926632 0.611867 0.615867 0.924137 0.936604 0.898369 0.811086 0.806565 0.775253 0.734678 0.626700 0.862925 0.981773 0.937465 0.915741 0.909876 0.955771 0.885092 0.758121 0.905504 0.964137 0.761939 0.706015 0.926745 0.798525 0.938910 0.975101 0.914979 0.939610 0.847532 0.928621 0.936482 0.976374
0.952657 0.953976 0.834079 0.927937 0.000000 0.767882 0.846611 0.991834 0.899588 0.908022 0.779546 0.934865 0.749219 0.979623 0.862693 0.874438 0.956500 0.965410 0.934904 0.943911 0.910851 0.898263 0.893374 0.976405 0.991961 0.941647 0.887683 0.971576 0.908690 0.979733 0.933908 0.890522 0.855052 0.858373 0.830554 0.873307 0.906394 0.914548 0.976852 0.983180 0.969620 0.891418 0.938613 0.887024 0.759953 0.811554 0.940338 0.757033 0.983985 0.870415 0.973722 0.913646 0.954972 0.947133 0.961596 0.878390 0.942384 0.915666 0.857869 0.893943 0.766730 0.950139 0.974677 0.873119 0.837409 0.806865 0.722510 0.660085 0.992827 0.970931 0.965484 0.844683 0.964913 0.945992 0.966708 0.973202 0.844309 0.926676 0.953475 0.897989 0.980404 0.972572 0.955072 0.888645 0.819131 0.868109 0.949482 0.927927 0.873665 0.833457 0.963622 0.929786 0.951420 0.852969 0.944466 0.931203 0.922070 0.997127 0.906608 0.923820 0.951467 0.926564 0.916728 0.794471 0.906969 0.980189 0.925433 0.973903 0.939798 0.951074 0.823143 0.999609 0.947983 0.951008 0.977933 0.741737
0.928441 0.995522 0.964117 0.934259 0.767882 0.000000 0.867889 0.794728 0.877021 0.776963 0.810741 0.792609 0.802238 0.993649 0.943669 0.873434 0.954640 0.946992 0.940204 0.904340 0.988485 0.870904 0.824716 0.799261 0.823203 0.870309 0.794560 0.959018 0.914154 0.975443 0.935789 0.856683 0.942153 0.997390 0.940186 0.851057 0.939500 0.825179 0.998704 0.922336 0.981945 0.838370 0.899475 0.963508 0.791452 0.733911 0.927681 0.959955 0.816686 0.873430 0.850409 0.860491 0.786449 0.957429 0.999704 0.903266 0.953541 0.993236 0.767820 0.881956 0.696839 0.775529 0.888553 0.899122 0.856765 0.977457 0.920793 0.859738 0.910702 0.953459 0.926953 0.878405 0.978451 0.978822 0.968665 0.976313 0.907741 0.968446 0.940012 0.884159 0.932586 0.957432 0.853058 0.930245 0.917456 0.885805 0.980397 0.944163 0.964563 0.895362 0.840210 0.859851 0.796155 0.918307 0.934235 0.984949 0.922055 0.853684 0.828876 0.976508 0.763307 0.877721 0.906451 0.996678 0.979388 0.929913 0.888502 0.993780 0.959371 0.962345 0.867953 0.918353 0.892930 0.931579 0.955516 0.808019
0.802515 0.971366 0.473748 0.589927 0.846611 0.867889 0.000000 0.578447 0.637491 0.621818 0.669439 0.976691 0.688523 0.863895 0.700208 0.830388 0.855409 0.923933 0.563423 0.931310 0.995317 0.906275 0.590796 0.752597 0.920211 0.878963 0.861800 0.974966 0.905521 0.914196 0.611704 0.753379 0.632923 0.590821 0.814427 0.934312 0.946581 0.964666 0.770931 0.983825 0.947225 0.907624 0.627095 0.769435 0.718391 0.839320 0.652873 0.727394 0.998837 0.991491 0.855487 0.952702 0.713317 0.661831 0.866666 0.911330 0.949067 0.950415 0.637028 0.914371 0.681846 0.914908 0.596383 0.954966 0.771877 0.934870 0.519255 0.731820 0.923923 0.977969 0.735092 0.757652 0.720766 0.783188 0.806396 0.730080 0.635587 0.815666 0.787163 0.833972 0.921236 0.831869 0.936343 0.962371 0.627719 0.814237 0.944439 0.900545 0.935882 0.939979 0.648771 0.582234 0.661098 0.628256 0.956729 0.915971 0.851289 0.891149 0.742610 0.680154 0.954400 0.674395 0.784740 0.861675 0.854088 0.673863 0.941164 0.758596 0.996277 0.941537 0.867371 0.887852 0.861706 0.973020 0.947737 0.931807
0.657311 0.757046 0.838947 0.753280 0.991834 0.794728 0.578447 0.000000 0.797218 0.520603 0.681158 0.585440 0.767565 0.732557 0.940701 0.710728 0.789923 0.918709 0.646250 0.829799 0.838632 0.991226 0.959270 0.988172 0.792423 0.890674 0.714509 0.834737 0.855780 0.816250 0.848532 0.906044 0.791560 0.709152 0.962559 0.935089 0.892534 0.968443 0.870097 0.873823 0.938443 0.918661 0.844636 0.803900 0.807132 0.793092 0.869485 0.869869 0.816775 0.997084 0.714035 0.963424 0.754413 0.711218 0.943830 0.992296 0.787201 0.804228 0.646811 0.803099 0.658619 0.672370 0.608252 0.633883 0.847196 0.937167 0.825392 0.886693 0.799201 0.806742 0.618831 0.766366 0.685378 0.700840 0.930310 0.929964 0.736698 0.917849 0.924734 0.993066 0.861552 0.880154 0.853499 0.901729 0.879466 0.782550 0.933015 0.854588 0.880241 0.905934 0.489933 0.499347 0.624015 0.656951 0.873027 0.939401 0.728085 0.847241 0.655380 0.713110 0.676264 0.580266 0.702662 0.620196 0.941558 0.836138 0.957738 0.786289 0.970798 0.898620 0.873518 0.844539 0.796134 0.858290 0.981419 0.993558
0.979763 0.840770 0.563785 0.673332 0.899588 0.877021 0.637491 0.797218 0.000000 0.851830 0.932874 0.873684 0.824781 0.862164 0.802643 0.803031 0.988756 0.895300 0.946950 0.895634 0.973671 0.789498 0.784829 0.902572 0.816769 0.663937 0.930980 0.812726 0.984700 0.832089 0.741736 0.963344 0.958630 0.959063 0.770802 0.883628 0.743833 0.968775 0.765334 0.836477 0.874002 0.992532 0.793219 0.861364 0.824786 0.922124 0.654055 0.805345 0.933448 0.796083 0.704814 0.721782 0.584466 0.675238 0.824699 0.993043 0.888672 0.877860 0.583962 0.728658 0.638468 0.857867 0.991290 0.979705 0.618584 0.699870 0.748691 0.841197 0.920639 0.949852 0.889025 0.943149 0.984890 0.978616 0.854384 0.923523 0.791778 0.985591 0.996268 0.906962 0.913661 0.849656 0.892346 0.993632 0.835548 0.953565 0.896161 0.846400 0.688883 0.775412 0.779411 0.825262 0.751851 0.821514 0.861015 0.928769 0.927759 0.921547 0.916675 0.850881 0.968733 0.964951 0.843317 0.919074 0.860238 0.676573 0.877649 0.822969 0.897659 0.977088 0.930001 0.963001 0.889627 0.996965 0.868141 0.890616
0.642561 0.720504 0.996829 0.966715 0.908022 0.776963 0.621818 0.520603 0.851830 0.000000 0.519324 0.643172 0.743353 0.765839 0.992229 0.800612 0.663313 0.673129 0.631774 0.736346 0.876733 0.968678 0.886820 0.831804 0.604666 0.676468 0.757093 0.790622 0.696988 0.594311 0.975179 0.997855 0.901955 0.686143 0.922831 0.889130 0.990368 0.967070 0.915583 0.875920 0.971489 0.994794 0.665202 0.625382 0.622881 0.627502 0.850624 0.763110 0.632916 0.897972 0.757413 0.995119 0.956157 0.958611 0.868584 0.953866 0.714536 0.784815 0.764685 0.974529 0.766239 0.909770 0.565075 0.619801 0.698626 0.690984 0.892861 0.979482 0.906098 0.871366 0.673038 0.763292 0.827700 0.743040 0.997971 0.848271 0.725088 0.974075 0.942761 0.954579 0.780555 0.796221 0.837172 0.876625 0.836146 0.738435 0.947655 0.853386 0.790448 0.740733 0.524018 0.578247 0.705191 0.866516 0.900591 0.961578 0.791408 0.859771 0.534905 0.612333 0.721895 0.805803 0.604607 0.630674 0.976892 0.955167 0.998292 0.815586 0.975355 0.981666 0.863504 0.689034 0.696533 0.850887 0.966514 0.906054
0.598754 0.698192 0.982654 0.861022 0.779546 0.810741 0.669439 0.681158 0.932874 0.519324 0.000000 0.611324 0.676003 0.744733 0.771187 0.854877 0.579283 0.551651 0.610384 0.640126 0.918247 0.905394 0.894319 0.827404 0.625365 0.644677 0.900104 0.749550 0.567759 0.509000 0.986613 0.982879 0.795946 0.647928 0.837424 0.952235 0.875731 0.871707 0.997413 0.926150 0.941164 0.973440 0.782042 0.684028 0.583367 0.640616 0.863162 0.754679 0.658154 0.805769 0.867357 0.953948 0.934236 0.951104 0.861792 0.994099 0.646110 0.699099 0.789841 0.980065 0.715872 0.965834 0.549300 0.654709 0.785630 0.773411 0.862847 0.878094 0.834291 0.801332 0.776507 0.931230 0.861116 0.798055 0.961697 0.823455 0.841608 0.848032 0.927939 0.797258 0.726731 0.656353 0.932830 0.827531 0.996336 0.841464 0.946698 0.923705 0.893101 0.672207 0.750176 0.732023 0.904818 0.942315 0.998957 0.982114 0.861931 0.985093 0.539136 0.620937 0.879730 0.883996 0.806555 0.780778 0.893023 0.984388 0.890102 0.945694 0.984740 0.904108 0.819408 0.734735 0.723103 0.909095 0.965079 0.969946
0.541658 0.531892 0.683992 0.835705 0.934865 0.792609 0.976691 0.585440 0.873684 0.643172 0.611324 0.000000 0.851977 0.673018 0.899456 0.733604 0.641928 0.668640 0.783270 0.694636 0.850179 0.927084 0.672318 0.723715 0.539414 0.550762 0.722752 0.712138 0.754761 0.601957 0.772789 0.890481 0.897665 0.867318 0.740863 0.974356 0.972546 0.918069 0.870119 0.873954 0.979666 0.865981 0.952066 0.858965 0.844965 0.769039 0.935717 0.920376 0.688425 0.954919 0.807129 0.976712 0.996964 0.994326 0.874918 0.917744 0.572069 0.561233 0.829034 0.810081 0.766005 0.683136 0.569041 0.418447 0.529157 0.718898 0.883326 0.965462 0.724323 0.773325 0.767956 0.931086 0.854636 0.812763 0.969769 0.901393 0.942615 0.936672 0.988743 0.974575 0.701034 0.719413 0.990566 0.668443 0.663743 0.669377 0.999045 0.961689 0.835479 0.786715 0.745273 0.769339 0.896805 0.968665 0.901602 0.959358 0.782784 0.831942 0.631658 0.782751 0.680238 0.880239 0.823475 0.620105 0.935352 0.867929 0.932032 0.960118 0.917415 0.895581 0.794288 0.809871 0.753090 0.861030 0.909090 0.966710
0.997057 0.826021 0.794524 0.993685 0.749219 0.802238 0.688523 0.767565 0.824781 0.743353 0.676003 0.851977 0.000000 0.811910 0.689703 0.788326 0.962142 0.962336 0.955825 0.899865 0.990002 0.970495 0.979923 0.879650 0.809382 0.910192 0.937571 0.932286 0.901298 0.893281 0.981632 0.860847 0.958965 0.909922 0.901088 0.937095 0.915236 0.839363 0.983188 0.994466 0.871010 0.834342 0.894899 0.883985 0.785826 0.834722 0.857952 0.813928 0.920223 0.920295 0.923418 0.972788 0.829368 0.943695 0.885000 0.964588 0.838464 0.824045 0.785558 0.981803 0.664508 0.915237 0.810335 0.980820 0.939029 0.941629 0.876006 0.911100 0.894197 0.890604 0.965348 0.927361 0.984346 0.931735 0.876991 0.817514 0.952357 0.976440 0.966993 0.958693 0.830359 0.911030 0.919432 0.889111 0.942878 0.857125 0.959197 0.893946 0.800938 0.847193 0.802379 0.852647 0.859265 0.871410 0.884930 0.976667 0.978700 0.995373 0.858330 0.953281 0.898731 0.843351 0.978908 0.999768 0.936349 0.952227 0.975353 0.968660 0.897354 0.916182 0.902118 0.939792 0.873420 0.940155 0.928497 0.907406
0.841959 0.850727 0.935570 0.993484 0.979623 0.993649 0.863895 0.732557 0.862164 0.765839 0.744733 0.673018 0.811910 0.000000 0.843614 0.712808 0.740422 0.739881 0.623237 0.693634 0.812154 0.968417 0.906757 0.897260 0.856856 0.716013 0.878214 0.676671 0.725372 0.648138 0.947516 0.812151 0.874225 0.891917 0.725212 0.954737 0.918451 0.947142 0.977687 0.858642 0.870842 0.972246 0.812452 0.854923 0.985882 0.992468 0.990921 0.910332 0.979805 0.760134 0.849519 0.692143 0.837713 0.967330 0.815518 0.921674 0.802163 0.862303 0.850773 0.776663 0.801301 0.855480 0.698480 0.843380 0.780465 0.694722 0.898312 0.812532 0.922846 0.921691 0.772511 0.896951 0.832481 0.747743 0.973519 0.875302 0.956779 0.922049 0.865138 0.814476 0.821014 0.743181 0.875875 0.927536 0.971769 0.908313 0.948870 0.803677 0.785232 0.632733 0.848794 0.867259 0.954860 0.997444 0.904837 0.863945 0.952069 0.988924 0.820377 0.785878 0.880953 0.783084 0.859754 0.739307 0.837701 0.733923 0.960021 0.950669 0.967437 0.860126 0.942354 0.853629 0.876875 0.877415 0.989950 0.863690
0.982889 0.798613 0.683315 0.848627 0.862693 0.943669 0.700208 0.940701 0.802643 0.992229 0.771187 0.899456 0.689703 0.843614 0.000000 0.779976 0.924303 0.915374 0.813500 0.969736 0.954661 0.896325 0.719892 0.794477 0.865663 0.824750 0.889765 0.920822 0.801651 0.910247 0.791694 0.821191 0.848026 0.881688 0.943103 0.914515 0.964479 0.912620 0.758066 0.758764 0.927981 0.835121 0.658970 0.779320 0.831192 0.919671 0.633585 0.622117 0.951339 0.898250 0.953606 0.904435 0.859636 0.933848 0.948321 0.953062 0.930271 0.840377 0.909862 0.817223 0.905248 0.765855 0.871143 0.869405 0.690134 0.916683 0.860034 0.934476 0.967833 0.791802 0.914059 0.968172 0.985931 0.902057 0.952741 0.828908 0.983676 0.844044 0.885670 0.798881 0.985719 0.918373 0.863701 0.980102 0.618529 0.797589 0.923366 0.965647 0.769997 0.980901 0.936724 0.925282 0.944620 0.929932 0.870157 0.981384 0.885404 0.868663 0.961996 0.846087 0.785944 0.914767 0.990961 0.864385 0.985628 0.826862 0.975329 0.875766 0.990312 0.936243 0.957879 0.934904 0.994817 0.955065 0.847021 0.914604
0.831292 0.977688 0.993831 0.875450 0.874438 0.873434 0.830388 0.710728 0.803031 0.800612 0.854877 0.733604 0.788326 0.712808 0.779976 0.000000 0.894875 0.960770 0.832627 0.851011 0.930089 0.892742 0.948259 0.866546 0.921787 0.985491 0.798625 0.945437 0.905001 0.838098 0.966186 0.859778 0.915156 0.948123 0.873161 0.839191 0.841968 0.995502 0.937777 0.850712 0.976582 0.999410 0.919483 0.963610 0.959994 0.962750 0.844425 0.857066 0.880566 0.944899 0.792009 0.989258 0.819830 0.883683 0.951328 0.922592 0.945483 0.927529 0.885064 0.982995 0.910609 0.952473 0.732337 0.795514 0.858590 0.826280 0.817152 0.738584 0.879009 0.924245 0.871195 0.918018 0.815521 0.880462 0.946892 0.937715 0.931238 0.954528 0.996112 0.992353 0.892087 0.855433 0.925408 0.720916 0.988146 0.920965 0.962746 0.834559 0.970995 0.955303 0.864679 0.994101 0.924846 0.944366 0.964584 0.944138 0.922315 0.961110 0.873788 0.910222 0.917714 0.952699 0.882751 0.806922 0.973873 0.928231 0.818560 0.923814 0.989363 0.947154 0.943256 0.927360 0.955840 0.993250 0.964693 0.955018
0.460979 0.484266 0.878553 0.918656 0.956500 0.954640 0.855409 0.789923 0.988756 0.663313 0.579283 0.641928 0.962142 0.740422 0.924303 0.894875 0.000000 0.360248 0.510903 0.488509 0.984589 0.999150 0.965799 0.919710 0.761585 0.703271 0.954001 0.796417 0.504349 0.498382 0.982112 0.801232 0.669588 0.653542 0.836507 0.961336 0.946385 0.900266 0.907722 0.978402 0.901047 0.917166 0.667337 0.630395 0.729085 0.782767 0.869611 0.848352 0.717929 0.879752 0.850524 0.984553 0.887356 0.902924 0.929337 0.908102 0.363288 0.448191 0.870885 0.945247 0.967298 0.904301 0.534453 0.531224 0.734698 0.738908 0.909160 0.998115 0.666130 0.706439 0.667086 0.728700 0.838741 0.767878 0.886836 0.865316 0.814295 0.809673 0.792854 0.706598 0.442204 0.527672 0.778378 0.721005 0.973289 0.968874 0.996677 0.938817 0.719025 0.857090 0.815040 0.803573 0.937585 0.966463 0.929805 0.864978 0.841306 0.969751 0.575013 0.548318 0.794472 0.992132 0.621571 0.660257 0.965817 0.908534 0.926141 0.951832 0.964618 0.900311 0.736015 0.711324 0.716094 0.986879 0.970201 0.933570
0.506673 0.476339 0.796525 0.790875 0.965410 0.946992 0.923933 0.918709 0.895300 0.673129 0.551651 0.668640 0.962336 0.739881 0.915374 0.960770 0.360248 0.000000 0.557666 0.443117 0.907220 0.955863 0.902997 0.898314 0.722939 0.603334 0.955558 0.750425 0.483072 0.439297 0.934312 0.825602 0.731645 0.666919 0.783996 0.964581 0.985978 0.938494 0.809118 0.917948 0.949085 0.923329 0.722072 0.640042 0.703848 0.746488 0.881819 0.793295 0.697320 0.862243 0.931111 0.970684 0.804128 0.811702 0.823155 0.975664 0.376953 0.445414 0.976851 0.865607 0.972274 0.865645 0.579300 0.587366 0.700974 0.718934 0.960119 0.968427 0.677552 0.724737 0.751256 0.836479 0.890373 0.735403 0.967107 0.875536 0.833331 0.770379 0.799811 0.727322 0.457355 0.502885 0.774083 0.759919 0.970535 0.944511 0.891823 0.972724 0.653103 0.800319 0.911601 0.865897 0.960484 0.913819 0.932644 0.866425 0.893236 0.988021 0.598504 0.579269 0.854509 0.911555 0.673936 0.696203 0.912521 0.823578 0.984038 0.958407 0.940421 0.950760 0.749601 0.643951 0.707438 0.931098 0.985515 0.949085
0.621557 0.674958 0.799390 0.774664 0.934904 0.940204 0.563423 0.646250 0.946950 0.631774 0.610384 0.783270 0.955825 0.623237 0.813500 0.832627 0.510903 0.557666 0.000000 0.547982 0.986561 0.993542 0.670545 0.767371 0.999890 0.850624 0.909769 0.818046 0.659281 0.591970 0.760733 0.626653 0.575220 0.560396 0.978244 0.953869 0.966907 0.917140 0.973252 0.964071 0.952155 0.980887 0.607204 0.706018 0.806376 0.889414 0.803834 0.766598 0.956759 0.946884 0.991570 0.864964 0.960804 0.885581 0.983126 0.943450 0.580698 0.688714 0.892947 0.811168 0.982730 0.804494 0.518600 0.759586 0.972045 0.857716 0.719351 0.903015 0.753136 0.877210 0.551234 0.677933 0.612456 0.607890 0.898454 0.761814 0.689633 0.738311 0.713245 0.654076 0.582613 0.556744 0.837286 0.858642 0.744754 0.863343 0.874620 0.952902 0.749526 0.798677 0.737956 0.668883 0.853863 0.835292 0.894060 0.836749 0.819368 0.894371 0.662545 0.551921 0.958856 0.783825 0.668135 0.743184 0.994242 0.947725 0.935273 0.926192 0.925490 0.935218 0.884222 0.805177 0.826422 0.979834 0.996931 0.963730
0.580204 0.515555 0.802284 0.972443 0.943911 0.904340 0.931310 0.829799 0.895634 0.736346 0.640126 0.694636 0.899865 0.693634 0.969736 0.851011 0.488509 0.443117 0.547982 0.000000 0.920908 0.840388 0.980731 0.923999 0.808690 0.688457 0.998981 0.749183 0.619044 0.573042 0.981678 0.718578 0.745926 0.771440 0.839050 0.910371 0.903224 0.894145 0.828984 0.898958 0.891632 0.917860 0.825899 0.799966 0.917481 0.955986 0.938961 0.893620 0.902168 0.959117 0.968559 0.836817 0.807936 0.924388 0.913060 0.957061 0.466902 0.490694 0.991752 0.890109 0.902231 0.917157 0.609670 0.611934 0.702430 0.741915 0.992901 0.895937 0.666738 0.749213 0.627753 0.745932 0.675444 0.618971 0.998843 0.897312 0.823619 0.758569 0.770369 0.744677 0.445400 0.490506 0.742025 0.685348 0.997201 0.982031 0.989224 0.969184 0.664043 0.817854 0.870942 0.799524 0.955439 0.961710 0.959144 0.901009 0.866492 0.994123 0.707723 0.655988 0.917292 0.974626 0.709380 0.657142 0.959267 0.822971 0.978756 0.922427 0.986067 0.976481 0.880022 0.814300 0.924100 0.875369 0.963560 0.822021
0.952255 0.925695 0.901221 0.883606 0.910851 0.988485 0.995317 0.838632 0.973671 0.876733 0.918247 0.850179 0.990002 0.812154 0.954661 0.930089 0.984589 0.907220 0.986561 0.920908 0.000000 0.952445 0.861796 0.932429 0.866448 0.820405 0.856031 0.906136 0.826950 0.907886 0.970693 0.998749 0.936023 0.974177 0.853525 0.863630 0.948538 0.976717 0.977672 0.888507 0.945081 0.924670 0.985833 0.906117 0.970220 0.937488 0.986134 0.931534 0.867860 0.988623 0.968002 0.950414 0.970316 0.970484 0.923919 0.735709 0.949209 0.919077 0.953995 0.992286 0.938516 0.864089 0.968547 0.853710 0.862705 0.881781 0.801742 0.893833 0.912365 0.980222 0.969119 0.971707 0.891135 0.858157 0.946339 0.934665 0.937924 0.987302 0.911559 0.979405 0.973461 0.992171 0.960104 0.900900 0.798557 0.744956 0.895400 0.980791 0.961712 0.992193 0.926259 0.918765 0.970948 0.919820 0.827151 0.902485 0.853436 0.997485 0.877031 0.966354 0.908727 0.931090 0.983118 0.853969 0.981152 0.909915 0.925453 0.948668 0.959606 0.925980 0.908952 0.908527 0.856405 0.802467 0.887513 0.873401
0.985199 0.911816 0.858437 0.987302 0.898263 0.870904 0.906275 0.991226 0.789498 0.968678 0.905394 0.927084 0.970495 0.968417 0.896325 0.892742 0.999150 0.955863 0.993542 0.840388 0.952445 0.000000 0.841948 0.942689 0.834851 0.831300 0.991416 0.844178 0.929193 0.930097 0.907034 0.961737 0.974912 0.998285 0.948607 0.987399 0.980109 0.934957 0.951150 0.989703 0.961386 0.943323 0.855747 0.907333 0.871732 0.877557 0.846024 0.873884 0.931892 0.858859 0.841967 0.783789 0.885072 0.930838 0.944454 0.861455 0.986973 0.949618 0.863753 0.924008 0.942541 0.987949 0.943361 0.892251 0.865735 0.869863 0.890549 0.900822 0.915619 0.979583 0.980628 0.957547 0.818919 0.918371 0.813990 0.950560 0.929708 0.957496 0.903100 0.960926 0.948992 0.878510 0.879803 0.994639 0.911073 0.948034 0.917407 0.998614 0.809593 0.881653 0.924965 0.996892 0.880386 0.979297 0.855923 0.766328 0.902826 0.933099 0.930200 0.947486 0.945548 0.902248 0.998198 0.973835 0.907327 0.993571 0.877003 0.880176 0.932996 0.939579 0.856222 0.973224 0.786578 0.979154 0.806114 0.844898
0.915919 0.812272 0.462342 0.462285 0.893374 0.824716 0.590796 0.959270 0.784829 0.886820 0.894319 0.672318 0.979923 0.906757 0.719892 0.948259 0.965799 0.902997 0.670545 0.980731 0.861796 0.841948 0.000000 0.416964 0.495368 0.631419 0.867258 0.879584 0.898995 0.872933 0.490908 0.612990 0.692701 0.817015 0.699258 0.889067 0.902308 0.900089 0.716270 0.864810 0.935399 0.955195 0.717559 0.933981 0.950104 0.823148 0.775634 0.853476 0.692554 0.866662 0.942297 0.983503 0.888750 0.737550 0.786510 0.912081 0.889468 0.827114 0.939510 0.843256 0.934550 0.718657 0.944013 0.681095 0.518501 0.708195 0.626052 0.838260 0.985957 0.854799 0.789192 0.788530 0.755230 0.823543 0.833110 0.803216 0.765097 0.806682 0.790095 0.777678 0.993197 0.914613 0.890875 0.852734 0.428055 0.475510 0.929698 0.900889 0.910404 0.922559 0.988110 0.917440 0.935971 0.733311 0.817612 0.903341 0.993954 0.755225 0.870961 0.904822 0.712705 0.846037 0.980407 0.868698 0.840046 0.798499 0.853609 0.884932 0.900652 0.917362 0.961039 0.874963 0.895861 0.944287 0.885691 0.939395
0.939674 0.869401 0.688540 0.508251 0.976405 0.799261 0.752597 0.988172 0.902572 0.831804 0.827404 0.723715 0.879650 0.897260 0.794477 0.866546 0.919710 0.898314 0.767371 0.923999 0.932429 0.942689 0.416964 0.000000 0.551354 0.697078 0.914250 0.946923 0.893255 0.843942 0.621021 0.591245 0.802649 0.957330 0.802547 0.974160 0.873259 0.910536 0.695316 0.954591 0.904977 0.975332 0.859155 0.933753 0.788418 0.722359 0.833473 0.930870 0.664656 0.810172 0.892940 0.917770 0.923842 0.741071 0.795788 0.875818 0.918272 0.876269 0.933084 0.769811 0.792334 0.787865 0.999282 0.727496 0.701492 0.815523 0.835495 0.974879 0.992917 0.854192 0.838609 0.756380 0.720486 0.718794 0.919946 0.887117 0.912387 0.854541 0.871795 0.791609 0.942359 0.862259 0.923959 0.925163 0.513341 0.524477 0.994487 0.872362 0.993607 0.911868 0.979908 0.957717 0.996796 0.869107 0.747512 0.968330 0.944001 0.766442 0.800811 0.987220 0.802575 0.881582 0.987409 0.935804 0.858174 0.942970 0.910887 0.825519 0.931920 0.990956 0.918399 0.831931 0.814122 0.862583 0.992608 0.964266
0.766383 0.768890 0.560607 0.559130 0.991961 0.823203 0.920211 0.792423 0.816769 0.604666 0.625365 0.539414 0.809382 0.856856 0.865663 0.921787 0.761585 0.722939 0.999890 0.808690 0.866448 0.834851 0.495368 0.551354 0.000000 0.442619 0.745438 0.689739 0.728066 0.652554 0.582766 0.719799 0.803458 0.959051 0.651380 0.876591 0.768676 0.799338 0.751392 0.787345 0.863717 0.991492 0.939899 0.867364 0.805072 0.749345 0.844573 0.995835 0.668093 0.981588 0.992893 0.835668 0.915301 0.853361 0.773057 0.943403 0.750330 0.770197 0.993743 0.996520 0.915008 0.843350 0.708431 0.565590 0.445750 0.536223 0.802985 0.850608 0.962078 0.846620 0.991507 0.970911 0.960053 0.944975 0.886846 0.983569 0.905913 0.860227 0.941592 0.994743 0.837385 0.851992 0.935138 0.806312 0.542609 0.530784 0.918234 0.920491 0.797984 0.775803 0.799938 0.822084 0.938112 0.914531 0.819107 0.998865 0.819359 0.784296 0.689915 0.829733 0.684887 0.898679 0.821706 0.645181 0.867007 0.804255 0.882215 0.962246 0.951666 0.863812 0.916337 0.744865 0.773489 0.796257 0.868820 0.983884
0.794531 0.687590 0.543216 0.594584 0.941647 0.870309 0.878963 0.890674 0.663937 0.676468 0.644677 0.550762 0.910192 0.716013 0.824750 0.985491 0.703271 0.603334 0.850624 0.688457 0.820405 0.831300 0.631419 0.697078 0.442619 0.000000 0.805797 0.629172 0.664985 0.563051 0.692322 0.846226 0.918901 0.995970 0.704083 0.885833 0.725693 0.880064 0.690768 0.747085 0.868167 0.917448 0.959255 0.938468 0.892411 0.820301 0.744245 0.970366 0.826706 0.948710 0.837656 0.741763 0.781904 0.764458 0.693476 0.979969 0.689627 0.688846 0.843580 0.883887 0.910251 0.996441 0.719882 0.653131 0.459488 0.559626 0.818694 0.841626 0.968363 0.859057 0.931310 0.999285 0.949122 0.795622 0.907220 0.989362 0.955117 0.982984 0.963135 0.914050 0.749137 0.728239 0.976611 0.856134 0.659384 0.681361 0.957208 0.953542 0.727053 0.696375 0.857188 0.836913 0.999162 0.912634 0.948698 0.991647 0.892222 0.896448 0.706288 0.762794 0.757246 0.917325 0.893754 0.717202 0.828505 0.651249 0.939643 0.900757 0.923692 0.939677 0.892689 0.719701 0.769106 0.849868 0.928866 0.976562
0.894765 0.965094 0.903985 0.940349 0.887683 0.794560 0.861800 0.714509 0.930980 0.757093 0.900104 0.722752 0.937571 0.878214 0.889765 0.798625 0.954001 0.955558 0.909769 0.998981 0.856031 0.991416 0.867258 0.914250 0.745438 0.805797 0.000000 0.900806 0.902460 0.899473 0.865308 0.971142 0.942315 0.949836 0.887424 0.841916 0.865147 0.932463 0.906569 0.965365 0.958018 0.944487 0.914641 0.995670 0.975649 0.935858 0.936398 0.968841 0.927531 0.835050 0.963956 0.824885 0.879271 0.980700 0.990728 0.965525 0.981492 0.967118 0.955545 0.907170 0.953790 0.931077 0.787879 0.808760 0.715057 0.711889 0.903941 0.935213 0.982253 0.986394 0.991521 0.967199 0.892584 0.946630 0.949007 0.971549 0.944659 0.995509 0.982687 0.969713 0.961508 0.926598 0.858333 0.874040 0.889343 0.758207 0.999494 0.960400 0.871606 0.958853 0.806452 0.840994 0.842342 0.983941 0.979412 0.906891 0.783307 0.862237 0.753646 0.816964 0.893720 0.764415 0.826130 0.732065 0.962525 0.991612 0.937609 0.941594 0.970291 0.987878 0.982996 0.983796 0.958372 0.971705 0.862658 0.993455
0.816802 0.784384 0.798319 0.848692 0.971576 0.959018 0.974966 0.834737 0.812726 0.790622 0.749550 0.712138 0.932286 0.676671 0.920822 0.945437 0.796417 0.750425 0.818046 0.749183 0.906136 0.844178 0.879584 0.946923 0.689739 0.629172 0.900806 0.000000 0.765908 0.665281 0.798721 0.944225 0.989927 0.912023 0.743231 0.996283 0.922064 0.959402 0.955962 0.852664 0.857036 0.960132 0.969937 0.887979 0.851313 0.887897 0.917499 0.930742 0.890468 0.936508 0.938630 0.806244 0.911768 0.947972 0.865814 0.908055 0.790486 0.802900 0.854641 0.892735 0.935130 0.967724 0.835963 0.876041 0.746837 0.803239 0.909609 0.921200 0.846201 0.930829 0.908325 0.998402 0.831247 0.752363 0.999091 0.996399 0.957115 0.960815 0.956411 0.712689 0.809483 0.742683 0.946052 0.880934 0.950985 0.864796 0.954755 0.887206 0.871212 0.628908 0.911259 0.870960 0.958622 0.974395 0.912078 0.900746 0.961126 0.863081 0.781622 0.749024 0.996721 0.870244 0.893869 0.834164 0.978346 0.822755 0.956185 0.926216 0.979090 0.890105 0.948979 0.839160 0.851750 0.844418 0.917713 0.906346
0.661942 0.703450 0.892207 0.776270 0.908690 0.914154 0.905521 0.855780 0.984700 0.696988 0.567759 0.754761 0.901298 0.725372 0.801651 0.905001 0.504349 0.483072 0.659281 0.619044 0.826950 0.929193 0.898995 0.893255 0.728066 0.664985 0.902460 0.765908 0.000000 0.518542 0.997374 0.910538 0.825976 0.730150 0.817971 0.944120 0.918089 0.905275 0.919152 0.912873 0.932067 0.987118 0.658252 0.638518 0.642327 0.675771 0.824392 0.771585 0.675883 0.796962 0.900475 0.953590 0.979632 0.842100 0.927792 0.956386 0.619956 0.653818 0.991787 0.903850 0.988908 0.928956 0.728804 0.732957 0.775974 0.772881 0.965875 0.993123 0.734436 0.788781 0.942908 0.958392 0.951391 0.817077 0.949193 0.804248 0.922980 0.752130 0.849475 0.758639 0.617395 0.666002 0.824734 0.803733 0.969377 0.871618 0.968762 0.981674 0.819979 0.791635 0.875489 0.883533 0.982475 0.853997 0.902750 0.901573 0.896637 0.993501 0.626669 0.667092 0.797641 0.930472 0.783664 0.838630 0.880843 0.864158 0.945969 0.973973 0.978337 0.933417 0.768992 0.766706 0.688195 0.958022 0.929720 0.967358
0.613170 0.594839 0.779021 0.735749 0.979733 0.975443 0.914196 0.816250 0.832089 0.594311 0.509000 0.601957 0.893281 0.648138 0.910247 0.838098 0.498382 0.439297 0.591970 0.573042 0.907886 0.930097 0.872933 0.843942 0.652554 0.563051 0.899473 0.665281 0.518542 0.000000 0.929280 0.964688 0.837382 0.727274 0.677933 0.966287 0.837131 0.993522 0.844360 0.924135 0.878550 0.972686 0.754624 0.640838 0.717737 0.720288 0.955610 0.789013 0.661616 0.932726 0.972241 0.918896 0.837045 0.819359 0.775702 0.956082 0.541265 0.598208 0.978055 0.849022 0.997104 0.903852 0.589202 0.604506 0.631984 0.612398 0.929973 0.914426 0.765795 0.897117 0.788428 0.931106 0.970291 0.813798 0.963174 0.944024 0.975179 0.841099 0.867888 0.768538 0.570557 0.581508 0.808659 0.797635 0.868664 0.768898 0.910159 0.952106 0.719043 0.650048 0.897435 0.936852 0.878563 0.892750 0.976982 0.975446 0.947546 0.995105 0.675545 0.714865 0.813526 0.980970 0.758207 0.734119 0.793679 0.787001 0.913150 0.926891 0.987806 0.984023 0.896648 0.823160 0.702371 0.953227 0.940608 0.914099
0.991206 0.937576 0.518643 0.514527 0.933908 0.935789 0.611704 0.848532 0.741736 0.975179 0.986613 0.772789 0.981632 0.947516 0.791694 0.966186 0.982112 0.934312 0.760733 0.981678 0.970693 0.907034 0.490908 0.621021 0.582766 0.692322 0.865308 0.798721 0.997374 0.929280 0.000000 0.654711 0.685026 0.721970 0.683216 0.998558 0.812874 0.891945 0.674801 0.839687 0.882764 0.995151 0.727798 0.889702 0.946359 0.969173 0.776585 0.914498 0.870516 0.973739 0.906289 0.847534 0.831724 0.788830 0.739559 0.934238 0.922541 0.913175 0.820917 0.996833 0.938689 0.862329 0.992108 0.826515 0.594339 0.752377 0.711730 0.841953 0.996765 0.902013 0.745791 0.792949 0.902042 0.904121 0.834439 0.816474 0.725147 0.779845 0.894587 0.860013 0.965474 0.980891 0.941084 0.837851 0.641061 0.668043 0.956666 0.985486 0.882401 0.919205 0.955406 0.919936 0.923431 0.767930 0.861333 0.956835 0.964743 0.826715 0.948418 0.966602 0.934607 0.835612 0.971696 0.874414 0.946494 0.747462 0.916832 0.836794 0.976281 0.978873 0.880500 0.983495 0.995521 0.878319 0.898739 0.926322
0.887472 0.903564 0.733244 0.684189 0.890522 0.856683 0.753379 0.906044 0.963344 0.997855 0.982879 0.890481 0.860847 0.812151 0.821191 0.859778 0.801232 0.825602 0.626653 0.718578 0.998749 0.961737 0.612990 0.591245 0.719799 0.846226 0.971142 0.944225 0.910538 0.964688 0.654711 0.000000 0.701953 0.729428 0.859487 0.873688 0.832415 0.957383 0.825254 0.961326 0.870493 0.943081 0.736058 0.930690 0.974159 0.948389 0.794475 0.852764 0.877931 0.916342 0.989934 0.969410 0.990839 0.875869 0.821953 0.943894 0.805048 0.859534 0.978711 0.800780 0.846267 0.738204 0.819168 0.954449 0.843713 0.989749 0.809504 0.956618 0.947684 0.996824 0.768429 0.750051 0.795626 0.729035 0.970387 0.824039 0.827641 0.707011 0.778388 0.770200 0.809319 0.757024 0.797072 0.970015 0.665817 0.698467 0.922718 0.940166 0.782542 0.924231 0.968961 0.903614 0.945327 0.846202 0.968122 0.916311 0.974728 0.931594 0.987953 0.824451 0.869275 0.951598 0.900519 0.910644 0.997391 0.942121 0.984829 0.855555 0.845421 0.990897 0.923233 0.919782 0.955124 0.949155 0.933635 0.920950
0.623293 0.672403 0.685738 0.696794 0.855052 0.942153 0.632923 0.791560 0.958630 0.901955 0.795946 0.897665 0.958965 0.874225 0.848026 0.915156 0.669588 0.731645 0.575220 0.745926 0.936023 0.974912 0.692701 0.802649 0.803458 0.918901 0.942315 0.989927 0.825976 0.837382 0.685026 0.701953 0.000000 0.498384 0.776265 0.819735 0.837550 0.741005 0.877244 0.964540 0.766744 0.988217 0.658753 0.717062 0.738253 0.829593 0.797197 0.765718 0.984431 0.857859 0.893795 0.877429 0.918566 0.952831 0.831305 0.955901 0.682215 0.739822 0.694960 0.910959 0.784291 0.957997 0.648808 0.822494 0.815754 0.849357 0.538298 0.611431 0.800070 0.782514 0.745805 0.799320 0.813282 0.842377 0.872913 0.846351 0.671320 0.644527 0.736908 0.824595 0.729506 0.715374 0.902690 0.982369 0.684042 0.673360 0.960308 0.882635 0.908387 0.979215 0.892090 0.785803 0.850553 0.821149 0.974231 0.787117 0.956761 0.911685 0.819036 0.794514 0.988899 0.859938 0.822122 0.926745 0.804680 0.839115 0.998785 0.902559 0.971579 0.868129 0.769317 0.957804 0.903778 0.969264 0.991589 0.922541
0.632149 0.668520 0.767901 0.835913 0.858373 0.997390 0.590821 0.709152 0.959063 0.686143 0.647928 0.867318 0.909922 0.891917 0.881688 0.948123 0.653542 0.666919 0.560396 0.771440 0.974177 0.998285 0.817015 0.957330 0.959051 0.995970 0.949836 0.912023 0.730150 0.727274 0.721970 0.729428 0.498384 0.000000 0.852796 0.821640 0.876200 0.931720 0.911532 0.981865 0.873137 0.987429 0.646289 0.646538 0.560463 0.657210 0.713055 0.689637 0.777170 0.740917 0.733465 0.783328 0.931791 0.874441 0.868942 0.958881 0.651736 0.737210 0.683959 0.970419 0.749472 0.997243 0.621426 0.785628 0.922645 0.938285 0.558105 0.606712 0.757110 0.785200 0.750216 0.868264 0.779413 0.811752 0.849960 0.757298 0.679123 0.650110 0.752866 0.857237 0.722768 0.740351 0.850833 0.904146 0.756341 0.823843 0.966245 0.911925 0.874456 0.935996 0.767285 0.737651 0.818151 0.791127 0.972967 0.872386 0.857840 0.933327 0.660569 0.728301 0.950155 0.794235 0.803610 0.890607 0.892490 0.819267 0.973972 0.829861 0.920328 0.932252 0.760911 0.744128 0.641303 0.995222 0.958823 0.946156
0.939906 0.912497 0.628185 0.651618 0.830554 0.940186 0.814427 0.962559 0.770802 0.922831 0.837424 0.740863 0.901088 0.725212 0.943103 0.873161 0.836507 0.783996 0.978244 0.839050 0.853525 0.948607 0.699258 0.802547 0.651380 0.704083 0.887424 0.743231 0.817971 0.677933 0.683216 0.859487 0.776265 0.852796 0.000000 0.951937 0.844318 0.942189 0.823012 0.994456 0.822392 0.977636 0.980103 0.944423 0.941384 0.982014 0.916625 0.931054 0.855597 0.897138 0.907326 0.816611 0.859419 0.872110 0.676549 0.995176 0.852604 0.923572 0.727292 0.759142 0.789180 0.952907 0.904000 0.848501 0.607645 0.583850 0.613505 0.598897 0.989241 0.981118 0.938596 0.949146 0.929548 0.962675 0.995330 0.995741 0.835495 0.909904 0.967738 0.940157 0.910663 0.947561 0.891381 0.827957 0.709583 0.638683 0.874457 0.950401 0.880513 0.698298 0.931967 0.854813 0.800363 0.749468 0.980730 0.918436 0.921152 0.914367 0.896638 0.995051 0.854295 0.911095 0.967960 0.763473 0.802910 0.750185 0.997329 0.905384 0.959972 0.968601 0.988651 0.926340 0.780494 0.819125 0.845280 0.940905
0.987608 0.884335 0.966161 0.982309 0.873307 0.851057 0.934312 0.935089 0.883628 0.889130 0.952235 0.974356 0.937095 0.954737 0.914515 0.839191 0.961336 0.964581 0.953869 0.910371 0.863630 0.987399 0.889067 0.974160 0.876591 0.885833 0.841916 0.996283 0.944120 0.966287 0.998558 0.873688 0.819735 0.821640 0.951937 0.000000 0.920986 0.847834 0.953128 0.922552 0.904262 0.982412 0.981694 0.991655 0.975686 0.955607 0.897217 0.952955 0.877611 0.946297 0.956734 0.984024 0.895050 0.975811 0.938424 0.918915 0.893433 0.914758 0.993166 0.917981 0.994028 0.965436 0.994783 0.990382 0.939114 0.868649 0.814061 0.781110 0.965023 0.914349 0.901792 0.974706 0.949810 0.958112 0.893419 0.971073 0.928682 0.922133 0.924565 0.947201 0.911778 0.990600 0.787639 0.994942 0.952047 0.838328 0.989009 0.991413 0.980805 0.915908 0.865921 0.865567 0.943310 0.950180 0.984065 0.834685 0.972941 0.991073 0.927890 0.917228 0.893422 0.926761 0.887938 0.985614 0.863073 0.945019 0.964567 0.974861 0.951377 0.926791 0.866574 0.976012 0.947499 0.939538 0.983186 0.977302
0.832092 0.858434 0.858264 0.657369 0.906394 0.939500 0.946581 0.892534 0.743833 0.990368 0.875731 0.972546 0.915236 0.918451 0.964479 0.841968 0.946385 0.985978 0.966907 0.903224 0.948538 0.980109 0.902308 0.873259 0.768676 0.725693 0.865147 0.922064 0.918089 0.837131 0.812874 0.832415 0.837550 0.876200 0.844318 0.920986 0.000000 0.650158 0.912713 0.830725 0.755416 0.967252 0.926159 0.973213 0.930845 0.896051 0.906145 0.970769 0.935101 0.880227 0.656670 0.789841 0.816370 0.804449 0.820776 0.972731 0.855526 0.836476 0.742236 0.740090 0.845151 0.795680 0.971379 0.863732 0.833980 0.772593 0.968758 0.971977 0.765713 0.843596 0.772389 0.743735 0.787647 0.868027 0.869569 0.960759 0.866163 0.810732 0.863788 0.950253 0.884365 0.968058 0.913616 0.880556 0.967091 0.852999 0.841136 0.916758 0.914149 0.785548 0.946931 0.911184 0.824723 0.879882 0.918236 0.992492 0.896384 0.918699 0.930984 0.991012 0.946561 0.987028 0.930161 0.946308 0.727250 0.809536 0.968911 0.791786 0.863047 0.916634 0.978462 0.963211 0.957890 0.970769 0.969571 0.859193
0.746203 0.704901 0.931460 0.761849 0.914548 0.825179 0.964666 0.968443 0.968775 0.967070 0.871707 0.918069 0.839363 0.947142 0.912620 0.995502 0.900266 0.938494 0.917140 0.894145 0.976717 0.934957 0.900089 0.910536 0.799338 0.880064 0.932463 0.959402 0.905275 0.993522 0.891945 0.957383 0.741005 0.931720 0.942189 0.847834 0.650158 0.000000 0.919690 0.856370 0.797348 0.897694 0.957474 0.955042 0.955543 0.934564 0.978501 0.940771 0.960786 0.881511 0.826235 0.859512 0.963998 0.971289 0.851494 0.911771 0.795534 0.770726 0.869599 0.793017 0.890925 0.816417 0.943599 0.792514 0.897847 0.815790 0.980250 0.938601 0.793000 0.911238 0.746711 0.708562 0.941455 0.951942 0.862236 0.976693 0.820983 0.836774 0.947047 0.951117 0.917562 0.963143 0.964331 0.875626 0.993899 0.836368 0.989055 0.942999 0.992279 0.784781 0.907856 0.890769 0.951292 0.983182 0.960954 0.995414 0.970238 0.940717 0.974355 0.939784 0.942352 0.826906 0.962138 0.913894 0.779051 0.860587 0.902205 0.961197 0.922278 0.987492 0.984976 0.950645 0.974380 0.924615 0.989103 0.847666
