0.000000 0.275934 0.691463 0.798100 0.927921 0.775479 0.907749 0.537291 0.865939 0.811681 0.427451 0.352246 0.561679 0.494188 0.898380 0.779516 0.474550 0.422175 0.489961 0.343626 0.823021 0.971779 0.815902 0.985866 0.673994 0.761039 0.879807 0.954707 0.426292 0.532904 0.805195 0.790386 0.872463 0.665494 0.773184 0.660079 0.700455 0.873344 0.935514 0.868642 0.879309 0.881635 0.865946 0.820114 0.877259 0.691030 0.809299 0.761847 0.303292 0.344709 0.326568 0.329130 0.397502 0.504734 0.731499 0.471023 0.417148 0.341675 0.329631 0.270139 0.726118 0.406185 0.481913 0.371528 0.720227 0.941924 0.705118 0.759545 0.529480 0.510400 0.710413 0.788239 0.679399 0.642123 0.904402 0.741000 0.637983 0.817197 0.868254 0.727286 0.468929 0.525798 0.767420 0.981294 0.862411 0.932401 0.795636 0.927510 0.947165 0.829166 0.963304 0.673244 0.739315 0.618667 0.917493 0.922161 0.826518 0.797146 0.730383 0.809552 0.725609 0.960742 0.667505 0.740683 0.786203 0.912059 0.814374 0.885425 0.971233 0.928259 0.962012 0.950875 0.646344 0.960192 0.928625 0.788430
0.275934 0.000000 0.686097 0.794217 0.894401 0.709636 0.842068 0.516531 0.816110 0.735003 0.475192 0.342964 0.619322 0.490832 0.894693 0.717869 0.430813 0.374147 0.436157 0.312807 0.793548 0.935340 0.847764 0.999542 0.688824 0.792094 0.884211 0.960186 0.408577 0.457467 0.900606 0.919861 0.799468 0.662650 0.756827 0.613470 0.716529 0.879176 0.911969 0.927939 0.929467 0.921282 0.877919 0.784409 0.827751 0.689650 0.757562 0.729844 0.326889 0.300660 0.309147 0.309361 0.416107 0.469308 0.690007 0.505734 0.342060 0.277162 0.408213 0.283771 0.818911 0.458262 0.462755 0.331355 0.668138 0.908960 0.622878 0.738927 0.557076 0.459189 0.840026 0.919687 0.647729 0.616146 0.807129 0.759061 0.628915 0.729246 0.817876 0.577030 0.359902 0.450578 0.784049 0.953303 0.925055 0.923402 0.758055 0.961868 0.962961 0.884400 0.996607 0.660271 0.689693 0.623296 0.875974 0.890174 0.850562 0.780577 0.774202 0.843544 0.704554 0.983307 0.648320 0.778074 0.763732 0.857963 0.792624 0.989697 0.998473 0.974331 0.979934 0.964563 0.713096 0.995654 0.976865 0.780362
0.691463 0.686097 0.000000 0.601797 0.722522 0.919422 0.488853 0.955883 0.707460 0.935834 0.702287 0.673426 0.882121 0.851936 0.697372 0.983087 0.829891 0.914276 0.834304 0.661867 0.833255 0.975554 0.518900 0.784089 0.556727 0.403755 0.970763 0.947399 0.723534 0.770921 0.539005 0.583793 0.633950 0.868251 0.542153 0.636696 0.705123 0.787179 0.879378 0.830172 0.993339 0.970867 0.546426 0.788526 0.589450 0.849524 0.920539 0.761087 0.724252 0.646190 0.779413 0.766673 0.842178 0.932220 0.870140 0.769901 0.664873 0.649180 0.677184 0.637875 0.753340 0.817242 0.860027 0.764729 0.342016 0.514124 0.496315 0.468603 0.685136 0.587543 0.810384 0.867890 0.863020 0.849014 0.992604 0.963980 0.844714 0.950681 0.850411 0.984072 0.933251 0.955507 0.863661 0.817147 0.585923 0.621534 0.761493 0.853454 0.786226 0.867123 0.593583 0.646500 0.562603 0.669420 0.963509 0.988423 0.931994 0.613609 0.900291 0.752982 0.924740 0.656257 0.976430 0.994775 0.838409 0.763055 0.818389 0.851490 0.987606 0.889664 0.722387 0.878500 0.957322 0.976133 0.674244 0.887760
0.798100 0.794217 0.601797 0.000000 0.856746 0.868942 0.666585 0.715923 0.929810 0.977468 0.932875 0.773594 0.582128 0.632831 0.612941 0.732107 0.803939 0.762498 0.770877 0.781674 0.960932 0.913196 0.605682 0.644725 0.859895 0.715786 0.832862 0.958809 0.923585 0.925330 0.892757 0.838202 0.633659 0.707706 0.876706 0.990098 0.891867 0.877126 0.994201 0.925801 0.898413 0.985855 0.948805 0.822006 0.865967 0.767570 0.968996 0.645570 0.882069 0.872091 0.765478 0.789589 0.746388 0.764784 0.908886 0.866901 0.856091 0.807659 0.812350 0.871288 0.594894 0.754302 0.852232 0.770212 0.595497 0.528199 0.847509 0.775867 0.850275 0.887619 0.894823 0.956760 0.975935 0.879989 0.863191 0.823649 0.992141 0.890102 0.700088 0.752090 0.726112 0.629840 0.588262 0.660748 0.511513 0.480613 0.814509 0.667572 0.692923 0.721686 0.783923 0.939321 0.972376 0.953914 0.986366 0.959517 0.811139 0.894817 0.903373 0.739895 0.929030 0.716024 0.890235 0.940110 0.709268 0.818659 0.860371 0.927549 0.952377 0.982992 0.856996 0.991185 0.888921 0.946057 0.841272 0.899761
0.927921 0.894401 0.722522 0.856746 0.000000 0.916463 0.712804 0.935798 0.723445 0.939834 0.908028 0.924344 0.897111 0.971169 0.843942 0.950721 0.813814 0.975262 0.849233 0.895238 0.778385 0.939055 0.730940 0.872491 0.996692 0.855002 0.988859 0.864925 0.985829 0.960081 0.908766 0.870033 0.866901 0.797499 0.828399 0.841802 0.846057 0.976888 0.907420 0.845493 0.945312 0.988486 0.813355 0.852515 0.794537 0.864320 0.896088 0.961714 0.934551 0.876634 0.915790 0.911702 0.911786 0.935668 0.758835 0.874135 0.923756 0.888668 0.877759 0.990626 0.775048 0.936445 0.998103 0.955342 0.704173 0.651085 0.758217 0.721911 0.914303 0.835304 0.914031 0.854614 0.964887 0.960454 0.985469 0.919094 0.896601 0.969458 0.853226 0.967475 0.981680 0.916893 0.893046 0.926164 0.686807 0.661206 0.804655 0.840143 0.837164 0.994831 0.746278 0.713014 0.784512 0.769991 0.885669 0.891167 0.990987 0.829983 0.946446 0.868942 0.976289 0.792949 0.962741 0.951881 0.796808 0.872553 0.947848 0.834901 0.941309 0.901707 0.831472 0.943059 0.862036 0.847651 0.867451 0.823144
0.775479 0.709636 0.919422 0.868942 0.916463 0.000000 0.948380 0.608524 0.867638 0.776852 0.813810 0.672881 0.739213 0.650287 0.764102 0.652991 0.887769 0.833628 0.800056 0.790227 0.837877 0.981632 0.961289 0.982949 0.746400 0.989679 0.991393 0.980920 0.659521 0.726939 0.892099 0.873397 0.777549 0.760414 0.912952 0.969407 0.860729 0.972525 0.948081 0.900252 0.830963 0.876897 0.876544 0.680416 0.993137 0.745711 0.913195 0.875045 0.732322 0.722076 0.746382 0.711253 0.908529 0.734197 0.953240 0.940770 0.878479 0.807013 0.860129 0.705178 0.827794 0.641380 0.734677 0.698619 0.941050 0.786671 0.970402 0.936962 0.902186 0.930997 0.994757 0.995660 0.910067 0.924511 0.725265 0.827853 0.761591 0.767227 0.975379 0.858919 0.783719 0.766807 0.874568 0.886924 0.893059 0.844799 0.997681 0.984940 0.934565 0.989168 0.869417 0.916821 0.969090 0.979044 0.931300 0.920090 0.902537 0.886090 0.853757 0.807594 0.754415 0.882409 0.971200 0.881509 0.818840 0.902153 0.959328 0.850246 0.829664 0.773585 0.874884 0.984500 0.986319 0.878168 0.968664 0.947875
0.907749 0.842068 0.488853 0.666585 0.712804 0.948380 0.000000 0.558110 0.447480 0.665324 0.838876 0.938976 0.647108 0.987982 0.700748 0.953385 0.854146 0.840733 0.984338 0.890396 0.902191 0.844534 0.757963 0.947471 0.946549 0.777574 0.762385 0.817600 0.900506 0.906517 0.748113 0.696446 0.570615 0.591566 0.667692 0.745883 0.971254 0.964261 0.949371 0.971398 0.794145 0.869660 0.442286 0.515180 0.352515 0.592972 0.861077 0.647674 0.893049 0.718347 0.859842 0.809004 0.805263 0.912391 0.782849 0.839081 0.904465 0.757154 0.965124 0.817940 0.398664 0.748762 0.762886 0.884611 0.539616 0.410365 0.375650 0.338381 0.732174 0.602297 0.927372 0.853724 0.973675 0.944053 0.936436 0.959949 0.946825 0.982157 0.753336 0.935939 0.920668 0.962918 0.852892 0.876602 0.661923 0.739033 0.802880 0.934157 0.905808 0.965907 0.463678 0.569466 0.558100 0.544659 0.978097 0.878722 0.822051 0.634025 0.601560 0.490332 0.667391 0.525260 0.928136 0.809958 0.822228 0.793869 0.780299 0.669673 0.909811 0.945613 0.630527 0.622879 0.749310 0.983176 0.651778 0.986372
0.537291 0.516531 0.955883 0.715923 0.935798 0.608524 0.558110 0.000000 0.678696 0.448907 0.388026 0.372652 0.476768 0.567388 0.768783 0.718383 0.428331 0.446359 0.592914 0.532647 0.674284 0.893465 0.913609 0.832557 0.518900 0.825870 0.852347 0.837232 0.402331 0.397222 0.969009 0.915714 0.628284 0.439370 0.929379 0.841085 0.715961 0.882561 0.829298 0.873972 0.808375 0.928821 0.714062 0.469811 0.656001 0.426306 0.794635 0.582156 0.550440 0.657428 0.588286 0.626664 0.766569 0.682419 0.996009 0.789868 0.582487 0.629221 0.552888 0.574215 0.408292 0.305950 0.335605 0.339279 0.935285 0.674360 0.880311 0.745430 0.943303 0.883664 0.909975 0.964754 0.744147 0.757200 0.755132 0.806233 0.639817 0.799079 0.707983 0.812994 0.474612 0.593556 0.785434 0.960307 0.842716 0.887876 0.932944 0.959226 0.935468 0.960507 0.672625 0.980598 0.962577 0.933520 0.939182 0.765905 0.787582 0.939235 0.530767 0.532161 0.487229 0.635238 0.730132 0.659470 0.751408 0.783715 0.946192 0.755944 0.900473 0.988828 0.679161 0.671098 0.600023 0.999354 0.766574 0.829970
0.865939 0.816110 0.707460 0.929810 0.723445 0.867638 0.447480 0.678696 0.000000 0.733821 0.931886 0.992133 0.820573 0.910995 0.777907 0.943191 0.959804 0.977862 0.875427 0.820370 0.990934 0.892789 0.889013 0.845346 0.909673 0.826553 0.788577 0.764584 0.953361 0.947603 0.666237 0.729657 0.765196 0.762378 0.757882 0.868279 0.861232 0.951816 0.921017 0.971138 0.721126 0.831985 0.513169 0.562210 0.449328 0.591848 0.982447 0.813926 0.907380 0.787249 0.886293 0.877286 0.860731 0.931224 0.652104 0.895592 0.933300 0.797396 0.871593 0.882058 0.607512 0.792590 0.858877 0.938361 0.682012 0.538605 0.531926 0.463496 0.756925 0.674238 0.882219 0.869995 0.864663 0.901718 0.971397 0.941071 0.933878 0.959848 0.949587 0.788852 0.995697 0.945128 0.963023 0.964273 0.792635 0.840786 0.735340 0.972175 0.974535 0.981068 0.665328 0.619515 0.670367 0.598266 0.932539 0.973400 0.898464 0.833133 0.699045 0.637769 0.670684 0.742283 0.924898 0.770560 0.785241 0.696957 0.830870 0.752979 0.962627 0.878964 0.716110 0.746145 0.802815 0.938906 0.687273 0.944962
0.811681 0.735003 0.935834 0.977468 0.939834 0.776852 0.665324 0.448907 0.733821 0.000000 0.530620 0.613656 0.823375 0.951043 0.956498 0.942566 0.527996 0.584080 0.924416 0.810436 0.711484 0.977115 0.652256 0.597269 0.600890 0.794106 0.691355 0.874205 0.533286 0.492667 0.917373 0.865506 0.726516 0.655514 0.923477 0.896168 0.908198 0.989374 0.922864 0.945031 0.905946 0.980789 0.663086 0.487301 0.594259 0.502217 0.811649 0.685690 0.713300 0.893170 0.773494 0.875639 0.940856 0.898892 0.936306 0.783383 0.686051 0.820718 0.735110 0.827079 0.635232 0.572631 0.549196 0.522586 0.833692 0.922648 0.855923 0.788794 0.967098 0.961051 0.964400 0.655826 0.789942 0.863025 0.852056 0.902020 0.791883 0.790159 0.846606 0.886319 0.685719 0.865161 0.992701 0.967629 0.822453 0.763345 0.916160 0.800403 0.817157 0.816149 0.773452 0.911834 0.926413 0.801065 0.872106 0.853292 0.731580 0.776532 0.496458 0.517077 0.607117 0.747041 0.759622 0.671591 0.905965 0.950022 0.925025 0.647501 0.800185 0.995397 0.781038 0.583483 0.695930 0.962255 0.928295 0.816331
0.427451 0.475192 0.702287 0.932875 0.908028 0.813810 0.838876 0.388026 0.931886 0.530620 0.000000 0.374492 0.609690 0.637748 0.971803 0.894575 0.378518 0.410096 0.580676 0.438761 0.618210 0.959587 0.594735 0.667278 0.461391 0.640721 0.871904 0.839279 0.323806 0.395469 0.806075 0.869115 0.790702 0.617779 0.791322 0.714086 0.681195 0.876872 0.868564 0.974045 0.995478 0.946772 0.931666 0.705251 0.881939 0.568618 0.848723 0.773495 0.461412 0.547683 0.528482 0.574355 0.648324 0.647784 0.825605 0.682386 0.483698 0.525837 0.416950 0.503493 0.614841 0.383741 0.338673 0.349204 0.616942 0.929796 0.885047 0.946795 0.771103 0.736085 0.723182 0.931913 0.651778 0.642980 0.852645 0.875587 0.669217 0.816665 0.744420 0.826161 0.515455 0.657207 0.977208 0.978198 0.896793 0.824444 0.764760 0.829217 0.880494 0.932602 0.863964 0.893732 0.880069 0.879898 0.916186 0.833479 0.796329 0.925653 0.569394 0.697616 0.634219 0.810212 0.773588 0.616996 0.903076 0.923687 0.874139 0.792918 0.933549 0.917961 0.937568 0.881929 0.629008 0.875198 0.923693 0.776388
0.352246 0.342964 0.673426 0.773594 0.924344 0.672881 0.938976 0.372652 0.992133 0.613656 0.374492 0.000000 0.417865 0.361090 0.800738 0.599282 0.386390 0.411451 0.440394 0.319034 0.732699 0.979994 0.843568 0.954059 0.497174 0.647102 0.988477 0.904443 0.364239 0.395893 0.749354 0.822170 0.807915 0.605645 0.731647 0.683182 0.639992 0.813949 0.799020 0.915935 0.955237 0.906346 0.888943 0.754639 0.939117 0.643519 0.881130 0.787957 0.448018 0.438581 0.402180 0.448473 0.548501 0.589220 0.827264 0.646304 0.444909 0.428079 0.406836 0.380319 0.577922 0.296628 0.355867 0.269992 0.712826 0.918849 0.759443 0.863627 0.662732 0.601397 0.745088 0.939630 0.710685 0.754083 0.797876 0.725648 0.611342 0.774052 0.844393 0.709750 0.426392 0.456931 0.747740 0.985959 0.902575 0.945424 0.881469 0.968966 0.918345 0.990479 0.934455 0.659462 0.669831 0.702234 0.962656 0.811721 0.928565 0.837179 0.693823 0.787453 0.671249 0.870271 0.738762 0.817188 0.851918 0.958863 0.876291 0.875646 0.918164 0.987592 0.947760 0.927018 0.645702 0.984956 0.932775 0.747233
0.561679 0.619322 0.882121 0.582128 0.897111 0.739213 0.647108 0.476768 0.820573 0.823375 0.609690 0.417865 0.000000 0.363152 0.522182 0.549654 0.564014 0.589337 0.511141 0.561395 0.853308 0.930238 0.770780 0.825633 0.758860 0.959516 0.920772 0.970250 0.572420 0.629424 0.967364 0.987743 0.673972 0.575721 0.972527 0.910843 0.757209 0.800915 0.798416 0.946848 0.864446 0.808433 0.952091 0.738662 0.927140 0.696536 0.885838 0.781379 0.715448 0.684821 0.583356 0.628273 0.665528 0.636860 0.971586 0.869887 0.737100 0.727396 0.636424 0.619179 0.414229 0.425889 0.501537 0.501138 0.840059 0.580312 0.951965 0.842767 0.926177 0.876941 0.788875 0.939404 0.878251 0.940348 0.849350 0.746778 0.697838 0.854725 0.808679 0.857624 0.584970 0.531892 0.630348 0.897798 0.601160 0.685986 0.921370 0.899959 0.895007 0.890880 0.734593 0.781416 0.897614 0.808685 0.788583 0.910814 0.969956 0.937151 0.740838 0.778886 0.662820 0.783285 0.804185 0.987870 0.799986 0.869967 0.978520 0.855822 0.965868 0.873039 0.867410 0.905594 0.699520 0.984480 0.775267 0.766246
0.494188 0.490832 0.851936 0.632831 0.971169 0.650287 0.987982 0.567388 0.910995 0.951043 0.637748 0.361090 0.363152 0.000000 0.595497 0.436211 0.597542 0.600216 0.458419 0.448294 0.819644 0.987153 0.837815 0.717730 0.742016 0.846454 0.828678 0.969378 0.599431 0.631705 0.826822 0.881082 0.832557 0.724190 0.829592 0.762752 0.639037 0.751951 0.729794 0.992161 0.889321 0.851939 0.786181 0.926417 0.770315 0.832193 0.955910 0.868379 0.645125 0.506991 0.467981 0.485620 0.567687 0.544524 0.893126 0.842843 0.671458 0.563570 0.592022 0.493260 0.634308 0.482241 0.543362 0.471491 0.946963 0.772594 0.739632 0.855935 0.779266 0.682681 0.726612 0.858507 0.893507 0.879765 0.799493 0.728313 0.779764 0.838795 0.788419 0.728202 0.533828 0.457309 0.658882 0.945902 0.705715 0.692319 0.955567 0.876588 0.938551 0.899606 0.980370 0.581195 0.593738 0.569873 0.825335 0.953544 0.913612 0.736522 0.948578 0.928184 0.831987 0.886290 0.876832 0.992736 0.841546 0.940705 0.913113 0.953794 0.976987 0.939748 0.941172 0.920595 0.850576 0.999583 0.889256 0.856856
0.898380 0.894693 0.697372 0.612941 0.843942 0.764102 0.700748 0.768783 0.777907 0.956498 0.971803 0.800738 0.522182 0.595497 0.000000 0.529512 0.908213 0.863754 0.753729 0.831368 0.970477 0.813366 0.504483 0.704186 0.892413 0.716574 0.789337 0.976798 0.922729 0.974110 0.771980 0.757784 0.657699 0.758312 0.770171 0.985825 0.973523 0.874591 0.851086 0.947682 0.858685 0.738027 0.869824 0.777122 0.920124 0.797855 0.984204 0.804873 0.966917 0.880945 0.852875 0.808905 0.868884 0.764660 0.911381 0.977206 0.980108 0.904384 0.987176 0.874600 0.648580 0.733168 0.814520 0.851454 0.567263 0.469965 0.760973 0.697868 0.921832 0.946436 0.937340 0.968579 0.994970 0.829403 0.845329 0.847094 0.848313 0.931699 0.768574 0.899373 0.832953 0.719799 0.616904 0.934881 0.528702 0.512117 0.918512 0.848879 0.839447 0.837961 0.708654 0.982440 0.983867 0.996922 0.913528 0.963933 0.932617 0.905873 0.941072 0.761189 0.797414 0.777164 0.895036 0.965909 0.826990 0.876271 0.916452 0.951836 0.953362 0.817540 0.976860 0.959350 0.974649 0.953257 0.639544 0.927752
0.779516 0.717869 0.983087 0.732107 0.950721 0.652991 0.953385 0.718383 0.943191 0.942566 0.894575 0.599282 0.549654 0.436211 0.529512 0.000000 0.841544 0.834195 0.650290 0.671205 0.978877 0.989291 0.710732 0.679468 0.967141 0.914795 0.841881 0.984398 0.834161 0.829629 0.965746 0.945282 0.804680 0.815698 0.991759 0.891546 0.937308 0.874659 0.895842 0.994801 0.856872 0.784693 0.930396 0.871568 0.838792 0.931186 0.961637 0.894831 0.901730 0.743311 0.751546 0.735755 0.877644 0.819195 0.997576 0.893951 0.807885 0.805331 0.940350 0.737360 0.810942 0.661593 0.791026 0.699238 0.872358 0.643694 0.893239 0.970495 0.887862 0.777610 0.970464 0.959801 0.977948 0.999156 0.856838 0.740712 0.835482 0.805861 0.845524 0.754605 0.661768 0.534810 0.662581 0.941303 0.615874 0.547851 0.960899 0.776448 0.893481 0.951817 0.985253 0.751764 0.734080 0.803267 0.890513 0.900134 0.851992 0.807551 0.887221 0.983694 0.833928 0.931701 0.984873 0.917564 0.888173 0.823508 0.798739 0.943568 0.949545 0.952944 0.939735 0.972505 0.922376 0.969978 0.817557 0.918763
0.474550 0.430813 0.829891 0.803939 0.813814 0.887769 0.854146 0.428331 0.959804 0.527996 0.378518 0.386390 0.564014 0.597542 0.908213 0.841544 0.000000 0.336495 0.502820 0.420244 0.708731 0.996946 0.751282 0.735618 0.580815 0.739365 0.897691 0.985637 0.390972 0.391241 0.896396 0.989649 0.667147 0.575031 0.807972 0.754713 0.758846 0.893343 0.892701 0.975102 0.936653 0.945796 0.930468 0.679618 0.935000 0.629908 0.716518 0.632906 0.489731 0.578866 0.475130 0.587006 0.629986 0.685416 0.683075 0.593217 0.419742 0.494797 0.430500 0.550759 0.631865 0.468923 0.356554 0.312235 0.758380 0.990290 0.855464 0.986457 0.771149 0.675474 0.844619 0.927392 0.708913 0.713370 0.784669 0.847750 0.711748 0.810510 0.748133 0.693457 0.389614 0.522517 0.840910 0.937990 0.942018 0.925449 0.793910 0.872998 0.850814 0.984880 0.948434 0.761399 0.813976 0.756729 0.995673 0.842821 0.841092 0.965996 0.515578 0.692205 0.664502 0.852409 0.625229 0.761120 0.848604 0.883825 0.985089 0.834927 0.993132 0.926541 0.877157 0.790926 0.653919 0.994621 0.891157 0.680417
0.422175 0.374147 0.914276 0.762498 0.975262 0.833628 0.840733 0.446359 0.977862 0.584080 0.410096 0.411451 0.589337 0.600216 0.863754 0.834195 0.336495 0.000000 0.423355 0.397708 0.777172 0.977128 0.894614 0.848377 0.651986 0.841655 0.934426 0.823720 0.377490 0.424676 0.968837 0.936115 0.584564 0.570787 0.895437 0.765921 0.818734 0.943104 0.872995 0.962879 0.914160 0.944328 0.896425 0.673069 0.907937 0.605690 0.711092 0.577459 0.469310 0.553693 0.499282 0.540024 0.627426 0.644948 0.661941 0.568290 0.396746 0.433338 0.454021 0.519531 0.648600 0.507744 0.383613 0.341534 0.820973 0.994945 0.896703 0.992218 0.667379 0.668154 0.871565 0.989779 0.544489 0.569385 0.824410 0.711131 0.684093 0.678469 0.615183 0.540664 0.322655 0.450533 0.728079 0.891640 0.868910 0.953355 0.819341 0.971120 0.885291 0.954668 0.846720 0.855185 0.840615 0.789574 0.950285 0.818427 0.779360 0.978091 0.538151 0.634531 0.678046 0.783683 0.661133 0.636133 0.714324 0.778247 0.885263 0.874518 0.940210 0.973542 0.871767 0.931740 0.639519 0.988482 0.809132 0.778327
0.489961 0.436157 0.834304 0.770877 0.849233 0.800056 0.984338 0.592914 0.875427 0.924416 0.580676 0.440394 0.511141 0.458419 0.753729 0.650290 0.502820 0.423355 0.000000 0.401603 0.834016 0.906865 0.932036 0.892860 0.743927 0.836529 0.916180 0.899016 0.521576 0.571990 0.888403 0.939475 0.689560 0.648716 0.830302 0.788646 0.671967 0.864358 0.776955 0.837290 0.974273 0.868608 0.889186 0.924988 0.831318 0.907947 0.793140 0.744556 0.666573 0.564933 0.587411 0.568024 0.670238 0.672774 0.658581 0.769630 0.505446 0.505154 0.540925 0.565307 0.764402 0.592430 0.502599 0.483230 0.853455 0.992036 0.783827 0.863595 0.662969 0.677180 0.904118 0.948574 0.679007 0.702529 0.882707 0.786456 0.646574 0.871831 0.739642 0.614219 0.492512 0.478515 0.733514 0.870186 0.831689 0.850347 0.825397 0.871934 0.904825 0.983172 0.954704 0.678727 0.726562 0.628062 0.917420 0.852959 0.958351 0.798238 0.875323 0.946463 0.778658 0.927360 0.735998 0.911326 0.863502 0.833100 0.900781 0.941004 0.951491 0.907568 0.996076 0.879244 0.833780 0.978911 0.982035 0.772566
0.343626 0.312807 0.661867 0.781674 0.895238 0.790227 0.890396 0.532647 0.820370 0.810436 0.438761 0.319034 0.561395 0.448294 0.831368 0.671205 0.420244 0.397708 0.401603 0.000000 0.783421 0.995293 0.895701 0.997528 0.654507 0.688178 0.890639 0.921740 0.446723 0.495787 0.728186 0.850884 0.858708 0.675982 0.756323 0.635649 0.666851 0.857668 0.895578 0.967400 0.975546 0.978701 0.798923 0.915862 0.739079 0.829000 0.894269 0.794821 0.429555 0.392732 0.425276 0.442156 0.540865 0.587484 0.726972 0.583301 0.411359 0.343986 0.436307 0.393261 0.811118 0.494771 0.477376 0.396360 0.673907 0.905582 0.656392 0.740374 0.573478 0.478635 0.791572 0.890229 0.646155 0.677031 0.862732 0.751464 0.574565 0.753824 0.781576 0.625694 0.429437 0.450441 0.724182 0.964260 0.917660 0.926893 0.723939 0.949927 0.887016 0.978464 0.922912 0.664797 0.664630 0.624782 0.998228 0.857594 0.929955 0.778843 0.789071 0.913227 0.778472 0.987032 0.737665 0.857880 0.812139 0.939423 0.856211 0.978654 0.925588 0.960172 0.988435 0.959137 0.759173 0.921080 0.903801 0.697861
0.823021 0.793548 0.833255 0.960932 0.778385 0.837877 0.902191 0.674284 0.990934 0.711484 0.618210 0.732699 0.853308 0.819644 0.970477 0.978877 0.708731 0.777172 0.834016 0.783421 0.000000 0.915981 0.822623 0.774683 0.799109 0.881591 0.971642 0.870710 0.699652 0.738236 0.934763 0.997002 0.797739 0.815381 0.890822 0.880357 0.715487 0.848228 0.797379 0.910899 0.780935 0.948634 0.936179 0.858682 0.924128 0.757519 0.924748 0.848404 0.845434 0.777161 0.816639 0.798994 0.825815 0.768435 0.978545 0.939006 0.829410 0.790803 0.705560 0.807227 0.840008 0.746544 0.680192 0.705238 0.834524 0.982156 0.960784 0.933972 0.952249 0.891348 0.950181 0.891256 0.935075 0.934290 0.816929 0.881544 0.762971 0.983142 0.857648 0.981735 0.852201 0.944390 0.962017 0.997697 0.834571 0.836271 0.854888 0.834018 0.847100 0.972516 0.817302 0.948324 0.980391 0.953659 0.886636 0.991189 0.850462 0.981234 0.764728 0.839633 0.903790 0.838447 0.923153 0.874611 0.873239 0.956771 0.921944 0.928604 0.906625 0.849859 0.864587 0.720367 0.848241 0.918027 0.968455 0.910157
0.971779 0.935340 0.975554 0.913196 0.939055 0.981632 0.844534 0.893465 0.892789 0.977115 0.959587 0.979994 0.930238 0.987153 0.813366 0.989291 0.996946 0.977128 0.906865 0.995293 0.915981 0.000000 0.868718 0.988302 0.895575 0.925873 0.945230 0.961830 0.999868 0.981112 0.979925 0.988201 0.869852 0.908583 0.932510 0.921911 0.922814 0.693540 0.943945 0.728480 0.875172 0.933302 0.975783 0.959272 0.922666 0.971163 0.976126 0.928775 0.941704 0.929805 0.885363 0.959390 0.941063 0.991644 0.974595 0.947006 0.980024 0.968989 0.987085 0.931430 0.838087 0.889773 0.950800 0.993361 0.887562 0.815493 0.848431 0.888596 0.952244 0.970225 0.970544 0.945457 0.981729 0.881970 0.923415 0.882706 0.979119 0.855164 0.829702 0.903209 0.969383 0.951484 0.995321 0.943026 0.939558 0.877047 0.859791 0.935910 0.999121 0.985314 0.900272 0.845727 0.924440 0.951830 0.964915 0.976312 0.960996 0.994393 0.965315 0.922354 0.985515 0.869721 0.971060 0.980147 0.870351 0.815655 0.990407 0.870072 0.919437 0.822617 0.981794 0.933202 0.989747 0.963950 0.913987 0.985655
0.815902 0.847764 0.518900 0.605682 0.730940 0.961289 0.757963 0.913609 0.889013 0.652256 0.594735 0.843568 0.770780 0.837815 0.504483 0.710732 0.751282 0.894614 0.932036 0.895701 0.822623 0.868718 0.000000 0.418002 0.614586 0.546235 0.760564 0.948571 0.692468 0.672363 0.762058 0.780366 0.782946 0.996802 0.689132 0.719368 0.860089 0.966198 0.899745 0.998925 0.856288 0.836710 0.945081 0.947745 0.983214 0.872553 0.975749 0.935145 0.733053 0.837270 0.858504 0.925788 0.933136 0.974873 0.843743 0.795849 0.734348 0.820440 0.718997 0.821536 0.877672 0.854134 0.764117 0.751740 0.396680 0.506947 0.721154 0.722842 0.896027 0.813873 0.884342 0.940634 0.941604 0.843893 0.940723 0.900402 0.871795 0.953682 0.895006 0.922405 0.946431 0.884418 0.612733 0.909612 0.437721 0.398268 0.756977 0.595518 0.818994 0.768012 0.766051 0.878785 0.848978 0.947774 0.798376 0.956024 0.941495 0.978670 0.838676 0.938543 0.961388 0.878390 0.894318 0.724344 0.821799 0.857235 0.861579 0.840292 0.878211 0.938455 0.883094 0.947633 0.838137 0.973943 0.723141 0.937633
0.985866 0.999542 0.784089 0.644725 0.872491 0.982949 0.947471 0.832557 0.845346 0.597269 0.667278 0.954059 0.825633 0.717730 0.704186 0.679468 0.735618 0.848377 0.892860 0.997528 0.774683 0.988302 0.418002 0.000000 0.654286 0.741818 0.681955 0.901590 0.730213 0.695908 0.962655 0.918806 0.948212 0.824483 0.901951 0.904377 0.996551 0.974460 0.841558 0.983770 0.936368 0.953459 0.787991 0.758705 0.754708 0.739564 0.907233 0.950134 0.856979 0.990160 0.974939 0.919674 0.871819 0.889343 0.947625 0.883783 0.816848 0.954530 0.845740 0.985647 0.973951 0.887223 0.721785 0.809564 0.655941 0.725058 0.950925 0.893862 0.907744 0.980971 0.937655 0.887282 0.858569 0.882479 0.927675 0.900558 0.827499 0.952914 0.979160 0.877825 0.959720 0.829353 0.682387 0.864376 0.581361 0.476628 0.834551 0.591106 0.749088 0.859179 0.980698 0.868997 0.871697 0.849595 0.825369 0.962883 0.945067 0.902186 0.606526 0.908528 0.831639 0.950379 0.978302 0.738946 0.945535 0.925363 0.974870 0.739367 0.910530 0.917110 0.999505 0.769033 0.884280 0.945768 0.969042 0.891808
0.673994 0.688824 0.556727 0.859895 0.996692 0.746400 0.946549 0.518900 0.909673 0.600890 0.461391 0.497174 0.758860 0.742016 0.892413 0.967141 0.580815 0.651986 0.743927 0.654507 0.799109 0.895575 0.614586 0.654286 0.000000 0.453573 0.659194 0.852760 0.477411 0.459083 0.715359 0.835404 0.976603 0.763024 0.749700 0.793382 0.692900 0.823671 0.912525 0.862094 0.927559 0.870558 0.956210 0.829502 0.936790 0.739643 0.882663 0.903515 0.664219 0.758490 0.749525 0.806449 0.874620 0.889970 0.929887 0.804079 0.673963 0.729239 0.584747 0.653538 0.680296 0.497411 0.486506 0.495896 0.544759 0.891346 0.831403 0.907322 0.923582 0.846577 0.690491 0.820515 0.754607 0.753721 0.874277 0.849896 0.758655 0.938947 0.966647 0.918161 0.686583 0.853580 0.958373 0.931949 0.774650 0.731884 0.953310 0.789971 0.751689 0.830374 0.953447 0.845599 0.802953 0.875828 0.954084 0.864732 0.971796 0.951251 0.727455 0.874515 0.810614 0.932586 0.859381 0.773513 0.942317 0.915552 0.923908 0.840148 0.918123 0.887514 0.963606 0.909378 0.748221 0.980650 0.877812 0.866847
0.761039 0.792094 0.403755 0.715786 0.855002 0.989679 0.777574 0.825870 0.826553 0.794106 0.640721 0.647102 0.959516 0.846454 0.716574 0.914795 0.739365 0.841655 0.836529 0.688178 0.881591 0.925873 0.546235 0.741818 0.453573 0.000000 0.813525 0.893278 0.682249 0.698233 0.418255 0.602571 0.734474 0.972287 0.625583 0.773053 0.652011 0.879146 0.810145 0.917584 0.962463 0.986290 0.620919 0.829651 0.805603 0.907306 0.924956 0.788925 0.802412 0.843968 0.867557 0.971356 0.999690 0.911279 0.913903 0.829496 0.739737 0.778800 0.647352 0.776716 0.969807 0.745609 0.766371 0.737473 0.457619 0.650131 0.668438 0.636690 0.808265 0.762650 0.706536 0.917062 0.823470 0.840342 0.952441 0.941786 0.818146 0.883796 0.925770 0.940271 0.949419 0.971983 0.885958 0.930260 0.649068 0.588011 0.817153 0.890590 0.795676 0.733355 0.631258 0.682142 0.624201 0.799784 0.858797 0.939406 0.950917 0.781476 0.980395 0.871267 0.901043 0.743454 0.984925 0.980588 0.864865 0.730094 0.933388 0.941562 0.987244 0.867953 0.937899 0.953540 0.999811 0.990697 0.714932 0.825547
0.879807 0.884211 0.970763 0.832862 0.988859 0.991393 0.762385 0.852347 0.788577 0.691355 0.871904 0.988477 0.920772 0.828678 0.789337 0.841881 0.897691 0.934426 0.916180 0.890639 0.971642 0.945230 0.760564 0.681955 0.659194 0.813525 0.000000 0.736628 0.840720 0.909414 0.915750 0.913513 0.871367 0.904484 0.780214 0.964460 0.998814 0.917918 0.968740 0.954041 0.935545 0.966580 0.747870 0.839709 0.700900 0.845821 0.968168 0.949824 0.943904 0.745771 0.901602 0.778022 0.798371 0.820676 0.965081 0.964382 0.930696 0.776995 0.987996 0.889654 0.806644 0.919023 0.849222 0.923606 0.883323 0.984343 0.764921 0.758097 0.848442 0.723222 0.944345 0.978531 0.870871 0.887921 0.996056 0.999694 0.883496 0.863739 0.846796 0.899978 0.974319 0.859055 0.794671 0.959521 0.826896 0.715519 0.978003 0.796907 0.814188 0.803606 0.932113 0.813175 0.836639 0.810718 0.959521 0.893137 0.927934 0.804307 0.695753 0.792347 0.823861 0.865979 0.941432 0.836586 0.992203 0.981504 0.965124 0.706246 0.787527 0.924752 0.845301 0.831272 0.790912 0.803143 0.873501 0.896095
0.954707 0.960186 0.947399 0.958809 0.864925 0.980920 0.817600 0.837232 0.764584 0.874205 0.839279 0.904443 0.970250 0.969378 0.976798 0.984398 0.985637 0.823720 0.899016 0.921740 0.870710 0.961830 0.948571 0.901590 0.852760 0.893278 0.736628 0.000000 0.836450 0.879625 0.964536 0.889024 0.906653 0.968499 0.988449 0.781637 0.855244 0.995562 0.955671 0.950923 0.923015 0.983770 0.789291 0.888248 0.788454 0.833930 0.936344 0.894291 0.951142 0.975191 0.958954 0.998609 0.965026 0.921991 0.959156 0.933531 0.871988 0.912603 0.946983 0.946139 0.863906 0.853827 0.901066 0.891697 0.960051 0.940530 0.923140 0.879921 0.882616 0.955798 0.871998 0.970424 0.770926 0.922327 0.861496 0.981333 0.875380 0.974354 0.918618 0.983425 0.987931 0.975658 0.969145 0.971430 0.967790 0.998719 0.918303 0.943950 0.868948 0.780696 0.852493 0.850277 0.899400 0.933958 0.917243 0.852573 0.894053 0.957169 0.979589 0.943398 0.930169 0.951908 0.961742 0.757940 0.912110 0.954419 0.943943 0.936185 0.776747 0.918132 0.872703 0.936408 0.899020 0.875125 0.952848 0.965730
0.426292 0.408577 0.723534 0.923585 0.985829 0.659521 0.900506 0.402331 0.953361 0.533286 0.323806 0.364239 0.572420 0.599431 0.922729 0.834161 0.390972 0.377490 0.521576 0.446723 0.699652 0.999868 0.692468 0.730213 0.477411 0.682249 0.840720 0.836450 0.000000 0.352699 0.882561 0.979192 0.674343 0.577888 0.800310 0.704986 0.687354 0.892260 0.860513 0.967472 0.978292 0.988236 0.899735 0.653533 0.906244 0.522740 0.736730 0.727570 0.435768 0.483763 0.442859 0.496215 0.583719 0.560984 0.772337 0.628328 0.468053 0.478053 0.397424 0.437617 0.610663 0.380426 0.328705 0.321509 0.661249 0.965583 0.845764 0.946981 0.825855 0.726429 0.761785 0.923217 0.594901 0.667515 0.837949 0.768235 0.570216 0.816814 0.763523 0.698198 0.488080 0.632231 0.894226 0.959263 0.955862 0.863266 0.827319 0.845340 0.894516 0.976879 0.837334 0.819721 0.878065 0.855001 0.966668 0.835839 0.828380 0.913573 0.577083 0.739421 0.579727 0.792153 0.697498 0.665529 0.800986 0.915085 0.887960 0.827844 0.821386 0.898922 0.893175 0.853524 0.600481 0.987391 0.986110 0.795262
0.532904 0.457467 0.770921 0.925330 0.960081 0.726939 0.906517 0.397222 0.947603 0.492667 0.395469 0.395893 0.629424 0.631705 0.974110 0.829629 0.391241 0.424676 0.571990 0.495787 0.738236 0.981112 0.672363 0.695908 0.459083 0.698233 0.909414 0.879625 0.352699 0.000000 0.998249 0.959748 0.739712 0.515760 0.752454 0.664728 0.797000 0.856072 0.901672 0.957723 0.948883 0.982346 0.872899 0.615114 0.883643 0.518429 0.739709 0.702298 0.514454 0.534847 0.520371 0.560341 0.667913 0.637716 0.814413 0.760485 0.486908 0.505600 0.530971 0.518851 0.661172 0.431383 0.331742 0.311692 0.628486 0.935178 0.764164 0.953403 0.911805 0.721296 0.858881 0.983044 0.747292 0.719164 0.838468 0.805329 0.678409 0.759905 0.782842 0.692949 0.479823 0.663752 0.938889 0.973834 0.852832 0.811455 0.803187 0.819138 0.781609 0.811720 0.934448 0.775903 0.805950 0.810097 0.953582 0.776892 0.882422 0.954186 0.643980 0.857347 0.569864 0.795680 0.693264 0.689275 0.889025 0.946701 0.843909 0.833857 0.916278 0.930439 0.850067 0.823201 0.592417 0.944287 0.961158 0.761167
0.805195 0.900606 0.539005 0.892757 0.908766 0.892099 0.748113 0.969009 0.666237 0.917373 0.806075 0.749354 0.967364 0.826822 0.771980 0.965746 0.896396 0.968837 0.888403 0.728186 0.934763 0.979925 0.762058 0.962655 0.715359 0.418255 0.915750 0.964536 0.882561 0.998249 0.000000 0.462053 0.689795 0.818213 0.760089 0.882375 0.716696 0.949344 0.904074 0.962159 0.971202 0.919835 0.484148 0.574697 0.661564 0.692025 0.800074 0.646259 0.921698 0.918002 0.936374 0.976567 0.992534 0.882018 0.903629 0.838920 0.919246 0.879648 0.658754 0.877422 0.986834 0.876301 0.972998 0.909795 0.679797 0.757857 0.795666 0.609526 0.657055 0.745333 0.709009 0.819269 0.805664 0.902539 0.877570 0.998436 0.951505 0.780226 0.921381 0.837714 0.976790 0.902851 0.998065 0.934127 0.892674 0.836305 0.884869 0.855178 0.928791 0.938968 0.699127 0.724610 0.700213 0.793000 0.875280 0.991863 0.935572 0.856082 0.893392 0.820757 0.723808 0.717472 0.903869 0.909302 0.879279 0.655144 0.989838 0.899439 0.960635 0.782081 0.788230 0.838647 0.938223 0.990322 0.725443 0.797709
0.790386 0.919861 0.583793 0.838202 0.870033 0.873397 0.696446 0.915714 0.729657 0.865506 0.869115 0.822170 0.987743 0.881082 0.757784 0.945282 0.989649 0.936115 0.939475 0.850884 0.997002 0.988201 0.780366 0.918806 0.835404 0.602571 0.913513 0.889024 0.979192 0.959748 0.462053 0.000000 0.614227 0.801637 0.746165 0.997454 0.862369 0.967664 0.844204 0.883292 0.904344 0.853606 0.528558 0.599358 0.656075 0.686649 0.743022 0.604332 0.924384 0.928327 0.973002 0.985104 0.935198 0.902246 0.977005 0.897182 0.937702 0.889610 0.756786 0.896105 0.910762 0.919090 0.971059 0.952744 0.711775 0.760234 0.815544 0.610639 0.691030 0.841444 0.725614 0.798757 0.972019 0.873573 0.917320 0.978305 0.994855 0.833057 0.814957 0.807876 0.958974 0.919034 0.958205 0.945044 0.907885 0.847381 0.958617 0.790937 0.932407 0.942884 0.727974 0.727729 0.766164 0.811879 0.871326 0.915087 0.964806 0.883961 0.868432 0.889945 0.792694 0.755291 0.926847 0.964614 0.839618 0.805492 0.926667 0.919380 0.924576 0.797028 0.752351 0.865849 0.991925 0.959361 0.795582 0.882156
0.872463 0.799468 0.633950 0.633659 0.866901 0.777549 0.570615 0.628284 0.765196 0.726516 0.790702 0.807915 0.673972 0.832557 0.657699 0.804680 0.667147 0.584564 0.689560 0.858708 0.797739 0.869852 0.782946 0.948212 0.976603 0.734474 0.871367 0.906653 0.674343 0.739712 0.689795 0.614227 0.000000 0.547740 0.720576 0.876079 0.897027 0.992685 0.956342 0.971740 0.903437 0.910776 0.527449 0.537475 0.630626 0.585437 0.796036 0.553329 0.882138 0.951779 0.862918 0.864029 0.926131 0.838347 0.858985 0.986347 0.776177 0.850517 0.819183 0.887707 0.596708 0.725122 0.654467 0.683517 0.706491 0.640441 0.675400 0.572629 0.919414 0.937199 0.944959 0.847080 0.830215 0.922713 0.878329 0.847671 0.792920 0.782027 0.623709 0.702134 0.661654 0.793828 0.833392 0.878490 0.687744 0.768488 0.950978 0.994520 0.998903 0.890043 0.649534 0.910717 0.805174 0.919901 0.916122 0.977108 0.882377 0.751971 0.603596 0.603803 0.692523 0.647971 0.840816 0.786625 0.673506 0.711373 0.950278 0.775371 0.970075 0.891532 0.749320 0.790361 0.758630 0.985159 0.801933 0.937833
0.665494 0.662650 0.868251 0.707706 0.797499 0.760414 0.591566 0.439370 0.762378 0.655514 0.617779 0.605645 0.575721 0.724190 0.758312 0.815698 0.575031 0.570787 0.648716 0.675982 0.815381 0.908583 0.996802 0.824483 0.763024 0.972287 0.904484 0.968499 0.577888 0.515760 0.818213 0.801637 0.547740 0.000000 0.891785 0.909445 0.928838 0.942970 0.944867 0.984732 0.929896 0.968206 0.610222 0.444501 0.659834 0.519330 0.714229 0.608957 0.706488 0.783193 0.711006 0.728257 0.846059 0.754883 0.954716 0.887371 0.687749 0.773738 0.686174 0.687198 0.544043 0.521725 0.458600 0.527295 0.937673 0.695145 0.823281 0.645845 0.933474 0.985023 0.999915 0.869070 0.835503 0.904028 0.834016 0.840941 0.600189 0.797760 0.750667 0.819192 0.627419 0.775759 0.796690 0.936775 0.803783 0.861970 0.994327 0.917411 0.942586 0.974271 0.682689 0.986572 0.927781 0.956012 0.951647 0.774263 0.893695 0.817416 0.517581 0.696083 0.606686 0.676302 0.681783 0.855680 0.776259 0.805783 0.983716 0.773393 0.887672 0.924770 0.740507 0.710047 0.626878 0.902158 0.736227 0.922546
0.773184 0.756827 0.542153 0.876706 0.828399 0.912952 0.667692 0.929379 0.757882 0.923477 0.791322 0.731647 0.972527 0.829592 0.770171 0.991759 0.807972 0.895437 0.830302 0.756323 0.890822 0.932510 0.689132 0.901951 0.749700 0.625583 0.780214 0.988449 0.800310 0.752454 0.760089 0.746165 0.720576 0.891785 0.000000 0.777895 0.655418 0.851271 0.992709 0.961557 0.949511 0.992120 0.682883 0.890931 0.722056 0.946000 0.912548 0.961455 0.745522 0.650528 0.770585 0.776797 0.810418 0.919848 0.890094 0.808764 0.725706 0.667513 0.768576 0.710389 0.830498 0.882502 0.821381 0.758246 0.603534 0.644767 0.518974 0.574501 0.804885 0.597027 0.976986 0.980380 0.930731 0.979071 0.959856 0.979259 0.890781 0.984995 0.969682 0.904975 0.871247 0.921303 0.943753 0.961413 0.676036 0.697577 0.858272 0.931674 0.921558 0.878181 0.698618 0.653397 0.708667 0.621717 0.975859 0.873716 0.996669 0.743640 0.927178 0.717453 0.913206 0.765858 0.972049 0.926821 0.784320 0.897824 0.937896 0.880113 0.977707 0.990543 0.953472 0.841667 0.869810 0.906180 0.624119 0.894759
0.660079 0.613470 0.636696 0.990098 0.841802 0.969407 0.745883 0.841085 0.868279 0.896168 0.714086 0.683182 0.910843 0.762752 0.985825 0.891546 0.754713 0.765921 0.788646 0.635649 0.880357 0.921911 0.719368 0.904377 0.793382 0.773053 0.964460 0.781637 0.704986 0.664728 0.882375 0.997454 0.876079 0.909445 0.777895 0.000000 0.727486 0.909720 0.965700 0.940870 0.922729 0.971329 0.813294 0.978516 0.806171 0.824511 0.954830 0.920566 0.646272 0.566815 0.603029 0.594381 0.663367 0.665810 0.718225 0.751353 0.601702 0.550914 0.705068 0.600803 0.986479 0.709377 0.723659 0.649885 0.634397 0.780764 0.575033 0.689449 0.732966 0.621496 0.989939 0.940606 0.886977 0.972633 0.990383 0.843906 0.753067 0.957523 0.907945 0.925982 0.806226 0.790888 0.995021 0.962429 0.786224 0.915766 0.673768 0.818525 0.970078 0.975437 0.778505 0.690322 0.583766 0.663378 0.862487 0.927347 0.981136 0.741320 0.972085 0.845411 0.961154 0.937197 0.908786 0.799500 0.973524 0.976361 0.820347 0.860204 0.964471 0.903074 0.888736 0.847619 0.957389 0.955700 0.974585 0.911553
0.700455 0.716529 0.705123 0.891867 0.846057 0.860729 0.971254 0.715961 0.861232 0.908198 0.681195 0.639992 0.757209 0.639037 0.973523 0.937308 0.758846 0.818734 0.671967 0.666851 0.715487 0.922814 0.860089 0.996551 0.692900 0.652011 0.998814 0.855244 0.687354 0.797000 0.716696 0.862369 0.897027 0.928838 0.655418 0.727486 0.000000 0.858659 0.751656 0.790498 0.921548 0.829619 0.794884 0.928942 0.842378 0.930474 0.945087 0.898915 0.767148 0.709899 0.723120 0.763884 0.763781 0.798839 0.827823 0.879082 0.769552 0.728880 0.626033 0.688946 0.812239 0.703021 0.704030 0.702996 0.790094 0.946975 0.778161 0.812884 0.917536 0.833358 0.761145 0.882174 0.869675 0.978938 0.973437 0.977481 0.748040 0.801975 0.899245 0.972791 0.826355 0.866208 0.977589 0.912422 0.932163 0.942903 0.870309 0.875790 0.916744 0.895958 0.964602 0.749084 0.878081 0.785672 0.932608 0.932795 0.945452 0.739487 0.982378 0.986817 0.989398 0.985958 0.915149 0.999231 0.953135 0.818945 0.964993 0.998984 0.973755 0.918242 0.927161 0.957048 0.961966 0.961082 0.939262 0.963653
0.873344 0.879176 0.787179 0.877126 0.976888 0.972525 0.964261 0.882561 0.951816 0.989374 0.876872 0.813949 0.800915 0.751951 0.874591 0.874659 0.893343 0.943104 0.864358 0.857668 0.848228 0.693540 0.966198 0.974460 0.823671 0.879146 0.917918 0.995562 0.892260 0.856072 0.949344 0.967664 0.992685 0.942970 0.851271 0.909720 0.858659 0.000000 0.816011 0.926340 0.778272 0.895966 0.948038 0.910326 0.883161 0.967634 0.959294 0.948433 0.884794 0.813768 0.858175 0.852596 0.876966 0.835565 0.991613 0.985742 0.950837 0.929802 0.985911 0.790635 0.962685 0.895687 0.788227 0.895037 0.853442 0.958876 0.854913 0.912878 0.961232 0.969578 0.953876 0.880589 0.921365 0.993339 0.985477 0.951481 0.962506 0.917306 0.960610 0.938628 0.933439 0.992825 0.973695 0.797775 0.885888 0.872999 0.988984 0.807047 0.933091 0.829585 0.974544 0.930282 0.900190 0.763859 0.891601 0.807892 0.732956 0.740869 0.910954 0.891380 0.870425 0.949870 0.996963 0.866454 0.977514 0.823578 0.860189 0.903641 0.878350 0.883665 0.951642 0.966861 0.915149 0.996538 0.984717 0.893906
