0.000000 0.254610 0.427788 0.358156 0.835266 0.702461 0.368040 0.281190 0.589772 0.493007 0.312821 0.234986 0.266261 0.383943 0.447209 0.456923 0.241925 0.252673 0.258055 0.237483 0.742511 0.714501 0.487787 0.527954 0.825865 0.623574 0.963947 0.929685 0.302092 0.254679 0.405383 0.413711 0.309304 0.283694 0.705444 0.722594 0.696489 0.758171 0.813957 0.784951 0.979701 0.850168 0.385952 0.353395 0.397873 0.309946 0.332068 0.336321 0.739930 0.405703 0.482348 0.457361 0.548882 0.599518 0.586790 0.702978 0.343135 0.311975 0.231700 0.301751 0.247332 0.350092 0.235141 0.263034 0.541609 0.346944 0.341312 0.271445 0.446742 0.355295 0.507744 0.497373 0.431122 0.442969 0.812384 0.718585 0.557470 0.462736 0.308461 0.343854 0.212249 0.253933 0.484197 0.438403 0.463977 0.442347 0.853748 0.720804 0.507417 0.712499 0.793630 0.925295 0.767882 0.981815 0.576540 0.648860 0.604755 0.728381 0.431349 0.426860 0.700733 0.812836 0.602529 0.562244 0.597864 0.621019 0.998008 0.824589 0.749854 0.582887 0.898926 0.483012 0.453622 0.642209 0.618474 0.992192
0.254610 0.000000 0.534609 0.450936 0.827625 0.813660 0.438549 0.302497 0.698170 0.490184 0.373965 0.277158 0.365778 0.388514 0.543740 0.509766 0.239396 0.260925 0.292207 0.290307 0.769594 0.728176 0.603493 0.629927 0.928834 0.733132 0.861888 0.941682 0.270238 0.294789 0.488393 0.513599 0.360813 0.326370 0.825621 0.673470 0.706351 0.759146 0.873683 0.697695 0.950739 0.610499 0.399409 0.361477 0.421155 0.373241 0.432540 0.351529 0.713509 0.481258 0.489924 0.466153 0.671741 0.580971 0.725515 0.767945 0.263819 0.230532 0.256663 0.324646 0.323082 0.379528 0.285479 0.232953 0.650174 0.442440 0.413423 0.311631 0.473099 0.287391 0.570539 0.502809 0.508439 0.525971 0.942010 0.684550 0.579812 0.427042 0.426095 0.468629 0.268036 0.335630 0.525769 0.463476 0.569277 0.530745 0.961724 0.933399 0.626889 0.761612 0.863668 0.891113 0.773974 0.921044 0.531690 0.710610 0.698726 0.542839 0.448855 0.428571 0.724561 0.818241 0.633777 0.480194 0.557467 0.621590 0.935623 0.813153 0.888745 0.630387 0.840987 0.442748 0.565575 0.604874 0.646209 0.900211
0.427788 0.534609 0.000000 0.196652 0.821529 0.703047 0.249625 0.355634 0.494715 0.618959 0.460299 0.495589 0.390646 0.632430 0.523834 0.551445 0.565507 0.482342 0.376957 0.437667 0.636125 0.750256 0.376695 0.368087 0.478830 0.381781 0.966435 0.937111 0.565705 0.491360 0.295458 0.373154 0.345609 0.413452 0.729530 0.903159 0.641479 0.932908 0.577576 0.837432 0.859208 0.943092 0.395376 0.389314 0.468347 0.468787 0.382325 0.466121 0.896305 0.610078 0.699851 0.637377 0.671531 0.651159 0.553063 0.745734 0.713966 0.709584 0.543993 0.579784 0.333385 0.462979 0.612269 0.664300 0.296113 0.249504 0.327574 0.324208 0.499485 0.540673 0.466903 0.555637 0.382103 0.414135 0.900535 0.811614 0.579953 0.592533 0.521139 0.511674 0.434464 0.345072 0.596866 0.515538 0.456948 0.370169 0.844807 0.708741 0.608460 0.660869 0.724390 0.899124 0.746441 0.852812 0.556121 0.758146 0.593187 0.781104 0.650228 0.590774 0.773742 0.750458 0.869464 0.658195 0.578368 0.687372 0.885668 0.936438 0.786904 0.774846 0.890882 0.638344 0.584615 0.826406 0.673006 0.924755
0.358156 0.450936 0.196652 0.000000 0.780115 0.643392 0.219562 0.246078 0.453390 0.538916 0.478435 0.403948 0.344657 0.497708 0.419264 0.425113 0.479247 0.415850 0.331552 0.415053 0.542602 0.639752 0.304159 0.334797 0.558189 0.382547 0.993087 0.925067 0.451001 0.413232 0.248561 0.314215 0.247661 0.281518 0.639412 0.841372 0.614221 0.914174 0.675568 0.887857 0.914505 0.856272 0.291862 0.279416 0.356921 0.355976 0.282101 0.388732 0.804787 0.561110 0.604443 0.504639 0.625542 0.595951 0.528040 0.702763 0.613207 0.614492 0.416199 0.485102 0.261584 0.357852 0.512078 0.528779 0.276056 0.187496 0.234762 0.221133 0.514593 0.476833 0.367230 0.458314 0.367553 0.433191 0.816437 0.780869 0.504393 0.534199 0.432163 0.474355 0.350166 0.280909 0.501437 0.375794 0.359367 0.283351 0.889814 0.723825 0.596751 0.595106 0.618422 0.804482 0.617195 0.771769 0.556959 0.728455 0.549255 0.688844 0.505809 0.444624 0.678272 0.718823 0.747693 0.535715 0.482728 0.592881 0.875383 0.928264 0.868515 0.794183 0.841807 0.495746 0.488624 0.687912 0.595029 0.977408
0.835266 0.827625 0.821529 0.780115 0.000000 0.716421 0.761794 0.751945 0.902356 0.895530 0.933100 0.835211 0.713982 0.852523 0.739074 0.722186 0.925397 0.940447 0.832030 0.949753 0.729904 0.771776 0.726037 0.769596 0.991488 0.939814 0.709886 0.782117 0.822626 0.901188 0.816523 0.987114 0.783698 0.814414 0.913132 0.994712 0.933863 0.850062 0.815684 0.925239 0.889149 0.897879 0.822412 0.794656 0.719856 0.730904 0.656884 0.740717 0.872792 0.749558 0.697071 0.689845 0.800085 0.598014 0.757388 0.737788 0.976528 0.976542 0.833260 0.809240 0.696841 0.706576 0.823140 0.848557 0.746379 0.699722 0.702219 0.759913 0.973124 0.852935 0.635602 0.740344 0.832435 0.909359 0.983463 0.861495 0.873214 0.948285 0.972466 0.926107 0.779851 0.768983 0.712737 0.779690 0.658558 0.679424 0.888650 0.869341 0.879747 0.732260 0.783322 0.801153 0.765364 0.905476 0.953092 0.870514 0.826576 0.862307 0.819863 0.773581 0.845930 0.921422 0.875949 0.877805 0.694214 0.852111 0.932734 0.920704 0.834457 0.945883 0.966692 0.848929 0.797387 0.800561 0.826622 0.967650
0.702461 0.813660 0.703047 0.643392 0.716421 0.000000 0.535234 0.583180 0.641899 0.612619 0.703035 0.709410 0.611865 0.807130 0.709903 0.623021 0.762011 0.730860 0.686779 0.759330 0.697330 0.982426 0.656096 0.679870 0.921665 0.847563 0.874858 0.828488 0.725300 0.744061 0.666147 0.740461 0.674451 0.667163 0.627874 0.988283 0.945567 0.729727 0.961563 0.837447 0.968876 0.981995 0.618713 0.636358 0.586088 0.605254 0.565886 0.595891 0.973601 0.843186 0.861933 0.765226 0.786339 0.782108 0.829581 0.903592 0.939699 0.962194 0.730028 0.763800 0.622184 0.705706 0.707897 0.801624 0.779009 0.614527 0.520754 0.655222 0.761643 0.763500 0.644337 0.556815 0.751577 0.865764 0.760572 0.895187 0.680880 0.738268 0.673841 0.765790 0.624349 0.593593 0.807260 0.649558 0.705498 0.690367 0.871149 0.846944 0.939205 0.860438 0.633013 0.778575 0.598450 0.783866 0.700347 0.818466 0.655877 0.907469 0.742244 0.686846 0.764129 0.656280 0.843331 0.772064 0.635263 0.824535 0.912964 0.897970 0.907258 0.995450 0.838952 0.701803 0.683651 0.715174 0.760651 0.934116
0.368040 0.438549 0.249625 0.219562 0.761794 0.535234 0.000000 0.193713 0.388264 0.377177 0.365855 0.402697 0.342407 0.546253 0.506009 0.511601 0.364869 0.305343 0.250001 0.377865 0.612688 0.641303 0.436204 0.480937 0.750025 0.579498 0.965836 0.893375 0.416729 0.377588 0.364537 0.340856 0.271249 0.264100 0.744700 0.831960 0.721231 0.980037 0.815689 0.834556 0.965537 0.792621 0.266326 0.226932 0.313771 0.342373 0.320271 0.361028 0.883248 0.643681 0.643864 0.621954 0.711871 0.579008 0.614298 0.820247 0.499494 0.573957 0.426724 0.595633 0.286761 0.483559 0.439212 0.499620 0.435807 0.291722 0.186548 0.247403 0.477024 0.497102 0.370443 0.410449 0.433343 0.463431 0.863087 0.709619 0.457704 0.448025 0.445518 0.445883 0.313790 0.275205 0.536495 0.454932 0.476070 0.430965 0.816888 0.762068 0.654543 0.776678 0.518447 0.637018 0.529034 0.604897 0.455305 0.685955 0.510077 0.649430 0.472989 0.404163 0.621815 0.541947 0.679273 0.433684 0.509933 0.572895 0.818104 0.872020 0.821570 0.747489 0.760816 0.469834 0.396195 0.642585 0.610532 0.960231
0.281190 0.302497 0.355634 0.246078 0.751945 0.583180 0.193713 0.000000 0.501548 0.326626 0.380969 0.274906 0.275011 0.382280 0.399266 0.417508 0.295518 0.267043 0.290226 0.345120 0.668955 0.661561 0.427641 0.484513 0.849114 0.639913 0.880591 0.871321 0.325539 0.314639 0.408679 0.380327 0.238697 0.236317 0.734292 0.799400 0.707214 0.884549 0.852520 0.806749 0.972897 0.730137 0.256749 0.230819 0.272678 0.275061 0.292060 0.314196 0.718976 0.550458 0.533335 0.501254 0.647937 0.591118 0.603083 0.768245 0.384917 0.405474 0.288573 0.433299 0.216608 0.303426 0.343489 0.305211 0.447683 0.261902 0.210127 0.208807 0.558205 0.389908 0.413119 0.442919 0.498526 0.549239 0.869609 0.681619 0.501328 0.412965 0.359716 0.503456 0.263859 0.285579 0.498298 0.401276 0.426979 0.386647 0.909262 0.799870 0.601285 0.649308 0.565797 0.687135 0.525124 0.714757 0.420368 0.590598 0.511798 0.555410 0.369723 0.292936 0.543797 0.651979 0.575146 0.409555 0.418200 0.511307 0.829867 0.806806 0.818194 0.649006 0.751447 0.373277 0.379665 0.568500 0.582453 0.951901
0.589772 0.698170 0.494715 0.453390 0.902356 0.641899 0.388264 0.501548 0.000000 0.625639 0.659969 0.625297 0.536201 0.677490 0.623264 0.534075 0.642675 0.626489 0.532680 0.594171 0.726594 0.791808 0.458149 0.558574 0.746936 0.674160 0.826358 0.977763 0.654047 0.641209 0.535090 0.482850 0.524590 0.491423 0.764783 0.899187 0.706014 0.872773 0.840315 0.819861 0.788662 0.861496 0.458065 0.437040 0.457627 0.476535 0.401797 0.491965 0.842881 0.665705 0.614329 0.607157 0.622735 0.625555 0.690699 0.720391 0.749909 0.823778 0.558181 0.731566 0.485100 0.662416 0.626997 0.738174 0.499607 0.500389 0.365940 0.462451 0.625911 0.702273 0.523859 0.645356 0.597994 0.638462 0.855741 0.716004 0.558618 0.659093 0.620796 0.611321 0.568651 0.540177 0.648613 0.669492 0.519364 0.514654 0.791068 0.796250 0.726389 0.804163 0.612755 0.711107 0.570493 0.684341 0.598745 0.607383 0.615632 0.741297 0.554759 0.560987 0.646655 0.665670 0.726419 0.651659 0.572451 0.638837 0.953817 0.859952 0.788178 0.917440 0.774136 0.663960 0.579856 0.902941 0.605755 0.927243
0.493007 0.490184 0.618959 0.538916 0.895530 0.612619 0.377177 0.326626 0.625639 0.000000 0.473984 0.435867 0.500351 0.544129 0.609329 0.641596 0.381277 0.397214 0.478947 0.506070 0.808598 0.824785 0.660925 0.729873 0.928812 0.829134 0.951817 0.912732 0.464574 0.447576 0.631122 0.483165 0.399697 0.400031 0.775514 0.862350 0.835607 0.881638 0.946416 0.879077 0.897008 0.680358 0.441676 0.414291 0.424883 0.457349 0.536028 0.501599 0.750357 0.716715 0.688036 0.699778 0.824335 0.797553 0.774934 0.901617 0.466098 0.564117 0.406817 0.638076 0.469740 0.537516 0.479862 0.444782 0.703251 0.538447 0.417603 0.428102 0.643173 0.498850 0.580635 0.540573 0.722239 0.751292 0.816343 0.758425 0.592462 0.480123 0.480071 0.540587 0.430956 0.508584 0.665382 0.546611 0.683173 0.661903 0.992189 0.876169 0.757852 0.849809 0.630208 0.694775 0.609244 0.731125 0.547185 0.614961 0.553152 0.524033 0.416220 0.400624 0.552254 0.521662 0.561172 0.458839 0.658140 0.561412 0.805973 0.820831 0.889231 0.739556 0.707910 0.506698 0.537615 0.675952 0.669566 0.952055
0.312821 0.373965 0.460299 0.478435 0.933100 0.703035 0.365855 0.380969 0.659969 0.473984 0.000000 0.314526 0.401640 0.529342 0.675091 0.665757 0.285286 0.223921 0.246847 0.253234 0.755214 0.767530 0.740163 0.672404 0.968317 0.720555 0.970294 0.864649 0.366448 0.267914 0.510225 0.459004 0.456492 0.360218 0.965767 0.825193 0.837474 0.848545 0.816275 0.729831 0.996433 0.859178 0.546997 0.464286 0.582686 0.549830 0.527537 0.519650 0.979562 0.708588 0.767289 0.805487 0.827219 0.774364 0.783166 0.957900 0.354209 0.390892 0.486096 0.571006 0.405602 0.582147 0.307629 0.385579 0.733848 0.521984 0.490844 0.398439 0.477133 0.567546 0.634825 0.589111 0.554062 0.518454 0.902563 0.772858 0.649833 0.421255 0.488952 0.410155 0.309941 0.366565 0.544687 0.553370 0.771401 0.708721 0.883861 0.838785 0.747792 0.988875 0.867713 0.949810 0.874837 0.891573 0.615903 0.756936 0.775814 0.881279 0.653324 0.588991 0.771441 0.704915 0.703953 0.509379 0.778152 0.784321 0.901122 0.929073 0.997174 0.687312 0.874654 0.603235 0.576945 0.729365 0.759885 0.918230
0.234986 0.277158 0.495589 0.403948 0.835211 0.709410 0.402697 0.274906 0.625297 0.435867 0.314526 0.000000 0.240505 0.265800 0.350933 0.372804 0.255875 0.270762 0.329925 0.297379 0.697174 0.707446 0.461882 0.500197 0.927447 0.726248 0.992306 0.878293 0.248502 0.228905 0.432097 0.411895 0.328653 0.312867 0.729873 0.792177 0.750287 0.745929 0.817237 0.769703 0.992329 0.821036 0.493873 0.449367 0.428195 0.408764 0.409343 0.392298 0.777449 0.555998 0.591194 0.546033 0.717853 0.732458 0.685944 0.807305 0.374926 0.375729 0.311873 0.384557 0.244538 0.312748 0.241582 0.217148 0.589514 0.377506 0.403184 0.318782 0.564892 0.403429 0.554133 0.580644 0.490030 0.515753 0.862212 0.726202 0.584852 0.402967 0.363892 0.471597 0.273091 0.371569 0.425384 0.486056 0.508007 0.510753 0.869538 0.890459 0.574760 0.746433 0.922568 0.961030 0.838921 0.891053 0.566139 0.708134 0.716200 0.640797 0.515324 0.445389 0.752849 0.903548 0.640309 0.565718 0.621534 0.535714 0.968651 0.851461 0.858575 0.560784 0.812147 0.526686 0.563638 0.611002 0.619501 0.879516
0.266261 0.365778 0.390646 0.344657 0.713982 0.611865 0.342407 0.275011 0.536201 0.500351 0.401640 0.240505 0.000000 0.267647 0.242023 0.262207 0.347530 0.389815 0.361846 0.410599 0.674939 0.709202 0.298801 0.351860 0.802698 0.660885 0.976407 0.927119 0.347457 0.333596 0.373132 0.417484 0.340834 0.357370 0.697127 0.816089 0.673014 0.802317 0.713899 0.804881 0.964764 0.896902 0.418252 0.397255 0.386036 0.376094 0.370005 0.381281 0.812888 0.523380 0.496569 0.493839 0.578219 0.634550 0.558726 0.788947 0.480263 0.502037 0.329309 0.453430 0.178031 0.297319 0.282554 0.306685 0.386086 0.292221 0.311713 0.289282 0.611632 0.471400 0.498722 0.512859 0.475890 0.553956 0.845188 0.666648 0.583826 0.483322 0.431038 0.556377 0.296314 0.378630 0.345098 0.510732 0.365851 0.357589 0.785142 0.720634 0.550472 0.655801 0.810982 0.951051 0.703233 0.975658 0.590754 0.719828 0.654306 0.696807 0.533025 0.473329 0.734572 0.830011 0.618565 0.637286 0.509942 0.539431 0.951272 0.801180 0.741462 0.658851 0.837758 0.537476 0.538838 0.629496 0.562045 0.986684
0.383943 0.388514 0.632430 0.497708 0.852523 0.807130 0.546253 0.382280 0.677490 0.544129 0.529342 0.265800 0.267647 0.000000 0.248607 0.261474 0.404450 0.446208 0.469652 0.519802 0.718929 0.668991 0.393209 0.412723 0.901808 0.741784 0.990116 0.883922 0.344521 0.376775 0.458901 0.503309 0.431182 0.438281 0.722646 0.833331 0.703547 0.716384 0.875590 0.738785 0.991537 0.726680 0.507846 0.495525 0.526481 0.510801 0.508755 0.467621 0.745342 0.634738 0.536939 0.520271 0.726924 0.718849 0.719739 0.899467 0.467359 0.475613 0.356217 0.512110 0.331304 0.403255 0.316371 0.272604 0.529877 0.446134 0.438622 0.395871 0.824044 0.499142 0.562698 0.589003 0.658510 0.650059 0.937710 0.703551 0.550592 0.452975 0.459176 0.683632 0.425939 0.594598 0.355281 0.616593 0.471003 0.468968 0.871909 0.856067 0.626823 0.729697 0.878257 0.970483 0.718166 0.954054 0.659175 0.749105 0.829294 0.583022 0.535921 0.502436 0.723050 0.966882 0.570184 0.704681 0.543791 0.524242 0.971708 0.715506 0.814498 0.629851 0.834424 0.586398 0.667345 0.668513 0.560827 0.887733
0.447209 0.543740 0.523834 0.419264 0.739074 0.709903 0.506009 0.399266 0.623264 0.609329 0.675091 0.350933 0.242023 0.248607 0.000000 0.227121 0.550795 0.610157 0.580452 0.640921 0.709794 0.677410 0.230998 0.299461 0.711465 0.650476 0.985894 0.947996 0.468792 0.489011 0.386207 0.463963 0.415029 0.477513 0.568316 0.932340 0.661633 0.832286 0.789718 0.857413 0.952403 0.944389 0.501434 0.525467 0.455810 0.459992 0.422723 0.450899 0.701484 0.589234 0.521797 0.464987 0.625029 0.684707 0.524048 0.670292 0.700213 0.715150 0.427484 0.538087 0.280807 0.347737 0.450680 0.436531 0.361421 0.339755 0.393077 0.386877 0.855316 0.576252 0.527040 0.641597 0.543936 0.682333 0.855079 0.762722 0.606175 0.578512 0.532727 0.699944 0.455237 0.542187 0.391888 0.632585 0.297390 0.334479 0.773615 0.666053 0.566528 0.571747 0.846507 0.988177 0.710625 0.914174 0.699002 0.815880 0.708261 0.631661 0.567922 0.514056 0.752034 0.993741 0.688609 0.809536 0.483062 0.501244 0.982450 0.724294 0.818537 0.715623 0.857628 0.563831 0.671684 0.741762 0.531849 0.835268
0.456923 0.509766 0.551445 0.425113 0.722186 0.623021 0.511601 0.417508 0.534075 0.641596 0.665757 0.372804 0.262207 0.261474 0.227121 0.000000 0.555284 0.598088 0.541258 0.635673 0.642058 0.726632 0.224780 0.270483 0.715438 0.660763 0.929473 0.873353 0.458599 0.498186 0.372543 0.468417 0.420463 0.489070 0.648272 0.873735 0.759238 0.797373 0.786545 0.841140 0.955837 0.862696 0.460820 0.490265 0.497918 0.467366 0.416947 0.431132 0.829556 0.606203 0.523532 0.469141 0.579493 0.583893 0.621585 0.730228 0.694343 0.701228 0.425259 0.554754 0.312761 0.410926 0.440866 0.436743 0.423574 0.363530 0.373054 0.418545 0.736549 0.578079 0.421743 0.490762 0.517969 0.654474 0.781126 0.776505 0.584928 0.559195 0.528512 0.655185 0.448643 0.539370 0.374579 0.573271 0.354113 0.315515 0.848376 0.773060 0.616488 0.700980 0.779418 0.905254 0.620930 0.991363 0.690356 0.761045 0.780316 0.644167 0.639429 0.574515 0.785643 0.863873 0.724085 0.810805 0.487233 0.562044 0.971093 0.855142 0.816937 0.778762 0.924337 0.651708 0.669470 0.650719 0.553802 0.972783
0.241925 0.239396 0.565507 0.479247 0.925397 0.762011 0.364869 0.295518 0.642675 0.381277 0.285286 0.255875 0.347530 0.404450 0.550795 0.555284 0.000000 0.174837 0.228218 0.274571 0.781909 0.670478 0.630999 0.695886 0.987010 0.771616 0.960620 0.918784 0.228770 0.215732 0.528137 0.399240 0.336680 0.279733 0.868611 0.669389 0.747413 0.775423 0.879677 0.628387 0.905630 0.651356 0.424094 0.342385 0.450498 0.432797 0.480404 0.403030 0.869562 0.603464 0.607186 0.620452 0.726913 0.689168 0.726544 0.904302 0.193567 0.266001 0.301409 0.469117 0.368705 0.511404 0.218592 0.227111 0.719229 0.527192 0.402100 0.336259 0.478351 0.405904 0.522294 0.466655 0.547777 0.523482 0.926657 0.689852 0.535332 0.378303 0.345709 0.381843 0.235509 0.366059 0.533861 0.492118 0.636611 0.635520 0.885193 0.908226 0.619414 0.906107 0.792348 0.854635 0.765481 0.882616 0.552775 0.746577 0.713445 0.587159 0.449199 0.406875 0.786849 0.777612 0.564593 0.398645 0.669371 0.563945 0.962173 0.796004 0.938075 0.535139 0.768895 0.458733 0.508807 0.585347 0.660102 0.986016
0.252673 0.260925 0.482342 0.415850 0.940447 0.730860 0.305343 0.267043 0.626489 0.397214 0.223921 0.270762 0.389815 0.446208 0.610157 0.598088 0.174837 0.000000 0.182479 0.214200 0.771360 0.651239 0.684679 0.698527 0.985944 0.705056 0.915164 0.871288 0.219303 0.203157 0.507272 0.391662 0.315323 0.254416 0.881198 0.770602 0.763520 0.829492 0.895515 0.617795 0.958272 0.649943 0.386881 0.303451 0.443481 0.411112 0.424670 0.397145 0.864779 0.639708 0.637424 0.654434 0.772832 0.697013 0.742985 0.894705 0.217228 0.248089 0.345341 0.489391 0.344064 0.521641 0.221147 0.248341 0.698276 0.472618 0.369736 0.326191 0.461913 0.438271 0.555142 0.508279 0.541032 0.472367 0.885888 0.712861 0.550219 0.369986 0.359998 0.387905 0.243932 0.308548 0.518166 0.454521 0.662240 0.624055 0.899823 0.937996 0.667514 0.887102 0.745436 0.818535 0.740990 0.822649 0.553305 0.658202 0.706235 0.652878 0.440231 0.407343 0.714199 0.731049 0.620360 0.377168 0.635798 0.636510 0.862598 0.843779 0.935022 0.578175 0.845889 0.437510 0.444782 0.591950 0.633043 0.971206
0.258055 0.292207 0.376957 0.331552 0.832030 0.686779 0.250001 0.290226 0.532680 0.478947 0.246847 0.329925 0.361846 0.469652 0.580452 0.541258 0.228218 0.182479 0.000000 0.236316 0.706668 0.643535 0.571582 0.582961 0.812980 0.614588 0.940377 0.880610 0.290112 0.220910 0.389063 0.368728 0.325318 0.245839 0.807346 0.746483 0.729935 0.916992 0.800137 0.680590 0.955954 0.688998 0.360311 0.283763 0.442458 0.417180 0.391074 0.398536 0.913568 0.579852 0.615681 0.623077 0.719118 0.594252 0.672815 0.898896 0.335792 0.370619 0.379050 0.527433 0.327925 0.544792 0.290837 0.352234 0.578229 0.422276 0.322477 0.324710 0.374621 0.405658 0.454099 0.429531 0.424060 0.392411 0.887450 0.636484 0.547822 0.410147 0.418076 0.343932 0.239222 0.282215 0.560614 0.467096 0.590597 0.556679 0.837978 0.855538 0.668532 0.898569 0.720971 0.825778 0.723497 0.796310 0.519168 0.720662 0.706882 0.687916 0.482098 0.481896 0.767515 0.728322 0.668994 0.442041 0.632985 0.659792 0.994050 0.906578 0.857530 0.665678 0.876713 0.464390 0.500294 0.642055 0.643521 0.979825
0.237483 0.290307 0.437667 0.415053 0.949753 0.759330 0.377865 0.345120 0.594171 0.506070 0.253234 0.297379 0.410599 0.519802 0.640921 0.635673 0.274571 0.214200 0.236316 0.000000 0.798082 0.700157 0.650176 0.662768 0.876002 0.621857 0.951351 0.877949 0.298778 0.239752 0.477504 0.389398 0.353288 0.293559 0.805815 0.838251 0.770460 0.852204 0.837657 0.696277 0.861263 0.822996 0.491497 0.399418 0.542914 0.488537 0.463184 0.424997 0.891723 0.589369 0.707545 0.692421 0.746281 0.758569 0.741944 0.866087 0.340666 0.318767 0.397733 0.463405 0.379664 0.507208 0.325980 0.360777 0.670967 0.473669 0.465645 0.393635 0.368056 0.397715 0.617744 0.594566 0.448474 0.416814 0.846652 0.716166 0.621809 0.491381 0.440462 0.381601 0.306596 0.299600 0.592123 0.518078 0.702379 0.643331 0.787846 0.928533 0.598446 0.848225 0.896629 0.994635 0.904995 0.990702 0.557790 0.737540 0.739671 0.777993 0.536688 0.517519 0.722462 0.808960 0.778959 0.515379 0.734163 0.703666 0.957535 0.878195 0.849334 0.625064 0.845478 0.544531 0.563666 0.728956 0.717786 0.954242
0.742511 0.769594 0.636125 0.542602 0.729904 0.697330 0.612688 0.668955 0.726594 0.808598 0.755214 0.697174 0.674939 0.718929 0.709794 0.642058 0.781909 0.771360 0.706668 0.798082 0.000000 0.751719 0.630702 0.583997 0.846297 0.723979 0.858845 0.886421 0.768298 0.817068 0.593356 0.767676 0.654755 0.603726 0.740927 0.945621 0.789478 0.956558 0.937300 0.940463 0.879189 0.916223 0.635684 0.627509 0.705067 0.709085 0.625017 0.708979 0.966119 0.758173 0.822192 0.747615 0.801579 0.684006 0.817615 0.954881 0.880347 0.870595 0.761532 0.742651 0.670602 0.714338 0.774483 0.807703 0.633657 0.561864 0.624464 0.635177 0.886759 0.838548 0.555908 0.587883 0.660922 0.661089 0.823576 0.826956 0.641420 0.602706 0.820711 0.746435 0.741324 0.719994 0.614195 0.686017 0.704397 0.675245 0.922524 0.940191 0.936095 0.871197 0.686954 0.810973 0.610560 0.779030 0.850533 0.892239 0.805637 0.878359 0.798609 0.743348 0.819452 0.789240 0.803746 0.674067 0.662696 0.796463 0.906189 0.755825 0.986200 0.950365 0.929392 0.824294 0.817813 0.773227 0.846852 0.934943
0.714501 0.728176 0.750256 0.639752 0.771776 0.982426 0.641303 0.661561 0.791808 0.824785 0.767530 0.707446 0.709202 0.668991 0.677410 0.726632 0.670478 0.651239 0.643535 0.700157 0.751719 0.000000 0.721666 0.761128 0.999936 0.792744 0.927623 0.754571 0.593310 0.674611 0.761350 0.626823 0.564745 0.645638 0.917410 0.880368 0.869773 0.928882 0.906741 0.777668 0.996259 0.960037 0.677758 0.596008 0.682954 0.679297 0.709257 0.685324 0.829304 0.823166 0.757494 0.768618 0.894769 0.727512 0.754938 0.822250 0.715480 0.729890 0.761190 0.802267 0.651041 0.786170 0.697549 0.702076 0.722578 0.684166 0.633811 0.593716 0.900477 0.831094 0.717680 0.742104 0.818276 0.727451 0.956523 0.890917 0.688659 0.744599 0.875246 0.687158 0.700141 0.666925 0.729298 0.735968 0.710079 0.657615 0.941369 0.872714 0.726068 0.708859 0.755712 0.826209 0.832808 0.810841 0.782524 0.941994 0.909143 0.774492 0.699041 0.617750 0.842767 0.880199 0.813560 0.691303 0.851350 0.669494 0.852770 0.838123 0.931460 0.842011 0.812916 0.753980 0.767969 0.696454 0.695116 0.874486
0.487787 0.603493 0.376695 0.304159 0.726037 0.656096 0.436204 0.427641 0.458149 0.660925 0.740163 0.461882 0.298801 0.393209 0.230998 0.224780 0.630999 0.684679 0.571582 0.650176 0.630702 0.721666 0.000000 0.213788 0.487657 0.481702 0.912283 0.963119 0.544810 0.579170 0.265662 0.393874 0.356432 0.479513 0.536584 0.883582 0.624472 0.886666 0.700626 0.909358 0.928237 0.947006 0.440594 0.488154 0.472787 0.460972 0.376569 0.468765 0.802352 0.593311 0.592074 0.477838 0.558770 0.637268 0.486471 0.637502 0.817912 0.833390 0.460194 0.554413 0.304342 0.379828 0.563014 0.585153 0.256518 0.276300 0.325413 0.376438 0.701370 0.533662 0.398807 0.537449 0.425253 0.578847 0.825089 0.771520 0.543837 0.658494 0.531340 0.622991 0.450612 0.486660 0.436807 0.527279 0.231415 0.226322 0.801509 0.673550 0.518091 0.559568 0.779480 0.963080 0.660023 0.975955 0.615216 0.767181 0.653323 0.665388 0.638316 0.584525 0.830268 0.928435 0.799966 0.818125 0.500331 0.542619 0.986342 0.850732 0.740320 0.791669 0.889533 0.647322 0.661554 0.772232 0.508862 0.965307
0.527954 0.629927 0.368087 0.334797 0.769596 0.679870 0.480937 0.484513 0.558574 0.729873 0.672404 0.500197 0.351860 0.412723 0.299461 0.270483 0.695886 0.698527 0.582961 0.662768 0.583997 0.761128 0.213788 0.000000 0.467058 0.417431 0.934597 0.937538 0.555137 0.567893 0.274670 0.419658 0.443234 0.503264 0.564003 0.975212 0.699566 0.925694 0.677593 0.895859 0.943326 0.966141 0.514902 0.566378 0.576978 0.533271 0.473232 0.552133 0.854682 0.677097 0.647485 0.585790 0.588959 0.665399 0.503523 0.718470 0.877986 0.865252 0.545511 0.647844 0.365323 0.466915 0.580428 0.648272 0.329913 0.309882 0.408262 0.441745 0.758092 0.607641 0.479507 0.591570 0.459887 0.585826 0.875444 0.821621 0.611428 0.654255 0.596505 0.631076 0.470609 0.501558 0.445679 0.501738 0.322610 0.282322 0.728468 0.596133 0.623001 0.640327 0.820166 0.989468 0.726373 0.981664 0.715725 0.911709 0.767223 0.774535 0.797691 0.697451 0.808863 0.943497 0.940811 0.884681 0.584861 0.728783 0.959444 0.884574 0.793805 0.850867 0.985931 0.758684 0.691206 0.810419 0.556104 0.976527
0.825865 0.928834 0.478830 0.558189 0.991488 0.921665 0.750025 0.849114 0.746936 0.928812 0.968317 0.927447 0.802698 0.901808 0.711465 0.715438 0.987010 0.985944 0.812980 0.876002 0.846297 0.999936 0.487657 0.467058 0.000000 0.351554 0.860372 0.954695 0.953727 0.921549 0.475318 0.640974 0.731342 0.844204 0.590618 0.930069 0.701234 0.931834 0.663750 0.955490 0.889088 0.978505 0.727710 0.807731 0.896561 0.830247 0.685546 0.866656 0.986676 0.846741 0.911274 0.787399 0.728170 0.887002 0.565645 0.740823 0.857139 0.913365 0.858283 0.829129 0.755258 0.783859 0.988018 0.953588 0.473629 0.590931 0.717394 0.777929 0.733873 0.802336 0.740822 0.821793 0.526823 0.671843 0.875525 0.971061 0.808216 0.998093 0.820547 0.776330 0.798594 0.756848 0.882866 0.811559 0.557593 0.506474 0.887526 0.795950 0.770858 0.724027 0.975906 0.894540 0.907200 0.936087 0.764190 0.956423 0.880052 0.940211 0.986982 0.994191 0.813837 0.877361 0.764583 0.922005 0.752858 0.955795 0.938667 0.931564 0.859880 0.887038 0.860454 0.889954 0.897496 0.850022 0.786198 0.981739
0.623574 0.733132 0.381781 0.382547 0.939814 0.847563 0.579498 0.639913 0.674160 0.829134 0.720555 0.726248 0.660885 0.741784 0.650476 0.660763 0.771616 0.705056 0.614588 0.621857 0.723979 0.792744 0.481702 0.417431 0.351554 0.000000 0.921564 0.811904 0.677627 0.651594 0.377431 0.461713 0.479982 0.558501 0.624136 0.945686 0.612818 0.965161 0.631902 0.797550 0.878748 0.939730 0.568133 0.549568 0.661011 0.576961 0.499249 0.626259 0.805602 0.691860 0.751073 0.668876 0.633174 0.774594 0.570930 0.655690 0.888622 0.842434 0.614258 0.672720 0.568607 0.617013 0.774300 0.818207 0.396842 0.421233 0.540665 0.524109 0.611054 0.640971 0.617909 0.591006 0.443027 0.508616 0.834060 0.902171 0.592397 0.790218 0.713991 0.582404 0.603023 0.511005 0.738987 0.530321 0.508808 0.430011 0.830246 0.730847 0.594784 0.632561 0.864135 0.952649 0.886141 0.983915 0.725320 0.913673 0.709775 0.794233 0.753071 0.661185 0.919271 0.945929 0.948135 0.769280 0.680794 0.891990 0.968083 0.936263 0.954672 0.880222 0.937433 0.741391 0.695188 0.985342 0.653909 0.991334
0.963947 0.861888 0.966435 0.993087 0.709886 0.874858 0.965836 0.880591 0.826358 0.951817 0.970294 0.992306 0.976407 0.990116 0.985894 0.929473 0.960620 0.915164 0.940377 0.951351 0.858845 0.927623 0.912283 0.934597 0.860372 0.921564 0.000000 0.985735 0.926526 0.913660 0.952327 0.934585 0.983398 0.893621 0.846041 0.937678 0.961112 0.953977 0.916782 0.991287 0.917204 0.994781 0.960880 0.943215 0.908122 0.916979 0.988016 0.903593 0.889328 0.903503 0.887730 0.909204 0.991607 0.856233 0.898950 0.918924 0.873841 0.820294 0.948607 0.890345 0.935285 0.883338 0.922894 0.890862 0.996536 0.955992 0.937835 0.981041 0.892277 0.857956 0.875782 0.982145 0.913100 0.984107 0.973067 0.802773 0.948683 0.935722 0.937095 0.890907 0.967241 0.911069 0.982231 0.848832 0.955031 0.962302 0.814526 0.993254 0.981126 0.846385 0.929175 0.957648 0.998615 0.973776 0.968586 0.945511 0.969261 0.901360 0.936852 0.930857 0.911771 0.944102 0.987427 0.874456 0.894945 0.903445 0.971716 0.915813 0.905120 0.853461 0.907770 0.837953 0.819644 0.987769 0.934986 0.846271
0.929685 0.941682 0.937111 0.925067 0.782117 0.828488 0.893375 0.871321 0.977763 0.912732 0.864649 0.878293 0.927119 0.883922 0.947996 0.873353 0.918784 0.871288 0.880610 0.877949 0.886421 0.754571 0.963119 0.937538 0.954695 0.811904 0.985735 0.000000 0.882772 0.929467 0.989810 0.957130 0.836397 0.955245 0.996052 0.971274 0.846891 0.947826 0.963464 0.783814 0.955263 0.910334 0.891786 0.822762 0.991594 0.947079 0.890398 0.957692 0.979535 0.903495 0.999205 0.954567 0.991930 0.965176 0.905622 0.904806 0.908939 0.885288 0.966501 0.970425 0.911677 0.964837 0.849262 0.851789 0.984775 0.923746 0.912972 0.931526 0.964934 0.972542 0.912788 0.804801 0.912817 0.985454 0.882000 0.837267 0.760803 0.919367 0.954469 0.961609 0.924119 0.925489 0.996937 0.984337 0.999227 0.930744 0.959310 0.859168 0.882661 0.937176 0.799748 0.875399 0.897855 0.855531 0.853203 0.987934 0.909419 0.810678 0.892756 0.813630 0.981983 0.838909 0.959112 0.774825 0.839309 0.930860 0.875981 0.925169 0.904706 0.927787 0.994756 0.871118 0.936975 0.975559 0.860114 0.958670
0.302092 0.270238 0.565705 0.451001 0.822626 0.725300 0.416729 0.325539 0.654047 0.464574 0.366448 0.248502 0.347457 0.344521 0.468792 0.458599 0.228770 0.219303 0.290112 0.298778 0.768298 0.593310 0.544810 0.555137 0.953727 0.677627 0.926526 0.882772 0.000000 0.212282 0.442147 0.411701 0.333479 0.277109 0.750375 0.809351 0.707473 0.818489 0.850339 0.625930 0.977277 0.685139 0.459255 0.379777 0.454237 0.429234 0.427777 0.378962 0.764472 0.613415 0.603092 0.573713 0.716732 0.710356 0.656298 0.768207 0.302692 0.343760 0.330654 0.439912 0.311458 0.461135 0.207305 0.235304 0.649159 0.452645 0.382303 0.337590 0.550505 0.412946 0.556793 0.515227 0.522349 0.521844 0.892294 0.752459 0.523248 0.420456 0.398619 0.423794 0.246185 0.362653 0.469301 0.414525 0.529765 0.547908 0.838350 0.904922 0.598162 0.738295 0.886614 0.972413 0.821514 0.967787 0.559510 0.758344 0.788220 0.611250 0.493405 0.429337 0.747694 0.910223 0.648239 0.471028 0.629947 0.551661 0.952410 0.859216 0.872565 0.588561 0.804935 0.495084 0.522663 0.563523 0.536127 0.996844
0.254679 0.294789 0.491360 0.413232 0.901188 0.744061 0.377588 0.314639 0.641209 0.447576 0.267914 0.228905 0.333596 0.376775 0.489011 0.498186 0.215732 0.203157 0.220910 0.239752 0.817068 0.674611 0.579170 0.567893 0.921549 0.651594 0.913660 0.929467 0.212282 0.000000 0.416813 0.355080 0.343210 0.232514 0.818700 0.790448 0.736843 0.864336 0.790551 0.696373 0.903787 0.810742 0.530892 0.398582 0.493869 0.454091 0.458879 0.424452 0.883006 0.616470 0.665980 0.642317 0.721902 0.704465 0.636807 0.859038 0.341260 0.358079 0.382264 0.522249 0.322080 0.486839 0.252594 0.276900 0.664328 0.471438 0.412450 0.372709 0.458281 0.396807 0.555797 0.533540 0.486821 0.458753 0.790447 0.681600 0.649710 0.446748 0.393502 0.388604 0.241650 0.296807 0.494788 0.409642 0.624531 0.575602 0.752583 0.777349 0.594353 0.850298 0.918939 0.947012 0.911876 0.957625 0.570911 0.814035 0.760684 0.673397 0.548378 0.506115 0.773081 0.834334 0.655692 0.511072 0.758500 0.644965 0.999580 0.923110 0.940168 0.607544 0.874858 0.562820 0.575322 0.673302 0.649755 0.922185
0.405383 0.488393 0.295458 0.248561 0.816523 0.666147 0.364537 0.408679 0.535090 0.631122 0.510225 0.432097 0.373132 0.458901 0.386207 0.372543 0.528137 0.507272 0.389063 0.477504 0.593356 0.761350 0.265662 0.274670 0.475318 0.377431 0.952327 0.989810 0.442147 0.416813 0.000000 0.310821 0.319539 0.343265 0.590006 0.865472 0.572530 0.874524 0.701461 0.930413 0.970392 0.891905 0.443459 0.415761 0.512762 0.458796 0.389590 0.436939 0.889100 0.617218 0.684824 0.567285 0.639575 0.647930 0.500745 0.717928 0.698756 0.690580 0.475454 0.519737 0.315790 0.437078 0.513113 0.566574 0.334085 0.261935 0.324366 0.337430 0.498615 0.450591 0.413038 0.449423 0.332269 0.383218 0.797600 0.852376 0.551348 0.530930 0.492615 0.499132 0.370058 0.346893 0.463944 0.395836 0.358676 0.305389 0.789422 0.678041 0.561941 0.658610 0.871240 0.941913 0.784944 0.977531 0.608745 0.869044 0.671262 0.778768 0.697840 0.640837 0.812753 0.849022 0.859215 0.707295 0.635113 0.670121 0.994978 0.978594 0.862598 0.693907 0.960493 0.628711 0.639092 0.732923 0.589249 0.916096
0.413711 0.513599 0.373154 0.314215 0.987114 0.740461 0.340856 0.380327 0.482850 0.483165 0.459004 0.411895 0.417484 0.503309 0.463963 0.468417 0.399240 0.391662 0.368728 0.389398 0.767676 0.626823 0.393874 0.419658 0.640974 0.461713 0.934585 0.957130 0.411701 0.355080 0.310821 0.000000 0.291682 0.318676 0.699101 0.913642 0.635202 0.875956 0.668835 0.792246 0.908190 0.872209 0.442048 0.390034 0.529655 0.523980 0.483605 0.476021 0.948299 0.740596 0.767887 0.727125 0.734534 0.783554 0.630011 0.820913 0.562177 0.627234 0.473182 0.642421 0.381966 0.569854 0.477044 0.520185 0.485278 0.395749 0.383848 0.363703 0.488686 0.539077 0.503665 0.525883 0.428880 0.472487 0.819699 0.811935 0.586145 0.523177 0.458604 0.388485 0.374176 0.384086 0.583304 0.468398 0.523458 0.443114 0.815611 0.773860 0.568725 0.793629 0.794906 0.988369 0.806783 0.935734 0.640339 0.840638 0.745578 0.768356 0.612741 0.559595 0.807850 0.803861 0.860046 0.570100 0.710035 0.640030 0.854971 0.964651 0.927025 0.702356 0.880775 0.588271 0.603611 0.748657 0.546170 0.941437
0.309304 0.360813 0.345609 0.247661 0.783698 0.674451 0.271249 0.238697 0.524590 0.399697 0.456492 0.328653 0.340834 0.431182 0.415029 0.420463 0.336680 0.315323 0.325318 0.353288 0.654755 0.564745 0.356432 0.443234 0.731342 0.479982 0.983398 0.836397 0.333479 0.343210 0.319539 0.291682 0.000000 0.281282 0.710953 0.744341 0.715302 0.917704 0.786002 0.744475 0.872091 0.770962 0.307267 0.275366 0.364881 0.331512 0.326098 0.353002 0.755624 0.605334 0.596627 0.542936 0.661729 0.635552 0.561690 0.678566 0.459255 0.462541 0.319246 0.462239 0.276316 0.383917 0.373886 0.383820 0.435864 0.290340 0.263958 0.233796 0.498540 0.395775 0.378872 0.389425 0.438176 0.483622 0.864647 0.753407 0.453185 0.441093 0.338784 0.435108 0.253062 0.270231 0.470795 0.356267 0.393892 0.345572 0.855686 0.808342 0.529198 0.630070 0.645616 0.807580 0.646328 0.874667 0.549110 0.670635 0.503751 0.521133 0.417456 0.344555 0.723731 0.723246 0.722611 0.436418 0.550574 0.522313 0.917038 0.812111 0.845146 0.623333 0.847325 0.459380 0.471554 0.610403 0.554204 0.913397
0.283694 0.326370 0.413452 0.281518 0.814414 0.667163 0.264100 0.236317 0.491423 0.400031 0.360218 0.312867 0.357370 0.438281 0.477513 0.489070 0.279733 0.254416 0.245839 0.293559 0.603726 0.645638 0.479513 0.503264 0.844204 0.558501 0.893621 0.955245 0.277109 0.232514 0.343265 0.318676 0.281282 0.000000 0.693573 0.811768 0.611099 0.805326 0.794801 0.760563 0.924007 0.789639 0.366376 0.273708 0.370124 0.348749 0.322542 0.374885 0.827177 0.570521 0.614788 0.567226 0.693640 0.663465 0.631376 0.758688 0.380815 0.409720 0.332798 0.494287 0.275349 0.422019 0.318264 0.334042 0.503418 0.320173 0.275813 0.261361 0.514709 0.410996 0.474502 0.454437 0.426959 0.499694 0.755545 0.703665 0.528911 0.392727 0.415931 0.363177 0.271169 0.270409 0.492615 0.350229 0.468295 0.454453 0.829391 0.744132 0.596512 0.740576 0.720503 0.865539 0.720250 0.812003 0.520419 0.708407 0.660731 0.621584 0.425330 0.396365 0.669226 0.721701 0.620113 0.401943 0.603357 0.621460 0.985295 0.803537 0.908181 0.708916 0.827877 0.417940 0.482253 0.619207 0.546615 0.996718
0.705444 0.825621 0.729530 0.639412 0.913132 0.627874 0.744700 0.734292 0.764783 0.775514 0.965767 0.729873 0.697127 0.722646 0.568316 0.648272 0.868611 0.881198 0.807346 0.805815 0.740927 0.917410 0.536584 0.564003 0.590618 0.624136 0.846041 0.996052 0.750375 0.818700 0.590006 0.699101 0.710953 0.693573 0.000000 0.992877 0.685753 0.928239 0.924942 0.878827 0.993817 0.976889 0.682132 0.757015 0.652049 0.616778 0.615329 0.724393 0.688111 0.607624 0.736794 0.609841 0.656260 0.857440 0.574673 0.634230 0.965513 0.921259 0.656025 0.628274 0.638880 0.653973 0.806278 0.825042 0.604549 0.592625 0.661430 0.689157 0.799708 0.625731 0.806074 0.801004 0.625435 0.784506 0.666943 0.906668 0.772306 0.832045 0.703464 0.733497 0.672823 0.656070 0.813901 0.738307 0.476653 0.553804 0.932151 0.764845 0.687471 0.639095 0.971306 0.900445 0.884795 0.929130 0.778544 0.958610 0.723827 0.828380 0.776644 0.762223 0.928359 0.901616 0.986891 0.998267 0.719680 0.745418 0.978404 0.907225 0.689934 0.986515 0.832286 0.639459 0.879641 0.971756 0.758063 0.972033
0.722594 0.673470 0.903159 0.841372 0.994712 0.988283 0.831960 0.799400 0.899187 0.862350 0.825193 0.792177 0.816089 0.833331 0.932340 0.873735 0.669389 0.770602 0.746483 0.838251 0.945621 0.880368 0.883582 0.975212 0.930069 0.945686 0.937678 0.971274 0.809351 0.790448 0.865472 0.913642 0.744341 0.811768 0.992877 0.000000 0.994511 0.769761 0.955160 0.946284 0.862226 0.852580 0.783266 0.738770 0.788727 0.754317 0.837243 0.725453 0.909046 0.857284 0.836720 0.778204 0.867470 0.792299 0.955030 0.899039 0.727649 0.715933 0.702579 0.761799 0.841708 0.843416 0.738471 0.766737 0.918815 0.880462 0.787941 0.726469 0.791878 0.655288 0.819658 0.684377 0.949302 0.894207 0.917419 0.843776 0.829992 0.846838 0.696626 0.829120 0.724612 0.764398 0.820485 0.705218 0.850609 0.829434 0.924069 0.951448 0.887760 0.906046 0.999106 0.902157 0.982267 0.898777 0.772286 0.899546 0.828009 0.678162 0.833426 0.814115 0.968065 0.790034 0.806245 0.813133 0.989520 0.959349 0.952694 0.969357 0.894683 0.857488 0.785256 0.795376 0.787997 0.887217 0.863638 0.942949
0.696489 0.706351 0.641479 0.614221 0.933863 0.945567 0.721231 0.707214 0.706014 0.835607 0.837474 0.750287 0.673014 0.703547 0.661633 0.759238 0.747413 0.763520 0.729935 0.770460 0.789478 0.869773 0.624472 0.699566 0.701234 0.612818 0.961112 0.846891 0.707473 0.736843 0.572530 0.635202 0.715302 0.611099 0.685753 0.994511 0.000000 0.812372 0.650009 0.856070 0.869133 0.733967 0.688751 0.648218 0.621891 0.664875 0.678934 0.636507 0.679388 0.662475 0.689265 0.626981 0.709136 0.875414 0.791277 0.757397 0.768689 0.729859 0.577398 0.650771 0.608444 0.635628 0.780477 0.736717 0.521240 0.597209 0.656739 0.591465 0.815210 0.703382 0.875662 0.814168 0.707577 0.714482 0.772014 0.828962 0.757994 0.721531 0.741572 0.778642 0.705839 0.749249 0.852903 0.744868 0.571348 0.577637 0.893457 0.776697 0.609881 0.655409 0.990385 0.892261 0.871358 0.987553 0.684218 0.791459 0.824755 0.770620 0.651912 0.707697 0.800719 0.987093 0.646276 0.724065 0.682357 0.648110 0.969563 0.814351 0.950367 0.832932 0.905317 0.649843 0.896221 0.954293 0.762931 0.888351
0.758171 0.759146 0.932908 0.914174 0.850062 0.729727 0.980037 0.884549 0.872773 0.881638 0.848545 0.745929 0.802317 0.716384 0.832286 0.797373 0.775423 0.829492 0.916992 0.852204 0.956558 0.928882 0.886666 0.925694 0.931834 0.965161 0.953977 0.947826 0.818489 0.864336 0.874524 0.875956 0.917704 0.805326 0.928239 0.769761 0.812372 0.000000 0.894078 0.985494 0.820509 0.986589 0.884819 0.876136 0.922866 0.891439 0.953936 0.882850 0.933496 0.828793 0.784645 0.864642 0.969304 0.959028 0.935170 0.986084 0.687011 0.705923 0.814606 0.806387 0.825016 0.796839 0.749648 0.710865 0.834762 0.862905 0.918576 0.793805 0.988994 0.923017 0.975082 0.957036 0.886192 0.925308 0.962554 0.964425 0.908455 0.724674 0.896026 0.933781 0.938117 0.970989 0.813533 0.988646 0.879198 0.891526 0.739621 0.985021 0.941252 0.972187 0.912887 0.992558 0.968472 0.963042 0.953514 0.831151 0.821920 0.892541 0.830864 0.916922 0.876340 0.911522 0.809183 0.918140 0.948529 0.898157 0.984128 0.884546 0.975028 0.716657 0.957344 0.918128 0.978900 0.909599 0.795551 0.900290
